01/01/2000,SDM,CA,AWP,WE,Federal Contract Tower,0,0,5,0,5,0,1,0,0,1,0,1,5,0,6,28,0,28,34
01/02/2000,SDM,CA,AWP,WE,Federal Contract Tower,0,0,30,0,30,0,0,27,0,27,0,0,57,0,57,113,0,113,170
01/03/2000,SDM,CA,AWP,WE,Federal Contract Tower,0,0,25,0,25,0,0,13,2,15,0,0,38,2,40,277,0,277,317
01/04/2000,SDM,CA,AWP,WE,Federal Contract Tower,0,0,5,0,5,0,0,3,12,15,0,0,8,12,20,153,4,157,177
01/05/2000,SDM,CA,AWP,WE,Federal Contract Tower,0,0,4,0,4,0,1,21,2,24,0,1,25,2,28,205,45,250,278
01/06/2000,SDM,CA,AWP,WE,Federal Contract Tower,1,0,12,0,13,1,2,10,0,13,2,2,22,0,26,271,20,291,317
01/07/2000,SDM,CA,AWP,WE,Federal Contract Tower,0,0,13,0,13,0,0,5,0,5,0,0,18,0,18,277,13,290,308
01/08/2000,SDM,CA,AWP,WE,Federal Contract Tower,0,0,8,0,8,0,0,10,0,10,0,0,18,0,18,270,91,361,379
01/09/2000,SDM,CA,AWP,WE,Federal Contract Tower,0,0,6,0,6,0,0,21,0,21,0,0,27,0,27,384,0,384,411
01/10/2000,SDM,CA,AWP,WE,Federal Contract Tower,0,0,13,0,13,0,0,8,0,8,0,0,21,0,21,229,53,282,303
01/11/2000,SDM,CA,AWP,WE,Federal Contract Tower,0,0,13,0,13,0,0,3,1,4,0,0,16,1,17,190,25,215,232
01/12/2000,SDM,CA,AWP,WE,Federal Contract Tower,0,0,14,0,14,0,0,13,1,14,0,0,27,1,28,223,34,257,285
01/13/2000,SDM,CA,AWP,WE,Federal Contract Tower,0,1,22,0,23,0,0,15,1,16,0,1,37,1,39,206,70,276,315
01/14/2000,SDM,CA,AWP,WE,Federal Contract Tower,0,0,13,0,13,0,0,13,2,15,0,0,26,2,28,142,15,157,185
01/15/2000,SDM,CA,AWP,WE,Federal Contract Tower,0,0,14,0,14,0,0,15,0,15,0,0,29,0,29,401,0,401,430
01/16/2000,SDM,CA,AWP,WE,Federal Contract Tower,0,0,8,0,8,0,0,15,0,15,0,0,23,0,23,178,2,180,203
01/17/2000,SDM,CA,AWP,WE,Federal Contract Tower,0,0,17,0,17,0,0,26,4,30,0,0,43,4,47,186,3,189,236
01/18/2000,SDM,CA,AWP,WE,Federal Contract Tower,0,0,9,0,9,0,0,17,2,19,0,0,26,2,28,239,45,284,312
01/19/2000,SDM,CA,AWP,WE,Federal Contract Tower,0,0,0,0,0,0,1,24,1,26,0,1,24,1,26,220,46,266,292
01/20/2000,SDM,CA,AWP,WE,Federal Contract Tower,0,0,18,0,18,0,0,22,0,22,0,0,40,0,40,209,67,276,316
01/21/2000,SDM,CA,AWP,WE,Federal Contract Tower,0,1,20,0,21,0,0,10,0,10,0,1,30,0,31,176,12,188,219
01/22/2000,SDM,CA,AWP,WE,Federal Contract Tower,0,0,10,0,10,0,0,18,0,18,0,0,28,0,28,421,14,435,463
01/23/2000,SDM,CA,AWP,WE,Federal Contract Tower,0,0,14,0,14,0,0,18,2,20,0,0,32,2,34,322,6,328,362
01/24/2000,SDM,CA,AWP,WE,Federal Contract Tower,0,0,6,0,6,0,0,21,0,21,0,0,27,0,27,373,38,411,438
01/25/2000,SDM,CA,AWP,WE,Federal Contract Tower,0,1,6,0,7,0,0,0,1,1,0,1,6,1,8,39,0,39,47
01/26/2000,SDM,CA,AWP,WE,Federal Contract Tower,0,0,16,0,16,0,0,22,0,22,0,0,38,0,38,234,13,247,285
01/27/2000,SDM,CA,AWP,WE,Federal Contract Tower,0,0,19,1,20,0,0,22,3,25,0,0,41,4,45,274,0,274,319
01/28/2000,SDM,CA,AWP,WE,Federal Contract Tower,0,0,18,0,18,0,0,0,0,0,0,0,18,0,18,337,0,337,355
01/29/2000,SDM,CA,AWP,WE,Federal Contract Tower,0,0,19,0,19,0,0,45,0,45,0,0,64,0,64,447,0,447,511
01/30/2000,SDM,CA,AWP,WE,Federal Contract Tower,0,0,9,0,9,0,0,12,3,15,0,0,21,3,24,332,0,332,356
01/31/2000,SDM,CA,AWP,WE,Federal Contract Tower,0,0,10,0,10,0,0,11,0,11,0,0,21,0,21,184,2,186,207
02/01/2000,SDM,CA,AWP,WE,Federal Contract Tower,0,0,15,0,15,0,0,27,2,29,0,0,42,2,44,270,0,270,314
02/02/2000,SDM,CA,AWP,WE,Federal Contract Tower,0,0,18,0,18,0,0,0,0,0,0,0,18,0,18,115,25,140,158
02/03/2000,SDM,CA,AWP,WE,Federal Contract Tower,0,0,18,0,18,0,0,12,0,12,0,0,30,0,30,253,14,267,297
02/04/2000,SDM,CA,AWP,WE,Federal Contract Tower,0,0,36,0,36,0,0,2,4,6,0,0,38,4,42,207,12,219,261
02/05/2000,SDM,CA,AWP,WE,Federal Contract Tower,0,0,11,0,11,0,0,3,0,3,0,0,14,0,14,141,23,164,178
02/06/2000,SDM,CA,AWP,WE,Federal Contract Tower,0,0,10,0,10,0,0,39,0,39,0,0,49,0,49,190,0,190,239
02/07/2000,SDM,CA,AWP,WE,Federal Contract Tower,0,0,7,0,7,0,0,12,0,12,0,0,19,0,19,105,10,115,134
02/08/2000,SDM,CA,AWP,WE,Federal Contract Tower,0,0,13,0,13,0,0,8,0,8,0,0,21,0,21,164,8,172,193
02/09/2000,SDM,CA,AWP,WE,Federal Contract Tower,0,0,14,0,14,0,0,0,0,0,0,0,14,0,14,129,10,139,153
02/10/2000,SDM,CA,AWP,WE,Federal Contract Tower,0,0,33,0,33,0,0,2,3,5,0,0,35,3,38,128,21,149,187
02/11/2000,SDM,CA,AWP,WE,Federal Contract Tower,0,0,15,0,15,0,0,8,0,8,0,0,23,0,23,266,0,266,289
02/12/2000,SDM,CA,AWP,WE,Federal Contract Tower,0,0,6,0,6,0,0,11,0,11,0,0,17,0,17,237,0,237,254
02/13/2000,SDM,CA,AWP,WE,Federal Contract Tower,0,0,14,0,14,0,0,12,0,12,0,0,26,0,26,229,0,229,255
02/14/2000,SDM,CA,AWP,WE,Federal Contract Tower,0,0,18,0,18,0,0,9,0,9,0,0,27,0,27,59,0,59,86
02/15/2000,SDM,CA,AWP,WE,Federal Contract Tower,0,0,13,1,14,0,0,0,33,33,0,0,13,34,47,130,0,130,177
02/16/2000,SDM,CA,AWP,WE,Federal Contract Tower,0,0,9,1,10,0,0,0,0,0,0,0,9,1,10,145,0,145,155
02/17/2000,SDM,CA,AWP,WE,Federal Contract Tower,0,0,22,1,23,0,0,6,0,6,0,0,28,1,29,199,0,199,228
02/18/2000,SDM,CA,AWP,WE,Federal Contract Tower,0,0,35,1,36,0,0,8,0,8,0,0,43,1,44,193,26,219,263
02/19/2000,SDM,CA,AWP,WE,Federal Contract Tower,0,0,11,0,11,0,0,3,0,3,0,0,14,0,14,338,2,340,354
02/20/2000,SDM,CA,AWP,WE,Federal Contract Tower,0,0,6,0,6,0,0,13,0,13,0,0,19,0,19,0,0,0,19
02/21/2000,SDM,CA,AWP,WE,Federal Contract Tower,0,0,7,0,7,0,0,16,3,19,0,0,23,3,26,28,0,28,54
02/22/2000,SDM,CA,AWP,WE,Federal Contract Tower,0,0,9,0,9,0,1,23,0,24,0,1,32,0,33,186,0,186,219
02/23/2000,SDM,CA,AWP,WE,Federal Contract Tower,0,0,14,0,14,0,0,0,0,0,0,0,14,0,14,45,0,45,59
02/24/2000,SDM,CA,AWP,WE,Federal Contract Tower,0,0,20,0,20,0,0,12,0,12,0,0,32,0,32,122,0,122,154
02/25/2000,SDM,CA,AWP,WE,Federal Contract Tower,0,0,25,0,25,0,0,8,0,8,0,0,33,0,33,235,24,259,292
02/26/2000,SDM,CA,AWP,WE,Federal Contract Tower,0,0,19,0,19,0,0,23,0,23,0,0,42,0,42,395,28,423,465
02/27/2000,SDM,CA,AWP,WE,Federal Contract Tower,0,0,13,0,13,0,0,20,0,20,0,0,33,0,33,112,28,140,173
02/28/2000,SDM,CA,AWP,WE,Federal Contract Tower,0,0,15,0,15,0,0,15,0,15,0,0,30,0,30,248,0,248,278
02/29/2000,SDM,CA,AWP,WE,Federal Contract Tower,0,0,27,0,27,0,2,7,2,11,0,2,34,2,38,247,0,247,285
03/01/2000,SDM,CA,AWP,WE,Federal Contract Tower,0,1,33,0,34,0,0,8,0,8,0,1,41,0,42,224,26,250,292
03/02/2000,SDM,CA,AWP,WE,Federal Contract Tower,0,0,39,0,39,0,0,4,4,8,0,0,43,4,47,143,6,149,196
03/03/2000,SDM,CA,AWP,WE,Federal Contract Tower,0,1,21,0,22,0,0,0,0,0,0,1,21,0,22,95,0,95,117
03/04/2000,SDM,CA,AWP,WE,Federal Contract Tower,0,0,18,0,18,0,0,17,0,17,0,0,35,0,35,356,0,356,391
03/05/2000,SDM,CA,AWP,WE,Federal Contract Tower,0,0,4,0,4,0,0,6,1,7,0,0,10,1,11,14,0,14,25
03/06/2000,SDM,CA,AWP,WE,Federal Contract Tower,0,1,13,0,14,0,0,12,0,12,0,1,25,0,26,189,24,213,239
03/07/2000,SDM,CA,AWP,WE,Federal Contract Tower,0,0,22,0,22,0,0,1,2,3,0,0,23,2,25,61,2,63,88
03/08/2000,SDM,CA,AWP,WE,Federal Contract Tower,0,0,13,0,13,0,0,0,1,1,0,0,13,1,14,40,36,76,90
03/09/2000,SDM,CA,AWP,WE,Federal Contract Tower,0,1,21,0,22,0,4,35,7,46,0,5,56,7,68,315,16,331,399
03/10/2000,SDM,CA,AWP,WE,Federal Contract Tower,0,1,19,0,20,0,0,40,4,44,0,1,59,4,64,353,8,361,425
03/11/2000,SDM,CA,AWP,WE,Federal Contract Tower,0,0,9,0,9,0,0,55,0,55,0,0,64,0,64,345,0,345,409
03/12/2000,SDM,CA,AWP,WE,Federal Contract Tower,0,1,7,0,8,0,1,41,0,42,0,2,48,0,50,229,0,229,279
03/13/2000,SDM,CA,AWP,WE,Federal Contract Tower,0,0,17,0,17,0,0,17,7,24,0,0,34,7,41,199,26,225,266
03/14/2000,SDM,CA,AWP,WE,Federal Contract Tower,0,0,21,0,21,0,0,6,4,10,0,0,27,4,31,177,120,297,328
03/15/2000,SDM,CA,AWP,WE,Federal Contract Tower,0,0,19,0,19,0,0,4,0,4,0,0,23,0,23,94,103,197,220
03/16/2000,SDM,CA,AWP,WE,Federal Contract Tower,0,0,19,0,19,0,0,0,0,0,0,0,19,0,19,24,0,24,43
03/17/2000,SDM,CA,AWP,WE,Federal Contract Tower,0,0,28,1,29,0,0,0,12,12,0,0,28,13,41,64,10,74,115
03/18/2000,SDM,CA,AWP,WE,Federal Contract Tower,0,0,7,1,8,0,0,57,7,64,0,0,64,8,72,345,37,382,454
03/19/2000,SDM,CA,AWP,WE,Federal Contract Tower,0,0,11,1,12,0,0,32,8,40,0,0,43,9,52,279,27,306,358
03/20/2000,SDM,CA,AWP,WE,Federal Contract Tower,0,0,26,1,27,0,0,6,1,7,0,0,32,2,34,141,19,160,194
03/21/2000,SDM,CA,AWP,WE,Federal Contract Tower,0,0,22,1,23,0,0,16,1,17,0,0,38,2,40,227,2,229,269
03/22/2000,SDM,CA,AWP,WE,Federal Contract Tower,0,0,28,1,29,0,0,12,3,15,0,0,40,4,44,298,2,300,344
03/23/2000,SDM,CA,AWP,WE,Federal Contract Tower,0,0,38,1,39,0,0,10,2,12,0,0,48,3,51,303,31,334,385
03/24/2000,SDM,CA,AWP,WE,Federal Contract Tower,0,0,28,1,29,0,0,3,3,6,0,0,31,4,35,250,16,266,301
03/25/2000,SDM,CA,AWP,WE,Federal Contract Tower,0,0,14,0,14,0,0,32,0,32,0,0,46,0,46,310,49,359,405
03/26/2000,SDM,CA,AWP,WE,Federal Contract Tower,0,0,19,0,19,0,0,21,0,21,0,0,40,0,40,306,0,306,346
03/27/2000,SDM,CA,AWP,WE,Federal Contract Tower,0,0,27,0,27,0,0,0,1,1,0,0,27,1,28,194,0,194,222
03/28/2000,SDM,CA,AWP,WE,Federal Contract Tower,0,0,33,0,33,0,0,0,11,11,0,0,33,11,44,279,66,345,389
03/29/2000,SDM,CA,AWP,WE,Federal Contract Tower,0,0,31,0,31,0,0,0,5,5,0,0,31,5,36,384,28,412,448
03/30/2000,SDM,CA,AWP,WE,Federal Contract Tower,0,0,29,0,29,0,0,0,1,1,0,0,29,1,30,122,16,138,168
03/31/2000,SDM,CA,AWP,WE,Federal Contract Tower,0,0,20,0,20,0,0,25,0,25,0,0,45,0,45,224,0,224,269
04/01/2000,SDM,CA,AWP,WE,Federal Contract Tower,0,0,12,0,12,0,0,37,20,57,0,0,49,20,69,281,18,299,368
04/02/2000,SDM,CA,AWP,WE,Federal Contract Tower,0,0,16,0,16,0,0,35,0,35,0,0,51,0,51,287,0,287,338
04/03/2000,SDM,CA,AWP,WE,Federal Contract Tower,0,1,8,0,9,0,0,20,2,22,0,1,28,2,31,287,52,339,370
04/04/2000,SDM,CA,AWP,WE,Federal Contract Tower,0,2,30,0,32,0,3,0,2,5,0,5,30,2,37,256,34,290,327
04/05/2000,SDM,CA,AWP,WE,Federal Contract Tower,0,1,25,0,26,0,0,3,2,5,0,1,28,2,31,138,17,155,186
04/06/2000,SDM,CA,AWP,WE,Federal Contract Tower,0,0,28,0,28,0,0,0,2,2,0,0,28,2,30,201,4,205,235
04/07/2000,SDM,CA,AWP,WE,Federal Contract Tower,0,2,24,0,26,0,3,21,3,27,0,5,45,3,53,214,2,216,269
04/08/2000,SDM,CA,AWP,WE,Federal Contract Tower,0,0,17,0,17,0,0,82,0,82,0,0,99,0,99,261,0,261,360
04/09/2000,SDM,CA,AWP,WE,Federal Contract Tower,0,0,23,0,23,0,0,76,0,76,0,0,99,0,99,300,0,300,399
04/10/2000,SDM,CA,AWP,WE,Federal Contract Tower,0,1,20,0,21,0,3,41,8,52,0,4,61,8,73,312,5,317,390
04/11/2000,SDM,CA,AWP,WE,Federal Contract Tower,0,0,17,0,17,0,0,7,8,15,0,0,24,8,32,242,6,248,280
04/12/2000,SDM,CA,AWP,WE,Federal Contract Tower,0,0,17,0,17,0,0,28,6,34,0,0,45,6,51,278,52,330,381
04/13/2000,SDM,CA,AWP,WE,Federal Contract Tower,0,0,26,0,26,0,0,15,0,15,0,0,41,0,41,211,4,215,256
04/14/2000,SDM,CA,AWP,WE,Federal Contract Tower,0,0,23,0,23,0,0,25,1,26,0,0,48,1,49,172,1,173,222
04/15/2000,SDM,CA,AWP,WE,Federal Contract Tower,0,0,12,1,13,0,0,40,0,40,0,0,52,1,53,301,5,306,359
04/16/2000,SDM,CA,AWP,WE,Federal Contract Tower,0,0,29,0,29,0,0,24,0,24,0,0,53,0,53,250,0,250,303
04/17/2000,SDM,CA,AWP,WE,Federal Contract Tower,0,0,15,0,15,0,0,9,2,11,0,0,24,2,26,62,2,64,90
04/18/2000,SDM,CA,AWP,WE,Federal Contract Tower,0,0,14,0,14,0,0,13,0,13,0,0,27,0,27,133,3,136,163
04/19/2000,SDM,CA,AWP,WE,Federal Contract Tower,0,0,27,0,27,0,0,11,2,13,0,0,38,2,40,348,15,363,403
04/20/2000,SDM,CA,AWP,WE,Federal Contract Tower,0,0,36,0,36,0,0,55,0,55,0,0,91,0,91,313,0,313,404
04/21/2000,SDM,CA,AWP,WE,Federal Contract Tower,0,1,28,0,29,0,1,8,0,9,0,2,36,0,38,123,0,123,161
04/22/2000,SDM,CA,AWP,WE,Federal Contract Tower,0,0,14,0,14,0,0,30,0,30,0,0,44,0,44,230,0,230,274
04/23/2000,SDM,CA,AWP,WE,Federal Contract Tower,0,0,8,0,8,0,0,44,0,44,0,0,52,0,52,233,0,233,285
04/24/2000,SDM,CA,AWP,WE,Federal Contract Tower,0,0,26,0,26,0,0,46,0,46,0,0,72,0,72,327,0,327,399
04/25/2000,SDM,CA,AWP,WE,Federal Contract Tower,0,0,30,0,30,0,0,38,5,43,0,0,68,5,73,363,8,371,444
04/26/2000,SDM,CA,AWP,WE,Federal Contract Tower,0,0,24,0,24,0,2,31,3,36,0,2,55,3,60,338,61,399,459
04/27/2000,SDM,CA,AWP,WE,Federal Contract Tower,0,0,24,0,24,0,0,21,6,27,0,0,45,6,51,252,4,256,307
04/28/2000,SDM,CA,AWP,WE,Federal Contract Tower,0,0,26,0,26,0,0,6,2,8,0,0,32,2,34,191,11,202,236
04/29/2000,SDM,CA,AWP,WE,Federal Contract Tower,0,0,17,0,17,0,0,80,0,80,0,0,97,0,97,329,0,329,426
04/30/2000,SDM,CA,AWP,WE,Federal Contract Tower,0,0,15,0,15,0,1,80,0,81,0,1,95,0,96,462,0,462,558
05/01/2000,SDM,CA,AWP,WE,Federal Contract Tower,0,0,12,0,12,0,0,47,0,47,0,0,59,0,59,306,0,306,365
05/02/2000,SDM,CA,AWP,WE,Federal Contract Tower,0,0,19,0,19,0,0,49,2,51,0,0,68,2,70,374,0,374,444
05/03/2000,SDM,CA,AWP,WE,Federal Contract Tower,0,0,16,0,16,0,0,21,0,21,0,0,37,0,37,216,37,253,290
05/04/2000,SDM,CA,AWP,WE,Federal Contract Tower,0,0,12,0,12,0,0,0,0,0,0,0,12,0,12,43,0,43,55
05/05/2000,SDM,CA,AWP,WE,Federal Contract Tower,0,0,23,0,23,0,0,15,0,15,0,0,38,0,38,122,0,122,160
05/06/2000,SDM,CA,AWP,WE,Federal Contract Tower,0,0,14,0,14,0,0,39,0,39,0,0,53,0,53,356,1,357,410
05/07/2000,SDM,CA,AWP,WE,Federal Contract Tower,0,0,12,0,12,0,0,51,0,51,0,0,63,0,63,413,12,425,488
05/08/2000,SDM,CA,AWP,WE,Federal Contract Tower,0,0,18,1,19,0,0,18,2,20,0,0,36,3,39,153,15,168,207
05/09/2000,SDM,CA,AWP,WE,Federal Contract Tower,0,0,17,0,17,0,0,11,0,11,0,0,28,0,28,199,3,202,230
05/10/2000,SDM,CA,AWP,WE,Federal Contract Tower,0,0,31,0,31,0,0,15,0,15,0,0,46,0,46,270,23,293,339
05/11/2000,SDM,CA,AWP,WE,Federal Contract Tower,0,2,22,0,24,0,2,18,0,20,0,4,40,0,44,321,2,323,367
05/12/2000,SDM,CA,AWP,WE,Federal Contract Tower,0,0,29,0,29,0,0,24,0,24,0,0,53,0,53,271,0,271,324
05/13/2000,SDM,CA,AWP,WE,Federal Contract Tower,0,0,10,0,10,0,0,69,0,69,0,0,79,0,79,369,4,373,452
05/14/2000,SDM,CA,AWP,WE,Federal Contract Tower,0,0,9,0,9,0,0,38,0,38,0,0,47,0,47,390,0,390,437
05/15/2000,SDM,CA,AWP,WE,Federal Contract Tower,0,0,14,0,14,0,0,44,2,46,0,0,58,2,60,297,9,306,366
05/16/2000,SDM,CA,AWP,WE,Federal Contract Tower,0,1,14,0,15,0,0,18,0,18,0,1,32,0,33,280,0,280,313
05/17/2000,SDM,CA,AWP,WE,Federal Contract Tower,0,1,19,0,20,0,0,35,2,37,0,1,54,2,57,343,0,343,400
05/18/2000,SDM,CA,AWP,WE,Federal Contract Tower,0,0,21,0,21,0,0,48,0,48,0,0,69,0,69,286,0,286,355
05/19/2000,SDM,CA,AWP,WE,Federal Contract Tower,0,0,26,0,26,0,0,31,2,33,0,0,57,2,59,224,2,226,285
05/20/2000,SDM,CA,AWP,WE,Federal Contract Tower,0,0,9,0,9,0,0,76,0,76,0,0,85,0,85,324,30,354,439
05/21/2000,SDM,CA,AWP,WE,Federal Contract Tower,0,0,13,0,13,0,0,37,0,37,0,0,50,0,50,198,0,198,248
05/22/2000,SDM,CA,AWP,WE,Federal Contract Tower,0,1,11,0,12,0,0,22,0,22,0,1,33,0,34,169,0,169,203
05/23/2000,SDM,CA,AWP,WE,Federal Contract Tower,0,0,27,0,27,0,0,4,0,4,0,0,31,0,31,44,0,44,75
05/24/2000,SDM,CA,AWP,WE,Federal Contract Tower,0,0,13,0,13,0,0,0,0,0,0,0,13,0,13,56,38,94,107
05/25/2000,SDM,CA,AWP,WE,Federal Contract Tower,0,0,27,0,27,0,0,0,0,0,0,0,27,0,27,134,0,134,161
05/26/2000,SDM,CA,AWP,WE,Federal Contract Tower,0,2,27,0,29,0,0,29,2,31,0,2,56,2,60,175,2,177,237
05/27/2000,SDM,CA,AWP,WE,Federal Contract Tower,0,0,11,0,11,0,0,28,6,34,0,0,39,6,45,325,6,331,376
05/28/2000,SDM,CA,AWP,WE,Federal Contract Tower,0,0,4,0,4,0,0,34,0,34,0,0,38,0,38,286,0,286,324
05/29/2000,SDM,CA,AWP,WE,Federal Contract Tower,0,0,21,0,21,0,0,50,2,52,0,0,71,2,73,368,3,371,444
05/30/2000,SDM,CA,AWP,WE,Federal Contract Tower,0,0,0,0,0,0,1,26,5,32,0,1,26,5,32,289,3,292,324
05/31/2000,SDM,CA,AWP,WE,Federal Contract Tower,0,0,18,0,18,0,0,33,2,35,0,0,51,2,53,280,6,286,339
06/01/2000,SDM,CA,AWP,WE,Federal Contract Tower,0,0,23,1,24,0,0,35,1,36,0,0,58,2,60,356,6,362,422
06/02/2000,SDM,CA,AWP,WE,Federal Contract Tower,0,2,24,0,26,0,7,46,0,53,0,9,70,0,79,324,0,324,403
06/03/2000,SDM,CA,AWP,WE,Federal Contract Tower,0,0,21,1,22,0,0,73,0,73,0,0,94,1,95,393,3,396,491
06/04/2000,SDM,CA,AWP,WE,Federal Contract Tower,0,0,15,0,15,0,0,51,0,51,0,0,66,0,66,373,0,373,439
06/05/2000,SDM,CA,AWP,WE,Federal Contract Tower,0,0,9,1,10,0,0,44,0,44,0,0,53,1,54,346,6,352,406
06/06/2000,SDM,CA,AWP,WE,Federal Contract Tower,0,0,12,1,13,0,0,39,2,41,0,0,51,3,54,307,23,330,384
06/07/2000,SDM,CA,AWP,WE,Federal Contract Tower,0,2,23,0,25,0,0,35,0,35,0,2,58,0,60,285,15,300,360
06/08/2000,SDM,CA,AWP,WE,Federal Contract Tower,0,1,13,0,14,0,0,34,0,34,0,1,47,0,48,173,12,185,233
06/09/2000,SDM,CA,AWP,WE,Federal Contract Tower,0,0,24,0,24,0,0,48,0,48,0,0,72,0,72,312,0,312,384
06/10/2000,SDM,CA,AWP,WE,Federal Contract Tower,0,0,8,0,8,0,0,86,0,86,0,0,94,0,94,411,0,411,505
06/11/2000,SDM,CA,AWP,WE,Federal Contract Tower,0,0,4,0,4,0,0,43,0,43,0,0,47,0,47,274,0,274,321
06/12/2000,SDM,CA,AWP,WE,Federal Contract Tower,0,1,11,1,13,0,1,73,0,74,0,2,84,1,87,275,4,279,366
06/13/2000,SDM,CA,AWP,WE,Federal Contract Tower,0,0,26,1,27,0,0,21,3,24,0,0,47,4,51,267,20,287,338
06/14/2000,SDM,CA,AWP,WE,Federal Contract Tower,0,0,19,0,19,0,0,5,0,5,0,0,24,0,24,116,3,119,143
06/15/2000,SDM,CA,AWP,WE,Federal Contract Tower,0,3,21,0,24,0,4,19,0,23,0,7,40,0,47,189,0,189,236
06/16/2000,SDM,CA,AWP,WE,Federal Contract Tower,0,0,21,1,22,0,0,26,0,26,0,0,47,1,48,197,17,214,262
06/17/2000,SDM,CA,AWP,WE,Federal Contract Tower,0,0,13,0,13,0,0,26,0,26,0,0,39,0,39,219,0,219,258
06/18/2000,SDM,CA,AWP,WE,Federal Contract Tower,0,0,9,0,9,0,0,38,0,38,0,0,47,0,47,243,0,243,290
06/19/2000,SDM,CA,AWP,WE,Federal Contract Tower,0,0,8,0,8,0,2,33,0,35,0,2,41,0,43,315,22,337,380
06/20/2000,SDM,CA,AWP,WE,Federal Contract Tower,0,0,23,0,23,0,0,67,0,67,0,0,90,0,90,359,0,359,449
06/21/2000,SDM,CA,AWP,WE,Federal Contract Tower,0,0,29,1,30,0,0,3,1,4,0,0,32,2,34,209,14,223,257
06/22/2000,SDM,CA,AWP,WE,Federal Contract Tower,0,0,14,0,14,0,0,55,1,56,0,0,69,1,70,291,8,299,369
06/23/2000,SDM,CA,AWP,WE,Federal Contract Tower,0,0,19,0,19,0,0,41,0,41,0,0,60,0,60,157,0,157,217
06/24/2000,SDM,CA,AWP,WE,Federal Contract Tower,0,0,8,0,8,0,0,49,1,50,0,0,57,1,58,256,4,260,318
06/25/2000,SDM,CA,AWP,WE,Federal Contract Tower,0,0,10,0,10,0,0,24,0,24,0,0,34,0,34,76,0,76,110
06/26/2000,SDM,CA,AWP,WE,Federal Contract Tower,0,0,10,0,10,0,0,41,1,42,0,0,51,1,52,279,14,293,345
06/27/2000,SDM,CA,AWP,WE,Federal Contract Tower,0,0,25,0,25,0,0,22,0,22,0,0,47,0,47,285,8,293,340
06/28/2000,SDM,CA,AWP,WE,Federal Contract Tower,0,0,23,0,23,0,0,17,0,17,0,0,40,0,40,193,8,201,241
06/29/2000,SDM,CA,AWP,WE,Federal Contract Tower,0,0,23,0,23,0,0,36,0,36,0,0,59,0,59,245,1,246,305
06/30/2000,SDM,CA,AWP,WE,Federal Contract Tower,0,0,19,0,19,0,0,23,1,24,0,0,42,1,43,201,6,207,250
07/01/2000,SDM,CA,AWP,WE,Federal Contract Tower,0,0,20,0,20,0,0,53,0,53,0,0,73,0,73,288,0,288,361
07/02/2000,SDM,CA,AWP,WE,Federal Contract Tower,0,0,6,0,6,0,0,36,0,36,0,0,42,0,42,217,0,217,259
07/03/2000,SDM,CA,AWP,WE,Federal Contract Tower,0,0,15,0,15,0,0,46,0,46,0,0,61,0,61,215,1,216,277
07/04/2000,SDM,CA,AWP,WE,Federal Contract Tower,0,0,10,0,10,0,0,28,1,29,0,0,38,1,39,58,1,59,98
07/05/2000,SDM,CA,AWP,WE,Federal Contract Tower,0,0,16,0,16,0,0,29,2,31,0,0,45,2,47,200,12,212,259
07/06/2000,SDM,CA,AWP,WE,Federal Contract Tower,0,0,12,0,12,0,0,51,0,51,0,0,63,0,63,319,0,319,382
07/07/2000,SDM,CA,AWP,WE,Federal Contract Tower,0,1,16,0,17,0,0,36,0,36,0,1,52,0,53,285,0,285,338
07/08/2000,SDM,CA,AWP,WE,Federal Contract Tower,0,0,8,0,8,0,0,81,0,81,0,0,89,0,89,446,0,446,535
07/09/2000,SDM,CA,AWP,WE,Federal Contract Tower,0,0,6,0,6,0,0,77,0,77,0,0,83,0,83,289,0,289,372
07/10/2000,SDM,CA,AWP,WE,Federal Contract Tower,0,0,9,0,9,0,0,18,0,18,0,0,27,0,27,331,0,331,358
07/11/2000,SDM,CA,AWP,WE,Federal Contract Tower,0,0,21,0,21,0,0,22,0,22,0,0,43,0,43,220,8,228,271
07/12/2000,SDM,CA,AWP,WE,Federal Contract Tower,0,0,28,0,28,0,0,31,0,31,0,0,59,0,59,224,0,224,283
07/13/2000,SDM,CA,AWP,WE,Federal Contract Tower,0,2,23,0,25,0,0,39,0,39,0,2,62,0,64,411,0,411,475
07/14/2000,SDM,CA,AWP,WE,Federal Contract Tower,0,2,15,0,17,0,0,43,0,43,0,2,58,0,60,283,0,283,343
07/15/2000,SDM,CA,AWP,WE,Federal Contract Tower,0,0,9,0,9,0,0,49,1,50,0,0,58,1,59,321,14,335,394
07/16/2000,SDM,CA,AWP,WE,Federal Contract Tower,0,0,8,0,8,0,0,66,0,66,0,0,74,0,74,393,0,393,467
07/17/2000,SDM,CA,AWP,WE,Federal Contract Tower,0,0,10,0,10,0,0,26,1,27,0,0,36,1,37,289,2,291,328
07/18/2000,SDM,CA,AWP,WE,Federal Contract Tower,0,0,17,0,17,0,0,20,0,20,0,0,37,0,37,433,0,433,470
07/19/2000,SDM,CA,AWP,WE,Federal Contract Tower,0,0,17,1,18,0,0,25,1,26,0,0,42,2,44,334,48,382,426
07/20/2000,SDM,CA,AWP,WE,Federal Contract Tower,0,1,23,0,24,0,0,30,0,30,0,1,53,0,54,282,22,304,358
07/21/2000,SDM,CA,AWP,WE,Federal Contract Tower,0,0,22,0,22,0,0,28,0,28,0,0,50,0,50,146,0,146,196
07/22/2000,SDM,CA,AWP,WE,Federal Contract Tower,0,0,8,0,8,0,0,36,0,36,0,0,44,0,44,310,0,310,354
07/23/2000,SDM,CA,AWP,WE,Federal Contract Tower,0,0,6,0,6,0,0,52,0,52,0,0,58,0,58,468,0,468,526
07/24/2000,SDM,CA,AWP,WE,Federal Contract Tower,0,0,9,0,9,0,0,27,0,27,0,0,36,0,36,345,0,345,381
07/25/2000,SDM,CA,AWP,WE,Federal Contract Tower,0,0,28,0,28,0,0,5,4,9,0,0,33,4,37,314,4,318,355
07/26/2000,SDM,CA,AWP,WE,Federal Contract Tower,0,0,20,0,20,0,0,22,0,22,0,0,42,0,42,289,0,289,331
07/27/2000,SDM,CA,AWP,WE,Federal Contract Tower,0,0,20,0,20,0,0,38,0,38,0,0,58,0,58,297,0,297,355
07/28/2000,SDM,CA,AWP,WE,Federal Contract Tower,0,0,25,0,25,0,0,36,0,36,0,0,61,0,61,265,2,267,328
07/29/2000,SDM,CA,AWP,WE,Federal Contract Tower,0,0,10,0,10,0,0,18,0,18,0,0,28,0,28,217,12,229,257
07/30/2000,SDM,CA,AWP,WE,Federal Contract Tower,0,0,10,0,10,0,0,34,0,34,0,0,44,0,44,269,0,269,313
07/31/2000,SDM,CA,AWP,WE,Federal Contract Tower,0,0,8,0,8,0,0,23,0,23,0,0,31,0,31,277,9,286,317
08/01/2000,SDM,CA,AWP,WE,Federal Contract Tower,0,0,24,0,24,0,0,17,6,23,0,0,41,6,47,284,22,306,353
08/02/2000,SDM,CA,AWP,WE,Federal Contract Tower,0,0,0,0,0,0,0,17,0,17,0,0,17,0,17,122,31,153,170
08/03/2000,SDM,CA,AWP,WE,Federal Contract Tower,0,2,25,0,27,0,0,53,3,56,0,2,78,3,83,341,6,347,430
08/04/2000,SDM,CA,AWP,WE,Federal Contract Tower,0,0,17,0,17,0,0,44,1,45,0,0,61,1,62,344,16,360,422
08/05/2000,SDM,CA,AWP,WE,Federal Contract Tower,0,0,9,0,9,0,0,43,1,44,0,0,52,1,53,325,39,364,417
08/06/2000,SDM,CA,AWP,WE,Federal Contract Tower,0,0,9,0,9,0,0,16,0,16,0,0,25,0,25,231,0,231,256
08/07/2000,SDM,CA,AWP,WE,Federal Contract Tower,0,1,10,0,11,0,0,38,0,38,0,1,48,0,49,319,10,329,378
08/08/2000,SDM,CA,AWP,WE,Federal Contract Tower,0,0,21,0,21,0,0,22,0,22,0,0,43,0,43,414,2,416,459
08/09/2000,SDM,CA,AWP,WE,Federal Contract Tower,0,0,15,0,15,0,0,29,0,29,0,0,44,0,44,317,3,320,364
08/10/2000,SDM,CA,AWP,WE,Federal Contract Tower,0,4,25,0,29,0,0,65,0,65,0,4,90,0,94,389,0,389,483
08/11/2000,SDM,CA,AWP,WE,Federal Contract Tower,0,0,11,0,11,0,0,100,0,100,0,0,111,0,111,404,27,431,542
08/12/2000,SDM,CA,AWP,WE,Federal Contract Tower,0,0,6,0,6,0,0,51,0,51,0,0,57,0,57,325,0,325,382
08/13/2000,SDM,CA,AWP,WE,Federal Contract Tower,0,0,7,0,7,0,0,32,0,32,0,0,39,0,39,203,0,203,242
08/14/2000,SDM,CA,AWP,WE,Federal Contract Tower,0,0,15,0,15,0,0,10,0,10,0,0,25,0,25,252,1,253,278
08/15/2000,SDM,CA,AWP,WE,Federal Contract Tower,0,0,21,0,21,0,0,17,0,17,0,0,38,0,38,275,3,278,316
08/16/2000,SDM,CA,AWP,WE,Federal Contract Tower,0,0,17,0,17,0,0,32,0,32,0,0,49,0,49,296,9,305,354
08/17/2000,SDM,CA,AWP,WE,Federal Contract Tower,0,0,30,0,30,0,0,45,3,48,0,0,75,3,78,306,16,322,400
08/18/2000,SDM,CA,AWP,WE,Federal Contract Tower,0,0,22,0,22,0,0,16,0,16,0,0,38,0,38,201,19,220,258
08/19/2000,SDM,CA,AWP,WE,Federal Contract Tower,0,0,9,0,9,0,0,27,0,27,0,0,36,0,36,276,0,276,312
08/20/2000,SDM,CA,AWP,WE,Federal Contract Tower,0,0,10,0,10,0,0,12,0,12,0,0,22,0,22,329,0,329,351
08/21/2000,SDM,CA,AWP,WE,Federal Contract Tower,0,0,15,0,15,0,0,6,0,6,0,0,21,0,21,286,0,286,307
08/22/2000,SDM,CA,AWP,WE,Federal Contract Tower,0,0,24,0,24,0,0,23,2,25,0,0,47,2,49,291,6,297,346
08/23/2000,SDM,CA,AWP,WE,Federal Contract Tower,0,0,21,0,21,0,0,29,0,29,0,0,50,0,50,333,30,363,413
08/24/2000,SDM,CA,AWP,WE,Federal Contract Tower,0,2,23,0,25,0,0,32,0,32,0,2,55,0,57,283,9,292,349
08/25/2000,SDM,CA,AWP,WE,Federal Contract Tower,0,0,21,0,21,0,0,28,0,28,0,0,49,0,49,247,10,257,306
08/26/2000,SDM,CA,AWP,WE,Federal Contract Tower,0,0,7,0,7,0,0,12,0,12,0,0,19,0,19,303,0,303,322
08/27/2000,SDM,CA,AWP,WE,Federal Contract Tower,0,0,10,0,10,0,0,22,0,22,0,0,32,0,32,171,0,171,203
08/28/2000,SDM,CA,AWP,WE,Federal Contract Tower,0,0,9,0,9,0,0,9,0,9,0,0,18,0,18,184,0,184,202
08/29/2000,SDM,CA,AWP,WE,Federal Contract Tower,0,0,3,0,3,0,0,0,0,0,0,0,3,0,3,2,0,2,5
08/30/2000,SDM,CA,AWP,WE,Federal Contract Tower,0,0,17,0,17,0,0,4,1,5,0,0,21,1,22,276,1,277,299
08/31/2000,SDM,CA,AWP,WE,Federal Contract Tower,0,2,29,0,31,0,0,53,0,53,0,2,82,0,84,380,2,382,466
09/01/2000,SDM,CA,AWP,WE,Federal Contract Tower,0,0,23,0,23,0,0,19,0,19,0,0,42,0,42,249,0,249,291
09/02/2000,SDM,CA,AWP,WE,Federal Contract Tower,0,0,17,0,17,0,0,40,0,40,0,0,57,0,57,267,0,267,324
09/03/2000,SDM,CA,AWP,WE,Federal Contract Tower,0,0,5,0,5,0,0,31,0,31,0,0,36,0,36,145,1,146,182
09/04/2000,SDM,CA,AWP,WE,Federal Contract Tower,0,0,20,0,20,0,0,30,0,30,0,0,50,0,50,361,0,361,411
09/05/2000,SDM,CA,AWP,WE,Federal Contract Tower,0,0,14,0,14,0,0,16,0,16,0,0,30,0,30,289,0,289,319
09/06/2000,SDM,CA,AWP,WE,Federal Contract Tower,0,0,23,0,23,0,0,56,0,56,0,0,79,0,79,316,34,350,429
09/07/2000,SDM,CA,AWP,WE,Federal Contract Tower,0,2,17,0,19,0,0,22,0,22,0,2,39,0,41,224,0,224,265
09/08/2000,SDM,CA,AWP,WE,Federal Contract Tower,0,2,12,0,14,0,0,27,3,30,0,2,39,3,44,222,8,230,274
09/09/2000,SDM,CA,AWP,WE,Federal Contract Tower,0,0,24,0,24,0,0,18,0,18,0,0,42,0,42,229,1,230,272
09/10/2000,SDM,CA,AWP,WE,Federal Contract Tower,0,0,9,0,9,0,0,17,0,17,0,0,26,0,26,235,0,235,261
09/11/2000,SDM,CA,AWP,WE,Federal Contract Tower,0,0,16,0,16,0,0,13,0,13,0,0,29,0,29,261,0,261,290
09/12/2000,SDM,CA,AWP,WE,Federal Contract Tower,0,0,13,0,13,0,0,15,0,15,0,0,28,0,28,221,0,221,249
09/13/2000,SDM,CA,AWP,WE,Federal Contract Tower,0,0,14,1,15,0,0,44,1,45,0,0,58,2,60,316,0,316,376
09/14/2000,SDM,CA,AWP,WE,Federal Contract Tower,0,2,20,1,23,0,0,10,1,11,0,2,30,2,34,222,30,252,286
09/15/2000,SDM,CA,AWP,WE,Federal Contract Tower,0,0,9,0,9,0,0,22,0,22,0,0,31,0,31,166,0,166,197
09/16/2000,SDM,CA,AWP,WE,Federal Contract Tower,0,0,15,0,15,0,0,40,0,40,0,0,55,0,55,356,1,357,412
09/17/2000,SDM,CA,AWP,WE,Federal Contract Tower,0,0,17,0,17,0,0,11,0,11,0,0,28,0,28,209,0,209,237
09/18/2000,SDM,CA,AWP,WE,Federal Contract Tower,0,0,7,1,8,0,0,24,3,27,0,0,31,4,35,304,34,338,373
09/19/2000,SDM,CA,AWP,WE,Federal Contract Tower,0,0,23,0,23,0,0,13,7,20,0,0,36,7,43,268,56,324,367
09/20/2000,SDM,CA,AWP,WE,Federal Contract Tower,0,0,13,0,13,0,0,10,5,15,0,0,23,5,28,178,18,196,224
09/21/2000,SDM,CA,AWP,WE,Federal Contract Tower,0,2,33,0,35,0,0,3,1,4,0,2,36,1,39,160,0,160,199
09/22/2000,SDM,CA,AWP,WE,Federal Contract Tower,0,0,20,0,20,0,0,20,1,21,0,0,40,1,41,259,0,259,300
09/23/2000,SDM,CA,AWP,WE,Federal Contract Tower,0,0,15,0,15,0,0,28,0,28,0,0,43,0,43,329,0,329,372
09/24/2000,SDM,CA,AWP,WE,Federal Contract Tower,0,0,10,0,10,0,0,22,0,22,0,0,32,0,32,253,0,253,285
09/25/2000,SDM,CA,AWP,WE,Federal Contract Tower,0,0,12,0,12,0,2,32,0,34,0,2,44,0,46,326,19,345,391
09/26/2000,SDM,CA,AWP,WE,Federal Contract Tower,0,0,26,0,26,0,0,13,1,14,0,0,39,1,40,279,4,283,323
09/27/2000,SDM,CA,AWP,WE,Federal Contract Tower,0,0,12,0,12,0,0,0,0,0,0,0,12,0,12,30,36,66,78
09/28/2000,SDM,CA,AWP,WE,Federal Contract Tower,0,2,25,0,27,0,0,18,2,20,0,2,43,2,47,288,16,304,351
09/29/2000,SDM,CA,AWP,WE,Federal Contract Tower,0,0,19,0,19,0,0,23,1,24,0,0,42,1,43,211,4,215,258
09/30/2000,SDM,CA,AWP,WE,Federal Contract Tower,0,0,12,0,12,0,0,24,6,30,0,0,36,6,42,192,20,212,254
10/01/2000,SDM,CA,AWP,WE,Federal Contract Tower,0,0,16,0,16,0,0,33,0,33,0,0,49,0,49,267,0,267,316
10/02/2000,SDM,CA,AWP,WE,Federal Contract Tower,0,1,6,0,7,0,0,22,0,22,0,1,28,0,29,169,0,169,198
10/03/2000,SDM,CA,AWP,WE,Federal Contract Tower,0,0,19,1,20,0,0,0,3,3,0,0,19,4,23,97,1,98,121
10/04/2000,SDM,CA,AWP,WE,Federal Contract Tower,0,0,26,1,27,0,0,0,3,3,0,0,26,4,30,209,12,221,251
10/05/2000,SDM,CA,AWP,WE,Federal Contract Tower,0,0,25,0,25,0,0,0,0,0,0,0,25,0,25,34,0,34,59
10/06/2000,SDM,CA,AWP,WE,Federal Contract Tower,0,0,30,0,30,0,0,4,0,4,0,0,34,0,34,46,0,46,80
10/07/2000,SDM,CA,AWP,WE,Federal Contract Tower,0,0,15,1,16,0,0,53,2,55,0,0,68,3,71,294,0,294,365
10/08/2000,SDM,CA,AWP,WE,Federal Contract Tower,0,0,29,1,30,0,0,22,0,22,0,0,51,1,52,164,0,164,216
10/09/2000,SDM,CA,AWP,WE,Federal Contract Tower,0,0,36,0,36,0,0,27,0,27,0,0,63,0,63,288,5,293,356
10/10/2000,SDM,CA,AWP,WE,Federal Contract Tower,0,0,21,0,21,0,0,5,0,5,0,0,26,0,26,175,0,175,201
10/11/2000,SDM,CA,AWP,WE,Federal Contract Tower,0,1,16,1,18,0,0,33,2,35,0,1,49,3,53,236,41,277,330
10/12/2000,SDM,CA,AWP,WE,Federal Contract Tower,0,0,20,1,21,0,0,48,0,48,0,0,68,1,69,394,1,395,464
10/13/2000,SDM,CA,AWP,WE,Federal Contract Tower,0,2,26,0,28,0,0,54,0,54,0,2,80,0,82,359,0,359,441
10/14/2000,SDM,CA,AWP,WE,Federal Contract Tower,0,0,8,0,8,0,0,17,0,17,0,0,25,0,25,199,0,199,224
10/15/2000,SDM,CA,AWP,WE,Federal Contract Tower,0,0,24,0,24,0,0,38,0,38,0,0,62,0,62,363,0,363,425
10/16/2000,SDM,CA,AWP,WE,Federal Contract Tower,0,0,7,1,8,0,2,23,0,25,0,2,30,1,33,170,12,182,215
10/17/2000,SDM,CA,AWP,WE,Federal Contract Tower,0,0,23,0,23,0,0,9,0,9,0,0,32,0,32,217,53,270,302
10/18/2000,SDM,CA,AWP,WE,Federal Contract Tower,0,0,26,2,28,0,0,19,5,24,0,0,45,7,52,173,10,183,235
10/19/2000,SDM,CA,AWP,WE,Federal Contract Tower,0,0,35,2,37,0,0,21,1,22,0,0,56,3,59,227,39,266,325
10/20/2000,SDM,CA,AWP,WE,Federal Contract Tower,0,0,24,0,24,0,0,27,0,27,0,0,51,0,51,182,0,182,233
10/21/2000,SDM,CA,AWP,WE,Federal Contract Tower,0,0,8,0,8,0,0,22,0,22,0,0,30,0,30,178,0,178,208
10/22/2000,SDM,CA,AWP,WE,Federal Contract Tower,0,0,10,0,10,0,0,32,0,32,0,0,42,0,42,237,0,237,279
10/23/2000,SDM,CA,AWP,WE,Federal Contract Tower,0,0,29,1,30,0,0,71,1,72,0,0,100,2,102,375,27,402,504
10/24/2000,SDM,CA,AWP,WE,Federal Contract Tower,0,0,19,0,19,0,0,31,3,34,0,0,50,3,53,391,2,393,446
10/25/2000,SDM,CA,AWP,WE,Federal Contract Tower,0,0,15,0,15,0,0,28,3,31,0,0,43,3,46,260,15,275,321
10/26/2000,SDM,CA,AWP,WE,Federal Contract Tower,0,2,30,1,33,0,0,30,1,31,0,2,60,2,64,302,0,302,366
10/27/2000,SDM,CA,AWP,WE,Federal Contract Tower,0,0,24,0,24,0,0,15,0,15,0,0,39,0,39,127,0,127,166
10/28/2000,SDM,CA,AWP,WE,Federal Contract Tower,0,0,29,0,29,0,0,9,0,9,0,0,38,0,38,159,0,159,197
10/29/2000,SDM,CA,AWP,WE,Federal Contract Tower,0,0,26,0,26,0,0,24,0,24,0,0,50,0,50,266,0,266,316
10/30/2000,SDM,CA,AWP,WE,Federal Contract Tower,0,0,13,0,13,0,0,24,0,24,0,0,37,0,37,307,0,307,344
10/31/2000,SDM,CA,AWP,WE,Federal Contract Tower,0,0,16,0,16,0,0,14,0,14,0,0,30,0,30,200,0,200,230
11/01/2000,SDM,CA,AWP,WE,Federal Contract Tower,0,0,30,0,30,0,0,39,1,40,0,0,69,1,70,406,14,420,490
11/02/2000,SDM,CA,AWP,WE,Federal Contract Tower,0,2,18,0,20,0,0,49,3,52,0,2,67,3,72,371,46,417,489
11/03/2000,SDM,CA,AWP,WE,Federal Contract Tower,0,0,23,0,23,0,0,28,3,31,0,0,51,3,54,336,8,344,398
11/04/2000,SDM,CA,AWP,WE,Federal Contract Tower,0,0,15,0,15,0,0,19,0,19,0,0,34,0,34,321,0,321,355
11/05/2000,SDM,CA,AWP,WE,Federal Contract Tower,0,0,32,0,32,0,0,5,0,5,0,0,37,0,37,220,0,220,257
11/06/2000,SDM,CA,AWP,WE,Federal Contract Tower,0,0,16,0,16,0,0,14,0,14,0,0,30,0,30,214,0,214,244
11/07/2000,SDM,CA,AWP,WE,Federal Contract Tower,0,0,21,0,21,0,0,20,5,25,0,0,41,5,46,375,28,403,449
11/08/2000,SDM,CA,AWP,WE,Federal Contract Tower,0,0,20,0,20,0,0,47,1,48,0,0,67,1,68,249,31,280,348
11/09/2000,SDM,CA,AWP,WE,Federal Contract Tower,0,0,27,0,27,0,0,6,0,6,0,0,33,0,33,108,0,108,141
11/10/2000,SDM,CA,AWP,WE,Federal Contract Tower,0,0,22,0,22,0,0,6,0,6,0,0,28,0,28,138,0,138,166
11/11/2000,SDM,CA,AWP,WE,Federal Contract Tower,0,0,13,0,13,0,0,42,0,42,0,0,55,0,55,247,0,247,302
11/12/2000,SDM,CA,AWP,WE,Federal Contract Tower,0,0,24,0,24,0,0,33,0,33,0,0,57,0,57,259,0,259,316
11/13/2000,SDM,CA,AWP,WE,Federal Contract Tower,0,0,8,0,8,0,0,41,0,41,0,0,49,0,49,284,0,284,333
11/14/2000,SDM,CA,AWP,WE,Federal Contract Tower,0,0,24,0,24,0,0,10,7,17,0,0,34,7,41,227,6,233,274
11/15/2000,SDM,CA,AWP,WE,Federal Contract Tower,0,0,28,0,28,0,0,58,0,58,0,0,86,0,86,355,11,366,452
11/16/2000,SDM,CA,AWP,WE,Federal Contract Tower,0,0,27,1,28,0,0,31,3,34,0,0,58,4,62,347,7,354,416
11/17/2000,SDM,CA,AWP,WE,Federal Contract Tower,0,0,22,0,22,0,0,25,0,25,0,0,47,0,47,387,0,387,434
11/18/2000,SDM,CA,AWP,WE,Federal Contract Tower,0,0,16,0,16,0,0,35,0,35,0,0,51,0,51,328,0,328,379
11/19/2000,SDM,CA,AWP,WE,Federal Contract Tower,0,0,26,0,26,0,0,38,2,40,0,0,64,2,66,323,16,339,405
11/20/2000,SDM,CA,AWP,WE,Federal Contract Tower,0,0,16,0,16,0,0,41,0,41,0,0,57,0,57,319,36,355,412
11/21/2000,SDM,CA,AWP,WE,Federal Contract Tower,0,0,28,0,28,0,0,50,0,50,0,0,78,0,78,425,0,425,503
11/22/2000,SDM,CA,AWP,WE,Federal Contract Tower,0,0,26,0,26,0,0,57,0,57,0,0,83,0,83,406,0,406,489
11/23/2000,SDM,CA,AWP,WE,Federal Contract Tower,0,0,9,0,9,0,0,25,0,25,0,0,34,0,34,83,0,83,117
11/24/2000,SDM,CA,AWP,WE,Federal Contract Tower,0,0,18,0,18,0,0,30,0,30,0,0,48,0,48,292,0,292,340
11/25/2000,SDM,CA,AWP,WE,Federal Contract Tower,0,0,23,0,23,0,0,57,0,57,0,0,80,0,80,538,0,538,618
11/26/2000,SDM,CA,AWP,WE,Federal Contract Tower,0,0,39,0,39,0,0,40,0,40,0,0,79,0,79,324,2,326,405
11/27/2000,SDM,CA,AWP,WE,Federal Contract Tower,0,0,23,0,23,0,0,38,4,42,0,0,61,4,65,309,34,343,408
11/28/2000,SDM,CA,AWP,WE,Federal Contract Tower,0,0,23,0,23,0,0,58,2,60,0,0,81,2,83,417,108,525,608
11/29/2000,SDM,CA,AWP,WE,Federal Contract Tower,0,1,28,0,29,0,0,27,4,31,0,1,55,4,60,380,37,417,477
11/30/2000,SDM,CA,AWP,WE,Federal Contract Tower,0,0,11,0,11,0,0,16,0,16,0,0,27,0,27,182,0,182,209
12/01/2000,SDM,CA,AWP,WE,Federal Contract Tower,0,2,34,0,36,0,0,4,4,8,0,2,38,4,44,159,38,197,241
12/02/2000,SDM,CA,AWP,WE,Federal Contract Tower,0,0,9,0,9,0,0,19,2,21,0,0,28,2,30,125,15,140,170
12/03/2000,SDM,CA,AWP,WE,Federal Contract Tower,0,0,11,0,11,0,0,45,0,45,0,0,56,0,56,252,0,252,308
12/04/2000,SDM,CA,AWP,WE,Federal Contract Tower,0,0,23,0,23,0,0,56,7,63,0,0,79,7,86,337,31,368,454
12/05/2000,SDM,CA,AWP,WE,Federal Contract Tower,0,0,21,0,21,0,0,73,13,86,0,0,94,13,107,460,90,550,657
12/06/2000,SDM,CA,AWP,WE,Federal Contract Tower,0,0,22,0,22,0,0,40,8,48,0,0,62,8,70,252,29,281,351
12/07/2000,SDM,CA,AWP,WE,Federal Contract Tower,0,4,25,0,29,0,1,34,6,41,0,5,59,6,70,300,26,326,396
12/08/2000,SDM,CA,AWP,WE,Federal Contract Tower,0,0,24,0,24,0,0,5,0,5,0,0,29,0,29,137,0,137,166
12/09/2000,SDM,CA,AWP,WE,Federal Contract Tower,0,0,17,0,17,0,0,24,0,24,0,0,41,0,41,258,0,258,299
12/10/2000,SDM,CA,AWP,WE,Federal Contract Tower,0,0,40,0,40,0,0,38,0,38,0,0,78,0,78,292,0,292,370
12/11/2000,SDM,CA,AWP,WE,Federal Contract Tower,0,0,19,0,19,0,0,46,3,49,0,0,65,3,68,293,22,315,383
12/12/2000,SDM,CA,AWP,WE,Federal Contract Tower,0,0,17,1,18,0,0,0,1,1,0,0,17,2,19,96,2,98,117
12/13/2000,SDM,CA,AWP,WE,Federal Contract Tower,0,0,18,1,19,0,0,43,10,53,0,0,61,11,72,297,18,315,387
12/14/2000,SDM,CA,AWP,WE,Federal Contract Tower,0,0,16,1,17,0,0,48,5,53,0,0,64,6,70,303,21,324,394
12/15/2000,SDM,CA,AWP,WE,Federal Contract Tower,0,1,15,1,17,0,1,74,3,78,0,2,89,4,95,347,6,353,448
12/16/2000,SDM,CA,AWP,WE,Federal Contract Tower,0,0,14,1,15,0,0,44,0,44,0,0,58,1,59,326,0,326,385
12/17/2000,SDM,CA,AWP,WE,Federal Contract Tower,0,0,15,0,15,0,0,43,0,43,0,0,58,0,58,336,0,336,394
12/18/2000,SDM,CA,AWP,WE,Federal Contract Tower,0,0,10,0,10,0,0,29,1,30,0,0,39,1,40,141,1,142,182
12/19/2000,SDM,CA,AWP,WE,Federal Contract Tower,0,0,21,0,21,0,0,38,2,40,0,0,59,2,61,198,119,317,378
12/20/2000,SDM,CA,AWP,WE,Federal Contract Tower,0,0,23,0,23,0,0,43,8,51,0,0,66,8,74,258,18,276,350
12/21/2000,SDM,CA,AWP,WE,Federal Contract Tower,0,2,20,0,22,0,0,52,0,52,0,2,72,0,74,256,0,256,330
12/22/2000,SDM,CA,AWP,WE,Federal Contract Tower,0,3,32,0,35,0,1,20,2,23,0,4,52,2,58,266,0,266,324
12/23/2000,SDM,CA,AWP,WE,Federal Contract Tower,0,0,12,0,12,0,0,29,0,29,0,0,41,0,41,175,0,175,216
12/24/2000,SDM,CA,AWP,WE,Federal Contract Tower,0,0,6,0,6,0,0,25,0,25,0,0,31,0,31,133,0,133,164
12/25/2000,SDM,CA,AWP,WE,Federal Contract Tower,0,0,10,0,10,0,0,24,0,24,0,0,34,0,34,97,0,97,131
12/26/2000,SDM,CA,AWP,WE,Federal Contract Tower,0,0,26,0,26,0,0,31,0,31,0,0,57,0,57,284,0,284,341
12/27/2000,SDM,CA,AWP,WE,Federal Contract Tower,0,0,23,0,23,0,0,25,2,27,0,0,48,2,50,253,36,289,339
12/28/2000,SDM,CA,AWP,WE,Federal Contract Tower,0,0,14,0,14,0,0,71,0,71,0,0,85,0,85,385,0,385,470
12/29/2000,SDM,CA,AWP,WE,Federal Contract Tower,0,0,15,0,15,0,0,36,0,36,0,0,51,0,51,244,0,244,295
12/30/2000,SDM,CA,AWP,WE,Federal Contract Tower,0,0,15,0,15,0,0,33,0,33,0,0,48,0,48,293,0,293,341
12/31/2000,SDM,CA,AWP,WE,Federal Contract Tower,0,0,5,0,5,0,0,48,0,48,0,0,53,0,53,249,0,249,302
01/01/2001,SDM,CA,AWP,WE,Federal Contract Tower,0,0,33,0,33,0,0,25,0,25,0,0,58,0,58,100,0,100,158
01/02/2001,SDM,CA,AWP,WE,Federal Contract Tower,0,0,41,0,41,0,0,44,0,44,0,0,85,0,85,325,0,325,410
01/03/2001,SDM,CA,AWP,WE,Federal Contract Tower,0,2,18,0,20,0,0,22,6,28,0,2,40,6,48,134,58,192,240
01/04/2001,SDM,CA,AWP,WE,Federal Contract Tower,0,3,24,0,27,0,1,38,6,45,0,4,62,6,72,219,50,269,341
01/05/2001,SDM,CA,AWP,WE,Federal Contract Tower,0,0,22,0,22,0,0,16,3,19,0,0,38,3,41,174,8,182,223
01/06/2001,SDM,CA,AWP,WE,Federal Contract Tower,0,0,11,0,11,0,0,26,0,26,0,0,37,0,37,228,0,228,265
01/07/2001,SDM,CA,AWP,WE,Federal Contract Tower,0,0,18,0,18,0,0,28,0,28,0,0,46,0,46,229,0,229,275
01/08/2001,SDM,CA,AWP,WE,Federal Contract Tower,0,0,25,0,25,0,0,0,0,0,0,0,25,0,25,92,0,92,117
01/09/2001,SDM,CA,AWP,WE,Federal Contract Tower,0,0,31,0,31,0,0,25,3,28,0,0,56,3,59,188,12,200,259
01/10/2001,SDM,CA,AWP,WE,Federal Contract Tower,0,0,23,0,23,0,0,14,3,17,0,0,37,3,40,166,40,206,246
01/11/2001,SDM,CA,AWP,WE,Federal Contract Tower,0,1,13,1,15,0,1,0,0,1,0,2,13,1,16,2,8,10,26
01/12/2001,SDM,CA,AWP,WE,Federal Contract Tower,0,1,9,0,10,0,3,0,0,3,0,4,9,0,13,12,0,12,25
01/13/2001,SDM,CA,AWP,WE,Federal Contract Tower,0,0,11,0,11,0,0,31,0,31,0,0,42,0,42,261,0,261,303
01/14/2001,SDM,CA,AWP,WE,Federal Contract Tower,0,0,12,0,12,0,0,36,0,36,0,0,48,0,48,304,0,304,352
01/15/2001,SDM,CA,AWP,WE,Federal Contract Tower,0,0,31,0,31,0,0,2,0,2,0,0,33,0,33,163,0,163,196
01/16/2001,SDM,CA,AWP,WE,Federal Contract Tower,0,0,14,0,14,0,0,41,4,45,0,0,55,4,59,340,32,372,431
01/17/2001,SDM,CA,AWP,WE,Federal Contract Tower,0,0,21,0,21,0,0,27,1,28,0,0,48,1,49,258,6,264,313
01/18/2001,SDM,CA,AWP,WE,Federal Contract Tower,0,2,24,0,26,0,0,70,4,74,0,2,94,4,100,411,16,427,527
01/19/2001,SDM,CA,AWP,WE,Federal Contract Tower,0,2,28,0,30,0,0,21,12,33,0,2,49,12,63,327,11,338,401
01/20/2001,SDM,CA,AWP,WE,Federal Contract Tower,0,0,18,0,18,0,0,41,9,50,0,0,59,9,68,333,8,341,409
01/21/2001,SDM,CA,AWP,WE,Federal Contract Tower,0,0,20,0,20,0,0,59,2,61,0,0,79,2,81,355,7,362,443
01/22/2001,SDM,CA,AWP,WE,Federal Contract Tower,0,0,28,0,28,0,0,25,8,33,0,0,53,8,61,244,7,251,312
01/23/2001,SDM,CA,AWP,WE,Federal Contract Tower,0,1,25,0,26,0,0,36,6,42,0,1,61,6,68,291,65,356,424
01/24/2001,SDM,CA,AWP,WE,Federal Contract Tower,0,1,21,0,22,0,0,8,2,10,0,1,29,2,32,99,1,100,132
01/25/2001,SDM,CA,AWP,WE,Federal Contract Tower,0,2,29,0,31,0,0,54,10,64,0,2,83,10,95,356,14,370,465
01/26/2001,SDM,CA,AWP,WE,Federal Contract Tower,0,1,12,0,13,0,1,0,2,3,0,2,12,2,16,43,2,45,61
01/27/2001,SDM,CA,AWP,WE,Federal Contract Tower,0,0,30,0,30,0,0,8,2,10,0,0,38,2,40,156,0,156,196
01/28/2001,SDM,CA,AWP,WE,Federal Contract Tower,0,0,20,0,20,0,0,40,0,40,0,0,60,0,60,265,0,265,325
01/29/2001,SDM,CA,AWP,WE,Federal Contract Tower,0,0,27,0,27,0,0,31,2,33,0,0,58,2,60,276,4,280,340
01/30/2001,SDM,CA,AWP,WE,Federal Contract Tower,0,0,39,0,39,0,0,31,6,37,0,0,70,6,76,320,34,354,430
01/31/2001,SDM,CA,AWP,WE,Federal Contract Tower,0,0,23,0,23,0,0,52,4,56,0,0,75,4,79,368,11,379,458
02/01/2001,SDM,CA,AWP,WE,Federal Contract Tower,0,2,24,0,26,0,0,43,3,46,0,2,67,3,72,335,32,367,439
02/02/2001,SDM,CA,AWP,WE,Federal Contract Tower,0,3,36,0,39,0,1,24,5,30,0,4,60,5,69,371,4,375,444
02/03/2001,SDM,CA,AWP,WE,Federal Contract Tower,0,0,12,0,12,0,0,45,0,45,0,0,57,0,57,367,0,367,424
02/04/2001,SDM,CA,AWP,WE,Federal Contract Tower,0,0,17,0,17,0,0,42,0,42,0,0,59,0,59,358,0,358,417
02/05/2001,SDM,CA,AWP,WE,Federal Contract Tower,0,1,16,0,17,0,1,26,3,30,0,2,42,3,47,231,0,231,278
02/06/2001,SDM,CA,AWP,WE,Federal Contract Tower,0,0,25,0,25,0,0,10,2,12,0,0,35,2,37,78,16,94,131
02/07/2001,SDM,CA,AWP,WE,Federal Contract Tower,0,0,31,1,32,0,0,11,8,19,0,0,42,9,51,151,71,222,273
02/08/2001,SDM,CA,AWP,WE,Federal Contract Tower,0,2,26,1,29,0,0,41,6,47,0,2,67,7,76,302,18,320,396
02/09/2001,SDM,CA,AWP,WE,Federal Contract Tower,0,2,28,1,31,0,0,53,2,55,0,2,81,3,86,468,32,500,586
02/10/2001,SDM,CA,AWP,WE,Federal Contract Tower,0,0,34,0,34,0,0,19,0,19,0,0,53,0,53,333,0,333,386
02/11/2001,SDM,CA,AWP,WE,Federal Contract Tower,0,0,20,0,20,0,0,28,0,28,0,0,48,0,48,243,0,243,291
02/12/2001,SDM,CA,AWP,WE,Federal Contract Tower,0,0,24,0,24,0,0,28,0,28,0,0,52,0,52,242,0,242,294
02/13/2001,SDM,CA,AWP,WE,Federal Contract Tower,0,0,20,1,21,0,0,9,0,9,0,0,29,1,30,76,12,88,118
02/14/2001,SDM,CA,AWP,WE,Federal Contract Tower,0,0,31,1,32,0,0,26,7,33,0,0,57,8,65,198,42,240,305
02/15/2001,SDM,CA,AWP,WE,Federal Contract Tower,0,1,24,1,26,0,1,29,1,31,0,2,53,2,57,252,18,270,327
02/16/2001,SDM,CA,AWP,WE,Federal Contract Tower,0,2,36,1,39,0,0,23,3,26,0,2,59,4,65,308,6,314,379
02/17/2001,SDM,CA,AWP,WE,Federal Contract Tower,0,0,24,0,24,0,0,26,0,26,0,0,50,0,50,297,0,297,347
02/18/2001,SDM,CA,AWP,WE,Federal Contract Tower,0,0,19,0,19,0,0,45,0,45,0,0,64,0,64,357,0,357,421
02/19/2001,SDM,CA,AWP,WE,Federal Contract Tower,0,0,30,0,30,0,0,21,0,21,0,0,51,0,51,353,0,353,404
02/20/2001,SDM,CA,AWP,WE,Federal Contract Tower,0,0,36,0,36,0,0,63,2,65,0,0,99,2,101,279,10,289,390
02/21/2001,SDM,CA,AWP,WE,Federal Contract Tower,0,0,26,0,26,0,0,53,4,57,0,0,79,4,83,298,7,305,388
02/22/2001,SDM,CA,AWP,WE,Federal Contract Tower,0,2,39,0,41,0,0,17,2,19,0,2,56,2,60,121,2,123,183
02/23/2001,SDM,CA,AWP,WE,Federal Contract Tower,0,1,20,0,21,0,2,8,0,10,0,3,28,0,31,79,0,79,110
02/24/2001,SDM,CA,AWP,WE,Federal Contract Tower,0,0,27,0,27,0,0,36,0,36,0,0,63,0,63,291,0,291,354
02/25/2001,SDM,CA,AWP,WE,Federal Contract Tower,0,0,22,0,22,0,0,14,0,14,0,0,36,0,36,72,0,72,108
02/26/2001,SDM,CA,AWP,WE,Federal Contract Tower,0,0,26,0,26,0,0,17,6,23,0,0,43,6,49,232,31,263,312
02/27/2001,SDM,CA,AWP,WE,Federal Contract Tower,0,0,25,0,25,0,0,11,0,11,0,0,36,0,36,161,0,161,197
02/28/2001,SDM,CA,AWP,WE,Federal Contract Tower,0,0,20,0,20,0,0,13,2,15,0,0,33,2,35,72,10,82,117
03/01/2001,SDM,CA,AWP,WE,Federal Contract Tower,0,2,29,0,31,0,0,52,2,54,0,2,81,2,85,353,6,359,444
03/02/2001,SDM,CA,AWP,WE,Federal Contract Tower,0,3,38,0,41,0,0,22,1,23,0,3,60,1,64,398,4,402,466
03/03/2001,SDM,CA,AWP,WE,Federal Contract Tower,0,0,36,0,36,0,0,53,0,53,0,0,89,0,89,466,0,466,555
03/04/2001,SDM,CA,AWP,WE,Federal Contract Tower,0,1,26,0,27,0,0,41,0,41,0,1,67,0,68,263,0,263,331
03/05/2001,SDM,CA,AWP,WE,Federal Contract Tower,0,0,16,0,16,0,0,38,0,38,0,0,54,0,54,263,0,263,317
03/06/2001,SDM,CA,AWP,WE,Federal Contract Tower,0,0,14,0,14,0,0,6,2,8,0,0,20,2,22,57,15,72,94
03/07/2001,SDM,CA,AWP,WE,Federal Contract Tower,0,0,27,0,27,0,0,21,2,23,0,0,48,2,50,241,2,243,293
03/08/2001,SDM,CA,AWP,WE,Federal Contract Tower,0,2,33,0,35,0,0,46,4,50,0,2,79,4,85,361,25,386,471
03/09/2001,SDM,CA,AWP,WE,Federal Contract Tower,0,2,35,0,37,0,0,8,0,8,0,2,43,0,45,146,0,146,191
03/10/2001,SDM,CA,AWP,WE,Federal Contract Tower,0,0,22,0,22,0,0,28,0,28,0,0,50,0,50,220,0,220,270
03/11/2001,SDM,CA,AWP,WE,Federal Contract Tower,0,0,33,0,33,0,0,31,0,31,0,0,64,0,64,310,0,310,374
03/12/2001,SDM,CA,AWP,WE,Federal Contract Tower,0,0,20,0,20,0,0,59,2,61,0,0,79,2,81,290,9,299,380
03/13/2001,SDM,CA,AWP,WE,Federal Contract Tower,0,0,17,0,17,0,0,48,7,55,0,0,65,7,72,286,26,312,384
03/14/2001,SDM,CA,AWP,WE,Federal Contract Tower,0,1,27,1,29,0,0,58,9,67,0,1,85,10,96,270,43,313,409
03/15/2001,SDM,CA,AWP,WE,Federal Contract Tower,0,2,35,1,38,0,0,17,1,18,0,2,52,2,56,130,42,172,228
03/16/2001,SDM,CA,AWP,WE,Federal Contract Tower,0,0,24,1,25,0,0,32,1,33,0,0,56,2,58,308,19,327,385
03/17/2001,SDM,CA,AWP,WE,Federal Contract Tower,0,0,12,0,12,0,0,47,0,47,0,0,59,0,59,268,0,268,327
03/18/2001,SDM,CA,AWP,WE,Federal Contract Tower,0,0,18,0,18,0,0,63,0,63,0,0,81,0,81,352,0,352,433
03/19/2001,SDM,CA,AWP,WE,Federal Contract Tower,0,0,26,0,26,0,0,50,2,52,0,0,76,2,78,283,3,286,364
03/20/2001,SDM,CA,AWP,WE,Federal Contract Tower,0,0,16,0,16,0,0,50,2,52,0,0,66,2,68,215,38,253,321
03/21/2001,SDM,CA,AWP,WE,Federal Contract Tower,0,0,17,0,17,0,0,8,1,9,0,0,25,1,26,113,11,124,150
03/22/2001,SDM,CA,AWP,WE,Federal Contract Tower,0,0,22,0,22,0,0,53,3,56,0,0,75,3,78,353,11,364,442
03/23/2001,SDM,CA,AWP,WE,Federal Contract Tower,0,2,44,0,46,0,1,39,0,40,0,3,83,0,86,341,0,341,427
03/24/2001,SDM,CA,AWP,WE,Federal Contract Tower,0,0,21,0,21,0,0,27,0,27,0,0,48,0,48,80,0,80,128
03/25/2001,SDM,CA,AWP,WE,Federal Contract Tower,0,0,21,0,21,0,0,64,0,64,0,0,85,0,85,362,0,362,447
03/26/2001,SDM,CA,AWP,WE,Federal Contract Tower,0,2,33,0,35,0,0,33,4,37,0,2,66,4,72,350,2,352,424
03/27/2001,SDM,CA,AWP,WE,Federal Contract Tower,0,1,23,0,24,0,1,36,4,41,0,2,59,4,65,161,9,170,235
03/28/2001,SDM,CA,AWP,WE,Federal Contract Tower,0,1,19,0,20,0,1,5,6,12,0,2,24,6,32,81,17,98,130
03/29/2001,SDM,CA,AWP,WE,Federal Contract Tower,0,0,18,0,18,0,0,11,1,12,0,0,29,1,30,65,0,65,95
03/30/2001,SDM,CA,AWP,WE,Federal Contract Tower,0,0,16,0,16,0,0,51,1,52,0,0,67,1,68,308,1,309,377
03/31/2001,SDM,CA,AWP,WE,Federal Contract Tower,0,0,22,0,22,0,0,25,0,25,0,0,47,0,47,188,0,188,235
04/01/2001,SDM,CA,AWP,WE,Federal Contract Tower,0,0,29,0,29,0,0,22,2,24,0,0,51,2,53,136,60,196,249
04/02/2001,SDM,CA,AWP,WE,Federal Contract Tower,0,2,26,0,28,0,0,25,1,26,0,2,51,1,54,286,20,306,360
04/03/2001,SDM,CA,AWP,WE,Federal Contract Tower,0,2,26,1,29,0,0,54,0,54,0,2,80,1,83,333,8,341,424
04/04/2001,SDM,CA,AWP,WE,Federal Contract Tower,0,2,25,0,27,0,0,51,1,52,0,2,76,1,79,372,0,372,451
04/05/2001,SDM,CA,AWP,WE,Federal Contract Tower,0,2,33,0,35,0,0,67,1,68,0,2,100,1,103,368,8,376,479
04/06/2001,SDM,CA,AWP,WE,Federal Contract Tower,0,0,26,0,26,0,0,42,2,44,0,0,68,2,70,262,19,281,351
04/07/2001,SDM,CA,AWP,WE,Federal Contract Tower,0,2,3,0,5,0,0,2,0,2,0,2,5,0,7,9,0,9,16
04/08/2001,SDM,CA,AWP,WE,Federal Contract Tower,0,0,33,0,33,0,0,65,0,65,0,0,98,0,98,386,0,386,484
04/09/2001,SDM,CA,AWP,WE,Federal Contract Tower,0,2,13,2,17,0,0,38,8,46,0,2,51,10,63,252,24,276,339
04/10/2001,SDM,CA,AWP,WE,Federal Contract Tower,0,2,19,1,22,0,0,52,7,59,0,2,71,8,81,212,18,230,311
04/11/2001,SDM,CA,AWP,WE,Federal Contract Tower,0,0,24,0,24,0,0,24,0,24,0,0,48,0,48,194,0,194,242
04/12/2001,SDM,CA,AWP,WE,Federal Contract Tower,0,0,20,0,20,0,0,58,0,58,0,0,78,0,78,285,0,285,363
04/13/2001,SDM,CA,AWP,WE,Federal Contract Tower,0,2,16,0,18,0,0,66,0,66,0,2,82,0,84,388,0,388,472
04/14/2001,SDM,CA,AWP,WE,Federal Contract Tower,0,0,18,0,18,0,0,66,1,67,0,0,84,1,85,335,0,335,420
04/15/2001,SDM,CA,AWP,WE,Federal Contract Tower,0,0,25,0,25,0,0,55,0,55,0,0,80,0,80,225,0,225,305
04/16/2001,SDM,CA,AWP,WE,Federal Contract Tower,0,2,25,0,27,0,0,68,2,70,0,2,93,2,97,367,8,375,472
04/17/2001,SDM,CA,AWP,WE,Federal Contract Tower,0,1,14,0,15,0,1,92,13,106,0,2,106,13,121,410,0,410,531
04/18/2001,SDM,CA,AWP,WE,Federal Contract Tower,0,0,28,0,28,0,0,41,20,61,0,0,69,20,89,289,8,297,386
04/19/2001,SDM,CA,AWP,WE,Federal Contract Tower,0,1,24,0,25,0,3,28,4,35,0,4,52,4,60,241,21,262,322
04/20/2001,SDM,CA,AWP,WE,Federal Contract Tower,0,0,17,1,18,0,2,89,5,96,0,2,106,6,114,446,18,464,578
04/21/2001,SDM,CA,AWP,WE,Federal Contract Tower,0,0,31,0,31,0,0,24,0,24,0,0,55,0,55,113,0,113,168
04/22/2001,SDM,CA,AWP,WE,Federal Contract Tower,0,0,50,0,50,0,2,48,0,50,0,2,98,0,100,430,1,431,531
04/23/2001,SDM,CA,AWP,WE,Federal Contract Tower,0,2,24,1,27,0,0,49,1,50,0,2,73,2,77,284,18,302,379
04/24/2001,SDM,CA,AWP,WE,Federal Contract Tower,0,1,18,0,19,0,0,74,6,80,0,1,92,6,99,386,20,406,505
04/25/2001,SDM,CA,AWP,WE,Federal Contract Tower,0,2,15,0,17,0,0,60,9,69,0,2,75,9,86,264,95,359,445
04/26/2001,SDM,CA,AWP,WE,Federal Contract Tower,0,1,25,0,26,0,0,47,1,48,0,1,72,1,74,243,8,251,325
04/27/2001,SDM,CA,AWP,WE,Federal Contract Tower,0,1,17,0,18,0,0,29,0,29,0,1,46,0,47,186,0,186,233
04/28/2001,SDM,CA,AWP,WE,Federal Contract Tower,0,0,21,0,21,0,0,45,0,45,0,0,66,0,66,342,0,342,408
04/29/2001,SDM,CA,AWP,WE,Federal Contract Tower,0,0,37,1,38,0,0,38,0,38,0,0,75,1,76,325,1,326,402
04/30/2001,SDM,CA,AWP,WE,Federal Contract Tower,0,2,24,0,26,0,0,27,2,29,0,2,51,2,55,250,16,266,321
05/01/2001,SDM,CA,AWP,WE,Federal Contract Tower,0,0,21,0,21,0,0,25,1,26,0,0,46,1,47,142,7,149,196
05/02/2001,SDM,CA,AWP,WE,Federal Contract Tower,0,0,14,0,14,0,0,32,0,32,0,0,46,0,46,162,2,164,210
05/03/2001,SDM,CA,AWP,WE,Federal Contract Tower,0,1,19,1,21,0,0,54,1,55,0,1,73,2,76,465,6,471,547
05/04/2001,SDM,CA,AWP,WE,Federal Contract Tower,0,0,11,1,12,0,1,58,0,59,0,1,69,1,71,360,0,360,431
05/05/2001,SDM,CA,AWP,WE,Federal Contract Tower,0,0,17,1,18,0,0,69,1,70,0,0,86,2,88,408,2,410,498
05/06/2001,SDM,CA,AWP,WE,Federal Contract Tower,0,0,31,0,31,0,0,43,0,43,0,0,74,0,74,375,0,375,449
05/07/2001,SDM,CA,AWP,WE,Federal Contract Tower,0,0,24,0,24,0,3,39,3,45,0,3,63,3,69,308,9,317,386
05/08/2001,SDM,CA,AWP,WE,Federal Contract Tower,0,0,21,0,21,0,0,77,16,93,0,0,98,16,114,405,174,579,693
05/09/2001,SDM,CA,AWP,WE,Federal Contract Tower,0,0,12,1,13,0,0,56,6,62,0,0,68,7,75,285,19,304,379
05/10/2001,SDM,CA,AWP,WE,Federal Contract Tower,0,0,15,0,15,0,1,31,6,38,0,1,46,6,53,202,6,208,261
05/11/2001,SDM,CA,AWP,WE,Federal Contract Tower,0,1,12,0,13,0,0,23,2,25,0,1,35,2,38,92,35,127,165
05/12/2001,SDM,CA,AWP,WE,Federal Contract Tower,0,1,22,0,23,0,0,8,0,8,0,1,30,0,31,66,0,66,97
05/13/2001,SDM,CA,AWP,WE,Federal Contract Tower,0,0,25,0,25,0,0,25,0,25,0,0,50,0,50,193,0,193,243
05/14/2001,SDM,CA,AWP,WE,Federal Contract Tower,0,2,39,3,44,0,0,21,0,21,0,2,60,3,65,359,1,360,425
05/15/2001,SDM,CA,AWP,WE,Federal Contract Tower,0,0,24,0,24,0,0,42,1,43,0,0,66,1,67,228,20,248,315
05/16/2001,SDM,CA,AWP,WE,Federal Contract Tower,0,2,33,0,35,0,0,65,2,67,0,2,98,2,102,375,36,411,513
05/17/2001,SDM,CA,AWP,WE,Federal Contract Tower,0,3,16,0,19,0,0,43,5,48,0,3,59,5,67,379,13,392,459
05/18/2001,SDM,CA,AWP,WE,Federal Contract Tower,0,4,18,0,22,0,0,49,3,52,0,4,67,3,74,316,2,318,392
05/19/2001,SDM,CA,AWP,WE,Federal Contract Tower,0,0,24,1,25,0,0,11,0,11,0,0,35,1,36,107,1,108,144
05/20/2001,SDM,CA,AWP,WE,Federal Contract Tower,0,0,36,0,36,0,0,25,0,25,0,0,61,0,61,227,0,227,288
05/21/2001,SDM,CA,AWP,WE,Federal Contract Tower,0,2,39,0,41,0,3,7,0,10,0,5,46,0,51,150,0,150,201
05/22/2001,SDM,CA,AWP,WE,Federal Contract Tower,0,0,30,0,30,0,0,49,2,51,0,0,79,2,81,287,1,288,369
05/23/2001,SDM,CA,AWP,WE,Federal Contract Tower,0,0,36,0,36,0,0,55,4,59,0,0,91,4,95,344,19,363,458
05/24/2001,SDM,CA,AWP,WE,Federal Contract Tower,0,0,17,0,17,2,2,30,7,41,2,2,47,7,58,203,6,209,267
05/25/2001,SDM,CA,AWP,WE,Federal Contract Tower,0,2,18,0,20,0,0,0,0,0,0,2,18,0,20,7,0,7,27
05/26/2001,SDM,CA,AWP,WE,Federal Contract Tower,0,0,16,0,16,0,0,0,0,0,0,0,16,0,16,26,0,26,42
05/27/2001,SDM,CA,AWP,WE,Federal Contract Tower,0,2,17,0,19,0,0,1,0,1,0,2,18,0,20,12,0,12,32
05/28/2001,SDM,CA,AWP,WE,Federal Contract Tower,0,0,59,1,60,0,2,21,0,23,0,2,80,1,83,292,0,292,375
05/29/2001,SDM,CA,AWP,WE,Federal Contract Tower,0,8,20,0,28,0,0,58,2,60,0,8,78,2,88,380,6,386,474
05/30/2001,SDM,CA,AWP,WE,Federal Contract Tower,0,2,16,0,18,0,0,53,1,54,0,2,69,1,72,330,12,342,414
05/31/2001,SDM,CA,AWP,WE,Federal Contract Tower,0,0,4,0,4,0,0,22,0,22,0,0,26,0,26,130,0,130,156
06/01/2001,SDM,CA,AWP,WE,Federal Contract Tower,0,1,5,0,6,0,0,30,1,31,0,1,35,1,37,120,37,157,194
06/02/2001,SDM,CA,AWP,WE,Federal Contract Tower,0,2,20,0,22,0,0,23,1,24,0,2,43,1,46,61,1,62,108
06/03/2001,SDM,CA,AWP,WE,Federal Contract Tower,0,0,18,0,18,0,0,36,0,36,0,0,54,0,54,308,0,308,362
06/04/2001,SDM,CA,AWP,WE,Federal Contract Tower,0,2,17,0,19,0,0,61,4,65,0,2,78,4,84,378,23,401,485
06/05/2001,SDM,CA,AWP,WE,Federal Contract Tower,0,3,17,0,20,0,0,43,5,48,0,3,60,5,68,330,22,352,420
06/06/2001,SDM,CA,AWP,WE,Federal Contract Tower,0,0,25,0,25,0,0,35,1,36,0,0,60,1,61,202,2,204,265
06/07/2001,SDM,CA,AWP,WE,Federal Contract Tower,0,1,15,0,16,0,1,54,3,58,0,2,69,3,74,328,6,334,408
06/08/2001,SDM,CA,AWP,WE,Federal Contract Tower,0,0,25,0,25,0,0,19,1,20,0,0,44,1,45,270,28,298,343
06/09/2001,SDM,CA,AWP,WE,Federal Contract Tower,0,0,16,0,16,0,0,55,0,55,0,0,71,0,71,394,0,394,465
06/10/2001,SDM,CA,AWP,WE,Federal Contract Tower,0,0,26,0,26,0,0,51,0,51,0,0,77,0,77,309,0,309,386
06/11/2001,SDM,CA,AWP,WE,Federal Contract Tower,0,2,22,0,24,0,0,38,2,40,0,2,60,2,64,308,17,325,389
06/12/2001,SDM,CA,AWP,WE,Federal Contract Tower,0,2,18,0,20,0,0,53,1,54,0,2,71,1,74,281,14,295,369
06/13/2001,SDM,CA,AWP,WE,Federal Contract Tower,0,2,32,0,34,0,0,52,2,54,0,2,84,2,88,285,12,297,385
06/14/2001,SDM,CA,AWP,WE,Federal Contract Tower,0,2,16,0,18,0,0,52,8,60,0,2,68,8,78,401,41,442,520
06/15/2001,SDM,CA,AWP,WE,Federal Contract Tower,0,3,22,1,26,0,0,34,2,36,0,3,56,3,62,286,61,347,409
06/16/2001,SDM,CA,AWP,WE,Federal Contract Tower,0,0,12,1,13,0,0,55,0,55,0,0,67,1,68,319,10,329,397
06/17/2001,SDM,CA,AWP,WE,Federal Contract Tower,0,0,17,0,17,0,0,30,0,30,0,0,47,0,47,247,0,247,294
06/18/2001,SDM,CA,AWP,WE,Federal Contract Tower,0,3,12,0,15,0,0,65,0,65,0,3,77,0,80,375,0,375,455
06/19/2001,SDM,CA,AWP,WE,Federal Contract Tower,0,1,21,0,22,0,0,59,10,69,0,1,80,10,91,393,36,429,520
06/20/2001,SDM,CA,AWP,WE,Federal Contract Tower,0,0,18,0,18,0,0,57,11,68,0,0,75,11,86,392,0,392,478
06/21/2001,SDM,CA,AWP,WE,Federal Contract Tower,0,0,21,0,21,0,0,43,3,46,0,0,64,3,67,401,33,434,501
06/22/2001,SDM,CA,AWP,WE,Federal Contract Tower,0,2,27,1,30,0,0,42,1,43,0,2,69,2,73,310,5,315,388
06/23/2001,SDM,CA,AWP,WE,Federal Contract Tower,0,1,10,2,13,0,0,69,5,74,0,1,79,7,87,381,7,388,475
06/24/2001,SDM,CA,AWP,WE,Federal Contract Tower,0,3,32,0,35,0,0,44,2,46,0,3,76,2,81,458,65,523,604
06/25/2001,SDM,CA,AWP,WE,Federal Contract Tower,0,3,22,0,25,0,0,41,4,45,0,3,63,4,70,338,3,341,411
06/26/2001,SDM,CA,AWP,WE,Federal Contract Tower,0,2,11,0,13,0,0,54,7,61,0,2,65,7,74,392,6,398,472
06/27/2001,SDM,CA,AWP,WE,Federal Contract Tower,1,0,12,1,14,0,0,48,6,54,1,0,60,7,68,380,32,412,480
06/28/2001,SDM,CA,AWP,WE,Federal Contract Tower,0,1,21,1,23,0,0,52,9,61,0,1,73,10,84,356,53,409,493
06/29/2001,SDM,CA,AWP,WE,Federal Contract Tower,0,2,16,1,19,0,1,36,5,42,0,3,52,6,61,317,33,350,411
06/30/2001,SDM,CA,AWP,WE,Federal Contract Tower,0,0,16,0,16,0,0,50,0,50,0,0,66,0,66,335,0,335,401
07/01/2001,SDM,CA,AWP,WE,Federal Contract Tower,0,0,17,0,17,0,0,60,0,60,0,0,77,0,77,331,0,331,408
07/02/2001,SDM,CA,AWP,WE,Federal Contract Tower,0,3,14,0,17,0,0,37,2,39,0,3,51,2,56,340,48,388,444
07/03/2001,SDM,CA,AWP,WE,Federal Contract Tower,0,2,27,0,29,0,0,27,9,36,0,2,54,9,65,240,7,247,312
07/04/2001,SDM,CA,AWP,WE,Federal Contract Tower,0,0,17,0,17,0,0,28,0,28,0,0,45,0,45,215,0,215,260
07/05/2001,SDM,CA,AWP,WE,Federal Contract Tower,0,1,8,0,9,0,1,41,2,44,0,2,49,2,53,224,2,226,279
07/06/2001,SDM,CA,AWP,WE,Federal Contract Tower,0,1,6,1,8,0,1,47,0,48,0,2,53,1,56,254,1,255,311
07/07/2001,SDM,CA,AWP,WE,Federal Contract Tower,0,0,15,0,15,0,0,85,0,85,0,0,100,0,100,386,0,386,486
07/08/2001,SDM,CA,AWP,WE,Federal Contract Tower,0,0,22,0,22,0,0,53,0,53,0,0,75,0,75,343,0,343,418
07/09/2001,SDM,CA,AWP,WE,Federal Contract Tower,0,2,14,1,17,0,0,49,3,52,0,2,63,4,69,324,24,348,417
07/10/2001,SDM,CA,AWP,WE,Federal Contract Tower,0,2,22,2,26,0,0,41,0,41,0,2,63,2,67,370,16,386,453
07/11/2001,SDM,CA,AWP,WE,Federal Contract Tower,0,2,21,1,24,0,0,40,2,42,0,2,61,3,66,375,55,430,496
07/12/2001,SDM,CA,AWP,WE,Federal Contract Tower,0,0,17,0,17,0,1,58,17,76,0,1,75,17,93,337,33,370,463
07/13/2001,SDM,CA,AWP,WE,Federal Contract Tower,0,2,9,0,11,0,0,43,12,55,0,2,52,12,66,361,28,389,455
07/14/2001,SDM,CA,AWP,WE,Federal Contract Tower,0,0,26,0,26,0,0,76,0,76,0,0,102,0,102,386,0,386,488
07/15/2001,SDM,CA,AWP,WE,Federal Contract Tower,0,0,28,0,28,0,0,50,0,50,0,0,78,0,78,273,0,273,351
07/16/2001,SDM,CA,AWP,WE,Federal Contract Tower,0,0,20,0,20,0,0,42,12,54,0,0,62,12,74,324,45,369,443
07/17/2001,SDM,CA,AWP,WE,Federal Contract Tower,0,0,16,2,18,0,0,68,33,101,0,0,84,35,119,460,148,608,727
07/18/2001,SDM,CA,AWP,WE,Federal Contract Tower,0,0,13,1,14,0,0,42,32,74,0,0,55,33,88,406,133,539,627
07/19/2001,SDM,CA,AWP,WE,Federal Contract Tower,0,0,12,0,12,0,0,41,39,80,0,0,53,39,92,223,114,337,429
07/20/2001,SDM,CA,AWP,WE,Federal Contract Tower,0,2,28,1,31,0,1,44,1,46,0,3,72,2,77,274,2,276,353
07/21/2001,SDM,CA,AWP,WE,Federal Contract Tower,0,0,11,0,11,0,1,70,5,76,0,1,81,5,87,339,5,344,431
07/22/2001,SDM,CA,AWP,WE,Federal Contract Tower,0,0,12,0,12,0,0,58,0,58,0,0,70,0,70,262,0,262,332
07/23/2001,SDM,CA,AWP,WE,Federal Contract Tower,0,0,21,0,21,0,0,42,1,43,0,0,63,1,64,391,2,393,457
07/24/2001,SDM,CA,AWP,WE,Federal Contract Tower,0,0,38,0,38,0,0,53,19,72,0,0,91,19,110,381,126,507,617
07/25/2001,SDM,CA,AWP,WE,Federal Contract Tower,0,1,15,1,17,0,0,51,39,90,0,1,66,40,107,347,181,528,635
07/26/2001,SDM,CA,AWP,WE,Federal Contract Tower,0,0,23,1,24,0,0,59,32,91,0,0,82,33,115,363,76,439,554
07/27/2001,SDM,CA,AWP,WE,Federal Contract Tower,0,1,24,0,25,0,0,55,4,59,0,1,79,4,84,345,5,350,434
07/28/2001,SDM,CA,AWP,WE,Federal Contract Tower,0,0,11,0,11,0,0,92,0,92,0,0,103,0,103,395,0,395,498
07/29/2001,SDM,CA,AWP,WE,Federal Contract Tower,0,0,18,0,18,0,0,48,0,48,0,0,66,0,66,170,0,170,236
07/30/2001,SDM,CA,AWP,WE,Federal Contract Tower,0,0,15,0,15,0,0,48,4,52,0,0,63,4,67,317,28,345,412
07/31/2001,SDM,CA,AWP,WE,Federal Contract Tower,0,0,17,0,17,0,1,47,27,75,0,1,64,27,92,229,148,377,469
08/01/2001,SDM,CA,AWP,WE,Federal Contract Tower,0,0,32,0,32,0,0,41,26,67,0,0,73,26,99,343,109,452,551
08/02/2001,SDM,CA,AWP,WE,Federal Contract Tower,0,2,16,0,18,0,0,43,18,61,0,2,59,18,79,269,87,356,435
08/03/2001,SDM,CA,AWP,WE,Federal Contract Tower,0,0,30,0,30,0,0,53,4,57,0,0,83,4,87,349,4,353,440
08/04/2001,SDM,CA,AWP,WE,Federal Contract Tower,0,0,8,0,8,0,0,78,0,78,0,0,86,0,86,374,0,374,460
08/05/2001,SDM,CA,AWP,WE,Federal Contract Tower,0,0,20,0,20,0,0,61,0,61,0,0,81,0,81,304,0,304,385
08/06/2001,SDM,CA,AWP,WE,Federal Contract Tower,0,0,32,0,32,0,0,37,1,38,0,0,69,1,70,306,20,326,396
08/07/2001,SDM,CA,AWP,WE,Federal Contract Tower,0,0,26,0,26,0,0,59,24,83,0,0,85,24,109,357,114,471,580
08/08/2001,SDM,CA,AWP,WE,Federal Contract Tower,0,0,25,1,26,0,0,24,11,35,0,0,49,12,61,311,35,346,407
08/09/2001,SDM,CA,AWP,WE,Federal Contract Tower,0,0,25,2,27,0,0,30,19,49,0,0,55,21,76,282,101,383,459
08/10/2001,SDM,CA,AWP,WE,Federal Contract Tower,0,2,23,1,26,0,0,48,6,54,0,2,71,7,80,358,33,391,471
08/11/2001,SDM,CA,AWP,WE,Federal Contract Tower,0,0,14,0,14,0,0,70,3,73,0,0,84,3,87,393,3,396,483
08/12/2001,SDM,CA,AWP,WE,Federal Contract Tower,0,0,22,0,22,0,6,39,0,45,0,6,61,0,67,308,0,308,375
08/13/2001,SDM,CA,AWP,WE,Federal Contract Tower,0,0,19,1,20,0,0,54,6,60,0,0,73,7,80,402,26,428,508
08/14/2001,SDM,CA,AWP,WE,Federal Contract Tower,0,0,29,0,29,0,0,45,9,54,0,0,74,9,83,460,31,491,574
08/15/2001,SDM,CA,AWP,WE,Federal Contract Tower,0,0,30,0,30,0,0,21,15,36,0,0,51,15,66,306,35,341,407
08/16/2001,SDM,CA,AWP,WE,Federal Contract Tower,0,2,20,5,27,0,3,88,16,107,0,5,108,21,134,466,45,511,645
08/17/2001,SDM,CA,AWP,WE,Federal Contract Tower,0,0,21,2,23,0,0,36,0,36,0,0,57,2,59,269,53,322,381
08/18/2001,SDM,CA,AWP,WE,Federal Contract Tower,0,0,25,0,25,0,0,63,4,67,0,0,88,4,92,313,25,338,430
08/19/2001,SDM,CA,AWP,WE,Federal Contract Tower,0,0,27,0,27,0,0,49,0,49,0,0,76,0,76,311,0,311,387
08/20/2001,SDM,CA,AWP,WE,Federal Contract Tower,0,0,25,0,25,0,0,42,0,42,0,0,67,0,67,272,0,272,339
08/21/2001,SDM,CA,AWP,WE,Federal Contract Tower,0,0,21,0,21,0,0,16,1,17,0,0,37,1,38,207,17,224,262
08/22/2001,SDM,CA,AWP,WE,Federal Contract Tower,0,0,27,0,27,0,0,37,4,41,0,0,64,4,68,234,7,241,309
08/23/2001,SDM,CA,AWP,WE,Federal Contract Tower,0,4,24,1,29,0,0,53,8,61,0,4,77,9,90,380,10,390,480
08/24/2001,SDM,CA,AWP,WE,Federal Contract Tower,0,0,30,0,30,0,0,43,4,47,0,0,73,4,77,338,4,342,419
08/25/2001,SDM,CA,AWP,WE,Federal Contract Tower,0,0,20,0,20,0,0,52,12,64,0,0,72,12,84,324,12,336,420
08/26/2001,SDM,CA,AWP,WE,Federal Contract Tower,0,0,20,0,20,0,0,50,0,50,0,0,70,0,70,228,1,229,299
08/27/2001,SDM,CA,AWP,WE,Federal Contract Tower,0,0,27,0,27,0,0,35,3,38,0,0,62,3,65,344,42,386,451
08/28/2001,SDM,CA,AWP,WE,Federal Contract Tower,0,0,16,0,16,0,0,31,10,41,0,0,47,10,57,214,23,237,294
08/29/2001,SDM,CA,AWP,WE,Federal Contract Tower,0,0,21,1,22,0,0,24,9,33,0,0,45,10,55,243,12,255,310
08/30/2001,SDM,CA,AWP,WE,Federal Contract Tower,0,0,27,0,27,0,0,30,2,32,0,0,57,2,59,323,21,344,403
08/31/2001,SDM,CA,AWP,WE,Federal Contract Tower,0,0,22,1,23,0,0,37,0,37,0,0,59,1,60,292,0,292,352
09/01/2001,SDM,CA,AWP,WE,Federal Contract Tower,0,0,16,0,16,0,0,82,0,82,0,0,98,0,98,431,0,431,529
09/02/2001,SDM,CA,AWP,WE,Federal Contract Tower,0,0,14,0,14,0,0,61,0,61,0,0,75,0,75,312,0,312,387
09/03/2001,SDM,CA,AWP,WE,Federal Contract Tower,0,0,26,0,26,0,0,41,1,42,0,0,67,1,68,225,1,226,294
09/04/2001,SDM,CA,AWP,WE,Federal Contract Tower,0,0,20,0,20,0,0,43,2,45,0,0,63,2,65,327,2,329,394
09/05/2001,SDM,CA,AWP,WE,Federal Contract Tower,0,1,24,1,26,0,0,32,12,44,0,1,56,13,70,323,13,336,406
09/06/2001,SDM,CA,AWP,WE,Federal Contract Tower,0,0,27,0,27,0,0,26,10,36,0,0,53,10,63,222,16,238,301
09/07/2001,SDM,CA,AWP,WE,Federal Contract Tower,0,0,35,0,35,0,0,33,8,41,0,0,68,8,76,270,44,314,390
09/08/2001,SDM,CA,AWP,WE,Federal Contract Tower,0,0,29,2,31,0,0,57,1,58,0,0,86,3,89,359,42,401,490
09/09/2001,SDM,CA,AWP,WE,Federal Contract Tower,0,0,30,0,30,0,0,0,1,1,0,0,30,1,31,47,20,67,98
09/10/2001,SDM,CA,AWP,WE,Federal Contract Tower,0,0,24,0,24,0,0,11,0,11,0,0,35,0,35,72,0,72,107
09/11/2001,SDM,CA,AWP,WE,Federal Contract Tower,0,0,0,0,0,0,0,0,0,0,0,0,0,0,0,12,0,12,12
09/12/2001,SDM,CA,AWP,WE,Federal Contract Tower,0,0,0,0,0,0,0,5,0,5,0,0,5,0,5,5,0,5,10
09/13/2001,SDM,CA,AWP,WE,Federal Contract Tower,0,0,0,0,0,0,0,18,5,23,0,0,18,5,23,16,5,21,44
09/14/2001,SDM,CA,AWP,WE,Federal Contract Tower,0,0,5,1,6,0,0,11,0,11,0,0,16,1,17,15,0,15,32
09/15/2001,SDM,CA,AWP,WE,Federal Contract Tower,0,0,17,0,17,0,0,0,0,0,0,0,17,0,17,16,0,16,33
09/16/2001,SDM,CA,AWP,WE,Federal Contract Tower,0,0,19,0,19,0,0,0,0,0,0,0,19,0,19,11,0,11,30
09/17/2001,SDM,CA,AWP,WE,Federal Contract Tower,0,0,28,0,28,0,0,0,0,0,0,0,28,0,28,9,0,9,37
09/18/2001,SDM,CA,AWP,WE,Federal Contract Tower,0,0,39,0,39,0,0,0,1,1,0,0,39,1,40,10,15,25,65
09/19/2001,SDM,CA,AWP,WE,Federal Contract Tower,0,0,25,0,25,0,0,0,6,6,0,0,25,6,31,23,34,57,88
09/20/2001,SDM,CA,AWP,WE,Federal Contract Tower,0,0,41,0,41,0,0,0,3,3,0,0,41,3,44,67,7,74,118
09/21/2001,SDM,CA,AWP,WE,Federal Contract Tower,0,1,41,0,42,0,0,19,9,28,0,1,60,9,70,99,13,112,182
09/22/2001,SDM,CA,AWP,WE,Federal Contract Tower,0,2,28,0,30,0,0,14,12,26,0,2,42,12,56,127,55,182,238
09/23/2001,SDM,CA,AWP,WE,Federal Contract Tower,0,0,40,0,40,0,0,0,1,1,0,0,40,1,41,123,17,140,181
09/24/2001,SDM,CA,AWP,WE,Federal Contract Tower,0,0,35,0,35,0,1,14,0,15,0,1,49,0,50,275,0,275,325
09/25/2001,SDM,CA,AWP,WE,Federal Contract Tower,0,0,43,0,43,0,0,28,1,29,0,0,71,1,72,343,0,343,415
09/26/2001,SDM,CA,AWP,WE,Federal Contract Tower,0,1,39,2,42,0,0,11,1,12,0,1,50,3,54,238,23,261,315
09/27/2001,SDM,CA,AWP,WE,Federal Contract Tower,0,0,30,1,31,0,0,19,6,25,0,0,49,7,56,280,141,421,477
09/28/2001,SDM,CA,AWP,WE,Federal Contract Tower,0,3,29,0,32,0,0,20,2,22,0,3,49,2,54,335,20,355,409
09/29/2001,SDM,CA,AWP,WE,Federal Contract Tower,0,3,15,0,18,0,0,54,2,56,0,3,69,2,74,400,2,402,476
09/30/2001,SDM,CA,AWP,WE,Federal Contract Tower,0,0,14,0,14,0,2,37,0,39,0,2,51,0,53,239,36,275,328
10/01/2001,SDM,CA,AWP,WE,Federal Contract Tower,0,0,15,0,15,0,0,17,1,18,0,0,32,1,33,162,12,174,207
10/02/2001,SDM,CA,AWP,WE,Federal Contract Tower,0,0,14,0,14,0,0,27,7,34,0,0,41,7,48,275,70,345,393
10/03/2001,SDM,CA,AWP,WE,Federal Contract Tower,0,3,10,1,14,0,0,18,3,21,0,3,28,4,35,137,10,147,182
10/04/2001,SDM,CA,AWP,WE,Federal Contract Tower,0,0,32,1,33,0,0,24,10,34,0,0,56,11,67,215,28,243,310
10/05/2001,SDM,CA,AWP,WE,Federal Contract Tower,0,0,23,0,23,0,0,25,0,25,0,0,48,0,48,229,0,229,277
10/06/2001,SDM,CA,AWP,WE,Federal Contract Tower,0,0,26,0,26,0,0,24,0,24,0,0,50,0,50,221,0,221,271
10/07/2001,SDM,CA,AWP,WE,Federal Contract Tower,0,0,35,0,35,0,0,20,1,21,0,0,55,1,56,218,1,219,275
10/08/2001,SDM,CA,AWP,WE,Federal Contract Tower,0,0,33,0,33,0,0,8,0,8,0,0,41,0,41,160,0,160,201
10/09/2001,SDM,CA,AWP,WE,Federal Contract Tower,0,0,39,0,39,0,0,0,2,2,0,0,39,2,41,169,0,169,210
10/10/2001,SDM,CA,AWP,WE,Federal Contract Tower,0,0,22,1,23,0,0,23,9,32,0,0,45,10,55,264,19,283,338
10/11/2001,SDM,CA,AWP,WE,Federal Contract Tower,0,0,18,2,20,0,0,36,8,44,0,0,54,10,64,221,28,249,313
10/12/2001,SDM,CA,AWP,WE,Federal Contract Tower,0,0,26,0,26,0,0,38,2,40,0,0,64,2,66,196,41,237,303
10/13/2001,SDM,CA,AWP,WE,Federal Contract Tower,0,0,42,1,43,0,0,36,2,38,0,0,78,3,81,363,42,405,486
10/14/2001,SDM,CA,AWP,WE,Federal Contract Tower,0,0,43,0,43,0,0,42,0,42,0,0,85,0,85,370,0,370,455
10/15/2001,SDM,CA,AWP,WE,Federal Contract Tower,0,0,26,0,26,0,0,16,0,16,0,0,42,0,42,238,0,238,280
10/16/2001,SDM,CA,AWP,WE,Federal Contract Tower,0,0,26,0,26,0,0,21,4,25,0,0,47,4,51,271,9,280,331
10/17/2001,SDM,CA,AWP,WE,Federal Contract Tower,0,1,27,1,29,0,0,14,4,18,0,1,41,5,47,227,7,234,281
10/18/2001,SDM,CA,AWP,WE,Federal Contract Tower,0,0,24,1,25,0,0,27,11,38,0,0,51,12,63,342,77,419,482
10/19/2001,SDM,CA,AWP,WE,Federal Contract Tower,0,0,26,0,26,0,0,30,7,37,0,0,56,7,63,286,4,290,353
10/20/2001,SDM,CA,AWP,WE,Federal Contract Tower,0,1,26,2,29,0,0,39,0,39,0,1,65,2,68,325,17,342,410
10/21/2001,SDM,CA,AWP,WE,Federal Contract Tower,0,0,36,0,36,0,0,18,0,18,0,0,54,0,54,258,0,258,312
10/22/2001,SDM,CA,AWP,WE,Federal Contract Tower,0,0,20,0,20,0,0,34,1,35,0,0,54,1,55,327,20,347,402
10/23/2001,SDM,CA,AWP,WE,Federal Contract Tower,0,0,28,0,28,0,0,36,1,37,0,0,64,1,65,304,12,316,381
10/24/2001,SDM,CA,AWP,WE,Federal Contract Tower,0,0,34,0,34,0,0,16,4,20,0,0,50,4,54,244,21,265,319
10/25/2001,SDM,CA,AWP,WE,Federal Contract Tower,0,0,16,0,16,0,0,37,1,38,0,0,53,1,54,211,1,212,266
10/26/2001,SDM,CA,AWP,WE,Federal Contract Tower,0,0,35,0,35,0,0,26,3,29,0,0,61,3,64,221,48,269,333
10/27/2001,SDM,CA,AWP,WE,Federal Contract Tower,0,0,19,0,19,0,1,42,0,43,0,1,61,0,62,294,0,294,356
10/28/2001,SDM,CA,AWP,WE,Federal Contract Tower,0,0,52,0,52,0,0,8,0,8,0,0,60,0,60,184,0,184,244
10/29/2001,SDM,CA,AWP,WE,Federal Contract Tower,0,0,27,0,27,0,0,31,1,32,0,0,58,1,59,258,27,285,344
10/30/2001,SDM,CA,AWP,WE,Federal Contract Tower,0,0,23,0,23,0,0,28,2,30,0,0,51,2,53,228,2,230,283
10/31/2001,SDM,CA,AWP,WE,Federal Contract Tower,0,0,9,0,9,0,0,34,4,38,0,0,43,4,47,181,10,191,238
11/01/2001,SDM,CA,AWP,WE,Federal Contract Tower,0,0,15,0,15,0,0,42,14,56,0,0,57,14,71,324,53,377,448
11/02/2001,SDM,CA,AWP,WE,Federal Contract Tower,0,2,44,0,46,0,0,14,0,14,0,2,58,0,60,186,0,186,246
11/03/2001,SDM,CA,AWP,WE,Federal Contract Tower,0,0,26,0,26,0,0,33,10,43,0,0,59,10,69,254,29,283,352
11/04/2001,SDM,CA,AWP,WE,Federal Contract Tower,0,0,38,0,38,0,0,28,0,28,0,0,66,0,66,209,0,209,275
11/05/2001,SDM,CA,AWP,WE,Federal Contract Tower,0,0,20,1,21,0,0,3,0,3,0,0,23,1,24,8,0,8,32
11/06/2001,SDM,CA,AWP,WE,Federal Contract Tower,0,0,13,0,13,0,0,0,1,1,0,0,13,1,14,0,3,3,17
11/07/2001,SDM,CA,AWP,WE,Federal Contract Tower,0,1,10,0,11,0,0,0,0,0,0,1,10,0,11,8,0,8,19
11/08/2001,SDM,CA,AWP,WE,Federal Contract Tower,0,0,22,2,24,0,0,25,12,37,0,0,47,14,61,117,24,141,202
11/09/2001,SDM,CA,AWP,WE,Federal Contract Tower,0,0,29,0,29,0,0,0,3,3,0,0,29,3,32,136,3,139,171
11/10/2001,SDM,CA,AWP,WE,Federal Contract Tower,0,0,37,0,37,0,0,34,0,34,0,0,71,0,71,234,0,234,305
11/11/2001,SDM,CA,AWP,WE,Federal Contract Tower,0,0,30,0,30,0,0,30,0,30,0,0,60,0,60,292,0,292,352
11/12/2001,SDM,CA,AWP,WE,Federal Contract Tower,0,0,37,0,37,0,0,26,0,26,0,0,63,0,63,269,0,269,332
11/13/2001,SDM,CA,AWP,WE,Federal Contract Tower,0,0,25,0,25,0,0,37,1,38,0,0,62,1,63,368,5,373,436
11/14/2001,SDM,CA,AWP,WE,Federal Contract Tower,0,3,25,0,28,0,0,50,0,50,0,3,75,0,78,307,0,307,385
11/15/2001,SDM,CA,AWP,WE,Federal Contract Tower,0,1,25,0,26,0,0,49,13,62,0,1,74,13,88,309,20,329,417
11/16/2001,SDM,CA,AWP,WE,Federal Contract Tower,0,0,35,1,36,0,0,28,3,31,0,0,63,4,67,208,6,214,281
11/17/2001,SDM,CA,AWP,WE,Federal Contract Tower,0,0,23,0,23,0,0,53,0,53,0,0,76,0,76,353,0,353,429
11/18/2001,SDM,CA,AWP,WE,Federal Contract Tower,0,0,27,0,27,0,0,34,4,38,0,0,61,4,65,259,54,313,378
11/19/2001,SDM,CA,AWP,WE,Federal Contract Tower,0,0,25,0,25,0,0,31,2,33,0,0,56,2,58,304,15,319,377
11/20/2001,SDM,CA,AWP,WE,Federal Contract Tower,0,0,27,0,27,0,0,30,3,33,0,0,57,3,60,298,53,351,411
11/21/2001,SDM,CA,AWP,WE,Federal Contract Tower,0,4,37,2,43,0,1,22,0,23,0,5,59,2,66,220,8,228,294
11/22/2001,SDM,CA,AWP,WE,Federal Contract Tower,0,0,9,0,9,0,0,4,0,4,0,0,13,0,13,16,0,16,29
11/23/2001,SDM,CA,AWP,WE,Federal Contract Tower,0,0,20,0,20,0,0,31,0,31,0,0,51,0,51,210,0,210,261
11/24/2001,SDM,CA,AWP,WE,Federal Contract Tower,0,2,43,0,45,0,0,16,0,16,0,2,59,0,61,249,0,249,310
11/25/2001,SDM,CA,AWP,WE,Federal Contract Tower,0,8,47,0,55,0,0,18,0,18,0,8,65,0,73,140,0,140,213
11/26/2001,SDM,CA,AWP,WE,Federal Contract Tower,0,0,33,0,33,0,0,34,3,37,0,0,67,3,70,275,25,300,370
11/27/2001,SDM,CA,AWP,WE,Federal Contract Tower,0,0,15,0,15,0,0,44,5,49,0,0,59,5,64,312,8,320,384
11/28/2001,SDM,CA,AWP,WE,Federal Contract Tower,0,3,37,1,41,0,0,30,7,37,0,3,67,8,78,250,48,298,376
11/29/2001,SDM,CA,AWP,WE,Federal Contract Tower,0,0,23,2,25,0,0,5,2,7,0,0,28,4,32,85,6,91,123
11/30/2001,SDM,CA,AWP,WE,Federal Contract Tower,0,0,26,1,27,0,0,39,4,43,0,0,65,5,70,344,25,369,439
12/01/2001,SDM,CA,AWP,WE,Federal Contract Tower,0,0,21,1,22,0,0,63,0,63,0,0,84,1,85,332,1,333,418
12/02/2001,SDM,CA,AWP,WE,Federal Contract Tower,0,0,14,0,14,0,0,35,2,37,0,0,49,2,51,247,23,270,321
12/03/2001,SDM,CA,AWP,WE,Federal Contract Tower,0,0,26,0,26,0,0,10,1,11,0,0,36,1,37,199,17,216,253
12/04/2001,SDM,CA,AWP,WE,Federal Contract Tower,0,0,40,0,40,0,0,29,4,33,0,0,69,4,73,277,44,321,394
12/05/2001,SDM,CA,AWP,WE,Federal Contract Tower,0,0,37,2,39,0,0,10,8,18,0,0,47,10,57,281,44,325,382
12/06/2001,SDM,CA,AWP,WE,Federal Contract Tower,0,1,32,0,33,0,0,38,6,44,0,1,70,6,77,363,9,372,449
12/07/2001,SDM,CA,AWP,WE,Federal Contract Tower,0,0,23,0,23,0,0,36,2,38,0,0,59,2,61,339,17,356,417
12/08/2001,SDM,CA,AWP,WE,Federal Contract Tower,0,0,16,0,16,0,1,48,0,49,0,1,64,0,65,280,0,280,345
12/09/2001,SDM,CA,AWP,WE,Federal Contract Tower,0,0,25,0,25,0,0,26,0,26,0,0,51,0,51,263,0,263,314
12/10/2001,SDM,CA,AWP,WE,Federal Contract Tower,0,0,35,0,35,0,0,7,2,9,0,0,42,2,44,196,2,198,242
12/11/2001,SDM,CA,AWP,WE,Federal Contract Tower,0,0,14,0,14,0,1,28,4,33,0,1,42,4,47,299,3,302,349
12/12/2001,SDM,CA,AWP,WE,Federal Contract Tower,0,0,15,0,15,0,0,33,5,38,0,0,48,5,53,301,12,313,366
12/13/2001,SDM,CA,AWP,WE,Federal Contract Tower,0,1,22,1,24,0,0,40,14,54,0,1,62,15,78,307,23,330,408
12/14/2001,SDM,CA,AWP,WE,Federal Contract Tower,0,0,30,0,30,0,0,11,7,18,0,0,41,7,48,89,7,96,144
12/15/2001,SDM,CA,AWP,WE,Federal Contract Tower,0,0,28,0,28,0,0,50,4,54,0,0,78,4,82,392,2,394,476
12/16/2001,SDM,CA,AWP,WE,Federal Contract Tower,0,0,22,0,22,0,0,30,3,33,0,0,52,3,55,255,30,285,340
12/17/2001,SDM,CA,AWP,WE,Federal Contract Tower,0,0,17,0,17,0,0,45,2,47,0,0,62,2,64,194,0,194,258
12/18/2001,SDM,CA,AWP,WE,Federal Contract Tower,0,0,35,0,35,0,0,64,2,66,0,0,99,2,101,259,8,267,368
12/19/2001,SDM,CA,AWP,WE,Federal Contract Tower,0,3,33,0,36,0,0,17,5,22,0,3,50,5,58,180,24,204,262
12/20/2001,SDM,CA,AWP,WE,Federal Contract Tower,0,0,31,1,32,0,0,27,8,35,0,0,58,9,67,198,76,274,341
12/21/2001,SDM,CA,AWP,WE,Federal Contract Tower,0,2,30,0,32,0,0,9,0,9,0,2,39,0,41,119,0,119,160
12/22/2001,SDM,CA,AWP,WE,Federal Contract Tower,0,2,23,0,25,0,2,49,0,51,0,4,72,0,76,285,0,285,361
12/23/2001,SDM,CA,AWP,WE,Federal Contract Tower,0,0,11,0,11,0,0,21,0,21,0,0,32,0,32,140,0,140,172
12/24/2001,SDM,CA,AWP,WE,Federal Contract Tower,0,0,8,0,8,0,0,40,0,40,0,0,48,0,48,251,0,251,299
12/25/2001,SDM,CA,AWP,WE,Federal Contract Tower,0,0,3,0,3,0,0,18,0,18,0,0,21,0,21,92,0,92,113
12/26/2001,SDM,CA,AWP,WE,Federal Contract Tower,0,5,38,0,43,0,0,21,2,23,0,5,59,2,66,199,2,201,267
12/27/2001,SDM,CA,AWP,WE,Federal Contract Tower,0,1,21,0,22,0,0,35,6,41,0,1,56,6,63,262,6,268,331
12/28/2001,SDM,CA,AWP,WE,Federal Contract Tower,0,1,20,1,22,0,1,41,5,47,0,2,61,6,69,240,21,261,330
12/29/2001,SDM,CA,AWP,WE,Federal Contract Tower,0,2,19,0,21,0,0,54,0,54,0,2,73,0,75,344,1,345,420
12/30/2001,SDM,CA,AWP,WE,Federal Contract Tower,0,0,23,0,23,0,0,10,0,10,0,0,33,0,33,159,0,159,192
12/31/2001,SDM,CA,AWP,WE,Federal Contract Tower,0,0,23,0,23,0,0,17,0,17,0,0,40,0,40,196,0,196,236
01/01/2002,SDM,CA,AWP,WE,Federal Contract Tower,0,0,29,0,29,0,0,27,0,27,0,0,56,0,56,140,0,140,196
01/02/2002,SDM,CA,AWP,WE,Federal Contract Tower,0,8,38,0,46,0,0,2,0,2,0,8,40,0,48,56,0,56,104
01/03/2002,SDM,CA,AWP,WE,Federal Contract Tower,0,1,38,0,39,0,0,4,2,6,0,1,42,2,45,140,2,142,187
01/04/2002,SDM,CA,AWP,WE,Federal Contract Tower,0,2,30,0,32,0,0,71,7,78,0,2,101,7,110,212,4,216,326
01/05/2002,SDM,CA,AWP,WE,Federal Contract Tower,0,0,32,0,32,0,0,108,0,108,0,0,140,0,140,378,0,378,518
01/06/2002,SDM,CA,AWP,WE,Federal Contract Tower,0,0,28,0,28,0,0,101,0,101,0,0,129,0,129,332,0,332,461
01/07/2002,SDM,CA,AWP,WE,Federal Contract Tower,0,0,26,0,26,0,0,65,2,67,0,0,91,2,93,260,2,262,355
01/08/2002,SDM,CA,AWP,WE,Federal Contract Tower,0,0,20,0,20,0,0,77,11,88,0,0,97,11,108,275,73,348,456
01/09/2002,SDM,CA,AWP,WE,Federal Contract Tower,0,0,20,1,21,0,0,31,1,32,0,0,51,2,53,153,40,193,246
01/10/2002,SDM,CA,AWP,WE,Federal Contract Tower,0,2,22,0,24,0,0,111,13,124,0,2,133,13,148,394,24,418,566
01/11/2002,SDM,CA,AWP,WE,Federal Contract Tower,0,1,30,1,32,0,0,97,12,109,0,1,127,13,141,391,30,421,562
01/12/2002,SDM,CA,AWP,WE,Federal Contract Tower,0,0,25,0,25,0,1,164,1,166,0,1,189,1,191,456,22,478,669
01/13/2002,SDM,CA,AWP,WE,Federal Contract Tower,0,0,24,0,24,0,0,123,6,129,0,0,147,6,153,350,33,383,536
01/14/2002,SDM,CA,AWP,WE,Federal Contract Tower,0,0,14,0,14,0,0,52,2,54,0,0,66,2,68,260,0,260,328
01/15/2002,SDM,CA,AWP,WE,Federal Contract Tower,0,1,22,0,23,0,0,50,16,66,0,1,72,16,89,189,13,202,291
01/16/2002,SDM,CA,AWP,WE,Federal Contract Tower,0,3,23,0,26,0,0,78,20,98,0,3,101,20,124,266,24,290,414
01/17/2002,SDM,CA,AWP,WE,Federal Contract Tower,0,0,26,0,26,0,0,117,26,143,0,0,143,26,169,381,16,397,566
01/18/2002,SDM,CA,AWP,WE,Federal Contract Tower,0,0,35,2,37,0,0,109,0,109,0,0,144,2,146,347,30,377,523
01/19/2002,SDM,CA,AWP,WE,Federal Contract Tower,0,0,30,0,30,0,0,111,0,111,0,0,141,0,141,474,0,474,615
01/20/2002,SDM,CA,AWP,WE,Federal Contract Tower,0,0,20,0,20,0,0,70,0,70,0,0,90,0,90,278,0,278,368
01/21/2002,SDM,CA,AWP,WE,Federal Contract Tower,0,0,28,0,28,0,0,63,1,64,0,0,91,1,92,332,0,332,424
01/22/2002,SDM,CA,AWP,WE,Federal Contract Tower,0,0,27,0,27,0,0,24,0,24,0,0,51,0,51,307,0,307,358
01/23/2002,SDM,CA,AWP,WE,Federal Contract Tower,0,0,26,0,26,0,0,77,19,96,0,0,103,19,122,301,42,343,465
01/24/2002,SDM,CA,AWP,WE,Federal Contract Tower,0,2,18,1,21,0,0,95,20,115,0,2,113,21,136,235,1,236,372
01/25/2002,SDM,CA,AWP,WE,Federal Contract Tower,0,0,24,0,24,0,2,93,21,116,0,2,117,21,140,340,15,355,495
01/26/2002,SDM,CA,AWP,WE,Federal Contract Tower,0,0,22,0,22,0,1,110,0,111,0,1,132,0,133,314,0,314,447
01/27/2002,SDM,CA,AWP,WE,Federal Contract Tower,0,0,26,0,26,0,0,48,1,49,0,0,74,1,75,262,12,274,349
01/28/2002,SDM,CA,AWP,WE,Federal Contract Tower,0,0,27,0,27,0,0,16,0,16,0,0,43,0,43,103,0,103,146
01/29/2002,SDM,CA,AWP,WE,Federal Contract Tower,0,0,12,0,12,0,0,14,86,100,0,0,26,86,112,0,0,0,112
01/30/2002,SDM,CA,AWP,WE,Federal Contract Tower,0,1,25,0,26,0,0,57,10,67,0,1,82,10,93,156,0,156,249
01/31/2002,SDM,CA,AWP,WE,Federal Contract Tower,0,4,23,0,27,0,0,105,36,141,0,4,128,36,168,291,0,291,459
02/01/2002,SDM,CA,AWP,WE,Federal Contract Tower,0,1,22,2,25,0,1,101,14,116,0,2,123,16,141,175,0,175,316
02/02/2002,SDM,CA,AWP,WE,Federal Contract Tower,0,5,33,0,38,0,0,118,1,119,0,5,151,1,157,260,0,260,417
02/03/2002,SDM,CA,AWP,WE,Federal Contract Tower,0,0,14,0,14,0,1,77,4,82,0,1,91,4,96,254,0,254,350
02/04/2002,SDM,CA,AWP,WE,Federal Contract Tower,0,0,21,0,21,0,0,52,9,61,0,0,73,9,82,267,14,281,363
02/05/2002,SDM,CA,AWP,WE,Federal Contract Tower,0,0,19,0,19,0,0,66,13,79,0,0,85,13,98,337,55,392,490
02/06/2002,SDM,CA,AWP,WE,Federal Contract Tower,0,3,14,0,17,0,0,81,8,89,0,3,95,8,106,335,5,340,446
02/07/2002,SDM,CA,AWP,WE,Federal Contract Tower,0,7,27,1,35,0,0,80,14,94,0,7,107,15,129,232,12,244,373
02/08/2002,SDM,CA,AWP,WE,Federal Contract Tower,0,0,24,0,24,0,0,110,4,114,0,0,134,4,138,321,23,344,482
02/09/2002,SDM,CA,AWP,WE,Federal Contract Tower,0,1,15,0,16,0,0,98,2,100,0,1,113,2,116,168,45,213,329
02/10/2002,SDM,CA,AWP,WE,Federal Contract Tower,0,0,22,0,22,0,0,37,0,37,0,0,59,0,59,62,0,62,121
02/11/2002,SDM,CA,AWP,WE,Federal Contract Tower,0,0,32,0,32,0,0,77,2,79,0,0,109,2,111,301,14,315,426
02/12/2002,SDM,CA,AWP,WE,Federal Contract Tower,0,0,24,0,24,0,0,69,15,84,0,0,93,15,108,322,52,374,482
02/13/2002,SDM,CA,AWP,WE,Federal Contract Tower,0,2,18,0,20,0,0,85,12,97,0,2,103,12,117,295,17,312,429
02/14/2002,SDM,CA,AWP,WE,Federal Contract Tower,0,0,19,1,20,0,0,51,31,82,0,0,70,32,102,288,25,313,415
02/15/2002,SDM,CA,AWP,WE,Federal Contract Tower,0,2,28,4,34,0,3,104,7,114,0,5,132,11,148,274,0,274,422
02/16/2002,SDM,CA,AWP,WE,Federal Contract Tower,0,0,33,0,33,0,3,40,0,43,0,3,73,0,76,143,0,143,219
02/17/2002,SDM,CA,AWP,WE,Federal Contract Tower,0,0,24,0,24,0,0,10,0,10,0,0,34,0,34,52,0,52,86
02/18/2002,SDM,CA,AWP,WE,Federal Contract Tower,0,0,50,1,51,0,0,28,0,28,0,0,78,1,79,242,1,243,322
02/19/2002,SDM,CA,AWP,WE,Federal Contract Tower,0,0,21,0,21,0,0,78,1,79,0,0,99,1,100,391,4,395,495
02/20/2002,SDM,CA,AWP,WE,Federal Contract Tower,0,2,16,0,18,0,0,89,12,101,0,2,105,12,119,362,10,372,491
02/21/2002,SDM,CA,AWP,WE,Federal Contract Tower,0,7,21,2,30,0,0,69,8,77,0,7,90,10,107,151,16,167,274
02/22/2002,SDM,CA,AWP,WE,Federal Contract Tower,0,6,17,2,25,0,0,82,13,95,0,6,99,15,120,329,0,329,449
02/23/2002,SDM,CA,AWP,WE,Federal Contract Tower,0,1,17,0,18,0,2,119,2,123,0,3,136,2,141,465,0,465,606
02/24/2002,SDM,CA,AWP,WE,Federal Contract Tower,0,0,34,0,34,0,1,87,0,88,0,1,121,0,122,287,0,287,409
02/25/2002,SDM,CA,AWP,WE,Federal Contract Tower,0,0,20,0,20,0,0,57,1,58,0,0,77,1,78,281,5,286,364
02/26/2002,SDM,CA,AWP,WE,Federal Contract Tower,0,0,15,0,15,0,0,70,5,75,0,0,85,5,90,374,63,437,527
02/27/2002,SDM,CA,AWP,WE,Federal Contract Tower,0,6,28,1,35,0,0,58,23,81,0,6,86,24,116,298,277,575,691
02/28/2002,SDM,CA,AWP,WE,Federal Contract Tower,0,2,32,0,34,0,0,58,39,97,0,2,90,39,131,218,16,234,365
03/01/2002,SDM,CA,AWP,WE,Federal Contract Tower,0,0,23,0,23,0,0,79,8,87,0,0,102,8,110,252,15,267,377
03/02/2002,SDM,CA,AWP,WE,Federal Contract Tower,0,0,23,0,23,0,3,69,0,72,0,3,92,0,95,175,0,175,270
03/03/2002,SDM,CA,AWP,WE,Federal Contract Tower,0,0,37,0,37,0,1,94,0,95,0,1,131,0,132,416,0,416,548
03/04/2002,SDM,CA,AWP,WE,Federal Contract Tower,0,0,34,0,34,0,0,33,3,36,0,0,67,3,70,346,49,395,465
03/05/2002,SDM,CA,AWP,WE,Federal Contract Tower,0,0,28,0,28,0,0,27,1,28,0,0,55,1,56,265,10,275,331
03/06/2002,SDM,CA,AWP,WE,Federal Contract Tower,0,2,14,0,16,0,0,77,14,91,0,2,91,14,107,373,14,387,494
03/07/2002,SDM,CA,AWP,WE,Federal Contract Tower,0,4,23,2,29,0,0,3,4,7,0,4,26,6,36,11,9,20,56
03/08/2002,SDM,CA,AWP,WE,Federal Contract Tower,0,0,15,0,15,0,0,104,4,108,0,0,119,4,123,276,0,276,399
03/09/2002,SDM,CA,AWP,WE,Federal Contract Tower,0,0,19,0,19,0,2,150,0,152,0,2,169,0,171,307,0,307,478
03/10/2002,SDM,CA,AWP,WE,Federal Contract Tower,0,0,40,0,40,0,0,83,0,83,0,0,123,0,123,323,0,323,446
03/11/2002,SDM,CA,AWP,WE,Federal Contract Tower,0,0,26,0,26,0,0,75,2,77,0,0,101,2,103,413,7,420,523
03/12/2002,SDM,CA,AWP,WE,Federal Contract Tower,0,0,27,0,27,0,0,51,7,58,0,0,78,7,85,374,9,383,468
03/13/2002,SDM,CA,AWP,WE,Federal Contract Tower,0,0,29,2,31,0,0,30,9,39,0,0,59,11,70,192,8,200,270
03/14/2002,SDM,CA,AWP,WE,Federal Contract Tower,0,2,29,0,31,0,0,65,24,89,0,2,94,24,120,199,1,200,320
03/15/2002,SDM,CA,AWP,WE,Federal Contract Tower,0,1,19,0,20,0,0,106,4,110,0,1,125,4,130,352,21,373,503
03/16/2002,SDM,CA,AWP,WE,Federal Contract Tower,0,3,24,0,27,0,0,60,15,75,0,3,84,15,102,170,64,234,336
03/17/2002,SDM,CA,AWP,WE,Federal Contract Tower,0,0,24,0,24,0,0,71,0,71,0,0,95,0,95,259,0,259,354
03/18/2002,SDM,CA,AWP,WE,Federal Contract Tower,0,0,25,0,25,0,0,53,5,58,0,0,78,5,83,281,62,343,426
03/19/2002,SDM,CA,AWP,WE,Federal Contract Tower,0,0,26,0,26,0,0,89,0,89,0,0,115,0,115,347,0,347,462
03/20/2002,SDM,CA,AWP,WE,Federal Contract Tower,0,5,26,0,31,0,0,81,0,81,0,5,107,0,112,371,0,371,483
03/21/2002,SDM,CA,AWP,WE,Federal Contract Tower,0,0,25,0,25,0,0,122,18,140,0,0,147,18,165,490,64,554,719
03/22/2002,SDM,CA,AWP,WE,Federal Contract Tower,0,0,26,0,26,0,0,107,4,111,0,0,133,4,137,349,0,349,486
03/23/2002,SDM,CA,AWP,WE,Federal Contract Tower,0,2,43,0,45,0,1,70,6,77,0,3,113,6,122,199,1,200,322
03/24/2002,SDM,CA,AWP,WE,Federal Contract Tower,0,0,37,0,37,0,5,46,0,51,0,5,83,0,88,208,0,208,296
03/25/2002,SDM,CA,AWP,WE,Federal Contract Tower,0,0,36,0,36,0,0,90,1,91,0,0,126,1,127,324,1,325,452
03/26/2002,SDM,CA,AWP,WE,Federal Contract Tower,0,0,23,0,23,0,0,80,4,84,0,0,103,4,107,280,59,339,446
03/27/2002,SDM,CA,AWP,WE,Federal Contract Tower,0,1,26,0,27,0,0,43,12,55,0,1,69,12,82,377,5,382,464
03/28/2002,SDM,CA,AWP,WE,Federal Contract Tower,0,0,36,0,36,0,0,79,19,98,0,0,115,19,134,256,21,277,411
03/29/2002,SDM,CA,AWP,WE,Federal Contract Tower,0,1,38,1,40,0,0,88,1,89,0,1,126,2,129,254,0,254,383
03/30/2002,SDM,CA,AWP,WE,Federal Contract Tower,0,0,48,0,48,0,1,78,0,79,0,1,126,0,127,216,0,216,343
03/31/2002,SDM,CA,AWP,WE,Federal Contract Tower,0,0,28,0,28,0,0,34,0,34,0,0,62,0,62,174,0,174,236
04/01/2002,SDM,CA,AWP,WE,Federal Contract Tower,0,0,22,0,22,0,0,31,0,31,0,0,53,0,53,177,0,177,230
04/02/2002,SDM,CA,AWP,WE,Federal Contract Tower,0,0,43,0,43,0,1,35,20,56,0,1,78,20,99,200,13,213,312
04/03/2002,SDM,CA,AWP,WE,Federal Contract Tower,0,3,49,1,53,0,0,49,9,58,0,3,98,10,111,189,16,205,316
04/04/2002,SDM,CA,AWP,WE,Federal Contract Tower,0,1,23,0,24,0,0,104,14,118,0,1,127,14,142,299,12,311,453
04/05/2002,SDM,CA,AWP,WE,Federal Contract Tower,0,6,36,0,42,0,0,68,4,72,0,6,104,4,114,339,30,369,483
04/06/2002,SDM,CA,AWP,WE,Federal Contract Tower,0,0,44,0,44,0,3,21,1,25,0,3,65,1,69,82,20,102,171
04/07/2002,SDM,CA,AWP,WE,Federal Contract Tower,0,0,39,0,39,0,0,27,0,27,0,0,66,0,66,170,0,170,236
04/08/2002,SDM,CA,AWP,WE,Federal Contract Tower,0,0,25,0,25,0,0,57,2,59,0,0,82,2,84,293,25,318,402
04/09/2002,SDM,CA,AWP,WE,Federal Contract Tower,0,0,29,0,29,0,0,68,3,71,0,0,97,3,100,352,22,374,474
04/10/2002,SDM,CA,AWP,WE,Federal Contract Tower,0,1,19,0,20,0,0,62,4,66,0,1,81,4,86,250,25,275,361
04/11/2002,SDM,CA,AWP,WE,Federal Contract Tower,0,2,37,0,39,0,0,93,14,107,0,2,130,14,146,158,0,158,304
04/12/2002,SDM,CA,AWP,WE,Federal Contract Tower,0,0,24,0,24,0,0,39,11,50,0,0,63,11,74,130,33,163,237
04/13/2002,SDM,CA,AWP,WE,Federal Contract Tower,0,0,27,0,27,0,1,87,2,90,0,1,114,2,117,115,3,118,235
04/14/2002,SDM,CA,AWP,WE,Federal Contract Tower,0,0,25,0,25,0,0,49,0,49,0,0,74,0,74,148,0,148,222
04/15/2002,SDM,CA,AWP,WE,Federal Contract Tower,0,0,7,0,7,0,0,0,1,1,0,0,7,1,8,3,9,12,20
04/16/2002,SDM,CA,AWP,WE,Federal Contract Tower,0,0,32,0,32,0,0,46,7,53,0,0,78,7,85,347,11,358,443
04/17/2002,SDM,CA,AWP,WE,Federal Contract Tower,0,0,19,3,22,0,2,67,3,72,0,2,86,6,94,334,26,360,454
04/18/2002,SDM,CA,AWP,WE,Federal Contract Tower,0,2,26,0,28,0,0,128,17,145,0,2,154,17,173,299,0,299,472
04/19/2002,SDM,CA,AWP,WE,Federal Contract Tower,0,0,22,0,22,0,0,110,9,119,0,0,132,9,141,306,89,395,536
04/20/2002,SDM,CA,AWP,WE,Federal Contract Tower,0,4,31,0,35,0,0,141,6,147,0,4,172,6,182,375,84,459,641
04/21/2002,SDM,CA,AWP,WE,Federal Contract Tower,0,0,37,0,37,0,0,74,0,74,0,0,111,0,111,302,0,302,413
04/22/2002,SDM,CA,AWP,WE,Federal Contract Tower,0,0,15,0,15,0,0,77,6,83,0,0,92,6,98,372,30,402,500
04/23/2002,SDM,CA,AWP,WE,Federal Contract Tower,0,0,26,0,26,0,0,91,9,100,0,0,117,9,126,496,16,512,638
04/24/2002,SDM,CA,AWP,WE,Federal Contract Tower,0,0,29,0,29,0,0,17,15,32,0,0,46,15,61,97,42,139,200
04/25/2002,SDM,CA,AWP,WE,Federal Contract Tower,0,1,23,0,24,0,0,113,2,115,0,1,136,2,139,387,0,387,526
04/26/2002,SDM,CA,AWP,WE,Federal Contract Tower,0,0,27,1,28,0,0,31,14,45,0,0,58,15,73,109,71,180,253
04/27/2002,SDM,CA,AWP,WE,Federal Contract Tower,0,0,32,0,32,0,0,69,0,69,0,0,101,0,101,360,0,360,461
04/28/2002,SDM,CA,AWP,WE,Federal Contract Tower,0,0,33,0,33,0,3,87,1,91,0,3,120,1,124,307,0,307,431
04/29/2002,SDM,CA,AWP,WE,Federal Contract Tower,0,0,25,0,25,0,0,68,2,70,0,0,93,2,95,309,17,326,421
04/30/2002,SDM,CA,AWP,WE,Federal Contract Tower,0,0,25,0,25,0,0,43,1,44,0,0,68,1,69,297,1,298,367
05/01/2002,SDM,CA,AWP,WE,Federal Contract Tower,0,4,15,2,21,0,0,67,11,78,0,4,82,13,99,256,20,276,375
05/02/2002,SDM,CA,AWP,WE,Federal Contract Tower,0,0,19,0,19,0,0,137,0,137,0,0,156,0,156,303,0,303,459
05/03/2002,SDM,CA,AWP,WE,Federal Contract Tower,0,3,9,0,12,0,2,108,9,119,0,5,117,9,131,364,0,364,495
05/04/2002,SDM,CA,AWP,WE,Federal Contract Tower,0,0,23,0,23,0,0,105,0,105,0,0,128,0,128,365,0,365,493
05/05/2002,SDM,CA,AWP,WE,Federal Contract Tower,0,0,31,0,31,0,0,63,8,71,0,0,94,8,102,315,0,315,417
05/06/2002,SDM,CA,AWP,WE,Federal Contract Tower,0,0,15,0,15,0,0,81,6,87,0,0,96,6,102,270,29,299,401
05/07/2002,SDM,CA,AWP,WE,Federal Contract Tower,0,0,29,0,29,0,0,13,1,14,0,0,42,1,43,55,3,58,101
05/08/2002,SDM,CA,AWP,WE,Federal Contract Tower,0,1,33,0,34,0,2,77,31,110,0,3,110,31,144,278,50,328,472
05/09/2002,SDM,CA,AWP,WE,Federal Contract Tower,0,2,38,2,42,0,0,87,17,104,0,2,125,19,146,425,2,427,573
05/10/2002,SDM,CA,AWP,WE,Federal Contract Tower,0,2,22,0,24,0,0,93,19,112,0,2,115,19,136,337,1,338,474
05/11/2002,SDM,CA,AWP,WE,Federal Contract Tower,0,0,25,0,25,0,0,147,2,149,0,0,172,2,174,317,0,317,491
05/12/2002,SDM,CA,AWP,WE,Federal Contract Tower,0,0,18,0,18,0,0,77,0,77,0,0,95,0,95,254,0,254,349
05/13/2002,SDM,CA,AWP,WE,Federal Contract Tower,0,0,23,0,23,0,0,77,9,86,0,0,100,9,109,408,30,438,547
05/14/2002,SDM,CA,AWP,WE,Federal Contract Tower,0,0,19,0,19,0,0,79,5,84,0,0,98,5,103,376,78,454,557
05/15/2002,SDM,CA,AWP,WE,Federal Contract Tower,0,3,29,1,33,0,0,59,5,64,0,3,88,6,97,333,3,336,433
05/16/2002,SDM,CA,AWP,WE,Federal Contract Tower,0,2,22,0,24,0,0,103,6,109,0,2,125,6,133,375,30,405,538
05/17/2002,SDM,CA,AWP,WE,Federal Contract Tower,0,1,21,2,24,0,1,108,5,114,0,2,129,7,138,271,53,324,462
05/18/2002,SDM,CA,AWP,WE,Federal Contract Tower,0,2,24,0,26,0,0,63,5,68,0,2,87,5,94,165,38,203,297
05/19/2002,SDM,CA,AWP,WE,Federal Contract Tower,0,0,31,0,31,0,0,39,0,39,0,0,70,0,70,144,0,144,214
05/20/2002,SDM,CA,AWP,WE,Federal Contract Tower,0,0,26,0,26,0,0,39,5,44,0,0,65,5,70,258,22,280,350
05/21/2002,SDM,CA,AWP,WE,Federal Contract Tower,0,0,12,0,12,0,0,52,2,54,0,0,64,2,66,262,10,272,338
05/22/2002,SDM,CA,AWP,WE,Federal Contract Tower,0,3,18,1,22,0,0,108,21,129,0,3,126,22,151,314,16,330,481
05/23/2002,SDM,CA,AWP,WE,Federal Contract Tower,0,0,29,1,30,0,0,113,3,116,0,0,142,4,146,399,27,426,572
05/24/2002,SDM,CA,AWP,WE,Federal Contract Tower,0,3,25,0,28,0,0,103,14,117,0,3,128,14,145,265,51,316,461
05/25/2002,SDM,CA,AWP,WE,Federal Contract Tower,0,1,23,0,24,0,2,126,0,128,0,3,149,0,152,390,0,390,542
05/26/2002,SDM,CA,AWP,WE,Federal Contract Tower,0,0,16,0,16,0,0,87,0,87,0,0,103,0,103,247,0,247,350
05/27/2002,SDM,CA,AWP,WE,Federal Contract Tower,0,0,43,0,43,0,0,85,0,85,0,0,128,0,128,181,0,181,309
05/28/2002,SDM,CA,AWP,WE,Federal Contract Tower,0,0,26,0,26,0,0,84,6,90,0,0,110,6,116,278,37,315,431
05/29/2002,SDM,CA,AWP,WE,Federal Contract Tower,0,0,23,0,23,0,2,78,5,85,0,2,101,5,108,277,1,278,386
05/30/2002,SDM,CA,AWP,WE,Federal Contract Tower,0,4,20,0,24,0,0,96,6,102,0,4,116,6,126,205,0,205,331
05/31/2002,SDM,CA,AWP,WE,Federal Contract Tower,0,3,27,0,30,0,0,103,0,103,0,3,130,0,133,222,0,222,355
06/01/2002,SDM,CA,AWP,WE,Federal Contract Tower,0,3,33,0,36,0,2,133,0,135,0,5,166,0,171,337,0,337,508
06/02/2002,SDM,CA,AWP,WE,Federal Contract Tower,0,0,38,0,38,0,2,106,0,108,0,2,144,0,146,250,0,250,396
06/03/2002,SDM,CA,AWP,WE,Federal Contract Tower,0,0,24,0,24,0,0,59,2,61,0,0,83,2,85,207,8,215,300
06/04/2002,SDM,CA,AWP,WE,Federal Contract Tower,0,0,14,0,14,0,0,68,15,83,0,0,82,15,97,315,47,362,459
06/05/2002,SDM,CA,AWP,WE,Federal Contract Tower,0,1,27,4,32,0,0,78,18,96,0,1,105,22,128,266,141,407,535
06/06/2002,SDM,CA,AWP,WE,Federal Contract Tower,0,0,31,0,31,0,0,65,32,97,0,0,96,32,128,257,230,487,615
06/07/2002,SDM,CA,AWP,WE,Federal Contract Tower,0,4,24,1,29,0,0,47,16,63,0,4,71,17,92,147,60,207,299
06/08/2002,SDM,CA,AWP,WE,Federal Contract Tower,0,3,30,0,33,0,0,84,0,84,0,3,114,0,117,132,0,132,249
06/09/2002,SDM,CA,AWP,WE,Federal Contract Tower,0,0,30,0,30,0,0,37,3,40,0,0,67,3,70,97,1,98,168
06/10/2002,SDM,CA,AWP,WE,Federal Contract Tower,0,0,24,0,24,0,0,43,6,49,0,0,67,6,73,205,48,253,326
06/11/2002,SDM,CA,AWP,WE,Federal Contract Tower,0,1,25,1,27,0,1,99,27,127,0,2,124,28,154,326,47,373,527
06/12/2002,SDM,CA,AWP,WE,Federal Contract Tower,0,0,29,1,30,0,0,94,21,115,0,0,123,22,145,349,6,355,500
06/13/2002,SDM,CA,AWP,WE,Federal Contract Tower,0,2,19,0,21,0,0,80,41,121,0,2,99,41,142,211,56,267,409
06/14/2002,SDM,CA,AWP,WE,Federal Contract Tower,0,0,19,2,21,0,0,84,21,105,0,0,103,23,126,121,61,182,308
06/15/2002,SDM,CA,AWP,WE,Federal Contract Tower,0,0,19,0,19,0,0,112,2,114,0,0,131,2,133,340,5,345,478
06/16/2002,SDM,CA,AWP,WE,Federal Contract Tower,0,0,8,0,8,0,1,57,0,58,0,1,65,0,66,176,0,176,242
06/17/2002,SDM,CA,AWP,WE,Federal Contract Tower,0,0,16,0,16,0,0,90,8,98,0,0,106,8,114,280,26,306,420
06/18/2002,SDM,CA,AWP,WE,Federal Contract Tower,0,0,37,0,37,0,0,56,14,70,0,0,93,14,107,223,88,311,418
06/19/2002,SDM,CA,AWP,WE,Federal Contract Tower,0,2,21,0,23,0,0,66,11,77,0,2,87,11,100,147,12,159,259
06/20/2002,SDM,CA,AWP,WE,Federal Contract Tower,0,0,36,4,40,0,0,42,12,54,0,0,78,16,94,60,27,87,181
06/21/2002,SDM,CA,AWP,WE,Federal Contract Tower,0,3,30,1,34,0,0,70,5,75,0,3,100,6,109,222,0,222,331
06/22/2002,SDM,CA,AWP,WE,Federal Contract Tower,0,0,17,0,17,0,1,111,0,112,0,1,128,0,129,323,0,323,452
06/23/2002,SDM,CA,AWP,WE,Federal Contract Tower,0,0,31,0,31,0,0,85,0,85,0,0,116,0,116,234,0,234,350
06/24/2002,SDM,CA,AWP,WE,Federal Contract Tower,0,0,33,0,33,0,0,46,2,48,0,0,79,2,81,220,20,240,321
06/25/2002,SDM,CA,AWP,WE,Federal Contract Tower,0,0,15,0,15,0,0,85,19,104,0,0,100,19,119,263,88,351,470
06/26/2002,SDM,CA,AWP,WE,Federal Contract Tower,0,0,16,0,16,0,0,93,6,99,0,0,109,6,115,251,62,313,428
06/27/2002,SDM,CA,AWP,WE,Federal Contract Tower,0,3,22,1,26,0,1,115,15,131,0,4,137,16,157,298,13,311,468
06/28/2002,SDM,CA,AWP,WE,Federal Contract Tower,0,6,31,0,37,0,1,85,4,90,0,7,116,4,127,341,0,341,468
06/29/2002,SDM,CA,AWP,WE,Federal Contract Tower,0,0,14,0,14,0,0,110,0,110,0,0,124,0,124,266,0,266,390
06/30/2002,SDM,CA,AWP,WE,Federal Contract Tower,0,0,24,0,24,0,1,85,5,91,0,1,109,5,115,208,8,216,331
07/01/2002,SDM,CA,AWP,WE,Federal Contract Tower,0,0,16,0,16,0,0,69,6,75,0,0,85,6,91,294,15,309,400
07/02/2002,SDM,CA,AWP,WE,Federal Contract Tower,0,0,29,0,29,0,0,85,2,87,0,0,114,2,116,251,35,286,402
07/03/2002,SDM,CA,AWP,WE,Federal Contract Tower,0,0,35,0,35,0,0,87,12,99,0,0,122,12,134,318,3,321,455
07/04/2002,SDM,CA,AWP,WE,Federal Contract Tower,0,2,18,0,20,0,0,79,0,79,0,2,97,0,99,150,0,150,249
07/05/2002,SDM,CA,AWP,WE,Federal Contract Tower,0,2,22,0,24,0,0,109,0,109,0,2,131,0,133,248,0,248,381
07/06/2002,SDM,CA,AWP,WE,Federal Contract Tower,0,0,22,0,22,0,0,88,0,88,0,0,110,0,110,214,0,214,324
07/07/2002,SDM,CA,AWP,WE,Federal Contract Tower,0,7,43,0,50,0,0,114,8,122,0,7,157,8,172,155,0,155,327
07/08/2002,SDM,CA,AWP,WE,Federal Contract Tower,0,0,37,0,37,0,2,59,13,74,0,2,96,13,111,191,79,270,381
07/09/2002,SDM,CA,AWP,WE,Federal Contract Tower,0,0,34,0,34,0,2,50,22,74,0,2,84,22,108,267,187,454,562
07/10/2002,SDM,CA,AWP,WE,Federal Contract Tower,0,0,20,0,20,0,0,58,10,68,0,0,78,10,88,254,127,381,469
07/11/2002,SDM,CA,AWP,WE,Federal Contract Tower,0,0,35,0,35,0,0,84,12,96,0,0,119,12,131,241,51,292,423
07/12/2002,SDM,CA,AWP,WE,Federal Contract Tower,0,0,18,1,19,0,0,88,11,99,0,0,106,12,118,162,36,198,316
07/13/2002,SDM,CA,AWP,WE,Federal Contract Tower,0,0,21,3,24,0,0,130,3,133,0,0,151,6,157,276,15,291,448
07/14/2002,SDM,CA,AWP,WE,Federal Contract Tower,0,0,26,0,26,0,0,114,8,122,0,0,140,8,148,175,0,175,323
07/15/2002,SDM,CA,AWP,WE,Federal Contract Tower,0,1,22,0,23,0,0,70,8,78,0,1,92,8,101,225,19,244,345
07/16/2002,SDM,CA,AWP,WE,Federal Contract Tower,0,0,26,0,26,0,0,87,11,98,0,0,113,11,124,208,18,226,350
07/17/2002,SDM,CA,AWP,WE,Federal Contract Tower,0,0,27,0,27,0,0,84,26,110,0,0,111,26,137,255,24,279,416
07/18/2002,SDM,CA,AWP,WE,Federal Contract Tower,0,0,19,1,20,0,0,87,22,109,0,0,106,23,129,244,57,301,430
07/19/2002,SDM,CA,AWP,WE,Federal Contract Tower,0,0,22,0,22,0,0,87,1,88,0,0,109,1,110,145,11,156,266
07/20/2002,SDM,CA,AWP,WE,Federal Contract Tower,0,1,14,1,16,0,0,79,5,84,0,1,93,6,100,238,18,256,356
07/21/2002,SDM,CA,AWP,WE,Federal Contract Tower,0,0,22,0,22,0,0,81,0,81,0,0,103,0,103,164,0,164,267
07/22/2002,SDM,CA,AWP,WE,Federal Contract Tower,0,0,16,0,16,0,0,83,2,85,0,0,99,2,101,216,6,222,323
07/23/2002,SDM,CA,AWP,WE,Federal Contract Tower,0,2,22,0,24,0,0,108,10,118,0,2,130,10,142,338,20,358,500
07/24/2002,SDM,CA,AWP,WE,Federal Contract Tower,0,0,13,0,13,0,0,109,21,130,0,0,122,21,143,398,34,432,575
07/25/2002,SDM,CA,AWP,WE,Federal Contract Tower,0,8,18,2,28,0,0,134,29,163,0,8,152,31,191,329,35,364,555
07/26/2002,SDM,CA,AWP,WE,Federal Contract Tower,0,3,26,1,30,0,3,92,24,119,0,6,118,25,149,282,47,329,478
07/27/2002,SDM,CA,AWP,WE,Federal Contract Tower,0,4,18,0,22,0,0,117,0,117,0,4,135,0,139,325,0,325,464
07/28/2002,SDM,CA,AWP,WE,Federal Contract Tower,0,0,20,0,20,0,0,94,0,94,0,0,114,0,114,167,0,167,281
07/29/2002,SDM,CA,AWP,WE,Federal Contract Tower,0,0,15,0,15,0,0,72,11,83,0,0,87,11,98,301,0,301,399
07/30/2002,SDM,CA,AWP,WE,Federal Contract Tower,0,0,26,0,26,0,0,77,16,93,0,0,103,16,119,209,10,219,338
07/31/2002,SDM,CA,AWP,WE,Federal Contract Tower,0,0,27,0,27,0,0,155,15,170,0,0,182,15,197,521,14,535,732
08/01/2002,SDM,CA,AWP,WE,Federal Contract Tower,0,3,19,0,22,0,0,133,28,161,0,3,152,28,183,281,32,313,496
08/02/2002,SDM,CA,AWP,WE,Federal Contract Tower,0,1,19,0,20,0,0,75,3,78,0,1,94,3,98,166,0,166,264
08/03/2002,SDM,CA,AWP,WE,Federal Contract Tower,0,1,20,0,21,0,0,124,0,124,0,1,144,0,145,264,0,264,409
08/04/2002,SDM,CA,AWP,WE,Federal Contract Tower,0,1,20,0,21,0,0,97,0,97,0,1,117,0,118,300,0,300,418
08/05/2002,SDM,CA,AWP,WE,Federal Contract Tower,0,1,23,0,24,0,0,67,11,78,0,1,90,11,102,154,12,166,268
08/06/2002,SDM,CA,AWP,WE,Federal Contract Tower,0,2,25,0,27,0,0,112,6,118,0,2,137,6,145,355,22,377,522
08/07/2002,SDM,CA,AWP,WE,Federal Contract Tower,0,0,25,0,25,0,1,56,10,67,0,1,81,10,92,79,0,79,171
08/08/2002,SDM,CA,AWP,WE,Federal Contract Tower,0,1,20,0,21,0,0,84,37,121,0,1,104,37,142,223,69,292,434
08/09/2002,SDM,CA,AWP,WE,Federal Contract Tower,0,0,22,1,23,0,0,128,19,147,0,0,150,20,170,421,66,487,657
08/10/2002,SDM,CA,AWP,WE,Federal Contract Tower,0,4,12,0,16,0,0,152,6,158,0,4,164,6,174,350,66,416,590
08/11/2002,SDM,CA,AWP,WE,Federal Contract Tower,0,0,27,0,27,0,0,91,0,91,0,0,118,0,118,189,0,189,307
08/12/2002,SDM,CA,AWP,WE,Federal Contract Tower,0,0,34,3,37,0,0,63,20,83,0,0,97,23,120,295,73,368,488
08/13/2002,SDM,CA,AWP,WE,Federal Contract Tower,0,0,23,0,23,0,0,99,6,105,0,0,122,6,128,258,14,272,400
08/14/2002,SDM,CA,AWP,WE,Federal Contract Tower,0,0,19,0,19,0,0,94,9,103,0,0,113,9,122,332,0,332,454
08/15/2002,SDM,CA,AWP,WE,Federal Contract Tower,0,0,25,1,26,0,0,98,16,114,0,0,123,17,140,251,21,272,412
08/16/2002,SDM,CA,AWP,WE,Federal Contract Tower,0,1,28,2,31,0,0,101,10,111,0,1,129,12,142,223,14,237,379
08/17/2002,SDM,CA,AWP,WE,Federal Contract Tower,0,2,27,0,29,0,0,61,2,63,0,2,88,2,92,159,49,208,300
08/18/2002,SDM,CA,AWP,WE,Federal Contract Tower,0,0,39,0,39,0,0,43,2,45,0,0,82,2,84,19,0,19,103
08/19/2002,SDM,CA,AWP,WE,Federal Contract Tower,0,0,28,0,28,0,0,42,2,44,0,0,70,2,72,68,3,71,143
08/20/2002,SDM,CA,AWP,WE,Federal Contract Tower,0,1,21,2,24,0,0,78,4,82,0,1,99,6,106,253,25,278,384
08/21/2002,SDM,CA,AWP,WE,Federal Contract Tower,0,0,25,0,25,0,0,83,0,83,0,0,108,0,108,246,2,248,356
08/22/2002,SDM,CA,AWP,WE,Federal Contract Tower,0,0,24,0,24,0,0,97,15,112,0,0,121,15,136,341,61,402,538
08/23/2002,SDM,CA,AWP,WE,Federal Contract Tower,0,0,17,0,17,0,0,117,9,126,0,0,134,9,143,328,11,339,482
08/24/2002,SDM,CA,AWP,WE,Federal Contract Tower,0,0,18,0,18,0,0,142,41,183,0,0,160,41,201,403,0,403,604
08/25/2002,SDM,CA,AWP,WE,Federal Contract Tower,0,0,16,0,16,0,2,87,4,93,0,2,103,4,109,186,13,199,308
08/26/2002,SDM,CA,AWP,WE,Federal Contract Tower,0,0,20,2,22,0,0,96,8,104,0,0,116,10,126,219,30,249,375
08/27/2002,SDM,CA,AWP,WE,Federal Contract Tower,0,0,19,1,20,0,0,74,8,82,0,0,93,9,102,189,34,223,325
08/28/2002,SDM,CA,AWP,WE,Federal Contract Tower,0,2,23,0,25,0,0,94,8,102,0,2,117,8,127,262,38,300,427
08/29/2002,SDM,CA,AWP,WE,Federal Contract Tower,0,3,16,1,20,0,0,124,17,141,0,3,140,18,161,259,0,259,420
08/30/2002,SDM,CA,AWP,WE,Federal Contract Tower,0,0,24,4,28,0,0,131,0,131,0,0,155,4,159,342,0,342,501
08/31/2002,SDM,CA,AWP,WE,Federal Contract Tower,0,2,13,0,15,0,0,111,0,111,0,2,124,0,126,249,0,249,375
09/01/2002,SDM,CA,AWP,WE,Federal Contract Tower,0,2,16,0,18,0,0,90,0,90,0,2,106,0,108,167,0,167,275
09/02/2002,SDM,CA,AWP,WE,Federal Contract Tower,0,2,23,3,28,0,0,108,1,109,0,2,131,4,137,180,0,180,317
09/03/2002,SDM,CA,AWP,WE,Federal Contract Tower,0,0,23,0,23,0,0,102,7,109,0,0,125,7,132,248,101,349,481
09/04/2002,SDM,CA,AWP,WE,Federal Contract Tower,0,0,18,0,18,0,1,112,44,157,0,1,130,44,175,353,58,411,586
09/05/2002,SDM,CA,AWP,WE,Federal Contract Tower,0,0,22,0,22,0,1,97,20,118,0,1,119,20,140,319,0,319,459
09/06/2002,SDM,CA,AWP,WE,Federal Contract Tower,0,2,16,2,20,0,0,56,6,62,0,2,72,8,82,114,38,152,234
09/07/2002,SDM,CA,AWP,WE,Federal Contract Tower,0,0,15,0,15,0,0,68,0,68,0,0,83,0,83,217,0,217,300
09/08/2002,SDM,CA,AWP,WE,Federal Contract Tower,0,4,27,2,33,0,0,99,1,100,0,4,126,3,133,225,8,233,366
09/09/2002,SDM,CA,AWP,WE,Federal Contract Tower,0,0,16,0,16,0,0,135,9,144,0,0,151,9,160,325,12,337,497
09/10/2002,SDM,CA,AWP,WE,Federal Contract Tower,0,4,8,0,12,0,0,79,23,102,0,4,87,23,114,238,4,242,356
09/11/2002,SDM,CA,AWP,WE,Federal Contract Tower,0,0,19,1,20,0,0,140,21,161,0,0,159,22,181,262,16,278,459
09/12/2002,SDM,CA,AWP,WE,Federal Contract Tower,0,1,18,0,19,0,0,86,30,116,0,1,104,30,135,229,4,233,368
09/13/2002,SDM,CA,AWP,WE,Federal Contract Tower,0,2,18,0,20,0,0,93,5,98,0,2,111,5,118,277,5,282,400
09/14/2002,SDM,CA,AWP,WE,Federal Contract Tower,0,0,17,0,17,0,0,142,1,143,0,0,159,1,160,310,10,320,480
09/15/2002,SDM,CA,AWP,WE,Federal Contract Tower,0,0,23,0,23,0,0,72,0,72,0,0,95,0,95,145,0,145,240
09/16/2002,SDM,CA,AWP,WE,Federal Contract Tower,0,1,27,0,28,0,0,95,6,101,0,1,122,6,129,288,0,288,417
09/17/2002,SDM,CA,AWP,WE,Federal Contract Tower,0,0,0,0,0,0,0,114,15,129,0,0,114,15,129,336,4,340,469
09/18/2002,SDM,CA,AWP,WE,Federal Contract Tower,0,2,24,2,28,0,0,96,19,115,0,2,120,21,143,186,0,186,329
09/19/2002,SDM,CA,AWP,WE,Federal Contract Tower,0,0,9,1,10,0,0,99,9,108,0,0,108,10,118,265,21,286,404
09/20/2002,SDM,CA,AWP,WE,Federal Contract Tower,0,1,18,0,19,0,1,92,10,103,0,2,110,10,122,306,2,308,430
09/21/2002,SDM,CA,AWP,WE,Federal Contract Tower,0,0,19,0,19,0,0,107,2,109,0,0,126,2,128,260,34,294,422
09/22/2002,SDM,CA,AWP,WE,Federal Contract Tower,0,0,19,0,19,0,0,122,0,122,0,0,141,0,141,241,0,241,382
09/23/2002,SDM,CA,AWP,WE,Federal Contract Tower,0,0,14,0,14,0,0,79,16,95,0,0,93,16,109,315,124,439,548
09/24/2002,SDM,CA,AWP,WE,Federal Contract Tower,0,0,15,0,15,0,1,92,34,127,0,1,107,34,142,248,201,449,591
09/25/2002,SDM,CA,AWP,WE,Federal Contract Tower,0,2,11,0,13,0,0,93,15,108,0,2,104,15,121,310,0,310,431
09/26/2002,SDM,CA,AWP,WE,Federal Contract Tower,0,0,26,0,26,0,0,86,19,105,0,0,112,19,131,209,6,215,346
09/27/2002,SDM,CA,AWP,WE,Federal Contract Tower,0,2,18,2,22,0,2,77,7,86,0,4,95,9,108,248,6,254,362
09/28/2002,SDM,CA,AWP,WE,Federal Contract Tower,0,0,26,0,26,0,0,88,0,88,0,0,114,0,114,246,0,246,360
09/29/2002,SDM,CA,AWP,WE,Federal Contract Tower,0,2,21,0,23,0,1,63,0,64,0,3,84,0,87,178,0,178,265
09/30/2002,SDM,CA,AWP,WE,Federal Contract Tower,0,0,23,1,24,0,0,75,5,80,0,0,98,6,104,269,0,269,373
10/01/2002,SDM,CA,AWP,WE,Federal Contract Tower,0,1,18,0,19,0,2,46,2,50,0,3,64,2,69,95,0,95,164
10/02/2002,SDM,CA,AWP,WE,Federal Contract Tower,0,0,26,0,26,0,1,106,11,118,0,1,132,11,144,298,2,300,444
10/03/2002,SDM,CA,AWP,WE,Federal Contract Tower,0,0,15,0,15,0,0,120,16,136,0,0,135,16,151,355,0,355,506
10/04/2002,SDM,CA,AWP,WE,Federal Contract Tower,0,0,15,0,15,0,0,120,7,127,0,0,135,7,142,392,8,400,542
10/05/2002,SDM,CA,AWP,WE,Federal Contract Tower,0,0,11,0,11,0,0,129,4,133,0,0,140,4,144,252,18,270,414
10/06/2002,SDM,CA,AWP,WE,Federal Contract Tower,0,0,25,0,25,0,0,104,0,104,0,0,129,0,129,276,0,276,405
10/07/2002,SDM,CA,AWP,WE,Federal Contract Tower,0,2,22,0,24,0,0,75,20,95,0,2,97,20,119,238,199,437,556
10/08/2002,SDM,CA,AWP,WE,Federal Contract Tower,0,0,14,0,14,0,0,89,30,119,0,0,103,30,133,228,214,442,575
10/09/2002,SDM,CA,AWP,WE,Federal Contract Tower,0,0,17,2,19,0,0,98,21,119,0,0,115,23,138,286,0,286,424
10/10/2002,SDM,CA,AWP,WE,Federal Contract Tower,0,5,29,0,34,0,0,94,33,127,0,5,123,33,161,237,35,272,433
10/11/2002,SDM,CA,AWP,WE,Federal Contract Tower,0,1,24,2,27,0,0,117,11,128,0,1,141,13,155,225,4,229,384
10/12/2002,SDM,CA,AWP,WE,Federal Contract Tower,0,0,21,0,21,0,0,92,0,92,0,0,113,0,113,205,0,205,318
10/13/2002,SDM,CA,AWP,WE,Federal Contract Tower,0,2,30,0,32,0,0,60,0,60,0,2,90,0,92,60,0,60,152
10/14/2002,SDM,CA,AWP,WE,Federal Contract Tower,0,1,24,6,31,0,0,43,0,43,0,1,67,6,74,53,0,53,127
10/15/2002,SDM,CA,AWP,WE,Federal Contract Tower,0,2,24,5,31,0,1,64,10,75,0,3,88,15,106,157,0,157,263
10/16/2002,SDM,CA,AWP,WE,Federal Contract Tower,0,0,35,0,35,0,0,108,9,117,0,0,143,9,152,263,2,265,417
10/17/2002,SDM,CA,AWP,WE,Federal Contract Tower,0,8,20,0,28,0,0,95,9,104,0,8,115,9,132,252,0,252,384
10/18/2002,SDM,CA,AWP,WE,Federal Contract Tower,0,5,35,3,43,0,0,91,6,97,0,5,126,9,140,252,34,286,426
10/19/2002,SDM,CA,AWP,WE,Federal Contract Tower,0,2,31,0,33,0,0,86,11,97,0,2,117,11,130,210,27,237,367
10/20/2002,SDM,CA,AWP,WE,Federal Contract Tower,0,3,26,1,30,0,0,62,3,65,0,3,88,4,95,163,18,181,276
10/21/2002,SDM,CA,AWP,WE,Federal Contract Tower,0,0,24,0,24,0,2,43,18,63,0,2,67,18,87,188,68,256,343
10/22/2002,SDM,CA,AWP,WE,Federal Contract Tower,0,2,33,1,36,0,0,87,13,100,0,2,120,14,136,357,16,373,509
10/23/2002,SDM,CA,AWP,WE,Federal Contract Tower,0,0,22,0,22,0,0,82,18,100,0,0,104,18,122,224,12,236,358
10/24/2002,SDM,CA,AWP,WE,Federal Contract Tower,0,3,25,0,28,0,0,83,5,88,0,3,108,5,116,170,0,170,286
10/25/2002,SDM,CA,AWP,WE,Federal Contract Tower,0,0,23,0,23,0,0,128,10,138,0,0,151,10,161,297,0,297,458
10/26/2002,SDM,CA,AWP,WE,Federal Contract Tower,0,3,17,0,20,0,0,41,0,41,0,3,58,0,61,96,0,96,157
10/27/2002,SDM,CA,AWP,WE,Federal Contract Tower,0,1,41,0,42,0,0,69,1,70,0,1,110,1,112,249,0,249,361
10/28/2002,SDM,CA,AWP,WE,Federal Contract Tower,0,0,27,0,27,0,0,87,26,113,0,0,114,26,140,242,0,242,382
10/29/2002,SDM,CA,AWP,WE,Federal Contract Tower,0,1,21,1,23,0,0,83,17,100,0,1,104,18,123,225,23,248,371
10/30/2002,SDM,CA,AWP,WE,Federal Contract Tower,0,2,24,0,26,0,0,77,12,89,0,2,101,12,115,157,28,185,300
10/31/2002,SDM,CA,AWP,WE,Federal Contract Tower,0,0,14,0,14,0,0,75,14,89,0,0,89,14,103,249,0,249,352
11/01/2002,SDM,CA,AWP,WE,Federal Contract Tower,0,1,18,0,19,0,1,42,0,43,0,2,60,0,62,230,0,230,292
11/02/2002,SDM,CA,AWP,WE,Federal Contract Tower,0,2,24,0,26,0,1,67,0,68,0,3,91,0,94,210,0,210,304
11/03/2002,SDM,CA,AWP,WE,Federal Contract Tower,0,3,26,0,29,0,1,82,0,83,0,4,108,0,112,136,0,136,248
11/04/2002,SDM,CA,AWP,WE,Federal Contract Tower,0,2,29,0,31,0,0,70,4,74,0,2,99,4,105,203,0,203,308
11/05/2002,SDM,CA,AWP,WE,Federal Contract Tower,0,0,26,0,26,0,0,101,55,156,0,0,127,55,182,214,46,260,442
11/06/2002,SDM,CA,AWP,WE,Federal Contract Tower,0,1,19,0,20,0,0,77,1,78,0,1,96,1,98,259,18,277,375
11/07/2002,SDM,CA,AWP,WE,Federal Contract Tower,0,0,17,0,17,0,0,90,0,90,0,0,107,0,107,246,0,246,353
11/08/2002,SDM,CA,AWP,WE,Federal Contract Tower,0,0,11,0,11,0,0,11,0,11,0,0,22,0,22,19,0,19,41
11/09/2002,SDM,CA,AWP,WE,Federal Contract Tower,0,0,3,0,3,0,0,3,0,3,0,0,6,0,6,0,0,0,6
11/10/2002,SDM,CA,AWP,WE,Federal Contract Tower,0,3,35,0,38,0,3,77,0,80,0,6,112,0,118,205,0,205,323
11/11/2002,SDM,CA,AWP,WE,Federal Contract Tower,0,4,20,0,24,0,2,89,0,91,0,6,109,0,115,258,0,258,373
11/12/2002,SDM,CA,AWP,WE,Federal Contract Tower,0,4,8,1,13,0,0,93,15,108,0,4,101,16,121,306,34,340,461
11/13/2002,SDM,CA,AWP,WE,Federal Contract Tower,0,5,36,2,43,0,0,101,18,119,0,5,137,20,162,288,6,294,456
11/14/2002,SDM,CA,AWP,WE,Federal Contract Tower,0,2,21,3,26,0,0,107,17,124,0,2,128,20,150,226,109,335,485
11/15/2002,SDM,CA,AWP,WE,Federal Contract Tower,0,2,25,1,28,0,0,75,10,85,0,2,100,11,113,179,0,179,292
11/16/2002,SDM,CA,AWP,WE,Federal Contract Tower,0,2,20,0,22,0,0,113,2,115,0,2,133,2,137,277,12,289,426
11/17/2002,SDM,CA,AWP,WE,Federal Contract Tower,0,2,40,0,42,0,0,100,0,100,0,2,140,0,142,201,0,201,343
11/18/2002,SDM,CA,AWP,WE,Federal Contract Tower,0,1,26,1,28,0,0,109,12,121,0,1,135,13,149,299,0,299,448
11/19/2002,SDM,CA,AWP,WE,Federal Contract Tower,0,1,26,1,28,0,7,104,11,122,0,8,130,12,150,264,14,278,428
11/20/2002,SDM,CA,AWP,WE,Federal Contract Tower,0,0,12,0,12,0,2,99,13,114,0,2,111,13,126,218,11,229,355
11/21/2002,SDM,CA,AWP,WE,Federal Contract Tower,0,1,24,0,25,0,4,95,14,113,0,5,119,14,138,204,6,210,348
11/22/2002,SDM,CA,AWP,WE,Federal Contract Tower,0,5,29,0,34,0,0,106,8,114,0,5,135,8,148,277,116,393,541
11/23/2002,SDM,CA,AWP,WE,Federal Contract Tower,0,0,30,1,31,0,0,78,15,93,0,0,108,16,124,225,0,225,349
11/24/2002,SDM,CA,AWP,WE,Federal Contract Tower,0,0,34,1,35,0,0,81,0,81,0,0,115,1,116,342,0,342,458
11/25/2002,SDM,CA,AWP,WE,Federal Contract Tower,0,2,39,3,44,0,0,49,21,70,0,2,88,24,114,152,71,223,337
11/26/2002,SDM,CA,AWP,WE,Federal Contract Tower,0,0,14,0,14,0,0,68,21,89,0,0,82,21,103,201,50,251,354
11/27/2002,SDM,CA,AWP,WE,Federal Contract Tower,0,6,15,0,21,0,0,41,2,43,0,6,56,2,64,105,24,129,193
11/28/2002,SDM,CA,AWP,WE,Federal Contract Tower,0,0,15,0,15,0,0,49,0,49,0,0,64,0,64,173,0,173,237
11/29/2002,SDM,CA,AWP,WE,Federal Contract Tower,0,0,20,0,20,0,0,68,0,68,0,0,88,0,88,229,0,229,317
11/30/2002,SDM,CA,AWP,WE,Federal Contract Tower,0,5,27,0,32,0,0,127,0,127,0,5,154,0,159,429,0,429,588
12/01/2002,SDM,CA,AWP,WE,Federal Contract Tower,0,3,49,0,52,0,0,82,0,82,0,3,131,0,134,205,0,205,339
12/02/2002,SDM,CA,AWP,WE,Federal Contract Tower,0,0,17,0,17,0,0,87,2,89,0,0,104,2,106,236,0,236,342
12/03/2002,SDM,CA,AWP,WE,Federal Contract Tower,0,3,16,0,19,0,0,100,10,110,0,3,116,10,129,358,37,395,524
12/04/2002,SDM,CA,AWP,WE,Federal Contract Tower,0,4,16,0,20,0,0,91,6,97,0,4,107,6,117,164,7,171,288
12/05/2002,SDM,CA,AWP,WE,Federal Contract Tower,0,0,27,0,27,0,0,59,10,69,0,0,86,10,96,268,0,268,364
12/06/2002,SDM,CA,AWP,WE,Federal Contract Tower,0,1,21,0,22,0,0,95,0,95,0,1,116,0,117,283,0,283,400
12/07/2002,SDM,CA,AWP,WE,Federal Contract Tower,0,7,21,2,30,0,2,104,9,115,0,9,125,11,145,263,8,271,416
12/08/2002,SDM,CA,AWP,WE,Federal Contract Tower,0,7,38,0,45,0,0,87,2,89,0,7,125,2,134,273,0,273,407
12/09/2002,SDM,CA,AWP,WE,Federal Contract Tower,0,2,21,5,28,0,0,64,0,64,0,2,85,5,92,185,0,185,277
12/10/2002,SDM,CA,AWP,WE,Federal Contract Tower,0,3,20,4,27,0,0,79,9,88,0,3,99,13,115,152,30,182,297
12/11/2002,SDM,CA,AWP,WE,Federal Contract Tower,0,2,22,0,24,0,1,107,10,118,0,3,129,10,142,278,40,318,460
12/12/2002,SDM,CA,AWP,WE,Federal Contract Tower,0,3,22,0,25,0,1,101,8,110,0,4,123,8,135,207,8,215,350
12/13/2002,SDM,CA,AWP,WE,Federal Contract Tower,0,1,37,0,38,0,1,94,2,97,0,2,131,2,135,269,10,279,414
12/14/2002,SDM,CA,AWP,WE,Federal Contract Tower,0,3,23,0,26,0,0,158,2,160,0,3,181,2,186,376,27,403,589
12/15/2002,SDM,CA,AWP,WE,Federal Contract Tower,0,3,16,0,19,0,0,103,4,107,0,3,119,4,126,184,26,210,336
12/16/2002,SDM,CA,AWP,WE,Federal Contract Tower,0,2,16,0,18,0,0,43,12,55,0,2,59,12,73,71,14,85,158
12/17/2002,SDM,CA,AWP,WE,Federal Contract Tower,0,0,23,0,23,0,0,66,14,80,0,0,89,14,103,22,52,74,177
12/18/2002,SDM,CA,AWP,WE,Federal Contract Tower,0,1,28,0,29,0,3,96,14,113,0,4,124,14,142,220,28,248,390
12/19/2002,SDM,CA,AWP,WE,Federal Contract Tower,0,1,23,0,24,0,0,106,2,108,0,1,129,2,132,310,8,318,450
12/20/2002,SDM,CA,AWP,WE,Federal Contract Tower,0,3,15,0,18,0,0,19,0,19,0,3,34,0,37,52,0,52,89
12/21/2002,SDM,CA,AWP,WE,Federal Contract Tower,0,2,19,0,21,0,0,59,0,59,0,2,78,0,80,125,0,125,205
12/22/2002,SDM,CA,AWP,WE,Federal Contract Tower,0,2,13,0,15,0,0,47,0,47,0,2,60,0,62,118,0,118,180
12/23/2002,SDM,CA,AWP,WE,Federal Contract Tower,0,1,23,0,24,0,0,98,9,107,0,1,121,9,131,297,24,321,452
12/24/2002,SDM,CA,AWP,WE,Federal Contract Tower,0,0,7,0,7,0,0,41,0,41,0,0,48,0,48,194,0,194,242
12/25/2002,SDM,CA,AWP,WE,Federal Contract Tower,0,2,7,0,9,0,0,27,0,27,0,2,34,0,36,52,0,52,88
12/26/2002,SDM,CA,AWP,WE,Federal Contract Tower,0,4,36,1,41,0,0,82,7,89,0,4,118,8,130,154,24,178,308
12/27/2002,SDM,CA,AWP,WE,Federal Contract Tower,0,8,26,0,34,0,0,106,6,112,0,8,132,6,146,336,2,338,484
12/28/2002,SDM,CA,AWP,WE,Federal Contract Tower,0,3,24,0,27,0,0,105,0,105,0,3,129,0,132,256,0,256,388
12/29/2002,SDM,CA,AWP,WE,Federal Contract Tower,0,3,24,0,27,0,2,49,0,51,0,5,73,0,78,89,0,89,167
12/30/2002,SDM,CA,AWP,WE,Federal Contract Tower,0,1,19,0,20,0,0,88,17,105,0,1,107,17,125,278,71,349,474
12/31/2002,SDM,CA,AWP,WE,Federal Contract Tower,0,2,13,0,15,0,1,73,0,74,0,3,86,0,89,190,0,190,279
01/01/2003,SDM,CA,AWP,WE,Federal Contract Tower,0,3,22,0,25,0,0,51,0,51,0,3,73,0,76,31,0,31,107
01/02/2003,SDM,CA,AWP,WE,Federal Contract Tower,0,10,24,1,35,0,0,96,1,97,0,10,120,2,132,198,20,218,350
01/03/2003,SDM,CA,AWP,WE,Federal Contract Tower,0,5,24,1,30,0,1,110,27,138,0,6,134,28,168,263,0,263,431
01/04/2003,SDM,CA,AWP,WE,Federal Contract Tower,0,2,40,0,42,0,0,95,0,95,0,2,135,0,137,284,0,284,421
01/05/2003,SDM,CA,AWP,WE,Federal Contract Tower,0,5,30,0,35,0,0,220,0,220,0,5,250,0,255,279,0,279,534
01/06/2003,SDM,CA,AWP,WE,Federal Contract Tower,0,4,14,0,18,0,0,28,8,36,0,4,42,8,54,68,0,68,122
01/07/2003,SDM,CA,AWP,WE,Federal Contract Tower,0,1,14,0,15,0,0,21,2,23,0,1,35,2,38,31,0,31,69
01/08/2003,SDM,CA,AWP,WE,Federal Contract Tower,0,1,21,0,22,0,0,64,2,66,0,1,85,2,88,170,18,188,276
01/09/2003,SDM,CA,AWP,WE,Federal Contract Tower,0,1,25,0,26,0,0,116,4,120,0,1,141,4,146,351,0,351,497
01/10/2003,SDM,CA,AWP,WE,Federal Contract Tower,0,1,17,0,18,0,0,95,14,109,0,1,112,14,127,288,72,360,487
01/11/2003,SDM,CA,AWP,WE,Federal Contract Tower,0,0,6,0,6,0,0,164,6,170,0,0,170,6,176,285,136,421,597
01/12/2003,SDM,CA,AWP,WE,Federal Contract Tower,0,2,36,0,38,0,0,68,0,68,0,2,104,0,106,109,0,109,215
01/13/2003,SDM,CA,AWP,WE,Federal Contract Tower,0,2,28,1,31,0,0,96,14,110,0,2,124,15,141,281,36,317,458
01/14/2003,SDM,CA,AWP,WE,Federal Contract Tower,0,3,16,0,19,0,0,89,13,102,0,3,105,13,121,212,2,214,335
01/15/2003,SDM,CA,AWP,WE,Federal Contract Tower,0,2,13,1,16,0,0,97,6,103,0,2,110,7,119,290,28,318,437
01/16/2003,SDM,CA,AWP,WE,Federal Contract Tower,0,4,19,2,25,0,0,100,24,124,0,4,119,26,149,243,27,270,419
01/17/2003,SDM,CA,AWP,WE,Federal Contract Tower,0,5,23,0,28,0,1,92,3,96,0,6,115,3,124,248,10,258,382
01/18/2003,SDM,CA,AWP,WE,Federal Contract Tower,0,3,13,0,16,0,0,112,0,112,0,3,125,0,128,177,0,177,305
01/19/2003,SDM,CA,AWP,WE,Federal Contract Tower,0,1,19,0,20,0,0,105,0,105,0,1,124,0,125,235,0,235,360
01/20/2003,SDM,CA,AWP,WE,Federal Contract Tower,0,1,31,0,32,0,0,86,0,86,0,1,117,0,118,202,0,202,320
01/21/2003,SDM,CA,AWP,WE,Federal Contract Tower,0,0,21,0,21,0,0,75,27,102,0,0,96,27,123,251,4,255,378
01/22/2003,SDM,CA,AWP,WE,Federal Contract Tower,0,0,17,1,18,0,0,123,14,137,0,0,140,15,155,374,0,374,529
01/23/2003,SDM,CA,AWP,WE,Federal Contract Tower,0,7,23,1,31,0,0,77,16,93,0,7,100,17,124,2,0,2,126
01/24/2003,SDM,CA,AWP,WE,Federal Contract Tower,0,8,23,0,31,0,3,103,7,113,0,11,126,7,144,4,0,4,148
01/25/2003,SDM,CA,AWP,WE,Federal Contract Tower,0,4,15,0,19,0,1,132,0,133,0,5,147,0,152,23,0,23,175
01/26/2003,SDM,CA,AWP,WE,Federal Contract Tower,0,14,76,0,90,0,27,24,0,51,0,41,100,0,141,27,0,27,168
01/27/2003,SDM,CA,AWP,WE,Federal Contract Tower,0,10,48,0,58,0,8,55,0,63,0,18,103,0,121,12,0,12,133
01/28/2003,SDM,CA,AWP,WE,Federal Contract Tower,0,2,29,0,31,0,0,67,0,67,0,2,96,0,98,139,0,139,237
01/29/2003,SDM,CA,AWP,WE,Federal Contract Tower,0,3,13,0,16,0,0,48,0,48,0,3,61,0,64,58,0,58,122
01/30/2003,SDM,CA,AWP,WE,Federal Contract Tower,0,0,32,1,33,0,0,110,11,121,0,0,142,12,154,219,34,253,407
01/31/2003,SDM,CA,AWP,WE,Federal Contract Tower,0,0,29,1,30,0,0,102,5,107,0,0,131,6,137,289,4,293,430
02/01/2003,SDM,CA,AWP,WE,Federal Contract Tower,0,1,22,0,23,0,0,103,0,103,0,1,125,0,126,274,0,274,400
02/02/2003,SDM,CA,AWP,WE,Federal Contract Tower,0,1,19,0,20,0,0,69,0,69,0,1,88,0,89,246,0,246,335
02/03/2003,SDM,CA,AWP,WE,Federal Contract Tower,0,2,38,1,41,0,0,54,5,59,0,2,92,6,100,195,18,213,313
02/04/2003,SDM,CA,AWP,WE,Federal Contract Tower,0,3,20,1,24,0,2,83,1,86,0,5,103,2,110,198,12,210,320
02/05/2003,SDM,CA,AWP,WE,Federal Contract Tower,0,2,29,1,32,0,0,81,5,86,0,2,110,6,118,340,20,360,478
02/06/2003,SDM,CA,AWP,WE,Federal Contract Tower,0,1,33,3,37,0,0,113,5,118,0,1,146,8,155,362,40,402,557
02/07/2003,SDM,CA,AWP,WE,Federal Contract Tower,0,2,25,5,32,0,0,86,12,98,0,2,111,17,130,220,0,220,350
02/08/2003,SDM,CA,AWP,WE,Federal Contract Tower,0,0,14,2,16,0,0,114,2,116,0,0,128,4,132,237,0,237,369
02/09/2003,SDM,CA,AWP,WE,Federal Contract Tower,0,0,22,0,22,0,0,99,0,99,0,0,121,0,121,252,0,252,373
02/10/2003,SDM,CA,AWP,WE,Federal Contract Tower,0,3,29,0,32,0,1,63,0,64,0,4,92,0,96,202,0,202,298
02/11/2003,SDM,CA,AWP,WE,Federal Contract Tower,0,2,25,0,27,0,0,11,0,11,0,2,36,0,38,26,0,26,64
02/12/2003,SDM,CA,AWP,WE,Federal Contract Tower,0,0,29,0,29,0,0,19,0,19,0,0,48,0,48,12,0,12,60
02/13/2003,SDM,CA,AWP,WE,Federal Contract Tower,0,2,18,0,20,0,0,17,2,19,0,2,35,2,39,34,0,34,73
02/14/2003,SDM,CA,AWP,WE,Federal Contract Tower,0,4,29,0,33,0,3,55,8,66,0,7,84,8,99,170,64,234,333
02/15/2003,SDM,CA,AWP,WE,Federal Contract Tower,0,5,34,0,39,0,2,82,2,86,0,7,116,2,125,212,18,230,355
02/16/2003,SDM,CA,AWP,WE,Federal Contract Tower,0,1,31,0,32,0,0,81,0,81,0,1,112,0,113,196,0,196,309
02/17/2003,SDM,CA,AWP,WE,Federal Contract Tower,0,0,35,1,36,0,0,100,0,100,0,0,135,1,136,189,0,189,325
02/18/2003,SDM,CA,AWP,WE,Federal Contract Tower,0,0,26,2,28,0,1,106,17,124,0,1,132,19,152,234,21,255,407
02/19/2003,SDM,CA,AWP,WE,Federal Contract Tower,0,2,28,1,31,0,0,78,29,107,0,2,106,30,138,112,60,172,310
02/20/2003,SDM,CA,AWP,WE,Federal Contract Tower,0,1,13,1,15,0,0,99,24,123,0,1,112,25,138,256,50,306,444
02/21/2003,SDM,CA,AWP,WE,Federal Contract Tower,0,3,24,4,31,0,0,121,17,138,0,3,145,21,169,368,2,370,539
02/22/2003,SDM,CA,AWP,WE,Federal Contract Tower,0,1,23,0,24,0,0,143,0,143,0,1,166,0,167,305,0,305,472
02/23/2003,SDM,CA,AWP,WE,Federal Contract Tower,0,2,33,0,35,0,2,72,0,74,0,4,105,0,109,193,0,193,302
02/24/2003,SDM,CA,AWP,WE,Federal Contract Tower,0,1,33,0,34,0,0,58,17,75,0,1,91,17,109,84,66,150,259
02/25/2003,SDM,CA,AWP,WE,Federal Contract Tower,0,3,17,0,20,0,0,12,7,19,0,3,29,7,39,70,18,88,127
02/26/2003,SDM,CA,AWP,WE,Federal Contract Tower,0,1,29,0,30,0,0,65,15,80,0,1,94,15,110,104,22,126,236
02/27/2003,SDM,CA,AWP,WE,Federal Contract Tower,0,0,23,0,23,0,1,23,0,24,0,1,46,0,47,34,0,34,81
02/28/2003,SDM,CA,AWP,WE,Federal Contract Tower,0,6,26,0,32,0,1,70,6,77,0,7,96,6,109,152,0,152,261
03/01/2003,SDM,CA,AWP,WE,Federal Contract Tower,0,4,32,0,36,0,0,77,2,79,0,4,109,2,115,267,0,267,382
03/02/2003,SDM,CA,AWP,WE,Federal Contract Tower,0,3,33,0,36,0,0,102,0,102,0,3,135,0,138,210,0,210,348
03/03/2003,SDM,CA,AWP,WE,Federal Contract Tower,0,1,33,0,34,0,0,74,6,80,0,1,107,6,114,166,6,172,286
03/04/2003,SDM,CA,AWP,WE,Federal Contract Tower,0,8,26,0,34,0,0,52,10,62,0,8,78,10,96,130,16,146,242
03/05/2003,SDM,CA,AWP,WE,Federal Contract Tower,0,1,29,0,30,0,0,68,0,68,0,1,97,0,98,266,0,266,364
03/06/2003,SDM,CA,AWP,WE,Federal Contract Tower,0,0,18,0,18,0,0,100,0,100,0,0,118,0,118,326,0,326,444
03/07/2003,SDM,CA,AWP,WE,Federal Contract Tower,0,5,22,0,27,0,0,73,4,77,0,5,95,4,104,255,0,255,359
03/08/2003,SDM,CA,AWP,WE,Federal Contract Tower,0,2,17,0,19,0,0,90,0,90,0,2,107,0,109,80,0,80,189
03/09/2003,SDM,CA,AWP,WE,Federal Contract Tower,0,4,32,0,36,0,0,72,10,82,0,4,104,10,118,208,0,208,326
03/10/2003,SDM,CA,AWP,WE,Federal Contract Tower,0,1,30,2,33,0,0,106,12,118,0,1,136,14,151,227,78,305,456
03/11/2003,SDM,CA,AWP,WE,Federal Contract Tower,0,6,16,0,22,0,0,70,0,70,0,6,86,0,92,269,0,269,361
03/12/2003,SDM,CA,AWP,WE,Federal Contract Tower,0,0,26,0,26,0,0,70,12,82,0,0,96,12,108,208,0,208,316
03/13/2003,SDM,CA,AWP,WE,Federal Contract Tower,0,1,23,0,24,0,0,41,10,51,0,1,64,10,75,210,6,216,291
03/14/2003,SDM,CA,AWP,WE,Federal Contract Tower,0,5,44,0,49,0,0,69,2,71,0,5,113,2,120,194,12,206,326
03/15/2003,SDM,CA,AWP,WE,Federal Contract Tower,0,1,20,0,21,0,0,42,8,50,0,1,62,8,71,32,58,90,161
03/16/2003,SDM,CA,AWP,WE,Federal Contract Tower,0,2,46,0,48,0,0,27,4,31,0,2,73,4,79,38,0,38,117
03/17/2003,SDM,CA,AWP,WE,Federal Contract Tower,0,0,28,0,28,0,0,24,10,34,0,0,52,10,62,86,30,116,178
03/18/2003,SDM,CA,AWP,WE,Federal Contract Tower,0,2,20,0,22,0,4,17,14,35,0,6,37,14,57,128,12,140,197
03/19/2003,SDM,CA,AWP,WE,Federal Contract Tower,0,0,16,1,17,0,1,96,11,108,0,1,112,12,125,272,30,302,427
03/20/2003,SDM,CA,AWP,WE,Federal Contract Tower,0,0,30,0,30,0,0,71,10,81,0,0,101,10,111,196,90,286,397
03/21/2003,SDM,CA,AWP,WE,Federal Contract Tower,0,1,22,0,23,0,0,106,14,120,0,1,128,14,143,312,10,322,465
03/22/2003,SDM,CA,AWP,WE,Federal Contract Tower,0,5,27,0,32,0,1,87,3,91,0,6,114,3,123,254,0,254,377
03/23/2003,SDM,CA,AWP,WE,Federal Contract Tower,0,3,27,0,30,0,1,83,2,86,0,4,110,2,116,212,18,230,346
03/24/2003,SDM,CA,AWP,WE,Federal Contract Tower,0,1,34,0,35,0,3,25,4,32,0,4,59,4,67,60,25,85,152
03/25/2003,SDM,CA,AWP,WE,Federal Contract Tower,0,3,31,0,34,0,0,21,0,21,0,3,52,0,55,186,0,186,241
03/26/2003,SDM,CA,AWP,WE,Federal Contract Tower,0,0,23,0,23,0,0,87,18,105,0,0,110,18,128,272,46,318,446
03/27/2003,SDM,CA,AWP,WE,Federal Contract Tower,0,1,27,0,28,0,0,70,2,72,0,1,97,2,100,294,0,294,394
03/28/2003,SDM,CA,AWP,WE,Federal Contract Tower,0,7,34,2,43,0,0,76,6,82,0,7,110,8,125,224,14,238,363
03/29/2003,SDM,CA,AWP,WE,Federal Contract Tower,0,5,44,1,50,0,1,51,5,57,0,6,95,6,107,140,10,150,257
03/30/2003,SDM,CA,AWP,WE,Federal Contract Tower,0,6,35,1,42,0,2,47,1,50,0,8,82,2,92,220,0,220,312
03/31/2003,SDM,CA,AWP,WE,Federal Contract Tower,0,2,13,0,15,0,1,65,0,66,0,3,78,0,81,198,0,198,279
04/01/2003,SDM,CA,AWP,WE,Federal Contract Tower,0,2,21,0,23,0,0,74,20,94,0,2,95,20,117,142,22,164,281
04/02/2003,SDM,CA,AWP,WE,Federal Contract Tower,0,2,19,0,21,0,0,57,4,61,0,2,76,4,82,220,18,238,320
04/03/2003,SDM,CA,AWP,WE,Federal Contract Tower,0,3,43,0,46,0,0,78,12,90,0,3,121,12,136,236,0,236,372
04/04/2003,SDM,CA,AWP,WE,Federal Contract Tower,0,6,36,0,42,0,0,86,12,98,0,6,122,12,140,312,20,332,472
04/05/2003,SDM,CA,AWP,WE,Federal Contract Tower,0,2,13,0,15,0,0,107,0,107,0,2,120,0,122,246,0,246,368
04/06/2003,SDM,CA,AWP,WE,Federal Contract Tower,0,4,41,2,47,0,0,103,2,105,0,4,144,4,152,206,0,206,358
04/07/2003,SDM,CA,AWP,WE,Federal Contract Tower,0,0,16,0,16,0,1,52,0,53,0,1,68,0,69,208,12,220,289
04/08/2003,SDM,CA,AWP,WE,Federal Contract Tower,0,1,32,0,33,0,0,28,5,33,0,1,60,5,66,184,0,184,250
04/09/2003,SDM,CA,AWP,WE,Federal Contract Tower,0,0,21,0,21,0,0,65,14,79,0,0,86,14,100,294,0,294,394
04/10/2003,SDM,CA,AWP,WE,Federal Contract Tower,0,1,15,0,16,0,0,61,10,71,0,1,76,10,87,262,8,270,357
04/11/2003,SDM,CA,AWP,WE,Federal Contract Tower,0,2,28,0,30,0,0,89,8,97,0,2,117,8,127,242,0,242,369
04/12/2003,SDM,CA,AWP,WE,Federal Contract Tower,0,1,28,1,30,0,3,112,0,115,0,4,140,1,145,370,10,380,525
04/13/2003,SDM,CA,AWP,WE,Federal Contract Tower,0,4,29,0,33,0,0,35,0,35,0,4,64,0,68,104,0,104,172
04/14/2003,SDM,CA,AWP,WE,Federal Contract Tower,0,6,8,0,14,0,0,8,0,8,0,6,16,0,22,4,0,4,26
04/15/2003,SDM,CA,AWP,WE,Federal Contract Tower,0,5,19,1,25,0,0,36,0,36,0,5,55,1,61,180,48,228,289
04/16/2003,SDM,CA,AWP,WE,Federal Contract Tower,0,0,25,0,25,0,0,61,10,71,0,0,86,10,96,208,14,222,318
04/17/2003,SDM,CA,AWP,WE,Federal Contract Tower,0,5,30,0,35,0,0,14,4,18,0,5,44,4,53,68,16,84,137
04/18/2003,SDM,CA,AWP,WE,Federal Contract Tower,0,4,46,0,50,0,0,47,0,47,0,4,93,0,97,182,0,182,279
04/19/2003,SDM,CA,AWP,WE,Federal Contract Tower,0,4,35,0,39,0,0,91,2,93,0,4,126,2,132,264,0,264,396
04/20/2003,SDM,CA,AWP,WE,Federal Contract Tower,0,9,20,0,29,0,0,46,0,46,0,9,66,0,75,120,0,120,195
04/21/2003,SDM,CA,AWP,WE,Federal Contract Tower,0,0,47,1,48,0,0,2,6,8,0,0,49,7,56,120,14,134,190
04/22/2003,SDM,CA,AWP,WE,Federal Contract Tower,0,2,44,0,46,0,0,62,2,64,0,2,106,2,110,260,0,260,370
04/23/2003,SDM,CA,AWP,WE,Federal Contract Tower,0,3,17,2,22,0,0,69,6,75,0,3,86,8,97,254,0,254,351
04/24/2003,SDM,CA,AWP,WE,Federal Contract Tower,0,3,21,1,25,0,0,54,6,60,0,3,75,7,85,240,0,240,325
04/25/2003,SDM,CA,AWP,WE,Federal Contract Tower,0,2,25,0,27,0,0,91,8,99,0,2,116,8,126,260,0,260,386
04/26/2003,SDM,CA,AWP,WE,Federal Contract Tower,0,5,22,0,27,0,0,81,2,83,0,5,103,2,110,210,48,258,368
04/27/2003,SDM,CA,AWP,WE,Federal Contract Tower,0,5,37,0,42,0,1,65,3,69,0,6,102,3,111,110,0,110,221
04/28/2003,SDM,CA,AWP,WE,Federal Contract Tower,0,0,24,0,24,0,2,28,3,33,0,2,52,3,57,132,38,170,227
04/29/2003,SDM,CA,AWP,WE,Federal Contract Tower,0,4,28,0,32,0,0,58,4,62,0,4,86,4,94,283,30,313,407
04/30/2003,SDM,CA,AWP,WE,Federal Contract Tower,0,7,28,5,40,0,0,87,3,90,0,7,115,8,130,392,32,424,554
05/01/2003,SDM,CA,AWP,WE,Federal Contract Tower,0,3,11,1,15,0,0,61,5,66,0,3,72,6,81,156,22,178,259
05/02/2003,SDM,CA,AWP,WE,Federal Contract Tower,0,2,20,1,23,0,0,104,2,106,0,2,124,3,129,264,12,276,405
05/03/2003,SDM,CA,AWP,WE,Federal Contract Tower,0,2,35,0,37,0,0,13,3,16,0,2,48,3,53,14,0,14,67
05/04/2003,SDM,CA,AWP,WE,Federal Contract Tower,0,3,33,0,36,0,0,39,2,41,0,3,72,2,77,76,0,76,153
05/05/2003,SDM,CA,AWP,WE,Federal Contract Tower,0,0,16,1,17,0,0,4,0,4,0,0,20,1,21,206,0,206,227
05/06/2003,SDM,CA,AWP,WE,Federal Contract Tower,0,2,36,2,40,0,0,17,0,17,0,2,53,2,57,42,26,68,125
05/07/2003,SDM,CA,AWP,WE,Federal Contract Tower,0,1,36,1,38,0,0,28,1,29,0,1,64,2,67,128,10,138,205
05/08/2003,SDM,CA,AWP,WE,Federal Contract Tower,0,5,25,0,30,0,1,105,0,106,0,6,130,0,136,370,0,370,506
05/09/2003,SDM,CA,AWP,WE,Federal Contract Tower,0,1,25,0,26,0,0,97,10,107,0,1,122,10,133,324,0,324,457
05/10/2003,SDM,CA,AWP,WE,Federal Contract Tower,0,2,22,0,24,0,0,114,2,116,0,2,136,2,140,322,6,328,468
05/11/2003,SDM,CA,AWP,WE,Federal Contract Tower,0,1,21,0,22,0,1,91,1,93,0,2,112,1,115,254,0,254,369
05/12/2003,SDM,CA,AWP,WE,Federal Contract Tower,0,4,15,0,19,0,0,51,0,51,0,4,66,0,70,226,18,244,314
05/13/2003,SDM,CA,AWP,WE,Federal Contract Tower,0,5,27,0,32,0,0,55,0,55,0,5,82,0,87,150,20,170,257
05/14/2003,SDM,CA,AWP,WE,Federal Contract Tower,0,2,16,0,18,0,0,38,6,44,0,2,54,6,62,210,12,222,284
05/15/2003,SDM,CA,AWP,WE,Federal Contract Tower,0,0,61,0,61,0,0,78,10,88,0,0,139,10,149,360,20,380,529
05/16/2003,SDM,CA,AWP,WE,Federal Contract Tower,0,4,29,0,33,0,0,85,2,87,0,4,114,2,120,268,0,268,388
05/17/2003,SDM,CA,AWP,WE,Federal Contract Tower,0,4,14,0,18,0,0,75,4,79,0,4,89,4,97,144,0,144,241
05/18/2003,SDM,CA,AWP,WE,Federal Contract Tower,0,3,25,0,28,0,0,87,0,87,0,3,112,0,115,266,0,266,381
05/19/2003,SDM,CA,AWP,WE,Federal Contract Tower,0,4,23,0,27,0,0,44,0,44,0,4,67,0,71,246,8,254,325
05/20/2003,SDM,CA,AWP,WE,Federal Contract Tower,0,0,17,0,17,0,0,45,0,45,0,0,62,0,62,168,10,178,240
05/21/2003,SDM,CA,AWP,WE,Federal Contract Tower,0,4,19,0,23,0,0,82,12,94,0,4,101,12,117,312,70,382,499
05/22/2003,SDM,CA,AWP,WE,Federal Contract Tower,0,0,25,0,25,0,0,70,6,76,0,0,95,6,101,268,24,292,393
05/23/2003,SDM,CA,AWP,WE,Federal Contract Tower,0,3,36,1,40,0,0,73,1,74,0,3,109,2,114,204,2,206,320
05/24/2003,SDM,CA,AWP,WE,Federal Contract Tower,0,3,24,0,27,0,0,68,0,68,0,3,92,0,95,74,0,74,169
05/25/2003,SDM,CA,AWP,WE,Federal Contract Tower,0,1,18,0,19,0,0,26,0,26,0,1,44,0,45,120,0,120,165
05/26/2003,SDM,CA,AWP,WE,Federal Contract Tower,0,9,46,0,55,0,7,100,8,115,0,16,146,8,170,138,0,138,308
05/27/2003,SDM,CA,AWP,WE,Federal Contract Tower,0,7,34,0,41,0,0,94,8,102,0,7,128,8,143,214,54,268,411
05/28/2003,SDM,CA,AWP,WE,Federal Contract Tower,0,3,13,0,16,0,0,52,6,58,0,3,65,6,74,168,28,196,270
05/29/2003,SDM,CA,AWP,WE,Federal Contract Tower,0,5,15,0,20,0,0,57,2,59,0,5,72,2,79,37,34,71,150
05/30/2003,SDM,CA,AWP,WE,Federal Contract Tower,0,2,25,0,27,0,0,109,6,115,0,2,134,6,142,334,16,350,492
05/31/2003,SDM,CA,AWP,WE,Federal Contract Tower,0,1,24,0,25,0,0,82,0,82,0,1,106,0,107,160,0,160,267
06/01/2003,SDM,CA,AWP,WE,Federal Contract Tower,0,3,122,0,125,0,0,0,0,0,0,3,122,0,125,172,0,172,297
06/02/2003,SDM,CA,AWP,WE,Federal Contract Tower,0,0,26,0,26,0,1,19,4,24,0,1,45,4,50,42,0,42,92
06/03/2003,SDM,CA,AWP,WE,Federal Contract Tower,0,0,29,0,29,0,2,3,10,15,0,2,32,10,44,40,30,70,114
06/04/2003,SDM,CA,AWP,WE,Federal Contract Tower,0,0,29,0,29,0,0,53,30,83,0,0,82,30,112,218,58,276,388
06/05/2003,SDM,CA,AWP,WE,Federal Contract Tower,0,1,27,0,28,0,1,41,36,78,0,2,68,36,106,140,70,210,316
06/06/2003,SDM,CA,AWP,WE,Federal Contract Tower,0,0,25,0,25,0,0,34,2,36,0,0,59,2,61,32,0,32,93
06/07/2003,SDM,CA,AWP,WE,Federal Contract Tower,0,0,18,0,18,0,0,2,0,2,0,0,20,0,20,0,0,0,20
06/08/2003,SDM,CA,AWP,WE,Federal Contract Tower,0,0,30,0,30,0,1,0,0,1,0,1,30,0,31,0,0,0,31
06/09/2003,SDM,CA,AWP,WE,Federal Contract Tower,0,0,24,0,24,0,1,22,0,23,0,1,46,0,47,190,40,230,277
06/10/2003,SDM,CA,AWP,WE,Federal Contract Tower,0,0,23,0,23,0,1,19,40,60,0,1,42,40,83,188,88,276,359
06/11/2003,SDM,CA,AWP,WE,Federal Contract Tower,0,0,18,0,18,0,0,68,42,110,0,0,86,42,128,188,40,228,356
06/12/2003,SDM,CA,AWP,WE,Federal Contract Tower,0,0,19,0,19,0,0,154,50,204,0,0,173,50,223,382,90,472,695
06/13/2003,SDM,CA,AWP,WE,Federal Contract Tower,0,4,23,1,28,0,1,79,3,83,0,5,102,4,111,270,6,276,387
06/14/2003,SDM,CA,AWP,WE,Federal Contract Tower,0,2,20,0,22,0,1,69,0,70,0,3,89,0,92,192,0,192,284
06/15/2003,SDM,CA,AWP,WE,Federal Contract Tower,0,0,21,0,21,0,9,129,3,141,0,9,150,3,162,358,40,398,560
06/16/2003,SDM,CA,AWP,WE,Federal Contract Tower,0,3,28,0,31,0,1,27,0,28,0,4,55,0,59,138,0,138,197
06/17/2003,SDM,CA,AWP,WE,Federal Contract Tower,0,1,31,2,34,0,1,31,13,45,0,2,62,15,79,164,0,164,243
06/18/2003,SDM,CA,AWP,WE,Federal Contract Tower,0,5,17,4,26,0,2,11,10,23,0,7,28,14,49,24,12,36,85
06/19/2003,SDM,CA,AWP,WE,Federal Contract Tower,0,3,30,0,33,0,3,28,49,80,0,6,58,49,113,42,107,149,262
06/20/2003,SDM,CA,AWP,WE,Federal Contract Tower,0,3,20,0,23,0,0,36,3,39,0,3,56,3,62,130,6,136,198
06/21/2003,SDM,CA,AWP,WE,Federal Contract Tower,0,3,26,0,29,0,0,55,10,65,0,3,81,10,94,42,0,42,136
06/22/2003,SDM,CA,AWP,WE,Federal Contract Tower,0,3,49,0,52,0,0,71,1,72,0,3,120,1,124,102,0,102,226
06/23/2003,SDM,CA,AWP,WE,Federal Contract Tower,0,4,25,0,29,0,0,23,2,25,0,4,48,2,54,174,20,194,248
06/24/2003,SDM,CA,AWP,WE,Federal Contract Tower,0,0,26,0,26,0,5,44,0,49,0,5,70,0,75,250,14,264,339
06/25/2003,SDM,CA,AWP,WE,Federal Contract Tower,0,0,26,0,26,0,2,44,0,46,0,2,70,0,72,190,20,210,282
06/26/2003,SDM,CA,AWP,WE,Federal Contract Tower,0,1,32,0,33,0,0,68,16,84,0,1,100,16,117,284,24,308,425
06/27/2003,SDM,CA,AWP,WE,Federal Contract Tower,0,1,23,0,24,0,1,68,2,71,0,2,91,2,95,244,0,244,339
06/28/2003,SDM,CA,AWP,WE,Federal Contract Tower,0,1,18,1,20,0,0,77,1,78,0,1,95,2,98,214,0,214,312
06/29/2003,SDM,CA,AWP,WE,Federal Contract Tower,0,1,26,0,27,0,0,74,0,74,0,1,100,0,101,145,0,145,246
06/30/2003,SDM,CA,AWP,WE,Federal Contract Tower,0,0,10,1,11,0,1,71,15,87,0,1,81,16,98,148,2,150,248
07/01/2003,SDM,CA,AWP,WE,Federal Contract Tower,0,6,24,1,31,0,0,71,21,92,0,6,95,22,123,188,28,216,339
07/02/2003,SDM,CA,AWP,WE,Federal Contract Tower,0,4,22,2,28,0,2,75,14,91,0,6,97,16,119,216,60,276,395
07/03/2003,SDM,CA,AWP,WE,Federal Contract Tower,0,0,16,0,16,0,0,88,0,88,0,0,104,0,104,278,0,278,382
07/04/2003,SDM,CA,AWP,WE,Federal Contract Tower,0,1,11,0,12,0,0,35,0,35,0,1,46,0,47,110,0,110,157
07/05/2003,SDM,CA,AWP,WE,Federal Contract Tower,0,1,10,0,11,0,0,83,0,83,0,1,93,0,94,158,0,158,252
07/06/2003,SDM,CA,AWP,WE,Federal Contract Tower,0,1,14,0,15,0,2,69,4,75,0,3,83,4,90,138,0,138,228
07/07/2003,SDM,CA,AWP,WE,Federal Contract Tower,0,0,21,0,21,0,0,44,7,51,0,0,65,7,72,134,41,175,247
07/08/2003,SDM,CA,AWP,WE,Federal Contract Tower,0,1,27,1,29,0,0,46,11,57,0,1,73,12,86,176,30,206,292
07/09/2003,SDM,CA,AWP,WE,Federal Contract Tower,0,1,18,1,20,0,0,92,9,101,0,1,110,10,121,198,15,213,334
07/10/2003,SDM,CA,AWP,WE,Federal Contract Tower,0,2,13,1,16,0,0,96,7,103,0,2,109,8,119,272,80,352,471
07/11/2003,SDM,CA,AWP,WE,Federal Contract Tower,0,1,22,0,23,0,3,82,6,91,0,4,104,6,114,260,26,286,400
07/12/2003,SDM,CA,AWP,WE,Federal Contract Tower,0,1,22,0,23,0,1,106,0,107,0,2,128,0,130,280,0,280,410
07/13/2003,SDM,CA,AWP,WE,Federal Contract Tower,0,5,28,0,33,0,2,78,0,80,0,7,106,0,113,178,0,178,291
07/14/2003,SDM,CA,AWP,WE,Federal Contract Tower,0,0,10,0,10,0,0,58,8,66,0,0,68,8,76,218,0,218,294
07/15/2003,SDM,CA,AWP,WE,Federal Contract Tower,0,3,16,0,19,0,0,31,7,38,0,3,47,7,57,108,32,140,197
07/16/2003,SDM,CA,AWP,WE,Federal Contract Tower,0,1,20,1,22,0,1,30,1,32,0,2,50,2,54,136,18,154,208
07/17/2003,SDM,CA,AWP,WE,Federal Contract Tower,0,1,26,4,31,0,0,44,56,100,0,1,70,60,131,242,122,364,495
07/18/2003,SDM,CA,AWP,WE,Federal Contract Tower,0,0,14,0,14,0,0,48,0,48,0,0,62,0,62,98,0,98,160
07/19/2003,SDM,CA,AWP,WE,Federal Contract Tower,0,0,22,0,22,0,0,73,0,73,0,0,95,0,95,200,0,200,295
07/20/2003,SDM,CA,AWP,WE,Federal Contract Tower,0,0,18,0,18,0,0,70,0,70,0,0,88,0,88,200,0,200,288
07/21/2003,SDM,CA,AWP,WE,Federal Contract Tower,0,0,21,0,21,0,0,63,12,75,0,0,84,12,96,176,42,218,314
07/22/2003,SDM,CA,AWP,WE,Federal Contract Tower,0,2,39,5,46,0,0,28,47,75,0,2,67,52,121,94,46,140,261
07/23/2003,SDM,CA,AWP,WE,Federal Contract Tower,0,2,20,0,22,0,1,97,92,190,0,3,117,92,212,262,116,378,590
07/24/2003,SDM,CA,AWP,WE,Federal Contract Tower,0,1,30,1,32,0,0,95,6,101,0,1,125,7,133,237,24,261,394
07/25/2003,SDM,CA,AWP,WE,Federal Contract Tower,0,2,13,0,15,0,0,83,4,87,0,2,96,4,102,199,33,232,334
07/26/2003,SDM,CA,AWP,WE,Federal Contract Tower,0,0,14,0,14,0,2,131,4,137,0,2,145,4,151,224,1,225,376
07/27/2003,SDM,CA,AWP,WE,Federal Contract Tower,0,3,17,1,21,0,0,65,0,65,0,3,82,1,86,228,0,228,314
07/28/2003,SDM,CA,AWP,WE,Federal Contract Tower,0,2,16,0,18,0,0,48,16,64,0,2,64,16,82,226,28,254,336
07/29/2003,SDM,CA,AWP,WE,Federal Contract Tower,0,0,16,2,18,0,0,48,14,62,0,0,64,16,80,231,20,251,331
07/30/2003,SDM,CA,AWP,WE,Federal Contract Tower,0,2,23,0,25,0,0,53,11,64,0,2,76,11,89,218,44,262,351
07/31/2003,SDM,CA,AWP,WE,Federal Contract Tower,0,2,29,2,33,0,0,73,16,89,0,2,102,18,122,232,2,234,356
08/01/2003,SDM,CA,AWP,WE,Federal Contract Tower,0,2,18,1,21,0,0,63,9,72,0,2,81,10,93,196,18,214,307
08/02/2003,SDM,CA,AWP,WE,Federal Contract Tower,0,2,25,0,27,0,0,51,5,56,0,2,76,5,83,212,0,212,295
08/03/2003,SDM,CA,AWP,WE,Federal Contract Tower,0,0,17,0,17,0,0,44,2,46,0,0,61,2,63,102,0,102,165
08/04/2003,SDM,CA,AWP,WE,Federal Contract Tower,0,2,24,0,26,0,0,53,4,57,0,2,77,4,83,270,54,324,407
08/05/2003,SDM,CA,AWP,WE,Federal Contract Tower,0,2,28,0,30,0,0,49,4,53,0,2,77,4,83,270,54,324,407
08/06/2003,SDM,CA,AWP,WE,Federal Contract Tower,0,2,24,0,26,0,0,36,0,36,0,2,60,0,62,40,310,350,412
08/07/2003,SDM,CA,AWP,WE,Federal Contract Tower,0,1,17,0,18,0,3,58,11,72,0,4,75,11,90,256,64,320,410
08/08/2003,SDM,CA,AWP,WE,Federal Contract Tower,0,1,30,0,31,0,0,92,2,94,0,1,122,2,125,214,14,228,353
08/09/2003,SDM,CA,AWP,WE,Federal Contract Tower,0,3,14,0,17,0,0,102,0,102,0,3,116,0,119,204,0,204,323
08/10/2003,SDM,CA,AWP,WE,Federal Contract Tower,0,1,25,0,26,0,0,70,0,70,0,1,95,0,96,130,0,130,226
08/11/2003,SDM,CA,AWP,WE,Federal Contract Tower,0,2,17,0,19,0,0,71,0,71,0,2,88,0,90,212,0,212,302
08/12/2003,SDM,CA,AWP,WE,Federal Contract Tower,0,1,19,0,20,0,0,84,8,92,0,1,103,8,112,216,40,256,368
08/13/2003,SDM,CA,AWP,WE,Federal Contract Tower,0,1,27,0,28,0,0,65,8,73,0,1,92,8,101,214,46,260,361
08/14/2003,SDM,CA,AWP,WE,Federal Contract Tower,0,0,14,0,14,0,1,28,2,31,0,1,42,2,45,50,10,60,105
08/15/2003,SDM,CA,AWP,WE,Federal Contract Tower,0,0,22,0,22,0,1,41,0,42,0,1,63,0,64,202,0,202,266
08/16/2003,SDM,CA,AWP,WE,Federal Contract Tower,0,0,17,0,17,0,1,26,8,35,0,1,43,8,52,156,0,156,208
08/17/2003,SDM,CA,AWP,WE,Federal Contract Tower,0,0,26,0,26,0,0,57,3,60,0,0,83,3,86,156,0,156,242
08/18/2003,SDM,CA,AWP,WE,Federal Contract Tower,0,0,9,0,9,0,0,66,2,68,0,0,75,2,77,204,0,204,281
08/19/2003,SDM,CA,AWP,WE,Federal Contract Tower,0,0,24,1,25,0,0,42,8,50,0,0,66,9,75,168,80,248,323
08/20/2003,SDM,CA,AWP,WE,Federal Contract Tower,0,2,26,0,28,0,0,46,8,54,0,2,72,8,82,178,12,190,272
08/21/2003,SDM,CA,AWP,WE,Federal Contract Tower,0,5,23,0,28,0,0,61,2,63,0,5,84,2,91,188,2,190,281
08/22/2003,SDM,CA,AWP,WE,Federal Contract Tower,0,0,13,0,13,0,0,48,7,55,0,0,61,7,68,102,8,110,178
08/23/2003,SDM,CA,AWP,WE,Federal Contract Tower,0,0,12,0,12,0,0,94,2,96,0,0,106,2,108,228,0,228,336
08/24/2003,SDM,CA,AWP,WE,Federal Contract Tower,0,1,22,0,23,0,1,58,0,59,0,2,80,0,82,120,0,120,202
08/25/2003,SDM,CA,AWP,WE,Federal Contract Tower,0,0,20,0,20,0,2,77,0,79,0,2,97,0,99,170,40,210,309
08/26/2003,SDM,CA,AWP,WE,Federal Contract Tower,0,0,25,0,25,0,4,64,3,71,0,4,89,3,96,224,2,226,322
08/27/2003,SDM,CA,AWP,WE,Federal Contract Tower,0,0,34,0,34,0,2,62,12,76,0,2,96,12,110,196,0,196,306
08/28/2003,SDM,CA,AWP,WE,Federal Contract Tower,0,2,17,0,19,0,1,62,8,71,0,3,79,8,90,168,28,196,286
08/29/2003,SDM,CA,AWP,WE,Federal Contract Tower,0,1,26,3,30,0,0,39,0,39,0,1,65,3,69,148,0,148,217
08/30/2003,SDM,CA,AWP,WE,Federal Contract Tower,0,0,14,0,14,0,3,86,0,89,0,3,100,0,103,158,0,158,261
08/31/2003,SDM,CA,AWP,WE,Federal Contract Tower,0,1,24,0,25,0,0,37,4,41,0,1,61,4,66,84,6,90,156
09/01/2003,SDM,CA,AWP,WE,Federal Contract Tower,0,2,21,3,26,0,0,55,0,55,0,2,76,3,81,56,0,56,137
09/02/2003,SDM,CA,AWP,WE,Federal Contract Tower,0,2,9,0,11,0,0,47,12,59,0,2,56,12,70,92,30,122,192
09/03/2003,SDM,CA,AWP,WE,Federal Contract Tower,0,2,30,0,32,0,0,54,6,60,0,2,84,6,92,154,0,154,246
09/04/2003,SDM,CA,AWP,WE,Federal Contract Tower,0,0,24,0,24,0,2,52,5,59,0,2,76,5,83,208,34,242,325
09/05/2003,SDM,CA,AWP,WE,Federal Contract Tower,0,0,13,0,13,0,1,49,0,50,0,1,62,0,63,190,0,190,253
09/06/2003,SDM,CA,AWP,WE,Federal Contract Tower,0,0,10,0,10,0,0,67,0,67,0,0,77,0,77,176,0,176,253
09/07/2003,SDM,CA,AWP,WE,Federal Contract Tower,0,0,11,0,11,0,0,55,0,55,0,0,66,0,66,153,0,153,219
09/08/2003,SDM,CA,AWP,WE,Federal Contract Tower,0,0,14,0,14,0,1,37,8,46,0,1,51,8,60,121,16,137,197
09/09/2003,SDM,CA,AWP,WE,Federal Contract Tower,0,0,12,0,12,0,0,48,4,52,0,0,60,4,64,124,0,124,188
09/10/2003,SDM,CA,AWP,WE,Federal Contract Tower,0,0,16,0,16,0,0,46,8,54,0,0,62,8,70,186,4,190,260
09/11/2003,SDM,CA,AWP,WE,Federal Contract Tower,0,0,15,0,15,0,3,50,14,67,0,3,65,14,82,154,14,168,250
09/12/2003,SDM,CA,AWP,WE,Federal Contract Tower,0,0,27,1,28,0,0,56,6,62,0,0,83,7,90,148,6,154,244
09/13/2003,SDM,CA,AWP,WE,Federal Contract Tower,0,0,33,0,33,0,2,58,0,60,0,2,91,0,93,140,0,140,233
09/14/2003,SDM,CA,AWP,WE,Federal Contract Tower,0,0,15,0,15,0,0,46,0,46,0,0,61,0,61,94,0,94,155
09/15/2003,SDM,CA,AWP,WE,Federal Contract Tower,0,0,15,0,15,0,0,66,6,72,0,0,81,6,87,186,0,186,273
09/16/2003,SDM,CA,AWP,WE,Federal Contract Tower,0,3,37,0,40,0,0,49,0,49,0,3,86,0,89,198,9,207,296
09/17/2003,SDM,CA,AWP,WE,Federal Contract Tower,0,5,25,0,30,0,0,43,5,48,0,5,68,5,78,148,6,154,232
09/18/2003,SDM,CA,AWP,WE,Federal Contract Tower,0,2,9,0,11,0,1,69,0,70,0,3,78,0,81,232,0,232,313
09/19/2003,SDM,CA,AWP,WE,Federal Contract Tower,0,0,24,0,24,0,0,37,3,40,0,0,61,3,64,234,2,236,300
09/20/2003,SDM,CA,AWP,WE,Federal Contract Tower,0,1,10,1,12,0,0,86,3,89,0,1,96,4,101,278,4,282,383
09/21/2003,SDM,CA,AWP,WE,Federal Contract Tower,0,0,20,4,24,0,0,67,0,67,0,0,87,4,91,156,0,156,247
09/22/2003,SDM,CA,AWP,WE,Federal Contract Tower,0,0,12,2,14,0,0,61,6,67,0,0,73,8,81,166,12,178,259
09/23/2003,SDM,CA,AWP,WE,Federal Contract Tower,0,0,12,0,12,0,0,53,10,63,0,0,65,10,75,44,30,74,149
09/24/2003,SDM,CA,AWP,WE,Federal Contract Tower,0,5,27,0,32,0,0,38,14,52,0,5,65,14,84,62,26,88,172
09/25/2003,SDM,CA,AWP,WE,Federal Contract Tower,0,0,19,0,19,0,0,40,7,47,0,0,59,7,66,126,17,143,209
09/26/2003,SDM,CA,AWP,WE,Federal Contract Tower,0,0,26,0,26,0,1,25,5,31,0,1,51,5,57,88,8,96,153
09/27/2003,SDM,CA,AWP,WE,Federal Contract Tower,0,0,10,0,10,0,1,56,1,58,0,1,66,1,68,164,0,164,232
09/28/2003,SDM,CA,AWP,WE,Federal Contract Tower,0,0,19,0,19,0,0,53,0,53,0,0,72,0,72,770,0,770,842
09/29/2003,SDM,CA,AWP,WE,Federal Contract Tower,0,4,26,0,30,0,0,62,2,64,0,4,88,2,94,86,0,86,180
09/30/2003,SDM,CA,AWP,WE,Federal Contract Tower,0,8,25,0,33,0,1,35,0,36,0,9,60,0,69,108,0,108,177
10/01/2003,SDM,CA,AWP,WE,Federal Contract Tower,0,3,23,0,26,0,1,67,8,76,0,4,90,8,102,246,30,276,378
10/02/2003,SDM,CA,AWP,WE,Federal Contract Tower,0,3,21,0,24,0,1,58,16,75,0,4,79,16,99,168,46,214,313
10/03/2003,SDM,CA,AWP,WE,Federal Contract Tower,0,0,17,0,17,0,0,67,2,69,0,0,84,2,86,208,0,208,294
10/04/2003,SDM,CA,AWP,WE,Federal Contract Tower,0,0,19,0,19,0,0,29,2,31,0,0,48,2,50,114,8,122,172
10/05/2003,SDM,CA,AWP,WE,Federal Contract Tower,0,0,33,0,33,0,0,23,0,23,0,0,56,0,56,92,0,92,148
10/06/2003,SDM,CA,AWP,WE,Federal Contract Tower,0,3,19,0,22,0,0,24,0,24,0,3,43,0,46,78,0,78,124
10/07/2003,SDM,CA,AWP,WE,Federal Contract Tower,0,2,22,0,24,0,0,26,8,34,0,2,48,8,58,116,0,116,174
10/08/2003,SDM,CA,AWP,WE,Federal Contract Tower,0,0,3,0,3,0,0,46,2,48,0,0,49,2,51,188,20,208,259
10/09/2003,SDM,CA,AWP,WE,Federal Contract Tower,0,3,25,0,28,0,1,51,8,60,0,4,76,8,88,180,28,208,296
10/10/2003,SDM,CA,AWP,WE,Federal Contract Tower,0,2,13,0,15,0,1,21,0,22,0,3,34,0,37,36,0,36,73
10/11/2003,SDM,CA,AWP,WE,Federal Contract Tower,0,0,24,0,24,0,0,42,0,42,0,0,66,0,66,24,0,24,90
10/12/2003,SDM,CA,AWP,WE,Federal Contract Tower,0,0,24,0,24,0,0,93,1,94,0,0,117,1,118,242,0,242,360
10/13/2003,SDM,CA,AWP,WE,Federal Contract Tower,0,4,30,0,34,0,1,91,0,92,0,5,121,0,126,236,0,236,362
10/14/2003,SDM,CA,AWP,WE,Federal Contract Tower,0,2,15,0,17,0,1,78,6,85,0,3,93,6,102,148,0,148,250
10/15/2003,SDM,CA,AWP,WE,Federal Contract Tower,0,1,17,1,19,0,1,94,31,126,0,2,111,32,145,232,44,276,421
10/16/2003,SDM,CA,AWP,WE,Federal Contract Tower,0,2,24,1,27,0,2,47,0,49,0,4,71,1,76,180,0,180,256
10/17/2003,SDM,CA,AWP,WE,Federal Contract Tower,0,1,15,1,17,0,4,50,4,58,0,5,65,5,75,182,12,194,269
10/18/2003,SDM,CA,AWP,WE,Federal Contract Tower,0,1,26,0,27,0,0,32,2,34,0,1,58,2,61,188,0,188,249
10/19/2003,SDM,CA,AWP,WE,Federal Contract Tower,0,3,29,0,32,0,4,42,0,46,0,7,71,0,78,104,0,104,182
10/20/2003,SDM,CA,AWP,WE,Federal Contract Tower,0,1,16,0,17,0,0,55,6,61,0,1,71,6,78,176,14,190,268
10/21/2003,SDM,CA,AWP,WE,Federal Contract Tower,0,1,21,0,22,0,0,59,4,63,0,1,80,4,85,240,0,240,325
10/22/2003,SDM,CA,AWP,WE,Federal Contract Tower,0,2,22,0,24,0,0,49,32,81,0,2,71,32,105,202,96,298,403
10/23/2003,SDM,CA,AWP,WE,Federal Contract Tower,0,3,30,0,33,0,5,52,24,81,0,8,82,24,114,142,166,308,422
10/24/2003,SDM,CA,AWP,WE,Federal Contract Tower,0,3,30,0,33,0,3,36,18,57,0,6,66,18,90,116,104,220,310
10/25/2003,SDM,CA,AWP,WE,Federal Contract Tower,0,1,15,0,16,0,0,61,0,61,0,1,76,0,77,246,0,246,323
10/26/2003,SDM,CA,AWP,WE,Federal Contract Tower,0,0,4,0,4,0,0,16,2,18,0,0,20,2,22,4,0,4,26
10/27/2003,SDM,CA,AWP,WE,Federal Contract Tower,0,1,18,0,19,0,1,6,0,7,0,2,24,0,26,0,0,0,26
10/28/2003,SDM,CA,AWP,WE,Federal Contract Tower,0,2,25,0,27,0,0,15,0,15,0,2,40,0,42,0,0,0,42
10/29/2003,SDM,CA,AWP,WE,Federal Contract Tower,0,1,13,0,14,0,1,35,0,36,0,2,48,0,50,164,0,164,214
10/30/2003,SDM,CA,AWP,WE,Federal Contract Tower,0,2,22,0,24,0,0,11,18,29,0,2,33,18,53,36,50,86,139
10/31/2003,SDM,CA,AWP,WE,Federal Contract Tower,0,0,11,0,11,0,0,49,2,51,0,0,60,2,62,188,2,190,252
11/01/2003,SDM,CA,AWP,WE,Federal Contract Tower,0,0,16,1,17,0,0,86,7,93,0,0,102,8,110,324,10,334,444
11/02/2003,SDM,CA,AWP,WE,Federal Contract Tower,0,0,18,0,18,0,0,80,0,80,0,0,98,0,98,240,0,240,338
11/03/2003,SDM,CA,AWP,WE,Federal Contract Tower,0,2,25,1,28,0,2,92,31,125,0,4,117,32,153,276,0,276,429
11/04/2003,SDM,CA,AWP,WE,Federal Contract Tower,0,1,12,1,14,0,2,53,5,60,0,3,65,6,74,182,4,186,260
11/05/2003,SDM,CA,AWP,WE,Federal Contract Tower,0,3,28,1,32,0,2,73,27,102,0,5,101,28,134,252,54,306,440
11/06/2003,SDM,CA,AWP,WE,Federal Contract Tower,0,2,22,1,25,0,0,52,5,57,0,2,74,6,82,280,0,280,362
11/07/2003,SDM,CA,AWP,WE,Federal Contract Tower,0,1,28,1,30,0,0,28,3,31,0,1,56,4,61,288,1,289,350
11/08/2003,SDM,CA,AWP,WE,Federal Contract Tower,0,2,22,0,24,0,1,105,0,106,0,3,127,0,130,292,0,292,422
11/09/2003,SDM,CA,AWP,WE,Federal Contract Tower,0,4,39,0,43,0,0,42,0,42,0,4,81,0,85,204,0,204,289
11/10/2003,SDM,CA,AWP,WE,Federal Contract Tower,0,3,28,0,31,0,2,55,0,57,0,5,83,0,88,220,0,220,308
11/11/2003,SDM,CA,AWP,WE,Federal Contract Tower,0,2,26,0,28,0,0,62,0,62,0,2,88,0,90,204,0,204,294
11/12/2003,SDM,CA,AWP,WE,Federal Contract Tower,0,2,25,1,28,0,3,43,3,49,0,5,68,4,77,86,30,116,193
11/13/2003,SDM,CA,AWP,WE,Federal Contract Tower,0,2,24,1,27,0,1,74,23,98,0,3,98,24,125,178,92,270,395
11/14/2003,SDM,CA,AWP,WE,Federal Contract Tower,0,1,25,1,27,0,0,60,3,63,0,1,85,4,90,140,0,140,230
11/15/2003,SDM,CA,AWP,WE,Federal Contract Tower,0,2,19,1,22,0,2,63,2,67,0,4,82,3,89,280,12,292,381
11/16/2003,SDM,CA,AWP,WE,Federal Contract Tower,0,4,45,0,49,0,2,44,0,46,0,6,89,0,95,160,1,161,256
11/17/2003,SDM,CA,AWP,WE,Federal Contract Tower,0,0,28,0,28,0,0,43,0,43,0,0,71,0,71,146,2,148,219
11/18/2003,SDM,CA,AWP,WE,Federal Contract Tower,0,0,18,0,18,0,0,35,4,39,0,0,53,4,57,176,14,190,247
11/19/2003,SDM,CA,AWP,WE,Federal Contract Tower,0,0,19,0,19,0,0,27,4,31,0,0,46,4,50,144,14,158,208
11/20/2003,SDM,CA,AWP,WE,Federal Contract Tower,0,0,18,0,18,0,0,65,12,77,0,0,83,12,95,220,30,250,345
11/21/2003,SDM,CA,AWP,WE,Federal Contract Tower,0,3,35,0,38,0,2,57,0,59,0,5,92,0,97,136,0,136,233
11/22/2003,SDM,CA,AWP,WE,Federal Contract Tower,0,2,26,0,28,0,1,72,4,77,0,3,98,4,105,156,0,156,261
11/23/2003,SDM,CA,AWP,WE,Federal Contract Tower,0,1,29,0,30,0,0,68,0,68,0,1,97,0,98,198,0,198,296
11/24/2003,SDM,CA,AWP,WE,Federal Contract Tower,0,2,23,0,25,0,0,75,0,75,0,2,98,0,100,178,8,186,286
11/25/2003,SDM,CA,AWP,WE,Federal Contract Tower,0,2,33,0,35,0,0,34,8,42,0,2,67,8,77,122,30,152,229
11/26/2003,SDM,CA,AWP,WE,Federal Contract Tower,0,3,35,0,38,0,0,33,0,33,0,3,68,0,71,122,0,122,193
11/27/2003,SDM,CA,AWP,WE,Federal Contract Tower,0,0,9,0,9,0,2,21,0,23,0,2,30,0,32,12,0,12,44
11/28/2003,SDM,CA,AWP,WE,Federal Contract Tower,0,1,19,0,20,0,0,46,3,49,0,1,65,3,69,76,14,90,159
11/29/2003,SDM,CA,AWP,WE,Federal Contract Tower,0,0,27,0,27,0,0,99,14,113,0,0,126,14,140,184,4,188,328
11/30/2003,SDM,CA,AWP,WE,Federal Contract Tower,0,4,40,0,44,0,6,44,2,52,0,10,84,2,96,118,0,118,214
12/01/2003,SDM,CA,AWP,WE,Federal Contract Tower,0,2,21,1,24,0,8,54,17,79,0,10,75,18,103,184,8,192,295
12/02/2003,SDM,CA,AWP,WE,Federal Contract Tower,0,0,13,1,14,0,0,49,14,63,0,0,62,15,77,128,0,128,205
12/03/2003,SDM,CA,AWP,WE,Federal Contract Tower,0,1,17,1,19,0,3,40,13,56,0,4,57,14,75,118,0,118,193
12/04/2003,SDM,CA,AWP,WE,Federal Contract Tower,0,1,16,1,18,0,4,51,5,60,0,5,67,6,78,142,10,152,230
12/05/2003,SDM,CA,AWP,WE,Federal Contract Tower,0,4,39,2,45,0,5,54,12,71,0,9,93,14,116,130,0,130,246
12/06/2003,SDM,CA,AWP,WE,Federal Contract Tower,0,1,18,1,20,0,0,55,16,71,0,1,73,17,91,166,0,166,257
12/07/2003,SDM,CA,AWP,WE,Federal Contract Tower,0,1,41,0,42,0,0,12,0,12,0,1,53,0,54,0,0,0,54
12/08/2003,SDM,CA,AWP,WE,Federal Contract Tower,0,3,23,1,27,0,2,47,3,52,0,5,70,4,79,180,0,180,259
12/09/2003,SDM,CA,AWP,WE,Federal Contract Tower,0,3,25,1,29,0,1,63,13,77,0,4,88,14,106,178,20,198,304
12/10/2003,SDM,CA,AWP,WE,Federal Contract Tower,0,3,27,1,31,0,0,25,1,26,0,3,52,2,57,154,0,154,211
12/11/2003,SDM,CA,AWP,WE,Federal Contract Tower,0,2,21,1,24,0,0,30,9,39,0,2,51,10,63,84,30,114,177
12/12/2003,SDM,CA,AWP,WE,Federal Contract Tower,0,1,16,1,18,0,0,65,7,72,0,1,81,8,90,232,0,232,322
12/13/2003,SDM,CA,AWP,WE,Federal Contract Tower,0,0,15,1,16,0,0,116,3,119,0,0,131,4,135,304,0,304,439
12/14/2003,SDM,CA,AWP,WE,Federal Contract Tower,0,0,27,0,27,0,0,54,0,54,0,0,81,0,81,194,0,194,275
12/15/2003,SDM,CA,AWP,WE,Federal Contract Tower,0,1,13,1,15,0,0,69,3,72,0,1,82,4,87,170,36,206,293
12/16/2003,SDM,CA,AWP,WE,Federal Contract Tower,0,1,14,1,16,0,0,36,3,39,0,1,50,4,55,110,0,110,165
12/17/2003,SDM,CA,AWP,WE,Federal Contract Tower,0,2,21,0,23,0,0,47,0,47,0,2,68,0,70,164,0,164,234
12/18/2003,SDM,CA,AWP,WE,Federal Contract Tower,0,1,25,1,27,0,0,56,15,71,0,1,81,16,98,143,30,173,271
12/19/2003,SDM,CA,AWP,WE,Federal Contract Tower,0,3,19,1,23,0,0,61,3,64,0,3,80,4,87,216,14,230,317
12/20/2003,SDM,CA,AWP,WE,Federal Contract Tower,0,1,28,0,29,0,0,68,0,68,0,1,96,0,97,244,0,244,341
12/21/2003,SDM,CA,AWP,WE,Federal Contract Tower,0,2,22,0,24,0,0,74,0,74,0,2,96,0,98,126,0,126,224
12/22/2003,SDM,CA,AWP,WE,Federal Contract Tower,0,2,22,0,24,0,0,42,6,48,0,2,64,6,72,140,34,174,246
12/23/2003,SDM,CA,AWP,WE,Federal Contract Tower,0,0,22,0,22,0,0,21,14,35,0,0,43,14,57,86,10,96,153
12/24/2003,SDM,CA,AWP,WE,Federal Contract Tower,0,2,18,0,20,0,0,36,2,38,0,2,54,2,58,92,8,100,158
12/25/2003,SDM,CA,AWP,WE,Federal Contract Tower,0,1,9,0,10,0,0,0,0,0,0,1,9,0,10,0,0,0,10
12/26/2003,SDM,CA,AWP,WE,Federal Contract Tower,0,3,31,0,34,0,5,12,0,17,0,8,43,0,51,22,0,22,73
12/27/2003,SDM,CA,AWP,WE,Federal Contract Tower,0,3,32,0,35,0,3,28,0,31,0,6,60,0,66,210,0,210,276
12/28/2003,SDM,CA,AWP,WE,Federal Contract Tower,0,4,33,0,37,0,3,50,0,53,0,7,83,0,90,184,0,184,274
12/29/2003,SDM,CA,AWP,WE,Federal Contract Tower,0,2,15,0,17,0,1,43,2,46,0,3,58,2,63,110,0,110,173
12/30/2003,SDM,CA,AWP,WE,Federal Contract Tower,0,3,22,0,25,0,1,21,4,26,0,4,43,4,51,70,8,78,129
12/31/2003,SDM,CA,AWP,WE,Federal Contract Tower,0,3,31,0,34,0,4,21,0,25,0,7,52,0,59,54,0,54,113
01/01/2004,SDM,CA,AWP,WE,Federal Contract Tower,0,4,15,0,19,0,2,29,0,31,0,6,44,0,50,102,0,102,152
01/02/2004,SDM,CA,AWP,WE,Federal Contract Tower,0,7,38,0,45,0,0,49,1,50,0,7,87,1,95,174,0,174,269
01/03/2004,SDM,CA,AWP,WE,Federal Contract Tower,0,12,54,0,66,0,0,63,0,63,0,12,117,0,129,156,0,156,285
01/04/2004,SDM,CA,AWP,WE,Federal Contract Tower,0,9,40,0,49,0,2,76,2,80,0,11,116,2,129,178,2,180,309
01/05/2004,SDM,CA,AWP,WE,Federal Contract Tower,0,3,16,1,20,0,0,50,1,51,0,3,66,2,71,92,0,92,163
01/06/2004,SDM,CA,AWP,WE,Federal Contract Tower,0,2,16,1,19,0,0,32,5,37,0,2,48,6,56,124,32,156,212
01/07/2004,SDM,CA,AWP,WE,Federal Contract Tower,0,5,24,0,29,0,0,49,0,49,0,5,73,0,78,192,0,192,270
01/08/2004,SDM,CA,AWP,WE,Federal Contract Tower,0,3,17,1,21,0,0,91,7,98,0,3,108,8,119,238,24,262,381
01/09/2004,SDM,CA,AWP,WE,Federal Contract Tower,0,4,23,0,27,0,3,45,0,48,0,7,68,0,75,170,0,170,245
01/10/2004,SDM,CA,AWP,WE,Federal Contract Tower,0,3,17,1,21,0,0,105,1,106,0,3,122,2,127,270,6,276,403
01/11/2004,SDM,CA,AWP,WE,Federal Contract Tower,0,4,19,0,23,0,3,59,0,62,0,7,78,0,85,234,0,234,319
01/12/2004,SDM,CA,AWP,WE,Federal Contract Tower,0,2,16,1,19,0,0,32,1,33,0,2,48,2,52,118,34,152,204
01/13/2004,SDM,CA,AWP,WE,Federal Contract Tower,0,6,34,1,41,0,0,55,13,68,0,6,89,14,109,172,66,238,347
01/14/2004,SDM,CA,AWP,WE,Federal Contract Tower,0,3,26,1,30,0,0,58,9,67,0,3,84,10,97,128,38,166,263
01/15/2004,SDM,CA,AWP,WE,Federal Contract Tower,0,2,25,0,27,0,0,81,20,101,0,2,106,20,128,238,32,270,398
01/16/2004,SDM,CA,AWP,WE,Federal Contract Tower,0,3,21,0,24,0,0,42,16,58,0,3,63,16,82,186,44,230,312
01/17/2004,SDM,CA,AWP,WE,Federal Contract Tower,0,3,18,0,21,0,0,80,3,83,0,3,98,3,104,206,0,206,310
01/18/2004,SDM,CA,AWP,WE,Federal Contract Tower,0,4,24,0,28,0,1,43,0,44,0,5,67,0,72,130,1,131,203
01/19/2004,SDM,CA,AWP,WE,Federal Contract Tower,0,5,26,0,31,0,1,22,0,23,0,6,48,0,54,128,0,128,182
01/20/2004,SDM,CA,AWP,WE,Federal Contract Tower,0,3,17,0,20,0,1,55,3,59,0,4,72,3,79,130,70,200,279
01/21/2004,SDM,CA,AWP,WE,Federal Contract Tower,0,3,22,0,25,0,0,13,6,19,0,3,35,6,44,102,62,164,208
01/22/2004,SDM,CA,AWP,WE,Federal Contract Tower,0,4,25,0,29,0,1,86,14,101,0,5,111,14,130,228,0,228,358
01/23/2004,SDM,CA,AWP,WE,Federal Contract Tower,0,2,19,0,21,0,0,109,18,127,0,2,128,18,148,274,50,324,472
01/24/2004,SDM,CA,AWP,WE,Federal Contract Tower,0,4,32,0,36,0,0,53,2,55,0,4,85,2,91,142,32,174,265
01/25/2004,SDM,CA,AWP,WE,Federal Contract Tower,0,5,35,0,40,0,0,39,0,39,0,5,74,0,79,144,0,144,223
01/26/2004,SDM,CA,AWP,WE,Federal Contract Tower,0,4,26,0,30,0,0,63,16,79,0,4,89,16,109,180,48,228,337
01/27/2004,SDM,CA,AWP,WE,Federal Contract Tower,0,3,27,0,30,0,0,58,8,66,0,3,85,8,96,196,70,266,362
01/28/2004,SDM,CA,AWP,WE,Federal Contract Tower,0,4,25,0,29,0,0,41,10,51,0,4,66,10,80,152,42,194,274
01/29/2004,SDM,CA,AWP,WE,Federal Contract Tower,0,5,26,0,31,0,1,86,22,109,0,6,112,22,140,220,22,242,382
01/30/2004,SDM,CA,AWP,WE,Federal Contract Tower,0,6,34,0,40,0,7,102,8,117,0,13,136,8,157,262,0,262,419
01/31/2004,SDM,CA,AWP,WE,Federal Contract Tower,0,6,33,0,39,0,1,38,0,39,0,7,71,0,78,212,0,212,290
02/01/2004,SDM,CA,AWP,WE,Federal Contract Tower,0,5,29,0,34,0,4,21,1,26,0,9,50,1,60,150,0,150,210
02/02/2004,SDM,CA,AWP,WE,Federal Contract Tower,0,4,19,0,23,0,1,60,6,67,0,5,79,6,90,218,4,222,312
02/03/2004,SDM,CA,AWP,WE,Federal Contract Tower,0,4,20,0,24,0,5,5,5,15,0,9,25,5,39,76,22,98,137
02/04/2004,SDM,CA,AWP,WE,Federal Contract Tower,0,3,28,0,31,0,0,43,18,61,0,3,71,18,92,196,42,238,330
02/05/2004,SDM,CA,AWP,WE,Federal Contract Tower,0,1,21,0,22,0,0,92,14,106,0,1,113,14,128,224,0,224,352
02/06/2004,SDM,CA,AWP,WE,Federal Contract Tower,0,2,28,0,30,0,0,95,2,97,0,2,123,2,127,286,2,288,415
02/07/2004,SDM,CA,AWP,WE,Federal Contract Tower,0,3,18,0,21,0,0,126,4,130,0,3,144,4,151,362,0,362,513
02/08/2004,SDM,CA,AWP,WE,Federal Contract Tower,0,5,30,0,35,0,0,76,0,76,0,5,106,0,111,178,0,178,289
02/09/2004,SDM,CA,AWP,WE,Federal Contract Tower,0,3,24,0,27,0,0,51,18,69,0,3,75,18,96,180,8,188,284
02/10/2004,SDM,CA,AWP,WE,Federal Contract Tower,0,4,26,0,30,0,0,47,0,47,0,4,73,0,77,146,28,174,251
02/11/2004,SDM,CA,AWP,WE,Federal Contract Tower,0,1,14,1,16,0,0,68,7,75,0,1,82,8,91,238,0,238,329
02/12/2004,SDM,CA,AWP,WE,Federal Contract Tower,0,3,20,1,24,0,1,89,15,105,0,4,109,16,129,222,26,248,377
02/13/2004,SDM,CA,AWP,WE,Federal Contract Tower,0,5,35,0,40,0,1,108,6,115,0,6,143,6,155,202,4,206,361
02/14/2004,SDM,CA,AWP,WE,Federal Contract Tower,0,3,22,0,25,0,2,101,0,103,0,5,123,0,128,194,0,194,322
02/15/2004,SDM,CA,AWP,WE,Federal Contract Tower,0,4,28,0,32,0,0,64,0,64,0,4,92,0,96,180,0,180,276
02/16/2004,SDM,CA,AWP,WE,Federal Contract Tower,0,7,45,0,52,0,7,47,0,54,0,14,92,0,106,182,5,187,293
02/17/2004,SDM,CA,AWP,WE,Federal Contract Tower,0,4,28,0,32,0,2,41,2,45,0,6,69,2,77,16,0,16,93
02/18/2004,SDM,CA,AWP,WE,Federal Contract Tower,0,1,25,0,26,0,0,11,2,13,0,1,36,2,39,76,12,88,127
02/19/2004,SDM,CA,AWP,WE,Federal Contract Tower,0,4,27,0,31,0,1,93,12,106,0,5,120,12,137,218,66,284,421
02/20/2004,SDM,CA,AWP,WE,Federal Contract Tower,0,2,28,0,30,0,0,34,10,44,0,2,62,10,74,138,26,164,238
02/21/2004,SDM,CA,AWP,WE,Federal Contract Tower,0,6,39,0,45,0,10,59,0,69,0,16,98,0,114,170,0,170,284
02/22/2004,SDM,CA,AWP,WE,Federal Contract Tower,0,7,46,0,53,0,1,16,0,17,0,8,62,0,70,32,0,32,102
02/23/2004,SDM,CA,AWP,WE,Federal Contract Tower,0,0,35,0,35,0,0,32,12,44,0,0,67,12,79,120,82,202,281
02/24/2004,SDM,CA,AWP,WE,Federal Contract Tower,0,3,23,0,26,0,0,65,14,79,0,3,88,14,105,232,50,282,387
02/25/2004,SDM,CA,AWP,WE,Federal Contract Tower,0,3,31,0,34,0,0,90,10,100,0,3,121,10,134,226,26,252,386
02/26/2004,SDM,CA,AWP,WE,Federal Contract Tower,0,4,27,0,31,0,0,17,16,33,0,4,44,16,64,74,12,86,150
02/27/2004,SDM,CA,AWP,WE,Federal Contract Tower,0,3,25,0,28,0,2,55,6,63,0,5,80,6,91,154,12,166,257
02/28/2004,SDM,CA,AWP,WE,Federal Contract Tower,0,4,31,0,35,0,0,120,4,124,0,4,151,4,159,330,2,332,491
02/29/2004,SDM,CA,AWP,WE,Federal Contract Tower,0,9,56,0,65,0,2,76,0,78,0,11,132,0,143,268,0,268,411
03/01/2004,SDM,CA,AWP,WE,Federal Contract Tower,0,4,27,0,31,0,1,52,2,55,0,5,79,2,86,198,0,198,284
03/02/2004,SDM,CA,AWP,WE,Federal Contract Tower,0,2,20,0,22,0,0,45,14,59,0,2,65,14,81,104,30,134,215
03/03/2004,SDM,CA,AWP,WE,Federal Contract Tower,0,3,28,0,31,0,0,53,14,67,0,3,81,14,98,216,24,240,338
03/04/2004,SDM,CA,AWP,WE,Federal Contract Tower,0,3,29,0,32,0,0,56,8,64,0,3,85,8,96,152,20,172,268
03/05/2004,SDM,CA,AWP,WE,Federal Contract Tower,0,3,24,0,27,0,1,90,12,103,0,4,114,12,130,266,38,304,434
03/06/2004,SDM,CA,AWP,WE,Federal Contract Tower,0,1,19,0,20,0,0,94,4,98,0,1,113,4,118,244,4,248,366
03/07/2004,SDM,CA,AWP,WE,Federal Contract Tower,0,4,33,0,37,0,2,42,0,44,0,6,75,0,81,232,0,232,313
03/08/2004,SDM,CA,AWP,WE,Federal Contract Tower,0,1,23,0,24,0,0,56,6,62,0,1,79,6,86,178,6,184,270
03/09/2004,SDM,CA,AWP,WE,Federal Contract Tower,0,0,26,0,26,0,0,58,12,70,0,0,84,12,96,198,20,218,314
03/10/2004,SDM,CA,AWP,WE,Federal Contract Tower,0,3,27,1,31,0,2,28,3,33,0,5,55,4,64,88,0,88,152
03/11/2004,SDM,CA,AWP,WE,Federal Contract Tower,0,3,33,1,37,0,1,62,17,80,0,4,95,18,117,140,60,200,317
03/12/2004,SDM,CA,AWP,WE,Federal Contract Tower,0,0,22,0,22,0,0,20,0,20,0,0,42,0,42,52,0,52,94
03/13/2004,SDM,CA,AWP,WE,Federal Contract Tower,0,2,22,0,24,0,6,43,0,49,0,8,65,0,73,162,0,162,235
03/14/2004,SDM,CA,AWP,WE,Federal Contract Tower,0,3,28,1,32,0,1,31,1,33,0,4,59,2,65,126,0,126,191
03/15/2004,SDM,CA,AWP,WE,Federal Contract Tower,0,0,19,0,19,0,0,31,12,43,0,0,50,12,62,138,0,138,200
03/16/2004,SDM,CA,AWP,WE,Federal Contract Tower,0,2,22,0,24,0,0,25,8,33,0,2,47,8,57,148,44,192,249
03/17/2004,SDM,CA,AWP,WE,Federal Contract Tower,0,3,27,0,30,0,1,25,18,44,0,4,52,18,74,172,112,284,358
03/18/2004,SDM,CA,AWP,WE,Federal Contract Tower,0,2,24,0,26,0,0,50,18,68,0,2,74,18,94,180,0,180,274
03/19/2004,SDM,CA,AWP,WE,Federal Contract Tower,0,2,20,0,22,0,0,50,10,60,0,2,70,10,82,144,0,144,226
03/20/2004,SDM,CA,AWP,WE,Federal Contract Tower,0,3,29,0,32,0,0,55,4,59,0,3,84,4,91,106,20,126,217
03/21/2004,SDM,CA,AWP,WE,Federal Contract Tower,0,0,26,0,26,0,0,24,0,24,0,0,50,0,50,34,0,34,84
03/22/2004,SDM,CA,AWP,WE,Federal Contract Tower,0,2,26,0,28,0,0,28,3,31,0,2,54,3,59,24,0,24,83
03/23/2004,SDM,CA,AWP,WE,Federal Contract Tower,0,0,32,0,32,0,0,0,8,8,0,0,32,8,40,18,0,18,58
03/24/2004,SDM,CA,AWP,WE,Federal Contract Tower,0,1,28,0,29,0,0,34,10,44,0,1,62,10,73,66,28,94,167
03/25/2004,SDM,CA,AWP,WE,Federal Contract Tower,0,3,35,0,38,0,5,66,2,73,0,8,101,2,111,117,2,119,230
03/26/2004,SDM,CA,AWP,WE,Federal Contract Tower,0,4,36,0,40,0,0,70,1,71,0,4,106,1,111,146,0,146,257
03/27/2004,SDM,CA,AWP,WE,Federal Contract Tower,0,3,29,0,32,0,0,90,0,90,0,3,119,0,122,236,0,236,358
03/28/2004,SDM,CA,AWP,WE,Federal Contract Tower,0,4,43,0,47,0,0,54,0,54,0,4,97,0,101,240,0,240,341
03/29/2004,SDM,CA,AWP,WE,Federal Contract Tower,0,3,29,0,32,0,4,35,8,47,0,7,64,8,79,162,0,162,241
03/30/2004,SDM,CA,AWP,WE,Federal Contract Tower,0,2,18,0,20,0,6,42,16,64,0,8,60,16,84,180,8,188,272
03/31/2004,SDM,CA,AWP,WE,Federal Contract Tower,0,3,26,0,29,0,2,48,4,54,0,5,74,4,83,150,30,180,263
04/01/2004,SDM,CA,AWP,WE,Federal Contract Tower,0,2,31,0,33,0,0,39,8,47,0,2,70,8,80,143,10,153,233
04/02/2004,SDM,CA,AWP,WE,Federal Contract Tower,0,6,24,0,30,0,1,40,2,43,0,7,64,2,73,182,0,182,255
04/03/2004,SDM,CA,AWP,WE,Federal Contract Tower,0,8,34,0,42,0,0,78,0,78,0,8,112,0,120,218,0,218,338
04/04/2004,SDM,CA,AWP,WE,Federal Contract Tower,0,5,32,0,37,0,0,54,0,54,0,5,86,0,91,222,0,222,313
04/05/2004,SDM,CA,AWP,WE,Federal Contract Tower,0,1,18,0,19,0,0,33,8,41,0,1,51,8,60,124,6,130,190
04/06/2004,SDM,CA,AWP,WE,Federal Contract Tower,0,2,25,1,28,0,0,52,9,61,0,2,77,10,89,132,14,146,235
04/07/2004,SDM,CA,AWP,WE,Federal Contract Tower,0,6,35,1,42,0,0,17,11,28,0,6,52,12,70,134,42,176,246
04/08/2004,SDM,CA,AWP,WE,Federal Contract Tower,0,2,36,1,39,0,0,85,3,88,0,2,121,4,127,246,56,302,429
04/09/2004,SDM,CA,AWP,WE,Federal Contract Tower,0,5,27,1,33,0,4,90,0,94,0,9,117,1,127,320,2,322,449
04/10/2004,SDM,CA,AWP,WE,Federal Contract Tower,0,7,34,0,41,0,2,87,0,89,0,9,121,0,130,220,0,220,350
04/11/2004,SDM,CA,AWP,WE,Federal Contract Tower,0,9,42,0,51,0,2,50,0,52,0,11,92,0,103,166,0,166,269
04/12/2004,SDM,CA,AWP,WE,Federal Contract Tower,0,6,30,1,37,0,6,35,3,44,0,12,65,4,81,152,48,200,281
04/13/2004,SDM,CA,AWP,WE,Federal Contract Tower,0,4,20,1,25,0,0,49,11,60,0,4,69,12,85,228,8,236,321
04/14/2004,SDM,CA,AWP,WE,Federal Contract Tower,0,5,28,1,34,0,2,21,17,40,0,7,49,18,74,158,46,204,278
04/15/2004,SDM,CA,AWP,WE,Federal Contract Tower,0,8,41,0,49,0,6,93,41,140,0,14,134,41,189,248,60,308,497
04/16/2004,SDM,CA,AWP,WE,Federal Contract Tower,0,3,16,0,19,0,3,114,11,128,0,6,130,11,147,268,14,282,429
04/17/2004,SDM,CA,AWP,WE,Federal Contract Tower,0,4,32,0,36,0,0,37,0,37,0,4,69,0,73,112,0,112,185
04/18/2004,SDM,CA,AWP,WE,Federal Contract Tower,0,9,43,0,52,0,7,55,4,66,0,16,98,4,118,210,0,210,328
04/19/2004,SDM,CA,AWP,WE,Federal Contract Tower,0,4,22,0,26,0,2,48,2,52,0,6,70,2,78,264,48,312,390
04/20/2004,SDM,CA,AWP,WE,Federal Contract Tower,0,4,25,0,29,0,0,41,8,49,0,4,66,8,78,162,28,190,268
04/21/2004,SDM,CA,AWP,WE,Federal Contract Tower,0,3,20,0,23,0,0,36,2,38,0,3,56,2,61,184,4,188,249
04/22/2004,SDM,CA,AWP,WE,Federal Contract Tower,0,7,34,0,41,0,1,84,16,101,0,8,118,16,142,246,32,278,420
04/23/2004,SDM,CA,AWP,WE,Federal Contract Tower,0,1,23,0,24,0,0,94,4,98,0,1,117,4,122,248,54,302,424
04/24/2004,SDM,CA,AWP,WE,Federal Contract Tower,0,5,38,0,43,0,0,76,0,76,0,5,114,0,119,258,0,258,377
04/25/2004,SDM,CA,AWP,WE,Federal Contract Tower,0,4,21,0,25,0,2,74,1,77,0,6,95,1,102,250,0,250,352
04/26/2004,SDM,CA,AWP,WE,Federal Contract Tower,0,4,22,0,26,0,0,42,0,42,0,4,64,0,68,170,0,170,238
04/27/2004,SDM,CA,AWP,WE,Federal Contract Tower,0,7,37,0,44,0,7,25,3,35,0,14,62,3,79,202,14,216,295
04/28/2004,SDM,CA,AWP,WE,Federal Contract Tower,0,2,27,0,29,0,0,18,8,26,0,2,45,8,55,76,14,90,145
04/29/2004,SDM,CA,AWP,WE,Federal Contract Tower,0,5,29,0,34,0,0,53,14,67,0,5,82,14,101,168,6,174,275
04/30/2004,SDM,CA,AWP,WE,Federal Contract Tower,0,5,28,0,33,0,2,64,4,70,0,7,92,4,103,233,56,289,392
05/01/2004,SDM,CA,AWP,WE,Federal Contract Tower,0,3,13,0,16,0,1,94,4,99,0,4,107,4,115,256,0,256,371
05/02/2004,SDM,CA,AWP,WE,Federal Contract Tower,0,7,35,0,42,0,0,48,12,60,0,7,83,12,102,118,0,118,220
05/03/2004,SDM,CA,AWP,WE,Federal Contract Tower,0,4,21,0,25,0,0,41,10,51,0,4,62,10,76,198,10,208,284
05/04/2004,SDM,CA,AWP,WE,Federal Contract Tower,0,5,20,0,25,0,2,44,12,58,0,7,64,12,83,212,40,252,335
05/05/2004,SDM,CA,AWP,WE,Federal Contract Tower,0,3,23,1,27,0,0,61,11,72,0,3,84,12,99,232,12,244,343
05/06/2004,SDM,CA,AWP,WE,Federal Contract Tower,0,4,23,1,28,0,0,101,4,105,0,4,124,5,133,290,16,306,439
05/07/2004,SDM,CA,AWP,WE,Federal Contract Tower,0,3,21,1,25,0,0,81,6,87,0,3,102,7,112,261,40,301,413
05/08/2004,SDM,CA,AWP,WE,Federal Contract Tower,0,1,14,1,16,0,0,95,3,98,0,1,109,4,114,264,0,264,378
05/09/2004,SDM,CA,AWP,WE,Federal Contract Tower,0,3,25,1,29,0,0,31,0,31,0,3,56,1,60,188,0,188,248
05/10/2004,SDM,CA,AWP,WE,Federal Contract Tower,0,2,20,1,23,0,0,22,7,29,0,2,42,8,52,108,20,128,180
05/11/2004,SDM,CA,AWP,WE,Federal Contract Tower,0,3,16,1,20,0,1,49,7,57,0,4,65,8,77,218,44,262,339
05/12/2004,SDM,CA,AWP,WE,Federal Contract Tower,0,3,22,1,26,0,0,55,11,66,0,3,77,12,92,218,24,242,334
05/13/2004,SDM,CA,AWP,WE,Federal Contract Tower,0,1,18,1,20,0,0,72,14,86,0,1,90,15,106,308,18,326,432
05/14/2004,SDM,CA,AWP,WE,Federal Contract Tower,0,6,35,1,42,0,5,80,11,96,0,11,115,12,138,248,14,262,400
05/15/2004,SDM,CA,AWP,WE,Federal Contract Tower,0,3,17,0,20,0,2,71,0,73,0,5,88,0,93,152,0,152,245
05/16/2004,SDM,CA,AWP,WE,Federal Contract Tower,0,4,33,1,38,0,0,49,3,52,0,4,82,4,90,244,0,244,334
05/17/2004,SDM,CA,AWP,WE,Federal Contract Tower,0,6,36,0,42,0,3,45,6,54,0,9,81,6,96,236,0,236,332
05/18/2004,SDM,CA,AWP,WE,Federal Contract Tower,0,4,25,0,29,0,2,60,10,72,0,6,85,10,101,178,60,238,339
05/19/2004,SDM,CA,AWP,WE,Federal Contract Tower,0,1,15,0,16,0,0,42,8,50,0,1,57,8,66,142,16,158,224
05/20/2004,SDM,CA,AWP,WE,Federal Contract Tower,0,4,21,0,25,0,0,59,8,67,0,4,80,8,92,188,4,192,284
05/21/2004,SDM,CA,AWP,WE,Federal Contract Tower,0,5,27,0,32,0,0,52,2,54,0,5,79,2,86,180,0,180,266
05/22/2004,SDM,CA,AWP,WE,Federal Contract Tower,0,3,21,0,24,0,4,74,0,78,0,7,95,0,102,210,0,210,312
05/23/2004,SDM,CA,AWP,WE,Federal Contract Tower,0,3,39,0,42,0,0,17,0,17,0,3,56,0,59,122,0,122,181
05/24/2004,SDM,CA,AWP,WE,Federal Contract Tower,0,4,22,0,26,0,0,36,8,44,0,4,58,8,70,176,0,176,246
05/25/2004,SDM,CA,AWP,WE,Federal Contract Tower,0,4,24,0,28,0,0,62,4,66,0,4,86,4,94,282,4,286,380
05/26/2004,SDM,CA,AWP,WE,Federal Contract Tower,0,4,24,0,28,0,0,70,0,70,0,4,94,0,98,140,0,140,238
05/27/2004,SDM,CA,AWP,WE,Federal Contract Tower,0,5,32,0,37,0,0,61,13,74,0,5,93,13,111,168,42,210,321
05/28/2004,SDM,CA,AWP,WE,Federal Contract Tower,0,7,42,0,49,0,4,10,7,21,0,11,52,7,70,39,0,39,109
05/29/2004,SDM,CA,AWP,WE,Federal Contract Tower,0,1,13,0,14,0,0,71,0,71,0,1,84,0,85,216,0,216,301
05/30/2004,SDM,CA,AWP,WE,Federal Contract Tower,0,2,19,0,21,0,0,59,0,59,0,2,78,0,80,204,0,204,284
05/31/2004,SDM,CA,AWP,WE,Federal Contract Tower,0,10,56,0,66,0,2,81,4,87,0,12,137,4,153,196,0,196,349
06/01/2004,SDM,CA,AWP,WE,Federal Contract Tower,0,3,18,0,21,0,0,56,8,64,0,3,74,8,85,216,0,216,301
06/02/2004,SDM,CA,AWP,WE,Federal Contract Tower,0,5,29,1,35,0,2,32,13,47,0,7,61,14,82,180,8,188,270
06/03/2004,SDM,CA,AWP,WE,Federal Contract Tower,0,2,19,1,22,0,0,85,16,101,0,2,104,17,123,163,10,173,296
06/04/2004,SDM,CA,AWP,WE,Federal Contract Tower,0,3,14,1,18,0,0,67,7,74,0,3,81,8,92,184,0,184,276
06/05/2004,SDM,CA,AWP,WE,Federal Contract Tower,0,5,25,0,30,0,1,40,0,41,0,6,65,0,71,232,34,266,337
06/06/2004,SDM,CA,AWP,WE,Federal Contract Tower,0,5,31,0,36,0,0,15,0,15,0,5,46,0,51,63,0,63,114
06/07/2004,SDM,CA,AWP,WE,Federal Contract Tower,0,0,25,1,26,0,0,7,0,7,0,0,32,1,33,60,24,84,117
06/08/2004,SDM,CA,AWP,WE,Federal Contract Tower,0,1,27,1,29,0,0,25,7,32,0,1,52,8,61,168,0,168,229
06/09/2004,SDM,CA,AWP,WE,Federal Contract Tower,0,4,35,1,40,0,0,26,7,33,0,4,61,8,73,144,40,184,257
06/10/2004,SDM,CA,AWP,WE,Federal Contract Tower,0,2,14,1,17,0,1,53,3,57,0,3,67,4,74,182,12,194,268
06/11/2004,SDM,CA,AWP,WE,Federal Contract Tower,0,7,38,0,45,0,4,43,0,47,0,11,81,0,92,196,0,196,288
06/12/2004,SDM,CA,AWP,WE,Federal Contract Tower,0,2,12,0,14,0,3,62,0,65,0,5,74,0,79,232,0,232,311
06/13/2004,SDM,CA,AWP,WE,Federal Contract Tower,0,3,23,0,26,0,0,58,0,58,0,3,81,0,84,210,0,210,294
06/14/2004,SDM,CA,AWP,WE,Federal Contract Tower,0,5,30,0,35,0,2,40,0,42,0,7,70,0,77,260,1,261,338
06/15/2004,SDM,CA,AWP,WE,Federal Contract Tower,0,4,26,0,30,0,0,54,4,58,0,4,80,4,88,298,30,328,416
06/16/2004,SDM,CA,AWP,WE,Federal Contract Tower,0,2,14,0,16,0,2,18,2,22,0,4,32,2,38,78,6,84,122
06/17/2004,SDM,CA,AWP,WE,Federal Contract Tower,0,4,21,0,25,0,2,30,12,44,0,6,51,12,69,96,4,100,169
06/18/2004,SDM,CA,AWP,WE,Federal Contract Tower,0,4,21,0,25,0,3,25,2,30,0,7,46,2,55,22,0,22,77
06/19/2004,SDM,CA,AWP,WE,Federal Contract Tower,0,4,23,0,27,0,2,50,0,52,0,6,73,0,79,192,0,192,271
06/20/2004,SDM,CA,AWP,WE,Federal Contract Tower,0,6,31,0,37,0,2,54,0,56,0,8,85,0,93,162,0,162,255
06/21/2004,SDM,CA,AWP,WE,Federal Contract Tower,0,5,32,0,37,0,0,29,2,31,0,5,61,2,68,96,0,96,164
06/22/2004,SDM,CA,AWP,WE,Federal Contract Tower,0,6,30,0,36,0,0,23,12,35,0,6,53,12,71,158,0,158,229
06/23/2004,SDM,CA,AWP,WE,Federal Contract Tower,0,3,25,0,28,0,0,46,6,52,0,3,71,6,80,92,14,106,186
06/24/2004,SDM,CA,AWP,WE,Federal Contract Tower,0,5,25,0,30,0,2,64,6,72,0,7,89,6,102,122,38,160,262
06/25/2004,SDM,CA,AWP,WE,Federal Contract Tower,0,5,30,0,35,0,3,66,5,74,0,8,96,5,109,176,34,210,319
06/26/2004,SDM,CA,AWP,WE,Federal Contract Tower,0,2,24,0,26,0,0,62,2,64,0,2,86,2,90,198,0,198,288
06/27/2004,SDM,CA,AWP,WE,Federal Contract Tower,0,5,28,0,33,0,0,54,1,55,0,5,82,1,88,122,0,122,210
06/28/2004,SDM,CA,AWP,WE,Federal Contract Tower,0,4,28,0,32,0,0,56,20,76,0,4,84,20,108,99,6,105,213
06/29/2004,SDM,CA,AWP,WE,Federal Contract Tower,0,4,21,0,25,0,1,31,6,38,0,5,52,6,63,160,38,198,261
06/30/2004,SDM,CA,AWP,WE,Federal Contract Tower,0,5,34,0,39,0,0,33,2,35,0,5,67,2,74,164,18,182,256
07/01/2004,SDM,CA,AWP,WE,Federal Contract Tower,0,4,24,1,29,0,0,45,5,50,0,4,69,6,79,194,2,196,275
07/02/2004,SDM,CA,AWP,WE,Federal Contract Tower,0,2,23,1,26,0,0,56,2,58,0,2,79,3,84,234,0,234,318
07/03/2004,SDM,CA,AWP,WE,Federal Contract Tower,0,1,17,0,18,0,0,87,0,87,0,1,104,0,105,246,0,246,351
07/04/2004,SDM,CA,AWP,WE,Federal Contract Tower,0,3,12,0,15,0,2,25,0,27,0,5,37,0,42,80,0,80,122
07/05/2004,SDM,CA,AWP,WE,Federal Contract Tower,0,6,30,1,37,0,1,38,0,39,0,7,68,1,76,218,0,218,294
07/06/2004,SDM,CA,AWP,WE,Federal Contract Tower,0,2,19,1,22,0,0,38,1,39,0,2,57,2,61,198,0,198,259
07/07/2004,SDM,CA,AWP,WE,Federal Contract Tower,0,3,17,0,20,0,1,28,0,29,0,4,45,0,49,106,0,106,155
07/08/2004,SDM,CA,AWP,WE,Federal Contract Tower,0,5,24,1,30,0,0,48,7,55,0,5,72,8,85,242,32,274,359
07/09/2004,SDM,CA,AWP,WE,Federal Contract Tower,0,5,22,1,28,0,2,48,11,61,0,7,70,12,89,208,32,240,329
07/10/2004,SDM,CA,AWP,WE,Federal Contract Tower,0,2,19,1,22,0,0,97,5,102,0,2,116,6,124,206,0,206,330
07/11/2004,SDM,CA,AWP,WE,Federal Contract Tower,0,6,37,2,45,0,0,36,7,43,0,6,73,9,88,226,0,226,314
07/12/2004,SDM,CA,AWP,WE,Federal Contract Tower,0,7,31,1,39,0,0,31,15,46,0,7,62,16,85,260,44,304,389
07/13/2004,SDM,CA,AWP,WE,Federal Contract Tower,0,5,26,1,32,0,0,54,9,63,0,5,80,10,95,226,6,232,327
07/14/2004,SDM,CA,AWP,WE,Federal Contract Tower,0,5,23,1,29,0,2,36,1,39,0,7,59,2,68,178,14,192,260
07/15/2004,SDM,CA,AWP,WE,Federal Contract Tower,0,2,16,1,19,0,0,67,9,76,0,2,83,10,95,198,10,208,303
07/16/2004,SDM,CA,AWP,WE,Federal Contract Tower,0,5,25,1,31,0,4,63,7,74,0,9,88,8,105,248,22,270,375
07/17/2004,SDM,CA,AWP,WE,Federal Contract Tower,0,4,20,0,24,0,6,83,0,89,0,10,103,0,113,274,0,274,387
07/18/2004,SDM,CA,AWP,WE,Federal Contract Tower,0,5,28,1,34,0,0,83,0,83,0,5,111,1,117,246,0,246,363
07/19/2004,SDM,CA,AWP,WE,Federal Contract Tower,0,2,20,0,22,0,0,60,0,60,0,2,80,0,82,208,0,208,290
07/20/2004,SDM,CA,AWP,WE,Federal Contract Tower,0,0,24,0,24,0,0,53,17,70,0,0,77,17,94,218,44,262,356
07/21/2004,SDM,CA,AWP,WE,Federal Contract Tower,0,3,25,0,28,0,0,52,5,57,0,3,77,5,85,214,32,246,331
07/22/2004,SDM,CA,AWP,WE,Federal Contract Tower,0,4,22,0,26,0,3,52,17,72,0,7,74,17,98,292,36,328,426
07/23/2004,SDM,CA,AWP,WE,Federal Contract Tower,0,3,19,0,22,0,0,58,1,59,0,3,77,1,81,230,0,230,311
07/24/2004,SDM,CA,AWP,WE,Federal Contract Tower,0,4,18,0,22,0,1,75,4,80,0,5,93,4,102,238,66,304,406
07/25/2004,SDM,CA,AWP,WE,Federal Contract Tower,0,1,14,0,15,0,0,56,0,56,0,1,70,0,71,196,0,196,267
07/26/2004,SDM,CA,AWP,WE,Federal Contract Tower,0,4,20,0,24,0,0,62,12,74,0,4,82,12,98,240,0,240,338
07/27/2004,SDM,CA,AWP,WE,Federal Contract Tower,0,4,21,0,25,0,1,39,4,44,0,5,60,4,69,296,18,314,383
07/28/2004,SDM,CA,AWP,WE,Federal Contract Tower,0,5,26,0,31,0,1,50,6,57,0,6,76,6,88,164,32,196,284
07/29/2004,SDM,CA,AWP,WE,Federal Contract Tower,0,5,25,0,30,0,3,41,6,50,0,8,66,6,80,204,14,218,298
07/30/2004,SDM,CA,AWP,WE,Federal Contract Tower,0,5,25,0,30,0,1,48,6,55,0,6,73,6,85,192,10,202,287
07/31/2004,SDM,CA,AWP,WE,Federal Contract Tower,0,2,16,0,18,0,0,40,0,40,0,2,56,0,58,170,0,170,228
08/01/2004,SDM,CA,AWP,WE,Federal Contract Tower,0,3,18,1,22,0,0,51,6,57,0,3,69,7,79,234,0,234,313
08/02/2004,SDM,CA,AWP,WE,Federal Contract Tower,0,5,22,1,28,0,1,48,9,58,0,6,70,10,86,250,10,260,346
08/03/2004,SDM,CA,AWP,WE,Federal Contract Tower,0,4,14,1,19,0,0,47,11,58,0,4,61,12,77,216,20,236,313
08/04/2004,SDM,CA,AWP,WE,Federal Contract Tower,0,7,26,0,33,0,2,19,0,21,0,9,45,0,54,54,0,54,108
08/05/2004,SDM,CA,AWP,WE,Federal Contract Tower,0,6,21,1,28,0,2,50,17,69,0,8,71,18,97,192,44,236,333
08/06/2004,SDM,CA,AWP,WE,Federal Contract Tower,0,4,15,1,20,0,3,83,3,89,0,7,98,4,109,230,2,232,341
08/07/2004,SDM,CA,AWP,WE,Federal Contract Tower,0,7,24,1,32,0,1,53,0,54,0,8,77,1,86,212,0,212,298
08/08/2004,SDM,CA,AWP,WE,Federal Contract Tower,0,7,28,0,35,0,5,63,0,68,0,12,91,0,103,210,0,210,313
08/09/2004,SDM,CA,AWP,WE,Federal Contract Tower,0,4,15,0,19,0,1,60,0,61,0,5,75,0,80,230,0,230,310
08/10/2004,SDM,CA,AWP,WE,Federal Contract Tower,0,6,23,1,30,0,0,49,5,54,0,6,72,6,84,182,12,194,278
08/11/2004,SDM,CA,AWP,WE,Federal Contract Tower,0,3,14,1,18,0,0,32,9,41,0,3,46,10,59,162,12,174,233
08/12/2004,SDM,CA,AWP,WE,Federal Contract Tower,0,7,28,1,36,0,0,50,13,63,0,7,78,14,99,182,2,184,283
08/13/2004,SDM,CA,AWP,WE,Federal Contract Tower,0,6,21,1,28,0,4,60,7,71,0,10,81,8,99,236,54,290,389
08/14/2004,SDM,CA,AWP,WE,Federal Contract Tower,0,3,21,0,24,0,0,86,0,86,0,3,107,0,110,184,0,184,294
08/15/2004,SDM,CA,AWP,WE,Federal Contract Tower,0,7,24,0,31,0,1,50,0,51,0,8,74,0,82,258,0,258,340
08/16/2004,SDM,CA,AWP,WE,Federal Contract Tower,0,4,21,1,26,0,0,47,15,62,0,4,68,16,88,310,4,314,402
08/17/2004,SDM,CA,AWP,WE,Federal Contract Tower,0,7,25,1,33,0,1,45,7,53,0,8,70,8,86,350,0,350,436
08/18/2004,SDM,CA,AWP,WE,Federal Contract Tower,0,0,21,1,22,0,0,91,3,94,0,0,112,4,116,240,22,262,378
08/19/2004,SDM,CA,AWP,WE,Federal Contract Tower,0,5,21,1,27,0,1,77,13,91,0,6,98,14,118,222,0,222,340
08/20/2004,SDM,CA,AWP,WE,Federal Contract Tower,0,7,30,0,37,0,0,70,6,76,0,7,100,6,113,196,0,196,309
08/21/2004,SDM,CA,AWP,WE,Federal Contract Tower,0,5,18,0,23,0,1,73,18,92,0,6,91,18,115,136,82,218,333
08/22/2004,SDM,CA,AWP,WE,Federal Contract Tower,0,7,27,0,34,0,0,52,5,57,0,7,79,5,91,156,0,156,247
08/23/2004,SDM,CA,AWP,WE,Federal Contract Tower,0,5,21,0,26,0,1,57,6,64,0,6,78,6,90,314,0,314,404
08/24/2004,SDM,CA,AWP,WE,Federal Contract Tower,0,6,22,0,28,0,2,50,12,64,0,8,72,12,92,220,28,248,340
08/25/2004,SDM,CA,AWP,WE,Federal Contract Tower,0,4,17,0,21,0,1,96,14,111,0,5,113,14,132,226,44,270,402
08/26/2004,SDM,CA,AWP,WE,Federal Contract Tower,0,7,28,0,35,0,1,68,10,79,0,8,96,10,114,204,74,278,392
08/27/2004,SDM,CA,AWP,WE,Federal Contract Tower,0,2,17,0,19,0,0,68,6,74,0,2,85,6,93,182,0,182,275
08/28/2004,SDM,CA,AWP,WE,Federal Contract Tower,0,6,25,0,31,0,3,47,0,50,0,9,72,0,81,250,0,250,331
08/29/2004,SDM,CA,AWP,WE,Federal Contract Tower,0,6,29,0,35,0,0,55,0,55,0,6,84,0,90,240,0,240,330
08/30/2004,SDM,CA,AWP,WE,Federal Contract Tower,0,4,24,0,28,0,0,50,0,50,0,4,74,0,78,204,30,234,312
08/31/2004,SDM,CA,AWP,WE,Federal Contract Tower,0,2,29,0,31,0,0,45,2,47,0,2,74,2,78,294,20,314,392
09/01/2004,SDM,CA,AWP,WE,Federal Contract Tower,0,3,23,2,28,0,0,78,8,86,0,3,101,10,114,274,34,308,422
09/02/2004,SDM,CA,AWP,WE,Federal Contract Tower,0,5,22,1,28,0,0,42,11,53,0,5,64,12,81,146,18,164,245
09/03/2004,SDM,CA,AWP,WE,Federal Contract Tower,0,3,18,1,22,0,0,43,3,46,0,3,61,4,68,172,0,172,240
09/04/2004,SDM,CA,AWP,WE,Federal Contract Tower,0,0,12,1,13,0,0,65,1,66,0,0,77,2,79,226,0,226,305
09/05/2004,SDM,CA,AWP,WE,Federal Contract Tower,0,2,7,1,10,0,0,22,1,23,0,2,29,2,33,142,0,142,175
09/06/2004,SDM,CA,AWP,WE,Federal Contract Tower,0,2,28,1,31,0,0,102,0,102,0,2,130,1,133,222,0,222,355
09/07/2004,SDM,CA,AWP,WE,Federal Contract Tower,0,7,29,2,38,0,2,50,10,62,0,9,79,12,100,208,0,208,308
09/08/2004,SDM,CA,AWP,WE,Federal Contract Tower,0,2,20,1,23,0,0,53,7,60,0,2,73,8,83,174,0,174,257
09/09/2004,SDM,CA,AWP,WE,Federal Contract Tower,0,5,24,0,29,0,1,67,0,68,0,6,91,0,97,174,0,174,271
09/10/2004,SDM,CA,AWP,WE,Federal Contract Tower,0,3,10,1,14,0,2,48,10,60,0,5,58,11,74,154,0,154,228
09/11/2004,SDM,CA,AWP,WE,Federal Contract Tower,0,4,15,1,20,0,0,116,2,118,0,4,131,3,138,292,0,292,430
09/12/2004,SDM,CA,AWP,WE,Federal Contract Tower,0,4,17,1,22,0,2,60,1,63,0,6,77,2,85,186,0,186,271
09/13/2004,SDM,CA,AWP,WE,Federal Contract Tower,0,5,17,1,23,0,0,59,1,60,0,5,76,2,83,180,12,192,275
09/14/2004,SDM,CA,AWP,WE,Federal Contract Tower,0,4,16,1,21,0,1,44,5,50,0,5,60,6,71,126,40,166,237
09/15/2004,SDM,CA,AWP,WE,Federal Contract Tower,0,6,26,2,34,0,0,51,4,55,0,6,77,6,89,192,14,206,295
09/16/2004,SDM,CA,AWP,WE,Federal Contract Tower,0,6,22,1,29,0,4,43,7,54,0,10,65,8,83,184,62,246,329
09/17/2004,SDM,CA,AWP,WE,Federal Contract Tower,0,5,25,1,31,0,7,46,7,60,0,12,71,8,91,170,10,180,271
09/18/2004,SDM,CA,AWP,WE,Federal Contract Tower,0,1,12,0,13,0,0,60,0,60,0,1,72,0,73,264,0,264,337
09/19/2004,SDM,CA,AWP,WE,Federal Contract Tower,0,6,22,0,28,0,3,57,2,62,0,9,79,2,90,204,0,204,294
09/20/2004,SDM,CA,AWP,WE,Federal Contract Tower,0,5,21,0,26,0,1,79,4,84,0,6,100,4,110,312,22,334,444
09/21/2004,SDM,CA,AWP,WE,Federal Contract Tower,0,6,22,0,28,0,1,28,0,29,0,7,50,0,57,140,0,140,197
09/22/2004,SDM,CA,AWP,WE,Federal Contract Tower,0,0,11,0,11,0,0,49,4,53,0,0,60,4,64,194,20,214,278
09/23/2004,SDM,CA,AWP,WE,Federal Contract Tower,0,4,17,0,21,0,0,61,2,63,0,4,78,2,84,200,0,200,284
09/24/2004,SDM,CA,AWP,WE,Federal Contract Tower,0,2,25,1,28,0,0,62,3,65,0,2,87,4,93,224,0,224,317
09/25/2004,SDM,CA,AWP,WE,Federal Contract Tower,0,4,17,0,21,0,0,58,0,58,0,4,75,0,79,242,0,242,321
09/26/2004,SDM,CA,AWP,WE,Federal Contract Tower,0,5,21,0,26,0,1,60,2,63,0,6,81,2,89,136,0,136,225
09/27/2004,SDM,CA,AWP,WE,Federal Contract Tower,0,3,13,0,16,0,1,57,0,58,0,4,70,0,74,204,30,234,308
09/28/2004,SDM,CA,AWP,WE,Federal Contract Tower,0,5,24,1,30,0,3,41,5,49,0,8,65,6,79,202,36,238,317
09/29/2004,SDM,CA,AWP,WE,Federal Contract Tower,0,4,24,1,29,0,0,38,1,39,0,4,62,2,68,202,0,202,270
09/30/2004,SDM,CA,AWP,WE,Federal Contract Tower,0,9,40,1,50,0,0,25,1,26,0,9,65,2,76,178,6,184,260
10/01/2004,SDM,CA,AWP,WE,Federal Contract Tower,0,4,25,2,31,0,1,32,18,51,0,5,57,20,82,172,38,210,292
10/02/2004,SDM,CA,AWP,WE,Federal Contract Tower,0,4,20,0,24,0,1,41,0,42,0,5,61,0,66,202,0,202,268
10/03/2004,SDM,CA,AWP,WE,Federal Contract Tower,0,2,38,0,40,0,0,47,2,49,0,2,85,2,89,162,0,162,251
10/04/2004,SDM,CA,AWP,WE,Federal Contract Tower,0,7,25,0,32,0,0,29,0,29,0,7,54,0,61,144,0,144,205
10/05/2004,SDM,CA,AWP,WE,Federal Contract Tower,0,8,26,1,35,0,0,38,6,44,0,8,64,7,79,180,0,180,259
10/06/2004,SDM,CA,AWP,WE,Federal Contract Tower,0,12,16,0,28,0,0,39,12,51,0,12,55,12,79,16,52,68,147
10/07/2004,SDM,CA,AWP,WE,Federal Contract Tower,0,2,11,2,15,0,0,42,8,50,0,2,53,10,65,178,0,178,243
10/08/2004,SDM,CA,AWP,WE,Federal Contract Tower,0,7,15,2,24,0,0,52,1,53,0,7,67,3,77,208,0,208,285
10/09/2004,SDM,CA,AWP,WE,Federal Contract Tower,0,2,10,0,12,0,0,37,0,37,0,2,47,0,49,144,0,144,193
10/10/2004,SDM,CA,AWP,WE,Federal Contract Tower,0,4,19,2,25,0,0,54,0,54,0,4,73,2,79,132,0,132,211
10/11/2004,SDM,CA,AWP,WE,Federal Contract Tower,0,8,22,1,31,0,0,38,0,38,0,8,60,1,69,200,0,200,269
10/12/2004,SDM,CA,AWP,WE,Federal Contract Tower,0,5,22,0,27,0,0,45,0,45,0,5,67,0,72,180,0,180,252
10/13/2004,SDM,CA,AWP,WE,Federal Contract Tower,0,1,16,0,17,0,1,24,6,31,0,2,40,6,48,156,34,190,238
10/14/2004,SDM,CA,AWP,WE,Federal Contract Tower,0,3,13,0,16,0,0,38,12,50,0,3,51,12,66,136,44,180,246
10/15/2004,SDM,CA,AWP,WE,Federal Contract Tower,0,3,20,3,26,0,0,69,2,71,0,3,89,5,97,252,56,308,405
10/16/2004,SDM,CA,AWP,WE,Federal Contract Tower,0,4,16,1,21,0,1,37,7,45,0,5,53,8,66,178,22,200,266
10/17/2004,SDM,CA,AWP,WE,Federal Contract Tower,0,2,36,1,39,0,0,29,0,29,0,2,65,1,68,98,0,98,166
10/18/2004,SDM,CA,AWP,WE,Federal Contract Tower,0,6,30,0,36,0,0,28,0,28,0,6,58,0,64,142,0,142,206
10/19/2004,SDM,CA,AWP,WE,Federal Contract Tower,0,3,16,0,19,0,0,4,0,4,0,3,20,0,23,0,0,0,23
10/20/2004,SDM,CA,AWP,WE,Federal Contract Tower,0,6,3,0,9,0,0,1,0,1,0,6,4,0,10,0,0,0,10
10/21/2004,SDM,CA,AWP,WE,Federal Contract Tower,0,1,32,0,33,0,0,28,6,34,0,1,60,6,67,108,22,130,197
10/22/2004,SDM,CA,AWP,WE,Federal Contract Tower,0,4,23,0,27,0,0,35,4,39,0,4,58,4,66,164,0,164,230
10/23/2004,SDM,CA,AWP,WE,Federal Contract Tower,0,2,15,0,17,0,0,58,2,60,0,2,73,2,77,194,0,194,271
10/24/2004,SDM,CA,AWP,WE,Federal Contract Tower,0,6,41,0,47,0,0,38,0,38,0,6,79,0,85,132,0,132,217
10/25/2004,SDM,CA,AWP,WE,Federal Contract Tower,0,10,25,0,35,0,0,25,5,30,0,10,50,5,65,200,18,218,283
10/26/2004,SDM,CA,AWP,WE,Federal Contract Tower,0,8,26,0,34,0,0,38,4,42,0,8,64,4,76,140,20,160,236
10/27/2004,SDM,CA,AWP,WE,Federal Contract Tower,0,2,18,0,20,0,0,6,6,12,0,2,24,6,32,16,42,58,90
10/28/2004,SDM,CA,AWP,WE,Federal Contract Tower,0,6,19,0,25,0,0,24,2,26,0,6,43,2,51,126,0,126,177
10/29/2004,SDM,CA,AWP,WE,Federal Contract Tower,0,8,30,0,38,0,0,49,0,49,0,8,79,0,87,244,0,244,331
10/30/2004,SDM,CA,AWP,WE,Federal Contract Tower,0,0,21,0,21,0,0,104,0,104,0,0,125,0,125,274,0,274,399
10/31/2004,SDM,CA,AWP,WE,Federal Contract Tower,0,2,26,0,28,0,0,24,0,24,0,2,50,0,52,210,0,210,262
11/01/2004,SDM,CA,AWP,WE,Federal Contract Tower,0,0,28,0,28,0,0,22,0,22,0,0,50,0,50,220,0,220,270
11/02/2004,SDM,CA,AWP,WE,Federal Contract Tower,0,6,20,1,27,0,0,40,19,59,0,6,60,20,86,210,30,240,326
11/03/2004,SDM,CA,AWP,WE,Federal Contract Tower,0,4,24,0,28,0,0,37,4,41,0,4,61,4,69,258,24,282,351
11/04/2004,SDM,CA,AWP,WE,Federal Contract Tower,0,10,33,0,43,0,0,60,22,82,0,10,93,22,125,252,0,252,377
11/05/2004,SDM,CA,AWP,WE,Federal Contract Tower,0,5,29,1,35,0,0,42,12,54,0,5,71,13,89,228,26,254,343
11/06/2004,SDM,CA,AWP,WE,Federal Contract Tower,0,3,38,0,41,0,0,40,0,40,0,3,78,0,81,236,0,236,317
11/07/2004,SDM,CA,AWP,WE,Federal Contract Tower,0,14,36,1,51,0,0,47,2,49,0,14,83,3,100,104,0,104,204
11/08/2004,SDM,CA,AWP,WE,Federal Contract Tower,0,4,18,0,22,0,0,33,2,35,0,4,51,2,57,180,0,180,237
11/09/2004,SDM,CA,AWP,WE,Federal Contract Tower,0,8,26,0,34,0,0,30,6,36,0,8,56,6,70,184,0,184,254
11/10/2004,SDM,CA,AWP,WE,Federal Contract Tower,0,6,35,0,41,0,0,20,6,26,0,6,55,6,67,172,98,270,337
11/11/2004,SDM,CA,AWP,WE,Federal Contract Tower,0,6,38,0,44,0,0,29,0,29,0,6,67,0,73,208,0,208,281
11/12/2004,SDM,CA,AWP,WE,Federal Contract Tower,0,8,36,0,44,0,0,35,5,40,0,8,71,5,84,182,36,218,302
11/13/2004,SDM,CA,AWP,WE,Federal Contract Tower,0,0,0,0,0,0,5,61,0,66,0,5,61,0,66,2044,0,2044,2110
11/14/2004,SDM,CA,AWP,WE,Federal Contract Tower,0,9,42,0,51,0,1,62,1,64,0,10,104,1,115,228,0,228,343
11/15/2004,SDM,CA,AWP,WE,Federal Contract Tower,0,8,26,0,34,0,0,46,6,52,0,8,72,6,86,184,30,214,300
11/16/2004,SDM,CA,AWP,WE,Federal Contract Tower,0,6,28,0,34,0,0,36,10,46,0,6,64,10,80,172,20,192,272
11/17/2004,SDM,CA,AWP,WE,Federal Contract Tower,0,2,16,0,18,0,0,47,22,69,0,2,63,22,87,216,54,270,357
11/18/2004,SDM,CA,AWP,WE,Federal Contract Tower,0,10,31,0,41,0,0,48,14,62,0,10,79,14,103,184,10,194,297
11/19/2004,SDM,CA,AWP,WE,Federal Contract Tower,0,7,34,0,41,0,0,17,6,23,0,7,51,6,64,142,36,178,242
11/20/2004,SDM,CA,AWP,WE,Federal Contract Tower,0,5,40,0,45,0,0,33,2,35,0,5,73,2,80,184,20,204,284
11/21/2004,SDM,CA,AWP,WE,Federal Contract Tower,0,8,23,0,31,0,0,42,4,46,0,8,65,4,77,104,8,112,189
11/22/2004,SDM,CA,AWP,WE,Federal Contract Tower,0,4,36,0,40,0,0,26,8,34,0,4,62,8,74,190,46,236,310
11/23/2004,SDM,CA,AWP,WE,Federal Contract Tower,0,4,20,0,24,0,0,54,6,60,0,4,74,6,84,148,0,148,232
11/24/2004,SDM,CA,AWP,WE,Federal Contract Tower,0,8,26,0,34,0,0,50,0,50,0,8,76,0,84,202,0,202,286
11/25/2004,SDM,CA,AWP,WE,Federal Contract Tower,0,3,8,0,11,0,0,48,0,48,0,3,56,0,59,106,0,106,165
11/26/2004,SDM,CA,AWP,WE,Federal Contract Tower,0,0,16,0,16,0,1,47,0,48,0,1,63,0,64,142,0,142,206
11/27/2004,SDM,CA,AWP,WE,Federal Contract Tower,0,6,33,0,39,0,0,23,0,23,0,6,56,0,62,80,0,80,142
11/28/2004,SDM,CA,AWP,WE,Federal Contract Tower,0,7,71,0,78,0,0,52,0,52,0,7,123,0,130,104,0,104,234
11/29/2004,SDM,CA,AWP,WE,Federal Contract Tower,0,6,24,0,30,0,0,46,0,46,0,6,70,0,76,204,0,204,280
11/30/2004,SDM,CA,AWP,WE,Federal Contract Tower,0,2,25,0,27,0,0,45,0,45,0,2,70,0,72,126,10,136,208
12/01/2004,SDM,CA,AWP,WE,Federal Contract Tower,0,3,34,0,37,0,0,38,2,40,0,3,72,2,77,246,26,272,349
12/02/2004,SDM,CA,AWP,WE,Federal Contract Tower,0,1,28,0,29,0,0,23,10,33,0,1,51,10,62,172,18,190,252
12/03/2004,SDM,CA,AWP,WE,Federal Contract Tower,0,6,23,0,29,0,0,44,8,52,0,6,67,8,81,224,32,256,337
12/04/2004,SDM,CA,AWP,WE,Federal Contract Tower,0,2,18,0,20,0,0,17,2,19,0,2,35,2,39,90,0,90,129
12/05/2004,SDM,CA,AWP,WE,Federal Contract Tower,0,11,36,0,47,0,0,67,0,67,0,11,103,0,114,72,0,72,186
12/06/2004,SDM,CA,AWP,WE,Federal Contract Tower,0,6,38,0,44,0,0,11,1,12,0,6,49,1,56,180,20,200,256
12/07/2004,SDM,CA,AWP,WE,Federal Contract Tower,0,4,20,0,24,0,0,1,3,4,0,4,21,3,28,60,20,80,108
12/08/2004,SDM,CA,AWP,WE,Federal Contract Tower,0,2,25,0,27,0,0,6,4,10,0,2,31,4,37,0,28,28,65
12/09/2004,SDM,CA,AWP,WE,Federal Contract Tower,0,7,29,0,36,0,0,42,4,46,0,7,71,4,82,198,6,204,286
12/10/2004,SDM,CA,AWP,WE,Federal Contract Tower,0,3,24,3,30,0,0,25,0,25,0,3,49,3,55,210,0,210,265
12/11/2004,SDM,CA,AWP,WE,Federal Contract Tower,0,1,13,0,14,0,0,90,0,90,0,1,103,0,104,252,0,252,356
12/12/2004,SDM,CA,AWP,WE,Federal Contract Tower,0,7,16,0,23,0,0,27,13,40,0,7,43,13,63,104,0,104,167
12/13/2004,SDM,CA,AWP,WE,Federal Contract Tower,0,3,22,1,26,0,0,18,0,18,0,3,40,1,44,86,0,86,130
12/14/2004,SDM,CA,AWP,WE,Federal Contract Tower,0,4,25,0,29,0,0,45,2,47,0,4,70,2,76,180,36,216,292
12/15/2004,SDM,CA,AWP,WE,Federal Contract Tower,0,3,28,0,31,0,0,21,8,29,0,3,49,8,60,162,34,196,256
12/16/2004,SDM,CA,AWP,WE,Federal Contract Tower,0,5,27,2,34,0,0,24,6,30,0,5,51,8,64,180,0,180,244
12/17/2004,SDM,CA,AWP,WE,Federal Contract Tower,0,10,18,1,29,0,0,37,9,46,0,10,55,10,75,198,0,198,273
12/18/2004,SDM,CA,AWP,WE,Federal Contract Tower,0,2,14,0,16,0,0,133,2,135,0,2,147,2,151,446,0,446,597
12/19/2004,SDM,CA,AWP,WE,Federal Contract Tower,0,4,18,0,22,0,0,28,0,28,0,4,46,0,50,222,0,222,272
12/20/2004,SDM,CA,AWP,WE,Federal Contract Tower,0,6,15,0,21,0,0,46,0,46,0,6,61,0,67,207,20,227,294
12/21/2004,SDM,CA,AWP,WE,Federal Contract Tower,0,8,26,0,34,0,0,26,0,26,0,8,52,0,60,200,0,200,260
12/22/2004,SDM,CA,AWP,WE,Federal Contract Tower,0,4,23,0,27,0,0,39,4,43,0,4,62,4,70,116,0,116,186
12/23/2004,SDM,CA,AWP,WE,Federal Contract Tower,0,3,21,0,24,0,0,27,0,27,0,3,48,0,51,164,0,164,215
12/24/2004,SDM,CA,AWP,WE,Federal Contract Tower,0,5,10,0,15,0,1,18,0,19,0,6,28,0,34,60,0,60,94
12/25/2004,SDM,CA,AWP,WE,Federal Contract Tower,0,2,10,0,12,0,0,10,0,10,0,2,20,0,22,40,0,40,62
12/26/2004,SDM,CA,AWP,WE,Federal Contract Tower,0,9,50,0,59,0,0,31,0,31,0,9,81,0,90,122,0,122,212
12/27/2004,SDM,CA,AWP,WE,Federal Contract Tower,0,10,22,0,32,0,0,8,0,8,0,10,30,0,40,82,0,82,122
12/28/2004,SDM,CA,AWP,WE,Federal Contract Tower,0,4,15,0,19,0,0,2,0,2,0,4,17,0,21,6,0,6,27
12/29/2004,SDM,CA,AWP,WE,Federal Contract Tower,0,4,6,0,10,0,0,8,0,8,0,4,14,0,18,16,0,16,34
12/30/2004,SDM,CA,AWP,WE,Federal Contract Tower,0,12,16,0,28,0,0,38,0,38,0,12,54,0,66,182,0,182,248
12/31/2004,SDM,CA,AWP,WE,Federal Contract Tower,0,3,18,0,21,0,0,13,0,13,0,3,31,0,34,54,0,54,88
01/01/2005,SDM,CA,AWP,WE,Federal Contract Tower,0,13,26,0,39,0,0,35,0,35,0,13,61,0,74,124,0,124,198
01/02/2005,SDM,CA,AWP,WE,Federal Contract Tower,0,11,74,0,85,0,0,27,0,27,0,11,101,0,112,120,0,120,232
01/03/2005,SDM,CA,AWP,WE,Federal Contract Tower,0,8,22,0,30,0,0,18,0,18,0,8,40,0,48,0,0,0,48
01/04/2005,SDM,CA,AWP,WE,Federal Contract Tower,0,2,16,0,18,0,0,25,8,33,0,2,41,8,51,28,62,90,141
01/05/2005,SDM,CA,AWP,WE,Federal Contract Tower,0,9,28,0,37,0,0,21,4,25,0,9,49,4,62,92,0,92,154
01/06/2005,SDM,CA,AWP,WE,Federal Contract Tower,0,7,19,0,26,0,0,32,12,44,0,7,51,12,70,184,0,184,254
01/07/2005,SDM,CA,AWP,WE,Federal Contract Tower,0,0,18,0,18,0,0,26,0,26,0,0,44,0,44,58,0,58,102
01/08/2005,SDM,CA,AWP,WE,Federal Contract Tower,0,3,11,0,14,0,0,22,4,26,0,3,33,4,40,60,0,60,100
01/09/2005,SDM,CA,AWP,WE,Federal Contract Tower,0,10,18,0,28,0,0,14,2,16,0,10,32,2,44,74,16,90,134
01/10/2005,SDM,CA,AWP,WE,Federal Contract Tower,0,8,16,0,24,0,0,5,0,5,0,8,21,0,29,32,0,32,61
01/11/2005,SDM,CA,AWP,WE,Federal Contract Tower,0,3,33,0,36,0,0,24,18,42,0,3,57,18,78,82,16,98,176
01/12/2005,SDM,CA,AWP,WE,Federal Contract Tower,0,3,28,0,31,0,0,105,4,109,0,3,133,4,140,266,0,266,406
01/13/2005,SDM,CA,AWP,WE,Federal Contract Tower,0,3,46,0,49,0,0,33,12,45,0,3,79,12,94,214,22,236,330
01/14/2005,SDM,CA,AWP,WE,Federal Contract Tower,0,9,23,0,32,0,0,38,10,48,0,9,61,10,80,188,8,196,276
01/15/2005,SDM,CA,AWP,WE,Federal Contract Tower,0,7,22,0,29,0,0,71,14,85,0,7,93,14,114,308,0,308,422
01/16/2005,SDM,CA,AWP,WE,Federal Contract Tower,0,2,23,0,25,0,0,52,0,52,0,2,75,0,77,306,0,306,383
01/17/2005,SDM,CA,AWP,WE,Federal Contract Tower,0,13,20,0,33,0,0,77,240,317,0,13,97,240,350,0,0,0,350
01/18/2005,SDM,CA,AWP,WE,Federal Contract Tower,0,4,29,0,33,0,0,34,12,46,0,4,63,12,79,176,34,210,289
01/19/2005,SDM,CA,AWP,WE,Federal Contract Tower,0,8,21,0,29,0,0,0,9,9,0,8,21,9,38,190,18,208,246
01/20/2005,SDM,CA,AWP,WE,Federal Contract Tower,0,10,22,0,32,0,0,59,12,71,0,10,81,12,103,224,36,260,363
01/21/2005,SDM,CA,AWP,WE,Federal Contract Tower,0,6,25,0,31,0,0,60,8,68,0,6,85,8,99,322,18,340,439
01/22/2005,SDM,CA,AWP,WE,Federal Contract Tower,0,8,27,0,35,0,0,59,10,69,0,8,86,10,104,182,46,228,332
01/23/2005,SDM,CA,AWP,WE,Federal Contract Tower,0,9,29,0,38,0,0,71,0,71,0,9,100,0,109,196,0,196,305
01/24/2005,SDM,CA,AWP,WE,Federal Contract Tower,0,13,24,0,37,0,0,48,4,52,0,13,72,4,89,242,18,260,349
01/25/2005,SDM,CA,AWP,WE,Federal Contract Tower,0,6,17,0,23,0,0,42,2,44,0,6,59,2,67,104,22,126,193
01/26/2005,SDM,CA,AWP,WE,Federal Contract Tower,0,7,34,0,41,0,0,9,8,17,0,7,43,8,58,62,20,82,140
01/27/2005,SDM,CA,AWP,WE,Federal Contract Tower,0,2,31,0,33,0,2,46,16,64,0,4,77,16,97,242,36,278,375
01/28/2005,SDM,CA,AWP,WE,Federal Contract Tower,0,3,27,0,30,0,0,28,6,34,0,3,55,6,64,152,0,152,216
01/29/2005,SDM,CA,AWP,WE,Federal Contract Tower,0,5,32,0,37,0,0,49,0,49,0,5,81,0,86,252,0,252,338
01/30/2005,SDM,CA,AWP,WE,Federal Contract Tower,0,10,49,0,59,0,0,44,0,44,0,10,93,0,103,260,0,260,363
01/31/2005,SDM,CA,AWP,WE,Federal Contract Tower,0,7,29,0,36,0,0,40,14,54,0,7,69,14,90,202,38,240,330
02/01/2005,SDM,CA,AWP,WE,Federal Contract Tower,0,10,13,0,23,0,0,57,6,63,0,10,70,6,86,206,32,238,324
02/02/2005,SDM,CA,AWP,WE,Federal Contract Tower,0,10,12,0,22,0,0,29,8,37,0,10,41,8,59,38,0,38,97
02/03/2005,SDM,CA,AWP,WE,Federal Contract Tower,0,11,24,0,35,0,0,29,12,41,0,11,53,12,76,128,28,156,232
02/04/2005,SDM,CA,AWP,WE,Federal Contract Tower,0,10,23,3,36,0,0,66,7,73,0,10,89,10,109,244,22,266,375
02/05/2005,SDM,CA,AWP,WE,Federal Contract Tower,0,5,25,0,30,0,0,57,6,63,0,5,82,6,93,258,0,258,351
02/06/2005,SDM,CA,AWP,WE,Federal Contract Tower,0,3,28,0,31,0,0,21,4,25,0,3,49,4,56,178,22,200,256
02/07/2005,SDM,CA,AWP,WE,Federal Contract Tower,0,1,40,0,41,0,0,10,6,16,0,1,50,6,57,142,24,166,223
02/08/2005,SDM,CA,AWP,WE,Federal Contract Tower,0,6,17,1,24,0,0,73,15,88,0,6,90,16,112,196,28,224,336
02/09/2005,SDM,CA,AWP,WE,Federal Contract Tower,0,4,33,0,37,0,0,50,16,66,0,4,83,16,103,316,56,372,475
02/10/2005,SDM,CA,AWP,WE,Federal Contract Tower,0,3,39,0,42,0,0,28,10,38,0,3,67,10,80,156,42,198,278
02/11/2005,SDM,CA,AWP,WE,Federal Contract Tower,0,2,18,0,20,0,0,33,6,39,0,2,51,6,59,0,42,42,101
02/12/2005,SDM,CA,AWP,WE,Federal Contract Tower,0,4,8,1,13,0,0,18,0,18,0,4,26,1,31,0,0,0,31
02/13/2005,SDM,CA,AWP,WE,Federal Contract Tower,0,9,32,0,41,0,1,27,2,30,0,10,59,2,71,102,0,102,173
02/14/2005,SDM,CA,AWP,WE,Federal Contract Tower,0,3,28,0,31,0,0,46,4,50,0,3,74,4,81,130,0,130,211
02/15/2005,SDM,CA,AWP,WE,Federal Contract Tower,0,5,35,5,45,0,0,35,7,42,0,5,70,12,87,220,0,220,307
02/16/2005,SDM,CA,AWP,WE,Federal Contract Tower,0,4,22,0,26,0,0,45,12,57,0,4,67,12,83,202,42,244,327
02/17/2005,SDM,CA,AWP,WE,Federal Contract Tower,0,5,34,0,39,0,0,14,10,24,0,5,48,10,63,36,14,50,113
02/18/2005,SDM,CA,AWP,WE,Federal Contract Tower,0,9,41,0,50,0,0,15,6,21,0,9,56,6,71,104,16,120,191
02/19/2005,SDM,CA,AWP,WE,Federal Contract Tower,0,4,18,0,22,0,0,19,10,29,0,4,37,10,51,52,132,184,235
02/20/2005,SDM,CA,AWP,WE,Federal Contract Tower,0,6,28,0,34,0,0,15,0,15,0,6,43,0,49,92,0,92,141
02/21/2005,SDM,CA,AWP,WE,Federal Contract Tower,0,9,34,0,43,0,0,18,0,18,0,9,52,0,61,70,0,70,131
02/22/2005,SDM,CA,AWP,WE,Federal Contract Tower,0,7,36,0,43,0,0,20,0,20,0,7,56,0,63,70,0,70,133
02/23/2005,SDM,CA,AWP,WE,Federal Contract Tower,0,5,22,0,27,0,0,35,4,39,0,5,57,4,66,154,34,188,254
02/24/2005,SDM,CA,AWP,WE,Federal Contract Tower,0,8,26,1,35,0,3,78,11,92,0,11,104,12,127,276,22,298,425
02/25/2005,SDM,CA,AWP,WE,Federal Contract Tower,0,6,19,1,26,0,0,38,13,51,0,6,57,14,77,150,38,188,265
02/26/2005,SDM,CA,AWP,WE,Federal Contract Tower,0,8,35,0,43,0,0,58,4,62,0,8,93,4,105,236,22,258,363
02/27/2005,SDM,CA,AWP,WE,Federal Contract Tower,0,5,34,0,39,0,1,46,0,47,0,6,80,0,86,240,0,240,326
02/28/2005,SDM,CA,AWP,WE,Federal Contract Tower,0,1,21,0,22,0,0,49,6,55,0,1,70,6,77,224,2,226,303
03/01/2005,SDM,CA,AWP,WE,Federal Contract Tower,0,7,22,0,29,0,0,31,6,37,0,7,53,6,66,168,8,176,242
03/02/2005,SDM,CA,AWP,WE,Federal Contract Tower,0,8,29,0,37,0,0,53,10,63,0,8,82,10,100,274,20,294,394
03/03/2005,SDM,CA,AWP,WE,Federal Contract Tower,0,9,50,1,60,0,0,75,15,90,0,9,125,16,150,228,18,246,396
03/04/2005,SDM,CA,AWP,WE,Federal Contract Tower,0,4,30,0,34,0,0,16,0,16,0,4,46,0,50,48,0,48,98
03/05/2005,SDM,CA,AWP,WE,Federal Contract Tower,0,5,29,0,34,0,2,74,0,76,0,7,103,0,110,336,0,336,446
03/06/2005,SDM,CA,AWP,WE,Federal Contract Tower,0,5,53,0,58,0,0,46,0,46,0,5,99,0,104,204,0,204,308
03/07/2005,SDM,CA,AWP,WE,Federal Contract Tower,0,5,22,0,27,0,0,42,1,43,0,5,64,1,70,146,16,162,232
03/08/2005,SDM,CA,AWP,WE,Federal Contract Tower,0,8,25,0,33,0,0,19,2,21,0,8,44,2,54,96,0,96,150
03/09/2005,SDM,CA,AWP,WE,Federal Contract Tower,0,3,26,0,29,0,0,31,8,39,0,3,57,8,68,148,12,160,228
03/10/2005,SDM,CA,AWP,WE,Federal Contract Tower,0,2,12,0,14,0,0,44,8,52,0,2,56,8,66,188,8,196,262
03/11/2005,SDM,CA,AWP,WE,Federal Contract Tower,0,7,20,0,27,0,0,39,6,45,0,7,59,6,72,56,0,56,128
03/12/2005,SDM,CA,AWP,WE,Federal Contract Tower,0,14,14,0,28,0,0,29,0,29,0,14,43,0,57,104,0,104,161
03/13/2005,SDM,CA,AWP,WE,Federal Contract Tower,0,7,60,1,68,0,0,22,1,23,0,7,82,2,91,194,0,194,285
03/14/2005,SDM,CA,AWP,WE,Federal Contract Tower,0,10,36,0,46,0,0,26,6,32,0,10,62,6,78,230,20,250,328
03/15/2005,SDM,CA,AWP,WE,Federal Contract Tower,0,8,20,0,28,0,0,47,6,53,0,8,67,6,81,242,0,242,323
03/16/2005,SDM,CA,AWP,WE,Federal Contract Tower,0,1,25,0,26,0,0,64,10,74,0,1,89,10,100,262,0,262,362
03/17/2005,SDM,CA,AWP,WE,Federal Contract Tower,0,4,34,0,38,0,0,59,10,69,0,4,93,10,107,254,28,282,389
03/18/2005,SDM,CA,AWP,WE,Federal Contract Tower,0,2,33,0,35,0,0,38,6,44,0,2,71,6,79,164,52,216,295
03/19/2005,SDM,CA,AWP,WE,Federal Contract Tower,0,5,32,0,37,0,0,31,6,37,0,5,63,6,74,116,44,160,234
03/20/2005,SDM,CA,AWP,WE,Federal Contract Tower,0,12,38,0,50,0,0,62,0,62,0,12,100,0,112,190,0,190,302
03/21/2005,SDM,CA,AWP,WE,Federal Contract Tower,0,6,36,0,42,0,0,48,8,56,0,6,84,8,98,204,26,230,328
03/22/2005,SDM,CA,AWP,WE,Federal Contract Tower,0,8,30,0,38,0,0,41,0,41,0,8,71,0,79,216,0,216,295
03/23/2005,SDM,CA,AWP,WE,Federal Contract Tower,0,9,28,0,37,0,0,28,10,38,0,9,56,10,75,186,40,226,301
03/24/2005,SDM,CA,AWP,WE,Federal Contract Tower,0,9,41,0,50,0,0,35,12,47,0,9,76,12,97,152,46,198,295
03/25/2005,SDM,CA,AWP,WE,Federal Contract Tower,0,4,26,0,30,0,0,95,2,97,0,4,121,2,127,242,16,258,385
03/26/2005,SDM,CA,AWP,WE,Federal Contract Tower,0,11,51,0,62,0,0,76,0,76,0,11,127,0,138,334,0,334,472
03/27/2005,SDM,CA,AWP,WE,Federal Contract Tower,0,13,30,0,43,0,0,41,0,41,0,13,71,0,84,210,0,210,294
03/28/2005,SDM,CA,AWP,WE,Federal Contract Tower,0,8,34,0,42,0,0,32,2,34,0,8,66,2,76,120,6,126,202
03/29/2005,SDM,CA,AWP,WE,Federal Contract Tower,0,6,24,0,30,0,0,23,1,24,0,6,47,1,54,180,0,180,234
03/30/2005,SDM,CA,AWP,WE,Federal Contract Tower,0,7,25,0,32,0,0,44,6,50,0,7,69,6,82,214,40,254,336
03/31/2005,SDM,CA,AWP,WE,Federal Contract Tower,0,2,34,0,36,0,0,57,8,65,0,2,91,8,101,254,0,254,355
04/01/2005,SDM,CA,AWP,WE,Federal Contract Tower,0,18,35,3,56,0,0,134,7,141,0,18,169,10,197,146,0,146,343
04/02/2005,SDM,CA,AWP,WE,Federal Contract Tower,0,14,37,0,51,0,0,96,0,96,0,14,133,0,147,294,0,294,441
04/03/2005,SDM,CA,AWP,WE,Federal Contract Tower,0,17,32,3,52,0,0,57,0,57,0,17,89,3,109,224,0,224,333
04/04/2005,SDM,CA,AWP,WE,Federal Contract Tower,0,5,25,0,30,0,0,32,2,34,0,5,57,2,64,260,4,264,328
04/05/2005,SDM,CA,AWP,WE,Federal Contract Tower,0,0,20,0,20,0,0,42,2,44,0,0,62,2,64,138,0,138,202
04/06/2005,SDM,CA,AWP,WE,Federal Contract Tower,0,8,33,2,43,0,0,78,6,84,0,8,111,8,127,202,10,212,339
04/07/2005,SDM,CA,AWP,WE,Federal Contract Tower,0,5,34,0,39,0,0,37,10,47,0,5,71,10,86,174,12,186,272
04/08/2005,SDM,CA,AWP,WE,Federal Contract Tower,0,6,20,0,26,0,0,59,0,59,0,6,79,0,85,256,0,256,341
04/09/2005,SDM,CA,AWP,WE,Federal Contract Tower,0,9,22,0,31,0,0,60,0,60,0,9,82,0,91,282,0,282,373
04/10/2005,SDM,CA,AWP,WE,Federal Contract Tower,0,14,46,0,60,0,0,81,0,81,0,14,127,0,141,171,0,171,312
04/11/2005,SDM,CA,AWP,WE,Federal Contract Tower,0,3,28,0,31,0,0,34,3,37,0,3,62,3,68,244,2,246,314
04/12/2005,SDM,CA,AWP,WE,Federal Contract Tower,0,7,32,0,39,0,0,40,0,40,0,7,72,0,79,224,0,224,303
04/13/2005,SDM,CA,AWP,WE,Federal Contract Tower,0,4,29,0,33,0,0,40,6,46,0,4,69,6,79,204,8,212,291
04/14/2005,SDM,CA,AWP,WE,Federal Contract Tower,0,8,20,0,28,0,0,58,0,58,0,8,78,0,86,268,0,268,354
04/15/2005,SDM,CA,AWP,WE,Federal Contract Tower,0,8,29,0,37,0,0,52,4,56,0,8,81,4,93,298,4,302,395
04/16/2005,SDM,CA,AWP,WE,Federal Contract Tower,0,10,41,0,51,0,0,121,1,122,0,10,162,1,173,324,0,324,497
04/17/2005,SDM,CA,AWP,WE,Federal Contract Tower,0,13,42,0,55,0,0,87,2,89,0,13,129,2,144,204,0,204,348
04/18/2005,SDM,CA,AWP,WE,Federal Contract Tower,0,5,38,0,43,0,0,16,1,17,0,5,54,1,60,220,34,254,314
04/19/2005,SDM,CA,AWP,WE,Federal Contract Tower,0,3,26,0,29,0,0,41,2,43,0,3,67,2,72,212,0,212,284
04/20/2005,SDM,CA,AWP,WE,Federal Contract Tower,0,2,26,0,28,0,0,62,10,72,0,2,88,10,100,236,12,248,348
04/21/2005,SDM,CA,AWP,WE,Federal Contract Tower,0,4,23,0,27,0,0,44,44,88,0,4,67,44,115,246,18,264,379
04/22/2005,SDM,CA,AWP,WE,Federal Contract Tower,0,7,28,0,35,0,0,43,62,105,0,7,71,62,140,158,0,158,298
04/23/2005,SDM,CA,AWP,WE,Federal Contract Tower,0,7,32,0,39,0,0,54,30,84,0,7,86,30,123,210,0,210,333
04/24/2005,SDM,CA,AWP,WE,Federal Contract Tower,0,4,49,0,53,0,0,29,6,35,0,4,78,6,88,184,8,192,280
04/25/2005,SDM,CA,AWP,WE,Federal Contract Tower,0,10,20,0,30,0,0,45,5,50,0,10,65,5,80,190,2,192,272
04/26/2005,SDM,CA,AWP,WE,Federal Contract Tower,0,5,16,0,21,0,0,36,0,36,0,5,52,0,57,190,20,210,267
04/27/2005,SDM,CA,AWP,WE,Federal Contract Tower,0,4,20,0,24,0,3,49,12,64,0,7,69,12,88,72,4,76,164
04/28/2005,SDM,CA,AWP,WE,Federal Contract Tower,0,7,24,0,31,0,1,35,6,42,0,8,59,6,73,132,18,150,223
04/29/2005,SDM,CA,AWP,WE,Federal Contract Tower,0,6,18,0,24,0,0,39,6,45,0,6,57,6,69,194,0,194,263
04/30/2005,SDM,CA,AWP,WE,Federal Contract Tower,0,6,18,0,24,0,0,73,0,73,0,6,91,0,97,278,0,278,375
05/01/2005,SDM,CA,AWP,WE,Federal Contract Tower,0,16,35,0,51,0,0,52,0,52,0,16,87,0,103,28,0,28,131
05/02/2005,SDM,CA,AWP,WE,Federal Contract Tower,0,6,34,0,40,0,0,36,4,40,0,6,70,4,80,188,16,204,284
05/03/2005,SDM,CA,AWP,WE,Federal Contract Tower,0,8,24,0,32,0,0,40,2,42,0,8,64,2,74,220,0,220,294
05/04/2005,SDM,CA,AWP,WE,Federal Contract Tower,0,9,19,0,28,0,0,37,0,37,0,9,56,0,65,80,0,80,145
05/05/2005,SDM,CA,AWP,WE,Federal Contract Tower,0,10,29,0,39,0,0,40,10,50,0,10,69,10,89,198,4,202,291
05/06/2005,SDM,CA,AWP,WE,Federal Contract Tower,0,4,34,0,38,0,0,28,0,28,0,4,62,0,66,184,0,184,250
05/07/2005,SDM,CA,AWP,WE,Federal Contract Tower,0,4,25,0,29,0,0,46,0,46,0,4,71,0,75,262,0,262,337
05/08/2005,SDM,CA,AWP,WE,Federal Contract Tower,0,6,31,0,37,0,0,58,0,58,0,6,89,0,95,222,0,222,317
05/09/2005,SDM,CA,AWP,WE,Federal Contract Tower,0,7,29,0,36,0,2,38,2,42,0,9,67,2,78,236,6,242,320
05/10/2005,SDM,CA,AWP,WE,Federal Contract Tower,0,10,30,0,40,0,0,34,3,37,0,10,64,3,77,270,20,290,367
05/11/2005,SDM,CA,AWP,WE,Federal Contract Tower,0,4,27,0,31,0,0,45,0,45,0,4,72,0,76,182,0,182,258
05/12/2005,SDM,CA,AWP,WE,Federal Contract Tower,0,6,19,0,25,0,0,72,10,82,0,6,91,10,107,276,8,284,391
05/13/2005,SDM,CA,AWP,WE,Federal Contract Tower,0,1,27,1,29,0,0,42,0,42,0,1,69,1,71,232,0,232,303
05/14/2005,SDM,CA,AWP,WE,Federal Contract Tower,0,7,12,0,19,0,0,105,0,105,0,7,117,0,124,168,0,168,292
05/15/2005,SDM,CA,AWP,WE,Federal Contract Tower,0,11,45,0,56,0,1,77,2,80,0,12,122,2,136,210,0,210,346
05/16/2005,SDM,CA,AWP,WE,Federal Contract Tower,0,6,34,0,40,0,0,16,4,20,0,6,50,4,60,146,16,162,222
05/17/2005,SDM,CA,AWP,WE,Federal Contract Tower,0,6,26,0,32,0,0,37,4,41,0,6,63,4,73,202,4,206,279
05/18/2005,SDM,CA,AWP,WE,Federal Contract Tower,0,1,14,1,16,0,0,44,15,59,0,1,58,16,75,202,0,202,277
05/19/2005,SDM,CA,AWP,WE,Federal Contract Tower,0,0,15,0,15,0,0,80,6,86,0,0,95,6,101,227,6,233,334
05/20/2005,SDM,CA,AWP,WE,Federal Contract Tower,0,1,34,0,35,0,0,44,12,56,0,1,78,12,91,218,2,220,311
05/21/2005,SDM,CA,AWP,WE,Federal Contract Tower,0,5,22,0,27,0,0,65,0,65,0,5,87,0,92,284,0,284,376
05/22/2005,SDM,CA,AWP,WE,Federal Contract Tower,0,10,34,0,44,0,0,61,0,61,0,10,95,0,105,198,0,198,303
05/23/2005,SDM,CA,AWP,WE,Federal Contract Tower,0,6,22,0,28,0,0,46,4,50,0,6,68,4,78,238,0,238,316
05/24/2005,SDM,CA,AWP,WE,Federal Contract Tower,0,5,22,0,27,0,0,42,0,42,0,5,64,0,69,122,0,122,191
05/25/2005,SDM,CA,AWP,WE,Federal Contract Tower,0,3,20,0,23,0,0,61,10,71,0,3,81,10,94,192,0,192,286
05/26/2005,SDM,CA,AWP,WE,Federal Contract Tower,0,6,27,0,33,0,0,52,6,58,0,6,79,6,91,224,0,224,315
05/27/2005,SDM,CA,AWP,WE,Federal Contract Tower,0,6,45,1,52,0,0,44,4,48,0,6,89,5,100,166,18,184,284
05/28/2005,SDM,CA,AWP,WE,Federal Contract Tower,0,6,32,0,38,0,0,44,0,44,0,6,76,0,82,174,0,174,256
05/29/2005,SDM,CA,AWP,WE,Federal Contract Tower,0,6,11,0,17,0,0,42,0,42,0,6,53,0,59,212,0,212,271
05/30/2005,SDM,CA,AWP,WE,Federal Contract Tower,0,14,38,0,52,0,0,47,0,47,0,14,85,0,99,320,0,320,419
05/31/2005,SDM,CA,AWP,WE,Federal Contract Tower,0,10,32,0,42,0,0,30,8,38,0,10,62,8,80,217,0,217,297
06/01/2005,SDM,CA,AWP,WE,Federal Contract Tower,0,5,15,0,20,0,0,47,10,57,0,5,62,10,77,194,14,208,285
06/02/2005,SDM,CA,AWP,WE,Federal Contract Tower,0,2,26,0,28,0,0,53,2,55,0,2,79,2,83,246,12,258,341
06/03/2005,SDM,CA,AWP,WE,Federal Contract Tower,0,2,15,0,17,0,1,75,4,80,0,3,90,4,97,266,0,266,363
06/04/2005,SDM,CA,AWP,WE,Federal Contract Tower,0,2,21,0,23,0,0,42,0,42,0,2,63,0,65,136,0,136,201
06/05/2005,SDM,CA,AWP,WE,Federal Contract Tower,0,3,57,0,60,0,0,50,0,50,0,3,107,0,110,210,0,210,320
06/06/2005,SDM,CA,AWP,WE,Federal Contract Tower,0,6,26,0,32,0,0,34,0,34,0,6,60,0,66,282,0,282,348
06/07/2005,SDM,CA,AWP,WE,Federal Contract Tower,0,2,23,0,25,0,0,46,8,54,0,2,69,8,79,242,0,242,321
06/08/2005,SDM,CA,AWP,WE,Federal Contract Tower,0,3,36,0,39,0,0,59,12,71,0,3,95,12,110,288,38,326,436
06/09/2005,SDM,CA,AWP,WE,Federal Contract Tower,0,7,42,0,49,0,1,36,4,41,0,8,78,4,90,170,18,188,278
06/10/2005,SDM,CA,AWP,WE,Federal Contract Tower,0,4,17,1,22,0,0,47,0,47,0,4,64,1,69,152,0,152,221
06/11/2005,SDM,CA,AWP,WE,Federal Contract Tower,0,3,26,0,29,0,0,44,0,44,0,3,70,0,73,188,0,188,261
06/12/2005,SDM,CA,AWP,WE,Federal Contract Tower,0,3,24,0,27,0,0,57,10,67,0,3,81,10,94,194,0,194,288
06/13/2005,SDM,CA,AWP,WE,Federal Contract Tower,0,5,28,0,33,0,0,25,0,25,0,5,53,0,58,180,0,180,238
06/14/2005,SDM,CA,AWP,WE,Federal Contract Tower,0,6,18,0,24,0,0,0,0,0,0,6,18,0,24,0,0,0,24
06/15/2005,SDM,CA,AWP,WE,Federal Contract Tower,0,6,34,0,40,0,0,11,6,17,0,6,45,6,57,112,20,132,189
06/16/2005,SDM,CA,AWP,WE,Federal Contract Tower,0,8,24,0,32,0,0,46,10,56,0,8,70,10,88,248,20,268,356
06/17/2005,SDM,CA,AWP,WE,Federal Contract Tower,0,4,29,1,34,0,0,39,8,47,0,4,68,9,81,216,18,234,315
06/18/2005,SDM,CA,AWP,WE,Federal Contract Tower,0,6,19,0,25,0,0,100,0,100,0,6,119,0,125,330,0,330,455
06/19/2005,SDM,CA,AWP,WE,Federal Contract Tower,0,10,28,1,39,0,0,69,0,69,0,10,97,1,108,178,0,178,286
06/20/2005,SDM,CA,AWP,WE,Federal Contract Tower,0,6,29,0,35,0,0,20,2,22,0,6,49,2,57,280,58,338,395
06/21/2005,SDM,CA,AWP,WE,Federal Contract Tower,0,4,38,0,42,0,0,34,4,38,0,4,72,4,80,196,8,204,284
06/22/2005,SDM,CA,AWP,WE,Federal Contract Tower,0,2,23,2,27,0,0,37,4,41,0,2,60,6,68,212,26,238,306
06/23/2005,SDM,CA,AWP,WE,Federal Contract Tower,0,2,23,0,25,0,0,55,12,67,0,2,78,12,92,246,30,276,368
06/24/2005,SDM,CA,AWP,WE,Federal Contract Tower,0,8,15,6,29,0,0,75,8,83,0,8,90,14,112,252,26,278,390
06/25/2005,SDM,CA,AWP,WE,Federal Contract Tower,0,6,24,5,35,0,1,63,7,71,0,7,87,12,106,188,0,188,294
06/26/2005,SDM,CA,AWP,WE,Federal Contract Tower,0,5,24,1,30,0,0,92,0,92,0,5,116,1,122,232,0,232,354
06/27/2005,SDM,CA,AWP,WE,Federal Contract Tower,0,5,26,0,31,0,0,19,0,19,0,5,45,0,50,150,0,150,200
06/28/2005,SDM,CA,AWP,WE,Federal Contract Tower,0,0,20,0,20,0,0,24,0,24,0,0,44,0,44,60,0,60,104
06/29/2005,SDM,CA,AWP,WE,Federal Contract Tower,0,1,15,0,16,0,0,38,2,40,0,1,53,2,56,156,8,164,220
06/30/2005,SDM,CA,AWP,WE,Federal Contract Tower,0,1,15,0,16,0,2,53,12,67,0,3,68,12,83,188,2,190,273
07/01/2005,SDM,CA,AWP,WE,Federal Contract Tower,0,5,15,1,21,0,0,72,0,72,0,5,87,1,93,292,0,292,385
07/02/2005,SDM,CA,AWP,WE,Federal Contract Tower,0,6,16,0,22,0,0,65,0,65,0,6,81,0,87,240,0,240,327
07/03/2005,SDM,CA,AWP,WE,Federal Contract Tower,0,3,10,0,13,0,0,43,0,43,0,3,53,0,56,198,0,198,254
07/04/2005,SDM,CA,AWP,WE,Federal Contract Tower,0,7,13,1,21,0,0,45,0,45,0,7,58,1,66,120,0,120,186
07/05/2005,SDM,CA,AWP,WE,Federal Contract Tower,0,6,32,0,38,0,0,20,0,20,0,6,52,0,58,150,6,156,214
07/06/2005,SDM,CA,AWP,WE,Federal Contract Tower,0,0,8,0,8,0,0,27,8,35,0,0,35,8,43,112,0,112,155
07/07/2005,SDM,CA,AWP,WE,Federal Contract Tower,0,0,15,0,15,0,0,62,14,76,0,0,77,14,91,156,0,156,247
07/08/2005,SDM,CA,AWP,WE,Federal Contract Tower,0,10,30,1,41,0,0,59,13,72,0,10,89,14,113,216,0,216,329
07/09/2005,SDM,CA,AWP,WE,Federal Contract Tower,0,3,25,0,28,0,0,96,4,100,0,3,121,4,128,282,2,284,412
07/10/2005,SDM,CA,AWP,WE,Federal Contract Tower,0,9,22,0,31,0,0,51,6,57,0,9,73,6,88,220,0,220,308
07/11/2005,SDM,CA,AWP,WE,Federal Contract Tower,0,0,20,0,20,0,0,40,0,40,0,0,60,0,60,262,0,262,322
07/12/2005,SDM,CA,AWP,WE,Federal Contract Tower,0,1,13,0,14,0,0,66,18,84,0,1,79,18,98,180,38,218,316
07/13/2005,SDM,CA,AWP,WE,Federal Contract Tower,0,10,36,1,47,0,0,47,19,66,0,10,83,20,113,244,14,258,371
07/14/2005,SDM,CA,AWP,WE,Federal Contract Tower,0,4,23,8,35,0,0,32,48,80,0,4,55,56,115,206,106,312,427
07/15/2005,SDM,CA,AWP,WE,Federal Contract Tower,0,3,28,1,32,0,0,42,29,71,0,3,70,30,103,150,32,182,285
07/16/2005,SDM,CA,AWP,WE,Federal Contract Tower,0,3,30,0,33,0,0,80,0,80,0,3,110,0,113,86,2,88,201
07/17/2005,SDM,CA,AWP,WE,Federal Contract Tower,0,9,20,0,29,0,0,70,0,70,0,9,90,0,99,78,0,78,177
07/18/2005,SDM,CA,AWP,WE,Federal Contract Tower,0,4,16,0,20,0,0,44,0,44,0,4,60,0,64,204,0,204,268
07/19/2005,SDM,CA,AWP,WE,Federal Contract Tower,0,1,14,4,19,0,0,56,84,140,0,1,70,88,159,184,12,196,355
07/20/2005,SDM,CA,AWP,WE,Federal Contract Tower,0,4,19,0,23,0,0,59,54,113,0,4,78,54,136,246,52,298,434
07/21/2005,SDM,CA,AWP,WE,Federal Contract Tower,0,8,20,1,29,0,2,85,38,125,0,10,105,39,154,224,70,294,448
07/22/2005,SDM,CA,AWP,WE,Federal Contract Tower,0,8,28,2,38,0,0,51,16,67,0,8,79,18,105,188,14,202,307
07/23/2005,SDM,CA,AWP,WE,Federal Contract Tower,0,0,11,0,11,0,0,76,4,80,0,0,87,4,91,250,58,308,399
07/24/2005,SDM,CA,AWP,WE,Federal Contract Tower,0,1,28,1,30,0,0,66,3,69,0,1,94,4,99,228,46,274,373
07/25/2005,SDM,CA,AWP,WE,Federal Contract Tower,0,2,16,0,18,0,0,75,2,77,0,2,91,2,95,318,0,318,413
07/26/2005,SDM,CA,AWP,WE,Federal Contract Tower,0,7,18,0,25,0,0,47,9,56,0,7,65,9,81,284,49,333,414
07/27/2005,SDM,CA,AWP,WE,Federal Contract Tower,0,9,27,0,36,0,2,84,3,89,0,11,111,3,125,338,63,401,526
07/28/2005,SDM,CA,AWP,WE,Federal Contract Tower,0,3,28,1,32,0,2,28,0,30,0,5,56,1,62,242,51,293,355
07/29/2005,SDM,CA,AWP,WE,Federal Contract Tower,0,6,26,0,32,0,0,64,5,69,0,6,90,5,101,322,12,334,435
07/30/2005,SDM,CA,AWP,WE,Federal Contract Tower,0,2,27,0,29,0,0,96,0,96,0,2,123,0,125,316,0,316,441
07/31/2005,SDM,CA,AWP,WE,Federal Contract Tower,0,5,14,0,19,0,0,54,0,54,0,5,68,0,73,160,0,160,233
08/01/2005,SDM,CA,AWP,WE,Federal Contract Tower,0,2,20,0,22,0,0,40,0,40,0,2,60,0,62,152,0,152,214
08/02/2005,SDM,CA,AWP,WE,Federal Contract Tower,0,3,28,0,31,0,0,53,7,60,0,3,81,7,91,180,0,180,271
08/03/2005,SDM,CA,AWP,WE,Federal Contract Tower,0,5,31,1,37,0,1,32,5,38,0,6,63,6,75,226,5,231,306
08/04/2005,SDM,CA,AWP,WE,Federal Contract Tower,0,8,28,0,36,0,0,48,1,49,0,8,76,1,85,262,0,262,347
08/05/2005,SDM,CA,AWP,WE,Federal Contract Tower,0,2,29,0,31,0,0,56,0,56,0,2,85,0,87,223,2,225,312
08/06/2005,SDM,CA,AWP,WE,Federal Contract Tower,0,2,28,0,30,0,0,96,0,96,0,2,124,0,126,255,0,255,381
08/07/2005,SDM,CA,AWP,WE,Federal Contract Tower,0,8,35,0,43,0,0,87,2,89,0,8,122,2,132,184,0,184,316
08/08/2005,SDM,CA,AWP,WE,Federal Contract Tower,0,5,29,0,34,0,3,54,1,58,0,8,83,1,92,278,0,278,370
08/09/2005,SDM,CA,AWP,WE,Federal Contract Tower,0,2,22,0,24,0,6,47,8,61,0,8,69,8,85,376,10,386,471
08/10/2005,SDM,CA,AWP,WE,Federal Contract Tower,0,9,18,0,27,0,0,79,11,90,0,9,97,11,117,277,6,283,400
08/11/2005,SDM,CA,AWP,WE,Federal Contract Tower,0,4,18,0,22,0,0,43,6,49,0,4,61,6,71,301,0,301,372
08/12/2005,SDM,CA,AWP,WE,Federal Contract Tower,0,0,19,0,19,0,0,57,3,60,0,0,76,3,79,189,16,205,284
08/13/2005,SDM,CA,AWP,WE,Federal Contract Tower,0,2,29,0,31,0,0,67,1,68,0,2,96,1,99,173,0,173,272
08/14/2005,SDM,CA,AWP,WE,Federal Contract Tower,0,11,38,0,49,0,0,81,3,84,0,11,119,3,133,156,0,156,289
08/15/2005,SDM,CA,AWP,WE,Federal Contract Tower,0,2,17,0,19,0,0,61,3,64,0,2,78,3,83,227,6,233,316
08/16/2005,SDM,CA,AWP,WE,Federal Contract Tower,0,5,16,0,21,0,0,59,3,62,0,5,75,3,83,290,12,302,385
08/17/2005,SDM,CA,AWP,WE,Federal Contract Tower,0,5,22,0,27,0,0,45,45,90,0,5,67,45,117,199,10,209,326
08/18/2005,SDM,CA,AWP,WE,Federal Contract Tower,0,9,40,0,49,0,0,80,13,93,0,9,120,13,142,238,56,294,436
08/19/2005,SDM,CA,AWP,WE,Federal Contract Tower,0,3,33,1,37,0,1,61,1,63,0,4,94,2,100,273,0,273,373
08/20/2005,SDM,CA,AWP,WE,Federal Contract Tower,0,2,18,0,20,0,3,90,12,105,0,5,108,12,125,278,67,345,470
08/21/2005,SDM,CA,AWP,WE,Federal Contract Tower,0,8,21,4,33,0,0,89,12,101,0,8,110,16,134,200,30,230,364
08/22/2005,SDM,CA,AWP,WE,Federal Contract Tower,0,2,22,1,25,0,0,80,1,81,0,2,102,2,106,193,12,205,311
08/23/2005,SDM,CA,AWP,WE,Federal Contract Tower,0,2,15,1,18,0,2,59,6,67,0,4,74,7,85,318,14,332,417
08/24/2005,SDM,CA,AWP,WE,Federal Contract Tower,0,2,18,1,21,0,0,58,6,64,0,2,76,7,85,251,10,261,346
08/25/2005,SDM,CA,AWP,WE,Federal Contract Tower,0,4,19,1,24,0,0,71,7,78,0,4,90,8,102,373,0,373,475
08/26/2005,SDM,CA,AWP,WE,Federal Contract Tower,0,10,36,1,47,0,0,70,1,71,0,10,106,2,118,263,4,267,385
08/27/2005,SDM,CA,AWP,WE,Federal Contract Tower,0,3,20,1,24,0,0,90,3,93,0,3,110,4,117,248,0,248,365
08/28/2005,SDM,CA,AWP,WE,Federal Contract Tower,0,9,19,1,29,0,4,89,2,95,0,13,108,3,124,184,0,184,308
08/29/2005,SDM,CA,AWP,WE,Federal Contract Tower,0,5,22,0,27,0,0,44,3,47,0,5,66,3,74,72,14,86,160
08/30/2005,SDM,CA,AWP,WE,Federal Contract Tower,0,9,14,0,23,0,0,31,2,33,0,9,45,2,56,82,4,86,142
08/31/2005,SDM,CA,AWP,WE,Federal Contract Tower,0,1,24,0,25,0,0,50,3,53,0,1,74,3,78,339,10,349,427
09/01/2005,SDM,CA,AWP,WE,Federal Contract Tower,0,2,22,0,24,0,0,54,0,54,0,2,76,0,78,200,0,200,278
09/02/2005,SDM,CA,AWP,WE,Federal Contract Tower,0,11,29,2,42,0,0,53,3,56,0,11,82,5,98,212,0,212,310
09/03/2005,SDM,CA,AWP,WE,Federal Contract Tower,0,5,11,0,16,0,2,67,0,69,0,7,78,0,85,281,0,281,366
09/04/2005,SDM,CA,AWP,WE,Federal Contract Tower,0,4,13,0,17,0,2,52,0,54,0,6,65,0,71,130,0,130,201
09/05/2005,SDM,CA,AWP,WE,Federal Contract Tower,0,7,25,2,34,0,2,100,3,105,0,9,125,5,139,257,0,257,396
09/06/2005,SDM,CA,AWP,WE,Federal Contract Tower,0,4,22,0,26,0,0,66,2,68,0,4,88,2,94,370,10,380,474
09/07/2005,SDM,CA,AWP,WE,Federal Contract Tower,0,2,17,0,19,0,0,51,5,56,0,2,68,5,75,312,30,342,417
09/08/2005,SDM,CA,AWP,WE,Federal Contract Tower,0,2,24,2,28,0,1,65,2,68,0,3,89,4,96,344,42,386,482
09/09/2005,SDM,CA,AWP,WE,Federal Contract Tower,0,3,23,0,26,0,2,60,3,65,0,5,83,3,91,361,16,377,468
09/10/2005,SDM,CA,AWP,WE,Federal Contract Tower,0,2,27,0,29,0,0,68,0,68,0,2,95,0,97,265,0,265,362
09/11/2005,SDM,CA,AWP,WE,Federal Contract Tower,0,4,16,2,22,0,0,78,1,79,0,4,94,3,101,166,32,198,299
09/12/2005,SDM,CA,AWP,WE,Federal Contract Tower,0,4,28,0,32,0,0,55,6,61,0,4,83,6,93,386,16,402,495
09/13/2005,SDM,CA,AWP,WE,Federal Contract Tower,0,3,19,0,22,0,2,56,7,65,0,5,75,7,87,252,20,272,359
09/14/2005,SDM,CA,AWP,WE,Federal Contract Tower,0,6,13,0,19,0,0,34,8,42,0,6,47,8,61,168,16,184,245
09/15/2005,SDM,CA,AWP,WE,Federal Contract Tower,0,2,21,0,23,0,0,7,7,14,0,2,28,7,37,211,16,227,264
09/16/2005,SDM,CA,AWP,WE,Federal Contract Tower,0,2,22,1,25,0,0,29,3,32,0,2,51,4,57,247,8,255,312
09/17/2005,SDM,CA,AWP,WE,Federal Contract Tower,0,4,18,0,22,0,0,90,3,93,0,4,108,3,115,318,0,318,433
09/18/2005,SDM,CA,AWP,WE,Federal Contract Tower,0,4,18,0,22,0,1,23,3,27,0,5,41,3,49,188,0,188,237
09/19/2005,SDM,CA,AWP,WE,Federal Contract Tower,0,6,15,3,24,0,4,44,0,48,0,10,59,3,72,185,8,193,265
09/20/2005,SDM,CA,AWP,WE,Federal Contract Tower,0,6,7,0,13,0,1,71,2,74,0,7,78,2,87,342,16,358,445
09/21/2005,SDM,CA,AWP,WE,Federal Contract Tower,0,3,10,0,13,0,0,19,0,19,0,3,29,0,32,267,45,312,344
09/22/2005,SDM,CA,AWP,WE,Federal Contract Tower,0,3,20,0,23,0,0,43,7,50,0,3,63,7,73,300,45,345,418
09/23/2005,SDM,CA,AWP,WE,Federal Contract Tower,0,4,28,0,32,0,2,51,1,54,0,6,79,1,86,167,4,171,257
09/24/2005,SDM,CA,AWP,WE,Federal Contract Tower,0,9,37,0,46,0,0,64,10,74,0,9,101,10,120,275,44,319,439
09/25/2005,SDM,CA,AWP,WE,Federal Contract Tower,0,8,32,2,42,0,0,59,1,60,0,8,91,3,102,288,12,300,402
09/26/2005,SDM,CA,AWP,WE,Federal Contract Tower,0,2,17,0,19,0,2,41,4,47,0,4,58,4,66,298,6,304,370
09/27/2005,SDM,CA,AWP,WE,Federal Contract Tower,0,0,16,0,16,0,0,21,0,21,0,0,37,0,37,382,0,382,419
09/28/2005,SDM,CA,AWP,WE,Federal Contract Tower,0,2,24,0,26,0,0,29,7,36,0,2,53,7,62,287,16,303,365
09/29/2005,SDM,CA,AWP,WE,Federal Contract Tower,1,4,30,0,35,0,0,33,16,49,1,4,63,16,84,384,6,390,474
09/30/2005,SDM,CA,AWP,WE,Federal Contract Tower,0,5,26,0,31,0,0,75,0,75,0,5,101,0,106,318,0,318,424
10/01/2005,SDM,CA,AWP,WE,Federal Contract Tower,1,4,19,0,24,0,2,118,2,122,1,6,137,2,146,232,18,250,396
10/02/2005,SDM,CA,AWP,WE,Federal Contract Tower,0,5,27,0,32,0,0,18,0,18,0,5,45,0,50,202,0,202,252
10/03/2005,SDM,CA,AWP,WE,Federal Contract Tower,0,3,16,0,19,0,1,31,17,49,0,4,47,17,68,323,87,410,478
10/04/2005,SDM,CA,AWP,WE,Federal Contract Tower,0,5,12,0,17,0,0,30,14,44,0,5,42,14,61,420,20,440,501
10/05/2005,SDM,CA,AWP,WE,Federal Contract Tower,0,4,18,2,24,0,0,28,9,37,0,4,46,11,61,225,17,242,303
10/06/2005,SDM,CA,AWP,WE,Federal Contract Tower,0,3,15,0,18,0,2,60,7,69,0,5,75,7,87,328,36,364,451
10/07/2005,SDM,CA,AWP,WE,Federal Contract Tower,0,2,24,3,29,0,0,44,3,47,0,2,68,6,76,419,14,433,509
10/08/2005,SDM,CA,AWP,WE,Federal Contract Tower,0,5,17,1,23,0,4,95,0,99,0,9,112,1,122,141,0,141,263
10/09/2005,SDM,CA,AWP,WE,Federal Contract Tower,0,12,33,0,45,0,2,48,0,50,0,14,81,0,95,182,0,182,277
10/10/2005,SDM,CA,AWP,WE,Federal Contract Tower,0,6,30,3,39,0,3,67,0,70,0,9,97,3,109,153,0,153,262
10/11/2005,SDM,CA,AWP,WE,Federal Contract Tower,0,3,21,0,24,0,1,22,2,25,0,4,43,2,49,338,6,344,393
10/12/2005,SDM,CA,AWP,WE,Federal Contract Tower,0,6,9,1,16,0,0,37,6,43,0,6,46,7,59,360,0,360,419
10/13/2005,SDM,CA,AWP,WE,Federal Contract Tower,0,4,22,0,26,0,1,24,11,36,0,5,46,11,62,295,20,315,377
10/14/2005,SDM,CA,AWP,WE,Federal Contract Tower,0,9,32,0,41,0,0,49,1,50,0,9,81,1,91,354,0,354,445
10/15/2005,SDM,CA,AWP,WE,Federal Contract Tower,0,1,31,0,32,0,2,94,0,96,0,3,125,0,128,271,0,271,399
10/16/2005,SDM,CA,AWP,WE,Federal Contract Tower,0,8,30,0,38,0,0,59,2,61,0,8,89,2,99,158,26,184,283
10/17/2005,SDM,CA,AWP,WE,Federal Contract Tower,0,9,13,0,22,0,0,23,8,31,0,9,36,8,53,147,32,179,232
10/18/2005,SDM,CA,AWP,WE,Federal Contract Tower,0,5,24,0,29,0,0,0,2,2,0,5,24,2,31,242,19,261,292
10/19/2005,SDM,CA,AWP,WE,Federal Contract Tower,0,8,38,2,48,0,0,38,11,49,0,8,76,13,97,304,34,338,435
10/20/2005,SDM,CA,AWP,WE,Federal Contract Tower,0,2,27,0,29,0,0,11,5,16,0,2,38,5,45,218,28,246,291
10/21/2005,SDM,CA,AWP,WE,Federal Contract Tower,0,5,31,0,36,0,3,4,0,7,0,8,35,0,43,38,0,38,81
10/22/2005,SDM,CA,AWP,WE,Federal Contract Tower,0,2,19,0,21,0,0,0,0,0,0,2,19,0,21,0,0,0,21
10/23/2005,SDM,CA,AWP,WE,Federal Contract Tower,0,7,42,0,49,0,0,20,0,20,0,7,62,0,69,116,0,116,185
10/24/2005,SDM,CA,AWP,WE,Federal Contract Tower,0,9,14,0,23,0,0,11,4,15,0,9,25,4,38,28,48,76,114
10/25/2005,SDM,CA,AWP,WE,Federal Contract Tower,0,2,22,0,24,0,0,9,3,12,0,2,31,3,36,378,24,402,438
10/26/2005,SDM,CA,AWP,WE,Federal Contract Tower,0,5,18,0,23,0,1,24,0,25,0,6,42,0,48,153,60,213,261
10/27/2005,SDM,CA,AWP,WE,Federal Contract Tower,0,3,31,0,34,0,0,11,8,19,0,3,42,8,53,300,28,328,381
10/28/2005,SDM,CA,AWP,WE,Federal Contract Tower,0,10,34,0,44,0,0,7,0,7,0,10,41,0,51,318,1,319,370
10/29/2005,SDM,CA,AWP,WE,Federal Contract Tower,0,7,27,0,34,0,0,12,0,12,0,7,39,0,46,422,0,422,468
10/30/2005,SDM,CA,AWP,WE,Federal Contract Tower,0,4,40,0,44,0,1,24,0,25,0,5,64,0,69,353,0,353,422
10/31/2005,SDM,CA,AWP,WE,Federal Contract Tower,0,14,25,0,39,0,6,44,7,57,0,20,69,7,96,391,30,421,517
11/01/2005,SDM,CA,AWP,WE,Federal Contract Tower,0,4,34,0,38,0,0,60,7,67,0,4,94,7,105,374,24,398,503
11/02/2005,SDM,CA,AWP,WE,Federal Contract Tower,0,6,24,0,30,0,0,6,3,9,0,6,30,3,39,378,14,392,431
11/03/2005,SDM,CA,AWP,WE,Federal Contract Tower,0,8,22,1,31,0,0,43,4,47,0,8,65,5,78,278,34,312,390
11/04/2005,SDM,CA,AWP,WE,Federal Contract Tower,0,9,29,0,38,0,0,29,2,31,0,9,58,2,69,211,18,229,298
11/05/2005,SDM,CA,AWP,WE,Federal Contract Tower,0,4,29,0,33,0,2,60,2,64,0,6,89,2,97,448,4,452,549
11/06/2005,SDM,CA,AWP,WE,Federal Contract Tower,0,4,51,0,55,0,2,56,0,58,0,6,107,0,113,358,0,358,471
11/07/2005,SDM,CA,AWP,WE,Federal Contract Tower,0,8,23,0,31,0,0,30,4,34,0,8,53,4,65,340,76,416,481
11/08/2005,SDM,CA,AWP,WE,Federal Contract Tower,0,1,27,0,28,0,0,23,0,23,0,1,50,0,51,220,32,252,303
11/09/2005,SDM,CA,AWP,WE,Federal Contract Tower,0,10,2,0,12,0,0,56,3,59,0,10,58,3,71,214,34,248,319
11/10/2005,SDM,CA,AWP,WE,Federal Contract Tower,0,6,33,0,39,0,1,14,2,17,0,7,47,2,56,162,8,170,226
11/11/2005,SDM,CA,AWP,WE,Federal Contract Tower,0,5,29,1,35,0,5,49,0,54,0,10,78,1,89,283,6,289,378
11/12/2005,SDM,CA,AWP,WE,Federal Contract Tower,0,4,19,0,23,0,2,76,0,78,0,6,95,0,101,332,0,332,433
11/13/2005,SDM,CA,AWP,WE,Federal Contract Tower,0,9,64,0,73,0,5,25,0,30,0,14,89,0,103,272,0,272,375
11/14/2005,SDM,CA,AWP,WE,Federal Contract Tower,0,8,29,1,38,0,0,20,12,32,0,8,49,13,70,358,8,366,436
11/15/2005,SDM,CA,AWP,WE,Federal Contract Tower,0,13,28,1,42,0,0,27,11,38,0,13,55,12,80,216,92,308,388
11/16/2005,SDM,CA,AWP,WE,Federal Contract Tower,0,7,38,1,46,0,0,42,9,51,0,7,80,10,97,298,32,330,427
11/17/2005,SDM,CA,AWP,WE,Federal Contract Tower,0,2,35,1,38,0,0,49,7,56,0,2,84,8,94,417,36,453,547
11/18/2005,SDM,CA,AWP,WE,Federal Contract Tower,0,8,28,0,36,0,2,48,4,54,0,10,76,4,90,308,40,348,438
11/19/2005,SDM,CA,AWP,WE,Federal Contract Tower,0,17,36,0,53,0,3,112,2,117,0,20,148,2,170,467,32,499,669
11/20/2005,SDM,CA,AWP,WE,Federal Contract Tower,0,11,31,0,42,0,0,80,2,82,0,11,111,2,124,280,9,289,413
11/21/2005,SDM,CA,AWP,WE,Federal Contract Tower,0,10,30,0,40,0,0,17,5,22,0,10,47,5,62,310,20,330,392
11/22/2005,SDM,CA,AWP,WE,Federal Contract Tower,0,16,39,0,55,0,3,22,4,29,0,19,61,4,84,390,14,404,488
11/23/2005,SDM,CA,AWP,WE,Federal Contract Tower,0,7,32,0,39,0,4,43,0,47,0,11,75,0,86,246,0,246,332
11/24/2005,SDM,CA,AWP,WE,Federal Contract Tower,0,3,9,0,12,0,3,60,0,63,0,6,69,0,75,86,0,86,161
11/25/2005,SDM,CA,AWP,WE,Federal Contract Tower,0,2,17,0,19,0,1,57,0,58,0,3,74,0,77,124,0,124,201
11/26/2005,SDM,CA,AWP,WE,Federal Contract Tower,0,18,34,0,52,0,0,6,2,8,0,18,40,2,60,168,0,168,228
11/27/2005,SDM,CA,AWP,WE,Federal Contract Tower,0,20,82,0,102,0,2,59,0,61,0,22,141,0,163,366,0,366,529
11/28/2005,SDM,CA,AWP,WE,Federal Contract Tower,0,12,26,0,38,0,1,19,3,23,0,13,45,3,61,278,30,308,369
11/29/2005,SDM,CA,AWP,WE,Federal Contract Tower,0,5,19,0,24,0,1,16,3,20,0,6,35,3,44,338,20,358,402
11/30/2005,SDM,CA,AWP,WE,Federal Contract Tower,0,6,28,0,34,0,0,43,4,47,0,6,71,4,81,272,70,342,423
12/01/2005,SDM,CA,AWP,WE,Federal Contract Tower,0,5,25,0,30,0,2,31,2,35,0,7,56,2,65,208,32,240,305
12/02/2005,SDM,CA,AWP,WE,Federal Contract Tower,0,5,22,0,27,0,2,43,2,47,0,7,65,2,74,188,10,198,272
12/03/2005,SDM,CA,AWP,WE,Federal Contract Tower,0,3,28,0,31,0,6,57,4,67,0,9,85,4,98,408,53,461,559
12/04/2005,SDM,CA,AWP,WE,Federal Contract Tower,0,4,33,0,37,0,0,55,1,56,0,4,88,1,93,335,10,345,438
12/05/2005,SDM,CA,AWP,WE,Federal Contract Tower,0,5,30,0,35,0,8,20,2,30,0,13,50,2,65,206,52,258,323
12/06/2005,SDM,CA,AWP,WE,Federal Contract Tower,0,11,24,0,35,0,6,24,2,32,0,17,48,2,67,360,26,386,453
12/07/2005,SDM,CA,AWP,WE,Federal Contract Tower,0,14,27,0,41,0,1,40,4,45,0,15,67,4,86,324,20,344,430
12/08/2005,SDM,CA,AWP,WE,Federal Contract Tower,0,6,17,0,23,0,0,58,5,63,0,6,75,5,86,278,13,291,377
12/09/2005,SDM,CA,AWP,WE,Federal Contract Tower,0,3,24,0,27,0,0,38,0,38,0,3,62,0,65,291,0,291,356
12/10/2005,SDM,CA,AWP,WE,Federal Contract Tower,0,7,19,0,26,0,3,82,8,93,0,10,101,8,119,482,6,488,607
12/11/2005,SDM,CA,AWP,WE,Federal Contract Tower,0,4,32,0,36,0,20,68,2,90,0,24,100,2,126,286,1,287,413
12/12/2005,SDM,CA,AWP,WE,Federal Contract Tower,0,10,32,0,42,0,8,34,14,56,0,18,66,14,98,246,48,294,392
12/13/2005,SDM,CA,AWP,WE,Federal Contract Tower,0,13,34,0,47,0,7,80,10,97,0,20,114,10,144,308,26,334,478
12/14/2005,SDM,CA,AWP,WE,Federal Contract Tower,0,8,28,0,36,0,0,44,23,67,0,8,72,23,103,250,38,288,391
12/15/2005,SDM,CA,AWP,WE,Federal Contract Tower,0,7,27,1,35,0,1,67,16,84,0,8,94,17,119,62,44,106,225
12/16/2005,SDM,CA,AWP,WE,Federal Contract Tower,0,5,21,0,26,0,0,52,2,54,0,5,73,2,80,214,10,224,304
12/17/2005,SDM,CA,AWP,WE,Federal Contract Tower,0,4,28,0,32,0,2,87,0,89,0,6,115,0,121,314,4,318,439
12/18/2005,SDM,CA,AWP,WE,Federal Contract Tower,0,5,28,0,33,0,3,56,4,63,0,8,84,4,96,374,0,374,470
12/19/2005,SDM,CA,AWP,WE,Federal Contract Tower,0,10,33,0,43,0,8,73,8,89,0,18,106,8,132,232,60,292,424
12/20/2005,SDM,CA,AWP,WE,Federal Contract Tower,0,15,34,0,49,0,9,42,10,61,0,24,76,10,110,422,28,450,560
12/21/2005,SDM,CA,AWP,WE,Federal Contract Tower,0,12,26,0,38,0,6,59,7,72,0,18,85,7,110,324,14,338,448
12/22/2005,SDM,CA,AWP,WE,Federal Contract Tower,0,8,28,0,36,0,6,39,2,47,0,14,67,2,83,140,48,188,271
12/23/2005,SDM,CA,AWP,WE,Federal Contract Tower,0,5,21,0,26,0,1,64,0,65,0,6,85,0,91,146,0,146,237
12/24/2005,SDM,CA,AWP,WE,Federal Contract Tower,0,1,18,0,19,0,0,34,2,36,0,1,52,2,55,114,8,122,177
12/25/2005,SDM,CA,AWP,WE,Federal Contract Tower,0,9,8,0,17,0,3,15,0,18,0,12,23,0,35,14,0,14,49
12/26/2005,SDM,CA,AWP,WE,Federal Contract Tower,1,7,54,0,62,0,4,67,2,73,1,11,121,2,135,148,0,148,283
12/27/2005,SDM,CA,AWP,WE,Federal Contract Tower,0,17,39,0,56,0,0,55,10,65,0,17,94,10,121,172,32,204,325
12/28/2005,SDM,CA,AWP,WE,Federal Contract Tower,0,5,29,0,34,0,0,31,6,37,0,5,60,6,71,92,26,118,189
12/29/2005,SDM,CA,AWP,WE,Federal Contract Tower,0,2,30,0,32,0,6,67,3,76,0,8,97,3,108,214,4,218,326
12/30/2005,SDM,CA,AWP,WE,Federal Contract Tower,0,10,35,0,45,0,0,61,0,61,0,10,96,0,106,162,0,162,268
12/31/2005,SDM,CA,AWP,WE,Federal Contract Tower,0,7,23,0,30,0,2,60,0,62,0,9,83,0,92,108,0,108,200
01/01/2006,SDM,CA,AWP,WE,Federal Contract Tower,0,1,32,0,33,0,0,37,4,41,0,1,69,4,74,52,2,54,128
01/02/2006,SDM,CA,AWP,WE,Federal Contract Tower,0,4,33,0,37,0,0,20,0,20,0,4,53,0,57,14,0,14,71
01/03/2006,SDM,CA,AWP,WE,Federal Contract Tower,0,12,57,0,69,0,4,59,2,65,0,16,116,2,134,222,6,228,362
01/04/2006,SDM,CA,AWP,WE,Federal Contract Tower,0,3,29,1,33,0,0,59,0,59,0,3,88,1,92,208,0,208,300
01/05/2006,SDM,CA,AWP,WE,Federal Contract Tower,0,6,30,0,36,0,0,70,8,78,0,6,100,8,114,342,6,348,462
01/06/2006,SDM,CA,AWP,WE,Federal Contract Tower,0,8,26,0,34,0,2,58,1,61,0,10,84,1,95,168,2,170,265
01/07/2006,SDM,CA,AWP,WE,Federal Contract Tower,0,8,20,0,28,0,0,118,5,123,0,8,138,5,151,310,48,358,509
01/08/2006,SDM,CA,AWP,WE,Federal Contract Tower,0,17,40,0,57,0,0,127,0,127,0,17,167,0,184,218,0,218,402
01/09/2006,SDM,CA,AWP,WE,Federal Contract Tower,0,9,20,0,29,0,0,65,2,67,0,9,85,2,96,144,6,150,246
01/10/2006,SDM,CA,AWP,WE,Federal Contract Tower,2,5,18,2,27,0,6,100,6,112,2,11,118,8,139,362,26,388,527
01/11/2006,SDM,CA,AWP,WE,Federal Contract Tower,0,4,26,0,30,0,0,68,10,78,0,4,94,10,108,264,50,314,422
01/12/2006,SDM,CA,AWP,WE,Federal Contract Tower,0,11,27,0,38,0,0,42,11,53,0,11,69,11,91,270,44,314,405
01/13/2006,SDM,CA,AWP,WE,Federal Contract Tower,0,8,32,0,40,0,0,71,4,75,0,8,103,4,115,260,34,294,409
01/14/2006,SDM,CA,AWP,WE,Federal Contract Tower,0,14,20,1,35,0,3,80,0,83,0,17,100,1,118,100,0,100,218
01/15/2006,SDM,CA,AWP,WE,Federal Contract Tower,0,12,20,0,32,0,1,55,0,56,0,13,75,0,88,130,0,130,218
01/16/2006,SDM,CA,AWP,WE,Federal Contract Tower,0,17,34,0,51,0,1,126,6,133,0,18,160,6,184,350,0,350,534
01/17/2006,SDM,CA,AWP,WE,Federal Contract Tower,0,8,23,0,31,0,1,107,14,122,0,9,130,14,153,380,40,420,573
01/18/2006,SDM,CA,AWP,WE,Federal Contract Tower,0,6,18,0,24,0,1,70,18,89,0,7,88,18,113,254,16,270,383
01/19/2006,SDM,CA,AWP,WE,Federal Contract Tower,0,7,41,3,51,0,0,59,7,66,0,7,100,10,117,202,6,208,325
01/20/2006,SDM,CA,AWP,WE,Federal Contract Tower,0,13,28,1,42,0,2,86,2,90,0,15,114,3,132,276,2,278,410
01/21/2006,SDM,CA,AWP,WE,Federal Contract Tower,0,8,16,0,24,0,0,108,2,110,0,8,124,2,134,302,30,332,466
01/22/2006,SDM,CA,AWP,WE,Federal Contract Tower,0,8,29,1,38,0,1,91,2,94,0,9,120,3,132,192,0,192,324
01/23/2006,SDM,CA,AWP,WE,Federal Contract Tower,0,6,33,0,39,0,4,46,6,56,0,10,79,6,95,174,2,176,271
01/24/2006,SDM,CA,AWP,WE,Federal Contract Tower,0,1,37,0,38,0,0,64,10,74,0,1,101,10,112,142,20,162,274
01/25/2006,SDM,CA,AWP,WE,Federal Contract Tower,2,9,33,2,46,0,2,100,38,140,2,11,133,40,186,352,62,414,600
01/26/2006,SDM,CA,AWP,WE,Federal Contract Tower,0,12,34,1,47,0,128,58,10,196,0,140,92,11,243,290,16,306,549
01/27/2006,SDM,CA,AWP,WE,Federal Contract Tower,0,12,30,0,42,0,4,89,16,109,0,16,119,16,151,332,52,384,535
01/28/2006,SDM,CA,AWP,WE,Federal Contract Tower,0,8,27,0,35,0,3,75,0,78,0,11,102,0,113,322,0,322,435
01/29/2006,SDM,CA,AWP,WE,Federal Contract Tower,0,12,40,0,52,0,2,107,2,111,0,14,147,2,163,228,0,228,391
01/30/2006,SDM,CA,AWP,WE,Federal Contract Tower,2,13,24,0,39,0,4,53,4,61,2,17,77,4,100,262,2,264,364
01/31/2006,SDM,CA,AWP,WE,Federal Contract Tower,0,9,25,0,34,0,1,72,11,84,0,10,97,11,118,354,50,404,522
02/01/2006,SDM,CA,AWP,WE,Federal Contract Tower,0,8,34,0,42,0,3,78,9,90,0,11,112,9,132,392,54,446,578
02/02/2006,SDM,CA,AWP,WE,Federal Contract Tower,0,13,33,0,46,0,18,83,6,107,0,31,116,6,153,168,74,242,395
02/03/2006,SDM,CA,AWP,WE,Federal Contract Tower,0,14,17,1,32,0,26,83,5,114,0,40,100,6,146,355,0,355,501
02/04/2006,SDM,CA,AWP,WE,Federal Contract Tower,2,6,21,0,29,0,0,90,2,92,2,6,111,2,121,224,0,224,345
02/05/2006,SDM,CA,AWP,WE,Federal Contract Tower,0,13,41,1,55,0,0,68,1,69,0,13,109,2,124,117,0,117,241
02/06/2006,SDM,CA,AWP,WE,Federal Contract Tower,0,8,25,0,33,0,3,41,4,48,0,11,66,4,81,214,12,226,307
02/07/2006,SDM,CA,AWP,WE,Federal Contract Tower,0,10,26,0,36,0,0,65,14,79,0,10,91,14,115,224,0,224,339
02/08/2006,SDM,CA,AWP,WE,Federal Contract Tower,0,9,31,0,40,0,11,49,2,62,0,20,80,2,102,264,0,264,366
02/09/2006,SDM,CA,AWP,WE,Federal Contract Tower,0,10,21,0,31,0,0,50,4,54,0,10,71,4,85,222,18,240,325
02/10/2006,SDM,CA,AWP,WE,Federal Contract Tower,0,8,27,0,35,0,2,67,2,71,0,10,94,2,106,244,0,244,350
02/11/2006,SDM,CA,AWP,WE,Federal Contract Tower,0,13,22,0,35,0,4,118,0,122,0,17,140,0,157,250,0,250,407
02/12/2006,SDM,CA,AWP,WE,Federal Contract Tower,0,13,30,0,43,0,2,73,7,82,0,15,103,7,125,328,0,328,453
02/13/2006,SDM,CA,AWP,WE,Federal Contract Tower,0,4,33,0,37,0,2,38,8,48,0,6,71,8,85,334,12,346,431
02/14/2006,SDM,CA,AWP,WE,Federal Contract Tower,0,4,16,0,20,0,0,70,12,82,0,4,86,12,102,178,24,202,304
02/15/2006,SDM,CA,AWP,WE,Federal Contract Tower,0,7,47,0,54,0,1,42,7,50,0,8,89,7,104,206,54,260,364
02/16/2006,SDM,CA,AWP,WE,Federal Contract Tower,0,6,51,0,57,0,0,79,4,83,0,6,130,4,140,174,16,190,330
02/17/2006,SDM,CA,AWP,WE,Federal Contract Tower,0,6,45,3,54,0,3,89,3,95,0,9,134,6,149,370,0,370,519
02/18/2006,SDM,CA,AWP,WE,Federal Contract Tower,0,8,26,0,34,0,3,64,3,70,0,11,90,3,104,314,0,314,418
02/19/2006,SDM,CA,AWP,WE,Federal Contract Tower,2,12,47,0,61,0,3,51,0,54,2,15,98,0,115,214,0,214,329
02/20/2006,SDM,CA,AWP,WE,Federal Contract Tower,0,4,56,3,63,0,0,74,0,74,0,4,130,3,137,338,0,338,475
02/21/2006,SDM,CA,AWP,WE,Federal Contract Tower,0,10,26,1,37,0,2,48,13,63,0,12,74,14,100,192,10,202,302
02/22/2006,SDM,CA,AWP,WE,Federal Contract Tower,0,13,44,2,59,0,1,46,8,55,0,14,90,10,114,360,20,380,494
02/23/2006,SDM,CA,AWP,WE,Federal Contract Tower,2,5,35,0,42,0,0,63,10,73,2,5,98,10,115,260,24,284,399
02/24/2006,SDM,CA,AWP,WE,Federal Contract Tower,0,7,23,0,30,0,5,77,13,95,0,12,100,13,125,302,0,302,427
02/25/2006,SDM,CA,AWP,WE,Federal Contract Tower,0,8,40,0,48,0,2,61,2,65,0,10,101,2,113,330,0,330,443
02/26/2006,SDM,CA,AWP,WE,Federal Contract Tower,0,8,49,2,59,0,0,98,2,100,0,8,147,4,159,272,6,278,437
02/27/2006,SDM,CA,AWP,WE,Federal Contract Tower,0,7,24,0,31,0,2,35,8,45,0,9,59,8,76,142,8,150,226
02/28/2006,SDM,CA,AWP,WE,Federal Contract Tower,0,7,23,0,30,0,0,17,14,31,0,7,40,14,61,46,44,90,151
03/01/2006,SDM,CA,AWP,WE,Federal Contract Tower,0,6,38,0,44,0,3,27,4,34,0,9,65,4,78,228,26,254,332
03/02/2006,SDM,CA,AWP,WE,Federal Contract Tower,2,12,37,2,53,0,0,33,10,43,2,12,70,12,96,108,14,122,218
03/03/2006,SDM,CA,AWP,WE,Federal Contract Tower,0,8,29,2,39,0,2,39,3,44,0,10,68,5,83,152,4,156,239
03/04/2006,SDM,CA,AWP,WE,Federal Contract Tower,0,3,34,0,37,0,2,106,3,111,0,5,140,3,148,262,0,262,410
03/05/2006,SDM,CA,AWP,WE,Federal Contract Tower,2,8,47,0,57,0,2,97,0,99,2,10,144,0,156,352,0,352,508
03/06/2006,SDM,CA,AWP,WE,Federal Contract Tower,0,8,29,0,37,0,0,19,3,22,0,8,48,3,59,232,12,244,303
03/07/2006,SDM,CA,AWP,WE,Federal Contract Tower,0,4,24,0,28,0,1,36,6,43,0,5,60,6,71,196,0,196,267
03/08/2006,SDM,CA,AWP,WE,Federal Contract Tower,0,7,30,0,37,0,0,24,1,25,0,7,54,1,62,288,16,304,366
03/09/2006,SDM,CA,AWP,WE,Federal Contract Tower,0,15,30,2,47,0,9,49,8,66,0,24,79,10,113,186,0,186,299
03/10/2006,SDM,CA,AWP,WE,Federal Contract Tower,0,14,25,0,39,0,2,11,2,15,0,16,36,2,54,30,2,32,86
03/11/2006,SDM,CA,AWP,WE,Federal Contract Tower,0,4,13,0,17,0,0,3,8,11,0,4,16,8,28,16,0,16,44
03/12/2006,SDM,CA,AWP,WE,Federal Contract Tower,0,12,35,0,47,0,0,76,0,76,0,12,111,0,123,246,0,246,369
03/13/2006,SDM,CA,AWP,WE,Federal Contract Tower,0,9,35,0,44,0,1,43,6,50,0,10,78,6,94,334,0,334,428
03/14/2006,SDM,CA,AWP,WE,Federal Contract Tower,0,11,45,0,56,0,2,20,4,26,0,13,65,4,82,228,0,228,310
03/15/2006,SDM,CA,AWP,WE,Federal Contract Tower,0,11,37,0,48,0,0,53,8,61,0,11,90,8,109,420,6,426,535
03/16/2006,SDM,CA,AWP,WE,Federal Contract Tower,0,11,37,0,48,0,0,13,10,23,0,11,50,10,71,246,4,250,321
03/17/2006,SDM,CA,AWP,WE,Federal Contract Tower,0,15,42,4,61,0,2,113,10,125,0,17,155,14,186,302,0,302,488
03/18/2006,SDM,CA,AWP,WE,Federal Contract Tower,0,11,24,0,35,0,1,32,0,33,0,12,56,0,68,118,0,118,186
03/19/2006,SDM,CA,AWP,WE,Federal Contract Tower,0,11,46,0,57,0,1,45,4,50,0,12,91,4,107,226,0,226,333
03/20/2006,SDM,CA,AWP,WE,Federal Contract Tower,0,15,27,1,43,0,0,37,0,37,0,15,64,1,80,200,0,200,280
03/21/2006,SDM,CA,AWP,WE,Federal Contract Tower,0,11,32,1,44,0,3,12,0,15,0,14,44,1,59,226,16,242,301
03/22/2006,SDM,CA,AWP,WE,Federal Contract Tower,0,5,34,4,43,0,0,28,4,32,0,5,62,8,75,420,12,432,507
03/23/2006,SDM,CA,AWP,WE,Federal Contract Tower,0,8,39,0,47,0,7,105,11,123,0,15,144,11,170,372,0,372,542
03/24/2006,SDM,CA,AWP,WE,Federal Contract Tower,0,5,33,0,38,0,1,59,12,72,0,6,92,12,110,404,74,478,588
03/25/2006,SDM,CA,AWP,WE,Federal Contract Tower,0,4,30,0,34,0,1,58,0,59,0,5,88,0,93,386,0,386,479
03/26/2006,SDM,CA,AWP,WE,Federal Contract Tower,0,12,51,0,63,0,1,83,6,90,0,13,134,6,153,446,24,470,623
03/27/2006,SDM,CA,AWP,WE,Federal Contract Tower,0,6,38,0,44,0,1,64,4,69,0,7,102,4,113,332,4,336,449
03/28/2006,SDM,CA,AWP,WE,Federal Contract Tower,0,10,19,3,32,0,0,18,17,35,0,10,37,20,67,136,42,178,245
03/29/2006,SDM,CA,AWP,WE,Federal Contract Tower,0,5,27,0,32,0,0,45,0,45,0,5,72,0,77,288,56,344,421
03/30/2006,SDM,CA,AWP,WE,Federal Contract Tower,0,5,36,0,41,0,1,54,15,70,0,6,90,15,111,330,58,388,499
03/31/2006,SDM,CA,AWP,WE,Federal Contract Tower,0,6,24,0,30,0,1,60,7,68,0,7,84,7,98,318,18,336,434
04/01/2006,SDM,CA,AWP,WE,Federal Contract Tower,0,3,32,0,35,0,2,78,6,86,0,5,110,6,121,318,18,336,457
04/02/2006,SDM,CA,AWP,WE,Federal Contract Tower,0,12,39,0,51,0,0,93,0,93,0,12,132,0,144,456,0,456,600
04/03/2006,SDM,CA,AWP,WE,Federal Contract Tower,2,11,30,0,43,0,3,66,4,73,2,14,96,4,116,238,0,238,354
04/04/2006,SDM,CA,AWP,WE,Federal Contract Tower,0,6,26,1,33,0,0,18,33,51,0,6,44,34,84,96,70,166,250
04/05/2006,SDM,CA,AWP,WE,Federal Contract Tower,0,5,24,0,29,0,0,20,0,20,0,5,44,0,49,40,90,130,179
04/06/2006,SDM,CA,AWP,WE,Federal Contract Tower,0,9,46,0,55,0,1,63,14,78,0,10,109,14,133,308,24,332,465
04/07/2006,SDM,CA,AWP,WE,Federal Contract Tower,0,15,33,0,48,0,3,55,2,60,0,18,88,2,108,264,0,264,372
04/08/2006,SDM,CA,AWP,WE,Federal Contract Tower,0,18,32,0,50,0,0,157,0,157,0,18,189,0,207,396,0,396,603
04/09/2006,SDM,CA,AWP,WE,Federal Contract Tower,0,17,59,0,76,0,0,133,0,133,0,17,192,0,209,346,0,346,555
04/10/2006,SDM,CA,AWP,WE,Federal Contract Tower,0,8,32,1,41,0,0,43,5,48,0,8,75,6,89,216,34,250,339
04/11/2006,SDM,CA,AWP,WE,Federal Contract Tower,0,6,26,0,32,0,0,39,10,49,0,6,65,10,81,364,38,402,483
04/12/2006,SDM,CA,AWP,WE,Federal Contract Tower,0,18,35,0,53,0,2,66,5,73,0,20,101,5,126,318,0,318,444
04/13/2006,SDM,CA,AWP,WE,Federal Contract Tower,0,9,42,0,51,0,0,92,0,92,0,9,134,0,143,368,14,382,525
04/14/2006,SDM,CA,AWP,WE,Federal Contract Tower,0,9,27,2,38,0,0,23,0,23,0,9,50,2,61,70,14,84,145
04/15/2006,SDM,CA,AWP,WE,Federal Contract Tower,0,8,35,0,43,0,0,16,0,16,0,8,51,0,59,106,0,106,165
04/16/2006,SDM,CA,AWP,WE,Federal Contract Tower,0,17,0,0,17,0,1,0,130,131,0,18,0,130,148,130,0,130,278
04/17/2006,SDM,CA,AWP,WE,Federal Contract Tower,0,13,36,0,49,0,0,29,0,29,0,13,65,0,78,224,0,224,302
04/18/2006,SDM,CA,AWP,WE,Federal Contract Tower,0,7,46,0,53,0,3,30,4,37,0,10,76,4,90,278,6,284,374
04/19/2006,SDM,CA,AWP,WE,Federal Contract Tower,0,4,34,0,38,0,1,49,11,61,0,5,83,11,99,240,10,250,349
04/20/2006,SDM,CA,AWP,WE,Federal Contract Tower,0,8,33,1,42,0,2,73,16,91,0,10,106,17,133,308,6,314,447
04/21/2006,SDM,CA,AWP,WE,Federal Contract Tower,0,18,46,0,64,0,0,52,4,56,0,18,98,4,120,188,46,234,354
04/22/2006,SDM,CA,AWP,WE,Federal Contract Tower,0,14,38,0,52,0,0,48,8,56,0,14,86,8,108,232,34,266,374
04/23/2006,SDM,CA,AWP,WE,Federal Contract Tower,0,15,45,0,60,0,3,30,4,37,0,18,75,4,97,128,0,128,225
04/24/2006,SDM,CA,AWP,WE,Federal Contract Tower,0,20,26,0,46,0,0,60,1,61,0,20,86,1,107,306,1,307,414
04/25/2006,SDM,CA,AWP,WE,Federal Contract Tower,0,7,34,0,41,0,0,6,2,8,0,7,40,2,49,262,6,268,317
04/26/2006,SDM,CA,AWP,WE,Federal Contract Tower,0,11,36,0,47,0,0,48,7,55,0,11,84,7,102,274,12,286,388
04/27/2006,SDM,CA,AWP,WE,Federal Contract Tower,1,6,33,0,40,0,2,9,2,13,1,8,42,2,53,64,0,64,117
04/28/2006,SDM,CA,AWP,WE,Federal Contract Tower,0,15,39,1,55,0,0,59,4,63,0,15,98,5,118,254,0,254,372
04/29/2006,SDM,CA,AWP,WE,Federal Contract Tower,0,2,36,0,38,0,2,50,0,52,0,4,86,0,90,258,0,258,348
04/30/2006,SDM,CA,AWP,WE,Federal Contract Tower,0,8,45,1,54,0,1,119,1,121,0,9,164,2,175,342,0,342,517
05/01/2006,SDM,CA,AWP,WE,Federal Contract Tower,0,8,38,0,46,0,2,52,8,62,0,10,90,8,108,316,10,326,434
05/02/2006,SDM,CA,AWP,WE,Federal Contract Tower,0,3,32,0,35,0,0,28,4,32,0,3,60,4,67,254,2,256,323
05/03/2006,SDM,CA,AWP,WE,Federal Contract Tower,0,2,37,2,41,0,0,15,0,15,0,2,52,2,56,112,0,112,168
05/04/2006,SDM,CA,AWP,WE,Federal Contract Tower,0,4,32,0,36,0,2,53,8,63,0,6,85,8,99,290,0,290,389
05/05/2006,SDM,CA,AWP,WE,Federal Contract Tower,0,7,34,0,41,0,0,43,0,43,0,7,77,0,84,196,0,196,280
05/06/2006,SDM,CA,AWP,WE,Federal Contract Tower,0,7,14,0,21,0,0,57,4,61,0,7,71,4,82,192,0,192,274
05/07/2006,SDM,CA,AWP,WE,Federal Contract Tower,0,7,39,0,46,0,0,62,0,62,0,7,101,0,108,218,0,218,326
05/08/2006,SDM,CA,AWP,WE,Federal Contract Tower,0,12,32,0,44,0,0,26,44,70,0,12,58,44,114,46,6,52,166
05/09/2006,SDM,CA,AWP,WE,Federal Contract Tower,0,8,25,0,33,0,1,18,3,22,0,9,43,3,55,96,5,101,156
05/10/2006,SDM,CA,AWP,WE,Federal Contract Tower,0,7,25,0,32,0,0,34,9,43,0,7,59,9,75,138,8,146,221
05/11/2006,SDM,CA,AWP,WE,Federal Contract Tower,0,10,34,1,45,0,0,21,0,21,0,10,55,1,66,52,0,52,118
05/12/2006,SDM,CA,AWP,WE,Federal Contract Tower,0,13,20,0,33,0,1,19,11,31,0,14,39,11,64,46,8,54,118
05/13/2006,SDM,CA,AWP,WE,Federal Contract Tower,2,5,14,0,21,0,2,66,6,74,2,7,80,6,95,282,0,282,377
05/14/2006,SDM,CA,AWP,WE,Federal Contract Tower,0,5,42,0,47,0,0,38,2,40,0,5,80,2,87,118,14,132,219
05/15/2006,SDM,CA,AWP,WE,Federal Contract Tower,0,8,37,0,45,0,0,22,10,32,0,8,59,10,77,280,30,310,387
05/16/2006,SDM,CA,AWP,WE,Federal Contract Tower,0,12,28,8,48,0,0,36,22,58,0,12,64,30,106,150,20,170,276
05/17/2006,SDM,CA,AWP,WE,Federal Contract Tower,0,4,34,6,44,0,0,16,9,25,0,4,50,15,69,78,0,78,147
05/18/2006,SDM,CA,AWP,WE,Federal Contract Tower,0,11,32,4,47,0,0,37,18,55,0,11,69,22,102,112,12,124,226
05/19/2006,SDM,CA,AWP,WE,Federal Contract Tower,0,7,30,3,40,0,2,58,16,76,0,9,88,19,116,256,0,256,372
05/20/2006,SDM,CA,AWP,WE,Federal Contract Tower,0,4,18,0,22,0,0,98,0,98,0,4,116,0,120,318,0,318,438
05/21/2006,SDM,CA,AWP,WE,Federal Contract Tower,1,11,58,0,70,0,0,86,1,87,1,11,144,1,157,276,0,276,433
05/22/2006,SDM,CA,AWP,WE,Federal Contract Tower,0,10,43,0,53,0,0,41,1,42,0,10,84,1,95,286,2,288,383
05/23/2006,SDM,CA,AWP,WE,Federal Contract Tower,0,3,33,1,37,0,2,27,5,34,0,5,60,6,71,332,10,342,413
05/24/2006,SDM,CA,AWP,WE,Federal Contract Tower,0,8,25,0,33,0,4,55,11,70,0,12,80,11,103,320,22,342,445
05/25/2006,SDM,CA,AWP,WE,Federal Contract Tower,0,6,32,2,40,0,0,44,0,44,0,6,76,2,84,298,4,302,386
05/26/2006,SDM,CA,AWP,WE,Federal Contract Tower,0,6,32,0,38,0,1,87,0,88,0,7,119,0,126,234,0,234,360
05/27/2006,SDM,CA,AWP,WE,Federal Contract Tower,0,6,18,0,24,0,0,51,0,51,0,6,69,0,75,146,0,146,221
05/28/2006,SDM,CA,AWP,WE,Federal Contract Tower,0,7,23,0,30,0,0,104,0,104,0,7,127,0,134,282,0,282,416
05/29/2006,SDM,CA,AWP,WE,Federal Contract Tower,0,22,63,0,85,0,0,123,2,125,0,22,186,2,210,348,0,348,558
05/30/2006,SDM,CA,AWP,WE,Federal Contract Tower,0,5,32,1,38,0,1,57,47,105,0,6,89,48,143,322,24,346,489
05/31/2006,SDM,CA,AWP,WE,Federal Contract Tower,0,5,26,2,33,0,0,56,24,80,0,5,82,26,113,406,32,438,551
06/01/2006,SDM,CA,AWP,WE,Federal Contract Tower,0,5,28,0,33,0,0,72,75,147,0,5,100,75,180,418,0,418,598
06/02/2006,SDM,CA,AWP,WE,Federal Contract Tower,0,6,18,2,26,0,0,97,3,100,0,6,115,5,126,540,0,540,666
06/03/2006,SDM,CA,AWP,WE,Federal Contract Tower,0,8,19,0,27,0,0,176,0,176,0,8,195,0,203,368,0,368,571
06/04/2006,SDM,CA,AWP,WE,Federal Contract Tower,0,10,38,0,48,0,0,138,0,138,0,10,176,0,186,154,0,154,340
06/05/2006,SDM,CA,AWP,WE,Federal Contract Tower,0,3,19,0,22,0,1,27,18,46,0,4,46,18,68,188,14,202,270
06/06/2006,SDM,CA,AWP,WE,Federal Contract Tower,0,10,21,0,31,0,0,0,0,0,0,10,21,0,31,2,0,2,33
06/07/2006,SDM,CA,AWP,WE,Federal Contract Tower,2,8,30,2,42,0,0,10,0,10,2,8,40,2,52,118,2,120,172
06/08/2006,SDM,CA,AWP,WE,Federal Contract Tower,2,14,33,2,51,0,0,30,8,38,2,14,63,10,89,66,1,67,156
06/09/2006,SDM,CA,AWP,WE,Federal Contract Tower,0,7,24,1,32,0,0,38,0,38,0,7,62,1,70,82,6,88,158
06/10/2006,SDM,CA,AWP,WE,Federal Contract Tower,0,3,34,0,37,0,0,109,0,109,0,3,143,0,146,446,42,488,634
06/11/2006,SDM,CA,AWP,WE,Federal Contract Tower,0,12,51,0,63,0,0,68,0,68,0,12,119,0,131,174,0,174,305
06/12/2006,SDM,CA,AWP,WE,Federal Contract Tower,0,11,35,0,46,0,0,83,31,114,0,11,118,31,160,402,14,416,576
06/13/2006,SDM,CA,AWP,WE,Federal Contract Tower,0,10,19,0,29,0,0,65,20,85,0,10,84,20,114,482,6,488,602
06/14/2006,SDM,CA,AWP,WE,Federal Contract Tower,0,7,24,0,31,0,0,98,11,109,0,7,122,11,140,438,36,474,614
06/15/2006,SDM,CA,AWP,WE,Federal Contract Tower,0,4,25,0,29,0,4,94,64,162,0,8,119,64,191,332,0,332,523
06/16/2006,SDM,CA,AWP,WE,Federal Contract Tower,0,12,30,0,42,0,10,106,14,130,0,22,136,14,172,496,16,512,684
06/17/2006,SDM,CA,AWP,WE,Federal Contract Tower,0,10,24,0,34,0,8,78,0,86,0,18,102,0,120,290,0,290,410
06/18/2006,SDM,CA,AWP,WE,Federal Contract Tower,0,9,19,0,28,0,0,65,4,69,0,9,84,4,97,150,0,150,247
06/19/2006,SDM,CA,AWP,WE,Federal Contract Tower,0,4,23,0,27,0,0,74,18,92,0,4,97,18,119,262,6,268,387
06/20/2006,SDM,CA,AWP,WE,Federal Contract Tower,0,5,23,0,28,0,1,74,50,125,0,6,97,50,153,324,4,328,481
06/21/2006,SDM,CA,AWP,WE,Federal Contract Tower,0,7,17,0,24,0,0,75,28,103,0,7,92,28,127,348,0,348,475
06/22/2006,SDM,CA,AWP,WE,Federal Contract Tower,0,5,44,0,49,0,5,86,37,128,0,10,130,37,177,372,14,386,563
06/23/2006,SDM,CA,AWP,WE,Federal Contract Tower,0,7,35,0,42,0,0,55,4,59,0,7,90,4,101,448,0,448,549
06/24/2006,SDM,CA,AWP,WE,Federal Contract Tower,0,4,15,1,20,0,3,74,1,78,0,7,89,2,98,250,0,250,348
06/25/2006,SDM,CA,AWP,WE,Federal Contract Tower,0,3,36,0,39,0,0,91,0,91,0,3,127,0,130,300,0,300,430
06/26/2006,SDM,CA,AWP,WE,Federal Contract Tower,0,10,27,0,37,0,0,65,4,69,0,10,92,4,106,360,0,360,466
06/27/2006,SDM,CA,AWP,WE,Federal Contract Tower,0,4,27,0,31,0,2,28,6,36,0,6,55,6,67,270,4,274,341
06/28/2006,SDM,CA,AWP,WE,Federal Contract Tower,0,11,15,0,26,0,0,59,6,65,0,11,74,6,91,440,0,440,531
06/29/2006,SDM,CA,AWP,WE,Federal Contract Tower,0,7,31,0,38,0,1,30,2,33,0,8,61,2,71,378,6,384,455
06/30/2006,SDM,CA,AWP,WE,Federal Contract Tower,0,6,44,0,50,0,0,73,2,75,0,6,117,2,125,370,0,370,495
07/01/2006,SDM,CA,AWP,WE,Federal Contract Tower,0,12,20,0,32,0,2,82,0,84,0,14,102,0,116,306,0,306,422
07/02/2006,SDM,CA,AWP,WE,Federal Contract Tower,0,6,31,0,37,0,0,71,0,71,0,6,102,0,108,242,0,242,350
07/03/2006,SDM,CA,AWP,WE,Federal Contract Tower,0,7,25,0,32,0,4,81,1,86,0,11,106,1,118,244,0,244,362
07/04/2006,SDM,CA,AWP,WE,Federal Contract Tower,0,10,14,0,24,0,0,102,0,102,0,10,116,0,126,138,0,138,264
07/05/2006,SDM,CA,AWP,WE,Federal Contract Tower,0,5,25,0,30,0,0,56,0,56,0,5,81,0,86,264,0,264,350
07/06/2006,SDM,CA,AWP,WE,Federal Contract Tower,1,4,29,0,34,0,0,86,5,91,1,4,115,5,125,474,0,474,599
07/07/2006,SDM,CA,AWP,WE,Federal Contract Tower,0,4,27,2,33,0,0,61,14,75,0,4,88,16,108,294,0,294,402
07/08/2006,SDM,CA,AWP,WE,Federal Contract Tower,0,8,31,0,39,0,0,101,0,101,0,8,132,0,140,408,0,408,548
07/09/2006,SDM,CA,AWP,WE,Federal Contract Tower,0,10,21,0,31,0,1,67,0,68,0,11,88,0,99,260,0,260,359
07/10/2006,SDM,CA,AWP,WE,Federal Contract Tower,0,3,36,0,39,0,0,59,0,59,0,3,95,0,98,224,14,238,336
07/11/2006,SDM,CA,AWP,WE,Federal Contract Tower,0,5,17,0,22,0,1,81,69,151,0,6,98,69,173,406,2,408,581
07/12/2006,SDM,CA,AWP,WE,Federal Contract Tower,0,6,27,0,33,0,2,104,101,207,0,8,131,101,240,674,0,674,914
07/13/2006,SDM,CA,AWP,WE,Federal Contract Tower,0,7,39,0,46,0,0,190,124,314,0,7,229,124,360,888,8,896,1256
07/14/2006,SDM,CA,AWP,WE,Federal Contract Tower,0,8,30,0,38,0,2,116,82,200,0,10,146,82,238,510,0,510,748
07/15/2006,SDM,CA,AWP,WE,Federal Contract Tower,0,2,38,0,40,0,3,102,3,108,0,5,140,3,148,524,0,524,672
07/16/2006,SDM,CA,AWP,WE,Federal Contract Tower,0,2,28,1,31,0,3,50,0,53,0,5,78,1,84,230,0,230,314
07/17/2006,SDM,CA,AWP,WE,Federal Contract Tower,0,4,31,0,35,0,2,74,4,80,0,6,105,4,115,314,4,318,433
07/18/2006,SDM,CA,AWP,WE,Federal Contract Tower,0,4,27,4,35,0,4,65,77,146,0,8,92,81,181,316,2,318,499
07/19/2006,SDM,CA,AWP,WE,Federal Contract Tower,0,7,27,0,34,0,3,91,30,124,0,10,118,30,158,294,34,328,486
07/20/2006,SDM,CA,AWP,WE,Federal Contract Tower,0,14,24,10,48,0,2,110,75,187,0,16,134,85,235,382,10,392,627
07/21/2006,SDM,CA,AWP,WE,Federal Contract Tower,0,9,33,2,44,0,3,71,46,120,0,12,104,48,164,268,0,268,432
07/22/2006,SDM,CA,AWP,WE,Federal Contract Tower,0,6,15,1,22,0,1,82,0,83,0,7,97,1,105,252,0,252,357
07/23/2006,SDM,CA,AWP,WE,Federal Contract Tower,0,7,22,0,29,0,3,54,24,81,0,10,76,24,110,118,26,144,254
07/24/2006,SDM,CA,AWP,WE,Federal Contract Tower,0,5,17,0,22,0,2,58,6,66,0,7,75,6,88,220,6,226,314
07/25/2006,SDM,CA,AWP,WE,Federal Contract Tower,0,5,12,4,21,0,0,33,37,70,0,5,45,41,91,186,16,202,293
07/26/2006,SDM,CA,AWP,WE,Federal Contract Tower,0,4,16,1,21,0,0,96,124,220,0,4,112,125,241,268,20,288,529
07/27/2006,SDM,CA,AWP,WE,Federal Contract Tower,0,11,26,2,39,0,6,118,172,296,0,17,144,174,335,440,2,442,777
07/28/2006,SDM,CA,AWP,WE,Federal Contract Tower,0,7,27,10,44,0,5,53,70,128,0,12,80,80,172,100,0,100,272
07/29/2006,SDM,CA,AWP,WE,Federal Contract Tower,1,0,18,0,19,0,2,16,0,18,1,2,34,0,37,0,0,0,37
07/30/2006,SDM,CA,AWP,WE,Federal Contract Tower,0,8,28,0,36,0,6,26,0,32,0,14,54,0,68,18,0,18,86
07/31/2006,SDM,CA,AWP,WE,Federal Contract Tower,0,10,24,0,34,0,5,36,18,59,0,15,60,18,93,98,14,112,205
08/01/2006,SDM,CA,AWP,WE,Federal Contract Tower,0,11,18,1,30,0,4,39,13,56,0,15,57,14,86,276,2,278,364
08/02/2006,SDM,CA,AWP,WE,Federal Contract Tower,0,3,35,0,38,0,1,75,34,110,0,4,110,34,148,398,32,430,578
08/03/2006,SDM,CA,AWP,WE,Federal Contract Tower,0,7,20,0,27,0,5,18,26,49,0,12,38,26,76,26,0,26,102
08/04/2006,SDM,CA,AWP,WE,Federal Contract Tower,0,2,17,0,19,0,1,70,8,79,0,3,87,8,98,356,0,356,454
08/05/2006,SDM,CA,AWP,WE,Federal Contract Tower,0,5,28,0,33,0,3,104,0,107,0,8,132,0,140,426,0,426,566
08/06/2006,SDM,CA,AWP,WE,Federal Contract Tower,0,4,21,0,25,0,0,73,0,73,0,4,94,0,98,270,0,270,368
08/07/2006,SDM,CA,AWP,WE,Federal Contract Tower,0,9,15,0,24,0,5,70,12,87,0,14,85,12,111,232,14,246,357
08/08/2006,SDM,CA,AWP,WE,Federal Contract Tower,0,8,17,0,25,0,3,71,3,77,0,11,88,3,102,294,8,302,404
08/09/2006,SDM,CA,AWP,WE,Federal Contract Tower,0,6,18,0,24,0,0,86,17,103,0,6,104,17,127,374,10,384,511
08/10/2006,SDM,CA,AWP,WE,Federal Contract Tower,2,5,18,0,25,0,2,68,10,80,2,7,86,10,105,278,0,278,383
08/11/2006,SDM,CA,AWP,WE,Federal Contract Tower,0,7,16,1,24,0,0,62,5,67,0,7,78,6,91,252,3,255,346
08/12/2006,SDM,CA,AWP,WE,Federal Contract Tower,2,6,23,0,31,0,5,153,0,158,2,11,176,0,189,356,0,356,545
08/13/2006,SDM,CA,AWP,WE,Federal Contract Tower,0,17,37,2,56,0,4,175,4,183,0,21,212,6,239,280,0,280,519
08/14/2006,SDM,CA,AWP,WE,Federal Contract Tower,0,7,28,0,35,0,0,70,16,86,0,7,98,16,121,244,16,260,381
08/15/2006,SDM,CA,AWP,WE,Federal Contract Tower,0,8,22,0,30,0,4,63,5,72,0,12,85,5,102,274,34,308,410
08/16/2006,SDM,CA,AWP,WE,Federal Contract Tower,0,5,16,1,22,0,2,44,4,50,0,7,60,5,72,244,10,254,326
08/17/2006,SDM,CA,AWP,WE,Federal Contract Tower,0,5,35,1,41,0,14,111,41,166,0,19,146,42,207,352,66,418,625
08/18/2006,SDM,CA,AWP,WE,Federal Contract Tower,0,13,21,0,34,0,2,78,7,87,0,15,99,7,121,258,0,258,379
08/19/2006,SDM,CA,AWP,WE,Federal Contract Tower,0,12,24,0,36,0,0,123,1,124,0,12,147,1,160,176,0,176,336
08/20/2006,SDM,CA,AWP,WE,Federal Contract Tower,0,7,31,0,38,0,2,108,3,113,0,9,139,3,151,254,0,254,405
08/21/2006,SDM,CA,AWP,WE,Federal Contract Tower,0,2,26,2,30,0,4,66,14,84,0,6,92,16,114,2,2,4,118
08/22/2006,SDM,CA,AWP,WE,Federal Contract Tower,0,7,28,1,36,0,2,64,32,98,0,9,92,33,134,380,12,392,526
08/23/2006,SDM,CA,AWP,WE,Federal Contract Tower,0,5,14,0,19,0,5,110,24,139,0,10,124,24,158,398,20,418,576
08/24/2006,SDM,CA,AWP,WE,Federal Contract Tower,0,2,15,3,20,0,3,76,30,109,0,5,91,33,129,240,16,256,385
08/25/2006,SDM,CA,AWP,WE,Federal Contract Tower,0,1,25,1,27,0,0,59,5,64,0,1,84,6,91,228,0,228,319
08/26/2006,SDM,CA,AWP,WE,Federal Contract Tower,0,2,15,0,17,0,1,116,3,120,0,3,131,3,137,238,0,238,375
08/27/2006,SDM,CA,AWP,WE,Federal Contract Tower,0,5,24,0,29,0,0,58,4,62,0,5,82,4,91,220,0,220,311
08/28/2006,SDM,CA,AWP,WE,Federal Contract Tower,0,6,33,0,39,0,0,29,3,32,0,6,62,3,71,258,20,278,349
08/29/2006,SDM,CA,AWP,WE,Federal Contract Tower,0,4,23,0,27,0,0,39,14,53,0,4,62,14,80,298,10,308,388
08/30/2006,SDM,CA,AWP,WE,Federal Contract Tower,0,2,15,1,18,0,0,61,9,70,0,2,76,10,88,260,92,352,440
08/31/2006,SDM,CA,AWP,WE,Federal Contract Tower,0,4,49,0,53,0,0,54,2,56,0,4,103,2,109,362,36,398,507
09/01/2006,SDM,CA,AWP,WE,Federal Contract Tower,0,8,28,2,38,0,0,40,10,50,0,8,68,12,88,332,20,352,440
09/02/2006,SDM,CA,AWP,WE,Federal Contract Tower,0,11,14,0,25,0,1,69,2,72,0,12,83,2,97,214,0,214,311
09/03/2006,SDM,CA,AWP,WE,Federal Contract Tower,0,7,18,0,25,0,0,52,0,52,0,7,70,0,77,244,0,244,321
09/04/2006,SDM,CA,AWP,WE,Federal Contract Tower,0,5,16,2,23,0,1,78,0,79,0,6,94,2,102,274,0,274,376
09/05/2006,SDM,CA,AWP,WE,Federal Contract Tower,0,3,17,0,20,0,0,22,3,25,0,3,39,3,45,246,16,262,307
09/06/2006,SDM,CA,AWP,WE,Federal Contract Tower,1,6,32,0,39,0,0,26,11,37,1,6,58,11,76,288,8,296,372
09/07/2006,SDM,CA,AWP,WE,Federal Contract Tower,3,1,38,2,44,0,3,47,4,54,3,4,85,6,98,230,2,232,330
09/08/2006,SDM,CA,AWP,WE,Federal Contract Tower,2,6,25,0,33,0,1,51,5,57,2,7,76,5,90,204,36,240,330
09/09/2006,SDM,CA,AWP,WE,Federal Contract Tower,2,1,18,0,21,0,0,76,4,80,2,1,94,4,101,80,0,80,181
09/10/2006,SDM,CA,AWP,WE,Federal Contract Tower,0,3,28,1,32,0,0,93,3,96,0,3,121,4,128,134,0,134,262
09/11/2006,SDM,CA,AWP,WE,Federal Contract Tower,0,3,30,1,34,0,0,42,7,49,0,3,72,8,83,274,12,286,369
09/12/2006,SDM,CA,AWP,WE,Federal Contract Tower,0,4,23,4,31,0,1,45,8,54,0,5,68,12,85,246,8,254,339
09/13/2006,SDM,CA,AWP,WE,Federal Contract Tower,0,5,19,1,25,0,1,35,12,48,0,6,54,13,73,160,12,172,245
09/14/2006,SDM,CA,AWP,WE,Federal Contract Tower,0,3,18,0,21,0,0,56,11,67,0,3,74,11,88,310,2,312,400
09/15/2006,SDM,CA,AWP,WE,Federal Contract Tower,0,9,12,0,21,0,1,61,6,68,0,10,73,6,89,254,0,254,343
09/16/2006,SDM,CA,AWP,WE,Federal Contract Tower,0,0,10,0,10,0,0,134,0,134,0,0,144,0,144,234,0,234,378
09/17/2006,SDM,CA,AWP,WE,Federal Contract Tower,1,5,13,0,19,0,0,64,0,64,1,5,77,0,83,212,4,216,299
09/18/2006,SDM,CA,AWP,WE,Federal Contract Tower,0,6,26,0,32,0,0,50,10,60,0,6,76,10,92,224,12,236,328
09/19/2006,SDM,CA,AWP,WE,Federal Contract Tower,0,5,16,0,21,0,0,48,3,51,0,5,64,3,72,256,0,256,328
09/20/2006,SDM,CA,AWP,WE,Federal Contract Tower,0,4,15,0,19,0,1,52,15,68,0,5,67,15,87,270,10,280,367
09/21/2006,SDM,CA,AWP,WE,Federal Contract Tower,0,12,19,0,31,0,0,53,11,64,0,12,72,11,95,284,0,284,379
09/22/2006,SDM,CA,AWP,WE,Federal Contract Tower,0,3,16,0,19,0,0,39,7,46,0,3,55,7,65,154,0,154,219
09/23/2006,SDM,CA,AWP,WE,Federal Contract Tower,0,6,25,0,31,0,0,99,2,101,0,6,124,2,132,166,14,180,312
09/24/2006,SDM,CA,AWP,WE,Federal Contract Tower,0,8,20,1,29,0,0,65,5,70,0,8,85,6,99,250,0,250,349
09/25/2006,SDM,CA,AWP,WE,Federal Contract Tower,0,6,17,4,27,0,0,29,13,42,0,6,46,17,69,138,4,142,211
09/26/2006,SDM,CA,AWP,WE,Federal Contract Tower,0,2,14,4,20,0,3,40,1,44,0,5,54,5,64,152,12,164,228
09/27/2006,SDM,CA,AWP,WE,Federal Contract Tower,2,2,21,0,25,0,1,41,19,61,2,3,62,19,86,200,12,212,298
09/28/2006,SDM,CA,AWP,WE,Federal Contract Tower,0,2,37,1,40,0,0,33,16,49,0,2,70,17,89,380,0,380,469
09/29/2006,SDM,CA,AWP,WE,Federal Contract Tower,0,8,28,0,36,0,0,44,6,50,0,8,72,6,86,186,0,186,272
09/30/2006,SDM,CA,AWP,WE,Federal Contract Tower,0,3,18,0,21,0,1,71,0,72,0,4,89,0,93,154,0,154,247
10/01/2006,SDM,CA,AWP,WE,Federal Contract Tower,0,4,33,1,38,0,0,53,0,53,0,4,86,1,91,250,2,252,343
10/02/2006,SDM,CA,AWP,WE,Federal Contract Tower,0,3,29,1,33,0,1,53,14,68,0,4,82,15,101,293,14,307,408
10/03/2006,SDM,CA,AWP,WE,Federal Contract Tower,0,3,25,0,28,0,1,72,12,85,0,4,97,12,113,314,24,338,451
10/04/2006,SDM,CA,AWP,WE,Federal Contract Tower,0,6,21,1,28,0,0,33,15,48,0,6,54,16,76,338,24,362,438
10/05/2006,SDM,CA,AWP,WE,Federal Contract Tower,0,2,22,0,24,0,1,44,22,67,0,3,66,22,91,230,0,230,321
10/06/2006,SDM,CA,AWP,WE,Federal Contract Tower,0,1,34,1,36,0,0,44,13,57,0,1,78,14,93,258,2,260,353
10/07/2006,SDM,CA,AWP,WE,Federal Contract Tower,0,5,24,0,29,0,1,100,8,109,0,6,124,8,138,178,0,178,316
10/08/2006,SDM,CA,AWP,WE,Federal Contract Tower,0,3,24,0,27,0,1,65,0,66,0,4,89,0,93,156,0,156,249
10/09/2006,SDM,CA,AWP,WE,Federal Contract Tower,0,8,24,4,36,0,0,52,7,59,0,8,76,11,95,164,2,166,261
10/10/2006,SDM,CA,AWP,WE,Federal Contract Tower,0,4,27,1,32,0,3,87,26,116,0,7,114,27,148,212,26,238,386
10/11/2006,SDM,CA,AWP,WE,Federal Contract Tower,0,5,31,2,38,0,0,113,16,129,0,5,144,18,167,212,10,222,389
10/12/2006,SDM,CA,AWP,WE,Federal Contract Tower,0,9,26,2,37,0,0,49,21,70,0,9,75,23,107,240,12,252,359
10/13/2006,SDM,CA,AWP,WE,Federal Contract Tower,0,4,16,0,20,0,0,35,0,35,0,4,51,0,55,98,0,98,153
10/14/2006,SDM,CA,AWP,WE,Federal Contract Tower,0,6,27,0,33,0,0,58,0,58,0,6,85,0,91,78,12,90,181
10/15/2006,SDM,CA,AWP,WE,Federal Contract Tower,0,9,38,0,47,0,0,13,0,13,0,9,51,0,60,252,0,252,312
10/16/2006,SDM,CA,AWP,WE,Federal Contract Tower,0,8,21,0,29,0,0,25,0,25,0,8,46,0,54,354,10,364,418
10/17/2006,SDM,CA,AWP,WE,Federal Contract Tower,0,7,30,0,37,0,0,71,4,75,0,7,101,4,112,312,0,312,424
10/18/2006,SDM,CA,AWP,WE,Federal Contract Tower,0,7,30,0,37,0,0,37,0,37,0,7,67,0,74,178,0,178,252
10/19/2006,SDM,CA,AWP,WE,Federal Contract Tower,0,8,39,0,47,0,0,57,0,57,0,8,96,0,104,288,26,314,418
10/20/2006,SDM,CA,AWP,WE,Federal Contract Tower,0,3,44,1,48,0,0,43,6,49,0,3,87,7,97,406,6,412,509
10/21/2006,SDM,CA,AWP,WE,Federal Contract Tower,0,3,21,0,24,0,2,148,2,152,0,5,169,2,176,294,12,306,482
10/22/2006,SDM,CA,AWP,WE,Federal Contract Tower,0,16,36,0,52,0,4,109,0,113,0,20,145,0,165,196,16,212,377
10/23/2006,SDM,CA,AWP,WE,Federal Contract Tower,0,6,25,0,31,0,3,88,5,96,0,9,113,5,127,218,0,218,345
10/24/2006,SDM,CA,AWP,WE,Federal Contract Tower,0,10,16,0,26,0,0,60,11,71,0,10,76,11,97,196,0,196,293
10/25/2006,SDM,CA,AWP,WE,Federal Contract Tower,0,5,18,0,23,0,0,57,14,71,0,5,75,14,94,178,2,180,274
10/26/2006,SDM,CA,AWP,WE,Federal Contract Tower,0,7,26,0,33,0,0,57,6,63,0,7,83,6,96,198,2,200,296
10/27/2006,SDM,CA,AWP,WE,Federal Contract Tower,0,5,30,0,35,0,0,80,4,84,0,5,110,4,119,270,50,320,439
10/28/2006,SDM,CA,AWP,WE,Federal Contract Tower,0,2,20,0,22,0,4,94,0,98,0,6,114,0,120,258,0,258,378
10/29/2006,SDM,CA,AWP,WE,Federal Contract Tower,0,11,27,0,38,0,0,71,2,73,0,11,98,2,111,112,0,112,223
10/30/2006,SDM,CA,AWP,WE,Federal Contract Tower,1,8,25,3,37,0,1,42,1,44,1,9,67,4,81,322,10,332,413
10/31/2006,SDM,CA,AWP,WE,Federal Contract Tower,0,10,20,0,30,0,2,49,11,62,0,12,69,11,92,264,32,296,388
11/01/2006,SDM,CA,AWP,WE,Federal Contract Tower,0,9,26,1,36,0,1,45,6,52,0,10,71,7,88,250,4,254,342
11/02/2006,SDM,CA,AWP,WE,Federal Contract Tower,0,6,25,2,33,0,0,20,4,24,0,6,45,6,57,420,4,424,481
11/03/2006,SDM,CA,AWP,WE,Federal Contract Tower,0,6,24,0,30,0,0,24,2,26,0,6,48,2,56,138,34,172,228
11/04/2006,SDM,CA,AWP,WE,Federal Contract Tower,0,4,24,0,28,0,0,69,0,69,0,4,93,0,97,228,0,228,325
11/05/2006,SDM,CA,AWP,WE,Federal Contract Tower,0,9,51,0,60,0,0,84,1,85,0,9,135,1,145,222,0,222,367
11/06/2006,SDM,CA,AWP,WE,Federal Contract Tower,0,6,32,0,38,0,0,52,16,68,0,6,84,16,106,310,2,312,418
11/07/2006,SDM,CA,AWP,WE,Federal Contract Tower,0,9,33,0,42,0,2,100,9,111,0,11,133,9,153,264,8,272,425
11/08/2006,SDM,CA,AWP,WE,Federal Contract Tower,0,8,37,0,45,0,0,37,1,38,0,8,74,1,83,194,0,194,277
11/09/2006,SDM,CA,AWP,WE,Federal Contract Tower,0,4,36,2,42,0,0,34,24,58,0,4,70,26,100,194,8,202,302
11/10/2006,SDM,CA,AWP,WE,Federal Contract Tower,0,11,36,3,50,0,0,53,9,62,0,11,89,12,112,344,0,344,456
11/11/2006,SDM,CA,AWP,WE,Federal Contract Tower,0,4,26,0,30,0,1,42,2,45,0,5,68,2,75,196,10,206,281
11/12/2006,SDM,CA,AWP,WE,Federal Contract Tower,0,17,40,3,60,0,2,73,0,75,0,19,113,3,135,116,0,116,251
11/13/2006,SDM,CA,AWP,WE,Federal Contract Tower,0,10,38,0,48,0,0,57,10,67,0,10,95,10,115,294,24,318,433
11/14/2006,SDM,CA,AWP,WE,Federal Contract Tower,0,0,22,0,22,0,0,3,0,3,0,0,25,0,25,0,0,0,25
11/15/2006,SDM,CA,AWP,WE,Federal Contract Tower,0,9,16,0,25,0,2,81,12,95,0,11,97,12,120,306,10,316,436
11/16/2006,SDM,CA,AWP,WE,Federal Contract Tower,0,10,26,0,36,0,0,66,2,68,0,10,92,2,104,290,12,302,406
11/17/2006,SDM,CA,AWP,WE,Federal Contract Tower,0,10,30,0,40,0,0,95,9,104,0,10,125,9,144,344,0,344,488
11/18/2006,SDM,CA,AWP,WE,Federal Contract Tower,0,9,43,2,54,0,6,125,4,135,0,15,168,6,189,318,10,328,517
11/19/2006,SDM,CA,AWP,WE,Federal Contract Tower,0,6,40,2,48,0,0,83,0,83,0,6,123,2,131,232,0,232,363
11/20/2006,SDM,CA,AWP,WE,Federal Contract Tower,0,10,22,0,32,0,0,53,6,59,0,10,75,6,91,318,98,416,507
11/21/2006,SDM,CA,AWP,WE,Federal Contract Tower,0,10,38,0,48,0,0,43,0,43,0,10,81,0,91,234,20,254,345
11/22/2006,SDM,CA,AWP,WE,Federal Contract Tower,1,11,27,0,39,0,0,64,0,64,1,11,91,0,103,278,0,278,381
11/23/2006,SDM,CA,AWP,WE,Federal Contract Tower,0,6,6,0,12,0,2,28,3,33,0,8,34,3,45,83,20,103,148
11/24/2006,SDM,CA,AWP,WE,Federal Contract Tower,0,5,12,0,17,0,0,53,4,57,0,5,65,4,74,184,4,188,262
11/25/2006,SDM,CA,AWP,WE,Federal Contract Tower,0,10,29,0,39,0,1,74,0,75,0,11,103,0,114,240,0,240,354
11/26/2006,SDM,CA,AWP,WE,Federal Contract Tower,0,23,101,0,124,0,3,64,0,67,0,26,165,0,191,106,0,106,297
11/27/2006,SDM,CA,AWP,WE,Federal Contract Tower,0,6,28,3,37,0,0,12,6,18,0,6,40,9,55,34,24,58,113
11/28/2006,SDM,CA,AWP,WE,Federal Contract Tower,0,8,18,4,30,0,0,53,8,61,0,8,71,12,91,212,12,224,315
11/29/2006,SDM,CA,AWP,WE,Federal Contract Tower,0,4,56,1,61,0,0,27,11,38,0,4,83,12,99,212,50,262,361
11/30/2006,SDM,CA,AWP,WE,Federal Contract Tower,0,7,35,1,43,0,0,15,9,24,0,7,50,10,67,215,15,230,297
12/01/2006,SDM,CA,AWP,WE,Federal Contract Tower,0,5,33,1,39,0,2,72,11,85,0,7,105,12,124,302,2,304,428
12/02/2006,SDM,CA,AWP,WE,Federal Contract Tower,0,0,18,0,18,0,2,47,0,49,0,2,65,0,67,276,0,276,343
12/03/2006,SDM,CA,AWP,WE,Federal Contract Tower,0,8,41,1,50,0,1,41,0,42,0,9,82,1,92,182,0,182,274
12/04/2006,SDM,CA,AWP,WE,Federal Contract Tower,0,9,28,0,37,0,0,72,4,76,0,9,100,4,113,260,10,270,383
12/05/2006,SDM,CA,AWP,WE,Federal Contract Tower,0,5,20,0,25,0,2,56,29,87,0,7,76,29,112,250,0,250,362
12/06/2006,SDM,CA,AWP,WE,Federal Contract Tower,0,4,36,0,40,0,4,54,15,73,0,8,90,15,113,375,6,381,494
12/07/2006,SDM,CA,AWP,WE,Federal Contract Tower,0,3,21,0,24,0,0,44,10,54,0,3,65,10,78,300,40,340,418
12/08/2006,SDM,CA,AWP,WE,Federal Contract Tower,0,8,18,0,26,0,1,88,13,102,0,9,106,13,128,175,4,179,307
12/09/2006,SDM,CA,AWP,WE,Federal Contract Tower,0,7,26,0,33,0,1,188,1,190,0,8,214,1,223,142,0,142,365
12/10/2006,SDM,CA,AWP,WE,Federal Contract Tower,0,10,37,0,47,0,0,36,1,37,0,10,73,1,84,130,0,130,214
12/11/2006,SDM,CA,AWP,WE,Federal Contract Tower,0,13,39,0,52,0,1,35,6,42,0,14,74,6,94,162,0,162,256
12/12/2006,SDM,CA,AWP,WE,Federal Contract Tower,0,1,16,0,17,0,0,59,15,74,0,1,75,15,91,320,10,330,421
12/13/2006,SDM,CA,AWP,WE,Federal Contract Tower,0,3,34,0,37,0,2,31,5,38,0,5,65,5,75,340,0,340,415
12/14/2006,SDM,CA,AWP,WE,Federal Contract Tower,0,3,26,0,29,0,0,54,25,79,0,3,80,25,108,260,10,270,378
12/15/2006,SDM,CA,AWP,WE,Federal Contract Tower,0,6,25,0,31,0,1,20,8,29,0,7,45,8,60,32,8,40,100
12/16/2006,SDM,CA,AWP,WE,Federal Contract Tower,0,6,15,0,21,0,0,20,0,20,0,6,35,0,41,72,0,72,113
12/17/2006,SDM,CA,AWP,WE,Federal Contract Tower,0,6,28,0,34,0,1,44,0,45,0,7,72,0,79,220,24,244,323
12/18/2006,SDM,CA,AWP,WE,Federal Contract Tower,0,4,25,0,29,0,6,55,15,76,0,10,80,15,105,275,50,325,430
12/19/2006,SDM,CA,AWP,WE,Federal Contract Tower,0,7,30,0,37,0,5,60,22,87,0,12,90,22,124,200,22,222,346
12/20/2006,SDM,CA,AWP,WE,Federal Contract Tower,0,9,26,0,35,0,3,53,5,61,0,12,79,5,96,262,16,278,374
12/21/2006,SDM,CA,AWP,WE,Federal Contract Tower,0,8,49,2,59,0,2,56,8,66,0,10,105,10,125,275,15,290,415
12/22/2006,SDM,CA,AWP,WE,Federal Contract Tower,0,6,35,0,41,0,3,39,0,42,0,9,74,0,83,174,0,174,257
12/23/2006,SDM,CA,AWP,WE,Federal Contract Tower,0,5,25,0,30,0,3,55,0,58,0,8,80,0,88,322,16,338,426
12/24/2006,SDM,CA,AWP,WE,Federal Contract Tower,0,5,12,0,17,0,1,11,0,12,0,6,23,0,29,98,2,100,129
12/25/2006,SDM,CA,AWP,WE,Federal Contract Tower,0,11,4,0,15,0,0,25,1,26,0,11,29,1,41,48,0,48,89
12/26/2006,SDM,CA,AWP,WE,Federal Contract Tower,0,20,45,0,65,0,0,95,0,95,0,20,140,0,160,190,0,190,350
12/27/2006,SDM,CA,AWP,WE,Federal Contract Tower,0,10,45,0,55,0,0,28,4,32,0,10,73,4,87,16,28,44,131
12/28/2006,SDM,CA,AWP,WE,Federal Contract Tower,0,5,33,0,38,0,0,57,10,67,0,5,90,10,105,200,25,225,330
12/29/2006,SDM,CA,AWP,WE,Federal Contract Tower,0,9,38,1,48,0,0,69,7,76,0,9,107,8,124,316,10,326,450
12/30/2006,SDM,CA,AWP,WE,Federal Contract Tower,0,8,31,0,39,0,0,74,0,74,0,8,105,0,113,208,0,208,321
12/31/2006,SDM,CA,AWP,WE,Federal Contract Tower,0,9,35,0,44,0,0,64,0,64,0,9,99,0,108,116,0,116,224
01/01/2007,SDM,CA,AWP,WE,Federal Contract Tower,0,15,38,0,53,0,0,57,5,62,0,15,95,5,115,52,30,82,197
01/02/2007,SDM,CA,AWP,WE,Federal Contract Tower,0,9,52,0,61,0,1,73,0,74,0,10,125,0,135,225,0,225,360
01/03/2007,SDM,CA,AWP,WE,Federal Contract Tower,0,16,41,0,57,0,0,44,4,48,0,16,85,4,105,200,0,200,305
01/04/2007,SDM,CA,AWP,WE,Federal Contract Tower,0,5,32,0,37,0,0,30,2,32,0,5,62,2,69,168,66,234,303
01/05/2007,SDM,CA,AWP,WE,Federal Contract Tower,0,4,19,0,23,0,1,48,1,50,0,5,67,1,73,182,0,182,255
01/06/2007,SDM,CA,AWP,WE,Federal Contract Tower,0,10,45,0,55,0,0,47,0,47,0,10,92,0,102,264,34,298,400
01/07/2007,SDM,CA,AWP,WE,Federal Contract Tower,0,16,37,0,53,0,2,51,0,53,0,18,88,0,106,170,0,170,276
01/08/2007,SDM,CA,AWP,WE,Federal Contract Tower,0,5,29,0,34,0,9,30,2,41,0,14,59,2,75,286,0,286,361
01/09/2007,SDM,CA,AWP,WE,Federal Contract Tower,0,20,7,1,28,0,0,68,24,92,0,20,75,25,120,190,30,220,340
01/10/2007,SDM,CA,AWP,WE,Federal Contract Tower,0,5,30,0,35,0,5,45,14,64,0,10,75,14,99,196,22,218,317
01/11/2007,SDM,CA,AWP,WE,Federal Contract Tower,0,6,20,2,28,0,1,23,3,27,0,7,43,5,55,52,0,52,107
01/12/2007,SDM,CA,AWP,WE,Federal Contract Tower,0,12,23,2,37,0,1,23,3,27,0,13,46,5,64,146,12,158,222
01/13/2007,SDM,CA,AWP,WE,Federal Contract Tower,0,3,22,0,25,0,0,54,1,55,0,3,76,1,80,188,24,212,292
01/14/2007,SDM,CA,AWP,WE,Federal Contract Tower,0,6,35,0,41,0,0,43,0,43,0,6,78,0,84,178,0,178,262
01/15/2007,SDM,CA,AWP,WE,Federal Contract Tower,0,15,42,0,57,0,2,40,5,47,0,17,82,5,104,144,0,144,248
01/16/2007,SDM,CA,AWP,WE,Federal Contract Tower,0,6,20,2,28,0,0,69,13,82,0,6,89,15,110,290,15,305,415
01/17/2007,SDM,CA,AWP,WE,Federal Contract Tower,0,7,30,0,37,0,0,70,15,85,0,7,100,15,122,290,46,336,458
01/18/2007,SDM,CA,AWP,WE,Federal Contract Tower,0,10,31,1,42,0,0,59,24,83,0,10,90,25,125,250,0,250,375
01/19/2007,SDM,CA,AWP,WE,Federal Contract Tower,0,10,20,6,36,0,3,38,8,49,0,13,58,14,85,186,6,192,277
01/20/2007,SDM,CA,AWP,WE,Federal Contract Tower,0,7,30,1,38,0,1,102,0,103,0,8,132,1,141,164,24,188,329
01/21/2007,SDM,CA,AWP,WE,Federal Contract Tower,0,10,21,1,32,0,3,56,1,60,0,13,77,2,92,266,0,266,358
01/22/2007,SDM,CA,AWP,WE,Federal Contract Tower,0,3,28,0,31,0,4,39,2,45,0,7,67,2,76,238,20,258,334
01/23/2007,SDM,CA,AWP,WE,Federal Contract Tower,0,3,15,2,20,0,0,50,23,73,0,3,65,25,93,220,20,240,333
01/24/2007,SDM,CA,AWP,WE,Federal Contract Tower,0,1,12,9,22,0,2,63,9,74,0,3,75,18,96,340,30,370,466
01/25/2007,SDM,CA,AWP,WE,Federal Contract Tower,0,9,41,0,50,0,3,49,30,82,0,12,90,30,132,275,10,285,417
01/26/2007,SDM,CA,AWP,WE,Federal Contract Tower,0,7,33,0,40,0,1,51,8,60,0,8,84,8,100,226,0,226,326
01/27/2007,SDM,CA,AWP,WE,Federal Contract Tower,0,4,33,0,37,0,0,63,2,65,0,4,96,2,102,264,0,264,366
01/28/2007,SDM,CA,AWP,WE,Federal Contract Tower,0,8,34,2,44,0,5,36,0,41,0,13,70,2,85,218,0,218,303
01/29/2007,SDM,CA,AWP,WE,Federal Contract Tower,0,8,27,0,35,0,2,35,14,51,0,10,62,14,86,252,8,260,346
01/30/2007,SDM,CA,AWP,WE,Federal Contract Tower,0,4,10,0,14,0,0,2,5,7,0,4,12,5,21,15,0,15,36
01/31/2007,SDM,CA,AWP,WE,Federal Contract Tower,0,5,27,0,32,0,0,43,17,60,0,5,70,17,92,155,0,155,247
02/01/2007,SDM,CA,AWP,WE,Federal Contract Tower,0,9,35,1,45,0,1,35,21,57,0,10,70,22,102,210,2,212,314
02/02/2007,SDM,CA,AWP,WE,Federal Contract Tower,0,18,44,0,62,0,10,73,15,98,0,28,117,15,160,340,0,340,500
02/03/2007,SDM,CA,AWP,WE,Federal Contract Tower,0,1,34,0,35,0,4,69,6,79,0,5,103,6,114,364,24,388,502
02/04/2007,SDM,CA,AWP,WE,Federal Contract Tower,0,21,30,1,52,0,1,30,0,31,0,22,60,1,83,120,0,120,203
02/05/2007,SDM,CA,AWP,WE,Federal Contract Tower,0,11,25,3,39,0,1,60,7,68,0,12,85,10,107,310,16,326,433
02/06/2007,SDM,CA,AWP,WE,Federal Contract Tower,0,8,30,0,38,0,0,60,14,74,0,8,90,14,112,275,56,331,443
02/07/2007,SDM,CA,AWP,WE,Federal Contract Tower,0,3,24,2,29,0,2,36,28,66,0,5,60,30,95,220,22,242,337
02/08/2007,SDM,CA,AWP,WE,Federal Contract Tower,0,3,35,1,39,0,3,45,27,75,0,6,80,28,114,370,10,380,494
02/09/2007,SDM,CA,AWP,WE,Federal Contract Tower,0,7,44,1,52,0,1,52,20,73,0,8,96,21,125,318,20,338,463
02/10/2007,SDM,CA,AWP,WE,Federal Contract Tower,0,12,40,0,52,0,2,86,10,98,0,14,126,10,150,216,0,216,366
02/11/2007,SDM,CA,AWP,WE,Federal Contract Tower,0,8,35,0,43,0,0,7,0,7,0,8,42,0,50,18,0,18,68
02/12/2007,SDM,CA,AWP,WE,Federal Contract Tower,0,4,37,0,41,0,0,43,15,58,0,4,80,15,99,200,14,214,313
02/13/2007,SDM,CA,AWP,WE,Federal Contract Tower,0,4,25,0,29,0,0,59,14,73,0,4,84,14,102,110,22,132,234
02/14/2007,SDM,CA,AWP,WE,Federal Contract Tower,0,4,37,0,41,0,0,78,16,94,0,4,115,16,135,380,40,420,555
02/15/2007,SDM,CA,AWP,WE,Federal Contract Tower,0,10,54,0,64,0,0,61,19,80,0,10,115,19,144,320,10,330,474
02/16/2007,SDM,CA,AWP,WE,Federal Contract Tower,0,7,38,0,45,0,5,104,5,114,0,12,142,5,159,284,14,298,457
02/17/2007,SDM,CA,AWP,WE,Federal Contract Tower,0,2,32,0,34,0,0,98,2,100,0,2,130,2,134,132,10,142,276
02/18/2007,SDM,CA,AWP,WE,Federal Contract Tower,0,13,42,0,55,0,0,47,1,48,0,13,89,1,103,113,0,113,216
02/19/2007,SDM,CA,AWP,WE,Federal Contract Tower,0,10,35,0,45,0,1,0,0,1,0,11,35,0,46,12,0,12,58
02/20/2007,SDM,CA,AWP,WE,Federal Contract Tower,0,11,41,0,52,0,2,74,21,97,0,13,115,21,149,245,34,279,428
02/21/2007,SDM,CA,AWP,WE,Federal Contract Tower,0,7,42,0,49,0,0,98,30,128,0,7,140,30,177,190,38,228,405
02/22/2007,SDM,CA,AWP,WE,Federal Contract Tower,0,4,33,0,37,0,0,112,24,136,0,4,145,24,173,315,40,355,528
02/23/2007,SDM,CA,AWP,WE,Federal Contract Tower,0,10,24,0,34,0,0,31,2,33,0,10,55,2,67,63,20,83,150
02/24/2007,SDM,CA,AWP,WE,Federal Contract Tower,0,8,40,0,48,0,0,119,4,123,0,8,159,4,171,310,8,318,489
02/25/2007,SDM,CA,AWP,WE,Federal Contract Tower,0,4,58,0,62,0,0,40,2,42,0,4,98,2,104,214,0,214,318
02/26/2007,SDM,CA,AWP,WE,Federal Contract Tower,0,7,41,0,48,0,0,43,17,60,0,7,84,17,108,204,32,236,344
02/27/2007,SDM,CA,AWP,WE,Federal Contract Tower,0,4,15,2,21,0,0,25,23,48,0,4,40,25,69,115,10,125,194
02/28/2007,SDM,CA,AWP,WE,Federal Contract Tower,0,12,29,0,41,0,0,46,0,46,0,12,75,0,87,120,56,176,263
03/01/2007,SDM,CA,AWP,WE,Federal Contract Tower,0,8,52,0,60,0,4,63,25,92,0,12,115,25,152,420,50,470,622
03/02/2007,SDM,CA,AWP,WE,Federal Contract Tower,0,10,21,0,31,0,1,96,18,115,0,11,117,18,146,286,2,288,434
03/03/2007,SDM,CA,AWP,WE,Federal Contract Tower,0,1,12,0,13,0,1,33,8,42,0,2,45,8,55,74,0,74,129
03/04/2007,SDM,CA,AWP,WE,Federal Contract Tower,0,17,45,0,62,0,0,62,6,68,0,17,107,6,130,74,0,74,204
03/05/2007,SDM,CA,AWP,WE,Federal Contract Tower,0,10,33,0,43,0,1,64,11,76,0,11,97,11,119,202,4,206,325
03/06/2007,SDM,CA,AWP,WE,Federal Contract Tower,0,5,32,0,37,0,0,43,29,72,0,5,75,29,109,345,60,405,514
03/07/2007,SDM,CA,AWP,WE,Federal Contract Tower,0,2,34,0,36,0,0,56,28,84,0,2,90,28,120,275,14,289,409
03/08/2007,SDM,CA,AWP,WE,Federal Contract Tower,0,6,40,1,47,0,0,35,16,51,0,6,75,17,98,290,2,292,390
03/09/2007,SDM,CA,AWP,WE,Federal Contract Tower,0,8,26,0,34,0,2,56,24,82,0,10,82,24,116,182,28,210,326
03/10/2007,SDM,CA,AWP,WE,Federal Contract Tower,0,7,40,0,47,0,4,125,2,131,0,11,165,2,178,286,0,286,464
03/11/2007,SDM,CA,AWP,WE,Federal Contract Tower,0,4,43,0,47,0,0,152,4,156,0,4,195,4,203,396,2,398,601
03/12/2007,SDM,CA,AWP,WE,Federal Contract Tower,0,4,24,4,32,0,0,88,7,95,0,4,112,11,127,364,4,368,495
03/13/2007,SDM,CA,AWP,WE,Federal Contract Tower,0,4,17,0,21,0,0,98,10,108,0,4,115,10,129,370,0,370,499
03/14/2007,SDM,CA,AWP,WE,Federal Contract Tower,0,11,19,0,30,0,0,76,14,90,0,11,95,14,120,250,12,262,382
03/15/2007,SDM,CA,AWP,WE,Federal Contract Tower,0,4,31,0,35,0,2,69,25,96,0,6,100,25,131,200,16,216,347
03/16/2007,SDM,CA,AWP,WE,Federal Contract Tower,0,13,23,0,36,0,3,66,6,75,0,16,89,6,111,185,0,185,296
03/17/2007,SDM,CA,AWP,WE,Federal Contract Tower,0,4,22,0,26,0,0,76,0,76,0,4,98,0,102,234,0,234,336
03/18/2007,SDM,CA,AWP,WE,Federal Contract Tower,0,6,38,1,45,0,0,44,0,44,0,6,82,1,89,60,0,60,149
03/19/2007,SDM,CA,AWP,WE,Federal Contract Tower,0,8,31,2,41,0,0,69,9,78,0,8,100,11,119,190,0,190,309
03/20/2007,SDM,CA,AWP,WE,Federal Contract Tower,0,8,32,2,42,0,2,63,10,75,0,10,95,12,117,174,6,180,297
03/21/2007,SDM,CA,AWP,WE,Federal Contract Tower,0,9,40,0,49,0,0,45,15,60,0,9,85,15,109,200,36,236,345
03/22/2007,SDM,CA,AWP,WE,Federal Contract Tower,0,5,44,0,49,0,0,76,30,106,0,5,120,30,155,301,45,346,501
03/23/2007,SDM,CA,AWP,WE,Federal Contract Tower,0,4,28,2,34,0,3,89,18,110,0,7,117,20,144,294,0,294,438
03/24/2007,SDM,CA,AWP,WE,Federal Contract Tower,0,3,39,0,42,0,2,85,2,89,0,5,124,2,131,276,6,282,413
03/25/2007,SDM,CA,AWP,WE,Federal Contract Tower,0,4,53,0,57,0,0,79,0,79,0,4,132,0,136,340,0,340,476
03/26/2007,SDM,CA,AWP,WE,Federal Contract Tower,0,6,36,0,42,0,0,13,8,21,0,6,49,8,63,40,14,54,117
03/27/2007,SDM,CA,AWP,WE,Federal Contract Tower,0,5,15,1,21,0,1,13,8,22,0,6,28,9,43,0,8,8,51
03/28/2007,SDM,CA,AWP,WE,Federal Contract Tower,0,8,30,0,38,0,0,90,0,90,0,8,120,0,128,360,4,364,492
03/29/2007,SDM,CA,AWP,WE,Federal Contract Tower,0,15,41,0,56,0,5,89,20,114,0,20,130,20,170,290,10,300,470
03/30/2007,SDM,CA,AWP,WE,Federal Contract Tower,0,10,32,0,42,0,0,93,20,113,0,10,125,20,155,330,0,330,485
03/31/2007,SDM,CA,AWP,WE,Federal Contract Tower,0,9,33,0,42,0,0,111,4,115,0,9,144,4,157,308,0,308,465
04/01/2007,SDM,CA,AWP,WE,Federal Contract Tower,0,13,40,1,54,0,0,102,0,102,0,13,142,1,156,220,0,220,376
04/02/2007,SDM,CA,AWP,WE,Federal Contract Tower,0,7,49,0,56,0,0,27,11,38,0,7,76,11,94,204,6,210,304
04/03/2007,SDM,CA,AWP,WE,Federal Contract Tower,0,2,26,2,30,0,2,94,23,119,0,4,120,25,149,275,42,317,466
04/04/2007,SDM,CA,AWP,WE,Federal Contract Tower,0,6,25,1,32,0,9,95,25,129,0,15,120,26,161,240,15,255,416
04/05/2007,SDM,CA,AWP,WE,Federal Contract Tower,0,5,33,5,43,0,0,57,25,82,0,5,90,30,125,125,30,155,280
04/06/2007,SDM,CA,AWP,WE,Federal Contract Tower,0,8,47,0,55,0,0,53,15,68,0,8,100,15,123,160,0,160,283
04/07/2007,SDM,CA,AWP,WE,Federal Contract Tower,0,7,34,1,42,0,0,53,0,53,0,7,87,1,95,45,4,49,144
04/08/2007,SDM,CA,AWP,WE,Federal Contract Tower,0,8,55,0,63,0,0,9,0,9,0,8,64,0,72,0,0,0,72
04/09/2007,SDM,CA,AWP,WE,Federal Contract Tower,0,14,50,0,64,0,0,22,17,39,0,14,72,17,103,116,40,156,259
04/10/2007,SDM,CA,AWP,WE,Federal Contract Tower,0,10,25,1,36,0,10,120,29,159,0,20,145,30,195,280,20,300,495
04/11/2007,SDM,CA,AWP,WE,Federal Contract Tower,0,6,24,1,31,0,0,106,27,133,0,6,130,28,164,250,0,250,414
04/12/2007,SDM,CA,AWP,WE,Federal Contract Tower,0,7,30,3,40,0,2,50,22,74,0,9,80,25,114,75,0,75,189
04/13/2007,SDM,CA,AWP,WE,Federal Contract Tower,0,8,49,0,57,0,4,131,20,155,0,12,180,20,212,430,10,440,652
04/14/2007,SDM,CA,AWP,WE,Federal Contract Tower,0,13,46,0,59,0,9,165,0,174,0,22,211,0,233,317,16,333,566
04/15/2007,SDM,CA,AWP,WE,Federal Contract Tower,0,20,47,0,67,0,0,42,1,43,0,20,89,1,110,38,0,38,148
04/16/2007,SDM,CA,AWP,WE,Federal Contract Tower,0,10,35,0,45,0,0,27,16,43,0,10,62,16,88,176,8,184,272
04/17/2007,SDM,CA,AWP,WE,Federal Contract Tower,0,7,32,2,41,0,8,88,23,119,0,15,120,25,160,170,70,240,400
04/18/2007,SDM,CA,AWP,WE,Federal Contract Tower,0,6,22,1,29,0,1,58,34,93,0,7,80,35,122,95,4,99,221
04/19/2007,SDM,CA,AWP,WE,Federal Contract Tower,0,6,30,1,37,0,0,70,29,99,0,6,100,30,136,395,34,429,565
04/20/2007,SDM,CA,AWP,WE,Federal Contract Tower,0,2,25,0,27,0,0,20,16,36,0,2,45,16,63,44,0,44,107
04/21/2007,SDM,CA,AWP,WE,Federal Contract Tower,0,5,20,1,26,0,1,94,5,100,0,6,114,6,126,232,0,232,358
04/22/2007,SDM,CA,AWP,WE,Federal Contract Tower,0,10,42,1,53,0,2,39,2,43,0,12,81,3,96,102,2,104,200
04/23/2007,SDM,CA,AWP,WE,Federal Contract Tower,0,4,29,0,33,0,0,31,22,53,0,4,60,22,86,194,16,210,296
04/24/2007,SDM,CA,AWP,WE,Federal Contract Tower,0,7,31,0,38,0,0,138,25,163,0,7,169,25,201,340,30,370,571
04/25/2007,SDM,CA,AWP,WE,Federal Contract Tower,0,12,43,1,56,0,0,97,34,131,0,12,140,35,187,520,46,566,753
04/26/2007,SDM,CA,AWP,WE,Federal Contract Tower,0,5,35,0,40,0,0,90,40,130,0,5,125,40,170,300,10,310,480
04/27/2007,SDM,CA,AWP,WE,Federal Contract Tower,0,5,33,3,41,0,0,82,9,91,0,5,115,12,132,396,4,400,532
04/28/2007,SDM,CA,AWP,WE,Federal Contract Tower,0,9,24,0,33,0,6,72,0,78,0,15,96,0,111,172,0,172,283
04/29/2007,SDM,CA,AWP,WE,Federal Contract Tower,0,15,45,3,63,0,0,41,2,43,0,15,86,5,106,100,0,100,206
04/30/2007,SDM,CA,AWP,WE,Federal Contract Tower,0,1,25,0,26,0,0,38,19,57,0,1,63,19,83,298,38,336,419
05/01/2007,SDM,CA,AWP,WE,Federal Contract Tower,0,5,10,1,16,0,0,25,4,29,0,5,35,5,45,45,30,75,120
05/02/2007,SDM,CA,AWP,WE,Federal Contract Tower,0,6,34,1,41,0,0,86,24,110,0,6,120,25,151,315,10,325,476
05/03/2007,SDM,CA,AWP,WE,Federal Contract Tower,0,6,25,2,33,0,0,65,38,103,0,6,90,40,136,265,14,279,415
05/04/2007,SDM,CA,AWP,WE,Federal Contract Tower,1,1,21,0,23,1,1,50,7,59,2,2,71,7,82,255,0,255,337
05/05/2007,SDM,CA,AWP,WE,Federal Contract Tower,0,5,25,2,32,0,7,90,8,105,0,12,115,10,137,276,2,278,415
05/06/2007,SDM,CA,AWP,WE,Federal Contract Tower,0,7,38,0,45,0,0,99,0,99,0,7,137,0,144,123,0,123,267
05/07/2007,SDM,CA,AWP,WE,Federal Contract Tower,0,9,23,0,32,0,0,75,7,82,0,9,98,7,114,294,22,316,430
05/08/2007,SDM,CA,AWP,WE,Federal Contract Tower,0,4,13,0,17,0,4,85,30,119,0,8,98,30,136,380,8,388,524
05/09/2007,SDM,CA,AWP,WE,Federal Contract Tower,0,4,24,0,28,0,0,96,36,132,0,4,120,36,160,350,20,370,530
05/10/2007,SDM,CA,AWP,WE,Federal Contract Tower,0,5,30,0,35,0,0,100,10,110,0,5,130,10,145,365,10,375,520
05/11/2007,SDM,CA,AWP,WE,Federal Contract Tower,0,10,28,0,38,0,1,97,22,120,0,11,125,22,158,445,14,459,617
05/12/2007,SDM,CA,AWP,WE,Federal Contract Tower,0,7,32,0,39,0,0,151,5,156,0,7,183,5,195,318,25,343,538
05/13/2007,SDM,CA,AWP,WE,Federal Contract Tower,0,16,22,1,39,0,0,67,5,72,0,16,89,6,111,134,0,134,245
05/14/2007,SDM,CA,AWP,WE,Federal Contract Tower,0,3,32,0,35,0,0,46,15,61,0,3,78,15,96,308,28,336,432
05/15/2007,SDM,CA,AWP,WE,Federal Contract Tower,0,5,30,0,35,0,1,60,40,101,0,6,90,40,136,196,26,222,358
05/16/2007,SDM,CA,AWP,WE,Federal Contract Tower,0,4,28,2,34,0,2,67,26,95,0,6,95,28,129,180,14,194,323
05/17/2007,SDM,CA,AWP,WE,Federal Contract Tower,0,8,30,0,38,0,0,90,25,115,0,8,120,25,153,250,0,250,403
05/18/2007,SDM,CA,AWP,WE,Federal Contract Tower,0,10,41,3,54,0,1,56,13,70,0,11,97,16,124,123,0,123,247
05/19/2007,SDM,CA,AWP,WE,Federal Contract Tower,0,8,22,0,30,0,0,75,6,81,0,8,97,6,111,206,22,228,339
05/20/2007,SDM,CA,AWP,WE,Federal Contract Tower,0,15,40,0,55,0,0,76,1,77,0,15,116,1,132,140,0,140,272
05/21/2007,SDM,CA,AWP,WE,Federal Contract Tower,0,4,28,0,32,0,0,21,11,32,0,4,49,11,64,140,24,164,228
05/22/2007,SDM,CA,AWP,WE,Federal Contract Tower,0,8,24,0,32,0,2,61,25,88,0,10,85,25,120,250,40,290,410
05/23/2007,SDM,CA,AWP,WE,Federal Contract Tower,0,8,35,0,43,0,1,90,35,126,0,9,125,35,169,226,34,260,429
05/24/2007,SDM,CA,AWP,WE,Federal Contract Tower,0,10,43,1,54,0,2,77,36,115,0,12,120,37,169,195,20,215,384
05/25/2007,SDM,CA,AWP,WE,Federal Contract Tower,0,9,45,0,54,0,0,55,4,59,0,9,100,4,113,225,0,225,338
05/26/2007,SDM,CA,AWP,WE,Federal Contract Tower,0,6,22,0,28,0,0,92,0,92,0,6,114,0,120,234,0,234,354
05/27/2007,SDM,CA,AWP,WE,Federal Contract Tower,0,3,15,0,18,0,2,48,0,50,0,5,63,0,68,88,0,88,156
05/28/2007,SDM,CA,AWP,WE,Federal Contract Tower,0,12,58,0,70,0,2,87,9,98,0,14,145,9,168,224,0,224,392
05/29/2007,SDM,CA,AWP,WE,Federal Contract Tower,0,5,38,4,47,0,0,102,25,127,0,5,140,29,174,250,0,250,424
05/30/2007,SDM,CA,AWP,WE,Federal Contract Tower,0,5,27,0,32,0,1,93,20,114,0,6,120,20,146,370,0,370,516
05/31/2007,SDM,CA,AWP,WE,Federal Contract Tower,0,5,27,0,32,0,0,113,40,153,0,5,140,40,185,320,12,332,517
06/01/2007,SDM,CA,AWP,WE,Federal Contract Tower,0,8,40,1,49,0,0,63,10,73,0,8,103,11,122,320,37,357,479
06/02/2007,SDM,CA,AWP,WE,Federal Contract Tower,0,7,16,0,23,0,0,57,7,64,0,7,73,7,87,118,14,132,219
06/03/2007,SDM,CA,AWP,WE,Federal Contract Tower,0,10,49,1,60,0,2,147,0,149,0,12,196,1,209,276,0,276,485
06/04/2007,SDM,CA,AWP,WE,Federal Contract Tower,0,1,25,0,26,0,0,37,6,43,0,1,62,6,69,202,42,244,313
06/05/2007,SDM,CA,AWP,WE,Federal Contract Tower,0,9,16,1,26,0,0,94,38,132,0,9,110,39,158,225,38,263,421
06/06/2007,SDM,CA,AWP,WE,Federal Contract Tower,0,5,27,3,35,0,2,93,22,117,0,7,120,25,152,248,0,248,400
06/07/2007,SDM,CA,AWP,WE,Federal Contract Tower,0,4,11,2,17,0,0,109,37,146,0,4,120,39,163,440,22,462,625
06/08/2007,SDM,CA,AWP,WE,Federal Contract Tower,0,6,27,3,36,0,0,70,31,101,0,6,97,34,137,315,0,315,452
06/09/2007,SDM,CA,AWP,WE,Federal Contract Tower,0,2,21,1,24,0,0,111,3,114,0,2,132,4,138,284,12,296,434
06/10/2007,SDM,CA,AWP,WE,Federal Contract Tower,0,2,37,0,39,0,0,79,1,80,0,2,116,1,119,362,16,378,497
06/11/2007,SDM,CA,AWP,WE,Federal Contract Tower,0,3,38,0,41,0,2,43,19,64,0,5,81,19,105,236,0,236,341
06/12/2007,SDM,CA,AWP,WE,Federal Contract Tower,0,7,18,2,27,0,2,107,32,141,0,9,125,34,168,425,30,455,623
06/13/2007,SDM,CA,AWP,WE,Federal Contract Tower,0,3,11,0,14,0,0,109,9,118,0,3,120,9,132,430,34,464,596
06/14/2007,SDM,CA,AWP,WE,Federal Contract Tower,0,3,14,0,17,0,0,11,22,33,0,3,25,22,50,440,0,440,490
06/15/2007,SDM,CA,AWP,WE,Federal Contract Tower,0,6,15,3,24,0,2,77,22,101,0,8,92,25,125,278,0,278,403
06/16/2007,SDM,CA,AWP,WE,Federal Contract Tower,0,3,15,0,18,0,0,79,0,79,0,3,94,0,97,138,0,138,235
06/17/2007,SDM,CA,AWP,WE,Federal Contract Tower,0,8,33,0,41,0,0,82,0,82,0,8,115,0,123,124,0,124,247
06/18/2007,SDM,CA,AWP,WE,Federal Contract Tower,0,4,26,1,31,0,0,31,13,44,0,4,57,14,75,310,4,314,389
06/19/2007,SDM,CA,AWP,WE,Federal Contract Tower,0,7,33,0,40,0,0,67,20,87,0,7,100,20,127,345,0,345,472
06/20/2007,SDM,CA,AWP,WE,Federal Contract Tower,0,8,27,0,35,0,0,113,29,142,0,8,140,29,177,400,0,400,577
06/21/2007,SDM,CA,AWP,WE,Federal Contract Tower,0,11,26,2,39,0,3,95,28,126,0,14,121,30,165,328,44,372,537
06/22/2007,SDM,CA,AWP,WE,Federal Contract Tower,0,5,31,2,38,0,3,71,6,80,0,8,102,8,118,248,0,248,366
06/23/2007,SDM,CA,AWP,WE,Federal Contract Tower,0,7,21,0,28,0,5,96,0,101,0,12,117,0,129,358,0,358,487
06/24/2007,SDM,CA,AWP,WE,Federal Contract Tower,0,8,52,2,62,0,0,53,0,53,0,8,105,2,115,274,0,274,389
06/25/2007,SDM,CA,AWP,WE,Federal Contract Tower,0,6,30,0,36,0,2,26,8,36,0,8,56,8,72,334,0,334,406
06/26/2007,SDM,CA,AWP,WE,Federal Contract Tower,0,5,19,0,24,0,3,101,26,130,0,8,120,26,154,300,4,304,458
06/27/2007,SDM,CA,AWP,WE,Federal Contract Tower,0,4,27,1,32,0,0,58,14,72,0,4,85,15,104,270,4,274,378
06/28/2007,SDM,CA,AWP,WE,Federal Contract Tower,0,3,26,0,29,0,0,65,14,79,0,3,91,14,108,405,0,405,513
06/29/2007,SDM,CA,AWP,WE,Federal Contract Tower,0,12,34,2,48,0,0,71,1,72,0,12,105,3,120,336,0,336,456
06/30/2007,SDM,CA,AWP,WE,Federal Contract Tower,0,8,21,0,29,0,1,74,0,75,0,9,95,0,104,282,4,286,390
07/01/2007,SDM,CA,AWP,WE,Federal Contract Tower,0,4,35,0,39,0,0,96,1,97,0,4,131,1,136,232,0,232,368
07/02/2007,SDM,CA,AWP,WE,Federal Contract Tower,0,6,32,0,38,0,0,45,0,45,0,6,77,0,83,464,0,464,547
07/03/2007,SDM,CA,AWP,WE,Federal Contract Tower,0,6,30,0,36,0,1,100,20,121,0,7,130,20,157,420,0,420,577
07/04/2007,SDM,CA,AWP,WE,Federal Contract Tower,0,11,12,0,23,0,3,83,5,91,0,14,95,5,114,138,0,138,252
07/05/2007,SDM,CA,AWP,WE,Federal Contract Tower,0,13,36,0,49,0,0,84,10,94,0,13,120,10,143,160,0,160,303
07/06/2007,SDM,CA,AWP,WE,Federal Contract Tower,0,2,28,2,32,0,0,85,4,89,0,2,113,6,121,347,0,347,468
07/07/2007,SDM,CA,AWP,WE,Federal Contract Tower,0,6,17,3,26,0,0,93,0,93,0,6,110,3,119,350,2,352,471
07/08/2007,SDM,CA,AWP,WE,Federal Contract Tower,0,11,25,0,36,0,0,58,0,58,0,11,83,0,94,160,0,160,254
07/09/2007,SDM,CA,AWP,WE,Federal Contract Tower,0,7,20,0,27,0,2,55,10,67,0,9,75,10,94,210,68,278,372
07/10/2007,SDM,CA,AWP,WE,Federal Contract Tower,0,5,23,0,28,0,1,52,25,78,0,6,75,25,106,330,74,404,510
07/11/2007,SDM,CA,AWP,WE,Federal Contract Tower,0,2,37,0,39,0,1,88,20,109,0,3,125,20,148,360,0,360,508
07/12/2007,SDM,CA,AWP,WE,Federal Contract Tower,0,9,25,2,36,0,0,95,32,127,0,9,120,34,163,420,40,460,623
07/13/2007,SDM,CA,AWP,WE,Federal Contract Tower,0,11,33,2,46,0,0,92,23,115,0,11,125,25,161,602,0,602,763
07/14/2007,SDM,CA,AWP,WE,Federal Contract Tower,0,6,15,0,21,0,1,149,0,150,0,7,164,0,171,390,0,390,561
07/15/2007,SDM,CA,AWP,WE,Federal Contract Tower,0,11,37,0,48,0,0,95,3,98,0,11,132,3,146,342,0,342,488
07/16/2007,SDM,CA,AWP,WE,Federal Contract Tower,0,4,18,1,23,0,0,28,7,35,0,4,46,8,58,344,0,344,402
07/17/2007,SDM,CA,AWP,WE,Federal Contract Tower,0,3,34,1,38,0,0,61,24,85,0,3,95,25,123,440,0,440,563
07/18/2007,SDM,CA,AWP,WE,Federal Contract Tower,0,8,26,1,35,0,0,114,29,143,0,8,140,30,178,546,6,552,730
07/19/2007,SDM,CA,AWP,WE,Federal Contract Tower,0,7,26,0,33,0,0,100,15,115,0,7,126,15,148,390,12,402,550
07/20/2007,SDM,CA,AWP,WE,Federal Contract Tower,0,12,27,1,40,0,0,83,23,106,0,12,110,24,146,220,14,234,380
07/21/2007,SDM,CA,AWP,WE,Federal Contract Tower,0,3,17,0,20,0,0,90,2,92,0,3,107,2,112,307,0,307,419
07/22/2007,SDM,CA,AWP,WE,Federal Contract Tower,0,5,25,0,30,0,0,80,3,83,0,5,105,3,113,274,0,274,387
07/23/2007,SDM,CA,AWP,WE,Federal Contract Tower,0,5,30,0,35,0,0,37,12,49,0,5,67,12,84,364,0,364,448
07/24/2007,SDM,CA,AWP,WE,Federal Contract Tower,0,6,26,0,32,0,0,26,14,40,0,6,52,14,72,590,10,600,672
07/25/2007,SDM,CA,AWP,WE,Federal Contract Tower,0,1,23,0,24,0,0,62,20,82,0,1,85,20,106,406,20,426,532
07/26/2007,SDM,CA,AWP,WE,Federal Contract Tower,0,10,28,0,38,0,1,67,20,88,0,11,95,20,126,375,20,395,521
07/27/2007,SDM,CA,AWP,WE,Federal Contract Tower,0,7,23,2,32,0,0,81,6,87,0,7,104,8,119,561,0,561,680
07/28/2007,SDM,CA,AWP,WE,Federal Contract Tower,0,3,18,0,21,0,0,96,1,97,0,3,114,1,118,450,0,450,568
07/29/2007,SDM,CA,AWP,WE,Federal Contract Tower,0,12,35,0,47,0,0,69,4,73,0,12,104,4,120,314,0,314,434
07/30/2007,SDM,CA,AWP,WE,Federal Contract Tower,0,6,16,1,23,0,0,40,6,46,0,6,56,7,69,314,16,330,399
07/31/2007,SDM,CA,AWP,WE,Federal Contract Tower,0,8,30,0,38,0,0,90,10,100,0,8,120,10,138,340,24,364,502
08/01/2007,SDM,CA,AWP,WE,Federal Contract Tower,0,1,32,0,33,0,0,38,22,60,0,1,70,22,93,286,62,348,441
08/02/2007,SDM,CA,AWP,WE,Federal Contract Tower,0,3,25,0,28,0,0,39,26,65,0,3,64,26,93,408,20,428,521
08/03/2007,SDM,CA,AWP,WE,Federal Contract Tower,0,9,31,0,40,0,6,95,1,102,0,15,126,1,142,400,0,400,542
08/04/2007,SDM,CA,AWP,WE,Federal Contract Tower,0,9,20,0,29,0,2,94,0,96,0,11,114,0,125,414,0,414,539
08/05/2007,SDM,CA,AWP,WE,Federal Contract Tower,0,7,28,1,36,0,2,76,5,83,0,9,104,6,119,266,0,266,385
08/06/2007,SDM,CA,AWP,WE,Federal Contract Tower,0,10,21,0,31,0,3,58,10,71,0,13,79,10,102,386,2,388,490
08/07/2007,SDM,CA,AWP,WE,Federal Contract Tower,0,8,19,1,28,0,0,111,19,130,0,8,130,20,158,540,0,540,698
08/08/2007,SDM,CA,AWP,WE,Federal Contract Tower,0,2,21,0,23,0,0,90,25,115,0,2,111,25,138,274,2,276,414
08/09/2007,SDM,CA,AWP,WE,Federal Contract Tower,0,2,34,4,40,0,0,30,22,52,0,2,64,26,92,386,0,386,478
08/10/2007,SDM,CA,AWP,WE,Federal Contract Tower,0,7,20,1,28,0,3,77,8,88,0,10,97,9,116,321,0,321,437
08/11/2007,SDM,CA,AWP,WE,Federal Contract Tower,0,1,20,0,21,0,3,100,0,103,0,4,120,0,124,293,0,293,417
08/12/2007,SDM,CA,AWP,WE,Federal Contract Tower,0,12,22,1,35,0,5,75,0,80,0,17,97,1,115,379,0,379,494
08/13/2007,SDM,CA,AWP,WE,Federal Contract Tower,0,4,36,0,40,0,0,65,14,79,0,4,101,14,119,490,16,506,625
08/14/2007,SDM,CA,AWP,WE,Federal Contract Tower,0,5,28,0,33,0,16,96,17,129,0,21,124,17,162,449,21,470,632
08/15/2007,SDM,CA,AWP,WE,Federal Contract Tower,0,7,22,0,29,0,7,106,11,124,0,14,128,11,153,532,18,550,703
08/16/2007,SDM,CA,AWP,WE,Federal Contract Tower,0,6,18,0,24,0,0,101,20,121,0,6,119,20,145,634,11,645,790
08/17/2007,SDM,CA,AWP,WE,Federal Contract Tower,0,9,18,0,27,0,24,102,0,126,0,33,120,0,153,534,0,534,687
08/18/2007,SDM,CA,AWP,WE,Federal Contract Tower,0,2,16,0,18,0,15,155,0,170,0,17,171,0,188,442,26,468,656
08/19/2007,SDM,CA,AWP,WE,Federal Contract Tower,0,6,24,2,32,0,14,69,0,83,0,20,93,2,115,211,38,249,364
08/20/2007,SDM,CA,AWP,WE,Federal Contract Tower,0,9,28,0,37,0,10,65,5,80,0,19,93,5,117,476,0,476,593
08/21/2007,SDM,CA,AWP,WE,Federal Contract Tower,0,5,11,0,16,0,5,88,19,112,0,10,99,19,128,448,58,506,634
08/22/2007,SDM,CA,AWP,WE,Federal Contract Tower,0,3,28,0,31,0,6,87,13,106,0,9,115,13,137,210,4,214,351
08/23/2007,SDM,CA,AWP,WE,Federal Contract Tower,0,7,34,0,41,0,0,73,2,75,0,7,107,2,116,434,0,434,550
08/24/2007,SDM,CA,AWP,WE,Federal Contract Tower,0,7,22,1,30,0,12,91,11,114,0,19,113,12,144,384,0,384,528
08/25/2007,SDM,CA,AWP,WE,Federal Contract Tower,0,1,29,2,32,0,3,123,2,128,0,4,152,4,160,228,0,228,388
08/26/2007,SDM,CA,AWP,WE,Federal Contract Tower,0,4,18,1,23,0,2,66,4,72,0,6,84,5,95,212,0,212,307
08/27/2007,SDM,CA,AWP,WE,Federal Contract Tower,0,4,18,0,22,0,0,61,10,71,0,4,79,10,93,400,0,400,493
08/28/2007,SDM,CA,AWP,WE,Federal Contract Tower,0,1,16,0,17,0,1,77,18,96,0,2,93,18,113,452,6,458,571
08/29/2007,SDM,CA,AWP,WE,Federal Contract Tower,0,1,36,0,37,0,1,149,11,161,0,2,185,11,198,544,6,550,748
08/30/2007,SDM,CA,AWP,WE,Federal Contract Tower,0,4,17,0,21,0,1,87,5,93,0,5,104,5,114,502,0,502,616
08/31/2007,SDM,CA,AWP,WE,Federal Contract Tower,0,6,33,2,41,0,1,116,5,122,0,7,149,7,163,366,0,366,529
09/01/2007,SDM,CA,AWP,WE,Federal Contract Tower,1,4,15,0,20,1,2,121,1,125,2,6,136,1,145,291,0,291,436
09/02/2007,SDM,CA,AWP,WE,Federal Contract Tower,0,5,15,0,20,0,3,55,0,58,0,8,70,0,78,194,0,194,272
09/03/2007,SDM,CA,AWP,WE,Federal Contract Tower,0,4,25,2,31,0,4,108,8,120,0,8,133,10,151,236,0,236,387
09/04/2007,SDM,CA,AWP,WE,Federal Contract Tower,0,4,11,0,15,0,1,114,22,137,0,5,125,22,152,499,4,503,655
09/05/2007,SDM,CA,AWP,WE,Federal Contract Tower,0,3,20,2,25,0,4,115,25,144,0,7,135,27,169,404,0,404,573
09/06/2007,SDM,CA,AWP,WE,Federal Contract Tower,0,4,11,1,16,0,6,95,18,119,0,10,106,19,135,404,24,428,563
09/07/2007,SDM,CA,AWP,WE,Federal Contract Tower,0,9,16,1,26,0,10,106,11,127,0,19,122,12,153,339,0,339,492
09/08/2007,SDM,CA,AWP,WE,Federal Contract Tower,0,3,16,0,19,0,2,92,0,94,0,5,108,0,113,276,0,276,389
09/09/2007,SDM,CA,AWP,WE,Federal Contract Tower,0,3,19,0,22,0,0,85,0,85,0,3,104,0,107,154,0,154,261
09/10/2007,SDM,CA,AWP,WE,Federal Contract Tower,0,0,13,0,13,0,3,65,7,75,0,3,78,7,88,414,6,420,508
09/11/2007,SDM,CA,AWP,WE,Federal Contract Tower,0,4,16,0,20,0,0,110,35,145,0,4,126,35,165,441,4,445,610
09/12/2007,SDM,CA,AWP,WE,Federal Contract Tower,0,2,19,0,21,0,3,121,12,136,0,5,140,12,157,526,6,532,689
09/13/2007,SDM,CA,AWP,WE,Federal Contract Tower,0,4,31,0,35,0,4,110,16,130,0,8,141,16,165,468,20,488,653
09/14/2007,SDM,CA,AWP,WE,Federal Contract Tower,0,8,32,0,40,0,2,83,6,91,0,10,115,6,131,408,0,408,539
09/15/2007,SDM,CA,AWP,WE,Federal Contract Tower,0,7,15,0,22,0,5,119,1,125,0,12,134,1,147,377,0,377,524
09/16/2007,SDM,CA,AWP,WE,Federal Contract Tower,0,2,26,0,28,0,0,103,0,103,0,2,129,0,131,218,0,218,349
09/17/2007,SDM,CA,AWP,WE,Federal Contract Tower,0,11,24,0,35,0,0,119,4,123,0,11,143,4,158,374,0,374,532
09/18/2007,SDM,CA,AWP,WE,Federal Contract Tower,0,5,23,0,28,0,0,181,16,197,0,5,204,16,225,490,18,508,733
09/19/2007,SDM,CA,AWP,WE,Federal Contract Tower,0,9,18,0,27,0,1,112,6,119,0,10,130,6,146,322,0,322,468
09/20/2007,SDM,CA,AWP,WE,Federal Contract Tower,0,0,27,0,27,0,0,183,4,187,0,0,210,4,214,285,2,287,501
09/21/2007,SDM,CA,AWP,WE,Federal Contract Tower,0,3,25,4,32,0,2,134,4,140,0,5,159,8,172,178,0,178,350
09/22/2007,SDM,CA,AWP,WE,Federal Contract Tower,0,4,20,0,24,0,4,152,1,157,0,8,172,1,181,91,0,91,272
09/23/2007,SDM,CA,AWP,WE,Federal Contract Tower,0,6,31,2,39,0,8,154,0,162,0,14,185,2,201,329,20,349,550
09/24/2007,SDM,CA,AWP,WE,Federal Contract Tower,0,8,15,3,26,0,0,70,14,84,0,8,85,17,110,304,8,312,422
09/25/2007,SDM,CA,AWP,WE,Federal Contract Tower,0,0,36,2,38,0,1,90,12,103,0,1,126,14,141,436,0,436,577
09/26/2007,SDM,CA,AWP,WE,Federal Contract Tower,0,6,24,1,31,0,4,155,10,169,0,10,179,11,200,456,0,456,656
09/27/2007,SDM,CA,AWP,WE,Federal Contract Tower,0,16,32,2,50,0,12,140,19,171,0,28,172,21,221,192,4,196,417
09/28/2007,SDM,CA,AWP,WE,Federal Contract Tower,0,9,27,0,36,0,11,89,9,109,0,20,116,9,145,202,0,202,347
09/29/2007,SDM,CA,AWP,WE,Federal Contract Tower,0,5,27,1,33,0,10,136,1,147,0,15,163,2,180,242,0,242,422
09/30/2007,SDM,CA,AWP,WE,Federal Contract Tower,0,5,31,0,36,0,0,143,0,143,0,5,174,0,179,340,0,340,519
10/01/2007,SDM,CA,AWP,WE,Federal Contract Tower,0,3,26,0,29,0,0,113,21,134,0,3,139,21,163,316,6,322,485
10/02/2007,SDM,CA,AWP,WE,Federal Contract Tower,0,0,21,0,21,0,0,79,19,98,0,0,100,19,119,262,0,262,381
10/03/2007,SDM,CA,AWP,WE,Federal Contract Tower,0,8,28,1,37,0,7,120,19,146,0,15,148,20,183,312,8,320,503
10/04/2007,SDM,CA,AWP,WE,Federal Contract Tower,0,1,32,1,34,0,0,68,34,102,0,1,100,35,136,232,30,262,398
10/05/2007,SDM,CA,AWP,WE,Federal Contract Tower,0,8,26,0,34,0,9,72,6,87,0,17,98,6,121,230,0,230,351
10/06/2007,SDM,CA,AWP,WE,Federal Contract Tower,0,12,27,0,39,0,13,147,0,160,0,25,174,0,199,208,0,208,407
10/07/2007,SDM,CA,AWP,WE,Federal Contract Tower,0,13,33,0,46,0,14,93,0,107,0,27,126,0,153,136,0,136,289
10/08/2007,SDM,CA,AWP,WE,Federal Contract Tower,0,5,30,0,35,0,1,67,5,73,0,6,97,5,108,316,0,316,424
10/09/2007,SDM,CA,AWP,WE,Federal Contract Tower,0,5,34,0,39,0,0,115,21,136,0,5,149,21,175,388,0,388,563
10/10/2007,SDM,CA,AWP,WE,Federal Contract Tower,0,6,18,1,25,0,5,91,13,109,0,11,109,14,134,332,2,334,468
10/11/2007,SDM,CA,AWP,WE,Federal Contract Tower,0,3,31,5,39,0,5,140,11,156,0,8,171,16,195,358,16,374,569
10/12/2007,SDM,CA,AWP,WE,Federal Contract Tower,0,12,30,1,43,0,15,113,12,140,0,27,143,13,183,256,12,268,451
10/13/2007,SDM,CA,AWP,WE,Federal Contract Tower,0,7,36,0,43,0,8,77,0,85,0,15,113,0,128,98,0,98,226
10/14/2007,SDM,CA,AWP,WE,Federal Contract Tower,0,9,24,0,33,0,0,106,0,106,0,9,130,0,139,158,0,158,297
10/15/2007,SDM,CA,AWP,WE,Federal Contract Tower,0,10,29,4,43,0,0,21,4,25,0,10,50,8,68,98,16,114,182
10/17/2007,SDM,CA,AWP,WE,Federal Contract Tower,0,1,24,1,26,0,1,47,5,53,0,2,71,6,79,108,6,114,193
10/18/2007,SDM,CA,AWP,WE,Federal Contract Tower,0,3,38,0,41,0,6,164,21,191,0,9,202,21,232,424,0,424,656
10/19/2007,SDM,CA,AWP,WE,Federal Contract Tower,0,6,31,2,39,0,8,112,12,132,0,14,143,14,171,366,12,378,549
10/20/2007,SDM,CA,AWP,WE,Federal Contract Tower,0,4,36,0,40,0,9,150,2,161,0,13,186,2,201,294,36,330,531
10/21/2007,SDM,CA,AWP,WE,Federal Contract Tower,0,10,56,0,66,0,13,157,4,174,0,23,213,4,240,96,0,96,336
10/22/2007,SDM,CA,AWP,WE,Federal Contract Tower,0,17,14,0,31,0,18,33,0,51,0,35,47,0,82,0,0,0,82
10/23/2007,SDM,CA,AWP,WE,Federal Contract Tower,0,3,9,0,12,0,11,44,0,55,0,14,53,0,67,0,0,0,67
10/24/2007,SDM,CA,AWP,WE,Federal Contract Tower,0,10,13,0,23,0,18,90,5,113,0,28,103,5,136,0,0,0,136
10/25/2007,SDM,CA,AWP,WE,Federal Contract Tower,0,2,9,0,11,0,0,83,4,87,0,2,92,4,98,44,0,44,142
10/26/2007,SDM,CA,AWP,WE,Federal Contract Tower,0,8,15,0,23,0,6,65,7,78,0,14,80,7,101,294,0,294,395
10/27/2007,SDM,CA,AWP,WE,Federal Contract Tower,0,5,32,0,37,0,6,126,0,132,0,11,158,0,169,390,0,390,559
10/28/2007,SDM,CA,AWP,WE,Federal Contract Tower,0,3,23,0,26,0,15,103,0,118,0,18,126,0,144,284,0,284,428
10/29/2007,SDM,CA,AWP,WE,Federal Contract Tower,0,6,26,0,32,0,8,45,9,62,0,14,71,9,94,378,18,396,490
10/30/2007,SDM,CA,AWP,WE,Federal Contract Tower,0,8,21,2,31,0,2,73,10,85,0,10,94,12,116,346,22,368,484
10/31/2007,SDM,CA,AWP,WE,Federal Contract Tower,0,1,18,0,19,0,1,65,11,77,0,2,83,11,96,265,8,273,369
11/01/2007,SDM,CA,AWP,WE,Federal Contract Tower,0,6,32,2,40,0,0,28,9,37,0,6,60,11,77,14,42,56,133
11/02/2007,SDM,CA,AWP,WE,Federal Contract Tower,0,5,24,0,29,0,2,67,11,80,0,7,91,11,109,114,2,116,225
11/03/2007,SDM,CA,AWP,WE,Federal Contract Tower,0,3,18,0,21,0,8,96,5,109,0,11,114,5,130,200,14,214,344
11/04/2007,SDM,CA,AWP,WE,Federal Contract Tower,0,5,28,0,33,0,5,49,5,59,0,10,77,5,92,164,0,164,256
11/05/2007,SDM,CA,AWP,WE,Federal Contract Tower,0,12,26,4,42,0,2,10,10,22,0,14,36,14,64,60,53,113,177
11/06/2007,SDM,CA,AWP,WE,Federal Contract Tower,0,2,37,0,39,0,9,62,9,80,0,11,99,9,119,78,40,118,237
11/07/2007,SDM,CA,AWP,WE,Federal Contract Tower,0,11,27,0,38,0,1,28,9,38,0,12,55,9,76,108,16,124,200
11/08/2007,SDM,CA,AWP,WE,Federal Contract Tower,0,3,46,0,49,0,0,40,6,46,0,3,86,6,95,92,4,96,191
11/09/2007,SDM,CA,AWP,WE,Federal Contract Tower,0,8,34,0,42,0,0,34,4,38,0,8,68,4,80,176,0,176,256
11/10/2007,SDM,CA,AWP,WE,Federal Contract Tower,0,11,21,0,32,0,2,88,0,90,0,13,109,0,122,456,0,456,578
11/11/2007,SDM,CA,AWP,WE,Federal Contract Tower,0,7,38,0,45,0,1,55,5,61,0,8,93,5,106,328,0,328,434
11/12/2007,SDM,CA,AWP,WE,Federal Contract Tower,0,11,33,0,44,0,5,82,12,99,0,16,115,12,143,475,0,475,618
11/13/2007,SDM,CA,AWP,WE,Federal Contract Tower,0,7,43,0,50,0,10,93,18,121,0,17,136,18,171,412,8,420,591
11/14/2007,SDM,CA,AWP,WE,Federal Contract Tower,0,4,45,1,50,0,3,103,25,131,0,7,148,26,181,466,14,480,661
11/15/2007,SDM,CA,AWP,WE,Federal Contract Tower,0,5,38,1,44,0,12,82,27,121,0,17,120,28,165,398,14,412,577
11/16/2007,SDM,CA,AWP,WE,Federal Contract Tower,0,6,35,2,43,1,22,97,10,130,1,28,132,12,173,214,2,216,389
11/17/2007,SDM,CA,AWP,WE,Federal Contract Tower,0,10,38,1,49,0,4,330,5,339,0,14,368,6,388,18,2,20,408
11/18/2007,SDM,CA,AWP,WE,Federal Contract Tower,0,8,49,1,58,0,10,90,4,104,0,18,139,5,162,184,0,184,346
11/19/2007,SDM,CA,AWP,WE,Federal Contract Tower,0,5,41,0,46,0,7,52,5,64,0,12,93,5,110,235,16,251,361
11/20/2007,SDM,CA,AWP,WE,Federal Contract Tower,0,13,42,0,55,0,17,45,24,86,0,30,87,24,141,70,2,72,213
11/21/2007,SDM,CA,AWP,WE,Federal Contract Tower,0,17,32,0,49,0,13,91,8,112,0,30,123,8,161,194,0,194,355
11/22/2007,SDM,CA,AWP,WE,Federal Contract Tower,0,9,7,0,16,0,14,22,7,43,0,23,29,7,59,72,0,72,131
11/23/2007,SDM,CA,AWP,WE,Federal Contract Tower,0,11,22,0,33,0,6,75,14,95,0,17,97,14,128,128,4,132,260
11/24/2007,SDM,CA,AWP,WE,Federal Contract Tower,0,11,37,0,48,0,6,81,0,87,0,17,118,0,135,257,0,257,392
11/25/2007,SDM,CA,AWP,WE,Federal Contract Tower,0,26,72,0,98,0,4,92,0,96,0,30,164,0,194,232,0,232,426
11/26/2007,SDM,CA,AWP,WE,Federal Contract Tower,0,10,27,0,37,0,14,78,8,100,0,24,105,8,137,366,0,366,503
11/27/2007,SDM,CA,AWP,WE,Federal Contract Tower,0,5,38,2,45,0,14,64,22,100,0,19,102,24,145,384,20,404,549
11/28/2007,SDM,CA,AWP,WE,Federal Contract Tower,0,9,21,0,30,0,5,23,4,32,0,14,44,4,62,242,12,254,316
11/29/2007,SDM,CA,AWP,WE,Federal Contract Tower,0,4,29,0,33,0,6,91,34,131,0,10,120,34,164,288,2,290,454
11/30/2007,SDM,CA,AWP,WE,Federal Contract Tower,0,3,15,0,18,0,5,4,0,9,0,8,19,0,27,0,0,0,27
12/01/2007,SDM,CA,AWP,WE,Federal Contract Tower,0,5,14,0,19,0,2,38,0,40,0,7,52,0,59,134,0,134,193
12/02/2007,SDM,CA,AWP,WE,Federal Contract Tower,0,2,33,0,35,0,5,77,1,83,0,7,110,1,118,316,0,316,434
12/03/2007,SDM,CA,AWP,WE,Federal Contract Tower,0,8,27,0,35,0,20,69,10,99,0,28,96,10,134,290,14,304,438
12/04/2007,SDM,CA,AWP,WE,Federal Contract Tower,0,8,19,0,27,0,15,59,10,84,0,23,78,10,111,204,3,207,318
12/05/2007,SDM,CA,AWP,WE,Federal Contract Tower,0,21,26,0,47,0,0,52,5,57,0,21,78,5,104,293,0,293,397
12/06/2007,SDM,CA,AWP,WE,Federal Contract Tower,0,9,18,0,27,0,6,54,16,76,0,15,72,16,103,116,2,118,221
12/07/2007,SDM,CA,AWP,WE,Federal Contract Tower,0,5,15,1,21,0,1,2,0,3,0,6,17,1,24,0,0,0,24
12/08/2007,SDM,CA,AWP,WE,Federal Contract Tower,0,7,17,0,24,0,7,30,0,37,0,14,47,0,61,4,0,4,65
12/09/2007,SDM,CA,AWP,WE,Federal Contract Tower,0,7,40,0,47,0,5,37,0,42,0,12,77,0,89,204,4,208,297
12/10/2007,SDM,CA,AWP,WE,Federal Contract Tower,0,11,32,0,43,0,14,31,7,52,0,25,63,7,95,288,20,308,403
12/11/2007,SDM,CA,AWP,WE,Federal Contract Tower,0,5,17,0,22,0,4,65,15,84,0,9,82,15,106,159,17,176,282
12/12/2007,SDM,CA,AWP,WE,Federal Contract Tower,0,3,30,3,36,0,5,41,9,55,0,8,71,12,91,176,29,205,296
12/13/2007,SDM,CA,AWP,WE,Federal Contract Tower,0,13,23,0,36,0,9,56,16,81,0,22,79,16,117,297,26,323,440
12/14/2007,SDM,CA,AWP,WE,Federal Contract Tower,0,8,29,0,37,0,5,71,8,84,0,13,100,8,121,447,2,449,570
12/15/2007,SDM,CA,AWP,WE,Federal Contract Tower,0,5,23,0,28,0,2,101,2,105,0,7,124,2,133,338,0,338,471
12/16/2007,SDM,CA,AWP,WE,Federal Contract Tower,0,6,28,0,34,0,10,76,0,86,0,16,104,0,120,348,0,348,468
12/17/2007,SDM,CA,AWP,WE,Federal Contract Tower,0,7,28,0,35,0,19,46,5,70,0,26,74,5,105,364,4,368,473
12/18/2007,SDM,CA,AWP,WE,Federal Contract Tower,0,7,19,0,26,0,2,50,12,64,0,9,69,12,90,210,8,218,308
12/19/2007,SDM,CA,AWP,WE,Federal Contract Tower,0,6,33,0,39,0,13,23,8,44,0,19,56,8,83,70,4,74,157
12/20/2007,SDM,CA,AWP,WE,Federal Contract Tower,0,3,27,0,30,0,9,30,19,58,0,12,57,19,88,202,2,204,292
12/21/2007,SDM,CA,AWP,WE,Federal Contract Tower,0,8,39,1,48,0,7,74,18,99,0,15,113,19,147,342,6,348,495
12/22/2007,SDM,CA,AWP,WE,Federal Contract Tower,0,10,42,0,52,0,4,81,0,85,0,14,123,0,137,409,0,409,546
12/23/2007,SDM,CA,AWP,WE,Federal Contract Tower,0,7,39,0,46,0,7,61,0,68,0,14,100,0,114,240,0,240,354
12/24/2007,SDM,CA,AWP,WE,Federal Contract Tower,0,7,17,0,24,0,6,30,8,44,0,13,47,8,68,152,0,152,220
12/25/2007,SDM,CA,AWP,WE,Federal Contract Tower,0,5,18,0,23,0,5,20,0,25,0,10,38,0,48,24,0,24,72
12/26/2007,SDM,CA,AWP,WE,Federal Contract Tower,0,16,51,2,69,0,7,58,3,68,0,23,109,5,137,272,0,272,409
12/28/2007,SDM,CA,AWP,WE,Federal Contract Tower,0,26,64,0,90,0,5,72,7,84,0,31,136,7,174,376,1,377,551
12/29/2007,SDM,CA,AWP,WE,Federal Contract Tower,0,4,31,0,35,0,2,49,0,51,0,6,80,0,86,174,0,174,260
12/30/2007,SDM,CA,AWP,WE,Federal Contract Tower,0,11,40,0,51,0,6,84,0,90,0,17,124,0,141,244,0,244,385
12/31/2007,SDM,CA,AWP,WE,Federal Contract Tower,0,7,29,0,36,0,7,63,2,72,0,14,92,2,108,158,0,158,266
01/01/2008,SDM,CA,AWP,WE,Federal Contract Tower,0,2,34,0,36,0,2,47,0,49,0,4,81,0,85,28,0,28,113
01/02/2008,SDM,CA,AWP,WE,Federal Contract Tower,0,12,50,0,62,0,2,86,7,95,0,14,136,7,157,216,70,286,443
01/03/2008,SDM,CA,AWP,WE,Federal Contract Tower,2,17,47,0,66,0,11,71,5,87,2,28,118,5,153,224,15,239,392
01/04/2008,SDM,CA,AWP,WE,Federal Contract Tower,0,13,29,0,42,0,0,61,16,77,0,13,90,16,119,242,30,272,391
01/05/2008,SDM,CA,AWP,WE,Federal Contract Tower,0,12,32,0,44,0,1,9,0,10,0,13,41,0,54,0,0,0,54
01/06/2008,SDM,CA,AWP,WE,Federal Contract Tower,0,12,46,0,58,0,2,4,1,7,0,14,50,1,65,16,0,16,81
01/07/2008,SDM,CA,AWP,WE,Federal Contract Tower,0,1,17,2,20,0,3,11,13,27,0,4,28,15,47,24,10,34,81
01/08/2008,SDM,CA,AWP,WE,Federal Contract Tower,0,6,14,0,20,0,1,36,13,50,0,7,50,13,70,146,4,150,220
01/09/2008,SDM,CA,AWP,WE,Federal Contract Tower,0,11,108,0,119,0,1,0,12,13,0,12,108,12,132,149,98,247,379
01/10/2008,SDM,CA,AWP,WE,Federal Contract Tower,0,7,33,0,40,0,5,62,2,69,0,12,95,2,109,164,0,164,273
01/11/2008,SDM,CA,AWP,WE,Federal Contract Tower,0,1,23,0,24,0,2,55,8,65,0,3,78,8,89,264,14,278,367
01/12/2008,SDM,CA,AWP,WE,Federal Contract Tower,0,6,18,0,24,0,0,159,0,159,0,6,177,0,183,156,0,156,339
01/13/2008,SDM,CA,AWP,WE,Federal Contract Tower,0,9,5,1,15,0,1,98,1,100,0,10,103,2,115,180,0,180,295
01/14/2008,SDM,CA,AWP,WE,Federal Contract Tower,0,8,17,0,25,0,5,41,6,52,0,13,58,6,77,320,0,320,397
01/15/2008,SDM,CA,AWP,WE,Federal Contract Tower,0,3,25,0,28,0,0,63,20,83,0,3,88,20,111,284,12,296,407
01/16/2008,SDM,CA,AWP,WE,Federal Contract Tower,0,9,23,1,33,0,1,53,28,82,0,10,76,29,115,278,0,278,393
01/17/2008,SDM,CA,AWP,WE,Federal Contract Tower,0,4,18,0,22,0,6,64,6,76,0,10,82,6,98,248,26,274,372
01/18/2008,SDM,CA,AWP,WE,Federal Contract Tower,0,7,35,0,42,0,0,72,16,88,0,7,107,16,130,355,16,371,501
01/19/2008,SDM,CA,AWP,WE,Federal Contract Tower,0,8,26,1,35,0,1,109,0,110,0,9,135,1,145,339,6,345,490
01/20/2008,SDM,CA,AWP,WE,Federal Contract Tower,0,10,19,4,33,0,6,72,5,83,0,16,91,9,116,182,6,188,304
01/21/2008,SDM,CA,AWP,WE,Federal Contract Tower,0,11,26,0,37,0,3,33,6,42,0,14,59,6,79,109,4,113,192
01/22/2008,SDM,CA,AWP,WE,Federal Contract Tower,0,8,16,0,24,0,15,65,8,88,0,23,81,8,112,458,8,466,578
01/23/2008,SDM,CA,AWP,WE,Federal Contract Tower,0,12,23,0,35,0,11,48,7,66,0,23,71,7,101,194,2,196,297
01/24/2008,SDM,CA,AWP,WE,Federal Contract Tower,0,3,14,0,17,0,8,31,22,61,0,11,45,22,78,150,0,150,228
01/25/2008,SDM,CA,AWP,WE,Federal Contract Tower,0,6,35,0,41,0,0,48,11,59,0,6,83,11,100,198,38,236,336
01/26/2008,SDM,CA,AWP,WE,Federal Contract Tower,0,6,23,0,29,0,1,61,5,67,0,7,84,5,96,356,6,362,458
01/27/2008,SDM,CA,AWP,WE,Federal Contract Tower,0,3,21,1,25,0,4,7,4,15,0,7,28,5,40,16,28,44,84
01/28/2008,SDM,CA,AWP,WE,Federal Contract Tower,0,5,28,2,35,0,7,15,4,26,0,12,43,6,61,76,0,76,137
01/29/2008,SDM,CA,AWP,WE,Federal Contract Tower,0,10,29,2,41,0,0,58,40,98,0,10,87,42,139,310,0,310,449
01/30/2008,SDM,CA,AWP,WE,Federal Contract Tower,0,7,26,2,35,0,2,49,6,57,0,9,75,8,92,368,0,368,460
01/31/2008,SDM,CA,AWP,WE,Federal Contract Tower,0,9,25,0,34,0,0,106,13,119,0,9,131,13,153,286,5,291,444
02/01/2008,SDM,CA,AWP,WE,Federal Contract Tower,0,10,32,2,44,0,1,47,27,75,0,11,79,29,119,328,8,336,455
02/02/2008,SDM,CA,AWP,WE,Federal Contract Tower,0,11,33,0,44,0,3,78,8,89,0,14,111,8,133,344,6,350,483
02/03/2008,SDM,CA,AWP,WE,Federal Contract Tower,0,1,12,0,13,0,0,2,0,2,0,1,14,0,15,0,0,0,15
02/04/2008,SDM,CA,AWP,WE,Federal Contract Tower,0,9,36,1,46,0,13,43,9,65,0,22,79,10,111,333,26,359,470
02/05/2008,SDM,CA,AWP,WE,Federal Contract Tower,0,10,27,1,38,0,16,100,16,132,0,26,127,17,170,282,0,282,452
02/06/2008,SDM,CA,AWP,WE,Federal Contract Tower,0,6,26,1,33,0,2,87,8,97,0,8,113,9,130,398,6,404,534
02/07/2008,SDM,CA,AWP,WE,Federal Contract Tower,0,10,26,1,37,0,2,49,9,60,0,12,75,10,97,229,0,229,326
02/08/2008,SDM,CA,AWP,WE,Federal Contract Tower,0,12,14,1,27,0,3,90,14,107,0,15,104,15,134,271,4,275,409
02/09/2008,SDM,CA,AWP,WE,Federal Contract Tower,0,3,29,0,32,0,0,113,21,134,0,3,142,21,166,220,0,220,386
02/10/2008,SDM,CA,AWP,WE,Federal Contract Tower,0,8,40,0,48,0,0,99,16,115,0,8,139,16,163,206,36,242,405
02/11/2008,SDM,CA,AWP,WE,Federal Contract Tower,0,9,27,0,36,0,62,61,16,139,0,71,88,16,175,234,0,234,409
02/12/2008,SDM,CA,AWP,WE,Federal Contract Tower,0,12,25,2,39,0,3,102,18,123,0,15,127,20,162,170,4,174,336
02/13/2008,SDM,CA,AWP,WE,Federal Contract Tower,0,5,36,2,43,0,2,52,5,59,0,7,88,7,102,162,14,176,278
02/14/2008,SDM,CA,AWP,WE,Federal Contract Tower,0,6,12,1,19,0,4,15,7,26,0,10,27,8,45,11,28,39,84
02/15/2008,SDM,CA,AWP,WE,Federal Contract Tower,0,5,36,0,41,0,0,118,0,118,0,5,154,0,159,286,0,286,445
02/16/2008,SDM,CA,AWP,WE,Federal Contract Tower,0,5,23,0,28,0,0,145,0,145,0,5,168,0,173,228,0,228,401
02/17/2008,SDM,CA,AWP,WE,Federal Contract Tower,0,8,44,0,52,0,0,121,1,122,0,8,165,1,174,152,0,152,326
02/18/2008,SDM,CA,AWP,WE,Federal Contract Tower,0,18,53,2,73,0,4,55,3,62,0,22,108,5,135,38,0,38,173
02/19/2008,SDM,CA,AWP,WE,Federal Contract Tower,0,10,35,0,45,0,4,55,19,78,0,14,90,19,123,118,14,132,255
02/20/2008,SDM,CA,AWP,WE,Federal Contract Tower,1,9,15,0,25,0,2,24,0,26,1,11,39,0,51,26,0,26,77
02/21/2008,SDM,CA,AWP,WE,Federal Contract Tower,0,8,28,5,41,0,0,64,6,70,0,8,92,11,111,216,10,226,337
02/22/2008,SDM,CA,AWP,WE,Federal Contract Tower,0,4,22,0,26,0,2,2,0,4,0,6,24,0,30,0,0,0,30
02/23/2008,SDM,CA,AWP,WE,Federal Contract Tower,0,11,14,0,25,0,0,129,0,129,0,11,143,0,154,242,0,242,396
02/24/2008,SDM,CA,AWP,WE,Federal Contract Tower,0,9,29,0,38,0,1,9,0,10,0,10,38,0,48,8,0,8,56
02/25/2008,SDM,CA,AWP,WE,Federal Contract Tower,0,12,39,0,51,0,0,76,3,79,0,12,115,3,130,264,0,264,394
02/26/2008,SDM,CA,AWP,WE,Federal Contract Tower,0,7,32,0,39,0,0,119,7,126,0,7,151,7,165,352,4,356,521
02/27/2008,SDM,CA,AWP,WE,Federal Contract Tower,0,5,34,2,41,0,0,88,15,103,0,5,122,17,144,212,8,220,364
02/28/2008,SDM,CA,AWP,WE,Federal Contract Tower,0,16,30,8,54,0,4,78,33,115,0,20,108,41,169,181,2,183,352
02/29/2008,SDM,CA,AWP,WE,Federal Contract Tower,0,10,27,2,39,0,1,52,5,58,0,11,79,7,97,62,0,62,159
03/01/2008,SDM,CA,AWP,WE,Federal Contract Tower,0,5,32,2,39,0,4,58,4,66,0,9,90,6,105,68,4,72,177
03/02/2008,SDM,CA,AWP,WE,Federal Contract Tower,0,6,22,1,29,0,0,127,1,128,0,6,149,2,157,162,2,164,321
03/03/2008,SDM,CA,AWP,WE,Federal Contract Tower,0,6,28,2,36,0,0,65,17,82,0,6,93,19,118,214,0,214,332
03/04/2008,SDM,CA,AWP,WE,Federal Contract Tower,0,2,37,0,39,0,1,124,22,147,0,3,161,22,186,192,13,205,391
03/05/2008,SDM,CA,AWP,WE,Federal Contract Tower,0,1,41,0,42,0,0,57,27,84,0,1,98,27,126,222,22,244,370
03/06/2008,SDM,CA,AWP,WE,Federal Contract Tower,0,3,34,0,37,0,2,111,15,128,0,5,145,15,165,184,18,202,367
03/07/2008,SDM,CA,AWP,WE,Federal Contract Tower,0,12,31,0,43,0,4,67,18,89,0,16,98,18,132,140,40,180,312
03/08/2008,SDM,CA,AWP,WE,Federal Contract Tower,0,4,29,0,33,0,0,130,14,144,0,4,159,14,177,294,0,294,471
03/09/2008,SDM,CA,AWP,WE,Federal Contract Tower,0,12,57,0,69,0,1,127,0,128,0,13,184,0,197,167,0,167,364
03/10/2008,SDM,CA,AWP,WE,Federal Contract Tower,0,4,23,0,27,0,0,108,12,120,0,4,131,12,147,164,0,164,311
03/11/2008,SDM,CA,AWP,WE,Federal Contract Tower,0,6,33,0,39,0,4,125,25,154,0,10,158,25,193,302,16,318,511
03/12/2008,SDM,CA,AWP,WE,Federal Contract Tower,0,3,25,0,28,1,0,79,20,100,1,3,104,20,128,200,6,206,334
03/13/2008,SDM,CA,AWP,WE,Federal Contract Tower,0,6,37,1,44,0,0,46,7,53,0,6,83,8,97,96,10,106,203
03/14/2008,SDM,CA,AWP,WE,Federal Contract Tower,0,5,29,2,36,0,1,55,5,61,0,6,84,7,97,124,8,132,229
03/15/2008,SDM,CA,AWP,WE,Federal Contract Tower,0,13,34,0,47,0,4,75,10,89,0,17,109,10,136,82,26,108,244
03/16/2008,SDM,CA,AWP,WE,Federal Contract Tower,0,11,20,1,32,0,0,55,1,56,0,11,75,2,88,106,39,145,233
03/17/2008,SDM,CA,AWP,WE,Federal Contract Tower,0,13,25,1,39,0,1,82,16,99,0,14,107,17,138,250,12,262,400
03/18/2008,SDM,CA,AWP,WE,Federal Contract Tower,0,17,37,1,55,0,1,124,32,157,0,18,161,33,212,262,24,286,498
03/19/2008,SDM,CA,AWP,WE,Federal Contract Tower,0,3,36,2,41,0,0,77,18,95,0,3,113,20,136,234,10,244,380
03/20/2008,SDM,CA,AWP,WE,Federal Contract Tower,0,10,42,5,57,0,0,63,44,107,0,10,105,49,164,182,0,182,346
03/21/2008,SDM,CA,AWP,WE,Federal Contract Tower,0,15,45,2,62,0,7,104,23,134,0,22,149,25,196,348,4,352,548
03/22/2008,SDM,CA,AWP,WE,Federal Contract Tower,0,5,30,1,36,0,3,86,4,93,0,8,116,5,129,330,4,334,463
03/23/2008,SDM,CA,AWP,WE,Federal Contract Tower,0,10,24,1,35,0,1,81,0,82,0,11,105,1,117,226,0,226,343
03/24/2008,SDM,CA,AWP,WE,Federal Contract Tower,0,6,31,1,38,0,2,76,9,87,0,8,107,10,125,294,0,294,419
03/25/2008,SDM,CA,AWP,WE,Federal Contract Tower,0,6,38,2,46,0,6,106,20,132,0,12,144,22,178,290,16,306,484
03/26/2008,SDM,CA,AWP,WE,Federal Contract Tower,0,9,54,0,63,0,0,48,32,80,0,9,102,32,143,228,26,254,397
03/27/2008,SDM,CA,AWP,WE,Federal Contract Tower,0,6,32,6,44,0,1,105,18,124,0,7,137,24,168,170,8,178,346
03/28/2008,SDM,CA,AWP,WE,Federal Contract Tower,0,14,31,1,46,0,4,98,20,122,0,18,129,21,168,168,0,168,336
03/29/2008,SDM,CA,AWP,WE,Federal Contract Tower,0,5,42,1,48,0,0,69,3,72,0,5,111,4,120,119,30,149,269
03/30/2008,SDM,CA,AWP,WE,Federal Contract Tower,0,12,66,1,79,0,0,42,3,45,0,12,108,4,124,102,10,112,236
03/31/2008,SDM,CA,AWP,WE,Federal Contract Tower,0,9,39,0,48,0,0,70,9,79,0,9,109,9,127,148,2,150,277
04/01/2008,SDM,CA,AWP,WE,Federal Contract Tower,0,8,46,2,56,0,1,46,31,78,0,9,92,33,134,142,94,236,370
04/02/2008,SDM,CA,AWP,WE,Federal Contract Tower,0,11,34,0,45,0,0,54,10,64,0,11,88,10,109,150,0,150,259
04/03/2008,SDM,CA,AWP,WE,Federal Contract Tower,0,7,34,0,41,0,1,50,9,60,0,8,84,9,101,232,0,232,333
04/04/2008,SDM,CA,AWP,WE,Federal Contract Tower,0,4,34,0,38,0,1,62,10,73,0,5,96,10,111,114,12,126,237
04/05/2008,SDM,CA,AWP,WE,Federal Contract Tower,0,12,28,0,40,0,1,74,0,75,0,13,102,0,115,162,0,162,277
04/06/2008,SDM,CA,AWP,WE,Federal Contract Tower,0,13,41,2,56,0,2,55,5,62,0,15,96,7,118,84,4,88,206
04/07/2008,SDM,CA,AWP,WE,Federal Contract Tower,0,11,29,0,40,0,0,56,13,69,0,11,85,13,109,203,14,217,326
04/08/2008,SDM,CA,AWP,WE,Federal Contract Tower,0,10,34,0,44,0,3,49,24,76,0,13,83,24,120,102,20,122,242
04/09/2008,SDM,CA,AWP,WE,Federal Contract Tower,0,9,45,0,54,0,9,28,14,51,0,18,73,14,105,64,2,66,171
04/10/2008,SDM,CA,AWP,WE,Federal Contract Tower,0,12,47,0,59,0,0,83,16,99,0,12,130,16,158,286,0,286,444
04/11/2008,SDM,CA,AWP,WE,Federal Contract Tower,0,9,27,2,38,0,2,66,10,78,0,11,93,12,116,270,18,288,404
04/12/2008,SDM,CA,AWP,WE,Federal Contract Tower,0,6,18,2,26,0,2,114,0,116,0,8,132,2,142,118,0,118,260
04/13/2008,SDM,CA,AWP,WE,Federal Contract Tower,0,12,38,0,50,0,1,103,3,107,0,13,141,3,157,126,32,158,315
04/14/2008,SDM,CA,AWP,WE,Federal Contract Tower,0,4,24,0,28,0,6,71,9,86,0,10,95,9,114,344,12,356,470
04/15/2008,SDM,CA,AWP,WE,Federal Contract Tower,0,5,29,1,35,0,0,67,27,94,0,5,96,28,129,178,24,202,331
04/16/2008,SDM,CA,AWP,WE,Federal Contract Tower,0,6,30,2,38,0,0,52,9,61,0,6,82,11,99,289,20,309,408
04/17/2008,SDM,CA,AWP,WE,Federal Contract Tower,0,5,39,0,44,0,0,55,35,90,0,5,94,35,134,240,10,250,384
04/18/2008,SDM,CA,AWP,WE,Federal Contract Tower,0,9,14,2,25,0,4,83,11,98,0,13,97,13,123,180,20,200,323
04/19/2008,SDM,CA,AWP,WE,Federal Contract Tower,0,9,23,0,32,0,4,77,0,81,0,13,100,0,113,72,36,108,221
04/20/2008,SDM,CA,AWP,WE,Federal Contract Tower,0,12,32,1,45,0,1,105,1,107,0,13,137,2,152,80,2,82,234
04/21/2008,SDM,CA,AWP,WE,Federal Contract Tower,0,6,26,0,32,0,4,68,11,83,0,10,94,11,115,202,0,202,317
04/22/2008,SDM,CA,AWP,WE,Federal Contract Tower,0,3,26,0,29,0,1,48,13,62,0,4,74,13,91,278,16,294,385
04/23/2008,SDM,CA,AWP,WE,Federal Contract Tower,0,1,25,1,27,0,1,49,22,72,0,2,74,23,99,260,40,300,399
04/24/2008,SDM,CA,AWP,WE,Federal Contract Tower,0,9,30,3,42,0,3,88,11,102,0,12,118,14,144,246,0,246,390
04/25/2008,SDM,CA,AWP,WE,Federal Contract Tower,0,4,29,0,33,0,3,74,3,80,0,7,103,3,113,288,0,288,401
04/26/2008,SDM,CA,AWP,WE,Federal Contract Tower,0,6,29,1,36,0,2,109,0,111,0,8,138,1,147,116,0,116,263
04/27/2008,SDM,CA,AWP,WE,Federal Contract Tower,0,20,36,0,56,0,4,106,0,110,0,24,142,0,166,164,0,164,330
04/28/2008,SDM,CA,AWP,WE,Federal Contract Tower,0,6,24,0,30,0,7,61,8,76,0,13,85,8,106,226,0,226,332
04/29/2008,SDM,CA,AWP,WE,Federal Contract Tower,0,8,17,0,25,0,1,69,14,84,0,9,86,14,109,156,22,178,287
04/30/2008,SDM,CA,AWP,WE,Federal Contract Tower,0,11,28,0,39,0,0,33,9,42,0,11,61,9,81,72,0,72,153
05/01/2008,SDM,CA,AWP,WE,Federal Contract Tower,0,7,27,0,34,0,0,80,17,97,0,7,107,17,131,256,2,258,389
05/02/2008,SDM,CA,AWP,WE,Federal Contract Tower,0,4,28,3,35,0,1,54,8,63,0,5,82,11,98,264,0,264,362
05/03/2008,SDM,CA,AWP,WE,Federal Contract Tower,0,4,13,0,17,0,2,108,0,110,0,6,121,0,127,180,0,180,307
05/04/2008,SDM,CA,AWP,WE,Federal Contract Tower,0,8,37,4,49,0,0,94,0,94,0,8,131,4,143,134,0,134,277
05/05/2008,SDM,CA,AWP,WE,Federal Contract Tower,0,8,33,0,41,0,6,24,15,45,0,14,57,15,86,108,24,132,218
05/06/2008,SDM,CA,AWP,WE,Federal Contract Tower,0,6,21,5,32,0,1,19,13,33,0,7,40,18,65,20,0,20,85
05/07/2008,SDM,CA,AWP,WE,Federal Contract Tower,0,3,27,0,30,0,0,23,2,25,0,3,50,2,55,18,0,18,73
05/08/2008,SDM,CA,AWP,WE,Federal Contract Tower,0,10,29,0,39,0,1,42,12,55,0,11,71,12,94,258,0,258,352
05/09/2008,SDM,CA,AWP,WE,Federal Contract Tower,0,8,24,0,32,0,6,60,9,75,0,14,84,9,107,348,0,348,455
05/10/2008,SDM,CA,AWP,WE,Federal Contract Tower,0,3,27,1,31,0,2,133,0,135,0,5,160,1,166,266,0,266,432
05/11/2008,SDM,CA,AWP,WE,Federal Contract Tower,0,14,18,1,33,0,1,70,0,71,0,15,88,1,104,146,0,146,250
05/12/2008,SDM,CA,AWP,WE,Federal Contract Tower,0,9,21,2,32,0,1,47,22,70,0,10,68,24,102,194,14,208,310
05/13/2008,SDM,CA,AWP,WE,Federal Contract Tower,0,2,19,0,21,0,0,68,13,81,0,2,87,13,102,372,18,390,492
05/14/2008,SDM,CA,AWP,WE,Federal Contract Tower,0,4,18,0,22,0,0,65,11,76,0,4,83,11,98,270,8,278,376
05/15/2008,SDM,CA,AWP,WE,Federal Contract Tower,0,5,15,3,23,0,1,85,19,105,0,6,100,22,128,220,0,220,348
05/16/2008,SDM,CA,AWP,WE,Federal Contract Tower,0,8,10,0,18,0,0,87,21,108,0,8,97,21,126,206,12,218,344
05/17/2008,SDM,CA,AWP,WE,Federal Contract Tower,0,2,12,0,14,0,0,102,0,102,0,2,114,0,116,250,0,250,366
05/18/2008,SDM,CA,AWP,WE,Federal Contract Tower,0,8,24,1,33,0,3,101,0,104,0,11,125,1,137,256,0,256,393
05/19/2008,SDM,CA,AWP,WE,Federal Contract Tower,0,7,29,0,36,0,0,69,11,80,0,7,98,11,116,158,0,158,274
05/20/2008,SDM,CA,AWP,WE,Federal Contract Tower,0,8,40,2,50,0,0,51,13,64,0,8,91,15,114,152,2,154,268
05/21/2008,SDM,CA,AWP,WE,Federal Contract Tower,0,8,30,8,46,0,0,19,10,29,0,8,49,18,75,86,0,86,161
05/22/2008,SDM,CA,AWP,WE,Federal Contract Tower,0,9,25,0,34,0,0,18,7,25,0,9,43,7,59,68,0,68,127
05/23/2008,SDM,CA,AWP,WE,Federal Contract Tower,0,10,15,1,26,0,4,13,4,21,0,14,28,5,47,0,0,0,47
05/24/2008,SDM,CA,AWP,WE,Federal Contract Tower,0,8,15,0,23,0,0,66,1,67,0,8,81,1,90,140,0,140,230
05/25/2008,SDM,CA,AWP,WE,Federal Contract Tower,0,5,24,0,29,0,0,63,4,67,0,5,87,4,96,252,0,252,348
05/26/2008,SDM,CA,AWP,WE,Federal Contract Tower,0,11,60,1,72,0,4,97,12,113,0,15,157,13,185,94,2,96,281
05/27/2008,SDM,CA,AWP,WE,Federal Contract Tower,0,3,29,0,32,0,1,80,8,89,0,4,109,8,121,140,0,140,261
05/28/2008,SDM,CA,AWP,WE,Federal Contract Tower,0,3,19,0,22,0,0,80,3,83,0,3,99,3,105,242,0,242,347
05/29/2008,SDM,CA,AWP,WE,Federal Contract Tower,0,8,21,0,29,0,1,57,6,64,0,9,78,6,93,260,0,260,353
05/30/2008,SDM,CA,AWP,WE,Federal Contract Tower,0,4,33,0,37,0,0,98,5,103,0,4,131,5,140,226,2,228,368
05/31/2008,SDM,CA,AWP,WE,Federal Contract Tower,0,1,15,0,16,0,0,102,0,102,0,1,117,0,118,258,0,258,376
06/01/2008,SDM,CA,AWP,WE,Federal Contract Tower,0,11,34,0,45,0,1,126,4,131,0,12,160,4,176,270,0,270,446
06/02/2008,SDM,CA,AWP,WE,Federal Contract Tower,0,15,21,0,36,0,5,94,10,109,0,20,115,10,145,250,4,254,399
06/03/2008,SDM,CA,AWP,WE,Federal Contract Tower,0,2,12,6,20,0,2,82,12,96,0,4,94,18,116,260,8,268,384
06/04/2008,SDM,CA,AWP,WE,Federal Contract Tower,0,6,14,0,20,0,2,35,4,41,0,8,49,4,61,18,0,18,79
06/05/2008,SDM,CA,AWP,WE,Federal Contract Tower,0,6,24,0,30,0,1,58,7,66,0,7,82,7,96,256,6,262,358
06/06/2008,SDM,CA,AWP,WE,Federal Contract Tower,0,7,14,2,23,0,1,105,15,121,0,8,119,17,144,340,8,348,492
06/07/2008,SDM,CA,AWP,WE,Federal Contract Tower,0,4,17,0,21,0,1,108,0,109,0,5,125,0,130,212,0,212,342
06/08/2008,SDM,CA,AWP,WE,Federal Contract Tower,0,10,27,1,38,0,0,100,6,106,0,10,127,7,144,66,4,70,214
06/09/2008,SDM,CA,AWP,WE,Federal Contract Tower,0,0,22,0,22,0,3,85,14,102,0,3,107,14,124,280,0,280,404
06/10/2008,SDM,CA,AWP,WE,Federal Contract Tower,0,3,21,0,24,0,0,68,7,75,0,3,89,7,99,268,0,268,367
06/11/2008,SDM,CA,AWP,WE,Federal Contract Tower,0,4,21,1,26,0,2,94,11,107,0,6,115,12,133,258,0,258,391
06/12/2008,SDM,CA,AWP,WE,Federal Contract Tower,0,9,26,1,36,0,2,68,13,83,0,11,94,14,119,240,18,258,377
06/13/2008,SDM,CA,AWP,WE,Federal Contract Tower,0,5,17,0,22,0,0,114,3,117,0,5,131,3,139,300,0,300,439
06/14/2008,SDM,CA,AWP,WE,Federal Contract Tower,0,5,13,0,18,0,1,148,0,149,0,6,161,0,167,202,0,202,369
06/15/2008,SDM,CA,AWP,WE,Federal Contract Tower,0,11,22,1,34,0,2,100,0,102,0,13,122,1,136,212,0,212,348
06/16/2008,SDM,CA,AWP,WE,Federal Contract Tower,0,4,26,2,32,0,1,58,2,61,0,5,84,4,93,208,2,210,303
06/17/2008,SDM,CA,AWP,WE,Federal Contract Tower,0,6,21,3,30,0,0,59,5,64,0,6,80,8,94,168,52,220,314
06/18/2008,SDM,CA,AWP,WE,Federal Contract Tower,0,11,20,0,31,0,6,73,11,90,0,17,93,11,121,210,62,272,393
06/19/2008,SDM,CA,AWP,WE,Federal Contract Tower,0,4,27,0,31,0,2,60,4,66,0,6,87,4,97,248,108,356,453
06/20/2008,SDM,CA,AWP,WE,Federal Contract Tower,0,7,26,1,34,0,0,80,1,81,0,7,106,2,115,274,2,276,391
06/21/2008,SDM,CA,AWP,WE,Federal Contract Tower,0,5,8,1,14,0,0,145,0,145,0,5,153,1,159,210,0,210,369
06/22/2008,SDM,CA,AWP,WE,Federal Contract Tower,0,9,13,5,27,0,2,106,8,116,0,11,119,13,143,244,0,244,387
06/23/2008,SDM,CA,AWP,WE,Federal Contract Tower,0,9,25,0,34,0,0,56,5,61,0,9,81,5,95,276,0,276,371
06/24/2008,SDM,CA,AWP,WE,Federal Contract Tower,0,6,22,0,28,0,0,40,5,45,0,6,62,5,73,278,12,290,363
06/25/2008,SDM,CA,AWP,WE,Federal Contract Tower,0,6,21,0,27,0,7,57,6,70,0,13,78,6,97,320,28,348,445
06/26/2008,SDM,CA,AWP,WE,Federal Contract Tower,0,6,19,0,25,0,1,50,3,54,0,7,69,3,79,130,16,146,225
06/27/2008,SDM,CA,AWP,WE,Federal Contract Tower,0,6,20,0,26,0,1,66,0,67,0,7,86,0,93,314,0,314,407
06/28/2008,SDM,CA,AWP,WE,Federal Contract Tower,0,7,16,0,23,0,0,116,2,118,0,7,132,2,141,168,0,168,309
06/29/2008,SDM,CA,AWP,WE,Federal Contract Tower,0,1,40,0,41,0,2,109,0,111,0,3,149,0,152,266,0,266,418
06/30/2008,SDM,CA,AWP,WE,Federal Contract Tower,0,8,20,0,28,0,3,83,5,91,0,11,103,5,119,148,0,148,267
07/01/2008,SDM,CA,AWP,WE,Federal Contract Tower,0,8,32,0,40,0,10,91,4,105,0,18,123,4,145,224,0,224,369
07/02/2008,SDM,CA,AWP,WE,Federal Contract Tower,0,2,29,2,33,0,3,127,13,143,0,5,156,15,176,188,0,188,364
07/03/2008,SDM,CA,AWP,WE,Federal Contract Tower,0,3,24,0,27,0,4,92,0,96,0,7,116,0,123,146,0,146,269
07/04/2008,SDM,CA,AWP,WE,Federal Contract Tower,0,3,9,0,12,0,2,62,0,64,0,5,71,0,76,180,0,180,256
07/05/2008,SDM,CA,AWP,WE,Federal Contract Tower,0,8,7,0,15,0,0,111,0,111,0,8,118,0,126,234,0,234,360
07/06/2008,SDM,CA,AWP,WE,Federal Contract Tower,0,7,28,1,36,0,2,86,0,88,0,9,114,1,124,108,0,108,232
07/07/2008,SDM,CA,AWP,WE,Federal Contract Tower,0,1,20,5,26,0,4,66,0,70,0,5,86,5,96,222,0,222,318
07/08/2008,SDM,CA,AWP,WE,Federal Contract Tower,0,11,20,8,39,0,0,69,2,71,0,11,89,10,110,240,2,242,352
07/09/2008,SDM,CA,AWP,WE,Federal Contract Tower,0,9,30,1,40,0,1,90,11,102,0,10,120,12,142,206,0,206,348
07/10/2008,SDM,CA,AWP,WE,Federal Contract Tower,0,2,22,0,24,0,0,71,27,98,0,2,93,27,122,237,6,243,365
07/11/2008,SDM,CA,AWP,WE,Federal Contract Tower,0,7,25,2,34,0,3,86,12,101,0,10,111,14,135,246,0,246,381
07/12/2008,SDM,CA,AWP,WE,Federal Contract Tower,0,1,18,1,20,0,0,104,0,104,0,1,122,1,124,308,0,308,432
07/13/2008,SDM,CA,AWP,WE,Federal Contract Tower,0,4,27,0,31,0,0,96,0,96,0,4,123,0,127,146,0,146,273
07/14/2008,SDM,CA,AWP,WE,Federal Contract Tower,0,3,19,2,24,0,0,49,3,52,0,3,68,5,76,242,0,242,318
07/15/2008,SDM,CA,AWP,WE,Federal Contract Tower,0,2,26,0,28,0,14,60,11,85,0,16,86,11,113,184,18,202,315
07/16/2008,SDM,CA,AWP,WE,Federal Contract Tower,0,6,15,1,22,0,1,70,19,90,0,7,85,20,112,278,2,280,392
07/17/2008,SDM,CA,AWP,WE,Federal Contract Tower,0,5,28,0,33,0,0,51,33,84,0,5,79,33,117,202,6,208,325
07/18/2008,SDM,CA,AWP,WE,Federal Contract Tower,0,5,23,0,28,0,0,80,2,82,0,5,103,2,110,145,0,145,255
07/19/2008,SDM,CA,AWP,WE,Federal Contract Tower,0,5,21,0,26,0,0,85,0,85,0,5,106,0,111,104,0,104,215
07/20/2008,SDM,CA,AWP,WE,Federal Contract Tower,0,12,14,0,26,0,1,104,0,105,0,13,118,0,131,118,0,118,249
07/21/2008,SDM,CA,AWP,WE,Federal Contract Tower,0,6,20,0,26,0,0,102,6,108,0,6,122,6,134,214,0,214,348
07/22/2008,SDM,CA,AWP,WE,Federal Contract Tower,0,3,21,4,28,0,1,92,10,103,0,4,113,14,131,222,6,228,359
07/23/2008,SDM,CA,AWP,WE,Federal Contract Tower,0,1,17,1,19,0,1,76,11,88,0,2,93,12,107,226,4,230,337
07/24/2008,SDM,CA,AWP,WE,Federal Contract Tower,0,11,22,1,34,0,1,41,10,52,0,12,63,11,86,163,0,163,249
07/25/2008,SDM,CA,AWP,WE,Federal Contract Tower,0,6,36,0,42,0,1,56,0,57,0,7,92,0,99,130,0,130,229
07/26/2008,SDM,CA,AWP,WE,Federal Contract Tower,0,7,27,0,34,0,0,119,0,119,0,7,146,0,153,100,28,128,281
07/27/2008,SDM,CA,AWP,WE,Federal Contract Tower,0,12,45,0,57,0,2,87,0,89,0,14,132,0,146,113,0,113,259
07/28/2008,SDM,CA,AWP,WE,Federal Contract Tower,0,4,26,0,30,0,0,47,0,47,0,4,73,0,77,126,0,126,203
07/29/2008,SDM,CA,AWP,WE,Federal Contract Tower,0,4,25,0,29,0,0,45,2,47,0,4,70,2,76,172,46,218,294
07/30/2008,SDM,CA,AWP,WE,Federal Contract Tower,0,4,13,0,17,0,4,50,0,54,0,8,63,0,71,200,30,230,301
07/31/2008,SDM,CA,AWP,WE,Federal Contract Tower,0,7,31,0,38,0,2,102,0,104,0,9,133,0,142,140,0,140,282
08/01/2008,SDM,CA,AWP,WE,Federal Contract Tower,0,10,17,0,27,0,0,58,0,58,0,10,75,0,85,152,0,152,237
08/02/2008,SDM,CA,AWP,WE,Federal Contract Tower,0,1,16,0,17,0,1,77,0,78,0,2,93,0,95,100,0,100,195
08/03/2008,SDM,CA,AWP,WE,Federal Contract Tower,0,3,24,0,27,0,1,115,0,116,0,4,139,0,143,248,0,248,391
08/04/2008,SDM,CA,AWP,WE,Federal Contract Tower,0,2,19,1,22,0,2,52,3,57,0,4,71,4,79,236,8,244,323
08/05/2008,SDM,CA,AWP,WE,Federal Contract Tower,0,5,17,1,23,0,0,59,7,66,0,5,76,8,89,240,0,240,329
08/06/2008,SDM,CA,AWP,WE,Federal Contract Tower,0,0,29,3,32,0,0,75,6,81,0,0,104,9,113,204,0,204,317
08/07/2008,SDM,CA,AWP,WE,Federal Contract Tower,0,5,23,1,29,0,2,59,7,68,0,7,82,8,97,246,0,246,343
08/08/2008,SDM,CA,AWP,WE,Federal Contract Tower,4,0,13,0,17,0,0,91,0,91,4,0,104,0,108,262,0,262,370
08/09/2008,SDM,CA,AWP,WE,Federal Contract Tower,0,2,8,0,10,0,4,110,0,114,0,6,118,0,124,189,0,189,313
08/10/2008,SDM,CA,AWP,WE,Federal Contract Tower,0,1,20,0,21,0,0,123,0,123,0,1,143,0,144,200,0,200,344
08/11/2008,SDM,CA,AWP,WE,Federal Contract Tower,0,7,11,0,18,0,0,61,0,61,0,7,72,0,79,164,0,164,243
08/12/2008,SDM,CA,AWP,WE,Federal Contract Tower,0,6,11,0,17,0,0,89,0,89,0,6,100,0,106,244,0,244,350
08/13/2008,SDM,CA,AWP,WE,Federal Contract Tower,0,3,18,0,21,0,0,56,0,56,0,3,74,0,77,136,16,152,229
08/14/2008,SDM,CA,AWP,WE,Federal Contract Tower,0,8,31,0,39,0,0,116,0,116,0,8,147,0,155,244,14,258,413
08/15/2008,SDM,CA,AWP,WE,Federal Contract Tower,2,9,22,2,35,0,2,84,2,88,2,11,106,4,123,195,0,195,318
08/16/2008,SDM,CA,AWP,WE,Federal Contract Tower,0,6,12,0,18,0,2,132,0,134,0,8,144,0,152,276,0,276,428
08/17/2008,SDM,CA,AWP,WE,Federal Contract Tower,0,6,19,1,26,0,1,102,1,104,0,7,121,2,130,118,0,118,248
08/18/2008,SDM,CA,AWP,WE,Federal Contract Tower,0,4,16,0,20,0,1,78,1,80,0,5,94,1,100,164,12,176,276
08/19/2008,SDM,CA,AWP,WE,Federal Contract Tower,0,5,20,0,25,0,0,63,0,63,0,5,83,0,88,152,0,152,240
08/20/2008,SDM,CA,AWP,WE,Federal Contract Tower,0,5,24,0,29,0,1,81,1,83,0,6,105,1,112,314,2,316,428
08/21/2008,SDM,CA,AWP,WE,Federal Contract Tower,0,9,25,0,34,0,0,65,4,69,0,9,90,4,103,202,4,206,309
08/22/2008,SDM,CA,AWP,WE,Federal Contract Tower,0,4,32,0,36,0,0,87,1,88,0,4,119,1,124,234,0,234,358
08/23/2008,SDM,CA,AWP,WE,Federal Contract Tower,0,16,18,1,35,0,0,94,0,94,0,16,112,1,129,122,0,122,251
08/24/2008,SDM,CA,AWP,WE,Federal Contract Tower,0,9,21,0,30,0,0,81,4,85,0,9,102,4,115,152,0,152,267
08/25/2008,SDM,CA,AWP,WE,Federal Contract Tower,0,8,13,0,21,0,0,50,2,52,0,8,63,2,73,126,2,128,201
08/26/2008,SDM,CA,AWP,WE,Federal Contract Tower,0,5,26,0,31,0,2,81,0,83,0,7,107,0,114,188,3,191,305
08/27/2008,SDM,CA,AWP,WE,Federal Contract Tower,0,1,29,0,30,0,0,59,0,59,0,1,88,0,89,212,4,216,305
08/28/2008,SDM,CA,AWP,WE,Federal Contract Tower,0,5,30,1,36,0,0,61,0,61,0,5,91,1,97,156,0,156,253
08/29/2008,SDM,CA,AWP,WE,Federal Contract Tower,0,4,29,0,33,0,0,81,0,81,0,4,110,0,114,186,0,186,300
08/30/2008,SDM,CA,AWP,WE,Federal Contract Tower,0,5,14,0,19,0,0,105,0,105,0,5,119,0,124,172,0,172,296
08/31/2008,SDM,CA,AWP,WE,Federal Contract Tower,0,7,23,0,30,0,0,102,0,102,0,7,125,0,132,154,0,154,286
09/01/2008,SDM,CA,AWP,WE,Federal Contract Tower,0,3,30,0,33,0,0,120,0,120,0,3,150,0,153,92,0,92,245
09/02/2008,SDM,CA,AWP,WE,Federal Contract Tower,0,0,37,0,37,0,3,108,2,113,0,3,145,2,150,170,0,170,320
09/03/2008,SDM,CA,AWP,WE,Federal Contract Tower,0,0,28,1,29,0,0,85,7,92,0,0,113,8,121,182,4,186,307
09/04/2008,SDM,CA,AWP,WE,Federal Contract Tower,0,2,27,0,29,0,1,79,0,80,0,3,106,0,109,100,4,104,213
09/05/2008,SDM,CA,AWP,WE,Federal Contract Tower,0,6,20,1,27,0,0,85,0,85,0,6,105,1,112,282,36,318,430
09/06/2008,SDM,CA,AWP,WE,Federal Contract Tower,0,4,26,1,31,0,4,338,0,342,0,8,364,1,373,184,1,185,558
09/07/2008,SDM,CA,AWP,WE,Federal Contract Tower,0,3,21,1,25,0,1,93,2,96,0,4,114,3,121,82,2,84,205
09/08/2008,SDM,CA,AWP,WE,Federal Contract Tower,0,1,24,0,25,0,0,56,0,56,0,1,80,0,81,116,0,116,197
09/09/2008,SDM,CA,AWP,WE,Federal Contract Tower,0,4,25,1,30,0,0,74,0,74,0,4,99,1,104,214,0,214,318
09/10/2008,SDM,CA,AWP,WE,Federal Contract Tower,0,4,33,0,37,0,2,74,10,86,0,6,107,10,123,144,0,144,267
09/11/2008,SDM,CA,AWP,WE,Federal Contract Tower,0,10,42,0,52,0,0,90,4,94,0,10,132,4,146,153,0,153,299
09/12/2008,SDM,CA,AWP,WE,Federal Contract Tower,0,8,40,0,48,0,0,50,0,50,0,8,90,0,98,76,0,76,174
09/13/2008,SDM,CA,AWP,WE,Federal Contract Tower,0,7,17,1,25,0,0,99,0,99,0,7,116,1,124,172,0,172,296
09/14/2008,SDM,CA,AWP,WE,Federal Contract Tower,1,6,28,0,35,0,4,79,0,83,1,10,107,0,118,16,0,16,134
09/15/2008,SDM,CA,AWP,WE,Federal Contract Tower,1,7,19,1,28,0,0,34,0,34,1,7,53,1,62,94,0,94,156
09/16/2008,SDM,CA,AWP,WE,Federal Contract Tower,0,5,12,1,18,0,0,67,0,67,0,5,79,1,85,150,0,150,235
09/17/2008,SDM,CA,AWP,WE,Federal Contract Tower,0,6,21,2,29,0,0,58,0,58,0,6,79,2,87,190,4,194,281
09/18/2008,SDM,CA,AWP,WE,Federal Contract Tower,0,5,19,0,24,0,2,86,0,88,0,7,105,0,112,180,0,180,292
09/19/2008,SDM,CA,AWP,WE,Federal Contract Tower,0,5,15,2,22,0,0,82,0,82,0,5,97,2,104,140,2,142,246
09/20/2008,SDM,CA,AWP,WE,Federal Contract Tower,0,4,13,0,17,0,1,121,0,122,0,5,134,0,139,170,0,170,309
09/21/2008,SDM,CA,AWP,WE,Federal Contract Tower,0,6,14,0,20,0,0,112,0,112,0,6,126,0,132,182,0,182,314
09/22/2008,SDM,CA,AWP,WE,Federal Contract Tower,0,5,15,1,21,0,0,84,0,84,0,5,99,1,105,202,0,202,307
09/23/2008,SDM,CA,AWP,WE,Federal Contract Tower,0,5,16,1,22,0,0,70,0,70,0,5,86,1,92,164,4,168,260
09/24/2008,SDM,CA,AWP,WE,Federal Contract Tower,0,4,21,0,25,0,0,65,0,65,0,4,86,0,90,136,0,136,226
09/25/2008,SDM,CA,AWP,WE,Federal Contract Tower,0,9,21,0,30,0,5,53,0,58,0,14,74,0,88,218,0,218,306
09/26/2008,SDM,CA,AWP,WE,Federal Contract Tower,0,1,19,0,20,0,0,71,1,72,0,1,90,1,92,184,10,194,286
09/27/2008,SDM,CA,AWP,WE,Federal Contract Tower,0,1,23,0,24,0,0,105,0,105,0,1,128,0,129,90,0,90,219
09/28/2008,SDM,CA,AWP,WE,Federal Contract Tower,0,5,26,2,33,0,0,92,1,93,0,5,118,3,126,102,0,102,228
09/29/2008,SDM,CA,AWP,WE,Federal Contract Tower,0,4,27,0,31,0,0,59,7,66,0,4,86,7,97,204,0,204,301
09/30/2008,SDM,CA,AWP,WE,Federal Contract Tower,0,2,30,0,32,0,0,67,6,73,0,2,97,6,105,239,4,243,348
10/01/2008,SDM,CA,AWP,WE,Federal Contract Tower,0,3,18,0,21,0,0,58,4,62,0,3,76,4,83,142,0,142,225
10/02/2008,SDM,CA,AWP,WE,Federal Contract Tower,0,3,25,1,29,0,0,78,0,78,0,3,103,1,107,160,0,160,267
10/03/2008,SDM,CA,AWP,WE,Federal Contract Tower,0,6,14,2,22,0,0,88,0,88,0,6,102,2,110,138,0,138,248
10/04/2008,SDM,CA,AWP,WE,Federal Contract Tower,0,5,18,0,23,0,0,64,0,64,0,5,82,0,87,204,0,204,291
10/05/2008,SDM,CA,AWP,WE,Federal Contract Tower,0,4,20,0,24,0,2,101,4,107,0,6,121,4,131,68,0,68,199
10/06/2008,SDM,CA,AWP,WE,Federal Contract Tower,0,1,33,3,37,0,2,67,3,72,0,3,100,6,109,190,48,238,347
10/07/2008,SDM,CA,AWP,WE,Federal Contract Tower,0,8,18,0,26,0,0,74,11,85,0,8,92,11,111,154,2,156,267
10/08/2008,SDM,CA,AWP,WE,Federal Contract Tower,0,7,24,0,31,0,0,82,5,87,0,7,106,5,118,246,4,250,368
10/09/2008,SDM,CA,AWP,WE,Federal Contract Tower,0,6,17,2,25,0,0,67,0,67,0,6,84,2,92,104,16,120,212
10/10/2008,SDM,CA,AWP,WE,Federal Contract Tower,0,9,30,1,40,0,0,73,0,73,0,9,103,1,113,88,0,88,201
10/11/2008,SDM,CA,AWP,WE,Federal Contract Tower,0,3,16,0,19,0,4,98,0,102,0,7,114,0,121,128,0,128,249
10/12/2008,SDM,CA,AWP,WE,Federal Contract Tower,0,1,18,0,19,0,1,93,0,94,0,2,111,0,113,148,0,148,261
10/13/2008,SDM,CA,AWP,WE,Federal Contract Tower,0,5,21,2,28,0,0,66,0,66,0,5,87,2,94,204,0,204,298
10/14/2008,SDM,CA,AWP,WE,Federal Contract Tower,0,4,19,2,25,0,0,52,0,52,0,4,71,2,77,240,0,240,317
10/15/2008,SDM,CA,AWP,WE,Federal Contract Tower,0,11,32,0,43,0,0,84,15,99,0,11,116,15,142,294,0,294,436
10/16/2008,SDM,CA,AWP,WE,Federal Contract Tower,0,7,34,0,41,0,1,69,10,80,0,8,103,10,121,184,8,192,313
10/17/2008,SDM,CA,AWP,WE,Federal Contract Tower,0,5,15,1,21,0,0,84,0,84,0,5,99,1,105,190,10,200,305
10/18/2008,SDM,CA,AWP,WE,Federal Contract Tower,0,2,10,0,12,0,2,140,1,143,0,4,150,1,155,248,0,248,403
10/19/2008,SDM,CA,AWP,WE,Federal Contract Tower,0,8,37,1,46,0,0,113,0,113,0,8,150,1,159,162,0,162,321
10/20/2008,SDM,CA,AWP,WE,Federal Contract Tower,0,8,31,1,40,0,2,50,6,58,0,10,81,7,98,116,12,128,226
10/21/2008,SDM,CA,AWP,WE,Federal Contract Tower,0,0,26,1,27,0,0,75,10,85,0,0,101,11,112,136,54,190,302
10/22/2008,SDM,CA,AWP,WE,Federal Contract Tower,0,4,19,2,25,0,3,81,16,100,0,7,100,18,125,174,4,178,303
10/23/2008,SDM,CA,AWP,WE,Federal Contract Tower,0,5,8,1,14,0,0,70,0,70,0,5,78,1,84,164,6,170,254
10/24/2008,SDM,CA,AWP,WE,Federal Contract Tower,0,6,21,0,27,0,0,74,0,74,0,6,95,0,101,198,0,198,299
10/25/2008,SDM,CA,AWP,WE,Federal Contract Tower,0,3,17,2,22,0,0,116,0,116,0,3,133,2,138,186,0,186,324
10/26/2008,SDM,CA,AWP,WE,Federal Contract Tower,0,8,25,0,33,0,0,107,4,111,0,8,132,4,144,140,0,140,284
10/27/2008,SDM,CA,AWP,WE,Federal Contract Tower,0,4,16,1,21,0,0,49,9,58,0,4,65,10,79,96,32,128,207
10/28/2008,SDM,CA,AWP,WE,Federal Contract Tower,0,1,27,0,28,0,1,71,0,72,0,2,98,0,100,118,0,118,218
10/29/2008,SDM,CA,AWP,WE,Federal Contract Tower,0,6,13,0,19,0,0,69,0,69,0,6,82,0,88,140,30,170,258
10/30/2008,SDM,CA,AWP,WE,Federal Contract Tower,0,7,22,1,30,0,0,56,0,56,0,7,78,1,86,76,0,76,162
10/31/2008,SDM,CA,AWP,WE,Federal Contract Tower,0,9,33,0,42,0,0,83,0,83,0,9,116,0,125,245,2,247,372
11/01/2008,SDM,CA,AWP,WE,Federal Contract Tower,0,3,23,0,26,0,0,110,0,110,0,3,133,0,136,184,0,184,320
11/02/2008,SDM,CA,AWP,WE,Federal Contract Tower,0,5,29,0,34,0,3,51,0,54,0,8,80,0,88,182,0,182,270
11/03/2008,SDM,CA,AWP,WE,Federal Contract Tower,0,3,27,0,30,0,0,61,0,61,0,3,88,0,91,88,12,100,191
11/04/2008,SDM,CA,AWP,WE,Federal Contract Tower,0,4,14,3,21,0,0,33,0,33,0,4,47,3,54,32,0,32,86
11/05/2008,SDM,CA,AWP,WE,Federal Contract Tower,0,4,21,0,25,0,0,75,0,75,0,4,96,0,100,124,12,136,236
11/06/2008,SDM,CA,AWP,WE,Federal Contract Tower,0,10,24,0,34,0,0,42,0,42,0,10,66,0,76,194,14,208,284
11/07/2008,SDM,CA,AWP,WE,Federal Contract Tower,0,14,27,0,41,0,0,63,0,63,0,14,90,0,104,270,8,278,382
11/08/2008,SDM,CA,AWP,WE,Federal Contract Tower,0,12,25,0,37,0,0,128,0,128,0,12,153,0,165,180,4,184,349
11/09/2008,SDM,CA,AWP,WE,Federal Contract Tower,0,9,44,1,54,0,0,46,0,46,0,9,90,1,100,30,0,30,130
11/10/2008,SDM,CA,AWP,WE,Federal Contract Tower,0,4,32,0,36,0,0,60,2,62,0,4,92,2,98,74,28,102,200
11/11/2008,SDM,CA,AWP,WE,Federal Contract Tower,0,4,32,0,36,0,0,71,0,71,0,4,103,0,107,198,0,198,305
11/12/2008,SDM,CA,AWP,WE,Federal Contract Tower,0,5,22,0,27,0,1,81,11,93,0,6,103,11,120,276,20,296,416
11/13/2008,SDM,CA,AWP,WE,Federal Contract Tower,0,3,19,1,23,0,0,118,8,126,0,3,137,9,149,184,1,185,334
11/14/2008,SDM,CA,AWP,WE,Federal Contract Tower,0,17,24,4,45,0,0,93,15,108,0,17,117,19,153,160,0,160,313
11/15/2008,SDM,CA,AWP,WE,Federal Contract Tower,0,5,13,1,19,0,0,85,0,85,0,5,98,1,104,118,18,136,240
11/16/2008,SDM,CA,AWP,WE,Federal Contract Tower,0,6,18,1,25,0,0,83,3,86,0,6,101,4,111,80,90,170,281
11/17/2008,SDM,CA,AWP,WE,Federal Contract Tower,0,13,27,1,41,0,0,90,0,90,0,13,117,1,131,320,34,354,485
11/18/2008,SDM,CA,AWP,WE,Federal Contract Tower,0,5,32,0,37,0,0,83,3,86,0,5,115,3,123,232,62,294,417
11/19/2008,SDM,CA,AWP,WE,Federal Contract Tower,0,5,21,0,26,0,1,67,0,68,0,6,88,0,94,138,22,160,254
11/20/2008,SDM,CA,AWP,WE,Federal Contract Tower,0,2,28,0,30,0,0,95,0,95,0,2,123,0,125,294,88,382,507
11/21/2008,SDM,CA,AWP,WE,Federal Contract Tower,0,10,28,0,38,0,0,105,0,105,0,10,133,0,143,264,6,270,413
11/22/2008,SDM,CA,AWP,WE,Federal Contract Tower,0,5,26,2,33,0,1,120,0,121,0,6,146,2,154,146,0,146,300
11/23/2008,SDM,CA,AWP,WE,Federal Contract Tower,0,8,46,7,61,0,1,72,0,73,0,9,118,7,134,56,0,56,190
11/24/2008,SDM,CA,AWP,WE,Federal Contract Tower,0,2,26,1,29,0,1,55,2,58,0,3,81,3,87,150,4,154,241
11/25/2008,SDM,CA,AWP,WE,Federal Contract Tower,0,2,42,0,44,0,0,58,0,58,0,2,100,0,102,80,0,80,182
11/26/2008,SDM,CA,AWP,WE,Federal Contract Tower,0,7,32,1,40,0,0,26,0,26,0,7,58,1,66,64,2,66,132
11/27/2008,SDM,CA,AWP,WE,Federal Contract Tower,0,3,9,0,12,0,1,10,0,11,0,4,19,0,23,12,0,12,35
11/28/2008,SDM,CA,AWP,WE,Federal Contract Tower,0,7,21,1,29,0,0,71,0,71,0,7,92,1,100,58,0,58,158
11/29/2008,SDM,CA,AWP,WE,Federal Contract Tower,0,10,32,0,42,0,1,111,0,112,0,11,143,0,154,56,0,56,210
11/30/2008,SDM,CA,AWP,WE,Federal Contract Tower,0,16,52,0,68,0,0,106,0,106,0,16,158,0,174,78,0,78,252
12/01/2008,SDM,CA,AWP,WE,Federal Contract Tower,0,14,22,1,37,0,0,61,0,61,0,14,83,1,98,82,16,98,196
12/02/2008,SDM,CA,AWP,WE,Federal Contract Tower,0,9,21,1,31,0,0,32,4,36,0,9,53,5,67,34,26,60,127
12/03/2008,SDM,CA,AWP,WE,Federal Contract Tower,0,11,34,1,46,0,0,44,2,46,0,11,78,3,92,42,10,52,144
12/04/2008,SDM,CA,AWP,WE,Federal Contract Tower,0,9,27,0,36,0,0,57,0,57,0,9,84,0,93,178,4,182,275
12/05/2008,SDM,CA,AWP,WE,Federal Contract Tower,0,4,21,0,25,0,0,50,0,50,0,4,71,0,75,122,0,122,197
12/06/2008,SDM,CA,AWP,WE,Federal Contract Tower,0,1,19,0,20,0,0,91,0,91,0,1,110,0,111,228,0,228,339
12/07/2008,SDM,CA,AWP,WE,Federal Contract Tower,0,8,28,1,37,0,0,34,0,34,0,8,62,1,71,108,26,134,205
12/08/2008,SDM,CA,AWP,WE,Federal Contract Tower,0,7,24,1,32,0,3,36,0,39,0,10,60,1,71,144,16,160,231
12/09/2008,SDM,CA,AWP,WE,Federal Contract Tower,0,9,13,0,22,0,0,45,2,47,0,9,58,2,69,86,8,94,163
12/10/2008,SDM,CA,AWP,WE,Federal Contract Tower,0,8,19,1,28,0,2,83,0,85,0,10,102,1,113,148,4,152,265
12/11/2008,SDM,CA,AWP,WE,Federal Contract Tower,0,1,23,0,24,0,0,85,0,85,0,1,108,0,109,172,6,178,287
12/12/2008,SDM,CA,AWP,WE,Federal Contract Tower,0,7,23,5,35,0,0,46,2,48,0,7,69,7,83,76,16,92,175
12/13/2008,SDM,CA,AWP,WE,Federal Contract Tower,0,8,12,1,21,0,0,26,0,26,0,8,38,1,47,38,0,38,85
12/14/2008,SDM,CA,AWP,WE,Federal Contract Tower,0,7,23,0,30,0,0,75,0,75,0,7,98,0,105,28,0,28,133
12/15/2008,SDM,CA,AWP,WE,Federal Contract Tower,0,3,5,0,8,0,0,0,0,0,0,3,5,0,8,6,0,6,14
12/16/2008,SDM,CA,AWP,WE,Federal Contract Tower,0,4,12,0,16,0,0,31,0,31,0,4,43,0,47,56,20,76,123
12/17/2008,SDM,CA,AWP,WE,Federal Contract Tower,0,1,13,0,14,0,0,5,0,5,0,1,18,0,19,0,38,38,57
12/18/2008,SDM,CA,AWP,WE,Federal Contract Tower,0,9,24,0,33,0,0,67,2,69,0,9,91,2,102,94,32,126,228
12/19/2008,SDM,CA,AWP,WE,Federal Contract Tower,0,7,41,0,48,0,0,78,0,78,0,7,119,0,126,168,0,168,294
12/20/2008,SDM,CA,AWP,WE,Federal Contract Tower,0,10,40,1,51,0,2,141,0,143,0,12,181,1,194,156,0,156,350
12/21/2008,SDM,CA,AWP,WE,Federal Contract Tower,0,6,23,0,29,0,0,96,0,96,0,6,119,0,125,162,0,162,287
12/22/2008,SDM,CA,AWP,WE,Federal Contract Tower,0,9,19,0,28,0,1,2,2,5,0,10,21,2,33,0,0,0,33
12/23/2008,SDM,CA,AWP,WE,Federal Contract Tower,3,0,24,0,27,0,0,47,0,47,3,0,71,0,74,130,8,138,212
12/24/2008,SDM,CA,AWP,WE,Federal Contract Tower,0,5,17,0,22,0,0,20,0,20,0,5,37,0,42,30,0,30,72
12/25/2008,SDM,CA,AWP,WE,Federal Contract Tower,0,5,2,0,7,0,0,0,0,0,0,5,2,0,7,0,0,0,7
12/26/2008,SDM,CA,AWP,WE,Federal Contract Tower,0,10,25,0,35,0,0,51,0,51,0,10,76,0,86,90,0,90,176
12/27/2008,SDM,CA,AWP,WE,Federal Contract Tower,0,16,33,0,49,0,0,109,0,109,0,16,142,0,158,194,0,194,352
12/28/2008,SDM,CA,AWP,WE,Federal Contract Tower,0,12,28,0,40,0,0,81,0,81,0,12,109,0,121,180,0,180,301
12/29/2008,SDM,CA,AWP,WE,Federal Contract Tower,0,11,24,0,35,0,0,98,0,98,0,11,122,0,133,152,22,174,307
12/30/2008,SDM,CA,AWP,WE,Federal Contract Tower,0,6,18,1,25,0,0,72,0,72,0,6,90,1,97,114,28,142,239
12/31/2008,SDM,CA,AWP,WE,Federal Contract Tower,0,4,23,1,28,0,0,84,0,84,0,4,107,1,112,188,0,188,300
01/01/2009,SDM,CA,AWP,WE,Federal Contract Tower,0,4,15,0,19,0,0,57,0,57,0,4,72,0,76,30,0,30,106
01/02/2009,SDM,CA,AWP,WE,Federal Contract Tower,0,5,37,0,42,0,0,0,0,0,0,5,37,0,42,0,0,0,42
01/03/2009,SDM,CA,AWP,WE,Federal Contract Tower,0,15,59,0,74,0,0,10,0,10,0,15,69,0,84,0,0,0,84
01/04/2009,SDM,CA,AWP,WE,Federal Contract Tower,0,15,35,0,50,0,0,81,0,81,0,15,116,0,131,72,0,72,203
01/05/2009,SDM,CA,AWP,WE,Federal Contract Tower,0,7,28,0,35,0,0,76,0,76,0,7,104,0,111,87,0,87,198
01/06/2009,SDM,CA,AWP,WE,Federal Contract Tower,0,7,14,0,21,0,0,68,0,68,0,7,82,0,89,188,76,264,353
01/07/2009,SDM,CA,AWP,WE,Federal Contract Tower,0,9,24,0,33,0,1,63,0,64,0,10,87,0,97,93,18,111,208
01/08/2009,SDM,CA,AWP,WE,Federal Contract Tower,0,9,29,5,43,0,1,27,12,40,0,10,56,17,83,56,26,82,165
01/09/2009,SDM,CA,AWP,WE,Federal Contract Tower,0,9,25,0,34,0,2,42,0,44,0,11,67,0,78,160,12,172,250
01/10/2009,SDM,CA,AWP,WE,Federal Contract Tower,0,8,15,0,23,0,0,126,0,126,0,8,141,0,149,226,0,226,375
01/11/2009,SDM,CA,AWP,WE,Federal Contract Tower,0,10,20,0,30,0,1,66,0,67,0,11,86,0,97,78,0,78,175
01/12/2009,SDM,CA,AWP,WE,Federal Contract Tower,0,4,26,2,32,0,0,54,9,63,0,4,80,11,95,94,3,97,192
01/13/2009,SDM,CA,AWP,WE,Federal Contract Tower,0,7,28,1,36,0,2,70,2,74,0,9,98,3,110,208,52,260,370
01/14/2009,SDM,CA,AWP,WE,Federal Contract Tower,0,4,25,1,30,0,1,71,10,82,0,5,96,11,112,82,38,120,232
01/15/2009,SDM,CA,AWP,WE,Federal Contract Tower,0,1,13,1,15,0,0,102,13,115,0,1,115,14,130,182,34,216,346
01/16/2009,SDM,CA,AWP,WE,Federal Contract Tower,0,1,17,3,21,0,0,92,10,102,0,1,109,13,123,116,0,116,239
01/17/2009,SDM,CA,AWP,WE,Federal Contract Tower,0,4,21,0,25,0,0,145,0,145,0,4,166,0,170,256,0,256,426
01/18/2009,SDM,CA,AWP,WE,Federal Contract Tower,0,3,10,1,14,0,0,80,0,80,0,3,90,1,94,220,0,220,314
01/19/2009,SDM,CA,AWP,WE,Federal Contract Tower,0,5,35,2,42,0,1,86,2,89,0,6,121,4,131,233,0,233,364
01/20/2009,SDM,CA,AWP,WE,Federal Contract Tower,0,4,26,1,31,0,0,61,18,79,0,4,87,19,110,150,4,154,264
01/21/2009,SDM,CA,AWP,WE,Federal Contract Tower,0,8,24,0,32,0,0,55,20,75,0,8,79,20,107,284,32,316,423
01/22/2009,SDM,CA,AWP,WE,Federal Contract Tower,0,5,22,0,27,0,0,34,2,36,0,5,56,2,63,110,26,136,199
01/23/2009,SDM,CA,AWP,WE,Federal Contract Tower,0,7,18,1,26,0,0,24,0,24,0,7,42,1,50,38,0,38,88
01/24/2009,SDM,CA,AWP,WE,Federal Contract Tower,0,3,28,1,32,0,0,69,0,69,0,3,97,1,101,94,0,94,195
01/25/2009,SDM,CA,AWP,WE,Federal Contract Tower,0,9,22,1,32,0,0,48,0,48,0,9,70,1,80,122,0,122,202
01/26/2009,SDM,CA,AWP,WE,Federal Contract Tower,0,3,12,0,15,0,0,33,0,33,0,3,45,0,48,94,46,140,188
01/27/2009,SDM,CA,AWP,WE,Federal Contract Tower,0,8,14,0,22,0,0,82,13,95,0,8,96,13,117,220,2,222,339
01/28/2009,SDM,CA,AWP,WE,Federal Contract Tower,0,3,18,0,21,0,1,109,9,119,0,4,127,9,140,328,8,336,476
01/29/2009,SDM,CA,AWP,WE,Federal Contract Tower,0,3,20,0,23,0,0,80,2,82,0,3,100,2,105,208,32,240,345
01/30/2009,SDM,CA,AWP,WE,Federal Contract Tower,0,5,27,0,32,0,0,76,8,84,0,5,103,8,116,170,0,170,286
01/31/2009,SDM,CA,AWP,WE,Federal Contract Tower,0,4,28,0,32,0,0,155,0,155,0,4,183,0,187,180,0,180,367
02/01/2009,SDM,CA,AWP,WE,Federal Contract Tower,0,1,24,0,25,0,0,102,0,102,0,1,126,0,127,114,0,114,241
02/02/2009,SDM,CA,AWP,WE,Federal Contract Tower,0,7,17,0,24,0,0,79,7,86,0,7,96,7,110,184,0,184,294
02/03/2009,SDM,CA,AWP,WE,Federal Contract Tower,0,8,12,0,20,0,0,68,6,74,0,8,80,6,94,90,12,102,196
02/04/2009,SDM,CA,AWP,WE,Federal Contract Tower,0,2,21,0,23,0,0,75,9,84,0,2,96,9,107,90,10,100,207
02/05/2009,SDM,CA,AWP,WE,Federal Contract Tower,0,4,14,0,18,0,0,23,7,30,0,4,37,7,48,70,2,72,120
02/06/2009,SDM,CA,AWP,WE,Federal Contract Tower,0,6,12,0,18,0,0,10,0,10,0,6,22,0,28,12,42,54,82
02/07/2009,SDM,CA,AWP,WE,Federal Contract Tower,0,3,7,0,10,0,0,13,0,13,0,3,20,0,23,0,0,0,23
02/08/2009,SDM,CA,AWP,WE,Federal Contract Tower,0,9,13,0,22,0,0,79,0,79,0,9,92,0,101,196,0,196,297
02/09/2009,SDM,CA,AWP,WE,Federal Contract Tower,0,5,15,0,20,0,0,11,0,11,0,5,26,0,31,98,36,134,165
02/10/2009,SDM,CA,AWP,WE,Federal Contract Tower,0,1,25,0,26,0,0,105,0,105,0,1,130,0,131,246,10,256,387
02/11/2009,SDM,CA,AWP,WE,Federal Contract Tower,0,5,26,0,31,0,0,73,2,75,0,5,99,2,106,308,8,316,422
02/12/2009,SDM,CA,AWP,WE,Federal Contract Tower,0,5,20,0,25,0,0,80,0,80,0,5,100,0,105,154,0,154,259
02/13/2009,SDM,CA,AWP,WE,Federal Contract Tower,0,14,17,0,31,0,0,40,0,40,0,14,57,0,71,184,0,184,255
02/14/2009,SDM,CA,AWP,WE,Federal Contract Tower,0,6,14,0,20,0,0,85,0,85,0,6,99,0,105,152,0,152,257
02/15/2009,SDM,CA,AWP,WE,Federal Contract Tower,0,11,21,1,33,0,0,79,4,83,0,11,100,5,116,70,0,70,186
02/16/2009,SDM,CA,AWP,WE,Federal Contract Tower,0,6,15,0,21,0,2,7,0,9,0,8,22,0,30,26,0,26,56
02/17/2009,SDM,CA,AWP,WE,Federal Contract Tower,0,5,21,0,26,0,0,31,3,34,0,5,52,3,60,92,0,92,152
02/18/2009,SDM,CA,AWP,WE,Federal Contract Tower,0,9,11,1,21,0,0,56,7,63,0,9,67,8,84,158,12,170,254
02/19/2009,SDM,CA,AWP,WE,Federal Contract Tower,0,2,11,0,13,0,0,99,22,121,0,2,110,22,134,243,0,243,377
02/20/2009,SDM,CA,AWP,WE,Federal Contract Tower,0,6,21,0,27,0,0,62,5,67,0,6,83,5,94,276,0,276,370
02/21/2009,SDM,CA,AWP,WE,Federal Contract Tower,0,7,19,1,27,0,0,137,0,137,0,7,156,1,164,194,0,194,358
02/22/2009,SDM,CA,AWP,WE,Federal Contract Tower,0,6,19,0,25,0,0,76,2,78,0,6,95,2,103,170,0,170,273
02/23/2009,SDM,CA,AWP,WE,Federal Contract Tower,0,4,6,0,10,0,0,54,6,60,0,4,60,6,70,76,0,76,146
02/24/2009,SDM,CA,AWP,WE,Federal Contract Tower,0,10,14,0,24,0,68,8,0,76,0,78,22,0,100,110,0,110,210
02/25/2009,SDM,CA,AWP,WE,Federal Contract Tower,0,5,26,0,31,0,0,52,10,62,0,5,78,10,93,100,16,116,209
02/26/2009,SDM,CA,AWP,WE,Federal Contract Tower,0,3,23,0,26,0,0,69,1,70,0,3,92,1,96,116,0,116,212
02/27/2009,SDM,CA,AWP,WE,Federal Contract Tower,0,5,18,0,23,0,0,98,0,98,0,5,116,0,121,130,0,130,251
02/28/2009,SDM,CA,AWP,WE,Federal Contract Tower,0,5,10,0,15,0,0,178,0,178,0,5,188,0,193,262,0,262,455
03/01/2009,SDM,CA,AWP,WE,Federal Contract Tower,0,12,20,0,32,0,0,126,6,132,0,12,146,6,164,130,0,130,294
03/02/2009,SDM,CA,AWP,WE,Federal Contract Tower,0,8,14,0,22,0,0,63,4,67,0,8,77,4,89,270,2,272,361
03/03/2009,SDM,CA,AWP,WE,Federal Contract Tower,0,2,14,0,16,0,0,67,10,77,0,2,81,10,93,108,0,108,201
03/04/2009,SDM,CA,AWP,WE,Federal Contract Tower,0,10,13,0,23,0,0,55,7,62,0,10,68,7,85,180,18,198,283
03/05/2009,SDM,CA,AWP,WE,Federal Contract Tower,0,9,19,0,28,0,0,55,8,63,0,9,74,8,91,76,22,98,189
03/06/2009,SDM,CA,AWP,WE,Federal Contract Tower,0,11,27,0,38,0,0,68,5,73,0,11,95,5,111,216,16,232,343
03/07/2009,SDM,CA,AWP,WE,Federal Contract Tower,0,7,19,0,26,0,0,118,0,118,0,7,137,0,144,224,0,224,368
03/08/2009,SDM,CA,AWP,WE,Federal Contract Tower,0,2,22,0,24,0,0,81,2,83,0,2,103,2,107,84,0,84,191
03/09/2009,SDM,CA,AWP,WE,Federal Contract Tower,0,9,25,0,34,0,0,43,7,50,0,9,68,7,84,100,4,104,188
03/10/2009,SDM,CA,AWP,WE,Federal Contract Tower,0,1,8,0,9,0,0,58,8,66,0,1,66,8,75,154,10,164,239
03/11/2009,SDM,CA,AWP,WE,Federal Contract Tower,0,9,19,0,28,0,0,94,10,104,0,9,113,10,132,184,0,184,316
03/12/2009,SDM,CA,AWP,WE,Federal Contract Tower,0,5,31,0,36,0,0,54,14,68,0,5,85,14,104,134,32,166,270
03/13/2009,SDM,CA,AWP,WE,Federal Contract Tower,0,2,23,0,25,0,85,0,0,85,0,87,23,0,110,146,6,152,262
03/14/2009,SDM,CA,AWP,WE,Federal Contract Tower,0,4,31,0,35,0,0,102,0,102,0,4,133,0,137,68,0,68,205
03/15/2009,SDM,CA,AWP,WE,Federal Contract Tower,0,13,36,0,49,0,0,102,4,106,0,13,138,4,155,118,2,120,275
03/16/2009,SDM,CA,AWP,WE,Federal Contract Tower,0,5,24,0,29,0,0,78,4,82,0,5,102,4,111,140,0,140,251
03/17/2009,SDM,CA,AWP,WE,Federal Contract Tower,0,7,20,0,27,0,0,96,8,104,0,7,116,8,131,139,10,149,280
03/18/2009,SDM,CA,AWP,WE,Federal Contract Tower,0,5,19,0,24,0,0,76,11,87,0,5,95,11,111,146,52,198,309
03/19/2009,SDM,CA,AWP,WE,Federal Contract Tower,0,8,17,0,25,0,0,84,15,99,0,8,101,15,124,126,74,200,324
03/20/2009,SDM,CA,AWP,WE,Federal Contract Tower,0,1,12,0,13,0,0,80,0,80,0,1,92,0,93,84,0,84,177
03/21/2009,SDM,CA,AWP,WE,Federal Contract Tower,0,3,27,0,30,0,0,120,0,120,0,3,147,0,150,102,0,102,252
03/22/2009,SDM,CA,AWP,WE,Federal Contract Tower,0,0,28,0,28,0,2,22,0,24,0,2,50,0,52,10,0,10,62
03/23/2009,SDM,CA,AWP,WE,Federal Contract Tower,0,2,19,1,22,0,0,86,8,94,0,2,105,9,116,158,22,180,296
03/24/2009,SDM,CA,AWP,WE,Federal Contract Tower,0,4,16,0,20,0,0,79,13,92,0,4,95,13,112,208,30,238,350
03/25/2009,SDM,CA,AWP,WE,Federal Contract Tower,0,7,19,2,28,0,0,60,9,69,0,7,79,11,97,176,4,180,277
03/26/2009,SDM,CA,AWP,WE,Federal Contract Tower,0,3,10,0,13,0,1,71,5,77,0,4,81,5,90,226,24,250,340
03/27/2009,SDM,CA,AWP,WE,Federal Contract Tower,0,5,22,0,27,0,0,104,0,104,0,5,126,0,131,224,0,224,355
03/28/2009,SDM,CA,AWP,WE,Federal Contract Tower,0,0,18,0,18,0,0,147,0,147,0,0,165,0,165,174,0,174,339
03/29/2009,SDM,CA,AWP,WE,Federal Contract Tower,0,3,17,0,20,0,1,77,0,78,0,4,94,0,98,119,0,119,217
03/30/2009,SDM,CA,AWP,WE,Federal Contract Tower,0,9,19,0,28,0,0,67,9,76,0,9,86,9,104,156,0,156,260
03/31/2009,SDM,CA,AWP,WE,Federal Contract Tower,0,2,17,2,21,0,0,83,0,83,0,2,100,2,104,262,4,266,370
04/01/2009,SDM,CA,AWP,WE,Federal Contract Tower,0,1,14,2,17,0,0,54,5,59,0,1,68,7,76,182,0,182,258
04/02/2009,SDM,CA,AWP,WE,Federal Contract Tower,0,5,27,0,32,0,0,33,0,33,0,5,60,0,65,48,0,48,113
04/03/2009,SDM,CA,AWP,WE,Federal Contract Tower,0,3,23,0,26,0,0,17,0,17,0,3,40,0,43,24,0,24,67
04/04/2009,SDM,CA,AWP,WE,Federal Contract Tower,0,12,32,0,44,0,0,139,0,139,0,12,171,0,183,85,36,121,304
04/05/2009,SDM,CA,AWP,WE,Federal Contract Tower,0,10,21,1,32,0,0,51,0,51,0,10,72,1,83,94,10,104,187
04/06/2009,SDM,CA,AWP,WE,Federal Contract Tower,0,9,15,1,25,0,0,95,2,97,0,9,110,3,122,62,2,64,186
04/07/2009,SDM,CA,AWP,WE,Federal Contract Tower,0,4,20,0,24,0,0,97,0,97,0,4,117,0,121,78,0,78,199
04/08/2009,SDM,CA,AWP,WE,Federal Contract Tower,0,12,19,0,31,0,0,42,0,42,0,12,61,0,73,32,0,32,105
04/09/2009,SDM,CA,AWP,WE,Federal Contract Tower,0,2,20,2,24,0,0,61,12,73,0,2,81,14,97,160,20,180,277
04/10/2009,SDM,CA,AWP,WE,Federal Contract Tower,0,7,15,1,23,0,0,46,0,46,0,7,61,1,69,78,0,78,147
04/11/2009,SDM,CA,AWP,WE,Federal Contract Tower,0,7,27,0,34,0,0,40,0,40,0,7,67,0,74,76,0,76,150
04/12/2009,SDM,CA,AWP,WE,Federal Contract Tower,0,10,30,2,42,0,0,121,0,121,0,10,151,2,163,183,0,183,346
04/13/2009,SDM,CA,AWP,WE,Federal Contract Tower,0,9,20,0,29,0,0,117,0,117,0,9,137,0,146,118,2,120,266
04/14/2009,SDM,CA,AWP,WE,Federal Contract Tower,0,2,23,0,25,0,0,28,0,28,0,2,51,0,53,44,6,50,103
04/15/2009,SDM,CA,AWP,WE,Federal Contract Tower,0,3,5,0,8,0,1,37,0,38,0,4,42,0,46,42,2,44,90
04/16/2009,SDM,CA,AWP,WE,Federal Contract Tower,0,5,25,2,32,0,0,90,11,101,0,5,115,13,133,186,10,196,329
04/17/2009,SDM,CA,AWP,WE,Federal Contract Tower,0,0,16,0,16,0,0,82,12,94,0,0,98,12,110,134,24,158,268
04/18/2009,SDM,CA,AWP,WE,Federal Contract Tower,0,9,22,1,32,0,0,0,0,0,0,9,22,1,32,60,0,60,92
04/19/2009,SDM,CA,AWP,WE,Federal Contract Tower,0,1,21,1,23,0,0,87,0,87,0,1,108,1,110,24,0,24,134
04/20/2009,SDM,CA,AWP,WE,Federal Contract Tower,2,19,6,0,27,0,0,77,18,95,2,19,83,18,122,98,8,106,228
04/21/2009,SDM,CA,AWP,WE,Federal Contract Tower,0,2,18,0,20,0,0,56,0,56,0,2,74,0,76,170,0,170,246
04/22/2009,SDM,CA,AWP,WE,Federal Contract Tower,0,5,23,0,28,0,0,63,6,69,0,5,86,6,97,72,8,80,177
04/23/2009,SDM,CA,AWP,WE,Federal Contract Tower,0,7,14,0,21,0,0,48,0,48,0,7,62,0,69,56,6,62,131
04/24/2009,SDM,CA,AWP,WE,Federal Contract Tower,0,2,26,2,30,0,0,43,0,43,0,2,69,2,73,56,6,62,135
04/25/2009,SDM,CA,AWP,WE,Federal Contract Tower,0,2,11,1,14,0,0,77,0,77,0,2,88,1,91,172,0,172,263
04/26/2009,SDM,CA,AWP,WE,Federal Contract Tower,0,3,29,1,33,0,0,97,0,97,0,3,126,1,130,76,0,76,206
04/27/2009,SDM,CA,AWP,WE,Federal Contract Tower,0,7,9,0,16,0,0,38,0,38,0,7,47,0,54,66,4,70,124
04/28/2009,SDM,CA,AWP,WE,Federal Contract Tower,0,8,19,0,27,0,1,40,0,41,0,9,59,0,68,194,0,194,262
04/29/2009,SDM,CA,AWP,WE,Federal Contract Tower,0,9,17,0,26,0,0,78,0,78,0,9,95,0,104,140,0,140,244
04/30/2009,SDM,CA,AWP,WE,Federal Contract Tower,0,13,10,0,23,0,2,56,0,58,0,15,66,0,81,240,0,240,321
05/01/2009,SDM,CA,AWP,WE,Federal Contract Tower,0,5,13,0,18,0,0,60,1,61,0,5,73,1,79,240,0,240,319
05/02/2009,SDM,CA,AWP,WE,Federal Contract Tower,0,0,16,0,16,0,1,59,0,60,0,1,75,0,76,66,0,66,142
05/03/2009,SDM,CA,AWP,WE,Federal Contract Tower,0,2,7,0,9,0,0,68,0,68,0,2,75,0,77,76,0,76,153
05/04/2009,SDM,CA,AWP,WE,Federal Contract Tower,0,2,13,0,15,0,0,71,0,71,0,2,84,0,86,112,0,112,198
05/05/2009,SDM,CA,AWP,WE,Federal Contract Tower,0,3,15,0,18,0,1,116,0,117,0,4,131,0,135,106,10,116,251
05/06/2009,SDM,CA,AWP,WE,Federal Contract Tower,0,5,7,0,12,0,1,131,0,132,0,6,138,0,144,76,20,96,240
05/07/2009,SDM,CA,AWP,WE,Federal Contract Tower,0,10,8,0,18,0,1,195,0,196,0,11,203,0,214,98,0,98,312
05/08/2009,SDM,CA,AWP,WE,Federal Contract Tower,0,10,15,2,27,0,1,134,1,136,0,11,149,3,163,158,4,162,325
05/09/2009,SDM,CA,AWP,WE,Federal Contract Tower,0,5,27,0,32,0,0,207,6,213,0,5,234,6,245,74,0,74,319
05/10/2009,SDM,CA,AWP,WE,Federal Contract Tower,0,6,7,1,14,0,0,132,3,135,0,6,139,4,149,0,0,0,149
05/11/2009,SDM,CA,AWP,WE,Federal Contract Tower,0,5,18,0,23,0,0,115,5,120,0,5,133,5,143,169,2,171,314
05/12/2009,SDM,CA,AWP,WE,Federal Contract Tower,0,2,22,2,26,0,0,71,2,73,0,2,93,4,99,140,10,150,249
05/13/2009,SDM,CA,AWP,WE,Federal Contract Tower,0,6,11,1,18,0,0,42,5,47,0,6,53,6,65,354,18,372,437
05/14/2009,SDM,CA,AWP,WE,Federal Contract Tower,0,3,22,0,25,0,0,84,6,90,0,3,106,6,115,236,0,236,351
05/15/2009,SDM,CA,AWP,WE,Federal Contract Tower,0,1,23,2,26,0,0,69,0,69,0,1,92,2,95,134,0,134,229
05/16/2009,SDM,CA,AWP,WE,Federal Contract Tower,0,0,6,17,23,0,0,95,4,99,0,0,101,21,122,44,4,48,170
05/17/2009,SDM,CA,AWP,WE,Federal Contract Tower,0,8,20,2,30,0,0,107,0,107,0,8,127,2,137,62,0,62,199
05/18/2009,SDM,CA,AWP,WE,Federal Contract Tower,0,1,24,0,25,0,2,74,4,80,0,3,98,4,105,132,0,132,237
05/19/2009,SDM,CA,AWP,WE,Federal Contract Tower,0,4,23,1,28,0,0,47,0,47,0,4,70,1,75,252,2,254,329
05/20/2009,SDM,CA,AWP,WE,Federal Contract Tower,0,0,23,1,24,0,0,52,0,52,0,0,75,1,76,116,0,116,192
05/21/2009,SDM,CA,AWP,WE,Federal Contract Tower,0,2,6,0,8,0,0,136,8,144,0,2,142,8,152,266,8,274,426
05/22/2009,SDM,CA,AWP,WE,Federal Contract Tower,0,7,16,0,23,0,0,125,0,125,0,7,141,0,148,180,0,180,328
05/23/2009,SDM,CA,AWP,WE,Federal Contract Tower,0,1,20,1,22,0,0,65,0,65,0,1,85,1,87,0,1,1,88
05/24/2009,SDM,CA,AWP,WE,Federal Contract Tower,0,1,12,0,13,0,0,76,0,76,0,1,88,0,89,154,0,154,243
05/25/2009,SDM,CA,AWP,WE,Federal Contract Tower,0,4,22,0,26,0,0,138,0,138,0,4,160,0,164,174,0,174,338
05/26/2009,SDM,CA,AWP,WE,Federal Contract Tower,0,5,15,0,20,0,0,57,0,57,0,5,72,0,77,138,0,138,215
05/27/2009,SDM,CA,AWP,WE,Federal Contract Tower,0,3,17,2,22,0,0,60,0,60,0,3,77,2,82,102,36,138,220
05/28/2009,SDM,CA,AWP,WE,Federal Contract Tower,0,3,16,0,19,0,0,88,0,88,0,3,104,0,107,50,0,50,157
05/29/2009,SDM,CA,AWP,WE,Federal Contract Tower,0,2,22,0,24,0,0,20,0,20,0,2,42,0,44,4,0,4,48
05/30/2009,SDM,CA,AWP,WE,Federal Contract Tower,0,1,21,0,22,0,0,16,0,16,0,1,37,0,38,26,0,26,64
05/31/2009,SDM,CA,AWP,WE,Federal Contract Tower,0,5,20,0,25,0,0,14,0,14,0,5,34,0,39,8,0,8,47
06/01/2009,SDM,CA,AWP,WE,Federal Contract Tower,0,6,22,0,28,0,0,40,0,40,0,6,62,0,68,46,0,46,114
06/02/2009,SDM,CA,AWP,WE,Federal Contract Tower,0,5,14,0,19,0,0,77,0,77,0,5,91,0,96,164,6,170,266
06/03/2009,SDM,CA,AWP,WE,Federal Contract Tower,0,3,10,0,13,0,0,57,2,59,0,3,67,2,72,40,0,40,112
06/04/2009,SDM,CA,AWP,WE,Federal Contract Tower,0,10,18,0,28,0,0,75,0,75,0,10,93,0,103,62,18,80,183
06/05/2009,SDM,CA,AWP,WE,Federal Contract Tower,0,2,17,2,21,0,0,59,2,61,0,2,76,4,82,90,0,90,172
06/06/2009,SDM,CA,AWP,WE,Federal Contract Tower,0,1,13,4,18,0,0,113,0,113,0,1,126,4,131,142,16,158,289
06/07/2009,SDM,CA,AWP,WE,Federal Contract Tower,0,6,22,0,28,0,0,116,0,116,0,6,138,0,144,118,0,118,262
06/08/2009,SDM,CA,AWP,WE,Federal Contract Tower,18,8,0,0,26,0,0,69,0,69,18,8,69,0,95,190,6,196,291
06/09/2009,SDM,CA,AWP,WE,Federal Contract Tower,0,1,19,0,20,0,0,53,0,53,0,1,72,0,73,62,2,64,137
06/10/2009,SDM,CA,AWP,WE,Federal Contract Tower,0,5,20,0,25,0,0,19,1,20,0,5,39,1,45,142,2,144,189
06/11/2009,SDM,CA,AWP,WE,Federal Contract Tower,0,0,29,0,29,0,0,41,0,41,0,0,70,0,70,102,2,104,174
06/12/2009,SDM,CA,AWP,WE,Federal Contract Tower,0,8,17,0,25,0,0,38,0,38,0,8,55,0,63,108,0,108,171
06/13/2009,SDM,CA,AWP,WE,Federal Contract Tower,0,7,10,1,18,0,0,76,2,78,0,7,86,3,96,142,0,142,238
06/14/2009,SDM,CA,AWP,WE,Federal Contract Tower,0,6,17,2,25,0,0,105,0,105,0,6,122,2,130,126,0,126,256
06/15/2009,SDM,CA,AWP,WE,Federal Contract Tower,0,4,16,2,22,0,50,0,0,50,0,54,16,2,72,60,6,66,138
06/16/2009,SDM,CA,AWP,WE,Federal Contract Tower,0,5,9,2,16,0,0,27,0,27,0,5,36,2,43,98,2,100,143
06/17/2009,SDM,CA,AWP,WE,Federal Contract Tower,0,6,16,0,22,0,0,60,1,61,0,6,76,1,83,96,0,96,179
06/18/2009,SDM,CA,AWP,WE,Federal Contract Tower,0,1,22,2,25,0,0,106,8,114,0,1,128,10,139,178,2,180,319
06/19/2009,SDM,CA,AWP,WE,Federal Contract Tower,0,9,19,0,28,0,0,31,0,31,0,9,50,0,59,58,40,98,157
06/20/2009,SDM,CA,AWP,WE,Federal Contract Tower,0,2,25,1,28,0,0,29,0,29,0,2,54,1,57,88,0,88,145
06/21/2009,SDM,CA,AWP,WE,Federal Contract Tower,0,6,32,0,38,0,1,136,0,137,0,7,168,0,175,134,0,134,309
06/22/2009,SDM,CA,AWP,WE,Federal Contract Tower,0,3,25,0,28,0,0,94,0,94,0,3,119,0,122,112,0,112,234
06/23/2009,SDM,CA,AWP,WE,Federal Contract Tower,0,2,20,0,22,0,0,91,0,91,0,2,111,0,113,180,12,192,305
06/24/2009,SDM,CA,AWP,WE,Federal Contract Tower,0,8,29,0,37,0,0,69,0,69,0,8,98,0,106,132,0,132,238
06/25/2009,SDM,CA,AWP,WE,Federal Contract Tower,0,4,25,0,29,0,0,71,0,71,0,4,96,0,100,120,0,120,220
06/26/2009,SDM,CA,AWP,WE,Federal Contract Tower,0,1,17,0,18,0,0,98,0,98,0,1,115,0,116,174,0,174,290
06/27/2009,SDM,CA,AWP,WE,Federal Contract Tower,0,2,14,0,16,0,1,138,0,139,0,3,152,0,155,254,0,254,409
06/28/2009,SDM,CA,AWP,WE,Federal Contract Tower,0,5,29,0,34,0,0,141,1,142,0,5,170,1,176,204,0,204,380
06/29/2009,SDM,CA,AWP,WE,Federal Contract Tower,0,4,22,0,26,0,0,76,0,76,0,4,98,0,102,92,0,92,194
06/30/2009,SDM,CA,AWP,WE,Federal Contract Tower,0,0,23,0,23,0,0,84,0,84,0,0,107,0,107,132,0,132,239
07/01/2009,SDM,CA,AWP,WE,Federal Contract Tower,0,9,10,0,19,0,0,58,0,58,0,9,68,0,77,192,4,196,273
07/02/2009,SDM,CA,AWP,WE,Federal Contract Tower,0,3,10,0,13,0,0,71,0,71,0,3,81,0,84,92,0,92,176
07/03/2009,SDM,CA,AWP,WE,Federal Contract Tower,0,8,23,0,31,0,0,65,0,65,0,8,88,0,96,84,0,84,180
07/04/2009,SDM,CA,AWP,WE,Federal Contract Tower,0,9,5,0,14,0,0,93,0,93,0,9,98,0,107,104,0,104,211
07/05/2009,SDM,CA,AWP,WE,Federal Contract Tower,0,5,17,0,22,0,0,108,0,108,0,5,125,0,130,154,0,154,284
07/06/2009,SDM,CA,AWP,WE,Federal Contract Tower,0,0,18,2,20,0,0,87,0,87,0,0,105,2,107,206,16,222,329
07/07/2009,SDM,CA,AWP,WE,Federal Contract Tower,0,7,18,0,25,0,0,59,1,60,0,7,77,1,85,152,2,154,239
07/08/2009,SDM,CA,AWP,WE,Federal Contract Tower,0,3,25,0,28,0,0,67,0,67,0,3,92,0,95,152,6,158,253
07/09/2009,SDM,CA,AWP,WE,Federal Contract Tower,0,1,20,0,21,0,0,58,0,58,0,1,78,0,79,274,2,276,355
07/10/2009,SDM,CA,AWP,WE,Federal Contract Tower,0,6,24,0,30,0,0,71,0,71,0,6,95,0,101,140,0,140,241
07/11/2009,SDM,CA,AWP,WE,Federal Contract Tower,0,3,16,4,23,0,0,221,2,223,0,3,237,6,246,156,18,174,420
07/12/2009,SDM,CA,AWP,WE,Federal Contract Tower,0,3,12,2,17,0,0,101,2,103,0,3,113,4,120,120,10,130,250
07/13/2009,SDM,CA,AWP,WE,Federal Contract Tower,0,3,15,0,18,0,0,64,0,64,0,3,79,0,82,146,0,146,228
07/14/2009,SDM,CA,AWP,WE,Federal Contract Tower,0,2,16,0,18,0,0,62,0,62,0,2,78,0,80,98,16,114,194
07/15/2009,SDM,CA,AWP,WE,Federal Contract Tower,0,4,24,2,30,0,0,86,0,86,0,4,110,2,116,148,6,154,270
07/16/2009,SDM,CA,AWP,WE,Federal Contract Tower,0,8,21,0,29,0,0,111,0,111,0,8,132,0,140,114,0,114,254
07/17/2009,SDM,CA,AWP,WE,Federal Contract Tower,0,7,18,0,25,0,0,92,0,92,0,7,110,0,117,128,2,130,247
07/18/2009,SDM,CA,AWP,WE,Federal Contract Tower,0,3,20,0,23,0,0,124,0,124,0,3,144,0,147,45,0,45,192
07/19/2009,SDM,CA,AWP,WE,Federal Contract Tower,0,7,18,0,25,0,0,118,0,118,0,7,136,0,143,138,0,138,281
07/20/2009,SDM,CA,AWP,WE,Federal Contract Tower,0,2,18,0,20,0,0,79,0,79,0,2,97,0,99,146,8,154,253
07/21/2009,SDM,CA,AWP,WE,Federal Contract Tower,0,2,12,1,15,0,0,74,2,76,0,2,86,3,91,188,2,190,281
07/22/2009,SDM,CA,AWP,WE,Federal Contract Tower,0,7,16,4,27,0,0,64,2,66,0,7,80,6,93,142,14,156,249
07/23/2009,SDM,CA,AWP,WE,Federal Contract Tower,0,9,15,2,26,0,0,77,0,77,0,9,92,2,103,202,2,204,307
07/24/2009,SDM,CA,AWP,WE,Federal Contract Tower,0,0,14,0,14,0,0,94,0,94,0,0,108,0,108,80,0,80,188
07/25/2009,SDM,CA,AWP,WE,Federal Contract Tower,0,0,14,0,14,0,0,80,0,80,0,0,94,0,94,166,0,166,260
07/26/2009,SDM,CA,AWP,WE,Federal Contract Tower,0,5,10,0,15,0,1,107,0,108,0,6,117,0,123,146,0,146,269
07/27/2009,SDM,CA,AWP,WE,Federal Contract Tower,0,3,20,1,24,0,0,79,0,79,0,3,99,1,103,52,0,52,155
07/28/2009,SDM,CA,AWP,WE,Federal Contract Tower,0,2,16,1,19,0,0,110,12,122,0,2,126,13,141,268,2,270,411
07/29/2009,SDM,CA,AWP,WE,Federal Contract Tower,0,5,7,0,12,0,0,83,13,96,0,5,90,13,108,128,2,130,238
07/30/2009,SDM,CA,AWP,WE,Federal Contract Tower,0,5,8,0,13,0,0,108,3,111,0,5,116,3,124,120,0,120,244
07/31/2009,SDM,CA,AWP,WE,Federal Contract Tower,0,8,24,0,32,0,1,75,0,76,0,9,99,0,108,193,10,203,311
08/01/2009,SDM,CA,AWP,WE,Federal Contract Tower,0,9,11,0,20,0,0,126,0,126,0,9,137,0,146,128,0,128,274
08/02/2009,SDM,CA,AWP,WE,Federal Contract Tower,0,3,10,0,13,0,1,84,0,85,0,4,94,0,98,154,0,154,252
08/03/2009,SDM,CA,AWP,WE,Federal Contract Tower,0,6,11,0,17,0,0,130,0,130,0,6,141,0,147,232,0,232,379
08/04/2009,SDM,CA,AWP,WE,Federal Contract Tower,0,6,13,0,19,0,0,83,0,83,0,6,96,0,102,264,0,264,366
08/05/2009,SDM,CA,AWP,WE,Federal Contract Tower,0,4,17,0,21,0,1,86,0,87,0,5,103,0,108,178,8,186,294
08/06/2009,SDM,CA,AWP,WE,Federal Contract Tower,0,4,20,0,24,0,1,85,0,86,0,5,105,0,110,196,4,200,310
08/07/2009,SDM,CA,AWP,WE,Federal Contract Tower,0,2,15,0,17,0,1,88,1,90,0,3,103,1,107,118,0,118,225
08/08/2009,SDM,CA,AWP,WE,Federal Contract Tower,0,9,8,0,17,0,0,146,0,146,0,9,154,0,163,146,0,146,309
08/09/2009,SDM,CA,AWP,WE,Federal Contract Tower,0,2,11,0,13,0,0,107,0,107,0,2,118,0,120,152,0,152,272
08/10/2009,SDM,CA,AWP,WE,Federal Contract Tower,0,7,14,1,22,0,2,74,0,76,0,9,88,1,98,122,0,122,220
08/11/2009,SDM,CA,AWP,WE,Federal Contract Tower,0,3,13,3,19,0,0,91,6,97,0,3,104,9,116,234,0,234,350
08/12/2009,SDM,CA,AWP,WE,Federal Contract Tower,0,2,14,3,19,0,0,83,4,87,0,2,97,7,106,164,0,164,270
08/13/2009,SDM,CA,AWP,WE,Federal Contract Tower,0,2,22,1,25,0,0,108,10,118,0,2,130,11,143,130,10,140,283
08/14/2009,SDM,CA,AWP,WE,Federal Contract Tower,0,4,10,0,14,0,0,83,1,84,0,4,93,1,98,84,2,86,184
08/15/2009,SDM,CA,AWP,WE,Federal Contract Tower,0,6,7,2,15,0,0,138,0,138,0,6,145,2,153,96,0,96,249
08/16/2009,SDM,CA,AWP,WE,Federal Contract Tower,0,3,11,0,14,0,0,97,0,97,0,3,108,0,111,80,0,80,191
08/17/2009,SDM,CA,AWP,WE,Federal Contract Tower,0,7,8,0,15,0,1,92,0,93,0,8,100,0,108,178,0,178,286
08/18/2009,SDM,CA,AWP,WE,Federal Contract Tower,0,2,19,0,21,0,0,51,1,52,0,2,70,1,73,136,0,136,209
08/19/2009,SDM,CA,AWP,WE,Federal Contract Tower,0,3,10,0,13,0,0,77,0,77,0,3,87,0,90,82,0,82,172
08/20/2009,SDM,CA,AWP,WE,Federal Contract Tower,0,7,19,0,26,0,0,78,0,78,0,7,97,0,104,172,0,172,276
08/21/2009,SDM,CA,AWP,WE,Federal Contract Tower,0,4,9,0,13,0,0,76,0,76,0,4,85,0,89,70,0,70,159
08/22/2009,SDM,CA,AWP,WE,Federal Contract Tower,0,3,10,0,13,0,0,97,0,97,0,3,107,0,110,146,0,146,256
08/23/2009,SDM,CA,AWP,WE,Federal Contract Tower,0,5,16,0,21,0,0,79,0,79,0,5,95,0,100,54,0,54,154
08/24/2009,SDM,CA,AWP,WE,Federal Contract Tower,0,2,17,0,19,0,0,66,0,66,0,2,83,0,85,138,0,138,223
08/25/2009,SDM,CA,AWP,WE,Federal Contract Tower,0,2,13,0,15,0,2,59,0,61,0,4,72,0,76,192,12,204,280
08/26/2009,SDM,CA,AWP,WE,Federal Contract Tower,0,5,22,0,27,0,2,77,4,83,0,7,99,4,110,168,38,206,316
08/27/2009,SDM,CA,AWP,WE,Federal Contract Tower,0,8,11,0,19,0,0,75,0,75,0,8,86,0,94,152,2,154,248
08/28/2009,SDM,CA,AWP,WE,Federal Contract Tower,0,1,20,0,21,0,0,66,0,66,0,1,86,0,87,144,0,144,231
08/29/2009,SDM,CA,AWP,WE,Federal Contract Tower,0,0,8,0,8,0,0,88,0,88,0,0,96,0,96,144,0,144,240
08/30/2009,SDM,CA,AWP,WE,Federal Contract Tower,0,4,14,0,18,0,0,72,0,72,0,4,86,0,90,130,0,130,220
08/31/2009,SDM,CA,AWP,WE,Federal Contract Tower,0,9,21,0,30,0,0,59,0,59,0,9,80,0,89,164,12,176,265
09/01/2009,SDM,CA,AWP,WE,Federal Contract Tower,0,1,11,0,12,0,0,64,0,64,0,1,75,0,76,142,20,162,238
09/02/2009,SDM,CA,AWP,WE,Federal Contract Tower,0,1,21,0,22,0,0,66,0,66,0,1,87,0,88,178,26,204,292
09/03/2009,SDM,CA,AWP,WE,Federal Contract Tower,0,3,27,0,30,0,0,57,0,57,0,3,84,0,87,130,0,130,217
09/04/2009,SDM,CA,AWP,WE,Federal Contract Tower,0,1,20,0,21,0,0,101,0,101,0,1,121,0,122,268,0,268,390
09/05/2009,SDM,CA,AWP,WE,Federal Contract Tower,0,3,15,0,18,0,0,122,0,122,0,3,137,0,140,154,0,154,294
09/06/2009,SDM,CA,AWP,WE,Federal Contract Tower,0,0,6,1,7,0,0,162,0,162,0,0,168,1,169,146,0,146,315
09/07/2009,SDM,CA,AWP,WE,Federal Contract Tower,0,2,28,1,31,0,0,125,0,125,0,2,153,1,156,92,0,92,248
09/08/2009,SDM,CA,AWP,WE,Federal Contract Tower,0,2,21,0,23,0,0,74,0,74,0,2,95,0,97,154,0,154,251
09/09/2009,SDM,CA,AWP,WE,Federal Contract Tower,0,1,27,0,28,0,0,51,0,51,0,1,78,0,79,104,22,126,205
09/10/2009,SDM,CA,AWP,WE,Federal Contract Tower,0,5,15,0,20,0,0,49,0,49,0,5,64,0,69,158,28,186,255
09/11/2009,SDM,CA,AWP,WE,Federal Contract Tower,0,6,20,0,26,0,0,84,0,84,0,6,104,0,110,168,4,172,282
09/12/2009,SDM,CA,AWP,WE,Federal Contract Tower,0,2,12,0,14,0,0,118,0,118,0,2,130,0,132,106,0,106,238
09/13/2009,SDM,CA,AWP,WE,Federal Contract Tower,0,4,14,0,18,0,0,85,0,85,0,4,99,0,103,84,0,84,187
09/14/2009,SDM,CA,AWP,WE,Federal Contract Tower,0,6,29,0,35,0,0,76,0,76,0,6,105,0,111,104,0,104,215
09/15/2009,SDM,CA,AWP,WE,Federal Contract Tower,0,4,21,0,25,0,0,62,0,62,0,4,83,0,87,144,18,162,249
09/16/2009,SDM,CA,AWP,WE,Federal Contract Tower,0,4,16,0,20,0,0,70,0,70,0,4,86,0,90,236,0,236,326
09/17/2009,SDM,CA,AWP,WE,Federal Contract Tower,0,1,18,0,19,0,1,60,0,61,0,2,78,0,80,172,30,202,282
09/18/2009,SDM,CA,AWP,WE,Federal Contract Tower,0,2,19,0,21,0,1,99,0,100,0,3,118,0,121,228,2,230,351
09/19/2009,SDM,CA,AWP,WE,Federal Contract Tower,0,1,12,0,13,0,0,101,0,101,0,1,113,0,114,146,0,146,260
09/20/2009,SDM,CA,AWP,WE,Federal Contract Tower,0,3,20,0,23,0,0,108,0,108,0,3,128,0,131,124,0,124,255
09/21/2009,SDM,CA,AWP,WE,Federal Contract Tower,0,9,15,0,24,0,1,65,0,66,0,10,80,0,90,182,4,186,276
09/22/2009,SDM,CA,AWP,WE,Federal Contract Tower,0,6,23,0,29,0,1,64,0,65,0,7,87,0,94,124,0,124,218
09/23/2009,SDM,CA,AWP,WE,Federal Contract Tower,0,10,17,0,27,0,0,73,0,73,0,10,90,0,100,208,18,226,326
09/24/2009,SDM,CA,AWP,WE,Federal Contract Tower,0,3,16,1,20,0,0,65,0,65,0,3,81,1,85,190,172,362,447
09/25/2009,SDM,CA,AWP,WE,Federal Contract Tower,0,2,10,0,12,0,0,142,0,142,0,2,152,0,154,166,22,188,342
09/26/2009,SDM,CA,AWP,WE,Federal Contract Tower,0,4,13,4,21,0,0,130,0,130,0,4,143,4,151,130,0,130,281
09/27/2009,SDM,CA,AWP,WE,Federal Contract Tower,0,1,6,1,8,0,0,72,0,72,0,1,78,1,80,74,0,74,154
09/28/2009,SDM,CA,AWP,WE,Federal Contract Tower,0,4,10,2,16,0,0,77,0,77,0,4,87,2,93,230,0,230,323
09/29/2009,SDM,CA,AWP,WE,Federal Contract Tower,0,8,30,1,39,0,0,76,3,79,0,8,106,4,118,188,0,188,306
09/30/2009,SDM,CA,AWP,WE,Federal Contract Tower,0,3,17,2,22,0,0,54,1,55,0,3,71,3,77,130,0,130,207
10/01/2009,SDM,CA,AWP,WE,Federal Contract Tower,0,4,18,1,23,0,0,71,2,73,0,4,89,3,96,152,34,186,282
10/02/2009,SDM,CA,AWP,WE,Federal Contract Tower,0,3,19,1,23,0,0,106,0,106,0,3,125,1,129,150,0,150,279
10/03/2009,SDM,CA,AWP,WE,Federal Contract Tower,0,3,14,0,17,0,1,86,0,87,0,4,100,0,104,108,0,108,212
10/04/2009,SDM,CA,AWP,WE,Federal Contract Tower,0,3,11,0,14,0,1,62,0,63,0,4,73,0,77,42,0,42,119
10/05/2009,SDM,CA,AWP,WE,Federal Contract Tower,0,9,15,0,24,0,0,95,0,95,0,9,110,0,119,148,2,150,269
10/06/2009,SDM,CA,AWP,WE,Federal Contract Tower,0,1,22,2,25,0,1,106,7,114,0,2,128,9,139,144,22,166,305
10/07/2009,SDM,CA,AWP,WE,Federal Contract Tower,0,2,21,1,24,0,0,51,0,51,0,2,72,1,75,360,12,372,447
10/08/2009,SDM,CA,AWP,WE,Federal Contract Tower,0,5,24,0,29,0,0,91,0,91,0,5,115,0,120,138,0,138,258
10/09/2009,SDM,CA,AWP,WE,Federal Contract Tower,0,5,24,0,29,0,0,96,1,97,0,5,120,1,126,78,0,78,204
10/10/2009,SDM,CA,AWP,WE,Federal Contract Tower,0,2,22,0,24,0,0,107,0,107,0,2,129,0,131,168,0,168,299
10/11/2009,SDM,CA,AWP,WE,Federal Contract Tower,0,6,27,0,33,0,0,75,0,75,0,6,102,0,108,282,0,282,390
10/12/2009,SDM,CA,AWP,WE,Federal Contract Tower,0,0,23,0,23,0,0,63,0,63,0,0,86,0,86,118,0,118,204
10/13/2009,SDM,CA,AWP,WE,Federal Contract Tower,0,3,14,1,18,0,0,65,0,65,0,3,79,1,83,172,18,190,273
10/14/2009,SDM,CA,AWP,WE,Federal Contract Tower,0,9,14,2,25,0,0,77,6,83,0,9,91,8,108,160,8,168,276
10/15/2009,SDM,CA,AWP,WE,Federal Contract Tower,0,6,25,3,34,0,0,89,3,92,0,6,114,6,126,200,2,202,328
10/16/2009,SDM,CA,AWP,WE,Federal Contract Tower,0,4,21,0,25,0,0,90,0,90,0,4,111,0,115,196,0,196,311
10/17/2009,SDM,CA,AWP,WE,Federal Contract Tower,0,7,9,0,16,0,1,131,0,132,0,8,140,0,148,176,0,176,324
10/18/2009,SDM,CA,AWP,WE,Federal Contract Tower,0,2,18,0,20,0,0,102,0,102,0,2,120,0,122,48,0,48,170
10/19/2009,SDM,CA,AWP,WE,Federal Contract Tower,0,6,27,0,33,0,0,52,0,52,0,6,79,0,85,140,4,144,229
10/20/2009,SDM,CA,AWP,WE,Federal Contract Tower,0,0,21,1,22,0,0,86,5,91,0,0,107,6,113,192,0,192,305
10/21/2009,SDM,CA,AWP,WE,Federal Contract Tower,0,5,7,0,12,0,0,93,5,98,0,5,100,5,110,358,4,362,472
10/22/2009,SDM,CA,AWP,WE,Federal Contract Tower,0,3,19,0,22,0,0,84,6,90,0,3,103,6,112,198,24,222,334
10/23/2009,SDM,CA,AWP,WE,Federal Contract Tower,0,5,11,1,17,0,0,94,4,98,0,5,105,5,115,96,6,102,217
10/24/2009,SDM,CA,AWP,WE,Federal Contract Tower,0,6,14,1,21,0,0,125,0,125,0,6,139,1,146,252,0,252,398
10/25/2009,SDM,CA,AWP,WE,Federal Contract Tower,0,6,14,0,20,0,0,84,0,84,0,6,98,0,104,108,0,108,212
10/26/2009,SDM,CA,AWP,WE,Federal Contract Tower,0,3,11,0,14,0,0,61,0,61,0,3,72,0,75,114,4,118,193
10/27/2009,SDM,CA,AWP,WE,Federal Contract Tower,0,3,9,2,14,0,0,25,0,25,0,3,34,2,39,44,20,64,103
10/28/2009,SDM,CA,AWP,WE,Federal Contract Tower,0,2,10,0,12,0,0,51,0,51,0,2,61,0,63,140,0,140,203
10/29/2009,SDM,CA,AWP,WE,Federal Contract Tower,0,4,15,0,19,0,0,94,0,94,0,4,109,0,113,276,10,286,399
10/30/2009,SDM,CA,AWP,WE,Federal Contract Tower,0,5,17,0,22,0,0,74,0,74,0,5,91,0,96,228,0,228,324
10/31/2009,SDM,CA,AWP,WE,Federal Contract Tower,0,3,18,0,21,0,0,108,0,108,0,3,126,0,129,174,0,174,303
11/01/2009,SDM,CA,AWP,WE,Federal Contract Tower,0,15,1,0,16,0,0,119,0,119,0,15,120,0,135,162,0,162,297
11/02/2009,SDM,CA,AWP,WE,Federal Contract Tower,0,8,16,1,25,0,0,58,1,59,0,8,74,2,84,88,146,234,318
11/03/2009,SDM,CA,AWP,WE,Federal Contract Tower,0,2,15,2,19,0,0,76,2,78,0,2,91,4,97,134,42,176,273
11/04/2009,SDM,CA,AWP,WE,Federal Contract Tower,0,1,14,0,15,0,0,71,2,73,0,1,85,2,88,136,92,228,316
11/05/2009,SDM,CA,AWP,WE,Federal Contract Tower,0,8,26,0,34,0,0,79,1,80,0,8,105,1,114,258,8,266,380
11/06/2009,SDM,CA,AWP,WE,Federal Contract Tower,0,10,22,1,33,0,0,71,0,71,0,10,93,1,104,156,16,172,276
11/07/2009,SDM,CA,AWP,WE,Federal Contract Tower,0,5,27,0,32,0,0,80,0,80,0,5,107,0,112,74,8,82,194
11/08/2009,SDM,CA,AWP,WE,Federal Contract Tower,0,8,33,0,41,0,0,64,0,64,0,8,97,0,105,46,0,46,151
11/09/2009,SDM,CA,AWP,WE,Federal Contract Tower,0,3,17,1,21,0,0,80,1,81,0,3,97,2,102,94,40,134,236
11/10/2009,SDM,CA,AWP,WE,Federal Contract Tower,0,3,23,1,27,0,0,83,0,83,0,3,106,1,110,190,0,190,300
11/11/2009,SDM,CA,AWP,WE,Federal Contract Tower,0,7,23,0,30,0,0,88,0,88,0,7,111,0,118,212,0,212,330
11/12/2009,SDM,CA,AWP,WE,Federal Contract Tower,0,1,21,1,23,0,0,58,0,58,0,1,79,1,81,142,10,152,233
11/13/2009,SDM,CA,AWP,WE,Federal Contract Tower,0,6,34,1,41,0,0,73,0,73,0,6,107,1,114,158,0,158,272
11/14/2009,SDM,CA,AWP,WE,Federal Contract Tower,0,4,12,0,16,0,0,170,0,170,0,4,182,0,186,86,0,86,272
11/15/2009,SDM,CA,AWP,WE,Federal Contract Tower,0,9,16,2,27,0,0,87,1,88,0,9,103,3,115,194,0,194,309
11/16/2009,SDM,CA,AWP,WE,Federal Contract Tower,0,7,21,0,28,0,0,103,0,103,0,7,124,0,131,116,0,116,247
11/17/2009,SDM,CA,AWP,WE,Federal Contract Tower,0,4,20,0,24,0,0,73,0,73,0,4,93,0,97,158,0,158,255
11/18/2009,SDM,CA,AWP,WE,Federal Contract Tower,0,5,16,0,21,0,0,85,0,85,0,5,101,0,106,166,50,216,322
11/19/2009,SDM,CA,AWP,WE,Federal Contract Tower,0,8,18,0,26,0,0,90,0,90,0,8,108,0,116,118,26,144,260
11/20/2009,SDM,CA,AWP,WE,Federal Contract Tower,0,6,25,0,31,0,0,92,0,92,0,6,117,0,123,156,36,192,315
11/21/2009,SDM,CA,AWP,WE,Federal Contract Tower,0,3,19,0,22,0,0,172,0,172,0,3,191,0,194,168,18,186,380
11/22/2009,SDM,CA,AWP,WE,Federal Contract Tower,0,5,35,0,40,0,0,121,0,121,0,5,156,0,161,136,0,136,297
11/23/2009,SDM,CA,AWP,WE,Federal Contract Tower,0,4,18,0,22,0,0,97,0,97,0,4,115,0,119,154,54,208,327
11/24/2009,SDM,CA,AWP,WE,Federal Contract Tower,0,1,19,0,20,0,0,99,0,99,0,1,118,0,119,176,18,194,313
11/25/2009,SDM,CA,AWP,WE,Federal Contract Tower,0,7,22,0,29,0,0,56,0,56,0,7,78,0,85,132,0,132,217
11/26/2009,SDM,CA,AWP,WE,Federal Contract Tower,0,7,16,0,23,0,0,60,0,60,0,7,76,0,83,60,0,60,143
11/27/2009,SDM,CA,AWP,WE,Federal Contract Tower,0,4,14,1,19,0,0,126,0,126,0,4,140,1,145,192,0,192,337
11/28/2009,SDM,CA,AWP,WE,Federal Contract Tower,0,1,15,0,16,0,0,7,0,7,0,1,22,0,23,36,0,36,59
11/29/2009,SDM,CA,AWP,WE,Federal Contract Tower,0,15,64,0,79,0,0,149,0,149,0,15,213,0,228,162,0,162,390
11/30/2009,SDM,CA,AWP,WE,Federal Contract Tower,0,12,24,1,37,0,0,104,0,104,0,12,128,1,141,148,0,148,289
12/01/2009,SDM,CA,AWP,WE,Federal Contract Tower,0,2,25,0,27,0,0,52,0,52,0,2,77,0,79,120,28,148,227
12/02/2009,SDM,CA,AWP,WE,Federal Contract Tower,0,7,20,0,27,0,0,61,0,61,0,7,81,0,88,132,64,196,284
12/03/2009,SDM,CA,AWP,WE,Federal Contract Tower,0,9,24,0,33,0,0,70,0,70,0,9,94,0,103,132,0,132,235
12/04/2009,SDM,CA,AWP,WE,Federal Contract Tower,0,7,10,0,17,0,0,71,0,71,0,7,81,0,88,144,20,164,252
12/05/2009,SDM,CA,AWP,WE,Federal Contract Tower,0,0,19,0,19,0,0,55,0,55,0,0,74,0,74,124,0,124,198
12/06/2009,SDM,CA,AWP,WE,Federal Contract Tower,0,5,35,1,41,0,0,66,0,66,0,5,101,1,107,70,0,70,177
12/07/2009,SDM,CA,AWP,WE,Federal Contract Tower,0,4,10,0,14,0,0,1,0,1,0,4,11,0,15,0,0,0,15
12/08/2009,SDM,CA,AWP,WE,Federal Contract Tower,0,2,11,1,14,0,0,66,0,66,0,2,77,1,80,130,94,224,304
12/09/2009,SDM,CA,AWP,WE,Federal Contract Tower,0,6,12,0,18,0,0,85,1,86,0,6,97,1,104,76,2,78,182
12/10/2009,SDM,CA,AWP,WE,Federal Contract Tower,0,11,30,1,42,0,0,109,8,117,0,11,139,9,159,254,4,258,417
12/11/2009,SDM,CA,AWP,WE,Federal Contract Tower,0,9,12,0,21,0,0,6,0,6,0,9,18,0,27,12,0,12,39
12/12/2009,SDM,CA,AWP,WE,Federal Contract Tower,0,0,15,0,15,0,0,4,0,4,0,0,19,0,19,0,0,0,19
12/13/2009,SDM,CA,AWP,WE,Federal Contract Tower,0,6,25,0,31,0,0,36,0,36,0,6,61,0,67,44,0,44,111
12/14/2009,SDM,CA,AWP,WE,Federal Contract Tower,0,2,15,0,17,0,0,54,0,54,0,2,69,0,71,228,18,246,317
12/15/2009,SDM,CA,AWP,WE,Federal Contract Tower,0,2,13,0,15,0,0,93,0,93,0,2,106,0,108,208,6,214,322
12/16/2009,SDM,CA,AWP,WE,Federal Contract Tower,0,2,19,0,21,0,0,73,0,73,0,2,92,0,94,214,0,214,308
12/17/2009,SDM,CA,AWP,WE,Federal Contract Tower,0,6,16,0,22,0,0,86,0,86,0,6,102,0,108,184,28,212,320
12/18/2009,SDM,CA,AWP,WE,Federal Contract Tower,0,10,25,0,35,0,0,96,0,96,0,10,121,0,131,320,16,336,467
12/19/2009,SDM,CA,AWP,WE,Federal Contract Tower,0,6,21,1,28,0,0,114,6,120,0,6,135,7,148,176,0,176,324
12/20/2009,SDM,CA,AWP,WE,Federal Contract Tower,0,13,21,0,34,0,0,93,0,93,0,13,114,0,127,182,0,182,309
12/21/2009,SDM,CA,AWP,WE,Federal Contract Tower,0,1,20,1,22,0,0,67,0,67,0,1,87,1,89,128,6,134,223
12/22/2009,SDM,CA,AWP,WE,Federal Contract Tower,0,9,15,0,24,0,0,14,0,14,0,9,29,0,38,18,0,18,56
12/23/2009,SDM,CA,AWP,WE,Federal Contract Tower,0,6,15,0,21,0,0,120,0,120,0,6,135,0,141,242,0,242,383
12/24/2009,SDM,CA,AWP,WE,Federal Contract Tower,0,6,11,0,17,0,1,45,0,46,0,7,56,0,63,92,0,92,155
12/25/2009,SDM,CA,AWP,WE,Federal Contract Tower,0,3,10,0,13,0,0,34,0,34,0,3,44,0,47,14,0,14,61
12/26/2009,SDM,CA,AWP,WE,Federal Contract Tower,0,16,31,0,47,0,0,71,0,71,0,16,102,0,118,214,0,214,332
12/27/2009,SDM,CA,AWP,WE,Federal Contract Tower,0,16,22,0,38,0,1,63,4,68,0,17,85,4,106,72,0,72,178
12/28/2009,SDM,CA,AWP,WE,Federal Contract Tower,0,3,15,0,18,0,0,65,0,65,0,3,80,0,83,106,0,106,189
12/29/2009,SDM,CA,AWP,WE,Federal Contract Tower,0,2,11,0,13,0,1,59,2,62,0,3,70,2,75,194,40,234,309
12/30/2009,SDM,CA,AWP,WE,Federal Contract Tower,0,5,31,2,38,0,0,30,2,32,0,5,61,4,70,76,0,76,146
12/31/2009,SDM,CA,AWP,WE,Federal Contract Tower,0,5,35,1,41,0,0,119,0,119,0,5,154,1,160,218,0,218,378
01/01/2010,SDM,CA,AWP,WE,Federal Contract Tower,0,6,13,1,20,0,0,51,0,51,0,6,64,1,71,68,0,68,139
01/02/2010,SDM,CA,AWP,WE,Federal Contract Tower,0,9,48,2,59,0,0,137,0,137,0,9,185,2,196,112,0,112,308
01/03/2010,SDM,CA,AWP,WE,Federal Contract Tower,0,17,53,4,74,0,1,87,0,88,0,18,140,4,162,78,0,78,240
01/04/2010,SDM,CA,AWP,WE,Federal Contract Tower,0,4,11,0,15,0,0,52,0,52,0,4,63,0,67,94,0,94,161
01/05/2010,SDM,CA,AWP,WE,Federal Contract Tower,0,7,12,0,19,0,0,86,0,86,0,7,98,0,105,198,2,200,305
01/06/2010,SDM,CA,AWP,WE,Federal Contract Tower,0,3,17,1,21,0,0,47,13,60,0,3,64,14,81,122,0,122,203
01/07/2010,SDM,CA,AWP,WE,Federal Contract Tower,0,4,18,0,22,0,1,77,0,78,0,5,95,0,100,150,40,190,290
01/08/2010,SDM,CA,AWP,WE,Federal Contract Tower,0,3,34,3,40,0,0,70,0,70,0,3,104,3,110,174,0,174,284
01/09/2010,SDM,CA,AWP,WE,Federal Contract Tower,0,6,17,2,25,0,0,116,0,116,0,6,133,2,141,164,22,186,327
01/10/2010,SDM,CA,AWP,WE,Federal Contract Tower,0,8,27,5,40,0,0,80,0,80,0,8,107,5,120,114,0,114,234
01/11/2010,SDM,CA,AWP,WE,Federal Contract Tower,0,6,11,0,17,0,3,83,0,86,0,9,94,0,103,132,0,132,235
01/12/2010,SDM,CA,AWP,WE,Federal Contract Tower,0,4,19,3,26,0,0,75,0,75,0,4,94,3,101,172,34,206,307
01/13/2010,SDM,CA,AWP,WE,Federal Contract Tower,0,4,17,0,21,0,0,19,0,19,0,4,36,0,40,10,8,18,58
01/14/2010,SDM,CA,AWP,WE,Federal Contract Tower,0,7,19,1,27,0,1,106,0,107,0,8,125,1,134,94,36,130,264
01/15/2010,SDM,CA,AWP,WE,Federal Contract Tower,0,8,26,2,36,0,0,57,0,57,0,8,83,2,93,198,0,198,291
01/16/2010,SDM,CA,AWP,WE,Federal Contract Tower,0,3,23,5,31,0,0,111,1,112,0,3,134,6,143,218,0,218,361
01/17/2010,SDM,CA,AWP,WE,Federal Contract Tower,0,8,23,1,32,0,0,48,4,52,0,8,71,5,84,62,0,62,146
01/18/2010,SDM,CA,AWP,WE,Federal Contract Tower,0,4,17,3,24,0,0,13,0,13,0,4,30,3,37,12,0,12,49
01/19/2010,SDM,CA,AWP,WE,Federal Contract Tower,0,5,3,1,9,0,0,8,0,8,0,5,11,1,17,10,30,40,57
01/20/2010,SDM,CA,AWP,WE,Federal Contract Tower,0,2,7,2,11,0,0,13,0,13,0,2,20,2,24,16,0,16,40
01/21/2010,SDM,CA,AWP,WE,Federal Contract Tower,0,2,1,0,3,0,0,0,0,0,0,2,1,0,3,0,0,0,3
01/22/2010,SDM,CA,AWP,WE,Federal Contract Tower,0,1,14,0,15,0,0,18,0,18,0,1,32,0,33,0,0,0,33
01/23/2010,SDM,CA,AWP,WE,Federal Contract Tower,0,3,19,2,24,0,0,84,0,84,0,3,103,2,108,174,0,174,282
01/24/2010,SDM,CA,AWP,WE,Federal Contract Tower,0,5,18,0,23,0,0,77,0,77,0,5,95,0,100,122,0,122,222
01/25/2010,SDM,CA,AWP,WE,Federal Contract Tower,0,2,23,2,27,0,0,99,0,99,0,2,122,2,126,84,8,92,218
01/26/2010,SDM,CA,AWP,WE,Federal Contract Tower,0,3,18,0,21,0,0,53,0,53,0,3,71,0,74,48,48,96,170
01/27/2010,SDM,CA,AWP,WE,Federal Contract Tower,0,6,24,0,30,0,0,36,4,40,0,6,60,4,70,134,18,152,222
01/28/2010,SDM,CA,AWP,WE,Federal Contract Tower,0,7,23,0,30,0,0,35,0,35,0,7,58,0,65,68,38,106,171
01/29/2010,SDM,CA,AWP,WE,Federal Contract Tower,0,10,20,4,34,0,0,82,0,82,0,10,102,4,116,122,4,126,242
01/30/2010,SDM,CA,AWP,WE,Federal Contract Tower,0,5,17,2,24,0,0,91,0,91,0,5,108,2,115,206,0,206,321
01/31/2010,SDM,CA,AWP,WE,Federal Contract Tower,0,7,27,2,36,0,0,110,0,110,0,7,137,2,146,100,0,100,246
02/01/2010,SDM,CA,AWP,WE,Federal Contract Tower,0,7,15,0,22,0,0,28,0,28,0,7,43,0,50,108,0,108,158
02/02/2010,SDM,CA,AWP,WE,Federal Contract Tower,0,2,23,0,25,0,0,47,0,47,0,2,70,0,72,102,20,122,194
02/03/2010,SDM,CA,AWP,WE,Federal Contract Tower,0,3,14,0,17,0,1,54,0,55,0,4,68,0,72,166,48,214,286
02/04/2010,SDM,CA,AWP,WE,Federal Contract Tower,0,6,21,1,28,0,2,56,0,58,0,8,77,1,86,142,8,150,236
02/05/2010,SDM,CA,AWP,WE,Federal Contract Tower,0,4,18,1,23,0,0,27,0,27,0,4,45,1,50,86,4,90,140
02/06/2010,SDM,CA,AWP,WE,Federal Contract Tower,0,1,11,1,13,0,0,8,0,8,0,1,19,1,21,4,0,4,25
02/07/2010,SDM,CA,AWP,WE,Federal Contract Tower,0,0,5,29,34,0,0,31,0,31,0,0,36,29,65,60,0,60,125
02/08/2010,SDM,CA,AWP,WE,Federal Contract Tower,0,3,22,1,26,0,0,67,0,67,0,3,89,1,93,96,4,100,193
02/09/2010,SDM,CA,AWP,WE,Federal Contract Tower,0,3,13,0,16,0,0,32,2,34,0,3,45,2,50,92,0,92,142
02/10/2010,SDM,CA,AWP,WE,Federal Contract Tower,0,1,19,0,20,0,0,64,15,79,0,1,83,15,99,172,0,172,271
02/11/2010,SDM,CA,AWP,WE,Federal Contract Tower,0,3,20,0,23,0,0,101,14,115,0,3,121,14,138,224,10,234,372
02/12/2010,SDM,CA,AWP,WE,Federal Contract Tower,0,5,29,0,34,0,0,82,18,100,0,5,111,18,134,184,4,188,322
02/13/2010,SDM,CA,AWP,WE,Federal Contract Tower,0,7,18,2,27,0,0,181,1,182,0,7,199,3,209,220,8,228,437
02/14/2010,SDM,CA,AWP,WE,Federal Contract Tower,0,2,14,2,18,0,0,92,0,92,0,2,106,2,110,112,0,112,222
02/15/2010,SDM,CA,AWP,WE,Federal Contract Tower,0,3,37,4,44,0,0,120,0,120,0,3,157,4,164,122,0,122,286
02/16/2010,SDM,CA,AWP,WE,Federal Contract Tower,0,3,16,6,25,0,0,78,14,92,0,3,94,20,117,9,20,29,146
02/17/2010,SDM,CA,AWP,WE,Federal Contract Tower,0,8,18,0,26,0,0,70,16,86,0,8,88,16,112,198,32,230,342
02/18/2010,SDM,CA,AWP,WE,Federal Contract Tower,0,5,22,1,28,0,0,61,13,74,0,5,83,14,102,96,28,124,226
02/19/2010,SDM,CA,AWP,WE,Federal Contract Tower,0,9,20,1,30,0,0,31,17,48,0,9,51,18,78,66,16,82,160
02/20/2010,SDM,CA,AWP,WE,Federal Contract Tower,0,8,8,0,16,0,0,41,2,43,0,8,49,2,59,56,44,100,159
02/21/2010,SDM,CA,AWP,WE,Federal Contract Tower,0,7,26,2,35,0,0,30,0,30,0,7,56,2,65,66,0,66,131
02/22/2010,SDM,CA,AWP,WE,Federal Contract Tower,0,2,18,0,20,0,0,36,8,44,0,2,54,8,64,48,8,56,120
02/23/2010,SDM,CA,AWP,WE,Federal Contract Tower,0,5,23,0,28,0,0,81,10,91,0,5,104,10,119,192,48,240,359
02/24/2010,SDM,CA,AWP,WE,Federal Contract Tower,0,2,20,1,23,0,0,64,10,74,0,2,84,11,97,196,28,224,321
02/25/2010,SDM,CA,AWP,WE,Federal Contract Tower,0,7,29,0,36,0,1,68,3,72,0,8,97,3,108,172,26,198,306
02/26/2010,SDM,CA,AWP,WE,Federal Contract Tower,0,5,0,17,22,0,0,94,0,94,0,5,94,17,116,146,0,146,262
02/27/2010,SDM,CA,AWP,WE,Federal Contract Tower,0,1,5,0,6,0,0,0,0,0,0,1,5,0,6,0,0,0,6
02/28/2010,SDM,CA,AWP,WE,Federal Contract Tower,0,6,15,2,23,0,0,102,0,102,0,6,117,2,125,206,0,206,331
03/01/2010,SDM,CA,AWP,WE,Federal Contract Tower,0,14,22,0,36,0,0,85,14,99,0,14,107,14,135,130,0,130,265
03/02/2010,SDM,CA,AWP,WE,Federal Contract Tower,0,1,12,0,13,0,0,77,11,88,0,1,89,11,101,110,16,126,227
03/03/2010,SDM,CA,AWP,WE,Federal Contract Tower,0,8,9,0,17,0,0,76,6,82,0,8,85,6,99,172,36,208,307
03/04/2010,SDM,CA,AWP,WE,Federal Contract Tower,0,7,21,0,28,0,2,50,9,61,0,9,71,9,89,72,0,72,161
03/05/2010,SDM,CA,AWP,WE,Federal Contract Tower,0,12,17,0,29,0,0,68,0,68,0,12,85,0,97,246,0,246,343
03/06/2010,SDM,CA,AWP,WE,Federal Contract Tower,0,4,10,0,14,0,0,19,0,19,0,4,29,0,33,48,0,48,81
03/07/2010,SDM,CA,AWP,WE,Federal Contract Tower,0,1,31,0,32,0,0,0,0,0,0,1,31,0,32,10,0,10,42
03/08/2010,SDM,CA,AWP,WE,Federal Contract Tower,0,6,11,0,17,0,0,16,8,24,0,6,27,8,41,8,2,10,51
03/09/2010,SDM,CA,AWP,WE,Federal Contract Tower,0,6,20,1,27,0,0,41,5,46,0,6,61,6,73,40,12,52,125
03/10/2010,SDM,CA,AWP,WE,Federal Contract Tower,0,7,18,0,25,0,0,35,3,38,0,7,53,3,63,94,20,114,177
03/11/2010,SDM,CA,AWP,WE,Federal Contract Tower,0,1,28,1,30,0,95,0,5,100,0,96,28,6,130,166,4,170,300
03/12/2010,SDM,CA,AWP,WE,Federal Contract Tower,0,2,13,0,15,0,0,79,0,79,0,2,92,0,94,140,2,142,236
03/13/2010,SDM,CA,AWP,WE,Federal Contract Tower,0,5,27,0,32,0,0,68,0,68,0,5,95,0,100,88,0,88,188
03/14/2010,SDM,CA,AWP,WE,Federal Contract Tower,0,6,30,3,39,0,0,166,0,166,0,6,196,3,205,166,2,168,373
03/15/2010,SDM,CA,AWP,WE,Federal Contract Tower,0,15,18,0,33,0,0,74,0,74,0,15,92,0,107,126,2,128,235
03/16/2010,SDM,CA,AWP,WE,Federal Contract Tower,0,3,16,2,21,0,0,61,4,65,0,3,77,6,86,202,0,202,288
03/17/2010,SDM,CA,AWP,WE,Federal Contract Tower,0,3,13,0,16,0,0,71,0,71,0,3,84,0,87,160,48,208,295
03/18/2010,SDM,CA,AWP,WE,Federal Contract Tower,0,1,21,0,22,0,0,88,0,88,0,1,109,0,110,162,8,170,280
03/19/2010,SDM,CA,AWP,WE,Federal Contract Tower,0,5,19,0,24,0,0,67,0,67,0,5,86,0,91,94,13,107,198
03/20/2010,SDM,CA,AWP,WE,Federal Contract Tower,0,3,17,1,21,0,0,126,0,126,0,3,143,1,147,182,0,182,329
03/21/2010,SDM,CA,AWP,WE,Federal Contract Tower,0,7,40,5,52,0,0,93,0,93,0,7,133,5,145,80,0,80,225
03/22/2010,SDM,CA,AWP,WE,Federal Contract Tower,0,6,12,0,18,0,0,80,1,81,0,6,92,1,99,146,8,154,253
03/23/2010,SDM,CA,AWP,WE,Federal Contract Tower,0,5,20,0,25,0,0,68,0,68,0,5,88,0,93,120,0,120,213
03/24/2010,SDM,CA,AWP,WE,Federal Contract Tower,0,2,24,1,27,0,2,66,0,68,0,4,90,1,95,138,22,160,255
03/25/2010,SDM,CA,AWP,WE,Federal Contract Tower,0,9,18,4,31,0,1,78,21,100,0,10,96,25,131,78,8,86,217
03/26/2010,SDM,CA,AWP,WE,Federal Contract Tower,0,10,19,1,30,0,0,59,1,60,0,10,78,2,90,130,0,130,220
03/27/2010,SDM,CA,AWP,WE,Federal Contract Tower,0,9,14,3,26,0,2,93,0,95,0,11,107,3,121,58,0,58,179
03/28/2010,SDM,CA,AWP,WE,Federal Contract Tower,0,13,16,1,30,0,0,58,0,58,0,13,74,1,88,60,0,60,148
03/29/2010,SDM,CA,AWP,WE,Federal Contract Tower,0,2,7,3,12,0,0,90,0,90,0,2,97,3,102,130,0,130,232
03/30/2010,SDM,CA,AWP,WE,Federal Contract Tower,0,8,15,0,23,0,0,45,0,45,0,8,60,0,68,40,10,50,118
03/31/2010,SDM,CA,AWP,WE,Federal Contract Tower,0,6,31,3,40,0,0,110,30,140,0,6,141,33,180,50,0,50,230
04/01/2010,SDM,CA,AWP,WE,Federal Contract Tower,0,3,22,3,28,0,0,35,3,38,0,3,57,6,66,44,90,134,200
04/02/2010,SDM,CA,AWP,WE,Federal Contract Tower,0,4,22,1,27,0,0,100,6,106,0,4,122,7,133,138,0,138,271
04/03/2010,SDM,CA,AWP,WE,Federal Contract Tower,0,6,29,0,35,0,0,116,0,116,0,6,145,0,151,152,0,152,303
04/04/2010,SDM,CA,AWP,WE,Federal Contract Tower,0,8,17,0,25,0,0,60,0,60,0,8,77,0,85,94,0,94,179
04/05/2010,SDM,CA,AWP,WE,Federal Contract Tower,0,4,20,0,24,0,0,25,0,25,0,4,45,0,49,52,0,52,101
04/06/2010,SDM,CA,AWP,WE,Federal Contract Tower,0,2,19,0,21,0,0,82,0,82,0,2,101,0,103,148,16,164,267
04/07/2010,SDM,CA,AWP,WE,Federal Contract Tower,0,5,18,0,23,0,0,81,4,85,0,5,99,4,108,174,58,232,340
04/08/2010,SDM,CA,AWP,WE,Federal Contract Tower,0,4,11,0,15,0,0,70,7,77,0,4,81,7,92,94,12,106,198
04/09/2010,SDM,CA,AWP,WE,Federal Contract Tower,0,13,19,1,33,0,0,91,4,95,0,13,110,5,128,84,12,96,224
04/10/2010,SDM,CA,AWP,WE,Federal Contract Tower,0,8,42,1,51,0,2,141,2,145,0,10,183,3,196,68,8,76,272
04/11/2010,SDM,CA,AWP,WE,Federal Contract Tower,0,19,29,3,51,0,0,72,0,72,0,19,101,3,123,84,0,84,207
04/12/2010,SDM,CA,AWP,WE,Federal Contract Tower,0,5,11,0,16,0,0,30,0,30,0,5,41,0,46,68,6,74,120
04/13/2010,SDM,CA,AWP,WE,Federal Contract Tower,0,4,21,1,26,0,0,62,0,62,0,4,83,1,88,156,30,186,274
04/14/2010,SDM,CA,AWP,WE,Federal Contract Tower,0,5,8,1,14,0,0,67,18,85,0,5,75,19,99,148,78,226,325
04/15/2010,SDM,CA,AWP,WE,Federal Contract Tower,0,6,17,0,23,0,0,78,2,80,0,6,95,2,103,150,22,172,275
04/16/2010,SDM,CA,AWP,WE,Federal Contract Tower,0,6,22,4,32,0,0,82,0,82,0,6,104,4,114,138,6,144,258
04/17/2010,SDM,CA,AWP,WE,Federal Contract Tower,0,7,12,2,21,0,1,145,0,146,0,8,157,2,167,150,0,150,317
04/18/2010,SDM,CA,AWP,WE,Federal Contract Tower,0,5,23,2,30,0,0,70,0,70,0,5,93,2,100,34,2,36,136
04/19/2010,SDM,CA,AWP,WE,Federal Contract Tower,0,6,20,1,27,0,0,72,0,72,0,6,92,1,99,108,4,112,211
04/20/2010,SDM,CA,AWP,WE,Federal Contract Tower,0,2,19,0,21,0,0,51,0,51,0,2,70,0,72,136,18,154,226
04/21/2010,SDM,CA,AWP,WE,Federal Contract Tower,0,1,21,0,22,0,0,3,1,4,0,1,24,1,26,6,14,20,46
04/22/2010,SDM,CA,AWP,WE,Federal Contract Tower,0,9,8,0,17,0,0,11,0,11,0,9,19,0,28,36,4,40,68
04/23/2010,SDM,CA,AWP,WE,Federal Contract Tower,0,4,21,1,26,0,0,91,0,91,0,4,112,1,117,183,6,189,306
04/24/2010,SDM,CA,AWP,WE,Federal Contract Tower,0,4,21,3,28,0,0,119,0,119,0,4,140,3,147,236,0,236,383
04/25/2010,SDM,CA,AWP,WE,Federal Contract Tower,0,11,32,1,44,0,0,70,0,70,0,11,102,1,114,118,0,118,232
04/26/2010,SDM,CA,AWP,WE,Federal Contract Tower,0,5,17,0,22,0,0,42,0,42,0,5,59,0,64,64,0,64,128
04/27/2010,SDM,CA,AWP,WE,Federal Contract Tower,0,0,22,1,23,0,0,47,0,47,0,0,69,1,70,128,4,132,202
04/28/2010,SDM,CA,AWP,WE,Federal Contract Tower,0,1,20,1,22,0,0,30,0,30,0,1,50,1,52,3,13,16,68
04/29/2010,SDM,CA,AWP,WE,Federal Contract Tower,0,5,19,0,24,0,0,61,0,61,0,5,80,0,85,90,0,90,175
04/30/2010,SDM,CA,AWP,WE,Federal Contract Tower,0,6,19,0,25,0,0,70,0,70,0,6,89,0,95,206,10,216,311
05/01/2010,SDM,CA,AWP,WE,Federal Contract Tower,0,7,11,0,18,0,0,142,0,142,0,7,153,0,160,212,0,212,372
05/02/2010,SDM,CA,AWP,WE,Federal Contract Tower,0,7,28,10,45,0,0,69,5,74,0,7,97,15,119,214,0,214,333
05/03/2010,SDM,CA,AWP,WE,Federal Contract Tower,0,7,18,1,26,0,0,69,5,74,0,7,87,6,100,242,0,242,342
05/04/2010,SDM,CA,AWP,WE,Federal Contract Tower,0,7,13,1,21,0,0,92,0,92,0,7,105,1,113,256,90,346,459
05/05/2010,SDM,CA,AWP,WE,Federal Contract Tower,0,12,20,0,32,0,1,99,0,100,0,13,119,0,132,294,2,296,428
05/06/2010,SDM,CA,AWP,WE,Federal Contract Tower,0,6,24,0,30,0,0,83,0,83,0,6,107,0,113,266,8,274,387
05/07/2010,SDM,CA,AWP,WE,Federal Contract Tower,0,4,20,0,24,0,0,96,0,96,0,4,116,0,120,284,0,284,404
05/08/2010,SDM,CA,AWP,WE,Federal Contract Tower,0,7,16,0,23,0,0,147,0,147,0,7,163,0,170,230,0,230,400
05/09/2010,SDM,CA,AWP,WE,Federal Contract Tower,0,5,26,2,33,0,0,37,0,37,0,5,63,2,70,126,0,126,196
05/10/2010,SDM,CA,AWP,WE,Federal Contract Tower,0,4,22,0,26,0,0,64,0,64,0,4,86,0,90,214,36,250,340
05/11/2010,SDM,CA,AWP,WE,Federal Contract Tower,0,0,14,0,14,0,0,62,0,62,0,0,76,0,76,210,8,218,294
05/12/2010,SDM,CA,AWP,WE,Federal Contract Tower,0,7,28,0,35,0,1,90,1,92,0,8,118,1,127,200,12,212,339
05/13/2010,SDM,CA,AWP,WE,Federal Contract Tower,0,2,21,0,23,0,0,69,0,69,0,2,90,0,92,186,6,192,284
05/14/2010,SDM,CA,AWP,WE,Federal Contract Tower,0,4,22,1,27,0,0,63,0,63,0,4,85,1,90,186,2,188,278
05/15/2010,SDM,CA,AWP,WE,Federal Contract Tower,0,6,12,1,19,0,0,96,1,97,0,6,108,2,116,102,0,102,218
05/16/2010,SDM,CA,AWP,WE,Federal Contract Tower,0,6,35,1,42,0,0,25,0,25,0,6,60,1,67,68,0,68,135
05/17/2010,SDM,CA,AWP,WE,Federal Contract Tower,0,2,14,1,17,0,0,35,2,37,0,2,49,3,54,40,0,40,94
05/18/2010,SDM,CA,AWP,WE,Federal Contract Tower,0,0,15,2,17,0,0,43,11,54,0,0,58,13,71,2,12,14,85
05/19/2010,SDM,CA,AWP,WE,Federal Contract Tower,0,1,23,1,25,0,0,58,11,69,0,1,81,12,94,5,5,10,104
05/20/2010,SDM,CA,AWP,WE,Federal Contract Tower,0,0,21,0,21,0,0,71,14,85,0,0,92,14,106,160,2,162,268
05/21/2010,SDM,CA,AWP,WE,Federal Contract Tower,0,6,24,1,31,0,0,89,0,89,0,6,113,1,120,80,0,80,200
05/22/2010,SDM,CA,AWP,WE,Federal Contract Tower,0,6,12,0,18,0,0,56,0,56,0,6,68,0,74,182,0,182,256
05/23/2010,SDM,CA,AWP,WE,Federal Contract Tower,0,8,19,1,28,0,0,35,0,35,0,8,54,1,63,22,0,22,85
05/24/2010,SDM,CA,AWP,WE,Federal Contract Tower,0,8,32,1,41,0,2,94,0,96,0,10,126,1,137,200,0,200,337
05/25/2010,SDM,CA,AWP,WE,Federal Contract Tower,0,7,25,2,34,0,0,69,0,69,0,7,94,2,103,258,24,282,385
05/26/2010,SDM,CA,AWP,WE,Federal Contract Tower,0,4,24,0,28,0,0,56,4,60,0,4,80,4,88,166,0,166,254
05/27/2010,SDM,CA,AWP,WE,Federal Contract Tower,0,3,32,0,35,0,0,60,5,65,0,3,92,5,100,148,0,148,248
05/28/2010,SDM,CA,AWP,WE,Federal Contract Tower,0,7,35,0,42,0,0,54,0,54,0,7,89,0,96,154,0,154,250
05/29/2010,SDM,CA,AWP,WE,Federal Contract Tower,0,6,10,0,16,0,0,91,0,91,0,6,101,0,107,172,0,172,279
05/30/2010,SDM,CA,AWP,WE,Federal Contract Tower,0,0,16,3,19,0,0,88,0,88,0,0,104,3,107,128,0,128,235
05/31/2010,SDM,CA,AWP,WE,Federal Contract Tower,0,8,49,1,58,0,1,132,0,133,0,9,181,1,191,162,0,162,353
06/01/2010,SDM,CA,AWP,WE,Federal Contract Tower,0,4,30,3,37,0,0,77,0,77,0,4,107,3,114,100,0,100,214
06/02/2010,SDM,CA,AWP,WE,Federal Contract Tower,0,4,22,0,26,0,0,79,0,79,0,4,101,0,105,144,12,156,261
06/03/2010,SDM,CA,AWP,WE,Federal Contract Tower,0,2,32,0,34,0,0,72,0,72,0,2,104,0,106,274,0,274,380
06/04/2010,SDM,CA,AWP,WE,Federal Contract Tower,0,6,32,3,41,0,0,87,3,90,0,6,119,6,131,202,10,212,343
06/05/2010,SDM,CA,AWP,WE,Federal Contract Tower,0,5,16,2,23,0,0,113,4,117,0,5,129,6,140,248,0,248,388
06/06/2010,SDM,CA,AWP,WE,Federal Contract Tower,0,5,38,2,45,0,0,97,0,97,0,5,135,2,142,78,0,78,220
06/07/2010,SDM,CA,AWP,WE,Federal Contract Tower,0,4,21,1,26,0,0,67,0,67,0,4,88,1,93,74,4,78,171
06/08/2010,SDM,CA,AWP,WE,Federal Contract Tower,0,1,22,0,23,0,0,56,0,56,0,1,78,0,79,10,3,13,92
06/09/2010,SDM,CA,AWP,WE,Federal Contract Tower,0,3,30,0,33,0,0,48,0,48,0,3,78,0,81,150,0,150,231
06/10/2010,SDM,CA,AWP,WE,Federal Contract Tower,0,0,17,0,17,0,0,33,0,33,0,0,50,0,50,58,12,70,120
06/11/2010,SDM,CA,AWP,WE,Federal Contract Tower,0,7,19,3,29,0,0,32,8,40,0,7,51,11,69,16,14,30,99
06/12/2010,SDM,CA,AWP,WE,Federal Contract Tower,0,3,22,8,33,0,0,117,0,117,0,3,139,8,150,212,0,212,362
06/13/2010,SDM,CA,AWP,WE,Federal Contract Tower,0,6,18,8,32,0,0,88,0,88,0,6,106,8,120,248,0,248,368
06/14/2010,SDM,CA,AWP,WE,Federal Contract Tower,0,1,16,2,19,0,0,101,0,101,0,1,117,2,120,7,8,15,135
06/15/2010,SDM,CA,AWP,WE,Federal Contract Tower,0,5,12,0,17,0,0,73,0,73,0,5,85,0,90,134,2,136,226
06/16/2010,SDM,CA,AWP,WE,Federal Contract Tower,0,5,23,2,30,0,0,69,16,85,0,5,92,18,115,102,22,124,239
06/17/2010,SDM,CA,AWP,WE,Federal Contract Tower,0,4,13,0,17,0,0,95,0,95,0,4,108,0,112,92,6,98,210
06/18/2010,SDM,CA,AWP,WE,Federal Contract Tower,0,5,22,1,28,0,0,58,0,58,0,5,80,1,86,156,0,156,242
06/19/2010,SDM,CA,AWP,WE,Federal Contract Tower,0,0,12,0,12,0,0,108,0,108,0,0,120,0,120,146,0,146,266
06/20/2010,SDM,CA,AWP,WE,Federal Contract Tower,0,3,22,1,26,0,0,87,0,87,0,3,109,1,113,66,0,66,179
06/21/2010,SDM,CA,AWP,WE,Federal Contract Tower,0,5,12,1,18,0,4,85,0,89,0,9,97,1,107,114,0,114,221
06/22/2010,SDM,CA,AWP,WE,Federal Contract Tower,0,6,11,2,19,0,0,61,10,71,0,6,72,12,90,178,4,182,272
06/23/2010,SDM,CA,AWP,WE,Federal Contract Tower,0,6,22,0,28,0,0,0,0,0,0,6,22,0,28,228,14,242,270
06/24/2010,SDM,CA,AWP,WE,Federal Contract Tower,0,7,20,0,27,0,1,76,0,77,0,8,96,0,104,196,42,238,342
06/25/2010,SDM,CA,AWP,WE,Federal Contract Tower,0,9,25,0,34,0,1,76,0,77,0,10,101,0,111,236,0,236,347
06/26/2010,SDM,CA,AWP,WE,Federal Contract Tower,0,6,13,0,19,0,4,112,1,117,0,10,125,1,136,172,0,172,308
06/27/2010,SDM,CA,AWP,WE,Federal Contract Tower,0,9,28,0,37,0,0,111,0,111,0,9,139,0,148,70,0,70,218
06/28/2010,SDM,CA,AWP,WE,Federal Contract Tower,0,2,24,0,26,0,0,33,0,33,0,2,57,0,59,26,4,30,89
06/29/2010,SDM,CA,AWP,WE,Federal Contract Tower,0,6,26,0,32,0,0,46,0,46,0,6,72,0,78,118,4,122,200
06/30/2010,SDM,CA,AWP,WE,Federal Contract Tower,0,1,23,2,26,0,0,60,5,65,0,1,83,7,91,68,0,68,159
07/01/2010,SDM,CA,AWP,WE,Federal Contract Tower,0,4,21,3,28,0,2,81,8,91,0,6,102,11,119,164,82,246,365
07/02/2010,SDM,CA,AWP,WE,Federal Contract Tower,0,3,23,0,26,0,0,78,0,78,0,3,101,0,104,186,0,186,290
07/03/2010,SDM,CA,AWP,WE,Federal Contract Tower,0,12,14,2,28,0,0,124,0,124,0,12,138,2,152,114,0,114,266
07/04/2010,SDM,CA,AWP,WE,Federal Contract Tower,0,2,5,4,11,0,0,53,0,53,0,2,58,4,64,30,0,30,94
07/05/2010,SDM,CA,AWP,WE,Federal Contract Tower,0,8,32,3,43,0,0,60,0,60,0,8,92,3,103,26,30,56,159
07/06/2010,SDM,CA,AWP,WE,Federal Contract Tower,0,8,16,1,25,0,0,53,2,55,0,8,69,3,80,28,8,36,116
07/07/2010,SDM,CA,AWP,WE,Federal Contract Tower,0,1,12,0,13,0,0,32,0,32,0,1,44,0,45,110,0,110,155
07/08/2010,SDM,CA,AWP,WE,Federal Contract Tower,0,5,28,0,33,0,0,12,0,12,0,5,40,0,45,0,8,8,53
07/09/2010,SDM,CA,AWP,WE,Federal Contract Tower,0,6,30,3,39,0,0,31,0,31,0,6,61,3,70,44,8,52,122
07/10/2010,SDM,CA,AWP,WE,Federal Contract Tower,0,6,29,4,39,0,0,75,0,75,0,6,104,4,114,110,0,110,224
07/11/2010,SDM,CA,AWP,WE,Federal Contract Tower,0,5,17,5,27,0,0,45,0,45,0,5,62,5,72,122,0,122,194
07/12/2010,SDM,CA,AWP,WE,Federal Contract Tower,0,5,24,3,32,0,0,74,3,77,0,5,98,6,109,200,12,212,321
07/13/2010,SDM,CA,AWP,WE,Federal Contract Tower,0,9,19,3,31,0,0,64,8,72,0,9,83,11,103,220,34,254,357
07/14/2010,SDM,CA,AWP,WE,Federal Contract Tower,0,3,16,3,22,0,0,86,3,89,0,3,102,6,111,182,4,186,297
07/15/2010,SDM,CA,AWP,WE,Federal Contract Tower,0,5,17,5,27,0,0,78,0,78,0,5,95,5,105,184,32,216,321
07/16/2010,SDM,CA,AWP,WE,Federal Contract Tower,0,7,17,6,30,0,1,82,0,83,0,8,99,6,113,292,16,308,421
07/17/2010,SDM,CA,AWP,WE,Federal Contract Tower,0,7,12,2,21,0,0,143,0,143,0,7,155,2,164,286,0,286,450
07/18/2010,SDM,CA,AWP,WE,Federal Contract Tower,0,7,11,0,18,0,0,108,0,108,0,7,119,0,126,100,0,100,226
07/19/2010,SDM,CA,AWP,WE,Federal Contract Tower,0,1,15,1,17,0,0,73,0,73,0,1,88,1,90,162,0,162,252
07/20/2010,SDM,CA,AWP,WE,Federal Contract Tower,0,4,25,2,31,0,0,30,0,30,0,4,55,2,61,28,16,44,105
07/21/2010,SDM,CA,AWP,WE,Federal Contract Tower,0,8,14,1,23,0,0,49,0,49,0,8,63,1,72,70,14,84,156
07/22/2010,SDM,CA,AWP,WE,Federal Contract Tower,0,6,10,0,16,0,1,55,0,56,0,7,65,0,72,174,0,174,246
07/23/2010,SDM,CA,AWP,WE,Federal Contract Tower,0,14,24,1,39,0,1,121,0,122,0,15,145,1,161,202,44,246,407
07/24/2010,SDM,CA,AWP,WE,Federal Contract Tower,0,9,18,1,28,0,1,113,0,114,0,10,131,1,142,260,0,260,402
07/25/2010,SDM,CA,AWP,WE,Federal Contract Tower,0,9,24,3,36,0,1,74,0,75,0,10,98,3,111,88,0,88,199
07/26/2010,SDM,CA,AWP,WE,Federal Contract Tower,0,11,21,5,37,0,0,61,1,62,0,11,82,6,99,78,2,80,179
07/27/2010,SDM,CA,AWP,WE,Federal Contract Tower,0,3,27,2,32,0,0,64,8,72,0,3,91,10,104,140,0,140,244
07/28/2010,SDM,CA,AWP,WE,Federal Contract Tower,0,5,22,2,29,0,1,100,6,107,0,6,122,8,136,148,13,161,297
07/29/2010,SDM,CA,AWP,WE,Federal Contract Tower,0,2,25,0,27,0,1,87,6,94,0,3,112,6,121,184,10,194,315
07/30/2010,SDM,CA,AWP,WE,Federal Contract Tower,0,26,2,0,28,0,0,66,0,66,0,26,68,0,94,102,100,202,296
07/31/2010,SDM,CA,AWP,WE,Federal Contract Tower,0,6,18,0,24,0,1,133,0,134,0,7,151,0,158,92,0,92,250
08/01/2010,SDM,CA,AWP,WE,Federal Contract Tower,0,2,19,0,21,0,0,113,0,113,0,2,132,0,134,164,0,164,298
08/02/2010,SDM,CA,AWP,WE,Federal Contract Tower,0,10,17,0,27,0,0,83,0,83,0,10,100,0,110,172,4,176,286
08/03/2010,SDM,CA,AWP,WE,Federal Contract Tower,0,6,18,0,24,0,0,70,0,70,0,6,88,0,94,358,0,358,452
08/04/2010,SDM,CA,AWP,WE,Federal Contract Tower,0,4,12,1,17,0,0,81,0,81,0,4,93,1,98,268,2,270,368
08/05/2010,SDM,CA,AWP,WE,Federal Contract Tower,0,1,18,2,21,0,0,51,2,53,0,1,69,4,74,210,10,220,294
08/06/2010,SDM,CA,AWP,WE,Federal Contract Tower,0,5,16,3,24,0,0,74,4,78,0,5,90,7,102,140,2,142,244
08/07/2010,SDM,CA,AWP,WE,Federal Contract Tower,0,9,12,1,22,0,0,120,4,124,0,9,132,5,146,188,0,188,334
08/08/2010,SDM,CA,AWP,WE,Federal Contract Tower,0,6,10,3,19,0,0,95,2,97,0,6,105,5,116,130,0,130,246
08/09/2010,SDM,CA,AWP,WE,Federal Contract Tower,0,4,15,1,20,0,0,66,0,66,0,4,81,1,86,120,0,120,206
08/10/2010,SDM,CA,AWP,WE,Federal Contract Tower,0,0,21,2,23,0,2,95,0,97,0,2,116,2,120,176,2,178,298
08/11/2010,SDM,CA,AWP,WE,Federal Contract Tower,0,0,19,0,19,0,0,87,2,89,0,0,106,2,108,260,28,288,396
08/12/2010,SDM,CA,AWP,WE,Federal Contract Tower,0,3,25,0,28,0,0,97,0,97,0,3,122,0,125,256,2,258,383
08/13/2010,SDM,CA,AWP,WE,Federal Contract Tower,0,2,16,0,18,0,0,90,1,91,0,2,106,1,109,210,0,210,319
08/14/2010,SDM,CA,AWP,WE,Federal Contract Tower,0,3,8,4,15,0,165,0,0,165,0,168,8,4,180,216,0,216,396
08/15/2010,SDM,CA,AWP,WE,Federal Contract Tower,0,8,24,1,33,0,0,120,0,120,0,8,144,1,153,60,0,60,213
08/16/2010,SDM,CA,AWP,WE,Federal Contract Tower,0,3,18,2,23,0,0,70,2,72,0,3,88,4,95,148,6,154,249
08/17/2010,SDM,CA,AWP,WE,Federal Contract Tower,0,4,23,0,27,0,0,77,0,77,0,4,100,0,104,188,26,214,318
08/18/2010,SDM,CA,AWP,WE,Federal Contract Tower,0,5,10,4,19,0,0,65,1,66,0,5,75,5,85,180,16,196,281
08/19/2010,SDM,CA,AWP,WE,Federal Contract Tower,0,3,11,0,14,0,0,78,0,78,0,3,89,0,92,248,0,248,340
08/20/2010,SDM,CA,AWP,WE,Federal Contract Tower,0,7,13,2,22,0,1,116,0,117,0,8,129,2,139,170,0,170,309
08/21/2010,SDM,CA,AWP,WE,Federal Contract Tower,0,4,18,0,22,0,0,178,0,178,0,4,196,0,200,152,0,152,352
08/22/2010,SDM,CA,AWP,WE,Federal Contract Tower,0,4,19,0,23,0,3,119,1,123,0,7,138,1,146,158,0,158,304
08/23/2010,SDM,CA,AWP,WE,Federal Contract Tower,0,3,17,1,21,0,0,83,0,83,0,3,100,1,104,228,30,258,362
08/24/2010,SDM,CA,AWP,WE,Federal Contract Tower,0,0,18,1,19,0,0,109,6,115,0,0,127,7,134,220,6,226,360
08/25/2010,SDM,CA,AWP,WE,Federal Contract Tower,0,8,18,2,28,0,0,77,0,77,0,8,95,2,105,224,6,230,335
08/26/2010,SDM,CA,AWP,WE,Federal Contract Tower,0,9,12,1,22,0,0,74,0,74,0,9,86,1,96,232,12,244,340
08/27/2010,SDM,CA,AWP,WE,Federal Contract Tower,0,3,16,2,21,0,0,68,0,68,0,3,84,2,89,174,100,274,363
08/28/2010,SDM,CA,AWP,WE,Federal Contract Tower,0,4,11,4,19,0,0,137,0,137,0,4,148,4,156,250,0,250,406
08/29/2010,SDM,CA,AWP,WE,Federal Contract Tower,0,4,27,3,34,0,0,124,1,125,0,4,151,4,159,160,6,166,325
08/30/2010,SDM,CA,AWP,WE,Federal Contract Tower,0,2,11,3,16,0,0,79,7,86,0,2,90,10,102,166,10,176,278
08/31/2010,SDM,CA,AWP,WE,Federal Contract Tower,0,2,17,1,20,0,0,83,0,83,0,2,100,1,103,248,2,250,353
09/01/2010,SDM,CA,AWP,WE,Federal Contract Tower,0,2,17,1,20,0,0,73,0,73,0,2,90,1,93,242,0,242,335
09/02/2010,SDM,CA,AWP,WE,Federal Contract Tower,0,7,19,0,26,0,0,85,4,89,0,7,104,4,115,212,2,214,329
09/03/2010,SDM,CA,AWP,WE,Federal Contract Tower,0,6,19,1,26,0,0,89,0,89,0,6,108,1,115,146,0,146,261
09/04/2010,SDM,CA,AWP,WE,Federal Contract Tower,0,8,9,2,19,0,1,143,0,144,0,9,152,2,163,150,0,150,313
09/05/2010,SDM,CA,AWP,WE,Federal Contract Tower,0,5,5,1,11,0,3,83,0,86,0,8,88,1,97,110,0,110,207
09/06/2010,SDM,CA,AWP,WE,Federal Contract Tower,0,6,34,3,43,0,0,108,1,109,0,6,142,4,152,28,0,28,180
09/07/2010,SDM,CA,AWP,WE,Federal Contract Tower,0,4,6,2,12,0,0,61,4,65,0,4,67,6,77,164,0,164,241
09/08/2010,SDM,CA,AWP,WE,Federal Contract Tower,0,2,15,0,17,0,1,76,0,77,0,3,91,0,94,132,0,132,226
09/09/2010,SDM,CA,AWP,WE,Federal Contract Tower,0,0,13,0,13,0,0,59,2,61,0,0,72,2,74,72,18,90,164
09/10/2010,SDM,CA,AWP,WE,Federal Contract Tower,0,1,20,2,23,0,0,67,0,67,0,1,87,2,90,174,0,174,264
09/11/2010,SDM,CA,AWP,WE,Federal Contract Tower,0,0,11,1,12,0,0,112,0,112,0,0,123,1,124,128,0,128,252
09/12/2010,SDM,CA,AWP,WE,Federal Contract Tower,0,3,12,0,15,0,0,92,0,92,0,3,104,0,107,142,0,142,249
09/13/2010,SDM,CA,AWP,WE,Federal Contract Tower,0,5,12,0,17,0,0,67,0,67,0,5,79,0,84,84,2,86,170
09/14/2010,SDM,CA,AWP,WE,Federal Contract Tower,0,7,13,0,20,0,0,75,0,75,0,7,88,0,95,158,0,158,253
09/15/2010,SDM,CA,AWP,WE,Federal Contract Tower,0,6,17,0,23,0,0,44,0,44,0,6,61,0,67,184,4,188,255
09/16/2010,SDM,CA,AWP,WE,Federal Contract Tower,0,3,17,0,20,0,0,67,0,67,0,3,84,0,87,108,0,108,195
09/17/2010,SDM,CA,AWP,WE,Federal Contract Tower,0,0,18,0,18,0,0,71,0,71,0,0,89,0,89,82,2,84,173
09/18/2010,SDM,CA,AWP,WE,Federal Contract Tower,0,5,4,0,9,0,0,118,0,118,0,5,122,0,127,116,0,116,243
09/19/2010,SDM,CA,AWP,WE,Federal Contract Tower,0,4,18,0,22,0,0,105,0,105,0,4,123,0,127,42,0,42,169
09/20/2010,SDM,CA,AWP,WE,Federal Contract Tower,0,6,24,0,30,0,0,54,0,54,0,6,78,0,84,34,0,34,118
09/21/2010,SDM,CA,AWP,WE,Federal Contract Tower,0,5,20,0,25,0,0,47,0,47,0,5,67,0,72,76,0,76,148
09/22/2010,SDM,CA,AWP,WE,Federal Contract Tower,0,5,16,1,22,0,0,50,0,50,0,5,66,1,72,156,24,180,252
09/23/2010,SDM,CA,AWP,WE,Federal Contract Tower,0,7,20,0,27,0,0,102,0,102,0,7,122,0,129,170,0,170,299
09/24/2010,SDM,CA,AWP,WE,Federal Contract Tower,0,5,19,6,30,0,0,79,0,79,0,5,98,6,109,158,0,158,267
09/25/2010,SDM,CA,AWP,WE,Federal Contract Tower,0,1,13,3,17,0,0,97,0,97,0,1,110,3,114,167,0,167,281
09/26/2010,SDM,CA,AWP,WE,Federal Contract Tower,0,7,22,2,31,0,0,96,2,98,0,7,118,4,129,174,0,174,303
09/27/2010,SDM,CA,AWP,WE,Federal Contract Tower,0,4,11,7,22,0,0,66,0,66,0,4,77,7,88,118,0,118,206
09/28/2010,SDM,CA,AWP,WE,Federal Contract Tower,0,2,26,1,29,0,0,75,8,83,0,2,101,9,112,2,304,306,418
09/29/2010,SDM,CA,AWP,WE,Federal Contract Tower,0,8,9,2,19,0,1,102,9,112,0,9,111,11,131,358,4,362,493
09/30/2010,SDM,CA,AWP,WE,Federal Contract Tower,0,3,8,3,14,0,0,23,0,23,0,3,31,3,37,52,0,52,89
10/01/2010,SDM,CA,AWP,WE,Federal Contract Tower,0,6,11,0,17,0,0,42,0,42,0,6,53,0,59,114,0,114,173
10/02/2010,SDM,CA,AWP,WE,Federal Contract Tower,0,1,19,3,23,0,0,104,0,104,0,1,123,3,127,142,0,142,269
10/03/2010,SDM,CA,AWP,WE,Federal Contract Tower,0,8,25,4,37,0,0,42,0,42,0,8,67,4,79,32,0,32,111
10/04/2010,SDM,CA,AWP,WE,Federal Contract Tower,0,4,11,0,15,0,0,0,0,0,0,4,11,0,15,0,0,0,15
10/05/2010,SDM,CA,AWP,WE,Federal Contract Tower,0,2,12,0,14,0,0,54,0,54,0,2,66,0,68,248,20,268,336
10/06/2010,SDM,CA,AWP,WE,Federal Contract Tower,0,4,19,2,25,0,0,30,2,32,0,4,49,4,57,144,56,200,257
10/07/2010,SDM,CA,AWP,WE,Federal Contract Tower,0,6,19,0,25,0,1,68,10,79,0,7,87,10,104,302,8,310,414
10/08/2010,SDM,CA,AWP,WE,Federal Contract Tower,0,8,17,1,26,0,0,100,0,100,0,8,117,1,126,186,2,188,314
10/09/2010,SDM,CA,AWP,WE,Federal Contract Tower,0,7,7,1,15,0,0,132,9,141,0,7,139,10,156,228,0,228,384
10/10/2010,SDM,CA,AWP,WE,Federal Contract Tower,0,8,17,3,28,0,0,113,4,117,0,8,130,7,145,108,0,108,253
10/11/2010,SDM,CA,AWP,WE,Federal Contract Tower,0,5,10,0,15,0,0,78,0,78,0,5,88,0,93,218,0,218,311
10/12/2010,SDM,CA,AWP,WE,Federal Contract Tower,0,5,18,0,23,0,0,67,0,67,0,5,85,0,90,192,32,224,314
10/13/2010,SDM,CA,AWP,WE,Federal Contract Tower,0,0,18,0,18,0,0,51,0,51,0,0,69,0,69,214,8,222,291
10/14/2010,SDM,CA,AWP,WE,Federal Contract Tower,0,6,42,0,48,0,0,23,0,23,0,6,65,0,71,50,0,50,121
10/15/2010,SDM,CA,AWP,WE,Federal Contract Tower,0,7,19,0,26,0,0,27,0,27,0,7,46,0,53,86,0,86,139
10/16/2010,SDM,CA,AWP,WE,Federal Contract Tower,0,4,19,0,23,0,0,30,0,30,0,4,49,0,53,30,0,30,83
10/17/2010,SDM,CA,AWP,WE,Federal Contract Tower,0,2,28,1,31,0,0,7,0,7,0,2,35,1,38,0,0,0,38
10/18/2010,SDM,CA,AWP,WE,Federal Contract Tower,0,4,11,0,15,0,0,32,0,32,0,4,43,0,47,108,10,118,165
10/19/2010,SDM,CA,AWP,WE,Federal Contract Tower,0,0,11,0,11,0,0,16,0,16,0,0,27,0,27,130,0,130,157
10/20/2010,SDM,CA,AWP,WE,Federal Contract Tower,0,1,17,0,18,0,0,34,1,35,0,1,51,1,53,116,0,116,169
10/21/2010,SDM,CA,AWP,WE,Federal Contract Tower,0,5,21,0,26,0,1,36,0,37,0,6,57,0,63,146,0,146,209
10/22/2010,SDM,CA,AWP,WE,Federal Contract Tower,0,4,30,0,34,0,0,32,1,33,0,4,62,1,67,38,0,38,105
10/23/2010,SDM,CA,AWP,WE,Federal Contract Tower,0,4,21,0,25,0,0,43,2,45,0,4,64,2,70,82,42,124,194
10/24/2010,SDM,CA,AWP,WE,Federal Contract Tower,0,7,33,0,40,0,0,92,1,93,0,7,125,1,133,160,34,194,327
10/25/2010,SDM,CA,AWP,WE,Federal Contract Tower,0,6,16,0,22,0,0,39,0,39,0,6,55,0,61,20,6,26,87
10/26/2010,SDM,CA,AWP,WE,Federal Contract Tower,0,2,32,1,35,0,0,80,1,81,0,2,112,2,116,114,24,138,254
10/27/2010,SDM,CA,AWP,WE,Federal Contract Tower,0,2,21,0,23,0,0,47,4,51,0,2,68,4,74,148,48,196,270
10/28/2010,SDM,CA,AWP,WE,Federal Contract Tower,0,4,17,0,21,0,0,96,1,97,0,4,113,1,118,10,10,20,138
10/29/2010,SDM,CA,AWP,WE,Federal Contract Tower,0,7,21,0,28,0,0,127,0,127,0,7,148,0,155,345,0,345,500
10/30/2010,SDM,CA,AWP,WE,Federal Contract Tower,0,2,10,0,12,0,0,50,0,50,0,2,60,0,62,74,0,74,136
10/31/2010,SDM,CA,AWP,WE,Federal Contract Tower,0,5,13,0,18,0,1,80,0,81,0,6,93,0,99,180,0,180,279
11/01/2010,SDM,CA,AWP,WE,Federal Contract Tower,0,8,16,0,24,0,1,67,1,69,0,9,83,1,93,386,0,386,479
11/02/2010,SDM,CA,AWP,WE,Federal Contract Tower,0,4,15,0,19,0,0,75,0,75,0,4,90,0,94,254,26,280,374
11/03/2010,SDM,CA,AWP,WE,Federal Contract Tower,0,3,17,0,20,0,0,76,0,76,0,3,93,0,96,196,40,236,332
11/04/2010,SDM,CA,AWP,WE,Federal Contract Tower,0,2,11,0,13,0,0,50,0,50,0,2,61,0,63,194,26,220,283
11/05/2010,SDM,CA,AWP,WE,Federal Contract Tower,0,6,25,0,31,0,0,99,0,99,0,6,124,0,130,186,4,190,320
11/06/2010,SDM,CA,AWP,WE,Federal Contract Tower,0,7,5,0,12,0,0,58,0,58,0,7,63,0,70,116,0,116,186
11/07/2010,SDM,CA,AWP,WE,Federal Contract Tower,0,8,25,1,34,0,0,95,0,95,0,8,120,1,129,140,0,140,269
11/08/2010,SDM,CA,AWP,WE,Federal Contract Tower,0,4,24,1,29,0,0,45,0,45,0,4,69,1,74,110,16,126,200
11/09/2010,SDM,CA,AWP,WE,Federal Contract Tower,0,1,13,1,15,0,0,120,29,149,0,1,133,30,164,228,32,260,424
11/10/2010,SDM,CA,AWP,WE,Federal Contract Tower,0,6,26,2,34,0,0,121,10,131,0,6,147,12,165,230,14,244,409
11/11/2010,SDM,CA,AWP,WE,Federal Contract Tower,0,6,17,0,23,0,0,92,0,92,0,6,109,0,115,238,0,238,353
11/12/2010,SDM,CA,AWP,WE,Federal Contract Tower,0,9,27,1,37,0,0,128,0,128,0,9,155,1,165,254,0,254,419
11/13/2010,SDM,CA,AWP,WE,Federal Contract Tower,0,4,19,1,24,0,0,159,0,159,0,4,178,1,183,248,0,248,431
11/14/2010,SDM,CA,AWP,WE,Federal Contract Tower,0,3,26,0,29,0,1,121,0,122,0,4,147,0,151,198,0,198,349
11/15/2010,SDM,CA,AWP,WE,Federal Contract Tower,0,5,19,1,25,0,0,70,0,70,0,5,89,1,95,214,12,226,321
11/16/2010,SDM,CA,AWP,WE,Federal Contract Tower,0,2,15,0,17,0,0,92,0,92,0,2,107,0,109,180,20,200,309
11/17/2010,SDM,CA,AWP,WE,Federal Contract Tower,0,4,18,0,22,0,0,88,8,96,0,4,106,8,118,258,8,266,384
11/18/2010,SDM,CA,AWP,WE,Federal Contract Tower,0,6,40,0,46,0,0,86,6,92,0,6,126,6,138,152,66,218,356
11/19/2010,SDM,CA,AWP,WE,Federal Contract Tower,0,2,25,0,27,0,0,66,0,66,0,2,91,0,93,56,0,56,149
11/20/2010,SDM,CA,AWP,WE,Federal Contract Tower,0,10,25,0,35,0,0,6,0,6,0,10,31,0,41,2,0,2,43
11/21/2010,SDM,CA,AWP,WE,Federal Contract Tower,0,4,31,0,35,0,0,32,0,32,0,4,63,0,67,28,0,28,95
11/22/2010,SDM,CA,AWP,WE,Federal Contract Tower,0,7,12,1,20,0,1,66,3,70,0,8,78,4,90,116,4,120,210
11/23/2010,SDM,CA,AWP,WE,Federal Contract Tower,0,6,20,0,26,0,2,87,0,89,0,8,107,0,115,186,12,198,313
11/24/2010,SDM,CA,AWP,WE,Federal Contract Tower,0,4,14,0,18,0,0,73,0,73,0,4,87,0,91,290,0,290,381
11/25/2010,SDM,CA,AWP,WE,Federal Contract Tower,0,7,10,0,17,0,0,38,0,38,0,7,48,0,55,72,0,72,127
11/26/2010,SDM,CA,AWP,WE,Federal Contract Tower,0,5,18,1,24,0,0,92,0,92,0,5,110,1,116,112,4,116,232
11/27/2010,SDM,CA,AWP,WE,Federal Contract Tower,0,6,11,0,17,0,0,85,0,85,0,6,96,0,102,264,0,264,366
11/28/2010,SDM,CA,AWP,WE,Federal Contract Tower,0,15,83,1,99,0,2,63,0,65,0,17,146,1,164,110,0,110,274
11/29/2010,SDM,CA,AWP,WE,Federal Contract Tower,0,5,16,0,21,0,0,82,0,82,0,5,98,0,103,128,28,156,259
11/30/2010,SDM,CA,AWP,WE,Federal Contract Tower,0,4,13,0,17,0,0,76,0,76,0,4,89,0,93,192,0,192,285
12/01/2010,SDM,CA,AWP,WE,Federal Contract Tower,0,3,22,0,25,0,1,42,0,43,0,4,64,0,68,306,0,306,374
12/02/2010,SDM,CA,AWP,WE,Federal Contract Tower,0,5,13,0,18,0,0,61,0,61,0,5,74,0,79,158,18,176,255
12/03/2010,SDM,CA,AWP,WE,Federal Contract Tower,0,0,17,2,19,0,0,100,0,100,0,0,117,2,119,172,0,172,291
12/04/2010,SDM,CA,AWP,WE,Federal Contract Tower,0,3,5,1,9,0,0,87,0,87,0,3,92,1,96,294,0,294,390
12/05/2010,SDM,CA,AWP,WE,Federal Contract Tower,0,2,11,0,13,0,0,59,0,59,0,2,70,0,72,174,0,174,246
12/06/2010,SDM,CA,AWP,WE,Federal Contract Tower,0,8,13,0,21,0,0,70,4,74,0,8,83,4,95,156,0,156,251
12/07/2010,SDM,CA,AWP,WE,Federal Contract Tower,0,5,17,0,22,0,0,93,10,103,0,5,110,10,125,182,26,208,333
12/08/2010,SDM,CA,AWP,WE,Federal Contract Tower,0,2,19,1,22,0,0,70,7,77,0,2,89,8,99,88,44,132,231
12/09/2010,SDM,CA,AWP,WE,Federal Contract Tower,0,6,24,0,30,0,0,75,4,79,0,6,99,4,109,194,64,258,367
12/10/2010,SDM,CA,AWP,WE,Federal Contract Tower,0,1,15,1,17,0,0,75,0,75,0,1,90,1,92,206,0,206,298
12/11/2010,SDM,CA,AWP,WE,Federal Contract Tower,0,0,14,3,17,0,0,126,0,126,0,0,140,3,143,208,0,208,351
12/12/2010,SDM,CA,AWP,WE,Federal Contract Tower,0,6,18,2,26,0,0,85,4,89,0,6,103,6,115,108,34,142,257
12/13/2010,SDM,CA,AWP,WE,Federal Contract Tower,0,0,17,2,19,0,0,68,0,68,0,0,85,2,87,228,24,252,339
12/14/2010,SDM,CA,AWP,WE,Federal Contract Tower,0,0,15,3,18,0,0,60,1,61,0,0,75,4,79,134,6,140,219
12/15/2010,SDM,CA,AWP,WE,Federal Contract Tower,0,4,14,0,18,0,1,36,0,37,0,5,50,0,55,94,36,130,185
12/16/2010,SDM,CA,AWP,WE,Federal Contract Tower,0,0,29,0,29,0,60,0,0,60,0,60,29,0,89,94,84,178,267
12/17/2010,SDM,CA,AWP,WE,Federal Contract Tower,0,7,22,0,29,0,1,31,0,32,0,8,53,0,61,82,0,82,143
12/18/2010,SDM,CA,AWP,WE,Federal Contract Tower,0,12,16,0,28,0,0,14,0,14,0,12,30,0,42,44,0,44,86
12/19/2010,SDM,CA,AWP,WE,Federal Contract Tower,0,4,21,0,25,0,1,7,0,8,0,5,28,0,33,0,0,0,33
12/20/2010,SDM,CA,AWP,WE,Federal Contract Tower,0,4,7,0,11,0,0,0,0,0,0,4,7,0,11,0,0,0,11
12/21/2010,SDM,CA,AWP,WE,Federal Contract Tower,0,3,10,0,13,0,0,2,0,2,0,3,12,0,15,0,0,0,15
12/22/2010,SDM,CA,AWP,WE,Federal Contract Tower,0,12,11,1,24,0,0,5,0,5,0,12,16,1,29,0,28,28,57
12/23/2010,SDM,CA,AWP,WE,Federal Contract Tower,0,13,17,0,30,0,0,48,1,49,0,13,65,1,79,136,0,136,215
12/24/2010,SDM,CA,AWP,WE,Federal Contract Tower,0,9,7,2,18,0,0,69,0,69,0,9,76,2,87,182,0,182,269
12/25/2010,SDM,CA,AWP,WE,Federal Contract Tower,0,4,4,0,8,0,0,11,0,11,0,4,15,0,19,6,0,6,25
12/26/2010,SDM,CA,AWP,WE,Federal Contract Tower,0,17,36,0,53,0,1,48,0,49,0,18,84,0,102,116,0,116,218
12/27/2010,SDM,CA,AWP,WE,Federal Contract Tower,0,11,31,0,42,0,0,106,2,108,0,11,137,2,150,158,0,158,308
12/28/2010,SDM,CA,AWP,WE,Federal Contract Tower,0,13,14,0,27,0,1,95,0,96,0,14,109,0,123,120,22,142,265
12/29/2010,SDM,CA,AWP,WE,Federal Contract Tower,0,2,13,2,17,0,0,0,0,0,0,2,13,2,17,0,8,8,25
12/30/2010,SDM,CA,AWP,WE,Federal Contract Tower,0,3,18,1,22,0,0,71,2,73,0,3,89,3,95,118,0,118,213
12/31/2010,SDM,CA,AWP,WE,Federal Contract Tower,0,7,28,1,36,0,0,75,0,75,0,7,103,1,111,250,12,262,373
01/01/2011,SDM,CA,AWP,WE,Federal Contract Tower,0,2,29,2,33,0,0,66,0,66,0,2,95,2,99,96,0,96,195
01/02/2011,SDM,CA,AWP,WE,Federal Contract Tower,0,19,47,0,66,0,0,58,1,59,0,19,105,1,125,106,0,106,231
01/03/2011,SDM,CA,AWP,WE,Federal Contract Tower,0,6,27,0,33,0,0,26,0,26,0,6,53,0,59,28,90,118,177
01/04/2011,SDM,CA,AWP,WE,Federal Contract Tower,0,3,12,0,15,0,1,69,3,73,0,4,81,3,88,158,130,288,376
01/05/2011,SDM,CA,AWP,WE,Federal Contract Tower,0,5,23,0,28,0,0,59,0,59,0,5,82,0,87,194,102,296,383
01/06/2011,SDM,CA,AWP,WE,Federal Contract Tower,0,3,17,0,20,0,0,98,0,98,0,3,115,0,118,274,144,418,536
01/07/2011,SDM,CA,AWP,WE,Federal Contract Tower,0,3,9,3,15,0,0,53,1,54,0,3,62,4,69,136,16,152,221
01/08/2011,SDM,CA,AWP,WE,Federal Contract Tower,0,7,14,0,21,0,0,69,1,70,0,7,83,1,91,100,2,102,193
01/09/2011,SDM,CA,AWP,WE,Federal Contract Tower,0,3,17,3,23,0,1,52,0,53,0,4,69,3,76,128,0,128,204
01/10/2011,SDM,CA,AWP,WE,Federal Contract Tower,0,4,10,0,14,0,0,62,8,70,0,4,72,8,84,208,210,418,502
01/11/2011,SDM,CA,AWP,WE,Federal Contract Tower,0,7,18,0,25,0,0,61,4,65,0,7,79,4,90,204,44,248,338
01/12/2011,SDM,CA,AWP,WE,Federal Contract Tower,0,11,19,0,30,0,0,77,8,85,0,11,96,8,115,238,218,456,571
01/13/2011,SDM,CA,AWP,WE,Federal Contract Tower,0,12,17,0,29,0,0,101,10,111,0,12,118,10,140,256,142,398,538
01/14/2011,SDM,CA,AWP,WE,Federal Contract Tower,0,8,25,0,33,0,0,63,0,63,0,8,88,0,96,252,0,252,348
01/15/2011,SDM,CA,AWP,WE,Federal Contract Tower,0,3,21,2,26,0,0,122,1,123,0,3,143,3,149,246,0,246,395
01/16/2011,SDM,CA,AWP,WE,Federal Contract Tower,0,11,24,0,35,0,0,94,0,94,0,11,118,0,129,112,0,112,241
01/17/2011,SDM,CA,AWP,WE,Federal Contract Tower,0,6,25,1,32,0,0,123,0,123,0,6,148,1,155,254,0,254,409
01/18/2011,SDM,CA,AWP,WE,Federal Contract Tower,0,1,12,3,16,0,0,30,2,32,0,1,42,5,48,238,362,600,648
01/19/2011,SDM,CA,AWP,WE,Federal Contract Tower,0,1,15,0,16,0,1,34,0,35,0,2,49,0,51,112,194,306,357
01/20/2011,SDM,CA,AWP,WE,Federal Contract Tower,0,1,27,0,28,0,0,68,3,71,0,1,95,3,99,104,170,274,373
01/21/2011,SDM,CA,AWP,WE,Federal Contract Tower,0,3,25,3,31,0,0,74,0,74,0,3,99,3,105,188,18,206,311
01/22/2011,SDM,CA,AWP,WE,Federal Contract Tower,0,8,16,1,25,0,0,124,0,124,0,8,140,1,149,198,0,198,347
01/23/2011,SDM,CA,AWP,WE,Federal Contract Tower,0,4,15,2,21,0,0,102,1,103,0,4,117,3,124,214,0,214,338
01/24/2011,SDM,CA,AWP,WE,Federal Contract Tower,0,1,20,0,21,0,0,67,2,69,0,1,87,2,90,112,80,192,282
01/25/2011,SDM,CA,AWP,WE,Federal Contract Tower,0,6,17,2,25,0,0,58,10,68,0,6,75,12,93,178,130,308,401
01/26/2011,SDM,CA,AWP,WE,Federal Contract Tower,0,1,15,0,16,0,0,91,12,103,0,1,106,12,119,182,18,200,319
01/27/2011,SDM,CA,AWP,WE,Federal Contract Tower,0,3,24,3,30,0,0,81,11,92,0,3,105,14,122,220,94,314,436
01/28/2011,SDM,CA,AWP,WE,Federal Contract Tower,0,5,18,4,27,0,0,56,16,72,0,5,74,20,99,144,214,358,457
01/29/2011,SDM,CA,AWP,WE,Federal Contract Tower,0,2,19,2,23,0,0,95,3,98,0,2,114,5,121,224,30,254,375
01/30/2011,SDM,CA,AWP,WE,Federal Contract Tower,0,4,13,2,19,0,0,43,0,43,0,4,56,2,62,36,0,36,98
01/31/2011,SDM,CA,AWP,WE,Federal Contract Tower,0,3,18,1,22,0,1,64,6,71,0,4,82,7,93,66,70,136,229
02/01/2011,SDM,CA,AWP,WE,Federal Contract Tower,0,6,18,1,25,0,0,61,2,63,0,6,79,3,88,144,228,372,460
02/02/2011,SDM,CA,AWP,WE,Federal Contract Tower,0,3,12,3,18,0,1,27,4,32,0,4,39,7,50,68,246,314,364
02/03/2011,SDM,CA,AWP,WE,Federal Contract Tower,0,3,28,4,35,0,0,52,10,62,0,3,80,14,97,40,198,238,335
02/04/2011,SDM,CA,AWP,WE,Federal Contract Tower,0,6,29,0,35,0,0,75,2,77,0,6,104,2,112,186,132,318,430
02/05/2011,SDM,CA,AWP,WE,Federal Contract Tower,0,1,22,0,23,0,0,137,8,145,0,1,159,8,168,254,180,434,602
02/06/2011,SDM,CA,AWP,WE,Federal Contract Tower,0,7,18,0,25,0,0,67,0,67,0,7,85,0,92,96,0,96,188
02/07/2011,SDM,CA,AWP,WE,Federal Contract Tower,0,4,21,1,26,0,0,83,0,83,0,4,104,1,109,108,0,108,217
02/08/2011,SDM,CA,AWP,WE,Federal Contract Tower,0,5,31,3,39,0,0,29,0,29,0,5,60,3,68,8,18,26,94
02/09/2011,SDM,CA,AWP,WE,Federal Contract Tower,0,8,24,1,33,0,0,71,1,72,0,8,95,2,105,158,22,180,285
02/10/2011,SDM,CA,AWP,WE,Federal Contract Tower,0,5,30,2,37,0,0,111,5,116,0,5,141,7,153,384,0,384,537
02/11/2011,SDM,CA,AWP,WE,Federal Contract Tower,0,2,25,5,32,0,0,123,3,126,0,2,148,8,158,188,2,190,348
02/12/2011,SDM,CA,AWP,WE,Federal Contract Tower,0,5,16,3,24,0,0,140,0,140,0,5,156,3,164,82,0,82,246
02/13/2011,SDM,CA,AWP,WE,Federal Contract Tower,0,6,22,7,35,0,0,132,2,134,0,6,154,9,169,146,0,146,315
02/14/2011,SDM,CA,AWP,WE,Federal Contract Tower,0,2,16,0,18,0,0,65,1,66,0,2,81,1,84,170,2,172,256
02/15/2011,SDM,CA,AWP,WE,Federal Contract Tower,0,3,24,2,29,0,0,80,0,80,0,3,104,2,109,220,18,238,347
02/16/2011,SDM,CA,AWP,WE,Federal Contract Tower,0,5,29,0,34,0,0,11,0,11,0,5,40,0,45,40,0,40,85
02/17/2011,SDM,CA,AWP,WE,Federal Contract Tower,0,0,20,0,20,0,0,83,0,83,0,0,103,0,103,164,56,220,323
02/18/2011,SDM,CA,AWP,WE,Federal Contract Tower,0,5,26,0,31,0,0,27,0,27,0,5,53,0,58,70,0,70,128
02/19/2011,SDM,CA,AWP,WE,Federal Contract Tower,0,1,19,0,20,0,0,22,0,22,0,1,41,0,42,10,0,10,52
02/20/2011,SDM,CA,AWP,WE,Federal Contract Tower,0,5,21,0,26,0,0,47,0,47,0,5,68,0,73,64,0,64,137
02/21/2011,SDM,CA,AWP,WE,Federal Contract Tower,0,6,38,0,44,0,0,106,0,106,0,6,144,0,150,172,0,172,322
02/22/2011,SDM,CA,AWP,WE,Federal Contract Tower,0,4,21,2,27,0,0,83,2,85,0,4,104,4,112,226,26,252,364
02/23/2011,SDM,CA,AWP,WE,Federal Contract Tower,0,3,31,1,35,0,2,65,4,71,0,5,96,5,106,148,10,158,264
02/24/2011,SDM,CA,AWP,WE,Federal Contract Tower,0,3,25,2,30,0,0,68,2,70,0,3,93,4,100,196,24,220,320
02/25/2011,SDM,CA,AWP,WE,Federal Contract Tower,0,8,22,0,30,0,0,74,0,74,0,8,96,0,104,154,36,190,294
02/26/2011,SDM,CA,AWP,WE,Federal Contract Tower,0,4,6,0,10,0,2,6,0,8,0,6,12,0,18,0,34,34,52
02/27/2011,SDM,CA,AWP,WE,Federal Contract Tower,0,7,35,0,42,0,0,105,0,105,0,7,140,0,147,112,0,112,259
02/28/2011,SDM,CA,AWP,WE,Federal Contract Tower,0,2,17,0,19,0,0,80,4,84,0,2,97,4,103,86,82,168,271
03/01/2011,SDM,CA,AWP,WE,Federal Contract Tower,0,5,16,2,23,0,0,69,17,86,0,5,85,19,109,142,178,320,429
03/02/2011,SDM,CA,AWP,WE,Federal Contract Tower,0,6,16,0,22,0,0,87,7,94,0,6,103,7,116,218,24,242,358
03/03/2011,SDM,CA,AWP,WE,Federal Contract Tower,0,4,20,0,24,0,0,93,15,108,0,4,113,15,132,168,100,268,400
03/04/2011,SDM,CA,AWP,WE,Federal Contract Tower,0,7,18,4,29,0,0,87,3,90,0,7,105,7,119,86,76,162,281
03/05/2011,SDM,CA,AWP,WE,Federal Contract Tower,0,1,24,0,25,0,0,110,0,110,0,1,134,0,135,182,0,182,317
03/06/2011,SDM,CA,AWP,WE,Federal Contract Tower,0,8,28,0,36,0,0,70,0,70,0,8,98,0,106,70,0,70,176
03/07/2011,SDM,CA,AWP,WE,Federal Contract Tower,0,4,7,0,11,0,0,14,8,22,0,4,21,8,33,0,50,50,83
03/08/2011,SDM,CA,AWP,WE,Federal Contract Tower,0,2,31,0,33,0,0,113,21,134,0,2,144,21,167,131,124,255,422
03/09/2011,SDM,CA,AWP,WE,Federal Contract Tower,0,4,24,0,28,0,0,145,12,157,0,4,169,12,185,168,66,234,419
03/10/2011,SDM,CA,AWP,WE,Federal Contract Tower,0,10,22,2,34,0,1,93,12,106,0,11,115,14,140,134,99,233,373
03/11/2011,SDM,CA,AWP,WE,Federal Contract Tower,0,6,27,4,37,0,0,105,12,117,0,6,132,16,154,174,87,261,415
03/12/2011,SDM,CA,AWP,WE,Federal Contract Tower,0,5,17,4,26,0,1,138,4,143,0,6,155,8,169,128,0,128,297
03/13/2011,SDM,CA,AWP,WE,Federal Contract Tower,0,7,19,0,26,0,0,81,0,81,0,7,100,0,107,99,0,99,206
03/14/2011,SDM,CA,AWP,WE,Federal Contract Tower,0,12,7,0,19,0,0,73,6,79,0,12,80,6,98,142,66,208,306
03/15/2011,SDM,CA,AWP,WE,Federal Contract Tower,0,5,26,0,31,0,1,65,10,76,0,6,91,10,107,160,136,296,403
03/16/2011,SDM,CA,AWP,WE,Federal Contract Tower,0,7,18,0,25,0,0,65,0,65,0,7,83,0,90,88,0,88,178
03/17/2011,SDM,CA,AWP,WE,Federal Contract Tower,0,5,15,0,20,0,0,74,2,76,0,5,89,2,96,160,6,166,262
03/18/2011,SDM,CA,AWP,WE,Federal Contract Tower,0,5,20,1,26,0,0,100,3,103,0,5,120,4,129,177,38,215,344
03/19/2011,SDM,CA,AWP,WE,Federal Contract Tower,0,8,25,0,33,0,0,80,5,85,0,8,105,5,118,137,39,176,294
03/20/2011,SDM,CA,AWP,WE,Federal Contract Tower,0,6,24,1,31,0,0,26,4,30,0,6,50,5,61,66,14,80,141
03/21/2011,SDM,CA,AWP,WE,Federal Contract Tower,0,2,12,0,14,0,0,32,0,32,0,2,44,0,46,46,0,46,92
03/22/2011,SDM,CA,AWP,WE,Federal Contract Tower,0,4,21,0,25,0,1,83,2,86,0,5,104,2,111,233,20,253,364
03/23/2011,SDM,CA,AWP,WE,Federal Contract Tower,0,2,17,0,19,0,0,77,2,79,0,2,94,2,98,181,6,187,285
03/24/2011,SDM,CA,AWP,WE,Federal Contract Tower,0,3,14,0,17,0,0,49,4,53,0,3,63,4,70,182,77,259,329
03/25/2011,SDM,CA,AWP,WE,Federal Contract Tower,0,8,21,1,30,0,0,25,0,25,0,8,46,1,55,60,0,60,115
03/26/2011,SDM,CA,AWP,WE,Federal Contract Tower,0,5,28,8,41,0,0,71,8,79,0,5,99,16,120,13,0,13,133
03/27/2011,SDM,CA,AWP,WE,Federal Contract Tower,0,6,32,7,45,0,0,54,9,63,0,6,86,16,108,147,26,173,281
03/28/2011,SDM,CA,AWP,WE,Federal Contract Tower,0,4,18,1,23,0,0,61,2,63,0,4,79,3,86,75,34,109,195
03/29/2011,SDM,CA,AWP,WE,Federal Contract Tower,0,9,24,1,34,0,0,89,19,108,0,9,113,20,142,233,33,266,408
03/30/2011,SDM,CA,AWP,WE,Federal Contract Tower,0,3,12,0,15,0,0,77,10,87,0,3,89,10,102,176,144,320,422
03/31/2011,SDM,CA,AWP,WE,Federal Contract Tower,0,10,20,0,30,0,0,73,4,77,0,10,93,4,107,100,40,140,247
04/01/2011,SDM,CA,AWP,WE,Federal Contract Tower,0,7,28,1,36,0,0,95,0,95,0,7,123,1,131,139,0,139,270
04/02/2011,SDM,CA,AWP,WE,Federal Contract Tower,0,9,15,0,24,0,1,44,2,47,0,10,59,2,71,126,4,130,201
04/03/2011,SDM,CA,AWP,WE,Federal Contract Tower,0,14,28,0,42,0,0,74,2,76,0,14,102,2,118,114,16,130,248
04/04/2011,SDM,CA,AWP,WE,Federal Contract Tower,0,2,20,0,22,0,0,61,0,61,0,2,81,0,83,138,0,138,221
04/05/2011,SDM,CA,AWP,WE,Federal Contract Tower,0,31,0,1,32,0,1,72,8,81,0,32,72,9,113,93,51,144,257
04/06/2011,SDM,CA,AWP,WE,Federal Contract Tower,0,6,24,0,30,0,0,44,3,47,0,6,68,3,77,74,22,96,173
04/07/2011,SDM,CA,AWP,WE,Federal Contract Tower,0,6,18,0,24,0,0,48,8,56,0,6,66,8,80,40,57,97,177
04/08/2011,SDM,CA,AWP,WE,Federal Contract Tower,0,6,23,3,32,0,0,40,6,46,0,6,63,9,78,103,40,143,221
04/09/2011,SDM,CA,AWP,WE,Federal Contract Tower,0,4,22,1,27,0,1,100,10,111,0,5,122,11,138,101,0,101,239
04/10/2011,SDM,CA,AWP,WE,Federal Contract Tower,0,10,33,1,44,0,0,94,0,94,0,10,127,1,138,90,0,90,228
04/11/2011,SDM,CA,AWP,WE,Federal Contract Tower,0,4,25,0,29,0,0,62,0,62,0,4,87,0,91,182,0,182,273
04/12/2011,SDM,CA,AWP,WE,Federal Contract Tower,0,8,25,1,34,0,0,76,20,96,0,8,101,21,130,54,69,123,253
04/13/2011,SDM,CA,AWP,WE,Federal Contract Tower,0,9,19,3,31,0,0,42,18,60,0,9,61,21,91,54,44,98,189
04/14/2011,SDM,CA,AWP,WE,Federal Contract Tower,0,11,38,1,50,0,0,87,9,96,0,11,125,10,146,198,20,218,364
04/15/2011,SDM,CA,AWP,WE,Federal Contract Tower,0,5,34,1,40,0,0,109,6,115,0,5,143,7,155,224,21,245,400
04/16/2011,SDM,CA,AWP,WE,Federal Contract Tower,0,8,27,0,35,0,0,144,6,150,0,8,171,6,185,239,24,263,448
04/17/2011,SDM,CA,AWP,WE,Federal Contract Tower,0,17,24,0,41,0,0,79,6,85,0,17,103,6,126,115,18,133,259
04/18/2011,SDM,CA,AWP,WE,Federal Contract Tower,0,5,34,1,40,0,0,27,9,36,0,5,61,10,76,96,38,134,210
04/19/2011,SDM,CA,AWP,WE,Federal Contract Tower,0,7,28,0,35,0,0,40,8,48,0,7,68,8,83,51,26,77,160
04/20/2011,SDM,CA,AWP,WE,Federal Contract Tower,0,4,19,0,23,0,2,42,17,61,0,6,61,17,84,76,96,172,256
04/21/2011,SDM,CA,AWP,WE,Federal Contract Tower,0,1,19,0,20,0,0,44,3,47,0,1,63,3,67,103,19,122,189
04/22/2011,SDM,CA,AWP,WE,Federal Contract Tower,0,4,28,0,32,0,1,121,0,122,0,5,149,0,154,300,1,301,455
04/23/2011,SDM,CA,AWP,WE,Federal Contract Tower,0,1,21,1,23,0,1,131,10,142,0,2,152,11,165,232,0,232,397
04/24/2011,SDM,CA,AWP,WE,Federal Contract Tower,0,15,31,7,53,0,0,35,5,40,0,15,66,12,93,34,0,34,127
04/25/2011,SDM,CA,AWP,WE,Federal Contract Tower,0,7,19,0,26,0,0,110,0,110,0,7,129,0,136,134,0,134,270
04/26/2011,SDM,CA,AWP,WE,Federal Contract Tower,0,4,31,0,35,0,0,95,10,105,0,4,126,10,140,148,103,251,391
04/27/2011,SDM,CA,AWP,WE,Federal Contract Tower,0,11,22,1,34,0,0,81,4,85,0,11,103,5,119,100,26,126,245
04/28/2011,SDM,CA,AWP,WE,Federal Contract Tower,0,5,23,0,28,0,0,80,4,84,0,5,103,4,112,125,4,129,241
04/29/2011,SDM,CA,AWP,WE,Federal Contract Tower,0,6,20,1,27,0,0,92,2,94,0,6,112,3,121,116,26,142,263
04/30/2011,SDM,CA,AWP,WE,Federal Contract Tower,0,4,25,1,30,0,0,123,3,126,0,4,148,4,156,115,20,135,291
05/01/2011,SDM,CA,AWP,WE,Federal Contract Tower,0,3,16,2,21,0,0,71,2,73,0,3,87,4,94,212,0,212,306
05/02/2011,SDM,CA,AWP,WE,Federal Contract Tower,0,7,15,0,22,0,0,56,4,60,0,7,71,4,82,124,12,136,218
05/03/2011,SDM,CA,AWP,WE,Federal Contract Tower,0,2,15,0,17,0,0,64,10,74,0,2,79,10,91,85,88,173,264
05/04/2011,SDM,CA,AWP,WE,Federal Contract Tower,0,1,17,1,19,0,0,69,21,90,0,1,86,22,109,128,14,142,251
05/05/2011,SDM,CA,AWP,WE,Federal Contract Tower,0,4,17,1,22,0,0,69,8,77,0,4,86,9,99,171,75,246,345
05/06/2011,SDM,CA,AWP,WE,Federal Contract Tower,0,0,22,0,22,0,0,70,4,74,0,0,92,4,96,120,32,152,248
05/07/2011,SDM,CA,AWP,WE,Federal Contract Tower,0,1,26,0,27,0,0,105,7,112,0,1,131,7,139,119,0,119,258
05/08/2011,SDM,CA,AWP,WE,Federal Contract Tower,0,6,19,0,25,0,0,28,4,32,0,6,47,4,57,86,0,86,143
05/09/2011,SDM,CA,AWP,WE,Federal Contract Tower,0,6,18,0,24,0,0,36,2,38,0,6,54,2,62,83,22,105,167
05/10/2011,SDM,CA,AWP,WE,Federal Contract Tower,0,3,27,0,30,0,0,113,2,115,0,3,140,2,145,180,10,190,335
05/11/2011,SDM,CA,AWP,WE,Federal Contract Tower,0,8,24,0,32,0,0,75,4,79,0,8,99,4,111,206,3,209,320
05/12/2011,SDM,CA,AWP,WE,Federal Contract Tower,0,2,25,0,27,0,0,105,2,107,0,2,130,2,134,201,4,205,339
05/13/2011,SDM,CA,AWP,WE,Federal Contract Tower,0,4,23,0,27,0,0,46,3,49,0,4,69,3,76,141,22,163,239
05/14/2011,SDM,CA,AWP,WE,Federal Contract Tower,0,0,14,1,15,0,0,106,0,106,0,0,120,1,121,193,0,193,314
05/15/2011,SDM,CA,AWP,WE,Federal Contract Tower,0,6,20,0,26,0,0,76,0,76,0,6,96,0,102,238,0,238,340
05/16/2011,SDM,CA,AWP,WE,Federal Contract Tower,0,3,34,2,39,0,0,78,7,85,0,3,112,9,124,176,40,216,340
05/17/2011,SDM,CA,AWP,WE,Federal Contract Tower,0,4,5,0,9,0,1,12,0,13,0,5,17,0,22,21,0,21,43
05/18/2011,SDM,CA,AWP,WE,Federal Contract Tower,0,0,19,0,19,0,0,9,5,14,0,0,28,5,33,35,24,59,92
05/19/2011,SDM,CA,AWP,WE,Federal Contract Tower,0,6,26,0,32,0,0,91,2,93,0,6,117,2,125,182,6,188,313
05/20/2011,SDM,CA,AWP,WE,Federal Contract Tower,0,8,23,2,33,0,0,85,0,85,0,8,108,2,118,242,0,242,360
05/21/2011,SDM,CA,AWP,WE,Federal Contract Tower,0,4,33,1,38,0,0,134,2,136,0,4,167,3,174,131,0,131,305
05/22/2011,SDM,CA,AWP,WE,Federal Contract Tower,0,12,24,1,37,0,0,62,0,62,0,12,86,1,99,146,0,146,245
05/23/2011,SDM,CA,AWP,WE,Federal Contract Tower,0,7,38,1,46,0,0,49,2,51,0,7,87,3,97,63,12,75,172
05/24/2011,SDM,CA,AWP,WE,Federal Contract Tower,0,7,37,2,46,0,0,88,0,88,0,7,125,2,134,135,0,135,269
05/25/2011,SDM,CA,AWP,WE,Federal Contract Tower,0,3,25,0,28,0,0,87,1,88,0,3,112,1,116,175,14,189,305
05/26/2011,SDM,CA,AWP,WE,Federal Contract Tower,0,2,37,0,39,0,0,76,6,82,0,2,113,6,121,225,8,233,354
05/27/2011,SDM,CA,AWP,WE,Federal Contract Tower,0,5,30,0,35,0,0,65,0,65,0,5,95,0,100,298,0,298,398
05/28/2011,SDM,CA,AWP,WE,Federal Contract Tower,0,4,25,1,30,0,0,90,0,90,0,4,115,1,120,141,0,141,261
05/29/2011,SDM,CA,AWP,WE,Federal Contract Tower,0,0,1,14,15,0,2,22,0,24,0,2,23,14,39,30,0,30,69
05/30/2011,SDM,CA,AWP,WE,Federal Contract Tower,0,4,30,0,34,0,0,106,0,106,0,4,136,0,140,224,0,224,364
05/31/2011,SDM,CA,AWP,WE,Federal Contract Tower,0,6,38,2,46,0,0,79,2,81,0,6,117,4,127,195,44,239,366
06/01/2011,SDM,CA,AWP,WE,Federal Contract Tower,0,5,31,2,38,0,0,58,7,65,0,5,89,9,103,96,60,156,259
06/02/2011,SDM,CA,AWP,WE,Federal Contract Tower,0,5,45,2,52,0,0,98,10,108,0,5,143,12,160,148,80,228,388
06/03/2011,SDM,CA,AWP,WE,Federal Contract Tower,0,3,17,1,21,0,0,83,6,89,0,3,100,7,110,249,38,287,397
06/04/2011,SDM,CA,AWP,WE,Federal Contract Tower,0,3,6,1,10,0,5,77,0,82,0,8,83,1,92,101,0,101,193
06/05/2011,SDM,CA,AWP,WE,Federal Contract Tower,0,10,22,1,33,0,0,83,0,83,0,10,105,1,116,105,0,105,221
06/06/2011,SDM,CA,AWP,WE,Federal Contract Tower,0,0,34,0,34,0,0,73,3,76,0,0,107,3,110,106,40,146,256
06/07/2011,SDM,CA,AWP,WE,Federal Contract Tower,0,5,18,0,23,0,0,57,4,61,0,5,75,4,84,227,38,265,349
06/08/2011,SDM,CA,AWP,WE,Federal Contract Tower,0,6,18,0,24,0,0,51,10,61,0,6,69,10,85,108,64,172,257
06/09/2011,SDM,CA,AWP,WE,Federal Contract Tower,0,2,28,0,30,0,0,47,8,55,0,2,75,8,85,144,80,224,309
06/10/2011,SDM,CA,AWP,WE,Federal Contract Tower,0,7,31,0,38,0,0,35,16,51,0,7,66,16,89,60,172,232,321
06/11/2011,SDM,CA,AWP,WE,Federal Contract Tower,0,3,16,0,19,0,0,104,0,104,0,3,120,0,123,98,0,98,221
06/12/2011,SDM,CA,AWP,WE,Federal Contract Tower,0,7,21,0,28,0,0,43,0,43,0,7,64,0,71,62,0,62,133
06/13/2011,SDM,CA,AWP,WE,Federal Contract Tower,0,5,17,0,22,0,0,48,19,67,0,5,65,19,89,134,132,266,355
06/14/2011,SDM,CA,AWP,WE,Federal Contract Tower,0,7,12,0,19,0,0,73,9,82,0,7,85,9,101,202,72,274,375
06/15/2011,SDM,CA,AWP,WE,Federal Contract Tower,0,2,7,0,9,0,0,65,6,71,0,2,72,6,80,144,28,172,252
06/16/2011,SDM,CA,AWP,WE,Federal Contract Tower,0,1,18,0,19,0,0,69,9,78,0,1,87,9,97,120,26,146,243
06/17/2011,SDM,CA,AWP,WE,Federal Contract Tower,0,4,22,0,26,0,1,67,2,70,0,5,89,2,96,87,12,99,195
06/18/2011,SDM,CA,AWP,WE,Federal Contract Tower,0,1,17,0,18,0,0,92,2,94,0,1,109,2,112,97,8,105,217
06/19/2011,SDM,CA,AWP,WE,Federal Contract Tower,0,9,21,0,30,0,0,78,0,78,0,9,99,0,108,137,0,137,245
06/20/2011,SDM,CA,AWP,WE,Federal Contract Tower,0,3,22,0,25,0,0,61,8,69,0,3,83,8,94,167,25,192,286
06/21/2011,SDM,CA,AWP,WE,Federal Contract Tower,0,1,26,0,27,0,0,69,4,73,0,1,95,4,100,220,26,246,346
06/22/2011,SDM,CA,AWP,WE,Federal Contract Tower,0,5,22,0,27,0,0,66,8,74,0,5,88,8,101,104,26,130,231
06/23/2011,SDM,CA,AWP,WE,Federal Contract Tower,0,2,21,0,23,0,0,93,10,103,0,2,114,10,126,96,68,164,290
06/24/2011,SDM,CA,AWP,WE,Federal Contract Tower,0,1,21,0,22,0,0,78,6,84,0,1,99,6,106,246,70,316,422
06/25/2011,SDM,CA,AWP,WE,Federal Contract Tower,0,4,9,0,13,0,1,110,6,117,0,5,119,6,130,191,52,243,373
06/26/2011,SDM,CA,AWP,WE,Federal Contract Tower,0,7,29,0,36,0,1,74,6,81,0,8,103,6,117,142,0,142,259
06/27/2011,SDM,CA,AWP,WE,Federal Contract Tower,0,3,7,0,10,0,0,71,5,76,0,3,78,5,86,239,38,277,363
06/28/2011,SDM,CA,AWP,WE,Federal Contract Tower,0,1,21,0,22,0,2,60,18,80,0,3,81,18,102,87,10,97,199
06/29/2011,SDM,CA,AWP,WE,Federal Contract Tower,0,7,16,0,23,0,0,64,8,72,0,7,80,8,95,192,32,224,319
06/30/2011,SDM,CA,AWP,WE,Federal Contract Tower,0,11,25,2,38,0,0,95,12,107,0,11,120,14,145,278,32,310,455
07/01/2011,SDM,CA,AWP,WE,Federal Contract Tower,0,10,29,3,42,0,0,98,0,98,0,10,127,3,140,290,3,293,433
07/02/2011,SDM,CA,AWP,WE,Federal Contract Tower,0,12,14,0,26,0,1,99,0,100,0,13,113,0,126,273,0,273,399
07/03/2011,SDM,CA,AWP,WE,Federal Contract Tower,0,4,21,2,27,0,0,55,0,55,0,4,76,2,82,126,0,126,208
07/04/2011,SDM,CA,AWP,WE,Federal Contract Tower,0,2,19,1,22,0,0,72,0,72,0,2,91,1,94,87,0,87,181
07/05/2011,SDM,CA,AWP,WE,Federal Contract Tower,0,2,31,0,33,0,0,50,2,52,0,2,81,2,85,125,0,125,210
07/06/2011,SDM,CA,AWP,WE,Federal Contract Tower,0,5,14,0,19,0,0,57,8,65,0,5,71,8,84,136,28,164,248
07/07/2011,SDM,CA,AWP,WE,Federal Contract Tower,0,2,20,0,22,0,0,92,10,102,0,2,112,10,124,200,56,256,380
07/08/2011,SDM,CA,AWP,WE,Federal Contract Tower,0,2,25,0,27,0,0,78,3,81,0,2,103,3,108,206,43,249,357
07/09/2011,SDM,CA,AWP,WE,Federal Contract Tower,0,3,17,0,20,0,1,128,0,129,0,4,145,0,149,184,0,184,333
07/10/2011,SDM,CA,AWP,WE,Federal Contract Tower,0,0,10,0,10,0,0,76,0,76,0,0,86,0,86,149,0,149,235
07/11/2011,SDM,CA,AWP,WE,Federal Contract Tower,0,2,20,1,23,0,1,65,4,70,0,3,85,5,93,114,24,138,231
07/12/2011,SDM,CA,AWP,WE,Federal Contract Tower,0,0,11,2,13,0,0,62,6,68,0,0,73,8,81,172,30,202,283
07/13/2011,SDM,CA,AWP,WE,Federal Contract Tower,0,0,9,0,9,0,0,63,6,69,0,0,72,6,78,155,56,211,289
07/14/2011,SDM,CA,AWP,WE,Federal Contract Tower,0,1,20,0,21,0,0,72,0,72,0,1,92,0,93,166,50,216,309
07/15/2011,SDM,CA,AWP,WE,Federal Contract Tower,0,5,23,2,30,0,0,78,0,78,0,5,101,2,108,244,3,247,355
07/16/2011,SDM,CA,AWP,WE,Federal Contract Tower,0,3,18,1,22,0,0,99,0,99,0,3,117,1,121,178,0,178,299
07/17/2011,SDM,CA,AWP,WE,Federal Contract Tower,0,5,28,0,33,0,0,99,0,99,0,5,127,0,132,174,0,174,306
07/18/2011,SDM,CA,AWP,WE,Federal Contract Tower,0,6,21,0,27,0,0,86,4,90,0,6,107,4,117,134,6,140,257
07/19/2011,SDM,CA,AWP,WE,Federal Contract Tower,0,2,31,0,33,0,0,78,6,84,0,2,109,6,117,157,10,167,284
07/20/2011,SDM,CA,AWP,WE,Federal Contract Tower,0,3,21,1,25,0,0,59,5,64,0,3,80,6,89,76,36,112,201
07/21/2011,SDM,CA,AWP,WE,Federal Contract Tower,0,10,17,1,28,0,0,80,7,87,0,10,97,8,115,185,24,209,324
07/22/2011,SDM,CA,AWP,WE,Federal Contract Tower,0,0,23,4,27,0,0,82,2,84,0,0,105,6,111,218,0,218,329
07/23/2011,SDM,CA,AWP,WE,Federal Contract Tower,0,2,13,2,17,0,1,84,3,88,0,3,97,5,105,176,10,186,291
07/24/2011,SDM,CA,AWP,WE,Federal Contract Tower,0,4,30,6,40,0,0,75,2,77,0,4,105,8,117,184,34,218,335
07/25/2011,SDM,CA,AWP,WE,Federal Contract Tower,0,4,21,1,26,0,0,57,4,61,0,4,78,5,87,152,12,164,251
07/26/2011,SDM,CA,AWP,WE,Federal Contract Tower,0,3,19,1,23,0,0,59,8,67,0,3,78,9,90,126,80,206,296
07/27/2011,SDM,CA,AWP,WE,Federal Contract Tower,0,8,4,1,13,0,0,42,6,48,0,8,46,7,61,110,54,164,225
07/28/2011,SDM,CA,AWP,WE,Federal Contract Tower,0,8,12,3,23,0,0,91,7,98,0,8,103,10,121,230,63,293,414
07/29/2011,SDM,CA,AWP,WE,Federal Contract Tower,0,6,15,1,22,0,0,54,0,54,0,6,69,1,76,131,50,181,257
07/30/2011,SDM,CA,AWP,WE,Federal Contract Tower,0,3,6,0,9,0,0,103,0,103,0,3,109,0,112,129,0,129,241
07/31/2011,SDM,CA,AWP,WE,Federal Contract Tower,0,9,13,0,22,0,0,44,1,45,0,9,57,1,67,72,0,72,139
08/01/2011,SDM,CA,AWP,WE,Federal Contract Tower,0,6,14,1,21,0,0,65,4,69,0,6,79,5,90,134,12,146,236
08/02/2011,SDM,CA,AWP,WE,Federal Contract Tower,0,8,12,1,21,0,0,59,2,61,0,8,71,3,82,122,16,138,220
08/03/2011,SDM,CA,AWP,WE,Federal Contract Tower,0,3,11,0,14,0,0,72,12,84,0,3,83,12,98,158,56,214,312
08/04/2011,SDM,CA,AWP,WE,Federal Contract Tower,0,2,10,0,12,0,0,74,2,76,0,2,84,2,88,188,0,188,276
08/05/2011,SDM,CA,AWP,WE,Federal Contract Tower,0,3,11,0,14,0,0,76,2,78,0,3,87,2,92,251,35,286,378
08/06/2011,SDM,CA,AWP,WE,Federal Contract Tower,0,5,15,0,20,0,0,93,0,93,0,5,108,0,113,172,0,172,285
08/07/2011,SDM,CA,AWP,WE,Federal Contract Tower,0,1,12,0,13,0,0,69,0,69,0,1,81,0,82,112,0,112,194
08/08/2011,SDM,CA,AWP,WE,Federal Contract Tower,0,2,9,0,11,0,0,53,0,53,0,2,62,0,64,120,0,120,184
08/09/2011,SDM,CA,AWP,WE,Federal Contract Tower,0,4,16,0,20,0,0,61,0,61,0,4,77,0,81,145,0,145,226
08/10/2011,SDM,CA,AWP,WE,Federal Contract Tower,0,10,18,0,28,0,0,62,10,72,0,10,80,10,100,105,38,143,243
08/11/2011,SDM,CA,AWP,WE,Federal Contract Tower,0,2,16,0,18,0,0,56,8,64,0,2,72,8,82,149,22,171,253
08/12/2011,SDM,CA,AWP,WE,Federal Contract Tower,0,13,6,0,19,0,0,61,4,65,0,13,67,4,84,237,8,245,329
08/13/2011,SDM,CA,AWP,WE,Federal Contract Tower,0,4,11,0,15,0,0,121,0,121,0,4,132,0,136,213,0,213,349
08/14/2011,SDM,CA,AWP,WE,Federal Contract Tower,0,3,11,0,14,0,0,69,2,71,0,3,80,2,85,98,2,100,185
08/15/2011,SDM,CA,AWP,WE,Federal Contract Tower,0,3,22,0,25,0,0,48,4,52,0,3,70,4,77,113,85,198,275
08/16/2011,SDM,CA,AWP,WE,Federal Contract Tower,0,1,9,0,10,0,0,75,16,91,0,1,84,16,101,188,114,302,403
08/17/2011,SDM,CA,AWP,WE,Federal Contract Tower,0,4,10,0,14,0,0,81,10,91,0,4,91,10,105,175,40,215,320
08/18/2011,SDM,CA,AWP,WE,Federal Contract Tower,0,6,8,2,16,0,2,81,3,86,0,8,89,5,102,225,28,253,355
08/19/2011,SDM,CA,AWP,WE,Federal Contract Tower,0,5,2,0,7,0,0,77,3,80,0,5,79,3,87,209,17,226,313
08/20/2011,SDM,CA,AWP,WE,Federal Contract Tower,0,5,19,0,24,0,0,90,6,96,0,5,109,6,120,108,76,184,304
08/21/2011,SDM,CA,AWP,WE,Federal Contract Tower,0,2,25,0,27,0,0,88,4,92,0,2,113,4,119,118,0,118,237
08/22/2011,SDM,CA,AWP,WE,Federal Contract Tower,0,5,17,0,22,0,0,82,2,84,0,5,99,2,106,240,6,246,352
08/23/2011,SDM,CA,AWP,WE,Federal Contract Tower,0,3,7,0,10,0,0,65,7,72,0,3,72,7,82,156,78,234,316
08/24/2011,SDM,CA,AWP,WE,Federal Contract Tower,0,2,15,0,17,0,0,85,11,96,0,2,100,11,113,219,126,345,458
08/25/2011,SDM,CA,AWP,WE,Federal Contract Tower,0,4,20,0,24,0,0,92,6,98,0,4,112,6,122,127,36,163,285
08/26/2011,SDM,CA,AWP,WE,Federal Contract Tower,0,3,8,0,11,0,0,54,0,54,0,3,62,0,65,158,0,158,223
08/27/2011,SDM,CA,AWP,WE,Federal Contract Tower,0,1,5,0,6,0,0,101,0,101,0,1,106,0,107,208,0,208,315
08/28/2011,SDM,CA,AWP,WE,Federal Contract Tower,0,2,18,2,22,0,0,70,0,70,0,2,88,2,92,122,0,122,214
08/29/2011,SDM,CA,AWP,WE,Federal Contract Tower,0,4,5,0,9,0,0,71,20,91,0,4,76,20,100,166,170,336,436
08/30/2011,SDM,CA,AWP,WE,Federal Contract Tower,0,5,14,1,20,0,0,63,0,63,0,5,77,1,83,99,0,99,182
08/31/2011,SDM,CA,AWP,WE,Federal Contract Tower,0,5,15,1,21,0,0,90,10,100,0,5,105,11,121,170,36,206,327
09/01/2011,SDM,CA,AWP,WE,Federal Contract Tower,0,3,18,0,21,0,0,97,6,103,0,3,115,6,124,227,62,289,413
09/02/2011,SDM,CA,AWP,WE,Federal Contract Tower,0,2,14,0,16,0,0,87,0,87,0,2,101,0,103,139,0,139,242
09/03/2011,SDM,CA,AWP,WE,Federal Contract Tower,0,1,10,3,14,0,0,97,2,99,0,1,107,5,113,172,16,188,301
09/04/2011,SDM,CA,AWP,WE,Federal Contract Tower,0,1,12,1,14,0,0,79,0,79,0,1,91,1,93,96,0,96,189
09/05/2011,SDM,CA,AWP,WE,Federal Contract Tower,0,7,15,2,24,0,0,81,2,83,0,7,96,4,107,106,0,106,213
09/06/2011,SDM,CA,AWP,WE,Federal Contract Tower,0,3,14,1,18,0,0,55,2,57,0,3,69,3,75,23,10,33,108
09/07/2011,SDM,CA,AWP,WE,Federal Contract Tower,0,6,13,0,19,0,0,75,4,79,0,6,88,4,98,132,12,144,242
09/08/2011,SDM,CA,AWP,WE,Federal Contract Tower,0,5,11,0,16,0,0,96,8,104,0,5,107,8,120,164,32,196,316
09/09/2011,SDM,CA,AWP,WE,Federal Contract Tower,0,4,18,0,22,0,0,60,8,68,0,4,78,8,90,152,68,220,310
09/10/2011,SDM,CA,AWP,WE,Federal Contract Tower,0,5,16,0,21,0,0,100,0,100,0,5,116,0,121,131,0,131,252
09/11/2011,SDM,CA,AWP,WE,Federal Contract Tower,0,0,18,0,18,0,0,89,0,89,0,0,107,0,107,196,0,196,303
09/12/2011,SDM,CA,AWP,WE,Federal Contract Tower,0,3,6,0,9,0,0,70,4,74,0,3,76,4,83,112,6,118,201
09/13/2011,SDM,CA,AWP,WE,Federal Contract Tower,0,4,14,0,18,0,0,67,4,71,0,4,81,4,89,161,32,193,282
09/14/2011,SDM,CA,AWP,WE,Federal Contract Tower,0,1,20,0,21,0,2,82,4,88,0,3,102,4,109,134,14,148,257
09/15/2011,SDM,CA,AWP,WE,Federal Contract Tower,0,4,50,0,54,0,0,46,2,48,0,4,96,2,102,135,2,137,239
09/16/2011,SDM,CA,AWP,WE,Federal Contract Tower,0,3,13,0,16,0,0,40,1,41,0,3,53,1,57,61,3,64,121
09/17/2011,SDM,CA,AWP,WE,Federal Contract Tower,0,0,10,0,10,0,0,73,0,73,0,0,83,0,83,136,0,136,219
09/18/2011,SDM,CA,AWP,WE,Federal Contract Tower,0,3,27,0,30,0,0,73,2,75,0,3,100,2,105,184,12,196,301
09/19/2011,SDM,CA,AWP,WE,Federal Contract Tower,0,0,20,0,20,0,0,52,4,56,0,0,72,4,76,94,36,130,206
09/20/2011,SDM,CA,AWP,WE,Federal Contract Tower,0,4,14,0,18,0,3,69,2,74,0,7,83,2,92,210,22,232,324
09/21/2011,SDM,CA,AWP,WE,Federal Contract Tower,0,2,15,0,17,0,0,66,8,74,0,2,81,8,91,110,60,170,261
09/22/2011,SDM,CA,AWP,WE,Federal Contract Tower,0,9,11,0,20,0,0,84,5,89,0,9,95,5,109,103,86,189,298
09/23/2011,SDM,CA,AWP,WE,Federal Contract Tower,0,2,13,1,16,0,0,56,0,56,0,2,69,1,72,72,0,72,144
09/24/2011,SDM,CA,AWP,WE,Federal Contract Tower,0,2,12,1,15,0,0,80,2,82,0,2,92,3,97,144,0,144,241
09/25/2011,SDM,CA,AWP,WE,Federal Contract Tower,0,0,28,3,31,0,0,36,0,36,0,0,64,3,67,102,0,102,169
09/26/2011,SDM,CA,AWP,WE,Federal Contract Tower,0,3,29,2,34,0,0,40,0,40,0,3,69,2,74,72,0,72,146
09/27/2011,SDM,CA,AWP,WE,Federal Contract Tower,0,2,23,1,26,0,0,64,18,82,0,2,87,19,108,132,28,160,268
09/28/2011,SDM,CA,AWP,WE,Federal Contract Tower,0,1,16,1,18,0,0,59,8,67,0,1,75,9,85,246,4,250,335
09/29/2011,SDM,CA,AWP,WE,Federal Contract Tower,0,1,13,6,20,0,0,64,3,67,0,1,77,9,87,161,7,168,255
09/30/2011,SDM,CA,AWP,WE,Federal Contract Tower,0,5,19,0,24,0,0,66,0,66,0,5,85,0,90,210,0,210,300
10/01/2011,SDM,CA,AWP,WE,Federal Contract Tower,0,0,4,1,5,0,0,82,0,82,0,0,86,1,87,70,0,70,157
10/02/2011,SDM,CA,AWP,WE,Federal Contract Tower,1,6,7,1,15,0,0,54,5,59,1,6,61,6,74,94,0,94,168
10/03/2011,SDM,CA,AWP,WE,Federal Contract Tower,0,5,10,1,16,0,0,83,3,86,0,5,93,4,102,186,0,186,288
10/04/2011,SDM,CA,AWP,WE,Federal Contract Tower,0,3,22,0,25,0,0,26,14,40,0,3,48,14,65,20,82,102,167
10/05/2011,SDM,CA,AWP,WE,Federal Contract Tower,0,5,15,1,21,0,0,34,10,44,0,5,49,11,65,34,106,140,205
10/06/2011,SDM,CA,AWP,WE,Federal Contract Tower,0,4,25,0,29,0,0,71,13,84,0,4,96,13,113,120,51,171,284
10/07/2011,SDM,CA,AWP,WE,Federal Contract Tower,0,9,17,2,28,0,0,94,2,96,0,9,111,4,124,174,2,176,300
10/08/2011,SDM,CA,AWP,WE,Federal Contract Tower,0,2,11,3,16,0,0,118,4,122,0,2,129,7,138,197,0,197,335
10/09/2011,SDM,CA,AWP,WE,Federal Contract Tower,0,2,23,2,27,0,0,78,2,80,0,2,101,4,107,112,0,112,219
10/10/2011,SDM,CA,AWP,WE,Federal Contract Tower,0,7,23,1,31,0,1,75,0,76,0,8,98,1,107,102,0,102,209
10/11/2011,SDM,CA,AWP,WE,Federal Contract Tower,0,4,16,0,20,0,0,88,8,96,0,4,104,8,116,128,50,178,294
10/12/2011,SDM,CA,AWP,WE,Federal Contract Tower,0,6,12,0,18,0,0,95,8,103,0,6,107,8,121,126,86,212,333
10/13/2011,SDM,CA,AWP,WE,Federal Contract Tower,0,7,22,2,31,0,0,88,4,92,0,7,110,6,123,159,18,177,300
10/14/2011,SDM,CA,AWP,WE,Federal Contract Tower,0,6,20,0,26,0,0,80,6,86,0,6,100,6,112,164,32,196,308
10/15/2011,SDM,CA,AWP,WE,Federal Contract Tower,0,3,15,1,19,0,0,111,0,111,0,3,126,1,130,146,0,146,276
10/16/2011,SDM,CA,AWP,WE,Federal Contract Tower,0,6,20,0,26,0,0,73,1,74,0,6,93,1,100,108,0,108,208
10/17/2011,SDM,CA,AWP,WE,Federal Contract Tower,0,2,12,0,14,0,0,64,22,86,0,2,76,22,100,166,328,494,594
10/18/2011,SDM,CA,AWP,WE,Federal Contract Tower,0,2,20,3,25,0,0,44,6,50,0,2,64,9,75,84,68,152,227
10/19/2011,SDM,CA,AWP,WE,Federal Contract Tower,0,8,21,1,30,0,0,25,3,28,0,8,46,4,58,54,86,140,198
10/20/2011,SDM,CA,AWP,WE,Federal Contract Tower,0,4,13,0,17,0,0,51,5,56,0,4,64,5,73,71,14,85,158
10/21/2011,SDM,CA,AWP,WE,Federal Contract Tower,0,1,22,3,26,0,0,76,3,79,0,1,98,6,105,129,28,157,262
10/22/2011,SDM,CA,AWP,WE,Federal Contract Tower,0,6,17,2,25,0,0,56,0,56,0,6,73,2,81,85,0,85,166
10/23/2011,SDM,CA,AWP,WE,Federal Contract Tower,0,9,30,5,44,0,0,35,1,36,0,9,65,6,80,24,0,24,104
10/24/2011,SDM,CA,AWP,WE,Federal Contract Tower,0,6,23,4,33,0,0,38,4,42,0,6,61,8,75,132,58,190,265
10/25/2011,SDM,CA,AWP,WE,Federal Contract Tower,0,3,25,1,29,0,0,72,4,76,0,3,97,5,105,184,2,186,291
10/26/2011,SDM,CA,AWP,WE,Federal Contract Tower,0,4,12,0,16,0,0,71,4,75,0,4,83,4,91,216,12,228,319
10/27/2011,SDM,CA,AWP,WE,Federal Contract Tower,0,13,16,1,30,0,0,89,2,91,0,13,105,3,121,255,12,267,388
10/28/2011,SDM,CA,AWP,WE,Federal Contract Tower,0,6,21,2,29,0,0,85,3,88,0,6,106,5,117,227,4,231,348
10/29/2011,SDM,CA,AWP,WE,Federal Contract Tower,0,1,11,1,13,0,0,95,0,95,0,1,106,1,108,220,0,220,328
10/30/2011,SDM,CA,AWP,WE,Federal Contract Tower,0,7,14,11,32,0,1,86,0,87,0,8,100,11,119,144,0,144,263
10/31/2011,SDM,CA,AWP,WE,Federal Contract Tower,0,3,17,0,20,0,0,78,4,82,0,3,95,4,102,192,8,200,302
11/01/2011,SDM,CA,AWP,WE,Federal Contract Tower,0,4,8,1,13,0,0,56,11,67,0,4,64,12,80,126,60,186,266
11/02/2011,SDM,CA,AWP,WE,Federal Contract Tower,0,11,14,0,25,0,0,44,12,56,0,11,58,12,81,90,48,138,219
11/03/2011,SDM,CA,AWP,WE,Federal Contract Tower,0,2,9,0,11,0,0,54,10,64,0,2,63,10,75,77,76,153,228
11/04/2011,SDM,CA,AWP,WE,Federal Contract Tower,0,4,7,0,11,0,0,14,0,14,0,4,21,0,25,4,25,29,54
11/05/2011,SDM,CA,AWP,WE,Federal Contract Tower,0,6,24,1,31,0,0,77,0,77,0,6,101,1,108,284,0,284,392
11/06/2011,SDM,CA,AWP,WE,Federal Contract Tower,0,1,22,0,23,0,0,31,0,31,0,1,53,0,54,48,0,48,102
11/07/2011,SDM,CA,AWP,WE,Federal Contract Tower,0,3,27,1,31,0,0,63,2,65,0,3,90,3,96,152,8,160,256
11/08/2011,SDM,CA,AWP,WE,Federal Contract Tower,0,1,11,0,12,0,0,62,4,66,0,1,73,4,78,126,22,148,226
11/09/2011,SDM,CA,AWP,WE,Federal Contract Tower,0,6,12,9,27,0,0,63,6,69,0,6,75,15,96,56,30,86,182
11/10/2011,SDM,CA,AWP,WE,Federal Contract Tower,0,6,16,3,25,0,0,59,10,69,0,6,75,13,94,114,154,268,362
11/11/2011,SDM,CA,AWP,WE,Federal Contract Tower,0,5,17,0,22,0,0,50,5,55,0,5,67,5,77,180,1,181,258
11/12/2011,SDM,CA,AWP,WE,Federal Contract Tower,0,3,6,0,9,0,0,7,0,7,0,3,13,0,16,9,2,11,27
11/13/2011,SDM,CA,AWP,WE,Federal Contract Tower,0,7,24,1,32,0,0,74,0,74,0,7,98,1,106,170,0,170,276
11/14/2011,SDM,CA,AWP,WE,Federal Contract Tower,0,7,14,0,21,0,0,42,1,43,0,7,56,1,64,160,0,160,224
11/15/2011,SDM,CA,AWP,WE,Federal Contract Tower,0,4,19,0,23,0,0,89,10,99,0,4,108,10,122,102,98,200,322
11/16/2011,SDM,CA,AWP,WE,Federal Contract Tower,0,3,28,2,33,0,0,59,2,61,0,3,87,4,94,198,20,218,312
11/17/2011,SDM,CA,AWP,WE,Federal Contract Tower,0,5,27,0,32,0,0,53,16,69,0,5,80,16,101,100,200,300,401
11/18/2011,SDM,CA,AWP,WE,Federal Contract Tower,0,11,22,1,34,0,1,22,0,23,0,12,44,1,57,14,0,14,71
11/19/2011,SDM,CA,AWP,WE,Federal Contract Tower,0,7,25,4,36,0,0,89,5,94,0,7,114,9,130,164,32,196,326
11/20/2011,SDM,CA,AWP,WE,Federal Contract Tower,0,9,39,2,50,0,0,38,0,38,0,9,77,2,88,56,0,56,144
11/21/2011,SDM,CA,AWP,WE,Federal Contract Tower,0,10,16,3,29,0,0,48,10,58,0,10,64,13,87,158,100,258,345
11/22/2011,SDM,CA,AWP,WE,Federal Contract Tower,0,12,24,0,36,0,0,90,20,110,0,12,114,20,146,212,112,324,470
11/23/2011,SDM,CA,AWP,WE,Federal Contract Tower,0,9,20,0,29,0,0,73,0,73,0,9,93,0,102,152,2,154,256
11/24/2011,SDM,CA,AWP,WE,Federal Contract Tower,0,5,5,0,10,0,1,24,3,28,0,6,29,3,38,50,6,56,94
11/25/2011,SDM,CA,AWP,WE,Federal Contract Tower,0,4,15,0,19,0,0,71,0,71,0,4,86,0,90,267,3,270,360
11/26/2011,SDM,CA,AWP,WE,Federal Contract Tower,0,5,26,2,33,0,0,120,0,120,0,5,146,2,153,293,0,293,446
11/27/2011,SDM,CA,AWP,WE,Federal Contract Tower,0,12,44,0,56,0,0,59,0,59,0,12,103,0,115,204,0,204,319
11/28/2011,SDM,CA,AWP,WE,Federal Contract Tower,0,9,18,2,29,0,0,49,2,51,0,9,67,4,80,140,16,156,236
11/29/2011,SDM,CA,AWP,WE,Federal Contract Tower,0,5,15,0,20,0,0,66,4,70,0,5,81,4,90,134,14,148,238
11/30/2011,SDM,CA,AWP,WE,Federal Contract Tower,0,9,14,4,27,0,0,61,8,69,0,9,75,12,96,109,54,163,259
12/01/2011,SDM,CA,AWP,WE,Federal Contract Tower,0,3,12,2,17,0,0,38,2,40,0,3,50,4,57,57,14,71,128
12/02/2011,SDM,CA,AWP,WE,Federal Contract Tower,0,3,13,8,24,0,0,48,3,51,0,3,61,11,75,84,2,86,161
12/03/2011,SDM,CA,AWP,WE,Federal Contract Tower,0,11,3,0,14,0,0,80,10,90,0,11,83,10,104,134,136,270,374
12/04/2011,SDM,CA,AWP,WE,Federal Contract Tower,0,8,20,2,30,0,0,92,2,94,0,8,112,4,124,126,8,134,258
12/05/2011,SDM,CA,AWP,WE,Federal Contract Tower,0,2,16,0,18,0,0,58,6,64,0,2,74,6,82,76,26,102,184
12/06/2011,SDM,CA,AWP,WE,Federal Contract Tower,0,3,31,2,36,0,0,68,4,72,0,3,99,6,108,127,2,129,237
12/07/2011,SDM,CA,AWP,WE,Federal Contract Tower,0,5,9,0,14,0,0,54,2,56,0,5,63,2,70,131,0,131,201
12/08/2011,SDM,CA,AWP,WE,Federal Contract Tower,0,9,14,0,23,0,0,55,0,55,0,9,69,0,78,195,0,195,273
12/09/2011,SDM,CA,AWP,WE,Federal Contract Tower,0,4,20,2,26,0,0,80,0,80,0,4,100,2,106,211,0,211,317
12/10/2011,SDM,CA,AWP,WE,Federal Contract Tower,0,0,19,2,21,0,0,104,3,107,0,0,123,5,128,230,2,232,360
12/11/2011,SDM,CA,AWP,WE,Federal Contract Tower,0,5,27,6,38,0,0,46,2,48,0,5,73,8,86,118,0,118,204
12/12/2011,SDM,CA,AWP,WE,Federal Contract Tower,0,3,12,0,15,0,0,17,6,23,0,3,29,6,38,30,42,72,110
12/13/2011,SDM,CA,AWP,WE,Federal Contract Tower,0,1,6,0,7,0,0,16,8,24,0,1,22,8,31,22,66,88,119
12/14/2011,SDM,CA,AWP,WE,Federal Contract Tower,0,2,12,0,14,0,0,52,13,65,0,2,64,13,79,174,66,240,319
12/15/2011,SDM,CA,AWP,WE,Federal Contract Tower,0,3,25,0,28,0,0,52,9,61,0,3,77,9,89,119,72,191,280
12/16/2011,SDM,CA,AWP,WE,Federal Contract Tower,0,6,17,4,27,0,1,30,5,36,0,7,47,9,63,52,18,70,133
12/17/2011,SDM,CA,AWP,WE,Federal Contract Tower,0,8,7,8,23,0,0,60,4,64,0,8,67,12,87,158,0,158,245
12/18/2011,SDM,CA,AWP,WE,Federal Contract Tower,0,7,20,3,30,0,0,47,0,47,0,7,67,3,77,38,0,38,115
12/19/2011,SDM,CA,AWP,WE,Federal Contract Tower,0,11,17,0,28,0,0,29,2,31,0,11,46,2,59,72,0,72,131
12/20/2011,SDM,CA,AWP,WE,Federal Contract Tower,0,5,26,1,32,0,0,44,6,50,0,5,70,7,82,124,48,172,254
12/21/2011,SDM,CA,AWP,WE,Federal Contract Tower,0,4,23,0,27,0,0,76,6,82,0,4,99,6,109,188,22,210,319
12/22/2011,SDM,CA,AWP,WE,Federal Contract Tower,0,7,17,0,24,0,0,61,1,62,0,7,78,1,86,137,2,139,225
12/23/2011,SDM,CA,AWP,WE,Federal Contract Tower,0,9,14,0,23,0,0,57,0,57,0,9,71,0,80,121,0,121,201
12/24/2011,SDM,CA,AWP,WE,Federal Contract Tower,0,4,14,0,18,0,0,40,0,40,0,4,54,0,58,87,0,87,145
12/25/2011,SDM,CA,AWP,WE,Federal Contract Tower,0,11,5,0,16,0,0,18,0,18,0,11,23,0,34,42,0,42,76
12/26/2011,SDM,CA,AWP,WE,Federal Contract Tower,0,22,29,0,51,0,0,60,0,60,0,22,89,0,111,142,0,142,253
12/27/2011,SDM,CA,AWP,WE,Federal Contract Tower,0,7,18,0,25,0,0,72,4,76,0,7,90,4,101,115,0,115,216
12/28/2011,SDM,CA,AWP,WE,Federal Contract Tower,0,9,22,0,31,0,1,59,0,60,0,10,81,0,91,148,0,148,239
12/29/2011,SDM,CA,AWP,WE,Federal Contract Tower,0,7,18,0,25,0,0,67,4,71,0,7,85,4,96,178,24,202,298
12/30/2011,SDM,CA,AWP,WE,Federal Contract Tower,0,12,19,0,31,0,0,62,0,62,0,12,81,0,93,174,0,174,267
12/31/2011,SDM,CA,AWP,WE,Federal Contract Tower,0,7,20,0,27,0,0,97,0,97,0,7,117,0,124,228,0,228,352
01/01/2012,SDM,CA,AWP,WE,Federal Contract Tower,0,7,23,0,30,0,0,58,0,58,0,7,81,0,88,44,0,44,132
01/02/2012,SDM,CA,AWP,WE,Federal Contract Tower,0,15,39,0,54,0,0,88,0,88,0,15,127,0,142,114,0,114,256
01/03/2012,SDM,CA,AWP,WE,Federal Contract Tower,0,10,25,0,35,0,0,57,16,73,0,10,82,16,108,84,124,208,316
01/04/2012,SDM,CA,AWP,WE,Federal Contract Tower,0,8,12,0,20,0,0,62,12,74,0,8,74,12,94,126,82,208,302
01/05/2012,SDM,CA,AWP,WE,Federal Contract Tower,0,5,23,0,28,0,0,62,14,76,0,5,85,14,104,161,150,311,415
01/06/2012,SDM,CA,AWP,WE,Federal Contract Tower,0,8,14,0,22,0,0,80,7,87,0,8,94,7,109,141,121,262,371
01/07/2012,SDM,CA,AWP,WE,Federal Contract Tower,0,6,19,0,25,0,0,68,0,68,0,6,87,0,93,174,0,174,267
01/08/2012,SDM,CA,AWP,WE,Federal Contract Tower,0,3,16,4,23,0,0,66,1,67,0,3,82,5,90,226,0,226,316
01/09/2012,SDM,CA,AWP,WE,Federal Contract Tower,0,6,15,1,22,0,0,71,10,81,0,6,86,11,103,140,26,166,269
01/10/2012,SDM,CA,AWP,WE,Federal Contract Tower,0,2,19,1,22,0,0,74,28,102,0,2,93,29,124,122,138,260,384
01/11/2012,SDM,CA,AWP,WE,Federal Contract Tower,0,3,18,2,23,0,0,69,26,95,0,3,87,28,118,118,74,192,310
01/12/2012,SDM,CA,AWP,WE,Federal Contract Tower,0,1,14,1,16,0,0,48,3,51,0,1,62,4,67,178,12,190,257
01/13/2012,SDM,CA,AWP,WE,Federal Contract Tower,0,3,17,1,21,0,0,56,0,56,0,3,73,1,77,102,9,111,188
01/14/2012,SDM,CA,AWP,WE,Federal Contract Tower,0,8,12,1,21,0,0,115,0,115,0,8,127,1,136,151,0,151,287
01/15/2012,SDM,CA,AWP,WE,Federal Contract Tower,0,0,18,3,21,0,0,47,3,50,0,0,65,6,71,88,0,88,159
01/16/2012,SDM,CA,AWP,WE,Federal Contract Tower,0,8,31,4,43,0,0,13,0,13,0,8,44,4,56,32,0,32,88
01/17/2012,SDM,CA,AWP,WE,Federal Contract Tower,0,9,15,0,24,0,0,66,6,72,0,9,81,6,96,169,18,187,283
01/18/2012,SDM,CA,AWP,WE,Federal Contract Tower,0,2,21,0,23,0,0,74,12,86,0,2,95,12,109,139,56,195,304
01/19/2012,SDM,CA,AWP,WE,Federal Contract Tower,0,4,13,0,17,0,0,68,7,75,0,4,81,7,92,103,95,198,290
01/20/2012,SDM,CA,AWP,WE,Federal Contract Tower,0,2,17,2,21,0,0,77,1,78,0,2,94,3,99,195,31,226,325
01/21/2012,SDM,CA,AWP,WE,Federal Contract Tower,0,3,9,0,12,0,0,7,2,9,0,3,16,2,21,6,34,40,61
01/22/2012,SDM,CA,AWP,WE,Federal Contract Tower,0,5,22,3,30,0,0,57,6,63,0,5,79,9,93,174,34,208,301
01/23/2012,SDM,CA,AWP,WE,Federal Contract Tower,0,10,18,3,31,0,0,3,9,12,0,10,21,12,43,0,32,32,75
01/24/2012,SDM,CA,AWP,WE,Federal Contract Tower,0,3,15,0,18,0,0,72,16,88,0,3,87,16,106,138,98,236,342
01/25/2012,SDM,CA,AWP,WE,Federal Contract Tower,0,3,18,0,21,0,0,84,7,91,0,3,102,7,112,92,72,164,276
01/26/2012,SDM,CA,AWP,WE,Federal Contract Tower,0,9,18,4,31,0,0,97,9,106,0,9,115,13,137,209,70,279,416
01/27/2012,SDM,CA,AWP,WE,Federal Contract Tower,0,7,7,5,19,0,0,101,4,105,0,7,108,9,124,282,39,321,445
01/28/2012,SDM,CA,AWP,WE,Federal Contract Tower,0,5,20,7,32,0,0,94,7,101,0,5,114,14,133,291,0,291,424
01/29/2012,SDM,CA,AWP,WE,Federal Contract Tower,0,11,18,5,34,0,0,70,6,76,0,11,88,11,110,150,0,150,260
01/30/2012,SDM,CA,AWP,WE,Federal Contract Tower,0,6,16,0,22,0,0,52,5,57,0,6,68,5,79,84,43,127,206
01/31/2012,SDM,CA,AWP,WE,Federal Contract Tower,0,4,17,1,22,0,0,77,8,85,0,4,94,9,107,168,84,252,359
02/01/2012,SDM,CA,AWP,WE,Federal Contract Tower,0,8,19,3,30,0,0,52,14,66,0,8,71,17,96,122,43,165,261
02/02/2012,SDM,CA,AWP,WE,Federal Contract Tower,0,5,11,1,17,0,0,79,7,86,0,5,90,8,103,172,25,197,300
02/03/2012,SDM,CA,AWP,WE,Federal Contract Tower,0,2,24,3,29,0,0,65,7,72,0,2,89,10,101,154,10,164,265
02/04/2012,SDM,CA,AWP,WE,Federal Contract Tower,0,7,10,5,22,0,0,107,1,108,0,7,117,6,130,252,0,252,382
02/05/2012,SDM,CA,AWP,WE,Federal Contract Tower,0,6,17,2,25,0,1,53,3,57,0,7,70,5,82,128,0,128,210
02/06/2012,SDM,CA,AWP,WE,Federal Contract Tower,0,3,20,1,24,0,1,65,2,68,0,4,85,3,92,119,4,123,215
02/07/2012,SDM,CA,AWP,WE,Federal Contract Tower,0,2,14,2,18,0,0,26,2,28,0,2,40,4,46,46,22,68,114
02/08/2012,SDM,CA,AWP,WE,Federal Contract Tower,0,3,18,1,22,0,0,50,0,50,0,3,68,1,72,166,0,166,238
02/09/2012,SDM,CA,AWP,WE,Federal Contract Tower,0,13,18,3,34,0,0,68,8,76,0,13,86,11,110,151,92,243,353
02/10/2012,SDM,CA,AWP,WE,Federal Contract Tower,0,9,21,5,35,0,1,72,5,78,0,10,93,10,113,80,4,84,197
02/11/2012,SDM,CA,AWP,WE,Federal Contract Tower,0,3,9,5,17,0,0,35,8,43,0,3,44,13,60,40,0,40,100
02/12/2012,SDM,CA,AWP,WE,Federal Contract Tower,0,12,26,3,41,0,1,29,4,34,0,13,55,7,75,84,86,170,245
02/13/2012,SDM,CA,AWP,WE,Federal Contract Tower,0,11,16,6,33,0,0,23,3,26,0,11,39,9,59,62,8,70,129
02/14/2012,SDM,CA,AWP,WE,Federal Contract Tower,0,8,21,1,30,0,0,65,8,73,0,8,86,9,103,228,48,276,379
02/15/2012,SDM,CA,AWP,WE,Federal Contract Tower,0,5,15,2,22,0,0,20,12,32,0,5,35,14,54,66,128,194,248
02/16/2012,SDM,CA,AWP,WE,Federal Contract Tower,0,13,22,0,35,0,0,62,11,73,0,13,84,11,108,189,51,240,348
02/17/2012,SDM,CA,AWP,WE,Federal Contract Tower,0,17,21,1,39,0,0,103,3,106,0,17,124,4,145,167,20,187,332
02/18/2012,SDM,CA,AWP,WE,Federal Contract Tower,0,5,13,3,21,0,0,128,2,130,0,5,141,5,151,329,4,333,484
02/19/2012,SDM,CA,AWP,WE,Federal Contract Tower,0,5,19,4,28,0,0,23,0,23,0,5,42,4,51,58,0,58,109
02/20/2012,SDM,CA,AWP,WE,Federal Contract Tower,0,12,24,2,38,0,1,51,1,53,0,13,75,3,91,214,0,214,305
02/21/2012,SDM,CA,AWP,WE,Federal Contract Tower,0,16,21,0,37,0,0,93,8,101,0,16,114,8,138,192,44,236,374
02/22/2012,SDM,CA,AWP,WE,Federal Contract Tower,0,6,18,0,24,0,0,82,0,82,0,6,100,0,106,169,0,169,275
02/23/2012,SDM,CA,AWP,WE,Federal Contract Tower,0,15,25,1,41,0,0,84,17,101,0,15,109,18,142,38,99,137,279
02/24/2012,SDM,CA,AWP,WE,Federal Contract Tower,0,3,20,1,24,0,0,41,2,43,0,3,61,3,67,66,11,77,144
02/25/2012,SDM,CA,AWP,WE,Federal Contract Tower,0,4,23,0,27,0,0,92,0,92,0,4,115,0,119,242,0,242,361
02/26/2012,SDM,CA,AWP,WE,Federal Contract Tower,0,7,38,0,45,0,0,43,0,43,0,7,81,0,88,104,0,104,192
02/27/2012,SDM,CA,AWP,WE,Federal Contract Tower,0,6,17,0,23,0,0,11,4,15,0,6,28,4,38,20,24,44,82
02/28/2012,SDM,CA,AWP,WE,Federal Contract Tower,0,8,21,1,30,0,0,61,18,79,0,8,82,19,109,220,56,276,385
02/29/2012,SDM,CA,AWP,WE,Federal Contract Tower,0,0,7,5,12,0,0,58,6,64,0,0,65,11,76,146,50,196,272
03/01/2012,SDM,CA,AWP,WE,Federal Contract Tower,0,5,16,0,21,0,0,46,8,54,0,5,62,8,75,153,16,169,244
03/02/2012,SDM,CA,AWP,WE,Federal Contract Tower,0,4,27,3,34,0,0,68,6,74,0,4,95,9,108,234,41,275,383
03/03/2012,SDM,CA,AWP,WE,Federal Contract Tower,0,5,20,1,26,0,0,94,1,95,0,5,114,2,121,264,0,264,385
03/04/2012,SDM,CA,AWP,WE,Federal Contract Tower,0,5,17,3,25,0,0,81,1,82,0,5,98,4,107,136,0,136,243
03/05/2012,SDM,CA,AWP,WE,Federal Contract Tower,0,8,17,0,25,0,0,60,12,72,0,8,77,12,97,88,74,162,259
03/06/2012,SDM,CA,AWP,WE,Federal Contract Tower,0,4,13,0,17,0,1,18,12,31,0,5,31,12,48,18,40,58,106
03/07/2012,SDM,CA,AWP,WE,Federal Contract Tower,0,4,19,2,25,0,0,57,6,63,0,4,76,8,88,126,38,164,252
03/08/2012,SDM,CA,AWP,WE,Federal Contract Tower,0,5,12,0,17,0,0,71,2,73,0,5,83,2,90,217,24,241,331
03/09/2012,SDM,CA,AWP,WE,Federal Contract Tower,0,3,21,1,25,0,0,80,0,80,0,3,101,1,105,247,0,247,352
03/10/2012,SDM,CA,AWP,WE,Federal Contract Tower,0,3,9,3,15,0,0,0,0,0,0,3,9,3,15,201,0,201,216
03/11/2012,SDM,CA,AWP,WE,Federal Contract Tower,0,8,13,3,24,0,0,69,0,69,0,8,82,3,93,128,0,128,221
03/12/2012,SDM,CA,AWP,WE,Federal Contract Tower,0,5,11,1,17,0,0,52,8,60,0,5,63,9,77,178,36,214,291
03/13/2012,SDM,CA,AWP,WE,Federal Contract Tower,0,7,23,0,30,0,0,50,1,51,0,7,73,1,81,94,6,100,181
03/14/2012,SDM,CA,AWP,WE,Federal Contract Tower,0,5,12,0,17,0,1,43,2,46,0,6,55,2,63,109,22,131,194
03/15/2012,SDM,CA,AWP,WE,Federal Contract Tower,0,3,26,2,31,0,0,39,2,41,0,3,65,4,72,105,0,105,177
03/16/2012,SDM,CA,AWP,WE,Federal Contract Tower,0,10,21,1,32,0,0,27,4,31,0,10,48,5,63,55,6,61,124
03/17/2012,SDM,CA,AWP,WE,Federal Contract Tower,0,3,7,0,10,0,0,1,0,1,0,3,8,0,11,0,0,0,11
03/18/2012,SDM,CA,AWP,WE,Federal Contract Tower,0,6,16,1,23,0,0,9,0,9,0,6,25,1,32,4,0,4,36
03/19/2012,SDM,CA,AWP,WE,Federal Contract Tower,0,8,12,2,22,0,0,14,6,20,0,8,26,8,42,42,40,82,124
03/20/2012,SDM,CA,AWP,WE,Federal Contract Tower,0,4,11,2,17,0,1,78,8,87,0,5,89,10,104,174,43,217,321
03/21/2012,SDM,CA,AWP,WE,Federal Contract Tower,0,9,16,0,25,0,0,87,4,91,0,9,103,4,116,182,10,192,308
03/22/2012,SDM,CA,AWP,WE,Federal Contract Tower,0,2,15,0,17,0,0,0,0,0,0,2,15,0,17,170,21,191,208
03/23/2012,SDM,CA,AWP,WE,Federal Contract Tower,0,8,24,6,38,0,0,63,0,63,0,8,87,6,101,215,0,215,316
03/24/2012,SDM,CA,AWP,WE,Federal Contract Tower,0,1,14,14,29,0,0,64,8,72,0,1,78,22,101,178,0,178,279
03/25/2012,SDM,CA,AWP,WE,Federal Contract Tower,0,3,12,11,26,0,0,28,9,37,0,3,40,20,63,54,0,54,117
03/26/2012,SDM,CA,AWP,WE,Federal Contract Tower,0,8,25,1,34,0,0,36,1,37,0,8,61,2,71,88,0,88,159
03/27/2012,SDM,CA,AWP,WE,Federal Contract Tower,0,1,19,0,20,0,1,78,4,83,0,2,97,4,103,152,20,172,275
03/28/2012,SDM,CA,AWP,WE,Federal Contract Tower,0,8,11,3,22,0,0,60,0,60,0,8,71,3,82,198,0,198,280
03/29/2012,SDM,CA,AWP,WE,Federal Contract Tower,0,1,23,3,27,0,0,48,3,51,0,1,71,6,78,97,60,157,235
03/30/2012,SDM,CA,AWP,WE,Federal Contract Tower,0,7,15,1,23,0,0,43,4,47,0,7,58,5,70,96,4,100,170
03/31/2012,SDM,CA,AWP,WE,Federal Contract Tower,0,7,29,2,38,0,0,16,0,16,0,7,45,2,54,46,0,46,100
04/01/2012,SDM,CA,AWP,WE,Federal Contract Tower,0,7,8,1,16,0,0,51,0,51,0,7,59,1,67,86,0,86,153
04/02/2012,SDM,CA,AWP,WE,Federal Contract Tower,0,3,20,0,23,0,0,73,0,73,0,3,93,0,96,154,0,154,250
04/03/2012,SDM,CA,AWP,WE,Federal Contract Tower,0,4,18,0,22,0,0,62,10,72,0,4,80,10,94,114,80,194,288
04/04/2012,SDM,CA,AWP,WE,Federal Contract Tower,0,4,26,0,30,0,0,42,4,46,0,4,68,4,76,108,6,114,190
04/05/2012,SDM,CA,AWP,WE,Federal Contract Tower,0,9,22,1,32,0,0,46,2,48,0,9,68,3,80,124,8,132,212
04/06/2012,SDM,CA,AWP,WE,Federal Contract Tower,0,6,23,4,33,0,0,65,2,67,0,6,88,6,100,217,3,220,320
04/07/2012,SDM,CA,AWP,WE,Federal Contract Tower,0,8,19,10,37,0,0,84,0,84,0,8,103,10,121,166,0,166,287
04/08/2012,SDM,CA,AWP,WE,Federal Contract Tower,0,11,21,1,33,0,1,45,5,51,0,12,66,6,84,90,0,90,174
04/09/2012,SDM,CA,AWP,WE,Federal Contract Tower,0,11,23,3,37,0,0,50,4,54,0,11,73,7,91,85,30,115,206
04/10/2012,SDM,CA,AWP,WE,Federal Contract Tower,0,6,13,0,19,0,0,44,10,54,0,6,57,10,73,60,24,84,157
04/11/2012,SDM,CA,AWP,WE,Federal Contract Tower,0,4,20,2,26,0,0,26,4,30,0,4,46,6,56,34,36,70,126
04/12/2012,SDM,CA,AWP,WE,Federal Contract Tower,0,6,28,1,35,0,0,89,5,94,0,6,117,6,129,165,14,179,308
04/13/2012,SDM,CA,AWP,WE,Federal Contract Tower,0,8,17,4,29,0,0,16,4,20,0,8,33,8,49,18,2,20,69
04/14/2012,SDM,CA,AWP,WE,Federal Contract Tower,0,10,22,3,35,0,0,19,0,19,0,10,41,3,54,10,0,10,64
04/15/2012,SDM,CA,AWP,WE,Federal Contract Tower,0,9,27,3,39,0,0,65,5,70,0,9,92,8,109,174,0,174,283
04/16/2012,SDM,CA,AWP,WE,Federal Contract Tower,2,5,17,2,26,0,0,82,2,84,2,5,99,4,110,150,14,164,274
04/17/2012,SDM,CA,AWP,WE,Federal Contract Tower,0,1,14,0,15,0,0,81,4,85,0,1,95,4,100,196,28,224,324
04/18/2012,SDM,CA,AWP,WE,Federal Contract Tower,0,4,19,3,26,0,0,60,5,65,0,4,79,8,91,110,64,174,265
04/19/2012,SDM,CA,AWP,WE,Federal Contract Tower,0,4,20,0,24,0,0,68,4,72,0,4,88,4,96,149,22,171,267
04/20/2012,SDM,CA,AWP,WE,Federal Contract Tower,0,5,21,0,26,0,0,61,0,61,0,5,82,0,87,104,0,104,191
04/21/2012,SDM,CA,AWP,WE,Federal Contract Tower,0,2,7,1,10,0,0,56,4,60,0,2,63,5,70,94,44,138,208
04/22/2012,SDM,CA,AWP,WE,Federal Contract Tower,0,10,28,0,38,0,0,12,0,12,0,10,40,0,50,0,0,0,50
04/23/2012,SDM,CA,AWP,WE,Federal Contract Tower,0,5,19,0,24,0,0,48,4,52,0,5,67,4,76,44,6,50,126
04/24/2012,SDM,CA,AWP,WE,Federal Contract Tower,0,2,22,0,24,0,0,80,16,96,0,2,102,16,120,138,66,204,324
04/25/2012,SDM,CA,AWP,WE,Federal Contract Tower,0,6,17,2,25,0,0,43,8,51,0,6,60,10,76,74,72,146,222
04/26/2012,SDM,CA,AWP,WE,Federal Contract Tower,0,9,19,2,30,0,0,10,2,12,0,9,29,4,42,2,30,32,74
04/27/2012,SDM,CA,AWP,WE,Federal Contract Tower,0,9,19,2,30,0,0,30,1,31,0,9,49,3,61,90,18,108,169
04/28/2012,SDM,CA,AWP,WE,Federal Contract Tower,0,4,16,0,20,0,0,129,2,131,0,4,145,2,151,160,2,162,313
04/29/2012,SDM,CA,AWP,WE,Federal Contract Tower,0,4,29,1,34,0,0,11,0,11,0,4,40,1,45,98,0,98,143
04/30/2012,SDM,CA,AWP,WE,Federal Contract Tower,0,5,15,0,20,0,0,2,0,2,0,5,17,0,22,0,0,0,22
05/01/2012,SDM,CA,AWP,WE,Federal Contract Tower,0,3,11,2,16,0,0,31,4,35,0,3,42,6,51,102,14,116,167
05/02/2012,SDM,CA,AWP,WE,Federal Contract Tower,0,5,8,2,15,0,0,51,17,68,0,5,59,19,83,196,40,236,319
05/03/2012,SDM,CA,AWP,WE,Federal Contract Tower,0,4,14,0,18,0,0,47,4,51,0,4,61,4,69,132,12,144,213
05/04/2012,SDM,CA,AWP,WE,Federal Contract Tower,0,8,15,6,29,0,0,60,1,61,0,8,75,7,90,87,4,91,181
05/05/2012,SDM,CA,AWP,WE,Federal Contract Tower,0,3,14,1,18,0,0,52,0,52,0,3,66,1,70,81,0,81,151
05/06/2012,SDM,CA,AWP,WE,Federal Contract Tower,0,4,26,2,32,0,0,62,1,63,0,4,88,3,95,114,0,114,209
05/07/2012,SDM,CA,AWP,WE,Federal Contract Tower,0,2,18,1,21,0,0,62,5,67,0,2,80,6,88,136,35,171,259
05/08/2012,SDM,CA,AWP,WE,Federal Contract Tower,0,2,13,3,18,0,0,43,3,46,0,2,56,6,64,78,4,82,146
05/09/2012,SDM,CA,AWP,WE,Federal Contract Tower,0,2,15,2,19,0,1,58,6,65,0,3,73,8,84,98,18,116,200
05/10/2012,SDM,CA,AWP,WE,Federal Contract Tower,0,1,13,1,15,0,0,57,4,61,0,1,70,5,76,174,16,190,266
05/11/2012,SDM,CA,AWP,WE,Federal Contract Tower,0,13,15,5,33,0,0,69,10,79,0,13,84,15,112,193,51,244,356
05/12/2012,SDM,CA,AWP,WE,Federal Contract Tower,0,5,21,5,31,0,0,103,10,113,0,5,124,15,144,246,0,246,390
05/13/2012,SDM,CA,AWP,WE,Federal Contract Tower,0,8,11,4,23,0,0,51,13,64,0,8,62,17,87,94,0,94,181
05/14/2012,SDM,CA,AWP,WE,Federal Contract Tower,0,2,21,1,24,0,0,46,0,46,0,2,67,1,70,120,0,120,190
05/15/2012,SDM,CA,AWP,WE,Federal Contract Tower,0,3,14,0,17,0,0,77,3,80,0,3,91,3,97,182,4,186,283
05/16/2012,SDM,CA,AWP,WE,Federal Contract Tower,0,3,14,1,18,0,0,63,13,76,0,3,77,14,94,134,6,140,234
05/17/2012,SDM,CA,AWP,WE,Federal Contract Tower,0,8,12,1,21,0,0,44,13,57,0,8,56,14,78,105,34,139,217
05/18/2012,SDM,CA,AWP,WE,Federal Contract Tower,0,10,23,3,36,0,0,44,3,47,0,10,67,6,83,91,0,91,174
05/19/2012,SDM,CA,AWP,WE,Federal Contract Tower,0,4,9,3,16,0,0,62,6,68,0,4,71,9,84,136,24,160,244
05/20/2012,SDM,CA,AWP,WE,Federal Contract Tower,0,0,27,9,36,0,0,85,5,90,0,0,112,14,126,180,43,223,349
05/21/2012,SDM,CA,AWP,WE,Federal Contract Tower,0,6,17,2,25,0,0,59,4,63,0,6,76,6,88,182,30,212,300
05/22/2012,SDM,CA,AWP,WE,Federal Contract Tower,0,5,10,1,16,0,0,59,8,67,0,5,69,9,83,133,88,221,304
05/23/2012,SDM,CA,AWP,WE,Federal Contract Tower,0,2,31,0,33,0,0,41,2,43,0,2,72,2,76,80,8,88,164
05/24/2012,SDM,CA,AWP,WE,Federal Contract Tower,0,7,23,2,32,0,0,33,2,35,0,7,56,4,67,93,6,99,166
05/25/2012,SDM,CA,AWP,WE,Federal Contract Tower,0,5,31,4,40,0,0,17,1,18,0,5,48,5,58,32,0,32,90
05/26/2012,SDM,CA,AWP,WE,Federal Contract Tower,0,7,20,9,36,0,0,57,0,57,0,7,77,9,93,173,2,175,268
05/27/2012,SDM,CA,AWP,WE,Federal Contract Tower,0,0,17,3,20,0,0,63,2,65,0,0,80,5,85,98,0,98,183
05/28/2012,SDM,CA,AWP,WE,Federal Contract Tower,0,9,36,7,52,0,1,81,1,83,0,10,117,8,135,146,0,146,281
05/29/2012,SDM,CA,AWP,WE,Federal Contract Tower,0,5,18,3,26,0,0,55,7,62,0,5,73,10,88,136,10,146,234
05/30/2012,SDM,CA,AWP,WE,Federal Contract Tower,0,7,3,0,10,0,0,68,6,74,0,7,71,6,84,136,14,150,234
05/31/2012,SDM,CA,AWP,WE,Federal Contract Tower,0,9,23,2,34,0,1,52,4,57,0,10,75,6,91,196,17,213,304
06/01/2012,SDM,CA,AWP,WE,Federal Contract Tower,0,2,6,3,11,0,0,49,1,50,0,2,55,4,61,147,0,147,208
06/02/2012,SDM,CA,AWP,WE,Federal Contract Tower,0,4,11,11,26,0,0,27,2,29,0,4,38,13,55,52,0,52,107
06/03/2012,SDM,CA,AWP,WE,Federal Contract Tower,0,3,26,6,35,0,1,73,7,81,0,4,99,13,116,52,0,52,168
06/04/2012,SDM,CA,AWP,WE,Federal Contract Tower,0,2,13,0,15,0,0,21,14,35,0,2,34,14,50,38,56,94,144
06/05/2012,SDM,CA,AWP,WE,Federal Contract Tower,0,2,13,0,15,0,0,48,10,58,0,2,61,10,73,158,36,194,267
06/06/2012,SDM,CA,AWP,WE,Federal Contract Tower,0,3,14,0,17,0,0,64,8,72,0,3,78,8,89,92,26,118,207
06/07/2012,SDM,CA,AWP,WE,Federal Contract Tower,0,2,18,1,21,0,0,56,1,57,0,2,74,2,78,144,6,150,228
06/08/2012,SDM,CA,AWP,WE,Federal Contract Tower,0,4,18,8,30,0,0,38,0,38,0,4,56,8,68,117,6,123,191
06/09/2012,SDM,CA,AWP,WE,Federal Contract Tower,0,5,18,6,29,0,0,64,5,69,0,5,82,11,98,78,0,78,176
06/10/2012,SDM,CA,AWP,WE,Federal Contract Tower,0,7,17,3,27,0,1,54,6,61,0,8,71,9,88,90,0,90,178
06/11/2012,SDM,CA,AWP,WE,Federal Contract Tower,0,6,14,0,20,0,0,47,6,53,0,6,61,6,73,128,0,128,201
06/12/2012,SDM,CA,AWP,WE,Federal Contract Tower,0,3,15,3,21,0,0,26,8,34,0,3,41,11,55,82,40,122,177
06/13/2012,SDM,CA,AWP,WE,Federal Contract Tower,0,0,43,0,43,0,0,29,10,39,0,0,72,10,82,120,10,130,212
06/14/2012,SDM,CA,AWP,WE,Federal Contract Tower,0,5,21,0,26,0,0,34,6,40,0,5,55,6,66,113,17,130,196
06/15/2012,SDM,CA,AWP,WE,Federal Contract Tower,0,7,17,0,24,0,0,39,0,39,0,7,56,0,63,90,0,90,153
06/16/2012,SDM,CA,AWP,WE,Federal Contract Tower,0,5,14,1,20,0,0,77,0,77,0,5,91,1,97,146,0,146,243
06/17/2012,SDM,CA,AWP,WE,Federal Contract Tower,0,7,16,2,25,0,1,41,1,43,0,8,57,3,68,68,0,68,136
06/18/2012,SDM,CA,AWP,WE,Federal Contract Tower,0,0,11,3,14,0,0,44,1,45,0,0,55,4,59,104,0,104,163
06/19/2012,SDM,CA,AWP,WE,Federal Contract Tower,0,8,16,1,25,0,0,53,0,53,0,8,69,1,78,228,0,228,306
06/20/2012,SDM,CA,AWP,WE,Federal Contract Tower,0,0,13,0,13,0,0,66,0,66,0,0,79,0,79,218,0,218,297
06/21/2012,SDM,CA,AWP,WE,Federal Contract Tower,0,8,19,0,27,0,0,69,5,74,0,8,88,5,101,95,8,103,204
06/22/2012,SDM,CA,AWP,WE,Federal Contract Tower,0,2,17,4,23,0,0,53,6,59,0,2,70,10,82,148,49,197,279
06/23/2012,SDM,CA,AWP,WE,Federal Contract Tower,0,5,9,8,22,0,0,69,10,79,0,5,78,18,101,148,62,210,311
06/24/2012,SDM,CA,AWP,WE,Federal Contract Tower,0,13,16,1,30,0,0,74,5,79,0,13,90,6,109,180,52,232,341
06/25/2012,SDM,CA,AWP,WE,Federal Contract Tower,0,10,6,0,16,0,0,63,0,63,0,10,69,0,79,104,0,104,183
06/26/2012,SDM,CA,AWP,WE,Federal Contract Tower,0,0,21,0,21,0,0,72,2,74,0,0,93,2,95,236,0,236,331
06/27/2012,SDM,CA,AWP,WE,Federal Contract Tower,0,4,10,0,14,0,0,63,4,67,0,4,73,4,81,201,37,238,319
06/28/2012,SDM,CA,AWP,WE,Federal Contract Tower,0,4,31,0,35,0,1,61,6,68,0,5,92,6,103,125,43,168,271
06/29/2012,SDM,CA,AWP,WE,Federal Contract Tower,0,1,12,0,13,0,0,71,2,73,0,1,83,2,86,108,0,108,194
06/30/2012,SDM,CA,AWP,WE,Federal Contract Tower,0,3,10,0,13,0,0,89,0,89,0,3,99,0,102,218,0,218,320
07/01/2012,SDM,CA,AWP,WE,Federal Contract Tower,0,6,23,0,29,0,2,64,0,66,0,8,87,0,95,100,0,100,195
07/02/2012,SDM,CA,AWP,WE,Federal Contract Tower,0,8,21,9,38,0,0,52,1,53,0,8,73,10,91,179,0,179,270
07/03/2012,SDM,CA,AWP,WE,Federal Contract Tower,0,2,20,5,27,0,0,48,8,56,0,2,68,13,83,114,80,194,277
07/04/2012,SDM,CA,AWP,WE,Federal Contract Tower,0,1,8,0,9,0,0,22,1,23,0,1,30,1,32,8,0,8,40
07/05/2012,SDM,CA,AWP,WE,Federal Contract Tower,0,7,18,5,30,0,0,53,4,57,0,7,71,9,87,128,0,128,215
07/06/2012,SDM,CA,AWP,WE,Federal Contract Tower,0,2,14,3,19,0,1,71,16,88,0,3,85,19,107,245,95,340,447
07/07/2012,SDM,CA,AWP,WE,Federal Contract Tower,0,6,20,6,32,0,0,83,8,91,0,6,103,14,123,176,12,188,311
07/08/2012,SDM,CA,AWP,WE,Federal Contract Tower,0,6,13,3,22,0,0,90,4,94,0,6,103,7,116,252,0,252,368
07/09/2012,SDM,CA,AWP,WE,Federal Contract Tower,0,6,14,1,21,0,1,68,5,74,0,7,82,6,95,200,62,262,357
07/10/2012,SDM,CA,AWP,WE,Federal Contract Tower,0,4,13,1,18,0,0,69,4,73,0,4,82,5,91,219,68,287,378
07/11/2012,SDM,CA,AWP,WE,Federal Contract Tower,0,6,15,2,23,0,0,58,12,70,0,6,73,14,93,221,71,292,385
07/12/2012,SDM,CA,AWP,WE,Federal Contract Tower,0,2,22,0,24,0,0,29,7,36,0,2,51,7,60,122,146,268,328
07/13/2012,SDM,CA,AWP,WE,Federal Contract Tower,0,8,20,2,30,0,0,55,4,59,0,8,75,6,89,200,16,216,305
07/14/2012,SDM,CA,AWP,WE,Federal Contract Tower,0,2,5,1,8,0,0,98,0,98,0,2,103,1,106,196,0,196,302
07/15/2012,SDM,CA,AWP,WE,Federal Contract Tower,0,1,22,3,26,0,0,74,0,74,0,1,96,3,100,108,0,108,208
07/16/2012,SDM,CA,AWP,WE,Federal Contract Tower,0,11,20,0,31,0,0,68,0,68,0,11,88,0,99,182,0,182,281
07/17/2012,SDM,CA,AWP,WE,Federal Contract Tower,0,6,7,0,13,0,0,65,6,71,0,6,72,6,84,192,4,196,280
07/18/2012,SDM,CA,AWP,WE,Federal Contract Tower,0,2,19,1,22,0,0,43,5,48,0,2,62,6,70,149,12,161,231
07/19/2012,SDM,CA,AWP,WE,Federal Contract Tower,0,4,12,1,17,0,0,80,6,86,0,4,92,7,103,146,12,158,261
07/20/2012,SDM,CA,AWP,WE,Federal Contract Tower,0,6,17,2,25,0,0,117,1,118,0,6,134,3,143,265,12,277,420
07/21/2012,SDM,CA,AWP,WE,Federal Contract Tower,0,3,15,1,19,0,0,88,0,88,0,3,103,1,107,136,0,136,243
07/22/2012,SDM,CA,AWP,WE,Federal Contract Tower,0,3,11,1,15,0,0,63,0,63,0,3,74,1,78,112,0,112,190
07/23/2012,SDM,CA,AWP,WE,Federal Contract Tower,0,7,18,0,25,0,0,56,0,56,0,7,74,0,81,182,6,188,269
07/24/2012,SDM,CA,AWP,WE,Federal Contract Tower,0,5,18,0,23,0,0,88,3,91,0,5,106,3,114,220,14,234,348
07/25/2012,SDM,CA,AWP,WE,Federal Contract Tower,0,1,16,8,25,0,0,43,6,49,0,1,59,14,74,149,6,155,229
07/26/2012,SDM,CA,AWP,WE,Federal Contract Tower,0,1,15,1,17,0,0,105,0,105,0,1,120,1,122,253,1,254,376
07/27/2012,SDM,CA,AWP,WE,Federal Contract Tower,0,2,16,3,21,0,1,60,1,62,0,3,76,4,83,230,6,236,319
07/28/2012,SDM,CA,AWP,WE,Federal Contract Tower,0,3,18,5,26,0,0,141,4,145,0,3,159,9,171,208,0,208,379
07/29/2012,SDM,CA,AWP,WE,Federal Contract Tower,0,8,19,3,30,0,0,82,5,87,0,8,101,8,117,244,18,262,379
07/30/2012,SDM,CA,AWP,WE,Federal Contract Tower,0,7,13,0,20,0,0,39,6,45,0,7,52,6,65,216,8,224,289
07/31/2012,SDM,CA,AWP,WE,Federal Contract Tower,0,1,10,1,12,0,1,46,6,53,0,2,56,7,65,170,36,206,271
08/01/2012,SDM,CA,AWP,WE,Federal Contract Tower,0,4,15,0,19,0,0,55,6,61,0,4,70,6,80,152,41,193,273
08/02/2012,SDM,CA,AWP,WE,Federal Contract Tower,0,5,19,0,24,0,0,53,2,55,0,5,72,2,79,145,16,161,240
08/03/2012,SDM,CA,AWP,WE,Federal Contract Tower,0,8,13,4,25,0,0,52,5,57,0,8,65,9,82,117,54,171,253
08/04/2012,SDM,CA,AWP,WE,Federal Contract Tower,0,2,17,10,29,0,0,98,3,101,0,2,115,13,130,184,0,184,314
08/05/2012,SDM,CA,AWP,WE,Federal Contract Tower,0,3,18,11,32,0,0,64,9,73,0,3,82,20,105,202,0,202,307
08/06/2012,SDM,CA,AWP,WE,Federal Contract Tower,0,1,8,0,9,0,0,54,6,60,0,1,62,6,69,122,68,190,259
08/07/2012,SDM,CA,AWP,WE,Federal Contract Tower,0,3,10,0,13,0,0,55,1,56,0,3,65,1,69,137,20,157,226
08/08/2012,SDM,CA,AWP,WE,Federal Contract Tower,0,0,13,0,13,0,0,41,7,48,0,0,54,7,61,137,18,155,216
08/09/2012,SDM,CA,AWP,WE,Federal Contract Tower,0,6,17,4,27,0,0,61,6,67,0,6,78,10,94,148,70,218,312
08/10/2012,SDM,CA,AWP,WE,Federal Contract Tower,0,7,12,4,23,0,0,59,13,72,0,7,71,17,95,166,96,262,357
08/11/2012,SDM,CA,AWP,WE,Federal Contract Tower,0,4,14,2,20,0,0,90,7,97,0,4,104,9,117,132,0,132,249
08/12/2012,SDM,CA,AWP,WE,Federal Contract Tower,0,7,13,5,25,0,0,66,5,71,0,7,79,10,96,186,0,186,282
08/13/2012,SDM,CA,AWP,WE,Federal Contract Tower,0,2,13,1,16,0,0,59,4,63,0,2,72,5,79,110,18,128,207
08/14/2012,SDM,CA,AWP,WE,Federal Contract Tower,0,3,13,0,16,0,0,66,2,68,0,3,79,2,84,144,24,168,252
08/15/2012,SDM,CA,AWP,WE,Federal Contract Tower,0,4,7,3,14,0,0,45,4,49,0,4,52,7,63,98,14,112,175
08/16/2012,SDM,CA,AWP,WE,Federal Contract Tower,0,2,16,5,23,0,0,75,5,80,0,2,91,10,103,161,32,193,296
08/17/2012,SDM,CA,AWP,WE,Federal Contract Tower,0,5,14,18,37,0,0,64,13,77,0,5,78,31,114,138,6,144,258
08/18/2012,SDM,CA,AWP,WE,Federal Contract Tower,0,3,11,9,23,0,2,114,6,122,0,5,125,15,145,216,4,220,365
08/19/2012,SDM,CA,AWP,WE,Federal Contract Tower,0,4,17,6,27,0,0,55,6,61,0,4,72,12,88,182,0,182,270
08/20/2012,SDM,CA,AWP,WE,Federal Contract Tower,0,3,24,0,27,0,0,69,14,83,0,3,93,14,110,236,60,296,406
08/21/2012,SDM,CA,AWP,WE,Federal Contract Tower,0,3,8,2,13,0,0,55,2,57,0,3,63,4,70,126,0,126,196
08/22/2012,SDM,CA,AWP,WE,Federal Contract Tower,0,2,19,3,24,0,0,29,4,33,0,2,48,7,57,128,0,128,185
08/23/2012,SDM,CA,AWP,WE,Federal Contract Tower,0,5,15,0,20,0,0,28,12,40,0,5,43,12,60,18,91,109,169
08/24/2012,SDM,CA,AWP,WE,Federal Contract Tower,0,4,30,1,35,0,1,7,2,10,0,5,37,3,45,12,22,34,79
08/25/2012,SDM,CA,AWP,WE,Federal Contract Tower,0,1,21,2,24,0,0,40,0,40,0,1,61,2,64,90,0,90,154
08/26/2012,SDM,CA,AWP,WE,Federal Contract Tower,0,1,7,5,13,0,0,63,9,72,0,1,70,14,85,166,64,230,315
08/27/2012,SDM,CA,AWP,WE,Federal Contract Tower,0,5,10,0,15,0,1,74,0,75,0,6,84,0,90,190,0,190,280
08/28/2012,SDM,CA,AWP,WE,Federal Contract Tower,0,0,15,0,15,0,1,65,0,66,0,1,80,0,81,148,0,148,229
08/29/2012,SDM,CA,AWP,WE,Federal Contract Tower,0,2,15,1,18,0,0,58,2,60,0,2,73,3,78,190,13,203,281
08/30/2012,SDM,CA,AWP,WE,Federal Contract Tower,0,4,11,1,16,0,0,81,5,86,0,4,92,6,102,124,42,166,268
08/31/2012,SDM,CA,AWP,WE,Federal Contract Tower,0,4,14,5,23,0,0,69,1,70,0,4,83,6,93,154,0,154,247
09/01/2012,SDM,CA,AWP,WE,Federal Contract Tower,0,6,16,3,25,0,0,82,3,85,0,6,98,6,110,146,0,146,256
09/02/2012,SDM,CA,AWP,WE,Federal Contract Tower,0,4,14,1,19,0,0,58,2,60,0,4,72,3,79,120,0,120,199
09/03/2012,SDM,CA,AWP,WE,Federal Contract Tower,0,4,18,3,25,0,0,80,1,81,0,4,98,4,106,178,0,178,284
09/04/2012,SDM,CA,AWP,WE,Federal Contract Tower,0,3,14,0,17,0,0,55,4,59,0,3,69,4,76,67,5,72,148
09/05/2012,SDM,CA,AWP,WE,Federal Contract Tower,0,1,4,0,5,0,0,41,7,48,0,1,45,7,53,112,26,138,191
09/06/2012,SDM,CA,AWP,WE,Federal Contract Tower,0,6,9,0,15,0,0,66,10,76,0,6,75,10,91,174,56,230,321
09/07/2012,SDM,CA,AWP,WE,Federal Contract Tower,0,4,18,11,33,0,0,56,8,64,0,4,74,19,97,135,24,159,256
09/08/2012,SDM,CA,AWP,WE,Federal Contract Tower,0,6,8,6,20,0,0,87,2,89,0,6,95,8,109,152,0,152,261
09/09/2012,SDM,CA,AWP,WE,Federal Contract Tower,0,1,9,1,11,0,0,55,3,58,0,1,64,4,69,146,0,146,215
09/10/2012,SDM,CA,AWP,WE,Federal Contract Tower,0,4,11,3,18,0,0,52,0,52,0,4,63,3,70,108,0,108,178
09/11/2012,SDM,CA,AWP,WE,Federal Contract Tower,0,3,17,6,26,0,0,7,2,9,0,3,24,8,35,22,2,24,59
09/12/2012,SDM,CA,AWP,WE,Federal Contract Tower,0,6,26,0,32,0,0,40,2,42,0,6,66,2,74,150,4,154,228
09/13/2012,SDM,CA,AWP,WE,Federal Contract Tower,0,1,20,0,21,0,0,66,8,74,0,1,86,8,95,98,14,112,207
09/14/2012,SDM,CA,AWP,WE,Federal Contract Tower,0,2,16,4,22,0,0,36,16,52,0,2,52,20,74,46,102,148,222
09/15/2012,SDM,CA,AWP,WE,Federal Contract Tower,0,4,5,7,16,0,0,68,6,74,0,4,73,13,90,42,24,66,156
09/16/2012,SDM,CA,AWP,WE,Federal Contract Tower,0,4,12,1,17,0,0,58,6,64,0,4,70,7,81,108,12,120,201
09/17/2012,SDM,CA,AWP,WE,Federal Contract Tower,0,8,24,0,32,0,0,70,4,74,0,8,94,4,106,166,22,188,294
09/18/2012,SDM,CA,AWP,WE,Federal Contract Tower,0,2,10,0,12,0,0,59,9,68,0,2,69,9,80,144,20,164,244
09/19/2012,SDM,CA,AWP,WE,Federal Contract Tower,0,4,17,0,21,0,0,71,10,81,0,4,88,10,102,229,97,326,428
09/20/2012,SDM,CA,AWP,WE,Federal Contract Tower,0,7,12,0,19,0,0,72,2,74,0,7,84,2,93,134,8,142,235
09/21/2012,SDM,CA,AWP,WE,Federal Contract Tower,0,6,16,5,27,0,0,71,11,82,0,6,87,16,109,150,54,204,313
09/22/2012,SDM,CA,AWP,WE,Federal Contract Tower,0,4,10,10,24,0,0,82,7,89,0,4,92,17,113,206,0,206,319
09/23/2012,SDM,CA,AWP,WE,Federal Contract Tower,0,8,15,5,28,0,0,80,11,91,0,8,95,16,119,190,0,190,309
09/24/2012,SDM,CA,AWP,WE,Federal Contract Tower,0,5,14,0,19,0,0,70,20,90,0,5,84,20,109,176,158,334,443
09/25/2012,SDM,CA,AWP,WE,Federal Contract Tower,0,1,11,3,15,0,0,63,20,83,0,1,74,23,98,188,38,226,324
09/26/2012,SDM,CA,AWP,WE,Federal Contract Tower,0,4,16,1,21,0,0,65,7,72,0,4,81,8,93,75,21,96,189
09/27/2012,SDM,CA,AWP,WE,Federal Contract Tower,0,2,12,1,15,0,0,64,0,64,0,2,76,1,79,115,0,115,194
09/28/2012,SDM,CA,AWP,WE,Federal Contract Tower,0,8,19,1,28,0,0,55,2,57,0,8,74,3,85,216,0,216,301
09/29/2012,SDM,CA,AWP,WE,Federal Contract Tower,0,4,21,2,27,0,0,92,6,98,0,4,113,8,125,207,0,207,332
09/30/2012,SDM,CA,AWP,WE,Federal Contract Tower,0,8,17,6,31,0,0,62,5,67,0,8,79,11,98,116,0,116,214
10/01/2012,SDM,CA,AWP,WE,Federal Contract Tower,0,2,11,0,13,0,0,65,8,73,0,2,76,8,86,102,106,208,294
10/02/2012,SDM,CA,AWP,WE,Federal Contract Tower,0,1,12,0,13,0,0,62,6,68,0,1,74,6,81,156,12,168,249
10/03/2012,SDM,CA,AWP,WE,Federal Contract Tower,0,6,11,1,18,0,0,69,30,99,0,6,80,31,117,220,244,464,581
10/04/2012,SDM,CA,AWP,WE,Federal Contract Tower,0,7,14,1,22,0,0,57,10,67,0,7,71,11,89,163,44,207,296
10/05/2012,SDM,CA,AWP,WE,Federal Contract Tower,0,3,20,1,24,0,0,68,2,70,0,3,88,3,94,224,18,242,336
10/06/2012,SDM,CA,AWP,WE,Federal Contract Tower,0,7,18,0,25,0,0,81,0,81,0,7,99,0,106,234,0,234,340
10/07/2012,SDM,CA,AWP,WE,Federal Contract Tower,0,11,21,4,36,0,0,69,0,69,0,11,90,4,105,138,0,138,243
10/08/2012,SDM,CA,AWP,WE,Federal Contract Tower,0,5,23,4,32,0,0,56,1,57,0,5,79,5,89,210,0,210,299
10/09/2012,SDM,CA,AWP,WE,Federal Contract Tower,0,7,16,0,23,0,0,57,4,61,0,7,73,4,84,126,9,135,219
10/10/2012,SDM,CA,AWP,WE,Federal Contract Tower,0,5,11,3,19,0,0,56,9,65,0,5,67,12,84,60,66,126,210
10/11/2012,SDM,CA,AWP,WE,Federal Contract Tower,0,3,15,0,18,0,0,22,8,30,0,3,37,8,48,6,39,45,93
10/12/2012,SDM,CA,AWP,WE,Federal Contract Tower,0,5,11,4,20,0,0,58,1,59,0,5,69,5,79,112,0,112,191
10/13/2012,SDM,CA,AWP,WE,Federal Contract Tower,0,2,13,1,16,0,0,95,1,96,0,2,108,2,112,198,0,198,310
10/14/2012,SDM,CA,AWP,WE,Federal Contract Tower,0,8,21,5,34,0,0,65,0,65,0,8,86,5,99,138,0,138,237
10/15/2012,SDM,CA,AWP,WE,Federal Contract Tower,0,1,19,1,21,0,0,61,6,67,0,1,80,7,88,204,4,208,296
10/16/2012,SDM,CA,AWP,WE,Federal Contract Tower,0,7,12,1,20,0,0,58,7,65,0,7,70,8,85,200,43,243,328
10/17/2012,SDM,CA,AWP,WE,Federal Contract Tower,0,1,7,0,8,0,0,55,6,61,0,1,62,6,69,230,36,266,335
10/18/2012,SDM,CA,AWP,WE,Federal Contract Tower,0,1,18,2,21,0,0,31,4,35,0,1,49,6,56,84,18,102,158
10/19/2012,SDM,CA,AWP,WE,Federal Contract Tower,0,2,17,5,24,0,0,51,1,52,0,2,68,6,76,89,0,89,165
10/20/2012,SDM,CA,AWP,WE,Federal Contract Tower,0,5,14,2,21,0,0,5,0,5,0,5,19,2,26,0,0,0,26
10/21/2012,SDM,CA,AWP,WE,Federal Contract Tower,0,3,28,1,32,0,0,20,2,22,0,3,48,3,54,38,38,76,130
10/22/2012,SDM,CA,AWP,WE,Federal Contract Tower,0,1,20,0,21,0,0,35,0,35,0,1,55,0,56,108,0,108,164
10/23/2012,SDM,CA,AWP,WE,Federal Contract Tower,0,0,26,0,26,0,0,50,2,52,0,0,76,2,78,175,5,180,258
10/24/2012,SDM,CA,AWP,WE,Federal Contract Tower,0,3,13,0,16,0,0,52,6,58,0,3,65,6,74,176,53,229,303
10/25/2012,SDM,CA,AWP,WE,Federal Contract Tower,0,2,22,0,24,0,0,65,7,72,0,2,87,7,96,237,42,279,375
10/26/2012,SDM,CA,AWP,WE,Federal Contract Tower,0,5,12,5,22,0,0,66,4,70,0,5,78,9,92,96,10,106,198
10/27/2012,SDM,CA,AWP,WE,Federal Contract Tower,0,1,18,5,24,0,0,101,2,103,0,1,119,7,127,101,2,103,230
10/28/2012,SDM,CA,AWP,WE,Federal Contract Tower,0,3,19,5,27,0,2,79,2,83,0,5,98,7,110,94,0,94,204
10/29/2012,SDM,CA,AWP,WE,Federal Contract Tower,0,2,13,1,16,0,0,80,6,86,0,2,93,7,102,186,38,224,326
10/30/2012,SDM,CA,AWP,WE,Federal Contract Tower,0,2,20,0,22,0,1,57,2,60,0,3,77,2,82,170,0,170,252
10/31/2012,SDM,CA,AWP,WE,Federal Contract Tower,0,0,12,0,12,0,0,62,9,71,0,0,74,9,83,93,20,113,196
11/01/2012,SDM,CA,AWP,WE,Federal Contract Tower,0,7,30,1,38,0,0,75,16,91,0,7,105,17,129,116,17,133,262
11/02/2012,SDM,CA,AWP,WE,Federal Contract Tower,0,4,12,4,20,0,1,36,6,43,0,5,48,10,63,104,8,112,175
11/03/2012,SDM,CA,AWP,WE,Federal Contract Tower,0,2,13,5,20,0,0,69,3,72,0,2,82,8,92,192,18,210,302
11/04/2012,SDM,CA,AWP,WE,Federal Contract Tower,0,4,21,2,27,0,1,62,4,67,0,5,83,6,94,206,10,216,310
11/05/2012,SDM,CA,AWP,WE,Federal Contract Tower,0,5,14,0,19,0,0,65,6,71,0,5,79,6,90,128,12,140,230
11/06/2012,SDM,CA,AWP,WE,Federal Contract Tower,0,4,11,1,16,0,0,45,10,55,0,4,56,11,71,157,38,195,266
11/07/2012,SDM,CA,AWP,WE,Federal Contract Tower,0,6,15,0,21,0,0,64,16,80,0,6,79,16,101,291,64,355,456
11/08/2012,SDM,CA,AWP,WE,Federal Contract Tower,0,3,19,0,22,0,0,48,8,56,0,3,67,8,78,322,34,356,434
11/09/2012,SDM,CA,AWP,WE,Federal Contract Tower,0,11,14,0,25,0,0,30,2,32,0,11,44,2,57,87,0,87,144
11/10/2012,SDM,CA,AWP,WE,Federal Contract Tower,0,1,16,0,17,0,0,58,1,59,0,1,74,1,76,160,6,166,242
11/11/2012,SDM,CA,AWP,WE,Federal Contract Tower,0,10,16,2,28,0,1,79,0,80,0,11,95,2,108,214,0,214,322
11/12/2012,SDM,CA,AWP,WE,Federal Contract Tower,0,5,25,0,30,0,0,74,1,75,0,5,99,1,105,172,0,172,277
11/13/2012,SDM,CA,AWP,WE,Federal Contract Tower,0,2,15,0,17,0,0,94,2,96,0,2,109,2,113,162,11,173,286
11/14/2012,SDM,CA,AWP,WE,Federal Contract Tower,0,8,19,0,27,0,0,67,6,73,0,8,86,6,100,96,27,123,223
11/15/2012,SDM,CA,AWP,WE,Federal Contract Tower,0,2,25,4,31,0,0,46,11,57,0,2,71,15,88,85,60,145,233
11/16/2012,SDM,CA,AWP,WE,Federal Contract Tower,0,8,26,4,38,0,0,68,12,80,0,8,94,16,118,132,4,136,254
11/17/2012,SDM,CA,AWP,WE,Federal Contract Tower,0,7,20,2,29,0,1,122,2,125,0,8,142,4,154,194,46,240,394
11/18/2012,SDM,CA,AWP,WE,Federal Contract Tower,0,10,27,3,40,0,0,63,4,67,0,10,90,7,107,114,36,150,257
11/19/2012,SDM,CA,AWP,WE,Federal Contract Tower,0,6,13,1,20,0,0,56,0,56,0,6,69,1,76,162,0,162,238
11/20/2012,SDM,CA,AWP,WE,Federal Contract Tower,0,12,28,0,40,0,0,67,3,70,0,12,95,3,110,300,7,307,417
11/21/2012,SDM,CA,AWP,WE,Federal Contract Tower,0,4,19,3,26,0,0,75,0,75,0,4,94,3,101,166,0,166,267
11/22/2012,SDM,CA,AWP,WE,Federal Contract Tower,0,4,4,1,9,0,0,42,0,42,0,4,46,1,51,72,0,72,123
11/23/2012,SDM,CA,AWP,WE,Federal Contract Tower,0,4,22,4,30,0,0,55,1,56,0,4,77,5,86,173,0,173,259
11/24/2012,SDM,CA,AWP,WE,Federal Contract Tower,0,8,34,3,45,0,0,76,0,76,0,8,110,3,121,192,0,192,313
11/25/2012,SDM,CA,AWP,WE,Federal Contract Tower,0,14,33,0,47,0,0,48,0,48,0,14,81,0,95,128,0,128,223
11/26/2012,SDM,CA,AWP,WE,Federal Contract Tower,0,7,25,0,32,0,0,52,2,54,0,7,77,2,86,128,6,134,220
11/27/2012,SDM,CA,AWP,WE,Federal Contract Tower,0,9,15,1,25,0,0,38,6,44,0,9,53,7,69,174,70,244,313
11/28/2012,SDM,CA,AWP,WE,Federal Contract Tower,0,3,17,1,21,0,1,51,8,60,0,4,68,9,81,65,47,112,193
11/29/2012,SDM,CA,AWP,WE,Federal Contract Tower,0,6,25,0,31,0,0,48,26,74,0,6,73,26,105,103,70,173,278
11/30/2012,SDM,CA,AWP,WE,Federal Contract Tower,0,4,12,1,17,0,0,27,4,31,0,4,39,5,48,162,64,226,274
12/01/2012,SDM,CA,AWP,WE,Federal Contract Tower,0,2,16,0,18,0,0,61,0,61,0,2,77,0,79,178,0,178,257
12/02/2012,SDM,CA,AWP,WE,Federal Contract Tower,0,4,22,0,26,0,0,35,0,35,0,4,57,0,61,120,0,120,181
12/03/2012,SDM,CA,AWP,WE,Federal Contract Tower,0,7,16,0,23,0,0,30,12,42,0,7,46,12,65,74,54,128,193
12/04/2012,SDM,CA,AWP,WE,Federal Contract Tower,0,0,18,0,18,0,0,50,4,54,0,0,68,4,72,98,8,106,178
12/05/2012,SDM,CA,AWP,WE,Federal Contract Tower,0,1,20,2,23,0,0,35,4,39,0,1,55,6,62,106,10,116,178
12/06/2012,SDM,CA,AWP,WE,Federal Contract Tower,0,8,19,2,29,0,0,49,7,56,0,8,68,9,85,161,24,185,270
12/07/2012,SDM,CA,AWP,WE,Federal Contract Tower,0,4,18,10,32,0,0,33,0,33,0,4,51,10,65,45,0,45,110
12/08/2012,SDM,CA,AWP,WE,Federal Contract Tower,0,0,10,2,12,0,0,91,4,95,0,0,101,6,107,172,16,188,295
12/09/2012,SDM,CA,AWP,WE,Federal Contract Tower,0,2,18,9,29,0,1,73,6,80,0,3,91,15,109,198,0,198,307
12/10/2012,SDM,CA,AWP,WE,Federal Contract Tower,0,4,23,0,27,0,0,63,5,68,0,4,86,5,95,94,4,98,193
12/11/2012,SDM,CA,AWP,WE,Federal Contract Tower,0,0,17,1,18,0,0,68,21,89,0,0,85,22,107,280,104,384,491
12/12/2012,SDM,CA,AWP,WE,Federal Contract Tower,0,2,19,3,24,0,0,55,12,67,0,2,74,15,91,107,99,206,297
12/13/2012,SDM,CA,AWP,WE,Federal Contract Tower,0,1,7,0,8,0,0,5,2,7,0,1,12,2,15,0,8,8,23
12/14/2012,SDM,CA,AWP,WE,Federal Contract Tower,0,6,28,5,39,0,0,27,17,44,0,6,55,22,83,102,36,138,221
12/15/2012,SDM,CA,AWP,WE,Federal Contract Tower,0,10,8,10,28,0,0,64,3,67,0,10,72,13,95,176,0,176,271
12/16/2012,SDM,CA,AWP,WE,Federal Contract Tower,0,8,28,6,42,0,0,37,0,37,0,8,65,6,79,138,0,138,217
12/17/2012,SDM,CA,AWP,WE,Federal Contract Tower,0,6,12,1,19,0,0,11,5,16,0,6,23,6,35,54,26,80,115
12/18/2012,SDM,CA,AWP,WE,Federal Contract Tower,0,7,14,2,23,0,0,4,13,17,0,7,18,15,40,9,127,136,176
12/19/2012,SDM,CA,AWP,WE,Federal Contract Tower,0,5,35,0,40,0,0,54,17,71,0,5,89,17,111,70,116,186,297
12/20/2012,SDM,CA,AWP,WE,Federal Contract Tower,0,1,29,0,30,0,0,73,11,84,0,1,102,11,114,214,42,256,370
12/21/2012,SDM,CA,AWP,WE,Federal Contract Tower,0,4,26,13,43,0,0,77,8,85,0,4,103,21,128,287,2,289,417
12/22/2012,SDM,CA,AWP,WE,Federal Contract Tower,0,8,23,9,40,0,0,91,1,92,0,8,114,10,132,232,0,232,364
12/23/2012,SDM,CA,AWP,WE,Federal Contract Tower,0,9,14,7,30,0,0,34,3,37,0,9,48,10,67,146,0,146,213
12/24/2012,SDM,CA,AWP,WE,Federal Contract Tower,0,5,11,0,16,0,0,2,0,2,0,5,13,0,18,6,0,6,24
12/25/2012,SDM,CA,AWP,WE,Federal Contract Tower,0,7,11,0,18,0,0,30,0,30,0,7,41,0,48,10,0,10,58
12/26/2012,SDM,CA,AWP,WE,Federal Contract Tower,0,8,28,0,36,0,0,27,2,29,0,8,55,2,65,64,4,68,133
12/27/2012,SDM,CA,AWP,WE,Federal Contract Tower,0,8,28,0,36,0,0,64,6,70,0,8,92,6,106,142,44,186,292
12/28/2012,SDM,CA,AWP,WE,Federal Contract Tower,0,10,29,4,43,0,0,61,0,61,0,10,90,4,104,158,0,158,262
12/29/2012,SDM,CA,AWP,WE,Federal Contract Tower,0,7,27,2,36,0,0,64,10,74,0,7,91,12,110,106,0,106,216
12/30/2012,SDM,CA,AWP,WE,Federal Contract Tower,0,10,12,1,23,0,0,17,2,19,0,10,29,3,42,14,0,14,56
12/31/2012,SDM,CA,AWP,WE,Federal Contract Tower,0,3,22,3,28,0,0,75,1,76,0,3,97,4,104,186,0,186,290
01/01/2013,SDM,CA,AWP,WE,Federal Contract Tower,0,4,27,0,31,0,0,44,0,44,0,4,71,0,75,84,0,84,159
01/02/2013,SDM,CA,AWP,WE,Federal Contract Tower,0,17,37,0,54,0,0,49,7,56,0,17,86,7,110,111,26,137,247
01/03/2013,SDM,CA,AWP,WE,Federal Contract Tower,0,7,13,0,20,0,0,61,4,65,0,7,74,4,85,194,20,214,299
01/04/2013,SDM,CA,AWP,WE,Federal Contract Tower,0,6,27,5,38,0,0,77,18,95,0,6,104,23,133,158,116,274,407
01/05/2013,SDM,CA,AWP,WE,Federal Contract Tower,0,6,29,2,37,0,0,111,12,123,0,6,140,14,160,198,20,218,378
01/06/2013,SDM,CA,AWP,WE,Federal Contract Tower,0,5,25,1,31,0,0,29,0,29,0,5,54,1,60,116,0,116,176
01/07/2013,SDM,CA,AWP,WE,Federal Contract Tower,0,7,11,1,19,0,1,44,0,45,0,8,55,1,64,78,0,78,142
01/08/2013,SDM,CA,AWP,WE,Federal Contract Tower,0,4,19,1,24,0,0,48,4,52,0,4,67,5,76,59,12,71,147
01/09/2013,SDM,CA,AWP,WE,Federal Contract Tower,0,4,24,0,28,0,0,58,10,68,0,4,82,10,96,83,105,188,284
01/10/2013,SDM,CA,AWP,WE,Federal Contract Tower,0,9,18,7,34,0,0,20,4,24,0,9,38,11,58,4,12,16,74
01/11/2013,SDM,CA,AWP,WE,Federal Contract Tower,0,2,15,5,22,0,1,50,11,62,0,3,65,16,84,134,12,146,230
01/12/2013,SDM,CA,AWP,WE,Federal Contract Tower,0,3,14,5,22,0,0,95,4,99,0,3,109,9,121,214,0,214,335
01/13/2013,SDM,CA,AWP,WE,Federal Contract Tower,0,11,19,5,35,0,0,62,6,68,0,11,81,11,103,46,0,46,149
01/14/2013,SDM,CA,AWP,WE,Federal Contract Tower,0,2,10,0,12,0,0,63,6,69,0,2,73,6,81,190,0,190,271
01/15/2013,SDM,CA,AWP,WE,Federal Contract Tower,0,2,15,2,19,0,0,57,2,59,0,2,72,4,78,110,12,122,200
01/16/2013,SDM,CA,AWP,WE,Federal Contract Tower,0,3,16,0,19,0,0,63,6,69,0,3,79,6,88,153,13,166,254
01/17/2013,SDM,CA,AWP,WE,Federal Contract Tower,0,1,9,1,11,0,0,69,10,79,0,1,78,11,90,168,44,212,302
01/18/2013,SDM,CA,AWP,WE,Federal Contract Tower,0,4,18,8,30,0,0,69,12,81,0,4,87,20,111,179,14,193,304
01/19/2013,SDM,CA,AWP,WE,Federal Contract Tower,0,1,11,7,19,0,0,122,4,126,0,1,133,11,145,202,0,202,347
01/20/2013,SDM,CA,AWP,WE,Federal Contract Tower,0,3,19,9,31,0,0,60,2,62,0,3,79,11,93,120,0,120,213
01/21/2013,SDM,CA,AWP,WE,Federal Contract Tower,0,12,23,2,37,0,0,72,0,72,0,12,95,2,109,174,0,174,283
01/22/2013,SDM,CA,AWP,WE,Federal Contract Tower,0,15,20,0,35,0,0,51,3,54,0,15,71,3,89,126,4,130,219
01/23/2013,SDM,CA,AWP,WE,Federal Contract Tower,0,7,25,0,32,0,0,48,10,58,0,7,73,10,90,110,26,136,226
01/24/2013,SDM,CA,AWP,WE,Federal Contract Tower,0,3,15,0,18,0,0,39,10,49,0,3,54,10,67,90,36,126,193
01/25/2013,SDM,CA,AWP,WE,Federal Contract Tower,0,7,17,2,26,0,0,11,0,11,0,7,28,2,37,14,0,14,51
01/26/2013,SDM,CA,AWP,WE,Federal Contract Tower,0,0,1,0,1,0,0,0,0,0,0,0,1,0,1,0,0,0,1
01/27/2013,SDM,CA,AWP,WE,Federal Contract Tower,0,8,28,0,36,0,0,23,0,23,0,8,51,0,59,70,0,70,129
01/28/2013,SDM,CA,AWP,WE,Federal Contract Tower,0,1,19,1,21,0,0,36,4,40,0,1,55,5,61,132,24,156,217
01/29/2013,SDM,CA,AWP,WE,Federal Contract Tower,0,3,17,0,20,0,0,58,6,64,0,3,75,6,84,140,18,158,242
01/30/2013,SDM,CA,AWP,WE,Federal Contract Tower,0,2,9,3,14,0,0,41,12,53,0,2,50,15,67,192,56,248,315
01/31/2013,SDM,CA,AWP,WE,Federal Contract Tower,0,7,35,0,42,0,0,56,2,58,0,7,91,2,100,151,14,165,265
02/01/2013,SDM,CA,AWP,WE,Federal Contract Tower,0,12,19,7,38,0,1,58,29,88,0,13,77,36,126,169,73,242,368
02/02/2013,SDM,CA,AWP,WE,Federal Contract Tower,0,1,4,6,11,0,0,88,0,88,0,1,92,6,99,224,0,224,323
02/03/2013,SDM,CA,AWP,WE,Federal Contract Tower,0,8,25,4,37,0,1,42,6,49,0,9,67,10,86,110,0,110,196
02/04/2013,SDM,CA,AWP,WE,Federal Contract Tower,0,10,18,2,30,0,0,45,4,49,0,10,63,6,79,60,60,120,199
02/05/2013,SDM,CA,AWP,WE,Federal Contract Tower,0,5,19,4,28,0,0,3,0,3,0,5,22,4,31,12,4,16,47
02/06/2013,SDM,CA,AWP,WE,Federal Contract Tower,0,4,16,0,20,0,0,51,6,57,0,4,67,6,77,38,78,116,193
02/07/2013,SDM,CA,AWP,WE,Federal Contract Tower,0,4,18,1,23,0,0,47,15,62,0,4,65,16,85,77,60,137,222
02/08/2013,SDM,CA,AWP,WE,Federal Contract Tower,0,4,17,2,23,0,0,8,6,14,0,4,25,8,37,16,21,37,74
02/09/2013,SDM,CA,AWP,WE,Federal Contract Tower,0,6,15,4,25,0,0,121,1,122,0,6,136,5,147,242,0,242,389
02/10/2013,SDM,CA,AWP,WE,Federal Contract Tower,0,5,22,13,40,0,0,62,5,67,0,5,84,18,107,152,0,152,259
02/11/2013,SDM,CA,AWP,WE,Federal Contract Tower,0,5,10,2,17,0,0,52,6,58,0,5,62,8,75,140,42,182,257
02/12/2013,SDM,CA,AWP,WE,Federal Contract Tower,0,4,12,2,18,0,1,62,6,69,0,5,74,8,87,95,18,113,200
02/13/2013,SDM,CA,AWP,WE,Federal Contract Tower,0,5,21,0,26,0,1,56,6,63,0,6,77,6,89,157,17,174,263
02/14/2013,SDM,CA,AWP,WE,Federal Contract Tower,0,9,21,0,30,0,0,55,10,65,0,9,76,10,95,112,41,153,248
02/15/2013,SDM,CA,AWP,WE,Federal Contract Tower,0,9,19,4,32,0,0,59,4,63,0,9,78,8,95,166,0,166,261
02/16/2013,SDM,CA,AWP,WE,Federal Contract Tower,0,9,17,5,31,0,0,111,6,117,0,9,128,11,148,198,0,198,346
02/17/2013,SDM,CA,AWP,WE,Federal Contract Tower,0,2,19,3,24,0,0,76,0,76,0,2,95,3,100,202,0,202,302
02/18/2013,SDM,CA,AWP,WE,Federal Contract Tower,0,8,16,4,28,0,0,71,4,75,0,8,87,8,103,138,0,138,241
02/19/2013,SDM,CA,AWP,WE,Federal Contract Tower,0,3,16,1,20,0,0,10,6,16,0,3,26,7,36,8,32,40,76
02/20/2013,SDM,CA,AWP,WE,Federal Contract Tower,0,2,22,0,24,0,0,35,6,41,0,2,57,6,65,56,26,82,147
02/21/2013,SDM,CA,AWP,WE,Federal Contract Tower,0,5,20,0,25,0,0,53,10,63,0,5,73,10,88,124,60,184,272
02/22/2013,SDM,CA,AWP,WE,Federal Contract Tower,0,10,10,4,24,0,0,100,12,112,0,10,110,16,136,183,78,261,397
02/23/2013,SDM,CA,AWP,WE,Federal Contract Tower,0,3,24,1,28,0,0,118,19,137,0,3,142,20,165,318,90,408,573
02/24/2013,SDM,CA,AWP,WE,Federal Contract Tower,0,11,17,4,32,0,0,57,18,75,0,11,74,22,107,256,116,372,479
02/25/2013,SDM,CA,AWP,WE,Federal Contract Tower,0,3,21,2,26,0,0,56,4,60,0,3,77,6,86,238,24,262,348
02/26/2013,SDM,CA,AWP,WE,Federal Contract Tower,0,6,14,2,22,0,0,78,0,78,0,6,92,2,100,100,11,111,211
02/27/2013,SDM,CA,AWP,WE,Federal Contract Tower,0,3,15,2,20,0,0,57,10,67,0,3,72,12,87,129,62,191,278
02/28/2013,SDM,CA,AWP,WE,Federal Contract Tower,0,2,19,0,21,0,0,89,2,91,0,2,108,2,112,188,5,193,305
03/01/2013,SDM,CA,AWP,WE,Federal Contract Tower,0,4,11,8,23,0,0,48,9,57,0,4,59,17,80,127,36,163,243
03/02/2013,SDM,CA,AWP,WE,Federal Contract Tower,0,9,11,10,30,0,0,93,1,94,0,9,104,11,124,236,0,236,360
03/03/2013,SDM,CA,AWP,WE,Federal Contract Tower,0,2,25,5,32,0,0,67,5,72,0,2,92,10,104,196,0,196,300
03/04/2013,SDM,CA,AWP,WE,Federal Contract Tower,0,6,5,0,11,0,0,43,0,43,0,6,48,0,54,102,0,102,156
03/05/2013,SDM,CA,AWP,WE,Federal Contract Tower,0,7,23,2,32,0,0,29,0,29,0,7,52,2,61,68,6,74,135
03/06/2013,SDM,CA,AWP,WE,Federal Contract Tower,0,1,9,0,10,0,0,52,3,55,0,1,61,3,65,194,14,208,273
03/07/2013,SDM,CA,AWP,WE,Federal Contract Tower,0,4,19,2,25,0,1,49,7,57,0,5,68,9,82,116,40,156,238
03/08/2013,SDM,CA,AWP,WE,Federal Contract Tower,0,2,16,1,19,0,0,25,0,25,0,2,41,1,44,9,0,9,53
03/09/2013,SDM,CA,AWP,WE,Federal Contract Tower,0,1,14,4,19,0,0,76,0,76,0,1,90,4,95,164,0,164,259
03/10/2013,SDM,CA,AWP,WE,Federal Contract Tower,0,0,18,13,31,0,0,106,9,115,0,0,124,22,146,250,0,250,396
03/11/2013,SDM,CA,AWP,WE,Federal Contract Tower,0,0,11,0,11,0,0,79,2,81,0,0,90,2,92,200,24,224,316
03/12/2013,SDM,CA,AWP,WE,Federal Contract Tower,0,3,14,2,19,0,0,105,4,109,0,3,119,6,128,210,2,212,340
03/13/2013,SDM,CA,AWP,WE,Federal Contract Tower,0,7,15,0,22,0,0,121,28,149,0,7,136,28,171,180,383,563,734
03/14/2013,SDM,CA,AWP,WE,Federal Contract Tower,0,0,20,1,21,0,0,66,22,88,0,0,86,23,109,167,284,451,560
03/15/2013,SDM,CA,AWP,WE,Federal Contract Tower,0,4,19,2,25,0,0,66,10,76,0,4,85,12,101,179,90,269,370
03/16/2013,SDM,CA,AWP,WE,Federal Contract Tower,0,5,8,6,19,0,0,70,3,73,0,5,78,9,92,133,0,133,225
03/17/2013,SDM,CA,AWP,WE,Federal Contract Tower,0,4,24,4,32,0,1,68,2,71,0,5,92,6,103,214,0,214,317
03/18/2013,SDM,CA,AWP,WE,Federal Contract Tower,0,4,20,0,24,0,0,45,8,53,0,4,65,8,77,166,30,196,273
03/19/2013,SDM,CA,AWP,WE,Federal Contract Tower,0,4,17,2,23,0,0,51,9,60,0,4,68,11,83,153,24,177,260
03/20/2013,SDM,CA,AWP,WE,Federal Contract Tower,0,2,18,0,20,0,0,51,8,59,0,2,69,8,79,121,36,157,236
03/21/2013,SDM,CA,AWP,WE,Federal Contract Tower,0,5,23,0,28,0,1,54,2,57,0,6,77,2,85,135,6,141,226
03/22/2013,SDM,CA,AWP,WE,Federal Contract Tower,0,4,33,8,45,0,0,80,0,80,0,4,113,8,125,240,0,240,365
03/23/2013,SDM,CA,AWP,WE,Federal Contract Tower,0,5,25,4,34,0,0,81,2,83,0,5,106,6,117,208,8,216,333
03/24/2013,SDM,CA,AWP,WE,Federal Contract Tower,0,12,29,3,44,0,0,69,8,77,0,12,98,11,121,224,10,234,355
03/25/2013,SDM,CA,AWP,WE,Federal Contract Tower,0,4,17,2,23,0,0,67,2,69,0,4,84,4,92,194,0,194,286
03/26/2013,SDM,CA,AWP,WE,Federal Contract Tower,0,0,17,2,19,0,0,58,0,58,0,0,75,2,77,114,0,114,191
03/27/2013,SDM,CA,AWP,WE,Federal Contract Tower,0,5,27,2,34,0,0,74,8,82,0,5,101,10,116,243,0,243,359
03/28/2013,SDM,CA,AWP,WE,Federal Contract Tower,0,4,34,4,42,0,0,86,7,93,0,4,120,11,135,140,9,149,284
03/29/2013,SDM,CA,AWP,WE,Federal Contract Tower,0,5,38,8,51,0,0,52,7,59,0,5,90,15,110,287,0,287,397
03/30/2013,SDM,CA,AWP,WE,Federal Contract Tower,0,6,25,5,36,0,0,0,0,0,0,6,25,5,36,274,0,274,310
03/31/2013,SDM,CA,AWP,WE,Federal Contract Tower,0,7,9,6,22,0,0,30,4,34,0,7,39,10,56,92,0,92,148
04/01/2013,SDM,CA,AWP,WE,Federal Contract Tower,0,8,36,0,44,0,0,43,4,47,0,8,79,4,91,106,2,108,199
04/02/2013,SDM,CA,AWP,WE,Federal Contract Tower,0,9,19,0,28,0,0,47,2,49,0,9,66,2,77,166,0,166,243
04/03/2013,SDM,CA,AWP,WE,Federal Contract Tower,0,5,23,0,28,0,0,60,4,64,0,5,83,4,92,208,20,228,320
04/04/2013,SDM,CA,AWP,WE,Federal Contract Tower,0,3,17,1,21,0,0,53,2,55,0,3,70,3,76,166,16,182,258
04/05/2013,SDM,CA,AWP,WE,Federal Contract Tower,0,3,22,1,26,0,0,33,4,37,0,3,55,5,63,85,22,107,170
04/06/2013,SDM,CA,AWP,WE,Federal Contract Tower,0,9,22,8,39,0,0,85,3,88,0,9,107,11,127,216,0,216,343
04/07/2013,SDM,CA,AWP,WE,Federal Contract Tower,0,6,26,9,41,0,0,62,7,69,0,6,88,16,110,220,0,220,330
04/08/2013,SDM,CA,AWP,WE,Federal Contract Tower,0,6,13,0,19,0,0,8,0,8,0,6,21,0,27,0,0,0,27
04/09/2013,SDM,CA,AWP,WE,Federal Contract Tower,0,8,14,0,22,0,0,68,4,72,0,8,82,4,94,176,38,214,308
04/10/2013,SDM,CA,AWP,WE,Federal Contract Tower,0,6,13,0,19,0,1,64,6,71,0,7,77,6,90,172,20,192,282
04/11/2013,SDM,CA,AWP,WE,Federal Contract Tower,0,3,20,0,23,0,0,63,8,71,0,3,83,8,94,152,34,186,280
04/12/2013,SDM,CA,AWP,WE,Federal Contract Tower,0,4,23,3,30,0,1,61,3,65,0,5,84,6,95,180,0,180,275
04/13/2013,SDM,CA,AWP,WE,Federal Contract Tower,0,3,25,4,32,0,0,44,0,44,0,3,69,4,76,87,0,87,163
04/14/2013,SDM,CA,AWP,WE,Federal Contract Tower,0,3,28,4,35,0,0,8,0,8,0,3,36,4,43,24,0,24,67
04/15/2013,SDM,CA,AWP,WE,Federal Contract Tower,0,2,22,2,26,0,0,6,6,12,0,2,28,8,38,0,2,2,40
04/16/2013,SDM,CA,AWP,WE,Federal Contract Tower,0,0,19,1,20,0,0,32,0,32,0,0,51,1,52,72,12,84,136
04/17/2013,SDM,CA,AWP,WE,Federal Contract Tower,0,4,22,0,26,0,1,57,4,62,0,5,79,4,88,144,22,166,254
04/18/2013,SDM,CA,AWP,WE,Federal Contract Tower,0,5,19,2,26,0,0,57,12,69,0,5,76,14,95,142,56,198,293
04/19/2013,SDM,CA,AWP,WE,Federal Contract Tower,0,4,18,4,26,0,0,56,10,66,0,4,74,14,92,198,81,279,371
04/20/2013,SDM,CA,AWP,WE,Federal Contract Tower,0,1,15,2,18,0,0,119,9,128,0,1,134,11,146,146,16,162,308
04/21/2013,SDM,CA,AWP,WE,Federal Contract Tower,0,8,29,2,39,0,0,78,7,85,0,8,107,9,124,140,14,154,278
04/22/2013,SDM,CA,AWP,WE,Federal Contract Tower,0,2,24,0,26,0,0,43,4,47,0,2,67,4,73,192,6,198,271
04/23/2013,SDM,CA,AWP,WE,Federal Contract Tower,0,5,18,0,23,0,0,51,8,59,0,5,69,8,82,208,14,222,304
04/24/2013,SDM,CA,AWP,WE,Federal Contract Tower,0,2,20,2,24,0,0,30,4,34,0,2,50,6,58,83,2,85,143
04/25/2013,SDM,CA,AWP,WE,Federal Contract Tower,0,7,23,0,30,0,1,53,4,58,0,8,76,4,88,139,0,139,227
04/26/2013,SDM,CA,AWP,WE,Federal Contract Tower,0,5,16,6,27,0,0,57,4,61,0,5,73,10,88,132,0,132,220
04/27/2013,SDM,CA,AWP,WE,Federal Contract Tower,0,4,24,9,37,0,0,72,7,79,0,4,96,16,116,130,0,130,246
04/28/2013,SDM,CA,AWP,WE,Federal Contract Tower,0,7,21,3,31,0,0,55,6,61,0,7,76,9,92,166,0,166,258
04/29/2013,SDM,CA,AWP,WE,Federal Contract Tower,0,6,21,2,29,0,0,42,2,44,0,6,63,4,73,122,4,126,199
04/30/2013,SDM,CA,AWP,WE,Federal Contract Tower,0,7,18,0,25,0,0,48,0,48,0,7,66,0,73,48,0,48,121
05/01/2013,SDM,CA,AWP,WE,Federal Contract Tower,0,7,6,1,14,0,0,51,4,55,0,7,57,5,69,187,48,235,304
05/02/2013,SDM,CA,AWP,WE,Federal Contract Tower,0,3,16,0,19,0,0,68,4,72,0,3,84,4,91,290,40,330,421
05/03/2013,SDM,CA,AWP,WE,Federal Contract Tower,0,4,20,1,25,0,0,66,5,71,0,4,86,6,96,139,62,201,297
05/04/2013,SDM,CA,AWP,WE,Federal Contract Tower,0,9,8,0,17,0,0,54,2,56,0,9,62,2,73,146,0,146,219
05/05/2013,SDM,CA,AWP,WE,Federal Contract Tower,0,5,11,2,18,0,1,32,1,34,0,6,43,3,52,38,0,38,90
05/06/2013,SDM,CA,AWP,WE,Federal Contract Tower,0,1,24,1,26,0,0,5,1,6,0,1,29,2,32,0,6,6,38
05/07/2013,SDM,CA,AWP,WE,Federal Contract Tower,0,3,11,0,14,0,0,44,4,48,0,3,55,4,62,79,28,107,169
05/08/2013,SDM,CA,AWP,WE,Federal Contract Tower,0,0,17,0,17,0,0,40,8,48,0,0,57,8,65,88,16,104,169
05/09/2013,SDM,CA,AWP,WE,Federal Contract Tower,0,9,29,2,40,0,0,57,2,59,0,9,86,4,99,160,12,172,271
05/10/2013,SDM,CA,AWP,WE,Federal Contract Tower,0,0,19,2,21,0,0,61,9,70,0,0,80,11,91,217,92,309,400
05/11/2013,SDM,CA,AWP,WE,Federal Contract Tower,0,5,7,10,22,0,1,106,2,109,0,6,113,12,131,230,0,230,361
05/12/2013,SDM,CA,AWP,WE,Federal Contract Tower,0,4,19,0,23,0,0,71,2,73,0,4,90,2,96,60,0,60,156
05/13/2013,SDM,CA,AWP,WE,Federal Contract Tower,0,0,15,1,16,0,0,66,0,66,0,0,81,1,82,138,0,138,220
05/14/2013,SDM,CA,AWP,WE,Federal Contract Tower,0,0,23,0,23,0,0,57,0,57,0,0,80,0,80,76,14,90,170
05/15/2013,SDM,CA,AWP,WE,Federal Contract Tower,0,2,9,0,11,0,3,59,0,62,0,5,68,0,73,116,10,126,199
05/16/2013,SDM,CA,AWP,WE,Federal Contract Tower,0,3,16,4,23,0,1,53,4,58,0,4,69,8,81,170,4,174,255
05/17/2013,SDM,CA,AWP,WE,Federal Contract Tower,0,2,31,7,40,0,0,68,4,72,0,2,99,11,112,186,22,208,320
05/18/2013,SDM,CA,AWP,WE,Federal Contract Tower,0,6,8,7,21,0,0,77,8,85,0,6,85,15,106,224,52,276,382
05/19/2013,SDM,CA,AWP,WE,Federal Contract Tower,0,7,27,2,36,0,0,79,1,80,0,7,106,3,116,156,0,156,272
05/20/2013,SDM,CA,AWP,WE,Federal Contract Tower,0,3,22,1,26,0,0,61,2,63,0,3,83,3,89,90,18,108,197
05/21/2013,SDM,CA,AWP,WE,Federal Contract Tower,0,1,18,0,19,0,0,49,6,55,0,1,67,6,74,116,54,170,244
05/22/2013,SDM,CA,AWP,WE,Federal Contract Tower,0,0,21,0,21,0,0,46,14,60,0,0,67,14,81,103,82,185,266
05/23/2013,SDM,CA,AWP,WE,Federal Contract Tower,0,6,20,4,30,0,0,72,9,81,0,6,92,13,111,101,15,116,227
05/24/2013,SDM,CA,AWP,WE,Federal Contract Tower,0,8,19,9,36,0,0,51,4,55,0,8,70,13,91,203,0,203,294
05/25/2013,SDM,CA,AWP,WE,Federal Contract Tower,0,1,14,4,19,0,0,96,8,104,0,1,110,12,123,191,0,191,314
05/26/2013,SDM,CA,AWP,WE,Federal Contract Tower,0,2,16,4,22,0,0,60,10,70,0,2,76,14,92,166,0,166,258
05/27/2013,SDM,CA,AWP,WE,Federal Contract Tower,0,12,52,0,64,0,0,63,0,63,0,12,115,0,127,154,0,154,281
05/28/2013,SDM,CA,AWP,WE,Federal Contract Tower,0,4,25,0,29,0,0,38,6,44,0,4,63,6,73,164,50,214,287
05/29/2013,SDM,CA,AWP,WE,Federal Contract Tower,0,5,8,0,13,0,0,64,4,68,0,5,72,4,81,117,40,157,238
05/30/2013,SDM,CA,AWP,WE,Federal Contract Tower,0,3,11,0,14,0,0,71,8,79,0,3,82,8,93,242,76,318,411
05/31/2013,SDM,CA,AWP,WE,Federal Contract Tower,0,6,26,5,37,0,1,63,4,68,0,7,89,9,105,88,12,100,205
06/01/2013,SDM,CA,AWP,WE,Federal Contract Tower,0,4,9,4,17,0,0,61,7,68,0,4,70,11,85,158,0,158,243
06/02/2013,SDM,CA,AWP,WE,Federal Contract Tower,0,3,16,0,19,0,0,41,3,44,0,3,57,3,63,42,0,42,105
06/03/2013,SDM,CA,AWP,WE,Federal Contract Tower,0,4,18,1,23,0,0,33,1,34,0,4,51,2,57,136,0,136,193
06/04/2013,SDM,CA,AWP,WE,Federal Contract Tower,0,2,17,0,19,0,0,52,26,78,0,2,69,26,97,67,68,135,232
06/05/2013,SDM,CA,AWP,WE,Federal Contract Tower,0,1,18,0,19,0,0,73,14,87,0,1,91,14,106,211,140,351,457
06/06/2013,SDM,CA,AWP,WE,Federal Contract Tower,0,3,25,1,29,0,0,47,6,53,0,3,72,7,82,151,42,193,275
06/07/2013,SDM,CA,AWP,WE,Federal Contract Tower,0,3,28,6,37,0,0,48,1,49,0,3,76,7,86,110,0,110,196
06/08/2013,SDM,CA,AWP,WE,Federal Contract Tower,0,1,13,9,23,0,0,72,1,73,0,1,85,10,96,96,0,96,192
06/09/2013,SDM,CA,AWP,WE,Federal Contract Tower,0,9,16,6,31,0,1,41,2,44,0,10,57,8,75,100,0,100,175
06/10/2013,SDM,CA,AWP,WE,Federal Contract Tower,0,4,13,2,19,0,0,59,2,61,0,4,72,4,80,118,0,118,198
06/11/2013,SDM,CA,AWP,WE,Federal Contract Tower,0,2,15,2,19,0,0,76,4,80,0,2,91,6,99,161,24,185,284
06/12/2013,SDM,CA,AWP,WE,Federal Contract Tower,0,6,26,3,35,0,0,33,8,41,0,6,59,11,76,20,59,79,155
06/13/2013,SDM,CA,AWP,WE,Federal Contract Tower,0,0,15,3,18,0,0,69,2,71,0,0,84,5,89,146,8,154,243
06/14/2013,SDM,CA,AWP,WE,Federal Contract Tower,0,8,17,2,27,0,0,72,7,79,0,8,89,9,106,156,28,184,290
06/15/2013,SDM,CA,AWP,WE,Federal Contract Tower,0,2,16,1,19,0,0,107,3,110,0,2,123,4,129,212,0,212,341
06/16/2013,SDM,CA,AWP,WE,Federal Contract Tower,0,2,11,2,15,0,0,47,7,54,0,2,58,9,69,82,0,82,151
06/17/2013,SDM,CA,AWP,WE,Federal Contract Tower,0,7,28,0,35,0,0,70,1,71,0,7,98,1,106,176,0,176,282
06/18/2013,SDM,CA,AWP,WE,Federal Contract Tower,0,4,25,3,32,0,0,66,10,76,0,4,91,13,108,161,60,221,329
06/19/2013,SDM,CA,AWP,WE,Federal Contract Tower,0,3,15,3,21,0,0,54,6,60,0,3,69,9,81,156,34,190,271
06/20/2013,SDM,CA,AWP,WE,Federal Contract Tower,0,5,19,0,24,0,0,65,8,73,0,5,84,8,97,93,42,135,232
06/21/2013,SDM,CA,AWP,WE,Federal Contract Tower,0,4,19,3,26,0,0,80,15,95,0,4,99,18,121,149,198,347,468
06/22/2013,SDM,CA,AWP,WE,Federal Contract Tower,0,5,14,3,22,0,0,82,2,84,0,5,96,5,106,266,12,278,384
06/23/2013,SDM,CA,AWP,WE,Federal Contract Tower,0,2,19,4,25,0,0,48,0,48,0,2,67,4,73,116,0,116,189
06/24/2013,SDM,CA,AWP,WE,Federal Contract Tower,0,3,11,2,16,0,0,50,4,54,0,3,61,6,70,146,20,166,236
06/25/2013,SDM,CA,AWP,WE,Federal Contract Tower,0,4,28,7,39,0,0,64,12,76,0,4,92,19,115,97,10,107,222
06/26/2013,SDM,CA,AWP,WE,Federal Contract Tower,0,5,21,0,26,0,0,65,6,71,0,5,86,6,97,134,6,140,237
06/27/2013,SDM,CA,AWP,WE,Federal Contract Tower,0,3,18,3,24,0,0,56,25,81,0,3,74,28,105,84,189,273,378
06/28/2013,SDM,CA,AWP,WE,Federal Contract Tower,0,3,19,11,33,0,0,71,11,82,0,3,90,22,115,159,0,159,274
06/29/2013,SDM,CA,AWP,WE,Federal Contract Tower,0,5,7,7,19,0,0,87,8,95,0,5,94,15,114,200,4,204,318
06/30/2013,SDM,CA,AWP,WE,Federal Contract Tower,0,6,22,5,33,0,0,52,6,58,0,6,74,11,91,106,0,106,197
07/01/2013,SDM,CA,AWP,WE,Federal Contract Tower,0,3,25,4,32,0,0,54,6,60,0,3,79,10,92,102,28,130,222
07/02/2013,SDM,CA,AWP,WE,Federal Contract Tower,0,0,24,0,24,0,0,32,4,36,0,0,56,4,60,86,40,126,186
07/03/2013,SDM,CA,AWP,WE,Federal Contract Tower,0,7,21,4,32,0,0,83,6,89,0,7,104,10,121,174,14,188,309
07/04/2013,SDM,CA,AWP,WE,Federal Contract Tower,0,4,5,2,11,0,5,28,0,33,0,9,33,2,44,124,0,124,168
07/05/2013,SDM,CA,AWP,WE,Federal Contract Tower,0,10,14,14,38,0,0,60,5,65,0,10,74,19,103,187,13,200,303
07/06/2013,SDM,CA,AWP,WE,Federal Contract Tower,0,2,20,1,23,0,0,79,0,79,0,2,99,1,102,164,0,164,266
07/07/2013,SDM,CA,AWP,WE,Federal Contract Tower,0,11,18,5,34,0,0,61,0,61,0,11,79,5,95,128,4,132,227
07/08/2013,SDM,CA,AWP,WE,Federal Contract Tower,0,8,18,1,27,0,0,55,1,56,0,8,73,2,83,116,0,116,199
07/09/2013,SDM,CA,AWP,WE,Federal Contract Tower,0,2,33,0,35,0,0,43,21,64,0,2,76,21,99,137,119,256,355
07/10/2013,SDM,CA,AWP,WE,Federal Contract Tower,0,1,20,0,21,0,0,51,10,61,0,1,71,10,82,119,100,219,301
07/11/2013,SDM,CA,AWP,WE,Federal Contract Tower,0,6,19,1,26,0,0,58,4,62,0,6,77,5,88,95,22,117,205
07/12/2013,SDM,CA,AWP,WE,Federal Contract Tower,0,4,21,2,27,0,0,57,2,59,0,4,78,4,86,136,62,198,284
07/13/2013,SDM,CA,AWP,WE,Federal Contract Tower,0,2,14,5,21,0,0,99,5,104,0,2,113,10,125,182,0,182,307
07/14/2013,SDM,CA,AWP,WE,Federal Contract Tower,0,13,25,5,43,0,0,61,6,67,0,13,86,11,110,166,2,168,278
07/15/2013,SDM,CA,AWP,WE,Federal Contract Tower,0,0,12,0,12,0,0,72,2,74,0,0,84,2,86,162,4,166,252
07/16/2013,SDM,CA,AWP,WE,Federal Contract Tower,0,1,16,6,23,0,0,57,4,61,0,1,73,10,84,128,38,166,250
07/17/2013,SDM,CA,AWP,WE,Federal Contract Tower,0,3,12,0,15,0,0,48,12,60,0,3,60,12,75,147,38,185,260
07/18/2013,SDM,CA,AWP,WE,Federal Contract Tower,0,3,21,0,24,0,0,72,13,85,0,3,93,13,109,223,47,270,379
07/19/2013,SDM,CA,AWP,WE,Federal Contract Tower,0,8,21,10,39,0,0,70,14,84,0,8,91,24,123,124,82,206,329
07/20/2013,SDM,CA,AWP,WE,Federal Contract Tower,0,2,8,12,22,0,0,60,7,67,0,2,68,19,89,170,0,170,259
07/21/2013,SDM,CA,AWP,WE,Federal Contract Tower,0,7,10,11,28,0,0,35,10,45,0,7,45,21,73,64,0,64,137
07/22/2013,SDM,CA,AWP,WE,Federal Contract Tower,0,4,11,2,17,0,0,63,2,65,0,4,74,4,82,130,12,142,224
07/23/2013,SDM,CA,AWP,WE,Federal Contract Tower,0,4,8,1,13,0,0,50,10,60,0,4,58,11,73,100,34,134,207
07/24/2013,SDM,CA,AWP,WE,Federal Contract Tower,0,1,12,0,13,0,0,48,6,54,0,1,60,6,67,112,26,138,205
07/25/2013,SDM,CA,AWP,WE,Federal Contract Tower,0,3,19,1,23,0,1,58,4,63,0,4,77,5,86,192,6,198,284
07/26/2013,SDM,CA,AWP,WE,Federal Contract Tower,0,7,11,6,24,0,0,55,3,58,0,7,66,9,82,262,10,272,354
07/27/2013,SDM,CA,AWP,WE,Federal Contract Tower,0,3,9,11,23,0,0,76,9,85,0,3,85,20,108,125,5,130,238
07/28/2013,SDM,CA,AWP,WE,Federal Contract Tower,0,0,13,12,25,0,0,45,12,57,0,0,58,24,82,152,78,230,312
07/29/2013,SDM,CA,AWP,WE,Federal Contract Tower,0,5,12,0,17,0,0,59,2,61,0,5,71,2,78,150,6,156,234
07/30/2013,SDM,CA,AWP,WE,Federal Contract Tower,0,3,18,1,22,0,0,56,5,61,0,3,74,6,83,119,23,142,225
07/31/2013,SDM,CA,AWP,WE,Federal Contract Tower,0,9,19,2,30,0,0,42,8,50,0,9,61,10,80,82,74,156,236
08/01/2013,SDM,CA,AWP,WE,Federal Contract Tower,0,3,8,1,12,0,0,57,21,78,0,3,65,22,90,62,8,70,160
08/02/2013,SDM,CA,AWP,WE,Federal Contract Tower,0,2,8,10,20,0,0,82,17,99,0,2,90,27,119,182,34,216,335
08/03/2013,SDM,CA,AWP,WE,Federal Contract Tower,0,3,18,7,28,0,0,78,9,87,0,3,96,16,115,152,0,152,267
08/04/2013,SDM,CA,AWP,WE,Federal Contract Tower,0,4,13,8,25,0,0,40,3,43,0,4,53,11,68,68,0,68,136
08/05/2013,SDM,CA,AWP,WE,Federal Contract Tower,0,5,8,3,16,0,0,52,4,56,0,5,60,7,72,162,2,164,236
08/06/2013,SDM,CA,AWP,WE,Federal Contract Tower,0,4,16,3,23,0,1,58,8,67,0,5,74,11,90,235,68,303,393
08/07/2013,SDM,CA,AWP,WE,Federal Contract Tower,0,3,9,4,16,0,0,72,4,76,0,3,81,8,92,173,42,215,307
08/08/2013,SDM,CA,AWP,WE,Federal Contract Tower,0,7,18,5,30,0,0,70,3,73,0,7,88,8,103,202,12,214,317
08/09/2013,SDM,CA,AWP,WE,Federal Contract Tower,0,3,17,5,25,0,0,66,7,73,0,3,83,12,98,131,0,131,229
08/10/2013,SDM,CA,AWP,WE,Federal Contract Tower,0,1,13,13,27,0,0,80,7,87,0,1,93,20,114,144,9,153,267
08/11/2013,SDM,CA,AWP,WE,Federal Contract Tower,0,4,12,6,22,0,0,58,5,63,0,4,70,11,85,90,0,90,175
08/12/2013,SDM,CA,AWP,WE,Federal Contract Tower,0,1,19,1,21,0,0,57,1,58,0,1,76,2,79,160,0,160,239
08/13/2013,SDM,CA,AWP,WE,Federal Contract Tower,0,1,19,3,23,0,0,73,2,75,0,1,92,5,98,175,4,179,277
08/14/2013,SDM,CA,AWP,WE,Federal Contract Tower,0,5,19,0,24,0,1,57,6,64,0,6,76,6,88,112,62,174,262
08/15/2013,SDM,CA,AWP,WE,Federal Contract Tower,0,3,18,0,21,0,0,61,6,67,0,3,79,6,88,102,22,124,212
08/16/2013,SDM,CA,AWP,WE,Federal Contract Tower,0,5,17,2,24,0,0,74,1,75,0,5,91,3,99,168,1,169,268
08/17/2013,SDM,CA,AWP,WE,Federal Contract Tower,0,6,11,1,18,0,1,95,1,97,0,7,106,2,115,224,0,224,339
08/18/2013,SDM,CA,AWP,WE,Federal Contract Tower,0,1,25,2,28,0,0,77,5,82,0,1,102,7,110,138,0,138,248
08/19/2013,SDM,CA,AWP,WE,Federal Contract Tower,0,4,16,0,20,0,0,51,0,51,0,4,67,0,71,160,0,160,231
08/20/2013,SDM,CA,AWP,WE,Federal Contract Tower,0,1,15,0,16,0,0,69,7,76,0,1,84,7,92,136,22,158,250
08/21/2013,SDM,CA,AWP,WE,Federal Contract Tower,0,1,14,4,19,0,1,67,8,76,0,2,81,12,95,85,36,121,216
08/22/2013,SDM,CA,AWP,WE,Federal Contract Tower,0,1,22,2,25,0,0,62,11,73,0,1,84,13,98,149,32,181,279
08/23/2013,SDM,CA,AWP,WE,Federal Contract Tower,0,0,16,5,21,0,0,75,2,77,0,0,91,7,98,244,0,244,342
08/24/2013,SDM,CA,AWP,WE,Federal Contract Tower,0,0,6,5,11,0,0,90,6,96,0,0,96,11,107,228,36,264,371
08/25/2013,SDM,CA,AWP,WE,Federal Contract Tower,0,4,14,8,26,0,0,59,14,73,0,4,73,22,99,208,74,282,381
08/26/2013,SDM,CA,AWP,WE,Federal Contract Tower,0,0,9,7,16,0,0,52,6,58,0,0,61,13,74,68,4,72,146
08/27/2013,SDM,CA,AWP,WE,Federal Contract Tower,0,0,14,0,14,0,0,80,8,88,0,0,94,8,102,225,43,268,370
08/28/2013,SDM,CA,AWP,WE,Federal Contract Tower,0,2,21,0,23,0,0,63,6,69,0,2,84,6,92,170,0,170,262
08/29/2013,SDM,CA,AWP,WE,Federal Contract Tower,0,5,25,9,39,0,0,77,21,98,0,5,102,30,137,137,6,143,280
08/30/2013,SDM,CA,AWP,WE,Federal Contract Tower,0,9,12,0,21,0,0,69,5,74,0,9,81,5,95,218,0,218,313
08/31/2013,SDM,CA,AWP,WE,Federal Contract Tower,0,0,4,0,4,0,0,70,4,74,0,0,74,4,78,110,0,110,188
09/01/2013,SDM,CA,AWP,WE,Federal Contract Tower,0,4,13,0,17,0,0,51,0,51,0,4,64,0,68,112,0,112,180
09/02/2013,SDM,CA,AWP,WE,Federal Contract Tower,0,5,15,0,20,0,0,59,0,59,0,5,74,0,79,88,0,88,167
09/03/2013,SDM,CA,AWP,WE,Federal Contract Tower,0,0,11,0,11,0,0,53,4,57,0,0,64,4,68,111,26,137,205
09/04/2013,SDM,CA,AWP,WE,Federal Contract Tower,0,1,16,1,18,0,0,64,8,72,0,1,80,9,90,84,20,104,194
09/05/2013,SDM,CA,AWP,WE,Federal Contract Tower,0,2,15,0,17,0,0,55,8,63,0,2,70,8,80,134,44,178,258
09/06/2013,SDM,CA,AWP,WE,Federal Contract Tower,0,12,12,1,25,0,1,53,4,58,0,13,65,5,83,77,10,87,170
09/07/2013,SDM,CA,AWP,WE,Federal Contract Tower,0,1,7,8,16,0,0,73,3,76,0,1,80,11,92,150,0,150,242
09/08/2013,SDM,CA,AWP,WE,Federal Contract Tower,0,5,10,7,22,0,0,58,10,68,0,5,68,17,90,78,0,78,168
09/09/2013,SDM,CA,AWP,WE,Federal Contract Tower,0,1,11,0,12,0,0,43,8,51,0,1,54,8,63,64,26,90,153
09/10/2013,SDM,CA,AWP,WE,Federal Contract Tower,0,3,14,0,17,0,0,55,14,69,0,3,69,14,86,109,62,171,257
09/11/2013,SDM,CA,AWP,WE,Federal Contract Tower,0,2,15,2,19,0,0,66,4,70,0,2,81,6,89,218,18,236,325
09/12/2013,SDM,CA,AWP,WE,Federal Contract Tower,0,1,18,2,21,0,0,83,8,91,0,1,101,10,112,118,20,138,250
09/13/2013,SDM,CA,AWP,WE,Federal Contract Tower,0,4,16,0,20,0,0,61,2,63,0,4,77,2,83,159,0,159,242
09/14/2013,SDM,CA,AWP,WE,Federal Contract Tower,0,3,8,1,12,0,0,81,4,85,0,3,89,5,97,120,28,148,245
09/15/2013,SDM,CA,AWP,WE,Federal Contract Tower,0,2,15,0,17,0,0,56,14,70,0,2,71,14,87,140,114,254,341
09/16/2013,SDM,CA,AWP,WE,Federal Contract Tower,0,10,16,2,28,0,0,55,0,55,0,10,71,2,83,84,16,100,183
09/17/2013,SDM,CA,AWP,WE,Federal Contract Tower,0,5,11,0,16,0,0,56,12,68,0,5,67,12,84,123,58,181,265
09/18/2013,SDM,CA,AWP,WE,Federal Contract Tower,0,3,7,0,10,0,0,58,7,65,0,3,65,7,75,80,31,111,186
09/19/2013,SDM,CA,AWP,WE,Federal Contract Tower,0,1,13,3,17,0,0,44,5,49,0,1,57,8,66,68,0,68,134
09/20/2013,SDM,CA,AWP,WE,Federal Contract Tower,0,2,20,4,26,0,0,30,0,30,0,2,50,4,56,54,0,54,110
09/21/2013,SDM,CA,AWP,WE,Federal Contract Tower,0,5,11,3,19,0,0,82,3,85,0,5,93,6,104,154,0,154,258
09/22/2013,SDM,CA,AWP,WE,Federal Contract Tower,0,2,18,4,24,0,0,78,2,80,0,2,96,6,104,108,0,108,212
09/23/2013,SDM,CA,AWP,WE,Federal Contract Tower,0,1,13,4,18,0,0,58,5,63,0,1,71,9,81,120,0,120,201
09/24/2013,SDM,CA,AWP,WE,Federal Contract Tower,0,3,16,0,19,0,0,44,2,46,0,3,60,2,65,82,2,84,149
09/25/2013,SDM,CA,AWP,WE,Federal Contract Tower,0,0,7,2,9,0,0,37,11,48,0,0,44,13,57,124,20,144,201
09/26/2013,SDM,CA,AWP,WE,Federal Contract Tower,0,2,18,0,20,0,0,51,6,57,0,2,69,6,77,91,10,101,178
09/27/2013,SDM,CA,AWP,WE,Federal Contract Tower,0,5,13,0,18,0,0,73,0,73,0,5,86,0,91,164,0,164,255
09/28/2013,SDM,CA,AWP,WE,Federal Contract Tower,0,3,10,0,13,0,0,80,0,80,0,3,90,0,93,124,0,124,217
09/29/2013,SDM,CA,AWP,WE,Federal Contract Tower,0,7,9,2,18,0,1,57,0,58,0,8,66,2,76,134,0,134,210
09/30/2013,SDM,CA,AWP,WE,Federal Contract Tower,0,0,14,1,15,0,1,61,3,65,0,1,75,4,80,56,16,72,152
10/01/2013,SDM,CA,AWP,WE,Federal Contract Tower,0,0,4,0,4,0,0,54,12,66,0,0,58,12,70,84,30,114,184
10/02/2013,SDM,CA,AWP,WE,Federal Contract Tower,0,0,12,0,12,0,0,51,4,55,0,0,63,4,67,122,22,144,211
10/03/2013,SDM,CA,AWP,WE,Federal Contract Tower,0,6,11,0,17,0,0,48,6,54,0,6,59,6,71,107,12,119,190
10/04/2013,SDM,CA,AWP,WE,Federal Contract Tower,0,2,14,4,20,0,0,65,14,79,0,2,79,18,99,278,0,278,377
10/05/2013,SDM,CA,AWP,WE,Federal Contract Tower,0,7,5,10,22,0,0,73,3,76,0,7,78,13,98,152,0,152,250
10/06/2013,SDM,CA,AWP,WE,Federal Contract Tower,0,2,11,14,27,0,0,81,10,91,0,2,92,24,118,178,0,178,296
10/07/2013,SDM,CA,AWP,WE,Federal Contract Tower,0,1,21,1,23,0,0,64,5,69,0,1,85,6,92,88,0,88,180
10/08/2013,SDM,CA,AWP,WE,Federal Contract Tower,0,7,17,0,24,0,0,44,10,54,0,7,61,10,78,66,60,126,204
10/09/2013,SDM,CA,AWP,WE,Federal Contract Tower,0,2,2,0,4,0,0,16,6,22,0,2,18,6,26,26,8,34,60
10/10/2013,SDM,CA,AWP,WE,Federal Contract Tower,0,3,26,3,32,0,0,43,47,90,0,3,69,50,122,26,2,28,150
10/11/2013,SDM,CA,AWP,WE,Federal Contract Tower,0,7,15,3,25,0,0,76,2,78,0,7,91,5,103,191,0,191,294
10/12/2013,SDM,CA,AWP,WE,Federal Contract Tower,0,4,8,2,14,0,0,129,2,131,0,4,137,4,145,230,0,230,375
10/13/2013,SDM,CA,AWP,WE,Federal Contract Tower,0,8,15,0,23,0,0,56,4,60,0,8,71,4,83,148,0,148,231
10/14/2013,SDM,CA,AWP,WE,Federal Contract Tower,0,3,6,0,9,0,0,46,0,46,0,3,52,0,55,112,0,112,167
10/15/2013,SDM,CA,AWP,WE,Federal Contract Tower,0,4,15,0,19,0,0,77,4,81,0,4,92,4,100,199,8,207,307
10/16/2013,SDM,CA,AWP,WE,Federal Contract Tower,0,1,14,0,15,0,0,51,2,53,0,1,65,2,68,163,0,163,231
10/17/2013,SDM,CA,AWP,WE,Federal Contract Tower,0,4,12,0,16,0,1,82,6,89,0,5,94,6,105,132,12,144,249
10/18/2013,SDM,CA,AWP,WE,Federal Contract Tower,0,3,21,2,26,0,0,90,0,90,0,3,111,2,116,174,0,174,290
10/19/2013,SDM,CA,AWP,WE,Federal Contract Tower,0,0,12,4,16,0,0,107,4,111,0,0,119,8,127,230,24,254,381
10/20/2013,SDM,CA,AWP,WE,Federal Contract Tower,0,1,22,1,24,0,0,63,2,65,0,1,85,3,89,156,0,156,245
10/21/2013,SDM,CA,AWP,WE,Federal Contract Tower,0,3,10,1,14,0,0,49,3,52,0,3,59,4,66,40,14,54,120
10/22/2013,SDM,CA,AWP,WE,Federal Contract Tower,0,3,19,2,24,0,0,53,6,59,0,3,72,8,83,108,18,126,209
10/23/2013,SDM,CA,AWP,WE,Federal Contract Tower,0,6,19,0,25,0,0,42,6,48,0,6,61,6,73,152,44,196,269
10/24/2013,SDM,CA,AWP,WE,Federal Contract Tower,0,2,20,0,22,0,0,51,4,55,0,2,71,4,77,107,34,141,218
10/25/2013,SDM,CA,AWP,WE,Federal Contract Tower,0,4,14,8,26,0,0,52,6,58,0,4,66,14,84,84,72,156,240
10/26/2013,SDM,CA,AWP,WE,Federal Contract Tower,0,2,6,9,17,0,0,67,8,75,0,2,73,17,92,120,0,120,212
10/27/2013,SDM,CA,AWP,WE,Federal Contract Tower,0,6,19,4,29,0,0,37,7,44,0,6,56,11,73,188,2,190,263
10/28/2013,SDM,CA,AWP,WE,Federal Contract Tower,0,5,17,0,22,0,0,11,0,11,0,5,28,0,33,4,0,4,37
10/29/2013,SDM,CA,AWP,WE,Federal Contract Tower,0,4,19,0,23,0,0,69,6,75,0,4,88,6,98,129,16,145,243
10/30/2013,SDM,CA,AWP,WE,Federal Contract Tower,0,2,11,0,13,0,0,87,2,89,0,2,98,2,102,141,20,161,263
10/31/2013,SDM,CA,AWP,WE,Federal Contract Tower,0,3,10,3,16,0,0,67,10,77,0,3,77,13,93,128,128,256,349
11/01/2013,SDM,CA,AWP,WE,Federal Contract Tower,0,4,20,2,26,0,0,77,2,79,0,4,97,4,105,114,0,114,219
11/02/2013,SDM,CA,AWP,WE,Federal Contract Tower,0,4,8,3,15,0,0,66,3,69,0,4,74,6,84,98,0,98,182
11/03/2013,SDM,CA,AWP,WE,Federal Contract Tower,0,3,15,5,23,0,0,61,5,66,0,3,76,10,89,270,0,270,359
11/04/2013,SDM,CA,AWP,WE,Federal Contract Tower,0,2,11,0,13,0,0,38,4,42,0,2,49,4,55,70,2,72,127
11/05/2013,SDM,CA,AWP,WE,Federal Contract Tower,0,4,19,0,23,0,1,59,6,66,0,5,78,6,89,141,46,187,276
11/06/2013,SDM,CA,AWP,WE,Federal Contract Tower,0,1,27,1,29,0,1,83,6,90,0,2,110,7,119,175,72,247,366
11/07/2013,SDM,CA,AWP,WE,Federal Contract Tower,0,6,14,5,25,0,1,57,10,68,0,7,71,15,93,110,18,128,221
11/08/2013,SDM,CA,AWP,WE,Federal Contract Tower,0,6,15,4,25,0,0,59,6,65,0,6,74,10,90,143,0,143,233
11/09/2013,SDM,CA,AWP,WE,Federal Contract Tower,0,4,7,4,15,0,0,104,5,109,0,4,111,9,124,280,0,280,404
11/10/2013,SDM,CA,AWP,WE,Federal Contract Tower,0,5,19,0,24,0,0,46,0,46,0,5,65,0,70,82,0,82,152
11/11/2013,SDM,CA,AWP,WE,Federal Contract Tower,0,2,26,1,29,0,0,94,0,94,0,2,120,1,123,214,0,214,337
11/12/2013,SDM,CA,AWP,WE,Federal Contract Tower,0,1,19,3,23,0,0,61,4,65,0,1,80,7,88,156,28,184,272
11/13/2013,SDM,CA,AWP,WE,Federal Contract Tower,0,4,18,1,23,0,0,68,10,78,0,4,86,11,101,203,56,259,360
11/14/2013,SDM,CA,AWP,WE,Federal Contract Tower,0,1,28,0,29,0,0,94,5,99,0,1,122,5,128,218,22,240,368
11/15/2013,SDM,CA,AWP,WE,Federal Contract Tower,0,5,28,6,39,0,0,28,6,34,0,5,56,12,73,16,12,28,101
11/16/2013,SDM,CA,AWP,WE,Federal Contract Tower,0,4,25,2,31,0,0,73,4,77,0,4,98,6,108,82,36,118,226
11/17/2013,SDM,CA,AWP,WE,Federal Contract Tower,0,2,26,7,35,0,0,74,2,76,0,2,100,9,111,126,12,138,249
11/18/2013,SDM,CA,AWP,WE,Federal Contract Tower,0,10,13,0,23,0,0,52,2,54,0,10,65,2,77,140,40,180,257
11/19/2013,SDM,CA,AWP,WE,Federal Contract Tower,0,2,24,0,26,0,0,23,8,31,0,2,47,8,57,77,72,149,206
11/20/2013,SDM,CA,AWP,WE,Federal Contract Tower,0,2,18,0,20,0,0,35,3,38,0,2,53,3,58,66,10,76,134
11/21/2013,SDM,CA,AWP,WE,Federal Contract Tower,0,1,20,0,21,0,0,8,0,8,0,1,28,0,29,24,12,36,65
11/22/2013,SDM,CA,AWP,WE,Federal Contract Tower,0,3,13,2,18,0,0,32,4,36,0,3,45,6,54,37,2,39,93
11/23/2013,SDM,CA,AWP,WE,Federal Contract Tower,0,0,18,6,24,0,0,67,8,75,0,0,85,14,99,166,0,166,265
11/24/2013,SDM,CA,AWP,WE,Federal Contract Tower,0,5,26,3,34,0,0,69,8,77,0,5,95,11,111,88,0,88,199
11/25/2013,SDM,CA,AWP,WE,Federal Contract Tower,0,5,14,0,19,0,0,79,0,79,0,5,93,0,98,144,0,144,242
11/26/2013,SDM,CA,AWP,WE,Federal Contract Tower,0,8,16,0,24,0,0,72,2,74,0,8,88,2,98,174,2,176,274
11/27/2013,SDM,CA,AWP,WE,Federal Contract Tower,0,5,18,0,23,0,0,44,0,44,0,5,62,0,67,132,0,132,199
11/28/2013,SDM,CA,AWP,WE,Federal Contract Tower,0,3,8,0,11,0,0,27,0,27,0,3,35,0,38,71,0,71,109
11/29/2013,SDM,CA,AWP,WE,Federal Contract Tower,0,6,6,0,12,0,0,27,0,27,0,6,33,0,39,75,0,75,114
11/30/2013,SDM,CA,AWP,WE,Federal Contract Tower,0,2,22,0,24,0,0,105,0,105,0,2,127,0,129,226,0,226,355
12/01/2013,SDM,CA,AWP,WE,Federal Contract Tower,0,1,41,0,42,0,0,60,0,60,0,1,101,0,102,126,0,126,228
12/02/2013,SDM,CA,AWP,WE,Federal Contract Tower,0,11,16,1,28,0,0,59,4,63,0,11,75,5,91,68,22,90,181
12/03/2013,SDM,CA,AWP,WE,Federal Contract Tower,0,1,12,0,13,0,0,31,6,37,0,1,43,6,50,26,66,92,142
12/04/2013,SDM,CA,AWP,WE,Federal Contract Tower,0,8,14,1,23,0,0,49,18,67,0,8,63,19,90,102,124,226,316
12/05/2013,SDM,CA,AWP,WE,Federal Contract Tower,0,5,23,0,28,0,0,60,3,63,0,5,83,3,91,204,0,204,295
12/06/2013,SDM,CA,AWP,WE,Federal Contract Tower,0,8,19,3,30,0,3,48,2,53,0,11,67,5,83,138,0,138,221
12/07/2013,SDM,CA,AWP,WE,Federal Contract Tower,0,2,7,11,20,0,0,9,10,19,0,2,16,21,39,40,20,60,99
12/08/2013,SDM,CA,AWP,WE,Federal Contract Tower,0,6,16,8,30,0,1,68,14,83,0,7,84,22,113,144,2,146,259
12/09/2013,SDM,CA,AWP,WE,Federal Contract Tower,0,5,25,0,30,0,0,48,17,65,0,5,73,17,95,110,48,158,253
12/10/2013,SDM,CA,AWP,WE,Federal Contract Tower,0,0,20,2,22,0,0,51,16,67,0,0,71,18,89,69,60,129,218
12/11/2013,SDM,CA,AWP,WE,Federal Contract Tower,0,2,11,0,13,0,0,55,11,66,0,2,66,11,79,93,42,135,214
12/12/2013,SDM,CA,AWP,WE,Federal Contract Tower,0,7,21,0,28,0,0,83,6,89,0,7,104,6,117,158,26,184,301
12/13/2013,SDM,CA,AWP,WE,Federal Contract Tower,0,2,26,2,30,0,0,67,2,69,0,2,93,4,99,174,0,174,273
12/14/2013,SDM,CA,AWP,WE,Federal Contract Tower,0,5,10,0,15,0,0,81,8,89,0,5,91,8,104,132,0,132,236
12/15/2013,SDM,CA,AWP,WE,Federal Contract Tower,0,1,13,8,22,0,0,62,8,70,0,1,75,16,92,96,0,96,188
12/16/2013,SDM,CA,AWP,WE,Federal Contract Tower,0,9,14,0,23,0,0,45,2,47,0,9,59,2,70,146,14,160,230
12/17/2013,SDM,CA,AWP,WE,Federal Contract Tower,0,1,23,0,24,0,0,75,4,79,0,1,98,4,103,82,44,126,229
12/18/2013,SDM,CA,AWP,WE,Federal Contract Tower,0,4,16,2,22,0,0,59,12,71,0,4,75,14,93,98,16,114,207
12/19/2013,SDM,CA,AWP,WE,Federal Contract Tower,0,1,11,1,13,0,0,11,8,19,0,1,22,9,32,4,42,46,78
12/20/2013,SDM,CA,AWP,WE,Federal Contract Tower,0,9,13,2,24,0,0,32,3,35,0,9,45,5,59,107,2,109,168
12/21/2013,SDM,CA,AWP,WE,Federal Contract Tower,0,8,24,4,36,0,0,84,10,94,0,8,108,14,130,74,0,74,204
12/22/2013,SDM,CA,AWP,WE,Federal Contract Tower,0,10,9,1,20,0,0,48,12,60,0,10,57,13,80,98,0,98,178
12/23/2013,SDM,CA,AWP,WE,Federal Contract Tower,0,3,16,0,19,0,0,62,2,64,0,3,78,2,83,140,0,140,223
12/24/2013,SDM,CA,AWP,WE,Federal Contract Tower,0,0,11,1,12,0,0,47,0,47,0,0,58,1,59,94,0,94,153
12/25/2013,SDM,CA,AWP,WE,Federal Contract Tower,0,5,4,0,9,0,0,19,0,19,0,5,23,0,28,32,0,32,60
12/26/2013,SDM,CA,AWP,WE,Federal Contract Tower,0,6,14,0,20,0,0,38,0,38,0,6,52,0,58,100,0,100,158
12/27/2013,SDM,CA,AWP,WE,Federal Contract Tower,0,13,21,3,37,0,0,64,3,67,0,13,85,6,104,140,2,142,246
12/28/2013,SDM,CA,AWP,WE,Federal Contract Tower,0,8,13,2,23,0,1,83,4,88,0,9,96,6,111,114,0,114,225
12/29/2013,SDM,CA,AWP,WE,Federal Contract Tower,0,9,21,1,31,0,0,56,4,60,0,9,77,5,91,86,0,86,177
12/30/2013,SDM,CA,AWP,WE,Federal Contract Tower,0,3,15,1,19,0,0,61,3,64,0,3,76,4,83,94,0,94,177
12/31/2013,SDM,CA,AWP,WE,Federal Contract Tower,13,0,0,0,13,0,0,48,0,48,13,0,48,0,61,88,0,88,149
01/01/2014,SDM,CA,AWP,WE,Federal Contract Tower,0,3,4,0,7,0,0,38,0,38,0,3,42,0,45,34,0,34,79
01/02/2014,SDM,CA,AWP,WE,Federal Contract Tower,0,8,39,0,47,0,0,60,0,60,0,8,99,0,107,70,0,70,177
01/03/2014,SDM,CA,AWP,WE,Federal Contract Tower,0,6,24,2,32,0,0,67,1,68,0,6,91,3,100,99,0,99,199
01/04/2014,SDM,CA,AWP,WE,Federal Contract Tower,0,8,28,0,36,0,0,53,9,62,0,8,81,9,98,156,0,156,254
01/05/2014,SDM,CA,AWP,WE,Federal Contract Tower,0,14,24,1,39,0,1,67,9,77,0,15,91,10,116,100,0,100,216
01/06/2014,SDM,CA,AWP,WE,Federal Contract Tower,0,1,9,3,13,0,0,41,3,44,0,1,50,6,57,98,2,100,157
01/07/2014,SDM,CA,AWP,WE,Federal Contract Tower,0,8,9,2,19,0,0,56,15,71,0,8,65,17,90,93,89,182,272
01/08/2014,SDM,CA,AWP,WE,Federal Contract Tower,0,3,25,5,33,0,0,52,8,60,0,3,77,13,93,47,53,100,193
01/09/2014,SDM,CA,AWP,WE,Federal Contract Tower,0,6,26,0,32,0,0,44,15,59,0,6,70,15,91,133,97,230,321
01/10/2014,SDM,CA,AWP,WE,Federal Contract Tower,0,3,20,2,25,0,0,74,5,79,0,3,94,7,104,140,15,155,259
01/11/2014,SDM,CA,AWP,WE,Federal Contract Tower,0,6,21,3,30,0,0,106,5,111,0,6,127,8,141,84,2,86,227
01/12/2014,SDM,CA,AWP,WE,Federal Contract Tower,0,3,19,3,25,0,0,60,3,63,0,3,79,6,88,158,0,158,246
01/13/2014,SDM,CA,AWP,WE,Federal Contract Tower,0,5,13,1,19,0,0,31,17,48,0,5,44,18,67,82,72,154,221
01/14/2014,SDM,CA,AWP,WE,Federal Contract Tower,0,0,13,0,13,0,0,61,14,75,0,0,74,14,88,112,118,230,318
01/15/2014,SDM,CA,AWP,WE,Federal Contract Tower,0,5,17,0,22,0,0,47,12,59,0,5,64,12,81,110,76,186,267
01/16/2014,SDM,CA,AWP,WE,Federal Contract Tower,0,2,18,0,20,0,0,81,13,94,0,2,99,13,114,165,54,219,333
01/17/2014,SDM,CA,AWP,WE,Federal Contract Tower,0,7,16,5,28,0,0,87,3,90,0,7,103,8,118,248,0,248,366
01/18/2014,SDM,CA,AWP,WE,Federal Contract Tower,0,3,11,5,19,0,0,91,8,99,0,3,102,13,118,184,0,184,302
01/19/2014,SDM,CA,AWP,WE,Federal Contract Tower,0,13,16,4,33,0,0,77,7,84,0,13,93,11,117,158,0,158,275
01/20/2014,SDM,CA,AWP,WE,Federal Contract Tower,0,5,20,1,26,0,0,80,0,80,0,5,100,1,106,136,0,136,242
01/21/2014,SDM,CA,AWP,WE,Federal Contract Tower,0,2,15,0,17,0,0,53,0,53,0,2,68,0,70,102,0,102,172
01/22/2014,SDM,CA,AWP,WE,Federal Contract Tower,0,5,22,0,27,0,0,65,13,78,0,5,87,13,105,112,133,245,350
01/23/2014,SDM,CA,AWP,WE,Federal Contract Tower,0,4,21,0,25,0,0,64,10,74,0,4,85,10,99,114,34,148,247
01/24/2014,SDM,CA,AWP,WE,Federal Contract Tower,0,1,19,3,23,0,0,45,4,49,0,1,64,7,72,107,4,111,183
01/25/2014,SDM,CA,AWP,WE,Federal Contract Tower,0,8,11,8,27,0,0,74,5,79,0,8,85,13,106,136,52,188,294
01/26/2014,SDM,CA,AWP,WE,Federal Contract Tower,0,3,10,8,21,0,0,77,1,78,0,3,87,9,99,212,0,212,311
01/27/2014,SDM,CA,AWP,WE,Federal Contract Tower,0,4,23,2,29,0,1,45,2,48,0,5,68,4,77,82,25,107,184
01/28/2014,SDM,CA,AWP,WE,Federal Contract Tower,0,1,11,0,12,0,0,47,16,63,0,1,58,16,75,94,81,175,250
01/29/2014,SDM,CA,AWP,WE,Federal Contract Tower,0,17,23,2,42,0,0,54,8,62,0,17,77,10,104,222,17,239,343
01/30/2014,SDM,CA,AWP,WE,Federal Contract Tower,0,3,24,0,27,0,0,20,4,24,0,3,44,4,51,22,22,44,95
01/31/2014,SDM,CA,AWP,WE,Federal Contract Tower,0,10,24,5,39,0,0,28,2,30,0,10,52,7,69,73,0,73,142
02/01/2014,SDM,CA,AWP,WE,Federal Contract Tower,0,3,10,1,14,0,0,77,0,77,0,3,87,1,91,202,0,202,293
02/02/2014,SDM,CA,AWP,WE,Federal Contract Tower,0,2,15,2,19,0,0,49,9,58,0,2,64,11,77,22,0,22,99
02/03/2014,SDM,CA,AWP,WE,Federal Contract Tower,0,4,10,2,16,0,0,32,6,38,0,4,42,8,54,50,20,70,124
02/04/2014,SDM,CA,AWP,WE,Federal Contract Tower,0,4,17,1,22,0,0,36,3,39,0,4,53,4,61,55,6,61,122
02/05/2014,SDM,CA,AWP,WE,Federal Contract Tower,0,1,10,1,12,0,0,66,5,71,0,1,76,6,83,140,6,146,229
02/06/2014,SDM,CA,AWP,WE,Federal Contract Tower,0,10,17,1,28,0,0,38,7,45,0,10,55,8,73,83,47,130,203
02/07/2014,SDM,CA,AWP,WE,Federal Contract Tower,0,2,14,8,24,0,0,35,11,46,0,2,49,19,70,73,54,127,197
02/08/2014,SDM,CA,AWP,WE,Federal Contract Tower,0,2,13,4,19,0,0,130,1,131,0,2,143,5,150,174,0,174,324
02/09/2014,SDM,CA,AWP,WE,Federal Contract Tower,0,1,14,6,21,0,0,52,0,52,0,1,66,6,73,74,0,74,147
02/10/2014,SDM,CA,AWP,WE,Federal Contract Tower,0,3,12,1,16,0,0,41,6,47,0,3,53,7,63,42,32,74,137
02/11/2014,SDM,CA,AWP,WE,Federal Contract Tower,0,7,19,2,28,0,0,59,23,82,0,7,78,25,110,123,82,205,315
02/12/2014,SDM,CA,AWP,WE,Federal Contract Tower,0,1,16,1,18,0,0,75,4,79,0,1,91,5,97,35,5,40,137
02/13/2014,SDM,CA,AWP,WE,Federal Contract Tower,0,5,17,1,23,0,0,73,4,77,0,5,90,5,100,120,18,138,238
02/14/2014,SDM,CA,AWP,WE,Federal Contract Tower,0,10,14,6,30,0,0,87,5,92,0,10,101,11,122,237,6,243,365
02/15/2014,SDM,CA,AWP,WE,Federal Contract Tower,0,3,15,7,25,0,0,97,5,102,0,3,112,12,127,218,4,222,349
02/16/2014,SDM,CA,AWP,WE,Federal Contract Tower,0,5,12,5,22,0,0,49,3,52,0,5,61,8,74,150,0,150,224
02/17/2014,SDM,CA,AWP,WE,Federal Contract Tower,0,13,34,2,49,0,0,75,3,78,0,13,109,5,127,164,0,164,291
02/18/2014,SDM,CA,AWP,WE,Federal Contract Tower,0,3,21,0,24,0,0,39,10,49,0,3,60,10,73,79,36,115,188
02/19/2014,SDM,CA,AWP,WE,Federal Contract Tower,0,9,23,0,32,0,0,40,10,50,0,9,63,10,82,29,16,45,127
02/20/2014,SDM,CA,AWP,WE,Federal Contract Tower,0,7,21,0,28,0,0,56,4,60,0,7,77,4,88,130,26,156,244
02/21/2014,SDM,CA,AWP,WE,Federal Contract Tower,0,1,27,0,28,0,0,77,9,86,0,1,104,9,114,124,12,136,250
02/22/2014,SDM,CA,AWP,WE,Federal Contract Tower,0,5,16,3,24,0,0,99,3,102,0,5,115,6,126,248,8,256,382
02/23/2014,SDM,CA,AWP,WE,Federal Contract Tower,0,9,23,1,33,0,0,54,1,55,0,9,77,2,88,238,0,238,326
02/24/2014,SDM,CA,AWP,WE,Federal Contract Tower,0,3,10,5,18,0,0,62,2,64,0,3,72,7,82,164,18,182,264
02/25/2014,SDM,CA,AWP,WE,Federal Contract Tower,0,2,21,1,24,0,0,47,4,51,0,2,68,5,75,124,4,128,203
02/26/2014,SDM,CA,AWP,WE,Federal Contract Tower,0,12,16,0,28,0,0,53,16,69,0,12,69,16,97,176,56,232,329
02/27/2014,SDM,CA,AWP,WE,Federal Contract Tower,0,3,16,0,19,0,0,11,2,13,0,3,27,2,32,52,58,110,142
02/28/2014,SDM,CA,AWP,WE,Federal Contract Tower,0,8,1,0,9,0,0,0,0,0,0,8,1,0,9,0,0,0,9
03/01/2014,SDM,CA,AWP,WE,Federal Contract Tower,0,3,2,1,6,0,0,8,0,8,0,3,10,1,14,12,0,12,26
03/02/2014,SDM,CA,AWP,WE,Federal Contract Tower,0,4,30,0,34,0,0,17,0,17,0,4,47,0,51,36,0,36,87
03/03/2014,SDM,CA,AWP,WE,Federal Contract Tower,0,2,20,0,22,0,0,44,2,46,0,2,64,2,68,26,6,32,100
03/04/2014,SDM,CA,AWP,WE,Federal Contract Tower,0,4,25,0,29,0,0,37,8,45,0,4,62,8,74,65,64,129,203
03/05/2014,SDM,CA,AWP,WE,Federal Contract Tower,0,4,22,0,26,0,0,64,7,71,0,4,86,7,97,150,16,166,263
03/06/2014,SDM,CA,AWP,WE,Federal Contract Tower,0,7,16,0,23,0,0,56,2,58,0,7,72,2,81,68,2,70,151
03/07/2014,SDM,CA,AWP,WE,Federal Contract Tower,0,1,16,4,21,0,0,43,12,55,0,1,59,16,76,56,91,147,223
03/08/2014,SDM,CA,AWP,WE,Federal Contract Tower,0,5,11,3,19,0,0,111,3,114,0,5,122,6,133,196,0,196,329
03/09/2014,SDM,CA,AWP,WE,Federal Contract Tower,0,4,14,5,23,0,0,58,2,60,0,4,72,7,83,76,4,80,163
03/10/2014,SDM,CA,AWP,WE,Federal Contract Tower,0,3,16,0,19,0,0,64,0,64,0,3,80,0,83,156,0,156,239
03/11/2014,SDM,CA,AWP,WE,Federal Contract Tower,0,2,19,0,21,0,0,57,15,72,0,2,76,15,93,152,86,238,331
03/12/2014,SDM,CA,AWP,WE,Federal Contract Tower,0,7,10,0,17,0,0,68,8,76,0,7,78,8,93,168,55,223,316
03/13/2014,SDM,CA,AWP,WE,Federal Contract Tower,0,4,27,0,31,0,0,75,6,81,0,4,102,6,112,113,114,227,339
03/14/2014,SDM,CA,AWP,WE,Federal Contract Tower,0,2,28,7,37,0,0,74,10,84,0,2,102,17,121,217,68,285,406
03/15/2014,SDM,CA,AWP,WE,Federal Contract Tower,0,0,28,4,32,0,0,86,6,92,0,0,114,10,124,160,0,160,284
03/16/2014,SDM,CA,AWP,WE,Federal Contract Tower,0,7,26,4,37,0,0,76,6,82,0,7,102,10,119,286,0,286,405
03/17/2014,SDM,CA,AWP,WE,Federal Contract Tower,0,3,23,0,26,0,0,49,4,53,0,3,72,4,79,152,6,158,237
03/18/2014,SDM,CA,AWP,WE,Federal Contract Tower,0,3,19,0,22,0,0,65,6,71,0,3,84,6,93,124,14,138,231
03/19/2014,SDM,CA,AWP,WE,Federal Contract Tower,0,4,18,0,22,0,0,73,6,79,0,4,91,6,101,238,8,246,347
03/20/2014,SDM,CA,AWP,WE,Federal Contract Tower,0,3,28,1,32,0,0,74,4,78,0,3,102,5,110,135,0,135,245
03/21/2014,SDM,CA,AWP,WE,Federal Contract Tower,0,3,29,6,38,0,0,77,7,84,0,3,106,13,122,304,4,308,430
03/22/2014,SDM,CA,AWP,WE,Federal Contract Tower,0,3,13,9,25,0,0,94,6,100,0,3,107,15,125,170,0,170,295
03/23/2014,SDM,CA,AWP,WE,Federal Contract Tower,0,5,24,5,34,0,0,59,5,64,0,5,83,10,98,64,14,78,176
03/24/2014,SDM,CA,AWP,WE,Federal Contract Tower,0,3,21,0,24,0,0,49,0,49,0,3,70,0,73,114,0,114,187
03/25/2014,SDM,CA,AWP,WE,Federal Contract Tower,0,3,30,1,34,0,1,21,6,28,0,4,51,7,62,98,8,106,168
03/26/2014,SDM,CA,AWP,WE,Federal Contract Tower,0,1,8,0,9,0,0,30,6,36,0,1,38,6,45,46,44,90,135
03/27/2014,SDM,CA,AWP,WE,Federal Contract Tower,0,1,21,3,25,0,0,60,6,66,0,1,81,9,91,188,6,194,285
03/28/2014,SDM,CA,AWP,WE,Federal Contract Tower,0,3,11,9,23,0,0,65,10,75,0,3,76,19,98,152,14,166,264
03/29/2014,SDM,CA,AWP,WE,Federal Contract Tower,0,6,22,4,32,0,0,117,17,134,0,6,139,21,166,182,0,182,348
03/30/2014,SDM,CA,AWP,WE,Federal Contract Tower,0,7,31,9,47,0,0,67,14,81,0,7,98,23,128,144,0,144,272
03/31/2014,SDM,CA,AWP,WE,Federal Contract Tower,0,2,20,2,24,0,0,54,3,57,0,2,74,5,81,180,0,180,261
04/01/2014,SDM,CA,AWP,WE,Federal Contract Tower,0,4,19,0,23,0,0,26,5,31,0,4,45,5,54,44,6,50,104
04/02/2014,SDM,CA,AWP,WE,Federal Contract Tower,0,3,9,0,12,0,0,25,4,29,0,3,34,4,41,80,64,144,185
04/03/2014,SDM,CA,AWP,WE,Federal Contract Tower,0,1,22,1,24,0,0,56,3,59,0,1,78,4,83,82,0,82,165
04/04/2014,SDM,CA,AWP,WE,Federal Contract Tower,0,7,26,3,36,0,0,52,6,58,0,7,78,9,94,102,20,122,216
04/05/2014,SDM,CA,AWP,WE,Federal Contract Tower,0,3,16,0,19,0,0,51,2,53,0,3,67,2,72,170,0,170,242
04/06/2014,SDM,CA,AWP,WE,Federal Contract Tower,0,3,14,2,19,0,0,74,1,75,0,3,88,3,94,154,0,154,248
04/07/2014,SDM,CA,AWP,WE,Federal Contract Tower,0,3,26,0,29,0,0,55,0,55,0,3,81,0,84,86,0,86,170
04/08/2014,SDM,CA,AWP,WE,Federal Contract Tower,0,7,10,0,17,0,1,56,4,61,0,8,66,4,78,119,10,129,207
04/09/2014,SDM,CA,AWP,WE,Federal Contract Tower,0,3,19,1,23,0,1,84,0,85,0,4,103,1,108,92,0,92,200
04/10/2014,SDM,CA,AWP,WE,Federal Contract Tower,0,7,27,0,34,0,1,64,0,65,0,8,91,0,99,160,0,160,259
04/11/2014,SDM,CA,AWP,WE,Federal Contract Tower,0,4,29,3,36,0,0,75,6,81,0,4,104,9,117,256,24,280,397
04/12/2014,SDM,CA,AWP,WE,Federal Contract Tower,0,9,13,3,25,0,0,108,4,112,0,9,121,7,137,256,56,312,449
04/13/2014,SDM,CA,AWP,WE,Federal Contract Tower,0,4,23,5,32,0,1,36,5,42,0,5,59,10,74,92,12,104,178
04/14/2014,SDM,CA,AWP,WE,Federal Contract Tower,0,1,14,3,18,0,0,57,1,58,0,1,71,4,76,120,6,126,202
04/15/2014,SDM,CA,AWP,WE,Federal Contract Tower,0,5,20,1,26,0,0,66,4,70,0,5,86,5,96,293,68,361,457
04/16/2014,SDM,CA,AWP,WE,Federal Contract Tower,0,4,28,1,33,0,0,78,6,84,0,4,106,7,117,362,60,422,539
04/17/2014,SDM,CA,AWP,WE,Federal Contract Tower,0,3,10,0,13,0,0,50,7,57,0,3,60,7,70,174,26,200,270
04/18/2014,SDM,CA,AWP,WE,Federal Contract Tower,0,3,15,5,23,0,0,94,0,94,0,3,109,5,117,166,0,166,283
04/19/2014,SDM,CA,AWP,WE,Federal Contract Tower,0,3,22,3,28,0,0,98,3,101,0,3,120,6,129,262,0,262,391
04/20/2014,SDM,CA,AWP,WE,Federal Contract Tower,0,11,22,0,33,0,0,52,0,52,0,11,74,0,85,170,0,170,255
04/21/2014,SDM,CA,AWP,WE,Federal Contract Tower,0,5,28,1,34,0,0,63,4,67,0,5,91,5,101,112,56,168,269
04/22/2014,SDM,CA,AWP,WE,Federal Contract Tower,0,0,1,13,14,0,0,42,2,44,0,0,43,15,58,137,8,145,203
04/23/2014,SDM,CA,AWP,WE,Federal Contract Tower,0,5,34,0,39,0,0,72,4,76,0,5,106,4,115,228,17,245,360
04/24/2014,SDM,CA,AWP,WE,Federal Contract Tower,0,7,26,0,33,0,0,86,0,86,0,7,112,0,119,245,10,255,374
04/25/2014,SDM,CA,AWP,WE,Federal Contract Tower,0,3,19,7,29,0,0,0,0,0,0,3,19,7,29,98,4,102,131
04/26/2014,SDM,CA,AWP,WE,Federal Contract Tower,0,9,11,7,27,0,0,31,14,45,0,9,42,21,72,116,0,116,188
04/27/2014,SDM,CA,AWP,WE,Federal Contract Tower,0,8,27,3,38,0,1,57,9,67,0,9,84,12,105,160,0,160,265
04/28/2014,SDM,CA,AWP,WE,Federal Contract Tower,0,0,13,0,13,0,0,50,0,50,0,0,63,0,63,108,0,108,171
04/29/2014,SDM,CA,AWP,WE,Federal Contract Tower,0,1,8,2,11,0,0,47,6,53,0,1,55,8,64,112,18,130,194
04/30/2014,SDM,CA,AWP,WE,Federal Contract Tower,0,3,14,7,24,0,0,29,15,44,0,3,43,22,68,70,26,96,164
05/01/2014,SDM,CA,AWP,WE,Federal Contract Tower,0,12,7,5,24,0,0,48,10,58,0,12,55,15,82,86,8,94,176
05/02/2014,SDM,CA,AWP,WE,Federal Contract Tower,0,9,20,6,35,0,0,76,3,79,0,9,96,9,114,270,0,270,384
05/03/2014,SDM,CA,AWP,WE,Federal Contract Tower,0,2,6,3,11,0,0,98,8,106,0,2,104,11,117,204,26,230,347
05/04/2014,SDM,CA,AWP,WE,Federal Contract Tower,0,1,14,1,16,0,0,72,0,72,0,1,86,1,88,152,0,152,240
05/05/2014,SDM,CA,AWP,WE,Federal Contract Tower,0,6,16,2,24,0,0,43,2,45,0,6,59,4,69,100,0,100,169
05/06/2014,SDM,CA,AWP,WE,Federal Contract Tower,0,4,8,2,14,0,0,25,4,29,0,4,33,6,43,32,38,70,113
05/07/2014,SDM,CA,AWP,WE,Federal Contract Tower,0,6,16,0,22,0,0,49,4,53,0,6,65,4,75,150,34,184,259
05/08/2014,SDM,CA,AWP,WE,Federal Contract Tower,0,0,14,12,26,0,0,55,2,57,0,0,69,14,83,109,4,113,196
05/09/2014,SDM,CA,AWP,WE,Federal Contract Tower,0,9,14,8,31,0,0,81,8,89,0,9,95,16,120,248,5,253,373
05/10/2014,SDM,CA,AWP,WE,Federal Contract Tower,0,6,13,1,20,0,0,123,3,126,0,6,136,4,146,270,0,270,416
05/11/2014,SDM,CA,AWP,WE,Federal Contract Tower,0,5,12,4,21,0,0,38,4,42,0,5,50,8,63,100,0,100,163
05/12/2014,SDM,CA,AWP,WE,Federal Contract Tower,0,1,11,0,12,0,0,56,0,56,0,1,67,0,68,187,0,187,255
05/13/2014,SDM,CA,AWP,WE,Federal Contract Tower,0,5,12,0,17,0,0,32,6,38,0,5,44,6,55,32,20,52,107
05/14/2014,SDM,CA,AWP,WE,Federal Contract Tower,0,1,17,0,18,0,0,44,0,44,0,1,61,0,62,56,0,56,118
05/15/2014,SDM,CA,AWP,WE,Federal Contract Tower,0,6,24,3,33,0,0,60,4,64,0,6,84,7,97,180,16,196,293
05/16/2014,SDM,CA,AWP,WE,Federal Contract Tower,0,4,20,2,26,0,0,83,6,89,0,4,103,8,115,304,40,344,459
05/17/2014,SDM,CA,AWP,WE,Federal Contract Tower,0,6,13,6,25,0,0,73,3,76,0,6,86,9,101,288,6,294,395
05/18/2014,SDM,CA,AWP,WE,Federal Contract Tower,0,3,15,6,24,0,0,74,14,88,0,3,89,20,112,192,12,204,316
05/19/2014,SDM,CA,AWP,WE,Federal Contract Tower,0,3,19,2,24,0,0,50,3,53,0,3,69,5,77,102,0,102,179
05/20/2014,SDM,CA,AWP,WE,Federal Contract Tower,0,2,11,0,13,0,0,64,8,72,0,2,75,8,85,160,54,214,299
05/21/2014,SDM,CA,AWP,WE,Federal Contract Tower,0,9,20,2,31,0,0,58,6,64,0,9,78,8,95,142,48,190,285
05/22/2014,SDM,CA,AWP,WE,Federal Contract Tower,0,4,14,2,20,0,0,59,1,60,0,4,73,3,80,180,0,180,260
05/23/2014,SDM,CA,AWP,WE,Federal Contract Tower,0,12,21,7,40,0,0,0,0,0,0,12,21,7,40,190,0,190,230
05/24/2014,SDM,CA,AWP,WE,Federal Contract Tower,0,2,17,4,23,0,0,55,5,60,0,2,72,9,83,126,0,126,209
05/25/2014,SDM,CA,AWP,WE,Federal Contract Tower,0,6,12,3,21,0,0,60,17,77,0,6,72,20,98,222,0,222,320
05/26/2014,SDM,CA,AWP,WE,Federal Contract Tower,0,7,42,0,49,0,1,64,0,65,0,8,106,0,114,99,0,99,213
05/27/2014,SDM,CA,AWP,WE,Federal Contract Tower,0,6,21,0,27,0,0,74,0,74,0,6,95,0,101,188,0,188,289
05/28/2014,SDM,CA,AWP,WE,Federal Contract Tower,0,3,21,0,24,0,0,77,6,83,0,3,98,6,107,187,8,195,302
05/29/2014,SDM,CA,AWP,WE,Federal Contract Tower,0,7,15,8,30,0,2,68,4,74,0,9,83,12,104,134,14,148,252
05/30/2014,SDM,CA,AWP,WE,Federal Contract Tower,0,5,11,8,24,0,0,59,4,63,0,5,70,12,87,224,18,242,329
05/31/2014,SDM,CA,AWP,WE,Federal Contract Tower,0,0,4,1,5,0,1,76,0,77,0,1,80,1,82,208,0,208,290
06/01/2014,SDM,CA,AWP,WE,Federal Contract Tower,0,5,18,1,24,0,0,50,2,52,0,5,68,3,76,76,0,76,152
06/02/2014,SDM,CA,AWP,WE,Federal Contract Tower,0,4,11,9,24,0,0,62,1,63,0,4,73,10,87,90,0,90,177
06/03/2014,SDM,CA,AWP,WE,Federal Contract Tower,0,4,14,3,21,0,0,62,3,65,0,4,76,6,86,85,5,90,176
06/04/2014,SDM,CA,AWP,WE,Federal Contract Tower,0,2,12,8,22,0,0,69,6,75,0,2,81,14,97,121,20,141,238
06/05/2014,SDM,CA,AWP,WE,Federal Contract Tower,0,4,18,11,33,0,0,94,4,98,0,4,112,15,131,180,8,188,319
06/06/2014,SDM,CA,AWP,WE,Federal Contract Tower,0,2,13,16,31,0,0,69,9,78,0,2,82,25,109,168,42,210,319
06/07/2014,SDM,CA,AWP,WE,Federal Contract Tower,0,8,5,18,31,0,0,78,6,84,0,8,83,24,115,182,0,182,297
06/08/2014,SDM,CA,AWP,WE,Federal Contract Tower,0,11,17,10,38,0,0,83,8,91,0,11,100,18,129,140,8,148,277
06/09/2014,SDM,CA,AWP,WE,Federal Contract Tower,0,4,23,1,28,0,0,30,1,31,0,4,53,2,59,80,0,80,139
06/10/2014,SDM,CA,AWP,WE,Federal Contract Tower,0,7,27,0,34,0,0,60,0,60,0,7,87,0,94,194,0,194,288
06/11/2014,SDM,CA,AWP,WE,Federal Contract Tower,0,2,9,0,11,0,0,60,8,68,0,2,69,8,79,124,4,128,207
06/12/2014,SDM,CA,AWP,WE,Federal Contract Tower,0,4,14,0,18,0,0,67,5,72,0,4,81,5,90,174,30,204,294
06/13/2014,SDM,CA,AWP,WE,Federal Contract Tower,0,4,15,7,26,0,0,53,7,60,0,4,68,14,86,174,60,234,320
06/14/2014,SDM,CA,AWP,WE,Federal Contract Tower,0,2,13,11,26,0,0,95,15,110,0,2,108,26,136,164,0,164,300
06/15/2014,SDM,CA,AWP,WE,Federal Contract Tower,0,3,16,10,29,0,0,0,0,0,0,3,16,10,29,178,0,178,207
06/16/2014,SDM,CA,AWP,WE,Federal Contract Tower,0,5,18,0,23,0,0,55,4,59,0,5,73,4,82,96,2,98,180
06/17/2014,SDM,CA,AWP,WE,Federal Contract Tower,0,4,18,2,24,0,0,68,13,81,0,4,86,15,105,84,0,84,189
06/18/2014,SDM,CA,AWP,WE,Federal Contract Tower,0,4,11,0,15,0,0,82,10,92,0,4,93,10,107,232,28,260,367
06/19/2014,SDM,CA,AWP,WE,Federal Contract Tower,0,3,20,2,25,0,0,80,5,85,0,3,100,7,110,194,0,194,304
06/20/2014,SDM,CA,AWP,WE,Federal Contract Tower,0,1,18,2,21,0,0,82,5,87,0,1,100,7,108,166,0,166,274
06/21/2014,SDM,CA,AWP,WE,Federal Contract Tower,0,3,15,4,22,0,0,98,8,106,0,3,113,12,128,270,40,310,438
06/22/2014,SDM,CA,AWP,WE,Federal Contract Tower,0,6,16,3,25,0,1,41,7,49,0,7,57,10,74,114,84,198,272
06/23/2014,SDM,CA,AWP,WE,Federal Contract Tower,0,4,13,1,18,0,0,39,2,41,0,4,52,3,59,128,0,128,187
06/24/2014,SDM,CA,AWP,WE,Federal Contract Tower,0,1,19,0,20,0,0,64,4,68,0,1,83,4,88,170,22,192,280
06/25/2014,SDM,CA,AWP,WE,Federal Contract Tower,0,4,13,2,19,0,1,61,6,68,0,5,74,8,87,190,24,214,301
06/26/2014,SDM,CA,AWP,WE,Federal Contract Tower,0,1,17,0,18,0,0,45,8,53,0,1,62,8,71,117,6,123,194
06/27/2014,SDM,CA,AWP,WE,Federal Contract Tower,0,6,20,15,41,0,0,54,4,58,0,6,74,19,99,156,36,192,291
06/28/2014,SDM,CA,AWP,WE,Federal Contract Tower,0,2,19,8,29,0,0,81,27,108,0,2,100,35,137,121,6,127,264
06/29/2014,SDM,CA,AWP,WE,Federal Contract Tower,0,4,24,4,32,0,0,52,22,74,0,4,76,26,106,112,24,136,242
06/30/2014,SDM,CA,AWP,WE,Federal Contract Tower,0,5,15,2,22,0,0,27,7,34,0,5,42,9,56,64,12,76,132
07/01/2014,SDM,CA,AWP,WE,Federal Contract Tower,0,4,25,2,31,0,0,88,6,94,0,4,113,8,125,171,6,177,302
07/02/2014,SDM,CA,AWP,WE,Federal Contract Tower,0,0,24,4,28,0,0,63,6,69,0,0,87,10,97,163,10,173,270
07/03/2014,SDM,CA,AWP,WE,Federal Contract Tower,0,1,18,7,26,0,0,72,11,83,0,1,90,18,109,148,0,148,257
07/04/2014,SDM,CA,AWP,WE,Federal Contract Tower,0,4,4,0,8,0,0,39,11,50,0,4,43,11,58,96,0,96,154
07/05/2014,SDM,CA,AWP,WE,Federal Contract Tower,0,8,6,1,15,0,0,86,4,90,0,8,92,5,105,156,0,156,261
07/06/2014,SDM,CA,AWP,WE,Federal Contract Tower,0,4,20,0,24,0,0,70,0,70,0,4,90,0,94,164,0,164,258
07/07/2014,SDM,CA,AWP,WE,Federal Contract Tower,0,3,21,0,24,0,0,71,0,71,0,3,92,0,95,58,1,59,154
07/08/2014,SDM,CA,AWP,WE,Federal Contract Tower,0,1,13,0,14,0,0,75,0,75,0,1,88,0,89,138,0,138,227
07/09/2014,SDM,CA,AWP,WE,Federal Contract Tower,0,4,9,1,14,0,1,80,4,85,0,5,89,5,99,203,0,203,302
07/10/2014,SDM,CA,AWP,WE,Federal Contract Tower,0,4,23,3,30,0,0,81,2,83,0,4,104,5,113,213,16,229,342
07/11/2014,SDM,CA,AWP,WE,Federal Contract Tower,0,7,23,10,40,0,0,68,7,75,0,7,91,17,115,162,0,162,277
07/12/2014,SDM,CA,AWP,WE,Federal Contract Tower,0,3,10,5,18,0,0,73,7,80,0,3,83,12,98,218,11,229,327
07/13/2014,SDM,CA,AWP,WE,Federal Contract Tower,0,0,9,7,16,0,0,47,2,49,0,0,56,9,65,156,0,156,221
07/14/2014,SDM,CA,AWP,WE,Federal Contract Tower,0,3,18,5,26,0,0,20,1,21,0,3,38,6,47,26,0,26,73
07/15/2014,SDM,CA,AWP,WE,Federal Contract Tower,0,3,25,2,30,0,0,19,2,21,0,3,44,4,51,8,0,8,59
07/16/2014,SDM,CA,AWP,WE,Federal Contract Tower,0,1,19,2,22,0,0,61,10,71,0,1,80,12,93,79,1,80,173
07/17/2014,SDM,CA,AWP,WE,Federal Contract Tower,0,3,13,1,17,0,0,86,4,90,0,3,99,5,107,172,12,184,291
07/18/2014,SDM,CA,AWP,WE,Federal Contract Tower,0,13,11,7,31,0,0,55,6,61,0,13,66,13,92,172,24,196,288
07/19/2014,SDM,CA,AWP,WE,Federal Contract Tower,0,2,15,6,23,0,0,58,4,62,0,2,73,10,85,46,0,46,131
07/20/2014,SDM,CA,AWP,WE,Federal Contract Tower,0,8,16,14,38,0,0,65,7,72,0,8,81,21,110,142,0,142,252
07/21/2014,SDM,CA,AWP,WE,Federal Contract Tower,0,4,9,3,16,0,0,53,6,59,0,4,62,9,75,165,0,165,240
07/22/2014,SDM,CA,AWP,WE,Federal Contract Tower,0,2,9,1,12,0,0,80,4,84,0,2,89,5,96,149,0,149,245
07/23/2014,SDM,CA,AWP,WE,Federal Contract Tower,0,2,12,2,16,0,0,59,5,64,0,2,71,7,80,144,18,162,242
07/24/2014,SDM,CA,AWP,WE,Federal Contract Tower,0,2,16,2,20,0,0,86,10,96,0,2,102,12,116,256,58,314,430
07/25/2014,SDM,CA,AWP,WE,Federal Contract Tower,0,3,9,1,13,0,0,43,9,52,0,3,52,10,65,148,68,216,281
07/26/2014,SDM,CA,AWP,WE,Federal Contract Tower,0,1,11,2,14,0,0,129,14,143,0,1,140,16,157,174,60,234,391
07/27/2014,SDM,CA,AWP,WE,Federal Contract Tower,0,1,7,3,11,0,0,57,4,61,0,1,64,7,72,152,10,162,234
07/28/2014,SDM,CA,AWP,WE,Federal Contract Tower,0,2,18,0,20,0,0,56,1,57,0,2,74,1,77,122,0,122,199
07/29/2014,SDM,CA,AWP,WE,Federal Contract Tower,0,0,7,0,7,0,0,28,2,30,0,0,35,2,37,56,4,60,97
07/30/2014,SDM,CA,AWP,WE,Federal Contract Tower,0,4,11,0,15,0,0,85,2,87,0,4,96,2,102,168,0,168,270
07/31/2014,SDM,CA,AWP,WE,Federal Contract Tower,0,3,11,1,15,0,0,64,5,69,0,3,75,6,84,151,40,191,275
08/01/2014,SDM,CA,AWP,WE,Federal Contract Tower,0,7,27,1,35,0,0,54,3,57,0,7,81,4,92,204,8,212,304
08/02/2014,SDM,CA,AWP,WE,Federal Contract Tower,0,0,6,2,8,0,0,52,1,53,0,0,58,3,61,150,2,152,213
08/03/2014,SDM,CA,AWP,WE,Federal Contract Tower,0,3,14,1,18,0,0,28,0,28,0,3,42,1,46,122,0,122,168
08/04/2014,SDM,CA,AWP,WE,Federal Contract Tower,0,1,6,3,10,0,0,71,3,74,0,1,77,6,84,248,2,250,334
08/05/2014,SDM,CA,AWP,WE,Federal Contract Tower,0,5,11,0,16,0,0,67,2,69,0,5,78,2,85,246,16,262,347
08/06/2014,SDM,CA,AWP,WE,Federal Contract Tower,0,2,6,0,8,0,0,57,2,59,0,2,63,2,67,175,0,175,242
08/07/2014,SDM,CA,AWP,WE,Federal Contract Tower,0,1,15,0,16,0,0,75,2,77,0,1,90,2,93,208,4,212,305
08/08/2014,SDM,CA,AWP,WE,Federal Contract Tower,0,8,19,5,32,0,0,72,2,74,0,8,91,7,106,94,0,94,200
08/09/2014,SDM,CA,AWP,WE,Federal Contract Tower,0,2,10,6,18,0,0,121,3,124,0,2,131,9,142,194,20,214,356
08/10/2014,SDM,CA,AWP,WE,Federal Contract Tower,0,7,21,7,35,0,0,82,2,84,0,7,103,9,119,200,0,200,319
08/11/2014,SDM,CA,AWP,WE,Federal Contract Tower,0,4,19,2,25,0,1,55,2,58,0,5,74,4,83,190,0,190,273
08/12/2014,SDM,CA,AWP,WE,Federal Contract Tower,0,2,10,0,12,0,0,48,2,50,0,2,58,2,62,143,0,143,205
08/13/2014,SDM,CA,AWP,WE,Federal Contract Tower,0,1,9,0,10,0,0,72,3,75,0,1,81,3,85,198,4,202,287
08/14/2014,SDM,CA,AWP,WE,Federal Contract Tower,0,4,14,0,18,0,0,85,2,87,0,4,99,2,105,250,0,250,355
08/15/2014,SDM,CA,AWP,WE,Federal Contract Tower,0,4,14,6,24,0,0,68,10,78,0,4,82,16,102,140,54,194,296
08/16/2014,SDM,CA,AWP,WE,Federal Contract Tower,0,8,7,3,18,0,0,71,0,71,0,8,78,3,89,242,0,242,331
08/17/2014,SDM,CA,AWP,WE,Federal Contract Tower,0,5,9,2,16,0,0,51,0,51,0,5,60,2,67,198,0,198,265
08/18/2014,SDM,CA,AWP,WE,Federal Contract Tower,0,2,10,0,12,0,0,62,7,69,0,2,72,7,81,244,10,254,335
08/19/2014,SDM,CA,AWP,WE,Federal Contract Tower,0,3,10,0,13,0,0,53,8,61,0,3,63,8,74,189,42,231,305
08/20/2014,SDM,CA,AWP,WE,Federal Contract Tower,0,1,9,0,10,0,0,78,0,78,0,1,87,0,88,211,0,211,299
08/21/2014,SDM,CA,AWP,WE,Federal Contract Tower,0,1,8,0,9,0,0,73,10,83,0,1,81,10,92,272,2,274,366
08/22/2014,SDM,CA,AWP,WE,Federal Contract Tower,0,2,8,1,11,0,0,95,5,100,0,2,103,6,111,320,0,320,431
08/23/2014,SDM,CA,AWP,WE,Federal Contract Tower,0,1,8,1,10,0,0,108,0,108,0,1,116,1,118,176,0,176,294
08/24/2014,SDM,CA,AWP,WE,Federal Contract Tower,0,9,16,6,31,0,0,94,0,94,0,9,110,6,125,232,0,232,357
08/25/2014,SDM,CA,AWP,WE,Federal Contract Tower,0,0,7,1,8,0,0,77,5,82,0,0,84,6,90,145,0,145,235
08/26/2014,SDM,CA,AWP,WE,Federal Contract Tower,0,0,8,0,8,0,0,77,10,87,0,0,85,10,95,166,24,190,285
08/27/2014,SDM,CA,AWP,WE,Federal Contract Tower,0,3,6,7,16,0,0,109,16,125,0,3,115,23,141,238,58,296,437
08/28/2014,SDM,CA,AWP,WE,Federal Contract Tower,0,4,24,10,38,0,0,66,10,76,0,4,90,20,114,160,2,162,276
08/29/2014,SDM,CA,AWP,WE,Federal Contract Tower,0,2,14,7,23,0,0,61,6,67,0,2,75,13,90,130,2,132,222
08/30/2014,SDM,CA,AWP,WE,Federal Contract Tower,0,6,13,5,24,0,0,87,7,94,0,6,100,12,118,196,2,198,316
08/31/2014,SDM,CA,AWP,WE,Federal Contract Tower,0,6,12,3,21,0,0,46,6,52,0,6,58,9,73,128,0,128,201
09/01/2014,SDM,CA,AWP,WE,Federal Contract Tower,0,5,20,3,28,0,0,60,0,60,0,5,80,3,88,155,0,155,243
09/02/2014,SDM,CA,AWP,WE,Federal Contract Tower,0,3,6,0,9,0,0,59,2,61,0,3,65,2,70,172,0,172,242
09/03/2014,SDM,CA,AWP,WE,Federal Contract Tower,0,0,9,0,9,0,0,73,1,74,0,0,82,1,83,123,0,123,206
09/04/2014,SDM,CA,AWP,WE,Federal Contract Tower,0,4,14,0,18,0,1,58,0,59,0,5,72,0,77,146,0,146,223
09/05/2014,SDM,CA,AWP,WE,Federal Contract Tower,0,4,15,0,19,0,0,60,4,64,0,4,75,4,83,192,2,194,277
09/06/2014,SDM,CA,AWP,WE,Federal Contract Tower,0,6,9,1,16,0,0,58,6,64,0,6,67,7,80,182,16,198,278
09/07/2014,SDM,CA,AWP,WE,Federal Contract Tower,0,1,6,0,7,0,0,52,8,60,0,1,58,8,67,122,24,146,213
09/08/2014,SDM,CA,AWP,WE,Federal Contract Tower,0,4,3,0,7,0,0,48,0,48,0,4,51,0,55,170,0,170,225
09/09/2014,SDM,CA,AWP,WE,Federal Contract Tower,0,1,8,0,9,0,0,64,9,73,0,1,72,9,82,80,36,116,198
09/10/2014,SDM,CA,AWP,WE,Federal Contract Tower,0,0,8,0,8,0,0,76,4,80,0,0,84,4,88,188,14,202,290
09/11/2014,SDM,CA,AWP,WE,Federal Contract Tower,0,2,9,2,13,0,0,63,6,69,0,2,72,8,82,184,8,192,274
09/12/2014,SDM,CA,AWP,WE,Federal Contract Tower,0,5,11,6,22,0,0,67,13,80,0,5,78,19,102,208,34,242,344
09/13/2014,SDM,CA,AWP,WE,Federal Contract Tower,0,4,4,6,14,0,0,82,7,89,0,4,86,13,103,182,0,182,285
09/14/2014,SDM,CA,AWP,WE,Federal Contract Tower,0,1,16,3,20,0,0,55,5,60,0,1,71,8,80,182,0,182,262
09/15/2014,SDM,CA,AWP,WE,Federal Contract Tower,0,5,8,0,13,0,0,48,5,53,0,5,56,5,66,114,10,124,190
09/16/2014,SDM,CA,AWP,WE,Federal Contract Tower,0,1,12,1,14,0,0,45,5,50,0,1,57,6,64,144,10,154,218
09/17/2014,SDM,CA,AWP,WE,Federal Contract Tower,0,2,13,0,15,0,0,53,5,58,0,2,66,5,73,132,0,132,205
09/18/2014,SDM,CA,AWP,WE,Federal Contract Tower,0,10,14,1,25,0,0,52,9,61,0,10,66,10,86,198,4,202,288
09/19/2014,SDM,CA,AWP,WE,Federal Contract Tower,0,8,21,7,36,0,0,46,12,58,0,8,67,19,94,143,28,171,265
09/20/2014,SDM,CA,AWP,WE,Federal Contract Tower,0,3,15,5,23,0,0,73,17,90,0,3,88,22,113,166,2,168,281
09/21/2014,SDM,CA,AWP,WE,Federal Contract Tower,0,3,15,2,20,0,0,57,20,77,0,3,72,22,97,172,0,172,269
09/22/2014,SDM,CA,AWP,WE,Federal Contract Tower,0,6,15,3,24,0,0,46,3,49,0,6,61,6,73,208,0,208,281
09/23/2014,SDM,CA,AWP,WE,Federal Contract Tower,0,4,2,0,6,0,0,56,8,64,0,4,58,8,70,100,18,118,188
09/24/2014,SDM,CA,AWP,WE,Federal Contract Tower,0,3,13,0,16,0,1,67,2,70,0,4,80,2,86,130,2,132,218
09/25/2014,SDM,CA,AWP,WE,Federal Contract Tower,0,0,13,2,15,0,0,64,2,66,0,0,77,4,81,152,4,156,237
09/26/2014,SDM,CA,AWP,WE,Federal Contract Tower,0,4,10,2,16,0,0,70,2,72,0,4,80,4,88,193,32,225,313
09/27/2014,SDM,CA,AWP,WE,Federal Contract Tower,0,2,13,2,17,0,0,80,0,80,0,2,93,2,97,158,0,158,255
09/28/2014,SDM,CA,AWP,WE,Federal Contract Tower,0,6,11,3,20,0,0,48,1,49,0,6,59,4,69,84,0,84,153
09/29/2014,SDM,CA,AWP,WE,Federal Contract Tower,0,6,12,0,18,0,0,60,0,60,0,6,72,0,78,114,4,118,196
09/30/2014,SDM,CA,AWP,WE,Federal Contract Tower,0,5,11,0,16,0,0,70,0,70,0,5,81,0,86,162,4,166,252
10/01/2014,SDM,CA,AWP,WE,Federal Contract Tower,0,4,17,1,22,0,0,46,7,53,0,4,63,8,75,96,16,112,187
10/02/2014,SDM,CA,AWP,WE,Federal Contract Tower,0,4,12,1,17,0,0,42,5,47,0,4,54,6,64,129,6,135,199
10/03/2014,SDM,CA,AWP,WE,Federal Contract Tower,0,5,12,8,25,0,0,52,2,54,0,5,64,10,79,134,23,157,236
10/04/2014,SDM,CA,AWP,WE,Federal Contract Tower,0,0,13,3,16,0,0,62,8,70,0,0,75,11,86,172,0,172,258
10/05/2014,SDM,CA,AWP,WE,Federal Contract Tower,0,2,7,3,12,0,0,44,7,51,0,2,51,10,63,110,18,128,191
10/06/2014,SDM,CA,AWP,WE,Federal Contract Tower,0,10,8,0,18,0,0,45,8,53,0,10,53,8,71,92,10,102,173
10/07/2014,SDM,CA,AWP,WE,Federal Contract Tower,0,3,12,1,16,0,0,68,3,71,0,3,80,4,87,132,4,136,223
10/08/2014,SDM,CA,AWP,WE,Federal Contract Tower,0,4,16,1,21,0,0,73,9,82,0,4,89,10,103,180,23,203,306
10/09/2014,SDM,CA,AWP,WE,Federal Contract Tower,0,1,19,1,21,0,0,72,4,76,0,1,91,5,97,185,26,211,308
10/10/2014,SDM,CA,AWP,WE,Federal Contract Tower,0,1,16,4,21,0,0,66,3,69,0,1,82,7,90,149,13,162,252
10/11/2014,SDM,CA,AWP,WE,Federal Contract Tower,0,0,12,0,12,0,0,74,1,75,0,0,86,1,87,136,0,136,223
10/12/2014,SDM,CA,AWP,WE,Federal Contract Tower,0,3,17,1,21,0,0,63,0,63,0,3,80,1,84,66,0,66,150
10/13/2014,SDM,CA,AWP,WE,Federal Contract Tower,0,2,23,2,27,0,0,64,0,64,0,2,87,2,91,125,0,125,216
10/14/2014,SDM,CA,AWP,WE,Federal Contract Tower,0,2,9,1,12,0,0,74,2,76,0,2,83,3,88,162,8,170,258
10/15/2014,SDM,CA,AWP,WE,Federal Contract Tower,0,4,26,0,30,0,0,56,8,64,0,4,82,8,94,200,10,210,304
10/16/2014,SDM,CA,AWP,WE,Federal Contract Tower,0,4,21,3,28,0,0,60,6,66,0,4,81,9,94,300,0,300,394
10/17/2014,SDM,CA,AWP,WE,Federal Contract Tower,0,1,24,3,28,0,0,50,12,62,0,1,74,15,90,172,3,175,265
10/18/2014,SDM,CA,AWP,WE,Federal Contract Tower,0,2,5,5,12,0,0,72,7,79,0,2,77,12,91,106,20,126,217
10/19/2014,SDM,CA,AWP,WE,Federal Contract Tower,0,2,17,1,20,0,0,71,10,81,0,2,88,11,101,134,2,136,237
10/20/2014,SDM,CA,AWP,WE,Federal Contract Tower,0,4,14,8,26,0,0,34,14,48,0,4,48,22,74,66,38,104,178
10/21/2014,SDM,CA,AWP,WE,Federal Contract Tower,0,6,9,0,15,0,0,57,20,77,0,6,66,20,92,100,16,116,208
10/22/2014,SDM,CA,AWP,WE,Federal Contract Tower,0,5,7,1,13,0,0,80,15,95,0,5,87,16,108,205,42,247,355
10/23/2014,SDM,CA,AWP,WE,Federal Contract Tower,0,9,23,2,34,0,0,66,1,67,0,9,89,3,101,189,0,189,290
10/24/2014,SDM,CA,AWP,WE,Federal Contract Tower,0,4,25,3,32,0,0,68,5,73,0,4,93,8,105,113,2,115,220
10/25/2014,SDM,CA,AWP,WE,Federal Contract Tower,0,6,12,1,19,0,0,100,5,105,0,6,112,6,124,210,0,210,334
10/26/2014,SDM,CA,AWP,WE,Federal Contract Tower,0,6,11,2,19,0,0,81,0,81,0,6,92,2,100,98,0,98,198
10/27/2014,SDM,CA,AWP,WE,Federal Contract Tower,0,4,13,1,18,0,0,76,4,80,0,4,89,5,98,138,6,144,242
10/28/2014,SDM,CA,AWP,WE,Federal Contract Tower,0,2,17,0,19,0,0,68,3,71,0,2,85,3,90,214,2,216,306
10/29/2014,SDM,CA,AWP,WE,Federal Contract Tower,0,4,20,0,24,0,0,64,4,68,0,4,84,4,92,195,16,211,303
10/30/2014,SDM,CA,AWP,WE,Federal Contract Tower,0,7,10,0,17,0,2,49,4,55,0,9,59,4,72,154,4,158,230
10/31/2014,SDM,CA,AWP,WE,Federal Contract Tower,0,1,12,1,14,0,0,42,1,43,0,1,54,2,57,114,0,114,171
11/01/2014,SDM,CA,AWP,WE,Federal Contract Tower,0,2,11,0,13,0,0,64,0,64,0,2,75,0,77,136,0,136,213
11/02/2014,SDM,CA,AWP,WE,Federal Contract Tower,0,4,11,3,18,0,0,67,0,67,0,4,78,3,85,90,0,90,175
11/03/2014,SDM,CA,AWP,WE,Federal Contract Tower,0,4,11,2,17,0,0,57,2,59,0,4,68,4,76,142,0,142,218
11/04/2014,SDM,CA,AWP,WE,Federal Contract Tower,0,2,19,2,23,0,0,71,4,75,0,2,90,6,98,187,0,187,285
11/05/2014,SDM,CA,AWP,WE,Federal Contract Tower,0,3,28,0,31,0,0,76,4,80,0,3,104,4,111,172,7,179,290
11/06/2014,SDM,CA,AWP,WE,Federal Contract Tower,0,3,23,0,26,0,0,82,6,88,0,3,105,6,114,193,24,217,331
11/07/2014,SDM,CA,AWP,WE,Federal Contract Tower,0,5,13,2,20,0,0,81,13,94,0,5,94,15,114,237,0,237,351
11/08/2014,SDM,CA,AWP,WE,Federal Contract Tower,0,3,16,1,20,0,0,126,11,137,0,3,142,12,157,142,0,142,299
11/09/2014,SDM,CA,AWP,WE,Federal Contract Tower,0,6,17,2,25,0,0,78,6,84,0,6,95,8,109,88,0,88,197
11/10/2014,SDM,CA,AWP,WE,Federal Contract Tower,0,2,17,4,23,0,0,59,1,60,0,2,76,5,83,82,0,82,165
11/11/2014,SDM,CA,AWP,WE,Federal Contract Tower,0,6,23,1,30,0,1,70,0,71,0,7,93,1,101,218,0,218,319
11/12/2014,SDM,CA,AWP,WE,Federal Contract Tower,0,3,41,10,54,0,0,63,1,64,0,3,104,11,118,109,8,117,235
11/13/2014,SDM,CA,AWP,WE,Federal Contract Tower,0,1,21,4,26,0,0,79,0,79,0,1,100,4,105,233,6,239,344
11/14/2014,SDM,CA,AWP,WE,Federal Contract Tower,0,5,16,14,35,0,2,89,13,104,0,7,105,27,139,180,8,188,327
11/15/2014,SDM,CA,AWP,WE,Federal Contract Tower,0,11,12,10,33,0,0,99,18,117,0,11,111,28,150,169,61,230,380
11/16/2014,SDM,CA,AWP,WE,Federal Contract Tower,0,5,21,9,35,0,1,65,23,89,0,6,86,32,124,92,14,106,230
11/17/2014,SDM,CA,AWP,WE,Federal Contract Tower,0,8,21,1,30,0,1,49,5,55,0,9,70,6,85,124,22,146,231
11/18/2014,SDM,CA,AWP,WE,Federal Contract Tower,0,4,17,1,22,0,0,67,6,73,0,4,84,7,95,147,6,153,248
11/19/2014,SDM,CA,AWP,WE,Federal Contract Tower,0,1,8,0,9,0,0,72,14,86,0,1,80,14,95,255,17,272,367
11/20/2014,SDM,CA,AWP,WE,Federal Contract Tower,0,10,19,3,32,0,0,79,2,81,0,10,98,5,113,178,8,186,299
11/21/2014,SDM,CA,AWP,WE,Federal Contract Tower,0,8,15,9,32,0,1,61,1,63,0,9,76,10,95,188,0,188,283
11/22/2014,SDM,CA,AWP,WE,Federal Contract Tower,0,4,19,6,29,0,0,132,9,141,0,4,151,15,170,204,0,204,374
11/23/2014,SDM,CA,AWP,WE,Federal Contract Tower,0,11,15,2,28,0,0,91,4,95,0,11,106,6,123,184,0,184,307
11/24/2014,SDM,CA,AWP,WE,Federal Contract Tower,0,4,14,0,18,0,0,62,3,65,0,4,76,3,83,124,4,128,211
11/25/2014,SDM,CA,AWP,WE,Federal Contract Tower,0,3,20,0,23,0,0,89,4,93,0,3,109,4,116,226,8,234,350
11/26/2014,SDM,CA,AWP,WE,Federal Contract Tower,0,5,13,2,20,0,0,83,0,83,0,5,96,2,103,134,0,134,237
11/27/2014,SDM,CA,AWP,WE,Federal Contract Tower,0,2,3,0,5,0,0,29,0,29,0,2,32,0,34,44,0,44,78
11/28/2014,SDM,CA,AWP,WE,Federal Contract Tower,0,3,13,0,16,0,0,80,0,80,0,3,93,0,96,166,0,166,262
11/29/2014,SDM,CA,AWP,WE,Federal Contract Tower,0,11,8,0,19,0,0,109,0,109,0,11,117,0,128,178,0,178,306
11/30/2014,SDM,CA,AWP,WE,Federal Contract Tower,0,6,42,0,48,0,0,52,0,52,0,6,94,0,100,74,0,74,174
12/01/2014,SDM,CA,AWP,WE,Federal Contract Tower,0,5,10,0,15,0,0,63,2,65,0,5,73,2,80,108,2,110,190
12/02/2014,SDM,CA,AWP,WE,Federal Contract Tower,0,0,10,1,11,0,0,16,0,16,0,0,26,1,27,18,0,18,45
12/03/2014,SDM,CA,AWP,WE,Federal Contract Tower,0,2,7,0,9,0,0,4,0,4,0,2,11,0,13,0,0,0,13
12/04/2014,SDM,CA,AWP,WE,Federal Contract Tower,0,4,14,2,20,0,0,34,8,42,0,4,48,10,62,100,32,132,194
12/05/2014,SDM,CA,AWP,WE,Federal Contract Tower,0,8,10,5,23,0,0,65,4,69,0,8,75,9,92,138,6,144,236
12/06/2014,SDM,CA,AWP,WE,Federal Contract Tower,0,6,15,11,32,0,0,67,21,88,0,6,82,32,120,138,4,142,262
12/07/2014,SDM,CA,AWP,WE,Federal Contract Tower,0,5,8,9,22,0,0,74,22,96,0,5,82,31,118,118,2,120,238
12/08/2014,SDM,CA,AWP,WE,Federal Contract Tower,0,6,18,1,25,0,0,49,0,49,0,6,67,1,74,150,0,150,224
12/09/2014,SDM,CA,AWP,WE,Federal Contract Tower,0,2,17,0,19,0,0,66,8,74,0,2,83,8,93,150,32,182,275
12/10/2014,SDM,CA,AWP,WE,Federal Contract Tower,0,4,23,0,27,0,0,48,2,50,0,4,71,2,77,92,8,100,177
12/11/2014,SDM,CA,AWP,WE,Federal Contract Tower,0,2,21,0,23,0,0,80,0,80,0,2,101,0,103,104,0,104,207
12/12/2014,SDM,CA,AWP,WE,Federal Contract Tower,0,2,2,1,5,0,0,0,2,2,0,2,2,3,7,0,14,14,21
12/13/2014,SDM,CA,AWP,WE,Federal Contract Tower,0,6,19,7,32,0,0,103,9,112,0,6,122,16,144,142,0,142,286
12/14/2014,SDM,CA,AWP,WE,Federal Contract Tower,0,5,15,6,26,0,0,75,12,87,0,5,90,18,113,144,0,144,257
12/15/2014,SDM,CA,AWP,WE,Federal Contract Tower,0,4,18,0,22,0,1,42,0,43,0,5,60,0,65,64,0,64,129
12/16/2014,SDM,CA,AWP,WE,Federal Contract Tower,0,3,9,1,13,0,0,16,6,22,0,3,25,7,35,30,24,54,89
12/17/2014,SDM,CA,AWP,WE,Federal Contract Tower,0,3,21,6,30,0,0,48,8,56,0,3,69,14,86,72,10,82,168
12/18/2014,SDM,CA,AWP,WE,Federal Contract Tower,0,10,14,2,26,0,0,52,4,56,0,10,66,6,82,88,2,90,172
12/19/2014,SDM,CA,AWP,WE,Federal Contract Tower,0,7,12,6,25,0,0,75,8,83,0,7,87,14,108,145,4,149,257
12/20/2014,SDM,CA,AWP,WE,Federal Contract Tower,0,14,27,1,42,0,0,54,22,76,0,14,81,23,118,124,0,124,242
12/21/2014,SDM,CA,AWP,WE,Federal Contract Tower,0,6,20,3,29,0,1,64,13,78,0,7,84,16,107,68,10,78,185
12/22/2014,SDM,CA,AWP,WE,Federal Contract Tower,0,2,17,2,21,0,0,78,9,87,0,2,95,11,108,76,0,76,184
12/23/2014,SDM,CA,AWP,WE,Federal Contract Tower,0,3,14,4,21,0,1,60,0,61,0,4,74,4,82,96,0,96,178
12/24/2014,SDM,CA,AWP,WE,Federal Contract Tower,0,2,11,0,13,0,0,47,0,47,0,2,58,0,60,60,0,60,120
12/25/2014,SDM,CA,AWP,WE,Federal Contract Tower,0,3,7,0,10,0,0,4,0,4,0,3,11,0,14,0,0,0,14
12/26/2014,SDM,CA,AWP,WE,Federal Contract Tower,0,13,11,2,26,0,0,60,0,60,0,13,71,2,86,68,0,68,154
12/27/2014,SDM,CA,AWP,WE,Federal Contract Tower,0,7,29,0,36,0,0,90,0,90,0,7,119,0,126,90,0,90,216
12/28/2014,SDM,CA,AWP,WE,Federal Contract Tower,0,6,20,0,26,0,0,68,0,68,0,6,88,0,94,102,0,102,196
12/29/2014,SDM,CA,AWP,WE,Federal Contract Tower,0,4,20,0,24,0,0,52,0,52,0,4,72,0,76,106,0,106,182
12/30/2014,SDM,CA,AWP,WE,Federal Contract Tower,0,7,15,3,25,0,0,21,0,21,0,7,36,3,46,56,0,56,102
12/31/2014,SDM,CA,AWP,WE,Federal Contract Tower,0,1,5,0,6,0,1,20,0,21,0,2,25,0,27,34,0,34,61
01/01/2015,SDM,CA,AWP,WE,Federal Contract Tower,0,5,10,0,15,0,0,38,0,38,0,5,48,0,53,54,0,54,107
01/02/2015,SDM,CA,AWP,WE,Federal Contract Tower,0,6,18,0,24,0,0,70,0,70,0,6,88,0,94,209,0,209,303
01/03/2015,SDM,CA,AWP,WE,Federal Contract Tower,0,16,20,0,36,0,0,90,0,90,0,16,110,0,126,102,0,102,228
01/04/2015,SDM,CA,AWP,WE,Federal Contract Tower,0,6,22,0,28,0,0,71,0,71,0,6,93,0,99,150,0,150,249
01/05/2015,SDM,CA,AWP,WE,Federal Contract Tower,0,3,19,0,22,0,0,53,0,53,0,3,72,0,75,106,0,106,181
01/06/2015,SDM,CA,AWP,WE,Federal Contract Tower,0,8,10,0,18,0,0,49,6,55,0,8,59,6,73,60,86,146,219
01/07/2015,SDM,CA,AWP,WE,Federal Contract Tower,0,1,15,0,16,0,0,76,2,78,0,1,91,2,94,126,6,132,226
01/08/2015,SDM,CA,AWP,WE,Federal Contract Tower,0,6,21,1,28,0,0,80,5,85,0,6,101,6,113,197,16,213,326
01/09/2015,SDM,CA,AWP,WE,Federal Contract Tower,0,1,20,13,34,0,0,61,6,67,0,1,81,19,101,198,10,208,309
01/10/2015,SDM,CA,AWP,WE,Federal Contract Tower,0,2,7,1,10,0,0,150,6,156,0,2,157,7,166,172,0,172,338
01/11/2015,SDM,CA,AWP,WE,Federal Contract Tower,0,10,9,3,22,0,0,0,0,0,0,10,9,3,22,0,0,0,22
01/12/2015,SDM,CA,AWP,WE,Federal Contract Tower,0,2,14,4,20,0,0,34,2,36,0,2,48,6,56,90,6,96,152
01/13/2015,SDM,CA,AWP,WE,Federal Contract Tower,0,6,10,1,17,0,0,43,1,44,0,6,53,2,61,90,0,90,151
01/14/2015,SDM,CA,AWP,WE,Federal Contract Tower,0,4,16,0,20,0,0,61,12,73,0,4,77,12,93,92,12,104,197
01/15/2015,SDM,CA,AWP,WE,Federal Contract Tower,0,5,15,1,21,0,1,80,5,86,0,6,95,6,107,229,20,249,356
01/16/2015,SDM,CA,AWP,WE,Federal Contract Tower,0,9,15,8,32,0,0,74,6,80,0,9,89,14,112,99,0,99,211
01/17/2015,SDM,CA,AWP,WE,Federal Contract Tower,0,5,7,5,17,0,0,131,11,142,0,5,138,16,159,266,0,266,425
01/18/2015,SDM,CA,AWP,WE,Federal Contract Tower,0,1,11,2,14,0,0,72,6,78,0,1,83,8,92,198,0,198,290
01/19/2015,SDM,CA,AWP,WE,Federal Contract Tower,0,4,13,2,19,0,0,78,0,78,0,4,91,2,97,174,0,174,271
01/20/2015,SDM,CA,AWP,WE,Federal Contract Tower,0,2,13,0,15,0,0,38,2,40,0,2,51,2,55,66,18,84,139
01/21/2015,SDM,CA,AWP,WE,Federal Contract Tower,0,5,7,0,12,0,0,72,4,76,0,5,79,4,88,148,16,164,252
01/22/2015,SDM,CA,AWP,WE,Federal Contract Tower,0,8,20,0,28,0,0,80,6,86,0,8,100,6,114,208,8,216,330
01/23/2015,SDM,CA,AWP,WE,Federal Contract Tower,0,9,20,9,38,0,0,86,7,93,0,9,106,16,131,246,14,260,391
01/24/2015,SDM,CA,AWP,WE,Federal Contract Tower,0,2,11,3,16,0,0,89,3,92,0,2,100,6,108,214,0,214,322
01/25/2015,SDM,CA,AWP,WE,Federal Contract Tower,0,2,19,9,30,0,0,98,12,110,0,2,117,21,140,158,58,216,356
01/26/2015,SDM,CA,AWP,WE,Federal Contract Tower,0,4,5,0,9,0,0,35,1,36,0,4,40,1,45,26,0,26,71
01/27/2015,SDM,CA,AWP,WE,Federal Contract Tower,0,3,21,3,27,0,0,57,4,61,0,3,78,7,88,178,18,196,284
01/28/2015,SDM,CA,AWP,WE,Federal Contract Tower,0,4,13,1,18,0,0,50,2,52,0,4,63,3,70,94,28,122,192
01/29/2015,SDM,CA,AWP,WE,Federal Contract Tower,0,3,27,1,31,0,0,43,4,47,0,3,70,5,78,70,26,96,174
01/30/2015,SDM,CA,AWP,WE,Federal Contract Tower,0,6,13,5,24,0,1,29,10,40,0,7,42,15,64,48,16,64,128
01/31/2015,SDM,CA,AWP,WE,Federal Contract Tower,0,7,8,4,19,0,0,76,13,89,0,7,84,17,108,142,2,144,252
02/01/2015,SDM,CA,AWP,WE,Federal Contract Tower,0,2,19,0,21,0,0,60,3,63,0,2,79,3,84,106,0,106,190
02/02/2015,SDM,CA,AWP,WE,Federal Contract Tower,0,4,24,0,28,0,0,62,3,65,0,4,86,3,93,86,4,90,183
02/03/2015,SDM,CA,AWP,WE,Federal Contract Tower,0,6,12,0,18,0,0,59,1,60,0,6,71,1,78,122,22,144,222
02/04/2015,SDM,CA,AWP,WE,Federal Contract Tower,0,0,10,0,10,0,0,50,8,58,0,0,60,8,68,68,24,92,160
02/05/2015,SDM,CA,AWP,WE,Federal Contract Tower,0,4,16,4,24,0,0,82,4,86,0,4,98,8,110,115,6,121,231
02/06/2015,SDM,CA,AWP,WE,Federal Contract Tower,0,9,17,3,29,0,0,74,10,84,0,9,91,13,113,69,0,69,182
02/07/2015,SDM,CA,AWP,WE,Federal Contract Tower,0,2,9,3,14,0,0,99,3,102,0,2,108,6,116,142,2,144,260
02/08/2015,SDM,CA,AWP,WE,Federal Contract Tower,0,6,18,6,30,0,1,77,5,83,0,7,95,11,113,78,0,78,191
02/09/2015,SDM,CA,AWP,WE,Federal Contract Tower,0,8,11,2,21,0,0,47,4,51,0,8,58,6,72,44,30,74,146
02/10/2015,SDM,CA,AWP,WE,Federal Contract Tower,0,5,6,1,12,0,0,78,14,92,0,5,84,15,104,160,18,178,282
02/11/2015,SDM,CA,AWP,WE,Federal Contract Tower,0,1,17,2,20,0,0,50,7,57,0,1,67,9,77,94,11,105,182
02/12/2015,SDM,CA,AWP,WE,Federal Contract Tower,0,5,15,0,20,0,0,24,5,29,0,5,39,5,49,46,16,62,111
02/13/2015,SDM,CA,AWP,WE,Federal Contract Tower,0,10,14,3,27,0,0,65,3,68,0,10,79,6,95,96,2,98,193
02/14/2015,SDM,CA,AWP,WE,Federal Contract Tower,0,7,16,3,26,0,1,139,5,145,0,8,155,8,171,171,0,171,342
02/15/2015,SDM,CA,AWP,WE,Federal Contract Tower,0,6,22,4,32,0,0,105,7,112,0,6,127,11,144,140,0,140,284
02/16/2015,SDM,CA,AWP,WE,Federal Contract Tower,0,8,34,5,47,0,0,73,4,77,0,8,107,9,124,147,0,147,271
02/17/2015,SDM,CA,AWP,WE,Federal Contract Tower,0,2,22,5,29,0,0,59,4,63,0,2,81,9,92,208,18,226,318
02/18/2015,SDM,CA,AWP,WE,Federal Contract Tower,0,5,24,6,35,0,0,84,9,93,0,5,108,15,128,202,0,202,330
02/19/2015,SDM,CA,AWP,WE,Federal Contract Tower,0,4,13,4,21,0,0,51,5,56,0,4,64,9,77,112,0,112,189
02/20/2015,SDM,CA,AWP,WE,Federal Contract Tower,0,8,18,5,31,0,1,36,3,40,0,9,54,8,71,105,0,105,176
02/21/2015,SDM,CA,AWP,WE,Federal Contract Tower,0,3,18,3,24,0,0,241,2,243,0,3,259,5,267,62,6,68,335
02/22/2015,SDM,CA,AWP,WE,Federal Contract Tower,0,4,16,8,28,0,0,28,0,28,0,4,44,8,56,28,0,28,84
02/23/2015,SDM,CA,AWP,WE,Federal Contract Tower,0,6,8,5,19,0,0,33,6,39,0,6,41,11,58,66,10,76,134
02/24/2015,SDM,CA,AWP,WE,Federal Contract Tower,0,4,13,7,24,0,0,65,2,67,0,4,78,9,91,162,0,162,253
02/25/2015,SDM,CA,AWP,WE,Federal Contract Tower,0,7,17,7,31,0,0,67,8,75,0,7,84,15,106,184,2,186,292
02/26/2015,SDM,CA,AWP,WE,Federal Contract Tower,0,1,23,4,28,0,0,33,0,33,0,1,56,4,61,98,0,98,159
02/27/2015,SDM,CA,AWP,WE,Federal Contract Tower,0,7,14,8,29,0,0,41,8,49,0,7,55,16,78,84,52,136,214
02/28/2015,SDM,CA,AWP,WE,Federal Contract Tower,0,3,20,2,25,0,0,41,2,43,0,3,61,4,68,70,0,70,138
03/01/2015,SDM,CA,AWP,WE,Federal Contract Tower,0,7,29,2,38,0,0,7,0,7,0,7,36,2,45,8,0,8,53
03/02/2015,SDM,CA,AWP,WE,Federal Contract Tower,0,3,10,6,19,0,0,20,1,21,0,3,30,7,40,44,0,44,84
03/03/2015,SDM,CA,AWP,WE,Federal Contract Tower,0,6,6,6,18,0,2,87,4,93,0,8,93,10,111,184,22,206,317
03/04/2015,SDM,CA,AWP,WE,Federal Contract Tower,0,8,7,3,18,0,0,80,4,84,0,8,87,7,102,186,28,214,316
03/05/2015,SDM,CA,AWP,WE,Federal Contract Tower,0,6,17,4,27,0,0,81,2,83,0,6,98,6,110,126,12,138,248
03/06/2015,SDM,CA,AWP,WE,Federal Contract Tower,2,9,14,11,36,0,0,85,8,93,2,9,99,19,129,196,16,212,341
03/07/2015,SDM,CA,AWP,WE,Federal Contract Tower,0,3,14,4,21,0,0,100,7,107,0,3,114,11,128,206,0,206,334
03/08/2015,SDM,CA,AWP,WE,Federal Contract Tower,0,3,21,2,26,0,0,96,11,107,0,3,117,13,133,238,0,238,371
03/09/2015,SDM,CA,AWP,WE,Federal Contract Tower,0,2,27,3,32,0,0,62,0,62,0,2,89,3,94,156,0,156,250
03/10/2015,SDM,CA,AWP,WE,Federal Contract Tower,0,2,16,4,22,0,0,77,13,90,0,2,93,17,112,124,18,142,254
03/11/2015,SDM,CA,AWP,WE,Federal Contract Tower,0,5,20,6,31,0,0,67,6,73,0,5,87,12,104,118,30,148,252
03/12/2015,SDM,CA,AWP,WE,Federal Contract Tower,0,6,20,4,30,0,0,75,2,77,0,6,95,6,107,182,2,184,291
03/13/2015,SDM,CA,AWP,WE,Federal Contract Tower,1,3,17,5,26,0,1,53,21,75,1,4,70,26,101,123,16,139,240
03/14/2015,SDM,CA,AWP,WE,Federal Contract Tower,0,1,7,0,8,0,0,142,11,153,0,1,149,11,161,118,0,118,279
03/15/2015,SDM,CA,AWP,WE,Federal Contract Tower,0,10,14,0,24,0,0,72,8,80,0,10,86,8,104,148,6,154,258
03/16/2015,SDM,CA,AWP,WE,Federal Contract Tower,0,3,12,0,15,0,0,68,2,70,0,3,80,2,85,96,8,104,189
03/17/2015,SDM,CA,AWP,WE,Federal Contract Tower,0,4,3,0,7,0,0,75,2,77,0,4,78,2,84,134,0,134,218
03/18/2015,SDM,CA,AWP,WE,Federal Contract Tower,0,0,27,0,27,0,0,51,2,53,0,0,78,2,80,164,0,164,244
03/19/2015,SDM,CA,AWP,WE,Federal Contract Tower,0,2,11,0,13,0,1,53,2,56,0,3,64,2,69,156,4,160,229
03/20/2015,SDM,CA,AWP,WE,Federal Contract Tower,0,2,18,1,21,0,0,90,7,97,0,2,108,8,118,180,6,186,304
03/21/2015,SDM,CA,AWP,WE,Federal Contract Tower,0,5,19,1,25,0,0,103,1,104,0,5,122,2,129,150,0,150,279
03/22/2015,SDM,CA,AWP,WE,Federal Contract Tower,0,5,17,0,22,0,0,85,10,95,0,5,102,10,117,198,68,266,383
03/23/2015,SDM,CA,AWP,WE,Federal Contract Tower,0,4,19,0,23,0,0,52,4,56,0,4,71,4,79,110,4,114,193
03/24/2015,SDM,CA,AWP,WE,Federal Contract Tower,0,0,8,0,8,0,0,70,2,72,0,0,78,2,80,90,0,90,170
03/25/2015,SDM,CA,AWP,WE,Federal Contract Tower,0,9,22,0,31,0,0,69,0,69,0,9,91,0,100,156,0,156,256
03/26/2015,SDM,CA,AWP,WE,Federal Contract Tower,0,6,19,0,25,0,0,64,5,69,0,6,83,5,94,186,14,200,294
03/27/2015,SDM,CA,AWP,WE,Federal Contract Tower,0,12,25,1,38,0,0,75,5,80,0,12,100,6,118,140,0,140,258
03/28/2015,SDM,CA,AWP,WE,Federal Contract Tower,1,10,16,4,31,0,0,102,6,108,1,10,118,10,139,238,6,244,383
03/29/2015,SDM,CA,AWP,WE,Federal Contract Tower,1,6,16,2,25,0,0,82,5,87,1,6,98,7,112,130,0,130,242
03/30/2015,SDM,CA,AWP,WE,Federal Contract Tower,0,5,19,1,25,0,0,65,1,66,0,5,84,2,91,158,0,158,249
03/31/2015,SDM,CA,AWP,WE,Federal Contract Tower,0,7,25,1,33,0,2,75,0,77,0,9,100,1,110,178,0,178,288
04/01/2015,SDM,CA,AWP,WE,Federal Contract Tower,0,4,13,1,18,0,0,59,4,63,0,4,72,5,81,114,8,122,203
04/02/2015,SDM,CA,AWP,WE,Federal Contract Tower,0,11,16,0,27,0,0,72,2,74,0,11,88,2,101,142,8,150,251
04/03/2015,SDM,CA,AWP,WE,Federal Contract Tower,0,7,17,0,24,0,0,65,3,68,0,7,82,3,92,209,18,227,319
04/04/2015,SDM,CA,AWP,WE,Federal Contract Tower,0,4,11,0,15,0,0,99,0,99,0,4,110,0,114,210,0,210,324
04/05/2015,SDM,CA,AWP,WE,Federal Contract Tower,0,14,16,0,30,0,2,50,0,52,0,16,66,0,82,48,0,48,130
04/06/2015,SDM,CA,AWP,WE,Federal Contract Tower,0,7,16,0,23,0,0,68,6,74,0,7,84,6,97,102,14,116,213
04/07/2015,SDM,CA,AWP,WE,Federal Contract Tower,0,5,11,0,16,0,0,59,2,61,0,5,70,2,77,130,0,130,207
04/08/2015,SDM,CA,AWP,WE,Federal Contract Tower,0,3,19,0,22,0,0,61,4,65,0,3,80,4,87,114,16,130,217
04/09/2015,SDM,CA,AWP,WE,Federal Contract Tower,0,0,12,0,12,0,0,83,4,87,0,0,95,4,99,164,10,174,273
04/10/2015,SDM,CA,AWP,WE,Federal Contract Tower,0,4,24,5,33,0,0,100,2,102,0,4,124,7,135,169,0,169,304
04/11/2015,SDM,CA,AWP,WE,Federal Contract Tower,0,6,29,2,37,0,0,142,3,145,0,6,171,5,182,244,0,244,426
04/12/2015,SDM,CA,AWP,WE,Federal Contract Tower,0,2,30,2,34,0,0,122,3,125,0,2,152,5,159,186,0,186,345
04/13/2015,SDM,CA,AWP,WE,Federal Contract Tower,0,3,25,0,28,0,1,82,2,85,0,4,107,2,113,126,10,136,249
04/14/2015,SDM,CA,AWP,WE,Federal Contract Tower,0,7,24,0,31,0,0,96,2,98,0,7,120,2,129,148,0,148,277
04/15/2015,SDM,CA,AWP,WE,Federal Contract Tower,0,4,36,0,40,0,0,78,4,82,0,4,114,4,122,136,0,136,258
04/16/2015,SDM,CA,AWP,WE,Federal Contract Tower,0,3,10,0,13,0,0,62,2,64,0,3,72,2,77,80,2,82,159
04/17/2015,SDM,CA,AWP,WE,Federal Contract Tower,0,6,21,5,32,0,0,77,8,85,0,6,98,13,117,128,80,208,325
04/18/2015,SDM,CA,AWP,WE,Federal Contract Tower,0,5,15,0,20,0,0,98,9,107,0,5,113,9,127,184,0,184,311
04/19/2015,SDM,CA,AWP,WE,Federal Contract Tower,0,9,20,1,30,0,0,96,4,100,0,9,116,5,130,118,0,118,248
04/20/2015,SDM,CA,AWP,WE,Federal Contract Tower,0,6,25,0,31,0,0,74,0,74,0,6,99,0,105,136,0,136,241
04/21/2015,SDM,CA,AWP,WE,Federal Contract Tower,0,8,10,0,18,0,0,62,3,65,0,8,72,3,83,80,26,106,189
04/22/2015,SDM,CA,AWP,WE,Federal Contract Tower,0,6,19,0,25,0,0,42,2,44,0,6,61,2,69,102,6,108,177
04/23/2015,SDM,CA,AWP,WE,Federal Contract Tower,0,3,24,0,27,0,0,36,0,36,0,3,60,0,63,218,2,220,283
04/24/2015,SDM,CA,AWP,WE,Federal Contract Tower,0,7,22,4,33,0,0,24,2,26,0,7,46,6,59,72,4,76,135
04/25/2015,SDM,CA,AWP,WE,Federal Contract Tower,2,4,8,1,15,0,0,48,5,53,2,4,56,6,68,102,24,126,194
04/26/2015,SDM,CA,AWP,WE,Federal Contract Tower,0,3,28,2,33,0,0,90,6,96,0,3,118,8,129,172,14,186,315
04/27/2015,SDM,CA,AWP,WE,Federal Contract Tower,0,2,19,3,24,0,0,74,3,77,0,2,93,6,101,174,0,174,275
04/28/2015,SDM,CA,AWP,WE,Federal Contract Tower,0,9,18,1,28,0,0,93,1,94,0,9,111,2,122,230,0,230,352
04/29/2015,SDM,CA,AWP,WE,Federal Contract Tower,0,7,28,1,36,0,0,69,4,73,0,7,97,5,109,160,2,162,271
04/30/2015,SDM,CA,AWP,WE,Federal Contract Tower,0,0,15,0,15,0,0,86,0,86,0,0,101,0,101,172,0,172,273
05/01/2015,SDM,CA,AWP,WE,Federal Contract Tower,0,6,22,1,29,0,0,71,0,71,0,6,93,1,100,127,0,127,227
05/02/2015,SDM,CA,AWP,WE,Federal Contract Tower,0,1,12,1,14,0,0,122,0,122,0,1,134,1,136,142,0,142,278
05/03/2015,SDM,CA,AWP,WE,Federal Contract Tower,0,5,28,1,34,0,0,78,0,78,0,5,106,1,112,72,0,72,184
05/04/2015,SDM,CA,AWP,WE,Federal Contract Tower,0,3,17,0,20,0,1,35,0,36,0,4,52,0,56,102,0,102,158
05/05/2015,SDM,CA,AWP,WE,Federal Contract Tower,0,6,18,1,25,0,0,58,66,124,0,6,76,67,149,102,0,102,251
05/06/2015,SDM,CA,AWP,WE,Federal Contract Tower,0,1,33,0,34,0,0,50,2,52,0,1,83,2,86,100,20,120,206
05/07/2015,SDM,CA,AWP,WE,Federal Contract Tower,0,6,13,0,19,0,0,36,2,38,0,6,49,2,57,124,20,144,201
05/08/2015,SDM,CA,AWP,WE,Federal Contract Tower,0,4,9,0,13,0,0,16,4,20,0,4,25,4,33,10,80,90,123
05/09/2015,SDM,CA,AWP,WE,Federal Contract Tower,0,3,21,0,24,0,0,91,0,91,0,3,112,0,115,96,0,96,211
05/10/2015,SDM,CA,AWP,WE,Federal Contract Tower,0,3,11,0,14,0,0,81,0,81,0,3,92,0,95,77,0,77,172
05/11/2015,SDM,CA,AWP,WE,Federal Contract Tower,0,7,20,0,27,0,0,74,0,74,0,7,94,0,101,150,0,150,251
05/12/2015,SDM,CA,AWP,WE,Federal Contract Tower,0,2,19,0,21,0,0,57,0,57,0,2,76,0,78,196,0,196,274
05/13/2015,SDM,CA,AWP,WE,Federal Contract Tower,0,3,13,8,24,0,0,73,1,74,0,3,86,9,98,94,12,106,204
05/14/2015,SDM,CA,AWP,WE,Federal Contract Tower,0,7,18,7,32,0,1,43,0,44,0,8,61,7,76,82,0,82,158
05/15/2015,SDM,CA,AWP,WE,Federal Contract Tower,0,7,16,5,28,0,0,7,2,9,0,7,23,7,37,4,8,12,49
05/16/2015,SDM,CA,AWP,WE,Federal Contract Tower,1,1,12,0,14,0,0,79,0,79,1,1,91,0,93,84,0,84,177
05/17/2015,SDM,CA,AWP,WE,Federal Contract Tower,0,12,24,1,37,0,0,105,4,109,0,12,129,5,146,106,34,140,286
05/18/2015,SDM,CA,AWP,WE,Federal Contract Tower,1,3,18,3,25,0,0,70,4,74,1,3,88,7,99,120,10,130,229
05/19/2015,SDM,CA,AWP,WE,Federal Contract Tower,0,3,12,2,17,0,1,52,4,57,0,4,64,6,74,176,4,180,254
05/20/2015,SDM,CA,AWP,WE,Federal Contract Tower,0,5,27,4,36,0,0,62,6,68,0,5,89,10,104,140,24,164,268
05/21/2015,SDM,CA,AWP,WE,Federal Contract Tower,0,8,29,5,42,0,0,37,2,39,0,8,66,7,81,140,0,140,221
05/22/2015,SDM,CA,AWP,WE,Federal Contract Tower,0,6,33,2,41,0,0,50,3,53,0,6,83,5,94,168,0,168,262
05/23/2015,SDM,CA,AWP,WE,Federal Contract Tower,1,2,22,2,27,0,0,104,3,107,1,2,126,5,134,159,2,161,295
05/24/2015,SDM,CA,AWP,WE,Federal Contract Tower,0,5,15,2,22,0,0,49,3,52,0,5,64,5,74,92,0,92,166
05/25/2015,SDM,CA,AWP,WE,Federal Contract Tower,0,9,50,1,60,0,0,9,2,11,0,9,59,3,71,52,0,52,123
05/26/2015,SDM,CA,AWP,WE,Federal Contract Tower,0,5,32,1,38,0,0,26,2,28,0,5,58,3,66,10,2,12,78
05/27/2015,SDM,CA,AWP,WE,Federal Contract Tower,0,2,17,1,20,0,0,38,4,42,0,2,55,5,62,70,0,70,132
05/28/2015,SDM,CA,AWP,WE,Federal Contract Tower,0,6,20,0,26,0,0,77,2,79,0,6,97,2,105,190,120,310,415
05/29/2015,SDM,CA,AWP,WE,Federal Contract Tower,0,1,20,1,22,0,0,86,5,91,0,1,106,6,113,267,20,287,400
05/30/2015,SDM,CA,AWP,WE,Federal Contract Tower,2,3,24,4,33,0,0,132,0,132,2,3,156,4,165,193,0,193,358
05/31/2015,SDM,CA,AWP,WE,Federal Contract Tower,0,7,23,1,31,0,1,87,1,89,0,8,110,2,120,158,0,158,278
06/01/2015,SDM,CA,AWP,WE,Federal Contract Tower,0,2,24,0,26,0,0,71,0,71,0,2,95,0,97,122,0,122,219
06/02/2015,SDM,CA,AWP,WE,Federal Contract Tower,0,1,16,0,17,0,0,61,0,61,0,1,77,0,78,182,0,182,260
06/03/2015,SDM,CA,AWP,WE,Federal Contract Tower,0,9,24,0,33,0,0,83,0,83,0,9,107,0,116,204,0,204,320
06/04/2015,SDM,CA,AWP,WE,Federal Contract Tower,0,2,21,0,23,0,0,70,4,74,0,2,91,4,97,140,12,152,249
06/05/2015,SDM,CA,AWP,WE,Federal Contract Tower,0,1,15,1,17,0,0,68,7,75,0,1,83,8,92,81,12,93,185
06/06/2015,SDM,CA,AWP,WE,Federal Contract Tower,0,2,19,1,22,0,2,153,5,160,0,4,172,6,182,176,0,176,358
06/07/2015,SDM,CA,AWP,WE,Federal Contract Tower,0,5,15,0,20,0,0,108,3,111,0,5,123,3,131,148,0,148,279
06/08/2015,SDM,CA,AWP,WE,Federal Contract Tower,0,6,15,1,22,0,0,67,12,79,0,6,82,13,101,156,24,180,281
06/09/2015,SDM,CA,AWP,WE,Federal Contract Tower,0,3,17,1,21,0,0,63,7,70,0,3,80,8,91,120,0,120,211
06/10/2015,SDM,CA,AWP,WE,Federal Contract Tower,0,10,19,2,31,0,0,28,5,33,0,10,47,7,64,28,12,40,104
06/11/2015,SDM,CA,AWP,WE,Federal Contract Tower,0,3,24,4,31,0,0,27,0,27,0,3,51,4,58,50,0,50,108
06/12/2015,SDM,CA,AWP,WE,Federal Contract Tower,0,1,24,2,27,0,0,15,0,15,0,1,39,2,42,60,0,60,102
06/13/2015,SDM,CA,AWP,WE,Federal Contract Tower,0,3,26,1,30,0,0,72,0,72,0,3,98,1,102,84,0,84,186
06/14/2015,SDM,CA,AWP,WE,Federal Contract Tower,0,3,23,1,27,0,0,93,0,93,0,3,116,1,120,86,0,86,206
06/15/2015,SDM,CA,AWP,WE,Federal Contract Tower,0,3,21,4,28,0,0,91,3,94,0,3,112,7,122,114,4,118,240
06/16/2015,SDM,CA,AWP,WE,Federal Contract Tower,0,1,18,3,22,0,0,66,6,72,0,1,84,9,94,155,14,169,263
06/17/2015,SDM,CA,AWP,WE,Federal Contract Tower,0,7,17,1,25,0,0,86,6,92,0,7,103,7,117,257,34,291,408
06/18/2015,SDM,CA,AWP,WE,Federal Contract Tower,0,7,26,4,37,0,0,105,5,110,0,7,131,9,147,162,6,168,315
06/19/2015,SDM,CA,AWP,WE,Federal Contract Tower,0,5,18,5,28,0,0,110,3,113,0,5,128,8,141,224,6,230,371
06/20/2015,SDM,CA,AWP,WE,Federal Contract Tower,0,3,20,0,23,0,0,126,6,132,0,3,146,6,155,228,0,228,383
06/21/2015,SDM,CA,AWP,WE,Federal Contract Tower,0,3,20,4,27,0,0,44,1,45,0,3,64,5,72,114,0,114,186
06/22/2015,SDM,CA,AWP,WE,Federal Contract Tower,0,3,13,0,16,0,0,72,4,76,0,3,85,4,92,194,0,194,286
06/23/2015,SDM,CA,AWP,WE,Federal Contract Tower,0,8,12,1,21,0,1,85,6,92,0,9,97,7,113,188,10,198,311
06/24/2015,SDM,CA,AWP,WE,Federal Contract Tower,0,10,21,0,31,0,0,114,4,118,0,10,135,4,149,338,0,338,487
06/25/2015,SDM,CA,AWP,WE,Federal Contract Tower,0,2,19,0,21,0,0,95,2,97,0,2,114,2,118,277,20,297,415
06/26/2015,SDM,CA,AWP,WE,Federal Contract Tower,0,4,19,7,30,0,0,104,7,111,0,4,123,14,141,230,25,255,396
06/27/2015,SDM,CA,AWP,WE,Federal Contract Tower,0,7,12,0,19,0,0,83,0,83,0,7,95,0,102,240,0,240,342
06/28/2015,SDM,CA,AWP,WE,Federal Contract Tower,0,3,25,1,29,0,0,67,3,70,0,3,92,4,99,98,0,98,197
06/29/2015,SDM,CA,AWP,WE,Federal Contract Tower,0,7,15,0,22,0,0,79,0,79,0,7,94,0,101,180,0,180,281
06/30/2015,SDM,CA,AWP,WE,Federal Contract Tower,0,3,18,0,21,0,1,46,2,49,0,4,64,2,70,112,0,112,182
07/01/2015,SDM,CA,AWP,WE,Federal Contract Tower,0,2,13,1,16,0,0,55,2,57,0,2,68,3,73,156,12,168,241
07/02/2015,SDM,CA,AWP,WE,Federal Contract Tower,0,4,24,2,30,0,1,70,4,75,0,5,94,6,105,165,18,183,288
07/03/2015,SDM,CA,AWP,WE,Federal Contract Tower,0,2,17,0,19,0,0,101,0,101,0,2,118,0,120,178,0,178,298
07/04/2015,SDM,CA,AWP,WE,Federal Contract Tower,0,5,9,0,14,0,0,69,0,69,0,5,78,0,83,67,0,67,150
07/05/2015,SDM,CA,AWP,WE,Federal Contract Tower,0,4,22,1,27,0,0,45,0,45,0,4,67,1,72,84,0,84,156
07/06/2015,SDM,CA,AWP,WE,Federal Contract Tower,0,5,15,1,21,0,0,24,0,24,0,5,39,1,45,68,0,68,113
07/07/2015,SDM,CA,AWP,WE,Federal Contract Tower,0,7,23,2,32,0,0,32,3,35,0,7,55,5,67,86,2,88,155
07/08/2015,SDM,CA,AWP,WE,Federal Contract Tower,0,2,28,2,32,0,0,66,4,70,0,2,94,6,102,184,0,184,286
07/09/2015,SDM,CA,AWP,WE,Federal Contract Tower,0,7,21,0,28,0,0,67,0,67,0,7,88,0,95,181,0,181,276
07/10/2015,SDM,CA,AWP,WE,Federal Contract Tower,0,4,19,2,25,0,0,51,5,56,0,4,70,7,81,166,12,178,259
07/11/2015,SDM,CA,AWP,WE,Federal Contract Tower,0,10,14,4,28,0,0,165,3,168,0,10,179,7,196,204,0,204,400
07/12/2015,SDM,CA,AWP,WE,Federal Contract Tower,0,8,14,2,24,0,0,80,5,85,0,8,94,7,109,114,26,140,249
07/13/2015,SDM,CA,AWP,WE,Federal Contract Tower,0,1,14,3,18,0,0,67,1,68,0,1,81,4,86,80,0,80,166
07/14/2015,SDM,CA,AWP,WE,Federal Contract Tower,0,2,12,0,14,0,0,82,4,86,0,2,94,4,100,170,0,170,270
07/15/2015,SDM,CA,AWP,WE,Federal Contract Tower,0,5,17,1,23,0,1,89,7,97,0,6,106,8,120,236,10,246,366
07/16/2015,SDM,CA,AWP,WE,Federal Contract Tower,0,2,18,0,20,0,0,73,0,73,0,2,91,0,93,304,0,304,397
07/17/2015,SDM,CA,AWP,WE,Federal Contract Tower,0,4,21,1,26,0,0,69,10,79,0,4,90,11,105,199,136,335,440
07/18/2015,SDM,CA,AWP,WE,Federal Contract Tower,0,6,10,0,16,0,0,28,0,28,0,6,38,0,44,54,0,54,98
07/19/2015,SDM,CA,AWP,WE,Federal Contract Tower,0,6,13,0,19,0,0,55,1,56,0,6,68,1,75,108,0,108,183
07/20/2015,SDM,CA,AWP,WE,Federal Contract Tower,0,6,6,0,12,0,1,50,0,51,0,7,56,0,63,150,0,150,213
07/21/2015,SDM,CA,AWP,WE,Federal Contract Tower,0,1,14,0,15,0,0,24,6,30,0,1,38,6,45,66,4,70,115
07/22/2015,SDM,CA,AWP,WE,Federal Contract Tower,0,7,18,0,25,0,0,60,6,66,0,7,78,6,91,226,34,260,351
07/23/2015,SDM,CA,AWP,WE,Federal Contract Tower,0,4,10,0,14,0,0,96,5,101,0,4,106,5,115,207,16,223,338
07/24/2015,SDM,CA,AWP,WE,Federal Contract Tower,0,7,8,1,16,0,0,92,3,95,0,7,100,4,111,324,0,324,435
07/25/2015,SDM,CA,AWP,WE,Federal Contract Tower,0,3,14,1,18,0,0,146,4,150,0,3,160,5,168,150,0,150,318
07/26/2015,SDM,CA,AWP,WE,Federal Contract Tower,0,1,25,0,26,0,0,92,1,93,0,1,117,1,119,228,6,234,353
07/27/2015,SDM,CA,AWP,WE,Federal Contract Tower,1,2,7,1,11,0,0,86,1,87,1,2,93,2,98,269,0,269,367
07/28/2015,SDM,CA,AWP,WE,Federal Contract Tower,0,5,10,0,15,0,0,94,0,94,0,5,104,0,109,122,0,122,231
07/29/2015,SDM,CA,AWP,WE,Federal Contract Tower,0,11,15,0,26,0,0,62,2,64,0,11,77,2,90,138,10,148,238
07/30/2015,SDM,CA,AWP,WE,Federal Contract Tower,0,4,9,0,13,0,0,83,4,87,0,4,92,4,100,242,14,256,356
07/31/2015,SDM,CA,AWP,WE,Federal Contract Tower,0,3,12,1,16,0,0,86,2,88,0,3,98,3,104,287,0,287,391
08/01/2015,SDM,CA,AWP,WE,Federal Contract Tower,0,3,21,0,24,0,0,136,15,151,0,3,157,15,175,190,0,190,365
08/02/2015,SDM,CA,AWP,WE,Federal Contract Tower,0,5,21,3,29,0,0,72,0,72,0,5,93,3,101,114,0,114,215
08/03/2015,SDM,CA,AWP,WE,Federal Contract Tower,0,8,17,0,25,0,0,87,2,89,0,8,104,2,114,212,0,212,326
08/04/2015,SDM,CA,AWP,WE,Federal Contract Tower,0,7,19,0,26,0,0,96,4,100,0,7,115,4,126,208,4,212,338
08/05/2015,SDM,CA,AWP,WE,Federal Contract Tower,2,8,19,1,30,0,1,72,7,80,2,9,91,8,110,199,30,229,339
08/06/2015,SDM,CA,AWP,WE,Federal Contract Tower,0,8,19,0,27,0,0,127,0,127,0,8,146,0,154,282,0,282,436
08/07/2015,SDM,CA,AWP,WE,Federal Contract Tower,0,9,11,2,22,0,0,86,6,92,0,9,97,8,114,250,6,256,370
08/08/2015,SDM,CA,AWP,WE,Federal Contract Tower,0,5,11,10,26,0,1,184,3,188,0,6,195,13,214,202,0,202,416
08/09/2015,SDM,CA,AWP,WE,Federal Contract Tower,0,11,11,6,28,0,2,77,7,86,0,13,88,13,114,138,0,138,252
08/10/2015,SDM,CA,AWP,WE,Federal Contract Tower,0,6,12,0,18,0,0,92,2,94,0,6,104,2,112,140,8,148,260
08/11/2015,SDM,CA,AWP,WE,Federal Contract Tower,0,1,14,2,17,0,0,75,6,81,0,1,89,8,98,194,28,222,320
08/12/2015,SDM,CA,AWP,WE,Federal Contract Tower,1,1,12,0,14,0,0,77,48,125,1,1,89,48,139,76,0,76,215
08/13/2015,SDM,CA,AWP,WE,Federal Contract Tower,0,1,19,0,20,0,0,102,0,102,0,1,121,0,122,234,0,234,356
08/14/2015,SDM,CA,AWP,WE,Federal Contract Tower,0,10,11,2,23,0,1,72,3,76,0,11,83,5,99,216,4,220,319
08/15/2015,SDM,CA,AWP,WE,Federal Contract Tower,0,4,10,0,14,0,0,136,3,139,0,4,146,3,153,264,0,264,417
08/16/2015,SDM,CA,AWP,WE,Federal Contract Tower,0,4,8,0,12,0,0,67,1,68,0,4,75,1,80,128,0,128,208
08/17/2015,SDM,CA,AWP,WE,Federal Contract Tower,0,4,11,0,15,0,0,50,0,50,0,4,61,0,65,164,0,164,229
08/18/2015,SDM,CA,AWP,WE,Federal Contract Tower,1,4,6,0,11,0,0,83,2,85,1,4,89,2,96,138,0,138,234
08/19/2015,SDM,CA,AWP,WE,Federal Contract Tower,0,6,23,0,29,0,0,54,2,56,0,6,77,2,85,137,4,141,226
08/20/2015,SDM,CA,AWP,WE,Federal Contract Tower,1,3,12,0,16,0,1,74,0,75,1,4,86,0,91,116,0,116,207
08/21/2015,SDM,CA,AWP,WE,Federal Contract Tower,1,2,11,5,19,0,0,68,0,68,1,2,79,5,87,220,0,220,307
08/22/2015,SDM,CA,AWP,WE,Federal Contract Tower,0,2,3,5,10,0,0,85,0,85,0,2,88,5,95,276,0,276,371
08/23/2015,SDM,CA,AWP,WE,Federal Contract Tower,0,12,15,3,30,0,0,52,4,56,0,12,67,7,86,242,0,242,328
08/24/2015,SDM,CA,AWP,WE,Federal Contract Tower,1,4,22,0,27,0,0,54,1,55,1,4,76,1,82,162,0,162,244
08/25/2015,SDM,CA,AWP,WE,Federal Contract Tower,0,3,5,0,8,0,0,35,8,43,0,3,40,8,51,84,10,94,145
08/26/2015,SDM,CA,AWP,WE,Federal Contract Tower,1,5,17,0,23,0,0,74,4,78,1,5,91,4,101,236,38,274,375
08/27/2015,SDM,CA,AWP,WE,Federal Contract Tower,1,14,12,0,27,0,0,62,8,70,1,14,74,8,97,210,10,220,317
08/28/2015,SDM,CA,AWP,WE,Federal Contract Tower,2,10,11,2,25,0,0,98,2,100,2,10,109,4,125,150,16,166,291
08/29/2015,SDM,CA,AWP,WE,Federal Contract Tower,1,3,6,4,14,0,0,110,0,110,1,3,116,4,124,192,0,192,316
08/30/2015,SDM,CA,AWP,WE,Federal Contract Tower,0,4,15,0,19,0,0,77,3,80,0,4,92,3,99,94,0,94,193
08/31/2015,SDM,CA,AWP,WE,Federal Contract Tower,0,8,17,1,26,0,0,58,3,61,0,8,75,4,87,114,6,120,207
09/01/2015,SDM,CA,AWP,WE,Federal Contract Tower,0,4,11,0,15,0,0,83,2,85,0,4,94,2,100,294,0,294,394
09/02/2015,SDM,CA,AWP,WE,Federal Contract Tower,2,4,11,0,17,0,0,72,2,74,2,4,83,2,91,162,0,162,253
09/03/2015,SDM,CA,AWP,WE,Federal Contract Tower,1,4,5,1,11,0,0,75,0,75,1,4,80,1,86,210,0,210,296
09/04/2015,SDM,CA,AWP,WE,Federal Contract Tower,1,4,13,6,24,0,0,75,0,75,1,4,88,6,99,226,0,226,325
09/05/2015,SDM,CA,AWP,WE,Federal Contract Tower,0,2,5,5,12,0,0,114,4,118,0,2,119,9,130,185,0,185,315
09/06/2015,SDM,CA,AWP,WE,Federal Contract Tower,2,7,10,0,19,0,0,88,0,88,2,7,98,0,107,148,0,148,255
09/07/2015,SDM,CA,AWP,WE,Federal Contract Tower,3,4,16,0,23,0,0,80,0,80,3,4,96,0,103,112,0,112,215
09/08/2015,SDM,CA,AWP,WE,Federal Contract Tower,2,6,8,0,16,0,0,70,1,71,2,6,78,1,87,152,2,154,241
09/09/2015,SDM,CA,AWP,WE,Federal Contract Tower,1,9,10,0,20,0,0,61,4,65,1,9,71,4,85,154,14,168,253
09/10/2015,SDM,CA,AWP,WE,Federal Contract Tower,3,3,12,0,18,0,0,47,0,47,3,3,59,0,65,178,0,178,243
09/11/2015,SDM,CA,AWP,WE,Federal Contract Tower,4,5,12,2,23,0,0,61,2,63,4,5,73,4,86,183,6,189,275
09/12/2015,SDM,CA,AWP,WE,Federal Contract Tower,2,4,5,2,13,0,0,129,3,132,2,4,134,5,145,188,0,188,333
09/13/2015,SDM,CA,AWP,WE,Federal Contract Tower,0,2,12,4,18,0,0,53,6,59,0,2,65,10,77,110,36,146,223
09/14/2015,SDM,CA,AWP,WE,Federal Contract Tower,2,0,10,0,12,0,0,53,1,54,2,0,63,1,66,130,0,130,196
09/15/2015,SDM,CA,AWP,WE,Federal Contract Tower,2,10,10,0,22,0,0,7,0,7,2,10,17,0,29,30,0,30,59
09/16/2015,SDM,CA,AWP,WE,Federal Contract Tower,3,6,16,0,25,0,0,59,0,59,3,6,75,0,84,152,0,152,236
09/17/2015,SDM,CA,AWP,WE,Federal Contract Tower,2,4,23,3,32,0,0,90,6,96,2,4,113,9,128,222,14,236,364
09/18/2015,SDM,CA,AWP,WE,Federal Contract Tower,3,8,12,13,36,0,0,89,0,89,3,8,101,13,125,262,0,262,387
09/19/2015,SDM,CA,AWP,WE,Federal Contract Tower,5,3,11,7,26,0,0,154,0,154,5,3,165,7,180,208,0,208,388
09/20/2015,SDM,CA,AWP,WE,Federal Contract Tower,2,1,15,3,21,0,0,59,1,60,2,1,74,4,81,82,0,82,163
09/21/2015,SDM,CA,AWP,WE,Federal Contract Tower,2,3,14,0,19,0,0,29,0,29,2,3,43,0,48,64,0,64,112
09/22/2015,SDM,CA,AWP,WE,Federal Contract Tower,0,9,10,0,19,0,0,60,6,66,0,9,70,6,85,130,20,150,235
09/23/2015,SDM,CA,AWP,WE,Federal Contract Tower,0,6,16,0,22,0,0,85,0,85,0,6,101,0,107,156,0,156,263
09/24/2015,SDM,CA,AWP,WE,Federal Contract Tower,2,12,13,1,28,0,0,70,3,73,2,12,83,4,101,212,2,214,315
09/25/2015,SDM,CA,AWP,WE,Federal Contract Tower,1,7,15,2,25,0,0,94,6,100,1,7,109,8,125,285,38,323,448
09/26/2015,SDM,CA,AWP,WE,Federal Contract Tower,1,8,9,1,19,0,0,132,0,132,1,8,141,1,151,217,0,217,368
09/27/2015,SDM,CA,AWP,WE,Federal Contract Tower,1,2,11,4,18,0,0,74,1,75,1,2,85,5,93,122,0,122,215
09/28/2015,SDM,CA,AWP,WE,Federal Contract Tower,0,8,20,0,28,0,0,77,0,77,0,8,97,0,105,182,0,182,287
09/29/2015,SDM,CA,AWP,WE,Federal Contract Tower,3,3,15,0,21,0,0,69,1,70,3,3,84,1,91,104,0,104,195
09/30/2015,SDM,CA,AWP,WE,Federal Contract Tower,1,6,10,0,17,0,0,88,4,92,1,6,98,4,109,262,4,266,375
10/01/2015,SDM,CA,AWP,WE,Federal Contract Tower,2,4,11,0,17,0,0,84,4,88,2,4,95,4,105,170,2,172,277
10/02/2015,SDM,CA,AWP,WE,Federal Contract Tower,5,6,9,0,20,0,0,65,5,70,5,6,74,5,90,161,34,195,285
10/03/2015,SDM,CA,AWP,WE,Federal Contract Tower,1,1,9,0,11,0,0,77,0,77,1,1,86,0,88,224,0,224,312
10/04/2015,SDM,CA,AWP,WE,Federal Contract Tower,0,8,11,0,19,0,0,15,0,15,0,8,26,0,34,40,0,40,74
10/05/2015,SDM,CA,AWP,WE,Federal Contract Tower,0,6,16,0,22,0,0,19,0,19,0,6,35,0,41,18,0,18,59
10/06/2015,SDM,CA,AWP,WE,Federal Contract Tower,1,2,9,0,12,0,0,72,4,76,1,2,81,4,88,234,8,242,330
10/07/2015,SDM,CA,AWP,WE,Federal Contract Tower,3,6,9,3,21,0,0,74,11,85,3,6,83,14,106,260,22,282,388
10/08/2015,SDM,CA,AWP,WE,Federal Contract Tower,3,2,19,1,25,0,0,92,0,92,3,2,111,1,117,248,0,248,365
10/09/2015,SDM,CA,AWP,WE,Federal Contract Tower,2,8,10,3,23,0,0,62,0,62,2,8,72,3,85,182,0,182,267
10/10/2015,SDM,CA,AWP,WE,Federal Contract Tower,2,2,3,2,9,0,0,96,1,97,2,2,99,3,106,233,0,233,339
10/11/2015,SDM,CA,AWP,WE,Federal Contract Tower,0,2,13,4,19,0,0,18,1,19,0,2,31,5,38,0,0,0,38
10/12/2015,SDM,CA,AWP,WE,Federal Contract Tower,0,0,10,4,14,0,0,47,0,47,0,0,57,4,61,114,0,114,175
10/13/2015,SDM,CA,AWP,WE,Federal Contract Tower,0,3,9,3,15,0,0,75,4,79,0,3,84,7,94,266,10,276,370
10/14/2015,SDM,CA,AWP,WE,Federal Contract Tower,0,5,13,1,19,0,0,57,2,59,0,5,70,3,78,242,2,244,322
10/15/2015,SDM,CA,AWP,WE,Federal Contract Tower,0,6,25,0,31,0,0,33,2,35,0,6,58,2,66,126,16,142,208
10/16/2015,SDM,CA,AWP,WE,Federal Contract Tower,0,5,20,0,25,0,0,4,0,4,0,5,24,0,29,0,0,0,29
10/17/2015,SDM,CA,AWP,WE,Federal Contract Tower,0,1,21,0,22,0,0,45,0,45,0,1,66,0,67,30,0,30,97
10/18/2015,SDM,CA,AWP,WE,Federal Contract Tower,0,2,20,0,22,0,0,20,0,20,0,2,40,0,42,64,0,64,106
10/19/2015,SDM,CA,AWP,WE,Federal Contract Tower,0,0,19,0,19,0,0,66,0,66,0,0,85,0,85,204,0,204,289
10/20/2015,SDM,CA,AWP,WE,Federal Contract Tower,0,5,12,0,17,0,0,73,12,85,0,5,85,12,102,286,20,306,408
10/21/2015,SDM,CA,AWP,WE,Federal Contract Tower,0,4,16,1,21,0,0,89,6,95,0,4,105,7,116,358,10,368,484
10/22/2015,SDM,CA,AWP,WE,Federal Contract Tower,0,4,21,0,25,0,0,68,4,72,0,4,89,4,97,168,12,180,277
10/23/2015,SDM,CA,AWP,WE,Federal Contract Tower,0,6,13,4,23,0,0,79,1,80,0,6,92,5,103,325,0,325,428
10/24/2015,SDM,CA,AWP,WE,Federal Contract Tower,1,4,19,0,24,0,0,99,18,117,1,4,118,18,141,190,0,190,331
10/25/2015,SDM,CA,AWP,WE,Federal Contract Tower,0,8,19,5,32,0,0,105,7,112,0,8,124,12,144,108,2,110,254
10/26/2015,SDM,CA,AWP,WE,Federal Contract Tower,0,2,4,3,9,0,0,79,6,85,0,2,83,9,94,230,2,232,326
10/27/2015,SDM,CA,AWP,WE,Federal Contract Tower,0,3,11,0,14,0,0,66,12,78,0,3,77,12,92,298,26,324,416
10/28/2015,SDM,CA,AWP,WE,Federal Contract Tower,0,7,12,5,24,0,0,65,5,70,0,7,77,10,94,185,8,193,287
10/29/2015,SDM,CA,AWP,WE,Federal Contract Tower,0,7,19,5,31,0,0,62,0,62,0,7,81,5,93,108,4,112,205
10/30/2015,SDM,CA,AWP,WE,Federal Contract Tower,0,4,7,12,23,0,0,69,2,71,0,4,76,14,94,156,2,158,252
10/31/2015,SDM,CA,AWP,WE,Federal Contract Tower,0,0,2,2,4,0,0,103,1,104,0,0,105,3,108,211,0,211,319
11/01/2015,SDM,CA,AWP,WE,Federal Contract Tower,0,5,14,4,23,0,0,79,1,80,0,5,93,5,103,88,0,88,191
11/02/2015,SDM,CA,AWP,WE,Federal Contract Tower,0,1,18,3,22,0,0,42,0,42,0,1,60,3,64,88,0,88,152
11/03/2015,SDM,CA,AWP,WE,Federal Contract Tower,0,1,14,7,22,0,0,18,2,20,0,1,32,9,42,40,20,60,102
11/04/2015,SDM,CA,AWP,WE,Federal Contract Tower,0,7,21,6,34,0,0,34,11,45,0,7,55,17,79,150,14,164,243
11/05/2015,SDM,CA,AWP,WE,Federal Contract Tower,0,7,19,5,31,0,1,83,8,92,0,8,102,13,123,253,64,317,440
11/06/2015,SDM,CA,AWP,WE,Federal Contract Tower,0,7,14,9,30,0,0,75,1,76,0,7,89,10,106,148,2,150,256
11/07/2015,SDM,CA,AWP,WE,Federal Contract Tower,0,6,17,5,28,0,0,84,0,84,0,6,101,5,112,132,0,132,244
11/08/2015,SDM,CA,AWP,WE,Federal Contract Tower,0,9,24,4,37,0,0,85,9,94,0,9,109,13,131,130,10,140,271
11/09/2015,SDM,CA,AWP,WE,Federal Contract Tower,0,5,16,2,23,0,0,43,0,43,0,5,59,2,66,94,0,94,160
11/10/2015,SDM,CA,AWP,WE,Federal Contract Tower,1,7,11,8,27,1,0,31,9,41,2,7,42,17,68,114,6,120,188
11/11/2015,SDM,CA,AWP,WE,Federal Contract Tower,3,6,13,5,27,0,0,68,12,80,3,6,81,17,107,192,38,230,337
11/12/2015,SDM,CA,AWP,WE,Federal Contract Tower,1,6,22,9,38,0,3,59,6,68,1,9,81,15,106,160,8,168,274
11/13/2015,SDM,CA,AWP,WE,Federal Contract Tower,0,7,18,10,35,0,0,87,16,103,0,7,105,26,138,255,52,307,445
11/14/2015,SDM,CA,AWP,WE,Federal Contract Tower,1,2,16,9,28,0,0,107,11,118,1,2,123,20,146,201,0,201,347
11/15/2015,SDM,CA,AWP,WE,Federal Contract Tower,0,2,23,19,44,0,0,40,2,42,0,2,63,21,86,106,0,106,192
11/16/2015,SDM,CA,AWP,WE,Federal Contract Tower,0,11,15,2,28,0,0,24,1,25,0,11,39,3,53,22,0,22,75
11/17/2015,SDM,CA,AWP,WE,Federal Contract Tower,1,7,10,3,21,0,0,82,2,84,1,7,92,5,105,244,0,244,349
11/18/2015,SDM,CA,AWP,WE,Federal Contract Tower,1,8,18,2,29,0,0,73,2,75,1,8,91,4,104,124,8,132,236
11/19/2015,SDM,CA,AWP,WE,Federal Contract Tower,2,9,16,6,33,0,0,77,7,84,2,9,93,13,117,115,2,117,234
11/20/2015,SDM,CA,AWP,WE,Federal Contract Tower,0,6,23,3,32,0,0,68,10,78,0,6,91,13,110,190,0,190,300
11/21/2015,SDM,CA,AWP,WE,Federal Contract Tower,0,6,24,5,35,0,0,140,21,161,0,6,164,26,196,118,0,118,314
11/22/2015,SDM,CA,AWP,WE,Federal Contract Tower,0,11,20,0,31,0,0,104,17,121,0,11,124,17,152,112,0,112,264
11/23/2015,SDM,CA,AWP,WE,Federal Contract Tower,0,6,15,1,22,0,1,87,6,94,0,7,102,7,116,238,4,242,358
11/24/2015,SDM,CA,AWP,WE,Federal Contract Tower,2,0,12,1,15,0,1,60,4,65,2,1,72,5,80,190,18,208,288
11/25/2015,SDM,CA,AWP,WE,Federal Contract Tower,0,8,26,2,36,0,0,65,0,65,0,8,91,2,101,178,0,178,279
11/26/2015,SDM,CA,AWP,WE,Federal Contract Tower,0,5,10,0,15,0,0,27,0,27,0,5,37,0,42,72,0,72,114
11/27/2015,SDM,CA,AWP,WE,Federal Contract Tower,0,5,18,0,23,0,0,22,0,22,0,5,40,0,45,67,0,67,112
11/28/2015,SDM,CA,AWP,WE,Federal Contract Tower,0,5,13,1,19,0,0,73,0,73,0,5,86,1,92,214,0,214,306
11/29/2015,SDM,CA,AWP,WE,Federal Contract Tower,0,5,50,0,55,0,0,67,0,67,0,5,117,0,122,62,0,62,184
11/30/2015,SDM,CA,AWP,WE,Federal Contract Tower,0,7,13,0,20,0,0,74,8,82,0,7,87,8,102,220,24,244,346
12/01/2015,SDM,CA,AWP,WE,Federal Contract Tower,0,3,17,1,21,0,0,58,8,66,0,3,75,9,87,206,12,218,305
12/02/2015,SDM,CA,AWP,WE,Federal Contract Tower,0,5,25,0,30,0,0,54,9,63,0,5,79,9,93,188,34,222,315
12/03/2015,SDM,CA,AWP,WE,Federal Contract Tower,0,2,11,0,13,0,0,46,2,48,0,2,57,2,61,204,0,204,265
12/04/2015,SDM,CA,AWP,WE,Federal Contract Tower,1,6,22,11,40,1,1,65,13,80,2,7,87,24,120,194,30,224,344
12/05/2015,SDM,CA,AWP,WE,Federal Contract Tower,0,3,20,13,36,0,0,77,11,88,0,3,97,24,124,123,8,131,255
12/06/2015,SDM,CA,AWP,WE,Federal Contract Tower,1,4,17,6,28,0,0,80,9,89,1,4,97,15,117,68,16,84,201
12/07/2015,SDM,CA,AWP,WE,Federal Contract Tower,0,2,15,0,17,0,0,73,6,79,0,2,88,6,96,102,6,108,204
12/08/2015,SDM,CA,AWP,WE,Federal Contract Tower,0,2,14,0,16,0,0,79,1,80,0,2,93,1,96,172,2,174,270
12/09/2015,SDM,CA,AWP,WE,Federal Contract Tower,0,4,17,0,21,0,0,87,0,87,0,4,104,0,108,208,0,208,316
12/10/2015,SDM,CA,AWP,WE,Federal Contract Tower,0,3,13,0,16,0,0,46,2,48,0,3,59,2,64,136,2,138,202
12/11/2015,SDM,CA,AWP,WE,Federal Contract Tower,0,0,19,0,19,0,0,14,5,19,0,0,33,5,38,62,0,62,100
12/12/2015,SDM,CA,AWP,WE,Federal Contract Tower,0,3,11,3,17,0,0,149,8,157,0,3,160,11,174,148,8,156,330
12/13/2015,SDM,CA,AWP,WE,Federal Contract Tower,0,6,19,0,25,0,0,46,14,60,0,6,65,14,85,98,0,98,183
12/14/2015,SDM,CA,AWP,WE,Federal Contract Tower,0,8,23,2,33,0,0,53,1,54,0,8,76,3,87,98,4,102,189
12/15/2015,SDM,CA,AWP,WE,Federal Contract Tower,0,6,16,0,22,0,6,81,4,91,0,12,97,4,113,158,2,160,273
12/16/2015,SDM,CA,AWP,WE,Federal Contract Tower,0,5,16,2,23,0,0,81,2,83,0,5,97,4,106,134,2,136,242
12/17/2015,SDM,CA,AWP,WE,Federal Contract Tower,0,0,3,15,18,0,0,85,3,88,0,0,88,18,106,158,4,162,268
12/18/2015,SDM,CA,AWP,WE,Federal Contract Tower,0,4,23,10,37,0,0,79,7,86,0,4,102,17,123,169,24,193,316
12/19/2015,SDM,CA,AWP,WE,Federal Contract Tower,0,8,26,7,41,0,0,93,2,95,0,8,119,9,136,121,0,121,257
12/20/2015,SDM,CA,AWP,WE,Federal Contract Tower,0,3,16,1,20,0,0,45,4,49,0,3,61,5,69,66,0,66,135
12/21/2015,SDM,CA,AWP,WE,Federal Contract Tower,0,7,19,10,36,0,0,66,7,73,0,7,85,17,109,94,26,120,229
12/22/2015,SDM,CA,AWP,WE,Federal Contract Tower,0,3,21,0,24,0,0,0,0,0,0,3,21,0,24,4,0,4,28
12/23/2015,SDM,CA,AWP,WE,Federal Contract Tower,0,5,16,12,33,0,0,19,3,22,0,5,35,15,55,8,2,10,65
12/24/2015,SDM,CA,AWP,WE,Federal Contract Tower,0,4,4,0,8,0,0,31,0,31,0,4,35,0,39,90,0,90,129
12/25/2015,SDM,CA,AWP,WE,Federal Contract Tower,0,4,0,0,4,0,0,7,0,7,0,4,7,0,11,4,0,4,15
12/26/2015,SDM,CA,AWP,WE,Federal Contract Tower,0,12,14,0,26,0,0,46,0,46,0,12,60,0,72,64,0,64,136
12/27/2015,SDM,CA,AWP,WE,Federal Contract Tower,0,11,17,0,28,0,0,71,0,71,0,11,88,0,99,80,0,80,179
12/28/2015,SDM,CA,AWP,WE,Federal Contract Tower,0,11,12,2,25,0,2,46,0,48,0,13,58,2,73,74,0,74,147
12/29/2015,SDM,CA,AWP,WE,Federal Contract Tower,0,2,20,0,22,0,1,67,0,68,0,3,87,0,90,94,0,94,184
12/30/2015,SDM,CA,AWP,WE,Federal Contract Tower,0,5,17,0,22,0,0,71,4,75,0,5,88,4,97,110,10,120,217
12/31/2015,SDM,CA,AWP,WE,Federal Contract Tower,0,5,24,0,29,0,0,69,0,69,0,5,93,0,98,160,0,160,258
01/01/2016,SDM,CA,AWP,WE,Federal Contract Tower,0,8,7,0,15,0,0,43,0,43,0,8,50,0,58,76,0,76,134
01/02/2016,SDM,CA,AWP,WE,Federal Contract Tower,0,6,37,0,43,0,0,82,0,82,0,6,119,0,125,172,0,172,297
01/03/2016,SDM,CA,AWP,WE,Federal Contract Tower,2,17,39,2,60,0,0,80,0,80,2,17,119,2,140,95,0,95,235
01/04/2016,SDM,CA,AWP,WE,Federal Contract Tower,0,12,23,0,35,0,0,18,0,18,0,12,41,0,53,34,0,34,87
01/05/2016,SDM,CA,AWP,WE,Federal Contract Tower,0,1,16,0,17,0,0,11,0,11,0,1,27,0,28,2,0,2,30
01/06/2016,SDM,CA,AWP,WE,Federal Contract Tower,0,1,11,1,13,0,0,19,2,21,0,1,30,3,34,12,0,12,46
01/07/2016,SDM,CA,AWP,WE,Federal Contract Tower,0,4,7,1,12,0,0,6,8,14,0,4,13,9,26,24,18,42,68
01/08/2016,SDM,CA,AWP,WE,Federal Contract Tower,0,3,10,4,17,0,1,58,14,73,0,4,68,18,90,152,58,210,300
01/09/2016,SDM,CA,AWP,WE,Federal Contract Tower,0,3,19,0,22,0,0,104,1,105,0,3,123,1,127,186,1,187,314
01/10/2016,SDM,CA,AWP,WE,Federal Contract Tower,0,8,17,1,26,0,0,16,0,16,0,8,33,1,42,58,0,58,100
01/11/2016,SDM,CA,AWP,WE,Federal Contract Tower,0,1,15,1,17,0,0,51,4,55,0,1,66,5,72,126,8,134,206
01/12/2016,SDM,CA,AWP,WE,Federal Contract Tower,0,6,19,0,25,0,0,79,9,88,0,6,98,9,113,166,8,174,287
01/13/2016,SDM,CA,AWP,WE,Federal Contract Tower,0,2,9,0,11,0,0,72,23,95,0,2,81,23,106,142,40,182,288
01/14/2016,SDM,CA,AWP,WE,Federal Contract Tower,0,1,14,1,16,0,0,68,18,86,0,1,82,19,102,152,12,164,266
01/15/2016,SDM,CA,AWP,WE,Federal Contract Tower,0,13,20,1,34,0,0,34,9,43,0,13,54,10,77,140,8,148,225
01/16/2016,SDM,CA,AWP,WE,Federal Contract Tower,0,2,15,2,19,0,0,106,0,106,0,2,121,2,125,0,170,170,295
01/17/2016,SDM,CA,AWP,WE,Federal Contract Tower,0,3,18,4,25,0,0,75,0,75,0,3,93,4,100,74,0,74,174
01/18/2016,SDM,CA,AWP,WE,Federal Contract Tower,0,5,27,0,32,0,0,71,0,71,0,5,98,0,103,78,0,78,181
01/19/2016,SDM,CA,AWP,WE,Federal Contract Tower,0,3,18,0,21,0,0,85,14,99,0,3,103,14,120,152,20,172,292
01/20/2016,SDM,CA,AWP,WE,Federal Contract Tower,0,4,24,3,31,0,0,74,8,82,0,4,98,11,113,194,10,204,317
01/21/2016,SDM,CA,AWP,WE,Federal Contract Tower,0,4,17,8,29,0,0,64,13,77,0,4,81,21,106,156,14,170,276
01/22/2016,SDM,CA,AWP,WE,Federal Contract Tower,0,3,18,7,28,0,2,67,11,80,0,5,85,18,108,192,40,232,340
01/23/2016,SDM,CA,AWP,WE,Federal Contract Tower,0,3,19,8,30,0,0,38,14,52,0,3,57,22,82,54,8,62,144
01/24/2016,SDM,CA,AWP,WE,Federal Contract Tower,0,2,15,2,19,0,1,75,5,81,0,3,90,7,100,113,8,121,221
01/25/2016,SDM,CA,AWP,WE,Federal Contract Tower,0,3,11,1,15,0,0,88,1,89,0,3,99,2,104,148,0,148,252
01/26/2016,SDM,CA,AWP,WE,Federal Contract Tower,0,0,23,0,23,0,0,68,11,79,0,0,91,11,102,158,8,166,268
01/27/2016,SDM,CA,AWP,WE,Federal Contract Tower,0,4,21,0,25,0,0,89,13,102,0,4,110,13,127,164,14,178,305
01/28/2016,SDM,CA,AWP,WE,Federal Contract Tower,0,6,13,0,19,0,1,104,15,120,0,7,117,15,139,144,20,164,303
01/29/2016,SDM,CA,AWP,WE,Federal Contract Tower,0,5,18,8,31,0,0,100,17,117,0,5,118,25,148,250,16,266,414
01/30/2016,SDM,CA,AWP,WE,Federal Contract Tower,0,1,17,9,27,0,0,57,9,66,0,1,74,18,93,188,2,190,283
01/31/2016,SDM,CA,AWP,WE,Federal Contract Tower,0,1,8,2,11,0,0,7,0,7,0,1,15,2,18,18,0,18,36
02/01/2016,SDM,CA,AWP,WE,Federal Contract Tower,0,1,17,0,18,0,34,3,0,37,0,35,20,0,55,74,0,74,129
02/02/2016,SDM,CA,AWP,WE,Federal Contract Tower,0,5,20,0,25,0,0,95,4,99,0,5,115,4,124,200,8,208,332
02/03/2016,SDM,CA,AWP,WE,Federal Contract Tower,0,2,31,0,33,0,0,67,9,76,0,2,98,9,109,126,4,130,239
02/04/2016,SDM,CA,AWP,WE,Federal Contract Tower,0,8,19,0,27,0,0,86,17,103,0,8,105,17,130,166,8,174,304
02/05/2016,SDM,CA,AWP,WE,Federal Contract Tower,0,5,18,1,24,0,2,95,4,101,0,7,113,5,125,134,0,134,259
02/06/2016,SDM,CA,AWP,WE,Federal Contract Tower,0,3,23,1,27,0,0,117,14,131,0,3,140,15,158,213,0,213,371
02/07/2016,SDM,CA,AWP,WE,Federal Contract Tower,0,11,23,1,35,0,0,63,12,75,0,11,86,13,110,150,0,150,260
02/08/2016,SDM,CA,AWP,WE,Federal Contract Tower,0,6,22,2,30,0,0,61,0,61,0,6,83,2,91,162,0,162,253
02/09/2016,SDM,CA,AWP,WE,Federal Contract Tower,1,6,20,1,28,0,0,80,0,80,1,6,100,1,108,134,0,134,242
02/10/2016,SDM,CA,AWP,WE,Federal Contract Tower,0,1,27,0,28,0,0,66,0,66,0,1,93,0,94,114,0,114,208
02/11/2016,SDM,CA,AWP,WE,Federal Contract Tower,0,2,22,1,25,0,0,94,3,97,0,2,116,4,122,184,0,184,306
02/12/2016,SDM,CA,AWP,WE,Federal Contract Tower,0,11,25,1,37,0,0,76,0,76,0,11,101,1,113,274,0,274,387
02/13/2016,SDM,CA,AWP,WE,Federal Contract Tower,0,4,25,1,30,0,0,146,0,146,0,4,171,1,176,130,0,130,306
02/14/2016,SDM,CA,AWP,WE,Federal Contract Tower,0,2,11,4,17,0,0,57,6,63,0,2,68,10,80,106,0,106,186
02/15/2016,SDM,CA,AWP,WE,Federal Contract Tower,0,9,32,2,43,0,0,104,0,104,0,9,136,2,147,142,0,142,289
02/16/2016,SDM,CA,AWP,WE,Federal Contract Tower,0,4,27,2,33,0,0,98,8,106,0,4,125,10,139,190,6,196,335
02/17/2016,SDM,CA,AWP,WE,Federal Contract Tower,0,4,24,1,29,0,0,74,10,84,0,4,98,11,113,134,0,134,247
02/18/2016,SDM,CA,AWP,WE,Federal Contract Tower,0,2,31,1,34,0,0,35,2,37,0,2,66,3,71,70,8,78,149
02/19/2016,SDM,CA,AWP,WE,Federal Contract Tower,0,5,20,2,27,0,0,85,6,91,0,5,105,8,118,164,52,216,334
02/20/2016,SDM,CA,AWP,WE,Federal Contract Tower,0,2,22,2,26,0,2,111,4,117,0,4,133,6,143,191,42,233,376
02/21/2016,SDM,CA,AWP,WE,Federal Contract Tower,0,4,24,3,31,0,0,108,6,114,0,4,132,9,145,202,6,208,353
02/22/2016,SDM,CA,AWP,WE,Federal Contract Tower,2,2,24,0,28,0,0,65,0,65,2,2,89,0,93,230,0,230,323
02/23/2016,SDM,CA,AWP,WE,Federal Contract Tower,0,0,29,0,29,0,0,69,6,75,0,0,98,6,104,104,76,180,284
02/24/2016,SDM,CA,AWP,WE,Federal Contract Tower,0,9,20,0,29,0,0,73,0,73,0,9,93,0,102,174,0,174,276
02/25/2016,SDM,CA,AWP,WE,Federal Contract Tower,0,8,23,0,31,0,0,82,5,87,0,8,105,5,118,198,4,202,320
02/26/2016,SDM,CA,AWP,WE,Federal Contract Tower,0,2,25,2,29,0,0,102,0,102,0,2,127,2,131,254,0,254,385
02/27/2016,SDM,CA,AWP,WE,Federal Contract Tower,0,2,14,10,26,2,102,9,0,113,2,104,23,10,139,318,0,318,457
02/28/2016,SDM,CA,AWP,WE,Federal Contract Tower,0,4,35,2,41,0,0,93,8,101,0,4,128,10,142,88,0,88,230
02/29/2016,SDM,CA,AWP,WE,Federal Contract Tower,0,1,22,1,24,0,0,57,1,58,0,1,79,2,82,121,0,121,203
03/01/2016,SDM,CA,AWP,WE,Federal Contract Tower,0,3,16,1,20,0,0,65,1,66,0,3,81,2,86,146,0,146,232
03/02/2016,SDM,CA,AWP,WE,Federal Contract Tower,0,3,14,0,17,0,0,107,2,109,0,3,121,2,126,192,6,198,324
03/03/2016,SDM,CA,AWP,WE,Federal Contract Tower,0,5,17,1,23,0,0,85,2,87,0,5,102,3,110,118,4,122,232
03/04/2016,SDM,CA,AWP,WE,Federal Contract Tower,0,4,10,1,15,0,0,64,4,68,0,4,74,5,83,199,24,223,306
03/05/2016,SDM,CA,AWP,WE,Federal Contract Tower,0,8,14,0,22,0,0,75,0,75,0,8,89,0,97,240,0,240,337
03/06/2016,SDM,CA,AWP,WE,Federal Contract Tower,0,7,7,0,14,0,0,23,0,23,0,7,30,0,37,6,0,6,43
03/07/2016,SDM,CA,AWP,WE,Federal Contract Tower,0,5,4,0,9,0,0,0,0,0,0,5,4,0,9,20,0,20,29
03/08/2016,SDM,CA,AWP,WE,Federal Contract Tower,0,1,28,0,29,0,0,75,0,75,0,1,103,0,104,180,0,180,284
03/09/2016,SDM,CA,AWP,WE,Federal Contract Tower,0,4,11,2,17,0,0,90,4,94,0,4,101,6,111,160,12,172,283
03/10/2016,SDM,CA,AWP,WE,Federal Contract Tower,2,6,21,0,29,0,0,79,10,89,2,6,100,10,118,215,12,227,345
03/11/2016,SDM,CA,AWP,WE,Federal Contract Tower,0,2,23,4,29,0,0,22,5,27,0,2,45,9,56,79,20,99,155
03/12/2016,SDM,CA,AWP,WE,Federal Contract Tower,0,2,27,6,35,0,0,104,3,107,0,2,131,9,142,228,0,228,370
03/13/2016,SDM,CA,AWP,WE,Federal Contract Tower,0,5,12,4,21,0,0,110,2,112,0,5,122,6,133,148,0,148,281
03/14/2016,SDM,CA,AWP,WE,Federal Contract Tower,0,5,23,0,28,0,0,20,4,24,0,5,43,4,52,34,6,40,92
03/15/2016,SDM,CA,AWP,WE,Federal Contract Tower,0,0,22,1,23,0,0,94,15,109,0,0,116,16,132,144,6,150,282
03/16/2016,SDM,CA,AWP,WE,Federal Contract Tower,0,3,13,0,16,0,0,97,18,115,0,3,110,18,131,210,18,228,359
03/17/2016,SDM,CA,AWP,WE,Federal Contract Tower,0,4,13,1,18,0,0,77,19,96,0,4,90,20,114,136,46,182,296
03/18/2016,SDM,CA,AWP,WE,Federal Contract Tower,0,14,15,2,31,0,0,80,6,86,0,14,95,8,117,166,10,176,293
03/19/2016,SDM,CA,AWP,WE,Federal Contract Tower,0,9,20,4,33,0,0,103,6,109,0,9,123,10,142,298,0,298,440
03/20/2016,SDM,CA,AWP,WE,Federal Contract Tower,0,9,22,3,34,0,0,86,2,88,0,9,108,5,122,146,0,146,268
03/21/2016,SDM,CA,AWP,WE,Federal Contract Tower,0,5,24,0,29,0,0,53,2,55,0,5,77,2,84,75,0,75,159
03/22/2016,SDM,CA,AWP,WE,Federal Contract Tower,0,1,11,7,19,0,0,40,13,53,0,1,51,20,72,100,48,148,220
03/23/2016,SDM,CA,AWP,WE,Federal Contract Tower,0,4,19,1,24,0,0,89,8,97,0,4,108,9,121,118,20,138,259
03/24/2016,SDM,CA,AWP,WE,Federal Contract Tower,0,3,18,4,25,0,1,115,0,116,0,4,133,4,141,198,0,198,339
03/25/2016,SDM,CA,AWP,WE,Federal Contract Tower,0,1,19,4,24,0,0,87,6,93,0,1,106,10,117,162,26,188,305
03/26/2016,SDM,CA,AWP,WE,Federal Contract Tower,0,2,26,3,31,0,0,99,0,99,0,2,125,3,130,175,0,175,305
03/27/2016,SDM,CA,AWP,WE,Federal Contract Tower,1,5,27,1,34,0,0,75,1,76,1,5,102,2,110,78,0,78,188
03/28/2016,SDM,CA,AWP,WE,Federal Contract Tower,0,6,28,3,37,0,0,22,6,28,0,6,50,9,65,32,18,50,115
03/29/2016,SDM,CA,AWP,WE,Federal Contract Tower,0,0,0,0,0,0,0,0,0,0,0,0,0,0,0,0,0,0,0
03/30/2016,SDM,CA,AWP,WE,Federal Contract Tower,0,0,0,0,0,0,0,0,0,0,0,0,0,0,0,0,0,0,0
03/31/2016,SDM,CA,AWP,WE,Federal Contract Tower,2,3,23,0,28,0,0,73,4,77,2,3,96,4,105,108,40,148,253
04/01/2016,SDM,CA,AWP,WE,Federal Contract Tower,0,8,22,1,31,0,0,64,1,65,0,8,86,2,96,126,14,140,236
04/02/2016,SDM,CA,AWP,WE,Federal Contract Tower,0,7,26,1,34,0,0,85,2,87,0,7,111,3,121,174,0,174,295
04/03/2016,SDM,CA,AWP,WE,Federal Contract Tower,0,9,19,2,30,0,4,89,0,93,0,13,108,2,123,130,0,130,253
04/04/2016,SDM,CA,AWP,WE,Federal Contract Tower,0,4,16,0,20,0,1,69,0,70,0,5,85,0,90,194,0,194,284
04/05/2016,SDM,CA,AWP,WE,Federal Contract Tower,0,0,6,0,6,0,0,65,2,67,0,0,71,2,73,170,0,170,243
04/06/2016,SDM,CA,AWP,WE,Federal Contract Tower,0,0,10,0,10,0,0,61,2,63,0,0,71,2,73,68,0,68,141
04/07/2016,SDM,CA,AWP,WE,Federal Contract Tower,0,2,8,0,10,0,0,23,0,23,0,2,31,0,33,44,0,44,77
04/08/2016,SDM,CA,AWP,WE,Federal Contract Tower,0,7,17,1,25,0,1,19,2,22,0,8,36,3,47,126,18,144,191
04/09/2016,SDM,CA,AWP,WE,Federal Contract Tower,0,2,26,0,28,0,0,79,2,81,0,2,105,2,109,176,0,176,285
04/10/2016,SDM,CA,AWP,WE,Federal Contract Tower,0,8,26,0,34,0,0,33,0,33,0,8,59,0,67,68,0,68,135
04/11/2016,SDM,CA,AWP,WE,Federal Contract Tower,0,10,21,0,31,0,0,54,2,56,0,10,75,2,87,170,0,170,257
04/12/2016,SDM,CA,AWP,WE,Federal Contract Tower,0,5,26,0,31,0,0,39,4,43,0,5,65,4,74,126,8,134,208
04/13/2016,SDM,CA,AWP,WE,Federal Contract Tower,0,2,27,0,29,0,1,74,0,75,0,3,101,0,104,122,0,122,226
04/14/2016,SDM,CA,AWP,WE,Federal Contract Tower,0,6,21,1,28,0,0,79,1,80,0,6,100,2,108,148,0,148,256
04/15/2016,SDM,CA,AWP,WE,Federal Contract Tower,0,5,13,0,18,0,0,58,8,66,0,5,71,8,84,179,14,193,277
04/16/2016,SDM,CA,AWP,WE,Federal Contract Tower,0,7,6,0,13,0,0,90,0,90,0,7,96,0,103,205,0,205,308
04/17/2016,SDM,CA,AWP,WE,Federal Contract Tower,0,4,28,0,32,0,0,105,2,107,0,4,133,2,139,188,10,198,337
04/18/2016,SDM,CA,AWP,WE,Federal Contract Tower,0,6,22,2,30,0,0,84,0,84,0,6,106,2,114,96,0,96,210
04/19/2016,SDM,CA,AWP,WE,Federal Contract Tower,0,6,19,0,25,0,0,44,2,46,0,6,63,2,71,62,0,62,133
04/20/2016,SDM,CA,AWP,WE,Federal Contract Tower,0,5,15,0,20,0,0,79,0,79,0,5,94,0,99,216,0,216,315
04/21/2016,SDM,CA,AWP,WE,Federal Contract Tower,0,4,23,0,27,0,0,103,2,105,0,4,126,2,132,266,12,278,410
04/22/2016,SDM,CA,AWP,WE,Federal Contract Tower,0,1,30,1,32,0,0,76,0,76,0,1,106,1,108,244,0,244,352
04/23/2016,SDM,CA,AWP,WE,Federal Contract Tower,0,3,8,1,12,0,0,66,0,66,0,3,74,1,78,146,0,146,224
04/24/2016,SDM,CA,AWP,WE,Federal Contract Tower,0,2,21,0,23,0,0,71,0,71,0,2,92,0,94,102,0,102,196
04/25/2016,SDM,CA,AWP,WE,Federal Contract Tower,0,4,18,1,23,0,0,34,0,34,0,4,52,1,57,106,0,106,163
04/26/2016,SDM,CA,AWP,WE,Federal Contract Tower,0,2,10,0,12,0,0,56,0,56,0,2,66,0,68,112,0,112,180
04/27/2016,SDM,CA,AWP,WE,Federal Contract Tower,0,7,16,0,23,0,0,52,6,58,0,7,68,6,81,56,12,68,149
04/28/2016,SDM,CA,AWP,WE,Federal Contract Tower,0,2,25,0,27,0,0,27,0,27,0,2,52,0,54,144,0,144,198
04/29/2016,SDM,CA,AWP,WE,Federal Contract Tower,0,4,24,4,32,0,0,75,0,75,0,4,99,4,107,170,0,170,277
04/30/2016,SDM,CA,AWP,WE,Federal Contract Tower,0,3,23,0,26,0,0,45,0,45,0,3,68,0,71,123,0,123,194
05/01/2016,SDM,CA,AWP,WE,Federal Contract Tower,0,3,35,0,38,0,2,84,0,86,0,5,119,0,124,138,0,138,262
05/02/2016,SDM,CA,AWP,WE,Federal Contract Tower,0,2,16,2,20,0,0,70,0,70,0,2,86,2,90,214,0,214,304
05/03/2016,SDM,CA,AWP,WE,Federal Contract Tower,0,1,17,0,18,0,0,78,2,80,0,1,95,2,98,154,0,154,252
05/04/2016,SDM,CA,AWP,WE,Federal Contract Tower,0,2,11,2,15,0,0,63,4,67,0,2,74,6,82,98,28,126,208
05/05/2016,SDM,CA,AWP,WE,Federal Contract Tower,0,5,8,0,13,0,1,52,4,57,0,6,60,4,70,184,10,194,264
05/06/2016,SDM,CA,AWP,WE,Federal Contract Tower,0,7,20,0,27,0,0,28,2,30,0,7,48,2,57,54,8,62,119
05/07/2016,SDM,CA,AWP,WE,Federal Contract Tower,0,4,22,0,26,0,0,77,0,77,0,4,99,0,103,100,0,100,203
05/08/2016,SDM,CA,AWP,WE,Federal Contract Tower,0,9,12,0,21,0,0,98,0,98,0,9,110,0,119,76,0,76,195
05/09/2016,SDM,CA,AWP,WE,Federal Contract Tower,0,1,6,0,7,0,1,66,0,67,0,2,72,0,74,206,0,206,280
05/10/2016,SDM,CA,AWP,WE,Federal Contract Tower,0,2,15,0,17,0,0,74,4,78,0,2,89,4,95,214,8,222,317
05/11/2016,SDM,CA,AWP,WE,Federal Contract Tower,0,5,25,0,30,0,3,51,0,54,0,8,76,0,84,158,0,158,242
05/12/2016,SDM,CA,AWP,WE,Federal Contract Tower,0,2,18,1,21,0,0,68,2,70,0,2,86,3,91,202,4,206,297
05/13/2016,SDM,CA,AWP,WE,Federal Contract Tower,0,8,9,3,20,0,0,54,0,54,0,8,63,3,74,194,0,194,268
05/14/2016,SDM,CA,AWP,WE,Federal Contract Tower,0,5,7,0,12,0,0,45,0,45,0,5,52,0,57,44,0,44,101
05/15/2016,SDM,CA,AWP,WE,Federal Contract Tower,0,5,22,3,30,0,0,33,0,33,0,5,55,3,63,56,0,56,119
05/16/2016,SDM,CA,AWP,WE,Federal Contract Tower,0,3,16,0,19,0,0,33,0,33,0,3,49,0,52,70,0,70,122
05/17/2016,SDM,CA,AWP,WE,Federal Contract Tower,0,2,29,1,32,0,0,27,1,28,0,2,56,2,60,164,0,164,224
05/18/2016,SDM,CA,AWP,WE,Federal Contract Tower,0,1,18,4,23,0,0,65,0,65,0,1,83,4,88,94,0,94,182
05/19/2016,SDM,CA,AWP,WE,Federal Contract Tower,0,5,20,0,25,0,0,80,2,82,0,5,100,2,107,142,0,142,249
05/20/2016,SDM,CA,AWP,WE,Federal Contract Tower,0,3,24,0,27,0,0,55,6,61,0,3,79,6,88,136,20,156,244
05/21/2016,SDM,CA,AWP,WE,Federal Contract Tower,0,3,12,2,17,0,0,85,2,87,0,3,97,4,104,312,10,322,426
05/22/2016,SDM,CA,AWP,WE,Federal Contract Tower,0,5,15,2,22,0,0,110,4,114,0,5,125,6,136,92,6,98,234
05/23/2016,SDM,CA,AWP,WE,Federal Contract Tower,0,5,18,0,23,0,0,73,0,73,0,5,91,0,96,160,0,160,256
05/24/2016,SDM,CA,AWP,WE,Federal Contract Tower,0,2,16,1,19,0,0,64,3,67,0,2,80,4,86,92,14,106,192
05/25/2016,SDM,CA,AWP,WE,Federal Contract Tower,0,9,18,2,29,0,0,47,3,50,0,9,65,5,79,162,4,166,245
05/26/2016,SDM,CA,AWP,WE,Federal Contract Tower,0,2,26,0,28,0,1,65,0,66,0,3,91,0,94,156,0,156,250
05/27/2016,SDM,CA,AWP,WE,Federal Contract Tower,0,4,29,0,33,0,0,52,0,52,0,4,81,0,85,206,0,206,291
05/28/2016,SDM,CA,AWP,WE,Federal Contract Tower,0,6,28,2,36,0,0,31,0,31,0,6,59,2,67,102,0,102,169
05/29/2016,SDM,CA,AWP,WE,Federal Contract Tower,0,5,26,0,31,0,1,23,0,24,0,6,49,0,55,112,0,112,167
05/30/2016,SDM,CA,AWP,WE,Federal Contract Tower,0,8,48,0,56,0,0,82,0,82,0,8,130,0,138,80,0,80,218
05/31/2016,SDM,CA,AWP,WE,Federal Contract Tower,0,1,42,1,44,0,1,20,4,25,0,2,62,5,69,56,6,62,131
06/01/2016,SDM,CA,AWP,WE,Federal Contract Tower,0,6,19,0,25,0,1,35,6,42,0,7,54,6,67,46,18,64,131
06/02/2016,SDM,CA,AWP,WE,Federal Contract Tower,0,3,22,2,27,0,0,105,5,110,0,3,127,7,137,144,34,178,315
06/03/2016,SDM,CA,AWP,WE,Federal Contract Tower,0,2,23,1,26,0,0,80,0,80,0,2,103,1,106,148,2,150,256
06/04/2016,SDM,CA,AWP,WE,Federal Contract Tower,0,5,24,0,29,0,0,123,0,123,0,5,147,0,152,121,0,121,273
06/05/2016,SDM,CA,AWP,WE,Federal Contract Tower,0,8,27,1,36,0,0,89,0,89,0,8,116,1,125,90,0,90,215
06/06/2016,SDM,CA,AWP,WE,Federal Contract Tower,0,4,24,0,28,0,0,57,2,59,0,4,81,2,87,168,2,170,257
06/07/2016,SDM,CA,AWP,WE,Federal Contract Tower,0,2,30,0,32,0,0,80,8,88,0,2,110,8,120,164,2,166,286
06/08/2016,SDM,CA,AWP,WE,Federal Contract Tower,0,5,17,2,24,0,0,80,4,84,0,5,97,6,108,238,4,242,350
06/09/2016,SDM,CA,AWP,WE,Federal Contract Tower,0,4,17,2,23,0,2,58,16,76,0,6,75,18,99,82,18,100,199
06/10/2016,SDM,CA,AWP,WE,Federal Contract Tower,0,3,20,0,23,0,1,74,0,75,0,4,94,0,98,176,0,176,274
06/11/2016,SDM,CA,AWP,WE,Federal Contract Tower,0,2,12,0,14,0,0,59,0,59,0,2,71,0,73,34,0,34,107
06/12/2016,SDM,CA,AWP,WE,Federal Contract Tower,0,2,14,1,17,0,0,76,0,76,0,2,90,1,93,147,0,147,240
06/13/2016,SDM,CA,AWP,WE,Federal Contract Tower,0,0,8,0,8,0,0,48,0,48,0,0,56,0,56,106,0,106,162
06/14/2016,SDM,CA,AWP,WE,Federal Contract Tower,0,0,11,0,11,0,0,60,0,60,0,0,71,0,71,72,0,72,143
06/15/2016,SDM,CA,AWP,WE,Federal Contract Tower,0,1,3,0,4,0,0,55,0,55,0,1,58,0,59,118,0,118,177
06/16/2016,SDM,CA,AWP,WE,Federal Contract Tower,0,0,7,0,7,0,0,82,2,84,0,0,89,2,91,112,0,112,203
06/17/2016,SDM,CA,AWP,WE,Federal Contract Tower,0,0,16,1,17,0,0,87,1,88,0,0,103,2,105,130,0,130,235
06/18/2016,SDM,CA,AWP,WE,Federal Contract Tower,0,4,11,0,15,0,0,104,0,104,0,4,115,0,119,208,0,208,327
06/19/2016,SDM,CA,AWP,WE,Federal Contract Tower,0,6,9,0,15,0,0,63,0,63,0,6,72,0,78,77,0,77,155
06/20/2016,SDM,CA,AWP,WE,Federal Contract Tower,0,0,7,0,7,0,0,42,4,46,0,0,49,4,53,60,10,70,123
06/21/2016,SDM,CA,AWP,WE,Federal Contract Tower,0,0,13,1,14,0,0,40,2,42,0,0,53,3,56,110,10,120,176
06/22/2016,SDM,CA,AWP,WE,Federal Contract Tower,0,6,12,1,19,0,0,56,2,58,0,6,68,3,77,142,12,154,231
06/23/2016,SDM,CA,AWP,WE,Federal Contract Tower,0,2,17,1,20,0,0,68,3,71,0,2,85,4,91,150,2,152,243
06/24/2016,SDM,CA,AWP,WE,Federal Contract Tower,0,4,12,0,16,0,0,61,2,63,0,4,73,2,79,164,28,192,271
06/25/2016,SDM,CA,AWP,WE,Federal Contract Tower,0,2,7,6,15,0,0,84,5,89,0,2,91,11,104,202,0,202,306
06/26/2016,SDM,CA,AWP,WE,Federal Contract Tower,0,9,21,2,32,0,0,76,10,86,0,9,97,12,118,166,4,170,288
06/27/2016,SDM,CA,AWP,WE,Federal Contract Tower,0,5,22,0,27,0,0,77,2,79,0,5,99,2,106,122,0,122,228
06/28/2016,SDM,CA,AWP,WE,Federal Contract Tower,0,6,12,0,18,0,0,67,6,73,0,6,79,6,91,106,16,122,213
06/29/2016,SDM,CA,AWP,WE,Federal Contract Tower,0,2,10,0,12,0,1,73,2,76,0,3,83,2,88,172,0,172,260
06/30/2016,SDM,CA,AWP,WE,Federal Contract Tower,0,2,19,0,21,0,1,68,0,69,0,3,87,0,90,164,2,166,256
07/01/2016,SDM,CA,AWP,WE,Federal Contract Tower,0,0,19,1,20,0,0,49,10,59,0,0,68,11,79,148,30,178,257
07/02/2016,SDM,CA,AWP,WE,Federal Contract Tower,0,2,4,0,6,0,1,80,0,81,0,3,84,0,87,250,0,250,337
07/03/2016,SDM,CA,AWP,WE,Federal Contract Tower,0,4,7,0,11,0,0,65,0,65,0,4,72,0,76,140,0,140,216
07/04/2016,SDM,CA,AWP,WE,Federal Contract Tower,0,4,4,0,8,0,0,60,0,60,0,4,64,0,68,108,0,108,176
07/05/2016,SDM,CA,AWP,WE,Federal Contract Tower,0,3,16,3,22,0,1,62,1,64,0,4,78,4,86,74,12,86,172
07/06/2016,SDM,CA,AWP,WE,Federal Contract Tower,0,13,9,4,26,0,0,64,0,64,0,13,73,4,90,82,0,82,172
07/07/2016,SDM,CA,AWP,WE,Federal Contract Tower,0,6,11,2,19,0,0,99,4,103,0,6,110,6,122,178,22,200,322
07/08/2016,SDM,CA,AWP,WE,Federal Contract Tower,0,2,13,0,15,0,1,80,16,97,0,3,93,16,112,184,56,240,352
07/09/2016,SDM,CA,AWP,WE,Federal Contract Tower,0,8,16,0,24,0,0,115,4,119,0,8,131,4,143,138,0,138,281
07/10/2016,SDM,CA,AWP,WE,Federal Contract Tower,0,1,13,0,14,0,0,89,0,89,0,1,102,0,103,116,0,116,219
07/11/2016,SDM,CA,AWP,WE,Federal Contract Tower,0,3,15,0,18,0,0,72,4,76,0,3,87,4,94,92,26,118,212
07/12/2016,SDM,CA,AWP,WE,Federal Contract Tower,0,6,3,0,9,0,0,68,2,70,0,6,71,2,79,118,2,120,199
07/13/2016,SDM,CA,AWP,WE,Federal Contract Tower,0,8,13,0,21,0,0,73,3,76,0,8,86,3,97,146,0,146,243
07/14/2016,SDM,CA,AWP,WE,Federal Contract Tower,0,9,20,0,29,0,1,94,2,97,0,10,114,2,126,144,2,146,272
07/15/2016,SDM,CA,AWP,WE,Federal Contract Tower,0,2,22,1,25,0,0,75,2,77,0,2,97,3,102,132,0,132,234
07/16/2016,SDM,CA,AWP,WE,Federal Contract Tower,0,5,14,0,19,0,0,112,0,112,0,5,126,0,131,188,0,188,319
07/17/2016,SDM,CA,AWP,WE,Federal Contract Tower,0,6,13,1,20,0,3,82,0,85,0,9,95,1,105,142,0,142,247
07/18/2016,SDM,CA,AWP,WE,Federal Contract Tower,0,5,10,0,15,0,0,94,0,94,0,5,104,0,109,183,0,183,292
07/19/2016,SDM,CA,AWP,WE,Federal Contract Tower,0,6,18,0,24,0,0,98,4,102,0,6,116,4,126,174,12,186,312
07/20/2016,SDM,CA,AWP,WE,Federal Contract Tower,0,6,25,1,32,0,0,103,2,105,0,6,128,3,137,182,4,186,323
07/21/2016,SDM,CA,AWP,WE,Federal Contract Tower,0,4,11,1,16,0,0,76,5,81,0,4,87,6,97,126,16,142,239
07/22/2016,SDM,CA,AWP,WE,Federal Contract Tower,0,3,20,3,26,0,0,57,2,59,0,3,77,5,85,162,0,162,247
07/23/2016,SDM,CA,AWP,WE,Federal Contract Tower,0,11,14,11,36,0,0,152,5,157,0,11,166,16,193,162,2,164,357
07/24/2016,SDM,CA,AWP,WE,Federal Contract Tower,0,5,14,5,24,0,1,64,6,71,0,6,78,11,95,82,0,82,177
07/25/2016,SDM,CA,AWP,WE,Federal Contract Tower,0,5,11,0,16,0,0,68,6,74,0,5,79,6,90,88,24,112,202
07/26/2016,SDM,CA,AWP,WE,Federal Contract Tower,0,1,13,2,16,0,0,81,6,87,0,1,94,8,103,152,12,164,267
07/27/2016,SDM,CA,AWP,WE,Federal Contract Tower,0,5,16,0,21,0,0,74,6,80,0,5,90,6,101,76,8,84,185
07/28/2016,SDM,CA,AWP,WE,Federal Contract Tower,0,8,6,0,14,0,0,70,2,72,0,8,76,2,86,136,2,138,224
07/29/2016,SDM,CA,AWP,WE,Federal Contract Tower,0,3,12,7,22,0,0,78,2,80,0,3,90,9,102,144,7,151,253
07/30/2016,SDM,CA,AWP,WE,Federal Contract Tower,0,5,11,5,21,0,0,113,3,116,0,5,124,8,137,183,0,183,320
07/31/2016,SDM,CA,AWP,WE,Federal Contract Tower,1,5,17,2,25,0,1,90,3,94,1,6,107,5,119,82,0,82,201
08/01/2016,SDM,CA,AWP,WE,Federal Contract Tower,0,3,10,1,14,0,1,73,2,76,0,4,83,3,90,140,0,140,230
08/02/2016,SDM,CA,AWP,WE,Federal Contract Tower,0,3,8,0,11,0,0,75,0,75,0,3,83,0,86,118,0,118,204
08/03/2016,SDM,CA,AWP,WE,Federal Contract Tower,0,9,19,0,28,0,1,65,0,66,0,10,84,0,94,108,0,108,202
08/04/2016,SDM,CA,AWP,WE,Federal Contract Tower,0,2,16,0,18,0,0,84,2,86,0,2,100,2,104,226,10,236,340
08/05/2016,SDM,CA,AWP,WE,Federal Contract Tower,0,5,25,3,33,0,1,62,0,63,0,6,87,3,96,90,0,90,186
08/06/2016,SDM,CA,AWP,WE,Federal Contract Tower,0,3,10,6,19,0,0,61,0,61,0,3,71,6,80,190,0,190,270
08/07/2016,SDM,CA,AWP,WE,Federal Contract Tower,0,2,18,3,23,0,0,70,0,70,0,2,88,3,93,112,0,112,205
08/08/2016,SDM,CA,AWP,WE,Federal Contract Tower,0,5,19,2,26,8,0,48,0,56,8,5,67,2,82,81,0,81,163
08/09/2016,SDM,CA,AWP,WE,Federal Contract Tower,0,15,16,0,31,0,1,89,2,92,0,16,105,2,123,132,0,132,255
08/10/2016,SDM,CA,AWP,WE,Federal Contract Tower,0,4,19,1,24,0,0,80,5,85,0,4,99,6,109,112,20,132,241
08/11/2016,SDM,CA,AWP,WE,Federal Contract Tower,0,0,8,0,8,0,0,79,0,79,0,0,87,0,87,125,0,125,212
08/12/2016,SDM,CA,AWP,WE,Federal Contract Tower,0,2,15,6,23,0,0,65,1,66,0,2,80,7,89,140,0,140,229
08/13/2016,SDM,CA,AWP,WE,Federal Contract Tower,0,2,15,8,25,0,0,142,12,154,0,2,157,20,179,186,0,186,365
08/14/2016,SDM,CA,AWP,WE,Federal Contract Tower,0,5,21,8,34,0,0,56,8,64,0,5,77,16,98,64,0,64,162
08/15/2016,SDM,CA,AWP,WE,Federal Contract Tower,0,7,15,1,23,0,0,73,4,77,0,7,88,5,100,76,6,82,182
08/16/2016,SDM,CA,AWP,WE,Federal Contract Tower,0,6,15,0,21,0,1,64,0,65,0,7,79,0,86,78,0,78,164
08/17/2016,SDM,CA,AWP,WE,Federal Contract Tower,0,3,14,0,17,0,0,88,5,93,0,3,102,5,110,136,8,144,254
08/18/2016,SDM,CA,AWP,WE,Federal Contract Tower,0,3,16,0,19,0,0,79,8,87,0,3,95,8,106,146,10,156,262
08/19/2016,SDM,CA,AWP,WE,Federal Contract Tower,0,6,16,3,25,0,2,81,8,91,0,8,97,11,116,160,2,162,278
08/20/2016,SDM,CA,AWP,WE,Federal Contract Tower,0,0,15,3,18,0,0,117,14,131,0,0,132,17,149,194,2,196,345
08/21/2016,SDM,CA,AWP,WE,Federal Contract Tower,0,4,18,3,25,0,0,86,10,96,0,4,104,13,121,133,0,133,254
08/22/2016,SDM,CA,AWP,WE,Federal Contract Tower,0,6,12,0,18,0,0,65,2,67,0,6,77,2,85,97,4,101,186
08/23/2016,SDM,CA,AWP,WE,Federal Contract Tower,2,2,7,0,11,0,0,69,6,75,2,2,76,6,86,64,10,74,160
08/24/2016,SDM,CA,AWP,WE,Federal Contract Tower,0,5,26,0,31,0,0,90,0,90,0,5,116,0,121,122,0,122,243
08/25/2016,SDM,CA,AWP,WE,Federal Contract Tower,0,4,17,2,23,0,0,59,0,59,0,4,76,2,82,52,0,52,134
08/26/2016,SDM,CA,AWP,WE,Federal Contract Tower,0,7,12,2,21,0,1,50,1,52,0,8,62,3,73,100,0,100,173
08/27/2016,SDM,CA,AWP,WE,Federal Contract Tower,0,3,18,2,23,0,0,84,2,86,0,3,102,4,109,130,0,130,239
08/28/2016,SDM,CA,AWP,WE,Federal Contract Tower,0,0,14,0,14,0,0,78,2,80,0,0,92,2,94,144,0,144,238
08/29/2016,SDM,CA,AWP,WE,Federal Contract Tower,0,5,11,0,16,0,0,59,0,59,0,5,70,0,75,96,0,96,171
08/30/2016,SDM,CA,AWP,WE,Federal Contract Tower,0,4,14,0,18,0,0,88,10,98,0,4,102,10,116,60,78,138,254
08/31/2016,SDM,CA,AWP,WE,Federal Contract Tower,0,3,20,0,23,0,80,2,0,82,0,83,22,0,105,134,8,142,247
09/01/2016,SDM,CA,AWP,WE,Federal Contract Tower,0,3,17,4,24,0,0,58,4,62,0,3,75,8,86,32,8,40,126
09/02/2016,SDM,CA,AWP,WE,Federal Contract Tower,0,4,20,0,24,0,0,59,0,59,0,4,79,0,83,60,0,60,143
09/03/2016,SDM,CA,AWP,WE,Federal Contract Tower,0,2,12,0,14,0,0,99,2,101,0,2,111,2,115,172,0,172,287
09/04/2016,SDM,CA,AWP,WE,Federal Contract Tower,0,0,12,0,12,0,0,92,0,92,0,0,104,0,104,168,0,168,272
09/05/2016,SDM,CA,AWP,WE,Federal Contract Tower,0,5,28,0,33,0,1,69,0,70,0,6,97,0,103,100,0,100,203
09/06/2016,SDM,CA,AWP,WE,Federal Contract Tower,0,2,9,1,12,0,2,79,2,83,0,4,88,3,95,134,2,136,231
09/07/2016,SDM,CA,AWP,WE,Federal Contract Tower,0,3,13,0,16,0,0,52,0,52,0,3,65,0,68,100,0,100,168
09/08/2016,SDM,CA,AWP,WE,Federal Contract Tower,0,1,16,2,19,0,0,54,11,65,0,1,70,13,84,246,10,256,340
09/09/2016,SDM,CA,AWP,WE,Federal Contract Tower,0,0,18,5,23,0,1,81,7,89,0,1,99,12,112,241,4,245,357
09/10/2016,SDM,CA,AWP,WE,Federal Contract Tower,0,0,8,7,15,0,0,106,7,113,0,0,114,14,128,190,0,190,318
09/11/2016,SDM,CA,AWP,WE,Federal Contract Tower,0,0,31,5,36,0,0,105,5,110,0,0,136,10,146,148,0,148,294
09/12/2016,SDM,CA,AWP,WE,Federal Contract Tower,0,0,20,0,20,0,0,46,6,52,0,0,66,6,72,64,0,64,136
09/13/2016,SDM,CA,AWP,WE,Federal Contract Tower,0,0,11,1,12,0,0,56,0,56,0,0,67,1,68,120,0,120,188
09/14/2016,SDM,CA,AWP,WE,Federal Contract Tower,0,1,13,0,14,0,1,70,2,73,0,2,83,2,87,174,6,180,267
09/15/2016,SDM,CA,AWP,WE,Federal Contract Tower,0,5,27,0,32,0,0,85,6,91,0,5,112,6,123,118,0,118,241
09/16/2016,SDM,CA,AWP,WE,Federal Contract Tower,2,3,15,4,24,0,0,80,0,80,2,3,95,4,104,172,0,172,276
09/17/2016,SDM,CA,AWP,WE,Federal Contract Tower,0,3,16,1,20,0,0,86,3,89,0,3,102,4,109,126,0,126,235
09/18/2016,SDM,CA,AWP,WE,Federal Contract Tower,2,4,22,1,29,0,0,82,3,85,2,4,104,4,114,122,0,122,236
09/19/2016,SDM,CA,AWP,WE,Federal Contract Tower,0,5,9,0,14,0,1,52,2,55,0,6,61,2,69,86,0,86,155
09/20/2016,SDM,CA,AWP,WE,Federal Contract Tower,0,3,15,0,18,0,0,33,0,33,0,3,48,0,51,22,0,22,73
09/21/2016,SDM,CA,AWP,WE,Federal Contract Tower,0,4,21,2,27,0,0,22,0,22,0,4,43,2,49,24,0,24,73
09/22/2016,SDM,CA,AWP,WE,Federal Contract Tower,0,1,14,9,24,0,0,61,30,91,0,1,75,39,115,192,0,192,307
09/23/2016,SDM,CA,AWP,WE,Federal Contract Tower,0,2,11,10,23,0,1,59,1,61,0,3,70,11,84,150,0,150,234
09/24/2016,SDM,CA,AWP,WE,Federal Contract Tower,0,2,8,5,15,0,0,104,12,116,0,2,112,17,131,153,2,155,286
09/25/2016,SDM,CA,AWP,WE,Federal Contract Tower,0,3,12,2,17,0,0,51,6,57,0,3,63,8,74,72,0,72,146
09/26/2016,SDM,CA,AWP,WE,Federal Contract Tower,0,1,10,0,11,0,0,48,2,50,0,1,58,2,61,50,0,50,111
09/27/2016,SDM,CA,AWP,WE,Federal Contract Tower,0,3,24,0,27,0,0,63,6,69,0,3,87,6,96,86,22,108,204
09/28/2016,SDM,CA,AWP,WE,Federal Contract Tower,0,4,22,2,28,0,0,70,0,70,0,4,92,2,98,112,0,112,210
09/29/2016,SDM,CA,AWP,WE,Federal Contract Tower,0,3,14,1,18,0,0,66,1,67,0,3,80,2,85,136,0,136,221
09/30/2016,SDM,CA,AWP,WE,Federal Contract Tower,0,10,17,0,27,0,0,73,1,74,0,10,90,1,101,156,18,174,275
10/01/2016,SDM,CA,AWP,WE,Federal Contract Tower,0,4,14,1,19,0,0,80,2,82,0,4,94,3,101,182,0,182,283
10/02/2016,SDM,CA,AWP,WE,Federal Contract Tower,0,3,21,0,24,0,0,66,0,66,0,3,87,0,90,92,0,92,182
10/03/2016,SDM,CA,AWP,WE,Federal Contract Tower,0,4,12,2,18,0,0,68,0,68,0,4,80,2,86,96,0,96,182
10/04/2016,SDM,CA,AWP,WE,Federal Contract Tower,0,7,20,0,27,0,0,125,0,125,0,7,145,0,152,148,0,148,300
10/05/2016,SDM,CA,AWP,WE,Federal Contract Tower,0,3,26,0,29,0,1,153,0,154,0,4,179,0,183,138,0,138,321
10/06/2016,SDM,CA,AWP,WE,Federal Contract Tower,0,5,18,0,23,0,0,123,2,125,0,5,141,2,148,216,0,216,364
10/07/2016,SDM,CA,AWP,WE,Federal Contract Tower,0,1,8,1,10,0,1,81,0,82,0,2,89,1,92,218,0,218,310
10/08/2016,SDM,CA,AWP,WE,Federal Contract Tower,0,3,10,4,17,0,0,121,0,121,0,3,131,4,138,208,0,208,346
10/09/2016,SDM,CA,AWP,WE,Federal Contract Tower,0,2,9,3,14,0,0,61,1,62,0,2,70,4,76,68,0,68,144
10/10/2016,SDM,CA,AWP,WE,Federal Contract Tower,0,1,15,2,18,0,0,94,0,94,0,1,109,2,112,162,0,162,274
10/11/2016,SDM,CA,AWP,WE,Federal Contract Tower,0,4,11,0,15,0,0,60,2,62,0,4,71,2,77,180,0,180,257
10/12/2016,SDM,CA,AWP,WE,Federal Contract Tower,0,3,17,0,20,0,1,43,6,50,0,4,60,6,70,90,50,140,210
10/13/2016,SDM,CA,AWP,WE,Federal Contract Tower,0,0,3,6,9,0,0,104,3,107,0,0,107,9,116,239,0,239,355
10/14/2016,SDM,CA,AWP,WE,Federal Contract Tower,0,4,22,0,26,0,0,78,4,82,0,4,100,4,108,144,40,184,292
10/15/2016,SDM,CA,AWP,WE,Federal Contract Tower,0,4,14,2,20,0,0,110,0,110,0,4,124,2,130,198,0,198,328
10/16/2016,SDM,CA,AWP,WE,Federal Contract Tower,0,3,22,1,26,0,0,68,0,68,0,3,90,1,94,91,0,91,185
10/17/2016,SDM,CA,AWP,WE,Federal Contract Tower,0,0,15,1,16,0,0,50,6,56,0,0,65,7,72,43,10,53,125
10/18/2016,SDM,CA,AWP,WE,Federal Contract Tower,0,2,8,0,10,0,0,73,6,79,0,2,81,6,89,104,8,112,201
10/19/2016,SDM,CA,AWP,WE,Federal Contract Tower,0,8,9,0,17,0,1,58,11,70,0,9,67,11,87,78,10,88,175
10/20/2016,SDM,CA,AWP,WE,Federal Contract Tower,0,7,14,0,21,0,0,80,10,90,0,7,94,10,111,110,0,110,221
10/21/2016,SDM,CA,AWP,WE,Federal Contract Tower,0,7,19,8,34,0,0,68,2,70,0,7,87,10,104,124,2,126,230
10/22/2016,SDM,CA,AWP,WE,Federal Contract Tower,0,1,13,1,15,0,0,107,14,121,0,1,120,15,136,130,34,164,300
10/23/2016,SDM,CA,AWP,WE,Federal Contract Tower,0,5,16,1,22,0,0,64,3,67,0,5,80,4,89,94,0,94,183
10/24/2016,SDM,CA,AWP,WE,Federal Contract Tower,0,4,16,0,20,0,0,43,4,47,0,4,59,4,67,44,16,60,127
10/25/2016,SDM,CA,AWP,WE,Federal Contract Tower,0,5,35,1,41,0,0,91,25,116,0,5,126,26,157,126,2,128,285
10/26/2016,SDM,CA,AWP,WE,Federal Contract Tower,0,5,23,0,28,0,0,61,19,80,0,5,84,19,108,60,0,60,168
10/27/2016,SDM,CA,AWP,WE,Federal Contract Tower,0,3,17,0,20,0,0,77,17,94,0,3,94,17,114,192,2,194,308
10/28/2016,SDM,CA,AWP,WE,Federal Contract Tower,0,2,15,0,17,0,0,49,4,53,0,2,64,4,70,156,6,162,232
10/29/2016,SDM,CA,AWP,WE,Federal Contract Tower,0,1,10,0,11,0,0,91,0,91,0,1,101,0,102,100,0,100,202
10/30/2016,SDM,CA,AWP,WE,Federal Contract Tower,0,2,26,1,29,0,0,72,0,72,0,2,98,1,101,52,0,52,153
11/01/2016,SDM,CA,AWP,WE,Federal Contract Tower,0,3,22,3,28,0,1,83,5,89,0,4,105,8,117,130,4,134,251
11/02/2016,SDM,CA,AWP,WE,Federal Contract Tower,0,8,20,0,28,0,1,94,0,95,0,9,114,0,123,154,1,155,278
11/03/2016,SDM,CA,AWP,WE,Federal Contract Tower,0,3,19,1,23,0,1,80,0,81,0,4,99,1,104,176,0,176,280
11/04/2016,SDM,CA,AWP,WE,Federal Contract Tower,0,3,19,5,27,0,1,78,7,86,0,4,97,12,113,138,2,140,253
11/05/2016,SDM,CA,AWP,WE,Federal Contract Tower,0,6,10,6,22,0,0,101,0,101,0,6,111,6,123,156,0,156,279
11/06/2016,SDM,CA,AWP,WE,Federal Contract Tower,1,3,19,5,28,0,0,71,2,73,1,3,90,7,101,92,2,94,195
11/07/2016,SDM,CA,AWP,WE,Federal Contract Tower,0,4,12,0,16,0,1,70,1,72,0,5,82,1,88,128,0,128,216
11/08/2016,SDM,CA,AWP,WE,Federal Contract Tower,0,4,12,0,16,0,1,80,2,83,0,5,92,2,99,199,2,201,300
11/09/2016,SDM,CA,AWP,WE,Federal Contract Tower,0,8,16,0,24,0,1,54,0,55,0,9,70,0,79,124,0,124,203
11/10/2016,SDM,CA,AWP,WE,Federal Contract Tower,0,8,23,2,33,0,0,61,10,71,0,8,84,12,104,114,36,150,254
11/11/2016,SDM,CA,AWP,WE,Federal Contract Tower,0,8,26,1,35,0,0,71,7,78,0,8,97,8,113,146,0,146,259
11/12/2016,SDM,CA,AWP,WE,Federal Contract Tower,0,1,12,0,13,0,0,125,11,136,0,1,137,11,149,121,0,121,270
11/13/2016,SDM,CA,AWP,WE,Federal Contract Tower,0,12,30,1,43,0,1,119,2,122,0,13,149,3,165,0,0,0,165
11/14/2016,SDM,CA,AWP,WE,Federal Contract Tower,0,2,22,0,24,0,0,83,0,83,0,2,105,0,107,116,0,116,223
11/15/2016,SDM,CA,AWP,WE,Federal Contract Tower,0,5,25,0,30,0,0,109,8,117,0,5,134,8,147,170,0,170,317
11/16/2016,SDM,CA,AWP,WE,Federal Contract Tower,0,5,23,1,29,0,0,42,4,46,0,5,65,5,75,94,2,96,171
11/17/2016,SDM,CA,AWP,WE,Federal Contract Tower,0,6,30,0,36,0,0,84,2,86,0,6,114,2,122,256,0,256,378
11/18/2016,SDM,CA,AWP,WE,Federal Contract Tower,0,13,19,3,35,0,2,85,5,92,0,15,104,8,127,96,0,96,223
11/19/2016,SDM,CA,AWP,WE,Federal Contract Tower,0,10,25,5,40,0,1,174,16,191,0,11,199,21,231,198,36,234,465
11/20/2016,SDM,CA,AWP,WE,Federal Contract Tower,0,9,29,3,41,0,0,55,6,61,0,9,84,9,102,70,0,70,172
11/21/2016,SDM,CA,AWP,WE,Federal Contract Tower,0,4,20,1,25,0,0,37,1,38,0,4,57,2,63,46,0,46,109
11/22/2016,SDM,CA,AWP,WE,Federal Contract Tower,0,9,13,0,22,0,1,75,0,76,0,10,88,0,98,114,0,114,212
11/23/2016,SDM,CA,AWP,WE,Federal Contract Tower,0,3,20,0,23,0,0,83,1,84,0,3,103,1,107,192,0,192,299
11/24/2016,SDM,CA,AWP,WE,Federal Contract Tower,0,2,3,0,5,0,0,21,1,22,0,2,24,1,27,26,0,26,53
11/25/2016,SDM,CA,AWP,WE,Federal Contract Tower,0,5,11,0,16,0,0,50,0,50,0,5,61,0,66,74,0,74,140
11/26/2016,SDM,CA,AWP,WE,Federal Contract Tower,0,5,24,0,29,0,1,28,0,29,0,6,52,0,58,33,0,33,91
11/27/2016,SDM,CA,AWP,WE,Federal Contract Tower,0,8,40,0,48,0,0,13,0,13,0,8,53,0,61,32,0,32,93
11/28/2016,SDM,CA,AWP,WE,Federal Contract Tower,0,3,19,0,22,0,0,34,3,37,0,3,53,3,59,110,0,110,169
11/29/2016,SDM,CA,AWP,WE,Federal Contract Tower,0,2,24,1,27,0,0,89,2,91,0,2,113,3,118,138,4,142,260
11/30/2016,SDM,CA,AWP,WE,Federal Contract Tower,0,0,24,0,24,0,0,65,1,66,0,0,89,1,90,144,0,144,234
12/01/2016,SDM,CA,AWP,WE,Federal Contract Tower,0,5,23,0,28,0,0,57,0,57,0,5,80,0,85,180,0,180,265
12/02/2016,SDM,CA,AWP,WE,Federal Contract Tower,0,5,24,8,37,0,0,87,8,95,0,5,111,16,132,152,2,154,286
12/03/2016,SDM,CA,AWP,WE,Federal Contract Tower,0,6,5,8,19,0,0,93,5,98,0,6,98,13,117,172,0,172,289
12/04/2016,SDM,CA,AWP,WE,Federal Contract Tower,0,4,28,4,36,0,0,81,6,87,0,4,109,10,123,110,0,110,233
12/05/2016,SDM,CA,AWP,WE,Federal Contract Tower,0,5,10,0,15,0,0,71,11,82,0,5,81,11,97,88,46,134,231
12/06/2016,SDM,CA,AWP,WE,Federal Contract Tower,0,5,21,1,27,0,0,54,0,54,0,5,75,1,81,56,0,56,137
12/07/2016,SDM,CA,AWP,WE,Federal Contract Tower,0,10,15,1,26,0,0,66,4,70,0,10,81,5,96,84,4,88,184
12/08/2016,SDM,CA,AWP,WE,Federal Contract Tower,0,8,23,1,32,0,0,74,5,79,0,8,97,6,111,202,16,218,329
12/09/2016,SDM,CA,AWP,WE,Federal Contract Tower,0,3,19,5,27,0,1,82,1,84,0,4,101,6,111,110,0,110,221
12/10/2016,SDM,CA,AWP,WE,Federal Contract Tower,0,4,18,9,31,0,0,101,2,103,0,4,119,11,134,100,10,110,244
12/11/2016,SDM,CA,AWP,WE,Federal Contract Tower,0,8,28,3,39,0,0,50,1,51,0,8,78,4,90,96,0,96,186
12/12/2016,SDM,CA,AWP,WE,Federal Contract Tower,0,1,16,4,21,0,0,106,5,111,0,1,122,9,132,78,7,85,217
12/13/2016,SDM,CA,AWP,WE,Federal Contract Tower,0,3,17,0,20,0,1,84,0,85,0,4,101,0,105,176,0,176,281
12/14/2016,SDM,CA,AWP,WE,Federal Contract Tower,0,5,6,2,13,0,0,93,2,95,0,5,99,4,108,154,2,156,264
12/15/2016,SDM,CA,AWP,WE,Federal Contract Tower,0,4,15,3,22,0,1,54,5,60,0,5,69,8,82,116,0,116,198
12/16/2016,SDM,CA,AWP,WE,Federal Contract Tower,0,5,7,0,12,0,0,0,4,4,0,5,7,4,16,0,30,30,46
12/17/2016,SDM,CA,AWP,WE,Federal Contract Tower,0,4,30,3,37,0,0,108,6,114,0,4,138,9,151,118,0,118,269
12/18/2016,SDM,CA,AWP,WE,Federal Contract Tower,0,8,16,3,27,0,0,88,9,97,0,8,104,12,124,152,0,152,276
12/19/2016,SDM,CA,AWP,WE,Federal Contract Tower,2,3,26,0,31,0,1,93,0,94,2,4,119,0,125,172,0,172,297
12/20/2016,SDM,CA,AWP,WE,Federal Contract Tower,0,7,26,0,33,0,0,74,0,74,0,7,100,0,107,110,0,110,217
12/21/2016,SDM,CA,AWP,WE,Federal Contract Tower,1,6,24,2,33,0,1,78,1,80,1,7,102,3,113,216,0,216,329
12/22/2016,SDM,CA,AWP,WE,Federal Contract Tower,0,2,13,0,15,0,0,3,0,3,0,2,16,0,18,0,0,0,18
12/23/2016,SDM,CA,AWP,WE,Federal Contract Tower,0,4,19,0,23,0,0,17,0,17,0,4,36,0,40,40,0,40,80
12/24/2016,SDM,CA,AWP,WE,Federal Contract Tower,0,4,3,0,7,0,0,10,0,10,0,4,13,0,17,6,0,6,23
12/25/2016,SDM,CA,AWP,WE,Federal Contract Tower,0,5,8,0,13,0,0,23,0,23,0,5,31,0,36,24,0,24,60
12/26/2016,SDM,CA,AWP,WE,Federal Contract Tower,0,16,38,0,54,0,0,78,0,78,0,16,116,0,132,80,0,80,212
12/27/2016,SDM,CA,AWP,WE,Federal Contract Tower,0,6,24,0,30,0,0,104,0,104,0,6,128,0,134,275,0,275,409
12/28/2016,SDM,CA,AWP,WE,Federal Contract Tower,0,8,22,1,31,0,1,96,2,99,0,9,118,3,130,194,2,196,326
12/29/2016,SDM,CA,AWP,WE,Federal Contract Tower,0,3,20,0,23,0,0,77,1,78,0,3,97,1,101,144,0,144,245
12/30/2016,SDM,CA,AWP,WE,Federal Contract Tower,0,7,16,0,23,0,0,14,2,16,0,7,30,2,39,106,2,108,147
12/31/2016,SDM,CA,AWP,WE,Federal Contract Tower,0,4,5,0,9,0,0,11,0,11,0,4,16,0,20,34,0,34,54
01/01/2017,SDM,CA,AWP,WE,Federal Contract Tower,0,3,10,0,13,0,0,46,0,46,0,3,56,0,59,80,0,80,139
01/02/2017,SDM,CA,AWP,WE,Federal Contract Tower,0,9,45,0,54,0,0,39,0,39,0,9,84,0,93,166,0,166,259
01/03/2017,SDM,CA,AWP,WE,Federal Contract Tower,0,3,34,0,37,0,0,56,0,56,0,3,90,0,93,152,0,152,245
01/04/2017,SDM,CA,AWP,WE,Federal Contract Tower,0,7,20,0,27,0,0,71,0,71,0,7,91,0,98,144,0,144,242
01/05/2017,SDM,CA,AWP,WE,Federal Contract Tower,0,3,11,0,14,0,0,2,0,2,0,3,13,0,16,8,0,8,24
01/06/2017,SDM,CA,AWP,WE,Federal Contract Tower,2,4,13,3,22,0,0,63,4,67,2,4,76,7,89,142,12,154,243
01/07/2017,SDM,CA,AWP,WE,Federal Contract Tower,0,1,19,8,28,0,0,89,1,90,0,1,108,9,118,157,0,157,275
01/08/2017,SDM,CA,AWP,WE,Federal Contract Tower,0,4,26,3,33,0,2,95,1,98,0,6,121,4,131,80,0,80,211
01/09/2017,SDM,CA,AWP,WE,Federal Contract Tower,0,5,11,0,16,0,0,15,2,17,0,5,26,2,33,34,44,78,111
01/10/2017,SDM,CA,AWP,WE,Federal Contract Tower,0,3,22,5,30,0,0,74,2,76,0,3,96,7,106,198,18,216,322
01/11/2017,SDM,CA,AWP,WE,Federal Contract Tower,0,2,20,1,23,0,0,8,2,10,0,2,28,3,33,40,18,58,91
01/12/2017,SDM,CA,AWP,WE,Federal Contract Tower,0,5,9,0,14,0,0,23,0,23,0,5,32,0,37,118,0,118,155
01/13/2017,SDM,CA,AWP,WE,Federal Contract Tower,0,8,13,5,26,0,0,34,4,38,0,8,47,9,64,102,18,120,184
01/14/2017,SDM,CA,AWP,WE,Federal Contract Tower,0,5,24,6,35,0,1,172,1,174,0,6,196,7,209,167,2,169,378
01/15/2017,SDM,CA,AWP,WE,Federal Contract Tower,0,2,17,4,23,0,0,49,0,49,0,2,66,4,72,16,0,16,88
01/16/2017,SDM,CA,AWP,WE,Federal Contract Tower,0,6,18,2,26,0,0,93,3,96,0,6,111,5,122,144,10,154,276
01/17/2017,SDM,CA,AWP,WE,Federal Contract Tower,0,0,18,4,22,0,0,101,0,101,0,0,119,4,123,186,0,186,309
01/18/2017,SDM,CA,AWP,WE,Federal Contract Tower,0,2,23,0,25,0,0,74,8,82,0,2,97,8,107,92,2,94,201
01/19/2017,SDM,CA,AWP,WE,Federal Contract Tower,0,2,3,2,7,0,0,11,4,15,0,2,14,6,22,58,0,58,80
01/20/2017,SDM,CA,AWP,WE,Federal Contract Tower,0,0,7,0,7,0,0,0,0,0,0,0,7,0,7,0,0,0,7
01/21/2017,SDM,CA,AWP,WE,Federal Contract Tower,0,0,17,1,18,0,0,28,5,33,0,0,45,6,51,98,6,104,155
01/22/2017,SDM,CA,AWP,WE,Federal Contract Tower,0,2,9,1,12,0,0,18,1,19,0,2,27,2,31,72,0,72,103
01/23/2017,SDM,CA,AWP,WE,Federal Contract Tower,0,5,5,1,11,0,0,3,0,3,0,5,8,1,14,8,0,8,22
01/24/2017,SDM,CA,AWP,WE,Federal Contract Tower,0,4,21,0,25,0,0,39,4,43,0,4,60,4,68,94,28,122,190
01/25/2017,SDM,CA,AWP,WE,Federal Contract Tower,0,5,23,3,31,0,0,106,7,113,0,5,129,10,144,96,8,104,248
01/26/2017,SDM,CA,AWP,WE,Federal Contract Tower,0,11,20,7,38,0,0,94,2,96,0,11,114,9,134,276,0,276,410
01/27/2017,SDM,CA,AWP,WE,Federal Contract Tower,0,7,10,6,23,0,0,34,1,35,0,7,44,7,58,50,0,50,108
01/28/2017,SDM,CA,AWP,WE,Federal Contract Tower,0,3,20,7,30,0,0,141,1,142,0,3,161,8,172,236,0,236,408
01/29/2017,SDM,CA,AWP,WE,Federal Contract Tower,0,12,12,6,30,0,0,111,1,112,0,12,123,7,142,131,14,145,287
01/30/2017,SDM,CA,AWP,WE,Federal Contract Tower,0,5,14,0,19,0,0,62,2,64,0,5,76,2,83,126,2,128,211
01/31/2017,SDM,CA,AWP,WE,Federal Contract Tower,0,8,21,0,29,0,0,94,4,98,0,8,115,4,127,201,18,219,346
02/01/2017,SDM,CA,AWP,WE,Federal Contract Tower,0,4,37,0,41,0,0,85,0,85,0,4,122,0,126,132,0,132,258
02/02/2017,SDM,CA,AWP,WE,Federal Contract Tower,0,3,22,0,25,0,0,70,6,76,0,3,92,6,101,198,10,208,309
02/03/2017,SDM,CA,AWP,WE,Federal Contract Tower,0,9,20,3,32,0,0,66,6,72,0,9,86,9,104,302,8,310,414
02/04/2017,SDM,CA,AWP,WE,Federal Contract Tower,0,0,13,4,17,0,0,81,5,86,0,0,94,9,103,252,0,252,355
02/05/2017,SDM,CA,AWP,WE,Federal Contract Tower,0,11,28,2,41,0,0,9,0,9,0,11,37,2,50,34,0,34,84
02/06/2017,SDM,CA,AWP,WE,Federal Contract Tower,0,6,40,1,47,0,0,23,2,25,0,6,63,3,72,84,0,84,156
02/07/2017,SDM,CA,AWP,WE,Federal Contract Tower,0,4,14,0,18,0,0,18,2,20,0,4,32,2,38,134,0,134,172
02/08/2017,SDM,CA,AWP,WE,Federal Contract Tower,0,7,19,0,26,0,0,88,16,104,0,7,107,16,130,260,28,288,418
02/09/2017,SDM,CA,AWP,WE,Federal Contract Tower,0,2,29,0,31,0,1,78,0,79,0,3,107,0,110,282,0,282,392
02/10/2017,SDM,CA,AWP,WE,Federal Contract Tower,0,5,23,3,31,0,0,22,7,29,0,5,45,10,60,36,22,58,118
02/11/2017,SDM,CA,AWP,WE,Federal Contract Tower,0,2,20,2,24,0,0,15,0,15,0,2,35,2,39,114,0,114,153
02/12/2017,SDM,CA,AWP,WE,Federal Contract Tower,0,4,23,0,27,0,0,96,8,104,0,4,119,8,131,190,2,192,323
02/13/2017,SDM,CA,AWP,WE,Federal Contract Tower,0,1,20,0,21,0,0,77,9,86,0,1,97,9,107,208,4,212,319
02/14/2017,SDM,CA,AWP,WE,Federal Contract Tower,0,4,12,2,18,0,0,60,14,74,0,4,72,16,92,108,10,118,210
02/15/2017,SDM,CA,AWP,WE,Federal Contract Tower,0,6,28,0,34,0,0,89,16,105,0,6,117,16,139,244,8,252,391
02/16/2017,SDM,CA,AWP,WE,Federal Contract Tower,0,5,20,0,25,0,0,76,5,81,0,5,96,5,106,128,8,136,242
02/17/2017,SDM,CA,AWP,WE,Federal Contract Tower,0,6,10,1,17,0,0,4,0,4,0,6,14,1,21,8,0,8,29
02/18/2017,SDM,CA,AWP,WE,Federal Contract Tower,0,7,5,0,12,0,1,17,0,18,0,8,22,0,30,32,0,32,62
02/19/2017,SDM,CA,AWP,WE,Federal Contract Tower,0,12,15,0,27,0,0,11,0,11,0,12,26,0,38,34,0,34,72
02/20/2017,SDM,CA,AWP,WE,Federal Contract Tower,0,2,30,5,37,0,0,87,0,87,0,2,117,5,124,209,0,209,333
02/21/2017,SDM,CA,AWP,WE,Federal Contract Tower,0,3,28,0,31,0,0,94,0,94,0,3,122,0,125,182,0,182,307
02/22/2017,SDM,CA,AWP,WE,Federal Contract Tower,0,10,28,0,38,0,0,57,2,59,0,10,85,2,97,122,4,126,223
02/23/2017,SDM,CA,AWP,WE,Federal Contract Tower,2,3,17,6,28,0,0,72,9,81,2,3,89,15,109,164,0,164,273
02/24/2017,SDM,CA,AWP,WE,Federal Contract Tower,0,5,22,11,38,0,0,74,26,100,0,5,96,37,138,164,30,194,332
02/25/2017,SDM,CA,AWP,WE,Federal Contract Tower,0,4,20,4,28,0,1,124,17,142,0,5,144,21,170,258,8,266,436
02/26/2017,SDM,CA,AWP,WE,Federal Contract Tower,0,4,32,5,41,0,0,10,0,10,0,4,42,5,51,66,0,66,117
02/27/2017,SDM,CA,AWP,WE,Federal Contract Tower,0,4,15,0,19,0,0,0,0,0,0,4,15,0,19,2,0,2,21
02/28/2017,SDM,CA,AWP,WE,Federal Contract Tower,0,2,23,1,26,0,0,60,9,69,0,2,83,10,95,122,2,124,219
03/01/2017,SDM,CA,AWP,WE,Federal Contract Tower,0,2,20,0,22,0,0,70,10,80,0,2,90,10,102,130,16,146,248
03/02/2017,SDM,CA,AWP,WE,Federal Contract Tower,0,4,14,1,19,0,0,55,2,57,0,4,69,3,76,74,20,94,170
03/03/2017,SDM,CA,AWP,WE,Federal Contract Tower,0,3,25,2,30,0,0,72,10,82,0,3,97,12,112,112,90,202,314
03/04/2017,SDM,CA,AWP,WE,Federal Contract Tower,0,2,21,2,25,0,0,76,1,77,0,2,97,3,102,182,0,182,284
03/05/2017,SDM,CA,AWP,WE,Federal Contract Tower,0,12,25,6,43,0,0,29,0,29,0,12,54,6,72,38,0,38,110
03/06/2017,SDM,CA,AWP,WE,Federal Contract Tower,0,0,11,1,12,0,0,95,0,95,0,0,106,1,107,205,22,227,334
03/07/2017,SDM,CA,AWP,WE,Federal Contract Tower,0,3,17,0,20,0,0,89,2,91,0,3,106,2,111,224,4,228,339
03/08/2017,SDM,CA,AWP,WE,Federal Contract Tower,0,2,21,0,23,0,0,95,10,105,0,2,116,10,128,193,0,193,321
03/09/2017,SDM,CA,AWP,WE,Federal Contract Tower,0,5,22,0,27,0,1,75,6,82,0,6,97,6,109,200,24,224,333
03/10/2017,SDM,CA,AWP,WE,Federal Contract Tower,0,7,10,2,19,0,0,65,17,82,0,7,75,19,101,146,6,152,253
03/11/2017,SDM,CA,AWP,WE,Federal Contract Tower,0,6,9,0,15,0,0,140,2,142,0,6,149,2,157,131,0,131,288
03/12/2017,SDM,CA,AWP,WE,Federal Contract Tower,0,5,13,0,18,0,1,63,0,64,0,6,76,0,82,50,0,50,132
03/13/2017,SDM,CA,AWP,WE,Federal Contract Tower,0,7,19,0,26,0,0,115,5,120,0,7,134,5,146,149,60,209,355
03/14/2017,SDM,CA,AWP,WE,Federal Contract Tower,0,3,19,0,22,0,1,101,10,112,0,4,120,10,134,182,0,182,316
03/15/2017,SDM,CA,AWP,WE,Federal Contract Tower,0,5,11,2,18,0,0,80,11,91,0,5,91,13,109,151,14,165,274
03/16/2017,SDM,CA,AWP,WE,Federal Contract Tower,0,1,13,2,16,0,0,97,14,111,0,1,110,16,127,213,4,217,344
03/17/2017,SDM,CA,AWP,WE,Federal Contract Tower,0,7,12,1,20,0,0,48,10,58,0,7,60,11,78,127,0,127,205
03/18/2017,SDM,CA,AWP,WE,Federal Contract Tower,0,6,19,2,27,0,0,123,18,141,0,6,142,20,168,172,8,180,348
03/19/2017,SDM,CA,AWP,WE,Federal Contract Tower,0,4,13,4,21,0,0,91,7,98,0,4,104,11,119,64,0,64,183
03/20/2017,SDM,CA,AWP,WE,Federal Contract Tower,0,4,27,1,32,0,0,51,1,52,0,4,78,2,84,64,0,64,148
03/21/2017,SDM,CA,AWP,WE,Federal Contract Tower,0,6,27,0,33,0,0,67,0,67,0,6,94,0,100,184,0,184,284
03/22/2017,SDM,CA,AWP,WE,Federal Contract Tower,0,0,12,0,12,0,0,15,4,19,0,0,27,4,31,24,6,30,61
03/23/2017,SDM,CA,AWP,WE,Federal Contract Tower,0,9,19,0,28,0,0,49,6,55,0,9,68,6,83,138,0,138,221
03/24/2017,SDM,CA,AWP,WE,Federal Contract Tower,0,7,7,0,14,0,0,74,1,75,0,7,81,1,89,136,24,160,249
03/25/2017,SDM,CA,AWP,WE,Federal Contract Tower,0,6,19,0,25,0,1,235,3,239,0,7,254,3,264,77,4,81,345
03/26/2017,SDM,CA,AWP,WE,Federal Contract Tower,0,8,29,1,38,0,0,67,1,68,0,8,96,2,106,89,0,89,195
03/27/2017,SDM,CA,AWP,WE,Federal Contract Tower,0,1,13,0,14,0,0,62,5,67,0,1,75,5,81,108,0,108,189
03/28/2017,SDM,CA,AWP,WE,Federal Contract Tower,0,10,21,0,31,0,0,75,0,75,0,10,96,0,106,148,0,148,254
03/29/2017,SDM,CA,AWP,WE,Federal Contract Tower,0,5,19,0,24,0,0,109,0,109,0,5,128,0,133,142,6,148,281
03/30/2017,SDM,CA,AWP,WE,Federal Contract Tower,0,5,16,2,23,0,0,56,3,59,0,5,72,5,82,88,10,98,180
03/31/2017,SDM,CA,AWP,WE,Federal Contract Tower,0,4,18,4,26,0,0,78,5,83,0,4,96,9,109,166,4,170,279
04/01/2017,SDM,CA,AWP,WE,Federal Contract Tower,0,5,24,2,31,0,0,115,0,115,0,5,139,2,146,150,0,150,296
04/02/2017,SDM,CA,AWP,WE,Federal Contract Tower,0,5,22,3,30,0,0,91,3,94,0,5,113,6,124,89,0,89,213
04/03/2017,SDM,CA,AWP,WE,Federal Contract Tower,0,4,19,1,24,0,0,78,7,85,0,4,97,8,109,92,8,100,209
04/04/2017,SDM,CA,AWP,WE,Federal Contract Tower,1,5,24,3,33,0,0,76,18,94,1,5,100,21,127,202,2,204,331
04/05/2017,SDM,CA,AWP,WE,Federal Contract Tower,0,3,29,0,32,0,0,78,4,82,0,3,107,4,114,150,2,152,266
04/06/2017,SDM,CA,AWP,WE,Federal Contract Tower,0,5,24,2,31,0,0,85,13,98,0,5,109,15,129,216,18,234,363
04/07/2017,SDM,CA,AWP,WE,Federal Contract Tower,0,6,16,5,27,0,0,55,7,62,0,6,71,12,89,140,20,160,249
04/08/2017,SDM,CA,AWP,WE,Federal Contract Tower,0,5,22,1,28,0,0,113,3,116,0,5,135,4,144,88,0,88,232
04/09/2017,SDM,CA,AWP,WE,Federal Contract Tower,0,5,25,0,30,0,1,88,4,93,0,6,113,4,123,116,0,116,239
04/10/2017,SDM,CA,AWP,WE,Federal Contract Tower,0,2,27,0,29,0,1,90,0,91,0,3,117,0,120,136,0,136,256
04/11/2017,SDM,CA,AWP,WE,Federal Contract Tower,0,2,25,0,27,0,0,103,4,107,0,2,128,4,134,226,8,234,368
04/12/2017,SDM,CA,AWP,WE,Federal Contract Tower,0,1,20,0,21,0,0,108,14,122,0,1,128,14,143,114,0,114,257
04/13/2017,SDM,CA,AWP,WE,Federal Contract Tower,0,5,16,1,22,0,0,64,1,65,0,5,80,2,87,183,0,183,270
04/14/2017,SDM,CA,AWP,WE,Federal Contract Tower,0,5,12,4,21,0,0,173,4,177,0,5,185,8,198,143,0,143,341
04/15/2017,SDM,CA,AWP,WE,Federal Contract Tower,0,3,12,4,19,0,0,197,2,199,0,3,209,6,218,89,0,89,307
04/16/2017,SDM,CA,AWP,WE,Federal Contract Tower,0,5,21,0,26,0,0,127,0,127,0,5,148,0,153,72,0,72,225
04/17/2017,SDM,CA,AWP,WE,Federal Contract Tower,0,3,19,1,23,0,0,111,6,117,0,3,130,7,140,166,4,170,310
04/18/2017,SDM,CA,AWP,WE,Federal Contract Tower,0,9,20,1,30,0,0,57,26,83,0,9,77,27,113,75,48,123,236
04/19/2017,SDM,CA,AWP,WE,Federal Contract Tower,0,7,19,1,27,0,0,75,15,90,0,7,94,16,117,124,11,135,252
04/20/2017,SDM,CA,AWP,WE,Federal Contract Tower,0,4,25,0,29,0,0,83,2,85,0,4,108,2,114,164,30,194,308
04/21/2017,SDM,CA,AWP,WE,Federal Contract Tower,0,10,21,2,33,0,0,110,7,117,0,10,131,9,150,174,14,188,338
04/22/2017,SDM,CA,AWP,WE,Federal Contract Tower,0,3,10,1,14,0,0,117,0,117,0,3,127,1,131,87,0,87,218
04/23/2017,SDM,CA,AWP,WE,Federal Contract Tower,0,6,41,5,52,0,0,81,2,83,0,6,122,7,135,152,0,152,287
04/24/2017,SDM,CA,AWP,WE,Federal Contract Tower,0,2,28,3,33,0,0,47,4,51,0,2,75,7,84,150,0,150,234
04/25/2017,SDM,CA,AWP,WE,Federal Contract Tower,0,10,29,1,40,0,2,67,11,80,0,12,96,12,120,178,0,178,298
04/26/2017,SDM,CA,AWP,WE,Federal Contract Tower,0,5,32,1,38,0,0,77,16,93,0,5,109,17,131,268,10,278,409
04/27/2017,SDM,CA,AWP,WE,Federal Contract Tower,0,10,15,0,25,0,0,38,0,38,0,10,53,0,63,198,20,218,281
04/28/2017,SDM,CA,AWP,WE,Federal Contract Tower,0,1,10,0,11,0,0,66,5,71,0,1,76,5,82,122,12,134,216
04/29/2017,SDM,CA,AWP,WE,Federal Contract Tower,0,4,20,4,28,0,3,100,2,105,0,7,120,6,133,181,0,181,314
04/30/2017,SDM,CA,AWP,WE,Federal Contract Tower,0,8,23,1,32,0,0,82,4,86,0,8,105,5,118,86,0,86,204
05/01/2017,SDM,CA,AWP,WE,Federal Contract Tower,0,3,22,0,25,0,2,79,7,88,0,5,101,7,113,117,0,117,230
05/02/2017,SDM,CA,AWP,WE,Federal Contract Tower,0,4,17,0,21,0,0,71,9,80,0,4,88,9,101,98,0,98,199
05/03/2017,SDM,CA,AWP,WE,Federal Contract Tower,0,7,23,0,30,0,2,67,0,69,0,9,90,0,99,115,1,116,215
05/04/2017,SDM,CA,AWP,WE,Federal Contract Tower,0,16,16,0,32,0,1,62,0,63,0,17,78,0,95,94,1,95,190
05/05/2017,SDM,CA,AWP,WE,Federal Contract Tower,0,5,27,1,33,0,0,4,0,4,0,5,31,1,37,31,38,69,106
05/06/2017,SDM,CA,AWP,WE,Federal Contract Tower,0,6,15,0,21,0,0,16,2,18,0,6,31,2,39,54,0,54,93
05/07/2017,SDM,CA,AWP,WE,Federal Contract Tower,0,11,19,0,30,0,0,8,0,8,0,11,27,0,38,0,0,0,38
05/08/2017,SDM,CA,AWP,WE,Federal Contract Tower,0,6,18,0,24,0,0,70,2,72,0,6,88,2,96,124,2,126,222
05/09/2017,SDM,CA,AWP,WE,Federal Contract Tower,0,3,15,1,19,0,0,41,3,44,0,3,56,4,63,36,4,40,103
05/10/2017,SDM,CA,AWP,WE,Federal Contract Tower,0,6,17,2,25,0,0,38,2,40,0,6,55,4,65,58,8,66,131
05/11/2017,SDM,CA,AWP,WE,Federal Contract Tower,0,1,18,0,19,0,1,55,2,58,0,2,73,2,77,114,4,118,195
05/12/2017,SDM,CA,AWP,WE,Federal Contract Tower,0,11,17,4,32,0,0,20,8,28,0,11,37,12,60,22,2,24,84
05/13/2017,SDM,CA,AWP,WE,Federal Contract Tower,0,9,14,1,24,0,3,137,11,151,0,12,151,12,175,88,0,88,263
05/14/2017,SDM,CA,AWP,WE,Federal Contract Tower,0,5,16,0,21,0,0,40,7,47,0,5,56,7,68,30,2,32,100
05/15/2017,SDM,CA,AWP,WE,Federal Contract Tower,0,4,19,1,24,0,0,7,14,21,0,4,26,15,45,98,0,98,143
05/16/2017,SDM,CA,AWP,WE,Federal Contract Tower,0,5,17,0,22,0,0,56,2,58,0,5,73,2,80,136,2,138,218
05/17/2017,SDM,CA,AWP,WE,Federal Contract Tower,0,6,23,2,31,0,1,35,6,42,0,7,58,8,73,94,6,100,173
05/18/2017,SDM,CA,AWP,WE,Federal Contract Tower,0,5,24,0,29,0,0,75,0,75,0,5,99,0,104,110,12,122,226
05/19/2017,SDM,CA,AWP,WE,Federal Contract Tower,0,10,24,0,34,0,0,67,2,69,0,10,91,2,103,216,10,226,329
05/20/2017,SDM,CA,AWP,WE,Federal Contract Tower,0,5,9,1,15,0,1,89,1,91,0,6,98,2,106,168,0,168,274
05/21/2017,SDM,CA,AWP,WE,Federal Contract Tower,0,8,25,1,34,0,1,93,3,97,0,9,118,4,131,159,0,159,290
05/22/2017,SDM,CA,AWP,WE,Federal Contract Tower,0,0,17,0,17,4,0,49,2,55,4,0,66,2,72,102,0,102,174
05/23/2017,SDM,CA,AWP,WE,Federal Contract Tower,0,8,14,2,24,0,1,62,8,71,0,9,76,10,95,184,26,210,305
05/24/2017,SDM,CA,AWP,WE,Federal Contract Tower,0,1,29,0,30,0,1,56,9,66,0,2,85,9,96,184,2,186,282
05/25/2017,SDM,CA,AWP,WE,Federal Contract Tower,0,9,18,0,27,0,3,34,6,43,0,12,52,6,70,158,30,188,258
05/26/2017,SDM,CA,AWP,WE,Federal Contract Tower,0,4,11,0,15,0,1,61,3,65,0,5,72,3,80,196,22,218,298
05/27/2017,SDM,CA,AWP,WE,Federal Contract Tower,0,9,12,2,23,0,0,106,5,111,0,9,118,7,134,201,6,207,341
05/28/2017,SDM,CA,AWP,WE,Federal Contract Tower,0,4,13,4,21,0,0,59,0,59,0,4,72,4,80,116,0,116,196
05/29/2017,SDM,CA,AWP,WE,Federal Contract Tower,0,4,30,2,36,0,0,1,24,25,0,4,31,26,61,22,0,22,83
05/30/2017,SDM,CA,AWP,WE,Federal Contract Tower,0,6,22,0,28,0,0,38,0,38,0,6,60,0,66,82,0,82,148
05/31/2017,SDM,CA,AWP,WE,Federal Contract Tower,0,1,25,0,26,0,0,16,2,18,0,1,41,2,44,86,2,88,132
06/01/2017,SDM,CA,AWP,WE,Federal Contract Tower,0,3,22,0,25,0,0,43,0,43,0,3,65,0,68,178,0,178,246
06/02/2017,SDM,CA,AWP,WE,Federal Contract Tower,0,2,24,3,29,0,0,50,0,50,0,2,74,3,79,128,0,128,207
06/03/2017,SDM,CA,AWP,WE,Federal Contract Tower,0,0,24,1,25,0,0,62,2,64,0,0,86,3,89,124,0,124,213
06/04/2017,SDM,CA,AWP,WE,Federal Contract Tower,0,4,38,5,47,0,1,40,0,41,0,5,78,5,88,30,0,30,118
06/05/2017,SDM,CA,AWP,WE,Federal Contract Tower,0,4,20,0,24,0,0,35,2,37,0,4,55,2,61,34,6,40,101
06/06/2017,SDM,CA,AWP,WE,Federal Contract Tower,0,3,25,0,28,0,1,16,0,17,0,4,41,0,45,36,0,36,81
06/08/2017,SDM,CA,AWP,WE,Federal Contract Tower,0,5,29,0,34,0,0,64,3,67,0,5,93,3,101,168,4,172,273
06/09/2017,SDM,CA,AWP,WE,Federal Contract Tower,0,4,18,8,30,0,0,69,6,75,0,4,87,14,105,163,8,171,276
06/10/2017,SDM,CA,AWP,WE,Federal Contract Tower,0,3,22,4,29,0,0,54,4,58,0,3,76,8,87,216,0,216,303
06/11/2017,SDM,CA,AWP,WE,Federal Contract Tower,0,13,18,5,36,0,0,41,7,48,0,13,59,12,84,31,4,35,119
06/12/2017,SDM,CA,AWP,WE,Federal Contract Tower,0,3,13,0,16,0,0,54,46,100,0,3,67,46,116,170,8,178,294
06/13/2017,SDM,CA,AWP,WE,Federal Contract Tower,0,4,17,0,21,0,1,66,40,107,0,5,83,40,128,139,0,139,267
06/14/2017,SDM,CA,AWP,WE,Federal Contract Tower,0,5,14,1,20,0,0,84,43,127,0,5,98,44,147,214,0,214,361
06/15/2017,SDM,CA,AWP,WE,Federal Contract Tower,0,8,24,0,32,0,0,86,20,106,0,8,110,20,138,122,0,122,260
06/16/2017,SDM,CA,AWP,WE,Federal Contract Tower,0,3,30,1,34,0,0,77,25,102,0,3,107,26,136,178,4,182,318
06/17/2017,SDM,CA,AWP,WE,Federal Contract Tower,0,3,11,1,15,0,0,78,18,96,0,3,89,19,111,134,0,134,245
06/18/2017,SDM,CA,AWP,WE,Federal Contract Tower,0,0,13,3,16,0,0,107,6,113,0,0,120,9,129,84,0,84,213
06/19/2017,SDM,CA,AWP,WE,Federal Contract Tower,0,3,11,0,14,0,0,79,10,89,0,3,90,10,103,189,0,189,292
06/20/2017,SDM,CA,AWP,WE,Federal Contract Tower,0,9,27,0,36,0,0,92,12,104,0,9,119,12,140,117,6,123,263
06/21/2017,SDM,CA,AWP,WE,Federal Contract Tower,0,9,28,0,37,0,0,83,12,95,0,9,111,12,132,200,70,270,402
06/22/2017,SDM,CA,AWP,WE,Federal Contract Tower,0,6,20,0,26,0,1,63,8,72,0,7,83,8,98,66,0,66,164
06/23/2017,SDM,CA,AWP,WE,Federal Contract Tower,0,3,19,5,27,0,0,59,11,70,0,3,78,16,97,158,0,158,255
06/24/2017,SDM,CA,AWP,WE,Federal Contract Tower,0,1,20,4,25,0,0,94,1,95,0,1,114,5,120,158,0,158,278
06/25/2017,SDM,CA,AWP,WE,Federal Contract Tower,0,5,18,5,28,0,0,92,5,97,0,5,110,10,125,104,0,104,229
06/26/2017,SDM,CA,AWP,WE,Federal Contract Tower,0,6,17,0,23,0,0,72,2,74,0,6,89,2,97,110,0,110,207
06/27/2017,SDM,CA,AWP,WE,Federal Contract Tower,0,8,17,0,25,0,0,71,3,74,0,8,88,3,99,148,0,148,247
06/28/2017,SDM,CA,AWP,WE,Federal Contract Tower,0,1,22,1,24,0,0,92,15,107,0,1,114,16,131,148,2,150,281
06/29/2017,SDM,CA,AWP,WE,Federal Contract Tower,0,3,27,1,31,0,0,88,5,93,0,3,115,6,124,256,0,256,380
06/30/2017,SDM,CA,AWP,WE,Federal Contract Tower,0,13,17,5,35,0,0,90,8,98,0,13,107,13,133,237,8,245,378
07/01/2017,SDM,CA,AWP,WE,Federal Contract Tower,0,3,23,8,34,0,0,117,5,122,0,3,140,13,156,106,0,106,262
07/02/2017,SDM,CA,AWP,WE,Federal Contract Tower,0,3,11,3,17,0,0,94,6,100,0,3,105,9,117,76,0,76,193
07/03/2017,SDM,CA,AWP,WE,Federal Contract Tower,2,3,20,2,27,0,0,72,1,73,2,3,92,3,100,156,0,156,256
07/04/2017,SDM,CA,AWP,WE,Federal Contract Tower,0,10,12,0,22,0,0,73,0,73,0,10,85,0,95,72,0,72,167
07/05/2017,SDM,CA,AWP,WE,Federal Contract Tower,0,3,24,0,27,0,0,73,1,74,0,3,97,1,101,148,0,148,249
07/06/2017,SDM,CA,AWP,WE,Federal Contract Tower,0,4,13,0,17,0,0,103,16,119,0,4,116,16,136,212,0,212,348
07/07/2017,SDM,CA,AWP,WE,Federal Contract Tower,0,8,11,1,20,1,0,91,7,99,1,8,102,8,119,128,2,130,249
07/08/2017,SDM,CA,AWP,WE,Federal Contract Tower,0,8,19,0,27,0,0,111,7,118,0,8,130,7,145,66,2,68,213
07/09/2017,SDM,CA,AWP,WE,Federal Contract Tower,0,7,21,0,28,0,0,47,2,49,0,7,68,2,77,54,0,54,131
07/10/2017,SDM,CA,AWP,WE,Federal Contract Tower,0,4,17,0,21,0,1,58,6,65,0,5,75,6,86,196,18,214,300
07/11/2017,SDM,CA,AWP,WE,Federal Contract Tower,0,4,16,0,20,0,0,90,0,90,0,4,106,0,110,216,0,216,326
07/12/2017,SDM,CA,AWP,WE,Federal Contract Tower,0,1,18,0,19,0,0,75,0,75,0,1,93,0,94,138,0,138,232
07/13/2017,SDM,CA,AWP,WE,Federal Contract Tower,0,2,13,2,17,0,0,75,2,77,0,2,88,4,94,132,18,150,244
07/14/2017,SDM,CA,AWP,WE,Federal Contract Tower,0,9,13,0,22,0,0,108,0,108,0,9,121,0,130,152,0,152,282
07/15/2017,SDM,CA,AWP,WE,Federal Contract Tower,0,4,18,0,22,0,1,125,0,126,0,5,143,0,148,82,0,82,230
07/16/2017,SDM,CA,AWP,WE,Federal Contract Tower,2,9,25,0,36,0,0,70,0,70,2,9,95,0,106,72,0,72,178
07/17/2017,SDM,CA,AWP,WE,Federal Contract Tower,0,6,15,0,21,0,2,60,2,64,0,8,75,2,85,64,0,64,149
07/18/2017,SDM,CA,AWP,WE,Federal Contract Tower,0,2,11,0,13,0,0,88,0,88,0,2,99,0,101,165,0,165,266
07/19/2017,SDM,CA,AWP,WE,Federal Contract Tower,0,4,24,0,28,0,0,65,8,73,0,4,89,8,101,104,0,104,205
07/20/2017,SDM,CA,AWP,WE,Federal Contract Tower,0,5,25,0,30,0,0,53,6,59,0,5,78,6,89,86,34,120,209
07/21/2017,SDM,CA,AWP,WE,Federal Contract Tower,0,7,27,2,36,0,0,68,5,73,0,7,95,7,109,106,24,130,239
07/22/2017,SDM,CA,AWP,WE,Federal Contract Tower,0,2,15,2,19,0,0,130,9,139,0,2,145,11,158,151,24,175,333
07/23/2017,SDM,CA,AWP,WE,Federal Contract Tower,0,3,15,3,21,0,0,60,4,64,0,3,75,7,85,112,0,112,197
07/24/2017,SDM,CA,AWP,WE,Federal Contract Tower,0,5,18,0,23,0,0,64,1,65,0,5,82,1,88,118,0,118,206
07/25/2017,SDM,CA,AWP,WE,Federal Contract Tower,0,5,17,0,22,0,0,28,0,28,0,5,45,0,50,40,0,40,90
07/26/2017,SDM,CA,AWP,WE,Federal Contract Tower,0,4,18,0,22,0,0,61,0,61,0,4,79,0,83,94,0,94,177
07/27/2017,SDM,CA,AWP,WE,Federal Contract Tower,0,4,19,0,23,0,0,67,0,67,0,4,86,0,90,178,0,178,268
07/28/2017,SDM,CA,AWP,WE,Federal Contract Tower,0,8,12,1,21,0,0,83,6,89,0,8,95,7,110,188,0,188,298
07/29/2017,SDM,CA,AWP,WE,Federal Contract Tower,0,1,18,3,22,0,0,88,4,92,0,1,106,7,114,90,0,90,204
07/30/2017,SDM,CA,AWP,WE,Federal Contract Tower,0,9,24,0,33,0,1,101,6,108,0,10,125,6,141,132,0,132,273
07/31/2017,SDM,CA,AWP,WE,Federal Contract Tower,0,5,16,0,21,0,0,86,0,86,0,5,102,0,107,172,0,172,279
08/01/2017,SDM,CA,AWP,WE,Federal Contract Tower,0,7,16,0,23,0,0,66,0,66,0,7,82,0,89,112,0,112,201
08/02/2017,SDM,CA,AWP,WE,Federal Contract Tower,0,2,17,1,20,0,0,56,1,57,0,2,73,2,77,66,0,66,143
08/03/2017,SDM,CA,AWP,WE,Federal Contract Tower,0,4,17,0,21,0,0,70,2,72,0,4,87,2,93,210,0,210,303
08/04/2017,SDM,CA,AWP,WE,Federal Contract Tower,0,7,12,3,22,0,0,55,37,92,0,7,67,40,114,50,0,50,164
08/05/2017,SDM,CA,AWP,WE,Federal Contract Tower,0,4,16,0,20,0,0,116,0,116,0,4,132,0,136,166,0,166,302
08/06/2017,SDM,CA,AWP,WE,Federal Contract Tower,0,7,15,5,27,0,1,77,1,79,0,8,92,6,106,67,0,67,173
08/07/2017,SDM,CA,AWP,WE,Federal Contract Tower,0,1,19,3,23,0,0,74,3,77,0,1,93,6,100,138,3,141,241
08/08/2017,SDM,CA,AWP,WE,Federal Contract Tower,0,4,19,2,25,0,2,79,30,111,0,6,98,32,136,177,10,187,323
08/09/2017,SDM,CA,AWP,WE,Federal Contract Tower,0,6,26,5,37,0,0,77,36,113,0,6,103,41,150,208,0,208,358
08/10/2017,SDM,CA,AWP,WE,Federal Contract Tower,0,3,18,3,24,0,0,80,15,95,0,3,98,18,119,178,0,178,297
08/11/2017,SDM,CA,AWP,WE,Federal Contract Tower,0,1,17,4,22,0,0,82,31,113,0,1,99,35,135,128,46,174,309
08/12/2017,SDM,CA,AWP,WE,Federal Contract Tower,0,1,10,3,14,0,1,126,4,131,0,2,136,7,145,105,0,105,250
08/13/2017,SDM,CA,AWP,WE,Federal Contract Tower,0,4,15,13,32,0,0,79,2,81,0,4,94,15,113,83,0,83,196
08/14/2017,SDM,CA,AWP,WE,Federal Contract Tower,0,6,19,2,27,0,2,75,2,79,0,8,94,4,106,120,22,142,248
08/15/2017,SDM,CA,AWP,WE,Federal Contract Tower,0,10,16,0,26,0,0,57,2,59,0,10,73,2,85,54,0,54,139
08/16/2017,SDM,CA,AWP,WE,Federal Contract Tower,0,5,18,0,23,0,0,77,4,81,0,5,95,4,104,150,0,150,254
08/17/2017,SDM,CA,AWP,WE,Federal Contract Tower,0,1,15,1,17,0,0,102,1,103,0,1,117,2,120,172,0,172,292
08/18/2017,SDM,CA,AWP,WE,Federal Contract Tower,0,7,20,1,28,0,0,81,12,93,0,7,101,13,121,140,2,142,263
08/19/2017,SDM,CA,AWP,WE,Federal Contract Tower,0,10,20,0,30,0,0,131,13,144,0,10,151,13,174,54,0,54,228
08/20/2017,SDM,CA,AWP,WE,Federal Contract Tower,0,4,32,0,36,0,11,87,11,109,0,15,119,11,145,54,0,54,199
08/21/2017,SDM,CA,AWP,WE,Federal Contract Tower,0,7,12,1,20,0,0,73,1,74,0,7,85,2,94,88,0,88,182
08/22/2017,SDM,CA,AWP,WE,Federal Contract Tower,0,2,18,0,20,0,0,57,2,59,0,2,75,2,79,126,0,126,205
08/23/2017,SDM,CA,AWP,WE,Federal Contract Tower,0,7,21,0,28,0,0,7,0,7,0,7,28,0,35,38,0,38,73
08/24/2017,SDM,CA,AWP,WE,Federal Contract Tower,0,1,8,0,9,0,0,19,0,19,0,1,27,0,28,104,0,104,132
08/25/2017,SDM,CA,AWP,WE,Federal Contract Tower,0,5,19,0,24,0,0,65,0,65,0,5,84,0,89,139,0,139,228
08/26/2017,SDM,CA,AWP,WE,Federal Contract Tower,0,8,11,7,26,0,0,108,2,110,0,8,119,9,136,122,0,122,258
08/27/2017,SDM,CA,AWP,WE,Federal Contract Tower,0,3,13,2,18,0,0,60,9,69,0,3,73,11,87,42,2,44,131
08/28/2017,SDM,CA,AWP,WE,Federal Contract Tower,0,2,16,2,20,0,0,69,0,69,0,2,85,2,89,208,0,208,297
08/29/2017,SDM,CA,AWP,WE,Federal Contract Tower,0,0,22,3,25,0,0,83,4,87,0,0,105,7,112,72,12,84,196
08/30/2017,SDM,CA,AWP,WE,Federal Contract Tower,0,4,19,3,26,0,0,85,9,94,0,4,104,12,120,138,4,142,262
08/31/2017,SDM,CA,AWP,WE,Federal Contract Tower,0,3,12,4,19,0,0,79,7,86,0,3,91,11,105,114,2,116,221
09/01/2017,SDM,CA,AWP,WE,Federal Contract Tower,0,3,11,1,15,0,1,88,14,103,0,4,99,15,118,160,0,160,278
09/02/2017,SDM,CA,AWP,WE,Federal Contract Tower,0,2,18,0,20,0,0,98,0,98,0,2,116,0,118,140,0,140,258
09/03/2017,SDM,CA,AWP,WE,Federal Contract Tower,0,2,10,1,13,0,0,21,3,24,0,2,31,4,37,46,0,46,83
09/04/2017,SDM,CA,AWP,WE,Federal Contract Tower,0,3,20,1,24,0,0,43,1,44,0,3,63,2,68,22,0,22,90
09/05/2017,SDM,CA,AWP,WE,Federal Contract Tower,0,0,17,0,17,0,0,65,2,67,0,0,82,2,84,139,0,139,223
09/06/2017,SDM,CA,AWP,WE,Federal Contract Tower,0,2,17,6,25,0,1,84,2,87,0,3,101,8,112,180,10,190,302
09/07/2017,SDM,CA,AWP,WE,Federal Contract Tower,0,0,20,0,20,0,1,104,0,105,0,1,124,0,125,172,0,172,297
09/08/2017,SDM,CA,AWP,WE,Federal Contract Tower,0,1,17,0,18,0,0,102,0,102,0,1,119,0,120,116,0,116,236
09/09/2017,SDM,CA,AWP,WE,Federal Contract Tower,0,1,18,3,22,0,0,177,4,181,0,1,195,7,203,106,0,106,309
09/10/2017,SDM,CA,AWP,WE,Federal Contract Tower,0,1,10,1,12,0,0,99,4,103,0,1,109,5,115,121,0,121,236
09/11/2017,SDM,CA,AWP,WE,Federal Contract Tower,0,4,18,0,22,0,0,87,2,89,0,4,105,2,111,114,2,116,227
09/12/2017,SDM,CA,AWP,WE,Federal Contract Tower,0,0,15,0,15,0,0,58,2,60,0,0,73,2,75,54,0,54,129
09/13/2017,SDM,CA,AWP,WE,Federal Contract Tower,0,1,17,0,18,0,0,63,4,67,0,1,80,4,85,182,30,212,297
09/14/2017,SDM,CA,AWP,WE,Federal Contract Tower,0,6,11,0,17,0,0,71,43,114,0,6,82,43,131,88,2,90,221
09/15/2017,SDM,CA,AWP,WE,Federal Contract Tower,0,3,17,1,21,0,0,47,0,47,0,3,64,1,68,58,0,58,126
09/16/2017,SDM,CA,AWP,WE,Federal Contract Tower,0,4,15,1,20,0,0,103,1,104,0,4,118,2,124,142,0,142,266
09/17/2017,SDM,CA,AWP,WE,Federal Contract Tower,0,6,7,3,16,0,0,59,1,60,0,6,66,4,76,72,0,72,148
09/18/2017,SDM,CA,AWP,WE,Federal Contract Tower,0,6,16,4,26,0,1,67,0,68,0,7,83,4,94,130,0,130,224
09/19/2017,SDM,CA,AWP,WE,Federal Contract Tower,0,0,9,0,9,0,1,49,4,54,0,1,58,4,63,70,14,84,147
09/20/2017,SDM,CA,AWP,WE,Federal Contract Tower,0,4,18,2,24,0,0,84,3,87,0,4,102,5,111,164,0,164,275
09/21/2017,SDM,CA,AWP,WE,Federal Contract Tower,0,0,13,4,17,0,0,39,4,43,0,0,52,8,60,114,8,122,182
09/22/2017,SDM,CA,AWP,WE,Federal Contract Tower,0,3,9,4,16,0,0,65,5,70,0,3,74,9,86,104,0,104,190
09/23/2017,SDM,CA,AWP,WE,Federal Contract Tower,0,9,2,0,11,0,0,116,9,125,0,9,118,9,136,88,0,88,224
09/24/2017,SDM,CA,AWP,WE,Federal Contract Tower,0,4,8,8,20,0,0,87,11,98,0,4,95,19,118,130,0,130,248
09/25/2017,SDM,CA,AWP,WE,Federal Contract Tower,0,1,18,1,20,0,0,70,8,78,0,1,88,9,98,149,0,149,247
09/26/2017,SDM,CA,AWP,WE,Federal Contract Tower,0,3,21,0,24,0,0,81,6,87,0,3,102,6,111,106,0,106,217
09/27/2017,SDM,CA,AWP,WE,Federal Contract Tower,0,1,14,0,15,0,0,84,5,89,0,1,98,5,104,128,0,128,232
09/28/2017,SDM,CA,AWP,WE,Federal Contract Tower,0,0,14,0,14,0,0,104,28,132,0,0,118,28,146,206,6,212,358
09/29/2017,SDM,CA,AWP,WE,Federal Contract Tower,0,2,15,3,20,0,0,64,30,94,0,2,79,33,114,112,36,148,262
09/30/2017,SDM,CA,AWP,WE,Federal Contract Tower,0,2,12,0,14,0,0,109,13,122,0,2,121,13,136,102,0,102,238
10/01/2017,SDM,CA,AWP,WE,Federal Contract Tower,0,2,13,2,17,0,0,62,9,71,0,2,75,11,88,40,0,40,128
10/02/2017,SDM,CA,AWP,WE,Federal Contract Tower,0,11,11,0,22,0,0,66,20,86,0,11,77,20,108,196,2,198,306
10/03/2017,SDM,CA,AWP,WE,Federal Contract Tower,0,3,17,0,20,0,0,49,19,68,0,3,66,19,88,78,4,82,170
10/04/2017,SDM,CA,AWP,WE,Federal Contract Tower,0,5,19,0,24,0,0,85,29,114,0,5,104,29,138,134,50,184,322
10/05/2017,SDM,CA,AWP,WE,Federal Contract Tower,0,2,22,1,25,0,0,72,12,84,0,2,94,13,109,120,20,140,249
10/06/2017,SDM,CA,AWP,WE,Federal Contract Tower,0,8,16,1,25,0,0,91,15,106,0,8,107,16,131,222,4,226,357
10/07/2017,SDM,CA,AWP,WE,Federal Contract Tower,0,4,4,0,8,0,0,107,6,113,0,4,111,6,121,92,0,92,213
10/08/2017,SDM,CA,AWP,WE,Federal Contract Tower,0,10,16,7,33,0,0,90,2,92,0,10,106,9,125,86,0,86,211
10/09/2017,SDM,CA,AWP,WE,Federal Contract Tower,0,3,19,2,24,0,0,79,1,80,0,3,98,3,104,94,0,94,198
10/10/2017,SDM,CA,AWP,WE,Federal Contract Tower,0,7,16,2,25,0,1,76,12,89,0,8,92,14,114,100,10,110,224
10/11/2017,SDM,CA,AWP,WE,Federal Contract Tower,0,11,18,0,29,0,0,45,11,56,0,11,63,11,85,58,8,66,151
10/12/2017,SDM,CA,AWP,WE,Federal Contract Tower,2,12,21,0,35,0,0,73,6,79,2,12,94,6,114,96,0,96,210
10/13/2017,SDM,CA,AWP,WE,Federal Contract Tower,1,8,19,5,33,0,0,76,3,79,1,8,95,8,112,126,0,126,238
10/14/2017,SDM,CA,AWP,WE,Federal Contract Tower,0,3,13,5,21,0,0,115,11,126,0,3,128,16,147,84,0,84,231
10/15/2017,SDM,CA,AWP,WE,Federal Contract Tower,0,4,15,2,21,0,0,78,12,90,0,4,93,14,111,122,0,122,233
10/16/2017,SDM,CA,AWP,WE,Federal Contract Tower,1,1,13,0,15,0,0,55,1,56,1,1,68,1,71,116,0,116,187
10/17/2017,SDM,CA,AWP,WE,Federal Contract Tower,1,3,17,2,23,0,0,60,0,60,1,3,77,2,83,184,0,184,267
10/18/2017,SDM,CA,AWP,WE,Federal Contract Tower,1,5,15,0,21,0,8,88,0,96,1,13,103,0,117,114,0,114,231
10/19/2017,SDM,CA,AWP,WE,Federal Contract Tower,1,7,19,0,27,0,0,56,0,56,1,7,75,0,83,156,0,156,239
10/20/2017,SDM,CA,AWP,WE,Federal Contract Tower,0,3,19,2,24,0,0,39,5,44,0,3,58,7,68,144,14,158,226
10/21/2017,SDM,CA,AWP,WE,Federal Contract Tower,0,5,15,0,20,0,0,134,9,143,0,5,149,9,163,144,0,144,307
10/22/2017,SDM,CA,AWP,WE,Federal Contract Tower,0,0,17,0,17,0,2,90,3,95,0,2,107,3,112,86,0,86,198
10/23/2017,SDM,CA,AWP,WE,Federal Contract Tower,1,2,10,0,13,0,0,42,0,42,1,2,52,0,55,74,20,94,149
10/24/2017,SDM,CA,AWP,WE,Federal Contract Tower,1,8,14,0,23,0,0,59,0,59,1,8,73,0,82,106,0,106,188
10/25/2017,SDM,CA,AWP,WE,Federal Contract Tower,0,2,26,0,28,0,0,74,0,74,0,2,100,0,102,152,0,152,254
10/26/2017,SDM,CA,AWP,WE,Federal Contract Tower,0,8,17,0,25,0,0,71,0,71,0,8,88,0,96,218,0,218,314
10/27/2017,SDM,CA,AWP,WE,Federal Contract Tower,0,2,19,2,23,0,0,78,3,81,0,2,97,5,104,174,0,174,278
10/28/2017,SDM,CA,AWP,WE,Federal Contract Tower,0,6,17,7,30,0,1,87,15,103,0,7,104,22,133,60,0,60,193
10/29/2017,SDM,CA,AWP,WE,Federal Contract Tower,0,6,25,6,37,0,0,69,5,74,0,6,94,11,111,48,8,56,167
10/30/2017,SDM,CA,AWP,WE,Federal Contract Tower,1,1,12,1,15,0,0,38,0,38,1,1,50,1,53,88,4,92,145
10/31/2017,SDM,CA,AWP,WE,Federal Contract Tower,1,2,13,3,19,0,0,57,2,59,1,2,70,5,78,174,4,178,256
11/01/2017,SDM,CA,AWP,WE,Federal Contract Tower,3,8,26,1,38,0,0,46,2,48,3,8,72,3,86,128,0,128,214
11/02/2017,SDM,CA,AWP,WE,Federal Contract Tower,1,5,20,1,27,0,1,76,2,79,1,6,96,3,106,286,6,292,398
11/03/2017,SDM,CA,AWP,WE,Federal Contract Tower,0,7,18,3,28,0,0,74,2,76,0,7,92,5,104,168,0,168,272
11/04/2017,SDM,CA,AWP,WE,Federal Contract Tower,0,2,11,2,15,0,0,80,10,90,0,2,91,12,105,124,0,124,229
11/05/2017,SDM,CA,AWP,WE,Federal Contract Tower,0,6,20,4,30,0,1,65,9,75,0,7,85,13,105,54,8,62,167
11/06/2017,SDM,CA,AWP,WE,Federal Contract Tower,0,2,13,0,15,0,0,60,2,62,0,2,73,2,77,74,42,116,193
11/07/2017,SDM,CA,AWP,WE,Federal Contract Tower,0,2,16,0,18,0,0,54,0,54,0,2,70,0,72,146,0,146,218
11/08/2017,SDM,CA,AWP,WE,Federal Contract Tower,0,6,23,0,29,0,0,72,6,78,0,6,95,6,107,266,12,278,385
11/09/2017,SDM,CA,AWP,WE,Federal Contract Tower,0,3,29,0,32,0,0,76,6,82,0,3,105,6,114,110,16,126,240
11/10/2017,SDM,CA,AWP,WE,Federal Contract Tower,0,4,22,0,26,0,0,66,0,66,0,4,88,0,92,112,0,112,204
11/11/2017,SDM,CA,AWP,WE,Federal Contract Tower,0,3,11,0,14,0,0,129,0,129,0,3,140,0,143,108,0,108,251
11/12/2017,SDM,CA,AWP,WE,Federal Contract Tower,0,6,34,1,41,0,0,87,0,87,0,6,121,1,128,142,2,144,272
11/13/2017,SDM,CA,AWP,WE,Federal Contract Tower,0,1,19,0,20,0,0,57,0,57,0,1,76,0,77,118,0,118,195
11/14/2017,SDM,CA,AWP,WE,Federal Contract Tower,0,4,19,2,25,0,0,57,0,57,0,4,76,2,82,164,0,164,246
11/15/2017,SDM,CA,AWP,WE,Federal Contract Tower,0,6,25,3,34,0,0,80,4,84,0,6,105,7,118,106,0,106,224
11/16/2017,SDM,CA,AWP,WE,Federal Contract Tower,0,9,37,0,46,0,1,77,40,118,0,10,114,40,164,78,18,96,260
11/17/2017,SDM,CA,AWP,WE,Federal Contract Tower,0,4,28,2,34,0,1,74,23,98,0,5,102,25,132,84,2,86,218
11/18/2017,SDM,CA,AWP,WE,Federal Contract Tower,0,4,20,5,29,0,0,111,12,123,0,4,131,17,152,100,0,100,252
11/19/2017,SDM,CA,AWP,WE,Federal Contract Tower,0,6,19,1,26,0,0,74,9,83,0,6,93,10,109,112,0,112,221
11/20/2017,SDM,CA,AWP,WE,Federal Contract Tower,0,7,14,2,23,0,0,76,1,77,0,7,90,3,100,108,0,108,208
11/21/2017,SDM,CA,AWP,WE,Federal Contract Tower,0,5,17,3,25,0,1,68,3,72,0,6,85,6,97,112,0,112,209
11/22/2017,SDM,CA,AWP,WE,Federal Contract Tower,0,4,17,0,21,0,0,57,0,57,0,4,74,0,78,50,0,50,128
11/23/2017,SDM,CA,AWP,WE,Federal Contract Tower,0,4,7,0,11,0,2,25,0,27,0,6,32,0,38,72,0,72,110
11/24/2017,SDM,CA,AWP,WE,Federal Contract Tower,0,4,8,1,13,0,2,96,0,98,0,6,104,1,111,82,0,82,193
11/25/2017,SDM,CA,AWP,WE,Federal Contract Tower,0,8,26,0,34,0,0,110,0,110,0,8,136,0,144,202,0,202,346
11/26/2017,SDM,CA,AWP,WE,Federal Contract Tower,0,5,43,1,49,0,0,66,0,66,0,5,109,1,115,42,0,42,157
11/27/2017,SDM,CA,AWP,WE,Federal Contract Tower,0,4,14,0,18,0,0,21,0,21,0,4,35,0,39,84,0,84,123
11/28/2017,SDM,CA,AWP,WE,Federal Contract Tower,0,0,20,1,21,0,0,40,0,40,0,0,60,1,61,60,0,60,121
11/29/2017,SDM,CA,AWP,WE,Federal Contract Tower,0,8,21,2,31,0,0,73,0,73,0,8,94,2,104,106,0,106,210
11/30/2017,SDM,CA,AWP,WE,Federal Contract Tower,0,4,17,1,22,0,0,46,2,48,0,4,63,3,70,134,12,146,216
12/01/2017,SDM,CA,AWP,WE,Federal Contract Tower,0,4,20,0,24,0,0,75,13,88,0,4,95,13,112,218,20,238,350
12/02/2017,SDM,CA,AWP,WE,Federal Contract Tower,0,3,18,3,24,0,0,104,10,114,0,3,122,13,138,104,0,104,242
12/03/2017,SDM,CA,AWP,WE,Federal Contract Tower,0,8,25,1,34,0,0,71,12,83,0,8,96,13,117,9,0,9,126
12/04/2017,SDM,CA,AWP,WE,Federal Contract Tower,0,8,11,0,19,0,0,53,22,75,0,8,64,22,94,130,10,140,234
12/05/2017,SDM,CA,AWP,WE,Federal Contract Tower,0,3,18,0,21,0,0,41,2,43,0,3,59,2,64,46,4,50,114
12/06/2017,SDM,CA,AWP,WE,Federal Contract Tower,0,2,19,0,21,0,0,71,8,79,0,2,90,8,100,120,0,120,220
12/07/2017,SDM,CA,AWP,WE,Federal Contract Tower,0,1,13,0,14,0,0,23,2,25,0,1,36,2,39,32,8,40,79
12/08/2017,SDM,CA,AWP,WE,Federal Contract Tower,0,2,12,2,16,0,0,60,17,77,0,2,72,19,93,178,0,178,271
12/09/2017,SDM,CA,AWP,WE,Federal Contract Tower,0,4,13,2,19,0,0,102,15,117,0,4,115,17,136,132,0,132,268
12/10/2017,SDM,CA,AWP,WE,Federal Contract Tower,0,4,16,1,21,0,0,49,7,56,0,4,65,8,77,106,0,106,183
12/11/2017,SDM,CA,AWP,WE,Federal Contract Tower,0,11,25,0,36,0,0,62,16,78,0,11,87,16,114,128,0,128,242
12/12/2017,SDM,CA,AWP,WE,Federal Contract Tower,0,5,20,0,25,0,0,74,22,96,0,5,94,22,121,126,2,128,249
12/13/2017,SDM,CA,AWP,WE,Federal Contract Tower,0,2,13,0,15,0,0,71,14,85,0,2,84,14,100,60,24,84,184
12/14/2017,SDM,CA,AWP,WE,Federal Contract Tower,0,4,19,0,23,0,0,51,13,64,0,4,70,13,87,76,0,76,163
12/15/2017,SDM,CA,AWP,WE,Federal Contract Tower,0,3,12,2,17,0,0,72,11,83,0,3,84,13,100,116,10,126,226
12/16/2017,SDM,CA,AWP,WE,Federal Contract Tower,0,3,17,10,30,0,0,44,8,52,0,3,61,18,82,46,0,46,128
12/17/2017,SDM,CA,AWP,WE,Federal Contract Tower,0,7,18,5,30,0,0,80,3,83,0,7,98,8,113,136,0,136,249
12/18/2017,SDM,CA,AWP,WE,Federal Contract Tower,0,3,21,0,24,0,1,66,0,67,0,4,87,0,91,94,0,94,185
12/19/2017,SDM,CA,AWP,WE,Federal Contract Tower,0,6,16,0,22,0,0,85,0,85,0,6,101,0,107,98,0,98,205
12/20/2017,SDM,CA,AWP,WE,Federal Contract Tower,0,9,23,1,33,0,0,85,1,86,0,9,108,2,119,230,4,234,353
12/21/2017,SDM,CA,AWP,WE,Federal Contract Tower,0,2,17,0,19,0,0,87,0,87,0,2,104,0,106,196,0,196,302
12/22/2017,SDM,CA,AWP,WE,Federal Contract Tower,0,3,22,0,25,0,0,78,0,78,0,3,100,0,103,118,0,118,221
12/23/2017,SDM,CA,AWP,WE,Federal Contract Tower,0,9,21,0,30,0,0,67,0,67,0,9,88,0,97,82,0,82,179
12/24/2017,SDM,CA,AWP,WE,Federal Contract Tower,0,2,4,0,6,0,0,59,0,59,0,2,63,0,65,66,0,66,131
12/25/2017,SDM,CA,AWP,WE,Federal Contract Tower,0,3,7,0,10,0,0,18,0,18,0,3,25,0,28,4,0,4,32
12/26/2017,SDM,CA,AWP,WE,Federal Contract Tower,0,10,26,0,36,0,0,70,0,70,0,10,96,0,106,86,0,86,192
12/27/2017,SDM,CA,AWP,WE,Federal Contract Tower,0,14,24,1,39,0,0,69,5,74,0,14,93,6,113,80,0,80,193
12/28/2017,SDM,CA,AWP,WE,Federal Contract Tower,0,11,15,5,31,0,0,98,6,104,0,11,113,11,135,138,0,138,273
12/29/2017,SDM,CA,AWP,WE,Federal Contract Tower,0,5,5,1,11,0,0,82,0,82,0,5,87,1,93,140,0,140,233
12/30/2017,SDM,CA,AWP,WE,Federal Contract Tower,0,10,10,0,20,0,0,89,0,89,0,10,99,0,109,100,0,100,209
12/31/2017,SDM,CA,AWP,WE,Federal Contract Tower,0,3,16,0,19,0,0,61,0,61,0,3,77,0,80,66,0,66,146
01/01/2018,SDM,CA,AWP,WE,Federal Contract Tower,0,7,10,1,18,0,0,36,0,36,0,7,46,1,54,80,0,80,134
01/02/2018,SDM,CA,AWP,WE,Federal Contract Tower,0,10,41,2,53,0,0,73,2,75,0,10,114,4,128,52,26,78,206
01/03/2018,SDM,CA,AWP,WE,Federal Contract Tower,0,12,26,0,38,0,0,67,1,68,0,12,93,1,106,80,0,80,186
01/06/2018,SDM,CA,AWP,WE,Federal Contract Tower,0,4,18,3,25,0,0,81,11,92,0,4,99,14,117,126,0,126,243
01/07/2018,SDM,CA,AWP,WE,Federal Contract Tower,0,10,23,2,35,0,0,71,17,88,0,10,94,19,123,128,0,128,251
01/08/2018,SDM,CA,AWP,WE,Federal Contract Tower,0,5,13,0,18,0,0,33,0,33,0,5,46,0,51,84,0,84,135
01/09/2018,SDM,CA,AWP,WE,Federal Contract Tower,0,2,7,0,9,0,0,0,2,2,0,2,7,2,11,0,0,0,11
01/10/2018,SDM,CA,AWP,WE,Federal Contract Tower,0,4,16,0,20,0,0,19,0,19,0,4,35,0,39,80,0,80,119
01/11/2018,SDM,CA,AWP,WE,Federal Contract Tower,0,0,14,1,15,0,0,91,0,91,0,0,105,1,106,270,0,270,376
01/12/2018,SDM,CA,AWP,WE,Federal Contract Tower,0,0,19,2,21,0,0,76,3,79,0,0,95,5,100,126,2,128,228
01/13/2018,SDM,CA,AWP,WE,Federal Contract Tower,0,3,15,1,19,0,0,100,0,100,0,3,115,1,119,162,0,162,281
01/14/2018,SDM,CA,AWP,WE,Federal Contract Tower,0,4,13,1,18,0,0,80,0,80,0,4,93,1,98,176,0,176,274
01/15/2018,SDM,CA,AWP,WE,Federal Contract Tower,0,0,33,0,33,0,0,96,0,96,0,0,129,0,129,174,0,174,303
01/16/2018,SDM,CA,AWP,WE,Federal Contract Tower,0,1,16,1,18,0,0,87,5,92,0,1,103,6,110,162,0,162,272
01/17/2018,SDM,CA,AWP,WE,Federal Contract Tower,0,5,26,2,33,0,0,100,10,110,0,5,126,12,143,126,8,134,277
01/18/2018,SDM,CA,AWP,WE,Federal Contract Tower,0,5,25,1,31,0,0,62,0,62,0,5,87,1,93,86,0,86,179
01/19/2018,SDM,CA,AWP,WE,Federal Contract Tower,0,0,17,2,19,0,0,33,10,43,0,0,50,12,62,146,0,146,208
01/20/2018,SDM,CA,AWP,WE,Federal Contract Tower,0,4,16,1,21,0,0,77,3,80,0,4,93,4,101,80,26,106,207
01/21/2018,SDM,CA,AWP,WE,Federal Contract Tower,0,3,22,0,25,0,0,112,0,112,0,3,134,0,137,154,0,154,291
01/22/2018,SDM,CA,AWP,WE,Federal Contract Tower,0,0,14,0,14,0,0,77,15,92,0,0,91,15,106,222,0,222,328
01/23/2018,SDM,CA,AWP,WE,Federal Contract Tower,0,1,16,0,17,0,1,63,28,92,0,2,79,28,109,122,0,122,231
01/24/2018,SDM,CA,AWP,WE,Federal Contract Tower,0,4,19,0,23,0,0,84,26,110,0,4,103,26,133,134,0,134,267
01/25/2018,SDM,CA,AWP,WE,Federal Contract Tower,0,3,9,1,13,0,1,52,19,72,0,4,61,20,85,112,2,114,199
01/26/2018,SDM,CA,AWP,WE,Federal Contract Tower,0,0,13,6,19,0,0,64,25,89,0,0,77,31,108,124,0,124,232
01/27/2018,SDM,CA,AWP,WE,Federal Contract Tower,0,1,13,10,24,0,0,122,1,123,0,1,135,11,147,134,0,134,281
01/28/2018,SDM,CA,AWP,WE,Federal Contract Tower,0,8,20,10,38,0,0,59,3,62,0,8,79,13,100,128,0,128,228
01/29/2018,SDM,CA,AWP,WE,Federal Contract Tower,0,1,16,2,19,0,0,47,22,69,0,1,63,24,88,82,26,108,196
01/30/2018,SDM,CA,AWP,WE,Federal Contract Tower,0,6,17,0,23,0,0,70,12,82,0,6,87,12,105,148,20,168,273
01/31/2018,SDM,CA,AWP,WE,Federal Contract Tower,0,5,21,0,26,0,0,80,2,82,0,5,101,2,108,70,0,70,178
02/01/2018,SDM,CA,AWP,WE,Federal Contract Tower,0,5,24,0,29,0,0,105,2,107,0,5,129,2,136,142,10,152,288
02/02/2018,SDM,CA,AWP,WE,Federal Contract Tower,0,7,21,3,31,0,0,96,2,98,0,7,117,5,129,174,12,186,315
02/03/2018,SDM,CA,AWP,WE,Federal Contract Tower,0,3,13,0,16,0,0,115,0,115,0,3,128,0,131,134,0,134,265
02/04/2018,SDM,CA,AWP,WE,Federal Contract Tower,0,6,14,4,24,0,0,68,0,68,0,6,82,4,92,16,6,22,114
02/05/2018,SDM,CA,AWP,WE,Federal Contract Tower,0,3,21,0,24,0,73,12,0,85,0,76,33,0,109,252,6,258,367
02/06/2018,SDM,CA,AWP,WE,Federal Contract Tower,0,2,22,0,24,0,0,87,6,93,0,2,109,6,117,148,14,162,279
02/07/2018,SDM,CA,AWP,WE,Federal Contract Tower,0,1,17,0,18,0,0,78,12,90,0,1,95,12,108,94,2,96,204
02/08/2018,SDM,CA,AWP,WE,Federal Contract Tower,0,2,11,1,14,0,0,84,11,95,0,2,95,12,109,128,0,128,237
02/09/2018,SDM,CA,AWP,WE,Federal Contract Tower,0,1,24,2,27,0,0,89,13,102,0,1,113,15,129,150,0,150,279
02/10/2018,SDM,CA,AWP,WE,Federal Contract Tower,0,5,13,11,29,0,0,97,8,105,0,5,110,19,134,150,0,150,284
02/11/2018,SDM,CA,AWP,WE,Federal Contract Tower,0,7,18,4,29,0,0,90,8,98,0,7,108,12,127,116,0,116,243
02/12/2018,SDM,CA,AWP,WE,Federal Contract Tower,0,1,17,1,19,0,0,35,8,43,0,1,52,9,62,88,30,118,180
02/13/2018,SDM,CA,AWP,WE,Federal Contract Tower,0,10,16,2,28,0,0,93,2,95,0,10,109,4,123,134,4,138,261
02/14/2018,SDM,CA,AWP,WE,Federal Contract Tower,0,2,18,0,20,0,0,69,8,77,0,2,87,8,97,52,0,52,149
02/15/2018,SDM,CA,AWP,WE,Federal Contract Tower,0,3,21,0,24,0,0,80,7,87,0,3,101,7,111,138,0,138,249
02/16/2018,SDM,CA,AWP,WE,Federal Contract Tower,0,1,15,2,18,0,0,55,8,63,0,1,70,10,81,120,0,120,201
02/17/2018,SDM,CA,AWP,WE,Federal Contract Tower,0,1,23,3,27,0,0,111,6,117,0,1,134,9,144,76,12,88,232
02/18/2018,SDM,CA,AWP,WE,Federal Contract Tower,0,6,22,1,29,0,1,109,4,114,0,7,131,5,143,138,0,138,281
02/19/2018,SDM,CA,AWP,WE,Federal Contract Tower,0,3,31,0,34,0,0,16,0,16,0,3,47,0,50,0,0,0,50
02/20/2018,SDM,CA,AWP,WE,Federal Contract Tower,0,8,28,0,36,0,0,109,0,109,0,8,137,0,145,98,0,98,243
02/21/2018,SDM,CA,AWP,WE,Federal Contract Tower,0,5,20,0,25,0,1,56,2,59,0,6,76,2,84,96,0,96,180
02/22/2018,SDM,CA,AWP,WE,Federal Contract Tower,1,5,21,1,28,0,1,39,2,42,1,6,60,3,70,140,2,142,212
02/23/2018,SDM,CA,AWP,WE,Federal Contract Tower,0,6,20,2,28,0,0,44,4,48,0,6,64,6,76,46,16,62,138
02/24/2018,SDM,CA,AWP,WE,Federal Contract Tower,0,0,7,0,7,0,0,343,1,344,0,0,350,1,351,46,0,46,397
02/25/2018,SDM,CA,AWP,WE,Federal Contract Tower,0,2,45,3,50,0,0,93,1,94,0,2,138,4,144,52,0,52,196
02/26/2018,SDM,CA,AWP,WE,Federal Contract Tower,0,3,24,0,27,0,0,66,0,66,0,3,90,0,93,104,0,104,197
02/27/2018,SDM,CA,AWP,WE,Federal Contract Tower,0,6,9,0,15,0,0,23,0,23,0,6,32,0,38,30,0,30,68
02/28/2018,SDM,CA,AWP,WE,Federal Contract Tower,0,4,18,2,24,0,0,67,2,69,0,4,85,4,93,154,6,160,253
03/01/2018,SDM,CA,AWP,WE,Federal Contract Tower,0,0,22,0,22,0,0,80,0,80,0,0,102,0,102,190,0,190,292
03/02/2018,SDM,CA,AWP,WE,Federal Contract Tower,0,1,16,2,19,0,0,43,0,43,0,1,59,2,62,90,0,90,152
03/03/2018,SDM,CA,AWP,WE,Federal Contract Tower,0,0,7,0,7,0,0,22,0,22,0,0,29,0,29,32,0,32,61
03/04/2018,SDM,CA,AWP,WE,Federal Contract Tower,0,8,36,2,46,0,0,92,0,92,0,8,128,2,138,86,0,86,224
03/05/2018,SDM,CA,AWP,WE,Federal Contract Tower,0,3,22,0,25,0,0,56,0,56,0,3,78,0,81,76,0,76,157
03/06/2018,SDM,CA,AWP,WE,Federal Contract Tower,0,3,15,0,18,0,0,82,2,84,0,3,97,2,102,182,0,182,284
03/07/2018,SDM,CA,AWP,WE,Federal Contract Tower,0,2,12,0,14,0,0,45,2,47,0,2,57,2,61,104,4,108,169
03/08/2018,SDM,CA,AWP,WE,Federal Contract Tower,0,3,16,0,19,0,1,94,0,95,0,4,110,0,114,210,0,210,324
03/09/2018,SDM,CA,AWP,WE,Federal Contract Tower,0,5,15,9,29,0,1,95,4,100,0,6,110,13,129,86,0,86,215
03/10/2018,SDM,CA,AWP,WE,Federal Contract Tower,0,2,15,0,17,0,0,2,0,2,0,2,17,0,19,4,0,4,23
03/11/2018,SDM,CA,AWP,WE,Federal Contract Tower,0,4,16,4,24,0,0,44,5,49,0,4,60,9,73,68,0,68,141
03/12/2018,SDM,CA,AWP,WE,Federal Contract Tower,0,5,9,3,17,0,0,76,27,103,0,5,85,30,120,76,0,76,196
03/13/2018,SDM,CA,AWP,WE,Federal Contract Tower,0,2,12,0,14,0,0,25,26,51,0,2,37,26,65,44,12,56,121
03/14/2018,SDM,CA,AWP,WE,Federal Contract Tower,0,3,21,0,24,0,1,46,12,59,0,4,67,12,83,58,10,68,151
03/15/2018,SDM,CA,AWP,WE,Federal Contract Tower,0,1,15,2,18,0,0,54,1,55,0,1,69,3,73,164,0,164,237
03/16/2018,SDM,CA,AWP,WE,Federal Contract Tower,0,1,15,0,16,0,1,56,2,59,0,2,71,2,75,48,10,58,133
03/17/2018,SDM,CA,AWP,WE,Federal Contract Tower,0,5,12,1,18,0,0,33,0,33,0,5,45,1,51,10,0,10,61
03/18/2018,SDM,CA,AWP,WE,Federal Contract Tower,0,9,23,5,37,0,0,108,2,110,0,9,131,7,147,104,0,104,251
03/19/2018,SDM,CA,AWP,WE,Federal Contract Tower,0,1,27,0,28,0,2,75,3,80,0,3,102,3,108,130,0,130,238
03/20/2018,SDM,CA,AWP,WE,Federal Contract Tower,0,5,9,0,14,0,0,87,0,87,0,5,96,0,101,168,0,168,269
03/21/2018,SDM,CA,AWP,WE,Federal Contract Tower,0,2,22,0,24,0,0,98,4,102,0,2,120,4,126,174,8,182,308
03/22/2018,SDM,CA,AWP,WE,Federal Contract Tower,0,8,17,0,25,0,0,36,5,41,0,8,53,5,66,76,12,88,154
03/23/2018,SDM,CA,AWP,WE,Federal Contract Tower,0,12,24,1,37,0,2,51,5,58,0,14,75,6,95,50,16,66,161
03/24/2018,SDM,CA,AWP,WE,Federal Contract Tower,0,5,17,5,27,0,0,105,1,106,0,5,122,6,133,136,2,138,271
03/25/2018,SDM,CA,AWP,WE,Federal Contract Tower,0,0,17,2,19,0,0,90,2,92,0,0,107,4,111,106,0,106,217
03/26/2018,SDM,CA,AWP,WE,Federal Contract Tower,0,11,14,0,25,0,0,84,0,84,0,11,98,0,109,162,0,162,271
03/27/2018,SDM,CA,AWP,WE,Federal Contract Tower,0,5,25,1,31,0,1,88,1,90,0,6,113,2,121,102,0,102,223
03/28/2018,SDM,CA,AWP,WE,Federal Contract Tower,0,7,17,2,26,0,0,102,10,112,0,7,119,12,138,94,0,94,232
03/29/2018,SDM,CA,AWP,WE,Federal Contract Tower,2,4,22,0,28,0,0,85,0,85,2,4,107,0,113,154,0,154,267
03/30/2018,SDM,CA,AWP,WE,Federal Contract Tower,0,2,19,3,24,0,0,91,5,96,0,2,110,8,120,80,0,80,200
03/31/2018,SDM,CA,AWP,WE,Federal Contract Tower,0,4,15,4,23,0,0,91,4,95,0,4,106,8,118,72,0,72,190
04/01/2018,SDM,CA,AWP,WE,Federal Contract Tower,0,8,27,2,37,0,0,59,3,62,0,8,86,5,99,56,0,56,155
04/02/2018,SDM,CA,AWP,WE,Federal Contract Tower,0,8,23,3,34,0,0,38,3,41,0,8,61,6,75,58,8,66,141
04/03/2018,SDM,CA,AWP,WE,Federal Contract Tower,0,5,19,2,26,0,0,90,1,91,0,5,109,3,117,154,0,154,271
04/04/2018,SDM,CA,AWP,WE,Federal Contract Tower,0,5,17,7,29,0,0,43,12,55,0,5,60,19,84,38,0,38,122
04/05/2018,SDM,CA,AWP,WE,Federal Contract Tower,0,5,17,1,23,0,0,85,14,99,0,5,102,15,122,188,0,188,310
04/06/2018,SDM,CA,AWP,WE,Federal Contract Tower,0,6,14,0,20,0,0,89,22,111,0,6,103,22,131,136,34,170,301
04/07/2018,SDM,CA,AWP,WE,Federal Contract Tower,0,10,19,14,43,0,0,104,5,109,0,10,123,19,152,100,0,100,252
04/08/2018,SDM,CA,AWP,WE,Federal Contract Tower,0,10,41,8,59,0,0,116,3,119,0,10,157,11,178,114,0,114,292
04/09/2018,SDM,CA,AWP,WE,Federal Contract Tower,0,3,8,0,11,0,0,70,0,70,0,3,78,0,81,146,0,146,227
04/10/2018,SDM,CA,AWP,WE,Federal Contract Tower,0,1,19,0,20,0,0,74,3,77,0,1,93,3,97,160,0,160,257
04/11/2018,SDM,CA,AWP,WE,Federal Contract Tower,0,0,15,0,15,0,0,70,2,72,0,0,85,2,87,144,4,148,235
04/12/2018,SDM,CA,AWP,WE,Federal Contract Tower,0,5,14,1,20,0,0,50,4,54,0,5,64,5,74,180,24,204,278
04/13/2018,SDM,CA,AWP,WE,Federal Contract Tower,0,2,16,3,21,0,0,79,10,89,0,2,95,13,110,168,56,224,334
04/14/2018,SDM,CA,AWP,WE,Federal Contract Tower,0,2,18,0,20,0,0,162,11,173,0,2,180,11,193,104,0,104,297
04/15/2018,SDM,CA,AWP,WE,Federal Contract Tower,0,0,13,1,14,0,0,92,1,93,0,0,105,2,107,126,0,126,233
04/16/2018,SDM,CA,AWP,WE,Federal Contract Tower,0,0,9,0,9,0,0,28,0,28,0,0,37,0,37,74,0,74,111
04/17/2018,SDM,CA,AWP,WE,Federal Contract Tower,0,4,13,0,17,0,0,84,0,84,0,4,97,0,101,240,0,240,341
04/18/2018,SDM,CA,AWP,WE,Federal Contract Tower,0,2,17,1,20,0,0,86,0,86,0,2,103,1,106,172,0,172,278
04/19/2018,SDM,CA,AWP,WE,Federal Contract Tower,0,6,11,0,17,0,0,44,0,44,0,6,55,0,61,58,0,58,119
04/20/2018,SDM,CA,AWP,WE,Federal Contract Tower,0,3,23,0,26,0,0,91,0,91,0,3,114,0,117,144,0,144,261
04/21/2018,SDM,CA,AWP,WE,Federal Contract Tower,0,1,19,0,20,0,2,132,3,137,0,3,151,3,157,146,0,146,303
04/22/2018,SDM,CA,AWP,WE,Federal Contract Tower,0,1,23,0,24,0,0,94,1,95,0,1,117,1,119,54,0,54,173
04/23/2018,SDM,CA,AWP,WE,Federal Contract Tower,0,0,3,0,3,0,0,62,0,62,0,0,65,0,65,30,0,30,95
04/24/2018,SDM,CA,AWP,WE,Federal Contract Tower,0,0,12,0,12,0,0,63,0,63,0,0,75,0,75,42,0,42,117
04/25/2018,SDM,CA,AWP,WE,Federal Contract Tower,0,0,13,1,14,0,0,85,1,86,0,0,98,2,100,42,0,42,142
04/26/2018,SDM,CA,AWP,WE,Federal Contract Tower,0,0,15,1,16,0,0,63,0,63,0,0,78,1,79,122,0,122,201
04/27/2018,SDM,CA,AWP,WE,Federal Contract Tower,0,0,5,0,5,0,0,75,2,77,0,0,80,2,82,88,0,88,170
04/28/2018,SDM,CA,AWP,WE,Federal Contract Tower,0,0,6,0,6,0,0,119,1,120,0,0,125,1,126,92,0,92,218
04/29/2018,SDM,CA,AWP,WE,Federal Contract Tower,0,0,5,0,5,0,0,73,2,75,0,0,78,2,80,50,0,50,130
04/30/2018,SDM,CA,AWP,WE,Federal Contract Tower,0,0,6,0,6,0,0,36,4,40,0,0,42,4,46,48,0,48,94
05/01/2018,SDM,CA,AWP,WE,Federal Contract Tower,0,0,3,0,3,0,0,22,4,26,0,0,25,4,29,30,12,42,71
05/02/2018,SDM,CA,AWP,WE,Federal Contract Tower,0,0,2,1,3,0,0,16,1,17,0,0,18,2,20,18,0,18,38
05/03/2018,SDM,CA,AWP,WE,Federal Contract Tower,0,0,11,1,12,0,0,70,12,82,0,0,81,13,94,92,0,92,186
05/04/2018,SDM,CA,AWP,WE,Federal Contract Tower,0,0,8,0,8,0,0,95,0,95,0,0,103,0,103,74,0,74,177
05/05/2018,SDM,CA,AWP,WE,Federal Contract Tower,0,0,3,0,3,0,0,125,0,125,0,0,128,0,128,94,0,94,222
05/06/2018,SDM,CA,AWP,WE,Federal Contract Tower,0,2,5,0,7,0,0,52,0,52,0,2,57,0,59,80,0,80,139
05/07/2018,SDM,CA,AWP,WE,Federal Contract Tower,0,0,8,0,8,0,0,63,0,63,0,0,71,0,71,26,0,26,97
05/08/2018,SDM,CA,AWP,WE,Federal Contract Tower,0,0,8,0,8,0,0,63,4,67,0,0,71,4,75,94,0,94,169
05/09/2018,SDM,CA,AWP,WE,Federal Contract Tower,0,0,13,0,13,0,0,74,0,74,0,0,87,0,87,124,0,124,211
05/10/2018,SDM,CA,AWP,WE,Federal Contract Tower,0,0,3,0,3,0,0,59,0,59,0,0,62,0,62,62,0,62,124
05/11/2018,SDM,CA,AWP,WE,Federal Contract Tower,0,0,3,0,3,0,0,19,4,23,0,0,22,4,26,24,20,44,70
05/12/2018,SDM,CA,AWP,WE,Federal Contract Tower,0,0,9,0,9,0,0,51,0,51,0,0,60,0,60,44,0,44,104
05/13/2018,SDM,CA,AWP,WE,Federal Contract Tower,0,0,3,0,3,0,0,74,0,74,0,0,77,0,77,40,0,40,117
05/14/2018,SDM,CA,AWP,WE,Federal Contract Tower,0,0,10,0,10,0,0,66,38,104,0,0,76,38,114,116,0,116,230
05/15/2018,SDM,CA,AWP,WE,Federal Contract Tower,0,0,11,0,11,0,0,67,27,94,0,0,78,27,105,152,0,152,257
05/16/2018,SDM,CA,AWP,WE,Federal Contract Tower,0,0,12,0,12,0,0,91,11,102,0,0,103,11,114,150,0,150,264
05/17/2018,SDM,CA,AWP,WE,Federal Contract Tower,0,0,8,0,8,0,0,51,2,53,0,0,59,2,61,30,0,30,91
05/18/2018,SDM,CA,AWP,WE,Federal Contract Tower,0,0,9,0,9,0,0,42,0,42,0,0,51,0,51,76,0,76,127
05/19/2018,SDM,CA,AWP,WE,Federal Contract Tower,0,2,3,0,5,0,1,80,0,81,0,3,83,0,86,52,0,52,138
05/20/2018,SDM,CA,AWP,WE,Federal Contract Tower,0,0,10,0,10,0,0,33,0,33,0,0,43,0,43,16,0,16,59
05/21/2018,SDM,CA,AWP,WE,Federal Contract Tower,0,0,9,0,9,0,0,24,4,28,0,0,33,4,37,60,0,60,97
05/22/2018,SDM,CA,AWP,WE,Federal Contract Tower,0,0,8,0,8,0,0,88,4,92,0,0,96,4,100,86,0,86,186
05/23/2018,SDM,CA,AWP,WE,Federal Contract Tower,0,0,13,0,13,0,0,55,4,59,0,0,68,4,72,74,0,74,146
05/24/2018,SDM,CA,AWP,WE,Federal Contract Tower,0,0,5,0,5,0,0,28,2,30,0,0,33,2,35,122,0,122,157
05/25/2018,SDM,CA,AWP,WE,Federal Contract Tower,0,0,6,0,6,0,0,89,0,89,0,0,95,0,95,116,0,116,211
05/26/2018,SDM,CA,AWP,WE,Federal Contract Tower,0,0,7,0,7,0,0,76,0,76,0,0,83,0,83,78,0,78,161
05/27/2018,SDM,CA,AWP,WE,Federal Contract Tower,0,0,5,0,5,0,0,127,0,127,0,0,132,0,132,68,0,68,200
05/28/2018,SDM,CA,AWP,WE,Federal Contract Tower,0,0,13,0,13,0,0,82,0,82,0,0,95,0,95,30,0,30,125
05/29/2018,SDM,CA,AWP,WE,Federal Contract Tower,0,0,13,0,13,0,0,41,2,43,0,0,54,2,56,54,0,54,110
05/30/2018,SDM,CA,AWP,WE,Federal Contract Tower,0,0,5,0,5,0,0,53,2,55,0,0,58,2,60,116,0,116,176
05/31/2018,SDM,CA,AWP,WE,Federal Contract Tower,0,0,8,1,9,0,0,77,4,81,0,0,85,5,90,68,2,70,160
06/01/2018,SDM,CA,AWP,WE,Federal Contract Tower,0,0,8,0,8,0,0,62,2,64,0,0,70,2,72,38,6,44,116
06/02/2018,SDM,CA,AWP,WE,Federal Contract Tower,0,0,6,0,6,0,0,117,0,117,0,0,123,0,123,38,0,38,161
06/03/2018,SDM,CA,AWP,WE,Federal Contract Tower,0,0,3,0,3,0,0,114,0,114,0,0,117,0,117,18,0,18,135
06/04/2018,SDM,CA,AWP,WE,Federal Contract Tower,0,0,14,0,14,0,0,76,2,78,0,0,90,2,92,102,6,108,200
06/05/2018,SDM,CA,AWP,WE,Federal Contract Tower,0,0,7,0,7,0,0,58,4,62,0,0,65,4,69,18,0,18,87
06/06/2018,SDM,CA,AWP,WE,Federal Contract Tower,0,0,7,0,7,0,0,75,0,75,0,0,82,0,82,106,0,106,188
06/07/2018,SDM,CA,AWP,WE,Federal Contract Tower,0,0,7,0,7,0,0,56,2,58,0,0,63,2,65,102,0,102,167
06/08/2018,SDM,CA,AWP,WE,Federal Contract Tower,0,0,8,0,8,0,0,64,6,70,0,0,72,6,78,102,2,104,182
06/09/2018,SDM,CA,AWP,WE,Federal Contract Tower,0,0,6,0,6,0,0,149,0,149,0,0,155,0,155,60,0,60,215
06/10/2018,SDM,CA,AWP,WE,Federal Contract Tower,0,0,5,0,5,0,0,74,0,74,0,0,79,0,79,26,0,26,105
06/11/2018,SDM,CA,AWP,WE,Federal Contract Tower,0,0,7,1,8,0,0,64,2,66,0,0,71,3,74,128,0,128,202
06/12/2018,SDM,CA,AWP,WE,Federal Contract Tower,0,0,15,0,15,0,0,74,4,78,0,0,89,4,93,130,0,130,223
06/13/2018,SDM,CA,AWP,WE,Federal Contract Tower,0,0,22,4,26,0,0,105,3,108,0,0,127,7,134,96,6,102,236
06/14/2018,SDM,CA,AWP,WE,Federal Contract Tower,0,0,16,0,16,0,0,68,0,68,0,0,84,0,84,74,0,74,158
06/15/2018,SDM,CA,AWP,WE,Federal Contract Tower,0,2,15,0,17,0,0,74,1,75,0,2,89,1,92,86,0,86,178
06/16/2018,SDM,CA,AWP,WE,Federal Contract Tower,0,0,15,3,18,0,0,38,2,40,0,0,53,5,58,16,0,16,74
06/17/2018,SDM,CA,AWP,WE,Federal Contract Tower,0,0,13,6,19,0,0,66,2,68,0,0,79,8,87,42,0,42,129
06/18/2018,SDM,CA,AWP,WE,Federal Contract Tower,0,8,16,0,24,0,1,67,2,70,0,9,83,2,94,82,0,82,176
06/19/2018,SDM,CA,AWP,WE,Federal Contract Tower,0,0,17,0,17,0,0,64,0,64,0,0,81,0,81,128,0,128,209
06/20/2018,SDM,CA,AWP,WE,Federal Contract Tower,0,3,23,0,26,0,0,57,1,58,0,3,80,1,84,110,0,110,194
06/21/2018,SDM,CA,AWP,WE,Federal Contract Tower,0,4,17,0,21,0,0,60,1,61,0,4,77,1,82,118,0,118,200
06/22/2018,SDM,CA,AWP,WE,Federal Contract Tower,0,4,14,1,19,0,1,78,14,93,0,5,92,15,112,174,4,178,290
06/23/2018,SDM,CA,AWP,WE,Federal Contract Tower,0,2,20,6,28,0,0,105,9,114,0,2,125,15,142,64,0,64,206
06/24/2018,SDM,CA,AWP,WE,Federal Contract Tower,0,3,23,3,29,0,0,89,6,95,0,3,112,9,124,56,0,56,180
06/25/2018,SDM,CA,AWP,WE,Federal Contract Tower,0,0,8,3,11,0,0,88,1,89,0,0,96,4,100,200,0,200,300
06/26/2018,SDM,CA,AWP,WE,Federal Contract Tower,0,1,14,1,16,0,0,63,2,65,0,1,77,3,81,182,2,184,265
06/27/2018,SDM,CA,AWP,WE,Federal Contract Tower,0,7,18,1,26,0,0,63,3,66,0,7,81,4,92,98,2,100,192
06/28/2018,SDM,CA,AWP,WE,Federal Contract Tower,0,4,9,3,16,0,0,56,2,58,0,4,65,5,74,98,10,108,182
06/29/2018,SDM,CA,AWP,WE,Federal Contract Tower,0,2,11,7,20,0,0,68,4,72,0,2,79,11,92,120,0,120,212
06/30/2018,SDM,CA,AWP,WE,Federal Contract Tower,0,3,20,1,24,0,0,134,3,137,0,3,154,4,161,126,0,126,287
07/01/2018,SDM,CA,AWP,WE,Federal Contract Tower,0,8,15,3,26,0,0,116,2,118,0,8,131,5,144,82,2,84,228
07/02/2018,SDM,CA,AWP,WE,Federal Contract Tower,0,6,14,0,20,0,0,87,9,96,0,6,101,9,116,160,0,160,276
07/03/2018,SDM,CA,AWP,WE,Federal Contract Tower,0,0,12,8,20,0,0,41,7,48,0,0,53,15,68,186,0,186,254
07/04/2018,SDM,CA,AWP,WE,Federal Contract Tower,0,8,15,1,24,0,0,69,10,79,0,8,84,11,103,50,0,50,153
07/05/2018,SDM,CA,AWP,WE,Federal Contract Tower,0,0,24,0,24,0,0,73,5,78,0,0,97,5,102,136,2,138,240
07/06/2018,SDM,CA,AWP,WE,Federal Contract Tower,0,5,7,0,12,0,0,76,2,78,0,5,83,2,90,140,0,140,230
07/07/2018,SDM,CA,AWP,WE,Federal Contract Tower,0,3,15,0,18,0,0,132,0,132,0,3,147,0,150,120,0,120,270
07/08/2018,SDM,CA,AWP,WE,Federal Contract Tower,0,3,25,3,31,0,0,99,0,99,0,3,124,3,130,128,0,128,258
07/09/2018,SDM,CA,AWP,WE,Federal Contract Tower,0,2,9,0,11,0,0,70,0,70,0,2,79,0,81,124,0,124,205
07/10/2018,SDM,CA,AWP,WE,Federal Contract Tower,0,4,9,2,15,0,0,61,4,65,0,4,70,6,80,206,8,214,294
07/11/2018,SDM,CA,AWP,WE,Federal Contract Tower,0,3,23,0,26,0,0,83,2,85,0,3,106,2,111,152,0,152,263
07/12/2018,SDM,CA,AWP,WE,Federal Contract Tower,0,7,13,0,20,0,0,82,29,111,0,7,95,29,131,136,4,140,271
07/13/2018,SDM,CA,AWP,WE,Federal Contract Tower,0,7,19,0,26,0,1,62,30,93,0,8,81,30,119,94,6,100,219
07/14/2018,SDM,CA,AWP,WE,Federal Contract Tower,0,2,10,0,12,0,0,159,3,162,0,2,169,3,174,172,0,172,346
07/15/2018,SDM,CA,AWP,WE,Federal Contract Tower,0,4,15,5,24,0,0,113,4,117,0,4,128,9,141,92,2,94,235
07/16/2018,SDM,CA,AWP,WE,Federal Contract Tower,0,1,8,0,9,0,0,70,26,96,0,1,78,26,105,140,0,140,245
07/17/2018,SDM,CA,AWP,WE,Federal Contract Tower,0,0,19,1,20,0,0,51,15,66,0,0,70,16,86,90,2,92,178
07/18/2018,SDM,CA,AWP,WE,Federal Contract Tower,0,5,23,0,28,0,0,62,0,62,0,5,85,0,90,142,0,142,232
07/19/2018,SDM,CA,AWP,WE,Federal Contract Tower,0,7,17,0,24,0,0,90,0,90,0,7,107,0,114,190,0,190,304
07/20/2018,SDM,CA,AWP,WE,Federal Contract Tower,0,5,17,3,25,0,0,48,1,49,0,5,65,4,74,146,20,166,240
07/21/2018,SDM,CA,AWP,WE,Federal Contract Tower,1,11,18,3,33,0,0,122,8,130,1,11,140,11,163,108,0,108,271
07/22/2018,SDM,CA,AWP,WE,Federal Contract Tower,0,5,15,8,28,0,0,104,7,111,0,5,119,15,139,100,0,100,239
07/23/2018,SDM,CA,AWP,WE,Federal Contract Tower,0,1,8,3,12,0,0,77,0,77,0,1,85,3,89,160,0,160,249
07/24/2018,SDM,CA,AWP,WE,Federal Contract Tower,0,6,9,1,16,0,0,55,2,57,0,6,64,3,73,188,0,188,261
07/25/2018,SDM,CA,AWP,WE,Federal Contract Tower,0,4,20,2,26,0,0,85,0,85,0,4,105,2,111,128,0,128,239
07/26/2018,SDM,CA,AWP,WE,Federal Contract Tower,0,3,15,0,18,0,0,74,7,81,0,3,89,7,99,104,0,104,203
07/27/2018,SDM,CA,AWP,WE,Federal Contract Tower,0,2,24,5,31,0,0,76,12,88,0,2,100,17,119,112,0,112,231
07/28/2018,SDM,CA,AWP,WE,Federal Contract Tower,0,6,16,8,30,0,0,112,4,116,0,6,128,12,146,102,28,130,276
07/29/2018,SDM,CA,AWP,WE,Federal Contract Tower,0,6,23,4,33,0,0,101,1,102,0,6,124,5,135,144,0,144,279
07/30/2018,SDM,CA,AWP,WE,Federal Contract Tower,0,3,17,4,24,0,0,100,9,109,0,3,117,13,133,212,0,212,345
07/31/2018,SDM,CA,AWP,WE,Federal Contract Tower,0,3,17,0,20,0,0,84,12,96,0,3,101,12,116,250,0,250,366
08/01/2018,SDM,CA,AWP,WE,Federal Contract Tower,0,5,28,0,33,0,1,83,14,98,0,6,111,14,131,186,0,186,317
08/02/2018,SDM,CA,AWP,WE,Federal Contract Tower,0,2,13,0,15,0,0,83,11,94,0,2,96,11,109,158,0,158,267
08/03/2018,SDM,CA,AWP,WE,Federal Contract Tower,0,0,25,3,28,0,0,90,8,98,0,0,115,11,126,184,0,184,310
08/04/2018,SDM,CA,AWP,WE,Federal Contract Tower,0,5,14,1,20,0,0,122,0,122,0,5,136,1,142,122,0,122,264
08/05/2018,SDM,CA,AWP,WE,Federal Contract Tower,0,5,25,3,33,0,0,102,0,102,0,5,127,3,135,72,0,72,207
08/06/2018,SDM,CA,AWP,WE,Federal Contract Tower,0,8,13,1,22,0,0,70,2,72,0,8,83,3,94,146,0,146,240
08/08/2018,SDM,CA,AWP,WE,Federal Contract Tower,0,2,16,0,18,0,2,76,6,84,0,4,92,6,102,228,0,228,330
08/09/2018,SDM,CA,AWP,WE,Federal Contract Tower,0,3,18,0,21,0,0,84,2,86,0,3,102,2,107,188,0,188,295
08/10/2018,SDM,CA,AWP,WE,Federal Contract Tower,0,7,13,0,20,0,3,98,4,105,0,10,111,4,125,250,2,252,377
08/11/2018,SDM,CA,AWP,WE,Federal Contract Tower,0,4,23,4,31,0,0,183,1,184,0,4,206,5,215,76,0,76,291
08/12/2018,SDM,CA,AWP,WE,Federal Contract Tower,0,6,22,9,37,0,0,90,0,90,0,6,112,9,127,124,0,124,251
08/13/2018,SDM,CA,AWP,WE,Federal Contract Tower,0,0,13,0,13,0,0,78,1,79,0,0,91,1,92,148,0,148,240
08/14/2018,SDM,CA,AWP,WE,Federal Contract Tower,0,5,13,0,18,0,0,90,6,96,0,5,103,6,114,148,8,156,270
08/15/2018,SDM,CA,AWP,WE,Federal Contract Tower,0,4,21,2,27,0,0,59,0,59,0,4,80,2,86,106,0,106,192
08/16/2018,SDM,CA,AWP,WE,Federal Contract Tower,0,5,13,0,18,0,0,76,3,79,0,5,89,3,97,150,0,150,247
08/17/2018,SDM,CA,AWP,WE,Federal Contract Tower,0,11,15,0,26,0,0,84,6,90,0,11,99,6,116,194,0,194,310
08/18/2018,SDM,CA,AWP,WE,Federal Contract Tower,0,8,15,3,26,0,0,114,2,116,0,8,129,5,142,98,0,98,240
08/19/2018,SDM,CA,AWP,WE,Federal Contract Tower,0,3,9,2,14,0,0,82,2,84,0,3,91,4,98,76,0,76,174
08/20/2018,SDM,CA,AWP,WE,Federal Contract Tower,0,3,11,0,14,0,0,53,1,54,0,3,64,1,68,86,0,86,154
08/21/2018,SDM,CA,AWP,WE,Federal Contract Tower,0,0,7,1,8,0,0,85,2,87,0,0,92,3,95,126,0,126,221
08/22/2018,SDM,CA,AWP,WE,Federal Contract Tower,0,3,17,1,21,0,0,73,0,73,0,3,90,1,94,174,0,174,268
08/23/2018,SDM,CA,AWP,WE,Federal Contract Tower,0,3,19,1,23,0,0,73,1,74,0,3,92,2,97,174,0,174,271
08/24/2018,SDM,CA,AWP,WE,Federal Contract Tower,0,9,20,5,34,0,0,71,6,77,0,9,91,11,111,88,0,88,199
08/25/2018,SDM,CA,AWP,WE,Federal Contract Tower,0,7,14,14,35,0,0,123,5,128,0,7,137,19,163,64,0,64,227
08/26/2018,SDM,CA,AWP,WE,Federal Contract Tower,0,6,13,6,25,0,0,83,3,86,0,6,96,9,111,124,0,124,235
08/27/2018,SDM,CA,AWP,WE,Federal Contract Tower,0,1,15,0,16,0,0,58,2,60,0,1,73,2,76,76,0,76,152
08/28/2018,SDM,CA,AWP,WE,Federal Contract Tower,0,6,13,0,19,0,0,69,2,71,0,6,82,2,90,174,0,174,264
08/29/2018,SDM,CA,AWP,WE,Federal Contract Tower,0,3,10,0,13,0,0,82,2,84,0,3,92,2,97,176,0,176,273
08/30/2018,SDM,CA,AWP,WE,Federal Contract Tower,0,1,13,0,14,0,0,83,4,87,0,1,96,4,101,144,0,144,245
08/31/2018,SDM,CA,AWP,WE,Federal Contract Tower,0,6,22,2,30,0,1,57,0,58,0,7,79,2,88,140,0,140,228
09/01/2018,SDM,CA,AWP,WE,Federal Contract Tower,1,2,8,0,11,0,0,133,0,133,1,2,141,0,144,92,0,92,236
09/02/2018,SDM,CA,AWP,WE,Federal Contract Tower,0,1,8,1,10,0,0,102,0,102,0,1,110,1,112,68,0,68,180
09/03/2018,SDM,CA,AWP,WE,Federal Contract Tower,0,1,23,0,24,0,0,62,0,62,0,1,85,0,86,112,0,112,198
09/04/2018,SDM,CA,AWP,WE,Federal Contract Tower,0,6,16,2,24,0,0,30,0,30,0,6,46,2,54,84,0,84,138
09/05/2018,SDM,CA,AWP,WE,Federal Contract Tower,0,2,10,1,13,0,0,89,0,89,0,2,99,1,102,198,0,198,300
09/06/2018,SDM,CA,AWP,WE,Federal Contract Tower,0,6,14,0,20,0,0,73,2,75,0,6,87,2,95,170,2,172,267
09/07/2018,SDM,CA,AWP,WE,Federal Contract Tower,0,2,21,6,29,0,0,81,18,99,0,2,102,24,128,154,32,186,314
09/08/2018,SDM,CA,AWP,WE,Federal Contract Tower,0,6,10,5,21,0,0,107,9,116,0,6,117,14,137,116,28,144,281
09/09/2018,SDM,CA,AWP,WE,Federal Contract Tower,0,0,14,0,14,0,0,78,5,83,0,0,92,5,97,50,0,50,147
09/10/2018,SDM,CA,AWP,WE,Federal Contract Tower,0,1,9,1,11,0,0,87,0,87,0,1,96,1,98,122,0,122,220
09/11/2018,SDM,CA,AWP,WE,Federal Contract Tower,0,1,13,6,20,0,0,79,1,80,0,1,92,7,100,112,0,112,212
09/12/2018,SDM,CA,AWP,WE,Federal Contract Tower,0,2,17,2,21,0,0,102,2,104,0,2,119,4,125,104,0,104,229
09/13/2018,SDM,CA,AWP,WE,Federal Contract Tower,0,4,21,0,25,0,1,98,2,101,0,5,119,2,126,210,0,210,336
09/14/2018,SDM,CA,AWP,WE,Federal Contract Tower,0,3,16,8,27,0,1,59,2,62,0,4,75,10,89,132,2,134,223
09/15/2018,SDM,CA,AWP,WE,Federal Contract Tower,0,0,9,5,14,0,0,106,23,129,0,0,115,28,143,68,4,72,215
09/16/2018,SDM,CA,AWP,WE,Federal Contract Tower,1,5,15,2,23,0,0,73,13,86,1,5,88,15,109,50,0,50,159
09/17/2018,SDM,CA,AWP,WE,Federal Contract Tower,0,4,8,0,12,0,0,66,4,70,0,4,74,4,82,82,4,86,168
09/18/2018,SDM,CA,AWP,WE,Federal Contract Tower,0,3,14,0,17,0,0,59,7,66,0,3,73,7,83,74,18,92,175
09/19/2018,SDM,CA,AWP,WE,Federal Contract Tower,0,4,9,4,17,0,0,85,3,88,0,4,94,7,105,204,8,212,317
09/20/2018,SDM,CA,AWP,WE,Federal Contract Tower,0,6,19,0,25,0,1,77,2,80,0,7,96,2,105,162,0,162,267
09/21/2018,SDM,CA,AWP,WE,Federal Contract Tower,0,3,15,0,18,0,0,81,2,83,0,3,96,2,101,132,0,132,233
09/22/2018,SDM,CA,AWP,WE,Federal Contract Tower,0,1,3,0,4,0,0,130,0,130,0,1,133,0,134,134,0,134,268
09/23/2018,SDM,CA,AWP,WE,Federal Contract Tower,0,1,15,0,16,0,0,97,2,99,0,1,112,2,115,94,0,94,209
09/24/2018,SDM,CA,AWP,WE,Federal Contract Tower,0,2,27,2,31,0,0,62,2,64,0,2,89,4,95,92,2,94,189
09/25/2018,SDM,CA,AWP,WE,Federal Contract Tower,0,0,16,0,16,0,0,46,0,46,0,0,62,0,62,110,0,110,172
09/26/2018,SDM,CA,AWP,WE,Federal Contract Tower,0,6,12,0,18,0,0,52,0,52,0,6,64,0,70,90,0,90,160
09/27/2018,SDM,CA,AWP,WE,Federal Contract Tower,0,3,13,2,18,0,0,55,12,67,0,3,68,14,85,88,0,88,173
09/28/2018,SDM,CA,AWP,WE,Federal Contract Tower,0,6,7,0,13,0,1,63,1,65,0,7,70,1,78,178,0,178,256
09/29/2018,SDM,CA,AWP,WE,Federal Contract Tower,0,0,13,0,13,0,0,119,0,119,0,0,132,0,132,110,0,110,242
09/30/2018,SDM,CA,AWP,WE,Federal Contract Tower,0,2,16,1,19,0,0,91,2,93,0,2,107,3,112,20,0,20,132
10/01/2018,SDM,CA,AWP,WE,Federal Contract Tower,0,0,4,1,5,0,0,55,0,55,0,0,59,1,60,138,0,138,198
10/02/2018,SDM,CA,AWP,WE,Federal Contract Tower,0,3,13,0,16,0,1,54,0,55,0,4,67,0,71,112,2,114,185
10/03/2018,SDM,CA,AWP,WE,Federal Contract Tower,0,2,14,0,16,0,0,57,8,65,0,2,71,8,81,92,52,144,225
10/04/2018,SDM,CA,AWP,WE,Federal Contract Tower,0,0,11,0,11,0,0,55,2,57,0,0,66,2,68,66,0,66,134
10/05/2018,SDM,CA,AWP,WE,Federal Contract Tower,0,8,11,0,19,0,0,67,2,69,0,8,78,2,88,130,0,130,218
10/06/2018,SDM,CA,AWP,WE,Federal Contract Tower,0,3,8,1,12,0,0,24,1,25,0,3,32,2,37,12,0,12,49
10/07/2018,SDM,CA,AWP,WE,Federal Contract Tower,0,5,21,0,26,0,0,91,0,91,0,5,112,0,117,8,0,8,125
10/08/2018,SDM,CA,AWP,WE,Federal Contract Tower,0,2,15,1,18,0,0,72,1,73,0,2,87,2,91,50,0,50,141
10/09/2018,SDM,CA,AWP,WE,Federal Contract Tower,0,2,11,0,13,0,0,71,2,73,0,2,82,2,86,74,4,78,164
10/10/2018,SDM,CA,AWP,WE,Federal Contract Tower,0,1,26,0,27,0,0,74,2,76,0,1,100,2,103,150,0,150,253
10/11/2018,SDM,CA,AWP,WE,Federal Contract Tower,0,3,23,0,26,0,0,103,2,105,0,3,126,2,131,202,0,202,333
10/12/2018,SDM,CA,AWP,WE,Federal Contract Tower,0,1,20,8,29,0,0,75,9,84,0,1,95,17,113,126,2,128,241
10/13/2018,SDM,CA,AWP,WE,Federal Contract Tower,0,5,16,3,24,0,0,19,0,19,0,5,35,3,43,34,0,34,77
10/14/2018,SDM,CA,AWP,WE,Federal Contract Tower,0,3,18,3,24,0,0,94,1,95,0,3,112,4,119,96,0,96,215
10/15/2018,SDM,CA,AWP,WE,Federal Contract Tower,0,3,15,0,18,0,0,71,0,71,0,3,86,0,89,102,0,102,191
10/16/2018,SDM,CA,AWP,WE,Federal Contract Tower,0,0,17,0,17,0,0,74,2,76,0,0,91,2,93,94,0,94,187
10/17/2018,SDM,CA,AWP,WE,Federal Contract Tower,0,2,12,0,14,0,0,105,2,107,0,2,117,2,121,180,10,190,311
10/18/2018,SDM,CA,AWP,WE,Federal Contract Tower,0,0,13,0,13,0,0,105,0,105,0,0,118,0,118,250,0,250,368
10/19/2018,SDM,CA,AWP,WE,Federal Contract Tower,0,4,9,4,17,0,0,86,9,95,0,4,95,13,112,150,8,158,270
10/20/2018,SDM,CA,AWP,WE,Federal Contract Tower,0,5,22,1,28,0,0,138,10,148,0,5,160,11,176,110,0,110,286
10/21/2018,SDM,CA,AWP,WE,Federal Contract Tower,0,5,26,2,33,0,0,91,7,98,0,5,117,9,131,98,0,98,229
10/22/2018,SDM,CA,AWP,WE,Federal Contract Tower,0,2,18,0,20,0,0,81,0,81,0,2,99,0,101,152,0,152,253
10/23/2018,SDM,CA,AWP,WE,Federal Contract Tower,0,1,11,0,12,0,0,78,6,84,0,1,89,6,96,150,12,162,258
10/24/2018,SDM,CA,AWP,WE,Federal Contract Tower,0,2,11,0,13,0,0,58,0,58,0,2,69,0,71,90,0,90,161
10/25/2018,SDM,CA,AWP,WE,Federal Contract Tower,0,2,20,0,22,0,0,59,2,61,0,2,79,2,83,92,0,92,175
10/26/2018,SDM,CA,AWP,WE,Federal Contract Tower,0,6,22,7,35,0,0,89,7,96,0,6,111,14,131,36,0,36,167
10/27/2018,SDM,CA,AWP,WE,Federal Contract Tower,0,6,24,2,32,0,1,114,12,127,0,7,138,14,159,56,0,56,215
10/28/2018,SDM,CA,AWP,WE,Federal Contract Tower,0,6,28,8,42,0,0,81,6,87,0,6,109,14,129,56,0,56,185
10/29/2018,SDM,CA,AWP,WE,Federal Contract Tower,0,5,18,2,25,0,0,85,0,85,0,5,103,2,110,174,0,174,284
10/30/2018,SDM,CA,AWP,WE,Federal Contract Tower,0,3,21,4,28,0,0,85,4,89,0,3,106,8,117,212,4,216,333
10/31/2018,SDM,CA,AWP,WE,Federal Contract Tower,0,3,12,2,17,0,0,80,6,86,0,3,92,8,103,222,0,222,325
11/01/2018,SDM,CA,AWP,WE,Federal Contract Tower,0,10,21,2,33,0,0,70,3,73,0,10,91,5,106,258,2,260,366
11/02/2018,SDM,CA,AWP,WE,Federal Contract Tower,0,4,24,9,37,0,0,73,15,88,0,4,97,24,125,90,14,104,229
11/03/2018,SDM,CA,AWP,WE,Federal Contract Tower,0,3,16,1,20,0,0,129,8,137,0,3,145,9,157,146,0,146,303
11/04/2018,SDM,CA,AWP,WE,Federal Contract Tower,0,3,23,2,28,0,0,84,7,91,0,3,107,9,119,46,0,46,165
11/05/2018,SDM,CA,AWP,WE,Federal Contract Tower,0,4,22,0,26,0,0,60,2,62,0,4,82,2,88,110,0,110,198
11/06/2018,SDM,CA,AWP,WE,Federal Contract Tower,0,2,23,0,25,0,1,81,3,85,0,3,104,3,110,148,0,148,258
11/07/2018,SDM,CA,AWP,WE,Federal Contract Tower,0,1,26,0,27,0,0,77,8,85,0,1,103,8,112,190,10,200,312
11/08/2018,SDM,CA,AWP,WE,Federal Contract Tower,0,6,26,0,32,0,0,63,31,94,0,6,89,31,126,180,0,180,306
11/09/2018,SDM,CA,AWP,WE,Federal Contract Tower,0,8,24,9,41,0,0,38,8,46,0,8,62,17,87,88,0,88,175
11/10/2018,SDM,CA,AWP,WE,Federal Contract Tower,0,3,11,3,17,0,0,147,10,157,0,3,158,13,174,114,0,114,288
11/11/2018,SDM,CA,AWP,WE,Federal Contract Tower,0,7,21,5,33,0,0,93,0,93,0,7,114,5,126,60,0,60,186
11/12/2018,SDM,CA,AWP,WE,Federal Contract Tower,0,7,13,1,21,0,0,58,2,60,0,7,71,3,81,66,0,66,147
11/13/2018,SDM,CA,AWP,WE,Federal Contract Tower,0,9,21,1,31,0,0,34,8,42,0,9,55,9,73,54,0,54,127
11/14/2018,SDM,CA,AWP,WE,Federal Contract Tower,0,8,23,1,32,0,0,64,8,72,0,8,87,9,104,82,2,84,188
11/15/2018,SDM,CA,AWP,WE,Federal Contract Tower,0,5,19,16,40,0,1,107,21,129,0,6,126,37,169,166,0,166,335
11/16/2018,SDM,CA,AWP,WE,Federal Contract Tower,0,1,23,6,30,0,0,97,35,132,0,1,120,41,162,136,4,140,302
11/17/2018,SDM,CA,AWP,WE,Federal Contract Tower,0,5,38,6,49,0,2,130,19,151,0,7,168,25,200,144,0,144,344
11/18/2018,SDM,CA,AWP,WE,Federal Contract Tower,0,2,25,5,32,0,0,101,22,123,0,2,126,27,155,56,0,56,211
11/19/2018,SDM,CA,AWP,WE,Federal Contract Tower,0,5,20,1,26,0,0,83,29,112,0,5,103,30,138,74,4,78,216
11/20/2018,SDM,CA,AWP,WE,Federal Contract Tower,0,0,14,2,16,0,0,78,25,103,0,0,92,27,119,166,6,172,291
11/21/2018,SDM,CA,AWP,WE,Federal Contract Tower,0,4,19,0,23,0,0,93,12,105,0,4,112,12,128,118,2,120,248
11/22/2018,SDM,CA,AWP,WE,Federal Contract Tower,0,4,3,0,7,0,1,20,0,21,0,5,23,0,28,6,0,6,34
11/23/2018,SDM,CA,AWP,WE,Federal Contract Tower,0,3,14,2,19,0,0,110,6,116,0,3,124,8,135,136,10,146,281
11/24/2018,SDM,CA,AWP,WE,Federal Contract Tower,0,8,16,0,24,0,0,97,5,102,0,8,113,5,126,70,0,70,196
11/25/2018,SDM,CA,AWP,WE,Federal Contract Tower,0,13,42,3,58,0,0,114,12,126,0,13,156,15,184,58,0,58,242
11/26/2018,SDM,CA,AWP,WE,Federal Contract Tower,0,4,49,2,55,0,0,73,14,87,0,4,122,16,142,110,8,118,260
11/27/2018,SDM,CA,AWP,WE,Federal Contract Tower,0,1,5,3,9,0,0,90,17,107,0,1,95,20,116,122,2,124,240
11/28/2018,SDM,CA,AWP,WE,Federal Contract Tower,0,9,13,0,22,0,0,64,17,81,0,9,77,17,103,98,2,100,203
11/29/2018,SDM,CA,AWP,WE,Federal Contract Tower,0,12,18,2,32,0,0,14,0,14,0,12,32,2,46,0,0,0,46
11/30/2018,SDM,CA,AWP,WE,Federal Contract Tower,0,6,16,7,29,0,1,38,15,54,0,7,54,22,83,62,4,66,149
12/01/2018,SDM,CA,AWP,WE,Federal Contract Tower,0,2,12,1,15,0,0,94,9,103,0,2,106,10,118,174,0,174,292
12/02/2018,SDM,CA,AWP,WE,Federal Contract Tower,0,4,11,7,22,0,0,79,18,97,0,4,90,25,119,74,0,74,193
12/03/2018,SDM,CA,AWP,WE,Federal Contract Tower,0,4,12,2,18,0,0,78,18,96,0,4,90,20,114,100,16,116,230
12/04/2018,SDM,CA,AWP,WE,Federal Contract Tower,0,0,11,2,13,0,0,77,21,98,0,0,88,23,111,164,2,166,277
12/05/2018,SDM,CA,AWP,WE,Federal Contract Tower,0,2,11,10,23,0,0,25,16,41,0,2,36,26,64,56,0,56,120
12/06/2018,SDM,CA,AWP,WE,Federal Contract Tower,0,3,11,7,21,0,0,14,10,24,0,3,25,17,45,20,0,20,65
12/07/2018,SDM,CA,AWP,WE,Federal Contract Tower,0,1,5,2,8,0,0,72,22,94,0,1,77,24,102,182,0,182,284
12/08/2018,SDM,CA,AWP,WE,Federal Contract Tower,0,0,11,1,12,0,0,126,18,144,0,0,137,19,156,92,0,92,248
12/09/2018,SDM,CA,AWP,WE,Federal Contract Tower,0,2,24,5,31,0,0,92,19,111,0,2,116,24,142,86,0,86,228
12/10/2018,SDM,CA,AWP,WE,Federal Contract Tower,0,2,21,1,24,0,0,77,26,103,0,2,98,27,127,188,28,216,343
12/11/2018,SDM,CA,AWP,WE,Federal Contract Tower,0,5,17,2,24,0,0,57,30,87,0,5,74,32,111,110,0,110,221
12/12/2018,SDM,CA,AWP,WE,Federal Contract Tower,0,2,12,0,14,0,0,115,23,138,0,2,127,23,152,224,2,226,378
12/13/2018,SDM,CA,AWP,WE,Federal Contract Tower,0,9,10,0,19,0,0,59,14,73,0,9,69,14,92,114,0,114,206
12/14/2018,SDM,CA,AWP,WE,Federal Contract Tower,0,8,12,0,20,0,0,79,26,105,0,8,91,26,125,164,0,164,289
12/15/2018,SDM,CA,AWP,WE,Federal Contract Tower,0,2,21,6,29,0,0,114,14,128,0,2,135,20,157,164,0,164,321
12/16/2018,SDM,CA,AWP,WE,Federal Contract Tower,2,7,16,1,26,0,0,71,12,83,2,7,87,13,109,94,0,94,203
12/17/2018,SDM,CA,AWP,WE,Federal Contract Tower,0,4,11,0,15,0,0,96,0,96,0,4,107,0,111,108,0,108,219
12/18/2018,SDM,CA,AWP,WE,Federal Contract Tower,0,5,15,2,22,0,1,93,12,106,0,6,108,14,128,92,0,92,220
12/19/2018,SDM,CA,AWP,WE,Federal Contract Tower,0,6,19,2,27,0,2,102,4,108,0,8,121,6,135,182,0,182,317
12/20/2018,SDM,CA,AWP,WE,Federal Contract Tower,0,3,8,0,11,0,0,58,9,67,0,3,66,9,78,146,0,146,224
12/21/2018,SDM,CA,AWP,WE,Federal Contract Tower,0,8,20,0,28,0,3,44,1,48,0,11,64,1,76,108,0,108,184
12/22/2018,SDM,CA,AWP,WE,Federal Contract Tower,0,5,23,2,30,0,0,86,0,86,0,5,109,2,116,142,0,142,258
12/23/2018,SDM,CA,AWP,WE,Federal Contract Tower,0,1,14,0,15,0,2,80,0,82,0,3,94,0,97,22,0,22,119
12/24/2018,SDM,CA,AWP,WE,Federal Contract Tower,0,4,7,0,11,0,0,49,0,49,0,4,56,0,60,88,0,88,148
12/25/2018,SDM,CA,AWP,WE,Federal Contract Tower,0,10,5,0,15,0,0,4,0,4,0,10,9,0,19,2,0,2,21
12/26/2018,SDM,CA,AWP,WE,Federal Contract Tower,0,9,27,0,36,0,0,84,0,84,0,9,111,0,120,102,0,102,222
12/27/2018,SDM,CA,AWP,WE,Federal Contract Tower,0,6,16,0,22,0,1,41,11,53,0,7,57,11,75,34,0,34,109
12/28/2018,SDM,CA,AWP,WE,Federal Contract Tower,0,3,24,1,28,0,1,60,2,63,0,4,84,3,91,100,0,100,191
12/29/2018,SDM,CA,AWP,WE,Federal Contract Tower,0,6,14,0,20,0,0,87,0,87,0,6,101,0,107,88,0,88,195
12/30/2018,SDM,CA,AWP,WE,Federal Contract Tower,0,5,15,0,20,0,0,79,0,79,0,5,94,0,99,24,0,24,123
12/31/2018,SDM,CA,AWP,WE,Federal Contract Tower,0,4,11,0,15,0,0,18,0,18,0,4,29,0,33,12,0,12,45
01/01/2019,SDM,CA,AWP,WE,Federal Contract Tower,0,6,6,0,12,0,0,31,0,31,0,6,37,0,43,28,0,28,71
01/02/2019,SDM,CA,AWP,WE,Federal Contract Tower,0,10,43,0,53,0,0,94,6,100,0,10,137,6,153,90,0,90,243
01/03/2019,SDM,CA,AWP,WE,Federal Contract Tower,0,15,27,0,42,0,0,101,0,101,0,15,128,0,143,122,0,122,265
01/04/2019,SDM,CA,AWP,WE,Federal Contract Tower,0,5,20,1,26,0,0,119,5,124,0,5,139,6,150,138,0,138,288
01/05/2019,SDM,CA,AWP,WE,Federal Contract Tower,0,8,20,0,28,0,0,45,0,45,0,8,65,0,73,72,0,72,145
01/06/2019,SDM,CA,AWP,WE,Federal Contract Tower,0,9,33,2,44,0,0,44,4,48,0,9,77,6,92,26,0,26,118
01/07/2019,SDM,CA,AWP,WE,Federal Contract Tower,0,3,20,0,23,0,0,74,9,83,0,3,94,9,106,136,2,138,244
01/08/2019,SDM,CA,AWP,WE,Federal Contract Tower,0,4,21,0,25,0,0,77,9,86,0,4,98,9,111,150,0,150,261
01/09/2019,SDM,CA,AWP,WE,Federal Contract Tower,0,6,24,2,32,0,0,77,14,91,0,6,101,16,123,186,0,186,309
01/10/2019,SDM,CA,AWP,WE,Federal Contract Tower,0,0,14,2,16,0,0,76,10,86,0,0,90,12,102,242,0,242,344
01/11/2019,SDM,CA,AWP,WE,Federal Contract Tower,0,0,16,4,20,0,0,58,24,82,0,0,74,28,102,90,30,120,222
01/12/2019,SDM,CA,AWP,WE,Federal Contract Tower,0,6,9,1,16,0,0,37,0,37,0,6,46,1,53,30,0,30,83
01/13/2019,SDM,CA,AWP,WE,Federal Contract Tower,0,6,17,0,23,0,0,77,0,77,0,6,94,0,100,148,0,148,248
01/14/2019,SDM,CA,AWP,WE,Federal Contract Tower,0,2,18,3,23,0,0,7,0,7,0,2,25,3,30,24,0,24,54
01/15/2019,SDM,CA,AWP,WE,Federal Contract Tower,2,3,20,0,25,0,0,30,2,32,2,3,50,2,57,118,18,136,193
01/16/2019,SDM,CA,AWP,WE,Federal Contract Tower,0,1,25,0,26,0,0,55,4,59,0,1,80,4,85,126,2,128,213
01/17/2019,SDM,CA,AWP,WE,Federal Contract Tower,0,3,17,0,20,0,0,16,0,16,0,3,33,0,36,52,0,52,88
01/18/2019,SDM,CA,AWP,WE,Federal Contract Tower,0,2,17,11,30,0,0,59,4,63,0,2,76,15,93,96,0,96,189
01/19/2019,SDM,CA,AWP,WE,Federal Contract Tower,0,3,15,0,18,0,0,150,14,164,0,3,165,14,182,196,0,196,378
01/20/2019,SDM,CA,AWP,WE,Federal Contract Tower,2,19,0,0,21,0,0,75,7,82,2,19,75,7,103,72,0,72,175
01/21/2019,SDM,CA,AWP,WE,Federal Contract Tower,0,13,25,1,39,0,0,67,0,67,0,13,92,1,106,58,0,58,164
01/22/2019,SDM,CA,AWP,WE,Federal Contract Tower,0,1,20,0,21,0,0,75,12,87,0,1,95,12,108,250,0,250,358
01/23/2019,SDM,CA,AWP,WE,Federal Contract Tower,0,0,15,4,19,0,0,72,26,98,0,0,87,30,117,184,18,202,319
01/24/2019,SDM,CA,AWP,WE,Federal Contract Tower,0,6,12,3,21,0,1,90,12,103,0,7,102,15,124,194,0,194,318
01/25/2019,SDM,CA,AWP,WE,Federal Contract Tower,0,4,26,4,34,0,0,84,15,99,0,4,110,19,133,122,0,122,255
01/26/2019,SDM,CA,AWP,WE,Federal Contract Tower,0,2,19,4,25,0,0,96,6,102,0,2,115,10,127,172,0,172,299
01/27/2019,SDM,CA,AWP,WE,Federal Contract Tower,0,6,19,1,26,0,0,84,18,102,0,6,103,19,128,68,0,68,196
01/28/2019,SDM,CA,AWP,WE,Federal Contract Tower,0,5,18,2,25,0,0,78,14,92,0,5,96,16,117,96,4,100,217
01/29/2019,SDM,CA,AWP,WE,Federal Contract Tower,0,0,16,0,16,0,0,64,27,91,0,0,80,27,107,162,0,162,269
01/30/2019,SDM,CA,AWP,WE,Federal Contract Tower,0,8,25,0,33,0,0,73,23,96,0,8,98,23,129,240,0,240,369
01/31/2019,SDM,CA,AWP,WE,Federal Contract Tower,0,3,12,5,20,0,0,19,6,25,0,3,31,11,45,46,2,48,93
02/01/2019,SDM,CA,AWP,WE,Federal Contract Tower,0,3,20,8,31,0,0,65,27,92,0,3,85,35,123,224,0,224,347
02/02/2019,SDM,CA,AWP,WE,Federal Contract Tower,0,1,2,0,3,0,0,3,0,3,0,1,5,0,6,0,0,0,6
02/03/2019,SDM,CA,AWP,WE,Federal Contract Tower,0,4,22,3,29,0,0,27,3,30,0,4,49,6,59,94,0,94,153
02/04/2019,SDM,CA,AWP,WE,Federal Contract Tower,0,2,27,4,33,0,0,8,0,8,0,2,35,4,41,58,0,58,99
02/05/2019,SDM,CA,AWP,WE,Federal Contract Tower,0,4,14,2,20,0,0,15,4,19,0,4,29,6,39,132,34,166,205
02/06/2019,SDM,CA,AWP,WE,Federal Contract Tower,0,3,25,2,30,0,0,62,28,90,0,3,87,30,120,252,0,252,372
02/07/2019,SDM,CA,AWP,WE,Federal Contract Tower,0,7,22,0,29,0,0,75,28,103,0,7,97,28,132,204,2,206,338
02/08/2019,SDM,CA,AWP,WE,Federal Contract Tower,0,2,19,1,22,0,0,88,3,91,0,2,107,4,113,230,24,254,367
02/09/2019,SDM,CA,AWP,WE,Federal Contract Tower,0,7,11,2,20,0,0,74,2,76,0,7,85,4,96,124,0,124,220
02/10/2019,SDM,CA,AWP,WE,Federal Contract Tower,0,2,14,1,17,0,0,47,0,47,0,2,61,1,64,128,0,128,192
02/11/2019,SDM,CA,AWP,WE,Federal Contract Tower,0,4,12,4,20,0,0,91,6,97,0,4,103,10,117,280,6,286,403
02/12/2019,SDM,CA,AWP,WE,Federal Contract Tower,0,7,16,3,26,0,0,106,6,112,0,7,122,9,138,248,0,248,386
02/13/2019,SDM,CA,AWP,WE,Federal Contract Tower,0,6,12,2,20,0,0,25,5,30,0,6,37,7,50,98,0,98,148
02/14/2019,SDM,CA,AWP,WE,Federal Contract Tower,0,5,4,0,9,0,0,0,2,2,0,5,4,2,11,0,2,2,13
02/15/2019,SDM,CA,AWP,WE,Federal Contract Tower,0,8,16,3,27,0,0,40,0,40,0,8,56,3,67,180,0,180,247
02/16/2019,SDM,CA,AWP,WE,Federal Contract Tower,0,1,14,3,18,0,0,94,0,94,0,1,108,3,112,80,0,80,192
02/17/2019,SDM,CA,AWP,WE,Federal Contract Tower,0,10,21,2,33,0,0,23,0,23,0,10,44,2,56,32,0,32,88
02/19/2019,SDM,CA,AWP,WE,Federal Contract Tower,0,5,20,0,25,0,0,70,16,86,0,5,90,16,111,144,0,144,255
02/20/2019,SDM,CA,AWP,WE,Federal Contract Tower,0,5,19,0,24,0,0,46,6,52,0,5,65,6,76,130,18,148,224
02/21/2019,SDM,CA,AWP,WE,Federal Contract Tower,0,7,10,0,17,0,0,8,2,10,0,7,18,2,27,4,0,4,31
02/22/2019,SDM,CA,AWP,WE,Federal Contract Tower,0,8,19,0,27,0,0,73,19,92,0,8,92,19,119,156,14,170,289
02/23/2019,SDM,CA,AWP,WE,Federal Contract Tower,0,4,27,0,31,0,0,105,7,112,0,4,132,7,143,152,0,152,295
02/24/2019,SDM,CA,AWP,WE,Federal Contract Tower,0,6,38,1,45,0,0,96,2,98,0,6,134,3,143,114,0,114,257
02/25/2019,SDM,CA,AWP,WE,Federal Contract Tower,0,1,13,4,18,0,0,72,21,93,0,1,85,25,111,130,1,131,242
02/26/2019,SDM,CA,AWP,WE,Federal Contract Tower,0,4,24,2,30,0,0,68,18,86,0,4,92,20,116,108,0,108,224
02/27/2019,SDM,CA,AWP,WE,Federal Contract Tower,0,7,20,0,27,0,0,75,22,97,0,7,95,22,124,138,6,144,268
02/28/2019,SDM,CA,AWP,WE,Federal Contract Tower,0,6,30,2,38,0,0,68,6,74,0,6,98,8,112,162,0,162,274
03/01/2019,SDM,CA,AWP,WE,Federal Contract Tower,0,8,13,7,28,0,0,66,14,80,0,8,79,21,108,110,6,116,224
03/02/2019,SDM,CA,AWP,WE,Federal Contract Tower,0,4,6,1,11,0,0,3,0,3,0,4,9,1,14,0,0,0,14
03/03/2019,SDM,CA,AWP,WE,Federal Contract Tower,0,4,30,1,35,0,0,30,0,30,0,4,60,1,65,92,0,92,157
03/04/2019,SDM,CA,AWP,WE,Federal Contract Tower,0,4,23,2,29,0,0,38,0,38,0,4,61,2,67,120,0,120,187
03/05/2019,SDM,CA,AWP,WE,Federal Contract Tower,0,4,13,1,18,0,0,95,2,97,0,4,108,3,115,190,0,190,305
03/06/2019,SDM,CA,AWP,WE,Federal Contract Tower,0,7,22,2,31,0,0,25,0,25,0,7,47,2,56,116,2,118,174
03/07/2019,SDM,CA,AWP,WE,Federal Contract Tower,0,4,11,1,16,0,0,41,16,57,0,4,52,17,73,164,6,170,243
03/08/2019,SDM,CA,AWP,WE,Federal Contract Tower,0,4,8,2,14,0,0,46,2,48,0,4,54,4,62,126,12,138,200
03/09/2019,SDM,CA,AWP,WE,Federal Contract Tower,0,6,12,0,18,0,1,126,0,127,0,7,138,0,145,186,0,186,331
03/10/2019,SDM,CA,AWP,WE,Federal Contract Tower,0,5,29,0,34,0,0,62,0,62,0,5,91,0,96,54,0,54,150
03/11/2019,SDM,CA,AWP,WE,Federal Contract Tower,0,4,19,0,23,0,0,28,0,28,0,4,47,0,51,106,0,106,157
03/12/2019,SDM,CA,AWP,WE,Federal Contract Tower,1,7,19,0,27,0,0,64,4,68,1,7,83,4,95,178,0,178,273
03/13/2019,SDM,CA,AWP,WE,Federal Contract Tower,0,2,10,0,12,0,0,71,0,71,0,2,81,0,83,138,0,138,221
03/14/2019,SDM,CA,AWP,WE,Federal Contract Tower,0,4,14,0,18,0,0,103,0,103,0,4,117,0,121,154,0,154,275
03/15/2019,SDM,CA,AWP,WE,Federal Contract Tower,0,6,21,4,31,0,0,72,2,74,0,6,93,6,105,86,8,94,199
03/16/2019,SDM,CA,AWP,WE,Federal Contract Tower,0,7,21,0,28,0,0,118,0,118,0,7,139,0,146,166,0,166,312
03/17/2019,SDM,CA,AWP,WE,Federal Contract Tower,0,5,30,2,37,0,0,105,3,108,0,5,135,5,145,168,0,168,313
03/18/2019,SDM,CA,AWP,WE,Federal Contract Tower,0,3,15,0,18,0,0,81,2,83,0,3,96,2,101,92,6,98,199
03/19/2019,SDM,CA,AWP,WE,Federal Contract Tower,0,2,20,0,22,0,0,67,2,69,0,2,87,2,91,174,0,174,265
03/20/2019,SDM,CA,AWP,WE,Federal Contract Tower,0,4,13,2,19,0,0,32,0,32,0,4,45,2,51,118,0,118,169
03/21/2019,SDM,CA,AWP,WE,Federal Contract Tower,0,4,15,0,19,0,0,48,0,48,0,4,63,0,67,198,0,198,265
03/22/2019,SDM,CA,AWP,WE,Federal Contract Tower,0,13,14,2,29,0,0,86,10,96,0,13,100,12,125,136,8,144,269
03/23/2019,SDM,CA,AWP,WE,Federal Contract Tower,0,5,15,4,24,0,0,115,5,120,0,5,130,9,144,150,0,150,294
03/24/2019,SDM,CA,AWP,WE,Federal Contract Tower,0,4,18,3,25,0,0,72,8,80,0,4,90,11,105,96,0,96,201
03/25/2019,SDM,CA,AWP,WE,Federal Contract Tower,0,5,20,2,27,0,0,103,0,103,0,5,123,2,130,110,0,110,240
03/27/2019,SDM,CA,AWP,WE,Federal Contract Tower,0,2,21,0,23,0,0,95,4,99,0,2,116,4,122,222,18,240,362
03/28/2019,SDM,CA,AWP,WE,Federal Contract Tower,0,5,18,0,23,0,1,86,22,109,0,6,104,22,132,102,0,102,234
03/29/2019,SDM,CA,AWP,WE,Federal Contract Tower,0,3,25,9,37,0,0,95,28,123,0,3,120,37,160,214,8,222,382
03/30/2019,SDM,CA,AWP,WE,Federal Contract Tower,0,6,15,0,21,0,0,125,0,125,0,6,140,0,146,100,0,100,246
03/31/2019,SDM,CA,AWP,WE,Federal Contract Tower,0,3,30,5,38,0,0,94,3,97,0,3,124,8,135,148,0,148,283
04/01/2019,SDM,CA,AWP,WE,Federal Contract Tower,0,1,25,3,29,0,0,67,20,87,0,1,92,23,116,122,0,122,238
04/02/2019,SDM,CA,AWP,WE,Federal Contract Tower,0,4,19,0,23,0,0,66,11,77,0,4,85,11,100,90,0,90,190
04/03/2019,SDM,CA,AWP,WE,Federal Contract Tower,0,4,17,1,22,0,0,43,4,47,0,4,60,5,69,156,0,156,225
04/04/2019,SDM,CA,AWP,WE,Federal Contract Tower,0,2,23,1,26,0,0,77,0,77,0,2,100,1,103,166,0,166,269
04/05/2019,SDM,CA,AWP,WE,Federal Contract Tower,0,10,19,2,31,0,0,54,13,67,0,10,73,15,98,80,18,98,196
04/06/2019,SDM,CA,AWP,WE,Federal Contract Tower,0,9,17,2,28,0,1,117,6,124,0,10,134,8,152,148,2,150,302
04/07/2019,SDM,CA,AWP,WE,Federal Contract Tower,0,10,25,2,37,0,0,94,18,112,0,10,119,20,149,26,0,26,175
04/08/2019,SDM,CA,AWP,WE,Federal Contract Tower,0,2,29,1,32,0,0,72,12,84,0,2,101,13,116,274,4,278,394
04/09/2019,SDM,CA,AWP,WE,Federal Contract Tower,0,2,24,0,26,0,1,62,2,65,0,3,86,2,91,120,8,128,219
04/10/2019,SDM,CA,AWP,WE,Federal Contract Tower,0,3,33,0,36,0,0,76,5,81,0,3,109,5,117,308,2,310,427
04/11/2019,SDM,CA,AWP,WE,Federal Contract Tower,0,5,20,1,26,0,1,94,12,107,0,6,114,13,133,272,0,272,405
04/12/2019,SDM,CA,AWP,WE,Federal Contract Tower,0,7,22,2,31,0,0,82,5,87,0,7,104,7,118,352,8,360,478
04/13/2019,SDM,CA,AWP,WE,Federal Contract Tower,0,5,15,1,21,0,0,168,3,171,0,5,183,4,192,224,0,224,416
04/14/2019,SDM,CA,AWP,WE,Federal Contract Tower,0,6,32,1,39,0,1,92,3,96,0,7,124,4,135,128,0,128,263
04/15/2019,SDM,CA,AWP,WE,Federal Contract Tower,0,3,27,3,33,0,0,63,0,63,0,3,90,3,96,208,0,208,304
04/16/2019,SDM,CA,AWP,WE,Federal Contract Tower,0,6,5,2,13,0,0,30,3,33,0,6,35,5,46,216,2,218,264
04/17/2019,SDM,CA,AWP,WE,Federal Contract Tower,0,10,17,0,27,0,0,103,0,103,0,10,120,0,130,156,0,156,286
04/18/2019,SDM,CA,AWP,WE,Federal Contract Tower,0,6,31,0,37,0,1,88,2,91,0,7,119,2,128,286,4,290,418
04/19/2019,SDM,CA,AWP,WE,Federal Contract Tower,0,5,13,0,18,0,0,85,21,106,0,5,98,21,124,156,36,192,316
04/20/2019,SDM,CA,AWP,WE,Federal Contract Tower,0,9,22,0,31,0,0,128,0,128,0,9,150,0,159,98,0,98,257
04/21/2019,SDM,CA,AWP,WE,Federal Contract Tower,0,5,16,0,21,0,0,56,0,56,0,5,72,0,77,62,0,62,139
04/22/2019,SDM,CA,AWP,WE,Federal Contract Tower,0,3,21,0,24,0,0,70,3,73,0,3,91,3,97,234,2,236,333
04/23/2019,SDM,CA,AWP,WE,Federal Contract Tower,0,4,10,0,14,0,1,62,0,63,0,5,72,0,77,266,0,266,343
04/24/2019,SDM,CA,AWP,WE,Federal Contract Tower,0,8,25,0,33,0,0,77,2,79,0,8,102,2,112,274,0,274,386
04/25/2019,SDM,CA,AWP,WE,Federal Contract Tower,0,8,32,2,42,0,0,76,0,76,0,8,108,2,118,162,0,162,280
04/26/2019,SDM,CA,AWP,WE,Federal Contract Tower,0,5,17,2,24,0,0,58,2,60,0,5,75,4,84,132,2,134,218
04/27/2019,SDM,CA,AWP,WE,Federal Contract Tower,0,2,26,0,28,0,0,85,0,85,0,2,111,0,113,206,0,206,319
04/28/2019,SDM,CA,AWP,WE,Federal Contract Tower,0,9,16,3,28,0,0,51,0,51,0,9,67,3,79,126,0,126,205
04/29/2019,SDM,CA,AWP,WE,Federal Contract Tower,0,6,16,0,22,0,0,12,2,14,0,6,28,2,36,6,0,6,42
04/30/2019,SDM,CA,AWP,WE,Federal Contract Tower,0,0,10,1,11,0,0,6,2,8,0,0,16,3,19,46,0,46,65
05/01/2019,SDM,CA,AWP,WE,Federal Contract Tower,0,2,17,0,19,0,0,86,0,86,0,2,103,0,105,210,0,210,315
05/02/2019,SDM,CA,AWP,WE,Federal Contract Tower,0,1,12,0,13,0,0,80,6,86,0,1,92,6,99,174,10,184,283
05/03/2019,SDM,CA,AWP,WE,Federal Contract Tower,0,1,23,0,24,0,1,82,5,88,0,2,105,5,112,98,18,116,228
05/04/2019,SDM,CA,AWP,WE,Federal Contract Tower,0,0,19,1,20,0,0,112,1,113,0,0,131,2,133,88,0,88,221
05/05/2019,SDM,CA,AWP,WE,Federal Contract Tower,0,2,18,1,21,0,0,58,2,60,0,2,76,3,81,72,0,72,153
05/06/2019,SDM,CA,AWP,WE,Federal Contract Tower,0,1,21,0,22,0,0,29,2,31,0,1,50,2,53,88,2,90,143
05/07/2019,SDM,CA,AWP,WE,Federal Contract Tower,0,2,17,0,19,0,0,33,0,33,0,2,50,0,52,118,0,118,170
05/08/2019,SDM,CA,AWP,WE,Federal Contract Tower,0,4,13,0,17,0,0,39,2,41,0,4,52,2,58,118,4,122,180
05/09/2019,SDM,CA,AWP,WE,Federal Contract Tower,0,2,10,0,12,0,0,24,0,24,0,2,34,0,36,128,0,128,164
05/10/2019,SDM,CA,AWP,WE,Federal Contract Tower,0,1,19,1,21,0,0,37,7,44,0,1,56,8,65,96,28,124,189
05/11/2019,SDM,CA,AWP,WE,Federal Contract Tower,0,5,12,4,21,0,0,53,0,53,0,5,65,4,74,86,0,86,160
05/12/2019,SDM,CA,AWP,WE,Federal Contract Tower,0,7,19,3,29,0,0,73,4,77,0,7,92,7,106,100,1,101,207
05/13/2019,SDM,CA,AWP,WE,Federal Contract Tower,0,2,20,0,22,0,0,33,22,55,0,2,53,22,77,92,0,92,169
05/14/2019,SDM,CA,AWP,WE,Federal Contract Tower,0,7,21,0,28,0,0,82,19,101,0,7,103,19,129,274,5,279,408
05/15/2019,SDM,CA,AWP,WE,Federal Contract Tower,0,4,14,0,18,0,0,36,1,37,0,4,50,1,55,186,1,187,242
05/16/2019,SDM,CA,AWP,WE,Federal Contract Tower,0,7,13,1,21,0,3,21,4,28,0,10,34,5,49,36,0,36,85
05/17/2019,SDM,CA,AWP,WE,Federal Contract Tower,0,4,13,2,19,0,0,92,19,111,0,4,105,21,130,128,0,128,258
05/18/2019,SDM,CA,AWP,WE,Federal Contract Tower,0,3,24,6,33,0,0,132,4,136,0,3,156,10,169,152,0,152,321
05/19/2019,SDM,CA,AWP,WE,Federal Contract Tower,0,3,30,7,40,0,0,15,0,15,0,3,45,7,55,0,0,0,55
05/20/2019,SDM,CA,AWP,WE,Federal Contract Tower,0,1,14,0,15,0,0,48,6,54,0,1,62,6,69,72,0,72,141
05/21/2019,SDM,CA,AWP,WE,Federal Contract Tower,0,8,21,0,29,0,0,25,2,27,0,8,46,2,56,136,14,150,206
05/22/2019,SDM,CA,AWP,WE,Federal Contract Tower,0,3,16,0,19,0,0,32,2,34,0,3,48,2,53,12,38,50,103
05/23/2019,SDM,CA,AWP,WE,Federal Contract Tower,0,6,19,0,25,0,0,54,0,54,0,6,73,0,79,192,0,192,271
05/24/2019,SDM,CA,AWP,WE,Federal Contract Tower,0,4,25,0,29,0,0,126,1,127,0,4,151,1,156,198,0,198,354
05/25/2019,SDM,CA,AWP,WE,Federal Contract Tower,0,1,17,2,20,0,0,111,0,111,0,1,128,2,131,166,0,166,297
05/26/2019,SDM,CA,AWP,WE,Federal Contract Tower,0,2,8,0,10,0,0,18,0,18,0,2,26,0,28,28,0,28,56
05/27/2019,SDM,CA,AWP,WE,Federal Contract Tower,0,12,49,2,63,0,0,119,0,119,0,12,168,2,182,90,0,90,272
05/28/2019,SDM,CA,AWP,WE,Federal Contract Tower,0,4,28,1,33,0,0,84,0,84,0,4,112,1,117,172,0,172,289
05/29/2019,SDM,CA,AWP,WE,Federal Contract Tower,0,2,21,1,24,0,0,110,6,116,0,2,131,7,140,194,0,194,334
05/30/2019,SDM,CA,AWP,WE,Federal Contract Tower,0,4,23,0,27,0,0,99,0,99,0,4,122,0,126,194,0,194,320
05/31/2019,SDM,CA,AWP,WE,Federal Contract Tower,0,1,37,2,40,0,0,62,3,65,0,1,99,5,105,148,14,162,267
06/01/2019,SDM,CA,AWP,WE,Federal Contract Tower,0,1,19,8,28,0,0,97,1,98,0,1,116,9,126,107,0,107,233
06/02/2019,SDM,CA,AWP,WE,Federal Contract Tower,0,5,44,6,55,0,0,69,1,70,0,5,113,7,125,112,0,112,237
06/03/2019,SDM,CA,AWP,WE,Federal Contract Tower,0,2,22,0,24,0,0,3,1,4,0,2,25,1,28,108,0,108,136
06/04/2019,SDM,CA,AWP,WE,Federal Contract Tower,0,7,23,0,30,0,0,22,0,22,0,7,45,0,52,136,0,136,188
06/05/2019,SDM,CA,AWP,WE,Federal Contract Tower,0,5,23,0,28,0,1,36,2,39,0,6,59,2,67,98,0,98,165
06/06/2019,SDM,CA,AWP,WE,Federal Contract Tower,0,0,23,0,23,0,0,27,0,27,0,0,50,0,50,70,0,70,120
06/07/2019,SDM,CA,AWP,WE,Federal Contract Tower,0,4,13,3,20,0,0,37,0,37,0,4,50,3,57,58,0,58,115
06/08/2019,SDM,CA,AWP,WE,Federal Contract Tower,0,4,4,1,9,0,0,101,1,102,0,4,105,2,111,152,0,152,263
06/09/2019,SDM,CA,AWP,WE,Federal Contract Tower,0,4,24,1,29,0,0,68,3,71,0,4,92,4,100,56,0,56,156
06/10/2019,SDM,CA,AWP,WE,Federal Contract Tower,0,4,17,2,23,0,0,71,4,75,0,4,88,6,98,158,10,168,266
06/11/2019,SDM,CA,AWP,WE,Federal Contract Tower,0,0,10,0,10,0,0,46,3,49,0,0,56,3,59,162,44,206,265
06/12/2019,SDM,CA,AWP,WE,Federal Contract Tower,0,2,22,0,24,0,0,64,2,66,0,2,86,2,90,140,20,160,250
06/13/2019,SDM,CA,AWP,WE,Federal Contract Tower,0,10,15,0,25,0,0,58,0,58,0,10,73,0,83,88,0,88,171
06/14/2019,SDM,CA,AWP,WE,Federal Contract Tower,0,5,24,3,32,0,0,56,3,59,0,5,80,6,91,216,0,216,307
06/15/2019,SDM,CA,AWP,WE,Federal Contract Tower,0,1,14,0,15,0,0,87,6,93,0,1,101,6,108,94,0,94,202
06/16/2019,SDM,CA,AWP,WE,Federal Contract Tower,0,6,13,9,28,0,0,13,0,13,0,6,26,9,41,18,0,18,59
06/17/2019,SDM,CA,AWP,WE,Federal Contract Tower,0,5,19,0,24,0,0,7,0,7,0,5,26,0,31,36,0,36,67
06/18/2019,SDM,CA,AWP,WE,Federal Contract Tower,0,1,19,2,22,0,0,51,1,52,0,1,70,3,74,186,0,186,260
06/19/2019,SDM,CA,AWP,WE,Federal Contract Tower,0,6,17,1,24,0,0,65,3,68,0,6,82,4,92,172,40,212,304
06/20/2019,SDM,CA,AWP,WE,Federal Contract Tower,0,2,21,0,23,0,0,53,24,77,0,2,74,24,100,244,4,248,348
06/21/2019,SDM,CA,AWP,WE,Federal Contract Tower,0,2,16,1,19,0,0,36,0,36,0,2,52,1,55,168,0,168,223
06/23/2019,SDM,CA,AWP,WE,Federal Contract Tower,0,7,24,3,34,0,0,57,3,60,0,7,81,6,94,8,0,8,102
06/24/2019,SDM,CA,AWP,WE,Federal Contract Tower,0,4,14,2,20,0,2,52,8,62,0,6,66,10,82,70,10,80,162
06/25/2019,SDM,CA,AWP,WE,Federal Contract Tower,0,1,8,1,10,0,0,27,34,61,0,1,35,35,71,134,0,134,205
06/26/2019,SDM,CA,AWP,WE,Federal Contract Tower,0,2,18,0,20,0,0,52,30,82,0,2,70,30,102,90,0,90,192
06/27/2019,SDM,CA,AWP,WE,Federal Contract Tower,0,7,20,0,27,0,2,110,6,118,0,9,130,6,145,366,0,366,511
06/28/2019,SDM,CA,AWP,WE,Federal Contract Tower,0,8,17,2,27,0,0,83,5,88,0,8,100,7,115,140,10,150,265
06/29/2019,SDM,CA,AWP,WE,Federal Contract Tower,0,10,10,2,22,0,0,81,6,87,0,10,91,8,109,116,0,116,225
06/30/2019,SDM,CA,AWP,WE,Federal Contract Tower,0,5,16,0,21,0,0,67,3,70,0,5,83,3,91,82,0,82,173
07/01/2019,SDM,CA,AWP,WE,Federal Contract Tower,0,0,23,0,23,0,0,67,0,67,0,0,90,0,90,130,0,130,220
07/02/2019,SDM,CA,AWP,WE,Federal Contract Tower,0,2,12,0,14,0,0,60,0,60,0,2,72,0,74,184,0,184,258
07/03/2019,SDM,CA,AWP,WE,Federal Contract Tower,0,5,21,0,26,0,0,82,0,82,0,5,103,0,108,200,0,200,308
07/04/2019,SDM,CA,AWP,WE,Federal Contract Tower,0,3,7,0,10,0,0,39,0,39,0,3,46,0,49,86,0,86,135
07/05/2019,SDM,CA,AWP,WE,Federal Contract Tower,0,6,15,0,21,0,0,69,0,69,0,6,84,0,90,152,0,152,242
07/06/2019,SDM,CA,AWP,WE,Federal Contract Tower,0,3,12,0,15,0,0,103,0,103,0,3,115,0,118,122,0,122,240
07/07/2019,SDM,CA,AWP,WE,Federal Contract Tower,0,13,27,0,40,0,0,71,1,72,0,13,98,1,112,42,0,42,154
07/08/2019,SDM,CA,AWP,WE,Federal Contract Tower,0,3,14,0,17,0,0,45,0,45,0,3,59,0,62,112,0,112,174
07/09/2019,SDM,CA,AWP,WE,Federal Contract Tower,0,6,13,0,19,0,0,59,0,59,0,6,72,0,78,96,0,96,174
07/10/2019,SDM,CA,AWP,WE,Federal Contract Tower,0,0,17,0,17,0,0,79,0,79,0,0,96,0,96,162,0,162,258
07/11/2019,SDM,CA,AWP,WE,Federal Contract Tower,0,7,18,2,27,0,0,78,4,82,0,7,96,6,109,94,0,94,203
07/12/2019,SDM,CA,AWP,WE,Federal Contract Tower,0,6,21,1,28,0,0,84,5,89,0,6,105,6,117,230,0,230,347
07/13/2019,SDM,CA,AWP,WE,Federal Contract Tower,0,8,16,1,25,0,0,131,7,138,0,8,147,8,163,202,0,202,365
07/14/2019,SDM,CA,AWP,WE,Federal Contract Tower,0,4,20,0,24,0,0,81,9,90,0,4,101,9,114,112,0,112,226
07/15/2019,SDM,CA,AWP,WE,Federal Contract Tower,0,2,7,0,9,0,0,81,0,81,0,2,88,0,90,142,0,142,232
07/16/2019,SDM,CA,AWP,WE,Federal Contract Tower,0,9,13,0,22,0,0,82,6,88,0,9,95,6,110,204,0,204,314
07/17/2019,SDM,CA,AWP,WE,Federal Contract Tower,0,6,21,0,27,0,0,71,14,85,0,6,92,14,112,142,2,144,256
07/18/2019,SDM,CA,AWP,WE,Federal Contract Tower,0,2,11,0,13,0,0,79,2,81,0,2,90,2,94,238,4,242,336
07/19/2019,SDM,CA,AWP,WE,Federal Contract Tower,0,10,18,0,28,0,0,100,0,100,0,10,118,0,128,180,0,180,308
07/20/2019,SDM,CA,AWP,WE,Federal Contract Tower,0,3,14,1,18,0,0,107,2,109,0,3,121,3,127,176,0,176,303
07/21/2019,SDM,CA,AWP,WE,Federal Contract Tower,0,6,14,0,20,0,0,86,0,86,0,6,100,0,106,96,0,96,202
07/22/2019,SDM,CA,AWP,WE,Federal Contract Tower,0,1,6,0,7,0,0,74,0,74,0,1,80,0,81,192,0,192,273
07/23/2019,SDM,CA,AWP,WE,Federal Contract Tower,0,3,14,0,17,0,1,85,0,86,0,4,99,0,103,178,0,178,281
07/24/2019,SDM,CA,AWP,WE,Federal Contract Tower,0,5,22,0,27,0,0,71,0,71,0,5,93,0,98,102,0,102,200
07/25/2019,SDM,CA,AWP,WE,Federal Contract Tower,0,4,13,0,17,0,0,82,2,84,0,4,95,2,101,256,0,256,357
07/26/2019,SDM,CA,AWP,WE,Federal Contract Tower,0,4,14,1,19,0,0,86,0,86,0,4,100,1,105,226,0,226,331
07/27/2019,SDM,CA,AWP,WE,Federal Contract Tower,0,6,13,3,22,0,2,112,4,118,0,8,125,7,140,188,0,188,328
07/28/2019,SDM,CA,AWP,WE,Federal Contract Tower,0,5,8,2,15,0,0,63,1,64,0,5,71,3,79,90,0,90,169
07/29/2019,SDM,CA,AWP,WE,Federal Contract Tower,0,7,18,0,25,0,0,55,20,75,0,7,73,20,100,158,0,158,258
07/30/2019,SDM,CA,AWP,WE,Federal Contract Tower,0,7,19,0,26,0,0,75,18,93,0,7,94,18,119,184,0,184,303
07/31/2019,SDM,CA,AWP,WE,Federal Contract Tower,0,4,16,0,20,0,0,87,24,111,0,4,103,24,131,214,6,220,351
08/01/2019,SDM,CA,AWP,WE,Federal Contract Tower,0,6,12,0,18,0,0,103,12,115,0,6,115,12,133,106,0,106,239
08/02/2019,SDM,CA,AWP,WE,Federal Contract Tower,0,1,10,2,13,0,0,64,35,99,0,1,74,37,112,64,32,96,208
08/03/2019,SDM,CA,AWP,WE,Federal Contract Tower,0,5,14,6,25,0,0,84,1,85,0,5,98,7,110,200,0,200,310
08/04/2019,SDM,CA,AWP,WE,Federal Contract Tower,0,3,10,0,13,0,0,59,5,64,0,3,69,5,77,58,0,58,135
08/05/2019,SDM,CA,AWP,WE,Federal Contract Tower,0,5,18,0,23,0,1,72,12,85,0,6,90,12,108,162,0,162,270
08/06/2019,SDM,CA,AWP,WE,Federal Contract Tower,0,5,20,1,26,0,0,98,24,122,0,5,118,25,148,228,0,228,376
08/07/2019,SDM,CA,AWP,WE,Federal Contract Tower,0,5,15,1,21,0,0,79,21,100,0,5,94,22,121,178,0,178,299
08/08/2019,SDM,CA,AWP,WE,Federal Contract Tower,0,5,21,0,26,0,0,99,28,127,0,5,120,28,153,194,4,198,351
08/09/2019,SDM,CA,AWP,WE,Federal Contract Tower,0,10,7,0,17,0,0,99,18,117,0,10,106,18,134,272,0,272,406
08/10/2019,SDM,CA,AWP,WE,Federal Contract Tower,0,7,7,2,16,0,0,137,7,144,0,7,144,9,160,118,0,118,278
08/11/2019,SDM,CA,AWP,WE,Federal Contract Tower,0,3,15,3,21,0,0,77,16,93,0,3,92,19,114,76,0,76,190
08/12/2019,SDM,CA,AWP,WE,Federal Contract Tower,0,3,14,2,19,0,0,68,14,82,0,3,82,16,101,130,0,130,231
08/13/2019,SDM,CA,AWP,WE,Federal Contract Tower,0,1,7,1,9,0,0,78,34,112,0,1,85,35,121,164,0,164,285
08/14/2019,SDM,CA,AWP,WE,Federal Contract Tower,0,0,12,0,12,0,0,77,6,83,0,0,89,6,95,226,0,226,321
08/15/2019,SDM,CA,AWP,WE,Federal Contract Tower,0,12,7,0,19,0,0,83,0,83,0,12,90,0,102,196,0,196,298
08/16/2019,SDM,CA,AWP,WE,Federal Contract Tower,0,5,17,1,23,0,0,63,0,63,0,5,80,1,86,184,14,198,284
08/17/2019,SDM,CA,AWP,WE,Federal Contract Tower,0,2,4,0,6,0,0,131,11,142,0,2,135,11,148,168,2,170,318
08/18/2019,SDM,CA,AWP,WE,Federal Contract Tower,0,5,18,1,24,0,0,97,9,106,0,5,115,10,130,102,0,102,232
08/19/2019,SDM,CA,AWP,WE,Federal Contract Tower,0,9,10,0,19,0,0,81,0,81,0,9,91,0,100,158,0,158,258
08/20/2019,SDM,CA,AWP,WE,Federal Contract Tower,0,8,14,0,22,0,0,57,0,57,0,8,71,0,79,152,0,152,231
08/21/2019,SDM,CA,AWP,WE,Federal Contract Tower,0,2,12,2,16,0,0,73,0,73,0,2,85,2,89,224,0,224,313
08/22/2019,SDM,CA,AWP,WE,Federal Contract Tower,0,2,10,0,12,0,0,65,0,65,0,2,75,0,77,70,0,70,147
08/23/2019,SDM,CA,AWP,WE,Federal Contract Tower,0,6,11,1,18,0,0,101,4,105,0,6,112,5,123,146,0,146,269
08/24/2019,SDM,CA,AWP,WE,Federal Contract Tower,0,8,7,0,15,0,0,97,10,107,0,8,104,10,122,196,0,196,318
08/25/2019,SDM,CA,AWP,WE,Federal Contract Tower,0,10,15,0,25,0,0,85,11,96,0,10,100,11,121,116,0,116,237
08/26/2019,SDM,CA,AWP,WE,Federal Contract Tower,0,1,8,0,9,0,0,45,1,46,0,1,53,1,55,108,0,108,163
08/27/2019,SDM,CA,AWP,WE,Federal Contract Tower,0,2,8,0,10,0,0,58,4,62,0,2,66,4,72,174,4,178,250
08/28/2019,SDM,CA,AWP,WE,Federal Contract Tower,0,3,9,0,12,0,0,70,2,72,0,3,79,2,84,214,0,214,298
08/29/2019,SDM,CA,AWP,WE,Federal Contract Tower,0,2,8,0,10,0,0,75,4,79,0,2,83,4,89,234,10,244,333
08/30/2019,SDM,CA,AWP,WE,Federal Contract Tower,0,3,17,5,25,0,0,67,1,68,0,3,84,6,93,164,0,164,257
08/31/2019,SDM,CA,AWP,WE,Federal Contract Tower,0,1,9,3,13,0,0,99,2,101,0,1,108,5,114,58,0,58,172
09/01/2019,SDM,CA,AWP,WE,Federal Contract Tower,0,2,9,6,17,0,0,77,0,77,0,2,86,6,94,40,0,40,134
09/02/2019,SDM,CA,AWP,WE,Federal Contract Tower,0,5,23,6,34,0,0,71,1,72,0,5,94,7,106,124,0,124,230
09/03/2019,SDM,CA,AWP,WE,Federal Contract Tower,0,2,7,7,16,0,0,62,4,66,0,2,69,11,82,204,0,204,286
09/04/2019,SDM,CA,AWP,WE,Federal Contract Tower,0,7,5,0,12,0,1,64,5,70,0,8,69,5,82,146,0,146,228
09/05/2019,SDM,CA,AWP,WE,Federal Contract Tower,0,5,11,0,16,0,0,71,1,72,0,5,82,1,88,222,0,222,310
09/06/2019,SDM,CA,AWP,WE,Federal Contract Tower,0,0,14,2,16,0,0,80,0,80,0,0,94,2,96,138,0,138,234
09/07/2019,SDM,CA,AWP,WE,Federal Contract Tower,0,3,8,0,11,0,0,108,0,108,0,3,116,0,119,176,0,176,295
09/08/2019,SDM,CA,AWP,WE,Federal Contract Tower,0,2,8,4,14,0,0,68,1,69,0,2,76,5,83,88,0,88,171
09/09/2019,SDM,CA,AWP,WE,Federal Contract Tower,0,2,11,0,13,0,0,59,10,69,0,2,70,10,82,74,12,86,168
09/10/2019,SDM,CA,AWP,WE,Federal Contract Tower,0,6,5,2,13,0,0,50,0,50,0,6,55,2,63,102,0,102,165
09/11/2019,SDM,CA,AWP,WE,Federal Contract Tower,0,3,16,1,20,0,0,81,2,83,0,3,97,3,103,194,0,194,297
09/12/2019,SDM,CA,AWP,WE,Federal Contract Tower,0,4,16,0,20,0,0,76,1,77,0,4,92,1,97,196,2,198,295
09/13/2019,SDM,CA,AWP,WE,Federal Contract Tower,0,4,23,16,43,0,0,65,5,70,0,4,88,21,113,130,12,142,255
09/14/2019,SDM,CA,AWP,WE,Federal Contract Tower,0,3,12,6,21,0,0,145,2,147,0,3,157,8,168,130,52,182,350
09/15/2019,SDM,CA,AWP,WE,Federal Contract Tower,0,3,18,9,30,0,0,85,11,96,0,3,103,20,126,92,0,92,218
09/16/2019,SDM,CA,AWP,WE,Federal Contract Tower,0,3,8,0,11,0,0,57,5,62,0,3,65,5,73,84,2,86,159
09/17/2019,SDM,CA,AWP,WE,Federal Contract Tower,0,3,12,0,15,0,0,68,0,68,0,3,80,0,83,188,0,188,271
09/18/2019,SDM,CA,AWP,WE,Federal Contract Tower,0,2,7,2,11,0,0,13,6,19,0,2,20,8,30,10,0,10,40
09/19/2019,SDM,CA,AWP,WE,Federal Contract Tower,0,4,14,0,18,0,0,76,2,78,0,4,90,2,96,122,0,122,218
09/20/2019,SDM,CA,AWP,WE,Federal Contract Tower,0,4,16,4,24,0,0,88,0,88,0,4,104,4,112,298,0,298,410
09/21/2019,SDM,CA,AWP,WE,Federal Contract Tower,0,5,13,0,18,0,0,97,4,101,0,5,110,4,119,94,0,94,213
09/22/2019,SDM,CA,AWP,WE,Federal Contract Tower,0,3,21,0,24,0,0,94,7,101,0,3,115,7,125,122,0,122,247
09/23/2019,SDM,CA,AWP,WE,Federal Contract Tower,0,0,5,0,5,0,0,39,0,39,0,0,44,0,44,68,0,68,112
09/24/2019,SDM,CA,AWP,WE,Federal Contract Tower,0,3,11,2,16,0,0,58,7,65,0,3,69,9,81,120,0,120,201
09/25/2019,SDM,CA,AWP,WE,Federal Contract Tower,0,6,11,3,20,0,0,64,18,82,0,6,75,21,102,198,0,198,300
09/26/2019,SDM,CA,AWP,WE,Federal Contract Tower,0,4,13,9,26,0,0,19,9,28,0,4,32,18,54,190,2,192,246
09/27/2019,SDM,CA,AWP,WE,Federal Contract Tower,0,0,13,13,26,0,0,11,0,11,0,0,24,13,37,172,0,172,209
09/28/2019,SDM,CA,AWP,WE,Federal Contract Tower,0,0,15,7,22,0,0,30,0,30,0,0,45,7,52,138,2,140,192
09/29/2019,SDM,CA,AWP,WE,Federal Contract Tower,0,1,13,3,17,0,0,107,10,117,0,1,120,13,134,90,0,90,224
09/30/2019,SDM,CA,AWP,WE,Federal Contract Tower,0,1,13,0,14,0,0,66,12,78,0,1,79,12,92,174,4,178,270
10/01/2019,SDM,CA,AWP,WE,Federal Contract Tower,0,0,11,0,11,0,0,76,8,84,0,0,87,8,95,172,10,182,277
10/02/2019,SDM,CA,AWP,WE,Federal Contract Tower,0,0,12,1,13,0,0,73,0,73,0,0,85,1,86,172,4,176,262
10/03/2019,SDM,CA,AWP,WE,Federal Contract Tower,0,4,14,0,18,0,0,90,2,92,0,4,104,2,110,228,0,228,338
10/04/2019,SDM,CA,AWP,WE,Federal Contract Tower,1,3,10,5,19,0,0,89,7,96,1,3,99,12,115,174,0,174,289
10/05/2019,SDM,CA,AWP,WE,Federal Contract Tower,1,1,7,3,12,0,0,127,3,130,1,1,134,6,142,102,0,102,244
10/06/2019,SDM,CA,AWP,WE,Federal Contract Tower,0,3,22,6,31,0,0,104,11,115,0,3,126,17,146,162,0,162,308
10/07/2019,SDM,CA,AWP,WE,Federal Contract Tower,0,9,28,0,37,0,0,72,0,72,0,9,100,0,109,160,0,160,269
10/08/2019,SDM,CA,AWP,WE,Federal Contract Tower,0,2,15,1,18,0,0,75,6,81,0,2,90,7,99,154,6,160,259
10/09/2019,SDM,CA,AWP,WE,Federal Contract Tower,0,0,20,0,20,0,0,61,7,68,0,0,81,7,88,228,8,236,324
10/10/2019,SDM,CA,AWP,WE,Federal Contract Tower,0,6,10,0,16,0,0,77,26,103,0,6,87,26,119,220,0,220,339
10/11/2019,SDM,CA,AWP,WE,Federal Contract Tower,0,6,18,3,27,0,0,43,8,51,0,6,61,11,78,84,2,86,164
10/12/2019,SDM,CA,AWP,WE,Federal Contract Tower,0,3,14,4,21,0,0,118,14,132,0,3,132,18,153,250,0,250,403
10/13/2019,SDM,CA,AWP,WE,Federal Contract Tower,2,2,16,4,24,0,0,72,9,81,2,2,88,13,105,86,0,86,191
10/14/2019,SDM,CA,AWP,WE,Federal Contract Tower,0,3,18,0,21,0,1,80,30,111,0,4,98,30,132,102,0,102,234
10/15/2019,SDM,CA,AWP,WE,Federal Contract Tower,0,2,15,0,17,0,0,66,25,91,0,2,81,25,108,162,0,162,270
10/16/2019,SDM,CA,AWP,WE,Federal Contract Tower,0,4,13,0,17,0,0,60,22,82,0,4,73,22,99,130,126,256,355
10/17/2019,SDM,CA,AWP,WE,Federal Contract Tower,0,4,21,0,25,0,0,53,8,61,0,4,74,8,86,116,0,116,202
10/18/2019,SDM,CA,AWP,WE,Federal Contract Tower,0,5,17,4,26,0,0,69,7,76,0,5,86,11,102,98,0,98,200
10/19/2019,SDM,CA,AWP,WE,Federal Contract Tower,0,1,20,0,21,0,0,113,11,124,0,1,133,11,145,108,30,138,283
10/20/2019,SDM,CA,AWP,WE,Federal Contract Tower,0,5,23,4,32,0,0,98,6,104,0,5,121,10,136,124,0,124,260
10/21/2019,SDM,CA,AWP,WE,Federal Contract Tower,0,3,10,0,13,0,0,57,0,57,0,3,67,0,70,164,0,164,234
10/22/2019,SDM,CA,AWP,WE,Federal Contract Tower,0,6,10,2,18,0,0,67,14,81,0,6,77,16,99,202,2,204,303
10/23/2019,SDM,CA,AWP,WE,Federal Contract Tower,0,3,14,4,21,0,1,74,12,87,0,4,88,16,108,184,4,188,296
10/24/2019,SDM,CA,AWP,WE,Federal Contract Tower,0,1,15,0,16,0,0,44,7,51,0,1,59,7,67,108,0,108,175
10/25/2019,SDM,CA,AWP,WE,Federal Contract Tower,0,5,8,0,13,0,0,66,11,77,0,5,74,11,90,94,70,164,254
10/26/2019,SDM,CA,AWP,WE,Federal Contract Tower,0,4,7,4,15,0,0,120,7,127,0,4,127,11,142,152,0,152,294
10/27/2019,SDM,CA,AWP,WE,Federal Contract Tower,0,4,17,7,28,0,0,62,17,79,0,4,79,24,107,26,2,28,135
10/28/2019,SDM,CA,AWP,WE,Federal Contract Tower,0,0,11,1,12,0,0,53,0,53,0,0,64,1,65,82,0,82,147
10/29/2019,SDM,CA,AWP,WE,Federal Contract Tower,0,0,8,0,8,0,2,74,1,77,0,2,82,1,85,212,0,212,297
10/30/2019,SDM,CA,AWP,WE,Federal Contract Tower,0,3,12,0,15,0,0,31,8,39,0,3,43,8,54,48,0,48,102
10/31/2019,SDM,CA,AWP,WE,Federal Contract Tower,0,5,7,0,12,0,0,56,8,64,0,5,63,8,76,128,18,146,222
11/01/2019,SDM,CA,AWP,WE,Federal Contract Tower,0,1,17,3,21,0,0,90,12,102,0,1,107,15,123,142,22,164,287
11/02/2019,SDM,CA,AWP,WE,Federal Contract Tower,0,7,16,1,24,0,0,123,10,133,0,7,139,11,157,128,4,132,289
11/03/2019,SDM,CA,AWP,WE,Federal Contract Tower,0,11,14,3,28,0,0,124,6,130,0,11,138,9,158,44,0,44,202
11/04/2019,SDM,CA,AWP,WE,Federal Contract Tower,0,3,18,0,21,0,0,74,21,95,0,3,92,21,116,82,0,82,198
11/05/2019,SDM,CA,AWP,WE,Federal Contract Tower,0,3,11,0,14,0,0,79,15,94,0,3,90,15,108,156,8,164,272
11/06/2019,SDM,CA,AWP,WE,Federal Contract Tower,0,5,13,0,18,0,0,56,20,76,0,5,69,20,94,164,0,164,258
11/07/2019,SDM,CA,AWP,WE,Federal Contract Tower,0,13,21,0,34,0,0,61,24,85,0,13,82,24,119,128,6,134,253
11/08/2019,SDM,CA,AWP,WE,Federal Contract Tower,0,5,16,0,21,0,0,85,23,108,0,5,101,23,129,126,0,126,255
11/09/2019,SDM,CA,AWP,WE,Federal Contract Tower,0,7,13,0,20,0,0,152,0,152,0,7,165,0,172,136,0,136,308
11/10/2019,SDM,CA,AWP,WE,Federal Contract Tower,0,10,22,1,33,0,1,113,2,116,0,11,135,3,149,56,0,56,205
11/11/2019,SDM,CA,AWP,WE,Federal Contract Tower,0,8,21,2,31,0,0,72,0,72,0,8,93,2,103,164,0,164,267
11/12/2019,SDM,CA,AWP,WE,Federal Contract Tower,0,1,16,4,21,0,0,71,10,81,0,1,87,14,102,124,0,124,226
11/13/2019,SDM,CA,AWP,WE,Federal Contract Tower,0,4,17,4,25,0,0,75,15,90,0,4,92,19,115,156,0,156,271
11/14/2019,SDM,CA,AWP,WE,Federal Contract Tower,0,4,17,2,23,0,0,95,17,112,0,4,112,19,135,122,2,124,259
11/15/2019,SDM,CA,AWP,WE,Federal Contract Tower,0,5,15,1,21,0,0,74,3,77,0,5,89,4,98,280,1,281,379
11/16/2019,SDM,CA,AWP,WE,Federal Contract Tower,0,2,13,3,18,0,0,119,14,133,0,2,132,17,151,144,6,150,301
11/17/2019,SDM,CA,AWP,WE,Federal Contract Tower,0,6,13,4,23,0,2,94,20,116,0,8,107,24,139,94,2,96,235
11/18/2019,SDM,CA,AWP,WE,Federal Contract Tower,0,1,24,0,25,0,0,58,5,63,0,1,82,5,88,138,0,138,226
11/19/2019,SDM,CA,AWP,WE,Federal Contract Tower,0,10,11,0,21,0,1,32,6,39,0,11,43,6,60,72,8,80,140
11/20/2019,SDM,CA,AWP,WE,Federal Contract Tower,0,2,10,0,12,0,0,4,0,4,0,2,14,0,16,98,0,98,114
11/21/2019,SDM,CA,AWP,WE,Federal Contract Tower,0,2,16,0,18,0,0,55,6,61,0,2,71,6,79,162,0,162,241
11/22/2019,SDM,CA,AWP,WE,Federal Contract Tower,0,6,18,1,25,0,0,90,3,93,0,6,108,4,118,128,20,148,266
11/23/2019,SDM,CA,AWP,WE,Federal Contract Tower,0,13,39,1,53,0,1,113,1,115,0,14,152,2,168,82,0,82,250
11/24/2019,SDM,CA,AWP,WE,Federal Contract Tower,0,13,38,4,55,0,0,127,3,130,0,13,165,7,185,30,0,30,215
11/25/2019,SDM,CA,AWP,WE,Federal Contract Tower,0,7,18,0,25,0,0,70,7,77,0,7,88,7,102,194,0,194,296
11/26/2019,SDM,CA,AWP,WE,Federal Contract Tower,0,4,44,0,48,0,0,97,2,99,0,4,141,2,147,154,0,154,301
11/27/2019,SDM,CA,AWP,WE,Federal Contract Tower,0,3,11,2,16,0,0,16,0,16,0,3,27,2,32,30,0,30,62
11/28/2019,SDM,CA,AWP,WE,Federal Contract Tower,0,2,0,0,2,0,0,2,0,2,0,2,2,0,4,0,0,0,4
11/29/2019,SDM,CA,AWP,WE,Federal Contract Tower,0,5,13,0,18,0,0,28,0,28,0,5,41,0,46,56,0,56,102
11/30/2019,SDM,CA,AWP,WE,Federal Contract Tower,0,14,26,0,40,0,0,100,0,100,0,14,126,0,140,66,0,66,206
12/01/2019,SDM,CA,AWP,WE,Federal Contract Tower,0,9,54,0,63,0,0,75,0,75,0,9,129,0,138,14,0,14,152
12/02/2019,SDM,CA,AWP,WE,Federal Contract Tower,0,7,16,0,23,0,0,51,4,55,0,7,67,4,78,132,0,132,210
12/03/2019,SDM,CA,AWP,WE,Federal Contract Tower,0,4,20,2,26,0,0,49,19,68,0,4,69,21,94,186,20,206,300
12/04/2019,SDM,CA,AWP,WE,Federal Contract Tower,0,1,6,0,7,0,0,2,0,2,0,1,8,0,9,0,0,0,9
12/05/2019,SDM,CA,AWP,WE,Federal Contract Tower,0,5,22,0,27,0,0,68,8,76,0,5,90,8,103,178,6,184,287
12/06/2019,SDM,CA,AWP,WE,Federal Contract Tower,0,6,13,3,22,0,0,60,8,68,0,6,73,11,90,146,16,162,252
12/07/2019,SDM,CA,AWP,WE,Federal Contract Tower,0,3,9,0,12,0,0,6,0,6,0,3,15,0,18,14,0,14,32
12/08/2019,SDM,CA,AWP,WE,Federal Contract Tower,0,12,28,0,40,0,0,1,0,1,0,12,29,0,41,0,0,0,41
12/09/2019,SDM,CA,AWP,WE,Federal Contract Tower,0,4,16,0,20,0,0,53,2,55,0,4,69,2,75,118,0,118,193
12/10/2019,SDM,CA,AWP,WE,Federal Contract Tower,0,5,11,0,16,0,0,86,0,86,0,5,97,0,102,222,0,222,324
12/11/2019,SDM,CA,AWP,WE,Federal Contract Tower,0,2,12,0,14,0,0,68,2,70,0,2,80,2,84,258,2,260,344
12/12/2019,SDM,CA,AWP,WE,Federal Contract Tower,0,2,22,0,24,0,0,87,5,92,0,2,109,5,116,192,0,192,308
12/13/2019,SDM,CA,AWP,WE,Federal Contract Tower,0,7,18,3,28,0,0,65,0,65,0,7,83,3,93,184,0,184,277
12/14/2019,SDM,CA,AWP,WE,Federal Contract Tower,0,2,15,0,17,0,1,64,0,65,0,3,79,0,82,154,0,154,236
12/15/2019,SDM,CA,AWP,WE,Federal Contract Tower,0,6,20,1,27,0,0,95,6,101,0,6,115,7,128,54,0,54,182
12/16/2019,SDM,CA,AWP,WE,Federal Contract Tower,0,2,5,1,8,0,0,73,7,80,0,2,78,8,88,182,20,202,290
12/17/2019,SDM,CA,AWP,WE,Federal Contract Tower,0,8,13,0,21,0,0,19,2,21,0,8,32,2,42,36,0,36,78
12/18/2019,SDM,CA,AWP,WE,Federal Contract Tower,0,2,17,2,21,0,0,75,2,77,0,2,92,4,98,184,4,188,286
12/19/2019,SDM,CA,AWP,WE,Federal Contract Tower,0,8,18,0,26,0,0,85,2,87,0,8,103,2,113,192,10,202,315
12/20/2019,SDM,CA,AWP,WE,Federal Contract Tower,0,9,14,1,24,0,0,89,0,89,0,9,103,1,113,158,0,158,271
12/21/2019,SDM,CA,AWP,WE,Federal Contract Tower,0,11,16,1,28,0,0,76,0,76,0,11,92,1,104,94,0,94,198
12/22/2019,SDM,CA,AWP,WE,Federal Contract Tower,0,7,25,0,32,0,0,81,0,81,0,7,106,0,113,140,0,140,253
12/23/2019,SDM,CA,AWP,WE,Federal Contract Tower,0,4,6,0,10,0,0,4,0,4,0,4,10,0,14,0,0,0,14
12/24/2019,SDM,CA,AWP,WE,Federal Contract Tower,0,4,5,0,9,0,0,19,0,19,0,4,24,0,28,14,0,14,42
12/25/2019,SDM,CA,AWP,WE,Federal Contract Tower,0,2,0,0,2,0,0,8,0,8,0,2,8,0,10,6,0,6,16
12/26/2019,SDM,CA,AWP,WE,Federal Contract Tower,0,3,18,0,21,0,0,11,0,11,0,3,29,0,32,4,0,4,36
12/27/2019,SDM,CA,AWP,WE,Federal Contract Tower,11,27,0,0,38,0,81,0,0,81,11,108,0,0,119,144,0,144,263
12/28/2019,SDM,CA,AWP,WE,Federal Contract Tower,0,4,19,0,23,0,0,62,0,62,0,4,81,0,85,62,0,62,147
12/29/2019,SDM,CA,AWP,WE,Federal Contract Tower,0,10,14,0,24,0,0,76,2,78,0,10,90,2,102,64,0,64,166
12/30/2019,SDM,CA,AWP,WE,Federal Contract Tower,0,6,18,0,24,0,0,29,2,31,0,6,47,2,55,27,0,27,82
12/31/2019,SDM,CA,AWP,WE,Federal Contract Tower,0,1,18,0,19,0,0,86,0,86,0,1,104,0,105,68,0,68,173
01/01/2020,SDM,CA,AWP,WE,Federal Contract Tower,0,5,12,0,17,0,0,37,0,37,0,5,49,0,54,40,0,40,94
01/02/2020,SDM,CA,AWP,WE,Federal Contract Tower,0,9,28,0,37,0,0,79,0,79,0,9,107,0,116,96,0,96,212
01/03/2020,SDM,CA,AWP,WE,Federal Contract Tower,0,12,42,0,54,0,0,71,0,71,0,12,113,0,125,112,0,112,237
01/04/2020,SDM,CA,AWP,WE,Federal Contract Tower,0,11,31,0,42,0,0,84,0,84,0,11,115,0,126,128,0,128,254
01/05/2020,SDM,CA,AWP,WE,Federal Contract Tower,0,13,48,0,61,0,0,59,2,61,0,13,107,2,122,44,0,44,166
01/06/2020,SDM,CA,AWP,WE,Federal Contract Tower,0,6,9,0,15,0,0,46,8,54,0,6,55,8,69,154,8,162,231
01/07/2020,SDM,CA,AWP,WE,Federal Contract Tower,0,1,18,3,22,0,0,60,12,72,0,1,78,15,94,100,0,100,194
01/08/2020,SDM,CA,AWP,WE,Federal Contract Tower,0,1,15,4,20,0,0,70,8,78,0,1,85,12,98,98,30,128,226
01/09/2020,SDM,CA,AWP,WE,Federal Contract Tower,0,5,8,3,16,0,0,31,1,32,0,5,39,4,48,70,0,70,118
01/10/2020,SDM,CA,AWP,WE,Federal Contract Tower,0,6,12,0,18,0,0,79,20,99,0,6,91,20,117,126,20,146,263
01/11/2020,SDM,CA,AWP,WE,Federal Contract Tower,0,0,12,2,14,0,0,85,9,94,0,0,97,11,108,92,0,92,200
01/12/2020,SDM,CA,AWP,WE,Federal Contract Tower,0,8,22,1,31,0,0,60,2,62,0,8,82,3,93,74,0,74,167
01/13/2020,SDM,CA,AWP,WE,Federal Contract Tower,0,4,13,0,17,0,0,97,2,99,0,4,110,2,116,204,0,204,320
01/14/2020,SDM,CA,AWP,WE,Federal Contract Tower,0,3,13,1,17,0,0,77,12,89,0,3,90,13,106,204,0,204,310
01/15/2020,SDM,CA,AWP,WE,Federal Contract Tower,0,4,12,0,16,0,0,85,20,105,0,4,97,20,121,132,14,146,267
01/16/2020,SDM,CA,AWP,WE,Federal Contract Tower,0,1,28,1,30,0,1,42,2,45,0,2,70,3,75,90,14,104,179
01/17/2020,SDM,CA,AWP,WE,Federal Contract Tower,0,9,9,5,23,0,0,40,2,42,0,9,49,7,65,92,2,94,159
01/18/2020,SDM,CA,AWP,WE,Federal Contract Tower,0,1,9,3,13,0,0,115,8,123,0,1,124,11,136,160,0,160,296
01/19/2020,SDM,CA,AWP,WE,Federal Contract Tower,0,3,17,7,27,0,0,98,10,108,0,3,115,17,135,64,22,86,221
01/20/2020,SDM,CA,AWP,WE,Federal Contract Tower,0,10,29,1,40,0,0,53,0,53,0,10,82,1,93,138,0,138,231
01/21/2020,SDM,CA,AWP,WE,Federal Contract Tower,0,7,11,3,21,0,0,35,2,37,0,7,46,5,58,108,4,112,170
01/22/2020,SDM,CA,AWP,WE,Federal Contract Tower,0,0,11,0,11,0,0,80,2,82,0,0,91,2,93,258,2,260,353
01/23/2020,SDM,CA,AWP,WE,Federal Contract Tower,0,5,20,1,26,0,1,98,2,101,0,6,118,3,127,278,0,278,405
01/24/2020,SDM,CA,AWP,WE,Federal Contract Tower,0,4,26,1,31,0,1,83,4,88,0,5,109,5,119,176,14,190,309
01/25/2020,SDM,CA,AWP,WE,Federal Contract Tower,0,6,17,0,23,0,0,75,4,79,0,6,92,4,102,106,36,142,244
01/26/2020,SDM,CA,AWP,WE,Federal Contract Tower,0,4,26,1,31,0,0,22,0,22,0,4,48,1,53,48,0,48,101
01/27/2020,SDM,CA,AWP,WE,Federal Contract Tower,0,0,21,0,21,0,0,97,4,101,0,0,118,4,122,202,0,202,324
01/28/2020,SDM,CA,AWP,WE,Federal Contract Tower,0,3,10,0,13,0,0,79,15,94,0,3,89,15,107,114,0,114,221
01/29/2020,SDM,CA,AWP,WE,Federal Contract Tower,0,3,27,0,30,0,0,74,4,78,0,3,101,4,108,194,2,196,304
01/30/2020,SDM,CA,AWP,WE,Federal Contract Tower,0,0,18,0,18,0,0,79,14,93,0,0,97,14,111,140,2,142,253
01/31/2020,SDM,CA,AWP,WE,Federal Contract Tower,0,5,14,0,19,0,1,78,25,104,0,6,92,25,123,156,2,158,281
02/01/2020,SDM,CA,AWP,WE,Federal Contract Tower,0,4,17,0,21,0,1,104,0,105,0,5,121,0,126,110,0,110,236
02/02/2020,SDM,CA,AWP,WE,Federal Contract Tower,0,6,21,2,29,0,0,41,2,43,0,6,62,4,72,44,0,44,116
02/03/2020,SDM,CA,AWP,WE,Federal Contract Tower,0,4,26,0,30,0,0,48,20,68,0,4,74,20,98,268,0,268,366
02/04/2020,SDM,CA,AWP,WE,Federal Contract Tower,2,5,20,1,28,0,0,70,34,104,2,5,90,35,132,114,12,126,258
02/05/2020,SDM,CA,AWP,WE,Federal Contract Tower,0,4,15,0,19,0,0,73,19,92,0,4,88,19,111,180,0,180,291
02/06/2020,SDM,CA,AWP,WE,Federal Contract Tower,0,2,16,0,18,0,0,75,22,97,0,2,91,22,115,156,14,170,285
02/07/2020,SDM,CA,AWP,WE,Federal Contract Tower,0,7,21,5,33,0,0,71,20,91,0,7,92,25,124,216,16,232,356
02/08/2020,SDM,CA,AWP,WE,Federal Contract Tower,0,3,16,2,21,0,0,145,17,162,0,3,161,19,183,100,0,100,283
02/09/2020,SDM,CA,AWP,WE,Federal Contract Tower,0,7,20,11,38,0,0,4,0,4,0,7,24,11,42,28,0,28,70
02/10/2020,SDM,CA,AWP,WE,Federal Contract Tower,0,0,12,0,12,0,0,8,0,8,0,0,20,0,20,38,0,38,58
02/11/2020,SDM,CA,AWP,WE,Federal Contract Tower,0,1,14,3,18,0,0,75,13,88,0,1,89,16,106,198,18,216,322
02/12/2020,SDM,CA,AWP,WE,Federal Contract Tower,0,12,23,1,36,0,0,72,10,82,0,12,95,11,118,190,4,194,312
02/13/2020,SDM,CA,AWP,WE,Federal Contract Tower,0,1,22,0,23,0,1,79,17,97,0,2,101,17,120,256,2,258,378
02/14/2020,SDM,CA,AWP,WE,Federal Contract Tower,0,8,17,3,28,0,0,74,0,74,0,8,91,3,102,198,0,198,300
02/15/2020,SDM,CA,AWP,WE,Federal Contract Tower,0,6,17,1,24,0,0,100,0,100,0,6,117,1,124,76,0,76,200
02/16/2020,SDM,CA,AWP,WE,Federal Contract Tower,0,4,34,3,41,0,0,87,2,89,0,4,121,5,130,134,0,134,264
02/17/2020,SDM,CA,AWP,WE,Federal Contract Tower,0,4,29,4,37,0,1,87,0,88,0,5,116,4,125,154,0,154,279
02/18/2020,SDM,CA,AWP,WE,Federal Contract Tower,0,9,17,5,31,0,1,56,8,65,0,10,73,13,96,126,0,126,222
02/19/2020,SDM,CA,AWP,WE,Federal Contract Tower,0,4,27,4,35,0,0,78,16,94,0,4,105,20,129,178,2,180,309
02/20/2020,SDM,CA,AWP,WE,Federal Contract Tower,0,1,18,0,19,0,0,72,20,92,0,1,90,20,111,214,6,220,331
02/21/2020,SDM,CA,AWP,WE,Federal Contract Tower,0,4,20,5,29,0,0,80,20,100,0,4,100,25,129,194,48,242,371
02/22/2020,SDM,CA,AWP,WE,Federal Contract Tower,0,8,11,6,25,0,0,10,13,23,0,8,21,19,48,36,46,82,130
02/23/2020,SDM,CA,AWP,WE,Federal Contract Tower,0,9,26,2,37,0,0,85,25,110,0,9,111,27,147,90,44,134,281
02/25/2020,SDM,CA,AWP,WE,Federal Contract Tower,0,3,15,4,22,0,0,85,16,101,0,3,100,20,123,224,0,224,347
02/26/2020,SDM,CA,AWP,WE,Federal Contract Tower,0,5,18,2,25,0,0,70,12,82,0,5,88,14,107,196,16,212,319
02/27/2020,SDM,CA,AWP,WE,Federal Contract Tower,0,1,15,0,16,0,0,79,10,89,0,1,94,10,105,116,0,116,221
02/28/2020,SDM,CA,AWP,WE,Federal Contract Tower,0,4,19,2,25,0,0,68,0,68,0,4,87,2,93,144,6,150,243
02/29/2020,SDM,CA,AWP,WE,Federal Contract Tower,0,4,6,2,12,0,0,118,1,119,0,4,124,3,131,116,0,116,247
03/01/2020,SDM,CA,AWP,WE,Federal Contract Tower,0,1,24,1,26,0,0,33,1,34,0,1,57,2,60,24,0,24,84
03/02/2020,SDM,CA,AWP,WE,Federal Contract Tower,0,1,12,0,13,0,0,24,0,24,0,1,36,0,37,78,0,78,115
03/03/2020,SDM,CA,AWP,WE,Federal Contract Tower,0,2,12,0,14,0,0,98,8,106,0,2,110,8,120,168,26,194,314
03/04/2020,SDM,CA,AWP,WE,Federal Contract Tower,0,2,19,1,22,0,1,67,7,75,0,3,86,8,97,220,0,220,317
03/05/2020,SDM,CA,AWP,WE,Federal Contract Tower,0,2,22,0,24,0,0,61,4,65,0,2,83,4,89,200,0,200,289
03/06/2020,SDM,CA,AWP,WE,Federal Contract Tower,0,0,2,1,3,0,0,46,12,58,0,0,48,13,61,266,16,282,343
03/07/2020,SDM,CA,AWP,WE,Federal Contract Tower,0,1,18,1,20,0,0,56,23,79,0,1,74,24,99,140,106,246,345
03/08/2020,SDM,CA,AWP,WE,Federal Contract Tower,0,1,15,1,17,0,0,69,20,89,0,1,84,21,106,172,118,290,396
03/09/2020,SDM,CA,AWP,WE,Federal Contract Tower,0,2,12,4,18,0,2,79,1,82,0,4,91,5,100,170,0,170,270
03/10/2020,SDM,CA,AWP,WE,Federal Contract Tower,0,4,11,0,15,0,0,3,2,5,0,4,14,2,20,18,0,18,38
03/11/2020,SDM,CA,AWP,WE,Federal Contract Tower,0,7,17,0,24,0,0,44,3,47,0,7,61,3,71,224,4,228,299
03/12/2020,SDM,CA,AWP,WE,Federal Contract Tower,0,2,9,1,12,0,0,5,0,5,0,2,14,1,17,34,0,34,51
03/13/2020,SDM,CA,AWP,WE,Federal Contract Tower,1,6,4,1,12,0,0,7,4,11,1,6,11,5,23,98,10,108,131
03/14/2020,SDM,CA,AWP,WE,Federal Contract Tower,0,4,20,2,26,0,0,11,2,13,0,4,31,4,39,180,4,184,223
03/15/2020,SDM,CA,AWP,WE,Federal Contract Tower,0,5,9,0,14,0,0,37,11,48,0,5,46,11,62,168,0,168,230
03/16/2020,SDM,CA,AWP,WE,Federal Contract Tower,0,7,23,0,30,0,0,51,5,56,0,7,74,5,86,90,0,90,176
03/17/2020,SDM,CA,AWP,WE,Federal Contract Tower,0,5,9,0,14,0,0,58,5,63,0,5,67,5,77,120,0,120,197
03/18/2020,SDM,CA,AWP,WE,Federal Contract Tower,0,4,9,1,14,0,0,13,0,13,0,4,22,1,27,0,0,0,27
03/19/2020,SDM,CA,AWP,WE,Federal Contract Tower,0,0,7,5,12,0,0,29,3,32,0,0,36,8,44,102,0,102,146
03/20/2020,SDM,CA,AWP,WE,Federal Contract Tower,0,2,10,0,12,0,0,28,0,28,0,2,38,0,40,40,0,40,80
03/21/2020,SDM,CA,AWP,WE,Federal Contract Tower,0,1,10,1,12,0,3,46,10,59,0,4,56,11,71,146,40,186,257
03/22/2020,SDM,CA,AWP,WE,Federal Contract Tower,0,4,2,1,7,0,0,36,11,47,0,4,38,12,54,58,16,74,128
03/23/2020,SDM,CA,AWP,WE,Federal Contract Tower,0,1,1,0,2,0,0,27,12,39,0,1,28,12,41,88,0,88,129
03/24/2020,SDM,CA,AWP,WE,Federal Contract Tower,0,0,3,0,3,0,0,33,34,67,0,0,36,34,70,150,0,150,220
03/25/2020,SDM,CA,AWP,WE,Federal Contract Tower,0,2,2,0,4,0,0,36,2,38,0,2,38,2,42,126,0,126,168
03/26/2020,SDM,CA,AWP,WE,Federal Contract Tower,0,2,1,0,3,0,21,2,0,23,0,23,3,0,26,80,0,80,106
03/27/2020,SDM,CA,AWP,WE,Federal Contract Tower,0,0,4,6,10,0,0,42,28,70,0,0,46,34,80,192,48,240,320
03/28/2020,SDM,CA,AWP,WE,Federal Contract Tower,0,0,5,6,11,0,0,42,7,49,0,0,47,13,60,124,0,124,184
03/29/2020,SDM,CA,AWP,WE,Federal Contract Tower,0,0,5,4,9,0,0,41,5,46,0,0,46,9,55,102,12,114,169
03/30/2020,SDM,CA,AWP,WE,Federal Contract Tower,0,0,1,0,1,0,0,40,28,68,0,0,41,28,69,62,0,62,131
03/31/2020,SDM,CA,AWP,WE,Federal Contract Tower,0,0,2,2,4,0,0,47,27,74,0,0,49,29,78,182,6,188,266
04/01/2020,SDM,CA,AWP,WE,Federal Contract Tower,0,6,7,0,13,0,0,32,17,49,0,6,39,17,62,68,0,68,130
04/02/2020,SDM,CA,AWP,WE,Federal Contract Tower,0,2,8,0,10,0,0,22,0,22,0,2,30,0,32,30,0,30,62
04/03/2020,SDM,CA,AWP,WE,Federal Contract Tower,0,0,5,2,7,0,0,44,3,47,0,0,49,5,54,126,16,142,196
04/05/2020,SDM,CA,AWP,WE,Federal Contract Tower,0,0,4,4,8,0,0,27,6,33,0,0,31,10,41,110,14,124,165
04/06/2020,SDM,CA,AWP,WE,Federal Contract Tower,0,0,0,0,0,0,0,16,5,21,0,0,16,5,21,14,12,26,47
04/07/2020,SDM,CA,AWP,WE,Federal Contract Tower,0,0,2,0,2,0,0,4,0,4,0,0,6,0,6,4,2,6,12
04/08/2020,SDM,CA,AWP,WE,Federal Contract Tower,1,0,3,0,4,0,0,20,1,21,1,0,23,1,25,112,0,112,137
04/09/2020,SDM,CA,AWP,WE,Federal Contract Tower,0,1,0,0,1,0,0,19,3,22,0,1,19,3,23,34,0,34,57
04/10/2020,SDM,CA,AWP,WE,Federal Contract Tower,2,0,3,0,5,0,0,0,0,0,2,0,3,0,5,0,0,0,5
04/11/2020,SDM,CA,AWP,WE,Federal Contract Tower,1,0,5,0,6,0,0,43,3,46,1,0,48,3,52,92,32,124,176
04/12/2020,SDM,CA,AWP,WE,Federal Contract Tower,0,2,0,0,2,0,0,12,3,15,0,2,12,3,17,110,0,110,127
04/13/2020,SDM,CA,AWP,WE,Federal Contract Tower,0,0,6,0,6,0,0,6,0,6,0,0,12,0,12,62,0,62,74
04/14/2020,SDM,CA,AWP,WE,Federal Contract Tower,0,1,5,0,6,0,0,51,6,57,0,1,56,6,63,92,0,92,155
04/15/2020,SDM,CA,AWP,WE,Federal Contract Tower,0,1,8,1,10,0,0,75,4,79,0,1,83,5,89,110,0,110,199
04/16/2020,SDM,CA,AWP,WE,Federal Contract Tower,0,1,0,0,1,0,0,40,4,44,0,1,40,4,45,76,2,78,123
04/17/2020,SDM,CA,AWP,WE,Federal Contract Tower,0,0,3,7,10,0,0,33,15,48,0,0,36,22,58,134,14,148,206
04/18/2020,SDM,CA,AWP,WE,Federal Contract Tower,0,0,4,6,10,0,0,20,10,30,0,0,24,16,40,128,0,128,168
04/19/2020,SDM,CA,AWP,WE,Federal Contract Tower,0,0,7,12,19,0,0,24,5,29,0,0,31,17,48,76,2,78,126
04/20/2020,SDM,CA,AWP,WE,Federal Contract Tower,0,2,2,0,4,0,0,35,3,38,0,2,37,3,42,102,18,120,162
04/21/2020,SDM,CA,AWP,WE,Federal Contract Tower,0,0,6,0,6,0,0,47,0,47,0,0,53,0,53,196,0,196,249
04/22/2020,SDM,CA,AWP,WE,Federal Contract Tower,0,3,8,0,11,0,0,76,4,80,0,3,84,4,91,152,4,156,247
04/23/2020,SDM,CA,AWP,WE,Federal Contract Tower,0,0,2,0,2,0,0,43,0,43,0,0,45,0,45,108,0,108,153
04/24/2020,SDM,CA,AWP,WE,Federal Contract Tower,0,1,4,1,6,0,0,55,0,55,0,1,59,1,61,200,0,200,261
04/25/2020,SDM,CA,AWP,WE,Federal Contract Tower,0,1,7,2,10,0,0,46,0,46,0,1,53,2,56,108,3,111,167
04/26/2020,SDM,CA,AWP,WE,Federal Contract Tower,0,1,3,0,4,0,0,51,7,58,0,1,54,7,62,116,0,116,178
04/27/2020,SDM,CA,AWP,WE,Federal Contract Tower,0,0,2,1,3,0,0,45,2,47,0,0,47,3,50,172,6,178,228
04/28/2020,SDM,CA,AWP,WE,Federal Contract Tower,0,0,1,0,1,0,0,46,2,48,0,0,47,2,49,90,0,90,139
04/29/2020,SDM,CA,AWP,WE,Federal Contract Tower,0,0,6,7,13,0,0,20,0,20,0,0,26,7,33,78,6,84,117
04/30/2020,SDM,CA,AWP,WE,Federal Contract Tower,0,2,2,1,5,0,0,20,1,21,0,2,22,2,26,120,0,120,146
05/01/2020,SDM,CA,AWP,WE,Federal Contract Tower,0,5,7,2,14,0,0,30,20,50,0,5,37,22,64,142,10,152,216
05/02/2020,SDM,CA,AWP,WE,Federal Contract Tower,0,2,4,4,10,0,0,56,17,73,0,2,60,21,83,228,16,244,327
05/03/2020,SDM,CA,AWP,WE,Federal Contract Tower,0,0,4,4,8,0,0,51,9,60,0,0,55,13,68,128,0,128,196
05/04/2020,SDM,CA,AWP,WE,Federal Contract Tower,0,0,5,1,6,0,0,50,19,69,0,0,55,20,75,194,2,196,271
05/05/2020,SDM,CA,AWP,WE,Federal Contract Tower,0,0,3,0,3,0,0,58,28,86,0,0,61,28,89,126,0,126,215
05/06/2020,SDM,CA,AWP,WE,Federal Contract Tower,0,2,7,0,9,0,0,52,32,84,0,2,59,32,93,224,0,224,317
05/07/2020,SDM,CA,AWP,WE,Federal Contract Tower,0,2,8,0,10,0,0,31,26,57,0,2,39,26,67,130,4,134,201
05/08/2020,SDM,CA,AWP,WE,Federal Contract Tower,0,1,6,1,8,0,0,61,23,84,0,1,67,24,92,132,20,152,244
05/09/2020,SDM,CA,AWP,WE,Federal Contract Tower,0,0,10,0,10,0,0,2,0,2,0,0,12,0,12,146,18,164,176
05/10/2020,SDM,CA,AWP,WE,Federal Contract Tower,0,0,3,0,3,0,0,17,0,17,0,0,20,0,20,110,0,110,130
05/11/2020,SDM,CA,AWP,WE,Federal Contract Tower,0,2,7,0,9,0,0,62,27,89,0,2,69,27,98,212,2,214,312
05/12/2020,SDM,CA,AWP,WE,Federal Contract Tower,0,2,6,0,8,0,0,54,17,71,0,2,60,17,79,292,0,292,371
05/13/2020,SDM,CA,AWP,WE,Federal Contract Tower,0,0,9,0,9,0,0,45,3,48,0,0,54,3,57,174,10,184,241
05/14/2020,SDM,CA,AWP,WE,Federal Contract Tower,0,3,7,0,10,0,0,52,5,57,0,3,59,5,67,180,0,180,247
05/15/2020,SDM,CA,AWP,WE,Federal Contract Tower,0,1,8,5,14,0,0,66,10,76,0,1,74,15,90,148,10,158,248
05/16/2020,SDM,CA,AWP,WE,Federal Contract Tower,0,0,7,2,9,0,0,54,26,80,0,0,61,28,89,102,76,178,267
05/17/2020,SDM,CA,AWP,WE,Federal Contract Tower,0,1,18,6,25,0,0,43,11,54,0,1,61,17,79,50,16,66,145
05/18/2020,SDM,CA,AWP,WE,Federal Contract Tower,0,0,10,0,10,0,0,42,2,44,0,0,52,2,54,132,0,132,186
05/19/2020,SDM,CA,AWP,WE,Federal Contract Tower,0,0,2,0,2,0,1,50,2,53,0,1,52,2,55,270,0,270,325
05/20/2020,SDM,CA,AWP,WE,Federal Contract Tower,0,2,11,0,13,0,1,79,2,82,0,3,90,2,95,168,0,168,263
05/21/2020,SDM,CA,AWP,WE,Federal Contract Tower,0,0,7,0,7,0,0,59,6,65,0,0,66,6,72,204,4,208,280
05/22/2020,SDM,CA,AWP,WE,Federal Contract Tower,0,2,5,0,7,0,0,66,6,72,0,2,71,6,79,222,22,244,323
05/23/2020,SDM,CA,AWP,WE,Federal Contract Tower,0,1,5,1,7,0,0,38,4,42,0,1,43,5,49,120,48,168,217
05/24/2020,SDM,CA,AWP,WE,Federal Contract Tower,0,4,9,4,17,0,0,65,4,69,0,4,74,8,86,110,2,112,198
05/25/2020,SDM,CA,AWP,WE,Federal Contract Tower,0,0,6,0,6,0,0,52,2,54,0,0,58,2,60,182,0,182,242
05/26/2020,SDM,CA,AWP,WE,Federal Contract Tower,0,0,8,0,8,0,0,45,10,55,0,0,53,10,63,182,6,188,251
05/27/2020,SDM,CA,AWP,WE,Federal Contract Tower,0,3,10,0,13,0,1,82,2,85,0,4,92,2,98,300,0,300,398
05/28/2020,SDM,CA,AWP,WE,Federal Contract Tower,0,0,10,0,10,0,0,71,3,74,0,0,81,3,84,326,2,328,412
05/29/2020,SDM,CA,AWP,WE,Federal Contract Tower,0,3,7,8,18,0,0,24,7,31,0,3,31,15,49,262,0,262,311
05/30/2020,SDM,CA,AWP,WE,Federal Contract Tower,0,1,11,2,14,0,0,84,10,94,0,1,95,12,108,126,22,148,256
05/31/2020,SDM,CA,AWP,WE,Federal Contract Tower,0,5,11,4,20,0,2,82,14,98,0,7,93,18,118,112,0,112,230
06/01/2020,SDM,CA,AWP,WE,Federal Contract Tower,0,4,9,0,13,0,0,77,11,88,0,4,86,11,101,214,0,214,315
06/02/2020,SDM,CA,AWP,WE,Federal Contract Tower,0,6,15,4,25,0,0,71,2,73,0,6,86,6,98,354,0,354,452
06/03/2020,SDM,CA,AWP,WE,Federal Contract Tower,0,0,13,0,13,0,0,87,3,90,0,0,100,3,103,366,4,370,473
06/04/2020,SDM,CA,AWP,WE,Federal Contract Tower,0,1,15,4,20,0,0,25,2,27,0,1,40,6,47,122,2,124,171
06/05/2020,SDM,CA,AWP,WE,Federal Contract Tower,0,0,19,0,19,0,0,65,2,67,0,0,84,2,86,308,8,316,402
06/06/2020,SDM,CA,AWP,WE,Federal Contract Tower,0,1,7,0,8,0,0,54,2,56,0,1,61,2,64,96,0,96,160
06/07/2020,SDM,CA,AWP,WE,Federal Contract Tower,0,2,25,0,27,0,1,93,5,99,0,3,118,5,126,146,12,158,284
06/08/2020,SDM,CA,AWP,WE,Federal Contract Tower,0,2,12,0,14,0,0,69,2,71,0,2,81,2,85,160,0,160,245
06/09/2020,SDM,CA,AWP,WE,Federal Contract Tower,0,9,8,0,17,0,0,54,2,56,0,9,62,2,73,144,0,144,217
06/10/2020,SDM,CA,AWP,WE,Federal Contract Tower,0,2,10,0,12,0,0,81,2,83,0,2,91,2,95,122,0,122,217
06/11/2020,SDM,CA,AWP,WE,Federal Contract Tower,0,8,7,0,15,0,0,93,2,95,0,8,100,2,110,236,0,236,346
06/12/2020,SDM,CA,AWP,WE,Federal Contract Tower,0,5,10,1,16,0,0,83,0,83,0,5,93,1,99,182,0,182,281
06/13/2020,SDM,CA,AWP,WE,Federal Contract Tower,0,3,4,0,7,0,0,122,0,122,0,3,126,0,129,180,0,180,309
06/14/2020,SDM,CA,AWP,WE,Federal Contract Tower,0,1,13,0,14,0,0,115,4,119,0,1,128,4,133,216,0,216,349
06/15/2020,SDM,CA,AWP,WE,Federal Contract Tower,0,4,15,0,19,0,0,55,16,71,0,4,70,16,90,198,0,198,288
06/16/2020,SDM,CA,AWP,WE,Federal Contract Tower,0,2,18,0,20,0,0,71,41,112,0,2,89,41,132,188,0,188,320
06/17/2020,SDM,CA,AWP,WE,Federal Contract Tower,0,6,14,0,20,0,0,76,25,101,0,6,90,25,121,226,2,228,349
06/18/2020,SDM,CA,AWP,WE,Federal Contract Tower,0,5,12,0,17,0,0,81,29,110,0,5,93,29,127,186,0,186,313
06/19/2020,SDM,CA,AWP,WE,Federal Contract Tower,0,4,24,0,28,0,0,63,27,90,0,4,87,27,118,166,22,188,306
06/20/2020,SDM,CA,AWP,WE,Federal Contract Tower,0,0,18,0,18,0,0,47,6,53,0,0,65,6,71,58,54,112,183
06/21/2020,SDM,CA,AWP,WE,Federal Contract Tower,0,4,13,0,17,0,0,73,1,74,0,4,86,1,91,64,0,64,155
06/22/2020,SDM,CA,AWP,WE,Federal Contract Tower,0,4,18,2,24,0,0,78,7,85,0,4,96,9,109,298,0,298,407
06/23/2020,SDM,CA,AWP,WE,Federal Contract Tower,0,5,17,0,22,0,0,51,17,68,0,5,68,17,90,144,0,144,234
06/24/2020,SDM,CA,AWP,WE,Federal Contract Tower,0,3,28,0,31,0,0,47,0,47,0,3,75,0,78,138,0,138,216
06/25/2020,SDM,CA,AWP,WE,Federal Contract Tower,0,0,18,1,19,0,0,61,6,67,0,0,79,7,86,226,0,226,312
06/26/2020,SDM,CA,AWP,WE,Federal Contract Tower,0,2,22,0,24,0,0,84,4,88,0,2,106,4,112,184,28,212,324
06/27/2020,SDM,CA,AWP,WE,Federal Contract Tower,0,7,14,0,21,0,0,96,0,96,0,7,110,0,117,188,0,188,305
06/28/2020,SDM,CA,AWP,WE,Federal Contract Tower,0,4,23,0,27,0,0,46,7,53,0,4,69,7,80,160,12,172,252
06/29/2020,SDM,CA,AWP,WE,Federal Contract Tower,0,6,13,0,19,0,0,32,3,35,0,6,45,3,54,102,0,102,156
06/30/2020,SDM,CA,AWP,WE,Federal Contract Tower,0,11,16,0,27,0,0,61,3,64,0,11,77,3,91,230,0,230,321
07/01/2020,SDM,CA,AWP,WE,Federal Contract Tower,0,9,18,0,27,0,0,68,0,68,0,9,86,0,95,268,0,268,363
07/02/2020,SDM,CA,AWP,WE,Federal Contract Tower,0,3,9,0,12,0,0,68,2,70,0,3,77,2,82,367,0,367,449
07/03/2020,SDM,CA,AWP,WE,Federal Contract Tower,0,6,14,0,20,0,1,98,0,99,0,7,112,0,119,328,0,328,447
07/04/2020,SDM,CA,AWP,WE,Federal Contract Tower,0,1,4,0,5,0,0,67,0,67,0,1,71,0,72,204,0,204,276
07/05/2020,SDM,CA,AWP,WE,Federal Contract Tower,0,3,23,0,26,0,0,80,4,84,0,3,103,4,110,42,0,42,152
07/06/2020,SDM,CA,AWP,WE,Federal Contract Tower,0,5,18,0,23,0,0,89,2,91,0,5,107,2,114,50,0,50,164
07/07/2020,SDM,CA,AWP,WE,Federal Contract Tower,0,10,12,0,22,0,0,67,2,69,0,10,79,2,91,248,0,248,339
07/08/2020,SDM,CA,AWP,WE,Federal Contract Tower,0,5,16,0,21,0,0,57,5,62,0,5,73,5,83,142,6,148,231
07/09/2020,SDM,CA,AWP,WE,Federal Contract Tower,0,7,11,2,20,0,0,98,5,103,0,7,109,7,123,318,4,322,445
07/10/2020,SDM,CA,AWP,WE,Federal Contract Tower,0,3,15,0,18,0,0,117,0,117,0,3,132,0,135,338,0,338,473
07/11/2020,SDM,CA,AWP,WE,Federal Contract Tower,0,4,18,0,22,0,0,100,0,100,0,4,118,0,122,152,0,152,274
07/12/2020,SDM,CA,AWP,WE,Federal Contract Tower,0,3,16,0,19,0,0,109,0,109,0,3,125,0,128,100,0,100,228
07/13/2020,SDM,CA,AWP,WE,Federal Contract Tower,0,2,18,0,20,0,0,70,0,70,0,2,88,0,90,256,0,256,346
07/14/2020,SDM,CA,AWP,WE,Federal Contract Tower,0,3,17,1,21,0,0,3,13,16,0,3,20,14,37,304,0,304,341
07/15/2020,SDM,CA,AWP,WE,Federal Contract Tower,0,6,19,0,25,0,0,69,2,71,0,6,88,2,96,332,0,332,428
07/16/2020,SDM,CA,AWP,WE,Federal Contract Tower,0,2,10,2,14,0,0,82,6,88,0,2,92,8,102,356,0,356,458
07/17/2020,SDM,CA,AWP,WE,Federal Contract Tower,0,7,11,0,18,0,0,60,2,62,0,7,71,2,80,134,0,134,214
07/18/2020,SDM,CA,AWP,WE,Federal Contract Tower,0,1,16,0,17,0,0,88,0,88,0,1,104,0,105,174,0,174,279
07/19/2020,SDM,CA,AWP,WE,Federal Contract Tower,0,1,18,0,19,0,0,106,0,106,0,1,124,0,125,244,0,244,369
07/20/2020,SDM,CA,AWP,WE,Federal Contract Tower,0,13,20,4,37,0,0,99,0,99,0,13,119,4,136,232,0,232,368
07/21/2020,SDM,CA,AWP,WE,Federal Contract Tower,0,2,19,1,22,0,0,63,2,65,0,2,82,3,87,174,0,174,261
07/22/2020,SDM,CA,AWP,WE,Federal Contract Tower,0,4,14,0,18,0,0,52,5,57,0,4,66,5,75,224,0,224,299
07/23/2020,SDM,CA,AWP,WE,Federal Contract Tower,0,8,18,0,26,0,0,70,10,80,0,8,88,10,106,134,0,134,240
07/24/2020,SDM,CA,AWP,WE,Federal Contract Tower,0,5,18,1,24,0,0,97,3,100,0,5,115,4,124,360,30,390,514
07/25/2020,SDM,CA,AWP,WE,Federal Contract Tower,0,1,17,5,23,0,0,134,3,137,0,1,151,8,160,180,6,186,346
07/26/2020,SDM,CA,AWP,WE,Federal Contract Tower,0,12,25,1,38,0,0,125,0,125,0,12,150,1,163,188,0,188,351
07/27/2020,SDM,CA,AWP,WE,Federal Contract Tower,0,6,14,2,22,0,0,69,0,69,0,6,83,2,91,176,0,176,267
07/28/2020,SDM,CA,AWP,WE,Federal Contract Tower,0,1,31,1,33,0,0,90,4,94,0,1,121,5,127,250,0,250,377
07/29/2020,SDM,CA,AWP,WE,Federal Contract Tower,0,8,23,4,35,0,0,55,10,65,0,8,78,14,100,186,0,186,286
07/30/2020,SDM,CA,AWP,WE,Federal Contract Tower,0,5,20,1,26,0,2,56,5,63,0,7,76,6,89,200,22,222,311
07/31/2020,SDM,CA,AWP,WE,Federal Contract Tower,0,6,25,0,31,0,0,60,10,70,0,6,85,10,101,252,0,252,353
08/01/2020,SDM,CA,AWP,WE,Federal Contract Tower,0,6,24,0,30,0,0,104,0,104,0,6,128,0,134,152,0,152,286
08/02/2020,SDM,CA,AWP,WE,Federal Contract Tower,0,13,19,0,32,0,0,87,0,87,0,13,106,0,119,90,0,90,209
08/03/2020,SDM,CA,AWP,WE,Federal Contract Tower,0,5,22,0,27,0,0,47,2,49,0,5,69,2,76,224,0,224,300
08/04/2020,SDM,CA,AWP,WE,Federal Contract Tower,0,3,21,0,24,0,0,68,11,79,0,3,89,11,103,194,22,216,319
08/05/2020,SDM,CA,AWP,WE,Federal Contract Tower,0,13,14,1,28,0,0,74,6,80,0,13,88,7,108,250,0,250,358
08/06/2020,SDM,CA,AWP,WE,Federal Contract Tower,0,4,28,0,32,0,0,79,8,87,0,4,107,8,119,280,0,280,399
08/07/2020,SDM,CA,AWP,WE,Federal Contract Tower,0,3,9,2,14,0,0,67,4,71,0,3,76,6,85,316,0,316,401
08/08/2020,SDM,CA,AWP,WE,Federal Contract Tower,0,7,11,0,18,0,0,123,0,123,0,7,134,0,141,210,0,210,351
08/09/2020,SDM,CA,AWP,WE,Federal Contract Tower,0,8,26,0,34,0,0,117,0,117,0,8,143,0,151,82,0,82,233
08/10/2020,SDM,CA,AWP,WE,Federal Contract Tower,0,8,20,0,28,0,0,97,2,99,0,8,117,2,127,280,0,280,407
08/11/2020,SDM,CA,AWP,WE,Federal Contract Tower,0,4,16,0,20,0,0,70,4,74,0,4,86,4,94,204,4,208,302
08/12/2020,SDM,CA,AWP,WE,Federal Contract Tower,1,1,13,0,15,0,0,103,5,108,1,1,116,5,123,300,26,326,449
08/13/2020,SDM,CA,AWP,WE,Federal Contract Tower,1,1,16,0,18,0,0,99,12,111,1,1,115,12,129,232,40,272,401
08/14/2020,SDM,CA,AWP,WE,Federal Contract Tower,0,7,16,0,23,0,0,105,5,110,0,7,121,5,133,212,28,240,373
08/15/2020,SDM,CA,AWP,WE,Federal Contract Tower,0,4,10,0,14,0,0,123,0,123,0,4,133,0,137,190,0,190,327
08/16/2020,SDM,CA,AWP,WE,Federal Contract Tower,0,6,33,0,39,0,0,120,2,122,0,6,153,2,161,70,0,70,231
08/17/2020,SDM,CA,AWP,WE,Federal Contract Tower,0,5,23,0,28,0,0,80,2,82,0,5,103,2,110,178,0,178,288
08/18/2020,SDM,CA,AWP,WE,Federal Contract Tower,0,9,16,0,25,0,1,89,9,99,0,10,105,9,124,236,38,274,398
08/19/2020,SDM,CA,AWP,WE,Federal Contract Tower,0,9,14,0,23,0,1,90,4,95,0,10,104,4,118,320,2,322,440
08/20/2020,SDM,CA,AWP,WE,Federal Contract Tower,1,8,15,2,26,0,0,88,9,97,1,8,103,11,123,432,16,448,571
08/22/2020,SDM,CA,AWP,WE,Federal Contract Tower,2,5,7,3,17,0,0,103,3,106,2,5,110,6,123,132,0,132,255
08/23/2020,SDM,CA,AWP,WE,Federal Contract Tower,1,16,24,0,41,0,0,122,2,124,1,16,146,2,165,130,0,130,295
08/24/2020,SDM,CA,AWP,WE,Federal Contract Tower,3,3,22,2,30,0,0,75,0,75,3,3,97,2,105,232,0,232,337
08/25/2020,SDM,CA,AWP,WE,Federal Contract Tower,0,5,31,2,38,0,0,84,5,89,0,5,115,7,127,288,2,290,417
08/26/2020,SDM,CA,AWP,WE,Federal Contract Tower,0,7,21,0,28,0,0,82,13,95,0,7,103,13,123,254,36,290,413
08/27/2020,SDM,CA,AWP,WE,Federal Contract Tower,1,6,11,1,19,0,0,95,5,100,1,6,106,6,119,358,20,378,497
08/28/2020,SDM,CA,AWP,WE,Federal Contract Tower,0,7,12,0,19,0,0,100,4,104,0,7,112,4,123,312,14,326,449
08/29/2020,SDM,CA,AWP,WE,Federal Contract Tower,1,0,15,0,16,0,0,134,0,134,1,0,149,0,150,158,0,158,308
08/30/2020,SDM,CA,AWP,WE,Federal Contract Tower,0,6,23,0,29,0,0,123,2,125,0,6,146,2,154,200,0,200,354
08/31/2020,SDM,CA,AWP,WE,Federal Contract Tower,0,6,10,0,16,0,0,71,2,73,0,6,81,2,89,172,0,172,261
09/01/2020,SDM,CA,AWP,WE,Federal Contract Tower,0,4,11,2,17,0,0,62,2,64,0,4,73,4,81,224,0,224,305
09/02/2020,SDM,CA,AWP,WE,Federal Contract Tower,0,3,17,0,20,0,0,80,0,80,0,3,97,0,100,206,0,206,306
09/03/2020,SDM,CA,AWP,WE,Federal Contract Tower,0,6,10,1,17,0,0,70,3,73,0,6,80,4,90,180,0,180,270
09/04/2020,SDM,CA,AWP,WE,Federal Contract Tower,0,5,16,0,21,0,0,83,4,87,0,5,99,4,108,208,14,222,330
09/05/2020,SDM,CA,AWP,WE,Federal Contract Tower,0,9,11,1,21,0,0,138,5,143,0,9,149,6,164,176,28,204,368
09/06/2020,SDM,CA,AWP,WE,Federal Contract Tower,0,3,9,0,12,0,0,96,0,96,0,3,105,0,108,86,16,102,210
09/07/2020,SDM,CA,AWP,WE,Federal Contract Tower,0,8,28,0,36,0,0,63,8,71,0,8,91,8,107,168,0,168,275
09/08/2020,SDM,CA,AWP,WE,Federal Contract Tower,0,3,27,0,30,0,0,44,2,46,0,3,71,2,76,190,0,190,266
09/09/2020,SDM,CA,AWP,WE,Federal Contract Tower,0,9,12,0,21,0,0,61,0,61,0,9,73,0,82,0,0,0,82
09/10/2020,SDM,CA,AWP,WE,Federal Contract Tower,0,5,16,2,23,0,0,75,16,91,0,5,91,18,114,222,16,238,352
09/11/2020,SDM,CA,AWP,WE,Federal Contract Tower,0,13,6,0,19,0,1,86,7,94,0,14,92,7,113,378,12,390,503
09/12/2020,SDM,CA,AWP,WE,Federal Contract Tower,0,4,9,1,14,0,0,93,4,97,0,4,102,5,111,170,0,170,281
09/13/2020,SDM,CA,AWP,WE,Federal Contract Tower,0,4,13,0,17,0,1,85,2,88,0,5,98,2,105,95,0,95,200
09/14/2020,SDM,CA,AWP,WE,Federal Contract Tower,0,9,25,0,34,0,1,60,14,75,0,10,85,14,109,158,20,178,287
09/15/2020,SDM,CA,AWP,WE,Federal Contract Tower,0,1,10,3,14,0,0,46,28,74,0,1,56,31,88,134,20,154,242
09/16/2020,SDM,CA,AWP,WE,Federal Contract Tower,0,8,16,0,24,0,1,66,30,97,0,9,82,30,121,144,14,158,279
09/17/2020,SDM,CA,AWP,WE,Federal Contract Tower,0,4,17,0,21,0,0,70,30,100,0,4,87,30,121,306,10,316,437
09/18/2020,SDM,CA,AWP,WE,Federal Contract Tower,0,3,23,0,26,0,0,126,12,138,0,3,149,12,164,200,0,200,364
09/19/2020,SDM,CA,AWP,WE,Federal Contract Tower,0,1,14,0,15,0,0,106,2,108,0,1,120,2,123,106,0,106,229
09/20/2020,SDM,CA,AWP,WE,Federal Contract Tower,0,5,14,0,19,0,0,108,12,120,0,5,122,12,139,124,0,124,263
09/21/2020,SDM,CA,AWP,WE,Federal Contract Tower,0,3,13,2,18,0,0,82,31,113,0,3,95,33,131,174,0,174,305
09/22/2020,SDM,CA,AWP,WE,Federal Contract Tower,0,1,14,0,15,0,0,79,14,93,0,1,93,14,108,248,6,254,362
09/23/2020,SDM,CA,AWP,WE,Federal Contract Tower,0,2,18,0,20,0,0,92,8,100,0,2,110,8,120,266,40,306,426
09/24/2020,SDM,CA,AWP,WE,Federal Contract Tower,0,1,12,0,13,0,0,90,6,96,0,1,102,6,109,244,0,244,353
09/25/2020,SDM,CA,AWP,WE,Federal Contract Tower,0,4,8,0,12,0,0,81,1,82,0,4,89,1,94,114,12,126,220
09/26/2020,SDM,CA,AWP,WE,Federal Contract Tower,0,1,22,0,23,0,0,143,0,143,0,1,165,0,166,212,0,212,378
09/27/2020,SDM,CA,AWP,WE,Federal Contract Tower,0,3,24,3,30,0,0,107,2,109,0,3,131,5,139,100,0,100,239
09/28/2020,SDM,CA,AWP,WE,Federal Contract Tower,0,9,19,0,28,0,0,71,2,73,0,9,90,2,101,198,0,198,299
09/29/2020,SDM,CA,AWP,WE,Federal Contract Tower,0,3,17,0,20,0,1,83,4,88,0,4,100,4,108,114,4,118,226
09/30/2020,SDM,CA,AWP,WE,Federal Contract Tower,0,4,16,0,20,0,0,73,4,77,0,4,89,4,97,186,32,218,315
10/01/2020,SDM,CA,AWP,WE,Federal Contract Tower,0,1,22,2,25,0,0,90,0,90,0,1,112,2,115,224,0,224,339
10/02/2020,SDM,CA,AWP,WE,Federal Contract Tower,0,1,18,0,19,0,0,105,3,108,0,1,123,3,127,184,0,184,311
10/03/2020,SDM,CA,AWP,WE,Federal Contract Tower,0,1,10,0,11,0,0,159,7,166,0,1,169,7,177,220,34,254,431
10/04/2020,SDM,CA,AWP,WE,Federal Contract Tower,0,9,15,0,24,0,0,102,0,102,0,9,117,0,126,120,0,120,246
10/05/2020,SDM,CA,AWP,WE,Federal Contract Tower,0,0,26,0,26,0,0,99,8,107,0,0,125,8,133,200,0,200,333
10/06/2020,SDM,CA,AWP,WE,Federal Contract Tower,0,6,17,0,23,0,0,90,32,122,0,6,107,32,145,254,28,282,427
10/07/2020,SDM,CA,AWP,WE,Federal Contract Tower,0,5,21,0,26,0,0,71,31,102,0,5,92,31,128,204,28,232,360
10/08/2020,SDM,CA,AWP,WE,Federal Contract Tower,0,1,20,0,21,0,0,64,30,94,0,1,84,30,115,158,38,196,311
10/09/2020,SDM,CA,AWP,WE,Federal Contract Tower,0,4,17,0,21,0,0,94,24,118,0,4,111,24,139,158,10,168,307
10/10/2020,SDM,CA,AWP,WE,Federal Contract Tower,0,4,7,0,11,0,0,135,1,136,0,4,142,1,147,188,0,188,335
10/11/2020,SDM,CA,AWP,WE,Federal Contract Tower,0,5,24,1,30,0,1,117,1,119,0,6,141,2,149,104,0,104,253
10/12/2020,SDM,CA,AWP,WE,Federal Contract Tower,0,2,35,1,38,0,0,77,5,82,0,2,112,6,120,230,0,230,350
10/13/2020,SDM,CA,AWP,WE,Federal Contract Tower,0,2,12,2,16,0,0,92,24,116,0,2,104,26,132,154,0,154,286
10/14/2020,SDM,CA,AWP,WE,Federal Contract Tower,0,6,22,0,28,0,0,96,14,110,0,6,118,14,138,242,10,252,390
10/15/2020,SDM,CA,AWP,WE,Federal Contract Tower,0,13,18,2,33,0,0,111,19,130,0,13,129,21,163,208,72,280,443
10/16/2020,SDM,CA,AWP,WE,Federal Contract Tower,0,8,21,1,30,0,0,102,15,117,0,8,123,16,147,240,8,248,395
10/17/2020,SDM,CA,AWP,WE,Federal Contract Tower,0,7,20,0,27,0,2,133,0,135,0,9,153,0,162,130,0,130,292
10/18/2020,SDM,CA,AWP,WE,Federal Contract Tower,0,4,32,1,37,0,1,107,0,108,0,5,139,1,145,84,0,84,229
10/19/2020,SDM,CA,AWP,WE,Federal Contract Tower,0,10,22,0,32,0,1,75,7,83,0,11,97,7,115,130,0,130,245
10/20/2020,SDM,CA,AWP,WE,Federal Contract Tower,0,3,18,0,21,0,1,82,13,96,0,4,100,13,117,142,0,142,259
10/21/2020,SDM,CA,AWP,WE,Federal Contract Tower,0,11,20,0,31,0,2,77,6,85,0,13,97,6,116,182,0,182,298
10/22/2020,SDM,CA,AWP,WE,Federal Contract Tower,0,6,19,0,25,0,0,95,7,102,0,6,114,7,127,214,0,214,341
10/23/2020,SDM,CA,AWP,WE,Federal Contract Tower,0,5,19,4,28,0,1,88,4,93,0,6,107,8,121,198,0,198,319
10/24/2020,SDM,CA,AWP,WE,Federal Contract Tower,0,7,16,0,23,0,0,52,4,56,0,7,68,4,79,82,20,102,181
10/25/2020,SDM,CA,AWP,WE,Federal Contract Tower,0,3,43,0,46,0,0,44,0,44,0,3,87,0,90,32,0,32,122
10/26/2020,SDM,CA,AWP,WE,Federal Contract Tower,0,9,17,0,26,0,0,59,0,59,0,9,76,0,85,122,0,122,207
10/27/2020,SDM,CA,AWP,WE,Federal Contract Tower,2,2,24,0,28,0,0,98,0,98,2,2,122,0,126,212,0,212,338
10/28/2020,SDM,CA,AWP,WE,Federal Contract Tower,0,8,16,3,27,0,0,93,10,103,0,8,109,13,130,238,10,248,378
10/29/2020,SDM,CA,AWP,WE,Federal Contract Tower,0,11,15,1,27,0,0,102,9,111,0,11,117,10,138,232,24,256,394
10/30/2020,SDM,CA,AWP,WE,Federal Contract Tower,0,9,24,0,33,0,0,108,1,109,0,9,132,1,142,186,0,186,328
11/01/2020,SDM,CA,AWP,WE,Federal Contract Tower,0,8,19,0,27,0,0,96,0,96,0,8,115,0,123,108,0,108,231
11/02/2020,SDM,CA,AWP,WE,Federal Contract Tower,0,5,40,0,45,0,0,78,5,83,0,5,118,5,128,178,20,198,326
11/03/2020,SDM,CA,AWP,WE,Federal Contract Tower,0,8,25,0,33,0,0,78,4,82,0,8,103,4,115,246,0,246,361
11/04/2020,SDM,CA,AWP,WE,Federal Contract Tower,0,9,25,1,35,0,0,91,8,99,0,9,116,9,134,194,0,194,328
11/05/2020,SDM,CA,AWP,WE,Federal Contract Tower,0,0,22,2,24,0,0,97,5,102,0,0,119,7,126,282,2,284,410
11/06/2020,SDM,CA,AWP,WE,Federal Contract Tower,0,2,32,0,34,0,0,64,1,65,0,2,96,1,99,122,4,126,225
11/07/2020,SDM,CA,AWP,WE,Federal Contract Tower,0,6,19,0,25,0,0,7,0,7,0,6,26,0,32,6,0,6,38
11/08/2020,SDM,CA,AWP,WE,Federal Contract Tower,0,7,29,0,36,0,0,8,1,9,0,7,37,1,45,0,0,0,45
11/09/2020,SDM,CA,AWP,WE,Federal Contract Tower,0,4,27,1,32,0,0,107,12,119,0,4,134,13,151,186,2,188,339
11/10/2020,SDM,CA,AWP,WE,Federal Contract Tower,0,10,22,1,33,0,0,102,19,121,0,10,124,20,154,212,4,216,370
11/11/2020,SDM,CA,AWP,WE,Federal Contract Tower,0,3,18,2,23,0,0,106,3,109,0,3,124,5,132,200,0,200,332
11/12/2020,SDM,CA,AWP,WE,Federal Contract Tower,0,4,20,1,25,0,0,112,27,139,0,4,132,28,164,188,22,210,374
11/13/2020,SDM,CA,AWP,WE,Federal Contract Tower,0,10,20,0,30,0,0,115,23,138,0,10,135,23,168,308,0,308,476
11/14/2020,SDM,CA,AWP,WE,Federal Contract Tower,0,1,21,0,22,0,0,143,0,143,0,1,164,0,165,82,4,86,251
11/15/2020,SDM,CA,AWP,WE,Federal Contract Tower,0,10,35,2,47,0,0,100,0,100,0,10,135,2,147,54,0,54,201
11/16/2020,SDM,CA,AWP,WE,Federal Contract Tower,0,6,18,0,24,0,0,91,14,105,0,6,109,14,129,164,6,170,299
11/17/2020,SDM,CA,AWP,WE,Federal Contract Tower,0,8,21,0,29,0,0,99,13,112,0,8,120,13,141,210,4,214,355
11/18/2020,SDM,CA,AWP,WE,Federal Contract Tower,0,10,12,0,22,0,0,112,2,114,0,10,124,2,136,278,12,290,426
11/19/2020,SDM,CA,AWP,WE,Federal Contract Tower,0,6,18,0,24,0,0,91,4,95,0,6,109,4,119,274,2,276,395
11/20/2020,SDM,CA,AWP,WE,Federal Contract Tower,0,7,33,0,40,0,0,106,0,106,0,7,139,0,146,220,0,220,366
11/21/2020,SDM,CA,AWP,WE,Federal Contract Tower,0,22,27,2,51,0,0,131,3,134,0,22,158,5,185,90,12,102,287
11/22/2020,SDM,CA,AWP,WE,Federal Contract Tower,0,18,53,0,71,0,0,107,5,112,0,18,160,5,183,126,0,126,309
11/23/2020,SDM,CA,AWP,WE,Federal Contract Tower,0,7,32,2,41,0,0,47,0,47,0,7,79,2,88,142,0,142,230
11/24/2020,SDM,CA,AWP,WE,Federal Contract Tower,0,13,31,0,44,0,0,68,5,73,0,13,99,5,117,274,4,278,395
11/25/2020,SDM,CA,AWP,WE,Federal Contract Tower,0,14,23,0,37,0,1,103,2,106,0,15,126,2,143,308,0,308,451
11/26/2020,SDM,CA,AWP,WE,Federal Contract Tower,0,0,4,0,4,0,0,38,0,38,0,0,42,0,42,70,0,70,112
11/27/2020,SDM,CA,AWP,WE,Federal Contract Tower,0,4,14,0,18,0,0,77,0,77,0,4,91,0,95,96,0,96,191
11/28/2020,SDM,CA,AWP,WE,Federal Contract Tower,0,13,44,0,57,0,0,81,0,81,0,13,125,0,138,56,0,56,194
11/29/2020,SDM,CA,AWP,WE,Federal Contract Tower,0,12,48,0,60,0,0,89,0,89,0,12,137,0,149,148,0,148,297
11/30/2020,SDM,CA,AWP,WE,Federal Contract Tower,0,23,32,0,55,0,1,79,0,80,0,24,111,0,135,166,0,166,301
12/01/2020,SDM,CA,AWP,WE,Federal Contract Tower,0,2,24,0,26,0,0,97,0,97,0,2,121,0,123,220,0,220,343
12/02/2020,SDM,CA,AWP,WE,Federal Contract Tower,0,10,25,0,35,0,0,78,2,80,0,10,103,2,115,242,0,242,357
12/03/2020,SDM,CA,AWP,WE,Federal Contract Tower,0,3,13,0,16,0,0,46,4,50,0,3,59,4,66,196,0,196,262
12/04/2020,SDM,CA,AWP,WE,Federal Contract Tower,0,2,24,8,34,0,0,89,8,97,0,2,113,16,131,248,6,254,385
12/05/2020,SDM,CA,AWP,WE,Federal Contract Tower,0,1,21,0,22,0,0,90,15,105,0,1,111,15,127,190,4,194,321
12/06/2020,SDM,CA,AWP,WE,Federal Contract Tower,0,5,34,0,39,0,1,101,17,119,0,6,135,17,158,106,0,106,264
12/07/2020,SDM,CA,AWP,WE,Federal Contract Tower,0,0,22,0,22,0,0,56,2,58,0,0,78,2,80,112,4,116,196
12/08/2020,SDM,CA,AWP,WE,Federal Contract Tower,0,7,19,0,26,0,1,52,2,55,0,8,71,2,81,108,8,116,197
12/09/2020,SDM,CA,AWP,WE,Federal Contract Tower,0,2,18,0,20,0,0,92,0,92,0,2,110,0,112,274,0,274,386
12/10/2020,SDM,CA,AWP,WE,Federal Contract Tower,0,4,26,1,31,0,0,50,8,58,0,4,76,9,89,182,36,218,307
12/11/2020,SDM,CA,AWP,WE,Federal Contract Tower,0,7,22,6,35,0,0,88,4,92,0,7,110,10,127,214,0,214,341
12/12/2020,SDM,CA,AWP,WE,Federal Contract Tower,0,4,17,7,28,0,0,30,6,36,0,4,47,13,64,182,32,214,278
12/13/2020,SDM,CA,AWP,WE,Federal Contract Tower,0,2,24,1,27,0,0,117,6,123,0,2,141,7,150,206,0,206,356
12/14/2020,SDM,CA,AWP,WE,Federal Contract Tower,0,8,18,2,28,0,1,42,0,43,0,9,60,2,71,78,0,78,149
12/15/2020,SDM,CA,AWP,WE,Federal Contract Tower,3,4,22,1,30,0,0,65,1,66,3,4,87,2,96,164,0,164,260
12/16/2020,SDM,CA,AWP,WE,Federal Contract Tower,1,11,24,0,36,0,0,87,2,89,1,11,111,2,125,198,0,198,323
12/17/2020,SDM,CA,AWP,WE,Federal Contract Tower,0,3,28,0,31,0,0,56,0,56,0,3,84,0,87,256,0,256,343
12/18/2020,SDM,CA,AWP,WE,Federal Contract Tower,0,4,34,1,39,0,0,85,0,85,0,4,119,1,124,276,0,276,400
12/19/2020,SDM,CA,AWP,WE,Federal Contract Tower,0,19,33,10,62,0,0,87,2,89,0,19,120,12,151,235,0,235,386
12/20/2020,SDM,CA,AWP,WE,Federal Contract Tower,0,12,31,5,48,0,1,64,4,69,0,13,95,9,117,166,0,166,283
12/21/2020,SDM,CA,AWP,WE,Federal Contract Tower,0,4,14,1,19,0,0,69,0,69,0,4,83,1,88,208,0,208,296
12/22/2020,SDM,CA,AWP,WE,Federal Contract Tower,0,6,27,1,34,0,1,73,2,76,0,7,100,3,110,162,0,162,272
12/23/2020,SDM,CA,AWP,WE,Federal Contract Tower,0,8,27,0,35,0,0,69,2,71,0,8,96,2,106,134,0,134,240
12/24/2020,SDM,CA,AWP,WE,Federal Contract Tower,0,7,18,0,25,0,0,26,0,26,0,7,44,0,51,26,0,26,77
12/25/2020,SDM,CA,AWP,WE,Federal Contract Tower,0,2,10,0,12,0,0,32,0,32,0,2,42,0,44,64,0,64,108
12/26/2020,SDM,CA,AWP,WE,Federal Contract Tower,0,10,59,0,69,0,0,74,0,74,0,10,133,0,143,126,0,126,269
12/27/2020,SDM,CA,AWP,WE,Federal Contract Tower,0,18,37,0,55,0,2,43,0,45,0,20,80,0,100,134,0,134,234
12/28/2020,SDM,CA,AWP,WE,Federal Contract Tower,0,12,20,0,32,0,0,12,2,14,0,12,32,2,46,56,36,92,138
12/29/2020,SDM,CA,AWP,WE,Federal Contract Tower,0,4,19,3,26,0,0,58,13,71,0,4,77,16,97,214,40,254,351
12/30/2020,SDM,CA,AWP,WE,Federal Contract Tower,0,5,21,3,29,0,0,109,4,113,0,5,130,7,142,248,0,248,390
12/31/2020,SDM,CA,AWP,WE,Federal Contract Tower,0,1,15,0,16,0,0,68,0,68,0,1,83,0,84,194,0,194,278
01/01/2021,SDM,CA,AWP,WE,Federal Contract Tower,0,9,16,0,25,0,0,51,0,51,0,9,67,0,76,202,0,202,278
01/02/2021,SDM,CA,AWP,WE,Federal Contract Tower,0,20,67,0,87,0,1,90,0,91,0,21,157,0,178,206,0,206,384
01/03/2021,SDM,CA,AWP,WE,Federal Contract Tower,0,24,63,0,87,0,0,82,0,82,0,24,145,0,169,136,0,136,305
01/04/2021,SDM,CA,AWP,WE,Federal Contract Tower,0,8,21,3,32,0,0,64,7,71,0,8,85,10,103,112,44,156,259
01/05/2021,SDM,CA,AWP,WE,Federal Contract Tower,0,13,25,1,39,0,0,51,4,55,0,13,76,5,94,152,6,158,252
01/06/2021,SDM,CA,AWP,WE,Federal Contract Tower,0,5,18,1,24,0,0,70,5,75,0,5,88,6,99,212,4,216,315
01/07/2021,SDM,CA,AWP,WE,Federal Contract Tower,0,0,18,0,18,0,0,95,7,102,0,0,113,7,120,220,0,220,340
01/08/2021,SDM,CA,AWP,WE,Federal Contract Tower,0,8,18,2,28,0,0,73,10,83,0,8,91,12,111,170,0,170,281
01/09/2021,SDM,CA,AWP,WE,Federal Contract Tower,0,4,21,1,26,0,0,91,18,109,0,4,112,19,135,146,0,146,281
01/10/2021,SDM,CA,AWP,WE,Federal Contract Tower,0,7,20,0,27,0,0,89,18,107,0,7,109,18,134,182,0,182,316
01/11/2021,SDM,CA,AWP,WE,Federal Contract Tower,0,5,17,1,23,0,1,96,3,100,0,6,113,4,123,238,0,238,361
01/12/2021,SDM,CA,AWP,WE,Federal Contract Tower,2,3,17,3,25,0,0,91,16,107,2,3,108,19,132,170,0,170,302
01/13/2021,SDM,CA,AWP,WE,Federal Contract Tower,0,2,25,1,28,0,1,96,27,124,0,3,121,28,152,64,2,66,218
01/14/2021,SDM,CA,AWP,WE,Federal Contract Tower,0,5,16,0,21,0,0,116,9,125,0,5,132,9,146,200,0,200,346
01/15/2021,SDM,CA,AWP,WE,Federal Contract Tower,0,3,15,0,18,0,0,85,2,87,0,3,100,2,105,190,10,200,305
01/16/2021,SDM,CA,AWP,WE,Federal Contract Tower,0,1,32,0,33,0,0,93,3,96,0,1,125,3,129,130,0,130,259
01/17/2021,SDM,CA,AWP,WE,Federal Contract Tower,0,10,15,0,25,0,1,93,6,100,0,11,108,6,125,178,0,178,303
01/18/2021,SDM,CA,AWP,WE,Federal Contract Tower,0,4,19,2,25,0,0,80,0,80,0,4,99,2,105,284,8,292,397
01/19/2021,SDM,CA,AWP,WE,Federal Contract Tower,0,4,13,0,17,0,0,11,8,19,0,4,24,8,36,34,24,58,94
01/20/2021,SDM,CA,AWP,WE,Federal Contract Tower,0,2,20,1,23,0,1,36,7,44,0,3,56,8,67,84,0,84,151
01/21/2021,SDM,CA,AWP,WE,Federal Contract Tower,0,5,25,0,30,0,1,104,4,109,0,6,129,4,139,308,0,308,447
01/22/2021,SDM,CA,AWP,WE,Federal Contract Tower,0,12,16,7,35,0,2,52,6,60,0,14,68,13,95,260,0,260,355
01/23/2021,SDM,CA,AWP,WE,Federal Contract Tower,0,10,18,7,35,0,0,8,3,11,0,10,26,10,46,66,0,66,112
01/24/2021,SDM,CA,AWP,WE,Federal Contract Tower,0,7,30,11,48,0,1,61,20,82,0,8,91,31,130,144,0,144,274
01/26/2021,SDM,CA,AWP,WE,Federal Contract Tower,0,7,10,2,19,0,0,80,16,96,0,7,90,18,115,152,16,168,283
01/27/2021,SDM,CA,AWP,WE,Federal Contract Tower,0,7,16,1,24,0,0,84,12,96,0,7,100,13,120,270,6,276,396
01/28/2021,SDM,CA,AWP,WE,Federal Contract Tower,0,7,23,2,32,0,0,72,23,95,0,7,95,25,127,118,22,140,267
01/29/2021,SDM,CA,AWP,WE,Federal Contract Tower,0,6,5,0,11,0,1,15,2,18,0,7,20,2,29,40,6,46,75
01/30/2021,SDM,CA,AWP,WE,Federal Contract Tower,0,6,26,6,38,0,0,119,5,124,0,6,145,11,162,260,0,260,422
01/31/2021,SDM,CA,AWP,WE,Federal Contract Tower,0,9,13,0,22,0,0,125,0,125,0,9,138,0,147,144,0,144,291
02/01/2021,SDM,CA,AWP,WE,Federal Contract Tower,0,5,25,1,31,0,0,72,16,88,0,5,97,17,119,248,0,248,367
02/02/2021,SDM,CA,AWP,WE,Federal Contract Tower,0,3,17,0,20,0,0,74,32,106,0,3,91,32,126,250,10,260,386
02/03/2021,SDM,CA,AWP,WE,Federal Contract Tower,0,5,21,0,26,0,0,61,18,79,0,5,82,18,105,144,6,150,255
02/04/2021,SDM,CA,AWP,WE,Federal Contract Tower,0,10,18,0,28,0,0,90,9,99,0,10,108,9,127,134,0,134,261
02/05/2021,SDM,CA,AWP,WE,Federal Contract Tower,0,8,23,0,31,0,0,105,7,112,0,8,128,7,143,286,0,286,429
02/06/2021,SDM,CA,AWP,WE,Federal Contract Tower,0,5,23,1,29,0,0,121,4,125,0,5,144,5,154,200,0,200,354
02/07/2021,SDM,CA,AWP,WE,Federal Contract Tower,0,4,10,0,14,0,0,74,6,80,0,4,84,6,94,86,0,86,180
02/08/2021,SDM,CA,AWP,WE,Federal Contract Tower,0,12,27,0,39,0,2,76,0,78,0,14,103,0,117,170,0,170,287
02/09/2021,SDM,CA,AWP,WE,Federal Contract Tower,0,5,20,0,25,0,0,38,0,38,0,5,58,0,63,266,0,266,329
02/10/2021,SDM,CA,AWP,WE,Federal Contract Tower,0,10,23,0,33,0,0,82,8,90,0,10,105,8,123,318,8,326,449
02/11/2021,SDM,CA,AWP,WE,Federal Contract Tower,0,11,26,0,37,0,1,96,0,97,0,12,122,0,134,238,0,238,372
02/12/2021,SDM,CA,AWP,WE,Federal Contract Tower,0,4,19,0,23,0,1,28,0,29,0,5,47,0,52,122,0,122,174
02/13/2021,SDM,CA,AWP,WE,Federal Contract Tower,0,12,24,1,37,0,0,57,0,57,0,12,81,1,94,216,0,216,310
02/14/2021,SDM,CA,AWP,WE,Federal Contract Tower,0,9,24,0,33,0,0,138,0,138,0,9,162,0,171,212,0,212,383
02/15/2021,SDM,CA,AWP,WE,Federal Contract Tower,0,10,22,0,32,0,1,87,0,88,0,11,109,0,120,0,190,190,310
02/16/2021,SDM,CA,AWP,WE,Federal Contract Tower,0,7,13,0,20,0,0,47,4,51,0,7,60,4,71,158,20,178,249
02/17/2021,SDM,CA,AWP,WE,Federal Contract Tower,0,5,29,2,36,0,0,108,6,114,0,5,137,8,150,266,24,290,440
02/18/2021,SDM,CA,AWP,WE,Federal Contract Tower,0,10,15,0,25,0,0,96,11,107,0,10,111,11,132,320,18,338,470
02/19/2021,SDM,CA,AWP,WE,Federal Contract Tower,0,9,16,0,25,0,0,95,2,97,0,9,111,2,122,202,0,202,324
02/20/2021,SDM,CA,AWP,WE,Federal Contract Tower,0,7,29,0,36,0,0,116,2,118,0,7,145,2,154,216,0,216,370
02/21/2021,SDM,CA,AWP,WE,Federal Contract Tower,0,8,23,0,31,0,0,96,0,96,0,8,119,0,127,98,0,98,225
02/22/2021,SDM,CA,AWP,WE,Federal Contract Tower,0,12,33,0,45,0,0,81,0,81,0,12,114,0,126,152,0,152,278
02/23/2021,SDM,CA,AWP,WE,Federal Contract Tower,0,10,15,0,25,0,1,83,7,91,0,11,98,7,116,318,14,332,448
02/24/2021,SDM,CA,AWP,WE,Federal Contract Tower,0,8,25,1,34,0,0,96,10,106,0,8,121,11,140,236,28,264,404
02/25/2021,SDM,CA,AWP,WE,Federal Contract Tower,1,8,23,0,32,0,0,102,4,106,1,8,125,4,138,264,0,264,402
02/26/2021,SDM,CA,AWP,WE,Federal Contract Tower,0,12,24,0,36,0,0,108,14,122,0,12,132,14,158,172,20,192,350
02/27/2021,SDM,CA,AWP,WE,Federal Contract Tower,0,6,16,3,25,0,0,106,24,130,0,6,122,27,155,260,0,260,415
02/28/2021,SDM,CA,AWP,WE,Federal Contract Tower,0,22,13,0,35,0,1,99,16,116,0,23,112,16,151,66,0,66,217
03/01/2021,SDM,CA,AWP,WE,Federal Contract Tower,0,8,27,3,38,0,0,79,6,85,0,8,106,9,123,85,0,85,208
03/02/2021,SDM,CA,AWP,WE,Federal Contract Tower,0,7,18,0,25,0,0,103,3,106,0,7,121,3,131,144,0,144,275
03/03/2021,SDM,CA,AWP,WE,Federal Contract Tower,0,1,13,0,14,0,0,19,0,19,0,1,32,0,33,56,0,56,89
03/04/2021,SDM,CA,AWP,WE,Federal Contract Tower,0,8,20,0,28,0,1,107,5,113,0,9,127,5,141,210,0,210,351
03/05/2021,SDM,CA,AWP,WE,Federal Contract Tower,0,6,22,0,28,0,0,114,10,124,0,6,136,10,152,254,18,272,424
03/06/2021,SDM,CA,AWP,WE,Federal Contract Tower,0,12,16,0,28,0,1,114,0,115,0,13,130,0,143,214,0,214,357
03/07/2021,SDM,CA,AWP,WE,Federal Contract Tower,0,12,26,1,39,0,0,78,0,78,0,12,104,1,117,108,0,108,225
03/08/2021,SDM,CA,AWP,WE,Federal Contract Tower,0,5,25,0,30,0,0,82,2,84,0,5,107,2,114,182,0,182,296
03/09/2021,SDM,CA,AWP,WE,Federal Contract Tower,0,10,18,0,28,0,1,81,8,90,0,11,99,8,118,180,6,186,304
03/10/2021,SDM,CA,AWP,WE,Federal Contract Tower,0,7,20,0,27,0,0,29,0,29,0,7,49,0,56,92,0,92,148
03/11/2021,SDM,CA,AWP,WE,Federal Contract Tower,0,9,16,0,25,0,0,49,8,57,0,9,65,8,82,121,14,135,217
03/12/2021,SDM,CA,AWP,WE,Federal Contract Tower,0,5,13,0,18,0,0,74,20,94,0,5,87,20,112,210,56,266,378
03/13/2021,SDM,CA,AWP,WE,Federal Contract Tower,0,4,21,1,26,0,1,67,8,76,0,5,88,9,102,170,10,180,282
03/14/2021,SDM,CA,AWP,WE,Federal Contract Tower,0,8,24,0,32,0,88,0,4,92,0,96,24,4,124,80,0,80,204
03/16/2021,SDM,CA,AWP,WE,Federal Contract Tower,1,14,21,0,36,0,0,105,18,123,1,14,126,18,159,182,0,182,341
03/17/2021,SDM,CA,AWP,WE,Federal Contract Tower,0,5,32,0,37,0,0,131,17,148,0,5,163,17,185,262,18,280,465
03/18/2021,SDM,CA,AWP,WE,Federal Contract Tower,1,15,24,0,40,0,0,85,9,94,1,15,109,9,134,174,0,174,308
03/19/2021,SDM,CA,AWP,WE,Federal Contract Tower,0,10,28,1,39,0,0,144,2,146,0,10,172,3,185,404,0,404,589
03/20/2021,SDM,CA,AWP,WE,Federal Contract Tower,0,7,27,0,34,0,0,126,0,126,0,7,153,0,160,60,0,60,220
03/21/2021,SDM,CA,AWP,WE,Federal Contract Tower,1,9,41,2,53,0,0,119,0,119,1,9,160,2,172,222,0,222,394
03/22/2021,SDM,CA,AWP,WE,Federal Contract Tower,0,6,15,0,21,0,0,120,0,120,0,6,135,0,141,272,0,272,413
03/23/2021,SDM,CA,AWP,WE,Federal Contract Tower,0,8,15,0,23,0,0,47,2,49,0,8,62,2,72,172,18,190,262
03/24/2021,SDM,CA,AWP,WE,Federal Contract Tower,4,15,32,0,51,0,0,111,0,111,4,15,143,0,162,124,0,124,286
03/25/2021,SDM,CA,AWP,WE,Federal Contract Tower,0,17,11,2,30,0,0,23,4,27,0,17,34,6,57,56,0,56,113
03/26/2021,SDM,CA,AWP,WE,Federal Contract Tower,0,4,17,3,24,0,0,77,9,86,0,4,94,12,110,234,6,240,350
03/27/2021,SDM,CA,AWP,WE,Federal Contract Tower,0,22,28,4,54,0,1,180,10,191,0,23,208,14,245,158,0,158,403
03/28/2021,SDM,CA,AWP,WE,Federal Contract Tower,0,11,45,2,58,0,1,123,14,138,0,12,168,16,196,176,0,176,372
03/29/2021,SDM,CA,AWP,WE,Federal Contract Tower,0,5,27,3,35,0,0,105,10,115,0,5,132,13,150,300,0,300,450
03/30/2021,SDM,CA,AWP,WE,Federal Contract Tower,0,10,22,0,32,0,2,90,0,92,0,12,112,0,124,234,2,236,360
03/31/2021,SDM,CA,AWP,WE,Federal Contract Tower,0,8,30,0,38,0,1,114,3,118,0,9,144,3,156,146,0,146,302
04/01/2021,SDM,CA,AWP,WE,Federal Contract Tower,0,7,23,0,30,0,0,128,2,130,0,7,151,2,160,194,0,194,354
04/02/2021,SDM,CA,AWP,WE,Federal Contract Tower,0,13,32,0,45,0,0,128,2,130,0,13,160,2,175,272,6,278,453
04/03/2021,SDM,CA,AWP,WE,Federal Contract Tower,0,13,27,2,42,0,1,156,0,157,0,14,183,2,199,90,0,90,289
04/04/2021,SDM,CA,AWP,WE,Federal Contract Tower,0,4,15,0,19,0,0,97,14,111,0,4,112,14,130,70,0,70,200
04/05/2021,SDM,CA,AWP,WE,Federal Contract Tower,0,18,35,0,53,0,1,81,0,82,0,19,116,0,135,266,0,266,401
04/06/2021,SDM,CA,AWP,WE,Federal Contract Tower,0,9,22,0,31,0,0,98,2,100,0,9,120,2,131,302,2,304,435
04/07/2021,SDM,CA,AWP,WE,Federal Contract Tower,0,10,20,0,30,0,0,126,0,126,0,10,146,0,156,248,0,248,404
04/08/2021,SDM,CA,AWP,WE,Federal Contract Tower,0,10,34,0,44,0,0,118,4,122,0,10,152,4,166,190,2,192,358
04/09/2021,SDM,CA,AWP,WE,Federal Contract Tower,0,11,34,1,46,0,1,91,16,108,0,12,125,17,154,184,0,184,338
04/10/2021,SDM,CA,AWP,WE,Federal Contract Tower,0,16,34,1,51,0,1,136,12,149,0,17,170,13,200,190,0,190,390
04/11/2021,SDM,CA,AWP,WE,Federal Contract Tower,0,10,38,1,49,0,0,107,8,115,0,10,145,9,164,204,0,204,368
04/12/2021,SDM,CA,AWP,WE,Federal Contract Tower,0,7,23,1,31,0,0,122,0,122,0,7,145,1,153,210,0,210,363
04/13/2021,SDM,CA,AWP,WE,Federal Contract Tower,0,8,35,3,46,0,1,23,3,27,0,9,58,6,73,82,24,106,179
04/14/2021,SDM,CA,AWP,WE,Federal Contract Tower,0,19,23,0,42,0,0,71,2,73,0,19,94,2,115,240,2,242,357
04/15/2021,SDM,CA,AWP,WE,Federal Contract Tower,0,8,19,0,27,0,1,110,2,113,0,9,129,2,140,166,0,166,306
04/16/2021,SDM,CA,AWP,WE,Federal Contract Tower,0,4,26,6,36,0,0,111,9,120,0,4,137,15,156,192,0,192,348
04/17/2021,SDM,CA,AWP,WE,Federal Contract Tower,0,3,13,13,29,0,1,150,9,160,0,4,163,22,189,168,0,168,357
04/18/2021,SDM,CA,AWP,WE,Federal Contract Tower,0,9,32,8,49,0,3,116,26,145,0,12,148,34,194,106,4,110,304
04/19/2021,SDM,CA,AWP,WE,Federal Contract Tower,0,9,21,1,31,0,0,105,11,116,0,9,126,12,147,250,50,300,447
04/20/2021,SDM,CA,AWP,WE,Federal Contract Tower,0,1,26,0,27,0,0,112,0,112,0,1,138,0,139,184,0,184,323
04/21/2021,SDM,CA,AWP,WE,Federal Contract Tower,0,7,24,0,31,0,0,26,2,28,0,7,50,2,59,174,0,174,233
04/22/2021,SDM,CA,AWP,WE,Federal Contract Tower,0,12,24,0,36,0,0,19,4,23,0,12,43,4,59,162,16,178,237
04/23/2021,SDM,CA,AWP,WE,Federal Contract Tower,0,11,24,11,46,0,0,29,3,32,0,11,53,14,78,154,0,154,232
04/24/2021,SDM,CA,AWP,WE,Federal Contract Tower,0,6,21,2,29,0,0,142,22,164,0,6,163,24,193,80,0,80,273
04/25/2021,SDM,CA,AWP,WE,Federal Contract Tower,0,10,31,0,41,0,0,116,10,126,0,10,147,10,167,106,0,106,273
04/26/2021,SDM,CA,AWP,WE,Federal Contract Tower,0,4,28,0,32,0,1,13,0,14,0,5,41,0,46,52,0,52,98
04/27/2021,SDM,CA,AWP,WE,Federal Contract Tower,0,6,22,0,28,0,1,76,2,79,0,7,98,2,107,186,18,204,311
04/28/2021,SDM,CA,AWP,WE,Federal Contract Tower,0,8,29,0,37,0,0,131,3,134,0,8,160,3,171,202,2,204,375
04/29/2021,SDM,CA,AWP,WE,Federal Contract Tower,0,5,25,1,31,0,0,102,5,107,0,5,127,6,138,196,24,220,358
04/30/2021,SDM,CA,AWP,WE,Federal Contract Tower,0,7,31,1,39,0,0,130,14,144,0,7,161,15,183,140,0,140,323
05/01/2021,SDM,CA,AWP,WE,Federal Contract Tower,0,3,15,0,18,0,0,125,14,139,0,3,140,14,157,150,0,150,307
05/02/2021,SDM,CA,AWP,WE,Federal Contract Tower,0,17,31,1,49,0,0,2,6,8,0,17,33,7,57,0,0,0,57
05/03/2021,SDM,CA,AWP,WE,Federal Contract Tower,0,2,24,0,26,0,0,100,4,104,0,2,124,4,130,204,0,204,334
05/04/2021,SDM,CA,AWP,WE,Federal Contract Tower,0,4,20,0,24,0,0,89,2,91,0,4,109,2,115,190,0,190,305
05/05/2021,SDM,CA,AWP,WE,Federal Contract Tower,0,6,20,0,26,0,0,133,0,133,0,6,153,0,159,142,0,142,301
05/06/2021,SDM,CA,AWP,WE,Federal Contract Tower,2,6,26,1,35,0,0,67,2,69,2,6,93,3,104,166,2,168,272
05/08/2021,SDM,CA,AWP,WE,Federal Contract Tower,0,2,29,1,32,0,2,126,6,134,0,4,155,7,166,208,0,208,374
05/09/2021,SDM,CA,AWP,WE,Federal Contract Tower,0,8,15,0,23,0,0,68,2,70,0,8,83,2,93,118,0,118,211
05/10/2021,SDM,CA,AWP,WE,Federal Contract Tower,0,7,29,2,38,0,0,57,8,65,0,7,86,10,103,248,0,248,351
05/11/2021,SDM,CA,AWP,WE,Federal Contract Tower,0,10,18,2,30,0,1,81,16,98,0,11,99,18,128,244,2,246,374
05/12/2021,SDM,CA,AWP,WE,Federal Contract Tower,0,6,27,1,34,0,0,94,24,118,0,6,121,25,152,180,0,180,332
05/13/2021,SDM,CA,AWP,WE,Federal Contract Tower,0,9,22,0,31,0,0,78,24,102,0,9,100,24,133,200,2,202,335
05/14/2021,SDM,CA,AWP,WE,Federal Contract Tower,0,7,28,2,37,0,0,82,14,96,0,7,110,16,133,256,0,256,389
05/15/2021,SDM,CA,AWP,WE,Federal Contract Tower,0,13,15,2,30,0,0,74,14,88,0,13,89,16,118,104,0,104,222
05/16/2021,SDM,CA,AWP,WE,Federal Contract Tower,0,13,50,1,64,0,1,15,9,25,0,14,65,10,89,12,0,12,101
05/17/2021,SDM,CA,AWP,WE,Federal Contract Tower,0,11,20,4,35,0,1,25,0,26,0,12,45,4,61,276,0,276,337
05/18/2021,SDM,CA,AWP,WE,Federal Contract Tower,2,10,24,0,36,0,0,66,3,69,2,10,90,3,105,170,0,170,275
05/19/2021,SDM,CA,AWP,WE,Federal Contract Tower,0,0,31,0,31,0,0,110,2,112,0,0,141,2,143,150,2,152,295
05/20/2021,SDM,CA,AWP,WE,Federal Contract Tower,0,9,27,0,36,0,0,65,4,69,0,9,92,4,105,269,8,277,382
05/21/2021,SDM,CA,AWP,WE,Federal Contract Tower,0,4,16,1,21,0,0,60,12,72,0,4,76,13,93,74,4,78,171
05/22/2021,SDM,CA,AWP,WE,Federal Contract Tower,2,1,24,1,28,0,1,151,30,182,2,2,175,31,210,162,0,162,372
05/23/2021,SDM,CA,AWP,WE,Federal Contract Tower,0,9,53,3,65,0,0,126,18,144,0,9,179,21,209,122,0,122,331
05/24/2021,SDM,CA,AWP,WE,Federal Contract Tower,0,4,22,0,26,0,1,105,10,116,0,5,127,10,142,340,2,342,484
05/25/2021,SDM,CA,AWP,WE,Federal Contract Tower,0,8,23,0,31,0,0,83,2,85,0,8,106,2,116,284,20,304,420
05/26/2021,SDM,CA,AWP,WE,Federal Contract Tower,0,6,23,0,29,0,0,94,1,95,0,6,117,1,124,120,0,120,244
05/27/2021,SDM,CA,AWP,WE,Federal Contract Tower,0,3,16,15,34,0,0,118,4,122,0,3,134,19,156,210,6,216,372
05/28/2021,SDM,CA,AWP,WE,Federal Contract Tower,0,5,17,6,28,0,0,109,0,109,0,5,126,6,137,204,0,204,341
05/29/2021,SDM,CA,AWP,WE,Federal Contract Tower,0,9,24,3,36,0,0,121,2,123,0,9,145,5,159,208,2,210,369
05/30/2021,SDM,CA,AWP,WE,Federal Contract Tower,0,8,17,0,25,0,0,83,0,83,0,8,100,0,108,144,0,144,252
05/31/2021,SDM,CA,AWP,WE,Federal Contract Tower,0,13,59,2,74,0,0,118,0,118,0,13,177,2,192,154,0,154,346
06/01/2021,SDM,CA,AWP,WE,Federal Contract Tower,0,5,21,1,27,0,0,89,2,91,0,5,110,3,118,192,2,194,312
06/02/2021,SDM,CA,AWP,WE,Federal Contract Tower,0,10,18,2,30,0,0,86,0,86,0,10,104,2,116,192,0,192,308
06/03/2021,SDM,CA,AWP,WE,Federal Contract Tower,0,10,20,3,33,0,0,85,2,87,0,10,105,5,120,222,0,222,342
06/04/2021,SDM,CA,AWP,WE,Federal Contract Tower,0,11,19,0,30,0,0,80,7,87,0,11,99,7,117,202,0,202,319
06/05/2021,SDM,CA,AWP,WE,Federal Contract Tower,0,4,22,1,27,0,0,129,6,135,0,4,151,7,162,168,0,168,330
06/06/2021,SDM,CA,AWP,WE,Federal Contract Tower,0,8,29,1,38,0,0,93,4,97,0,8,122,5,135,122,0,122,257
06/07/2021,SDM,CA,AWP,WE,Federal Contract Tower,0,6,24,1,31,0,1,31,2,34,0,7,55,3,65,158,0,158,223
06/08/2021,SDM,CA,AWP,WE,Federal Contract Tower,0,2,29,0,31,0,0,89,4,93,0,2,118,4,124,162,4,166,290
06/09/2021,SDM,CA,AWP,WE,Federal Contract Tower,0,5,21,1,27,0,0,83,0,83,0,5,104,1,110,114,0,114,224
06/10/2021,SDM,CA,AWP,WE,Federal Contract Tower,0,7,24,0,31,0,0,109,0,109,0,7,133,0,140,166,0,166,306
06/11/2021,SDM,CA,AWP,WE,Federal Contract Tower,0,15,20,1,36,0,0,126,0,126,0,15,146,1,162,292,0,292,454
06/12/2021,SDM,CA,AWP,WE,Federal Contract Tower,0,12,18,0,30,0,0,132,1,133,0,12,150,1,163,178,0,178,341
06/13/2021,SDM,CA,AWP,WE,Federal Contract Tower,0,9,37,3,49,0,1,148,0,149,0,10,185,3,198,132,0,132,330
06/14/2021,SDM,CA,AWP,WE,Federal Contract Tower,0,11,27,1,39,0,0,114,4,118,0,11,141,5,157,180,0,180,337
06/15/2021,SDM,CA,AWP,WE,Federal Contract Tower,0,3,27,0,30,0,0,89,0,89,0,3,116,0,119,136,0,136,255
06/16/2021,SDM,CA,AWP,WE,Federal Contract Tower,0,9,26,2,37,0,1,80,2,83,0,10,106,4,120,186,0,186,306
06/17/2021,SDM,CA,AWP,WE,Federal Contract Tower,0,8,30,3,41,0,1,78,11,90,0,9,108,14,131,142,2,144,275
06/18/2021,SDM,CA,AWP,WE,Federal Contract Tower,0,4,28,0,32,0,2,137,2,141,0,6,165,2,173,124,0,124,297
06/19/2021,SDM,CA,AWP,WE,Federal Contract Tower,0,9,35,2,46,0,0,146,0,146,0,9,181,2,192,190,0,190,382
06/20/2021,SDM,CA,AWP,WE,Federal Contract Tower,0,6,24,0,30,0,0,100,0,100,0,6,124,0,130,96,0,96,226
06/21/2021,SDM,CA,AWP,WE,Federal Contract Tower,0,10,29,2,41,0,0,108,9,117,0,10,137,11,158,184,0,184,342
06/22/2021,SDM,CA,AWP,WE,Federal Contract Tower,0,8,25,1,34,0,0,75,26,101,0,8,100,27,135,162,2,164,299
06/23/2021,SDM,CA,AWP,WE,Federal Contract Tower,0,6,27,2,35,0,0,43,2,45,0,6,70,4,80,36,8,44,124
06/24/2021,SDM,CA,AWP,WE,Federal Contract Tower,0,7,21,2,30,0,0,115,29,144,0,7,136,31,174,218,40,258,432
06/25/2021,SDM,CA,AWP,WE,Federal Contract Tower,0,10,27,5,42,0,0,113,28,141,0,10,140,33,183,130,32,162,345
06/26/2021,SDM,CA,AWP,WE,Federal Contract Tower,0,13,14,6,33,0,0,124,7,131,0,13,138,13,164,110,0,110,274
06/27/2021,SDM,CA,AWP,WE,Federal Contract Tower,0,24,41,3,68,0,0,120,9,129,0,24,161,12,197,164,0,164,361
06/28/2021,SDM,CA,AWP,WE,Federal Contract Tower,2,10,13,0,25,0,0,77,10,87,2,10,90,10,112,132,8,140,252
06/29/2021,SDM,CA,AWP,WE,Federal Contract Tower,0,3,27,3,33,0,0,65,15,80,0,3,92,18,113,164,4,168,281
06/30/2021,SDM,CA,AWP,WE,Federal Contract Tower,0,4,23,2,29,0,0,92,0,92,0,4,115,2,121,236,0,236,357
07/01/2021,SDM,CA,AWP,WE,Federal Contract Tower,0,3,30,7,40,0,0,64,0,64,0,3,94,7,104,128,0,128,232
07/02/2021,SDM,CA,AWP,WE,Federal Contract Tower,0,8,27,2,37,0,0,104,0,104,0,8,131,2,141,182,0,182,323
07/03/2021,SDM,CA,AWP,WE,Federal Contract Tower,0,9,14,3,26,0,0,114,0,114,0,9,128,3,140,130,0,130,270
07/04/2021,SDM,CA,AWP,WE,Federal Contract Tower,0,3,4,4,11,0,0,114,0,114,0,3,118,4,125,124,0,124,249
07/05/2021,SDM,CA,AWP,WE,Federal Contract Tower,0,2,39,10,51,0,0,120,0,120,0,2,159,10,171,164,0,164,335
07/06/2021,SDM,CA,AWP,WE,Federal Contract Tower,0,11,25,7,43,0,0,102,1,103,0,11,127,8,146,176,0,176,322
07/07/2021,SDM,CA,AWP,WE,Federal Contract Tower,0,18,20,3,41,0,0,82,0,82,0,18,102,3,123,124,0,124,247
07/08/2021,SDM,CA,AWP,WE,Federal Contract Tower,0,17,16,4,37,0,0,79,3,82,0,17,95,7,119,188,0,188,307
07/09/2021,SDM,CA,AWP,WE,Federal Contract Tower,0,9,17,8,34,0,0,106,4,110,0,9,123,12,144,280,0,280,424
07/10/2021,SDM,CA,AWP,WE,Federal Contract Tower,0,10,16,12,38,0,0,186,2,188,0,10,202,14,226,98,0,98,324
07/11/2021,SDM,CA,AWP,WE,Federal Contract Tower,0,13,28,5,46,0,1,110,6,117,0,14,138,11,163,220,0,220,383
07/12/2021,SDM,CA,AWP,WE,Federal Contract Tower,0,9,25,8,42,0,0,78,1,79,0,9,103,9,121,180,0,180,301
07/13/2021,SDM,CA,AWP,WE,Federal Contract Tower,0,4,10,3,17,0,0,92,0,92,0,4,102,3,109,242,0,242,351
07/14/2021,SDM,CA,AWP,WE,Federal Contract Tower,0,6,29,5,40,0,1,93,0,94,0,7,122,5,134,188,0,188,322
07/15/2021,SDM,CA,AWP,WE,Federal Contract Tower,0,14,30,5,49,0,2,89,5,96,0,16,119,10,145,146,10,156,301
07/16/2021,SDM,CA,AWP,WE,Federal Contract Tower,0,13,13,8,34,0,2,95,17,114,0,15,108,25,148,180,0,180,328
07/17/2021,SDM,CA,AWP,WE,Federal Contract Tower,0,10,12,6,28,0,0,126,9,135,0,10,138,15,163,216,0,216,379
07/18/2021,SDM,CA,AWP,WE,Federal Contract Tower,0,9,28,10,47,0,3,104,6,113,0,12,132,16,160,70,2,72,232
07/19/2021,SDM,CA,AWP,WE,Federal Contract Tower,0,15,20,8,43,0,0,80,2,82,0,15,100,10,125,190,8,198,323
07/20/2021,SDM,CA,AWP,WE,Federal Contract Tower,0,6,15,7,28,0,0,85,7,92,0,6,100,14,120,220,4,224,344
07/21/2021,SDM,CA,AWP,WE,Federal Contract Tower,1,8,18,7,34,0,0,88,0,88,1,8,106,7,122,196,0,196,318
07/22/2021,SDM,CA,AWP,WE,Federal Contract Tower,0,10,32,5,47,0,0,54,0,54,0,10,86,5,101,128,0,128,229
07/23/2021,SDM,CA,AWP,WE,Federal Contract Tower,1,12,21,19,53,0,3,99,18,120,1,15,120,37,173,224,0,224,397
07/24/2021,SDM,CA,AWP,WE,Federal Contract Tower,0,13,15,5,33,0,1,139,12,152,0,14,154,17,185,174,0,174,359
07/25/2021,SDM,CA,AWP,WE,Federal Contract Tower,0,3,26,16,45,0,0,101,6,107,0,3,127,22,152,180,0,180,332
07/26/2021,SDM,CA,AWP,WE,Federal Contract Tower,0,5,23,14,42,0,1,20,0,21,0,6,43,14,63,98,0,98,161
07/27/2021,SDM,CA,AWP,WE,Federal Contract Tower,0,7,17,3,27,0,2,105,0,107,0,9,122,3,134,176,0,176,310
07/28/2021,SDM,CA,AWP,WE,Federal Contract Tower,0,5,15,2,22,0,1,102,7,110,0,6,117,9,132,180,6,186,318
07/29/2021,SDM,CA,AWP,WE,Federal Contract Tower,0,7,12,2,21,0,0,118,4,122,0,7,130,6,143,186,2,188,331
07/30/2021,SDM,CA,AWP,WE,Federal Contract Tower,0,12,18,8,38,0,0,94,6,100,0,12,112,14,138,142,0,142,280
07/31/2021,SDM,CA,AWP,WE,Federal Contract Tower,0,13,24,7,44,0,0,153,4,157,0,13,177,11,201,174,0,174,375
08/01/2021,SDM,CA,AWP,WE,Federal Contract Tower,0,5,18,7,30,0,0,96,4,100,0,5,114,11,130,130,0,130,260
08/02/2021,SDM,CA,AWP,WE,Federal Contract Tower,0,10,32,0,42,0,0,99,0,99,0,10,131,0,141,158,0,158,299
08/03/2021,SDM,CA,AWP,WE,Federal Contract Tower,0,11,22,3,36,0,0,92,0,92,0,11,114,3,128,158,0,158,286
08/04/2021,SDM,CA,AWP,WE,Federal Contract Tower,0,1,24,2,27,0,0,103,0,103,0,1,127,2,130,160,0,160,290
08/05/2021,SDM,CA,AWP,WE,Federal Contract Tower,2,8,17,0,27,0,0,82,2,84,2,8,99,2,111,152,0,152,263
08/06/2021,SDM,CA,AWP,WE,Federal Contract Tower,3,2,21,3,29,0,0,58,0,58,3,2,79,3,87,170,0,170,257
08/07/2021,SDM,CA,AWP,WE,Federal Contract Tower,3,13,6,1,23,0,0,124,1,125,3,13,130,2,148,192,0,192,340
08/08/2021,SDM,CA,AWP,WE,Federal Contract Tower,0,6,15,0,21,0,0,105,0,105,0,6,120,0,126,78,0,78,204
08/09/2021,SDM,CA,AWP,WE,Federal Contract Tower,0,7,8,4,19,0,0,71,4,75,0,7,79,8,94,154,4,158,252
08/10/2021,SDM,CA,AWP,WE,Federal Contract Tower,0,10,18,1,29,0,0,107,1,108,0,10,125,2,137,122,0,122,259
08/11/2021,SDM,CA,AWP,WE,Federal Contract Tower,0,8,19,1,28,0,0,97,2,99,0,8,116,3,127,158,0,158,285
08/12/2021,SDM,CA,AWP,WE,Federal Contract Tower,0,6,16,4,26,0,0,114,0,114,0,6,130,4,140,282,0,282,422
08/13/2021,SDM,CA,AWP,WE,Federal Contract Tower,0,7,22,4,33,0,0,105,2,107,0,7,127,6,140,224,0,224,364
08/14/2021,SDM,CA,AWP,WE,Federal Contract Tower,0,7,24,3,34,0,1,142,0,143,0,8,166,3,177,134,0,134,311
08/15/2021,SDM,CA,AWP,WE,Federal Contract Tower,0,8,22,4,34,0,0,121,2,123,0,8,143,6,157,48,0,48,205
08/16/2021,SDM,CA,AWP,WE,Federal Contract Tower,0,3,15,0,18,0,0,83,14,97,0,3,98,14,115,116,2,118,233
08/17/2021,SDM,CA,AWP,WE,Federal Contract Tower,0,4,15,0,19,0,0,60,26,86,0,4,75,26,105,136,4,140,245
08/18/2021,SDM,CA,AWP,WE,Federal Contract Tower,0,4,27,0,31,0,0,26,2,28,0,4,53,2,59,100,10,110,169
08/19/2021,SDM,CA,AWP,WE,Federal Contract Tower,0,9,11,0,20,0,0,60,6,66,0,9,71,6,86,90,0,90,176
08/20/2021,SDM,CA,AWP,WE,Federal Contract Tower,0,7,22,2,31,0,0,36,0,36,0,7,58,2,67,180,0,180,247
08/21/2021,SDM,CA,AWP,WE,Federal Contract Tower,0,2,15,0,17,0,0,50,0,50,0,2,65,0,67,132,0,132,199
08/22/2021,SDM,CA,AWP,WE,Federal Contract Tower,0,8,25,3,36,0,0,54,0,54,0,8,79,3,90,164,0,164,254
08/23/2021,SDM,CA,AWP,WE,Federal Contract Tower,0,8,25,0,33,0,1,93,23,117,0,9,118,23,150,158,0,158,308
08/24/2021,SDM,CA,AWP,WE,Federal Contract Tower,0,2,19,1,22,0,0,93,26,119,0,2,112,27,141,144,2,146,287
08/25/2021,SDM,CA,AWP,WE,Federal Contract Tower,0,8,23,1,32,0,4,92,15,111,0,12,115,16,143,148,0,148,291
08/26/2021,SDM,CA,AWP,WE,Federal Contract Tower,0,4,40,0,44,0,3,85,2,90,0,7,125,2,134,90,0,90,224
08/27/2021,SDM,CA,AWP,WE,Federal Contract Tower,0,6,18,1,25,0,0,107,17,124,0,6,125,18,149,184,24,208,357
08/28/2021,SDM,CA,AWP,WE,Federal Contract Tower,0,3,20,2,25,0,0,117,16,133,0,3,137,18,158,102,0,102,260
08/29/2021,SDM,CA,AWP,WE,Federal Contract Tower,0,2,25,5,32,0,0,104,8,112,0,2,129,13,144,278,0,278,422
08/30/2021,SDM,CA,AWP,WE,Federal Contract Tower,0,5,17,3,25,0,0,50,2,52,0,5,67,5,77,94,0,94,171
08/31/2021,SDM,CA,AWP,WE,Federal Contract Tower,0,3,17,4,24,0,1,40,0,41,0,4,57,4,65,90,0,90,155
09/01/2021,SDM,CA,AWP,WE,Federal Contract Tower,0,2,9,0,11,0,0,83,0,83,0,2,92,0,94,146,0,146,240
09/02/2021,SDM,CA,AWP,WE,Federal Contract Tower,0,3,21,0,24,0,0,115,0,115,0,3,136,0,139,184,0,184,323
09/03/2021,SDM,CA,AWP,WE,Federal Contract Tower,0,3,25,7,35,0,2,82,16,100,0,5,107,23,135,156,28,184,319
09/04/2021,SDM,CA,AWP,WE,Federal Contract Tower,0,8,13,4,25,0,0,143,0,143,0,8,156,4,168,224,0,224,392
09/05/2021,SDM,CA,AWP,WE,Federal Contract Tower,0,5,20,2,27,0,0,132,16,148,0,5,152,18,175,158,0,158,333
09/06/2021,SDM,CA,AWP,WE,Federal Contract Tower,0,9,27,5,41,0,0,122,28,150,0,9,149,33,191,114,0,114,305
09/07/2021,SDM,CA,AWP,WE,Federal Contract Tower,0,6,27,3,36,0,0,67,6,73,0,6,94,9,109,76,2,78,187
09/08/2021,SDM,CA,AWP,WE,Federal Contract Tower,0,4,27,8,39,0,2,86,2,90,0,6,113,10,129,82,0,82,211
09/09/2021,SDM,CA,AWP,WE,Federal Contract Tower,0,4,22,2,28,0,0,88,0,88,0,4,110,2,116,206,0,206,322
09/10/2021,SDM,CA,AWP,WE,Federal Contract Tower,0,4,22,3,29,0,0,88,5,93,0,4,110,8,122,138,24,162,284
09/11/2021,SDM,CA,AWP,WE,Federal Contract Tower,0,9,7,0,16,0,0,119,3,122,0,9,126,3,138,172,0,172,310
09/12/2021,SDM,CA,AWP,WE,Federal Contract Tower,0,5,18,4,27,0,1,94,3,98,0,6,112,7,125,150,0,150,275
09/13/2021,SDM,CA,AWP,WE,Federal Contract Tower,0,8,20,0,28,0,2,93,2,97,0,10,113,2,125,124,8,132,257
09/14/2021,SDM,CA,AWP,WE,Federal Contract Tower,0,9,27,2,38,0,0,70,0,70,0,9,97,2,108,108,0,108,216
09/15/2021,SDM,CA,AWP,WE,Federal Contract Tower,0,4,14,0,18,0,2,69,0,71,0,6,83,0,89,180,0,180,269
09/16/2021,SDM,CA,AWP,WE,Federal Contract Tower,0,5,15,1,21,0,1,75,3,79,0,6,90,4,100,184,4,188,288
09/17/2021,SDM,CA,AWP,WE,Federal Contract Tower,0,2,17,4,23,0,3,85,6,94,0,5,102,10,117,124,0,124,241
09/18/2021,SDM,CA,AWP,WE,Federal Contract Tower,0,2,13,7,22,0,0,145,9,154,0,2,158,16,176,24,2,26,202
09/19/2021,SDM,CA,AWP,WE,Federal Contract Tower,0,3,31,3,37,0,0,110,8,118,0,3,141,11,155,136,0,136,291
09/20/2021,SDM,CA,AWP,WE,Federal Contract Tower,0,2,13,0,15,0,0,83,0,83,0,2,96,0,98,90,0,90,188
09/21/2021,SDM,CA,AWP,WE,Federal Contract Tower,0,3,13,0,16,0,0,58,4,62,0,3,71,4,78,86,6,92,170
09/22/2021,SDM,CA,AWP,WE,Federal Contract Tower,0,6,24,0,30,0,0,78,0,78,0,6,102,0,108,112,0,112,220
09/23/2021,SDM,CA,AWP,WE,Federal Contract Tower,0,6,11,0,17,0,0,79,2,81,0,6,90,2,98,178,0,178,276
09/24/2021,SDM,CA,AWP,WE,Federal Contract Tower,0,4,20,6,30,0,3,67,6,76,0,7,87,12,106,150,0,150,256
09/25/2021,SDM,CA,AWP,WE,Federal Contract Tower,0,4,20,10,34,0,0,75,4,79,0,4,95,14,113,54,2,56,169
09/26/2021,SDM,CA,AWP,WE,Federal Contract Tower,0,1,26,6,33,0,0,12,6,18,0,1,38,12,51,38,0,38,89
09/27/2021,SDM,CA,AWP,WE,Federal Contract Tower,0,4,17,3,24,0,1,16,0,17,0,5,33,3,41,10,0,10,51
09/28/2021,SDM,CA,AWP,WE,Federal Contract Tower,0,3,13,0,16,0,1,41,0,42,0,4,54,0,58,102,0,102,160
09/29/2021,SDM,CA,AWP,WE,Federal Contract Tower,2,3,17,0,22,0,3,83,0,86,2,6,100,0,108,84,0,84,192
09/30/2021,SDM,CA,AWP,WE,Federal Contract Tower,0,10,19,0,29,0,0,106,2,108,0,10,125,2,137,226,0,226,363
10/01/2021,SDM,CA,AWP,WE,Federal Contract Tower,0,2,23,1,26,0,3,84,10,97,0,5,107,11,123,176,0,176,299
10/02/2021,SDM,CA,AWP,WE,Federal Contract Tower,0,7,12,0,19,0,0,113,6,119,0,7,125,6,138,162,0,162,300
10/03/2021,SDM,CA,AWP,WE,Federal Contract Tower,0,5,21,1,27,0,1,109,3,113,0,6,130,4,140,64,0,64,204
10/05/2021,SDM,CA,AWP,WE,Federal Contract Tower,0,8,12,0,20,0,0,55,0,55,0,8,67,0,75,84,0,84,159
10/06/2021,SDM,CA,AWP,WE,Federal Contract Tower,0,8,22,1,31,0,3,27,0,30,0,11,49,1,61,106,0,106,167
10/07/2021,SDM,CA,AWP,WE,Federal Contract Tower,0,8,24,1,33,0,0,50,0,50,0,8,74,1,83,204,0,204,287
10/08/2021,SDM,CA,AWP,WE,Federal Contract Tower,0,6,20,3,29,0,0,0,0,0,0,6,20,3,29,6,4,10,39
10/09/2021,SDM,CA,AWP,WE,Federal Contract Tower,0,3,16,0,19,0,0,117,1,118,0,3,133,1,137,148,0,148,285
10/10/2021,SDM,CA,AWP,WE,Federal Contract Tower,0,9,47,1,57,0,0,124,0,124,0,9,171,1,181,64,0,64,245
10/11/2021,SDM,CA,AWP,WE,Federal Contract Tower,0,6,31,5,42,0,3,33,0,36,0,9,64,5,78,114,0,114,192
10/12/2021,SDM,CA,AWP,WE,Federal Contract Tower,0,8,26,1,35,0,2,105,2,109,0,10,131,3,144,118,0,118,262
10/13/2021,SDM,CA,AWP,WE,Federal Contract Tower,0,7,20,2,29,0,2,85,0,87,0,9,105,2,116,198,0,198,314
10/14/2021,SDM,CA,AWP,WE,Federal Contract Tower,6,8,22,0,36,0,0,109,0,109,6,8,131,0,145,238,0,238,383
10/15/2021,SDM,CA,AWP,WE,Federal Contract Tower,0,9,19,4,32,0,3,98,20,121,0,12,117,24,153,110,26,136,289
10/16/2021,SDM,CA,AWP,WE,Federal Contract Tower,0,1,17,0,18,0,0,111,5,116,0,1,128,5,134,48,0,48,182
10/17/2021,SDM,CA,AWP,WE,Federal Contract Tower,2,11,33,1,47,0,2,108,2,112,2,13,141,3,159,60,0,60,219
10/18/2021,SDM,CA,AWP,WE,Federal Contract Tower,4,6,14,1,25,0,0,22,3,25,4,6,36,4,50,154,0,154,204
10/19/2021,SDM,CA,AWP,WE,Federal Contract Tower,2,4,17,0,23,0,2,97,7,106,2,6,114,7,129,218,0,218,347
10/20/2021,SDM,CA,AWP,WE,Federal Contract Tower,6,11,21,0,38,0,2,87,8,97,6,13,108,8,135,148,10,158,293
10/21/2021,SDM,CA,AWP,WE,Federal Contract Tower,4,7,24,3,38,0,1,83,5,89,4,8,107,8,127,140,0,140,267
10/22/2021,SDM,CA,AWP,WE,Federal Contract Tower,0,7,25,9,41,0,4,57,10,71,0,11,82,19,112,80,22,102,214
10/23/2021,SDM,CA,AWP,WE,Federal Contract Tower,0,8,38,3,49,0,0,66,1,67,0,8,104,4,116,70,0,70,186
10/24/2021,SDM,CA,AWP,WE,Federal Contract Tower,0,13,39,2,54,0,0,108,0,108,0,13,147,2,162,90,0,90,252
10/25/2021,SDM,CA,AWP,WE,Federal Contract Tower,0,6,11,6,23,0,0,20,0,20,0,6,31,6,43,176,0,176,219
10/26/2021,SDM,CA,AWP,WE,Federal Contract Tower,0,8,26,5,39,0,2,80,2,84,0,10,106,7,123,154,2,156,279
10/27/2021,SDM,CA,AWP,WE,Federal Contract Tower,0,6,22,2,30,0,3,100,2,105,0,9,122,4,135,172,0,172,307
10/28/2021,SDM,CA,AWP,WE,Federal Contract Tower,0,14,14,0,28,0,4,96,14,114,0,18,110,14,142,206,0,206,348
10/29/2021,SDM,CA,AWP,WE,Federal Contract Tower,0,4,15,2,21,0,0,2,1,3,0,4,17,3,24,154,44,198,222
10/30/2021,SDM,CA,AWP,WE,Federal Contract Tower,0,8,16,8,32,0,2,64,0,66,0,10,80,8,98,134,0,134,232
10/31/2021,SDM,CA,AWP,WE,Federal Contract Tower,0,4,19,1,24,0,4,58,20,82,0,8,77,21,106,84,0,84,190
11/01/2021,SDM,CA,AWP,WE,Federal Contract Tower,0,9,17,4,30,0,0,47,0,47,0,9,64,4,77,156,0,156,233
11/02/2021,SDM,CA,AWP,WE,Federal Contract Tower,0,7,17,1,25,0,0,62,8,70,0,7,79,9,95,282,0,282,377
11/03/2021,SDM,CA,AWP,WE,Federal Contract Tower,0,9,21,5,35,0,2,67,9,78,0,11,88,14,113,204,0,204,317
11/04/2021,SDM,CA,AWP,WE,Federal Contract Tower,0,16,19,3,38,0,1,57,20,78,0,17,76,23,116,148,16,164,280
11/05/2021,SDM,CA,AWP,WE,Federal Contract Tower,0,5,19,2,26,0,4,64,18,86,0,9,83,20,112,254,0,254,366
11/06/2021,SDM,CA,AWP,WE,Federal Contract Tower,0,1,17,3,21,0,0,97,20,117,0,1,114,23,138,208,6,214,352
11/07/2021,SDM,CA,AWP,WE,Federal Contract Tower,0,12,42,6,60,0,0,74,25,99,0,12,116,31,159,170,0,170,329
11/08/2021,SDM,CA,AWP,WE,Federal Contract Tower,0,7,26,3,36,0,0,73,7,80,0,7,99,10,116,276,0,276,392
11/09/2021,SDM,CA,AWP,WE,Federal Contract Tower,0,10,19,0,29,0,0,96,16,112,0,10,115,16,141,296,2,298,439
11/10/2021,SDM,CA,AWP,WE,Federal Contract Tower,0,14,19,1,34,0,2,86,14,102,0,16,105,15,136,336,18,354,490
11/11/2021,SDM,CA,AWP,WE,Federal Contract Tower,0,6,26,1,33,0,0,109,4,113,0,6,135,5,146,1,5,6,152
11/12/2021,SDM,CA,AWP,WE,Federal Contract Tower,0,5,14,1,20,0,1,111,1,113,0,6,125,2,133,242,0,242,375
11/13/2021,SDM,CA,AWP,WE,Federal Contract Tower,0,3,21,4,28,0,0,134,9,143,0,3,155,13,171,196,0,196,367
11/14/2021,SDM,CA,AWP,WE,Federal Contract Tower,0,13,34,4,51,0,0,112,3,115,0,13,146,7,166,158,0,158,324
11/15/2021,SDM,CA,AWP,WE,Federal Contract Tower,0,12,17,2,31,0,0,85,11,96,0,12,102,13,127,130,2,132,259
11/16/2021,SDM,CA,AWP,WE,Federal Contract Tower,0,5,34,3,42,0,1,67,2,70,0,6,101,5,112,174,2,176,288
11/17/2021,SDM,CA,AWP,WE,Federal Contract Tower,2,3,24,6,35,0,0,86,18,104,2,3,110,24,139,194,2,196,335
11/18/2021,SDM,CA,AWP,WE,Federal Contract Tower,0,7,21,8,36,0,0,37,3,40,0,7,58,11,76,106,0,106,182
11/19/2021,SDM,CA,AWP,WE,Federal Contract Tower,0,15,49,10,74,0,0,82,16,98,0,15,131,26,172,200,36,236,408
11/20/2021,SDM,CA,AWP,WE,Federal Contract Tower,0,10,54,14,78,0,2,90,20,112,0,12,144,34,190,126,0,126,316
11/21/2021,SDM,CA,AWP,WE,Federal Contract Tower,0,11,37,9,57,0,0,59,29,88,0,11,96,38,145,56,0,56,201
11/22/2021,SDM,CA,AWP,WE,Federal Contract Tower,0,9,35,2,46,0,0,75,3,78,0,9,110,5,124,212,0,212,336
11/23/2021,SDM,CA,AWP,WE,Federal Contract Tower,0,8,33,0,41,0,0,74,4,78,0,8,107,4,119,180,0,180,299
11/24/2021,SDM,CA,AWP,WE,Federal Contract Tower,0,6,39,0,45,0,0,97,12,109,0,6,136,12,154,168,0,168,322
11/25/2021,SDM,CA,AWP,WE,Federal Contract Tower,0,6,8,0,14,0,0,27,0,27,0,6,35,0,41,36,0,36,77
11/26/2021,SDM,CA,AWP,WE,Federal Contract Tower,0,3,15,0,18,0,0,83,0,83,0,3,98,0,101,174,0,174,275
11/27/2021,SDM,CA,AWP,WE,Federal Contract Tower,0,14,44,0,58,0,0,95,2,97,0,14,139,2,155,176,0,176,331
11/28/2021,SDM,CA,AWP,WE,Federal Contract Tower,0,16,70,1,87,0,0,90,0,90,0,16,160,1,177,104,0,104,281
11/29/2021,SDM,CA,AWP,WE,Federal Contract Tower,0,4,20,0,24,0,0,72,12,84,0,4,92,12,108,140,0,140,248
12/01/2021,SDM,CA,AWP,WE,Federal Contract Tower,0,3,21,5,29,0,0,62,39,101,0,3,83,44,130,218,0,218,348
12/02/2021,SDM,CA,AWP,WE,Federal Contract Tower,0,6,17,2,25,0,0,51,22,73,0,6,68,24,98,130,4,134,232
12/03/2021,SDM,CA,AWP,WE,Federal Contract Tower,0,5,23,12,40,0,0,45,21,66,0,5,68,33,106,42,22,64,170
12/04/2021,SDM,CA,AWP,WE,Federal Contract Tower,0,5,30,6,41,0,0,49,27,76,0,5,79,33,117,116,0,116,233
12/05/2021,SDM,CA,AWP,WE,Federal Contract Tower,0,5,18,10,33,0,0,67,13,80,0,5,85,23,113,154,0,154,267
12/06/2021,SDM,CA,AWP,WE,Federal Contract Tower,0,2,17,5,24,0,1,40,17,58,0,3,57,22,82,132,0,132,214
12/07/2021,SDM,CA,AWP,WE,Federal Contract Tower,0,8,12,10,30,0,0,18,3,21,0,8,30,13,51,82,0,82,133
12/08/2021,SDM,CA,AWP,WE,Federal Contract Tower,0,7,25,2,34,0,0,91,11,102,0,7,116,13,136,206,0,206,342
12/09/2021,SDM,CA,AWP,WE,Federal Contract Tower,0,7,18,3,28,0,0,4,0,4,0,7,22,3,32,14,0,14,46
12/10/2021,SDM,CA,AWP,WE,Federal Contract Tower,0,5,19,5,29,0,1,61,9,71,0,6,80,14,100,236,0,236,336
12/11/2021,SDM,CA,AWP,WE,Federal Contract Tower,0,5,18,3,26,0,1,114,10,125,0,6,132,13,151,158,16,174,325
12/12/2021,SDM,CA,AWP,WE,Federal Contract Tower,0,13,32,5,50,0,0,91,9,100,0,13,123,14,150,232,0,232,382
12/13/2021,SDM,CA,AWP,WE,Federal Contract Tower,0,9,15,4,28,0,0,39,0,39,0,9,54,4,67,258,0,258,325
12/14/2021,SDM,CA,AWP,WE,Federal Contract Tower,0,7,6,0,13,0,0,6,0,6,0,7,12,0,19,2,0,2,21
12/15/2021,SDM,CA,AWP,WE,Federal Contract Tower,0,9,7,1,17,0,0,91,4,95,0,9,98,5,112,286,6,292,404
12/16/2021,SDM,CA,AWP,WE,Federal Contract Tower,0,9,26,1,36,0,0,83,6,89,0,9,109,7,125,196,8,204,329
12/17/2021,SDM,CA,AWP,WE,Federal Contract Tower,0,17,27,1,45,0,0,78,5,83,0,17,105,6,128,290,0,290,418
12/18/2021,SDM,CA,AWP,WE,Federal Contract Tower,0,17,29,4,50,0,0,104,4,108,0,17,133,8,158,188,0,188,346
12/19/2021,SDM,CA,AWP,WE,Federal Contract Tower,0,18,26,0,44,0,0,78,6,84,0,18,104,6,128,148,0,148,276
12/20/2021,SDM,CA,AWP,WE,Federal Contract Tower,0,14,11,0,25,0,0,72,1,73,0,14,83,1,98,126,0,126,224
12/21/2021,SDM,CA,AWP,WE,Federal Contract Tower,0,4,14,2,20,0,0,64,10,74,0,4,78,12,94,124,16,140,234
12/22/2021,SDM,CA,AWP,WE,Federal Contract Tower,0,4,22,0,26,0,0,75,4,79,0,4,97,4,105,136,6,142,247
12/23/2021,SDM,CA,AWP,WE,Federal Contract Tower,0,8,34,0,42,0,0,27,2,29,0,8,61,2,71,152,4,156,227
12/24/2021,SDM,CA,AWP,WE,Federal Contract Tower,0,10,14,0,24,0,0,6,0,6,0,10,20,0,30,32,0,32,62
12/25/2021,SDM,CA,AWP,WE,Federal Contract Tower,0,15,11,0,26,0,0,0,0,0,0,15,11,0,26,0,0,0,26
12/26/2021,SDM,CA,AWP,WE,Federal Contract Tower,0,16,50,0,66,0,0,106,0,106,0,16,156,0,172,146,0,146,318
12/27/2021,SDM,CA,AWP,WE,Federal Contract Tower,0,12,27,0,39,0,1,34,2,37,0,13,61,2,76,80,16,96,172
12/28/2021,SDM,CA,AWP,WE,Federal Contract Tower,0,21,34,0,55,0,0,8,0,8,0,21,42,0,63,38,0,38,101
12/29/2021,SDM,CA,AWP,WE,Federal Contract Tower,0,6,17,0,23,0,0,10,6,16,0,6,27,6,39,26,54,80,119
12/30/2021,SDM,CA,AWP,WE,Federal Contract Tower,0,6,25,0,31,0,0,36,2,38,0,6,61,2,69,130,0,130,199
12/31/2021,SDM,CA,AWP,WE,Federal Contract Tower,0,5,25,0,30,0,0,25,4,29,0,5,50,4,59,76,0,76,135
01/01/2022,SDM,CA,AWP,WE,Federal Contract Tower,0,7,16,0,23,0,0,41,0,41,0,7,57,0,64,50,0,50,114
01/02/2022,SDM,CA,AWP,WE,Federal Contract Tower,0,24,51,0,75,0,0,95,0,95,0,24,146,0,170,116,0,116,286
01/03/2022,SDM,CA,AWP,WE,Federal Contract Tower,0,20,34,0,54,0,0,59,0,59,0,20,93,0,113,138,0,138,251
01/04/2022,SDM,CA,AWP,WE,Federal Contract Tower,0,9,26,0,35,0,0,86,8,94,0,9,112,8,129,160,16,176,305
01/05/2022,SDM,CA,AWP,WE,Federal Contract Tower,0,6,33,0,39,0,0,82,17,99,0,6,115,17,138,224,0,224,362
01/06/2022,SDM,CA,AWP,WE,Federal Contract Tower,0,5,31,0,36,0,0,90,0,90,0,5,121,0,126,182,0,182,308
01/07/2022,SDM,CA,AWP,WE,Federal Contract Tower,0,8,16,5,29,0,0,29,3,32,0,8,45,8,61,0,0,0,61
01/08/2022,SDM,CA,AWP,WE,Federal Contract Tower,0,3,17,5,25,0,0,51,15,66,0,3,68,20,91,86,4,90,181
01/09/2022,SDM,CA,AWP,WE,Federal Contract Tower,0,7,13,8,28,0,0,85,12,97,0,7,98,20,125,0,0,0,125
01/10/2022,SDM,CA,AWP,WE,Federal Contract Tower,0,11,16,0,27,0,0,55,0,55,0,11,71,0,82,0,0,0,82
01/11/2022,SDM,CA,AWP,WE,Federal Contract Tower,0,1,14,1,16,0,0,72,38,110,0,1,86,39,126,100,26,126,252
01/12/2022,SDM,CA,AWP,WE,Federal Contract Tower,0,11,17,3,31,0,0,88,29,117,0,11,105,32,148,322,0,322,470
01/13/2022,SDM,CA,AWP,WE,Federal Contract Tower,0,8,24,2,34,0,0,82,2,84,0,8,106,4,118,180,0,180,298
01/14/2022,SDM,CA,AWP,WE,Federal Contract Tower,0,10,23,1,34,0,0,113,31,144,0,10,136,32,178,226,120,346,524
01/15/2022,SDM,CA,AWP,WE,Federal Contract Tower,0,8,13,9,30,0,0,33,6,39,0,8,46,15,69,112,2,114,183
01/16/2022,SDM,CA,AWP,WE,Federal Contract Tower,0,11,16,2,29,0,0,76,12,88,0,11,92,14,117,152,0,152,269
01/17/2022,SDM,CA,AWP,WE,Federal Contract Tower,0,7,26,3,36,0,0,73,0,73,0,7,99,3,109,156,0,156,265
01/18/2022,SDM,CA,AWP,WE,Federal Contract Tower,0,5,17,1,23,0,0,35,0,35,0,5,52,1,58,130,0,130,188
01/19/2022,SDM,CA,AWP,WE,Federal Contract Tower,0,13,24,0,37,0,0,76,26,102,0,13,100,26,139,192,16,208,347
01/20/2022,SDM,CA,AWP,WE,Federal Contract Tower,0,9,27,0,36,0,1,100,2,103,0,10,127,2,139,246,8,254,393
01/21/2022,SDM,CA,AWP,WE,Federal Contract Tower,0,15,28,7,50,0,0,107,16,123,0,15,135,23,173,174,2,176,349
01/22/2022,SDM,CA,AWP,WE,Federal Contract Tower,2,3,14,15,34,0,0,110,11,121,2,3,124,26,155,212,6,218,373
01/23/2022,SDM,CA,AWP,WE,Federal Contract Tower,0,19,27,8,54,0,0,109,13,122,0,19,136,21,176,174,0,174,350
01/24/2022,SDM,CA,AWP,WE,Federal Contract Tower,0,7,21,3,31,0,0,118,15,133,0,7,139,18,164,138,0,138,302
01/25/2022,SDM,CA,AWP,WE,Federal Contract Tower,0,7,12,0,19,0,0,78,42,120,0,7,90,42,139,162,2,164,303
01/26/2022,SDM,CA,AWP,WE,Federal Contract Tower,0,11,34,1,46,0,0,92,36,128,0,11,126,37,174,272,4,276,450
01/27/2022,SDM,CA,AWP,WE,Federal Contract Tower,0,6,22,0,28,0,0,95,24,119,0,6,117,24,147,196,0,196,343
01/28/2022,SDM,CA,AWP,WE,Federal Contract Tower,0,5,19,3,27,0,0,28,25,53,0,5,47,28,80,158,0,158,238
01/29/2022,SDM,CA,AWP,WE,Federal Contract Tower,0,2,25,0,27,0,0,74,18,92,0,2,99,18,119,108,0,108,227
01/30/2022,SDM,CA,AWP,WE,Federal Contract Tower,0,7,21,1,29,0,0,91,12,103,0,7,112,13,132,180,0,180,312
01/31/2022,SDM,CA,AWP,WE,Federal Contract Tower,0,2,21,0,23,0,1,89,28,118,0,3,110,28,141,160,0,160,301
02/01/2022,SDM,CA,AWP,WE,Federal Contract Tower,0,7,21,0,28,0,0,52,18,70,0,7,73,18,98,106,0,106,204
02/02/2022,SDM,CA,AWP,WE,Federal Contract Tower,0,8,12,0,20,0,0,102,14,116,0,8,114,14,136,26,0,26,162
02/03/2022,SDM,CA,AWP,WE,Federal Contract Tower,0,0,0,0,0,0,0,0,0,0,0,0,0,0,0,0,0,0,0
02/04/2022,SDM,CA,AWP,WE,Federal Contract Tower,0,0,0,0,0,0,0,0,0,0,0,0,0,0,0,0,0,0,0
02/05/2022,SDM,CA,AWP,WE,Federal Contract Tower,0,0,0,0,0,0,0,0,0,0,0,0,0,0,0,0,0,0,0
02/06/2022,SDM,CA,AWP,WE,Federal Contract Tower,0,0,0,0,0,0,0,0,0,0,0,0,0,0,0,0,0,0,0
02/07/2022,SDM,CA,AWP,WE,Federal Contract Tower,0,0,0,0,0,0,0,0,0,0,0,0,0,0,0,0,0,0,0
02/08/2022,SDM,CA,AWP,WE,Federal Contract Tower,0,3,9,0,12,0,0,70,10,80,0,3,79,10,92,240,0,240,332
02/09/2022,SDM,CA,AWP,WE,Federal Contract Tower,0,8,16,3,27,0,0,59,10,69,0,8,75,13,96,144,8,152,248
02/10/2022,SDM,CA,AWP,WE,Federal Contract Tower,0,8,19,2,29,0,0,63,6,69,0,8,82,8,98,176,0,176,274
02/11/2022,SDM,CA,AWP,WE,Federal Contract Tower,0,6,24,6,36,0,0,68,25,93,0,6,92,31,129,170,2,172,301
02/12/2022,SDM,CA,AWP,WE,Federal Contract Tower,0,4,23,3,30,0,0,92,12,104,0,4,115,15,134,154,6,160,294
02/13/2022,SDM,CA,AWP,WE,Federal Contract Tower,0,1,35,2,38,0,0,93,15,108,0,1,128,17,146,96,0,96,242
02/14/2022,SDM,CA,AWP,WE,Federal Contract Tower,0,12,31,3,46,0,0,99,17,116,0,12,130,20,162,232,0,232,394
02/15/2022,SDM,CA,AWP,WE,Federal Contract Tower,0,8,14,7,29,0,0,5,0,5,0,8,19,7,34,110,0,110,144
02/16/2022,SDM,CA,AWP,WE,Federal Contract Tower,0,17,18,2,37,0,1,72,30,103,0,18,90,32,140,164,2,166,306
02/17/2022,SDM,CA,AWP,WE,Federal Contract Tower,0,20,29,3,52,0,2,86,4,92,0,22,115,7,144,144,0,144,288
02/18/2022,SDM,CA,AWP,WE,Federal Contract Tower,0,13,28,2,43,0,0,103,15,118,0,13,131,17,161,214,36,250,411
02/19/2022,SDM,CA,AWP,WE,Federal Contract Tower,2,21,25,3,51,0,0,114,6,120,2,21,139,9,171,124,0,124,295
02/20/2022,SDM,CA,AWP,WE,Federal Contract Tower,1,9,23,0,33,0,0,98,4,102,1,9,121,4,135,146,0,146,281
02/21/2022,SDM,CA,AWP,WE,Federal Contract Tower,1,16,46,1,64,0,0,15,0,15,1,16,61,1,79,230,0,230,309
02/22/2022,SDM,CA,AWP,WE,Federal Contract Tower,0,9,12,0,21,0,0,8,0,8,0,9,20,0,29,44,0,44,73
02/23/2022,SDM,CA,AWP,WE,Federal Contract Tower,5,4,17,0,26,0,0,23,0,23,5,4,40,0,49,84,0,84,133
02/24/2022,SDM,CA,AWP,WE,Federal Contract Tower,2,13,34,0,49,0,1,98,10,109,2,14,132,10,158,68,0,68,226
02/25/2022,SDM,CA,AWP,WE,Federal Contract Tower,1,21,35,0,57,0,0,105,18,123,1,21,140,18,180,154,8,162,342
02/26/2022,SDM,CA,AWP,WE,Federal Contract Tower,1,11,24,0,36,0,0,122,20,142,1,11,146,20,178,216,2,218,396
02/27/2022,SDM,CA,AWP,WE,Federal Contract Tower,0,15,45,5,65,0,2,129,4,135,0,17,174,9,200,80,0,80,280
02/28/2022,SDM,CA,AWP,WE,Federal Contract Tower,4,20,20,0,44,0,0,92,0,92,4,20,112,0,136,166,0,166,302
03/01/2022,SDM,CA,AWP,WE,Federal Contract Tower,2,6,28,0,36,0,0,97,2,99,2,6,125,2,135,272,0,272,407
03/02/2022,SDM,CA,AWP,WE,Federal Contract Tower,4,11,19,0,34,0,0,99,4,103,4,11,118,4,137,212,24,236,373
03/03/2022,SDM,CA,AWP,WE,Federal Contract Tower,5,10,25,0,40,0,0,62,3,65,5,10,87,3,105,58,16,74,179
03/04/2022,SDM,CA,AWP,WE,Federal Contract Tower,2,9,10,1,22,0,0,12,5,17,2,9,22,6,39,24,16,40,79
03/05/2022,SDM,CA,AWP,WE,Federal Contract Tower,3,11,15,2,31,0,0,32,0,32,3,11,47,2,63,130,0,130,193
03/06/2022,SDM,CA,AWP,WE,Federal Contract Tower,2,7,47,2,58,0,0,89,3,92,2,7,136,5,150,166,0,166,316
03/07/2022,SDM,CA,AWP,WE,Federal Contract Tower,4,10,21,1,36,0,0,83,18,101,4,10,104,19,137,134,18,152,289
03/08/2022,SDM,CA,AWP,WE,Federal Contract Tower,2,11,27,0,40,0,1,94,39,134,2,12,121,39,174,164,2,166,340
03/09/2022,SDM,CA,AWP,WE,Federal Contract Tower,3,13,30,0,46,0,0,96,43,139,3,13,126,43,185,202,10,212,397
03/10/2022,SDM,CA,AWP,WE,Federal Contract Tower,2,14,22,2,40,0,0,55,30,85,2,14,77,32,125,130,0,130,255
03/11/2022,SDM,CA,AWP,WE,Federal Contract Tower,0,2,22,0,24,0,0,103,20,123,0,2,125,20,147,262,16,278,425
03/12/2022,SDM,CA,AWP,WE,Federal Contract Tower,1,9,26,3,39,0,0,113,9,122,1,9,139,12,161,172,0,172,333
03/13/2022,SDM,CA,AWP,WE,Federal Contract Tower,1,8,29,0,38,0,0,106,19,125,1,8,135,19,163,160,0,160,323
03/14/2022,SDM,CA,AWP,WE,Federal Contract Tower,4,6,12,2,24,0,0,73,18,91,4,6,85,20,115,188,0,188,303
03/15/2022,SDM,CA,AWP,WE,Federal Contract Tower,1,6,27,0,34,0,0,82,6,88,1,6,109,6,122,152,0,152,274
03/16/2022,SDM,CA,AWP,WE,Federal Contract Tower,0,3,24,1,28,0,0,73,8,81,0,3,97,9,109,112,0,112,221
03/17/2022,SDM,CA,AWP,WE,Federal Contract Tower,0,11,31,0,42,0,0,112,12,124,0,11,143,12,166,180,8,188,354
03/18/2022,SDM,CA,AWP,WE,Federal Contract Tower,2,8,20,0,30,0,0,107,12,119,2,8,127,12,149,190,0,190,339
03/19/2022,SDM,CA,AWP,WE,Federal Contract Tower,0,1,23,1,25,0,1,114,14,129,0,2,137,15,154,116,0,116,270
03/20/2022,SDM,CA,AWP,WE,Federal Contract Tower,0,16,37,0,53,0,0,40,18,58,0,16,77,18,111,76,0,76,187
03/21/2022,SDM,CA,AWP,WE,Federal Contract Tower,0,13,30,1,44,0,0,99,10,109,0,13,129,11,153,84,0,84,237
03/22/2022,SDM,CA,AWP,WE,Federal Contract Tower,1,18,21,1,41,0,0,91,7,98,1,18,112,8,139,190,0,190,329
03/23/2022,SDM,CA,AWP,WE,Federal Contract Tower,2,11,22,0,35,0,1,109,17,127,2,12,131,17,162,190,0,190,352
03/24/2022,SDM,CA,AWP,WE,Federal Contract Tower,2,17,15,1,35,0,0,112,21,133,2,17,127,22,168,162,10,172,340
03/25/2022,SDM,CA,AWP,WE,Federal Contract Tower,0,7,36,11,54,0,0,96,9,105,0,7,132,20,159,180,24,204,363
03/26/2022,SDM,CA,AWP,WE,Federal Contract Tower,0,5,21,6,32,0,0,98,4,102,0,5,119,10,134,100,0,100,234
03/27/2022,SDM,CA,AWP,WE,Federal Contract Tower,0,13,31,4,48,0,2,70,12,84,0,15,101,16,132,60,2,62,194
03/28/2022,SDM,CA,AWP,WE,Federal Contract Tower,1,14,26,1,42,0,0,18,0,18,1,14,44,1,60,32,0,32,92
03/29/2022,SDM,CA,AWP,WE,Federal Contract Tower,0,7,32,0,39,0,0,48,0,48,0,7,80,0,87,94,0,94,181
03/30/2022,SDM,CA,AWP,WE,Federal Contract Tower,2,5,21,0,28,0,0,83,0,83,2,5,104,0,111,128,0,128,239
03/31/2022,SDM,CA,AWP,WE,Federal Contract Tower,0,2,30,0,32,0,0,12,2,14,0,2,42,2,46,78,14,92,138
04/01/2022,SDM,CA,AWP,WE,Federal Contract Tower,0,11,21,0,32,0,0,121,6,127,0,11,142,6,159,196,0,196,355
04/02/2022,SDM,CA,AWP,WE,Federal Contract Tower,0,5,14,5,24,0,0,7,2,9,0,5,21,7,33,52,0,52,85
04/03/2022,SDM,CA,AWP,WE,Federal Contract Tower,0,4,31,6,41,0,0,11,0,11,0,4,42,6,52,84,0,84,136
04/04/2022,SDM,CA,AWP,WE,Federal Contract Tower,2,11,19,0,32,0,1,61,0,62,2,12,80,0,94,212,0,212,306
04/05/2022,SDM,CA,AWP,WE,Federal Contract Tower,0,8,19,0,27,0,0,59,16,75,0,8,78,16,102,132,16,148,250
04/06/2022,SDM,CA,AWP,WE,Federal Contract Tower,0,11,18,1,30,0,0,105,14,119,0,11,123,15,149,232,2,234,383
04/07/2022,SDM,CA,AWP,WE,Federal Contract Tower,2,24,13,0,39,0,0,80,2,82,2,24,93,2,121,262,0,262,383
04/08/2022,SDM,CA,AWP,WE,Federal Contract Tower,0,13,34,2,49,0,0,95,6,101,0,13,129,8,150,170,0,170,320
04/09/2022,SDM,CA,AWP,WE,Federal Contract Tower,0,19,30,0,49,0,0,136,16,152,0,19,166,16,201,104,0,104,305
04/10/2022,SDM,CA,AWP,WE,Federal Contract Tower,0,6,37,4,47,0,0,69,10,79,0,6,106,14,126,80,0,80,206
04/11/2022,SDM,CA,AWP,WE,Federal Contract Tower,0,11,23,4,38,0,0,53,0,53,0,11,76,4,91,124,0,124,215
04/12/2022,SDM,CA,AWP,WE,Federal Contract Tower,2,10,28,0,40,0,1,34,2,37,2,11,62,2,77,34,0,34,111
04/13/2022,SDM,CA,AWP,WE,Federal Contract Tower,0,12,19,0,31,0,1,76,6,83,0,13,95,6,114,164,0,164,278
04/14/2022,SDM,CA,AWP,WE,Federal Contract Tower,0,10,28,0,38,0,0,84,11,95,0,10,112,11,133,242,4,246,379
04/15/2022,SDM,CA,AWP,WE,Federal Contract Tower,0,14,25,3,42,0,0,92,12,104,0,14,117,15,146,124,2,126,272
04/16/2022,SDM,CA,AWP,WE,Federal Contract Tower,0,13,22,5,40,0,0,85,16,101,0,13,107,21,141,62,0,62,203
04/17/2022,SDM,CA,AWP,WE,Federal Contract Tower,0,8,43,1,52,0,0,65,10,75,0,8,108,11,127,54,2,56,183
04/18/2022,SDM,CA,AWP,WE,Federal Contract Tower,0,2,37,1,40,0,0,65,0,65,0,2,102,1,105,176,0,176,281
04/19/2022,SDM,CA,AWP,WE,Federal Contract Tower,0,6,10,0,16,0,0,62,0,62,0,6,72,0,78,156,0,156,234
04/20/2022,SDM,CA,AWP,WE,Federal Contract Tower,0,5,27,0,32,0,0,78,6,84,0,5,105,6,116,264,0,264,380
04/21/2022,SDM,CA,AWP,WE,Federal Contract Tower,0,10,26,0,36,0,0,81,2,83,0,10,107,2,119,294,0,294,413
04/22/2022,SDM,CA,AWP,WE,Federal Contract Tower,0,9,15,0,24,0,0,44,0,44,0,9,59,0,68,120,0,120,188
04/23/2022,SDM,CA,AWP,WE,Federal Contract Tower,0,7,29,1,37,0,1,133,2,136,0,8,162,3,173,138,0,138,311
04/24/2022,SDM,CA,AWP,WE,Federal Contract Tower,0,11,60,1,72,0,1,90,2,93,0,12,150,3,165,128,0,128,293
04/25/2022,SDM,CA,AWP,WE,Federal Contract Tower,0,11,18,1,30,0,0,84,6,90,0,11,102,7,120,234,0,234,354
04/26/2022,SDM,CA,AWP,WE,Federal Contract Tower,0,7,28,0,35,0,0,77,8,85,0,7,105,8,120,174,34,208,328
04/27/2022,SDM,CA,AWP,WE,Federal Contract Tower,0,11,23,0,34,0,0,67,0,67,0,11,90,0,101,212,0,212,313
04/28/2022,SDM,CA,AWP,WE,Federal Contract Tower,0,9,41,0,50,0,0,60,2,62,0,9,101,2,112,200,0,200,312
04/29/2022,SDM,CA,AWP,WE,Federal Contract Tower,0,9,28,4,41,0,0,111,10,121,0,9,139,14,162,268,0,268,430
04/30/2022,SDM,CA,AWP,WE,Federal Contract Tower,2,3,21,1,27,0,0,114,12,126,2,3,135,13,153,124,0,124,277
05/01/2022,SDM,CA,AWP,WE,Federal Contract Tower,0,8,34,3,45,0,0,68,8,76,0,8,102,11,121,84,0,84,205
05/02/2022,SDM,CA,AWP,WE,Federal Contract Tower,0,4,27,0,31,0,0,76,6,82,0,4,103,6,113,98,0,98,211
05/03/2022,SDM,CA,AWP,WE,Federal Contract Tower,0,5,7,1,13,0,0,54,24,78,0,5,61,25,91,128,22,150,241
05/04/2022,SDM,CA,AWP,WE,Federal Contract Tower,0,5,25,2,32,0,0,86,24,110,0,5,111,26,142,204,0,204,346
05/05/2022,SDM,CA,AWP,WE,Federal Contract Tower,0,12,17,0,29,0,0,79,26,105,0,12,96,26,134,148,0,148,282
05/06/2022,SDM,CA,AWP,WE,Federal Contract Tower,0,11,25,0,36,0,0,102,10,112,0,11,127,10,148,100,4,104,252
05/07/2022,SDM,CA,AWP,WE,Federal Contract Tower,0,5,32,2,39,0,1,81,1,83,0,6,113,3,122,98,0,98,220
05/08/2022,SDM,CA,AWP,WE,Federal Contract Tower,0,6,31,6,43,0,0,22,3,25,0,6,53,9,68,112,0,112,180
05/09/2022,SDM,CA,AWP,WE,Federal Contract Tower,0,7,18,0,25,0,1,78,4,83,0,8,96,4,108,70,0,70,178
05/10/2022,SDM,CA,AWP,WE,Federal Contract Tower,0,3,17,0,20,0,0,82,4,86,0,3,99,4,106,170,2,172,278
05/11/2022,SDM,CA,AWP,WE,Federal Contract Tower,0,4,24,3,31,0,0,102,2,104,0,4,126,5,135,158,12,170,305
05/12/2022,SDM,CA,AWP,WE,Federal Contract Tower,0,7,33,0,40,0,0,115,0,115,0,7,148,0,155,124,0,124,279
05/13/2022,SDM,CA,AWP,WE,Federal Contract Tower,0,5,19,9,33,0,0,86,3,89,0,5,105,12,122,174,8,182,304
05/14/2022,SDM,CA,AWP,WE,Federal Contract Tower,0,2,18,3,23,0,2,133,1,136,0,4,151,4,159,206,0,206,365
05/15/2022,SDM,CA,AWP,WE,Federal Contract Tower,0,11,45,6,62,0,0,80,7,87,0,11,125,13,149,212,0,212,361
05/16/2022,SDM,CA,AWP,WE,Federal Contract Tower,1,8,28,3,40,0,0,62,0,62,1,8,90,3,102,112,0,112,214
05/17/2022,SDM,CA,AWP,WE,Federal Contract Tower,0,8,17,2,27,0,1,52,5,58,0,9,69,7,85,148,0,148,233
05/18/2022,SDM,CA,AWP,WE,Federal Contract Tower,0,11,29,1,41,0,0,90,5,95,0,11,119,6,136,188,0,188,324
05/19/2022,SDM,CA,AWP,WE,Federal Contract Tower,0,5,25,0,30,0,0,76,0,76,0,5,101,0,106,258,0,258,364
05/20/2022,SDM,CA,AWP,WE,Federal Contract Tower,0,0,19,3,22,0,0,34,6,40,0,0,53,9,62,136,6,142,204
05/21/2022,SDM,CA,AWP,WE,Federal Contract Tower,0,7,11,0,18,0,0,14,4,18,0,7,25,4,36,136,10,146,182
05/22/2022,SDM,CA,AWP,WE,Federal Contract Tower,0,8,29,2,39,0,1,59,0,60,0,9,88,2,99,138,0,138,237
05/23/2022,SDM,CA,AWP,WE,Federal Contract Tower,0,5,14,1,20,0,0,73,2,75,0,5,87,3,95,138,0,138,233
05/24/2022,SDM,CA,AWP,WE,Federal Contract Tower,0,12,24,2,38,0,0,60,2,62,0,12,84,4,100,140,0,140,240
05/25/2022,SDM,CA,AWP,WE,Federal Contract Tower,0,9,15,0,24,0,0,75,2,77,0,9,90,2,101,180,0,180,281
05/26/2022,SDM,CA,AWP,WE,Federal Contract Tower,0,11,34,1,46,0,0,65,3,68,0,11,99,4,114,210,0,210,324
05/27/2022,SDM,CA,AWP,WE,Federal Contract Tower,0,8,18,0,26,0,0,69,4,73,0,8,87,4,99,146,28,174,273
05/28/2022,SDM,CA,AWP,WE,Federal Contract Tower,0,6,14,0,20,0,0,23,0,23,0,6,37,0,43,118,0,118,161
05/29/2022,SDM,CA,AWP,WE,Federal Contract Tower,0,8,13,0,21,0,0,85,0,85,0,8,98,0,106,86,0,86,192
05/30/2022,SDM,CA,AWP,WE,Federal Contract Tower,0,24,44,0,68,0,0,114,0,114,0,24,158,0,182,150,0,150,332
05/31/2022,SDM,CA,AWP,WE,Federal Contract Tower,0,12,21,0,33,0,0,89,0,89,0,12,110,0,122,128,0,128,250
06/01/2022,SDM,CA,AWP,WE,Federal Contract Tower,0,11,30,3,44,0,0,70,0,70,0,11,100,3,114,194,0,194,308
06/02/2022,SDM,CA,AWP,WE,Federal Contract Tower,0,5,23,0,28,0,1,73,4,78,0,6,96,4,106,106,0,106,212
06/03/2022,SDM,CA,AWP,WE,Federal Contract Tower,0,3,27,1,31,0,0,72,12,84,0,3,99,13,115,200,0,200,315
06/04/2022,SDM,CA,AWP,WE,Federal Contract Tower,0,8,23,3,34,0,0,96,18,114,0,8,119,21,148,112,0,112,260
06/05/2022,SDM,CA,AWP,WE,Federal Contract Tower,2,13,30,3,48,0,1,99,13,113,2,14,129,16,161,96,2,98,259
06/06/2022,SDM,CA,AWP,WE,Federal Contract Tower,0,14,29,3,46,0,0,64,1,65,0,14,93,4,111,138,0,138,249
06/07/2022,SDM,CA,AWP,WE,Federal Contract Tower,0,11,22,2,35,0,0,64,2,66,0,11,86,4,101,116,0,116,217
06/08/2022,SDM,CA,AWP,WE,Federal Contract Tower,0,10,14,3,27,0,0,89,0,89,0,10,103,3,116,182,0,182,298
06/09/2022,SDM,CA,AWP,WE,Federal Contract Tower,0,14,17,1,32,0,0,65,6,71,0,14,82,7,103,160,4,164,267
06/10/2022,SDM,CA,AWP,WE,Federal Contract Tower,0,7,16,5,28,0,0,86,10,96,0,7,102,15,124,96,4,100,224
06/11/2022,SDM,CA,AWP,WE,Federal Contract Tower,0,14,13,1,28,0,1,159,10,170,0,15,172,11,198,94,0,94,292
06/12/2022,SDM,CA,AWP,WE,Federal Contract Tower,0,4,18,3,25,0,0,76,7,83,0,4,94,10,108,112,0,112,220
06/13/2022,SDM,CA,AWP,WE,Federal Contract Tower,0,15,17,0,32,0,0,47,0,47,0,15,64,0,79,92,0,92,171
06/14/2022,SDM,CA,AWP,WE,Federal Contract Tower,0,7,19,3,29,0,0,59,1,60,0,7,78,4,89,116,2,118,207
06/15/2022,SDM,CA,AWP,WE,Federal Contract Tower,0,7,23,2,32,0,0,77,0,77,0,7,100,2,109,124,0,124,233
06/16/2022,SDM,CA,AWP,WE,Federal Contract Tower,0,6,27,4,37,0,0,88,0,88,0,6,115,4,125,400,8,408,533
06/17/2022,SDM,CA,AWP,WE,Federal Contract Tower,0,10,21,1,32,0,0,90,2,92,0,10,111,3,124,204,0,204,328
06/18/2022,SDM,CA,AWP,WE,Federal Contract Tower,0,7,6,3,16,0,0,104,4,108,0,7,110,7,124,144,2,146,270
06/19/2022,SDM,CA,AWP,WE,Federal Contract Tower,0,4,19,0,23,0,0,69,0,69,0,4,88,0,92,30,0,30,122
06/20/2022,SDM,CA,AWP,WE,Federal Contract Tower,0,9,10,4,23,0,0,90,0,90,0,9,100,4,113,128,0,128,241
06/21/2022,SDM,CA,AWP,WE,Federal Contract Tower,0,9,27,0,36,0,0,96,12,108,0,9,123,12,144,164,0,164,308
06/22/2022,SDM,CA,AWP,WE,Federal Contract Tower,0,16,14,0,30,0,0,71,12,83,0,16,85,12,113,210,0,210,323
06/23/2022,SDM,CA,AWP,WE,Federal Contract Tower,0,8,17,0,25,0,1,67,21,89,0,9,84,21,114,146,0,146,260
06/24/2022,SDM,CA,AWP,WE,Federal Contract Tower,0,16,19,2,37,0,1,61,21,83,0,17,80,23,120,122,6,128,248
06/25/2022,SDM,CA,AWP,WE,Federal Contract Tower,0,9,30,1,40,0,0,96,0,96,0,9,126,1,136,122,0,122,258
06/26/2022,SDM,CA,AWP,WE,Federal Contract Tower,0,12,38,0,50,0,0,100,0,100,0,12,138,0,150,100,0,100,250
06/27/2022,SDM,CA,AWP,WE,Federal Contract Tower,0,13,14,1,28,0,0,61,2,63,0,13,75,3,91,100,0,100,191
06/28/2022,SDM,CA,AWP,WE,Federal Contract Tower,0,4,16,0,20,0,0,70,10,80,0,4,86,10,100,168,10,178,278
06/29/2022,SDM,CA,AWP,WE,Federal Contract Tower,0,5,28,0,33,0,0,86,4,90,0,5,114,4,123,176,0,176,299
06/30/2022,SDM,CA,AWP,WE,Federal Contract Tower,0,14,16,0,30,0,2,76,0,78,0,16,92,0,108,182,0,182,290
07/01/2022,SDM,CA,AWP,WE,Federal Contract Tower,0,8,30,0,38,0,1,81,3,85,0,9,111,3,123,196,0,196,319
07/02/2022,SDM,CA,AWP,WE,Federal Contract Tower,0,10,30,0,40,0,0,104,0,104,0,10,134,0,144,154,0,154,298
07/03/2022,SDM,CA,AWP,WE,Federal Contract Tower,0,7,17,1,25,0,0,100,0,100,0,7,117,1,125,120,0,120,245
07/04/2022,SDM,CA,AWP,WE,Federal Contract Tower,0,4,13,0,17,0,0,82,0,82,0,4,95,0,99,52,0,52,151
07/05/2022,SDM,CA,AWP,WE,Federal Contract Tower,2,5,22,0,29,0,2,78,0,80,2,7,100,0,109,216,0,216,325
07/06/2022,SDM,CA,AWP,WE,Federal Contract Tower,0,7,24,2,33,0,0,59,0,59,0,7,83,2,92,128,0,128,220
07/07/2022,SDM,CA,AWP,WE,Federal Contract Tower,0,9,14,1,24,0,0,78,0,78,0,9,92,1,102,188,0,188,290
07/08/2022,SDM,CA,AWP,WE,Federal Contract Tower,0,7,27,8,42,0,0,111,3,114,0,7,138,11,156,196,18,214,370
07/09/2022,SDM,CA,AWP,WE,Federal Contract Tower,0,3,11,0,14,0,0,144,6,150,0,3,155,6,164,170,16,186,350
07/10/2022,SDM,CA,AWP,WE,Federal Contract Tower,0,1,14,6,21,0,0,69,0,69,0,1,83,6,90,86,0,86,176
07/11/2022,SDM,CA,AWP,WE,Federal Contract Tower,0,15,23,0,38,0,0,95,4,99,0,15,118,4,137,144,6,150,287
07/12/2022,SDM,CA,AWP,WE,Federal Contract Tower,0,6,33,1,40,0,0,75,0,75,0,6,108,1,115,100,0,100,215
07/13/2022,SDM,CA,AWP,WE,Federal Contract Tower,0,4,25,3,32,0,0,64,0,64,0,4,89,3,96,72,0,72,168
07/14/2022,SDM,CA,AWP,WE,Federal Contract Tower,0,3,19,0,22,0,0,74,0,74,0,3,93,0,96,136,0,136,232
07/15/2022,SDM,CA,AWP,WE,Federal Contract Tower,0,11,15,5,31,0,0,84,4,88,0,11,99,9,119,136,6,142,261
07/16/2022,SDM,CA,AWP,WE,Federal Contract Tower,0,4,16,2,22,0,0,113,8,121,0,4,129,10,143,74,0,74,217
07/17/2022,SDM,CA,AWP,WE,Federal Contract Tower,0,9,24,2,35,0,1,89,8,98,0,10,113,10,133,46,8,54,187
07/18/2022,SDM,CA,AWP,WE,Federal Contract Tower,2,10,21,0,33,0,0,96,4,100,2,10,117,4,133,214,0,214,347
07/19/2022,SDM,CA,AWP,WE,Federal Contract Tower,0,2,15,2,19,0,0,61,10,71,0,2,76,12,90,176,0,176,266
07/20/2022,SDM,CA,AWP,WE,Federal Contract Tower,0,4,15,0,19,0,0,62,2,64,0,4,77,2,83,178,0,178,261
07/21/2022,SDM,CA,AWP,WE,Federal Contract Tower,0,5,27,3,35,0,1,88,12,101,0,6,115,15,136,160,0,160,296
07/22/2022,SDM,CA,AWP,WE,Federal Contract Tower,0,19,24,1,44,0,0,76,4,80,0,19,100,5,124,62,8,70,194
07/23/2022,SDM,CA,AWP,WE,Federal Contract Tower,0,8,15,0,23,0,0,105,0,105,0,8,120,0,128,126,0,126,254
07/24/2022,SDM,CA,AWP,WE,Federal Contract Tower,0,4,37,2,43,0,0,61,0,61,0,4,98,2,104,114,0,114,218
07/25/2022,SDM,CA,AWP,WE,Federal Contract Tower,4,5,21,2,32,0,1,100,2,103,4,6,121,4,135,148,12,160,295
07/26/2022,SDM,CA,AWP,WE,Federal Contract Tower,0,4,13,1,18,0,0,59,2,61,0,4,72,3,79,134,2,136,215
07/27/2022,SDM,CA,AWP,WE,Federal Contract Tower,0,7,14,0,21,0,0,87,0,87,0,7,101,0,108,260,0,260,368
07/28/2022,SDM,CA,AWP,WE,Federal Contract Tower,0,3,19,0,22,0,0,110,2,112,0,3,129,2,134,158,0,158,292
07/29/2022,SDM,CA,AWP,WE,Federal Contract Tower,0,3,12,5,20,0,1,71,1,73,0,4,83,6,93,158,0,158,251
07/30/2022,SDM,CA,AWP,WE,Federal Contract Tower,0,3,30,4,37,0,0,112,1,113,0,3,142,5,150,102,0,102,252
07/31/2022,SDM,CA,AWP,WE,Federal Contract Tower,0,4,15,3,22,0,0,86,0,86,0,4,101,3,108,138,0,138,246
08/01/2022,SDM,CA,AWP,WE,Federal Contract Tower,0,4,23,0,27,0,0,85,2,87,0,4,108,2,114,204,0,204,318
08/02/2022,SDM,CA,AWP,WE,Federal Contract Tower,0,10,18,0,28,0,0,111,0,111,0,10,129,0,139,130,0,130,269
08/03/2022,SDM,CA,AWP,WE,Federal Contract Tower,0,9,13,2,24,0,0,104,2,106,0,9,117,4,130,246,2,248,378
08/04/2022,SDM,CA,AWP,WE,Federal Contract Tower,0,4,17,0,21,0,0,89,0,89,0,4,106,0,110,120,0,120,230
08/05/2022,SDM,CA,AWP,WE,Federal Contract Tower,0,6,15,5,26,0,0,91,4,95,0,6,106,9,121,164,0,164,285
08/06/2022,SDM,CA,AWP,WE,Federal Contract Tower,0,10,13,3,26,0,0,112,2,114,0,10,125,5,140,162,0,162,302
08/07/2022,SDM,CA,AWP,WE,Federal Contract Tower,0,8,27,3,38,0,0,90,6,96,0,8,117,9,134,98,0,98,232
08/08/2022,SDM,CA,AWP,WE,Federal Contract Tower,0,9,8,4,21,0,0,72,6,78,0,9,80,10,99,152,0,152,251
08/09/2022,SDM,CA,AWP,WE,Federal Contract Tower,0,4,14,2,20,0,0,106,3,109,0,4,120,5,129,218,0,218,347
08/10/2022,SDM,CA,AWP,WE,Federal Contract Tower,0,7,19,0,26,0,0,80,3,83,0,7,99,3,109,158,0,158,267
08/11/2022,SDM,CA,AWP,WE,Federal Contract Tower,0,5,25,1,31,0,0,94,1,95,0,5,119,2,126,198,0,198,324
08/12/2022,SDM,CA,AWP,WE,Federal Contract Tower,0,4,13,0,17,0,0,109,0,109,0,4,122,0,126,168,0,168,294
08/13/2022,SDM,CA,AWP,WE,Federal Contract Tower,0,5,18,5,28,0,0,143,0,143,0,5,161,5,171,162,0,162,333
08/14/2022,SDM,CA,AWP,WE,Federal Contract Tower,0,4,25,0,29,0,2,89,0,91,0,6,114,0,120,112,0,112,232
08/15/2022,SDM,CA,AWP,WE,Federal Contract Tower,0,5,15,1,21,0,1,90,11,102,0,6,105,12,123,108,2,110,233
08/16/2022,SDM,CA,AWP,WE,Federal Contract Tower,0,2,21,0,23,0,0,94,24,118,0,2,115,24,141,168,0,168,309
08/17/2022,SDM,CA,AWP,WE,Federal Contract Tower,0,5,23,1,29,0,0,110,28,138,0,5,133,29,167,258,14,272,439
08/18/2022,SDM,CA,AWP,WE,Federal Contract Tower,0,6,20,0,26,0,0,93,17,110,0,6,113,17,136,250,4,254,390
08/19/2022,SDM,CA,AWP,WE,Federal Contract Tower,0,3,22,0,25,0,0,104,8,112,0,3,126,8,137,222,14,236,373
08/20/2022,SDM,CA,AWP,WE,Federal Contract Tower,0,5,12,0,17,0,0,100,0,100,0,5,112,0,117,104,0,104,221
08/21/2022,SDM,CA,AWP,WE,Federal Contract Tower,0,15,27,2,44,0,1,72,0,73,0,16,99,2,117,96,0,96,213
08/22/2022,SDM,CA,AWP,WE,Federal Contract Tower,0,3,28,0,31,0,0,81,1,82,0,3,109,1,113,248,2,250,363
08/23/2022,SDM,CA,AWP,WE,Federal Contract Tower,0,5,24,0,29,0,0,119,2,121,0,5,143,2,150,236,4,240,390
08/24/2022,SDM,CA,AWP,WE,Federal Contract Tower,2,1,18,1,22,0,0,113,3,116,2,1,131,4,138,294,2,296,434
08/25/2022,SDM,CA,AWP,WE,Federal Contract Tower,0,4,20,0,24,0,0,118,2,120,0,4,138,2,144,226,18,244,388
08/26/2022,SDM,CA,AWP,WE,Federal Contract Tower,0,7,15,0,22,0,0,89,1,90,0,7,104,1,112,202,0,202,314
08/27/2022,SDM,CA,AWP,WE,Federal Contract Tower,0,2,13,0,15,0,0,112,0,112,0,2,125,0,127,90,0,90,217
08/28/2022,SDM,CA,AWP,WE,Federal Contract Tower,0,3,17,1,21,0,0,87,0,87,0,3,104,1,108,96,0,96,204
08/29/2022,SDM,CA,AWP,WE,Federal Contract Tower,0,3,10,0,13,0,0,94,0,94,0,3,104,0,107,190,0,190,297
08/30/2022,SDM,CA,AWP,WE,Federal Contract Tower,0,3,18,0,21,0,0,94,6,100,0,3,112,6,121,206,4,210,331
08/31/2022,SDM,CA,AWP,WE,Federal Contract Tower,0,3,13,0,16,0,2,118,4,124,0,5,131,4,140,282,0,282,422
09/01/2022,SDM,CA,AWP,WE,Federal Contract Tower,0,10,14,0,24,0,0,84,2,86,0,10,98,2,110,210,0,210,320
09/02/2022,SDM,CA,AWP,WE,Federal Contract Tower,0,3,14,0,17,0,0,87,9,96,0,3,101,9,113,222,0,222,335
09/03/2022,SDM,CA,AWP,WE,Federal Contract Tower,0,7,13,0,20,0,0,75,4,79,0,7,88,4,99,96,0,96,195
09/04/2022,SDM,CA,AWP,WE,Federal Contract Tower,0,9,5,0,14,0,0,70,4,74,0,9,75,4,88,62,2,64,152
09/05/2022,SDM,CA,AWP,WE,Federal Contract Tower,0,13,22,0,35,0,1,98,12,111,0,14,120,12,146,108,0,108,254
09/06/2022,SDM,CA,AWP,WE,Federal Contract Tower,0,6,15,3,24,0,0,58,12,70,0,6,73,15,94,84,32,116,210
09/07/2022,SDM,CA,AWP,WE,Federal Contract Tower,0,2,18,2,22,0,0,86,12,98,0,2,104,14,120,94,14,108,228
09/08/2022,SDM,CA,AWP,WE,Federal Contract Tower,0,2,13,0,15,0,0,68,1,69,0,2,81,1,84,74,2,76,160
09/09/2022,SDM,CA,AWP,WE,Federal Contract Tower,0,4,11,1,16,0,0,0,0,0,0,4,11,1,16,0,0,0,16
09/10/2022,SDM,CA,AWP,WE,Federal Contract Tower,0,1,13,1,15,0,0,34,0,34,0,1,47,1,49,102,0,102,151
09/11/2022,SDM,CA,AWP,WE,Federal Contract Tower,0,6,11,0,17,0,0,75,0,75,0,6,86,0,92,60,0,60,152
09/12/2022,SDM,CA,AWP,WE,Federal Contract Tower,0,3,11,3,17,0,0,49,1,50,0,3,60,4,67,92,4,96,163
09/13/2022,SDM,CA,AWP,WE,Federal Contract Tower,0,2,21,0,23,0,0,70,8,78,0,2,91,8,101,108,0,108,209
09/14/2022,SDM,CA,AWP,WE,Federal Contract Tower,0,2,16,0,18,0,0,52,0,52,0,2,68,0,70,278,0,278,348
09/15/2022,SDM,CA,AWP,WE,Federal Contract Tower,0,6,29,0,35,0,0,77,0,77,0,6,106,0,112,180,0,180,292
09/16/2022,SDM,CA,AWP,WE,Federal Contract Tower,0,5,23,0,28,0,0,100,0,100,0,5,123,0,128,124,0,124,252
09/17/2022,SDM,CA,AWP,WE,Federal Contract Tower,0,8,14,0,22,0,0,91,0,91,0,8,105,0,113,64,0,64,177
09/18/2022,SDM,CA,AWP,WE,Federal Contract Tower,0,11,28,1,40,0,0,124,0,124,0,11,152,1,164,56,0,56,220
09/19/2022,SDM,CA,AWP,WE,Federal Contract Tower,0,5,18,0,23,0,0,94,4,98,0,5,112,4,121,144,2,146,267
09/20/2022,SDM,CA,AWP,WE,Federal Contract Tower,0,2,16,1,19,0,0,89,11,100,0,2,105,12,119,210,0,210,329
09/21/2022,SDM,CA,AWP,WE,Federal Contract Tower,0,1,14,2,17,0,1,91,23,115,0,2,105,25,132,176,4,180,312
09/22/2022,SDM,CA,AWP,WE,Federal Contract Tower,0,1,12,9,22,0,0,83,12,95,0,1,95,21,117,130,0,130,247
09/23/2022,SDM,CA,AWP,WE,Federal Contract Tower,0,3,10,7,20,0,0,79,15,94,0,3,89,22,114,86,0,86,200
09/24/2022,SDM,CA,AWP,WE,Federal Contract Tower,0,1,14,3,18,0,0,117,11,128,0,1,131,14,146,34,0,34,180
09/25/2022,SDM,CA,AWP,WE,Federal Contract Tower,0,3,16,3,22,0,0,89,15,104,0,3,105,18,126,90,0,90,216
09/26/2022,SDM,CA,AWP,WE,Federal Contract Tower,0,4,12,7,23,0,0,65,8,73,0,4,77,15,96,138,0,138,234
09/27/2022,SDM,CA,AWP,WE,Federal Contract Tower,0,4,16,1,21,0,0,97,2,99,0,4,113,3,120,152,0,152,272
09/28/2022,SDM,CA,AWP,WE,Federal Contract Tower,0,1,29,0,30,0,0,59,4,63,0,1,88,4,93,146,22,168,261
09/29/2022,SDM,CA,AWP,WE,Federal Contract Tower,0,7,20,2,29,0,0,47,2,49,0,7,67,4,78,114,30,144,222
09/30/2022,SDM,CA,AWP,WE,Federal Contract Tower,1,3,17,1,22,0,1,59,0,60,1,4,76,1,82,150,0,150,232
10/01/2022,SDM,CA,AWP,WE,Federal Contract Tower,0,9,23,3,35,0,0,99,2,101,0,9,122,5,136,108,0,108,244
10/02/2022,SDM,CA,AWP,WE,Federal Contract Tower,0,5,23,2,30,0,0,89,5,94,0,5,112,7,124,80,0,80,204
10/03/2022,SDM,CA,AWP,WE,Federal Contract Tower,2,6,15,0,23,0,0,71,0,71,2,6,86,0,94,46,0,46,140
10/04/2022,SDM,CA,AWP,WE,Federal Contract Tower,0,5,26,1,32,0,0,60,0,60,0,5,86,1,92,126,0,126,218
10/05/2022,SDM,CA,AWP,WE,Federal Contract Tower,0,6,28,0,34,0,1,36,2,39,0,7,64,2,73,46,0,46,119
10/06/2022,SDM,CA,AWP,WE,Federal Contract Tower,1,5,30,1,37,0,0,28,1,29,1,5,58,2,66,70,0,70,136
10/07/2022,SDM,CA,AWP,WE,Federal Contract Tower,0,9,23,1,33,0,1,97,2,100,0,10,120,3,133,192,0,192,325
10/08/2022,SDM,CA,AWP,WE,Federal Contract Tower,0,14,14,0,28,0,1,123,0,124,0,15,137,0,152,162,0,162,314
10/09/2022,SDM,CA,AWP,WE,Federal Contract Tower,0,12,22,1,35,0,0,63,0,63,0,12,85,1,98,70,0,70,168
10/10/2022,SDM,CA,AWP,WE,Federal Contract Tower,1,9,15,0,25,0,0,55,0,55,1,9,70,0,80,118,0,118,198
10/11/2022,SDM,CA,AWP,WE,Federal Contract Tower,0,2,9,0,11,0,0,52,0,52,0,2,61,0,63,180,0,180,243
10/12/2022,SDM,CA,AWP,WE,Federal Contract Tower,0,7,29,0,36,0,0,37,2,39,0,7,66,2,75,146,0,146,221
10/13/2022,SDM,CA,AWP,WE,Federal Contract Tower,0,12,16,0,28,0,0,6,0,6,0,12,22,0,34,72,0,72,106
10/14/2022,SDM,CA,AWP,WE,Federal Contract Tower,0,4,27,0,31,0,0,20,0,20,0,4,47,0,51,78,0,78,129
10/15/2022,SDM,CA,AWP,WE,Federal Contract Tower,0,8,7,0,15,0,0,24,0,24,0,8,31,0,39,152,0,152,191
10/16/2022,SDM,CA,AWP,WE,Federal Contract Tower,2,8,31,0,41,0,1,67,2,70,2,9,98,2,111,122,0,122,233
10/17/2022,SDM,CA,AWP,WE,Federal Contract Tower,3,10,29,1,43,0,0,103,0,103,3,10,132,1,146,226,0,226,372
10/18/2022,SDM,CA,AWP,WE,Federal Contract Tower,0,5,11,0,16,0,0,67,4,71,0,5,78,4,87,118,0,118,205
10/19/2022,SDM,CA,AWP,WE,Federal Contract Tower,0,7,27,0,34,0,1,54,4,59,0,8,81,4,93,180,0,180,273
10/20/2022,SDM,CA,AWP,WE,Federal Contract Tower,0,3,14,0,17,0,1,87,0,88,0,4,101,0,105,220,0,220,325
10/21/2022,SDM,CA,AWP,WE,Federal Contract Tower,0,4,20,8,32,0,0,64,4,68,0,4,84,12,100,228,2,230,330
10/22/2022,SDM,CA,AWP,WE,Federal Contract Tower,0,2,23,9,34,0,0,19,2,21,0,2,42,11,55,118,0,118,173
10/23/2022,SDM,CA,AWP,WE,Federal Contract Tower,1,4,33,11,49,0,0,96,7,103,1,4,129,18,152,150,0,150,302
10/24/2022,SDM,CA,AWP,WE,Federal Contract Tower,1,10,18,1,30,0,0,77,0,77,1,10,95,1,107,170,0,170,277
10/25/2022,SDM,CA,AWP,WE,Federal Contract Tower,0,3,16,0,19,0,1,93,0,94,0,4,109,0,113,240,0,240,353
10/26/2022,SDM,CA,AWP,WE,Federal Contract Tower,0,7,22,0,29,0,1,75,0,76,0,8,97,0,105,276,0,276,381
10/27/2022,SDM,CA,AWP,WE,Federal Contract Tower,0,6,13,1,20,0,0,86,2,88,0,6,99,3,108,216,0,216,324
10/28/2022,SDM,CA,AWP,WE,Federal Contract Tower,0,3,25,6,34,0,0,98,51,149,0,3,123,57,183,220,2,222,405
10/29/2022,SDM,CA,AWP,WE,Federal Contract Tower,0,6,21,4,31,0,0,135,12,147,0,6,156,16,178,130,2,132,310
10/30/2022,SDM,CA,AWP,WE,Federal Contract Tower,2,3,23,7,35,0,0,92,18,110,2,3,115,25,145,110,0,110,255
10/31/2022,SDM,CA,AWP,WE,Federal Contract Tower,2,5,15,1,23,0,0,66,2,68,2,5,81,3,91,204,0,204,295
11/01/2022,SDM,CA,AWP,WE,Federal Contract Tower,0,1,18,4,23,0,0,32,16,48,0,1,50,20,71,114,0,114,185
11/02/2022,SDM,CA,AWP,WE,Federal Contract Tower,0,13,23,11,47,0,0,31,20,51,0,13,54,31,98,96,26,122,220
11/03/2022,SDM,CA,AWP,WE,Federal Contract Tower,0,12,8,3,23,0,0,21,17,38,0,12,29,20,61,56,0,56,117
11/04/2022,SDM,CA,AWP,WE,Federal Contract Tower,0,10,22,0,32,0,0,36,3,39,0,10,58,3,71,46,0,46,117
11/05/2022,SDM,CA,AWP,WE,Federal Contract Tower,0,7,23,3,33,0,0,112,16,128,0,7,135,19,161,220,0,220,381
11/06/2022,SDM,CA,AWP,WE,Federal Contract Tower,0,6,26,6,38,0,2,89,15,106,0,8,115,21,144,150,0,150,294
11/07/2022,SDM,CA,AWP,WE,Federal Contract Tower,0,8,15,6,29,0,0,27,0,27,0,8,42,6,56,130,0,130,186
11/08/2022,SDM,CA,AWP,WE,Federal Contract Tower,0,1,19,0,20,0,0,3,0,3,0,1,22,0,23,12,0,12,35
11/09/2022,SDM,CA,AWP,WE,Federal Contract Tower,0,10,26,2,38,0,0,71,23,94,0,10,97,25,132,280,12,292,424
11/10/2022,SDM,CA,AWP,WE,Federal Contract Tower,2,9,30,0,41,0,0,98,10,108,2,9,128,10,149,248,2,250,399
11/11/2022,SDM,CA,AWP,WE,Federal Contract Tower,0,4,24,1,29,0,0,116,2,118,0,4,140,3,147,306,0,306,453
11/12/2022,SDM,CA,AWP,WE,Federal Contract Tower,0,2,18,1,21,0,0,164,0,164,0,2,182,1,185,100,0,100,285
11/13/2022,SDM,CA,AWP,WE,Federal Contract Tower,0,11,29,4,44,0,0,77,0,77,0,11,106,4,121,100,0,100,221
11/14/2022,SDM,CA,AWP,WE,Federal Contract Tower,0,5,30,3,38,0,0,102,6,108,0,5,132,9,146,126,12,138,284
11/15/2022,SDM,CA,AWP,WE,Federal Contract Tower,0,12,24,2,38,0,0,108,10,118,0,12,132,12,156,180,0,180,336
11/16/2022,SDM,CA,AWP,WE,Federal Contract Tower,0,8,18,2,28,0,0,46,0,46,0,8,64,2,74,122,0,122,196
11/17/2022,SDM,CA,AWP,WE,Federal Contract Tower,0,7,23,2,32,0,0,110,0,110,0,7,133,2,142,140,0,140,282
11/18/2022,SDM,CA,AWP,WE,Federal Contract Tower,0,13,28,1,42,0,0,102,9,111,0,13,130,10,153,134,22,156,309
11/19/2022,SDM,CA,AWP,WE,Federal Contract Tower,0,15,40,0,55,0,0,121,14,135,0,15,161,14,190,170,0,170,360
11/20/2022,SDM,CA,AWP,WE,Federal Contract Tower,0,9,37,0,46,0,0,112,12,124,0,9,149,12,170,162,0,162,332
11/21/2022,SDM,CA,AWP,WE,Federal Contract Tower,0,9,33,0,42,0,0,103,0,103,0,9,136,0,145,146,0,146,291
11/22/2022,SDM,CA,AWP,WE,Federal Contract Tower,0,10,27,0,37,0,1,96,1,98,0,11,123,1,135,152,0,152,287
11/23/2022,SDM,CA,AWP,WE,Federal Contract Tower,0,12,17,1,30,0,0,104,0,104,0,12,121,1,134,160,0,160,294
11/24/2022,SDM,CA,AWP,WE,Federal Contract Tower,0,3,10,0,13,0,0,17,0,17,0,3,27,0,30,16,0,16,46
11/25/2022,SDM,CA,AWP,WE,Federal Contract Tower,0,2,27,3,32,0,1,100,0,101,0,3,127,3,133,96,0,96,229
11/26/2022,SDM,CA,AWP,WE,Federal Contract Tower,0,12,36,0,48,0,1,101,0,102,0,13,137,0,150,94,0,94,244
11/27/2022,SDM,CA,AWP,WE,Federal Contract Tower,0,6,67,1,74,0,1,75,0,76,0,7,142,1,150,28,0,28,178
11/28/2022,SDM,CA,AWP,WE,Federal Contract Tower,1,11,31,0,43,0,0,24,0,24,1,11,55,0,67,192,0,192,259
11/29/2022,SDM,CA,AWP,WE,Federal Contract Tower,0,8,21,0,29,0,0,65,0,65,0,8,86,0,94,138,0,138,232
11/30/2022,SDM,CA,AWP,WE,Federal Contract Tower,0,11,13,0,24,0,0,42,0,42,0,11,55,0,66,150,0,150,216
12/01/2022,SDM,CA,AWP,WE,Federal Contract Tower,0,10,24,1,35,0,0,44,0,44,0,10,68,1,79,108,0,108,187
12/02/2022,SDM,CA,AWP,WE,Federal Contract Tower,2,9,18,2,31,0,0,89,7,96,2,9,107,9,127,168,10,178,305
12/03/2022,SDM,CA,AWP,WE,Federal Contract Tower,0,7,11,3,21,0,0,104,4,108,0,7,115,7,129,196,0,196,325
12/04/2022,SDM,CA,AWP,WE,Federal Contract Tower,0,14,38,0,52,0,0,72,2,74,0,14,110,2,126,134,0,134,260
12/05/2022,SDM,CA,AWP,WE,Federal Contract Tower,0,9,27,0,36,0,0,31,0,31,0,9,58,0,67,48,0,48,115
12/06/2022,SDM,CA,AWP,WE,Federal Contract Tower,1,8,15,0,24,0,0,55,0,55,1,8,70,0,79,202,0,202,281
12/07/2022,SDM,CA,AWP,WE,Federal Contract Tower,0,7,15,0,22,0,0,73,2,75,0,7,88,2,97,158,20,178,275
12/08/2022,SDM,CA,AWP,WE,Federal Contract Tower,0,6,23,0,29,0,0,78,2,80,0,6,101,2,109,248,0,248,357
12/09/2022,SDM,CA,AWP,WE,Federal Contract Tower,0,5,15,4,24,0,0,80,6,86,0,5,95,10,110,174,2,176,286
12/10/2022,SDM,CA,AWP,WE,Federal Contract Tower,0,1,11,0,12,0,0,115,12,127,0,1,126,12,139,180,14,194,333
12/11/2022,SDM,CA,AWP,WE,Federal Contract Tower,0,0,13,1,14,0,0,0,0,0,0,0,13,1,14,0,0,0,14
12/12/2022,SDM,CA,AWP,WE,Federal Contract Tower,0,7,15,2,24,0,0,19,0,19,0,7,34,2,43,8,0,8,51
12/13/2022,SDM,CA,AWP,WE,Federal Contract Tower,0,6,20,0,26,0,0,72,0,72,0,6,92,0,98,112,0,112,210
12/14/2022,SDM,CA,AWP,WE,Federal Contract Tower,0,12,19,0,31,0,1,81,0,82,0,13,100,0,113,122,0,122,235
12/15/2022,SDM,CA,AWP,WE,Federal Contract Tower,2,4,26,0,32,0,0,84,0,84,2,4,110,0,116,148,0,148,264
12/16/2022,SDM,CA,AWP,WE,Federal Contract Tower,0,4,16,9,29,0,0,77,26,103,0,4,93,35,132,144,16,160,292
12/17/2022,SDM,CA,AWP,WE,Federal Contract Tower,0,17,33,0,50,0,0,105,51,156,0,17,138,51,206,118,0,118,324
12/18/2022,SDM,CA,AWP,WE,Federal Contract Tower,0,8,15,5,28,0,0,60,25,85,0,8,75,30,113,90,2,92,205
12/19/2022,SDM,CA,AWP,WE,Federal Contract Tower,0,9,22,0,31,0,0,72,1,73,0,9,94,1,104,142,0,142,246
12/20/2022,SDM,CA,AWP,WE,Federal Contract Tower,2,15,10,0,27,0,0,87,0,87,2,15,97,0,114,108,0,108,222
12/21/2022,SDM,CA,AWP,WE,Federal Contract Tower,1,4,15,0,20,0,0,96,0,96,1,4,111,0,116,136,0,136,252
12/22/2022,SDM,CA,AWP,WE,Federal Contract Tower,0,8,29,0,37,0,1,112,2,115,0,9,141,2,152,148,2,150,302
12/23/2022,SDM,CA,AWP,WE,Federal Contract Tower,0,15,19,0,34,0,0,87,0,87,0,15,106,0,121,208,0,208,329
12/24/2022,SDM,CA,AWP,WE,Federal Contract Tower,0,13,5,0,18,0,0,62,0,62,0,13,67,0,80,106,0,106,186
12/25/2022,SDM,CA,AWP,WE,Federal Contract Tower,0,13,4,0,17,0,0,40,0,40,0,13,44,0,57,0,0,0,57
12/26/2022,SDM,CA,AWP,WE,Federal Contract Tower,1,27,25,0,53,0,0,141,0,141,1,27,166,0,194,94,0,94,288
12/27/2022,SDM,CA,AWP,WE,Federal Contract Tower,0,23,32,0,55,0,0,57,2,59,0,23,89,2,114,86,6,92,206
12/28/2022,SDM,CA,AWP,WE,Federal Contract Tower,0,9,38,0,47,0,1,29,0,30,0,10,67,0,77,118,0,118,195
12/29/2022,SDM,CA,AWP,WE,Federal Contract Tower,0,19,30,0,49,0,0,27,0,27,0,19,57,0,76,50,0,50,126
12/30/2022,SDM,CA,AWP,WE,Federal Contract Tower,0,11,22,0,33,0,0,20,0,20,0,11,42,0,53,58,0,58,111
12/31/2022,SDM,CA,AWP,WE,Federal Contract Tower,0,6,5,0,11,0,0,3,0,3,0,6,8,0,14,70,0,70,84
01/03/2023,SDM,CA,AWP,WE,Federal Contract Tower,0,14,31,0,45,0,0,3,0,3,0,14,34,0,48,28,0,28,76
01/04/2023,SDM,CA,AWP,WE,Federal Contract Tower,0,13,15,0,28,0,0,48,0,48,0,13,63,0,76,178,0,178,254
01/05/2023,SDM,CA,AWP,WE,Federal Contract Tower,0,10,25,0,35,0,0,4,0,4,0,10,29,0,39,28,0,28,67
01/06/2023,SDM,CA,AWP,WE,Federal Contract Tower,0,9,24,1,34,0,0,107,8,115,0,9,131,9,149,142,0,142,291
01/07/2023,SDM,CA,AWP,WE,Federal Contract Tower,0,3,24,1,28,0,0,106,6,112,0,3,130,7,140,196,0,196,336
01/08/2023,SDM,CA,AWP,WE,Federal Contract Tower,0,17,29,1,47,0,2,102,4,108,0,19,131,5,155,170,0,170,325
01/09/2023,SDM,CA,AWP,WE,Federal Contract Tower,2,6,14,0,22,0,0,75,0,75,2,6,89,0,97,242,0,242,339
01/10/2023,SDM,CA,AWP,WE,Federal Contract Tower,0,4,16,1,21,0,0,2,7,9,0,4,18,8,30,0,46,46,76
01/11/2023,SDM,CA,AWP,WE,Federal Contract Tower,2,7,17,0,26,0,1,104,0,105,2,8,121,0,131,122,0,122,253
01/12/2023,SDM,CA,AWP,WE,Federal Contract Tower,3,0,12,0,15,0,0,110,0,110,3,0,122,0,125,180,0,180,305
01/13/2023,SDM,CA,AWP,WE,Federal Contract Tower,1,12,19,1,33,0,0,128,1,129,1,12,147,2,162,176,0,176,338
01/14/2023,SDM,CA,AWP,WE,Federal Contract Tower,0,6,20,0,26,0,0,15,0,15,0,6,35,0,41,78,0,78,119
01/15/2023,SDM,CA,AWP,WE,Federal Contract Tower,0,2,17,3,22,0,0,5,0,5,0,2,22,3,27,44,0,44,71
01/16/2023,SDM,CA,AWP,WE,Federal Contract Tower,0,3,22,1,26,0,0,4,0,4,0,3,26,1,30,32,0,32,62
01/17/2023,SDM,CA,AWP,WE,Federal Contract Tower,0,2,24,0,26,0,1,44,0,45,0,3,68,0,71,112,0,112,183
01/18/2023,SDM,CA,AWP,WE,Federal Contract Tower,0,5,23,1,29,0,0,98,0,98,0,5,121,1,127,106,0,106,233
01/19/2023,SDM,CA,AWP,WE,Federal Contract Tower,0,4,20,0,24,0,0,85,5,90,0,4,105,5,114,164,0,164,278
01/20/2023,SDM,CA,AWP,WE,Federal Contract Tower,0,1,17,0,18,0,0,113,10,123,0,1,130,10,141,142,0,142,283
01/21/2023,SDM,CA,AWP,WE,Federal Contract Tower,0,3,24,0,27,0,0,157,19,176,0,3,181,19,203,176,18,194,397
01/22/2023,SDM,CA,AWP,WE,Federal Contract Tower,0,6,27,0,33,0,0,96,16,112,0,6,123,16,145,56,0,56,201
01/23/2023,SDM,CA,AWP,WE,Federal Contract Tower,0,10,16,0,26,0,0,71,2,73,0,10,87,2,99,174,0,174,273
01/24/2023,SDM,CA,AWP,WE,Federal Contract Tower,0,4,22,0,26,0,0,126,1,127,0,4,148,1,153,290,0,290,443
01/25/2023,SDM,CA,AWP,WE,Federal Contract Tower,0,15,21,0,36,0,0,117,2,119,0,15,138,2,155,218,0,218,373
01/26/2023,SDM,CA,AWP,WE,Federal Contract Tower,0,3,11,0,14,0,0,34,0,34,0,3,45,0,48,72,0,72,120
01/27/2023,SDM,CA,AWP,WE,Federal Contract Tower,0,3,25,0,28,0,0,119,6,125,0,3,144,6,153,174,24,198,351
01/28/2023,SDM,CA,AWP,WE,Federal Contract Tower,0,6,17,1,24,0,0,83,3,86,0,6,100,4,110,140,0,140,250
01/29/2023,SDM,CA,AWP,WE,Federal Contract Tower,0,5,27,12,44,0,0,13,2,15,0,5,40,14,59,22,0,22,81
01/30/2023,SDM,CA,AWP,WE,Federal Contract Tower,0,3,17,0,20,0,0,8,2,10,0,3,25,2,30,8,2,10,40
01/31/2023,SDM,CA,AWP,WE,Federal Contract Tower,0,12,19,0,31,0,1,116,0,117,0,13,135,0,148,360,0,360,508
02/01/2023,SDM,CA,AWP,WE,Federal Contract Tower,0,11,22,2,35,0,0,113,3,116,0,11,135,5,151,200,0,200,351
02/02/2023,SDM,CA,AWP,WE,Federal Contract Tower,0,7,21,0,28,0,0,115,2,117,0,7,136,2,145,280,0,280,425
02/03/2023,SDM,CA,AWP,WE,Federal Contract Tower,0,0,16,0,16,0,0,112,3,115,0,0,128,3,131,268,0,268,399
02/04/2023,SDM,CA,AWP,WE,Federal Contract Tower,0,9,20,1,30,0,0,136,5,141,0,9,156,6,171,200,0,200,371
02/05/2023,SDM,CA,AWP,WE,Federal Contract Tower,0,7,17,3,27,0,0,53,3,56,0,7,70,6,83,112,0,112,195
02/06/2023,SDM,CA,AWP,WE,Federal Contract Tower,0,5,15,0,20,0,1,105,1,107,0,6,120,1,127,356,0,356,483
02/07/2023,SDM,CA,AWP,WE,Federal Contract Tower,0,3,22,0,25,0,0,99,2,101,0,3,121,2,126,204,0,204,330
02/09/2023,SDM,CA,AWP,WE,Federal Contract Tower,0,6,26,0,32,0,0,91,2,93,0,6,117,2,125,102,0,102,227
02/10/2023,SDM,CA,AWP,WE,Federal Contract Tower,2,10,20,4,36,0,0,96,6,102,2,10,116,10,138,124,0,124,262
02/11/2023,SDM,CA,AWP,WE,Federal Contract Tower,0,7,24,9,40,0,0,107,7,114,0,7,131,16,154,114,0,114,268
02/12/2023,SDM,CA,AWP,WE,Federal Contract Tower,0,13,26,5,44,0,0,67,3,70,0,13,93,8,114,228,0,228,342
02/13/2023,SDM,CA,AWP,WE,Federal Contract Tower,0,4,27,0,31,0,2,51,0,53,0,6,78,0,84,132,0,132,216
02/14/2023,SDM,CA,AWP,WE,Federal Contract Tower,0,3,15,3,21,0,0,13,4,17,0,3,28,7,38,6,8,14,52
02/15/2023,SDM,CA,AWP,WE,Federal Contract Tower,0,10,15,0,25,0,0,99,0,99,0,10,114,0,124,288,0,288,412
02/16/2023,SDM,CA,AWP,WE,Federal Contract Tower,0,12,13,1,26,0,1,82,3,86,0,13,95,4,112,150,0,150,262
02/17/2023,SDM,CA,AWP,WE,Federal Contract Tower,1,23,19,2,45,0,0,96,6,102,1,23,115,8,147,232,2,234,381
02/18/2023,SDM,CA,AWP,WE,Federal Contract Tower,1,3,16,1,21,0,0,132,0,132,1,3,148,1,153,138,0,138,291
02/19/2023,SDM,CA,AWP,WE,Federal Contract Tower,0,9,35,1,45,0,0,75,2,77,0,9,110,3,122,84,4,88,210
02/20/2023,SDM,CA,AWP,WE,Federal Contract Tower,0,12,25,1,38,0,0,113,2,115,0,12,138,3,153,188,6,194,347
02/21/2023,SDM,CA,AWP,WE,Federal Contract Tower,1,4,17,0,22,0,0,34,0,34,1,4,51,0,56,138,0,138,194
02/22/2023,SDM,CA,AWP,WE,Federal Contract Tower,0,13,10,0,23,0,0,10,0,10,0,13,20,0,33,0,0,0,33
02/23/2023,SDM,CA,AWP,WE,Federal Contract Tower,0,13,8,0,21,0,1,19,0,20,0,14,27,0,41,42,0,42,83
02/24/2023,SDM,CA,AWP,WE,Federal Contract Tower,0,10,10,4,24,0,0,18,8,26,0,10,28,12,50,60,2,62,112
02/25/2023,SDM,CA,AWP,WE,Federal Contract Tower,0,2,8,0,10,0,0,0,0,0,0,2,8,0,10,14,0,14,24
02/26/2023,SDM,CA,AWP,WE,Federal Contract Tower,0,11,29,4,44,0,0,80,0,80,0,11,109,4,124,116,0,116,240
02/27/2023,SDM,CA,AWP,WE,Federal Contract Tower,0,6,27,0,33,0,0,85,0,85,0,6,112,0,118,178,0,178,296
02/28/2023,SDM,CA,AWP,WE,Federal Contract Tower,0,11,12,0,23,0,0,49,2,51,0,11,61,2,74,46,0,46,120
03/01/2023,SDM,CA,AWP,WE,Federal Contract Tower,0,0,4,0,4,0,0,4,0,4,0,0,8,0,8,6,0,6,14
03/02/2023,SDM,CA,AWP,WE,Federal Contract Tower,0,4,22,0,26,0,4,123,0,127,0,8,145,0,153,198,0,198,351
03/03/2023,SDM,CA,AWP,WE,Federal Contract Tower,3,5,21,3,32,0,0,111,12,123,3,5,132,15,155,224,12,236,391
03/04/2023,SDM,CA,AWP,WE,Federal Contract Tower,0,7,12,0,19,0,0,56,0,56,0,7,68,0,75,166,0,166,241
03/05/2023,SDM,CA,AWP,WE,Federal Contract Tower,0,18,27,8,53,0,4,83,4,91,0,22,110,12,144,148,0,148,292
03/06/2023,SDM,CA,AWP,WE,Federal Contract Tower,0,3,13,1,17,0,1,109,0,110,0,4,122,1,127,194,0,194,321
03/07/2023,SDM,CA,AWP,WE,Federal Contract Tower,0,9,21,2,32,0,0,82,6,88,0,9,103,8,120,202,8,210,330
03/08/2023,SDM,CA,AWP,WE,Federal Contract Tower,0,3,30,2,35,0,2,105,2,109,0,5,135,4,144,214,0,214,358
03/09/2023,SDM,CA,AWP,WE,Federal Contract Tower,0,0,9,0,9,0,0,130,2,132,0,0,139,2,141,186,8,194,335
03/10/2023,SDM,CA,AWP,WE,Federal Contract Tower,0,0,19,1,20,0,0,24,1,25,0,0,43,2,45,108,0,108,153
03/11/2023,SDM,CA,AWP,WE,Federal Contract Tower,0,7,12,9,28,0,0,0,0,0,0,7,12,9,28,0,0,0,28
03/12/2023,SDM,CA,AWP,WE,Federal Contract Tower,0,7,35,0,42,0,0,85,0,85,0,7,120,0,127,78,0,78,205
03/13/2023,SDM,CA,AWP,WE,Federal Contract Tower,0,10,14,2,26,0,2,18,0,20,0,12,32,2,46,28,0,28,74
03/14/2023,SDM,CA,AWP,WE,Federal Contract Tower,0,8,8,0,16,0,3,24,4,31,0,11,32,4,47,22,0,22,69
03/15/2023,SDM,CA,AWP,WE,Federal Contract Tower,0,2,11,0,13,0,0,2,0,2,0,2,13,0,15,0,0,0,15
03/16/2023,SDM,CA,AWP,WE,Federal Contract Tower,0,8,19,0,27,0,0,95,0,95,0,8,114,0,122,238,0,238,360
03/17/2023,SDM,CA,AWP,WE,Federal Contract Tower,0,5,24,9,38,0,4,98,1,103,0,9,122,10,141,284,6,290,431
03/18/2023,SDM,CA,AWP,WE,Federal Contract Tower,0,6,17,0,23,0,0,133,1,134,0,6,150,1,157,236,0,236,393
03/19/2023,SDM,CA,AWP,WE,Federal Contract Tower,0,9,22,6,37,0,0,49,4,53,0,9,71,10,90,128,0,128,218
03/20/2023,SDM,CA,AWP,WE,Federal Contract Tower,0,7,12,0,19,0,0,12,0,12,0,7,24,0,31,86,0,86,117
03/21/2023,SDM,CA,AWP,WE,Federal Contract Tower,0,3,11,0,14,0,0,5,0,5,0,3,16,0,19,0,0,0,19
03/22/2023,SDM,CA,AWP,WE,Federal Contract Tower,0,4,9,0,13,0,0,56,0,56,0,4,65,0,69,216,0,216,285
03/23/2023,SDM,CA,AWP,WE,Federal Contract Tower,0,7,23,2,32,0,0,23,2,25,0,7,46,4,57,78,0,78,135
03/24/2023,SDM,CA,AWP,WE,Federal Contract Tower,0,9,16,0,25,0,0,134,9,143,0,9,150,9,168,348,0,348,516
03/25/2023,SDM,CA,AWP,WE,Federal Contract Tower,0,5,16,3,24,0,2,89,12,103,0,7,105,15,127,140,2,142,269
03/26/2023,SDM,CA,AWP,WE,Federal Contract Tower,0,12,28,0,40,0,0,104,27,131,0,12,132,27,171,126,4,130,301
03/27/2023,SDM,CA,AWP,WE,Federal Contract Tower,0,4,16,1,21,0,0,59,10,69,0,4,75,11,90,98,0,98,188
03/28/2023,SDM,CA,AWP,WE,Federal Contract Tower,0,3,14,0,17,0,0,80,19,99,0,3,94,19,116,18,0,18,134
03/29/2023,SDM,CA,AWP,WE,Federal Contract Tower,0,4,22,2,28,0,0,19,0,19,0,4,41,2,47,6,0,6,53
03/30/2023,SDM,CA,AWP,WE,Federal Contract Tower,0,2,13,5,20,0,3,26,2,31,0,5,39,7,51,108,4,112,163
03/31/2023,SDM,CA,AWP,WE,Federal Contract Tower,0,12,23,2,37,0,4,115,8,127,0,16,138,10,164,256,2,258,422
04/01/2023,SDM,CA,AWP,WE,Federal Contract Tower,0,12,27,0,39,0,0,179,8,187,0,12,206,8,226,176,0,176,402
04/02/2023,SDM,CA,AWP,WE,Federal Contract Tower,0,17,36,2,55,0,0,97,2,99,0,17,133,4,154,124,0,124,278
04/03/2023,SDM,CA,AWP,WE,Federal Contract Tower,0,6,19,1,26,0,1,21,2,24,0,7,40,3,50,108,0,108,158
04/04/2023,SDM,CA,AWP,WE,Federal Contract Tower,0,11,18,0,29,0,0,86,2,88,0,11,104,2,117,128,0,128,245
04/05/2023,SDM,CA,AWP,WE,Federal Contract Tower,0,4,21,0,25,0,2,91,0,93,0,6,112,0,118,162,0,162,280
04/06/2023,SDM,CA,AWP,WE,Federal Contract Tower,0,1,26,0,27,0,0,106,2,108,0,1,132,2,135,228,0,228,363
04/07/2023,SDM,CA,AWP,WE,Federal Contract Tower,0,6,25,1,32,0,0,123,18,141,0,6,148,19,173,242,18,260,433
04/08/2023,SDM,CA,AWP,WE,Federal Contract Tower,0,7,22,1,30,0,1,101,6,108,0,8,123,7,138,226,0,226,364
04/09/2023,SDM,CA,AWP,WE,Federal Contract Tower,0,10,34,3,47,0,0,79,12,91,0,10,113,15,138,104,0,104,242
04/10/2023,SDM,CA,AWP,WE,Federal Contract Tower,0,5,21,1,27,0,0,67,0,67,0,5,88,1,94,128,0,128,222
04/11/2023,SDM,CA,AWP,WE,Federal Contract Tower,0,3,29,3,35,0,1,57,0,58,0,4,86,3,93,206,0,206,299
04/12/2023,SDM,CA,AWP,WE,Federal Contract Tower,0,9,20,3,32,0,0,7,2,9,0,9,27,5,41,56,0,56,97
04/13/2023,SDM,CA,AWP,WE,Federal Contract Tower,0,7,20,1,28,0,0,25,2,27,0,7,45,3,55,96,10,106,161
04/14/2023,SDM,CA,AWP,WE,Federal Contract Tower,0,12,22,6,40,0,0,52,9,61,0,12,74,15,101,188,0,188,289
04/15/2023,SDM,CA,AWP,WE,Federal Contract Tower,0,12,28,3,43,0,0,139,8,147,0,12,167,11,190,242,0,242,432
04/16/2023,SDM,CA,AWP,WE,Federal Contract Tower,0,14,60,5,79,0,0,8,0,8,0,14,68,5,87,22,0,22,109
04/17/2023,SDM,CA,AWP,WE,Federal Contract Tower,0,4,20,2,26,0,0,12,0,12,0,4,32,2,38,42,0,42,80
04/18/2023,SDM,CA,AWP,WE,Federal Contract Tower,0,9,26,0,35,0,1,73,28,102,0,10,99,28,137,184,0,184,321
04/19/2023,SDM,CA,AWP,WE,Federal Contract Tower,0,9,27,0,36,0,2,124,34,160,0,11,151,34,196,196,0,196,392
04/20/2023,SDM,CA,AWP,WE,Federal Contract Tower,0,11,22,0,33,0,0,88,24,112,0,11,110,24,145,212,0,212,357
04/21/2023,SDM,CA,AWP,WE,Federal Contract Tower,0,1,25,5,31,0,0,106,22,128,0,1,131,27,159,264,12,276,435
04/22/2023,SDM,CA,AWP,WE,Federal Contract Tower,0,8,18,6,32,0,0,89,6,95,0,8,107,12,127,146,0,146,273
04/23/2023,SDM,CA,AWP,WE,Federal Contract Tower,0,13,34,4,51,0,0,63,4,67,0,13,97,8,118,148,0,148,266
04/24/2023,SDM,CA,AWP,WE,Federal Contract Tower,0,4,29,0,33,0,0,60,0,60,0,4,89,0,93,136,0,136,229
04/25/2023,SDM,CA,AWP,WE,Federal Contract Tower,0,5,15,0,20,0,0,40,0,40,0,5,55,0,60,110,0,110,170
04/26/2023,SDM,CA,AWP,WE,Federal Contract Tower,0,4,19,1,24,0,2,75,0,77,0,6,94,1,101,244,0,244,345
04/27/2023,SDM,CA,AWP,WE,Federal Contract Tower,0,7,20,0,27,0,1,87,1,89,0,8,107,1,116,144,0,144,260
04/28/2023,SDM,CA,AWP,WE,Federal Contract Tower,0,8,19,7,34,0,0,66,14,80,0,8,85,21,114,118,4,122,236
04/29/2023,SDM,CA,AWP,WE,Federal Contract Tower,0,2,27,4,33,0,0,85,9,94,0,2,112,13,127,98,0,98,225
04/30/2023,SDM,CA,AWP,WE,Federal Contract Tower,0,11,30,12,53,0,0,23,2,25,0,11,53,14,78,52,6,58,136
05/01/2023,SDM,CA,AWP,WE,Federal Contract Tower,0,9,23,2,34,0,0,30,0,30,0,9,53,2,64,96,0,96,160
05/02/2023,SDM,CA,AWP,WE,Federal Contract Tower,0,8,26,0,34,0,0,47,0,47,0,8,73,0,81,174,0,174,255
05/03/2023,SDM,CA,AWP,WE,Federal Contract Tower,0,3,23,0,26,0,0,68,2,70,0,3,91,2,96,322,4,326,422
05/04/2023,SDM,CA,AWP,WE,Federal Contract Tower,0,1,7,2,10,0,0,24,5,29,0,1,31,7,39,36,0,36,75
05/05/2023,SDM,CA,AWP,WE,Federal Contract Tower,0,2,24,7,33,0,0,48,6,54,0,2,72,13,87,92,2,94,181
05/06/2023,SDM,CA,AWP,WE,Federal Contract Tower,0,12,19,2,33,0,0,131,14,145,0,12,150,16,178,162,0,162,340
05/07/2023,SDM,CA,AWP,WE,Federal Contract Tower,0,7,33,5,45,0,2,111,12,125,0,9,144,17,170,92,6,98,268
05/08/2023,SDM,CA,AWP,WE,Federal Contract Tower,0,2,26,0,28,0,0,82,4,86,0,2,108,4,114,332,18,350,464
05/09/2023,SDM,CA,AWP,WE,Federal Contract Tower,0,3,34,2,39,0,0,86,2,88,0,3,120,4,127,288,0,288,415
05/10/2023,SDM,CA,AWP,WE,Federal Contract Tower,1,5,27,3,36,0,2,68,0,70,1,7,95,3,106,234,0,234,340
05/11/2023,SDM,CA,AWP,WE,Federal Contract Tower,0,6,31,0,37,0,0,75,2,77,0,6,106,2,114,240,0,240,354
05/12/2023,SDM,CA,AWP,WE,Federal Contract Tower,0,11,21,5,37,0,0,68,5,73,0,11,89,10,110,120,0,120,230
05/13/2023,SDM,CA,AWP,WE,Federal Contract Tower,0,4,22,6,32,0,0,28,8,36,0,4,50,14,68,68,0,68,136
05/14/2023,SDM,CA,AWP,WE,Federal Contract Tower,0,13,25,7,45,0,0,13,0,13,0,13,38,7,58,74,0,74,132
05/15/2023,SDM,CA,AWP,WE,Federal Contract Tower,0,5,28,1,34,0,0,71,0,71,0,5,99,1,105,144,0,144,249
05/16/2023,SDM,CA,AWP,WE,Federal Contract Tower,0,8,16,2,26,0,0,80,15,95,0,8,96,17,121,216,0,216,337
05/17/2023,SDM,CA,AWP,WE,Federal Contract Tower,0,9,31,2,42,0,0,3,0,3,0,9,34,2,45,56,0,56,101
05/18/2023,SDM,CA,AWP,WE,Federal Contract Tower,0,9,30,3,42,0,0,43,5,48,0,9,73,8,90,162,0,162,252
05/19/2023,SDM,CA,AWP,WE,Federal Contract Tower,0,6,26,5,37,0,2,39,0,41,0,8,65,5,78,180,0,180,258
05/20/2023,SDM,CA,AWP,WE,Federal Contract Tower,0,2,24,6,32,0,2,13,0,15,0,4,37,6,47,92,0,92,139
05/21/2023,SDM,CA,AWP,WE,Federal Contract Tower,0,12,41,4,57,0,0,44,2,46,0,12,85,6,103,164,0,164,267
05/22/2023,SDM,CA,AWP,WE,Federal Contract Tower,0,3,27,0,30,0,0,0,0,0,0,3,27,0,30,2,0,2,32
05/23/2023,SDM,CA,AWP,WE,Federal Contract Tower,0,4,18,6,28,0,0,4,0,4,0,4,22,6,32,68,2,70,102
05/24/2023,SDM,CA,AWP,WE,Federal Contract Tower,0,11,19,1,31,0,0,17,1,18,0,11,36,2,49,138,0,138,187
05/25/2023,SDM,CA,AWP,WE,Federal Contract Tower,0,6,29,2,37,0,0,86,8,94,0,6,115,10,131,218,0,218,349
05/27/2023,SDM,CA,AWP,WE,Federal Contract Tower,0,2,10,1,13,0,4,89,0,93,0,6,99,1,106,242,0,242,348
05/28/2023,SDM,CA,AWP,WE,Federal Contract Tower,0,4,24,0,28,0,0,32,0,32,0,4,56,0,60,288,0,288,348
05/29/2023,SDM,CA,AWP,WE,Federal Contract Tower,0,13,30,5,48,0,1,9,0,10,0,14,39,5,58,238,0,238,296
05/30/2023,SDM,CA,AWP,WE,Federal Contract Tower,0,4,28,3,35,0,0,35,0,35,0,4,63,3,70,154,0,154,224
05/31/2023,SDM,CA,AWP,WE,Federal Contract Tower,1,1,27,6,35,0,0,49,0,49,1,1,76,6,84,174,0,174,258
06/01/2023,SDM,CA,AWP,WE,Federal Contract Tower,0,3,26,3,32,0,0,18,0,18,0,3,44,3,50,134,0,134,184
06/02/2023,SDM,CA,AWP,WE,Federal Contract Tower,0,4,20,0,24,0,0,84,8,92,0,4,104,8,116,172,0,172,288
06/03/2023,SDM,CA,AWP,WE,Federal Contract Tower,0,1,9,1,11,0,0,43,0,43,0,1,52,1,54,48,0,48,102
06/04/2023,SDM,CA,AWP,WE,Federal Contract Tower,0,10,23,0,33,0,0,111,0,111,0,10,134,0,144,96,0,96,240
06/05/2023,SDM,CA,AWP,WE,Federal Contract Tower,0,7,29,0,36,0,0,36,2,38,0,7,65,2,74,196,0,196,270
06/06/2023,SDM,CA,AWP,WE,Federal Contract Tower,2,7,16,0,25,0,1,85,0,86,2,8,101,0,111,152,0,152,263
06/07/2023,SDM,CA,AWP,WE,Federal Contract Tower,0,5,30,0,35,0,0,77,0,77,0,5,107,0,112,310,0,310,422
06/08/2023,SDM,CA,AWP,WE,Federal Contract Tower,0,6,40,0,46,0,0,83,2,85,0,6,123,2,131,170,0,170,301
06/09/2023,SDM,CA,AWP,WE,Federal Contract Tower,0,6,22,0,28,0,0,62,2,64,0,6,84,2,92,152,0,152,244
06/10/2023,SDM,CA,AWP,WE,Federal Contract Tower,0,5,9,3,17,0,0,6,0,6,0,5,15,3,23,88,0,88,111
06/11/2023,SDM,CA,AWP,WE,Federal Contract Tower,0,9,15,2,26,0,0,11,0,11,0,9,26,2,37,8,0,8,45
06/12/2023,SDM,CA,AWP,WE,Federal Contract Tower,0,7,24,1,32,0,0,31,0,31,0,7,55,1,63,186,0,186,249
06/13/2023,SDM,CA,AWP,WE,Federal Contract Tower,0,8,24,0,32,0,3,23,2,28,0,11,47,2,60,190,0,190,250
06/14/2023,SDM,CA,AWP,WE,Federal Contract Tower,0,6,23,0,29,0,2,53,4,59,0,8,76,4,88,240,0,240,328
06/15/2023,SDM,CA,AWP,WE,Federal Contract Tower,0,7,19,2,28,0,0,66,9,75,0,7,85,11,103,158,0,158,261
06/16/2023,SDM,CA,AWP,WE,Federal Contract Tower,0,6,31,4,41,0,1,117,15,133,0,7,148,19,174,252,4,256,430
06/17/2023,SDM,CA,AWP,WE,Federal Contract Tower,0,3,19,0,22,0,2,140,10,152,0,5,159,10,174,160,0,160,334
06/18/2023,SDM,CA,AWP,WE,Federal Contract Tower,0,8,17,1,26,0,2,75,3,80,0,10,92,4,106,106,0,106,212
06/19/2023,SDM,CA,AWP,WE,Federal Contract Tower,0,7,21,3,31,0,0,68,4,72,0,7,89,7,103,158,0,158,261
06/20/2023,SDM,CA,AWP,WE,Federal Contract Tower,0,6,31,2,39,0,2,98,3,103,0,8,129,5,142,118,30,148,290
06/21/2023,SDM,CA,AWP,WE,Federal Contract Tower,1,10,32,0,43,0,2,94,0,96,1,12,126,0,139,198,0,198,337
06/22/2023,SDM,CA,AWP,WE,Federal Contract Tower,1,11,26,0,38,0,0,70,0,70,1,11,96,0,108,232,0,232,340
06/23/2023,SDM,CA,AWP,WE,Federal Contract Tower,0,8,18,0,26,0,0,103,0,103,0,8,121,0,129,186,0,186,315
06/24/2023,SDM,CA,AWP,WE,Federal Contract Tower,0,5,19,0,24,0,0,108,0,108,0,5,127,0,132,148,0,148,280
06/25/2023,SDM,CA,AWP,WE,Federal Contract Tower,0,7,28,0,35,0,0,104,4,108,0,7,132,4,143,76,0,76,219
06/26/2023,SDM,CA,AWP,WE,Federal Contract Tower,0,5,28,0,33,0,0,86,0,86,0,5,114,0,119,192,0,192,311
06/27/2023,SDM,CA,AWP,WE,Federal Contract Tower,0,5,20,0,25,0,0,105,0,105,0,5,125,0,130,180,0,180,310
06/28/2023,SDM,CA,AWP,WE,Federal Contract Tower,0,4,35,0,39,0,0,109,0,109,0,4,144,0,148,208,0,208,356
06/29/2023,SDM,CA,AWP,WE,Federal Contract Tower,0,3,22,0,25,0,0,90,0,90,0,3,112,0,115,148,0,148,263
06/30/2023,SDM,CA,AWP,WE,Federal Contract Tower,0,6,11,4,21,0,0,116,11,127,0,6,127,15,148,196,0,196,344
07/01/2023,SDM,CA,AWP,WE,Federal Contract Tower,0,5,31,0,36,0,0,116,0,116,0,5,147,0,152,116,0,116,268
07/02/2023,SDM,CA,AWP,WE,Federal Contract Tower,0,3,9,0,12,0,0,103,0,103,0,3,112,0,115,192,0,192,307
07/03/2023,SDM,CA,AWP,WE,Federal Contract Tower,0,3,12,1,16,0,0,77,2,79,0,3,89,3,95,120,0,120,215
07/04/2023,SDM,CA,AWP,WE,Federal Contract Tower,0,3,4,0,7,0,0,88,8,96,0,3,92,8,103,86,0,86,189
07/05/2023,SDM,CA,AWP,WE,Federal Contract Tower,0,8,20,0,28,0,0,77,5,82,0,8,97,5,110,206,0,206,316
07/06/2023,SDM,CA,AWP,WE,Federal Contract Tower,0,5,20,0,25,0,0,83,1,84,0,5,103,1,109,192,0,192,301
07/07/2023,SDM,CA,AWP,WE,Federal Contract Tower,0,11,39,0,50,0,1,113,8,122,0,12,152,8,172,274,0,274,446
07/08/2023,SDM,CA,AWP,WE,Federal Contract Tower,0,1,13,0,14,0,8,149,8,165,0,9,162,8,179,174,0,174,353
07/09/2023,SDM,CA,AWP,WE,Federal Contract Tower,0,7,15,4,26,0,0,86,5,91,0,7,101,9,117,178,0,178,295
07/10/2023,SDM,CA,AWP,WE,Federal Contract Tower,0,6,6,0,12,0,0,66,1,67,0,6,72,1,79,136,0,136,215
07/11/2023,SDM,CA,AWP,WE,Federal Contract Tower,3,2,10,0,15,0,4,68,2,74,3,6,78,2,89,174,0,174,263
07/12/2023,SDM,CA,AWP,WE,Federal Contract Tower,0,3,20,0,23,0,4,89,4,97,0,7,109,4,120,134,0,134,254
07/13/2023,SDM,CA,AWP,WE,Federal Contract Tower,0,10,15,0,25,0,0,112,0,112,0,10,127,0,137,188,0,188,325
07/14/2023,SDM,CA,AWP,WE,Federal Contract Tower,0,2,18,0,20,0,4,88,6,98,0,6,106,6,118,138,0,138,256
07/15/2023,SDM,CA,AWP,WE,Federal Contract Tower,0,2,19,1,22,0,0,98,12,110,0,2,117,13,132,196,0,196,328
07/16/2023,SDM,CA,AWP,WE,Federal Contract Tower,0,7,18,4,29,0,0,98,6,104,0,7,116,10,133,162,0,162,295
07/17/2023,SDM,CA,AWP,WE,Federal Contract Tower,0,4,22,1,27,0,0,74,2,76,0,4,96,3,103,138,6,144,247
07/18/2023,SDM,CA,AWP,WE,Federal Contract Tower,0,8,11,1,20,0,0,91,0,91,0,8,102,1,111,72,0,72,183
07/19/2023,SDM,CA,AWP,WE,Federal Contract Tower,2,5,13,0,20,0,0,91,2,93,2,5,104,2,113,148,0,148,261
07/21/2023,SDM,CA,AWP,WE,Federal Contract Tower,0,6,13,3,22,0,0,73,8,81,0,6,86,11,103,260,2,262,365
07/22/2023,SDM,CA,AWP,WE,Federal Contract Tower,0,4,13,2,19,0,2,101,0,103,0,6,114,2,122,118,0,118,240
07/23/2023,SDM,CA,AWP,WE,Federal Contract Tower,0,7,22,3,32,0,0,50,0,50,0,7,72,3,82,36,0,36,118
07/24/2023,SDM,CA,AWP,WE,Federal Contract Tower,0,2,7,0,9,0,4,66,2,72,0,6,73,2,81,136,0,136,217
07/25/2023,SDM,CA,AWP,WE,Federal Contract Tower,0,3,17,0,20,0,2,84,10,96,0,5,101,10,116,132,28,160,276
07/26/2023,SDM,CA,AWP,WE,Federal Contract Tower,0,0,22,0,22,0,1,124,7,132,0,1,146,7,154,218,0,218,372
07/27/2023,SDM,CA,AWP,WE,Federal Contract Tower,0,0,28,4,32,0,0,89,10,99,0,0,117,14,131,166,0,166,297
07/28/2023,SDM,CA,AWP,WE,Federal Contract Tower,0,1,23,8,32,0,5,67,6,78,0,6,90,14,110,140,0,140,250
07/29/2023,SDM,CA,AWP,WE,Federal Contract Tower,0,4,21,4,29,0,0,127,6,133,0,4,148,10,162,116,0,116,278
07/30/2023,SDM,CA,AWP,WE,Federal Contract Tower,0,6,25,2,33,0,1,87,8,96,0,7,112,10,129,80,0,80,209
07/31/2023,SDM,CA,AWP,WE,Federal Contract Tower,0,3,11,1,15,0,0,46,2,48,0,3,57,3,63,128,0,128,191
08/01/2023,SDM,CA,AWP,WE,Federal Contract Tower,0,5,7,1,13,0,0,84,12,96,0,5,91,13,109,92,0,92,201
08/02/2023,SDM,CA,AWP,WE,Federal Contract Tower,0,6,24,0,30,0,0,99,4,103,0,6,123,4,133,144,0,144,277
08/03/2023,SDM,CA,AWP,WE,Federal Contract Tower,0,3,14,1,18,0,2,74,10,86,0,5,88,11,104,176,0,176,280
08/04/2023,SDM,CA,AWP,WE,Federal Contract Tower,0,3,19,2,24,0,0,115,9,124,0,3,134,11,148,216,0,216,364
08/05/2023,SDM,CA,AWP,WE,Federal Contract Tower,0,0,28,1,29,0,0,127,10,137,0,0,155,11,166,144,0,144,310
08/06/2023,SDM,CA,AWP,WE,Federal Contract Tower,0,6,13,3,22,0,1,113,12,126,0,7,126,15,148,110,0,110,258
08/07/2023,SDM,CA,AWP,WE,Federal Contract Tower,0,4,9,2,15,0,0,67,0,67,0,4,76,2,82,110,0,110,192
08/08/2023,SDM,CA,AWP,WE,Federal Contract Tower,0,4,11,0,15,0,0,76,4,80,0,4,87,4,95,116,0,116,211
08/09/2023,SDM,CA,AWP,WE,Federal Contract Tower,0,9,15,3,27,0,2,124,4,130,0,11,139,7,157,252,0,252,409
08/10/2023,SDM,CA,AWP,WE,Federal Contract Tower,0,4,28,1,33,0,0,39,0,39,0,4,67,1,72,166,0,166,238
08/11/2023,SDM,CA,AWP,WE,Federal Contract Tower,0,4,13,6,23,0,0,78,7,85,0,4,91,13,108,190,0,190,298
08/12/2023,SDM,CA,AWP,WE,Federal Contract Tower,0,6,24,2,32,0,0,107,0,107,0,6,131,2,139,138,0,138,277
08/13/2023,SDM,CA,AWP,WE,Federal Contract Tower,0,6,24,5,35,0,0,93,2,95,0,6,117,7,130,106,6,112,242
08/14/2023,SDM,CA,AWP,WE,Federal Contract Tower,0,5,14,2,21,0,2,53,6,61,0,7,67,8,82,68,2,70,152
08/15/2023,SDM,CA,AWP,WE,Federal Contract Tower,0,3,20,0,23,0,0,72,2,74,0,3,92,2,97,140,0,140,237
08/16/2023,SDM,CA,AWP,WE,Federal Contract Tower,0,9,12,1,22,0,0,100,6,106,0,9,112,7,128,250,18,268,396
08/17/2023,SDM,CA,AWP,WE,Federal Contract Tower,0,8,21,0,29,0,0,124,4,128,0,8,145,4,157,234,20,254,411
08/18/2023,SDM,CA,AWP,WE,Federal Contract Tower,0,5,15,0,20,0,0,139,0,139,0,5,154,0,159,180,0,180,339
08/19/2023,SDM,CA,AWP,WE,Federal Contract Tower,0,6,14,0,20,0,1,55,0,56,0,7,69,0,76,112,0,112,188
08/20/2023,SDM,CA,AWP,WE,Federal Contract Tower,1,0,0,0,1,0,0,0,0,0,1,0,0,0,1,0,0,0,1
08/21/2023,SDM,CA,AWP,WE,Federal Contract Tower,0,0,9,0,9,0,0,19,0,19,0,0,28,0,28,60,0,60,88
08/22/2023,SDM,CA,AWP,WE,Federal Contract Tower,0,9,16,0,25,0,2,59,0,61,0,11,75,0,86,78,0,78,164
08/23/2023,SDM,CA,AWP,WE,Federal Contract Tower,0,5,20,0,25,0,0,99,0,99,0,5,119,0,124,92,0,92,216
08/24/2023,SDM,CA,AWP,WE,Federal Contract Tower,0,3,30,0,33,0,4,80,2,86,0,7,110,2,119,204,0,204,323
08/25/2023,SDM,CA,AWP,WE,Federal Contract Tower,0,3,31,0,34,0,1,86,0,87,0,4,117,0,121,260,0,260,381
08/26/2023,SDM,CA,AWP,WE,Federal Contract Tower,0,6,18,5,29,0,2,133,8,143,0,8,151,13,172,176,0,176,348
08/27/2023,SDM,CA,AWP,WE,Federal Contract Tower,0,5,12,1,18,0,0,115,17,132,0,5,127,18,150,144,0,144,294
08/28/2023,SDM,CA,AWP,WE,Federal Contract Tower,0,10,12,4,26,0,0,103,8,111,0,10,115,12,137,176,0,176,313
08/29/2023,SDM,CA,AWP,WE,Federal Contract Tower,0,4,21,2,27,0,1,83,5,89,0,5,104,7,116,102,10,112,228
08/30/2023,SDM,CA,AWP,WE,Federal Contract Tower,0,1,28,0,29,0,0,65,4,69,0,1,93,4,98,132,4,136,234
08/31/2023,SDM,CA,AWP,WE,Federal Contract Tower,0,6,18,0,24,0,0,64,0,64,0,6,82,0,88,106,0,106,194
