01/01/2000,SFF,WA,ANM,WE,Federal Contract Tower,0,2,2,0,4,0,1,4,0,5,0,3,6,0,9,3,0,3,12
01/02/2000,SFF,WA,ANM,WE,Federal Contract Tower,0,1,0,0,1,0,17,0,0,17,0,18,0,0,18,20,0,20,38
01/03/2000,SFF,WA,ANM,WE,Federal Contract Tower,0,6,4,0,10,0,3,24,0,27,0,9,28,0,37,22,0,22,59
01/04/2000,SFF,WA,ANM,WE,Federal Contract Tower,0,8,6,0,14,0,18,21,0,39,0,26,27,0,53,12,0,12,65
01/05/2000,SFF,WA,ANM,WE,Federal Contract Tower,0,13,8,0,21,0,39,76,2,117,0,52,84,2,138,110,0,110,248
01/06/2000,SFF,WA,ANM,WE,Federal Contract Tower,0,14,10,0,24,0,47,59,2,108,0,61,69,2,132,73,0,73,205
01/07/2000,SFF,WA,ANM,WE,Federal Contract Tower,0,17,11,0,28,0,66,57,2,125,0,83,68,2,153,76,0,76,229
01/08/2000,SFF,WA,ANM,WE,Federal Contract Tower,0,7,5,0,12,0,45,33,0,78,0,52,38,0,90,28,0,28,118
01/09/2000,SFF,WA,ANM,WE,Federal Contract Tower,0,1,2,0,3,0,27,2,0,29,0,28,4,0,32,0,0,0,32
01/10/2000,SFF,WA,ANM,WE,Federal Contract Tower,0,11,8,0,19,0,34,28,0,62,0,45,36,0,81,72,0,72,153
01/11/2000,SFF,WA,ANM,WE,Federal Contract Tower,0,11,8,0,19,0,10,13,0,23,0,21,21,0,42,18,0,18,60
01/12/2000,SFF,WA,ANM,WE,Federal Contract Tower,0,15,10,0,25,0,12,27,0,39,0,27,37,0,64,10,0,10,74
01/13/2000,SFF,WA,ANM,WE,Federal Contract Tower,0,13,9,0,22,0,5,9,0,14,0,18,18,0,36,6,0,6,42
01/14/2000,SFF,WA,ANM,WE,Federal Contract Tower,0,9,7,0,16,0,21,14,0,35,0,30,21,0,51,22,0,22,73
01/15/2000,SFF,WA,ANM,WE,Federal Contract Tower,0,8,6,0,14,0,30,127,0,157,0,38,133,0,171,136,0,136,307
01/16/2000,SFF,WA,ANM,WE,Federal Contract Tower,0,2,2,0,4,0,36,29,0,65,0,38,31,0,69,28,0,28,97
01/17/2000,SFF,WA,ANM,WE,Federal Contract Tower,0,13,8,0,21,0,23,116,0,139,0,36,124,0,160,138,2,140,300
01/18/2000,SFF,WA,ANM,WE,Federal Contract Tower,0,7,3,0,10,0,17,97,2,116,0,24,100,2,126,82,0,82,208
01/19/2000,SFF,WA,ANM,WE,Federal Contract Tower,0,15,8,0,23,0,21,58,6,85,0,36,66,6,108,80,0,80,188
01/20/2000,SFF,WA,ANM,WE,Federal Contract Tower,0,17,9,0,26,0,15,1,0,16,0,32,10,0,42,2,0,2,44
01/21/2000,SFF,WA,ANM,WE,Federal Contract Tower,0,17,9,0,26,0,7,5,0,12,0,24,14,0,38,21,0,21,59
01/22/2000,SFF,WA,ANM,WE,Federal Contract Tower,0,10,5,0,15,0,3,3,0,6,0,13,8,0,21,63,0,63,84
01/23/2000,SFF,WA,ANM,WE,Federal Contract Tower,0,7,3,0,10,0,2,100,0,102,0,9,103,0,112,102,0,102,214
01/24/2000,SFF,WA,ANM,WE,Federal Contract Tower,0,11,6,0,17,0,22,74,0,96,0,33,80,0,113,114,0,114,227
01/25/2000,SFF,WA,ANM,WE,Federal Contract Tower,0,19,10,0,29,0,3,18,2,23,0,22,28,2,52,2,0,2,54
01/26/2000,SFF,WA,ANM,WE,Federal Contract Tower,0,7,4,0,11,0,7,1,0,8,0,14,5,0,19,0,0,0,19
01/27/2000,SFF,WA,ANM,WE,Federal Contract Tower,0,21,12,0,33,0,1,13,0,14,0,22,25,0,47,38,0,38,85
01/28/2000,SFF,WA,ANM,WE,Federal Contract Tower,0,9,5,0,14,0,20,41,0,61,0,29,46,0,75,79,0,79,154
01/29/2000,SFF,WA,ANM,WE,Federal Contract Tower,0,9,4,0,13,0,10,75,0,85,0,19,79,0,98,144,0,144,242
01/30/2000,SFF,WA,ANM,WE,Federal Contract Tower,0,10,5,0,15,0,23,125,0,148,0,33,130,0,163,146,0,146,309
01/31/2000,SFF,WA,ANM,WE,Federal Contract Tower,0,10,5,0,15,0,14,17,0,31,0,24,22,0,46,32,0,32,78
02/01/2000,SFF,WA,ANM,WE,Federal Contract Tower,0,9,9,0,18,0,25,8,0,33,0,34,17,0,51,6,0,6,57
02/02/2000,SFF,WA,ANM,WE,Federal Contract Tower,0,6,7,0,13,0,6,31,0,37,0,12,38,0,50,39,0,39,89
02/03/2000,SFF,WA,ANM,WE,Federal Contract Tower,0,10,10,0,20,0,19,63,4,86,0,29,73,4,106,72,0,72,178
02/04/2000,SFF,WA,ANM,WE,Federal Contract Tower,0,9,9,0,18,0,14,74,0,88,0,23,83,0,106,90,0,90,196
02/05/2000,SFF,WA,ANM,WE,Federal Contract Tower,0,6,6,0,12,0,10,140,2,152,0,16,146,2,164,162,0,162,326
02/06/2000,SFF,WA,ANM,WE,Federal Contract Tower,0,6,3,0,9,0,6,0,2,8,0,12,3,2,17,0,0,0,17
02/07/2000,SFF,WA,ANM,WE,Federal Contract Tower,0,14,14,0,28,0,11,25,0,36,0,25,39,0,64,46,0,46,110
02/08/2000,SFF,WA,ANM,WE,Federal Contract Tower,0,8,8,0,16,0,22,63,4,89,0,30,71,4,105,90,0,90,195
02/09/2000,SFF,WA,ANM,WE,Federal Contract Tower,0,9,10,0,19,0,11,102,6,119,0,20,112,6,138,118,0,118,256
02/10/2000,SFF,WA,ANM,WE,Federal Contract Tower,0,3,4,0,7,0,16,88,4,108,0,19,92,4,115,34,0,34,149
02/11/2000,SFF,WA,ANM,WE,Federal Contract Tower,0,10,10,0,20,0,38,25,0,63,0,48,35,0,83,16,0,16,99
02/12/2000,SFF,WA,ANM,WE,Federal Contract Tower,0,8,8,0,16,0,10,1,2,13,0,18,9,2,29,10,0,10,39
02/13/2000,SFF,WA,ANM,WE,Federal Contract Tower,0,8,8,0,16,0,14,46,0,60,0,22,54,0,76,46,0,46,122
02/14/2000,SFF,WA,ANM,WE,Federal Contract Tower,0,7,2,0,9,0,7,0,0,7,0,14,2,0,16,0,0,0,16
02/15/2000,SFF,WA,ANM,WE,Federal Contract Tower,0,7,7,0,14,0,9,51,0,60,0,16,58,0,74,168,0,168,242
02/16/2000,SFF,WA,ANM,WE,Federal Contract Tower,0,6,7,0,13,0,27,60,0,87,0,33,67,0,100,58,0,58,158
02/17/2000,SFF,WA,ANM,WE,Federal Contract Tower,0,8,9,0,17,0,29,99,0,128,0,37,108,0,145,102,0,102,247
02/18/2000,SFF,WA,ANM,WE,Federal Contract Tower,0,12,11,0,23,0,12,64,0,76,0,24,75,0,99,146,0,146,245
02/19/2000,SFF,WA,ANM,WE,Federal Contract Tower,0,8,6,0,14,0,27,146,0,173,0,35,152,0,187,148,0,148,335
02/20/2000,SFF,WA,ANM,WE,Federal Contract Tower,0,6,4,0,10,0,32,166,0,198,0,38,170,0,208,128,0,128,336
02/21/2000,SFF,WA,ANM,WE,Federal Contract Tower,0,10,8,0,18,0,13,37,0,50,0,23,45,0,68,46,0,46,114
02/22/2000,SFF,WA,ANM,WE,Federal Contract Tower,0,7,5,0,12,0,12,47,0,59,0,19,52,0,71,86,0,86,157
02/23/2000,SFF,WA,ANM,WE,Federal Contract Tower,0,10,9,0,19,0,14,9,0,23,0,24,18,0,42,64,0,64,106
02/24/2000,SFF,WA,ANM,WE,Federal Contract Tower,0,15,13,0,28,0,11,37,0,48,0,26,50,0,76,52,0,52,128
02/25/2000,SFF,WA,ANM,WE,Federal Contract Tower,0,13,12,0,25,0,19,72,0,91,0,32,84,0,116,58,0,58,174
02/26/2000,SFF,WA,ANM,WE,Federal Contract Tower,0,16,14,0,30,0,13,13,0,26,0,29,27,0,56,20,0,20,76
02/27/2000,SFF,WA,ANM,WE,Federal Contract Tower,0,4,3,0,7,0,0,5,0,5,0,4,8,0,12,0,0,0,12
02/28/2000,SFF,WA,ANM,WE,Federal Contract Tower,0,6,4,0,10,0,12,18,0,30,0,18,22,0,40,32,0,32,72
02/29/2000,SFF,WA,ANM,WE,Federal Contract Tower,0,12,11,0,23,0,21,60,0,81,0,33,71,0,104,74,0,74,178
03/01/2000,SFF,WA,ANM,WE,Federal Contract Tower,0,14,17,0,31,0,25,96,0,121,0,39,113,0,152,116,0,116,268
03/02/2000,SFF,WA,ANM,WE,Federal Contract Tower,0,15,17,0,32,0,16,45,4,65,0,31,62,4,97,60,0,60,157
03/03/2000,SFF,WA,ANM,WE,Federal Contract Tower,0,15,18,0,33,0,23,71,0,94,0,38,89,0,127,122,0,122,249
03/04/2000,SFF,WA,ANM,WE,Federal Contract Tower,0,8,8,0,16,0,18,32,0,50,0,26,40,0,66,54,0,54,120
03/05/2000,SFF,WA,ANM,WE,Federal Contract Tower,0,14,15,0,29,0,18,23,0,41,0,32,38,0,70,94,0,94,164
03/06/2000,SFF,WA,ANM,WE,Federal Contract Tower,0,10,11,0,21,0,8,12,2,22,0,18,23,2,43,6,0,6,49
03/07/2000,SFF,WA,ANM,WE,Federal Contract Tower,0,10,11,0,21,0,17,111,0,128,0,27,122,0,149,148,0,148,297
03/08/2000,SFF,WA,ANM,WE,Federal Contract Tower,0,9,10,0,19,0,16,93,0,109,0,25,103,0,128,116,0,116,244
03/09/2000,SFF,WA,ANM,WE,Federal Contract Tower,0,14,17,0,31,0,24,47,0,71,0,38,64,0,102,100,0,100,202
03/10/2000,SFF,WA,ANM,WE,Federal Contract Tower,0,9,11,0,20,0,20,143,0,163,0,29,154,0,183,150,0,150,333
03/11/2000,SFF,WA,ANM,WE,Federal Contract Tower,0,8,9,0,17,0,23,35,0,58,0,31,44,0,75,37,0,37,112
03/12/2000,SFF,WA,ANM,WE,Federal Contract Tower,0,4,4,0,8,0,13,131,0,144,0,17,135,0,152,173,0,173,325
03/13/2000,SFF,WA,ANM,WE,Federal Contract Tower,0,7,7,0,14,0,19,62,0,81,0,26,69,0,95,71,0,71,166
03/14/2000,SFF,WA,ANM,WE,Federal Contract Tower,0,6,7,0,13,0,17,34,0,51,0,23,41,0,64,60,0,60,124
03/15/2000,SFF,WA,ANM,WE,Federal Contract Tower,0,10,12,0,22,0,28,146,0,174,0,38,158,0,196,124,0,124,320
03/16/2000,SFF,WA,ANM,WE,Federal Contract Tower,0,5,6,0,11,0,22,34,4,60,0,27,40,4,71,46,0,46,117
03/17/2000,SFF,WA,ANM,WE,Federal Contract Tower,0,10,11,0,21,0,10,45,0,55,0,20,56,0,76,26,0,26,102
03/18/2000,SFF,WA,ANM,WE,Federal Contract Tower,0,2,3,0,5,0,4,44,1,49,0,6,47,1,54,38,0,38,92
03/19/2000,SFF,WA,ANM,WE,Federal Contract Tower,0,1,2,0,3,0,18,53,0,71,0,19,55,0,74,39,0,39,113
03/20/2000,SFF,WA,ANM,WE,Federal Contract Tower,0,5,8,0,13,0,28,96,0,124,0,33,104,0,137,72,0,72,209
03/21/2000,SFF,WA,ANM,WE,Federal Contract Tower,0,9,12,0,21,0,26,112,0,138,0,35,124,0,159,80,0,80,239
03/22/2000,SFF,WA,ANM,WE,Federal Contract Tower,0,5,8,0,13,0,18,91,0,109,0,23,99,0,122,86,0,86,208
03/23/2000,SFF,WA,ANM,WE,Federal Contract Tower,0,4,5,0,9,0,8,83,2,93,0,12,88,2,102,110,0,110,212
03/24/2000,SFF,WA,ANM,WE,Federal Contract Tower,0,8,12,0,20,0,27,171,2,200,0,35,183,2,220,161,0,161,381
03/25/2000,SFF,WA,ANM,WE,Federal Contract Tower,0,6,8,0,14,0,7,140,0,147,0,13,148,0,161,157,0,157,318
03/26/2000,SFF,WA,ANM,WE,Federal Contract Tower,0,6,8,0,14,0,14,193,0,207,0,20,201,0,221,138,0,138,359
03/27/2000,SFF,WA,ANM,WE,Federal Contract Tower,0,6,9,0,15,0,42,66,0,108,0,48,75,0,123,90,0,90,213
03/28/2000,SFF,WA,ANM,WE,Federal Contract Tower,0,12,16,0,28,0,42,35,0,77,0,54,51,0,105,74,0,74,179
03/29/2000,SFF,WA,ANM,WE,Federal Contract Tower,0,8,10,0,18,0,35,84,0,119,0,43,94,0,137,148,0,148,285
03/30/2000,SFF,WA,ANM,WE,Federal Contract Tower,0,6,8,0,14,0,28,110,4,142,0,34,118,4,156,102,0,102,258
03/31/2000,SFF,WA,ANM,WE,Federal Contract Tower,0,4,6,0,10,0,16,154,0,170,0,20,160,0,180,206,0,206,386
04/01/2000,SFF,WA,ANM,WE,Federal Contract Tower,0,8,8,0,16,0,21,168,2,191,0,29,176,2,207,165,1,166,373
04/02/2000,SFF,WA,ANM,WE,Federal Contract Tower,0,1,2,0,3,0,12,150,0,162,0,13,152,0,165,28,0,28,193
04/03/2000,SFF,WA,ANM,WE,Federal Contract Tower,0,2,2,0,4,0,26,114,0,140,0,28,116,0,144,68,0,68,212
04/04/2000,SFF,WA,ANM,WE,Federal Contract Tower,0,8,9,0,17,0,26,67,0,93,0,34,76,0,110,46,0,46,156
04/05/2000,SFF,WA,ANM,WE,Federal Contract Tower,0,8,9,0,17,0,23,66,0,89,0,31,75,0,106,120,0,120,226
04/06/2000,SFF,WA,ANM,WE,Federal Contract Tower,0,8,9,0,17,0,21,62,0,83,0,29,71,0,100,36,0,36,136
04/07/2000,SFF,WA,ANM,WE,Federal Contract Tower,0,6,7,0,13,0,36,187,18,241,0,42,194,18,254,192,2,194,448
04/08/2000,SFF,WA,ANM,WE,Federal Contract Tower,0,3,3,0,6,0,31,218,0,249,0,34,221,0,255,100,0,100,355
04/09/2000,SFF,WA,ANM,WE,Federal Contract Tower,0,4,5,0,9,0,18,157,12,187,0,22,162,12,196,66,0,66,262
04/10/2000,SFF,WA,ANM,WE,Federal Contract Tower,0,4,4,0,8,0,28,100,5,133,0,32,104,5,141,87,0,87,228
04/11/2000,SFF,WA,ANM,WE,Federal Contract Tower,0,5,6,0,11,0,19,115,0,134,0,24,121,0,145,184,0,184,329
04/12/2000,SFF,WA,ANM,WE,Federal Contract Tower,0,9,9,0,18,0,21,109,2,132,0,30,118,2,150,128,0,128,278
04/13/2000,SFF,WA,ANM,WE,Federal Contract Tower,0,9,9,0,18,0,21,24,0,45,0,30,33,0,63,56,0,56,119
04/14/2000,SFF,WA,ANM,WE,Federal Contract Tower,0,13,14,0,27,0,21,8,0,29,0,34,22,0,56,16,0,16,72
04/15/2000,SFF,WA,ANM,WE,Federal Contract Tower,0,6,6,1,13,0,50,35,1,86,0,56,41,2,99,101,0,101,200
04/16/2000,SFF,WA,ANM,WE,Federal Contract Tower,0,6,5,0,11,0,38,43,0,81,0,44,48,0,92,105,0,105,197
04/17/2000,SFF,WA,ANM,WE,Federal Contract Tower,0,6,4,0,10,0,2,81,6,89,0,8,85,6,99,93,0,93,192
04/18/2000,SFF,WA,ANM,WE,Federal Contract Tower,0,7,6,0,13,0,32,135,2,169,0,39,141,2,182,180,0,180,362
04/19/2000,SFF,WA,ANM,WE,Federal Contract Tower,0,10,9,0,19,0,51,130,0,181,0,61,139,0,200,130,0,130,330
04/20/2000,SFF,WA,ANM,WE,Federal Contract Tower,0,7,5,0,12,0,25,127,0,152,0,32,132,0,164,128,0,128,292
04/21/2000,SFF,WA,ANM,WE,Federal Contract Tower,0,10,8,0,18,0,33,160,0,193,0,43,168,0,211,118,0,118,329
04/22/2000,SFF,WA,ANM,WE,Federal Contract Tower,0,12,10,0,22,0,28,52,0,80,0,40,62,0,102,16,0,16,118
04/23/2000,SFF,WA,ANM,WE,Federal Contract Tower,0,2,0,0,2,0,9,46,0,55,0,11,46,0,57,4,0,4,61
04/24/2000,SFF,WA,ANM,WE,Federal Contract Tower,0,9,7,0,16,0,6,67,4,77,0,15,74,4,93,79,0,79,172
04/25/2000,SFF,WA,ANM,WE,Federal Contract Tower,0,14,12,0,26,0,20,46,0,66,0,34,58,0,92,86,0,86,178
04/26/2000,SFF,WA,ANM,WE,Federal Contract Tower,0,12,11,0,23,0,31,107,0,138,0,43,118,0,161,142,0,142,303
04/27/2000,SFF,WA,ANM,WE,Federal Contract Tower,0,10,8,0,18,0,24,105,6,135,0,34,113,6,153,198,0,198,351
04/28/2000,SFF,WA,ANM,WE,Federal Contract Tower,0,10,8,0,18,0,33,92,2,127,0,43,100,2,145,136,0,136,281
04/29/2000,SFF,WA,ANM,WE,Federal Contract Tower,0,7,6,0,13,0,35,168,0,203,0,42,174,0,216,168,0,168,384
04/30/2000,SFF,WA,ANM,WE,Federal Contract Tower,0,4,3,0,7,0,17,156,0,173,0,21,159,0,180,212,0,212,392
05/01/2000,SFF,WA,ANM,WE,Federal Contract Tower,0,6,7,0,13,0,20,104,0,124,0,26,111,0,137,95,0,95,232
05/02/2000,SFF,WA,ANM,WE,Federal Contract Tower,0,9,10,0,19,0,15,51,0,66,0,24,61,0,85,82,0,82,167
05/03/2000,SFF,WA,ANM,WE,Federal Contract Tower,0,9,9,0,18,0,11,61,0,72,0,20,70,0,90,96,0,96,186
05/04/2000,SFF,WA,ANM,WE,Federal Contract Tower,0,7,8,0,15,0,11,99,2,112,0,18,107,2,127,162,8,170,297
05/05/2000,SFF,WA,ANM,WE,Federal Contract Tower,0,9,10,0,19,0,29,112,0,141,0,38,122,0,160,60,0,60,220
05/06/2000,SFF,WA,ANM,WE,Federal Contract Tower,0,5,5,0,10,0,19,151,0,170,0,24,156,0,180,124,0,124,304
05/07/2000,SFF,WA,ANM,WE,Federal Contract Tower,0,2,3,0,5,0,23,176,0,199,0,25,179,0,204,132,0,132,336
05/08/2000,SFF,WA,ANM,WE,Federal Contract Tower,0,6,6,0,12,0,25,91,0,116,0,31,97,0,128,85,0,85,213
05/09/2000,SFF,WA,ANM,WE,Federal Contract Tower,0,7,7,0,14,0,24,34,0,58,0,31,41,0,72,90,0,90,162
05/10/2000,SFF,WA,ANM,WE,Federal Contract Tower,0,8,9,0,17,0,28,51,0,79,0,36,60,0,96,58,4,62,158
05/11/2000,SFF,WA,ANM,WE,Federal Contract Tower,0,12,12,0,24,0,9,25,0,34,0,21,37,0,58,74,0,74,132
05/12/2000,SFF,WA,ANM,WE,Federal Contract Tower,0,8,9,0,17,0,19,100,2,121,0,27,109,2,138,114,2,116,254
05/13/2000,SFF,WA,ANM,WE,Federal Contract Tower,0,8,9,0,17,0,13,159,0,172,0,21,168,0,189,72,0,72,261
05/14/2000,SFF,WA,ANM,WE,Federal Contract Tower,0,5,5,0,10,0,22,120,0,142,0,27,125,0,152,55,0,55,207
05/15/2000,SFF,WA,ANM,WE,Federal Contract Tower,0,6,4,0,10,0,17,127,0,144,0,23,131,0,154,118,0,118,272
05/16/2000,SFF,WA,ANM,WE,Federal Contract Tower,0,6,4,0,10,0,16,176,0,192,0,22,180,0,202,134,0,134,336
05/17/2000,SFF,WA,ANM,WE,Federal Contract Tower,0,8,6,0,14,0,7,114,0,121,0,15,120,0,135,51,0,51,186
05/18/2000,SFF,WA,ANM,WE,Federal Contract Tower,0,10,8,0,18,0,23,143,0,166,0,33,151,0,184,82,0,82,266
05/19/2000,SFF,WA,ANM,WE,Federal Contract Tower,0,9,8,0,17,0,31,82,0,113,0,40,90,0,130,82,0,82,212
05/20/2000,SFF,WA,ANM,WE,Federal Contract Tower,0,6,5,0,11,0,26,183,2,211,0,32,188,2,222,114,0,114,336
05/21/2000,SFF,WA,ANM,WE,Federal Contract Tower,0,5,4,0,9,0,22,123,0,145,0,27,127,0,154,110,0,110,264
05/22/2000,SFF,WA,ANM,WE,Federal Contract Tower,0,5,4,0,9,0,24,94,0,118,0,29,98,0,127,38,0,38,165
05/23/2000,SFF,WA,ANM,WE,Federal Contract Tower,0,10,9,0,19,0,20,139,0,159,0,30,148,0,178,137,0,137,315
05/24/2000,SFF,WA,ANM,WE,Federal Contract Tower,0,9,8,0,17,0,24,5,0,29,0,33,13,0,46,112,0,112,158
05/25/2000,SFF,WA,ANM,WE,Federal Contract Tower,0,9,7,0,16,0,25,86,0,111,0,34,93,0,127,170,0,170,297
05/26/2000,SFF,WA,ANM,WE,Federal Contract Tower,0,6,5,0,11,0,19,99,0,118,0,25,104,0,129,84,0,84,213
05/27/2000,SFF,WA,ANM,WE,Federal Contract Tower,0,6,5,0,11,0,5,56,0,61,0,11,61,0,72,40,0,40,112
05/28/2000,SFF,WA,ANM,WE,Federal Contract Tower,0,2,1,0,3,0,22,69,0,91,0,24,70,0,94,78,0,78,172
05/29/2000,SFF,WA,ANM,WE,Federal Contract Tower,0,4,3,0,7,0,23,131,0,154,0,27,134,0,161,138,0,138,299
05/30/2000,SFF,WA,ANM,WE,Federal Contract Tower,0,11,9,0,20,0,7,80,0,87,0,18,89,0,107,70,0,70,177
05/31/2000,SFF,WA,ANM,WE,Federal Contract Tower,0,7,6,0,13,0,10,37,0,47,0,17,43,0,60,60,0,60,120
06/01/2000,SFF,WA,ANM,WE,Federal Contract Tower,0,12,13,0,25,0,36,122,4,162,0,48,135,4,187,132,0,132,319
06/02/2000,SFF,WA,ANM,WE,Federal Contract Tower,0,6,5,0,11,0,19,127,0,146,0,25,132,0,157,92,0,92,249
06/03/2000,SFF,WA,ANM,WE,Federal Contract Tower,0,15,16,0,31,0,1,244,2,247,0,16,260,2,278,126,0,126,404
06/04/2000,SFF,WA,ANM,WE,Federal Contract Tower,0,10,11,0,21,0,15,215,2,232,0,25,226,2,253,90,0,90,343
06/05/2000,SFF,WA,ANM,WE,Federal Contract Tower,0,8,9,0,17,0,11,71,0,82,0,19,80,0,99,44,0,44,143
06/06/2000,SFF,WA,ANM,WE,Federal Contract Tower,0,8,8,0,16,0,21,133,0,154,0,29,141,0,170,142,0,142,312
06/07/2000,SFF,WA,ANM,WE,Federal Contract Tower,0,5,5,0,10,0,16,120,6,142,0,21,125,6,152,70,0,70,222
06/08/2000,SFF,WA,ANM,WE,Federal Contract Tower,0,12,12,0,24,0,20,35,0,55,0,32,47,0,79,26,0,26,105
06/09/2000,SFF,WA,ANM,WE,Federal Contract Tower,0,8,8,0,16,0,24,78,0,102,0,32,86,0,118,96,0,96,214
06/10/2000,SFF,WA,ANM,WE,Federal Contract Tower,0,10,11,0,21,0,42,68,4,114,0,52,79,4,135,96,0,96,231
06/11/2000,SFF,WA,ANM,WE,Federal Contract Tower,0,4,5,0,9,0,20,52,0,72,0,24,57,0,81,124,0,124,205
06/12/2000,SFF,WA,ANM,WE,Federal Contract Tower,0,6,6,0,12,0,10,39,0,49,0,16,45,0,61,68,0,68,129
06/13/2000,SFF,WA,ANM,WE,Federal Contract Tower,0,9,11,0,20,0,30,81,0,111,0,39,92,0,131,144,0,144,275
06/14/2000,SFF,WA,ANM,WE,Federal Contract Tower,0,12,13,0,25,0,4,83,0,87,0,16,96,0,112,122,0,122,234
06/15/2000,SFF,WA,ANM,WE,Federal Contract Tower,0,6,9,0,15,0,31,104,0,135,0,37,113,0,150,164,0,164,314
06/16/2000,SFF,WA,ANM,WE,Federal Contract Tower,0,6,8,0,14,0,35,176,0,211,0,41,184,0,225,250,0,250,475
06/17/2000,SFF,WA,ANM,WE,Federal Contract Tower,0,3,4,0,7,0,26,188,0,214,0,29,192,0,221,102,0,102,323
06/18/2000,SFF,WA,ANM,WE,Federal Contract Tower,0,6,8,0,14,0,20,128,2,150,0,26,136,2,164,48,0,48,212
06/19/2000,SFF,WA,ANM,WE,Federal Contract Tower,0,4,5,0,9,0,30,108,0,138,0,34,113,0,147,74,0,74,221
06/20/2000,SFF,WA,ANM,WE,Federal Contract Tower,0,4,5,0,9,0,14,128,0,142,0,18,133,0,151,48,0,48,199
06/21/2000,SFF,WA,ANM,WE,Federal Contract Tower,0,5,7,0,12,0,32,108,6,146,0,37,115,6,158,70,0,70,228
06/22/2000,SFF,WA,ANM,WE,Federal Contract Tower,0,4,6,0,10,0,28,120,0,148,0,32,126,0,158,154,0,154,312
06/23/2000,SFF,WA,ANM,WE,Federal Contract Tower,0,6,7,0,13,0,28,131,0,159,0,34,138,0,172,66,0,66,238
06/24/2000,SFF,WA,ANM,WE,Federal Contract Tower,0,3,4,0,7,0,20,109,0,129,0,23,113,0,136,26,0,26,162
06/25/2000,SFF,WA,ANM,WE,Federal Contract Tower,0,1,2,0,3,0,16,130,0,146,0,17,132,0,149,80,0,80,229
06/26/2000,SFF,WA,ANM,WE,Federal Contract Tower,0,2,3,0,5,0,18,132,0,150,0,20,135,0,155,108,0,108,263
06/27/2000,SFF,WA,ANM,WE,Federal Contract Tower,0,2,4,0,6,0,17,139,2,158,0,19,143,2,164,70,0,70,234
06/28/2000,SFF,WA,ANM,WE,Federal Contract Tower,0,6,8,0,14,0,17,139,0,156,0,23,147,0,170,70,0,70,240
06/29/2000,SFF,WA,ANM,WE,Federal Contract Tower,0,5,6,0,11,0,22,111,0,133,0,27,117,0,144,75,0,75,219
06/30/2000,SFF,WA,ANM,WE,Federal Contract Tower,0,6,8,0,14,0,42,100,0,142,0,48,108,0,156,73,0,73,229
07/01/2000,SFF,WA,ANM,WE,Federal Contract Tower,0,5,6,0,11,0,31,108,0,139,0,36,114,0,150,88,0,88,238
07/02/2000,SFF,WA,ANM,WE,Federal Contract Tower,0,6,8,0,14,0,35,87,0,122,0,41,95,0,136,78,0,78,214
07/03/2000,SFF,WA,ANM,WE,Federal Contract Tower,0,5,6,0,11,0,27,72,0,99,0,32,78,0,110,118,0,118,228
07/04/2000,SFF,WA,ANM,WE,Federal Contract Tower,0,3,3,0,6,0,27,49,0,76,0,30,52,0,82,2,0,2,84
07/05/2000,SFF,WA,ANM,WE,Federal Contract Tower,0,5,6,0,11,0,26,129,0,155,0,31,135,0,166,41,0,41,207
07/06/2000,SFF,WA,ANM,WE,Federal Contract Tower,0,4,5,0,9,0,35,79,0,114,0,39,84,0,123,149,0,149,272
07/07/2000,SFF,WA,ANM,WE,Federal Contract Tower,0,11,14,0,25,0,32,100,0,132,0,43,114,0,157,95,0,95,252
07/08/2000,SFF,WA,ANM,WE,Federal Contract Tower,0,4,5,0,9,0,32,130,0,162,0,36,135,0,171,82,0,82,253
07/09/2000,SFF,WA,ANM,WE,Federal Contract Tower,0,5,5,0,10,0,9,98,0,107,0,14,103,0,117,106,0,106,223
07/10/2000,SFF,WA,ANM,WE,Federal Contract Tower,0,4,4,0,8,0,18,92,0,110,0,22,96,0,118,168,0,168,286
07/11/2000,SFF,WA,ANM,WE,Federal Contract Tower,0,5,6,0,11,0,30,179,4,213,0,35,185,4,224,82,0,82,306
07/12/2000,SFF,WA,ANM,WE,Federal Contract Tower,0,6,7,0,13,0,12,122,0,134,0,18,129,0,147,68,0,68,215
07/13/2000,SFF,WA,ANM,WE,Federal Contract Tower,0,8,9,0,17,0,20,132,0,152,0,28,141,0,169,158,2,160,329
07/14/2000,SFF,WA,ANM,WE,Federal Contract Tower,0,3,2,0,5,0,16,155,0,171,0,19,157,0,176,116,0,116,292
07/15/2000,SFF,WA,ANM,WE,Federal Contract Tower,0,5,7,0,12,0,23,262,0,285,0,28,269,0,297,316,1,317,614
07/16/2000,SFF,WA,ANM,WE,Federal Contract Tower,0,2,2,0,4,0,22,145,0,167,0,24,147,0,171,64,0,64,235
07/17/2000,SFF,WA,ANM,WE,Federal Contract Tower,0,4,6,0,10,0,23,111,0,134,0,27,117,0,144,90,0,90,234
07/18/2000,SFF,WA,ANM,WE,Federal Contract Tower,0,8,12,0,20,0,17,121,0,138,0,25,133,0,158,122,0,122,280
07/19/2000,SFF,WA,ANM,WE,Federal Contract Tower,0,5,7,0,12,0,25,154,0,179,0,30,161,0,191,131,0,131,322
07/20/2000,SFF,WA,ANM,WE,Federal Contract Tower,0,10,15,0,25,0,20,134,1,155,0,30,149,1,180,134,1,135,315
07/21/2000,SFF,WA,ANM,WE,Federal Contract Tower,0,4,7,0,11,0,13,151,2,166,0,17,158,2,177,146,0,146,323
07/22/2000,SFF,WA,ANM,WE,Federal Contract Tower,0,2,5,0,7,0,12,119,4,135,0,14,124,4,142,70,0,70,212
07/23/2000,SFF,WA,ANM,WE,Federal Contract Tower,0,4,7,0,11,0,5,130,0,135,0,9,137,0,146,24,0,24,170
07/24/2000,SFF,WA,ANM,WE,Federal Contract Tower,0,3,5,0,8,0,31,102,0,133,0,34,107,0,141,68,0,68,209
07/25/2000,SFF,WA,ANM,WE,Federal Contract Tower,0,5,8,0,13,0,42,132,0,174,0,47,140,0,187,118,0,118,305
07/26/2000,SFF,WA,ANM,WE,Federal Contract Tower,0,4,7,0,11,0,32,177,2,211,0,36,184,2,222,44,0,44,266
07/27/2000,SFF,WA,ANM,WE,Federal Contract Tower,0,5,7,0,12,0,31,95,2,128,0,36,102,2,140,125,0,125,265
07/28/2000,SFF,WA,ANM,WE,Federal Contract Tower,0,4,7,0,11,0,22,121,4,147,0,26,128,4,158,66,0,66,224
07/29/2000,SFF,WA,ANM,WE,Federal Contract Tower,0,5,8,0,13,0,20,125,0,145,0,25,133,0,158,100,0,100,258
07/30/2000,SFF,WA,ANM,WE,Federal Contract Tower,0,1,2,0,3,0,15,112,0,127,0,16,114,0,130,42,0,42,172
07/31/2000,SFF,WA,ANM,WE,Federal Contract Tower,0,6,9,0,15,0,22,124,0,146,0,28,133,0,161,62,0,62,223
08/01/2000,SFF,WA,ANM,WE,Federal Contract Tower,0,8,7,0,15,0,22,113,2,137,0,30,120,2,152,32,0,32,184
08/02/2000,SFF,WA,ANM,WE,Federal Contract Tower,0,4,4,0,8,0,21,116,0,137,0,25,120,0,145,60,0,60,205
08/03/2000,SFF,WA,ANM,WE,Federal Contract Tower,0,4,4,0,8,0,37,141,2,180,0,41,145,2,188,76,0,76,264
08/04/2000,SFF,WA,ANM,WE,Federal Contract Tower,0,8,8,0,16,0,18,145,0,163,0,26,153,0,179,120,2,122,301
08/05/2000,SFF,WA,ANM,WE,Federal Contract Tower,0,2,2,0,4,0,37,117,0,154,0,39,119,0,158,84,0,84,242
08/06/2000,SFF,WA,ANM,WE,Federal Contract Tower,0,5,5,0,10,0,14,107,0,121,0,19,112,0,131,34,0,34,165
08/07/2000,SFF,WA,ANM,WE,Federal Contract Tower,0,7,7,0,14,0,12,86,0,98,0,19,93,0,112,60,0,60,172
08/08/2000,SFF,WA,ANM,WE,Federal Contract Tower,0,9,9,0,18,0,19,153,0,172,0,28,162,0,190,112,0,112,302
08/09/2000,SFF,WA,ANM,WE,Federal Contract Tower,0,7,7,0,14,0,20,141,0,161,0,27,148,0,175,142,0,142,317
08/10/2000,SFF,WA,ANM,WE,Federal Contract Tower,0,8,8,0,16,0,16,99,0,115,0,24,107,0,131,173,0,173,304
08/11/2000,SFF,WA,ANM,WE,Federal Contract Tower,0,6,6,0,12,0,21,119,0,140,0,27,125,0,152,84,0,84,236
08/12/2000,SFF,WA,ANM,WE,Federal Contract Tower,0,4,4,0,8,0,21,165,0,186,0,25,169,0,194,95,0,95,289
08/13/2000,SFF,WA,ANM,WE,Federal Contract Tower,0,5,4,0,9,0,20,128,0,148,0,25,132,0,157,34,0,34,191
08/14/2000,SFF,WA,ANM,WE,Federal Contract Tower,0,4,4,0,8,0,25,99,6,130,0,29,103,6,138,102,0,102,240
08/15/2000,SFF,WA,ANM,WE,Federal Contract Tower,0,6,6,0,12,0,7,130,0,137,0,13,136,0,149,92,0,92,241
08/16/2000,SFF,WA,ANM,WE,Federal Contract Tower,0,4,3,0,7,0,20,117,0,137,0,24,120,0,144,100,0,100,244
08/17/2000,SFF,WA,ANM,WE,Federal Contract Tower,0,8,8,0,16,0,22,125,2,149,0,30,133,2,165,172,0,172,337
08/18/2000,SFF,WA,ANM,WE,Federal Contract Tower,0,6,6,0,12,0,40,95,0,135,0,46,101,0,147,63,0,63,210
08/19/2000,SFF,WA,ANM,WE,Federal Contract Tower,0,8,8,0,16,0,29,114,0,143,0,37,122,0,159,116,0,116,275
08/20/2000,SFF,WA,ANM,WE,Federal Contract Tower,0,3,4,0,7,0,21,157,0,178,0,24,161,0,185,130,0,130,315
08/21/2000,SFF,WA,ANM,WE,Federal Contract Tower,0,5,5,0,10,0,39,138,0,177,0,44,143,0,187,140,0,140,327
08/22/2000,SFF,WA,ANM,WE,Federal Contract Tower,0,4,5,1,10,0,35,112,5,152,0,39,117,6,162,122,0,122,284
08/23/2000,SFF,WA,ANM,WE,Federal Contract Tower,0,6,8,0,14,0,33,127,2,162,0,39,135,2,176,122,0,122,298
08/24/2000,SFF,WA,ANM,WE,Federal Contract Tower,0,5,7,0,12,0,28,121,0,149,0,33,128,0,161,130,0,130,291
08/25/2000,SFF,WA,ANM,WE,Federal Contract Tower,0,7,9,0,16,0,34,148,0,182,0,41,157,0,198,96,0,96,294
08/26/2000,SFF,WA,ANM,WE,Federal Contract Tower,0,6,7,0,13,0,29,115,0,144,0,35,122,0,157,46,0,46,203
08/27/2000,SFF,WA,ANM,WE,Federal Contract Tower,0,3,5,0,8,0,20,114,2,136,0,23,119,2,144,52,0,52,196
08/28/2000,SFF,WA,ANM,WE,Federal Contract Tower,0,6,7,0,13,0,28,131,4,163,0,34,138,4,176,230,0,230,406
08/29/2000,SFF,WA,ANM,WE,Federal Contract Tower,0,4,5,0,9,0,18,127,0,145,0,22,132,0,154,164,0,164,318
08/30/2000,SFF,WA,ANM,WE,Federal Contract Tower,0,10,12,0,22,0,33,148,2,183,0,43,160,2,205,124,0,124,329
08/31/2000,SFF,WA,ANM,WE,Federal Contract Tower,0,6,8,0,14,0,22,127,0,149,0,28,135,0,163,136,0,136,299
09/01/2000,SFF,WA,ANM,WE,Federal Contract Tower,0,7,8,0,15,0,31,75,0,106,0,38,83,0,121,164,0,164,285
09/02/2000,SFF,WA,ANM,WE,Federal Contract Tower,0,7,7,0,14,0,10,35,0,45,0,17,42,0,59,62,0,62,121
09/03/2000,SFF,WA,ANM,WE,Federal Contract Tower,0,6,6,0,12,0,11,98,0,109,0,17,104,0,121,46,0,46,167
09/04/2000,SFF,WA,ANM,WE,Federal Contract Tower,0,8,8,0,16,0,10,82,0,92,0,18,90,0,108,130,0,130,238
09/05/2000,SFF,WA,ANM,WE,Federal Contract Tower,0,4,4,0,8,0,17,117,8,142,0,21,121,8,150,82,0,82,232
09/06/2000,SFF,WA,ANM,WE,Federal Contract Tower,0,8,8,0,16,0,7,93,0,100,0,15,101,0,116,54,0,54,170
09/07/2000,SFF,WA,ANM,WE,Federal Contract Tower,0,5,5,0,10,0,15,133,2,150,0,20,138,2,160,104,0,104,264
09/08/2000,SFF,WA,ANM,WE,Federal Contract Tower,0,13,13,0,26,0,23,33,0,56,0,36,46,0,82,24,0,24,106
09/09/2000,SFF,WA,ANM,WE,Federal Contract Tower,0,8,9,0,17,0,28,123,0,151,0,36,132,0,168,49,0,49,217
09/10/2000,SFF,WA,ANM,WE,Federal Contract Tower,0,10,11,0,21,0,6,22,0,28,0,16,33,0,49,11,0,11,60
09/11/2000,SFF,WA,ANM,WE,Federal Contract Tower,0,8,9,1,18,0,33,93,2,128,0,41,102,3,146,104,0,104,250
09/12/2000,SFF,WA,ANM,WE,Federal Contract Tower,0,9,11,0,20,0,26,127,0,153,0,35,138,0,173,96,2,98,271
09/13/2000,SFF,WA,ANM,WE,Federal Contract Tower,0,9,10,0,19,0,18,139,0,157,0,27,149,0,176,114,0,114,290
09/14/2000,SFF,WA,ANM,WE,Federal Contract Tower,0,7,9,1,17,0,26,127,3,156,0,33,136,4,173,128,0,128,301
09/15/2000,SFF,WA,ANM,WE,Federal Contract Tower,0,7,8,0,15,0,10,128,0,138,0,17,136,0,153,153,0,153,306
09/16/2000,SFF,WA,ANM,WE,Federal Contract Tower,0,5,6,0,11,0,29,170,0,199,0,34,176,0,210,84,0,84,294
09/17/2000,SFF,WA,ANM,WE,Federal Contract Tower,0,1,3,0,4,0,22,155,0,177,0,23,158,0,181,54,0,54,235
09/18/2000,SFF,WA,ANM,WE,Federal Contract Tower,0,3,5,0,8,0,11,77,1,89,0,14,82,1,97,133,0,133,230
09/19/2000,SFF,WA,ANM,WE,Federal Contract Tower,0,9,11,0,20,0,21,136,2,159,0,30,147,2,179,48,0,48,227
09/20/2000,SFF,WA,ANM,WE,Federal Contract Tower,0,10,13,0,23,0,25,88,0,113,0,35,101,0,136,56,0,56,192
09/21/2000,SFF,WA,ANM,WE,Federal Contract Tower,0,13,16,0,29,0,15,33,0,48,0,28,49,0,77,0,0,0,77
09/22/2000,SFF,WA,ANM,WE,Federal Contract Tower,0,6,8,0,14,0,22,106,0,128,0,28,114,0,142,60,0,60,202
09/23/2000,SFF,WA,ANM,WE,Federal Contract Tower,0,6,7,0,13,0,9,147,0,156,0,15,154,0,169,126,0,126,295
09/24/2000,SFF,WA,ANM,WE,Federal Contract Tower,0,3,5,0,8,0,4,167,0,171,0,7,172,0,179,102,0,102,281
09/25/2000,SFF,WA,ANM,WE,Federal Contract Tower,0,4,6,0,10,0,20,114,0,134,0,24,120,0,144,81,0,81,225
09/26/2000,SFF,WA,ANM,WE,Federal Contract Tower,0,5,6,0,11,0,15,122,0,137,0,20,128,0,148,74,0,74,222
09/27/2000,SFF,WA,ANM,WE,Federal Contract Tower,0,6,7,0,13,0,19,103,2,124,0,25,110,2,137,62,0,62,199
09/28/2000,SFF,WA,ANM,WE,Federal Contract Tower,0,9,11,0,20,0,8,111,4,123,0,17,122,4,143,144,0,144,287
09/29/2000,SFF,WA,ANM,WE,Federal Contract Tower,0,10,13,0,23,0,16,69,6,91,0,26,82,6,114,108,0,108,222
09/30/2000,SFF,WA,ANM,WE,Federal Contract Tower,0,7,9,0,16,0,25,38,0,63,0,32,47,0,79,29,0,29,108
10/01/2000,SFF,WA,ANM,WE,Federal Contract Tower,0,4,4,0,8,0,21,96,2,119,0,25,100,2,127,19,0,19,146
10/02/2000,SFF,WA,ANM,WE,Federal Contract Tower,0,3,3,0,6,0,12,104,0,116,0,15,107,0,122,115,0,115,237
10/03/2000,SFF,WA,ANM,WE,Federal Contract Tower,0,7,7,0,14,0,7,107,0,114,0,14,114,0,128,80,0,80,208
10/04/2000,SFF,WA,ANM,WE,Federal Contract Tower,0,7,7,0,14,0,18,101,0,119,0,25,108,0,133,100,0,100,233
10/05/2000,SFF,WA,ANM,WE,Federal Contract Tower,0,6,6,0,12,0,16,173,0,189,0,22,179,0,201,192,0,192,393
10/06/2000,SFF,WA,ANM,WE,Federal Contract Tower,0,5,4,0,9,0,11,120,0,131,0,16,124,0,140,88,0,88,228
10/07/2000,SFF,WA,ANM,WE,Federal Contract Tower,0,5,5,0,10,0,13,206,0,219,0,18,211,0,229,164,0,164,393
10/08/2000,SFF,WA,ANM,WE,Federal Contract Tower,0,5,5,0,10,0,13,154,0,167,0,18,159,0,177,70,0,70,247
10/09/2000,SFF,WA,ANM,WE,Federal Contract Tower,0,6,6,0,12,0,10,77,0,87,0,16,83,0,99,116,0,116,215
10/10/2000,SFF,WA,ANM,WE,Federal Contract Tower,0,9,10,0,19,0,14,55,2,71,0,23,65,2,90,122,0,122,212
10/11/2000,SFF,WA,ANM,WE,Federal Contract Tower,0,9,10,0,19,0,7,46,0,53,0,16,56,0,72,82,0,82,154
10/12/2000,SFF,WA,ANM,WE,Federal Contract Tower,0,12,15,0,27,0,20,31,0,51,0,32,46,0,78,58,0,58,136
10/13/2000,SFF,WA,ANM,WE,Federal Contract Tower,0,7,9,0,16,0,14,62,0,76,0,21,71,0,92,106,0,106,198
10/14/2000,SFF,WA,ANM,WE,Federal Contract Tower,0,6,8,1,15,0,16,122,1,139,0,22,130,2,154,71,0,71,225
10/15/2000,SFF,WA,ANM,WE,Federal Contract Tower,0,0,1,1,2,0,11,74,3,88,0,11,75,4,90,36,0,36,126
10/16/2000,SFF,WA,ANM,WE,Federal Contract Tower,0,6,9,0,15,0,24,61,0,85,0,30,70,0,100,106,0,106,206
10/17/2000,SFF,WA,ANM,WE,Federal Contract Tower,0,5,7,0,12,0,21,104,0,125,0,26,111,0,137,120,0,120,257
10/18/2000,SFF,WA,ANM,WE,Federal Contract Tower,0,5,7,0,12,0,28,40,0,68,0,33,47,0,80,72,0,72,152
10/19/2000,SFF,WA,ANM,WE,Federal Contract Tower,0,5,6,0,11,0,17,93,0,110,0,22,99,0,121,114,0,114,235
10/20/2000,SFF,WA,ANM,WE,Federal Contract Tower,0,10,12,0,22,0,3,26,0,29,0,13,38,0,51,72,0,72,123
10/21/2000,SFF,WA,ANM,WE,Federal Contract Tower,0,4,5,0,9,0,18,98,2,118,0,22,103,2,127,108,0,108,235
10/22/2000,SFF,WA,ANM,WE,Federal Contract Tower,0,4,5,0,9,0,4,112,0,116,0,8,117,0,125,109,0,109,234
10/23/2000,SFF,WA,ANM,WE,Federal Contract Tower,0,4,5,0,9,0,13,75,0,88,0,17,80,0,97,137,0,137,234
10/24/2000,SFF,WA,ANM,WE,Federal Contract Tower,0,6,9,0,15,0,13,106,0,119,0,19,115,0,134,74,0,74,208
10/25/2000,SFF,WA,ANM,WE,Federal Contract Tower,0,10,12,0,22,0,10,81,0,91,0,20,93,0,113,116,0,116,229
10/26/2000,SFF,WA,ANM,WE,Federal Contract Tower,0,14,18,0,32,0,4,100,0,104,0,18,118,0,136,123,0,123,259
10/27/2000,SFF,WA,ANM,WE,Federal Contract Tower,0,14,17,0,31,0,14,52,1,67,0,28,69,1,98,72,0,72,170
10/28/2000,SFF,WA,ANM,WE,Federal Contract Tower,0,7,9,0,16,0,18,22,3,43,0,25,31,3,59,28,0,28,87
10/29/2000,SFF,WA,ANM,WE,Federal Contract Tower,0,7,10,0,17,0,2,63,0,65,0,9,73,0,82,114,0,114,196
10/30/2000,SFF,WA,ANM,WE,Federal Contract Tower,0,5,8,0,13,0,19,81,0,100,0,24,89,0,113,126,0,126,239
10/31/2000,SFF,WA,ANM,WE,Federal Contract Tower,0,8,11,0,19,0,29,23,0,52,0,37,34,0,71,32,0,32,103
11/01/2000,SFF,WA,ANM,WE,Federal Contract Tower,0,12,13,0,25,0,28,66,6,100,0,40,79,6,125,131,0,131,256
11/02/2000,SFF,WA,ANM,WE,Federal Contract Tower,0,11,12,0,23,0,13,52,0,65,0,24,64,0,88,36,0,36,124
11/03/2000,SFF,WA,ANM,WE,Federal Contract Tower,0,11,12,0,23,0,17,52,0,69,0,28,64,0,92,80,0,80,172
11/04/2000,SFF,WA,ANM,WE,Federal Contract Tower,0,7,8,0,15,0,24,25,0,49,0,31,33,0,64,12,0,12,76
11/05/2000,SFF,WA,ANM,WE,Federal Contract Tower,0,7,8,0,15,0,10,147,0,157,0,17,155,0,172,106,0,106,278
11/06/2000,SFF,WA,ANM,WE,Federal Contract Tower,0,4,6,0,10,0,11,84,0,95,0,15,90,0,105,130,0,130,235
11/07/2000,SFF,WA,ANM,WE,Federal Contract Tower,0,10,9,0,19,0,29,130,0,159,0,39,139,0,178,188,0,188,366
11/08/2000,SFF,WA,ANM,WE,Federal Contract Tower,0,7,0,0,7,0,7,0,0,7,0,14,0,0,14,0,0,0,14
11/09/2000,SFF,WA,ANM,WE,Federal Contract Tower,0,12,12,0,24,0,14,35,2,51,0,26,47,2,75,84,0,84,159
11/10/2000,SFF,WA,ANM,WE,Federal Contract Tower,0,8,8,0,16,0,30,78,0,108,0,38,86,0,124,152,0,152,276
11/11/2000,SFF,WA,ANM,WE,Federal Contract Tower,0,11,11,0,22,0,35,106,0,141,0,46,117,0,163,114,0,114,277
11/12/2000,SFF,WA,ANM,WE,Federal Contract Tower,0,7,6,0,13,0,21,67,2,90,0,28,73,2,103,120,0,120,223
11/13/2000,SFF,WA,ANM,WE,Federal Contract Tower,0,8,7,0,15,0,27,58,0,85,0,35,65,0,100,144,0,144,244
11/14/2000,SFF,WA,ANM,WE,Federal Contract Tower,0,7,6,0,13,0,19,75,4,98,0,26,81,4,111,78,0,78,189
11/15/2000,SFF,WA,ANM,WE,Federal Contract Tower,0,12,12,0,24,0,12,43,0,55,0,24,55,0,79,74,0,74,153
11/16/2000,SFF,WA,ANM,WE,Federal Contract Tower,0,9,9,0,18,0,17,26,0,43,0,26,35,0,61,138,0,138,199
11/17/2000,SFF,WA,ANM,WE,Federal Contract Tower,0,6,6,0,12,0,13,52,0,65,0,19,58,0,77,84,0,84,161
11/18/2000,SFF,WA,ANM,WE,Federal Contract Tower,0,7,7,0,14,0,11,96,0,107,0,18,103,0,121,118,0,118,239
11/19/2000,SFF,WA,ANM,WE,Federal Contract Tower,0,6,5,0,11,0,33,114,0,147,0,39,119,0,158,168,0,168,326
11/20/2000,SFF,WA,ANM,WE,Federal Contract Tower,0,4,4,0,8,0,25,108,0,133,0,29,112,0,141,100,0,100,241
11/21/2000,SFF,WA,ANM,WE,Federal Contract Tower,0,5,5,0,10,0,15,103,0,118,0,20,108,0,128,102,0,102,230
11/22/2000,SFF,WA,ANM,WE,Federal Contract Tower,0,11,11,0,22,0,9,15,0,24,0,20,26,0,46,35,0,35,81
11/23/2000,SFF,WA,ANM,WE,Federal Contract Tower,0,6,4,0,10,0,4,0,0,4,0,10,4,0,14,0,0,0,14
11/24/2000,SFF,WA,ANM,WE,Federal Contract Tower,0,7,7,0,14,0,1,2,0,3,0,8,9,0,17,24,0,24,41
11/25/2000,SFF,WA,ANM,WE,Federal Contract Tower,0,7,7,0,14,0,12,49,0,61,0,19,56,0,75,52,0,52,127
11/26/2000,SFF,WA,ANM,WE,Federal Contract Tower,0,5,5,0,10,0,5,24,0,29,0,10,29,0,39,48,0,48,87
11/27/2000,SFF,WA,ANM,WE,Federal Contract Tower,0,6,6,0,12,0,10,54,0,64,0,16,60,0,76,172,0,172,248
11/28/2000,SFF,WA,ANM,WE,Federal Contract Tower,0,13,13,0,26,0,2,47,4,53,0,15,60,4,79,51,0,51,130
11/29/2000,SFF,WA,ANM,WE,Federal Contract Tower,0,9,8,0,17,0,5,9,0,14,0,14,17,0,31,0,0,0,31
11/30/2000,SFF,WA,ANM,WE,Federal Contract Tower,0,9,9,0,18,0,32,26,0,58,0,41,35,0,76,116,0,116,192
12/01/2000,SFF,WA,ANM,WE,Federal Contract Tower,0,13,11,0,24,0,12,50,0,62,0,25,61,0,86,120,0,120,206
12/02/2000,SFF,WA,ANM,WE,Federal Contract Tower,0,8,7,0,15,0,5,12,0,17,0,13,19,0,32,40,0,40,72
12/03/2000,SFF,WA,ANM,WE,Federal Contract Tower,0,3,3,0,6,0,9,40,12,61,0,12,43,12,67,78,0,78,145
12/04/2000,SFF,WA,ANM,WE,Federal Contract Tower,0,9,8,0,17,0,13,71,2,86,0,22,79,2,103,112,0,112,215
12/05/2000,SFF,WA,ANM,WE,Federal Contract Tower,0,7,6,0,13,0,1,17,2,20,0,8,23,2,33,44,0,44,77
12/06/2000,SFF,WA,ANM,WE,Federal Contract Tower,0,12,10,0,22,0,3,25,0,28,0,15,35,0,50,50,0,50,100
12/07/2000,SFF,WA,ANM,WE,Federal Contract Tower,0,11,9,0,20,0,14,13,0,27,0,25,22,0,47,22,0,22,69
12/08/2000,SFF,WA,ANM,WE,Federal Contract Tower,0,8,7,0,15,0,18,3,0,21,0,26,10,0,36,16,0,16,52
12/09/2000,SFF,WA,ANM,WE,Federal Contract Tower,0,11,8,0,19,0,1,18,0,19,0,12,26,0,38,22,0,22,60
12/10/2000,SFF,WA,ANM,WE,Federal Contract Tower,0,4,4,0,8,0,13,5,2,20,0,17,9,2,28,36,0,36,64
12/11/2000,SFF,WA,ANM,WE,Federal Contract Tower,0,4,3,1,8,0,3,93,0,96,0,7,96,1,104,66,0,66,170
12/12/2000,SFF,WA,ANM,WE,Federal Contract Tower,0,10,7,0,17,0,9,68,0,77,0,19,75,0,94,88,0,88,182
12/13/2000,SFF,WA,ANM,WE,Federal Contract Tower,0,11,8,1,20,0,20,23,3,46,0,31,31,4,66,80,0,80,146
12/14/2000,SFF,WA,ANM,WE,Federal Contract Tower,0,7,4,0,11,0,13,17,2,32,0,20,21,2,43,9,0,9,52
12/15/2000,SFF,WA,ANM,WE,Federal Contract Tower,0,9,6,0,15,0,25,24,0,49,0,34,30,0,64,8,0,8,72
12/16/2000,SFF,WA,ANM,WE,Federal Contract Tower,0,5,3,0,8,0,6,11,0,17,0,11,14,0,25,0,0,0,25
12/17/2000,SFF,WA,ANM,WE,Federal Contract Tower,0,5,3,0,8,0,14,71,6,91,0,19,74,6,99,36,0,36,135
12/18/2000,SFF,WA,ANM,WE,Federal Contract Tower,0,14,9,0,23,0,2,31,2,35,0,16,40,2,58,96,0,96,154
12/19/2000,SFF,WA,ANM,WE,Federal Contract Tower,0,10,7,0,17,0,21,28,0,49,0,31,35,0,66,46,0,46,112
12/20/2000,SFF,WA,ANM,WE,Federal Contract Tower,0,16,11,0,27,0,19,16,0,35,0,35,27,0,62,38,0,38,100
12/21/2000,SFF,WA,ANM,WE,Federal Contract Tower,0,11,7,0,18,0,5,32,0,37,0,16,39,0,55,34,0,34,89
12/22/2000,SFF,WA,ANM,WE,Federal Contract Tower,0,3,2,0,5,0,2,0,0,2,0,5,2,0,7,0,0,0,7
12/23/2000,SFF,WA,ANM,WE,Federal Contract Tower,0,7,6,0,13,0,0,9,0,9,0,7,15,0,22,0,0,0,22
12/24/2000,SFF,WA,ANM,WE,Federal Contract Tower,0,7,0,0,7,0,5,0,0,5,0,12,0,0,12,0,0,0,12
12/25/2000,SFF,WA,ANM,WE,Federal Contract Tower,0,1,0,0,1,0,8,33,0,41,0,9,33,0,42,44,0,44,86
12/26/2000,SFF,WA,ANM,WE,Federal Contract Tower,0,9,6,0,15,0,16,90,0,106,0,25,96,0,121,122,0,122,243
12/27/2000,SFF,WA,ANM,WE,Federal Contract Tower,0,15,10,0,25,0,10,55,0,65,0,25,65,0,90,66,0,66,156
12/28/2000,SFF,WA,ANM,WE,Federal Contract Tower,0,19,12,0,31,0,15,37,0,52,0,34,49,0,83,31,0,31,114
12/29/2000,SFF,WA,ANM,WE,Federal Contract Tower,0,12,8,0,20,0,19,78,0,97,0,31,86,0,117,74,0,74,191
12/30/2000,SFF,WA,ANM,WE,Federal Contract Tower,0,7,4,0,11,0,7,16,0,23,0,14,20,0,34,54,0,54,88
12/31/2000,SFF,WA,ANM,WE,Federal Contract Tower,0,9,5,0,14,0,2,19,0,21,0,11,24,0,35,14,0,14,49
01/01/2001,SFF,WA,ANM,WE,Federal Contract Tower,0,2,2,0,4,0,5,2,0,7,0,7,4,0,11,12,0,12,23
01/02/2001,SFF,WA,ANM,WE,Federal Contract Tower,0,10,9,0,19,0,11,46,0,57,0,21,55,0,76,64,0,64,140
01/03/2001,SFF,WA,ANM,WE,Federal Contract Tower,0,14,12,0,26,0,15,20,0,35,0,29,32,0,61,19,0,19,80
01/04/2001,SFF,WA,ANM,WE,Federal Contract Tower,0,9,8,0,17,0,20,67,0,87,0,29,75,0,104,70,0,70,174
01/05/2001,SFF,WA,ANM,WE,Federal Contract Tower,0,6,6,0,12,0,31,99,0,130,0,37,105,0,142,146,0,146,288
01/06/2001,SFF,WA,ANM,WE,Federal Contract Tower,0,3,6,0,9,0,0,2,0,2,0,3,8,0,11,0,0,0,11
01/07/2001,SFF,WA,ANM,WE,Federal Contract Tower,0,8,7,0,15,0,8,139,0,147,0,16,146,0,162,114,0,114,276
01/08/2001,SFF,WA,ANM,WE,Federal Contract Tower,0,6,6,0,12,0,6,51,0,57,0,12,57,0,69,98,0,98,167
01/09/2001,SFF,WA,ANM,WE,Federal Contract Tower,0,12,11,0,23,0,8,46,0,54,0,20,57,0,77,48,0,48,125
01/10/2001,SFF,WA,ANM,WE,Federal Contract Tower,0,12,12,0,24,0,11,39,6,56,0,23,51,6,80,12,0,12,92
01/11/2001,SFF,WA,ANM,WE,Federal Contract Tower,0,11,10,0,21,0,13,71,0,84,0,24,81,0,105,37,0,37,142
01/12/2001,SFF,WA,ANM,WE,Federal Contract Tower,0,11,11,0,22,0,17,28,0,45,0,28,39,0,67,47,0,47,114
01/13/2001,SFF,WA,ANM,WE,Federal Contract Tower,0,4,4,0,8,0,0,0,0,0,0,4,4,0,8,8,0,8,16
01/14/2001,SFF,WA,ANM,WE,Federal Contract Tower,0,18,12,1,31,0,7,0,1,8,0,25,12,2,39,4,0,4,43
01/15/2001,SFF,WA,ANM,WE,Federal Contract Tower,0,9,7,0,16,0,6,38,0,44,0,15,45,0,60,68,0,68,128
01/16/2001,SFF,WA,ANM,WE,Federal Contract Tower,0,12,11,1,24,0,9,5,5,19,0,21,16,6,43,32,0,32,75
01/17/2001,SFF,WA,ANM,WE,Federal Contract Tower,0,6,5,0,11,0,18,18,0,36,0,24,23,0,47,36,0,36,83
01/18/2001,SFF,WA,ANM,WE,Federal Contract Tower,0,4,2,0,6,0,5,19,2,26,0,9,21,2,32,22,0,22,54
01/19/2001,SFF,WA,ANM,WE,Federal Contract Tower,0,8,4,0,12,0,9,0,0,9,0,17,4,0,21,0,0,0,21
01/20/2001,SFF,WA,ANM,WE,Federal Contract Tower,0,8,6,0,14,0,20,109,0,129,0,28,115,0,143,108,0,108,251
01/21/2001,SFF,WA,ANM,WE,Federal Contract Tower,0,10,7,0,17,0,4,3,0,7,0,14,10,0,24,42,0,42,66
01/22/2001,SFF,WA,ANM,WE,Federal Contract Tower,0,15,8,0,23,0,16,0,0,16,0,31,8,0,39,26,0,26,65
01/23/2001,SFF,WA,ANM,WE,Federal Contract Tower,0,12,9,0,21,0,29,109,10,148,0,41,118,10,169,176,0,176,345
01/24/2001,SFF,WA,ANM,WE,Federal Contract Tower,0,10,8,0,18,0,15,78,0,93,0,25,86,0,111,138,0,138,249
01/25/2001,SFF,WA,ANM,WE,Federal Contract Tower,0,8,7,0,15,0,0,2,0,2,0,8,9,0,17,54,0,54,71
01/26/2001,SFF,WA,ANM,WE,Federal Contract Tower,0,11,8,0,19,0,25,55,0,80,0,36,63,0,99,97,0,97,196
01/27/2001,SFF,WA,ANM,WE,Federal Contract Tower,0,11,9,0,20,0,1,13,0,14,0,12,22,0,34,80,0,80,114
01/28/2001,SFF,WA,ANM,WE,Federal Contract Tower,0,9,7,0,16,0,18,1,0,19,0,27,8,0,35,22,0,22,57
01/29/2001,SFF,WA,ANM,WE,Federal Contract Tower,0,7,5,0,12,0,25,17,0,42,0,32,22,0,54,2,0,2,56
01/30/2001,SFF,WA,ANM,WE,Federal Contract Tower,0,12,9,0,21,0,0,28,2,30,0,12,37,2,51,54,0,54,105
01/31/2001,SFF,WA,ANM,WE,Federal Contract Tower,0,14,11,0,25,0,22,48,0,70,0,36,59,0,95,104,0,104,199
02/01/2001,SFF,WA,ANM,WE,Federal Contract Tower,0,16,11,0,27,0,13,87,0,100,0,29,98,0,127,180,0,180,307
02/02/2001,SFF,WA,ANM,WE,Federal Contract Tower,0,8,6,0,14,0,24,45,0,69,0,32,51,0,83,92,0,92,175
02/03/2001,SFF,WA,ANM,WE,Federal Contract Tower,0,16,11,0,27,0,4,132,2,138,0,20,143,2,165,146,0,146,311
02/04/2001,SFF,WA,ANM,WE,Federal Contract Tower,0,3,2,0,5,0,1,0,0,1,0,4,2,0,6,0,0,0,6
02/05/2001,SFF,WA,ANM,WE,Federal Contract Tower,0,10,8,0,18,0,30,20,0,50,0,40,28,0,68,20,0,20,88
02/06/2001,SFF,WA,ANM,WE,Federal Contract Tower,0,13,10,0,23,0,28,105,4,137,0,41,115,4,160,192,0,192,352
02/07/2001,SFF,WA,ANM,WE,Federal Contract Tower,0,10,6,1,17,0,24,99,3,126,0,34,105,4,143,104,0,104,247
02/08/2001,SFF,WA,ANM,WE,Federal Contract Tower,0,13,8,1,22,0,13,63,3,79,0,26,71,4,101,100,0,100,201
02/09/2001,SFF,WA,ANM,WE,Federal Contract Tower,0,9,5,0,14,0,6,1,0,7,0,15,6,0,21,26,0,26,47
02/10/2001,SFF,WA,ANM,WE,Federal Contract Tower,0,6,3,1,10,0,16,31,7,54,0,22,34,8,64,78,0,78,142
02/11/2001,SFF,WA,ANM,WE,Federal Contract Tower,0,4,2,1,7,0,11,92,3,106,0,15,94,4,113,80,0,80,193
02/12/2001,SFF,WA,ANM,WE,Federal Contract Tower,0,9,6,0,15,0,27,44,0,71,0,36,50,0,86,100,0,100,186
02/13/2001,SFF,WA,ANM,WE,Federal Contract Tower,0,9,5,0,14,0,15,65,0,80,0,24,70,0,94,124,0,124,218
02/14/2001,SFF,WA,ANM,WE,Federal Contract Tower,0,7,5,1,13,0,26,60,9,95,0,33,65,10,108,72,0,72,180
02/15/2001,SFF,WA,ANM,WE,Federal Contract Tower,0,11,7,0,18,0,5,34,0,39,0,16,41,0,57,108,0,108,165
02/16/2001,SFF,WA,ANM,WE,Federal Contract Tower,0,7,4,0,11,0,4,7,0,11,0,11,11,0,22,29,0,29,51
02/17/2001,SFF,WA,ANM,WE,Federal Contract Tower,0,8,5,1,14,0,16,77,1,94,0,24,82,2,108,84,0,84,192
02/18/2001,SFF,WA,ANM,WE,Federal Contract Tower,0,7,4,0,11,0,11,8,0,19,0,18,12,0,30,28,0,28,58
02/19/2001,SFF,WA,ANM,WE,Federal Contract Tower,0,11,6,0,17,0,21,81,0,102,0,32,87,0,119,144,0,144,263
02/20/2001,SFF,WA,ANM,WE,Federal Contract Tower,0,12,7,0,19,0,13,59,0,72,0,25,66,0,91,152,0,152,243
02/21/2001,SFF,WA,ANM,WE,Federal Contract Tower,0,18,11,0,29,0,24,56,0,80,0,42,67,0,109,74,0,74,183
02/22/2001,SFF,WA,ANM,WE,Federal Contract Tower,0,8,8,0,16,0,0,12,0,12,0,8,20,0,28,18,0,18,46
02/23/2001,SFF,WA,ANM,WE,Federal Contract Tower,0,13,7,0,20,0,18,18,0,36,0,31,25,0,56,6,0,6,62
02/24/2001,SFF,WA,ANM,WE,Federal Contract Tower,0,6,3,0,9,0,16,76,4,96,0,22,79,4,105,101,0,101,206
02/25/2001,SFF,WA,ANM,WE,Federal Contract Tower,0,10,5,0,15,0,14,126,2,142,0,24,131,2,157,102,2,104,261
02/26/2001,SFF,WA,ANM,WE,Federal Contract Tower,0,10,5,0,15,0,19,92,0,111,0,29,97,0,126,69,0,69,195
02/27/2001,SFF,WA,ANM,WE,Federal Contract Tower,0,13,8,0,21,0,22,105,6,133,0,35,113,6,154,56,5,61,215
02/28/2001,SFF,WA,ANM,WE,Federal Contract Tower,0,8,5,0,13,0,13,106,0,119,0,21,111,0,132,106,0,106,238
03/01/2001,SFF,WA,ANM,WE,Federal Contract Tower,0,13,14,0,27,0,19,79,2,100,0,32,93,2,127,84,0,84,211
03/02/2001,SFF,WA,ANM,WE,Federal Contract Tower,0,5,5,0,10,0,16,42,0,58,0,21,47,0,68,87,0,87,155
03/03/2001,SFF,WA,ANM,WE,Federal Contract Tower,0,7,8,0,15,0,11,106,0,117,0,18,114,0,132,100,0,100,232
03/04/2001,SFF,WA,ANM,WE,Federal Contract Tower,0,5,4,0,9,0,10,110,0,120,0,15,114,0,129,108,0,108,237
03/05/2001,SFF,WA,ANM,WE,Federal Contract Tower,0,7,8,0,15,0,14,77,0,91,0,21,85,0,106,56,0,56,162
03/06/2001,SFF,WA,ANM,WE,Federal Contract Tower,0,4,3,0,7,0,14,134,0,148,0,18,137,0,155,90,0,90,245
03/07/2001,SFF,WA,ANM,WE,Federal Contract Tower,0,5,4,0,9,0,36,111,0,147,0,41,115,0,156,110,0,110,266
03/08/2001,SFF,WA,ANM,WE,Federal Contract Tower,0,13,15,0,28,0,20,44,0,64,0,33,59,0,92,36,0,36,128
03/09/2001,SFF,WA,ANM,WE,Federal Contract Tower,0,9,9,0,18,0,26,69,0,95,0,35,78,0,113,94,0,94,207
03/10/2001,SFF,WA,ANM,WE,Federal Contract Tower,0,11,11,0,22,0,25,127,0,152,0,36,138,0,174,84,0,84,258
03/11/2001,SFF,WA,ANM,WE,Federal Contract Tower,0,2,2,0,4,0,16,76,0,92,0,18,78,0,96,125,0,125,221
03/12/2001,SFF,WA,ANM,WE,Federal Contract Tower,0,4,5,0,9,0,27,60,0,87,0,31,65,0,96,80,0,80,176
03/13/2001,SFF,WA,ANM,WE,Federal Contract Tower,0,4,5,0,9,0,18,9,0,27,0,22,14,0,36,16,0,16,52
03/14/2001,SFF,WA,ANM,WE,Federal Contract Tower,0,7,9,0,16,0,29,69,0,98,0,36,78,0,114,162,0,162,276
03/15/2001,SFF,WA,ANM,WE,Federal Contract Tower,0,12,16,0,28,0,22,76,0,98,0,34,92,0,126,112,0,112,238
03/16/2001,SFF,WA,ANM,WE,Federal Contract Tower,0,11,14,0,25,0,14,29,0,43,0,25,43,0,68,44,0,44,112
03/17/2001,SFF,WA,ANM,WE,Federal Contract Tower,0,5,8,0,13,0,9,78,2,89,0,14,86,2,102,116,0,116,218
03/18/2001,SFF,WA,ANM,WE,Federal Contract Tower,0,3,5,0,8,0,10,15,0,25,0,13,20,0,33,14,0,14,47
03/19/2001,SFF,WA,ANM,WE,Federal Contract Tower,0,4,5,0,9,0,21,32,2,55,0,25,37,2,64,54,0,54,118
03/20/2001,SFF,WA,ANM,WE,Federal Contract Tower,0,3,4,0,7,0,19,115,0,134,0,22,119,0,141,82,0,82,223
03/21/2001,SFF,WA,ANM,WE,Federal Contract Tower,0,4,6,0,10,0,23,112,0,135,0,27,118,0,145,74,0,74,219
03/22/2001,SFF,WA,ANM,WE,Federal Contract Tower,0,3,4,0,7,0,30,128,2,160,0,33,132,2,167,80,2,82,249
03/23/2001,SFF,WA,ANM,WE,Federal Contract Tower,0,7,10,0,17,0,18,137,2,157,0,25,147,2,174,120,0,120,294
03/24/2001,SFF,WA,ANM,WE,Federal Contract Tower,0,5,7,0,12,0,26,165,0,191,0,31,172,0,203,56,0,56,259
03/25/2001,SFF,WA,ANM,WE,Federal Contract Tower,0,5,8,0,13,0,1,16,0,17,0,6,24,0,30,6,0,6,36
03/26/2001,SFF,WA,ANM,WE,Federal Contract Tower,0,2,4,0,6,0,17,35,0,52,0,19,39,0,58,0,0,0,58
03/27/2001,SFF,WA,ANM,WE,Federal Contract Tower,0,6,8,0,14,0,18,68,0,86,0,24,76,0,100,74,0,74,174
03/28/2001,SFF,WA,ANM,WE,Federal Contract Tower,0,9,12,0,21,0,19,36,0,55,0,28,48,0,76,80,4,84,160
03/29/2001,SFF,WA,ANM,WE,Federal Contract Tower,0,9,11,0,20,0,10,37,0,47,0,19,48,0,67,74,0,74,141
03/30/2001,SFF,WA,ANM,WE,Federal Contract Tower,0,8,10,0,18,0,24,121,2,147,0,32,131,2,165,104,4,108,273
03/31/2001,SFF,WA,ANM,WE,Federal Contract Tower,0,8,10,0,18,0,7,10,4,21,0,15,20,4,39,0,0,0,39
04/01/2001,SFF,WA,ANM,WE,Federal Contract Tower,0,2,13,0,15,0,9,59,0,68,0,11,72,0,83,76,0,76,159
04/02/2001,SFF,WA,ANM,WE,Federal Contract Tower,0,6,7,0,13,0,17,33,0,50,0,23,40,0,63,41,0,41,104
04/03/2001,SFF,WA,ANM,WE,Federal Contract Tower,0,11,5,0,16,0,0,6,0,6,0,11,11,0,22,34,0,34,56
04/04/2001,SFF,WA,ANM,WE,Federal Contract Tower,0,13,6,0,19,0,2,127,0,129,0,15,133,0,148,42,0,42,190
04/05/2001,SFF,WA,ANM,WE,Federal Contract Tower,0,7,9,0,16,0,18,113,0,131,0,25,122,0,147,98,2,100,247
04/06/2001,SFF,WA,ANM,WE,Federal Contract Tower,0,10,7,0,17,0,16,19,0,35,0,26,26,0,52,32,0,32,84
04/07/2001,SFF,WA,ANM,WE,Federal Contract Tower,0,6,6,0,12,0,15,36,0,51,0,21,42,0,63,94,0,94,157
04/08/2001,SFF,WA,ANM,WE,Federal Contract Tower,0,5,8,0,13,0,23,44,0,67,0,28,52,0,80,81,0,81,161
04/09/2001,SFF,WA,ANM,WE,Federal Contract Tower,0,5,12,0,17,0,25,61,0,86,0,30,73,0,103,37,0,37,140
04/10/2001,SFF,WA,ANM,WE,Federal Contract Tower,0,9,5,0,14,0,7,31,0,38,0,16,36,0,52,52,0,52,104
04/11/2001,SFF,WA,ANM,WE,Federal Contract Tower,0,7,8,0,15,0,15,11,0,26,0,22,19,0,41,22,0,22,63
04/12/2001,SFF,WA,ANM,WE,Federal Contract Tower,0,6,6,0,12,0,23,69,0,92,0,29,75,0,104,48,0,48,152
04/13/2001,SFF,WA,ANM,WE,Federal Contract Tower,0,4,17,0,21,0,21,51,0,72,0,25,68,0,93,90,0,90,183
04/14/2001,SFF,WA,ANM,WE,Federal Contract Tower,0,3,6,0,9,0,13,168,0,181,0,16,174,0,190,151,0,151,341
04/15/2001,SFF,WA,ANM,WE,Federal Contract Tower,0,2,0,0,2,0,20,118,0,138,0,22,118,0,140,77,0,77,217
04/16/2001,SFF,WA,ANM,WE,Federal Contract Tower,0,5,14,0,19,0,34,94,0,128,0,39,108,0,147,86,0,86,233
04/17/2001,SFF,WA,ANM,WE,Federal Contract Tower,0,5,10,0,15,0,20,56,0,76,0,25,66,0,91,33,0,33,124
04/18/2001,SFF,WA,ANM,WE,Federal Contract Tower,0,10,12,0,22,0,24,40,0,64,0,34,52,0,86,97,0,97,183
04/19/2001,SFF,WA,ANM,WE,Federal Contract Tower,0,12,16,0,28,0,11,57,0,68,0,23,73,0,96,126,0,126,222
04/20/2001,SFF,WA,ANM,WE,Federal Contract Tower,0,8,9,0,17,0,25,93,0,118,0,33,102,0,135,96,0,96,231
04/21/2001,SFF,WA,ANM,WE,Federal Contract Tower,0,5,6,0,11,0,30,162,0,192,0,35,168,0,203,132,0,132,335
04/22/2001,SFF,WA,ANM,WE,Federal Contract Tower,0,5,3,0,8,0,23,105,0,128,0,28,108,0,136,44,0,44,180
04/23/2001,SFF,WA,ANM,WE,Federal Contract Tower,0,7,18,0,25,0,18,41,0,59,0,25,59,0,84,22,0,22,106
04/24/2001,SFF,WA,ANM,WE,Federal Contract Tower,0,5,8,0,13,0,13,78,2,93,0,18,86,2,106,103,0,103,209
04/25/2001,SFF,WA,ANM,WE,Federal Contract Tower,0,8,7,0,15,0,15,127,1,143,0,23,134,1,158,100,0,100,258
04/26/2001,SFF,WA,ANM,WE,Federal Contract Tower,0,18,5,0,23,0,12,96,2,110,0,30,101,2,133,104,0,104,237
04/27/2001,SFF,WA,ANM,WE,Federal Contract Tower,0,12,5,0,17,0,9,79,2,90,0,21,84,2,107,75,0,75,182
04/28/2001,SFF,WA,ANM,WE,Federal Contract Tower,0,8,12,0,20,0,12,24,0,36,0,20,36,0,56,10,0,10,66
04/29/2001,SFF,WA,ANM,WE,Federal Contract Tower,0,0,4,0,4,0,6,20,0,26,0,6,24,0,30,4,0,4,34
04/30/2001,SFF,WA,ANM,WE,Federal Contract Tower,0,12,1,0,13,0,15,14,0,29,0,27,15,0,42,0,0,0,42
05/01/2001,SFF,WA,ANM,WE,Federal Contract Tower,0,7,2,0,9,0,6,23,2,31,0,13,25,2,40,38,0,38,78
05/02/2001,SFF,WA,ANM,WE,Federal Contract Tower,0,4,10,0,14,0,36,75,0,111,0,40,85,0,125,167,0,167,292
05/03/2001,SFF,WA,ANM,WE,Federal Contract Tower,0,8,2,0,10,0,9,127,4,140,0,17,129,4,150,100,0,100,250
05/04/2001,SFF,WA,ANM,WE,Federal Contract Tower,0,3,17,0,20,0,17,91,0,108,0,20,108,0,128,126,0,126,254
05/05/2001,SFF,WA,ANM,WE,Federal Contract Tower,0,1,7,0,8,0,13,30,0,43,0,14,37,0,51,48,0,48,99
05/06/2001,SFF,WA,ANM,WE,Federal Contract Tower,0,1,5,0,6,0,19,147,0,166,0,20,152,0,172,94,0,94,266
05/07/2001,SFF,WA,ANM,WE,Federal Contract Tower,0,4,2,0,6,0,13,127,0,140,0,17,129,0,146,124,0,124,270
05/08/2001,SFF,WA,ANM,WE,Federal Contract Tower,0,7,5,0,12,0,30,113,4,147,0,37,118,4,159,99,0,99,258
05/09/2001,SFF,WA,ANM,WE,Federal Contract Tower,0,10,8,0,18,0,14,116,0,130,0,24,124,0,148,66,0,66,214
05/10/2001,SFF,WA,ANM,WE,Federal Contract Tower,0,4,4,0,8,0,29,103,0,132,0,33,107,0,140,82,0,82,222
05/11/2001,SFF,WA,ANM,WE,Federal Contract Tower,0,3,13,0,16,0,20,133,0,153,0,23,146,0,169,104,0,104,273
05/12/2001,SFF,WA,ANM,WE,Federal Contract Tower,0,5,3,0,8,0,29,136,0,165,0,34,139,0,173,120,0,120,293
05/13/2001,SFF,WA,ANM,WE,Federal Contract Tower,0,1,7,0,8,0,9,93,0,102,0,10,100,0,110,32,0,32,142
05/14/2001,SFF,WA,ANM,WE,Federal Contract Tower,0,8,7,0,15,0,0,26,0,26,0,8,33,0,41,18,0,18,59
05/15/2001,SFF,WA,ANM,WE,Federal Contract Tower,0,5,11,0,16,0,23,87,0,110,0,28,98,0,126,84,0,84,210
05/16/2001,SFF,WA,ANM,WE,Federal Contract Tower,0,6,8,0,14,0,22,36,2,60,0,28,44,2,74,0,2,2,76
05/17/2001,SFF,WA,ANM,WE,Federal Contract Tower,0,9,19,0,28,0,17,121,0,138,0,26,140,0,166,196,0,196,362
05/18/2001,SFF,WA,ANM,WE,Federal Contract Tower,0,8,12,0,20,0,20,115,0,135,0,28,127,0,155,110,0,110,265
05/19/2001,SFF,WA,ANM,WE,Federal Contract Tower,0,5,9,0,14,0,16,84,4,104,0,21,93,4,118,20,0,20,138
05/20/2001,SFF,WA,ANM,WE,Federal Contract Tower,0,2,21,0,23,0,17,121,0,138,0,19,142,0,161,106,0,106,267
05/21/2001,SFF,WA,ANM,WE,Federal Contract Tower,0,3,11,0,14,0,26,116,4,146,0,29,127,4,160,86,0,86,246
05/22/2001,SFF,WA,ANM,WE,Federal Contract Tower,0,5,14,0,19,0,25,146,0,171,0,30,160,0,190,181,0,181,371
05/23/2001,SFF,WA,ANM,WE,Federal Contract Tower,0,17,1,0,18,0,20,127,3,150,0,37,128,3,168,100,0,100,268
05/24/2001,SFF,WA,ANM,WE,Federal Contract Tower,0,9,6,0,15,0,10,121,0,131,0,19,127,0,146,114,0,114,260
05/25/2001,SFF,WA,ANM,WE,Federal Contract Tower,0,2,16,0,18,0,21,122,2,145,0,23,138,2,163,152,0,152,315
05/26/2001,SFF,WA,ANM,WE,Federal Contract Tower,0,2,11,0,13,0,25,150,4,179,0,27,161,4,192,48,0,48,240
05/27/2001,SFF,WA,ANM,WE,Federal Contract Tower,0,0,4,0,4,0,30,91,0,121,0,30,95,0,125,64,0,64,189
05/28/2001,SFF,WA,ANM,WE,Federal Contract Tower,0,0,11,0,11,0,20,85,0,105,0,20,96,0,116,30,0,30,146
05/29/2001,SFF,WA,ANM,WE,Federal Contract Tower,0,2,6,0,8,0,11,97,0,108,0,13,103,0,116,90,0,90,206
05/30/2001,SFF,WA,ANM,WE,Federal Contract Tower,0,2,11,0,13,0,23,98,0,121,0,25,109,0,134,90,0,90,224
05/31/2001,SFF,WA,ANM,WE,Federal Contract Tower,0,9,15,0,24,0,25,164,0,189,0,34,179,0,213,82,2,84,297
06/01/2001,SFF,WA,ANM,WE,Federal Contract Tower,0,6,10,0,16,0,22,113,0,135,0,28,123,0,151,122,0,122,273
06/02/2001,SFF,WA,ANM,WE,Federal Contract Tower,0,8,35,0,43,0,19,128,1,148,0,27,163,1,191,106,0,106,297
06/03/2001,SFF,WA,ANM,WE,Federal Contract Tower,0,2,36,0,38,0,19,101,0,120,0,21,137,0,158,64,0,64,222
06/04/2001,SFF,WA,ANM,WE,Federal Contract Tower,0,8,11,1,20,0,20,74,1,95,0,28,85,2,115,72,0,72,187
06/05/2001,SFF,WA,ANM,WE,Federal Contract Tower,0,6,23,0,29,0,11,93,0,104,0,17,116,0,133,304,0,304,437
06/06/2001,SFF,WA,ANM,WE,Federal Contract Tower,0,6,10,0,16,0,31,79,0,110,0,37,89,0,126,73,0,73,199
06/07/2001,SFF,WA,ANM,WE,Federal Contract Tower,0,9,17,1,27,0,20,128,5,153,0,29,145,6,180,137,0,137,317
06/08/2001,SFF,WA,ANM,WE,Federal Contract Tower,0,13,12,0,25,0,8,152,0,160,0,21,164,0,185,132,0,132,317
06/09/2001,SFF,WA,ANM,WE,Federal Contract Tower,0,5,5,0,10,0,4,73,0,77,0,9,78,0,87,111,0,111,198
06/10/2001,SFF,WA,ANM,WE,Federal Contract Tower,0,0,4,0,4,0,8,58,0,66,0,8,62,0,70,16,0,16,86
06/11/2001,SFF,WA,ANM,WE,Federal Contract Tower,0,3,10,0,13,0,8,59,0,67,0,11,69,0,80,18,0,18,98
06/12/2001,SFF,WA,ANM,WE,Federal Contract Tower,0,5,8,0,13,0,28,88,0,116,0,33,96,0,129,116,0,116,245
06/13/2001,SFF,WA,ANM,WE,Federal Contract Tower,0,9,13,0,22,0,29,108,0,137,0,38,121,0,159,154,0,154,313
06/14/2001,SFF,WA,ANM,WE,Federal Contract Tower,0,10,9,0,19,0,36,111,0,147,0,46,120,0,166,55,0,55,221
06/15/2001,SFF,WA,ANM,WE,Federal Contract Tower,0,3,14,0,17,0,38,139,6,183,0,41,153,6,200,102,0,102,302
06/16/2001,SFF,WA,ANM,WE,Federal Contract Tower,0,3,6,0,9,0,56,174,0,230,0,59,180,0,239,88,0,88,327
06/17/2001,SFF,WA,ANM,WE,Federal Contract Tower,0,2,9,0,11,0,13,170,0,183,0,15,179,0,194,84,0,84,278
06/18/2001,SFF,WA,ANM,WE,Federal Contract Tower,0,7,9,0,16,0,22,111,0,133,0,29,120,0,149,152,0,152,301
06/19/2001,SFF,WA,ANM,WE,Federal Contract Tower,0,2,6,0,8,0,14,122,2,138,0,16,128,2,146,88,0,88,234
06/20/2001,SFF,WA,ANM,WE,Federal Contract Tower,0,5,7,0,12,0,17,124,0,141,0,22,131,0,153,145,0,145,298
06/21/2001,SFF,WA,ANM,WE,Federal Contract Tower,0,2,8,0,10,0,11,139,2,152,0,13,147,2,162,87,0,87,249
06/22/2001,SFF,WA,ANM,WE,Federal Contract Tower,0,11,3,0,14,0,7,113,0,120,0,18,116,0,134,74,0,74,208
06/23/2001,SFF,WA,ANM,WE,Federal Contract Tower,0,4,15,0,19,0,32,189,0,221,0,36,204,0,240,94,0,94,334
06/24/2001,SFF,WA,ANM,WE,Federal Contract Tower,0,5,8,0,13,0,22,77,0,99,0,27,85,0,112,108,0,108,220
06/25/2001,SFF,WA,ANM,WE,Federal Contract Tower,0,5,16,0,21,0,13,77,0,90,0,18,93,0,111,86,0,86,197
06/26/2001,SFF,WA,ANM,WE,Federal Contract Tower,0,6,18,0,24,0,16,115,0,131,0,22,133,0,155,132,0,132,287
06/27/2001,SFF,WA,ANM,WE,Federal Contract Tower,0,7,16,0,23,0,10,35,0,45,0,17,51,0,68,46,0,46,114
06/28/2001,SFF,WA,ANM,WE,Federal Contract Tower,0,13,11,0,24,0,17,98,6,121,0,30,109,6,145,80,0,80,225
06/29/2001,SFF,WA,ANM,WE,Federal Contract Tower,0,6,9,0,15,0,11,155,0,166,0,17,164,0,181,104,0,104,285
06/30/2001,SFF,WA,ANM,WE,Federal Contract Tower,0,2,21,0,23,0,24,158,0,182,0,26,179,0,205,128,0,128,333
07/01/2001,SFF,WA,ANM,WE,Federal Contract Tower,0,0,4,0,4,0,14,133,0,147,0,14,137,0,151,54,0,54,205
07/02/2001,SFF,WA,ANM,WE,Federal Contract Tower,0,2,8,0,10,0,20,120,0,140,0,22,128,0,150,86,0,86,236
07/03/2001,SFF,WA,ANM,WE,Federal Contract Tower,0,3,8,0,11,0,12,147,2,161,0,15,155,2,172,156,0,156,328
07/04/2001,SFF,WA,ANM,WE,Federal Contract Tower,0,8,1,0,9,0,13,94,0,107,0,21,95,0,116,80,0,80,196
07/05/2001,SFF,WA,ANM,WE,Federal Contract Tower,0,4,4,0,8,0,22,89,0,111,0,26,93,0,119,36,0,36,155
07/06/2001,SFF,WA,ANM,WE,Federal Contract Tower,0,9,9,1,19,0,15,103,5,123,0,24,112,6,142,86,0,86,228
07/07/2001,SFF,WA,ANM,WE,Federal Contract Tower,0,5,5,0,10,0,35,121,0,156,0,40,126,0,166,66,0,66,232
07/08/2001,SFF,WA,ANM,WE,Federal Contract Tower,0,3,6,0,9,0,19,133,0,152,0,22,139,0,161,94,0,94,255
07/09/2001,SFF,WA,ANM,WE,Federal Contract Tower,0,4,4,0,8,0,28,106,0,134,0,32,110,0,142,92,0,92,234
07/10/2001,SFF,WA,ANM,WE,Federal Contract Tower,0,4,10,0,14,0,24,161,0,185,0,28,171,0,199,170,0,170,369
07/11/2001,SFF,WA,ANM,WE,Federal Contract Tower,0,6,8,0,14,0,16,124,0,140,0,22,132,0,154,162,0,162,316
07/12/2001,SFF,WA,ANM,WE,Federal Contract Tower,0,6,10,0,16,0,47,147,0,194,0,53,157,0,210,177,0,177,387
07/13/2001,SFF,WA,ANM,WE,Federal Contract Tower,0,4,16,0,20,0,18,127,0,145,0,22,143,0,165,68,0,68,233
07/14/2001,SFF,WA,ANM,WE,Federal Contract Tower,0,4,11,0,15,0,20,145,0,165,0,24,156,0,180,87,0,87,267
07/15/2001,SFF,WA,ANM,WE,Federal Contract Tower,0,0,12,0,12,0,12,108,0,120,0,12,120,0,132,68,0,68,200
07/16/2001,SFF,WA,ANM,WE,Federal Contract Tower,0,4,7,0,11,0,10,34,0,44,0,14,41,0,55,46,0,46,101
07/17/2001,SFF,WA,ANM,WE,Federal Contract Tower,0,5,10,0,15,0,18,95,0,113,0,23,105,0,128,90,0,90,218
07/18/2001,SFF,WA,ANM,WE,Federal Contract Tower,0,5,12,0,17,0,39,128,0,167,0,44,140,0,184,70,0,70,254
07/19/2001,SFF,WA,ANM,WE,Federal Contract Tower,0,2,10,0,12,0,10,146,0,156,0,12,156,0,168,144,0,144,312
07/20/2001,SFF,WA,ANM,WE,Federal Contract Tower,0,8,14,0,22,0,20,161,2,183,0,28,175,2,205,179,0,179,384
07/21/2001,SFF,WA,ANM,WE,Federal Contract Tower,0,9,11,0,20,0,18,217,0,235,0,27,228,0,255,280,0,280,535
07/22/2001,SFF,WA,ANM,WE,Federal Contract Tower,0,6,22,1,29,0,21,188,1,210,0,27,210,2,239,83,0,83,322
07/23/2001,SFF,WA,ANM,WE,Federal Contract Tower,0,7,3,0,10,0,18,127,8,153,0,25,130,8,163,128,0,128,291
07/24/2001,SFF,WA,ANM,WE,Federal Contract Tower,0,5,14,0,19,0,9,101,0,110,0,14,115,0,129,132,0,132,261
07/25/2001,SFF,WA,ANM,WE,Federal Contract Tower,0,4,10,0,14,0,29,127,0,156,0,33,137,0,170,106,0,106,276
07/26/2001,SFF,WA,ANM,WE,Federal Contract Tower,0,3,23,0,26,0,24,128,0,152,0,27,151,0,178,220,0,220,398
07/27/2001,SFF,WA,ANM,WE,Federal Contract Tower,0,4,7,0,11,0,21,116,0,137,0,25,123,0,148,61,0,61,209
07/28/2001,SFF,WA,ANM,WE,Federal Contract Tower,0,7,3,0,10,0,22,71,2,95,0,29,74,2,105,47,0,47,152
07/29/2001,SFF,WA,ANM,WE,Federal Contract Tower,0,2,9,0,11,0,13,93,0,106,0,15,102,0,117,74,0,74,191
07/30/2001,SFF,WA,ANM,WE,Federal Contract Tower,0,4,7,0,11,0,16,94,0,110,0,20,101,0,121,78,0,78,199
07/31/2001,SFF,WA,ANM,WE,Federal Contract Tower,0,2,8,0,10,0,22,111,0,133,0,24,119,0,143,152,0,152,295
08/01/2001,SFF,WA,ANM,WE,Federal Contract Tower,0,5,8,0,13,0,19,121,0,140,0,24,129,0,153,138,0,138,291
08/02/2001,SFF,WA,ANM,WE,Federal Contract Tower,0,2,3,0,5,0,20,146,0,166,0,22,149,0,171,100,0,100,271
08/03/2001,SFF,WA,ANM,WE,Federal Contract Tower,0,7,10,0,17,0,11,82,2,95,0,18,92,2,112,113,0,113,225
08/04/2001,SFF,WA,ANM,WE,Federal Contract Tower,0,11,9,0,20,0,11,91,0,102,0,22,100,0,122,66,0,66,188
08/05/2001,SFF,WA,ANM,WE,Federal Contract Tower,0,3,0,0,3,0,30,120,0,150,0,33,120,0,153,63,0,63,216
08/06/2001,SFF,WA,ANM,WE,Federal Contract Tower,0,2,7,0,9,0,10,104,0,114,0,12,111,0,123,112,0,112,235
08/07/2001,SFF,WA,ANM,WE,Federal Contract Tower,0,5,8,0,13,0,21,141,0,162,0,26,149,0,175,126,0,126,301
08/08/2001,SFF,WA,ANM,WE,Federal Contract Tower,0,4,5,0,9,0,28,140,0,168,0,32,145,0,177,134,0,134,311
08/09/2001,SFF,WA,ANM,WE,Federal Contract Tower,0,2,8,0,10,0,17,119,0,136,0,19,127,0,146,174,0,174,320
08/10/2001,SFF,WA,ANM,WE,Federal Contract Tower,0,4,5,0,9,0,9,105,0,114,0,13,110,0,123,64,0,64,187
08/11/2001,SFF,WA,ANM,WE,Federal Contract Tower,0,5,5,0,10,0,22,145,0,167,0,27,150,0,177,52,0,52,229
08/12/2001,SFF,WA,ANM,WE,Federal Contract Tower,0,0,3,0,3,0,32,98,0,130,0,32,101,0,133,40,0,40,173
08/13/2001,SFF,WA,ANM,WE,Federal Contract Tower,0,4,9,0,13,0,31,83,0,114,0,35,92,0,127,95,0,95,222
08/14/2001,SFF,WA,ANM,WE,Federal Contract Tower,0,2,10,0,12,0,14,119,0,133,0,16,129,0,145,102,0,102,247
08/15/2001,SFF,WA,ANM,WE,Federal Contract Tower,0,2,7,0,9,0,17,127,0,144,0,19,134,0,153,62,0,62,215
08/16/2001,SFF,WA,ANM,WE,Federal Contract Tower,0,5,7,0,12,0,25,124,0,149,0,30,131,0,161,104,0,104,265
08/17/2001,SFF,WA,ANM,WE,Federal Contract Tower,0,3,7,0,10,0,30,95,0,125,0,33,102,0,135,84,0,84,219
08/18/2001,SFF,WA,ANM,WE,Federal Contract Tower,0,2,4,0,6,0,32,122,0,154,0,34,126,0,160,76,0,76,236
08/19/2001,SFF,WA,ANM,WE,Federal Contract Tower,0,2,1,0,3,0,19,102,0,121,0,21,103,0,124,60,0,60,184
08/20/2001,SFF,WA,ANM,WE,Federal Contract Tower,0,3,4,0,7,0,16,122,0,138,0,19,126,0,145,77,0,77,222
08/21/2001,SFF,WA,ANM,WE,Federal Contract Tower,0,4,5,0,9,0,17,136,0,153,0,21,141,0,162,140,0,140,302
08/22/2001,SFF,WA,ANM,WE,Federal Contract Tower,0,2,8,0,10,0,19,97,1,117,0,21,105,1,127,136,0,136,263
08/23/2001,SFF,WA,ANM,WE,Federal Contract Tower,0,4,7,0,11,0,18,85,2,105,0,22,92,2,116,86,0,86,202
08/24/2001,SFF,WA,ANM,WE,Federal Contract Tower,0,2,13,0,15,0,25,120,0,145,0,27,133,0,160,94,0,94,254
08/25/2001,SFF,WA,ANM,WE,Federal Contract Tower,0,3,12,0,15,0,21,142,0,163,0,24,154,0,178,127,0,127,305
08/26/2001,SFF,WA,ANM,WE,Federal Contract Tower,0,0,6,0,6,0,19,123,0,142,0,19,129,0,148,42,0,42,190
08/27/2001,SFF,WA,ANM,WE,Federal Contract Tower,0,5,7,0,12,0,40,130,0,170,0,45,137,0,182,46,0,46,228
08/28/2001,SFF,WA,ANM,WE,Federal Contract Tower,0,7,8,0,15,0,18,105,0,123,0,25,113,0,138,130,0,130,268
08/29/2001,SFF,WA,ANM,WE,Federal Contract Tower,0,2,8,0,10,0,6,115,0,121,0,8,123,0,131,194,0,194,325
08/30/2001,SFF,WA,ANM,WE,Federal Contract Tower,0,3,10,0,13,0,11,135,0,146,0,14,145,0,159,126,0,126,285
08/31/2001,SFF,WA,ANM,WE,Federal Contract Tower,0,2,6,0,8,0,13,105,0,118,0,15,111,0,126,90,0,90,216
09/01/2001,SFF,WA,ANM,WE,Federal Contract Tower,0,3,5,0,8,0,11,73,0,84,0,14,78,0,92,34,0,34,126
09/02/2001,SFF,WA,ANM,WE,Federal Contract Tower,0,4,0,0,4,0,19,93,0,112,0,23,93,0,116,72,0,72,188
09/03/2001,SFF,WA,ANM,WE,Federal Contract Tower,0,2,3,0,5,0,14,117,0,131,0,16,120,0,136,80,0,80,216
09/04/2001,SFF,WA,ANM,WE,Federal Contract Tower,0,0,3,0,3,0,19,77,0,96,0,19,80,0,99,64,0,64,163
09/05/2001,SFF,WA,ANM,WE,Federal Contract Tower,0,1,6,0,7,0,23,70,0,93,0,24,76,0,100,88,0,88,188
09/06/2001,SFF,WA,ANM,WE,Federal Contract Tower,0,2,8,0,10,0,20,88,0,108,0,22,96,0,118,76,0,76,194
09/07/2001,SFF,WA,ANM,WE,Federal Contract Tower,0,1,5,0,6,0,24,68,0,92,0,25,73,0,98,184,0,184,282
09/08/2001,SFF,WA,ANM,WE,Federal Contract Tower,0,0,3,0,3,0,29,136,0,165,0,29,139,0,168,42,0,42,210
09/09/2001,SFF,WA,ANM,WE,Federal Contract Tower,0,2,1,0,3,0,25,157,0,182,0,27,158,0,185,64,0,64,249
09/10/2001,SFF,WA,ANM,WE,Federal Contract Tower,0,1,3,0,4,0,31,88,0,119,0,32,91,0,123,142,0,142,265
09/11/2001,SFF,WA,ANM,WE,Federal Contract Tower,0,2,0,0,2,0,3,6,0,9,0,5,6,0,11,0,0,0,11
09/12/2001,SFF,WA,ANM,WE,Federal Contract Tower,0,0,0,0,0,0,3,0,0,3,0,3,0,0,3,0,0,0,3
09/13/2001,SFF,WA,ANM,WE,Federal Contract Tower,0,12,0,0,12,0,2,3,0,5,0,14,3,0,17,0,0,0,17
09/14/2001,SFF,WA,ANM,WE,Federal Contract Tower,0,7,5,0,12,0,22,4,0,26,0,29,9,0,38,0,0,0,38
09/15/2001,SFF,WA,ANM,WE,Federal Contract Tower,0,14,2,0,16,0,17,5,0,22,0,31,7,0,38,0,0,0,38
09/16/2001,SFF,WA,ANM,WE,Federal Contract Tower,0,4,8,0,12,0,19,3,4,26,0,23,11,4,38,0,0,0,38
09/17/2001,SFF,WA,ANM,WE,Federal Contract Tower,0,4,19,0,23,0,9,17,0,26,0,13,36,0,49,0,0,0,49
09/18/2001,SFF,WA,ANM,WE,Federal Contract Tower,0,2,21,0,23,0,7,3,0,10,0,9,24,0,33,0,0,0,33
09/19/2001,SFF,WA,ANM,WE,Federal Contract Tower,0,2,21,0,23,0,16,13,0,29,0,18,34,0,52,0,0,0,52
09/20/2001,SFF,WA,ANM,WE,Federal Contract Tower,0,2,11,0,13,0,18,70,0,88,0,20,81,0,101,2,0,2,103
09/21/2001,SFF,WA,ANM,WE,Federal Contract Tower,0,3,7,0,10,0,19,57,2,78,0,22,64,2,88,4,0,4,92
09/22/2001,SFF,WA,ANM,WE,Federal Contract Tower,0,3,10,0,13,0,19,100,0,119,0,22,110,0,132,52,0,52,184
09/23/2001,SFF,WA,ANM,WE,Federal Contract Tower,0,3,6,0,9,0,19,100,0,119,0,22,106,0,128,20,0,20,148
09/24/2001,SFF,WA,ANM,WE,Federal Contract Tower,0,2,5,0,7,0,10,59,0,69,0,12,64,0,76,42,0,42,118
09/25/2001,SFF,WA,ANM,WE,Federal Contract Tower,0,3,12,0,15,0,11,49,0,60,0,14,61,0,75,88,0,88,163
09/26/2001,SFF,WA,ANM,WE,Federal Contract Tower,0,6,3,0,9,0,15,73,0,88,0,21,76,0,97,78,0,78,175
09/27/2001,SFF,WA,ANM,WE,Federal Contract Tower,0,2,15,0,17,0,17,73,0,90,0,19,88,0,107,124,0,124,231
09/28/2001,SFF,WA,ANM,WE,Federal Contract Tower,0,2,23,0,25,0,16,73,0,89,0,18,96,0,114,118,0,118,232
09/29/2001,SFF,WA,ANM,WE,Federal Contract Tower,0,2,5,0,7,0,17,137,0,154,0,19,142,0,161,126,0,126,287
09/30/2001,SFF,WA,ANM,WE,Federal Contract Tower,0,1,0,0,1,0,17,136,0,153,0,18,136,0,154,66,0,66,220
10/01/2001,SFF,WA,ANM,WE,Federal Contract Tower,0,4,7,0,11,0,29,88,0,117,0,33,95,0,128,138,0,138,266
10/02/2001,SFF,WA,ANM,WE,Federal Contract Tower,0,1,3,0,4,0,13,73,0,86,0,14,76,0,90,124,0,124,214
10/03/2001,SFF,WA,ANM,WE,Federal Contract Tower,0,1,0,0,1,0,10,83,0,93,0,11,83,0,94,104,0,104,198
10/04/2001,SFF,WA,ANM,WE,Federal Contract Tower,0,0,4,0,4,0,15,60,0,75,0,15,64,0,79,36,0,36,115
10/05/2001,SFF,WA,ANM,WE,Federal Contract Tower,0,0,2,0,2,0,33,107,0,140,0,33,109,0,142,132,0,132,274
10/06/2001,SFF,WA,ANM,WE,Federal Contract Tower,0,0,3,0,3,0,24,119,0,143,0,24,122,0,146,35,0,35,181
10/07/2001,SFF,WA,ANM,WE,Federal Contract Tower,0,2,4,0,6,0,18,96,0,114,0,20,100,0,120,48,0,48,168
10/08/2001,SFF,WA,ANM,WE,Federal Contract Tower,0,5,3,0,8,0,8,22,0,30,0,13,25,0,38,40,0,40,78
10/09/2001,SFF,WA,ANM,WE,Federal Contract Tower,0,2,3,0,5,0,12,73,0,85,0,14,76,0,90,100,0,100,190
10/10/2001,SFF,WA,ANM,WE,Federal Contract Tower,0,3,3,0,6,0,15,45,0,60,0,18,48,0,66,74,0,74,140
10/11/2001,SFF,WA,ANM,WE,Federal Contract Tower,0,1,4,0,5,0,18,54,0,72,0,19,58,0,77,72,0,72,149
10/12/2001,SFF,WA,ANM,WE,Federal Contract Tower,0,5,5,0,10,0,3,14,0,17,0,8,19,0,27,28,0,28,55
10/13/2001,SFF,WA,ANM,WE,Federal Contract Tower,0,0,5,0,5,0,14,83,0,97,0,14,88,0,102,40,0,40,142
10/14/2001,SFF,WA,ANM,WE,Federal Contract Tower,0,2,1,0,3,0,8,42,0,50,0,10,43,0,53,24,0,24,77
10/15/2001,SFF,WA,ANM,WE,Federal Contract Tower,0,1,7,0,8,0,12,86,0,98,0,13,93,0,106,66,0,66,172
10/16/2001,SFF,WA,ANM,WE,Federal Contract Tower,0,1,7,0,8,0,20,74,0,94,0,21,81,0,102,104,0,104,206
10/17/2001,SFF,WA,ANM,WE,Federal Contract Tower,0,2,3,0,5,0,17,69,0,86,0,19,72,0,91,90,0,90,181
10/18/2001,SFF,WA,ANM,WE,Federal Contract Tower,0,4,3,1,8,0,6,49,1,56,0,10,52,2,64,70,0,70,134
10/19/2001,SFF,WA,ANM,WE,Federal Contract Tower,0,6,2,0,8,0,15,58,0,73,0,21,60,0,81,88,0,88,169
10/20/2001,SFF,WA,ANM,WE,Federal Contract Tower,0,3,6,0,9,0,9,40,0,49,0,12,46,0,58,44,0,44,102
10/21/2001,SFF,WA,ANM,WE,Federal Contract Tower,0,2,5,0,7,0,3,28,0,31,0,5,33,0,38,36,0,36,74
10/22/2001,SFF,WA,ANM,WE,Federal Contract Tower,0,5,5,0,10,0,16,34,0,50,0,21,39,0,60,32,0,32,92
10/23/2001,SFF,WA,ANM,WE,Federal Contract Tower,0,5,4,0,9,0,7,30,0,37,0,12,34,0,46,0,0,0,46
10/24/2001,SFF,WA,ANM,WE,Federal Contract Tower,0,7,5,0,12,0,8,68,0,76,0,15,73,0,88,92,0,92,180
10/25/2001,SFF,WA,ANM,WE,Federal Contract Tower,0,2,7,0,9,0,3,41,0,44,0,5,48,0,53,82,0,82,135
10/26/2001,SFF,WA,ANM,WE,Federal Contract Tower,0,2,3,0,5,0,22,117,0,139,0,24,120,0,144,114,0,114,258
10/27/2001,SFF,WA,ANM,WE,Federal Contract Tower,0,5,2,0,7,0,10,48,0,58,0,15,50,0,65,71,0,71,136
10/28/2001,SFF,WA,ANM,WE,Federal Contract Tower,0,2,3,0,5,0,14,105,0,119,0,16,108,0,124,40,0,40,164
10/29/2001,SFF,WA,ANM,WE,Federal Contract Tower,0,10,1,0,11,0,1,27,0,28,0,11,28,0,39,48,0,48,87
10/30/2001,SFF,WA,ANM,WE,Federal Contract Tower,0,2,6,0,8,0,1,0,0,1,0,3,6,0,9,7,0,7,16
10/31/2001,SFF,WA,ANM,WE,Federal Contract Tower,0,3,3,0,6,0,12,25,0,37,0,15,28,0,43,30,0,30,73
11/01/2001,SFF,WA,ANM,WE,Federal Contract Tower,0,6,11,0,17,0,17,31,0,48,0,23,42,0,65,72,0,72,137
11/02/2001,SFF,WA,ANM,WE,Federal Contract Tower,0,2,4,0,6,0,10,45,0,55,0,12,49,0,61,104,0,104,165
11/03/2001,SFF,WA,ANM,WE,Federal Contract Tower,0,0,7,0,7,0,20,122,5,147,0,20,129,5,154,116,0,116,270
11/04/2001,SFF,WA,ANM,WE,Federal Contract Tower,0,0,2,0,2,0,4,51,0,55,0,4,53,0,57,34,0,34,91
11/05/2001,SFF,WA,ANM,WE,Federal Contract Tower,0,1,2,0,3,0,4,37,0,41,0,5,39,0,44,91,0,91,135
11/06/2001,SFF,WA,ANM,WE,Federal Contract Tower,0,7,1,0,8,0,13,41,0,54,0,20,42,0,62,56,0,56,118
11/07/2001,SFF,WA,ANM,WE,Federal Contract Tower,0,6,1,0,7,0,12,68,0,80,0,18,69,0,87,146,0,146,233
11/08/2001,SFF,WA,ANM,WE,Federal Contract Tower,0,0,6,0,6,0,12,82,0,94,0,12,88,0,100,108,0,108,208
11/09/2001,SFF,WA,ANM,WE,Federal Contract Tower,0,2,3,0,5,0,16,102,2,120,0,18,105,2,125,76,0,76,201
11/10/2001,SFF,WA,ANM,WE,Federal Contract Tower,0,4,5,0,9,0,17,140,0,157,0,21,145,0,166,126,0,126,292
11/11/2001,SFF,WA,ANM,WE,Federal Contract Tower,0,2,7,0,9,0,6,122,2,130,0,8,129,2,139,114,0,114,253
11/12/2001,SFF,WA,ANM,WE,Federal Contract Tower,0,5,4,0,9,0,15,97,0,112,0,20,101,0,121,54,0,54,175
11/13/2001,SFF,WA,ANM,WE,Federal Contract Tower,0,8,12,0,20,0,21,46,0,67,0,29,58,0,87,76,0,76,163
11/14/2001,SFF,WA,ANM,WE,Federal Contract Tower,0,12,4,0,16,0,5,26,0,31,0,17,30,0,47,6,0,6,53
11/15/2001,SFF,WA,ANM,WE,Federal Contract Tower,0,7,9,0,16,0,19,48,0,67,0,26,57,0,83,53,0,53,136
11/16/2001,SFF,WA,ANM,WE,Federal Contract Tower,0,11,9,1,21,0,4,12,1,17,0,15,21,2,38,37,0,37,75
11/17/2001,SFF,WA,ANM,WE,Federal Contract Tower,0,12,10,0,22,0,0,19,0,19,0,12,29,0,41,73,0,73,114
11/18/2001,SFF,WA,ANM,WE,Federal Contract Tower,0,5,11,0,16,0,11,65,0,76,0,16,76,0,92,56,0,56,148
11/19/2001,SFF,WA,ANM,WE,Federal Contract Tower,0,9,7,0,16,0,5,68,0,73,0,14,75,0,89,72,0,72,161
11/20/2001,SFF,WA,ANM,WE,Federal Contract Tower,0,8,12,0,20,0,27,69,2,98,0,35,81,2,118,90,0,90,208
11/21/2001,SFF,WA,ANM,WE,Federal Contract Tower,0,9,6,0,15,0,30,33,4,67,0,39,39,4,82,37,0,37,119
11/22/2001,SFF,WA,ANM,WE,Federal Contract Tower,0,5,2,0,7,0,3,5,0,8,0,8,7,0,15,2,0,2,17
11/23/2001,SFF,WA,ANM,WE,Federal Contract Tower,0,4,4,0,8,0,10,24,0,34,0,14,28,0,42,25,0,25,67
11/24/2001,SFF,WA,ANM,WE,Federal Contract Tower,0,6,8,0,14,0,17,120,1,138,0,23,128,1,152,102,0,102,254
11/25/2001,SFF,WA,ANM,WE,Federal Contract Tower,0,0,4,0,4,0,0,0,0,0,0,0,4,0,4,2,0,2,6
11/26/2001,SFF,WA,ANM,WE,Federal Contract Tower,0,14,13,0,27,0,4,9,0,13,0,18,22,0,40,22,0,22,62
11/27/2001,SFF,WA,ANM,WE,Federal Contract Tower,0,8,10,1,19,0,5,33,1,39,0,13,43,2,58,82,0,82,140
11/28/2001,SFF,WA,ANM,WE,Federal Contract Tower,0,7,3,0,10,0,2,1,0,3,0,9,4,0,13,4,0,4,17
11/29/2001,SFF,WA,ANM,WE,Federal Contract Tower,0,7,4,0,11,0,7,13,0,20,0,14,17,0,31,28,0,28,59
11/30/2001,SFF,WA,ANM,WE,Federal Contract Tower,0,13,5,0,18,0,8,4,0,12,0,21,9,0,30,2,0,2,32
12/01/2001,SFF,WA,ANM,WE,Federal Contract Tower,0,9,1,0,10,0,11,5,0,16,0,20,6,0,26,0,0,0,26
12/02/2001,SFF,WA,ANM,WE,Federal Contract Tower,0,4,5,0,9,0,17,110,0,127,0,21,115,0,136,78,0,78,214
12/03/2001,SFF,WA,ANM,WE,Federal Contract Tower,0,11,6,0,17,0,0,13,0,13,0,11,19,0,30,32,0,32,62
12/04/2001,SFF,WA,ANM,WE,Federal Contract Tower,0,6,3,0,9,0,22,37,0,59,0,28,40,0,68,26,0,26,94
12/05/2001,SFF,WA,ANM,WE,Federal Contract Tower,0,8,5,0,13,0,2,1,0,3,0,10,6,0,16,0,0,0,16
12/06/2001,SFF,WA,ANM,WE,Federal Contract Tower,0,12,4,0,16,0,1,16,6,23,0,13,20,6,39,23,0,23,62
12/07/2001,SFF,WA,ANM,WE,Federal Contract Tower,0,11,8,0,19,0,30,55,4,89,0,41,63,4,108,100,0,100,208
12/08/2001,SFF,WA,ANM,WE,Federal Contract Tower,0,11,12,0,23,0,14,74,0,88,0,25,86,0,111,88,0,88,199
12/09/2001,SFF,WA,ANM,WE,Federal Contract Tower,0,0,7,0,7,0,8,22,0,30,0,8,29,0,37,66,0,66,103
12/10/2001,SFF,WA,ANM,WE,Federal Contract Tower,0,8,5,0,13,0,7,14,0,21,0,15,19,0,34,26,0,26,60
12/11/2001,SFF,WA,ANM,WE,Federal Contract Tower,0,5,11,0,16,0,9,19,2,30,0,14,30,2,46,28,0,28,74
12/12/2001,SFF,WA,ANM,WE,Federal Contract Tower,0,10,4,0,14,0,1,12,0,13,0,11,16,0,27,0,0,0,27
12/13/2001,SFF,WA,ANM,WE,Federal Contract Tower,0,6,1,0,7,0,0,5,0,5,0,6,6,0,12,8,0,8,20
12/14/2001,SFF,WA,ANM,WE,Federal Contract Tower,0,2,3,0,5,0,8,16,0,24,0,10,19,0,29,2,0,2,31
12/15/2001,SFF,WA,ANM,WE,Federal Contract Tower,0,5,11,0,16,0,16,58,0,74,0,21,69,0,90,84,0,84,174
12/16/2001,SFF,WA,ANM,WE,Federal Contract Tower,0,3,1,0,4,0,10,5,0,15,0,13,6,0,19,0,0,0,19
12/17/2001,SFF,WA,ANM,WE,Federal Contract Tower,0,1,11,0,12,0,16,66,0,82,0,17,77,0,94,54,0,54,148
12/18/2001,SFF,WA,ANM,WE,Federal Contract Tower,0,10,14,0,24,0,18,63,2,83,0,28,77,2,107,70,0,70,177
12/19/2001,SFF,WA,ANM,WE,Federal Contract Tower,0,11,1,0,12,0,19,30,0,49,0,30,31,0,61,62,0,62,123
12/20/2001,SFF,WA,ANM,WE,Federal Contract Tower,0,4,11,0,15,0,25,48,4,77,0,29,59,4,92,46,0,46,138
12/21/2001,SFF,WA,ANM,WE,Federal Contract Tower,0,21,7,0,28,0,4,7,0,11,0,25,14,0,39,48,0,48,87
12/22/2001,SFF,WA,ANM,WE,Federal Contract Tower,0,2,13,0,15,0,9,102,0,111,0,11,115,0,126,102,0,102,228
12/23/2001,SFF,WA,ANM,WE,Federal Contract Tower,0,0,11,0,11,0,12,85,0,97,0,12,96,0,108,52,0,52,160
12/24/2001,SFF,WA,ANM,WE,Federal Contract Tower,0,4,3,0,7,0,17,45,0,62,0,21,48,0,69,36,0,36,105
12/25/2001,SFF,WA,ANM,WE,Federal Contract Tower,0,2,0,0,2,0,12,24,0,36,0,14,24,0,38,6,0,6,44
12/26/2001,SFF,WA,ANM,WE,Federal Contract Tower,0,8,7,0,15,0,20,73,0,93,0,28,80,0,108,66,0,66,174
12/27/2001,SFF,WA,ANM,WE,Federal Contract Tower,0,4,12,0,16,0,15,88,4,107,0,19,100,4,123,84,0,84,207
12/28/2001,SFF,WA,ANM,WE,Federal Contract Tower,0,6,5,0,11,0,18,5,0,23,0,24,10,0,34,8,0,8,42
12/29/2001,SFF,WA,ANM,WE,Federal Contract Tower,0,5,9,0,14,0,9,76,0,85,0,14,85,0,99,60,0,60,159
12/30/2001,SFF,WA,ANM,WE,Federal Contract Tower,0,5,6,0,11,0,16,46,0,62,0,21,52,0,73,52,0,52,125
12/31/2001,SFF,WA,ANM,WE,Federal Contract Tower,0,5,2,0,7,0,24,28,0,52,0,29,30,0,59,44,0,44,103
01/01/2002,SFF,WA,ANM,WE,Federal Contract Tower,0,0,3,0,3,0,10,48,0,58,0,10,51,0,61,26,0,26,87
01/02/2002,SFF,WA,ANM,WE,Federal Contract Tower,0,3,3,0,6,0,0,3,0,3,0,3,6,0,9,0,0,0,9
01/03/2002,SFF,WA,ANM,WE,Federal Contract Tower,0,11,2,0,13,0,1,0,1,2,0,12,2,1,15,8,0,8,23
01/04/2002,SFF,WA,ANM,WE,Federal Contract Tower,0,28,4,0,32,0,2,10,0,12,0,30,14,0,44,4,0,4,48
01/05/2002,SFF,WA,ANM,WE,Federal Contract Tower,0,15,4,0,19,0,15,34,0,49,0,30,38,0,68,72,0,72,140
01/06/2002,SFF,WA,ANM,WE,Federal Contract Tower,0,9,5,0,14,0,2,4,0,6,0,11,9,0,20,14,0,14,34
01/07/2002,SFF,WA,ANM,WE,Federal Contract Tower,0,10,4,0,14,0,12,14,0,26,0,22,18,0,40,16,0,16,56
01/08/2002,SFF,WA,ANM,WE,Federal Contract Tower,0,8,3,0,11,0,23,15,0,38,0,31,18,0,49,56,0,56,105
01/09/2002,SFF,WA,ANM,WE,Federal Contract Tower,0,9,13,0,22,0,8,20,2,30,0,17,33,2,52,24,0,24,76
01/10/2002,SFF,WA,ANM,WE,Federal Contract Tower,0,6,10,0,16,0,10,43,0,53,0,16,53,0,69,60,0,60,129
01/11/2002,SFF,WA,ANM,WE,Federal Contract Tower,0,10,7,0,17,0,4,61,2,67,0,14,68,2,84,29,0,29,113
01/12/2002,SFF,WA,ANM,WE,Federal Contract Tower,0,4,1,0,5,0,12,11,0,23,0,16,12,0,28,23,0,23,51
01/13/2002,SFF,WA,ANM,WE,Federal Contract Tower,0,4,6,0,10,0,5,110,0,115,0,9,116,0,125,103,0,103,228
01/14/2002,SFF,WA,ANM,WE,Federal Contract Tower,0,6,7,0,13,0,14,55,0,69,0,20,62,0,82,70,0,70,152
01/15/2002,SFF,WA,ANM,WE,Federal Contract Tower,0,7,8,0,15,0,7,59,0,66,0,14,67,0,81,122,0,122,203
01/16/2002,SFF,WA,ANM,WE,Federal Contract Tower,0,8,5,0,13,0,10,12,0,22,0,18,17,0,35,38,0,38,73
01/17/2002,SFF,WA,ANM,WE,Federal Contract Tower,0,13,3,0,16,0,16,36,6,58,0,29,39,6,74,34,0,34,108
01/18/2002,SFF,WA,ANM,WE,Federal Contract Tower,0,8,11,0,19,0,11,3,0,14,0,19,14,0,33,4,0,4,37
01/19/2002,SFF,WA,ANM,WE,Federal Contract Tower,0,4,1,0,5,0,3,1,0,4,0,7,2,0,9,24,0,24,33
01/20/2002,SFF,WA,ANM,WE,Federal Contract Tower,0,3,4,0,7,0,13,5,0,18,0,16,9,0,25,0,0,0,25
01/21/2002,SFF,WA,ANM,WE,Federal Contract Tower,0,11,5,0,16,0,21,57,0,78,0,32,62,0,94,60,0,60,154
01/22/2002,SFF,WA,ANM,WE,Federal Contract Tower,0,6,9,0,15,0,6,8,0,14,0,12,17,0,29,20,0,20,49
01/23/2002,SFF,WA,ANM,WE,Federal Contract Tower,0,14,1,0,15,0,6,11,2,19,0,20,12,2,34,24,0,24,58
01/24/2002,SFF,WA,ANM,WE,Federal Contract Tower,0,9,4,0,13,0,23,14,2,39,0,32,18,2,52,22,0,22,74
01/25/2002,SFF,WA,ANM,WE,Federal Contract Tower,0,7,1,0,8,0,18,15,0,33,0,25,16,0,41,3,0,3,44
01/26/2002,SFF,WA,ANM,WE,Federal Contract Tower,0,5,7,0,12,0,14,43,0,57,0,19,50,0,69,74,0,74,143
01/27/2002,SFF,WA,ANM,WE,Federal Contract Tower,0,3,3,0,6,0,4,38,0,42,0,7,41,0,48,68,0,68,116
01/28/2002,SFF,WA,ANM,WE,Federal Contract Tower,0,4,4,0,8,0,39,101,0,140,0,43,105,0,148,80,0,80,228
01/29/2002,SFF,WA,ANM,WE,Federal Contract Tower,0,4,6,0,10,0,10,10,0,20,0,14,16,0,30,26,0,26,56
01/30/2002,SFF,WA,ANM,WE,Federal Contract Tower,0,12,6,0,18,0,4,11,0,15,0,16,17,0,33,12,0,12,45
01/31/2002,SFF,WA,ANM,WE,Federal Contract Tower,0,5,10,0,15,0,10,10,0,20,0,15,20,0,35,0,0,0,35
02/01/2002,SFF,WA,ANM,WE,Federal Contract Tower,0,12,4,0,16,0,1,7,0,8,0,13,11,0,24,14,0,14,38
02/02/2002,SFF,WA,ANM,WE,Federal Contract Tower,0,4,21,0,25,0,1,137,0,138,0,5,158,0,163,156,0,156,319
02/03/2002,SFF,WA,ANM,WE,Federal Contract Tower,0,3,9,0,12,0,0,4,0,4,0,3,13,0,16,4,0,4,20
02/04/2002,SFF,WA,ANM,WE,Federal Contract Tower,0,8,4,0,12,0,12,59,0,71,0,20,63,0,83,103,0,103,186
02/05/2002,SFF,WA,ANM,WE,Federal Contract Tower,0,7,14,0,21,0,22,55,0,77,0,29,69,0,98,116,0,116,214
02/06/2002,SFF,WA,ANM,WE,Federal Contract Tower,0,10,5,0,15,0,13,48,0,61,0,23,53,0,76,58,0,58,134
02/07/2002,SFF,WA,ANM,WE,Federal Contract Tower,0,8,11,0,19,0,5,14,0,19,0,13,25,0,38,10,0,10,48
02/08/2002,SFF,WA,ANM,WE,Federal Contract Tower,0,7,8,0,15,0,15,57,0,72,0,22,65,0,87,50,0,50,137
02/09/2002,SFF,WA,ANM,WE,Federal Contract Tower,0,3,9,0,12,0,9,131,0,140,0,12,140,0,152,102,0,102,254
02/10/2002,SFF,WA,ANM,WE,Federal Contract Tower,0,2,2,0,4,0,19,94,0,113,0,21,96,0,117,84,0,84,201
02/11/2002,SFF,WA,ANM,WE,Federal Contract Tower,0,2,5,0,7,0,12,68,0,80,0,14,73,0,87,69,0,69,156
02/12/2002,SFF,WA,ANM,WE,Federal Contract Tower,0,4,9,0,13,0,32,92,0,124,0,36,101,0,137,104,0,104,241
02/13/2002,SFF,WA,ANM,WE,Federal Contract Tower,0,4,14,0,18,0,24,58,2,84,0,28,72,2,102,103,0,103,205
02/14/2002,SFF,WA,ANM,WE,Federal Contract Tower,0,4,9,0,13,0,17,101,0,118,0,21,110,0,131,92,0,92,223
02/15/2002,SFF,WA,ANM,WE,Federal Contract Tower,0,2,8,0,10,0,19,117,0,136,0,21,125,0,146,72,0,72,218
02/16/2002,SFF,WA,ANM,WE,Federal Contract Tower,0,9,8,0,17,0,13,108,0,121,0,22,116,0,138,125,0,125,263
02/17/2002,SFF,WA,ANM,WE,Federal Contract Tower,0,1,11,0,12,0,14,96,0,110,0,15,107,0,122,150,0,150,272
02/18/2002,SFF,WA,ANM,WE,Federal Contract Tower,0,7,4,0,11,0,10,39,0,49,0,17,43,0,60,67,0,67,127
02/19/2002,SFF,WA,ANM,WE,Federal Contract Tower,0,8,3,0,11,0,14,18,0,32,0,22,21,0,43,22,0,22,65
02/20/2002,SFF,WA,ANM,WE,Federal Contract Tower,0,5,10,0,15,0,15,55,4,74,0,20,65,4,89,96,0,96,185
02/21/2002,SFF,WA,ANM,WE,Federal Contract Tower,0,9,8,0,17,0,20,22,2,44,0,29,30,2,61,52,0,52,113
02/22/2002,SFF,WA,ANM,WE,Federal Contract Tower,0,10,6,0,16,0,31,42,0,73,0,41,48,0,89,106,0,106,195
02/23/2002,SFF,WA,ANM,WE,Federal Contract Tower,0,5,13,0,18,0,17,26,0,43,0,22,39,0,61,88,0,88,149
02/24/2002,SFF,WA,ANM,WE,Federal Contract Tower,0,9,3,0,12,0,8,36,0,44,0,17,39,0,56,70,0,70,126
02/25/2002,SFF,WA,ANM,WE,Federal Contract Tower,0,7,2,0,9,0,25,102,2,129,0,32,104,2,138,80,0,80,218
02/26/2002,SFF,WA,ANM,WE,Federal Contract Tower,0,5,13,0,18,0,7,30,0,37,0,12,43,0,55,12,0,12,67
02/27/2002,SFF,WA,ANM,WE,Federal Contract Tower,0,2,9,0,11,0,15,34,2,51,0,17,43,2,62,142,0,142,204
02/28/2002,SFF,WA,ANM,WE,Federal Contract Tower,0,3,6,0,9,0,34,66,0,100,0,37,72,0,109,66,0,66,175
03/01/2002,SFF,WA,ANM,WE,Federal Contract Tower,0,3,8,0,11,0,36,124,0,160,0,39,132,0,171,154,0,154,325
03/02/2002,SFF,WA,ANM,WE,Federal Contract Tower,0,7,17,0,24,0,24,154,0,178,0,31,171,0,202,131,0,131,333
03/03/2002,SFF,WA,ANM,WE,Federal Contract Tower,0,2,13,0,15,0,21,112,0,133,0,23,125,0,148,48,0,48,196
03/04/2002,SFF,WA,ANM,WE,Federal Contract Tower,0,8,6,0,14,0,42,57,0,99,0,50,63,0,113,36,0,36,149
03/05/2002,SFF,WA,ANM,WE,Federal Contract Tower,0,9,5,0,14,0,6,25,0,31,0,15,30,0,45,72,0,72,117
03/06/2002,SFF,WA,ANM,WE,Federal Contract Tower,0,9,1,0,10,0,2,1,0,3,0,11,2,0,13,0,0,0,13
03/07/2002,SFF,WA,ANM,WE,Federal Contract Tower,0,13,2,0,15,0,15,37,0,52,0,28,39,0,67,92,0,92,159
03/08/2002,SFF,WA,ANM,WE,Federal Contract Tower,0,4,10,0,14,0,17,23,0,40,0,21,33,0,54,92,0,92,146
03/09/2002,SFF,WA,ANM,WE,Federal Contract Tower,0,2,4,0,6,0,17,65,0,82,0,19,69,0,88,78,0,78,166
03/10/2002,SFF,WA,ANM,WE,Federal Contract Tower,0,2,6,0,8,0,5,26,0,31,0,7,32,0,39,64,0,64,103
03/11/2002,SFF,WA,ANM,WE,Federal Contract Tower,0,6,1,0,7,0,34,4,0,38,0,40,5,0,45,12,0,12,57
03/12/2002,SFF,WA,ANM,WE,Federal Contract Tower,0,2,11,0,13,0,14,31,0,45,0,16,42,0,58,50,0,50,108
03/13/2002,SFF,WA,ANM,WE,Federal Contract Tower,0,10,3,0,13,0,16,15,0,31,0,26,18,0,44,58,0,58,102
03/14/2002,SFF,WA,ANM,WE,Federal Contract Tower,0,8,16,0,24,0,8,63,4,75,0,16,79,4,99,122,0,122,221
03/15/2002,SFF,WA,ANM,WE,Federal Contract Tower,0,4,9,0,13,0,20,52,0,72,0,24,61,0,85,72,0,72,157
03/16/2002,SFF,WA,ANM,WE,Federal Contract Tower,0,10,5,0,15,0,3,40,0,43,0,13,45,0,58,119,0,119,177
03/17/2002,SFF,WA,ANM,WE,Federal Contract Tower,0,5,8,0,13,0,13,55,0,68,0,18,63,0,81,61,0,61,142
03/18/2002,SFF,WA,ANM,WE,Federal Contract Tower,0,7,2,0,9,0,3,5,0,8,0,10,7,0,17,12,0,12,29
03/19/2002,SFF,WA,ANM,WE,Federal Contract Tower,0,5,3,0,8,0,17,29,0,46,0,22,32,0,54,51,0,51,105
03/20/2002,SFF,WA,ANM,WE,Federal Contract Tower,0,13,4,0,17,0,2,0,0,2,0,15,4,0,19,0,0,0,19
03/21/2002,SFF,WA,ANM,WE,Federal Contract Tower,0,13,13,0,26,0,17,62,0,79,0,30,75,0,105,94,0,94,199
03/22/2002,SFF,WA,ANM,WE,Federal Contract Tower,0,6,11,0,17,0,15,82,2,99,0,21,93,2,116,154,2,156,272
03/23/2002,SFF,WA,ANM,WE,Federal Contract Tower,0,4,20,0,24,0,28,88,0,116,0,32,108,0,140,126,0,126,266
03/24/2002,SFF,WA,ANM,WE,Federal Contract Tower,0,3,6,0,9,0,18,49,0,67,0,21,55,0,76,74,0,74,150
03/25/2002,SFF,WA,ANM,WE,Federal Contract Tower,0,8,8,0,16,0,6,43,0,49,0,14,51,0,65,74,0,74,139
03/26/2002,SFF,WA,ANM,WE,Federal Contract Tower,0,4,11,0,15,0,14,77,0,91,0,18,88,0,106,66,0,66,172
03/27/2002,SFF,WA,ANM,WE,Federal Contract Tower,0,4,10,0,14,0,21,93,0,114,0,25,103,0,128,64,0,64,192
03/28/2002,SFF,WA,ANM,WE,Federal Contract Tower,0,10,6,0,16,0,10,66,5,81,0,20,72,5,97,60,0,60,157
03/29/2002,SFF,WA,ANM,WE,Federal Contract Tower,0,6,5,0,11,0,21,97,0,118,0,27,102,0,129,128,0,128,257
03/30/2002,SFF,WA,ANM,WE,Federal Contract Tower,0,8,11,0,19,0,21,148,0,169,0,29,159,0,188,132,0,132,320
03/31/2002,SFF,WA,ANM,WE,Federal Contract Tower,0,5,8,0,13,0,9,52,0,61,0,14,60,0,74,82,0,82,156
04/01/2002,SFF,WA,ANM,WE,Federal Contract Tower,0,5,8,0,13,0,15,56,0,71,0,20,64,0,84,45,0,45,129
04/02/2002,SFF,WA,ANM,WE,Federal Contract Tower,0,4,4,0,8,0,30,81,0,111,0,34,85,0,119,113,0,113,232
04/03/2002,SFF,WA,ANM,WE,Federal Contract Tower,0,2,9,0,11,0,18,122,0,140,0,20,131,0,151,163,0,163,314
04/04/2002,SFF,WA,ANM,WE,Federal Contract Tower,0,2,12,0,14,0,15,132,2,149,0,17,144,2,163,140,0,140,303
04/05/2002,SFF,WA,ANM,WE,Federal Contract Tower,0,5,7,0,12,0,12,82,0,94,0,17,89,0,106,106,0,106,212
04/06/2002,SFF,WA,ANM,WE,Federal Contract Tower,0,5,5,0,10,0,18,85,0,103,0,23,90,0,113,80,0,80,193
04/07/2002,SFF,WA,ANM,WE,Federal Contract Tower,0,3,6,0,9,0,11,63,0,74,0,14,69,0,83,40,0,40,123
04/08/2002,SFF,WA,ANM,WE,Federal Contract Tower,0,6,3,0,9,0,25,93,0,118,0,31,96,0,127,200,0,200,327
04/09/2002,SFF,WA,ANM,WE,Federal Contract Tower,0,4,13,0,17,0,3,27,0,30,0,7,40,0,47,93,0,93,140
04/10/2002,SFF,WA,ANM,WE,Federal Contract Tower,0,4,4,0,8,0,19,36,2,57,0,23,40,2,65,151,0,151,216
04/11/2002,SFF,WA,ANM,WE,Federal Contract Tower,0,2,13,0,15,0,5,50,0,55,0,7,63,0,70,91,0,91,161
04/12/2002,SFF,WA,ANM,WE,Federal Contract Tower,0,2,9,0,11,0,24,73,0,97,0,26,82,0,108,128,0,128,236
04/13/2002,SFF,WA,ANM,WE,Federal Contract Tower,0,3,1,1,5,0,9,17,7,33,0,12,18,8,38,26,0,26,64
04/14/2002,SFF,WA,ANM,WE,Federal Contract Tower,0,2,5,0,7,0,15,7,0,22,0,17,12,0,29,0,0,0,29
04/15/2002,SFF,WA,ANM,WE,Federal Contract Tower,0,0,6,0,6,0,0,15,67,82,0,0,21,67,88,92,0,92,180
04/16/2002,SFF,WA,ANM,WE,Federal Contract Tower,0,10,12,0,22,0,18,8,0,26,0,28,20,0,48,30,0,30,78
04/17/2002,SFF,WA,ANM,WE,Federal Contract Tower,0,6,10,0,16,0,9,54,0,63,0,15,64,0,79,134,0,134,213
04/18/2002,SFF,WA,ANM,WE,Federal Contract Tower,0,2,10,0,12,0,11,119,2,132,0,13,129,2,144,172,0,172,316
04/19/2002,SFF,WA,ANM,WE,Federal Contract Tower,0,6,17,0,23,0,17,147,0,164,0,23,164,0,187,110,0,110,297
04/20/2002,SFF,WA,ANM,WE,Federal Contract Tower,0,5,8,0,13,0,18,170,0,188,0,23,178,0,201,162,0,162,363
04/21/2002,SFF,WA,ANM,WE,Federal Contract Tower,0,2,7,0,9,0,26,96,0,122,0,28,103,0,131,108,0,108,239
04/22/2002,SFF,WA,ANM,WE,Federal Contract Tower,0,9,2,0,11,0,14,32,0,46,0,23,34,0,57,34,0,34,91
04/23/2002,SFF,WA,ANM,WE,Federal Contract Tower,0,7,8,0,15,0,22,79,0,101,0,29,87,0,116,69,0,69,185
04/24/2002,SFF,WA,ANM,WE,Federal Contract Tower,0,9,7,0,16,0,24,131,0,155,0,33,138,0,171,158,0,158,329
04/25/2002,SFF,WA,ANM,WE,Federal Contract Tower,0,5,13,0,18,0,28,92,0,120,0,33,105,0,138,114,0,114,252
04/26/2002,SFF,WA,ANM,WE,Federal Contract Tower,0,7,14,0,21,0,15,77,0,92,0,22,91,0,113,130,0,130,243
04/27/2002,SFF,WA,ANM,WE,Federal Contract Tower,0,7,11,0,18,0,15,105,0,120,0,22,116,0,138,52,0,52,190
04/28/2002,SFF,WA,ANM,WE,Federal Contract Tower,0,2,9,0,11,0,29,102,0,131,0,31,111,0,142,48,0,48,190
04/29/2002,SFF,WA,ANM,WE,Federal Contract Tower,0,2,13,0,15,0,13,93,0,106,0,15,106,0,121,44,0,44,165
04/30/2002,SFF,WA,ANM,WE,Federal Contract Tower,0,4,13,0,17,0,20,93,2,115,0,24,106,2,132,55,0,55,187
05/01/2002,SFF,WA,ANM,WE,Federal Contract Tower,0,2,4,0,6,0,10,135,0,145,0,12,139,0,151,86,0,86,237
05/02/2002,SFF,WA,ANM,WE,Federal Contract Tower,0,5,6,0,11,0,17,52,0,69,0,22,58,0,80,52,0,52,132
05/03/2002,SFF,WA,ANM,WE,Federal Contract Tower,0,8,12,0,20,0,12,58,2,72,0,20,70,2,92,46,0,46,138
05/04/2002,SFF,WA,ANM,WE,Federal Contract Tower,0,7,7,0,14,0,19,55,0,74,0,26,62,0,88,76,0,76,164
05/05/2002,SFF,WA,ANM,WE,Federal Contract Tower,0,4,4,0,8,0,6,19,0,25,0,10,23,0,33,34,0,34,67
05/06/2002,SFF,WA,ANM,WE,Federal Contract Tower,0,8,1,0,9,0,30,40,0,70,0,38,41,0,79,77,0,77,156
05/07/2002,SFF,WA,ANM,WE,Federal Contract Tower,0,9,7,0,16,0,7,42,0,49,0,16,49,0,65,8,0,8,73
05/08/2002,SFF,WA,ANM,WE,Federal Contract Tower,0,4,14,0,18,0,11,80,0,91,0,15,94,0,109,38,0,38,147
05/09/2002,SFF,WA,ANM,WE,Federal Contract Tower,0,1,10,0,11,0,28,74,0,102,0,29,84,0,113,76,0,76,189
05/10/2002,SFF,WA,ANM,WE,Federal Contract Tower,0,5,4,1,10,0,18,142,1,161,0,23,146,2,171,88,0,88,259
05/11/2002,SFF,WA,ANM,WE,Federal Contract Tower,0,2,9,0,11,0,10,166,0,176,0,12,175,0,187,92,0,92,279
05/12/2002,SFF,WA,ANM,WE,Federal Contract Tower,0,0,6,0,6,0,17,131,0,148,0,17,137,0,154,18,0,18,172
05/13/2002,SFF,WA,ANM,WE,Federal Contract Tower,0,5,5,0,10,0,13,69,0,82,0,18,74,0,92,86,0,86,178
05/14/2002,SFF,WA,ANM,WE,Federal Contract Tower,0,8,16,0,24,0,38,82,0,120,0,46,98,0,144,62,0,62,206
05/15/2002,SFF,WA,ANM,WE,Federal Contract Tower,0,5,10,0,15,0,24,92,0,116,0,29,102,0,131,126,0,126,257
05/16/2002,SFF,WA,ANM,WE,Federal Contract Tower,0,5,7,0,12,0,25,142,0,167,0,30,149,0,179,126,0,126,305
05/17/2002,SFF,WA,ANM,WE,Federal Contract Tower,0,2,16,0,18,0,35,62,0,97,0,37,78,0,115,122,0,122,237
05/18/2002,SFF,WA,ANM,WE,Federal Contract Tower,0,4,7,0,11,0,24,75,2,101,0,28,82,2,112,110,2,112,224
05/19/2002,SFF,WA,ANM,WE,Federal Contract Tower,0,0,10,0,10,0,28,103,0,131,0,28,113,0,141,92,0,92,233
05/20/2002,SFF,WA,ANM,WE,Federal Contract Tower,0,5,4,0,9,0,7,50,0,57,0,12,54,0,66,70,0,70,136
05/21/2002,SFF,WA,ANM,WE,Federal Contract Tower,0,7,7,0,14,0,15,48,0,63,0,22,55,0,77,104,0,104,181
05/22/2002,SFF,WA,ANM,WE,Federal Contract Tower,0,9,9,0,18,0,17,20,0,37,0,26,29,0,55,35,0,35,90
05/23/2002,SFF,WA,ANM,WE,Federal Contract Tower,0,4,7,0,11,0,16,99,0,115,0,20,106,0,126,79,4,83,209
05/24/2002,SFF,WA,ANM,WE,Federal Contract Tower,0,4,11,0,15,0,21,120,0,141,0,25,131,0,156,154,0,154,310
05/25/2002,SFF,WA,ANM,WE,Federal Contract Tower,0,8,6,0,14,0,23,79,0,102,0,31,85,0,116,72,0,72,188
05/26/2002,SFF,WA,ANM,WE,Federal Contract Tower,0,0,2,0,2,0,21,65,0,86,0,21,67,0,88,38,0,38,126
05/27/2002,SFF,WA,ANM,WE,Federal Contract Tower,0,3,2,0,5,0,10,79,0,89,0,13,81,0,94,12,0,12,106
05/28/2002,SFF,WA,ANM,WE,Federal Contract Tower,0,6,13,0,19,0,21,59,0,80,0,27,72,0,99,100,0,100,199
05/29/2002,SFF,WA,ANM,WE,Federal Contract Tower,0,5,10,0,15,0,12,77,0,89,0,17,87,0,104,86,0,86,190
05/30/2002,SFF,WA,ANM,WE,Federal Contract Tower,0,6,10,0,16,0,17,134,0,151,0,23,144,0,167,160,0,160,327
05/31/2002,SFF,WA,ANM,WE,Federal Contract Tower,0,3,4,0,7,0,38,111,4,153,0,41,115,4,160,104,0,104,264
06/01/2002,SFF,WA,ANM,WE,Federal Contract Tower,0,3,3,0,6,0,25,137,0,162,0,28,140,0,168,115,0,115,283
06/02/2002,SFF,WA,ANM,WE,Federal Contract Tower,0,1,8,0,9,0,20,98,0,118,0,21,106,0,127,102,0,102,229
06/03/2002,SFF,WA,ANM,WE,Federal Contract Tower,0,2,6,0,8,0,17,97,4,118,0,19,103,4,126,52,2,54,180
06/04/2002,SFF,WA,ANM,WE,Federal Contract Tower,0,2,3,0,5,0,23,107,0,130,0,25,110,0,135,76,0,76,211
06/05/2002,SFF,WA,ANM,WE,Federal Contract Tower,0,3,6,0,9,0,24,67,0,91,0,27,73,0,100,64,0,64,164
06/06/2002,SFF,WA,ANM,WE,Federal Contract Tower,0,4,12,0,16,0,15,71,0,86,0,19,83,0,102,25,0,25,127
06/07/2002,SFF,WA,ANM,WE,Federal Contract Tower,0,9,10,1,20,0,16,90,3,109,0,25,100,4,129,110,0,110,239
06/08/2002,SFF,WA,ANM,WE,Federal Contract Tower,0,4,6,0,10,0,17,79,2,98,0,21,85,2,108,104,0,104,212
06/09/2002,SFF,WA,ANM,WE,Federal Contract Tower,0,4,8,0,12,0,8,42,0,50,0,12,50,0,62,34,0,34,96
06/10/2002,SFF,WA,ANM,WE,Federal Contract Tower,0,8,7,0,15,0,21,76,4,101,0,29,83,4,116,130,0,130,246
06/11/2002,SFF,WA,ANM,WE,Federal Contract Tower,0,2,5,0,7,0,21,118,0,139,0,23,123,0,146,198,0,198,344
06/12/2002,SFF,WA,ANM,WE,Federal Contract Tower,0,6,7,0,13,0,26,138,0,164,0,32,145,0,177,108,0,108,285
06/13/2002,SFF,WA,ANM,WE,Federal Contract Tower,0,7,3,0,10,0,38,122,2,162,0,45,125,2,172,75,0,75,247
06/14/2002,SFF,WA,ANM,WE,Federal Contract Tower,0,3,7,0,10,0,17,108,0,125,0,20,115,0,135,102,0,102,237
06/15/2002,SFF,WA,ANM,WE,Federal Contract Tower,0,4,9,0,13,0,24,143,4,171,0,28,152,4,184,112,0,112,296
06/16/2002,SFF,WA,ANM,WE,Federal Contract Tower,0,0,4,0,4,0,24,136,0,160,0,24,140,0,164,86,0,86,250
06/17/2002,SFF,WA,ANM,WE,Federal Contract Tower,0,2,9,0,11,0,7,58,0,65,0,9,67,0,76,38,0,38,114
06/18/2002,SFF,WA,ANM,WE,Federal Contract Tower,0,16,7,0,23,0,12,39,0,51,0,28,46,0,74,6,0,6,80
06/19/2002,SFF,WA,ANM,WE,Federal Contract Tower,0,6,11,0,17,0,10,119,0,129,0,16,130,0,146,108,0,108,254
06/20/2002,SFF,WA,ANM,WE,Federal Contract Tower,0,3,8,0,11,0,26,122,0,148,0,29,130,0,159,132,0,132,291
06/21/2002,SFF,WA,ANM,WE,Federal Contract Tower,0,9,5,0,14,0,24,130,2,156,0,33,135,2,170,93,0,93,263
06/22/2002,SFF,WA,ANM,WE,Federal Contract Tower,0,5,5,1,11,0,23,202,1,226,0,28,207,2,237,118,0,118,355
06/23/2002,SFF,WA,ANM,WE,Federal Contract Tower,0,0,7,0,7,0,14,98,0,112,0,14,105,0,119,86,0,86,205
06/24/2002,SFF,WA,ANM,WE,Federal Contract Tower,0,3,6,0,9,0,23,77,0,100,0,26,83,0,109,142,0,142,251
06/25/2002,SFF,WA,ANM,WE,Federal Contract Tower,0,6,9,0,15,0,7,115,0,122,0,13,124,0,137,116,0,116,253
06/26/2002,SFF,WA,ANM,WE,Federal Contract Tower,0,7,2,0,9,0,10,104,0,114,0,17,106,0,123,146,0,146,269
06/27/2002,SFF,WA,ANM,WE,Federal Contract Tower,0,5,14,0,19,0,21,87,2,110,0,26,101,2,129,94,0,94,223
06/28/2002,SFF,WA,ANM,WE,Federal Contract Tower,0,4,19,0,23,0,23,98,0,121,0,27,117,0,144,50,0,50,194
06/29/2002,SFF,WA,ANM,WE,Federal Contract Tower,0,4,37,0,41,0,14,59,2,75,0,18,96,2,116,22,0,22,138
06/30/2002,SFF,WA,ANM,WE,Federal Contract Tower,0,0,36,0,36,0,9,111,0,120,0,9,147,0,156,46,0,46,202
07/01/2002,SFF,WA,ANM,WE,Federal Contract Tower,0,2,14,0,16,0,11,81,4,96,0,13,95,4,112,78,0,78,190
07/02/2002,SFF,WA,ANM,WE,Federal Contract Tower,0,2,8,0,10,0,37,130,0,167,0,39,138,0,177,156,0,156,333
07/03/2002,SFF,WA,ANM,WE,Federal Contract Tower,0,4,12,0,16,0,30,112,0,142,0,34,124,0,158,60,0,60,218
07/04/2002,SFF,WA,ANM,WE,Federal Contract Tower,0,1,2,0,3,0,32,48,0,80,0,33,50,0,83,62,0,62,145
07/05/2002,SFF,WA,ANM,WE,Federal Contract Tower,0,5,12,0,17,0,27,106,0,133,0,32,118,0,150,82,0,82,232
07/06/2002,SFF,WA,ANM,WE,Federal Contract Tower,0,2,2,0,4,0,21,128,0,149,0,23,130,0,153,80,0,80,233
07/07/2002,SFF,WA,ANM,WE,Federal Contract Tower,0,1,5,0,6,0,12,84,0,96,0,13,89,0,102,44,0,44,146
07/08/2002,SFF,WA,ANM,WE,Federal Contract Tower,0,5,10,0,15,0,17,23,0,40,0,22,33,0,55,2,0,2,57
07/09/2002,SFF,WA,ANM,WE,Federal Contract Tower,0,2,9,0,11,0,12,125,0,137,0,14,134,0,148,90,0,90,238
07/10/2002,SFF,WA,ANM,WE,Federal Contract Tower,0,2,9,0,11,0,31,120,0,151,0,33,129,0,162,58,0,58,220
07/11/2002,SFF,WA,ANM,WE,Federal Contract Tower,0,3,11,0,14,0,31,99,0,130,0,34,110,0,144,121,0,121,265
07/12/2002,SFF,WA,ANM,WE,Federal Contract Tower,0,2,10,0,12,0,24,115,0,139,0,26,125,0,151,186,0,186,337
07/13/2002,SFF,WA,ANM,WE,Federal Contract Tower,0,5,3,0,8,0,18,68,0,86,0,23,71,0,94,137,0,137,231
07/14/2002,SFF,WA,ANM,WE,Federal Contract Tower,0,3,4,0,7,0,15,73,0,88,0,18,77,0,95,60,0,60,155
07/15/2002,SFF,WA,ANM,WE,Federal Contract Tower,0,5,2,0,7,0,13,109,0,122,0,18,111,0,129,90,0,90,219
07/16/2002,SFF,WA,ANM,WE,Federal Contract Tower,0,4,2,0,6,0,22,107,0,129,0,26,109,0,135,72,0,72,207
07/17/2002,SFF,WA,ANM,WE,Federal Contract Tower,0,1,10,0,11,0,17,129,0,146,0,18,139,0,157,78,0,78,235
07/18/2002,SFF,WA,ANM,WE,Federal Contract Tower,0,6,10,0,16,0,31,77,0,108,0,37,87,0,124,64,0,64,188
07/19/2002,SFF,WA,ANM,WE,Federal Contract Tower,0,6,16,0,22,0,29,172,0,201,0,35,188,0,223,144,0,144,367
07/20/2002,SFF,WA,ANM,WE,Federal Contract Tower,0,2,3,0,5,0,19,311,0,330,0,21,314,0,335,116,0,116,451
07/21/2002,SFF,WA,ANM,WE,Federal Contract Tower,0,0,13,0,13,0,24,168,0,192,0,24,181,0,205,78,0,78,283
07/22/2002,SFF,WA,ANM,WE,Federal Contract Tower,0,2,6,0,8,0,9,78,0,87,0,11,84,0,95,58,0,58,153
07/23/2002,SFF,WA,ANM,WE,Federal Contract Tower,0,3,4,0,7,0,27,102,0,129,0,30,106,0,136,110,0,110,246
07/24/2002,SFF,WA,ANM,WE,Federal Contract Tower,0,4,6,0,10,0,33,87,0,120,0,37,93,0,130,90,0,90,220
07/25/2002,SFF,WA,ANM,WE,Federal Contract Tower,0,9,5,0,14,0,25,95,0,120,0,34,100,0,134,130,0,130,264
07/26/2002,SFF,WA,ANM,WE,Federal Contract Tower,0,3,6,0,9,0,29,94,2,125,0,32,100,2,134,52,0,52,186
07/27/2002,SFF,WA,ANM,WE,Federal Contract Tower,0,2,10,0,12,0,26,175,4,205,0,28,185,4,217,106,0,106,323
07/28/2002,SFF,WA,ANM,WE,Federal Contract Tower,0,2,8,0,10,0,23,88,2,113,0,25,96,2,123,20,0,20,143
07/29/2002,SFF,WA,ANM,WE,Federal Contract Tower,0,4,10,0,14,0,18,77,2,97,0,22,87,2,111,28,0,28,139
07/30/2002,SFF,WA,ANM,WE,Federal Contract Tower,0,2,4,0,6,0,14,84,0,98,0,16,88,0,104,49,0,49,153
07/31/2002,SFF,WA,ANM,WE,Federal Contract Tower,0,2,11,0,13,0,27,141,0,168,0,29,152,0,181,143,0,143,324
08/01/2002,SFF,WA,ANM,WE,Federal Contract Tower,0,3,10,0,13,0,19,143,0,162,0,22,153,0,175,104,0,104,279
08/02/2002,SFF,WA,ANM,WE,Federal Contract Tower,0,3,10,0,13,0,23,127,2,152,0,26,137,2,165,66,0,66,231
08/03/2002,SFF,WA,ANM,WE,Federal Contract Tower,0,3,1,0,4,0,12,113,0,125,0,15,114,0,129,114,0,114,243
08/04/2002,SFF,WA,ANM,WE,Federal Contract Tower,0,4,10,0,14,0,15,94,0,109,0,19,104,0,123,42,0,42,165
08/05/2002,SFF,WA,ANM,WE,Federal Contract Tower,0,7,3,0,10,0,12,133,0,145,0,19,136,0,155,106,0,106,261
08/06/2002,SFF,WA,ANM,WE,Federal Contract Tower,0,8,7,0,15,0,25,72,0,97,0,33,79,0,112,174,0,174,286
08/07/2002,SFF,WA,ANM,WE,Federal Contract Tower,0,8,7,0,15,0,18,119,0,137,0,26,126,0,152,218,0,218,370
08/08/2002,SFF,WA,ANM,WE,Federal Contract Tower,0,2,16,0,18,0,40,128,0,168,0,42,144,0,186,126,0,126,312
08/09/2002,SFF,WA,ANM,WE,Federal Contract Tower,0,6,5,0,11,0,42,103,0,145,0,48,108,0,156,120,0,120,276
08/10/2002,SFF,WA,ANM,WE,Federal Contract Tower,0,3,3,0,6,0,11,119,0,130,0,14,122,0,136,78,0,78,214
08/11/2002,SFF,WA,ANM,WE,Federal Contract Tower,0,1,3,0,4,0,6,139,0,145,0,7,142,0,149,56,0,56,205
08/12/2002,SFF,WA,ANM,WE,Federal Contract Tower,0,2,7,0,9,0,13,110,0,123,0,15,117,0,132,116,0,116,248
08/13/2002,SFF,WA,ANM,WE,Federal Contract Tower,0,9,8,1,18,0,19,130,1,150,0,28,138,2,168,68,0,68,236
08/14/2002,SFF,WA,ANM,WE,Federal Contract Tower,0,5,5,0,10,0,28,109,0,137,0,33,114,0,147,102,0,102,249
08/15/2002,SFF,WA,ANM,WE,Federal Contract Tower,0,5,9,1,15,0,19,161,1,181,0,24,170,2,196,182,0,182,378
08/16/2002,SFF,WA,ANM,WE,Federal Contract Tower,0,3,9,0,12,0,15,138,0,153,0,18,147,0,165,86,0,86,251
08/17/2002,SFF,WA,ANM,WE,Federal Contract Tower,0,3,10,0,13,0,21,105,0,126,0,24,115,0,139,62,0,62,201
08/18/2002,SFF,WA,ANM,WE,Federal Contract Tower,0,2,10,0,12,0,5,142,0,147,0,7,152,0,159,80,0,80,239
08/19/2002,SFF,WA,ANM,WE,Federal Contract Tower,0,2,9,0,11,0,13,151,4,168,0,15,160,4,179,126,0,126,305
08/20/2002,SFF,WA,ANM,WE,Federal Contract Tower,0,5,9,0,14,0,17,127,0,144,0,22,136,0,158,207,0,207,365
08/21/2002,SFF,WA,ANM,WE,Federal Contract Tower,0,3,16,0,19,0,14,104,0,118,0,17,120,0,137,201,0,201,338
08/22/2002,SFF,WA,ANM,WE,Federal Contract Tower,0,2,8,0,10,0,22,74,0,96,0,24,82,0,106,94,0,94,200
08/23/2002,SFF,WA,ANM,WE,Federal Contract Tower,0,3,8,0,11,0,27,152,4,183,0,30,160,4,194,112,0,112,306
08/24/2002,SFF,WA,ANM,WE,Federal Contract Tower,0,3,10,0,13,0,12,150,0,162,0,15,160,0,175,120,0,120,295
08/25/2002,SFF,WA,ANM,WE,Federal Contract Tower,0,1,6,0,7,0,9,95,0,104,0,10,101,0,111,84,0,84,195
08/26/2002,SFF,WA,ANM,WE,Federal Contract Tower,0,3,1,0,4,0,28,116,4,148,0,31,117,4,152,104,0,104,256
08/27/2002,SFF,WA,ANM,WE,Federal Contract Tower,0,5,3,0,8,0,17,158,0,175,0,22,161,0,183,122,0,122,305
08/28/2002,SFF,WA,ANM,WE,Federal Contract Tower,0,3,4,0,7,0,14,131,0,145,0,17,135,0,152,189,0,189,341
08/29/2002,SFF,WA,ANM,WE,Federal Contract Tower,0,4,2,0,6,0,16,97,2,115,0,20,99,2,121,80,0,80,201
08/30/2002,SFF,WA,ANM,WE,Federal Contract Tower,0,4,10,0,14,0,26,101,0,127,0,30,111,0,141,74,0,74,215
08/31/2002,SFF,WA,ANM,WE,Federal Contract Tower,0,4,5,0,9,0,14,157,0,171,0,18,162,0,180,136,0,136,316
09/01/2002,SFF,WA,ANM,WE,Federal Contract Tower,0,4,0,0,4,0,49,101,0,150,0,53,101,0,154,14,0,14,168
09/02/2002,SFF,WA,ANM,WE,Federal Contract Tower,0,3,6,0,9,0,11,99,0,110,0,14,105,0,119,12,0,12,131
09/03/2002,SFF,WA,ANM,WE,Federal Contract Tower,0,6,10,0,16,0,5,85,0,90,0,11,95,0,106,108,0,108,214
09/04/2002,SFF,WA,ANM,WE,Federal Contract Tower,0,3,12,0,15,0,25,81,4,110,0,28,93,4,125,179,0,179,304
09/05/2002,SFF,WA,ANM,WE,Federal Contract Tower,0,2,11,0,13,0,21,112,0,133,0,23,123,0,146,107,0,107,253
09/06/2002,SFF,WA,ANM,WE,Federal Contract Tower,0,2,15,0,17,0,8,98,0,106,0,10,113,0,123,128,0,128,251
09/07/2002,SFF,WA,ANM,WE,Federal Contract Tower,0,3,6,0,9,0,7,102,0,109,0,10,108,0,118,127,0,127,245
09/08/2002,SFF,WA,ANM,WE,Federal Contract Tower,0,2,5,0,7,0,15,113,2,130,0,17,118,2,137,46,0,46,183
09/09/2002,SFF,WA,ANM,WE,Federal Contract Tower,0,4,13,0,17,0,12,63,0,75,0,16,76,0,92,124,0,124,216
09/10/2002,SFF,WA,ANM,WE,Federal Contract Tower,0,2,4,0,6,0,18,76,0,94,0,20,80,0,100,169,0,169,269
09/11/2002,SFF,WA,ANM,WE,Federal Contract Tower,0,3,9,0,12,0,17,71,6,94,0,20,80,6,106,174,0,174,280
09/12/2002,SFF,WA,ANM,WE,Federal Contract Tower,0,3,12,0,15,0,18,127,0,145,0,21,139,0,160,82,0,82,242
09/13/2002,SFF,WA,ANM,WE,Federal Contract Tower,0,3,11,0,14,0,40,95,0,135,0,43,106,0,149,208,0,208,357
09/14/2002,SFF,WA,ANM,WE,Federal Contract Tower,0,2,8,0,10,0,21,127,0,148,0,23,135,0,158,104,0,104,262
09/15/2002,SFF,WA,ANM,WE,Federal Contract Tower,0,1,3,0,4,0,30,111,0,141,0,31,114,0,145,82,0,82,227
09/16/2002,SFF,WA,ANM,WE,Federal Contract Tower,0,2,11,1,14,0,30,61,5,96,0,32,72,6,110,134,0,134,244
09/17/2002,SFF,WA,ANM,WE,Federal Contract Tower,0,6,14,1,21,0,3,18,0,21,0,9,32,1,42,109,0,109,151
09/18/2002,SFF,WA,ANM,WE,Federal Contract Tower,0,4,15,0,19,0,30,77,0,107,0,34,92,0,126,118,0,118,244
09/19/2002,SFF,WA,ANM,WE,Federal Contract Tower,0,10,4,1,15,0,11,99,0,110,0,21,103,1,125,111,0,111,236
09/20/2002,SFF,WA,ANM,WE,Federal Contract Tower,0,3,16,0,19,0,20,124,4,148,0,23,140,4,167,126,0,126,293
09/21/2002,SFF,WA,ANM,WE,Federal Contract Tower,0,2,7,0,9,0,24,121,0,145,0,26,128,0,154,162,0,162,316
09/22/2002,SFF,WA,ANM,WE,Federal Contract Tower,0,3,4,0,7,0,26,151,0,177,0,29,155,0,184,92,0,92,276
09/23/2002,SFF,WA,ANM,WE,Federal Contract Tower,0,4,9,0,13,0,18,86,0,104,0,22,95,0,117,196,0,196,313
09/24/2002,SFF,WA,ANM,WE,Federal Contract Tower,0,5,12,0,17,0,18,94,0,112,0,23,106,0,129,141,0,141,270
09/25/2002,SFF,WA,ANM,WE,Federal Contract Tower,0,3,8,0,11,0,22,93,0,115,0,25,101,0,126,143,0,143,269
09/26/2002,SFF,WA,ANM,WE,Federal Contract Tower,0,3,10,0,13,0,23,61,0,84,0,26,71,0,97,106,0,106,203
09/27/2002,SFF,WA,ANM,WE,Federal Contract Tower,0,3,6,0,9,0,13,73,0,86,0,16,79,0,95,155,0,155,250
09/28/2002,SFF,WA,ANM,WE,Federal Contract Tower,0,4,5,0,9,0,9,151,0,160,0,13,156,0,169,92,0,92,261
09/29/2002,SFF,WA,ANM,WE,Federal Contract Tower,0,2,3,0,5,0,14,10,0,24,0,16,13,0,29,8,0,8,37
09/30/2002,SFF,WA,ANM,WE,Federal Contract Tower,0,7,6,0,13,0,9,30,0,39,0,16,36,0,52,128,0,128,180
10/01/2002,SFF,WA,ANM,WE,Federal Contract Tower,0,4,15,0,19,0,19,66,2,87,0,23,81,2,106,135,0,135,241
10/02/2002,SFF,WA,ANM,WE,Federal Contract Tower,0,3,10,0,13,0,14,86,0,100,0,17,96,0,113,125,0,125,238
10/03/2002,SFF,WA,ANM,WE,Federal Contract Tower,0,9,18,1,28,0,2,17,0,19,0,11,35,1,47,104,0,104,151
10/04/2002,SFF,WA,ANM,WE,Federal Contract Tower,0,4,10,0,14,0,13,22,0,35,0,17,32,0,49,42,0,42,91
10/05/2002,SFF,WA,ANM,WE,Federal Contract Tower,0,2,8,0,10,0,13,79,0,92,0,15,87,0,102,92,0,92,194
10/06/2002,SFF,WA,ANM,WE,Federal Contract Tower,0,0,12,0,12,0,7,128,0,135,0,7,140,0,147,74,0,74,221
10/07/2002,SFF,WA,ANM,WE,Federal Contract Tower,0,7,10,0,17,0,22,128,0,150,0,29,138,0,167,152,0,152,319
10/08/2002,SFF,WA,ANM,WE,Federal Contract Tower,0,3,10,0,13,0,26,118,1,145,0,29,128,1,158,217,0,217,375
10/09/2002,SFF,WA,ANM,WE,Federal Contract Tower,0,5,13,0,18,0,16,116,0,132,0,21,129,0,150,143,0,143,293
10/10/2002,SFF,WA,ANM,WE,Federal Contract Tower,0,7,9,1,17,0,5,70,0,75,0,12,79,1,92,69,1,70,162
10/11/2002,SFF,WA,ANM,WE,Federal Contract Tower,0,4,11,0,15,0,13,92,0,105,0,17,103,0,120,78,0,78,198
10/12/2002,SFF,WA,ANM,WE,Federal Contract Tower,0,2,6,0,8,0,9,139,0,148,0,11,145,0,156,162,0,162,318
10/13/2002,SFF,WA,ANM,WE,Federal Contract Tower,0,0,5,0,5,0,19,178,0,197,0,19,183,0,202,142,0,142,344
10/14/2002,SFF,WA,ANM,WE,Federal Contract Tower,0,2,5,0,7,0,12,104,0,116,0,14,109,0,123,128,0,128,251
10/15/2002,SFF,WA,ANM,WE,Federal Contract Tower,0,2,15,0,17,0,17,131,0,148,0,19,146,0,165,206,2,208,373
10/16/2002,SFF,WA,ANM,WE,Federal Contract Tower,0,3,10,0,13,0,10,130,0,140,0,13,140,0,153,108,0,108,261
10/17/2002,SFF,WA,ANM,WE,Federal Contract Tower,0,3,11,0,14,0,24,72,1,97,0,27,83,1,111,157,0,157,268
10/18/2002,SFF,WA,ANM,WE,Federal Contract Tower,0,5,9,0,14,0,18,126,0,144,0,23,135,0,158,110,0,110,268
10/19/2002,SFF,WA,ANM,WE,Federal Contract Tower,0,4,2,0,6,0,14,119,0,133,0,18,121,0,139,120,0,120,259
10/20/2002,SFF,WA,ANM,WE,Federal Contract Tower,0,4,6,0,10,0,16,125,0,141,0,20,131,0,151,72,0,72,223
10/21/2002,SFF,WA,ANM,WE,Federal Contract Tower,0,2,6,0,8,0,6,59,0,65,0,8,65,0,73,102,0,102,175
10/22/2002,SFF,WA,ANM,WE,Federal Contract Tower,0,4,8,0,12,0,20,96,0,116,0,24,104,0,128,80,0,80,208
10/23/2002,SFF,WA,ANM,WE,Federal Contract Tower,0,3,9,0,12,0,22,82,1,105,0,25,91,1,117,84,0,84,201
10/24/2002,SFF,WA,ANM,WE,Federal Contract Tower,0,4,12,0,16,0,7,105,5,117,0,11,117,5,133,92,0,92,225
10/25/2002,SFF,WA,ANM,WE,Federal Contract Tower,0,4,12,0,16,0,5,79,0,84,0,9,91,0,100,144,0,144,244
10/26/2002,SFF,WA,ANM,WE,Federal Contract Tower,0,4,6,0,10,0,21,120,2,143,0,25,126,2,153,62,0,62,215
10/27/2002,SFF,WA,ANM,WE,Federal Contract Tower,0,2,2,0,4,0,9,64,0,73,0,11,66,0,77,54,0,54,131
10/28/2002,SFF,WA,ANM,WE,Federal Contract Tower,0,2,13,0,15,0,31,43,0,74,0,33,56,0,89,68,0,68,157
10/29/2002,SFF,WA,ANM,WE,Federal Contract Tower,0,7,10,0,17,0,8,22,0,30,0,15,32,0,47,36,0,36,83
10/30/2002,SFF,WA,ANM,WE,Federal Contract Tower,0,4,11,0,15,0,22,85,0,107,0,26,96,0,122,140,0,140,262
10/31/2002,SFF,WA,ANM,WE,Federal Contract Tower,0,4,12,0,16,0,18,83,0,101,0,22,95,0,117,108,0,108,225
11/01/2002,SFF,WA,ANM,WE,Federal Contract Tower,0,3,13,0,16,0,12,96,0,108,0,15,109,0,124,110,0,110,234
11/02/2002,SFF,WA,ANM,WE,Federal Contract Tower,0,5,4,0,9,0,3,107,0,110,0,8,111,0,119,114,0,114,233
11/03/2002,SFF,WA,ANM,WE,Federal Contract Tower,0,2,0,0,2,0,29,93,0,122,0,31,93,0,124,92,0,92,216
11/04/2002,SFF,WA,ANM,WE,Federal Contract Tower,0,4,8,0,12,0,13,88,0,101,0,17,96,0,113,106,0,106,219
11/05/2002,SFF,WA,ANM,WE,Federal Contract Tower,0,7,12,0,19,0,18,64,0,82,0,25,76,0,101,68,0,68,169
11/06/2002,SFF,WA,ANM,WE,Federal Contract Tower,0,3,3,0,6,0,11,63,2,76,0,14,66,2,82,86,0,86,168
11/07/2002,SFF,WA,ANM,WE,Federal Contract Tower,0,7,14,0,21,0,14,35,0,49,0,21,49,0,70,31,0,31,101
11/08/2002,SFF,WA,ANM,WE,Federal Contract Tower,0,7,7,0,14,0,6,11,0,17,0,13,18,0,31,30,0,30,61
11/09/2002,SFF,WA,ANM,WE,Federal Contract Tower,0,9,2,0,11,0,13,23,0,36,0,22,25,0,47,66,0,66,113
11/10/2002,SFF,WA,ANM,WE,Federal Contract Tower,0,7,5,0,12,0,5,16,0,21,0,12,21,0,33,54,0,54,87
11/11/2002,SFF,WA,ANM,WE,Federal Contract Tower,0,3,21,0,24,0,7,51,0,58,0,10,72,0,82,84,0,84,166
11/12/2002,SFF,WA,ANM,WE,Federal Contract Tower,0,6,13,0,19,0,3,23,0,26,0,9,36,0,45,30,0,30,75
11/13/2002,SFF,WA,ANM,WE,Federal Contract Tower,0,8,18,0,26,0,10,56,0,66,0,18,74,0,92,54,0,54,146
11/14/2002,SFF,WA,ANM,WE,Federal Contract Tower,0,5,8,0,13,0,21,36,2,59,0,26,44,2,72,55,0,55,127
11/15/2002,SFF,WA,ANM,WE,Federal Contract Tower,0,3,16,0,19,0,20,58,0,78,0,23,74,0,97,91,0,91,188
11/16/2002,SFF,WA,ANM,WE,Federal Contract Tower,0,4,7,0,11,0,11,78,3,92,0,15,85,3,103,105,0,105,208
11/17/2002,SFF,WA,ANM,WE,Federal Contract Tower,0,0,12,0,12,0,21,59,0,80,0,21,71,0,92,36,0,36,128
11/18/2002,SFF,WA,ANM,WE,Federal Contract Tower,0,7,2,0,9,0,4,36,0,40,0,11,38,0,49,26,0,26,75
11/19/2002,SFF,WA,ANM,WE,Federal Contract Tower,0,7,8,0,15,0,15,31,0,46,0,22,39,0,61,54,0,54,115
11/20/2002,SFF,WA,ANM,WE,Federal Contract Tower,0,4,11,0,15,0,9,91,0,100,0,13,102,0,115,91,0,91,206
11/21/2002,SFF,WA,ANM,WE,Federal Contract Tower,0,5,13,0,18,0,15,86,0,101,0,20,99,0,119,91,0,91,210
11/22/2002,SFF,WA,ANM,WE,Federal Contract Tower,0,8,11,0,19,0,3,1,0,4,0,11,12,0,23,22,0,22,45
11/23/2002,SFF,WA,ANM,WE,Federal Contract Tower,0,3,5,0,8,0,9,13,0,22,0,12,18,0,30,32,0,32,62
11/24/2002,SFF,WA,ANM,WE,Federal Contract Tower,0,2,15,0,17,0,19,164,0,183,0,21,179,0,200,108,0,108,308
11/25/2002,SFF,WA,ANM,WE,Federal Contract Tower,0,2,10,0,12,0,9,53,0,62,0,11,63,0,74,48,0,48,122
11/26/2002,SFF,WA,ANM,WE,Federal Contract Tower,0,4,12,0,16,0,7,62,2,71,0,11,74,2,87,46,0,46,133
11/27/2002,SFF,WA,ANM,WE,Federal Contract Tower,0,5,11,0,16,0,20,82,0,102,0,25,93,0,118,64,0,64,182
11/28/2002,SFF,WA,ANM,WE,Federal Contract Tower,0,1,3,0,4,0,7,28,0,35,0,8,31,0,39,18,0,18,57
11/29/2002,SFF,WA,ANM,WE,Federal Contract Tower,0,4,10,0,14,0,15,102,0,117,0,19,112,0,131,65,0,65,196
11/30/2002,SFF,WA,ANM,WE,Federal Contract Tower,0,4,11,0,15,0,10,49,0,59,0,14,60,0,74,88,0,88,162
12/01/2002,SFF,WA,ANM,WE,Federal Contract Tower,0,3,12,0,15,0,1,0,0,1,0,4,12,0,16,0,0,0,16
12/02/2002,SFF,WA,ANM,WE,Federal Contract Tower,0,5,6,0,11,0,6,2,0,8,0,11,8,0,19,0,0,0,19
12/03/2002,SFF,WA,ANM,WE,Federal Contract Tower,0,12,9,0,21,0,6,7,0,13,0,18,16,0,34,2,0,2,36
12/04/2002,SFF,WA,ANM,WE,Federal Contract Tower,0,6,8,0,14,0,3,0,0,3,0,9,8,0,17,24,0,24,41
12/05/2002,SFF,WA,ANM,WE,Federal Contract Tower,0,3,7,0,10,0,10,12,0,22,0,13,19,0,32,40,0,40,72
12/06/2002,SFF,WA,ANM,WE,Federal Contract Tower,0,7,14,0,21,0,1,4,0,5,0,8,18,0,26,2,0,2,28
12/07/2002,SFF,WA,ANM,WE,Federal Contract Tower,0,6,9,0,15,0,8,7,0,15,0,14,16,0,30,24,0,24,54
12/08/2002,SFF,WA,ANM,WE,Federal Contract Tower,0,6,11,0,17,0,10,60,0,70,0,16,71,0,87,109,0,109,196
12/09/2002,SFF,WA,ANM,WE,Federal Contract Tower,0,6,10,0,16,0,9,80,0,89,0,15,90,0,105,98,0,98,203
12/10/2002,SFF,WA,ANM,WE,Federal Contract Tower,0,7,6,0,13,0,0,5,0,5,0,7,11,0,18,6,0,6,24
12/11/2002,SFF,WA,ANM,WE,Federal Contract Tower,0,3,15,0,18,0,23,42,0,65,0,26,57,0,83,108,0,108,191
12/12/2002,SFF,WA,ANM,WE,Federal Contract Tower,0,5,15,0,20,0,4,40,0,44,0,9,55,0,64,60,0,60,124
12/13/2002,SFF,WA,ANM,WE,Federal Contract Tower,0,9,8,0,17,0,12,27,2,41,0,21,35,2,58,69,0,69,127
12/14/2002,SFF,WA,ANM,WE,Federal Contract Tower,0,4,6,0,10,0,9,4,0,13,0,13,10,0,23,3,0,3,26
12/15/2002,SFF,WA,ANM,WE,Federal Contract Tower,0,0,5,0,5,0,4,17,0,21,0,4,22,0,26,46,0,46,72
12/16/2002,SFF,WA,ANM,WE,Federal Contract Tower,0,5,8,0,13,0,14,16,0,30,0,19,24,0,43,0,0,0,43
12/17/2002,SFF,WA,ANM,WE,Federal Contract Tower,0,13,16,0,29,0,23,66,0,89,0,36,82,0,118,84,0,84,202
12/18/2002,SFF,WA,ANM,WE,Federal Contract Tower,0,6,10,0,16,0,2,41,4,47,0,8,51,4,63,58,0,58,121
12/19/2002,SFF,WA,ANM,WE,Federal Contract Tower,0,7,11,0,18,0,11,59,0,70,0,18,70,0,88,42,0,42,130
12/20/2002,SFF,WA,ANM,WE,Federal Contract Tower,0,7,11,0,18,0,20,88,0,108,0,27,99,0,126,60,0,60,186
12/21/2002,SFF,WA,ANM,WE,Federal Contract Tower,0,5,8,0,13,0,14,88,0,102,0,19,96,0,115,30,0,30,145
12/22/2002,SFF,WA,ANM,WE,Federal Contract Tower,0,7,2,0,9,0,0,33,0,33,0,7,35,0,42,0,0,0,42
12/23/2002,SFF,WA,ANM,WE,Federal Contract Tower,0,7,10,0,17,0,23,78,2,103,0,30,88,2,120,54,0,54,174
12/24/2002,SFF,WA,ANM,WE,Federal Contract Tower,0,12,5,0,17,0,5,66,4,75,0,17,71,4,92,26,0,26,118
12/25/2002,SFF,WA,ANM,WE,Federal Contract Tower,0,4,3,0,7,0,6,32,0,38,0,10,35,0,45,6,0,6,51
12/26/2002,SFF,WA,ANM,WE,Federal Contract Tower,0,5,8,0,13,0,3,1,0,4,0,8,9,0,17,16,0,16,33
12/27/2002,SFF,WA,ANM,WE,Federal Contract Tower,0,7,6,0,13,0,1,17,0,18,0,8,23,0,31,2,0,2,33
12/28/2002,SFF,WA,ANM,WE,Federal Contract Tower,0,5,4,0,9,0,9,56,0,65,0,14,60,0,74,66,0,66,140
12/29/2002,SFF,WA,ANM,WE,Federal Contract Tower,0,1,8,0,9,0,10,5,0,15,0,11,13,0,24,32,0,32,56
12/30/2002,SFF,WA,ANM,WE,Federal Contract Tower,0,12,3,0,15,0,12,2,0,14,0,24,5,0,29,0,0,0,29
12/31/2002,SFF,WA,ANM,WE,Federal Contract Tower,0,3,6,0,9,0,12,12,0,24,0,15,18,0,33,22,0,22,55
01/01/2003,SFF,WA,ANM,WE,Federal Contract Tower,0,0,5,0,5,0,19,46,0,65,0,19,51,0,70,30,0,30,100
01/02/2003,SFF,WA,ANM,WE,Federal Contract Tower,0,4,9,0,13,0,2,19,0,21,0,6,28,0,34,48,0,48,82
01/03/2003,SFF,WA,ANM,WE,Federal Contract Tower,0,5,4,0,9,0,25,58,0,83,0,30,62,0,92,50,0,50,142
01/04/2003,SFF,WA,ANM,WE,Federal Contract Tower,0,1,5,0,6,0,8,30,0,38,0,9,35,0,44,44,0,44,88
01/05/2003,SFF,WA,ANM,WE,Federal Contract Tower,0,0,7,0,7,0,0,42,2,44,0,0,49,2,51,110,0,110,161
01/06/2003,SFF,WA,ANM,WE,Federal Contract Tower,0,9,15,0,24,0,17,65,8,90,0,26,80,8,114,26,0,26,140
01/07/2003,SFF,WA,ANM,WE,Federal Contract Tower,0,6,14,0,20,0,17,91,0,108,0,23,105,0,128,34,0,34,162
01/08/2003,SFF,WA,ANM,WE,Federal Contract Tower,0,41,21,0,62,0,0,1,0,1,0,41,22,0,63,14,0,14,77
01/09/2003,SFF,WA,ANM,WE,Federal Contract Tower,0,7,18,0,25,0,31,98,4,133,0,38,116,4,158,54,0,54,212
01/10/2003,SFF,WA,ANM,WE,Federal Contract Tower,0,6,11,0,17,0,12,95,0,107,0,18,106,0,124,90,0,90,214
01/11/2003,SFF,WA,ANM,WE,Federal Contract Tower,0,5,4,0,9,0,6,106,4,116,0,11,110,4,125,118,0,118,243
01/12/2003,SFF,WA,ANM,WE,Federal Contract Tower,0,3,5,0,8,0,1,4,0,5,0,4,9,0,13,10,0,10,23
01/13/2003,SFF,WA,ANM,WE,Federal Contract Tower,0,21,5,0,26,0,3,0,0,3,0,24,5,0,29,28,0,28,57
01/14/2003,SFF,WA,ANM,WE,Federal Contract Tower,0,8,7,0,15,0,1,1,0,2,0,9,8,0,17,6,0,6,23
01/15/2003,SFF,WA,ANM,WE,Federal Contract Tower,0,5,19,0,24,0,12,39,0,51,0,17,58,0,75,38,0,38,113
01/16/2003,SFF,WA,ANM,WE,Federal Contract Tower,0,8,11,0,19,0,3,66,2,71,0,11,77,2,90,142,2,144,234
01/17/2003,SFF,WA,ANM,WE,Federal Contract Tower,0,6,14,0,20,0,12,36,0,48,0,18,50,0,68,110,0,110,178
01/18/2003,SFF,WA,ANM,WE,Federal Contract Tower,0,4,10,0,14,0,3,22,0,25,0,7,32,0,39,62,0,62,101
01/19/2003,SFF,WA,ANM,WE,Federal Contract Tower,0,6,4,0,10,0,3,5,0,8,0,9,9,0,18,32,0,32,50
01/20/2003,SFF,WA,ANM,WE,Federal Contract Tower,0,8,10,0,18,0,5,20,0,25,0,13,30,0,43,70,0,70,113
01/21/2003,SFF,WA,ANM,WE,Federal Contract Tower,0,8,5,0,13,0,7,0,0,7,0,15,5,0,20,12,0,12,32
01/22/2003,SFF,WA,ANM,WE,Federal Contract Tower,0,8,6,0,14,0,0,1,0,1,0,8,7,0,15,0,0,0,15
01/23/2003,SFF,WA,ANM,WE,Federal Contract Tower,0,8,14,0,22,0,16,63,2,81,0,24,77,2,103,124,0,124,227
01/24/2003,SFF,WA,ANM,WE,Federal Contract Tower,0,3,7,0,10,0,11,31,0,42,0,14,38,0,52,64,0,64,116
01/25/2003,SFF,WA,ANM,WE,Federal Contract Tower,0,12,10,0,22,0,5,5,0,10,0,17,15,0,32,68,0,68,100
01/26/2003,SFF,WA,ANM,WE,Federal Contract Tower,0,3,12,0,15,0,4,11,0,15,0,7,23,0,30,25,0,25,55
01/27/2003,SFF,WA,ANM,WE,Federal Contract Tower,0,8,6,0,14,0,11,58,0,69,0,19,64,0,83,48,0,48,131
01/28/2003,SFF,WA,ANM,WE,Federal Contract Tower,0,12,24,0,36,0,13,57,0,70,0,25,81,0,106,56,0,56,162
01/29/2003,SFF,WA,ANM,WE,Federal Contract Tower,0,15,25,0,40,0,5,8,0,13,0,20,33,0,53,8,0,8,61
01/30/2003,SFF,WA,ANM,WE,Federal Contract Tower,0,7,16,0,23,0,15,24,0,39,0,22,40,0,62,116,0,116,178
01/31/2003,SFF,WA,ANM,WE,Federal Contract Tower,0,13,18,0,31,0,17,33,0,50,0,30,51,0,81,80,0,80,161
02/01/2003,SFF,WA,ANM,WE,Federal Contract Tower,0,7,17,0,24,0,19,64,0,83,0,26,81,0,107,166,0,166,273
02/02/2003,SFF,WA,ANM,WE,Federal Contract Tower,0,2,17,0,19,0,16,60,0,76,0,18,77,0,95,148,0,148,243
02/03/2003,SFF,WA,ANM,WE,Federal Contract Tower,0,14,15,0,29,0,22,31,0,53,0,36,46,0,82,32,0,32,114
02/04/2003,SFF,WA,ANM,WE,Federal Contract Tower,0,5,18,0,23,0,14,102,0,116,0,19,120,0,139,87,0,87,226
02/05/2003,SFF,WA,ANM,WE,Federal Contract Tower,0,7,15,0,22,0,11,91,0,102,0,18,106,0,124,78,0,78,202
02/06/2003,SFF,WA,ANM,WE,Federal Contract Tower,0,4,17,0,21,0,14,91,2,107,0,18,108,2,128,106,0,106,234
02/07/2003,SFF,WA,ANM,WE,Federal Contract Tower,0,5,11,0,16,0,22,79,4,105,0,27,90,4,121,102,0,102,223
02/08/2003,SFF,WA,ANM,WE,Federal Contract Tower,0,2,14,0,16,0,50,121,4,175,0,52,135,4,191,76,0,76,267
02/09/2003,SFF,WA,ANM,WE,Federal Contract Tower,0,0,9,0,9,0,5,107,4,116,0,5,116,4,125,146,0,146,271
02/10/2003,SFF,WA,ANM,WE,Federal Contract Tower,0,7,11,0,18,0,5,29,0,34,0,12,40,0,52,33,0,33,85
02/11/2003,SFF,WA,ANM,WE,Federal Contract Tower,0,8,14,0,22,0,11,63,0,74,0,19,77,0,96,74,0,74,170
02/12/2003,SFF,WA,ANM,WE,Federal Contract Tower,0,4,10,0,14,0,14,94,0,108,0,18,104,0,122,124,0,124,246
02/13/2003,SFF,WA,ANM,WE,Federal Contract Tower,0,2,10,0,12,0,28,62,2,92,0,30,72,2,104,112,0,112,216
02/14/2003,SFF,WA,ANM,WE,Federal Contract Tower,0,12,9,0,21,0,9,17,2,28,0,21,26,2,49,110,0,110,159
02/15/2003,SFF,WA,ANM,WE,Federal Contract Tower,0,5,7,0,12,0,7,119,0,126,0,12,126,0,138,228,0,228,366
02/16/2003,SFF,WA,ANM,WE,Federal Contract Tower,0,4,3,0,7,0,10,5,0,15,0,14,8,0,22,78,0,78,100
02/17/2003,SFF,WA,ANM,WE,Federal Contract Tower,0,5,11,0,16,0,16,34,0,50,0,21,45,0,66,68,0,68,134
02/18/2003,SFF,WA,ANM,WE,Federal Contract Tower,0,8,13,0,21,0,20,63,0,83,0,28,76,0,104,50,0,50,154
02/19/2003,SFF,WA,ANM,WE,Federal Contract Tower,0,9,7,2,18,0,11,35,2,48,0,20,42,4,66,60,0,60,126
02/20/2003,SFF,WA,ANM,WE,Federal Contract Tower,0,5,4,0,9,0,19,21,0,40,0,24,25,0,49,64,0,64,113
02/21/2003,SFF,WA,ANM,WE,Federal Contract Tower,0,5,7,0,12,0,15,29,0,44,0,20,36,0,56,78,0,78,134
02/22/2003,SFF,WA,ANM,WE,Federal Contract Tower,0,5,5,0,10,0,13,74,2,89,0,18,79,2,99,116,0,116,215
02/23/2003,SFF,WA,ANM,WE,Federal Contract Tower,0,0,7,0,7,0,20,88,0,108,0,20,95,0,115,90,0,90,205
02/24/2003,SFF,WA,ANM,WE,Federal Contract Tower,0,2,3,0,5,0,16,79,0,95,0,18,82,0,100,92,0,92,192
02/25/2003,SFF,WA,ANM,WE,Federal Contract Tower,0,4,12,0,16,0,20,79,0,99,0,24,91,0,115,114,0,114,229
02/26/2003,SFF,WA,ANM,WE,Federal Contract Tower,0,8,9,0,17,0,12,76,0,88,0,20,85,0,105,82,0,82,187
02/27/2003,SFF,WA,ANM,WE,Federal Contract Tower,0,4,15,0,19,0,12,110,2,124,0,16,125,2,143,60,0,60,203
02/28/2003,SFF,WA,ANM,WE,Federal Contract Tower,0,5,8,0,13,0,8,46,0,54,0,13,54,0,67,78,0,78,145
03/01/2003,SFF,WA,ANM,WE,Federal Contract Tower,0,5,8,0,13,0,10,68,0,78,0,15,76,0,91,104,0,104,195
03/02/2003,SFF,WA,ANM,WE,Federal Contract Tower,0,6,7,0,13,0,25,78,0,103,0,31,85,0,116,78,0,78,194
03/03/2003,SFF,WA,ANM,WE,Federal Contract Tower,0,14,25,0,39,0,11,56,0,67,0,25,81,0,106,128,0,128,234
03/04/2003,SFF,WA,ANM,WE,Federal Contract Tower,0,5,12,0,17,0,35,88,0,123,0,40,100,0,140,122,0,122,262
03/05/2003,SFF,WA,ANM,WE,Federal Contract Tower,0,6,3,0,9,0,12,20,2,34,0,18,23,2,43,42,0,42,85
03/06/2003,SFF,WA,ANM,WE,Federal Contract Tower,0,6,3,0,9,0,7,13,0,20,0,13,16,0,29,14,0,14,43
03/07/2003,SFF,WA,ANM,WE,Federal Contract Tower,0,4,1,0,5,0,13,48,2,63,0,17,49,2,68,74,0,74,142
03/08/2003,SFF,WA,ANM,WE,Federal Contract Tower,0,5,19,0,24,0,13,83,0,96,0,18,102,0,120,126,0,126,246
03/09/2003,SFF,WA,ANM,WE,Federal Contract Tower,0,7,1,0,8,0,0,2,0,2,0,7,3,0,10,8,0,8,18
03/10/2003,SFF,WA,ANM,WE,Federal Contract Tower,0,4,8,0,12,0,7,33,4,44,0,11,41,4,56,132,0,132,188
03/11/2003,SFF,WA,ANM,WE,Federal Contract Tower,0,9,13,0,22,0,15,20,0,35,0,24,33,0,57,65,0,65,122
03/12/2003,SFF,WA,ANM,WE,Federal Contract Tower,0,6,8,0,14,0,18,39,0,57,0,24,47,0,71,166,0,166,237
03/13/2003,SFF,WA,ANM,WE,Federal Contract Tower,0,4,18,0,22,0,28,53,0,81,0,32,71,0,103,102,0,102,205
03/14/2003,SFF,WA,ANM,WE,Federal Contract Tower,0,3,18,0,21,0,13,52,2,67,0,16,70,2,88,134,0,134,222
03/15/2003,SFF,WA,ANM,WE,Federal Contract Tower,0,6,7,0,13,0,9,18,0,27,0,15,25,0,40,20,0,20,60
03/16/2003,SFF,WA,ANM,WE,Federal Contract Tower,0,3,6,0,9,0,10,79,0,89,0,13,85,0,98,152,0,152,250
03/17/2003,SFF,WA,ANM,WE,Federal Contract Tower,0,5,13,0,18,0,21,71,0,92,0,26,84,0,110,140,0,140,250
03/18/2003,SFF,WA,ANM,WE,Federal Contract Tower,0,8,9,1,18,0,35,114,3,152,0,43,123,4,170,141,0,141,311
03/19/2003,SFF,WA,ANM,WE,Federal Contract Tower,0,2,8,0,10,0,32,75,0,107,0,34,83,0,117,125,0,125,242
03/20/2003,SFF,WA,ANM,WE,Federal Contract Tower,0,4,11,0,15,0,11,35,0,46,0,15,46,0,61,136,0,136,197
03/21/2003,SFF,WA,ANM,WE,Federal Contract Tower,0,7,11,0,18,0,6,21,0,27,0,13,32,0,45,148,0,148,193
03/22/2003,SFF,WA,ANM,WE,Federal Contract Tower,0,4,5,0,9,0,10,16,0,26,0,14,21,0,35,36,0,36,71
03/23/2003,SFF,WA,ANM,WE,Federal Contract Tower,0,5,2,0,7,0,24,59,0,83,0,29,61,0,90,82,0,82,172
03/24/2003,SFF,WA,ANM,WE,Federal Contract Tower,0,4,20,0,24,0,8,89,0,97,0,12,109,0,121,134,0,134,255
03/25/2003,SFF,WA,ANM,WE,Federal Contract Tower,0,7,6,0,13,0,11,26,2,39,0,18,32,2,52,66,0,66,118
03/26/2003,SFF,WA,ANM,WE,Federal Contract Tower,0,5,4,0,9,0,18,8,2,28,0,23,12,2,37,16,0,16,53
03/27/2003,SFF,WA,ANM,WE,Federal Contract Tower,0,2,18,0,20,0,14,68,8,90,0,16,86,8,110,46,0,46,156
03/28/2003,SFF,WA,ANM,WE,Federal Contract Tower,0,4,8,0,12,0,20,109,0,129,0,24,117,0,141,132,0,132,273
03/29/2003,SFF,WA,ANM,WE,Federal Contract Tower,0,4,7,0,11,0,8,149,0,157,0,12,156,0,168,114,0,114,282
03/30/2003,SFF,WA,ANM,WE,Federal Contract Tower,0,3,3,0,6,0,16,82,0,98,0,19,85,0,104,96,0,96,200
03/31/2003,SFF,WA,ANM,WE,Federal Contract Tower,0,4,6,0,10,0,29,33,4,66,0,33,39,4,76,32,0,32,108
04/01/2003,SFF,WA,ANM,WE,Federal Contract Tower,0,6,16,0,22,0,24,43,0,67,0,30,59,0,89,10,0,10,99
04/02/2003,SFF,WA,ANM,WE,Federal Contract Tower,0,10,14,0,24,0,11,5,0,16,0,21,19,0,40,54,0,54,94
04/03/2003,SFF,WA,ANM,WE,Federal Contract Tower,0,10,3,0,13,0,10,20,4,34,0,20,23,4,47,74,0,74,121
04/04/2003,SFF,WA,ANM,WE,Federal Contract Tower,0,6,11,0,17,0,7,36,0,43,0,13,47,0,60,92,0,92,152
04/05/2003,SFF,WA,ANM,WE,Federal Contract Tower,0,3,6,0,9,0,20,44,0,64,0,23,50,0,73,110,0,110,183
04/06/2003,SFF,WA,ANM,WE,Federal Contract Tower,0,2,6,0,8,0,18,82,2,102,0,20,88,2,110,128,0,128,238
04/07/2003,SFF,WA,ANM,WE,Federal Contract Tower,0,7,9,0,16,0,17,49,0,66,0,24,58,0,82,106,0,106,188
04/08/2003,SFF,WA,ANM,WE,Federal Contract Tower,0,7,7,0,14,0,19,113,0,132,0,26,120,0,146,74,0,74,220
04/09/2003,SFF,WA,ANM,WE,Federal Contract Tower,0,3,7,0,10,0,21,78,0,99,0,24,85,0,109,101,0,101,210
04/10/2003,SFF,WA,ANM,WE,Federal Contract Tower,0,3,10,0,13,0,8,120,0,128,0,11,130,0,141,136,0,136,277
04/11/2003,SFF,WA,ANM,WE,Federal Contract Tower,0,3,10,0,13,0,16,65,1,82,0,19,75,1,95,96,0,96,191
04/12/2003,SFF,WA,ANM,WE,Federal Contract Tower,0,4,11,0,15,0,23,103,0,126,0,27,114,0,141,88,0,88,229
04/13/2003,SFF,WA,ANM,WE,Federal Contract Tower,0,2,0,0,2,0,13,62,0,75,0,15,62,0,77,94,0,94,171
04/14/2003,SFF,WA,ANM,WE,Federal Contract Tower,0,7,8,0,15,0,8,33,0,41,0,15,41,0,56,82,0,82,138
04/15/2003,SFF,WA,ANM,WE,Federal Contract Tower,0,8,10,0,18,0,10,100,0,110,0,18,110,0,128,214,0,214,342
04/16/2003,SFF,WA,ANM,WE,Federal Contract Tower,0,9,12,0,21,0,16,79,0,95,0,25,91,0,116,152,0,152,268
04/17/2003,SFF,WA,ANM,WE,Federal Contract Tower,0,7,24,0,31,0,8,15,2,25,0,15,39,2,56,30,0,30,86
04/18/2003,SFF,WA,ANM,WE,Federal Contract Tower,0,3,13,0,16,0,13,95,0,108,0,16,108,0,124,164,0,164,288
04/19/2003,SFF,WA,ANM,WE,Federal Contract Tower,0,4,6,0,10,0,16,171,0,187,0,20,177,0,197,112,0,112,309
04/20/2003,SFF,WA,ANM,WE,Federal Contract Tower,0,3,2,0,5,0,16,122,0,138,0,19,124,0,143,72,0,72,215
04/21/2003,SFF,WA,ANM,WE,Federal Contract Tower,0,2,5,0,7,0,22,80,0,102,0,24,85,0,109,108,0,108,217
04/22/2003,SFF,WA,ANM,WE,Federal Contract Tower,0,4,18,0,22,0,9,39,0,48,0,13,57,0,70,70,0,70,140
04/23/2003,SFF,WA,ANM,WE,Federal Contract Tower,0,3,24,0,27,0,12,90,0,102,0,15,114,0,129,174,0,174,303
04/24/2003,SFF,WA,ANM,WE,Federal Contract Tower,0,9,11,0,20,0,13,45,1,59,0,22,56,1,79,72,0,72,151
04/25/2003,SFF,WA,ANM,WE,Federal Contract Tower,0,5,17,0,22,0,15,47,0,62,0,20,64,0,84,112,0,112,196
04/26/2003,SFF,WA,ANM,WE,Federal Contract Tower,0,2,7,0,9,0,16,17,0,33,0,18,24,0,42,56,0,56,98
04/27/2003,SFF,WA,ANM,WE,Federal Contract Tower,0,2,11,0,13,0,14,103,0,117,0,16,114,0,130,82,0,82,212
04/28/2003,SFF,WA,ANM,WE,Federal Contract Tower,0,2,5,0,7,0,15,84,0,99,0,17,89,0,106,136,0,136,242
04/29/2003,SFF,WA,ANM,WE,Federal Contract Tower,0,4,8,0,12,0,16,64,0,80,0,20,72,0,92,152,0,152,244
04/30/2003,SFF,WA,ANM,WE,Federal Contract Tower,0,3,11,0,14,0,11,45,0,56,0,14,56,0,70,110,0,110,180
05/01/2003,SFF,WA,ANM,WE,Federal Contract Tower,0,6,6,0,12,0,12,55,2,69,0,18,61,2,81,131,0,131,212
05/02/2003,SFF,WA,ANM,WE,Federal Contract Tower,0,6,12,1,19,0,19,90,2,111,0,25,102,3,130,118,0,118,248
05/03/2003,SFF,WA,ANM,WE,Federal Contract Tower,0,8,6,0,14,0,16,93,0,109,0,24,99,0,123,154,0,154,277
05/04/2003,SFF,WA,ANM,WE,Federal Contract Tower,0,2,6,0,8,0,6,21,0,27,0,8,27,0,35,142,0,142,177
05/05/2003,SFF,WA,ANM,WE,Federal Contract Tower,0,3,12,0,15,0,11,59,0,70,0,14,71,0,85,112,0,112,197
05/06/2003,SFF,WA,ANM,WE,Federal Contract Tower,0,6,17,0,23,0,21,65,0,86,0,27,82,0,109,138,0,138,247
05/07/2003,SFF,WA,ANM,WE,Federal Contract Tower,0,3,15,0,18,0,19,102,0,121,0,22,117,0,139,154,0,154,293
05/08/2003,SFF,WA,ANM,WE,Federal Contract Tower,0,5,12,0,17,0,18,73,2,93,0,23,85,2,110,82,0,82,192
05/09/2003,SFF,WA,ANM,WE,Federal Contract Tower,0,5,11,0,16,0,20,115,0,135,0,25,126,0,151,140,0,140,291
05/10/2003,SFF,WA,ANM,WE,Federal Contract Tower,0,5,5,1,11,0,21,160,1,182,0,26,165,2,193,158,0,158,351
05/11/2003,SFF,WA,ANM,WE,Federal Contract Tower,0,3,12,0,15,0,16,105,0,121,0,19,117,0,136,42,0,42,178
05/12/2003,SFF,WA,ANM,WE,Federal Contract Tower,0,4,14,0,18,0,12,42,0,54,0,16,56,0,72,40,0,40,112
05/13/2003,SFF,WA,ANM,WE,Federal Contract Tower,0,2,9,0,11,0,17,150,0,167,0,19,159,0,178,168,0,168,346
05/14/2003,SFF,WA,ANM,WE,Federal Contract Tower,0,3,8,0,11,0,16,74,0,90,0,19,82,0,101,106,0,106,207
05/15/2003,SFF,WA,ANM,WE,Federal Contract Tower,0,5,13,0,18,0,22,41,0,63,0,27,54,0,81,8,0,8,89
05/16/2003,SFF,WA,ANM,WE,Federal Contract Tower,0,2,10,0,12,0,12,50,2,64,0,14,60,2,76,90,0,90,166
05/17/2003,SFF,WA,ANM,WE,Federal Contract Tower,0,7,2,0,9,0,16,32,2,50,0,23,34,2,59,38,0,38,97
05/18/2003,SFF,WA,ANM,WE,Federal Contract Tower,0,1,6,0,7,0,5,61,0,66,0,6,67,0,73,90,0,90,163
05/19/2003,SFF,WA,ANM,WE,Federal Contract Tower,0,5,13,0,18,0,13,93,0,106,0,18,106,0,124,100,0,100,224
05/20/2003,SFF,WA,ANM,WE,Federal Contract Tower,0,4,13,0,17,0,14,124,0,138,0,18,137,0,155,234,0,234,389
05/21/2003,SFF,WA,ANM,WE,Federal Contract Tower,0,10,13,1,24,0,11,107,4,122,0,21,120,5,146,76,4,80,226
05/22/2003,SFF,WA,ANM,WE,Federal Contract Tower,0,6,6,0,12,0,18,95,2,115,0,24,101,2,127,158,0,158,285
05/23/2003,SFF,WA,ANM,WE,Federal Contract Tower,0,7,13,0,20,0,17,173,0,190,0,24,186,0,210,175,0,175,385
05/24/2003,SFF,WA,ANM,WE,Federal Contract Tower,0,6,7,0,13,0,17,127,2,146,0,23,134,2,159,80,0,80,239
05/25/2003,SFF,WA,ANM,WE,Federal Contract Tower,0,2,3,0,5,0,28,59,1,88,0,30,62,1,93,90,0,90,183
05/26/2003,SFF,WA,ANM,WE,Federal Contract Tower,0,1,8,0,9,0,22,73,0,95,0,23,81,0,104,74,0,74,178
05/27/2003,SFF,WA,ANM,WE,Federal Contract Tower,0,2,11,0,13,0,19,75,0,94,0,21,86,0,107,102,0,102,209
05/28/2003,SFF,WA,ANM,WE,Federal Contract Tower,0,6,16,0,22,0,20,78,2,100,0,26,94,2,122,94,0,94,216
05/29/2003,SFF,WA,ANM,WE,Federal Contract Tower,0,4,12,0,16,0,23,114,0,137,0,27,126,0,153,134,0,134,287
05/30/2003,SFF,WA,ANM,WE,Federal Contract Tower,0,8,3,0,11,0,21,71,0,92,0,29,74,0,103,40,0,40,143
05/31/2003,SFF,WA,ANM,WE,Federal Contract Tower,0,9,10,0,19,0,13,85,0,98,0,22,95,0,117,155,0,155,272
06/01/2003,SFF,WA,ANM,WE,Federal Contract Tower,0,0,3,0,3,0,16,111,0,127,0,16,114,0,130,76,0,76,206
06/02/2003,SFF,WA,ANM,WE,Federal Contract Tower,0,4,9,0,13,0,20,93,0,113,0,24,102,0,126,100,0,100,226
06/03/2003,SFF,WA,ANM,WE,Federal Contract Tower,0,2,13,0,15,0,20,114,0,134,0,22,127,0,149,104,0,104,253
06/04/2003,SFF,WA,ANM,WE,Federal Contract Tower,0,6,3,0,9,0,9,127,0,136,0,15,130,0,145,52,0,52,197
06/05/2003,SFF,WA,ANM,WE,Federal Contract Tower,0,6,13,0,19,0,26,119,0,145,0,32,132,0,164,116,0,116,280
06/06/2003,SFF,WA,ANM,WE,Federal Contract Tower,0,3,10,0,13,0,17,88,0,105,0,20,98,0,118,49,0,49,167
06/07/2003,SFF,WA,ANM,WE,Federal Contract Tower,0,2,6,0,8,0,25,128,0,153,0,27,134,0,161,84,0,84,245
06/08/2003,SFF,WA,ANM,WE,Federal Contract Tower,0,0,6,0,6,0,18,92,0,110,0,18,98,0,116,60,0,60,176
06/09/2003,SFF,WA,ANM,WE,Federal Contract Tower,0,3,23,0,26,0,30,76,2,108,0,33,99,2,134,92,0,92,226
06/10/2003,SFF,WA,ANM,WE,Federal Contract Tower,0,7,17,0,24,0,24,51,3,78,0,31,68,3,102,44,0,44,146
06/11/2003,SFF,WA,ANM,WE,Federal Contract Tower,0,4,21,0,25,0,39,86,1,126,0,43,107,1,151,78,0,78,229
06/12/2003,SFF,WA,ANM,WE,Federal Contract Tower,0,3,15,0,18,0,35,112,0,147,0,38,127,0,165,110,0,110,275
06/13/2003,SFF,WA,ANM,WE,Federal Contract Tower,0,5,13,0,18,0,19,102,0,121,0,24,115,0,139,89,0,89,228
06/14/2003,SFF,WA,ANM,WE,Federal Contract Tower,0,5,11,0,16,0,74,107,0,181,0,79,118,0,197,95,0,95,292
06/15/2003,SFF,WA,ANM,WE,Federal Contract Tower,0,0,4,0,4,0,25,120,0,145,0,25,124,0,149,80,0,80,229
06/16/2003,SFF,WA,ANM,WE,Federal Contract Tower,0,2,14,0,16,0,36,98,0,134,0,38,112,0,150,96,0,96,246
06/17/2003,SFF,WA,ANM,WE,Federal Contract Tower,0,3,20,0,23,0,13,131,0,144,0,16,151,0,167,138,0,138,305
06/18/2003,SFF,WA,ANM,WE,Federal Contract Tower,0,6,15,0,21,0,23,73,0,96,0,29,88,0,117,74,0,74,191
06/19/2003,SFF,WA,ANM,WE,Federal Contract Tower,0,2,11,0,13,0,23,71,0,94,0,25,82,0,107,80,0,80,187
06/20/2003,SFF,WA,ANM,WE,Federal Contract Tower,0,6,11,0,17,0,10,59,4,73,0,16,70,4,90,108,0,108,198
06/21/2003,SFF,WA,ANM,WE,Federal Contract Tower,0,9,12,0,21,0,15,35,0,50,0,24,47,0,71,12,0,12,83
06/22/2003,SFF,WA,ANM,WE,Federal Contract Tower,0,8,9,0,17,0,28,59,0,87,0,36,68,0,104,74,0,74,178
06/23/2003,SFF,WA,ANM,WE,Federal Contract Tower,0,4,4,0,8,0,11,98,3,112,0,15,102,3,120,88,2,90,210
06/24/2003,SFF,WA,ANM,WE,Federal Contract Tower,0,3,6,0,9,0,35,90,0,125,0,38,96,0,134,66,0,66,200
06/25/2003,SFF,WA,ANM,WE,Federal Contract Tower,0,2,13,0,15,0,28,133,0,161,0,30,146,0,176,88,0,88,264
06/26/2003,SFF,WA,ANM,WE,Federal Contract Tower,0,2,11,0,13,0,13,121,6,140,0,15,132,6,153,92,0,92,245
06/27/2003,SFF,WA,ANM,WE,Federal Contract Tower,0,4,11,0,15,0,13,119,0,132,0,17,130,0,147,58,0,58,205
06/28/2003,SFF,WA,ANM,WE,Federal Contract Tower,0,5,3,0,8,0,10,135,2,147,0,15,138,2,155,83,0,83,238
06/29/2003,SFF,WA,ANM,WE,Federal Contract Tower,0,0,5,0,5,0,17,100,0,117,0,17,105,0,122,89,0,89,211
06/30/2003,SFF,WA,ANM,WE,Federal Contract Tower,0,5,14,0,19,0,20,45,4,69,0,25,59,4,88,88,0,88,176
07/01/2003,SFF,WA,ANM,WE,Federal Contract Tower,0,2,7,0,9,0,11,77,0,88,0,13,84,0,97,116,0,116,213
07/02/2003,SFF,WA,ANM,WE,Federal Contract Tower,0,2,12,0,14,0,30,99,0,129,0,32,111,0,143,104,0,104,247
07/03/2003,SFF,WA,ANM,WE,Federal Contract Tower,0,2,7,1,10,0,30,117,1,148,0,32,124,2,158,158,2,160,318
07/04/2003,SFF,WA,ANM,WE,Federal Contract Tower,0,0,0,0,0,0,10,38,0,48,0,10,38,0,48,40,0,40,88
07/05/2003,SFF,WA,ANM,WE,Federal Contract Tower,0,3,3,0,6,0,25,119,2,146,0,28,122,2,152,63,0,63,215
07/06/2003,SFF,WA,ANM,WE,Federal Contract Tower,0,3,7,0,10,0,5,121,0,126,0,8,128,0,136,44,0,44,180
07/07/2003,SFF,WA,ANM,WE,Federal Contract Tower,0,6,3,0,9,0,34,94,2,130,0,40,97,2,139,128,0,128,267
07/08/2003,SFF,WA,ANM,WE,Federal Contract Tower,0,5,14,0,19,0,22,82,0,104,0,27,96,0,123,42,0,42,165
07/09/2003,SFF,WA,ANM,WE,Federal Contract Tower,0,3,11,0,14,0,14,94,0,108,0,17,105,0,122,150,0,150,272
07/10/2003,SFF,WA,ANM,WE,Federal Contract Tower,0,2,11,0,13,0,24,124,0,148,0,26,135,0,161,158,0,158,319
07/11/2003,SFF,WA,ANM,WE,Federal Contract Tower,0,4,15,0,19,0,22,94,0,116,0,26,109,0,135,154,0,154,289
07/12/2003,SFF,WA,ANM,WE,Federal Contract Tower,0,5,4,0,9,0,27,136,0,163,0,32,140,0,172,132,0,132,304
07/13/2003,SFF,WA,ANM,WE,Federal Contract Tower,0,0,8,0,8,0,11,71,2,84,0,11,79,2,92,38,0,38,130
07/14/2003,SFF,WA,ANM,WE,Federal Contract Tower,0,5,6,0,11,0,9,106,0,115,0,14,112,0,126,49,0,49,175
07/15/2003,SFF,WA,ANM,WE,Federal Contract Tower,0,2,6,0,8,0,24,103,2,129,0,26,109,2,137,38,0,38,175
07/16/2003,SFF,WA,ANM,WE,Federal Contract Tower,0,3,7,0,10,0,17,124,4,145,0,20,131,4,155,67,0,67,222
07/17/2003,SFF,WA,ANM,WE,Federal Contract Tower,0,2,9,0,11,0,23,110,4,137,0,25,119,4,148,158,0,158,306
07/18/2003,SFF,WA,ANM,WE,Federal Contract Tower,0,5,11,0,16,0,24,187,0,211,0,29,198,0,227,118,0,118,345
07/19/2003,SFF,WA,ANM,WE,Federal Contract Tower,0,4,2,0,6,0,16,312,0,328,0,20,314,0,334,171,0,171,505
07/20/2003,SFF,WA,ANM,WE,Federal Contract Tower,0,0,6,0,6,0,10,179,0,189,0,10,185,0,195,40,0,40,235
07/21/2003,SFF,WA,ANM,WE,Federal Contract Tower,0,6,7,0,13,0,23,121,2,146,0,29,128,2,159,84,0,84,243
07/22/2003,SFF,WA,ANM,WE,Federal Contract Tower,0,6,7,0,13,0,27,93,2,122,0,33,100,2,135,76,0,76,211
07/23/2003,SFF,WA,ANM,WE,Federal Contract Tower,0,4,5,0,9,0,18,96,2,116,0,22,101,2,125,92,0,92,217
07/24/2003,SFF,WA,ANM,WE,Federal Contract Tower,0,3,13,0,16,0,31,119,0,150,0,34,132,0,166,64,4,68,234
07/25/2003,SFF,WA,ANM,WE,Federal Contract Tower,0,5,10,0,15,0,26,88,0,114,0,31,98,0,129,60,0,60,189
07/26/2003,SFF,WA,ANM,WE,Federal Contract Tower,0,2,15,0,17,0,15,178,0,193,0,17,193,0,210,38,0,38,248
07/27/2003,SFF,WA,ANM,WE,Federal Contract Tower,0,0,4,0,4,0,26,90,0,116,0,26,94,0,120,57,0,57,177
07/28/2003,SFF,WA,ANM,WE,Federal Contract Tower,0,6,5,0,11,0,17,64,0,81,0,23,69,0,92,37,0,37,129
07/29/2003,SFF,WA,ANM,WE,Federal Contract Tower,0,3,8,0,11,0,31,97,0,128,0,34,105,0,139,34,0,34,173
07/30/2003,SFF,WA,ANM,WE,Federal Contract Tower,0,5,12,0,17,0,26,83,0,109,0,31,95,0,126,66,0,66,192
07/31/2003,SFF,WA,ANM,WE,Federal Contract Tower,0,3,8,1,12,0,22,95,1,118,0,25,103,2,130,92,0,92,222
08/01/2003,SFF,WA,ANM,WE,Federal Contract Tower,0,6,8,0,14,0,15,134,0,149,0,21,142,0,163,92,0,92,255
08/02/2003,SFF,WA,ANM,WE,Federal Contract Tower,0,5,10,0,15,0,25,113,2,140,0,30,123,2,155,151,0,151,306
08/03/2003,SFF,WA,ANM,WE,Federal Contract Tower,0,0,20,0,20,0,3,43,0,46,0,3,63,0,66,36,0,36,102
08/04/2003,SFF,WA,ANM,WE,Federal Contract Tower,0,2,9,0,11,0,26,89,0,115,0,28,98,0,126,100,0,100,226
08/05/2003,SFF,WA,ANM,WE,Federal Contract Tower,0,3,8,0,11,0,21,81,0,102,0,24,89,0,113,113,0,113,226
08/06/2003,SFF,WA,ANM,WE,Federal Contract Tower,0,5,13,0,18,0,17,106,0,123,0,22,119,0,141,86,0,86,227
08/07/2003,SFF,WA,ANM,WE,Federal Contract Tower,0,5,8,0,13,0,29,97,0,126,0,34,105,0,139,84,0,84,223
08/08/2003,SFF,WA,ANM,WE,Federal Contract Tower,0,5,14,0,19,0,14,140,0,154,0,19,154,0,173,132,0,132,305
08/09/2003,SFF,WA,ANM,WE,Federal Contract Tower,0,3,10,0,13,0,23,148,0,171,0,26,158,0,184,124,0,124,308
08/10/2003,SFF,WA,ANM,WE,Federal Contract Tower,0,0,6,0,6,0,9,102,0,111,0,9,108,0,117,52,0,52,169
08/11/2003,SFF,WA,ANM,WE,Federal Contract Tower,0,4,9,0,13,0,20,113,0,133,0,24,122,0,146,148,0,148,294
08/12/2003,SFF,WA,ANM,WE,Federal Contract Tower,0,6,12,0,18,0,14,131,0,145,0,20,143,0,163,61,0,61,224
08/13/2003,SFF,WA,ANM,WE,Federal Contract Tower,0,3,17,0,20,0,65,119,0,184,0,68,136,0,204,76,0,76,280
08/14/2003,SFF,WA,ANM,WE,Federal Contract Tower,0,4,15,0,19,0,11,110,0,121,0,15,125,0,140,74,0,74,214
08/15/2003,SFF,WA,ANM,WE,Federal Contract Tower,0,5,11,1,17,0,14,93,1,108,0,19,104,2,125,134,0,134,259
08/16/2003,SFF,WA,ANM,WE,Federal Contract Tower,0,4,8,0,12,0,15,142,0,157,0,19,150,0,169,144,0,144,313
08/17/2003,SFF,WA,ANM,WE,Federal Contract Tower,0,1,9,0,10,0,17,100,0,117,0,18,109,0,127,78,0,78,205
08/18/2003,SFF,WA,ANM,WE,Federal Contract Tower,0,4,11,0,15,0,20,85,0,105,0,24,96,0,120,70,0,70,190
08/19/2003,SFF,WA,ANM,WE,Federal Contract Tower,0,4,11,0,15,0,16,85,0,101,0,20,96,0,116,74,0,74,190
08/20/2003,SFF,WA,ANM,WE,Federal Contract Tower,0,2,17,0,19,0,23,97,0,120,0,25,114,0,139,88,0,88,227
08/21/2003,SFF,WA,ANM,WE,Federal Contract Tower,0,3,13,0,16,0,32,76,2,110,0,35,89,2,126,57,0,57,183
08/22/2003,SFF,WA,ANM,WE,Federal Contract Tower,0,9,12,0,21,0,23,63,4,90,0,32,75,4,111,74,0,74,185
08/23/2003,SFF,WA,ANM,WE,Federal Contract Tower,0,3,8,0,11,0,25,144,0,169,0,28,152,0,180,194,0,194,374
08/24/2003,SFF,WA,ANM,WE,Federal Contract Tower,0,0,4,0,4,0,12,124,0,136,0,12,128,0,140,36,0,36,176
08/25/2003,SFF,WA,ANM,WE,Federal Contract Tower,0,3,9,0,12,0,15,102,2,119,0,18,111,2,131,118,0,118,249
08/26/2003,SFF,WA,ANM,WE,Federal Contract Tower,0,2,11,0,13,0,18,79,0,97,0,20,90,0,110,72,0,72,182
08/27/2003,SFF,WA,ANM,WE,Federal Contract Tower,0,6,19,0,25,0,14,111,0,125,0,20,130,0,150,106,0,106,256
08/28/2003,SFF,WA,ANM,WE,Federal Contract Tower,0,3,21,0,24,0,34,129,0,163,0,37,150,0,187,200,0,200,387
08/29/2003,SFF,WA,ANM,WE,Federal Contract Tower,0,1,16,0,17,0,18,109,0,127,0,19,125,0,144,172,0,172,316
08/30/2003,SFF,WA,ANM,WE,Federal Contract Tower,0,5,2,0,7,0,15,123,0,138,0,20,125,0,145,158,0,158,303
08/31/2003,SFF,WA,ANM,WE,Federal Contract Tower,0,1,3,0,4,0,14,90,0,104,0,15,93,0,108,85,0,85,193
09/01/2003,SFF,WA,ANM,WE,Federal Contract Tower,0,0,8,0,8,0,12,102,0,114,0,12,110,0,122,112,0,112,234
09/02/2003,SFF,WA,ANM,WE,Federal Contract Tower,0,1,11,0,12,0,22,48,0,70,0,23,59,0,82,78,0,78,160
09/03/2003,SFF,WA,ANM,WE,Federal Contract Tower,0,2,10,0,12,0,27,68,2,97,0,29,78,2,109,92,0,92,201
09/04/2003,SFF,WA,ANM,WE,Federal Contract Tower,0,5,7,0,12,0,28,80,0,108,0,33,87,0,120,96,0,96,216
09/05/2003,SFF,WA,ANM,WE,Federal Contract Tower,0,3,13,0,16,0,14,105,0,119,0,17,118,0,135,148,0,148,283
09/06/2003,SFF,WA,ANM,WE,Federal Contract Tower,0,4,6,0,10,0,8,108,0,116,0,12,114,0,126,158,0,158,284
09/07/2003,SFF,WA,ANM,WE,Federal Contract Tower,0,0,9,0,9,0,16,103,0,119,0,16,112,0,128,132,0,132,260
09/08/2003,SFF,WA,ANM,WE,Federal Contract Tower,0,11,15,0,26,0,19,17,0,36,0,30,32,0,62,66,0,66,128
09/09/2003,SFF,WA,ANM,WE,Federal Contract Tower,0,4,12,0,16,0,19,57,0,76,0,23,69,0,92,179,0,179,271
09/10/2003,SFF,WA,ANM,WE,Federal Contract Tower,0,5,8,0,13,0,11,57,0,68,0,16,65,0,81,86,0,86,167
09/11/2003,SFF,WA,ANM,WE,Federal Contract Tower,0,5,18,0,23,0,19,68,0,87,0,24,86,0,110,106,0,106,216
09/12/2003,SFF,WA,ANM,WE,Federal Contract Tower,0,0,16,0,16,0,22,82,0,104,0,22,98,0,120,96,0,96,216
09/13/2003,SFF,WA,ANM,WE,Federal Contract Tower,0,2,6,0,8,0,11,148,0,159,0,13,154,0,167,216,0,216,383
09/14/2003,SFF,WA,ANM,WE,Federal Contract Tower,0,1,10,0,11,0,17,97,0,114,0,18,107,0,125,120,0,120,245
09/15/2003,SFF,WA,ANM,WE,Federal Contract Tower,0,7,13,0,20,0,26,47,2,75,0,33,60,2,95,60,0,60,155
09/16/2003,SFF,WA,ANM,WE,Federal Contract Tower,0,3,10,0,13,0,18,20,2,40,0,21,30,2,53,0,0,0,53
09/17/2003,SFF,WA,ANM,WE,Federal Contract Tower,0,4,13,0,17,0,24,65,0,89,0,28,78,0,106,94,0,94,200
09/18/2003,SFF,WA,ANM,WE,Federal Contract Tower,0,1,8,0,9,0,29,84,0,113,0,30,92,0,122,163,0,163,285
09/19/2003,SFF,WA,ANM,WE,Federal Contract Tower,0,6,9,0,15,0,18,65,0,83,0,24,74,0,98,36,0,36,134
09/20/2003,SFF,WA,ANM,WE,Federal Contract Tower,0,2,14,0,16,0,24,136,0,160,0,26,150,0,176,214,0,214,390
09/21/2003,SFF,WA,ANM,WE,Federal Contract Tower,0,1,1,0,2,0,11,140,0,151,0,12,141,0,153,152,0,152,305
09/22/2003,SFF,WA,ANM,WE,Federal Contract Tower,0,2,7,0,9,0,12,66,0,78,0,14,73,0,87,72,0,72,159
09/23/2003,SFF,WA,ANM,WE,Federal Contract Tower,0,1,11,0,12,0,9,58,0,67,0,10,69,0,79,158,0,158,237
09/24/2003,SFF,WA,ANM,WE,Federal Contract Tower,0,1,10,0,11,0,20,108,0,128,0,21,118,0,139,116,0,116,255
09/25/2003,SFF,WA,ANM,WE,Federal Contract Tower,0,1,4,0,5,0,9,125,4,138,0,10,129,4,143,164,2,166,309
09/26/2003,SFF,WA,ANM,WE,Federal Contract Tower,0,0,8,0,8,0,23,101,0,124,0,23,109,0,132,129,0,129,261
09/27/2003,SFF,WA,ANM,WE,Federal Contract Tower,0,4,14,0,18,0,16,253,0,269,0,20,267,0,287,145,0,145,432
09/28/2003,SFF,WA,ANM,WE,Federal Contract Tower,0,0,6,0,6,0,17,123,0,140,0,17,129,0,146,70,0,70,216
09/29/2003,SFF,WA,ANM,WE,Federal Contract Tower,0,3,10,0,13,0,18,74,4,96,0,21,84,4,109,76,4,80,189
09/30/2003,SFF,WA,ANM,WE,Federal Contract Tower,0,3,12,0,15,0,13,114,0,127,0,16,126,0,142,102,0,102,244
10/01/2003,SFF,WA,ANM,WE,Federal Contract Tower,0,3,7,0,10,0,8,107,0,115,0,11,114,0,125,90,0,90,215
10/02/2003,SFF,WA,ANM,WE,Federal Contract Tower,0,2,6,0,8,0,12,83,4,99,0,14,89,4,107,126,0,126,233
10/03/2003,SFF,WA,ANM,WE,Federal Contract Tower,0,2,7,0,9,0,25,120,0,145,0,27,127,0,154,60,0,60,214
10/04/2003,SFF,WA,ANM,WE,Federal Contract Tower,0,3,11,0,14,0,8,129,0,137,0,11,140,0,151,130,0,130,281
10/05/2003,SFF,WA,ANM,WE,Federal Contract Tower,0,1,4,0,5,0,14,124,0,138,0,15,128,0,143,104,0,104,247
10/06/2003,SFF,WA,ANM,WE,Federal Contract Tower,0,1,4,0,5,0,19,73,0,92,0,20,77,0,97,92,0,92,189
10/07/2003,SFF,WA,ANM,WE,Federal Contract Tower,0,3,10,0,13,0,17,50,0,67,0,20,60,0,80,132,0,132,212
10/08/2003,SFF,WA,ANM,WE,Federal Contract Tower,0,4,14,0,18,0,10,48,0,58,0,14,62,0,76,70,0,70,146
10/09/2003,SFF,WA,ANM,WE,Federal Contract Tower,0,5,18,0,23,0,13,61,1,75,0,18,79,1,98,102,1,103,201
10/10/2003,SFF,WA,ANM,WE,Federal Contract Tower,0,4,15,0,19,0,11,80,0,91,0,15,95,0,110,128,0,128,238
10/11/2003,SFF,WA,ANM,WE,Federal Contract Tower,0,2,6,0,8,0,10,82,0,92,0,12,88,0,100,102,0,102,202
10/12/2003,SFF,WA,ANM,WE,Federal Contract Tower,0,3,8,0,11,0,2,30,0,32,0,5,38,0,43,34,0,34,77
10/13/2003,SFF,WA,ANM,WE,Federal Contract Tower,0,3,9,0,12,0,11,76,0,87,0,14,85,0,99,124,0,124,223
10/14/2003,SFF,WA,ANM,WE,Federal Contract Tower,0,4,16,1,21,0,15,86,0,101,0,19,102,1,122,120,2,122,244
10/15/2003,SFF,WA,ANM,WE,Federal Contract Tower,0,5,22,0,27,0,15,57,0,72,0,20,79,0,99,82,0,82,181
10/16/2003,SFF,WA,ANM,WE,Federal Contract Tower,0,2,11,0,13,0,5,17,0,22,0,7,28,0,35,19,0,19,54
10/17/2003,SFF,WA,ANM,WE,Federal Contract Tower,0,2,9,1,12,0,14,40,1,55,0,16,49,2,67,2,0,2,69
10/18/2003,SFF,WA,ANM,WE,Federal Contract Tower,0,1,7,1,9,0,9,198,0,207,0,10,205,1,216,118,1,119,335
10/19/2003,SFF,WA,ANM,WE,Federal Contract Tower,0,1,4,0,5,0,8,52,0,60,0,9,56,0,65,32,0,32,97
10/20/2003,SFF,WA,ANM,WE,Federal Contract Tower,0,2,11,0,13,0,14,44,0,58,0,16,55,0,71,34,0,34,105
10/21/2003,SFF,WA,ANM,WE,Federal Contract Tower,0,3,15,1,19,0,9,99,7,115,0,12,114,8,134,106,0,106,240
10/22/2003,SFF,WA,ANM,WE,Federal Contract Tower,0,3,11,0,14,0,15,99,0,114,0,18,110,0,128,138,0,138,266
10/23/2003,SFF,WA,ANM,WE,Federal Contract Tower,0,1,8,0,9,0,19,40,1,60,0,20,48,1,69,40,0,40,109
10/24/2003,SFF,WA,ANM,WE,Federal Contract Tower,0,3,15,0,18,0,10,88,4,102,0,13,103,4,120,116,0,116,236
10/25/2003,SFF,WA,ANM,WE,Federal Contract Tower,0,2,10,0,12,0,21,144,0,165,0,23,154,0,177,132,0,132,309
10/26/2003,SFF,WA,ANM,WE,Federal Contract Tower,0,0,5,0,5,0,20,138,0,158,0,20,143,0,163,90,0,90,253
10/27/2003,SFF,WA,ANM,WE,Federal Contract Tower,0,1,8,0,9,0,17,71,0,88,0,18,79,0,97,136,0,136,233
10/28/2003,SFF,WA,ANM,WE,Federal Contract Tower,0,2,11,0,13,0,11,29,0,40,0,13,40,0,53,52,0,52,105
10/29/2003,SFF,WA,ANM,WE,Federal Contract Tower,0,3,12,0,15,0,15,24,0,39,0,18,36,0,54,58,0,58,112
10/30/2003,SFF,WA,ANM,WE,Federal Contract Tower,0,3,13,0,16,0,12,19,0,31,0,15,32,0,47,34,0,34,81
10/31/2003,SFF,WA,ANM,WE,Federal Contract Tower,0,1,8,0,9,0,19,50,0,69,0,20,58,0,78,93,0,93,171
11/01/2003,SFF,WA,ANM,WE,Federal Contract Tower,0,5,6,0,11,0,3,99,0,102,0,8,105,0,113,85,0,85,198
11/02/2003,SFF,WA,ANM,WE,Federal Contract Tower,0,6,8,0,14,0,5,6,0,11,0,11,14,0,25,20,0,20,45
11/03/2003,SFF,WA,ANM,WE,Federal Contract Tower,0,3,4,0,7,0,11,35,1,47,0,14,39,1,54,44,2,46,100
11/04/2003,SFF,WA,ANM,WE,Federal Contract Tower,0,6,10,0,16,0,16,57,0,73,0,22,67,0,89,70,0,70,159
11/05/2003,SFF,WA,ANM,WE,Federal Contract Tower,0,6,8,0,14,0,6,68,0,74,0,12,76,0,88,52,0,52,140
11/06/2003,SFF,WA,ANM,WE,Federal Contract Tower,0,9,13,0,22,0,8,49,0,57,0,17,62,0,79,94,0,94,173
11/07/2003,SFF,WA,ANM,WE,Federal Contract Tower,0,5,6,0,11,0,14,81,0,95,0,19,87,0,106,98,0,98,204
11/08/2003,SFF,WA,ANM,WE,Federal Contract Tower,0,2,2,0,4,0,39,93,0,132,0,41,95,0,136,136,0,136,272
11/09/2003,SFF,WA,ANM,WE,Federal Contract Tower,0,1,1,0,2,0,8,129,0,137,0,9,130,0,139,138,0,138,277
11/10/2003,SFF,WA,ANM,WE,Federal Contract Tower,0,3,4,0,7,0,17,23,0,40,0,20,27,0,47,60,0,60,107
11/11/2003,SFF,WA,ANM,WE,Federal Contract Tower,0,6,9,0,15,0,15,43,0,58,0,21,52,0,73,116,0,116,189
11/12/2003,SFF,WA,ANM,WE,Federal Contract Tower,0,4,6,0,10,0,20,119,0,139,0,24,125,0,149,124,0,124,273
11/13/2003,SFF,WA,ANM,WE,Federal Contract Tower,0,4,7,0,11,0,13,91,0,104,0,17,98,0,115,76,0,76,191
11/14/2003,SFF,WA,ANM,WE,Federal Contract Tower,0,7,11,0,18,0,9,17,0,26,0,16,28,0,44,49,0,49,93
11/15/2003,SFF,WA,ANM,WE,Federal Contract Tower,0,8,14,0,22,0,6,25,0,31,0,14,39,0,53,98,0,98,151
11/16/2003,SFF,WA,ANM,WE,Federal Contract Tower,0,3,7,0,10,0,7,6,0,13,0,10,13,0,23,0,0,0,23
11/17/2003,SFF,WA,ANM,WE,Federal Contract Tower,0,5,9,0,14,0,14,21,0,35,0,19,30,0,49,40,0,40,89
11/18/2003,SFF,WA,ANM,WE,Federal Contract Tower,0,1,2,0,3,0,6,6,0,12,0,7,8,0,15,0,0,0,15
11/19/2003,SFF,WA,ANM,WE,Federal Contract Tower,0,3,6,0,9,0,7,7,0,14,0,10,13,0,23,6,0,6,29
11/20/2003,SFF,WA,ANM,WE,Federal Contract Tower,0,7,12,0,19,0,9,21,0,30,0,16,33,0,49,16,0,16,65
11/21/2003,SFF,WA,ANM,WE,Federal Contract Tower,0,4,9,0,13,0,10,20,2,32,0,14,29,2,45,28,1,29,74
11/22/2003,SFF,WA,ANM,WE,Federal Contract Tower,0,6,12,0,18,0,8,92,0,100,0,14,104,0,118,78,0,78,196
11/23/2003,SFF,WA,ANM,WE,Federal Contract Tower,0,2,6,0,8,0,18,32,0,50,0,20,38,0,58,94,0,94,152
11/24/2003,SFF,WA,ANM,WE,Federal Contract Tower,0,8,15,0,23,0,29,23,0,52,0,37,38,0,75,72,2,74,149
11/25/2003,SFF,WA,ANM,WE,Federal Contract Tower,0,2,4,0,6,0,7,11,0,18,0,9,15,0,24,44,0,44,68
11/26/2003,SFF,WA,ANM,WE,Federal Contract Tower,0,10,19,0,29,0,13,15,0,28,0,23,34,0,57,62,0,62,119
11/27/2003,SFF,WA,ANM,WE,Federal Contract Tower,0,5,9,0,14,0,15,16,0,31,0,20,25,0,45,58,0,58,103
11/28/2003,SFF,WA,ANM,WE,Federal Contract Tower,0,2,4,0,6,0,14,2,3,19,0,16,6,3,25,28,5,33,58
11/29/2003,SFF,WA,ANM,WE,Federal Contract Tower,0,6,12,0,18,0,17,0,0,17,0,23,12,0,35,14,0,14,49
11/30/2003,SFF,WA,ANM,WE,Federal Contract Tower,0,2,6,0,8,0,14,72,0,86,0,16,78,0,94,32,0,32,126
12/01/2003,SFF,WA,ANM,WE,Federal Contract Tower,0,6,8,0,14,0,0,6,0,6,0,6,14,0,20,0,0,0,20
12/02/2003,SFF,WA,ANM,WE,Federal Contract Tower,0,9,7,0,16,0,4,0,0,4,0,13,7,0,20,0,0,0,20
12/03/2003,SFF,WA,ANM,WE,Federal Contract Tower,0,9,11,0,20,0,15,63,1,79,0,24,74,1,99,66,4,70,169
12/04/2003,SFF,WA,ANM,WE,Federal Contract Tower,0,6,7,0,13,0,11,59,0,70,0,17,66,0,83,76,8,84,167
12/05/2003,SFF,WA,ANM,WE,Federal Contract Tower,0,9,9,0,18,0,3,0,0,3,0,12,9,0,21,0,0,0,21
12/06/2003,SFF,WA,ANM,WE,Federal Contract Tower,0,6,7,0,13,0,21,83,2,106,0,27,90,2,119,134,0,134,253
12/07/2003,SFF,WA,ANM,WE,Federal Contract Tower,0,2,2,0,4,0,2,12,0,14,0,4,14,0,18,58,0,58,76
12/08/2003,SFF,WA,ANM,WE,Federal Contract Tower,0,5,6,0,11,0,14,1,0,15,0,19,7,0,26,16,0,16,42
12/09/2003,SFF,WA,ANM,WE,Federal Contract Tower,0,9,11,0,20,0,10,60,2,72,0,19,71,2,92,104,0,104,196
12/10/2003,SFF,WA,ANM,WE,Federal Contract Tower,0,8,9,0,17,0,1,1,0,2,0,9,10,0,19,18,0,18,37
12/11/2003,SFF,WA,ANM,WE,Federal Contract Tower,0,3,2,0,5,0,11,43,0,54,0,14,45,0,59,64,0,64,123
12/12/2003,SFF,WA,ANM,WE,Federal Contract Tower,0,7,7,0,14,0,3,6,0,9,0,10,13,0,23,4,0,4,27
12/13/2003,SFF,WA,ANM,WE,Federal Contract Tower,0,6,3,0,9,0,4,0,0,4,0,10,3,0,13,0,0,0,13
12/14/2003,SFF,WA,ANM,WE,Federal Contract Tower,0,3,2,0,5,0,2,18,0,20,0,5,20,0,25,79,0,79,104
12/15/2003,SFF,WA,ANM,WE,Federal Contract Tower,0,12,14,0,26,0,12,44,2,58,0,24,58,2,84,85,0,85,169
12/16/2003,SFF,WA,ANM,WE,Federal Contract Tower,0,6,8,0,14,0,7,20,0,27,0,13,28,0,41,78,0,78,119
12/17/2003,SFF,WA,ANM,WE,Federal Contract Tower,0,9,14,0,23,0,18,152,0,170,0,27,166,0,193,110,0,110,303
12/18/2003,SFF,WA,ANM,WE,Federal Contract Tower,0,10,14,0,24,0,11,91,0,102,0,21,105,0,126,76,0,76,202
12/19/2003,SFF,WA,ANM,WE,Federal Contract Tower,0,5,8,0,13,0,17,96,0,113,0,22,104,0,126,122,0,122,248
12/20/2003,SFF,WA,ANM,WE,Federal Contract Tower,0,6,9,0,15,0,0,6,0,6,0,6,15,0,21,0,0,0,21
12/21/2003,SFF,WA,ANM,WE,Federal Contract Tower,0,4,5,0,9,0,2,0,0,2,0,6,5,0,11,0,0,0,11
12/22/2003,SFF,WA,ANM,WE,Federal Contract Tower,0,7,11,0,18,0,7,36,0,43,0,14,47,0,61,38,0,38,99
12/23/2003,SFF,WA,ANM,WE,Federal Contract Tower,0,26,59,0,85,0,0,19,0,19,0,26,78,0,104,94,0,94,198
12/24/2003,SFF,WA,ANM,WE,Federal Contract Tower,0,4,6,0,10,0,7,0,0,7,0,11,6,0,17,16,0,16,33
12/25/2003,SFF,WA,ANM,WE,Federal Contract Tower,0,0,0,0,0,0,4,0,0,4,0,4,0,0,4,0,0,0,4
12/26/2003,SFF,WA,ANM,WE,Federal Contract Tower,0,6,9,0,15,0,12,7,0,19,0,18,16,0,34,34,0,34,68
12/27/2003,SFF,WA,ANM,WE,Federal Contract Tower,0,7,11,0,18,0,2,65,0,67,0,9,76,0,85,122,0,122,207
12/28/2003,SFF,WA,ANM,WE,Federal Contract Tower,0,5,7,0,12,0,11,18,0,29,0,16,25,0,41,79,0,79,120
12/29/2003,SFF,WA,ANM,WE,Federal Contract Tower,0,3,5,0,8,0,14,73,0,87,0,17,78,0,95,55,0,55,150
12/30/2003,SFF,WA,ANM,WE,Federal Contract Tower,0,4,6,0,10,0,17,65,0,82,0,21,71,0,92,50,0,50,142
12/31/2003,SFF,WA,ANM,WE,Federal Contract Tower,0,5,3,0,8,0,4,0,0,4,0,9,3,0,12,0,0,0,12
01/01/2004,SFF,WA,ANM,WE,Federal Contract Tower,0,2,1,0,3,0,0,5,0,5,0,2,6,0,8,8,0,8,16
01/02/2004,SFF,WA,ANM,WE,Federal Contract Tower,0,4,4,0,8,0,16,11,0,27,0,20,15,0,35,35,0,35,70
01/03/2004,SFF,WA,ANM,WE,Federal Contract Tower,0,5,4,0,9,0,3,8,0,11,0,8,12,0,20,0,0,0,20
01/04/2004,SFF,WA,ANM,WE,Federal Contract Tower,0,4,4,0,8,0,17,43,0,60,0,21,47,0,68,28,0,28,96
01/05/2004,SFF,WA,ANM,WE,Federal Contract Tower,0,5,4,0,9,0,16,28,0,44,0,21,32,0,53,36,0,36,89
01/06/2004,SFF,WA,ANM,WE,Federal Contract Tower,0,1,1,0,2,0,2,4,0,6,0,3,5,0,8,20,0,20,28
01/07/2004,SFF,WA,ANM,WE,Federal Contract Tower,0,5,4,0,9,0,4,0,0,4,0,9,4,0,13,0,0,0,13
01/08/2004,SFF,WA,ANM,WE,Federal Contract Tower,0,6,6,0,12,0,9,18,0,27,0,15,24,0,39,18,0,18,57
01/09/2004,SFF,WA,ANM,WE,Federal Contract Tower,0,2,1,0,3,0,10,47,0,57,0,12,48,0,60,58,0,58,118
01/10/2004,SFF,WA,ANM,WE,Federal Contract Tower,0,5,6,0,11,0,9,76,4,89,0,14,82,4,100,90,8,98,198
01/11/2004,SFF,WA,ANM,WE,Federal Contract Tower,0,5,3,0,8,0,1,0,0,1,0,6,3,0,9,0,0,0,9
01/12/2004,SFF,WA,ANM,WE,Federal Contract Tower,0,15,18,0,33,0,2,35,0,37,0,17,53,0,70,29,0,29,99
01/13/2004,SFF,WA,ANM,WE,Federal Contract Tower,0,10,10,0,20,0,9,20,0,29,0,19,30,0,49,42,0,42,91
01/14/2004,SFF,WA,ANM,WE,Federal Contract Tower,0,13,15,0,28,0,0,50,0,50,0,13,65,0,78,118,0,118,196
01/15/2004,SFF,WA,ANM,WE,Federal Contract Tower,0,8,8,0,16,0,2,11,0,13,0,10,19,0,29,102,0,102,131
01/16/2004,SFF,WA,ANM,WE,Federal Contract Tower,0,6,8,0,14,0,0,29,0,29,0,6,37,0,43,88,0,88,131
01/17/2004,SFF,WA,ANM,WE,Federal Contract Tower,0,12,15,0,27,0,1,32,0,33,0,13,47,0,60,90,0,90,150
01/18/2004,SFF,WA,ANM,WE,Federal Contract Tower,0,0,7,0,7,0,0,3,0,3,0,0,10,0,10,37,0,37,47
01/19/2004,SFF,WA,ANM,WE,Federal Contract Tower,0,12,4,0,16,0,27,0,0,27,0,39,4,0,43,0,0,0,43
01/20/2004,SFF,WA,ANM,WE,Federal Contract Tower,0,6,8,0,14,0,10,19,2,31,0,16,27,2,45,88,1,89,134
01/21/2004,SFF,WA,ANM,WE,Federal Contract Tower,0,8,11,0,19,0,9,18,0,27,0,17,29,0,46,114,0,114,160
01/22/2004,SFF,WA,ANM,WE,Federal Contract Tower,0,6,9,0,15,0,6,17,2,25,0,12,26,2,40,92,0,92,132
01/23/2004,SFF,WA,ANM,WE,Federal Contract Tower,0,4,3,0,7,0,3,0,0,3,0,7,3,0,10,0,0,0,10
01/24/2004,SFF,WA,ANM,WE,Federal Contract Tower,0,6,9,0,15,0,25,8,0,33,0,31,17,0,48,64,0,64,112
01/25/2004,SFF,WA,ANM,WE,Federal Contract Tower,0,4,7,0,11,0,5,102,0,107,0,9,109,0,118,152,0,152,270
01/26/2004,SFF,WA,ANM,WE,Federal Contract Tower,0,8,10,0,18,0,12,29,0,41,0,20,39,0,59,104,0,104,163
01/27/2004,SFF,WA,ANM,WE,Federal Contract Tower,0,6,9,0,15,0,4,43,0,47,0,10,52,0,62,68,0,68,130
01/28/2004,SFF,WA,ANM,WE,Federal Contract Tower,0,6,9,0,15,0,12,15,0,27,0,18,24,0,42,31,0,31,73
01/29/2004,SFF,WA,ANM,WE,Federal Contract Tower,0,6,9,0,15,0,5,5,4,14,0,11,14,4,29,32,0,32,61
01/30/2004,SFF,WA,ANM,WE,Federal Contract Tower,0,5,8,0,13,0,2,2,0,4,0,7,10,0,17,6,0,6,23
01/31/2004,SFF,WA,ANM,WE,Federal Contract Tower,0,4,6,0,10,0,8,88,0,96,0,12,94,0,106,126,0,126,232
02/01/2004,SFF,WA,ANM,WE,Federal Contract Tower,0,7,11,0,18,0,9,50,0,59,0,16,61,0,77,112,0,112,189
02/02/2004,SFF,WA,ANM,WE,Federal Contract Tower,0,5,6,0,11,0,23,69,2,94,0,28,75,2,105,120,0,120,225
02/03/2004,SFF,WA,ANM,WE,Federal Contract Tower,0,11,16,0,27,0,12,45,6,63,0,23,61,6,90,116,0,116,206
02/04/2004,SFF,WA,ANM,WE,Federal Contract Tower,0,9,11,0,20,0,4,0,0,4,0,13,11,0,24,0,0,0,24
02/05/2004,SFF,WA,ANM,WE,Federal Contract Tower,0,12,20,0,32,0,10,13,0,23,0,22,33,0,55,44,0,44,99
02/06/2004,SFF,WA,ANM,WE,Federal Contract Tower,0,6,8,0,14,0,7,51,0,58,0,13,59,0,72,74,0,74,146
02/07/2004,SFF,WA,ANM,WE,Federal Contract Tower,0,4,6,0,10,0,3,2,0,5,0,7,8,0,15,12,0,12,27
02/08/2004,SFF,WA,ANM,WE,Federal Contract Tower,0,5,7,0,12,0,7,34,0,41,0,12,41,0,53,116,0,116,169
02/09/2004,SFF,WA,ANM,WE,Federal Contract Tower,0,8,11,0,19,0,2,1,0,3,0,10,12,0,22,6,0,6,28
02/10/2004,SFF,WA,ANM,WE,Federal Contract Tower,0,8,11,0,19,0,6,52,0,58,0,14,63,0,77,86,0,86,163
02/11/2004,SFF,WA,ANM,WE,Federal Contract Tower,0,5,7,0,12,0,28,122,2,152,0,33,129,2,164,152,0,152,316
02/12/2004,SFF,WA,ANM,WE,Federal Contract Tower,0,12,18,0,30,0,6,88,0,94,0,18,106,0,124,98,0,98,222
02/13/2004,SFF,WA,ANM,WE,Federal Contract Tower,0,4,6,0,10,0,19,101,0,120,0,23,107,0,130,152,0,152,282
02/14/2004,SFF,WA,ANM,WE,Federal Contract Tower,0,2,4,1,7,0,5,1,1,7,0,7,5,2,14,10,0,10,24
02/15/2004,SFF,WA,ANM,WE,Federal Contract Tower,0,6,11,0,17,0,7,1,0,8,0,13,12,0,25,16,0,16,41
02/16/2004,SFF,WA,ANM,WE,Federal Contract Tower,0,6,11,0,17,0,10,45,4,59,0,16,56,4,76,72,0,72,148
02/17/2004,SFF,WA,ANM,WE,Federal Contract Tower,0,10,18,0,28,0,16,7,0,23,0,26,25,0,51,67,0,67,118
02/18/2004,SFF,WA,ANM,WE,Federal Contract Tower,0,8,14,0,22,0,3,17,2,22,0,11,31,2,44,59,0,59,103
02/19/2004,SFF,WA,ANM,WE,Federal Contract Tower,0,12,21,0,33,0,22,26,0,48,0,34,47,0,81,24,0,24,105
02/20/2004,SFF,WA,ANM,WE,Federal Contract Tower,0,7,13,0,20,0,13,58,2,73,0,20,71,2,93,148,0,148,241
02/21/2004,SFF,WA,ANM,WE,Federal Contract Tower,0,3,6,0,9,0,15,170,0,185,0,18,176,0,194,182,0,182,376
02/22/2004,SFF,WA,ANM,WE,Federal Contract Tower,0,3,7,0,10,0,17,144,0,161,0,20,151,0,171,110,0,110,281
02/23/2004,SFF,WA,ANM,WE,Federal Contract Tower,0,2,6,0,8,0,14,80,2,96,0,16,86,2,104,76,0,76,180
02/24/2004,SFF,WA,ANM,WE,Federal Contract Tower,0,5,9,0,14,0,6,22,2,30,0,11,31,2,44,60,0,60,104
02/25/2004,SFF,WA,ANM,WE,Federal Contract Tower,0,4,9,0,13,0,10,50,0,60,0,14,59,0,73,147,0,147,220
02/26/2004,SFF,WA,ANM,WE,Federal Contract Tower,0,5,9,0,14,0,9,49,0,58,0,14,58,0,72,161,0,161,233
02/27/2004,SFF,WA,ANM,WE,Federal Contract Tower,0,2,6,0,8,0,19,42,0,61,0,21,48,0,69,140,0,140,209
02/28/2004,SFF,WA,ANM,WE,Federal Contract Tower,0,7,12,0,19,0,9,49,0,58,0,16,61,0,77,72,0,72,149
02/29/2004,SFF,WA,ANM,WE,Federal Contract Tower,0,5,11,0,16,0,10,39,0,49,0,15,50,0,65,86,0,86,151
03/01/2004,SFF,WA,ANM,WE,Federal Contract Tower,0,5,9,0,14,0,21,103,2,126,0,26,112,2,140,98,0,98,238
03/02/2004,SFF,WA,ANM,WE,Federal Contract Tower,0,6,10,0,16,0,5,76,0,81,0,11,86,0,97,66,0,66,163
03/03/2004,SFF,WA,ANM,WE,Federal Contract Tower,0,5,9,0,14,0,12,23,0,35,0,17,32,0,49,30,0,30,79
03/04/2004,SFF,WA,ANM,WE,Federal Contract Tower,0,5,10,0,15,0,0,24,0,24,0,5,34,0,39,28,0,28,67
03/05/2004,SFF,WA,ANM,WE,Federal Contract Tower,0,4,7,0,11,0,7,6,0,13,0,11,13,0,24,5,0,5,29
03/06/2004,SFF,WA,ANM,WE,Federal Contract Tower,0,3,5,0,8,0,17,97,0,114,0,20,102,0,122,74,0,74,196
03/07/2004,SFF,WA,ANM,WE,Federal Contract Tower,0,4,7,0,11,0,25,27,0,52,0,29,34,0,63,24,0,24,87
03/08/2004,SFF,WA,ANM,WE,Federal Contract Tower,0,4,6,0,10,0,21,122,4,147,0,25,128,4,157,78,0,78,235
03/09/2004,SFF,WA,ANM,WE,Federal Contract Tower,0,6,12,0,18,0,12,82,2,96,0,18,94,2,114,62,0,62,176
03/10/2004,SFF,WA,ANM,WE,Federal Contract Tower,0,4,8,0,12,0,16,111,2,129,0,20,119,2,141,158,0,158,299
03/11/2004,SFF,WA,ANM,WE,Federal Contract Tower,0,2,5,0,7,0,21,99,0,120,0,23,104,0,127,120,0,120,247
03/12/2004,SFF,WA,ANM,WE,Federal Contract Tower,0,7,14,1,22,0,4,75,1,80,0,11,89,2,102,58,0,58,160
03/13/2004,SFF,WA,ANM,WE,Federal Contract Tower,0,5,12,0,17,0,21,155,0,176,0,26,167,0,193,110,0,110,303
03/14/2004,SFF,WA,ANM,WE,Federal Contract Tower,0,0,2,0,2,0,24,63,0,87,0,24,65,0,89,36,0,36,125
03/15/2004,SFF,WA,ANM,WE,Federal Contract Tower,0,5,12,0,17,0,3,71,0,74,0,8,83,0,91,46,0,46,137
03/16/2004,SFF,WA,ANM,WE,Federal Contract Tower,0,2,6,1,9,0,8,55,1,64,0,10,61,2,73,60,10,70,143
03/17/2004,SFF,WA,ANM,WE,Federal Contract Tower,0,2,6,1,9,0,13,83,0,96,0,15,89,1,105,64,2,66,171
03/18/2004,SFF,WA,ANM,WE,Federal Contract Tower,0,3,8,0,11,0,8,15,0,23,0,11,23,0,34,0,0,0,34
03/19/2004,SFF,WA,ANM,WE,Federal Contract Tower,0,6,12,0,18,0,19,85,0,104,0,25,97,0,122,36,0,36,158
03/20/2004,SFF,WA,ANM,WE,Federal Contract Tower,0,6,14,0,20,0,16,165,0,181,0,22,179,0,201,156,0,156,357
03/21/2004,SFF,WA,ANM,WE,Federal Contract Tower,0,3,7,0,10,0,15,139,0,154,0,18,146,0,164,138,0,138,302
03/22/2004,SFF,WA,ANM,WE,Federal Contract Tower,0,2,6,1,9,0,30,82,0,112,0,32,88,1,121,84,5,89,210
03/23/2004,SFF,WA,ANM,WE,Federal Contract Tower,0,6,14,0,20,0,6,51,0,57,0,12,65,0,77,36,0,36,113
03/24/2004,SFF,WA,ANM,WE,Federal Contract Tower,0,5,12,0,17,0,25,34,0,59,0,30,46,0,76,4,0,4,80
03/25/2004,SFF,WA,ANM,WE,Federal Contract Tower,0,2,5,0,7,0,15,49,1,65,0,17,54,1,72,89,0,89,161
03/26/2004,SFF,WA,ANM,WE,Federal Contract Tower,0,3,7,0,10,0,11,23,0,34,0,14,30,0,44,14,0,14,58
03/27/2004,SFF,WA,ANM,WE,Federal Contract Tower,0,3,8,0,11,0,19,62,0,81,0,22,70,0,92,78,0,78,170
03/28/2004,SFF,WA,ANM,WE,Federal Contract Tower,0,2,6,0,8,0,18,186,0,204,0,20,192,0,212,122,0,122,334
03/29/2004,SFF,WA,ANM,WE,Federal Contract Tower,0,5,11,0,16,0,9,95,2,106,0,14,106,2,122,176,0,176,298
03/30/2004,SFF,WA,ANM,WE,Federal Contract Tower,0,4,11,0,15,0,6,88,0,94,0,10,99,0,109,88,2,90,199
03/31/2004,SFF,WA,ANM,WE,Federal Contract Tower,0,4,11,0,15,0,13,62,0,75,0,17,73,0,90,116,0,116,206
04/01/2004,SFF,WA,ANM,WE,Federal Contract Tower,0,4,5,0,9,0,9,88,0,97,0,13,93,0,106,130,0,130,236
04/02/2004,SFF,WA,ANM,WE,Federal Contract Tower,0,7,13,0,20,0,5,103,0,108,0,12,116,0,128,102,0,102,230
04/03/2004,SFF,WA,ANM,WE,Federal Contract Tower,0,4,6,0,10,0,8,173,0,181,0,12,179,0,191,124,0,124,315
04/04/2004,SFF,WA,ANM,WE,Federal Contract Tower,0,4,7,0,11,0,14,102,0,116,0,18,109,0,127,114,0,114,241
04/05/2004,SFF,WA,ANM,WE,Federal Contract Tower,0,4,6,0,10,0,9,73,0,82,0,13,79,0,92,84,0,84,176
04/06/2004,SFF,WA,ANM,WE,Federal Contract Tower,0,5,8,0,13,0,17,84,4,105,0,22,92,4,118,108,0,108,226
04/07/2004,SFF,WA,ANM,WE,Federal Contract Tower,0,5,9,0,14,0,20,58,0,78,0,25,67,0,92,92,0,92,184
04/08/2004,SFF,WA,ANM,WE,Federal Contract Tower,0,3,3,0,6,0,29,67,0,96,0,32,70,0,102,105,0,105,207
04/09/2004,SFF,WA,ANM,WE,Federal Contract Tower,0,2,3,0,5,0,9,90,0,99,0,11,93,0,104,212,0,212,316
04/10/2004,SFF,WA,ANM,WE,Federal Contract Tower,0,5,8,0,13,0,16,135,0,151,0,21,143,0,164,104,0,104,268
04/11/2004,SFF,WA,ANM,WE,Federal Contract Tower,0,2,2,0,4,0,16,101,0,117,0,18,103,0,121,76,0,76,197
04/12/2004,SFF,WA,ANM,WE,Federal Contract Tower,0,3,3,0,6,0,17,71,0,88,0,20,74,0,94,78,0,78,172
04/13/2004,SFF,WA,ANM,WE,Federal Contract Tower,0,3,5,0,8,0,16,92,0,108,0,19,97,0,116,142,0,142,258
04/14/2004,SFF,WA,ANM,WE,Federal Contract Tower,0,4,7,0,11,0,18,38,0,56,0,22,45,0,67,54,0,54,121
04/15/2004,SFF,WA,ANM,WE,Federal Contract Tower,0,9,18,0,27,0,14,9,0,23,0,23,27,0,50,57,0,57,107
04/16/2004,SFF,WA,ANM,WE,Federal Contract Tower,0,4,7,0,11,0,21,47,0,68,0,25,54,0,79,109,0,109,188
04/17/2004,SFF,WA,ANM,WE,Federal Contract Tower,0,6,13,0,19,0,21,47,0,68,0,27,60,0,87,137,0,137,224
04/18/2004,SFF,WA,ANM,WE,Federal Contract Tower,0,4,8,0,12,0,9,27,10,46,0,13,35,10,58,36,0,36,94
04/19/2004,SFF,WA,ANM,WE,Federal Contract Tower,0,4,10,0,14,0,25,37,0,62,0,29,47,0,76,166,0,166,242
04/20/2004,SFF,WA,ANM,WE,Federal Contract Tower,0,3,8,0,11,0,17,25,0,42,0,20,33,0,53,62,0,62,115
04/21/2004,SFF,WA,ANM,WE,Federal Contract Tower,0,4,9,0,13,0,11,95,0,106,0,15,104,0,119,122,0,122,241
04/22/2004,SFF,WA,ANM,WE,Federal Contract Tower,0,7,16,0,23,0,13,130,0,143,0,20,146,0,166,176,0,176,342
04/23/2004,SFF,WA,ANM,WE,Federal Contract Tower,0,4,9,0,13,0,5,64,0,69,0,9,73,0,82,56,0,56,138
04/24/2004,SFF,WA,ANM,WE,Federal Contract Tower,0,2,6,0,8,0,10,163,0,173,0,12,169,0,181,166,0,166,347
04/25/2004,SFF,WA,ANM,WE,Federal Contract Tower,0,4,8,0,12,0,15,192,2,209,0,19,200,2,221,178,0,178,399
04/26/2004,SFF,WA,ANM,WE,Federal Contract Tower,0,1,4,0,5,0,23,115,0,138,0,24,119,0,143,146,0,146,289
04/27/2004,SFF,WA,ANM,WE,Federal Contract Tower,0,4,9,0,13,0,13,35,4,52,0,17,44,4,65,22,0,22,87
04/28/2004,SFF,WA,ANM,WE,Federal Contract Tower,0,4,9,0,13,0,15,64,0,79,0,19,73,0,92,102,0,102,194
04/29/2004,SFF,WA,ANM,WE,Federal Contract Tower,0,4,8,0,12,0,18,110,0,128,0,22,118,0,140,116,0,116,256
04/30/2004,SFF,WA,ANM,WE,Federal Contract Tower,0,2,6,0,8,0,17,104,0,121,0,19,110,0,129,65,0,65,194
05/01/2004,SFF,WA,ANM,WE,Federal Contract Tower,0,3,5,0,8,0,19,176,0,195,0,22,181,0,203,117,0,117,320
05/02/2004,SFF,WA,ANM,WE,Federal Contract Tower,0,2,3,0,5,0,18,111,0,129,0,20,114,0,134,100,0,100,234
05/03/2004,SFF,WA,ANM,WE,Federal Contract Tower,0,2,4,0,6,0,17,72,1,90,0,19,76,1,96,104,0,104,200
05/04/2004,SFF,WA,ANM,WE,Federal Contract Tower,0,4,9,0,13,0,24,80,0,104,0,28,89,0,117,90,0,90,207
05/05/2004,SFF,WA,ANM,WE,Federal Contract Tower,0,4,10,0,14,0,27,89,0,116,0,31,99,0,130,136,0,136,266
05/06/2004,SFF,WA,ANM,WE,Federal Contract Tower,0,4,10,0,14,0,28,102,0,130,0,32,112,0,144,154,8,162,306
05/07/2004,SFF,WA,ANM,WE,Federal Contract Tower,0,4,7,0,11,0,17,117,0,134,0,21,124,0,145,109,0,109,254
05/08/2004,SFF,WA,ANM,WE,Federal Contract Tower,0,3,6,0,9,0,17,69,0,86,0,20,75,0,95,90,0,90,185
05/09/2004,SFF,WA,ANM,WE,Federal Contract Tower,0,3,6,0,9,0,22,76,0,98,0,25,82,0,107,112,0,112,219
05/10/2004,SFF,WA,ANM,WE,Federal Contract Tower,0,4,8,0,12,0,24,91,0,115,0,28,99,0,127,154,0,154,281
05/11/2004,SFF,WA,ANM,WE,Federal Contract Tower,0,4,9,0,13,0,24,46,0,70,0,28,55,0,83,78,0,78,161
05/12/2004,SFF,WA,ANM,WE,Federal Contract Tower,0,4,9,0,13,0,10,70,2,82,0,14,79,2,95,166,0,166,261
05/13/2004,SFF,WA,ANM,WE,Federal Contract Tower,0,2,4,0,6,0,13,69,0,82,0,15,73,0,88,80,0,80,168
05/14/2004,SFF,WA,ANM,WE,Federal Contract Tower,0,4,7,0,11,0,14,133,0,147,0,18,140,0,158,175,0,175,333
05/15/2004,SFF,WA,ANM,WE,Federal Contract Tower,0,3,5,0,8,0,3,182,0,185,0,6,187,0,193,163,0,163,356
05/16/2004,SFF,WA,ANM,WE,Federal Contract Tower,0,3,8,0,11,0,14,42,0,56,0,17,50,0,67,72,0,72,139
05/17/2004,SFF,WA,ANM,WE,Federal Contract Tower,0,3,9,0,12,0,22,83,0,105,0,25,92,0,117,154,0,154,271
05/18/2004,SFF,WA,ANM,WE,Federal Contract Tower,0,3,9,0,12,0,18,100,0,118,0,21,109,0,130,152,0,152,282
05/19/2004,SFF,WA,ANM,WE,Federal Contract Tower,0,3,10,0,13,0,14,59,0,73,0,17,69,0,86,100,0,100,186
05/20/2004,SFF,WA,ANM,WE,Federal Contract Tower,0,5,14,0,19,0,35,90,0,125,0,40,104,0,144,120,0,120,264
05/21/2004,SFF,WA,ANM,WE,Federal Contract Tower,0,3,10,0,13,0,10,26,0,36,0,13,36,0,49,6,0,6,55
05/22/2004,SFF,WA,ANM,WE,Federal Contract Tower,0,3,8,0,11,0,4,6,0,10,0,7,14,0,21,50,0,50,71
05/23/2004,SFF,WA,ANM,WE,Federal Contract Tower,0,2,7,0,9,0,12,63,0,75,0,14,70,0,84,62,0,62,146
05/24/2004,SFF,WA,ANM,WE,Federal Contract Tower,0,3,10,0,13,0,23,94,0,117,0,26,104,0,130,117,0,117,247
05/25/2004,SFF,WA,ANM,WE,Federal Contract Tower,0,3,10,0,13,0,11,112,0,123,0,14,122,0,136,122,0,122,258
05/26/2004,SFF,WA,ANM,WE,Federal Contract Tower,0,4,13,0,17,0,17,45,1,63,0,21,58,1,80,86,0,86,166
05/27/2004,SFF,WA,ANM,WE,Federal Contract Tower,0,3,9,0,12,0,9,65,0,74,0,12,74,0,86,114,0,114,200
05/28/2004,SFF,WA,ANM,WE,Federal Contract Tower,0,4,11,0,15,0,8,44,0,52,0,12,55,0,67,80,0,80,147
05/29/2004,SFF,WA,ANM,WE,Federal Contract Tower,0,2,8,0,10,0,18,61,0,79,0,20,69,0,89,60,0,60,149
05/30/2004,SFF,WA,ANM,WE,Federal Contract Tower,0,1,5,0,6,0,24,45,0,69,0,25,50,0,75,56,0,56,131
05/31/2004,SFF,WA,ANM,WE,Federal Contract Tower,0,1,6,0,7,0,14,148,0,162,0,15,154,0,169,154,0,154,323
06/01/2004,SFF,WA,ANM,WE,Federal Contract Tower,0,2,8,0,10,0,29,79,0,108,0,31,87,0,118,112,0,112,230
06/02/2004,SFF,WA,ANM,WE,Federal Contract Tower,0,3,11,0,14,0,18,93,0,111,0,21,104,0,125,87,0,87,212
06/03/2004,SFF,WA,ANM,WE,Federal Contract Tower,0,3,8,0,11,0,20,116,2,138,0,23,124,2,149,96,0,96,245
06/04/2004,SFF,WA,ANM,WE,Federal Contract Tower,0,2,5,0,7,0,5,182,2,189,0,7,187,2,196,124,0,124,320
06/05/2004,SFF,WA,ANM,WE,Federal Contract Tower,0,2,6,0,8,0,19,87,0,106,0,21,93,0,114,88,0,88,202
06/06/2004,SFF,WA,ANM,WE,Federal Contract Tower,0,2,5,0,7,0,6,65,0,71,0,8,70,0,78,90,0,90,168
06/07/2004,SFF,WA,ANM,WE,Federal Contract Tower,0,4,12,0,16,0,37,50,0,87,0,41,62,0,103,90,0,90,193
06/08/2004,SFF,WA,ANM,WE,Federal Contract Tower,0,3,10,0,13,0,22,63,0,85,0,25,73,0,98,83,0,83,181
06/09/2004,SFF,WA,ANM,WE,Federal Contract Tower,0,5,17,0,22,0,29,77,6,112,0,34,94,6,134,146,4,150,284
06/10/2004,SFF,WA,ANM,WE,Federal Contract Tower,0,9,37,0,46,0,35,52,0,87,0,44,89,0,133,54,0,54,187
06/11/2004,SFF,WA,ANM,WE,Federal Contract Tower,0,4,16,0,20,0,13,71,0,84,0,17,87,0,104,74,0,74,178
06/12/2004,SFF,WA,ANM,WE,Federal Contract Tower,0,9,40,0,49,0,6,125,0,131,0,15,165,0,180,94,0,94,274
06/13/2004,SFF,WA,ANM,WE,Federal Contract Tower,0,8,36,0,44,0,14,70,2,86,0,22,106,2,130,26,0,26,156
06/14/2004,SFF,WA,ANM,WE,Federal Contract Tower,0,2,12,0,14,0,19,83,0,102,0,21,95,0,116,60,0,60,176
06/15/2004,SFF,WA,ANM,WE,Federal Contract Tower,0,4,18,0,22,0,24,133,2,159,0,28,151,2,181,210,0,210,391
06/16/2004,SFF,WA,ANM,WE,Federal Contract Tower,0,4,17,0,21,0,10,149,0,159,0,14,166,0,180,206,0,206,386
06/17/2004,SFF,WA,ANM,WE,Federal Contract Tower,0,1,6,0,7,0,15,74,0,89,0,16,80,0,96,66,0,66,162
06/18/2004,SFF,WA,ANM,WE,Federal Contract Tower,0,3,13,0,16,0,6,80,0,86,0,9,93,0,102,52,0,52,154
06/19/2004,SFF,WA,ANM,WE,Federal Contract Tower,0,3,13,0,16,0,9,104,1,114,0,12,117,1,130,108,0,108,238
06/20/2004,SFF,WA,ANM,WE,Federal Contract Tower,0,1,5,0,6,0,11,158,0,169,0,12,163,0,175,100,0,100,275
06/21/2004,SFF,WA,ANM,WE,Federal Contract Tower,0,1,6,0,7,0,21,59,0,80,0,22,65,0,87,111,0,111,198
06/22/2004,SFF,WA,ANM,WE,Federal Contract Tower,0,3,14,0,17,0,11,121,0,132,0,14,135,0,149,94,0,94,243
06/23/2004,SFF,WA,ANM,WE,Federal Contract Tower,0,1,8,0,9,0,20,94,8,122,0,21,102,8,131,102,0,102,233
06/24/2004,SFF,WA,ANM,WE,Federal Contract Tower,0,4,17,0,21,0,11,91,0,102,0,15,108,0,123,64,0,64,187
06/25/2004,SFF,WA,ANM,WE,Federal Contract Tower,0,2,9,0,11,0,14,64,0,78,0,16,73,0,89,60,0,60,149
06/26/2004,SFF,WA,ANM,WE,Federal Contract Tower,0,2,13,0,15,0,18,118,0,136,0,20,131,0,151,73,0,73,224
06/27/2004,SFF,WA,ANM,WE,Federal Contract Tower,0,2,9,0,11,0,14,122,0,136,0,16,131,0,147,95,0,95,242
06/28/2004,SFF,WA,ANM,WE,Federal Contract Tower,0,2,12,0,14,0,18,93,0,111,0,20,105,0,125,110,0,110,235
06/29/2004,SFF,WA,ANM,WE,Federal Contract Tower,0,3,13,0,16,0,27,109,2,138,0,30,122,2,154,150,0,150,304
06/30/2004,SFF,WA,ANM,WE,Federal Contract Tower,0,2,10,0,12,0,20,90,0,110,0,22,100,0,122,70,0,70,192
07/01/2004,SFF,WA,ANM,WE,Federal Contract Tower,0,5,14,0,19,0,9,97,0,106,0,14,111,0,125,66,0,66,191
07/02/2004,SFF,WA,ANM,WE,Federal Contract Tower,0,3,7,0,10,0,15,133,0,148,0,18,140,0,158,152,2,154,312
07/03/2004,SFF,WA,ANM,WE,Federal Contract Tower,0,3,9,0,12,0,12,86,0,98,0,15,95,0,110,68,0,68,178
07/04/2004,SFF,WA,ANM,WE,Federal Contract Tower,0,1,1,0,2,0,9,64,2,75,0,10,65,2,77,85,0,85,162
07/05/2004,SFF,WA,ANM,WE,Federal Contract Tower,0,3,9,0,12,0,16,140,0,156,0,19,149,0,168,116,0,116,284
07/06/2004,SFF,WA,ANM,WE,Federal Contract Tower,0,3,8,0,11,0,12,75,0,87,0,15,83,0,98,76,0,76,174
07/07/2004,SFF,WA,ANM,WE,Federal Contract Tower,0,3,8,0,11,0,11,66,0,77,0,14,74,0,88,111,0,111,199
07/08/2004,SFF,WA,ANM,WE,Federal Contract Tower,0,6,18,0,24,0,22,122,0,144,0,28,140,0,168,116,0,116,284
07/09/2004,SFF,WA,ANM,WE,Federal Contract Tower,0,4,11,0,15,0,7,93,0,100,0,11,104,0,115,104,0,104,219
07/10/2004,SFF,WA,ANM,WE,Federal Contract Tower,0,3,9,0,12,0,20,106,1,127,0,23,115,1,139,41,0,41,180
07/11/2004,SFF,WA,ANM,WE,Federal Contract Tower,0,3,6,0,9,0,18,97,0,115,0,21,103,0,124,65,0,65,189
07/12/2004,SFF,WA,ANM,WE,Federal Contract Tower,0,2,5,0,7,0,23,75,0,98,0,25,80,0,105,113,0,113,218
07/13/2004,SFF,WA,ANM,WE,Federal Contract Tower,0,4,9,0,13,0,20,87,1,108,0,24,96,1,121,107,0,107,228
07/14/2004,SFF,WA,ANM,WE,Federal Contract Tower,0,4,9,0,13,0,19,74,0,93,0,23,83,0,106,86,0,86,192
07/15/2004,SFF,WA,ANM,WE,Federal Contract Tower,0,5,14,0,19,0,25,93,0,118,0,30,107,0,137,96,0,96,233
07/16/2004,SFF,WA,ANM,WE,Federal Contract Tower,0,3,10,0,13,0,11,98,0,109,0,14,108,0,122,74,0,74,196
07/17/2004,SFF,WA,ANM,WE,Federal Contract Tower,0,2,7,0,9,0,13,132,0,145,0,15,139,0,154,88,0,88,242
07/18/2004,SFF,WA,ANM,WE,Federal Contract Tower,0,1,5,0,6,0,14,88,0,102,0,15,93,0,108,70,0,70,178
07/19/2004,SFF,WA,ANM,WE,Federal Contract Tower,0,1,7,0,8,0,29,62,0,91,0,30,69,0,99,96,0,96,195
07/20/2004,SFF,WA,ANM,WE,Federal Contract Tower,0,4,13,0,17,0,20,77,0,97,0,24,90,0,114,128,0,128,242
07/21/2004,SFF,WA,ANM,WE,Federal Contract Tower,0,3,10,0,13,0,27,94,0,121,0,30,104,0,134,104,0,104,238
07/22/2004,SFF,WA,ANM,WE,Federal Contract Tower,0,3,10,0,13,0,20,106,0,126,0,23,116,0,139,62,0,62,201
07/23/2004,SFF,WA,ANM,WE,Federal Contract Tower,0,3,11,0,14,0,29,98,0,127,0,32,109,0,141,98,0,98,239
07/24/2004,SFF,WA,ANM,WE,Federal Contract Tower,0,2,9,0,11,0,20,130,0,150,0,22,139,0,161,114,0,114,275
07/25/2004,SFF,WA,ANM,WE,Federal Contract Tower,0,3,12,0,15,0,17,81,0,98,0,20,93,0,113,22,0,22,135
07/26/2004,SFF,WA,ANM,WE,Federal Contract Tower,0,2,10,0,12,0,19,85,0,104,0,21,95,0,116,109,0,109,225
07/27/2004,SFF,WA,ANM,WE,Federal Contract Tower,0,3,10,0,13,0,10,84,0,94,0,13,94,0,107,48,0,48,155
07/28/2004,SFF,WA,ANM,WE,Federal Contract Tower,0,3,10,0,13,0,16,79,109,204,0,19,89,109,217,0,0,0,217
07/29/2004,SFF,WA,ANM,WE,Federal Contract Tower,0,3,11,0,14,0,21,106,0,127,0,24,117,0,141,124,0,124,265
07/30/2004,SFF,WA,ANM,WE,Federal Contract Tower,0,1,5,0,6,0,14,96,24,134,0,15,101,24,140,32,0,32,172
07/31/2004,SFF,WA,ANM,WE,Federal Contract Tower,0,1,6,0,7,0,22,114,0,136,0,23,120,0,143,84,0,84,227
08/01/2004,SFF,WA,ANM,WE,Federal Contract Tower,0,2,6,0,8,0,11,103,0,114,0,13,109,0,122,20,0,20,142
08/02/2004,SFF,WA,ANM,WE,Federal Contract Tower,0,2,6,0,8,0,8,72,1,81,0,10,78,1,89,52,0,52,141
08/03/2004,SFF,WA,ANM,WE,Federal Contract Tower,0,2,4,0,6,0,28,67,0,95,0,30,71,0,101,45,0,45,146
08/04/2004,SFF,WA,ANM,WE,Federal Contract Tower,0,2,6,0,8,0,13,127,0,140,0,15,133,0,148,127,0,127,275
08/05/2004,SFF,WA,ANM,WE,Federal Contract Tower,0,2,7,0,9,0,20,60,0,80,0,22,67,0,89,80,0,80,169
08/06/2004,SFF,WA,ANM,WE,Federal Contract Tower,0,2,4,0,6,0,3,47,0,50,0,5,51,0,56,56,0,56,112
08/07/2004,SFF,WA,ANM,WE,Federal Contract Tower,0,5,16,0,21,0,19,102,0,121,0,24,118,0,142,92,0,92,234
08/08/2004,SFF,WA,ANM,WE,Federal Contract Tower,0,3,9,0,12,0,15,115,0,130,0,18,124,0,142,66,0,66,208
08/09/2004,SFF,WA,ANM,WE,Federal Contract Tower,0,3,10,0,13,0,13,121,0,134,0,16,131,0,147,160,0,160,307
08/10/2004,SFF,WA,ANM,WE,Federal Contract Tower,0,3,7,0,10,0,18,136,4,158,0,21,143,4,168,88,0,88,256
08/11/2004,SFF,WA,ANM,WE,Federal Contract Tower,0,2,6,0,8,0,11,104,0,115,0,13,110,0,123,112,0,112,235
08/12/2004,SFF,WA,ANM,WE,Federal Contract Tower,0,2,4,0,6,0,14,100,4,118,0,16,104,4,124,140,0,140,264
08/13/2004,SFF,WA,ANM,WE,Federal Contract Tower,0,2,3,0,5,0,22,115,0,137,0,24,118,0,142,52,0,52,194
08/14/2004,SFF,WA,ANM,WE,Federal Contract Tower,0,2,3,0,5,0,12,118,0,130,0,14,121,0,135,68,0,68,203
08/15/2004,SFF,WA,ANM,WE,Federal Contract Tower,0,3,7,0,10,0,19,114,0,133,0,22,121,0,143,68,0,68,211
08/16/2004,SFF,WA,ANM,WE,Federal Contract Tower,0,3,12,0,15,0,21,80,0,101,0,24,92,0,116,90,0,90,206
08/17/2004,SFF,WA,ANM,WE,Federal Contract Tower,0,4,15,0,19,0,11,87,0,98,0,15,102,0,117,70,0,70,187
08/18/2004,SFF,WA,ANM,WE,Federal Contract Tower,0,3,11,0,14,0,9,80,0,89,0,12,91,0,103,72,0,72,175
08/19/2004,SFF,WA,ANM,WE,Federal Contract Tower,0,3,15,0,18,0,25,79,0,104,0,28,94,0,122,150,0,150,272
08/20/2004,SFF,WA,ANM,WE,Federal Contract Tower,0,1,6,0,7,0,8,98,0,106,0,9,104,0,113,30,0,30,143
08/21/2004,SFF,WA,ANM,WE,Federal Contract Tower,0,1,5,0,6,0,20,243,0,263,0,21,248,0,269,64,0,64,333
08/22/2004,SFF,WA,ANM,WE,Federal Contract Tower,0,3,11,0,14,0,2,21,0,23,0,5,32,0,37,28,0,28,65
08/23/2004,SFF,WA,ANM,WE,Federal Contract Tower,0,2,11,0,13,0,13,50,0,63,0,15,61,0,76,98,0,98,174
08/24/2004,SFF,WA,ANM,WE,Federal Contract Tower,0,3,13,0,16,0,20,5,0,25,0,23,18,0,41,12,0,12,53
08/25/2004,SFF,WA,ANM,WE,Federal Contract Tower,0,3,12,0,15,0,28,26,2,56,0,31,38,2,71,12,0,12,83
08/26/2004,SFF,WA,ANM,WE,Federal Contract Tower,0,2,11,0,13,0,24,52,2,78,0,26,63,2,91,98,0,98,189
08/27/2004,SFF,WA,ANM,WE,Federal Contract Tower,0,5,19,0,24,0,26,79,0,105,0,31,98,0,129,98,0,98,227
08/28/2004,SFF,WA,ANM,WE,Federal Contract Tower,0,3,11,0,14,0,10,127,0,137,0,13,138,0,151,86,0,86,237
08/29/2004,SFF,WA,ANM,WE,Federal Contract Tower,0,1,7,0,8,0,22,127,0,149,0,23,134,0,157,128,0,128,285
08/30/2004,SFF,WA,ANM,WE,Federal Contract Tower,0,3,12,0,15,0,17,95,0,112,0,20,107,0,127,106,0,106,233
08/31/2004,SFF,WA,ANM,WE,Federal Contract Tower,0,4,15,0,19,0,11,97,0,108,0,15,112,0,127,114,0,114,241
09/01/2004,SFF,WA,ANM,WE,Federal Contract Tower,0,3,4,0,7,0,21,37,0,58,0,24,41,0,65,22,0,22,87
09/02/2004,SFF,WA,ANM,WE,Federal Contract Tower,0,5,9,0,14,0,15,64,0,79,0,20,73,0,93,68,0,68,161
09/03/2004,SFF,WA,ANM,WE,Federal Contract Tower,0,6,12,0,18,0,23,124,0,147,0,29,136,0,165,138,0,138,303
09/04/2004,SFF,WA,ANM,WE,Federal Contract Tower,0,6,12,0,18,0,22,86,0,108,0,28,98,0,126,68,0,68,194
09/05/2004,SFF,WA,ANM,WE,Federal Contract Tower,0,2,4,0,6,0,8,110,0,118,0,10,114,0,124,13,0,13,137
09/06/2004,SFF,WA,ANM,WE,Federal Contract Tower,0,4,9,0,13,0,20,182,0,202,0,24,191,0,215,136,0,136,351
09/07/2004,SFF,WA,ANM,WE,Federal Contract Tower,0,5,9,0,14,0,16,61,0,77,0,21,70,0,91,86,0,86,177
09/08/2004,SFF,WA,ANM,WE,Federal Contract Tower,0,6,12,0,18,0,17,75,0,92,0,23,87,0,110,50,0,50,160
09/09/2004,SFF,WA,ANM,WE,Federal Contract Tower,0,4,7,0,11,0,20,72,0,92,0,24,79,0,103,70,0,70,173
09/10/2004,SFF,WA,ANM,WE,Federal Contract Tower,0,2,4,0,6,0,14,96,0,110,0,16,100,0,116,114,0,114,230
09/11/2004,SFF,WA,ANM,WE,Federal Contract Tower,0,5,11,0,16,0,18,35,0,53,0,23,46,0,69,66,0,66,135
09/12/2004,SFF,WA,ANM,WE,Federal Contract Tower,0,3,9,0,12,0,10,66,0,76,0,13,75,0,88,108,0,108,196
09/13/2004,SFF,WA,ANM,WE,Federal Contract Tower,0,4,9,0,13,0,17,44,0,61,0,21,53,0,74,58,0,58,132
09/14/2004,SFF,WA,ANM,WE,Federal Contract Tower,0,4,13,0,17,0,11,33,0,44,0,15,46,0,61,70,0,70,131
09/15/2004,SFF,WA,ANM,WE,Federal Contract Tower,0,6,17,0,23,0,1,25,0,26,0,7,42,0,49,30,0,30,79
09/16/2004,SFF,WA,ANM,WE,Federal Contract Tower,0,3,9,0,12,0,19,28,0,47,0,22,37,0,59,83,0,83,142
09/17/2004,SFF,WA,ANM,WE,Federal Contract Tower,0,4,13,0,17,0,4,35,6,45,0,8,48,6,62,48,6,54,116
09/18/2004,SFF,WA,ANM,WE,Federal Contract Tower,0,3,9,0,12,0,10,66,0,76,0,13,75,0,88,86,0,86,174
09/19/2004,SFF,WA,ANM,WE,Federal Contract Tower,0,3,8,0,11,0,11,112,0,123,0,14,120,0,134,52,0,52,186
09/20/2004,SFF,WA,ANM,WE,Federal Contract Tower,0,4,10,0,14,0,20,67,0,87,0,24,77,0,101,56,0,56,157
09/21/2004,SFF,WA,ANM,WE,Federal Contract Tower,0,1,5,0,6,0,15,75,0,90,0,16,80,0,96,84,0,84,180
09/22/2004,SFF,WA,ANM,WE,Federal Contract Tower,0,5,14,0,19,0,36,56,0,92,0,41,70,0,111,119,0,119,230
09/23/2004,SFF,WA,ANM,WE,Federal Contract Tower,0,5,14,0,19,0,11,72,6,89,0,16,86,6,108,252,0,252,360
09/24/2004,SFF,WA,ANM,WE,Federal Contract Tower,0,5,15,0,20,0,20,102,0,122,0,25,117,0,142,162,0,162,304
09/25/2004,SFF,WA,ANM,WE,Federal Contract Tower,0,5,14,0,19,0,13,236,4,253,0,18,250,4,272,126,0,126,398
09/26/2004,SFF,WA,ANM,WE,Federal Contract Tower,0,5,15,0,20,0,10,128,0,138,0,15,143,0,158,64,0,64,222
09/27/2004,SFF,WA,ANM,WE,Federal Contract Tower,0,2,8,0,10,0,21,96,0,117,0,23,104,0,127,80,0,80,207
09/28/2004,SFF,WA,ANM,WE,Federal Contract Tower,0,3,8,0,11,0,11,106,0,117,0,14,114,0,128,136,0,136,264
09/29/2004,SFF,WA,ANM,WE,Federal Contract Tower,0,4,10,0,14,0,11,78,0,89,0,15,88,0,103,72,0,72,175
09/30/2004,SFF,WA,ANM,WE,Federal Contract Tower,0,3,9,0,12,0,6,79,0,85,0,9,88,0,97,105,0,105,202
10/01/2004,SFF,WA,ANM,WE,Federal Contract Tower,0,0,7,0,7,0,18,97,0,115,0,18,104,0,122,93,0,93,215
10/02/2004,SFF,WA,ANM,WE,Federal Contract Tower,0,3,6,0,9,0,10,172,0,182,0,13,178,0,191,118,0,118,309
10/03/2004,SFF,WA,ANM,WE,Federal Contract Tower,0,1,1,0,2,0,14,130,0,144,0,15,131,0,146,100,0,100,246
10/04/2004,SFF,WA,ANM,WE,Federal Contract Tower,0,3,18,0,21,0,23,80,0,103,0,26,98,0,124,76,0,76,200
10/05/2004,SFF,WA,ANM,WE,Federal Contract Tower,0,2,10,0,12,0,7,105,0,112,0,9,115,0,124,98,0,98,222
10/06/2004,SFF,WA,ANM,WE,Federal Contract Tower,0,10,17,0,27,0,16,49,0,65,0,26,66,0,92,60,0,60,152
10/07/2004,SFF,WA,ANM,WE,Federal Contract Tower,0,3,11,0,14,0,13,85,0,98,0,16,96,0,112,126,2,128,240
10/08/2004,SFF,WA,ANM,WE,Federal Contract Tower,0,3,16,0,19,0,9,68,0,77,0,12,84,0,96,70,0,70,166
10/09/2004,SFF,WA,ANM,WE,Federal Contract Tower,0,7,3,0,10,0,8,21,0,29,0,15,24,0,39,24,0,24,63
10/10/2004,SFF,WA,ANM,WE,Federal Contract Tower,0,3,13,0,16,0,8,96,0,104,0,11,109,0,120,114,0,114,234
10/11/2004,SFF,WA,ANM,WE,Federal Contract Tower,0,3,9,0,12,0,19,54,0,73,0,22,63,0,85,56,0,56,141
10/12/2004,SFF,WA,ANM,WE,Federal Contract Tower,0,1,8,0,9,0,20,105,0,125,0,21,113,0,134,114,0,114,248
10/13/2004,SFF,WA,ANM,WE,Federal Contract Tower,0,4,14,0,18,0,16,70,0,86,0,20,84,0,104,38,0,38,142
10/14/2004,SFF,WA,ANM,WE,Federal Contract Tower,0,2,12,0,14,0,30,94,0,124,0,32,106,0,138,144,0,144,282
10/15/2004,SFF,WA,ANM,WE,Federal Contract Tower,0,1,9,0,10,0,8,104,0,112,0,9,113,0,122,119,0,119,241
10/16/2004,SFF,WA,ANM,WE,Federal Contract Tower,0,10,10,0,20,0,7,16,0,23,0,17,26,0,43,83,0,83,126
10/17/2004,SFF,WA,ANM,WE,Federal Contract Tower,0,9,3,0,12,0,10,9,0,19,0,19,12,0,31,32,0,32,63
10/18/2004,SFF,WA,ANM,WE,Federal Contract Tower,0,4,7,0,11,0,16,25,0,41,0,20,32,0,52,64,0,64,116
10/19/2004,SFF,WA,ANM,WE,Federal Contract Tower,0,7,7,1,15,0,8,42,1,51,0,15,49,2,66,52,0,52,118
10/20/2004,SFF,WA,ANM,WE,Federal Contract Tower,0,13,7,0,20,0,8,54,0,62,0,21,61,0,82,94,0,94,176
10/21/2004,SFF,WA,ANM,WE,Federal Contract Tower,0,9,8,0,17,0,20,50,0,70,0,29,58,0,87,96,4,100,187
10/22/2004,SFF,WA,ANM,WE,Federal Contract Tower,0,12,4,0,16,0,7,19,0,26,0,19,23,0,42,30,0,30,72
10/23/2004,SFF,WA,ANM,WE,Federal Contract Tower,0,6,8,0,14,0,23,144,0,167,0,29,152,0,181,108,0,108,289
10/24/2004,SFF,WA,ANM,WE,Federal Contract Tower,0,1,4,0,5,0,13,54,0,67,0,14,58,0,72,38,0,38,110
10/25/2004,SFF,WA,ANM,WE,Federal Contract Tower,0,6,10,0,16,0,8,57,0,65,0,14,67,0,81,74,0,74,155
10/26/2004,SFF,WA,ANM,WE,Federal Contract Tower,0,3,11,0,14,0,36,61,0,97,0,39,72,0,111,114,0,114,225
10/27/2004,SFF,WA,ANM,WE,Federal Contract Tower,0,2,7,0,9,0,17,103,2,122,0,19,110,2,131,102,0,102,233
10/28/2004,SFF,WA,ANM,WE,Federal Contract Tower,0,4,13,0,17,0,13,62,0,75,0,17,75,0,92,140,0,140,232
10/29/2004,SFF,WA,ANM,WE,Federal Contract Tower,0,4,10,0,14,0,6,30,1,37,0,10,40,1,51,45,0,45,96
10/30/2004,SFF,WA,ANM,WE,Federal Contract Tower,0,3,4,0,7,0,9,26,1,36,0,12,30,1,43,42,0,42,85
10/31/2004,SFF,WA,ANM,WE,Federal Contract Tower,0,4,5,0,9,0,10,70,0,80,0,14,75,0,89,72,0,72,161
11/01/2004,SFF,WA,ANM,WE,Federal Contract Tower,0,3,10,1,14,0,9,49,1,59,0,12,59,2,73,84,0,84,157
11/02/2004,SFF,WA,ANM,WE,Federal Contract Tower,0,7,4,0,11,0,5,9,0,14,0,12,13,0,25,14,0,14,39
11/03/2004,SFF,WA,ANM,WE,Federal Contract Tower,0,4,9,0,13,0,7,98,0,105,0,11,107,0,118,100,0,100,218
11/04/2004,SFF,WA,ANM,WE,Federal Contract Tower,0,2,15,0,17,0,20,37,0,57,0,22,52,0,74,18,0,18,92
11/05/2004,SFF,WA,ANM,WE,Federal Contract Tower,0,7,17,0,24,0,11,49,2,62,0,18,66,2,86,40,0,40,126
11/06/2004,SFF,WA,ANM,WE,Federal Contract Tower,0,0,16,0,16,0,5,48,0,53,0,5,64,0,69,94,0,94,163
11/07/2004,SFF,WA,ANM,WE,Federal Contract Tower,0,1,8,0,9,0,22,69,0,91,0,23,77,0,100,100,0,100,200
11/08/2004,SFF,WA,ANM,WE,Federal Contract Tower,0,6,15,0,21,0,19,35,0,54,0,25,50,0,75,11,0,11,86
11/09/2004,SFF,WA,ANM,WE,Federal Contract Tower,0,12,12,0,24,0,11,18,0,29,0,23,30,0,53,40,0,40,93
11/10/2004,SFF,WA,ANM,WE,Federal Contract Tower,0,7,11,0,18,0,12,77,2,91,0,19,88,2,109,96,0,96,205
11/11/2004,SFF,WA,ANM,WE,Federal Contract Tower,0,6,7,0,13,0,15,101,0,116,0,21,108,0,129,104,0,104,233
11/12/2004,SFF,WA,ANM,WE,Federal Contract Tower,0,5,12,0,17,0,4,31,0,35,0,9,43,0,52,98,0,98,150
11/13/2004,SFF,WA,ANM,WE,Federal Contract Tower,0,16,8,0,24,0,0,3,0,3,0,16,11,0,27,0,0,0,27
11/14/2004,SFF,WA,ANM,WE,Federal Contract Tower,0,0,10,0,10,0,2,66,0,68,0,2,76,0,78,44,0,44,122
11/15/2004,SFF,WA,ANM,WE,Federal Contract Tower,0,4,12,0,16,0,12,48,0,60,0,16,60,0,76,57,0,57,133
11/16/2004,SFF,WA,ANM,WE,Federal Contract Tower,0,8,7,0,15,0,4,8,0,12,0,12,15,0,27,32,0,32,59
11/17/2004,SFF,WA,ANM,WE,Federal Contract Tower,0,13,12,0,25,0,21,47,0,68,0,34,59,0,93,84,0,84,177
11/18/2004,SFF,WA,ANM,WE,Federal Contract Tower,0,5,10,0,15,0,9,24,0,33,0,14,34,0,48,20,0,20,68
11/19/2004,SFF,WA,ANM,WE,Federal Contract Tower,0,5,8,0,13,0,9,33,0,42,0,14,41,0,55,62,0,62,117
11/20/2004,SFF,WA,ANM,WE,Federal Contract Tower,0,2,7,0,9,0,17,196,0,213,0,19,203,0,222,110,0,110,332
11/21/2004,SFF,WA,ANM,WE,Federal Contract Tower,0,4,12,0,16,0,10,95,0,105,0,14,107,0,121,63,0,63,184
11/22/2004,SFF,WA,ANM,WE,Federal Contract Tower,0,3,5,0,8,0,16,65,0,81,0,19,70,0,89,29,0,29,118
11/23/2004,SFF,WA,ANM,WE,Federal Contract Tower,0,7,10,0,17,0,10,71,0,81,0,17,81,0,98,62,0,62,160
11/24/2004,SFF,WA,ANM,WE,Federal Contract Tower,0,10,11,0,21,0,3,8,0,11,0,13,19,0,32,40,0,40,72
11/25/2004,SFF,WA,ANM,WE,Federal Contract Tower,0,0,4,0,4,0,5,25,0,30,0,5,29,0,34,6,0,6,40
11/26/2004,SFF,WA,ANM,WE,Federal Contract Tower,0,3,7,0,10,0,15,113,0,128,0,18,120,0,138,44,0,44,182
11/27/2004,SFF,WA,ANM,WE,Federal Contract Tower,0,8,2,0,10,0,4,4,0,8,0,12,6,0,18,0,0,0,18
11/28/2004,SFF,WA,ANM,WE,Federal Contract Tower,0,1,11,0,12,0,17,132,0,149,0,18,143,0,161,91,0,91,252
11/29/2004,SFF,WA,ANM,WE,Federal Contract Tower,0,2,13,0,15,0,8,40,0,48,0,10,53,0,63,96,0,96,159
11/30/2004,SFF,WA,ANM,WE,Federal Contract Tower,0,10,13,0,23,0,6,9,0,15,0,16,22,0,38,64,0,64,102
12/01/2004,SFF,WA,ANM,WE,Federal Contract Tower,0,2,25,0,27,0,17,12,0,29,0,19,37,0,56,84,0,84,140
12/02/2004,SFF,WA,ANM,WE,Federal Contract Tower,0,6,15,0,21,0,4,0,0,4,0,10,15,0,25,16,0,16,41
12/03/2004,SFF,WA,ANM,WE,Federal Contract Tower,0,3,11,0,14,0,13,51,0,64,0,16,62,0,78,88,0,88,166
12/04/2004,SFF,WA,ANM,WE,Federal Contract Tower,0,8,6,0,14,0,24,23,0,47,0,32,29,0,61,24,0,24,85
12/05/2004,SFF,WA,ANM,WE,Federal Contract Tower,0,7,4,0,11,0,5,4,0,9,0,12,8,0,20,8,0,8,28
12/06/2004,SFF,WA,ANM,WE,Federal Contract Tower,0,2,7,0,9,0,7,9,0,16,0,9,16,0,25,21,0,21,46
12/07/2004,SFF,WA,ANM,WE,Federal Contract Tower,0,11,9,0,20,0,19,4,0,23,0,30,13,0,43,28,0,28,71
12/08/2004,SFF,WA,ANM,WE,Federal Contract Tower,0,9,11,0,20,0,15,7,0,22,0,24,18,0,42,51,0,51,93
12/09/2004,SFF,WA,ANM,WE,Federal Contract Tower,0,4,10,0,14,0,16,24,0,40,0,20,34,0,54,56,0,56,110
12/10/2004,SFF,WA,ANM,WE,Federal Contract Tower,0,5,10,0,15,0,2,22,0,24,0,7,32,0,39,116,0,116,155
12/11/2004,SFF,WA,ANM,WE,Federal Contract Tower,0,2,5,0,7,0,8,38,0,46,0,10,43,0,53,64,0,64,117
12/12/2004,SFF,WA,ANM,WE,Federal Contract Tower,0,0,7,0,7,0,16,130,0,146,0,16,137,0,153,138,0,138,291
12/13/2004,SFF,WA,ANM,WE,Federal Contract Tower,0,7,13,0,20,0,19,54,2,75,0,26,67,2,95,107,0,107,202
12/14/2004,SFF,WA,ANM,WE,Federal Contract Tower,0,12,11,0,23,0,2,23,0,25,0,14,34,0,48,112,0,112,160
12/15/2004,SFF,WA,ANM,WE,Federal Contract Tower,0,9,11,0,20,0,10,10,0,20,0,19,21,0,40,82,0,82,122
12/16/2004,SFF,WA,ANM,WE,Federal Contract Tower,0,30,26,0,56,0,0,0,0,0,0,30,26,0,56,6,0,6,62
12/17/2004,SFF,WA,ANM,WE,Federal Contract Tower,0,20,13,0,33,0,0,2,0,2,0,20,15,0,35,10,0,10,45
12/18/2004,SFF,WA,ANM,WE,Federal Contract Tower,0,7,10,0,17,0,1,7,0,8,0,8,17,0,25,9,0,9,34
12/19/2004,SFF,WA,ANM,WE,Federal Contract Tower,0,4,6,0,10,0,2,7,0,9,0,6,13,0,19,10,0,10,29
12/20/2004,SFF,WA,ANM,WE,Federal Contract Tower,0,13,2,0,15,0,1,136,0,137,0,14,138,0,152,86,0,86,238
12/21/2004,SFF,WA,ANM,WE,Federal Contract Tower,0,13,12,0,25,0,7,36,0,43,0,20,48,0,68,85,0,85,153
12/22/2004,SFF,WA,ANM,WE,Federal Contract Tower,0,13,10,0,23,0,9,52,2,63,0,22,62,2,86,88,0,88,174
12/23/2004,SFF,WA,ANM,WE,Federal Contract Tower,0,15,10,0,25,0,7,40,0,47,0,22,50,0,72,44,0,44,116
12/24/2004,SFF,WA,ANM,WE,Federal Contract Tower,0,11,2,0,13,0,10,56,0,66,0,21,58,0,79,26,0,26,105
12/25/2004,SFF,WA,ANM,WE,Federal Contract Tower,0,1,0,0,1,0,0,3,0,3,0,1,3,0,4,0,0,0,4
12/26/2004,SFF,WA,ANM,WE,Federal Contract Tower,0,7,5,0,12,0,18,115,0,133,0,25,120,0,145,58,0,58,203
12/27/2004,SFF,WA,ANM,WE,Federal Contract Tower,0,7,6,0,13,0,23,127,0,150,0,30,133,0,163,88,0,88,251
12/28/2004,SFF,WA,ANM,WE,Federal Contract Tower,0,8,18,0,26,0,22,120,0,142,0,30,138,0,168,130,0,130,298
12/29/2004,SFF,WA,ANM,WE,Federal Contract Tower,0,7,6,0,13,0,3,12,0,15,0,10,18,0,28,50,0,50,78
12/30/2004,SFF,WA,ANM,WE,Federal Contract Tower,0,19,6,0,25,0,0,2,0,2,0,19,8,0,27,8,0,8,35
12/31/2004,SFF,WA,ANM,WE,Federal Contract Tower,0,10,9,0,19,0,10,18,0,28,0,20,27,0,47,30,0,30,77
01/01/2005,SFF,WA,ANM,WE,Federal Contract Tower,0,2,8,0,10,0,2,10,0,12,0,4,18,0,22,18,0,18,40
01/02/2005,SFF,WA,ANM,WE,Federal Contract Tower,0,6,2,0,8,0,5,79,0,84,0,11,81,0,92,64,0,64,156
01/03/2005,SFF,WA,ANM,WE,Federal Contract Tower,0,5,4,0,9,0,8,34,0,42,0,13,38,0,51,28,0,28,79
01/04/2005,SFF,WA,ANM,WE,Federal Contract Tower,0,3,8,0,11,0,18,61,1,80,0,21,69,1,91,35,0,35,126
01/05/2005,SFF,WA,ANM,WE,Federal Contract Tower,0,16,11,0,27,0,17,39,2,58,0,33,50,2,85,23,0,23,108
01/06/2005,SFF,WA,ANM,WE,Federal Contract Tower,0,17,16,0,33,0,3,7,0,10,0,20,23,0,43,22,0,22,65
01/07/2005,SFF,WA,ANM,WE,Federal Contract Tower,0,8,4,0,12,0,8,5,0,13,0,16,9,0,25,8,0,8,33
01/08/2005,SFF,WA,ANM,WE,Federal Contract Tower,0,6,4,0,10,0,10,37,0,47,0,16,41,0,57,68,0,68,125
01/09/2005,SFF,WA,ANM,WE,Federal Contract Tower,0,9,2,0,11,0,6,2,0,8,0,15,4,0,19,4,0,4,23
01/10/2005,SFF,WA,ANM,WE,Federal Contract Tower,0,5,6,0,11,0,5,0,0,5,0,10,6,0,16,2,0,2,18
01/11/2005,SFF,WA,ANM,WE,Federal Contract Tower,0,18,8,0,26,0,4,9,0,13,0,22,17,0,39,33,0,33,72
01/12/2005,SFF,WA,ANM,WE,Federal Contract Tower,0,15,6,0,21,0,14,30,0,44,0,29,36,0,65,84,0,84,149
01/13/2005,SFF,WA,ANM,WE,Federal Contract Tower,0,9,12,0,21,0,25,64,2,91,0,34,76,2,112,40,0,40,152
01/14/2005,SFF,WA,ANM,WE,Federal Contract Tower,0,4,6,0,10,0,15,57,0,72,0,19,63,0,82,98,0,98,180
01/15/2005,SFF,WA,ANM,WE,Federal Contract Tower,0,3,6,0,9,0,14,79,0,93,0,17,85,0,102,70,0,70,172
01/16/2005,SFF,WA,ANM,WE,Federal Contract Tower,0,2,2,0,4,0,0,3,0,3,0,2,5,0,7,24,0,24,31
01/17/2005,SFF,WA,ANM,WE,Federal Contract Tower,0,3,4,0,7,0,0,0,0,0,0,3,4,0,7,0,0,0,7
01/18/2005,SFF,WA,ANM,WE,Federal Contract Tower,0,10,2,0,12,0,0,1,0,1,0,10,3,0,13,0,0,0,13
01/19/2005,SFF,WA,ANM,WE,Federal Contract Tower,0,10,3,0,13,0,66,44,1,111,0,76,47,1,124,41,0,41,165
01/20/2005,SFF,WA,ANM,WE,Federal Contract Tower,0,6,8,1,15,0,16,43,1,60,0,22,51,2,75,134,0,134,209
01/21/2005,SFF,WA,ANM,WE,Federal Contract Tower,0,14,13,0,27,0,13,63,0,76,0,27,76,0,103,190,0,190,293
01/22/2005,SFF,WA,ANM,WE,Federal Contract Tower,0,7,13,0,20,0,11,53,0,64,0,18,66,0,84,146,0,146,230
01/23/2005,SFF,WA,ANM,WE,Federal Contract Tower,0,4,12,0,16,0,13,103,0,116,0,17,115,0,132,152,0,152,284
01/24/2005,SFF,WA,ANM,WE,Federal Contract Tower,0,6,3,0,9,0,12,37,2,51,0,18,40,2,60,93,0,93,153
01/25/2005,SFF,WA,ANM,WE,Federal Contract Tower,0,11,12,0,23,0,14,71,0,85,0,25,83,0,108,125,0,125,233
01/26/2005,SFF,WA,ANM,WE,Federal Contract Tower,0,12,8,0,20,0,22,48,0,70,0,34,56,0,90,85,0,85,175
01/27/2005,SFF,WA,ANM,WE,Federal Contract Tower,0,19,11,0,30,0,4,11,0,15,0,23,22,0,45,58,0,58,103
01/28/2005,SFF,WA,ANM,WE,Federal Contract Tower,0,7,9,0,16,0,21,65,0,86,0,28,74,0,102,132,0,132,234
01/29/2005,SFF,WA,ANM,WE,Federal Contract Tower,0,8,14,0,22,0,8,66,0,74,0,16,80,0,96,98,0,98,194
01/30/2005,SFF,WA,ANM,WE,Federal Contract Tower,0,5,12,0,17,0,0,14,0,14,0,5,26,0,31,20,0,20,51
01/31/2005,SFF,WA,ANM,WE,Federal Contract Tower,0,8,8,0,16,0,13,36,2,51,0,21,44,2,67,28,0,28,95
02/01/2005,SFF,WA,ANM,WE,Federal Contract Tower,0,8,16,0,24,0,22,109,0,131,0,30,125,0,155,150,0,150,305
02/02/2005,SFF,WA,ANM,WE,Federal Contract Tower,0,5,13,0,18,0,18,64,0,82,0,23,77,0,100,62,0,62,162
02/03/2005,SFF,WA,ANM,WE,Federal Contract Tower,0,7,11,0,18,0,18,120,0,138,0,25,131,0,156,128,0,128,284
02/04/2005,SFF,WA,ANM,WE,Federal Contract Tower,0,10,8,0,18,0,18,52,0,70,0,28,60,0,88,49,0,49,137
02/05/2005,SFF,WA,ANM,WE,Federal Contract Tower,0,2,3,0,5,0,8,87,0,95,0,10,90,0,100,69,0,69,169
02/06/2005,SFF,WA,ANM,WE,Federal Contract Tower,0,2,5,0,7,0,12,51,0,63,0,14,56,0,70,44,0,44,114
02/07/2005,SFF,WA,ANM,WE,Federal Contract Tower,0,6,7,0,13,0,19,67,0,86,0,25,74,0,99,62,0,62,161
02/08/2005,SFF,WA,ANM,WE,Federal Contract Tower,0,9,8,0,17,0,17,64,0,81,0,26,72,0,98,118,0,118,216
02/09/2005,SFF,WA,ANM,WE,Federal Contract Tower,0,8,10,0,18,0,19,93,0,112,0,27,103,0,130,112,0,112,242
02/10/2005,SFF,WA,ANM,WE,Federal Contract Tower,0,7,10,0,17,0,25,80,0,105,0,32,90,0,122,62,0,62,184
02/11/2005,SFF,WA,ANM,WE,Federal Contract Tower,0,9,9,0,18,0,27,85,0,112,0,36,94,0,130,94,0,94,224
02/12/2005,SFF,WA,ANM,WE,Federal Contract Tower,0,5,9,0,14,0,13,83,0,96,0,18,92,0,110,48,0,48,158
02/13/2005,SFF,WA,ANM,WE,Federal Contract Tower,0,2,5,0,7,0,7,41,0,48,0,9,46,0,55,54,0,54,109
02/14/2005,SFF,WA,ANM,WE,Federal Contract Tower,0,9,7,0,16,0,8,51,2,61,0,17,58,2,77,62,0,62,139
02/15/2005,SFF,WA,ANM,WE,Federal Contract Tower,0,6,7,0,13,0,19,75,0,94,0,25,82,0,107,172,0,172,279
02/16/2005,SFF,WA,ANM,WE,Federal Contract Tower,0,11,12,0,23,0,15,87,0,102,0,26,99,0,125,72,0,72,197
02/17/2005,SFF,WA,ANM,WE,Federal Contract Tower,0,7,9,0,16,0,13,91,0,104,0,20,100,0,120,130,0,130,250
02/18/2005,SFF,WA,ANM,WE,Federal Contract Tower,0,4,15,0,19,0,12,135,0,147,0,16,150,0,166,102,0,102,268
02/19/2005,SFF,WA,ANM,WE,Federal Contract Tower,0,7,7,0,14,0,13,127,0,140,0,20,134,0,154,90,0,90,244
02/20/2005,SFF,WA,ANM,WE,Federal Contract Tower,0,2,7,0,9,0,16,74,0,90,0,18,81,0,99,112,0,112,211
02/21/2005,SFF,WA,ANM,WE,Federal Contract Tower,0,4,10,0,14,0,22,92,0,114,0,26,102,0,128,140,0,140,268
02/22/2005,SFF,WA,ANM,WE,Federal Contract Tower,0,5,8,0,13,0,7,73,0,80,0,12,81,0,93,102,0,102,195
02/23/2005,SFF,WA,ANM,WE,Federal Contract Tower,0,7,9,0,16,0,26,97,0,123,0,33,106,0,139,132,0,132,271
02/24/2005,SFF,WA,ANM,WE,Federal Contract Tower,0,10,11,0,21,0,17,78,0,95,0,27,89,0,116,80,0,80,196
02/25/2005,SFF,WA,ANM,WE,Federal Contract Tower,0,6,11,0,17,0,26,98,0,124,0,32,109,0,141,79,0,79,220
02/26/2005,SFF,WA,ANM,WE,Federal Contract Tower,0,4,11,0,15,0,9,153,0,162,0,13,164,0,177,144,0,144,321
02/27/2005,SFF,WA,ANM,WE,Federal Contract Tower,0,2,4,0,6,0,19,104,2,125,0,21,108,2,131,112,0,112,243
02/28/2005,SFF,WA,ANM,WE,Federal Contract Tower,0,9,5,1,15,0,17,51,1,69,0,26,56,2,84,34,0,34,118
03/01/2005,SFF,WA,ANM,WE,Federal Contract Tower,0,5,16,0,21,0,12,54,2,68,0,17,70,2,89,80,0,80,169
03/02/2005,SFF,WA,ANM,WE,Federal Contract Tower,0,5,12,0,17,0,24,54,2,80,0,29,66,2,97,72,0,72,169
03/03/2005,SFF,WA,ANM,WE,Federal Contract Tower,0,5,8,0,13,0,17,73,0,90,0,22,81,0,103,154,0,154,257
03/04/2005,SFF,WA,ANM,WE,Federal Contract Tower,0,3,8,2,13,0,16,98,2,116,0,19,106,4,129,130,0,130,259
03/05/2005,SFF,WA,ANM,WE,Federal Contract Tower,0,2,8,0,10,0,9,108,0,117,0,11,116,0,127,102,0,102,229
03/06/2005,SFF,WA,ANM,WE,Federal Contract Tower,0,2,13,0,15,0,12,138,0,150,0,14,151,0,165,58,0,58,223
03/07/2005,SFF,WA,ANM,WE,Federal Contract Tower,0,7,2,0,9,0,10,43,5,58,0,17,45,5,67,42,0,42,109
03/08/2005,SFF,WA,ANM,WE,Federal Contract Tower,0,6,5,0,11,0,13,78,0,91,0,19,83,0,102,82,0,82,184
03/09/2005,SFF,WA,ANM,WE,Federal Contract Tower,0,8,15,0,23,0,26,70,0,96,0,34,85,0,119,78,0,78,197
03/10/2005,SFF,WA,ANM,WE,Federal Contract Tower,0,13,10,0,23,0,12,46,0,58,0,25,56,0,81,81,0,81,162
03/11/2005,SFF,WA,ANM,WE,Federal Contract Tower,0,6,16,0,22,0,27,86,0,113,0,33,102,0,135,62,0,62,197
03/12/2005,SFF,WA,ANM,WE,Federal Contract Tower,0,4,5,0,9,0,19,73,0,92,0,23,78,0,101,104,0,104,205
03/13/2005,SFF,WA,ANM,WE,Federal Contract Tower,0,2,9,0,11,0,14,83,0,97,0,16,92,0,108,78,0,78,186
03/14/2005,SFF,WA,ANM,WE,Federal Contract Tower,0,4,13,0,17,0,24,52,0,76,0,28,65,0,93,106,0,106,199
03/15/2005,SFF,WA,ANM,WE,Federal Contract Tower,0,6,16,0,22,0,24,60,0,84,0,30,76,0,106,38,0,38,144
03/16/2005,SFF,WA,ANM,WE,Federal Contract Tower,0,11,5,0,16,0,6,18,0,24,0,17,23,0,40,16,0,16,56
03/17/2005,SFF,WA,ANM,WE,Federal Contract Tower,0,10,17,0,27,0,11,65,0,76,0,21,82,0,103,36,0,36,139
03/18/2005,SFF,WA,ANM,WE,Federal Contract Tower,0,14,7,0,21,0,7,46,0,53,0,21,53,0,74,97,0,97,171
03/19/2005,SFF,WA,ANM,WE,Federal Contract Tower,0,4,3,0,7,0,7,33,0,40,0,11,36,0,47,86,0,86,133
03/20/2005,SFF,WA,ANM,WE,Federal Contract Tower,0,3,6,0,9,0,17,48,0,65,0,20,54,0,74,50,0,50,124
03/21/2005,SFF,WA,ANM,WE,Federal Contract Tower,0,5,9,0,14,0,31,39,0,70,0,36,48,0,84,98,0,98,182
03/22/2005,SFF,WA,ANM,WE,Federal Contract Tower,0,9,7,0,16,0,15,70,0,85,0,24,77,0,101,152,0,152,253
03/23/2005,SFF,WA,ANM,WE,Federal Contract Tower,0,5,11,0,16,0,18,31,0,49,0,23,42,0,65,10,0,10,75
03/24/2005,SFF,WA,ANM,WE,Federal Contract Tower,0,8,12,0,20,0,17,45,0,62,0,25,57,0,82,56,0,56,138
03/25/2005,SFF,WA,ANM,WE,Federal Contract Tower,0,6,20,0,26,0,12,52,0,64,0,18,72,0,90,106,0,106,196
03/26/2005,SFF,WA,ANM,WE,Federal Contract Tower,0,4,5,0,9,0,4,28,0,32,0,8,33,0,41,98,0,98,139
03/27/2005,SFF,WA,ANM,WE,Federal Contract Tower,0,13,5,0,18,0,1,5,0,6,0,14,10,0,24,12,0,12,36
03/28/2005,SFF,WA,ANM,WE,Federal Contract Tower,0,8,5,0,13,0,16,18,0,34,0,24,23,0,47,47,0,47,94
03/29/2005,SFF,WA,ANM,WE,Federal Contract Tower,0,12,5,0,17,0,6,27,0,33,0,18,32,0,50,76,0,76,126
03/30/2005,SFF,WA,ANM,WE,Federal Contract Tower,0,11,10,0,21,0,9,72,0,81,0,20,82,0,102,104,0,104,206
03/31/2005,SFF,WA,ANM,WE,Federal Contract Tower,0,4,16,0,20,0,15,92,0,107,0,19,108,0,127,92,0,92,219
04/01/2005,SFF,WA,ANM,WE,Federal Contract Tower,0,17,7,0,24,0,9,17,0,26,0,26,24,0,50,60,0,60,110
04/02/2005,SFF,WA,ANM,WE,Federal Contract Tower,0,8,2,0,10,0,10,88,0,98,0,18,90,0,108,162,0,162,270
04/03/2005,SFF,WA,ANM,WE,Federal Contract Tower,0,12,8,0,20,0,7,7,0,14,0,19,15,0,34,66,0,66,100
04/04/2005,SFF,WA,ANM,WE,Federal Contract Tower,0,10,9,0,19,0,23,17,0,40,0,33,26,0,59,116,0,116,175
04/05/2005,SFF,WA,ANM,WE,Federal Contract Tower,0,8,8,0,16,0,3,65,0,68,0,11,73,0,84,142,0,142,226
04/06/2005,SFF,WA,ANM,WE,Federal Contract Tower,0,4,7,0,11,0,27,97,0,124,0,31,104,0,135,120,0,120,255
04/07/2005,SFF,WA,ANM,WE,Federal Contract Tower,0,14,5,0,19,0,17,37,0,54,0,31,42,0,73,54,2,56,129
04/08/2005,SFF,WA,ANM,WE,Federal Contract Tower,0,4,12,0,16,0,13,72,0,85,0,17,84,0,101,106,0,106,207
04/09/2005,SFF,WA,ANM,WE,Federal Contract Tower,0,4,4,0,8,0,4,95,0,99,0,8,99,0,107,136,0,136,243
04/10/2005,SFF,WA,ANM,WE,Federal Contract Tower,0,3,6,0,9,0,17,110,0,127,0,20,116,0,136,80,0,80,216
04/11/2005,SFF,WA,ANM,WE,Federal Contract Tower,0,8,6,0,14,0,17,35,0,52,0,25,41,0,66,30,0,30,96
04/12/2005,SFF,WA,ANM,WE,Federal Contract Tower,0,15,6,0,21,0,14,45,0,59,0,29,51,0,80,66,0,66,146
04/13/2005,SFF,WA,ANM,WE,Federal Contract Tower,0,8,11,0,19,0,8,52,0,60,0,16,63,0,79,106,0,106,185
04/14/2005,SFF,WA,ANM,WE,Federal Contract Tower,0,5,10,0,15,0,20,91,0,111,0,25,101,0,126,62,0,62,188
04/15/2005,SFF,WA,ANM,WE,Federal Contract Tower,0,5,13,0,18,0,18,91,3,112,0,23,104,3,130,48,8,56,186
04/16/2005,SFF,WA,ANM,WE,Federal Contract Tower,0,9,6,0,15,0,8,45,0,53,0,17,51,0,68,83,0,83,151
04/17/2005,SFF,WA,ANM,WE,Federal Contract Tower,0,8,9,0,17,0,20,27,10,57,0,28,36,10,74,60,0,60,134
04/18/2005,SFF,WA,ANM,WE,Federal Contract Tower,0,8,17,0,25,0,11,39,0,50,0,19,56,0,75,46,0,46,121
04/19/2005,SFF,WA,ANM,WE,Federal Contract Tower,0,8,6,0,14,0,17,72,0,89,0,25,78,0,103,116,0,116,219
04/20/2005,SFF,WA,ANM,WE,Federal Contract Tower,0,5,8,0,13,0,12,83,0,95,0,17,91,0,108,58,0,58,166
04/21/2005,SFF,WA,ANM,WE,Federal Contract Tower,0,4,13,0,17,0,31,95,0,126,0,35,108,0,143,88,0,88,231
04/22/2005,SFF,WA,ANM,WE,Federal Contract Tower,0,3,19,0,22,0,7,128,0,135,0,10,147,0,157,110,0,110,267
04/23/2005,SFF,WA,ANM,WE,Federal Contract Tower,0,2,7,0,9,0,22,116,0,138,0,24,123,0,147,38,0,38,185
04/24/2005,SFF,WA,ANM,WE,Federal Contract Tower,0,3,10,0,13,0,24,106,0,130,0,27,116,0,143,25,0,25,168
04/25/2005,SFF,WA,ANM,WE,Federal Contract Tower,0,4,10,0,14,0,16,91,0,107,0,20,101,0,121,116,0,116,237
04/26/2005,SFF,WA,ANM,WE,Federal Contract Tower,0,7,10,0,17,0,12,127,0,139,0,19,137,0,156,104,0,104,260
04/27/2005,SFF,WA,ANM,WE,Federal Contract Tower,0,9,6,0,15,0,18,45,0,63,0,27,51,0,78,6,0,6,84
04/28/2005,SFF,WA,ANM,WE,Federal Contract Tower,0,7,8,0,15,0,14,105,0,119,0,21,113,0,134,106,0,106,240
04/29/2005,SFF,WA,ANM,WE,Federal Contract Tower,0,5,13,0,18,0,9,96,3,108,0,14,109,3,126,104,0,104,230
04/30/2005,SFF,WA,ANM,WE,Federal Contract Tower,0,4,5,0,9,0,6,221,0,227,0,10,226,0,236,122,0,122,358
05/01/2005,SFF,WA,ANM,WE,Federal Contract Tower,0,4,6,0,10,0,12,170,5,187,0,16,176,5,197,60,0,60,257
05/02/2005,SFF,WA,ANM,WE,Federal Contract Tower,0,7,16,0,23,0,26,80,0,106,0,33,96,0,129,70,0,70,199
05/03/2005,SFF,WA,ANM,WE,Federal Contract Tower,0,11,14,0,25,0,20,54,0,74,0,31,68,0,99,70,0,70,169
05/04/2005,SFF,WA,ANM,WE,Federal Contract Tower,0,6,10,0,16,0,18,60,0,78,0,24,70,0,94,70,0,70,164
05/05/2005,SFF,WA,ANM,WE,Federal Contract Tower,0,8,9,0,17,0,21,75,0,96,0,29,84,0,113,98,0,98,211
05/06/2005,SFF,WA,ANM,WE,Federal Contract Tower,0,12,19,0,31,0,5,81,0,86,0,17,100,0,117,166,0,166,283
05/07/2005,SFF,WA,ANM,WE,Federal Contract Tower,0,8,10,0,18,0,8,64,0,72,0,16,74,0,90,150,0,150,240
05/08/2005,SFF,WA,ANM,WE,Federal Contract Tower,0,2,11,0,13,0,13,82,0,95,0,15,93,0,108,63,0,63,171
05/09/2005,SFF,WA,ANM,WE,Federal Contract Tower,0,11,3,0,14,0,14,28,0,42,0,25,31,0,56,53,0,53,109
05/10/2005,SFF,WA,ANM,WE,Federal Contract Tower,0,13,9,0,22,0,19,30,0,49,0,32,39,0,71,130,0,130,201
05/11/2005,SFF,WA,ANM,WE,Federal Contract Tower,0,6,10,0,16,0,16,95,0,111,0,22,105,0,127,128,0,128,255
05/12/2005,SFF,WA,ANM,WE,Federal Contract Tower,0,7,10,0,17,0,11,102,0,113,0,18,112,0,130,154,0,154,284
05/13/2005,SFF,WA,ANM,WE,Federal Contract Tower,0,4,9,0,13,0,28,133,0,161,0,32,142,0,174,112,0,112,286
05/14/2005,SFF,WA,ANM,WE,Federal Contract Tower,0,4,20,0,24,0,14,51,0,65,0,18,71,0,89,76,0,76,165
05/15/2005,SFF,WA,ANM,WE,Federal Contract Tower,0,4,7,0,11,0,8,32,0,40,0,12,39,0,51,46,0,46,97
05/16/2005,SFF,WA,ANM,WE,Federal Contract Tower,0,10,14,0,24,0,23,23,2,48,0,33,37,2,72,80,0,80,152
05/17/2005,SFF,WA,ANM,WE,Federal Contract Tower,0,6,14,0,20,0,14,47,0,61,0,20,61,0,81,56,0,56,137
05/18/2005,SFF,WA,ANM,WE,Federal Contract Tower,0,11,11,2,24,0,10,44,2,56,0,21,55,4,80,84,0,84,164
05/19/2005,SFF,WA,ANM,WE,Federal Contract Tower,0,7,10,0,17,0,19,53,0,72,0,26,63,0,89,66,0,66,155
05/20/2005,SFF,WA,ANM,WE,Federal Contract Tower,0,11,13,0,24,0,25,43,0,68,0,36,56,0,92,54,0,54,146
05/21/2005,SFF,WA,ANM,WE,Federal Contract Tower,0,7,8,0,15,0,9,123,2,134,0,16,131,2,149,118,0,118,267
05/22/2005,SFF,WA,ANM,WE,Federal Contract Tower,0,4,2,0,6,0,5,35,0,40,0,9,37,0,46,26,0,26,72
05/23/2005,SFF,WA,ANM,WE,Federal Contract Tower,0,8,7,0,15,0,17,89,0,106,0,25,96,0,121,65,0,65,186
05/24/2005,SFF,WA,ANM,WE,Federal Contract Tower,0,7,14,0,21,0,14,88,1,103,0,21,102,1,124,92,0,92,216
05/25/2005,SFF,WA,ANM,WE,Federal Contract Tower,0,7,8,0,15,0,29,126,0,155,0,36,134,0,170,176,0,176,346
05/26/2005,SFF,WA,ANM,WE,Federal Contract Tower,0,11,15,0,26,0,17,136,0,153,0,28,151,0,179,106,0,106,285
05/27/2005,SFF,WA,ANM,WE,Federal Contract Tower,0,5,10,0,15,0,24,149,0,173,0,29,159,0,188,154,0,154,342
05/28/2005,SFF,WA,ANM,WE,Federal Contract Tower,0,5,6,0,11,0,12,129,0,141,0,17,135,0,152,38,0,38,190
05/29/2005,SFF,WA,ANM,WE,Federal Contract Tower,0,4,0,0,4,0,3,80,0,83,0,7,80,0,87,43,0,43,130
05/30/2005,SFF,WA,ANM,WE,Federal Contract Tower,0,2,8,0,10,0,7,130,0,137,0,9,138,0,147,172,0,172,319
05/31/2005,SFF,WA,ANM,WE,Federal Contract Tower,0,8,14,0,22,0,29,41,0,70,0,37,55,0,92,26,0,26,118
06/01/2005,SFF,WA,ANM,WE,Federal Contract Tower,0,7,13,0,20,0,11,41,0,52,0,18,54,0,72,62,0,62,134
06/02/2005,SFF,WA,ANM,WE,Federal Contract Tower,0,12,14,0,26,0,15,26,0,41,0,27,40,0,67,42,0,42,109
06/03/2005,SFF,WA,ANM,WE,Federal Contract Tower,0,4,7,0,11,0,23,96,0,119,0,27,103,0,130,126,0,126,256
06/04/2005,SFF,WA,ANM,WE,Federal Contract Tower,0,4,2,0,6,0,31,151,0,182,0,35,153,0,188,54,0,54,242
06/05/2005,SFF,WA,ANM,WE,Federal Contract Tower,0,2,6,0,8,0,7,17,0,24,0,9,23,0,32,23,0,23,55
06/06/2005,SFF,WA,ANM,WE,Federal Contract Tower,0,7,13,0,20,0,24,82,0,106,0,31,95,0,126,130,0,130,256
06/07/2005,SFF,WA,ANM,WE,Federal Contract Tower,0,8,18,0,26,0,4,48,0,52,0,12,66,0,78,108,0,108,186
06/08/2005,SFF,WA,ANM,WE,Federal Contract Tower,0,2,12,0,14,0,17,75,8,100,0,19,87,8,114,85,0,85,199
06/09/2005,SFF,WA,ANM,WE,Federal Contract Tower,0,7,13,1,21,0,11,134,11,156,0,18,147,12,177,134,0,134,311
06/10/2005,SFF,WA,ANM,WE,Federal Contract Tower,0,9,17,0,26,0,18,79,4,101,0,27,96,4,127,60,0,60,187
06/11/2005,SFF,WA,ANM,WE,Federal Contract Tower,0,2,3,0,5,0,29,78,0,107,0,31,81,0,112,102,0,102,214
06/12/2005,SFF,WA,ANM,WE,Federal Contract Tower,0,2,12,0,14,0,15,54,0,69,0,17,66,0,83,60,0,60,143
06/13/2005,SFF,WA,ANM,WE,Federal Contract Tower,0,8,11,0,19,0,6,61,0,67,0,14,72,0,86,70,0,70,156
06/14/2005,SFF,WA,ANM,WE,Federal Contract Tower,0,9,9,0,18,0,11,66,0,77,0,20,75,0,95,88,0,88,183
06/15/2005,SFF,WA,ANM,WE,Federal Contract Tower,0,7,11,0,18,0,11,109,0,120,0,18,120,0,138,68,0,68,206
06/16/2005,SFF,WA,ANM,WE,Federal Contract Tower,0,7,14,0,21,0,30,116,0,146,0,37,130,0,167,70,0,70,237
06/17/2005,SFF,WA,ANM,WE,Federal Contract Tower,0,11,19,0,30,0,12,26,0,38,0,23,45,0,68,42,0,42,110
06/18/2005,SFF,WA,ANM,WE,Federal Contract Tower,0,5,10,2,17,0,11,75,2,88,0,16,85,4,105,58,0,58,163
06/19/2005,SFF,WA,ANM,WE,Federal Contract Tower,0,1,7,0,8,0,15,141,0,156,0,16,148,0,164,68,0,68,232
06/20/2005,SFF,WA,ANM,WE,Federal Contract Tower,0,6,8,0,14,0,12,103,0,115,0,18,111,0,129,48,0,48,177
06/21/2005,SFF,WA,ANM,WE,Federal Contract Tower,0,5,8,0,13,0,11,69,0,80,0,16,77,0,93,29,0,29,122
06/22/2005,SFF,WA,ANM,WE,Federal Contract Tower,0,5,3,0,8,0,11,69,1,81,0,16,72,1,89,52,0,52,141
06/23/2005,SFF,WA,ANM,WE,Federal Contract Tower,0,4,8,0,12,0,15,83,0,98,0,19,91,0,110,82,0,82,192
06/24/2005,SFF,WA,ANM,WE,Federal Contract Tower,0,6,9,0,15,0,22,114,0,136,0,28,123,0,151,24,0,24,175
06/25/2005,SFF,WA,ANM,WE,Federal Contract Tower,0,2,6,0,8,0,41,106,0,147,0,43,112,0,155,102,0,102,257
06/26/2005,SFF,WA,ANM,WE,Federal Contract Tower,0,0,5,0,5,0,14,80,0,94,0,14,85,0,99,72,0,72,171
06/27/2005,SFF,WA,ANM,WE,Federal Contract Tower,0,12,19,0,31,0,3,43,0,46,0,15,62,0,77,78,0,78,155
06/28/2005,SFF,WA,ANM,WE,Federal Contract Tower,0,9,6,0,15,0,11,32,0,43,0,20,38,0,58,22,0,22,80
06/29/2005,SFF,WA,ANM,WE,Federal Contract Tower,0,5,16,0,21,0,10,100,0,110,0,15,116,0,131,172,0,172,303
06/30/2005,SFF,WA,ANM,WE,Federal Contract Tower,0,5,10,0,15,0,16,102,0,118,0,21,112,0,133,34,0,34,167
07/01/2005,SFF,WA,ANM,WE,Federal Contract Tower,0,6,10,0,16,0,14,117,0,131,0,20,127,0,147,110,0,110,257
07/02/2005,SFF,WA,ANM,WE,Federal Contract Tower,0,3,6,0,9,0,22,98,0,120,0,25,104,0,129,154,0,154,283
07/03/2005,SFF,WA,ANM,WE,Federal Contract Tower,0,0,4,0,4,0,20,101,0,121,0,20,105,0,125,76,0,76,201
07/04/2005,SFF,WA,ANM,WE,Federal Contract Tower,0,0,5,0,5,0,3,77,0,80,0,3,82,0,85,54,0,54,139
07/05/2005,SFF,WA,ANM,WE,Federal Contract Tower,0,6,14,0,20,0,12,85,0,97,0,18,99,0,117,15,0,15,132
07/06/2005,SFF,WA,ANM,WE,Federal Contract Tower,0,6,5,0,11,0,9,59,4,72,0,15,64,4,83,12,0,12,95
07/07/2005,SFF,WA,ANM,WE,Federal Contract Tower,0,5,9,2,16,0,20,117,0,137,0,25,126,2,153,140,2,142,295
07/08/2005,SFF,WA,ANM,WE,Federal Contract Tower,0,5,14,0,19,0,17,88,0,105,0,22,102,0,124,104,0,104,228
07/09/2005,SFF,WA,ANM,WE,Federal Contract Tower,0,6,11,0,17,0,5,36,0,41,0,11,47,0,58,59,0,59,117
07/10/2005,SFF,WA,ANM,WE,Federal Contract Tower,0,2,11,0,13,0,16,29,0,45,0,18,40,0,58,38,0,38,96
07/11/2005,SFF,WA,ANM,WE,Federal Contract Tower,0,5,6,0,11,0,18,96,0,114,0,23,102,0,125,103,0,103,228
07/12/2005,SFF,WA,ANM,WE,Federal Contract Tower,0,4,16,0,20,0,15,118,0,133,0,19,134,0,153,109,0,109,262
07/13/2005,SFF,WA,ANM,WE,Federal Contract Tower,0,7,14,0,21,0,12,107,0,119,0,19,121,0,140,85,0,85,225
07/14/2005,SFF,WA,ANM,WE,Federal Contract Tower,0,6,20,1,27,0,24,143,3,170,0,30,163,4,197,54,0,54,251
07/15/2005,SFF,WA,ANM,WE,Federal Contract Tower,0,2,12,2,16,0,13,120,2,135,0,15,132,4,151,50,0,50,201
07/16/2005,SFF,WA,ANM,WE,Federal Contract Tower,0,4,6,0,10,0,15,186,0,201,0,19,192,0,211,146,0,146,357
07/17/2005,SFF,WA,ANM,WE,Federal Contract Tower,0,0,6,0,6,0,10,142,0,152,0,10,148,0,158,59,0,59,217
07/18/2005,SFF,WA,ANM,WE,Federal Contract Tower,0,5,10,2,17,0,14,91,2,107,0,19,101,4,124,36,0,36,160
07/19/2005,SFF,WA,ANM,WE,Federal Contract Tower,0,5,7,1,13,0,13,105,1,119,0,18,112,2,132,30,0,30,162
07/20/2005,SFF,WA,ANM,WE,Federal Contract Tower,0,7,10,0,17,0,25,135,0,160,0,32,145,0,177,42,0,42,219
07/21/2005,SFF,WA,ANM,WE,Federal Contract Tower,0,3,7,2,12,0,32,200,0,232,0,35,207,2,244,36,0,36,280
07/22/2005,SFF,WA,ANM,WE,Federal Contract Tower,0,6,10,0,16,0,6,90,0,96,0,12,100,0,112,68,0,68,180
07/23/2005,SFF,WA,ANM,WE,Federal Contract Tower,0,2,11,0,13,0,27,130,0,157,0,29,141,0,170,44,0,44,214
07/24/2005,SFF,WA,ANM,WE,Federal Contract Tower,0,1,14,0,15,0,10,135,0,145,0,11,149,0,160,68,0,68,228
07/25/2005,SFF,WA,ANM,WE,Federal Contract Tower,0,4,11,0,15,0,16,116,4,136,0,20,127,4,151,78,0,78,229
07/26/2005,SFF,WA,ANM,WE,Federal Contract Tower,0,2,5,0,7,0,26,169,0,195,0,28,174,0,202,148,0,148,350
07/27/2005,SFF,WA,ANM,WE,Federal Contract Tower,0,6,10,0,16,0,18,127,0,145,0,24,137,0,161,124,0,124,285
07/28/2005,SFF,WA,ANM,WE,Federal Contract Tower,0,3,9,0,12,0,21,119,0,140,0,24,128,0,152,128,0,128,280
07/29/2005,SFF,WA,ANM,WE,Federal Contract Tower,0,2,7,0,9,0,37,109,0,146,0,39,116,0,155,175,0,175,330
07/30/2005,SFF,WA,ANM,WE,Federal Contract Tower,0,5,3,0,8,0,9,121,0,130,0,14,124,0,138,38,0,38,176
07/31/2005,SFF,WA,ANM,WE,Federal Contract Tower,0,4,6,0,10,0,16,72,0,88,0,20,78,0,98,18,0,18,116
08/01/2005,SFF,WA,ANM,WE,Federal Contract Tower,0,4,7,0,11,0,13,85,0,98,0,17,92,0,109,58,0,58,167
08/02/2005,SFF,WA,ANM,WE,Federal Contract Tower,0,3,7,0,10,0,9,84,3,96,0,12,91,3,106,214,0,214,320
08/03/2005,SFF,WA,ANM,WE,Federal Contract Tower,0,5,6,0,11,0,14,149,0,163,0,19,155,0,174,330,0,330,504
08/04/2005,SFF,WA,ANM,WE,Federal Contract Tower,0,3,7,2,12,0,18,160,0,178,0,21,167,2,190,230,2,232,422
08/05/2005,SFF,WA,ANM,WE,Federal Contract Tower,0,3,8,0,11,0,21,121,0,142,0,24,129,0,153,120,0,120,273
08/06/2005,SFF,WA,ANM,WE,Federal Contract Tower,0,4,5,0,9,0,18,151,0,169,0,22,156,0,178,82,0,82,260
08/07/2005,SFF,WA,ANM,WE,Federal Contract Tower,0,2,7,0,9,0,6,111,0,117,0,8,118,0,126,76,0,76,202
08/08/2005,SFF,WA,ANM,WE,Federal Contract Tower,0,5,11,0,16,0,28,78,0,106,0,33,89,0,122,174,0,174,296
08/09/2005,SFF,WA,ANM,WE,Federal Contract Tower,0,7,12,0,19,0,13,124,0,137,0,20,136,0,156,226,0,226,382
08/10/2005,SFF,WA,ANM,WE,Federal Contract Tower,0,4,16,0,20,0,19,115,0,134,0,23,131,0,154,114,0,114,268
08/11/2005,SFF,WA,ANM,WE,Federal Contract Tower,0,14,14,3,31,0,16,116,0,132,0,30,130,3,163,136,0,136,299
08/12/2005,SFF,WA,ANM,WE,Federal Contract Tower,0,8,13,0,21,0,15,111,6,132,0,23,124,6,153,120,0,120,273
08/13/2005,SFF,WA,ANM,WE,Federal Contract Tower,0,5,3,0,8,0,26,131,1,158,0,31,134,1,166,100,0,100,266
08/14/2005,SFF,WA,ANM,WE,Federal Contract Tower,0,0,6,0,6,0,5,88,0,93,0,5,94,0,99,116,0,116,215
08/15/2005,SFF,WA,ANM,WE,Federal Contract Tower,0,8,9,0,17,0,14,122,0,136,0,22,131,0,153,164,0,164,317
08/16/2005,SFF,WA,ANM,WE,Federal Contract Tower,0,5,14,0,19,0,15,134,0,149,0,20,148,0,168,138,0,138,306
08/17/2005,SFF,WA,ANM,WE,Federal Contract Tower,0,8,9,0,17,0,3,69,0,72,0,11,78,0,89,102,0,102,191
08/18/2005,SFF,WA,ANM,WE,Federal Contract Tower,0,12,10,0,22,0,10,76,0,86,0,22,86,0,108,121,0,121,229
08/19/2005,SFF,WA,ANM,WE,Federal Contract Tower,0,3,5,0,8,0,20,145,0,165,0,23,150,0,173,166,0,166,339
08/20/2005,SFF,WA,ANM,WE,Federal Contract Tower,0,2,8,0,10,0,17,165,0,182,0,19,173,0,192,167,0,167,359
08/21/2005,SFF,WA,ANM,WE,Federal Contract Tower,0,0,7,0,7,0,12,112,0,124,0,12,119,0,131,19,0,19,150
08/22/2005,SFF,WA,ANM,WE,Federal Contract Tower,0,6,6,0,12,0,17,100,0,117,0,23,106,0,129,164,0,164,293
08/23/2005,SFF,WA,ANM,WE,Federal Contract Tower,0,8,5,0,13,0,22,88,0,110,0,30,93,0,123,160,0,160,283
08/24/2005,SFF,WA,ANM,WE,Federal Contract Tower,0,6,10,0,16,0,5,163,0,168,0,11,173,0,184,174,0,174,358
08/25/2005,SFF,WA,ANM,WE,Federal Contract Tower,0,5,5,0,10,0,31,216,1,248,0,36,221,1,258,180,0,180,438
08/26/2005,SFF,WA,ANM,WE,Federal Contract Tower,0,4,6,0,10,0,15,156,0,171,0,19,162,0,181,39,0,39,220
08/27/2005,SFF,WA,ANM,WE,Federal Contract Tower,0,2,8,0,10,0,2,122,0,124,0,4,130,0,134,98,0,98,232
08/28/2005,SFF,WA,ANM,WE,Federal Contract Tower,0,2,8,0,10,0,20,86,0,106,0,22,94,0,116,56,0,56,172
08/29/2005,SFF,WA,ANM,WE,Federal Contract Tower,0,5,3,0,8,0,23,63,0,86,0,28,66,0,94,120,0,120,214
08/30/2005,SFF,WA,ANM,WE,Federal Contract Tower,0,2,21,0,23,0,14,85,0,99,0,16,106,0,122,136,0,136,258
08/31/2005,SFF,WA,ANM,WE,Federal Contract Tower,0,6,9,0,15,0,10,157,0,167,0,16,166,0,182,204,0,204,386
09/01/2005,SFF,WA,ANM,WE,Federal Contract Tower,0,2,10,0,12,0,20,164,2,186,0,22,174,2,198,136,0,136,334
09/02/2005,SFF,WA,ANM,WE,Federal Contract Tower,0,8,7,0,15,0,3,161,0,164,0,11,168,0,179,138,2,140,319
09/03/2005,SFF,WA,ANM,WE,Federal Contract Tower,0,2,5,0,7,0,12,76,1,89,0,14,81,1,96,61,1,62,158
09/04/2005,SFF,WA,ANM,WE,Federal Contract Tower,0,1,4,0,5,0,13,37,0,50,0,14,41,0,55,24,0,24,79
09/05/2005,SFF,WA,ANM,WE,Federal Contract Tower,0,2,5,0,7,0,19,130,0,149,0,21,135,0,156,110,0,110,266
09/06/2005,SFF,WA,ANM,WE,Federal Contract Tower,0,6,4,0,10,0,1,93,0,94,0,7,97,0,104,134,0,134,238
09/07/2005,SFF,WA,ANM,WE,Federal Contract Tower,0,3,20,0,23,0,16,120,0,136,0,19,140,0,159,104,0,104,263
09/08/2005,SFF,WA,ANM,WE,Federal Contract Tower,0,3,13,0,16,0,12,138,0,150,0,15,151,0,166,88,0,88,254
09/09/2005,SFF,WA,ANM,WE,Federal Contract Tower,0,6,14,0,20,0,8,27,0,35,0,14,41,0,55,45,0,45,100
09/10/2005,SFF,WA,ANM,WE,Federal Contract Tower,0,7,12,0,19,0,4,100,0,104,0,11,112,0,123,66,0,66,189
09/11/2005,SFF,WA,ANM,WE,Federal Contract Tower,0,3,4,0,7,0,13,63,0,76,0,16,67,0,83,58,0,58,141
09/12/2005,SFF,WA,ANM,WE,Federal Contract Tower,0,6,8,0,14,0,9,28,0,37,0,15,36,0,51,130,0,130,181
09/13/2005,SFF,WA,ANM,WE,Federal Contract Tower,0,6,18,0,24,0,3,63,0,66,0,9,81,0,90,132,0,132,222
09/14/2005,SFF,WA,ANM,WE,Federal Contract Tower,0,4,13,0,17,0,9,147,0,156,0,13,160,0,173,118,0,118,291
09/15/2005,SFF,WA,ANM,WE,Federal Contract Tower,0,3,9,0,12,0,15,104,0,119,0,18,113,0,131,150,0,150,281
09/16/2005,SFF,WA,ANM,WE,Federal Contract Tower,0,5,19,0,24,0,7,114,0,121,0,12,133,0,145,132,0,132,277
09/17/2005,SFF,WA,ANM,WE,Federal Contract Tower,0,4,9,0,13,0,11,85,0,96,0,15,94,0,109,107,0,107,216
09/18/2005,SFF,WA,ANM,WE,Federal Contract Tower,0,0,16,0,16,0,12,100,0,112,0,12,116,0,128,58,0,58,186
09/19/2005,SFF,WA,ANM,WE,Federal Contract Tower,0,5,10,0,15,0,16,110,0,126,0,21,120,0,141,138,0,138,279
09/20/2005,SFF,WA,ANM,WE,Federal Contract Tower,0,2,8,0,10,0,17,114,0,131,0,19,122,0,141,104,0,104,245
09/21/2005,SFF,WA,ANM,WE,Federal Contract Tower,0,3,11,0,14,0,11,151,0,162,0,14,162,0,176,148,0,148,324
09/22/2005,SFF,WA,ANM,WE,Federal Contract Tower,0,4,10,0,14,0,9,104,0,113,0,13,114,0,127,132,0,132,259
09/23/2005,SFF,WA,ANM,WE,Federal Contract Tower,0,4,11,0,15,0,9,104,1,114,0,13,115,1,129,109,1,110,239
09/24/2005,SFF,WA,ANM,WE,Federal Contract Tower,0,2,7,0,9,0,14,145,0,159,0,16,152,0,168,214,0,214,382
09/25/2005,SFF,WA,ANM,WE,Federal Contract Tower,0,0,6,0,6,0,8,121,0,129,0,8,127,0,135,94,0,94,229
09/26/2005,SFF,WA,ANM,WE,Federal Contract Tower,0,2,12,0,14,0,27,129,0,156,0,29,141,0,170,82,0,82,252
09/27/2005,SFF,WA,ANM,WE,Federal Contract Tower,0,4,9,0,13,0,6,82,0,88,0,10,91,0,101,94,0,94,195
09/28/2005,SFF,WA,ANM,WE,Federal Contract Tower,0,2,13,0,15,0,20,190,0,210,0,22,203,0,225,80,0,80,305
09/29/2005,SFF,WA,ANM,WE,Federal Contract Tower,0,7,13,0,20,0,4,46,5,55,0,11,59,5,75,72,0,72,147
09/30/2005,SFF,WA,ANM,WE,Federal Contract Tower,0,2,17,0,19,0,9,47,0,56,0,11,64,0,75,33,0,33,108
10/01/2005,SFF,WA,ANM,WE,Federal Contract Tower,0,4,8,0,12,0,12,34,0,46,0,16,42,0,58,23,0,23,81
10/02/2005,SFF,WA,ANM,WE,Federal Contract Tower,0,1,11,0,12,0,3,56,0,59,0,4,67,0,71,44,0,44,115
10/03/2005,SFF,WA,ANM,WE,Federal Contract Tower,0,5,8,0,13,0,0,31,0,31,0,5,39,0,44,65,0,65,109
10/04/2005,SFF,WA,ANM,WE,Federal Contract Tower,0,13,11,0,24,0,4,54,0,58,0,17,65,0,82,84,0,84,166
10/05/2005,SFF,WA,ANM,WE,Federal Contract Tower,0,5,12,0,17,0,5,97,0,102,0,10,109,0,119,54,0,54,173
10/06/2005,SFF,WA,ANM,WE,Federal Contract Tower,0,8,10,0,18,0,6,92,0,98,0,14,102,0,116,124,0,124,240
10/07/2005,SFF,WA,ANM,WE,Federal Contract Tower,0,7,17,0,24,0,10,59,0,69,0,17,76,0,93,118,0,118,211
10/08/2005,SFF,WA,ANM,WE,Federal Contract Tower,0,4,6,0,10,0,8,77,0,85,0,12,83,0,95,67,0,67,162
10/09/2005,SFF,WA,ANM,WE,Federal Contract Tower,0,3,9,0,12,0,8,88,0,96,0,11,97,0,108,168,0,168,276
10/10/2005,SFF,WA,ANM,WE,Federal Contract Tower,0,2,14,0,16,0,17,75,0,92,0,19,89,0,108,57,0,57,165
10/11/2005,SFF,WA,ANM,WE,Federal Contract Tower,0,5,9,0,14,0,8,95,0,103,0,13,104,0,117,54,0,54,171
10/12/2005,SFF,WA,ANM,WE,Federal Contract Tower,0,9,13,0,22,0,18,84,0,102,0,27,97,0,124,190,0,190,314
10/13/2005,SFF,WA,ANM,WE,Federal Contract Tower,0,10,12,0,22,0,10,96,0,106,0,20,108,0,128,34,0,34,162
10/14/2005,SFF,WA,ANM,WE,Federal Contract Tower,0,3,7,0,10,0,12,106,0,118,0,15,113,0,128,64,0,64,192
10/15/2005,SFF,WA,ANM,WE,Federal Contract Tower,0,4,3,0,7,0,8,174,0,182,0,12,177,0,189,63,0,63,252
10/16/2005,SFF,WA,ANM,WE,Federal Contract Tower,0,3,9,0,12,0,14,35,0,49,0,17,44,0,61,8,0,8,69
10/17/2005,SFF,WA,ANM,WE,Federal Contract Tower,0,4,8,0,12,0,22,44,0,66,0,26,52,0,78,84,0,84,162
10/18/2005,SFF,WA,ANM,WE,Federal Contract Tower,0,5,5,0,10,0,17,152,1,170,0,22,157,1,180,182,0,182,362
10/19/2005,SFF,WA,ANM,WE,Federal Contract Tower,0,10,11,0,21,0,9,27,0,36,0,19,38,0,57,116,0,116,173
10/20/2005,SFF,WA,ANM,WE,Federal Contract Tower,0,13,10,0,23,0,9,72,6,87,0,22,82,6,110,114,0,114,224
10/21/2005,SFF,WA,ANM,WE,Federal Contract Tower,0,4,15,0,19,0,13,134,0,147,0,17,149,0,166,90,0,90,256
10/22/2005,SFF,WA,ANM,WE,Federal Contract Tower,0,2,9,0,11,0,12,189,0,201,0,14,198,0,212,108,0,108,320
10/23/2005,SFF,WA,ANM,WE,Federal Contract Tower,0,0,15,0,15,0,10,92,0,102,0,10,107,0,117,97,0,97,214
10/24/2005,SFF,WA,ANM,WE,Federal Contract Tower,0,7,16,0,23,0,4,31,0,35,0,11,47,0,58,68,0,68,126
10/25/2005,SFF,WA,ANM,WE,Federal Contract Tower,0,7,9,0,16,0,8,95,5,108,0,15,104,5,124,102,0,102,226
10/26/2005,SFF,WA,ANM,WE,Federal Contract Tower,0,10,8,0,18,0,2,14,0,16,0,12,22,0,34,62,0,62,96
10/27/2005,SFF,WA,ANM,WE,Federal Contract Tower,0,7,8,0,15,0,16,45,0,61,0,23,53,0,76,104,0,104,180
10/28/2005,SFF,WA,ANM,WE,Federal Contract Tower,0,5,5,0,10,0,2,36,0,38,0,7,41,0,48,60,0,60,108
10/29/2005,SFF,WA,ANM,WE,Federal Contract Tower,0,7,5,0,12,0,6,90,0,96,0,13,95,0,108,84,0,84,192
10/30/2005,SFF,WA,ANM,WE,Federal Contract Tower,0,2,12,0,14,0,2,58,0,60,0,4,70,0,74,30,0,30,104
10/31/2005,SFF,WA,ANM,WE,Federal Contract Tower,0,9,4,0,13,0,5,21,0,26,0,14,25,0,39,5,0,5,44
11/01/2005,SFF,WA,ANM,WE,Federal Contract Tower,0,7,10,0,17,0,6,8,0,14,0,13,18,0,31,11,0,11,42
11/02/2005,SFF,WA,ANM,WE,Federal Contract Tower,0,5,15,0,20,0,20,53,2,75,0,25,68,2,95,177,0,177,272
11/03/2005,SFF,WA,ANM,WE,Federal Contract Tower,0,6,6,0,12,0,2,33,0,35,0,8,39,0,47,48,0,48,95
11/04/2005,SFF,WA,ANM,WE,Federal Contract Tower,0,8,6,0,14,0,11,30,2,43,0,19,36,2,57,36,0,36,93
11/05/2005,SFF,WA,ANM,WE,Federal Contract Tower,0,8,4,0,12,0,7,38,0,45,0,15,42,0,57,50,0,50,107
11/06/2005,SFF,WA,ANM,WE,Federal Contract Tower,0,7,6,0,13,0,5,49,0,54,0,12,55,0,67,26,0,26,93
11/07/2005,SFF,WA,ANM,WE,Federal Contract Tower,0,8,5,0,13,0,0,8,0,8,0,8,13,0,21,28,0,28,49
11/08/2005,SFF,WA,ANM,WE,Federal Contract Tower,0,14,9,0,23,0,5,67,0,72,0,19,76,0,95,54,0,54,149
11/09/2005,SFF,WA,ANM,WE,Federal Contract Tower,0,6,4,0,10,0,10,104,0,114,0,16,108,0,124,126,0,126,250
11/10/2005,SFF,WA,ANM,WE,Federal Contract Tower,0,12,8,0,20,0,15,66,0,81,0,27,74,0,101,106,0,106,207
11/11/2005,SFF,WA,ANM,WE,Federal Contract Tower,0,2,16,0,18,0,9,79,0,88,0,11,95,0,106,170,0,170,276
11/12/2005,SFF,WA,ANM,WE,Federal Contract Tower,0,3,7,0,10,0,18,99,1,118,0,21,106,1,128,94,0,94,222
11/13/2005,SFF,WA,ANM,WE,Federal Contract Tower,0,6,4,0,10,0,4,5,0,9,0,10,9,0,19,0,0,0,19
11/14/2005,SFF,WA,ANM,WE,Federal Contract Tower,0,6,8,0,14,0,12,80,0,92,0,18,88,0,106,102,0,102,208
11/15/2005,SFF,WA,ANM,WE,Federal Contract Tower,0,7,13,0,20,0,7,85,0,92,0,14,98,0,112,81,0,81,193
11/16/2005,SFF,WA,ANM,WE,Federal Contract Tower,0,10,8,0,18,0,2,41,0,43,0,12,49,0,61,106,2,108,169
11/17/2005,SFF,WA,ANM,WE,Federal Contract Tower,0,12,12,0,24,0,0,0,0,0,0,12,12,0,24,4,0,4,28
11/18/2005,SFF,WA,ANM,WE,Federal Contract Tower,0,11,9,0,20,0,0,1,0,1,0,11,10,0,21,4,0,4,25
11/19/2005,SFF,WA,ANM,WE,Federal Contract Tower,0,4,3,0,7,0,1,20,0,21,0,5,23,0,28,28,0,28,56
11/20/2005,SFF,WA,ANM,WE,Federal Contract Tower,0,4,10,0,14,0,3,2,0,5,0,7,12,0,19,0,0,0,19
11/21/2005,SFF,WA,ANM,WE,Federal Contract Tower,0,9,16,0,25,0,0,0,0,0,0,9,16,0,25,2,0,2,27
11/22/2005,SFF,WA,ANM,WE,Federal Contract Tower,0,14,18,0,32,0,0,0,0,0,0,14,18,0,32,8,0,8,40
11/23/2005,SFF,WA,ANM,WE,Federal Contract Tower,0,9,15,0,24,0,0,2,0,2,0,9,17,0,26,2,0,2,28
11/24/2005,SFF,WA,ANM,WE,Federal Contract Tower,0,7,3,0,10,0,1,10,0,11,0,8,13,0,21,10,0,10,31
11/25/2005,SFF,WA,ANM,WE,Federal Contract Tower,0,6,3,0,9,0,0,8,0,8,0,6,11,0,17,18,0,18,35
11/26/2005,SFF,WA,ANM,WE,Federal Contract Tower,0,9,2,0,11,0,6,42,0,48,0,15,44,0,59,78,0,78,137
11/27/2005,SFF,WA,ANM,WE,Federal Contract Tower,0,3,9,0,12,0,3,111,0,114,0,6,120,0,126,62,0,62,188
11/28/2005,SFF,WA,ANM,WE,Federal Contract Tower,0,6,7,0,13,0,9,85,0,94,0,15,92,0,107,125,0,125,232
11/29/2005,SFF,WA,ANM,WE,Federal Contract Tower,0,12,6,0,18,0,1,18,0,19,0,13,24,0,37,40,0,40,77
11/30/2005,SFF,WA,ANM,WE,Federal Contract Tower,0,8,9,0,17,0,6,7,0,13,0,14,16,0,30,32,0,32,62
12/01/2005,SFF,WA,ANM,WE,Federal Contract Tower,0,12,2,0,14,0,10,18,0,28,0,22,20,0,42,20,0,20,62
12/02/2005,SFF,WA,ANM,WE,Federal Contract Tower,0,6,6,0,12,0,4,3,0,7,0,10,9,0,19,12,0,12,31
12/03/2005,SFF,WA,ANM,WE,Federal Contract Tower,0,6,2,0,8,0,0,3,0,3,0,6,5,0,11,6,0,6,17
12/04/2005,SFF,WA,ANM,WE,Federal Contract Tower,0,10,12,0,22,0,3,9,0,12,0,13,21,0,34,6,0,6,40
12/05/2005,SFF,WA,ANM,WE,Federal Contract Tower,0,10,9,0,19,0,0,4,0,4,0,10,13,0,23,0,0,0,23
12/06/2005,SFF,WA,ANM,WE,Federal Contract Tower,0,13,9,0,22,0,20,74,0,94,0,33,83,0,116,81,0,81,197
12/07/2005,SFF,WA,ANM,WE,Federal Contract Tower,0,7,7,0,14,0,15,85,0,100,0,22,92,0,114,90,0,90,204
12/08/2005,SFF,WA,ANM,WE,Federal Contract Tower,0,7,17,0,24,0,12,94,0,106,0,19,111,0,130,146,0,146,276
12/09/2005,SFF,WA,ANM,WE,Federal Contract Tower,0,7,10,0,17,0,14,71,0,85,0,21,81,0,102,132,0,132,234
12/10/2005,SFF,WA,ANM,WE,Federal Contract Tower,0,4,15,0,19,0,16,63,0,79,0,20,78,0,98,104,0,104,202
12/11/2005,SFF,WA,ANM,WE,Federal Contract Tower,0,4,10,0,14,0,0,1,0,1,0,4,11,0,15,0,0,0,15
12/12/2005,SFF,WA,ANM,WE,Federal Contract Tower,0,13,6,0,19,0,0,2,0,2,0,13,8,0,21,10,0,10,31
12/13/2005,SFF,WA,ANM,WE,Federal Contract Tower,0,10,4,0,14,0,0,0,0,0,0,10,4,0,14,4,0,4,18
12/14/2005,SFF,WA,ANM,WE,Federal Contract Tower,0,9,8,0,17,0,4,5,0,9,0,13,13,0,26,18,0,18,44
12/15/2005,SFF,WA,ANM,WE,Federal Contract Tower,0,10,9,0,19,0,8,41,0,49,0,18,50,0,68,150,0,150,218
12/16/2005,SFF,WA,ANM,WE,Federal Contract Tower,0,5,15,0,20,0,0,3,0,3,0,5,18,0,23,20,0,20,43
12/17/2005,SFF,WA,ANM,WE,Federal Contract Tower,0,8,4,0,12,0,5,104,0,109,0,13,108,0,121,176,0,176,297
12/18/2005,SFF,WA,ANM,WE,Federal Contract Tower,0,0,6,0,6,0,4,73,0,77,0,4,79,0,83,28,0,28,111
12/19/2005,SFF,WA,ANM,WE,Federal Contract Tower,0,8,7,0,15,0,6,21,0,27,0,14,28,0,42,50,0,50,92
12/20/2005,SFF,WA,ANM,WE,Federal Contract Tower,0,9,3,0,12,0,7,21,0,28,0,16,24,0,40,86,0,86,126
12/21/2005,SFF,WA,ANM,WE,Federal Contract Tower,0,8,8,0,16,0,7,10,0,17,0,15,18,0,33,52,0,52,85
12/22/2005,SFF,WA,ANM,WE,Federal Contract Tower,0,16,12,0,28,0,4,15,0,19,0,20,27,0,47,64,0,64,111
12/23/2005,SFF,WA,ANM,WE,Federal Contract Tower,0,5,15,0,20,0,7,69,0,76,0,12,84,0,96,86,0,86,182
12/24/2005,SFF,WA,ANM,WE,Federal Contract Tower,0,2,5,0,7,0,9,71,0,80,0,11,76,0,87,58,0,58,145
12/25/2005,SFF,WA,ANM,WE,Federal Contract Tower,0,0,0,0,0,0,7,4,0,11,0,7,4,0,11,0,0,0,11
12/26/2005,SFF,WA,ANM,WE,Federal Contract Tower,0,3,5,0,8,0,3,20,0,23,0,6,25,0,31,28,0,28,59
12/27/2005,SFF,WA,ANM,WE,Federal Contract Tower,0,6,5,1,12,0,0,14,16,30,0,6,19,17,42,39,16,55,97
12/28/2005,SFF,WA,ANM,WE,Federal Contract Tower,0,13,11,0,24,0,1,0,0,1,0,14,11,0,25,47,0,47,72
12/29/2005,SFF,WA,ANM,WE,Federal Contract Tower,0,6,20,0,26,0,8,29,1,38,0,14,49,1,64,88,0,88,152
12/30/2005,SFF,WA,ANM,WE,Federal Contract Tower,0,10,8,0,18,0,3,11,0,14,0,13,19,0,32,51,0,51,83
12/31/2005,SFF,WA,ANM,WE,Federal Contract Tower,0,2,8,0,10,0,1,24,0,25,0,3,32,0,35,54,0,54,89
01/01/2006,SFF,WA,ANM,WE,Federal Contract Tower,0,2,2,0,4,0,0,46,0,46,0,2,48,0,50,38,0,38,88
01/02/2006,SFF,WA,ANM,WE,Federal Contract Tower,0,4,2,0,6,0,0,18,0,18,0,4,20,0,24,86,0,86,110
01/03/2006,SFF,WA,ANM,WE,Federal Contract Tower,0,9,11,0,20,0,8,40,0,48,0,17,51,0,68,128,0,128,196
01/04/2006,SFF,WA,ANM,WE,Federal Contract Tower,0,9,13,1,23,0,8,48,1,57,0,17,61,2,80,132,2,134,214
01/05/2006,SFF,WA,ANM,WE,Federal Contract Tower,0,6,10,0,16,0,10,93,0,103,0,16,103,0,119,90,0,90,209
01/06/2006,SFF,WA,ANM,WE,Federal Contract Tower,0,12,5,0,17,0,5,23,0,28,0,17,28,0,45,98,0,98,143
01/07/2006,SFF,WA,ANM,WE,Federal Contract Tower,0,5,5,0,10,0,0,2,0,2,0,5,7,0,12,0,0,0,12
01/08/2006,SFF,WA,ANM,WE,Federal Contract Tower,0,3,5,0,8,0,6,51,0,57,0,9,56,0,65,76,0,76,141
01/09/2006,SFF,WA,ANM,WE,Federal Contract Tower,0,7,9,0,16,0,2,9,0,11,0,9,18,0,27,30,0,30,57
01/10/2006,SFF,WA,ANM,WE,Federal Contract Tower,0,7,13,0,20,0,5,7,0,12,0,12,20,0,32,54,0,54,86
01/11/2006,SFF,WA,ANM,WE,Federal Contract Tower,0,10,5,0,15,0,11,28,0,39,0,21,33,0,54,82,0,82,136
01/12/2006,SFF,WA,ANM,WE,Federal Contract Tower,0,7,5,0,12,0,6,66,2,74,0,13,71,2,86,84,0,84,170
01/13/2006,SFF,WA,ANM,WE,Federal Contract Tower,0,3,8,0,11,0,1,21,0,22,0,4,29,0,33,52,0,52,85
01/14/2006,SFF,WA,ANM,WE,Federal Contract Tower,0,8,11,0,19,0,2,3,2,7,0,10,14,2,26,64,0,64,90
01/15/2006,SFF,WA,ANM,WE,Federal Contract Tower,0,1,8,0,9,0,15,98,0,113,0,16,106,0,122,110,0,110,232
01/16/2006,SFF,WA,ANM,WE,Federal Contract Tower,0,5,9,0,14,0,11,53,0,64,0,16,62,0,78,108,0,108,186
01/17/2006,SFF,WA,ANM,WE,Federal Contract Tower,0,5,10,1,16,0,2,10,0,12,0,7,20,1,28,14,0,14,42
01/18/2006,SFF,WA,ANM,WE,Federal Contract Tower,0,9,9,0,18,0,2,26,0,28,0,11,35,0,46,163,0,163,209
01/19/2006,SFF,WA,ANM,WE,Federal Contract Tower,0,6,8,0,14,0,3,10,0,13,0,9,18,0,27,54,2,56,83
01/20/2006,SFF,WA,ANM,WE,Federal Contract Tower,0,10,6,0,16,0,7,18,0,25,0,17,24,0,41,54,0,54,95
01/21/2006,SFF,WA,ANM,WE,Federal Contract Tower,0,6,7,0,13,0,10,37,0,47,0,16,44,0,60,184,0,184,244
01/22/2006,SFF,WA,ANM,WE,Federal Contract Tower,0,7,5,0,12,0,0,5,0,5,0,7,10,0,17,24,0,24,41
01/23/2006,SFF,WA,ANM,WE,Federal Contract Tower,0,3,8,0,11,0,7,100,0,107,0,10,108,0,118,148,0,148,266
01/24/2006,SFF,WA,ANM,WE,Federal Contract Tower,0,7,22,0,29,0,10,49,1,60,0,17,71,1,89,67,0,67,156
01/25/2006,SFF,WA,ANM,WE,Federal Contract Tower,0,32,24,0,56,0,2,10,0,12,0,34,34,0,68,46,0,46,114
01/26/2006,SFF,WA,ANM,WE,Federal Contract Tower,0,8,6,0,14,0,18,10,2,30,0,26,16,2,44,21,0,21,65
01/27/2006,SFF,WA,ANM,WE,Federal Contract Tower,0,5,6,0,11,0,7,16,0,23,0,12,22,0,34,82,0,82,116
01/28/2006,SFF,WA,ANM,WE,Federal Contract Tower,0,2,5,0,7,0,6,16,0,22,0,8,21,0,29,60,0,60,89
01/29/2006,SFF,WA,ANM,WE,Federal Contract Tower,0,3,4,0,7,0,10,58,0,68,0,13,62,0,75,104,0,104,179
01/30/2006,SFF,WA,ANM,WE,Federal Contract Tower,0,12,5,0,17,0,4,7,0,11,0,16,12,0,28,8,0,8,36
01/31/2006,SFF,WA,ANM,WE,Federal Contract Tower,0,7,9,0,16,0,6,40,2,48,0,13,49,2,64,126,1,127,191
02/01/2006,SFF,WA,ANM,WE,Federal Contract Tower,0,5,5,0,10,0,12,21,0,33,0,17,26,0,43,50,0,50,93
02/02/2006,SFF,WA,ANM,WE,Federal Contract Tower,0,7,6,0,13,0,18,33,0,51,0,25,39,0,64,124,0,124,188
02/03/2006,SFF,WA,ANM,WE,Federal Contract Tower,0,3,6,0,9,0,3,63,0,66,0,6,69,0,75,55,0,55,130
02/04/2006,SFF,WA,ANM,WE,Federal Contract Tower,0,5,1,0,6,0,7,13,0,20,0,12,14,0,26,16,0,16,42
02/05/2006,SFF,WA,ANM,WE,Federal Contract Tower,0,1,3,0,4,0,11,83,0,94,0,12,86,0,98,30,0,30,128
02/06/2006,SFF,WA,ANM,WE,Federal Contract Tower,0,2,8,0,10,0,21,76,0,97,0,23,84,0,107,76,0,76,183
02/07/2006,SFF,WA,ANM,WE,Federal Contract Tower,0,4,12,0,16,0,9,119,0,128,0,13,131,0,144,134,0,134,278
02/08/2006,SFF,WA,ANM,WE,Federal Contract Tower,0,8,13,0,21,0,10,71,0,81,0,18,84,0,102,121,2,123,225
02/09/2006,SFF,WA,ANM,WE,Federal Contract Tower,0,6,10,0,16,0,18,108,0,126,0,24,118,0,142,80,0,80,222
02/10/2006,SFF,WA,ANM,WE,Federal Contract Tower,0,5,9,0,14,0,19,116,0,135,0,24,125,0,149,114,0,114,263
02/11/2006,SFF,WA,ANM,WE,Federal Contract Tower,0,4,11,0,15,0,33,166,0,199,0,37,177,0,214,192,0,192,406
02/12/2006,SFF,WA,ANM,WE,Federal Contract Tower,0,0,9,0,9,0,15,119,0,134,0,15,128,0,143,166,0,166,309
02/13/2006,SFF,WA,ANM,WE,Federal Contract Tower,0,8,2,0,10,0,0,0,0,0,0,8,2,0,10,0,0,0,10
02/14/2006,SFF,WA,ANM,WE,Federal Contract Tower,0,5,2,0,7,0,14,42,0,56,0,19,44,0,63,50,0,50,113
02/15/2006,SFF,WA,ANM,WE,Federal Contract Tower,0,5,5,0,10,0,11,42,0,53,0,16,47,0,63,145,0,145,208
02/16/2006,SFF,WA,ANM,WE,Federal Contract Tower,0,13,9,1,23,0,13,9,1,23,0,26,18,2,46,2,0,2,48
02/17/2006,SFF,WA,ANM,WE,Federal Contract Tower,0,1,13,0,14,0,14,32,0,46,0,15,45,0,60,16,0,16,76
02/18/2006,SFF,WA,ANM,WE,Federal Contract Tower,0,2,1,0,3,0,12,75,0,87,0,14,76,0,90,161,0,161,251
02/19/2006,SFF,WA,ANM,WE,Federal Contract Tower,0,0,2,0,2,0,21,81,0,102,0,21,83,0,104,102,0,102,206
02/20/2006,SFF,WA,ANM,WE,Federal Contract Tower,0,1,9,0,10,0,16,55,0,71,0,17,64,0,81,104,0,104,185
02/21/2006,SFF,WA,ANM,WE,Federal Contract Tower,0,5,7,0,12,0,16,66,0,82,0,21,73,0,94,20,0,20,114
02/22/2006,SFF,WA,ANM,WE,Federal Contract Tower,0,5,8,0,13,0,11,61,0,72,0,16,69,0,85,50,0,50,135
02/23/2006,SFF,WA,ANM,WE,Federal Contract Tower,0,12,15,0,27,0,7,27,0,34,0,19,42,0,61,28,0,28,89
02/24/2006,SFF,WA,ANM,WE,Federal Contract Tower,0,6,8,0,14,0,19,68,2,89,0,25,76,2,103,117,0,117,220
02/25/2006,SFF,WA,ANM,WE,Federal Contract Tower,0,3,5,0,8,0,6,96,0,102,0,9,101,0,110,135,0,135,245
02/26/2006,SFF,WA,ANM,WE,Federal Contract Tower,0,4,9,0,13,0,7,45,0,52,0,11,54,0,65,44,0,44,109
02/27/2006,SFF,WA,ANM,WE,Federal Contract Tower,0,4,7,0,11,0,3,15,0,18,0,7,22,0,29,38,0,38,67
02/28/2006,SFF,WA,ANM,WE,Federal Contract Tower,0,8,5,0,13,0,7,11,0,18,0,15,16,0,31,14,0,14,45
03/01/2006,SFF,WA,ANM,WE,Federal Contract Tower,0,4,3,0,7,0,11,94,2,107,0,15,97,2,114,108,1,109,223
03/02/2006,SFF,WA,ANM,WE,Federal Contract Tower,0,6,11,0,17,0,10,27,0,37,0,16,38,0,54,53,0,53,107
03/03/2006,SFF,WA,ANM,WE,Federal Contract Tower,0,9,19,0,28,0,17,32,0,49,0,26,51,0,77,60,0,60,137
03/04/2006,SFF,WA,ANM,WE,Federal Contract Tower,0,6,9,0,15,0,9,63,0,72,0,15,72,0,87,64,0,64,151
03/05/2006,SFF,WA,ANM,WE,Federal Contract Tower,0,0,8,0,8,0,5,49,0,54,0,5,57,0,62,54,0,54,116
03/06/2006,SFF,WA,ANM,WE,Federal Contract Tower,0,6,5,0,11,0,10,11,1,22,0,16,16,1,33,12,0,12,45
03/07/2006,SFF,WA,ANM,WE,Federal Contract Tower,0,4,5,0,9,0,37,42,0,79,0,41,47,0,88,30,0,30,118
03/08/2006,SFF,WA,ANM,WE,Federal Contract Tower,0,12,13,0,25,0,1,6,0,7,0,13,19,0,32,6,0,6,38
03/09/2006,SFF,WA,ANM,WE,Federal Contract Tower,0,6,5,0,11,0,23,27,0,50,0,29,32,0,61,40,0,40,101
03/10/2006,SFF,WA,ANM,WE,Federal Contract Tower,0,8,17,0,25,0,18,25,0,43,0,26,42,0,68,76,0,76,144
03/11/2006,SFF,WA,ANM,WE,Federal Contract Tower,0,2,5,0,7,0,35,81,0,116,0,37,86,0,123,104,0,104,227
03/12/2006,SFF,WA,ANM,WE,Federal Contract Tower,0,1,7,0,8,0,18,97,0,115,0,19,104,0,123,78,0,78,201
03/13/2006,SFF,WA,ANM,WE,Federal Contract Tower,0,5,11,0,16,0,13,57,0,70,0,18,68,0,86,76,0,76,162
03/14/2006,SFF,WA,ANM,WE,Federal Contract Tower,0,7,8,0,15,0,0,10,0,10,0,7,18,0,25,22,0,22,47
03/15/2006,SFF,WA,ANM,WE,Federal Contract Tower,0,4,13,0,17,0,12,39,0,51,0,16,52,0,68,78,0,78,146
03/16/2006,SFF,WA,ANM,WE,Federal Contract Tower,0,12,24,0,36,0,6,51,0,57,0,18,75,0,93,84,0,84,177
03/17/2006,SFF,WA,ANM,WE,Federal Contract Tower,0,11,11,0,22,0,6,16,0,22,0,17,27,0,44,43,0,43,87
03/18/2006,SFF,WA,ANM,WE,Federal Contract Tower,0,6,9,0,15,0,2,17,0,19,0,8,26,0,34,102,0,102,136
03/19/2006,SFF,WA,ANM,WE,Federal Contract Tower,0,4,9,0,13,0,7,94,0,101,0,11,103,0,114,52,0,52,166
03/20/2006,SFF,WA,ANM,WE,Federal Contract Tower,0,5,10,0,15,0,12,62,0,74,0,17,72,0,89,64,0,64,153
03/21/2006,SFF,WA,ANM,WE,Federal Contract Tower,0,11,9,0,20,0,10,85,0,95,0,21,94,0,115,95,0,95,210
03/22/2006,SFF,WA,ANM,WE,Federal Contract Tower,0,7,12,0,19,0,14,65,0,79,0,21,77,0,98,116,0,116,214
03/23/2006,SFF,WA,ANM,WE,Federal Contract Tower,0,7,11,0,18,0,22,101,0,123,0,29,112,0,141,125,0,125,266
03/24/2006,SFF,WA,ANM,WE,Federal Contract Tower,0,7,15,0,22,0,13,36,0,49,0,20,51,0,71,70,0,70,141
03/25/2006,SFF,WA,ANM,WE,Federal Contract Tower,0,5,11,0,16,0,0,7,0,7,0,5,18,0,23,38,0,38,61
03/26/2006,SFF,WA,ANM,WE,Federal Contract Tower,0,3,9,0,12,0,8,61,0,69,0,11,70,0,81,26,0,26,107
03/27/2006,SFF,WA,ANM,WE,Federal Contract Tower,0,7,11,0,18,0,9,73,0,82,0,16,84,0,100,108,0,108,208
03/28/2006,SFF,WA,ANM,WE,Federal Contract Tower,0,16,5,0,21,0,12,71,0,83,0,28,76,0,104,80,0,80,184
03/29/2006,SFF,WA,ANM,WE,Federal Contract Tower,0,8,12,0,20,0,8,62,0,70,0,16,74,0,90,92,0,92,182
03/30/2006,SFF,WA,ANM,WE,Federal Contract Tower,0,8,17,0,25,0,7,112,0,119,0,15,129,0,144,127,0,127,271
03/31/2006,SFF,WA,ANM,WE,Federal Contract Tower,0,10,13,0,23,0,17,24,0,41,0,27,37,0,64,34,0,34,98
04/01/2006,SFF,WA,ANM,WE,Federal Contract Tower,0,10,3,2,15,0,3,17,0,20,0,13,20,2,35,7,0,7,42
04/02/2006,SFF,WA,ANM,WE,Federal Contract Tower,0,0,3,0,3,0,1,89,0,90,0,1,92,0,93,79,0,79,172
04/03/2006,SFF,WA,ANM,WE,Federal Contract Tower,0,8,7,0,15,0,9,47,5,61,0,17,54,5,76,37,0,37,113
04/04/2006,SFF,WA,ANM,WE,Federal Contract Tower,0,9,4,0,13,0,0,6,0,6,0,9,10,0,19,52,0,52,71
04/05/2006,SFF,WA,ANM,WE,Federal Contract Tower,0,10,6,0,16,0,4,40,0,44,0,14,46,0,60,50,0,50,110
04/06/2006,SFF,WA,ANM,WE,Federal Contract Tower,0,6,10,0,16,0,10,67,0,77,0,16,77,0,93,92,0,92,185
04/07/2006,SFF,WA,ANM,WE,Federal Contract Tower,0,4,8,0,12,0,15,115,0,130,0,19,123,0,142,221,0,221,363
04/08/2006,SFF,WA,ANM,WE,Federal Contract Tower,0,4,6,0,10,0,6,46,0,52,0,10,52,0,62,48,0,48,110
04/09/2006,SFF,WA,ANM,WE,Federal Contract Tower,0,3,5,0,8,0,8,32,0,40,0,11,37,0,48,46,0,46,94
04/10/2006,SFF,WA,ANM,WE,Federal Contract Tower,0,4,14,0,18,0,11,5,0,16,0,15,19,0,34,32,0,32,66
04/11/2006,SFF,WA,ANM,WE,Federal Contract Tower,0,5,21,0,26,0,12,53,0,65,0,17,74,0,91,118,0,118,209
04/12/2006,SFF,WA,ANM,WE,Federal Contract Tower,0,7,7,0,14,0,0,42,0,42,0,7,49,0,56,36,0,36,92
04/13/2006,SFF,WA,ANM,WE,Federal Contract Tower,0,4,7,0,11,0,11,53,0,64,0,15,60,0,75,76,0,76,151
04/14/2006,SFF,WA,ANM,WE,Federal Contract Tower,0,7,12,0,19,0,15,50,0,65,0,22,62,0,84,55,0,55,139
04/15/2006,SFF,WA,ANM,WE,Federal Contract Tower,0,4,2,0,6,0,11,13,0,24,0,15,15,0,30,47,0,47,77
04/16/2006,SFF,WA,ANM,WE,Federal Contract Tower,0,0,3,0,3,0,3,58,0,61,0,3,61,0,64,29,0,29,93
04/17/2006,SFF,WA,ANM,WE,Federal Contract Tower,0,15,10,0,25,0,8,56,0,64,0,23,66,0,89,72,0,72,161
04/18/2006,SFF,WA,ANM,WE,Federal Contract Tower,0,7,16,0,23,0,7,75,0,82,0,14,91,0,105,82,4,86,191
04/19/2006,SFF,WA,ANM,WE,Federal Contract Tower,0,11,12,0,23,0,12,163,0,175,0,23,175,0,198,124,0,124,322
04/20/2006,SFF,WA,ANM,WE,Federal Contract Tower,0,7,5,1,13,0,12,86,3,101,0,19,91,4,114,92,2,94,208
04/21/2006,SFF,WA,ANM,WE,Federal Contract Tower,0,10,11,0,21,0,14,70,2,86,0,24,81,2,107,122,0,122,229
04/22/2006,SFF,WA,ANM,WE,Federal Contract Tower,0,2,2,0,4,0,6,113,0,119,0,8,115,0,123,87,0,87,210
04/23/2006,SFF,WA,ANM,WE,Federal Contract Tower,0,1,3,0,4,0,11,80,0,91,0,12,83,0,95,77,0,77,172
04/24/2006,SFF,WA,ANM,WE,Federal Contract Tower,0,6,3,0,9,0,16,63,0,79,0,22,66,0,88,120,0,120,208
04/25/2006,SFF,WA,ANM,WE,Federal Contract Tower,0,8,8,0,16,0,13,106,0,119,0,21,114,0,135,92,0,92,227
04/26/2006,SFF,WA,ANM,WE,Federal Contract Tower,0,5,7,0,12,0,12,85,0,97,0,17,92,0,109,94,0,94,203
04/27/2006,SFF,WA,ANM,WE,Federal Contract Tower,0,9,18,0,27,0,5,71,0,76,0,14,89,0,103,134,0,134,237
04/28/2006,SFF,WA,ANM,WE,Federal Contract Tower,0,8,8,0,16,0,11,105,1,117,0,19,113,1,133,166,0,166,299
04/29/2006,SFF,WA,ANM,WE,Federal Contract Tower,0,4,8,0,12,0,7,96,0,103,0,11,104,0,115,99,0,99,214
04/30/2006,SFF,WA,ANM,WE,Federal Contract Tower,0,2,9,0,11,0,4,80,0,84,0,6,89,0,95,50,0,50,145
05/01/2006,SFF,WA,ANM,WE,Federal Contract Tower,0,10,9,0,19,0,8,43,2,53,0,18,52,2,72,120,1,121,193
05/02/2006,SFF,WA,ANM,WE,Federal Contract Tower,0,5,9,0,14,0,11,85,0,96,0,16,94,0,110,86,0,86,196
05/03/2006,SFF,WA,ANM,WE,Federal Contract Tower,0,11,6,0,17,0,21,71,0,92,0,32,77,0,109,152,0,152,261
05/04/2006,SFF,WA,ANM,WE,Federal Contract Tower,0,8,22,1,31,0,12,109,0,121,0,20,131,1,152,170,0,170,322
05/05/2006,SFF,WA,ANM,WE,Federal Contract Tower,0,5,15,0,20,0,10,143,1,154,0,15,158,1,174,208,1,209,383
05/06/2006,SFF,WA,ANM,WE,Federal Contract Tower,0,4,5,0,9,0,11,79,0,90,0,15,84,0,99,76,0,76,175
05/07/2006,SFF,WA,ANM,WE,Federal Contract Tower,0,5,5,0,10,0,3,29,0,32,0,8,34,0,42,104,0,104,146
05/08/2006,SFF,WA,ANM,WE,Federal Contract Tower,0,13,7,0,20,0,10,42,0,52,0,23,49,0,72,54,0,54,126
05/09/2006,SFF,WA,ANM,WE,Federal Contract Tower,0,13,7,0,20,0,1,102,0,103,0,14,109,0,123,106,0,106,229
05/10/2006,SFF,WA,ANM,WE,Federal Contract Tower,0,5,7,0,12,0,9,85,0,94,0,14,92,0,106,142,0,142,248
05/11/2006,SFF,WA,ANM,WE,Federal Contract Tower,0,8,16,0,24,0,29,80,2,111,0,37,96,2,135,156,0,156,291
05/12/2006,SFF,WA,ANM,WE,Federal Contract Tower,0,6,18,0,24,0,8,52,0,60,0,14,70,0,84,14,0,14,98
05/13/2006,SFF,WA,ANM,WE,Federal Contract Tower,0,5,10,0,15,0,8,174,0,182,0,13,184,0,197,102,0,102,299
05/14/2006,SFF,WA,ANM,WE,Federal Contract Tower,0,1,10,0,11,0,10,118,0,128,0,11,128,0,139,91,0,91,230
05/15/2006,SFF,WA,ANM,WE,Federal Contract Tower,0,4,8,0,12,0,11,94,0,105,0,15,102,0,117,130,0,130,247
05/16/2006,SFF,WA,ANM,WE,Federal Contract Tower,0,6,13,0,19,0,14,89,0,103,0,20,102,0,122,209,0,209,331
05/17/2006,SFF,WA,ANM,WE,Federal Contract Tower,0,6,11,0,17,0,12,83,0,95,0,18,94,0,112,124,0,124,236
05/18/2006,SFF,WA,ANM,WE,Federal Contract Tower,0,7,8,0,15,0,19,83,0,102,0,26,91,0,117,86,0,86,203
05/19/2006,SFF,WA,ANM,WE,Federal Contract Tower,0,5,11,0,16,0,17,73,0,90,0,22,84,0,106,152,0,152,258
05/20/2006,SFF,WA,ANM,WE,Federal Contract Tower,0,3,7,0,10,0,2,20,0,22,0,5,27,0,32,8,0,8,40
05/21/2006,SFF,WA,ANM,WE,Federal Contract Tower,0,1,7,0,8,0,8,84,0,92,0,9,91,0,100,110,0,110,210
05/22/2006,SFF,WA,ANM,WE,Federal Contract Tower,0,9,11,0,20,0,13,46,0,59,0,22,57,0,79,117,0,117,196
05/23/2006,SFF,WA,ANM,WE,Federal Contract Tower,0,5,18,0,23,0,9,95,0,104,0,14,113,0,127,109,0,109,236
05/24/2006,SFF,WA,ANM,WE,Federal Contract Tower,0,7,22,0,29,0,10,72,0,82,0,17,94,0,111,88,0,88,199
05/25/2006,SFF,WA,ANM,WE,Federal Contract Tower,0,16,16,0,32,0,16,61,0,77,0,32,77,0,109,254,0,254,363
05/26/2006,SFF,WA,ANM,WE,Federal Contract Tower,0,12,16,0,28,0,5,38,0,43,0,17,54,0,71,0,72,72,143
05/27/2006,SFF,WA,ANM,WE,Federal Contract Tower,0,5,3,0,8,0,7,80,0,87,0,12,83,0,95,76,0,76,171
05/28/2006,SFF,WA,ANM,WE,Federal Contract Tower,0,7,6,0,13,0,6,16,0,22,0,13,22,0,35,17,0,17,52
05/29/2006,SFF,WA,ANM,WE,Federal Contract Tower,0,4,8,0,12,0,21,49,0,70,0,25,57,0,82,64,0,64,146
05/30/2006,SFF,WA,ANM,WE,Federal Contract Tower,0,4,12,0,16,0,27,75,0,102,0,31,87,0,118,62,0,62,180
05/31/2006,SFF,WA,ANM,WE,Federal Contract Tower,0,8,8,0,16,0,13,95,0,108,0,21,103,0,124,94,0,94,218
06/01/2006,SFF,WA,ANM,WE,Federal Contract Tower,0,7,10,0,17,0,21,120,0,141,0,28,130,0,158,98,0,98,256
06/02/2006,SFF,WA,ANM,WE,Federal Contract Tower,0,7,7,0,14,0,12,58,0,70,0,19,65,0,84,42,0,42,126
06/03/2006,SFF,WA,ANM,WE,Federal Contract Tower,0,4,7,0,11,0,3,129,0,132,0,7,136,0,143,70,0,70,213
06/04/2006,SFF,WA,ANM,WE,Federal Contract Tower,0,2,4,0,6,0,1,26,0,27,0,3,30,0,33,15,0,15,48
06/05/2006,SFF,WA,ANM,WE,Federal Contract Tower,0,9,23,0,32,0,13,77,2,92,0,22,100,2,124,91,0,91,215
06/06/2006,SFF,WA,ANM,WE,Federal Contract Tower,0,7,14,2,23,0,10,96,2,108,0,17,110,4,131,78,0,78,209
06/07/2006,SFF,WA,ANM,WE,Federal Contract Tower,0,7,21,0,28,0,5,74,0,79,0,12,95,0,107,112,0,112,219
06/08/2006,SFF,WA,ANM,WE,Federal Contract Tower,0,12,44,0,56,0,12,61,4,77,0,24,105,4,133,90,0,90,223
06/09/2006,SFF,WA,ANM,WE,Federal Contract Tower,0,6,22,0,28,0,16,83,0,99,0,22,105,0,127,124,0,124,251
06/10/2006,SFF,WA,ANM,WE,Federal Contract Tower,0,8,63,0,71,0,0,26,0,26,0,8,89,0,97,54,0,54,151
06/11/2006,SFF,WA,ANM,WE,Federal Contract Tower,0,1,30,0,31,0,10,137,0,147,0,11,167,0,178,53,0,53,231
06/12/2006,SFF,WA,ANM,WE,Federal Contract Tower,0,9,16,0,25,0,6,58,0,64,0,15,74,0,89,22,0,22,111
06/13/2006,SFF,WA,ANM,WE,Federal Contract Tower,0,7,14,1,22,0,4,28,1,33,0,11,42,2,55,102,0,102,157
06/14/2006,SFF,WA,ANM,WE,Federal Contract Tower,0,7,18,0,25,0,4,4,0,8,0,11,22,0,33,18,0,18,51
06/15/2006,SFF,WA,ANM,WE,Federal Contract Tower,0,8,18,0,26,0,9,63,1,73,0,17,81,1,99,30,0,30,129
06/16/2006,SFF,WA,ANM,WE,Federal Contract Tower,0,9,13,0,22,0,9,71,0,80,0,18,84,0,102,64,0,64,166
06/17/2006,SFF,WA,ANM,WE,Federal Contract Tower,0,2,20,0,22,0,11,117,0,128,0,13,137,0,150,73,0,73,223
06/18/2006,SFF,WA,ANM,WE,Federal Contract Tower,0,0,3,0,3,0,9,151,0,160,0,9,154,0,163,28,0,28,191
06/19/2006,SFF,WA,ANM,WE,Federal Contract Tower,0,9,10,0,19,0,10,51,2,63,0,19,61,2,82,71,0,71,153
06/20/2006,SFF,WA,ANM,WE,Federal Contract Tower,0,4,10,0,14,0,18,100,0,118,0,22,110,0,132,102,0,102,234
06/21/2006,SFF,WA,ANM,WE,Federal Contract Tower,0,7,20,0,27,0,9,100,0,109,0,16,120,0,136,158,0,158,294
06/22/2006,SFF,WA,ANM,WE,Federal Contract Tower,0,8,13,0,21,0,16,118,0,134,0,24,131,0,155,74,0,74,229
06/23/2006,SFF,WA,ANM,WE,Federal Contract Tower,0,4,16,0,20,0,16,125,0,141,0,20,141,0,161,136,0,136,297
06/24/2006,SFF,WA,ANM,WE,Federal Contract Tower,0,4,10,0,14,0,8,176,0,184,0,12,186,0,198,64,0,64,262
06/25/2006,SFF,WA,ANM,WE,Federal Contract Tower,0,0,6,0,6,0,4,116,0,120,0,4,122,0,126,60,0,60,186
06/26/2006,SFF,WA,ANM,WE,Federal Contract Tower,0,5,7,0,12,0,18,72,0,90,0,23,79,0,102,48,0,48,150
06/27/2006,SFF,WA,ANM,WE,Federal Contract Tower,0,3,16,0,19,0,24,100,0,124,0,27,116,0,143,64,0,64,207
06/28/2006,SFF,WA,ANM,WE,Federal Contract Tower,0,10,14,0,24,0,16,117,0,133,0,26,131,0,157,62,0,62,219
06/29/2006,SFF,WA,ANM,WE,Federal Contract Tower,0,8,14,0,22,0,18,151,2,171,0,26,165,2,193,135,0,135,328
06/30/2006,SFF,WA,ANM,WE,Federal Contract Tower,0,5,18,0,23,0,22,161,0,183,0,27,179,0,206,142,0,142,348
07/01/2006,SFF,WA,ANM,WE,Federal Contract Tower,0,2,9,0,11,0,16,112,0,128,0,18,121,0,139,92,0,92,231
07/02/2006,SFF,WA,ANM,WE,Federal Contract Tower,0,3,6,0,9,0,11,77,0,88,0,14,83,0,97,32,0,32,129
07/03/2006,SFF,WA,ANM,WE,Federal Contract Tower,0,4,8,0,12,0,24,117,0,141,0,28,125,0,153,40,0,40,193
07/04/2006,SFF,WA,ANM,WE,Federal Contract Tower,0,1,8,0,9,0,11,75,2,88,0,12,83,2,97,49,0,49,146
07/05/2006,SFF,WA,ANM,WE,Federal Contract Tower,0,6,11,0,17,0,23,116,0,139,0,29,127,0,156,89,0,89,245
07/06/2006,SFF,WA,ANM,WE,Federal Contract Tower,0,9,6,0,15,0,19,97,1,117,0,28,103,1,132,93,0,93,225
07/07/2006,SFF,WA,ANM,WE,Federal Contract Tower,0,7,12,0,19,0,19,152,1,172,0,26,164,1,191,85,0,85,276
07/08/2006,SFF,WA,ANM,WE,Federal Contract Tower,0,2,4,1,7,0,13,107,1,121,0,15,111,2,128,92,0,92,220
07/09/2006,SFF,WA,ANM,WE,Federal Contract Tower,0,1,8,0,9,0,6,111,1,118,0,7,119,1,127,32,0,32,159
07/10/2006,SFF,WA,ANM,WE,Federal Contract Tower,0,7,6,0,13,0,9,68,0,77,0,16,74,0,90,44,0,44,134
07/11/2006,SFF,WA,ANM,WE,Federal Contract Tower,0,8,11,0,19,0,4,134,0,138,0,12,145,0,157,141,0,141,298
07/12/2006,SFF,WA,ANM,WE,Federal Contract Tower,0,7,5,0,12,0,20,74,0,94,0,27,79,0,106,224,0,224,330
07/13/2006,SFF,WA,ANM,WE,Federal Contract Tower,0,9,20,0,29,0,25,87,0,112,0,34,107,0,141,283,0,283,424
07/14/2006,SFF,WA,ANM,WE,Federal Contract Tower,0,5,17,0,22,0,17,95,0,112,0,22,112,0,134,202,0,202,336
07/15/2006,SFF,WA,ANM,WE,Federal Contract Tower,0,3,1,0,4,0,20,170,0,190,0,23,171,0,194,74,0,74,268
07/16/2006,SFF,WA,ANM,WE,Federal Contract Tower,0,0,2,0,2,0,15,84,0,99,0,15,86,0,101,76,0,76,177
07/17/2006,SFF,WA,ANM,WE,Federal Contract Tower,0,10,4,0,14,0,9,101,0,110,0,19,105,0,124,190,0,190,314
07/18/2006,SFF,WA,ANM,WE,Federal Contract Tower,0,7,15,0,22,0,14,125,0,139,0,21,140,0,161,150,0,150,311
07/19/2006,SFF,WA,ANM,WE,Federal Contract Tower,0,6,6,0,12,0,21,118,0,139,0,27,124,0,151,299,0,299,450
07/20/2006,SFF,WA,ANM,WE,Federal Contract Tower,0,3,15,0,18,0,19,108,0,127,0,22,123,0,145,248,0,248,393
07/21/2006,SFF,WA,ANM,WE,Federal Contract Tower,0,2,12,0,14,0,20,110,0,130,0,22,122,0,144,105,0,105,249
07/22/2006,SFF,WA,ANM,WE,Federal Contract Tower,0,6,7,0,13,0,17,127,0,144,0,23,134,0,157,82,0,82,239
07/23/2006,SFF,WA,ANM,WE,Federal Contract Tower,0,2,12,0,14,0,16,86,0,102,0,18,98,0,116,60,0,60,176
07/24/2006,SFF,WA,ANM,WE,Federal Contract Tower,0,4,5,0,9,0,28,102,0,130,0,32,107,0,139,128,0,128,267
07/25/2006,SFF,WA,ANM,WE,Federal Contract Tower,0,8,11,0,19,0,13,97,0,110,0,21,108,0,129,104,0,104,233
07/26/2006,SFF,WA,ANM,WE,Federal Contract Tower,0,5,13,0,18,0,18,127,2,147,0,23,140,2,165,106,0,106,271
07/27/2006,SFF,WA,ANM,WE,Federal Contract Tower,0,6,7,0,13,0,29,123,2,154,0,35,130,2,167,72,0,72,239
07/28/2006,SFF,WA,ANM,WE,Federal Contract Tower,0,7,11,0,18,0,24,112,2,138,0,31,123,2,156,92,0,92,248
07/29/2006,SFF,WA,ANM,WE,Federal Contract Tower,0,5,16,0,21,0,23,95,0,118,0,28,111,0,139,34,0,34,173
07/30/2006,SFF,WA,ANM,WE,Federal Contract Tower,0,0,7,0,7,0,22,51,0,73,0,22,58,0,80,32,0,32,112
07/31/2006,SFF,WA,ANM,WE,Federal Contract Tower,0,3,7,0,10,0,16,174,2,192,0,19,181,2,202,128,2,130,332
08/01/2006,SFF,WA,ANM,WE,Federal Contract Tower,0,7,7,0,14,0,10,191,0,201,0,17,198,0,215,174,0,174,389
08/02/2006,SFF,WA,ANM,WE,Federal Contract Tower,0,6,7,0,13,0,9,159,0,168,0,15,166,0,181,113,0,113,294
08/03/2006,SFF,WA,ANM,WE,Federal Contract Tower,0,8,8,0,16,0,13,110,0,123,0,21,118,0,139,212,0,212,351
08/04/2006,SFF,WA,ANM,WE,Federal Contract Tower,0,6,12,0,18,0,10,120,2,132,0,16,132,2,150,116,0,116,266
08/05/2006,SFF,WA,ANM,WE,Federal Contract Tower,0,4,9,2,15,0,16,126,2,144,0,20,135,4,159,88,0,88,247
08/06/2006,SFF,WA,ANM,WE,Federal Contract Tower,0,0,7,0,7,0,7,55,0,62,0,7,62,0,69,38,0,38,107
08/07/2006,SFF,WA,ANM,WE,Federal Contract Tower,0,5,14,0,19,0,10,134,0,144,0,15,148,0,163,124,0,124,287
08/08/2006,SFF,WA,ANM,WE,Federal Contract Tower,0,4,6,0,10,0,13,134,0,147,0,17,140,0,157,110,0,110,267
08/09/2006,SFF,WA,ANM,WE,Federal Contract Tower,0,6,9,0,15,0,32,189,0,221,0,38,198,0,236,67,0,67,303
08/10/2006,SFF,WA,ANM,WE,Federal Contract Tower,0,4,15,0,19,0,10,100,0,110,0,14,115,0,129,92,0,92,221
08/11/2006,SFF,WA,ANM,WE,Federal Contract Tower,0,7,12,0,19,0,19,87,0,106,0,26,99,0,125,112,0,112,237
08/12/2006,SFF,WA,ANM,WE,Federal Contract Tower,0,2,7,0,9,0,16,134,0,150,0,18,141,0,159,46,0,46,205
08/13/2006,SFF,WA,ANM,WE,Federal Contract Tower,0,1,13,0,14,0,13,106,0,119,0,14,119,0,133,56,0,56,189
08/14/2006,SFF,WA,ANM,WE,Federal Contract Tower,0,7,9,0,16,0,15,115,0,130,0,22,124,0,146,162,0,162,308
08/15/2006,SFF,WA,ANM,WE,Federal Contract Tower,0,6,11,0,17,0,14,124,0,138,0,20,135,0,155,168,0,168,323
08/16/2006,SFF,WA,ANM,WE,Federal Contract Tower,0,8,7,0,15,0,15,94,0,109,0,23,101,0,124,70,0,70,194
08/17/2006,SFF,WA,ANM,WE,Federal Contract Tower,0,7,16,0,23,0,11,128,0,139,0,18,144,0,162,94,9,103,265
08/18/2006,SFF,WA,ANM,WE,Federal Contract Tower,0,6,3,0,9,0,21,146,0,167,0,27,149,0,176,127,0,127,303
08/19/2006,SFF,WA,ANM,WE,Federal Contract Tower,0,2,5,0,7,0,10,126,2,138,0,12,131,2,145,0,16,16,161
08/20/2006,SFF,WA,ANM,WE,Federal Contract Tower,0,1,7,0,8,0,9,115,0,124,0,10,122,0,132,42,0,42,174
08/21/2006,SFF,WA,ANM,WE,Federal Contract Tower,0,9,6,0,15,0,14,107,0,121,0,23,113,0,136,135,0,135,271
08/22/2006,SFF,WA,ANM,WE,Federal Contract Tower,0,6,10,0,16,0,15,92,0,107,0,21,102,0,123,62,0,62,185
08/23/2006,SFF,WA,ANM,WE,Federal Contract Tower,0,7,5,0,12,0,16,87,0,103,0,23,92,0,115,162,0,162,277
08/24/2006,SFF,WA,ANM,WE,Federal Contract Tower,0,5,10,0,15,0,17,100,5,122,0,22,110,5,137,204,0,204,341
08/25/2006,SFF,WA,ANM,WE,Federal Contract Tower,0,6,7,0,13,0,27,105,2,134,0,33,112,2,147,166,0,166,313
08/26/2006,SFF,WA,ANM,WE,Federal Contract Tower,0,3,2,0,5,0,21,129,0,150,0,24,131,0,155,22,0,22,177
08/27/2006,SFF,WA,ANM,WE,Federal Contract Tower,0,2,11,0,13,0,17,113,0,130,0,19,124,0,143,29,0,29,172
08/28/2006,SFF,WA,ANM,WE,Federal Contract Tower,0,7,7,0,14,0,16,97,0,113,0,23,104,0,127,96,0,96,223
08/29/2006,SFF,WA,ANM,WE,Federal Contract Tower,0,10,7,0,17,0,16,77,0,93,0,26,84,0,110,106,0,106,216
08/30/2006,SFF,WA,ANM,WE,Federal Contract Tower,0,8,6,0,14,0,8,66,0,74,0,16,72,0,88,53,0,53,141
08/31/2006,SFF,WA,ANM,WE,Federal Contract Tower,0,5,7,0,12,0,35,142,0,177,0,40,149,0,189,170,0,170,359
09/01/2006,SFF,WA,ANM,WE,Federal Contract Tower,0,3,10,0,13,0,43,111,0,154,0,46,121,0,167,82,0,82,249
09/02/2006,SFF,WA,ANM,WE,Federal Contract Tower,0,3,1,0,4,0,12,102,9,123,0,15,103,9,127,24,0,24,151
09/03/2006,SFF,WA,ANM,WE,Federal Contract Tower,0,4,0,0,4,0,14,61,0,75,0,18,61,0,79,17,0,17,96
09/04/2006,SFF,WA,ANM,WE,Federal Contract Tower,0,0,8,0,8,0,19,76,0,95,0,19,84,0,103,12,0,12,115
09/05/2006,SFF,WA,ANM,WE,Federal Contract Tower,0,7,11,0,18,0,15,63,0,78,0,22,74,0,96,68,0,68,164
09/06/2006,SFF,WA,ANM,WE,Federal Contract Tower,0,10,12,0,22,0,8,101,0,109,0,18,113,0,131,190,0,190,321
09/07/2006,SFF,WA,ANM,WE,Federal Contract Tower,0,7,12,0,19,0,6,86,0,92,0,13,98,0,111,97,0,97,208
09/08/2006,SFF,WA,ANM,WE,Federal Contract Tower,0,6,12,0,18,0,24,81,0,105,0,30,93,0,123,63,0,63,186
09/09/2006,SFF,WA,ANM,WE,Federal Contract Tower,0,3,3,0,6,0,3,55,2,60,0,6,58,2,66,23,0,23,89
09/10/2006,SFF,WA,ANM,WE,Federal Contract Tower,0,2,5,0,7,0,6,78,0,84,0,8,83,0,91,64,0,64,155
09/11/2006,SFF,WA,ANM,WE,Federal Contract Tower,0,4,8,0,12,0,12,89,0,101,0,16,97,0,113,134,0,134,247
09/12/2006,SFF,WA,ANM,WE,Federal Contract Tower,0,8,14,0,22,0,9,90,0,99,0,17,104,0,121,132,0,132,253
09/13/2006,SFF,WA,ANM,WE,Federal Contract Tower,0,5,8,0,13,0,14,107,0,121,0,19,115,0,134,100,0,100,234
09/14/2006,SFF,WA,ANM,WE,Federal Contract Tower,0,13,7,0,20,0,12,46,4,62,0,25,53,4,82,140,0,140,222
09/15/2006,SFF,WA,ANM,WE,Federal Contract Tower,0,11,7,0,18,0,14,111,1,126,0,25,118,1,144,127,0,127,271
09/16/2006,SFF,WA,ANM,WE,Federal Contract Tower,0,5,3,0,8,0,12,130,0,142,0,17,133,0,150,94,0,94,244
09/17/2006,SFF,WA,ANM,WE,Federal Contract Tower,0,2,0,0,2,0,0,91,0,91,0,2,91,0,93,48,0,48,141
09/18/2006,SFF,WA,ANM,WE,Federal Contract Tower,0,5,13,0,18,0,12,53,0,65,0,17,66,0,83,64,0,64,147
09/19/2006,SFF,WA,ANM,WE,Federal Contract Tower,0,11,7,0,18,0,2,21,0,23,0,13,28,0,41,55,0,55,96
09/20/2006,SFF,WA,ANM,WE,Federal Contract Tower,0,4,9,0,13,0,11,61,0,72,0,15,70,0,85,98,0,98,183
09/21/2006,SFF,WA,ANM,WE,Federal Contract Tower,0,9,8,0,17,0,9,49,11,69,0,18,57,11,86,240,0,240,326
09/22/2006,SFF,WA,ANM,WE,Federal Contract Tower,0,4,7,0,11,0,22,135,3,160,0,26,142,3,171,198,0,198,369
09/23/2006,SFF,WA,ANM,WE,Federal Contract Tower,0,8,11,0,19,0,12,115,0,127,0,20,126,0,146,60,0,60,206
09/24/2006,SFF,WA,ANM,WE,Federal Contract Tower,0,1,5,0,6,0,13,119,0,132,0,14,124,0,138,84,0,84,222
09/25/2006,SFF,WA,ANM,WE,Federal Contract Tower,0,11,7,0,18,0,17,89,0,106,0,28,96,0,124,87,0,87,211
09/26/2006,SFF,WA,ANM,WE,Federal Contract Tower,0,13,4,0,17,0,13,88,0,101,0,26,92,0,118,58,0,58,176
09/27/2006,SFF,WA,ANM,WE,Federal Contract Tower,0,5,15,0,20,0,32,105,0,137,0,37,120,0,157,88,0,88,245
09/28/2006,SFF,WA,ANM,WE,Federal Contract Tower,0,6,14,0,20,0,22,138,0,160,0,28,152,0,180,116,0,116,296
09/29/2006,SFF,WA,ANM,WE,Federal Contract Tower,0,9,7,0,16,0,6,111,0,117,0,15,118,0,133,49,0,49,182
09/30/2006,SFF,WA,ANM,WE,Federal Contract Tower,0,4,3,0,7,0,19,240,2,261,0,23,243,2,268,54,2,56,324
10/01/2006,SFF,WA,ANM,WE,Federal Contract Tower,0,0,6,0,6,0,8,88,0,96,0,8,94,0,102,34,0,34,136
10/02/2006,SFF,WA,ANM,WE,Federal Contract Tower,0,6,12,0,18,0,18,91,0,109,0,24,103,0,127,94,0,94,221
10/03/2006,SFF,WA,ANM,WE,Federal Contract Tower,0,10,11,0,21,0,16,94,0,110,0,26,105,0,131,148,0,148,279
10/04/2006,SFF,WA,ANM,WE,Federal Contract Tower,0,12,5,0,17,0,10,88,0,98,0,22,93,0,115,86,0,86,201
10/05/2006,SFF,WA,ANM,WE,Federal Contract Tower,0,3,10,0,13,0,16,78,2,96,0,19,88,2,109,126,0,126,235
10/06/2006,SFF,WA,ANM,WE,Federal Contract Tower,0,6,17,0,23,0,19,101,0,120,0,25,118,0,143,169,0,169,312
10/07/2006,SFF,WA,ANM,WE,Federal Contract Tower,0,4,6,0,10,0,13,104,0,117,0,17,110,0,127,43,0,43,170
10/08/2006,SFF,WA,ANM,WE,Federal Contract Tower,0,7,2,0,9,0,15,80,0,95,0,22,82,0,104,46,0,46,150
10/09/2006,SFF,WA,ANM,WE,Federal Contract Tower,0,0,4,0,4,0,20,107,0,127,0,20,111,0,131,132,0,132,263
10/10/2006,SFF,WA,ANM,WE,Federal Contract Tower,0,7,4,0,11,0,17,111,0,128,0,24,115,0,139,198,0,198,337
10/11/2006,SFF,WA,ANM,WE,Federal Contract Tower,0,8,11,0,19,0,17,110,0,127,0,25,121,0,146,185,0,185,331
10/12/2006,SFF,WA,ANM,WE,Federal Contract Tower,0,6,14,0,20,0,25,153,2,180,0,31,167,2,200,242,0,242,442
10/13/2006,SFF,WA,ANM,WE,Federal Contract Tower,0,5,7,0,12,0,12,154,0,166,0,17,161,0,178,161,0,161,339
10/14/2006,SFF,WA,ANM,WE,Federal Contract Tower,0,5,7,0,12,0,20,146,0,166,0,25,153,0,178,65,0,65,243
10/15/2006,SFF,WA,ANM,WE,Federal Contract Tower,0,5,6,0,11,0,6,16,0,22,0,11,22,0,33,15,0,15,48
10/16/2006,SFF,WA,ANM,WE,Federal Contract Tower,0,11,3,0,14,0,6,23,0,29,0,17,26,0,43,144,0,144,187
10/17/2006,SFF,WA,ANM,WE,Federal Contract Tower,0,9,10,0,19,0,10,109,0,119,0,19,119,0,138,266,0,266,404
10/18/2006,SFF,WA,ANM,WE,Federal Contract Tower,0,5,18,0,23,0,11,68,0,79,0,16,86,0,102,196,0,196,298
10/19/2006,SFF,WA,ANM,WE,Federal Contract Tower,0,20,31,0,51,0,5,16,0,21,0,25,47,0,72,38,0,38,110
10/20/2006,SFF,WA,ANM,WE,Federal Contract Tower,0,2,13,0,15,0,20,122,0,142,0,22,135,0,157,114,0,114,271
10/21/2006,SFF,WA,ANM,WE,Federal Contract Tower,0,3,14,0,17,0,15,131,0,146,0,18,145,0,163,36,0,36,199
10/22/2006,SFF,WA,ANM,WE,Federal Contract Tower,0,2,5,0,7,0,15,131,0,146,0,17,136,0,153,90,0,90,243
10/23/2006,SFF,WA,ANM,WE,Federal Contract Tower,0,3,8,0,11,0,19,74,0,93,0,22,82,0,104,178,0,178,282
10/24/2006,SFF,WA,ANM,WE,Federal Contract Tower,0,9,8,2,19,0,25,34,0,59,0,34,42,2,78,74,0,74,152
10/25/2006,SFF,WA,ANM,WE,Federal Contract Tower,0,4,10,0,14,0,22,84,0,106,0,26,94,0,120,150,0,150,270
10/26/2006,SFF,WA,ANM,WE,Federal Contract Tower,0,8,17,0,25,0,14,95,0,109,0,22,112,0,134,200,0,200,334
10/27/2006,SFF,WA,ANM,WE,Federal Contract Tower,0,5,15,0,20,0,11,100,0,111,0,16,115,0,131,154,0,154,285
10/28/2006,SFF,WA,ANM,WE,Federal Contract Tower,0,5,8,0,13,0,18,166,0,184,0,23,174,0,197,110,0,110,307
10/29/2006,SFF,WA,ANM,WE,Federal Contract Tower,0,3,6,0,9,0,9,9,0,18,0,12,15,0,27,24,0,24,51
10/30/2006,SFF,WA,ANM,WE,Federal Contract Tower,0,6,11,0,17,0,22,113,0,135,0,28,124,0,152,121,0,121,273
10/31/2006,SFF,WA,ANM,WE,Federal Contract Tower,0,4,11,0,15,0,8,95,0,103,0,12,106,0,118,112,0,112,230
11/01/2006,SFF,WA,ANM,WE,Federal Contract Tower,0,9,20,0,29,0,9,123,0,132,0,18,143,0,161,146,0,146,307
11/02/2006,SFF,WA,ANM,WE,Federal Contract Tower,0,9,14,0,23,0,3,26,0,29,0,12,40,0,52,162,0,162,214
11/03/2006,SFF,WA,ANM,WE,Federal Contract Tower,0,7,7,0,14,0,2,18,0,20,0,9,25,0,34,72,0,72,106
11/04/2006,SFF,WA,ANM,WE,Federal Contract Tower,0,7,4,0,11,0,3,47,0,50,0,10,51,0,61,64,0,64,125
11/05/2006,SFF,WA,ANM,WE,Federal Contract Tower,0,3,9,0,12,0,14,51,0,65,0,17,60,0,77,57,0,57,134
11/06/2006,SFF,WA,ANM,WE,Federal Contract Tower,0,8,5,0,13,0,8,11,0,19,0,16,16,0,32,10,0,10,42
11/07/2006,SFF,WA,ANM,WE,Federal Contract Tower,0,10,13,0,23,0,10,19,0,29,0,20,32,0,52,34,0,34,86
11/08/2006,SFF,WA,ANM,WE,Federal Contract Tower,0,4,9,0,13,0,8,92,0,100,0,12,101,0,113,192,0,192,305
11/09/2006,SFF,WA,ANM,WE,Federal Contract Tower,0,13,18,0,31,0,6,26,0,32,0,19,44,0,63,26,0,26,89
11/10/2006,SFF,WA,ANM,WE,Federal Contract Tower,0,9,12,0,21,0,11,48,0,59,0,20,60,0,80,60,0,60,140
11/11/2006,SFF,WA,ANM,WE,Federal Contract Tower,0,3,6,0,9,0,4,54,0,58,0,7,60,0,67,78,0,78,145
11/12/2006,SFF,WA,ANM,WE,Federal Contract Tower,0,2,9,0,11,0,3,27,0,30,0,5,36,0,41,55,0,55,96
11/13/2006,SFF,WA,ANM,WE,Federal Contract Tower,0,8,7,0,15,0,10,3,1,14,0,18,10,1,29,20,0,20,49
11/14/2006,SFF,WA,ANM,WE,Federal Contract Tower,0,4,16,0,20,0,13,106,0,119,0,17,122,0,139,104,0,104,243
11/15/2006,SFF,WA,ANM,WE,Federal Contract Tower,0,9,5,0,14,0,5,28,0,33,0,14,33,0,47,42,0,42,89
11/16/2006,SFF,WA,ANM,WE,Federal Contract Tower,0,7,17,4,28,0,32,116,0,148,0,39,133,4,176,136,0,136,312
11/17/2006,SFF,WA,ANM,WE,Federal Contract Tower,0,5,9,0,14,0,15,134,0,149,0,20,143,0,163,204,0,204,367
11/18/2006,SFF,WA,ANM,WE,Federal Contract Tower,0,6,4,0,10,0,13,156,0,169,0,19,160,0,179,153,0,153,332
11/19/2006,SFF,WA,ANM,WE,Federal Contract Tower,0,0,6,0,6,0,5,23,4,32,0,5,29,4,38,40,0,40,78
11/20/2006,SFF,WA,ANM,WE,Federal Contract Tower,0,6,2,0,8,0,9,34,1,44,0,15,36,1,52,81,0,81,133
11/21/2006,SFF,WA,ANM,WE,Federal Contract Tower,0,8,7,0,15,0,25,43,0,68,0,33,50,0,83,88,0,88,171
11/22/2006,SFF,WA,ANM,WE,Federal Contract Tower,0,11,12,0,23,0,4,26,0,30,0,15,38,0,53,158,0,158,211
11/23/2006,SFF,WA,ANM,WE,Federal Contract Tower,0,4,0,0,4,0,8,6,0,14,0,12,6,0,18,0,0,0,18
11/24/2006,SFF,WA,ANM,WE,Federal Contract Tower,0,9,7,0,16,0,13,57,0,70,0,22,64,0,86,90,0,90,176
11/25/2006,SFF,WA,ANM,WE,Federal Contract Tower,0,6,7,0,13,0,17,30,0,47,0,23,37,0,60,54,0,54,114
11/26/2006,SFF,WA,ANM,WE,Federal Contract Tower,0,2,3,0,5,0,0,5,0,5,0,2,8,0,10,22,0,22,32
11/27/2006,SFF,WA,ANM,WE,Federal Contract Tower,0,14,14,0,28,0,10,24,0,34,0,24,38,0,62,26,0,26,88
11/28/2006,SFF,WA,ANM,WE,Federal Contract Tower,0,12,7,0,19,0,9,16,0,25,0,21,23,0,44,56,0,56,100
11/29/2006,SFF,WA,ANM,WE,Federal Contract Tower,0,11,13,0,24,0,21,33,0,54,0,32,46,0,78,108,0,108,186
11/30/2006,SFF,WA,ANM,WE,Federal Contract Tower,0,9,5,0,14,0,0,11,0,11,0,9,16,0,25,46,0,46,71
12/01/2006,SFF,WA,ANM,WE,Federal Contract Tower,0,12,8,0,20,0,0,0,0,0,0,12,8,0,20,6,0,6,26
12/02/2006,SFF,WA,ANM,WE,Federal Contract Tower,0,8,4,0,12,0,0,15,0,15,0,8,19,0,27,74,0,74,101
12/03/2006,SFF,WA,ANM,WE,Federal Contract Tower,0,4,5,0,9,0,4,60,0,64,0,8,65,0,73,120,0,120,193
12/04/2006,SFF,WA,ANM,WE,Federal Contract Tower,0,6,9,0,15,0,9,34,0,43,0,15,43,0,58,12,0,12,70
12/05/2006,SFF,WA,ANM,WE,Federal Contract Tower,0,10,20,0,30,0,6,66,0,72,0,16,86,0,102,124,0,124,226
12/06/2006,SFF,WA,ANM,WE,Federal Contract Tower,0,13,14,0,27,0,7,44,0,51,0,20,58,0,78,44,0,44,122
12/07/2006,SFF,WA,ANM,WE,Federal Contract Tower,0,16,23,2,41,0,14,73,0,87,0,30,96,2,128,150,0,150,278
12/08/2006,SFF,WA,ANM,WE,Federal Contract Tower,0,11,10,0,21,0,16,46,0,62,0,27,56,0,83,58,0,58,141
12/09/2006,SFF,WA,ANM,WE,Federal Contract Tower,0,9,9,0,18,0,7,53,0,60,0,16,62,0,78,176,0,176,254
12/10/2006,SFF,WA,ANM,WE,Federal Contract Tower,0,2,10,0,12,0,6,14,0,20,0,8,24,0,32,28,0,28,60
12/11/2006,SFF,WA,ANM,WE,Federal Contract Tower,0,2,10,0,12,0,20,28,0,48,0,22,38,0,60,92,0,92,152
12/12/2006,SFF,WA,ANM,WE,Federal Contract Tower,0,5,11,0,16,0,14,47,1,62,0,19,58,1,78,25,1,26,104
12/13/2006,SFF,WA,ANM,WE,Federal Contract Tower,0,5,8,0,13,0,7,7,0,14,0,12,15,0,27,16,0,16,43
12/14/2006,SFF,WA,ANM,WE,Federal Contract Tower,0,10,3,0,13,0,4,17,0,21,0,14,20,0,34,40,0,40,74
12/15/2006,SFF,WA,ANM,WE,Federal Contract Tower,0,3,3,0,6,0,8,19,1,28,0,11,22,1,34,10,0,10,44
12/16/2006,SFF,WA,ANM,WE,Federal Contract Tower,0,7,6,0,13,0,10,12,0,22,0,17,18,0,35,72,0,72,107
12/17/2006,SFF,WA,ANM,WE,Federal Contract Tower,0,1,2,0,3,0,17,115,0,132,0,18,117,0,135,122,0,122,257
12/18/2006,SFF,WA,ANM,WE,Federal Contract Tower,0,6,5,0,11,0,3,59,0,62,0,9,64,0,73,68,0,68,141
12/19/2006,SFF,WA,ANM,WE,Federal Contract Tower,0,3,15,0,18,0,22,93,1,116,0,25,108,1,134,121,0,121,255
12/20/2006,SFF,WA,ANM,WE,Federal Contract Tower,0,9,10,0,19,0,3,76,6,85,0,12,86,6,104,88,0,88,192
12/21/2006,SFF,WA,ANM,WE,Federal Contract Tower,0,6,6,0,12,0,6,8,0,14,0,12,14,0,26,28,0,28,54
12/22/2006,SFF,WA,ANM,WE,Federal Contract Tower,0,9,3,0,12,0,0,9,0,9,0,9,12,0,21,28,0,28,49
12/23/2006,SFF,WA,ANM,WE,Federal Contract Tower,0,11,2,0,13,0,1,2,0,3,0,12,4,0,16,0,0,0,16
12/24/2006,SFF,WA,ANM,WE,Federal Contract Tower,0,0,3,0,3,0,0,28,0,28,0,0,31,0,31,12,0,12,43
12/25/2006,SFF,WA,ANM,WE,Federal Contract Tower,0,5,4,0,9,0,0,0,0,0,0,5,4,0,9,10,0,10,19
12/26/2006,SFF,WA,ANM,WE,Federal Contract Tower,0,10,3,0,13,0,0,0,0,0,0,10,3,0,13,0,0,0,13
12/27/2006,SFF,WA,ANM,WE,Federal Contract Tower,0,12,1,0,13,0,1,4,0,5,0,13,5,0,18,40,0,40,58
12/28/2006,SFF,WA,ANM,WE,Federal Contract Tower,0,6,16,0,22,0,19,134,0,153,0,25,150,0,175,102,0,102,277
12/29/2006,SFF,WA,ANM,WE,Federal Contract Tower,0,5,10,0,15,0,9,65,0,74,0,14,75,0,89,60,0,60,149
12/30/2006,SFF,WA,ANM,WE,Federal Contract Tower,0,5,16,0,21,0,9,87,0,96,0,14,103,0,117,78,0,78,195
12/31/2006,SFF,WA,ANM,WE,Federal Contract Tower,0,8,4,0,12,0,4,20,0,24,0,12,24,0,36,40,0,40,76
01/01/2007,SFF,WA,ANM,WE,Federal Contract Tower,0,2,7,0,9,0,0,11,0,11,0,2,18,0,20,30,0,30,50
01/02/2007,SFF,WA,ANM,WE,Federal Contract Tower,0,9,2,0,11,0,3,16,0,19,0,12,18,0,30,20,0,20,50
01/03/2007,SFF,WA,ANM,WE,Federal Contract Tower,0,9,8,0,17,0,15,6,0,21,0,24,14,0,38,20,0,20,58
01/04/2007,SFF,WA,ANM,WE,Federal Contract Tower,0,7,15,0,22,0,35,40,0,75,0,42,55,0,97,160,0,160,257
01/05/2007,SFF,WA,ANM,WE,Federal Contract Tower,0,8,13,0,21,0,9,21,0,30,0,17,34,0,51,54,0,54,105
01/06/2007,SFF,WA,ANM,WE,Federal Contract Tower,0,5,3,0,8,0,10,55,0,65,0,15,58,0,73,34,0,34,107
01/07/2007,SFF,WA,ANM,WE,Federal Contract Tower,0,3,1,0,4,0,2,13,0,15,0,5,14,0,19,6,0,6,25
01/08/2007,SFF,WA,ANM,WE,Federal Contract Tower,0,5,4,1,10,0,20,92,0,112,0,25,96,1,122,64,0,64,186
01/09/2007,SFF,WA,ANM,WE,Federal Contract Tower,0,8,8,0,16,0,2,27,0,29,0,10,35,0,45,80,0,80,125
01/10/2007,SFF,WA,ANM,WE,Federal Contract Tower,0,10,6,0,16,0,15,30,0,45,0,25,36,0,61,34,0,34,95
01/11/2007,SFF,WA,ANM,WE,Federal Contract Tower,0,8,9,0,17,0,14,47,0,61,0,22,56,0,78,48,0,48,126
01/12/2007,SFF,WA,ANM,WE,Federal Contract Tower,0,2,10,0,12,0,12,54,0,66,0,14,64,0,78,50,0,50,128
01/13/2007,SFF,WA,ANM,WE,Federal Contract Tower,0,9,2,0,11,0,0,14,0,14,0,9,16,0,25,38,0,38,63
01/14/2007,SFF,WA,ANM,WE,Federal Contract Tower,0,1,7,0,8,0,8,83,0,91,0,9,90,0,99,20,0,20,119
01/15/2007,SFF,WA,ANM,WE,Federal Contract Tower,0,8,8,0,16,0,9,62,0,71,0,17,70,0,87,56,0,56,143
01/16/2007,SFF,WA,ANM,WE,Federal Contract Tower,0,10,9,0,19,0,10,42,0,52,0,20,51,0,71,72,0,72,143
01/17/2007,SFF,WA,ANM,WE,Federal Contract Tower,0,10,10,0,20,0,2,24,4,30,0,12,34,4,50,49,0,49,99
01/18/2007,SFF,WA,ANM,WE,Federal Contract Tower,0,11,5,0,16,0,5,0,0,5,0,16,5,0,21,0,0,0,21
01/19/2007,SFF,WA,ANM,WE,Federal Contract Tower,0,6,4,0,10,0,11,10,0,21,0,17,14,0,31,49,0,49,80
01/20/2007,SFF,WA,ANM,WE,Federal Contract Tower,0,9,0,0,9,0,0,0,0,0,0,9,0,0,9,0,0,0,9
01/21/2007,SFF,WA,ANM,WE,Federal Contract Tower,0,4,3,0,7,0,3,13,0,16,0,7,16,0,23,76,0,76,99
01/22/2007,SFF,WA,ANM,WE,Federal Contract Tower,0,11,9,0,20,0,8,50,0,58,0,19,59,0,78,52,0,52,130
01/23/2007,SFF,WA,ANM,WE,Federal Contract Tower,0,6,9,2,17,0,9,36,2,47,0,15,45,4,64,66,0,66,130
01/24/2007,SFF,WA,ANM,WE,Federal Contract Tower,0,10,25,1,36,0,6,14,0,20,0,16,39,1,56,59,1,60,116
01/25/2007,SFF,WA,ANM,WE,Federal Contract Tower,0,26,20,0,46,0,0,0,0,0,0,26,20,0,46,3,0,3,49
01/26/2007,SFF,WA,ANM,WE,Federal Contract Tower,0,22,10,0,32,0,0,0,0,0,0,22,10,0,32,0,0,0,32
01/27/2007,SFF,WA,ANM,WE,Federal Contract Tower,0,6,6,0,12,0,12,105,0,117,0,18,111,0,129,115,0,115,244
01/28/2007,SFF,WA,ANM,WE,Federal Contract Tower,0,6,10,0,16,0,0,0,0,0,0,6,10,0,16,2,0,2,18
01/29/2007,SFF,WA,ANM,WE,Federal Contract Tower,0,16,8,0,24,0,4,4,0,8,0,20,12,0,32,0,0,0,32
01/30/2007,SFF,WA,ANM,WE,Federal Contract Tower,0,9,16,0,25,0,3,29,0,32,0,12,45,0,57,132,0,132,189
01/31/2007,SFF,WA,ANM,WE,Federal Contract Tower,0,20,22,0,42,0,0,0,0,0,0,20,22,0,42,29,0,29,71
02/01/2007,SFF,WA,ANM,WE,Federal Contract Tower,0,8,15,1,24,0,9,40,0,49,0,17,55,1,73,106,2,108,181
02/02/2007,SFF,WA,ANM,WE,Federal Contract Tower,0,10,16,0,26,0,1,46,0,47,0,11,62,0,73,130,0,130,203
02/03/2007,SFF,WA,ANM,WE,Federal Contract Tower,0,7,18,0,25,0,3,87,0,90,0,10,105,0,115,164,0,164,279
02/04/2007,SFF,WA,ANM,WE,Federal Contract Tower,0,2,0,0,2,0,0,0,0,0,0,2,0,0,2,0,0,0,2
02/05/2007,SFF,WA,ANM,WE,Federal Contract Tower,0,23,15,0,38,0,1,10,0,11,0,24,25,0,49,2,0,2,51
02/06/2007,SFF,WA,ANM,WE,Federal Contract Tower,0,11,14,0,25,0,9,50,0,59,0,20,64,0,84,80,0,80,164
02/07/2007,SFF,WA,ANM,WE,Federal Contract Tower,0,8,18,0,26,0,7,22,0,29,0,15,40,0,55,70,0,70,125
02/08/2007,SFF,WA,ANM,WE,Federal Contract Tower,0,11,22,0,33,0,0,0,0,0,0,11,22,0,33,0,0,0,33
02/09/2007,SFF,WA,ANM,WE,Federal Contract Tower,0,11,24,0,35,0,3,6,0,9,0,14,30,0,44,24,0,24,68
02/10/2007,SFF,WA,ANM,WE,Federal Contract Tower,0,14,6,0,20,0,0,14,0,14,0,14,20,0,34,100,0,100,134
02/11/2007,SFF,WA,ANM,WE,Federal Contract Tower,0,3,6,0,9,0,0,0,0,0,0,3,6,0,9,0,0,0,9
02/12/2007,SFF,WA,ANM,WE,Federal Contract Tower,0,10,7,0,17,0,4,41,0,45,0,14,48,0,62,44,0,44,106
02/13/2007,SFF,WA,ANM,WE,Federal Contract Tower,0,12,15,0,27,0,14,23,0,37,0,26,38,0,64,54,0,54,118
02/14/2007,SFF,WA,ANM,WE,Federal Contract Tower,0,10,10,0,20,0,15,31,0,46,0,25,41,0,66,65,0,65,131
02/15/2007,SFF,WA,ANM,WE,Federal Contract Tower,0,16,11,0,27,0,5,10,0,15,0,21,21,0,42,5,0,5,47
02/16/2007,SFF,WA,ANM,WE,Federal Contract Tower,0,8,8,0,16,0,12,107,0,119,0,20,115,0,135,32,0,32,167
02/17/2007,SFF,WA,ANM,WE,Federal Contract Tower,0,8,13,0,21,0,6,81,0,87,0,14,94,0,108,104,0,104,212
02/18/2007,SFF,WA,ANM,WE,Federal Contract Tower,0,4,3,0,7,0,18,25,0,43,0,22,28,0,50,16,0,16,66
02/19/2007,SFF,WA,ANM,WE,Federal Contract Tower,0,0,4,0,4,0,11,11,0,22,0,11,15,0,26,42,0,42,68
02/20/2007,SFF,WA,ANM,WE,Federal Contract Tower,0,5,10,0,15,0,9,18,2,29,0,14,28,2,44,12,0,12,56
02/21/2007,SFF,WA,ANM,WE,Federal Contract Tower,0,6,14,0,20,0,10,46,0,56,0,16,60,0,76,98,0,98,174
02/22/2007,SFF,WA,ANM,WE,Federal Contract Tower,0,13,6,0,19,0,0,0,0,0,0,13,6,0,19,19,0,19,38
02/23/2007,SFF,WA,ANM,WE,Federal Contract Tower,0,12,13,0,25,0,8,19,2,29,0,20,32,2,54,76,0,76,130
02/24/2007,SFF,WA,ANM,WE,Federal Contract Tower,0,6,7,0,13,0,6,17,2,25,0,12,24,2,38,12,0,12,50
02/25/2007,SFF,WA,ANM,WE,Federal Contract Tower,0,2,3,0,5,0,2,25,0,27,0,4,28,0,32,90,0,90,122
02/26/2007,SFF,WA,ANM,WE,Federal Contract Tower,0,11,12,0,23,0,15,51,0,66,0,26,63,0,89,101,0,101,190
02/27/2007,SFF,WA,ANM,WE,Federal Contract Tower,0,13,14,0,27,0,10,54,0,64,0,23,68,0,91,76,0,76,167
02/28/2007,SFF,WA,ANM,WE,Federal Contract Tower,0,12,4,0,16,0,18,18,0,36,0,30,22,0,52,30,0,30,82
03/01/2007,SFF,WA,ANM,WE,Federal Contract Tower,0,10,11,0,21,0,15,59,0,74,0,25,70,0,95,96,0,96,191
03/02/2007,SFF,WA,ANM,WE,Federal Contract Tower,0,4,15,0,19,0,2,49,0,51,0,6,64,0,70,61,0,61,131
03/03/2007,SFF,WA,ANM,WE,Federal Contract Tower,0,8,20,0,28,0,0,0,0,0,0,8,20,0,28,0,0,0,28
03/04/2007,SFF,WA,ANM,WE,Federal Contract Tower,0,4,14,0,18,0,0,81,0,81,0,4,95,0,99,64,0,64,163
03/05/2007,SFF,WA,ANM,WE,Federal Contract Tower,0,9,8,0,17,0,9,47,6,62,0,18,55,6,79,74,0,74,153
03/06/2007,SFF,WA,ANM,WE,Federal Contract Tower,0,6,21,0,27,0,14,123,0,137,0,20,144,0,164,116,0,116,280
03/07/2007,SFF,WA,ANM,WE,Federal Contract Tower,0,7,10,0,17,0,15,108,0,123,0,22,118,0,140,110,0,110,250
03/08/2007,SFF,WA,ANM,WE,Federal Contract Tower,0,3,10,0,13,0,13,53,0,66,0,16,63,0,79,82,0,82,161
03/09/2007,SFF,WA,ANM,WE,Federal Contract Tower,0,5,9,0,14,0,18,119,0,137,0,23,128,0,151,193,0,193,344
03/10/2007,SFF,WA,ANM,WE,Federal Contract Tower,0,6,6,0,12,0,9,74,0,83,0,15,80,0,95,79,0,79,174
03/11/2007,SFF,WA,ANM,WE,Federal Contract Tower,0,0,6,0,6,0,8,34,0,42,0,8,40,0,48,28,0,28,76
03/12/2007,SFF,WA,ANM,WE,Federal Contract Tower,0,7,8,0,15,0,13,27,2,42,0,20,35,2,57,41,0,41,98
03/13/2007,SFF,WA,ANM,WE,Federal Contract Tower,0,4,14,0,18,0,17,81,0,98,0,21,95,0,116,154,0,154,270
03/14/2007,SFF,WA,ANM,WE,Federal Contract Tower,0,4,8,0,12,0,19,69,0,88,0,23,77,0,100,58,0,58,158
03/15/2007,SFF,WA,ANM,WE,Federal Contract Tower,0,4,20,1,25,0,14,176,0,190,0,18,196,1,215,222,0,222,437
03/16/2007,SFF,WA,ANM,WE,Federal Contract Tower,0,9,18,0,27,0,6,79,0,85,0,15,97,0,112,119,0,119,231
03/17/2007,SFF,WA,ANM,WE,Federal Contract Tower,0,9,7,0,16,0,15,117,0,132,0,24,124,0,148,37,0,37,185
03/18/2007,SFF,WA,ANM,WE,Federal Contract Tower,0,7,2,0,9,0,17,109,0,126,0,24,111,0,135,138,0,138,273
03/19/2007,SFF,WA,ANM,WE,Federal Contract Tower,0,4,6,0,10,0,26,76,0,102,0,30,82,0,112,130,0,130,242
03/20/2007,SFF,WA,ANM,WE,Federal Contract Tower,0,7,16,0,23,0,20,26,0,46,0,27,42,0,69,22,0,22,91
03/21/2007,SFF,WA,ANM,WE,Federal Contract Tower,0,5,6,0,11,0,16,144,0,160,0,21,150,0,171,162,0,162,333
03/22/2007,SFF,WA,ANM,WE,Federal Contract Tower,0,8,14,1,23,0,14,51,0,65,0,22,65,1,88,68,0,68,156
03/23/2007,SFF,WA,ANM,WE,Federal Contract Tower,0,6,17,0,23,0,10,54,1,65,0,16,71,1,88,71,0,71,159
03/24/2007,SFF,WA,ANM,WE,Federal Contract Tower,0,6,7,0,13,0,9,27,0,36,0,15,34,0,49,23,0,23,72
03/25/2007,SFF,WA,ANM,WE,Federal Contract Tower,0,6,7,0,13,0,4,21,0,25,0,10,28,0,38,25,0,25,63
03/26/2007,SFF,WA,ANM,WE,Federal Contract Tower,0,7,5,0,12,0,11,77,0,88,0,18,82,0,100,54,0,54,154
03/27/2007,SFF,WA,ANM,WE,Federal Contract Tower,0,14,11,0,25,0,3,37,0,40,0,17,48,0,65,120,0,120,185
03/28/2007,SFF,WA,ANM,WE,Federal Contract Tower,0,6,7,0,13,0,11,127,0,138,0,17,134,0,151,78,0,78,229
03/29/2007,SFF,WA,ANM,WE,Federal Contract Tower,0,2,12,0,14,0,20,166,0,186,0,22,178,0,200,92,0,92,292
03/30/2007,SFF,WA,ANM,WE,Federal Contract Tower,0,5,12,0,17,0,11,158,0,169,0,16,170,0,186,214,0,214,400
03/31/2007,SFF,WA,ANM,WE,Federal Contract Tower,0,4,5,0,9,0,11,55,0,66,0,15,60,0,75,56,0,56,131
04/01/2007,SFF,WA,ANM,WE,Federal Contract Tower,0,2,9,0,11,0,6,67,0,73,0,8,76,0,84,160,0,160,244
04/02/2007,SFF,WA,ANM,WE,Federal Contract Tower,0,3,3,0,6,0,13,47,0,60,0,16,50,0,66,20,0,20,86
04/03/2007,SFF,WA,ANM,WE,Federal Contract Tower,0,3,7,0,10,0,15,101,0,116,0,18,108,0,126,154,0,154,280
04/04/2007,SFF,WA,ANM,WE,Federal Contract Tower,0,7,14,0,21,0,5,40,0,45,0,12,54,0,66,140,0,140,206
04/05/2007,SFF,WA,ANM,WE,Federal Contract Tower,0,3,5,0,8,0,19,143,0,162,0,22,148,0,170,156,0,156,326
04/06/2007,SFF,WA,ANM,WE,Federal Contract Tower,0,1,14,0,15,0,21,161,0,182,0,22,175,0,197,62,0,62,259
04/07/2007,SFF,WA,ANM,WE,Federal Contract Tower,0,5,6,0,11,0,14,164,0,178,0,19,170,0,189,120,0,120,309
04/08/2007,SFF,WA,ANM,WE,Federal Contract Tower,0,5,6,0,11,0,18,59,0,77,0,23,65,0,88,16,0,16,104
04/09/2007,SFF,WA,ANM,WE,Federal Contract Tower,0,12,3,0,15,0,13,24,0,37,0,25,27,0,52,12,0,12,64
04/10/2007,SFF,WA,ANM,WE,Federal Contract Tower,0,8,10,0,18,0,12,82,2,96,0,20,92,2,114,66,0,66,180
04/11/2007,SFF,WA,ANM,WE,Federal Contract Tower,0,3,8,0,11,0,17,145,0,162,0,20,153,0,173,262,0,262,435
04/12/2007,SFF,WA,ANM,WE,Federal Contract Tower,0,2,16,0,18,0,16,106,0,122,0,18,122,0,140,132,0,132,272
04/13/2007,SFF,WA,ANM,WE,Federal Contract Tower,0,6,18,0,24,0,8,77,0,85,0,14,95,0,109,102,0,102,211
04/14/2007,SFF,WA,ANM,WE,Federal Contract Tower,0,2,10,0,12,0,3,53,0,56,0,5,63,0,68,76,0,76,144
04/15/2007,SFF,WA,ANM,WE,Federal Contract Tower,0,1,2,0,3,0,10,86,0,96,0,11,88,0,99,86,0,86,185
04/16/2007,SFF,WA,ANM,WE,Federal Contract Tower,0,4,4,0,8,0,17,72,0,89,0,21,76,0,97,113,0,113,210
04/17/2007,SFF,WA,ANM,WE,Federal Contract Tower,0,3,9,0,12,0,11,59,0,70,0,14,68,0,82,74,0,74,156
04/18/2007,SFF,WA,ANM,WE,Federal Contract Tower,0,2,9,0,11,0,19,113,0,132,0,21,122,0,143,148,0,148,291
04/19/2007,SFF,WA,ANM,WE,Federal Contract Tower,0,4,12,0,16,0,14,86,0,100,0,18,98,0,116,114,0,114,230
04/20/2007,SFF,WA,ANM,WE,Federal Contract Tower,0,1,10,0,11,0,11,88,0,99,0,12,98,0,110,112,0,112,222
04/21/2007,SFF,WA,ANM,WE,Federal Contract Tower,0,2,6,0,8,0,15,48,0,63,0,17,54,0,71,104,0,104,175
04/22/2007,SFF,WA,ANM,WE,Federal Contract Tower,0,0,3,0,3,0,6,47,0,53,0,6,50,0,56,136,0,136,192
04/23/2007,SFF,WA,ANM,WE,Federal Contract Tower,0,10,6,0,16,0,22,90,0,112,0,32,96,0,128,128,0,128,256
04/24/2007,SFF,WA,ANM,WE,Federal Contract Tower,0,4,3,0,7,0,13,79,0,92,0,17,82,0,99,122,0,122,221
04/25/2007,SFF,WA,ANM,WE,Federal Contract Tower,0,4,8,0,12,0,8,61,0,69,0,12,69,0,81,72,0,72,153
04/26/2007,SFF,WA,ANM,WE,Federal Contract Tower,0,4,9,0,13,0,10,57,0,67,0,14,66,0,80,106,0,106,186
04/27/2007,SFF,WA,ANM,WE,Federal Contract Tower,0,5,15,0,20,0,15,86,0,101,0,20,101,0,121,156,0,156,277
04/28/2007,SFF,WA,ANM,WE,Federal Contract Tower,0,2,5,0,7,0,19,149,0,168,0,21,154,0,175,114,0,114,289
04/29/2007,SFF,WA,ANM,WE,Federal Contract Tower,0,1,5,0,6,0,14,68,0,82,0,15,73,0,88,88,0,88,176
04/30/2007,SFF,WA,ANM,WE,Federal Contract Tower,0,4,10,0,14,0,23,123,0,146,0,27,133,0,160,270,0,270,430
05/01/2007,SFF,WA,ANM,WE,Federal Contract Tower,0,1,16,0,17,0,12,70,1,83,0,13,86,1,100,96,0,96,196
05/02/2007,SFF,WA,ANM,WE,Federal Contract Tower,0,8,11,0,19,0,16,42,0,58,0,24,53,0,77,166,0,166,243
05/03/2007,SFF,WA,ANM,WE,Federal Contract Tower,0,5,15,0,20,0,16,39,0,55,0,21,54,0,75,118,0,118,193
05/04/2007,SFF,WA,ANM,WE,Federal Contract Tower,0,3,11,0,14,0,19,52,0,71,0,22,63,0,85,92,0,92,177
05/05/2007,SFF,WA,ANM,WE,Federal Contract Tower,0,4,4,0,8,0,15,140,0,155,0,19,144,0,163,163,0,163,326
05/06/2007,SFF,WA,ANM,WE,Federal Contract Tower,0,3,7,0,10,0,15,115,0,130,0,18,122,0,140,76,0,76,216
05/07/2007,SFF,WA,ANM,WE,Federal Contract Tower,0,2,6,0,8,0,21,90,0,111,0,23,96,0,119,80,0,80,199
05/08/2007,SFF,WA,ANM,WE,Federal Contract Tower,0,7,7,0,14,0,22,98,0,120,0,29,105,0,134,128,0,128,262
05/09/2007,SFF,WA,ANM,WE,Federal Contract Tower,0,2,9,0,11,0,15,78,0,93,0,17,87,0,104,80,0,80,184
05/10/2007,SFF,WA,ANM,WE,Federal Contract Tower,0,3,23,0,26,0,25,93,0,118,0,28,116,0,144,108,0,108,252
05/11/2007,SFF,WA,ANM,WE,Federal Contract Tower,0,4,15,0,19,0,7,105,0,112,0,11,120,0,131,160,0,160,291
05/12/2007,SFF,WA,ANM,WE,Federal Contract Tower,0,5,6,0,11,0,9,134,0,143,0,14,140,0,154,162,0,162,316
05/13/2007,SFF,WA,ANM,WE,Federal Contract Tower,0,3,9,0,12,0,4,29,0,33,0,7,38,0,45,110,0,110,155
05/14/2007,SFF,WA,ANM,WE,Federal Contract Tower,0,3,20,0,23,0,19,90,0,109,0,22,110,0,132,98,0,98,230
05/15/2007,SFF,WA,ANM,WE,Federal Contract Tower,0,9,16,0,25,0,13,145,0,158,0,22,161,0,183,116,0,116,299
05/16/2007,SFF,WA,ANM,WE,Federal Contract Tower,0,2,32,0,34,0,15,93,0,108,0,17,125,0,142,78,0,78,220
05/17/2007,SFF,WA,ANM,WE,Federal Contract Tower,0,3,10,0,13,0,28,76,0,104,0,31,86,0,117,126,0,126,243
05/18/2007,SFF,WA,ANM,WE,Federal Contract Tower,0,3,18,0,21,0,27,174,0,201,0,30,192,0,222,114,0,114,336
05/19/2007,SFF,WA,ANM,WE,Federal Contract Tower,0,5,9,0,14,0,17,182,2,201,0,22,191,2,215,102,0,102,317
05/20/2007,SFF,WA,ANM,WE,Federal Contract Tower,0,2,5,0,7,0,10,61,0,71,0,12,66,0,78,92,0,92,170
05/21/2007,SFF,WA,ANM,WE,Federal Contract Tower,0,12,14,0,26,0,16,21,0,37,0,28,35,0,63,46,0,46,109
05/22/2007,SFF,WA,ANM,WE,Federal Contract Tower,0,6,31,0,37,0,21,67,0,88,0,27,98,0,125,156,0,156,281
05/23/2007,SFF,WA,ANM,WE,Federal Contract Tower,0,5,22,0,27,0,21,104,1,126,0,26,126,1,153,104,1,105,258
05/24/2007,SFF,WA,ANM,WE,Federal Contract Tower,0,5,23,0,28,0,13,64,0,77,0,18,87,0,105,108,0,108,213
05/25/2007,SFF,WA,ANM,WE,Federal Contract Tower,0,4,15,0,19,0,16,167,0,183,0,20,182,0,202,90,0,90,292
05/26/2007,SFF,WA,ANM,WE,Federal Contract Tower,0,2,6,0,8,0,14,187,0,201,0,16,193,0,209,110,0,110,319
05/27/2007,SFF,WA,ANM,WE,Federal Contract Tower,0,0,1,0,1,0,8,24,0,32,0,8,25,0,33,10,0,10,43
05/28/2007,SFF,WA,ANM,WE,Federal Contract Tower,0,3,12,0,15,0,6,32,0,38,0,9,44,0,53,58,0,58,111
05/29/2007,SFF,WA,ANM,WE,Federal Contract Tower,0,2,19,0,21,0,8,88,0,96,0,10,107,0,117,154,0,154,271
05/30/2007,SFF,WA,ANM,WE,Federal Contract Tower,0,3,16,0,19,0,18,94,0,112,0,21,110,0,131,78,0,78,209
05/31/2007,SFF,WA,ANM,WE,Federal Contract Tower,0,1,29,0,30,0,11,101,0,112,0,12,130,0,142,172,0,172,314
06/01/2007,SFF,WA,ANM,WE,Federal Contract Tower,0,3,11,0,14,0,15,114,0,129,0,18,125,0,143,82,0,82,225
06/02/2007,SFF,WA,ANM,WE,Federal Contract Tower,0,2,12,0,14,0,15,155,2,172,0,17,167,2,186,74,0,74,260
06/03/2007,SFF,WA,ANM,WE,Federal Contract Tower,0,0,2,0,2,0,16,116,0,132,0,16,118,0,134,60,0,60,194
06/04/2007,SFF,WA,ANM,WE,Federal Contract Tower,0,4,9,2,15,0,16,81,0,97,0,20,90,2,112,66,0,66,178
06/05/2007,SFF,WA,ANM,WE,Federal Contract Tower,0,6,19,0,25,0,6,19,0,25,0,12,38,0,50,6,0,6,56
06/06/2007,SFF,WA,ANM,WE,Federal Contract Tower,0,10,35,2,47,0,14,56,0,70,0,24,91,2,117,154,0,154,271
06/07/2007,SFF,WA,ANM,WE,Federal Contract Tower,0,6,18,2,26,0,13,56,0,69,0,19,74,2,95,90,0,90,185
06/08/2007,SFF,WA,ANM,WE,Federal Contract Tower,0,3,12,1,16,0,5,96,0,101,0,8,108,1,117,28,0,28,145
06/09/2007,SFF,WA,ANM,WE,Federal Contract Tower,0,6,9,0,15,0,9,154,1,164,0,15,163,1,179,42,0,42,221
06/10/2007,SFF,WA,ANM,WE,Federal Contract Tower,0,0,8,0,8,0,5,32,0,37,0,5,40,0,45,8,0,8,53
06/11/2007,SFF,WA,ANM,WE,Federal Contract Tower,0,5,14,0,19,0,14,45,0,59,0,19,59,0,78,93,0,93,171
06/12/2007,SFF,WA,ANM,WE,Federal Contract Tower,0,0,13,0,13,0,14,83,0,97,0,14,96,0,110,176,0,176,286
06/13/2007,SFF,WA,ANM,WE,Federal Contract Tower,0,4,19,0,23,0,10,59,0,69,0,14,78,0,92,96,0,96,188
06/14/2007,SFF,WA,ANM,WE,Federal Contract Tower,0,1,32,0,33,0,21,103,0,124,0,22,135,0,157,70,0,70,227
06/15/2007,SFF,WA,ANM,WE,Federal Contract Tower,0,3,27,0,30,0,7,118,0,125,0,10,145,0,155,90,0,90,245
06/16/2007,SFF,WA,ANM,WE,Federal Contract Tower,0,3,4,0,7,0,2,136,0,138,0,5,140,0,145,54,0,54,199
06/17/2007,SFF,WA,ANM,WE,Federal Contract Tower,0,0,8,0,8,0,15,73,0,88,0,15,81,0,96,2,0,2,98
06/18/2007,SFF,WA,ANM,WE,Federal Contract Tower,0,2,18,0,20,0,12,108,0,120,0,14,126,0,140,128,6,134,274
06/19/2007,SFF,WA,ANM,WE,Federal Contract Tower,0,9,9,0,18,0,27,153,4,184,0,36,162,4,202,102,1,103,305
06/20/2007,SFF,WA,ANM,WE,Federal Contract Tower,0,1,16,0,17,0,31,78,0,109,0,32,94,0,126,156,0,156,282
06/21/2007,SFF,WA,ANM,WE,Federal Contract Tower,0,1,18,0,19,0,17,66,0,83,0,18,84,0,102,44,0,44,146
06/22/2007,SFF,WA,ANM,WE,Federal Contract Tower,0,2,18,0,20,0,23,118,0,141,0,25,136,0,161,226,0,226,387
06/23/2007,SFF,WA,ANM,WE,Federal Contract Tower,0,1,7,0,8,0,15,125,0,140,0,16,132,0,148,104,0,104,252
06/24/2007,SFF,WA,ANM,WE,Federal Contract Tower,0,2,7,0,9,0,15,88,0,103,0,17,95,0,112,76,0,76,188
06/25/2007,SFF,WA,ANM,WE,Federal Contract Tower,0,1,19,0,20,0,17,71,0,88,0,18,90,0,108,118,0,118,226
06/26/2007,SFF,WA,ANM,WE,Federal Contract Tower,0,7,6,0,13,0,23,111,0,134,0,30,117,0,147,72,0,72,219
06/27/2007,SFF,WA,ANM,WE,Federal Contract Tower,0,1,15,0,16,0,22,104,0,126,0,23,119,0,142,90,0,90,232
06/28/2007,SFF,WA,ANM,WE,Federal Contract Tower,0,5,17,0,22,0,22,81,0,103,0,27,98,0,125,88,0,88,213
06/29/2007,SFF,WA,ANM,WE,Federal Contract Tower,0,4,14,0,18,0,23,61,0,84,0,27,75,0,102,64,0,64,166
06/30/2007,SFF,WA,ANM,WE,Federal Contract Tower,0,4,14,0,18,0,6,133,0,139,0,10,147,0,157,54,0,54,211
07/01/2007,SFF,WA,ANM,WE,Federal Contract Tower,0,1,6,0,7,0,15,76,0,91,0,16,82,0,98,28,0,28,126
07/02/2007,SFF,WA,ANM,WE,Federal Contract Tower,0,5,9,0,14,0,16,61,0,77,0,21,70,0,91,64,0,64,155
07/03/2007,SFF,WA,ANM,WE,Federal Contract Tower,0,1,16,0,17,0,27,121,0,148,0,28,137,0,165,105,0,105,270
07/04/2007,SFF,WA,ANM,WE,Federal Contract Tower,0,0,0,0,0,0,17,98,1,116,0,17,98,1,116,28,0,28,144
07/05/2007,SFF,WA,ANM,WE,Federal Contract Tower,0,5,10,0,15,0,21,55,0,76,0,26,65,0,91,34,0,34,125
07/06/2007,SFF,WA,ANM,WE,Federal Contract Tower,0,2,11,0,13,0,19,96,0,115,0,21,107,0,128,104,0,104,232
07/07/2007,SFF,WA,ANM,WE,Federal Contract Tower,0,2,4,0,6,0,17,111,0,128,0,19,115,0,134,68,0,68,202
07/08/2007,SFF,WA,ANM,WE,Federal Contract Tower,0,0,0,0,0,0,16,95,0,111,0,16,95,0,111,12,0,12,123
07/09/2007,SFF,WA,ANM,WE,Federal Contract Tower,0,0,10,0,10,0,19,64,0,83,0,19,74,0,93,100,0,100,193
07/10/2007,SFF,WA,ANM,WE,Federal Contract Tower,0,2,11,0,13,0,14,82,0,96,0,16,93,0,109,118,0,118,227
07/11/2007,SFF,WA,ANM,WE,Federal Contract Tower,0,3,7,0,10,0,17,121,0,138,0,20,128,0,148,186,0,186,334
07/12/2007,SFF,WA,ANM,WE,Federal Contract Tower,0,0,12,0,12,0,14,143,0,157,0,14,155,0,169,92,0,92,261
07/13/2007,SFF,WA,ANM,WE,Federal Contract Tower,0,2,13,0,15,0,14,93,0,107,0,16,106,0,122,74,0,74,196
07/14/2007,SFF,WA,ANM,WE,Federal Contract Tower,0,2,11,0,13,0,15,84,0,99,0,17,95,0,112,104,0,104,216
07/15/2007,SFF,WA,ANM,WE,Federal Contract Tower,0,0,7,0,7,0,12,89,0,101,0,12,96,0,108,16,0,16,124
07/16/2007,SFF,WA,ANM,WE,Federal Contract Tower,0,2,15,0,17,0,33,146,0,179,0,35,161,0,196,90,0,90,286
07/17/2007,SFF,WA,ANM,WE,Federal Contract Tower,0,2,11,0,13,0,23,129,0,152,0,25,140,0,165,158,0,158,323
07/18/2007,SFF,WA,ANM,WE,Federal Contract Tower,0,3,11,0,14,0,27,102,0,129,0,30,113,0,143,164,0,164,307
07/19/2007,SFF,WA,ANM,WE,Federal Contract Tower,0,5,18,0,23,0,16,85,0,101,0,21,103,0,124,173,0,173,297
07/20/2007,SFF,WA,ANM,WE,Federal Contract Tower,0,4,10,1,15,0,14,107,1,122,0,18,117,2,137,92,0,92,229
07/21/2007,SFF,WA,ANM,WE,Federal Contract Tower,0,3,10,0,13,0,17,203,0,220,0,20,213,0,233,112,0,112,345
07/22/2007,SFF,WA,ANM,WE,Federal Contract Tower,0,0,7,0,7,0,16,100,0,116,0,16,107,0,123,49,0,49,172
07/23/2007,SFF,WA,ANM,WE,Federal Contract Tower,0,6,9,0,15,0,21,79,0,100,0,27,88,0,115,216,0,216,331
07/24/2007,SFF,WA,ANM,WE,Federal Contract Tower,0,2,10,0,12,0,16,100,0,116,0,18,110,0,128,258,0,258,386
07/25/2007,SFF,WA,ANM,WE,Federal Contract Tower,0,5,7,0,12,0,22,142,0,164,0,27,149,0,176,267,0,267,443
07/26/2007,SFF,WA,ANM,WE,Federal Contract Tower,0,2,17,0,19,0,15,138,2,155,0,17,155,2,174,182,1,183,357
07/27/2007,SFF,WA,ANM,WE,Federal Contract Tower,0,0,13,0,13,0,20,125,0,145,0,20,138,0,158,148,0,148,306
07/28/2007,SFF,WA,ANM,WE,Federal Contract Tower,0,2,8,0,10,0,7,170,1,178,0,9,178,1,188,42,0,42,230
07/29/2007,SFF,WA,ANM,WE,Federal Contract Tower,0,0,7,0,7,0,12,84,0,96,0,12,91,0,103,26,0,26,129
07/30/2007,SFF,WA,ANM,WE,Federal Contract Tower,0,5,11,0,16,0,19,97,0,116,0,24,108,0,132,202,0,202,334
07/31/2007,SFF,WA,ANM,WE,Federal Contract Tower,0,1,14,0,15,0,19,156,0,175,0,20,170,0,190,188,0,188,378
08/01/2007,SFF,WA,ANM,WE,Federal Contract Tower,0,9,17,0,26,0,15,162,1,178,0,24,179,1,204,208,0,208,412
08/02/2007,SFF,WA,ANM,WE,Federal Contract Tower,0,2,14,0,16,0,17,173,0,190,0,19,187,0,206,150,0,150,356
08/03/2007,SFF,WA,ANM,WE,Federal Contract Tower,0,2,13,0,15,0,14,121,0,135,0,16,134,0,150,124,0,124,274
08/04/2007,SFF,WA,ANM,WE,Federal Contract Tower,0,2,4,0,6,0,10,173,0,183,0,12,177,0,189,62,0,62,251
08/05/2007,SFF,WA,ANM,WE,Federal Contract Tower,0,1,4,0,5,0,9,100,0,109,0,10,104,0,114,111,0,111,225
08/06/2007,SFF,WA,ANM,WE,Federal Contract Tower,0,6,3,0,9,0,10,109,0,119,0,16,112,0,128,134,0,134,262
08/07/2007,SFF,WA,ANM,WE,Federal Contract Tower,0,5,8,0,13,0,18,100,0,118,0,23,108,0,131,176,0,176,307
08/08/2007,SFF,WA,ANM,WE,Federal Contract Tower,0,5,12,0,17,0,16,99,2,117,0,21,111,2,134,126,0,126,260
08/09/2007,SFF,WA,ANM,WE,Federal Contract Tower,0,4,8,0,12,0,13,89,0,102,0,17,97,0,114,146,0,146,260
08/10/2007,SFF,WA,ANM,WE,Federal Contract Tower,0,5,11,0,16,0,25,101,3,129,0,30,112,3,145,134,0,134,279
08/11/2007,SFF,WA,ANM,WE,Federal Contract Tower,0,6,10,0,16,0,21,123,20,164,0,27,133,20,180,92,0,92,272
08/12/2007,SFF,WA,ANM,WE,Federal Contract Tower,0,4,2,0,6,0,12,84,0,96,0,16,86,0,102,59,0,59,161
08/13/2007,SFF,WA,ANM,WE,Federal Contract Tower,0,1,4,0,5,0,28,116,2,146,0,29,120,2,151,250,0,250,401
08/14/2007,SFF,WA,ANM,WE,Federal Contract Tower,0,4,10,0,14,0,10,111,2,123,0,14,121,2,137,230,0,230,367
08/15/2007,SFF,WA,ANM,WE,Federal Contract Tower,0,1,16,0,17,0,12,99,1,112,0,13,115,1,129,236,0,236,365
08/16/2007,SFF,WA,ANM,WE,Federal Contract Tower,0,4,8,0,12,0,28,84,0,112,0,32,92,0,124,132,1,133,257
08/17/2007,SFF,WA,ANM,WE,Federal Contract Tower,0,5,17,0,22,0,35,145,1,181,0,40,162,1,203,75,0,75,278
08/18/2007,SFF,WA,ANM,WE,Federal Contract Tower,0,3,5,0,8,0,16,134,0,150,0,19,139,0,158,103,0,103,261
08/19/2007,SFF,WA,ANM,WE,Federal Contract Tower,0,3,17,0,20,0,2,13,0,15,0,5,30,0,35,73,0,73,108
08/20/2007,SFF,WA,ANM,WE,Federal Contract Tower,0,5,11,0,16,0,9,131,0,140,0,14,142,0,156,245,0,245,401
08/21/2007,SFF,WA,ANM,WE,Federal Contract Tower,0,4,17,0,21,0,15,107,0,122,0,19,124,0,143,316,0,316,459
08/22/2007,SFF,WA,ANM,WE,Federal Contract Tower,0,4,21,0,25,0,16,155,0,171,0,20,176,0,196,216,0,216,412
08/23/2007,SFF,WA,ANM,WE,Federal Contract Tower,0,1,10,0,11,0,11,115,0,126,0,12,125,0,137,266,0,266,403
08/24/2007,SFF,WA,ANM,WE,Federal Contract Tower,0,3,2,0,5,0,20,113,0,133,0,23,115,0,138,163,0,163,301
08/25/2007,SFF,WA,ANM,WE,Federal Contract Tower,0,4,7,0,11,0,12,132,0,144,0,16,139,0,155,30,0,30,185
08/26/2007,SFF,WA,ANM,WE,Federal Contract Tower,0,2,6,0,8,0,16,54,0,70,0,18,60,0,78,18,0,18,96
08/27/2007,SFF,WA,ANM,WE,Federal Contract Tower,0,2,11,0,13,0,18,138,0,156,0,20,149,0,169,195,0,195,364
08/28/2007,SFF,WA,ANM,WE,Federal Contract Tower,0,3,8,0,11,0,21,102,0,123,0,24,110,0,134,94,0,94,228
08/29/2007,SFF,WA,ANM,WE,Federal Contract Tower,0,2,17,0,19,0,16,135,0,151,0,18,152,0,170,216,0,216,386
08/30/2007,SFF,WA,ANM,WE,Federal Contract Tower,0,1,18,0,19,0,21,101,0,122,0,22,119,0,141,242,0,242,383
08/31/2007,SFF,WA,ANM,WE,Federal Contract Tower,0,4,10,0,14,0,31,60,0,91,0,35,70,0,105,142,0,142,247
09/01/2007,SFF,WA,ANM,WE,Federal Contract Tower,0,3,5,0,8,0,9,109,0,118,0,12,114,0,126,70,0,70,196
09/02/2007,SFF,WA,ANM,WE,Federal Contract Tower,0,0,2,0,2,0,14,84,0,98,0,14,86,0,100,32,0,32,132
09/03/2007,SFF,WA,ANM,WE,Federal Contract Tower,0,4,8,0,12,0,18,101,0,119,0,22,109,0,131,20,0,20,151
09/04/2007,SFF,WA,ANM,WE,Federal Contract Tower,0,4,8,0,12,0,21,87,0,108,0,25,95,0,120,164,0,164,284
09/05/2007,SFF,WA,ANM,WE,Federal Contract Tower,0,8,13,0,21,0,14,93,0,107,0,22,106,0,128,128,0,128,256
09/06/2007,SFF,WA,ANM,WE,Federal Contract Tower,0,3,15,0,18,0,20,92,0,112,0,23,107,0,130,6,0,6,136
09/07/2007,SFF,WA,ANM,WE,Federal Contract Tower,0,5,10,0,15,0,18,95,0,113,0,23,105,0,128,62,0,62,190
09/08/2007,SFF,WA,ANM,WE,Federal Contract Tower,0,3,7,0,10,0,8,139,0,147,0,11,146,0,157,136,0,136,293
09/09/2007,SFF,WA,ANM,WE,Federal Contract Tower,0,0,8,0,8,0,11,87,0,98,0,11,95,0,106,24,0,24,130
09/10/2007,SFF,WA,ANM,WE,Federal Contract Tower,0,4,8,0,12,0,23,96,0,119,0,27,104,0,131,97,0,97,228
09/11/2007,SFF,WA,ANM,WE,Federal Contract Tower,0,2,7,0,9,0,27,153,0,180,0,29,160,0,189,129,0,129,318
09/12/2007,SFF,WA,ANM,WE,Federal Contract Tower,0,4,13,0,17,0,22,120,0,142,0,26,133,0,159,225,0,225,384
09/13/2007,SFF,WA,ANM,WE,Federal Contract Tower,0,3,11,0,14,0,11,78,0,89,0,14,89,0,103,133,0,133,236
09/14/2007,SFF,WA,ANM,WE,Federal Contract Tower,0,8,17,0,25,0,10,109,0,119,0,18,126,0,144,124,0,124,268
09/15/2007,SFF,WA,ANM,WE,Federal Contract Tower,0,3,6,0,9,0,11,98,0,109,0,14,104,0,118,18,0,18,136
09/16/2007,SFF,WA,ANM,WE,Federal Contract Tower,0,0,8,0,8,0,12,57,0,69,0,12,65,0,77,46,0,46,123
09/17/2007,SFF,WA,ANM,WE,Federal Contract Tower,0,6,9,0,15,0,18,71,0,89,0,24,80,0,104,122,0,122,226
09/18/2007,SFF,WA,ANM,WE,Federal Contract Tower,0,8,10,0,18,0,19,103,0,122,0,27,113,0,140,153,0,153,293
09/19/2007,SFF,WA,ANM,WE,Federal Contract Tower,0,4,13,0,17,0,20,110,0,130,0,24,123,0,147,102,0,102,249
09/20/2007,SFF,WA,ANM,WE,Federal Contract Tower,0,8,12,0,20,0,12,117,0,129,0,20,129,0,149,150,0,150,299
09/21/2007,SFF,WA,ANM,WE,Federal Contract Tower,0,8,16,0,24,0,12,114,0,126,0,20,130,0,150,76,0,76,226
09/22/2007,SFF,WA,ANM,WE,Federal Contract Tower,0,5,13,0,18,0,8,92,0,100,0,13,105,0,118,44,0,44,162
09/23/2007,SFF,WA,ANM,WE,Federal Contract Tower,0,0,14,0,14,0,10,85,0,95,0,10,99,0,109,34,0,34,143
09/24/2007,SFF,WA,ANM,WE,Federal Contract Tower,0,6,11,0,17,0,12,90,0,102,0,18,101,0,119,108,0,108,227
09/25/2007,SFF,WA,ANM,WE,Federal Contract Tower,0,4,14,0,18,0,15,92,0,107,0,19,106,0,125,74,0,74,199
09/26/2007,SFF,WA,ANM,WE,Federal Contract Tower,0,6,16,0,22,0,14,144,0,158,0,20,160,0,180,248,0,248,428
09/27/2007,SFF,WA,ANM,WE,Federal Contract Tower,0,7,15,0,22,0,30,139,0,169,0,37,154,0,191,170,0,170,361
09/28/2007,SFF,WA,ANM,WE,Federal Contract Tower,0,9,10,0,19,0,7,38,0,45,0,16,48,0,64,114,0,114,178
09/29/2007,SFF,WA,ANM,WE,Federal Contract Tower,0,1,14,0,15,0,7,95,0,102,0,8,109,0,117,92,0,92,209
09/30/2007,SFF,WA,ANM,WE,Federal Contract Tower,0,3,8,0,11,0,6,22,0,28,0,9,30,0,39,26,0,26,65
10/01/2007,SFF,WA,ANM,WE,Federal Contract Tower,0,4,7,0,11,0,14,34,0,48,0,18,41,0,59,73,0,73,132
10/02/2007,SFF,WA,ANM,WE,Federal Contract Tower,0,6,15,0,21,0,9,35,0,44,0,15,50,0,65,93,0,93,158
10/03/2007,SFF,WA,ANM,WE,Federal Contract Tower,0,8,17,0,25,0,10,77,0,87,0,18,94,0,112,83,0,83,195
10/04/2007,SFF,WA,ANM,WE,Federal Contract Tower,0,7,12,0,19,0,21,53,0,74,0,28,65,0,93,159,0,159,252
10/05/2007,SFF,WA,ANM,WE,Federal Contract Tower,0,9,13,0,22,0,12,64,0,76,0,21,77,0,98,87,0,87,185
10/06/2007,SFF,WA,ANM,WE,Federal Contract Tower,0,2,7,0,9,0,8,60,0,68,0,10,67,0,77,98,0,98,175
10/07/2007,SFF,WA,ANM,WE,Federal Contract Tower,0,3,4,0,7,0,2,28,0,30,0,5,32,0,37,50,0,50,87
10/08/2007,SFF,WA,ANM,WE,Federal Contract Tower,0,3,5,0,8,0,18,111,0,129,0,21,116,0,137,244,0,244,381
10/09/2007,SFF,WA,ANM,WE,Federal Contract Tower,0,2,12,0,14,0,17,98,0,115,0,19,110,0,129,99,0,99,228
10/10/2007,SFF,WA,ANM,WE,Federal Contract Tower,0,10,21,0,31,0,4,55,0,59,0,14,76,0,90,142,0,142,232
10/11/2007,SFF,WA,ANM,WE,Federal Contract Tower,0,6,13,1,20,0,15,90,1,106,0,21,103,2,126,208,0,208,334
10/12/2007,SFF,WA,ANM,WE,Federal Contract Tower,0,4,15,0,19,0,17,70,0,87,0,21,85,0,106,110,0,110,216
10/13/2007,SFF,WA,ANM,WE,Federal Contract Tower,0,4,5,0,9,0,9,138,0,147,0,13,143,0,156,66,0,66,222
10/14/2007,SFF,WA,ANM,WE,Federal Contract Tower,0,1,9,0,10,0,11,91,0,102,0,12,100,0,112,68,0,68,180
10/15/2007,SFF,WA,ANM,WE,Federal Contract Tower,0,2,10,0,12,0,20,96,0,116,0,22,106,0,128,146,0,146,274
10/16/2007,SFF,WA,ANM,WE,Federal Contract Tower,0,7,13,0,20,0,8,46,0,54,0,15,59,0,74,59,0,59,133
10/17/2007,SFF,WA,ANM,WE,Federal Contract Tower,0,7,11,0,18,0,10,31,0,41,0,17,42,0,59,152,0,152,211
10/18/2007,SFF,WA,ANM,WE,Federal Contract Tower,0,8,13,0,21,0,7,23,0,30,0,15,36,0,51,54,0,54,105
10/19/2007,SFF,WA,ANM,WE,Federal Contract Tower,0,10,4,0,14,0,10,9,0,19,0,20,13,0,33,16,0,16,49
10/20/2007,SFF,WA,ANM,WE,Federal Contract Tower,0,6,5,0,11,0,9,33,0,42,0,15,38,0,53,52,0,52,105
10/21/2007,SFF,WA,ANM,WE,Federal Contract Tower,0,0,9,0,9,0,1,24,0,25,0,1,33,0,34,20,0,20,54
10/22/2007,SFF,WA,ANM,WE,Federal Contract Tower,0,5,10,0,15,0,18,101,0,119,0,23,111,0,134,162,0,162,296
10/23/2007,SFF,WA,ANM,WE,Federal Contract Tower,0,1,11,0,12,0,19,169,0,188,0,20,180,0,200,162,0,162,362
10/24/2007,SFF,WA,ANM,WE,Federal Contract Tower,0,7,15,1,23,0,12,112,1,125,0,19,127,2,148,122,0,122,270
10/25/2007,SFF,WA,ANM,WE,Federal Contract Tower,0,5,12,0,17,0,13,91,2,106,0,18,103,2,123,200,0,200,323
10/26/2007,SFF,WA,ANM,WE,Federal Contract Tower,0,4,8,0,12,0,20,130,0,150,0,24,138,0,162,138,0,138,300
10/27/2007,SFF,WA,ANM,WE,Federal Contract Tower,0,4,2,0,6,0,11,134,0,145,0,15,136,0,151,48,0,48,199
10/28/2007,SFF,WA,ANM,WE,Federal Contract Tower,0,3,8,0,11,0,9,142,0,151,0,12,150,0,162,80,0,80,242
10/29/2007,SFF,WA,ANM,WE,Federal Contract Tower,0,6,7,0,13,0,14,103,0,117,0,20,110,0,130,170,0,170,300
10/30/2007,SFF,WA,ANM,WE,Federal Contract Tower,0,6,12,2,20,0,15,125,0,140,0,21,137,2,160,126,0,126,286
10/31/2007,SFF,WA,ANM,WE,Federal Contract Tower,0,4,9,0,13,0,16,90,0,106,0,20,99,0,119,164,0,164,283
11/01/2007,SFF,WA,ANM,WE,Federal Contract Tower,0,2,13,0,15,0,8,90,0,98,0,10,103,0,113,190,0,190,303
11/02/2007,SFF,WA,ANM,WE,Federal Contract Tower,0,3,9,0,12,0,13,89,1,103,0,16,98,1,115,110,0,110,225
11/03/2007,SFF,WA,ANM,WE,Federal Contract Tower,0,2,8,0,10,0,9,106,0,115,0,11,114,0,125,42,0,42,167
11/04/2007,SFF,WA,ANM,WE,Federal Contract Tower,0,0,3,0,3,0,7,55,6,68,0,7,58,6,71,82,0,82,153
11/05/2007,SFF,WA,ANM,WE,Federal Contract Tower,0,4,11,0,15,0,11,77,0,88,0,15,88,0,103,124,0,124,227
11/06/2007,SFF,WA,ANM,WE,Federal Contract Tower,0,4,5,0,9,0,10,87,0,97,0,14,92,0,106,105,0,105,211
11/07/2007,SFF,WA,ANM,WE,Federal Contract Tower,0,6,4,0,10,0,3,29,0,32,0,9,33,0,42,107,0,107,149
11/08/2007,SFF,WA,ANM,WE,Federal Contract Tower,0,12,19,0,31,0,10,26,0,36,0,22,45,0,67,41,0,41,108
11/09/2007,SFF,WA,ANM,WE,Federal Contract Tower,0,10,2,0,12,0,15,41,0,56,0,25,43,0,68,92,0,92,160
11/10/2007,SFF,WA,ANM,WE,Federal Contract Tower,0,4,6,0,10,0,6,9,0,15,0,10,15,0,25,10,0,10,35
11/11/2007,SFF,WA,ANM,WE,Federal Contract Tower,0,1,4,0,5,0,5,61,0,66,0,6,65,0,71,34,0,34,105
11/12/2007,SFF,WA,ANM,WE,Federal Contract Tower,0,7,8,0,15,0,11,2,0,13,0,18,10,0,28,5,0,5,33
11/13/2007,SFF,WA,ANM,WE,Federal Contract Tower,0,4,11,0,15,0,24,79,0,103,0,28,90,0,118,124,0,124,242
11/14/2007,SFF,WA,ANM,WE,Federal Contract Tower,0,9,11,0,20,0,22,78,0,100,0,31,89,0,120,120,0,120,240
11/15/2007,SFF,WA,ANM,WE,Federal Contract Tower,0,7,7,2,16,0,7,61,0,68,0,14,68,2,84,112,0,112,196
11/16/2007,SFF,WA,ANM,WE,Federal Contract Tower,0,11,8,0,19,0,24,39,0,63,0,35,47,0,82,94,0,94,176
11/17/2007,SFF,WA,ANM,WE,Federal Contract Tower,0,2,8,0,10,0,1,21,0,22,0,3,29,0,32,22,0,22,54
11/18/2007,SFF,WA,ANM,WE,Federal Contract Tower,0,1,5,0,6,0,1,52,0,53,0,2,57,0,59,36,0,36,95
11/19/2007,SFF,WA,ANM,WE,Federal Contract Tower,0,12,7,0,19,0,4,34,0,38,0,16,41,0,57,130,0,130,187
11/20/2007,SFF,WA,ANM,WE,Federal Contract Tower,0,12,12,0,24,0,8,48,0,56,0,20,60,0,80,68,0,68,148
11/21/2007,SFF,WA,ANM,WE,Federal Contract Tower,0,9,22,0,31,0,4,46,0,50,0,13,68,0,81,92,0,92,173
11/22/2007,SFF,WA,ANM,WE,Federal Contract Tower,0,3,1,0,4,0,7,23,0,30,0,10,24,0,34,30,0,30,64
11/23/2007,SFF,WA,ANM,WE,Federal Contract Tower,0,12,12,0,24,0,1,7,0,8,0,13,19,0,32,14,0,14,46
11/24/2007,SFF,WA,ANM,WE,Federal Contract Tower,0,8,2,0,10,0,2,18,0,20,0,10,20,0,30,98,0,98,128
11/25/2007,SFF,WA,ANM,WE,Federal Contract Tower,0,7,18,0,25,0,1,41,0,42,0,8,59,0,67,86,0,86,153
11/26/2007,SFF,WA,ANM,WE,Federal Contract Tower,0,6,7,0,13,0,10,15,0,25,0,16,22,0,38,68,0,68,106
11/27/2007,SFF,WA,ANM,WE,Federal Contract Tower,0,7,6,0,13,0,3,18,0,21,0,10,24,0,34,36,0,36,70
11/28/2007,SFF,WA,ANM,WE,Federal Contract Tower,0,7,9,0,16,0,0,3,0,3,0,7,12,0,19,30,0,30,49
11/29/2007,SFF,WA,ANM,WE,Federal Contract Tower,0,10,11,0,21,0,15,16,2,33,0,25,27,2,54,20,0,20,74
11/30/2007,SFF,WA,ANM,WE,Federal Contract Tower,0,10,10,0,20,0,4,57,0,61,0,14,67,0,81,82,0,82,163
12/01/2007,SFF,WA,ANM,WE,Federal Contract Tower,0,8,4,0,12,0,0,13,0,13,0,8,17,0,25,80,0,80,105
12/02/2007,SFF,WA,ANM,WE,Federal Contract Tower,0,4,4,0,8,0,3,2,0,5,0,7,6,0,13,2,0,2,15
12/03/2007,SFF,WA,ANM,WE,Federal Contract Tower,0,11,3,0,14,0,6,0,0,6,0,17,3,0,20,0,0,0,20
12/04/2007,SFF,WA,ANM,WE,Federal Contract Tower,0,7,7,0,14,0,19,31,0,50,0,26,38,0,64,14,0,14,78
12/05/2007,SFF,WA,ANM,WE,Federal Contract Tower,0,11,6,0,17,0,1,31,0,32,0,12,37,0,49,66,0,66,115
12/06/2007,SFF,WA,ANM,WE,Federal Contract Tower,0,11,9,0,20,0,2,10,0,12,0,13,19,0,32,0,0,0,32
12/07/2007,SFF,WA,ANM,WE,Federal Contract Tower,0,4,13,0,17,0,9,80,0,89,0,13,93,0,106,70,0,70,176
12/08/2007,SFF,WA,ANM,WE,Federal Contract Tower,0,5,13,0,18,0,5,143,0,148,0,10,156,0,166,106,0,106,272
12/09/2007,SFF,WA,ANM,WE,Federal Contract Tower,0,4,7,0,11,0,5,25,0,30,0,9,32,0,41,18,0,18,59
12/10/2007,SFF,WA,ANM,WE,Federal Contract Tower,0,8,4,0,12,0,6,16,0,22,0,14,20,0,34,72,0,72,106
12/11/2007,SFF,WA,ANM,WE,Federal Contract Tower,0,8,3,0,11,0,1,2,0,3,0,9,5,0,14,50,0,50,64
12/12/2007,SFF,WA,ANM,WE,Federal Contract Tower,0,7,8,0,15,0,0,4,0,4,0,7,12,0,19,32,0,32,51
12/13/2007,SFF,WA,ANM,WE,Federal Contract Tower,0,8,8,0,16,0,1,4,0,5,0,9,12,0,21,0,0,0,21
12/14/2007,SFF,WA,ANM,WE,Federal Contract Tower,0,10,7,0,17,0,1,16,0,17,0,11,23,0,34,4,0,4,38
12/15/2007,SFF,WA,ANM,WE,Federal Contract Tower,0,8,2,0,10,0,0,13,0,13,0,8,15,0,23,54,0,54,77
12/16/2007,SFF,WA,ANM,WE,Federal Contract Tower,0,0,4,0,4,0,8,78,0,86,0,8,82,0,90,56,0,56,146
12/17/2007,SFF,WA,ANM,WE,Federal Contract Tower,0,8,5,0,13,0,8,26,0,34,0,16,31,0,47,32,0,32,79
12/18/2007,SFF,WA,ANM,WE,Federal Contract Tower,0,12,7,0,19,0,3,12,0,15,0,15,19,0,34,40,0,40,74
12/19/2007,SFF,WA,ANM,WE,Federal Contract Tower,0,10,6,0,16,0,3,7,0,10,0,13,13,0,26,48,0,48,74
12/20/2007,SFF,WA,ANM,WE,Federal Contract Tower,0,14,5,0,19,0,7,32,0,39,0,21,37,0,58,43,0,43,101
12/21/2007,SFF,WA,ANM,WE,Federal Contract Tower,0,7,4,0,11,0,18,100,0,118,0,25,104,0,129,52,0,52,181
12/22/2007,SFF,WA,ANM,WE,Federal Contract Tower,0,7,3,0,10,0,8,20,0,28,0,15,23,0,38,8,0,8,46
12/23/2007,SFF,WA,ANM,WE,Federal Contract Tower,0,7,2,0,9,0,0,0,0,0,0,7,2,0,9,0,0,0,9
12/24/2007,SFF,WA,ANM,WE,Federal Contract Tower,0,8,0,0,8,0,12,41,0,53,0,20,41,0,61,2,0,2,63
12/25/2007,SFF,WA,ANM,WE,Federal Contract Tower,0,3,0,0,3,0,4,2,0,6,0,7,2,0,9,0,0,0,9
12/26/2007,SFF,WA,ANM,WE,Federal Contract Tower,0,16,3,0,19,0,1,14,0,15,0,17,17,0,34,55,0,55,89
12/27/2007,SFF,WA,ANM,WE,Federal Contract Tower,0,10,10,0,20,0,4,8,0,12,0,14,18,0,32,38,0,38,70
12/28/2007,SFF,WA,ANM,WE,Federal Contract Tower,0,10,8,0,18,0,0,2,0,2,0,10,10,0,20,32,0,32,52
12/29/2007,SFF,WA,ANM,WE,Federal Contract Tower,0,6,5,0,11,0,2,13,0,15,0,8,18,0,26,26,0,26,52
12/30/2007,SFF,WA,ANM,WE,Federal Contract Tower,0,3,2,0,5,0,11,13,0,24,0,14,15,0,29,24,0,24,53
12/31/2007,SFF,WA,ANM,WE,Federal Contract Tower,0,10,1,0,11,0,10,38,0,48,0,20,39,0,59,38,0,38,97
01/01/2008,SFF,WA,ANM,WE,Federal Contract Tower,0,2,4,0,6,0,12,61,0,73,0,14,65,0,79,46,0,46,125
01/02/2008,SFF,WA,ANM,WE,Federal Contract Tower,0,12,8,0,20,0,5,29,0,34,0,17,37,0,54,21,0,21,75
01/03/2008,SFF,WA,ANM,WE,Federal Contract Tower,0,8,2,0,10,0,38,14,0,52,0,46,16,0,62,36,0,36,98
01/04/2008,SFF,WA,ANM,WE,Federal Contract Tower,0,7,5,0,12,0,9,8,0,17,0,16,13,0,29,44,0,44,73
01/05/2008,SFF,WA,ANM,WE,Federal Contract Tower,0,4,4,0,8,0,9,22,0,31,0,13,26,0,39,10,0,10,49
01/06/2008,SFF,WA,ANM,WE,Federal Contract Tower,0,2,3,0,5,0,1,12,0,13,0,3,15,0,18,30,0,30,48
01/07/2008,SFF,WA,ANM,WE,Federal Contract Tower,0,16,9,0,25,0,1,1,0,2,0,17,10,0,27,0,0,0,27
01/08/2008,SFF,WA,ANM,WE,Federal Contract Tower,0,6,4,0,10,0,0,3,0,3,0,6,7,0,13,0,0,0,13
01/09/2008,SFF,WA,ANM,WE,Federal Contract Tower,0,17,8,0,25,0,1,7,0,8,0,18,15,0,33,47,0,47,80
01/10/2008,SFF,WA,ANM,WE,Federal Contract Tower,0,11,1,0,12,0,2,13,0,15,0,13,14,0,27,98,0,98,125
01/11/2008,SFF,WA,ANM,WE,Federal Contract Tower,0,9,7,0,16,0,5,9,0,14,0,14,16,0,30,64,0,64,94
01/12/2008,SFF,WA,ANM,WE,Federal Contract Tower,0,7,5,0,12,0,0,8,0,8,0,7,13,0,20,46,0,46,66
01/13/2008,SFF,WA,ANM,WE,Federal Contract Tower,0,4,5,0,9,0,4,43,0,47,0,8,48,0,56,41,0,41,97
01/14/2008,SFF,WA,ANM,WE,Federal Contract Tower,0,8,4,0,12,0,7,28,0,35,0,15,32,0,47,70,0,70,117
01/15/2008,SFF,WA,ANM,WE,Federal Contract Tower,0,3,4,0,7,0,16,63,0,79,0,19,67,0,86,74,0,74,160
01/16/2008,SFF,WA,ANM,WE,Federal Contract Tower,0,6,9,0,15,0,13,33,0,46,0,19,42,0,61,74,0,74,135
01/17/2008,SFF,WA,ANM,WE,Federal Contract Tower,0,4,0,2,6,0,8,34,0,42,0,12,34,2,48,52,0,52,100
01/18/2008,SFF,WA,ANM,WE,Federal Contract Tower,0,8,13,0,21,0,8,14,0,22,0,16,27,0,43,2,0,2,45
01/19/2008,SFF,WA,ANM,WE,Federal Contract Tower,0,5,1,0,6,0,5,8,0,13,0,10,9,0,19,40,0,40,59
01/20/2008,SFF,WA,ANM,WE,Federal Contract Tower,0,3,4,0,7,0,6,5,0,11,0,9,9,0,18,0,0,0,18
01/21/2008,SFF,WA,ANM,WE,Federal Contract Tower,0,0,8,0,8,0,19,52,0,71,0,19,60,0,79,167,0,167,246
01/22/2008,SFF,WA,ANM,WE,Federal Contract Tower,0,3,11,0,14,0,11,33,0,44,0,14,44,0,58,120,0,120,178
01/23/2008,SFF,WA,ANM,WE,Federal Contract Tower,0,4,21,0,25,0,29,53,0,82,0,33,74,0,107,112,0,112,219
01/24/2008,SFF,WA,ANM,WE,Federal Contract Tower,0,12,11,0,23,0,6,63,0,69,0,18,74,0,92,66,0,66,158
01/25/2008,SFF,WA,ANM,WE,Federal Contract Tower,0,5,10,0,15,0,12,44,3,59,0,17,54,3,74,75,0,75,149
01/26/2008,SFF,WA,ANM,WE,Federal Contract Tower,0,2,1,0,3,0,4,20,0,24,0,6,21,0,27,34,0,34,61
01/27/2008,SFF,WA,ANM,WE,Federal Contract Tower,0,1,2,0,3,0,0,0,0,0,0,1,2,0,3,0,0,0,3
01/28/2008,SFF,WA,ANM,WE,Federal Contract Tower,0,9,0,0,9,0,11,17,1,29,0,20,17,1,38,52,0,52,90
01/29/2008,SFF,WA,ANM,WE,Federal Contract Tower,0,8,0,0,8,0,0,2,0,2,0,8,2,0,10,6,0,6,16
01/30/2008,SFF,WA,ANM,WE,Federal Contract Tower,0,11,10,0,21,0,13,13,0,26,0,24,23,0,47,80,0,80,127
01/31/2008,SFF,WA,ANM,WE,Federal Contract Tower,0,8,2,0,10,0,4,3,0,7,0,12,5,0,17,16,0,16,33
02/01/2008,SFF,WA,ANM,WE,Federal Contract Tower,0,13,4,0,17,0,11,16,0,27,0,24,20,0,44,24,0,24,68
02/02/2008,SFF,WA,ANM,WE,Federal Contract Tower,0,5,6,0,11,0,3,10,0,13,0,8,16,0,24,85,0,85,109
02/03/2008,SFF,WA,ANM,WE,Federal Contract Tower,0,4,5,0,9,0,14,51,0,65,0,18,56,0,74,36,0,36,110
02/04/2008,SFF,WA,ANM,WE,Federal Contract Tower,0,11,6,0,17,0,11,12,0,23,0,22,18,0,40,62,0,62,102
02/05/2008,SFF,WA,ANM,WE,Federal Contract Tower,0,7,5,0,12,0,1,6,0,7,0,8,11,0,19,10,0,10,29
02/06/2008,SFF,WA,ANM,WE,Federal Contract Tower,0,5,12,0,17,0,18,44,0,62,0,23,56,0,79,108,0,108,187
02/07/2008,SFF,WA,ANM,WE,Federal Contract Tower,0,14,4,0,18,0,8,3,0,11,0,22,7,0,29,14,0,14,43
02/08/2008,SFF,WA,ANM,WE,Federal Contract Tower,0,8,8,0,16,0,7,10,0,17,0,15,18,0,33,27,0,27,60
02/09/2008,SFF,WA,ANM,WE,Federal Contract Tower,0,11,7,0,18,0,4,22,0,26,0,15,29,0,44,54,0,54,98
02/10/2008,SFF,WA,ANM,WE,Federal Contract Tower,0,3,10,0,13,0,5,19,0,24,0,8,29,0,37,14,0,14,51
02/11/2008,SFF,WA,ANM,WE,Federal Contract Tower,0,8,9,0,17,0,7,38,0,45,0,15,47,0,62,84,0,84,146
02/12/2008,SFF,WA,ANM,WE,Federal Contract Tower,0,10,12,0,22,0,18,35,0,53,0,28,47,0,75,62,0,62,137
02/13/2008,SFF,WA,ANM,WE,Federal Contract Tower,0,5,6,1,12,0,7,34,1,42,0,12,40,2,54,116,0,116,170
02/14/2008,SFF,WA,ANM,WE,Federal Contract Tower,0,1,17,0,18,0,28,105,2,135,0,29,122,2,153,136,0,136,289
02/15/2008,SFF,WA,ANM,WE,Federal Contract Tower,0,5,17,0,22,0,12,89,0,101,0,17,106,0,123,54,0,54,177
02/16/2008,SFF,WA,ANM,WE,Federal Contract Tower,0,10,4,0,14,0,5,43,0,48,0,15,47,0,62,128,0,128,190
02/17/2008,SFF,WA,ANM,WE,Federal Contract Tower,0,1,5,0,6,0,9,65,0,74,0,10,70,0,80,50,0,50,130
02/18/2008,SFF,WA,ANM,WE,Federal Contract Tower,0,2,12,1,15,0,9,71,1,81,0,11,83,2,96,87,0,87,183
02/19/2008,SFF,WA,ANM,WE,Federal Contract Tower,0,4,10,0,14,0,16,84,0,100,0,20,94,0,114,152,0,152,266
02/20/2008,SFF,WA,ANM,WE,Federal Contract Tower,0,9,14,2,25,0,12,41,0,53,0,21,55,2,78,45,0,45,123
02/21/2008,SFF,WA,ANM,WE,Federal Contract Tower,0,8,12,1,21,0,12,63,0,75,0,20,75,1,96,52,0,52,148
02/22/2008,SFF,WA,ANM,WE,Federal Contract Tower,0,4,7,0,11,0,17,67,0,84,0,21,74,0,95,82,0,82,177
02/23/2008,SFF,WA,ANM,WE,Federal Contract Tower,0,5,7,0,12,0,5,41,0,46,0,10,48,0,58,12,0,12,70
02/24/2008,SFF,WA,ANM,WE,Federal Contract Tower,0,3,3,0,6,0,6,13,0,19,0,9,16,0,25,62,0,62,87
02/25/2008,SFF,WA,ANM,WE,Federal Contract Tower,0,16,8,0,24,0,2,9,0,11,0,18,17,0,35,4,0,4,39
02/26/2008,SFF,WA,ANM,WE,Federal Contract Tower,0,10,8,0,18,0,13,52,0,65,0,23,60,0,83,74,0,74,157
02/27/2008,SFF,WA,ANM,WE,Federal Contract Tower,0,8,8,0,16,0,1,41,0,42,0,9,49,0,58,12,0,12,70
02/28/2008,SFF,WA,ANM,WE,Federal Contract Tower,0,10,12,1,23,0,11,82,1,94,0,21,94,2,117,154,0,154,271
02/29/2008,SFF,WA,ANM,WE,Federal Contract Tower,0,6,13,0,19,0,12,90,0,102,0,18,103,0,121,106,0,106,227
03/01/2008,SFF,WA,ANM,WE,Federal Contract Tower,0,6,4,0,10,0,2,40,0,42,0,8,44,0,52,48,0,48,100
03/02/2008,SFF,WA,ANM,WE,Federal Contract Tower,0,0,4,0,4,0,14,100,0,114,0,14,104,0,118,80,0,80,198
03/03/2008,SFF,WA,ANM,WE,Federal Contract Tower,0,9,4,0,13,0,3,13,0,16,0,12,17,0,29,30,0,30,59
03/04/2008,SFF,WA,ANM,WE,Federal Contract Tower,0,8,7,0,15,0,8,41,0,49,0,16,48,0,64,132,0,132,196
03/05/2008,SFF,WA,ANM,WE,Federal Contract Tower,0,4,9,0,13,0,20,79,0,99,0,24,88,0,112,52,0,52,164
03/06/2008,SFF,WA,ANM,WE,Federal Contract Tower,0,3,12,0,15,0,27,89,0,116,0,30,101,0,131,138,0,138,269
03/07/2008,SFF,WA,ANM,WE,Federal Contract Tower,0,5,14,0,19,0,10,87,0,97,0,15,101,0,116,116,104,220,336
03/08/2008,SFF,WA,ANM,WE,Federal Contract Tower,0,6,8,0,14,0,9,23,0,32,0,15,31,0,46,90,0,90,136
03/09/2008,SFF,WA,ANM,WE,Federal Contract Tower,0,2,5,0,7,0,6,72,0,78,0,8,77,0,85,114,0,114,199
03/10/2008,SFF,WA,ANM,WE,Federal Contract Tower,0,8,14,0,22,0,14,51,0,65,0,22,65,0,87,136,0,136,223
03/11/2008,SFF,WA,ANM,WE,Federal Contract Tower,0,10,20,0,30,0,7,34,0,41,0,17,54,0,71,70,0,70,141
03/12/2008,SFF,WA,ANM,WE,Federal Contract Tower,0,7,8,0,15,0,14,83,0,97,0,21,91,0,112,140,0,140,252
03/13/2008,SFF,WA,ANM,WE,Federal Contract Tower,0,7,8,0,15,0,7,35,0,42,0,14,43,0,57,34,0,34,91
03/14/2008,SFF,WA,ANM,WE,Federal Contract Tower,0,6,5,0,11,0,3,17,0,20,0,9,22,0,31,58,0,58,89
03/15/2008,SFF,WA,ANM,WE,Federal Contract Tower,0,6,6,0,12,0,1,40,0,41,0,7,46,0,53,92,0,92,145
03/16/2008,SFF,WA,ANM,WE,Federal Contract Tower,0,5,4,0,9,0,3,81,0,84,0,8,85,0,93,118,0,118,211
03/17/2008,SFF,WA,ANM,WE,Federal Contract Tower,0,2,6,0,8,0,4,21,0,25,0,6,27,0,33,72,0,72,105
03/18/2008,SFF,WA,ANM,WE,Federal Contract Tower,0,7,5,0,12,0,10,43,0,53,0,17,48,0,65,40,0,40,105
03/19/2008,SFF,WA,ANM,WE,Federal Contract Tower,0,7,21,0,28,0,13,55,0,68,0,20,76,0,96,66,0,66,162
03/20/2008,SFF,WA,ANM,WE,Federal Contract Tower,0,16,14,0,30,0,2,20,0,22,0,18,34,0,52,40,0,40,92
03/21/2008,SFF,WA,ANM,WE,Federal Contract Tower,0,4,9,0,13,0,3,11,0,14,0,7,20,0,27,38,0,38,65
03/22/2008,SFF,WA,ANM,WE,Federal Contract Tower,0,5,4,0,9,0,17,149,0,166,0,22,153,0,175,81,0,81,256
03/23/2008,SFF,WA,ANM,WE,Federal Contract Tower,0,6,4,0,10,0,12,10,0,22,0,18,14,0,32,0,0,0,32
03/24/2008,SFF,WA,ANM,WE,Federal Contract Tower,0,2,14,0,16,0,11,96,0,107,0,13,110,0,123,152,0,152,275
03/25/2008,SFF,WA,ANM,WE,Federal Contract Tower,0,4,5,0,9,0,9,72,0,81,0,13,77,0,90,46,0,46,136
03/26/2008,SFF,WA,ANM,WE,Federal Contract Tower,0,14,9,0,23,0,4,13,0,17,0,18,22,0,40,40,0,40,80
03/27/2008,SFF,WA,ANM,WE,Federal Contract Tower,0,8,15,0,23,0,13,42,0,55,0,21,57,0,78,48,0,48,126
03/28/2008,SFF,WA,ANM,WE,Federal Contract Tower,0,5,17,0,22,0,3,38,0,41,0,8,55,0,63,33,0,33,96
03/29/2008,SFF,WA,ANM,WE,Federal Contract Tower,0,4,7,0,11,0,7,27,0,34,0,11,34,0,45,91,0,91,136
03/30/2008,SFF,WA,ANM,WE,Federal Contract Tower,0,2,4,0,6,0,5,9,0,14,0,7,13,0,20,2,0,2,22
03/31/2008,SFF,WA,ANM,WE,Federal Contract Tower,0,8,8,0,16,0,3,40,1,44,0,11,48,1,60,118,0,118,178
04/01/2008,SFF,WA,ANM,WE,Federal Contract Tower,0,8,15,0,23,0,13,70,0,83,0,21,85,0,106,166,0,166,272
04/02/2008,SFF,WA,ANM,WE,Federal Contract Tower,0,1,10,0,11,0,14,101,0,115,0,15,111,0,126,186,0,186,312
04/03/2008,SFF,WA,ANM,WE,Federal Contract Tower,0,2,10,0,12,0,31,108,2,141,0,33,118,2,153,138,0,138,291
04/04/2008,SFF,WA,ANM,WE,Federal Contract Tower,0,5,6,0,11,0,10,52,0,62,0,15,58,0,73,134,0,134,207
04/05/2008,SFF,WA,ANM,WE,Federal Contract Tower,0,4,3,0,7,0,6,36,0,42,0,10,39,0,49,138,0,138,187
04/06/2008,SFF,WA,ANM,WE,Federal Contract Tower,0,6,11,0,17,0,5,10,0,15,0,11,21,0,32,74,0,74,106
04/07/2008,SFF,WA,ANM,WE,Federal Contract Tower,0,9,9,0,18,0,7,20,0,27,0,16,29,0,45,34,0,34,79
04/08/2008,SFF,WA,ANM,WE,Federal Contract Tower,0,6,5,0,11,0,5,39,0,44,0,11,44,0,55,112,1,113,168
04/09/2008,SFF,WA,ANM,WE,Federal Contract Tower,0,5,9,0,14,0,4,39,0,43,0,9,48,0,57,100,0,100,157
04/10/2008,SFF,WA,ANM,WE,Federal Contract Tower,0,3,11,0,14,0,12,87,0,99,0,15,98,0,113,64,0,64,177
04/11/2008,SFF,WA,ANM,WE,Federal Contract Tower,0,3,9,0,12,0,9,121,0,130,0,12,130,0,142,148,0,148,290
04/12/2008,SFF,WA,ANM,WE,Federal Contract Tower,0,4,2,0,6,0,17,165,0,182,0,21,167,0,188,147,0,147,335
04/13/2008,SFF,WA,ANM,WE,Federal Contract Tower,0,2,6,0,8,0,12,135,0,147,0,14,141,0,155,68,0,68,223
04/14/2008,SFF,WA,ANM,WE,Federal Contract Tower,0,8,3,0,11,0,11,20,0,31,0,19,23,0,42,57,0,57,99
04/15/2008,SFF,WA,ANM,WE,Federal Contract Tower,0,4,11,2,17,0,8,55,0,63,0,12,66,2,80,112,0,112,192
04/16/2008,SFF,WA,ANM,WE,Federal Contract Tower,0,5,19,0,24,0,19,116,0,135,0,24,135,0,159,164,0,164,323
04/17/2008,SFF,WA,ANM,WE,Federal Contract Tower,0,8,8,0,16,0,7,126,2,135,0,15,134,2,151,234,0,234,385
04/18/2008,SFF,WA,ANM,WE,Federal Contract Tower,0,3,15,0,18,0,8,25,0,33,0,11,40,0,51,24,0,24,75
04/19/2008,SFF,WA,ANM,WE,Federal Contract Tower,0,6,5,0,11,0,7,35,0,42,0,13,40,0,53,155,0,155,208
04/20/2008,SFF,WA,ANM,WE,Federal Contract Tower,0,3,7,0,10,0,6,21,16,43,0,9,28,16,53,88,0,88,141
04/21/2008,SFF,WA,ANM,WE,Federal Contract Tower,0,14,2,0,16,0,6,17,0,23,0,20,19,0,39,100,0,100,139
04/22/2008,SFF,WA,ANM,WE,Federal Contract Tower,0,6,5,0,11,0,17,141,0,158,0,23,146,0,169,143,0,143,312
04/23/2008,SFF,WA,ANM,WE,Federal Contract Tower,0,8,6,0,14,0,11,35,0,46,0,19,41,0,60,146,0,146,206
04/24/2008,SFF,WA,ANM,WE,Federal Contract Tower,0,5,14,1,20,0,6,73,3,82,0,11,87,4,102,152,0,152,254
04/25/2008,SFF,WA,ANM,WE,Federal Contract Tower,0,9,10,0,19,0,13,69,0,82,0,22,79,0,101,96,0,96,197
04/26/2008,SFF,WA,ANM,WE,Federal Contract Tower,0,3,9,0,12,0,25,185,0,210,0,28,194,0,222,266,0,266,488
04/27/2008,SFF,WA,ANM,WE,Federal Contract Tower,0,2,3,0,5,0,4,125,0,129,0,6,128,0,134,164,0,164,298
04/28/2008,SFF,WA,ANM,WE,Federal Contract Tower,0,3,13,0,16,0,14,53,0,67,0,17,66,0,83,119,0,119,202
04/29/2008,SFF,WA,ANM,WE,Federal Contract Tower,0,8,9,0,17,0,19,49,0,68,0,27,58,0,85,69,0,69,154
04/30/2008,SFF,WA,ANM,WE,Federal Contract Tower,0,9,9,0,18,0,10,68,8,86,0,19,77,8,104,105,20,125,229
05/01/2008,SFF,WA,ANM,WE,Federal Contract Tower,0,3,13,0,16,0,9,98,0,107,0,12,111,0,123,110,0,110,233
05/02/2008,SFF,WA,ANM,WE,Federal Contract Tower,0,3,8,0,11,0,24,139,0,163,0,27,147,0,174,232,0,232,406
05/03/2008,SFF,WA,ANM,WE,Federal Contract Tower,0,5,2,0,7,0,12,96,0,108,0,17,98,0,115,46,0,46,161
05/04/2008,SFF,WA,ANM,WE,Federal Contract Tower,0,4,2,0,6,0,4,107,0,111,0,8,109,0,117,104,0,104,221
05/05/2008,SFF,WA,ANM,WE,Federal Contract Tower,0,6,16,0,22,0,10,69,0,79,0,16,85,0,101,50,0,50,151
05/06/2008,SFF,WA,ANM,WE,Federal Contract Tower,0,3,10,0,13,0,16,107,0,123,0,19,117,0,136,124,0,124,260
05/07/2008,SFF,WA,ANM,WE,Federal Contract Tower,0,5,9,0,14,0,9,62,0,71,0,14,71,0,85,96,0,96,181
05/08/2008,SFF,WA,ANM,WE,Federal Contract Tower,0,3,13,0,16,0,4,57,0,61,0,7,70,0,77,112,0,112,189
05/09/2008,SFF,WA,ANM,WE,Federal Contract Tower,0,5,16,0,21,0,9,123,0,132,0,14,139,0,153,162,0,162,315
05/10/2008,SFF,WA,ANM,WE,Federal Contract Tower,0,5,8,0,13,0,22,93,0,115,0,27,101,0,128,93,0,93,221
05/11/2008,SFF,WA,ANM,WE,Federal Contract Tower,0,0,8,0,8,0,8,15,0,23,0,8,23,0,31,0,0,0,31
05/12/2008,SFF,WA,ANM,WE,Federal Contract Tower,0,6,9,0,15,0,13,60,0,73,0,19,69,0,88,88,0,88,176
05/13/2008,SFF,WA,ANM,WE,Federal Contract Tower,0,7,12,0,19,0,10,62,0,72,0,17,74,0,91,145,0,145,236
05/14/2008,SFF,WA,ANM,WE,Federal Contract Tower,0,9,22,0,31,0,5,79,0,84,0,14,101,0,115,252,0,252,367
05/15/2008,SFF,WA,ANM,WE,Federal Contract Tower,0,7,10,0,17,0,20,158,3,181,0,27,168,3,198,129,0,129,327
05/16/2008,SFF,WA,ANM,WE,Federal Contract Tower,0,6,13,0,19,0,15,147,0,162,0,21,160,0,181,80,0,80,261
05/17/2008,SFF,WA,ANM,WE,Federal Contract Tower,0,3,7,0,10,0,15,139,0,154,0,18,146,0,164,108,0,108,272
05/18/2008,SFF,WA,ANM,WE,Federal Contract Tower,0,1,5,0,6,0,15,62,0,77,0,16,67,0,83,32,0,32,115
05/19/2008,SFF,WA,ANM,WE,Federal Contract Tower,0,5,8,0,13,0,26,85,0,111,0,31,93,0,124,104,0,104,228
05/20/2008,SFF,WA,ANM,WE,Federal Contract Tower,0,13,12,0,25,0,9,50,0,59,0,22,62,0,84,82,0,82,166
05/21/2008,SFF,WA,ANM,WE,Federal Contract Tower,0,8,9,0,17,0,6,74,0,80,0,14,83,0,97,102,0,102,199
05/22/2008,SFF,WA,ANM,WE,Federal Contract Tower,0,7,15,0,22,0,6,83,0,89,0,13,98,0,111,134,0,134,245
05/23/2008,SFF,WA,ANM,WE,Federal Contract Tower,0,4,12,0,16,0,11,32,0,43,0,15,44,0,59,30,0,30,89
05/24/2008,SFF,WA,ANM,WE,Federal Contract Tower,0,4,4,0,8,0,10,118,0,128,0,14,122,0,136,91,0,91,227
05/25/2008,SFF,WA,ANM,WE,Federal Contract Tower,0,2,5,0,7,0,18,83,0,101,0,20,88,0,108,46,0,46,154
05/26/2008,SFF,WA,ANM,WE,Federal Contract Tower,0,3,12,0,15,0,8,71,0,79,0,11,83,0,94,24,0,24,118
05/27/2008,SFF,WA,ANM,WE,Federal Contract Tower,0,5,23,0,28,0,14,130,0,144,0,19,153,0,172,99,0,99,271
05/28/2008,SFF,WA,ANM,WE,Federal Contract Tower,0,10,8,0,18,0,12,102,0,114,0,22,110,0,132,76,0,76,208
05/29/2008,SFF,WA,ANM,WE,Federal Contract Tower,0,12,28,0,40,0,6,58,0,64,0,18,86,0,104,194,0,194,298
05/30/2008,SFF,WA,ANM,WE,Federal Contract Tower,0,8,13,0,21,0,11,81,0,92,0,19,94,0,113,91,0,91,204
05/31/2008,SFF,WA,ANM,WE,Federal Contract Tower,0,2,10,0,12,0,17,145,0,162,0,19,155,0,174,90,0,90,264
06/01/2008,SFF,WA,ANM,WE,Federal Contract Tower,0,8,7,0,15,0,10,44,0,54,0,18,51,0,69,54,0,54,123
06/02/2008,SFF,WA,ANM,WE,Federal Contract Tower,0,6,23,0,29,0,7,58,0,65,0,13,81,0,94,68,0,68,162
06/03/2008,SFF,WA,ANM,WE,Federal Contract Tower,0,10,6,0,16,0,7,67,0,74,0,17,73,0,90,68,0,68,158
06/04/2008,SFF,WA,ANM,WE,Federal Contract Tower,0,7,20,0,27,0,10,61,0,71,0,17,81,0,98,68,0,68,166
06/05/2008,SFF,WA,ANM,WE,Federal Contract Tower,0,5,16,0,21,0,8,73,0,81,0,13,89,0,102,40,0,40,142
06/06/2008,SFF,WA,ANM,WE,Federal Contract Tower,0,8,16,0,24,0,15,14,0,29,0,23,30,0,53,9,0,9,62
06/07/2008,SFF,WA,ANM,WE,Federal Contract Tower,0,5,10,0,15,0,6,32,0,38,0,11,42,0,53,16,0,16,69
06/08/2008,SFF,WA,ANM,WE,Federal Contract Tower,0,0,13,0,13,0,18,93,0,111,0,18,106,0,124,24,0,24,148
06/09/2008,SFF,WA,ANM,WE,Federal Contract Tower,0,5,15,0,20,0,7,36,0,43,0,12,51,0,63,128,0,128,191
06/10/2008,SFF,WA,ANM,WE,Federal Contract Tower,0,8,14,0,22,0,7,29,0,36,0,15,43,0,58,40,0,40,98
06/11/2008,SFF,WA,ANM,WE,Federal Contract Tower,0,5,18,0,23,0,21,46,0,67,0,26,64,0,90,153,0,153,243
06/12/2008,SFF,WA,ANM,WE,Federal Contract Tower,0,7,28,0,35,0,10,90,0,100,0,17,118,0,135,56,0,56,191
06/13/2008,SFF,WA,ANM,WE,Federal Contract Tower,0,3,16,0,19,0,14,91,0,105,0,17,107,0,124,50,0,50,174
06/14/2008,SFF,WA,ANM,WE,Federal Contract Tower,0,2,5,0,7,0,20,176,0,196,0,22,181,0,203,88,0,88,291
06/15/2008,SFF,WA,ANM,WE,Federal Contract Tower,0,0,8,0,8,0,13,125,0,138,0,13,133,0,146,91,0,91,237
06/16/2008,SFF,WA,ANM,WE,Federal Contract Tower,0,7,17,0,24,0,16,113,0,129,0,23,130,0,153,84,0,84,237
06/17/2008,SFF,WA,ANM,WE,Federal Contract Tower,0,3,31,0,34,0,19,70,0,89,0,22,101,0,123,86,0,86,209
06/18/2008,SFF,WA,ANM,WE,Federal Contract Tower,0,6,17,0,23,0,24,123,0,147,0,30,140,0,170,128,0,128,298
06/19/2008,SFF,WA,ANM,WE,Federal Contract Tower,0,4,19,0,23,0,12,112,0,124,0,16,131,0,147,129,0,129,276
06/20/2008,SFF,WA,ANM,WE,Federal Contract Tower,0,2,10,0,12,0,10,91,0,101,0,12,101,0,113,64,0,64,177
06/21/2008,SFF,WA,ANM,WE,Federal Contract Tower,0,3,5,0,8,0,5,83,0,88,0,8,88,0,96,68,0,68,164
06/22/2008,SFF,WA,ANM,WE,Federal Contract Tower,0,2,6,0,8,0,14,73,0,87,0,16,79,0,95,22,0,22,117
06/23/2008,SFF,WA,ANM,WE,Federal Contract Tower,0,6,20,0,26,0,9,94,0,103,0,15,114,0,129,184,0,184,313
06/24/2008,SFF,WA,ANM,WE,Federal Contract Tower,0,9,15,0,24,0,11,104,0,115,0,20,119,0,139,151,0,151,290
06/25/2008,SFF,WA,ANM,WE,Federal Contract Tower,0,5,17,0,22,0,16,104,0,120,0,21,121,0,142,107,0,107,249
06/26/2008,SFF,WA,ANM,WE,Federal Contract Tower,0,6,24,0,30,0,22,95,0,117,0,28,119,0,147,74,0,74,221
06/27/2008,SFF,WA,ANM,WE,Federal Contract Tower,0,7,8,0,15,0,18,93,0,111,0,25,101,0,126,114,1,115,241
06/28/2008,SFF,WA,ANM,WE,Federal Contract Tower,0,3,1,0,4,0,14,96,0,110,0,17,97,0,114,38,0,38,152
06/29/2008,SFF,WA,ANM,WE,Federal Contract Tower,0,0,5,0,5,0,18,80,0,98,0,18,85,0,103,28,0,28,131
06/30/2008,SFF,WA,ANM,WE,Federal Contract Tower,0,6,19,0,25,0,18,68,0,86,0,24,87,0,111,112,0,112,223
07/01/2008,SFF,WA,ANM,WE,Federal Contract Tower,0,7,7,0,14,0,24,70,0,94,0,31,77,0,108,106,0,106,214
07/02/2008,SFF,WA,ANM,WE,Federal Contract Tower,0,4,7,0,11,0,24,99,0,123,0,28,106,0,134,62,0,62,196
07/03/2008,SFF,WA,ANM,WE,Federal Contract Tower,0,4,19,0,23,0,13,65,0,78,0,17,84,0,101,24,0,24,125
07/04/2008,SFF,WA,ANM,WE,Federal Contract Tower,0,2,5,0,7,0,10,51,0,61,0,12,56,0,68,27,0,27,95
07/05/2008,SFF,WA,ANM,WE,Federal Contract Tower,0,5,8,0,13,0,6,100,0,106,0,11,108,0,119,72,0,72,191
07/06/2008,SFF,WA,ANM,WE,Federal Contract Tower,0,3,6,0,9,0,19,71,0,90,0,22,77,0,99,14,0,14,113
07/07/2008,SFF,WA,ANM,WE,Federal Contract Tower,0,3,8,0,11,0,10,47,0,57,0,13,55,0,68,36,0,36,104
07/08/2008,SFF,WA,ANM,WE,Federal Contract Tower,0,3,5,0,8,0,13,89,0,102,0,16,94,0,110,24,0,24,134
07/09/2008,SFF,WA,ANM,WE,Federal Contract Tower,0,3,17,0,20,0,13,80,0,93,0,16,97,0,113,48,0,48,161
07/10/2008,SFF,WA,ANM,WE,Federal Contract Tower,0,3,11,0,14,0,11,56,0,67,0,14,67,0,81,30,0,30,111
07/11/2008,SFF,WA,ANM,WE,Federal Contract Tower,0,1,7,0,8,0,18,95,0,113,0,19,102,0,121,48,0,48,169
07/12/2008,SFF,WA,ANM,WE,Federal Contract Tower,0,3,5,0,8,0,30,126,0,156,0,33,131,0,164,50,0,50,214
07/13/2008,SFF,WA,ANM,WE,Federal Contract Tower,0,2,7,1,10,0,8,107,1,116,0,10,114,2,126,34,0,34,160
07/14/2008,SFF,WA,ANM,WE,Federal Contract Tower,0,8,10,0,18,0,20,63,0,83,0,28,73,0,101,60,0,60,161
07/15/2008,SFF,WA,ANM,WE,Federal Contract Tower,0,7,10,0,17,0,19,78,0,97,0,26,88,0,114,174,0,174,288
07/16/2008,SFF,WA,ANM,WE,Federal Contract Tower,0,3,17,0,20,0,17,69,0,86,0,20,86,0,106,124,0,124,230
07/17/2008,SFF,WA,ANM,WE,Federal Contract Tower,0,5,7,0,12,0,24,119,0,143,0,29,126,0,155,156,0,156,311
07/18/2008,SFF,WA,ANM,WE,Federal Contract Tower,0,3,7,0,10,0,15,109,0,124,0,18,116,0,134,74,0,74,208
07/19/2008,SFF,WA,ANM,WE,Federal Contract Tower,0,2,5,0,7,0,16,252,0,268,0,18,257,0,275,31,0,31,306
07/20/2008,SFF,WA,ANM,WE,Federal Contract Tower,0,2,4,0,6,0,8,90,0,98,0,10,94,0,104,30,0,30,134
07/21/2008,SFF,WA,ANM,WE,Federal Contract Tower,0,1,14,0,15,0,17,133,0,150,0,18,147,0,165,114,0,114,279
07/22/2008,SFF,WA,ANM,WE,Federal Contract Tower,0,6,8,0,14,0,22,89,0,111,0,28,97,0,125,70,0,70,195
07/23/2008,SFF,WA,ANM,WE,Federal Contract Tower,0,7,16,0,23,0,11,135,0,146,0,18,151,0,169,136,0,136,305
07/24/2008,SFF,WA,ANM,WE,Federal Contract Tower,0,4,14,0,18,0,4,145,0,149,0,8,159,0,167,174,0,174,341
07/25/2008,SFF,WA,ANM,WE,Federal Contract Tower,0,5,10,0,15,0,13,109,0,122,0,18,119,0,137,222,0,222,359
07/26/2008,SFF,WA,ANM,WE,Federal Contract Tower,0,3,8,0,11,0,19,91,0,110,0,22,99,0,121,134,0,134,255
07/27/2008,SFF,WA,ANM,WE,Federal Contract Tower,0,0,7,0,7,0,19,69,0,88,0,19,76,0,95,31,0,31,126
07/28/2008,SFF,WA,ANM,WE,Federal Contract Tower,0,0,12,0,12,0,15,127,0,142,0,15,139,0,154,231,0,231,385
07/29/2008,SFF,WA,ANM,WE,Federal Contract Tower,0,8,19,0,27,0,14,104,0,118,0,22,123,0,145,248,0,248,393
07/30/2008,SFF,WA,ANM,WE,Federal Contract Tower,0,4,13,0,17,0,5,81,0,86,0,9,94,0,103,116,0,116,219
07/31/2008,SFF,WA,ANM,WE,Federal Contract Tower,0,4,6,0,10,0,21,137,0,158,0,25,143,0,168,168,0,168,336
08/01/2008,SFF,WA,ANM,WE,Federal Contract Tower,0,6,10,0,16,0,20,67,0,87,0,26,77,0,103,146,0,146,249
08/02/2008,SFF,WA,ANM,WE,Federal Contract Tower,0,3,8,0,11,0,12,82,0,94,0,15,90,0,105,121,0,121,226
08/03/2008,SFF,WA,ANM,WE,Federal Contract Tower,0,1,4,0,5,0,17,66,0,83,0,18,70,0,88,49,0,49,137
08/04/2008,SFF,WA,ANM,WE,Federal Contract Tower,0,2,4,0,6,0,19,117,1,137,0,21,121,1,143,186,0,186,329
08/05/2008,SFF,WA,ANM,WE,Federal Contract Tower,0,9,7,0,16,0,15,106,0,121,0,24,113,0,137,214,0,214,351
08/06/2008,SFF,WA,ANM,WE,Federal Contract Tower,0,3,6,0,9,0,19,123,0,142,0,22,129,0,151,144,0,144,295
08/07/2008,SFF,WA,ANM,WE,Federal Contract Tower,0,4,10,0,14,0,5,107,1,113,0,9,117,1,127,114,0,114,241
08/08/2008,SFF,WA,ANM,WE,Federal Contract Tower,0,7,12,0,19,0,11,118,0,129,0,18,130,0,148,96,0,96,244
08/09/2008,SFF,WA,ANM,WE,Federal Contract Tower,0,9,11,0,20,0,8,121,0,129,0,17,132,0,149,18,0,18,167
08/10/2008,SFF,WA,ANM,WE,Federal Contract Tower,0,2,13,0,15,0,4,95,0,99,0,6,108,0,114,73,0,73,187
08/11/2008,SFF,WA,ANM,WE,Federal Contract Tower,0,3,7,0,10,0,26,124,0,150,0,29,131,0,160,126,0,126,286
08/12/2008,SFF,WA,ANM,WE,Federal Contract Tower,0,0,13,0,13,0,17,126,0,143,0,17,139,0,156,164,0,164,320
08/13/2008,SFF,WA,ANM,WE,Federal Contract Tower,0,4,13,0,17,0,18,135,0,153,0,22,148,0,170,220,0,220,390
08/14/2008,SFF,WA,ANM,WE,Federal Contract Tower,0,4,20,0,24,0,10,117,0,127,0,14,137,0,151,134,0,134,285
08/15/2008,SFF,WA,ANM,WE,Federal Contract Tower,0,0,12,0,12,0,11,121,0,132,0,11,133,0,144,106,0,106,250
08/16/2008,SFF,WA,ANM,WE,Federal Contract Tower,0,6,2,0,8,0,4,199,0,203,0,10,201,0,211,38,0,38,249
08/17/2008,SFF,WA,ANM,WE,Federal Contract Tower,0,0,8,0,8,0,11,84,0,95,0,11,92,0,103,20,0,20,123
08/18/2008,SFF,WA,ANM,WE,Federal Contract Tower,0,6,12,0,18,0,17,80,0,97,0,23,92,0,115,117,0,117,232
08/19/2008,SFF,WA,ANM,WE,Federal Contract Tower,0,9,16,0,25,0,12,62,0,74,0,21,78,0,99,132,0,132,231
08/20/2008,SFF,WA,ANM,WE,Federal Contract Tower,0,7,14,0,21,0,13,28,0,41,0,20,42,0,62,40,0,40,102
08/21/2008,SFF,WA,ANM,WE,Federal Contract Tower,0,8,16,0,24,0,10,54,0,64,0,18,70,0,88,102,0,102,190
08/22/2008,SFF,WA,ANM,WE,Federal Contract Tower,0,2,13,0,15,0,11,144,0,155,0,13,157,0,170,129,0,129,299
08/23/2008,SFF,WA,ANM,WE,Federal Contract Tower,0,2,7,0,9,0,7,146,0,153,0,9,153,0,162,48,0,48,210
08/24/2008,SFF,WA,ANM,WE,Federal Contract Tower,0,1,11,0,12,0,13,82,0,95,0,14,93,0,107,65,0,65,172
08/25/2008,SFF,WA,ANM,WE,Federal Contract Tower,0,6,5,0,11,0,2,95,0,97,0,8,100,0,108,184,0,184,292
08/26/2008,SFF,WA,ANM,WE,Federal Contract Tower,0,6,6,0,12,0,16,129,0,145,0,22,135,0,157,146,0,146,303
08/27/2008,SFF,WA,ANM,WE,Federal Contract Tower,0,8,12,0,20,0,10,78,0,88,0,18,90,0,108,100,0,100,208
08/28/2008,SFF,WA,ANM,WE,Federal Contract Tower,0,6,7,0,13,0,23,114,0,137,0,29,121,0,150,174,0,174,324
08/29/2008,SFF,WA,ANM,WE,Federal Contract Tower,0,4,11,0,15,0,9,87,0,96,0,13,98,0,111,153,0,153,264
08/30/2008,SFF,WA,ANM,WE,Federal Contract Tower,0,2,10,0,12,0,8,92,0,100,0,10,102,0,112,108,0,108,220
08/31/2008,SFF,WA,ANM,WE,Federal Contract Tower,0,1,1,1,3,0,8,79,0,87,0,9,80,1,90,58,0,58,148
09/01/2008,SFF,WA,ANM,WE,Federal Contract Tower,0,2,9,0,11,0,11,59,0,70,0,13,68,0,81,59,0,59,140
09/02/2008,SFF,WA,ANM,WE,Federal Contract Tower,0,3,5,0,8,0,23,98,0,121,0,26,103,0,129,197,0,197,326
09/03/2008,SFF,WA,ANM,WE,Federal Contract Tower,0,3,10,0,13,0,21,101,0,122,0,24,111,0,135,221,0,221,356
09/04/2008,SFF,WA,ANM,WE,Federal Contract Tower,0,5,7,0,12,0,20,130,0,150,0,25,137,0,162,322,0,322,484
09/05/2008,SFF,WA,ANM,WE,Federal Contract Tower,0,4,15,0,19,0,11,97,0,108,0,15,112,0,127,200,0,200,327
09/06/2008,SFF,WA,ANM,WE,Federal Contract Tower,0,3,7,0,10,0,15,121,0,136,0,18,128,0,146,82,0,82,228
09/07/2008,SFF,WA,ANM,WE,Federal Contract Tower,0,3,6,0,9,0,16,58,0,74,0,19,64,0,83,78,0,78,161
09/08/2008,SFF,WA,ANM,WE,Federal Contract Tower,0,4,7,0,11,0,10,79,0,89,0,14,86,0,100,234,0,234,334
09/09/2008,SFF,WA,ANM,WE,Federal Contract Tower,0,5,8,0,13,0,17,81,2,100,0,22,89,2,113,282,0,282,395
09/10/2008,SFF,WA,ANM,WE,Federal Contract Tower,0,2,5,0,7,0,7,103,0,110,0,9,108,0,117,239,0,239,356
09/11/2008,SFF,WA,ANM,WE,Federal Contract Tower,0,4,12,0,16,0,12,114,0,126,0,16,126,0,142,142,0,142,284
09/12/2008,SFF,WA,ANM,WE,Federal Contract Tower,0,1,15,0,16,0,8,89,0,97,0,9,104,0,113,90,0,90,203
09/13/2008,SFF,WA,ANM,WE,Federal Contract Tower,0,3,7,0,10,0,1,172,0,173,0,4,179,0,183,49,0,49,232
09/14/2008,SFF,WA,ANM,WE,Federal Contract Tower,0,7,5,0,12,0,3,80,0,83,0,10,85,0,95,64,0,64,159
09/15/2008,SFF,WA,ANM,WE,Federal Contract Tower,0,3,7,0,10,0,12,87,0,99,0,15,94,0,109,174,0,174,283
09/16/2008,SFF,WA,ANM,WE,Federal Contract Tower,0,3,15,0,18,0,4,115,0,119,0,7,130,0,137,89,0,89,226
09/17/2008,SFF,WA,ANM,WE,Federal Contract Tower,0,7,8,0,15,0,11,80,0,91,0,18,88,0,106,128,0,128,234
09/18/2008,SFF,WA,ANM,WE,Federal Contract Tower,0,9,17,0,26,0,12,95,0,107,0,21,112,0,133,156,0,156,289
09/19/2008,SFF,WA,ANM,WE,Federal Contract Tower,0,3,6,0,9,0,8,93,0,101,0,11,99,0,110,20,0,20,130
09/20/2008,SFF,WA,ANM,WE,Federal Contract Tower,0,2,4,0,6,0,2,88,0,90,0,4,92,0,96,67,0,67,163
09/21/2008,SFF,WA,ANM,WE,Federal Contract Tower,0,3,18,0,21,0,4,6,0,10,0,7,24,0,31,20,0,20,51
09/22/2008,SFF,WA,ANM,WE,Federal Contract Tower,0,12,13,0,25,0,6,43,0,49,0,18,56,0,74,71,0,71,145
09/23/2008,SFF,WA,ANM,WE,Federal Contract Tower,0,6,8,0,14,0,12,110,0,122,0,18,118,0,136,143,0,143,279
09/24/2008,SFF,WA,ANM,WE,Federal Contract Tower,0,7,8,0,15,0,15,118,0,133,0,22,126,0,148,185,0,185,333
09/25/2008,SFF,WA,ANM,WE,Federal Contract Tower,0,5,18,0,23,0,26,92,6,124,0,31,110,6,147,64,0,64,211
09/26/2008,SFF,WA,ANM,WE,Federal Contract Tower,0,3,19,0,22,0,5,179,0,184,0,8,198,0,206,132,0,132,338
09/27/2008,SFF,WA,ANM,WE,Federal Contract Tower,0,2,9,0,11,0,15,183,0,198,0,17,192,0,209,62,0,62,271
09/28/2008,SFF,WA,ANM,WE,Federal Contract Tower,0,0,13,0,13,0,4,104,0,108,0,4,117,0,121,32,0,32,153
09/29/2008,SFF,WA,ANM,WE,Federal Contract Tower,0,5,14,0,19,0,21,95,0,116,0,26,109,0,135,120,0,120,255
09/30/2008,SFF,WA,ANM,WE,Federal Contract Tower,0,4,9,0,13,0,11,116,0,127,0,15,125,0,140,190,0,190,330
10/01/2008,SFF,WA,ANM,WE,Federal Contract Tower,0,6,18,0,24,0,17,114,0,131,0,23,132,0,155,90,0,90,245
10/02/2008,SFF,WA,ANM,WE,Federal Contract Tower,0,5,7,0,12,0,18,63,0,81,0,23,70,0,93,69,0,69,162
10/03/2008,SFF,WA,ANM,WE,Federal Contract Tower,0,9,18,0,27,0,10,54,0,64,0,19,72,0,91,99,0,99,190
10/04/2008,SFF,WA,ANM,WE,Federal Contract Tower,0,3,5,0,8,0,6,17,0,23,0,9,22,0,31,66,0,66,97
10/05/2008,SFF,WA,ANM,WE,Federal Contract Tower,0,1,17,0,18,0,16,16,0,32,0,17,33,0,50,38,0,38,88
10/06/2008,SFF,WA,ANM,WE,Federal Contract Tower,0,9,9,0,18,0,13,78,0,91,0,22,87,0,109,64,0,64,173
10/07/2008,SFF,WA,ANM,WE,Federal Contract Tower,0,3,5,0,8,0,5,30,0,35,0,8,35,0,43,22,0,22,65
10/08/2008,SFF,WA,ANM,WE,Federal Contract Tower,0,3,9,0,12,0,22,155,0,177,0,25,164,0,189,248,0,248,437
10/09/2008,SFF,WA,ANM,WE,Federal Contract Tower,0,11,19,0,30,0,17,91,0,108,0,28,110,0,138,248,0,248,386
10/10/2008,SFF,WA,ANM,WE,Federal Contract Tower,0,4,12,0,16,0,12,63,0,75,0,16,75,0,91,84,0,84,175
10/11/2008,SFF,WA,ANM,WE,Federal Contract Tower,0,2,2,0,4,0,10,79,0,89,0,12,81,0,93,90,0,90,183
10/12/2008,SFF,WA,ANM,WE,Federal Contract Tower,0,2,8,0,10,0,11,77,0,88,0,13,85,0,98,124,0,124,222
10/13/2008,SFF,WA,ANM,WE,Federal Contract Tower,0,1,18,0,19,0,20,92,0,112,0,21,110,0,131,174,0,174,305
10/14/2008,SFF,WA,ANM,WE,Federal Contract Tower,0,4,9,0,13,0,16,108,0,124,0,20,117,0,137,135,0,135,272
10/15/2008,SFF,WA,ANM,WE,Federal Contract Tower,0,6,16,0,22,0,10,111,0,121,0,16,127,0,143,238,0,238,381
10/16/2008,SFF,WA,ANM,WE,Federal Contract Tower,0,12,15,0,27,0,15,89,0,104,0,27,104,0,131,204,0,204,335
10/17/2008,SFF,WA,ANM,WE,Federal Contract Tower,0,4,14,0,18,0,16,81,0,97,0,20,95,0,115,111,0,111,226
10/18/2008,SFF,WA,ANM,WE,Federal Contract Tower,0,4,7,0,11,0,17,109,0,126,0,21,116,0,137,45,0,45,182
10/19/2008,SFF,WA,ANM,WE,Federal Contract Tower,0,1,9,0,10,0,17,136,0,153,0,18,145,0,163,76,0,76,239
10/20/2008,SFF,WA,ANM,WE,Federal Contract Tower,0,5,7,0,12,0,9,54,0,63,0,14,61,0,75,193,0,193,268
10/21/2008,SFF,WA,ANM,WE,Federal Contract Tower,0,6,9,0,15,0,19,97,0,116,0,25,106,0,131,156,0,156,287
10/22/2008,SFF,WA,ANM,WE,Federal Contract Tower,0,7,10,0,17,0,18,131,0,149,0,25,141,0,166,223,0,223,389
10/23/2008,SFF,WA,ANM,WE,Federal Contract Tower,0,5,11,0,16,0,14,103,0,117,0,19,114,0,133,173,0,173,306
10/24/2008,SFF,WA,ANM,WE,Federal Contract Tower,0,6,9,0,15,0,4,104,4,112,0,10,113,4,127,172,4,176,303
10/25/2008,SFF,WA,ANM,WE,Federal Contract Tower,0,2,3,0,5,0,6,108,0,114,0,8,111,0,119,136,0,136,255
10/26/2008,SFF,WA,ANM,WE,Federal Contract Tower,0,2,7,0,9,0,14,112,0,126,0,16,119,0,135,39,0,39,174
10/27/2008,SFF,WA,ANM,WE,Federal Contract Tower,0,3,12,0,15,0,13,90,0,103,0,16,102,0,118,164,0,164,282
10/28/2008,SFF,WA,ANM,WE,Federal Contract Tower,0,6,7,0,13,0,16,90,0,106,0,22,97,0,119,100,0,100,219
10/29/2008,SFF,WA,ANM,WE,Federal Contract Tower,0,6,13,0,19,0,6,71,0,77,0,12,84,0,96,111,0,111,207
10/30/2008,SFF,WA,ANM,WE,Federal Contract Tower,0,6,20,0,26,0,18,98,0,116,0,24,118,0,142,92,0,92,234
10/31/2008,SFF,WA,ANM,WE,Federal Contract Tower,0,8,8,0,16,0,8,51,0,59,0,16,59,0,75,64,0,64,139
11/01/2008,SFF,WA,ANM,WE,Federal Contract Tower,0,10,8,0,18,0,18,82,0,100,0,28,90,0,118,34,0,34,152
11/02/2008,SFF,WA,ANM,WE,Federal Contract Tower,0,4,12,0,16,0,2,12,0,14,0,6,24,0,30,14,0,14,44
11/03/2008,SFF,WA,ANM,WE,Federal Contract Tower,0,8,13,0,21,0,20,48,0,68,0,28,61,0,89,23,0,23,112
11/04/2008,SFF,WA,ANM,WE,Federal Contract Tower,0,9,9,0,18,0,4,16,0,20,0,13,25,0,38,0,0,0,38
11/05/2008,SFF,WA,ANM,WE,Federal Contract Tower,0,7,17,0,24,0,15,57,0,72,0,22,74,0,96,119,0,119,215
11/06/2008,SFF,WA,ANM,WE,Federal Contract Tower,0,8,18,0,26,0,2,21,0,23,0,10,39,0,49,40,0,40,89
11/07/2008,SFF,WA,ANM,WE,Federal Contract Tower,0,5,11,0,16,0,0,0,0,0,0,5,11,0,16,0,0,0,16
11/08/2008,SFF,WA,ANM,WE,Federal Contract Tower,0,3,9,0,12,0,2,13,0,15,0,5,22,0,27,28,0,28,55
11/09/2008,SFF,WA,ANM,WE,Federal Contract Tower,0,1,5,0,6,0,0,2,0,2,0,1,7,0,8,6,0,6,14
11/10/2008,SFF,WA,ANM,WE,Federal Contract Tower,0,6,7,0,13,0,2,20,0,22,0,8,27,0,35,82,0,82,117
11/11/2008,SFF,WA,ANM,WE,Federal Contract Tower,0,3,13,0,16,0,0,3,0,3,0,3,16,0,19,0,0,0,19
11/12/2008,SFF,WA,ANM,WE,Federal Contract Tower,0,11,5,0,16,0,2,8,0,10,0,13,13,0,26,3,0,3,29
11/13/2008,SFF,WA,ANM,WE,Federal Contract Tower,0,8,14,0,22,0,11,57,0,68,0,19,71,0,90,86,0,86,176
11/14/2008,SFF,WA,ANM,WE,Federal Contract Tower,0,5,14,0,19,0,16,116,0,132,0,21,130,0,151,88,0,88,239
11/15/2008,SFF,WA,ANM,WE,Federal Contract Tower,0,1,6,0,7,0,9,121,0,130,0,10,127,0,137,166,0,166,303
11/16/2008,SFF,WA,ANM,WE,Federal Contract Tower,0,1,13,0,14,0,13,86,0,99,0,14,99,0,113,32,0,32,145
11/17/2008,SFF,WA,ANM,WE,Federal Contract Tower,0,6,8,0,14,0,14,68,0,82,0,20,76,0,96,116,0,116,212
11/18/2008,SFF,WA,ANM,WE,Federal Contract Tower,0,10,9,0,19,0,41,46,0,87,0,51,55,0,106,104,0,104,210
11/19/2008,SFF,WA,ANM,WE,Federal Contract Tower,0,6,6,0,12,0,18,67,0,85,0,24,73,0,97,109,0,109,206
11/20/2008,SFF,WA,ANM,WE,Federal Contract Tower,0,8,6,0,14,0,7,36,0,43,0,15,42,0,57,84,0,84,141
11/21/2008,SFF,WA,ANM,WE,Federal Contract Tower,0,5,10,0,15,0,37,49,0,86,0,42,59,0,101,62,0,62,163
11/22/2008,SFF,WA,ANM,WE,Federal Contract Tower,0,2,5,0,7,0,15,115,0,130,0,17,120,0,137,212,0,212,349
11/23/2008,SFF,WA,ANM,WE,Federal Contract Tower,0,1,4,0,5,0,1,61,0,62,0,2,65,0,67,34,0,34,101
11/24/2008,SFF,WA,ANM,WE,Federal Contract Tower,0,8,14,0,22,0,10,58,0,68,0,18,72,0,90,91,0,91,181
11/25/2008,SFF,WA,ANM,WE,Federal Contract Tower,0,8,9,0,17,0,10,63,0,73,0,18,72,0,90,50,0,50,140
11/26/2008,SFF,WA,ANM,WE,Federal Contract Tower,0,9,18,0,27,0,1,13,0,14,0,10,31,0,41,74,0,74,115
11/27/2008,SFF,WA,ANM,WE,Federal Contract Tower,0,4,3,0,7,0,0,0,0,0,0,4,3,0,7,0,0,0,7
11/28/2008,SFF,WA,ANM,WE,Federal Contract Tower,0,6,2,0,8,0,0,0,0,0,0,6,2,0,8,7,0,7,15
11/29/2008,SFF,WA,ANM,WE,Federal Contract Tower,0,3,3,0,6,0,0,0,0,0,0,3,3,0,6,0,0,0,6
11/30/2008,SFF,WA,ANM,WE,Federal Contract Tower,0,1,14,0,15,0,0,0,0,0,0,1,14,0,15,0,0,0,15
12/01/2008,SFF,WA,ANM,WE,Federal Contract Tower,0,10,3,0,13,0,0,0,0,0,0,10,3,0,13,6,0,6,19
12/02/2008,SFF,WA,ANM,WE,Federal Contract Tower,0,8,9,0,17,0,1,12,0,13,0,9,21,0,30,69,0,69,99
12/03/2008,SFF,WA,ANM,WE,Federal Contract Tower,0,6,6,0,12,0,15,111,0,126,0,21,117,0,138,112,0,112,250
12/04/2008,SFF,WA,ANM,WE,Federal Contract Tower,0,5,14,0,19,0,14,87,2,103,0,19,101,2,122,164,0,164,286
12/05/2008,SFF,WA,ANM,WE,Federal Contract Tower,0,5,9,0,14,0,8,29,0,37,0,13,38,0,51,66,0,66,117
12/06/2008,SFF,WA,ANM,WE,Federal Contract Tower,0,2,4,0,6,0,6,68,0,74,0,8,72,0,80,64,0,64,144
12/07/2008,SFF,WA,ANM,WE,Federal Contract Tower,0,6,4,0,10,0,10,6,0,16,0,16,10,0,26,42,0,42,68
12/08/2008,SFF,WA,ANM,WE,Federal Contract Tower,0,8,11,0,19,0,1,7,0,8,0,9,18,0,27,34,0,34,61
12/09/2008,SFF,WA,ANM,WE,Federal Contract Tower,0,9,6,0,15,0,9,33,0,42,0,18,39,0,57,86,0,86,143
12/10/2008,SFF,WA,ANM,WE,Federal Contract Tower,0,6,11,0,17,0,7,77,0,84,0,13,88,0,101,98,0,98,199
12/11/2008,SFF,WA,ANM,WE,Federal Contract Tower,0,15,10,0,25,0,0,0,0,0,0,15,10,0,25,0,0,0,25
12/12/2008,SFF,WA,ANM,WE,Federal Contract Tower,0,13,5,0,18,0,0,0,0,0,0,13,5,0,18,2,0,2,20
12/13/2008,SFF,WA,ANM,WE,Federal Contract Tower,0,6,3,0,9,0,1,4,0,5,0,7,7,0,14,14,0,14,28
12/14/2008,SFF,WA,ANM,WE,Federal Contract Tower,0,3,2,0,5,0,8,10,0,18,0,11,12,0,23,21,0,21,44
12/15/2008,SFF,WA,ANM,WE,Federal Contract Tower,0,5,6,0,11,0,20,54,0,74,0,25,60,0,85,43,0,43,128
12/16/2008,SFF,WA,ANM,WE,Federal Contract Tower,0,3,17,0,20,0,4,40,0,44,0,7,57,0,64,65,0,65,129
12/17/2008,SFF,WA,ANM,WE,Federal Contract Tower,0,7,1,0,8,0,2,0,0,2,0,9,1,0,10,0,0,0,10
12/18/2008,SFF,WA,ANM,WE,Federal Contract Tower,0,1,1,0,2,0,0,1,0,1,0,1,2,0,3,0,0,0,3
12/19/2008,SFF,WA,ANM,WE,Federal Contract Tower,0,9,8,0,17,0,1,0,0,1,0,10,8,0,18,0,0,0,18
12/20/2008,SFF,WA,ANM,WE,Federal Contract Tower,0,5,4,0,9,0,12,37,0,49,0,17,41,0,58,18,0,18,76
12/21/2008,SFF,WA,ANM,WE,Federal Contract Tower,0,4,0,0,4,0,0,0,0,0,0,4,0,0,4,0,0,0,4
12/22/2008,SFF,WA,ANM,WE,Federal Contract Tower,0,4,6,0,10,0,0,0,0,0,0,4,6,0,10,0,0,0,10
12/23/2008,SFF,WA,ANM,WE,Federal Contract Tower,0,4,2,0,6,0,3,0,0,3,0,7,2,0,9,0,0,0,9
12/24/2008,SFF,WA,ANM,WE,Federal Contract Tower,0,6,2,0,8,0,3,3,0,6,0,9,5,0,14,5,0,5,19
12/25/2008,SFF,WA,ANM,WE,Federal Contract Tower,0,0,0,0,0,0,0,0,0,0,0,0,0,0,0,0,0,0,0
12/26/2008,SFF,WA,ANM,WE,Federal Contract Tower,0,6,4,0,10,0,0,11,0,11,0,6,15,0,21,28,0,28,49
12/27/2008,SFF,WA,ANM,WE,Federal Contract Tower,0,3,4,0,7,0,0,7,0,7,0,3,11,0,14,18,0,18,32
12/28/2008,SFF,WA,ANM,WE,Federal Contract Tower,0,5,3,0,8,0,1,6,0,7,0,6,9,0,15,28,0,28,43
12/29/2008,SFF,WA,ANM,WE,Federal Contract Tower,0,2,2,0,4,0,9,0,0,9,0,11,2,0,13,0,0,0,13
12/30/2008,SFF,WA,ANM,WE,Federal Contract Tower,0,5,3,0,8,0,7,27,0,34,0,12,30,0,42,17,0,17,59
12/31/2008,SFF,WA,ANM,WE,Federal Contract Tower,0,10,0,0,10,0,8,0,0,8,0,18,0,0,18,2,0,2,20
01/01/2009,SFF,WA,ANM,WE,Federal Contract Tower,0,0,3,0,3,0,0,0,0,0,0,0,3,0,3,0,0,0,3
01/02/2009,SFF,WA,ANM,WE,Federal Contract Tower,0,4,3,0,7,0,10,9,0,19,0,14,12,0,26,0,0,0,26
01/03/2009,SFF,WA,ANM,WE,Federal Contract Tower,0,4,3,0,7,0,7,16,0,23,0,11,19,0,30,70,0,70,100
01/04/2009,SFF,WA,ANM,WE,Federal Contract Tower,0,5,9,0,14,0,5,38,0,43,0,10,47,0,57,16,0,16,73
01/05/2009,SFF,WA,ANM,WE,Federal Contract Tower,0,8,2,0,10,0,0,0,0,0,0,8,2,0,10,0,0,0,10
01/06/2009,SFF,WA,ANM,WE,Federal Contract Tower,0,10,2,0,12,0,0,0,0,0,0,10,2,0,12,0,0,0,12
01/07/2009,SFF,WA,ANM,WE,Federal Contract Tower,0,7,5,0,12,0,15,12,0,27,0,22,17,0,39,18,0,18,57
01/08/2009,SFF,WA,ANM,WE,Federal Contract Tower,0,12,6,0,18,0,18,28,0,46,0,30,34,0,64,21,0,21,85
01/09/2009,SFF,WA,ANM,WE,Federal Contract Tower,0,4,7,0,11,0,6,44,0,50,0,10,51,0,61,82,0,82,143
01/10/2009,SFF,WA,ANM,WE,Federal Contract Tower,0,4,1,0,5,0,2,21,0,23,0,6,22,0,28,112,0,112,140
01/11/2009,SFF,WA,ANM,WE,Federal Contract Tower,0,4,4,0,8,0,0,5,0,5,0,4,9,0,13,24,0,24,37
01/12/2009,SFF,WA,ANM,WE,Federal Contract Tower,0,19,2,0,21,0,0,0,0,0,0,19,2,0,21,0,0,0,21
01/13/2009,SFF,WA,ANM,WE,Federal Contract Tower,0,35,9,0,44,0,12,26,0,38,0,47,35,0,82,106,0,106,188
01/14/2009,SFF,WA,ANM,WE,Federal Contract Tower,0,23,4,0,27,0,0,0,0,0,0,23,4,0,27,0,0,0,27
01/15/2009,SFF,WA,ANM,WE,Federal Contract Tower,0,21,11,0,32,0,0,0,0,0,0,21,11,0,32,0,0,0,32
01/16/2009,SFF,WA,ANM,WE,Federal Contract Tower,0,24,3,0,27,0,0,0,0,0,0,24,3,0,27,0,0,0,27
01/17/2009,SFF,WA,ANM,WE,Federal Contract Tower,0,17,4,0,21,0,1,23,0,24,0,18,27,0,45,52,0,52,97
01/18/2009,SFF,WA,ANM,WE,Federal Contract Tower,0,2,7,0,9,0,2,82,0,84,0,4,89,0,93,42,0,42,135
01/19/2009,SFF,WA,ANM,WE,Federal Contract Tower,0,2,10,0,12,0,2,26,0,28,0,4,36,0,40,60,0,60,100
01/20/2009,SFF,WA,ANM,WE,Federal Contract Tower,0,11,24,0,35,0,0,2,0,2,0,11,26,0,37,44,0,44,81
01/21/2009,SFF,WA,ANM,WE,Federal Contract Tower,0,15,15,0,30,0,0,0,0,0,0,15,15,0,30,60,0,60,90
01/22/2009,SFF,WA,ANM,WE,Federal Contract Tower,0,17,24,0,41,0,0,0,0,0,0,17,24,0,41,83,0,83,124
01/23/2009,SFF,WA,ANM,WE,Federal Contract Tower,0,8,9,0,17,0,8,45,0,53,0,16,54,0,70,192,0,192,262
01/24/2009,SFF,WA,ANM,WE,Federal Contract Tower,0,10,5,0,15,0,24,51,0,75,0,34,56,0,90,94,0,94,184
01/25/2009,SFF,WA,ANM,WE,Federal Contract Tower,0,5,10,0,15,0,8,44,0,52,0,13,54,0,67,27,0,27,94
01/26/2009,SFF,WA,ANM,WE,Federal Contract Tower,0,5,12,0,17,0,21,68,0,89,0,26,80,0,106,100,0,100,206
01/27/2009,SFF,WA,ANM,WE,Federal Contract Tower,0,10,6,0,16,0,15,21,1,37,0,25,27,1,53,89,0,89,142
01/28/2009,SFF,WA,ANM,WE,Federal Contract Tower,0,11,5,0,16,0,4,36,0,40,0,15,41,0,56,195,0,195,251
01/29/2009,SFF,WA,ANM,WE,Federal Contract Tower,0,10,8,0,18,0,7,36,0,43,0,17,44,0,61,77,0,77,138
01/30/2009,SFF,WA,ANM,WE,Federal Contract Tower,0,9,12,0,21,0,10,45,0,55,0,19,57,0,76,91,0,91,167
01/31/2009,SFF,WA,ANM,WE,Federal Contract Tower,0,4,8,0,12,0,7,94,0,101,0,11,102,0,113,56,0,56,169
02/01/2009,SFF,WA,ANM,WE,Federal Contract Tower,0,2,1,0,3,0,2,48,0,50,0,4,49,0,53,75,0,75,128
02/02/2009,SFF,WA,ANM,WE,Federal Contract Tower,0,7,5,0,12,0,6,28,0,34,0,13,33,0,46,46,0,46,92
02/03/2009,SFF,WA,ANM,WE,Federal Contract Tower,0,13,18,0,31,0,11,48,0,59,0,24,66,0,90,79,0,79,169
02/04/2009,SFF,WA,ANM,WE,Federal Contract Tower,0,14,11,0,25,0,1,63,0,64,0,15,74,0,89,59,0,59,148
02/05/2009,SFF,WA,ANM,WE,Federal Contract Tower,0,7,7,2,16,0,7,58,0,65,0,14,65,2,81,146,0,146,227
02/06/2009,SFF,WA,ANM,WE,Federal Contract Tower,0,11,4,0,15,0,0,9,0,9,0,11,13,0,24,68,0,68,92
02/07/2009,SFF,WA,ANM,WE,Federal Contract Tower,0,8,19,0,27,0,2,14,0,16,0,10,33,0,43,80,0,80,123
02/08/2009,SFF,WA,ANM,WE,Federal Contract Tower,0,2,7,0,9,0,1,73,0,74,0,3,80,0,83,71,0,71,154
02/09/2009,SFF,WA,ANM,WE,Federal Contract Tower,0,16,0,0,16,0,0,5,0,5,0,16,5,0,21,42,0,42,63
02/10/2009,SFF,WA,ANM,WE,Federal Contract Tower,0,8,3,0,11,0,8,17,0,25,0,16,20,0,36,79,0,79,115
02/11/2009,SFF,WA,ANM,WE,Federal Contract Tower,0,6,1,0,7,0,5,15,0,20,0,11,16,0,27,138,0,138,165
02/12/2009,SFF,WA,ANM,WE,Federal Contract Tower,0,10,14,0,24,0,7,51,0,58,0,17,65,0,82,79,0,79,161
02/13/2009,SFF,WA,ANM,WE,Federal Contract Tower,0,3,15,4,22,0,11,71,0,82,0,14,86,4,104,151,0,151,255
02/14/2009,SFF,WA,ANM,WE,Federal Contract Tower,0,10,3,0,13,0,4,26,0,30,0,14,29,0,43,108,0,108,151
02/15/2009,SFF,WA,ANM,WE,Federal Contract Tower,0,0,10,1,11,0,4,39,1,44,0,4,49,2,55,34,0,34,89
02/16/2009,SFF,WA,ANM,WE,Federal Contract Tower,0,2,11,0,13,0,6,67,0,73,0,8,78,0,86,136,0,136,222
02/17/2009,SFF,WA,ANM,WE,Federal Contract Tower,0,17,9,0,26,0,8,41,0,49,0,25,50,0,75,162,0,162,237
02/18/2009,SFF,WA,ANM,WE,Federal Contract Tower,0,11,5,0,16,0,4,22,0,26,0,15,27,0,42,114,0,114,156
02/19/2009,SFF,WA,ANM,WE,Federal Contract Tower,0,6,14,0,20,0,1,12,0,13,0,7,26,0,33,56,0,56,89
02/20/2009,SFF,WA,ANM,WE,Federal Contract Tower,0,9,12,0,21,0,4,34,0,38,0,13,46,0,59,61,0,61,120
02/21/2009,SFF,WA,ANM,WE,Federal Contract Tower,0,6,5,0,11,0,8,63,0,71,0,14,68,0,82,103,0,103,185
02/22/2009,SFF,WA,ANM,WE,Federal Contract Tower,0,3,5,0,8,0,4,33,0,37,0,7,38,0,45,24,0,24,69
02/23/2009,SFF,WA,ANM,WE,Federal Contract Tower,0,13,1,0,14,0,11,5,0,16,0,24,6,0,30,112,0,112,142
02/24/2009,SFF,WA,ANM,WE,Federal Contract Tower,0,4,7,0,11,0,13,11,0,24,0,17,18,0,35,51,0,51,86
02/25/2009,SFF,WA,ANM,WE,Federal Contract Tower,0,6,2,0,8,0,6,34,0,40,0,12,36,0,48,119,0,119,167
02/26/2009,SFF,WA,ANM,WE,Federal Contract Tower,0,8,3,2,13,0,7,22,0,29,0,15,25,2,42,46,0,46,88
02/27/2009,SFF,WA,ANM,WE,Federal Contract Tower,0,6,9,0,15,0,7,72,0,79,0,13,81,0,94,190,0,190,284
02/28/2009,SFF,WA,ANM,WE,Federal Contract Tower,0,4,7,0,11,0,10,74,0,84,0,14,81,0,95,80,0,80,175
03/01/2009,SFF,WA,ANM,WE,Federal Contract Tower,0,5,6,0,11,0,4,31,0,35,0,9,37,0,46,32,0,32,78
03/02/2009,SFF,WA,ANM,WE,Federal Contract Tower,0,13,5,0,18,0,5,30,0,35,0,18,35,0,53,106,0,106,159
03/03/2009,SFF,WA,ANM,WE,Federal Contract Tower,0,5,6,0,11,0,6,38,0,44,0,11,44,0,55,97,0,97,152
03/04/2009,SFF,WA,ANM,WE,Federal Contract Tower,0,3,8,0,11,0,2,33,0,35,0,5,41,0,46,122,0,122,168
03/05/2009,SFF,WA,ANM,WE,Federal Contract Tower,0,7,12,0,19,0,4,8,0,12,0,11,20,0,31,47,0,47,78
03/06/2009,SFF,WA,ANM,WE,Federal Contract Tower,0,1,6,0,7,0,11,59,0,70,0,12,65,0,77,104,0,104,181
03/07/2009,SFF,WA,ANM,WE,Federal Contract Tower,0,7,4,2,13,0,2,8,0,10,0,9,12,2,23,6,0,6,29
03/08/2009,SFF,WA,ANM,WE,Federal Contract Tower,0,2,2,0,4,0,7,19,0,26,0,9,21,0,30,30,0,30,60
03/09/2009,SFF,WA,ANM,WE,Federal Contract Tower,0,7,2,0,9,0,0,0,0,0,0,7,2,0,9,26,0,26,35
03/10/2009,SFF,WA,ANM,WE,Federal Contract Tower,0,3,5,0,8,0,12,62,0,74,0,15,67,0,82,184,0,184,266
03/11/2009,SFF,WA,ANM,WE,Federal Contract Tower,0,4,19,0,23,0,14,81,0,95,0,18,100,0,118,150,0,150,268
03/12/2009,SFF,WA,ANM,WE,Federal Contract Tower,0,3,11,0,14,0,2,93,0,95,0,5,104,0,109,148,0,148,257
03/13/2009,SFF,WA,ANM,WE,Federal Contract Tower,0,2,5,0,7,0,18,109,0,127,0,20,114,0,134,121,0,121,255
03/14/2009,SFF,WA,ANM,WE,Federal Contract Tower,0,5,4,0,9,0,11,29,0,40,0,16,33,0,49,72,0,72,121
03/15/2009,SFF,WA,ANM,WE,Federal Contract Tower,0,8,3,0,11,0,7,2,0,9,0,15,5,0,20,0,0,0,20
03/16/2009,SFF,WA,ANM,WE,Federal Contract Tower,0,6,10,0,16,0,11,22,0,33,0,17,32,0,49,36,0,36,85
03/17/2009,SFF,WA,ANM,WE,Federal Contract Tower,0,8,12,0,20,0,4,37,0,41,0,12,49,0,61,58,0,58,119
03/18/2009,SFF,WA,ANM,WE,Federal Contract Tower,0,9,10,0,19,0,6,86,0,92,0,15,96,0,111,145,0,145,256
03/19/2009,SFF,WA,ANM,WE,Federal Contract Tower,0,5,14,0,19,0,7,54,1,62,0,12,68,1,81,134,0,134,215
03/20/2009,SFF,WA,ANM,WE,Federal Contract Tower,0,6,13,0,19,0,9,69,0,78,0,15,82,0,97,102,0,102,199
03/21/2009,SFF,WA,ANM,WE,Federal Contract Tower,0,6,2,0,8,0,5,75,0,80,0,11,77,0,88,121,0,121,209
03/22/2009,SFF,WA,ANM,WE,Federal Contract Tower,0,4,7,0,11,0,2,1,0,3,0,6,8,0,14,4,0,4,18
03/23/2009,SFF,WA,ANM,WE,Federal Contract Tower,0,7,7,0,14,0,10,51,0,61,0,17,58,0,75,168,0,168,243
03/24/2009,SFF,WA,ANM,WE,Federal Contract Tower,0,6,5,0,11,0,4,12,0,16,0,10,17,0,27,35,0,35,62
03/25/2009,SFF,WA,ANM,WE,Federal Contract Tower,0,5,8,0,13,0,8,65,0,73,0,13,73,0,86,153,0,153,239
03/26/2009,SFF,WA,ANM,WE,Federal Contract Tower,0,4,7,2,13,0,6,109,0,115,0,10,116,2,128,92,0,92,220
03/27/2009,SFF,WA,ANM,WE,Federal Contract Tower,0,7,10,0,17,0,4,74,0,78,0,11,84,0,95,141,0,141,236
03/28/2009,SFF,WA,ANM,WE,Federal Contract Tower,0,5,5,0,10,0,10,33,0,43,0,15,38,0,53,86,0,86,139
03/29/2009,SFF,WA,ANM,WE,Federal Contract Tower,0,2,4,0,6,0,4,1,0,5,0,6,5,0,11,0,0,0,11
03/30/2009,SFF,WA,ANM,WE,Federal Contract Tower,0,11,7,1,19,0,14,46,1,61,0,25,53,2,80,135,0,135,215
03/31/2009,SFF,WA,ANM,WE,Federal Contract Tower,0,10,2,0,12,0,4,10,0,14,0,14,12,0,26,73,0,73,99
04/01/2009,SFF,WA,ANM,WE,Federal Contract Tower,0,5,6,0,11,0,1,29,0,30,0,6,35,0,41,195,0,195,236
04/02/2009,SFF,WA,ANM,WE,Federal Contract Tower,0,12,0,0,12,0,0,11,0,11,0,12,11,0,23,11,0,11,34
04/03/2009,SFF,WA,ANM,WE,Federal Contract Tower,0,8,6,0,14,0,5,21,0,26,0,13,27,0,40,54,0,54,94
04/04/2009,SFF,WA,ANM,WE,Federal Contract Tower,0,5,6,0,11,0,11,104,0,115,0,16,110,0,126,178,0,178,304
04/05/2009,SFF,WA,ANM,WE,Federal Contract Tower,0,0,11,0,11,0,14,125,0,139,0,14,136,0,150,134,0,134,284
04/06/2009,SFF,WA,ANM,WE,Federal Contract Tower,0,6,8,0,14,0,18,89,0,107,0,24,97,0,121,340,0,340,461
04/07/2009,SFF,WA,ANM,WE,Federal Contract Tower,0,3,8,1,12,0,8,140,2,150,0,11,148,3,162,226,0,226,388
04/08/2009,SFF,WA,ANM,WE,Federal Contract Tower,0,5,9,0,14,0,14,105,0,119,0,19,114,0,133,242,0,242,375
04/09/2009,SFF,WA,ANM,WE,Federal Contract Tower,0,5,4,0,9,0,5,85,0,90,0,10,89,0,99,207,0,207,306
04/10/2009,SFF,WA,ANM,WE,Federal Contract Tower,0,4,4,0,8,0,17,70,0,87,0,21,74,0,95,192,0,192,287
04/11/2009,SFF,WA,ANM,WE,Federal Contract Tower,0,4,3,0,7,0,20,48,0,68,0,24,51,0,75,82,0,82,157
04/12/2009,SFF,WA,ANM,WE,Federal Contract Tower,0,3,2,0,5,0,6,24,0,30,0,9,26,0,35,6,0,6,41
04/13/2009,SFF,WA,ANM,WE,Federal Contract Tower,0,11,8,0,19,0,9,26,0,35,0,20,34,0,54,57,0,57,111
04/14/2009,SFF,WA,ANM,WE,Federal Contract Tower,0,4,6,0,10,0,8,48,0,56,0,12,54,0,66,84,0,84,150
04/15/2009,SFF,WA,ANM,WE,Federal Contract Tower,0,6,4,0,10,0,8,93,0,101,0,14,97,0,111,103,0,103,214
04/16/2009,SFF,WA,ANM,WE,Federal Contract Tower,0,4,8,0,12,0,12,122,0,134,0,16,130,0,146,169,0,169,315
04/17/2009,SFF,WA,ANM,WE,Federal Contract Tower,0,5,12,0,17,0,15,73,0,88,0,20,85,0,105,232,0,232,337
04/18/2009,SFF,WA,ANM,WE,Federal Contract Tower,0,3,4,0,7,0,5,137,0,142,0,8,141,0,149,154,0,154,303
04/19/2009,SFF,WA,ANM,WE,Federal Contract Tower,0,1,7,0,8,0,19,73,0,92,0,20,80,0,100,102,0,102,202
04/20/2009,SFF,WA,ANM,WE,Federal Contract Tower,0,3,4,0,7,0,11,98,0,109,0,14,102,0,116,214,0,214,330
04/21/2009,SFF,WA,ANM,WE,Federal Contract Tower,0,3,20,0,23,0,10,107,0,117,0,13,127,0,140,264,0,264,404
04/22/2009,SFF,WA,ANM,WE,Federal Contract Tower,0,6,10,0,16,0,8,64,0,72,0,14,74,0,88,65,0,65,153
04/23/2009,SFF,WA,ANM,WE,Federal Contract Tower,0,7,5,0,12,0,4,27,0,31,0,11,32,0,43,121,0,121,164
04/24/2009,SFF,WA,ANM,WE,Federal Contract Tower,0,1,10,0,11,0,9,90,0,99,0,10,100,0,110,230,0,230,340
04/25/2009,SFF,WA,ANM,WE,Federal Contract Tower,0,4,8,0,12,0,10,74,0,84,0,14,82,0,96,181,0,181,277
04/26/2009,SFF,WA,ANM,WE,Federal Contract Tower,0,4,7,0,11,0,16,59,0,75,0,20,66,0,86,98,0,98,184
04/27/2009,SFF,WA,ANM,WE,Federal Contract Tower,0,10,2,0,12,0,11,54,0,65,0,21,56,0,77,120,0,120,197
04/28/2009,SFF,WA,ANM,WE,Federal Contract Tower,0,7,8,0,15,0,5,11,0,16,0,12,19,0,31,4,0,4,35
04/29/2009,SFF,WA,ANM,WE,Federal Contract Tower,0,7,3,0,10,0,9,61,0,70,0,16,64,0,80,99,0,99,179
04/30/2009,SFF,WA,ANM,WE,Federal Contract Tower,0,5,13,0,18,0,9,135,0,144,0,14,148,0,162,222,0,222,384
05/01/2009,SFF,WA,ANM,WE,Federal Contract Tower,0,4,7,0,11,0,14,139,0,153,0,18,146,0,164,320,0,320,484
05/02/2009,SFF,WA,ANM,WE,Federal Contract Tower,0,5,0,0,5,0,6,147,0,153,0,11,147,0,158,62,0,62,220
05/03/2009,SFF,WA,ANM,WE,Federal Contract Tower,0,3,3,0,6,0,21,34,0,55,0,24,37,0,61,56,0,56,117
05/04/2009,SFF,WA,ANM,WE,Federal Contract Tower,0,6,8,0,14,0,5,46,0,51,0,11,54,0,65,162,0,162,227
05/05/2009,SFF,WA,ANM,WE,Federal Contract Tower,0,5,2,0,7,0,6,8,0,14,0,11,10,0,21,20,0,20,41
05/06/2009,SFF,WA,ANM,WE,Federal Contract Tower,0,6,7,0,13,0,3,58,0,61,0,9,65,0,74,226,0,226,300
05/07/2009,SFF,WA,ANM,WE,Federal Contract Tower,0,3,10,0,13,0,8,21,0,29,0,11,31,0,42,54,0,54,96
05/08/2009,SFF,WA,ANM,WE,Federal Contract Tower,0,2,4,0,6,0,13,131,0,144,0,15,135,0,150,122,0,122,272
05/09/2009,SFF,WA,ANM,WE,Federal Contract Tower,0,4,6,0,10,0,6,137,0,143,0,10,143,0,153,136,0,136,289
05/10/2009,SFF,WA,ANM,WE,Federal Contract Tower,0,0,3,0,3,0,4,97,0,101,0,4,100,0,104,54,0,54,158
05/11/2009,SFF,WA,ANM,WE,Federal Contract Tower,0,12,7,0,19,0,6,48,0,54,0,18,55,0,73,47,0,47,120
05/12/2009,SFF,WA,ANM,WE,Federal Contract Tower,0,4,12,0,16,0,12,27,0,39,0,16,39,0,55,27,0,27,82
05/13/2009,SFF,WA,ANM,WE,Federal Contract Tower,0,5,10,0,15,0,7,92,0,99,0,12,102,0,114,119,0,119,233
05/14/2009,SFF,WA,ANM,WE,Federal Contract Tower,0,8,12,0,20,0,15,26,0,41,0,23,38,0,61,28,0,28,89
05/15/2009,SFF,WA,ANM,WE,Federal Contract Tower,0,3,14,0,17,0,13,155,0,168,0,16,169,0,185,258,0,258,443
05/16/2009,SFF,WA,ANM,WE,Federal Contract Tower,0,3,8,0,11,0,24,111,0,135,0,27,119,0,146,144,0,144,290
05/17/2009,SFF,WA,ANM,WE,Federal Contract Tower,0,1,4,0,5,0,11,107,0,118,0,12,111,0,123,22,0,22,145
05/18/2009,SFF,WA,ANM,WE,Federal Contract Tower,0,3,14,0,17,0,15,94,0,109,0,18,108,0,126,86,0,86,212
05/19/2009,SFF,WA,ANM,WE,Federal Contract Tower,0,5,6,0,11,0,4,18,0,22,0,9,24,0,33,0,0,0,33
05/20/2009,SFF,WA,ANM,WE,Federal Contract Tower,0,4,15,0,19,0,30,83,0,113,0,34,98,0,132,118,0,118,250
05/21/2009,SFF,WA,ANM,WE,Federal Contract Tower,0,2,16,0,18,0,9,127,0,136,0,11,143,0,154,204,0,204,358
05/22/2009,SFF,WA,ANM,WE,Federal Contract Tower,0,2,9,0,11,0,15,99,0,114,0,17,108,0,125,196,0,196,321
05/23/2009,SFF,WA,ANM,WE,Federal Contract Tower,0,3,5,0,8,0,15,103,0,118,0,18,108,0,126,94,0,94,220
05/24/2009,SFF,WA,ANM,WE,Federal Contract Tower,0,1,6,0,7,0,22,74,0,96,0,23,80,0,103,34,0,34,137
05/25/2009,SFF,WA,ANM,WE,Federal Contract Tower,0,1,15,0,16,0,14,93,0,107,0,15,108,0,123,59,0,59,182
05/26/2009,SFF,WA,ANM,WE,Federal Contract Tower,0,4,10,0,14,0,8,53,0,61,0,12,63,0,75,75,0,75,150
05/27/2009,SFF,WA,ANM,WE,Federal Contract Tower,0,4,10,0,14,0,24,92,0,116,0,28,102,0,130,238,0,238,368
05/28/2009,SFF,WA,ANM,WE,Federal Contract Tower,0,2,8,0,10,0,12,106,0,118,0,14,114,0,128,95,0,95,223
05/29/2009,SFF,WA,ANM,WE,Federal Contract Tower,0,2,19,0,21,0,7,117,0,124,0,9,136,0,145,115,0,115,260
05/30/2009,SFF,WA,ANM,WE,Federal Contract Tower,0,4,4,0,8,0,18,114,0,132,0,22,118,0,140,39,0,39,179
05/31/2009,SFF,WA,ANM,WE,Federal Contract Tower,0,0,5,0,5,0,5,69,0,74,0,5,74,0,79,10,0,10,89
06/01/2009,SFF,WA,ANM,WE,Federal Contract Tower,0,3,7,0,10,0,18,49,0,67,0,21,56,0,77,18,0,18,95
06/02/2009,SFF,WA,ANM,WE,Federal Contract Tower,0,3,12,0,15,0,16,95,0,111,0,19,107,0,126,166,0,166,292
06/03/2009,SFF,WA,ANM,WE,Federal Contract Tower,0,2,12,0,14,0,6,120,0,126,0,8,132,0,140,240,0,240,380
06/04/2009,SFF,WA,ANM,WE,Federal Contract Tower,0,3,10,0,13,0,17,120,0,137,0,20,130,0,150,61,0,61,211
06/05/2009,SFF,WA,ANM,WE,Federal Contract Tower,0,3,7,0,10,0,11,80,0,91,0,14,87,0,101,84,0,84,185
06/06/2009,SFF,WA,ANM,WE,Federal Contract Tower,0,7,8,0,15,0,4,47,0,51,0,11,55,0,66,30,0,30,96
06/07/2009,SFF,WA,ANM,WE,Federal Contract Tower,0,3,7,0,10,0,9,85,0,94,0,12,92,0,104,60,0,60,164
06/08/2009,SFF,WA,ANM,WE,Federal Contract Tower,0,7,13,0,20,0,10,56,0,66,0,17,69,0,86,112,0,112,198
06/09/2009,SFF,WA,ANM,WE,Federal Contract Tower,0,2,12,0,14,0,7,129,0,136,0,9,141,0,150,85,0,85,235
06/10/2009,SFF,WA,ANM,WE,Federal Contract Tower,0,2,14,0,16,0,16,93,0,109,0,18,107,0,125,143,0,143,268
06/11/2009,SFF,WA,ANM,WE,Federal Contract Tower,0,9,14,2,25,0,5,130,0,135,0,14,144,2,160,134,0,134,294
06/12/2009,SFF,WA,ANM,WE,Federal Contract Tower,0,4,4,0,8,0,26,73,0,99,0,30,77,0,107,93,0,93,200
06/13/2009,SFF,WA,ANM,WE,Federal Contract Tower,0,2,1,0,3,0,6,170,2,178,0,8,171,2,181,10,0,10,191
06/14/2009,SFF,WA,ANM,WE,Federal Contract Tower,0,1,5,0,6,0,1,35,0,36,0,2,40,0,42,50,0,50,92
06/15/2009,SFF,WA,ANM,WE,Federal Contract Tower,0,4,13,0,17,0,12,71,0,83,0,16,84,0,100,104,0,104,204
06/16/2009,SFF,WA,ANM,WE,Federal Contract Tower,0,8,17,0,25,0,14,125,0,139,0,22,142,0,164,135,0,135,299
06/17/2009,SFF,WA,ANM,WE,Federal Contract Tower,0,9,12,0,21,0,21,79,0,100,0,30,91,0,121,65,0,65,186
06/18/2009,SFF,WA,ANM,WE,Federal Contract Tower,0,16,12,0,28,0,19,100,0,119,0,35,112,0,147,212,0,212,359
06/19/2009,SFF,WA,ANM,WE,Federal Contract Tower,0,8,8,0,16,0,9,59,0,68,0,17,67,0,84,90,0,90,174
06/20/2009,SFF,WA,ANM,WE,Federal Contract Tower,0,4,4,0,8,0,17,88,0,105,0,21,92,0,113,94,0,94,207
06/21/2009,SFF,WA,ANM,WE,Federal Contract Tower,0,5,3,0,8,0,13,75,0,88,0,18,78,0,96,50,0,50,146
06/22/2009,SFF,WA,ANM,WE,Federal Contract Tower,0,7,17,0,24,0,11,42,0,53,0,18,59,0,77,72,0,72,149
06/23/2009,SFF,WA,ANM,WE,Federal Contract Tower,0,4,17,0,21,0,7,114,0,121,0,11,131,0,142,202,0,202,344
06/24/2009,SFF,WA,ANM,WE,Federal Contract Tower,0,9,21,0,30,0,17,96,0,113,0,26,117,0,143,140,0,140,283
06/25/2009,SFF,WA,ANM,WE,Federal Contract Tower,0,4,16,0,20,0,16,59,0,75,0,20,75,0,95,109,0,109,204
06/26/2009,SFF,WA,ANM,WE,Federal Contract Tower,0,3,14,0,17,0,10,102,0,112,0,13,116,0,129,92,0,92,221
06/27/2009,SFF,WA,ANM,WE,Federal Contract Tower,0,2,7,0,9,0,9,147,0,156,0,11,154,0,165,41,0,41,206
06/28/2009,SFF,WA,ANM,WE,Federal Contract Tower,0,12,0,0,12,0,9,87,0,96,0,21,87,0,108,32,0,32,140
06/29/2009,SFF,WA,ANM,WE,Federal Contract Tower,0,10,14,0,24,0,10,80,0,90,0,20,94,0,114,92,2,94,208
06/30/2009,SFF,WA,ANM,WE,Federal Contract Tower,0,4,9,0,13,0,12,79,0,91,0,16,88,0,104,101,0,101,205
07/01/2009,SFF,WA,ANM,WE,Federal Contract Tower,0,3,5,0,8,0,11,118,0,129,0,14,123,0,137,137,0,137,274
07/02/2009,SFF,WA,ANM,WE,Federal Contract Tower,0,3,9,0,12,0,8,125,0,133,0,11,134,0,145,122,0,122,267
07/03/2009,SFF,WA,ANM,WE,Federal Contract Tower,0,5,7,0,12,0,11,81,0,92,0,16,88,0,104,44,0,44,148
07/04/2009,SFF,WA,ANM,WE,Federal Contract Tower,0,0,1,0,1,0,16,55,0,71,0,16,56,0,72,29,0,29,101
07/05/2009,SFF,WA,ANM,WE,Federal Contract Tower,0,0,6,0,6,0,11,60,0,71,0,11,66,0,77,12,0,12,89
07/06/2009,SFF,WA,ANM,WE,Federal Contract Tower,0,6,8,0,14,0,18,37,0,55,0,24,45,0,69,50,0,50,119
07/07/2009,SFF,WA,ANM,WE,Federal Contract Tower,0,3,7,0,10,0,14,90,0,104,0,17,97,0,114,44,0,44,158
07/08/2009,SFF,WA,ANM,WE,Federal Contract Tower,0,5,13,0,18,0,6,72,0,78,0,11,85,0,96,57,0,57,153
07/09/2009,SFF,WA,ANM,WE,Federal Contract Tower,0,3,12,0,15,0,20,108,0,128,0,23,120,0,143,141,0,141,284
07/10/2009,SFF,WA,ANM,WE,Federal Contract Tower,0,6,3,0,9,0,15,97,0,112,0,21,100,0,121,70,0,70,191
07/11/2009,SFF,WA,ANM,WE,Federal Contract Tower,0,5,5,0,10,0,8,85,0,93,0,13,90,0,103,20,0,20,123
07/12/2009,SFF,WA,ANM,WE,Federal Contract Tower,0,2,1,0,3,0,10,55,0,65,0,12,56,0,68,16,0,16,84
07/13/2009,SFF,WA,ANM,WE,Federal Contract Tower,0,7,3,0,10,0,7,19,0,26,0,14,22,0,36,51,0,51,87
07/14/2009,SFF,WA,ANM,WE,Federal Contract Tower,0,5,8,0,13,0,12,118,0,130,0,17,126,0,143,146,0,146,289
07/15/2009,SFF,WA,ANM,WE,Federal Contract Tower,0,5,9,0,14,0,10,128,0,138,0,15,137,0,152,65,0,65,217
07/16/2009,SFF,WA,ANM,WE,Federal Contract Tower,0,4,11,2,17,0,7,144,0,151,0,11,155,2,168,54,0,54,222
07/17/2009,SFF,WA,ANM,WE,Federal Contract Tower,0,3,10,0,13,0,22,185,0,207,0,25,195,0,220,96,0,96,316
07/18/2009,SFF,WA,ANM,WE,Federal Contract Tower,0,1,5,0,6,0,11,223,0,234,0,12,228,0,240,56,0,56,296
07/19/2009,SFF,WA,ANM,WE,Federal Contract Tower,0,0,6,0,6,0,6,114,0,120,0,6,120,0,126,56,0,56,182
07/20/2009,SFF,WA,ANM,WE,Federal Contract Tower,0,2,5,0,7,0,9,98,0,107,0,11,103,0,114,56,0,56,170
07/21/2009,SFF,WA,ANM,WE,Federal Contract Tower,0,5,10,0,15,0,21,118,0,139,0,26,128,0,154,96,0,96,250
07/22/2009,SFF,WA,ANM,WE,Federal Contract Tower,0,4,14,0,18,0,14,122,0,136,0,18,136,0,154,75,0,75,229
07/23/2009,SFF,WA,ANM,WE,Federal Contract Tower,0,3,8,2,13,0,12,105,0,117,0,15,113,2,130,66,0,66,196
07/24/2009,SFF,WA,ANM,WE,Federal Contract Tower,0,8,6,0,14,0,8,102,1,111,0,16,108,1,125,144,0,144,269
07/25/2009,SFF,WA,ANM,WE,Federal Contract Tower,0,3,3,0,6,0,10,91,0,101,0,13,94,0,107,92,0,92,199
07/26/2009,SFF,WA,ANM,WE,Federal Contract Tower,0,4,10,0,14,0,16,97,0,113,0,20,107,0,127,10,0,10,137
07/27/2009,SFF,WA,ANM,WE,Federal Contract Tower,0,4,3,0,7,0,10,85,2,97,0,14,88,2,104,89,0,89,193
07/28/2009,SFF,WA,ANM,WE,Federal Contract Tower,0,3,9,0,12,0,9,105,0,114,0,12,114,0,126,184,0,184,310
07/29/2009,SFF,WA,ANM,WE,Federal Contract Tower,0,5,14,0,19,0,20,136,0,156,0,25,150,0,175,175,0,175,350
07/30/2009,SFF,WA,ANM,WE,Federal Contract Tower,0,7,7,0,14,0,21,76,6,103,0,28,83,6,117,185,2,187,304
07/31/2009,SFF,WA,ANM,WE,Federal Contract Tower,0,2,13,0,15,0,7,99,8,114,0,9,112,8,129,61,0,61,190
08/01/2009,SFF,WA,ANM,WE,Federal Contract Tower,0,3,2,0,5,0,14,131,0,145,0,17,133,0,150,16,0,16,166
08/02/2009,SFF,WA,ANM,WE,Federal Contract Tower,0,0,2,0,2,0,2,73,0,75,0,2,75,0,77,62,0,62,139
08/03/2009,SFF,WA,ANM,WE,Federal Contract Tower,0,5,10,0,15,0,16,91,0,107,0,21,101,0,122,145,0,145,267
08/04/2009,SFF,WA,ANM,WE,Federal Contract Tower,0,4,7,2,13,0,8,112,0,120,0,12,119,2,133,156,0,156,289
08/05/2009,SFF,WA,ANM,WE,Federal Contract Tower,0,6,2,0,8,0,8,106,0,114,0,14,108,0,122,212,0,212,334
08/06/2009,SFF,WA,ANM,WE,Federal Contract Tower,0,3,7,0,10,0,12,106,0,118,0,15,113,0,128,114,0,114,242
08/07/2009,SFF,WA,ANM,WE,Federal Contract Tower,0,5,15,0,20,0,6,65,0,71,0,11,80,0,91,128,0,128,219
08/08/2009,SFF,WA,ANM,WE,Federal Contract Tower,0,3,9,0,12,0,9,112,0,121,0,12,121,0,133,77,0,77,210
08/09/2009,SFF,WA,ANM,WE,Federal Contract Tower,0,0,11,0,11,0,10,100,0,110,0,10,111,0,121,38,0,38,159
08/10/2009,SFF,WA,ANM,WE,Federal Contract Tower,0,8,8,0,16,0,18,88,0,106,0,26,96,0,122,154,0,154,276
08/11/2009,SFF,WA,ANM,WE,Federal Contract Tower,0,6,7,0,13,0,12,69,0,81,0,18,76,0,94,218,0,218,312
08/12/2009,SFF,WA,ANM,WE,Federal Contract Tower,0,3,22,0,25,0,4,31,0,35,0,7,53,0,60,66,1,67,127
08/13/2009,SFF,WA,ANM,WE,Federal Contract Tower,0,3,6,0,9,0,15,54,0,69,0,18,60,0,78,247,0,247,325
08/14/2009,SFF,WA,ANM,WE,Federal Contract Tower,0,4,11,0,15,0,11,51,0,62,0,15,62,0,77,8,0,8,85
08/15/2009,SFF,WA,ANM,WE,Federal Contract Tower,0,1,2,0,3,0,16,97,0,113,0,17,99,0,116,58,0,58,174
08/16/2009,SFF,WA,ANM,WE,Federal Contract Tower,0,3,11,0,14,0,7,127,0,134,0,10,138,0,148,68,0,68,216
08/17/2009,SFF,WA,ANM,WE,Federal Contract Tower,0,2,6,0,8,0,13,95,0,108,0,15,101,0,116,164,0,164,280
08/18/2009,SFF,WA,ANM,WE,Federal Contract Tower,0,5,4,0,9,0,23,102,0,125,0,28,106,0,134,195,0,195,329
08/19/2009,SFF,WA,ANM,WE,Federal Contract Tower,0,1,6,0,7,0,11,118,0,129,0,12,124,0,136,219,0,219,355
08/20/2009,SFF,WA,ANM,WE,Federal Contract Tower,0,1,12,0,13,0,17,145,2,164,0,18,157,2,177,123,0,123,300
08/21/2009,SFF,WA,ANM,WE,Federal Contract Tower,0,3,2,0,5,0,11,94,0,105,0,14,96,0,110,46,0,46,156
08/22/2009,SFF,WA,ANM,WE,Federal Contract Tower,0,4,6,0,10,0,45,178,0,223,0,49,184,0,233,8,0,8,241
08/23/2009,SFF,WA,ANM,WE,Federal Contract Tower,0,10,0,0,10,0,8,74,0,82,0,18,74,0,92,36,0,36,128
08/24/2009,SFF,WA,ANM,WE,Federal Contract Tower,0,2,4,0,6,0,16,107,0,123,0,18,111,0,129,246,0,246,375
08/25/2009,SFF,WA,ANM,WE,Federal Contract Tower,0,3,6,0,9,0,20,116,0,136,0,23,122,0,145,122,0,122,267
08/26/2009,SFF,WA,ANM,WE,Federal Contract Tower,0,3,21,0,24,0,10,161,0,171,0,13,182,0,195,131,0,131,326
08/27/2009,SFF,WA,ANM,WE,Federal Contract Tower,0,2,5,0,7,0,24,121,0,145,0,26,126,0,152,138,0,138,290
08/28/2009,SFF,WA,ANM,WE,Federal Contract Tower,0,3,8,0,11,0,12,120,0,132,0,15,128,0,143,142,0,142,285
08/29/2009,SFF,WA,ANM,WE,Federal Contract Tower,0,4,3,0,7,0,12,60,0,72,0,16,63,0,79,86,0,86,165
08/30/2009,SFF,WA,ANM,WE,Federal Contract Tower,0,0,4,0,4,0,14,80,0,94,0,14,84,0,98,30,0,30,128
08/31/2009,SFF,WA,ANM,WE,Federal Contract Tower,0,5,8,0,13,0,10,110,0,120,0,15,118,0,133,117,0,117,250
09/01/2009,SFF,WA,ANM,WE,Federal Contract Tower,0,3,1,0,4,0,11,94,0,105,0,14,95,0,109,183,0,183,292
09/02/2009,SFF,WA,ANM,WE,Federal Contract Tower,0,4,1,0,5,0,14,106,0,120,0,18,107,0,125,76,0,76,201
09/03/2009,SFF,WA,ANM,WE,Federal Contract Tower,0,5,7,0,12,0,18,36,0,54,0,23,43,0,66,28,0,28,94
09/04/2009,SFF,WA,ANM,WE,Federal Contract Tower,0,4,5,0,9,0,16,107,0,123,0,20,112,0,132,141,0,141,273
09/05/2009,SFF,WA,ANM,WE,Federal Contract Tower,0,3,3,0,6,0,22,96,0,118,0,25,99,0,124,42,0,42,166
09/06/2009,SFF,WA,ANM,WE,Federal Contract Tower,0,6,4,0,10,0,10,3,0,13,0,16,7,0,23,2,0,2,25
09/07/2009,SFF,WA,ANM,WE,Federal Contract Tower,0,1,2,0,3,0,10,50,0,60,0,11,52,0,63,25,0,25,88
09/08/2009,SFF,WA,ANM,WE,Federal Contract Tower,0,3,6,0,9,0,16,148,0,164,0,19,154,0,173,162,0,162,335
09/09/2009,SFF,WA,ANM,WE,Federal Contract Tower,0,4,9,0,13,0,21,123,0,144,0,25,132,0,157,154,0,154,311
09/10/2009,SFF,WA,ANM,WE,Federal Contract Tower,0,4,5,0,9,0,17,149,0,166,0,21,154,0,175,118,0,118,293
09/11/2009,SFF,WA,ANM,WE,Federal Contract Tower,0,1,9,0,10,0,23,166,0,189,0,24,175,0,199,175,0,175,374
09/12/2009,SFF,WA,ANM,WE,Federal Contract Tower,0,2,4,0,6,0,20,192,0,212,0,22,196,0,218,34,0,34,252
09/13/2009,SFF,WA,ANM,WE,Federal Contract Tower,0,8,0,0,8,0,13,70,0,83,0,21,70,0,91,24,0,24,115
09/14/2009,SFF,WA,ANM,WE,Federal Contract Tower,0,3,7,0,10,0,7,87,0,94,0,10,94,0,104,56,0,56,160
09/15/2009,SFF,WA,ANM,WE,Federal Contract Tower,0,4,2,0,6,0,2,114,0,116,0,6,116,0,122,198,0,198,320
09/16/2009,SFF,WA,ANM,WE,Federal Contract Tower,0,3,5,0,8,0,20,93,0,113,0,23,98,0,121,138,0,138,259
09/17/2009,SFF,WA,ANM,WE,Federal Contract Tower,0,3,4,0,7,0,6,64,0,70,0,9,68,0,77,72,0,72,149
09/18/2009,SFF,WA,ANM,WE,Federal Contract Tower,0,3,8,0,11,0,21,123,0,144,0,24,131,0,155,112,0,112,267
09/19/2009,SFF,WA,ANM,WE,Federal Contract Tower,0,5,5,0,10,0,30,83,0,113,0,35,88,0,123,10,0,10,133
09/20/2009,SFF,WA,ANM,WE,Federal Contract Tower,0,1,5,0,6,0,8,95,0,103,0,9,100,0,109,16,0,16,125
09/21/2009,SFF,WA,ANM,WE,Federal Contract Tower,0,3,5,0,8,0,13,98,0,111,0,16,103,0,119,128,0,128,247
09/22/2009,SFF,WA,ANM,WE,Federal Contract Tower,0,3,7,0,10,0,9,136,1,146,0,12,143,1,156,190,2,192,348
09/23/2009,SFF,WA,ANM,WE,Federal Contract Tower,0,3,8,0,11,0,15,126,0,141,0,18,134,0,152,174,0,174,326
09/24/2009,SFF,WA,ANM,WE,Federal Contract Tower,0,6,11,2,19,0,19,94,0,113,0,25,105,2,132,120,0,120,252
09/25/2009,SFF,WA,ANM,WE,Federal Contract Tower,0,2,8,0,10,0,8,102,0,110,0,10,110,0,120,184,0,184,304
09/26/2009,SFF,WA,ANM,WE,Federal Contract Tower,0,2,2,0,4,0,8,120,0,128,0,10,122,0,132,40,0,40,172
09/27/2009,SFF,WA,ANM,WE,Federal Contract Tower,0,0,6,0,6,0,9,95,0,104,0,9,101,0,110,46,0,46,156
09/28/2009,SFF,WA,ANM,WE,Federal Contract Tower,0,1,8,0,9,0,20,108,0,128,0,21,116,0,137,63,0,63,200
09/29/2009,SFF,WA,ANM,WE,Federal Contract Tower,0,3,4,0,7,0,9,83,0,92,0,12,87,0,99,88,0,88,187
09/30/2009,SFF,WA,ANM,WE,Federal Contract Tower,0,4,5,0,9,0,19,77,0,96,0,23,82,0,105,93,0,93,198
10/01/2009,SFF,WA,ANM,WE,Federal Contract Tower,0,2,3,1,6,0,16,112,0,128,0,18,115,1,134,148,0,148,282
10/02/2009,SFF,WA,ANM,WE,Federal Contract Tower,0,9,8,0,17,0,10,42,0,52,0,19,50,0,69,34,0,34,103
10/03/2009,SFF,WA,ANM,WE,Federal Contract Tower,0,4,2,0,6,0,4,12,0,16,0,8,14,0,22,36,0,36,58
10/04/2009,SFF,WA,ANM,WE,Federal Contract Tower,0,2,3,0,5,0,10,5,0,15,0,12,8,0,20,0,0,0,20
10/05/2009,SFF,WA,ANM,WE,Federal Contract Tower,0,4,10,0,14,0,12,88,0,100,0,16,98,0,114,54,0,54,168
10/06/2009,SFF,WA,ANM,WE,Federal Contract Tower,0,6,8,0,14,0,10,99,0,109,0,16,107,0,123,159,0,159,282
10/07/2009,SFF,WA,ANM,WE,Federal Contract Tower,0,7,4,0,11,0,11,67,0,78,0,18,71,0,89,136,0,136,225
10/08/2009,SFF,WA,ANM,WE,Federal Contract Tower,0,4,10,0,14,0,16,101,0,117,0,20,111,0,131,115,0,115,246
10/09/2009,SFF,WA,ANM,WE,Federal Contract Tower,0,4,2,0,6,0,9,64,0,73,0,13,66,0,79,46,0,46,125
10/10/2009,SFF,WA,ANM,WE,Federal Contract Tower,0,2,6,0,8,0,10,94,0,104,0,12,100,0,112,94,0,94,206
10/11/2009,SFF,WA,ANM,WE,Federal Contract Tower,0,2,10,0,12,0,20,91,0,111,0,22,101,0,123,82,0,82,205
10/12/2009,SFF,WA,ANM,WE,Federal Contract Tower,0,0,8,0,8,0,23,74,0,97,0,23,82,0,105,136,0,136,241
10/13/2009,SFF,WA,ANM,WE,Federal Contract Tower,0,7,6,0,13,0,7,49,0,56,0,14,55,0,69,136,0,136,205
10/14/2009,SFF,WA,ANM,WE,Federal Contract Tower,0,5,8,0,13,0,1,16,0,17,0,6,24,0,30,59,0,59,89
10/15/2009,SFF,WA,ANM,WE,Federal Contract Tower,0,4,11,2,17,0,13,89,0,102,0,17,100,2,119,240,0,240,359
10/16/2009,SFF,WA,ANM,WE,Federal Contract Tower,0,9,10,0,19,0,22,110,0,132,0,31,120,0,151,144,0,144,295
10/17/2009,SFF,WA,ANM,WE,Federal Contract Tower,0,4,4,0,8,0,15,66,0,81,0,19,70,0,89,32,0,32,121
10/18/2009,SFF,WA,ANM,WE,Federal Contract Tower,0,4,4,0,8,0,14,81,0,95,0,18,85,0,103,72,0,72,175
10/19/2009,SFF,WA,ANM,WE,Federal Contract Tower,0,6,6,0,12,0,9,44,0,53,0,15,50,0,65,96,0,96,161
10/20/2009,SFF,WA,ANM,WE,Federal Contract Tower,0,14,12,0,26,0,7,25,0,32,0,21,37,0,58,84,0,84,142
10/21/2009,SFF,WA,ANM,WE,Federal Contract Tower,0,7,12,0,19,0,12,77,0,89,0,19,89,0,108,202,0,202,310
10/22/2009,SFF,WA,ANM,WE,Federal Contract Tower,0,14,3,0,17,0,11,45,2,58,0,25,48,2,75,182,8,190,265
10/23/2009,SFF,WA,ANM,WE,Federal Contract Tower,0,11,19,0,30,0,2,7,0,9,0,13,26,0,39,12,0,12,51
10/24/2009,SFF,WA,ANM,WE,Federal Contract Tower,0,4,0,0,4,0,10,94,0,104,0,14,94,0,108,102,0,102,210
10/25/2009,SFF,WA,ANM,WE,Federal Contract Tower,0,0,8,0,8,0,1,48,0,49,0,1,56,0,57,54,0,54,111
10/26/2009,SFF,WA,ANM,WE,Federal Contract Tower,0,9,7,0,16,0,4,2,0,6,0,13,9,0,22,4,0,4,26
10/27/2009,SFF,WA,ANM,WE,Federal Contract Tower,0,8,21,2,31,0,14,100,0,114,0,22,121,2,145,178,4,182,327
10/28/2009,SFF,WA,ANM,WE,Federal Contract Tower,0,6,11,0,17,0,7,152,0,159,0,13,163,0,176,294,0,294,470
10/29/2009,SFF,WA,ANM,WE,Federal Contract Tower,0,10,2,0,12,0,4,4,0,8,0,14,6,0,20,38,0,38,58
10/30/2009,SFF,WA,ANM,WE,Federal Contract Tower,0,12,8,0,20,0,5,31,0,36,0,17,39,0,56,94,0,94,150
10/31/2009,SFF,WA,ANM,WE,Federal Contract Tower,0,4,2,0,6,0,11,9,0,20,0,15,11,0,26,4,0,4,30
11/01/2009,SFF,WA,ANM,WE,Federal Contract Tower,0,0,11,0,11,0,15,149,0,164,0,15,160,0,175,168,0,168,343
11/02/2009,SFF,WA,ANM,WE,Federal Contract Tower,0,2,3,0,5,0,11,95,0,106,0,13,98,0,111,250,0,250,361
11/03/2009,SFF,WA,ANM,WE,Federal Contract Tower,0,4,12,4,20,0,15,67,0,82,0,19,79,4,102,92,0,92,194
11/04/2009,SFF,WA,ANM,WE,Federal Contract Tower,0,4,7,0,11,0,5,131,0,136,0,9,138,0,147,178,0,178,325
11/05/2009,SFF,WA,ANM,WE,Federal Contract Tower,0,6,2,1,9,0,9,78,2,89,0,15,80,3,98,250,2,252,350
11/06/2009,SFF,WA,ANM,WE,Federal Contract Tower,0,6,3,0,9,0,11,8,0,19,0,17,11,0,28,0,0,0,28
11/07/2009,SFF,WA,ANM,WE,Federal Contract Tower,0,3,3,2,8,0,6,15,1,22,0,9,18,3,30,0,0,0,30
11/08/2009,SFF,WA,ANM,WE,Federal Contract Tower,0,0,5,0,5,0,9,14,0,23,0,9,19,0,28,20,0,20,48
11/09/2009,SFF,WA,ANM,WE,Federal Contract Tower,0,5,6,0,11,0,9,52,0,61,0,14,58,0,72,90,0,90,162
11/10/2009,SFF,WA,ANM,WE,Federal Contract Tower,0,5,1,0,6,0,18,65,0,83,0,23,66,0,89,130,0,130,219
11/11/2009,SFF,WA,ANM,WE,Federal Contract Tower,0,3,9,0,12,0,23,66,2,91,0,26,75,2,103,130,0,130,233
11/12/2009,SFF,WA,ANM,WE,Federal Contract Tower,0,9,7,0,16,0,3,12,0,15,0,12,19,0,31,46,0,46,77
11/13/2009,SFF,WA,ANM,WE,Federal Contract Tower,0,3,0,0,3,0,3,18,1,22,0,6,18,1,25,10,0,10,35
11/14/2009,SFF,WA,ANM,WE,Federal Contract Tower,0,6,1,0,7,0,10,22,0,32,0,16,23,0,39,86,0,86,125
11/15/2009,SFF,WA,ANM,WE,Federal Contract Tower,0,3,4,0,7,0,4,39,1,44,0,7,43,1,51,94,0,94,145
11/16/2009,SFF,WA,ANM,WE,Federal Contract Tower,0,7,9,0,16,0,8,27,0,35,0,15,36,0,51,28,0,28,79
11/17/2009,SFF,WA,ANM,WE,Federal Contract Tower,0,8,5,0,13,0,18,22,0,40,0,26,27,0,53,26,0,26,79
11/18/2009,SFF,WA,ANM,WE,Federal Contract Tower,0,4,4,0,8,0,17,62,0,79,0,21,66,0,87,102,0,102,189
11/19/2009,SFF,WA,ANM,WE,Federal Contract Tower,0,8,2,0,10,0,6,14,0,20,0,14,16,0,30,79,0,79,109
11/20/2009,SFF,WA,ANM,WE,Federal Contract Tower,0,8,5,0,13,0,10,42,0,52,0,18,47,0,65,158,0,158,223
11/21/2009,SFF,WA,ANM,WE,Federal Contract Tower,0,2,3,0,5,0,8,29,1,38,0,10,32,1,43,64,0,64,107
11/22/2009,SFF,WA,ANM,WE,Federal Contract Tower,0,1,1,0,2,0,0,0,0,0,0,1,1,0,2,0,0,0,2
11/23/2009,SFF,WA,ANM,WE,Federal Contract Tower,0,6,11,0,17,0,10,59,0,69,0,16,70,0,86,158,0,158,244
11/24/2009,SFF,WA,ANM,WE,Federal Contract Tower,0,6,8,0,14,0,15,50,0,65,0,21,58,0,79,284,0,284,363
11/25/2009,SFF,WA,ANM,WE,Federal Contract Tower,0,10,8,0,18,0,6,74,0,80,0,16,82,0,98,136,0,136,234
11/26/2009,SFF,WA,ANM,WE,Federal Contract Tower,0,5,2,0,7,0,4,24,0,28,0,9,26,0,35,22,0,22,57
11/27/2009,SFF,WA,ANM,WE,Federal Contract Tower,0,3,7,0,10,0,1,34,0,35,0,4,41,0,45,70,0,70,115
11/28/2009,SFF,WA,ANM,WE,Federal Contract Tower,0,2,2,0,4,0,1,16,0,17,0,3,18,0,21,59,0,59,80
11/29/2009,SFF,WA,ANM,WE,Federal Contract Tower,0,2,7,0,9,0,13,70,0,83,0,15,77,0,92,119,0,119,211
11/30/2009,SFF,WA,ANM,WE,Federal Contract Tower,0,7,3,0,10,0,8,49,0,57,0,15,52,0,67,110,0,110,177
12/01/2009,SFF,WA,ANM,WE,Federal Contract Tower,0,5,14,0,19,0,10,132,0,142,0,15,146,0,161,234,0,234,395
12/02/2009,SFF,WA,ANM,WE,Federal Contract Tower,0,7,7,0,14,0,11,115,0,126,0,18,122,0,140,198,0,198,338
12/03/2009,SFF,WA,ANM,WE,Federal Contract Tower,0,7,6,1,14,0,7,91,2,100,0,14,97,3,114,70,2,72,186
12/04/2009,SFF,WA,ANM,WE,Federal Contract Tower,0,6,6,0,12,0,4,16,0,20,0,10,22,0,32,84,0,84,116
12/05/2009,SFF,WA,ANM,WE,Federal Contract Tower,0,5,2,0,7,0,2,51,0,53,0,7,53,0,60,68,0,68,128
12/06/2009,SFF,WA,ANM,WE,Federal Contract Tower,0,6,4,2,12,0,15,3,0,18,0,21,7,2,30,4,0,4,34
12/07/2009,SFF,WA,ANM,WE,Federal Contract Tower,0,3,9,0,12,0,9,31,0,40,0,12,40,0,52,48,0,48,100
12/08/2009,SFF,WA,ANM,WE,Federal Contract Tower,0,3,6,0,9,0,13,72,0,85,0,16,78,0,94,51,0,51,145
12/09/2009,SFF,WA,ANM,WE,Federal Contract Tower,0,5,4,0,9,0,11,60,0,71,0,16,64,0,80,104,0,104,184
12/10/2009,SFF,WA,ANM,WE,Federal Contract Tower,0,3,6,1,10,0,10,53,0,63,0,13,59,1,73,66,2,68,141
12/11/2009,SFF,WA,ANM,WE,Federal Contract Tower,0,6,6,0,12,0,17,66,0,83,0,23,72,0,95,82,0,82,177
12/12/2009,SFF,WA,ANM,WE,Federal Contract Tower,0,11,2,0,13,0,10,35,0,45,0,21,37,0,58,66,0,66,124
12/13/2009,SFF,WA,ANM,WE,Federal Contract Tower,0,0,2,0,2,0,4,21,0,25,0,4,23,0,27,0,0,0,27
12/14/2009,SFF,WA,ANM,WE,Federal Contract Tower,0,9,5,0,14,0,9,16,0,25,0,18,21,0,39,35,0,35,74
12/15/2009,SFF,WA,ANM,WE,Federal Contract Tower,0,4,4,0,8,0,0,0,0,0,0,4,4,0,8,0,0,0,8
12/16/2009,SFF,WA,ANM,WE,Federal Contract Tower,0,7,8,0,15,0,5,12,0,17,0,12,20,0,32,76,0,76,108
12/17/2009,SFF,WA,ANM,WE,Federal Contract Tower,0,6,6,0,12,0,10,31,0,41,0,16,37,0,53,60,0,60,113
12/18/2009,SFF,WA,ANM,WE,Federal Contract Tower,0,11,4,0,15,0,6,13,0,19,0,17,17,0,34,62,0,62,96
12/19/2009,SFF,WA,ANM,WE,Federal Contract Tower,0,2,5,0,7,0,0,0,0,0,0,2,5,0,7,0,0,0,7
12/20/2009,SFF,WA,ANM,WE,Federal Contract Tower,0,3,12,0,15,0,0,0,0,0,0,3,12,0,15,8,0,8,23
12/21/2009,SFF,WA,ANM,WE,Federal Contract Tower,0,6,8,0,14,0,10,16,0,26,0,16,24,0,40,52,0,52,92
12/22/2009,SFF,WA,ANM,WE,Federal Contract Tower,0,7,5,0,12,0,20,41,0,61,0,27,46,0,73,130,0,130,203
12/23/2009,SFF,WA,ANM,WE,Federal Contract Tower,0,5,5,0,10,0,14,103,0,117,0,19,108,0,127,28,0,28,155
12/24/2009,SFF,WA,ANM,WE,Federal Contract Tower,0,3,6,0,9,0,14,47,0,61,0,17,53,0,70,46,0,46,116
12/25/2009,SFF,WA,ANM,WE,Federal Contract Tower,0,0,0,0,0,0,7,30,0,37,0,7,30,0,37,26,0,26,63
12/26/2009,SFF,WA,ANM,WE,Federal Contract Tower,0,5,7,0,12,0,11,79,0,90,0,16,86,0,102,76,0,76,178
12/27/2009,SFF,WA,ANM,WE,Federal Contract Tower,0,4,6,0,10,0,9,83,0,92,0,13,89,0,102,48,0,48,150
12/28/2009,SFF,WA,ANM,WE,Federal Contract Tower,0,10,4,0,14,0,5,33,0,38,0,15,37,0,52,89,0,89,141
12/29/2009,SFF,WA,ANM,WE,Federal Contract Tower,0,5,3,0,8,0,10,32,0,42,0,15,35,0,50,96,0,96,146
12/30/2009,SFF,WA,ANM,WE,Federal Contract Tower,0,11,3,0,14,0,2,1,0,3,0,13,4,0,17,14,0,14,31
12/31/2009,SFF,WA,ANM,WE,Federal Contract Tower,0,8,11,0,19,0,0,15,0,15,0,8,26,0,34,18,0,18,52
01/01/2010,SFF,WA,ANM,WE,Federal Contract Tower,0,1,0,0,1,0,2,4,0,6,0,3,4,0,7,18,0,18,25
01/02/2010,SFF,WA,ANM,WE,Federal Contract Tower,0,10,3,0,13,0,11,17,0,28,0,21,20,0,41,112,0,112,153
01/03/2010,SFF,WA,ANM,WE,Federal Contract Tower,0,2,8,0,10,0,5,69,0,74,0,7,77,0,84,122,0,122,206
01/04/2010,SFF,WA,ANM,WE,Federal Contract Tower,0,5,2,0,7,0,0,0,0,0,0,5,2,0,7,22,0,22,29
01/05/2010,SFF,WA,ANM,WE,Federal Contract Tower,0,5,0,0,5,0,1,0,0,1,0,6,0,0,6,0,0,0,6
01/06/2010,SFF,WA,ANM,WE,Federal Contract Tower,0,8,11,0,19,0,7,57,0,64,0,15,68,0,83,72,0,72,155
01/07/2010,SFF,WA,ANM,WE,Federal Contract Tower,0,3,4,0,7,0,11,75,0,86,0,14,79,0,93,54,0,54,147
01/08/2010,SFF,WA,ANM,WE,Federal Contract Tower,0,9,11,0,20,0,11,56,0,67,0,20,67,0,87,26,0,26,113
01/09/2010,SFF,WA,ANM,WE,Federal Contract Tower,0,3,4,0,7,0,0,0,0,0,0,3,4,0,7,0,0,0,7
01/10/2010,SFF,WA,ANM,WE,Federal Contract Tower,0,2,11,0,13,0,0,59,0,59,0,2,70,0,72,60,0,60,132
01/11/2010,SFF,WA,ANM,WE,Federal Contract Tower,0,7,5,0,12,0,14,52,0,66,0,21,57,0,78,32,0,32,110
01/12/2010,SFF,WA,ANM,WE,Federal Contract Tower,0,4,6,0,10,0,18,10,0,28,0,22,16,0,38,20,0,20,58
01/13/2010,SFF,WA,ANM,WE,Federal Contract Tower,0,4,2,0,6,0,1,18,0,19,0,5,20,0,25,64,0,64,89
01/14/2010,SFF,WA,ANM,WE,Federal Contract Tower,0,7,10,0,17,0,5,31,0,36,0,12,41,0,53,82,2,84,137
01/15/2010,SFF,WA,ANM,WE,Federal Contract Tower,0,6,4,0,10,0,4,24,0,28,0,10,28,0,38,14,0,14,52
01/16/2010,SFF,WA,ANM,WE,Federal Contract Tower,0,7,2,0,9,0,0,0,0,0,0,7,2,0,9,36,0,36,45
01/17/2010,SFF,WA,ANM,WE,Federal Contract Tower,0,1,5,0,6,0,4,20,0,24,0,5,25,0,30,72,0,72,102
01/18/2010,SFF,WA,ANM,WE,Federal Contract Tower,0,0,7,0,7,0,4,63,0,67,0,4,70,0,74,10,0,10,84
01/19/2010,SFF,WA,ANM,WE,Federal Contract Tower,0,9,11,0,20,0,20,51,0,71,0,29,62,0,91,100,0,100,191
01/20/2010,SFF,WA,ANM,WE,Federal Contract Tower,0,3,11,0,14,0,7,92,0,99,0,10,103,0,113,140,0,140,253
01/21/2010,SFF,WA,ANM,WE,Federal Contract Tower,0,5,5,0,10,0,12,94,0,106,0,17,99,0,116,158,0,158,274
01/22/2010,SFF,WA,ANM,WE,Federal Contract Tower,0,2,12,0,14,0,2,69,0,71,0,4,81,0,85,82,0,82,167
01/23/2010,SFF,WA,ANM,WE,Federal Contract Tower,0,4,8,0,12,0,15,83,0,98,0,19,91,0,110,84,0,84,194
01/24/2010,SFF,WA,ANM,WE,Federal Contract Tower,0,3,1,0,4,0,7,42,0,49,0,10,43,0,53,92,0,92,145
01/25/2010,SFF,WA,ANM,WE,Federal Contract Tower,0,15,0,0,15,0,1,4,0,5,0,16,4,0,20,6,0,6,26
01/26/2010,SFF,WA,ANM,WE,Federal Contract Tower,0,3,7,0,10,0,8,65,0,73,0,11,72,0,83,136,0,136,219
01/27/2010,SFF,WA,ANM,WE,Federal Contract Tower,0,3,5,0,8,0,1,58,0,59,0,4,63,0,67,56,0,56,123
01/28/2010,SFF,WA,ANM,WE,Federal Contract Tower,0,11,4,0,15,0,9,87,0,96,0,20,91,0,111,154,0,154,265
01/29/2010,SFF,WA,ANM,WE,Federal Contract Tower,0,5,5,0,10,0,4,44,0,48,0,9,49,0,58,10,0,10,68
01/30/2010,SFF,WA,ANM,WE,Federal Contract Tower,0,5,7,0,12,0,5,62,0,67,0,10,69,0,79,60,0,60,139
01/31/2010,SFF,WA,ANM,WE,Federal Contract Tower,0,2,2,0,4,0,0,0,0,0,0,2,2,0,4,10,0,10,14
02/01/2010,SFF,WA,ANM,WE,Federal Contract Tower,0,7,6,0,13,0,7,27,0,34,0,14,33,0,47,86,0,86,133
02/02/2010,SFF,WA,ANM,WE,Federal Contract Tower,0,9,5,0,14,0,2,1,0,3,0,11,6,0,17,34,0,34,51
02/03/2010,SFF,WA,ANM,WE,Federal Contract Tower,0,15,14,0,29,0,7,49,0,56,0,22,63,0,85,46,0,46,131
02/04/2010,SFF,WA,ANM,WE,Federal Contract Tower,0,7,9,0,16,0,7,69,0,76,0,14,78,0,92,100,18,118,210
02/05/2010,SFF,WA,ANM,WE,Federal Contract Tower,0,10,14,0,24,0,5,7,0,12,0,15,21,0,36,20,0,20,56
02/06/2010,SFF,WA,ANM,WE,Federal Contract Tower,0,3,5,0,8,0,9,51,0,60,0,12,56,0,68,122,0,122,190
02/07/2010,SFF,WA,ANM,WE,Federal Contract Tower,0,8,7,0,15,0,0,0,0,0,0,8,7,0,15,0,0,0,15
02/08/2010,SFF,WA,ANM,WE,Federal Contract Tower,0,10,5,0,15,0,8,20,0,28,0,18,25,0,43,16,0,16,59
02/09/2010,SFF,WA,ANM,WE,Federal Contract Tower,0,4,10,0,14,0,7,62,0,69,0,11,72,0,83,102,0,102,185
02/10/2010,SFF,WA,ANM,WE,Federal Contract Tower,0,5,13,0,18,0,9,82,0,91,0,14,95,0,109,124,0,124,233
02/11/2010,SFF,WA,ANM,WE,Federal Contract Tower,0,9,21,1,31,0,5,15,0,20,0,14,36,1,51,143,0,143,194
02/12/2010,SFF,WA,ANM,WE,Federal Contract Tower,0,7,9,0,16,0,7,69,0,76,0,14,78,0,92,132,0,132,224
02/13/2010,SFF,WA,ANM,WE,Federal Contract Tower,0,5,5,0,10,0,10,72,0,82,0,15,77,0,92,188,0,188,280
02/14/2010,SFF,WA,ANM,WE,Federal Contract Tower,0,2,2,0,4,0,8,13,0,21,0,10,15,0,25,18,0,18,43
02/15/2010,SFF,WA,ANM,WE,Federal Contract Tower,0,2,8,0,10,0,11,29,0,40,0,13,37,0,50,53,0,53,103
02/16/2010,SFF,WA,ANM,WE,Federal Contract Tower,0,9,4,0,13,0,0,1,0,1,0,9,5,0,14,50,0,50,64
02/17/2010,SFF,WA,ANM,WE,Federal Contract Tower,0,11,10,0,21,0,7,15,0,22,0,18,25,0,43,24,0,24,67
02/18/2010,SFF,WA,ANM,WE,Federal Contract Tower,0,6,8,0,14,0,10,91,0,101,0,16,99,0,115,136,0,136,251
02/19/2010,SFF,WA,ANM,WE,Federal Contract Tower,0,3,16,0,19,0,24,136,0,160,0,27,152,0,179,218,0,218,397
02/20/2010,SFF,WA,ANM,WE,Federal Contract Tower,0,3,7,0,10,0,10,139,0,149,0,13,146,0,159,62,0,62,221
02/21/2010,SFF,WA,ANM,WE,Federal Contract Tower,0,0,6,0,6,0,5,164,0,169,0,5,170,0,175,38,0,38,213
02/22/2010,SFF,WA,ANM,WE,Federal Contract Tower,0,2,9,0,11,0,19,121,0,140,0,21,130,0,151,154,0,154,305
02/23/2010,SFF,WA,ANM,WE,Federal Contract Tower,0,6,5,0,11,0,18,130,0,148,0,24,135,0,159,242,0,242,401
02/24/2010,SFF,WA,ANM,WE,Federal Contract Tower,0,7,6,0,13,0,1,3,0,4,0,8,9,0,17,8,0,8,25
02/25/2010,SFF,WA,ANM,WE,Federal Contract Tower,0,6,12,0,18,0,5,35,0,40,0,11,47,0,58,190,0,190,248
02/26/2010,SFF,WA,ANM,WE,Federal Contract Tower,0,11,4,0,15,0,11,51,0,62,0,22,55,0,77,162,0,162,239
02/27/2010,SFF,WA,ANM,WE,Federal Contract Tower,0,8,7,0,15,0,9,60,0,69,0,17,67,0,84,58,0,58,142
02/28/2010,SFF,WA,ANM,WE,Federal Contract Tower,0,4,2,0,6,0,10,95,0,105,0,14,97,0,111,70,0,70,181
03/01/2010,SFF,WA,ANM,WE,Federal Contract Tower,0,2,11,0,13,0,16,94,0,110,0,18,105,0,123,190,0,190,313
03/02/2010,SFF,WA,ANM,WE,Federal Contract Tower,0,4,9,0,13,0,9,89,0,98,0,13,98,0,111,160,0,160,271
03/03/2010,SFF,WA,ANM,WE,Federal Contract Tower,0,9,11,0,20,0,9,50,0,59,0,18,61,0,79,120,0,120,199
03/04/2010,SFF,WA,ANM,WE,Federal Contract Tower,0,7,31,0,38,0,12,57,0,69,0,19,88,0,107,30,0,30,137
03/05/2010,SFF,WA,ANM,WE,Federal Contract Tower,0,6,9,0,15,0,7,56,0,63,0,13,65,0,78,48,0,48,126
03/06/2010,SFF,WA,ANM,WE,Federal Contract Tower,0,3,9,0,12,0,17,144,0,161,0,20,153,0,173,34,0,34,207
03/07/2010,SFF,WA,ANM,WE,Federal Contract Tower,0,0,6,0,6,0,14,106,0,120,0,14,112,0,126,88,0,88,214
03/08/2010,SFF,WA,ANM,WE,Federal Contract Tower,0,8,9,0,17,0,5,20,0,25,0,13,29,0,42,50,0,50,92
03/09/2010,SFF,WA,ANM,WE,Federal Contract Tower,0,7,8,0,15,0,13,86,0,99,0,20,94,0,114,108,0,108,222
03/10/2010,SFF,WA,ANM,WE,Federal Contract Tower,0,10,9,0,19,0,10,93,2,105,0,20,102,2,124,68,0,68,192
03/11/2010,SFF,WA,ANM,WE,Federal Contract Tower,0,6,2,0,8,0,2,12,0,14,0,8,14,0,22,60,0,60,82
03/12/2010,SFF,WA,ANM,WE,Federal Contract Tower,0,3,12,0,15,0,12,42,0,54,0,15,54,0,69,52,0,52,121
03/13/2010,SFF,WA,ANM,WE,Federal Contract Tower,0,1,3,0,4,0,6,48,0,54,0,7,51,0,58,118,0,118,176
03/14/2010,SFF,WA,ANM,WE,Federal Contract Tower,0,6,8,0,14,0,9,107,0,116,0,15,115,0,130,60,0,60,190
03/15/2010,SFF,WA,ANM,WE,Federal Contract Tower,0,5,12,0,17,0,11,99,0,110,0,16,111,0,127,184,0,184,311
03/16/2010,SFF,WA,ANM,WE,Federal Contract Tower,0,3,14,0,17,0,4,121,0,125,0,7,135,0,142,210,0,210,352
03/17/2010,SFF,WA,ANM,WE,Federal Contract Tower,0,5,16,0,21,0,7,118,0,125,0,12,134,0,146,160,0,160,306
03/18/2010,SFF,WA,ANM,WE,Federal Contract Tower,0,5,20,0,25,0,19,147,0,166,0,24,167,0,191,144,0,144,335
03/19/2010,SFF,WA,ANM,WE,Federal Contract Tower,0,4,14,0,18,0,17,158,0,175,0,21,172,0,193,230,0,230,423
03/20/2010,SFF,WA,ANM,WE,Federal Contract Tower,0,1,8,0,9,0,6,124,0,130,0,7,132,0,139,62,0,62,201
03/21/2010,SFF,WA,ANM,WE,Federal Contract Tower,0,2,7,0,9,0,16,30,0,46,0,18,37,0,55,14,0,14,69
03/22/2010,SFF,WA,ANM,WE,Federal Contract Tower,0,10,16,0,26,0,16,66,0,82,0,26,82,0,108,176,0,176,284
03/23/2010,SFF,WA,ANM,WE,Federal Contract Tower,0,3,16,0,19,0,9,128,0,137,0,12,144,0,156,245,0,245,401
03/24/2010,SFF,WA,ANM,WE,Federal Contract Tower,0,3,10,0,13,0,18,129,0,147,0,21,139,0,160,168,0,168,328
03/25/2010,SFF,WA,ANM,WE,Federal Contract Tower,0,5,17,0,22,0,12,66,0,78,0,17,83,0,100,163,0,163,263
03/26/2010,SFF,WA,ANM,WE,Federal Contract Tower,0,12,7,0,19,0,10,30,0,40,0,22,37,0,59,99,0,99,158
03/27/2010,SFF,WA,ANM,WE,Federal Contract Tower,0,2,8,0,10,0,13,149,0,162,0,15,157,0,172,146,0,146,318
03/28/2010,SFF,WA,ANM,WE,Federal Contract Tower,0,3,6,0,9,0,6,35,0,41,0,9,41,0,50,30,0,30,80
03/29/2010,SFF,WA,ANM,WE,Federal Contract Tower,0,10,9,0,19,0,10,5,0,15,0,20,14,0,34,0,0,0,34
03/30/2010,SFF,WA,ANM,WE,Federal Contract Tower,0,9,14,0,23,0,6,49,0,55,0,15,63,0,78,112,0,112,190
03/31/2010,SFF,WA,ANM,WE,Federal Contract Tower,0,3,15,0,18,0,5,82,0,87,0,8,97,0,105,176,0,176,281
04/01/2010,SFF,WA,ANM,WE,Federal Contract Tower,0,8,17,2,27,0,0,0,0,0,0,8,17,2,27,200,0,200,227
04/02/2010,SFF,WA,ANM,WE,Federal Contract Tower,0,7,7,0,14,0,3,12,0,15,0,10,19,0,29,4,0,4,33
04/03/2010,SFF,WA,ANM,WE,Federal Contract Tower,0,7,0,0,7,0,7,14,0,21,0,14,14,0,28,4,0,4,32
04/04/2010,SFF,WA,ANM,WE,Federal Contract Tower,0,5,3,0,8,0,21,53,0,74,0,26,56,0,82,32,0,32,114
04/05/2010,SFF,WA,ANM,WE,Federal Contract Tower,0,7,4,0,11,0,4,23,0,27,0,11,27,0,38,166,0,166,204
04/06/2010,SFF,WA,ANM,WE,Federal Contract Tower,0,11,8,0,19,0,8,23,0,31,0,19,31,0,50,34,0,34,84
04/07/2010,SFF,WA,ANM,WE,Federal Contract Tower,0,6,27,0,33,0,7,110,0,117,0,13,137,0,150,208,0,208,358
04/08/2010,SFF,WA,ANM,WE,Federal Contract Tower,0,8,1,0,9,0,5,3,0,8,0,13,4,0,17,2,0,2,19
04/09/2010,SFF,WA,ANM,WE,Federal Contract Tower,0,4,11,0,15,0,4,53,0,57,0,8,64,0,72,116,0,116,188
04/10/2010,SFF,WA,ANM,WE,Federal Contract Tower,0,1,2,0,3,0,18,109,0,127,0,19,111,0,130,60,0,60,190
04/11/2010,SFF,WA,ANM,WE,Federal Contract Tower,0,2,0,0,2,0,9,30,0,39,0,11,30,0,41,4,0,4,45
04/12/2010,SFF,WA,ANM,WE,Federal Contract Tower,0,4,18,0,22,0,11,65,0,76,0,15,83,0,98,92,0,92,190
04/13/2010,SFF,WA,ANM,WE,Federal Contract Tower,0,8,8,0,16,0,0,11,0,11,0,8,19,0,27,126,0,126,153
04/14/2010,SFF,WA,ANM,WE,Federal Contract Tower,0,4,19,0,23,0,18,153,0,171,0,22,172,0,194,164,0,164,358
04/15/2010,SFF,WA,ANM,WE,Federal Contract Tower,0,4,12,0,16,0,11,81,0,92,0,15,93,0,108,146,0,146,254
04/16/2010,SFF,WA,ANM,WE,Federal Contract Tower,0,4,18,0,22,0,13,150,0,163,0,17,168,0,185,230,0,230,415
04/17/2010,SFF,WA,ANM,WE,Federal Contract Tower,0,3,1,0,4,0,7,94,0,101,0,10,95,0,105,30,0,30,135
04/18/2010,SFF,WA,ANM,WE,Federal Contract Tower,0,3,4,0,7,0,15,93,0,108,0,18,97,0,115,68,0,68,183
04/19/2010,SFF,WA,ANM,WE,Federal Contract Tower,0,7,15,0,22,0,20,110,0,130,0,27,125,0,152,184,0,184,336
04/20/2010,SFF,WA,ANM,WE,Federal Contract Tower,0,4,27,0,31,0,6,108,0,114,0,10,135,0,145,314,0,314,459
04/21/2010,SFF,WA,ANM,WE,Federal Contract Tower,0,9,17,0,26,0,3,28,0,31,0,12,45,0,57,76,0,76,133
04/22/2010,SFF,WA,ANM,WE,Federal Contract Tower,0,11,32,0,43,0,7,61,0,68,0,18,93,0,111,142,0,142,253
04/23/2010,SFF,WA,ANM,WE,Federal Contract Tower,0,4,29,0,33,0,17,122,0,139,0,21,151,0,172,138,0,138,310
04/24/2010,SFF,WA,ANM,WE,Federal Contract Tower,0,3,7,0,10,0,3,23,0,26,0,6,30,0,36,0,0,0,36
04/25/2010,SFF,WA,ANM,WE,Federal Contract Tower,0,1,22,0,23,0,9,68,0,77,0,10,90,0,100,12,0,12,112
04/26/2010,SFF,WA,ANM,WE,Federal Contract Tower,0,10,13,0,23,0,13,123,0,136,0,23,136,0,159,148,0,148,307
04/27/2010,SFF,WA,ANM,WE,Federal Contract Tower,0,5,14,0,19,0,6,22,0,28,0,11,36,0,47,80,0,80,127
04/28/2010,SFF,WA,ANM,WE,Federal Contract Tower,0,3,10,0,13,0,5,25,0,30,0,8,35,0,43,48,0,48,91
04/29/2010,SFF,WA,ANM,WE,Federal Contract Tower,0,6,5,0,11,0,8,12,0,20,0,14,17,0,31,143,0,143,174
04/30/2010,SFF,WA,ANM,WE,Federal Contract Tower,0,8,16,0,24,0,15,98,0,113,0,23,114,0,137,238,0,238,375
05/01/2010,SFF,WA,ANM,WE,Federal Contract Tower,0,6,1,0,7,0,6,44,0,50,0,12,45,0,57,60,0,60,117
05/02/2010,SFF,WA,ANM,WE,Federal Contract Tower,0,2,4,0,6,0,11,82,0,93,0,13,86,0,99,16,0,16,115
05/03/2010,SFF,WA,ANM,WE,Federal Contract Tower,0,13,2,0,15,0,7,3,0,10,0,20,5,0,25,0,0,0,25
05/04/2010,SFF,WA,ANM,WE,Federal Contract Tower,0,5,6,0,11,0,5,66,0,71,0,10,72,0,82,122,0,122,204
05/05/2010,SFF,WA,ANM,WE,Federal Contract Tower,0,7,5,0,12,0,11,111,0,122,0,18,116,0,134,302,0,302,436
05/06/2010,SFF,WA,ANM,WE,Federal Contract Tower,0,5,4,0,9,0,3,70,0,73,0,8,74,0,82,206,2,208,290
05/07/2010,SFF,WA,ANM,WE,Federal Contract Tower,0,6,11,0,17,0,6,148,0,154,0,12,159,0,171,296,0,296,467
05/08/2010,SFF,WA,ANM,WE,Federal Contract Tower,0,8,4,0,12,0,11,55,0,66,0,19,59,0,78,50,0,50,128
05/09/2010,SFF,WA,ANM,WE,Federal Contract Tower,0,0,1,0,1,0,10,55,0,65,0,10,56,0,66,50,0,50,116
05/10/2010,SFF,WA,ANM,WE,Federal Contract Tower,0,5,10,0,15,0,15,94,0,109,0,20,104,0,124,295,0,295,419
05/11/2010,SFF,WA,ANM,WE,Federal Contract Tower,0,4,9,0,13,0,8,133,0,141,0,12,142,0,154,248,0,248,402
05/12/2010,SFF,WA,ANM,WE,Federal Contract Tower,0,5,8,0,13,0,9,134,0,143,0,14,142,0,156,277,0,277,433
05/13/2010,SFF,WA,ANM,WE,Federal Contract Tower,0,5,10,0,15,0,9,146,0,155,0,14,156,0,170,300,0,300,470
05/14/2010,SFF,WA,ANM,WE,Federal Contract Tower,0,2,8,0,10,0,8,113,0,121,0,10,121,0,131,198,0,198,329
05/15/2010,SFF,WA,ANM,WE,Federal Contract Tower,0,6,6,0,12,0,7,155,0,162,0,13,161,0,174,108,0,108,282
05/16/2010,SFF,WA,ANM,WE,Federal Contract Tower,0,0,2,0,2,0,4,67,0,71,0,4,69,0,73,24,0,24,97
05/17/2010,SFF,WA,ANM,WE,Federal Contract Tower,0,8,9,0,17,0,20,81,0,101,0,28,90,0,118,112,0,112,230
05/18/2010,SFF,WA,ANM,WE,Federal Contract Tower,0,10,11,0,21,0,3,20,0,23,0,13,31,0,44,62,0,62,106
05/19/2010,SFF,WA,ANM,WE,Federal Contract Tower,0,3,10,0,13,0,26,126,0,152,0,29,136,0,165,190,0,190,355
05/20/2010,SFF,WA,ANM,WE,Federal Contract Tower,0,10,11,0,21,0,12,16,0,28,0,22,27,0,49,66,0,66,115
05/21/2010,SFF,WA,ANM,WE,Federal Contract Tower,0,6,13,0,19,0,11,76,0,87,0,17,89,0,106,82,0,82,188
05/22/2010,SFF,WA,ANM,WE,Federal Contract Tower,0,5,4,0,9,0,6,66,0,72,0,11,70,0,81,105,0,105,186
05/23/2010,SFF,WA,ANM,WE,Federal Contract Tower,0,7,0,0,7,0,5,48,0,53,0,12,48,0,60,70,0,70,130
05/24/2010,SFF,WA,ANM,WE,Federal Contract Tower,0,4,13,0,17,0,7,121,0,128,0,11,134,0,145,246,0,246,391
05/25/2010,SFF,WA,ANM,WE,Federal Contract Tower,0,7,29,0,36,0,14,117,0,131,0,21,146,0,167,236,0,236,403
05/26/2010,SFF,WA,ANM,WE,Federal Contract Tower,0,6,2,0,8,0,11,81,0,92,0,17,83,0,100,200,0,200,300
05/27/2010,SFF,WA,ANM,WE,Federal Contract Tower,0,16,7,0,23,0,5,14,0,19,0,21,21,0,42,0,0,0,42
05/28/2010,SFF,WA,ANM,WE,Federal Contract Tower,0,11,2,0,13,0,1,64,0,65,0,12,66,0,78,217,0,217,295
05/29/2010,SFF,WA,ANM,WE,Federal Contract Tower,0,6,0,0,6,0,12,21,0,33,0,18,21,0,39,36,0,36,75
05/30/2010,SFF,WA,ANM,WE,Federal Contract Tower,0,1,5,0,6,0,7,47,0,54,0,8,52,0,60,68,0,68,128
05/31/2010,SFF,WA,ANM,WE,Federal Contract Tower,0,4,1,0,5,0,6,10,0,16,0,10,11,0,21,14,0,14,35
06/01/2010,SFF,WA,ANM,WE,Federal Contract Tower,0,9,12,0,21,0,19,82,0,101,0,28,94,0,122,116,0,116,238
06/02/2010,SFF,WA,ANM,WE,Federal Contract Tower,0,11,9,0,20,0,0,4,0,4,0,11,13,0,24,16,0,16,40
06/03/2010,SFF,WA,ANM,WE,Federal Contract Tower,0,5,4,0,9,0,18,81,0,99,0,23,85,0,108,154,0,154,262
06/04/2010,SFF,WA,ANM,WE,Federal Contract Tower,0,3,7,0,10,0,3,8,0,11,0,6,15,0,21,24,0,24,45
06/05/2010,SFF,WA,ANM,WE,Federal Contract Tower,0,7,11,0,18,0,9,172,0,181,0,16,183,0,199,90,0,90,289
06/06/2010,SFF,WA,ANM,WE,Federal Contract Tower,0,2,4,0,6,0,12,21,0,33,0,14,25,0,39,52,0,52,91
06/07/2010,SFF,WA,ANM,WE,Federal Contract Tower,0,8,9,0,17,0,16,62,0,78,0,24,71,0,95,166,0,166,261
06/08/2010,SFF,WA,ANM,WE,Federal Contract Tower,0,3,17,1,21,0,14,139,0,153,0,17,156,1,174,272,0,272,446
06/09/2010,SFF,WA,ANM,WE,Federal Contract Tower,0,10,7,0,17,0,14,37,0,51,0,24,44,0,68,112,0,112,180
06/10/2010,SFF,WA,ANM,WE,Federal Contract Tower,0,5,7,0,12,0,7,34,0,41,0,12,41,0,53,202,0,202,255
06/11/2010,SFF,WA,ANM,WE,Federal Contract Tower,0,9,18,0,27,0,9,49,0,58,0,18,67,0,85,114,0,114,199
06/12/2010,SFF,WA,ANM,WE,Federal Contract Tower,0,5,5,0,10,0,10,168,0,178,0,15,173,0,188,92,0,92,280
06/13/2010,SFF,WA,ANM,WE,Federal Contract Tower,0,2,1,0,3,0,7,129,0,136,0,9,130,0,139,38,0,38,177
06/14/2010,SFF,WA,ANM,WE,Federal Contract Tower,0,4,14,0,18,0,14,92,0,106,0,18,106,0,124,44,0,44,168
06/15/2010,SFF,WA,ANM,WE,Federal Contract Tower,0,9,8,0,17,0,10,97,0,107,0,19,105,0,124,158,0,158,282
06/16/2010,SFF,WA,ANM,WE,Federal Contract Tower,0,7,8,0,15,0,6,49,0,55,0,13,57,0,70,166,0,166,236
06/17/2010,SFF,WA,ANM,WE,Federal Contract Tower,0,2,18,0,20,0,4,18,0,22,0,6,36,0,42,32,0,32,74
06/18/2010,SFF,WA,ANM,WE,Federal Contract Tower,0,8,25,0,33,0,4,131,0,135,0,12,156,0,168,124,0,124,292
06/19/2010,SFF,WA,ANM,WE,Federal Contract Tower,0,3,5,0,8,0,31,132,0,163,0,34,137,0,171,34,0,34,205
06/20/2010,SFF,WA,ANM,WE,Federal Contract Tower,0,5,2,0,7,0,3,26,0,29,0,8,28,0,36,38,0,38,74
06/21/2010,SFF,WA,ANM,WE,Federal Contract Tower,0,13,12,0,25,0,2,18,0,20,0,15,30,0,45,30,0,30,75
06/22/2010,SFF,WA,ANM,WE,Federal Contract Tower,0,3,6,0,9,0,21,89,0,110,0,24,95,0,119,168,0,168,287
06/23/2010,SFF,WA,ANM,WE,Federal Contract Tower,0,3,9,0,12,0,5,119,0,124,0,8,128,0,136,164,0,164,300
06/24/2010,SFF,WA,ANM,WE,Federal Contract Tower,0,4,10,0,14,0,23,96,0,119,0,27,106,0,133,68,0,68,201
06/25/2010,SFF,WA,ANM,WE,Federal Contract Tower,0,4,8,0,12,0,5,119,0,124,0,9,127,0,136,158,0,158,294
06/26/2010,SFF,WA,ANM,WE,Federal Contract Tower,0,2,4,0,6,0,11,97,0,108,0,13,101,0,114,2,0,2,116
06/27/2010,SFF,WA,ANM,WE,Federal Contract Tower,0,1,7,0,8,0,10,114,0,124,0,11,121,0,132,8,0,8,140
06/28/2010,SFF,WA,ANM,WE,Federal Contract Tower,0,4,10,0,14,0,15,79,0,94,0,19,89,0,108,52,0,52,160
06/29/2010,SFF,WA,ANM,WE,Federal Contract Tower,0,5,2,0,7,0,15,74,0,89,0,20,76,0,96,74,0,74,170
06/30/2010,SFF,WA,ANM,WE,Federal Contract Tower,0,5,10,0,15,0,6,90,0,96,0,11,100,0,111,158,0,158,269
07/01/2010,SFF,WA,ANM,WE,Federal Contract Tower,0,4,7,0,11,0,11,75,0,86,0,15,82,0,97,48,0,48,145
07/02/2010,SFF,WA,ANM,WE,Federal Contract Tower,0,7,14,0,21,0,4,52,0,56,0,11,66,0,77,48,0,48,125
07/03/2010,SFF,WA,ANM,WE,Federal Contract Tower,0,4,7,0,11,0,15,64,0,79,0,19,71,0,90,40,0,40,130
07/04/2010,SFF,WA,ANM,WE,Federal Contract Tower,0,1,2,0,3,0,17,34,2,53,0,18,36,2,56,2,0,2,58
07/05/2010,SFF,WA,ANM,WE,Federal Contract Tower,0,0,13,0,13,0,8,94,0,102,0,8,107,0,115,76,0,76,191
07/06/2010,SFF,WA,ANM,WE,Federal Contract Tower,0,4,6,0,10,0,11,90,0,101,0,15,96,0,111,57,0,57,168
07/07/2010,SFF,WA,ANM,WE,Federal Contract Tower,0,4,6,0,10,0,13,110,0,123,0,17,116,0,133,72,0,72,205
07/08/2010,SFF,WA,ANM,WE,Federal Contract Tower,0,4,6,0,10,0,14,107,0,121,0,18,113,0,131,118,0,118,249
07/09/2010,SFF,WA,ANM,WE,Federal Contract Tower,0,2,7,0,9,0,17,86,0,103,0,19,93,0,112,62,0,62,174
07/10/2010,SFF,WA,ANM,WE,Federal Contract Tower,0,4,4,0,8,0,12,101,0,113,0,16,105,0,121,66,0,66,187
07/11/2010,SFF,WA,ANM,WE,Federal Contract Tower,0,1,3,0,4,0,18,85,0,103,0,19,88,0,107,22,0,22,129
07/12/2010,SFF,WA,ANM,WE,Federal Contract Tower,0,6,5,0,11,0,14,23,0,37,0,20,28,0,48,18,0,18,66
07/13/2010,SFF,WA,ANM,WE,Federal Contract Tower,0,5,11,0,16,0,20,71,0,91,0,25,82,0,107,64,0,64,171
07/14/2010,SFF,WA,ANM,WE,Federal Contract Tower,0,1,10,0,11,0,10,123,0,133,0,11,133,0,144,84,0,84,228
07/15/2010,SFF,WA,ANM,WE,Federal Contract Tower,0,6,8,0,14,0,20,121,0,141,0,26,129,0,155,66,0,66,221
07/16/2010,SFF,WA,ANM,WE,Federal Contract Tower,0,3,9,0,12,0,22,95,0,117,0,25,104,0,129,42,0,42,171
07/17/2010,SFF,WA,ANM,WE,Federal Contract Tower,0,3,4,0,7,0,12,131,0,143,0,15,135,0,150,98,0,98,248
07/18/2010,SFF,WA,ANM,WE,Federal Contract Tower,0,3,11,0,14,0,15,72,0,87,0,18,83,0,101,6,0,6,107
07/19/2010,SFF,WA,ANM,WE,Federal Contract Tower,0,3,16,0,19,0,5,109,0,114,0,8,125,0,133,60,0,60,193
07/20/2010,SFF,WA,ANM,WE,Federal Contract Tower,0,6,11,0,17,0,7,130,0,137,0,13,141,0,154,42,0,42,196
07/21/2010,SFF,WA,ANM,WE,Federal Contract Tower,0,5,16,0,21,0,20,136,0,156,0,25,152,0,177,84,0,84,261
07/22/2010,SFF,WA,ANM,WE,Federal Contract Tower,0,4,10,1,15,0,10,75,0,85,0,14,85,1,100,10,2,12,112
07/23/2010,SFF,WA,ANM,WE,Federal Contract Tower,0,8,5,1,14,0,16,149,0,165,0,24,154,1,179,110,0,110,289
07/24/2010,SFF,WA,ANM,WE,Federal Contract Tower,0,2,10,0,12,0,12,80,0,92,0,14,90,0,104,36,0,36,140
07/25/2010,SFF,WA,ANM,WE,Federal Contract Tower,0,0,2,0,2,0,5,69,0,74,0,5,71,0,76,0,0,0,76
07/26/2010,SFF,WA,ANM,WE,Federal Contract Tower,0,3,9,0,12,0,16,90,0,106,0,19,99,0,118,71,0,71,189
07/27/2010,SFF,WA,ANM,WE,Federal Contract Tower,0,3,3,0,6,0,13,72,0,85,0,16,75,0,91,46,0,46,137
07/28/2010,SFF,WA,ANM,WE,Federal Contract Tower,0,3,3,0,6,0,17,77,0,94,0,20,80,0,100,144,0,144,244
07/29/2010,SFF,WA,ANM,WE,Federal Contract Tower,0,3,7,0,10,0,18,147,0,165,0,21,154,0,175,198,0,198,373
07/30/2010,SFF,WA,ANM,WE,Federal Contract Tower,0,4,9,0,13,0,8,100,0,108,0,12,109,0,121,114,0,114,235
07/31/2010,SFF,WA,ANM,WE,Federal Contract Tower,0,5,2,0,7,0,8,41,0,49,0,13,43,0,56,18,0,18,74
08/01/2010,SFF,WA,ANM,WE,Federal Contract Tower,0,2,9,0,11,0,8,80,0,88,0,10,89,0,99,47,0,47,146
08/02/2010,SFF,WA,ANM,WE,Federal Contract Tower,0,3,12,0,15,0,4,100,0,104,0,7,112,0,119,168,0,168,287
08/03/2010,SFF,WA,ANM,WE,Federal Contract Tower,0,2,9,0,11,0,13,94,0,107,0,15,103,0,118,250,0,250,368
08/04/2010,SFF,WA,ANM,WE,Federal Contract Tower,0,7,6,0,13,0,12,95,0,107,0,19,101,0,120,154,0,154,274
08/05/2010,SFF,WA,ANM,WE,Federal Contract Tower,0,3,8,0,11,0,14,79,0,93,0,17,87,0,104,179,0,179,283
08/06/2010,SFF,WA,ANM,WE,Federal Contract Tower,0,2,15,0,17,0,13,99,0,112,0,15,114,0,129,72,0,72,201
08/07/2010,SFF,WA,ANM,WE,Federal Contract Tower,0,2,4,0,6,0,10,171,0,181,0,12,175,0,187,46,0,46,233
08/08/2010,SFF,WA,ANM,WE,Federal Contract Tower,0,2,3,0,5,0,18,90,0,108,0,20,93,0,113,48,0,48,161
08/09/2010,SFF,WA,ANM,WE,Federal Contract Tower,0,6,13,0,19,0,15,128,0,143,0,21,141,0,162,128,0,128,290
08/10/2010,SFF,WA,ANM,WE,Federal Contract Tower,0,7,10,0,17,0,9,114,0,123,0,16,124,0,140,104,0,104,244
08/11/2010,SFF,WA,ANM,WE,Federal Contract Tower,0,7,12,0,19,0,17,113,0,130,0,24,125,0,149,141,0,141,290
08/12/2010,SFF,WA,ANM,WE,Federal Contract Tower,0,6,8,0,14,0,12,120,0,132,0,18,128,0,146,66,0,66,212
08/13/2010,SFF,WA,ANM,WE,Federal Contract Tower,0,5,4,0,9,0,16,103,0,119,0,21,107,0,128,80,0,80,208
08/14/2010,SFF,WA,ANM,WE,Federal Contract Tower,0,5,2,0,7,0,15,117,0,132,0,20,119,0,139,94,0,94,233
08/15/2010,SFF,WA,ANM,WE,Federal Contract Tower,0,1,4,0,5,0,9,107,0,116,0,10,111,0,121,24,0,24,145
08/16/2010,SFF,WA,ANM,WE,Federal Contract Tower,0,2,11,0,13,0,8,146,0,154,0,10,157,0,167,146,0,146,313
08/17/2010,SFF,WA,ANM,WE,Federal Contract Tower,0,3,8,0,11,0,3,89,0,92,0,6,97,0,103,114,0,114,217
08/18/2010,SFF,WA,ANM,WE,Federal Contract Tower,0,4,10,0,14,0,14,81,0,95,0,18,91,0,109,90,0,90,199
08/19/2010,SFF,WA,ANM,WE,Federal Contract Tower,0,3,7,0,10,0,15,88,0,103,0,18,95,0,113,40,0,40,153
08/20/2010,SFF,WA,ANM,WE,Federal Contract Tower,0,5,10,0,15,0,15,126,0,141,0,20,136,0,156,78,0,78,234
08/21/2010,SFF,WA,ANM,WE,Federal Contract Tower,0,3,5,0,8,0,11,145,0,156,0,14,150,0,164,36,0,36,200
08/22/2010,SFF,WA,ANM,WE,Federal Contract Tower,0,0,2,0,2,0,7,43,2,52,0,7,45,2,54,22,0,22,76
08/23/2010,SFF,WA,ANM,WE,Federal Contract Tower,0,3,13,0,16,0,18,122,0,140,0,21,135,0,156,74,0,74,230
08/24/2010,SFF,WA,ANM,WE,Federal Contract Tower,0,4,12,0,16,0,8,146,0,154,0,12,158,0,170,0,72,72,242
08/25/2010,SFF,WA,ANM,WE,Federal Contract Tower,0,2,3,0,5,0,31,159,0,190,0,33,162,0,195,90,0,90,285
08/26/2010,SFF,WA,ANM,WE,Federal Contract Tower,0,5,8,0,13,0,10,65,0,75,0,15,73,0,88,47,0,47,135
08/27/2010,SFF,WA,ANM,WE,Federal Contract Tower,0,2,8,0,10,0,5,106,0,111,0,7,114,0,121,120,0,120,241
08/28/2010,SFF,WA,ANM,WE,Federal Contract Tower,0,2,9,0,11,0,16,153,0,169,0,18,162,0,180,60,0,60,240
08/29/2010,SFF,WA,ANM,WE,Federal Contract Tower,0,2,4,0,6,0,10,102,0,112,0,12,106,0,118,22,0,22,140
08/30/2010,SFF,WA,ANM,WE,Federal Contract Tower,0,7,8,0,15,0,14,75,0,89,0,21,83,0,104,80,0,80,184
08/31/2010,SFF,WA,ANM,WE,Federal Contract Tower,0,6,8,0,14,0,7,77,0,84,0,13,85,0,98,156,0,156,254
09/01/2010,SFF,WA,ANM,WE,Federal Contract Tower,0,3,10,0,13,0,5,79,0,84,0,8,89,0,97,147,0,147,244
09/02/2010,SFF,WA,ANM,WE,Federal Contract Tower,0,3,14,0,17,0,10,140,0,150,0,13,154,0,167,182,0,182,349
09/03/2010,SFF,WA,ANM,WE,Federal Contract Tower,0,5,8,0,13,0,16,114,0,130,0,21,122,0,143,114,0,114,257
09/04/2010,SFF,WA,ANM,WE,Federal Contract Tower,0,5,4,0,9,0,12,96,0,108,0,17,100,0,117,10,0,10,127
09/05/2010,SFF,WA,ANM,WE,Federal Contract Tower,0,2,2,0,4,0,7,39,0,46,0,9,41,0,50,2,0,2,52
09/06/2010,SFF,WA,ANM,WE,Federal Contract Tower,0,1,2,0,3,0,10,68,0,78,0,11,70,0,81,66,0,66,147
09/07/2010,SFF,WA,ANM,WE,Federal Contract Tower,0,6,9,0,15,0,10,62,0,72,0,16,71,0,87,108,0,108,195
09/08/2010,SFF,WA,ANM,WE,Federal Contract Tower,0,2,9,0,11,0,4,90,0,94,0,6,99,0,105,88,0,88,193
09/09/2010,SFF,WA,ANM,WE,Federal Contract Tower,0,4,11,0,15,0,9,62,0,71,0,13,73,0,86,114,0,114,200
09/10/2010,SFF,WA,ANM,WE,Federal Contract Tower,0,2,12,0,14,0,5,84,0,89,0,7,96,0,103,64,0,64,167
09/11/2010,SFF,WA,ANM,WE,Federal Contract Tower,0,4,6,0,10,0,20,124,0,144,0,24,130,0,154,48,0,48,202
09/12/2010,SFF,WA,ANM,WE,Federal Contract Tower,0,0,5,0,5,0,10,91,0,101,0,10,96,0,106,18,0,18,124
09/13/2010,SFF,WA,ANM,WE,Federal Contract Tower,0,5,1,0,6,0,19,102,0,121,0,24,103,0,127,140,0,140,267
09/14/2010,SFF,WA,ANM,WE,Federal Contract Tower,0,2,6,0,8,0,11,127,0,138,0,13,133,0,146,164,0,164,310
09/15/2010,SFF,WA,ANM,WE,Federal Contract Tower,0,3,5,0,8,0,8,97,0,105,0,11,102,0,113,152,0,152,265
09/16/2010,SFF,WA,ANM,WE,Federal Contract Tower,0,5,17,0,22,0,8,58,0,66,0,13,75,0,88,126,0,126,214
09/17/2010,SFF,WA,ANM,WE,Federal Contract Tower,0,3,13,0,16,0,9,57,0,66,0,12,70,0,82,218,0,218,300
09/18/2010,SFF,WA,ANM,WE,Federal Contract Tower,0,2,5,0,7,0,8,82,0,90,0,10,87,0,97,94,0,94,191
09/19/2010,SFF,WA,ANM,WE,Federal Contract Tower,0,9,4,0,13,0,2,22,0,24,0,11,26,0,37,10,0,10,47
09/20/2010,SFF,WA,ANM,WE,Federal Contract Tower,0,8,5,0,13,0,13,25,0,38,0,21,30,0,51,62,0,62,113
09/21/2010,SFF,WA,ANM,WE,Federal Contract Tower,0,6,3,0,9,0,8,92,0,100,0,14,95,0,109,126,0,126,235
09/22/2010,SFF,WA,ANM,WE,Federal Contract Tower,0,3,5,0,8,0,25,106,0,131,0,28,111,0,139,54,0,54,193
09/23/2010,SFF,WA,ANM,WE,Federal Contract Tower,0,4,13,0,17,0,8,83,0,91,0,12,96,0,108,64,0,64,172
09/24/2010,SFF,WA,ANM,WE,Federal Contract Tower,0,8,7,0,15,0,12,88,0,100,0,20,95,0,115,34,0,34,149
09/25/2010,SFF,WA,ANM,WE,Federal Contract Tower,0,2,5,0,7,0,6,119,0,125,0,8,124,0,132,103,0,103,235
09/26/2010,SFF,WA,ANM,WE,Federal Contract Tower,0,0,5,0,5,0,9,76,0,85,0,9,81,0,90,36,0,36,126
09/27/2010,SFF,WA,ANM,WE,Federal Contract Tower,0,5,9,0,14,0,9,106,0,115,0,14,115,0,129,54,0,54,183
09/28/2010,SFF,WA,ANM,WE,Federal Contract Tower,0,3,3,0,6,0,5,95,0,100,0,8,98,0,106,94,0,94,200
09/29/2010,SFF,WA,ANM,WE,Federal Contract Tower,0,3,6,0,9,0,27,107,0,134,0,30,113,0,143,64,0,64,207
09/30/2010,SFF,WA,ANM,WE,Federal Contract Tower,0,3,9,0,12,0,13,129,0,142,0,16,138,0,154,157,0,157,311
10/01/2010,SFF,WA,ANM,WE,Federal Contract Tower,0,9,8,0,17,0,12,130,0,142,0,21,138,0,159,96,0,96,255
10/02/2010,SFF,WA,ANM,WE,Federal Contract Tower,0,2,2,0,4,0,11,138,0,149,0,13,140,0,153,63,0,63,216
10/03/2010,SFF,WA,ANM,WE,Federal Contract Tower,0,1,1,0,2,0,13,45,0,58,0,14,46,0,60,8,0,8,68
10/04/2010,SFF,WA,ANM,WE,Federal Contract Tower,0,7,8,0,15,0,13,44,0,57,0,20,52,0,72,44,0,44,116
10/05/2010,SFF,WA,ANM,WE,Federal Contract Tower,0,6,14,0,20,0,11,96,0,107,0,17,110,0,127,120,0,120,247
10/06/2010,SFF,WA,ANM,WE,Federal Contract Tower,0,3,6,0,9,0,29,82,0,111,0,32,88,0,120,118,0,118,238
10/07/2010,SFF,WA,ANM,WE,Federal Contract Tower,0,11,15,0,26,0,7,52,0,59,0,18,67,0,85,56,0,56,141
10/08/2010,SFF,WA,ANM,WE,Federal Contract Tower,0,10,6,0,16,0,12,44,0,56,0,22,50,0,72,88,0,88,160
10/09/2010,SFF,WA,ANM,WE,Federal Contract Tower,0,5,1,0,6,0,13,48,0,61,0,18,49,0,67,8,0,8,75
10/10/2010,SFF,WA,ANM,WE,Federal Contract Tower,0,3,6,0,9,0,3,11,0,14,0,6,17,0,23,8,0,8,31
10/11/2010,SFF,WA,ANM,WE,Federal Contract Tower,0,4,13,0,17,0,15,95,0,110,0,19,108,0,127,108,0,108,235
10/12/2010,SFF,WA,ANM,WE,Federal Contract Tower,0,9,6,0,15,0,12,109,0,121,0,21,115,0,136,120,0,120,256
10/13/2010,SFF,WA,ANM,WE,Federal Contract Tower,0,4,4,0,8,0,5,110,0,115,0,9,114,0,123,162,0,162,285
10/14/2010,SFF,WA,ANM,WE,Federal Contract Tower,0,3,8,0,11,0,9,127,0,136,0,12,135,0,147,284,0,284,431
10/15/2010,SFF,WA,ANM,WE,Federal Contract Tower,0,6,2,0,8,0,6,91,0,97,0,12,93,0,105,108,0,108,213
10/16/2010,SFF,WA,ANM,WE,Federal Contract Tower,0,5,3,0,8,0,15,120,0,135,0,20,123,0,143,58,0,58,201
10/17/2010,SFF,WA,ANM,WE,Federal Contract Tower,0,2,2,0,4,0,0,98,0,98,0,2,100,0,102,42,0,42,144
10/18/2010,SFF,WA,ANM,WE,Federal Contract Tower,0,5,11,0,16,0,6,100,0,106,0,11,111,0,122,162,0,162,284
10/19/2010,SFF,WA,ANM,WE,Federal Contract Tower,0,6,5,0,11,0,17,108,0,125,0,23,113,0,136,194,0,194,330
10/20/2010,SFF,WA,ANM,WE,Federal Contract Tower,0,5,10,0,15,0,10,136,0,146,0,15,146,0,161,182,2,184,345
10/21/2010,SFF,WA,ANM,WE,Federal Contract Tower,0,7,16,0,23,0,6,152,0,158,0,13,168,0,181,132,0,132,313
10/22/2010,SFF,WA,ANM,WE,Federal Contract Tower,0,4,7,0,11,0,10,81,0,91,0,14,88,0,102,223,0,223,325
10/23/2010,SFF,WA,ANM,WE,Federal Contract Tower,0,5,11,0,16,0,0,6,0,6,0,5,17,0,22,26,0,26,48
10/24/2010,SFF,WA,ANM,WE,Federal Contract Tower,0,6,7,0,13,0,0,0,0,0,0,6,7,0,13,12,0,12,25
10/25/2010,SFF,WA,ANM,WE,Federal Contract Tower,0,12,6,0,18,0,2,2,0,4,0,14,8,0,22,12,0,12,34
10/26/2010,SFF,WA,ANM,WE,Federal Contract Tower,0,5,6,0,11,0,0,32,0,32,0,5,38,0,43,82,0,82,125
10/27/2010,SFF,WA,ANM,WE,Federal Contract Tower,0,6,2,0,8,0,4,53,0,57,0,10,55,0,65,60,0,60,125
10/28/2010,SFF,WA,ANM,WE,Federal Contract Tower,0,4,12,0,16,0,6,57,0,63,0,10,69,0,79,48,0,48,127
10/29/2010,SFF,WA,ANM,WE,Federal Contract Tower,0,4,11,0,15,0,0,2,0,2,0,4,13,0,17,8,0,8,25
10/30/2010,SFF,WA,ANM,WE,Federal Contract Tower,0,4,2,0,6,0,3,34,0,37,0,7,36,0,43,64,0,64,107
10/31/2010,SFF,WA,ANM,WE,Federal Contract Tower,0,5,0,0,5,0,2,33,0,35,0,7,33,0,40,26,0,26,66
11/01/2010,SFF,WA,ANM,WE,Federal Contract Tower,0,5,5,0,10,0,6,31,0,37,0,11,36,0,47,78,0,78,125
11/02/2010,SFF,WA,ANM,WE,Federal Contract Tower,0,7,8,0,15,0,5,93,0,98,0,12,101,0,113,156,0,156,269
11/03/2010,SFF,WA,ANM,WE,Federal Contract Tower,0,5,9,0,14,0,20,72,0,92,0,25,81,0,106,140,0,140,246
11/04/2010,SFF,WA,ANM,WE,Federal Contract Tower,0,7,6,0,13,0,8,105,0,113,0,15,111,0,126,64,0,64,190
11/05/2010,SFF,WA,ANM,WE,Federal Contract Tower,0,8,8,0,16,0,10,68,0,78,0,18,76,0,94,42,0,42,136
11/06/2010,SFF,WA,ANM,WE,Federal Contract Tower,0,7,7,0,14,0,58,0,0,58,0,65,7,0,72,138,0,138,210
11/07/2010,SFF,WA,ANM,WE,Federal Contract Tower,0,6,5,0,11,0,6,4,0,10,0,12,9,0,21,4,0,4,25
11/08/2010,SFF,WA,ANM,WE,Federal Contract Tower,0,11,7,0,18,0,8,12,0,20,0,19,19,0,38,6,0,6,44
11/09/2010,SFF,WA,ANM,WE,Federal Contract Tower,0,3,5,0,8,0,7,34,0,41,0,10,39,0,49,60,2,62,111
11/10/2010,SFF,WA,ANM,WE,Federal Contract Tower,0,8,6,2,16,0,9,35,0,44,0,17,41,2,60,64,0,64,124
11/11/2010,SFF,WA,ANM,WE,Federal Contract Tower,0,4,6,0,10,0,6,37,0,43,0,10,43,0,53,32,0,32,85
11/12/2010,SFF,WA,ANM,WE,Federal Contract Tower,0,9,9,0,18,0,1,3,0,4,0,10,12,0,22,72,0,72,94
11/13/2010,SFF,WA,ANM,WE,Federal Contract Tower,0,12,2,0,14,0,1,7,0,8,0,13,9,0,22,30,0,30,52
11/14/2010,SFF,WA,ANM,WE,Federal Contract Tower,0,1,2,0,3,0,0,0,0,0,0,1,2,0,3,0,0,0,3
11/15/2010,SFF,WA,ANM,WE,Federal Contract Tower,0,11,10,0,21,0,0,1,0,1,0,11,11,0,22,12,0,12,34
11/16/2010,SFF,WA,ANM,WE,Federal Contract Tower,0,5,6,0,11,0,3,34,0,37,0,8,40,0,48,50,0,50,98
11/17/2010,SFF,WA,ANM,WE,Federal Contract Tower,0,3,4,0,7,0,3,23,0,26,0,6,27,0,33,16,0,16,49
11/18/2010,SFF,WA,ANM,WE,Federal Contract Tower,0,5,7,0,12,0,8,14,0,22,0,13,21,0,34,4,0,4,38
11/19/2010,SFF,WA,ANM,WE,Federal Contract Tower,0,10,6,0,16,0,6,30,0,36,0,16,36,0,52,32,0,32,84
11/20/2010,SFF,WA,ANM,WE,Federal Contract Tower,0,4,5,0,9,0,4,49,0,53,0,8,54,0,62,28,0,28,90
11/21/2010,SFF,WA,ANM,WE,Federal Contract Tower,0,5,4,0,9,0,0,3,0,3,0,5,7,0,12,0,0,0,12
11/22/2010,SFF,WA,ANM,WE,Federal Contract Tower,0,10,2,0,12,0,0,6,0,6,0,10,8,0,18,4,0,4,22
11/23/2010,SFF,WA,ANM,WE,Federal Contract Tower,0,5,0,0,5,0,6,0,0,6,0,11,0,0,11,0,0,0,11
11/24/2010,SFF,WA,ANM,WE,Federal Contract Tower,0,3,12,0,15,0,2,31,0,33,0,5,43,0,48,2,0,2,50
11/25/2010,SFF,WA,ANM,WE,Federal Contract Tower,0,2,1,0,3,0,0,0,0,0,0,2,1,0,3,0,0,0,3
11/26/2010,SFF,WA,ANM,WE,Federal Contract Tower,0,7,0,0,7,0,1,4,0,5,0,8,4,0,12,8,0,8,20
11/27/2010,SFF,WA,ANM,WE,Federal Contract Tower,0,4,2,0,6,0,0,0,0,0,0,4,2,0,6,0,0,0,6
11/28/2010,SFF,WA,ANM,WE,Federal Contract Tower,0,5,10,0,15,0,5,0,0,5,0,10,10,0,20,0,0,0,20
11/29/2010,SFF,WA,ANM,WE,Federal Contract Tower,0,7,5,0,12,0,4,11,0,15,0,11,16,0,27,14,0,14,41
11/30/2010,SFF,WA,ANM,WE,Federal Contract Tower,0,4,2,0,6,0,0,0,0,0,0,4,2,0,6,0,0,0,6
12/01/2010,SFF,WA,ANM,WE,Federal Contract Tower,0,10,8,0,18,0,0,0,0,0,0,10,8,0,18,10,0,10,28
12/02/2010,SFF,WA,ANM,WE,Federal Contract Tower,0,5,1,0,6,0,0,0,0,0,0,5,1,0,6,0,0,0,6
12/03/2010,SFF,WA,ANM,WE,Federal Contract Tower,0,4,9,0,13,0,11,0,0,11,0,15,9,0,24,66,0,66,90
12/04/2010,SFF,WA,ANM,WE,Federal Contract Tower,0,0,4,0,4,0,9,77,0,86,0,9,81,0,90,38,0,38,128
12/05/2010,SFF,WA,ANM,WE,Federal Contract Tower,0,2,10,0,12,0,4,78,0,82,0,6,88,0,94,66,0,66,160
12/06/2010,SFF,WA,ANM,WE,Federal Contract Tower,0,10,9,0,19,0,8,55,0,63,0,18,64,0,82,96,0,96,178
12/07/2010,SFF,WA,ANM,WE,Federal Contract Tower,0,4,11,0,15,0,7,40,0,47,0,11,51,0,62,54,0,54,116
12/08/2010,SFF,WA,ANM,WE,Federal Contract Tower,0,8,6,0,14,0,3,24,0,27,0,11,30,0,41,20,0,20,61
12/09/2010,SFF,WA,ANM,WE,Federal Contract Tower,3,3,0,0,6,0,2,5,0,7,3,5,5,0,13,0,0,0,13
12/10/2010,SFF,WA,ANM,WE,Federal Contract Tower,0,7,10,0,17,0,6,22,0,28,0,13,32,0,45,56,0,56,101
12/11/2010,SFF,WA,ANM,WE,Federal Contract Tower,0,5,1,0,6,0,0,21,0,21,0,5,22,0,27,4,0,4,31
12/12/2010,SFF,WA,ANM,WE,Federal Contract Tower,0,4,6,2,12,0,1,5,0,6,0,5,11,2,18,0,0,0,18
12/13/2010,SFF,WA,ANM,WE,Federal Contract Tower,0,13,11,0,24,0,0,5,0,5,0,13,16,0,29,30,0,30,59
12/14/2010,SFF,WA,ANM,WE,Federal Contract Tower,0,7,7,0,14,0,0,8,0,8,0,7,15,0,22,28,0,28,50
12/15/2010,SFF,WA,ANM,WE,Federal Contract Tower,0,7,5,0,12,0,2,27,0,29,0,9,32,0,41,18,0,18,59
12/16/2010,SFF,WA,ANM,WE,Federal Contract Tower,0,5,15,0,20,0,2,52,0,54,0,7,67,0,74,66,0,66,140
12/17/2010,SFF,WA,ANM,WE,Federal Contract Tower,0,4,10,0,14,0,14,115,0,129,0,18,125,0,143,80,0,80,223
12/18/2010,SFF,WA,ANM,WE,Federal Contract Tower,0,3,4,0,7,0,0,9,0,9,0,3,13,0,16,10,0,10,26
12/19/2010,SFF,WA,ANM,WE,Federal Contract Tower,0,2,2,0,4,0,2,4,0,6,0,4,6,0,10,2,0,2,12
12/20/2010,SFF,WA,ANM,WE,Federal Contract Tower,0,8,5,0,13,0,4,8,0,12,0,12,13,0,25,10,0,10,35
12/21/2010,SFF,WA,ANM,WE,Federal Contract Tower,0,9,9,0,18,0,9,67,0,76,0,18,76,0,94,50,0,50,144
12/22/2010,SFF,WA,ANM,WE,Federal Contract Tower,0,9,7,0,16,0,2,34,0,36,0,11,41,0,52,22,0,22,74
12/23/2010,SFF,WA,ANM,WE,Federal Contract Tower,0,5,7,0,12,0,1,11,0,12,0,6,18,0,24,60,0,60,84
12/24/2010,SFF,WA,ANM,WE,Federal Contract Tower,0,12,4,0,16,0,4,56,0,60,0,16,60,0,76,28,0,28,104
12/25/2010,SFF,WA,ANM,WE,Federal Contract Tower,0,3,0,0,3,0,8,39,0,47,0,11,39,0,50,32,0,32,82
12/26/2010,SFF,WA,ANM,WE,Federal Contract Tower,0,3,1,0,4,0,4,16,0,20,0,7,17,0,24,12,0,12,36
12/27/2010,SFF,WA,ANM,WE,Federal Contract Tower,0,11,4,0,15,0,7,9,0,16,0,18,13,0,31,24,0,24,55
12/28/2010,SFF,WA,ANM,WE,Federal Contract Tower,0,10,0,0,10,0,7,14,0,21,0,17,14,0,31,67,0,67,98
12/29/2010,SFF,WA,ANM,WE,Federal Contract Tower,0,5,2,0,7,0,0,0,0,0,0,5,2,0,7,0,0,0,7
12/30/2010,SFF,WA,ANM,WE,Federal Contract Tower,0,8,1,0,9,0,7,22,0,29,0,15,23,0,38,36,0,36,74
12/31/2010,SFF,WA,ANM,WE,Federal Contract Tower,0,2,9,0,11,0,6,64,0,70,0,8,73,0,81,0,0,0,81
01/01/2011,SFF,WA,ANM,WE,Federal Contract Tower,0,3,5,0,8,0,8,22,0,30,0,11,27,0,38,10,0,10,48
01/02/2011,SFF,WA,ANM,WE,Federal Contract Tower,0,7,2,0,9,0,6,49,0,55,0,13,51,0,64,30,0,30,94
01/03/2011,SFF,WA,ANM,WE,Federal Contract Tower,0,14,3,0,17,0,6,11,0,17,0,20,14,0,34,38,0,38,72
01/04/2011,SFF,WA,ANM,WE,Federal Contract Tower,0,7,2,0,9,0,5,24,0,29,0,12,26,0,38,44,0,44,82
01/05/2011,SFF,WA,ANM,WE,Federal Contract Tower,0,4,7,0,11,0,0,1,0,1,0,4,8,0,12,0,0,0,12
01/06/2011,SFF,WA,ANM,WE,Federal Contract Tower,0,8,8,0,16,0,2,7,0,9,0,10,15,0,25,42,0,42,67
01/07/2011,SFF,WA,ANM,WE,Federal Contract Tower,0,11,4,0,15,0,1,19,0,20,0,12,23,0,35,54,0,54,89
01/08/2011,SFF,WA,ANM,WE,Federal Contract Tower,0,5,5,0,10,0,6,65,0,71,0,11,70,0,81,62,0,62,143
01/09/2011,SFF,WA,ANM,WE,Federal Contract Tower,0,1,3,0,4,0,1,10,0,11,0,2,13,0,15,4,0,4,19
01/10/2011,SFF,WA,ANM,WE,Federal Contract Tower,0,5,9,0,14,0,8,54,0,62,0,13,63,0,76,50,0,50,126
01/11/2011,SFF,WA,ANM,WE,Federal Contract Tower,0,5,7,0,12,0,7,51,0,58,0,12,58,0,70,12,0,12,82
01/12/2011,SFF,WA,ANM,WE,Federal Contract Tower,0,8,2,0,10,0,2,2,0,4,0,10,4,0,14,0,0,0,14
01/13/2011,SFF,WA,ANM,WE,Federal Contract Tower,0,4,3,0,7,0,1,13,0,14,0,5,16,0,21,10,0,10,31
01/14/2011,SFF,WA,ANM,WE,Federal Contract Tower,0,3,7,0,10,0,8,9,0,17,0,11,16,0,27,18,0,18,45
01/15/2011,SFF,WA,ANM,WE,Federal Contract Tower,0,3,7,0,10,0,12,62,0,74,0,15,69,0,84,50,0,50,134
01/16/2011,SFF,WA,ANM,WE,Federal Contract Tower,0,1,2,0,3,0,0,5,0,5,0,1,7,0,8,26,0,26,34
01/17/2011,SFF,WA,ANM,WE,Federal Contract Tower,0,3,5,0,8,0,11,19,0,30,0,14,24,0,38,70,0,70,108
01/18/2011,SFF,WA,ANM,WE,Federal Contract Tower,0,5,6,0,11,0,1,8,0,9,0,6,14,0,20,12,0,12,32
01/19/2011,SFF,WA,ANM,WE,Federal Contract Tower,0,5,10,0,15,0,12,124,0,136,0,17,134,0,151,89,0,89,240
01/20/2011,SFF,WA,ANM,WE,Federal Contract Tower,0,4,4,0,8,0,5,10,0,15,0,9,14,0,23,36,0,36,59
01/21/2011,SFF,WA,ANM,WE,Federal Contract Tower,0,8,9,0,17,0,0,0,0,0,0,8,9,0,17,0,0,0,17
01/22/2011,SFF,WA,ANM,WE,Federal Contract Tower,0,2,15,0,17,0,3,51,0,54,0,5,66,0,71,50,0,50,121
01/23/2011,SFF,WA,ANM,WE,Federal Contract Tower,0,1,5,0,6,0,10,75,0,85,0,11,80,0,91,78,0,78,169
01/24/2011,SFF,WA,ANM,WE,Federal Contract Tower,0,9,6,0,15,0,0,2,0,2,0,9,8,0,17,0,0,0,17
01/25/2011,SFF,WA,ANM,WE,Federal Contract Tower,0,10,4,0,14,0,0,0,0,0,0,10,4,0,14,0,0,0,14
01/26/2011,SFF,WA,ANM,WE,Federal Contract Tower,0,3,5,0,8,0,2,42,0,44,0,5,47,0,52,40,0,40,92
01/27/2011,SFF,WA,ANM,WE,Federal Contract Tower,0,4,7,0,11,0,4,57,0,61,0,8,64,0,72,139,0,139,211
01/28/2011,SFF,WA,ANM,WE,Federal Contract Tower,0,6,10,0,16,0,11,52,0,63,0,17,62,0,79,84,0,84,163
01/29/2011,SFF,WA,ANM,WE,Federal Contract Tower,0,2,6,0,8,0,0,20,0,20,0,2,26,0,28,80,0,80,108
01/30/2011,SFF,WA,ANM,WE,Federal Contract Tower,0,6,5,0,11,0,4,25,0,29,0,10,30,0,40,12,0,12,52
01/31/2011,SFF,WA,ANM,WE,Federal Contract Tower,0,4,10,0,14,0,6,61,0,67,0,10,71,0,81,66,0,66,147
02/01/2011,SFF,WA,ANM,WE,Federal Contract Tower,0,4,4,0,8,0,12,83,0,95,0,16,87,0,103,56,0,56,159
02/02/2011,SFF,WA,ANM,WE,Federal Contract Tower,0,7,5,0,12,0,6,64,0,70,0,13,69,0,82,101,0,101,183
02/03/2011,SFF,WA,ANM,WE,Federal Contract Tower,0,5,2,0,7,0,5,43,0,48,0,10,45,0,55,58,0,58,113
02/04/2011,SFF,WA,ANM,WE,Federal Contract Tower,0,10,2,0,12,0,4,28,0,32,0,14,30,0,44,50,0,50,94
02/05/2011,SFF,WA,ANM,WE,Federal Contract Tower,0,2,4,0,6,0,13,101,0,114,0,15,105,0,120,27,0,27,147
02/06/2011,SFF,WA,ANM,WE,Federal Contract Tower,0,1,2,0,3,0,4,15,0,19,0,5,17,0,22,42,0,42,64
02/07/2011,SFF,WA,ANM,WE,Federal Contract Tower,0,8,2,0,10,0,20,22,0,42,0,28,24,0,52,2,0,2,54
02/08/2011,SFF,WA,ANM,WE,Federal Contract Tower,0,10,13,0,23,0,5,24,0,29,0,15,37,0,52,93,0,93,145
02/09/2011,SFF,WA,ANM,WE,Federal Contract Tower,0,11,8,0,19,0,12,63,0,75,0,23,71,0,94,40,0,40,134
02/10/2011,SFF,WA,ANM,WE,Federal Contract Tower,0,7,6,0,13,0,9,99,0,108,0,16,105,0,121,105,0,105,226
02/11/2011,SFF,WA,ANM,WE,Federal Contract Tower,0,6,6,0,12,0,16,66,0,82,0,22,72,0,94,84,0,84,178
02/12/2011,SFF,WA,ANM,WE,Federal Contract Tower,0,2,4,0,6,0,5,14,0,19,0,7,18,0,25,22,0,22,47
02/13/2011,SFF,WA,ANM,WE,Federal Contract Tower,0,2,4,0,6,0,12,64,0,76,0,14,68,0,82,50,0,50,132
02/14/2011,SFF,WA,ANM,WE,Federal Contract Tower,0,12,5,0,17,0,11,45,0,56,0,23,50,0,73,44,0,44,117
02/15/2011,SFF,WA,ANM,WE,Federal Contract Tower,0,6,10,0,16,0,1,1,0,2,0,7,11,0,18,0,0,0,18
02/16/2011,SFF,WA,ANM,WE,Federal Contract Tower,0,6,12,4,22,0,12,51,0,63,0,18,63,4,85,110,0,110,195
02/17/2011,SFF,WA,ANM,WE,Federal Contract Tower,0,6,16,0,22,0,7,34,0,41,0,13,50,0,63,123,0,123,186
02/18/2011,SFF,WA,ANM,WE,Federal Contract Tower,0,5,8,0,13,0,6,44,0,50,0,11,52,0,63,70,0,70,133
02/19/2011,SFF,WA,ANM,WE,Federal Contract Tower,0,2,3,0,5,0,7,56,0,63,0,9,59,0,68,36,0,36,104
02/20/2011,SFF,WA,ANM,WE,Federal Contract Tower,0,3,4,0,7,0,8,86,0,94,0,11,90,0,101,36,0,36,137
02/21/2011,SFF,WA,ANM,WE,Federal Contract Tower,0,5,11,0,16,0,5,55,0,60,0,10,66,0,76,82,0,82,158
02/22/2011,SFF,WA,ANM,WE,Federal Contract Tower,0,7,8,0,15,0,12,30,0,42,0,19,38,0,57,89,0,89,146
02/23/2011,SFF,WA,ANM,WE,Federal Contract Tower,0,9,2,0,11,0,4,24,0,28,0,13,26,0,39,24,0,24,63
02/24/2011,SFF,WA,ANM,WE,Federal Contract Tower,0,9,2,2,13,0,3,3,0,6,0,12,5,2,19,22,0,22,41
02/25/2011,SFF,WA,ANM,WE,Federal Contract Tower,0,3,6,2,11,0,16,73,0,89,0,19,79,2,100,93,0,93,193
02/26/2011,SFF,WA,ANM,WE,Federal Contract Tower,0,1,5,0,6,0,13,26,0,39,0,14,31,0,45,0,0,0,45
02/27/2011,SFF,WA,ANM,WE,Federal Contract Tower,0,5,5,0,10,0,0,1,0,1,0,5,6,0,11,0,0,0,11
02/28/2011,SFF,WA,ANM,WE,Federal Contract Tower,0,8,3,0,11,0,5,3,0,8,0,13,6,0,19,28,0,28,47
03/01/2011,SFF,WA,ANM,WE,Federal Contract Tower,0,6,10,0,16,0,1,0,0,1,0,7,10,0,17,0,0,0,17
03/02/2011,SFF,WA,ANM,WE,Federal Contract Tower,0,9,5,0,14,0,6,26,0,32,0,15,31,0,46,126,0,126,172
03/03/2011,SFF,WA,ANM,WE,Federal Contract Tower,0,6,4,0,10,0,4,55,0,59,0,10,59,0,69,55,0,55,124
03/04/2011,SFF,WA,ANM,WE,Federal Contract Tower,0,5,13,2,20,0,2,78,8,88,0,7,91,10,108,64,0,64,172
03/05/2011,SFF,WA,ANM,WE,Federal Contract Tower,0,2,3,0,5,0,4,40,0,44,0,6,43,0,49,72,0,72,121
03/06/2011,SFF,WA,ANM,WE,Federal Contract Tower,0,4,8,0,12,0,4,46,0,50,0,8,54,0,62,10,0,10,72
03/07/2011,SFF,WA,ANM,WE,Federal Contract Tower,0,7,11,0,18,0,4,54,0,58,0,11,65,0,76,96,0,96,172
03/08/2011,SFF,WA,ANM,WE,Federal Contract Tower,0,7,5,0,12,0,3,4,0,7,0,10,9,0,19,0,0,0,19
03/09/2011,SFF,WA,ANM,WE,Federal Contract Tower,0,8,3,0,11,0,8,15,0,23,0,16,18,0,34,16,0,16,50
03/10/2011,SFF,WA,ANM,WE,Federal Contract Tower,0,6,7,0,13,0,7,19,0,26,0,13,26,0,39,52,0,52,91
03/11/2011,SFF,WA,ANM,WE,Federal Contract Tower,0,6,17,0,23,0,4,120,0,124,0,10,137,0,147,82,0,82,229
03/12/2011,SFF,WA,ANM,WE,Federal Contract Tower,0,0,8,0,8,0,8,84,0,92,0,8,92,0,100,55,0,55,155
03/13/2011,SFF,WA,ANM,WE,Federal Contract Tower,0,4,6,0,10,0,5,33,0,38,0,9,39,0,48,14,0,14,62
03/14/2011,SFF,WA,ANM,WE,Federal Contract Tower,0,5,6,1,12,0,13,37,0,50,0,18,43,1,62,44,2,46,108
03/15/2011,SFF,WA,ANM,WE,Federal Contract Tower,0,8,5,0,13,0,5,14,0,19,0,13,19,0,32,84,0,84,116
03/16/2011,SFF,WA,ANM,WE,Federal Contract Tower,0,6,11,0,17,0,6,58,0,64,0,12,69,0,81,64,0,64,145
03/17/2011,SFF,WA,ANM,WE,Federal Contract Tower,0,6,10,0,16,0,5,57,0,62,0,11,67,0,78,88,0,88,166
03/18/2011,SFF,WA,ANM,WE,Federal Contract Tower,0,3,10,0,13,0,5,82,0,87,0,8,92,0,100,74,0,74,174
03/19/2011,SFF,WA,ANM,WE,Federal Contract Tower,0,2,1,0,3,0,10,36,0,46,0,12,37,0,49,38,0,38,87
03/20/2011,SFF,WA,ANM,WE,Federal Contract Tower,0,3,2,0,5,0,13,59,0,72,0,16,61,0,77,4,0,4,81
03/21/2011,SFF,WA,ANM,WE,Federal Contract Tower,0,9,9,0,18,0,2,20,0,22,0,11,29,0,40,40,0,40,80
03/22/2011,SFF,WA,ANM,WE,Federal Contract Tower,0,9,9,1,19,0,10,60,1,71,0,19,69,2,90,92,0,92,182
03/23/2011,SFF,WA,ANM,WE,Federal Contract Tower,0,7,4,0,11,0,6,13,0,19,0,13,17,0,30,14,0,14,44
03/24/2011,SFF,WA,ANM,WE,Federal Contract Tower,0,2,15,0,17,0,8,65,0,73,0,10,80,0,90,134,0,134,224
03/25/2011,SFF,WA,ANM,WE,Federal Contract Tower,0,5,7,0,12,0,1,16,0,17,0,6,23,0,29,40,0,40,69
03/26/2011,SFF,WA,ANM,WE,Federal Contract Tower,0,4,8,0,12,0,6,55,0,61,0,10,63,0,73,56,0,56,129
03/27/2011,SFF,WA,ANM,WE,Federal Contract Tower,0,4,7,0,11,0,5,13,0,18,0,9,20,0,29,4,0,4,33
03/28/2011,SFF,WA,ANM,WE,Federal Contract Tower,0,12,8,0,20,0,5,11,0,16,0,17,19,0,36,44,0,44,80
03/29/2011,SFF,WA,ANM,WE,Federal Contract Tower,0,5,11,0,16,0,3,8,0,11,0,8,19,0,27,64,0,64,91
03/30/2011,SFF,WA,ANM,WE,Federal Contract Tower,0,9,7,0,16,0,7,24,0,31,0,16,31,0,47,58,0,58,105
03/31/2011,SFF,WA,ANM,WE,Federal Contract Tower,0,7,4,0,11,0,6,13,0,19,0,13,17,0,30,14,0,14,44
04/01/2011,SFF,WA,ANM,WE,Federal Contract Tower,0,2,15,0,17,0,10,105,0,115,0,12,120,0,132,148,0,148,280
04/02/2011,SFF,WA,ANM,WE,Federal Contract Tower,0,3,3,0,6,0,4,11,0,15,0,7,14,0,21,24,0,24,45
04/03/2011,SFF,WA,ANM,WE,Federal Contract Tower,0,1,1,0,2,0,4,60,0,64,0,5,61,0,66,68,2,70,136
04/04/2011,SFF,WA,ANM,WE,Federal Contract Tower,0,9,16,0,25,0,16,38,0,54,0,25,54,0,79,190,0,190,269
04/05/2011,SFF,WA,ANM,WE,Federal Contract Tower,0,6,10,0,16,0,9,50,0,59,0,15,60,0,75,96,2,98,173
04/06/2011,SFF,WA,ANM,WE,Federal Contract Tower,0,8,5,0,13,0,4,25,2,31,0,12,30,2,44,42,0,42,86
04/07/2011,SFF,WA,ANM,WE,Federal Contract Tower,0,5,20,0,25,0,11,63,0,74,0,16,83,0,99,112,0,112,211
04/08/2011,SFF,WA,ANM,WE,Federal Contract Tower,0,1,20,0,21,0,10,139,0,149,0,11,159,0,170,123,0,123,293
04/09/2011,SFF,WA,ANM,WE,Federal Contract Tower,0,1,8,0,9,0,9,88,0,97,0,10,96,0,106,72,0,72,178
04/10/2011,SFF,WA,ANM,WE,Federal Contract Tower,0,1,2,0,3,0,6,36,0,42,0,7,38,0,45,24,0,24,69
04/11/2011,SFF,WA,ANM,WE,Federal Contract Tower,0,5,4,0,9,0,10,14,0,24,0,15,18,0,33,18,0,18,51
04/12/2011,SFF,WA,ANM,WE,Federal Contract Tower,0,3,29,0,32,0,19,133,0,152,0,22,162,0,184,142,0,142,326
04/13/2011,SFF,WA,ANM,WE,Federal Contract Tower,0,9,18,0,27,0,9,80,0,89,0,18,98,0,116,152,0,152,268
04/14/2011,SFF,WA,ANM,WE,Federal Contract Tower,0,5,6,0,11,0,8,34,0,42,0,13,40,0,53,46,0,46,99
04/15/2011,SFF,WA,ANM,WE,Federal Contract Tower,0,3,9,0,12,0,4,33,0,37,0,7,42,0,49,52,0,52,101
04/16/2011,SFF,WA,ANM,WE,Federal Contract Tower,0,4,3,0,7,0,7,9,0,16,0,11,12,0,23,20,0,20,43
04/17/2011,SFF,WA,ANM,WE,Federal Contract Tower,0,0,8,0,8,0,10,44,0,54,0,10,52,0,62,64,0,64,126
04/18/2011,SFF,WA,ANM,WE,Federal Contract Tower,0,11,14,0,25,0,3,28,0,31,0,14,42,0,56,40,0,40,96
04/19/2011,SFF,WA,ANM,WE,Federal Contract Tower,0,7,14,0,21,0,7,62,0,69,0,14,76,0,90,108,0,108,198
04/20/2011,SFF,WA,ANM,WE,Federal Contract Tower,0,3,19,0,22,0,7,137,0,144,0,10,156,0,166,134,0,134,300
04/21/2011,SFF,WA,ANM,WE,Federal Contract Tower,0,5,7,0,12,0,2,12,0,14,0,7,19,0,26,12,0,12,38
04/22/2011,SFF,WA,ANM,WE,Federal Contract Tower,0,3,19,0,22,0,2,94,0,96,0,5,113,0,118,116,0,116,234
04/23/2011,SFF,WA,ANM,WE,Federal Contract Tower,0,2,11,0,13,0,7,164,0,171,0,9,175,0,184,54,0,54,238
04/24/2011,SFF,WA,ANM,WE,Federal Contract Tower,0,9,0,0,9,0,5,62,0,67,0,14,62,0,76,54,0,54,130
04/25/2011,SFF,WA,ANM,WE,Federal Contract Tower,0,7,13,0,20,0,6,28,0,34,0,13,41,0,54,178,0,178,232
04/26/2011,SFF,WA,ANM,WE,Federal Contract Tower,0,6,6,0,12,0,0,3,0,3,0,6,9,0,15,34,0,34,49
04/27/2011,SFF,WA,ANM,WE,Federal Contract Tower,0,7,20,0,27,0,5,59,0,64,0,12,79,0,91,140,0,140,231
04/28/2011,SFF,WA,ANM,WE,Federal Contract Tower,0,4,15,2,21,0,8,40,0,48,0,12,55,2,69,50,4,54,123
04/29/2011,SFF,WA,ANM,WE,Federal Contract Tower,0,2,13,2,17,0,3,38,0,41,0,5,51,2,58,84,0,84,142
04/30/2011,SFF,WA,ANM,WE,Federal Contract Tower,0,4,3,0,7,0,4,42,0,46,0,8,45,0,53,56,0,56,109
05/01/2011,SFF,WA,ANM,WE,Federal Contract Tower,0,0,3,0,3,0,8,118,0,126,0,8,121,0,129,32,0,32,161
05/02/2011,SFF,WA,ANM,WE,Federal Contract Tower,0,5,23,0,28,0,1,92,0,93,0,6,115,0,121,166,0,166,287
05/03/2011,SFF,WA,ANM,WE,Federal Contract Tower,0,6,14,0,20,0,16,44,0,60,0,22,58,0,80,182,0,182,262
05/04/2011,SFF,WA,ANM,WE,Federal Contract Tower,0,3,20,3,26,0,7,181,3,191,0,10,201,6,217,316,2,318,535
05/05/2011,SFF,WA,ANM,WE,Federal Contract Tower,0,4,19,0,23,0,4,86,0,90,0,8,105,0,113,86,0,86,199
05/06/2011,SFF,WA,ANM,WE,Federal Contract Tower,0,6,14,3,23,0,14,68,3,85,0,20,82,6,108,138,6,144,252
05/07/2011,SFF,WA,ANM,WE,Federal Contract Tower,0,10,3,0,13,0,3,14,0,17,0,13,17,0,30,70,0,70,100
05/08/2011,SFF,WA,ANM,WE,Federal Contract Tower,0,1,4,0,5,0,6,27,0,33,0,7,31,0,38,84,0,84,122
05/09/2011,SFF,WA,ANM,WE,Federal Contract Tower,0,4,21,0,25,0,8,103,0,111,0,12,124,0,136,198,0,198,334
05/10/2011,SFF,WA,ANM,WE,Federal Contract Tower,0,4,8,0,12,0,7,102,1,110,0,11,110,1,122,122,4,126,248
05/11/2011,SFF,WA,ANM,WE,Federal Contract Tower,0,6,17,0,23,0,8,143,0,151,0,14,160,0,174,164,0,164,338
05/12/2011,SFF,WA,ANM,WE,Federal Contract Tower,0,9,22,0,31,0,8,80,0,88,0,17,102,0,119,138,0,138,257
05/13/2011,SFF,WA,ANM,WE,Federal Contract Tower,4,6,2,0,12,0,3,0,0,3,4,9,2,0,15,173,0,173,188
05/14/2011,SFF,WA,ANM,WE,Federal Contract Tower,0,2,0,0,2,0,15,93,0,108,0,17,93,0,110,50,0,50,160
05/15/2011,SFF,WA,ANM,WE,Federal Contract Tower,0,2,5,0,7,0,0,4,0,4,0,2,9,0,11,22,0,22,33
05/16/2011,SFF,WA,ANM,WE,Federal Contract Tower,0,5,6,0,11,0,2,1,0,3,0,7,7,0,14,0,0,0,14
05/17/2011,SFF,WA,ANM,WE,Federal Contract Tower,0,5,8,0,13,0,8,114,0,122,0,13,122,0,135,222,0,222,357
05/18/2011,SFF,WA,ANM,WE,Federal Contract Tower,0,3,14,0,17,0,10,122,0,132,0,13,136,0,149,288,0,288,437
05/19/2011,SFF,WA,ANM,WE,Federal Contract Tower,0,4,5,0,9,0,3,127,0,130,0,7,132,0,139,180,0,180,319
05/20/2011,SFF,WA,ANM,WE,Federal Contract Tower,0,6,16,0,22,0,8,140,0,148,0,14,156,0,170,236,0,236,406
05/21/2011,SFF,WA,ANM,WE,Federal Contract Tower,0,9,3,0,12,0,9,69,0,78,0,18,72,0,90,28,0,28,118
05/22/2011,SFF,WA,ANM,WE,Federal Contract Tower,0,7,2,0,9,0,3,16,0,19,0,10,18,0,28,12,0,12,40
05/23/2011,SFF,WA,ANM,WE,Federal Contract Tower,0,9,10,0,19,0,6,70,0,76,0,15,80,0,95,148,0,148,243
05/24/2011,SFF,WA,ANM,WE,Federal Contract Tower,0,9,5,1,15,0,3,24,0,27,0,12,29,1,42,112,2,114,156
05/25/2011,SFF,WA,ANM,WE,Federal Contract Tower,0,5,5,0,10,0,7,101,0,108,0,12,106,0,118,112,0,112,230
05/26/2011,SFF,WA,ANM,WE,Federal Contract Tower,0,7,11,0,18,0,7,18,0,25,0,14,29,0,43,0,0,0,43
05/27/2011,SFF,WA,ANM,WE,Federal Contract Tower,0,2,11,4,17,0,9,53,0,62,0,11,64,4,79,75,0,75,154
05/28/2011,SFF,WA,ANM,WE,Federal Contract Tower,0,7,6,0,13,0,3,65,0,68,0,10,71,0,81,46,0,46,127
05/29/2011,SFF,WA,ANM,WE,Federal Contract Tower,0,3,4,0,7,0,4,66,0,70,0,7,70,0,77,40,0,40,117
05/30/2011,SFF,WA,ANM,WE,Federal Contract Tower,0,3,13,0,16,0,8,73,0,81,0,11,86,0,97,54,0,54,151
05/31/2011,SFF,WA,ANM,WE,Federal Contract Tower,0,12,19,2,33,0,14,68,0,82,0,26,87,2,115,128,0,128,243
06/01/2011,SFF,WA,ANM,WE,Federal Contract Tower,0,3,14,0,17,0,5,79,0,84,0,8,93,0,101,306,0,306,407
06/02/2011,SFF,WA,ANM,WE,Federal Contract Tower,0,11,10,0,21,0,2,13,0,15,0,13,23,0,36,40,0,40,76
06/03/2011,SFF,WA,ANM,WE,Federal Contract Tower,0,8,8,1,17,0,11,173,1,185,0,19,181,2,202,268,0,268,470
06/04/2011,SFF,WA,ANM,WE,Federal Contract Tower,0,2,5,0,7,0,7,333,0,340,0,9,338,0,347,160,0,160,507
06/05/2011,SFF,WA,ANM,WE,Federal Contract Tower,0,1,3,0,4,0,4,122,0,126,0,5,125,0,130,42,0,42,172
06/06/2011,SFF,WA,ANM,WE,Federal Contract Tower,0,7,3,0,10,0,11,77,0,88,0,18,80,0,98,297,0,297,395
06/07/2011,SFF,WA,ANM,WE,Federal Contract Tower,0,3,6,0,9,0,1,56,0,57,0,4,62,0,66,258,0,258,324
06/08/2011,SFF,WA,ANM,WE,Federal Contract Tower,0,15,8,2,25,0,14,59,0,73,0,29,67,2,98,308,4,312,410
06/09/2011,SFF,WA,ANM,WE,Federal Contract Tower,0,6,10,1,17,0,6,87,0,93,0,12,97,1,110,288,2,290,400
06/10/2011,SFF,WA,ANM,WE,Federal Contract Tower,0,6,23,0,29,0,11,107,0,118,0,17,130,0,147,248,0,248,395
06/11/2011,SFF,WA,ANM,WE,Federal Contract Tower,0,4,9,0,13,0,7,197,0,204,0,11,206,0,217,44,0,44,261
06/12/2011,SFF,WA,ANM,WE,Federal Contract Tower,0,0,7,0,7,0,1,103,0,104,0,1,110,0,111,22,0,22,133
06/13/2011,SFF,WA,ANM,WE,Federal Contract Tower,0,10,10,2,22,0,7,38,0,45,0,17,48,2,67,142,4,146,213
06/14/2011,SFF,WA,ANM,WE,Federal Contract Tower,0,9,13,0,22,0,10,129,0,139,0,19,142,0,161,172,0,172,333
06/15/2011,SFF,WA,ANM,WE,Federal Contract Tower,0,6,19,0,25,0,10,58,0,68,0,16,77,0,93,176,0,176,269
06/16/2011,SFF,WA,ANM,WE,Federal Contract Tower,0,8,14,0,22,0,8,77,0,85,0,16,91,0,107,272,0,272,379
06/17/2011,SFF,WA,ANM,WE,Federal Contract Tower,0,8,11,0,19,0,9,111,0,120,0,17,122,0,139,174,0,174,313
06/18/2011,SFF,WA,ANM,WE,Federal Contract Tower,0,6,5,0,11,0,9,40,0,49,0,15,45,0,60,92,0,92,152
06/19/2011,SFF,WA,ANM,WE,Federal Contract Tower,0,4,11,0,15,0,4,59,0,63,0,8,70,0,78,20,0,20,98
06/20/2011,SFF,WA,ANM,WE,Federal Contract Tower,0,4,20,0,24,0,11,98,0,109,0,15,118,0,133,107,0,107,240
06/21/2011,SFF,WA,ANM,WE,Federal Contract Tower,0,7,11,0,18,0,26,128,0,154,0,33,139,0,172,150,0,150,322
06/22/2011,SFF,WA,ANM,WE,Federal Contract Tower,0,4,10,0,14,0,13,106,0,119,0,17,116,0,133,104,4,108,241
06/23/2011,SFF,WA,ANM,WE,Federal Contract Tower,0,6,15,2,23,0,8,56,0,64,0,14,71,2,87,50,6,56,143
06/24/2011,SFF,WA,ANM,WE,Federal Contract Tower,0,5,22,2,29,0,12,93,0,105,0,17,115,2,134,72,0,72,206
06/25/2011,SFF,WA,ANM,WE,Federal Contract Tower,0,7,5,0,12,0,13,134,0,147,0,20,139,0,159,22,0,22,181
06/26/2011,SFF,WA,ANM,WE,Federal Contract Tower,0,0,3,3,6,0,8,82,0,90,0,8,85,3,96,14,0,14,110
06/27/2011,SFF,WA,ANM,WE,Federal Contract Tower,0,4,18,0,22,0,9,61,0,70,0,13,79,0,92,54,0,54,146
06/28/2011,SFF,WA,ANM,WE,Federal Contract Tower,0,4,7,0,11,0,11,44,0,55,0,15,51,0,66,48,0,48,114
06/29/2011,SFF,WA,ANM,WE,Federal Contract Tower,0,5,4,2,11,0,7,67,0,74,0,12,71,2,85,41,0,41,126
06/30/2011,SFF,WA,ANM,WE,Federal Contract Tower,0,4,5,0,9,0,8,64,0,72,0,12,69,0,81,34,0,34,115
07/01/2011,SFF,WA,ANM,WE,Federal Contract Tower,0,3,14,0,17,0,8,140,0,148,0,11,154,0,165,142,0,142,307
07/02/2011,SFF,WA,ANM,WE,Federal Contract Tower,0,3,3,0,6,0,9,105,0,114,0,12,108,0,120,90,0,90,210
07/03/2011,SFF,WA,ANM,WE,Federal Contract Tower,0,7,1,0,8,0,12,30,0,42,0,19,31,0,50,0,0,0,50
07/04/2011,SFF,WA,ANM,WE,Federal Contract Tower,0,0,2,0,2,0,4,99,0,103,0,4,101,0,105,32,0,32,137
07/05/2011,SFF,WA,ANM,WE,Federal Contract Tower,0,7,6,2,15,0,7,84,0,91,0,14,90,2,106,62,0,62,168
07/06/2011,SFF,WA,ANM,WE,Federal Contract Tower,0,10,6,0,16,0,15,102,0,117,0,25,108,0,133,76,0,76,209
07/07/2011,SFF,WA,ANM,WE,Federal Contract Tower,0,3,8,2,13,0,12,81,6,99,0,15,89,8,112,58,0,58,170
07/08/2011,SFF,WA,ANM,WE,Federal Contract Tower,0,5,6,0,11,0,9,74,0,83,0,14,80,0,94,86,0,86,180
07/09/2011,SFF,WA,ANM,WE,Federal Contract Tower,0,2,8,0,10,0,15,121,0,136,0,17,129,0,146,62,0,62,208
07/10/2011,SFF,WA,ANM,WE,Federal Contract Tower,0,0,2,0,2,0,11,105,0,116,0,11,107,0,118,64,0,64,182
07/11/2011,SFF,WA,ANM,WE,Federal Contract Tower,0,5,14,2,21,0,17,92,0,109,0,22,106,2,130,95,0,95,225
07/12/2011,SFF,WA,ANM,WE,Federal Contract Tower,0,4,10,0,14,0,8,70,0,78,0,12,80,0,92,66,0,66,158
07/13/2011,SFF,WA,ANM,WE,Federal Contract Tower,0,7,9,0,16,0,5,30,0,35,0,12,39,0,51,142,0,142,193
07/14/2011,SFF,WA,ANM,WE,Federal Contract Tower,0,3,10,2,15,0,6,109,0,115,0,9,119,2,130,212,4,216,346
07/15/2011,SFF,WA,ANM,WE,Federal Contract Tower,0,3,13,0,16,0,7,168,0,175,0,10,181,0,191,224,0,224,415
07/16/2011,SFF,WA,ANM,WE,Federal Contract Tower,0,7,4,0,11,0,4,226,0,230,0,11,230,0,241,148,0,148,389
07/17/2011,SFF,WA,ANM,WE,Federal Contract Tower,0,4,4,0,8,0,10,126,0,136,0,14,130,0,144,110,0,110,254
07/18/2011,SFF,WA,ANM,WE,Federal Contract Tower,0,6,9,0,15,0,12,111,0,123,0,18,120,0,138,58,0,58,196
07/19/2011,SFF,WA,ANM,WE,Federal Contract Tower,0,5,8,2,15,0,10,75,2,87,0,15,83,4,102,78,0,78,180
07/20/2011,SFF,WA,ANM,WE,Federal Contract Tower,0,6,10,0,16,0,4,116,0,120,0,10,126,0,136,60,0,60,196
07/21/2011,SFF,WA,ANM,WE,Federal Contract Tower,0,3,10,0,13,0,8,75,0,83,0,11,85,0,96,40,0,40,136
07/22/2011,SFF,WA,ANM,WE,Federal Contract Tower,0,3,5,0,8,0,2,87,0,89,0,5,92,0,97,88,0,88,185
07/23/2011,SFF,WA,ANM,WE,Federal Contract Tower,0,2,5,0,7,0,6,116,0,122,0,8,121,0,129,76,0,76,205
07/24/2011,SFF,WA,ANM,WE,Federal Contract Tower,0,3,5,0,8,0,5,83,0,88,0,8,88,0,96,68,0,68,164
07/25/2011,SFF,WA,ANM,WE,Federal Contract Tower,0,10,6,0,16,0,18,51,0,69,0,28,57,0,85,70,0,70,155
07/26/2011,SFF,WA,ANM,WE,Federal Contract Tower,0,4,6,0,10,0,10,67,0,77,0,14,73,0,87,114,0,114,201
07/27/2011,SFF,WA,ANM,WE,Federal Contract Tower,0,6,3,0,9,0,10,74,0,84,0,16,77,0,93,140,0,140,233
07/28/2011,SFF,WA,ANM,WE,Federal Contract Tower,0,5,6,1,12,0,13,132,1,146,0,18,138,2,158,239,0,239,397
07/29/2011,SFF,WA,ANM,WE,Federal Contract Tower,0,2,6,0,8,0,7,106,0,113,0,9,112,0,121,76,0,76,197
07/30/2011,SFF,WA,ANM,WE,Federal Contract Tower,0,4,2,0,6,0,9,97,0,106,0,13,99,0,112,16,0,16,128
07/31/2011,SFF,WA,ANM,WE,Federal Contract Tower,0,1,3,0,4,0,13,80,0,93,0,14,83,0,97,22,0,22,119
08/01/2011,SFF,WA,ANM,WE,Federal Contract Tower,0,5,10,0,15,0,12,120,0,132,0,17,130,0,147,144,0,144,291
08/02/2011,SFF,WA,ANM,WE,Federal Contract Tower,0,4,10,0,14,0,13,89,0,102,0,17,99,0,116,84,0,84,200
08/03/2011,SFF,WA,ANM,WE,Federal Contract Tower,0,4,8,0,12,0,13,104,0,117,0,17,112,0,129,152,0,152,281
08/04/2011,SFF,WA,ANM,WE,Federal Contract Tower,0,3,10,1,14,0,4,111,0,115,0,7,121,1,129,158,0,158,287
08/05/2011,SFF,WA,ANM,WE,Federal Contract Tower,0,2,5,1,8,0,9,114,1,124,0,11,119,2,132,188,0,188,320
08/06/2011,SFF,WA,ANM,WE,Federal Contract Tower,0,2,4,0,6,0,8,182,0,190,0,10,186,0,196,48,0,48,244
08/07/2011,SFF,WA,ANM,WE,Federal Contract Tower,0,0,6,0,6,0,4,85,0,89,0,4,91,0,95,26,0,26,121
08/08/2011,SFF,WA,ANM,WE,Federal Contract Tower,0,8,1,1,10,0,11,89,1,101,0,19,90,2,111,142,0,142,253
08/09/2011,SFF,WA,ANM,WE,Federal Contract Tower,0,4,5,0,9,0,5,136,0,141,0,9,141,0,150,182,0,182,332
08/10/2011,SFF,WA,ANM,WE,Federal Contract Tower,0,2,10,0,12,0,5,101,0,106,0,7,111,0,118,150,0,150,268
08/11/2011,SFF,WA,ANM,WE,Federal Contract Tower,0,4,10,1,15,0,8,112,0,120,0,12,122,1,135,59,0,59,194
08/12/2011,SFF,WA,ANM,WE,Federal Contract Tower,0,2,17,0,19,0,9,96,0,105,0,11,113,0,124,169,0,169,293
08/13/2011,SFF,WA,ANM,WE,Federal Contract Tower,0,2,5,0,7,0,12,129,0,141,0,14,134,0,148,14,0,14,162
08/14/2011,SFF,WA,ANM,WE,Federal Contract Tower,0,3,3,0,6,0,10,85,0,95,0,13,88,0,101,2,0,2,103
08/15/2011,SFF,WA,ANM,WE,Federal Contract Tower,0,8,9,0,17,0,17,78,0,95,0,25,87,0,112,84,0,84,196
08/16/2011,SFF,WA,ANM,WE,Federal Contract Tower,0,2,10,0,12,0,14,101,0,115,0,16,111,0,127,112,0,112,239
08/17/2011,SFF,WA,ANM,WE,Federal Contract Tower,0,3,10,0,13,0,9,113,0,122,0,12,123,0,135,76,0,76,211
08/18/2011,SFF,WA,ANM,WE,Federal Contract Tower,0,2,18,2,22,0,7,126,0,133,0,9,144,2,155,123,0,123,278
08/19/2011,SFF,WA,ANM,WE,Federal Contract Tower,0,7,10,0,17,0,10,103,0,113,0,17,113,0,130,75,0,75,205
08/20/2011,SFF,WA,ANM,WE,Federal Contract Tower,0,2,1,0,3,0,9,139,0,148,0,11,140,0,151,92,0,92,243
08/21/2011,SFF,WA,ANM,WE,Federal Contract Tower,0,2,6,0,8,0,4,76,0,80,0,6,82,0,88,54,0,54,142
08/22/2011,SFF,WA,ANM,WE,Federal Contract Tower,0,4,5,0,9,0,17,89,0,106,0,21,94,0,115,92,0,92,207
08/23/2011,SFF,WA,ANM,WE,Federal Contract Tower,0,4,5,0,9,0,9,87,0,96,0,13,92,0,105,92,0,92,197
08/24/2011,SFF,WA,ANM,WE,Federal Contract Tower,0,5,10,0,15,0,15,99,0,114,0,20,109,0,129,61,0,61,190
08/25/2011,SFF,WA,ANM,WE,Federal Contract Tower,0,2,5,0,7,0,6,111,0,117,0,8,116,0,124,88,0,88,212
08/26/2011,SFF,WA,ANM,WE,Federal Contract Tower,0,2,8,0,10,0,5,99,0,104,0,7,107,0,114,46,0,46,160
08/27/2011,SFF,WA,ANM,WE,Federal Contract Tower,0,2,4,0,6,0,7,97,0,104,0,9,101,0,110,16,0,16,126
08/28/2011,SFF,WA,ANM,WE,Federal Contract Tower,0,0,9,0,9,0,7,87,0,94,0,7,96,0,103,14,0,14,117
08/29/2011,SFF,WA,ANM,WE,Federal Contract Tower,0,8,7,0,15,0,14,74,0,88,0,22,81,0,103,52,0,52,155
08/30/2011,SFF,WA,ANM,WE,Federal Contract Tower,0,13,12,0,25,0,18,102,0,120,0,31,114,0,145,142,0,142,287
08/31/2011,SFF,WA,ANM,WE,Federal Contract Tower,0,5,4,2,11,0,5,86,2,93,0,10,90,4,104,130,0,130,234
09/01/2011,SFF,WA,ANM,WE,Federal Contract Tower,0,4,9,0,13,0,3,95,0,98,0,7,104,0,111,108,0,108,219
09/02/2011,SFF,WA,ANM,WE,Federal Contract Tower,0,3,11,0,14,0,5,116,0,121,0,8,127,0,135,99,0,99,234
09/03/2011,SFF,WA,ANM,WE,Federal Contract Tower,0,2,3,0,5,0,5,201,0,206,0,7,204,0,211,18,0,18,229
09/04/2011,SFF,WA,ANM,WE,Federal Contract Tower,0,0,3,0,3,0,7,55,0,62,0,7,58,0,65,18,0,18,83
09/05/2011,SFF,WA,ANM,WE,Federal Contract Tower,0,0,4,0,4,0,5,109,0,114,0,5,113,0,118,66,0,66,184
09/06/2011,SFF,WA,ANM,WE,Federal Contract Tower,0,3,5,0,8,0,13,107,0,120,0,16,112,0,128,88,0,88,216
09/07/2011,SFF,WA,ANM,WE,Federal Contract Tower,0,3,13,0,16,0,8,113,0,121,0,11,126,0,137,126,0,126,263
09/08/2011,SFF,WA,ANM,WE,Federal Contract Tower,0,2,12,0,14,0,14,94,0,108,0,16,106,0,122,128,0,128,250
09/09/2011,SFF,WA,ANM,WE,Federal Contract Tower,0,2,8,0,10,0,12,88,0,100,0,14,96,0,110,109,0,109,219
09/10/2011,SFF,WA,ANM,WE,Federal Contract Tower,0,2,4,0,6,0,6,73,0,79,0,8,77,0,85,28,0,28,113
09/11/2011,SFF,WA,ANM,WE,Federal Contract Tower,0,2,6,0,8,0,11,72,0,83,0,13,78,0,91,26,0,26,117
09/12/2011,SFF,WA,ANM,WE,Federal Contract Tower,0,6,6,4,16,0,10,91,0,101,0,16,97,4,117,152,0,152,269
09/13/2011,SFF,WA,ANM,WE,Federal Contract Tower,0,4,10,2,16,0,13,71,2,86,0,17,81,4,102,152,0,152,254
09/14/2011,SFF,WA,ANM,WE,Federal Contract Tower,0,2,10,0,12,0,8,105,0,113,0,10,115,0,125,138,0,138,263
09/15/2011,SFF,WA,ANM,WE,Federal Contract Tower,0,4,11,1,16,0,4,84,0,88,0,8,95,1,104,94,0,94,198
09/16/2011,SFF,WA,ANM,WE,Federal Contract Tower,0,2,5,1,8,0,13,116,0,129,0,15,121,1,137,152,0,152,289
09/17/2011,SFF,WA,ANM,WE,Federal Contract Tower,0,6,3,0,9,0,14,42,0,56,0,20,45,0,65,42,0,42,107
09/18/2011,SFF,WA,ANM,WE,Federal Contract Tower,0,1,3,0,4,0,9,45,0,54,0,10,48,0,58,6,0,6,64
09/19/2011,SFF,WA,ANM,WE,Federal Contract Tower,0,5,13,0,18,0,5,74,0,79,0,10,87,0,97,156,0,156,253
09/20/2011,SFF,WA,ANM,WE,Federal Contract Tower,0,2,8,4,14,0,6,115,0,121,0,8,123,4,135,156,0,156,291
09/21/2011,SFF,WA,ANM,WE,Federal Contract Tower,0,2,7,2,11,0,7,90,0,97,0,9,97,2,108,170,0,170,278
09/22/2011,SFF,WA,ANM,WE,Federal Contract Tower,0,4,12,4,20,0,7,94,3,104,0,11,106,7,124,64,2,66,190
09/23/2011,SFF,WA,ANM,WE,Federal Contract Tower,0,1,6,0,7,0,12,87,0,99,0,13,93,0,106,62,0,62,168
09/24/2011,SFF,WA,ANM,WE,Federal Contract Tower,0,5,5,0,10,0,13,120,0,133,0,18,125,0,143,134,0,134,277
09/25/2011,SFF,WA,ANM,WE,Federal Contract Tower,0,3,8,0,11,0,6,55,0,61,0,9,63,0,72,82,0,82,154
09/26/2011,SFF,WA,ANM,WE,Federal Contract Tower,0,4,5,0,9,0,11,76,0,87,0,15,81,0,96,100,0,100,196
09/27/2011,SFF,WA,ANM,WE,Federal Contract Tower,0,8,8,0,16,0,2,36,0,38,0,10,44,0,54,36,0,36,90
09/28/2011,SFF,WA,ANM,WE,Federal Contract Tower,0,2,12,0,14,0,12,98,0,110,0,14,110,0,124,88,0,88,212
09/29/2011,SFF,WA,ANM,WE,Federal Contract Tower,0,2,13,0,15,0,15,119,0,134,0,17,132,0,149,144,0,144,293
09/30/2011,SFF,WA,ANM,WE,Federal Contract Tower,0,0,0,0,0,0,17,120,0,137,0,17,120,0,137,95,0,95,232
10/01/2011,SFF,WA,ANM,WE,Federal Contract Tower,0,2,7,0,9,0,10,88,0,98,0,12,95,0,107,42,0,42,149
10/02/2011,SFF,WA,ANM,WE,Federal Contract Tower,0,2,7,0,9,0,9,83,0,92,0,11,90,0,101,76,0,76,177
10/03/2011,SFF,WA,ANM,WE,Federal Contract Tower,0,3,9,1,13,0,5,87,1,93,0,8,96,2,106,92,0,92,198
10/04/2011,SFF,WA,ANM,WE,Federal Contract Tower,0,6,8,0,14,0,1,17,0,18,0,7,25,0,32,34,0,34,66
10/05/2011,SFF,WA,ANM,WE,Federal Contract Tower,0,8,12,0,20,0,0,19,0,19,0,8,31,0,39,46,0,46,85
10/06/2011,SFF,WA,ANM,WE,Federal Contract Tower,0,16,25,0,41,0,0,2,0,2,0,16,27,0,43,6,0,6,49
10/07/2011,SFF,WA,ANM,WE,Federal Contract Tower,0,8,6,0,14,0,3,83,0,86,0,11,89,0,100,176,0,176,276
10/08/2011,SFF,WA,ANM,WE,Federal Contract Tower,0,1,11,0,12,0,2,90,0,92,0,3,101,0,104,92,0,92,196
10/09/2011,SFF,WA,ANM,WE,Federal Contract Tower,0,4,7,0,11,0,2,42,0,44,0,6,49,0,55,33,0,33,88
10/10/2011,SFF,WA,ANM,WE,Federal Contract Tower,0,3,9,0,12,0,13,44,0,57,0,16,53,0,69,83,0,83,152
10/11/2011,SFF,WA,ANM,WE,Federal Contract Tower,0,7,11,2,20,0,7,24,0,31,0,14,35,2,51,24,0,24,75
10/12/2011,SFF,WA,ANM,WE,Federal Contract Tower,0,2,14,0,16,0,5,48,0,53,0,7,62,0,69,70,0,70,139
10/13/2011,SFF,WA,ANM,WE,Federal Contract Tower,0,2,8,2,12,0,9,138,2,149,0,11,146,4,161,166,0,166,327
10/14/2011,SFF,WA,ANM,WE,Federal Contract Tower,0,5,13,0,18,0,9,60,0,69,0,14,73,0,87,90,0,90,177
10/15/2011,SFF,WA,ANM,WE,Federal Contract Tower,0,8,5,0,13,0,4,90,0,94,0,12,95,0,107,52,0,52,159
10/16/2011,SFF,WA,ANM,WE,Federal Contract Tower,0,0,12,0,12,0,10,112,0,122,0,10,124,0,134,18,0,18,152
10/17/2011,SFF,WA,ANM,WE,Federal Contract Tower,0,4,17,0,21,0,6,92,0,98,0,10,109,0,119,95,0,95,214
10/18/2011,SFF,WA,ANM,WE,Federal Contract Tower,0,5,11,0,16,0,4,99,0,103,0,9,110,0,119,118,0,118,237
10/19/2011,SFF,WA,ANM,WE,Federal Contract Tower,0,2,10,1,13,0,13,118,1,132,0,15,128,2,145,228,0,228,373
10/20/2011,SFF,WA,ANM,WE,Federal Contract Tower,0,7,17,0,24,0,17,77,0,94,0,24,94,0,118,162,0,162,280
10/21/2011,SFF,WA,ANM,WE,Federal Contract Tower,0,2,14,0,16,0,21,75,2,98,0,23,89,2,114,54,0,54,168
10/22/2011,SFF,WA,ANM,WE,Federal Contract Tower,0,7,3,0,10,0,5,11,0,16,0,12,14,0,26,0,0,0,26
10/23/2011,SFF,WA,ANM,WE,Federal Contract Tower,0,0,7,0,7,0,4,72,0,76,0,4,79,0,83,0,0,0,83
10/24/2011,SFF,WA,ANM,WE,Federal Contract Tower,0,7,11,0,18,0,10,46,0,56,0,17,57,0,74,62,0,62,136
10/25/2011,SFF,WA,ANM,WE,Federal Contract Tower,0,3,10,1,14,0,12,108,1,121,0,15,118,2,135,136,0,136,271
10/26/2011,SFF,WA,ANM,WE,Federal Contract Tower,0,2,10,1,13,0,9,86,0,95,0,11,96,1,108,78,2,80,188
10/27/2011,SFF,WA,ANM,WE,Federal Contract Tower,0,2,5,0,7,0,17,125,0,142,0,19,130,0,149,160,0,160,309
10/28/2011,SFF,WA,ANM,WE,Federal Contract Tower,0,4,13,0,17,0,8,54,0,62,0,12,67,0,79,130,0,130,209
10/29/2011,SFF,WA,ANM,WE,Federal Contract Tower,0,6,8,0,14,0,7,121,0,128,0,13,129,0,142,125,0,125,267
10/30/2011,SFF,WA,ANM,WE,Federal Contract Tower,0,1,14,0,15,0,2,44,0,46,0,3,58,0,61,48,0,48,109
10/31/2011,SFF,WA,ANM,WE,Federal Contract Tower,0,5,7,0,12,0,9,64,0,73,0,14,71,0,85,96,0,96,181
11/01/2011,SFF,WA,ANM,WE,Federal Contract Tower,0,4,8,2,14,0,3,86,2,91,0,7,94,4,105,174,0,174,279
11/02/2011,SFF,WA,ANM,WE,Federal Contract Tower,0,3,4,0,7,0,12,83,0,95,0,15,87,0,102,180,0,180,282
11/03/2011,SFF,WA,ANM,WE,Federal Contract Tower,0,4,5,1,10,0,10,53,0,63,0,14,58,1,73,120,2,122,195
11/04/2011,SFF,WA,ANM,WE,Federal Contract Tower,0,11,8,0,19,0,16,38,0,54,0,27,46,0,73,72,0,72,145
11/05/2011,SFF,WA,ANM,WE,Federal Contract Tower,0,2,1,0,3,0,5,44,0,49,0,7,45,0,52,16,0,16,68
11/06/2011,SFF,WA,ANM,WE,Federal Contract Tower,0,2,4,0,6,0,7,51,0,58,0,9,55,0,64,36,0,36,100
11/07/2011,SFF,WA,ANM,WE,Federal Contract Tower,0,10,3,1,14,0,6,12,0,18,0,16,15,1,32,58,0,58,90
11/08/2011,SFF,WA,ANM,WE,Federal Contract Tower,0,9,7,0,16,0,4,49,0,53,0,13,56,0,69,68,0,68,137
11/09/2011,SFF,WA,ANM,WE,Federal Contract Tower,0,6,6,0,12,0,13,51,0,64,0,19,57,0,76,58,0,58,134
11/10/2011,SFF,WA,ANM,WE,Federal Contract Tower,0,3,6,0,9,0,11,93,0,104,0,14,99,0,113,82,0,82,195
11/11/2011,SFF,WA,ANM,WE,Federal Contract Tower,0,9,10,0,19,0,5,54,0,59,0,14,64,0,78,94,0,94,172
11/12/2011,SFF,WA,ANM,WE,Federal Contract Tower,0,8,1,0,9,0,5,13,0,18,0,13,14,0,27,18,0,18,45
11/13/2011,SFF,WA,ANM,WE,Federal Contract Tower,0,4,1,0,5,0,10,14,0,24,0,14,15,0,29,20,0,20,49
11/14/2011,SFF,WA,ANM,WE,Federal Contract Tower,0,9,2,0,11,0,5,17,0,22,0,14,19,0,33,2,0,2,35
11/15/2011,SFF,WA,ANM,WE,Federal Contract Tower,0,2,2,0,4,0,7,43,0,50,0,9,45,0,54,70,0,70,124
11/16/2011,SFF,WA,ANM,WE,Federal Contract Tower,0,6,0,0,6,0,3,26,0,29,0,9,26,0,35,40,0,40,75
11/17/2011,SFF,WA,ANM,WE,Federal Contract Tower,0,5,7,0,12,0,8,6,0,14,0,13,13,0,26,0,0,0,26
11/18/2011,SFF,WA,ANM,WE,Federal Contract Tower,0,6,9,0,15,0,0,8,0,8,0,6,17,0,23,78,0,78,101
11/19/2011,SFF,WA,ANM,WE,Federal Contract Tower,0,5,2,0,7,0,0,5,0,5,0,5,7,0,12,10,0,10,22
11/20/2011,SFF,WA,ANM,WE,Federal Contract Tower,0,5,4,0,9,0,4,9,0,13,0,9,13,0,22,48,0,48,70
11/21/2011,SFF,WA,ANM,WE,Federal Contract Tower,0,8,3,0,11,0,1,2,0,3,0,9,5,0,14,18,0,18,32
11/22/2011,SFF,WA,ANM,WE,Federal Contract Tower,0,7,2,0,9,0,4,5,0,9,0,11,7,0,18,10,0,10,28
11/23/2011,SFF,WA,ANM,WE,Federal Contract Tower,0,2,8,0,10,0,9,6,0,15,0,11,14,0,25,2,0,2,27
11/24/2011,SFF,WA,ANM,WE,Federal Contract Tower,0,2,2,0,4,0,2,11,0,13,0,4,13,0,17,8,0,8,25
11/25/2011,SFF,WA,ANM,WE,Federal Contract Tower,0,2,1,0,3,0,5,29,0,34,0,7,30,0,37,16,0,16,53
11/26/2011,SFF,WA,ANM,WE,Federal Contract Tower,0,1,6,0,7,0,7,43,0,50,0,8,49,0,57,30,0,30,87
11/27/2011,SFF,WA,ANM,WE,Federal Contract Tower,0,1,7,0,8,0,2,27,0,29,0,3,34,0,37,14,0,14,51
11/28/2011,SFF,WA,ANM,WE,Federal Contract Tower,0,5,4,0,9,0,6,20,0,26,0,11,24,0,35,121,0,121,156
11/29/2011,SFF,WA,ANM,WE,Federal Contract Tower,0,6,7,0,13,0,4,16,0,20,0,10,23,0,33,36,0,36,69
11/30/2011,SFF,WA,ANM,WE,Federal Contract Tower,0,7,15,0,22,0,11,57,0,68,0,18,72,0,90,72,0,72,162
12/01/2011,SFF,WA,ANM,WE,Federal Contract Tower,0,2,5,0,7,0,10,28,0,38,0,12,33,0,45,44,0,44,89
12/02/2011,SFF,WA,ANM,WE,Federal Contract Tower,0,0,3,0,3,0,19,107,0,126,0,19,110,0,129,78,0,78,207
12/03/2011,SFF,WA,ANM,WE,Federal Contract Tower,0,0,5,0,5,0,6,68,0,74,0,6,73,0,79,126,0,126,205
12/04/2011,SFF,WA,ANM,WE,Federal Contract Tower,0,1,6,0,7,0,3,76,0,79,0,4,82,0,86,68,0,68,154
12/05/2011,SFF,WA,ANM,WE,Federal Contract Tower,0,5,10,0,15,0,12,48,0,60,0,17,58,0,75,85,0,85,160
12/06/2011,SFF,WA,ANM,WE,Federal Contract Tower,0,5,4,0,9,0,10,88,0,98,0,15,92,0,107,98,0,98,205
12/07/2011,SFF,WA,ANM,WE,Federal Contract Tower,0,3,14,0,17,0,4,49,0,53,0,7,63,0,70,52,0,52,122
12/08/2011,SFF,WA,ANM,WE,Federal Contract Tower,0,6,8,0,14,0,2,5,0,7,0,8,13,0,21,0,0,0,21
12/09/2011,SFF,WA,ANM,WE,Federal Contract Tower,0,2,9,0,11,0,2,11,0,13,0,4,20,0,24,12,0,12,36
12/10/2011,SFF,WA,ANM,WE,Federal Contract Tower,0,2,0,0,2,0,2,74,0,76,0,4,74,0,78,102,0,102,180
12/11/2011,SFF,WA,ANM,WE,Federal Contract Tower,0,0,5,0,5,0,0,0,0,0,0,0,5,0,5,0,0,0,5
12/12/2011,SFF,WA,ANM,WE,Federal Contract Tower,0,9,7,0,16,0,5,44,0,49,0,14,51,0,65,59,0,59,124
12/13/2011,SFF,WA,ANM,WE,Federal Contract Tower,0,11,4,0,15,0,0,0,0,0,0,11,4,0,15,0,0,0,15
12/14/2011,SFF,WA,ANM,WE,Federal Contract Tower,0,8,7,0,15,0,8,12,0,20,0,16,19,0,35,34,0,34,69
12/15/2011,SFF,WA,ANM,WE,Federal Contract Tower,0,9,4,0,13,0,1,3,0,4,0,10,7,0,17,62,0,62,79
12/16/2011,SFF,WA,ANM,WE,Federal Contract Tower,0,11,4,0,15,0,0,0,0,0,0,11,4,0,15,0,0,0,15
12/17/2011,SFF,WA,ANM,WE,Federal Contract Tower,0,4,2,0,6,0,0,0,0,0,0,4,2,0,6,0,0,0,6
12/18/2011,SFF,WA,ANM,WE,Federal Contract Tower,0,6,7,0,13,0,2,20,0,22,0,8,27,0,35,28,0,28,63
12/19/2011,SFF,WA,ANM,WE,Federal Contract Tower,0,9,7,0,16,0,0,13,0,13,0,9,20,0,29,62,0,62,91
12/20/2011,SFF,WA,ANM,WE,Federal Contract Tower,0,8,5,0,13,0,3,27,0,30,0,11,32,0,43,4,0,4,47
12/21/2011,SFF,WA,ANM,WE,Federal Contract Tower,0,7,6,0,13,0,12,86,0,98,0,19,92,0,111,54,0,54,165
12/22/2011,SFF,WA,ANM,WE,Federal Contract Tower,0,5,12,0,17,0,0,0,0,0,0,5,12,0,17,0,0,0,17
12/23/2011,SFF,WA,ANM,WE,Federal Contract Tower,0,1,10,0,11,0,3,67,0,70,0,4,77,0,81,142,0,142,223
12/24/2011,SFF,WA,ANM,WE,Federal Contract Tower,0,2,6,0,8,0,0,2,0,2,0,2,8,0,10,8,0,8,18
12/25/2011,SFF,WA,ANM,WE,Federal Contract Tower,0,0,0,0,0,0,2,2,0,4,0,2,2,0,4,0,0,0,4
12/26/2011,SFF,WA,ANM,WE,Federal Contract Tower,0,0,9,0,9,0,6,46,0,52,0,6,55,0,61,18,0,18,79
12/27/2011,SFF,WA,ANM,WE,Federal Contract Tower,0,3,2,0,5,0,5,10,0,15,0,8,12,0,20,18,0,18,38
12/28/2011,SFF,WA,ANM,WE,Federal Contract Tower,0,4,1,0,5,0,10,7,0,17,0,14,8,0,22,20,0,20,42
12/29/2011,SFF,WA,ANM,WE,Federal Contract Tower,0,4,2,0,6,0,3,47,0,50,0,7,49,0,56,78,0,78,134
12/30/2011,SFF,WA,ANM,WE,Federal Contract Tower,0,8,5,0,13,0,7,4,0,11,0,15,9,0,24,0,0,0,24
12/31/2011,SFF,WA,ANM,WE,Federal Contract Tower,0,0,2,0,2,0,12,81,0,93,0,12,83,0,95,56,0,56,151
01/01/2012,SFF,WA,ANM,WE,Federal Contract Tower,0,1,0,0,1,0,6,24,0,30,0,7,24,0,31,6,0,6,37
01/02/2012,SFF,WA,ANM,WE,Federal Contract Tower,0,4,4,0,8,0,6,67,0,73,0,10,71,0,81,112,0,112,193
01/03/2012,SFF,WA,ANM,WE,Federal Contract Tower,0,4,2,0,6,0,8,47,0,55,0,12,49,0,61,74,0,74,135
01/04/2012,SFF,WA,ANM,WE,Federal Contract Tower,0,7,12,0,19,0,6,76,0,82,0,13,88,0,101,42,0,42,143
01/05/2012,SFF,WA,ANM,WE,Federal Contract Tower,0,2,2,0,4,0,6,18,0,24,0,8,20,0,28,14,0,14,42
01/06/2012,SFF,WA,ANM,WE,Federal Contract Tower,0,4,5,0,9,0,7,54,0,61,0,11,59,0,70,36,0,36,106
01/07/2012,SFF,WA,ANM,WE,Federal Contract Tower,0,2,2,0,4,0,2,23,0,25,0,4,25,0,29,38,0,38,67
01/08/2012,SFF,WA,ANM,WE,Federal Contract Tower,0,0,4,0,4,0,7,79,0,86,0,7,83,0,90,66,0,66,156
01/09/2012,SFF,WA,ANM,WE,Federal Contract Tower,0,9,1,0,10,0,12,43,0,55,0,21,44,0,65,24,0,24,89
01/10/2012,SFF,WA,ANM,WE,Federal Contract Tower,0,2,6,0,8,0,3,23,0,26,0,5,29,0,34,34,0,34,68
01/11/2012,SFF,WA,ANM,WE,Federal Contract Tower,0,6,5,0,11,0,13,75,0,88,0,19,80,0,99,47,0,47,146
01/12/2012,SFF,WA,ANM,WE,Federal Contract Tower,0,4,4,0,8,0,5,31,0,36,0,9,35,0,44,34,0,34,78
01/13/2012,SFF,WA,ANM,WE,Federal Contract Tower,0,6,8,0,14,0,7,30,0,37,0,13,38,0,51,18,0,18,69
01/14/2012,SFF,WA,ANM,WE,Federal Contract Tower,0,2,7,0,9,0,7,57,0,64,0,9,64,0,73,26,0,26,99
01/15/2012,SFF,WA,ANM,WE,Federal Contract Tower,0,1,1,0,2,0,20,42,0,62,0,21,43,0,64,70,0,70,134
01/16/2012,SFF,WA,ANM,WE,Federal Contract Tower,0,5,7,0,12,0,5,31,0,36,0,10,38,0,48,54,0,54,102
01/17/2012,SFF,WA,ANM,WE,Federal Contract Tower,0,10,6,0,16,0,1,2,0,3,0,11,8,0,19,0,0,0,19
01/18/2012,SFF,WA,ANM,WE,Federal Contract Tower,0,3,0,0,3,0,0,0,0,0,0,3,0,0,3,0,0,0,3
01/19/2012,SFF,WA,ANM,WE,Federal Contract Tower,0,1,1,0,2,0,0,0,0,0,0,1,1,0,2,0,0,0,2
01/20/2012,SFF,WA,ANM,WE,Federal Contract Tower,0,9,2,0,11,0,0,4,0,4,0,9,6,0,15,8,0,8,23
01/21/2012,SFF,WA,ANM,WE,Federal Contract Tower,0,5,1,0,6,0,4,10,0,14,0,9,11,0,20,0,0,0,20
01/22/2012,SFF,WA,ANM,WE,Federal Contract Tower,0,0,2,0,2,0,3,22,0,25,0,3,24,0,27,6,0,6,33
01/23/2012,SFF,WA,ANM,WE,Federal Contract Tower,0,9,9,0,18,0,9,38,0,47,0,18,47,0,65,19,0,19,84
01/24/2012,SFF,WA,ANM,WE,Federal Contract Tower,0,5,6,0,11,0,9,21,0,30,0,14,27,0,41,2,0,2,43
01/25/2012,SFF,WA,ANM,WE,Federal Contract Tower,0,4,2,0,6,0,11,15,0,26,0,15,17,0,32,0,0,0,32
01/26/2012,SFF,WA,ANM,WE,Federal Contract Tower,0,1,6,0,7,0,6,16,0,22,0,7,22,0,29,8,0,8,37
01/27/2012,SFF,WA,ANM,WE,Federal Contract Tower,0,2,7,0,9,0,8,76,0,84,0,10,83,0,93,40,0,40,133
01/28/2012,SFF,WA,ANM,WE,Federal Contract Tower,0,6,4,0,10,0,5,55,0,60,0,11,59,0,70,60,0,60,130
01/29/2012,SFF,WA,ANM,WE,Federal Contract Tower,0,1,5,0,6,0,2,1,0,3,0,3,6,0,9,6,0,6,15
01/30/2012,SFF,WA,ANM,WE,Federal Contract Tower,0,7,5,2,14,0,3,30,2,35,0,10,35,4,49,13,0,13,62
01/31/2012,SFF,WA,ANM,WE,Federal Contract Tower,0,5,7,0,12,0,3,24,0,27,0,8,31,0,39,38,0,38,77
02/01/2012,SFF,WA,ANM,WE,Federal Contract Tower,0,5,3,0,8,0,0,0,0,0,0,5,3,0,8,0,0,0,8
02/02/2012,SFF,WA,ANM,WE,Federal Contract Tower,0,4,8,1,13,0,9,36,1,46,0,13,44,2,59,54,0,54,113
02/03/2012,SFF,WA,ANM,WE,Federal Contract Tower,0,5,10,0,15,0,3,75,0,78,0,8,85,0,93,69,0,69,162
02/04/2012,SFF,WA,ANM,WE,Federal Contract Tower,0,0,4,0,4,0,6,104,0,110,0,6,108,0,114,70,0,70,184
02/05/2012,SFF,WA,ANM,WE,Federal Contract Tower,0,2,2,0,4,0,7,53,0,60,0,9,55,0,64,12,0,12,76
02/06/2012,SFF,WA,ANM,WE,Federal Contract Tower,0,7,6,0,13,0,13,36,0,49,0,20,42,0,62,30,0,30,92
02/07/2012,SFF,WA,ANM,WE,Federal Contract Tower,0,4,12,0,16,0,26,75,0,101,0,30,87,0,117,84,0,84,201
02/08/2012,SFF,WA,ANM,WE,Federal Contract Tower,3,8,0,0,11,0,1,12,0,13,3,9,12,0,24,60,0,60,84
02/09/2012,SFF,WA,ANM,WE,Federal Contract Tower,0,5,9,0,14,0,12,8,0,20,0,17,17,0,34,22,0,22,56
02/10/2012,SFF,WA,ANM,WE,Federal Contract Tower,0,8,9,0,17,0,4,28,0,32,0,12,37,0,49,20,0,20,69
02/11/2012,SFF,WA,ANM,WE,Federal Contract Tower,0,1,4,0,5,0,0,14,0,14,0,1,18,0,19,44,0,44,63
02/12/2012,SFF,WA,ANM,WE,Federal Contract Tower,0,1,5,0,6,0,6,6,0,12,0,7,11,0,18,6,0,6,24
02/13/2012,SFF,WA,ANM,WE,Federal Contract Tower,0,6,8,0,14,0,6,14,0,20,0,12,22,0,34,44,0,44,78
02/14/2012,SFF,WA,ANM,WE,Federal Contract Tower,0,5,8,0,13,0,1,5,0,6,0,6,13,0,19,12,0,12,31
02/15/2012,SFF,WA,ANM,WE,Federal Contract Tower,0,4,10,0,14,0,9,66,0,75,0,13,76,0,89,62,0,62,151
02/16/2012,SFF,WA,ANM,WE,Federal Contract Tower,0,11,6,0,17,0,5,33,0,38,0,16,39,0,55,24,0,24,79
02/17/2012,SFF,WA,ANM,WE,Federal Contract Tower,0,1,5,0,6,0,2,9,0,11,0,3,14,0,17,36,0,36,53
02/18/2012,SFF,WA,ANM,WE,Federal Contract Tower,0,2,2,0,4,0,4,7,0,11,0,6,9,0,15,12,0,12,27
02/19/2012,SFF,WA,ANM,WE,Federal Contract Tower,0,4,0,0,4,0,13,17,0,30,0,17,17,0,34,26,0,26,60
02/20/2012,SFF,WA,ANM,WE,Federal Contract Tower,0,4,2,0,6,0,5,21,0,26,0,9,23,0,32,28,0,28,60
02/21/2012,SFF,WA,ANM,WE,Federal Contract Tower,0,11,1,0,12,0,0,5,0,5,0,11,6,0,17,8,0,8,25
02/22/2012,SFF,WA,ANM,WE,Federal Contract Tower,0,5,1,0,6,0,5,1,0,6,0,10,2,0,12,0,0,0,12
02/23/2012,SFF,WA,ANM,WE,Federal Contract Tower,0,12,5,0,17,0,11,94,0,105,0,23,99,0,122,41,2,43,165
02/24/2012,SFF,WA,ANM,WE,Federal Contract Tower,0,4,8,0,12,0,4,45,0,49,0,8,53,0,61,74,0,74,135
02/25/2012,SFF,WA,ANM,WE,Federal Contract Tower,0,1,0,0,1,0,3,0,0,3,0,4,0,0,4,0,0,0,4
02/26/2012,SFF,WA,ANM,WE,Federal Contract Tower,0,1,1,0,2,0,3,6,0,9,0,4,7,0,11,0,0,0,11
02/27/2012,SFF,WA,ANM,WE,Federal Contract Tower,0,8,6,0,14,0,15,92,0,107,0,23,98,0,121,176,0,176,297
02/28/2012,SFF,WA,ANM,WE,Federal Contract Tower,0,13,23,0,36,0,5,56,0,61,0,18,79,0,97,166,0,166,263
02/29/2012,SFF,WA,ANM,WE,Federal Contract Tower,0,5,11,0,16,0,3,25,0,28,0,8,36,0,44,70,0,70,114
03/01/2012,SFF,WA,ANM,WE,Federal Contract Tower,0,4,9,0,13,0,8,28,0,36,0,12,37,0,49,88,0,88,137
03/02/2012,SFF,WA,ANM,WE,Federal Contract Tower,0,2,10,0,12,0,9,49,0,58,0,11,59,0,70,97,0,97,167
03/03/2012,SFF,WA,ANM,WE,Federal Contract Tower,0,0,1,0,1,0,3,22,0,25,0,3,23,0,26,54,0,54,80
03/04/2012,SFF,WA,ANM,WE,Federal Contract Tower,0,0,3,0,3,0,6,56,0,62,0,6,59,0,65,22,0,22,87
03/05/2012,SFF,WA,ANM,WE,Federal Contract Tower,0,6,9,0,15,0,9,13,0,22,0,15,22,0,37,4,0,4,41
03/06/2012,SFF,WA,ANM,WE,Federal Contract Tower,0,3,5,0,8,0,5,78,0,83,0,8,83,0,91,78,0,78,169
03/07/2012,SFF,WA,ANM,WE,Federal Contract Tower,0,4,14,1,19,0,4,112,2,118,0,8,126,3,137,218,0,218,355
03/08/2012,SFF,WA,ANM,WE,Federal Contract Tower,0,3,10,0,13,0,6,88,0,94,0,9,98,0,107,186,0,186,293
03/09/2012,SFF,WA,ANM,WE,Federal Contract Tower,0,6,6,1,13,0,9,78,0,87,0,15,84,1,100,58,0,58,158
03/10/2012,SFF,WA,ANM,WE,Federal Contract Tower,0,1,10,0,11,0,3,40,0,43,0,4,50,0,54,68,0,68,122
03/11/2012,SFF,WA,ANM,WE,Federal Contract Tower,0,8,3,0,11,0,1,0,0,1,0,9,3,0,12,0,0,0,12
03/12/2012,SFF,WA,ANM,WE,Federal Contract Tower,0,5,11,0,16,0,3,17,0,20,0,8,28,0,36,58,0,58,94
03/13/2012,SFF,WA,ANM,WE,Federal Contract Tower,0,5,3,0,8,0,11,4,2,17,0,16,7,2,25,6,0,6,31
03/14/2012,SFF,WA,ANM,WE,Federal Contract Tower,0,3,7,0,10,0,10,51,0,61,0,13,58,0,71,132,0,132,203
03/15/2012,SFF,WA,ANM,WE,Federal Contract Tower,0,5,1,0,6,0,2,11,0,13,0,7,12,0,19,70,0,70,89
03/16/2012,SFF,WA,ANM,WE,Federal Contract Tower,0,3,3,0,6,0,7,24,0,31,0,10,27,0,37,0,0,0,37
03/17/2012,SFF,WA,ANM,WE,Federal Contract Tower,0,0,2,0,2,0,2,51,0,53,0,2,53,0,55,36,0,36,91
03/18/2012,SFF,WA,ANM,WE,Federal Contract Tower,0,3,4,0,7,0,2,78,0,80,0,5,82,0,87,52,0,52,139
03/19/2012,SFF,WA,ANM,WE,Federal Contract Tower,0,7,7,0,14,0,4,72,0,76,0,11,79,0,90,114,0,114,204
03/20/2012,SFF,WA,ANM,WE,Federal Contract Tower,0,3,8,0,11,0,0,2,0,2,0,3,10,0,13,8,0,8,21
03/21/2012,SFF,WA,ANM,WE,Federal Contract Tower,0,10,10,0,20,0,4,14,0,18,0,14,24,0,38,75,0,75,113
03/22/2012,SFF,WA,ANM,WE,Federal Contract Tower,0,11,5,0,16,0,10,7,0,17,0,21,12,0,33,76,0,76,109
03/23/2012,SFF,WA,ANM,WE,Federal Contract Tower,0,7,20,0,27,0,6,77,0,83,0,13,97,0,110,220,0,220,330
03/24/2012,SFF,WA,ANM,WE,Federal Contract Tower,0,6,0,0,6,0,4,84,0,88,0,10,84,0,94,124,0,124,218
03/25/2012,SFF,WA,ANM,WE,Federal Contract Tower,0,3,8,0,11,0,9,83,0,92,0,12,91,0,103,59,0,59,162
03/26/2012,SFF,WA,ANM,WE,Federal Contract Tower,0,11,3,0,14,0,0,3,0,3,0,11,6,0,17,0,0,0,17
03/27/2012,SFF,WA,ANM,WE,Federal Contract Tower,0,6,23,0,29,0,6,79,0,85,0,12,102,0,114,180,0,180,294
03/28/2012,SFF,WA,ANM,WE,Federal Contract Tower,0,8,5,0,13,0,5,46,0,51,0,13,51,0,64,74,0,74,138
03/29/2012,SFF,WA,ANM,WE,Federal Contract Tower,0,4,3,0,7,0,6,6,0,12,0,10,9,0,19,0,0,0,19
03/30/2012,SFF,WA,ANM,WE,Federal Contract Tower,0,7,10,0,17,0,6,11,0,17,0,13,21,0,34,26,0,26,60
03/31/2012,SFF,WA,ANM,WE,Federal Contract Tower,0,3,0,0,3,0,2,29,0,31,0,5,29,0,34,92,0,92,126
04/01/2012,SFF,WA,ANM,WE,Federal Contract Tower,0,4,5,0,9,0,4,1,0,5,0,8,6,0,14,12,0,12,26
04/02/2012,SFF,WA,ANM,WE,Federal Contract Tower,0,4,16,0,20,0,11,74,0,85,0,15,90,0,105,270,0,270,375
04/03/2012,SFF,WA,ANM,WE,Federal Contract Tower,0,3,9,0,12,0,14,115,0,129,0,17,124,0,141,76,0,76,217
04/04/2012,SFF,WA,ANM,WE,Federal Contract Tower,0,7,5,0,12,0,0,4,0,4,0,7,9,0,16,0,0,0,16
04/05/2012,SFF,WA,ANM,WE,Federal Contract Tower,0,4,3,0,7,0,7,10,0,17,0,11,13,0,24,112,0,112,136
04/06/2012,SFF,WA,ANM,WE,Federal Contract Tower,0,4,6,0,10,0,0,12,0,12,0,4,18,0,22,48,0,48,70
04/07/2012,SFF,WA,ANM,WE,Federal Contract Tower,0,3,5,0,8,0,8,141,0,149,0,11,146,0,157,62,0,62,219
04/08/2012,SFF,WA,ANM,WE,Federal Contract Tower,0,0,8,0,8,0,1,47,0,48,0,1,55,0,56,0,0,0,56
04/09/2012,SFF,WA,ANM,WE,Federal Contract Tower,0,7,19,2,28,0,9,95,0,104,0,16,114,2,132,70,0,70,202
04/10/2012,SFF,WA,ANM,WE,Federal Contract Tower,0,3,13,0,16,0,9,122,0,131,0,12,135,0,147,146,0,146,293
04/11/2012,SFF,WA,ANM,WE,Federal Contract Tower,0,4,10,0,14,0,10,76,0,86,0,14,86,0,100,78,0,78,178
04/12/2012,SFF,WA,ANM,WE,Federal Contract Tower,0,4,12,0,16,0,9,49,0,58,0,13,61,0,74,160,0,160,234
04/13/2012,SFF,WA,ANM,WE,Federal Contract Tower,0,2,6,0,8,0,9,111,0,120,0,11,117,0,128,290,0,290,418
04/14/2012,SFF,WA,ANM,WE,Federal Contract Tower,0,2,4,0,6,0,5,122,0,127,0,7,126,0,133,88,0,88,221
04/15/2012,SFF,WA,ANM,WE,Federal Contract Tower,0,3,2,0,5,0,5,39,0,44,0,8,41,0,49,41,0,41,90
04/16/2012,SFF,WA,ANM,WE,Federal Contract Tower,0,5,5,0,10,0,3,12,0,15,0,8,17,0,25,160,0,160,185
04/17/2012,SFF,WA,ANM,WE,Federal Contract Tower,0,6,13,0,19,0,9,85,0,94,0,15,98,0,113,182,0,182,295
04/18/2012,SFF,WA,ANM,WE,Federal Contract Tower,0,3,12,4,19,0,2,12,0,14,0,5,24,4,33,60,0,60,93
04/19/2012,SFF,WA,ANM,WE,Federal Contract Tower,0,7,16,0,23,0,10,108,0,118,0,17,124,0,141,220,0,220,361
04/20/2012,SFF,WA,ANM,WE,Federal Contract Tower,0,8,14,0,22,0,4,28,2,34,0,12,42,2,56,48,0,48,104
04/21/2012,SFF,WA,ANM,WE,Federal Contract Tower,0,3,7,0,10,0,13,82,0,95,0,16,89,0,105,146,0,146,251
04/22/2012,SFF,WA,ANM,WE,Federal Contract Tower,0,3,2,0,5,0,12,106,0,118,0,15,108,0,123,75,0,75,198
04/23/2012,SFF,WA,ANM,WE,Federal Contract Tower,0,5,16,0,21,0,15,79,0,94,0,20,95,0,115,95,0,95,210
04/24/2012,SFF,WA,ANM,WE,Federal Contract Tower,0,3,9,2,14,0,5,73,0,78,0,8,82,2,92,90,0,90,182
04/25/2012,SFF,WA,ANM,WE,Federal Contract Tower,0,5,18,0,23,0,11,95,0,106,0,16,113,0,129,212,0,212,341
04/26/2012,SFF,WA,ANM,WE,Federal Contract Tower,0,4,18,0,22,0,3,15,0,18,0,7,33,0,40,20,0,20,60
04/27/2012,SFF,WA,ANM,WE,Federal Contract Tower,0,3,12,0,15,0,9,54,0,63,0,12,66,0,78,136,0,136,214
04/28/2012,SFF,WA,ANM,WE,Federal Contract Tower,0,5,6,0,11,0,9,114,0,123,0,14,120,0,134,76,0,76,210
04/29/2012,SFF,WA,ANM,WE,Federal Contract Tower,0,2,3,0,5,0,10,44,0,54,0,12,47,0,59,36,0,36,95
04/30/2012,SFF,WA,ANM,WE,Federal Contract Tower,0,8,6,0,14,0,5,4,0,9,0,13,10,0,23,0,0,0,23
05/01/2012,SFF,WA,ANM,WE,Federal Contract Tower,0,8,6,0,14,0,2,58,0,60,0,10,64,0,74,94,0,94,168
05/02/2012,SFF,WA,ANM,WE,Federal Contract Tower,0,4,8,0,12,0,6,52,0,58,0,10,60,0,70,116,0,116,186
05/03/2012,SFF,WA,ANM,WE,Federal Contract Tower,0,3,8,0,11,0,1,21,0,22,0,4,29,0,33,100,0,100,133
05/04/2012,SFF,WA,ANM,WE,Federal Contract Tower,0,4,15,0,19,0,9,55,0,64,0,13,70,0,83,122,2,124,207
05/05/2012,SFF,WA,ANM,WE,Federal Contract Tower,0,2,11,0,13,0,7,74,0,81,0,9,85,0,94,186,0,186,280
05/06/2012,SFF,WA,ANM,WE,Federal Contract Tower,0,0,9,0,9,0,9,114,0,123,0,9,123,0,132,60,0,60,192
05/07/2012,SFF,WA,ANM,WE,Federal Contract Tower,0,5,15,0,20,0,13,139,0,152,0,18,154,0,172,190,0,190,362
05/08/2012,SFF,WA,ANM,WE,Federal Contract Tower,0,2,12,0,14,0,8,112,0,120,0,10,124,0,134,154,0,154,288
05/09/2012,SFF,WA,ANM,WE,Federal Contract Tower,0,2,4,0,6,0,7,55,0,62,0,9,59,0,68,134,0,134,202
05/10/2012,SFF,WA,ANM,WE,Federal Contract Tower,0,2,16,0,18,0,16,81,0,97,0,18,97,0,115,200,0,200,315
05/11/2012,SFF,WA,ANM,WE,Federal Contract Tower,0,4,19,0,23,0,16,113,0,129,0,20,132,0,152,126,0,126,278
05/12/2012,SFF,WA,ANM,WE,Federal Contract Tower,0,4,4,0,8,0,10,148,0,158,0,14,152,0,166,110,0,110,276
05/13/2012,SFF,WA,ANM,WE,Federal Contract Tower,0,1,1,0,2,0,10,70,0,80,0,11,71,0,82,40,0,40,122
05/14/2012,SFF,WA,ANM,WE,Federal Contract Tower,0,6,9,0,15,0,5,93,0,98,0,11,102,0,113,135,0,135,248
05/15/2012,SFF,WA,ANM,WE,Federal Contract Tower,0,2,10,0,12,0,24,120,0,144,0,26,130,0,156,214,0,214,370
05/16/2012,SFF,WA,ANM,WE,Federal Contract Tower,0,2,11,0,13,0,13,87,0,100,0,15,98,0,113,106,0,106,219
05/17/2012,SFF,WA,ANM,WE,Federal Contract Tower,0,0,13,0,13,0,13,85,0,98,0,13,98,0,111,70,0,70,181
05/18/2012,SFF,WA,ANM,WE,Federal Contract Tower,0,4,14,0,18,0,9,82,0,91,0,13,96,0,109,314,0,314,423
05/19/2012,SFF,WA,ANM,WE,Federal Contract Tower,0,2,4,0,6,0,7,197,0,204,0,9,201,0,210,84,0,84,294
05/20/2012,SFF,WA,ANM,WE,Federal Contract Tower,0,3,2,0,5,0,2,59,0,61,0,5,61,0,66,58,0,58,124
05/21/2012,SFF,WA,ANM,WE,Federal Contract Tower,0,6,11,0,17,0,1,24,0,25,0,7,35,0,42,147,0,147,189
05/22/2012,SFF,WA,ANM,WE,Federal Contract Tower,0,10,7,0,17,0,2,34,0,36,0,12,41,0,53,16,0,16,69
05/23/2012,SFF,WA,ANM,WE,Federal Contract Tower,0,7,14,0,21,0,5,48,0,53,0,12,62,0,74,178,0,178,252
05/24/2012,SFF,WA,ANM,WE,Federal Contract Tower,0,8,22,0,30,0,3,82,0,85,0,11,104,0,115,170,0,170,285
05/25/2012,SFF,WA,ANM,WE,Federal Contract Tower,0,1,11,0,12,0,10,60,0,70,0,11,71,0,82,92,0,92,174
05/26/2012,SFF,WA,ANM,WE,Federal Contract Tower,0,4,7,0,11,0,8,54,0,62,0,12,61,0,73,54,0,54,127
05/27/2012,SFF,WA,ANM,WE,Federal Contract Tower,0,0,1,0,1,0,10,50,0,60,0,10,51,0,61,18,0,18,79
05/28/2012,SFF,WA,ANM,WE,Federal Contract Tower,0,2,7,0,9,0,4,82,0,86,0,6,89,0,95,56,0,56,151
05/29/2012,SFF,WA,ANM,WE,Federal Contract Tower,0,1,15,0,16,0,13,80,0,93,0,14,95,0,109,146,0,146,255
05/30/2012,SFF,WA,ANM,WE,Federal Contract Tower,0,1,7,0,8,0,5,90,0,95,0,6,97,0,103,234,0,234,337
05/31/2012,SFF,WA,ANM,WE,Federal Contract Tower,0,5,14,1,20,0,8,56,0,64,0,13,70,1,84,38,2,40,124
06/01/2012,SFF,WA,ANM,WE,Federal Contract Tower,0,6,12,0,18,0,8,87,1,96,0,14,99,1,114,112,0,112,226
06/02/2012,SFF,WA,ANM,WE,Federal Contract Tower,0,3,5,0,8,0,9,189,0,198,0,12,194,0,206,38,0,38,244
06/03/2012,SFF,WA,ANM,WE,Federal Contract Tower,0,0,2,0,2,0,4,176,0,180,0,4,178,0,182,50,0,50,232
06/04/2012,SFF,WA,ANM,WE,Federal Contract Tower,0,3,4,0,7,0,2,47,1,50,0,5,51,1,57,86,0,86,143
06/05/2012,SFF,WA,ANM,WE,Federal Contract Tower,0,9,8,0,17,0,4,1,0,5,0,13,9,0,22,4,0,4,26
06/06/2012,SFF,WA,ANM,WE,Federal Contract Tower,0,4,10,0,14,0,3,18,0,21,0,7,28,0,35,14,0,14,49
06/07/2012,SFF,WA,ANM,WE,Federal Contract Tower,0,7,8,0,15,0,11,82,0,93,0,18,90,0,108,138,0,138,246
06/08/2012,SFF,WA,ANM,WE,Federal Contract Tower,0,6,7,0,13,0,6,46,0,52,0,12,53,0,65,56,0,56,121
06/09/2012,SFF,WA,ANM,WE,Federal Contract Tower,0,6,3,0,9,0,3,2,0,5,0,9,5,0,14,14,0,14,28
06/10/2012,SFF,WA,ANM,WE,Federal Contract Tower,0,3,9,0,12,0,7,74,0,81,0,10,83,0,93,36,0,36,129
06/11/2012,SFF,WA,ANM,WE,Federal Contract Tower,0,4,5,0,9,0,9,118,0,127,0,13,123,0,136,138,0,138,274
06/12/2012,SFF,WA,ANM,WE,Federal Contract Tower,0,2,7,0,9,0,14,101,0,115,0,16,108,0,124,160,0,160,284
06/13/2012,SFF,WA,ANM,WE,Federal Contract Tower,0,4,7,0,11,0,9,53,0,62,0,13,60,0,73,100,0,100,173
06/14/2012,SFF,WA,ANM,WE,Federal Contract Tower,0,3,17,0,20,0,6,115,0,121,0,9,132,0,141,102,0,102,243
06/15/2012,SFF,WA,ANM,WE,Federal Contract Tower,0,2,6,0,8,0,3,141,0,144,0,5,147,0,152,186,0,186,338
06/16/2012,SFF,WA,ANM,WE,Federal Contract Tower,0,2,3,0,5,0,6,83,0,89,0,8,86,0,94,6,0,6,100
06/17/2012,SFF,WA,ANM,WE,Federal Contract Tower,0,0,4,0,4,0,13,55,0,68,0,13,59,0,72,12,0,12,84
06/18/2012,SFF,WA,ANM,WE,Federal Contract Tower,0,5,10,0,15,0,14,47,0,61,0,19,57,0,76,72,0,72,148
06/19/2012,SFF,WA,ANM,WE,Federal Contract Tower,0,3,9,1,13,0,17,84,0,101,0,20,93,1,114,114,0,114,228
06/20/2012,SFF,WA,ANM,WE,Federal Contract Tower,0,4,11,0,15,0,18,146,0,164,0,22,157,0,179,178,0,178,357
06/21/2012,SFF,WA,ANM,WE,Federal Contract Tower,0,3,6,0,9,0,32,130,0,162,0,35,136,0,171,170,0,170,341
06/22/2012,SFF,WA,ANM,WE,Federal Contract Tower,0,3,3,0,6,0,8,100,0,108,0,11,103,0,114,152,0,152,266
06/23/2012,SFF,WA,ANM,WE,Federal Contract Tower,0,5,2,0,7,0,4,210,0,214,0,9,212,0,221,44,0,44,265
06/24/2012,SFF,WA,ANM,WE,Federal Contract Tower,0,2,11,0,13,0,7,48,0,55,0,9,59,0,68,56,0,56,124
06/25/2012,SFF,WA,ANM,WE,Federal Contract Tower,0,3,14,0,17,0,18,72,0,90,0,21,86,0,107,62,0,62,169
06/26/2012,SFF,WA,ANM,WE,Federal Contract Tower,0,5,7,0,12,0,1,4,0,5,0,6,11,0,17,0,0,0,17
06/27/2012,SFF,WA,ANM,WE,Federal Contract Tower,0,4,9,0,13,0,8,100,0,108,0,12,109,0,121,100,0,100,221
06/28/2012,SFF,WA,ANM,WE,Federal Contract Tower,0,2,8,0,10,0,5,114,0,119,0,7,122,0,129,92,0,92,221
06/29/2012,SFF,WA,ANM,WE,Federal Contract Tower,0,3,13,0,16,0,15,89,0,104,0,18,102,0,120,109,0,109,229
06/30/2012,SFF,WA,ANM,WE,Federal Contract Tower,0,4,5,0,9,0,6,115,0,121,0,10,120,0,130,78,0,78,208
07/01/2012,SFF,WA,ANM,WE,Federal Contract Tower,0,1,5,0,6,0,3,49,0,52,0,4,54,0,58,14,0,14,72
07/02/2012,SFF,WA,ANM,WE,Federal Contract Tower,0,0,2,0,2,0,13,78,0,91,0,13,80,0,93,72,0,72,165
07/03/2012,SFF,WA,ANM,WE,Federal Contract Tower,0,0,4,0,4,0,7,28,0,35,0,7,32,0,39,0,0,0,39
07/04/2012,SFF,WA,ANM,WE,Federal Contract Tower,0,2,2,0,4,0,11,89,0,100,0,13,91,0,104,90,0,90,194
07/05/2012,SFF,WA,ANM,WE,Federal Contract Tower,0,2,6,0,8,0,7,81,0,88,0,9,87,0,96,50,2,52,148
07/06/2012,SFF,WA,ANM,WE,Federal Contract Tower,0,4,9,0,13,0,12,101,0,113,0,16,110,0,126,68,0,68,194
07/07/2012,SFF,WA,ANM,WE,Federal Contract Tower,0,4,8,0,12,0,7,144,0,151,0,11,152,0,163,52,0,52,215
07/08/2012,SFF,WA,ANM,WE,Federal Contract Tower,0,0,8,0,8,0,6,63,0,69,0,6,71,0,77,34,0,34,111
07/09/2012,SFF,WA,ANM,WE,Federal Contract Tower,0,2,10,0,12,0,11,59,0,70,0,13,69,0,82,96,0,96,178
07/10/2012,SFF,WA,ANM,WE,Federal Contract Tower,0,4,6,0,10,0,13,71,0,84,0,17,77,0,94,58,0,58,152
07/11/2012,SFF,WA,ANM,WE,Federal Contract Tower,0,0,8,0,8,0,16,77,0,93,0,16,85,0,101,46,0,46,147
07/12/2012,SFF,WA,ANM,WE,Federal Contract Tower,0,3,7,0,10,0,18,74,0,92,0,21,81,0,102,46,0,46,148
07/13/2012,SFF,WA,ANM,WE,Federal Contract Tower,0,0,7,0,7,0,12,124,0,136,0,12,131,0,143,82,0,82,225
07/14/2012,SFF,WA,ANM,WE,Federal Contract Tower,0,7,3,0,10,0,8,76,0,84,0,15,79,0,94,48,0,48,142
07/15/2012,SFF,WA,ANM,WE,Federal Contract Tower,0,1,3,0,4,0,9,39,0,48,0,10,42,0,52,44,0,44,96
07/16/2012,SFF,WA,ANM,WE,Federal Contract Tower,0,1,8,0,9,0,10,72,0,82,0,11,80,0,91,122,0,122,213
07/17/2012,SFF,WA,ANM,WE,Federal Contract Tower,0,12,1,0,13,0,12,97,2,111,0,24,98,2,124,84,0,84,208
07/18/2012,SFF,WA,ANM,WE,Federal Contract Tower,0,2,10,0,12,0,12,112,0,124,0,14,122,0,136,110,0,110,246
07/19/2012,SFF,WA,ANM,WE,Federal Contract Tower,0,2,3,0,5,0,12,105,0,117,0,14,108,0,122,106,0,106,228
07/20/2012,SFF,WA,ANM,WE,Federal Contract Tower,0,1,3,0,4,0,5,55,0,60,0,6,58,0,64,145,0,145,209
07/21/2012,SFF,WA,ANM,WE,Federal Contract Tower,0,2,9,0,11,0,5,130,0,135,0,7,139,0,146,126,0,126,272
07/22/2012,SFF,WA,ANM,WE,Federal Contract Tower,0,0,1,0,1,0,9,100,0,109,0,9,101,0,110,54,0,54,164
07/23/2012,SFF,WA,ANM,WE,Federal Contract Tower,0,2,16,0,18,0,14,91,0,105,0,16,107,0,123,130,0,130,253
07/24/2012,SFF,WA,ANM,WE,Federal Contract Tower,0,0,4,0,4,0,10,135,0,145,0,10,139,0,149,208,0,208,357
07/25/2012,SFF,WA,ANM,WE,Federal Contract Tower,0,0,5,1,6,0,19,107,1,127,0,19,112,2,133,172,0,172,305
07/26/2012,SFF,WA,ANM,WE,Federal Contract Tower,0,1,11,0,12,0,14,96,0,110,0,15,107,0,122,136,0,136,258
07/27/2012,SFF,WA,ANM,WE,Federal Contract Tower,0,2,7,0,9,0,12,87,0,99,0,14,94,0,108,40,0,40,148
07/28/2012,SFF,WA,ANM,WE,Federal Contract Tower,0,4,13,0,17,0,16,121,0,137,0,20,134,0,154,78,0,78,232
07/29/2012,SFF,WA,ANM,WE,Federal Contract Tower,0,2,3,0,5,0,14,90,0,104,0,16,93,0,109,32,0,32,141
07/30/2012,SFF,WA,ANM,WE,Federal Contract Tower,0,0,12,0,12,0,15,91,0,106,0,15,103,0,118,130,0,130,248
07/31/2012,SFF,WA,ANM,WE,Federal Contract Tower,0,0,6,0,6,0,12,82,0,94,0,12,88,0,100,114,0,114,214
08/01/2012,SFF,WA,ANM,WE,Federal Contract Tower,0,0,4,0,4,0,9,92,0,101,0,9,96,0,105,135,0,135,240
08/02/2012,SFF,WA,ANM,WE,Federal Contract Tower,0,0,6,0,6,0,16,71,0,87,0,16,77,0,93,136,0,136,229
08/03/2012,SFF,WA,ANM,WE,Federal Contract Tower,0,0,4,0,4,0,6,103,0,109,0,6,107,0,113,129,0,129,242
08/04/2012,SFF,WA,ANM,WE,Federal Contract Tower,0,4,4,0,8,0,22,153,0,175,0,26,157,0,183,46,0,46,229
08/05/2012,SFF,WA,ANM,WE,Federal Contract Tower,0,0,2,0,2,0,8,90,0,98,0,8,92,0,100,14,0,14,114
08/06/2012,SFF,WA,ANM,WE,Federal Contract Tower,0,0,5,0,5,0,14,93,0,107,0,14,98,0,112,138,0,138,250
08/07/2012,SFF,WA,ANM,WE,Federal Contract Tower,0,0,3,0,3,0,12,97,0,109,0,12,100,0,112,176,0,176,288
08/08/2012,SFF,WA,ANM,WE,Federal Contract Tower,0,4,10,0,14,0,11,100,0,111,0,15,110,0,125,160,0,160,285
08/09/2012,SFF,WA,ANM,WE,Federal Contract Tower,0,1,6,0,7,0,15,104,0,119,0,16,110,0,126,150,0,150,276
08/10/2012,SFF,WA,ANM,WE,Federal Contract Tower,0,2,11,0,13,0,15,125,0,140,0,17,136,0,153,92,0,92,245
08/11/2012,SFF,WA,ANM,WE,Federal Contract Tower,0,2,4,0,6,0,14,141,0,155,0,16,145,0,161,26,0,26,187
08/12/2012,SFF,WA,ANM,WE,Federal Contract Tower,0,1,6,0,7,0,7,93,0,100,0,8,99,0,107,16,0,16,123
08/13/2012,SFF,WA,ANM,WE,Federal Contract Tower,0,0,10,0,10,0,9,102,0,111,0,9,112,0,121,64,0,64,185
08/14/2012,SFF,WA,ANM,WE,Federal Contract Tower,0,1,12,0,13,0,8,85,0,93,0,9,97,0,106,90,0,90,196
08/15/2012,SFF,WA,ANM,WE,Federal Contract Tower,0,4,7,0,11,0,23,94,0,117,0,27,101,0,128,84,0,84,212
08/16/2012,SFF,WA,ANM,WE,Federal Contract Tower,0,1,4,0,5,0,7,89,8,104,0,8,93,8,109,80,0,80,189
08/17/2012,SFF,WA,ANM,WE,Federal Contract Tower,0,0,8,0,8,0,28,77,0,105,0,28,85,0,113,54,0,54,167
08/18/2012,SFF,WA,ANM,WE,Federal Contract Tower,0,7,6,0,13,0,49,92,0,141,0,56,98,0,154,30,0,30,184
08/19/2012,SFF,WA,ANM,WE,Federal Contract Tower,0,4,6,0,10,0,4,60,0,64,0,8,66,0,74,0,0,0,74
08/20/2012,SFF,WA,ANM,WE,Federal Contract Tower,0,0,8,0,8,0,7,72,0,79,0,7,80,0,87,50,0,50,137
08/21/2012,SFF,WA,ANM,WE,Federal Contract Tower,0,2,8,0,10,0,10,45,0,55,0,12,53,0,65,32,0,32,97
08/22/2012,SFF,WA,ANM,WE,Federal Contract Tower,0,1,5,0,6,0,8,83,0,91,0,9,88,0,97,122,0,122,219
08/23/2012,SFF,WA,ANM,WE,Federal Contract Tower,0,2,15,0,17,0,8,105,0,113,0,10,120,0,130,56,0,56,186
08/24/2012,SFF,WA,ANM,WE,Federal Contract Tower,0,1,8,0,9,0,4,90,0,94,0,5,98,0,103,136,0,136,239
08/25/2012,SFF,WA,ANM,WE,Federal Contract Tower,0,3,4,1,8,0,11,127,4,142,0,14,131,5,150,20,2,22,172
08/26/2012,SFF,WA,ANM,WE,Federal Contract Tower,0,1,7,0,8,0,8,92,6,106,0,9,99,6,114,12,0,12,126
08/27/2012,SFF,WA,ANM,WE,Federal Contract Tower,0,0,5,0,5,0,6,96,0,102,0,6,101,0,107,60,0,60,167
08/28/2012,SFF,WA,ANM,WE,Federal Contract Tower,0,1,9,0,10,0,9,110,0,119,0,10,119,0,129,68,0,68,197
08/29/2012,SFF,WA,ANM,WE,Federal Contract Tower,0,0,10,0,10,0,8,76,0,84,0,8,86,0,94,102,0,102,196
08/30/2012,SFF,WA,ANM,WE,Federal Contract Tower,0,0,7,0,7,0,5,91,0,96,0,5,98,0,103,94,0,94,197
08/31/2012,SFF,WA,ANM,WE,Federal Contract Tower,0,1,3,0,4,0,13,56,0,69,0,14,59,0,73,22,0,22,95
09/01/2012,SFF,WA,ANM,WE,Federal Contract Tower,0,2,3,0,5,0,8,54,0,62,0,10,57,0,67,30,0,30,97
09/02/2012,SFF,WA,ANM,WE,Federal Contract Tower,0,0,4,0,4,0,6,42,0,48,0,6,46,0,52,16,0,16,68
09/03/2012,SFF,WA,ANM,WE,Federal Contract Tower,0,0,1,0,1,0,8,72,0,80,0,8,73,0,81,16,0,16,97
09/04/2012,SFF,WA,ANM,WE,Federal Contract Tower,0,0,13,0,13,0,6,83,0,89,0,6,96,0,102,150,0,150,252
09/05/2012,SFF,WA,ANM,WE,Federal Contract Tower,0,1,7,0,8,0,9,96,0,105,0,10,103,0,113,134,0,134,247
09/06/2012,SFF,WA,ANM,WE,Federal Contract Tower,0,4,9,0,13,0,13,98,0,111,0,17,107,0,124,82,0,82,206
09/07/2012,SFF,WA,ANM,WE,Federal Contract Tower,0,0,10,0,10,0,3,104,0,107,0,3,114,0,117,124,0,124,241
09/08/2012,SFF,WA,ANM,WE,Federal Contract Tower,0,4,2,0,6,0,14,182,0,196,0,18,184,0,202,8,0,8,210
09/09/2012,SFF,WA,ANM,WE,Federal Contract Tower,0,0,5,0,5,0,12,39,0,51,0,12,44,0,56,0,0,0,56
09/10/2012,SFF,WA,ANM,WE,Federal Contract Tower,0,2,9,0,11,0,3,35,2,40,0,5,44,2,51,26,0,26,77
09/11/2012,SFF,WA,ANM,WE,Federal Contract Tower,0,3,14,0,17,0,6,89,0,95,0,9,103,0,112,126,0,126,238
09/12/2012,SFF,WA,ANM,WE,Federal Contract Tower,0,4,18,0,22,0,13,100,0,113,0,17,118,0,135,116,0,116,251
09/13/2012,SFF,WA,ANM,WE,Federal Contract Tower,0,0,3,0,3,0,9,85,0,94,0,9,88,0,97,70,0,70,167
09/14/2012,SFF,WA,ANM,WE,Federal Contract Tower,0,2,5,0,7,0,5,74,0,79,0,7,79,0,86,120,0,120,206
09/15/2012,SFF,WA,ANM,WE,Federal Contract Tower,0,2,3,0,5,0,18,74,0,92,0,20,77,0,97,48,0,48,145
09/16/2012,SFF,WA,ANM,WE,Federal Contract Tower,0,3,10,0,13,0,16,85,0,101,0,19,95,0,114,0,0,0,114
09/17/2012,SFF,WA,ANM,WE,Federal Contract Tower,0,2,2,0,4,0,2,101,2,105,0,4,103,2,109,114,0,114,223
09/18/2012,SFF,WA,ANM,WE,Federal Contract Tower,0,0,2,0,2,0,11,91,0,102,0,11,93,0,104,60,0,60,164
09/19/2012,SFF,WA,ANM,WE,Federal Contract Tower,0,0,8,0,8,0,8,72,0,80,0,8,80,0,88,84,0,84,172
09/20/2012,SFF,WA,ANM,WE,Federal Contract Tower,0,0,6,0,6,0,11,62,0,73,0,11,68,0,79,66,0,66,145
09/21/2012,SFF,WA,ANM,WE,Federal Contract Tower,0,1,12,0,13,0,6,74,0,80,0,7,86,0,93,132,0,132,225
09/22/2012,SFF,WA,ANM,WE,Federal Contract Tower,0,4,10,0,14,0,10,80,0,90,0,14,90,0,104,82,0,82,186
09/23/2012,SFF,WA,ANM,WE,Federal Contract Tower,0,2,8,0,10,0,16,72,0,88,0,18,80,0,98,0,0,0,98
09/24/2012,SFF,WA,ANM,WE,Federal Contract Tower,0,0,8,0,8,0,11,66,0,77,0,11,74,0,85,60,0,60,145
09/25/2012,SFF,WA,ANM,WE,Federal Contract Tower,0,0,4,0,4,0,8,81,0,89,0,8,85,0,93,48,0,48,141
09/26/2012,SFF,WA,ANM,WE,Federal Contract Tower,0,0,12,0,12,0,14,90,0,104,0,14,102,0,116,52,0,52,168
09/27/2012,SFF,WA,ANM,WE,Federal Contract Tower,0,1,18,0,19,0,10,86,0,96,0,11,104,0,115,74,0,74,189
09/28/2012,SFF,WA,ANM,WE,Federal Contract Tower,0,1,13,0,14,0,11,85,0,96,0,12,98,0,110,62,0,62,172
09/29/2012,SFF,WA,ANM,WE,Federal Contract Tower,0,4,1,0,5,0,3,83,0,86,0,7,84,0,91,42,0,42,133
09/30/2012,SFF,WA,ANM,WE,Federal Contract Tower,0,0,11,0,11,0,3,95,0,98,0,3,106,0,109,30,0,30,139
10/01/2012,SFF,WA,ANM,WE,Federal Contract Tower,0,0,13,0,13,0,15,77,0,92,0,15,90,0,105,34,0,34,139
10/02/2012,SFF,WA,ANM,WE,Federal Contract Tower,0,3,11,0,14,0,11,57,0,68,0,14,68,0,82,36,0,36,118
10/03/2012,SFF,WA,ANM,WE,Federal Contract Tower,0,0,4,0,4,0,6,93,0,99,0,6,97,0,103,96,0,96,199
10/04/2012,SFF,WA,ANM,WE,Federal Contract Tower,0,2,4,0,6,0,10,96,0,106,0,12,100,0,112,68,0,68,180
10/05/2012,SFF,WA,ANM,WE,Federal Contract Tower,0,1,10,0,11,0,4,67,0,71,0,5,77,0,82,132,0,132,214
10/06/2012,SFF,WA,ANM,WE,Federal Contract Tower,0,2,6,0,8,0,11,120,0,131,0,13,126,0,139,26,0,26,165
10/07/2012,SFF,WA,ANM,WE,Federal Contract Tower,0,2,4,0,6,0,7,68,0,75,0,9,72,0,81,28,0,28,109
10/08/2012,SFF,WA,ANM,WE,Federal Contract Tower,0,1,6,0,7,0,15,49,0,64,0,16,55,0,71,46,0,46,117
10/09/2012,SFF,WA,ANM,WE,Federal Contract Tower,0,1,9,0,10,0,12,72,0,84,0,13,81,0,94,82,0,82,176
10/10/2012,SFF,WA,ANM,WE,Federal Contract Tower,0,0,14,0,14,0,7,85,0,92,0,7,99,0,106,94,0,94,200
10/11/2012,SFF,WA,ANM,WE,Federal Contract Tower,0,2,4,0,6,0,1,99,0,100,0,3,103,0,106,108,0,108,214
10/12/2012,SFF,WA,ANM,WE,Federal Contract Tower,0,2,9,0,11,0,4,65,0,69,0,6,74,0,80,98,0,98,178
10/13/2012,SFF,WA,ANM,WE,Federal Contract Tower,0,7,2,0,9,0,2,15,0,17,0,9,17,0,26,68,0,68,94
10/14/2012,SFF,WA,ANM,WE,Federal Contract Tower,0,2,1,0,3,0,9,16,0,25,0,11,17,0,28,2,0,2,30
10/15/2012,SFF,WA,ANM,WE,Federal Contract Tower,0,2,2,0,4,0,0,16,0,16,0,2,18,0,20,62,0,62,82
10/16/2012,SFF,WA,ANM,WE,Federal Contract Tower,0,0,2,0,2,0,9,14,0,23,0,9,16,0,25,9,0,9,34
10/17/2012,SFF,WA,ANM,WE,Federal Contract Tower,0,2,5,0,7,0,7,86,0,93,0,9,91,0,100,94,0,94,194
10/18/2012,SFF,WA,ANM,WE,Federal Contract Tower,0,0,9,0,9,0,3,101,0,104,0,3,110,0,113,104,0,104,217
10/19/2012,SFF,WA,ANM,WE,Federal Contract Tower,0,6,6,0,12,0,6,33,0,39,0,12,39,0,51,20,0,20,71
10/20/2012,SFF,WA,ANM,WE,Federal Contract Tower,0,2,7,0,9,0,8,36,0,44,0,10,43,0,53,12,0,12,65
10/21/2012,SFF,WA,ANM,WE,Federal Contract Tower,1,7,0,0,8,0,3,38,0,41,1,10,38,0,49,20,0,20,69
10/22/2012,SFF,WA,ANM,WE,Federal Contract Tower,0,3,6,0,9,0,3,40,0,43,0,6,46,0,52,94,0,94,146
10/23/2012,SFF,WA,ANM,WE,Federal Contract Tower,0,2,5,0,7,0,2,39,0,41,0,4,44,0,48,104,0,104,152
10/24/2012,SFF,WA,ANM,WE,Federal Contract Tower,0,6,5,0,11,0,2,28,0,30,0,8,33,0,41,84,0,84,125
10/25/2012,SFF,WA,ANM,WE,Federal Contract Tower,0,4,6,0,10,0,0,14,0,14,0,4,20,0,24,86,0,86,110
10/26/2012,SFF,WA,ANM,WE,Federal Contract Tower,0,6,3,0,9,0,3,31,0,34,0,9,34,0,43,54,0,54,97
10/27/2012,SFF,WA,ANM,WE,Federal Contract Tower,0,8,5,0,13,0,2,4,0,6,0,10,9,0,19,110,0,110,129
10/28/2012,SFF,WA,ANM,WE,Federal Contract Tower,0,5,4,0,9,0,1,25,0,26,0,6,29,0,35,60,0,60,95
10/29/2012,SFF,WA,ANM,WE,Federal Contract Tower,0,2,3,0,5,0,6,14,0,20,0,8,17,0,25,37,0,37,62
10/30/2012,SFF,WA,ANM,WE,Federal Contract Tower,0,4,9,0,13,0,6,41,0,47,0,10,50,0,60,54,0,54,114
10/31/2012,SFF,WA,ANM,WE,Federal Contract Tower,0,1,3,0,4,0,7,45,0,52,0,8,48,0,56,98,0,98,154
11/01/2012,SFF,WA,ANM,WE,Federal Contract Tower,0,3,11,0,14,0,4,27,0,31,0,7,38,0,45,54,0,54,99
11/02/2012,SFF,WA,ANM,WE,Federal Contract Tower,0,4,21,0,25,0,6,72,0,78,0,10,93,0,103,144,0,144,247
11/03/2012,SFF,WA,ANM,WE,Federal Contract Tower,0,2,6,0,8,0,0,3,0,3,0,2,9,0,11,22,0,22,33
11/04/2012,SFF,WA,ANM,WE,Federal Contract Tower,0,4,5,0,9,0,6,47,0,53,0,10,52,0,62,34,0,34,96
11/05/2012,SFF,WA,ANM,WE,Federal Contract Tower,0,3,10,2,15,0,6,19,2,27,0,9,29,4,42,18,0,18,60
11/06/2012,SFF,WA,ANM,WE,Federal Contract Tower,0,3,15,0,18,0,11,56,0,67,0,14,71,0,85,54,0,54,139
11/07/2012,SFF,WA,ANM,WE,Federal Contract Tower,0,0,5,0,5,0,5,64,0,69,0,5,69,0,74,74,0,74,148
11/08/2012,SFF,WA,ANM,WE,Federal Contract Tower,0,3,6,0,9,0,4,35,0,39,0,7,41,0,48,70,0,70,118
11/09/2012,SFF,WA,ANM,WE,Federal Contract Tower,0,1,0,0,1,0,0,0,0,0,0,1,0,0,1,0,0,0,1
11/10/2012,SFF,WA,ANM,WE,Federal Contract Tower,0,3,8,0,11,0,3,66,0,69,0,6,74,0,80,48,0,48,128
11/11/2012,SFF,WA,ANM,WE,Federal Contract Tower,0,1,4,0,5,0,4,3,0,7,0,5,7,0,12,0,0,0,12
11/12/2012,SFF,WA,ANM,WE,Federal Contract Tower,0,2,0,0,2,0,0,0,0,0,0,2,0,0,2,0,0,0,2
11/13/2012,SFF,WA,ANM,WE,Federal Contract Tower,0,7,8,0,15,0,1,0,0,1,0,8,8,0,16,10,0,10,26
11/14/2012,SFF,WA,ANM,WE,Federal Contract Tower,0,2,11,2,15,0,0,0,0,0,0,2,11,2,15,0,0,0,15
11/15/2012,SFF,WA,ANM,WE,Federal Contract Tower,0,4,12,0,16,0,8,66,0,74,0,12,78,0,90,110,0,110,200
11/16/2012,SFF,WA,ANM,WE,Federal Contract Tower,0,3,17,0,20,0,6,83,0,89,0,9,100,0,109,162,0,162,271
11/17/2012,SFF,WA,ANM,WE,Federal Contract Tower,0,7,3,0,10,0,6,32,0,38,0,13,35,0,48,70,0,70,118
11/18/2012,SFF,WA,ANM,WE,Federal Contract Tower,0,2,3,0,5,0,4,38,0,42,0,6,41,0,47,22,0,22,69
11/19/2012,SFF,WA,ANM,WE,Federal Contract Tower,0,5,1,0,6,0,2,1,1,4,0,7,2,1,10,0,0,0,10
11/20/2012,SFF,WA,ANM,WE,Federal Contract Tower,0,6,8,0,14,0,7,4,0,11,0,13,12,0,25,0,0,0,25
11/21/2012,SFF,WA,ANM,WE,Federal Contract Tower,0,1,4,0,5,0,16,8,0,24,0,17,12,0,29,36,0,36,65
11/22/2012,SFF,WA,ANM,WE,Federal Contract Tower,0,2,0,0,2,0,4,37,0,41,0,6,37,0,43,14,0,14,57
11/23/2012,SFF,WA,ANM,WE,Federal Contract Tower,0,0,0,0,0,0,0,31,0,31,0,0,31,0,31,98,0,98,129
11/24/2012,SFF,WA,ANM,WE,Federal Contract Tower,0,2,11,0,13,0,2,16,0,18,0,4,27,0,31,24,0,24,55
11/25/2012,SFF,WA,ANM,WE,Federal Contract Tower,0,3,7,0,10,0,3,46,0,49,0,6,53,0,59,40,0,40,99
11/26/2012,SFF,WA,ANM,WE,Federal Contract Tower,0,0,7,0,7,0,1,55,0,56,0,1,62,0,63,78,0,78,141
11/27/2012,SFF,WA,ANM,WE,Federal Contract Tower,0,4,6,0,10,0,10,92,0,102,0,14,98,0,112,104,0,104,216
11/28/2012,SFF,WA,ANM,WE,Federal Contract Tower,0,3,26,0,29,0,13,54,0,67,0,16,80,0,96,84,0,84,180
11/29/2012,SFF,WA,ANM,WE,Federal Contract Tower,0,3,4,0,7,0,8,14,0,22,0,11,18,0,29,16,0,16,45
11/30/2012,SFF,WA,ANM,WE,Federal Contract Tower,0,6,10,0,16,0,10,17,0,27,0,16,27,0,43,28,0,28,71
12/01/2012,SFF,WA,ANM,WE,Federal Contract Tower,0,3,2,0,5,0,4,14,0,18,0,7,16,0,23,24,0,24,47
12/02/2012,SFF,WA,ANM,WE,Federal Contract Tower,0,2,1,0,3,0,8,9,0,17,0,10,10,0,20,22,0,22,42
12/03/2012,SFF,WA,ANM,WE,Federal Contract Tower,0,1,9,0,10,0,12,16,0,28,0,13,25,0,38,46,0,46,84
12/04/2012,SFF,WA,ANM,WE,Federal Contract Tower,0,8,3,0,11,0,5,5,0,10,0,13,8,0,21,0,0,0,21
12/05/2012,SFF,WA,ANM,WE,Federal Contract Tower,0,3,13,0,16,0,10,65,0,75,0,13,78,0,91,28,0,28,119
12/06/2012,SFF,WA,ANM,WE,Federal Contract Tower,0,6,4,0,10,0,3,9,0,12,0,9,13,0,22,44,0,44,66
12/07/2012,SFF,WA,ANM,WE,Federal Contract Tower,0,2,6,0,8,0,1,5,0,6,0,3,11,0,14,42,0,42,56
12/08/2012,SFF,WA,ANM,WE,Federal Contract Tower,0,3,7,0,10,0,2,94,0,96,0,5,101,0,106,82,0,82,188
12/09/2012,SFF,WA,ANM,WE,Federal Contract Tower,0,2,3,0,5,0,2,9,0,11,0,4,12,0,16,6,0,6,22
12/10/2012,SFF,WA,ANM,WE,Federal Contract Tower,0,16,0,0,16,0,0,13,0,13,0,16,13,0,29,58,0,58,87
12/11/2012,SFF,WA,ANM,WE,Federal Contract Tower,0,6,10,0,16,0,0,31,0,31,0,6,41,0,47,78,0,78,125
12/12/2012,SFF,WA,ANM,WE,Federal Contract Tower,0,6,5,0,11,0,0,0,0,0,0,6,5,0,11,0,0,0,11
12/13/2012,SFF,WA,ANM,WE,Federal Contract Tower,0,0,5,0,5,0,4,20,0,24,0,4,25,0,29,61,0,61,90
12/14/2012,SFF,WA,ANM,WE,Federal Contract Tower,0,3,16,0,19,0,0,2,0,2,0,3,18,0,21,0,0,0,21
12/15/2012,SFF,WA,ANM,WE,Federal Contract Tower,0,1,2,0,3,0,0,38,0,38,0,1,40,0,41,42,0,42,83
12/16/2012,SFF,WA,ANM,WE,Federal Contract Tower,0,4,1,0,5,0,0,3,0,3,0,4,4,0,8,10,0,10,18
12/17/2012,SFF,WA,ANM,WE,Federal Contract Tower,0,2,2,0,4,0,3,0,0,3,0,5,2,0,7,0,0,0,7
12/18/2012,SFF,WA,ANM,WE,Federal Contract Tower,0,5,15,2,22,0,9,43,0,52,0,14,58,2,74,34,0,34,108
12/19/2012,SFF,WA,ANM,WE,Federal Contract Tower,0,0,6,0,6,0,2,9,0,11,0,2,15,0,17,18,0,18,35
12/20/2012,SFF,WA,ANM,WE,Federal Contract Tower,0,6,4,0,10,0,2,8,0,10,0,8,12,0,20,6,0,6,26
12/21/2012,SFF,WA,ANM,WE,Federal Contract Tower,0,6,7,0,13,0,7,19,0,26,0,13,26,0,39,12,0,12,51
12/22/2012,SFF,WA,ANM,WE,Federal Contract Tower,0,4,1,0,5,0,2,19,0,21,0,6,20,0,26,17,0,17,43
12/23/2012,SFF,WA,ANM,WE,Federal Contract Tower,0,2,4,0,6,0,8,85,0,93,0,10,89,0,99,36,0,36,135
12/24/2012,SFF,WA,ANM,WE,Federal Contract Tower,0,3,0,0,3,0,0,2,0,2,0,3,2,0,5,0,0,0,5
12/25/2012,SFF,WA,ANM,WE,Federal Contract Tower,0,3,1,0,4,0,6,19,0,25,0,9,20,0,29,16,0,16,45
12/26/2012,SFF,WA,ANM,WE,Federal Contract Tower,0,2,2,0,4,0,7,13,0,20,0,9,15,0,24,0,0,0,24
12/27/2012,SFF,WA,ANM,WE,Federal Contract Tower,0,3,6,0,9,0,0,5,0,5,0,3,11,0,14,52,0,52,66
12/28/2012,SFF,WA,ANM,WE,Federal Contract Tower,0,8,3,0,11,0,0,12,0,12,0,8,15,0,23,24,0,24,47
12/29/2012,SFF,WA,ANM,WE,Federal Contract Tower,0,1,3,0,4,0,0,0,0,0,0,1,3,0,4,0,0,0,4
12/30/2012,SFF,WA,ANM,WE,Federal Contract Tower,0,5,8,0,13,0,0,3,0,3,0,5,11,0,16,16,0,16,32
12/31/2012,SFF,WA,ANM,WE,Federal Contract Tower,0,4,2,0,6,0,2,8,0,10,0,6,10,0,16,40,0,40,56
01/01/2013,SFF,WA,ANM,WE,Federal Contract Tower,0,7,2,0,9,0,0,8,0,8,0,7,10,0,17,48,0,48,65
01/02/2013,SFF,WA,ANM,WE,Federal Contract Tower,0,2,2,0,4,0,11,30,0,41,0,13,32,0,45,14,0,14,59
01/03/2013,SFF,WA,ANM,WE,Federal Contract Tower,0,11,9,0,20,0,6,69,0,75,0,17,78,0,95,32,0,32,127
01/04/2013,SFF,WA,ANM,WE,Federal Contract Tower,0,3,2,0,5,0,3,39,0,42,0,6,41,0,47,24,0,24,71
01/05/2013,SFF,WA,ANM,WE,Federal Contract Tower,0,1,13,0,14,0,2,88,0,90,0,3,101,0,104,47,0,47,151
01/06/2013,SFF,WA,ANM,WE,Federal Contract Tower,0,8,3,0,11,0,0,2,0,2,0,8,5,0,13,6,0,6,19
01/07/2013,SFF,WA,ANM,WE,Federal Contract Tower,0,4,0,0,4,0,0,0,0,0,0,4,0,0,4,0,0,0,4
01/08/2013,SFF,WA,ANM,WE,Federal Contract Tower,0,4,4,0,8,0,0,3,0,3,0,4,7,0,11,2,0,2,13
01/09/2013,SFF,WA,ANM,WE,Federal Contract Tower,0,0,13,0,13,0,5,9,1,15,0,5,22,1,28,1,0,1,29
01/10/2013,SFF,WA,ANM,WE,Federal Contract Tower,0,1,2,0,3,0,4,8,0,12,0,5,10,0,15,14,0,14,29
01/11/2013,SFF,WA,ANM,WE,Federal Contract Tower,0,8,18,0,26,0,5,45,0,50,0,13,63,0,76,69,0,69,145
01/12/2013,SFF,WA,ANM,WE,Federal Contract Tower,0,3,6,0,9,0,2,19,0,21,0,5,25,0,30,40,0,40,70
01/13/2013,SFF,WA,ANM,WE,Federal Contract Tower,0,1,4,0,5,0,6,26,0,32,0,7,30,0,37,39,0,39,76
01/14/2013,SFF,WA,ANM,WE,Federal Contract Tower,0,3,2,0,5,0,0,2,0,2,0,3,4,0,7,0,0,0,7
01/15/2013,SFF,WA,ANM,WE,Federal Contract Tower,0,2,19,0,21,0,3,11,0,14,0,5,30,0,35,30,0,30,65
01/16/2013,SFF,WA,ANM,WE,Federal Contract Tower,0,10,6,0,16,0,0,8,0,8,0,10,14,0,24,10,20,30,54
01/17/2013,SFF,WA,ANM,WE,Federal Contract Tower,0,2,9,0,11,0,0,0,0,0,0,2,9,0,11,20,0,20,31
01/18/2013,SFF,WA,ANM,WE,Federal Contract Tower,0,0,5,0,5,0,0,19,0,19,0,0,24,0,24,60,0,60,84
01/19/2013,SFF,WA,ANM,WE,Federal Contract Tower,0,1,9,0,10,0,1,63,0,64,0,2,72,0,74,12,0,12,86
01/20/2013,SFF,WA,ANM,WE,Federal Contract Tower,0,2,3,0,5,0,3,34,0,37,0,5,37,0,42,47,0,47,89
01/21/2013,SFF,WA,ANM,WE,Federal Contract Tower,0,3,4,0,7,0,0,0,0,0,0,3,4,0,7,0,0,0,7
01/22/2013,SFF,WA,ANM,WE,Federal Contract Tower,0,7,3,0,10,0,0,0,0,0,0,7,3,0,10,0,0,0,10
01/23/2013,SFF,WA,ANM,WE,Federal Contract Tower,0,12,0,0,12,0,9,45,0,54,0,21,45,0,66,30,0,30,96
01/24/2013,SFF,WA,ANM,WE,Federal Contract Tower,0,1,10,0,11,0,8,9,0,17,0,9,19,0,28,16,0,16,44
01/25/2013,SFF,WA,ANM,WE,Federal Contract Tower,0,3,8,0,11,0,2,6,0,8,0,5,14,0,19,12,0,12,31
01/26/2013,SFF,WA,ANM,WE,Federal Contract Tower,0,3,6,0,9,0,1,8,0,9,0,4,14,0,18,32,0,32,50
01/27/2013,SFF,WA,ANM,WE,Federal Contract Tower,0,1,5,0,6,0,0,4,0,4,0,1,9,0,10,8,0,8,18
01/28/2013,SFF,WA,ANM,WE,Federal Contract Tower,0,5,0,0,5,0,0,2,0,2,0,5,2,0,7,22,0,22,29
01/29/2013,SFF,WA,ANM,WE,Federal Contract Tower,0,6,6,1,13,0,5,33,1,39,0,11,39,2,52,60,0,60,112
01/30/2013,SFF,WA,ANM,WE,Federal Contract Tower,0,2,4,0,6,0,10,31,2,43,0,12,35,2,49,74,24,98,147
01/31/2013,SFF,WA,ANM,WE,Federal Contract Tower,0,3,12,0,15,0,2,15,0,17,0,5,27,0,32,18,0,18,50
02/01/2013,SFF,WA,ANM,WE,Federal Contract Tower,0,4,7,0,11,0,1,47,0,48,0,5,54,0,59,90,0,90,149
02/02/2013,SFF,WA,ANM,WE,Federal Contract Tower,0,3,4,0,7,0,0,0,0,0,0,3,4,0,7,0,0,0,7
02/03/2013,SFF,WA,ANM,WE,Federal Contract Tower,0,2,1,0,3,0,0,6,0,6,0,2,7,0,9,16,0,16,25
02/04/2013,SFF,WA,ANM,WE,Federal Contract Tower,0,0,9,0,9,0,0,30,0,30,0,0,39,0,39,76,0,76,115
02/05/2013,SFF,WA,ANM,WE,Federal Contract Tower,0,2,10,0,12,0,9,57,0,66,0,11,67,0,78,55,0,55,133
02/06/2013,SFF,WA,ANM,WE,Federal Contract Tower,0,3,12,0,15,0,17,44,0,61,0,20,56,0,76,83,0,83,159
02/07/2013,SFF,WA,ANM,WE,Federal Contract Tower,0,2,5,0,7,0,0,24,0,24,0,2,29,0,31,28,0,28,59
02/08/2013,SFF,WA,ANM,WE,Federal Contract Tower,0,0,12,0,12,0,17,21,0,38,0,17,33,0,50,34,0,34,84
02/09/2013,SFF,WA,ANM,WE,Federal Contract Tower,0,0,7,0,7,0,0,33,0,33,0,0,40,0,40,80,0,80,120
02/10/2013,SFF,WA,ANM,WE,Federal Contract Tower,0,1,6,0,7,0,0,16,0,16,0,1,22,0,23,58,0,58,81
02/11/2013,SFF,WA,ANM,WE,Federal Contract Tower,0,2,10,0,12,0,6,46,0,52,0,8,56,0,64,31,0,31,95
02/12/2013,SFF,WA,ANM,WE,Federal Contract Tower,0,4,10,0,14,0,6,28,0,34,0,10,38,0,48,42,0,42,90
02/13/2013,SFF,WA,ANM,WE,Federal Contract Tower,0,0,13,0,13,0,2,75,0,77,0,2,88,0,90,106,0,106,196
02/14/2013,SFF,WA,ANM,WE,Federal Contract Tower,0,4,13,0,17,0,14,62,0,76,0,18,75,0,93,66,0,66,159
02/15/2013,SFF,WA,ANM,WE,Federal Contract Tower,0,5,11,0,16,0,13,97,0,110,0,18,108,0,126,96,0,96,222
02/16/2013,SFF,WA,ANM,WE,Federal Contract Tower,0,2,8,0,10,0,3,61,0,64,0,5,69,0,74,126,0,126,200
02/17/2013,SFF,WA,ANM,WE,Federal Contract Tower,0,2,6,0,8,0,11,89,0,100,0,13,95,0,108,52,0,52,160
02/18/2013,SFF,WA,ANM,WE,Federal Contract Tower,0,0,5,0,5,0,11,66,0,77,0,11,71,0,82,68,0,68,150
02/19/2013,SFF,WA,ANM,WE,Federal Contract Tower,0,4,3,0,7,0,0,4,0,4,0,4,7,0,11,2,0,2,13
02/20/2013,SFF,WA,ANM,WE,Federal Contract Tower,0,4,21,1,26,0,6,31,1,38,0,10,52,2,64,26,0,26,90
02/21/2013,SFF,WA,ANM,WE,Federal Contract Tower,0,2,2,0,4,0,4,0,0,4,0,6,2,0,8,16,0,16,24
02/22/2013,SFF,WA,ANM,WE,Federal Contract Tower,0,2,11,0,13,0,1,2,0,3,0,3,13,0,16,6,0,6,22
02/23/2013,SFF,WA,ANM,WE,Federal Contract Tower,0,4,7,0,11,0,5,30,0,35,0,9,37,0,46,30,0,30,76
02/24/2013,SFF,WA,ANM,WE,Federal Contract Tower,0,1,4,0,5,0,0,24,0,24,0,1,28,0,29,46,0,46,75
02/25/2013,SFF,WA,ANM,WE,Federal Contract Tower,0,5,1,0,6,0,6,3,0,9,0,11,4,0,15,24,0,24,39
02/26/2013,SFF,WA,ANM,WE,Federal Contract Tower,0,0,15,0,15,0,7,88,0,95,0,7,103,0,110,84,28,112,222
02/27/2013,SFF,WA,ANM,WE,Federal Contract Tower,0,1,9,0,10,0,1,111,0,112,0,2,120,0,122,133,0,133,255
02/28/2013,SFF,WA,ANM,WE,Federal Contract Tower,0,5,4,0,9,0,0,9,0,9,0,5,13,0,18,24,0,24,42
03/01/2013,SFF,WA,ANM,WE,Federal Contract Tower,0,4,16,0,20,0,8,50,0,58,0,12,66,0,78,64,0,64,142
03/02/2013,SFF,WA,ANM,WE,Federal Contract Tower,0,3,3,0,6,0,8,87,0,95,0,11,90,0,101,78,0,78,179
03/03/2013,SFF,WA,ANM,WE,Federal Contract Tower,0,3,3,0,6,0,2,11,0,13,0,5,14,0,19,14,0,14,33
03/04/2013,SFF,WA,ANM,WE,Federal Contract Tower,0,7,9,0,16,0,4,113,0,117,0,11,122,0,133,73,0,73,206
03/05/2013,SFF,WA,ANM,WE,Federal Contract Tower,0,5,6,0,11,0,9,41,2,52,0,14,47,2,63,100,4,104,167
03/06/2013,SFF,WA,ANM,WE,Federal Contract Tower,0,3,5,0,8,0,6,28,0,34,0,9,33,0,42,70,0,70,112
03/07/2013,SFF,WA,ANM,WE,Federal Contract Tower,0,0,9,0,9,0,9,22,0,31,0,9,31,0,40,38,0,38,78
03/08/2013,SFF,WA,ANM,WE,Federal Contract Tower,0,4,20,0,24,0,3,23,0,26,0,7,43,0,50,22,0,22,72
03/09/2013,SFF,WA,ANM,WE,Federal Contract Tower,0,4,7,0,11,0,9,97,0,106,0,13,104,0,117,96,0,96,213
03/10/2013,SFF,WA,ANM,WE,Federal Contract Tower,0,0,13,0,13,0,4,53,0,57,0,4,66,0,70,54,0,54,124
03/11/2013,SFF,WA,ANM,WE,Federal Contract Tower,0,8,11,0,19,0,6,93,0,99,0,14,104,0,118,152,0,152,270
03/12/2013,SFF,WA,ANM,WE,Federal Contract Tower,0,1,10,4,15,0,0,22,0,22,0,1,32,4,37,60,0,60,97
03/13/2013,SFF,WA,ANM,WE,Federal Contract Tower,0,3,17,0,20,0,3,83,0,86,0,6,100,0,106,94,0,94,200
03/14/2013,SFF,WA,ANM,WE,Federal Contract Tower,0,4,5,0,9,0,10,89,0,99,0,14,94,0,108,86,0,86,194
03/15/2013,SFF,WA,ANM,WE,Federal Contract Tower,0,0,7,0,7,0,9,54,0,63,0,9,61,0,70,74,0,74,144
03/16/2013,SFF,WA,ANM,WE,Federal Contract Tower,0,3,3,0,6,0,7,28,0,35,0,10,31,0,41,6,0,6,47
03/17/2013,SFF,WA,ANM,WE,Federal Contract Tower,0,1,8,0,9,0,4,7,0,11,0,5,15,0,20,12,0,12,32
03/18/2013,SFF,WA,ANM,WE,Federal Contract Tower,0,7,12,0,19,0,6,33,0,39,0,13,45,0,58,34,0,34,92
03/19/2013,SFF,WA,ANM,WE,Federal Contract Tower,0,1,9,0,10,0,6,82,0,88,0,7,91,0,98,140,0,140,238
03/20/2013,SFF,WA,ANM,WE,Federal Contract Tower,0,0,6,0,6,0,0,6,0,6,0,0,12,0,12,46,0,46,58
03/21/2013,SFF,WA,ANM,WE,Federal Contract Tower,0,2,22,0,24,0,8,34,0,42,0,10,56,0,66,25,0,25,91
03/22/2013,SFF,WA,ANM,WE,Federal Contract Tower,0,7,16,0,23,0,4,73,0,77,0,11,89,0,100,124,0,124,224
03/23/2013,SFF,WA,ANM,WE,Federal Contract Tower,0,3,6,0,9,0,3,85,0,88,0,6,91,0,97,97,0,97,194
03/24/2013,SFF,WA,ANM,WE,Federal Contract Tower,0,0,5,0,5,0,5,80,0,85,0,5,85,0,90,91,0,91,181
03/25/2013,SFF,WA,ANM,WE,Federal Contract Tower,0,0,20,0,20,0,6,82,0,88,0,6,102,0,108,150,0,150,258
03/26/2013,SFF,WA,ANM,WE,Federal Contract Tower,0,1,18,0,19,0,24,101,0,125,0,25,119,0,144,170,0,170,314
03/27/2013,SFF,WA,ANM,WE,Federal Contract Tower,0,0,15,0,15,0,10,86,0,96,0,10,101,0,111,110,0,110,221
03/28/2013,SFF,WA,ANM,WE,Federal Contract Tower,0,1,18,2,21,0,51,2,0,53,0,52,20,2,74,74,0,74,148
03/29/2013,SFF,WA,ANM,WE,Federal Contract Tower,0,2,9,0,11,0,4,54,0,58,0,6,63,0,69,76,0,76,145
03/30/2013,SFF,WA,ANM,WE,Federal Contract Tower,0,1,2,0,3,0,20,136,0,156,0,21,138,0,159,94,0,94,253
03/31/2013,SFF,WA,ANM,WE,Federal Contract Tower,0,2,3,0,5,0,21,60,0,81,0,23,63,0,86,54,0,54,140
04/01/2013,SFF,WA,ANM,WE,Federal Contract Tower,0,0,9,0,9,0,12,73,0,85,0,12,82,0,94,88,0,88,182
04/02/2013,SFF,WA,ANM,WE,Federal Contract Tower,0,0,12,0,12,0,11,71,0,82,0,11,83,0,94,0,0,0,94
04/03/2013,SFF,WA,ANM,WE,Federal Contract Tower,0,1,19,0,20,0,17,101,0,118,0,18,120,0,138,34,0,34,172
04/04/2013,SFF,WA,ANM,WE,Federal Contract Tower,0,6,16,0,22,0,13,70,0,83,0,19,86,0,105,31,0,31,136
04/05/2013,SFF,WA,ANM,WE,Federal Contract Tower,0,2,12,0,14,0,0,24,0,24,0,2,36,0,38,70,0,70,108
04/06/2013,SFF,WA,ANM,WE,Federal Contract Tower,0,4,0,0,4,0,7,13,0,20,0,11,13,0,24,30,0,30,54
04/07/2013,SFF,WA,ANM,WE,Federal Contract Tower,0,4,2,0,6,0,0,1,0,1,0,4,3,0,7,0,0,0,7
04/08/2013,SFF,WA,ANM,WE,Federal Contract Tower,0,5,7,0,12,0,1,18,0,19,0,6,25,0,31,50,0,50,81
04/09/2013,SFF,WA,ANM,WE,Federal Contract Tower,0,0,13,1,14,0,7,99,1,107,0,7,112,2,121,152,0,152,273
04/10/2013,SFF,WA,ANM,WE,Federal Contract Tower,0,4,14,0,18,0,3,9,0,12,0,7,23,0,30,46,0,46,76
04/11/2013,SFF,WA,ANM,WE,Federal Contract Tower,0,2,17,0,19,0,10,55,0,65,0,12,72,0,84,120,0,120,204
04/12/2013,SFF,WA,ANM,WE,Federal Contract Tower,0,0,20,0,20,0,4,55,0,59,0,4,75,0,79,49,0,49,128
04/13/2013,SFF,WA,ANM,WE,Federal Contract Tower,0,1,0,0,1,0,0,8,0,8,0,1,8,0,9,0,0,0,9
04/14/2013,SFF,WA,ANM,WE,Federal Contract Tower,0,1,2,0,3,0,0,22,0,22,0,1,24,0,25,60,0,60,85
04/15/2013,SFF,WA,ANM,WE,Federal Contract Tower,0,1,12,0,13,0,2,60,0,62,0,3,72,0,75,146,0,146,221
04/16/2013,SFF,WA,ANM,WE,Federal Contract Tower,0,1,13,0,14,0,2,59,0,61,0,3,72,0,75,90,0,90,165
04/17/2013,SFF,WA,ANM,WE,Federal Contract Tower,0,3,26,0,29,0,11,130,0,141,0,14,156,0,170,164,0,164,334
04/18/2013,SFF,WA,ANM,WE,Federal Contract Tower,0,0,13,0,13,0,11,90,0,101,0,11,103,0,114,205,0,205,319
04/19/2013,SFF,WA,ANM,WE,Federal Contract Tower,0,2,4,0,6,0,4,17,0,21,0,6,21,0,27,36,0,36,63
04/20/2013,SFF,WA,ANM,WE,Federal Contract Tower,0,2,3,0,5,0,15,24,0,39,0,17,27,0,44,76,0,76,120
04/21/2013,SFF,WA,ANM,WE,Federal Contract Tower,0,3,3,0,6,0,3,31,0,34,0,6,34,0,40,20,0,20,60
04/22/2013,SFF,WA,ANM,WE,Federal Contract Tower,0,0,13,0,13,0,13,109,0,122,0,13,122,0,135,32,0,32,167
04/23/2013,SFF,WA,ANM,WE,Federal Contract Tower,0,0,11,0,11,0,13,95,0,108,0,13,106,0,119,80,0,80,199
04/24/2013,SFF,WA,ANM,WE,Federal Contract Tower,0,0,15,0,15,0,10,125,2,137,0,10,140,2,152,52,0,52,204
04/25/2013,SFF,WA,ANM,WE,Federal Contract Tower,0,0,15,0,15,0,15,107,0,122,0,15,122,0,137,56,0,56,193
04/26/2013,SFF,WA,ANM,WE,Federal Contract Tower,0,0,7,0,7,0,13,93,0,106,0,13,100,0,113,62,0,62,175
04/27/2013,SFF,WA,ANM,WE,Federal Contract Tower,0,4,1,0,5,0,7,30,0,37,0,11,31,0,42,28,0,28,70
04/28/2013,SFF,WA,ANM,WE,Federal Contract Tower,0,5,3,0,8,0,9,34,0,43,0,14,37,0,51,14,0,14,65
04/29/2013,SFF,WA,ANM,WE,Federal Contract Tower,0,0,3,0,3,0,7,15,0,22,0,7,18,0,25,14,0,14,39
04/30/2013,SFF,WA,ANM,WE,Federal Contract Tower,0,1,20,0,21,0,6,72,0,78,0,7,92,0,99,130,0,130,229
05/01/2013,SFF,WA,ANM,WE,Federal Contract Tower,0,0,14,0,14,0,9,88,0,97,0,9,102,0,111,102,0,102,213
05/02/2013,SFF,WA,ANM,WE,Federal Contract Tower,0,0,27,0,27,0,15,120,0,135,0,15,147,0,162,78,0,78,240
05/03/2013,SFF,WA,ANM,WE,Federal Contract Tower,0,0,12,0,12,0,10,97,0,107,0,10,109,0,119,92,0,92,211
05/04/2013,SFF,WA,ANM,WE,Federal Contract Tower,0,2,1,0,3,0,15,107,0,122,0,17,108,0,125,85,0,85,210
05/05/2013,SFF,WA,ANM,WE,Federal Contract Tower,0,0,6,0,6,0,11,52,0,63,0,11,58,0,69,28,0,28,97
05/06/2013,SFF,WA,ANM,WE,Federal Contract Tower,0,0,14,0,14,0,11,92,0,103,0,11,106,0,117,86,0,86,203
05/07/2013,SFF,WA,ANM,WE,Federal Contract Tower,0,0,11,0,11,0,8,115,0,123,0,8,126,0,134,218,0,218,352
05/08/2013,SFF,WA,ANM,WE,Federal Contract Tower,0,3,15,0,18,0,14,112,0,126,0,17,127,0,144,58,0,58,202
05/09/2013,SFF,WA,ANM,WE,Federal Contract Tower,0,0,19,0,19,0,11,108,0,119,0,11,127,0,138,169,0,169,307
05/10/2013,SFF,WA,ANM,WE,Federal Contract Tower,0,0,15,0,15,0,14,120,0,134,0,14,135,0,149,161,0,161,310
05/11/2013,SFF,WA,ANM,WE,Federal Contract Tower,0,0,2,0,2,0,5,114,0,119,0,5,116,0,121,80,0,80,201
05/12/2013,SFF,WA,ANM,WE,Federal Contract Tower,0,2,1,0,3,0,6,55,0,61,0,8,56,0,64,20,0,20,84
05/13/2013,SFF,WA,ANM,WE,Federal Contract Tower,0,4,10,0,14,0,12,32,0,44,0,16,42,0,58,84,0,84,142
05/14/2013,SFF,WA,ANM,WE,Federal Contract Tower,0,10,0,0,10,0,5,117,0,122,0,15,117,0,132,191,0,191,323
05/15/2013,SFF,WA,ANM,WE,Federal Contract Tower,0,3,7,0,10,0,5,112,0,117,0,8,119,0,127,172,0,172,299
05/16/2013,SFF,WA,ANM,WE,Federal Contract Tower,0,1,11,0,12,0,7,76,0,83,0,8,87,0,95,274,0,274,369
05/17/2013,SFF,WA,ANM,WE,Federal Contract Tower,0,3,5,0,8,0,8,90,0,98,0,11,95,0,106,175,0,175,281
05/18/2013,SFF,WA,ANM,WE,Federal Contract Tower,0,4,3,0,7,0,10,110,0,120,0,14,113,0,127,45,0,45,172
05/19/2013,SFF,WA,ANM,WE,Federal Contract Tower,0,5,11,0,16,0,8,54,0,62,0,13,65,0,78,14,0,14,92
05/20/2013,SFF,WA,ANM,WE,Federal Contract Tower,0,0,7,0,7,0,8,122,0,130,0,8,129,0,137,172,0,172,309
05/21/2013,SFF,WA,ANM,WE,Federal Contract Tower,0,0,10,0,10,0,16,57,0,73,0,16,67,0,83,54,0,54,137
05/22/2013,SFF,WA,ANM,WE,Federal Contract Tower,0,1,13,0,14,0,1,27,0,28,0,2,40,0,42,153,0,153,195
05/23/2013,SFF,WA,ANM,WE,Federal Contract Tower,0,0,13,0,13,0,9,110,0,119,0,9,123,0,132,126,0,126,258
05/24/2013,SFF,WA,ANM,WE,Federal Contract Tower,0,2,16,0,18,0,10,36,0,46,0,12,52,0,64,83,0,83,147
05/25/2013,SFF,WA,ANM,WE,Federal Contract Tower,0,7,0,0,7,0,10,62,0,72,0,17,62,0,79,38,0,38,117
05/26/2013,SFF,WA,ANM,WE,Federal Contract Tower,0,3,2,0,5,0,15,52,0,67,0,18,54,0,72,17,0,17,89
05/27/2013,SFF,WA,ANM,WE,Federal Contract Tower,0,2,9,0,11,0,7,52,0,59,0,9,61,0,70,29,0,29,99
05/28/2013,SFF,WA,ANM,WE,Federal Contract Tower,0,0,12,0,12,0,6,45,0,51,0,6,57,0,63,222,0,222,285
05/29/2013,SFF,WA,ANM,WE,Federal Contract Tower,0,5,4,0,9,0,8,43,0,51,0,13,47,0,60,158,0,158,218
05/30/2013,SFF,WA,ANM,WE,Federal Contract Tower,0,0,11,0,11,0,8,64,0,72,0,8,75,0,83,162,0,162,245
05/31/2013,SFF,WA,ANM,WE,Federal Contract Tower,0,5,8,0,13,0,9,112,0,121,0,14,120,0,134,106,0,106,240
06/01/2013,SFF,WA,ANM,WE,Federal Contract Tower,0,5,4,0,9,0,13,117,0,130,0,18,121,0,139,34,0,34,173
06/02/2013,SFF,WA,ANM,WE,Federal Contract Tower,0,2,4,0,6,0,1,24,0,25,0,3,28,0,31,14,0,14,45
06/03/2013,SFF,WA,ANM,WE,Federal Contract Tower,0,2,11,0,13,0,4,88,0,92,0,6,99,0,105,164,0,164,269
06/04/2013,SFF,WA,ANM,WE,Federal Contract Tower,0,1,3,0,4,0,2,108,0,110,0,3,111,0,114,182,0,182,296
06/05/2013,SFF,WA,ANM,WE,Federal Contract Tower,0,0,8,0,8,0,5,121,0,126,0,5,129,0,134,222,0,222,356
06/06/2013,SFF,WA,ANM,WE,Federal Contract Tower,0,0,9,0,9,0,0,97,0,97,0,0,106,0,106,185,0,185,291
06/07/2013,SFF,WA,ANM,WE,Federal Contract Tower,0,0,9,2,11,0,7,72,0,79,0,7,81,2,90,156,0,156,246
06/08/2013,SFF,WA,ANM,WE,Federal Contract Tower,0,2,9,0,11,0,11,309,0,320,0,13,318,0,331,69,0,69,400
06/09/2013,SFF,WA,ANM,WE,Federal Contract Tower,0,0,9,0,9,0,4,83,0,87,0,4,92,0,96,28,0,28,124
06/10/2013,SFF,WA,ANM,WE,Federal Contract Tower,0,3,8,0,11,0,17,104,0,121,0,20,112,0,132,214,0,214,346
06/11/2013,SFF,WA,ANM,WE,Federal Contract Tower,0,0,11,0,11,0,5,93,0,98,0,5,104,0,109,124,0,124,233
06/12/2013,SFF,WA,ANM,WE,Federal Contract Tower,0,0,14,0,14,0,5,76,0,81,0,5,90,0,95,164,0,164,259
06/13/2013,SFF,WA,ANM,WE,Federal Contract Tower,0,2,13,0,15,0,11,114,0,125,0,13,127,0,140,135,0,135,275
06/14/2013,SFF,WA,ANM,WE,Federal Contract Tower,0,2,9,0,11,0,7,85,0,92,0,9,94,0,103,211,0,211,314
06/15/2013,SFF,WA,ANM,WE,Federal Contract Tower,0,5,7,0,12,0,11,106,0,117,0,16,113,0,129,32,0,32,161
06/16/2013,SFF,WA,ANM,WE,Federal Contract Tower,0,0,7,0,7,0,17,79,0,96,0,17,86,0,103,24,0,24,127
06/17/2013,SFF,WA,ANM,WE,Federal Contract Tower,0,2,5,0,7,0,20,92,0,112,0,22,97,0,119,162,0,162,281
06/18/2013,SFF,WA,ANM,WE,Federal Contract Tower,0,2,10,0,12,0,7,33,0,40,0,9,43,0,52,68,0,68,120
06/19/2013,SFF,WA,ANM,WE,Federal Contract Tower,0,5,8,0,13,0,2,3,0,5,0,7,11,0,18,28,0,28,46
06/20/2013,SFF,WA,ANM,WE,Federal Contract Tower,0,7,7,0,14,0,0,1,0,1,0,7,8,0,15,0,0,0,15
06/21/2013,SFF,WA,ANM,WE,Federal Contract Tower,0,3,5,0,8,0,5,36,0,41,0,8,41,0,49,72,0,72,121
06/22/2013,SFF,WA,ANM,WE,Federal Contract Tower,0,4,5,0,9,0,19,170,0,189,0,23,175,0,198,113,0,113,311
06/23/2013,SFF,WA,ANM,WE,Federal Contract Tower,0,0,11,0,11,0,9,60,4,73,0,9,71,4,84,64,0,64,148
06/24/2013,SFF,WA,ANM,WE,Federal Contract Tower,0,2,11,0,13,0,7,6,0,13,0,9,17,0,26,118,0,118,144
06/25/2013,SFF,WA,ANM,WE,Federal Contract Tower,0,4,5,0,9,0,19,26,0,45,0,23,31,0,54,224,0,224,278
06/26/2013,SFF,WA,ANM,WE,Federal Contract Tower,0,5,8,0,13,0,10,65,0,75,0,15,73,0,88,113,0,113,201
06/27/2013,SFF,WA,ANM,WE,Federal Contract Tower,0,2,15,0,17,0,6,97,0,103,0,8,112,0,120,107,0,107,227
06/28/2013,SFF,WA,ANM,WE,Federal Contract Tower,0,0,12,0,12,0,13,143,0,156,0,13,155,0,168,148,0,148,316
06/29/2013,SFF,WA,ANM,WE,Federal Contract Tower,0,3,3,0,6,0,2,25,0,27,0,5,28,0,33,20,0,20,53
06/30/2013,SFF,WA,ANM,WE,Federal Contract Tower,0,2,12,0,14,0,11,75,0,86,0,13,87,0,100,52,0,52,152
07/01/2013,SFF,WA,ANM,WE,Federal Contract Tower,0,0,9,6,15,0,13,58,0,71,0,13,67,6,86,35,0,35,121
07/02/2013,SFF,WA,ANM,WE,Federal Contract Tower,0,3,10,0,13,0,14,59,0,73,0,17,69,0,86,22,0,22,108
07/03/2013,SFF,WA,ANM,WE,Federal Contract Tower,0,2,13,0,15,0,9,81,0,90,0,11,94,0,105,26,0,26,131
07/04/2013,SFF,WA,ANM,WE,Federal Contract Tower,0,0,4,0,4,0,4,46,0,50,0,4,50,0,54,8,0,8,62
07/05/2013,SFF,WA,ANM,WE,Federal Contract Tower,0,1,9,0,10,0,13,39,0,52,0,14,48,0,62,12,0,12,74
07/06/2013,SFF,WA,ANM,WE,Federal Contract Tower,0,5,5,0,10,0,19,103,0,122,0,24,108,0,132,52,0,52,184
07/07/2013,SFF,WA,ANM,WE,Federal Contract Tower,0,0,11,0,11,0,11,86,0,97,0,11,97,0,108,10,0,10,118
07/08/2013,SFF,WA,ANM,WE,Federal Contract Tower,0,1,7,0,8,0,11,33,0,44,0,12,40,0,52,44,0,44,96
07/09/2013,SFF,WA,ANM,WE,Federal Contract Tower,0,4,8,0,12,0,17,85,0,102,0,21,93,0,114,72,0,72,186
07/10/2013,SFF,WA,ANM,WE,Federal Contract Tower,1,0,8,0,9,0,19,79,0,98,1,19,87,0,107,66,0,66,173
07/11/2013,SFF,WA,ANM,WE,Federal Contract Tower,0,0,6,0,6,0,15,66,0,81,0,15,72,0,87,21,0,21,108
07/12/2013,SFF,WA,ANM,WE,Federal Contract Tower,0,0,7,0,7,0,10,101,0,111,0,10,108,0,118,72,0,72,190
07/13/2013,SFF,WA,ANM,WE,Federal Contract Tower,0,3,4,0,7,0,10,109,0,119,0,13,113,0,126,28,0,28,154
07/14/2013,SFF,WA,ANM,WE,Federal Contract Tower,0,2,10,0,12,0,13,76,0,89,0,15,86,0,101,12,0,12,113
07/15/2013,SFF,WA,ANM,WE,Federal Contract Tower,0,0,8,0,8,0,16,52,0,68,0,16,60,0,76,10,0,10,86
07/16/2013,SFF,WA,ANM,WE,Federal Contract Tower,0,0,20,0,20,0,16,66,0,82,0,16,86,0,102,40,0,40,142
07/17/2013,SFF,WA,ANM,WE,Federal Contract Tower,0,5,9,0,14,0,5,46,0,51,0,10,55,0,65,39,0,39,104
07/18/2013,SFF,WA,ANM,WE,Federal Contract Tower,0,0,5,0,5,0,17,101,2,120,0,17,106,2,125,52,0,52,177
07/19/2013,SFF,WA,ANM,WE,Federal Contract Tower,0,3,4,0,7,0,15,134,0,149,0,18,138,0,156,56,0,56,212
07/20/2013,SFF,WA,ANM,WE,Federal Contract Tower,0,4,1,0,5,0,16,194,0,210,0,20,195,0,215,36,0,36,251
07/21/2013,SFF,WA,ANM,WE,Federal Contract Tower,0,0,2,0,2,0,9,84,0,93,0,9,86,0,95,45,0,45,140
07/22/2013,SFF,WA,ANM,WE,Federal Contract Tower,0,0,13,0,13,0,9,66,0,75,0,9,79,0,88,8,0,8,96
07/23/2013,SFF,WA,ANM,WE,Federal Contract Tower,0,0,10,0,10,0,7,133,0,140,0,7,143,0,150,46,0,46,196
07/24/2013,SFF,WA,ANM,WE,Federal Contract Tower,0,2,21,0,23,0,6,124,0,130,0,8,145,0,153,92,0,92,245
07/25/2013,SFF,WA,ANM,WE,Federal Contract Tower,0,1,3,0,4,0,7,92,0,99,0,8,95,0,103,24,0,24,127
07/26/2013,SFF,WA,ANM,WE,Federal Contract Tower,0,3,4,0,7,0,13,128,0,141,0,16,132,0,148,48,0,48,196
07/27/2013,SFF,WA,ANM,WE,Federal Contract Tower,0,3,4,0,7,0,6,97,0,103,0,9,101,0,110,42,0,42,152
07/28/2013,SFF,WA,ANM,WE,Federal Contract Tower,0,4,5,0,9,0,7,49,0,56,0,11,54,0,65,4,0,4,69
07/29/2013,SFF,WA,ANM,WE,Federal Contract Tower,0,0,6,0,6,0,15,77,0,92,0,15,83,0,98,59,0,59,157
07/30/2013,SFF,WA,ANM,WE,Federal Contract Tower,0,0,5,0,5,0,4,80,0,84,0,4,85,0,89,172,0,172,261
07/31/2013,SFF,WA,ANM,WE,Federal Contract Tower,0,0,10,0,10,0,3,79,0,82,0,3,89,0,92,232,0,232,324
08/01/2013,SFF,WA,ANM,WE,Federal Contract Tower,0,3,8,0,11,0,11,71,0,82,0,14,79,0,93,212,0,212,305
08/02/2013,SFF,WA,ANM,WE,Federal Contract Tower,0,5,7,0,12,0,0,2,0,2,0,5,9,0,14,12,0,12,26
08/03/2013,SFF,WA,ANM,WE,Federal Contract Tower,0,4,6,0,10,0,18,88,0,106,0,22,94,0,116,34,0,34,150
08/04/2013,SFF,WA,ANM,WE,Federal Contract Tower,0,0,4,0,4,0,12,101,0,113,0,12,105,0,117,44,0,44,161
08/05/2013,SFF,WA,ANM,WE,Federal Contract Tower,0,0,4,0,4,0,7,93,0,100,0,7,97,0,104,167,0,167,271
08/06/2013,SFF,WA,ANM,WE,Federal Contract Tower,0,0,16,0,16,0,14,130,0,144,0,14,146,0,160,229,0,229,389
08/07/2013,SFF,WA,ANM,WE,Federal Contract Tower,0,2,8,0,10,0,4,109,0,113,0,6,117,0,123,205,0,205,328
08/08/2013,SFF,WA,ANM,WE,Federal Contract Tower,0,3,6,0,9,0,4,109,0,113,0,7,115,0,122,144,0,144,266
08/09/2013,SFF,WA,ANM,WE,Federal Contract Tower,0,3,5,0,8,0,8,90,0,98,0,11,95,0,106,120,0,120,226
08/10/2013,SFF,WA,ANM,WE,Federal Contract Tower,0,6,7,0,13,0,4,93,0,97,0,10,100,0,110,8,0,8,118
08/11/2013,SFF,WA,ANM,WE,Federal Contract Tower,0,1,9,0,10,0,15,48,0,63,0,16,57,0,73,8,0,8,81
08/12/2013,SFF,WA,ANM,WE,Federal Contract Tower,0,0,11,1,12,0,10,90,3,103,0,10,101,4,115,164,0,164,279
08/13/2013,SFF,WA,ANM,WE,Federal Contract Tower,0,0,13,0,13,0,8,74,0,82,0,8,87,0,95,116,0,116,211
08/14/2013,SFF,WA,ANM,WE,Federal Contract Tower,0,2,9,0,11,0,7,100,0,107,0,9,109,0,118,142,0,142,260
08/15/2013,SFF,WA,ANM,WE,Federal Contract Tower,0,0,17,0,17,0,15,105,0,120,0,15,122,0,137,252,0,252,389
08/16/2013,SFF,WA,ANM,WE,Federal Contract Tower,0,1,2,0,3,0,5,61,0,66,0,6,63,0,69,46,0,46,115
08/17/2013,SFF,WA,ANM,WE,Federal Contract Tower,0,4,2,0,6,0,8,56,0,64,0,12,58,0,70,28,0,28,98
08/18/2013,SFF,WA,ANM,WE,Federal Contract Tower,0,0,7,0,7,0,7,66,0,73,0,7,73,0,80,6,0,6,86
08/19/2013,SFF,WA,ANM,WE,Federal Contract Tower,0,1,8,0,9,0,12,69,0,81,0,13,77,0,90,92,0,92,182
08/20/2013,SFF,WA,ANM,WE,Federal Contract Tower,0,2,6,0,8,0,14,93,0,107,0,16,99,0,115,152,0,152,267
08/21/2013,SFF,WA,ANM,WE,Federal Contract Tower,0,0,11,0,11,0,2,97,0,99,0,2,108,0,110,134,0,134,244
08/22/2013,SFF,WA,ANM,WE,Federal Contract Tower,0,0,9,0,9,0,12,83,0,95,0,12,92,0,104,266,0,266,370
08/23/2013,SFF,WA,ANM,WE,Federal Contract Tower,0,3,4,0,7,0,5,73,0,78,0,8,77,0,85,158,0,158,243
08/24/2013,SFF,WA,ANM,WE,Federal Contract Tower,0,2,6,0,8,0,7,83,0,90,0,9,89,0,98,18,0,18,116
08/25/2013,SFF,WA,ANM,WE,Federal Contract Tower,0,1,5,0,6,0,6,45,0,51,0,7,50,0,57,53,0,53,110
08/26/2013,SFF,WA,ANM,WE,Federal Contract Tower,0,1,3,0,4,0,7,61,0,68,0,8,64,0,72,103,0,103,175
08/27/2013,SFF,WA,ANM,WE,Federal Contract Tower,0,0,8,2,10,0,8,77,0,85,0,8,85,2,95,174,0,174,269
08/28/2013,SFF,WA,ANM,WE,Federal Contract Tower,0,1,4,2,7,0,4,73,0,77,0,5,77,2,84,120,0,120,204
08/29/2013,SFF,WA,ANM,WE,Federal Contract Tower,0,0,5,0,5,0,6,75,0,81,0,6,80,0,86,85,0,85,171
08/30/2013,SFF,WA,ANM,WE,Federal Contract Tower,0,1,7,0,8,0,4,76,0,80,0,5,83,0,88,84,0,84,172
08/31/2013,SFF,WA,ANM,WE,Federal Contract Tower,0,2,7,0,9,0,15,80,0,95,0,17,87,0,104,21,0,21,125
09/01/2013,SFF,WA,ANM,WE,Federal Contract Tower,0,1,2,0,3,0,16,51,0,67,0,17,53,0,70,10,0,10,80
09/02/2013,SFF,WA,ANM,WE,Federal Contract Tower,0,1,3,0,4,0,12,65,0,77,0,13,68,0,81,28,0,28,109
09/03/2013,SFF,WA,ANM,WE,Federal Contract Tower,0,2,6,0,8,0,2,70,0,72,0,4,76,0,80,117,0,117,197
09/04/2013,SFF,WA,ANM,WE,Federal Contract Tower,0,4,12,0,16,0,8,73,0,81,0,12,85,0,97,170,0,170,267
09/05/2013,SFF,WA,ANM,WE,Federal Contract Tower,0,2,10,1,13,0,9,47,1,57,0,11,57,2,70,62,0,62,132
09/06/2013,SFF,WA,ANM,WE,Federal Contract Tower,0,1,17,0,18,0,6,42,0,48,0,7,59,0,66,142,0,142,208
09/07/2013,SFF,WA,ANM,WE,Federal Contract Tower,0,2,2,0,4,0,5,134,0,139,0,7,136,0,143,36,0,36,179
09/08/2013,SFF,WA,ANM,WE,Federal Contract Tower,0,4,21,0,25,0,4,52,0,56,0,8,73,0,81,36,0,36,117
09/09/2013,SFF,WA,ANM,WE,Federal Contract Tower,0,3,17,0,20,0,6,86,0,92,0,9,103,0,112,65,0,65,177
09/10/2013,SFF,WA,ANM,WE,Federal Contract Tower,0,2,9,0,11,0,12,114,0,126,0,14,123,0,137,120,0,120,257
09/11/2013,SFF,WA,ANM,WE,Federal Contract Tower,0,0,13,0,13,0,23,115,0,138,0,23,128,0,151,125,0,125,276
09/12/2013,SFF,WA,ANM,WE,Federal Contract Tower,0,2,8,0,10,0,13,111,0,124,0,15,119,0,134,264,0,264,398
09/13/2013,SFF,WA,ANM,WE,Federal Contract Tower,0,1,13,0,14,0,25,113,0,138,0,26,126,0,152,126,0,126,278
09/14/2013,SFF,WA,ANM,WE,Federal Contract Tower,0,1,6,0,7,0,2,85,0,87,0,3,91,0,94,30,0,30,124
09/15/2013,SFF,WA,ANM,WE,Federal Contract Tower,0,0,4,0,4,0,4,61,0,65,0,4,65,0,69,16,0,16,85
09/16/2013,SFF,WA,ANM,WE,Federal Contract Tower,1,7,0,0,8,0,7,28,0,35,1,14,28,0,43,48,0,48,91
09/17/2013,SFF,WA,ANM,WE,Federal Contract Tower,0,1,6,0,7,0,3,44,0,47,0,4,50,0,54,65,0,65,119
09/18/2013,SFF,WA,ANM,WE,Federal Contract Tower,0,0,5,0,5,0,2,32,0,34,0,2,37,0,39,40,0,40,79
09/19/2013,SFF,WA,ANM,WE,Federal Contract Tower,0,3,16,0,19,0,6,79,0,85,0,9,95,0,104,112,0,112,216
09/20/2013,SFF,WA,ANM,WE,Federal Contract Tower,0,0,8,0,8,0,5,81,0,86,0,5,89,0,94,78,0,78,172
09/21/2013,SFF,WA,ANM,WE,Federal Contract Tower,0,4,3,0,7,0,8,41,0,49,0,12,44,0,56,26,0,26,82
09/22/2013,SFF,WA,ANM,WE,Federal Contract Tower,0,4,3,0,7,0,15,11,0,26,0,19,14,0,33,0,0,0,33
09/23/2013,SFF,WA,ANM,WE,Federal Contract Tower,0,4,8,0,12,0,2,12,0,14,0,6,20,0,26,38,0,38,64
09/24/2013,SFF,WA,ANM,WE,Federal Contract Tower,0,4,4,0,8,0,8,12,0,20,0,12,16,0,28,136,0,136,164
09/25/2013,SFF,WA,ANM,WE,Federal Contract Tower,0,5,11,0,16,0,2,19,0,21,0,7,30,0,37,116,0,116,153
09/26/2013,SFF,WA,ANM,WE,Federal Contract Tower,0,0,10,0,10,0,10,123,0,133,0,10,133,0,143,168,0,168,311
09/27/2013,SFF,WA,ANM,WE,Federal Contract Tower,0,3,13,0,16,0,10,55,1,66,0,13,68,1,82,86,0,86,168
09/28/2013,SFF,WA,ANM,WE,Federal Contract Tower,0,4,2,0,6,0,0,0,0,0,0,4,2,0,6,10,0,10,16
09/29/2013,SFF,WA,ANM,WE,Federal Contract Tower,0,4,3,0,7,0,3,7,0,10,0,7,10,0,17,0,0,0,17
09/30/2013,SFF,WA,ANM,WE,Federal Contract Tower,0,3,2,0,5,0,5,0,0,5,0,8,2,0,10,0,0,0,10
10/01/2013,SFF,WA,ANM,WE,Federal Contract Tower,0,2,8,0,10,0,6,24,0,30,0,8,32,0,40,107,0,107,147
10/02/2013,SFF,WA,ANM,WE,Federal Contract Tower,0,0,11,1,12,0,5,92,1,98,0,5,103,2,110,140,0,140,250
10/03/2013,SFF,WA,ANM,WE,Federal Contract Tower,0,1,12,0,13,0,11,111,0,122,0,12,123,0,135,156,0,156,291
10/04/2013,SFF,WA,ANM,WE,Federal Contract Tower,0,0,8,0,8,0,14,114,0,128,0,14,122,0,136,115,0,115,251
10/05/2013,SFF,WA,ANM,WE,Federal Contract Tower,0,2,5,0,7,0,14,138,0,152,0,16,143,0,159,48,0,48,207
10/06/2013,SFF,WA,ANM,WE,Federal Contract Tower,0,0,4,0,4,0,4,63,0,67,0,4,67,0,71,8,0,8,79
10/07/2013,SFF,WA,ANM,WE,Federal Contract Tower,0,4,3,0,7,0,12,26,0,38,0,16,29,0,45,42,0,42,87
10/08/2013,SFF,WA,ANM,WE,Federal Contract Tower,0,0,7,0,7,0,7,23,0,30,0,7,30,0,37,109,0,109,146
10/09/2013,SFF,WA,ANM,WE,Federal Contract Tower,0,0,22,0,22,0,4,79,0,83,0,4,101,0,105,93,0,93,198
10/10/2013,SFF,WA,ANM,WE,Federal Contract Tower,0,1,10,0,11,0,10,69,0,79,0,11,79,0,90,62,0,62,152
10/11/2013,SFF,WA,ANM,WE,Federal Contract Tower,0,1,9,0,10,0,5,71,0,76,0,6,80,0,86,26,0,26,112
10/12/2013,SFF,WA,ANM,WE,Federal Contract Tower,0,3,6,0,9,0,12,52,0,64,0,15,58,0,73,16,0,16,89
10/13/2013,SFF,WA,ANM,WE,Federal Contract Tower,0,4,6,0,10,0,13,84,0,97,0,17,90,0,107,66,0,66,173
10/14/2013,SFF,WA,ANM,WE,Federal Contract Tower,0,2,6,0,8,0,4,60,0,64,0,6,66,0,72,168,0,168,240
10/15/2013,SFF,WA,ANM,WE,Federal Contract Tower,0,0,10,0,10,0,5,77,0,82,0,5,87,0,92,92,0,92,184
10/16/2013,SFF,WA,ANM,WE,Federal Contract Tower,0,1,4,0,5,0,15,82,0,97,0,16,86,0,102,131,0,131,233
10/17/2013,SFF,WA,ANM,WE,Federal Contract Tower,0,0,12,0,12,0,2,72,0,74,0,2,84,0,86,99,0,99,185
10/18/2013,SFF,WA,ANM,WE,Federal Contract Tower,0,2,5,0,7,0,10,87,0,97,0,12,92,0,104,111,0,111,215
10/19/2013,SFF,WA,ANM,WE,Federal Contract Tower,0,3,5,0,8,0,18,100,0,118,0,21,105,0,126,68,0,68,194
10/20/2013,SFF,WA,ANM,WE,Federal Contract Tower,0,1,0,0,1,0,1,76,0,77,0,2,76,0,78,40,0,40,118
10/21/2013,SFF,WA,ANM,WE,Federal Contract Tower,0,9,6,0,15,0,9,64,0,73,0,18,70,0,88,140,0,140,228
10/22/2013,SFF,WA,ANM,WE,Federal Contract Tower,0,0,12,2,14,0,4,61,0,65,0,4,73,2,79,122,0,122,201
10/23/2013,SFF,WA,ANM,WE,Federal Contract Tower,0,3,7,0,10,0,2,75,0,77,0,5,82,0,87,82,0,82,169
10/24/2013,SFF,WA,ANM,WE,Federal Contract Tower,0,0,10,0,10,0,6,73,0,79,0,6,83,0,89,130,0,130,219
10/25/2013,SFF,WA,ANM,WE,Federal Contract Tower,0,3,9,0,12,0,5,43,0,48,0,8,52,0,60,117,0,117,177
10/26/2013,SFF,WA,ANM,WE,Federal Contract Tower,0,5,9,0,14,0,9,54,0,63,0,14,63,0,77,46,0,46,123
10/27/2013,SFF,WA,ANM,WE,Federal Contract Tower,0,6,5,0,11,0,1,6,0,7,0,7,11,0,18,2,0,2,20
10/28/2013,SFF,WA,ANM,WE,Federal Contract Tower,0,1,0,0,1,0,14,11,0,25,0,15,11,0,26,22,0,22,48
10/29/2013,SFF,WA,ANM,WE,Federal Contract Tower,0,0,13,0,13,0,24,102,0,126,0,24,115,0,139,184,0,184,323
10/30/2013,SFF,WA,ANM,WE,Federal Contract Tower,0,0,10,0,10,0,12,94,0,106,0,12,104,0,116,122,4,126,242
10/31/2013,SFF,WA,ANM,WE,Federal Contract Tower,0,3,10,0,13,0,6,69,0,75,0,9,79,0,88,116,0,116,204
11/01/2013,SFF,WA,ANM,WE,Federal Contract Tower,0,1,6,0,7,0,9,49,0,58,0,10,55,0,65,168,0,168,233
11/02/2013,SFF,WA,ANM,WE,Federal Contract Tower,0,4,0,0,4,0,6,0,0,6,0,10,0,0,10,16,0,16,26
11/03/2013,SFF,WA,ANM,WE,Federal Contract Tower,0,0,2,0,2,0,2,11,0,13,0,2,13,0,15,18,0,18,33
11/04/2013,SFF,WA,ANM,WE,Federal Contract Tower,0,6,3,0,9,0,6,12,0,18,0,12,15,0,27,134,0,134,161
11/05/2013,SFF,WA,ANM,WE,Federal Contract Tower,0,2,6,0,8,0,0,0,0,0,0,2,6,0,8,0,0,0,8
11/06/2013,SFF,WA,ANM,WE,Federal Contract Tower,0,0,10,0,10,0,6,7,0,13,0,6,17,0,23,47,0,47,70
11/07/2013,SFF,WA,ANM,WE,Federal Contract Tower,0,7,11,0,18,0,0,0,0,0,0,7,11,0,18,2,0,2,20
11/08/2013,SFF,WA,ANM,WE,Federal Contract Tower,0,4,10,0,14,0,12,35,0,47,0,16,45,0,61,118,0,118,179
11/09/2013,SFF,WA,ANM,WE,Federal Contract Tower,0,3,17,0,20,0,14,61,0,75,0,17,78,0,95,30,0,30,125
11/10/2013,SFF,WA,ANM,WE,Federal Contract Tower,0,2,3,0,5,0,17,2,0,19,0,19,5,0,24,18,0,18,42
11/11/2013,SFF,WA,ANM,WE,Federal Contract Tower,0,4,8,2,14,0,8,67,0,75,0,12,75,2,89,34,0,34,123
11/12/2013,SFF,WA,ANM,WE,Federal Contract Tower,0,3,3,0,6,0,4,14,0,18,0,7,17,0,24,68,0,68,92
11/13/2013,SFF,WA,ANM,WE,Federal Contract Tower,0,0,8,0,8,0,6,17,0,23,0,6,25,0,31,94,0,94,125
11/14/2013,SFF,WA,ANM,WE,Federal Contract Tower,0,3,10,0,13,0,10,31,0,41,0,13,41,0,54,122,0,122,176
11/15/2013,SFF,WA,ANM,WE,Federal Contract Tower,0,3,3,0,6,0,0,4,0,4,0,3,7,0,10,26,0,26,36
11/16/2013,SFF,WA,ANM,WE,Federal Contract Tower,0,3,4,0,7,0,4,11,0,15,0,7,15,0,22,48,0,48,70
11/17/2013,SFF,WA,ANM,WE,Federal Contract Tower,0,0,14,0,14,0,5,32,0,37,0,5,46,0,51,66,0,66,117
11/18/2013,SFF,WA,ANM,WE,Federal Contract Tower,0,1,13,4,18,0,4,30,2,36,0,5,43,6,54,150,0,150,204
11/19/2013,SFF,WA,ANM,WE,Federal Contract Tower,0,2,5,0,7,0,5,6,2,13,0,7,11,2,20,40,0,40,60
11/20/2013,SFF,WA,ANM,WE,Federal Contract Tower,0,2,5,1,8,0,8,106,0,114,0,10,111,1,122,96,0,96,218
11/21/2013,SFF,WA,ANM,WE,Federal Contract Tower,0,0,16,0,16,0,15,102,0,117,0,15,118,0,133,236,0,236,369
11/22/2013,SFF,WA,ANM,WE,Federal Contract Tower,0,0,17,0,17,0,9,105,0,114,0,9,122,0,131,158,0,158,289
11/23/2013,SFF,WA,ANM,WE,Federal Contract Tower,0,4,11,0,15,0,7,111,0,118,0,11,122,0,133,175,0,175,308
11/24/2013,SFF,WA,ANM,WE,Federal Contract Tower,0,0,4,0,4,0,2,60,0,62,0,2,64,0,66,66,0,66,132
11/25/2013,SFF,WA,ANM,WE,Federal Contract Tower,0,0,15,0,15,0,0,68,0,68,0,0,83,0,83,155,0,155,238
11/26/2013,SFF,WA,ANM,WE,Federal Contract Tower,0,3,7,2,12,0,4,74,0,78,0,7,81,2,90,146,0,146,236
11/27/2013,SFF,WA,ANM,WE,Federal Contract Tower,0,2,10,0,12,0,13,40,0,53,0,15,50,0,65,56,0,56,121
11/28/2013,SFF,WA,ANM,WE,Federal Contract Tower,0,4,2,0,6,0,4,12,0,16,0,8,14,0,22,16,0,16,38
11/29/2013,SFF,WA,ANM,WE,Federal Contract Tower,0,0,3,0,3,0,0,0,0,0,0,0,3,0,3,6,0,6,9
11/30/2013,SFF,WA,ANM,WE,Federal Contract Tower,0,4,3,0,7,0,0,0,0,0,0,4,3,0,7,0,0,0,7
12/01/2013,SFF,WA,ANM,WE,Federal Contract Tower,0,4,7,0,11,0,5,2,0,7,0,9,9,0,18,8,0,8,26
12/02/2013,SFF,WA,ANM,WE,Federal Contract Tower,0,5,4,0,9,0,2,22,0,24,0,7,26,0,33,34,0,34,67
12/03/2013,SFF,WA,ANM,WE,Federal Contract Tower,0,5,10,0,15,0,4,22,0,26,0,9,32,0,41,50,0,50,91
12/04/2013,SFF,WA,ANM,WE,Federal Contract Tower,0,0,12,1,13,0,0,66,1,67,0,0,78,2,80,139,0,139,219
12/05/2013,SFF,WA,ANM,WE,Federal Contract Tower,0,7,8,0,15,0,17,31,0,48,0,24,39,0,63,82,0,82,145
12/06/2013,SFF,WA,ANM,WE,Federal Contract Tower,0,2,19,0,21,0,3,37,0,40,0,5,56,0,61,72,0,72,133
12/07/2013,SFF,WA,ANM,WE,Federal Contract Tower,0,1,4,0,5,0,9,23,0,32,0,10,27,0,37,28,0,28,65
12/08/2013,SFF,WA,ANM,WE,Federal Contract Tower,0,1,5,0,6,0,6,17,0,23,0,7,22,0,29,20,0,20,49
12/09/2013,SFF,WA,ANM,WE,Federal Contract Tower,0,2,6,0,8,0,8,32,0,40,0,10,38,0,48,16,0,16,64
12/10/2013,SFF,WA,ANM,WE,Federal Contract Tower,0,7,7,0,14,0,7,33,0,40,0,14,40,0,54,102,0,102,156
12/11/2013,SFF,WA,ANM,WE,Federal Contract Tower,0,8,10,0,18,0,6,25,4,35,0,14,35,4,53,94,0,94,147
12/12/2013,SFF,WA,ANM,WE,Federal Contract Tower,0,3,5,0,8,0,4,17,0,21,0,7,22,0,29,14,0,14,43
12/13/2013,SFF,WA,ANM,WE,Federal Contract Tower,0,6,4,0,10,0,3,2,0,5,0,9,6,0,15,0,0,0,15
12/14/2013,SFF,WA,ANM,WE,Federal Contract Tower,0,0,1,0,1,0,1,10,0,11,0,1,11,0,12,34,0,34,46
12/15/2013,SFF,WA,ANM,WE,Federal Contract Tower,0,0,9,0,9,0,2,45,0,47,0,2,54,0,56,70,0,70,126
12/16/2013,SFF,WA,ANM,WE,Federal Contract Tower,0,2,16,0,18,0,1,2,0,3,0,3,18,0,21,0,0,0,21
12/17/2013,SFF,WA,ANM,WE,Federal Contract Tower,0,3,3,0,6,0,5,40,0,45,0,8,43,0,51,56,0,56,107
12/18/2013,SFF,WA,ANM,WE,Federal Contract Tower,0,4,8,0,12,0,0,21,0,21,0,4,29,0,33,66,0,66,99
12/19/2013,SFF,WA,ANM,WE,Federal Contract Tower,0,0,11,0,11,0,3,62,0,65,0,3,73,0,76,32,0,32,108
12/20/2013,SFF,WA,ANM,WE,Federal Contract Tower,0,5,6,0,11,0,2,0,0,2,0,7,6,0,13,32,0,32,45
12/21/2013,SFF,WA,ANM,WE,Federal Contract Tower,0,9,6,0,15,0,0,1,0,1,0,9,7,0,16,0,0,0,16
12/22/2013,SFF,WA,ANM,WE,Federal Contract Tower,0,2,4,0,6,0,0,0,0,0,0,2,4,0,6,0,0,0,6
12/23/2013,SFF,WA,ANM,WE,Federal Contract Tower,0,9,4,0,13,0,0,2,0,2,0,9,6,0,15,11,0,11,26
12/24/2013,SFF,WA,ANM,WE,Federal Contract Tower,0,1,1,0,2,0,0,50,0,50,0,1,51,0,52,59,0,59,111
12/25/2013,SFF,WA,ANM,WE,Federal Contract Tower,0,2,0,0,2,0,0,0,0,0,0,2,0,0,2,0,0,0,2
12/26/2013,SFF,WA,ANM,WE,Federal Contract Tower,0,2,3,0,5,0,0,25,0,25,0,2,28,0,30,20,0,20,50
12/27/2013,SFF,WA,ANM,WE,Federal Contract Tower,0,6,6,0,12,0,8,19,0,27,0,14,25,0,39,62,0,62,101
12/28/2013,SFF,WA,ANM,WE,Federal Contract Tower,0,0,10,0,10,0,0,0,0,0,0,0,10,0,10,0,0,0,10
12/29/2013,SFF,WA,ANM,WE,Federal Contract Tower,0,5,3,0,8,0,3,2,0,5,0,8,5,0,13,26,0,26,39
12/30/2013,SFF,WA,ANM,WE,Federal Contract Tower,0,6,3,0,9,0,2,9,0,11,0,8,12,0,20,20,0,20,40
12/31/2013,SFF,WA,ANM,WE,Federal Contract Tower,0,0,1,0,1,0,0,0,0,0,0,0,1,0,1,6,0,6,7
01/01/2014,SFF,WA,ANM,WE,Federal Contract Tower,0,3,1,0,4,0,0,0,0,0,0,3,1,0,4,0,0,0,4
01/02/2014,SFF,WA,ANM,WE,Federal Contract Tower,0,5,2,0,7,0,4,16,0,20,0,9,18,0,27,40,0,40,67
01/03/2014,SFF,WA,ANM,WE,Federal Contract Tower,0,1,6,1,8,0,7,55,1,63,0,8,61,2,71,58,0,58,129
01/04/2014,SFF,WA,ANM,WE,Federal Contract Tower,0,3,8,0,11,0,3,102,0,105,0,6,110,0,116,12,0,12,128
01/05/2014,SFF,WA,ANM,WE,Federal Contract Tower,0,0,8,0,8,0,6,83,0,89,0,6,91,0,97,69,0,69,166
01/06/2014,SFF,WA,ANM,WE,Federal Contract Tower,0,2,11,0,13,0,10,33,0,43,0,12,44,0,56,42,0,42,98
01/07/2014,SFF,WA,ANM,WE,Federal Contract Tower,0,2,8,0,10,0,2,10,0,12,0,4,18,0,22,40,0,40,62
01/08/2014,SFF,WA,ANM,WE,Federal Contract Tower,0,2,1,0,3,0,0,0,0,0,0,2,1,0,3,0,0,0,3
01/09/2014,SFF,WA,ANM,WE,Federal Contract Tower,0,1,12,0,13,0,3,16,0,19,0,4,28,0,32,67,0,67,99
01/10/2014,SFF,WA,ANM,WE,Federal Contract Tower,0,3,3,0,6,0,4,12,0,16,0,7,15,0,22,30,0,30,52
01/11/2014,SFF,WA,ANM,WE,Federal Contract Tower,0,5,1,0,6,0,6,1,0,7,0,11,2,0,13,0,0,0,13
01/12/2014,SFF,WA,ANM,WE,Federal Contract Tower,0,0,1,0,1,0,6,8,0,14,0,6,9,0,15,8,0,8,23
01/13/2014,SFF,WA,ANM,WE,Federal Contract Tower,0,3,4,0,7,0,15,23,2,40,0,18,27,2,47,2,2,4,51
01/14/2014,SFF,WA,ANM,WE,Federal Contract Tower,0,5,24,0,29,0,3,47,0,50,0,8,71,0,79,62,0,62,141
01/15/2014,SFF,WA,ANM,WE,Federal Contract Tower,0,2,6,0,8,0,4,71,0,75,0,6,77,0,83,54,0,54,137
01/16/2014,SFF,WA,ANM,WE,Federal Contract Tower,0,5,13,0,18,0,0,0,0,0,0,5,13,0,18,0,0,0,18
01/17/2014,SFF,WA,ANM,WE,Federal Contract Tower,0,3,7,0,10,0,0,0,0,0,0,3,7,0,10,0,0,0,10
01/18/2014,SFF,WA,ANM,WE,Federal Contract Tower,0,6,0,0,6,0,0,0,0,0,0,6,0,0,6,0,0,0,6
01/19/2014,SFF,WA,ANM,WE,Federal Contract Tower,0,6,11,0,17,0,0,2,0,2,0,6,13,0,19,0,0,0,19
01/20/2014,SFF,WA,ANM,WE,Federal Contract Tower,0,5,9,0,14,0,2,17,0,19,0,7,26,0,33,10,0,10,43
01/21/2014,SFF,WA,ANM,WE,Federal Contract Tower,0,8,3,0,11,0,0,0,0,0,0,8,3,0,11,0,0,0,11
01/22/2014,SFF,WA,ANM,WE,Federal Contract Tower,0,3,7,0,10,0,2,3,0,5,0,5,10,0,15,12,0,12,27
01/23/2014,SFF,WA,ANM,WE,Federal Contract Tower,0,11,11,0,22,0,0,0,0,0,0,11,11,0,22,0,0,0,22
01/24/2014,SFF,WA,ANM,WE,Federal Contract Tower,0,2,8,0,10,0,0,0,0,0,0,2,8,0,10,0,0,0,10
01/25/2014,SFF,WA,ANM,WE,Federal Contract Tower,0,3,5,0,8,0,0,2,0,2,0,3,7,0,10,14,0,14,24
01/26/2014,SFF,WA,ANM,WE,Federal Contract Tower,0,5,9,0,14,0,3,13,0,16,0,8,22,0,30,12,0,12,42
01/27/2014,SFF,WA,ANM,WE,Federal Contract Tower,0,5,14,0,19,0,0,3,0,3,0,5,17,0,22,16,0,16,38
01/28/2014,SFF,WA,ANM,WE,Federal Contract Tower,0,3,7,0,10,0,3,8,0,11,0,6,15,0,21,38,0,38,59
01/29/2014,SFF,WA,ANM,WE,Federal Contract Tower,0,9,7,0,16,0,0,2,0,2,0,9,9,0,18,4,0,4,22
01/30/2014,SFF,WA,ANM,WE,Federal Contract Tower,0,3,7,0,10,0,0,0,0,0,0,3,7,0,10,0,0,0,10
01/31/2014,SFF,WA,ANM,WE,Federal Contract Tower,0,3,10,0,13,0,6,47,0,53,0,9,57,0,66,32,0,32,98
02/01/2014,SFF,WA,ANM,WE,Federal Contract Tower,0,0,6,0,6,0,4,49,0,53,0,4,55,0,59,73,0,73,132
02/02/2014,SFF,WA,ANM,WE,Federal Contract Tower,0,4,3,0,7,0,3,0,0,3,0,7,3,0,10,0,0,0,10
02/03/2014,SFF,WA,ANM,WE,Federal Contract Tower,0,4,3,0,7,0,1,9,0,10,0,5,12,0,17,0,0,0,17
02/04/2014,SFF,WA,ANM,WE,Federal Contract Tower,0,2,9,0,11,0,0,50,0,50,0,2,59,0,61,11,0,11,72
02/05/2014,SFF,WA,ANM,WE,Federal Contract Tower,0,2,7,0,9,0,2,20,0,22,0,4,27,0,31,0,0,0,31
02/06/2014,SFF,WA,ANM,WE,Federal Contract Tower,0,3,9,0,12,0,5,33,0,38,0,8,42,0,50,42,0,42,92
02/07/2014,SFF,WA,ANM,WE,Federal Contract Tower,0,5,12,0,17,0,1,1,0,2,0,6,13,0,19,14,0,14,33
02/08/2014,SFF,WA,ANM,WE,Federal Contract Tower,0,4,7,0,11,0,14,56,2,72,0,18,63,2,83,64,0,64,147
02/09/2014,SFF,WA,ANM,WE,Federal Contract Tower,0,5,4,0,9,0,2,2,0,4,0,7,6,0,13,0,0,0,13
02/10/2014,SFF,WA,ANM,WE,Federal Contract Tower,0,2,5,0,7,0,0,0,0,0,0,2,5,0,7,16,0,16,23
02/11/2014,SFF,WA,ANM,WE,Federal Contract Tower,0,6,4,0,10,0,6,39,0,45,0,12,43,0,55,58,0,58,113
02/12/2014,SFF,WA,ANM,WE,Federal Contract Tower,0,3,6,0,9,0,8,8,0,16,0,11,14,0,25,0,0,0,25
02/13/2014,SFF,WA,ANM,WE,Federal Contract Tower,0,0,7,0,7,0,5,6,0,11,0,5,13,0,18,36,0,36,54
02/14/2014,SFF,WA,ANM,WE,Federal Contract Tower,0,8,5,0,13,0,0,6,0,6,0,8,11,0,19,6,0,6,25
02/15/2014,SFF,WA,ANM,WE,Federal Contract Tower,0,3,3,0,6,0,3,47,0,50,0,6,50,0,56,80,0,80,136
02/16/2014,SFF,WA,ANM,WE,Federal Contract Tower,0,1,2,0,3,0,4,12,0,16,0,5,14,0,19,24,0,24,43
02/17/2014,SFF,WA,ANM,WE,Federal Contract Tower,0,6,3,0,9,0,4,3,0,7,0,10,6,0,16,2,0,2,18
02/18/2014,SFF,WA,ANM,WE,Federal Contract Tower,0,9,10,0,19,0,2,25,0,27,0,11,35,0,46,40,0,40,86
02/19/2014,SFF,WA,ANM,WE,Federal Contract Tower,0,6,10,0,16,0,11,12,0,23,0,17,22,0,39,4,0,4,43
02/20/2014,SFF,WA,ANM,WE,Federal Contract Tower,0,4,6,0,10,0,8,4,0,12,0,12,10,0,22,14,0,14,36
02/21/2014,SFF,WA,ANM,WE,Federal Contract Tower,0,3,9,0,12,0,2,72,0,74,0,5,81,0,86,124,0,124,210
02/22/2014,SFF,WA,ANM,WE,Federal Contract Tower,0,7,6,0,13,0,4,86,0,90,0,11,92,0,103,36,0,36,139
02/23/2014,SFF,WA,ANM,WE,Federal Contract Tower,0,0,3,0,3,0,1,0,0,1,0,1,3,0,4,14,0,14,18
02/24/2014,SFF,WA,ANM,WE,Federal Contract Tower,0,0,5,0,5,0,0,2,0,2,0,0,7,0,7,0,0,0,7
02/25/2014,SFF,WA,ANM,WE,Federal Contract Tower,0,3,7,0,10,0,25,57,0,82,0,28,64,0,92,38,0,38,130
02/26/2014,SFF,WA,ANM,WE,Federal Contract Tower,0,1,8,0,9,0,8,64,0,72,0,9,72,0,81,20,0,20,101
02/27/2014,SFF,WA,ANM,WE,Federal Contract Tower,0,1,7,0,8,0,11,26,0,37,0,12,33,0,45,20,0,20,65
02/28/2014,SFF,WA,ANM,WE,Federal Contract Tower,0,4,15,0,19,0,5,17,0,22,0,9,32,0,41,44,0,44,85
03/01/2014,SFF,WA,ANM,WE,Federal Contract Tower,0,1,0,0,1,0,1,3,0,4,0,2,3,0,5,0,0,0,5
03/02/2014,SFF,WA,ANM,WE,Federal Contract Tower,0,1,4,0,5,0,0,0,0,0,0,1,4,0,5,0,0,0,5
03/03/2014,SFF,WA,ANM,WE,Federal Contract Tower,0,4,1,0,5,0,1,0,0,1,0,5,1,0,6,26,0,26,32
03/04/2014,SFF,WA,ANM,WE,Federal Contract Tower,0,0,8,0,8,0,6,29,0,35,0,6,37,0,43,36,0,36,79
03/05/2014,SFF,WA,ANM,WE,Federal Contract Tower,0,2,15,0,17,0,11,15,0,26,0,13,30,0,43,11,0,11,54
03/06/2014,SFF,WA,ANM,WE,Federal Contract Tower,0,0,5,0,5,0,12,18,0,30,0,12,23,0,35,13,0,13,48
03/07/2014,SFF,WA,ANM,WE,Federal Contract Tower,0,0,16,0,16,0,16,38,0,54,0,16,54,0,70,84,0,84,154
03/08/2014,SFF,WA,ANM,WE,Federal Contract Tower,0,0,4,0,4,0,10,80,0,90,0,10,84,0,94,49,0,49,143
03/09/2014,SFF,WA,ANM,WE,Federal Contract Tower,0,4,2,0,6,0,9,11,0,20,0,13,13,0,26,14,0,14,40
03/10/2014,SFF,WA,ANM,WE,Federal Contract Tower,0,4,7,0,11,0,3,9,0,12,0,7,16,0,23,26,0,26,49
03/11/2014,SFF,WA,ANM,WE,Federal Contract Tower,0,2,18,0,20,0,21,73,0,94,0,23,91,0,114,25,0,25,139
03/12/2014,SFF,WA,ANM,WE,Federal Contract Tower,0,2,17,0,19,0,12,111,0,123,0,14,128,0,142,124,0,124,266
03/13/2014,SFF,WA,ANM,WE,Federal Contract Tower,0,0,9,0,9,0,17,90,0,107,0,17,99,0,116,89,0,89,205
03/14/2014,SFF,WA,ANM,WE,Federal Contract Tower,0,4,8,0,12,0,5,3,0,8,0,9,11,0,20,0,0,0,20
03/15/2014,SFF,WA,ANM,WE,Federal Contract Tower,0,1,3,0,4,0,12,58,2,72,0,13,61,2,76,64,8,72,148
03/16/2014,SFF,WA,ANM,WE,Federal Contract Tower,0,4,3,0,7,0,5,6,0,11,0,9,9,0,18,22,0,22,40
03/17/2014,SFF,WA,ANM,WE,Federal Contract Tower,0,0,14,0,14,0,1,39,0,40,0,1,53,0,54,8,0,8,62
03/18/2014,SFF,WA,ANM,WE,Federal Contract Tower,0,2,16,0,18,0,9,97,0,106,0,11,113,0,124,144,2,146,270
03/19/2014,SFF,WA,ANM,WE,Federal Contract Tower,0,0,14,0,14,0,6,33,0,39,0,6,47,0,53,26,0,26,79
03/20/2014,SFF,WA,ANM,WE,Federal Contract Tower,0,6,26,2,34,0,7,59,0,66,0,13,85,2,100,49,0,49,149
03/21/2014,SFF,WA,ANM,WE,Federal Contract Tower,0,2,16,0,18,0,11,76,0,87,0,13,92,0,105,64,0,64,169
03/22/2014,SFF,WA,ANM,WE,Federal Contract Tower,0,1,2,0,3,0,7,62,0,69,0,8,64,0,72,24,0,24,96
03/23/2014,SFF,WA,ANM,WE,Federal Contract Tower,0,0,4,0,4,0,4,78,0,82,0,4,82,0,86,22,0,22,108
03/24/2014,SFF,WA,ANM,WE,Federal Contract Tower,0,0,17,0,17,0,19,80,0,99,0,19,97,0,116,58,0,58,174
03/25/2014,SFF,WA,ANM,WE,Federal Contract Tower,0,1,12,1,14,0,2,55,0,57,0,3,67,1,71,126,0,126,197
03/26/2014,SFF,WA,ANM,WE,Federal Contract Tower,0,2,23,0,25,0,9,51,0,60,0,11,74,0,85,120,0,120,205
03/27/2014,SFF,WA,ANM,WE,Federal Contract Tower,0,2,8,0,10,0,6,23,0,29,0,8,31,0,39,117,0,117,156
03/28/2014,SFF,WA,ANM,WE,Federal Contract Tower,0,2,13,0,15,0,2,37,0,39,0,4,50,0,54,77,0,77,131
03/29/2014,SFF,WA,ANM,WE,Federal Contract Tower,0,1,3,0,4,0,9,14,0,23,0,10,17,0,27,49,0,49,76
03/30/2014,SFF,WA,ANM,WE,Federal Contract Tower,0,5,1,0,6,0,5,17,0,22,0,10,18,0,28,18,0,18,46
03/31/2014,SFF,WA,ANM,WE,Federal Contract Tower,0,0,18,0,18,0,6,72,0,78,0,6,90,0,96,69,0,69,165
04/01/2014,SFF,WA,ANM,WE,Federal Contract Tower,0,2,15,0,17,0,12,111,0,123,0,14,126,0,140,98,0,98,238
04/02/2014,SFF,WA,ANM,WE,Federal Contract Tower,0,3,30,0,33,0,12,73,0,85,0,15,103,0,118,75,0,75,193
04/03/2014,SFF,WA,ANM,WE,Federal Contract Tower,0,2,39,0,41,0,3,55,0,58,0,5,94,0,99,55,0,55,154
04/04/2014,SFF,WA,ANM,WE,Federal Contract Tower,0,1,10,0,11,0,5,23,0,28,0,6,33,0,39,58,0,58,97
04/05/2014,SFF,WA,ANM,WE,Federal Contract Tower,0,4,6,0,10,0,10,27,0,37,0,14,33,0,47,40,0,40,87
04/06/2014,SFF,WA,ANM,WE,Federal Contract Tower,0,2,3,0,5,0,9,25,0,34,0,11,28,0,39,15,0,15,54
04/07/2014,SFF,WA,ANM,WE,Federal Contract Tower,0,1,12,0,13,0,12,95,0,107,0,13,107,0,120,54,0,54,174
04/08/2014,SFF,WA,ANM,WE,Federal Contract Tower,0,0,13,0,13,0,3,39,0,42,0,3,52,0,55,82,0,82,137
04/09/2014,SFF,WA,ANM,WE,Federal Contract Tower,0,1,21,0,22,0,9,68,0,77,0,10,89,0,99,94,0,94,193
04/10/2014,SFF,WA,ANM,WE,Federal Contract Tower,0,1,24,0,25,0,5,88,0,93,0,6,112,0,118,51,0,51,169
04/11/2014,SFF,WA,ANM,WE,Federal Contract Tower,0,0,10,0,10,0,5,56,0,61,0,5,66,0,71,54,0,54,125
04/12/2014,SFF,WA,ANM,WE,Federal Contract Tower,0,2,4,0,6,0,13,62,0,75,0,15,66,0,81,58,0,58,139
04/13/2014,SFF,WA,ANM,WE,Federal Contract Tower,0,0,7,0,7,0,9,97,0,106,0,9,104,0,113,80,0,80,193
04/14/2014,SFF,WA,ANM,WE,Federal Contract Tower,0,17,0,0,17,0,14,75,0,89,0,31,75,0,106,114,0,114,220
04/15/2014,SFF,WA,ANM,WE,Federal Contract Tower,0,0,11,0,11,0,8,35,0,43,0,8,46,0,54,92,0,92,146
04/16/2014,SFF,WA,ANM,WE,Federal Contract Tower,0,4,8,0,12,0,8,26,0,34,0,12,34,0,46,134,0,134,180
04/17/2014,SFF,WA,ANM,WE,Federal Contract Tower,0,1,12,0,13,0,3,10,0,13,0,4,22,0,26,18,0,18,44
04/18/2014,SFF,WA,ANM,WE,Federal Contract Tower,0,3,14,0,17,0,12,34,0,46,0,15,48,0,63,94,0,94,157
04/19/2014,SFF,WA,ANM,WE,Federal Contract Tower,0,2,6,0,8,0,12,50,0,62,0,14,56,0,70,66,0,66,136
04/20/2014,SFF,WA,ANM,WE,Federal Contract Tower,0,0,7,0,7,0,6,41,0,47,0,6,48,0,54,12,0,12,66
04/21/2014,SFF,WA,ANM,WE,Federal Contract Tower,0,14,0,0,14,0,13,51,0,64,0,27,51,0,78,22,0,22,100
04/22/2014,SFF,WA,ANM,WE,Federal Contract Tower,0,3,6,0,9,0,7,4,0,11,0,10,10,0,20,40,0,40,60
04/23/2014,SFF,WA,ANM,WE,Federal Contract Tower,0,6,9,0,15,0,15,34,0,49,0,21,43,0,64,58,0,58,122
04/24/2014,SFF,WA,ANM,WE,Federal Contract Tower,0,1,7,0,8,0,11,8,0,19,0,12,15,0,27,70,0,70,97
04/25/2014,SFF,WA,ANM,WE,Federal Contract Tower,0,2,29,0,31,0,9,37,0,46,0,11,66,0,77,157,0,157,234
04/26/2014,SFF,WA,ANM,WE,Federal Contract Tower,0,2,7,0,9,0,12,30,0,42,0,14,37,0,51,114,0,114,165
04/27/2014,SFF,WA,ANM,WE,Federal Contract Tower,0,2,2,0,4,0,4,5,0,9,0,6,7,0,13,0,0,0,13
04/28/2014,SFF,WA,ANM,WE,Federal Contract Tower,0,0,36,0,36,0,4,63,0,67,0,4,99,0,103,100,0,100,203
04/29/2014,SFF,WA,ANM,WE,Federal Contract Tower,0,0,17,0,17,0,11,129,0,140,0,11,146,0,157,146,0,146,303
04/30/2014,SFF,WA,ANM,WE,Federal Contract Tower,0,0,11,0,11,0,9,110,0,119,0,9,121,0,130,176,0,176,306
05/01/2014,SFF,WA,ANM,WE,Federal Contract Tower,0,0,20,0,20,0,22,107,0,129,0,22,127,0,149,120,0,120,269
05/02/2014,SFF,WA,ANM,WE,Federal Contract Tower,0,0,12,0,12,0,9,69,0,78,0,9,81,0,90,179,0,179,269
05/03/2014,SFF,WA,ANM,WE,Federal Contract Tower,0,6,2,0,8,0,10,23,0,33,0,16,25,0,41,8,0,8,49
05/04/2014,SFF,WA,ANM,WE,Federal Contract Tower,0,2,1,4,7,0,7,16,0,23,0,9,17,4,30,12,0,12,42
05/05/2014,SFF,WA,ANM,WE,Federal Contract Tower,0,0,16,0,16,0,3,34,0,37,0,3,50,0,53,80,0,80,133
05/06/2014,SFF,WA,ANM,WE,Federal Contract Tower,0,2,23,0,25,0,9,71,0,80,0,11,94,0,105,48,0,48,153
05/07/2014,SFF,WA,ANM,WE,Federal Contract Tower,0,1,19,0,20,0,6,108,0,114,0,7,127,0,134,244,0,244,378
05/08/2014,SFF,WA,ANM,WE,Federal Contract Tower,0,0,22,0,22,0,9,69,0,78,0,9,91,0,100,122,1,123,223
05/09/2014,SFF,WA,ANM,WE,Federal Contract Tower,0,6,8,0,14,0,8,23,0,31,0,14,31,0,45,48,0,48,93
05/10/2014,SFF,WA,ANM,WE,Federal Contract Tower,0,9,9,0,18,0,10,37,0,47,0,19,46,0,65,84,0,84,149
05/11/2014,SFF,WA,ANM,WE,Federal Contract Tower,0,3,7,0,10,0,6,37,0,43,0,9,44,0,53,10,0,10,63
05/12/2014,SFF,WA,ANM,WE,Federal Contract Tower,0,0,20,0,20,0,10,102,0,112,0,10,122,0,132,152,0,152,284
05/13/2014,SFF,WA,ANM,WE,Federal Contract Tower,0,13,0,0,13,0,12,105,0,117,0,25,105,0,130,160,0,160,290
05/14/2014,SFF,WA,ANM,WE,Federal Contract Tower,0,17,0,0,17,0,5,96,0,101,0,22,96,0,118,114,0,114,232
05/15/2014,SFF,WA,ANM,WE,Federal Contract Tower,0,1,9,0,10,0,10,100,0,110,0,11,109,0,120,146,0,146,266
05/16/2014,SFF,WA,ANM,WE,Federal Contract Tower,0,1,17,0,18,0,9,67,0,76,0,10,84,0,94,116,0,116,210
05/17/2014,SFF,WA,ANM,WE,Federal Contract Tower,0,6,7,0,13,0,7,134,0,141,0,13,141,0,154,31,0,31,185
05/18/2014,SFF,WA,ANM,WE,Federal Contract Tower,0,4,5,0,9,0,16,37,0,53,0,20,42,0,62,12,0,12,74
05/19/2014,SFF,WA,ANM,WE,Federal Contract Tower,0,3,14,0,17,0,4,76,0,80,0,7,90,0,97,156,0,156,253
05/20/2014,SFF,WA,ANM,WE,Federal Contract Tower,0,1,10,0,11,0,13,77,0,90,0,14,87,0,101,62,0,62,163
05/21/2014,SFF,WA,ANM,WE,Federal Contract Tower,0,1,14,0,15,0,23,113,0,136,0,24,127,0,151,94,0,94,245
05/22/2014,SFF,WA,ANM,WE,Federal Contract Tower,0,0,13,0,13,0,9,111,0,120,0,9,124,0,133,116,0,116,249
05/23/2014,SFF,WA,ANM,WE,Federal Contract Tower,0,3,6,0,9,0,16,46,0,62,0,19,52,0,71,118,0,118,189
05/24/2014,SFF,WA,ANM,WE,Federal Contract Tower,0,2,12,0,14,0,13,76,0,89,0,15,88,0,103,72,0,72,175
05/25/2014,SFF,WA,ANM,WE,Federal Contract Tower,0,1,1,0,2,0,9,50,0,59,0,10,51,0,61,16,0,16,77
05/26/2014,SFF,WA,ANM,WE,Federal Contract Tower,0,0,8,0,8,0,5,58,0,63,0,5,66,0,71,62,0,62,133
05/27/2014,SFF,WA,ANM,WE,Federal Contract Tower,0,2,10,0,12,0,18,109,0,127,0,20,119,0,139,126,0,126,265
05/28/2014,SFF,WA,ANM,WE,Federal Contract Tower,0,2,9,0,11,0,4,52,0,56,0,6,61,0,67,148,0,148,215
05/29/2014,SFF,WA,ANM,WE,Federal Contract Tower,0,0,11,0,11,0,3,69,0,72,0,3,80,0,83,162,0,162,245
05/30/2014,SFF,WA,ANM,WE,Federal Contract Tower,0,1,13,0,14,0,13,129,0,142,0,14,142,0,156,226,0,226,382
05/31/2014,SFF,WA,ANM,WE,Federal Contract Tower,0,2,10,0,12,0,21,87,0,108,0,23,97,0,120,26,0,26,146
06/01/2014,SFF,WA,ANM,WE,Federal Contract Tower,0,0,11,0,11,0,14,77,0,91,0,14,88,0,102,20,0,20,122
06/02/2014,SFF,WA,ANM,WE,Federal Contract Tower,0,0,9,0,9,0,11,80,0,91,0,11,89,0,100,147,0,147,247
06/03/2014,SFF,WA,ANM,WE,Federal Contract Tower,0,2,15,0,17,0,6,77,0,83,0,8,92,0,100,74,0,74,174
06/04/2014,SFF,WA,ANM,WE,Federal Contract Tower,0,0,15,0,15,0,3,91,0,94,0,3,106,0,109,187,0,187,296
06/05/2014,SFF,WA,ANM,WE,Federal Contract Tower,0,1,8,1,10,0,8,86,2,96,0,9,94,3,106,195,2,197,303
06/06/2014,SFF,WA,ANM,WE,Federal Contract Tower,0,0,11,0,11,0,10,110,0,120,0,10,121,0,131,185,0,185,316
06/07/2014,SFF,WA,ANM,WE,Federal Contract Tower,0,3,5,0,8,0,3,253,0,256,0,6,258,0,264,28,0,28,292
06/08/2014,SFF,WA,ANM,WE,Federal Contract Tower,0,1,7,0,8,0,3,41,0,44,0,4,48,0,52,50,0,50,102
06/09/2014,SFF,WA,ANM,WE,Federal Contract Tower,0,0,7,1,8,0,11,68,0,79,0,11,75,1,87,85,0,85,172
06/10/2014,SFF,WA,ANM,WE,Federal Contract Tower,0,1,3,0,4,0,7,66,0,73,0,8,69,0,77,96,0,96,173
06/11/2014,SFF,WA,ANM,WE,Federal Contract Tower,0,23,0,0,23,0,3,121,0,124,0,26,121,0,147,248,0,248,395
06/12/2014,SFF,WA,ANM,WE,Federal Contract Tower,0,0,9,0,9,0,7,64,0,71,0,7,73,0,80,208,0,208,288
06/13/2014,SFF,WA,ANM,WE,Federal Contract Tower,0,5,11,0,16,0,4,37,0,41,0,9,48,0,57,118,0,118,175
06/14/2014,SFF,WA,ANM,WE,Federal Contract Tower,0,5,4,0,9,0,0,15,0,15,0,5,19,0,24,27,0,27,51
06/15/2014,SFF,WA,ANM,WE,Federal Contract Tower,0,2,6,0,8,0,7,33,0,40,0,9,39,0,48,8,0,8,56
06/16/2014,SFF,WA,ANM,WE,Federal Contract Tower,0,2,7,2,11,0,6,58,2,66,0,8,65,4,77,92,0,92,169
06/17/2014,SFF,WA,ANM,WE,Federal Contract Tower,0,4,6,0,10,0,0,0,0,0,0,4,6,0,10,6,0,6,16
06/18/2014,SFF,WA,ANM,WE,Federal Contract Tower,0,2,10,0,12,0,3,31,0,34,0,5,41,0,46,90,0,90,136
06/19/2014,SFF,WA,ANM,WE,Federal Contract Tower,0,1,4,0,5,0,6,103,0,109,0,7,107,0,114,126,0,126,240
06/20/2014,SFF,WA,ANM,WE,Federal Contract Tower,0,3,9,0,12,0,8,75,0,83,0,11,84,0,95,166,0,166,261
06/21/2014,SFF,WA,ANM,WE,Federal Contract Tower,0,2,3,0,5,0,10,127,0,137,0,12,130,0,142,99,0,99,241
06/22/2014,SFF,WA,ANM,WE,Federal Contract Tower,0,0,5,0,5,0,9,84,0,93,0,9,89,0,98,44,0,44,142
06/23/2014,SFF,WA,ANM,WE,Federal Contract Tower,0,2,14,0,16,0,3,97,0,100,0,5,111,0,116,181,0,181,297
06/24/2014,SFF,WA,ANM,WE,Federal Contract Tower,0,0,8,0,8,0,6,71,0,77,0,6,79,0,85,108,0,108,193
06/25/2014,SFF,WA,ANM,WE,Federal Contract Tower,0,0,12,0,12,0,7,109,0,116,0,7,121,0,128,208,0,208,336
06/26/2014,SFF,WA,ANM,WE,Federal Contract Tower,0,5,8,3,16,0,13,36,0,49,0,18,44,3,65,118,0,118,183
06/27/2014,SFF,WA,ANM,WE,Federal Contract Tower,0,0,19,0,19,0,11,31,0,42,0,11,50,0,61,100,0,100,161
06/28/2014,SFF,WA,ANM,WE,Federal Contract Tower,0,3,8,0,11,0,7,49,1,57,0,10,57,1,68,20,0,20,88
06/29/2014,SFF,WA,ANM,WE,Federal Contract Tower,0,5,5,0,10,0,13,42,0,55,0,18,47,0,65,73,0,73,138
06/30/2014,SFF,WA,ANM,WE,Federal Contract Tower,0,1,9,0,10,0,6,91,0,97,0,7,100,0,107,138,0,138,245
07/01/2014,SFF,WA,ANM,WE,Federal Contract Tower,0,0,2,0,2,0,8,60,0,68,0,8,62,0,70,47,0,47,117
07/02/2014,SFF,WA,ANM,WE,Federal Contract Tower,0,0,8,0,8,0,9,79,0,88,0,9,87,0,96,54,0,54,150
07/03/2014,SFF,WA,ANM,WE,Federal Contract Tower,0,2,10,0,12,0,8,81,0,89,0,10,91,0,101,69,0,69,170
07/04/2014,SFF,WA,ANM,WE,Federal Contract Tower,0,1,2,0,3,0,8,64,0,72,0,9,66,0,75,50,0,50,125
07/05/2014,SFF,WA,ANM,WE,Federal Contract Tower,0,2,6,0,8,0,20,51,0,71,0,22,57,0,79,50,0,50,129
07/06/2014,SFF,WA,ANM,WE,Federal Contract Tower,0,1,7,0,8,0,20,68,0,88,0,21,75,0,96,26,0,26,122
07/07/2014,SFF,WA,ANM,WE,Federal Contract Tower,0,2,7,2,11,0,9,80,0,89,0,11,87,2,100,75,0,75,175
07/08/2014,SFF,WA,ANM,WE,Federal Contract Tower,0,2,13,0,15,0,18,72,0,90,0,20,85,0,105,69,0,69,174
07/09/2014,SFF,WA,ANM,WE,Federal Contract Tower,0,2,8,1,11,0,13,79,1,93,0,15,87,2,104,104,0,104,208
07/10/2014,SFF,WA,ANM,WE,Federal Contract Tower,0,1,5,0,6,0,17,65,0,82,0,18,70,0,88,66,0,66,154
07/11/2014,SFF,WA,ANM,WE,Federal Contract Tower,0,3,4,0,7,0,11,77,0,88,0,14,81,0,95,96,0,96,191
07/12/2014,SFF,WA,ANM,WE,Federal Contract Tower,0,5,8,0,13,0,17,85,0,102,0,22,93,0,115,78,0,78,193
07/13/2014,SFF,WA,ANM,WE,Federal Contract Tower,0,3,3,0,6,0,6,52,0,58,0,9,55,0,64,16,0,16,80
07/14/2014,SFF,WA,ANM,WE,Federal Contract Tower,0,1,6,0,7,0,4,51,0,55,0,5,57,0,62,12,0,12,74
07/15/2014,SFF,WA,ANM,WE,Federal Contract Tower,0,1,7,2,10,0,6,65,0,71,0,7,72,2,81,64,2,66,147
07/16/2014,SFF,WA,ANM,WE,Federal Contract Tower,0,0,5,0,5,0,10,77,0,87,0,10,82,0,92,44,0,44,136
07/17/2014,SFF,WA,ANM,WE,Federal Contract Tower,0,4,6,2,12,0,8,49,0,57,0,12,55,2,69,88,0,88,157
07/18/2014,SFF,WA,ANM,WE,Federal Contract Tower,0,2,11,0,13,0,10,51,0,61,0,12,62,0,74,36,0,36,110
07/19/2014,SFF,WA,ANM,WE,Federal Contract Tower,0,7,8,0,15,0,12,63,0,75,0,19,71,0,90,22,0,22,112
07/20/2014,SFF,WA,ANM,WE,Federal Contract Tower,0,3,12,0,15,0,14,59,0,73,0,17,71,0,88,10,0,10,98
07/21/2014,SFF,WA,ANM,WE,Federal Contract Tower,0,2,9,0,11,0,11,85,0,96,0,13,94,0,107,164,0,164,271
07/22/2014,SFF,WA,ANM,WE,Federal Contract Tower,0,1,5,0,6,0,7,56,0,63,0,8,61,0,69,56,0,56,125
07/23/2014,SFF,WA,ANM,WE,Federal Contract Tower,0,3,3,0,6,0,15,72,0,87,0,18,75,0,93,94,0,94,187
07/24/2014,SFF,WA,ANM,WE,Federal Contract Tower,0,2,6,4,12,0,11,41,0,52,0,13,47,4,64,0,0,0,64
07/25/2014,SFF,WA,ANM,WE,Federal Contract Tower,0,5,12,0,17,0,8,112,0,120,0,13,124,0,137,63,0,63,200
07/26/2014,SFF,WA,ANM,WE,Federal Contract Tower,0,3,3,0,6,0,8,88,0,96,0,11,91,0,102,12,0,12,114
07/27/2014,SFF,WA,ANM,WE,Federal Contract Tower,0,1,3,0,4,0,1,85,0,86,0,2,88,0,90,58,0,58,148
07/28/2014,SFF,WA,ANM,WE,Federal Contract Tower,0,0,11,0,11,0,3,99,0,102,0,3,110,0,113,84,0,84,197
07/29/2014,SFF,WA,ANM,WE,Federal Contract Tower,0,3,6,0,9,0,17,71,2,90,0,20,77,2,99,99,4,103,202
07/30/2014,SFF,WA,ANM,WE,Federal Contract Tower,0,1,6,0,7,0,13,80,0,93,0,14,86,0,100,160,0,160,260
07/31/2014,SFF,WA,ANM,WE,Federal Contract Tower,0,4,11,0,15,0,17,114,0,131,0,21,125,0,146,150,0,150,296
08/01/2014,SFF,WA,ANM,WE,Federal Contract Tower,0,3,2,0,5,0,6,86,0,92,0,9,88,0,97,188,0,188,285
08/02/2014,SFF,WA,ANM,WE,Federal Contract Tower,0,2,4,0,6,0,10,112,0,122,0,12,116,0,128,14,0,14,142
08/03/2014,SFF,WA,ANM,WE,Federal Contract Tower,0,0,3,0,3,0,11,60,0,71,0,11,63,0,74,36,0,36,110
08/04/2014,SFF,WA,ANM,WE,Federal Contract Tower,0,4,3,0,7,0,10,71,0,81,0,14,74,0,88,183,0,183,271
08/05/2014,SFF,WA,ANM,WE,Federal Contract Tower,0,2,6,0,8,0,10,84,0,94,0,12,90,0,102,148,0,148,250
08/06/2014,SFF,WA,ANM,WE,Federal Contract Tower,0,0,11,0,11,0,12,88,0,100,0,12,99,0,111,227,0,227,338
08/07/2014,SFF,WA,ANM,WE,Federal Contract Tower,0,1,11,0,12,0,4,86,0,90,0,5,97,0,102,214,0,214,316
08/08/2014,SFF,WA,ANM,WE,Federal Contract Tower,0,0,5,0,5,0,10,82,0,92,0,10,87,0,97,196,0,196,293
08/09/2014,SFF,WA,ANM,WE,Federal Contract Tower,0,1,7,0,8,0,6,74,0,80,0,7,81,0,88,52,0,52,140
08/10/2014,SFF,WA,ANM,WE,Federal Contract Tower,0,3,2,0,5,0,6,68,0,74,0,9,70,0,79,10,0,10,89
08/11/2014,SFF,WA,ANM,WE,Federal Contract Tower,0,0,6,0,6,0,6,101,0,107,0,6,107,0,113,136,0,136,249
08/12/2014,SFF,WA,ANM,WE,Federal Contract Tower,0,1,11,0,12,0,6,39,0,45,0,7,50,0,57,128,0,128,185
08/13/2014,SFF,WA,ANM,WE,Federal Contract Tower,0,3,12,0,15,0,7,65,0,72,0,10,77,0,87,255,0,255,342
08/14/2014,SFF,WA,ANM,WE,Federal Contract Tower,0,3,12,0,15,0,10,84,0,94,0,13,96,0,109,184,0,184,293
08/15/2014,SFF,WA,ANM,WE,Federal Contract Tower,0,5,31,0,36,0,4,125,1,130,0,9,156,1,166,96,3,99,265
08/16/2014,SFF,WA,ANM,WE,Federal Contract Tower,0,1,33,0,34,0,6,377,0,383,0,7,410,0,417,34,0,34,451
08/17/2014,SFF,WA,ANM,WE,Federal Contract Tower,0,1,15,0,16,0,8,161,0,169,0,9,176,0,185,45,0,45,230
08/18/2014,SFF,WA,ANM,WE,Federal Contract Tower,0,0,10,0,10,0,11,110,0,121,0,11,120,0,131,154,0,154,285
08/19/2014,SFF,WA,ANM,WE,Federal Contract Tower,0,2,15,0,17,0,13,99,0,112,0,15,114,0,129,163,2,165,294
08/20/2014,SFF,WA,ANM,WE,Federal Contract Tower,0,1,9,0,10,0,12,66,0,78,0,13,75,0,88,82,0,82,170
08/21/2014,SFF,WA,ANM,WE,Federal Contract Tower,0,1,8,0,9,0,11,76,0,87,0,12,84,0,96,154,0,154,250
08/22/2014,SFF,WA,ANM,WE,Federal Contract Tower,0,2,11,0,13,0,3,46,0,49,0,5,57,0,62,105,0,105,167
08/23/2014,SFF,WA,ANM,WE,Federal Contract Tower,0,3,7,0,10,0,5,75,0,80,0,8,82,0,90,54,0,54,144
08/24/2014,SFF,WA,ANM,WE,Federal Contract Tower,0,0,4,0,4,0,8,60,0,68,0,8,64,0,72,38,0,38,110
08/25/2014,SFF,WA,ANM,WE,Federal Contract Tower,0,1,10,0,11,0,13,83,0,96,0,14,93,0,107,202,0,202,309
08/26/2014,SFF,WA,ANM,WE,Federal Contract Tower,0,0,3,0,3,0,12,86,0,98,0,12,89,0,101,144,0,144,245
08/27/2014,SFF,WA,ANM,WE,Federal Contract Tower,0,1,13,0,14,0,21,112,0,133,0,22,125,0,147,142,0,142,289
08/28/2014,SFF,WA,ANM,WE,Federal Contract Tower,0,5,17,0,22,0,14,99,0,113,0,19,116,0,135,106,0,106,241
08/29/2014,SFF,WA,ANM,WE,Federal Contract Tower,0,1,5,0,6,0,3,89,0,92,0,4,94,0,98,118,0,118,216
08/30/2014,SFF,WA,ANM,WE,Federal Contract Tower,0,5,3,0,8,0,7,51,0,58,0,12,54,0,66,20,0,20,86
08/31/2014,SFF,WA,ANM,WE,Federal Contract Tower,0,2,2,0,4,0,12,44,0,56,0,14,46,0,60,10,0,10,70
09/01/2014,SFF,WA,ANM,WE,Federal Contract Tower,0,1,5,0,6,0,1,70,0,71,0,2,75,0,77,32,0,32,109
09/02/2014,SFF,WA,ANM,WE,Federal Contract Tower,0,2,8,2,12,0,16,83,0,99,0,18,91,2,111,130,0,130,241
09/03/2014,SFF,WA,ANM,WE,Federal Contract Tower,0,2,5,0,7,0,8,20,0,28,0,10,25,0,35,205,0,205,240
09/04/2014,SFF,WA,ANM,WE,Federal Contract Tower,0,3,4,0,7,0,16,75,0,91,0,19,79,0,98,188,0,188,286
09/05/2014,SFF,WA,ANM,WE,Federal Contract Tower,0,0,10,0,10,0,7,125,0,132,0,7,135,0,142,176,0,176,318
09/06/2014,SFF,WA,ANM,WE,Federal Contract Tower,0,5,7,0,12,0,14,125,0,139,0,19,132,0,151,142,0,142,293
09/07/2014,SFF,WA,ANM,WE,Federal Contract Tower,0,1,3,0,4,0,9,0,0,9,0,10,3,0,13,90,0,90,103
09/08/2014,SFF,WA,ANM,WE,Federal Contract Tower,0,5,9,2,16,0,9,75,0,84,0,14,84,2,100,78,0,78,178
09/09/2014,SFF,WA,ANM,WE,Federal Contract Tower,0,0,8,0,8,0,5,92,0,97,0,5,100,0,105,277,0,277,382
09/10/2014,SFF,WA,ANM,WE,Federal Contract Tower,0,0,16,0,16,0,13,60,0,73,0,13,76,0,89,123,0,123,212
09/11/2014,SFF,WA,ANM,WE,Federal Contract Tower,0,1,10,0,11,0,10,72,0,82,0,11,82,0,93,120,0,120,213
09/12/2014,SFF,WA,ANM,WE,Federal Contract Tower,0,1,11,0,12,0,15,97,0,112,0,16,108,0,124,194,0,194,318
09/13/2014,SFF,WA,ANM,WE,Federal Contract Tower,0,2,9,0,11,0,5,77,0,82,0,7,86,0,93,26,0,26,119
09/14/2014,SFF,WA,ANM,WE,Federal Contract Tower,0,0,3,0,3,0,9,65,0,74,0,9,68,0,77,40,0,40,117
09/15/2014,SFF,WA,ANM,WE,Federal Contract Tower,0,0,3,0,3,0,13,79,0,92,0,13,82,0,95,134,0,134,229
09/16/2014,SFF,WA,ANM,WE,Federal Contract Tower,0,2,5,0,7,0,3,75,0,78,0,5,80,0,85,175,0,175,260
09/17/2014,SFF,WA,ANM,WE,Federal Contract Tower,0,1,15,0,16,0,4,76,0,80,0,5,91,0,96,271,0,271,367
09/18/2014,SFF,WA,ANM,WE,Federal Contract Tower,0,9,10,0,19,0,13,58,0,71,0,22,68,0,90,174,4,178,268
09/19/2014,SFF,WA,ANM,WE,Federal Contract Tower,0,1,16,0,17,0,24,78,0,102,0,25,94,0,119,91,0,91,210
09/20/2014,SFF,WA,ANM,WE,Federal Contract Tower,0,4,6,0,10,0,21,130,0,151,0,25,136,0,161,56,0,56,217
09/21/2014,SFF,WA,ANM,WE,Federal Contract Tower,0,0,9,0,9,0,7,70,0,77,0,7,79,0,86,30,0,30,116
09/22/2014,SFF,WA,ANM,WE,Federal Contract Tower,0,2,9,0,11,0,5,72,0,77,0,7,81,0,88,182,0,182,270
09/23/2014,SFF,WA,ANM,WE,Federal Contract Tower,0,3,10,1,14,0,5,49,0,54,0,8,59,1,68,232,0,232,300
09/24/2014,SFF,WA,ANM,WE,Federal Contract Tower,0,5,5,2,12,0,21,50,2,73,0,26,55,4,85,130,0,130,215
09/25/2014,SFF,WA,ANM,WE,Federal Contract Tower,0,6,12,0,18,0,7,72,0,79,0,13,84,0,97,214,0,214,311
09/26/2014,SFF,WA,ANM,WE,Federal Contract Tower,0,2,5,0,7,0,12,71,0,83,0,14,76,0,90,109,0,109,199
09/27/2014,SFF,WA,ANM,WE,Federal Contract Tower,0,4,10,0,14,0,8,74,0,82,0,12,84,0,96,20,0,20,116
09/28/2014,SFF,WA,ANM,WE,Federal Contract Tower,0,0,2,0,2,0,11,54,0,65,0,11,56,0,67,18,0,18,85
09/29/2014,SFF,WA,ANM,WE,Federal Contract Tower,0,3,6,0,9,0,6,48,0,54,0,9,54,0,63,190,0,190,253
09/30/2014,SFF,WA,ANM,WE,Federal Contract Tower,0,5,4,0,9,0,18,24,0,42,0,23,28,0,51,58,0,58,109
10/01/2014,SFF,WA,ANM,WE,Federal Contract Tower,0,5,7,0,12,0,8,74,0,82,0,13,81,0,94,173,0,173,267
10/02/2014,SFF,WA,ANM,WE,Federal Contract Tower,0,2,10,0,12,0,8,82,0,90,0,10,92,0,102,198,2,200,302
10/03/2014,SFF,WA,ANM,WE,Federal Contract Tower,0,1,7,0,8,0,8,70,0,78,0,9,77,0,86,82,0,82,168
10/04/2014,SFF,WA,ANM,WE,Federal Contract Tower,0,3,5,0,8,0,3,147,0,150,0,6,152,0,158,105,0,105,263
10/05/2014,SFF,WA,ANM,WE,Federal Contract Tower,0,3,3,0,6,0,7,77,0,84,0,10,80,0,90,116,0,116,206
10/06/2014,SFF,WA,ANM,WE,Federal Contract Tower,0,3,6,0,9,0,2,72,0,74,0,5,78,0,83,80,0,80,163
10/07/2014,SFF,WA,ANM,WE,Federal Contract Tower,0,4,11,0,15,0,7,91,0,98,0,11,102,0,113,124,0,124,237
10/08/2014,SFF,WA,ANM,WE,Federal Contract Tower,0,6,2,0,8,0,6,73,0,79,0,12,75,0,87,171,0,171,258
10/09/2014,SFF,WA,ANM,WE,Federal Contract Tower,0,0,8,0,8,0,8,99,0,107,0,8,107,0,115,180,0,180,295
10/10/2014,SFF,WA,ANM,WE,Federal Contract Tower,0,1,7,0,8,0,10,89,0,99,0,11,96,0,107,159,0,159,266
10/11/2014,SFF,WA,ANM,WE,Federal Contract Tower,0,5,3,0,8,0,9,20,3,32,0,14,23,3,40,19,0,19,59
10/12/2014,SFF,WA,ANM,WE,Federal Contract Tower,0,0,3,0,3,0,4,53,0,57,0,4,56,0,60,26,0,26,86
10/13/2014,SFF,WA,ANM,WE,Federal Contract Tower,0,1,4,0,5,0,11,75,0,86,0,12,79,0,91,94,0,94,185
10/14/2014,SFF,WA,ANM,WE,Federal Contract Tower,0,2,3,0,5,0,1,20,0,21,0,3,23,0,26,182,0,182,208
10/15/2014,SFF,WA,ANM,WE,Federal Contract Tower,0,4,12,0,16,0,3,22,0,25,0,7,34,0,41,62,0,62,103
10/16/2014,SFF,WA,ANM,WE,Federal Contract Tower,0,6,9,0,15,0,8,70,0,78,0,14,79,0,93,160,0,160,253
10/17/2014,SFF,WA,ANM,WE,Federal Contract Tower,0,4,4,0,8,0,6,63,0,69,0,10,67,0,77,90,0,90,167
10/18/2014,SFF,WA,ANM,WE,Federal Contract Tower,0,8,8,0,16,0,3,41,0,44,0,11,49,0,60,51,0,51,111
10/19/2014,SFF,WA,ANM,WE,Federal Contract Tower,0,0,5,0,5,0,9,96,0,105,0,9,101,0,110,26,0,26,136
10/20/2014,SFF,WA,ANM,WE,Federal Contract Tower,0,4,7,0,11,0,3,70,0,73,0,7,77,0,84,110,0,110,194
10/21/2014,SFF,WA,ANM,WE,Federal Contract Tower,0,2,6,0,8,0,1,19,0,20,0,3,25,0,28,194,0,194,222
10/22/2014,SFF,WA,ANM,WE,Federal Contract Tower,0,3,9,0,12,0,4,44,0,48,0,7,53,0,60,70,0,70,130
10/23/2014,SFF,WA,ANM,WE,Federal Contract Tower,0,1,6,0,7,0,6,8,0,14,0,7,14,0,21,72,0,72,93
10/24/2014,SFF,WA,ANM,WE,Federal Contract Tower,0,1,14,0,15,0,19,66,0,85,0,20,80,0,100,214,0,214,314
10/25/2014,SFF,WA,ANM,WE,Federal Contract Tower,0,4,3,0,7,0,4,48,0,52,0,8,51,0,59,76,0,76,135
10/26/2014,SFF,WA,ANM,WE,Federal Contract Tower,0,3,3,0,6,0,6,11,0,17,0,9,14,0,23,8,0,8,31
10/27/2014,SFF,WA,ANM,WE,Federal Contract Tower,0,4,3,0,7,0,8,41,0,49,0,12,44,0,56,169,0,169,225
10/28/2014,SFF,WA,ANM,WE,Federal Contract Tower,0,6,5,0,11,0,8,19,0,27,0,14,24,0,38,112,0,112,150
10/29/2014,SFF,WA,ANM,WE,Federal Contract Tower,0,4,13,0,17,0,0,32,0,32,0,4,45,0,49,85,0,85,134
10/30/2014,SFF,WA,ANM,WE,Federal Contract Tower,0,2,4,0,6,0,5,49,0,54,0,7,53,0,60,135,0,135,195
10/31/2014,SFF,WA,ANM,WE,Federal Contract Tower,0,8,11,0,19,0,0,10,0,10,0,8,21,0,29,46,0,46,75
11/01/2014,SFF,WA,ANM,WE,Federal Contract Tower,0,5,10,0,15,0,4,9,0,13,0,9,19,0,28,30,0,30,58
11/02/2014,SFF,WA,ANM,WE,Federal Contract Tower,0,1,13,0,14,0,9,114,0,123,0,10,127,0,137,77,0,77,214
11/03/2014,SFF,WA,ANM,WE,Federal Contract Tower,0,4,3,0,7,0,1,6,0,7,0,5,9,0,14,108,0,108,122
11/04/2014,SFF,WA,ANM,WE,Federal Contract Tower,0,2,10,0,12,0,1,3,0,4,0,3,13,0,16,14,0,14,30
11/05/2014,SFF,WA,ANM,WE,Federal Contract Tower,0,1,11,0,12,0,3,55,0,58,0,4,66,0,70,87,0,87,157
11/06/2014,SFF,WA,ANM,WE,Federal Contract Tower,0,5,15,0,20,0,8,27,0,35,0,13,42,0,55,74,0,74,129
11/07/2014,SFF,WA,ANM,WE,Federal Contract Tower,0,1,10,0,11,0,9,120,0,129,0,10,130,0,140,152,0,152,292
11/08/2014,SFF,WA,ANM,WE,Federal Contract Tower,0,0,4,0,4,0,4,56,0,60,0,4,60,0,64,70,0,70,134
11/09/2014,SFF,WA,ANM,WE,Federal Contract Tower,0,4,6,0,10,0,2,2,0,4,0,6,8,0,14,8,0,8,22
11/10/2014,SFF,WA,ANM,WE,Federal Contract Tower,0,5,8,0,13,0,7,56,0,63,0,12,64,0,76,95,0,95,171
11/11/2014,SFF,WA,ANM,WE,Federal Contract Tower,0,2,4,0,6,0,9,18,0,27,0,11,22,0,33,6,0,6,39
11/12/2014,SFF,WA,ANM,WE,Federal Contract Tower,0,2,2,1,5,0,6,58,2,66,0,8,60,3,71,123,0,123,194
11/13/2014,SFF,WA,ANM,WE,Federal Contract Tower,0,2,7,0,9,0,6,45,0,51,0,8,52,0,60,170,0,170,230
11/14/2014,SFF,WA,ANM,WE,Federal Contract Tower,0,1,3,0,4,0,4,98,0,102,0,5,101,0,106,194,0,194,300
11/15/2014,SFF,WA,ANM,WE,Federal Contract Tower,0,0,4,0,4,0,15,77,0,92,0,15,81,0,96,134,0,134,230
11/16/2014,SFF,WA,ANM,WE,Federal Contract Tower,0,4,6,0,10,0,4,11,0,15,0,8,17,0,25,45,0,45,70
11/17/2014,SFF,WA,ANM,WE,Federal Contract Tower,0,0,2,0,2,0,13,54,0,67,0,13,56,0,69,163,0,163,232
11/18/2014,SFF,WA,ANM,WE,Federal Contract Tower,0,2,7,0,9,0,11,59,0,70,0,13,66,0,79,160,0,160,239
11/19/2014,SFF,WA,ANM,WE,Federal Contract Tower,0,1,11,0,12,0,15,74,0,89,0,16,85,0,101,83,0,83,184
11/20/2014,SFF,WA,ANM,WE,Federal Contract Tower,0,3,8,0,11,0,2,0,0,2,0,5,8,0,13,0,0,0,13
11/21/2014,SFF,WA,ANM,WE,Federal Contract Tower,0,3,6,0,9,0,5,11,0,16,0,8,17,0,25,36,2,38,63
11/22/2014,SFF,WA,ANM,WE,Federal Contract Tower,0,3,2,0,5,0,6,24,0,30,0,9,26,0,35,16,0,16,51
11/23/2014,SFF,WA,ANM,WE,Federal Contract Tower,0,2,5,0,7,0,1,4,0,5,0,3,9,0,12,26,0,26,38
11/24/2014,SFF,WA,ANM,WE,Federal Contract Tower,0,3,10,0,13,0,2,44,0,46,0,5,54,0,59,153,0,153,212
11/25/2014,SFF,WA,ANM,WE,Federal Contract Tower,0,3,2,0,5,0,2,8,2,12,0,5,10,2,17,102,10,112,129
11/26/2014,SFF,WA,ANM,WE,Federal Contract Tower,0,2,13,0,15,0,0,3,0,3,0,2,16,0,18,16,0,16,34
11/27/2014,SFF,WA,ANM,WE,Federal Contract Tower,0,2,3,0,5,0,1,11,0,12,0,3,14,0,17,40,0,40,57
11/28/2014,SFF,WA,ANM,WE,Federal Contract Tower,0,0,2,0,2,0,0,6,0,6,0,0,8,0,8,0,0,0,8
11/29/2014,SFF,WA,ANM,WE,Federal Contract Tower,0,0,2,0,2,0,5,29,0,34,0,5,31,0,36,30,0,30,66
11/30/2014,SFF,WA,ANM,WE,Federal Contract Tower,0,1,9,0,10,0,13,86,0,99,0,14,95,0,109,49,0,49,158
12/01/2014,SFF,WA,ANM,WE,Federal Contract Tower,0,2,9,0,11,0,3,30,0,33,0,5,39,0,44,136,0,136,180
12/02/2014,SFF,WA,ANM,WE,Federal Contract Tower,0,0,7,0,7,0,10,68,0,78,0,10,75,0,85,102,0,102,187
12/03/2014,SFF,WA,ANM,WE,Federal Contract Tower,0,0,3,0,3,0,7,56,0,63,0,7,59,0,66,157,0,157,223
12/04/2014,SFF,WA,ANM,WE,Federal Contract Tower,0,6,0,0,6,0,0,1,0,1,0,6,1,0,7,0,0,0,7
12/05/2014,SFF,WA,ANM,WE,Federal Contract Tower,0,8,3,0,11,0,0,0,0,0,0,8,3,0,11,20,0,20,31
12/06/2014,SFF,WA,ANM,WE,Federal Contract Tower,0,0,2,0,2,0,2,6,0,8,0,2,8,0,10,52,0,52,62
12/07/2014,SFF,WA,ANM,WE,Federal Contract Tower,0,5,10,0,15,0,0,0,0,0,0,5,10,0,15,28,0,28,43
12/08/2014,SFF,WA,ANM,WE,Federal Contract Tower,0,1,9,0,10,0,3,58,0,61,0,4,67,0,71,142,0,142,213
12/09/2014,SFF,WA,ANM,WE,Federal Contract Tower,0,2,19,0,21,0,8,24,0,32,0,10,43,0,53,96,0,96,149
12/10/2014,SFF,WA,ANM,WE,Federal Contract Tower,0,7,14,0,21,0,7,33,0,40,0,14,47,0,61,80,0,80,141
12/11/2014,SFF,WA,ANM,WE,Federal Contract Tower,0,1,7,0,8,0,6,23,0,29,0,7,30,0,37,6,0,6,43
12/12/2014,SFF,WA,ANM,WE,Federal Contract Tower,0,5,3,0,8,0,5,18,2,25,0,10,21,2,33,57,6,63,96
12/13/2014,SFF,WA,ANM,WE,Federal Contract Tower,0,4,17,0,21,0,0,7,0,7,0,4,24,0,28,44,0,44,72
12/14/2014,SFF,WA,ANM,WE,Federal Contract Tower,0,3,5,0,8,0,11,62,0,73,0,14,67,0,81,24,0,24,105
12/15/2014,SFF,WA,ANM,WE,Federal Contract Tower,0,4,13,0,17,0,4,48,0,52,0,8,61,0,69,77,6,83,152
12/16/2014,SFF,WA,ANM,WE,Federal Contract Tower,0,4,5,0,9,0,4,29,0,33,0,8,34,0,42,50,0,50,92
12/17/2014,SFF,WA,ANM,WE,Federal Contract Tower,0,1,9,0,10,0,6,25,0,31,0,7,34,0,41,64,0,64,105
12/18/2014,SFF,WA,ANM,WE,Federal Contract Tower,0,2,9,0,11,0,1,24,0,25,0,3,33,0,36,68,0,68,104
12/19/2014,SFF,WA,ANM,WE,Federal Contract Tower,0,5,8,0,13,0,4,9,0,13,0,9,17,0,26,76,0,76,102
12/20/2014,SFF,WA,ANM,WE,Federal Contract Tower,0,3,3,0,6,0,0,7,0,7,0,3,10,0,13,50,0,50,63
12/21/2014,SFF,WA,ANM,WE,Federal Contract Tower,0,0,3,0,3,0,8,48,0,56,0,8,51,0,59,42,0,42,101
12/22/2014,SFF,WA,ANM,WE,Federal Contract Tower,0,0,6,0,6,0,3,59,0,62,0,3,65,0,68,96,0,96,164
12/23/2014,SFF,WA,ANM,WE,Federal Contract Tower,0,1,0,0,1,0,12,41,0,53,0,13,41,0,54,108,0,108,162
12/24/2014,SFF,WA,ANM,WE,Federal Contract Tower,0,7,5,0,12,0,2,5,0,7,0,9,10,0,19,22,0,22,41
12/25/2014,SFF,WA,ANM,WE,Federal Contract Tower,0,1,0,0,1,0,5,17,0,22,0,6,17,0,23,6,0,6,29
12/26/2014,SFF,WA,ANM,WE,Federal Contract Tower,0,7,1,0,8,0,0,0,0,0,0,7,1,0,8,0,0,0,8
12/27/2014,SFF,WA,ANM,WE,Federal Contract Tower,0,0,10,0,10,0,0,0,0,0,0,0,10,0,10,0,0,0,10
12/28/2014,SFF,WA,ANM,WE,Federal Contract Tower,0,6,10,0,16,0,0,0,0,0,0,6,10,0,16,14,0,14,30
12/29/2014,SFF,WA,ANM,WE,Federal Contract Tower,0,3,10,0,13,0,11,15,0,26,0,14,25,0,39,14,0,14,53
12/30/2014,SFF,WA,ANM,WE,Federal Contract Tower,0,0,3,0,3,0,9,37,0,46,0,9,40,0,49,0,94,94,143
12/31/2014,SFF,WA,ANM,WE,Federal Contract Tower,0,1,8,0,9,0,16,75,0,91,0,17,83,0,100,40,0,40,140
01/01/2015,SFF,WA,ANM,WE,Federal Contract Tower,0,2,0,0,2,0,3,36,0,39,0,5,36,0,41,28,0,28,69
01/02/2015,SFF,WA,ANM,WE,Federal Contract Tower,0,2,5,0,7,0,1,10,0,11,0,3,15,0,18,42,0,42,60
01/03/2015,SFF,WA,ANM,WE,Federal Contract Tower,0,6,6,0,12,0,2,2,0,4,0,8,8,0,16,0,0,0,16
01/04/2015,SFF,WA,ANM,WE,Federal Contract Tower,0,4,0,0,4,0,0,0,0,0,0,4,0,0,4,0,0,0,4
01/05/2015,SFF,WA,ANM,WE,Federal Contract Tower,0,3,3,0,6,0,0,0,0,0,0,3,3,0,6,0,0,0,6
01/06/2015,SFF,WA,ANM,WE,Federal Contract Tower,0,1,10,0,11,0,3,36,0,39,0,4,46,0,50,23,0,23,73
01/07/2015,SFF,WA,ANM,WE,Federal Contract Tower,0,5,26,0,31,0,0,1,0,1,0,5,27,0,32,0,0,0,32
01/08/2015,SFF,WA,ANM,WE,Federal Contract Tower,0,3,12,0,15,0,0,15,0,15,0,3,27,0,30,12,0,12,42
01/09/2015,SFF,WA,ANM,WE,Federal Contract Tower,0,3,10,0,13,0,8,61,0,69,0,11,71,0,82,72,0,72,154
01/10/2015,SFF,WA,ANM,WE,Federal Contract Tower,0,3,3,0,6,0,0,2,0,2,0,3,5,0,8,0,0,0,8
01/11/2015,SFF,WA,ANM,WE,Federal Contract Tower,0,2,6,0,8,0,1,14,0,15,0,3,20,0,23,8,0,8,31
01/12/2015,SFF,WA,ANM,WE,Federal Contract Tower,0,3,6,0,9,0,6,32,0,38,0,9,38,0,47,38,0,38,85
01/13/2015,SFF,WA,ANM,WE,Federal Contract Tower,0,4,37,0,41,0,0,0,0,0,0,4,37,0,41,17,0,17,58
01/14/2015,SFF,WA,ANM,WE,Federal Contract Tower,0,4,4,0,8,0,6,47,0,53,0,10,51,0,61,50,0,50,111
01/15/2015,SFF,WA,ANM,WE,Federal Contract Tower,0,4,8,0,12,0,6,14,2,22,0,10,22,2,34,36,0,36,70
01/16/2015,SFF,WA,ANM,WE,Federal Contract Tower,0,6,8,0,14,0,0,2,0,2,0,6,10,0,16,16,0,16,32
01/17/2015,SFF,WA,ANM,WE,Federal Contract Tower,0,4,4,0,8,0,0,4,0,4,0,4,8,0,12,44,0,44,56
01/18/2015,SFF,WA,ANM,WE,Federal Contract Tower,0,0,5,0,5,0,6,12,0,18,0,6,17,0,23,36,0,36,59
01/19/2015,SFF,WA,ANM,WE,Federal Contract Tower,0,4,9,0,13,0,4,37,0,41,0,8,46,0,54,126,0,126,180
01/20/2015,SFF,WA,ANM,WE,Federal Contract Tower,0,3,7,0,10,0,0,0,0,0,0,3,7,0,10,0,0,0,10
01/21/2015,SFF,WA,ANM,WE,Federal Contract Tower,0,4,11,0,15,0,6,41,0,47,0,10,52,0,62,68,0,68,130
01/22/2015,SFF,WA,ANM,WE,Federal Contract Tower,0,6,8,0,14,0,1,20,0,21,0,7,28,0,35,50,0,50,85
01/23/2015,SFF,WA,ANM,WE,Federal Contract Tower,0,5,14,0,19,0,0,7,0,7,0,5,21,0,26,20,0,20,46
01/24/2015,SFF,WA,ANM,WE,Federal Contract Tower,0,4,3,0,7,0,0,0,0,0,0,4,3,0,7,0,0,0,7
01/25/2015,SFF,WA,ANM,WE,Federal Contract Tower,0,0,8,0,8,0,13,83,0,96,0,13,91,0,104,146,0,146,250
01/26/2015,SFF,WA,ANM,WE,Federal Contract Tower,0,5,15,0,20,0,4,53,0,57,0,9,68,0,77,62,0,62,139
01/27/2015,SFF,WA,ANM,WE,Federal Contract Tower,0,6,10,0,16,0,1,16,0,17,0,7,26,0,33,81,0,81,114
01/28/2015,SFF,WA,ANM,WE,Federal Contract Tower,0,4,14,0,18,0,3,6,0,9,0,7,20,0,27,35,0,35,62
01/29/2015,SFF,WA,ANM,WE,Federal Contract Tower,0,8,18,0,26,0,3,49,0,52,0,11,67,0,78,90,0,90,168
01/30/2015,SFF,WA,ANM,WE,Federal Contract Tower,0,4,11,0,15,0,0,0,0,0,0,4,11,0,15,0,0,0,15
01/31/2015,SFF,WA,ANM,WE,Federal Contract Tower,0,4,11,0,15,0,0,12,0,12,0,4,23,0,27,110,0,110,137
02/01/2015,SFF,WA,ANM,WE,Federal Contract Tower,0,4,2,0,6,0,0,1,0,1,0,4,3,0,7,0,0,0,7
02/02/2015,SFF,WA,ANM,WE,Federal Contract Tower,0,8,21,0,29,0,0,0,0,0,0,8,21,0,29,0,0,0,29
02/03/2015,SFF,WA,ANM,WE,Federal Contract Tower,0,4,7,0,11,0,2,6,0,8,0,6,13,0,19,60,0,60,79
02/04/2015,SFF,WA,ANM,WE,Federal Contract Tower,0,1,25,0,26,0,0,22,2,24,0,1,47,2,50,79,0,79,129
02/05/2015,SFF,WA,ANM,WE,Federal Contract Tower,0,0,15,0,15,0,1,33,0,34,0,1,48,0,49,39,0,39,88
02/06/2015,SFF,WA,ANM,WE,Federal Contract Tower,0,4,5,2,11,0,4,19,0,23,0,8,24,2,34,58,0,58,92
02/07/2015,SFF,WA,ANM,WE,Federal Contract Tower,0,0,2,0,2,0,2,3,0,5,0,2,5,0,7,46,0,46,53
02/08/2015,SFF,WA,ANM,WE,Federal Contract Tower,0,0,9,0,9,0,1,100,0,101,0,1,109,0,110,135,0,135,245
02/09/2015,SFF,WA,ANM,WE,Federal Contract Tower,0,5,9,0,14,0,4,19,0,23,0,9,28,0,37,36,6,42,79
02/10/2015,SFF,WA,ANM,WE,Federal Contract Tower,0,3,28,0,31,0,5,2,0,7,0,8,30,0,38,42,0,42,80
02/11/2015,SFF,WA,ANM,WE,Federal Contract Tower,0,2,11,0,13,0,2,57,0,59,0,4,68,0,72,66,0,66,138
02/12/2015,SFF,WA,ANM,WE,Federal Contract Tower,0,3,10,0,13,0,6,67,0,73,0,9,77,0,86,97,0,97,183
02/13/2015,SFF,WA,ANM,WE,Federal Contract Tower,0,2,11,1,14,0,8,59,1,68,0,10,70,2,82,74,6,80,162
02/14/2015,SFF,WA,ANM,WE,Federal Contract Tower,0,7,24,0,31,0,0,11,0,11,0,7,35,0,42,46,0,46,88
02/15/2015,SFF,WA,ANM,WE,Federal Contract Tower,0,2,9,0,11,0,4,65,0,69,0,6,74,0,80,40,0,40,120
02/16/2015,SFF,WA,ANM,WE,Federal Contract Tower,0,2,14,0,16,0,4,104,0,108,0,6,118,0,124,102,0,102,226
02/17/2015,SFF,WA,ANM,WE,Federal Contract Tower,0,2,8,0,10,0,5,86,0,91,0,7,94,0,101,90,0,90,191
02/18/2015,SFF,WA,ANM,WE,Federal Contract Tower,0,5,19,0,24,0,8,69,0,77,0,13,88,0,101,91,0,91,192
02/19/2015,SFF,WA,ANM,WE,Federal Contract Tower,0,0,19,0,19,0,2,36,0,38,0,2,55,0,57,73,0,73,130
02/20/2015,SFF,WA,ANM,WE,Federal Contract Tower,0,6,2,0,8,0,3,24,0,27,0,9,26,0,35,52,0,52,87
02/21/2015,SFF,WA,ANM,WE,Federal Contract Tower,0,0,3,0,3,0,3,23,0,26,0,3,26,0,29,22,0,22,51
02/22/2015,SFF,WA,ANM,WE,Federal Contract Tower,0,7,8,0,15,0,9,76,0,85,0,16,84,0,100,42,0,42,142
02/23/2015,SFF,WA,ANM,WE,Federal Contract Tower,0,1,5,0,6,0,7,57,0,64,0,8,62,0,70,71,0,71,141
02/24/2015,SFF,WA,ANM,WE,Federal Contract Tower,0,2,3,0,5,0,8,59,0,67,0,10,62,0,72,92,0,92,164
02/25/2015,SFF,WA,ANM,WE,Federal Contract Tower,0,2,5,0,7,0,4,77,0,81,0,6,82,0,88,53,0,53,141
02/26/2015,SFF,WA,ANM,WE,Federal Contract Tower,0,2,14,0,16,0,4,42,0,46,0,6,56,0,62,35,0,35,97
02/27/2015,SFF,WA,ANM,WE,Federal Contract Tower,0,1,10,2,13,0,4,39,0,43,0,5,49,2,56,20,0,20,76
02/28/2015,SFF,WA,ANM,WE,Federal Contract Tower,0,0,13,0,13,0,10,37,0,47,0,10,50,0,60,95,0,95,155
03/01/2015,SFF,WA,ANM,WE,Federal Contract Tower,0,2,0,0,2,0,9,50,0,59,0,11,50,0,61,12,0,12,73
03/02/2015,SFF,WA,ANM,WE,Federal Contract Tower,0,0,13,0,13,0,1,48,0,49,0,1,61,0,62,8,0,8,70
03/03/2015,SFF,WA,ANM,WE,Federal Contract Tower,0,0,4,0,4,0,13,54,0,67,0,13,58,0,71,38,0,38,109
03/04/2015,SFF,WA,ANM,WE,Federal Contract Tower,0,2,9,0,11,0,6,47,0,53,0,8,56,0,64,88,0,88,152
03/05/2015,SFF,WA,ANM,WE,Federal Contract Tower,0,0,5,0,5,0,14,54,0,68,0,14,59,0,73,16,0,16,89
03/06/2015,SFF,WA,ANM,WE,Federal Contract Tower,0,0,14,0,14,0,6,94,0,100,0,6,108,0,114,91,0,91,205
03/07/2015,SFF,WA,ANM,WE,Federal Contract Tower,0,1,9,0,10,0,10,112,0,122,0,11,121,0,132,65,0,65,197
03/08/2015,SFF,WA,ANM,WE,Federal Contract Tower,0,1,6,0,7,0,8,87,0,95,0,9,93,0,102,43,0,43,145
03/09/2015,SFF,WA,ANM,WE,Federal Contract Tower,0,4,7,0,11,0,5,76,0,81,0,9,83,0,92,58,0,58,150
03/10/2015,SFF,WA,ANM,WE,Federal Contract Tower,0,2,15,0,17,0,13,92,0,105,0,15,107,0,122,126,0,126,248
03/11/2015,SFF,WA,ANM,WE,Federal Contract Tower,0,3,21,0,24,0,6,66,0,72,0,9,87,0,96,114,0,114,210
03/12/2015,SFF,WA,ANM,WE,Federal Contract Tower,0,0,13,0,13,0,16,36,0,52,0,16,49,0,65,32,0,32,97
03/13/2015,SFF,WA,ANM,WE,Federal Contract Tower,0,0,17,0,17,0,19,92,0,111,0,19,109,0,128,121,0,121,249
03/14/2015,SFF,WA,ANM,WE,Federal Contract Tower,0,9,3,0,12,0,13,10,0,23,0,22,13,0,35,22,0,22,57
03/15/2015,SFF,WA,ANM,WE,Federal Contract Tower,0,2,6,0,8,0,2,3,0,5,0,4,9,0,13,54,0,54,67
03/16/2015,SFF,WA,ANM,WE,Federal Contract Tower,0,0,13,0,13,0,0,86,0,86,0,0,99,0,99,138,0,138,237
03/17/2015,SFF,WA,ANM,WE,Federal Contract Tower,0,6,18,0,24,0,4,7,0,11,0,10,25,0,35,26,0,26,61
03/18/2015,SFF,WA,ANM,WE,Federal Contract Tower,0,3,23,0,26,0,5,53,0,58,0,8,76,0,84,176,0,176,260
03/19/2015,SFF,WA,ANM,WE,Federal Contract Tower,0,5,15,0,20,0,6,86,0,92,0,11,101,0,112,164,0,164,276
03/20/2015,SFF,WA,ANM,WE,Federal Contract Tower,0,1,13,0,14,0,17,79,0,96,0,18,92,0,110,50,0,50,160
03/21/2015,SFF,WA,ANM,WE,Federal Contract Tower,0,4,6,0,10,0,11,16,0,27,0,15,22,0,37,0,0,0,37
03/22/2015,SFF,WA,ANM,WE,Federal Contract Tower,0,0,5,0,5,0,6,73,0,79,0,6,78,0,84,64,0,64,148
03/23/2015,SFF,WA,ANM,WE,Federal Contract Tower,0,2,12,0,14,0,3,12,0,15,0,5,24,0,29,22,0,22,51
03/24/2015,SFF,WA,ANM,WE,Federal Contract Tower,0,3,6,0,9,0,0,29,0,29,0,3,35,0,38,140,0,140,178
03/25/2015,SFF,WA,ANM,WE,Federal Contract Tower,0,1,6,0,7,0,4,31,2,37,0,5,37,2,44,122,0,122,166
03/26/2015,SFF,WA,ANM,WE,Federal Contract Tower,0,4,23,0,27,0,8,100,0,108,0,12,123,0,135,169,0,169,304
03/27/2015,SFF,WA,ANM,WE,Federal Contract Tower,0,2,13,0,15,0,0,0,0,0,0,2,13,0,15,138,0,138,153
03/28/2015,SFF,WA,ANM,WE,Federal Contract Tower,0,5,1,0,6,0,9,18,0,27,0,14,19,0,33,29,0,29,62
03/29/2015,SFF,WA,ANM,WE,Federal Contract Tower,0,1,7,0,8,0,4,81,0,85,0,5,88,0,93,130,0,130,223
03/30/2015,SFF,WA,ANM,WE,Federal Contract Tower,0,2,11,1,14,0,13,67,1,81,0,15,78,2,95,176,0,176,271
03/31/2015,SFF,WA,ANM,WE,Federal Contract Tower,0,2,8,0,10,0,5,33,0,38,0,7,41,0,48,57,0,57,105
04/01/2015,SFF,WA,ANM,WE,Federal Contract Tower,0,3,10,0,13,0,7,37,0,44,0,10,47,0,57,70,0,70,127
04/02/2015,SFF,WA,ANM,WE,Federal Contract Tower,0,0,12,2,14,0,7,52,0,59,0,7,64,2,73,162,0,162,235
04/03/2015,SFF,WA,ANM,WE,Federal Contract Tower,0,8,5,0,13,0,4,39,0,43,0,12,44,0,56,109,0,109,165
04/04/2015,SFF,WA,ANM,WE,Federal Contract Tower,0,5,7,0,12,0,5,77,0,82,0,10,84,0,94,97,0,97,191
04/05/2015,SFF,WA,ANM,WE,Federal Contract Tower,0,0,8,0,8,0,8,42,0,50,0,8,50,0,58,58,0,58,116
04/06/2015,SFF,WA,ANM,WE,Federal Contract Tower,0,6,2,0,8,0,2,0,0,2,0,8,2,0,10,0,0,0,10
04/07/2015,SFF,WA,ANM,WE,Federal Contract Tower,0,1,14,0,15,0,3,71,0,74,0,4,85,0,89,155,0,155,244
04/08/2015,SFF,WA,ANM,WE,Federal Contract Tower,0,3,27,0,30,0,13,113,0,126,0,16,140,0,156,156,0,156,312
04/09/2015,SFF,WA,ANM,WE,Federal Contract Tower,0,5,16,0,21,0,9,83,0,92,0,14,99,0,113,102,0,102,215
04/10/2015,SFF,WA,ANM,WE,Federal Contract Tower,0,1,15,0,16,0,5,63,2,70,0,6,78,2,86,121,0,121,207
04/11/2015,SFF,WA,ANM,WE,Federal Contract Tower,0,6,2,0,8,0,9,3,0,12,0,15,5,0,20,14,0,14,34
04/12/2015,SFF,WA,ANM,WE,Federal Contract Tower,0,0,6,0,6,0,5,47,0,52,0,5,53,0,58,60,0,60,118
04/13/2015,SFF,WA,ANM,WE,Federal Contract Tower,0,2,17,2,21,0,11,74,0,85,0,13,91,2,106,44,0,44,150
04/14/2015,SFF,WA,ANM,WE,Federal Contract Tower,0,5,8,0,13,0,5,24,0,29,0,10,32,0,42,38,0,38,80
04/15/2015,SFF,WA,ANM,WE,Federal Contract Tower,0,0,22,0,22,0,7,107,0,114,0,7,129,0,136,110,0,110,246
04/16/2015,SFF,WA,ANM,WE,Federal Contract Tower,0,2,24,0,26,0,14,113,0,127,0,16,137,0,153,142,0,142,295
04/17/2015,SFF,WA,ANM,WE,Federal Contract Tower,0,2,13,0,15,0,10,104,0,114,0,12,117,0,129,116,0,116,245
04/18/2015,SFF,WA,ANM,WE,Federal Contract Tower,0,1,6,0,7,0,4,93,0,97,0,5,99,0,104,90,0,90,194
04/19/2015,SFF,WA,ANM,WE,Federal Contract Tower,0,0,7,0,7,0,12,73,0,85,0,12,80,0,92,112,0,112,204
04/20/2015,SFF,WA,ANM,WE,Federal Contract Tower,0,0,9,0,9,0,6,74,0,80,0,6,83,0,89,100,0,100,189
04/21/2015,SFF,WA,ANM,WE,Federal Contract Tower,0,2,18,0,20,0,17,116,0,133,0,19,134,0,153,152,0,152,305
04/22/2015,SFF,WA,ANM,WE,Federal Contract Tower,0,1,19,0,20,0,10,59,0,69,0,11,78,0,89,66,0,66,155
04/23/2015,SFF,WA,ANM,WE,Federal Contract Tower,0,1,19,0,20,0,5,93,0,98,0,6,112,0,118,150,0,150,268
04/24/2015,SFF,WA,ANM,WE,Federal Contract Tower,0,5,16,0,21,0,8,53,0,61,0,13,69,0,82,98,0,98,180
04/25/2015,SFF,WA,ANM,WE,Federal Contract Tower,0,4,3,0,7,0,8,27,0,35,0,12,30,0,42,53,0,53,95
04/26/2015,SFF,WA,ANM,WE,Federal Contract Tower,0,3,4,0,7,0,5,37,0,42,0,8,41,0,49,39,0,39,88
04/27/2015,SFF,WA,ANM,WE,Federal Contract Tower,0,0,17,0,17,0,12,90,0,102,0,12,107,0,119,124,0,124,243
04/28/2015,SFF,WA,ANM,WE,Federal Contract Tower,0,3,18,0,21,0,21,96,0,117,0,24,114,0,138,84,0,84,222
04/29/2015,SFF,WA,ANM,WE,Federal Contract Tower,0,4,14,0,18,0,13,50,0,63,0,17,64,0,81,17,0,17,98
04/30/2015,SFF,WA,ANM,WE,Federal Contract Tower,0,8,17,0,25,2,18,99,0,119,2,26,116,0,144,58,0,58,202
05/01/2015,SFF,WA,ANM,WE,Federal Contract Tower,0,0,17,0,17,0,17,89,0,106,0,17,106,0,123,52,0,52,175
05/02/2015,SFF,WA,ANM,WE,Federal Contract Tower,0,4,3,0,7,0,5,103,0,108,0,9,106,0,115,28,0,28,143
05/03/2015,SFF,WA,ANM,WE,Federal Contract Tower,0,0,9,0,9,0,14,65,0,79,0,14,74,0,88,44,0,44,132
05/04/2015,SFF,WA,ANM,WE,Federal Contract Tower,0,0,22,0,22,0,21,95,0,116,0,21,117,0,138,75,0,75,213
05/05/2015,SFF,WA,ANM,WE,Federal Contract Tower,0,0,13,0,13,0,15,55,0,70,0,15,68,0,83,48,0,48,131
05/06/2015,SFF,WA,ANM,WE,Federal Contract Tower,0,0,17,1,18,0,19,103,0,122,0,19,120,1,140,58,2,60,200
05/07/2015,SFF,WA,ANM,WE,Federal Contract Tower,0,1,12,0,13,0,2,90,0,92,0,3,102,0,105,154,0,154,259
05/08/2015,SFF,WA,ANM,WE,Federal Contract Tower,0,3,8,0,11,0,3,75,0,78,0,6,83,0,89,100,0,100,189
05/09/2015,SFF,WA,ANM,WE,Federal Contract Tower,0,4,4,0,8,0,16,82,0,98,0,20,86,0,106,54,0,54,160
05/10/2015,SFF,WA,ANM,WE,Federal Contract Tower,0,0,3,0,3,0,15,46,0,61,0,15,49,0,64,36,0,36,100
05/11/2015,SFF,WA,ANM,WE,Federal Contract Tower,0,5,15,0,20,0,13,47,0,60,0,18,62,0,80,75,0,75,155
05/12/2015,SFF,WA,ANM,WE,Federal Contract Tower,0,0,10,0,10,0,4,72,0,76,0,4,82,0,86,80,0,80,166
05/13/2015,SFF,WA,ANM,WE,Federal Contract Tower,0,2,18,0,20,0,2,11,0,13,0,4,29,0,33,52,0,52,85
05/14/2015,SFF,WA,ANM,WE,Federal Contract Tower,0,15,0,0,15,0,10,122,0,132,0,25,122,0,147,94,0,94,241
05/15/2015,SFF,WA,ANM,WE,Federal Contract Tower,0,1,12,0,13,0,13,75,0,88,0,14,87,0,101,48,0,48,149
05/16/2015,SFF,WA,ANM,WE,Federal Contract Tower,0,2,4,0,6,0,10,121,0,131,0,12,125,0,137,28,0,28,165
05/17/2015,SFF,WA,ANM,WE,Federal Contract Tower,0,6,6,0,12,0,9,37,0,46,0,15,43,0,58,16,0,16,74
05/18/2015,SFF,WA,ANM,WE,Federal Contract Tower,0,2,11,0,13,0,14,62,0,76,0,16,73,0,89,79,0,79,168
05/19/2015,SFF,WA,ANM,WE,Federal Contract Tower,0,2,9,0,11,0,12,68,0,80,0,14,77,0,91,4,0,4,95
05/20/2015,SFF,WA,ANM,WE,Federal Contract Tower,0,1,11,0,12,0,11,97,0,108,0,12,108,0,120,84,0,84,204
05/21/2015,SFF,WA,ANM,WE,Federal Contract Tower,0,1,12,0,13,0,12,70,0,82,0,13,82,0,95,184,0,184,279
05/22/2015,SFF,WA,ANM,WE,Federal Contract Tower,0,3,7,0,10,0,0,48,0,48,0,3,55,0,58,58,0,58,116
05/23/2015,SFF,WA,ANM,WE,Federal Contract Tower,0,4,3,0,7,0,12,78,0,90,0,16,81,0,97,31,0,31,128
05/24/2015,SFF,WA,ANM,WE,Federal Contract Tower,0,1,3,0,4,0,2,35,0,37,0,3,38,0,41,27,0,27,68
05/25/2015,SFF,WA,ANM,WE,Federal Contract Tower,0,3,7,0,10,0,7,31,0,38,0,10,38,0,48,45,0,45,93
05/26/2015,SFF,WA,ANM,WE,Federal Contract Tower,0,4,13,0,17,0,3,58,0,61,0,7,71,0,78,182,0,182,260
05/27/2015,SFF,WA,ANM,WE,Federal Contract Tower,0,3,15,0,18,0,5,88,0,93,0,8,103,0,111,152,0,152,263
05/28/2015,SFF,WA,ANM,WE,Federal Contract Tower,0,0,12,0,12,0,15,93,0,108,0,15,105,0,120,182,0,182,302
05/29/2015,SFF,WA,ANM,WE,Federal Contract Tower,0,0,11,0,11,0,13,109,0,122,0,13,120,0,133,100,0,100,233
05/30/2015,SFF,WA,ANM,WE,Federal Contract Tower,0,3,3,0,6,0,15,51,0,66,0,18,54,0,72,20,0,20,92
05/31/2015,SFF,WA,ANM,WE,Federal Contract Tower,0,0,13,0,13,0,10,63,0,73,0,10,76,0,86,46,0,46,132
06/01/2015,SFF,WA,ANM,WE,Federal Contract Tower,0,2,6,0,8,0,10,50,0,60,0,12,56,0,68,121,0,121,189
06/02/2015,SFF,WA,ANM,WE,Federal Contract Tower,0,5,7,0,12,0,4,35,0,39,0,9,42,0,51,36,0,36,87
06/03/2015,SFF,WA,ANM,WE,Federal Contract Tower,0,0,19,0,19,0,20,59,0,79,0,20,78,0,98,118,0,118,216
06/04/2015,SFF,WA,ANM,WE,Federal Contract Tower,0,3,17,0,20,0,12,94,0,106,0,15,111,0,126,182,0,182,308
06/05/2015,SFF,WA,ANM,WE,Federal Contract Tower,0,4,15,0,19,0,6,106,0,112,0,10,121,0,131,212,0,212,343
06/06/2015,SFF,WA,ANM,WE,Federal Contract Tower,0,3,4,0,7,0,12,107,0,119,0,15,111,0,126,82,0,82,208
06/07/2015,SFF,WA,ANM,WE,Federal Contract Tower,0,0,2,0,2,0,5,58,0,63,0,5,60,0,65,26,0,26,91
06/08/2015,SFF,WA,ANM,WE,Federal Contract Tower,0,1,14,0,15,0,10,75,0,85,0,11,89,0,100,101,0,101,201
06/09/2015,SFF,WA,ANM,WE,Federal Contract Tower,0,1,8,0,9,0,5,67,0,72,0,6,75,0,81,125,0,125,206
06/10/2015,SFF,WA,ANM,WE,Federal Contract Tower,0,1,13,0,14,0,15,88,0,103,0,16,101,0,117,142,0,142,259
06/11/2015,SFF,WA,ANM,WE,Federal Contract Tower,0,0,11,0,11,0,11,96,0,107,0,11,107,0,118,196,0,196,314
06/12/2015,SFF,WA,ANM,WE,Federal Contract Tower,0,0,7,0,7,0,8,39,0,47,0,8,46,0,54,116,0,116,170
06/13/2015,SFF,WA,ANM,WE,Federal Contract Tower,0,2,6,0,8,0,8,104,0,112,0,10,110,0,120,72,0,72,192
06/14/2015,SFF,WA,ANM,WE,Federal Contract Tower,0,0,7,0,7,0,12,67,0,79,0,12,74,0,86,46,0,46,132
06/15/2015,SFF,WA,ANM,WE,Federal Contract Tower,0,0,13,0,13,0,4,68,0,72,0,4,81,0,85,190,0,190,275
06/16/2015,SFF,WA,ANM,WE,Federal Contract Tower,0,2,19,2,23,0,12,87,0,99,0,14,106,2,122,245,0,245,367
06/17/2015,SFF,WA,ANM,WE,Federal Contract Tower,0,0,8,0,8,0,11,90,0,101,0,11,98,0,109,192,0,192,301
06/18/2015,SFF,WA,ANM,WE,Federal Contract Tower,0,0,15,0,15,0,9,98,0,107,0,9,113,0,122,100,0,100,222
06/19/2015,SFF,WA,ANM,WE,Federal Contract Tower,0,0,5,0,5,0,8,66,0,74,0,8,71,0,79,52,0,52,131
06/20/2015,SFF,WA,ANM,WE,Federal Contract Tower,0,2,4,0,6,0,9,91,0,100,0,11,95,0,106,4,0,4,110
06/21/2015,SFF,WA,ANM,WE,Federal Contract Tower,0,0,7,0,7,0,13,72,0,85,0,13,79,0,92,26,0,26,118
06/22/2015,SFF,WA,ANM,WE,Federal Contract Tower,0,1,10,0,11,0,29,116,0,145,0,30,126,0,156,146,0,146,302
06/23/2015,SFF,WA,ANM,WE,Federal Contract Tower,0,0,18,0,18,0,9,112,0,121,0,9,130,0,139,112,0,112,251
06/24/2015,SFF,WA,ANM,WE,Federal Contract Tower,0,0,15,0,15,0,19,84,0,103,0,19,99,0,118,184,0,184,302
06/25/2015,SFF,WA,ANM,WE,Federal Contract Tower,0,1,13,0,14,0,10,71,0,81,0,11,84,0,95,162,0,162,257
06/26/2015,SFF,WA,ANM,WE,Federal Contract Tower,0,1,11,0,12,0,23,81,0,104,0,24,92,0,116,102,0,102,218
06/27/2015,SFF,WA,ANM,WE,Federal Contract Tower,0,2,5,0,7,0,8,70,0,78,0,10,75,0,85,57,0,57,142
06/28/2015,SFF,WA,ANM,WE,Federal Contract Tower,0,3,5,0,8,0,9,50,0,59,0,12,55,0,67,10,0,10,77
06/29/2015,SFF,WA,ANM,WE,Federal Contract Tower,0,3,6,0,9,0,6,38,0,44,0,9,44,0,53,6,0,6,59
06/30/2015,SFF,WA,ANM,WE,Federal Contract Tower,0,3,11,0,14,0,5,61,0,66,0,8,72,0,80,126,0,126,206
07/01/2015,SFF,WA,ANM,WE,Federal Contract Tower,0,1,4,0,5,0,14,66,0,80,0,15,70,0,85,76,0,76,161
07/02/2015,SFF,WA,ANM,WE,Federal Contract Tower,0,1,4,0,5,0,17,63,0,80,0,18,67,0,85,48,0,48,133
07/03/2015,SFF,WA,ANM,WE,Federal Contract Tower,0,3,11,0,14,0,15,119,0,134,0,18,130,0,148,74,0,74,222
07/04/2015,SFF,WA,ANM,WE,Federal Contract Tower,0,1,1,0,2,0,10,57,0,67,0,11,58,0,69,8,0,8,77
07/05/2015,SFF,WA,ANM,WE,Federal Contract Tower,0,1,0,0,1,0,10,39,0,49,0,11,39,0,50,16,0,16,66
07/06/2015,SFF,WA,ANM,WE,Federal Contract Tower,0,4,8,0,12,0,17,80,0,97,0,21,88,0,109,85,0,85,194
07/07/2015,SFF,WA,ANM,WE,Federal Contract Tower,0,2,9,0,11,0,6,57,0,63,0,8,66,0,74,58,0,58,132
07/08/2015,SFF,WA,ANM,WE,Federal Contract Tower,0,0,9,0,9,0,10,57,0,67,0,10,66,0,76,82,0,82,158
07/09/2015,SFF,WA,ANM,WE,Federal Contract Tower,0,1,16,0,17,0,10,76,0,86,0,11,92,0,103,128,0,128,231
07/10/2015,SFF,WA,ANM,WE,Federal Contract Tower,0,5,8,0,13,0,8,57,0,65,0,13,65,0,78,77,0,77,155
07/11/2015,SFF,WA,ANM,WE,Federal Contract Tower,0,2,6,0,8,0,6,34,0,40,0,8,40,0,48,15,0,15,63
07/12/2015,SFF,WA,ANM,WE,Federal Contract Tower,0,3,6,2,11,0,5,58,0,63,0,8,64,2,74,13,0,13,87
07/13/2015,SFF,WA,ANM,WE,Federal Contract Tower,0,4,8,0,12,0,8,61,0,69,0,12,69,0,81,23,0,23,104
07/14/2015,SFF,WA,ANM,WE,Federal Contract Tower,0,2,11,0,13,0,8,49,0,57,0,10,60,0,70,48,0,48,118
07/15/2015,SFF,WA,ANM,WE,Federal Contract Tower,0,1,10,0,11,0,13,80,0,93,0,14,90,0,104,106,0,106,210
07/16/2015,SFF,WA,ANM,WE,Federal Contract Tower,0,2,17,0,19,0,15,74,0,89,0,17,91,0,108,38,0,38,146
07/17/2015,SFF,WA,ANM,WE,Federal Contract Tower,0,5,4,0,9,0,20,82,0,102,0,25,86,0,111,60,0,60,171
07/18/2015,SFF,WA,ANM,WE,Federal Contract Tower,0,2,6,0,8,0,7,114,0,121,0,9,120,0,129,26,0,26,155
07/19/2015,SFF,WA,ANM,WE,Federal Contract Tower,0,0,6,0,6,0,11,44,0,55,0,11,50,0,61,26,0,26,87
07/20/2015,SFF,WA,ANM,WE,Federal Contract Tower,0,3,15,0,18,0,3,43,0,46,0,6,58,0,64,10,0,10,74
07/21/2015,SFF,WA,ANM,WE,Federal Contract Tower,0,2,4,0,6,0,9,48,0,57,0,11,52,0,63,40,0,40,103
07/22/2015,SFF,WA,ANM,WE,Federal Contract Tower,0,2,15,0,17,0,17,63,0,80,0,19,78,0,97,34,0,34,131
07/23/2015,SFF,WA,ANM,WE,Federal Contract Tower,0,1,15,0,16,0,11,99,0,110,0,12,114,0,126,100,0,100,226
07/24/2015,SFF,WA,ANM,WE,Federal Contract Tower,0,1,9,0,10,0,18,87,2,107,0,19,96,2,117,30,0,30,147
07/25/2015,SFF,WA,ANM,WE,Federal Contract Tower,0,5,6,0,11,0,7,67,0,74,0,12,73,0,85,16,0,16,101
07/26/2015,SFF,WA,ANM,WE,Federal Contract Tower,0,3,5,0,8,0,11,66,0,77,0,14,71,0,85,18,0,18,103
07/27/2015,SFF,WA,ANM,WE,Federal Contract Tower,0,3,7,0,10,0,11,45,0,56,0,14,52,0,66,40,0,40,106
07/28/2015,SFF,WA,ANM,WE,Federal Contract Tower,0,3,14,0,17,0,14,101,2,117,0,17,115,2,134,65,0,65,199
07/29/2015,SFF,WA,ANM,WE,Federal Contract Tower,0,2,11,0,13,0,14,94,0,108,0,16,105,0,121,154,0,154,275
07/30/2015,SFF,WA,ANM,WE,Federal Contract Tower,0,0,11,0,11,0,16,96,0,112,0,16,107,0,123,166,0,166,289
07/31/2015,SFF,WA,ANM,WE,Federal Contract Tower,0,0,5,0,5,0,9,87,0,96,0,9,92,0,101,128,0,128,229
08/01/2015,SFF,WA,ANM,WE,Federal Contract Tower,0,10,5,0,15,0,8,87,0,95,0,18,92,0,110,84,0,84,194
08/02/2015,SFF,WA,ANM,WE,Federal Contract Tower,0,2,5,0,7,0,13,57,0,70,0,15,62,0,77,32,0,32,109
08/03/2015,SFF,WA,ANM,WE,Federal Contract Tower,0,3,6,0,9,0,4,53,0,57,0,7,59,0,66,96,0,96,162
08/04/2015,SFF,WA,ANM,WE,Federal Contract Tower,0,1,7,0,8,0,14,87,0,101,0,15,94,0,109,116,0,116,225
08/05/2015,SFF,WA,ANM,WE,Federal Contract Tower,0,1,5,1,7,0,11,60,0,71,0,12,65,1,78,37,0,37,115
08/06/2015,SFF,WA,ANM,WE,Federal Contract Tower,0,1,11,0,12,0,18,85,0,103,0,19,96,0,115,144,0,144,259
08/07/2015,SFF,WA,ANM,WE,Federal Contract Tower,0,0,12,0,12,0,8,113,0,121,0,8,125,0,133,166,0,166,299
08/08/2015,SFF,WA,ANM,WE,Federal Contract Tower,0,3,4,0,7,0,10,86,0,96,0,13,90,0,103,40,0,40,143
08/09/2015,SFF,WA,ANM,WE,Federal Contract Tower,0,0,4,0,4,0,9,44,0,53,0,9,48,0,57,22,0,22,79
08/10/2015,SFF,WA,ANM,WE,Federal Contract Tower,0,1,12,0,13,0,4,62,0,66,0,5,74,0,79,195,0,195,274
08/11/2015,SFF,WA,ANM,WE,Federal Contract Tower,0,1,11,0,12,0,4,105,0,109,0,5,116,0,121,144,0,144,265
08/12/2015,SFF,WA,ANM,WE,Federal Contract Tower,0,3,17,0,20,0,13,72,0,85,0,16,89,0,105,153,0,153,258
08/13/2015,SFF,WA,ANM,WE,Federal Contract Tower,0,5,6,1,12,0,16,72,1,89,0,21,78,2,101,173,0,173,274
08/14/2015,SFF,WA,ANM,WE,Federal Contract Tower,0,6,5,0,11,0,12,33,0,45,0,18,38,0,56,48,0,48,104
08/15/2015,SFF,WA,ANM,WE,Federal Contract Tower,0,4,4,0,8,0,5,49,0,54,0,9,53,0,62,40,0,40,102
08/16/2015,SFF,WA,ANM,WE,Federal Contract Tower,0,0,11,0,11,0,5,64,0,69,0,5,75,0,80,70,0,70,150
08/17/2015,SFF,WA,ANM,WE,Federal Contract Tower,0,1,5,0,6,0,3,41,0,44,0,4,46,0,50,142,0,142,192
08/18/2015,SFF,WA,ANM,WE,Federal Contract Tower,0,5,8,0,13,0,5,54,0,59,0,10,62,0,72,77,0,77,149
08/19/2015,SFF,WA,ANM,WE,Federal Contract Tower,0,1,10,0,11,0,11,59,0,70,0,12,69,0,81,54,0,54,135
08/20/2015,SFF,WA,ANM,WE,Federal Contract Tower,0,4,6,0,10,0,10,56,0,66,0,14,62,0,76,122,0,122,198
08/21/2015,SFF,WA,ANM,WE,Federal Contract Tower,0,7,16,0,23,0,2,25,0,27,0,9,41,0,50,120,0,120,170
08/22/2015,SFF,WA,ANM,WE,Federal Contract Tower,0,3,5,0,8,0,20,130,0,150,0,23,135,0,158,82,0,82,240
08/23/2015,SFF,WA,ANM,WE,Federal Contract Tower,0,6,25,0,31,0,2,9,0,11,0,8,34,0,42,24,0,24,66
08/24/2015,SFF,WA,ANM,WE,Federal Contract Tower,0,9,23,0,32,0,2,3,0,5,0,11,26,0,37,20,0,20,57
08/25/2015,SFF,WA,ANM,WE,Federal Contract Tower,0,5,14,0,19,0,6,61,0,67,0,11,75,0,86,168,0,168,254
08/26/2015,SFF,WA,ANM,WE,Federal Contract Tower,0,3,10,0,13,0,4,47,0,51,0,7,57,0,64,68,0,68,132
08/27/2015,SFF,WA,ANM,WE,Federal Contract Tower,0,3,9,0,12,0,1,28,0,29,0,4,37,0,41,89,0,89,130
08/28/2015,SFF,WA,ANM,WE,Federal Contract Tower,0,2,12,0,14,0,4,74,0,78,0,6,86,0,92,120,0,120,212
08/29/2015,SFF,WA,ANM,WE,Federal Contract Tower,0,2,6,0,8,0,0,3,0,3,0,2,9,0,11,8,0,8,19
08/30/2015,SFF,WA,ANM,WE,Federal Contract Tower,0,7,3,0,10,0,6,14,0,20,0,13,17,0,30,24,0,24,54
08/31/2015,SFF,WA,ANM,WE,Federal Contract Tower,0,2,5,0,7,0,9,52,0,61,0,11,57,0,68,84,0,84,152
09/01/2015,SFF,WA,ANM,WE,Federal Contract Tower,0,3,14,0,17,0,11,88,0,99,0,14,102,0,116,150,0,150,266
09/02/2015,SFF,WA,ANM,WE,Federal Contract Tower,0,1,10,0,11,0,5,44,0,49,0,6,54,0,60,39,0,39,99
09/03/2015,SFF,WA,ANM,WE,Federal Contract Tower,0,2,16,0,18,0,3,72,0,75,0,5,88,0,93,187,0,187,280
09/04/2015,SFF,WA,ANM,WE,Federal Contract Tower,0,2,13,0,15,0,11,67,0,78,0,13,80,0,93,129,0,129,222
09/05/2015,SFF,WA,ANM,WE,Federal Contract Tower,0,5,7,0,12,0,5,6,0,11,0,10,13,0,23,30,0,30,53
09/06/2015,SFF,WA,ANM,WE,Federal Contract Tower,0,4,4,0,8,0,11,23,0,34,0,15,27,0,42,14,0,14,56
09/07/2015,SFF,WA,ANM,WE,Federal Contract Tower,0,2,11,0,13,0,7,43,0,50,0,9,54,0,63,40,0,40,103
09/08/2015,SFF,WA,ANM,WE,Federal Contract Tower,0,2,11,0,13,0,8,44,0,52,0,10,55,0,65,42,0,42,107
09/09/2015,SFF,WA,ANM,WE,Federal Contract Tower,0,1,12,0,13,0,16,95,1,112,0,17,107,1,125,76,0,76,201
09/10/2015,SFF,WA,ANM,WE,Federal Contract Tower,0,5,8,0,13,0,15,125,2,142,0,20,133,2,155,130,0,130,285
09/11/2015,SFF,WA,ANM,WE,Federal Contract Tower,0,3,10,0,13,0,6,109,0,115,0,9,119,0,128,178,0,178,306
09/12/2015,SFF,WA,ANM,WE,Federal Contract Tower,0,3,1,0,4,0,6,116,0,122,0,9,117,0,126,56,0,56,182
09/13/2015,SFF,WA,ANM,WE,Federal Contract Tower,0,4,3,0,7,0,13,61,0,74,0,17,64,0,81,0,0,0,81
09/14/2015,SFF,WA,ANM,WE,Federal Contract Tower,0,1,5,0,6,0,1,46,0,47,0,2,51,0,53,106,0,106,159
09/15/2015,SFF,WA,ANM,WE,Federal Contract Tower,0,3,7,0,10,0,8,52,0,60,0,11,59,0,70,132,0,132,202
09/16/2015,SFF,WA,ANM,WE,Federal Contract Tower,0,0,13,0,13,0,8,62,0,70,0,8,75,0,83,192,0,192,275
09/17/2015,SFF,WA,ANM,WE,Federal Contract Tower,0,1,3,2,6,0,13,31,0,44,0,14,34,2,50,176,0,176,226
09/18/2015,SFF,WA,ANM,WE,Federal Contract Tower,0,4,4,0,8,0,8,38,0,46,0,12,42,0,54,134,0,134,188
09/19/2015,SFF,WA,ANM,WE,Federal Contract Tower,0,3,2,0,5,0,20,119,0,139,0,23,121,0,144,34,0,34,178
09/20/2015,SFF,WA,ANM,WE,Federal Contract Tower,0,1,6,0,7,0,4,30,0,34,0,5,36,0,41,18,0,18,59
09/21/2015,SFF,WA,ANM,WE,Federal Contract Tower,0,4,8,0,12,0,14,51,0,65,0,18,59,0,77,72,0,72,149
09/22/2015,SFF,WA,ANM,WE,Federal Contract Tower,0,2,9,0,11,0,5,96,0,101,0,7,105,0,112,134,0,134,246
09/23/2015,SFF,WA,ANM,WE,Federal Contract Tower,0,2,8,0,10,0,4,90,0,94,0,6,98,0,104,113,0,113,217
09/24/2015,SFF,WA,ANM,WE,Federal Contract Tower,0,3,4,2,9,0,6,91,0,97,0,9,95,2,106,133,0,133,239
09/25/2015,SFF,WA,ANM,WE,Federal Contract Tower,0,1,8,0,9,0,19,62,0,81,0,20,70,0,90,100,0,100,190
09/26/2015,SFF,WA,ANM,WE,Federal Contract Tower,0,2,3,0,5,0,18,69,0,87,0,20,72,0,92,38,0,38,130
09/27/2015,SFF,WA,ANM,WE,Federal Contract Tower,0,0,11,0,11,0,4,53,0,57,0,4,64,0,68,8,0,8,76
09/28/2015,SFF,WA,ANM,WE,Federal Contract Tower,0,1,11,0,12,0,11,56,0,67,0,12,67,0,79,144,0,144,223
09/29/2015,SFF,WA,ANM,WE,Federal Contract Tower,0,2,7,0,9,0,6,47,0,53,0,8,54,0,62,116,0,116,178
09/30/2015,SFF,WA,ANM,WE,Federal Contract Tower,0,2,5,0,7,0,10,72,0,82,0,12,77,0,89,72,0,72,161
10/01/2015,SFF,WA,ANM,WE,Federal Contract Tower,0,2,11,0,13,0,7,51,0,58,0,9,62,0,71,84,0,84,155
10/02/2015,SFF,WA,ANM,WE,Federal Contract Tower,0,1,9,0,10,0,15,59,0,74,0,16,68,0,84,32,0,32,116
10/03/2015,SFF,WA,ANM,WE,Federal Contract Tower,0,8,3,0,11,0,9,55,0,64,0,17,58,0,75,46,0,46,121
10/04/2015,SFF,WA,ANM,WE,Federal Contract Tower,0,2,3,0,5,0,6,64,0,70,0,8,67,0,75,46,0,46,121
10/05/2015,SFF,WA,ANM,WE,Federal Contract Tower,0,2,6,0,8,0,11,58,0,69,0,13,64,0,77,6,0,6,83
10/06/2015,SFF,WA,ANM,WE,Federal Contract Tower,0,0,3,0,3,0,12,57,0,69,0,12,60,0,72,22,0,22,94
10/07/2015,SFF,WA,ANM,WE,Federal Contract Tower,0,3,11,0,14,0,9,31,0,40,0,12,42,0,54,94,0,94,148
10/08/2015,SFF,WA,ANM,WE,Federal Contract Tower,0,5,11,0,16,0,6,44,0,50,0,11,55,0,66,43,0,43,109
10/09/2015,SFF,WA,ANM,WE,Federal Contract Tower,0,3,10,0,13,0,5,80,0,85,0,8,90,0,98,80,0,80,178
10/10/2015,SFF,WA,ANM,WE,Federal Contract Tower,0,6,9,0,15,0,5,30,0,35,0,11,39,0,50,6,0,6,56
10/11/2015,SFF,WA,ANM,WE,Federal Contract Tower,0,0,10,0,10,0,7,35,0,42,0,7,45,0,52,27,0,27,79
10/12/2015,SFF,WA,ANM,WE,Federal Contract Tower,0,3,13,0,16,0,10,64,0,74,0,13,77,0,90,47,0,47,137
10/13/2015,SFF,WA,ANM,WE,Federal Contract Tower,0,1,6,0,7,0,6,57,0,63,0,7,63,0,70,30,0,30,100
10/14/2015,SFF,WA,ANM,WE,Federal Contract Tower,0,0,6,0,6,0,2,58,0,60,0,2,64,0,66,48,0,48,114
10/15/2015,SFF,WA,ANM,WE,Federal Contract Tower,0,2,16,0,18,0,4,70,0,74,0,6,86,0,92,114,0,114,206
10/16/2015,SFF,WA,ANM,WE,Federal Contract Tower,0,1,5,0,6,0,2,109,0,111,0,3,114,0,117,50,0,50,167
10/17/2015,SFF,WA,ANM,WE,Federal Contract Tower,0,2,9,0,11,0,13,103,0,116,0,15,112,0,127,16,0,16,143
10/18/2015,SFF,WA,ANM,WE,Federal Contract Tower,0,5,9,0,14,0,8,12,0,20,0,13,21,0,34,6,0,6,40
10/19/2015,SFF,WA,ANM,WE,Federal Contract Tower,0,1,6,0,7,0,5,8,0,13,0,6,14,0,20,14,0,14,34
10/20/2015,SFF,WA,ANM,WE,Federal Contract Tower,0,3,9,0,12,0,6,87,0,93,0,9,96,0,105,134,0,134,239
10/21/2015,SFF,WA,ANM,WE,Federal Contract Tower,0,4,19,0,23,0,8,73,0,81,0,12,92,0,104,62,0,62,166
10/22/2015,SFF,WA,ANM,WE,Federal Contract Tower,0,4,15,2,21,0,12,98,2,112,0,16,113,4,133,107,0,107,240
10/23/2015,SFF,WA,ANM,WE,Federal Contract Tower,0,2,10,0,12,0,3,82,0,85,0,5,92,0,97,68,0,68,165
10/24/2015,SFF,WA,ANM,WE,Federal Contract Tower,0,2,7,0,9,0,8,92,0,100,0,10,99,0,109,20,0,20,129
10/25/2015,SFF,WA,ANM,WE,Federal Contract Tower,0,0,4,0,4,0,8,68,0,76,0,8,72,0,80,38,0,38,118
10/26/2015,SFF,WA,ANM,WE,Federal Contract Tower,0,5,15,0,20,0,4,24,0,28,0,9,39,0,48,57,0,57,105
10/27/2015,SFF,WA,ANM,WE,Federal Contract Tower,0,4,8,0,12,0,11,46,0,57,0,15,54,0,69,50,0,50,119
10/28/2015,SFF,WA,ANM,WE,Federal Contract Tower,0,4,14,0,18,0,3,80,0,83,0,7,94,0,101,94,0,94,195
10/29/2015,SFF,WA,ANM,WE,Federal Contract Tower,0,4,11,0,15,0,4,21,0,25,0,8,32,0,40,16,0,16,56
10/30/2015,SFF,WA,ANM,WE,Federal Contract Tower,0,3,8,0,11,0,4,21,0,25,0,7,29,0,36,10,0,10,46
10/31/2015,SFF,WA,ANM,WE,Federal Contract Tower,0,5,1,0,6,0,10,12,0,22,0,15,13,0,28,50,0,50,78
11/01/2015,SFF,WA,ANM,WE,Federal Contract Tower,0,2,4,0,6,0,5,7,0,12,0,7,11,0,18,10,0,10,28
11/02/2015,SFF,WA,ANM,WE,Federal Contract Tower,0,4,9,0,13,0,9,26,0,35,0,13,35,0,48,127,0,127,175
11/03/2015,SFF,WA,ANM,WE,Federal Contract Tower,0,3,32,0,35,0,6,39,0,45,0,9,71,0,80,138,0,138,218
11/04/2015,SFF,WA,ANM,WE,Federal Contract Tower,0,2,11,0,13,0,1,44,0,45,0,3,55,0,58,73,0,73,131
11/05/2015,SFF,WA,ANM,WE,Federal Contract Tower,0,8,14,0,22,0,3,17,0,20,0,11,31,0,42,148,0,148,190
11/06/2015,SFF,WA,ANM,WE,Federal Contract Tower,0,6,16,0,22,0,1,19,0,20,0,7,35,0,42,32,0,32,74
11/07/2015,SFF,WA,ANM,WE,Federal Contract Tower,0,3,9,0,12,0,1,74,0,75,0,4,83,0,87,26,0,26,113
11/08/2015,SFF,WA,ANM,WE,Federal Contract Tower,0,2,5,0,7,0,7,7,0,14,0,9,12,0,21,0,0,0,21
11/09/2015,SFF,WA,ANM,WE,Federal Contract Tower,0,8,13,0,21,0,2,2,0,4,0,10,15,0,25,32,0,32,57
11/10/2015,SFF,WA,ANM,WE,Federal Contract Tower,0,7,28,0,35,0,1,34,0,35,0,8,62,0,70,17,0,17,87
11/11/2015,SFF,WA,ANM,WE,Federal Contract Tower,0,0,14,0,14,0,5,22,0,27,0,5,36,0,41,40,0,40,81
11/12/2015,SFF,WA,ANM,WE,Federal Contract Tower,0,5,15,0,20,0,8,58,0,66,0,13,73,0,86,48,0,48,134
11/13/2015,SFF,WA,ANM,WE,Federal Contract Tower,0,7,3,0,10,0,6,4,0,10,0,13,7,0,20,0,0,0,20
11/14/2015,SFF,WA,ANM,WE,Federal Contract Tower,0,2,5,0,7,0,7,27,0,34,0,9,32,0,41,38,0,38,79
11/15/2015,SFF,WA,ANM,WE,Federal Contract Tower,0,2,2,0,4,0,2,20,0,22,0,4,22,0,26,12,0,12,38
11/16/2015,SFF,WA,ANM,WE,Federal Contract Tower,0,3,6,0,9,0,6,52,0,58,0,9,58,0,67,90,0,90,157
11/17/2015,SFF,WA,ANM,WE,Federal Contract Tower,0,1,0,0,1,0,3,0,0,3,0,4,0,0,4,0,0,0,4
11/18/2015,SFF,WA,ANM,WE,Federal Contract Tower,0,0,0,0,0,0,0,0,0,0,0,0,0,0,0,0,0,0,0
11/19/2015,SFF,WA,ANM,WE,Federal Contract Tower,0,4,2,0,6,0,5,33,0,38,0,9,35,0,44,18,0,18,62
11/20/2015,SFF,WA,ANM,WE,Federal Contract Tower,0,1,11,0,12,0,9,57,0,66,0,10,68,0,78,56,0,56,134
11/21/2015,SFF,WA,ANM,WE,Federal Contract Tower,0,7,7,0,14,0,19,51,0,70,0,26,58,0,84,36,0,36,120
11/22/2015,SFF,WA,ANM,WE,Federal Contract Tower,0,0,15,0,15,0,9,89,0,98,0,9,104,0,113,64,0,64,177
11/23/2015,SFF,WA,ANM,WE,Federal Contract Tower,0,3,7,0,10,0,7,64,0,71,0,10,71,0,81,35,0,35,116
11/24/2015,SFF,WA,ANM,WE,Federal Contract Tower,0,7,1,0,8,0,1,0,0,1,0,8,1,0,9,0,0,0,9
11/25/2015,SFF,WA,ANM,WE,Federal Contract Tower,0,3,7,0,10,0,6,47,0,53,0,9,54,0,63,68,0,68,131
11/26/2015,SFF,WA,ANM,WE,Federal Contract Tower,0,0,0,0,0,0,15,34,0,49,0,15,34,0,49,6,0,6,55
11/27/2015,SFF,WA,ANM,WE,Federal Contract Tower,0,0,9,0,9,0,13,44,0,57,0,13,53,0,66,40,0,40,106
11/28/2015,SFF,WA,ANM,WE,Federal Contract Tower,0,4,6,0,10,0,2,63,0,65,0,6,69,0,75,50,0,50,125
11/29/2015,SFF,WA,ANM,WE,Federal Contract Tower,0,5,11,0,16,0,0,0,0,0,0,5,11,0,16,0,0,0,16
11/30/2015,SFF,WA,ANM,WE,Federal Contract Tower,0,7,1,0,8,0,2,7,0,9,0,9,8,0,17,24,0,24,41
12/01/2015,SFF,WA,ANM,WE,Federal Contract Tower,0,3,11,0,14,0,5,17,0,22,0,8,28,0,36,25,0,25,61
12/02/2015,SFF,WA,ANM,WE,Federal Contract Tower,0,3,3,0,6,0,0,2,0,2,0,3,5,0,8,10,0,10,18
12/03/2015,SFF,WA,ANM,WE,Federal Contract Tower,0,4,12,0,16,0,4,30,0,34,0,8,42,0,50,68,0,68,118
12/04/2015,SFF,WA,ANM,WE,Federal Contract Tower,0,4,7,0,11,0,0,8,0,8,0,4,15,0,19,70,0,70,89
12/05/2015,SFF,WA,ANM,WE,Federal Contract Tower,0,1,9,0,10,0,4,46,0,50,0,5,55,0,60,82,0,82,142
12/06/2015,SFF,WA,ANM,WE,Federal Contract Tower,0,3,4,0,7,0,17,6,0,23,0,20,10,0,30,0,0,0,30
12/07/2015,SFF,WA,ANM,WE,Federal Contract Tower,0,3,1,0,4,0,0,0,0,0,0,3,1,0,4,54,0,54,58
12/08/2015,SFF,WA,ANM,WE,Federal Contract Tower,0,5,2,0,7,0,2,2,0,4,0,7,4,0,11,20,0,20,31
12/09/2015,SFF,WA,ANM,WE,Federal Contract Tower,0,1,3,0,4,0,7,5,0,12,0,8,8,0,16,0,0,0,16
12/10/2015,SFF,WA,ANM,WE,Federal Contract Tower,0,4,5,0,9,0,1,5,0,6,0,5,10,0,15,20,0,20,35
12/11/2015,SFF,WA,ANM,WE,Federal Contract Tower,0,1,7,2,10,0,6,53,2,61,0,7,60,4,71,98,0,98,169
12/12/2015,SFF,WA,ANM,WE,Federal Contract Tower,0,13,1,0,14,0,2,0,0,2,0,15,1,0,16,0,0,0,16
12/13/2015,SFF,WA,ANM,WE,Federal Contract Tower,0,5,9,0,14,0,11,8,0,19,0,16,17,0,33,0,0,0,33
12/14/2015,SFF,WA,ANM,WE,Federal Contract Tower,0,4,8,0,12,0,6,17,0,23,0,10,25,0,35,84,0,84,119
12/15/2015,SFF,WA,ANM,WE,Federal Contract Tower,0,4,6,0,10,0,8,26,0,34,0,12,32,0,44,77,0,77,121
12/16/2015,SFF,WA,ANM,WE,Federal Contract Tower,0,1,7,0,8,0,7,69,0,76,0,8,76,0,84,56,0,56,140
12/17/2015,SFF,WA,ANM,WE,Federal Contract Tower,0,2,9,2,13,0,3,19,0,22,0,5,28,2,35,40,0,40,75
12/18/2015,SFF,WA,ANM,WE,Federal Contract Tower,0,3,4,0,7,0,0,6,0,6,0,3,10,0,13,36,0,36,49
12/19/2015,SFF,WA,ANM,WE,Federal Contract Tower,0,6,6,0,12,0,0,0,0,0,0,6,6,0,12,0,0,0,12
12/20/2015,SFF,WA,ANM,WE,Federal Contract Tower,0,1,3,0,4,0,0,13,0,13,0,1,16,0,17,44,0,44,61
12/21/2015,SFF,WA,ANM,WE,Federal Contract Tower,0,3,1,0,4,0,0,1,0,1,0,3,2,0,5,12,0,12,17
12/22/2015,SFF,WA,ANM,WE,Federal Contract Tower,0,2,4,0,6,0,0,2,0,2,0,2,6,0,8,33,0,33,41
12/23/2015,SFF,WA,ANM,WE,Federal Contract Tower,0,1,2,0,3,0,0,3,0,3,0,1,5,0,6,5,0,5,11
12/24/2015,SFF,WA,ANM,WE,Federal Contract Tower,0,1,10,0,11,0,0,5,0,5,0,1,15,0,16,6,0,6,22
12/25/2015,SFF,WA,ANM,WE,Federal Contract Tower,0,0,0,0,0,0,0,10,0,10,0,0,10,0,10,0,0,0,10
12/26/2015,SFF,WA,ANM,WE,Federal Contract Tower,0,5,1,0,6,0,1,18,0,19,0,6,19,0,25,2,0,2,27
12/27/2015,SFF,WA,ANM,WE,Federal Contract Tower,0,5,9,0,14,0,0,3,0,3,0,5,12,0,17,0,0,0,17
12/28/2015,SFF,WA,ANM,WE,Federal Contract Tower,0,0,4,0,4,0,0,5,0,5,0,0,9,0,9,0,0,0,9
12/29/2015,SFF,WA,ANM,WE,Federal Contract Tower,0,7,3,0,10,0,0,4,0,4,0,7,7,0,14,0,0,0,14
12/30/2015,SFF,WA,ANM,WE,Federal Contract Tower,0,4,3,0,7,0,0,53,0,53,0,4,56,0,60,0,0,0,60
12/31/2015,SFF,WA,ANM,WE,Federal Contract Tower,0,3,6,0,9,0,4,32,0,36,0,7,38,0,45,4,0,4,49
01/01/2016,SFF,WA,ANM,WE,Federal Contract Tower,0,4,2,0,6,0,6,56,0,62,0,10,58,0,68,56,0,56,124
01/02/2016,SFF,WA,ANM,WE,Federal Contract Tower,0,4,2,0,6,0,6,42,0,48,0,10,44,0,54,43,0,43,97
01/03/2016,SFF,WA,ANM,WE,Federal Contract Tower,0,4,3,0,7,0,5,4,0,9,0,9,7,0,16,0,0,0,16
01/04/2016,SFF,WA,ANM,WE,Federal Contract Tower,0,4,6,0,10,0,11,31,0,42,0,15,37,0,52,38,0,38,90
01/05/2016,SFF,WA,ANM,WE,Federal Contract Tower,0,5,6,0,11,0,4,49,0,53,0,9,55,0,64,52,0,52,116
01/06/2016,SFF,WA,ANM,WE,Federal Contract Tower,0,8,9,0,17,0,7,20,0,27,0,15,29,0,44,46,0,46,90
01/07/2016,SFF,WA,ANM,WE,Federal Contract Tower,0,7,0,0,7,0,0,0,0,0,0,7,0,0,7,10,0,10,17
01/08/2016,SFF,WA,ANM,WE,Federal Contract Tower,0,2,6,0,8,0,0,0,0,0,0,2,6,0,8,10,0,10,18
01/09/2016,SFF,WA,ANM,WE,Federal Contract Tower,0,4,6,0,10,0,2,16,0,18,0,6,22,0,28,36,0,36,64
01/10/2016,SFF,WA,ANM,WE,Federal Contract Tower,0,0,5,0,5,0,2,14,2,18,0,2,19,2,23,10,0,10,33
01/11/2016,SFF,WA,ANM,WE,Federal Contract Tower,0,8,6,0,14,0,2,26,0,28,0,10,32,0,42,47,0,47,89
01/12/2016,SFF,WA,ANM,WE,Federal Contract Tower,0,4,5,0,9,0,7,14,0,21,0,11,19,0,30,40,0,40,70
01/13/2016,SFF,WA,ANM,WE,Federal Contract Tower,0,5,9,0,14,0,1,3,0,4,0,6,12,0,18,0,0,0,18
01/14/2016,SFF,WA,ANM,WE,Federal Contract Tower,0,8,9,0,17,0,0,6,0,6,0,8,15,0,23,12,0,12,35
01/15/2016,SFF,WA,ANM,WE,Federal Contract Tower,0,5,2,0,7,0,0,0,0,0,0,5,2,0,7,20,0,20,27
01/16/2016,SFF,WA,ANM,WE,Federal Contract Tower,0,2,3,0,5,0,0,0,0,0,0,2,3,0,5,0,0,0,5
01/17/2016,SFF,WA,ANM,WE,Federal Contract Tower,0,5,3,0,8,0,0,10,0,10,0,5,13,0,18,8,0,8,26
01/18/2016,SFF,WA,ANM,WE,Federal Contract Tower,0,0,4,0,4,0,2,0,0,2,0,2,4,0,6,0,0,0,6
01/19/2016,SFF,WA,ANM,WE,Federal Contract Tower,0,3,2,0,5,0,2,19,0,21,0,5,21,0,26,12,0,12,38
01/20/2016,SFF,WA,ANM,WE,Federal Contract Tower,0,3,6,0,9,0,0,21,0,21,0,3,27,0,30,27,0,27,57
01/21/2016,SFF,WA,ANM,WE,Federal Contract Tower,0,4,5,0,9,0,2,0,0,2,0,6,5,0,11,33,0,33,44
01/22/2016,SFF,WA,ANM,WE,Federal Contract Tower,0,8,5,0,13,0,14,17,0,31,0,22,22,0,44,70,0,70,114
01/23/2016,SFF,WA,ANM,WE,Federal Contract Tower,0,4,9,0,13,0,0,5,0,5,0,4,14,0,18,26,0,26,44
01/24/2016,SFF,WA,ANM,WE,Federal Contract Tower,0,3,7,0,10,0,0,56,0,56,0,3,63,0,66,32,0,32,98
01/25/2016,SFF,WA,ANM,WE,Federal Contract Tower,0,4,10,0,14,0,6,0,0,6,0,10,10,0,20,14,0,14,34
01/26/2016,SFF,WA,ANM,WE,Federal Contract Tower,0,7,6,0,13,0,7,46,2,55,0,14,52,2,68,92,0,92,160
01/27/2016,SFF,WA,ANM,WE,Federal Contract Tower,0,1,13,0,14,0,0,0,0,0,0,1,13,0,14,32,0,32,46
01/28/2016,SFF,WA,ANM,WE,Federal Contract Tower,0,7,6,0,13,0,0,3,2,5,0,7,9,2,18,25,8,33,51
01/29/2016,SFF,WA,ANM,WE,Federal Contract Tower,0,8,14,0,22,0,2,8,0,10,0,10,22,0,32,38,0,38,70
01/30/2016,SFF,WA,ANM,WE,Federal Contract Tower,0,5,7,0,12,0,11,16,0,27,0,16,23,0,39,32,0,32,71
01/31/2016,SFF,WA,ANM,WE,Federal Contract Tower,0,5,3,0,8,0,0,21,0,21,0,5,24,0,29,58,0,58,87
02/01/2016,SFF,WA,ANM,WE,Federal Contract Tower,0,4,1,0,5,0,2,9,0,11,0,6,10,0,16,50,0,50,66
02/02/2016,SFF,WA,ANM,WE,Federal Contract Tower,0,4,12,0,16,0,7,45,0,52,0,11,57,0,68,80,0,80,148
02/03/2016,SFF,WA,ANM,WE,Federal Contract Tower,0,3,5,0,8,0,10,32,0,42,0,13,37,0,50,36,0,36,86
02/04/2016,SFF,WA,ANM,WE,Federal Contract Tower,0,3,6,0,9,0,2,9,0,11,0,5,15,0,20,51,0,51,71
02/05/2016,SFF,WA,ANM,WE,Federal Contract Tower,0,5,13,2,20,0,2,58,0,60,0,7,71,2,80,107,0,107,187
02/06/2016,SFF,WA,ANM,WE,Federal Contract Tower,0,4,12,0,16,0,10,33,0,43,0,14,45,0,59,100,0,100,159
02/07/2016,SFF,WA,ANM,WE,Federal Contract Tower,0,2,10,0,12,0,3,53,0,56,0,5,63,0,68,78,0,78,146
02/08/2016,SFF,WA,ANM,WE,Federal Contract Tower,0,1,6,0,7,0,5,81,0,86,0,6,87,0,93,84,0,84,177
02/09/2016,SFF,WA,ANM,WE,Federal Contract Tower,0,1,13,0,14,0,9,102,0,111,0,10,115,0,125,40,0,40,165
02/10/2016,SFF,WA,ANM,WE,Federal Contract Tower,0,5,19,0,24,0,2,45,0,47,0,7,64,0,71,58,0,58,129
02/11/2016,SFF,WA,ANM,WE,Federal Contract Tower,0,2,6,0,8,0,5,18,0,23,0,7,24,0,31,28,0,28,59
02/12/2016,SFF,WA,ANM,WE,Federal Contract Tower,0,2,14,0,16,0,1,33,0,34,0,3,47,0,50,126,0,126,176
02/13/2016,SFF,WA,ANM,WE,Federal Contract Tower,0,4,8,0,12,0,2,17,0,19,0,6,25,0,31,18,0,18,49
02/14/2016,SFF,WA,ANM,WE,Federal Contract Tower,0,6,4,0,10,0,2,20,0,22,0,8,24,0,32,0,0,0,32
02/15/2016,SFF,WA,ANM,WE,Federal Contract Tower,0,6,8,0,14,0,10,44,0,54,0,16,52,0,68,74,0,74,142
02/16/2016,SFF,WA,ANM,WE,Federal Contract Tower,0,1,8,0,9,0,12,71,0,83,0,13,79,0,92,44,0,44,136
02/17/2016,SFF,WA,ANM,WE,Federal Contract Tower,0,5,10,0,15,0,11,47,0,58,0,16,57,0,73,24,0,24,97
02/18/2016,SFF,WA,ANM,WE,Federal Contract Tower,0,8,10,0,18,0,10,7,0,17,0,18,17,0,35,0,0,0,35
02/19/2016,SFF,WA,ANM,WE,Federal Contract Tower,0,4,8,0,12,0,2,5,0,7,0,6,13,0,19,50,0,50,69
02/20/2016,SFF,WA,ANM,WE,Federal Contract Tower,0,4,15,0,19,0,7,69,0,76,0,11,84,0,95,130,0,130,225
02/21/2016,SFF,WA,ANM,WE,Federal Contract Tower,0,1,8,0,9,0,1,74,0,75,0,2,82,0,84,18,0,18,102
02/22/2016,SFF,WA,ANM,WE,Federal Contract Tower,0,3,23,1,27,0,3,49,1,53,0,6,72,2,80,72,0,72,152
02/23/2016,SFF,WA,ANM,WE,Federal Contract Tower,0,3,12,0,15,0,5,63,0,68,0,8,75,0,83,76,0,76,159
02/24/2016,SFF,WA,ANM,WE,Federal Contract Tower,0,4,5,0,9,0,2,67,0,69,0,6,72,0,78,40,0,40,118
02/25/2016,SFF,WA,ANM,WE,Federal Contract Tower,0,0,16,0,16,0,7,86,0,93,0,7,102,0,109,82,0,82,191
02/26/2016,SFF,WA,ANM,WE,Federal Contract Tower,0,2,18,0,20,0,9,97,0,106,0,11,115,0,126,50,0,50,176
02/27/2016,SFF,WA,ANM,WE,Federal Contract Tower,0,4,5,0,9,0,0,0,0,0,0,4,5,0,9,11,0,11,20
02/28/2016,SFF,WA,ANM,WE,Federal Contract Tower,0,4,5,0,9,0,8,17,0,25,0,12,22,0,34,0,0,0,34
02/29/2016,SFF,WA,ANM,WE,Federal Contract Tower,0,2,11,0,13,0,0,45,0,45,0,2,56,0,58,64,0,64,122
03/01/2016,SFF,WA,ANM,WE,Federal Contract Tower,0,6,3,0,9,0,0,0,0,0,0,6,3,0,9,0,0,0,9
03/02/2016,SFF,WA,ANM,WE,Federal Contract Tower,0,4,14,1,19,0,18,53,1,72,0,22,67,2,91,14,0,14,105
03/03/2016,SFF,WA,ANM,WE,Federal Contract Tower,0,7,17,0,24,0,7,25,0,32,0,14,42,0,56,12,0,12,68
03/04/2016,SFF,WA,ANM,WE,Federal Contract Tower,0,3,9,0,12,0,8,62,0,70,0,11,71,0,82,22,0,22,104
03/05/2016,SFF,WA,ANM,WE,Federal Contract Tower,0,0,2,0,2,0,9,18,0,27,0,9,20,0,29,12,0,12,41
03/06/2016,SFF,WA,ANM,WE,Federal Contract Tower,0,4,7,0,11,0,9,17,0,26,0,13,24,0,37,24,0,24,61
03/07/2016,SFF,WA,ANM,WE,Federal Contract Tower,0,1,7,0,8,0,13,31,0,44,0,14,38,0,52,84,0,84,136
03/08/2016,SFF,WA,ANM,WE,Federal Contract Tower,0,4,10,0,14,0,13,50,0,63,0,17,60,0,77,106,0,106,183
03/09/2016,SFF,WA,ANM,WE,Federal Contract Tower,0,6,18,0,24,0,3,5,0,8,0,9,23,0,32,51,0,51,83
03/10/2016,SFF,WA,ANM,WE,Federal Contract Tower,0,4,9,1,14,0,8,26,0,34,0,12,35,1,48,24,0,24,72
03/11/2016,SFF,WA,ANM,WE,Federal Contract Tower,0,7,7,0,14,0,11,51,0,62,0,18,58,0,76,61,0,61,137
03/12/2016,SFF,WA,ANM,WE,Federal Contract Tower,0,6,0,0,6,0,1,0,0,1,0,7,0,0,7,0,0,0,7
03/13/2016,SFF,WA,ANM,WE,Federal Contract Tower,0,8,7,0,15,0,4,17,0,21,0,12,24,0,36,0,0,0,36
03/14/2016,SFF,WA,ANM,WE,Federal Contract Tower,0,2,6,0,8,0,5,3,0,8,0,7,9,0,16,20,0,20,36
03/15/2016,SFF,WA,ANM,WE,Federal Contract Tower,0,3,18,0,21,0,6,24,0,30,0,9,42,0,51,39,0,39,90
03/16/2016,SFF,WA,ANM,WE,Federal Contract Tower,0,0,17,0,17,0,0,48,2,50,0,0,65,2,67,34,0,34,101
03/17/2016,SFF,WA,ANM,WE,Federal Contract Tower,0,2,22,0,24,0,0,111,0,111,0,2,133,0,135,50,4,54,189
03/18/2016,SFF,WA,ANM,WE,Federal Contract Tower,0,4,15,0,19,0,7,73,0,80,0,11,88,0,99,34,0,34,133
03/19/2016,SFF,WA,ANM,WE,Federal Contract Tower,0,5,2,0,7,0,5,97,0,102,0,10,99,0,109,74,0,74,183
03/20/2016,SFF,WA,ANM,WE,Federal Contract Tower,0,7,5,0,12,0,6,49,0,55,0,13,54,0,67,20,0,20,87
03/21/2016,SFF,WA,ANM,WE,Federal Contract Tower,0,1,19,0,20,0,8,52,0,60,0,9,71,0,80,48,0,48,128
03/22/2016,SFF,WA,ANM,WE,Federal Contract Tower,0,5,7,0,12,0,2,2,0,4,0,7,9,0,16,8,0,8,24
03/23/2016,SFF,WA,ANM,WE,Federal Contract Tower,0,2,18,0,20,0,4,44,0,48,0,6,62,0,68,2,0,2,70
03/24/2016,SFF,WA,ANM,WE,Federal Contract Tower,0,6,14,0,20,0,6,23,0,29,0,12,37,0,49,44,0,44,93
03/25/2016,SFF,WA,ANM,WE,Federal Contract Tower,0,1,5,0,6,0,2,68,0,70,0,3,73,0,76,70,0,70,146
03/26/2016,SFF,WA,ANM,WE,Federal Contract Tower,0,7,1,0,8,0,0,0,0,0,0,7,1,0,8,24,0,24,32
03/27/2016,SFF,WA,ANM,WE,Federal Contract Tower,0,3,8,0,11,0,0,0,0,0,0,3,8,0,11,0,0,0,11
03/28/2016,SFF,WA,ANM,WE,Federal Contract Tower,0,6,8,0,14,0,3,11,0,14,0,9,19,0,28,26,0,26,54
03/29/2016,SFF,WA,ANM,WE,Federal Contract Tower,0,3,8,0,11,0,9,56,0,65,0,12,64,0,76,53,0,53,129
03/30/2016,SFF,WA,ANM,WE,Federal Contract Tower,0,1,22,0,23,0,6,99,0,105,0,7,121,0,128,40,0,40,168
03/31/2016,SFF,WA,ANM,WE,Federal Contract Tower,0,1,11,0,12,0,10,91,0,101,0,11,102,0,113,30,0,30,143
04/01/2016,SFF,WA,ANM,WE,Federal Contract Tower,0,0,15,0,15,0,10,79,0,89,0,10,94,0,104,46,0,46,150
04/02/2016,SFF,WA,ANM,WE,Federal Contract Tower,0,5,6,0,11,0,12,86,0,98,0,17,92,0,109,50,0,50,159
04/03/2016,SFF,WA,ANM,WE,Federal Contract Tower,0,0,0,0,0,0,6,56,0,62,0,6,56,0,62,6,0,6,68
04/04/2016,SFF,WA,ANM,WE,Federal Contract Tower,0,4,7,0,11,0,1,1,0,2,0,5,8,0,13,26,0,26,39
04/05/2016,SFF,WA,ANM,WE,Federal Contract Tower,0,3,17,0,20,0,13,70,0,83,0,16,87,0,103,38,0,38,141
04/06/2016,SFF,WA,ANM,WE,Federal Contract Tower,0,0,15,2,17,0,13,60,0,73,0,13,75,2,90,46,0,46,136
04/07/2016,SFF,WA,ANM,WE,Federal Contract Tower,0,3,23,0,26,0,10,87,0,97,0,13,110,0,123,50,0,50,173
04/08/2016,SFF,WA,ANM,WE,Federal Contract Tower,0,1,12,0,13,0,7,91,0,98,0,8,103,0,111,49,0,49,160
04/09/2016,SFF,WA,ANM,WE,Federal Contract Tower,0,3,4,0,7,0,6,83,0,89,0,9,87,0,96,57,0,57,153
04/10/2016,SFF,WA,ANM,WE,Federal Contract Tower,0,3,8,0,11,0,1,59,0,60,0,4,67,0,71,16,0,16,87
04/11/2016,SFF,WA,ANM,WE,Federal Contract Tower,0,1,18,0,19,0,5,86,0,91,0,6,104,0,110,63,0,63,173
04/12/2016,SFF,WA,ANM,WE,Federal Contract Tower,0,3,20,0,23,0,11,43,0,54,0,14,63,0,77,16,0,16,93
04/13/2016,SFF,WA,ANM,WE,Federal Contract Tower,0,1,22,0,23,0,7,41,0,48,0,8,63,0,71,72,0,72,143
04/14/2016,SFF,WA,ANM,WE,Federal Contract Tower,0,2,11,0,13,0,7,13,0,20,0,9,24,0,33,36,0,36,69
04/15/2016,SFF,WA,ANM,WE,Federal Contract Tower,0,4,26,0,30,0,11,61,0,72,0,15,87,0,102,63,0,63,165
04/16/2016,SFF,WA,ANM,WE,Federal Contract Tower,0,5,6,0,11,0,11,73,0,84,0,16,79,0,95,50,0,50,145
04/17/2016,SFF,WA,ANM,WE,Federal Contract Tower,0,1,7,0,8,0,0,0,0,0,0,1,7,0,8,46,0,46,54
04/18/2016,SFF,WA,ANM,WE,Federal Contract Tower,0,1,14,0,15,0,14,98,0,112,0,15,112,0,127,88,0,88,215
04/19/2016,SFF,WA,ANM,WE,Federal Contract Tower,0,0,15,0,15,0,12,106,0,118,0,12,121,0,133,60,0,60,193
04/20/2016,SFF,WA,ANM,WE,Federal Contract Tower,0,2,10,0,12,0,8,77,0,85,0,10,87,0,97,90,0,90,187
04/21/2016,SFF,WA,ANM,WE,Federal Contract Tower,0,1,21,0,22,0,11,102,0,113,0,12,123,0,135,50,0,50,185
04/22/2016,SFF,WA,ANM,WE,Federal Contract Tower,0,1,23,0,24,0,7,72,0,79,0,8,95,0,103,40,0,40,143
04/23/2016,SFF,WA,ANM,WE,Federal Contract Tower,0,6,8,0,14,0,8,48,0,56,0,14,56,0,70,58,0,58,128
04/24/2016,SFF,WA,ANM,WE,Federal Contract Tower,0,2,3,0,5,0,8,18,0,26,0,10,21,0,31,2,0,2,33
04/25/2016,SFF,WA,ANM,WE,Federal Contract Tower,0,2,25,0,27,0,16,77,0,93,0,18,102,0,120,71,0,71,191
04/26/2016,SFF,WA,ANM,WE,Federal Contract Tower,0,2,21,0,23,0,7,81,0,88,0,9,102,0,111,50,0,50,161
04/27/2016,SFF,WA,ANM,WE,Federal Contract Tower,0,3,20,0,23,0,5,84,0,89,0,8,104,0,112,56,0,56,168
04/28/2016,SFF,WA,ANM,WE,Federal Contract Tower,0,3,15,0,18,0,9,87,0,96,0,12,102,0,114,104,0,104,218
04/29/2016,SFF,WA,ANM,WE,Federal Contract Tower,0,4,11,0,15,0,5,37,0,42,0,9,48,0,57,90,0,90,147
04/30/2016,SFF,WA,ANM,WE,Federal Contract Tower,0,7,8,0,15,0,8,44,0,52,0,15,52,0,67,58,0,58,125
05/01/2016,SFF,WA,ANM,WE,Federal Contract Tower,0,0,7,0,7,0,14,84,0,98,0,14,91,0,105,22,0,22,127
05/02/2016,SFF,WA,ANM,WE,Federal Contract Tower,0,3,10,0,13,0,5,89,0,94,0,8,99,0,107,45,0,45,152
05/03/2016,SFF,WA,ANM,WE,Federal Contract Tower,0,3,10,0,13,0,8,111,0,119,0,11,121,0,132,36,0,36,168
05/04/2016,SFF,WA,ANM,WE,Federal Contract Tower,0,0,19,0,19,0,14,73,0,87,0,14,92,0,106,66,0,66,172
05/05/2016,SFF,WA,ANM,WE,Federal Contract Tower,0,11,23,0,34,0,11,50,0,61,0,22,73,0,95,82,0,82,177
05/06/2016,SFF,WA,ANM,WE,Federal Contract Tower,0,4,16,0,20,0,6,71,0,77,0,10,87,0,97,40,0,40,137
05/07/2016,SFF,WA,ANM,WE,Federal Contract Tower,0,6,5,0,11,0,9,104,0,113,0,15,109,0,124,46,0,46,170
05/08/2016,SFF,WA,ANM,WE,Federal Contract Tower,0,1,7,0,8,0,5,27,0,32,0,6,34,0,40,8,0,8,48
05/09/2016,SFF,WA,ANM,WE,Federal Contract Tower,0,3,14,0,17,0,7,42,0,49,0,10,56,0,66,73,0,73,139
05/10/2016,SFF,WA,ANM,WE,Federal Contract Tower,0,1,12,0,13,0,2,72,0,74,0,3,84,0,87,71,0,71,158
05/11/2016,SFF,WA,ANM,WE,Federal Contract Tower,0,2,16,0,18,0,9,106,0,115,0,11,122,0,133,18,0,18,151
05/12/2016,SFF,WA,ANM,WE,Federal Contract Tower,0,1,2,0,3,0,17,91,0,108,0,18,93,0,111,59,0,59,170
05/13/2016,SFF,WA,ANM,WE,Federal Contract Tower,0,2,12,0,14,0,2,84,0,86,0,4,96,0,100,43,0,43,143
05/14/2016,SFF,WA,ANM,WE,Federal Contract Tower,0,3,0,0,3,0,8,38,0,46,0,11,38,0,49,8,0,8,57
05/15/2016,SFF,WA,ANM,WE,Federal Contract Tower,0,2,7,0,9,0,1,32,0,33,0,3,39,0,42,12,0,12,54
05/16/2016,SFF,WA,ANM,WE,Federal Contract Tower,0,7,8,0,15,0,6,87,0,93,0,13,95,0,108,116,0,116,224
05/17/2016,SFF,WA,ANM,WE,Federal Contract Tower,0,4,17,0,21,0,19,96,0,115,0,23,113,0,136,68,0,68,204
05/18/2016,SFF,WA,ANM,WE,Federal Contract Tower,0,3,15,0,18,0,5,82,2,89,0,8,97,2,107,60,2,62,169
05/19/2016,SFF,WA,ANM,WE,Federal Contract Tower,0,2,15,0,17,0,8,70,0,78,0,10,85,0,95,72,0,72,167
05/20/2016,SFF,WA,ANM,WE,Federal Contract Tower,0,1,7,0,8,0,0,77,0,77,0,1,84,0,85,62,0,62,147
05/21/2016,SFF,WA,ANM,WE,Federal Contract Tower,0,3,5,0,8,0,0,14,0,14,0,3,19,0,22,21,0,21,43
05/22/2016,SFF,WA,ANM,WE,Federal Contract Tower,0,1,5,0,6,0,0,12,0,12,0,1,17,0,18,0,0,0,18
05/23/2016,SFF,WA,ANM,WE,Federal Contract Tower,0,5,11,0,16,0,4,26,0,30,0,9,37,0,46,146,0,146,192
05/24/2016,SFF,WA,ANM,WE,Federal Contract Tower,0,0,12,0,12,0,13,52,0,65,0,13,64,0,77,43,0,43,120
05/25/2016,SFF,WA,ANM,WE,Federal Contract Tower,0,3,20,0,23,0,8,92,0,100,0,11,112,0,123,100,0,100,223
05/26/2016,SFF,WA,ANM,WE,Federal Contract Tower,0,1,18,0,19,0,6,98,0,104,0,7,116,0,123,98,0,98,221
05/27/2016,SFF,WA,ANM,WE,Federal Contract Tower,0,2,8,0,10,0,11,60,0,71,0,13,68,0,81,64,0,64,145
05/28/2016,SFF,WA,ANM,WE,Federal Contract Tower,0,4,6,0,10,0,10,68,0,78,0,14,74,0,88,38,0,38,126
05/29/2016,SFF,WA,ANM,WE,Federal Contract Tower,0,3,6,0,9,0,9,40,0,49,0,12,46,0,58,30,0,30,88
05/30/2016,SFF,WA,ANM,WE,Federal Contract Tower,0,0,3,0,3,0,7,96,0,103,0,7,99,0,106,22,0,22,128
05/31/2016,SFF,WA,ANM,WE,Federal Contract Tower,0,3,3,0,6,0,7,103,0,110,0,10,106,0,116,122,0,122,238
06/01/2016,SFF,WA,ANM,WE,Federal Contract Tower,0,4,14,0,18,0,11,103,0,114,0,15,117,0,132,140,0,140,272
06/02/2016,SFF,WA,ANM,WE,Federal Contract Tower,0,2,12,0,14,0,15,52,0,67,0,17,64,0,81,100,0,100,181
06/03/2016,SFF,WA,ANM,WE,Federal Contract Tower,0,1,13,0,14,0,18,119,1,138,0,19,132,1,152,152,0,152,304
06/04/2016,SFF,WA,ANM,WE,Federal Contract Tower,0,5,5,0,10,0,12,302,0,314,0,17,307,0,324,76,0,76,400
06/05/2016,SFF,WA,ANM,WE,Federal Contract Tower,0,0,10,0,10,0,9,62,0,71,0,9,72,0,81,42,0,42,123
06/06/2016,SFF,WA,ANM,WE,Federal Contract Tower,0,1,11,0,12,0,5,95,0,100,0,6,106,0,112,122,0,122,234
06/07/2016,SFF,WA,ANM,WE,Federal Contract Tower,0,4,9,0,13,0,12,100,0,112,0,16,109,0,125,104,0,104,229
06/08/2016,SFF,WA,ANM,WE,Federal Contract Tower,0,3,7,0,10,0,4,63,0,67,0,7,70,0,77,122,0,122,199
06/09/2016,SFF,WA,ANM,WE,Federal Contract Tower,0,0,26,0,26,0,29,115,0,144,0,29,141,0,170,116,0,116,286
06/10/2016,SFF,WA,ANM,WE,Federal Contract Tower,0,4,10,0,14,0,4,17,0,21,0,8,27,0,35,158,0,158,193
06/11/2016,SFF,WA,ANM,WE,Federal Contract Tower,0,4,2,0,6,0,13,45,0,58,0,17,47,0,64,62,0,62,126
06/12/2016,SFF,WA,ANM,WE,Federal Contract Tower,0,0,5,0,5,0,11,90,0,101,0,11,95,0,106,30,0,30,136
06/13/2016,SFF,WA,ANM,WE,Federal Contract Tower,0,4,14,0,18,0,15,84,0,99,0,19,98,0,117,114,0,114,231
06/14/2016,SFF,WA,ANM,WE,Federal Contract Tower,0,0,6,0,6,0,10,40,0,50,0,10,46,0,56,77,0,77,133
06/15/2016,SFF,WA,ANM,WE,Federal Contract Tower,0,3,8,0,11,0,17,108,0,125,0,20,116,0,136,152,0,152,288
06/16/2016,SFF,WA,ANM,WE,Federal Contract Tower,0,4,17,0,21,0,16,58,0,74,0,20,75,0,95,102,0,102,197
06/17/2016,SFF,WA,ANM,WE,Federal Contract Tower,0,0,13,0,13,0,4,104,0,108,0,4,117,0,121,210,0,210,331
06/18/2016,SFF,WA,ANM,WE,Federal Contract Tower,0,9,10,0,19,0,4,45,0,49,0,13,55,0,68,61,0,61,129
06/19/2016,SFF,WA,ANM,WE,Federal Contract Tower,0,1,9,0,10,0,14,111,0,125,0,15,120,0,135,49,0,49,184
06/20/2016,SFF,WA,ANM,WE,Federal Contract Tower,0,0,12,0,12,0,7,91,0,98,0,7,103,0,110,154,0,154,264
06/21/2016,SFF,WA,ANM,WE,Federal Contract Tower,0,3,7,0,10,0,1,69,0,70,0,4,76,0,80,241,0,241,321
06/22/2016,SFF,WA,ANM,WE,Federal Contract Tower,0,1,7,0,8,0,3,122,0,125,0,4,129,0,133,225,0,225,358
06/23/2016,SFF,WA,ANM,WE,Federal Contract Tower,0,1,14,0,15,0,13,103,0,116,0,14,117,0,131,88,0,88,219
06/24/2016,SFF,WA,ANM,WE,Federal Contract Tower,0,2,7,0,9,0,6,13,0,19,0,8,20,0,28,52,0,52,80
06/25/2016,SFF,WA,ANM,WE,Federal Contract Tower,0,4,2,0,6,0,13,128,0,141,0,17,130,0,147,168,0,168,315
06/26/2016,SFF,WA,ANM,WE,Federal Contract Tower,0,0,1,0,1,0,10,63,0,73,0,10,64,0,74,70,0,70,144
06/27/2016,SFF,WA,ANM,WE,Federal Contract Tower,0,1,11,0,12,0,11,80,0,91,0,12,91,0,103,170,0,170,273
06/28/2016,SFF,WA,ANM,WE,Federal Contract Tower,0,0,4,0,4,0,23,92,0,115,0,23,96,0,119,108,0,108,227
06/29/2016,SFF,WA,ANM,WE,Federal Contract Tower,0,0,14,0,14,0,8,82,0,90,0,8,96,0,104,117,0,117,221
06/30/2016,SFF,WA,ANM,WE,Federal Contract Tower,0,2,7,0,9,0,12,69,0,81,0,14,76,0,90,46,0,46,136
07/01/2016,SFF,WA,ANM,WE,Federal Contract Tower,0,1,14,0,15,0,19,63,0,82,0,20,77,0,97,98,0,98,195
07/02/2016,SFF,WA,ANM,WE,Federal Contract Tower,0,2,8,0,10,0,10,65,0,75,0,12,73,0,85,8,0,8,93
07/03/2016,SFF,WA,ANM,WE,Federal Contract Tower,0,1,6,0,7,0,8,17,0,25,0,9,23,0,32,4,0,4,36
07/04/2016,SFF,WA,ANM,WE,Federal Contract Tower,0,1,0,0,1,0,10,31,0,41,0,11,31,0,42,8,0,8,50
07/05/2016,SFF,WA,ANM,WE,Federal Contract Tower,0,0,6,0,6,0,18,49,0,67,0,18,55,0,73,47,0,47,120
07/06/2016,SFF,WA,ANM,WE,Federal Contract Tower,0,4,20,0,24,0,22,70,0,92,0,26,90,0,116,51,0,51,167
07/07/2016,SFF,WA,ANM,WE,Federal Contract Tower,0,1,11,0,12,0,17,84,0,101,0,18,95,0,113,115,0,115,228
07/08/2016,SFF,WA,ANM,WE,Federal Contract Tower,0,7,16,0,23,0,3,36,0,39,0,10,52,0,62,54,0,54,116
07/09/2016,SFF,WA,ANM,WE,Federal Contract Tower,0,6,8,0,14,0,9,40,0,49,0,15,48,0,63,4,0,4,67
07/10/2016,SFF,WA,ANM,WE,Federal Contract Tower,0,1,4,0,5,0,12,69,0,81,0,13,73,0,86,88,0,88,174
07/11/2016,SFF,WA,ANM,WE,Federal Contract Tower,0,2,15,0,17,0,5,46,0,51,0,7,61,0,68,28,0,28,96
07/12/2016,SFF,WA,ANM,WE,Federal Contract Tower,0,3,6,1,10,0,12,52,0,64,0,15,58,1,74,18,0,18,92
07/13/2016,SFF,WA,ANM,WE,Federal Contract Tower,0,3,14,0,17,0,19,82,0,101,0,22,96,0,118,67,0,67,185
07/14/2016,SFF,WA,ANM,WE,Federal Contract Tower,0,1,11,0,12,0,8,107,0,115,0,9,118,0,127,79,0,79,206
07/15/2016,SFF,WA,ANM,WE,Federal Contract Tower,0,1,15,0,16,0,19,86,0,105,0,20,101,0,121,60,0,60,181
07/16/2016,SFF,WA,ANM,WE,Federal Contract Tower,0,2,8,0,10,0,13,72,0,85,0,15,80,0,95,36,0,36,131
07/17/2016,SFF,WA,ANM,WE,Federal Contract Tower,0,1,5,0,6,0,7,65,0,72,0,8,70,0,78,51,0,51,129
07/18/2016,SFF,WA,ANM,WE,Federal Contract Tower,0,3,9,0,12,0,9,77,0,86,0,12,86,0,98,14,0,14,112
07/19/2016,SFF,WA,ANM,WE,Federal Contract Tower,0,3,13,0,16,0,5,91,0,96,0,8,104,0,112,63,0,63,175
07/20/2016,SFF,WA,ANM,WE,Federal Contract Tower,0,3,12,0,15,0,11,109,0,120,0,14,121,0,135,140,4,144,279
07/21/2016,SFF,WA,ANM,WE,Federal Contract Tower,0,1,8,0,9,0,36,113,0,149,0,37,121,0,158,101,0,101,259
07/22/2016,SFF,WA,ANM,WE,Federal Contract Tower,0,2,12,0,14,0,5,56,0,61,0,7,68,0,75,14,0,14,89
07/23/2016,SFF,WA,ANM,WE,Federal Contract Tower,0,2,8,0,10,0,20,99,0,119,0,22,107,0,129,70,0,70,199
07/24/2016,SFF,WA,ANM,WE,Federal Contract Tower,0,10,0,0,10,0,17,60,0,77,0,27,60,0,87,16,0,16,103
07/25/2016,SFF,WA,ANM,WE,Federal Contract Tower,0,2,13,0,15,0,5,111,0,116,0,7,124,0,131,118,0,118,249
07/26/2016,SFF,WA,ANM,WE,Federal Contract Tower,0,1,11,0,12,0,5,71,0,76,0,6,82,0,88,66,0,66,154
07/27/2016,SFF,WA,ANM,WE,Federal Contract Tower,0,0,9,0,9,0,21,99,0,120,0,21,108,0,129,147,0,147,276
07/28/2016,SFF,WA,ANM,WE,Federal Contract Tower,0,2,9,0,11,0,10,106,0,116,0,12,115,0,127,102,0,102,229
07/29/2016,SFF,WA,ANM,WE,Federal Contract Tower,0,2,11,0,13,0,18,128,0,146,0,20,139,0,159,124,0,124,283
07/30/2016,SFF,WA,ANM,WE,Federal Contract Tower,0,2,5,0,7,0,9,87,0,96,0,11,92,0,103,20,0,20,123
07/31/2016,SFF,WA,ANM,WE,Federal Contract Tower,0,0,13,0,13,0,24,85,0,109,0,24,98,0,122,19,0,19,141
08/01/2016,SFF,WA,ANM,WE,Federal Contract Tower,0,0,13,0,13,0,6,100,0,106,0,6,113,0,119,45,0,45,164
08/02/2016,SFF,WA,ANM,WE,Federal Contract Tower,0,4,10,0,14,0,20,99,0,119,0,24,109,0,133,54,0,54,187
08/03/2016,SFF,WA,ANM,WE,Federal Contract Tower,0,0,13,0,13,0,8,78,0,86,0,8,91,0,99,120,0,120,219
08/04/2016,SFF,WA,ANM,WE,Federal Contract Tower,0,19,0,0,19,0,17,92,0,109,0,36,92,0,128,230,0,230,358
08/05/2016,SFF,WA,ANM,WE,Federal Contract Tower,0,2,13,0,15,0,21,88,0,109,0,23,101,0,124,36,0,36,160
08/06/2016,SFF,WA,ANM,WE,Federal Contract Tower,0,4,7,0,11,0,7,100,0,107,0,11,107,0,118,119,0,119,237
08/07/2016,SFF,WA,ANM,WE,Federal Contract Tower,0,0,3,0,3,0,9,31,0,40,0,9,34,0,43,46,0,46,89
08/08/2016,SFF,WA,ANM,WE,Federal Contract Tower,0,2,15,0,17,0,11,91,0,102,0,13,106,0,119,132,0,132,251
08/09/2016,SFF,WA,ANM,WE,Federal Contract Tower,0,3,6,0,9,0,4,26,0,30,0,7,32,0,39,158,0,158,197
08/10/2016,SFF,WA,ANM,WE,Federal Contract Tower,0,3,15,0,18,0,6,117,0,123,0,9,132,0,141,209,0,209,350
08/11/2016,SFF,WA,ANM,WE,Federal Contract Tower,0,1,14,0,15,0,8,151,0,159,0,9,165,0,174,200,0,200,374
08/12/2016,SFF,WA,ANM,WE,Federal Contract Tower,0,2,15,1,18,0,21,106,0,127,0,23,121,1,145,98,0,98,243
08/13/2016,SFF,WA,ANM,WE,Federal Contract Tower,0,3,8,0,11,0,13,94,0,107,0,16,102,0,118,22,0,22,140
08/14/2016,SFF,WA,ANM,WE,Federal Contract Tower,0,4,12,0,16,0,13,80,0,93,0,17,92,0,109,48,0,48,157
08/15/2016,SFF,WA,ANM,WE,Federal Contract Tower,0,1,9,0,10,0,20,81,0,101,0,21,90,0,111,192,0,192,303
08/16/2016,SFF,WA,ANM,WE,Federal Contract Tower,0,0,6,0,6,0,5,101,0,106,0,5,107,0,112,142,0,142,254
08/17/2016,SFF,WA,ANM,WE,Federal Contract Tower,0,1,18,0,19,0,18,93,0,111,0,19,111,0,130,107,0,107,237
08/18/2016,SFF,WA,ANM,WE,Federal Contract Tower,0,1,8,1,10,0,15,92,0,107,0,16,100,1,117,98,0,98,215
08/19/2016,SFF,WA,ANM,WE,Federal Contract Tower,0,4,10,0,14,0,13,83,0,96,0,17,93,0,110,56,0,56,166
08/20/2016,SFF,WA,ANM,WE,Federal Contract Tower,0,2,8,0,10,0,15,130,0,145,0,17,138,0,155,63,0,63,218
08/21/2016,SFF,WA,ANM,WE,Federal Contract Tower,0,0,6,0,6,0,30,64,0,94,0,30,70,0,100,10,0,10,110
08/22/2016,SFF,WA,ANM,WE,Federal Contract Tower,0,0,16,0,16,0,5,110,0,115,0,5,126,0,131,50,0,50,181
08/23/2016,SFF,WA,ANM,WE,Federal Contract Tower,0,0,10,0,10,0,5,68,0,73,0,5,78,0,83,42,0,42,125
08/24/2016,SFF,WA,ANM,WE,Federal Contract Tower,0,1,14,0,15,0,10,136,0,146,0,11,150,0,161,106,0,106,267
08/25/2016,SFF,WA,ANM,WE,Federal Contract Tower,0,1,13,0,14,0,13,135,0,148,0,14,148,0,162,170,0,170,332
08/26/2016,SFF,WA,ANM,WE,Federal Contract Tower,0,1,12,4,17,0,7,133,0,140,0,8,145,4,157,122,0,122,279
08/27/2016,SFF,WA,ANM,WE,Federal Contract Tower,0,3,10,0,13,0,9,87,0,96,0,12,97,0,109,41,0,41,150
08/28/2016,SFF,WA,ANM,WE,Federal Contract Tower,0,1,11,0,12,0,7,86,0,93,0,8,97,0,105,44,0,44,149
08/29/2016,SFF,WA,ANM,WE,Federal Contract Tower,0,2,5,0,7,0,10,73,2,85,0,12,78,2,92,64,0,64,156
08/30/2016,SFF,WA,ANM,WE,Federal Contract Tower,0,2,24,0,26,0,17,93,0,110,0,19,117,0,136,200,0,200,336
08/31/2016,SFF,WA,ANM,WE,Federal Contract Tower,0,2,19,0,21,0,10,125,0,135,0,12,144,0,156,215,0,215,371
09/01/2016,SFF,WA,ANM,WE,Federal Contract Tower,0,2,7,0,9,0,18,95,0,113,0,20,102,0,122,192,0,192,314
09/02/2016,SFF,WA,ANM,WE,Federal Contract Tower,0,7,12,0,19,0,4,29,0,33,0,11,41,0,52,31,0,31,83
09/03/2016,SFF,WA,ANM,WE,Federal Contract Tower,0,4,8,0,12,0,7,111,0,118,0,11,119,0,130,28,0,28,158
09/04/2016,SFF,WA,ANM,WE,Federal Contract Tower,0,5,6,0,11,0,11,62,0,73,0,16,68,0,84,38,0,38,122
09/05/2016,SFF,WA,ANM,WE,Federal Contract Tower,0,2,8,0,10,0,7,61,0,68,0,9,69,0,78,60,0,60,138
09/06/2016,SFF,WA,ANM,WE,Federal Contract Tower,0,2,10,0,12,0,15,55,0,70,0,17,65,0,82,161,0,161,243
09/07/2016,SFF,WA,ANM,WE,Federal Contract Tower,0,3,18,0,21,0,4,54,0,58,0,7,72,0,79,57,0,57,136
09/08/2016,SFF,WA,ANM,WE,Federal Contract Tower,0,0,9,0,9,0,14,94,0,108,0,14,103,0,117,183,0,183,300
09/09/2016,SFF,WA,ANM,WE,Federal Contract Tower,0,1,15,0,16,0,8,128,0,136,0,9,143,0,152,159,0,159,311
09/10/2016,SFF,WA,ANM,WE,Federal Contract Tower,0,2,5,0,7,0,16,97,0,113,0,18,102,0,120,66,0,66,186
09/11/2016,SFF,WA,ANM,WE,Federal Contract Tower,0,3,7,0,10,0,25,64,0,89,0,28,71,0,99,16,0,16,115
09/12/2016,SFF,WA,ANM,WE,Federal Contract Tower,0,1,5,0,6,0,11,49,0,60,0,12,54,0,66,130,0,130,196
09/13/2016,SFF,WA,ANM,WE,Federal Contract Tower,0,0,2,0,2,0,9,96,0,105,0,9,98,0,107,200,0,200,307
09/14/2016,SFF,WA,ANM,WE,Federal Contract Tower,0,2,10,0,12,0,15,113,0,128,0,17,123,0,140,245,0,245,385
09/15/2016,SFF,WA,ANM,WE,Federal Contract Tower,0,3,8,0,11,0,10,126,0,136,0,13,134,0,147,135,0,135,282
09/16/2016,SFF,WA,ANM,WE,Federal Contract Tower,0,2,13,0,15,0,13,125,0,138,0,15,138,0,153,212,0,212,365
09/17/2016,SFF,WA,ANM,WE,Federal Contract Tower,0,2,3,0,5,0,2,20,0,22,0,4,23,0,27,54,0,54,81
09/18/2016,SFF,WA,ANM,WE,Federal Contract Tower,0,2,8,0,10,0,4,74,0,78,0,6,82,0,88,56,0,56,144
09/19/2016,SFF,WA,ANM,WE,Federal Contract Tower,0,4,10,0,14,0,10,58,0,68,0,14,68,0,82,92,0,92,174
09/20/2016,SFF,WA,ANM,WE,Federal Contract Tower,0,3,7,0,10,0,16,97,0,113,0,19,104,0,123,248,0,248,371
09/21/2016,SFF,WA,ANM,WE,Federal Contract Tower,0,2,16,0,18,0,5,98,3,106,0,7,114,3,124,235,4,239,363
09/22/2016,SFF,WA,ANM,WE,Federal Contract Tower,0,1,6,0,7,0,10,63,0,73,0,11,69,0,80,266,0,266,346
09/23/2016,SFF,WA,ANM,WE,Federal Contract Tower,0,7,14,0,21,0,10,81,0,91,0,17,95,0,112,214,0,214,326
09/24/2016,SFF,WA,ANM,WE,Federal Contract Tower,0,3,7,0,10,0,1,109,0,110,0,4,116,0,120,84,0,84,204
09/25/2016,SFF,WA,ANM,WE,Federal Contract Tower,0,0,11,0,11,0,7,107,0,114,0,7,118,0,125,94,0,94,219
09/26/2016,SFF,WA,ANM,WE,Federal Contract Tower,0,2,8,0,10,0,8,79,0,87,0,10,87,0,97,205,0,205,302
09/27/2016,SFF,WA,ANM,WE,Federal Contract Tower,0,2,10,0,12,0,7,82,0,89,0,9,92,0,101,80,0,80,181
09/28/2016,SFF,WA,ANM,WE,Federal Contract Tower,0,2,8,0,10,0,16,94,0,110,0,18,102,0,120,145,0,145,265
09/29/2016,SFF,WA,ANM,WE,Federal Contract Tower,0,2,15,0,17,0,12,104,0,116,0,14,119,0,133,0,162,162,295
09/30/2016,SFF,WA,ANM,WE,Federal Contract Tower,0,3,5,0,8,0,8,81,0,89,0,11,86,0,97,78,0,78,175
10/01/2016,SFF,WA,ANM,WE,Federal Contract Tower,0,8,5,0,13,0,12,42,0,54,0,20,47,0,67,45,0,45,112
10/02/2016,SFF,WA,ANM,WE,Federal Contract Tower,0,2,8,0,10,0,5,77,0,82,0,7,85,0,92,55,0,55,147
10/03/2016,SFF,WA,ANM,WE,Federal Contract Tower,0,0,12,0,12,0,4,63,0,67,0,4,75,0,79,254,0,254,333
10/04/2016,SFF,WA,ANM,WE,Federal Contract Tower,0,7,10,0,17,0,4,29,0,33,0,11,39,0,50,84,0,84,134
10/05/2016,SFF,WA,ANM,WE,Federal Contract Tower,0,5,19,2,26,0,13,44,0,57,0,18,63,2,83,128,0,128,211
10/06/2016,SFF,WA,ANM,WE,Federal Contract Tower,0,3,16,0,19,0,9,30,0,39,0,12,46,0,58,100,0,100,158
10/07/2016,SFF,WA,ANM,WE,Federal Contract Tower,0,5,16,0,21,0,3,27,0,30,0,8,43,0,51,60,0,60,111
10/08/2016,SFF,WA,ANM,WE,Federal Contract Tower,0,7,10,0,17,0,7,29,0,36,0,14,39,0,53,68,0,68,121
10/09/2016,SFF,WA,ANM,WE,Federal Contract Tower,0,11,10,0,21,0,8,23,0,31,0,19,33,0,52,17,0,17,69
10/10/2016,SFF,WA,ANM,WE,Federal Contract Tower,0,1,13,0,14,0,4,56,0,60,0,5,69,0,74,133,0,133,207
10/12/2016,SFF,WA,ANM,WE,Federal Contract Tower,0,2,17,0,19,0,11,150,0,161,0,13,167,0,180,168,0,168,348
10/13/2016,SFF,WA,ANM,WE,Federal Contract Tower,0,9,3,0,12,0,1,6,0,7,0,10,9,0,19,31,0,31,50
10/15/2016,SFF,WA,ANM,WE,Federal Contract Tower,0,3,1,0,4,0,13,7,0,20,0,16,8,0,24,22,0,22,46
10/16/2016,SFF,WA,ANM,WE,Federal Contract Tower,0,3,6,0,9,0,7,15,0,22,0,10,21,0,31,46,0,46,77
10/17/2016,SFF,WA,ANM,WE,Federal Contract Tower,0,4,10,0,14,0,6,21,0,27,0,10,31,0,41,20,0,20,61
10/18/2016,SFF,WA,ANM,WE,Federal Contract Tower,0,3,13,0,16,0,3,17,0,20,0,6,30,0,36,92,0,92,128
10/19/2016,SFF,WA,ANM,WE,Federal Contract Tower,0,5,25,0,30,0,8,102,0,110,0,13,127,0,140,80,0,80,220
10/20/2016,SFF,WA,ANM,WE,Federal Contract Tower,0,1,8,0,9,0,4,9,0,13,0,5,17,0,22,36,0,36,58
10/22/2016,SFF,WA,ANM,WE,Federal Contract Tower,0,2,9,0,11,0,6,53,0,59,0,8,62,0,70,58,0,58,128
10/23/2016,SFF,WA,ANM,WE,Federal Contract Tower,0,3,12,0,15,0,5,55,0,60,0,8,67,0,75,60,0,60,135
10/24/2016,SFF,WA,ANM,WE,Federal Contract Tower,0,5,10,0,15,0,5,84,0,89,0,10,94,0,104,125,0,125,229
10/25/2016,SFF,WA,ANM,WE,Federal Contract Tower,0,3,12,0,15,0,6,65,0,71,0,9,77,0,86,158,0,158,244
10/26/2016,SFF,WA,ANM,WE,Federal Contract Tower,0,2,9,0,11,0,0,7,0,7,0,2,16,0,18,0,0,0,18
10/27/2016,SFF,WA,ANM,WE,Federal Contract Tower,0,8,3,0,11,0,0,0,0,0,0,8,3,0,11,0,0,0,11
10/28/2016,SFF,WA,ANM,WE,Federal Contract Tower,0,3,24,0,27,0,12,73,0,85,0,15,97,0,112,258,0,258,370
10/29/2016,SFF,WA,ANM,WE,Federal Contract Tower,0,7,5,0,12,0,1,47,0,48,0,8,52,0,60,68,0,68,128
10/30/2016,SFF,WA,ANM,WE,Federal Contract Tower,0,8,3,0,11,0,6,18,0,24,0,14,21,0,35,8,0,8,43
10/31/2016,SFF,WA,ANM,WE,Federal Contract Tower,0,5,3,2,10,0,12,15,0,27,0,17,18,2,37,48,0,48,85
11/01/2016,SFF,WA,ANM,WE,Federal Contract Tower,0,2,12,1,15,0,2,57,0,59,0,4,69,1,74,149,0,149,223
11/02/2016,SFF,WA,ANM,WE,Federal Contract Tower,0,2,13,0,15,0,1,81,0,82,0,3,94,0,97,106,0,106,203
11/03/2016,SFF,WA,ANM,WE,Federal Contract Tower,0,1,18,0,19,0,12,90,0,102,0,13,108,0,121,232,0,232,353
11/04/2016,SFF,WA,ANM,WE,Federal Contract Tower,0,2,16,0,18,0,6,114,0,120,0,8,130,0,138,138,0,138,276
11/05/2016,SFF,WA,ANM,WE,Federal Contract Tower,0,3,4,0,7,0,7,108,0,115,0,10,112,0,122,108,0,108,230
11/06/2016,SFF,WA,ANM,WE,Federal Contract Tower,0,8,11,0,19,0,4,36,0,40,0,12,47,0,59,18,0,18,77
11/07/2016,SFF,WA,ANM,WE,Federal Contract Tower,0,2,5,2,9,0,3,89,0,92,0,5,94,2,101,148,0,148,249
11/08/2016,SFF,WA,ANM,WE,Federal Contract Tower,0,1,5,0,6,0,6,105,0,111,0,7,110,0,117,218,0,218,335
11/09/2016,SFF,WA,ANM,WE,Federal Contract Tower,0,1,22,6,29,0,3,62,0,65,0,4,84,6,94,176,0,176,270
11/10/2016,SFF,WA,ANM,WE,Federal Contract Tower,0,1,16,0,17,0,6,58,0,64,0,7,74,0,81,164,0,164,245
11/11/2016,SFF,WA,ANM,WE,Federal Contract Tower,0,2,17,0,19,0,9,89,0,98,0,11,106,0,117,240,0,240,357
11/12/2016,SFF,WA,ANM,WE,Federal Contract Tower,0,7,9,0,16,0,10,47,0,57,0,17,56,0,73,40,0,40,113
11/13/2016,SFF,WA,ANM,WE,Federal Contract Tower,0,1,11,0,12,0,9,39,0,48,0,10,50,0,60,44,0,44,104
11/14/2016,SFF,WA,ANM,WE,Federal Contract Tower,0,3,7,1,11,0,7,15,0,22,0,10,22,1,33,66,0,66,99
11/15/2016,SFF,WA,ANM,WE,Federal Contract Tower,0,3,8,0,11,0,3,14,0,17,0,6,22,0,28,49,0,49,77
11/16/2016,SFF,WA,ANM,WE,Federal Contract Tower,0,3,16,0,19,0,10,23,0,33,0,13,39,0,52,118,0,118,170
11/17/2016,SFF,WA,ANM,WE,Federal Contract Tower,0,3,12,0,15,0,2,20,0,22,0,5,32,0,37,40,0,40,77
11/18/2016,SFF,WA,ANM,WE,Federal Contract Tower,0,4,18,0,22,0,6,73,0,79,0,10,91,0,101,128,0,128,229
11/19/2016,SFF,WA,ANM,WE,Federal Contract Tower,0,5,9,0,14,0,4,11,0,15,0,9,20,0,29,27,0,27,56
11/20/2016,SFF,WA,ANM,WE,Federal Contract Tower,0,1,11,0,12,0,3,9,0,12,0,4,20,0,24,36,0,36,60
11/21/2016,SFF,WA,ANM,WE,Federal Contract Tower,0,5,6,0,11,0,2,23,3,28,0,7,29,3,39,118,12,130,169
11/22/2016,SFF,WA,ANM,WE,Federal Contract Tower,0,4,13,0,17,0,3,83,0,86,0,7,96,0,103,189,0,189,292
11/23/2016,SFF,WA,ANM,WE,Federal Contract Tower,0,1,16,0,17,0,0,0,0,0,0,1,16,0,17,7,0,7,24
11/24/2016,SFF,WA,ANM,WE,Federal Contract Tower,0,1,0,0,1,0,12,7,0,19,0,13,7,0,20,22,0,22,42
11/25/2016,SFF,WA,ANM,WE,Federal Contract Tower,0,4,6,0,10,0,9,14,0,23,0,13,20,0,33,12,0,12,45
11/26/2016,SFF,WA,ANM,WE,Federal Contract Tower,0,3,4,0,7,0,18,62,0,80,0,21,66,0,87,86,0,86,173
11/27/2016,SFF,WA,ANM,WE,Federal Contract Tower,0,3,8,0,11,0,1,17,0,18,0,4,25,0,29,32,0,32,61
11/28/2016,SFF,WA,ANM,WE,Federal Contract Tower,0,5,13,0,18,0,0,0,0,0,0,5,13,0,18,0,0,0,18
11/29/2016,SFF,WA,ANM,WE,Federal Contract Tower,0,5,9,0,14,0,0,5,0,5,0,5,14,0,19,18,26,44,63
11/30/2016,SFF,WA,ANM,WE,Federal Contract Tower,0,7,7,0,14,0,1,1,0,2,0,8,8,0,16,15,0,15,31
12/01/2016,SFF,WA,ANM,WE,Federal Contract Tower,0,8,32,0,40,0,2,21,0,23,0,10,53,0,63,120,0,120,183
12/02/2016,SFF,WA,ANM,WE,Federal Contract Tower,0,6,6,0,12,0,1,41,0,42,0,7,47,0,54,112,0,112,166
12/03/2016,SFF,WA,ANM,WE,Federal Contract Tower,0,3,4,0,7,0,8,52,0,60,0,11,56,0,67,110,0,110,177
12/04/2016,SFF,WA,ANM,WE,Federal Contract Tower,0,4,4,0,8,0,2,5,0,7,0,6,9,0,15,0,0,0,15
12/05/2016,SFF,WA,ANM,WE,Federal Contract Tower,0,3,6,0,9,0,5,67,0,72,0,8,73,0,81,234,0,234,315
12/06/2016,SFF,WA,ANM,WE,Federal Contract Tower,0,4,3,0,7,0,3,73,0,76,0,7,76,0,83,140,0,140,223
12/07/2016,SFF,WA,ANM,WE,Federal Contract Tower,0,3,7,0,10,0,14,79,0,93,0,17,86,0,103,128,0,128,231
12/08/2016,SFF,WA,ANM,WE,Federal Contract Tower,0,4,4,1,9,0,2,54,1,57,0,6,58,2,66,104,0,104,170
12/09/2016,SFF,WA,ANM,WE,Federal Contract Tower,0,3,6,0,9,0,0,1,0,1,0,3,7,0,10,0,0,0,10
12/10/2016,SFF,WA,ANM,WE,Federal Contract Tower,0,0,2,0,2,0,3,3,0,6,0,3,5,0,8,34,0,34,42
12/11/2016,SFF,WA,ANM,WE,Federal Contract Tower,0,3,13,0,16,0,0,0,0,0,0,3,13,0,16,2,0,2,18
12/12/2016,SFF,WA,ANM,WE,Federal Contract Tower,0,1,5,0,6,0,7,16,0,23,0,8,21,0,29,68,0,68,97
12/13/2016,SFF,WA,ANM,WE,Federal Contract Tower,0,10,13,0,23,0,2,47,0,49,0,12,60,0,72,86,0,86,158
12/14/2016,SFF,WA,ANM,WE,Federal Contract Tower,0,1,14,0,15,0,3,25,0,28,0,4,39,0,43,113,0,113,156
12/15/2016,SFF,WA,ANM,WE,Federal Contract Tower,0,5,7,0,12,0,2,8,0,10,0,7,15,0,22,28,0,28,50
12/16/2016,SFF,WA,ANM,WE,Federal Contract Tower,0,0,10,0,10,0,2,58,0,60,0,2,68,0,70,50,0,50,120
12/17/2016,SFF,WA,ANM,WE,Federal Contract Tower,0,5,8,0,13,0,2,37,0,39,0,7,45,0,52,58,0,58,110
12/18/2016,SFF,WA,ANM,WE,Federal Contract Tower,0,7,4,0,11,0,0,0,0,0,0,7,4,0,11,0,0,0,11
12/19/2016,SFF,WA,ANM,WE,Federal Contract Tower,0,3,6,0,9,0,0,3,0,3,0,3,9,0,12,0,0,0,12
12/20/2016,SFF,WA,ANM,WE,Federal Contract Tower,0,2,4,0,6,0,2,5,0,7,0,4,9,0,13,2,0,2,15
12/21/2016,SFF,WA,ANM,WE,Federal Contract Tower,0,3,14,1,18,0,7,73,0,80,0,10,87,1,98,100,0,100,198
12/22/2016,SFF,WA,ANM,WE,Federal Contract Tower,0,7,9,0,16,0,11,28,0,39,0,18,37,0,55,30,0,30,85
12/23/2016,SFF,WA,ANM,WE,Federal Contract Tower,0,2,7,0,9,0,0,1,0,1,0,2,8,0,10,0,0,0,10
12/24/2016,SFF,WA,ANM,WE,Federal Contract Tower,0,1,2,0,3,0,0,0,0,0,0,1,2,0,3,0,0,0,3
12/25/2016,SFF,WA,ANM,WE,Federal Contract Tower,0,2,2,0,4,0,0,0,0,0,0,2,2,0,4,0,0,0,4
12/26/2016,SFF,WA,ANM,WE,Federal Contract Tower,0,2,5,0,7,0,4,16,0,20,0,6,21,0,27,30,0,30,57
12/27/2016,SFF,WA,ANM,WE,Federal Contract Tower,0,7,3,0,10,0,3,4,0,7,0,10,7,0,17,30,0,30,47
12/28/2016,SFF,WA,ANM,WE,Federal Contract Tower,0,0,13,0,13,0,15,45,0,60,0,15,58,0,73,20,0,20,93
12/29/2016,SFF,WA,ANM,WE,Federal Contract Tower,0,3,4,2,9,0,7,27,0,34,0,10,31,2,43,48,0,48,91
12/30/2016,SFF,WA,ANM,WE,Federal Contract Tower,0,7,5,0,12,0,2,41,0,43,0,9,46,0,55,48,0,48,103
12/31/2016,SFF,WA,ANM,WE,Federal Contract Tower,0,2,3,0,5,0,6,34,0,40,0,8,37,0,45,42,0,42,87
01/01/2017,SFF,WA,ANM,WE,Federal Contract Tower,0,4,0,0,4,0,0,0,0,0,0,4,0,0,4,0,0,0,4
01/02/2017,SFF,WA,ANM,WE,Federal Contract Tower,0,4,5,0,9,0,1,11,0,12,0,5,16,0,21,16,0,16,37
01/03/2017,SFF,WA,ANM,WE,Federal Contract Tower,0,2,4,0,6,0,6,29,0,35,0,8,33,0,41,66,0,66,107
01/04/2017,SFF,WA,ANM,WE,Federal Contract Tower,0,0,14,0,14,0,10,54,0,64,0,10,68,0,78,142,0,142,220
01/05/2017,SFF,WA,ANM,WE,Federal Contract Tower,0,5,9,2,16,0,12,51,0,63,0,17,60,2,79,43,0,43,122
01/06/2017,SFF,WA,ANM,WE,Federal Contract Tower,0,1,8,0,9,0,6,67,0,73,0,7,75,0,82,76,0,76,158
01/07/2017,SFF,WA,ANM,WE,Federal Contract Tower,0,0,11,0,11,0,3,34,0,37,0,3,45,0,48,34,0,34,82
01/08/2017,SFF,WA,ANM,WE,Federal Contract Tower,0,1,1,0,2,0,0,6,0,6,0,1,7,0,8,34,0,34,42
01/09/2017,SFF,WA,ANM,WE,Federal Contract Tower,0,0,2,0,2,0,0,0,0,0,0,0,2,0,2,0,0,0,2
01/10/2017,SFF,WA,ANM,WE,Federal Contract Tower,0,3,5,0,8,0,0,3,0,3,0,3,8,0,11,0,0,0,11
01/11/2017,SFF,WA,ANM,WE,Federal Contract Tower,0,5,13,0,18,0,5,29,0,34,0,10,42,0,52,25,0,25,77
01/12/2017,SFF,WA,ANM,WE,Federal Contract Tower,0,2,14,0,16,0,4,49,0,53,0,6,63,0,69,55,0,55,124
01/13/2017,SFF,WA,ANM,WE,Federal Contract Tower,0,10,10,0,20,0,3,39,0,42,0,13,49,0,62,82,0,82,144
01/14/2017,SFF,WA,ANM,WE,Federal Contract Tower,0,6,6,0,12,0,4,25,0,29,0,10,31,0,41,94,0,94,135
01/15/2017,SFF,WA,ANM,WE,Federal Contract Tower,0,3,5,0,8,0,0,2,0,2,0,3,7,0,10,22,0,22,32
01/16/2017,SFF,WA,ANM,WE,Federal Contract Tower,0,4,9,0,13,0,0,0,0,0,0,4,9,0,13,0,0,0,13
01/17/2017,SFF,WA,ANM,WE,Federal Contract Tower,0,2,4,0,6,0,2,7,0,9,0,4,11,0,15,20,0,20,35
01/18/2017,SFF,WA,ANM,WE,Federal Contract Tower,0,1,3,0,4,0,5,15,0,20,0,6,18,0,24,44,0,44,68
01/19/2017,SFF,WA,ANM,WE,Federal Contract Tower,0,4,10,0,14,0,9,14,0,23,0,13,24,0,37,36,0,36,73
01/20/2017,SFF,WA,ANM,WE,Federal Contract Tower,0,5,11,0,16,0,7,68,0,75,0,12,79,0,91,56,0,56,147
01/21/2017,SFF,WA,ANM,WE,Federal Contract Tower,0,3,7,0,10,0,6,41,0,47,0,9,48,0,57,86,0,86,143
01/22/2017,SFF,WA,ANM,WE,Federal Contract Tower,0,5,4,0,9,0,3,11,0,14,0,8,15,0,23,12,0,12,35
01/23/2017,SFF,WA,ANM,WE,Federal Contract Tower,0,5,8,0,13,0,0,3,0,3,0,5,11,0,16,8,0,8,24
01/24/2017,SFF,WA,ANM,WE,Federal Contract Tower,0,2,10,0,12,0,0,5,0,5,0,2,15,0,17,25,0,25,42
01/25/2017,SFF,WA,ANM,WE,Federal Contract Tower,0,3,11,0,14,0,0,1,0,1,0,3,12,0,15,30,0,30,45
01/26/2017,SFF,WA,ANM,WE,Federal Contract Tower,0,4,14,0,18,0,0,10,0,10,0,4,24,0,28,126,0,126,154
01/27/2017,SFF,WA,ANM,WE,Federal Contract Tower,0,4,9,0,13,0,4,24,0,28,0,8,33,0,41,68,0,68,109
01/28/2017,SFF,WA,ANM,WE,Federal Contract Tower,0,5,7,0,12,0,5,63,0,68,0,10,70,0,80,141,0,141,221
01/29/2017,SFF,WA,ANM,WE,Federal Contract Tower,0,4,4,0,8,0,6,37,0,43,0,10,41,0,51,0,0,0,51
01/30/2017,SFF,WA,ANM,WE,Federal Contract Tower,0,4,14,0,18,0,3,45,0,48,0,7,59,0,66,86,0,86,152
01/31/2017,SFF,WA,ANM,WE,Federal Contract Tower,0,2,0,0,2,0,2,59,0,61,0,4,59,0,63,119,0,119,182
02/01/2017,SFF,WA,ANM,WE,Federal Contract Tower,0,2,11,0,13,0,12,68,0,80,0,14,79,0,93,138,0,138,231
02/02/2017,SFF,WA,ANM,WE,Federal Contract Tower,0,2,14,0,16,0,12,87,0,99,0,14,101,0,115,124,0,124,239
02/03/2017,SFF,WA,ANM,WE,Federal Contract Tower,0,1,4,0,5,0,0,0,0,0,0,1,4,0,5,0,0,0,5
02/04/2017,SFF,WA,ANM,WE,Federal Contract Tower,0,5,1,0,6,0,0,0,0,0,0,5,1,0,6,0,0,0,6
02/05/2017,SFF,WA,ANM,WE,Federal Contract Tower,0,5,3,0,8,0,0,0,0,0,0,5,3,0,8,0,0,0,8
02/06/2017,SFF,WA,ANM,WE,Federal Contract Tower,0,6,5,0,11,0,3,4,0,7,0,9,9,0,18,0,0,0,18
02/07/2017,SFF,WA,ANM,WE,Federal Contract Tower,0,6,7,0,13,0,7,44,0,51,0,13,51,0,64,254,0,254,318
02/08/2017,SFF,WA,ANM,WE,Federal Contract Tower,0,0,1,0,1,0,0,2,0,2,0,0,3,0,3,14,0,14,17
02/09/2017,SFF,WA,ANM,WE,Federal Contract Tower,0,12,3,0,15,0,4,5,0,9,0,16,8,0,24,48,0,48,72
02/10/2017,SFF,WA,ANM,WE,Federal Contract Tower,0,1,5,0,6,0,8,38,0,46,0,9,43,0,52,40,0,40,92
02/11/2017,SFF,WA,ANM,WE,Federal Contract Tower,0,0,9,0,9,0,11,105,0,116,0,11,114,0,125,90,2,92,217
02/12/2017,SFF,WA,ANM,WE,Federal Contract Tower,0,7,6,0,13,0,8,77,2,87,0,15,83,2,100,46,0,46,146
02/13/2017,SFF,WA,ANM,WE,Federal Contract Tower,0,3,10,0,13,0,3,102,0,105,0,6,112,0,118,114,0,114,232
02/14/2017,SFF,WA,ANM,WE,Federal Contract Tower,0,5,12,0,17,0,6,99,0,105,0,11,111,0,122,97,0,97,219
02/15/2017,SFF,WA,ANM,WE,Federal Contract Tower,0,3,4,0,7,0,0,3,0,3,0,3,7,0,10,48,0,48,58
02/16/2017,SFF,WA,ANM,WE,Federal Contract Tower,0,4,17,0,21,0,0,8,0,8,0,4,25,0,29,42,0,42,71
02/17/2017,SFF,WA,ANM,WE,Federal Contract Tower,0,4,18,0,22,0,4,66,0,70,0,8,84,0,92,104,0,104,196
02/18/2017,SFF,WA,ANM,WE,Federal Contract Tower,0,4,1,0,5,0,3,4,0,7,0,7,5,0,12,19,0,19,31
02/19/2017,SFF,WA,ANM,WE,Federal Contract Tower,0,4,4,0,8,0,0,16,0,16,0,4,20,0,24,40,0,40,64
02/20/2017,SFF,WA,ANM,WE,Federal Contract Tower,0,7,12,0,19,0,0,7,0,7,0,7,19,0,26,50,0,50,76
02/21/2017,SFF,WA,ANM,WE,Federal Contract Tower,0,5,7,0,12,0,0,0,0,0,0,5,7,0,12,0,0,0,12
02/22/2017,SFF,WA,ANM,WE,Federal Contract Tower,0,7,16,0,23,0,3,24,0,27,0,10,40,0,50,39,0,39,89
02/23/2017,SFF,WA,ANM,WE,Federal Contract Tower,0,7,19,0,26,0,3,44,0,47,0,10,63,0,73,78,0,78,151
02/24/2017,SFF,WA,ANM,WE,Federal Contract Tower,0,6,13,0,19,0,9,21,0,30,0,15,34,0,49,19,0,19,68
02/25/2017,SFF,WA,ANM,WE,Federal Contract Tower,0,0,19,0,19,0,4,64,0,68,0,4,83,0,87,57,0,57,144
02/26/2017,SFF,WA,ANM,WE,Federal Contract Tower,0,4,4,0,8,0,0,0,0,0,0,4,4,0,8,0,0,0,8
02/27/2017,SFF,WA,ANM,WE,Federal Contract Tower,0,4,7,0,11,0,0,1,0,1,0,4,8,0,12,6,0,6,18
02/28/2017,SFF,WA,ANM,WE,Federal Contract Tower,0,5,17,0,22,0,7,87,0,94,0,12,104,0,116,159,0,159,275
03/01/2017,SFF,WA,ANM,WE,Federal Contract Tower,0,1,11,0,12,0,4,38,0,42,0,5,49,0,54,120,0,120,174
03/02/2017,SFF,WA,ANM,WE,Federal Contract Tower,0,5,8,0,13,0,4,53,0,57,0,9,61,0,70,80,0,80,150
03/03/2017,SFF,WA,ANM,WE,Federal Contract Tower,0,4,4,0,8,0,7,41,0,48,0,11,45,0,56,72,0,72,128
03/04/2017,SFF,WA,ANM,WE,Federal Contract Tower,0,2,4,0,6,0,0,56,0,56,0,2,60,0,62,96,0,96,158
03/05/2017,SFF,WA,ANM,WE,Federal Contract Tower,0,1,9,0,10,0,4,11,0,15,0,5,20,0,25,23,0,23,48
03/06/2017,SFF,WA,ANM,WE,Federal Contract Tower,0,4,14,0,18,0,6,34,0,40,0,10,48,0,58,23,0,23,81
03/07/2017,SFF,WA,ANM,WE,Federal Contract Tower,0,2,9,0,11,0,2,4,0,6,0,4,13,0,17,0,0,0,17
03/08/2017,SFF,WA,ANM,WE,Federal Contract Tower,0,5,13,0,18,0,8,84,0,92,0,13,97,0,110,76,0,76,186
03/09/2017,SFF,WA,ANM,WE,Federal Contract Tower,0,4,3,0,7,0,0,2,0,2,0,4,5,0,9,47,0,47,56
03/10/2017,SFF,WA,ANM,WE,Federal Contract Tower,0,1,6,0,7,0,8,35,0,43,0,9,41,0,50,96,0,96,146
03/11/2017,SFF,WA,ANM,WE,Federal Contract Tower,0,1,11,0,12,0,9,50,0,59,0,10,61,0,71,70,0,70,141
03/12/2017,SFF,WA,ANM,WE,Federal Contract Tower,0,1,8,0,9,0,10,43,0,53,0,11,51,0,62,59,0,59,121
03/13/2017,SFF,WA,ANM,WE,Federal Contract Tower,0,1,12,0,13,0,0,26,0,26,0,1,38,0,39,130,0,130,169
03/14/2017,SFF,WA,ANM,WE,Federal Contract Tower,0,3,13,0,16,0,3,23,0,26,0,6,36,0,42,112,0,112,154
03/15/2017,SFF,WA,ANM,WE,Federal Contract Tower,0,5,11,0,16,0,2,26,0,28,0,7,37,0,44,64,0,64,108
03/16/2017,SFF,WA,ANM,WE,Federal Contract Tower,0,6,15,2,23,0,10,90,0,100,0,16,105,2,123,43,0,43,166
03/17/2017,SFF,WA,ANM,WE,Federal Contract Tower,0,3,14,0,17,0,8,75,0,83,0,11,89,0,100,200,0,200,300
03/18/2017,SFF,WA,ANM,WE,Federal Contract Tower,0,6,6,0,12,0,6,1,0,7,0,12,7,0,19,8,0,8,27
03/19/2017,SFF,WA,ANM,WE,Federal Contract Tower,0,3,13,0,16,0,11,137,0,148,0,14,150,0,164,109,0,109,273
03/20/2017,SFF,WA,ANM,WE,Federal Contract Tower,0,1,5,0,6,0,25,76,0,101,0,26,81,0,107,190,0,190,297
03/21/2017,SFF,WA,ANM,WE,Federal Contract Tower,0,2,16,0,18,0,5,52,0,57,0,7,68,0,75,232,0,232,307
03/22/2017,SFF,WA,ANM,WE,Federal Contract Tower,0,1,21,0,22,0,10,38,0,48,0,11,59,0,70,87,0,87,157
03/23/2017,SFF,WA,ANM,WE,Federal Contract Tower,0,1,31,1,33,0,6,99,1,106,0,7,130,2,139,140,0,140,279
03/24/2017,SFF,WA,ANM,WE,Federal Contract Tower,0,2,3,0,5,0,0,6,0,6,0,2,9,0,11,68,0,68,79
03/25/2017,SFF,WA,ANM,WE,Federal Contract Tower,0,5,6,0,11,0,5,27,0,32,0,10,33,0,43,12,0,12,55
03/26/2017,SFF,WA,ANM,WE,Federal Contract Tower,0,2,7,0,9,0,9,39,0,48,0,11,46,0,57,24,0,24,81
03/27/2017,SFF,WA,ANM,WE,Federal Contract Tower,0,9,10,0,19,0,5,29,0,34,0,14,39,0,53,141,0,141,194
03/28/2017,SFF,WA,ANM,WE,Federal Contract Tower,0,3,8,0,11,0,8,35,1,44,0,11,43,1,55,218,0,218,273
03/29/2017,SFF,WA,ANM,WE,Federal Contract Tower,0,6,9,0,15,0,0,5,0,5,0,6,14,0,20,26,0,26,46
03/30/2017,SFF,WA,ANM,WE,Federal Contract Tower,0,2,21,0,23,0,7,104,0,111,0,9,125,0,134,174,0,174,308
03/31/2017,SFF,WA,ANM,WE,Federal Contract Tower,0,1,20,0,21,0,8,134,0,142,0,9,154,0,163,142,0,142,305
04/01/2017,SFF,WA,ANM,WE,Federal Contract Tower,0,2,17,2,21,0,0,0,0,0,0,2,17,2,21,28,0,28,49
04/02/2017,SFF,WA,ANM,WE,Federal Contract Tower,0,0,8,0,8,0,7,51,0,58,0,7,59,0,66,24,0,24,90
04/03/2017,SFF,WA,ANM,WE,Federal Contract Tower,0,3,16,0,19,0,5,76,0,81,0,8,92,0,100,212,0,212,312
04/04/2017,SFF,WA,ANM,WE,Federal Contract Tower,0,1,13,0,14,0,18,103,0,121,0,19,116,0,135,180,0,180,315
04/05/2017,SFF,WA,ANM,WE,Federal Contract Tower,0,0,11,0,11,0,16,83,0,99,0,16,94,0,110,124,0,124,234
04/06/2017,SFF,WA,ANM,WE,Federal Contract Tower,0,5,11,0,16,0,6,50,0,56,0,11,61,0,72,85,0,85,157
04/07/2017,SFF,WA,ANM,WE,Federal Contract Tower,0,2,3,0,5,0,5,4,0,9,0,7,7,0,14,0,0,0,14
04/08/2017,SFF,WA,ANM,WE,Federal Contract Tower,0,2,1,0,3,0,0,6,0,6,0,2,7,0,9,10,0,10,19
04/09/2017,SFF,WA,ANM,WE,Federal Contract Tower,0,1,12,0,13,0,12,55,0,67,0,13,67,0,80,54,0,54,134
04/10/2017,SFF,WA,ANM,WE,Federal Contract Tower,0,1,5,1,7,0,1,6,1,8,0,2,11,2,15,26,0,26,41
04/11/2017,SFF,WA,ANM,WE,Federal Contract Tower,0,2,20,0,22,0,9,162,0,171,0,11,182,0,193,218,0,218,411
04/12/2017,SFF,WA,ANM,WE,Federal Contract Tower,0,8,16,0,24,0,5,14,2,21,0,13,30,2,45,44,2,46,91
04/13/2017,SFF,WA,ANM,WE,Federal Contract Tower,0,0,15,0,15,0,10,39,0,49,0,10,54,0,64,61,0,61,125
04/14/2017,SFF,WA,ANM,WE,Federal Contract Tower,0,5,13,0,18,0,16,39,0,55,0,21,52,0,73,54,0,54,127
04/15/2017,SFF,WA,ANM,WE,Federal Contract Tower,0,2,8,0,10,0,5,76,0,81,0,7,84,0,91,46,0,46,137
04/16/2017,SFF,WA,ANM,WE,Federal Contract Tower,0,4,4,0,8,0,12,61,0,73,0,16,65,0,81,38,0,38,119
04/17/2017,SFF,WA,ANM,WE,Federal Contract Tower,0,5,10,0,15,0,4,13,0,17,0,9,23,0,32,66,0,66,98
04/18/2017,SFF,WA,ANM,WE,Federal Contract Tower,0,2,9,0,11,0,7,16,0,23,0,9,25,0,34,95,0,95,129
04/19/2017,SFF,WA,ANM,WE,Federal Contract Tower,0,1,23,0,24,0,11,168,0,179,0,12,191,0,203,258,0,258,461
04/20/2017,SFF,WA,ANM,WE,Federal Contract Tower,0,5,14,0,19,0,5,14,0,19,0,10,28,0,38,218,0,218,256
04/21/2017,SFF,WA,ANM,WE,Federal Contract Tower,0,3,22,0,25,0,5,127,2,134,0,8,149,2,159,139,0,139,298
04/22/2017,SFF,WA,ANM,WE,Federal Contract Tower,0,0,4,0,4,0,18,79,0,97,0,18,83,0,101,84,0,84,185
04/23/2017,SFF,WA,ANM,WE,Federal Contract Tower,0,0,5,0,5,0,13,28,0,41,0,13,33,0,46,64,0,64,110
04/24/2017,SFF,WA,ANM,WE,Federal Contract Tower,0,1,7,0,8,0,12,43,0,55,0,13,50,0,63,266,0,266,329
04/25/2017,SFF,WA,ANM,WE,Federal Contract Tower,0,3,12,0,15,0,7,13,0,20,0,10,25,0,35,187,0,187,222
04/26/2017,SFF,WA,ANM,WE,Federal Contract Tower,0,4,12,0,16,0,7,27,0,34,0,11,39,0,50,60,0,60,110
04/27/2017,SFF,WA,ANM,WE,Federal Contract Tower,0,0,16,0,16,0,5,70,0,75,0,5,86,0,91,94,0,94,185
04/28/2017,SFF,WA,ANM,WE,Federal Contract Tower,0,1,21,0,22,0,5,80,0,85,0,6,101,0,107,166,0,166,273
04/29/2017,SFF,WA,ANM,WE,Federal Contract Tower,0,1,10,0,11,0,21,99,0,120,0,22,109,0,131,136,0,136,267
04/30/2017,SFF,WA,ANM,WE,Federal Contract Tower,0,0,7,0,7,0,8,31,0,39,0,8,38,0,46,18,0,18,64
05/01/2017,SFF,WA,ANM,WE,Federal Contract Tower,0,6,19,0,25,0,8,57,0,65,0,14,76,0,90,164,0,164,254
05/02/2017,SFF,WA,ANM,WE,Federal Contract Tower,0,5,18,0,23,0,8,79,0,87,0,13,97,0,110,279,0,279,389
05/03/2017,SFF,WA,ANM,WE,Federal Contract Tower,0,1,17,0,18,0,17,119,0,136,0,18,136,0,154,218,0,218,372
05/04/2017,SFF,WA,ANM,WE,Federal Contract Tower,0,2,18,0,20,0,23,140,2,165,0,25,158,2,185,202,0,202,387
05/05/2017,SFF,WA,ANM,WE,Federal Contract Tower,0,2,15,0,17,0,6,36,0,42,0,8,51,0,59,114,0,114,173
05/06/2017,SFF,WA,ANM,WE,Federal Contract Tower,0,4,8,0,12,0,4,23,0,27,0,8,31,0,39,12,0,12,51
05/07/2017,SFF,WA,ANM,WE,Federal Contract Tower,0,0,7,0,7,0,16,71,2,89,0,16,78,2,96,62,0,62,158
05/08/2017,SFF,WA,ANM,WE,Federal Contract Tower,0,2,14,0,16,0,16,114,0,130,0,18,128,0,146,150,0,150,296
05/09/2017,SFF,WA,ANM,WE,Federal Contract Tower,0,2,19,0,21,0,9,155,0,164,0,11,174,0,185,149,0,149,334
05/10/2017,SFF,WA,ANM,WE,Federal Contract Tower,0,1,9,0,10,0,16,139,0,155,0,17,148,0,165,210,0,210,375
05/11/2017,SFF,WA,ANM,WE,Federal Contract Tower,0,3,11,2,16,0,12,72,0,84,0,15,83,2,100,132,0,132,232
05/12/2017,SFF,WA,ANM,WE,Federal Contract Tower,0,2,17,0,19,0,8,57,0,65,0,10,74,0,84,148,0,148,232
05/13/2017,SFF,WA,ANM,WE,Federal Contract Tower,0,4,11,0,15,0,7,46,0,53,0,11,57,0,68,22,0,22,90
05/14/2017,SFF,WA,ANM,WE,Federal Contract Tower,0,3,7,0,10,0,2,13,0,15,0,5,20,0,25,28,0,28,53
05/15/2017,SFF,WA,ANM,WE,Federal Contract Tower,0,6,17,0,23,0,10,85,0,95,0,16,102,0,118,248,0,248,366
05/16/2017,SFF,WA,ANM,WE,Federal Contract Tower,0,5,9,0,14,0,2,8,0,10,0,7,17,0,24,69,0,69,93
05/17/2017,SFF,WA,ANM,WE,Federal Contract Tower,0,1,19,2,22,0,15,56,0,71,0,16,75,2,93,220,0,220,313
05/18/2017,SFF,WA,ANM,WE,Federal Contract Tower,0,2,21,0,23,0,15,113,0,128,0,17,134,0,151,330,0,330,481
05/19/2017,SFF,WA,ANM,WE,Federal Contract Tower,0,1,7,0,8,0,22,129,0,151,0,23,136,0,159,233,0,233,392
05/20/2017,SFF,WA,ANM,WE,Federal Contract Tower,0,2,8,0,10,0,9,35,0,44,0,11,43,0,54,66,0,66,120
05/21/2017,SFF,WA,ANM,WE,Federal Contract Tower,0,1,8,0,9,0,6,121,0,127,0,7,129,0,136,100,0,100,236
05/22/2017,SFF,WA,ANM,WE,Federal Contract Tower,0,2,21,0,23,0,10,135,1,146,0,12,156,1,169,234,0,234,403
05/23/2017,SFF,WA,ANM,WE,Federal Contract Tower,0,0,11,0,11,0,7,113,0,120,0,7,124,0,131,44,0,44,175
05/24/2017,SFF,WA,ANM,WE,Federal Contract Tower,0,1,18,0,19,0,22,77,0,99,0,23,95,0,118,88,0,88,206
05/25/2017,SFF,WA,ANM,WE,Federal Contract Tower,0,5,8,0,13,0,7,108,0,115,0,12,116,0,128,211,0,211,339
05/26/2017,SFF,WA,ANM,WE,Federal Contract Tower,0,2,13,0,15,0,13,110,0,123,0,15,123,0,138,175,0,175,313
05/27/2017,SFF,WA,ANM,WE,Federal Contract Tower,0,2,9,0,11,0,14,96,0,110,0,16,105,0,121,48,0,48,169
05/28/2017,SFF,WA,ANM,WE,Federal Contract Tower,0,0,1,0,1,0,5,64,0,69,0,5,65,0,70,12,0,12,82
05/29/2017,SFF,WA,ANM,WE,Federal Contract Tower,0,0,9,0,9,0,22,83,0,105,0,22,92,0,114,33,0,33,147
05/30/2017,SFF,WA,ANM,WE,Federal Contract Tower,0,3,8,0,11,0,14,104,0,118,0,17,112,0,129,214,0,214,343
05/31/2017,SFF,WA,ANM,WE,Federal Contract Tower,0,4,15,0,19,0,14,118,0,132,0,18,133,0,151,215,0,215,366
06/01/2017,SFF,WA,ANM,WE,Federal Contract Tower,0,6,21,0,27,0,11,91,0,102,0,17,112,0,129,259,0,259,388
06/02/2017,SFF,WA,ANM,WE,Federal Contract Tower,0,1,18,0,19,0,16,132,0,148,0,17,150,0,167,222,0,222,389
06/03/2017,SFF,WA,ANM,WE,Federal Contract Tower,0,4,7,0,11,0,15,321,0,336,0,19,328,0,347,69,0,69,416
06/04/2017,SFF,WA,ANM,WE,Federal Contract Tower,0,7,9,0,16,0,9,29,0,38,0,16,38,0,54,32,0,32,86
06/05/2017,SFF,WA,ANM,WE,Federal Contract Tower,0,1,13,0,14,0,2,126,0,128,0,3,139,0,142,288,0,288,430
06/06/2017,SFF,WA,ANM,WE,Federal Contract Tower,0,7,3,0,10,0,5,143,0,148,0,12,146,0,158,234,0,234,392
06/07/2017,SFF,WA,ANM,WE,Federal Contract Tower,0,3,8,0,11,0,15,123,0,138,0,18,131,0,149,369,0,369,518
06/08/2017,SFF,WA,ANM,WE,Federal Contract Tower,0,8,15,0,23,0,7,68,0,75,0,15,83,0,98,214,0,214,312
06/09/2017,SFF,WA,ANM,WE,Federal Contract Tower,0,1,11,0,12,0,7,114,0,121,0,8,125,0,133,184,0,184,317
06/10/2017,SFF,WA,ANM,WE,Federal Contract Tower,0,7,7,0,14,0,8,110,0,118,0,15,117,0,132,42,0,42,174
06/11/2017,SFF,WA,ANM,WE,Federal Contract Tower,0,2,3,0,5,0,2,106,0,108,0,4,109,0,113,20,0,20,133
06/12/2017,SFF,WA,ANM,WE,Federal Contract Tower,0,1,9,0,10,0,11,106,0,117,0,12,115,0,127,176,0,176,303
06/13/2017,SFF,WA,ANM,WE,Federal Contract Tower,0,1,12,0,13,0,11,83,0,94,0,12,95,0,107,190,0,190,297
06/14/2017,SFF,WA,ANM,WE,Federal Contract Tower,0,1,15,0,16,0,7,107,2,116,0,8,122,2,132,201,0,201,333
06/15/2017,SFF,WA,ANM,WE,Federal Contract Tower,0,5,16,0,21,0,3,81,0,84,0,8,97,0,105,244,0,244,349
06/16/2017,SFF,WA,ANM,WE,Federal Contract Tower,0,7,11,0,18,0,5,27,0,32,0,12,38,0,50,126,0,126,176
06/17/2017,SFF,WA,ANM,WE,Federal Contract Tower,0,4,8,0,12,0,7,127,0,134,0,11,135,0,146,56,0,56,202
06/18/2017,SFF,WA,ANM,WE,Federal Contract Tower,0,2,10,0,12,0,2,113,0,115,0,4,123,0,127,52,0,52,179
06/19/2017,SFF,WA,ANM,WE,Federal Contract Tower,0,3,8,0,11,0,0,102,0,102,0,3,110,0,113,221,0,221,334
06/20/2017,SFF,WA,ANM,WE,Federal Contract Tower,0,2,10,2,14,0,18,96,0,114,0,20,106,2,128,228,0,228,356
06/21/2017,SFF,WA,ANM,WE,Federal Contract Tower,0,2,22,0,24,0,5,108,0,113,0,7,130,0,137,158,0,158,295
06/22/2017,SFF,WA,ANM,WE,Federal Contract Tower,0,3,8,0,11,0,10,110,0,120,0,13,118,0,131,110,0,110,241
06/23/2017,SFF,WA,ANM,WE,Federal Contract Tower,0,1,10,0,11,0,3,125,0,128,0,4,135,0,139,194,0,194,333
06/24/2017,SFF,WA,ANM,WE,Federal Contract Tower,0,2,6,0,8,0,13,134,0,147,0,15,140,0,155,144,0,144,299
06/25/2017,SFF,WA,ANM,WE,Federal Contract Tower,0,1,10,0,11,0,4,92,0,96,0,5,102,0,107,34,0,34,141
06/27/2017,SFF,WA,ANM,WE,Federal Contract Tower,0,2,5,0,7,0,2,83,0,85,0,4,88,0,92,136,0,136,228
06/28/2017,SFF,WA,ANM,WE,Federal Contract Tower,0,6,11,0,17,0,16,94,0,110,0,22,105,0,127,156,0,156,283
06/29/2017,SFF,WA,ANM,WE,Federal Contract Tower,0,1,16,2,19,0,9,91,1,101,0,10,107,3,120,131,0,131,251
06/30/2017,SFF,WA,ANM,WE,Federal Contract Tower,0,4,19,0,23,0,22,95,0,117,0,26,114,0,140,127,0,127,267
07/01/2017,SFF,WA,ANM,WE,Federal Contract Tower,0,5,8,0,13,0,14,93,0,107,0,19,101,0,120,64,0,64,184
07/02/2017,SFF,WA,ANM,WE,Federal Contract Tower,0,0,7,0,7,0,3,57,0,60,0,3,64,0,67,18,0,18,85
07/03/2017,SFF,WA,ANM,WE,Federal Contract Tower,0,3,6,0,9,0,11,76,0,87,0,14,82,0,96,9,0,9,105
07/04/2017,SFF,WA,ANM,WE,Federal Contract Tower,0,1,1,0,2,0,10,57,0,67,0,11,58,0,69,2,0,2,71
07/05/2017,SFF,WA,ANM,WE,Federal Contract Tower,0,4,10,0,14,0,8,70,0,78,0,12,80,0,92,48,0,48,140
07/06/2017,SFF,WA,ANM,WE,Federal Contract Tower,0,3,7,0,10,0,9,68,0,77,0,12,75,0,87,76,0,76,163
07/07/2017,SFF,WA,ANM,WE,Federal Contract Tower,0,3,4,0,7,0,0,0,0,0,0,3,4,0,7,51,0,51,58
07/08/2017,SFF,WA,ANM,WE,Federal Contract Tower,0,1,18,0,19,0,10,92,0,102,0,11,110,0,121,81,0,81,202
07/09/2017,SFF,WA,ANM,WE,Federal Contract Tower,0,0,8,2,10,0,11,71,0,82,0,11,79,2,92,59,0,59,151
07/10/2017,SFF,WA,ANM,WE,Federal Contract Tower,0,1,21,0,22,0,9,71,0,80,0,10,92,0,102,98,0,98,200
07/11/2017,SFF,WA,ANM,WE,Federal Contract Tower,0,1,5,0,6,0,5,105,0,110,0,6,110,0,116,60,0,60,176
07/12/2017,SFF,WA,ANM,WE,Federal Contract Tower,0,2,18,0,20,0,7,82,0,89,0,9,100,0,109,100,0,100,209
07/13/2017,SFF,WA,ANM,WE,Federal Contract Tower,0,1,7,0,8,0,7,79,0,86,0,8,86,0,94,0,0,0,94
07/14/2017,SFF,WA,ANM,WE,Federal Contract Tower,0,1,12,0,13,0,5,88,0,93,0,6,100,0,106,53,0,53,159
07/15/2017,SFF,WA,ANM,WE,Federal Contract Tower,0,4,6,0,10,0,10,110,0,120,0,14,116,0,130,49,0,49,179
07/16/2017,SFF,WA,ANM,WE,Federal Contract Tower,0,2,12,0,14,0,10,52,0,62,0,12,64,0,76,8,0,8,84
07/17/2017,SFF,WA,ANM,WE,Federal Contract Tower,0,2,6,0,8,0,13,111,0,124,0,15,117,0,132,54,0,54,186
07/18/2017,SFF,WA,ANM,WE,Federal Contract Tower,0,1,18,0,19,0,9,74,0,83,0,10,92,0,102,28,0,28,130
07/19/2017,SFF,WA,ANM,WE,Federal Contract Tower,0,6,18,0,24,0,10,127,0,137,0,16,145,0,161,37,0,37,198
07/20/2017,SFF,WA,ANM,WE,Federal Contract Tower,0,1,12,0,13,0,16,99,0,115,0,17,111,0,128,40,0,40,168
07/21/2017,SFF,WA,ANM,WE,Federal Contract Tower,0,1,7,0,8,0,19,82,0,101,0,20,89,0,109,50,0,50,159
07/22/2017,SFF,WA,ANM,WE,Federal Contract Tower,0,3,9,0,12,0,10,103,0,113,0,13,112,0,125,32,0,32,157
07/23/2017,SFF,WA,ANM,WE,Federal Contract Tower,0,1,7,0,8,0,6,59,0,65,0,7,66,0,73,0,0,0,73
07/24/2017,SFF,WA,ANM,WE,Federal Contract Tower,0,6,12,0,18,0,11,89,0,100,0,17,101,0,118,78,0,78,196
07/25/2017,SFF,WA,ANM,WE,Federal Contract Tower,0,1,11,0,12,0,10,101,0,111,0,11,112,0,123,58,0,58,181
07/26/2017,SFF,WA,ANM,WE,Federal Contract Tower,0,1,12,0,13,0,9,74,0,83,0,10,86,0,96,96,0,96,192
07/27/2017,SFF,WA,ANM,WE,Federal Contract Tower,0,4,14,0,18,0,9,85,0,94,0,13,99,0,112,56,0,56,168
07/28/2017,SFF,WA,ANM,WE,Federal Contract Tower,0,3,10,0,13,0,15,111,0,126,0,18,121,0,139,97,0,97,236
07/29/2017,SFF,WA,ANM,WE,Federal Contract Tower,0,2,7,0,9,0,11,74,0,85,0,13,81,0,94,26,0,26,120
07/30/2017,SFF,WA,ANM,WE,Federal Contract Tower,0,0,9,0,9,0,15,53,0,68,0,15,62,0,77,54,0,54,131
07/31/2017,SFF,WA,ANM,WE,Federal Contract Tower,0,2,10,0,12,0,9,117,0,126,0,11,127,0,138,60,0,60,198
08/01/2017,SFF,WA,ANM,WE,Federal Contract Tower,0,2,17,2,21,0,13,91,0,104,0,15,108,2,125,90,0,90,215
08/02/2017,SFF,WA,ANM,WE,Federal Contract Tower,0,1,5,0,6,0,7,79,0,86,0,8,84,0,92,56,0,56,148
08/03/2017,SFF,WA,ANM,WE,Federal Contract Tower,0,2,6,0,8,0,9,76,0,85,0,11,82,0,93,104,0,104,197
08/04/2017,SFF,WA,ANM,WE,Federal Contract Tower,0,3,13,0,16,0,4,82,0,86,0,7,95,0,102,124,0,124,226
08/05/2017,SFF,WA,ANM,WE,Federal Contract Tower,0,7,8,0,15,0,8,92,0,100,0,15,100,0,115,40,0,40,155
08/06/2017,SFF,WA,ANM,WE,Federal Contract Tower,0,0,6,0,6,0,9,56,0,65,0,9,62,0,71,44,0,44,115
08/07/2017,SFF,WA,ANM,WE,Federal Contract Tower,0,1,12,0,13,0,12,65,0,77,0,13,77,0,90,163,0,163,253
08/08/2017,SFF,WA,ANM,WE,Federal Contract Tower,0,3,10,0,13,0,3,86,0,89,0,6,96,0,102,150,0,150,252
08/09/2017,SFF,WA,ANM,WE,Federal Contract Tower,0,1,14,0,15,0,3,62,0,65,0,4,76,0,80,38,0,38,118
08/10/2017,SFF,WA,ANM,WE,Federal Contract Tower,0,6,22,0,28,0,3,44,0,47,0,9,66,0,75,64,0,64,139
08/11/2017,SFF,WA,ANM,WE,Federal Contract Tower,0,5,19,1,25,0,9,56,1,66,0,14,75,2,91,42,0,42,133
08/12/2017,SFF,WA,ANM,WE,Federal Contract Tower,0,1,8,0,9,0,5,37,0,42,0,6,45,0,51,8,0,8,59
08/13/2017,SFF,WA,ANM,WE,Federal Contract Tower,0,6,11,0,17,0,7,34,0,41,0,13,45,0,58,14,0,14,72
08/14/2017,SFF,WA,ANM,WE,Federal Contract Tower,0,3,12,0,15,0,11,118,0,129,0,14,130,0,144,172,0,172,316
08/15/2017,SFF,WA,ANM,WE,Federal Contract Tower,0,7,7,0,14,0,16,91,0,107,0,23,98,0,121,55,0,55,176
08/16/2017,SFF,WA,ANM,WE,Federal Contract Tower,0,1,8,0,9,0,6,100,0,106,0,7,108,0,115,83,0,83,198
08/17/2017,SFF,WA,ANM,WE,Federal Contract Tower,0,0,17,0,17,0,11,103,0,114,0,11,120,0,131,110,0,110,241
08/18/2017,SFF,WA,ANM,WE,Federal Contract Tower,0,0,11,0,11,0,11,96,0,107,0,11,107,0,118,46,0,46,164
08/19/2017,SFF,WA,ANM,WE,Federal Contract Tower,0,3,13,0,16,0,11,99,0,110,0,14,112,0,126,63,0,63,189
08/20/2017,SFF,WA,ANM,WE,Federal Contract Tower,0,1,4,0,5,0,15,85,0,100,0,16,89,0,105,56,0,56,161
08/21/2017,SFF,WA,ANM,WE,Federal Contract Tower,0,3,25,0,28,0,21,136,0,157,0,24,161,0,185,82,0,82,267
08/22/2017,SFF,WA,ANM,WE,Federal Contract Tower,0,2,8,0,10,0,6,107,0,113,0,8,115,0,123,116,0,116,239
08/23/2017,SFF,WA,ANM,WE,Federal Contract Tower,0,5,22,0,27,0,9,97,0,106,0,14,119,0,133,101,0,101,234
08/24/2017,SFF,WA,ANM,WE,Federal Contract Tower,0,1,12,0,13,0,7,68,0,75,0,8,80,0,88,70,0,70,158
08/25/2017,SFF,WA,ANM,WE,Federal Contract Tower,0,3,18,0,21,0,10,140,0,150,0,13,158,0,171,137,0,137,308
08/26/2017,SFF,WA,ANM,WE,Federal Contract Tower,0,2,6,0,8,0,12,115,0,127,0,14,121,0,135,46,0,46,181
08/27/2017,SFF,WA,ANM,WE,Federal Contract Tower,0,0,2,0,2,0,11,63,0,74,0,11,65,0,76,24,0,24,100
08/28/2017,SFF,WA,ANM,WE,Federal Contract Tower,0,4,11,0,15,0,5,97,0,102,0,9,108,0,117,91,0,91,208
08/29/2017,SFF,WA,ANM,WE,Federal Contract Tower,0,4,15,0,19,0,9,88,0,97,0,13,103,0,116,128,0,128,244
08/30/2017,SFF,WA,ANM,WE,Federal Contract Tower,0,1,14,0,15,0,12,92,0,104,0,13,106,0,119,136,0,136,255
08/31/2017,SFF,WA,ANM,WE,Federal Contract Tower,0,1,17,0,18,0,6,85,0,91,0,7,102,0,109,135,2,137,246
09/01/2017,SFF,WA,ANM,WE,Federal Contract Tower,0,2,12,0,14,0,7,95,0,102,0,9,107,0,116,56,0,56,172
09/02/2017,SFF,WA,ANM,WE,Federal Contract Tower,0,5,7,0,12,0,12,63,0,75,0,17,70,0,87,38,0,38,125
09/03/2017,SFF,WA,ANM,WE,Federal Contract Tower,0,0,6,0,6,0,0,45,0,45,0,0,51,0,51,32,0,32,83
09/04/2017,SFF,WA,ANM,WE,Federal Contract Tower,0,4,21,0,25,0,5,17,0,22,0,9,38,0,47,24,0,24,71
09/05/2017,SFF,WA,ANM,WE,Federal Contract Tower,0,5,16,0,21,0,0,0,0,0,0,5,16,0,21,0,0,0,21
09/06/2017,SFF,WA,ANM,WE,Federal Contract Tower,0,4,22,0,26,0,0,0,0,0,0,4,22,0,26,0,0,0,26
09/07/2017,SFF,WA,ANM,WE,Federal Contract Tower,0,5,14,0,19,0,0,0,0,0,0,5,14,0,19,0,0,0,19
09/08/2017,SFF,WA,ANM,WE,Federal Contract Tower,0,6,17,1,24,0,1,8,0,9,0,7,25,1,33,28,0,28,61
09/09/2017,SFF,WA,ANM,WE,Federal Contract Tower,0,6,9,0,15,0,13,53,0,66,0,19,62,0,81,24,0,24,105
09/10/2017,SFF,WA,ANM,WE,Federal Contract Tower,0,2,11,0,13,0,12,68,0,80,0,14,79,0,93,54,0,54,147
09/11/2017,SFF,WA,ANM,WE,Federal Contract Tower,0,3,19,0,22,0,14,86,0,100,0,17,105,0,122,127,0,127,249
09/12/2017,SFF,WA,ANM,WE,Federal Contract Tower,0,2,16,0,18,0,10,94,0,104,0,12,110,0,122,126,0,126,248
09/13/2017,SFF,WA,ANM,WE,Federal Contract Tower,0,1,16,0,17,0,11,79,0,90,0,12,95,0,107,156,0,156,263
09/14/2017,SFF,WA,ANM,WE,Federal Contract Tower,0,4,24,0,28,0,0,68,0,68,0,4,92,0,96,146,0,146,242
09/15/2017,SFF,WA,ANM,WE,Federal Contract Tower,0,3,9,0,12,0,8,67,0,75,0,11,76,0,87,22,0,22,109
09/16/2017,SFF,WA,ANM,WE,Federal Contract Tower,0,3,13,0,16,0,14,80,0,94,0,17,93,0,110,134,0,134,244
09/17/2017,SFF,WA,ANM,WE,Federal Contract Tower,0,1,11,0,12,0,11,65,0,76,0,12,76,0,88,28,0,28,116
09/18/2017,SFF,WA,ANM,WE,Federal Contract Tower,0,2,7,0,9,0,13,50,0,63,0,15,57,0,72,71,0,71,143
09/19/2017,SFF,WA,ANM,WE,Federal Contract Tower,0,4,10,0,14,0,4,15,0,19,0,8,25,0,33,84,0,84,117
09/20/2017,SFF,WA,ANM,WE,Federal Contract Tower,0,2,17,0,19,0,5,21,0,26,0,7,38,0,45,108,0,108,153
09/21/2017,SFF,WA,ANM,WE,Federal Contract Tower,0,4,23,0,27,0,2,32,0,34,0,6,55,0,61,208,0,208,269
09/22/2017,SFF,WA,ANM,WE,Federal Contract Tower,0,4,9,0,13,0,16,120,0,136,0,20,129,0,149,321,0,321,470
09/23/2017,SFF,WA,ANM,WE,Federal Contract Tower,0,3,11,0,14,0,13,129,0,142,0,16,140,0,156,108,0,108,264
09/24/2017,SFF,WA,ANM,WE,Federal Contract Tower,0,0,13,0,13,0,8,76,0,84,0,8,89,0,97,20,0,20,117
09/25/2017,SFF,WA,ANM,WE,Federal Contract Tower,0,0,8,0,8,0,6,83,0,89,0,6,91,0,97,132,0,132,229
09/26/2017,SFF,WA,ANM,WE,Federal Contract Tower,0,1,10,0,11,0,11,119,0,130,0,12,129,0,141,292,0,292,433
09/27/2017,SFF,WA,ANM,WE,Federal Contract Tower,0,3,13,0,16,0,6,116,0,122,0,9,129,0,138,229,0,229,367
09/28/2017,SFF,WA,ANM,WE,Federal Contract Tower,0,2,11,0,13,0,6,114,0,120,0,8,125,0,133,131,0,131,264
09/29/2017,SFF,WA,ANM,WE,Federal Contract Tower,0,1,20,0,21,0,14,95,0,109,0,15,115,0,130,146,0,146,276
09/30/2017,SFF,WA,ANM,WE,Federal Contract Tower,0,2,11,0,13,0,13,64,0,77,0,15,75,0,90,50,0,50,140
10/01/2017,SFF,WA,ANM,WE,Federal Contract Tower,0,1,20,0,21,0,8,40,0,48,0,9,60,0,69,34,0,34,103
10/02/2017,SFF,WA,ANM,WE,Federal Contract Tower,0,1,10,0,11,0,4,48,0,52,0,5,58,0,63,82,0,82,145
10/03/2017,SFF,WA,ANM,WE,Federal Contract Tower,0,4,10,0,14,0,14,92,0,106,0,18,102,0,120,110,0,110,230
10/04/2017,SFF,WA,ANM,WE,Federal Contract Tower,0,5,14,0,19,0,8,72,0,80,0,13,86,0,99,120,0,120,219
10/05/2017,SFF,WA,ANM,WE,Federal Contract Tower,0,0,13,0,13,0,15,86,0,101,0,15,99,0,114,126,0,126,240
10/06/2017,SFF,WA,ANM,WE,Federal Contract Tower,2,8,0,0,10,0,2,62,0,64,2,10,62,0,74,81,0,81,155
10/08/2017,SFF,WA,ANM,WE,Federal Contract Tower,0,1,5,0,6,0,10,71,0,81,0,11,76,0,87,24,0,24,111
10/09/2017,SFF,WA,ANM,WE,Federal Contract Tower,0,2,11,0,13,0,8,63,0,71,0,10,74,0,84,118,0,118,202
10/10/2017,SFF,WA,ANM,WE,Federal Contract Tower,0,1,14,0,15,0,7,59,0,66,0,8,73,0,81,115,0,115,196
10/11/2017,SFF,WA,ANM,WE,Federal Contract Tower,0,0,17,0,17,0,13,60,0,73,0,13,77,0,90,110,0,110,200
10/12/2017,SFF,WA,ANM,WE,Federal Contract Tower,0,4,17,0,21,0,7,34,0,41,0,11,51,0,62,172,0,172,234
10/13/2017,SFF,WA,ANM,WE,Federal Contract Tower,0,3,3,0,6,0,4,1,0,5,0,7,4,0,11,52,0,52,63
10/14/2017,SFF,WA,ANM,WE,Federal Contract Tower,0,5,9,0,14,0,3,55,0,58,0,8,64,0,72,150,0,150,222
10/15/2017,SFF,WA,ANM,WE,Federal Contract Tower,0,0,9,0,9,0,7,119,0,126,0,7,128,0,135,52,0,52,187
10/16/2017,SFF,WA,ANM,WE,Federal Contract Tower,0,1,19,0,20,0,8,139,0,147,0,9,158,0,167,128,0,128,295
10/17/2017,SFF,WA,ANM,WE,Federal Contract Tower,0,2,10,1,13,0,2,37,1,40,0,4,47,2,53,54,4,58,111
10/18/2017,SFF,WA,ANM,WE,Federal Contract Tower,0,4,10,0,14,0,12,41,0,53,0,16,51,0,67,12,0,12,79
10/19/2017,SFF,WA,ANM,WE,Federal Contract Tower,0,5,18,0,23,0,4,36,0,40,0,9,54,0,63,40,0,40,103
10/20/2017,SFF,WA,ANM,WE,Federal Contract Tower,0,3,12,0,15,0,6,11,0,17,0,9,23,0,32,40,0,40,72
10/21/2017,SFF,WA,ANM,WE,Federal Contract Tower,0,2,5,0,7,0,1,6,0,7,0,3,11,0,14,37,0,37,51
10/22/2017,SFF,WA,ANM,WE,Federal Contract Tower,0,0,6,0,6,0,7,14,0,21,0,7,20,0,27,30,0,30,57
10/23/2017,SFF,WA,ANM,WE,Federal Contract Tower,0,3,18,0,21,0,6,101,0,107,0,9,119,0,128,149,0,149,277
10/24/2017,SFF,WA,ANM,WE,Federal Contract Tower,0,3,29,0,32,0,5,85,0,90,0,8,114,0,122,77,0,77,199
10/25/2017,SFF,WA,ANM,WE,Federal Contract Tower,0,1,11,0,12,0,12,59,0,71,0,13,70,0,83,95,0,95,178
10/26/2017,SFF,WA,ANM,WE,Federal Contract Tower,0,4,18,0,22,0,14,115,0,129,0,18,133,0,151,182,0,182,333
10/27/2017,SFF,WA,ANM,WE,Federal Contract Tower,0,0,12,0,12,0,8,107,0,115,0,8,119,0,127,52,0,52,179
10/28/2017,SFF,WA,ANM,WE,Federal Contract Tower,0,2,7,0,9,0,5,132,0,137,0,7,139,0,146,51,0,51,197
10/29/2017,SFF,WA,ANM,WE,Federal Contract Tower,0,4,14,0,18,0,5,62,0,67,0,9,76,0,85,51,0,51,136
10/30/2017,SFF,WA,ANM,WE,Federal Contract Tower,0,1,10,0,11,0,9,104,0,113,0,10,114,0,124,72,0,72,196
10/31/2017,SFF,WA,ANM,WE,Federal Contract Tower,0,0,4,0,4,0,9,108,0,117,0,9,112,0,121,65,0,65,186
11/01/2017,SFF,WA,ANM,WE,Federal Contract Tower,0,3,8,1,12,0,4,53,0,57,0,7,61,1,69,113,0,113,182
11/02/2017,SFF,WA,ANM,WE,Federal Contract Tower,0,4,7,0,11,0,5,26,0,31,0,9,33,0,42,52,0,52,94
11/03/2017,SFF,WA,ANM,WE,Federal Contract Tower,0,8,7,0,15,0,0,2,0,2,0,8,9,0,17,28,0,28,45
11/04/2017,SFF,WA,ANM,WE,Federal Contract Tower,0,2,10,0,12,0,0,5,0,5,0,2,15,0,17,17,0,17,34
11/05/2017,SFF,WA,ANM,WE,Federal Contract Tower,0,0,3,0,3,0,0,0,0,0,0,0,3,0,3,0,0,0,3
11/06/2017,SFF,WA,ANM,WE,Federal Contract Tower,0,2,7,0,9,0,1,37,0,38,0,3,44,0,47,81,0,81,128
11/07/2017,SFF,WA,ANM,WE,Federal Contract Tower,0,2,5,0,7,0,10,69,0,79,0,12,74,0,86,6,0,6,92
11/08/2017,SFF,WA,ANM,WE,Federal Contract Tower,0,0,9,0,9,0,2,56,0,58,0,2,65,0,67,78,0,78,145
11/09/2017,SFF,WA,ANM,WE,Federal Contract Tower,0,7,3,0,10,0,0,14,0,14,0,7,17,0,24,57,0,57,81
11/10/2017,SFF,WA,ANM,WE,Federal Contract Tower,0,4,6,0,10,0,0,0,0,0,0,4,6,0,10,0,0,0,10
11/11/2017,SFF,WA,ANM,WE,Federal Contract Tower,0,0,11,0,11,0,3,24,0,27,0,3,35,0,38,108,0,108,146
11/13/2017,SFF,WA,ANM,WE,Federal Contract Tower,0,4,5,0,9,0,8,11,0,19,0,12,16,0,28,49,0,49,77
11/14/2017,SFF,WA,ANM,WE,Federal Contract Tower,0,0,15,0,15,0,0,73,2,75,0,0,88,2,90,166,0,166,256
11/15/2017,SFF,WA,ANM,WE,Federal Contract Tower,0,4,15,0,19,0,2,48,0,50,0,6,63,0,69,117,0,117,186
11/16/2017,SFF,WA,ANM,WE,Federal Contract Tower,0,4,11,0,15,0,1,22,0,23,0,5,33,0,38,102,0,102,140
11/17/2017,SFF,WA,ANM,WE,Federal Contract Tower,0,2,9,0,11,0,7,40,0,47,0,9,49,0,58,24,0,24,82
11/18/2017,SFF,WA,ANM,WE,Federal Contract Tower,0,2,14,0,16,0,4,56,0,60,0,6,70,0,76,142,0,142,218
11/19/2017,SFF,WA,ANM,WE,Federal Contract Tower,0,0,7,0,7,0,9,41,0,50,0,9,48,0,57,36,0,36,93
11/20/2017,SFF,WA,ANM,WE,Federal Contract Tower,0,4,13,0,17,0,1,6,0,7,0,5,19,0,24,32,0,32,56
11/21/2017,SFF,WA,ANM,WE,Federal Contract Tower,0,7,5,0,12,0,0,0,0,0,0,7,5,0,12,6,0,6,18
11/22/2017,SFF,WA,ANM,WE,Federal Contract Tower,0,3,15,0,18,0,5,11,0,16,0,8,26,0,34,49,0,49,83
11/23/2017,SFF,WA,ANM,WE,Federal Contract Tower,0,3,2,0,5,0,2,4,0,6,0,5,6,0,11,0,0,0,11
11/24/2017,SFF,WA,ANM,WE,Federal Contract Tower,0,1,9,0,10,0,14,85,0,99,0,15,94,0,109,38,0,38,147
11/25/2017,SFF,WA,ANM,WE,Federal Contract Tower,0,4,6,0,10,0,4,61,0,65,0,8,67,0,75,42,0,42,117
11/26/2017,SFF,WA,ANM,WE,Federal Contract Tower,0,1,10,0,11,0,3,20,0,23,0,4,30,0,34,16,0,16,50
11/27/2017,SFF,WA,ANM,WE,Federal Contract Tower,0,0,7,0,7,0,20,92,0,112,0,20,99,0,119,211,0,211,330
11/28/2017,SFF,WA,ANM,WE,Federal Contract Tower,0,3,11,2,16,0,1,80,0,81,0,4,91,2,97,148,0,148,245
11/29/2017,SFF,WA,ANM,WE,Federal Contract Tower,0,1,43,0,44,0,0,57,0,57,0,1,100,0,101,103,0,103,204
11/30/2017,SFF,WA,ANM,WE,Federal Contract Tower,0,4,8,0,12,0,1,41,0,42,0,5,49,0,54,132,0,132,186
12/01/2017,SFF,WA,ANM,WE,Federal Contract Tower,0,5,14,0,19,0,5,29,0,34,0,10,43,0,53,88,0,88,141
12/02/2017,SFF,WA,ANM,WE,Federal Contract Tower,0,2,4,0,6,0,3,20,0,23,0,5,24,0,29,52,0,52,81
12/03/2017,SFF,WA,ANM,WE,Federal Contract Tower,0,3,4,0,7,0,1,4,0,5,0,4,8,0,12,10,0,10,22
12/04/2017,SFF,WA,ANM,WE,Federal Contract Tower,0,6,10,0,16,0,12,79,0,91,0,18,89,0,107,102,0,102,209
12/05/2017,SFF,WA,ANM,WE,Federal Contract Tower,0,1,1,0,2,0,3,117,0,120,0,4,118,0,122,120,0,120,242
12/06/2017,SFF,WA,ANM,WE,Federal Contract Tower,0,2,10,0,12,0,8,84,0,92,0,10,94,0,104,129,0,129,233
12/07/2017,SFF,WA,ANM,WE,Federal Contract Tower,0,4,9,0,13,0,3,70,0,73,0,7,79,0,86,145,0,145,231
12/08/2017,SFF,WA,ANM,WE,Federal Contract Tower,0,5,9,0,14,0,7,50,0,57,0,12,59,0,71,46,0,46,117
12/09/2017,SFF,WA,ANM,WE,Federal Contract Tower,0,8,3,0,11,0,0,9,0,9,0,8,12,0,20,34,0,34,54
12/10/2017,SFF,WA,ANM,WE,Federal Contract Tower,0,1,5,0,6,0,5,7,0,12,0,6,12,0,18,26,0,26,44
12/11/2017,SFF,WA,ANM,WE,Federal Contract Tower,0,20,18,0,38,0,2,35,0,37,0,22,53,0,75,68,0,68,143
12/12/2017,SFF,WA,ANM,WE,Federal Contract Tower,0,8,15,0,23,0,0,1,0,1,0,8,16,0,24,0,0,0,24
12/13/2017,SFF,WA,ANM,WE,Federal Contract Tower,0,8,13,0,21,0,0,15,0,15,0,8,28,0,36,51,0,51,87
12/14/2017,SFF,WA,ANM,WE,Federal Contract Tower,0,1,14,0,15,0,0,8,0,8,0,1,22,0,23,52,0,52,75
12/15/2017,SFF,WA,ANM,WE,Federal Contract Tower,0,3,5,0,8,0,0,0,0,0,0,3,5,0,8,0,0,0,8
12/16/2017,SFF,WA,ANM,WE,Federal Contract Tower,0,2,3,0,5,0,0,6,0,6,0,2,9,0,11,0,0,0,11
12/17/2017,SFF,WA,ANM,WE,Federal Contract Tower,0,2,4,0,6,0,0,0,0,0,0,2,4,0,6,0,0,0,6
12/18/2017,SFF,WA,ANM,WE,Federal Contract Tower,0,6,17,0,23,0,4,24,0,28,0,10,41,0,51,105,0,105,156
12/19/2017,SFF,WA,ANM,WE,Federal Contract Tower,0,6,6,0,12,0,3,4,0,7,0,9,10,0,19,0,0,0,19
12/20/2017,SFF,WA,ANM,WE,Federal Contract Tower,0,3,18,0,21,0,8,28,0,36,0,11,46,0,57,64,0,64,121
12/21/2017,SFF,WA,ANM,WE,Federal Contract Tower,0,1,8,0,9,0,14,44,0,58,0,15,52,0,67,102,0,102,169
12/22/2017,SFF,WA,ANM,WE,Federal Contract Tower,0,8,4,0,12,0,0,5,0,5,0,8,9,0,17,0,0,0,17
12/23/2017,SFF,WA,ANM,WE,Federal Contract Tower,0,0,9,0,9,0,14,78,0,92,0,14,87,0,101,30,0,30,131
12/24/2017,SFF,WA,ANM,WE,Federal Contract Tower,0,1,7,0,8,0,5,15,0,20,0,6,22,0,28,8,0,8,36
12/25/2017,SFF,WA,ANM,WE,Federal Contract Tower,0,4,3,0,7,0,0,0,0,0,0,4,3,0,7,0,0,0,7
12/26/2017,SFF,WA,ANM,WE,Federal Contract Tower,0,6,10,0,16,0,5,21,0,26,0,11,31,0,42,20,0,20,62
12/27/2017,SFF,WA,ANM,WE,Federal Contract Tower,0,3,6,0,9,0,0,0,0,0,0,3,6,0,9,16,0,16,25
12/28/2017,SFF,WA,ANM,WE,Federal Contract Tower,0,5,4,0,9,0,0,0,0,0,0,5,4,0,9,0,0,0,9
12/29/2017,SFF,WA,ANM,WE,Federal Contract Tower,0,2,3,0,5,0,0,0,0,0,0,2,3,0,5,0,0,0,5
12/30/2017,SFF,WA,ANM,WE,Federal Contract Tower,0,4,7,0,11,0,2,13,0,15,0,6,20,0,26,14,0,14,40
12/31/2017,SFF,WA,ANM,WE,Federal Contract Tower,0,3,1,0,4,0,15,44,0,59,0,18,45,0,63,38,0,38,101
01/01/2018,SFF,WA,ANM,WE,Federal Contract Tower,0,2,1,0,3,0,0,5,0,5,0,2,6,0,8,38,0,38,46
01/02/2018,SFF,WA,ANM,WE,Federal Contract Tower,0,4,9,0,13,0,2,20,0,22,0,6,29,0,35,22,0,22,57
01/03/2018,SFF,WA,ANM,WE,Federal Contract Tower,0,3,7,0,10,0,11,57,0,68,0,14,64,0,78,39,0,39,117
01/04/2018,SFF,WA,ANM,WE,Federal Contract Tower,0,2,10,0,12,0,4,37,0,41,0,6,47,0,53,81,0,81,134
01/05/2018,SFF,WA,ANM,WE,Federal Contract Tower,0,3,10,0,13,0,1,9,0,10,0,4,19,0,23,26,0,26,49
01/06/2018,SFF,WA,ANM,WE,Federal Contract Tower,0,2,2,0,4,0,0,0,0,0,0,2,2,0,4,0,0,0,4
01/07/2018,SFF,WA,ANM,WE,Federal Contract Tower,0,2,2,0,4,0,7,9,0,16,0,9,11,0,20,30,0,30,50
01/08/2018,SFF,WA,ANM,WE,Federal Contract Tower,0,4,16,0,20,0,0,0,0,0,0,4,16,0,20,0,0,0,20
01/09/2018,SFF,WA,ANM,WE,Federal Contract Tower,0,4,7,0,11,0,0,0,0,0,0,4,7,0,11,0,0,0,11
01/10/2018,SFF,WA,ANM,WE,Federal Contract Tower,0,6,20,0,26,0,5,45,0,50,0,11,65,0,76,70,0,70,146
01/11/2018,SFF,WA,ANM,WE,Federal Contract Tower,0,1,3,0,4,0,0,0,0,0,0,1,3,0,4,0,0,0,4
01/12/2018,SFF,WA,ANM,WE,Federal Contract Tower,0,10,12,0,22,0,0,0,0,0,0,10,12,0,22,0,0,0,22
01/13/2018,SFF,WA,ANM,WE,Federal Contract Tower,0,2,10,0,12,0,1,31,0,32,0,3,41,0,44,78,0,78,122
01/14/2018,SFF,WA,ANM,WE,Federal Contract Tower,0,0,13,0,13,0,5,69,0,74,0,5,82,0,87,68,0,68,155
01/15/2018,SFF,WA,ANM,WE,Federal Contract Tower,0,2,15,0,17,0,12,88,0,100,0,14,103,0,117,76,0,76,193
01/16/2018,SFF,WA,ANM,WE,Federal Contract Tower,0,4,4,0,8,0,4,0,0,4,0,8,4,0,12,22,0,22,34
01/17/2018,SFF,WA,ANM,WE,Federal Contract Tower,0,5,6,0,11,0,2,24,0,26,0,7,30,0,37,42,0,42,79
01/18/2018,SFF,WA,ANM,WE,Federal Contract Tower,0,7,10,0,17,0,4,7,0,11,0,11,17,0,28,38,0,38,66
01/19/2018,SFF,WA,ANM,WE,Federal Contract Tower,0,3,5,0,8,0,3,29,0,32,0,6,34,0,40,61,0,61,101
01/20/2018,SFF,WA,ANM,WE,Federal Contract Tower,0,3,3,0,6,0,0,0,0,0,0,3,3,0,6,50,0,50,56
01/21/2018,SFF,WA,ANM,WE,Federal Contract Tower,0,1,6,0,7,0,4,44,0,48,0,5,50,0,55,0,0,0,55
01/22/2018,SFF,WA,ANM,WE,Federal Contract Tower,0,5,14,0,19,0,7,16,0,23,0,12,30,0,42,24,0,24,66
01/23/2018,SFF,WA,ANM,WE,Federal Contract Tower,0,6,9,0,15,0,3,25,0,28,0,9,34,0,43,96,0,96,139
01/24/2018,SFF,WA,ANM,WE,Federal Contract Tower,0,7,6,0,13,0,3,1,0,4,0,10,7,0,17,34,0,34,51
01/25/2018,SFF,WA,ANM,WE,Federal Contract Tower,0,7,14,0,21,0,9,45,0,54,0,16,59,0,75,88,0,88,163
01/26/2018,SFF,WA,ANM,WE,Federal Contract Tower,0,6,6,0,12,0,9,22,0,31,0,15,28,0,43,16,0,16,59
01/27/2018,SFF,WA,ANM,WE,Federal Contract Tower,0,2,9,0,11,0,4,5,0,9,0,6,14,0,20,22,0,22,42
01/28/2018,SFF,WA,ANM,WE,Federal Contract Tower,0,3,2,0,5,0,0,0,0,0,0,3,2,0,5,0,0,0,5
01/29/2018,SFF,WA,ANM,WE,Federal Contract Tower,0,5,9,0,14,0,0,14,0,14,0,5,23,0,28,20,0,20,48
01/30/2018,SFF,WA,ANM,WE,Federal Contract Tower,0,2,9,0,11,0,7,51,0,58,0,9,60,0,69,83,0,83,152
01/31/2018,SFF,WA,ANM,WE,Federal Contract Tower,0,7,18,1,26,0,10,81,0,91,0,17,99,1,117,80,0,80,197
02/01/2018,SFF,WA,ANM,WE,Federal Contract Tower,0,6,7,0,13,0,8,41,0,49,0,14,48,0,62,38,0,38,100
02/02/2018,SFF,WA,ANM,WE,Federal Contract Tower,0,5,11,0,16,0,0,6,0,6,0,5,17,0,22,6,0,6,28
02/03/2018,SFF,WA,ANM,WE,Federal Contract Tower,0,1,12,0,13,0,11,77,0,88,0,12,89,0,101,114,0,114,215
02/04/2018,SFF,WA,ANM,WE,Federal Contract Tower,0,3,7,0,10,0,3,2,0,5,0,6,9,0,15,0,0,0,15
02/05/2018,SFF,WA,ANM,WE,Federal Contract Tower,0,5,8,0,13,0,11,47,0,58,0,16,55,0,71,71,0,71,142
02/06/2018,SFF,WA,ANM,WE,Federal Contract Tower,0,2,7,0,9,0,2,73,0,75,0,4,80,0,84,34,0,34,118
02/07/2018,SFF,WA,ANM,WE,Federal Contract Tower,0,4,17,0,21,0,20,39,0,59,0,24,56,0,80,58,0,58,138
02/08/2018,SFF,WA,ANM,WE,Federal Contract Tower,0,1,10,0,11,0,6,29,0,35,0,7,39,0,46,44,0,44,90
02/09/2018,SFF,WA,ANM,WE,Federal Contract Tower,0,3,18,1,22,0,19,98,0,117,0,22,116,1,139,201,0,201,340
02/10/2018,SFF,WA,ANM,WE,Federal Contract Tower,0,0,8,0,8,0,3,149,0,152,0,3,157,0,160,184,0,184,344
02/11/2018,SFF,WA,ANM,WE,Federal Contract Tower,0,0,8,0,8,0,8,67,0,75,0,8,75,0,83,54,0,54,137
02/12/2018,SFF,WA,ANM,WE,Federal Contract Tower,0,0,12,1,13,0,11,63,1,75,0,11,75,2,88,68,0,68,156
02/13/2018,SFF,WA,ANM,WE,Federal Contract Tower,0,4,19,0,23,0,3,112,0,115,0,7,131,0,138,130,0,130,268
02/14/2018,SFF,WA,ANM,WE,Federal Contract Tower,0,7,2,0,9,0,0,36,0,36,0,7,38,0,45,8,0,8,53
02/16/2018,SFF,WA,ANM,WE,Federal Contract Tower,0,8,4,0,12,0,2,4,0,6,0,10,8,0,18,0,0,0,18
02/17/2018,SFF,WA,ANM,WE,Federal Contract Tower,0,3,2,0,5,0,2,0,0,2,0,5,2,0,7,6,0,6,13
02/18/2018,SFF,WA,ANM,WE,Federal Contract Tower,0,2,3,0,5,0,2,0,0,2,0,4,3,0,7,0,0,0,7
02/19/2018,SFF,WA,ANM,WE,Federal Contract Tower,0,2,10,0,12,0,9,73,0,82,0,11,83,0,94,40,0,40,134
02/20/2018,SFF,WA,ANM,WE,Federal Contract Tower,0,2,13,0,15,0,4,50,0,54,0,6,63,0,69,68,0,68,137
02/21/2018,SFF,WA,ANM,WE,Federal Contract Tower,0,6,14,0,20,0,7,70,0,77,0,13,84,0,97,106,0,106,203
02/22/2018,SFF,WA,ANM,WE,Federal Contract Tower,0,2,11,0,13,0,6,80,0,86,0,8,91,0,99,90,0,90,189
02/23/2018,SFF,WA,ANM,WE,Federal Contract Tower,0,3,5,0,8,0,7,34,0,41,0,10,39,0,49,96,0,96,145
02/24/2018,SFF,WA,ANM,WE,Federal Contract Tower,0,4,15,0,19,0,3,25,0,28,0,7,40,0,47,54,0,54,101
02/25/2018,SFF,WA,ANM,WE,Federal Contract Tower,0,4,10,0,14,0,2,0,0,2,0,6,10,0,16,0,0,0,16
02/26/2018,SFF,WA,ANM,WE,Federal Contract Tower,0,2,8,0,10,0,8,84,0,92,0,10,92,0,102,122,0,122,224
02/27/2018,SFF,WA,ANM,WE,Federal Contract Tower,0,2,8,0,10,0,5,22,0,27,0,7,30,0,37,52,0,52,89
02/28/2018,SFF,WA,ANM,WE,Federal Contract Tower,0,2,24,0,26,0,9,58,0,67,0,11,82,0,93,70,0,70,163
03/01/2018,SFF,WA,ANM,WE,Federal Contract Tower,0,4,8,0,12,0,0,4,0,4,0,4,12,0,16,60,0,60,76
03/02/2018,SFF,WA,ANM,WE,Federal Contract Tower,0,4,10,0,14,0,1,15,0,16,0,5,25,0,30,60,0,60,90
03/03/2018,SFF,WA,ANM,WE,Federal Contract Tower,0,4,12,0,16,0,6,144,0,150,0,10,156,0,166,97,0,97,263
03/04/2018,SFF,WA,ANM,WE,Federal Contract Tower,0,1,4,0,5,0,9,24,0,33,0,10,28,0,38,46,0,46,84
03/05/2018,SFF,WA,ANM,WE,Federal Contract Tower,0,9,10,0,19,0,8,46,0,54,0,17,56,0,73,176,0,176,249
03/06/2018,SFF,WA,ANM,WE,Federal Contract Tower,0,3,10,0,13,0,7,81,0,88,0,10,91,0,101,172,0,172,273
03/07/2018,SFF,WA,ANM,WE,Federal Contract Tower,0,6,24,0,30,0,18,91,0,109,0,24,115,0,139,84,0,84,223
03/08/2018,SFF,WA,ANM,WE,Federal Contract Tower,0,3,8,0,11,0,3,9,0,12,0,6,17,0,23,50,0,50,73
03/09/2018,SFF,WA,ANM,WE,Federal Contract Tower,0,4,5,0,9,0,10,21,0,31,0,14,26,0,40,52,0,52,92
03/10/2018,SFF,WA,ANM,WE,Federal Contract Tower,0,0,2,0,2,0,28,149,0,177,0,28,151,0,179,136,0,136,315
03/11/2018,SFF,WA,ANM,WE,Federal Contract Tower,0,2,6,0,8,0,5,98,0,103,0,7,104,0,111,102,0,102,213
03/12/2018,SFF,WA,ANM,WE,Federal Contract Tower,0,1,16,0,17,0,9,111,0,120,0,10,127,0,137,97,0,97,234
03/13/2018,SFF,WA,ANM,WE,Federal Contract Tower,0,3,12,0,15,0,12,79,0,91,0,15,91,0,106,95,0,95,201
03/14/2018,SFF,WA,ANM,WE,Federal Contract Tower,0,8,8,0,16,0,0,18,0,18,0,8,26,0,34,68,0,68,102
03/15/2018,SFF,WA,ANM,WE,Federal Contract Tower,0,4,17,0,21,0,9,57,0,66,0,13,74,0,87,108,0,108,195
03/16/2018,SFF,WA,ANM,WE,Federal Contract Tower,0,7,7,0,14,0,17,87,0,104,0,24,94,0,118,166,0,166,284
03/17/2018,SFF,WA,ANM,WE,Federal Contract Tower,0,2,12,0,14,0,13,40,0,53,0,15,52,0,67,54,0,54,121
03/18/2018,SFF,WA,ANM,WE,Federal Contract Tower,0,2,8,0,10,0,5,18,0,23,0,7,26,0,33,62,0,62,95
03/19/2018,SFF,WA,ANM,WE,Federal Contract Tower,0,2,14,0,16,0,13,73,0,86,0,15,87,0,102,96,0,96,198
03/20/2018,SFF,WA,ANM,WE,Federal Contract Tower,0,2,16,0,18,0,9,131,0,140,0,11,147,0,158,93,0,93,251
03/21/2018,SFF,WA,ANM,WE,Federal Contract Tower,0,5,24,0,29,0,8,69,0,77,0,13,93,0,106,70,0,70,176
03/22/2018,SFF,WA,ANM,WE,Federal Contract Tower,0,3,10,0,13,0,12,40,0,52,0,15,50,0,65,114,0,114,179
03/23/2018,SFF,WA,ANM,WE,Federal Contract Tower,0,6,20,0,26,0,1,54,0,55,0,7,74,0,81,58,0,58,139
03/24/2018,SFF,WA,ANM,WE,Federal Contract Tower,0,1,3,0,4,0,7,14,0,21,0,8,17,0,25,16,0,16,41
03/25/2018,SFF,WA,ANM,WE,Federal Contract Tower,0,4,10,0,14,0,7,25,0,32,0,11,35,0,46,50,0,50,96
03/26/2018,SFF,WA,ANM,WE,Federal Contract Tower,0,5,15,0,20,0,5,45,0,50,0,10,60,0,70,68,0,68,138
03/27/2018,SFF,WA,ANM,WE,Federal Contract Tower,0,3,22,0,25,0,3,30,0,33,0,6,52,0,58,24,0,24,82
03/28/2018,SFF,WA,ANM,WE,Federal Contract Tower,0,4,21,0,25,0,12,108,0,120,0,16,129,0,145,162,0,162,307
03/29/2018,SFF,WA,ANM,WE,Federal Contract Tower,0,1,16,0,17,0,12,85,0,97,0,13,101,0,114,106,0,106,220
03/30/2018,SFF,WA,ANM,WE,Federal Contract Tower,0,2,3,0,5,0,9,29,0,38,0,11,32,0,43,49,0,49,92
03/31/2018,SFF,WA,ANM,WE,Federal Contract Tower,0,0,11,0,11,0,3,79,0,82,0,3,90,0,93,152,0,152,245
04/01/2018,SFF,WA,ANM,WE,Federal Contract Tower,0,0,11,0,11,0,7,12,0,19,0,7,23,0,30,2,0,2,32
04/02/2018,SFF,WA,ANM,WE,Federal Contract Tower,0,1,11,0,12,0,5,20,0,25,0,6,31,0,37,2,0,2,39
04/03/2018,SFF,WA,ANM,WE,Federal Contract Tower,0,6,15,0,21,0,20,105,0,125,0,26,120,0,146,64,0,64,210
04/04/2018,SFF,WA,ANM,WE,Federal Contract Tower,0,7,17,0,24,0,15,42,0,57,0,22,59,0,81,66,0,66,147
04/05/2018,SFF,WA,ANM,WE,Federal Contract Tower,0,4,17,0,21,0,0,0,0,0,0,4,17,0,21,0,0,0,21
04/06/2018,SFF,WA,ANM,WE,Federal Contract Tower,0,4,9,0,13,0,5,32,0,37,0,9,41,0,50,54,0,54,104
04/07/2018,SFF,WA,ANM,WE,Federal Contract Tower,0,4,4,0,8,0,4,3,2,9,0,8,7,2,17,32,14,46,63
04/08/2018,SFF,WA,ANM,WE,Federal Contract Tower,0,3,2,0,5,0,8,8,0,16,0,11,10,0,21,12,0,12,33
04/09/2018,SFF,WA,ANM,WE,Federal Contract Tower,0,6,28,0,34,0,11,102,0,113,0,17,130,0,147,72,0,72,219
04/10/2018,SFF,WA,ANM,WE,Federal Contract Tower,0,5,21,0,26,0,11,39,0,50,0,16,60,0,76,64,0,64,140
04/11/2018,SFF,WA,ANM,WE,Federal Contract Tower,0,4,22,0,26,0,4,71,0,75,0,8,93,0,101,48,0,48,149
04/12/2018,SFF,WA,ANM,WE,Federal Contract Tower,0,2,8,0,10,0,1,8,0,9,0,3,16,0,19,10,0,10,29
04/13/2018,SFF,WA,ANM,WE,Federal Contract Tower,0,3,14,0,17,0,7,56,0,63,0,10,70,0,80,228,0,228,308
04/14/2018,SFF,WA,ANM,WE,Federal Contract Tower,0,2,11,0,13,0,12,50,0,62,0,14,61,0,75,74,0,74,149
04/15/2018,SFF,WA,ANM,WE,Federal Contract Tower,0,0,8,0,8,0,8,30,0,38,0,8,38,0,46,46,0,46,92
04/16/2018,SFF,WA,ANM,WE,Federal Contract Tower,0,4,5,0,9,0,6,6,0,12,0,10,11,0,21,6,0,6,27
04/17/2018,SFF,WA,ANM,WE,Federal Contract Tower,0,4,13,0,17,0,7,18,0,25,0,11,31,0,42,28,0,28,70
04/19/2018,SFF,WA,ANM,WE,Federal Contract Tower,0,1,24,0,25,0,15,156,0,171,0,16,180,0,196,266,0,266,462
04/20/2018,SFF,WA,ANM,WE,Federal Contract Tower,0,3,17,0,20,0,6,160,0,166,0,9,177,0,186,180,0,180,366
04/21/2018,SFF,WA,ANM,WE,Federal Contract Tower,0,6,0,0,6,0,12,33,0,45,0,18,33,0,51,74,0,74,125
04/22/2018,SFF,WA,ANM,WE,Federal Contract Tower,0,1,5,0,6,0,6,114,0,120,0,7,119,0,126,54,0,54,180
04/23/2018,SFF,WA,ANM,WE,Federal Contract Tower,0,3,16,0,19,0,5,74,0,79,0,8,90,0,98,70,0,70,168
04/24/2018,SFF,WA,ANM,WE,Federal Contract Tower,0,1,16,0,17,0,4,119,0,123,0,5,135,0,140,124,0,124,264
04/25/2018,SFF,WA,ANM,WE,Federal Contract Tower,0,2,18,0,20,0,5,131,0,136,0,7,149,0,156,193,0,193,349
04/26/2018,SFF,WA,ANM,WE,Federal Contract Tower,0,2,16,0,18,0,9,122,0,131,0,11,138,0,149,158,0,158,307
04/27/2018,SFF,WA,ANM,WE,Federal Contract Tower,0,0,10,0,10,0,4,131,0,135,0,4,141,0,145,226,0,226,371
04/28/2018,SFF,WA,ANM,WE,Federal Contract Tower,0,13,11,0,24,0,4,24,0,28,0,17,35,0,52,98,0,98,150
04/29/2018,SFF,WA,ANM,WE,Federal Contract Tower,0,1,11,0,12,0,1,33,0,34,0,2,44,0,46,48,0,48,94
04/30/2018,SFF,WA,ANM,WE,Federal Contract Tower,0,2,16,0,18,0,4,52,0,56,0,6,68,0,74,128,0,128,202
05/01/2018,SFF,WA,ANM,WE,Federal Contract Tower,0,2,20,0,22,0,12,71,0,83,0,14,91,0,105,82,0,82,187
05/02/2018,SFF,WA,ANM,WE,Federal Contract Tower,0,1,22,0,23,0,11,95,0,106,0,12,117,0,129,150,0,150,279
05/03/2018,SFF,WA,ANM,WE,Federal Contract Tower,0,0,13,0,13,0,13,105,0,118,0,13,118,0,131,141,0,141,272
05/04/2018,SFF,WA,ANM,WE,Federal Contract Tower,0,2,20,0,22,0,18,93,0,111,0,20,113,0,133,161,0,161,294
05/05/2018,SFF,WA,ANM,WE,Federal Contract Tower,0,2,3,0,5,0,10,71,0,81,0,12,74,0,86,42,0,42,128
05/06/2018,SFF,WA,ANM,WE,Federal Contract Tower,0,4,6,0,10,0,10,45,0,55,0,14,51,0,65,34,0,34,99
05/07/2018,SFF,WA,ANM,WE,Federal Contract Tower,0,8,17,0,25,0,8,35,2,45,0,16,52,2,70,136,0,136,206
05/08/2018,SFF,WA,ANM,WE,Federal Contract Tower,0,1,19,0,20,0,7,149,0,156,0,8,168,0,176,62,0,62,238
05/09/2018,SFF,WA,ANM,WE,Federal Contract Tower,0,1,19,0,20,0,5,34,0,39,0,6,53,0,59,94,0,94,153
05/10/2018,SFF,WA,ANM,WE,Federal Contract Tower,0,2,20,0,22,0,3,71,0,74,0,5,91,0,96,66,0,66,162
05/11/2018,SFF,WA,ANM,WE,Federal Contract Tower,0,2,57,0,59,0,4,83,0,87,0,6,140,0,146,164,0,164,310
05/12/2018,SFF,WA,ANM,WE,Federal Contract Tower,0,7,14,0,21,0,11,119,0,130,0,18,133,0,151,82,0,82,233
05/13/2018,SFF,WA,ANM,WE,Federal Contract Tower,0,0,4,0,4,0,15,70,0,85,0,15,74,0,89,36,0,36,125
05/14/2018,SFF,WA,ANM,WE,Federal Contract Tower,0,1,13,0,14,0,11,116,0,127,0,12,129,0,141,101,0,101,242
05/15/2018,SFF,WA,ANM,WE,Federal Contract Tower,0,1,15,0,16,0,11,117,0,128,0,12,132,0,144,116,0,116,260
05/16/2018,SFF,WA,ANM,WE,Federal Contract Tower,0,4,18,0,22,0,6,78,0,84,0,10,96,0,106,125,0,125,231
05/17/2018,SFF,WA,ANM,WE,Federal Contract Tower,0,3,18,0,21,0,8,32,0,40,0,11,50,0,61,288,0,288,349
05/18/2018,SFF,WA,ANM,WE,Federal Contract Tower,0,5,11,0,16,0,4,120,0,124,0,9,131,0,140,82,0,82,222
05/19/2018,SFF,WA,ANM,WE,Federal Contract Tower,0,4,5,0,9,0,15,68,0,83,0,19,73,0,92,100,0,100,192
05/20/2018,SFF,WA,ANM,WE,Federal Contract Tower,0,0,6,0,6,0,5,72,0,77,0,5,78,0,83,44,0,44,127
05/21/2018,SFF,WA,ANM,WE,Federal Contract Tower,0,3,9,0,12,0,9,121,0,130,0,12,130,0,142,182,0,182,324
05/22/2018,SFF,WA,ANM,WE,Federal Contract Tower,0,1,11,0,12,0,10,93,0,103,0,11,104,0,115,55,0,55,170
05/23/2018,SFF,WA,ANM,WE,Federal Contract Tower,0,1,9,0,10,0,7,110,0,117,0,8,119,0,127,199,0,199,326
05/24/2018,SFF,WA,ANM,WE,Federal Contract Tower,0,1,7,0,8,0,17,123,0,140,0,18,130,0,148,175,0,175,323
05/25/2018,SFF,WA,ANM,WE,Federal Contract Tower,0,1,9,0,10,0,7,107,0,114,0,8,116,0,124,200,0,200,324
05/26/2018,SFF,WA,ANM,WE,Federal Contract Tower,0,3,10,0,13,0,3,88,0,91,0,6,98,0,104,72,0,72,176
05/27/2018,SFF,WA,ANM,WE,Federal Contract Tower,0,1,5,0,6,0,6,70,0,76,0,7,75,0,82,26,0,26,108
05/28/2018,SFF,WA,ANM,WE,Federal Contract Tower,0,0,4,0,4,0,21,70,0,91,0,21,74,0,95,36,0,36,131
05/29/2018,SFF,WA,ANM,WE,Federal Contract Tower,0,3,3,0,6,0,11,105,0,116,0,14,108,0,122,86,0,86,208
05/30/2018,SFF,WA,ANM,WE,Federal Contract Tower,0,5,14,0,19,0,14,111,0,125,0,19,125,0,144,187,0,187,331
05/31/2018,SFF,WA,ANM,WE,Federal Contract Tower,0,3,15,0,18,0,10,108,0,118,0,13,123,0,136,232,0,232,368
06/01/2018,SFF,WA,ANM,WE,Federal Contract Tower,0,2,11,0,13,0,4,88,0,92,0,6,99,0,105,172,0,172,277
06/02/2018,SFF,WA,ANM,WE,Federal Contract Tower,0,0,4,0,4,0,8,244,0,252,0,8,248,0,256,84,0,84,340
06/03/2018,SFF,WA,ANM,WE,Federal Contract Tower,0,0,7,0,7,0,5,82,0,87,0,5,89,0,94,36,0,36,130
06/04/2018,SFF,WA,ANM,WE,Federal Contract Tower,0,2,8,0,10,0,3,85,0,88,0,5,93,0,98,173,0,173,271
06/05/2018,SFF,WA,ANM,WE,Federal Contract Tower,0,1,11,1,13,0,4,107,1,112,0,5,118,2,125,184,0,184,309
06/06/2018,SFF,WA,ANM,WE,Federal Contract Tower,0,5,8,0,13,0,19,137,0,156,0,24,145,0,169,216,0,216,385
06/07/2018,SFF,WA,ANM,WE,Federal Contract Tower,0,0,6,0,6,0,0,106,0,106,0,0,112,0,112,214,0,214,326
06/08/2018,SFF,WA,ANM,WE,Federal Contract Tower,0,1,13,0,14,0,11,116,0,127,0,12,129,0,141,266,0,266,407
06/09/2018,SFF,WA,ANM,WE,Federal Contract Tower,0,6,21,0,27,0,0,13,0,13,0,6,34,0,40,98,0,98,138
06/10/2018,SFF,WA,ANM,WE,Federal Contract Tower,0,1,9,0,10,0,8,34,0,42,0,9,43,0,52,6,0,6,58
06/11/2018,SFF,WA,ANM,WE,Federal Contract Tower,0,3,14,0,17,0,13,104,0,117,0,16,118,0,134,92,0,92,226
06/12/2018,SFF,WA,ANM,WE,Federal Contract Tower,0,2,10,0,12,0,28,122,0,150,0,30,132,0,162,190,0,190,352
06/13/2018,SFF,WA,ANM,WE,Federal Contract Tower,0,3,11,0,14,0,3,72,0,75,0,6,83,0,89,191,0,191,280
06/14/2018,SFF,WA,ANM,WE,Federal Contract Tower,0,1,16,0,17,0,12,112,0,124,0,13,128,0,141,151,0,151,292
06/15/2018,SFF,WA,ANM,WE,Federal Contract Tower,0,2,18,0,20,0,10,93,0,103,0,12,111,0,123,193,0,193,316
06/16/2018,SFF,WA,ANM,WE,Federal Contract Tower,0,4,7,0,11,0,6,53,0,59,0,10,60,0,70,150,0,150,220
06/17/2018,SFF,WA,ANM,WE,Federal Contract Tower,0,0,6,0,6,0,5,68,0,73,0,5,74,0,79,4,0,4,83
06/18/2018,SFF,WA,ANM,WE,Federal Contract Tower,0,6,11,0,17,0,2,82,0,84,0,8,93,0,101,144,0,144,245
06/19/2018,SFF,WA,ANM,WE,Federal Contract Tower,0,2,6,0,8,0,8,88,0,96,0,10,94,0,104,212,0,212,316
06/20/2018,SFF,WA,ANM,WE,Federal Contract Tower,0,2,11,0,13,0,10,116,0,126,0,12,127,0,139,188,0,188,327
06/21/2018,SFF,WA,ANM,WE,Federal Contract Tower,0,1,8,0,9,0,6,42,0,48,0,7,50,0,57,74,0,74,131
06/22/2018,SFF,WA,ANM,WE,Federal Contract Tower,0,2,10,0,12,0,4,90,0,94,0,6,100,0,106,180,0,180,286
06/23/2018,SFF,WA,ANM,WE,Federal Contract Tower,0,1,11,0,12,0,0,79,0,79,0,1,90,0,91,120,0,120,211
06/24/2018,SFF,WA,ANM,WE,Federal Contract Tower,0,2,5,0,7,0,11,76,0,87,0,13,81,0,94,10,0,10,104
06/25/2018,SFF,WA,ANM,WE,Federal Contract Tower,0,1,10,0,11,0,15,28,0,43,0,16,38,0,54,8,0,8,62
06/26/2018,SFF,WA,ANM,WE,Federal Contract Tower,0,2,5,0,7,0,6,92,0,98,0,8,97,0,105,112,0,112,217
06/27/2018,SFF,WA,ANM,WE,Federal Contract Tower,0,4,10,0,14,0,22,107,2,131,0,26,117,2,145,188,2,190,335
06/28/2018,SFF,WA,ANM,WE,Federal Contract Tower,0,2,9,0,11,0,11,70,0,81,0,13,79,0,92,57,0,57,149
06/29/2018,SFF,WA,ANM,WE,Federal Contract Tower,0,3,8,0,11,0,18,59,0,77,0,21,67,0,88,62,0,62,150
06/30/2018,SFF,WA,ANM,WE,Federal Contract Tower,0,7,17,0,24,0,10,98,0,108,0,17,115,0,132,92,0,92,224
07/01/2018,SFF,WA,ANM,WE,Federal Contract Tower,0,0,8,0,8,0,11,48,0,59,0,11,56,0,67,20,0,20,87
07/02/2018,SFF,WA,ANM,WE,Federal Contract Tower,0,1,12,0,13,0,6,37,0,43,0,7,49,0,56,28,0,28,84
07/03/2018,SFF,WA,ANM,WE,Federal Contract Tower,0,2,13,0,15,0,13,77,0,90,0,15,90,0,105,82,0,82,187
07/04/2018,SFF,WA,ANM,WE,Federal Contract Tower,0,2,2,0,4,0,14,74,0,88,0,16,76,0,92,24,0,24,116
07/05/2018,SFF,WA,ANM,WE,Federal Contract Tower,0,1,7,0,8,0,6,76,0,82,0,7,83,0,90,114,0,114,204
07/06/2018,SFF,WA,ANM,WE,Federal Contract Tower,0,2,9,0,11,0,3,54,0,57,0,5,63,0,68,14,0,14,82
07/07/2018,SFF,WA,ANM,WE,Federal Contract Tower,0,2,4,0,6,0,5,77,0,82,0,7,81,0,88,44,0,44,132
07/08/2018,SFF,WA,ANM,WE,Federal Contract Tower,0,0,4,0,4,0,3,66,0,69,0,3,70,0,73,64,0,64,137
07/09/2018,SFF,WA,ANM,WE,Federal Contract Tower,0,1,8,0,9,0,13,114,0,127,0,14,122,0,136,90,0,90,226
07/10/2018,SFF,WA,ANM,WE,Federal Contract Tower,0,2,9,0,11,0,7,45,0,52,0,9,54,0,63,53,0,53,116
07/11/2018,SFF,WA,ANM,WE,Federal Contract Tower,0,4,11,0,15,0,15,83,0,98,0,19,94,0,113,24,0,24,137
07/12/2018,SFF,WA,ANM,WE,Federal Contract Tower,0,3,14,0,17,0,1,90,0,91,0,4,104,0,108,36,0,36,144
07/13/2018,SFF,WA,ANM,WE,Federal Contract Tower,0,2,4,0,6,0,11,105,0,116,0,13,109,0,122,14,0,14,136
07/14/2018,SFF,WA,ANM,WE,Federal Contract Tower,0,1,5,0,6,0,6,76,0,82,0,7,81,0,88,54,0,54,142
07/15/2018,SFF,WA,ANM,WE,Federal Contract Tower,0,0,6,0,6,0,6,57,0,63,0,6,63,0,69,33,0,33,102
07/16/2018,SFF,WA,ANM,WE,Federal Contract Tower,0,0,5,0,5,0,35,77,0,112,0,35,82,0,117,31,0,31,148
07/17/2018,SFF,WA,ANM,WE,Federal Contract Tower,0,2,11,0,13,0,105,74,24,203,0,107,85,24,216,6,0,6,222
07/18/2018,SFF,WA,ANM,WE,Federal Contract Tower,0,3,6,0,9,0,14,60,0,74,0,17,66,0,83,76,0,76,159
07/19/2018,SFF,WA,ANM,WE,Federal Contract Tower,0,15,0,0,15,0,8,63,0,71,0,23,63,0,86,33,0,33,119
07/20/2018,SFF,WA,ANM,WE,Federal Contract Tower,0,3,13,0,16,0,6,52,0,58,0,9,65,0,74,40,0,40,114
07/21/2018,SFF,WA,ANM,WE,Federal Contract Tower,0,4,3,0,7,0,12,104,0,116,0,16,107,0,123,16,0,16,139
07/22/2018,SFF,WA,ANM,WE,Federal Contract Tower,0,0,3,0,3,0,14,81,0,95,0,14,84,0,98,16,0,16,114
07/23/2018,SFF,WA,ANM,WE,Federal Contract Tower,0,4,10,0,14,0,13,68,0,81,0,17,78,0,95,42,0,42,137
07/24/2018,SFF,WA,ANM,WE,Federal Contract Tower,0,1,11,0,12,0,13,68,0,81,0,14,79,0,93,0,0,0,93
07/25/2018,SFF,WA,ANM,WE,Federal Contract Tower,0,1,12,0,13,0,11,60,0,71,0,12,72,0,84,20,0,20,104
07/26/2018,SFF,WA,ANM,WE,Federal Contract Tower,0,1,8,0,9,0,9,59,0,68,0,10,67,0,77,42,0,42,119
07/27/2018,SFF,WA,ANM,WE,Federal Contract Tower,0,3,11,0,14,0,15,91,0,106,0,18,102,0,120,36,0,36,156
07/28/2018,SFF,WA,ANM,WE,Federal Contract Tower,0,2,3,0,5,0,24,89,0,113,0,26,92,0,118,76,0,76,194
07/29/2018,SFF,WA,ANM,WE,Federal Contract Tower,0,1,7,0,8,0,13,71,0,84,0,14,78,0,92,12,0,12,104
07/30/2018,SFF,WA,ANM,WE,Federal Contract Tower,0,1,7,0,8,0,16,56,0,72,0,17,63,0,80,30,0,30,110
07/31/2018,SFF,WA,ANM,WE,Federal Contract Tower,0,1,9,0,10,0,7,73,0,80,0,8,82,0,90,30,0,30,120
08/01/2018,SFF,WA,ANM,WE,Federal Contract Tower,0,5,10,0,15,0,10,88,0,98,0,15,98,0,113,106,0,106,219
08/02/2018,SFF,WA,ANM,WE,Federal Contract Tower,0,0,7,0,7,0,20,100,0,120,0,20,107,0,127,40,0,40,167
08/03/2018,SFF,WA,ANM,WE,Federal Contract Tower,0,4,7,0,11,0,14,84,0,98,0,18,91,0,109,39,0,39,148
08/04/2018,SFF,WA,ANM,WE,Federal Contract Tower,0,5,7,0,12,0,8,100,0,108,0,13,107,0,120,40,0,40,160
08/05/2018,SFF,WA,ANM,WE,Federal Contract Tower,0,0,4,0,4,0,4,73,0,77,0,4,77,0,81,20,0,20,101
08/06/2018,SFF,WA,ANM,WE,Federal Contract Tower,0,0,7,0,7,0,14,106,0,120,0,14,113,0,127,143,0,143,270
08/07/2018,SFF,WA,ANM,WE,Federal Contract Tower,0,2,6,0,8,0,10,100,0,110,0,12,106,0,118,193,0,193,311
08/08/2018,SFF,WA,ANM,WE,Federal Contract Tower,0,2,11,0,13,0,7,56,0,63,0,9,67,0,76,106,0,106,182
08/09/2018,SFF,WA,ANM,WE,Federal Contract Tower,0,1,7,0,8,0,5,55,0,60,0,6,62,0,68,69,0,69,137
08/10/2018,SFF,WA,ANM,WE,Federal Contract Tower,0,7,8,0,15,0,10,56,0,66,0,17,64,0,81,38,0,38,119
08/11/2018,SFF,WA,ANM,WE,Federal Contract Tower,0,2,7,0,9,0,11,102,0,113,0,13,109,0,122,0,0,0,122
08/12/2018,SFF,WA,ANM,WE,Federal Contract Tower,0,1,10,0,11,0,0,0,0,0,0,1,10,0,11,58,0,58,69
08/13/2018,SFF,WA,ANM,WE,Federal Contract Tower,0,5,12,0,17,0,1,10,0,11,0,6,22,0,28,24,0,24,52
08/14/2018,SFF,WA,ANM,WE,Federal Contract Tower,0,11,12,0,23,0,10,24,0,34,0,21,36,0,57,78,0,78,135
08/15/2018,SFF,WA,ANM,WE,Federal Contract Tower,0,5,7,0,12,0,8,28,0,36,0,13,35,0,48,176,0,176,224
08/16/2018,SFF,WA,ANM,WE,Federal Contract Tower,0,1,13,0,14,0,3,49,0,52,0,4,62,0,66,188,0,188,254
08/17/2018,SFF,WA,ANM,WE,Federal Contract Tower,0,5,18,0,23,0,7,63,0,70,0,12,81,0,93,104,0,104,197
08/18/2018,SFF,WA,ANM,WE,Federal Contract Tower,0,1,4,0,5,0,6,96,0,102,0,7,100,0,107,98,0,98,205
08/19/2018,SFF,WA,ANM,WE,Federal Contract Tower,0,0,0,0,0,0,0,0,0,0,0,0,0,0,0,0,0,0,0
08/20/2018,SFF,WA,ANM,WE,Federal Contract Tower,0,6,15,0,21,0,1,9,0,10,0,7,24,0,31,0,0,0,31
08/21/2018,SFF,WA,ANM,WE,Federal Contract Tower,0,5,14,0,19,0,4,46,0,50,0,9,60,0,69,44,0,44,113
08/22/2018,SFF,WA,ANM,WE,Federal Contract Tower,0,3,14,0,17,0,3,62,0,65,0,6,76,0,82,54,0,54,136
08/23/2018,SFF,WA,ANM,WE,Federal Contract Tower,0,5,27,0,32,0,2,17,0,19,0,7,44,0,51,30,0,30,81
08/24/2018,SFF,WA,ANM,WE,Federal Contract Tower,0,6,14,0,20,0,6,65,0,71,0,12,79,0,91,68,0,68,159
08/25/2018,SFF,WA,ANM,WE,Federal Contract Tower,0,5,8,0,13,0,12,60,0,72,0,17,68,0,85,58,0,58,143
08/26/2018,SFF,WA,ANM,WE,Federal Contract Tower,0,1,7,0,8,0,3,31,0,34,0,4,38,0,42,12,0,12,54
08/27/2018,SFF,WA,ANM,WE,Federal Contract Tower,0,6,11,0,17,0,7,40,0,47,0,13,51,0,64,10,0,10,74
08/28/2018,SFF,WA,ANM,WE,Federal Contract Tower,0,2,13,0,15,0,11,126,0,137,0,13,139,0,152,174,0,174,326
08/29/2018,SFF,WA,ANM,WE,Federal Contract Tower,0,3,7,0,10,0,21,124,0,145,0,24,131,0,155,207,0,207,362
08/30/2018,SFF,WA,ANM,WE,Federal Contract Tower,0,3,22,0,25,0,10,100,0,110,0,13,122,0,135,86,0,86,221
08/31/2018,SFF,WA,ANM,WE,Federal Contract Tower,0,0,8,0,8,0,11,79,0,90,0,11,87,0,98,75,0,75,173
09/01/2018,SFF,WA,ANM,WE,Federal Contract Tower,0,3,9,0,12,0,6,85,0,91,0,9,94,0,103,20,0,20,123
09/02/2018,SFF,WA,ANM,WE,Federal Contract Tower,0,1,6,0,7,0,14,55,0,69,0,15,61,0,76,36,0,36,112
09/03/2018,SFF,WA,ANM,WE,Federal Contract Tower,0,7,0,0,7,0,13,73,0,86,0,20,73,0,93,46,0,46,139
09/04/2018,SFF,WA,ANM,WE,Federal Contract Tower,0,4,15,0,19,0,4,89,0,93,0,8,104,0,112,125,0,125,237
09/05/2018,SFF,WA,ANM,WE,Federal Contract Tower,0,3,11,0,14,0,9,89,0,98,0,12,100,0,112,52,0,52,164
09/06/2018,SFF,WA,ANM,WE,Federal Contract Tower,0,2,5,0,7,0,11,103,0,114,0,13,108,0,121,110,0,110,231
09/07/2018,SFF,WA,ANM,WE,Federal Contract Tower,0,0,12,0,12,0,10,93,0,103,0,10,105,0,115,74,0,74,189
09/08/2018,SFF,WA,ANM,WE,Federal Contract Tower,0,2,13,0,15,0,26,77,0,103,0,28,90,0,118,76,0,76,194
09/09/2018,SFF,WA,ANM,WE,Federal Contract Tower,0,3,10,2,15,0,10,100,0,110,0,13,110,2,125,22,0,22,147
09/10/2018,SFF,WA,ANM,WE,Federal Contract Tower,0,0,8,0,8,0,8,58,0,66,0,8,66,0,74,30,0,30,104
09/11/2018,SFF,WA,ANM,WE,Federal Contract Tower,0,7,4,0,11,0,8,78,0,86,0,15,82,0,97,74,0,74,171
09/12/2018,SFF,WA,ANM,WE,Federal Contract Tower,0,1,18,0,19,0,10,79,0,89,0,11,97,0,108,98,0,98,206
09/13/2018,SFF,WA,ANM,WE,Federal Contract Tower,0,4,18,0,22,0,15,87,0,102,0,19,105,0,124,104,0,104,228
09/14/2018,SFF,WA,ANM,WE,Federal Contract Tower,0,1,9,2,12,0,19,78,0,97,0,20,87,2,109,34,0,34,143
09/15/2018,SFF,WA,ANM,WE,Federal Contract Tower,0,1,13,0,14,0,8,82,0,90,0,9,95,0,104,130,0,130,234
09/16/2018,SFF,WA,ANM,WE,Federal Contract Tower,0,2,19,0,21,0,9,41,0,50,0,11,60,0,71,17,0,17,88
09/17/2018,SFF,WA,ANM,WE,Federal Contract Tower,0,2,12,0,14,0,14,105,0,119,0,16,117,0,133,95,0,95,228
09/18/2018,SFF,WA,ANM,WE,Federal Contract Tower,0,3,12,0,15,0,5,111,0,116,0,8,123,0,131,96,0,96,227
09/19/2018,SFF,WA,ANM,WE,Federal Contract Tower,0,1,17,0,18,0,12,107,0,119,0,13,124,0,137,159,0,159,296
09/20/2018,SFF,WA,ANM,WE,Federal Contract Tower,0,1,18,0,19,0,12,109,0,121,0,13,127,0,140,166,0,166,306
09/21/2018,SFF,WA,ANM,WE,Federal Contract Tower,0,1,15,0,16,0,13,110,0,123,0,14,125,0,139,148,0,148,287
09/22/2018,SFF,WA,ANM,WE,Federal Contract Tower,0,4,5,0,9,0,10,93,0,103,0,14,98,0,112,46,0,46,158
09/23/2018,SFF,WA,ANM,WE,Federal Contract Tower,0,0,8,0,8,0,12,84,0,96,0,12,92,0,104,58,0,58,162
09/24/2018,SFF,WA,ANM,WE,Federal Contract Tower,0,0,6,0,6,0,11,85,0,96,0,11,91,0,102,196,0,196,298
09/25/2018,SFF,WA,ANM,WE,Federal Contract Tower,0,1,5,0,6,0,8,87,0,95,0,9,92,0,101,197,0,197,298
09/26/2018,SFF,WA,ANM,WE,Federal Contract Tower,0,3,11,0,14,0,5,129,0,134,0,8,140,0,148,166,0,166,314
09/27/2018,SFF,WA,ANM,WE,Federal Contract Tower,0,1,15,0,16,0,13,122,0,135,0,14,137,0,151,166,0,166,317
09/28/2018,SFF,WA,ANM,WE,Federal Contract Tower,0,1,11,2,14,0,7,80,0,87,0,8,91,2,101,102,0,102,203
09/29/2018,SFF,WA,ANM,WE,Federal Contract Tower,0,3,2,0,5,0,7,60,0,67,0,10,62,0,72,34,0,34,106
09/30/2018,SFF,WA,ANM,WE,Federal Contract Tower,0,2,13,0,15,0,8,48,0,56,0,10,61,0,71,16,0,16,87
10/01/2018,SFF,WA,ANM,WE,Federal Contract Tower,0,0,9,0,9,0,10,78,0,88,0,10,87,0,97,114,0,114,211
10/02/2018,SFF,WA,ANM,WE,Federal Contract Tower,0,6,24,0,30,0,5,32,0,37,0,11,56,0,67,26,0,26,93
10/03/2018,SFF,WA,ANM,WE,Federal Contract Tower,0,1,15,0,16,0,16,122,0,138,0,17,137,0,154,144,0,144,298
10/04/2018,SFF,WA,ANM,WE,Federal Contract Tower,0,0,17,0,17,0,16,93,0,109,0,16,110,0,126,168,0,168,294
10/05/2018,SFF,WA,ANM,WE,Federal Contract Tower,0,6,11,0,17,0,7,85,0,92,0,13,96,0,109,130,0,130,239
10/06/2018,SFF,WA,ANM,WE,Federal Contract Tower,0,7,4,0,11,0,4,30,0,34,0,11,34,0,45,7,0,7,52
10/07/2018,SFF,WA,ANM,WE,Federal Contract Tower,0,2,21,0,23,0,7,23,0,30,0,9,44,0,53,48,0,48,101
10/08/2018,SFF,WA,ANM,WE,Federal Contract Tower,0,1,4,0,5,0,9,48,0,57,0,10,52,0,62,140,0,140,202
10/09/2018,SFF,WA,ANM,WE,Federal Contract Tower,0,3,7,0,10,0,7,37,0,44,0,10,44,0,54,112,0,112,166
10/10/2018,SFF,WA,ANM,WE,Federal Contract Tower,0,1,9,0,10,0,6,91,4,101,0,7,100,4,111,172,0,172,283
10/11/2018,SFF,WA,ANM,WE,Federal Contract Tower,0,1,5,0,6,0,8,98,0,106,0,9,103,0,112,132,0,132,244
10/12/2018,SFF,WA,ANM,WE,Federal Contract Tower,0,2,9,0,11,0,19,99,0,118,0,21,108,0,129,175,0,175,304
10/13/2018,SFF,WA,ANM,WE,Federal Contract Tower,0,0,2,0,2,0,34,86,0,120,0,34,88,0,122,92,0,92,214
10/14/2018,SFF,WA,ANM,WE,Federal Contract Tower,0,0,4,0,4,0,2,93,2,97,0,2,97,2,101,16,0,16,117
10/15/2018,SFF,WA,ANM,WE,Federal Contract Tower,0,3,9,0,12,0,7,99,0,106,0,10,108,0,118,164,0,164,282
10/16/2018,SFF,WA,ANM,WE,Federal Contract Tower,0,5,4,0,9,0,7,97,0,104,0,12,101,0,113,161,0,161,274
10/17/2018,SFF,WA,ANM,WE,Federal Contract Tower,0,4,10,0,14,0,9,80,0,89,0,13,90,0,103,155,0,155,258
10/18/2018,SFF,WA,ANM,WE,Federal Contract Tower,0,1,15,0,16,0,10,84,0,94,0,11,99,0,110,135,0,135,245
10/19/2018,SFF,WA,ANM,WE,Federal Contract Tower,0,5,15,0,20,0,9,101,0,110,0,14,116,0,130,104,0,104,234
10/20/2018,SFF,WA,ANM,WE,Federal Contract Tower,0,5,0,0,5,0,3,77,0,80,0,8,77,0,85,58,0,58,143
10/21/2018,SFF,WA,ANM,WE,Federal Contract Tower,0,3,6,0,9,0,5,96,0,101,0,8,102,0,110,32,0,32,142
10/22/2018,SFF,WA,ANM,WE,Federal Contract Tower,0,2,10,0,12,0,12,63,0,75,0,14,73,0,87,232,0,232,319
10/23/2018,SFF,WA,ANM,WE,Federal Contract Tower,0,4,16,0,20,0,6,86,0,92,0,10,102,0,112,194,0,194,306
10/24/2018,SFF,WA,ANM,WE,Federal Contract Tower,0,1,12,0,13,0,10,93,0,103,0,11,105,0,116,194,0,194,310
10/25/2018,SFF,WA,ANM,WE,Federal Contract Tower,0,2,19,0,21,0,5,93,2,100,0,7,112,2,121,126,0,126,247
10/26/2018,SFF,WA,ANM,WE,Federal Contract Tower,0,4,8,0,12,0,7,39,0,46,0,11,47,0,58,138,0,138,196
10/27/2018,SFF,WA,ANM,WE,Federal Contract Tower,0,5,10,0,15,0,4,127,0,131,0,9,137,0,146,102,0,102,248
10/28/2018,SFF,WA,ANM,WE,Federal Contract Tower,0,0,2,0,2,0,2,0,0,2,0,2,2,0,4,6,0,6,10
10/29/2018,SFF,WA,ANM,WE,Federal Contract Tower,0,4,8,0,12,0,3,45,0,48,0,7,53,0,60,182,0,182,242
10/30/2018,SFF,WA,ANM,WE,Federal Contract Tower,0,1,22,0,23,0,7,51,0,58,0,8,73,0,81,138,0,138,219
10/31/2018,SFF,WA,ANM,WE,Federal Contract Tower,0,3,17,0,20,0,7,1,0,8,0,10,18,0,28,80,0,80,108
11/01/2018,SFF,WA,ANM,WE,Federal Contract Tower,0,8,20,0,28,0,0,1,0,1,0,8,21,0,29,0,0,0,29
11/02/2018,SFF,WA,ANM,WE,Federal Contract Tower,0,4,9,0,13,0,5,21,0,26,0,9,30,0,39,26,16,42,81
11/03/2018,SFF,WA,ANM,WE,Federal Contract Tower,0,1,4,3,8,0,5,44,0,49,0,6,48,3,57,164,0,164,221
11/04/2018,SFF,WA,ANM,WE,Federal Contract Tower,0,5,8,0,13,0,7,19,0,26,0,12,27,0,39,6,0,6,45
11/05/2018,SFF,WA,ANM,WE,Federal Contract Tower,0,1,13,0,14,0,4,19,0,23,0,5,32,0,37,156,0,156,193
11/06/2018,SFF,WA,ANM,WE,Federal Contract Tower,0,5,8,0,13,0,0,24,0,24,0,5,32,0,37,156,0,156,193
11/07/2018,SFF,WA,ANM,WE,Federal Contract Tower,0,5,11,2,18,0,4,21,0,25,0,9,32,2,43,78,0,78,121
11/08/2018,SFF,WA,ANM,WE,Federal Contract Tower,0,2,16,0,18,0,16,126,0,142,0,18,142,0,160,180,0,180,340
11/09/2018,SFF,WA,ANM,WE,Federal Contract Tower,0,3,11,0,14,0,0,28,0,28,0,3,39,0,42,90,0,90,132
11/10/2018,SFF,WA,ANM,WE,Federal Contract Tower,0,7,11,0,18,0,0,3,0,3,0,7,14,0,21,0,0,0,21
11/11/2018,SFF,WA,ANM,WE,Federal Contract Tower,0,6,8,0,14,0,1,21,0,22,0,7,29,0,36,32,0,32,68
11/12/2018,SFF,WA,ANM,WE,Federal Contract Tower,0,8,30,0,38,0,0,0,0,0,0,8,30,0,38,0,0,0,38
11/13/2018,SFF,WA,ANM,WE,Federal Contract Tower,0,3,10,0,13,0,4,51,0,55,0,7,61,0,68,178,0,178,246
11/14/2018,SFF,WA,ANM,WE,Federal Contract Tower,0,7,11,0,18,0,9,50,0,59,0,16,61,0,77,124,0,124,201
11/15/2018,SFF,WA,ANM,WE,Federal Contract Tower,0,9,16,0,25,0,1,23,0,24,0,10,39,0,49,58,0,58,107
11/16/2018,SFF,WA,ANM,WE,Federal Contract Tower,0,4,7,0,11,0,8,42,0,50,0,12,49,0,61,83,0,83,144
11/17/2018,SFF,WA,ANM,WE,Federal Contract Tower,0,3,8,0,11,0,7,96,0,103,0,10,104,0,114,70,0,70,184
11/18/2018,SFF,WA,ANM,WE,Federal Contract Tower,0,5,11,0,16,0,7,82,0,89,0,12,93,0,105,88,0,88,193
11/19/2018,SFF,WA,ANM,WE,Federal Contract Tower,0,4,10,0,14,0,10,78,0,88,0,14,88,0,102,92,0,92,194
11/20/2018,SFF,WA,ANM,WE,Federal Contract Tower,0,3,11,2,16,0,10,96,0,106,0,13,107,2,122,122,0,122,244
11/21/2018,SFF,WA,ANM,WE,Federal Contract Tower,0,6,8,0,14,0,10,36,0,46,0,16,44,0,60,46,0,46,106
11/22/2018,SFF,WA,ANM,WE,Federal Contract Tower,0,0,3,0,3,0,5,7,0,12,0,5,10,0,15,14,0,14,29
11/23/2018,SFF,WA,ANM,WE,Federal Contract Tower,0,5,3,0,8,0,0,0,0,0,0,5,3,0,8,14,0,14,22
11/24/2018,SFF,WA,ANM,WE,Federal Contract Tower,0,4,7,0,11,0,0,5,0,5,0,4,12,0,16,0,0,0,16
11/25/2018,SFF,WA,ANM,WE,Federal Contract Tower,0,0,9,0,9,0,3,35,0,38,0,3,44,0,47,8,0,8,55
11/26/2018,SFF,WA,ANM,WE,Federal Contract Tower,0,4,9,0,13,0,4,55,0,59,0,8,64,0,72,138,0,138,210
11/27/2018,SFF,WA,ANM,WE,Federal Contract Tower,0,9,6,0,15,0,0,2,0,2,0,9,8,0,17,82,0,82,99
11/28/2018,SFF,WA,ANM,WE,Federal Contract Tower,0,1,9,0,10,0,1,4,0,5,0,2,13,0,15,90,0,90,105
11/29/2018,SFF,WA,ANM,WE,Federal Contract Tower,0,4,14,0,18,0,2,44,0,46,0,6,58,0,64,106,0,106,170
11/30/2018,SFF,WA,ANM,WE,Federal Contract Tower,0,5,6,0,11,0,0,0,0,0,0,5,6,0,11,4,0,4,15
12/01/2018,SFF,WA,ANM,WE,Federal Contract Tower,0,12,2,0,14,0,2,10,0,12,0,14,12,0,26,40,0,40,66
12/02/2018,SFF,WA,ANM,WE,Federal Contract Tower,0,5,16,0,21,0,3,7,0,10,0,8,23,0,31,48,0,48,79
12/03/2018,SFF,WA,ANM,WE,Federal Contract Tower,0,6,9,0,15,0,2,0,0,2,0,8,9,0,17,0,0,0,17
12/04/2018,SFF,WA,ANM,WE,Federal Contract Tower,0,3,6,0,9,0,0,0,0,0,0,3,6,0,9,0,0,0,9
12/05/2018,SFF,WA,ANM,WE,Federal Contract Tower,0,1,16,0,17,0,3,68,0,71,0,4,84,0,88,150,0,150,238
12/06/2018,SFF,WA,ANM,WE,Federal Contract Tower,0,4,11,0,15,0,16,121,0,137,0,20,132,0,152,148,0,148,300
12/07/2018,SFF,WA,ANM,WE,Federal Contract Tower,0,5,11,0,16,0,5,78,0,83,0,10,89,0,99,196,0,196,295
12/08/2018,SFF,WA,ANM,WE,Federal Contract Tower,0,4,7,0,11,0,8,50,0,58,0,12,57,0,69,115,0,115,184
12/09/2018,SFF,WA,ANM,WE,Federal Contract Tower,0,2,8,0,10,0,11,43,0,54,0,13,51,0,64,6,0,6,70
12/10/2018,SFF,WA,ANM,WE,Federal Contract Tower,0,2,11,0,13,0,0,0,0,0,0,2,11,0,13,0,0,0,13
12/11/2018,SFF,WA,ANM,WE,Federal Contract Tower,0,8,7,0,15,0,0,0,0,0,0,8,7,0,15,4,0,4,19
12/12/2018,SFF,WA,ANM,WE,Federal Contract Tower,0,3,17,0,20,0,8,43,0,51,0,11,60,0,71,82,0,82,153
12/13/2018,SFF,WA,ANM,WE,Federal Contract Tower,0,2,4,0,6,0,8,17,0,25,0,10,21,0,31,78,0,78,109
12/14/2018,SFF,WA,ANM,WE,Federal Contract Tower,0,3,11,0,14,0,2,48,0,50,0,5,59,0,64,118,0,118,182
12/15/2018,SFF,WA,ANM,WE,Federal Contract Tower,0,5,6,0,11,0,11,75,0,86,0,16,81,0,97,52,0,52,149
12/16/2018,SFF,WA,ANM,WE,Federal Contract Tower,0,4,5,0,9,0,2,2,0,4,0,6,7,0,13,8,0,8,21
12/17/2018,SFF,WA,ANM,WE,Federal Contract Tower,0,2,4,0,6,0,10,32,0,42,0,12,36,0,48,173,0,173,221
12/18/2018,SFF,WA,ANM,WE,Federal Contract Tower,0,3,11,0,14,0,2,0,0,2,0,5,11,0,16,10,0,10,26
12/19/2018,SFF,WA,ANM,WE,Federal Contract Tower,0,3,9,0,12,0,3,18,0,21,0,6,27,0,33,58,0,58,91
12/20/2018,SFF,WA,ANM,WE,Federal Contract Tower,0,3,9,2,14,0,8,23,0,31,0,11,32,2,45,36,0,36,81
12/21/2018,SFF,WA,ANM,WE,Federal Contract Tower,0,5,11,0,16,0,15,83,0,98,0,20,94,0,114,70,0,70,184
12/22/2018,SFF,WA,ANM,WE,Federal Contract Tower,0,2,13,0,15,0,9,70,0,79,0,11,83,0,94,96,0,96,190
12/23/2018,SFF,WA,ANM,WE,Federal Contract Tower,0,1,7,0,8,0,3,19,0,22,0,4,26,0,30,0,0,0,30
12/24/2018,SFF,WA,ANM,WE,Federal Contract Tower,0,5,4,0,9,0,0,2,0,2,0,5,6,0,11,0,0,0,11
12/25/2018,SFF,WA,ANM,WE,Federal Contract Tower,0,3,1,0,4,0,0,7,0,7,0,3,8,0,11,8,0,8,19
12/26/2018,SFF,WA,ANM,WE,Federal Contract Tower,0,5,5,0,10,0,0,17,0,17,0,5,22,0,27,46,0,46,73
12/27/2018,SFF,WA,ANM,WE,Federal Contract Tower,0,5,10,0,15,0,0,0,0,0,0,5,10,0,15,0,0,0,15
12/28/2018,SFF,WA,ANM,WE,Federal Contract Tower,0,4,6,0,10,0,0,2,0,2,0,4,8,0,12,52,0,52,64
12/29/2018,SFF,WA,ANM,WE,Federal Contract Tower,0,0,5,0,5,0,1,1,0,2,0,1,6,0,7,6,0,6,13
12/30/2018,SFF,WA,ANM,WE,Federal Contract Tower,0,4,3,0,7,0,7,49,0,56,0,11,52,0,63,24,0,24,87
12/31/2018,SFF,WA,ANM,WE,Federal Contract Tower,0,2,6,0,8,0,13,77,0,90,0,15,83,0,98,72,0,72,170
01/01/2019,SFF,WA,ANM,WE,Federal Contract Tower,0,1,2,0,3,0,7,38,0,45,0,8,40,0,48,42,0,42,90
01/02/2019,SFF,WA,ANM,WE,Federal Contract Tower,0,3,8,0,11,0,19,52,0,71,0,22,60,0,82,138,0,138,220
01/03/2019,SFF,WA,ANM,WE,Federal Contract Tower,0,4,2,0,6,0,1,0,0,1,0,5,2,0,7,6,4,10,17
01/04/2019,SFF,WA,ANM,WE,Federal Contract Tower,0,2,6,0,8,0,10,51,0,61,0,12,57,0,69,50,0,50,119
01/05/2019,SFF,WA,ANM,WE,Federal Contract Tower,0,2,6,0,8,0,10,85,0,95,0,12,91,0,103,58,0,58,161
01/06/2019,SFF,WA,ANM,WE,Federal Contract Tower,0,3,5,0,8,0,4,27,0,31,0,7,32,0,39,20,0,20,59
01/07/2019,SFF,WA,ANM,WE,Federal Contract Tower,0,2,8,0,10,0,13,25,0,38,0,15,33,0,48,6,0,6,54
01/08/2019,SFF,WA,ANM,WE,Federal Contract Tower,0,4,8,0,12,0,8,27,0,35,0,12,35,0,47,40,0,40,87
01/09/2019,SFF,WA,ANM,WE,Federal Contract Tower,0,3,12,0,15,0,0,7,0,7,0,3,19,0,22,2,0,2,24
01/10/2019,SFF,WA,ANM,WE,Federal Contract Tower,0,7,14,0,21,0,2,34,0,36,0,9,48,0,57,108,0,108,165
01/11/2019,SFF,WA,ANM,WE,Federal Contract Tower,0,6,8,0,14,0,4,15,0,19,0,10,23,0,33,20,0,20,53
01/12/2019,SFF,WA,ANM,WE,Federal Contract Tower,0,4,6,0,10,0,2,41,0,43,0,6,47,0,53,67,0,67,120
01/13/2019,SFF,WA,ANM,WE,Federal Contract Tower,0,5,15,0,20,0,0,46,0,46,0,5,61,0,66,54,0,54,120
01/14/2019,SFF,WA,ANM,WE,Federal Contract Tower,0,5,12,0,17,0,1,61,0,62,0,6,73,0,79,42,0,42,121
01/15/2019,SFF,WA,ANM,WE,Federal Contract Tower,0,9,15,0,24,0,0,72,0,72,0,9,87,0,96,80,0,80,176
01/16/2019,SFF,WA,ANM,WE,Federal Contract Tower,0,2,12,0,14,0,4,59,0,63,0,6,71,0,77,101,0,101,178
01/17/2019,SFF,WA,ANM,WE,Federal Contract Tower,0,5,8,0,13,0,0,0,0,0,0,5,8,0,13,0,0,0,13
01/18/2019,SFF,WA,ANM,WE,Federal Contract Tower,0,3,15,0,18,0,2,23,0,25,0,5,38,0,43,104,0,104,147
01/19/2019,SFF,WA,ANM,WE,Federal Contract Tower,0,0,17,0,17,0,0,2,0,2,0,0,19,0,19,36,0,36,55
01/20/2019,SFF,WA,ANM,WE,Federal Contract Tower,0,3,3,0,6,0,0,0,0,0,0,3,3,0,6,0,0,0,6
01/21/2019,SFF,WA,ANM,WE,Federal Contract Tower,0,1,8,0,9,0,8,61,0,69,0,9,69,0,78,97,0,97,175
01/22/2019,SFF,WA,ANM,WE,Federal Contract Tower,0,5,8,0,13,0,2,12,0,14,0,7,20,0,27,114,0,114,141
01/23/2019,SFF,WA,ANM,WE,Federal Contract Tower,0,3,12,0,15,0,4,31,0,35,0,7,43,0,50,94,0,94,144
01/24/2019,SFF,WA,ANM,WE,Federal Contract Tower,0,8,15,0,23,0,0,3,0,3,0,8,18,0,26,14,0,14,40
01/25/2019,SFF,WA,ANM,WE,Federal Contract Tower,0,8,10,0,18,0,0,0,0,0,0,8,10,0,18,0,0,0,18
01/26/2019,SFF,WA,ANM,WE,Federal Contract Tower,0,2,12,0,14,0,0,16,0,16,0,2,28,0,30,12,0,12,42
01/27/2019,SFF,WA,ANM,WE,Federal Contract Tower,0,2,21,0,23,0,5,1,0,6,0,7,22,0,29,0,0,0,29
01/28/2019,SFF,WA,ANM,WE,Federal Contract Tower,0,2,13,0,15,0,2,35,0,37,0,4,48,0,52,54,0,54,106
01/29/2019,SFF,WA,ANM,WE,Federal Contract Tower,0,7,20,0,27,0,11,130,0,141,0,18,150,0,168,92,0,92,260
01/30/2019,SFF,WA,ANM,WE,Federal Contract Tower,0,5,9,0,14,0,0,0,0,0,0,5,9,0,14,0,0,0,14
01/31/2019,SFF,WA,ANM,WE,Federal Contract Tower,0,8,28,0,36,0,1,19,0,20,0,9,47,0,56,33,0,33,89
02/01/2019,SFF,WA,ANM,WE,Federal Contract Tower,0,11,10,0,21,0,0,47,0,47,0,11,57,0,68,40,0,40,108
02/02/2019,SFF,WA,ANM,WE,Federal Contract Tower,0,6,3,0,9,0,0,17,0,17,0,6,20,0,26,78,0,78,104
02/03/2019,SFF,WA,ANM,WE,Federal Contract Tower,0,5,3,0,8,0,0,0,0,0,0,5,3,0,8,0,0,0,8
02/04/2019,SFF,WA,ANM,WE,Federal Contract Tower,0,2,8,0,10,0,4,38,0,42,0,6,46,0,52,74,0,74,126
02/05/2019,SFF,WA,ANM,WE,Federal Contract Tower,0,2,10,0,12,0,1,14,0,15,0,3,24,0,27,84,0,84,111
02/06/2019,SFF,WA,ANM,WE,Federal Contract Tower,0,1,24,0,25,0,26,84,0,110,0,27,108,0,135,150,0,150,285
02/07/2019,SFF,WA,ANM,WE,Federal Contract Tower,0,3,12,0,15,0,4,97,0,101,0,7,109,0,116,98,0,98,214
02/08/2019,SFF,WA,ANM,WE,Federal Contract Tower,0,3,9,0,12,0,0,0,0,0,0,3,9,0,12,0,0,0,12
02/09/2019,SFF,WA,ANM,WE,Federal Contract Tower,0,0,2,0,2,0,1,3,0,4,0,1,5,0,6,8,0,8,14
02/10/2019,SFF,WA,ANM,WE,Federal Contract Tower,0,0,4,0,4,0,0,3,0,3,0,0,7,0,7,12,0,12,19
02/11/2019,SFF,WA,ANM,WE,Federal Contract Tower,0,3,10,0,13,0,6,14,0,20,0,9,24,0,33,61,0,61,94
02/12/2019,SFF,WA,ANM,WE,Federal Contract Tower,0,2,7,0,9,0,0,0,0,0,0,2,7,0,9,0,0,0,9
02/13/2019,SFF,WA,ANM,WE,Federal Contract Tower,0,2,32,0,34,0,13,0,0,13,0,15,32,0,47,50,0,50,97
02/14/2019,SFF,WA,ANM,WE,Federal Contract Tower,0,1,12,0,13,0,10,32,0,42,0,11,44,0,55,96,0,96,151
02/15/2019,SFF,WA,ANM,WE,Federal Contract Tower,0,5,0,0,5,0,0,0,0,0,0,5,0,0,5,0,0,0,5
02/16/2019,SFF,WA,ANM,WE,Federal Contract Tower,0,3,9,0,12,0,0,0,0,0,0,3,9,0,12,0,0,0,12
02/17/2019,SFF,WA,ANM,WE,Federal Contract Tower,0,1,9,0,10,0,4,6,0,10,0,5,15,0,20,0,0,0,20
02/18/2019,SFF,WA,ANM,WE,Federal Contract Tower,0,1,13,0,14,0,8,103,0,111,0,9,116,0,125,92,0,92,217
02/20/2019,SFF,WA,ANM,WE,Federal Contract Tower,0,4,13,0,17,0,2,34,0,36,0,6,47,0,53,97,0,97,150
02/21/2019,SFF,WA,ANM,WE,Federal Contract Tower,0,2,23,0,25,0,5,95,0,100,0,7,118,0,125,90,0,90,215
02/22/2019,SFF,WA,ANM,WE,Federal Contract Tower,0,1,15,0,16,0,0,8,0,8,0,1,23,0,24,76,0,76,100
02/23/2019,SFF,WA,ANM,WE,Federal Contract Tower,0,5,9,0,14,0,2,17,0,19,0,7,26,0,33,12,0,12,45
02/24/2019,SFF,WA,ANM,WE,Federal Contract Tower,0,1,8,0,9,0,0,24,0,24,0,1,32,0,33,40,0,40,73
02/25/2019,SFF,WA,ANM,WE,Federal Contract Tower,0,0,8,0,8,0,5,23,0,28,0,5,31,0,36,10,0,10,46
02/26/2019,SFF,WA,ANM,WE,Federal Contract Tower,0,1,20,0,21,0,11,76,0,87,0,12,96,0,108,132,0,132,240
02/27/2019,SFF,WA,ANM,WE,Federal Contract Tower,0,1,12,0,13,0,0,0,0,0,0,1,12,0,13,0,0,0,13
02/28/2019,SFF,WA,ANM,WE,Federal Contract Tower,0,1,25,0,26,0,1,7,0,8,0,2,32,0,34,14,0,14,48
03/01/2019,SFF,WA,ANM,WE,Federal Contract Tower,0,1,19,0,20,0,1,34,2,37,0,2,53,2,57,74,10,84,141
03/02/2019,SFF,WA,ANM,WE,Federal Contract Tower,0,4,6,0,10,0,3,10,0,13,0,7,16,0,23,16,0,16,39
03/03/2019,SFF,WA,ANM,WE,Federal Contract Tower,0,9,0,0,9,0,5,45,0,50,0,14,45,0,59,62,0,62,121
03/04/2019,SFF,WA,ANM,WE,Federal Contract Tower,0,0,17,0,17,0,10,90,0,100,0,10,107,0,117,128,0,128,245
03/05/2019,SFF,WA,ANM,WE,Federal Contract Tower,0,2,11,0,13,0,12,91,0,103,0,14,102,0,116,148,10,158,274
03/06/2019,SFF,WA,ANM,WE,Federal Contract Tower,0,2,15,0,17,0,14,18,0,32,0,16,33,0,49,136,0,136,185
03/07/2019,SFF,WA,ANM,WE,Federal Contract Tower,0,3,17,0,20,0,8,41,0,49,0,11,58,0,69,108,0,108,177
03/08/2019,SFF,WA,ANM,WE,Federal Contract Tower,0,1,16,0,17,0,2,45,0,47,0,3,61,0,64,184,0,184,248
03/09/2019,SFF,WA,ANM,WE,Federal Contract Tower,0,0,6,0,6,0,3,86,0,89,0,3,92,0,95,82,0,82,177
03/10/2019,SFF,WA,ANM,WE,Federal Contract Tower,0,2,14,0,16,0,1,83,0,84,0,3,97,0,100,30,0,30,130
03/11/2019,SFF,WA,ANM,WE,Federal Contract Tower,0,2,11,0,13,0,4,72,2,78,0,6,83,2,91,150,0,150,241
03/12/2019,SFF,WA,ANM,WE,Federal Contract Tower,0,2,8,0,10,0,0,0,0,0,0,2,8,0,10,0,0,0,10
03/13/2019,SFF,WA,ANM,WE,Federal Contract Tower,0,1,20,0,21,0,5,67,0,72,0,6,87,0,93,168,0,168,261
03/14/2019,SFF,WA,ANM,WE,Federal Contract Tower,0,2,25,0,27,0,15,76,0,91,0,17,101,0,118,204,0,204,322
03/15/2019,SFF,WA,ANM,WE,Federal Contract Tower,0,13,0,0,13,0,7,62,0,69,0,20,62,0,82,140,0,140,222
03/16/2019,SFF,WA,ANM,WE,Federal Contract Tower,0,0,11,0,11,0,5,62,0,67,0,5,73,0,78,76,0,76,154
03/17/2019,SFF,WA,ANM,WE,Federal Contract Tower,0,0,6,0,6,0,5,92,0,97,0,5,98,0,103,132,0,132,235
03/18/2019,SFF,WA,ANM,WE,Federal Contract Tower,0,0,23,0,23,0,16,110,0,126,0,16,133,0,149,82,0,82,231
03/19/2019,SFF,WA,ANM,WE,Federal Contract Tower,0,0,19,0,19,0,7,128,0,135,0,7,147,0,154,112,0,112,266
03/20/2019,SFF,WA,ANM,WE,Federal Contract Tower,0,0,25,0,25,0,9,94,0,103,0,9,119,0,128,128,0,128,256
03/21/2019,SFF,WA,ANM,WE,Federal Contract Tower,0,2,12,0,14,0,9,117,0,126,0,11,129,0,140,202,0,202,342
03/22/2019,SFF,WA,ANM,WE,Federal Contract Tower,0,1,13,0,14,0,8,85,0,93,0,9,98,0,107,136,0,136,243
03/23/2019,SFF,WA,ANM,WE,Federal Contract Tower,0,0,7,0,7,0,13,75,0,88,0,13,82,0,95,86,0,86,181
03/24/2019,SFF,WA,ANM,WE,Federal Contract Tower,0,0,6,0,6,0,2,11,0,13,0,2,17,0,19,24,0,24,43
03/25/2019,SFF,WA,ANM,WE,Federal Contract Tower,0,1,17,0,18,0,5,73,0,78,0,6,90,0,96,156,0,156,252
03/26/2019,SFF,WA,ANM,WE,Federal Contract Tower,0,1,28,0,29,0,4,60,0,64,0,5,88,0,93,66,0,66,159
03/27/2019,SFF,WA,ANM,WE,Federal Contract Tower,0,1,26,0,27,0,12,95,0,107,0,13,121,0,134,20,0,20,154
03/28/2019,SFF,WA,ANM,WE,Federal Contract Tower,0,21,29,0,50,0,9,45,0,54,0,30,74,0,104,34,0,34,138
03/29/2019,SFF,WA,ANM,WE,Federal Contract Tower,0,1,17,0,18,0,41,66,0,107,0,42,83,0,125,146,0,146,271
03/30/2019,SFF,WA,ANM,WE,Federal Contract Tower,0,4,11,0,15,0,7,99,0,106,0,11,110,0,121,24,0,24,145
03/31/2019,SFF,WA,ANM,WE,Federal Contract Tower,0,0,8,0,8,0,13,52,0,65,0,13,60,0,73,26,0,26,99
04/01/2019,SFF,WA,ANM,WE,Federal Contract Tower,0,3,18,0,21,0,20,73,0,93,0,23,91,0,114,147,0,147,261
04/02/2019,SFF,WA,ANM,WE,Federal Contract Tower,0,1,9,0,10,0,14,82,0,96,0,15,91,0,106,144,0,144,250
04/03/2019,SFF,WA,ANM,WE,Federal Contract Tower,0,3,21,0,24,0,12,26,0,38,0,15,47,0,62,134,0,134,196
04/04/2019,SFF,WA,ANM,WE,Federal Contract Tower,0,2,7,0,9,0,4,77,0,81,0,6,84,0,90,181,0,181,271
04/05/2019,SFF,WA,ANM,WE,Federal Contract Tower,0,1,19,0,20,0,2,18,0,20,0,3,37,0,40,130,0,130,170
04/06/2019,SFF,WA,ANM,WE,Federal Contract Tower,0,2,9,0,11,0,4,23,0,27,0,6,32,0,38,50,0,50,88
04/07/2019,SFF,WA,ANM,WE,Federal Contract Tower,0,1,7,0,8,0,0,2,0,2,0,1,9,0,10,6,0,6,16
04/08/2019,SFF,WA,ANM,WE,Federal Contract Tower,0,1,7,0,8,0,5,9,0,14,0,6,16,0,22,124,0,124,146
04/09/2019,SFF,WA,ANM,WE,Federal Contract Tower,0,3,24,0,27,0,0,7,0,7,0,3,31,0,34,8,0,8,42
04/10/2019,SFF,WA,ANM,WE,Federal Contract Tower,0,1,12,0,13,0,8,77,0,85,0,9,89,0,98,133,0,133,231
04/11/2019,SFF,WA,ANM,WE,Federal Contract Tower,0,2,23,0,25,0,6,67,0,73,0,8,90,0,98,152,0,152,250
04/12/2019,SFF,WA,ANM,WE,Federal Contract Tower,0,3,22,0,25,0,6,115,0,121,0,9,137,0,146,84,0,84,230
04/13/2019,SFF,WA,ANM,WE,Federal Contract Tower,0,2,8,0,10,0,0,7,0,7,0,2,15,0,17,0,0,0,17
04/14/2019,SFF,WA,ANM,WE,Federal Contract Tower,0,1,8,0,9,0,1,43,0,44,0,2,51,0,53,16,0,16,69
04/15/2019,SFF,WA,ANM,WE,Federal Contract Tower,0,2,17,0,19,0,5,59,0,64,0,7,76,0,83,96,0,96,179
04/16/2019,SFF,WA,ANM,WE,Federal Contract Tower,0,1,12,0,13,0,11,84,0,95,0,12,96,0,108,110,0,110,218
04/17/2019,SFF,WA,ANM,WE,Federal Contract Tower,0,2,15,0,17,0,22,86,0,108,0,24,101,0,125,43,0,43,168
04/18/2019,SFF,WA,ANM,WE,Federal Contract Tower,0,2,20,0,22,0,13,117,0,130,0,15,137,0,152,108,0,108,260
04/19/2019,SFF,WA,ANM,WE,Federal Contract Tower,0,1,12,0,13,0,8,50,0,58,0,9,62,0,71,56,0,56,127
04/20/2019,SFF,WA,ANM,WE,Federal Contract Tower,0,1,11,0,12,0,13,53,0,66,0,14,64,0,78,56,0,56,134
04/21/2019,SFF,WA,ANM,WE,Federal Contract Tower,0,2,7,0,9,0,2,125,0,127,0,4,132,0,136,48,0,48,184
04/22/2019,SFF,WA,ANM,WE,Federal Contract Tower,0,0,17,0,17,0,10,97,0,107,0,10,114,0,124,78,0,78,202
04/23/2019,SFF,WA,ANM,WE,Federal Contract Tower,0,4,13,0,17,0,20,59,0,79,0,24,72,0,96,48,0,48,144
04/24/2019,SFF,WA,ANM,WE,Federal Contract Tower,0,1,21,2,24,0,8,121,0,129,0,9,142,2,153,115,0,115,268
04/25/2019,SFF,WA,ANM,WE,Federal Contract Tower,0,2,23,0,25,0,12,133,0,145,0,14,156,0,170,256,0,256,426
04/26/2019,SFF,WA,ANM,WE,Federal Contract Tower,0,1,12,0,13,0,7,64,0,71,0,8,76,0,84,210,0,210,294
04/27/2019,SFF,WA,ANM,WE,Federal Contract Tower,0,2,3,0,5,0,9,13,0,22,0,11,16,0,27,16,0,16,43
04/28/2019,SFF,WA,ANM,WE,Federal Contract Tower,0,0,12,0,12,0,8,73,0,81,0,8,85,0,93,60,0,60,153
04/29/2019,SFF,WA,ANM,WE,Federal Contract Tower,0,0,19,0,19,0,7,75,0,82,0,7,94,0,101,130,0,130,231
04/30/2019,SFF,WA,ANM,WE,Federal Contract Tower,0,1,13,0,14,0,14,116,0,130,0,15,129,0,144,183,0,183,327
05/01/2019,SFF,WA,ANM,WE,Federal Contract Tower,0,1,21,0,22,0,14,66,0,80,0,15,87,0,102,87,0,87,189
05/02/2019,SFF,WA,ANM,WE,Federal Contract Tower,0,3,22,0,25,0,8,106,2,116,0,11,128,2,141,46,0,46,187
05/03/2019,SFF,WA,ANM,WE,Federal Contract Tower,0,2,14,0,16,0,14,138,0,152,0,16,152,0,168,132,0,132,300
05/04/2019,SFF,WA,ANM,WE,Federal Contract Tower,0,2,2,0,4,0,9,95,0,104,0,11,97,0,108,104,0,104,212
05/05/2019,SFF,WA,ANM,WE,Federal Contract Tower,0,8,0,0,8,0,17,96,0,113,0,25,96,0,121,48,0,48,169
05/06/2019,SFF,WA,ANM,WE,Federal Contract Tower,0,2,8,0,10,0,4,63,0,67,0,6,71,0,77,99,0,99,176
05/07/2019,SFF,WA,ANM,WE,Federal Contract Tower,3,8,0,0,11,0,8,90,0,98,3,16,90,0,109,166,0,166,275
05/08/2019,SFF,WA,ANM,WE,Federal Contract Tower,0,3,19,0,22,0,8,108,0,116,0,11,127,0,138,114,0,114,252
05/09/2019,SFF,WA,ANM,WE,Federal Contract Tower,0,2,13,0,15,0,18,117,0,135,0,20,130,0,150,146,0,146,296
05/10/2019,SFF,WA,ANM,WE,Federal Contract Tower,0,1,17,0,18,0,22,148,0,170,0,23,165,0,188,190,0,190,378
05/11/2019,SFF,WA,ANM,WE,Federal Contract Tower,0,8,2,0,10,0,8,124,0,132,0,16,126,0,142,82,0,82,224
05/12/2019,SFF,WA,ANM,WE,Federal Contract Tower,0,0,8,0,8,0,9,68,0,77,0,9,76,0,85,38,0,38,123
05/13/2019,SFF,WA,ANM,WE,Federal Contract Tower,0,0,14,0,14,0,10,110,0,120,0,10,124,0,134,176,0,176,310
05/14/2019,SFF,WA,ANM,WE,Federal Contract Tower,0,3,13,0,16,0,16,99,2,117,0,19,112,2,133,254,0,254,387
05/15/2019,SFF,WA,ANM,WE,Federal Contract Tower,0,4,12,0,16,0,20,104,0,124,0,24,116,0,140,162,0,162,302
05/16/2019,SFF,WA,ANM,WE,Federal Contract Tower,0,1,19,0,20,0,0,36,0,36,0,1,55,0,56,120,0,120,176
05/17/2019,SFF,WA,ANM,WE,Federal Contract Tower,0,3,18,0,21,0,1,2,0,3,0,4,20,0,24,8,0,8,32
05/18/2019,SFF,WA,ANM,WE,Federal Contract Tower,0,5,9,0,14,0,12,58,0,70,0,17,67,0,84,162,0,162,246
05/19/2019,SFF,WA,ANM,WE,Federal Contract Tower,0,2,13,0,15,0,5,61,0,66,0,7,74,0,81,38,0,38,119
05/20/2019,SFF,WA,ANM,WE,Federal Contract Tower,0,0,19,0,19,0,10,108,2,120,0,10,127,2,139,278,0,278,417
05/21/2019,SFF,WA,ANM,WE,Federal Contract Tower,0,1,17,0,18,0,5,91,0,96,0,6,108,0,114,242,0,242,356
05/22/2019,SFF,WA,ANM,WE,Federal Contract Tower,0,1,18,0,19,0,14,78,0,92,0,15,96,0,111,86,0,86,197
05/23/2019,SFF,WA,ANM,WE,Federal Contract Tower,0,2,20,0,22,0,21,128,0,149,0,23,148,0,171,208,0,208,379
05/24/2019,SFF,WA,ANM,WE,Federal Contract Tower,0,6,8,0,14,0,6,57,0,63,0,12,65,0,77,112,0,112,189
05/25/2019,SFF,WA,ANM,WE,Federal Contract Tower,0,1,11,0,12,0,17,61,0,78,0,18,72,0,90,132,0,132,222
05/26/2019,SFF,WA,ANM,WE,Federal Contract Tower,0,0,10,0,10,0,11,22,0,33,0,11,32,0,43,8,0,8,51
05/27/2019,SFF,WA,ANM,WE,Federal Contract Tower,0,2,8,0,10,0,21,123,0,144,0,23,131,0,154,112,0,112,266
05/28/2019,SFF,WA,ANM,WE,Federal Contract Tower,0,1,11,0,12,0,22,122,0,144,0,23,133,0,156,348,0,348,504
05/29/2019,SFF,WA,ANM,WE,Federal Contract Tower,0,1,16,0,17,0,12,124,0,136,0,13,140,0,153,253,0,253,406
05/30/2019,SFF,WA,ANM,WE,Federal Contract Tower,0,2,20,0,22,0,4,93,0,97,0,6,113,0,119,199,0,199,318
05/31/2019,SFF,WA,ANM,WE,Federal Contract Tower,0,1,13,0,14,0,8,102,0,110,0,9,115,0,124,214,0,214,338
06/01/2019,SFF,WA,ANM,WE,Federal Contract Tower,0,6,5,0,11,0,19,99,0,118,0,25,104,0,129,72,0,72,201
06/02/2019,SFF,WA,ANM,WE,Federal Contract Tower,0,0,11,0,11,0,9,95,0,104,0,9,106,0,115,66,0,66,181
06/03/2019,SFF,WA,ANM,WE,Federal Contract Tower,0,1,12,0,13,0,18,64,0,82,0,19,76,0,95,160,0,160,255
06/04/2019,SFF,WA,ANM,WE,Federal Contract Tower,0,3,8,0,11,0,9,87,0,96,0,12,95,0,107,184,0,184,291
06/05/2019,SFF,WA,ANM,WE,Federal Contract Tower,0,3,11,0,14,0,6,84,0,90,0,9,95,0,104,246,0,246,350
06/06/2019,SFF,WA,ANM,WE,Federal Contract Tower,0,3,8,0,11,0,3,67,0,70,0,6,75,0,81,147,0,147,228
06/07/2019,SFF,WA,ANM,WE,Federal Contract Tower,0,3,14,0,17,0,10,66,0,76,0,13,80,0,93,108,0,108,201
06/08/2019,SFF,WA,ANM,WE,Federal Contract Tower,0,4,12,0,16,0,6,126,0,132,0,10,138,0,148,52,0,52,200
06/09/2019,SFF,WA,ANM,WE,Federal Contract Tower,0,0,10,0,10,0,6,110,0,116,0,6,120,0,126,70,0,70,196
06/10/2019,SFF,WA,ANM,WE,Federal Contract Tower,0,0,9,0,9,0,4,106,0,110,0,4,115,0,119,264,0,264,383
06/12/2019,SFF,WA,ANM,WE,Federal Contract Tower,0,3,12,0,15,0,6,130,0,136,0,9,142,0,151,242,0,242,393
06/13/2019,SFF,WA,ANM,WE,Federal Contract Tower,0,2,19,0,21,0,5,99,0,104,0,7,118,0,125,222,0,222,347
06/14/2019,SFF,WA,ANM,WE,Federal Contract Tower,0,3,9,0,12,0,16,127,0,143,0,19,136,0,155,118,0,118,273
06/15/2019,SFF,WA,ANM,WE,Federal Contract Tower,0,5,5,0,10,0,7,86,0,93,0,12,91,0,103,36,0,36,139
06/16/2019,SFF,WA,ANM,WE,Federal Contract Tower,0,0,11,0,11,0,10,98,0,108,0,10,109,0,119,26,0,26,145
06/17/2019,SFF,WA,ANM,WE,Federal Contract Tower,0,2,20,0,22,0,14,84,0,98,0,16,104,0,120,154,0,154,274
06/18/2019,SFF,WA,ANM,WE,Federal Contract Tower,0,1,9,0,10,0,12,98,0,110,0,13,107,0,120,138,0,138,258
06/19/2019,SFF,WA,ANM,WE,Federal Contract Tower,0,1,13,2,16,0,17,66,0,83,0,18,79,2,99,122,0,122,221
06/20/2019,SFF,WA,ANM,WE,Federal Contract Tower,0,2,11,0,13,0,3,73,0,76,0,5,84,0,89,92,0,92,181
06/21/2019,SFF,WA,ANM,WE,Federal Contract Tower,0,1,13,0,14,0,7,97,0,104,0,8,110,0,118,248,0,248,366
06/22/2019,SFF,WA,ANM,WE,Federal Contract Tower,0,4,9,0,13,0,6,98,0,104,0,10,107,0,117,47,0,47,164
06/23/2019,SFF,WA,ANM,WE,Federal Contract Tower,0,1,11,0,12,0,8,94,0,102,0,9,105,0,114,35,0,35,149
06/24/2019,SFF,WA,ANM,WE,Federal Contract Tower,0,2,19,0,21,0,12,114,0,126,0,14,133,0,147,82,0,82,229
06/25/2019,SFF,WA,ANM,WE,Federal Contract Tower,0,1,16,0,17,0,13,119,0,132,0,14,135,0,149,106,0,106,255
06/26/2019,SFF,WA,ANM,WE,Federal Contract Tower,0,2,9,0,11,0,12,63,0,75,0,14,72,0,86,36,0,36,122
06/27/2019,SFF,WA,ANM,WE,Federal Contract Tower,0,3,19,0,22,0,0,45,0,45,0,3,64,0,67,64,0,64,131
06/28/2019,SFF,WA,ANM,WE,Federal Contract Tower,0,1,13,0,14,0,9,68,0,77,0,10,81,0,91,110,0,110,201
06/29/2019,SFF,WA,ANM,WE,Federal Contract Tower,0,5,9,0,14,0,21,115,0,136,0,26,124,0,150,78,0,78,228
06/30/2019,SFF,WA,ANM,WE,Federal Contract Tower,0,0,3,0,3,0,13,123,0,136,0,13,126,0,139,16,0,16,155
07/01/2019,SFF,WA,ANM,WE,Federal Contract Tower,0,2,17,0,19,0,5,73,0,78,0,7,90,0,97,66,0,66,163
07/02/2019,SFF,WA,ANM,WE,Federal Contract Tower,0,3,11,0,14,0,7,60,0,67,0,10,71,0,81,50,0,50,131
07/03/2019,SFF,WA,ANM,WE,Federal Contract Tower,0,2,20,0,22,0,6,60,0,66,0,8,80,0,88,94,0,94,182
07/04/2019,SFF,WA,ANM,WE,Federal Contract Tower,0,0,0,0,0,0,7,46,0,53,0,7,46,0,53,36,0,36,89
07/05/2019,SFF,WA,ANM,WE,Federal Contract Tower,0,1,5,0,6,0,4,48,0,52,0,5,53,0,58,14,0,14,72
07/06/2019,SFF,WA,ANM,WE,Federal Contract Tower,0,4,7,0,11,0,10,58,0,68,0,14,65,0,79,16,0,16,95
07/07/2019,SFF,WA,ANM,WE,Federal Contract Tower,0,0,13,0,13,0,5,61,0,66,0,5,74,0,79,34,0,34,113
07/08/2019,SFF,WA,ANM,WE,Federal Contract Tower,0,0,11,0,11,0,21,89,0,110,0,21,100,0,121,64,0,64,185
07/09/2019,SFF,WA,ANM,WE,Federal Contract Tower,0,2,18,0,20,0,12,82,0,94,0,14,100,0,114,110,0,110,224
07/10/2019,SFF,WA,ANM,WE,Federal Contract Tower,0,1,18,0,19,0,14,94,0,108,0,15,112,0,127,142,0,142,269
07/11/2019,SFF,WA,ANM,WE,Federal Contract Tower,0,1,15,0,16,0,5,81,0,86,0,6,96,0,102,170,0,170,272
07/12/2019,SFF,WA,ANM,WE,Federal Contract Tower,0,1,14,0,15,0,15,103,0,118,0,16,117,0,133,32,0,32,165
07/14/2019,SFF,WA,ANM,WE,Federal Contract Tower,0,2,4,0,6,0,14,64,0,78,0,16,68,0,84,52,0,52,136
07/15/2019,SFF,WA,ANM,WE,Federal Contract Tower,0,0,18,0,18,0,8,104,0,112,0,8,122,0,130,160,0,160,290
07/16/2019,SFF,WA,ANM,WE,Federal Contract Tower,0,3,22,0,25,0,12,65,0,77,0,15,87,0,102,136,0,136,238
07/17/2019,SFF,WA,ANM,WE,Federal Contract Tower,0,1,16,0,17,0,10,61,0,71,0,11,77,0,88,60,0,60,148
07/18/2019,SFF,WA,ANM,WE,Federal Contract Tower,0,2,8,0,10,0,3,63,0,66,0,5,71,0,76,76,0,76,152
07/19/2019,SFF,WA,ANM,WE,Federal Contract Tower,3,9,0,0,12,0,4,97,0,101,3,13,97,0,113,136,0,136,249
07/20/2019,SFF,WA,ANM,WE,Federal Contract Tower,0,4,7,0,11,0,9,106,0,115,0,13,113,0,126,92,0,92,218
07/21/2019,SFF,WA,ANM,WE,Federal Contract Tower,0,1,5,0,6,0,16,78,0,94,0,17,83,0,100,55,0,55,155
07/22/2019,SFF,WA,ANM,WE,Federal Contract Tower,0,2,12,0,14,0,11,105,0,116,0,13,117,0,130,134,0,134,264
07/23/2019,SFF,WA,ANM,WE,Federal Contract Tower,0,0,15,0,15,0,14,90,0,104,0,14,105,0,119,106,0,106,225
07/24/2019,SFF,WA,ANM,WE,Federal Contract Tower,0,1,13,0,14,0,12,85,1,98,0,13,98,1,112,70,0,70,182
07/25/2019,SFF,WA,ANM,WE,Federal Contract Tower,2,15,0,0,17,17,108,21,0,146,19,123,21,0,163,68,0,68,231
07/26/2019,SFF,WA,ANM,WE,Federal Contract Tower,0,2,12,0,14,0,3,94,0,97,0,5,106,0,111,102,0,102,213
07/27/2019,SFF,WA,ANM,WE,Federal Contract Tower,0,5,3,0,8,0,7,45,0,52,0,12,48,0,60,6,0,6,66
07/28/2019,SFF,WA,ANM,WE,Federal Contract Tower,0,0,10,0,10,0,14,134,0,148,0,14,144,0,158,56,0,56,214
07/29/2019,SFF,WA,ANM,WE,Federal Contract Tower,0,1,9,0,10,0,4,101,0,105,0,5,110,0,115,84,0,84,199
07/30/2019,SFF,WA,ANM,WE,Federal Contract Tower,0,1,11,0,12,0,4,106,0,110,0,5,117,0,122,10,0,10,132
07/31/2019,SFF,WA,ANM,WE,Federal Contract Tower,0,3,17,0,20,0,9,125,0,134,0,12,142,0,154,98,0,98,252
08/01/2019,SFF,WA,ANM,WE,Federal Contract Tower,0,2,15,0,17,0,8,106,0,114,0,10,121,0,131,116,0,116,247
08/02/2019,SFF,WA,ANM,WE,Federal Contract Tower,0,1,8,0,9,0,4,79,0,83,0,5,87,0,92,90,0,90,182
08/03/2019,SFF,WA,ANM,WE,Federal Contract Tower,0,4,4,0,8,0,7,85,0,92,0,11,89,0,100,40,0,40,140
08/04/2019,SFF,WA,ANM,WE,Federal Contract Tower,0,2,12,0,14,0,3,80,0,83,0,5,92,0,97,18,0,18,115
08/05/2019,SFF,WA,ANM,WE,Federal Contract Tower,0,0,13,0,13,0,2,85,0,87,0,2,98,0,100,64,0,64,164
08/06/2019,SFF,WA,ANM,WE,Federal Contract Tower,0,3,4,0,7,0,16,92,0,108,0,19,96,0,115,124,0,124,239
08/07/2019,SFF,WA,ANM,WE,Federal Contract Tower,0,4,18,0,22,0,13,77,0,90,0,17,95,0,112,68,0,68,180
08/08/2019,SFF,WA,ANM,WE,Federal Contract Tower,0,1,14,2,17,0,8,73,0,81,0,9,87,2,98,81,0,81,179
08/09/2019,SFF,WA,ANM,WE,Federal Contract Tower,0,0,10,0,10,0,14,53,0,67,0,14,63,0,77,26,0,26,103
08/10/2019,SFF,WA,ANM,WE,Federal Contract Tower,0,3,5,0,8,0,12,55,0,67,0,15,60,0,75,20,0,20,95
08/11/2019,SFF,WA,ANM,WE,Federal Contract Tower,0,0,6,0,6,0,2,15,0,17,0,2,21,0,23,0,0,0,23
08/12/2019,SFF,WA,ANM,WE,Federal Contract Tower,0,1,6,0,7,0,3,76,0,79,0,4,82,0,86,44,0,44,130
08/13/2019,SFF,WA,ANM,WE,Federal Contract Tower,0,4,7,0,11,0,12,95,0,107,0,16,102,0,118,120,0,120,238
08/14/2019,SFF,WA,ANM,WE,Federal Contract Tower,0,1,11,0,12,0,18,83,0,101,0,19,94,0,113,120,0,120,233
08/15/2019,SFF,WA,ANM,WE,Federal Contract Tower,0,2,20,0,22,0,2,110,0,112,0,4,130,0,134,108,0,108,242
08/16/2019,SFF,WA,ANM,WE,Federal Contract Tower,0,2,15,0,17,0,9,101,0,110,0,11,116,0,127,120,0,120,247
08/17/2019,SFF,WA,ANM,WE,Federal Contract Tower,0,3,6,0,9,0,2,80,0,82,0,5,86,0,91,46,0,46,137
08/18/2019,SFF,WA,ANM,WE,Federal Contract Tower,0,0,6,0,6,0,10,97,0,107,0,10,103,0,113,2,0,2,115
08/19/2019,SFF,WA,ANM,WE,Federal Contract Tower,0,0,15,0,15,0,7,86,0,93,0,7,101,0,108,74,0,74,182
08/20/2019,SFF,WA,ANM,WE,Federal Contract Tower,0,3,14,0,17,0,6,108,0,114,0,9,122,0,131,152,0,152,283
08/21/2019,SFF,WA,ANM,WE,Federal Contract Tower,0,1,16,0,17,0,8,98,0,106,0,9,114,0,123,117,0,117,240
08/22/2019,SFF,WA,ANM,WE,Federal Contract Tower,0,0,22,0,22,0,3,61,0,64,0,3,83,0,86,124,0,124,210
08/23/2019,SFF,WA,ANM,WE,Federal Contract Tower,0,3,13,0,16,0,10,101,0,111,0,13,114,0,127,104,0,104,231
08/24/2019,SFF,WA,ANM,WE,Federal Contract Tower,0,5,0,0,5,0,14,60,0,74,0,19,60,0,79,4,0,4,83
08/25/2019,SFF,WA,ANM,WE,Federal Contract Tower,0,0,6,0,6,5,64,0,0,69,5,64,6,0,75,48,0,48,123
08/26/2019,SFF,WA,ANM,WE,Federal Contract Tower,0,0,16,0,16,0,2,97,0,99,0,2,113,0,115,91,0,91,206
08/27/2019,SFF,WA,ANM,WE,Federal Contract Tower,0,5,19,0,24,0,12,109,0,121,0,17,128,0,145,148,0,148,293
08/28/2019,SFF,WA,ANM,WE,Federal Contract Tower,0,1,13,0,14,0,11,85,0,96,0,12,98,0,110,161,0,161,271
08/29/2019,SFF,WA,ANM,WE,Federal Contract Tower,0,2,21,0,23,0,11,74,0,85,0,13,95,0,108,146,0,146,254
08/31/2019,SFF,WA,ANM,WE,Federal Contract Tower,0,4,6,0,10,0,5,84,0,89,0,9,90,0,99,56,0,56,155
09/01/2019,SFF,WA,ANM,WE,Federal Contract Tower,0,0,2,0,2,0,13,57,0,70,0,13,59,0,72,50,0,50,122
09/02/2019,SFF,WA,ANM,WE,Federal Contract Tower,0,0,12,0,12,0,6,92,0,98,0,6,104,0,110,68,0,68,178
09/03/2019,SFF,WA,ANM,WE,Federal Contract Tower,0,3,9,0,12,0,5,64,0,69,0,8,73,0,81,70,0,70,151
09/04/2019,SFF,WA,ANM,WE,Federal Contract Tower,0,1,11,0,12,0,14,78,0,92,0,15,89,0,104,78,0,78,182
09/05/2019,SFF,WA,ANM,WE,Federal Contract Tower,0,0,15,0,15,0,9,97,0,106,0,9,112,0,121,110,0,110,231
09/06/2019,SFF,WA,ANM,WE,Federal Contract Tower,0,0,11,0,11,0,13,59,0,72,0,13,70,0,83,96,0,96,179
09/07/2019,SFF,WA,ANM,WE,Federal Contract Tower,0,4,4,0,8,0,2,41,0,43,0,6,45,0,51,32,0,32,83
09/08/2019,SFF,WA,ANM,WE,Federal Contract Tower,0,4,13,0,17,0,0,7,0,7,0,4,20,0,24,0,0,0,24
09/09/2019,SFF,WA,ANM,WE,Federal Contract Tower,0,2,20,0,22,0,6,29,0,35,0,8,49,0,57,204,0,204,261
09/10/2019,SFF,WA,ANM,WE,Federal Contract Tower,0,3,15,0,18,0,8,113,0,121,0,11,128,0,139,74,0,74,213
09/11/2019,SFF,WA,ANM,WE,Federal Contract Tower,0,1,15,0,16,0,7,105,0,112,0,8,120,0,128,136,0,136,264
09/12/2019,SFF,WA,ANM,WE,Federal Contract Tower,0,1,25,2,28,0,11,125,0,136,0,12,150,2,164,242,0,242,406
09/13/2019,SFF,WA,ANM,WE,Federal Contract Tower,0,2,10,0,12,0,9,75,0,84,0,11,85,0,96,70,0,70,166
09/14/2019,SFF,WA,ANM,WE,Federal Contract Tower,0,2,5,0,7,0,12,52,0,64,0,14,57,0,71,16,0,16,87
09/15/2019,SFF,WA,ANM,WE,Federal Contract Tower,0,8,0,0,8,0,9,55,0,64,0,17,55,0,72,16,0,16,88
09/16/2019,SFF,WA,ANM,WE,Federal Contract Tower,0,21,0,0,21,0,35,0,0,35,0,56,0,0,56,84,0,84,140
09/17/2019,SFF,WA,ANM,WE,Federal Contract Tower,0,3,10,0,13,0,3,26,0,29,0,6,36,0,42,98,0,98,140
09/18/2019,SFF,WA,ANM,WE,Federal Contract Tower,0,3,18,0,21,0,1,36,0,37,0,4,54,0,58,147,0,147,205
09/19/2019,SFF,WA,ANM,WE,Federal Contract Tower,0,2,33,0,35,0,6,64,2,72,0,8,97,2,107,74,0,74,181
09/20/2019,SFF,WA,ANM,WE,Federal Contract Tower,0,1,22,0,23,0,0,0,0,0,0,1,22,0,23,105,0,105,128
09/21/2019,SFF,WA,ANM,WE,Federal Contract Tower,0,4,6,0,10,0,11,82,0,93,0,15,88,0,103,16,0,16,119
09/22/2019,SFF,WA,ANM,WE,Federal Contract Tower,0,14,0,0,14,0,10,60,0,70,0,24,60,0,84,80,0,80,164
09/23/2019,SFF,WA,ANM,WE,Federal Contract Tower,0,3,16,1,20,0,0,19,0,19,0,3,35,1,39,62,0,62,101
09/24/2019,SFF,WA,ANM,WE,Federal Contract Tower,0,1,14,0,15,0,7,89,0,96,0,8,103,0,111,88,0,88,199
09/25/2019,SFF,WA,ANM,WE,Federal Contract Tower,0,3,10,0,13,0,7,107,0,114,0,10,117,0,127,226,0,226,353
09/26/2019,SFF,WA,ANM,WE,Federal Contract Tower,0,2,12,0,14,0,5,48,0,53,0,7,60,0,67,175,0,175,242
09/27/2019,SFF,WA,ANM,WE,Federal Contract Tower,0,0,15,0,15,0,12,65,0,77,0,12,80,0,92,208,0,208,300
09/28/2019,SFF,WA,ANM,WE,Federal Contract Tower,0,4,11,0,15,0,1,3,0,4,0,5,14,0,19,0,0,0,19
09/29/2019,SFF,WA,ANM,WE,Federal Contract Tower,0,14,0,0,14,0,0,2,0,2,0,14,2,0,16,46,0,46,62
09/30/2019,SFF,WA,ANM,WE,Federal Contract Tower,0,1,16,0,17,0,7,46,0,53,0,8,62,0,70,158,0,158,228
10/01/2019,SFF,WA,ANM,WE,Federal Contract Tower,0,5,9,0,14,0,23,108,0,131,0,28,117,0,145,170,0,170,315
10/02/2019,SFF,WA,ANM,WE,Federal Contract Tower,0,3,14,0,17,0,9,65,0,74,0,12,79,0,91,105,0,105,196
10/03/2019,SFF,WA,ANM,WE,Federal Contract Tower,0,3,12,0,15,0,5,43,0,48,0,8,55,0,63,182,0,182,245
10/04/2019,SFF,WA,ANM,WE,Federal Contract Tower,0,6,13,0,19,0,7,54,0,61,0,13,67,0,80,56,0,56,136
10/05/2019,SFF,WA,ANM,WE,Federal Contract Tower,0,7,8,0,15,0,11,58,0,69,0,18,66,0,84,76,0,76,160
10/06/2019,SFF,WA,ANM,WE,Federal Contract Tower,0,1,12,0,13,0,9,115,0,124,0,10,127,0,137,74,0,74,211
10/07/2019,SFF,WA,ANM,WE,Federal Contract Tower,0,0,14,0,14,0,9,45,0,54,0,9,59,0,68,44,0,44,112
10/08/2019,SFF,WA,ANM,WE,Federal Contract Tower,0,7,9,0,16,0,10,55,0,65,0,17,64,0,81,60,0,60,141
10/09/2019,SFF,WA,ANM,WE,Federal Contract Tower,0,1,13,2,16,0,7,75,0,82,0,8,88,2,98,142,0,142,240
10/10/2019,SFF,WA,ANM,WE,Federal Contract Tower,0,2,25,0,27,0,9,108,0,117,0,11,133,0,144,92,0,92,236
10/11/2019,SFF,WA,ANM,WE,Federal Contract Tower,0,1,16,0,17,0,12,124,0,136,0,13,140,0,153,26,0,26,179
10/12/2019,SFF,WA,ANM,WE,Federal Contract Tower,0,3,9,0,12,0,16,100,0,116,0,19,109,0,128,102,0,102,230
10/13/2019,SFF,WA,ANM,WE,Federal Contract Tower,0,6,0,0,6,0,2,42,0,44,0,8,42,0,50,40,0,40,90
10/14/2019,SFF,WA,ANM,WE,Federal Contract Tower,0,0,14,0,14,0,9,92,0,101,0,9,106,0,115,76,0,76,191
10/15/2019,SFF,WA,ANM,WE,Federal Contract Tower,0,4,11,1,16,0,5,76,1,82,0,9,87,2,98,44,0,44,142
10/16/2019,SFF,WA,ANM,WE,Federal Contract Tower,0,1,23,0,24,0,8,65,0,73,0,9,88,0,97,50,0,50,147
10/17/2019,SFF,WA,ANM,WE,Federal Contract Tower,0,2,16,0,18,0,10,24,0,34,0,12,40,0,52,60,0,60,112
10/19/2019,SFF,WA,ANM,WE,Federal Contract Tower,0,2,16,0,18,0,0,0,0,0,0,2,16,0,18,0,0,0,18
10/20/2019,SFF,WA,ANM,WE,Federal Contract Tower,0,1,19,0,20,0,0,8,0,8,0,1,27,0,28,4,0,4,32
10/21/2019,SFF,WA,ANM,WE,Federal Contract Tower,0,0,16,0,16,0,1,9,0,10,0,1,25,0,26,170,0,170,196
10/22/2019,SFF,WA,ANM,WE,Federal Contract Tower,0,1,11,0,12,0,9,24,0,33,0,10,35,0,45,28,0,28,73
10/23/2019,SFF,WA,ANM,WE,Federal Contract Tower,0,3,20,2,25,0,13,106,0,119,0,16,126,2,144,137,0,137,281
10/24/2019,SFF,WA,ANM,WE,Federal Contract Tower,0,4,10,0,14,0,10,96,0,106,0,14,106,0,120,198,0,198,318
10/25/2019,SFF,WA,ANM,WE,Federal Contract Tower,0,4,15,0,19,0,14,53,0,67,0,18,68,0,86,97,0,97,183
10/26/2019,SFF,WA,ANM,WE,Federal Contract Tower,0,4,13,0,17,0,7,33,0,40,0,11,46,0,57,48,0,48,105
10/27/2019,SFF,WA,ANM,WE,Federal Contract Tower,0,0,13,0,13,0,12,88,0,100,0,12,101,0,113,66,0,66,179
10/28/2019,SFF,WA,ANM,WE,Federal Contract Tower,0,1,27,0,28,0,11,51,0,62,0,12,78,0,90,84,0,84,174
10/29/2019,SFF,WA,ANM,WE,Federal Contract Tower,0,1,11,0,12,0,9,85,0,94,0,10,96,0,106,130,0,130,236
10/30/2019,SFF,WA,ANM,WE,Federal Contract Tower,0,2,18,0,20,0,10,71,0,81,0,12,89,0,101,86,0,86,187
10/31/2019,SFF,WA,ANM,WE,Federal Contract Tower,0,1,15,0,16,0,11,71,0,82,0,12,86,0,98,118,0,118,216
11/01/2019,SFF,WA,ANM,WE,Federal Contract Tower,0,2,10,0,12,0,5,82,0,87,0,7,92,0,99,126,0,126,225
11/02/2019,SFF,WA,ANM,WE,Federal Contract Tower,0,2,7,0,9,0,20,75,0,95,0,22,82,0,104,43,0,43,147
11/03/2019,SFF,WA,ANM,WE,Federal Contract Tower,0,0,10,0,10,0,3,79,0,82,0,3,89,0,92,55,0,55,147
11/04/2019,SFF,WA,ANM,WE,Federal Contract Tower,0,2,15,0,17,0,11,40,0,51,0,13,55,0,68,134,0,134,202
11/05/2019,SFF,WA,ANM,WE,Federal Contract Tower,0,2,18,0,20,0,4,105,0,109,0,6,123,0,129,139,0,139,268
11/06/2019,SFF,WA,ANM,WE,Federal Contract Tower,0,1,12,1,14,0,7,69,0,76,0,8,81,1,90,125,0,125,215
11/07/2019,SFF,WA,ANM,WE,Federal Contract Tower,0,1,18,0,19,0,8,94,0,102,0,9,112,0,121,117,0,117,238
11/08/2019,SFF,WA,ANM,WE,Federal Contract Tower,0,0,20,0,20,0,9,68,0,77,0,9,88,0,97,112,0,112,209
11/09/2019,SFF,WA,ANM,WE,Federal Contract Tower,0,3,11,0,14,0,3,33,0,36,0,6,44,0,50,0,0,0,50
11/10/2019,SFF,WA,ANM,WE,Federal Contract Tower,0,1,8,0,9,0,0,2,0,2,0,1,10,0,11,0,0,0,11
11/11/2019,SFF,WA,ANM,WE,Federal Contract Tower,0,0,22,0,22,0,6,53,0,59,0,6,75,0,81,38,0,38,119
11/12/2019,SFF,WA,ANM,WE,Federal Contract Tower,0,1,21,0,22,0,4,20,0,24,0,5,41,0,46,35,0,35,81
11/13/2019,SFF,WA,ANM,WE,Federal Contract Tower,0,2,35,0,37,0,2,9,0,11,0,4,44,0,48,34,0,34,82
11/14/2019,SFF,WA,ANM,WE,Federal Contract Tower,0,2,28,0,30,0,2,71,0,73,0,4,99,0,103,71,0,71,174
11/15/2019,SFF,WA,ANM,WE,Federal Contract Tower,0,2,16,0,18,0,0,2,0,2,0,2,18,0,20,12,0,12,32
11/16/2019,SFF,WA,ANM,WE,Federal Contract Tower,0,4,6,0,10,0,0,13,0,13,0,4,19,0,23,116,0,116,139
11/17/2019,SFF,WA,ANM,WE,Federal Contract Tower,0,0,15,0,15,0,0,29,0,29,0,0,44,0,44,166,0,166,210
11/18/2019,SFF,WA,ANM,WE,Federal Contract Tower,0,0,21,0,21,0,3,26,0,29,0,3,47,0,50,158,0,158,208
11/19/2019,SFF,WA,ANM,WE,Federal Contract Tower,0,3,15,0,18,0,2,2,0,4,0,5,17,0,22,88,0,88,110
11/20/2019,SFF,WA,ANM,WE,Federal Contract Tower,0,3,18,0,21,0,17,133,0,150,0,20,151,0,171,196,0,196,367
11/21/2019,SFF,WA,ANM,WE,Federal Contract Tower,0,2,18,0,20,0,8,114,0,122,0,10,132,0,142,195,0,195,337
11/22/2019,SFF,WA,ANM,WE,Federal Contract Tower,0,2,30,0,32,0,0,3,0,3,0,2,33,0,35,6,0,6,41
11/23/2019,SFF,WA,ANM,WE,Federal Contract Tower,0,1,17,0,18,0,0,30,0,30,0,1,47,0,48,98,0,98,146
11/24/2019,SFF,WA,ANM,WE,Federal Contract Tower,0,0,6,0,6,0,7,63,0,70,0,7,69,0,76,34,0,34,110
11/25/2019,SFF,WA,ANM,WE,Federal Contract Tower,0,3,26,0,29,0,8,60,2,70,0,11,86,2,99,128,10,138,237
11/26/2019,SFF,WA,ANM,WE,Federal Contract Tower,0,0,16,0,16,0,2,7,0,9,0,2,23,0,25,96,0,96,121
11/27/2019,SFF,WA,ANM,WE,Federal Contract Tower,0,1,17,0,18,0,6,3,0,9,0,7,20,0,27,18,0,18,45
11/28/2019,SFF,WA,ANM,WE,Federal Contract Tower,0,0,6,0,6,0,6,17,0,23,0,6,23,0,29,18,0,18,47
11/29/2019,SFF,WA,ANM,WE,Federal Contract Tower,0,0,9,0,9,0,4,74,0,78,0,4,83,0,87,50,0,50,137
11/30/2019,SFF,WA,ANM,WE,Federal Contract Tower,0,0,5,0,5,0,10,0,0,10,0,10,5,0,15,87,0,87,102
12/01/2019,SFF,WA,ANM,WE,Federal Contract Tower,0,0,9,0,9,0,1,19,0,20,0,1,28,0,29,30,0,30,59
12/02/2019,SFF,WA,ANM,WE,Federal Contract Tower,0,2,23,0,25,0,4,55,0,59,0,6,78,0,84,140,0,140,224
12/03/2019,SFF,WA,ANM,WE,Federal Contract Tower,0,2,15,0,17,0,0,39,0,39,0,2,54,0,56,80,0,80,136
12/04/2019,SFF,WA,ANM,WE,Federal Contract Tower,0,2,24,0,26,0,3,26,0,29,0,5,50,0,55,30,0,30,85
12/05/2019,SFF,WA,ANM,WE,Federal Contract Tower,0,4,19,0,23,0,0,5,0,5,0,4,24,0,28,18,0,18,46
12/06/2019,SFF,WA,ANM,WE,Federal Contract Tower,0,3,14,0,17,0,18,42,0,60,0,21,56,0,77,34,0,34,111
12/07/2019,SFF,WA,ANM,WE,Federal Contract Tower,0,0,6,0,6,0,3,17,0,20,0,3,23,0,26,34,0,34,60
12/08/2019,SFF,WA,ANM,WE,Federal Contract Tower,0,1,15,0,16,0,6,68,0,74,0,7,83,0,90,99,0,99,189
12/09/2019,SFF,WA,ANM,WE,Federal Contract Tower,0,0,21,0,21,0,0,9,0,9,0,0,30,0,30,41,0,41,71
12/10/2019,SFF,WA,ANM,WE,Federal Contract Tower,0,1,30,0,31,0,10,38,0,48,0,11,68,0,79,20,0,20,99
12/11/2019,SFF,WA,ANM,WE,Federal Contract Tower,0,0,18,0,18,0,0,0,0,0,0,0,18,0,18,0,0,0,18
12/12/2019,SFF,WA,ANM,WE,Federal Contract Tower,0,3,24,0,27,0,2,0,0,2,0,5,24,0,29,2,0,2,31
12/13/2019,SFF,WA,ANM,WE,Federal Contract Tower,0,3,14,0,17,0,0,19,2,21,0,3,33,2,38,38,14,52,90
12/14/2019,SFF,WA,ANM,WE,Federal Contract Tower,0,0,12,0,12,0,0,13,0,13,0,0,25,0,25,35,0,35,60
12/15/2019,SFF,WA,ANM,WE,Federal Contract Tower,0,1,13,0,14,0,3,16,0,19,0,4,29,0,33,28,0,28,61
12/16/2019,SFF,WA,ANM,WE,Federal Contract Tower,0,1,17,0,18,0,3,28,0,31,0,4,45,0,49,62,0,62,111
12/17/2019,SFF,WA,ANM,WE,Federal Contract Tower,0,1,16,0,17,0,3,75,0,78,0,4,91,0,95,104,0,104,199
12/18/2019,SFF,WA,ANM,WE,Federal Contract Tower,0,3,20,0,23,0,8,69,0,77,0,11,89,0,100,50,0,50,150
12/19/2019,SFF,WA,ANM,WE,Federal Contract Tower,0,3,16,0,19,0,0,0,0,0,0,3,16,0,19,54,0,54,73
12/21/2019,SFF,WA,ANM,WE,Federal Contract Tower,0,0,15,0,15,0,10,23,0,33,0,10,38,0,48,84,0,84,132
12/22/2019,SFF,WA,ANM,WE,Federal Contract Tower,0,0,11,0,11,0,8,50,0,58,0,8,61,0,69,57,0,57,126
12/23/2019,SFF,WA,ANM,WE,Federal Contract Tower,0,1,17,0,18,0,0,0,0,0,0,1,17,0,18,76,0,76,94
12/24/2019,SFF,WA,ANM,WE,Federal Contract Tower,0,2,9,0,11,0,1,41,0,42,0,3,50,0,53,62,0,62,115
12/25/2019,SFF,WA,ANM,WE,Federal Contract Tower,0,0,6,0,6,0,0,6,0,6,0,0,12,0,12,0,0,0,12
12/26/2019,SFF,WA,ANM,WE,Federal Contract Tower,0,3,8,0,11,0,0,7,0,7,0,3,15,0,18,32,0,32,50
12/27/2019,SFF,WA,ANM,WE,Federal Contract Tower,0,5,14,0,19,0,1,9,0,10,0,6,23,0,29,74,0,74,103
12/28/2019,SFF,WA,ANM,WE,Federal Contract Tower,0,1,8,0,9,0,6,25,0,31,0,7,33,0,40,26,0,26,66
12/29/2019,SFF,WA,ANM,WE,Federal Contract Tower,0,1,6,0,7,0,1,0,0,1,0,2,6,0,8,0,0,0,8
12/30/2019,SFF,WA,ANM,WE,Federal Contract Tower,0,0,16,0,16,0,0,3,0,3,0,0,19,0,19,66,0,66,85
12/31/2019,SFF,WA,ANM,WE,Federal Contract Tower,0,1,12,0,13,0,1,0,0,1,0,2,12,0,14,26,0,26,40
01/01/2020,SFF,WA,ANM,WE,Federal Contract Tower,0,0,6,0,6,0,5,18,0,23,0,5,24,0,29,16,0,16,45
01/02/2020,SFF,WA,ANM,WE,Federal Contract Tower,0,2,8,0,10,0,4,64,0,68,0,6,72,0,78,90,0,90,168
01/03/2020,SFF,WA,ANM,WE,Federal Contract Tower,0,1,15,0,16,0,7,45,0,52,0,8,60,0,68,44,0,44,112
01/04/2020,SFF,WA,ANM,WE,Federal Contract Tower,0,1,9,0,10,0,12,3,0,15,0,13,12,0,25,0,0,0,25
01/05/2020,SFF,WA,ANM,WE,Federal Contract Tower,0,0,6,0,6,0,0,22,0,22,0,0,28,0,28,34,0,34,62
01/06/2020,SFF,WA,ANM,WE,Federal Contract Tower,0,1,16,0,17,0,4,1,0,5,0,5,17,0,22,30,0,30,52
01/08/2020,SFF,WA,ANM,WE,Federal Contract Tower,0,1,9,0,10,0,9,32,0,41,0,10,41,0,51,58,0,58,109
01/09/2020,SFF,WA,ANM,WE,Federal Contract Tower,0,4,26,0,30,0,7,46,1,54,0,11,72,1,84,50,0,50,134
01/10/2020,SFF,WA,ANM,WE,Federal Contract Tower,0,1,8,0,9,0,0,0,0,0,0,1,8,0,9,0,0,0,9
01/11/2020,SFF,WA,ANM,WE,Federal Contract Tower,0,2,9,0,11,0,0,0,0,0,0,2,9,0,11,8,0,8,19
01/12/2020,SFF,WA,ANM,WE,Federal Contract Tower,0,0,4,0,4,0,0,0,0,0,0,0,4,0,4,0,0,0,4
01/13/2020,SFF,WA,ANM,WE,Federal Contract Tower,0,1,9,0,10,0,3,26,0,29,0,4,35,0,39,151,0,151,190
01/14/2020,SFF,WA,ANM,WE,Federal Contract Tower,0,3,8,0,11,0,1,0,0,1,0,4,8,0,12,22,0,22,34
01/15/2020,SFF,WA,ANM,WE,Federal Contract Tower,0,4,12,0,16,0,6,59,0,65,0,10,71,0,81,151,20,171,252
01/16/2020,SFF,WA,ANM,WE,Federal Contract Tower,0,2,9,0,11,0,5,27,0,32,0,7,36,0,43,30,0,30,73
01/17/2020,SFF,WA,ANM,WE,Federal Contract Tower,0,3,13,0,16,0,2,25,0,27,0,5,38,0,43,94,0,94,137
01/18/2020,SFF,WA,ANM,WE,Federal Contract Tower,0,2,0,0,2,0,2,0,0,2,0,4,0,0,4,0,0,0,4
01/19/2020,SFF,WA,ANM,WE,Federal Contract Tower,0,1,13,0,14,0,6,45,0,51,0,7,58,0,65,82,0,82,147
01/20/2020,SFF,WA,ANM,WE,Federal Contract Tower,0,0,9,0,9,0,8,51,0,59,0,8,60,0,68,62,0,62,130
01/21/2020,SFF,WA,ANM,WE,Federal Contract Tower,0,5,10,0,15,0,8,0,0,8,0,13,10,0,23,50,0,50,73
01/22/2020,SFF,WA,ANM,WE,Federal Contract Tower,0,1,23,0,24,0,13,31,0,44,0,14,54,0,68,140,0,140,208
01/23/2020,SFF,WA,ANM,WE,Federal Contract Tower,0,1,12,0,13,0,2,0,0,2,0,3,12,0,15,110,0,110,125
01/24/2020,SFF,WA,ANM,WE,Federal Contract Tower,0,1,19,0,20,0,12,19,0,31,0,13,38,0,51,80,0,80,131
01/25/2020,SFF,WA,ANM,WE,Federal Contract Tower,0,1,5,0,6,0,0,11,0,11,0,1,16,0,17,72,0,72,89
01/27/2020,SFF,WA,ANM,WE,Federal Contract Tower,0,0,25,0,25,0,9,24,0,33,0,9,49,0,58,121,0,121,179
01/28/2020,SFF,WA,ANM,WE,Federal Contract Tower,0,4,14,0,18,0,0,7,0,7,0,4,21,0,25,38,0,38,63
01/30/2020,SFF,WA,ANM,WE,Federal Contract Tower,0,2,27,0,29,0,2,46,0,48,0,4,73,0,77,112,0,112,189
01/31/2020,SFF,WA,ANM,WE,Federal Contract Tower,0,2,13,0,15,0,1,12,0,13,0,3,25,0,28,12,0,12,40
02/01/2020,SFF,WA,ANM,WE,Federal Contract Tower,0,2,9,0,11,0,1,6,0,7,0,3,15,0,18,0,0,0,18
02/02/2020,SFF,WA,ANM,WE,Federal Contract Tower,0,0,13,0,13,0,6,139,0,145,0,6,152,0,158,84,0,84,242
02/03/2020,SFF,WA,ANM,WE,Federal Contract Tower,0,2,15,0,17,0,5,109,0,114,0,7,124,0,131,98,0,98,229
02/04/2020,SFF,WA,ANM,WE,Federal Contract Tower,0,1,11,0,12,0,0,0,0,0,0,1,11,0,12,40,0,40,52
02/05/2020,SFF,WA,ANM,WE,Federal Contract Tower,0,3,10,0,13,0,0,0,0,0,0,3,10,0,13,0,0,0,13
02/06/2020,SFF,WA,ANM,WE,Federal Contract Tower,0,3,22,0,25,0,0,0,0,0,0,3,22,0,25,28,0,28,53
02/07/2020,SFF,WA,ANM,WE,Federal Contract Tower,0,4,15,0,19,0,0,2,0,2,0,4,17,0,21,12,0,12,33
02/08/2020,SFF,WA,ANM,WE,Federal Contract Tower,0,1,11,0,12,0,4,28,0,32,0,5,39,0,44,58,0,58,102
02/09/2020,SFF,WA,ANM,WE,Federal Contract Tower,0,0,4,0,4,0,6,58,0,64,0,6,62,0,68,76,0,76,144
02/10/2020,SFF,WA,ANM,WE,Federal Contract Tower,0,1,22,0,23,0,13,98,0,111,0,14,120,0,134,96,0,96,230
02/11/2020,SFF,WA,ANM,WE,Federal Contract Tower,0,2,17,0,19,0,3,65,0,68,0,5,82,0,87,81,0,81,168
02/12/2020,SFF,WA,ANM,WE,Federal Contract Tower,0,1,15,0,16,0,0,0,0,0,0,1,15,0,16,64,0,64,80
02/13/2020,SFF,WA,ANM,WE,Federal Contract Tower,0,3,14,0,17,0,18,85,0,103,0,21,99,0,120,118,0,118,238
02/14/2020,SFF,WA,ANM,WE,Federal Contract Tower,0,2,10,0,12,0,8,41,0,49,0,10,51,0,61,60,0,60,121
02/15/2020,SFF,WA,ANM,WE,Federal Contract Tower,0,10,0,0,10,0,1,4,0,5,0,11,4,0,15,28,0,28,43
02/16/2020,SFF,WA,ANM,WE,Federal Contract Tower,0,0,9,0,9,0,4,25,0,29,0,4,34,0,38,12,0,12,50
02/17/2020,SFF,WA,ANM,WE,Federal Contract Tower,0,0,12,0,12,0,15,88,0,103,0,15,100,0,115,76,0,76,191
02/18/2020,SFF,WA,ANM,WE,Federal Contract Tower,0,1,11,0,12,0,22,76,0,98,0,23,87,0,110,49,0,49,159
02/19/2020,SFF,WA,ANM,WE,Federal Contract Tower,0,3,19,0,22,0,17,78,0,95,0,20,97,0,117,87,0,87,204
02/20/2020,SFF,WA,ANM,WE,Federal Contract Tower,0,4,14,0,18,0,14,89,0,103,0,18,103,0,121,74,0,74,195
02/21/2020,SFF,WA,ANM,WE,Federal Contract Tower,0,2,8,0,10,0,13,77,0,90,0,15,85,0,100,128,0,128,228
02/22/2020,SFF,WA,ANM,WE,Federal Contract Tower,0,4,0,0,4,0,14,61,0,75,0,18,61,0,79,112,0,112,191
02/23/2020,SFF,WA,ANM,WE,Federal Contract Tower,0,7,0,0,7,0,12,2,0,14,0,19,2,0,21,0,0,0,21
02/24/2020,SFF,WA,ANM,WE,Federal Contract Tower,0,0,21,0,21,0,12,39,0,51,0,12,60,0,72,44,0,44,116
02/26/2020,SFF,WA,ANM,WE,Federal Contract Tower,0,2,11,0,13,0,13,66,0,79,0,15,77,0,92,155,0,155,247
02/27/2020,SFF,WA,ANM,WE,Federal Contract Tower,0,2,16,0,18,0,10,61,0,71,0,12,77,0,89,112,0,112,201
02/28/2020,SFF,WA,ANM,WE,Federal Contract Tower,0,0,15,0,15,0,14,118,0,132,0,14,133,0,147,116,0,116,263
02/29/2020,SFF,WA,ANM,WE,Federal Contract Tower,0,0,8,0,8,0,2,22,0,24,0,2,30,0,32,138,0,138,170
03/01/2020,SFF,WA,ANM,WE,Federal Contract Tower,0,2,13,0,15,0,5,66,0,71,0,7,79,0,86,76,0,76,162
03/02/2020,SFF,WA,ANM,WE,Federal Contract Tower,0,0,11,0,11,0,13,47,0,60,0,13,58,0,71,72,0,72,143
03/03/2020,SFF,WA,ANM,WE,Federal Contract Tower,0,3,10,0,13,0,8,37,4,49,0,11,47,4,62,58,0,58,120
03/04/2020,SFF,WA,ANM,WE,Federal Contract Tower,0,5,23,0,28,0,5,57,0,62,0,10,80,0,90,48,0,48,138
03/05/2020,SFF,WA,ANM,WE,Federal Contract Tower,0,2,25,0,27,0,8,62,0,70,0,10,87,0,97,188,0,188,285
03/07/2020,SFF,WA,ANM,WE,Federal Contract Tower,0,1,18,0,19,0,1,5,0,6,0,2,23,0,25,37,0,37,62
03/08/2020,SFF,WA,ANM,WE,Federal Contract Tower,0,0,19,0,19,0,14,30,0,44,0,14,49,0,63,40,0,40,103
03/09/2020,SFF,WA,ANM,WE,Federal Contract Tower,0,2,17,0,19,0,6,52,0,58,0,8,69,0,77,156,0,156,233
03/10/2020,SFF,WA,ANM,WE,Federal Contract Tower,0,2,15,0,17,0,15,89,0,104,0,17,104,0,121,164,0,164,285
03/11/2020,SFF,WA,ANM,WE,Federal Contract Tower,0,1,9,0,10,0,11,56,0,67,0,12,65,0,77,63,0,63,140
03/12/2020,SFF,WA,ANM,WE,Federal Contract Tower,0,3,23,0,26,0,8,84,0,92,0,11,107,0,118,238,0,238,356
03/13/2020,SFF,WA,ANM,WE,Federal Contract Tower,0,2,11,0,13,0,0,35,0,35,0,2,46,0,48,100,0,100,148
03/14/2020,SFF,WA,ANM,WE,Federal Contract Tower,0,0,7,0,7,0,0,2,0,2,0,0,9,0,9,0,0,0,9
03/15/2020,SFF,WA,ANM,WE,Federal Contract Tower,0,10,0,0,10,0,1,30,0,31,0,11,30,0,41,113,0,113,154
03/17/2020,SFF,WA,ANM,WE,Federal Contract Tower,0,0,9,0,9,0,5,79,0,84,0,5,88,0,93,84,0,84,177
03/18/2020,SFF,WA,ANM,WE,Federal Contract Tower,0,1,7,2,10,0,6,66,0,72,0,7,73,2,82,48,0,48,130
03/19/2020,SFF,WA,ANM,WE,Federal Contract Tower,0,2,8,0,10,0,17,63,0,80,0,19,71,0,90,62,0,62,152
03/21/2020,SFF,WA,ANM,WE,Federal Contract Tower,0,0,4,0,4,0,13,63,0,76,0,13,67,0,80,70,0,70,150
03/22/2020,SFF,WA,ANM,WE,Federal Contract Tower,0,6,0,0,6,0,3,55,0,58,0,9,55,0,64,36,0,36,100
03/23/2020,SFF,WA,ANM,WE,Federal Contract Tower,0,2,0,0,2,0,3,18,0,21,0,5,18,0,23,48,0,48,71
03/24/2020,SFF,WA,ANM,WE,Federal Contract Tower,0,1,3,0,4,0,3,20,0,23,0,4,23,0,27,6,0,6,33
03/25/2020,SFF,WA,ANM,WE,Federal Contract Tower,0,1,11,0,12,0,0,0,0,0,0,1,11,0,12,18,0,18,30
03/26/2020,SFF,WA,ANM,WE,Federal Contract Tower,0,3,5,0,8,0,4,12,0,16,0,7,17,0,24,4,0,4,28
03/27/2020,SFF,WA,ANM,WE,Federal Contract Tower,0,0,0,0,0,0,6,11,0,17,0,6,11,0,17,46,0,46,63
03/28/2020,SFF,WA,ANM,WE,Federal Contract Tower,0,0,0,0,0,0,4,10,0,14,0,4,10,0,14,8,0,8,22
03/29/2020,SFF,WA,ANM,WE,Federal Contract Tower,0,1,0,0,1,0,10,3,0,13,0,11,3,0,14,0,0,0,14
03/30/2020,SFF,WA,ANM,WE,Federal Contract Tower,0,1,3,0,4,0,8,0,0,8,0,9,3,0,12,0,0,0,12
03/31/2020,SFF,WA,ANM,WE,Federal Contract Tower,0,2,6,0,8,0,4,2,0,6,0,6,8,0,14,28,0,28,42
04/01/2020,SFF,WA,ANM,WE,Federal Contract Tower,0,1,5,0,6,0,1,13,0,14,0,2,18,0,20,0,0,0,20
04/02/2020,SFF,WA,ANM,WE,Federal Contract Tower,0,2,8,0,10,0,6,37,0,43,0,8,45,0,53,24,0,24,77
04/03/2020,SFF,WA,ANM,WE,Federal Contract Tower,0,1,1,0,2,0,21,19,0,40,0,22,20,0,42,32,0,32,74
04/04/2020,SFF,WA,ANM,WE,Federal Contract Tower,0,0,5,0,5,0,3,59,0,62,0,3,64,0,67,0,0,0,67
04/05/2020,SFF,WA,ANM,WE,Federal Contract Tower,0,0,4,0,4,0,1,2,0,3,0,1,6,0,7,10,0,10,17
04/06/2020,SFF,WA,ANM,WE,Federal Contract Tower,0,0,5,0,5,0,6,30,0,36,0,6,35,0,41,20,0,20,61
04/07/2020,SFF,WA,ANM,WE,Federal Contract Tower,0,2,2,0,4,0,6,33,0,39,0,8,35,0,43,40,0,40,83
04/08/2020,SFF,WA,ANM,WE,Federal Contract Tower,0,0,9,0,9,0,6,74,0,80,0,6,83,0,89,58,0,58,147
04/09/2020,SFF,WA,ANM,WE,Federal Contract Tower,0,1,5,0,6,0,3,71,0,74,0,4,76,0,80,10,0,10,90
04/10/2020,SFF,WA,ANM,WE,Federal Contract Tower,0,1,4,0,5,0,14,67,0,81,0,15,71,0,86,15,0,15,101
04/11/2020,SFF,WA,ANM,WE,Federal Contract Tower,0,0,2,0,2,0,19,5,0,24,0,19,7,0,26,20,0,20,46
04/12/2020,SFF,WA,ANM,WE,Federal Contract Tower,0,0,1,0,1,0,15,41,0,56,0,15,42,0,57,4,0,4,61
04/13/2020,SFF,WA,ANM,WE,Federal Contract Tower,0,1,5,0,6,0,11,72,0,83,0,12,77,0,89,76,0,76,165
04/14/2020,SFF,WA,ANM,WE,Federal Contract Tower,0,1,2,0,3,0,4,42,0,46,0,5,44,0,49,10,0,10,59
04/15/2020,SFF,WA,ANM,WE,Federal Contract Tower,0,0,4,0,4,0,8,13,0,21,0,8,17,0,25,12,0,12,37
04/16/2020,SFF,WA,ANM,WE,Federal Contract Tower,0,2,8,0,10,0,6,68,0,74,0,8,76,0,84,14,0,14,98
04/17/2020,SFF,WA,ANM,WE,Federal Contract Tower,0,1,2,0,3,0,9,57,0,66,0,10,59,0,69,30,0,30,99
04/18/2020,SFF,WA,ANM,WE,Federal Contract Tower,0,0,0,0,0,0,5,27,0,32,0,5,27,0,32,10,0,10,42
04/19/2020,SFF,WA,ANM,WE,Federal Contract Tower,0,0,1,0,1,0,2,49,0,51,0,2,50,0,52,18,0,18,70
04/20/2020,SFF,WA,ANM,WE,Federal Contract Tower,0,0,4,0,4,0,11,67,0,78,0,11,71,0,82,20,0,20,102
04/21/2020,SFF,WA,ANM,WE,Federal Contract Tower,0,1,3,0,4,0,6,35,0,41,0,7,38,0,45,10,0,10,55
04/22/2020,SFF,WA,ANM,WE,Federal Contract Tower,0,2,10,0,12,0,5,9,0,14,0,7,19,0,26,6,0,6,32
04/23/2020,SFF,WA,ANM,WE,Federal Contract Tower,0,2,4,0,6,0,5,20,0,25,0,7,24,0,31,21,0,21,52
04/24/2020,SFF,WA,ANM,WE,Federal Contract Tower,0,1,5,0,6,0,16,65,0,81,0,17,70,0,87,36,0,36,123
04/25/2020,SFF,WA,ANM,WE,Federal Contract Tower,0,0,5,0,5,0,3,2,0,5,0,3,7,0,10,0,0,0,10
04/26/2020,SFF,WA,ANM,WE,Federal Contract Tower,0,0,9,0,9,0,15,46,0,61,0,15,55,0,70,6,0,6,76
04/27/2020,SFF,WA,ANM,WE,Federal Contract Tower,0,1,10,0,11,0,3,14,0,17,0,4,24,0,28,28,0,28,56
04/28/2020,SFF,WA,ANM,WE,Federal Contract Tower,0,1,5,0,6,0,8,86,1,95,0,9,91,1,101,34,0,34,135
04/29/2020,SFF,WA,ANM,WE,Federal Contract Tower,0,1,5,0,6,0,10,41,0,51,0,11,46,0,57,28,0,28,85
04/30/2020,SFF,WA,ANM,WE,Federal Contract Tower,0,2,9,0,11,0,21,29,0,50,0,23,38,0,61,22,0,22,83
05/01/2020,SFF,WA,ANM,WE,Federal Contract Tower,0,0,2,0,2,0,18,97,0,115,0,18,99,0,117,35,0,35,152
05/02/2020,SFF,WA,ANM,WE,Federal Contract Tower,0,0,4,0,4,0,2,33,0,35,0,2,37,0,39,42,0,42,81
05/03/2020,SFF,WA,ANM,WE,Federal Contract Tower,0,0,2,0,2,0,0,11,0,11,0,0,13,0,13,10,0,10,23
05/04/2020,SFF,WA,ANM,WE,Federal Contract Tower,0,0,7,0,7,0,3,62,0,65,0,3,69,0,72,64,0,64,136
05/05/2020,SFF,WA,ANM,WE,Federal Contract Tower,0,2,5,0,7,0,26,90,0,116,0,28,95,0,123,108,0,108,231
05/06/2020,SFF,WA,ANM,WE,Federal Contract Tower,0,3,14,0,17,0,5,1,0,6,0,8,15,0,23,0,0,0,23
05/07/2020,SFF,WA,ANM,WE,Federal Contract Tower,0,0,16,0,16,0,8,106,0,114,0,8,122,0,130,128,0,128,258
05/08/2020,SFF,WA,ANM,WE,Federal Contract Tower,0,1,12,0,13,0,15,151,0,166,0,16,163,0,179,171,0,171,350
05/09/2020,SFF,WA,ANM,WE,Federal Contract Tower,0,1,3,0,4,0,8,76,0,84,0,9,79,0,88,54,0,54,142
05/10/2020,SFF,WA,ANM,WE,Federal Contract Tower,0,0,4,0,4,0,15,25,0,40,0,15,29,0,44,0,0,0,44
05/11/2020,SFF,WA,ANM,WE,Federal Contract Tower,0,0,10,0,10,0,9,39,0,48,0,9,49,0,58,66,0,66,124
05/12/2020,SFF,WA,ANM,WE,Federal Contract Tower,0,4,24,0,28,0,3,40,0,43,0,7,64,0,71,112,0,112,183
05/13/2020,SFF,WA,ANM,WE,Federal Contract Tower,0,1,16,0,17,0,4,69,0,73,0,5,85,0,90,110,0,110,200
05/14/2020,SFF,WA,ANM,WE,Federal Contract Tower,0,4,16,0,20,0,6,52,0,58,0,10,68,0,78,150,0,150,228
05/15/2020,SFF,WA,ANM,WE,Federal Contract Tower,0,3,31,0,34,0,8,54,0,62,0,11,85,0,96,115,0,115,211
05/16/2020,SFF,WA,ANM,WE,Federal Contract Tower,0,0,3,0,3,0,8,98,0,106,0,8,101,0,109,35,0,35,144
05/17/2020,SFF,WA,ANM,WE,Federal Contract Tower,0,0,3,0,3,0,3,14,0,17,0,3,17,0,20,33,0,33,53
05/18/2020,SFF,WA,ANM,WE,Federal Contract Tower,0,1,21,0,22,0,3,36,0,39,0,4,57,0,61,98,0,98,159
05/19/2020,SFF,WA,ANM,WE,Federal Contract Tower,0,2,21,0,23,0,2,54,0,56,0,4,75,0,79,224,0,224,303
05/20/2020,SFF,WA,ANM,WE,Federal Contract Tower,0,4,22,1,27,0,2,23,0,25,0,6,45,1,52,40,0,40,92
05/21/2020,SFF,WA,ANM,WE,Federal Contract Tower,0,1,12,0,13,0,6,37,0,43,0,7,49,0,56,34,0,34,90
05/22/2020,SFF,WA,ANM,WE,Federal Contract Tower,0,1,16,0,17,0,3,43,0,46,0,4,59,0,63,156,0,156,219
05/23/2020,SFF,WA,ANM,WE,Federal Contract Tower,0,0,11,0,11,0,1,72,0,73,0,1,83,0,84,50,0,50,134
05/24/2020,SFF,WA,ANM,WE,Federal Contract Tower,0,0,4,0,4,0,9,74,0,83,0,9,78,0,87,41,0,41,128
05/25/2020,SFF,WA,ANM,WE,Federal Contract Tower,0,0,14,0,14,0,7,66,0,73,0,7,80,0,87,20,0,20,107
05/26/2020,SFF,WA,ANM,WE,Federal Contract Tower,0,0,26,0,26,0,9,84,0,93,0,9,110,0,119,142,0,142,261
05/27/2020,SFF,WA,ANM,WE,Federal Contract Tower,0,4,23,0,27,0,31,163,0,194,0,35,186,0,221,190,0,190,411
05/28/2020,SFF,WA,ANM,WE,Federal Contract Tower,0,2,21,0,23,0,9,121,0,130,0,11,142,0,153,176,0,176,329
05/29/2020,SFF,WA,ANM,WE,Federal Contract Tower,0,1,16,0,17,0,11,151,0,162,0,12,167,0,179,168,0,168,347
05/30/2020,SFF,WA,ANM,WE,Federal Contract Tower,0,0,5,0,5,0,8,56,0,64,0,8,61,0,69,46,0,46,115
05/31/2020,SFF,WA,ANM,WE,Federal Contract Tower,0,0,1,0,1,0,14,13,0,27,0,14,14,0,28,22,0,22,50
06/01/2020,SFF,WA,ANM,WE,Federal Contract Tower,0,1,25,0,26,0,21,121,0,142,0,22,146,0,168,92,0,92,260
06/02/2020,SFF,WA,ANM,WE,Federal Contract Tower,0,1,14,0,15,0,6,92,0,98,0,7,106,0,113,106,0,106,219
06/03/2020,SFF,WA,ANM,WE,Federal Contract Tower,0,1,9,1,11,0,13,107,0,120,0,14,116,1,131,108,0,108,239
06/04/2020,SFF,WA,ANM,WE,Federal Contract Tower,0,1,16,0,17,0,4,83,0,87,0,5,99,0,104,68,0,68,172
06/05/2020,SFF,WA,ANM,WE,Federal Contract Tower,0,1,14,0,15,0,5,95,0,100,0,6,109,0,115,122,0,122,237
06/06/2020,SFF,WA,ANM,WE,Federal Contract Tower,0,0,9,0,9,0,9,34,0,43,0,9,43,0,52,66,0,66,118
06/07/2020,SFF,WA,ANM,WE,Federal Contract Tower,0,0,1,0,1,0,8,21,0,29,0,8,22,0,30,23,0,23,53
06/08/2020,SFF,WA,ANM,WE,Federal Contract Tower,0,0,9,0,9,0,6,61,0,67,0,6,70,0,76,98,0,98,174
06/09/2020,SFF,WA,ANM,WE,Federal Contract Tower,0,1,9,0,10,0,4,39,0,43,0,5,48,0,53,178,0,178,231
06/10/2020,SFF,WA,ANM,WE,Federal Contract Tower,0,5,27,0,32,0,10,86,0,96,0,15,113,0,128,144,0,144,272
06/11/2020,SFF,WA,ANM,WE,Federal Contract Tower,0,3,25,0,28,0,9,91,0,100,0,12,116,0,128,108,0,108,236
06/12/2020,SFF,WA,ANM,WE,Federal Contract Tower,0,2,12,0,14,0,9,64,0,73,0,11,76,0,87,152,0,152,239
06/13/2020,SFF,WA,ANM,WE,Federal Contract Tower,0,1,7,0,8,0,3,5,0,8,0,4,12,0,16,6,0,6,22
06/14/2020,SFF,WA,ANM,WE,Federal Contract Tower,0,1,9,0,10,0,7,34,0,41,0,8,43,0,51,68,0,68,119
06/15/2020,SFF,WA,ANM,WE,Federal Contract Tower,0,2,10,0,12,0,4,38,0,42,0,6,48,0,54,230,0,230,284
06/16/2020,SFF,WA,ANM,WE,Federal Contract Tower,0,2,19,0,21,0,5,76,0,81,0,7,95,0,102,200,0,200,302
06/17/2020,SFF,WA,ANM,WE,Federal Contract Tower,0,2,16,0,18,0,21,132,0,153,0,23,148,0,171,202,0,202,373
06/18/2020,SFF,WA,ANM,WE,Federal Contract Tower,0,5,19,0,24,0,4,132,0,136,0,9,151,0,160,232,0,232,392
06/19/2020,SFF,WA,ANM,WE,Federal Contract Tower,0,2,25,0,27,0,13,129,0,142,0,15,154,0,169,124,0,124,293
06/20/2020,SFF,WA,ANM,WE,Federal Contract Tower,0,1,5,0,6,0,9,79,0,88,0,10,84,0,94,93,0,93,187
06/21/2020,SFF,WA,ANM,WE,Federal Contract Tower,0,0,4,0,4,0,6,61,0,67,0,6,65,0,71,14,0,14,85
06/22/2020,SFF,WA,ANM,WE,Federal Contract Tower,0,0,11,0,11,0,9,111,0,120,0,9,122,0,131,201,0,201,332
06/23/2020,SFF,WA,ANM,WE,Federal Contract Tower,0,2,13,1,16,0,12,112,0,124,0,14,125,1,140,186,0,186,326
06/24/2020,SFF,WA,ANM,WE,Federal Contract Tower,0,3,21,0,24,0,9,62,0,71,0,12,83,0,95,72,0,72,167
06/25/2020,SFF,WA,ANM,WE,Federal Contract Tower,0,2,10,0,12,0,3,95,0,98,0,5,105,0,110,128,0,128,238
06/26/2020,SFF,WA,ANM,WE,Federal Contract Tower,0,2,9,0,11,0,8,87,0,95,0,10,96,0,106,64,0,64,170
06/27/2020,SFF,WA,ANM,WE,Federal Contract Tower,0,1,13,0,14,0,12,67,0,79,0,13,80,0,93,28,0,28,121
06/28/2020,SFF,WA,ANM,WE,Federal Contract Tower,0,0,13,0,13,0,1,33,0,34,0,1,46,0,47,68,0,68,115
06/29/2020,SFF,WA,ANM,WE,Federal Contract Tower,0,0,5,0,5,0,9,53,0,62,0,9,58,0,67,68,0,68,135
06/30/2020,SFF,WA,ANM,WE,Federal Contract Tower,0,1,18,0,19,0,8,42,0,50,0,9,60,0,69,68,0,68,137
07/01/2020,SFF,WA,ANM,WE,Federal Contract Tower,0,0,13,0,13,0,7,31,0,38,0,7,44,0,51,56,0,56,107
07/02/2020,SFF,WA,ANM,WE,Federal Contract Tower,0,3,13,0,16,0,13,62,0,75,0,16,75,0,91,58,0,58,149
07/03/2020,SFF,WA,ANM,WE,Federal Contract Tower,0,0,11,0,11,0,14,125,0,139,0,14,136,0,150,74,0,74,224
07/05/2020,SFF,WA,ANM,WE,Federal Contract Tower,0,1,10,0,11,0,5,62,0,67,0,6,72,0,78,66,0,66,144
07/06/2020,SFF,WA,ANM,WE,Federal Contract Tower,0,1,13,0,14,0,4,101,0,105,0,5,114,0,119,167,0,167,286
07/07/2020,SFF,WA,ANM,WE,Federal Contract Tower,0,2,14,0,16,0,7,61,0,68,0,9,75,0,84,88,0,88,172
07/08/2020,SFF,WA,ANM,WE,Federal Contract Tower,0,1,13,0,14,0,9,106,0,115,0,10,119,0,129,205,0,205,334
07/09/2020,SFF,WA,ANM,WE,Federal Contract Tower,0,2,18,0,20,0,2,88,0,90,0,4,106,0,110,108,0,108,218
07/10/2020,SFF,WA,ANM,WE,Federal Contract Tower,0,0,10,0,10,0,8,66,0,74,0,8,76,0,84,106,0,106,190
07/11/2020,SFF,WA,ANM,WE,Federal Contract Tower,0,0,3,0,3,0,4,79,0,83,0,4,82,0,86,75,0,75,161
07/12/2020,SFF,WA,ANM,WE,Federal Contract Tower,0,0,8,0,8,0,14,36,0,50,0,14,44,0,58,2,0,2,60
07/13/2020,SFF,WA,ANM,WE,Federal Contract Tower,0,2,15,0,17,0,3,79,0,82,0,5,94,0,99,17,0,17,116
07/14/2020,SFF,WA,ANM,WE,Federal Contract Tower,0,1,10,0,11,0,12,90,0,102,0,13,100,0,113,274,0,274,387
07/15/2020,SFF,WA,ANM,WE,Federal Contract Tower,0,3,12,1,16,0,4,70,0,74,0,7,82,1,90,98,0,98,188
07/16/2020,SFF,WA,ANM,WE,Federal Contract Tower,0,0,12,0,12,0,14,87,0,101,0,14,99,0,113,108,0,108,221
07/17/2020,SFF,WA,ANM,WE,Federal Contract Tower,0,1,15,0,16,0,15,81,0,96,0,16,96,0,112,148,0,148,260
07/18/2020,SFF,WA,ANM,WE,Federal Contract Tower,0,0,11,0,11,0,19,75,0,94,0,19,86,0,105,36,0,36,141
07/19/2020,SFF,WA,ANM,WE,Federal Contract Tower,0,0,8,0,8,0,7,49,0,56,0,7,57,0,64,22,0,22,86
07/20/2020,SFF,WA,ANM,WE,Federal Contract Tower,0,1,5,0,6,0,17,102,0,119,0,18,107,0,125,148,0,148,273
07/21/2020,SFF,WA,ANM,WE,Federal Contract Tower,0,1,6,0,7,0,10,86,0,96,0,11,92,0,103,190,0,190,293
07/23/2020,SFF,WA,ANM,WE,Federal Contract Tower,0,0,13,0,13,0,10,99,0,109,0,10,112,0,122,144,0,144,266
07/24/2020,SFF,WA,ANM,WE,Federal Contract Tower,0,0,16,0,16,0,13,89,0,102,0,13,105,0,118,134,0,134,252
07/25/2020,SFF,WA,ANM,WE,Federal Contract Tower,0,0,4,0,4,0,15,85,0,100,0,15,89,0,104,84,0,84,188
07/26/2020,SFF,WA,ANM,WE,Federal Contract Tower,0,1,6,0,7,0,18,67,0,85,0,19,73,0,92,6,0,6,98
07/27/2020,SFF,WA,ANM,WE,Federal Contract Tower,2,15,0,0,17,0,16,93,0,109,2,31,93,0,126,168,0,168,294
07/28/2020,SFF,WA,ANM,WE,Federal Contract Tower,0,9,0,0,9,0,11,124,0,135,0,20,124,0,144,133,0,133,277
07/29/2020,SFF,WA,ANM,WE,Federal Contract Tower,0,1,9,0,10,0,18,108,0,126,0,19,117,0,136,218,0,218,354
07/30/2020,SFF,WA,ANM,WE,Federal Contract Tower,0,5,11,0,16,0,24,99,0,123,0,29,110,0,139,214,0,214,353
07/31/2020,SFF,WA,ANM,WE,Federal Contract Tower,0,1,7,0,8,0,23,68,0,91,0,24,75,0,99,160,0,160,259
08/01/2020,SFF,WA,ANM,WE,Federal Contract Tower,0,0,6,0,6,0,6,56,0,62,0,6,62,0,68,72,0,72,140
08/02/2020,SFF,WA,ANM,WE,Federal Contract Tower,0,1,11,0,12,0,0,84,0,84,0,1,95,0,96,8,0,8,104
08/03/2020,SFF,WA,ANM,WE,Federal Contract Tower,0,0,10,0,10,0,4,94,0,98,0,4,104,0,108,144,0,144,252
08/04/2020,SFF,WA,ANM,WE,Federal Contract Tower,0,3,8,0,11,0,16,130,0,146,0,19,138,0,157,110,0,110,267
08/05/2020,SFF,WA,ANM,WE,Federal Contract Tower,0,5,15,0,20,0,12,93,0,105,0,17,108,0,125,200,0,200,325
08/06/2020,SFF,WA,ANM,WE,Federal Contract Tower,0,1,14,0,15,0,11,51,0,62,0,12,65,0,77,98,0,98,175
08/07/2020,SFF,WA,ANM,WE,Federal Contract Tower,0,1,12,0,13,0,14,113,0,127,0,15,125,0,140,106,0,106,246
08/08/2020,SFF,WA,ANM,WE,Federal Contract Tower,0,0,9,0,9,0,6,91,0,97,0,6,100,0,106,20,0,20,126
08/09/2020,SFF,WA,ANM,WE,Federal Contract Tower,0,0,3,0,3,0,13,67,0,80,0,13,70,0,83,44,0,44,127
08/10/2020,SFF,WA,ANM,WE,Federal Contract Tower,0,0,19,0,19,0,4,61,0,65,0,4,80,0,84,96,0,96,180
08/11/2020,SFF,WA,ANM,WE,Federal Contract Tower,0,1,10,0,11,0,5,94,0,99,0,6,104,0,110,52,0,52,162
08/12/2020,SFF,WA,ANM,WE,Federal Contract Tower,0,4,18,0,22,0,6,87,2,95,0,10,105,2,117,139,0,139,256
08/13/2020,SFF,WA,ANM,WE,Federal Contract Tower,0,2,19,0,21,0,10,145,0,155,0,12,164,0,176,133,0,133,309
08/14/2020,SFF,WA,ANM,WE,Federal Contract Tower,0,2,13,0,15,0,3,106,0,109,0,5,119,0,124,168,0,168,292
08/15/2020,SFF,WA,ANM,WE,Federal Contract Tower,0,0,9,0,9,0,15,56,0,71,0,15,65,0,80,0,0,0,80
08/16/2020,SFF,WA,ANM,WE,Federal Contract Tower,0,5,0,0,5,0,0,0,0,0,0,5,0,0,5,36,0,36,41
08/17/2020,SFF,WA,ANM,WE,Federal Contract Tower,0,2,9,0,11,0,10,61,0,71,0,12,70,0,82,80,0,80,162
08/18/2020,SFF,WA,ANM,WE,Federal Contract Tower,0,4,10,0,14,0,11,54,0,65,0,15,64,0,79,52,0,52,131
08/19/2020,SFF,WA,ANM,WE,Federal Contract Tower,0,5,14,1,20,0,7,67,1,75,0,12,81,2,95,234,0,234,329
08/20/2020,SFF,WA,ANM,WE,Federal Contract Tower,0,2,16,0,18,0,16,79,0,95,0,18,95,0,113,171,0,171,284
08/21/2020,SFF,WA,ANM,WE,Federal Contract Tower,0,2,16,0,18,0,16,79,0,95,0,18,95,0,113,171,0,171,284
08/22/2020,SFF,WA,ANM,WE,Federal Contract Tower,0,0,15,0,15,0,14,96,0,110,0,14,111,0,125,62,0,62,187
08/23/2020,SFF,WA,ANM,WE,Federal Contract Tower,0,0,8,0,8,0,8,88,0,96,0,8,96,0,104,52,0,52,156
08/24/2020,SFF,WA,ANM,WE,Federal Contract Tower,0,0,10,0,10,0,11,66,0,77,0,11,76,0,87,28,0,28,115
08/25/2020,SFF,WA,ANM,WE,Federal Contract Tower,0,5,15,0,20,0,5,103,0,108,0,10,118,0,128,86,0,86,214
08/26/2020,SFF,WA,ANM,WE,Federal Contract Tower,0,4,14,0,18,0,14,104,0,118,0,18,118,0,136,26,0,26,162
08/27/2020,SFF,WA,ANM,WE,Federal Contract Tower,0,4,9,0,13,0,12,110,0,122,0,16,119,0,135,136,0,136,271
08/28/2020,SFF,WA,ANM,WE,Federal Contract Tower,0,1,23,0,24,0,2,112,0,114,0,3,135,0,138,153,0,153,291
08/29/2020,SFF,WA,ANM,WE,Federal Contract Tower,0,1,9,0,10,0,10,68,0,78,0,11,77,0,88,40,0,40,128
08/30/2020,SFF,WA,ANM,WE,Federal Contract Tower,0,0,25,0,25,0,10,92,0,102,0,10,117,0,127,18,0,18,145
08/31/2020,SFF,WA,ANM,WE,Federal Contract Tower,0,0,17,0,17,0,5,63,0,68,0,5,80,0,85,124,0,124,209
09/01/2020,SFF,WA,ANM,WE,Federal Contract Tower,1,10,1,0,12,0,7,111,1,119,1,17,112,1,131,86,0,86,217
09/02/2020,SFF,WA,ANM,WE,Federal Contract Tower,0,3,7,0,10,0,16,85,0,101,0,19,92,0,111,92,0,92,203
09/04/2020,SFF,WA,ANM,WE,Federal Contract Tower,0,1,15,0,16,0,10,116,0,126,0,11,131,0,142,132,0,132,274
09/05/2020,SFF,WA,ANM,WE,Federal Contract Tower,0,9,0,0,9,0,10,67,0,77,0,19,67,0,86,14,0,14,100
09/06/2020,SFF,WA,ANM,WE,Federal Contract Tower,0,0,7,0,7,0,4,77,0,81,0,4,84,0,88,10,0,10,98
09/07/2020,SFF,WA,ANM,WE,Federal Contract Tower,0,0,6,0,6,0,3,13,0,16,0,3,19,0,22,8,0,8,30
09/08/2020,SFF,WA,ANM,WE,Federal Contract Tower,0,3,14,0,17,0,5,116,0,121,0,8,130,0,138,82,0,82,220
09/09/2020,SFF,WA,ANM,WE,Federal Contract Tower,0,3,21,0,24,0,16,127,0,143,0,19,148,0,167,182,0,182,349
09/10/2020,SFF,WA,ANM,WE,Federal Contract Tower,0,2,20,0,22,0,15,122,0,137,0,17,142,0,159,168,0,168,327
09/11/2020,SFF,WA,ANM,WE,Federal Contract Tower,0,0,16,0,16,0,3,109,0,112,0,3,125,0,128,114,0,114,242
09/12/2020,SFF,WA,ANM,WE,Federal Contract Tower,0,1,5,0,6,0,0,0,0,0,0,1,5,0,6,0,0,0,6
09/13/2020,SFF,WA,ANM,WE,Federal Contract Tower,0,0,3,0,3,0,0,0,0,0,0,0,3,0,3,0,0,0,3
09/14/2020,SFF,WA,ANM,WE,Federal Contract Tower,0,8,0,0,8,0,0,0,0,0,0,8,0,0,8,0,0,0,8
09/15/2020,SFF,WA,ANM,WE,Federal Contract Tower,0,2,17,0,19,0,0,0,0,0,0,2,17,0,19,0,0,0,19
09/16/2020,SFF,WA,ANM,WE,Federal Contract Tower,0,5,11,0,16,0,0,0,0,0,0,5,11,0,16,0,0,0,16
09/17/2020,SFF,WA,ANM,WE,Federal Contract Tower,0,3,22,0,25,0,0,1,0,1,0,3,23,0,26,0,0,0,26
09/18/2020,SFF,WA,ANM,WE,Federal Contract Tower,0,3,26,0,29,0,0,0,0,0,0,3,26,0,29,12,0,12,41
09/19/2020,SFF,WA,ANM,WE,Federal Contract Tower,0,1,12,0,13,0,9,42,0,51,0,10,54,0,64,126,0,126,190
09/20/2020,SFF,WA,ANM,WE,Federal Contract Tower,0,1,9,0,10,0,10,69,0,79,0,11,78,0,89,70,0,70,159
09/21/2020,SFF,WA,ANM,WE,Federal Contract Tower,0,2,11,0,13,0,15,103,0,118,0,17,114,0,131,196,0,196,327
09/22/2020,SFF,WA,ANM,WE,Federal Contract Tower,0,0,16,0,16,0,18,121,0,139,0,18,137,0,155,174,0,174,329
09/23/2020,SFF,WA,ANM,WE,Federal Contract Tower,0,5,15,0,20,0,17,64,0,81,0,22,79,0,101,174,0,174,275
09/24/2020,SFF,WA,ANM,WE,Federal Contract Tower,0,0,23,0,23,0,9,53,0,62,0,9,76,0,85,62,0,62,147
09/25/2020,SFF,WA,ANM,WE,Federal Contract Tower,0,0,16,0,16,0,7,42,0,49,0,7,58,0,65,116,0,116,181
09/26/2020,SFF,WA,ANM,WE,Federal Contract Tower,0,0,4,0,4,0,4,43,0,47,0,4,47,0,51,8,0,8,59
09/27/2020,SFF,WA,ANM,WE,Federal Contract Tower,0,0,4,0,4,0,10,87,0,97,0,10,91,0,101,2,0,2,103
09/28/2020,SFF,WA,ANM,WE,Federal Contract Tower,0,1,10,0,11,0,14,93,0,107,0,15,103,0,118,242,0,242,360
09/29/2020,SFF,WA,ANM,WE,Federal Contract Tower,0,4,11,0,15,0,11,119,0,130,0,15,130,0,145,128,0,128,273
09/30/2020,SFF,WA,ANM,WE,Federal Contract Tower,0,0,28,0,28,0,9,77,0,86,0,9,105,0,114,108,0,108,222
10/01/2020,SFF,WA,ANM,WE,Federal Contract Tower,0,2,9,0,11,0,3,98,0,101,0,5,107,0,112,185,0,185,297
10/02/2020,SFF,WA,ANM,WE,Federal Contract Tower,0,1,2,0,3,0,4,95,0,99,0,5,97,0,102,155,0,155,257
10/03/2020,SFF,WA,ANM,WE,Federal Contract Tower,0,0,9,0,9,0,4,132,0,136,0,4,141,0,145,84,0,84,229
10/04/2020,SFF,WA,ANM,WE,Federal Contract Tower,0,0,10,0,10,0,17,65,0,82,0,17,75,0,92,60,0,60,152
10/05/2020,SFF,WA,ANM,WE,Federal Contract Tower,0,1,0,0,1,0,12,78,0,90,0,13,78,0,91,205,0,205,296
10/06/2020,SFF,WA,ANM,WE,Federal Contract Tower,0,0,11,0,11,0,15,95,0,110,0,15,106,0,121,166,0,166,287
10/07/2020,SFF,WA,ANM,WE,Federal Contract Tower,0,3,14,0,17,0,7,84,0,91,0,10,98,0,108,202,0,202,310
10/08/2020,SFF,WA,ANM,WE,Federal Contract Tower,0,2,13,0,15,0,11,89,0,100,0,13,102,0,115,100,0,100,215
10/09/2020,SFF,WA,ANM,WE,Federal Contract Tower,0,1,11,0,12,0,12,120,0,132,0,13,131,0,144,206,0,206,350
10/10/2020,SFF,WA,ANM,WE,Federal Contract Tower,0,0,7,0,7,0,6,4,0,10,0,6,11,0,17,36,0,36,53
10/11/2020,SFF,WA,ANM,WE,Federal Contract Tower,0,1,9,0,10,0,9,36,0,45,0,10,45,0,55,14,0,14,69
10/12/2020,SFF,WA,ANM,WE,Federal Contract Tower,0,0,13,0,13,0,8,52,0,60,0,8,65,0,73,158,0,158,231
10/13/2020,SFF,WA,ANM,WE,Federal Contract Tower,0,2,14,0,16,0,4,5,0,9,0,6,19,0,25,30,0,30,55
10/14/2020,SFF,WA,ANM,WE,Federal Contract Tower,0,3,14,0,17,0,8,93,0,101,0,11,107,0,118,138,0,138,256
10/15/2020,SFF,WA,ANM,WE,Federal Contract Tower,0,2,14,0,16,0,5,127,0,132,0,7,141,0,148,258,0,258,406
10/16/2020,SFF,WA,ANM,WE,Federal Contract Tower,0,4,8,0,12,0,8,47,0,55,0,12,55,0,67,90,0,90,157
10/17/2020,SFF,WA,ANM,WE,Federal Contract Tower,0,2,8,0,10,0,16,107,0,123,0,18,115,0,133,100,0,100,233
10/18/2020,SFF,WA,ANM,WE,Federal Contract Tower,0,0,12,0,12,0,3,10,0,13,0,3,22,0,25,74,0,74,99
10/19/2020,SFF,WA,ANM,WE,Federal Contract Tower,0,1,9,0,10,0,7,50,0,57,0,8,59,0,67,184,0,184,251
10/20/2020,SFF,WA,ANM,WE,Federal Contract Tower,0,1,8,0,9,0,1,85,0,86,0,2,93,0,95,202,0,202,297
10/21/2020,SFF,WA,ANM,WE,Federal Contract Tower,0,2,16,0,18,0,9,57,0,66,0,11,73,0,84,264,0,264,348
10/22/2020,SFF,WA,ANM,WE,Federal Contract Tower,0,2,9,0,11,0,8,128,0,136,0,10,137,0,147,186,0,186,333
10/23/2020,SFF,WA,ANM,WE,Federal Contract Tower,0,1,3,0,4,0,1,4,1,6,0,2,7,1,10,86,0,86,96
10/24/2020,SFF,WA,ANM,WE,Federal Contract Tower,0,2,4,0,6,0,3,29,2,34,0,5,33,2,40,56,0,56,96
10/25/2020,SFF,WA,ANM,WE,Federal Contract Tower,0,0,12,0,12,0,1,55,2,58,0,1,67,2,70,14,0,14,84
10/26/2020,SFF,WA,ANM,WE,Federal Contract Tower,0,0,11,0,11,0,9,77,0,86,0,9,88,0,97,266,0,266,363
10/27/2020,SFF,WA,ANM,WE,Federal Contract Tower,0,1,16,0,17,0,7,92,0,99,0,8,108,0,116,176,0,176,292
10/28/2020,SFF,WA,ANM,WE,Federal Contract Tower,0,3,17,0,20,0,8,70,0,78,0,11,87,0,98,133,0,133,231
10/29/2020,SFF,WA,ANM,WE,Federal Contract Tower,0,1,10,0,11,0,7,115,0,122,0,8,125,0,133,192,0,192,325
10/30/2020,SFF,WA,ANM,WE,Federal Contract Tower,0,2,4,0,6,0,0,18,0,18,0,2,22,0,24,46,0,46,70
10/31/2020,SFF,WA,ANM,WE,Federal Contract Tower,0,0,7,0,7,0,7,116,0,123,0,7,123,0,130,98,0,98,228
11/01/2020,SFF,WA,ANM,WE,Federal Contract Tower,0,1,9,0,10,0,8,151,0,159,0,9,160,0,169,48,0,48,217
11/02/2020,SFF,WA,ANM,WE,Federal Contract Tower,0,0,13,0,13,0,8,109,0,117,0,8,122,0,130,210,0,210,340
11/03/2020,SFF,WA,ANM,WE,Federal Contract Tower,0,1,14,0,15,0,3,58,0,61,0,4,72,0,76,144,0,144,220
11/04/2020,SFF,WA,ANM,WE,Federal Contract Tower,0,4,9,0,13,0,12,73,0,85,0,16,82,0,98,142,0,142,240
11/05/2020,SFF,WA,ANM,WE,Federal Contract Tower,0,3,13,0,16,0,7,15,0,22,0,10,28,0,38,118,0,118,156
11/06/2020,SFF,WA,ANM,WE,Federal Contract Tower,0,2,13,0,15,0,4,42,0,46,0,6,55,0,61,78,0,78,139
11/07/2020,SFF,WA,ANM,WE,Federal Contract Tower,0,1,6,0,7,0,1,35,0,36,0,2,41,0,43,65,0,65,108
11/08/2020,SFF,WA,ANM,WE,Federal Contract Tower,0,1,9,0,10,0,1,2,0,3,0,2,11,0,13,44,0,44,57
11/09/2020,SFF,WA,ANM,WE,Federal Contract Tower,0,0,13,0,13,0,9,111,0,120,0,9,124,0,133,268,0,268,401
11/10/2020,SFF,WA,ANM,WE,Federal Contract Tower,0,3,16,0,19,0,0,14,0,14,0,3,30,0,33,172,0,172,205
11/11/2020,SFF,WA,ANM,WE,Federal Contract Tower,0,5,18,0,23,0,0,20,0,20,0,5,38,0,43,156,0,156,199
11/12/2020,SFF,WA,ANM,WE,Federal Contract Tower,0,2,14,0,16,0,2,62,0,64,0,4,76,0,80,146,0,146,226
11/13/2020,SFF,WA,ANM,WE,Federal Contract Tower,0,1,3,0,4,0,0,0,0,0,0,1,3,0,4,6,0,6,10
11/14/2020,SFF,WA,ANM,WE,Federal Contract Tower,0,0,4,0,4,0,9,59,0,68,0,9,63,0,72,46,0,46,118
11/15/2020,SFF,WA,ANM,WE,Federal Contract Tower,0,0,7,0,7,0,2,15,0,17,0,2,22,0,24,22,0,22,46
11/16/2020,SFF,WA,ANM,WE,Federal Contract Tower,0,0,8,0,8,0,6,14,0,20,0,6,22,0,28,156,0,156,184
11/17/2020,SFF,WA,ANM,WE,Federal Contract Tower,0,3,14,0,17,0,3,52,0,55,0,6,66,0,72,162,0,162,234
11/18/2020,SFF,WA,ANM,WE,Federal Contract Tower,0,3,25,0,28,0,6,39,0,45,0,9,64,0,73,104,0,104,177
11/19/2020,SFF,WA,ANM,WE,Federal Contract Tower,0,4,12,0,16,0,16,57,0,73,0,20,69,0,89,74,0,74,163
11/20/2020,SFF,WA,ANM,WE,Federal Contract Tower,0,1,14,0,15,0,3,127,0,130,0,4,141,0,145,111,0,111,256
11/21/2020,SFF,WA,ANM,WE,Federal Contract Tower,0,0,6,0,6,0,5,133,0,138,0,5,139,0,144,181,0,181,325
11/22/2020,SFF,WA,ANM,WE,Federal Contract Tower,0,0,8,0,8,0,1,60,0,61,0,1,68,0,69,30,0,30,99
11/23/2020,SFF,WA,ANM,WE,Federal Contract Tower,0,3,17,0,20,0,0,0,0,0,0,3,17,0,20,10,0,10,30
11/24/2020,SFF,WA,ANM,WE,Federal Contract Tower,0,5,20,0,25,0,1,20,0,21,0,6,40,0,46,112,0,112,158
11/25/2020,SFF,WA,ANM,WE,Federal Contract Tower,0,1,6,0,7,0,3,15,0,18,0,4,21,0,25,78,0,78,103
11/26/2020,SFF,WA,ANM,WE,Federal Contract Tower,0,0,4,0,4,0,0,2,0,2,0,0,6,0,6,0,0,0,6
11/27/2020,SFF,WA,ANM,WE,Federal Contract Tower,0,0,3,0,3,0,4,58,0,62,0,4,61,0,65,36,0,36,101
11/28/2020,SFF,WA,ANM,WE,Federal Contract Tower,0,0,5,0,5,0,2,89,0,91,0,2,94,0,96,74,0,74,170
11/29/2020,SFF,WA,ANM,WE,Federal Contract Tower,0,1,8,0,9,0,4,70,0,74,0,5,78,0,83,28,0,28,111
11/30/2020,SFF,WA,ANM,WE,Federal Contract Tower,0,3,9,0,12,0,0,2,0,2,0,3,11,0,14,44,0,44,58
12/01/2020,SFF,WA,ANM,WE,Federal Contract Tower,0,1,27,0,28,0,8,81,0,89,0,9,108,0,117,186,0,186,303
12/02/2020,SFF,WA,ANM,WE,Federal Contract Tower,0,0,16,0,16,0,2,0,0,2,0,2,16,0,18,222,0,222,240
12/03/2020,SFF,WA,ANM,WE,Federal Contract Tower,0,2,13,0,15,0,9,68,0,77,0,11,81,0,92,153,0,153,245
12/04/2020,SFF,WA,ANM,WE,Federal Contract Tower,0,6,35,0,41,0,0,0,0,0,0,6,35,0,41,0,0,0,41
12/05/2020,SFF,WA,ANM,WE,Federal Contract Tower,0,0,11,0,11,0,2,74,0,76,0,2,85,0,87,81,0,81,168
12/06/2020,SFF,WA,ANM,WE,Federal Contract Tower,0,0,8,0,8,0,3,28,0,31,0,3,36,0,39,33,0,33,72
12/07/2020,SFF,WA,ANM,WE,Federal Contract Tower,0,1,20,0,21,0,6,27,0,33,0,7,47,0,54,164,0,164,218
12/08/2020,SFF,WA,ANM,WE,Federal Contract Tower,0,2,11,0,13,0,8,66,0,74,0,10,77,0,87,208,0,208,295
12/09/2020,SFF,WA,ANM,WE,Federal Contract Tower,0,2,27,0,29,0,0,0,0,0,0,2,27,0,29,0,0,0,29
12/10/2020,SFF,WA,ANM,WE,Federal Contract Tower,0,5,27,0,32,0,1,33,0,34,0,6,60,0,66,144,0,144,210
12/11/2020,SFF,WA,ANM,WE,Federal Contract Tower,0,1,7,0,8,0,0,0,0,0,0,1,7,0,8,0,0,0,8
12/12/2020,SFF,WA,ANM,WE,Federal Contract Tower,0,2,13,0,15,0,0,2,0,2,0,2,15,0,17,48,0,48,65
12/13/2020,SFF,WA,ANM,WE,Federal Contract Tower,0,1,11,0,12,0,0,2,0,2,0,1,13,0,14,6,0,6,20
12/14/2020,SFF,WA,ANM,WE,Federal Contract Tower,0,5,16,0,21,0,0,2,0,2,0,5,18,0,23,10,0,10,33
12/15/2020,SFF,WA,ANM,WE,Federal Contract Tower,0,3,9,0,12,0,0,0,0,0,0,3,9,0,12,0,0,0,12
12/16/2020,SFF,WA,ANM,WE,Federal Contract Tower,0,5,13,0,18,0,3,32,0,35,0,8,45,0,53,235,0,235,288
12/17/2020,SFF,WA,ANM,WE,Federal Contract Tower,0,3,19,0,22,0,3,12,0,15,0,6,31,0,37,236,0,236,273
12/18/2020,SFF,WA,ANM,WE,Federal Contract Tower,0,1,11,0,12,0,2,13,0,15,0,3,24,0,27,78,0,78,105
12/19/2020,SFF,WA,ANM,WE,Federal Contract Tower,0,0,9,0,9,0,11,58,0,69,0,11,67,0,78,80,0,80,158
12/21/2020,SFF,WA,ANM,WE,Federal Contract Tower,0,2,13,0,15,0,0,2,0,2,0,2,15,0,17,12,0,12,29
12/22/2020,SFF,WA,ANM,WE,Federal Contract Tower,0,1,11,0,12,0,9,46,0,55,0,10,57,0,67,154,0,154,221
12/23/2020,SFF,WA,ANM,WE,Federal Contract Tower,0,2,7,0,9,0,7,111,0,118,0,9,118,0,127,140,0,140,267
12/24/2020,SFF,WA,ANM,WE,Federal Contract Tower,0,0,19,0,19,0,11,83,0,94,0,11,102,0,113,142,0,142,255
12/25/2020,SFF,WA,ANM,WE,Federal Contract Tower,0,0,2,0,2,0,2,8,0,10,0,2,10,0,12,0,0,0,12
12/26/2020,SFF,WA,ANM,WE,Federal Contract Tower,0,0,9,0,9,0,0,2,0,2,0,0,11,0,11,0,0,0,11
12/27/2020,SFF,WA,ANM,WE,Federal Contract Tower,0,0,8,0,8,0,4,4,0,8,0,4,12,0,16,14,0,14,30
12/28/2020,SFF,WA,ANM,WE,Federal Contract Tower,0,1,20,0,21,0,0,0,0,0,0,1,20,0,21,4,0,4,25
12/29/2020,SFF,WA,ANM,WE,Federal Contract Tower,0,2,15,0,17,0,3,16,0,19,0,5,31,0,36,115,0,115,151
12/30/2020,SFF,WA,ANM,WE,Federal Contract Tower,0,3,1,0,4,0,0,0,0,0,0,3,1,0,4,0,0,0,4
12/31/2020,SFF,WA,ANM,WE,Federal Contract Tower,0,5,6,0,11,0,1,0,0,1,0,6,6,0,12,0,0,0,12
01/01/2021,SFF,WA,ANM,WE,Federal Contract Tower,0,1,3,0,4,0,1,29,0,30,0,2,32,0,34,86,0,86,120
01/02/2021,SFF,WA,ANM,WE,Federal Contract Tower,0,0,3,0,3,0,2,10,0,12,0,2,13,0,15,48,0,48,63
01/03/2021,SFF,WA,ANM,WE,Federal Contract Tower,0,0,18,0,18,0,9,44,0,53,0,9,62,0,71,32,0,32,103
01/04/2021,SFF,WA,ANM,WE,Federal Contract Tower,0,2,12,0,14,0,0,13,0,13,0,2,25,0,27,110,0,110,137
01/05/2021,SFF,WA,ANM,WE,Federal Contract Tower,0,1,30,0,31,0,5,65,0,70,0,6,95,0,101,94,0,94,195
01/06/2021,SFF,WA,ANM,WE,Federal Contract Tower,0,3,23,0,26,0,0,23,0,23,0,3,46,0,49,92,0,92,141
01/07/2021,SFF,WA,ANM,WE,Federal Contract Tower,0,5,18,0,23,0,0,9,0,9,0,5,27,0,32,38,0,38,70
01/08/2021,SFF,WA,ANM,WE,Federal Contract Tower,0,2,7,0,9,0,11,58,0,69,0,13,65,0,78,180,0,180,258
01/09/2021,SFF,WA,ANM,WE,Federal Contract Tower,0,1,8,0,9,0,5,9,0,14,0,6,17,0,23,10,0,10,33
01/10/2021,SFF,WA,ANM,WE,Federal Contract Tower,0,1,10,0,11,0,2,60,0,62,0,3,70,0,73,80,0,80,153
01/11/2021,SFF,WA,ANM,WE,Federal Contract Tower,0,3,17,0,20,0,4,53,0,57,0,7,70,0,77,122,0,122,199
01/12/2021,SFF,WA,ANM,WE,Federal Contract Tower,0,1,15,0,16,0,0,0,0,0,0,1,15,0,16,16,0,16,32
01/13/2021,SFF,WA,ANM,WE,Federal Contract Tower,0,6,8,0,14,0,12,19,0,31,0,18,27,0,45,0,0,0,45
01/14/2021,SFF,WA,ANM,WE,Federal Contract Tower,0,5,17,0,22,0,15,113,0,128,0,20,130,0,150,235,0,235,385
01/15/2021,SFF,WA,ANM,WE,Federal Contract Tower,0,2,8,0,10,0,5,31,0,36,0,7,39,0,46,84,0,84,130
01/16/2021,SFF,WA,ANM,WE,Federal Contract Tower,0,1,7,0,8,0,1,26,0,27,0,2,33,0,35,50,0,50,85
01/17/2021,SFF,WA,ANM,WE,Federal Contract Tower,0,1,13,0,14,0,1,7,0,8,0,2,20,0,22,0,0,0,22
01/18/2021,SFF,WA,ANM,WE,Federal Contract Tower,0,3,23,0,26,0,2,38,0,40,0,5,61,0,66,85,0,85,151
01/19/2021,SFF,WA,ANM,WE,Federal Contract Tower,0,3,29,0,32,0,0,24,0,24,0,3,53,0,56,46,0,46,102
01/20/2021,SFF,WA,ANM,WE,Federal Contract Tower,0,5,12,0,17,0,4,89,0,93,0,9,101,0,110,158,0,158,268
01/22/2021,SFF,WA,ANM,WE,Federal Contract Tower,0,0,12,0,12,0,20,97,0,117,0,20,109,0,129,76,0,76,205
01/23/2021,SFF,WA,ANM,WE,Federal Contract Tower,0,1,16,0,17,0,4,76,0,80,0,5,92,0,97,116,0,116,213
01/24/2021,SFF,WA,ANM,WE,Federal Contract Tower,0,1,9,0,10,0,5,22,0,27,0,6,31,0,37,20,0,20,57
01/25/2021,SFF,WA,ANM,WE,Federal Contract Tower,0,1,15,0,16,0,0,2,0,2,0,1,17,0,18,20,0,20,38
01/26/2021,SFF,WA,ANM,WE,Federal Contract Tower,0,3,12,0,15,0,6,28,0,34,0,9,40,0,49,124,0,124,173
01/27/2021,SFF,WA,ANM,WE,Federal Contract Tower,0,6,5,0,11,0,0,28,0,28,0,6,33,0,39,130,0,130,169
01/28/2021,SFF,WA,ANM,WE,Federal Contract Tower,0,2,8,0,10,0,10,62,0,72,0,12,70,0,82,140,0,140,222
01/29/2021,SFF,WA,ANM,WE,Federal Contract Tower,0,1,10,0,11,0,0,0,0,0,0,1,10,0,11,0,0,0,11
01/30/2021,SFF,WA,ANM,WE,Federal Contract Tower,0,0,11,0,11,0,6,39,0,45,0,6,50,0,56,84,0,84,140
01/31/2021,SFF,WA,ANM,WE,Federal Contract Tower,0,0,5,0,5,0,2,26,0,28,0,2,31,0,33,74,0,74,107
02/01/2021,SFF,WA,ANM,WE,Federal Contract Tower,0,1,6,0,7,0,5,65,0,70,0,6,71,0,77,128,0,128,205
02/02/2021,SFF,WA,ANM,WE,Federal Contract Tower,0,2,13,0,15,0,3,30,0,33,0,5,43,0,48,122,0,122,170
02/03/2021,SFF,WA,ANM,WE,Federal Contract Tower,0,3,12,0,15,0,6,63,0,69,0,9,75,0,84,92,0,92,176
02/04/2021,SFF,WA,ANM,WE,Federal Contract Tower,0,3,16,0,19,0,9,43,0,52,0,12,59,0,71,206,0,206,277
02/05/2021,SFF,WA,ANM,WE,Federal Contract Tower,0,3,13,0,16,0,7,90,0,97,0,10,103,0,113,173,0,173,286
02/06/2021,SFF,WA,ANM,WE,Federal Contract Tower,0,0,3,0,3,0,2,16,0,18,0,2,19,0,21,32,0,32,53
02/07/2021,SFF,WA,ANM,WE,Federal Contract Tower,0,1,5,0,6,0,6,33,0,39,0,7,38,0,45,36,0,36,81
02/08/2021,SFF,WA,ANM,WE,Federal Contract Tower,0,2,10,0,12,0,1,65,0,66,0,3,75,0,78,97,0,97,175
02/09/2021,SFF,WA,ANM,WE,Federal Contract Tower,0,6,17,0,23,0,4,75,0,79,0,10,92,0,102,96,0,96,198
02/10/2021,SFF,WA,ANM,WE,Federal Contract Tower,0,7,13,0,20,0,8,108,0,116,0,15,121,0,136,102,0,102,238
02/11/2021,SFF,WA,ANM,WE,Federal Contract Tower,0,1,15,0,16,0,4,48,0,52,0,5,63,0,68,74,0,74,142
02/12/2021,SFF,WA,ANM,WE,Federal Contract Tower,0,1,10,0,11,0,5,42,0,47,0,6,52,0,58,50,0,50,108
02/13/2021,SFF,WA,ANM,WE,Federal Contract Tower,0,0,9,0,9,0,1,12,0,13,0,1,21,0,22,6,0,6,28
02/14/2021,SFF,WA,ANM,WE,Federal Contract Tower,0,0,6,0,6,0,0,7,0,7,0,0,13,0,13,2,0,2,15
02/15/2021,SFF,WA,ANM,WE,Federal Contract Tower,0,0,1,0,1,0,0,0,0,0,0,0,1,0,1,0,0,0,1
02/16/2021,SFF,WA,ANM,WE,Federal Contract Tower,0,5,20,0,25,0,0,5,0,5,0,5,25,0,30,8,0,8,38
02/17/2021,SFF,WA,ANM,WE,Federal Contract Tower,0,4,16,0,20,0,10,73,0,83,0,14,89,0,103,114,0,114,217
02/18/2021,SFF,WA,ANM,WE,Federal Contract Tower,0,2,7,0,9,0,3,68,0,71,0,5,75,0,80,75,0,75,155
02/19/2021,SFF,WA,ANM,WE,Federal Contract Tower,0,2,23,0,25,0,2,13,0,15,0,4,36,0,40,70,0,70,110
02/20/2021,SFF,WA,ANM,WE,Federal Contract Tower,0,0,7,0,7,0,1,5,0,6,0,1,12,0,13,46,0,46,59
02/21/2021,SFF,WA,ANM,WE,Federal Contract Tower,0,0,5,0,5,0,4,9,0,13,0,4,14,0,18,80,0,80,98
02/22/2021,SFF,WA,ANM,WE,Federal Contract Tower,0,0,12,0,12,0,2,13,0,15,0,2,25,0,27,125,0,125,152
02/23/2021,SFF,WA,ANM,WE,Federal Contract Tower,0,0,18,0,18,0,8,54,0,62,0,8,72,0,80,161,0,161,241
02/24/2021,SFF,WA,ANM,WE,Federal Contract Tower,0,3,16,0,19,0,13,97,0,110,0,16,113,0,129,146,0,146,275
02/25/2021,SFF,WA,ANM,WE,Federal Contract Tower,0,2,8,0,10,0,5,3,0,8,0,7,11,0,18,136,0,136,154
02/26/2021,SFF,WA,ANM,WE,Federal Contract Tower,0,4,15,0,19,0,3,56,0,59,0,7,71,0,78,128,0,128,206
02/27/2021,SFF,WA,ANM,WE,Federal Contract Tower,0,1,10,0,11,0,4,104,0,108,0,5,114,0,119,118,0,118,237
02/28/2021,SFF,WA,ANM,WE,Federal Contract Tower,0,2,6,0,8,0,4,24,0,28,0,6,30,0,36,28,0,28,64
03/01/2021,SFF,WA,ANM,WE,Federal Contract Tower,0,0,18,0,18,0,5,113,0,118,0,5,131,0,136,136,0,136,272
03/02/2021,SFF,WA,ANM,WE,Federal Contract Tower,0,4,21,0,25,0,12,138,0,150,0,16,159,0,175,160,0,160,335
03/03/2021,SFF,WA,ANM,WE,Federal Contract Tower,0,2,22,0,24,0,6,104,0,110,0,8,126,0,134,127,0,127,261
03/04/2021,SFF,WA,ANM,WE,Federal Contract Tower,0,1,17,0,18,0,12,90,0,102,0,13,107,0,120,193,0,193,313
03/05/2021,SFF,WA,ANM,WE,Federal Contract Tower,0,1,15,0,16,0,9,88,0,97,0,10,103,0,113,164,0,164,277
03/06/2021,SFF,WA,ANM,WE,Federal Contract Tower,0,0,10,0,10,0,1,37,0,38,0,1,47,0,48,42,0,42,90
03/07/2021,SFF,WA,ANM,WE,Federal Contract Tower,0,1,6,0,7,0,10,42,0,52,0,11,48,0,59,60,0,60,119
03/08/2021,SFF,WA,ANM,WE,Federal Contract Tower,0,2,26,0,28,0,12,66,0,78,0,14,92,0,106,127,0,127,233
03/09/2021,SFF,WA,ANM,WE,Federal Contract Tower,0,1,20,0,21,0,11,80,0,91,0,12,100,0,112,102,0,102,214
03/10/2021,SFF,WA,ANM,WE,Federal Contract Tower,0,3,13,0,16,0,7,68,0,75,0,10,81,0,91,68,0,68,159
03/11/2021,SFF,WA,ANM,WE,Federal Contract Tower,0,3,24,0,27,0,13,128,0,141,0,16,152,0,168,95,0,95,263
03/12/2021,SFF,WA,ANM,WE,Federal Contract Tower,0,4,21,0,25,0,9,184,0,193,0,13,205,0,218,274,0,274,492
03/13/2021,SFF,WA,ANM,WE,Federal Contract Tower,0,0,9,0,9,0,7,145,0,152,0,7,154,0,161,75,0,75,236
03/14/2021,SFF,WA,ANM,WE,Federal Contract Tower,0,0,8,0,8,0,14,101,0,115,0,14,109,0,123,98,0,98,221
03/15/2021,SFF,WA,ANM,WE,Federal Contract Tower,0,0,29,0,29,0,2,52,0,54,0,2,81,0,83,156,0,156,239
03/16/2021,SFF,WA,ANM,WE,Federal Contract Tower,0,1,21,0,22,0,4,103,0,107,0,5,124,0,129,188,0,188,317
03/17/2021,SFF,WA,ANM,WE,Federal Contract Tower,0,4,25,0,29,0,14,110,0,124,0,18,135,0,153,201,0,201,354
03/18/2021,SFF,WA,ANM,WE,Federal Contract Tower,0,3,28,0,31,0,9,98,0,107,0,12,126,0,138,129,0,129,267
03/19/2021,SFF,WA,ANM,WE,Federal Contract Tower,0,0,11,0,11,0,6,32,0,38,0,6,43,0,49,44,0,44,93
03/20/2021,SFF,WA,ANM,WE,Federal Contract Tower,0,0,2,0,2,0,16,27,0,43,0,16,29,0,45,40,0,40,85
03/21/2021,SFF,WA,ANM,WE,Federal Contract Tower,0,1,6,0,7,0,7,25,0,32,0,8,31,0,39,28,0,28,67
03/22/2021,SFF,WA,ANM,WE,Federal Contract Tower,0,1,11,0,12,0,9,13,0,22,0,10,24,0,34,108,0,108,142
03/23/2021,SFF,WA,ANM,WE,Federal Contract Tower,0,2,16,0,18,0,6,61,0,67,0,8,77,0,85,70,0,70,155
03/24/2021,SFF,WA,ANM,WE,Federal Contract Tower,0,6,13,0,19,0,4,31,0,35,0,10,44,0,54,66,0,66,120
03/25/2021,SFF,WA,ANM,WE,Federal Contract Tower,0,2,18,0,20,0,0,42,0,42,0,2,60,0,62,140,0,140,202
03/26/2021,SFF,WA,ANM,WE,Federal Contract Tower,0,1,20,0,21,0,7,126,0,133,0,8,146,0,154,238,0,238,392
03/27/2021,SFF,WA,ANM,WE,Federal Contract Tower,0,0,14,0,14,0,4,100,0,104,0,4,114,0,118,221,0,221,339
03/28/2021,SFF,WA,ANM,WE,Federal Contract Tower,0,0,4,0,4,0,5,10,0,15,0,5,14,0,19,25,0,25,44
03/29/2021,SFF,WA,ANM,WE,Federal Contract Tower,0,0,22,0,22,0,11,36,0,47,0,11,58,0,69,56,0,56,125
03/30/2021,SFF,WA,ANM,WE,Federal Contract Tower,0,2,26,0,28,0,15,107,0,122,0,17,133,0,150,130,0,130,280
03/31/2021,SFF,WA,ANM,WE,Federal Contract Tower,0,3,20,0,23,0,6,112,0,118,0,9,132,0,141,237,0,237,378
04/01/2021,SFF,WA,ANM,WE,Federal Contract Tower,0,2,19,0,21,0,7,84,0,91,0,9,103,0,112,171,0,171,283
04/02/2021,SFF,WA,ANM,WE,Federal Contract Tower,0,1,8,0,9,0,17,73,0,90,0,18,81,0,99,49,0,49,148
04/03/2021,SFF,WA,ANM,WE,Federal Contract Tower,0,0,7,0,7,0,16,91,0,107,0,16,98,0,114,140,0,140,254
04/04/2021,SFF,WA,ANM,WE,Federal Contract Tower,0,2,7,0,9,0,3,33,0,36,0,5,40,0,45,28,0,28,73
04/05/2021,SFF,WA,ANM,WE,Federal Contract Tower,0,1,17,0,18,0,15,82,0,97,0,16,99,0,115,91,0,91,206
04/06/2021,SFF,WA,ANM,WE,Federal Contract Tower,0,0,20,0,20,0,6,109,2,117,0,6,129,2,137,210,20,230,367
04/07/2021,SFF,WA,ANM,WE,Federal Contract Tower,0,6,14,0,20,0,9,52,0,61,0,15,66,0,81,171,0,171,252
04/08/2021,SFF,WA,ANM,WE,Federal Contract Tower,0,4,13,0,17,0,44,4,0,48,0,48,17,0,65,70,22,92,157
04/09/2021,SFF,WA,ANM,WE,Federal Contract Tower,0,1,6,0,7,0,5,99,0,104,0,6,105,0,111,172,48,220,331
04/10/2021,SFF,WA,ANM,WE,Federal Contract Tower,0,0,5,0,5,0,8,14,0,22,0,8,19,0,27,24,0,24,51
04/11/2021,SFF,WA,ANM,WE,Federal Contract Tower,0,0,1,0,1,0,8,108,0,116,0,8,109,0,117,92,0,92,209
04/12/2021,SFF,WA,ANM,WE,Federal Contract Tower,0,0,19,0,19,0,16,73,0,89,0,16,92,0,108,130,0,130,238
04/13/2021,SFF,WA,ANM,WE,Federal Contract Tower,0,5,22,0,27,0,11,15,0,26,0,16,37,0,53,6,0,6,59
04/14/2021,SFF,WA,ANM,WE,Federal Contract Tower,0,4,16,0,20,0,5,58,0,63,0,9,74,0,83,66,0,66,149
04/15/2021,SFF,WA,ANM,WE,Federal Contract Tower,0,3,12,0,15,0,8,86,0,94,0,11,98,0,109,106,0,106,215
04/16/2021,SFF,WA,ANM,WE,Federal Contract Tower,0,1,7,0,8,0,9,103,0,112,0,10,110,0,120,100,0,100,220
04/17/2021,SFF,WA,ANM,WE,Federal Contract Tower,0,0,8,0,8,0,12,127,0,139,0,12,135,0,147,89,0,89,236
04/18/2021,SFF,WA,ANM,WE,Federal Contract Tower,0,0,8,0,8,0,13,67,0,80,0,13,75,0,88,71,0,71,159
04/19/2021,SFF,WA,ANM,WE,Federal Contract Tower,0,0,21,0,21,0,19,91,0,110,0,19,112,0,131,82,0,82,213
04/20/2021,SFF,WA,ANM,WE,Federal Contract Tower,0,1,17,0,18,0,8,116,0,124,0,9,133,0,142,148,0,148,290
04/21/2021,SFF,WA,ANM,WE,Federal Contract Tower,0,2,17,0,19,0,15,114,0,129,0,17,131,0,148,188,0,188,336
04/22/2021,SFF,WA,ANM,WE,Federal Contract Tower,0,3,19,0,22,0,5,66,0,71,0,8,85,0,93,134,0,134,227
04/23/2021,SFF,WA,ANM,WE,Federal Contract Tower,0,0,21,2,23,0,9,97,0,106,0,9,118,2,129,136,0,136,265
04/24/2021,SFF,WA,ANM,WE,Federal Contract Tower,0,0,14,0,14,0,2,14,0,16,0,2,28,0,30,54,0,54,84
04/25/2021,SFF,WA,ANM,WE,Federal Contract Tower,0,1,15,0,16,0,5,33,0,38,0,6,48,0,54,16,0,16,70
04/26/2021,SFF,WA,ANM,WE,Federal Contract Tower,0,2,20,0,22,0,16,92,0,108,0,18,112,0,130,205,0,205,335
04/27/2021,SFF,WA,ANM,WE,Federal Contract Tower,0,0,18,0,18,0,5,82,0,87,0,5,100,0,105,124,0,124,229
04/28/2021,SFF,WA,ANM,WE,Federal Contract Tower,0,3,20,0,23,0,13,108,0,121,0,16,128,0,144,178,0,178,322
04/29/2021,SFF,WA,ANM,WE,Federal Contract Tower,0,2,18,0,20,0,8,129,0,137,0,10,147,0,157,160,0,160,317
04/30/2021,SFF,WA,ANM,WE,Federal Contract Tower,0,1,13,0,14,0,5,67,0,72,0,6,80,0,86,110,0,110,196
05/01/2021,SFF,WA,ANM,WE,Federal Contract Tower,0,0,7,0,7,0,17,84,0,101,0,17,91,0,108,74,0,74,182
05/02/2021,SFF,WA,ANM,WE,Federal Contract Tower,0,1,5,0,6,0,11,100,0,111,0,12,105,0,117,120,0,120,237
05/03/2021,SFF,WA,ANM,WE,Federal Contract Tower,0,1,15,0,16,0,10,105,0,115,0,11,120,0,131,121,0,121,252
05/04/2021,SFF,WA,ANM,WE,Federal Contract Tower,0,1,20,0,21,0,9,133,0,142,0,10,153,0,163,192,0,192,355
05/05/2021,SFF,WA,ANM,WE,Federal Contract Tower,0,6,27,0,33,0,11,99,0,110,0,17,126,0,143,174,0,174,317
05/06/2021,SFF,WA,ANM,WE,Federal Contract Tower,0,1,24,0,25,0,12,100,0,112,0,13,124,0,137,116,0,116,253
05/07/2021,SFF,WA,ANM,WE,Federal Contract Tower,0,1,15,0,16,0,9,60,6,75,0,10,75,6,91,54,0,54,145
05/08/2021,SFF,WA,ANM,WE,Federal Contract Tower,0,0,7,0,7,0,5,64,0,69,0,5,71,0,76,50,0,50,126
05/09/2021,SFF,WA,ANM,WE,Federal Contract Tower,0,0,6,0,6,0,14,86,0,100,0,14,92,0,106,44,0,44,150
05/10/2021,SFF,WA,ANM,WE,Federal Contract Tower,0,0,22,0,22,0,8,123,0,131,0,8,145,0,153,209,0,209,362
05/11/2021,SFF,WA,ANM,WE,Federal Contract Tower,0,4,14,0,18,0,21,134,0,155,0,25,148,0,173,312,0,312,485
05/12/2021,SFF,WA,ANM,WE,Federal Contract Tower,0,3,13,0,16,0,14,79,0,93,0,17,92,0,109,201,0,201,310
05/13/2021,SFF,WA,ANM,WE,Federal Contract Tower,0,0,16,0,16,0,15,101,0,116,0,15,117,0,132,204,0,204,336
05/14/2021,SFF,WA,ANM,WE,Federal Contract Tower,0,1,13,0,14,0,2,101,0,103,0,3,114,0,117,128,0,128,245
05/15/2021,SFF,WA,ANM,WE,Federal Contract Tower,0,0,7,0,7,0,8,91,0,99,0,8,98,0,106,61,0,61,167
05/16/2021,SFF,WA,ANM,WE,Federal Contract Tower,0,3,8,0,11,0,3,85,0,88,0,6,93,0,99,34,0,34,133
05/17/2021,SFF,WA,ANM,WE,Federal Contract Tower,0,0,12,0,12,0,6,79,0,85,0,6,91,0,97,117,0,117,214
05/18/2021,SFF,WA,ANM,WE,Federal Contract Tower,0,3,10,0,13,0,7,27,0,34,0,10,37,0,47,30,0,30,77
05/19/2021,SFF,WA,ANM,WE,Federal Contract Tower,0,1,19,0,20,0,25,130,0,155,0,26,149,0,175,340,0,340,515
05/20/2021,SFF,WA,ANM,WE,Federal Contract Tower,0,1,18,0,19,0,5,49,0,54,0,6,67,0,73,306,0,306,379
05/21/2021,SFF,WA,ANM,WE,Federal Contract Tower,0,1,3,0,4,0,10,84,0,94,0,11,87,0,98,218,0,218,316
05/22/2021,SFF,WA,ANM,WE,Federal Contract Tower,0,0,5,0,5,0,8,109,0,117,0,8,114,0,122,58,0,58,180
05/23/2021,SFF,WA,ANM,WE,Federal Contract Tower,0,0,5,0,5,0,8,53,0,61,0,8,58,0,66,70,0,70,136
05/24/2021,SFF,WA,ANM,WE,Federal Contract Tower,0,1,13,0,14,0,10,49,0,59,0,11,62,0,73,125,0,125,198
05/25/2021,SFF,WA,ANM,WE,Federal Contract Tower,0,0,24,0,24,0,8,107,0,115,0,8,131,0,139,262,0,262,401
05/26/2021,SFF,WA,ANM,WE,Federal Contract Tower,0,1,11,0,12,0,10,97,0,107,0,11,108,0,119,262,0,262,381
05/27/2021,SFF,WA,ANM,WE,Federal Contract Tower,0,1,16,0,17,0,16,47,0,63,0,17,63,0,80,160,0,160,240
05/28/2021,SFF,WA,ANM,WE,Federal Contract Tower,0,1,13,0,14,0,5,80,0,85,0,6,93,0,99,68,0,68,167
05/29/2021,SFF,WA,ANM,WE,Federal Contract Tower,0,0,10,0,10,0,23,129,0,152,0,23,139,0,162,78,0,78,240
05/30/2021,SFF,WA,ANM,WE,Federal Contract Tower,0,2,12,0,14,0,11,89,0,100,0,13,101,0,114,20,0,20,134
05/31/2021,SFF,WA,ANM,WE,Federal Contract Tower,0,13,0,0,13,0,9,65,0,74,0,22,65,0,87,76,0,76,163
06/01/2021,SFF,WA,ANM,WE,Federal Contract Tower,0,3,7,0,10,0,19,117,0,136,0,22,124,0,146,256,0,256,402
06/02/2021,SFF,WA,ANM,WE,Federal Contract Tower,0,4,19,0,23,0,7,104,0,111,0,11,123,0,134,206,0,206,340
06/03/2021,SFF,WA,ANM,WE,Federal Contract Tower,0,1,18,1,20,0,10,110,1,121,0,11,128,2,141,206,0,206,347
06/04/2021,SFF,WA,ANM,WE,Federal Contract Tower,0,0,13,0,13,0,9,61,0,70,0,9,74,0,83,127,0,127,210
06/05/2021,SFF,WA,ANM,WE,Federal Contract Tower,0,9,0,0,9,0,14,29,0,43,0,23,29,0,52,28,0,28,80
06/06/2021,SFF,WA,ANM,WE,Federal Contract Tower,0,1,11,0,12,0,7,70,0,77,0,8,81,0,89,64,0,64,153
06/07/2021,SFF,WA,ANM,WE,Federal Contract Tower,0,2,16,0,18,0,9,104,0,113,0,11,120,0,131,260,0,260,391
06/08/2021,SFF,WA,ANM,WE,Federal Contract Tower,0,2,15,0,17,0,3,136,0,139,0,5,151,0,156,233,0,233,389
06/09/2021,SFF,WA,ANM,WE,Federal Contract Tower,0,2,6,0,8,0,16,106,0,122,0,18,112,0,130,288,0,288,418
06/10/2021,SFF,WA,ANM,WE,Federal Contract Tower,0,1,14,0,15,0,6,73,0,79,0,7,87,0,94,158,0,158,252
06/11/2021,SFF,WA,ANM,WE,Federal Contract Tower,0,0,13,0,13,0,5,104,0,109,0,5,117,0,122,252,0,252,374
06/12/2021,SFF,WA,ANM,WE,Federal Contract Tower,0,0,11,0,11,0,11,75,0,86,0,11,86,0,97,122,0,122,219
06/13/2021,SFF,WA,ANM,WE,Federal Contract Tower,0,0,11,0,11,0,13,61,0,74,0,13,72,0,85,98,0,98,183
06/14/2021,SFF,WA,ANM,WE,Federal Contract Tower,0,2,12,0,14,0,9,122,0,131,0,11,134,0,145,227,0,227,372
06/15/2021,SFF,WA,ANM,WE,Federal Contract Tower,1,22,0,0,23,7,66,0,0,73,8,88,0,0,96,236,0,236,332
06/16/2021,SFF,WA,ANM,WE,Federal Contract Tower,0,3,32,0,35,0,10,128,0,138,0,13,160,0,173,212,0,212,385
06/17/2021,SFF,WA,ANM,WE,Federal Contract Tower,0,2,21,0,23,0,19,133,0,152,0,21,154,0,175,158,0,158,333
06/18/2021,SFF,WA,ANM,WE,Federal Contract Tower,0,0,17,0,17,0,18,177,0,195,0,18,194,0,212,190,0,190,402
06/19/2021,SFF,WA,ANM,WE,Federal Contract Tower,0,0,9,0,9,0,12,78,0,90,0,12,87,0,99,28,0,28,127
06/20/2021,SFF,WA,ANM,WE,Federal Contract Tower,0,0,11,0,11,0,8,102,0,110,0,8,113,0,121,52,0,52,173
06/21/2021,SFF,WA,ANM,WE,Federal Contract Tower,0,0,9,0,9,0,14,101,0,115,0,14,110,0,124,72,0,72,196
06/22/2021,SFF,WA,ANM,WE,Federal Contract Tower,0,3,22,0,25,0,12,94,4,110,0,15,116,4,135,54,0,54,189
06/23/2021,SFF,WA,ANM,WE,Federal Contract Tower,0,3,20,0,23,0,6,77,0,83,0,9,97,0,106,126,0,126,232
06/24/2021,SFF,WA,ANM,WE,Federal Contract Tower,0,2,19,0,21,0,16,89,0,105,0,18,108,0,126,68,0,68,194
06/25/2021,SFF,WA,ANM,WE,Federal Contract Tower,0,13,0,0,13,0,3,63,0,66,0,16,63,0,79,49,0,49,128
06/26/2021,SFF,WA,ANM,WE,Federal Contract Tower,0,1,5,0,6,0,7,108,0,115,0,8,113,0,121,42,0,42,163
06/27/2021,SFF,WA,ANM,WE,Federal Contract Tower,0,0,20,0,20,0,9,49,0,58,0,9,69,0,78,42,0,42,120
06/28/2021,SFF,WA,ANM,WE,Federal Contract Tower,0,0,15,0,15,0,1,61,0,62,0,1,76,0,77,48,0,48,125
06/29/2021,SFF,WA,ANM,WE,Federal Contract Tower,0,3,16,0,19,0,19,63,0,82,0,22,79,0,101,34,0,34,135
06/30/2021,SFF,WA,ANM,WE,Federal Contract Tower,0,2,36,0,38,0,0,72,0,72,0,2,108,0,110,99,0,99,209
07/01/2021,SFF,WA,ANM,WE,Federal Contract Tower,0,2,21,0,23,0,24,59,0,83,0,26,80,0,106,28,0,28,134
07/02/2021,SFF,WA,ANM,WE,Federal Contract Tower,0,0,10,0,10,0,17,109,0,126,0,17,119,0,136,92,0,92,228
07/03/2021,SFF,WA,ANM,WE,Federal Contract Tower,0,0,5,0,5,0,14,72,0,86,0,14,77,0,91,86,0,86,177
07/04/2021,SFF,WA,ANM,WE,Federal Contract Tower,0,1,8,0,9,0,18,49,0,67,0,19,57,0,76,16,0,16,92
07/05/2021,SFF,WA,ANM,WE,Federal Contract Tower,0,0,16,0,16,0,11,100,0,111,0,11,116,0,127,28,0,28,155
07/06/2021,SFF,WA,ANM,WE,Federal Contract Tower,0,4,24,0,28,0,14,84,0,98,0,18,108,0,126,80,0,80,206
07/07/2021,SFF,WA,ANM,WE,Federal Contract Tower,0,2,12,0,14,0,4,64,0,68,0,6,76,0,82,156,0,156,238
07/08/2021,SFF,WA,ANM,WE,Federal Contract Tower,2,0,19,0,21,0,8,111,0,119,2,8,130,0,140,170,0,170,310
07/09/2021,SFF,WA,ANM,WE,Federal Contract Tower,0,1,17,0,18,0,25,98,0,123,0,26,115,0,141,128,0,128,269
07/10/2021,SFF,WA,ANM,WE,Federal Contract Tower,0,17,0,0,17,0,15,104,0,119,0,32,104,0,136,106,0,106,242
07/11/2021,SFF,WA,ANM,WE,Federal Contract Tower,0,0,20,0,20,0,9,86,0,95,0,9,106,0,115,26,0,26,141
07/12/2021,SFF,WA,ANM,WE,Federal Contract Tower,0,0,15,0,15,0,16,100,0,116,0,16,115,0,131,160,0,160,291
07/14/2021,SFF,WA,ANM,WE,Federal Contract Tower,0,6,18,0,24,0,14,97,0,111,0,20,115,0,135,216,0,216,351
07/15/2021,SFF,WA,ANM,WE,Federal Contract Tower,0,3,32,0,35,0,16,119,0,135,0,19,151,0,170,234,0,234,404
07/16/2021,SFF,WA,ANM,WE,Federal Contract Tower,0,3,7,0,10,0,8,82,0,90,0,11,89,0,100,88,0,88,188
07/17/2021,SFF,WA,ANM,WE,Federal Contract Tower,0,0,9,0,9,0,7,96,0,103,0,7,105,0,112,64,0,64,176
07/18/2021,SFF,WA,ANM,WE,Federal Contract Tower,0,12,0,0,12,0,8,66,0,74,0,20,66,0,86,42,0,42,128
07/19/2021,SFF,WA,ANM,WE,Federal Contract Tower,0,2,11,0,13,0,15,96,0,111,0,17,107,0,124,218,0,218,342
07/20/2021,SFF,WA,ANM,WE,Federal Contract Tower,0,4,24,0,28,0,18,100,0,118,0,22,124,0,146,175,0,175,321
07/21/2021,SFF,WA,ANM,WE,Federal Contract Tower,0,4,24,0,28,0,8,107,0,115,0,12,131,0,143,212,0,212,355
07/22/2021,SFF,WA,ANM,WE,Federal Contract Tower,0,5,15,0,20,0,7,149,0,156,0,12,164,0,176,267,0,267,443
07/23/2021,SFF,WA,ANM,WE,Federal Contract Tower,0,3,20,0,23,0,16,88,0,104,0,19,108,0,127,160,0,160,287
07/24/2021,SFF,WA,ANM,WE,Federal Contract Tower,0,1,8,0,9,0,4,107,0,111,0,5,115,0,120,22,0,22,142
07/25/2021,SFF,WA,ANM,WE,Federal Contract Tower,0,1,5,0,6,0,3,50,0,53,0,4,55,0,59,16,0,16,75
07/26/2021,SFF,WA,ANM,WE,Federal Contract Tower,0,0,13,0,13,0,10,117,0,127,0,10,130,0,140,123,0,123,263
07/27/2021,SFF,WA,ANM,WE,Federal Contract Tower,0,2,21,0,23,0,17,100,0,117,0,19,121,0,140,240,0,240,380
07/28/2021,SFF,WA,ANM,WE,Federal Contract Tower,0,7,19,0,26,0,35,122,0,157,0,42,141,0,183,112,0,112,295
07/29/2021,SFF,WA,ANM,WE,Federal Contract Tower,0,2,16,0,18,0,16,111,0,127,0,18,127,0,145,144,0,144,289
07/30/2021,SFF,WA,ANM,WE,Federal Contract Tower,0,1,21,0,22,0,24,112,0,136,0,25,133,0,158,128,0,128,286
07/31/2021,SFF,WA,ANM,WE,Federal Contract Tower,0,1,23,0,24,0,11,37,0,48,0,12,60,0,72,39,0,39,111
08/01/2021,SFF,WA,ANM,WE,Federal Contract Tower,0,0,11,0,11,0,2,35,0,37,0,2,46,0,48,24,0,24,72
08/02/2021,SFF,WA,ANM,WE,Federal Contract Tower,0,3,44,2,49,0,1,0,0,1,0,4,44,2,50,0,0,0,50
08/03/2021,SFF,WA,ANM,WE,Federal Contract Tower,0,6,34,0,40,0,0,7,0,7,0,6,41,0,47,30,0,30,77
08/04/2021,SFF,WA,ANM,WE,Federal Contract Tower,0,8,21,0,29,0,6,100,0,106,0,14,121,0,135,170,0,170,305
08/05/2021,SFF,WA,ANM,WE,Federal Contract Tower,0,5,17,0,22,0,10,63,0,73,0,15,80,0,95,86,0,86,181
08/06/2021,SFF,WA,ANM,WE,Federal Contract Tower,0,1,8,0,9,0,6,108,0,114,0,7,116,0,123,102,0,102,225
08/07/2021,SFF,WA,ANM,WE,Federal Contract Tower,0,0,12,0,12,0,14,97,0,111,0,14,109,0,123,78,0,78,201
08/08/2021,SFF,WA,ANM,WE,Federal Contract Tower,0,0,5,0,5,0,9,26,0,35,0,9,31,0,40,6,0,6,46
08/09/2021,SFF,WA,ANM,WE,Federal Contract Tower,0,1,26,0,27,0,5,91,0,96,0,6,117,0,123,170,0,170,293
08/10/2021,SFF,WA,ANM,WE,Federal Contract Tower,0,2,18,0,20,0,6,130,0,136,0,8,148,0,156,187,0,187,343
08/11/2021,SFF,WA,ANM,WE,Federal Contract Tower,0,6,19,0,25,0,13,114,0,127,0,19,133,0,152,174,0,174,326
08/12/2021,SFF,WA,ANM,WE,Federal Contract Tower,0,4,34,0,38,0,2,25,0,27,0,6,59,0,65,93,0,93,158
08/13/2021,SFF,WA,ANM,WE,Federal Contract Tower,0,1,24,0,25,0,0,0,0,0,0,1,24,0,25,0,0,0,25
08/14/2021,SFF,WA,ANM,WE,Federal Contract Tower,0,1,16,0,17,0,0,0,0,0,0,1,16,0,17,14,0,14,31
08/15/2021,SFF,WA,ANM,WE,Federal Contract Tower,0,1,15,0,16,0,3,6,0,9,0,4,21,0,25,30,0,30,55
08/16/2021,SFF,WA,ANM,WE,Federal Contract Tower,0,0,14,0,14,0,10,98,0,108,0,10,112,0,122,110,2,112,234
08/17/2021,SFF,WA,ANM,WE,Federal Contract Tower,0,5,19,0,24,0,2,49,0,51,0,7,68,0,75,178,0,178,253
08/18/2021,SFF,WA,ANM,WE,Federal Contract Tower,0,9,21,0,30,0,8,99,0,107,0,17,120,0,137,138,0,138,275
08/19/2021,SFF,WA,ANM,WE,Federal Contract Tower,0,3,15,0,18,0,0,67,0,67,0,3,82,0,85,84,0,84,169
08/20/2021,SFF,WA,ANM,WE,Federal Contract Tower,0,3,16,0,19,0,11,105,0,116,0,14,121,0,135,60,0,60,195
08/21/2021,SFF,WA,ANM,WE,Federal Contract Tower,0,1,17,0,18,0,11,49,0,60,0,12,66,0,78,52,0,52,130
08/22/2021,SFF,WA,ANM,WE,Federal Contract Tower,0,1,9,0,10,0,4,57,0,61,0,5,66,0,71,4,0,4,75
08/23/2021,SFF,WA,ANM,WE,Federal Contract Tower,0,0,24,0,24,0,15,120,0,135,0,15,144,0,159,120,0,120,279
08/24/2021,SFF,WA,ANM,WE,Federal Contract Tower,0,2,12,0,14,0,13,98,0,111,0,15,110,0,125,124,0,124,249
08/25/2021,SFF,WA,ANM,WE,Federal Contract Tower,0,3,22,0,25,0,8,100,0,108,0,11,122,0,133,110,0,110,243
08/26/2021,SFF,WA,ANM,WE,Federal Contract Tower,0,2,14,0,16,0,16,96,0,112,0,18,110,0,128,196,0,196,324
08/27/2021,SFF,WA,ANM,WE,Federal Contract Tower,0,0,14,0,14,0,16,128,0,144,0,16,142,0,158,170,0,170,328
08/28/2021,SFF,WA,ANM,WE,Federal Contract Tower,0,0,18,0,18,0,11,156,0,167,0,11,174,0,185,54,0,54,239
08/29/2021,SFF,WA,ANM,WE,Federal Contract Tower,0,0,14,0,14,0,5,130,0,135,0,5,144,0,149,29,0,29,178
08/30/2021,SFF,WA,ANM,WE,Federal Contract Tower,0,2,22,0,24,0,12,104,0,116,0,14,126,0,140,142,0,142,282
08/31/2021,SFF,WA,ANM,WE,Federal Contract Tower,0,5,19,0,24,0,8,95,0,103,0,13,114,0,127,94,0,94,221
09/01/2021,SFF,WA,ANM,WE,Federal Contract Tower,0,2,9,0,11,0,18,120,0,138,0,20,129,0,149,188,0,188,337
09/02/2021,SFF,WA,ANM,WE,Federal Contract Tower,0,3,19,0,22,0,11,122,0,133,0,14,141,0,155,218,0,218,373
09/03/2021,SFF,WA,ANM,WE,Federal Contract Tower,0,0,17,0,17,0,13,156,0,169,0,13,173,0,186,248,0,248,434
09/04/2021,SFF,WA,ANM,WE,Federal Contract Tower,0,1,8,0,9,0,8,135,0,143,0,9,143,0,152,34,0,34,186
09/05/2021,SFF,WA,ANM,WE,Federal Contract Tower,0,1,9,0,10,0,7,64,0,71,0,8,73,0,81,82,0,82,163
09/06/2021,SFF,WA,ANM,WE,Federal Contract Tower,0,1,10,0,11,0,14,91,0,105,0,15,101,0,116,14,0,14,130
09/07/2021,SFF,WA,ANM,WE,Federal Contract Tower,0,5,20,0,25,0,11,124,0,135,0,16,144,0,160,196,0,196,356
09/08/2021,SFF,WA,ANM,WE,Federal Contract Tower,0,2,26,0,28,0,26,128,0,154,0,28,154,0,182,109,0,109,291
09/09/2021,SFF,WA,ANM,WE,Federal Contract Tower,0,2,17,0,19,0,20,86,0,106,0,22,103,0,125,150,0,150,275
09/10/2021,SFF,WA,ANM,WE,Federal Contract Tower,0,1,24,0,25,0,14,65,0,79,0,15,89,0,104,134,0,134,238
09/11/2021,SFF,WA,ANM,WE,Federal Contract Tower,0,1,12,0,13,0,10,56,0,66,0,11,68,0,79,20,0,20,99
09/12/2021,SFF,WA,ANM,WE,Federal Contract Tower,0,0,10,0,10,0,6,75,0,81,0,6,85,0,91,30,0,30,121
09/13/2021,SFF,WA,ANM,WE,Federal Contract Tower,0,3,16,0,19,0,9,113,0,122,0,12,129,0,141,166,0,166,307
09/14/2021,SFF,WA,ANM,WE,Federal Contract Tower,0,3,17,0,20,0,12,113,0,125,0,15,130,0,145,202,0,202,347
09/15/2021,SFF,WA,ANM,WE,Federal Contract Tower,0,1,16,0,17,0,12,119,0,131,0,13,135,0,148,50,0,50,198
09/16/2021,SFF,WA,ANM,WE,Federal Contract Tower,0,3,18,0,21,0,15,152,0,167,0,18,170,0,188,214,0,214,402
09/17/2021,SFF,WA,ANM,WE,Federal Contract Tower,0,2,22,0,24,0,16,147,0,163,0,18,169,0,187,227,0,227,414
09/18/2021,SFF,WA,ANM,WE,Federal Contract Tower,0,0,11,0,11,0,4,11,0,15,0,4,22,0,26,30,0,30,56
09/19/2021,SFF,WA,ANM,WE,Federal Contract Tower,0,0,18,0,18,0,2,7,0,9,0,2,25,0,27,12,0,12,39
09/20/2021,SFF,WA,ANM,WE,Federal Contract Tower,0,3,22,0,25,0,14,115,0,129,0,17,137,0,154,162,0,162,316
09/21/2021,SFF,WA,ANM,WE,Federal Contract Tower,0,6,20,0,26,0,15,125,0,140,0,21,145,0,166,193,0,193,359
09/22/2021,SFF,WA,ANM,WE,Federal Contract Tower,0,2,14,0,16,0,9,91,0,100,0,11,105,0,116,144,0,144,260
09/23/2021,SFF,WA,ANM,WE,Federal Contract Tower,0,6,17,0,23,0,7,125,0,132,0,13,142,0,155,118,0,118,273
09/24/2021,SFF,WA,ANM,WE,Federal Contract Tower,0,2,13,0,15,0,19,136,0,155,0,21,149,0,170,205,0,205,375
09/25/2021,SFF,WA,ANM,WE,Federal Contract Tower,0,1,8,0,9,0,7,151,0,158,0,8,159,0,167,131,0,131,298
09/26/2021,SFF,WA,ANM,WE,Federal Contract Tower,0,1,15,0,16,0,8,79,0,87,0,9,94,0,103,132,0,132,235
09/27/2021,SFF,WA,ANM,WE,Federal Contract Tower,0,2,19,0,21,0,9,71,0,80,0,11,90,0,101,181,0,181,282
09/29/2021,SFF,WA,ANM,WE,Federal Contract Tower,0,1,14,0,15,0,14,76,0,90,0,15,90,0,105,100,0,100,205
09/30/2021,SFF,WA,ANM,WE,Federal Contract Tower,0,2,17,0,19,0,12,89,0,101,0,14,106,0,120,178,0,178,298
10/01/2021,SFF,WA,ANM,WE,Federal Contract Tower,0,4,34,0,38,0,9,77,0,86,0,13,111,0,124,101,0,101,225
10/02/2021,SFF,WA,ANM,WE,Federal Contract Tower,0,0,12,0,12,0,13,131,0,144,0,13,143,0,156,219,0,219,375
10/03/2021,SFF,WA,ANM,WE,Federal Contract Tower,0,0,10,0,10,0,18,103,0,121,0,18,113,0,131,34,0,34,165
10/04/2021,SFF,WA,ANM,WE,Federal Contract Tower,0,2,18,0,20,0,11,72,0,83,0,13,90,0,103,58,0,58,161
10/05/2021,SFF,WA,ANM,WE,Federal Contract Tower,0,4,17,0,21,0,14,77,0,91,0,18,94,0,112,68,0,68,180
10/06/2021,SFF,WA,ANM,WE,Federal Contract Tower,0,4,26,0,30,0,5,53,0,58,0,9,79,0,88,20,0,20,108
10/07/2021,SFF,WA,ANM,WE,Federal Contract Tower,0,1,21,0,22,0,14,84,4,102,0,15,105,4,124,76,0,76,200
10/08/2021,SFF,WA,ANM,WE,Federal Contract Tower,0,4,26,0,30,0,3,103,0,106,0,7,129,0,136,121,0,121,257
10/09/2021,SFF,WA,ANM,WE,Federal Contract Tower,0,0,14,0,14,0,14,77,0,91,0,14,91,0,105,89,0,89,194
10/10/2021,SFF,WA,ANM,WE,Federal Contract Tower,0,0,10,0,10,0,5,4,0,9,0,5,14,0,19,0,0,0,19
10/11/2021,SFF,WA,ANM,WE,Federal Contract Tower,0,1,29,0,30,0,13,81,0,94,0,14,110,0,124,114,0,114,238
10/12/2021,SFF,WA,ANM,WE,Federal Contract Tower,0,1,29,0,30,0,7,72,0,79,0,8,101,0,109,106,0,106,215
10/13/2021,SFF,WA,ANM,WE,Federal Contract Tower,0,4,17,0,21,0,1,7,3,11,0,5,24,3,32,42,22,64,96
10/14/2021,SFF,WA,ANM,WE,Federal Contract Tower,0,4,19,0,23,0,5,73,0,78,0,9,92,0,101,126,0,126,227
10/15/2021,SFF,WA,ANM,WE,Federal Contract Tower,0,4,14,0,18,0,9,85,0,94,0,13,99,0,112,88,0,88,200
10/16/2021,SFF,WA,ANM,WE,Federal Contract Tower,0,0,15,0,15,0,9,189,0,198,0,9,204,0,213,141,0,141,354
10/17/2021,SFF,WA,ANM,WE,Federal Contract Tower,0,1,10,0,11,0,10,96,0,106,0,11,106,0,117,42,0,42,159
10/18/2021,SFF,WA,ANM,WE,Federal Contract Tower,0,1,18,0,19,0,18,122,0,140,0,19,140,0,159,126,0,126,285
10/19/2021,SFF,WA,ANM,WE,Federal Contract Tower,0,2,12,0,14,0,3,134,4,141,0,5,146,4,155,78,0,78,233
10/20/2021,SFF,WA,ANM,WE,Federal Contract Tower,0,1,19,0,20,0,4,67,0,71,0,5,86,0,91,88,0,88,179
10/21/2021,SFF,WA,ANM,WE,Federal Contract Tower,0,3,9,0,12,0,12,125,0,137,0,15,134,0,149,152,0,152,301
10/22/2021,SFF,WA,ANM,WE,Federal Contract Tower,0,3,35,0,38,0,1,22,0,23,0,4,57,0,61,81,0,81,142
10/23/2021,SFF,WA,ANM,WE,Federal Contract Tower,0,1,18,0,19,0,4,78,0,82,0,5,96,0,101,167,0,167,268
10/24/2021,SFF,WA,ANM,WE,Federal Contract Tower,0,0,9,0,9,0,4,8,0,12,0,4,17,0,21,66,0,66,87
10/25/2021,SFF,WA,ANM,WE,Federal Contract Tower,0,0,13,0,13,0,6,78,0,84,0,6,91,0,97,162,0,162,259
10/26/2021,SFF,WA,ANM,WE,Federal Contract Tower,0,0,13,0,13,0,4,27,0,31,0,4,40,0,44,68,0,68,112
10/27/2021,SFF,WA,ANM,WE,Federal Contract Tower,0,0,22,0,22,0,7,77,0,84,0,7,99,0,106,155,0,155,261
10/28/2021,SFF,WA,ANM,WE,Federal Contract Tower,0,4,21,0,25,0,2,24,0,26,0,6,45,0,51,98,0,98,149
10/29/2021,SFF,WA,ANM,WE,Federal Contract Tower,0,1,20,0,21,0,1,34,0,35,0,2,54,0,56,28,0,28,84
10/30/2021,SFF,WA,ANM,WE,Federal Contract Tower,0,0,6,1,7,0,2,136,0,138,0,2,142,1,145,95,0,95,240
10/31/2021,SFF,WA,ANM,WE,Federal Contract Tower,0,1,6,0,7,0,5,100,0,105,0,6,106,0,112,48,0,48,160
11/01/2021,SFF,WA,ANM,WE,Federal Contract Tower,0,0,18,0,18,0,7,100,0,107,0,7,118,0,125,132,0,132,257
11/02/2021,SFF,WA,ANM,WE,Federal Contract Tower,0,0,20,0,20,0,8,71,0,79,0,8,91,0,99,184,0,184,283
11/03/2021,SFF,WA,ANM,WE,Federal Contract Tower,0,3,19,0,22,0,2,98,0,100,0,5,117,0,122,158,0,158,280
11/04/2021,SFF,WA,ANM,WE,Federal Contract Tower,0,5,19,0,24,0,9,7,0,16,0,14,26,0,40,40,0,40,80
11/05/2021,SFF,WA,ANM,WE,Federal Contract Tower,0,2,21,0,23,0,3,90,0,93,0,5,111,0,116,72,0,72,188
11/06/2021,SFF,WA,ANM,WE,Federal Contract Tower,0,4,14,0,18,0,10,32,0,42,0,14,46,0,60,40,0,40,100
11/07/2021,SFF,WA,ANM,WE,Federal Contract Tower,0,1,17,0,18,0,13,56,0,69,0,14,73,0,87,64,0,64,151
11/08/2021,SFF,WA,ANM,WE,Federal Contract Tower,0,2,18,0,20,0,14,95,0,109,0,16,113,0,129,112,0,112,241
11/09/2021,SFF,WA,ANM,WE,Federal Contract Tower,0,2,17,0,19,0,2,12,0,14,0,4,29,0,33,58,0,58,91
11/10/2021,SFF,WA,ANM,WE,Federal Contract Tower,0,1,24,0,25,0,11,92,0,103,0,12,116,0,128,134,0,134,262
11/11/2021,SFF,WA,ANM,WE,Federal Contract Tower,0,1,21,0,22,0,0,9,0,9,0,1,30,0,31,30,0,30,61
11/12/2021,SFF,WA,ANM,WE,Federal Contract Tower,0,3,25,0,28,0,0,0,0,0,0,3,25,0,28,18,0,18,46
11/13/2021,SFF,WA,ANM,WE,Federal Contract Tower,0,0,29,0,29,0,0,70,0,70,0,0,99,0,99,135,0,135,234
11/14/2021,SFF,WA,ANM,WE,Federal Contract Tower,0,1,10,0,11,0,7,2,0,9,0,8,12,0,20,0,0,0,20
11/15/2021,SFF,WA,ANM,WE,Federal Contract Tower,0,3,7,0,10,0,1,8,0,9,0,4,15,0,19,4,0,4,23
11/16/2021,SFF,WA,ANM,WE,Federal Contract Tower,0,2,15,0,17,0,10,73,0,83,0,12,88,0,100,52,0,52,152
11/17/2021,SFF,WA,ANM,WE,Federal Contract Tower,0,2,24,0,26,0,12,114,0,126,0,14,138,0,152,146,0,146,298
11/18/2021,SFF,WA,ANM,WE,Federal Contract Tower,0,5,21,0,26,0,2,34,0,36,0,7,55,0,62,52,0,52,114
11/19/2021,SFF,WA,ANM,WE,Federal Contract Tower,0,1,17,0,18,0,0,0,0,0,0,1,17,0,18,0,0,0,18
11/20/2021,SFF,WA,ANM,WE,Federal Contract Tower,0,2,16,0,18,0,1,4,0,5,0,3,20,0,23,38,0,38,61
11/21/2021,SFF,WA,ANM,WE,Federal Contract Tower,0,2,18,0,20,0,3,57,0,60,0,5,75,0,80,120,0,120,200
11/22/2021,SFF,WA,ANM,WE,Federal Contract Tower,0,2,14,0,16,0,26,0,0,26,0,28,14,0,42,20,0,20,62
11/23/2021,SFF,WA,ANM,WE,Federal Contract Tower,0,3,12,0,15,0,0,0,0,0,0,3,12,0,15,0,0,0,15
11/24/2021,SFF,WA,ANM,WE,Federal Contract Tower,0,1,25,0,26,0,4,20,0,24,0,5,45,0,50,98,0,98,148
11/25/2021,SFF,WA,ANM,WE,Federal Contract Tower,0,0,4,0,4,0,6,21,0,27,0,6,25,0,31,0,0,0,31
11/26/2021,SFF,WA,ANM,WE,Federal Contract Tower,0,0,11,0,11,0,12,61,0,73,0,12,72,0,84,116,0,116,200
11/27/2021,SFF,WA,ANM,WE,Federal Contract Tower,0,0,11,0,11,0,0,1,0,1,0,0,12,0,12,0,0,0,12
11/28/2021,SFF,WA,ANM,WE,Federal Contract Tower,0,1,11,0,12,0,11,44,0,55,0,12,55,0,67,104,0,104,171
11/29/2021,SFF,WA,ANM,WE,Federal Contract Tower,0,1,25,0,26,0,2,65,0,67,0,3,90,0,93,114,0,114,207
11/30/2021,SFF,WA,ANM,WE,Federal Contract Tower,0,3,19,0,22,0,10,53,0,63,0,13,72,0,85,75,0,75,160
12/01/2021,SFF,WA,ANM,WE,Federal Contract Tower,0,2,19,0,21,0,15,59,0,74,0,17,78,0,95,42,0,42,137
12/02/2021,SFF,WA,ANM,WE,Federal Contract Tower,0,2,27,0,29,0,18,89,0,107,0,20,116,0,136,93,0,93,229
12/03/2021,SFF,WA,ANM,WE,Federal Contract Tower,0,0,21,0,21,0,3,107,0,110,0,3,128,0,131,94,0,94,225
12/04/2021,SFF,WA,ANM,WE,Federal Contract Tower,0,2,14,0,16,0,0,12,0,12,0,2,26,0,28,20,0,20,48
12/05/2021,SFF,WA,ANM,WE,Federal Contract Tower,0,1,12,0,13,0,16,126,0,142,0,17,138,0,155,136,0,136,291
12/06/2021,SFF,WA,ANM,WE,Federal Contract Tower,0,0,20,0,20,0,0,1,0,1,0,0,21,0,21,24,0,24,45
12/07/2021,SFF,WA,ANM,WE,Federal Contract Tower,0,2,19,0,21,0,0,0,0,0,0,2,19,0,21,0,0,0,21
12/08/2021,SFF,WA,ANM,WE,Federal Contract Tower,0,2,20,0,22,0,2,64,0,66,0,4,84,0,88,68,0,68,156
12/09/2021,SFF,WA,ANM,WE,Federal Contract Tower,0,4,23,0,27,0,4,37,0,41,0,8,60,0,68,107,0,107,175
12/10/2021,SFF,WA,ANM,WE,Federal Contract Tower,0,4,22,0,26,0,0,35,0,35,0,4,57,0,61,46,0,46,107
12/11/2021,SFF,WA,ANM,WE,Federal Contract Tower,0,0,6,0,6,0,1,3,0,4,0,1,9,0,10,0,0,0,10
12/12/2021,SFF,WA,ANM,WE,Federal Contract Tower,0,0,14,0,14,0,4,58,0,62,0,4,72,0,76,54,0,54,130
12/13/2021,SFF,WA,ANM,WE,Federal Contract Tower,0,3,28,0,31,0,4,57,0,61,0,7,85,0,92,16,0,16,108
12/14/2021,SFF,WA,ANM,WE,Federal Contract Tower,0,2,18,0,20,0,3,32,0,35,0,5,50,0,55,114,0,114,169
12/15/2021,SFF,WA,ANM,WE,Federal Contract Tower,0,4,15,0,19,0,7,101,0,108,0,11,116,0,127,93,0,93,220
12/16/2021,SFF,WA,ANM,WE,Federal Contract Tower,0,6,14,0,20,0,0,0,0,0,0,6,14,0,20,0,0,0,20
12/17/2021,SFF,WA,ANM,WE,Federal Contract Tower,0,0,33,0,33,0,10,90,0,100,0,10,123,0,133,82,0,82,215
12/18/2021,SFF,WA,ANM,WE,Federal Contract Tower,0,2,13,0,15,0,0,1,0,1,0,2,14,0,16,12,0,12,28
12/19/2021,SFF,WA,ANM,WE,Federal Contract Tower,0,3,16,0,19,0,3,10,0,13,0,6,26,0,32,92,0,92,124
12/20/2021,SFF,WA,ANM,WE,Federal Contract Tower,0,3,11,0,14,0,0,4,0,4,0,3,15,0,18,18,0,18,36
12/21/2021,SFF,WA,ANM,WE,Federal Contract Tower,0,1,17,0,18,0,0,0,0,0,0,1,17,0,18,0,0,0,18
12/22/2021,SFF,WA,ANM,WE,Federal Contract Tower,0,5,16,0,21,0,8,50,0,58,0,13,66,0,79,72,0,72,151
12/23/2021,SFF,WA,ANM,WE,Federal Contract Tower,0,2,2,0,4,0,6,0,0,6,0,8,2,0,10,4,0,4,14
12/24/2021,SFF,WA,ANM,WE,Federal Contract Tower,0,0,7,0,7,0,0,7,0,7,0,0,14,0,14,11,0,11,25
12/25/2021,SFF,WA,ANM,WE,Federal Contract Tower,0,1,5,0,6,0,3,6,0,9,0,4,11,0,15,0,0,0,15
12/26/2021,SFF,WA,ANM,WE,Federal Contract Tower,0,2,9,0,11,0,0,5,0,5,0,2,14,0,16,0,0,0,16
12/27/2021,SFF,WA,ANM,WE,Federal Contract Tower,0,4,11,0,15,0,4,16,0,20,0,8,27,0,35,8,0,8,43
12/28/2021,SFF,WA,ANM,WE,Federal Contract Tower,0,1,19,0,20,0,0,53,0,53,0,1,72,0,73,56,0,56,129
12/29/2021,SFF,WA,ANM,WE,Federal Contract Tower,0,3,12,0,15,0,12,75,0,87,0,15,87,0,102,104,0,104,206
12/30/2021,SFF,WA,ANM,WE,Federal Contract Tower,0,3,4,0,7,0,0,0,0,0,0,3,4,0,7,8,0,8,15
12/31/2021,SFF,WA,ANM,WE,Federal Contract Tower,0,3,7,0,10,0,5,52,0,57,0,8,59,0,67,62,0,62,129
01/01/2022,SFF,WA,ANM,WE,Federal Contract Tower,0,1,5,0,6,0,8,25,0,33,0,9,30,0,39,10,0,10,49
01/02/2022,SFF,WA,ANM,WE,Federal Contract Tower,0,0,6,0,6,0,6,19,0,25,0,6,25,0,31,38,0,38,69
01/03/2022,SFF,WA,ANM,WE,Federal Contract Tower,0,1,7,0,8,0,0,1,0,1,0,1,8,0,9,0,0,0,9
01/04/2022,SFF,WA,ANM,WE,Federal Contract Tower,0,2,13,0,15,0,0,3,0,3,0,2,16,0,18,0,0,0,18
01/05/2022,SFF,WA,ANM,WE,Federal Contract Tower,0,1,17,0,18,0,7,24,0,31,0,8,41,0,49,80,0,80,129
01/06/2022,SFF,WA,ANM,WE,Federal Contract Tower,0,3,2,0,5,0,0,0,0,0,0,3,2,0,5,0,0,0,5
01/07/2022,SFF,WA,ANM,WE,Federal Contract Tower,0,2,15,0,17,0,2,7,0,9,0,4,22,0,26,2,0,2,28
01/08/2022,SFF,WA,ANM,WE,Federal Contract Tower,0,0,19,0,19,0,3,105,0,108,0,3,124,0,127,68,0,68,195
01/09/2022,SFF,WA,ANM,WE,Federal Contract Tower,0,0,14,0,14,0,10,81,0,91,0,10,95,0,105,104,0,104,209
01/10/2022,SFF,WA,ANM,WE,Federal Contract Tower,0,3,14,0,17,0,1,24,0,25,0,4,38,0,42,22,0,22,64
01/11/2022,SFF,WA,ANM,WE,Federal Contract Tower,0,4,12,0,16,0,7,36,0,43,0,11,48,0,59,106,0,106,165
01/12/2022,SFF,WA,ANM,WE,Federal Contract Tower,0,1,12,0,13,0,11,43,0,54,0,12,55,0,67,63,0,63,130
01/13/2022,SFF,WA,ANM,WE,Federal Contract Tower,0,5,18,0,23,0,0,19,0,19,0,5,37,0,42,34,0,34,76
01/14/2022,SFF,WA,ANM,WE,Federal Contract Tower,0,4,18,0,22,0,0,0,0,0,0,4,18,0,22,0,0,0,22
01/15/2022,SFF,WA,ANM,WE,Federal Contract Tower,0,3,5,0,8,0,2,23,0,25,0,5,28,0,33,45,0,45,78
01/16/2022,SFF,WA,ANM,WE,Federal Contract Tower,0,0,3,0,3,0,0,0,0,0,0,0,3,0,3,14,0,14,17
01/17/2022,SFF,WA,ANM,WE,Federal Contract Tower,0,3,28,0,31,0,3,30,0,33,0,6,58,0,64,38,0,38,102
01/18/2022,SFF,WA,ANM,WE,Federal Contract Tower,0,5,19,0,24,0,0,3,0,3,0,5,22,0,27,34,0,34,61
01/19/2022,SFF,WA,ANM,WE,Federal Contract Tower,0,2,20,0,22,0,0,0,0,0,0,2,20,0,22,0,0,0,22
01/20/2022,SFF,WA,ANM,WE,Federal Contract Tower,0,2,18,0,20,0,0,0,0,0,0,2,18,0,20,0,0,0,20
01/21/2022,SFF,WA,ANM,WE,Federal Contract Tower,0,1,25,0,26,0,3,75,0,78,0,4,100,0,104,103,0,103,207
01/22/2022,SFF,WA,ANM,WE,Federal Contract Tower,0,0,11,0,11,0,0,6,0,6,0,0,17,0,17,36,0,36,53
01/23/2022,SFF,WA,ANM,WE,Federal Contract Tower,0,0,7,0,7,0,0,0,0,0,0,0,7,0,7,0,0,0,7
01/24/2022,SFF,WA,ANM,WE,Federal Contract Tower,0,3,23,0,26,0,0,0,0,0,0,3,23,0,26,0,0,0,26
01/25/2022,SFF,WA,ANM,WE,Federal Contract Tower,0,3,21,0,24,0,0,12,0,12,0,3,33,0,36,38,0,38,74
01/26/2022,SFF,WA,ANM,WE,Federal Contract Tower,0,2,12,0,14,0,2,9,0,11,0,4,21,0,25,74,0,74,99
01/27/2022,SFF,WA,ANM,WE,Federal Contract Tower,0,5,35,0,40,0,3,118,0,121,0,8,153,0,161,92,0,92,253
01/28/2022,SFF,WA,ANM,WE,Federal Contract Tower,0,3,21,0,24,0,2,60,0,62,0,5,81,0,86,63,0,63,149
01/29/2022,SFF,WA,ANM,WE,Federal Contract Tower,0,3,17,0,20,0,2,56,0,58,0,5,73,0,78,134,0,134,212
01/30/2022,SFF,WA,ANM,WE,Federal Contract Tower,0,2,9,0,11,0,0,37,0,37,0,2,46,0,48,128,0,128,176
01/31/2022,SFF,WA,ANM,WE,Federal Contract Tower,0,3,15,0,18,0,16,45,0,61,0,19,60,0,79,42,0,42,121
02/01/2022,SFF,WA,ANM,WE,Federal Contract Tower,0,2,15,0,17,0,4,64,0,68,0,6,79,0,85,122,0,122,207
02/02/2022,SFF,WA,ANM,WE,Federal Contract Tower,0,0,24,0,24,0,7,71,0,78,0,7,95,0,102,74,0,74,176
02/03/2022,SFF,WA,ANM,WE,Federal Contract Tower,0,5,10,0,15,0,0,15,0,15,0,5,25,0,30,60,0,60,90
02/04/2022,SFF,WA,ANM,WE,Federal Contract Tower,0,7,16,0,23,0,3,18,0,21,0,10,34,0,44,58,0,58,102
02/05/2022,SFF,WA,ANM,WE,Federal Contract Tower,0,2,11,0,13,0,0,68,0,68,0,2,79,0,81,51,0,51,132
02/06/2022,SFF,WA,ANM,WE,Federal Contract Tower,0,0,11,0,11,0,6,67,0,73,0,6,78,0,84,21,0,21,105
02/07/2022,SFF,WA,ANM,WE,Federal Contract Tower,0,3,14,0,17,0,8,68,0,76,0,11,82,0,93,70,0,70,163
02/08/2022,SFF,WA,ANM,WE,Federal Contract Tower,0,4,22,0,26,0,3,88,0,91,0,7,110,0,117,88,0,88,205
02/09/2022,SFF,WA,ANM,WE,Federal Contract Tower,0,0,23,0,23,0,9,81,0,90,0,9,104,0,113,112,0,112,225
02/10/2022,SFF,WA,ANM,WE,Federal Contract Tower,0,2,24,0,26,0,12,89,0,101,0,14,113,0,127,132,0,132,259
02/11/2022,SFF,WA,ANM,WE,Federal Contract Tower,0,1,13,0,14,0,5,106,0,111,0,6,119,0,125,105,0,105,230
02/12/2022,SFF,WA,ANM,WE,Federal Contract Tower,0,0,10,0,10,0,6,133,0,139,0,6,143,0,149,134,0,134,283
02/13/2022,SFF,WA,ANM,WE,Federal Contract Tower,0,0,9,0,9,0,9,91,0,100,0,9,100,0,109,101,0,101,210
02/14/2022,SFF,WA,ANM,WE,Federal Contract Tower,0,2,19,0,21,0,5,31,0,36,0,7,50,0,57,127,0,127,184
02/15/2022,SFF,WA,ANM,WE,Federal Contract Tower,0,2,32,0,34,0,4,43,0,47,0,6,75,0,81,72,0,72,153
02/16/2022,SFF,WA,ANM,WE,Federal Contract Tower,0,3,13,0,16,0,8,93,0,101,0,11,106,0,117,88,0,88,205
02/17/2022,SFF,WA,ANM,WE,Federal Contract Tower,0,2,21,0,23,0,7,100,0,107,0,9,121,0,130,122,0,122,252
02/18/2022,SFF,WA,ANM,WE,Federal Contract Tower,0,1,20,0,21,0,5,82,0,87,0,6,102,0,108,186,0,186,294
02/19/2022,SFF,WA,ANM,WE,Federal Contract Tower,0,1,8,0,9,0,3,57,0,60,0,4,65,0,69,80,0,80,149
02/20/2022,SFF,WA,ANM,WE,Federal Contract Tower,0,3,8,0,11,0,0,36,0,36,0,3,44,0,47,22,0,22,69
02/21/2022,SFF,WA,ANM,WE,Federal Contract Tower,0,3,14,0,17,0,1,3,0,4,0,4,17,0,21,0,0,0,21
02/22/2022,SFF,WA,ANM,WE,Federal Contract Tower,0,3,16,0,19,0,4,34,0,38,0,7,50,0,57,90,0,90,147
02/23/2022,SFF,WA,ANM,WE,Federal Contract Tower,0,1,11,1,13,0,12,111,1,124,0,13,122,2,137,50,0,50,187
02/24/2022,SFF,WA,ANM,WE,Federal Contract Tower,0,7,17,0,24,0,10,120,0,130,0,17,137,0,154,138,0,138,292
02/25/2022,SFF,WA,ANM,WE,Federal Contract Tower,0,1,20,0,21,0,10,106,0,116,0,11,126,0,137,110,0,110,247
02/26/2022,SFF,WA,ANM,WE,Federal Contract Tower,0,0,11,0,11,0,10,110,0,120,0,10,121,0,131,86,0,86,217
02/27/2022,SFF,WA,ANM,WE,Federal Contract Tower,0,1,4,0,5,0,1,5,0,6,0,2,9,0,11,5,0,5,16
02/28/2022,SFF,WA,ANM,WE,Federal Contract Tower,0,6,11,0,17,0,0,4,0,4,0,6,15,0,21,10,0,10,31
03/01/2022,SFF,WA,ANM,WE,Federal Contract Tower,0,3,24,0,27,0,2,50,0,52,0,5,74,0,79,52,0,52,131
03/02/2022,SFF,WA,ANM,WE,Federal Contract Tower,0,3,15,0,18,0,0,6,0,6,0,3,21,0,24,31,0,31,55
03/03/2022,SFF,WA,ANM,WE,Federal Contract Tower,0,5,16,0,21,0,2,4,0,6,0,7,20,0,27,2,0,2,29
03/04/2022,SFF,WA,ANM,WE,Federal Contract Tower,0,3,33,0,36,0,0,49,0,49,0,3,82,0,85,144,0,144,229
03/05/2022,SFF,WA,ANM,WE,Federal Contract Tower,0,1,14,0,15,0,6,106,0,112,0,7,120,0,127,59,0,59,186
03/06/2022,SFF,WA,ANM,WE,Federal Contract Tower,0,1,9,0,10,0,2,96,0,98,0,3,105,0,108,62,0,62,170
03/07/2022,SFF,WA,ANM,WE,Federal Contract Tower,0,9,13,0,22,0,10,100,0,110,0,19,113,0,132,93,0,93,225
03/08/2022,SFF,WA,ANM,WE,Federal Contract Tower,0,5,12,0,17,0,5,84,0,89,0,10,96,0,106,94,0,94,200
03/09/2022,SFF,WA,ANM,WE,Federal Contract Tower,0,2,19,0,21,0,8,96,0,104,0,10,115,0,125,74,0,74,199
03/10/2022,SFF,WA,ANM,WE,Federal Contract Tower,0,2,16,0,18,0,12,96,0,108,0,14,112,0,126,190,0,190,316
03/11/2022,SFF,WA,ANM,WE,Federal Contract Tower,0,5,13,0,18,0,14,82,0,96,0,19,95,0,114,218,0,218,332
03/12/2022,SFF,WA,ANM,WE,Federal Contract Tower,0,0,11,0,11,0,11,123,0,134,0,11,134,0,145,138,0,138,283
03/13/2022,SFF,WA,ANM,WE,Federal Contract Tower,0,2,12,0,14,0,2,8,0,10,0,4,20,0,24,32,0,32,56
03/14/2022,SFF,WA,ANM,WE,Federal Contract Tower,0,5,18,0,23,0,11,38,0,49,0,16,56,0,72,57,0,57,129
03/15/2022,SFF,WA,ANM,WE,Federal Contract Tower,0,4,17,2,23,0,7,7,0,14,0,11,24,2,37,4,0,4,41
03/16/2022,SFF,WA,ANM,WE,Federal Contract Tower,0,3,44,0,47,0,5,83,0,88,0,8,127,0,135,74,0,74,209
03/17/2022,SFF,WA,ANM,WE,Federal Contract Tower,0,4,28,0,32,0,8,112,0,120,0,12,140,0,152,216,0,216,368
03/18/2022,SFF,WA,ANM,WE,Federal Contract Tower,0,1,16,0,17,0,10,62,0,72,0,11,78,0,89,166,0,166,255
03/19/2022,SFF,WA,ANM,WE,Federal Contract Tower,0,1,6,0,7,0,13,59,0,72,0,14,65,0,79,120,0,120,199
03/20/2022,SFF,WA,ANM,WE,Federal Contract Tower,0,2,15,0,17,0,6,94,0,100,0,8,109,0,117,114,0,114,231
03/21/2022,SFF,WA,ANM,WE,Federal Contract Tower,0,4,10,0,14,0,2,1,0,3,0,6,11,0,17,8,0,8,25
03/22/2022,SFF,WA,ANM,WE,Federal Contract Tower,0,2,22,0,24,0,6,20,0,26,0,8,42,0,50,136,0,136,186
03/23/2022,SFF,WA,ANM,WE,Federal Contract Tower,0,3,30,0,33,0,6,92,0,98,0,9,122,0,131,116,0,116,247
03/24/2022,SFF,WA,ANM,WE,Federal Contract Tower,0,2,18,0,20,0,5,99,0,104,0,7,117,0,124,115,0,115,239
03/25/2022,SFF,WA,ANM,WE,Federal Contract Tower,0,1,37,0,38,0,13,146,0,159,0,14,183,0,197,146,0,146,343
03/26/2022,SFF,WA,ANM,WE,Federal Contract Tower,0,0,12,0,12,0,11,102,0,113,0,11,114,0,125,140,0,140,265
03/27/2022,SFF,WA,ANM,WE,Federal Contract Tower,0,2,13,0,15,0,14,81,0,95,0,16,94,0,110,92,0,92,202
03/28/2022,SFF,WA,ANM,WE,Federal Contract Tower,0,0,29,0,29,0,9,98,0,107,0,9,127,0,136,130,0,130,266
03/29/2022,SFF,WA,ANM,WE,Federal Contract Tower,0,2,20,0,22,0,10,104,0,114,0,12,124,0,136,142,0,142,278
03/30/2022,SFF,WA,ANM,WE,Federal Contract Tower,0,1,29,0,30,0,4,41,0,45,0,5,70,0,75,42,0,42,117
03/31/2022,SFF,WA,ANM,WE,Federal Contract Tower,0,3,28,0,31,0,10,112,0,122,0,13,140,0,153,63,0,63,216
04/01/2022,SFF,WA,ANM,WE,Federal Contract Tower,0,1,29,0,30,0,9,102,0,111,0,10,131,0,141,72,0,72,213
04/02/2022,SFF,WA,ANM,WE,Federal Contract Tower,0,0,10,0,10,0,9,41,0,50,0,9,51,0,60,50,0,50,110
04/03/2022,SFF,WA,ANM,WE,Federal Contract Tower,0,1,14,0,15,0,0,64,0,64,0,1,78,0,79,16,0,16,95
04/04/2022,SFF,WA,ANM,WE,Federal Contract Tower,0,1,9,0,10,0,2,1,0,3,0,3,10,0,13,0,0,0,13
04/05/2022,SFF,WA,ANM,WE,Federal Contract Tower,0,0,11,0,11,0,12,34,0,46,0,12,45,0,57,61,0,61,118
04/06/2022,SFF,WA,ANM,WE,Federal Contract Tower,0,2,25,0,27,0,10,88,0,98,0,12,113,0,125,116,0,116,241
04/07/2022,SFF,WA,ANM,WE,Federal Contract Tower,0,2,23,0,25,0,14,116,0,130,0,16,139,0,155,120,0,120,275
04/08/2022,SFF,WA,ANM,WE,Federal Contract Tower,0,1,14,0,15,0,4,111,0,115,0,5,125,0,130,80,0,80,210
04/09/2022,SFF,WA,ANM,WE,Federal Contract Tower,0,0,10,0,10,0,4,38,0,42,0,4,48,0,52,44,0,44,96
04/10/2022,SFF,WA,ANM,WE,Federal Contract Tower,0,0,8,0,8,0,8,38,0,46,0,8,46,0,54,156,0,156,210
04/11/2022,SFF,WA,ANM,WE,Federal Contract Tower,0,2,24,0,26,0,0,11,0,11,0,2,35,0,37,30,0,30,67
04/12/2022,SFF,WA,ANM,WE,Federal Contract Tower,0,2,28,0,30,0,6,41,0,47,0,8,69,0,77,78,0,78,155
04/13/2022,SFF,WA,ANM,WE,Federal Contract Tower,0,2,13,1,16,0,4,85,0,89,0,6,98,1,105,106,0,106,211
04/14/2022,SFF,WA,ANM,WE,Federal Contract Tower,0,4,26,0,30,0,3,42,0,45,0,7,68,0,75,92,0,92,167
04/15/2022,SFF,WA,ANM,WE,Federal Contract Tower,0,5,25,2,32,0,7,66,0,73,0,12,91,2,105,142,0,142,247
04/16/2022,SFF,WA,ANM,WE,Federal Contract Tower,0,3,4,0,7,0,8,71,0,79,0,11,75,0,86,60,0,60,146
04/17/2022,SFF,WA,ANM,WE,Federal Contract Tower,0,0,7,0,7,0,8,49,0,57,0,8,56,0,64,36,0,36,100
04/18/2022,SFF,WA,ANM,WE,Federal Contract Tower,0,5,21,0,26,0,10,64,0,74,0,15,85,0,100,96,0,96,196
04/19/2022,SFF,WA,ANM,WE,Federal Contract Tower,0,3,14,0,17,0,10,48,0,58,0,13,62,0,75,77,0,77,152
04/20/2022,SFF,WA,ANM,WE,Federal Contract Tower,0,8,28,0,36,0,9,81,0,90,0,17,109,0,126,72,0,72,198
04/21/2022,SFF,WA,ANM,WE,Federal Contract Tower,0,8,32,0,40,0,8,44,0,52,0,16,76,0,92,165,0,165,257
04/22/2022,SFF,WA,ANM,WE,Federal Contract Tower,0,1,20,0,21,0,10,132,0,142,0,11,152,0,163,182,0,182,345
04/23/2022,SFF,WA,ANM,WE,Federal Contract Tower,0,1,14,0,15,0,5,137,0,142,0,6,151,0,157,108,0,108,265
04/24/2022,SFF,WA,ANM,WE,Federal Contract Tower,0,1,13,0,14,0,5,154,0,159,0,6,167,0,173,66,0,66,239
04/25/2022,SFF,WA,ANM,WE,Federal Contract Tower,0,4,21,0,25,0,10,108,0,118,0,14,129,0,143,160,0,160,303
04/26/2022,SFF,WA,ANM,WE,Federal Contract Tower,0,5,9,0,14,0,2,25,0,27,0,7,34,0,41,105,0,105,146
04/27/2022,SFF,WA,ANM,WE,Federal Contract Tower,0,4,21,0,25,0,7,92,0,99,0,11,113,0,124,146,0,146,270
04/28/2022,SFF,WA,ANM,WE,Federal Contract Tower,0,4,30,0,34,0,6,105,0,111,0,10,135,0,145,213,0,213,358
04/29/2022,SFF,WA,ANM,WE,Federal Contract Tower,0,3,34,0,37,0,10,81,0,91,0,13,115,0,128,206,0,206,334
04/30/2022,SFF,WA,ANM,WE,Federal Contract Tower,0,3,15,0,18,0,2,19,0,21,0,5,34,0,39,90,0,90,129
05/01/2022,SFF,WA,ANM,WE,Federal Contract Tower,0,4,20,0,24,0,10,122,0,132,0,14,142,0,156,174,0,174,330
05/02/2022,SFF,WA,ANM,WE,Federal Contract Tower,0,2,24,0,26,0,2,45,0,47,0,4,69,0,73,155,0,155,228
05/03/2022,SFF,WA,ANM,WE,Federal Contract Tower,0,6,43,0,49,0,7,65,0,72,0,13,108,0,121,126,0,126,247
05/04/2022,SFF,WA,ANM,WE,Federal Contract Tower,0,1,30,0,31,0,16,135,0,151,0,17,165,0,182,126,0,126,308
05/05/2022,SFF,WA,ANM,WE,Federal Contract Tower,0,6,14,0,20,0,0,20,0,20,0,6,34,0,40,64,0,64,104
05/06/2022,SFF,WA,ANM,WE,Federal Contract Tower,0,2,21,0,23,0,4,48,0,52,0,6,69,0,75,132,0,132,207
05/07/2022,SFF,WA,ANM,WE,Federal Contract Tower,0,2,13,0,15,0,7,11,0,18,0,9,24,0,33,12,0,12,45
05/08/2022,SFF,WA,ANM,WE,Federal Contract Tower,0,3,5,0,8,0,8,22,0,30,0,11,27,0,38,52,0,52,90
05/09/2022,SFF,WA,ANM,WE,Federal Contract Tower,0,3,21,0,24,0,5,77,0,82,0,8,98,0,106,188,0,188,294
05/10/2022,SFF,WA,ANM,WE,Federal Contract Tower,0,3,31,2,36,0,11,112,0,123,0,14,143,2,159,166,0,166,325
05/11/2022,SFF,WA,ANM,WE,Federal Contract Tower,0,5,29,0,34,0,7,144,0,151,0,12,173,0,185,214,0,214,399
05/12/2022,SFF,WA,ANM,WE,Federal Contract Tower,0,5,29,0,34,0,9,92,0,101,0,14,121,0,135,168,0,168,303
05/13/2022,SFF,WA,ANM,WE,Federal Contract Tower,0,2,12,0,14,0,9,73,2,84,0,11,85,2,98,122,0,122,220
05/14/2022,SFF,WA,ANM,WE,Federal Contract Tower,0,5,9,0,14,0,5,30,0,35,0,10,39,0,49,22,0,22,71
05/15/2022,SFF,WA,ANM,WE,Federal Contract Tower,0,7,24,0,31,0,8,120,0,128,0,15,144,0,159,20,0,20,179
05/16/2022,SFF,WA,ANM,WE,Federal Contract Tower,0,3,26,0,29,0,10,78,0,88,0,13,104,0,117,94,0,94,211
05/17/2022,SFF,WA,ANM,WE,Federal Contract Tower,0,2,25,2,29,0,22,94,0,116,0,24,119,2,145,238,0,238,383
05/18/2022,SFF,WA,ANM,WE,Federal Contract Tower,0,6,13,0,19,0,5,23,0,28,0,11,36,0,47,56,0,56,103
05/19/2022,SFF,WA,ANM,WE,Federal Contract Tower,0,4,20,0,24,0,12,78,0,90,0,16,98,0,114,177,0,177,291
05/20/2022,SFF,WA,ANM,WE,Federal Contract Tower,0,1,25,0,26,0,5,93,0,98,0,6,118,0,124,138,0,138,262
05/21/2022,SFF,WA,ANM,WE,Federal Contract Tower,0,3,2,0,5,0,9,68,0,77,0,12,70,0,82,77,0,77,159
05/22/2022,SFF,WA,ANM,WE,Federal Contract Tower,0,0,10,0,10,0,2,94,0,96,0,2,104,0,106,89,6,95,201
05/23/2022,SFF,WA,ANM,WE,Federal Contract Tower,0,2,22,0,24,0,3,102,0,105,0,5,124,0,129,215,0,215,344
05/24/2022,SFF,WA,ANM,WE,Federal Contract Tower,0,1,16,0,17,0,15,101,0,116,0,16,117,0,133,176,0,176,309
05/25/2022,SFF,WA,ANM,WE,Federal Contract Tower,0,4,17,0,21,0,5,93,0,98,0,9,110,0,119,249,0,249,368
05/26/2022,SFF,WA,ANM,WE,Federal Contract Tower,0,9,22,0,31,0,17,138,0,155,0,26,160,0,186,217,0,217,403
05/27/2022,SFF,WA,ANM,WE,Federal Contract Tower,0,5,5,0,10,0,21,38,0,59,0,26,43,0,69,94,0,94,163
05/28/2022,SFF,WA,ANM,WE,Federal Contract Tower,0,2,10,0,12,0,3,72,0,75,0,5,82,0,87,30,0,30,117
05/29/2022,SFF,WA,ANM,WE,Federal Contract Tower,0,4,7,0,11,0,3,25,0,28,0,7,32,0,39,10,0,10,49
05/30/2022,SFF,WA,ANM,WE,Federal Contract Tower,0,2,11,0,13,0,4,24,0,28,0,6,35,0,41,58,0,58,99
05/31/2022,SFF,WA,ANM,WE,Federal Contract Tower,0,1,19,0,20,0,10,118,0,128,0,11,137,0,148,258,0,258,406
06/01/2022,SFF,WA,ANM,WE,Federal Contract Tower,0,3,19,0,22,0,14,133,0,147,0,17,152,0,169,186,0,186,355
06/02/2022,SFF,WA,ANM,WE,Federal Contract Tower,0,3,13,0,16,0,7,121,0,128,0,10,134,0,144,200,0,200,344
06/03/2022,SFF,WA,ANM,WE,Federal Contract Tower,0,4,5,0,9,0,5,44,0,49,0,9,49,0,58,249,0,249,307
06/04/2022,SFF,WA,ANM,WE,Federal Contract Tower,0,6,17,0,23,0,0,0,0,0,0,6,17,0,23,34,0,34,57
06/05/2022,SFF,WA,ANM,WE,Federal Contract Tower,0,1,1,0,2,0,0,6,0,6,0,1,7,0,8,48,0,48,56
06/06/2022,SFF,WA,ANM,WE,Federal Contract Tower,0,3,13,0,16,0,10,74,0,84,0,13,87,0,100,334,0,334,434
06/07/2022,SFF,WA,ANM,WE,Federal Contract Tower,0,3,24,0,27,0,10,172,0,182,0,13,196,0,209,372,0,372,581
06/08/2022,SFF,WA,ANM,WE,Federal Contract Tower,0,5,22,0,27,0,9,85,0,94,0,14,107,0,121,290,0,290,411
06/09/2022,SFF,WA,ANM,WE,Federal Contract Tower,0,5,25,0,30,0,10,139,0,149,0,15,164,0,179,382,0,382,561
06/10/2022,SFF,WA,ANM,WE,Federal Contract Tower,0,4,30,0,34,0,5,38,0,43,0,9,68,0,77,177,0,177,254
06/11/2022,SFF,WA,ANM,WE,Federal Contract Tower,0,4,13,0,17,0,2,64,0,66,0,6,77,0,83,91,0,91,174
06/12/2022,SFF,WA,ANM,WE,Federal Contract Tower,0,1,14,2,17,0,15,71,0,86,0,16,85,2,103,156,0,156,259
06/13/2022,SFF,WA,ANM,WE,Federal Contract Tower,0,7,11,0,18,0,0,0,0,0,0,7,11,0,18,10,0,10,28
06/14/2022,SFF,WA,ANM,WE,Federal Contract Tower,0,0,19,0,19,0,11,32,0,43,0,11,51,0,62,94,0,94,156
06/15/2022,SFF,WA,ANM,WE,Federal Contract Tower,0,1,20,0,21,0,10,122,0,132,0,11,142,0,153,276,0,276,429
06/16/2022,SFF,WA,ANM,WE,Federal Contract Tower,0,1,22,0,23,0,9,117,0,126,0,10,139,0,149,241,0,241,390
06/17/2022,SFF,WA,ANM,WE,Federal Contract Tower,0,1,20,0,21,0,12,83,0,95,0,13,103,0,116,164,0,164,280
06/18/2022,SFF,WA,ANM,WE,Federal Contract Tower,0,3,28,0,31,0,7,63,0,70,0,10,91,0,101,55,0,55,156
06/19/2022,SFF,WA,ANM,WE,Federal Contract Tower,0,5,10,0,15,0,0,73,0,73,0,5,83,0,88,42,0,42,130
06/20/2022,SFF,WA,ANM,WE,Federal Contract Tower,0,5,33,0,38,0,5,72,0,77,0,10,105,0,115,135,0,135,250
06/21/2022,SFF,WA,ANM,WE,Federal Contract Tower,0,3,20,0,23,0,18,120,0,138,0,21,140,0,161,194,0,194,355
06/22/2022,SFF,WA,ANM,WE,Federal Contract Tower,0,3,11,0,14,0,9,86,0,95,0,12,97,0,109,150,0,150,259
06/23/2022,SFF,WA,ANM,WE,Federal Contract Tower,0,4,11,0,15,0,9,121,0,130,0,13,132,0,145,138,0,138,283
06/24/2022,SFF,WA,ANM,WE,Federal Contract Tower,0,3,19,0,22,0,11,125,0,136,0,14,144,0,158,128,0,128,286
06/25/2022,SFF,WA,ANM,WE,Federal Contract Tower,0,2,8,0,10,0,18,200,0,218,0,20,208,0,228,44,0,44,272
06/26/2022,SFF,WA,ANM,WE,Federal Contract Tower,0,2,12,0,14,0,18,96,0,114,0,20,108,0,128,66,0,66,194
06/27/2022,SFF,WA,ANM,WE,Federal Contract Tower,0,3,10,0,13,0,24,100,0,124,0,27,110,0,137,136,0,136,273
06/28/2022,SFF,WA,ANM,WE,Federal Contract Tower,0,3,16,0,19,0,19,76,0,95,0,22,92,0,114,138,0,138,252
06/29/2022,SFF,WA,ANM,WE,Federal Contract Tower,0,4,27,0,31,0,13,86,0,99,0,17,113,0,130,188,0,188,318
06/30/2022,SFF,WA,ANM,WE,Federal Contract Tower,0,4,22,0,26,0,18,125,0,143,0,22,147,0,169,229,0,229,398
07/01/2022,SFF,WA,ANM,WE,Federal Contract Tower,0,3,11,0,14,0,11,129,0,140,0,14,140,0,154,173,0,173,327
07/02/2022,SFF,WA,ANM,WE,Federal Contract Tower,0,0,8,0,8,0,18,106,0,124,0,18,114,0,132,24,0,24,156
07/03/2022,SFF,WA,ANM,WE,Federal Contract Tower,0,1,1,0,2,0,2,35,0,37,0,3,36,0,39,40,0,40,79
07/04/2022,SFF,WA,ANM,WE,Federal Contract Tower,0,2,5,0,7,0,6,21,0,27,0,8,26,0,34,14,0,14,48
07/05/2022,SFF,WA,ANM,WE,Federal Contract Tower,0,3,10,0,13,0,18,85,0,103,0,21,95,0,116,121,0,121,237
07/06/2022,SFF,WA,ANM,WE,Federal Contract Tower,0,5,11,0,16,0,10,83,0,93,0,15,94,0,109,203,0,203,312
07/07/2022,SFF,WA,ANM,WE,Federal Contract Tower,0,3,13,0,16,0,10,107,0,117,0,13,120,0,133,160,0,160,293
07/08/2022,SFF,WA,ANM,WE,Federal Contract Tower,0,2,11,0,13,0,16,98,0,114,0,18,109,0,127,250,0,250,377
07/09/2022,SFF,WA,ANM,WE,Federal Contract Tower,0,2,10,0,12,0,16,96,0,112,0,18,106,0,124,24,0,24,148
07/10/2022,SFF,WA,ANM,WE,Federal Contract Tower,0,0,3,0,3,0,9,50,0,59,0,9,53,0,62,45,0,45,107
07/11/2022,SFF,WA,ANM,WE,Federal Contract Tower,0,2,15,0,17,0,10,110,0,120,0,12,125,0,137,136,0,136,273
07/12/2022,SFF,WA,ANM,WE,Federal Contract Tower,0,3,18,0,21,0,11,125,0,136,0,14,143,0,157,143,0,143,300
07/13/2022,SFF,WA,ANM,WE,Federal Contract Tower,0,4,15,0,19,0,12,92,0,104,0,16,107,0,123,151,0,151,274
07/14/2022,SFF,WA,ANM,WE,Federal Contract Tower,0,4,20,0,24,0,10,91,0,101,0,14,111,0,125,222,0,222,347
07/15/2022,SFF,WA,ANM,WE,Federal Contract Tower,0,4,5,0,9,0,16,108,0,124,0,20,113,0,133,88,0,88,221
07/16/2022,SFF,WA,ANM,WE,Federal Contract Tower,0,1,13,0,14,0,5,117,0,122,0,6,130,0,136,49,0,49,185
07/17/2022,SFF,WA,ANM,WE,Federal Contract Tower,0,0,7,0,7,0,8,92,0,100,0,8,99,0,107,36,0,36,143
07/18/2022,SFF,WA,ANM,WE,Federal Contract Tower,0,2,11,0,13,0,6,69,0,75,0,8,80,0,88,117,0,117,205
07/19/2022,SFF,WA,ANM,WE,Federal Contract Tower,0,2,9,0,11,0,8,92,0,100,0,10,101,0,111,174,0,174,285
07/20/2022,SFF,WA,ANM,WE,Federal Contract Tower,0,3,11,0,14,0,3,100,0,103,0,6,111,0,117,159,0,159,276
07/21/2022,SFF,WA,ANM,WE,Federal Contract Tower,0,3,8,1,12,0,9,114,0,123,0,12,122,1,135,126,0,126,261
07/22/2022,SFF,WA,ANM,WE,Federal Contract Tower,0,1,16,0,17,0,10,96,0,106,0,11,112,0,123,126,0,126,249
07/23/2022,SFF,WA,ANM,WE,Federal Contract Tower,0,2,8,0,10,0,14,98,0,112,0,16,106,0,122,74,0,74,196
07/24/2022,SFF,WA,ANM,WE,Federal Contract Tower,0,1,4,0,5,0,4,68,0,72,0,5,72,0,77,92,0,92,169
07/25/2022,SFF,WA,ANM,WE,Federal Contract Tower,0,2,19,0,21,0,10,130,0,140,0,12,149,0,161,154,0,154,315
07/26/2022,SFF,WA,ANM,WE,Federal Contract Tower,0,2,11,0,13,0,19,76,0,95,0,21,87,0,108,138,0,138,246
07/27/2022,SFF,WA,ANM,WE,Federal Contract Tower,0,1,7,0,8,0,13,72,0,85,0,14,79,0,93,82,0,82,175
07/28/2022,SFF,WA,ANM,WE,Federal Contract Tower,0,1,24,0,25,0,14,93,0,107,0,15,117,0,132,102,0,102,234
07/29/2022,SFF,WA,ANM,WE,Federal Contract Tower,0,0,9,0,9,0,18,92,0,110,0,18,101,0,119,86,0,86,205
07/30/2022,SFF,WA,ANM,WE,Federal Contract Tower,0,0,10,0,10,0,14,103,0,117,0,14,113,0,127,32,0,32,159
07/31/2022,SFF,WA,ANM,WE,Federal Contract Tower,0,0,4,0,4,0,10,40,0,50,0,10,44,0,54,21,0,21,75
08/01/2022,SFF,WA,ANM,WE,Federal Contract Tower,0,5,22,0,27,0,10,79,0,89,0,15,101,0,116,108,0,108,224
08/02/2022,SFF,WA,ANM,WE,Federal Contract Tower,0,5,12,0,17,0,7,107,0,114,0,12,119,0,131,54,0,54,185
08/03/2022,SFF,WA,ANM,WE,Federal Contract Tower,0,5,6,0,11,0,13,83,0,96,0,18,89,0,107,100,0,100,207
08/04/2022,SFF,WA,ANM,WE,Federal Contract Tower,0,3,9,0,12,0,9,61,0,70,0,12,70,0,82,130,0,130,212
08/05/2022,SFF,WA,ANM,WE,Federal Contract Tower,0,2,14,0,16,0,14,140,0,154,0,16,154,0,170,202,0,202,372
08/06/2022,SFF,WA,ANM,WE,Federal Contract Tower,0,1,7,0,8,0,7,115,0,122,0,8,122,0,130,114,0,114,244
08/07/2022,SFF,WA,ANM,WE,Federal Contract Tower,0,0,4,0,4,0,17,61,0,78,0,17,65,0,82,28,0,28,110
08/08/2022,SFF,WA,ANM,WE,Federal Contract Tower,0,3,14,0,17,0,8,95,0,103,0,11,109,0,120,146,0,146,266
08/09/2022,SFF,WA,ANM,WE,Federal Contract Tower,0,4,22,0,26,0,10,115,0,125,0,14,137,0,151,199,0,199,350
08/10/2022,SFF,WA,ANM,WE,Federal Contract Tower,0,2,14,0,16,0,18,105,0,123,0,20,119,0,139,153,0,153,292
08/11/2022,SFF,WA,ANM,WE,Federal Contract Tower,0,1,26,0,27,0,6,116,0,122,0,7,142,0,149,78,0,78,227
08/12/2022,SFF,WA,ANM,WE,Federal Contract Tower,0,0,13,0,13,0,5,95,0,100,0,5,108,0,113,138,0,138,251
08/13/2022,SFF,WA,ANM,WE,Federal Contract Tower,0,2,8,0,10,0,7,81,0,88,0,9,89,0,98,62,0,62,160
08/14/2022,SFF,WA,ANM,WE,Federal Contract Tower,0,1,15,0,16,0,11,84,0,95,0,12,99,0,111,86,0,86,197
08/15/2022,SFF,WA,ANM,WE,Federal Contract Tower,0,0,14,0,14,0,5,117,0,122,0,5,131,0,136,261,0,261,397
08/16/2022,SFF,WA,ANM,WE,Federal Contract Tower,0,1,15,0,16,0,4,91,0,95,0,5,106,0,111,159,0,159,270
08/17/2022,SFF,WA,ANM,WE,Federal Contract Tower,0,1,18,0,19,0,4,115,0,119,0,5,133,0,138,108,0,108,246
08/18/2022,SFF,WA,ANM,WE,Federal Contract Tower,0,4,16,0,20,0,12,124,0,136,0,16,140,0,156,182,0,182,338
08/19/2022,SFF,WA,ANM,WE,Federal Contract Tower,0,2,14,0,16,0,12,106,0,118,0,14,120,0,134,148,0,148,282
08/20/2022,SFF,WA,ANM,WE,Federal Contract Tower,0,0,9,0,9,0,10,102,0,112,0,10,111,0,121,54,0,54,175
08/21/2022,SFF,WA,ANM,WE,Federal Contract Tower,0,4,10,0,14,0,7,89,0,96,0,11,99,0,110,23,0,23,133
08/22/2022,SFF,WA,ANM,WE,Federal Contract Tower,0,3,25,0,28,0,11,90,0,101,0,14,115,0,129,157,0,157,286
08/23/2022,SFF,WA,ANM,WE,Federal Contract Tower,0,0,11,0,11,0,12,97,0,109,0,12,108,0,120,256,0,256,376
08/24/2022,SFF,WA,ANM,WE,Federal Contract Tower,0,0,5,0,5,0,9,120,0,129,0,9,125,0,134,169,0,169,303
08/25/2022,SFF,WA,ANM,WE,Federal Contract Tower,0,6,16,0,22,0,6,98,0,104,0,12,114,0,126,158,0,158,284
08/26/2022,SFF,WA,ANM,WE,Federal Contract Tower,0,3,17,0,20,0,16,143,0,159,0,19,160,0,179,217,0,217,396
08/27/2022,SFF,WA,ANM,WE,Federal Contract Tower,0,1,11,0,12,0,12,85,0,97,0,13,96,0,109,36,0,36,145
08/28/2022,SFF,WA,ANM,WE,Federal Contract Tower,0,1,14,0,15,0,5,114,0,119,0,6,128,0,134,38,0,38,172
08/29/2022,SFF,WA,ANM,WE,Federal Contract Tower,0,4,19,0,23,0,4,117,0,121,0,8,136,0,144,83,0,83,227
08/30/2022,SFF,WA,ANM,WE,Federal Contract Tower,0,0,10,0,10,0,6,106,0,112,0,6,116,0,122,146,0,146,268
08/31/2022,SFF,WA,ANM,WE,Federal Contract Tower,0,2,14,0,16,0,3,102,0,105,0,5,116,0,121,126,0,126,247
09/01/2022,SFF,WA,ANM,WE,Federal Contract Tower,0,2,11,0,13,0,5,129,0,134,0,7,140,0,147,216,0,216,363
09/02/2022,SFF,WA,ANM,WE,Federal Contract Tower,0,2,21,0,23,0,11,104,0,115,0,13,125,0,138,130,0,130,268
09/03/2022,SFF,WA,ANM,WE,Federal Contract Tower,0,2,12,0,14,0,8,41,0,49,0,10,53,0,63,24,0,24,87
09/04/2022,SFF,WA,ANM,WE,Federal Contract Tower,0,0,4,0,4,0,20,86,0,106,0,20,90,0,110,38,0,38,148
09/05/2022,SFF,WA,ANM,WE,Federal Contract Tower,0,0,12,0,12,0,7,98,0,105,0,7,110,0,117,86,0,86,203
09/06/2022,SFF,WA,ANM,WE,Federal Contract Tower,0,4,15,0,19,0,12,143,0,155,0,16,158,0,174,139,0,139,313
09/07/2022,SFF,WA,ANM,WE,Federal Contract Tower,0,3,17,0,20,0,6,104,0,110,0,9,121,0,130,101,0,101,231
09/08/2022,SFF,WA,ANM,WE,Federal Contract Tower,0,4,24,0,28,0,8,174,0,182,0,12,198,0,210,52,0,52,262
09/09/2022,SFF,WA,ANM,WE,Federal Contract Tower,0,2,18,0,20,0,10,216,0,226,0,12,234,0,246,42,0,42,288
09/10/2022,SFF,WA,ANM,WE,Federal Contract Tower,0,1,26,0,27,0,6,191,0,197,0,7,217,0,224,56,0,56,280
09/11/2022,SFF,WA,ANM,WE,Federal Contract Tower,0,4,28,0,32,0,9,77,0,86,0,13,105,0,118,24,0,24,142
09/12/2022,SFF,WA,ANM,WE,Federal Contract Tower,0,2,39,0,41,0,1,6,0,7,0,3,45,0,48,96,0,96,144
09/13/2022,SFF,WA,ANM,WE,Federal Contract Tower,0,10,37,0,47,0,1,17,0,18,0,11,54,0,65,118,0,118,183
09/14/2022,SFF,WA,ANM,WE,Federal Contract Tower,0,8,30,0,38,0,11,65,0,76,0,19,95,0,114,244,0,244,358
09/15/2022,SFF,WA,ANM,WE,Federal Contract Tower,0,7,33,0,40,0,5,78,2,85,0,12,111,2,125,264,0,264,389
09/16/2022,SFF,WA,ANM,WE,Federal Contract Tower,0,3,17,0,20,0,9,125,0,134,0,12,142,0,154,106,0,106,260
09/17/2022,SFF,WA,ANM,WE,Federal Contract Tower,0,0,9,0,9,0,6,126,0,132,0,6,135,0,141,64,0,64,205
09/18/2022,SFF,WA,ANM,WE,Federal Contract Tower,0,1,7,0,8,0,13,79,0,92,0,14,86,0,100,42,0,42,142
09/19/2022,SFF,WA,ANM,WE,Federal Contract Tower,0,2,17,0,19,0,5,108,0,113,0,7,125,0,132,98,0,98,230
09/20/2022,SFF,WA,ANM,WE,Federal Contract Tower,0,3,14,0,17,0,12,85,0,97,0,15,99,0,114,63,0,63,177
09/21/2022,SFF,WA,ANM,WE,Federal Contract Tower,0,3,17,0,20,0,13,76,0,89,0,16,93,0,109,100,0,100,209
09/22/2022,SFF,WA,ANM,WE,Federal Contract Tower,0,6,26,0,32,0,6,78,0,84,0,12,104,0,116,162,0,162,278
09/23/2022,SFF,WA,ANM,WE,Federal Contract Tower,0,0,20,0,20,0,12,124,0,136,0,12,144,0,156,194,0,194,350
09/24/2022,SFF,WA,ANM,WE,Federal Contract Tower,0,4,6,0,10,0,9,162,0,171,0,13,168,0,181,108,0,108,289
09/25/2022,SFF,WA,ANM,WE,Federal Contract Tower,0,0,9,0,9,0,8,121,0,129,0,8,130,0,138,90,0,90,228
09/26/2022,SFF,WA,ANM,WE,Federal Contract Tower,0,1,16,1,18,0,8,108,1,117,0,9,124,2,135,138,0,138,273
09/27/2022,SFF,WA,ANM,WE,Federal Contract Tower,0,3,15,0,18,0,9,103,0,112,0,12,118,0,130,168,0,168,298
09/28/2022,SFF,WA,ANM,WE,Federal Contract Tower,0,1,18,0,19,0,7,128,0,135,0,8,146,0,154,93,0,93,247
09/29/2022,SFF,WA,ANM,WE,Federal Contract Tower,0,8,44,0,52,0,1,11,0,12,0,9,55,0,64,22,0,22,86
09/30/2022,SFF,WA,ANM,WE,Federal Contract Tower,0,3,20,0,23,0,7,84,0,91,0,10,104,0,114,68,0,68,182
10/01/2022,SFF,WA,ANM,WE,Federal Contract Tower,0,2,8,0,10,0,11,135,0,146,0,13,143,0,156,145,0,145,301
10/02/2022,SFF,WA,ANM,WE,Federal Contract Tower,0,0,18,0,18,0,5,102,0,107,0,5,120,0,125,24,0,24,149
10/03/2022,SFF,WA,ANM,WE,Federal Contract Tower,0,3,10,1,14,0,7,113,1,121,0,10,123,2,135,79,0,79,214
10/04/2022,SFF,WA,ANM,WE,Federal Contract Tower,0,3,17,0,20,0,18,107,0,125,0,21,124,0,145,155,0,155,300
10/05/2022,SFF,WA,ANM,WE,Federal Contract Tower,0,3,11,0,14,0,10,76,0,86,0,13,87,0,100,127,0,127,227
10/06/2022,SFF,WA,ANM,WE,Federal Contract Tower,0,2,18,0,20,0,14,92,0,106,0,16,110,0,126,90,0,90,216
10/07/2022,SFF,WA,ANM,WE,Federal Contract Tower,0,2,16,0,18,0,9,113,0,122,0,11,129,0,140,72,0,72,212
10/08/2022,SFF,WA,ANM,WE,Federal Contract Tower,0,0,12,0,12,0,13,156,0,169,0,13,168,0,181,103,0,103,284
10/09/2022,SFF,WA,ANM,WE,Federal Contract Tower,0,0,10,0,10,0,6,116,0,122,0,6,126,0,132,30,0,30,162
10/10/2022,SFF,WA,ANM,WE,Federal Contract Tower,0,1,11,0,12,0,5,128,0,133,0,6,139,0,145,108,0,108,253
10/11/2022,SFF,WA,ANM,WE,Federal Contract Tower,0,3,10,0,13,0,13,94,0,107,0,16,104,0,120,97,0,97,217
10/12/2022,SFF,WA,ANM,WE,Federal Contract Tower,0,2,17,0,19,0,11,115,0,126,0,13,132,0,145,113,0,113,258
10/13/2022,SFF,WA,ANM,WE,Federal Contract Tower,0,3,12,2,17,0,10,117,0,127,0,13,129,2,144,114,0,114,258
10/14/2022,SFF,WA,ANM,WE,Federal Contract Tower,0,0,11,0,11,0,10,101,0,111,0,10,112,0,122,76,0,76,198
10/15/2022,SFF,WA,ANM,WE,Federal Contract Tower,0,1,11,0,12,0,10,142,0,152,0,11,153,0,164,32,0,32,196
10/16/2022,SFF,WA,ANM,WE,Federal Contract Tower,0,1,16,0,17,0,15,116,0,131,0,16,132,0,148,106,0,106,254
10/17/2022,SFF,WA,ANM,WE,Federal Contract Tower,0,2,9,0,11,0,8,100,0,108,0,10,109,0,119,107,0,107,226
10/18/2022,SFF,WA,ANM,WE,Federal Contract Tower,0,4,15,2,21,0,6,131,0,137,0,10,146,2,158,146,0,146,304
10/19/2022,SFF,WA,ANM,WE,Federal Contract Tower,0,9,18,0,27,0,10,88,0,98,0,19,106,0,125,250,0,250,375
10/20/2022,SFF,WA,ANM,WE,Federal Contract Tower,0,5,35,0,40,0,12,98,0,110,0,17,133,0,150,186,0,186,336
10/21/2022,SFF,WA,ANM,WE,Federal Contract Tower,0,4,14,0,18,0,2,28,0,30,0,6,42,0,48,42,0,42,90
10/22/2022,SFF,WA,ANM,WE,Federal Contract Tower,0,3,4,0,7,0,1,17,0,18,0,4,21,0,25,18,0,18,43
10/23/2022,SFF,WA,ANM,WE,Federal Contract Tower,0,1,8,0,9,0,12,90,0,102,0,13,98,0,111,67,0,67,178
10/24/2022,SFF,WA,ANM,WE,Federal Contract Tower,0,9,14,0,23,0,3,9,0,12,0,12,23,0,35,94,0,94,129
10/25/2022,SFF,WA,ANM,WE,Federal Contract Tower,0,6,20,0,26,0,7,56,0,63,0,13,76,0,89,145,0,145,234
10/26/2022,SFF,WA,ANM,WE,Federal Contract Tower,0,7,17,0,24,0,5,22,0,27,0,12,39,0,51,77,0,77,128
10/27/2022,SFF,WA,ANM,WE,Federal Contract Tower,0,9,16,0,25,0,5,60,0,65,0,14,76,0,90,50,0,50,140
10/28/2022,SFF,WA,ANM,WE,Federal Contract Tower,0,3,10,0,13,0,9,62,0,71,0,12,72,0,84,192,0,192,276
10/29/2022,SFF,WA,ANM,WE,Federal Contract Tower,0,1,16,0,17,0,11,99,0,110,0,12,115,0,127,76,0,76,203
10/30/2022,SFF,WA,ANM,WE,Federal Contract Tower,0,1,7,0,8,0,3,38,0,41,0,4,45,0,49,28,0,28,77
10/31/2022,SFF,WA,ANM,WE,Federal Contract Tower,0,5,19,0,24,0,2,26,0,28,0,7,45,0,52,62,0,62,114
11/01/2022,SFF,WA,ANM,WE,Federal Contract Tower,0,7,12,0,19,0,0,0,0,0,0,7,12,0,19,0,0,0,19
11/02/2022,SFF,WA,ANM,WE,Federal Contract Tower,0,6,10,0,16,0,11,38,0,49,0,17,48,0,65,102,0,102,167
11/03/2022,SFF,WA,ANM,WE,Federal Contract Tower,0,2,24,0,26,0,0,10,0,10,0,2,34,0,36,106,0,106,142
11/04/2022,SFF,WA,ANM,WE,Federal Contract Tower,0,5,5,0,10,0,0,0,0,0,0,5,5,0,10,0,0,0,10
11/05/2022,SFF,WA,ANM,WE,Federal Contract Tower,0,5,1,0,6,0,9,19,0,28,0,14,20,0,34,38,0,38,72
11/06/2022,SFF,WA,ANM,WE,Federal Contract Tower,0,3,5,0,8,0,2,28,0,30,0,5,33,0,38,36,0,36,74
11/07/2022,SFF,WA,ANM,WE,Federal Contract Tower,0,4,13,0,17,0,0,4,0,4,0,4,17,0,21,10,0,10,31
11/08/2022,SFF,WA,ANM,WE,Federal Contract Tower,0,3,7,1,11,0,8,62,0,70,0,11,69,1,81,130,0,130,211
11/09/2022,SFF,WA,ANM,WE,Federal Contract Tower,0,0,19,1,20,0,3,100,1,104,0,3,119,2,124,178,0,178,302
11/10/2022,SFF,WA,ANM,WE,Federal Contract Tower,0,5,24,0,29,0,2,82,0,84,0,7,106,0,113,124,0,124,237
11/11/2022,SFF,WA,ANM,WE,Federal Contract Tower,0,4,17,0,21,0,9,94,0,103,0,13,111,0,124,162,0,162,286
11/12/2022,SFF,WA,ANM,WE,Federal Contract Tower,0,3,10,0,13,0,5,64,0,69,0,8,74,0,82,52,0,52,134
11/13/2022,SFF,WA,ANM,WE,Federal Contract Tower,0,6,13,0,19,0,2,6,0,8,0,8,19,0,27,65,0,65,92
11/14/2022,SFF,WA,ANM,WE,Federal Contract Tower,0,5,17,0,22,0,5,60,0,65,0,10,77,0,87,106,0,106,193
11/15/2022,SFF,WA,ANM,WE,Federal Contract Tower,0,4,12,0,16,0,2,31,0,33,0,6,43,0,49,68,0,68,117
11/16/2022,SFF,WA,ANM,WE,Federal Contract Tower,0,4,12,0,16,0,1,21,0,22,0,5,33,0,38,138,0,138,176
11/17/2022,SFF,WA,ANM,WE,Federal Contract Tower,0,5,23,0,28,0,7,65,0,72,0,12,88,0,100,30,0,30,130
11/18/2022,SFF,WA,ANM,WE,Federal Contract Tower,0,1,16,0,17,0,4,86,0,90,0,5,102,0,107,148,0,148,255
11/19/2022,SFF,WA,ANM,WE,Federal Contract Tower,0,3,7,0,10,0,6,72,0,78,0,9,79,0,88,100,0,100,188
11/20/2022,SFF,WA,ANM,WE,Federal Contract Tower,0,5,4,0,9,0,8,55,0,63,0,13,59,0,72,40,0,40,112
11/21/2022,SFF,WA,ANM,WE,Federal Contract Tower,0,3,16,0,19,0,8,67,0,75,0,11,83,0,94,140,0,140,234
11/22/2022,SFF,WA,ANM,WE,Federal Contract Tower,0,9,8,0,17,0,1,14,0,15,0,10,22,0,32,140,0,140,172
11/23/2022,SFF,WA,ANM,WE,Federal Contract Tower,0,9,16,0,25,0,0,2,0,2,0,9,18,0,27,0,0,0,27
11/24/2022,SFF,WA,ANM,WE,Federal Contract Tower,0,8,6,0,14,0,0,0,0,0,0,8,6,0,14,0,0,0,14
11/25/2022,SFF,WA,ANM,WE,Federal Contract Tower,0,1,9,0,10,0,0,10,0,10,0,1,19,0,20,38,0,38,58
11/26/2022,SFF,WA,ANM,WE,Federal Contract Tower,0,2,6,0,8,0,0,0,0,0,0,2,6,0,8,0,0,0,8
11/27/2022,SFF,WA,ANM,WE,Federal Contract Tower,0,1,10,0,11,0,2,24,0,26,0,3,34,0,37,20,0,20,57
11/28/2022,SFF,WA,ANM,WE,Federal Contract Tower,0,3,9,0,12,0,13,0,0,13,0,16,9,0,25,24,0,24,49
11/29/2022,SFF,WA,ANM,WE,Federal Contract Tower,0,4,14,0,18,0,3,48,0,51,0,7,62,0,69,136,0,136,205
12/01/2022,SFF,WA,ANM,WE,Federal Contract Tower,0,3,7,0,10,0,0,0,0,0,0,3,7,0,10,32,0,32,42
12/02/2022,SFF,WA,ANM,WE,Federal Contract Tower,0,5,15,2,22,0,11,15,0,26,0,16,30,2,48,121,0,121,169
12/03/2022,SFF,WA,ANM,WE,Federal Contract Tower,0,2,9,2,13,0,2,71,0,73,0,4,80,2,86,58,0,58,144
12/04/2022,SFF,WA,ANM,WE,Federal Contract Tower,0,3,7,0,10,0,2,13,0,15,0,5,20,0,25,46,0,46,71
12/05/2022,SFF,WA,ANM,WE,Federal Contract Tower,0,9,12,0,21,0,0,1,0,1,0,9,13,0,22,38,0,38,60
12/06/2022,SFF,WA,ANM,WE,Federal Contract Tower,0,11,8,0,19,0,0,0,0,0,0,11,8,0,19,0,0,0,19
12/07/2022,SFF,WA,ANM,WE,Federal Contract Tower,0,12,7,0,19,0,0,0,0,0,0,12,7,0,19,16,0,16,35
12/08/2022,SFF,WA,ANM,WE,Federal Contract Tower,0,2,12,0,14,0,0,6,0,6,0,2,18,0,20,114,0,114,134
12/09/2022,SFF,WA,ANM,WE,Federal Contract Tower,0,8,10,0,18,0,0,10,0,10,0,8,20,0,28,2,0,2,30
12/10/2022,SFF,WA,ANM,WE,Federal Contract Tower,0,3,4,0,7,0,0,0,0,0,0,3,4,0,7,6,0,6,13
12/11/2022,SFF,WA,ANM,WE,Federal Contract Tower,0,7,3,0,10,0,2,10,0,12,0,9,13,0,22,44,0,44,66
12/12/2022,SFF,WA,ANM,WE,Federal Contract Tower,0,6,13,0,19,0,1,49,0,50,0,7,62,0,69,80,0,80,149
12/13/2022,SFF,WA,ANM,WE,Federal Contract Tower,0,10,4,0,14,0,0,2,0,2,0,10,6,0,16,32,0,32,48
12/14/2022,SFF,WA,ANM,WE,Federal Contract Tower,0,6,15,0,21,0,0,0,0,0,0,6,15,0,21,26,0,26,47
12/15/2022,SFF,WA,ANM,WE,Federal Contract Tower,0,7,14,0,21,0,0,0,0,0,0,7,14,0,21,0,0,0,21
12/16/2022,SFF,WA,ANM,WE,Federal Contract Tower,0,7,10,0,17,0,0,0,0,0,0,7,10,0,17,0,0,0,17
12/17/2022,SFF,WA,ANM,WE,Federal Contract Tower,0,6,3,0,9,0,0,0,0,0,0,6,3,0,9,8,0,8,17
12/18/2022,SFF,WA,ANM,WE,Federal Contract Tower,0,4,5,0,9,0,0,0,0,0,0,4,5,0,9,0,0,0,9
12/19/2022,SFF,WA,ANM,WE,Federal Contract Tower,0,9,23,0,32,0,1,17,0,18,0,10,40,0,50,86,0,86,136
12/20/2022,SFF,WA,ANM,WE,Federal Contract Tower,0,8,3,0,11,0,0,0,0,0,0,8,3,0,11,0,0,0,11
12/21/2022,SFF,WA,ANM,WE,Federal Contract Tower,0,6,5,0,11,0,16,49,0,65,0,22,54,0,76,98,0,98,174
12/22/2022,SFF,WA,ANM,WE,Federal Contract Tower,0,2,15,0,17,0,9,47,0,56,0,11,62,0,73,92,0,92,165
12/23/2022,SFF,WA,ANM,WE,Federal Contract Tower,0,2,2,0,4,0,0,0,0,0,0,2,2,0,4,0,0,0,4
12/24/2022,SFF,WA,ANM,WE,Federal Contract Tower,0,0,2,0,2,0,0,0,0,0,0,0,2,0,2,0,0,0,2
12/25/2022,SFF,WA,ANM,WE,Federal Contract Tower,0,0,0,0,0,0,0,0,0,0,0,0,0,0,0,0,0,0,0
12/26/2022,SFF,WA,ANM,WE,Federal Contract Tower,0,6,3,0,9,0,0,12,0,12,0,6,15,0,21,40,0,40,61
12/27/2022,SFF,WA,ANM,WE,Federal Contract Tower,0,5,5,0,10,0,6,4,0,10,0,11,9,0,20,18,0,18,38
12/28/2022,SFF,WA,ANM,WE,Federal Contract Tower,0,9,9,0,18,0,3,9,0,12,0,12,18,0,30,82,0,82,112
12/29/2022,SFF,WA,ANM,WE,Federal Contract Tower,0,9,13,0,22,0,0,46,0,46,0,9,59,0,68,104,0,104,172
12/30/2022,SFF,WA,ANM,WE,Federal Contract Tower,0,5,23,0,28,0,1,0,0,1,0,6,23,0,29,36,0,36,65
12/31/2022,SFF,WA,ANM,WE,Federal Contract Tower,0,4,5,0,9,0,0,4,0,4,0,4,9,0,13,87,0,87,100
01/01/2023,SFF,WA,ANM,WE,Federal Contract Tower,0,1,6,0,7,0,3,13,0,16,0,4,19,0,23,30,0,30,53
01/02/2023,SFF,WA,ANM,WE,Federal Contract Tower,0,4,24,0,28,0,9,62,0,71,0,13,86,0,99,113,0,113,212
01/03/2023,SFF,WA,ANM,WE,Federal Contract Tower,0,7,13,0,20,0,0,8,0,8,0,7,21,0,28,102,0,102,130
01/04/2023,SFF,WA,ANM,WE,Federal Contract Tower,0,5,9,0,14,0,6,100,0,106,0,11,109,0,120,172,0,172,292
01/05/2023,SFF,WA,ANM,WE,Federal Contract Tower,0,1,9,0,10,0,6,46,0,52,0,7,55,0,62,124,0,124,186
01/06/2023,SFF,WA,ANM,WE,Federal Contract Tower,0,6,17,0,23,0,0,71,0,71,0,6,88,0,94,204,0,204,298
01/07/2023,SFF,WA,ANM,WE,Federal Contract Tower,0,4,11,0,15,0,0,64,0,64,0,4,75,0,79,119,0,119,198
01/08/2023,SFF,WA,ANM,WE,Federal Contract Tower,0,3,4,0,7,0,0,9,0,9,0,3,13,0,16,44,0,44,60
01/09/2023,SFF,WA,ANM,WE,Federal Contract Tower,0,7,10,0,17,0,1,20,0,21,0,8,30,0,38,80,0,80,118
01/10/2023,SFF,WA,ANM,WE,Federal Contract Tower,0,7,15,0,22,0,7,34,0,41,0,14,49,0,63,18,0,18,81
01/11/2023,SFF,WA,ANM,WE,Federal Contract Tower,0,7,8,0,15,0,2,4,0,6,0,9,12,0,21,72,0,72,93
01/12/2023,SFF,WA,ANM,WE,Federal Contract Tower,0,9,6,0,15,0,0,17,0,17,0,9,23,0,32,140,0,140,172
01/13/2023,SFF,WA,ANM,WE,Federal Contract Tower,0,7,22,0,29,0,0,47,0,47,0,7,69,0,76,156,0,156,232
01/14/2023,SFF,WA,ANM,WE,Federal Contract Tower,0,2,10,0,12,0,0,57,0,57,0,2,67,0,69,116,0,116,185
01/15/2023,SFF,WA,ANM,WE,Federal Contract Tower,0,6,13,0,19,0,0,15,0,15,0,6,28,0,34,30,0,30,64
01/16/2023,SFF,WA,ANM,WE,Federal Contract Tower,0,9,17,0,26,0,5,19,0,24,0,14,36,0,50,155,0,155,205
01/17/2023,SFF,WA,ANM,WE,Federal Contract Tower,0,4,10,0,14,0,3,8,0,11,0,7,18,0,25,130,0,130,155
01/18/2023,SFF,WA,ANM,WE,Federal Contract Tower,0,3,10,0,13,0,12,46,0,58,0,15,56,0,71,146,0,146,217
01/19/2023,SFF,WA,ANM,WE,Federal Contract Tower,0,5,15,0,20,0,4,42,0,46,0,9,57,0,66,170,0,170,236
01/20/2023,SFF,WA,ANM,WE,Federal Contract Tower,0,8,15,0,23,0,0,14,0,14,0,8,29,0,37,112,0,112,149
01/21/2023,SFF,WA,ANM,WE,Federal Contract Tower,0,3,9,0,12,0,0,53,0,53,0,3,62,0,65,79,0,79,144
01/22/2023,SFF,WA,ANM,WE,Federal Contract Tower,0,2,9,0,11,0,0,5,0,5,0,2,14,0,16,3,0,3,19
01/23/2023,SFF,WA,ANM,WE,Federal Contract Tower,0,5,11,0,16,0,3,20,0,23,0,8,31,0,39,219,0,219,258
01/24/2023,SFF,WA,ANM,WE,Federal Contract Tower,0,7,16,0,23,0,0,10,0,10,0,7,26,0,33,30,0,30,63
01/25/2023,SFF,WA,ANM,WE,Federal Contract Tower,0,4,7,0,11,0,6,13,0,19,0,10,20,0,30,74,0,74,104
01/26/2023,SFF,WA,ANM,WE,Federal Contract Tower,0,4,22,0,26,0,4,23,0,27,0,8,45,0,53,112,0,112,165
01/27/2023,SFF,WA,ANM,WE,Federal Contract Tower,0,7,13,0,20,0,3,17,0,20,0,10,30,0,40,48,0,48,88
01/28/2023,SFF,WA,ANM,WE,Federal Contract Tower,0,4,10,0,14,0,7,27,0,34,0,11,37,0,48,8,0,8,56
01/29/2023,SFF,WA,ANM,WE,Federal Contract Tower,0,1,7,0,8,0,4,65,0,69,0,5,72,0,77,87,0,87,164
01/30/2023,SFF,WA,ANM,WE,Federal Contract Tower,0,4,19,0,23,0,7,70,0,77,0,11,89,0,100,136,0,136,236
01/31/2023,SFF,WA,ANM,WE,Federal Contract Tower,0,7,24,0,31,0,0,30,0,30,0,7,54,0,61,58,0,58,119
02/01/2023,SFF,WA,ANM,WE,Federal Contract Tower,0,2,13,0,15,0,6,61,0,67,0,8,74,0,82,162,0,162,244
02/02/2023,SFF,WA,ANM,WE,Federal Contract Tower,0,4,6,0,10,0,8,44,0,52,0,12,50,0,62,74,0,74,136
02/03/2023,SFF,WA,ANM,WE,Federal Contract Tower,0,0,15,0,15,0,8,52,0,60,0,8,67,0,75,193,0,193,268
02/04/2023,SFF,WA,ANM,WE,Federal Contract Tower,0,2,7,0,9,0,6,61,0,67,0,8,68,0,76,70,0,70,146
02/05/2023,SFF,WA,ANM,WE,Federal Contract Tower,0,4,10,0,14,0,0,0,0,0,0,4,10,0,14,0,0,0,14
02/06/2023,SFF,WA,ANM,WE,Federal Contract Tower,0,7,21,0,28,0,11,18,0,29,0,18,39,0,57,84,0,84,141
02/07/2023,SFF,WA,ANM,WE,Federal Contract Tower,0,6,10,0,16,0,6,18,0,24,0,12,28,0,40,118,0,118,158
02/08/2023,SFF,WA,ANM,WE,Federal Contract Tower,0,5,13,0,18,0,8,74,0,82,0,13,87,0,100,112,0,112,212
02/09/2023,SFF,WA,ANM,WE,Federal Contract Tower,0,4,16,0,20,0,6,92,0,98,0,10,108,0,118,114,0,114,232
02/10/2023,SFF,WA,ANM,WE,Federal Contract Tower,0,3,13,0,16,0,5,89,0,94,0,8,102,0,110,88,0,88,198
02/11/2023,SFF,WA,ANM,WE,Federal Contract Tower,0,4,10,0,14,0,5,94,0,99,0,9,104,0,113,80,0,80,193
02/12/2023,SFF,WA,ANM,WE,Federal Contract Tower,0,0,8,0,8,0,2,54,0,56,0,2,62,0,64,16,0,16,80
02/13/2023,SFF,WA,ANM,WE,Federal Contract Tower,0,6,12,0,18,0,1,26,0,27,0,7,38,0,45,81,0,81,126
02/14/2023,SFF,WA,ANM,WE,Federal Contract Tower,0,7,12,0,19,0,5,36,0,41,0,12,48,0,60,48,0,48,108
02/15/2023,SFF,WA,ANM,WE,Federal Contract Tower,0,3,23,0,26,0,0,1,0,1,0,3,24,0,27,106,0,106,133
02/16/2023,SFF,WA,ANM,WE,Federal Contract Tower,0,3,20,0,23,0,4,90,0,94,0,7,110,0,117,104,0,104,221
02/17/2023,SFF,WA,ANM,WE,Federal Contract Tower,0,3,17,0,20,0,8,79,0,87,0,11,96,0,107,70,0,70,177
02/18/2023,SFF,WA,ANM,WE,Federal Contract Tower,0,4,7,0,11,0,3,69,0,72,0,7,76,0,83,96,0,96,179
02/19/2023,SFF,WA,ANM,WE,Federal Contract Tower,0,5,11,0,16,0,3,12,0,15,0,8,23,0,31,74,0,74,105
02/20/2023,SFF,WA,ANM,WE,Federal Contract Tower,0,4,14,0,18,0,13,23,0,36,0,17,37,0,54,34,0,34,88
02/21/2023,SFF,WA,ANM,WE,Federal Contract Tower,0,10,11,0,21,0,0,10,0,10,0,10,21,0,31,38,0,38,69
02/22/2023,SFF,WA,ANM,WE,Federal Contract Tower,0,5,9,0,14,0,6,15,0,21,0,11,24,0,35,76,0,76,111
02/23/2023,SFF,WA,ANM,WE,Federal Contract Tower,0,5,12,1,18,0,8,33,1,42,0,13,45,2,60,52,0,52,112
02/24/2023,SFF,WA,ANM,WE,Federal Contract Tower,0,2,14,0,16,0,6,85,0,91,0,8,99,0,107,94,0,94,201
02/25/2023,SFF,WA,ANM,WE,Federal Contract Tower,0,1,9,0,10,0,11,78,0,89,0,12,87,0,99,68,0,68,167
02/26/2023,SFF,WA,ANM,WE,Federal Contract Tower,0,4,4,0,8,0,1,0,0,1,0,5,4,0,9,26,0,26,35
02/27/2023,SFF,WA,ANM,WE,Federal Contract Tower,0,7,14,0,21,0,5,91,0,96,0,12,105,0,117,125,0,125,242
02/28/2023,SFF,WA,ANM,WE,Federal Contract Tower,0,6,4,0,10,0,7,13,0,20,0,13,17,0,30,88,0,88,118
03/01/2023,SFF,WA,ANM,WE,Federal Contract Tower,0,5,16,0,21,0,4,26,0,30,0,9,42,0,51,70,0,70,121
03/02/2023,SFF,WA,ANM,WE,Federal Contract Tower,0,8,11,0,19,0,1,10,0,11,0,9,21,0,30,16,0,16,46
03/03/2023,SFF,WA,ANM,WE,Federal Contract Tower,0,2,12,0,14,0,5,62,0,67,0,7,74,0,81,76,0,76,157
03/04/2023,SFF,WA,ANM,WE,Federal Contract Tower,0,1,7,0,8,0,6,98,0,104,0,7,105,0,112,140,0,140,252
03/05/2023,SFF,WA,ANM,WE,Federal Contract Tower,0,6,7,0,13,0,2,20,0,22,0,8,27,0,35,28,0,28,63
03/06/2023,SFF,WA,ANM,WE,Federal Contract Tower,0,6,6,0,12,0,2,10,0,12,0,8,16,0,24,54,0,54,78
03/07/2023,SFF,WA,ANM,WE,Federal Contract Tower,0,2,15,0,17,0,10,108,0,118,0,12,123,0,135,180,0,180,315
03/08/2023,SFF,WA,ANM,WE,Federal Contract Tower,0,1,27,0,28,0,7,87,0,94,0,8,114,0,122,131,0,131,253
03/09/2023,SFF,WA,ANM,WE,Federal Contract Tower,0,6,19,0,25,0,11,66,0,77,0,17,85,0,102,138,0,138,240
03/10/2023,SFF,WA,ANM,WE,Federal Contract Tower,0,1,10,0,11,0,0,0,0,0,0,1,10,0,11,0,0,0,11
03/11/2023,SFF,WA,ANM,WE,Federal Contract Tower,0,1,10,0,11,0,11,52,0,63,0,12,62,0,74,82,0,82,156
03/12/2023,SFF,WA,ANM,WE,Federal Contract Tower,0,4,13,0,17,0,4,80,0,84,0,8,93,0,101,18,0,18,119
03/13/2023,SFF,WA,ANM,WE,Federal Contract Tower,0,12,16,0,28,0,0,28,0,28,0,12,44,0,56,122,0,122,178
03/14/2023,SFF,WA,ANM,WE,Federal Contract Tower,0,1,20,0,21,0,10,86,0,96,0,11,106,0,117,104,0,104,221
03/15/2023,SFF,WA,ANM,WE,Federal Contract Tower,0,2,5,0,7,0,6,78,0,84,0,8,83,0,91,104,0,104,195
03/16/2023,SFF,WA,ANM,WE,Federal Contract Tower,0,6,15,1,22,0,11,92,1,104,0,17,107,2,126,197,0,197,323
03/17/2023,SFF,WA,ANM,WE,Federal Contract Tower,0,4,16,0,20,0,7,112,0,119,0,11,128,0,139,104,0,104,243
03/18/2023,SFF,WA,ANM,WE,Federal Contract Tower,0,2,9,0,11,0,6,105,0,111,0,8,114,0,122,126,0,126,248
03/19/2023,SFF,WA,ANM,WE,Federal Contract Tower,0,1,8,0,9,0,5,79,0,84,0,6,87,0,93,70,0,70,163
03/20/2023,SFF,WA,ANM,WE,Federal Contract Tower,0,7,12,0,19,0,10,52,0,62,0,17,64,0,81,104,0,104,185
03/21/2023,SFF,WA,ANM,WE,Federal Contract Tower,0,7,9,0,16,0,5,83,0,88,0,12,92,0,104,73,0,73,177
03/22/2023,SFF,WA,ANM,WE,Federal Contract Tower,0,5,11,0,16,0,10,99,0,109,0,15,110,0,125,114,0,114,239
03/23/2023,SFF,WA,ANM,WE,Federal Contract Tower,0,2,24,0,26,0,11,31,0,42,0,13,55,0,68,82,0,82,150
03/24/2023,SFF,WA,ANM,WE,Federal Contract Tower,0,7,19,0,26,0,11,61,0,72,0,18,80,0,98,120,0,120,218
03/25/2023,SFF,WA,ANM,WE,Federal Contract Tower,0,3,15,0,18,0,1,35,0,36,0,4,50,0,54,94,0,94,148
03/26/2023,SFF,WA,ANM,WE,Federal Contract Tower,0,2,4,0,6,0,5,22,0,27,0,7,26,0,33,72,0,72,105
03/27/2023,SFF,WA,ANM,WE,Federal Contract Tower,0,3,15,0,18,0,9,84,0,93,0,12,99,0,111,108,0,108,219
03/28/2023,SFF,WA,ANM,WE,Federal Contract Tower,0,4,14,0,18,0,9,81,0,90,0,13,95,0,108,97,0,97,205
03/29/2023,SFF,WA,ANM,WE,Federal Contract Tower,0,4,14,1,19,0,16,105,0,121,0,20,119,1,140,212,0,212,352
03/30/2023,SFF,WA,ANM,WE,Federal Contract Tower,0,7,26,0,33,0,8,74,0,82,0,15,100,0,115,148,0,148,263
03/31/2023,SFF,WA,ANM,WE,Federal Contract Tower,0,6,15,0,21,0,2,88,0,90,0,8,103,0,111,94,0,94,205
04/01/2023,SFF,WA,ANM,WE,Federal Contract Tower,0,2,5,0,7,0,3,5,0,8,0,5,10,0,15,12,0,12,27
04/02/2023,SFF,WA,ANM,WE,Federal Contract Tower,0,5,12,0,17,0,13,26,0,39,0,18,38,0,56,58,0,58,114
04/03/2023,SFF,WA,ANM,WE,Federal Contract Tower,0,12,20,0,32,0,2,58,0,60,0,14,78,0,92,202,0,202,294
04/04/2023,SFF,WA,ANM,WE,Federal Contract Tower,0,2,15,0,17,0,2,46,0,48,0,4,61,0,65,172,0,172,237
04/05/2023,SFF,WA,ANM,WE,Federal Contract Tower,0,1,20,0,21,0,12,88,0,100,0,13,108,0,121,112,0,112,233
04/06/2023,SFF,WA,ANM,WE,Federal Contract Tower,0,4,17,0,21,0,6,116,0,122,0,10,133,0,143,82,0,82,225
04/07/2023,SFF,WA,ANM,WE,Federal Contract Tower,0,5,13,0,18,0,4,42,0,46,0,9,55,0,64,188,0,188,252
04/08/2023,SFF,WA,ANM,WE,Federal Contract Tower,0,1,6,0,7,0,9,63,1,73,0,10,69,1,80,46,0,46,126
04/09/2023,SFF,WA,ANM,WE,Federal Contract Tower,0,0,9,0,9,0,0,29,0,29,0,0,38,0,38,74,0,74,112
04/10/2023,SFF,WA,ANM,WE,Federal Contract Tower,0,3,20,0,23,0,8,40,0,48,0,11,60,0,71,294,0,294,365
04/11/2023,SFF,WA,ANM,WE,Federal Contract Tower,0,2,13,0,15,0,12,9,0,21,0,14,22,0,36,44,0,44,80
04/12/2023,SFF,WA,ANM,WE,Federal Contract Tower,0,3,17,0,20,0,9,103,0,112,0,12,120,0,132,232,0,232,364
04/13/2023,SFF,WA,ANM,WE,Federal Contract Tower,0,4,19,0,23,0,9,84,0,93,0,13,103,0,116,161,0,161,277
04/14/2023,SFF,WA,ANM,WE,Federal Contract Tower,0,2,20,0,22,0,6,94,0,100,0,8,114,0,122,203,0,203,325
04/15/2023,SFF,WA,ANM,WE,Federal Contract Tower,0,1,6,0,7,0,13,108,0,121,0,14,114,0,128,38,0,38,166
04/16/2023,SFF,WA,ANM,WE,Federal Contract Tower,0,2,10,0,12,0,7,41,0,48,0,9,51,0,60,60,0,60,120
04/17/2023,SFF,WA,ANM,WE,Federal Contract Tower,0,3,21,0,24,0,11,113,0,124,0,14,134,0,148,140,0,140,288
04/18/2023,SFF,WA,ANM,WE,Federal Contract Tower,0,4,9,0,13,0,17,68,0,85,0,21,77,0,98,166,0,166,264
04/19/2023,SFF,WA,ANM,WE,Federal Contract Tower,0,6,10,0,16,0,5,87,0,92,0,11,97,0,108,196,0,196,304
04/20/2023,SFF,WA,ANM,WE,Federal Contract Tower,0,7,15,0,22,0,9,100,0,109,0,16,115,0,131,212,0,212,343
04/21/2023,SFF,WA,ANM,WE,Federal Contract Tower,0,2,18,0,20,0,1,51,0,52,0,3,69,0,72,164,0,164,236
04/22/2023,SFF,WA,ANM,WE,Federal Contract Tower,0,0,9,0,9,0,10,94,0,104,0,10,103,0,113,172,0,172,285
04/23/2023,SFF,WA,ANM,WE,Federal Contract Tower,0,2,7,0,9,0,2,24,0,26,0,4,31,0,35,36,0,36,71
04/24/2023,SFF,WA,ANM,WE,Federal Contract Tower,0,2,15,0,17,0,1,44,0,45,0,3,59,0,62,192,0,192,254
04/25/2023,SFF,WA,ANM,WE,Federal Contract Tower,0,7,17,0,24,0,7,260,0,267,0,14,277,0,291,107,0,107,398
04/26/2023,SFF,WA,ANM,WE,Federal Contract Tower,0,1,16,0,17,0,9,114,0,123,0,10,130,0,140,176,0,176,316
04/27/2023,SFF,WA,ANM,WE,Federal Contract Tower,0,5,8,0,13,0,7,94,0,101,0,12,102,0,114,182,0,182,296
04/28/2023,SFF,WA,ANM,WE,Federal Contract Tower,0,2,16,0,18,0,7,123,0,130,0,9,139,0,148,233,0,233,381
04/29/2023,SFF,WA,ANM,WE,Federal Contract Tower,0,1,4,0,5,0,7,126,0,133,0,8,130,0,138,123,0,123,261
04/30/2023,SFF,WA,ANM,WE,Federal Contract Tower,0,2,9,0,11,0,8,86,0,94,0,10,95,0,105,28,0,28,133
05/01/2023,SFF,WA,ANM,WE,Federal Contract Tower,0,3,16,0,19,0,13,70,0,83,0,16,86,0,102,266,0,266,368
05/02/2023,SFF,WA,ANM,WE,Federal Contract Tower,0,2,6,0,8,0,16,139,0,155,0,18,145,0,163,198,0,198,361
05/03/2023,SFF,WA,ANM,WE,Federal Contract Tower,0,3,9,0,12,0,7,147,0,154,0,10,156,0,166,266,0,266,432
05/04/2023,SFF,WA,ANM,WE,Federal Contract Tower,0,3,14,0,17,0,9,118,0,127,0,12,132,0,144,180,0,180,324
05/05/2023,SFF,WA,ANM,WE,Federal Contract Tower,0,5,13,0,18,0,4,19,0,23,0,9,32,0,41,182,0,182,223
05/06/2023,SFF,WA,ANM,WE,Federal Contract Tower,0,2,5,0,7,0,6,20,0,26,0,8,25,0,33,32,0,32,65
05/07/2023,SFF,WA,ANM,WE,Federal Contract Tower,0,1,8,0,9,0,1,69,0,70,0,2,77,0,79,96,0,96,175
05/08/2023,SFF,WA,ANM,WE,Federal Contract Tower,0,8,19,0,27,0,6,96,0,102,0,14,115,0,129,200,0,200,329
05/09/2023,SFF,WA,ANM,WE,Federal Contract Tower,0,1,16,0,17,0,5,60,0,65,0,6,76,0,82,232,0,232,314
05/10/2023,SFF,WA,ANM,WE,Federal Contract Tower,0,2,14,0,16,0,7,120,0,127,0,9,134,0,143,169,0,169,312
05/11/2023,SFF,WA,ANM,WE,Federal Contract Tower,0,1,19,0,20,0,5,132,4,141,0,6,151,4,161,222,0,222,383
05/12/2023,SFF,WA,ANM,WE,Federal Contract Tower,0,1,16,0,17,0,6,150,0,156,0,7,166,0,173,199,0,199,372
05/13/2023,SFF,WA,ANM,WE,Federal Contract Tower,0,2,4,0,6,0,12,120,0,132,0,14,124,0,138,86,0,86,224
05/14/2023,SFF,WA,ANM,WE,Federal Contract Tower,0,0,5,0,5,0,8,31,0,39,0,8,36,0,44,22,0,22,66
05/15/2023,SFF,WA,ANM,WE,Federal Contract Tower,0,2,10,0,12,0,11,99,0,110,0,13,109,0,122,178,0,178,300
05/16/2023,SFF,WA,ANM,WE,Federal Contract Tower,0,3,13,0,16,0,12,85,0,97,0,15,98,0,113,252,0,252,365
05/17/2023,SFF,WA,ANM,WE,Federal Contract Tower,0,1,14,0,15,0,17,100,0,117,0,18,114,0,132,232,0,232,364
05/18/2023,SFF,WA,ANM,WE,Federal Contract Tower,0,8,21,0,29,0,14,100,0,114,0,22,121,0,143,185,0,185,328
05/19/2023,SFF,WA,ANM,WE,Federal Contract Tower,0,5,26,0,31,0,7,118,0,125,0,12,144,0,156,182,0,182,338
05/20/2023,SFF,WA,ANM,WE,Federal Contract Tower,0,0,6,0,6,0,12,146,0,158,0,12,152,0,164,58,0,58,222
05/21/2023,SFF,WA,ANM,WE,Federal Contract Tower,0,2,9,0,11,0,5,58,0,63,0,7,67,0,74,6,0,6,80
05/22/2023,SFF,WA,ANM,WE,Federal Contract Tower,0,7,15,0,22,0,6,55,0,61,0,13,70,0,83,88,0,88,171
05/23/2023,SFF,WA,ANM,WE,Federal Contract Tower,2,14,0,0,16,0,8,117,0,125,2,22,117,0,141,236,0,236,377
05/24/2023,SFF,WA,ANM,WE,Federal Contract Tower,0,2,11,0,13,0,7,103,0,110,0,9,114,0,123,76,0,76,199
05/25/2023,SFF,WA,ANM,WE,Federal Contract Tower,0,4,10,0,14,0,13,119,0,132,0,17,129,0,146,150,0,150,296
05/26/2023,SFF,WA,ANM,WE,Federal Contract Tower,0,0,8,0,8,0,7,97,0,104,0,7,105,0,112,220,0,220,332
05/27/2023,SFF,WA,ANM,WE,Federal Contract Tower,0,0,8,0,8,0,4,45,0,49,0,4,53,0,57,22,0,22,79
05/28/2023,SFF,WA,ANM,WE,Federal Contract Tower,0,3,4,0,7,0,10,51,0,61,0,13,55,0,68,22,0,22,90
05/29/2023,SFF,WA,ANM,WE,Federal Contract Tower,0,1,3,0,4,0,3,99,0,102,0,4,102,0,106,74,0,74,180
05/30/2023,SFF,WA,ANM,WE,Federal Contract Tower,0,3,10,0,13,0,5,98,0,103,0,8,108,0,116,284,0,284,400
05/31/2023,SFF,WA,ANM,WE,Federal Contract Tower,0,1,10,0,11,0,12,115,0,127,0,13,125,0,138,252,0,252,390
06/01/2023,SFF,WA,ANM,WE,Federal Contract Tower,0,4,14,0,18,0,18,143,2,163,0,22,157,2,181,322,0,322,503
06/02/2023,SFF,WA,ANM,WE,Federal Contract Tower,0,5,12,0,17,0,4,112,0,116,0,9,124,0,133,270,0,270,403
06/03/2023,SFF,WA,ANM,WE,Federal Contract Tower,0,1,9,0,10,0,9,97,0,106,0,10,106,0,116,30,0,30,146
06/04/2023,SFF,WA,ANM,WE,Federal Contract Tower,0,1,5,0,6,0,13,84,0,97,0,14,89,0,103,108,0,108,211
06/05/2023,SFF,WA,ANM,WE,Federal Contract Tower,0,4,16,0,20,0,15,99,0,114,0,19,115,0,134,154,0,154,288
06/06/2023,SFF,WA,ANM,WE,Federal Contract Tower,0,3,13,0,16,0,5,123,0,128,0,8,136,0,144,310,0,310,454
06/07/2023,SFF,WA,ANM,WE,Federal Contract Tower,0,1,12,0,13,0,7,92,0,99,0,8,104,0,112,229,0,229,341
06/08/2023,SFF,WA,ANM,WE,Federal Contract Tower,0,6,12,0,18,0,7,54,0,61,0,13,66,0,79,194,0,194,273
06/09/2023,SFF,WA,ANM,WE,Federal Contract Tower,0,2,26,0,28,0,0,16,0,16,0,2,42,0,44,82,0,82,126
06/10/2023,SFF,WA,ANM,WE,Federal Contract Tower,0,0,5,0,5,0,2,218,0,220,0,2,223,0,225,28,0,28,253
06/11/2023,SFF,WA,ANM,WE,Federal Contract Tower,0,1,8,0,9,0,4,102,0,106,0,5,110,0,115,70,0,70,185
06/12/2023,SFF,WA,ANM,WE,Federal Contract Tower,0,5,16,0,21,0,12,87,0,99,0,17,103,0,120,208,0,208,328
06/13/2023,SFF,WA,ANM,WE,Federal Contract Tower,0,11,11,0,22,0,11,73,0,84,0,22,84,0,106,96,0,96,202
06/14/2023,SFF,WA,ANM,WE,Federal Contract Tower,0,1,15,0,16,0,3,46,0,49,0,4,61,0,65,52,0,52,117
06/15/2023,SFF,WA,ANM,WE,Federal Contract Tower,0,1,24,0,25,0,6,144,0,150,0,7,168,0,175,178,0,178,353
06/16/2023,SFF,WA,ANM,WE,Federal Contract Tower,0,1,13,0,14,0,4,98,0,102,0,5,111,0,116,71,0,71,187
06/17/2023,SFF,WA,ANM,WE,Federal Contract Tower,0,3,14,0,17,0,7,69,0,76,0,10,83,0,93,41,0,41,134
06/18/2023,SFF,WA,ANM,WE,Federal Contract Tower,0,2,3,0,5,0,12,38,0,50,0,14,41,0,55,0,0,0,55
06/19/2023,SFF,WA,ANM,WE,Federal Contract Tower,0,2,23,0,25,0,8,57,0,65,0,10,80,0,90,84,0,84,174
06/20/2023,SFF,WA,ANM,WE,Federal Contract Tower,0,3,16,0,19,0,5,46,0,51,0,8,62,0,70,166,0,166,236
06/21/2023,SFF,WA,ANM,WE,Federal Contract Tower,0,2,14,0,16,0,9,106,0,115,0,11,120,0,131,137,0,137,268
06/22/2023,SFF,WA,ANM,WE,Federal Contract Tower,0,3,17,0,20,0,11,139,0,150,0,14,156,0,170,130,0,130,300
06/23/2023,SFF,WA,ANM,WE,Federal Contract Tower,0,1,16,0,17,0,7,117,0,124,0,8,133,0,141,120,0,120,261
06/24/2023,SFF,WA,ANM,WE,Federal Contract Tower,0,0,5,0,5,0,2,189,0,191,0,2,194,0,196,32,0,32,228
06/25/2023,SFF,WA,ANM,WE,Federal Contract Tower,0,0,9,0,9,0,12,77,0,89,0,12,86,0,98,95,0,95,193
06/26/2023,SFF,WA,ANM,WE,Federal Contract Tower,0,2,21,0,23,0,2,65,0,67,0,4,86,0,90,126,0,126,216
06/27/2023,SFF,WA,ANM,WE,Federal Contract Tower,0,5,12,1,18,0,8,58,3,69,0,13,70,4,87,84,0,84,171
06/28/2023,SFF,WA,ANM,WE,Federal Contract Tower,0,5,28,0,33,0,6,100,0,106,0,11,128,0,139,176,0,176,315
06/29/2023,SFF,WA,ANM,WE,Federal Contract Tower,0,1,26,0,27,0,16,101,6,123,0,17,127,6,150,130,0,130,280
06/30/2023,SFF,WA,ANM,WE,Federal Contract Tower,0,0,14,0,14,0,4,119,0,123,0,4,133,0,137,153,0,153,290
07/01/2023,SFF,WA,ANM,WE,Federal Contract Tower,0,0,10,0,10,0,13,87,0,100,0,13,97,0,110,42,0,42,152
07/02/2023,SFF,WA,ANM,WE,Federal Contract Tower,0,1,6,0,7,0,6,79,0,85,0,7,85,0,92,8,0,8,100
07/03/2023,SFF,WA,ANM,WE,Federal Contract Tower,0,2,6,0,8,0,5,80,0,85,0,7,86,0,93,60,0,60,153
07/04/2023,SFF,WA,ANM,WE,Federal Contract Tower,0,2,0,0,2,0,12,72,2,86,0,14,72,2,88,66,0,66,154
07/05/2023,SFF,WA,ANM,WE,Federal Contract Tower,0,4,13,0,17,0,21,91,0,112,0,25,104,0,129,83,0,83,212
07/06/2023,SFF,WA,ANM,WE,Federal Contract Tower,0,2,18,0,20,0,6,102,0,108,0,8,120,0,128,100,0,100,228
07/07/2023,SFF,WA,ANM,WE,Federal Contract Tower,0,1,16,0,17,0,3,136,0,139,0,4,152,0,156,165,0,165,321
07/08/2023,SFF,WA,ANM,WE,Federal Contract Tower,0,0,9,0,9,0,9,113,0,122,0,9,122,0,131,32,0,32,163
07/09/2023,SFF,WA,ANM,WE,Federal Contract Tower,0,1,15,0,16,0,4,68,0,72,0,5,83,0,88,51,0,51,139
07/10/2023,SFF,WA,ANM,WE,Federal Contract Tower,0,5,17,0,22,0,3,50,0,53,0,8,67,0,75,93,0,93,168
07/11/2023,SFF,WA,ANM,WE,Federal Contract Tower,0,7,18,0,25,0,15,119,0,134,0,22,137,0,159,178,0,178,337
07/12/2023,SFF,WA,ANM,WE,Federal Contract Tower,0,4,22,0,26,0,13,157,0,170,0,17,179,0,196,126,0,126,322
07/13/2023,SFF,WA,ANM,WE,Federal Contract Tower,0,8,20,0,28,0,15,132,0,147,0,23,152,0,175,113,0,113,288
07/14/2023,SFF,WA,ANM,WE,Federal Contract Tower,0,2,15,0,17,0,13,132,0,145,0,15,147,0,162,182,0,182,344
07/15/2023,SFF,WA,ANM,WE,Federal Contract Tower,0,3,5,0,8,0,12,81,0,93,0,15,86,0,101,112,0,112,213
07/16/2023,SFF,WA,ANM,WE,Federal Contract Tower,0,1,10,0,11,0,5,72,0,77,0,6,82,0,88,48,0,48,136
07/17/2023,SFF,WA,ANM,WE,Federal Contract Tower,0,4,12,0,16,0,8,54,0,62,0,12,66,0,78,33,0,33,111
07/19/2023,SFF,WA,ANM,WE,Federal Contract Tower,0,7,15,0,22,0,9,124,0,133,0,16,139,0,155,95,0,95,250
07/20/2023,SFF,WA,ANM,WE,Federal Contract Tower,0,4,14,0,18,0,13,119,0,132,0,17,133,0,150,168,0,168,318
07/21/2023,SFF,WA,ANM,WE,Federal Contract Tower,0,3,15,0,18,0,10,109,0,119,0,13,124,0,137,146,0,146,283
07/22/2023,SFF,WA,ANM,WE,Federal Contract Tower,0,1,10,0,11,0,10,89,0,99,0,11,99,0,110,30,0,30,140
07/23/2023,SFF,WA,ANM,WE,Federal Contract Tower,0,1,2,0,3,0,8,68,0,76,0,9,70,0,79,62,0,62,141
07/24/2023,SFF,WA,ANM,WE,Federal Contract Tower,0,3,13,0,16,0,18,61,0,79,0,21,74,0,95,100,0,100,195
07/25/2023,SFF,WA,ANM,WE,Federal Contract Tower,0,1,8,0,9,0,14,83,0,97,0,15,91,0,106,138,0,138,244
07/26/2023,SFF,WA,ANM,WE,Federal Contract Tower,0,5,7,0,12,0,10,123,0,133,0,15,130,0,145,192,0,192,337
07/27/2023,SFF,WA,ANM,WE,Federal Contract Tower,0,2,13,0,15,0,3,113,0,116,0,5,126,0,131,168,0,168,299
07/28/2023,SFF,WA,ANM,WE,Federal Contract Tower,0,4,13,0,17,0,8,117,0,125,0,12,130,0,142,156,0,156,298
07/29/2023,SFF,WA,ANM,WE,Federal Contract Tower,0,0,5,0,5,0,11,95,0,106,0,11,100,0,111,14,0,14,125
07/30/2023,SFF,WA,ANM,WE,Federal Contract Tower,0,1,2,0,3,0,7,56,0,63,0,8,58,0,66,20,0,20,86
07/31/2023,SFF,WA,ANM,WE,Federal Contract Tower,0,2,17,0,19,0,6,97,0,103,0,8,114,0,122,146,0,146,268
08/01/2023,SFF,WA,ANM,WE,Federal Contract Tower,0,3,22,0,25,0,5,104,0,109,0,8,126,0,134,152,0,152,286
08/02/2023,SFF,WA,ANM,WE,Federal Contract Tower,0,3,15,1,19,0,13,102,1,116,0,16,117,2,135,190,0,190,325
08/03/2023,SFF,WA,ANM,WE,Federal Contract Tower,0,5,20,0,25,0,6,95,0,101,0,11,115,0,126,82,0,82,208
08/04/2023,SFF,WA,ANM,WE,Federal Contract Tower,0,1,12,0,13,0,5,94,0,99,0,6,106,0,112,105,0,105,217
08/05/2023,SFF,WA,ANM,WE,Federal Contract Tower,0,0,10,0,10,0,6,92,0,98,0,6,102,0,108,82,0,82,190
08/06/2023,SFF,WA,ANM,WE,Federal Contract Tower,0,2,12,0,14,0,7,55,0,62,0,9,67,0,76,62,0,62,138
08/08/2023,SFF,WA,ANM,WE,Federal Contract Tower,0,3,26,0,29,0,8,94,0,102,0,11,120,0,131,172,0,172,303
08/09/2023,SFF,WA,ANM,WE,Federal Contract Tower,0,5,14,0,19,0,6,89,0,95,0,11,103,0,114,136,0,136,250
08/10/2023,SFF,WA,ANM,WE,Federal Contract Tower,0,6,14,0,20,0,20,86,0,106,0,26,100,0,126,80,0,80,206
08/11/2023,SFF,WA,ANM,WE,Federal Contract Tower,0,1,21,0,22,0,11,121,0,132,0,12,142,0,154,134,0,134,288
08/12/2023,SFF,WA,ANM,WE,Federal Contract Tower,0,2,13,0,15,0,9,120,0,129,0,11,133,0,144,64,0,64,208
08/13/2023,SFF,WA,ANM,WE,Federal Contract Tower,0,1,4,0,5,0,18,80,0,98,0,19,84,0,103,16,0,16,119
08/14/2023,SFF,WA,ANM,WE,Federal Contract Tower,0,1,10,0,11,0,11,99,0,110,0,12,109,0,121,68,0,68,189
08/15/2023,SFF,WA,ANM,WE,Federal Contract Tower,0,2,18,0,20,0,10,83,0,93,0,12,101,0,113,49,0,49,162
08/16/2023,SFF,WA,ANM,WE,Federal Contract Tower,0,1,8,0,9,0,11,71,0,82,0,12,79,0,91,66,0,66,157
08/17/2023,SFF,WA,ANM,WE,Federal Contract Tower,0,2,19,0,21,0,2,50,0,52,0,4,69,0,73,97,0,97,170
08/18/2023,SFF,WA,ANM,WE,Federal Contract Tower,0,3,18,0,21,0,5,51,0,56,0,8,69,0,77,44,0,44,121
08/19/2023,SFF,WA,ANM,WE,Federal Contract Tower,0,3,18,0,21,0,0,0,0,0,0,3,18,0,21,0,0,0,21
08/20/2023,SFF,WA,ANM,WE,Federal Contract Tower,0,1,13,0,14,0,0,2,0,2,0,1,15,0,16,0,0,0,16
08/21/2023,SFF,WA,ANM,WE,Federal Contract Tower,0,7,28,0,35,0,2,21,0,23,0,9,49,0,58,54,0,54,112
08/22/2023,SFF,WA,ANM,WE,Federal Contract Tower,0,11,27,0,38,0,3,10,0,13,0,14,37,0,51,68,0,68,119
08/23/2023,SFF,WA,ANM,WE,Federal Contract Tower,0,1,23,0,24,0,9,93,0,102,0,10,116,0,126,176,0,176,302
08/24/2023,SFF,WA,ANM,WE,Federal Contract Tower,0,4,21,0,25,0,5,137,0,142,0,9,158,0,167,208,2,210,377
08/25/2023,SFF,WA,ANM,WE,Federal Contract Tower,0,5,21,0,26,0,8,79,0,87,0,13,100,0,113,210,0,210,323
08/26/2023,SFF,WA,ANM,WE,Federal Contract Tower,0,4,9,0,13,0,9,106,0,115,0,13,115,0,128,74,0,74,202
08/27/2023,SFF,WA,ANM,WE,Federal Contract Tower,0,2,13,0,15,0,8,74,0,82,0,10,87,0,97,62,0,62,159
08/28/2023,SFF,WA,ANM,WE,Federal Contract Tower,0,6,18,0,24,0,5,105,0,110,0,11,123,0,134,168,0,168,302
08/29/2023,SFF,WA,ANM,WE,Federal Contract Tower,0,3,12,0,15,0,2,58,0,60,0,5,70,0,75,90,0,90,165
08/30/2023,SFF,WA,ANM,WE,Federal Contract Tower,0,5,24,0,29,0,4,19,0,23,0,9,43,0,52,52,0,52,104
08/31/2023,SFF,WA,ANM,WE,Federal Contract Tower,0,5,22,0,27,0,4,76,0,80,0,9,98,0,107,73,0,73,180
