01/01/2000,SFO,CA,AWP,WE,Combined TRACON& Tower with Radar,693,164,22,0,879,2,23,0,0,25,695,187,22,0,904,0,0,0,904
01/02/2000,SFO,CA,AWP,WE,Combined TRACON& Tower with Radar,890,210,30,2,1132,0,0,14,4,18,890,210,44,6,1150,0,0,0,1150
01/03/2000,SFO,CA,AWP,WE,Combined TRACON& Tower with Radar,887,209,30,2,1128,23,7,18,2,50,910,216,48,4,1178,0,0,0,1178
01/04/2000,SFO,CA,AWP,WE,Combined TRACON& Tower with Radar,800,157,27,2,986,57,0,12,1,70,857,157,39,3,1056,0,0,0,1056
01/05/2000,SFO,CA,AWP,WE,Combined TRACON& Tower with Radar,922,211,32,2,1167,0,0,32,8,40,922,211,64,10,1207,0,0,0,1207
01/06/2000,SFO,CA,AWP,WE,Combined TRACON& Tower with Radar,912,216,30,2,1160,0,7,42,11,60,912,223,72,13,1220,0,0,0,1220
01/07/2000,SFO,CA,AWP,WE,Combined TRACON& Tower with Radar,905,207,30,2,1144,11,0,39,5,55,916,207,69,7,1199,0,0,0,1199
01/08/2000,SFO,CA,AWP,WE,Combined TRACON& Tower with Radar,807,186,27,2,1022,13,0,10,6,29,820,186,37,8,1051,0,0,0,1051
01/09/2000,SFO,CA,AWP,WE,Combined TRACON& Tower with Radar,825,194,27,3,1049,11,1,29,1,42,836,195,56,4,1091,0,0,0,1091
01/10/2000,SFO,CA,AWP,WE,Combined TRACON& Tower with Radar,802,188,26,3,1019,0,0,41,3,44,802,188,67,6,1063,0,0,0,1063
01/11/2000,SFO,CA,AWP,WE,Combined TRACON& Tower with Radar,765,172,25,3,965,0,0,25,14,39,765,172,50,17,1004,0,0,0,1004
01/12/2000,SFO,CA,AWP,WE,Combined TRACON& Tower with Radar,896,212,29,3,1140,6,10,62,3,81,902,222,91,6,1221,0,0,0,1221
01/13/2000,SFO,CA,AWP,WE,Combined TRACON& Tower with Radar,871,208,29,3,1111,0,20,49,4,73,871,228,78,7,1184,0,0,0,1184
01/14/2000,SFO,CA,AWP,WE,Combined TRACON& Tower with Radar,915,216,30,3,1164,0,12,47,3,62,915,228,77,6,1226,0,0,0,1226
01/15/2000,SFO,CA,AWP,WE,Combined TRACON& Tower with Radar,821,193,26,3,1043,12,6,5,1,24,833,199,31,4,1067,0,0,0,1067
01/16/2000,SFO,CA,AWP,WE,Combined TRACON& Tower with Radar,856,201,28,2,1087,15,5,19,0,39,871,206,47,2,1126,0,0,0,1126
01/17/2000,SFO,CA,AWP,WE,Combined TRACON& Tower with Radar,833,200,27,0,1060,0,10,40,0,50,833,210,67,0,1110,0,0,0,1110
01/18/2000,SFO,CA,AWP,WE,Combined TRACON& Tower with Radar,826,201,28,3,1058,0,12,58,4,74,826,213,86,7,1132,0,0,0,1132
01/19/2000,SFO,CA,AWP,WE,Combined TRACON& Tower with Radar,770,164,25,3,962,44,0,57,1,102,814,164,82,4,1064,0,0,0,1064
01/20/2000,SFO,CA,AWP,WE,Combined TRACON& Tower with Radar,903,216,30,3,1152,0,3,80,1,84,903,219,110,4,1236,0,0,0,1236
01/21/2000,SFO,CA,AWP,WE,Combined TRACON& Tower with Radar,918,217,31,3,1169,0,7,65,2,74,918,224,96,5,1243,0,0,0,1243
01/22/2000,SFO,CA,AWP,WE,Combined TRACON& Tower with Radar,843,198,27,3,1071,5,3,19,0,27,848,201,46,3,1098,0,0,0,1098
01/23/2000,SFO,CA,AWP,WE,Combined TRACON& Tower with Radar,768,151,25,2,946,11,0,22,0,33,779,151,47,2,979,0,0,0,979
01/24/2000,SFO,CA,AWP,WE,Combined TRACON& Tower with Radar,801,170,26,3,1000,3,0,26,0,29,804,170,52,3,1029,0,0,0,1029
01/25/2000,SFO,CA,AWP,WE,Combined TRACON& Tower with Radar,768,194,27,3,992,0,46,32,3,81,768,240,59,6,1073,0,0,0,1073
01/26/2000,SFO,CA,AWP,WE,Combined TRACON& Tower with Radar,871,210,30,3,1114,0,12,30,1,43,871,222,60,4,1157,0,0,0,1157
01/27/2000,SFO,CA,AWP,WE,Combined TRACON& Tower with Radar,914,221,31,3,1169,0,20,67,2,89,914,241,98,5,1258,0,0,0,1258
01/28/2000,SFO,CA,AWP,WE,Combined TRACON& Tower with Radar,922,217,30,3,1172,3,7,49,4,63,925,224,79,7,1235,0,0,0,1235
01/29/2000,SFO,CA,AWP,WE,Combined TRACON& Tower with Radar,808,191,26,2,1027,19,9,17,1,46,827,200,43,3,1073,0,0,0,1073
01/30/2000,SFO,CA,AWP,WE,Combined TRACON& Tower with Radar,817,187,26,2,1032,8,0,3,2,13,825,187,29,4,1045,0,0,0,1045
01/31/2000,SFO,CA,AWP,WE,Combined TRACON& Tower with Radar,843,198,27,2,1070,7,0,26,1,34,850,198,53,3,1104,0,0,0,1104
02/01/2000,SFO,CA,AWP,WE,Combined TRACON& Tower with Radar,871,196,37,3,1107,0,13,45,2,60,871,209,82,5,1167,0,0,0,1167
02/02/2000,SFO,CA,AWP,WE,Combined TRACON& Tower with Radar,897,199,38,3,1137,30,16,42,6,94,927,215,80,9,1231,0,0,0,1231
02/03/2000,SFO,CA,AWP,WE,Combined TRACON& Tower with Radar,826,190,36,2,1054,0,11,39,7,57,826,201,75,9,1111,0,0,0,1111
02/04/2000,SFO,CA,AWP,WE,Combined TRACON& Tower with Radar,919,209,40,3,1171,0,16,53,1,70,919,225,93,4,1241,0,0,0,1241
02/05/2000,SFO,CA,AWP,WE,Combined TRACON& Tower with Radar,734,138,31,2,905,33,0,0,2,35,767,138,31,4,940,0,0,0,940
02/06/2000,SFO,CA,AWP,WE,Combined TRACON& Tower with Radar,868,196,37,3,1104,0,10,47,1,58,868,206,84,4,1162,0,0,0,1162
02/07/2000,SFO,CA,AWP,WE,Combined TRACON& Tower with Radar,839,159,36,2,1036,16,0,23,6,45,855,159,59,8,1081,0,0,0,1081
02/08/2000,SFO,CA,AWP,WE,Combined TRACON& Tower with Radar,856,202,38,3,1099,0,19,61,3,83,856,221,99,6,1182,0,0,0,1182
02/09/2000,SFO,CA,AWP,WE,Combined TRACON& Tower with Radar,771,172,33,2,978,33,16,46,0,95,804,188,79,2,1073,0,0,0,1073
02/10/2000,SFO,CA,AWP,WE,Combined TRACON& Tower with Radar,844,176,37,2,1059,0,0,39,8,47,844,176,76,10,1106,0,0,0,1106
02/11/2000,SFO,CA,AWP,WE,Combined TRACON& Tower with Radar,759,147,32,2,940,23,0,18,5,46,782,147,50,7,986,0,0,0,986
02/12/2000,SFO,CA,AWP,WE,Combined TRACON& Tower with Radar,729,146,31,1,907,34,0,4,0,38,763,146,35,1,945,0,0,0,945
02/13/2000,SFO,CA,AWP,WE,Combined TRACON& Tower with Radar,740,156,31,0,927,7,0,8,0,15,747,156,39,0,942,0,0,0,942
02/14/2000,SFO,CA,AWP,WE,Combined TRACON& Tower with Radar,869,195,36,4,1104,0,0,35,2,37,869,195,71,6,1141,0,0,0,1141
02/15/2000,SFO,CA,AWP,WE,Combined TRACON& Tower with Radar,898,202,38,4,1142,0,34,41,1,76,898,236,79,5,1218,0,0,0,1218
02/16/2000,SFO,CA,AWP,WE,Combined TRACON& Tower with Radar,844,192,36,3,1075,0,35,33,4,72,844,227,69,7,1147,0,0,0,1147
02/17/2000,SFO,CA,AWP,WE,Combined TRACON& Tower with Radar,907,205,38,4,1154,0,19,49,2,70,907,224,87,6,1224,0,0,0,1224
02/18/2000,SFO,CA,AWP,WE,Combined TRACON& Tower with Radar,896,201,38,4,1139,0,35,64,4,103,896,236,102,8,1242,0,0,0,1242
02/19/2000,SFO,CA,AWP,WE,Combined TRACON& Tower with Radar,830,193,36,1,1060,0,18,30,0,48,830,211,66,1,1108,0,0,0,1108
02/20/2000,SFO,CA,AWP,WE,Combined TRACON& Tower with Radar,793,166,33,3,995,1,0,12,3,16,794,166,45,6,1011,0,0,0,1011
02/21/2000,SFO,CA,AWP,WE,Combined TRACON& Tower with Radar,873,193,37,0,1103,35,6,12,0,53,908,199,49,0,1156,0,0,0,1156
02/22/2000,SFO,CA,AWP,WE,Combined TRACON& Tower with Radar,746,150,31,3,930,23,0,12,3,38,769,150,43,6,968,0,0,0,968
02/23/2000,SFO,CA,AWP,WE,Combined TRACON& Tower with Radar,917,202,38,4,1161,11,18,28,2,59,928,220,66,6,1220,0,0,0,1220
02/24/2000,SFO,CA,AWP,WE,Combined TRACON& Tower with Radar,825,183,34,3,1045,9,12,14,7,42,834,195,48,10,1087,0,0,0,1087
02/25/2000,SFO,CA,AWP,WE,Combined TRACON& Tower with Radar,925,206,38,4,1173,0,12,41,5,58,925,218,79,9,1231,0,0,0,1231
02/26/2000,SFO,CA,AWP,WE,Combined TRACON& Tower with Radar,733,149,30,2,914,37,0,7,5,49,770,149,37,7,963,0,0,0,963
02/27/2000,SFO,CA,AWP,WE,Combined TRACON& Tower with Radar,853,185,35,2,1075,0,0,18,2,20,853,185,53,4,1095,0,0,0,1095
02/28/2000,SFO,CA,AWP,WE,Combined TRACON& Tower with Radar,916,204,38,3,1161,0,12,40,4,56,916,216,78,7,1217,0,0,0,1217
02/29/2000,SFO,CA,AWP,WE,Combined TRACON& Tower with Radar,866,197,37,3,1103,0,13,45,1,59,866,210,82,4,1162,0,0,0,1162
03/01/2000,SFO,CA,AWP,WE,Combined TRACON& Tower with Radar,917,221,30,4,1172,0,1,45,4,50,917,222,75,8,1222,0,0,0,1222
03/02/2000,SFO,CA,AWP,WE,Combined TRACON& Tower with Radar,846,189,28,3,1066,0,0,39,16,55,846,189,67,19,1121,0,0,0,1121
03/03/2000,SFO,CA,AWP,WE,Combined TRACON& Tower with Radar,891,209,29,2,1131,27,1,50,3,81,918,210,79,5,1212,0,0,0,1212
03/04/2000,SFO,CA,AWP,WE,Combined TRACON& Tower with Radar,787,185,25,2,999,18,5,10,3,36,805,190,35,5,1035,0,0,0,1035
03/05/2000,SFO,CA,AWP,WE,Combined TRACON& Tower with Radar,796,158,26,2,982,28,0,31,0,59,824,158,57,2,1041,0,0,0,1041
03/06/2000,SFO,CA,AWP,WE,Combined TRACON& Tower with Radar,899,211,29,2,1141,0,0,51,8,59,899,211,80,10,1200,0,0,0,1200
03/07/2000,SFO,CA,AWP,WE,Combined TRACON& Tower with Radar,796,190,26,2,1014,0,0,60,7,67,796,190,86,9,1081,0,0,0,1081
03/08/2000,SFO,CA,AWP,WE,Combined TRACON& Tower with Radar,797,173,26,2,998,21,0,36,0,57,818,173,62,2,1055,0,0,0,1055
03/09/2000,SFO,CA,AWP,WE,Combined TRACON& Tower with Radar,883,187,28,2,1100,18,0,44,13,75,901,187,72,15,1175,0,0,0,1175
03/10/2000,SFO,CA,AWP,WE,Combined TRACON& Tower with Radar,915,206,29,2,1152,0,0,74,6,80,915,206,103,8,1232,0,0,0,1232
03/11/2000,SFO,CA,AWP,WE,Combined TRACON& Tower with Radar,826,193,27,2,1048,2,17,24,7,50,828,210,51,9,1098,0,0,0,1098
03/12/2000,SFO,CA,AWP,WE,Combined TRACON& Tower with Radar,879,206,28,2,1115,1,21,54,2,78,880,227,82,4,1193,0,0,0,1193
03/13/2000,SFO,CA,AWP,WE,Combined TRACON& Tower with Radar,849,199,27,3,1078,0,10,47,6,63,849,209,74,9,1141,0,0,0,1141
03/14/2000,SFO,CA,AWP,WE,Combined TRACON& Tower with Radar,898,209,28,3,1138,0,0,62,7,69,898,209,90,10,1207,0,0,0,1207
03/15/2000,SFO,CA,AWP,WE,Combined TRACON& Tower with Radar,907,213,28,3,1151,19,11,67,5,102,926,224,95,8,1253,0,0,0,1253
03/16/2000,SFO,CA,AWP,WE,Combined TRACON& Tower with Radar,910,221,30,4,1165,0,0,104,11,115,910,221,134,15,1280,0,0,0,1280
03/17/2000,SFO,CA,AWP,WE,Combined TRACON& Tower with Radar,938,221,29,3,1191,0,16,80,7,103,938,237,109,10,1294,0,0,0,1294
03/18/2000,SFO,CA,AWP,WE,Combined TRACON& Tower with Radar,827,192,26,3,1048,16,13,42,2,73,843,205,68,5,1121,0,0,0,1121
03/19/2000,SFO,CA,AWP,WE,Combined TRACON& Tower with Radar,877,207,27,2,1113,0,23,75,0,98,877,230,102,2,1211,0,0,0,1211
03/20/2000,SFO,CA,AWP,WE,Combined TRACON& Tower with Radar,893,214,29,3,1139,0,10,54,5,69,893,224,83,8,1208,0,0,0,1208
03/21/2000,SFO,CA,AWP,WE,Combined TRACON& Tower with Radar,926,219,29,3,1177,0,3,75,9,87,926,222,104,12,1264,0,0,0,1264
03/22/2000,SFO,CA,AWP,WE,Combined TRACON& Tower with Radar,922,218,29,3,1172,0,9,80,5,94,922,227,109,8,1266,0,0,0,1266
03/23/2000,SFO,CA,AWP,WE,Combined TRACON& Tower with Radar,936,225,30,4,1195,0,0,97,4,101,936,225,127,8,1296,0,0,0,1296
03/24/2000,SFO,CA,AWP,WE,Combined TRACON& Tower with Radar,921,215,29,3,1168,24,0,91,0,115,945,215,120,3,1283,0,0,0,1283
03/25/2000,SFO,CA,AWP,WE,Combined TRACON& Tower with Radar,837,195,26,3,1061,5,9,51,3,68,842,204,77,6,1129,0,0,0,1129
03/26/2000,SFO,CA,AWP,WE,Combined TRACON& Tower with Radar,900,210,28,3,1141,0,8,69,0,77,900,218,97,3,1218,0,0,0,1218
03/27/2000,SFO,CA,AWP,WE,Combined TRACON& Tower with Radar,823,165,25,3,1016,34,0,40,5,79,857,165,65,8,1095,0,0,0,1095
03/28/2000,SFO,CA,AWP,WE,Combined TRACON& Tower with Radar,916,213,29,3,1161,4,6,59,17,86,920,219,88,20,1247,0,0,0,1247
03/29/2000,SFO,CA,AWP,WE,Combined TRACON& Tower with Radar,909,212,29,3,1153,0,23,59,14,96,909,235,88,17,1249,0,0,0,1249
03/30/2000,SFO,CA,AWP,WE,Combined TRACON& Tower with Radar,938,220,30,3,1191,0,19,62,9,90,938,239,92,12,1281,0,0,0,1281
03/31/2000,SFO,CA,AWP,WE,Combined TRACON& Tower with Radar,911,212,29,3,1155,16,16,80,6,118,927,228,109,9,1273,0,0,0,1273
04/01/2000,SFO,CA,AWP,WE,Combined TRACON& Tower with Radar,836,195,28,2,1061,4,13,45,5,67,840,208,73,7,1128,65,0,65,1193
04/02/2000,SFO,CA,AWP,WE,Combined TRACON& Tower with Radar,897,212,31,2,1142,0,0,31,0,31,897,212,62,2,1173,65,0,65,1238
04/03/2000,SFO,CA,AWP,WE,Combined TRACON& Tower with Radar,895,209,30,2,1136,10,19,37,11,77,905,228,67,13,1213,42,0,42,1255
04/04/2000,SFO,CA,AWP,WE,Combined TRACON& Tower with Radar,902,206,30,2,1140,0,0,54,2,56,902,206,84,4,1196,43,0,43,1239
04/05/2000,SFO,CA,AWP,WE,Combined TRACON& Tower with Radar,910,214,31,2,1157,0,0,52,11,63,910,214,83,13,1220,47,0,47,1267
04/06/2000,SFO,CA,AWP,WE,Combined TRACON& Tower with Radar,913,207,30,2,1152,9,0,66,12,87,922,207,96,14,1239,45,0,45,1284
04/07/2000,SFO,CA,AWP,WE,Combined TRACON& Tower with Radar,906,212,30,2,1150,39,8,65,10,122,945,220,95,12,1272,48,0,48,1320
04/08/2000,SFO,CA,AWP,WE,Combined TRACON& Tower with Radar,782,173,25,3,983,18,0,34,0,52,800,173,59,3,1035,34,0,34,1069
04/09/2000,SFO,CA,AWP,WE,Combined TRACON& Tower with Radar,884,209,29,3,1125,0,9,71,4,84,884,218,100,7,1209,69,0,69,1278
04/10/2000,SFO,CA,AWP,WE,Combined TRACON& Tower with Radar,924,216,30,3,1173,0,13,55,3,71,924,229,85,6,1244,53,1,54,1298
04/11/2000,SFO,CA,AWP,WE,Combined TRACON& Tower with Radar,909,218,30,3,1160,0,8,64,6,78,909,226,94,9,1238,66,0,66,1304
04/12/2000,SFO,CA,AWP,WE,Combined TRACON& Tower with Radar,920,218,30,3,1171,0,21,52,3,76,920,239,82,6,1247,48,0,48,1295
04/13/2000,SFO,CA,AWP,WE,Combined TRACON& Tower with Radar,926,224,31,3,1184,0,8,78,7,93,926,232,109,10,1277,32,0,32,1309
04/14/2000,SFO,CA,AWP,WE,Combined TRACON& Tower with Radar,927,218,30,3,1178,0,24,48,4,76,927,242,78,7,1254,58,1,59,1313
04/15/2000,SFO,CA,AWP,WE,Combined TRACON& Tower with Radar,857,202,28,3,1090,0,5,38,4,47,857,207,66,7,1137,14,0,14,1151
04/16/2000,SFO,CA,AWP,WE,Combined TRACON& Tower with Radar,821,176,26,3,1026,5,0,34,0,39,826,176,60,3,1065,4,0,4,1069
04/17/2000,SFO,CA,AWP,WE,Combined TRACON& Tower with Radar,927,215,30,3,1175,8,0,39,2,49,935,215,69,5,1224,46,0,46,1270
04/18/2000,SFO,CA,AWP,WE,Combined TRACON& Tower with Radar,912,212,29,3,1156,20,12,29,10,71,932,224,58,13,1227,48,0,48,1275
04/19/2000,SFO,CA,AWP,WE,Combined TRACON& Tower with Radar,900,208,29,3,1140,2,20,49,1,72,902,228,78,4,1212,54,0,54,1266
04/20/2000,SFO,CA,AWP,WE,Combined TRACON& Tower with Radar,912,215,30,3,1160,0,11,85,4,100,912,226,115,7,1260,63,0,63,1323
04/21/2000,SFO,CA,AWP,WE,Combined TRACON& Tower with Radar,855,198,27,1,1081,6,5,33,0,44,861,203,60,1,1125,20,0,20,1145
04/22/2000,SFO,CA,AWP,WE,Combined TRACON& Tower with Radar,867,200,28,1,1096,0,0,9,0,9,867,200,37,1,1105,22,0,22,1127
04/23/2000,SFO,CA,AWP,WE,Combined TRACON& Tower with Radar,901,206,29,2,1138,11,0,27,0,38,912,206,56,2,1176,34,0,34,1210
04/24/2000,SFO,CA,AWP,WE,Combined TRACON& Tower with Radar,919,218,30,2,1169,0,3,78,6,87,919,221,108,8,1256,46,0,46,1302
04/25/2000,SFO,CA,AWP,WE,Combined TRACON& Tower with Radar,947,225,31,2,1205,0,2,65,8,75,947,227,96,10,1280,33,0,33,1313
04/26/2000,SFO,CA,AWP,WE,Combined TRACON& Tower with Radar,926,215,30,2,1173,1,23,51,5,80,927,238,81,7,1253,75,0,75,1328
04/27/2000,SFO,CA,AWP,WE,Combined TRACON& Tower with Radar,810,162,26,2,1000,38,0,52,4,94,848,162,78,6,1094,27,1,28,1122
04/28/2000,SFO,CA,AWP,WE,Combined TRACON& Tower with Radar,967,229,32,2,1230,0,0,42,5,47,967,229,74,7,1277,35,0,35,1312
04/29/2000,SFO,CA,AWP,WE,Combined TRACON& Tower with Radar,832,194,27,2,1055,30,0,39,3,72,862,194,66,5,1127,42,0,42,1169
04/30/2000,SFO,CA,AWP,WE,Combined TRACON& Tower with Radar,896,209,29,2,1136,26,7,54,6,93,922,216,83,8,1229,51,0,51,1280
05/01/2000,SFO,CA,AWP,WE,Combined TRACON& Tower with Radar,927,219,75,5,1226,0,5,2,2,9,927,224,77,7,1235,0,0,0,1235
05/02/2000,SFO,CA,AWP,WE,Combined TRACON& Tower with Radar,875,171,70,2,1118,34,0,3,0,37,909,171,73,2,1155,0,0,0,1155
05/03/2000,SFO,CA,AWP,WE,Combined TRACON& Tower with Radar,902,211,73,4,1190,0,2,2,0,4,902,213,75,4,1194,0,0,0,1194
05/04/2000,SFO,CA,AWP,WE,Combined TRACON& Tower with Radar,978,226,79,6,1289,0,0,9,0,9,978,226,88,6,1298,0,0,0,1298
05/05/2000,SFO,CA,AWP,WE,Combined TRACON& Tower with Radar,953,223,72,5,1253,2,0,0,3,5,955,223,72,8,1258,0,0,0,1258
05/06/2000,SFO,CA,AWP,WE,Combined TRACON& Tower with Radar,820,191,50,1,1062,12,8,0,0,20,832,199,50,1,1082,0,0,0,1082
05/07/2000,SFO,CA,AWP,WE,Combined TRACON& Tower with Radar,752,164,51,0,967,26,0,0,0,26,778,164,51,0,993,0,0,0,993
05/08/2000,SFO,CA,AWP,WE,Combined TRACON& Tower with Radar,907,212,59,5,1183,9,5,0,0,14,916,217,59,5,1197,0,0,0,1197
05/09/2000,SFO,CA,AWP,WE,Combined TRACON& Tower with Radar,899,200,73,3,1175,0,0,12,0,12,899,200,85,3,1187,0,0,0,1187
05/10/2000,SFO,CA,AWP,WE,Combined TRACON& Tower with Radar,869,210,72,5,1156,0,7,17,5,29,869,217,89,10,1185,0,0,0,1185
05/11/2000,SFO,CA,AWP,WE,Combined TRACON& Tower with Radar,911,210,75,6,1202,0,0,35,8,43,911,210,110,14,1245,0,0,0,1245
05/12/2000,SFO,CA,AWP,WE,Combined TRACON& Tower with Radar,899,219,74,6,1198,0,0,6,2,8,899,219,80,8,1206,0,0,0,1206
05/13/2000,SFO,CA,AWP,WE,Combined TRACON& Tower with Radar,814,190,44,2,1050,14,10,0,0,24,828,200,44,2,1074,0,0,0,1074
05/14/2000,SFO,CA,AWP,WE,Combined TRACON& Tower with Radar,739,149,40,3,931,45,0,0,0,45,784,149,40,3,976,0,0,0,976
05/15/2000,SFO,CA,AWP,WE,Combined TRACON& Tower with Radar,892,200,57,6,1155,23,0,0,0,23,915,200,57,6,1178,0,0,0,1178
05/16/2000,SFO,CA,AWP,WE,Combined TRACON& Tower with Radar,860,187,55,6,1108,22,0,0,5,27,882,187,55,11,1135,0,0,0,1135
05/17/2000,SFO,CA,AWP,WE,Combined TRACON& Tower with Radar,901,213,72,6,1192,0,8,5,1,14,901,221,77,7,1206,0,0,0,1206
05/18/2000,SFO,CA,AWP,WE,Combined TRACON& Tower with Radar,879,211,72,6,1168,0,15,11,2,28,879,226,83,8,1196,0,0,0,1196
05/19/2000,SFO,CA,AWP,WE,Combined TRACON& Tower with Radar,913,217,74,4,1208,0,6,14,0,20,913,223,88,4,1228,0,0,0,1228
05/20/2000,SFO,CA,AWP,WE,Combined TRACON& Tower with Radar,810,192,66,2,1070,0,8,13,0,21,810,200,79,2,1091,0,0,0,1091
05/21/2000,SFO,CA,AWP,WE,Combined TRACON& Tower with Radar,882,210,72,0,1164,0,17,12,0,29,882,227,84,0,1193,0,0,0,1193
05/22/2000,SFO,CA,AWP,WE,Combined TRACON& Tower with Radar,915,215,74,6,1210,0,3,7,0,10,915,218,81,6,1220,0,0,0,1220
05/23/2000,SFO,CA,AWP,WE,Combined TRACON& Tower with Radar,938,221,75,5,1239,0,1,11,0,12,938,222,86,5,1251,0,0,0,1251
05/24/2000,SFO,CA,AWP,WE,Combined TRACON& Tower with Radar,911,215,73,4,1203,0,8,6,0,14,911,223,79,4,1217,0,0,0,1217
05/25/2000,SFO,CA,AWP,WE,Combined TRACON& Tower with Radar,939,219,76,6,1240,0,0,18,4,22,939,219,94,10,1262,0,0,0,1262
05/26/2000,SFO,CA,AWP,WE,Combined TRACON& Tower with Radar,887,200,69,5,1161,35,0,0,0,35,922,200,69,5,1196,0,0,0,1196
05/27/2000,SFO,CA,AWP,WE,Combined TRACON& Tower with Radar,862,194,46,3,1105,32,0,0,0,32,894,194,46,3,1137,0,0,0,1137
05/28/2000,SFO,CA,AWP,WE,Combined TRACON& Tower with Radar,830,193,36,4,1063,16,15,0,0,31,846,208,36,4,1094,0,0,0,1094
05/29/2000,SFO,CA,AWP,WE,Combined TRACON& Tower with Radar,902,214,67,5,1188,0,10,0,7,17,902,224,67,12,1205,0,0,0,1205
05/30/2000,SFO,CA,AWP,WE,Combined TRACON& Tower with Radar,937,219,57,5,1218,13,4,0,1,18,950,223,57,6,1236,0,0,0,1236
05/31/2000,SFO,CA,AWP,WE,Combined TRACON& Tower with Radar,912,215,73,5,1205,0,3,4,0,7,912,218,77,5,1212,0,0,0,1212
06/01/2000,SFO,CA,AWP,WE,Combined TRACON& Tower with Radar,916,214,71,5,1206,0,10,0,10,20,916,224,71,15,1226,0,0,0,1226
06/02/2000,SFO,CA,AWP,WE,Combined TRACON& Tower with Radar,916,214,54,5,1189,0,14,0,0,14,916,228,54,5,1203,0,0,0,1203
06/03/2000,SFO,CA,AWP,WE,Combined TRACON& Tower with Radar,856,198,56,1,1111,8,13,0,0,21,864,211,56,1,1132,0,0,0,1132
06/04/2000,SFO,CA,AWP,WE,Combined TRACON& Tower with Radar,900,207,43,0,1150,5,34,0,0,39,905,241,43,0,1189,0,0,0,1189
06/05/2000,SFO,CA,AWP,WE,Combined TRACON& Tower with Radar,908,210,56,5,1179,14,5,0,2,21,922,215,56,7,1200,0,0,0,1200
06/06/2000,SFO,CA,AWP,WE,Combined TRACON& Tower with Radar,949,220,67,5,1241,0,11,0,4,15,949,231,67,9,1256,0,0,0,1256
06/07/2000,SFO,CA,AWP,WE,Combined TRACON& Tower with Radar,888,212,79,5,1184,0,20,9,2,31,888,232,88,7,1215,0,0,0,1215
06/08/2000,SFO,CA,AWP,WE,Combined TRACON& Tower with Radar,872,160,67,5,1104,45,0,0,4,49,917,160,67,9,1153,0,0,0,1153
06/09/2000,SFO,CA,AWP,WE,Combined TRACON& Tower with Radar,940,218,80,6,1244,0,3,0,1,4,940,221,80,7,1248,0,0,0,1248
06/10/2000,SFO,CA,AWP,WE,Combined TRACON& Tower with Radar,877,190,51,1,1119,40,0,0,0,40,917,190,51,1,1159,0,0,0,1159
06/11/2000,SFO,CA,AWP,WE,Combined TRACON& Tower with Radar,915,207,67,6,1195,13,0,0,1,14,928,207,67,7,1209,0,0,0,1209
06/12/2000,SFO,CA,AWP,WE,Combined TRACON& Tower with Radar,928,215,74,6,1223,0,2,0,5,7,928,217,74,11,1230,0,0,0,1230
06/13/2000,SFO,CA,AWP,WE,Combined TRACON& Tower with Radar,958,226,82,4,1270,0,2,19,0,21,958,228,101,4,1291,0,0,0,1291
06/14/2000,SFO,CA,AWP,WE,Combined TRACON& Tower with Radar,940,217,80,1,1238,4,1,0,0,5,944,218,80,1,1243,0,0,0,1243
06/15/2000,SFO,CA,AWP,WE,Combined TRACON& Tower with Radar,982,212,83,7,1284,0,0,27,1,28,982,212,110,8,1312,0,0,0,1312
06/16/2000,SFO,CA,AWP,WE,Combined TRACON& Tower with Radar,979,220,83,6,1288,3,0,0,2,5,982,220,83,8,1293,0,0,0,1293
06/17/2000,SFO,CA,AWP,WE,Combined TRACON& Tower with Radar,886,198,75,4,1163,0,0,12,0,12,886,198,87,4,1175,0,0,0,1175
06/18/2000,SFO,CA,AWP,WE,Combined TRACON& Tower with Radar,931,208,79,2,1220,0,0,18,0,18,931,208,97,2,1238,0,0,0,1238
06/19/2000,SFO,CA,AWP,WE,Combined TRACON& Tower with Radar,982,214,84,7,1287,0,0,36,1,37,982,214,120,8,1324,0,0,0,1324
06/20/2000,SFO,CA,AWP,WE,Combined TRACON& Tower with Radar,984,218,84,6,1292,0,0,8,1,9,984,218,92,7,1301,0,0,0,1301
06/21/2000,SFO,CA,AWP,WE,Combined TRACON& Tower with Radar,966,226,83,3,1278,0,7,15,0,22,966,233,98,3,1300,0,0,0,1300
06/22/2000,SFO,CA,AWP,WE,Combined TRACON& Tower with Radar,963,224,80,6,1273,0,11,0,1,12,963,235,80,7,1285,0,0,0,1285
06/23/2000,SFO,CA,AWP,WE,Combined TRACON& Tower with Radar,991,228,75,3,1297,10,2,0,0,12,1001,230,75,3,1309,0,0,0,1309
06/24/2000,SFO,CA,AWP,WE,Combined TRACON& Tower with Radar,861,197,49,6,1113,32,13,0,1,46,893,210,49,7,1159,0,0,0,1159
06/25/2000,SFO,CA,AWP,WE,Combined TRACON& Tower with Radar,937,217,80,3,1237,0,5,6,0,11,937,222,86,3,1248,0,0,0,1248
06/26/2000,SFO,CA,AWP,WE,Combined TRACON& Tower with Radar,955,223,82,6,1266,0,0,17,2,19,955,223,99,8,1285,0,0,0,1285
06/27/2000,SFO,CA,AWP,WE,Combined TRACON& Tower with Radar,969,216,81,6,1272,1,0,6,0,7,970,216,87,6,1279,0,0,0,1279
06/28/2000,SFO,CA,AWP,WE,Combined TRACON& Tower with Radar,978,224,83,4,1289,0,0,5,0,5,978,224,88,4,1294,0,0,0,1294
06/29/2000,SFO,CA,AWP,WE,Combined TRACON& Tower with Radar,991,223,80,6,1300,5,0,0,3,8,996,223,80,9,1308,0,0,0,1308
06/30/2000,SFO,CA,AWP,WE,Combined TRACON& Tower with Radar,969,202,82,2,1255,4,0,21,0,25,973,202,103,2,1280,0,0,0,1280
07/01/2000,SFO,CA,AWP,WE,Combined TRACON& Tower with Radar,905,208,39,4,1156,27,0,0,3,30,932,208,39,7,1186,0,0,0,1186
07/02/2000,SFO,CA,AWP,WE,Combined TRACON& Tower with Radar,852,191,41,3,1087,29,0,0,0,29,881,191,41,3,1116,0,0,0,1116
07/03/2000,SFO,CA,AWP,WE,Combined TRACON& Tower with Radar,830,190,47,2,1069,1,18,0,0,19,831,208,47,2,1088,0,0,0,1088
07/04/2000,SFO,CA,AWP,WE,Combined TRACON& Tower with Radar,846,194,25,2,1067,28,14,0,0,42,874,208,25,2,1109,0,0,0,1109
07/05/2000,SFO,CA,AWP,WE,Combined TRACON& Tower with Radar,852,171,47,4,1074,40,0,0,2,42,892,171,47,6,1116,0,0,0,1116
07/06/2000,SFO,CA,AWP,WE,Combined TRACON& Tower with Radar,923,196,49,5,1173,30,0,0,7,37,953,196,49,12,1210,0,0,0,1210
07/07/2000,SFO,CA,AWP,WE,Combined TRACON& Tower with Radar,911,193,68,4,1176,18,0,0,0,18,929,193,68,4,1194,0,0,0,1194
07/08/2000,SFO,CA,AWP,WE,Combined TRACON& Tower with Radar,897,206,47,2,1152,24,0,0,0,24,921,206,47,2,1176,0,0,0,1176
07/09/2000,SFO,CA,AWP,WE,Combined TRACON& Tower with Radar,926,216,71,4,1217,0,12,10,0,22,926,228,81,4,1239,0,0,0,1239
07/10/2000,SFO,CA,AWP,WE,Combined TRACON& Tower with Radar,951,218,72,6,1247,0,2,0,1,3,951,220,72,7,1250,0,0,0,1250
07/11/2000,SFO,CA,AWP,WE,Combined TRACON& Tower with Radar,983,221,75,6,1285,0,0,26,0,26,983,221,101,6,1311,0,0,0,1311
07/12/2000,SFO,CA,AWP,WE,Combined TRACON& Tower with Radar,956,224,74,2,1256,0,6,23,0,29,956,230,97,2,1285,0,0,0,1285
07/13/2000,SFO,CA,AWP,WE,Combined TRACON& Tower with Radar,950,218,72,5,1245,0,4,3,0,7,950,222,75,5,1252,0,0,0,1252
07/14/2000,SFO,CA,AWP,WE,Combined TRACON& Tower with Radar,956,221,73,5,1255,0,10,7,0,17,956,231,80,5,1272,0,0,0,1272
07/15/2000,SFO,CA,AWP,WE,Combined TRACON& Tower with Radar,908,208,69,2,1187,0,2,5,0,7,908,210,74,2,1194,0,0,0,1194
07/16/2000,SFO,CA,AWP,WE,Combined TRACON& Tower with Radar,847,181,63,2,1093,13,0,2,0,15,860,181,65,2,1108,0,0,0,1108
07/17/2000,SFO,CA,AWP,WE,Combined TRACON& Tower with Radar,883,176,57,5,1121,35,0,0,0,35,918,176,57,5,1156,0,0,0,1156
07/18/2000,SFO,CA,AWP,WE,Combined TRACON& Tower with Radar,966,223,74,6,1269,0,10,2,1,13,966,233,76,7,1282,0,0,0,1282
07/19/2000,SFO,CA,AWP,WE,Combined TRACON& Tower with Radar,943,223,74,4,1244,0,2,37,0,39,943,225,111,4,1283,0,0,0,1283
07/20/2000,SFO,CA,AWP,WE,Combined TRACON& Tower with Radar,942,209,72,6,1229,0,0,18,1,19,942,209,90,7,1248,0,0,0,1248
07/21/2000,SFO,CA,AWP,WE,Combined TRACON& Tower with Radar,929,202,60,1,1192,24,0,0,0,24,953,202,60,1,1216,0,0,0,1216
07/22/2000,SFO,CA,AWP,WE,Combined TRACON& Tower with Radar,912,204,48,4,1168,26,0,0,0,26,938,204,48,4,1194,0,0,0,1194
07/23/2000,SFO,CA,AWP,WE,Combined TRACON& Tower with Radar,955,218,72,2,1247,0,0,17,0,17,955,218,89,2,1264,0,0,0,1264
07/24/2000,SFO,CA,AWP,WE,Combined TRACON& Tower with Radar,945,224,73,5,1247,0,12,19,3,34,945,236,92,8,1281,0,0,0,1281
07/25/2000,SFO,CA,AWP,WE,Combined TRACON& Tower with Radar,955,227,74,5,1261,0,10,18,6,34,955,237,92,11,1295,0,0,0,1295
07/26/2000,SFO,CA,AWP,WE,Combined TRACON& Tower with Radar,923,215,70,5,1213,0,1,8,6,15,923,216,78,11,1228,0,0,0,1228
07/27/2000,SFO,CA,AWP,WE,Combined TRACON& Tower with Radar,972,222,74,5,1273,0,0,10,3,13,972,222,84,8,1286,0,0,0,1286
07/28/2000,SFO,CA,AWP,WE,Combined TRACON& Tower with Radar,917,213,68,4,1202,0,13,0,4,17,917,226,68,8,1219,0,0,0,1219
07/29/2000,SFO,CA,AWP,WE,Combined TRACON& Tower with Radar,902,207,52,2,1163,12,6,0,0,18,914,213,52,2,1181,0,0,0,1181
07/30/2000,SFO,CA,AWP,WE,Combined TRACON& Tower with Radar,903,209,69,3,1184,0,8,3,0,11,903,217,72,3,1195,0,0,0,1195
07/31/2000,SFO,CA,AWP,WE,Combined TRACON& Tower with Radar,929,218,72,4,1223,0,3,24,0,27,929,221,96,4,1250,0,0,0,1250
08/01/2000,SFO,CA,AWP,WE,Combined TRACON& Tower with Radar,940,223,75,6,1244,0,7,10,2,19,940,230,85,8,1263,0,0,0,1263
08/02/2000,SFO,CA,AWP,WE,Combined TRACON& Tower with Radar,961,228,77,6,1272,0,6,14,0,20,961,234,91,6,1292,0,0,0,1292
08/03/2000,SFO,CA,AWP,WE,Combined TRACON& Tower with Radar,941,223,75,6,1245,0,2,8,6,16,941,225,83,12,1261,0,0,0,1261
08/04/2000,SFO,CA,AWP,WE,Combined TRACON& Tower with Radar,986,231,78,4,1299,0,6,0,0,6,986,237,78,4,1305,0,0,0,1305
08/05/2000,SFO,CA,AWP,WE,Combined TRACON& Tower with Radar,882,206,64,3,1155,0,11,0,0,11,882,217,64,3,1166,0,0,0,1166
08/06/2000,SFO,CA,AWP,WE,Combined TRACON& Tower with Radar,866,197,62,2,1127,14,0,0,0,14,880,197,62,2,1141,0,0,0,1141
08/07/2000,SFO,CA,AWP,WE,Combined TRACON& Tower with Radar,888,179,66,6,1139,30,0,0,1,31,918,179,66,7,1170,0,0,0,1170
08/08/2000,SFO,CA,AWP,WE,Combined TRACON& Tower with Radar,955,207,75,6,1243,6,0,6,3,15,961,207,81,9,1258,0,0,0,1258
08/09/2000,SFO,CA,AWP,WE,Combined TRACON& Tower with Radar,939,215,75,6,1235,0,0,19,4,23,939,215,94,10,1258,0,0,0,1258
08/10/2000,SFO,CA,AWP,WE,Combined TRACON& Tower with Radar,964,223,77,6,1270,0,0,18,2,20,964,223,95,8,1290,0,0,0,1290
08/11/2000,SFO,CA,AWP,WE,Combined TRACON& Tower with Radar,965,221,76,3,1265,1,0,6,0,7,966,221,82,3,1272,0,0,0,1272
08/12/2000,SFO,CA,AWP,WE,Combined TRACON& Tower with Radar,902,210,61,4,1177,7,5,0,0,12,909,215,61,4,1189,0,0,0,1189
08/13/2000,SFO,CA,AWP,WE,Combined TRACON& Tower with Radar,933,221,75,3,1232,0,8,13,0,21,933,229,88,3,1253,0,0,0,1253
08/14/2000,SFO,CA,AWP,WE,Combined TRACON& Tower with Radar,931,219,71,6,1227,0,15,0,0,15,931,234,71,6,1242,0,0,0,1242
08/15/2000,SFO,CA,AWP,WE,Combined TRACON& Tower with Radar,957,223,75,7,1262,0,1,0,1,2,957,224,75,8,1264,0,0,0,1264
08/16/2000,SFO,CA,AWP,WE,Combined TRACON& Tower with Radar,930,224,74,6,1234,0,14,19,0,33,930,238,93,6,1267,0,0,0,1267
08/17/2000,SFO,CA,AWP,WE,Combined TRACON& Tower with Radar,937,225,75,7,1244,0,1,23,7,31,937,226,98,14,1275,0,0,0,1275
08/18/2000,SFO,CA,AWP,WE,Combined TRACON& Tower with Radar,969,226,76,6,1277,0,0,11,0,11,969,226,87,6,1288,0,0,0,1288
08/19/2000,SFO,CA,AWP,WE,Combined TRACON& Tower with Radar,895,201,60,4,1160,19,0,0,0,19,914,201,60,4,1179,0,0,0,1179
08/20/2000,SFO,CA,AWP,WE,Combined TRACON& Tower with Radar,929,220,73,2,1224,0,12,10,0,22,929,232,83,2,1246,0,0,0,1246
08/21/2000,SFO,CA,AWP,WE,Combined TRACON& Tower with Radar,946,219,61,7,1233,13,0,0,0,13,959,219,61,7,1246,0,0,0,1246
08/22/2000,SFO,CA,AWP,WE,Combined TRACON& Tower with Radar,940,212,66,4,1222,16,0,0,0,16,956,212,66,4,1238,0,0,0,1238
08/23/2000,SFO,CA,AWP,WE,Combined TRACON& Tower with Radar,905,205,57,2,1169,22,0,0,0,22,927,205,57,2,1191,0,0,0,1191
08/24/2000,SFO,CA,AWP,WE,Combined TRACON& Tower with Radar,949,220,74,7,1250,0,0,6,11,17,949,220,80,18,1267,0,0,0,1267
08/25/2000,SFO,CA,AWP,WE,Combined TRACON& Tower with Radar,936,217,57,7,1217,10,4,0,1,15,946,221,57,8,1232,0,0,0,1232
08/26/2000,SFO,CA,AWP,WE,Combined TRACON& Tower with Radar,870,201,42,5,1118,25,2,0,0,27,895,203,42,5,1145,0,0,0,1145
08/27/2000,SFO,CA,AWP,WE,Combined TRACON& Tower with Radar,911,211,54,1,1177,9,13,0,0,22,920,224,54,1,1199,0,0,0,1199
08/28/2000,SFO,CA,AWP,WE,Combined TRACON& Tower with Radar,946,220,65,7,1238,0,4,0,8,12,946,224,65,15,1250,0,0,0,1250
08/29/2000,SFO,CA,AWP,WE,Combined TRACON& Tower with Radar,868,186,49,7,1110,29,0,0,3,32,897,186,49,10,1142,0,0,0,1142
08/30/2000,SFO,CA,AWP,WE,Combined TRACON& Tower with Radar,967,219,75,1,1262,5,0,6,0,11,972,219,81,1,1273,0,0,0,1273
08/31/2000,SFO,CA,AWP,WE,Combined TRACON& Tower with Radar,894,202,51,5,1152,25,0,0,0,25,919,202,51,5,1177,0,0,0,1177
09/01/2000,SFO,CA,AWP,WE,Combined TRACON& Tower with Radar,895,189,46,6,1136,28,2,0,0,30,923,191,46,6,1166,0,0,0,1166
09/02/2000,SFO,CA,AWP,WE,Combined TRACON& Tower with Radar,849,179,47,3,1078,10,17,0,0,27,859,196,47,3,1105,0,0,0,1105
09/03/2000,SFO,CA,AWP,WE,Combined TRACON& Tower with Radar,819,173,40,5,1037,3,27,0,0,30,822,200,40,5,1067,0,0,0,1067
09/04/2000,SFO,CA,AWP,WE,Combined TRACON& Tower with Radar,911,193,59,5,1168,0,27,0,0,27,911,220,59,5,1195,0,0,0,1195
09/05/2000,SFO,CA,AWP,WE,Combined TRACON& Tower with Radar,952,203,66,6,1227,0,21,0,6,27,952,224,66,12,1254,0,0,0,1254
09/06/2000,SFO,CA,AWP,WE,Combined TRACON& Tower with Radar,928,196,67,6,1197,7,3,0,2,12,935,199,67,8,1209,0,0,0,1209
09/07/2000,SFO,CA,AWP,WE,Combined TRACON& Tower with Radar,915,196,79,6,1196,0,1,9,7,17,915,197,88,13,1213,0,0,0,1213
09/08/2000,SFO,CA,AWP,WE,Combined TRACON& Tower with Radar,938,190,80,4,1212,7,0,3,0,10,945,190,83,4,1222,0,0,0,1222
09/09/2000,SFO,CA,AWP,WE,Combined TRACON& Tower with Radar,835,164,65,5,1069,11,0,0,7,18,846,164,65,12,1087,0,0,0,1087
09/10/2000,SFO,CA,AWP,WE,Combined TRACON& Tower with Radar,888,189,77,4,1158,0,4,10,0,14,888,193,87,4,1172,0,0,0,1172
09/11/2000,SFO,CA,AWP,WE,Combined TRACON& Tower with Radar,874,184,60,3,1121,13,4,0,0,17,887,188,60,3,1138,0,0,0,1138
09/12/2000,SFO,CA,AWP,WE,Combined TRACON& Tower with Radar,907,191,69,6,1173,6,2,0,0,8,913,193,69,6,1181,0,0,0,1181
09/13/2000,SFO,CA,AWP,WE,Combined TRACON& Tower with Radar,937,199,80,2,1218,0,1,13,0,14,937,200,93,2,1232,0,0,0,1232
09/14/2000,SFO,CA,AWP,WE,Combined TRACON& Tower with Radar,881,169,74,2,1126,17,0,4,0,21,898,169,78,2,1147,0,0,0,1147
09/15/2000,SFO,CA,AWP,WE,Combined TRACON& Tower with Radar,916,180,77,6,1179,10,0,4,0,14,926,180,81,6,1193,0,0,0,1193
09/16/2000,SFO,CA,AWP,WE,Combined TRACON& Tower with Radar,863,170,57,4,1094,28,0,0,0,28,891,170,57,4,1122,0,0,0,1122
09/17/2000,SFO,CA,AWP,WE,Combined TRACON& Tower with Radar,905,196,78,7,1186,0,4,27,0,31,905,200,105,7,1217,0,0,0,1217
09/18/2000,SFO,CA,AWP,WE,Combined TRACON& Tower with Radar,907,197,80,4,1188,0,6,36,0,42,907,203,116,4,1230,0,0,0,1230
09/19/2000,SFO,CA,AWP,WE,Combined TRACON& Tower with Radar,918,208,84,7,1217,0,11,65,1,77,918,219,149,8,1294,0,0,0,1294
09/20/2000,SFO,CA,AWP,WE,Combined TRACON& Tower with Radar,914,198,80,3,1195,0,10,27,0,37,914,208,107,3,1232,0,0,0,1232
09/21/2000,SFO,CA,AWP,WE,Combined TRACON& Tower with Radar,926,189,78,7,1200,0,0,10,2,12,926,189,88,9,1212,0,0,0,1212
09/22/2000,SFO,CA,AWP,WE,Combined TRACON& Tower with Radar,907,173,76,2,1158,7,0,15,0,22,914,173,91,2,1180,0,0,0,1180
09/23/2000,SFO,CA,AWP,WE,Combined TRACON& Tower with Radar,851,161,62,2,1076,31,0,0,0,31,882,161,62,2,1107,0,0,0,1107
09/24/2000,SFO,CA,AWP,WE,Combined TRACON& Tower with Radar,904,190,74,7,1175,0,6,0,0,6,904,196,74,7,1181,0,0,0,1181
09/25/2000,SFO,CA,AWP,WE,Combined TRACON& Tower with Radar,943,194,80,6,1223,3,0,1,0,4,946,194,81,6,1227,0,0,0,1227
09/26/2000,SFO,CA,AWP,WE,Combined TRACON& Tower with Radar,910,190,66,5,1171,11,2,0,0,13,921,192,66,5,1184,0,0,0,1184
09/27/2000,SFO,CA,AWP,WE,Combined TRACON& Tower with Radar,902,185,76,6,1169,0,0,3,6,9,902,185,79,12,1178,0,0,0,1178
09/28/2000,SFO,CA,AWP,WE,Combined TRACON& Tower with Radar,878,155,69,6,1108,30,0,0,4,34,908,155,69,10,1142,0,0,0,1142
09/29/2000,SFO,CA,AWP,WE,Combined TRACON& Tower with Radar,957,188,81,6,1232,3,0,5,5,13,960,188,86,11,1245,0,0,0,1245
09/30/2000,SFO,CA,AWP,WE,Combined TRACON& Tower with Radar,826,174,40,5,1045,25,1,0,3,29,851,175,40,8,1074,0,0,0,1074
10/01/2000,SFO,CA,AWP,WE,Combined TRACON& Tower with Radar,901,186,61,5,1153,0,14,0,0,14,901,200,61,5,1167,0,0,0,1167
10/02/2000,SFO,CA,AWP,WE,Combined TRACON& Tower with Radar,904,187,69,6,1166,0,5,0,6,11,904,192,69,12,1177,0,0,0,1177
10/03/2000,SFO,CA,AWP,WE,Combined TRACON& Tower with Radar,909,195,73,6,1183,0,14,15,10,39,909,209,88,16,1222,0,0,0,1222
10/04/2000,SFO,CA,AWP,WE,Combined TRACON& Tower with Radar,900,191,73,6,1170,0,3,20,7,30,900,194,93,13,1200,0,0,0,1200
10/05/2000,SFO,CA,AWP,WE,Combined TRACON& Tower with Radar,958,203,77,7,1245,0,11,18,4,33,958,214,95,11,1278,0,0,0,1278
10/06/2000,SFO,CA,AWP,WE,Combined TRACON& Tower with Radar,943,194,59,6,1202,4,8,0,2,14,947,202,59,8,1216,0,0,0,1216
10/07/2000,SFO,CA,AWP,WE,Combined TRACON& Tower with Radar,817,151,36,5,1009,45,0,0,0,45,862,151,36,5,1054,0,0,0,1054
10/08/2000,SFO,CA,AWP,WE,Combined TRACON& Tower with Radar,887,184,65,4,1140,0,13,0,0,13,887,197,65,4,1153,0,0,0,1153
10/09/2000,SFO,CA,AWP,WE,Combined TRACON& Tower with Radar,850,160,59,3,1072,24,0,0,0,24,874,160,59,3,1096,0,0,0,1096
10/10/2000,SFO,CA,AWP,WE,Combined TRACON& Tower with Radar,842,166,59,6,1073,9,0,0,4,13,851,166,59,10,1086,0,0,0,1086
10/11/2000,SFO,CA,AWP,WE,Combined TRACON& Tower with Radar,884,175,69,6,1134,0,0,6,0,6,884,175,75,6,1140,0,0,0,1140
10/12/2000,SFO,CA,AWP,WE,Combined TRACON& Tower with Radar,946,197,75,7,1225,0,0,25,3,28,946,197,100,10,1253,0,0,0,1253
10/13/2000,SFO,CA,AWP,WE,Combined TRACON& Tower with Radar,954,199,75,6,1234,0,0,29,0,29,954,199,104,6,1263,0,0,0,1263
10/14/2000,SFO,CA,AWP,WE,Combined TRACON& Tower with Radar,867,178,67,4,1116,0,2,6,0,8,867,180,73,4,1124,0,0,0,1124
10/15/2000,SFO,CA,AWP,WE,Combined TRACON& Tower with Radar,896,185,63,3,1147,0,23,0,0,23,896,208,63,3,1170,0,0,0,1170
10/16/2000,SFO,CA,AWP,WE,Combined TRACON& Tower with Radar,926,191,72,6,1195,0,2,9,0,11,926,193,81,6,1206,0,0,0,1206
10/17/2000,SFO,CA,AWP,WE,Combined TRACON& Tower with Radar,928,189,62,7,1186,0,9,0,0,9,928,198,62,7,1195,0,0,0,1195
10/18/2000,SFO,CA,AWP,WE,Combined TRACON& Tower with Radar,904,185,71,5,1165,0,0,17,0,17,904,185,88,5,1182,0,0,0,1182
10/19/2000,SFO,CA,AWP,WE,Combined TRACON& Tower with Radar,918,188,70,5,1181,0,2,1,0,3,918,190,71,5,1184,0,0,0,1184
10/20/2000,SFO,CA,AWP,WE,Combined TRACON& Tower with Radar,916,181,70,7,1174,2,0,2,2,6,918,181,72,9,1180,0,0,0,1180
10/21/2000,SFO,CA,AWP,WE,Combined TRACON& Tower with Radar,857,175,53,0,1085,19,0,0,0,19,876,175,53,0,1104,0,0,0,1104
10/22/2000,SFO,CA,AWP,WE,Combined TRACON& Tower with Radar,909,188,71,4,1172,0,13,3,0,16,909,201,74,4,1188,0,0,0,1188
10/23/2000,SFO,CA,AWP,WE,Combined TRACON& Tower with Radar,901,175,69,6,1151,0,0,21,0,21,901,175,90,6,1172,0,0,0,1172
10/24/2000,SFO,CA,AWP,WE,Combined TRACON& Tower with Radar,944,195,73,7,1219,0,0,7,2,9,944,195,80,9,1228,0,0,0,1228
10/25/2000,SFO,CA,AWP,WE,Combined TRACON& Tower with Radar,772,142,40,6,960,35,0,0,0,35,807,142,40,6,995,0,0,0,995
10/26/2000,SFO,CA,AWP,WE,Combined TRACON& Tower with Radar,849,132,52,7,1040,53,0,0,1,54,902,132,52,8,1094,0,0,0,1094
10/27/2000,SFO,CA,AWP,WE,Combined TRACON& Tower with Radar,943,194,73,5,1215,0,5,5,0,10,943,199,78,5,1225,0,0,0,1225
10/28/2000,SFO,CA,AWP,WE,Combined TRACON& Tower with Radar,735,122,31,4,892,55,0,0,0,55,790,122,31,4,947,0,0,0,947
10/29/2000,SFO,CA,AWP,WE,Combined TRACON& Tower with Radar,872,179,66,3,1120,3,1,0,0,4,875,180,66,3,1124,0,0,0,1124
10/30/2000,SFO,CA,AWP,WE,Combined TRACON& Tower with Radar,833,162,37,6,1038,35,0,0,0,35,868,162,37,6,1073,0,0,0,1073
10/31/2000,SFO,CA,AWP,WE,Combined TRACON& Tower with Radar,897,190,69,4,1160,0,35,0,0,35,897,225,69,4,1195,0,0,0,1195
11/01/2000,SFO,CA,AWP,WE,Combined TRACON& Tower with Radar,916,202,67,5,1190,0,1,31,2,34,916,203,98,7,1224,0,0,0,1224
11/02/2000,SFO,CA,AWP,WE,Combined TRACON& Tower with Radar,928,194,65,4,1191,0,0,12,0,12,928,194,77,4,1203,0,0,0,1203
11/03/2000,SFO,CA,AWP,WE,Combined TRACON& Tower with Radar,919,188,66,5,1178,0,0,26,2,28,919,188,92,7,1206,0,0,0,1206
11/04/2000,SFO,CA,AWP,WE,Combined TRACON& Tower with Radar,828,172,37,3,1040,26,0,0,0,26,854,172,37,3,1066,0,0,0,1066
11/05/2000,SFO,CA,AWP,WE,Combined TRACON& Tower with Radar,856,178,61,3,1098,5,0,0,0,5,861,178,61,3,1103,0,0,0,1103
11/06/2000,SFO,CA,AWP,WE,Combined TRACON& Tower with Radar,939,199,66,3,1207,0,0,3,0,3,939,199,69,3,1210,0,0,0,1210
11/07/2000,SFO,CA,AWP,WE,Combined TRACON& Tower with Radar,906,195,64,5,1170,0,6,3,4,13,906,201,67,9,1183,0,0,0,1183
11/08/2000,SFO,CA,AWP,WE,Combined TRACON& Tower with Radar,871,178,61,3,1113,9,0,0,0,9,880,178,61,3,1122,0,0,0,1122
11/09/2000,SFO,CA,AWP,WE,Combined TRACON& Tower with Radar,922,203,67,4,1196,0,1,34,0,35,922,204,101,4,1231,0,0,0,1231
11/10/2000,SFO,CA,AWP,WE,Combined TRACON& Tower with Radar,928,192,65,4,1189,1,0,5,0,6,929,192,70,4,1195,0,0,0,1195
11/11/2000,SFO,CA,AWP,WE,Combined TRACON& Tower with Radar,810,172,39,4,1025,18,0,0,0,18,828,172,39,4,1043,0,0,0,1043
11/12/2000,SFO,CA,AWP,WE,Combined TRACON& Tower with Radar,883,190,62,2,1137,0,6,6,0,12,883,196,68,2,1149,0,0,0,1149
11/13/2000,SFO,CA,AWP,WE,Combined TRACON& Tower with Radar,875,166,60,6,1107,9,0,8,3,20,884,166,68,9,1127,0,0,0,1127
11/14/2000,SFO,CA,AWP,WE,Combined TRACON& Tower with Radar,887,192,62,6,1147,0,5,15,1,21,887,197,77,7,1168,0,0,0,1168
11/15/2000,SFO,CA,AWP,WE,Combined TRACON& Tower with Radar,881,189,62,6,1138,0,4,9,1,14,881,193,71,7,1152,0,0,0,1152
11/16/2000,SFO,CA,AWP,WE,Combined TRACON& Tower with Radar,930,201,66,6,1203,0,3,19,2,24,930,204,85,8,1227,0,0,0,1227
11/17/2000,SFO,CA,AWP,WE,Combined TRACON& Tower with Radar,926,199,65,6,1196,0,4,5,6,15,926,203,70,12,1211,0,0,0,1211
11/18/2000,SFO,CA,AWP,WE,Combined TRACON& Tower with Radar,850,168,56,2,1076,18,0,0,0,18,868,168,56,2,1094,0,0,0,1094
11/19/2000,SFO,CA,AWP,WE,Combined TRACON& Tower with Radar,862,182,48,2,1094,9,6,0,0,15,871,188,48,2,1109,0,0,0,1109
11/20/2000,SFO,CA,AWP,WE,Combined TRACON& Tower with Radar,873,184,34,6,1097,17,8,0,1,26,890,192,34,7,1123,0,0,0,1123
11/21/2000,SFO,CA,AWP,WE,Combined TRACON& Tower with Radar,905,172,62,6,1145,7,0,6,6,19,912,172,68,12,1164,0,0,0,1164
11/22/2000,SFO,CA,AWP,WE,Combined TRACON& Tower with Radar,918,195,63,6,1182,0,2,0,3,5,918,197,63,9,1187,0,0,0,1187
11/23/2000,SFO,CA,AWP,WE,Combined TRACON& Tower with Radar,694,146,10,1,851,27,15,0,0,42,721,161,10,1,893,0,0,0,893
11/24/2000,SFO,CA,AWP,WE,Combined TRACON& Tower with Radar,714,152,24,4,894,3,22,0,0,25,717,174,24,4,919,0,0,0,919
11/25/2000,SFO,CA,AWP,WE,Combined TRACON& Tower with Radar,790,162,32,1,985,31,0,0,0,31,821,162,32,1,1016,0,0,0,1016
11/26/2000,SFO,CA,AWP,WE,Combined TRACON& Tower with Radar,890,181,62,1,1134,0,0,17,0,17,890,181,79,1,1151,0,0,0,1151
11/27/2000,SFO,CA,AWP,WE,Combined TRACON& Tower with Radar,886,188,51,4,1129,3,8,0,0,11,889,196,51,4,1140,0,0,0,1140
11/28/2000,SFO,CA,AWP,WE,Combined TRACON& Tower with Radar,889,189,54,5,1137,5,0,0,2,7,894,189,54,7,1144,0,0,0,1144
11/29/2000,SFO,CA,AWP,WE,Combined TRACON& Tower with Radar,854,181,59,2,1096,0,2,0,0,2,854,183,59,2,1098,0,0,0,1098
11/30/2000,SFO,CA,AWP,WE,Combined TRACON& Tower with Radar,908,193,45,4,1150,10,8,0,0,18,918,201,45,4,1168,0,0,0,1168
12/01/2000,SFO,CA,AWP,WE,Combined TRACON& Tower with Radar,904,188,58,4,1154,0,9,24,7,40,904,197,82,11,1194,0,0,0,1194
12/02/2000,SFO,CA,AWP,WE,Combined TRACON& Tower with Radar,820,161,27,3,1011,26,0,0,0,26,846,161,27,3,1037,0,0,0,1037
12/03/2000,SFO,CA,AWP,WE,Combined TRACON& Tower with Radar,856,150,49,2,1057,26,0,0,0,26,882,150,49,2,1083,0,0,0,1083
12/04/2000,SFO,CA,AWP,WE,Combined TRACON& Tower with Radar,890,154,55,4,1103,0,0,31,4,35,890,154,86,8,1138,0,0,0,1138
12/05/2000,SFO,CA,AWP,WE,Combined TRACON& Tower with Radar,908,169,56,4,1137,0,0,22,2,24,908,169,78,6,1161,0,0,0,1161
12/06/2000,SFO,CA,AWP,WE,Combined TRACON& Tower with Radar,881,173,55,4,1113,0,0,16,4,20,881,173,71,8,1133,0,0,0,1133
12/07/2000,SFO,CA,AWP,WE,Combined TRACON& Tower with Radar,915,186,57,4,1162,0,6,8,6,20,915,192,65,10,1182,0,0,0,1182
12/08/2000,SFO,CA,AWP,WE,Combined TRACON& Tower with Radar,933,182,58,4,1177,0,0,16,0,16,933,182,74,4,1193,0,0,0,1193
12/09/2000,SFO,CA,AWP,WE,Combined TRACON& Tower with Radar,776,155,23,2,956,26,0,0,0,26,802,155,23,2,982,0,0,0,982
12/10/2000,SFO,CA,AWP,WE,Combined TRACON& Tower with Radar,852,173,53,2,1080,0,8,12,0,20,852,181,65,2,1100,0,0,0,1100
12/11/2000,SFO,CA,AWP,WE,Combined TRACON& Tower with Radar,839,170,51,5,1065,0,9,0,5,14,839,179,51,10,1079,0,0,0,1079
12/12/2000,SFO,CA,AWP,WE,Combined TRACON& Tower with Radar,880,180,54,5,1119,0,5,16,0,21,880,185,70,5,1140,0,0,0,1140
12/13/2000,SFO,CA,AWP,WE,Combined TRACON& Tower with Radar,787,147,47,3,984,7,0,4,0,11,794,147,51,3,995,0,0,0,995
12/14/2000,SFO,CA,AWP,WE,Combined TRACON& Tower with Radar,864,161,52,4,1081,6,0,6,0,12,870,161,58,4,1093,0,0,0,1093
12/15/2000,SFO,CA,AWP,WE,Combined TRACON& Tower with Radar,989,200,61,4,1254,0,4,14,0,18,989,204,75,4,1272,0,0,0,1272
12/16/2000,SFO,CA,AWP,WE,Combined TRACON& Tower with Radar,826,165,36,2,1029,7,9,0,0,16,833,174,36,2,1045,0,0,0,1045
12/17/2000,SFO,CA,AWP,WE,Combined TRACON& Tower with Radar,864,172,52,3,1091,0,2,7,0,9,864,174,59,3,1100,0,0,0,1100
12/18/2000,SFO,CA,AWP,WE,Combined TRACON& Tower with Radar,863,170,46,5,1084,4,2,0,0,6,867,172,46,5,1090,0,0,0,1090
12/19/2000,SFO,CA,AWP,WE,Combined TRACON& Tower with Radar,894,178,51,3,1126,0,12,0,0,12,894,190,51,3,1138,0,0,0,1138
12/20/2000,SFO,CA,AWP,WE,Combined TRACON& Tower with Radar,904,182,56,5,1147,0,10,6,1,17,904,192,62,6,1164,0,0,0,1164
12/21/2000,SFO,CA,AWP,WE,Combined TRACON& Tower with Radar,861,150,47,5,1063,25,0,0,0,25,886,150,47,5,1088,0,0,0,1088
12/22/2000,SFO,CA,AWP,WE,Combined TRACON& Tower with Radar,959,191,58,5,1213,0,5,2,2,9,959,196,60,7,1222,0,0,0,1222
12/23/2000,SFO,CA,AWP,WE,Combined TRACON& Tower with Radar,835,165,31,0,1031,21,3,0,0,24,856,168,31,0,1055,0,0,0,1055
12/24/2000,SFO,CA,AWP,WE,Combined TRACON& Tower with Radar,753,152,34,2,941,0,24,0,0,24,753,176,34,2,965,0,0,0,965
12/25/2000,SFO,CA,AWP,WE,Combined TRACON& Tower with Radar,725,144,23,2,894,0,22,0,0,22,725,166,23,2,916,0,0,0,916
12/26/2000,SFO,CA,AWP,WE,Combined TRACON& Tower with Radar,868,161,42,4,1075,21,0,0,0,21,889,161,42,4,1096,0,0,0,1096
12/27/2000,SFO,CA,AWP,WE,Combined TRACON& Tower with Radar,868,172,42,2,1084,11,1,0,0,12,879,173,42,2,1096,0,0,0,1096
12/28/2000,SFO,CA,AWP,WE,Combined TRACON& Tower with Radar,889,161,45,3,1098,25,0,0,0,25,914,161,45,3,1123,0,0,0,1123
12/29/2000,SFO,CA,AWP,WE,Combined TRACON& Tower with Radar,901,172,46,3,1122,16,0,0,0,16,917,172,46,3,1138,0,0,0,1138
12/30/2000,SFO,CA,AWP,WE,Combined TRACON& Tower with Radar,782,157,47,2,988,0,3,2,0,5,782,160,49,2,993,0,0,0,993
12/31/2000,SFO,CA,AWP,WE,Combined TRACON& Tower with Radar,765,152,26,0,943,9,14,0,0,23,774,166,26,0,966,0,0,0,966
01/01/2001,SFO,CA,AWP,WE,Combined TRACON& Tower with Radar,832,168,37,0,1037,19,0,0,0,19,851,168,37,0,1056,0,0,0,1056
01/02/2001,SFO,CA,AWP,WE,Combined TRACON& Tower with Radar,905,177,54,5,1141,0,0,15,1,16,905,177,69,6,1157,0,0,0,1157
01/03/2001,SFO,CA,AWP,WE,Combined TRACON& Tower with Radar,908,188,52,5,1153,0,5,0,0,5,908,193,52,5,1158,0,0,0,1158
01/04/2001,SFO,CA,AWP,WE,Combined TRACON& Tower with Radar,906,188,53,5,1152,0,4,0,2,6,906,192,53,7,1158,0,0,0,1158
01/05/2001,SFO,CA,AWP,WE,Combined TRACON& Tower with Radar,896,185,53,4,1138,0,7,0,0,7,896,192,53,4,1145,0,0,0,1145
01/06/2001,SFO,CA,AWP,WE,Combined TRACON& Tower with Radar,825,170,35,2,1032,8,8,0,0,16,833,178,35,2,1048,0,0,0,1048
01/07/2001,SFO,CA,AWP,WE,Combined TRACON& Tower with Radar,835,171,49,2,1057,0,3,0,0,3,835,174,49,2,1060,0,0,0,1060
01/08/2001,SFO,CA,AWP,WE,Combined TRACON& Tower with Radar,878,181,41,5,1105,0,12,0,2,14,878,193,41,7,1119,0,0,0,1119
01/09/2001,SFO,CA,AWP,WE,Combined TRACON& Tower with Radar,830,161,49,6,1046,0,0,21,13,34,830,161,70,19,1080,0,0,0,1080
01/10/2001,SFO,CA,AWP,WE,Combined TRACON& Tower with Radar,703,106,40,5,854,34,0,0,5,39,737,106,40,10,893,0,0,0,893
01/11/2001,SFO,CA,AWP,WE,Combined TRACON& Tower with Radar,643,92,30,3,768,49,0,0,0,49,692,92,30,3,817,0,0,0,817
01/12/2001,SFO,CA,AWP,WE,Combined TRACON& Tower with Radar,898,188,53,4,1143,0,12,6,0,18,898,200,59,4,1161,0,0,0,1161
01/13/2001,SFO,CA,AWP,WE,Combined TRACON& Tower with Radar,829,171,33,4,1037,14,2,0,0,16,843,173,33,4,1053,0,0,0,1053
01/14/2001,SFO,CA,AWP,WE,Combined TRACON& Tower with Radar,845,174,20,3,1042,25,6,0,0,31,870,180,20,3,1073,0,0,0,1073
01/15/2001,SFO,CA,AWP,WE,Combined TRACON& Tower with Radar,881,181,37,4,1103,0,16,0,0,16,881,197,37,4,1119,0,0,0,1119
01/16/2001,SFO,CA,AWP,WE,Combined TRACON& Tower with Radar,878,186,53,6,1123,0,12,20,1,33,878,198,73,7,1156,0,0,0,1156
01/17/2001,SFO,CA,AWP,WE,Combined TRACON& Tower with Radar,883,188,52,6,1129,0,16,11,9,36,883,204,63,15,1165,0,0,0,1165
01/18/2001,SFO,CA,AWP,WE,Combined TRACON& Tower with Radar,920,189,53,6,1168,0,2,0,2,4,920,191,53,8,1172,0,0,0,1172
01/19/2001,SFO,CA,AWP,WE,Combined TRACON& Tower with Radar,910,188,52,3,1153,0,5,7,0,12,910,193,59,3,1165,0,0,0,1165
01/20/2001,SFO,CA,AWP,WE,Combined TRACON& Tower with Radar,819,168,46,2,1035,0,10,0,0,10,819,178,46,2,1045,0,0,0,1045
01/21/2001,SFO,CA,AWP,WE,Combined TRACON& Tower with Radar,846,174,46,2,1068,0,11,0,0,11,846,185,46,2,1079,0,0,0,1079
01/22/2001,SFO,CA,AWP,WE,Combined TRACON& Tower with Radar,885,186,53,4,1128,0,9,19,0,28,885,195,72,4,1156,0,0,0,1156
01/23/2001,SFO,CA,AWP,WE,Combined TRACON& Tower with Radar,760,133,35,5,933,28,0,0,3,31,788,133,35,8,964,0,0,0,964
01/24/2001,SFO,CA,AWP,WE,Combined TRACON& Tower with Radar,874,174,48,6,1102,5,0,0,2,7,879,174,48,8,1109,0,0,0,1109
01/25/2001,SFO,CA,AWP,WE,Combined TRACON& Tower with Radar,774,126,36,6,942,37,0,0,2,39,811,126,36,8,981,0,0,0,981
01/26/2001,SFO,CA,AWP,WE,Combined TRACON& Tower with Radar,829,166,34,4,1033,19,0,0,0,19,848,166,34,4,1052,0,0,0,1052
01/27/2001,SFO,CA,AWP,WE,Combined TRACON& Tower with Radar,829,169,41,3,1042,0,9,0,0,9,829,178,41,3,1051,0,0,0,1051
01/28/2001,SFO,CA,AWP,WE,Combined TRACON& Tower with Radar,826,169,33,2,1030,13,4,0,0,17,839,173,33,2,1047,0,0,0,1047
01/29/2001,SFO,CA,AWP,WE,Combined TRACON& Tower with Radar,886,184,52,5,1127,0,4,7,1,12,886,188,59,6,1139,0,0,0,1139
01/30/2001,SFO,CA,AWP,WE,Combined TRACON& Tower with Radar,884,189,53,5,1131,0,11,24,3,38,884,200,77,8,1169,0,0,0,1169
01/31/2001,SFO,CA,AWP,WE,Combined TRACON& Tower with Radar,878,183,51,3,1115,0,0,25,0,25,878,183,76,3,1140,0,0,0,1140
02/01/2001,SFO,CA,AWP,WE,Combined TRACON& Tower with Radar,904,184,57,6,1151,0,0,10,1,11,904,184,67,7,1162,0,0,0,1162
02/02/2001,SFO,CA,AWP,WE,Combined TRACON& Tower with Radar,905,190,56,4,1155,0,3,0,0,3,905,193,56,4,1158,0,0,0,1158
02/03/2001,SFO,CA,AWP,WE,Combined TRACON& Tower with Radar,819,171,26,3,1019,28,0,0,0,28,847,171,26,3,1047,0,0,0,1047
02/04/2001,SFO,CA,AWP,WE,Combined TRACON& Tower with Radar,856,182,53,5,1096,0,9,8,0,17,856,191,61,5,1113,0,0,0,1113
02/05/2001,SFO,CA,AWP,WE,Combined TRACON& Tower with Radar,860,182,53,7,1102,0,7,3,0,10,860,189,56,7,1112,0,0,0,1112
02/06/2001,SFO,CA,AWP,WE,Combined TRACON& Tower with Radar,890,188,55,7,1140,0,8,2,0,10,890,196,57,7,1150,0,0,0,1150
02/07/2001,SFO,CA,AWP,WE,Combined TRACON& Tower with Radar,874,185,54,7,1120,0,7,3,1,11,874,192,57,8,1131,0,0,0,1131
02/08/2001,SFO,CA,AWP,WE,Combined TRACON& Tower with Radar,893,191,55,7,1146,0,4,13,2,19,893,195,68,9,1165,0,0,0,1165
02/09/2001,SFO,CA,AWP,WE,Combined TRACON& Tower with Radar,783,142,48,5,978,16,0,6,0,22,799,142,54,5,1000,0,0,0,1000
02/10/2001,SFO,CA,AWP,WE,Combined TRACON& Tower with Radar,788,161,21,6,976,30,0,0,1,31,818,161,21,7,1007,0,0,0,1007
02/11/2001,SFO,CA,AWP,WE,Combined TRACON& Tower with Radar,823,164,47,3,1037,15,0,0,0,15,838,164,47,3,1052,0,0,0,1052
02/12/2001,SFO,CA,AWP,WE,Combined TRACON& Tower with Radar,829,164,51,6,1050,9,0,0,0,9,838,164,51,6,1059,0,0,0,1059
02/13/2001,SFO,CA,AWP,WE,Combined TRACON& Tower with Radar,861,180,48,5,1094,0,15,0,0,15,861,195,48,5,1109,0,0,0,1109
02/14/2001,SFO,CA,AWP,WE,Combined TRACON& Tower with Radar,875,189,56,7,1127,0,17,17,2,36,875,206,73,9,1163,0,0,0,1163
02/15/2001,SFO,CA,AWP,WE,Combined TRACON& Tower with Radar,913,193,57,6,1169,0,2,15,0,17,913,195,72,6,1186,0,0,0,1186
02/16/2001,SFO,CA,AWP,WE,Combined TRACON& Tower with Radar,910,195,58,7,1170,0,23,4,3,30,910,218,62,10,1200,0,0,0,1200
02/17/2001,SFO,CA,AWP,WE,Combined TRACON& Tower with Radar,827,170,46,3,1046,9,0,0,0,9,836,170,46,3,1055,0,0,0,1055
02/18/2001,SFO,CA,AWP,WE,Combined TRACON& Tower with Radar,861,179,40,3,1083,5,11,0,0,16,866,190,40,3,1099,0,0,0,1099
02/19/2001,SFO,CA,AWP,WE,Combined TRACON& Tower with Radar,762,141,24,2,929,44,0,0,0,44,806,141,24,2,973,0,0,0,973
02/20/2001,SFO,CA,AWP,WE,Combined TRACON& Tower with Radar,881,184,52,5,1122,2,0,0,0,2,883,184,52,5,1124,0,0,0,1124
02/21/2001,SFO,CA,AWP,WE,Combined TRACON& Tower with Radar,849,158,52,6,1065,6,0,9,4,19,855,158,61,10,1084,0,0,0,1084
02/22/2001,SFO,CA,AWP,WE,Combined TRACON& Tower with Radar,829,141,51,5,1026,18,0,8,6,32,847,141,59,11,1058,0,0,0,1058
02/23/2001,SFO,CA,AWP,WE,Combined TRACON& Tower with Radar,903,190,57,6,1156,0,0,24,0,24,903,190,81,6,1180,0,0,0,1180
02/24/2001,SFO,CA,AWP,WE,Combined TRACON& Tower with Radar,755,143,27,3,928,36,0,0,0,36,791,143,27,3,964,0,0,0,964
02/25/2001,SFO,CA,AWP,WE,Combined TRACON& Tower with Radar,825,161,34,2,1022,31,0,0,0,31,856,161,34,2,1053,0,0,0,1053
02/26/2001,SFO,CA,AWP,WE,Combined TRACON& Tower with Radar,918,194,57,6,1175,0,3,3,4,10,918,197,60,10,1185,0,0,0,1185
02/27/2001,SFO,CA,AWP,WE,Combined TRACON& Tower with Radar,896,194,57,6,1153,0,20,7,7,34,896,214,64,13,1187,0,0,0,1187
02/28/2001,SFO,CA,AWP,WE,Combined TRACON& Tower with Radar,843,180,53,4,1080,0,19,6,0,25,843,199,59,4,1105,0,0,0,1105
03/01/2001,SFO,CA,AWP,WE,Combined TRACON& Tower with Radar,895,199,64,9,1167,0,2,8,4,14,895,201,72,13,1181,0,0,0,1181
03/02/2001,SFO,CA,AWP,WE,Combined TRACON& Tower with Radar,849,179,52,5,1085,18,0,0,0,18,867,179,52,5,1103,0,0,0,1103
03/03/2001,SFO,CA,AWP,WE,Combined TRACON& Tower with Radar,801,174,39,3,1017,20,3,0,0,23,821,177,39,3,1040,0,0,0,1040
03/04/2001,SFO,CA,AWP,WE,Combined TRACON& Tower with Radar,661,120,41,4,826,33,0,0,0,33,694,120,41,4,859,0,0,0,859
03/05/2001,SFO,CA,AWP,WE,Combined TRACON& Tower with Radar,792,177,57,8,1034,0,14,1,4,19,792,191,58,12,1053,0,0,0,1053
03/06/2001,SFO,CA,AWP,WE,Combined TRACON& Tower with Radar,840,184,48,8,1080,1,5,0,5,11,841,189,48,13,1091,0,0,0,1091
03/07/2001,SFO,CA,AWP,WE,Combined TRACON& Tower with Radar,848,192,62,8,1110,0,0,32,2,34,848,192,94,10,1144,0,0,0,1144
03/08/2001,SFO,CA,AWP,WE,Combined TRACON& Tower with Radar,813,150,48,8,1019,33,0,0,4,37,846,150,48,12,1056,0,0,0,1056
03/09/2001,SFO,CA,AWP,WE,Combined TRACON& Tower with Radar,867,191,62,7,1127,0,3,4,0,7,867,194,66,7,1134,0,0,0,1134
03/10/2001,SFO,CA,AWP,WE,Combined TRACON& Tower with Radar,831,178,58,2,1069,0,0,13,0,13,831,178,71,2,1082,0,0,0,1082
03/11/2001,SFO,CA,AWP,WE,Combined TRACON& Tower with Radar,835,186,59,2,1082,0,11,10,0,21,835,197,69,2,1103,0,0,0,1103
03/12/2001,SFO,CA,AWP,WE,Combined TRACON& Tower with Radar,867,192,61,7,1127,0,8,3,0,11,867,200,64,7,1138,0,0,0,1138
03/13/2001,SFO,CA,AWP,WE,Combined TRACON& Tower with Radar,869,192,60,9,1130,0,4,0,3,7,869,196,60,12,1137,0,0,0,1137
03/14/2001,SFO,CA,AWP,WE,Combined TRACON& Tower with Radar,851,185,60,9,1105,0,0,11,4,15,851,185,71,13,1120,0,0,0,1120
03/15/2001,SFO,CA,AWP,WE,Combined TRACON& Tower with Radar,887,193,60,10,1150,0,3,0,0,3,887,196,60,10,1153,0,0,0,1153
03/16/2001,SFO,CA,AWP,WE,Combined TRACON& Tower with Radar,891,198,63,8,1160,0,2,17,0,19,891,200,80,8,1179,0,0,0,1179
03/17/2001,SFO,CA,AWP,WE,Combined TRACON& Tower with Radar,787,169,22,3,981,40,0,0,0,40,827,169,22,3,1021,0,0,0,1021
03/18/2001,SFO,CA,AWP,WE,Combined TRACON& Tower with Radar,828,165,57,3,1053,14,0,6,0,20,842,165,63,3,1073,0,0,0,1073
03/19/2001,SFO,CA,AWP,WE,Combined TRACON& Tower with Radar,857,189,61,9,1116,0,5,6,1,12,857,194,67,10,1128,0,0,0,1128
03/20/2001,SFO,CA,AWP,WE,Combined TRACON& Tower with Radar,842,188,60,9,1099,0,10,5,6,21,842,198,65,15,1120,0,0,0,1120
03/21/2001,SFO,CA,AWP,WE,Combined TRACON& Tower with Radar,854,178,57,9,1098,1,0,0,9,10,855,178,57,18,1108,0,0,0,1108
03/22/2001,SFO,CA,AWP,WE,Combined TRACON& Tower with Radar,857,192,61,9,1119,0,5,13,6,24,857,197,74,15,1143,0,0,0,1143
03/23/2001,SFO,CA,AWP,WE,Combined TRACON& Tower with Radar,879,179,62,9,1129,6,0,6,0,12,885,179,68,9,1141,0,0,0,1141
03/24/2001,SFO,CA,AWP,WE,Combined TRACON& Tower with Radar,793,161,54,9,1017,12,0,0,0,12,805,161,54,9,1029,0,0,0,1029
03/25/2001,SFO,CA,AWP,WE,Combined TRACON& Tower with Radar,859,188,61,9,1117,0,5,2,0,7,859,193,63,9,1124,0,0,0,1124
03/26/2001,SFO,CA,AWP,WE,Combined TRACON& Tower with Radar,853,186,51,9,1099,0,13,0,1,14,853,199,51,10,1113,0,0,0,1113
03/27/2001,SFO,CA,AWP,WE,Combined TRACON& Tower with Radar,868,190,61,9,1128,0,4,2,2,8,868,194,63,11,1136,0,0,0,1136
03/28/2001,SFO,CA,AWP,WE,Combined TRACON& Tower with Radar,874,191,61,7,1133,0,5,1,0,6,874,196,62,7,1139,0,0,0,1139
03/29/2001,SFO,CA,AWP,WE,Combined TRACON& Tower with Radar,869,191,56,6,1122,0,10,0,0,10,869,201,56,6,1132,0,0,0,1132
03/30/2001,SFO,CA,AWP,WE,Combined TRACON& Tower with Radar,887,194,56,5,1142,7,2,0,0,9,894,196,56,5,1151,0,0,0,1151
03/31/2001,SFO,CA,AWP,WE,Combined TRACON& Tower with Radar,791,172,26,4,993,31,2,0,0,33,822,174,26,4,1026,0,0,0,1026
04/01/2001,SFO,CA,AWP,WE,Combined TRACON& Tower with Radar,825,175,39,0,1039,15,0,0,0,15,840,175,39,0,1054,0,0,0,1054
04/02/2001,SFO,CA,AWP,WE,Combined TRACON& Tower with Radar,856,184,51,6,1097,0,3,9,3,15,856,187,60,9,1112,0,0,0,1112
04/03/2001,SFO,CA,AWP,WE,Combined TRACON& Tower with Radar,872,177,43,6,1098,9,0,0,6,15,881,177,43,12,1113,0,0,0,1113
04/04/2001,SFO,CA,AWP,WE,Combined TRACON& Tower with Radar,880,191,53,6,1130,0,3,8,11,22,880,194,61,17,1152,0,0,0,1152
04/05/2001,SFO,CA,AWP,WE,Combined TRACON& Tower with Radar,880,189,53,6,1128,0,0,10,19,29,880,189,63,25,1157,0,0,0,1157
04/06/2001,SFO,CA,AWP,WE,Combined TRACON& Tower with Radar,804,153,36,5,998,27,0,0,2,29,831,153,36,7,1027,0,0,0,1027
04/07/2001,SFO,CA,AWP,WE,Combined TRACON& Tower with Radar,831,172,26,5,1034,27,0,0,0,27,858,172,26,5,1061,0,0,0,1061
04/08/2001,SFO,CA,AWP,WE,Combined TRACON& Tower with Radar,852,180,46,2,1080,5,3,0,0,8,857,183,46,2,1088,0,0,0,1088
04/09/2001,SFO,CA,AWP,WE,Combined TRACON& Tower with Radar,865,182,45,7,1099,1,3,0,1,5,866,185,45,8,1104,0,0,0,1104
04/10/2001,SFO,CA,AWP,WE,Combined TRACON& Tower with Radar,880,190,52,7,1129,0,10,8,0,18,880,200,60,7,1147,0,0,0,1147
04/11/2001,SFO,CA,AWP,WE,Combined TRACON& Tower with Radar,829,172,39,1,1041,18,0,0,0,18,847,172,39,1,1059,0,0,0,1059
04/12/2001,SFO,CA,AWP,WE,Combined TRACON& Tower with Radar,900,192,53,7,1152,0,0,10,3,13,900,192,63,10,1165,0,0,0,1165
04/13/2001,SFO,CA,AWP,WE,Combined TRACON& Tower with Radar,904,191,48,1,1144,10,0,0,0,10,914,191,48,1,1154,0,0,0,1154
04/14/2001,SFO,CA,AWP,WE,Combined TRACON& Tower with Radar,803,170,40,4,1017,0,8,0,0,8,803,178,40,4,1025,0,0,0,1025
04/15/2001,SFO,CA,AWP,WE,Combined TRACON& Tower with Radar,836,177,31,2,1046,4,18,0,0,22,840,195,31,2,1068,0,0,0,1068
04/16/2001,SFO,CA,AWP,WE,Combined TRACON& Tower with Radar,877,186,51,5,1119,0,4,8,0,12,877,190,59,5,1131,5,0,5,1136
04/17/2001,SFO,CA,AWP,WE,Combined TRACON& Tower with Radar,882,187,49,7,1125,0,10,0,1,11,882,197,49,8,1136,0,0,0,1136
04/18/2001,SFO,CA,AWP,WE,Combined TRACON& Tower with Radar,853,179,41,5,1078,0,12,0,0,12,853,191,41,5,1090,0,0,0,1090
04/19/2001,SFO,CA,AWP,WE,Combined TRACON& Tower with Radar,927,196,54,4,1181,0,4,5,0,9,927,200,59,4,1190,0,0,0,1190
04/20/2001,SFO,CA,AWP,WE,Combined TRACON& Tower with Radar,803,144,33,1,981,43,0,0,0,43,846,144,33,1,1024,0,0,0,1024
04/21/2001,SFO,CA,AWP,WE,Combined TRACON& Tower with Radar,835,168,46,7,1056,9,0,0,0,9,844,168,46,7,1065,0,0,0,1065
04/22/2001,SFO,CA,AWP,WE,Combined TRACON& Tower with Radar,843,181,49,4,1077,0,2,12,0,14,843,183,61,4,1091,0,0,0,1091
04/23/2001,SFO,CA,AWP,WE,Combined TRACON& Tower with Radar,912,194,53,6,1165,0,0,11,2,13,912,194,64,8,1178,0,0,0,1178
04/24/2001,SFO,CA,AWP,WE,Combined TRACON& Tower with Radar,944,189,55,6,1194,0,0,15,0,15,944,189,70,6,1209,0,0,0,1209
04/25/2001,SFO,CA,AWP,WE,Combined TRACON& Tower with Radar,892,193,53,6,1144,0,10,7,4,21,892,203,60,10,1165,0,0,0,1165
04/26/2001,SFO,CA,AWP,WE,Combined TRACON& Tower with Radar,874,182,51,5,1112,0,0,26,0,26,874,182,77,5,1138,0,0,0,1138
04/27/2001,SFO,CA,AWP,WE,Combined TRACON& Tower with Radar,846,164,47,6,1063,14,0,0,2,16,860,164,47,8,1079,0,0,0,1079
04/28/2001,SFO,CA,AWP,WE,Combined TRACON& Tower with Radar,840,175,32,2,1049,22,0,0,0,22,862,175,32,2,1071,0,0,0,1071
04/29/2001,SFO,CA,AWP,WE,Combined TRACON& Tower with Radar,853,181,49,2,1085,0,6,4,0,10,853,187,53,2,1095,0,0,0,1095
04/30/2001,SFO,CA,AWP,WE,Combined TRACON& Tower with Radar,879,188,51,5,1123,0,7,5,0,12,879,195,56,5,1135,0,0,0,1135
05/01/2001,SFO,CA,AWP,WE,Combined TRACON& Tower with Radar,897,199,62,7,1165,0,5,17,3,25,897,204,79,10,1190,0,0,0,1190
05/02/2001,SFO,CA,AWP,WE,Combined TRACON& Tower with Radar,902,200,62,7,1171,0,6,12,4,22,902,206,74,11,1193,0,0,0,1193
05/03/2001,SFO,CA,AWP,WE,Combined TRACON& Tower with Radar,920,190,62,4,1176,0,0,23,0,23,920,190,85,4,1199,0,0,0,1199
05/04/2001,SFO,CA,AWP,WE,Combined TRACON& Tower with Radar,899,195,53,6,1153,3,4,0,0,7,902,199,53,6,1160,0,0,0,1160
05/05/2001,SFO,CA,AWP,WE,Combined TRACON& Tower with Radar,813,169,43,4,1029,21,0,0,0,21,834,169,43,4,1050,0,0,0,1050
05/06/2001,SFO,CA,AWP,WE,Combined TRACON& Tower with Radar,877,189,59,4,1129,0,0,6,0,6,877,189,65,4,1135,0,0,0,1135
05/07/2001,SFO,CA,AWP,WE,Combined TRACON& Tower with Radar,874,189,52,6,1121,2,3,0,2,7,876,192,52,8,1128,0,0,0,1128
05/08/2001,SFO,CA,AWP,WE,Combined TRACON& Tower with Radar,904,196,52,6,1158,6,1,0,2,9,910,197,52,8,1167,0,0,0,1167
05/09/2001,SFO,CA,AWP,WE,Combined TRACON& Tower with Radar,902,196,60,6,1164,0,5,0,0,5,902,201,60,6,1169,0,0,0,1169
05/10/2001,SFO,CA,AWP,WE,Combined TRACON& Tower with Radar,935,189,62,8,1194,0,0,16,1,17,935,189,78,9,1211,0,0,0,1211
05/11/2001,SFO,CA,AWP,WE,Combined TRACON& Tower with Radar,922,198,53,7,1180,10,0,0,0,10,932,198,53,7,1190,0,0,0,1190
05/12/2001,SFO,CA,AWP,WE,Combined TRACON& Tower with Radar,803,171,31,6,1011,26,0,0,0,26,829,171,31,6,1037,0,0,0,1037
05/13/2001,SFO,CA,AWP,WE,Combined TRACON& Tower with Radar,866,177,57,2,1102,15,0,1,0,16,881,177,58,2,1118,0,0,0,1118
05/14/2001,SFO,CA,AWP,WE,Combined TRACON& Tower with Radar,897,185,59,7,1148,2,0,7,1,10,899,185,66,8,1158,0,0,0,1158
05/15/2001,SFO,CA,AWP,WE,Combined TRACON& Tower with Radar,909,199,58,7,1173,0,2,0,10,12,909,201,58,17,1185,0,0,0,1185
05/16/2001,SFO,CA,AWP,WE,Combined TRACON& Tower with Radar,896,198,60,7,1161,0,2,9,4,15,896,200,69,11,1176,0,0,0,1176
05/17/2001,SFO,CA,AWP,WE,Combined TRACON& Tower with Radar,908,196,61,7,1172,0,0,5,4,9,908,196,66,11,1181,0,0,0,1181
05/18/2001,SFO,CA,AWP,WE,Combined TRACON& Tower with Radar,913,198,61,7,1179,0,0,1,0,1,913,198,62,7,1180,0,0,0,1180
05/19/2001,SFO,CA,AWP,WE,Combined TRACON& Tower with Radar,836,179,54,5,1074,4,0,0,0,4,840,179,54,5,1078,0,0,0,1078
05/20/2001,SFO,CA,AWP,WE,Combined TRACON& Tower with Radar,883,190,58,2,1133,0,5,4,0,9,883,195,62,2,1142,0,0,0,1142
05/21/2001,SFO,CA,AWP,WE,Combined TRACON& Tower with Radar,868,183,57,2,1110,2,0,7,0,9,870,183,64,2,1119,0,0,0,1119
05/22/2001,SFO,CA,AWP,WE,Combined TRACON& Tower with Radar,907,199,62,6,1174,0,0,37,0,37,907,199,99,6,1211,0,0,0,1211
05/23/2001,SFO,CA,AWP,WE,Combined TRACON& Tower with Radar,903,195,61,5,1164,0,0,17,0,17,903,195,78,5,1181,0,0,0,1181
05/24/2001,SFO,CA,AWP,WE,Combined TRACON& Tower with Radar,933,203,58,8,1202,0,14,0,2,16,933,217,58,10,1218,0,0,0,1218
05/25/2001,SFO,CA,AWP,WE,Combined TRACON& Tower with Radar,922,203,62,2,1189,0,24,5,0,29,922,227,67,2,1218,0,0,0,1218
05/26/2001,SFO,CA,AWP,WE,Combined TRACON& Tower with Radar,762,165,33,3,963,20,0,0,0,20,782,165,33,3,983,0,0,0,983
05/27/2001,SFO,CA,AWP,WE,Combined TRACON& Tower with Radar,748,162,24,3,937,22,6,0,0,28,770,168,24,3,965,0,0,0,965
05/28/2001,SFO,CA,AWP,WE,Combined TRACON& Tower with Radar,871,189,41,2,1103,0,20,0,0,20,871,209,41,2,1123,0,0,0,1123
05/29/2001,SFO,CA,AWP,WE,Combined TRACON& Tower with Radar,877,177,44,6,1104,27,0,0,0,27,904,177,44,6,1131,0,0,0,1131
05/30/2001,SFO,CA,AWP,WE,Combined TRACON& Tower with Radar,938,184,47,7,1176,32,0,0,1,33,970,184,47,8,1209,0,0,0,1209
05/31/2001,SFO,CA,AWP,WE,Combined TRACON& Tower with Radar,896,196,56,6,1154,0,5,0,10,15,896,201,56,16,1169,0,0,0,1169
06/01/2001,SFO,CA,AWP,WE,Combined TRACON& Tower with Radar,924,192,64,2,1182,0,8,4,0,12,924,200,68,2,1194,0,0,0,1194
06/02/2001,SFO,CA,AWP,WE,Combined TRACON& Tower with Radar,831,171,45,6,1053,10,3,0,0,13,841,174,45,6,1066,0,0,0,1066
06/03/2001,SFO,CA,AWP,WE,Combined TRACON& Tower with Radar,878,182,62,5,1127,0,4,4,0,8,878,186,66,5,1135,0,0,0,1135
06/04/2001,SFO,CA,AWP,WE,Combined TRACON& Tower with Radar,898,184,56,7,1145,6,0,0,0,6,904,184,56,7,1151,0,0,0,1151
06/05/2001,SFO,CA,AWP,WE,Combined TRACON& Tower with Radar,904,190,64,6,1164,0,13,8,0,21,904,203,72,6,1185,0,0,0,1185
06/06/2001,SFO,CA,AWP,WE,Combined TRACON& Tower with Radar,905,192,64,2,1163,0,10,21,0,31,905,202,85,2,1194,0,0,0,1194
06/07/2001,SFO,CA,AWP,WE,Combined TRACON& Tower with Radar,923,189,62,2,1176,2,5,0,0,7,925,194,62,2,1183,0,0,0,1183
06/08/2001,SFO,CA,AWP,WE,Combined TRACON& Tower with Radar,924,193,65,5,1187,0,0,19,0,19,924,193,84,5,1206,0,0,0,1206
06/09/2001,SFO,CA,AWP,WE,Combined TRACON& Tower with Radar,834,171,33,2,1040,29,0,0,0,29,863,171,33,2,1069,0,0,0,1069
06/10/2001,SFO,CA,AWP,WE,Combined TRACON& Tower with Radar,904,186,61,5,1156,0,0,4,0,4,904,186,65,5,1160,0,0,0,1160
06/11/2001,SFO,CA,AWP,WE,Combined TRACON& Tower with Radar,882,180,49,7,1118,13,0,0,0,13,895,180,49,7,1131,0,0,0,1131
06/12/2001,SFO,CA,AWP,WE,Combined TRACON& Tower with Radar,890,175,46,7,1118,23,0,0,0,23,913,175,46,7,1141,0,0,0,1141
06/13/2001,SFO,CA,AWP,WE,Combined TRACON& Tower with Radar,911,188,60,8,1167,0,4,0,2,6,911,192,60,10,1173,0,0,0,1173
06/14/2001,SFO,CA,AWP,WE,Combined TRACON& Tower with Radar,934,189,66,8,1197,0,0,25,7,32,934,189,91,15,1229,0,0,0,1229
06/15/2001,SFO,CA,AWP,WE,Combined TRACON& Tower with Radar,959,196,66,8,1229,0,0,10,4,14,959,196,76,12,1243,0,0,0,1243
06/16/2001,SFO,CA,AWP,WE,Combined TRACON& Tower with Radar,884,175,40,6,1105,29,0,0,0,29,913,175,40,6,1134,0,0,0,1134
06/17/2001,SFO,CA,AWP,WE,Combined TRACON& Tower with Radar,887,183,45,1,1116,17,4,0,0,21,904,187,45,1,1137,0,0,0,1137
06/18/2001,SFO,CA,AWP,WE,Combined TRACON& Tower with Radar,930,192,63,8,1193,0,4,2,0,6,930,196,65,8,1199,0,0,0,1199
06/19/2001,SFO,CA,AWP,WE,Combined TRACON& Tower with Radar,937,190,64,8,1199,0,0,10,1,11,937,190,74,9,1210,0,0,0,1210
06/20/2001,SFO,CA,AWP,WE,Combined TRACON& Tower with Radar,924,192,64,4,1184,0,16,4,0,20,924,208,68,4,1204,0,0,0,1204
06/21/2001,SFO,CA,AWP,WE,Combined TRACON& Tower with Radar,953,201,66,8,1228,0,5,23,0,28,953,206,89,8,1256,0,0,0,1256
06/22/2001,SFO,CA,AWP,WE,Combined TRACON& Tower with Radar,908,190,63,8,1169,0,8,2,12,22,908,198,65,20,1191,0,0,0,1191
06/23/2001,SFO,CA,AWP,WE,Combined TRACON& Tower with Radar,881,170,44,5,1100,29,0,0,0,29,910,170,44,5,1129,0,0,0,1129
06/24/2001,SFO,CA,AWP,WE,Combined TRACON& Tower with Radar,912,189,63,8,1172,0,10,5,0,15,912,199,68,8,1187,0,0,0,1187
06/25/2001,SFO,CA,AWP,WE,Combined TRACON& Tower with Radar,925,186,59,8,1178,2,0,0,5,7,927,186,59,13,1185,0,0,0,1185
06/26/2001,SFO,CA,AWP,WE,Combined TRACON& Tower with Radar,913,179,63,7,1162,0,0,13,8,21,913,179,76,15,1183,0,0,0,1183
06/27/2001,SFO,CA,AWP,WE,Combined TRACON& Tower with Radar,878,170,54,6,1108,9,0,0,7,16,887,170,54,13,1124,0,0,0,1124
06/28/2001,SFO,CA,AWP,WE,Combined TRACON& Tower with Radar,940,180,64,3,1187,17,0,0,0,17,957,180,64,3,1204,0,0,0,1204
06/29/2001,SFO,CA,AWP,WE,Combined TRACON& Tower with Radar,931,186,59,4,1180,13,0,0,0,13,944,186,59,4,1193,0,0,0,1193
06/30/2001,SFO,CA,AWP,WE,Combined TRACON& Tower with Radar,890,175,46,6,1117,23,0,0,0,23,913,175,46,6,1140,0,0,0,1140
07/01/2001,SFO,CA,AWP,WE,Combined TRACON& Tower with Radar,892,171,41,1,1105,3,10,0,0,13,895,181,41,1,1118,0,0,0,1118
07/02/2001,SFO,CA,AWP,WE,Combined TRACON& Tower with Radar,937,180,36,7,1160,4,11,0,0,15,941,191,36,7,1175,0,0,0,1175
07/03/2001,SFO,CA,AWP,WE,Combined TRACON& Tower with Radar,931,178,34,7,1150,0,14,0,3,17,931,192,34,10,1167,0,0,0,1167
07/04/2001,SFO,CA,AWP,WE,Combined TRACON& Tower with Radar,848,162,20,2,1032,11,20,0,0,31,859,182,20,2,1063,0,0,0,1063
07/05/2001,SFO,CA,AWP,WE,Combined TRACON& Tower with Radar,936,180,34,7,1157,0,18,0,2,20,936,198,34,9,1177,0,0,0,1177
07/06/2001,SFO,CA,AWP,WE,Combined TRACON& Tower with Radar,922,165,38,6,1131,25,0,0,0,25,947,165,38,6,1156,0,0,0,1156
07/07/2001,SFO,CA,AWP,WE,Combined TRACON& Tower with Radar,907,174,34,1,1116,19,2,0,0,21,926,176,34,1,1137,0,0,0,1137
07/08/2001,SFO,CA,AWP,WE,Combined TRACON& Tower with Radar,917,182,52,7,1158,0,19,14,2,35,917,201,66,9,1193,0,0,0,1193
07/09/2001,SFO,CA,AWP,WE,Combined TRACON& Tower with Radar,950,183,48,7,1188,0,5,0,3,8,950,188,48,10,1196,0,0,0,1196
07/10/2001,SFO,CA,AWP,WE,Combined TRACON& Tower with Radar,954,183,41,7,1185,0,11,0,7,18,954,194,41,14,1203,0,0,0,1203
07/11/2001,SFO,CA,AWP,WE,Combined TRACON& Tower with Radar,944,170,51,7,1172,7,0,0,4,11,951,170,51,11,1183,0,0,0,1183
07/12/2001,SFO,CA,AWP,WE,Combined TRACON& Tower with Radar,940,180,41,7,1168,1,6,0,4,11,941,186,41,11,1179,0,0,0,1179
07/13/2001,SFO,CA,AWP,WE,Combined TRACON& Tower with Radar,972,183,48,4,1207,11,0,0,0,11,983,183,48,4,1218,0,0,0,1218
07/14/2001,SFO,CA,AWP,WE,Combined TRACON& Tower with Radar,855,136,39,4,1034,38,0,0,0,38,893,136,39,4,1072,0,0,0,1072
07/15/2001,SFO,CA,AWP,WE,Combined TRACON& Tower with Radar,933,163,50,6,1152,7,0,11,0,18,940,163,61,6,1170,0,0,0,1170
07/16/2001,SFO,CA,AWP,WE,Combined TRACON& Tower with Radar,847,134,46,7,1034,21,0,3,4,28,868,134,49,11,1062,0,0,0,1062
07/17/2001,SFO,CA,AWP,WE,Combined TRACON& Tower with Radar,982,189,55,8,1234,0,0,32,6,38,982,189,87,14,1272,0,0,0,1272
07/18/2001,SFO,CA,AWP,WE,Combined TRACON& Tower with Radar,961,188,53,8,1210,0,11,10,2,23,961,199,63,10,1233,0,0,0,1233
07/19/2001,SFO,CA,AWP,WE,Combined TRACON& Tower with Radar,947,162,51,8,1168,0,0,15,6,21,947,162,66,14,1189,0,0,0,1189
07/20/2001,SFO,CA,AWP,WE,Combined TRACON& Tower with Radar,922,152,42,6,1122,33,0,0,0,33,955,152,42,6,1155,0,0,0,1155
07/21/2001,SFO,CA,AWP,WE,Combined TRACON& Tower with Radar,910,159,48,5,1122,17,0,0,0,17,927,159,48,5,1139,0,0,0,1139
07/22/2001,SFO,CA,AWP,WE,Combined TRACON& Tower with Radar,943,184,52,3,1182,0,14,16,0,30,943,198,68,3,1212,0,0,0,1212
07/23/2001,SFO,CA,AWP,WE,Combined TRACON& Tower with Radar,939,179,50,7,1175,0,0,2,0,2,939,179,52,7,1177,0,0,0,1177
07/24/2001,SFO,CA,AWP,WE,Combined TRACON& Tower with Radar,958,186,53,7,1204,0,14,9,0,23,958,200,62,7,1227,0,0,0,1227
07/25/2001,SFO,CA,AWP,WE,Combined TRACON& Tower with Radar,954,190,53,6,1203,0,21,23,0,44,954,211,76,6,1247,0,0,0,1247
07/26/2001,SFO,CA,AWP,WE,Combined TRACON& Tower with Radar,952,188,53,7,1200,0,2,29,0,31,952,190,82,7,1231,0,0,0,1231
07/27/2001,SFO,CA,AWP,WE,Combined TRACON& Tower with Radar,971,187,53,4,1215,0,6,6,0,12,971,193,59,4,1227,0,0,0,1227
07/28/2001,SFO,CA,AWP,WE,Combined TRACON& Tower with Radar,882,161,21,4,1068,37,0,0,0,37,919,161,21,4,1105,0,0,0,1105
07/29/2001,SFO,CA,AWP,WE,Combined TRACON& Tower with Radar,931,179,50,4,1164,0,4,2,0,6,931,183,52,4,1170,0,0,0,1170
07/30/2001,SFO,CA,AWP,WE,Combined TRACON& Tower with Radar,843,130,45,6,1024,22,0,9,1,32,865,130,54,7,1056,0,0,0,1056
07/31/2001,SFO,CA,AWP,WE,Combined TRACON& Tower with Radar,988,192,55,7,1242,0,9,8,0,17,988,201,63,7,1259,0,0,0,1259
08/01/2001,SFO,CA,AWP,WE,Combined TRACON& Tower with Radar,969,186,54,7,1216,0,0,23,2,25,969,186,77,9,1241,0,0,0,1241
08/02/2001,SFO,CA,AWP,WE,Combined TRACON& Tower with Radar,945,168,52,6,1171,2,0,9,2,13,947,168,61,8,1184,0,0,0,1184
08/03/2001,SFO,CA,AWP,WE,Combined TRACON& Tower with Radar,949,181,45,2,1177,12,0,0,0,12,961,181,45,2,1189,0,0,0,1189
08/04/2001,SFO,CA,AWP,WE,Combined TRACON& Tower with Radar,919,156,40,6,1121,30,0,0,1,31,949,156,40,7,1152,0,0,0,1152
08/05/2001,SFO,CA,AWP,WE,Combined TRACON& Tower with Radar,911,177,50,2,1140,0,13,4,0,17,911,190,54,2,1157,0,0,0,1157
08/06/2001,SFO,CA,AWP,WE,Combined TRACON& Tower with Radar,936,182,52,7,1177,0,9,2,2,13,936,191,54,9,1190,0,0,0,1190
08/07/2001,SFO,CA,AWP,WE,Combined TRACON& Tower with Radar,970,188,51,7,1216,0,10,0,3,13,970,198,51,10,1229,0,0,0,1229
08/08/2001,SFO,CA,AWP,WE,Combined TRACON& Tower with Radar,973,188,46,6,1213,0,13,0,0,13,973,201,46,6,1226,0,0,0,1226
08/09/2001,SFO,CA,AWP,WE,Combined TRACON& Tower with Radar,964,182,53,7,1206,0,0,7,4,11,964,182,60,11,1217,0,0,0,1217
08/10/2001,SFO,CA,AWP,WE,Combined TRACON& Tower with Radar,961,180,53,7,1201,0,0,10,1,11,961,180,63,8,1212,0,0,0,1212
08/11/2001,SFO,CA,AWP,WE,Combined TRACON& Tower with Radar,927,170,46,7,1150,10,0,0,2,12,937,170,46,9,1162,0,0,0,1162
08/12/2001,SFO,CA,AWP,WE,Combined TRACON& Tower with Radar,928,176,48,4,1156,7,0,0,0,7,935,176,48,4,1163,0,0,0,1163
08/13/2001,SFO,CA,AWP,WE,Combined TRACON& Tower with Radar,940,180,49,6,1175,3,0,0,0,3,943,180,49,6,1178,0,0,0,1178
08/14/2001,SFO,CA,AWP,WE,Combined TRACON& Tower with Radar,945,185,52,8,1190,0,7,9,5,21,945,192,61,13,1211,0,0,0,1211
08/15/2001,SFO,CA,AWP,WE,Combined TRACON& Tower with Radar,957,183,47,8,1195,1,0,0,4,5,958,183,47,12,1200,0,0,0,1200
08/16/2001,SFO,CA,AWP,WE,Combined TRACON& Tower with Radar,965,189,46,8,1208,0,21,0,2,23,965,210,46,10,1231,0,0,0,1231
08/17/2001,SFO,CA,AWP,WE,Combined TRACON& Tower with Radar,976,189,53,8,1226,0,13,0,1,14,976,202,53,9,1240,0,0,0,1240
08/18/2001,SFO,CA,AWP,WE,Combined TRACON& Tower with Radar,908,173,39,6,1126,6,5,0,0,11,914,178,39,6,1137,0,0,0,1137
08/19/2001,SFO,CA,AWP,WE,Combined TRACON& Tower with Radar,940,181,51,4,1176,0,3,15,0,18,940,184,66,4,1194,0,0,0,1194
08/20/2001,SFO,CA,AWP,WE,Combined TRACON& Tower with Radar,855,151,45,5,1056,14,0,0,0,14,869,151,45,5,1070,0,0,0,1070
08/21/2001,SFO,CA,AWP,WE,Combined TRACON& Tower with Radar,935,159,38,6,1138,32,0,0,0,32,967,159,38,6,1170,0,0,0,1170
08/22/2001,SFO,CA,AWP,WE,Combined TRACON& Tower with Radar,920,160,35,7,1122,26,0,0,4,30,946,160,35,11,1152,0,0,0,1152
08/23/2001,SFO,CA,AWP,WE,Combined TRACON& Tower with Radar,962,181,52,8,1203,0,0,10,6,16,962,181,62,14,1219,0,0,0,1219
08/24/2001,SFO,CA,AWP,WE,Combined TRACON& Tower with Radar,962,178,48,3,1191,13,0,0,0,13,975,178,48,3,1204,0,0,0,1204
08/25/2001,SFO,CA,AWP,WE,Combined TRACON& Tower with Radar,931,177,43,3,1154,11,0,0,0,11,942,177,43,3,1165,0,0,0,1165
08/26/2001,SFO,CA,AWP,WE,Combined TRACON& Tower with Radar,927,181,51,1,1160,0,18,2,0,20,927,199,53,1,1180,0,0,0,1180
08/27/2001,SFO,CA,AWP,WE,Combined TRACON& Tower with Radar,943,181,47,5,1176,0,5,0,0,5,943,186,47,5,1181,0,0,0,1181
08/28/2001,SFO,CA,AWP,WE,Combined TRACON& Tower with Radar,986,189,49,4,1228,0,8,0,0,8,986,197,49,4,1236,0,0,0,1236
08/29/2001,SFO,CA,AWP,WE,Combined TRACON& Tower with Radar,927,172,50,6,1155,0,0,8,1,9,927,172,58,7,1164,0,0,0,1164
08/30/2001,SFO,CA,AWP,WE,Combined TRACON& Tower with Radar,974,187,45,7,1213,0,4,0,3,7,974,191,45,10,1220,0,0,0,1220
08/31/2001,SFO,CA,AWP,WE,Combined TRACON& Tower with Radar,970,177,52,2,1201,6,0,7,0,13,976,177,59,2,1214,0,0,0,1214
09/01/2001,SFO,CA,AWP,WE,Combined TRACON& Tower with Radar,782,159,31,2,974,45,0,0,0,45,827,159,31,2,1019,0,0,0,1019
09/02/2001,SFO,CA,AWP,WE,Combined TRACON& Tower with Radar,728,147,32,1,908,41,0,0,0,41,769,147,32,1,949,0,0,0,949
09/03/2001,SFO,CA,AWP,WE,Combined TRACON& Tower with Radar,874,191,44,4,1113,23,0,3,0,26,897,191,47,4,1139,0,0,0,1139
09/04/2001,SFO,CA,AWP,WE,Combined TRACON& Tower with Radar,904,185,45,8,1142,33,0,4,0,37,937,185,49,8,1179,0,0,0,1179
09/05/2001,SFO,CA,AWP,WE,Combined TRACON& Tower with Radar,930,193,47,9,1179,3,0,30,1,34,933,193,77,10,1213,0,0,0,1213
09/06/2001,SFO,CA,AWP,WE,Combined TRACON& Tower with Radar,928,193,47,6,1174,9,0,27,0,36,937,193,74,6,1210,0,0,0,1210
09/07/2001,SFO,CA,AWP,WE,Combined TRACON& Tower with Radar,883,186,45,8,1122,21,0,8,0,29,904,186,53,8,1151,0,0,0,1151
09/08/2001,SFO,CA,AWP,WE,Combined TRACON& Tower with Radar,825,158,31,7,1021,54,0,0,0,54,879,158,31,7,1075,0,0,0,1075
09/09/2001,SFO,CA,AWP,WE,Combined TRACON& Tower with Radar,878,154,43,9,1084,40,0,5,15,60,918,154,48,24,1144,0,0,0,1144
09/10/2001,SFO,CA,AWP,WE,Combined TRACON& Tower with Radar,913,191,45,3,1152,14,0,24,0,38,927,191,69,3,1190,0,0,0,1190
09/11/2001,SFO,CA,AWP,WE,Combined TRACON& Tower with Radar,68,11,2,0,81,8,0,0,0,8,76,11,2,0,89,0,0,0,89
09/12/2001,SFO,CA,AWP,WE,Combined TRACON& Tower with Radar,0,0,0,1,1,0,0,3,5,8,0,0,3,6,9,0,0,0,9
09/13/2001,SFO,CA,AWP,WE,Combined TRACON& Tower with Radar,97,30,0,2,129,0,27,0,7,34,97,57,0,9,163,0,0,0,163
09/14/2001,SFO,CA,AWP,WE,Combined TRACON& Tower with Radar,335,105,18,5,463,0,92,0,7,99,335,197,18,12,562,0,0,0,562
09/15/2001,SFO,CA,AWP,WE,Combined TRACON& Tower with Radar,444,122,19,6,591,0,59,0,4,63,444,181,19,10,654,0,0,0,654
09/16/2001,SFO,CA,AWP,WE,Combined TRACON& Tower with Radar,508,132,19,5,664,0,45,0,0,45,508,177,19,5,709,0,0,0,709
09/17/2001,SFO,CA,AWP,WE,Combined TRACON& Tower with Radar,615,154,28,6,803,0,24,0,0,24,615,178,28,6,827,0,0,0,827
09/18/2001,SFO,CA,AWP,WE,Combined TRACON& Tower with Radar,666,167,33,5,871,0,29,0,0,29,666,196,33,5,900,0,0,0,900
09/19/2001,SFO,CA,AWP,WE,Combined TRACON& Tower with Radar,759,185,38,8,990,0,0,7,1,8,759,185,45,9,998,0,0,0,998
09/20/2001,SFO,CA,AWP,WE,Combined TRACON& Tower with Radar,776,190,27,8,1001,0,17,0,2,19,776,207,27,10,1020,0,0,0,1020
09/21/2001,SFO,CA,AWP,WE,Combined TRACON& Tower with Radar,793,194,39,4,1030,0,13,0,0,13,793,207,39,4,1043,0,0,0,1043
09/22/2001,SFO,CA,AWP,WE,Combined TRACON& Tower with Radar,659,125,21,2,807,51,0,0,0,51,710,125,21,2,858,0,0,0,858
09/23/2001,SFO,CA,AWP,WE,Combined TRACON& Tower with Radar,758,184,23,7,972,13,2,0,0,15,771,186,23,7,987,0,0,0,987
09/24/2001,SFO,CA,AWP,WE,Combined TRACON& Tower with Radar,753,183,31,8,975,0,5,0,2,7,753,188,31,10,982,0,0,0,982
09/25/2001,SFO,CA,AWP,WE,Combined TRACON& Tower with Radar,761,188,38,7,994,0,10,6,0,16,761,198,44,7,1010,0,0,0,1010
09/26/2001,SFO,CA,AWP,WE,Combined TRACON& Tower with Radar,787,197,38,8,1030,0,27,0,1,28,787,224,38,9,1058,0,0,0,1058
09/27/2001,SFO,CA,AWP,WE,Combined TRACON& Tower with Radar,782,195,31,8,1016,0,20,0,5,25,782,215,31,13,1041,0,0,0,1041
09/28/2001,SFO,CA,AWP,WE,Combined TRACON& Tower with Radar,776,191,32,5,1004,0,15,0,0,15,776,206,32,5,1019,0,0,0,1019
09/29/2001,SFO,CA,AWP,WE,Combined TRACON& Tower with Radar,736,172,20,5,933,25,0,0,0,25,761,172,20,5,958,0,0,0,958
09/30/2001,SFO,CA,AWP,WE,Combined TRACON& Tower with Radar,754,189,39,6,988,0,17,6,0,23,754,206,45,6,1011,0,0,0,1011
10/01/2001,SFO,CA,AWP,WE,Combined TRACON& Tower with Radar,733,189,41,7,970,0,0,20,3,23,733,189,61,10,993,0,0,0,993
10/02/2001,SFO,CA,AWP,WE,Combined TRACON& Tower with Radar,720,181,34,6,941,5,0,0,2,7,725,181,34,8,948,0,0,0,948
10/03/2001,SFO,CA,AWP,WE,Combined TRACON& Tower with Radar,729,175,39,7,950,4,0,2,4,10,733,175,41,11,960,0,0,0,960
10/04/2001,SFO,CA,AWP,WE,Combined TRACON& Tower with Radar,746,193,41,7,987,0,6,7,1,14,746,199,48,8,1001,0,0,0,1001
10/05/2001,SFO,CA,AWP,WE,Combined TRACON& Tower with Radar,750,185,40,5,980,4,0,3,0,7,754,185,43,5,987,0,0,0,987
10/06/2001,SFO,CA,AWP,WE,Combined TRACON& Tower with Radar,677,157,18,1,853,39,0,0,0,39,716,157,18,1,892,0,0,0,892
10/07/2001,SFO,CA,AWP,WE,Combined TRACON& Tower with Radar,729,168,39,2,938,12,0,10,0,22,741,168,49,2,960,0,0,0,960
10/08/2001,SFO,CA,AWP,WE,Combined TRACON& Tower with Radar,707,182,37,6,932,0,11,0,0,11,707,193,37,6,943,0,0,0,943
10/09/2001,SFO,CA,AWP,WE,Combined TRACON& Tower with Radar,727,186,30,7,950,0,8,0,10,18,727,194,30,17,968,0,0,0,968
10/10/2001,SFO,CA,AWP,WE,Combined TRACON& Tower with Radar,731,190,40,4,965,0,10,8,0,18,731,200,48,4,983,0,0,0,983
10/11/2001,SFO,CA,AWP,WE,Combined TRACON& Tower with Radar,740,193,41,7,981,0,8,2,9,19,740,201,43,16,1000,0,0,0,1000
10/12/2001,SFO,CA,AWP,WE,Combined TRACON& Tower with Radar,751,193,41,6,991,0,6,3,0,9,751,199,44,6,1000,0,0,0,1000
10/13/2001,SFO,CA,AWP,WE,Combined TRACON& Tower with Radar,666,153,24,4,847,30,0,0,0,30,696,153,24,4,877,0,0,0,877
10/14/2001,SFO,CA,AWP,WE,Combined TRACON& Tower with Radar,726,184,39,2,951,3,0,2,0,5,729,184,41,2,956,0,0,0,956
10/15/2001,SFO,CA,AWP,WE,Combined TRACON& Tower with Radar,714,179,38,6,937,0,0,6,0,6,714,179,44,6,943,0,0,0,943
10/16/2001,SFO,CA,AWP,WE,Combined TRACON& Tower with Radar,718,183,36,7,944,0,11,0,0,11,718,194,36,7,955,0,0,0,955
10/17/2001,SFO,CA,AWP,WE,Combined TRACON& Tower with Radar,724,175,35,7,941,10,0,0,1,11,734,175,35,8,952,0,0,0,952
10/18/2001,SFO,CA,AWP,WE,Combined TRACON& Tower with Radar,729,184,29,8,950,4,0,0,5,9,733,184,29,13,959,0,0,0,959
10/19/2001,SFO,CA,AWP,WE,Combined TRACON& Tower with Radar,744,187,36,4,971,0,7,0,0,7,744,194,36,4,978,0,0,0,978
10/20/2001,SFO,CA,AWP,WE,Combined TRACON& Tower with Radar,673,161,18,6,858,27,0,0,0,27,700,161,18,6,885,0,0,0,885
10/21/2001,SFO,CA,AWP,WE,Combined TRACON& Tower with Radar,703,175,34,1,913,12,0,0,0,12,715,175,34,1,925,0,0,0,925
10/22/2001,SFO,CA,AWP,WE,Combined TRACON& Tower with Radar,722,182,39,5,948,0,3,0,0,3,722,185,39,5,951,0,0,0,951
10/23/2001,SFO,CA,AWP,WE,Combined TRACON& Tower with Radar,717,184,38,7,946,0,9,2,0,11,717,193,40,7,957,0,0,0,957
10/24/2001,SFO,CA,AWP,WE,Combined TRACON& Tower with Radar,720,188,39,6,953,0,20,9,0,29,720,208,48,6,982,0,0,0,982
10/25/2001,SFO,CA,AWP,WE,Combined TRACON& Tower with Radar,739,193,41,8,981,0,6,7,14,27,739,199,48,22,1008,0,0,0,1008
10/26/2001,SFO,CA,AWP,WE,Combined TRACON& Tower with Radar,741,185,39,2,967,1,0,6,0,7,742,185,45,2,974,0,0,0,974
10/27/2001,SFO,CA,AWP,WE,Combined TRACON& Tower with Radar,668,149,22,6,845,34,0,0,0,34,702,149,22,6,879,0,0,0,879
10/28/2001,SFO,CA,AWP,WE,Combined TRACON& Tower with Radar,711,172,33,3,919,16,0,0,0,16,727,172,33,3,935,0,0,0,935
10/29/2001,SFO,CA,AWP,WE,Combined TRACON& Tower with Radar,713,178,38,6,935,0,0,13,0,13,713,178,51,6,948,0,0,0,948
10/30/2001,SFO,CA,AWP,WE,Combined TRACON& Tower with Radar,698,172,37,6,913,0,0,8,2,10,698,172,45,8,923,0,0,0,923
10/31/2001,SFO,CA,AWP,WE,Combined TRACON& Tower with Radar,675,176,32,6,889,0,22,0,0,22,675,198,32,6,911,0,0,0,911
11/01/2001,SFO,CA,AWP,WE,Combined TRACON& Tower with Radar,697,190,40,7,934,0,19,0,2,21,697,209,40,9,955,0,0,0,955
11/02/2001,SFO,CA,AWP,WE,Combined TRACON& Tower with Radar,719,190,45,6,960,0,0,6,7,13,719,190,51,13,973,0,0,0,973
11/03/2001,SFO,CA,AWP,WE,Combined TRACON& Tower with Radar,646,148,26,3,823,41,0,0,0,41,687,148,26,3,864,0,0,0,864
11/04/2001,SFO,CA,AWP,WE,Combined TRACON& Tower with Radar,702,184,44,2,932,1,0,6,0,7,703,184,50,2,939,0,0,0,939
11/05/2001,SFO,CA,AWP,WE,Combined TRACON& Tower with Radar,692,187,33,6,918,0,14,0,3,17,692,201,33,9,935,0,0,0,935
11/06/2001,SFO,CA,AWP,WE,Combined TRACON& Tower with Radar,693,190,44,6,933,0,13,6,2,21,693,203,50,8,954,0,0,0,954
11/07/2001,SFO,CA,AWP,WE,Combined TRACON& Tower with Radar,696,192,44,6,938,0,18,1,5,24,696,210,45,11,962,0,0,0,962
11/08/2001,SFO,CA,AWP,WE,Combined TRACON& Tower with Radar,712,201,46,7,966,0,13,19,9,41,712,214,65,16,1007,0,0,0,1007
11/09/2001,SFO,CA,AWP,WE,Combined TRACON& Tower with Radar,709,193,39,6,947,0,16,0,3,19,709,209,39,9,966,0,0,0,966
11/10/2001,SFO,CA,AWP,WE,Combined TRACON& Tower with Radar,641,143,20,2,806,51,0,0,0,51,692,143,20,2,857,0,0,0,857
11/11/2001,SFO,CA,AWP,WE,Combined TRACON& Tower with Radar,669,146,41,2,858,25,0,12,0,37,694,146,53,2,895,0,0,0,895
11/12/2001,SFO,CA,AWP,WE,Combined TRACON& Tower with Radar,681,175,42,5,903,2,0,6,0,8,683,175,48,5,911,0,0,0,911
11/13/2001,SFO,CA,AWP,WE,Combined TRACON& Tower with Radar,694,191,44,2,931,0,21,3,0,24,694,212,47,2,955,0,0,0,955
11/14/2001,SFO,CA,AWP,WE,Combined TRACON& Tower with Radar,699,197,44,7,947,0,19,17,2,38,699,216,61,9,985,0,0,0,985
11/15/2001,SFO,CA,AWP,WE,Combined TRACON& Tower with Radar,720,197,44,8,969,0,15,1,3,19,720,212,45,11,988,0,0,0,988
11/16/2001,SFO,CA,AWP,WE,Combined TRACON& Tower with Radar,717,197,44,4,962,0,7,16,0,23,717,204,60,4,985,0,0,0,985
11/17/2001,SFO,CA,AWP,WE,Combined TRACON& Tower with Radar,655,152,24,4,835,41,0,0,0,41,696,152,24,4,876,0,0,0,876
11/18/2001,SFO,CA,AWP,WE,Combined TRACON& Tower with Radar,680,175,36,3,894,14,0,0,0,14,694,175,36,3,908,0,0,0,908
11/19/2001,SFO,CA,AWP,WE,Combined TRACON& Tower with Radar,692,183,38,7,920,2,1,0,1,4,694,184,38,8,924,0,0,0,924
11/20/2001,SFO,CA,AWP,WE,Combined TRACON& Tower with Radar,705,192,41,7,945,0,19,0,2,21,705,211,41,9,966,0,0,0,966
11/21/2001,SFO,CA,AWP,WE,Combined TRACON& Tower with Radar,696,171,42,3,912,4,0,13,0,17,700,171,55,3,929,0,0,0,929
11/22/2001,SFO,CA,AWP,WE,Combined TRACON& Tower with Radar,542,130,8,2,682,41,0,0,0,41,583,130,8,2,723,0,0,0,723
11/23/2001,SFO,CA,AWP,WE,Combined TRACON& Tower with Radar,550,138,30,0,718,16,0,0,0,16,566,138,30,0,734,0,0,0,734
11/24/2001,SFO,CA,AWP,WE,Combined TRACON& Tower with Radar,614,133,13,4,764,56,0,0,0,56,670,133,13,4,820,0,0,0,820
11/25/2001,SFO,CA,AWP,WE,Combined TRACON& Tower with Radar,714,184,44,4,946,0,0,18,0,18,714,184,62,4,964,0,0,0,964
11/26/2001,SFO,CA,AWP,WE,Combined TRACON& Tower with Radar,699,189,43,6,937,0,14,0,0,14,699,203,43,6,951,0,0,0,951
11/27/2001,SFO,CA,AWP,WE,Combined TRACON& Tower with Radar,704,188,43,7,942,0,2,4,1,7,704,190,47,8,949,0,0,0,949
11/28/2001,SFO,CA,AWP,WE,Combined TRACON& Tower with Radar,686,183,41,7,917,0,7,0,2,9,686,190,41,9,926,0,0,0,926
11/29/2001,SFO,CA,AWP,WE,Combined TRACON& Tower with Radar,718,195,44,7,964,0,0,10,8,18,718,195,54,15,982,0,0,0,982
11/30/2001,SFO,CA,AWP,WE,Combined TRACON& Tower with Radar,723,191,35,7,956,9,0,0,0,9,732,191,35,7,965,0,0,0,965
12/01/2001,SFO,CA,AWP,WE,Combined TRACON& Tower with Radar,621,128,14,2,765,42,0,0,0,42,663,128,14,2,807,0,0,0,807
12/02/2001,SFO,CA,AWP,WE,Combined TRACON& Tower with Radar,629,132,21,4,786,32,0,0,0,32,661,132,21,4,818,0,0,0,818
12/03/2001,SFO,CA,AWP,WE,Combined TRACON& Tower with Radar,667,173,33,5,878,0,24,7,4,35,667,197,40,9,913,0,0,0,913
12/04/2001,SFO,CA,AWP,WE,Combined TRACON& Tower with Radar,681,177,34,5,897,0,26,4,7,37,681,203,38,12,934,0,0,0,934
12/05/2001,SFO,CA,AWP,WE,Combined TRACON& Tower with Radar,659,162,31,5,857,0,0,6,2,8,659,162,37,7,865,0,0,0,865
12/06/2001,SFO,CA,AWP,WE,Combined TRACON& Tower with Radar,681,172,33,5,891,0,14,4,0,18,681,186,37,5,909,0,0,0,909
12/07/2001,SFO,CA,AWP,WE,Combined TRACON& Tower with Radar,702,183,34,5,924,0,29,15,0,44,702,212,49,5,968,0,0,0,968
12/08/2001,SFO,CA,AWP,WE,Combined TRACON& Tower with Radar,631,132,29,2,794,24,0,2,0,26,655,132,31,2,820,0,0,0,820
12/09/2001,SFO,CA,AWP,WE,Combined TRACON& Tower with Radar,679,170,24,3,876,0,19,0,0,19,679,189,24,3,895,0,0,0,895
12/10/2001,SFO,CA,AWP,WE,Combined TRACON& Tower with Radar,665,176,32,6,879,0,26,19,3,48,665,202,51,9,927,0,0,0,927
12/11/2001,SFO,CA,AWP,WE,Combined TRACON& Tower with Radar,683,174,32,6,895,0,12,1,9,22,683,186,33,15,917,0,0,0,917
12/12/2001,SFO,CA,AWP,WE,Combined TRACON& Tower with Radar,676,180,33,6,895,0,32,27,0,59,676,212,60,6,954,0,0,0,954
12/13/2001,SFO,CA,AWP,WE,Combined TRACON& Tower with Radar,681,175,32,6,894,0,16,11,2,29,681,191,43,8,923,0,0,0,923
12/14/2001,SFO,CA,AWP,WE,Combined TRACON& Tower with Radar,712,183,34,5,934,0,24,19,0,43,712,207,53,5,977,0,0,0,977
12/15/2001,SFO,CA,AWP,WE,Combined TRACON& Tower with Radar,636,154,22,3,815,11,0,0,0,11,647,154,22,3,826,0,0,0,826
12/16/2001,SFO,CA,AWP,WE,Combined TRACON& Tower with Radar,670,165,31,4,870,0,3,5,0,8,670,168,36,4,878,0,0,0,878
12/17/2001,SFO,CA,AWP,WE,Combined TRACON& Tower with Radar,683,169,31,6,889,0,8,1,0,9,683,177,32,6,898,0,0,0,898
12/18/2001,SFO,CA,AWP,WE,Combined TRACON& Tower with Radar,696,175,33,6,910,0,4,6,10,20,696,179,39,16,930,0,0,0,930
12/19/2001,SFO,CA,AWP,WE,Combined TRACON& Tower with Radar,692,174,32,2,900,0,14,8,0,22,692,188,40,2,922,0,0,0,922
12/20/2001,SFO,CA,AWP,WE,Combined TRACON& Tower with Radar,689,142,31,6,868,16,0,6,5,27,705,142,37,11,895,0,0,0,895
12/21/2001,SFO,CA,AWP,WE,Combined TRACON& Tower with Radar,760,193,35,7,995,0,22,6,1,29,760,215,41,8,1024,0,0,0,1024
12/22/2001,SFO,CA,AWP,WE,Combined TRACON& Tower with Radar,653,138,18,2,811,37,0,0,0,37,690,138,18,2,848,0,0,0,848
12/23/2001,SFO,CA,AWP,WE,Combined TRACON& Tower with Radar,695,155,26,3,879,23,0,0,0,23,718,155,26,3,902,0,0,0,902
12/24/2001,SFO,CA,AWP,WE,Combined TRACON& Tower with Radar,566,138,17,2,723,9,3,0,0,12,575,141,17,2,735,0,0,0,735
12/25/2001,SFO,CA,AWP,WE,Combined TRACON& Tower with Radar,532,116,5,0,653,38,0,0,0,38,570,116,5,0,691,0,0,0,691
12/26/2001,SFO,CA,AWP,WE,Combined TRACON& Tower with Radar,668,164,25,5,862,4,1,0,0,5,672,165,25,5,867,0,0,0,867
12/27/2001,SFO,CA,AWP,WE,Combined TRACON& Tower with Radar,683,143,21,5,852,35,0,0,0,35,718,143,21,5,887,0,0,0,887
12/28/2001,SFO,CA,AWP,WE,Combined TRACON& Tower with Radar,650,132,17,2,801,43,0,0,0,43,693,132,17,2,844,0,0,0,844
12/29/2001,SFO,CA,AWP,WE,Combined TRACON& Tower with Radar,609,120,10,2,741,49,0,0,0,49,658,120,10,2,790,0,0,0,790
12/30/2001,SFO,CA,AWP,WE,Combined TRACON& Tower with Radar,633,133,14,2,782,40,0,0,0,40,673,133,14,2,822,0,0,0,822
12/31/2001,SFO,CA,AWP,WE,Combined TRACON& Tower with Radar,606,130,19,4,759,25,0,0,2,27,631,130,19,6,786,0,0,0,786
01/01/2002,SFO,CA,AWP,WE,Combined TRACON& Tower with Radar,613,140,15,4,772,46,0,0,0,46,659,140,15,4,818,0,0,0,818
01/02/2002,SFO,CA,AWP,WE,Combined TRACON& Tower with Radar,658,163,23,3,847,31,0,0,0,31,689,163,23,3,878,0,0,0,878
01/03/2002,SFO,CA,AWP,WE,Combined TRACON& Tower with Radar,682,167,33,5,887,21,0,0,3,24,703,167,33,8,911,0,0,0,911
01/04/2002,SFO,CA,AWP,WE,Combined TRACON& Tower with Radar,706,190,27,6,929,13,1,0,0,14,719,191,27,6,943,0,0,0,943
01/05/2002,SFO,CA,AWP,WE,Combined TRACON& Tower with Radar,610,139,28,5,782,32,0,0,0,32,642,139,28,5,814,0,0,0,814
01/06/2002,SFO,CA,AWP,WE,Combined TRACON& Tower with Radar,655,162,39,2,858,15,0,2,0,17,670,162,41,2,875,0,0,0,875
01/07/2002,SFO,CA,AWP,WE,Combined TRACON& Tower with Radar,579,118,18,0,715,58,0,0,0,58,637,118,18,0,773,0,0,0,773
01/08/2002,SFO,CA,AWP,WE,Combined TRACON& Tower with Radar,685,176,41,6,908,0,0,26,7,33,685,176,67,13,941,0,0,0,941
01/09/2002,SFO,CA,AWP,WE,Combined TRACON& Tower with Radar,700,199,43,2,944,0,22,21,0,43,700,221,64,2,987,0,0,0,987
01/10/2002,SFO,CA,AWP,WE,Combined TRACON& Tower with Radar,685,188,41,6,920,0,7,9,2,18,685,195,50,8,938,0,0,0,938
01/11/2002,SFO,CA,AWP,WE,Combined TRACON& Tower with Radar,709,193,41,7,950,0,0,16,0,16,709,193,57,7,966,0,0,0,966
01/12/2002,SFO,CA,AWP,WE,Combined TRACON& Tower with Radar,603,128,29,4,764,41,0,0,0,41,644,128,29,4,805,0,0,0,805
01/13/2002,SFO,CA,AWP,WE,Combined TRACON& Tower with Radar,659,169,31,3,862,18,0,0,0,18,677,169,31,3,880,0,0,0,880
01/14/2002,SFO,CA,AWP,WE,Combined TRACON& Tower with Radar,666,180,31,3,880,0,14,0,0,14,666,194,31,3,894,0,0,0,894
01/15/2002,SFO,CA,AWP,WE,Combined TRACON& Tower with Radar,680,183,25,6,894,6,5,0,3,14,686,188,25,9,908,0,0,0,908
01/16/2002,SFO,CA,AWP,WE,Combined TRACON& Tower with Radar,671,180,33,6,890,0,8,0,1,9,671,188,33,7,899,0,0,0,899
01/17/2002,SFO,CA,AWP,WE,Combined TRACON& Tower with Radar,692,190,40,7,929,0,14,4,1,19,692,204,44,8,948,0,0,0,948
01/18/2002,SFO,CA,AWP,WE,Combined TRACON& Tower with Radar,704,191,41,7,943,0,11,3,1,15,704,202,44,8,958,0,0,0,958
01/19/2002,SFO,CA,AWP,WE,Combined TRACON& Tower with Radar,618,155,27,5,805,19,0,0,0,19,637,155,27,5,824,0,0,0,824
01/20/2002,SFO,CA,AWP,WE,Combined TRACON& Tower with Radar,664,176,23,2,865,10,9,0,0,19,674,185,23,2,884,0,0,0,884
01/21/2002,SFO,CA,AWP,WE,Combined TRACON& Tower with Radar,674,186,39,5,904,0,16,7,0,23,674,202,46,5,927,0,0,0,927
01/22/2002,SFO,CA,AWP,WE,Combined TRACON& Tower with Radar,681,187,40,5,913,0,13,9,0,22,681,200,49,5,935,0,0,0,935
01/23/2002,SFO,CA,AWP,WE,Combined TRACON& Tower with Radar,687,192,36,7,922,0,34,0,3,37,687,226,36,10,959,0,0,0,959
01/24/2002,SFO,CA,AWP,WE,Combined TRACON& Tower with Radar,675,193,41,6,915,0,19,19,6,44,675,212,60,12,959,0,0,0,959
01/25/2002,SFO,CA,AWP,WE,Combined TRACON& Tower with Radar,707,188,41,5,941,0,0,18,0,18,707,188,59,5,959,0,0,0,959
01/26/2002,SFO,CA,AWP,WE,Combined TRACON& Tower with Radar,593,130,19,4,746,44,0,0,0,44,637,130,19,4,790,0,0,0,790
01/27/2002,SFO,CA,AWP,WE,Combined TRACON& Tower with Radar,662,178,38,3,881,0,3,1,0,4,662,181,39,3,885,0,0,0,885
01/28/2002,SFO,CA,AWP,WE,Combined TRACON& Tower with Radar,660,183,39,5,887,0,3,15,2,20,660,186,54,7,907,0,0,0,907
01/29/2002,SFO,CA,AWP,WE,Combined TRACON& Tower with Radar,668,188,40,6,902,0,24,7,3,34,668,212,47,9,936,0,0,0,936
01/30/2002,SFO,CA,AWP,WE,Combined TRACON& Tower with Radar,643,178,38,5,864,0,15,5,2,22,643,193,43,7,886,0,0,0,886
01/31/2002,SFO,CA,AWP,WE,Combined TRACON& Tower with Radar,692,189,40,6,927,0,10,2,2,14,692,199,42,8,941,0,0,0,941
02/01/2002,SFO,CA,AWP,WE,Combined TRACON& Tower with Radar,697,195,47,4,943,0,10,1,0,11,697,205,48,4,954,0,0,0,954
02/02/2002,SFO,CA,AWP,WE,Combined TRACON& Tower with Radar,606,143,24,1,774,45,0,0,0,45,651,143,24,1,819,0,0,0,819
02/03/2002,SFO,CA,AWP,WE,Combined TRACON& Tower with Radar,660,182,41,2,885,7,0,0,0,7,667,182,41,2,892,0,0,0,892
02/04/2002,SFO,CA,AWP,WE,Combined TRACON& Tower with Radar,637,161,30,5,833,25,0,0,3,28,662,161,30,8,861,0,0,0,861
02/05/2002,SFO,CA,AWP,WE,Combined TRACON& Tower with Radar,657,185,42,5,889,0,9,0,5,14,657,194,42,10,903,0,0,0,903
02/06/2002,SFO,CA,AWP,WE,Combined TRACON& Tower with Radar,684,193,39,5,921,0,22,0,1,23,684,215,39,6,944,0,0,0,944
02/07/2002,SFO,CA,AWP,WE,Combined TRACON& Tower with Radar,638,158,19,5,820,39,0,0,3,42,677,158,19,8,862,0,0,0,862
02/08/2002,SFO,CA,AWP,WE,Combined TRACON& Tower with Radar,701,187,47,4,939,6,0,2,0,8,707,187,49,4,947,0,0,0,947
02/09/2002,SFO,CA,AWP,WE,Combined TRACON& Tower with Radar,596,144,27,3,770,35,0,0,0,35,631,144,27,3,805,0,0,0,805
02/10/2002,SFO,CA,AWP,WE,Combined TRACON& Tower with Radar,662,168,44,4,878,13,0,4,0,17,675,168,48,4,895,0,0,0,895
02/11/2002,SFO,CA,AWP,WE,Combined TRACON& Tower with Radar,668,186,43,6,903,0,5,0,0,5,668,191,43,6,908,0,0,0,908
02/12/2002,SFO,CA,AWP,WE,Combined TRACON& Tower with Radar,676,192,45,6,919,0,7,7,3,17,676,199,52,9,936,0,0,0,936
02/13/2002,SFO,CA,AWP,WE,Combined TRACON& Tower with Radar,689,196,47,3,935,0,15,12,0,27,689,211,59,3,962,0,0,0,962
02/14/2002,SFO,CA,AWP,WE,Combined TRACON& Tower with Radar,691,191,40,6,928,2,3,0,1,6,693,194,40,7,934,0,0,0,934
02/15/2002,SFO,CA,AWP,WE,Combined TRACON& Tower with Radar,705,198,42,7,952,0,12,0,4,16,705,210,42,11,968,0,0,0,968
02/16/2002,SFO,CA,AWP,WE,Combined TRACON& Tower with Radar,618,163,38,2,821,14,0,0,0,14,632,163,38,2,835,0,0,0,835
02/17/2002,SFO,CA,AWP,WE,Combined TRACON& Tower with Radar,653,168,42,2,865,17,0,0,0,17,670,168,42,2,882,0,0,0,882
02/18/2002,SFO,CA,AWP,WE,Combined TRACON& Tower with Radar,672,189,45,2,908,0,13,6,0,19,672,202,51,2,927,0,0,0,927
02/19/2002,SFO,CA,AWP,WE,Combined TRACON& Tower with Radar,654,156,40,2,852,30,0,0,0,30,684,156,40,2,882,0,0,0,882
02/20/2002,SFO,CA,AWP,WE,Combined TRACON& Tower with Radar,693,197,47,2,939,0,24,4,0,28,693,221,51,2,967,0,0,0,967
02/21/2002,SFO,CA,AWP,WE,Combined TRACON& Tower with Radar,682,167,45,4,898,14,0,9,0,23,696,167,54,4,921,0,0,0,921
02/22/2002,SFO,CA,AWP,WE,Combined TRACON& Tower with Radar,714,196,38,5,953,1,10,0,0,11,715,206,38,5,964,0,0,0,964
02/23/2002,SFO,CA,AWP,WE,Combined TRACON& Tower with Radar,617,149,34,6,806,24,0,0,2,26,641,149,34,8,832,0,0,0,832
02/24/2002,SFO,CA,AWP,WE,Combined TRACON& Tower with Radar,675,185,45,2,907,0,0,7,0,7,675,185,52,2,914,0,0,0,914
02/25/2002,SFO,CA,AWP,WE,Combined TRACON& Tower with Radar,659,195,46,5,905,0,23,19,4,46,659,218,65,9,951,0,0,0,951
02/26/2002,SFO,CA,AWP,WE,Combined TRACON& Tower with Radar,672,193,46,5,916,0,15,4,6,25,672,208,50,11,941,0,0,0,941
02/27/2002,SFO,CA,AWP,WE,Combined TRACON& Tower with Radar,687,203,48,6,944,0,10,33,6,49,687,213,81,12,993,0,0,0,993
02/28/2002,SFO,CA,AWP,WE,Combined TRACON& Tower with Radar,705,200,48,6,959,0,8,6,9,23,705,208,54,15,982,0,0,0,982
03/01/2002,SFO,CA,AWP,WE,Combined TRACON& Tower with Radar,700,207,52,8,967,0,23,4,6,33,700,230,56,14,1000,0,0,0,1000
03/02/2002,SFO,CA,AWP,WE,Combined TRACON& Tower with Radar,593,154,25,5,777,32,0,0,0,32,625,154,25,5,809,0,0,0,809
03/03/2002,SFO,CA,AWP,WE,Combined TRACON& Tower with Radar,653,184,43,3,883,4,3,0,0,7,657,187,43,3,890,0,0,0,890
03/04/2002,SFO,CA,AWP,WE,Combined TRACON& Tower with Radar,672,192,42,7,913,0,10,0,6,16,672,202,42,13,929,0,0,0,929
03/05/2002,SFO,CA,AWP,WE,Combined TRACON& Tower with Radar,690,196,48,6,940,0,8,0,0,8,690,204,48,6,948,0,0,0,948
03/06/2002,SFO,CA,AWP,WE,Combined TRACON& Tower with Radar,684,194,45,7,930,0,5,0,2,7,684,199,45,9,937,0,0,0,937
03/07/2002,SFO,CA,AWP,WE,Combined TRACON& Tower with Radar,708,193,50,8,959,0,0,11,3,14,708,193,61,11,973,0,0,0,973
03/08/2002,SFO,CA,AWP,WE,Combined TRACON& Tower with Radar,703,208,52,8,971,0,7,20,6,33,703,215,72,14,1004,0,0,0,1004
03/09/2002,SFO,CA,AWP,WE,Combined TRACON& Tower with Radar,604,150,35,5,794,30,0,0,0,30,634,150,35,5,824,0,0,0,824
03/10/2002,SFO,CA,AWP,WE,Combined TRACON& Tower with Radar,683,186,48,2,919,5,0,7,0,12,688,186,55,2,931,0,0,0,931
03/11/2002,SFO,CA,AWP,WE,Combined TRACON& Tower with Radar,674,189,42,7,912,3,0,0,4,7,677,189,42,11,919,0,0,0,919
03/12/2002,SFO,CA,AWP,WE,Combined TRACON& Tower with Radar,680,197,49,8,934,0,12,3,4,19,680,209,52,12,953,0,0,0,953
03/13/2002,SFO,CA,AWP,WE,Combined TRACON& Tower with Radar,692,205,51,8,956,0,14,22,0,36,692,219,73,8,992,0,0,0,992
03/14/2002,SFO,CA,AWP,WE,Combined TRACON& Tower with Radar,703,206,50,9,968,0,8,9,9,26,703,214,59,18,994,0,0,0,994
03/15/2002,SFO,CA,AWP,WE,Combined TRACON& Tower with Radar,715,204,50,9,978,0,3,0,5,8,715,207,50,14,986,0,0,0,986
03/16/2002,SFO,CA,AWP,WE,Combined TRACON& Tower with Radar,612,153,29,4,798,35,0,0,0,35,647,153,29,4,833,0,0,0,833
03/17/2002,SFO,CA,AWP,WE,Combined TRACON& Tower with Radar,649,159,31,5,844,40,0,0,0,40,689,159,31,5,884,0,0,0,884
03/18/2002,SFO,CA,AWP,WE,Combined TRACON& Tower with Radar,668,185,44,8,905,3,0,0,2,5,671,185,44,10,910,0,0,0,910
03/19/2002,SFO,CA,AWP,WE,Combined TRACON& Tower with Radar,699,197,49,7,952,0,7,1,0,8,699,204,50,7,960,0,0,0,960
03/20/2002,SFO,CA,AWP,WE,Combined TRACON& Tower with Radar,698,200,47,9,954,0,15,0,1,16,698,215,47,10,970,0,0,0,970
03/21/2002,SFO,CA,AWP,WE,Combined TRACON& Tower with Radar,710,209,51,9,979,0,6,24,5,35,710,215,75,14,1014,0,0,0,1014
03/22/2002,SFO,CA,AWP,WE,Combined TRACON& Tower with Radar,692,182,45,2,921,22,0,0,0,22,714,182,45,2,943,0,0,0,943
03/23/2002,SFO,CA,AWP,WE,Combined TRACON& Tower with Radar,632,158,37,2,829,32,0,0,0,32,664,158,37,2,861,0,0,0,861
03/24/2002,SFO,CA,AWP,WE,Combined TRACON& Tower with Radar,681,182,40,2,905,23,0,0,0,23,704,182,40,2,928,0,0,0,928
03/25/2002,SFO,CA,AWP,WE,Combined TRACON& Tower with Radar,687,194,46,5,932,0,10,0,0,10,687,204,46,5,942,0,0,0,942
03/26/2002,SFO,CA,AWP,WE,Combined TRACON& Tower with Radar,693,196,48,9,946,0,0,7,3,10,693,196,55,12,956,0,0,0,956
03/27/2002,SFO,CA,AWP,WE,Combined TRACON& Tower with Radar,708,200,46,8,962,0,10,0,0,10,708,210,46,8,972,0,0,0,972
03/28/2002,SFO,CA,AWP,WE,Combined TRACON& Tower with Radar,696,202,49,8,955,0,11,10,0,21,696,213,59,8,976,0,0,0,976
03/29/2002,SFO,CA,AWP,WE,Combined TRACON& Tower with Radar,690,197,48,2,937,0,6,7,0,13,690,203,55,2,950,0,0,0,950
03/30/2002,SFO,CA,AWP,WE,Combined TRACON& Tower with Radar,622,165,35,5,827,20,0,0,0,20,642,165,35,5,847,0,0,0,847
03/31/2002,SFO,CA,AWP,WE,Combined TRACON& Tower with Radar,641,171,29,1,842,31,0,0,0,31,672,171,29,1,873,0,0,0,873
04/01/2002,SFO,CA,AWP,WE,Combined TRACON& Tower with Radar,697,197,47,6,947,0,4,10,2,16,697,201,57,8,963,0,0,0,963
04/02/2002,SFO,CA,AWP,WE,Combined TRACON& Tower with Radar,702,197,47,6,952,0,1,6,4,11,702,198,53,10,963,0,0,0,963
04/03/2002,SFO,CA,AWP,WE,Combined TRACON& Tower with Radar,702,197,47,3,949,0,5,9,0,14,702,202,56,3,963,0,0,0,963
04/04/2002,SFO,CA,AWP,WE,Combined TRACON& Tower with Radar,715,199,49,6,969,0,0,15,1,16,715,199,64,7,985,0,0,0,985
04/05/2002,SFO,CA,AWP,WE,Combined TRACON& Tower with Radar,727,208,51,6,992,0,17,9,2,28,727,225,60,8,1020,0,0,0,1020
04/06/2002,SFO,CA,AWP,WE,Combined TRACON& Tower with Radar,631,151,36,4,822,30,0,0,0,30,661,151,36,4,852,0,0,0,852
04/07/2002,SFO,CA,AWP,WE,Combined TRACON& Tower with Radar,713,193,49,3,958,0,0,23,0,23,713,193,72,3,981,0,0,0,981
04/08/2002,SFO,CA,AWP,WE,Combined TRACON& Tower with Radar,722,202,49,6,979,0,3,3,4,10,722,205,52,10,989,0,0,0,989
04/09/2002,SFO,CA,AWP,WE,Combined TRACON& Tower with Radar,728,195,45,7,975,6,0,0,2,8,734,195,45,9,983,0,0,0,983
04/10/2002,SFO,CA,AWP,WE,Combined TRACON& Tower with Radar,737,203,41,4,985,9,2,0,0,11,746,205,41,4,996,0,0,0,996
04/11/2002,SFO,CA,AWP,WE,Combined TRACON& Tower with Radar,731,204,37,7,979,0,19,0,1,20,731,223,37,8,999,0,0,0,999
04/12/2002,SFO,CA,AWP,WE,Combined TRACON& Tower with Radar,725,199,29,7,960,17,0,0,2,19,742,199,29,9,979,0,0,0,979
04/13/2002,SFO,CA,AWP,WE,Combined TRACON& Tower with Radar,640,164,37,3,844,21,0,0,0,21,661,164,37,3,865,0,0,0,865
04/14/2002,SFO,CA,AWP,WE,Combined TRACON& Tower with Radar,689,182,34,4,909,22,0,0,0,22,711,182,34,4,931,0,0,0,931
04/15/2002,SFO,CA,AWP,WE,Combined TRACON& Tower with Radar,717,198,34,4,953,7,8,0,0,15,724,206,34,4,968,0,0,0,968
04/16/2002,SFO,CA,AWP,WE,Combined TRACON& Tower with Radar,722,202,47,7,978,0,6,1,3,10,722,208,48,10,988,0,0,0,988
04/17/2002,SFO,CA,AWP,WE,Combined TRACON& Tower with Radar,706,196,32,3,937,0,26,0,0,26,706,222,32,3,963,0,0,0,963
04/18/2002,SFO,CA,AWP,WE,Combined TRACON& Tower with Radar,723,203,47,7,980,0,17,0,1,18,723,220,47,8,998,0,0,0,998
04/19/2002,SFO,CA,AWP,WE,Combined TRACON& Tower with Radar,734,207,49,6,996,0,11,11,0,22,734,218,60,6,1018,0,0,0,1018
04/20/2002,SFO,CA,AWP,WE,Combined TRACON& Tower with Radar,633,161,27,4,825,29,0,0,0,29,662,161,27,4,854,0,0,0,854
04/21/2002,SFO,CA,AWP,WE,Combined TRACON& Tower with Radar,675,167,28,2,872,38,0,0,0,38,713,167,28,2,910,0,0,0,910
04/22/2002,SFO,CA,AWP,WE,Combined TRACON& Tower with Radar,729,205,49,4,987,0,6,15,0,21,729,211,64,4,1008,0,0,0,1008
04/23/2002,SFO,CA,AWP,WE,Combined TRACON& Tower with Radar,721,204,49,7,981,0,6,13,5,24,721,210,62,12,1005,0,0,0,1005
04/24/2002,SFO,CA,AWP,WE,Combined TRACON& Tower with Radar,730,204,49,7,990,0,5,5,4,14,730,209,54,11,1004,0,0,0,1004
04/25/2002,SFO,CA,AWP,WE,Combined TRACON& Tower with Radar,744,209,50,8,1011,0,11,8,3,22,744,220,58,11,1033,0,0,0,1033
04/26/2002,SFO,CA,AWP,WE,Combined TRACON& Tower with Radar,718,186,41,7,952,14,0,0,2,16,732,186,41,9,968,0,0,0,968
04/27/2002,SFO,CA,AWP,WE,Combined TRACON& Tower with Radar,637,153,34,2,826,33,0,0,0,33,670,153,34,2,859,0,0,0,859
04/28/2002,SFO,CA,AWP,WE,Combined TRACON& Tower with Radar,675,171,38,4,888,22,0,0,0,22,697,171,38,4,910,0,0,0,910
04/29/2002,SFO,CA,AWP,WE,Combined TRACON& Tower with Radar,729,198,47,6,980,0,0,4,4,8,729,198,51,10,988,0,0,0,988
04/30/2002,SFO,CA,AWP,WE,Combined TRACON& Tower with Radar,738,196,48,6,988,2,0,4,1,7,740,196,52,7,995,0,0,0,995
05/01/2002,SFO,CA,AWP,WE,Combined TRACON& Tower with Radar,733,219,54,7,1013,0,22,9,3,34,733,241,63,10,1047,0,0,0,1047
05/02/2002,SFO,CA,AWP,WE,Combined TRACON& Tower with Radar,734,216,53,7,1010,0,8,7,6,21,734,224,60,13,1031,0,0,0,1031
05/03/2002,SFO,CA,AWP,WE,Combined TRACON& Tower with Radar,748,208,36,6,998,23,0,0,0,23,771,208,36,6,1021,0,0,0,1021
05/04/2002,SFO,CA,AWP,WE,Combined TRACON& Tower with Radar,626,165,28,2,821,34,0,0,0,34,660,165,28,2,855,0,0,0,855
05/05/2002,SFO,CA,AWP,WE,Combined TRACON& Tower with Radar,713,201,50,2,966,2,0,5,0,7,715,201,55,2,973,0,0,0,973
05/06/2002,SFO,CA,AWP,WE,Combined TRACON& Tower with Radar,722,195,52,6,975,0,0,10,5,15,722,195,62,11,990,0,0,0,990
05/07/2002,SFO,CA,AWP,WE,Combined TRACON& Tower with Radar,726,214,54,6,1000,0,9,11,3,23,726,223,65,9,1023,0,0,0,1023
05/08/2002,SFO,CA,AWP,WE,Combined TRACON& Tower with Radar,735,213,52,6,1006,0,10,1,0,11,735,223,53,6,1017,0,0,0,1017
05/09/2002,SFO,CA,AWP,WE,Combined TRACON& Tower with Radar,728,209,37,6,980,0,18,0,0,18,728,227,37,6,998,0,0,0,998
05/10/2002,SFO,CA,AWP,WE,Combined TRACON& Tower with Radar,757,217,53,7,1034,0,5,1,0,6,757,222,54,7,1040,0,0,0,1040
05/11/2002,SFO,CA,AWP,WE,Combined TRACON& Tower with Radar,626,156,34,5,821,34,0,0,0,34,660,156,34,5,855,0,0,0,855
05/12/2002,SFO,CA,AWP,WE,Combined TRACON& Tower with Radar,710,191,49,2,952,14,0,3,0,17,724,191,52,2,969,0,0,0,969
05/13/2002,SFO,CA,AWP,WE,Combined TRACON& Tower with Radar,724,194,50,7,975,5,0,8,0,13,729,194,58,7,988,0,0,0,988
05/14/2002,SFO,CA,AWP,WE,Combined TRACON& Tower with Radar,731,214,52,5,1002,0,8,11,0,19,731,222,63,5,1021,0,0,0,1021
05/15/2002,SFO,CA,AWP,WE,Combined TRACON& Tower with Radar,718,215,52,5,990,0,19,17,0,36,718,234,69,5,1026,0,0,0,1026
05/16/2002,SFO,CA,AWP,WE,Combined TRACON& Tower with Radar,738,214,53,7,1012,0,8,4,4,16,738,222,57,11,1028,0,0,0,1028
05/17/2002,SFO,CA,AWP,WE,Combined TRACON& Tower with Radar,750,216,53,8,1027,0,5,8,1,14,750,221,61,9,1041,0,0,0,1041
05/18/2002,SFO,CA,AWP,WE,Combined TRACON& Tower with Radar,646,165,44,6,861,19,0,0,1,20,665,165,44,7,881,0,0,0,881
05/19/2002,SFO,CA,AWP,WE,Combined TRACON& Tower with Radar,691,182,37,4,914,28,0,0,0,28,719,182,37,4,942,0,0,0,942
05/20/2002,SFO,CA,AWP,WE,Combined TRACON& Tower with Radar,697,182,41,4,924,26,0,0,0,26,723,182,41,4,950,0,0,0,950
05/21/2002,SFO,CA,AWP,WE,Combined TRACON& Tower with Radar,734,211,51,7,1003,0,7,0,1,8,734,218,51,8,1011,0,0,0,1011
05/22/2002,SFO,CA,AWP,WE,Combined TRACON& Tower with Radar,722,212,52,3,989,0,11,18,0,29,722,223,70,3,1018,0,0,0,1018
05/23/2002,SFO,CA,AWP,WE,Combined TRACON& Tower with Radar,753,218,47,8,1026,0,15,0,5,20,753,233,47,13,1046,0,0,0,1046
05/24/2002,SFO,CA,AWP,WE,Combined TRACON& Tower with Radar,752,214,45,4,1015,0,15,0,0,15,752,229,45,4,1030,0,0,0,1030
05/25/2002,SFO,CA,AWP,WE,Combined TRACON& Tower with Radar,625,161,38,5,829,23,0,0,0,23,648,161,38,5,852,0,0,0,852
05/26/2002,SFO,CA,AWP,WE,Combined TRACON& Tower with Radar,605,154,40,2,801,24,0,0,0,24,629,154,40,2,825,0,0,0,825
05/27/2002,SFO,CA,AWP,WE,Combined TRACON& Tower with Radar,728,200,44,4,976,16,0,0,0,16,744,200,44,4,992,0,0,0,992
05/28/2002,SFO,CA,AWP,WE,Combined TRACON& Tower with Radar,737,214,47,6,1004,0,16,0,0,16,737,230,47,6,1020,0,0,0,1020
05/29/2002,SFO,CA,AWP,WE,Combined TRACON& Tower with Radar,741,216,53,7,1017,0,3,13,3,19,741,219,66,10,1036,0,0,0,1036
05/30/2002,SFO,CA,AWP,WE,Combined TRACON& Tower with Radar,748,212,43,6,1009,3,0,0,7,10,751,212,43,13,1019,0,0,0,1019
05/31/2002,SFO,CA,AWP,WE,Combined TRACON& Tower with Radar,732,204,43,6,985,10,0,0,3,13,742,204,43,9,998,0,0,0,998
06/01/2002,SFO,CA,AWP,WE,Combined TRACON& Tower with Radar,658,153,46,5,862,24,0,0,0,24,682,153,46,5,886,0,0,0,886
06/02/2002,SFO,CA,AWP,WE,Combined TRACON& Tower with Radar,716,186,38,5,945,19,0,0,0,19,735,186,38,5,964,0,0,0,964
06/03/2002,SFO,CA,AWP,WE,Combined TRACON& Tower with Radar,730,196,54,8,988,0,4,6,3,13,730,200,60,11,1001,0,0,0,1001
06/04/2002,SFO,CA,AWP,WE,Combined TRACON& Tower with Radar,718,200,55,8,981,0,17,19,4,40,718,217,74,12,1021,0,0,0,1021
06/05/2002,SFO,CA,AWP,WE,Combined TRACON& Tower with Radar,733,199,54,4,990,0,21,3,0,24,733,220,57,4,1014,0,0,0,1014
06/06/2002,SFO,CA,AWP,WE,Combined TRACON& Tower with Radar,761,208,55,8,1032,0,16,0,10,26,761,224,55,18,1058,0,0,0,1058
06/07/2002,SFO,CA,AWP,WE,Combined TRACON& Tower with Radar,774,205,41,8,1028,6,7,0,2,15,780,212,41,10,1043,0,0,0,1043
06/08/2002,SFO,CA,AWP,WE,Combined TRACON& Tower with Radar,672,152,34,4,862,43,0,0,0,43,715,152,34,4,905,0,0,0,905
06/09/2002,SFO,CA,AWP,WE,Combined TRACON& Tower with Radar,733,194,36,2,965,15,8,0,0,23,748,202,36,2,988,0,0,0,988
06/10/2002,SFO,CA,AWP,WE,Combined TRACON& Tower with Radar,748,199,50,9,1006,0,6,0,3,9,748,205,50,12,1015,0,0,0,1015
06/11/2002,SFO,CA,AWP,WE,Combined TRACON& Tower with Radar,785,217,58,10,1070,0,20,9,7,36,785,237,67,17,1106,0,0,0,1106
06/12/2002,SFO,CA,AWP,WE,Combined TRACON& Tower with Radar,760,201,40,9,1010,4,10,0,0,14,764,211,40,9,1024,0,0,0,1024
06/13/2002,SFO,CA,AWP,WE,Combined TRACON& Tower with Radar,774,212,55,9,1050,0,28,0,4,32,774,240,55,13,1082,0,0,0,1082
06/14/2002,SFO,CA,AWP,WE,Combined TRACON& Tower with Radar,759,201,45,6,1011,11,1,0,0,12,770,202,45,6,1023,0,0,0,1023
06/15/2002,SFO,CA,AWP,WE,Combined TRACON& Tower with Radar,677,152,43,2,874,38,0,0,0,38,715,152,43,2,912,0,0,0,912
06/16/2002,SFO,CA,AWP,WE,Combined TRACON& Tower with Radar,750,193,54,2,999,8,0,4,0,12,758,193,58,2,1011,0,0,0,1011
06/17/2002,SFO,CA,AWP,WE,Combined TRACON& Tower with Radar,765,204,55,9,1033,0,7,8,0,15,765,211,63,9,1048,0,0,0,1048
06/18/2002,SFO,CA,AWP,WE,Combined TRACON& Tower with Radar,783,204,56,9,1052,0,0,1,4,5,783,204,57,13,1057,0,0,0,1057
06/19/2002,SFO,CA,AWP,WE,Combined TRACON& Tower with Radar,785,206,51,9,1051,5,0,0,0,5,790,206,51,9,1056,0,0,0,1056
06/20/2002,SFO,CA,AWP,WE,Combined TRACON& Tower with Radar,792,196,57,9,1054,3,0,7,2,12,795,196,64,11,1066,0,0,0,1066
06/21/2002,SFO,CA,AWP,WE,Combined TRACON& Tower with Radar,786,193,56,8,1043,4,0,10,0,14,790,193,66,8,1057,0,0,0,1057
06/22/2002,SFO,CA,AWP,WE,Combined TRACON& Tower with Radar,713,152,51,3,919,34,0,6,0,40,747,152,57,3,959,0,0,0,959
06/23/2002,SFO,CA,AWP,WE,Combined TRACON& Tower with Radar,764,196,54,3,1017,0,0,15,0,15,764,196,69,3,1032,0,0,0,1032
06/24/2002,SFO,CA,AWP,WE,Combined TRACON& Tower with Radar,770,209,57,7,1043,0,9,21,0,30,770,218,78,7,1073,0,0,0,1073
06/25/2002,SFO,CA,AWP,WE,Combined TRACON& Tower with Radar,772,207,55,8,1042,0,6,0,9,15,772,213,55,17,1057,0,0,0,1057
06/26/2002,SFO,CA,AWP,WE,Combined TRACON& Tower with Radar,774,208,56,4,1042,0,6,10,0,16,774,214,66,4,1058,0,0,0,1058
06/27/2002,SFO,CA,AWP,WE,Combined TRACON& Tower with Radar,777,206,53,7,1043,0,10,0,0,10,777,216,53,7,1053,0,0,0,1053
06/28/2002,SFO,CA,AWP,WE,Combined TRACON& Tower with Radar,794,211,57,8,1070,0,1,4,0,5,794,212,61,8,1075,0,0,0,1075
06/29/2002,SFO,CA,AWP,WE,Combined TRACON& Tower with Radar,712,163,47,7,929,23,0,0,6,29,735,163,47,13,958,0,0,0,958
06/30/2002,SFO,CA,AWP,WE,Combined TRACON& Tower with Radar,746,192,43,6,987,16,0,0,0,16,762,192,43,6,1003,0,0,0,1003
07/01/2002,SFO,CA,AWP,WE,Combined TRACON& Tower with Radar,761,209,45,6,1021,5,0,0,0,5,766,209,45,6,1026,0,0,0,1026
07/02/2002,SFO,CA,AWP,WE,Combined TRACON& Tower with Radar,768,213,47,6,1034,0,0,3,0,3,768,213,50,6,1037,0,0,0,1037
07/03/2002,SFO,CA,AWP,WE,Combined TRACON& Tower with Radar,783,221,34,7,1045,0,13,0,17,30,783,234,34,24,1075,0,0,0,1075
07/04/2002,SFO,CA,AWP,WE,Combined TRACON& Tower with Radar,670,159,14,6,849,42,0,0,12,54,712,159,14,18,903,0,0,0,903
07/05/2002,SFO,CA,AWP,WE,Combined TRACON& Tower with Radar,665,161,27,6,859,32,0,0,5,37,697,161,27,11,896,0,0,0,896
07/06/2002,SFO,CA,AWP,WE,Combined TRACON& Tower with Radar,696,175,25,2,898,41,0,0,0,41,737,175,25,2,939,0,0,0,939
07/07/2002,SFO,CA,AWP,WE,Combined TRACON& Tower with Radar,752,209,45,2,1008,0,5,3,0,8,752,214,48,2,1016,0,0,0,1016
07/08/2002,SFO,CA,AWP,WE,Combined TRACON& Tower with Radar,783,218,43,5,1049,3,4,0,0,7,786,222,43,5,1056,0,0,0,1056
07/09/2002,SFO,CA,AWP,WE,Combined TRACON& Tower with Radar,767,214,40,5,1026,0,15,0,0,15,767,229,40,5,1041,0,0,0,1041
07/10/2002,SFO,CA,AWP,WE,Combined TRACON& Tower with Radar,780,218,40,6,1044,0,15,0,0,15,780,233,40,6,1059,0,0,0,1059
07/11/2002,SFO,CA,AWP,WE,Combined TRACON& Tower with Radar,777,222,49,8,1056,0,12,10,2,24,777,234,59,10,1080,0,0,0,1080
07/12/2002,SFO,CA,AWP,WE,Combined TRACON& Tower with Radar,791,224,49,8,1072,0,9,8,0,17,791,233,57,8,1089,0,0,0,1089
07/13/2002,SFO,CA,AWP,WE,Combined TRACON& Tower with Radar,706,174,42,6,928,17,0,5,0,22,723,174,47,6,950,0,0,0,950
07/14/2002,SFO,CA,AWP,WE,Combined TRACON& Tower with Radar,753,208,45,4,1010,1,2,1,0,4,754,210,46,4,1014,0,0,0,1014
07/15/2002,SFO,CA,AWP,WE,Combined TRACON& Tower with Radar,775,216,43,8,1042,0,10,0,0,10,775,226,43,8,1052,0,0,0,1052
07/16/2002,SFO,CA,AWP,WE,Combined TRACON& Tower with Radar,778,218,48,8,1052,0,0,15,1,16,778,218,63,9,1068,0,0,0,1068
07/17/2002,SFO,CA,AWP,WE,Combined TRACON& Tower with Radar,777,219,48,3,1047,0,7,14,0,21,777,226,62,3,1068,0,0,0,1068
07/18/2002,SFO,CA,AWP,WE,Combined TRACON& Tower with Radar,776,223,49,3,1051,0,13,23,0,36,776,236,72,3,1087,0,0,0,1087
07/19/2002,SFO,CA,AWP,WE,Combined TRACON& Tower with Radar,783,221,47,7,1058,0,19,0,0,19,783,240,47,7,1077,0,0,0,1077
07/20/2002,SFO,CA,AWP,WE,Combined TRACON& Tower with Radar,695,168,32,2,897,39,0,0,0,39,734,168,32,2,936,0,0,0,936
07/21/2002,SFO,CA,AWP,WE,Combined TRACON& Tower with Radar,747,209,45,5,1006,0,9,4,0,13,747,218,49,5,1019,0,0,0,1019
07/22/2002,SFO,CA,AWP,WE,Combined TRACON& Tower with Radar,757,209,43,3,1012,7,0,0,0,7,764,209,43,3,1019,0,0,0,1019
07/23/2002,SFO,CA,AWP,WE,Combined TRACON& Tower with Radar,746,215,47,8,1016,0,28,0,4,32,746,243,47,12,1048,0,0,0,1048
07/24/2002,SFO,CA,AWP,WE,Combined TRACON& Tower with Radar,800,222,43,8,1073,0,1,0,9,10,800,223,43,17,1083,0,0,0,1083
07/25/2002,SFO,CA,AWP,WE,Combined TRACON& Tower with Radar,811,225,49,6,1091,0,3,5,0,8,811,228,54,6,1099,0,0,0,1099
07/26/2002,SFO,CA,AWP,WE,Combined TRACON& Tower with Radar,782,218,44,7,1051,0,6,0,2,8,782,224,44,9,1059,0,0,0,1059
07/27/2002,SFO,CA,AWP,WE,Combined TRACON& Tower with Radar,701,172,42,2,917,27,0,0,0,27,728,172,42,2,944,0,0,0,944
07/28/2002,SFO,CA,AWP,WE,Combined TRACON& Tower with Radar,731,183,44,3,961,19,0,4,0,23,750,183,48,3,984,0,0,0,984
07/29/2002,SFO,CA,AWP,WE,Combined TRACON& Tower with Radar,769,214,43,7,1033,0,1,0,3,4,769,215,43,10,1037,0,0,0,1037
07/30/2002,SFO,CA,AWP,WE,Combined TRACON& Tower with Radar,804,213,49,7,1073,0,0,14,5,19,804,213,63,12,1092,0,0,0,1092
07/31/2002,SFO,CA,AWP,WE,Combined TRACON& Tower with Radar,780,219,48,7,1054,0,0,18,1,19,780,219,66,8,1073,0,0,0,1073
08/01/2002,SFO,CA,AWP,WE,Combined TRACON& Tower with Radar,786,217,50,10,1063,0,13,3,3,19,786,230,53,13,1082,0,0,0,1082
08/02/2002,SFO,CA,AWP,WE,Combined TRACON& Tower with Radar,774,206,48,2,1030,11,0,0,0,11,785,206,48,2,1041,0,0,0,1041
08/03/2002,SFO,CA,AWP,WE,Combined TRACON& Tower with Radar,691,157,42,3,893,36,0,0,0,36,727,157,42,3,929,0,0,0,929
08/04/2002,SFO,CA,AWP,WE,Combined TRACON& Tower with Radar,732,198,31,5,966,18,0,0,0,18,750,198,31,5,984,0,0,0,984
08/05/2002,SFO,CA,AWP,WE,Combined TRACON& Tower with Radar,759,207,41,9,1016,0,4,0,6,10,759,211,41,15,1026,0,0,0,1026
08/06/2002,SFO,CA,AWP,WE,Combined TRACON& Tower with Radar,773,209,36,10,1028,9,1,0,2,12,782,210,36,12,1040,0,0,0,1040
08/07/2002,SFO,CA,AWP,WE,Combined TRACON& Tower with Radar,794,218,49,10,1071,0,1,4,5,10,794,219,53,15,1081,0,0,0,1081
08/08/2002,SFO,CA,AWP,WE,Combined TRACON& Tower with Radar,777,220,50,10,1057,0,10,19,5,34,777,230,69,15,1091,0,0,0,1091
08/09/2002,SFO,CA,AWP,WE,Combined TRACON& Tower with Radar,777,218,50,10,1055,0,15,6,10,31,777,233,56,20,1086,0,0,0,1086
08/10/2002,SFO,CA,AWP,WE,Combined TRACON& Tower with Radar,700,167,43,6,916,17,0,8,0,25,717,167,51,6,941,0,0,0,941
08/11/2002,SFO,CA,AWP,WE,Combined TRACON& Tower with Radar,761,196,48,4,1009,0,0,20,0,20,761,196,68,4,1029,0,0,0,1029
08/12/2002,SFO,CA,AWP,WE,Combined TRACON& Tower with Radar,760,206,35,7,1008,5,9,0,0,14,765,215,35,7,1022,0,0,0,1022
08/13/2002,SFO,CA,AWP,WE,Combined TRACON& Tower with Radar,771,213,47,8,1039,0,7,12,0,19,771,220,59,8,1058,0,0,0,1058
08/14/2002,SFO,CA,AWP,WE,Combined TRACON& Tower with Radar,778,217,49,11,1055,0,7,18,2,27,778,224,67,13,1082,0,0,0,1082
08/15/2002,SFO,CA,AWP,WE,Combined TRACON& Tower with Radar,773,209,36,11,1029,3,4,0,4,11,776,213,36,15,1040,0,0,0,1040
08/16/2002,SFO,CA,AWP,WE,Combined TRACON& Tower with Radar,782,202,45,9,1038,13,0,0,0,13,795,202,45,9,1051,0,0,0,1051
08/17/2002,SFO,CA,AWP,WE,Combined TRACON& Tower with Radar,683,161,24,7,875,43,0,0,0,43,726,161,24,7,918,0,0,0,918
08/18/2002,SFO,CA,AWP,WE,Combined TRACON& Tower with Radar,734,196,41,1,972,14,0,0,0,14,748,196,41,1,986,0,0,0,986
08/19/2002,SFO,CA,AWP,WE,Combined TRACON& Tower with Radar,737,198,24,10,969,14,7,0,0,21,751,205,24,10,990,0,0,0,990
08/20/2002,SFO,CA,AWP,WE,Combined TRACON& Tower with Radar,803,217,48,11,1079,0,5,0,2,7,803,222,48,13,1086,0,0,0,1086
08/21/2002,SFO,CA,AWP,WE,Combined TRACON& Tower with Radar,766,215,48,8,1037,0,2,34,0,36,766,217,82,8,1073,0,0,0,1073
08/22/2002,SFO,CA,AWP,WE,Combined TRACON& Tower with Radar,778,211,41,11,1041,0,11,0,3,14,778,222,41,14,1055,0,0,0,1055
08/23/2002,SFO,CA,AWP,WE,Combined TRACON& Tower with Radar,763,195,45,10,1013,11,0,0,0,11,774,195,45,10,1024,0,0,0,1024
08/24/2002,SFO,CA,AWP,WE,Combined TRACON& Tower with Radar,691,163,28,1,883,45,0,0,0,45,736,163,28,1,928,0,0,0,928
08/25/2002,SFO,CA,AWP,WE,Combined TRACON& Tower with Radar,755,207,46,6,1014,0,10,11,0,21,755,217,57,6,1035,0,0,0,1035
08/26/2002,SFO,CA,AWP,WE,Combined TRACON& Tower with Radar,755,205,33,10,1003,0,11,0,9,20,755,216,33,19,1023,0,0,0,1023
08/27/2002,SFO,CA,AWP,WE,Combined TRACON& Tower with Radar,768,209,44,10,1031,0,3,0,2,5,768,212,44,12,1036,0,0,0,1036
08/28/2002,SFO,CA,AWP,WE,Combined TRACON& Tower with Radar,778,217,48,10,1053,0,12,9,4,25,778,229,57,14,1078,0,0,0,1078
08/29/2002,SFO,CA,AWP,WE,Combined TRACON& Tower with Radar,772,218,48,10,1048,0,5,19,9,33,772,223,67,19,1081,0,0,0,1081
08/30/2002,SFO,CA,AWP,WE,Combined TRACON& Tower with Radar,779,210,34,10,1033,6,6,0,1,13,785,216,34,11,1046,0,0,0,1046
08/31/2002,SFO,CA,AWP,WE,Combined TRACON& Tower with Radar,630,158,25,2,815,31,0,0,0,31,661,158,25,2,846,0,0,0,846
09/01/2002,SFO,CA,AWP,WE,Combined TRACON& Tower with Radar,597,147,27,2,773,51,0,0,0,51,648,147,27,2,824,0,0,0,824
09/02/2002,SFO,CA,AWP,WE,Combined TRACON& Tower with Radar,720,210,35,6,971,16,6,0,0,22,736,216,35,6,993,0,0,0,993
09/03/2002,SFO,CA,AWP,WE,Combined TRACON& Tower with Radar,748,221,56,10,1035,0,3,2,2,7,748,224,58,12,1042,0,0,0,1042
09/04/2002,SFO,CA,AWP,WE,Combined TRACON& Tower with Radar,749,214,50,9,1022,11,0,0,0,11,760,214,50,9,1033,0,0,0,1033
09/05/2002,SFO,CA,AWP,WE,Combined TRACON& Tower with Radar,726,213,54,5,998,0,0,6,0,6,726,213,60,5,1004,0,0,0,1004
09/06/2002,SFO,CA,AWP,WE,Combined TRACON& Tower with Radar,733,214,39,10,996,15,0,0,0,15,748,214,39,10,1011,0,0,0,1011
09/07/2002,SFO,CA,AWP,WE,Combined TRACON& Tower with Radar,628,158,34,4,824,42,0,0,0,42,670,158,34,4,866,0,0,0,866
09/08/2002,SFO,CA,AWP,WE,Combined TRACON& Tower with Radar,692,188,52,9,941,0,0,13,4,17,692,188,65,13,958,0,0,0,958
09/09/2002,SFO,CA,AWP,WE,Combined TRACON& Tower with Radar,723,214,46,9,992,0,3,0,13,16,723,217,46,22,1008,0,0,0,1008
09/10/2002,SFO,CA,AWP,WE,Combined TRACON& Tower with Radar,701,213,55,9,978,0,12,9,6,27,701,225,64,15,1005,0,0,0,1005
09/11/2002,SFO,CA,AWP,WE,Combined TRACON& Tower with Radar,641,183,41,8,873,9,0,0,3,12,650,183,41,11,885,0,0,0,885
09/12/2002,SFO,CA,AWP,WE,Combined TRACON& Tower with Radar,741,220,55,11,1027,0,2,3,8,13,741,222,58,19,1040,0,0,0,1040
09/13/2002,SFO,CA,AWP,WE,Combined TRACON& Tower with Radar,740,222,52,11,1025,0,14,0,7,21,740,236,52,18,1046,0,0,0,1046
09/14/2002,SFO,CA,AWP,WE,Combined TRACON& Tower with Radar,626,158,32,9,825,35,0,0,4,39,661,158,32,13,864,0,0,0,864
09/15/2002,SFO,CA,AWP,WE,Combined TRACON& Tower with Radar,691,194,51,9,945,1,0,8,0,9,692,194,59,9,954,0,0,0,954
09/16/2002,SFO,CA,AWP,WE,Combined TRACON& Tower with Radar,737,207,47,11,1002,6,0,0,8,14,743,207,47,19,1016,0,0,0,1016
09/17/2002,SFO,CA,AWP,WE,Combined TRACON& Tower with Radar,706,208,53,7,974,0,12,2,0,14,706,220,55,7,988,0,0,0,988
09/18/2002,SFO,CA,AWP,WE,Combined TRACON& Tower with Radar,734,221,56,8,1019,0,16,15,0,31,734,237,71,8,1050,0,0,0,1050
09/19/2002,SFO,CA,AWP,WE,Combined TRACON& Tower with Radar,749,220,55,11,1035,0,2,7,0,9,749,222,62,11,1044,0,0,0,1044
09/20/2002,SFO,CA,AWP,WE,Combined TRACON& Tower with Radar,750,218,55,10,1033,0,0,13,0,13,750,218,68,10,1046,0,0,0,1046
09/21/2002,SFO,CA,AWP,WE,Combined TRACON& Tower with Radar,625,175,37,3,840,21,0,0,0,21,646,175,37,3,861,0,0,0,861
09/22/2002,SFO,CA,AWP,WE,Combined TRACON& Tower with Radar,703,210,53,3,969,0,13,14,0,27,703,223,67,3,996,0,0,0,996
09/23/2002,SFO,CA,AWP,WE,Combined TRACON& Tower with Radar,719,216,54,11,1000,0,3,22,0,25,719,219,76,11,1025,0,0,0,1025
09/24/2002,SFO,CA,AWP,WE,Combined TRACON& Tower with Radar,730,225,56,11,1022,0,9,33,1,43,730,234,89,12,1065,0,0,0,1065
09/25/2002,SFO,CA,AWP,WE,Combined TRACON& Tower with Radar,726,217,55,11,1009,0,16,4,3,23,726,233,59,14,1032,0,0,0,1032
09/26/2002,SFO,CA,AWP,WE,Combined TRACON& Tower with Radar,719,216,54,10,999,0,12,15,0,27,719,228,69,10,1026,0,0,0,1026
09/27/2002,SFO,CA,AWP,WE,Combined TRACON& Tower with Radar,718,209,37,6,970,16,3,0,0,19,734,212,37,6,989,0,0,0,989
09/28/2002,SFO,CA,AWP,WE,Combined TRACON& Tower with Radar,627,168,32,5,832,32,0,0,0,32,659,168,32,5,864,0,0,0,864
09/29/2002,SFO,CA,AWP,WE,Combined TRACON& Tower with Radar,689,201,34,2,926,11,12,0,0,23,700,213,34,2,949,0,0,0,949
09/30/2002,SFO,CA,AWP,WE,Combined TRACON& Tower with Radar,711,207,48,4,970,5,4,0,0,9,716,211,48,4,979,0,0,0,979
10/01/2002,SFO,CA,AWP,WE,Combined TRACON& Tower with Radar,699,208,52,5,964,0,9,2,0,11,699,217,54,5,975,0,0,0,975
10/02/2002,SFO,CA,AWP,WE,Combined TRACON& Tower with Radar,731,208,42,9,990,3,0,0,16,19,734,208,42,25,1009,0,0,0,1009
10/03/2002,SFO,CA,AWP,WE,Combined TRACON& Tower with Radar,710,215,54,9,988,0,9,8,3,20,710,224,62,12,1008,0,0,0,1008
10/04/2002,SFO,CA,AWP,WE,Combined TRACON& Tower with Radar,733,221,55,6,1015,0,20,0,0,20,733,241,55,6,1035,0,0,0,1035
10/05/2002,SFO,CA,AWP,WE,Combined TRACON& Tower with Radar,619,154,38,4,815,39,0,0,0,39,658,154,38,4,854,0,0,0,854
10/06/2002,SFO,CA,AWP,WE,Combined TRACON& Tower with Radar,712,200,53,6,971,1,0,11,0,12,713,200,64,6,983,0,0,0,983
10/07/2002,SFO,CA,AWP,WE,Combined TRACON& Tower with Radar,722,213,41,9,985,0,7,0,7,14,722,220,41,16,999,0,0,0,999
10/08/2002,SFO,CA,AWP,WE,Combined TRACON& Tower with Radar,721,213,45,9,988,0,4,0,8,12,721,217,45,17,1000,0,0,0,1000
10/09/2002,SFO,CA,AWP,WE,Combined TRACON& Tower with Radar,729,220,55,8,1012,0,1,17,0,18,729,221,72,8,1030,0,0,0,1030
10/10/2002,SFO,CA,AWP,WE,Combined TRACON& Tower with Radar,743,223,56,9,1031,0,9,2,3,14,743,232,58,12,1045,0,0,0,1045
10/11/2002,SFO,CA,AWP,WE,Combined TRACON& Tower with Radar,751,222,57,6,1036,0,2,5,0,7,751,224,62,6,1043,0,0,0,1043
10/12/2002,SFO,CA,AWP,WE,Combined TRACON& Tower with Radar,610,157,32,4,803,39,0,0,0,39,649,157,32,4,842,0,0,0,842
10/13/2002,SFO,CA,AWP,WE,Combined TRACON& Tower with Radar,718,212,53,5,988,0,3,5,0,8,718,215,58,5,996,0,0,0,996
10/14/2002,SFO,CA,AWP,WE,Combined TRACON& Tower with Radar,720,217,54,9,1000,0,18,1,0,19,720,235,55,9,1019,0,0,0,1019
10/15/2002,SFO,CA,AWP,WE,Combined TRACON& Tower with Radar,735,219,55,9,1018,0,9,1,0,10,735,228,56,9,1028,0,0,0,1028
10/16/2002,SFO,CA,AWP,WE,Combined TRACON& Tower with Radar,729,217,50,9,1005,0,13,0,0,13,729,230,50,9,1018,0,0,0,1018
10/17/2002,SFO,CA,AWP,WE,Combined TRACON& Tower with Radar,740,221,55,5,1021,0,14,5,0,19,740,235,60,5,1040,0,0,0,1040
10/18/2002,SFO,CA,AWP,WE,Combined TRACON& Tower with Radar,742,201,54,10,1007,4,0,12,0,16,746,201,66,10,1023,0,0,0,1023
10/19/2002,SFO,CA,AWP,WE,Combined TRACON& Tower with Radar,616,161,35,5,817,32,0,0,0,32,648,161,35,5,849,0,0,0,849
10/20/2002,SFO,CA,AWP,WE,Combined TRACON& Tower with Radar,700,190,51,3,944,9,0,12,0,21,709,190,63,3,965,0,0,0,965
10/21/2002,SFO,CA,AWP,WE,Combined TRACON& Tower with Radar,742,218,54,4,1018,0,8,0,0,8,742,226,54,4,1026,0,0,0,1026
10/22/2002,SFO,CA,AWP,WE,Combined TRACON& Tower with Radar,704,204,53,10,971,0,0,19,5,24,704,204,72,15,995,0,0,0,995
10/23/2002,SFO,CA,AWP,WE,Combined TRACON& Tower with Radar,728,216,55,6,1005,0,0,26,0,26,728,216,81,6,1031,0,0,0,1031
10/24/2002,SFO,CA,AWP,WE,Combined TRACON& Tower with Radar,717,215,52,10,994,0,17,0,5,22,717,232,52,15,1016,0,0,0,1016
10/25/2002,SFO,CA,AWP,WE,Combined TRACON& Tower with Radar,732,220,55,8,1015,0,11,11,0,22,732,231,66,8,1037,0,0,0,1037
10/26/2002,SFO,CA,AWP,WE,Combined TRACON& Tower with Radar,613,162,31,4,810,36,0,0,0,36,649,162,31,4,846,0,0,0,846
10/27/2002,SFO,CA,AWP,WE,Combined TRACON& Tower with Radar,707,200,52,9,968,0,0,4,5,9,707,200,56,14,977,0,0,0,977
10/28/2002,SFO,CA,AWP,WE,Combined TRACON& Tower with Radar,709,208,33,9,959,15,1,0,3,19,724,209,33,12,978,0,0,0,978
10/29/2002,SFO,CA,AWP,WE,Combined TRACON& Tower with Radar,709,208,37,9,963,11,2,0,2,15,720,210,37,11,978,0,0,0,978
10/30/2002,SFO,CA,AWP,WE,Combined TRACON& Tower with Radar,713,203,49,3,968,16,0,0,0,16,729,203,49,3,984,0,0,0,984
10/31/2002,SFO,CA,AWP,WE,Combined TRACON& Tower with Radar,701,206,33,8,948,8,3,0,8,19,709,209,33,16,967,0,0,0,967
11/01/2002,SFO,CA,AWP,WE,Combined TRACON& Tower with Radar,709,209,34,8,960,0,10,0,1,11,709,219,34,9,971,0,0,0,971
11/02/2002,SFO,CA,AWP,WE,Combined TRACON& Tower with Radar,618,166,32,7,823,23,0,0,0,23,641,166,32,7,846,0,0,0,846
11/03/2002,SFO,CA,AWP,WE,Combined TRACON& Tower with Radar,680,195,42,7,924,4,0,0,3,7,684,195,42,10,931,0,0,0,931
11/04/2002,SFO,CA,AWP,WE,Combined TRACON& Tower with Radar,687,203,39,4,933,4,3,0,0,7,691,206,39,4,940,0,0,0,940
11/05/2002,SFO,CA,AWP,WE,Combined TRACON& Tower with Radar,679,209,44,8,940,0,13,17,1,31,679,222,61,9,971,0,0,0,971
11/06/2002,SFO,CA,AWP,WE,Combined TRACON& Tower with Radar,704,208,43,4,959,2,0,3,0,5,706,208,46,4,964,0,0,0,964
11/07/2002,SFO,CA,AWP,WE,Combined TRACON& Tower with Radar,547,137,33,3,720,29,0,0,0,29,576,137,33,3,749,0,0,0,749
11/08/2002,SFO,CA,AWP,WE,Combined TRACON& Tower with Radar,719,154,44,8,925,57,0,0,2,59,776,154,44,10,984,0,0,0,984
11/09/2002,SFO,CA,AWP,WE,Combined TRACON& Tower with Radar,610,173,30,2,815,20,0,0,0,20,630,173,30,2,835,0,0,0,835
11/10/2002,SFO,CA,AWP,WE,Combined TRACON& Tower with Radar,663,201,42,3,909,0,6,12,0,18,663,207,54,3,927,0,0,0,927
11/11/2002,SFO,CA,AWP,WE,Combined TRACON& Tower with Radar,684,200,42,7,933,0,0,4,4,8,684,200,46,11,941,0,0,0,941
11/12/2002,SFO,CA,AWP,WE,Combined TRACON& Tower with Radar,677,208,43,8,936,0,9,13,4,26,677,217,56,12,962,0,0,0,962
11/13/2002,SFO,CA,AWP,WE,Combined TRACON& Tower with Radar,683,212,44,7,946,0,15,21,0,36,683,227,65,7,982,0,0,0,982
11/14/2002,SFO,CA,AWP,WE,Combined TRACON& Tower with Radar,693,213,43,9,958,0,5,13,9,27,693,218,56,18,985,0,0,0,985
11/15/2002,SFO,CA,AWP,WE,Combined TRACON& Tower with Radar,696,205,43,9,953,0,0,15,0,15,696,205,58,9,968,0,0,0,968
11/16/2002,SFO,CA,AWP,WE,Combined TRACON& Tower with Radar,598,162,31,2,793,24,0,0,0,24,622,162,31,2,817,0,0,0,817
11/17/2002,SFO,CA,AWP,WE,Combined TRACON& Tower with Radar,661,195,40,3,899,0,10,1,0,11,661,205,41,3,910,0,0,0,910
11/18/2002,SFO,CA,AWP,WE,Combined TRACON& Tower with Radar,681,203,42,8,934,0,8,3,0,11,681,211,45,8,945,0,0,0,945
11/19/2002,SFO,CA,AWP,WE,Combined TRACON& Tower with Radar,677,205,41,9,932,0,19,0,2,21,677,224,41,11,953,0,0,0,953
11/20/2002,SFO,CA,AWP,WE,Combined TRACON& Tower with Radar,695,206,33,8,942,0,16,0,0,16,695,222,33,8,958,0,0,0,958
11/21/2002,SFO,CA,AWP,WE,Combined TRACON& Tower with Radar,694,213,44,9,960,0,10,16,5,31,694,223,60,14,991,0,0,0,991
11/22/2002,SFO,CA,AWP,WE,Combined TRACON& Tower with Radar,705,208,35,6,954,0,10,0,0,10,705,218,35,6,964,0,0,0,964
11/23/2002,SFO,CA,AWP,WE,Combined TRACON& Tower with Radar,613,163,29,4,809,28,0,0,0,28,641,163,29,4,837,0,0,0,837
11/24/2002,SFO,CA,AWP,WE,Combined TRACON& Tower with Radar,631,170,38,5,844,18,0,0,0,18,649,170,38,5,862,0,0,0,862
11/25/2002,SFO,CA,AWP,WE,Combined TRACON& Tower with Radar,690,206,41,7,944,0,1,0,6,7,690,207,41,13,951,0,0,0,951
11/26/2002,SFO,CA,AWP,WE,Combined TRACON& Tower with Radar,689,209,41,8,947,0,9,0,10,19,689,218,41,18,966,0,0,0,966
11/27/2002,SFO,CA,AWP,WE,Combined TRACON& Tower with Radar,699,215,40,8,962,0,28,0,4,32,699,243,40,12,994,0,0,0,994
11/28/2002,SFO,CA,AWP,WE,Combined TRACON& Tower with Radar,512,144,6,2,664,36,0,0,0,36,548,144,6,2,700,0,0,0,700
11/29/2002,SFO,CA,AWP,WE,Combined TRACON& Tower with Radar,539,156,15,2,712,24,0,0,0,24,563,156,15,2,736,0,0,0,736
11/30/2002,SFO,CA,AWP,WE,Combined TRACON& Tower with Radar,621,184,27,4,836,6,7,0,0,13,627,191,27,4,849,0,0,0,849
12/01/2002,SFO,CA,AWP,WE,Combined TRACON& Tower with Radar,689,203,34,2,928,0,23,20,0,43,689,226,54,2,971,0,0,0,971
12/02/2002,SFO,CA,AWP,WE,Combined TRACON& Tower with Radar,671,197,33,6,907,0,17,14,3,34,671,214,47,9,941,0,0,0,941
12/03/2002,SFO,CA,AWP,WE,Combined TRACON& Tower with Radar,679,204,34,6,923,0,27,19,4,50,679,231,53,10,973,0,0,0,973
12/04/2002,SFO,CA,AWP,WE,Combined TRACON& Tower with Radar,683,205,35,6,929,0,23,19,8,50,683,228,54,14,979,0,0,0,979
12/05/2002,SFO,CA,AWP,WE,Combined TRACON& Tower with Radar,690,203,34,6,933,0,20,9,6,35,690,223,43,12,968,0,0,0,968
12/06/2002,SFO,CA,AWP,WE,Combined TRACON& Tower with Radar,706,205,35,6,952,0,18,8,0,26,706,223,43,6,978,0,0,0,978
12/07/2002,SFO,CA,AWP,WE,Combined TRACON& Tower with Radar,606,151,28,5,790,15,0,4,0,19,621,151,32,5,809,0,0,0,809
12/08/2002,SFO,CA,AWP,WE,Combined TRACON& Tower with Radar,659,186,31,2,878,0,0,8,0,8,659,186,39,2,886,0,0,0,886
12/09/2002,SFO,CA,AWP,WE,Combined TRACON& Tower with Radar,672,183,27,6,888,5,0,0,4,9,677,183,27,10,897,0,0,0,897
12/10/2002,SFO,CA,AWP,WE,Combined TRACON& Tower with Radar,668,187,27,6,888,0,2,0,3,5,668,189,27,9,893,0,0,0,893
12/11/2002,SFO,CA,AWP,WE,Combined TRACON& Tower with Radar,687,203,34,4,928,0,19,21,0,40,687,222,55,4,968,0,0,0,968
12/12/2002,SFO,CA,AWP,WE,Combined TRACON& Tower with Radar,699,205,34,6,944,0,6,19,7,32,699,211,53,13,976,0,0,0,976
12/13/2002,SFO,CA,AWP,WE,Combined TRACON& Tower with Radar,657,149,31,3,840,36,0,1,0,37,693,149,32,3,877,0,0,0,877
12/14/2002,SFO,CA,AWP,WE,Combined TRACON& Tower with Radar,603,137,18,2,760,45,0,0,0,45,648,137,18,2,805,0,0,0,805
12/15/2002,SFO,CA,AWP,WE,Combined TRACON& Tower with Radar,611,159,24,3,797,19,0,0,0,19,630,159,24,3,816,0,0,0,816
12/16/2002,SFO,CA,AWP,WE,Combined TRACON& Tower with Radar,662,174,25,4,865,19,0,0,0,19,681,174,25,4,884,0,0,0,884
12/17/2002,SFO,CA,AWP,WE,Combined TRACON& Tower with Radar,682,197,32,7,918,0,17,0,7,24,682,214,32,14,942,0,0,0,942
12/18/2002,SFO,CA,AWP,WE,Combined TRACON& Tower with Radar,702,202,33,7,944,0,5,14,6,25,702,207,47,13,969,0,0,0,969
12/19/2002,SFO,CA,AWP,WE,Combined TRACON& Tower with Radar,639,153,29,0,821,29,0,2,0,31,668,153,31,0,852,0,0,0,852
12/20/2002,SFO,CA,AWP,WE,Combined TRACON& Tower with Radar,735,190,26,6,957,23,0,0,0,23,758,190,26,6,980,0,0,0,980
12/21/2002,SFO,CA,AWP,WE,Combined TRACON& Tower with Radar,694,193,23,4,914,0,11,0,0,11,694,204,23,4,925,0,0,0,925
12/22/2002,SFO,CA,AWP,WE,Combined TRACON& Tower with Radar,672,187,21,4,884,3,9,0,0,12,675,196,21,4,896,0,0,0,896
12/23/2002,SFO,CA,AWP,WE,Combined TRACON& Tower with Radar,669,191,25,6,891,0,23,0,0,23,669,214,25,6,914,0,0,0,914
12/24/2002,SFO,CA,AWP,WE,Combined TRACON& Tower with Radar,598,167,18,2,785,0,14,0,0,14,598,181,18,2,799,0,0,0,799
12/25/2002,SFO,CA,AWP,WE,Combined TRACON& Tower with Radar,556,155,8,0,719,21,2,0,0,23,577,157,8,0,742,0,0,0,742
12/26/2002,SFO,CA,AWP,WE,Combined TRACON& Tower with Radar,668,186,17,7,878,13,0,0,0,13,681,186,17,7,891,0,0,0,891
12/27/2002,SFO,CA,AWP,WE,Combined TRACON& Tower with Radar,681,162,23,5,871,37,0,0,0,37,718,162,23,5,908,0,0,0,908
12/28/2002,SFO,CA,AWP,WE,Combined TRACON& Tower with Radar,607,137,12,6,762,47,0,0,1,48,654,137,12,7,810,0,0,0,810
12/29/2002,SFO,CA,AWP,WE,Combined TRACON& Tower with Radar,649,181,17,2,849,13,4,0,0,17,662,185,17,2,866,0,0,0,866
12/30/2002,SFO,CA,AWP,WE,Combined TRACON& Tower with Radar,647,157,19,6,829,34,0,0,0,34,681,157,19,6,863,0,0,0,863
12/31/2002,SFO,CA,AWP,WE,Combined TRACON& Tower with Radar,607,164,14,6,791,15,0,0,4,19,622,164,14,10,810,0,0,0,810
01/01/2003,SFO,CA,AWP,WE,Combined TRACON& Tower with Radar,618,195,23,7,843,33,0,0,4,37,651,195,23,11,880,0,0,0,880
01/02/2003,SFO,CA,AWP,WE,Combined TRACON& Tower with Radar,658,211,29,7,905,32,0,0,0,32,690,211,29,7,937,0,0,0,937
01/03/2003,SFO,CA,AWP,WE,Combined TRACON& Tower with Radar,670,214,25,6,915,38,0,0,0,38,708,214,25,6,953,0,0,0,953
01/04/2003,SFO,CA,AWP,WE,Combined TRACON& Tower with Radar,625,177,43,6,851,19,0,19,0,38,644,177,62,6,889,0,0,0,889
01/05/2003,SFO,CA,AWP,WE,Combined TRACON& Tower with Radar,651,210,45,2,908,11,0,7,0,18,662,210,52,2,926,0,0,0,926
01/06/2003,SFO,CA,AWP,WE,Combined TRACON& Tower with Radar,682,226,46,5,959,0,0,14,0,14,682,226,60,5,973,0,0,0,973
01/07/2003,SFO,CA,AWP,WE,Combined TRACON& Tower with Radar,651,239,48,8,946,0,14,26,5,45,651,253,74,13,991,0,0,0,991
01/08/2003,SFO,CA,AWP,WE,Combined TRACON& Tower with Radar,636,241,48,5,930,0,23,46,0,69,636,264,94,5,999,0,0,0,999
01/09/2003,SFO,CA,AWP,WE,Combined TRACON& Tower with Radar,651,215,34,8,908,19,0,0,0,19,670,215,34,8,927,0,0,0,927
01/10/2003,SFO,CA,AWP,WE,Combined TRACON& Tower with Radar,642,213,29,8,892,21,0,0,1,22,663,213,29,9,914,0,0,0,914
01/11/2003,SFO,CA,AWP,WE,Combined TRACON& Tower with Radar,560,176,24,6,766,31,0,0,0,31,591,176,24,6,797,0,0,0,797
01/12/2003,SFO,CA,AWP,WE,Combined TRACON& Tower with Radar,614,211,26,2,853,6,15,0,0,21,620,226,26,2,874,0,0,0,874
01/13/2003,SFO,CA,AWP,WE,Combined TRACON& Tower with Radar,638,216,27,8,889,18,0,0,1,19,656,216,27,9,908,0,0,0,908
01/14/2003,SFO,CA,AWP,WE,Combined TRACON& Tower with Radar,649,219,44,8,920,0,0,16,3,19,649,219,60,11,939,0,0,0,939
01/15/2003,SFO,CA,AWP,WE,Combined TRACON& Tower with Radar,658,236,47,6,947,0,6,29,0,35,658,242,76,6,982,0,0,0,982
01/16/2003,SFO,CA,AWP,WE,Combined TRACON& Tower with Radar,661,238,48,8,955,0,11,18,7,36,661,249,66,15,991,0,0,0,991
01/17/2003,SFO,CA,AWP,WE,Combined TRACON& Tower with Radar,641,193,40,8,882,28,0,0,1,29,669,193,40,9,911,0,0,0,911
01/18/2003,SFO,CA,AWP,WE,Combined TRACON& Tower with Radar,556,184,37,7,784,4,0,0,2,6,560,184,37,9,790,0,0,0,790
01/19/2003,SFO,CA,AWP,WE,Combined TRACON& Tower with Radar,622,211,26,8,867,12,3,0,1,16,634,214,26,9,883,0,0,0,883
01/20/2003,SFO,CA,AWP,WE,Combined TRACON& Tower with Radar,645,222,31,5,903,0,21,0,0,21,645,243,31,5,924,0,0,0,924
01/21/2003,SFO,CA,AWP,WE,Combined TRACON& Tower with Radar,631,216,32,4,883,12,2,0,0,14,643,218,32,4,897,0,0,0,897
01/22/2003,SFO,CA,AWP,WE,Combined TRACON& Tower with Radar,613,209,27,3,852,19,0,0,0,19,632,209,27,3,871,0,0,0,871
01/23/2003,SFO,CA,AWP,WE,Combined TRACON& Tower with Radar,664,231,43,7,945,0,8,0,2,10,664,239,43,9,955,0,0,0,955
01/24/2003,SFO,CA,AWP,WE,Combined TRACON& Tower with Radar,641,223,39,5,908,0,14,0,0,14,641,237,39,5,922,0,0,0,922
01/25/2003,SFO,CA,AWP,WE,Combined TRACON& Tower with Radar,541,185,10,3,739,25,4,0,0,29,566,189,10,3,768,0,0,0,768
01/26/2003,SFO,CA,AWP,WE,Combined TRACON& Tower with Radar,610,209,32,2,853,9,4,0,0,13,619,213,32,2,866,0,0,0,866
01/27/2003,SFO,CA,AWP,WE,Combined TRACON& Tower with Radar,647,226,41,7,921,0,11,0,5,16,647,237,41,12,937,0,0,0,937
01/28/2003,SFO,CA,AWP,WE,Combined TRACON& Tower with Radar,638,223,42,7,910,0,12,0,3,15,638,235,42,10,925,0,0,0,925
01/29/2003,SFO,CA,AWP,WE,Combined TRACON& Tower with Radar,646,229,45,7,927,0,18,2,1,21,646,247,47,8,948,0,0,0,948
01/30/2003,SFO,CA,AWP,WE,Combined TRACON& Tower with Radar,663,238,47,7,955,0,13,15,4,32,663,251,62,11,987,0,0,0,987
01/31/2003,SFO,CA,AWP,WE,Combined TRACON& Tower with Radar,658,241,48,7,954,0,5,39,1,45,658,246,87,8,999,0,0,0,999
02/01/2003,SFO,CA,AWP,WE,Combined TRACON& Tower with Radar,562,186,42,4,794,12,0,0,0,12,574,186,42,4,806,0,0,0,806
02/02/2003,SFO,CA,AWP,WE,Combined TRACON& Tower with Radar,616,223,50,4,893,0,18,14,0,32,616,241,64,4,925,0,0,0,925
02/03/2003,SFO,CA,AWP,WE,Combined TRACON& Tower with Radar,621,232,52,6,911,0,16,36,0,52,621,248,88,6,963,0,0,0,963
02/04/2003,SFO,CA,AWP,WE,Combined TRACON& Tower with Radar,641,233,53,4,931,0,12,25,0,37,641,245,78,4,968,0,0,0,968
02/05/2003,SFO,CA,AWP,WE,Combined TRACON& Tower with Radar,639,227,51,7,924,0,10,8,2,20,639,237,59,9,944,0,0,0,944
02/06/2003,SFO,CA,AWP,WE,Combined TRACON& Tower with Radar,641,222,50,7,920,0,0,4,3,7,641,222,54,10,927,0,0,0,927
02/07/2003,SFO,CA,AWP,WE,Combined TRACON& Tower with Radar,667,234,39,7,947,0,22,0,3,25,667,256,39,10,972,0,0,0,972
02/08/2003,SFO,CA,AWP,WE,Combined TRACON& Tower with Radar,546,184,28,1,759,24,0,0,0,24,570,184,28,1,783,0,0,0,783
02/09/2003,SFO,CA,AWP,WE,Combined TRACON& Tower with Radar,617,214,46,5,882,0,11,0,0,11,617,225,46,5,893,0,0,0,893
02/10/2003,SFO,CA,AWP,WE,Combined TRACON& Tower with Radar,635,219,49,6,909,0,3,1,0,4,635,222,50,6,913,0,0,0,913
02/11/2003,SFO,CA,AWP,WE,Combined TRACON& Tower with Radar,633,219,42,8,902,0,3,0,6,9,633,222,42,14,911,0,0,0,911
02/12/2003,SFO,CA,AWP,WE,Combined TRACON& Tower with Radar,601,206,32,3,842,18,1,0,0,19,619,207,32,3,861,0,0,0,861
02/13/2003,SFO,CA,AWP,WE,Combined TRACON& Tower with Radar,668,217,51,8,944,3,0,10,0,13,671,217,61,8,957,0,0,0,957
02/14/2003,SFO,CA,AWP,WE,Combined TRACON& Tower with Radar,661,229,46,4,940,0,12,0,0,12,661,241,46,4,952,0,0,0,952
02/15/2003,SFO,CA,AWP,WE,Combined TRACON& Tower with Radar,572,197,32,4,805,11,4,0,0,15,583,201,32,4,820,0,0,0,820
02/16/2003,SFO,CA,AWP,WE,Combined TRACON& Tower with Radar,582,195,29,6,812,21,0,0,0,21,603,195,29,6,833,0,0,0,833
02/17/2003,SFO,CA,AWP,WE,Combined TRACON& Tower with Radar,588,202,41,5,836,0,7,0,0,7,588,209,41,5,843,0,0,0,843
02/18/2003,SFO,CA,AWP,WE,Combined TRACON& Tower with Radar,652,224,51,8,935,0,0,7,6,13,652,224,58,14,948,0,0,0,948
02/19/2003,SFO,CA,AWP,WE,Combined TRACON& Tower with Radar,643,203,47,8,901,15,0,0,5,20,658,203,47,13,921,0,0,0,921
02/20/2003,SFO,CA,AWP,WE,Combined TRACON& Tower with Radar,654,214,45,8,921,7,0,0,8,15,661,214,45,16,936,0,0,0,936
02/21/2003,SFO,CA,AWP,WE,Combined TRACON& Tower with Radar,648,217,43,8,916,10,0,0,1,11,658,217,43,9,927,0,0,0,927
02/22/2003,SFO,CA,AWP,WE,Combined TRACON& Tower with Radar,588,190,35,2,815,26,0,0,0,26,614,190,35,2,841,0,0,0,841
02/23/2003,SFO,CA,AWP,WE,Combined TRACON& Tower with Radar,626,211,48,4,889,7,0,0,0,7,633,211,48,4,896,0,0,0,896
02/24/2003,SFO,CA,AWP,WE,Combined TRACON& Tower with Radar,634,201,35,8,878,29,0,0,1,30,663,201,35,9,908,0,0,0,908
02/25/2003,SFO,CA,AWP,WE,Combined TRACON& Tower with Radar,649,207,50,8,914,2,0,7,6,15,651,207,57,14,929,0,0,0,929
02/26/2003,SFO,CA,AWP,WE,Combined TRACON& Tower with Radar,646,222,50,6,924,0,0,7,0,7,646,222,57,6,931,0,0,0,931
02/27/2003,SFO,CA,AWP,WE,Combined TRACON& Tower with Radar,667,235,52,8,962,0,4,9,3,16,667,239,61,11,978,0,0,0,978
02/28/2003,SFO,CA,AWP,WE,Combined TRACON& Tower with Radar,659,216,50,7,932,10,0,0,1,11,669,216,50,8,943,0,0,0,943
03/01/2003,SFO,CA,AWP,WE,Combined TRACON& Tower with Radar,577,180,35,3,795,18,0,0,0,18,595,180,35,3,813,0,0,0,813
03/02/2003,SFO,CA,AWP,WE,Combined TRACON& Tower with Radar,628,210,43,7,888,0,16,0,0,16,628,226,43,7,904,0,0,0,904
03/03/2003,SFO,CA,AWP,WE,Combined TRACON& Tower with Radar,629,206,26,6,867,19,1,0,0,20,648,207,26,6,887,0,0,0,887
03/04/2003,SFO,CA,AWP,WE,Combined TRACON& Tower with Radar,637,209,41,6,893,5,0,0,0,5,642,209,41,6,898,0,0,0,898
03/05/2003,SFO,CA,AWP,WE,Combined TRACON& Tower with Radar,657,214,46,9,926,0,0,13,1,14,657,214,59,10,940,0,0,0,940
03/06/2003,SFO,CA,AWP,WE,Combined TRACON& Tower with Radar,648,220,46,7,921,0,16,9,0,25,648,236,55,7,946,0,0,0,946
03/07/2003,SFO,CA,AWP,WE,Combined TRACON& Tower with Radar,674,215,47,9,945,0,0,17,3,20,674,215,64,12,965,0,0,0,965
03/08/2003,SFO,CA,AWP,WE,Combined TRACON& Tower with Radar,563,168,19,0,750,44,0,0,0,44,607,168,19,0,794,0,0,0,794
03/09/2003,SFO,CA,AWP,WE,Combined TRACON& Tower with Radar,650,209,45,1,905,0,0,11,0,11,650,209,56,1,916,0,0,0,916
03/10/2003,SFO,CA,AWP,WE,Combined TRACON& Tower with Radar,666,223,47,9,945,0,7,4,4,15,666,230,51,13,960,0,0,0,960
03/11/2003,SFO,CA,AWP,WE,Combined TRACON& Tower with Radar,659,218,43,9,929,0,5,0,7,12,659,223,43,16,941,0,0,0,941
03/12/2003,SFO,CA,AWP,WE,Combined TRACON& Tower with Radar,647,218,46,4,915,0,5,20,0,25,647,223,66,4,940,0,0,0,940
03/13/2003,SFO,CA,AWP,WE,Combined TRACON& Tower with Radar,658,201,46,8,913,12,0,1,2,15,670,201,47,10,928,0,0,0,928
03/14/2003,SFO,CA,AWP,WE,Combined TRACON& Tower with Radar,663,197,45,5,910,25,0,0,0,25,688,197,45,5,935,0,0,0,935
03/15/2003,SFO,CA,AWP,WE,Combined TRACON& Tower with Radar,578,178,25,7,788,27,0,0,0,27,605,178,25,7,815,0,0,0,815
03/16/2003,SFO,CA,AWP,WE,Combined TRACON& Tower with Radar,639,210,38,4,891,5,5,0,0,10,644,215,38,4,901,0,0,0,901
03/17/2003,SFO,CA,AWP,WE,Combined TRACON& Tower with Radar,654,207,37,9,907,6,0,0,7,13,660,207,37,16,920,0,0,0,920
03/18/2003,SFO,CA,AWP,WE,Combined TRACON& Tower with Radar,637,211,44,9,901,0,0,8,7,15,637,211,52,16,916,0,0,0,916
03/19/2003,SFO,CA,AWP,WE,Combined TRACON& Tower with Radar,630,214,42,9,895,0,24,0,7,31,630,238,42,16,926,0,0,0,926
03/20/2003,SFO,CA,AWP,WE,Combined TRACON& Tower with Radar,649,211,39,9,908,2,2,0,1,5,651,213,39,10,913,0,0,0,913
03/21/2003,SFO,CA,AWP,WE,Combined TRACON& Tower with Radar,674,229,48,10,961,0,0,30,4,34,674,229,78,14,995,0,0,0,995
03/22/2003,SFO,CA,AWP,WE,Combined TRACON& Tower with Radar,583,183,31,8,805,15,0,0,0,15,598,183,31,8,820,0,0,0,820
03/23/2003,SFO,CA,AWP,WE,Combined TRACON& Tower with Radar,627,208,43,3,881,0,12,5,0,17,627,220,48,3,898,0,0,0,898
03/24/2003,SFO,CA,AWP,WE,Combined TRACON& Tower with Radar,656,219,44,10,929,0,12,0,4,16,656,231,44,14,945,0,0,0,945
03/25/2003,SFO,CA,AWP,WE,Combined TRACON& Tower with Radar,660,221,46,10,937,0,13,5,1,19,660,234,51,11,956,0,0,0,956
03/26/2003,SFO,CA,AWP,WE,Combined TRACON& Tower with Radar,657,217,41,9,924,0,5,0,6,11,657,222,41,15,935,0,0,0,935
03/27/2003,SFO,CA,AWP,WE,Combined TRACON& Tower with Radar,668,215,45,10,938,0,0,0,4,4,668,215,45,14,942,0,0,0,942
03/28/2003,SFO,CA,AWP,WE,Combined TRACON& Tower with Radar,673,219,34,9,935,2,10,0,0,12,675,229,34,9,947,0,0,0,947
03/29/2003,SFO,CA,AWP,WE,Combined TRACON& Tower with Radar,583,187,21,5,796,24,0,0,0,24,607,187,21,5,820,0,0,0,820
03/30/2003,SFO,CA,AWP,WE,Combined TRACON& Tower with Radar,640,198,37,2,877,24,0,0,0,24,664,198,37,2,901,0,0,0,901
03/31/2003,SFO,CA,AWP,WE,Combined TRACON& Tower with Radar,655,205,45,6,911,1,0,10,0,11,656,205,55,6,922,0,0,0,922
04/01/2003,SFO,CA,AWP,WE,Combined TRACON& Tower with Radar,635,191,38,8,872,21,0,0,2,23,656,191,38,10,895,0,0,0,895
04/02/2003,SFO,CA,AWP,WE,Combined TRACON& Tower with Radar,626,209,37,7,879,3,0,0,1,4,629,209,37,8,883,0,0,0,883
04/03/2003,SFO,CA,AWP,WE,Combined TRACON& Tower with Radar,654,216,40,7,917,0,0,12,0,12,654,216,52,7,929,0,0,0,929
04/04/2003,SFO,CA,AWP,WE,Combined TRACON& Tower with Radar,642,208,39,6,895,2,0,8,0,10,644,208,47,6,905,0,0,0,905
04/05/2003,SFO,CA,AWP,WE,Combined TRACON& Tower with Radar,564,178,31,6,779,13,0,0,3,16,577,178,31,9,795,0,0,0,795
04/06/2003,SFO,CA,AWP,WE,Combined TRACON& Tower with Radar,593,204,32,6,835,0,18,0,0,18,593,222,32,6,853,0,0,0,853
04/07/2003,SFO,CA,AWP,WE,Combined TRACON& Tower with Radar,610,198,37,3,848,11,0,1,0,12,621,198,38,3,860,0,0,0,860
04/08/2003,SFO,CA,AWP,WE,Combined TRACON& Tower with Radar,634,219,38,7,898,0,6,0,9,15,634,225,38,16,913,0,0,0,913
04/09/2003,SFO,CA,AWP,WE,Combined TRACON& Tower with Radar,623,215,39,1,878,0,17,3,0,20,623,232,42,1,898,0,0,0,898
04/10/2003,SFO,CA,AWP,WE,Combined TRACON& Tower with Radar,647,221,41,7,916,0,3,4,0,7,647,224,45,7,923,0,0,0,923
04/11/2003,SFO,CA,AWP,WE,Combined TRACON& Tower with Radar,645,218,36,7,906,0,0,0,8,8,645,218,36,15,914,0,0,0,914
04/12/2003,SFO,CA,AWP,WE,Combined TRACON& Tower with Radar,569,187,23,2,781,21,0,0,0,21,590,187,23,2,802,0,0,0,802
04/13/2003,SFO,CA,AWP,WE,Combined TRACON& Tower with Radar,621,200,37,2,860,16,0,0,0,16,637,200,37,2,876,0,0,0,876
04/14/2003,SFO,CA,AWP,WE,Combined TRACON& Tower with Radar,633,203,35,8,879,11,0,0,3,14,644,203,35,11,893,0,0,0,893
04/15/2003,SFO,CA,AWP,WE,Combined TRACON& Tower with Radar,638,212,39,8,897,0,0,11,2,13,638,212,50,10,910,0,0,0,910
04/16/2003,SFO,CA,AWP,WE,Combined TRACON& Tower with Radar,627,210,34,7,878,6,0,0,0,6,633,210,34,7,884,0,0,0,884
04/17/2003,SFO,CA,AWP,WE,Combined TRACON& Tower with Radar,642,218,39,4,903,0,11,0,0,11,642,229,39,4,914,0,0,0,914
04/18/2003,SFO,CA,AWP,WE,Combined TRACON& Tower with Radar,632,211,31,5,879,11,0,0,0,11,643,211,31,5,890,0,0,0,890
04/19/2003,SFO,CA,AWP,WE,Combined TRACON& Tower with Radar,557,178,22,4,761,24,0,0,0,24,581,178,22,4,785,0,0,0,785
04/20/2003,SFO,CA,AWP,WE,Combined TRACON& Tower with Radar,600,201,31,0,832,13,0,0,0,13,613,201,31,0,845,0,0,0,845
04/21/2003,SFO,CA,AWP,WE,Combined TRACON& Tower with Radar,630,213,35,8,886,0,5,0,1,6,630,218,35,9,892,0,0,0,892
04/22/2003,SFO,CA,AWP,WE,Combined TRACON& Tower with Radar,627,211,28,8,874,0,10,0,1,11,627,221,28,9,885,0,0,0,885
04/23/2003,SFO,CA,AWP,WE,Combined TRACON& Tower with Radar,607,212,35,6,860,0,31,0,0,31,607,243,35,6,891,0,0,0,891
04/24/2003,SFO,CA,AWP,WE,Combined TRACON& Tower with Radar,618,207,37,7,869,0,0,8,0,8,618,207,45,7,877,0,0,0,877
04/25/2003,SFO,CA,AWP,WE,Combined TRACON& Tower with Radar,634,205,31,6,876,17,0,0,0,17,651,205,31,6,893,0,0,0,893
04/26/2003,SFO,CA,AWP,WE,Combined TRACON& Tower with Radar,571,194,35,7,807,0,0,6,0,6,571,194,41,7,813,0,0,0,813
04/27/2003,SFO,CA,AWP,WE,Combined TRACON& Tower with Radar,601,193,36,5,835,8,0,4,0,12,609,193,40,5,847,0,0,0,847
04/28/2003,SFO,CA,AWP,WE,Combined TRACON& Tower with Radar,642,221,39,8,910,0,5,5,5,15,642,226,44,13,925,0,0,0,925
04/29/2003,SFO,CA,AWP,WE,Combined TRACON& Tower with Radar,622,220,39,8,889,0,9,21,3,33,622,229,60,11,922,0,0,0,922
04/30/2003,SFO,CA,AWP,WE,Combined TRACON& Tower with Radar,606,210,37,8,861,0,9,1,10,20,606,219,38,18,881,0,0,0,881
05/01/2003,SFO,CA,AWP,WE,Combined TRACON& Tower with Radar,631,239,48,8,926,0,0,3,9,12,631,239,51,17,938,0,0,0,938
05/02/2003,SFO,CA,AWP,WE,Combined TRACON& Tower with Radar,611,204,34,6,855,41,0,0,0,41,652,204,34,6,896,0,0,0,896
05/03/2003,SFO,CA,AWP,WE,Combined TRACON& Tower with Radar,544,192,32,5,773,25,0,0,0,25,569,192,32,5,798,0,0,0,798
05/04/2003,SFO,CA,AWP,WE,Combined TRACON& Tower with Radar,582,201,44,5,832,19,0,2,0,21,601,201,46,5,853,0,0,0,853
05/05/2003,SFO,CA,AWP,WE,Combined TRACON& Tower with Radar,623,236,40,8,907,0,11,0,0,11,623,247,40,8,918,0,0,0,918
05/06/2003,SFO,CA,AWP,WE,Combined TRACON& Tower with Radar,594,231,46,7,878,0,7,11,0,18,594,238,57,7,896,0,0,0,896
05/07/2003,SFO,CA,AWP,WE,Combined TRACON& Tower with Radar,618,244,49,7,918,0,4,25,0,29,618,248,74,7,947,0,0,0,947
05/08/2003,SFO,CA,AWP,WE,Combined TRACON& Tower with Radar,612,231,47,6,896,0,0,8,0,8,612,231,55,6,904,0,0,0,904
05/09/2003,SFO,CA,AWP,WE,Combined TRACON& Tower with Radar,622,237,48,5,912,0,0,20,0,20,622,237,68,5,932,0,0,0,932
05/10/2003,SFO,CA,AWP,WE,Combined TRACON& Tower with Radar,532,198,19,3,752,28,0,0,0,28,560,198,19,3,780,0,0,0,780
05/11/2003,SFO,CA,AWP,WE,Combined TRACON& Tower with Radar,579,218,34,4,835,12,1,0,0,13,591,219,34,4,848,0,0,0,848
05/12/2003,SFO,CA,AWP,WE,Combined TRACON& Tower with Radar,598,227,45,6,876,0,6,0,0,6,598,233,45,6,882,0,0,0,882
05/13/2003,SFO,CA,AWP,WE,Combined TRACON& Tower with Radar,604,228,38,7,877,0,5,0,3,8,604,233,38,10,885,0,0,0,885
05/14/2003,SFO,CA,AWP,WE,Combined TRACON& Tower with Radar,615,235,46,8,904,0,0,12,0,12,615,235,58,8,916,0,0,0,916
05/15/2003,SFO,CA,AWP,WE,Combined TRACON& Tower with Radar,627,246,49,8,930,0,14,15,0,29,627,260,64,8,959,0,0,0,959
05/16/2003,SFO,CA,AWP,WE,Combined TRACON& Tower with Radar,628,240,47,3,918,0,10,6,0,16,628,250,53,3,934,0,0,0,934
05/17/2003,SFO,CA,AWP,WE,Combined TRACON& Tower with Radar,556,208,38,5,807,4,2,0,0,6,560,210,38,5,813,0,0,0,813
05/18/2003,SFO,CA,AWP,WE,Combined TRACON& Tower with Radar,593,223,42,7,865,1,2,0,0,3,594,225,42,7,868,0,0,0,868
05/19/2003,SFO,CA,AWP,WE,Combined TRACON& Tower with Radar,589,228,45,9,871,0,11,5,3,19,589,239,50,12,890,0,0,0,890
05/20/2003,SFO,CA,AWP,WE,Combined TRACON& Tower with Radar,598,229,45,9,881,0,0,16,3,19,598,229,61,12,900,0,0,0,900
05/21/2003,SFO,CA,AWP,WE,Combined TRACON& Tower with Radar,615,236,44,9,904,0,10,0,5,15,615,246,44,14,919,0,0,0,919
05/22/2003,SFO,CA,AWP,WE,Combined TRACON& Tower with Radar,615,234,46,9,904,0,3,1,5,9,615,237,47,14,913,0,0,0,913
05/23/2003,SFO,CA,AWP,WE,Combined TRACON& Tower with Radar,637,243,48,7,935,0,3,10,0,13,637,246,58,7,948,0,0,0,948
05/24/2003,SFO,CA,AWP,WE,Combined TRACON& Tower with Radar,535,197,31,3,766,17,0,0,0,17,552,197,31,3,783,0,0,0,783
05/25/2003,SFO,CA,AWP,WE,Combined TRACON& Tower with Radar,539,200,18,3,760,28,0,0,0,28,567,200,18,3,788,0,0,0,788
05/26/2003,SFO,CA,AWP,WE,Combined TRACON& Tower with Radar,580,218,28,2,828,7,13,0,0,20,587,231,28,2,848,0,0,0,848
05/27/2003,SFO,CA,AWP,WE,Combined TRACON& Tower with Radar,614,233,46,8,901,0,2,0,4,6,614,235,46,12,907,0,0,0,907
05/28/2003,SFO,CA,AWP,WE,Combined TRACON& Tower with Radar,600,223,45,8,876,0,0,17,6,23,600,223,62,14,899,0,0,0,899
05/29/2003,SFO,CA,AWP,WE,Combined TRACON& Tower with Radar,631,236,38,8,913,0,0,0,11,11,631,236,38,19,924,0,0,0,924
05/30/2003,SFO,CA,AWP,WE,Combined TRACON& Tower with Radar,610,228,37,8,883,6,0,0,3,9,616,228,37,11,892,0,0,0,892
05/31/2003,SFO,CA,AWP,WE,Combined TRACON& Tower with Radar,541,191,26,3,761,31,0,0,0,31,572,191,26,3,792,0,0,0,792
06/01/2003,SFO,CA,AWP,WE,Combined TRACON& Tower with Radar,605,219,39,7,870,3,4,0,1,8,608,223,39,8,878,0,0,0,878
06/02/2003,SFO,CA,AWP,WE,Combined TRACON& Tower with Radar,610,220,39,7,876,5,2,0,2,9,615,222,39,9,885,0,0,0,885
06/03/2003,SFO,CA,AWP,WE,Combined TRACON& Tower with Radar,605,219,44,6,874,0,5,0,0,5,605,224,44,6,879,0,0,0,879
06/04/2003,SFO,CA,AWP,WE,Combined TRACON& Tower with Radar,624,229,48,7,908,0,12,0,0,12,624,241,48,7,920,0,0,0,920
06/05/2003,SFO,CA,AWP,WE,Combined TRACON& Tower with Radar,628,228,50,7,913,0,0,4,9,13,628,228,54,16,926,0,0,0,926
06/06/2003,SFO,CA,AWP,WE,Combined TRACON& Tower with Radar,626,222,49,7,904,1,0,2,1,4,627,222,51,8,908,0,0,0,908
06/07/2003,SFO,CA,AWP,WE,Combined TRACON& Tower with Radar,557,202,26,4,789,10,10,0,0,20,567,212,26,4,809,0,0,0,809
06/08/2003,SFO,CA,AWP,WE,Combined TRACON& Tower with Radar,620,226,49,4,899,0,3,5,0,8,620,229,54,4,907,0,0,0,907
06/09/2003,SFO,CA,AWP,WE,Combined TRACON& Tower with Radar,626,226,50,7,909,0,0,0,9,9,626,226,50,16,918,0,0,0,918
06/10/2003,SFO,CA,AWP,WE,Combined TRACON& Tower with Radar,619,221,49,7,896,0,0,8,2,10,619,221,57,9,906,0,0,0,906
06/11/2003,SFO,CA,AWP,WE,Combined TRACON& Tower with Radar,622,228,44,4,898,0,15,0,0,15,622,243,44,4,913,0,0,0,913
06/12/2003,SFO,CA,AWP,WE,Combined TRACON& Tower with Radar,644,233,40,8,925,5,4,0,1,10,649,237,40,9,935,0,0,0,935
06/13/2003,SFO,CA,AWP,WE,Combined TRACON& Tower with Radar,668,240,40,6,954,15,0,0,0,15,683,240,40,6,969,0,0,0,969
06/14/2003,SFO,CA,AWP,WE,Combined TRACON& Tower with Radar,603,216,40,3,862,12,0,0,0,12,615,216,40,3,874,0,0,0,874
06/15/2003,SFO,CA,AWP,WE,Combined TRACON& Tower with Radar,640,230,42,4,916,6,6,0,0,12,646,236,42,4,928,0,0,0,928
06/16/2003,SFO,CA,AWP,WE,Combined TRACON& Tower with Radar,650,234,37,8,929,1,12,0,0,13,651,246,37,8,942,0,0,0,942
06/17/2003,SFO,CA,AWP,WE,Combined TRACON& Tower with Radar,650,231,50,8,939,0,0,9,2,11,650,231,59,10,950,0,0,0,950
06/18/2003,SFO,CA,AWP,WE,Combined TRACON& Tower with Radar,663,239,52,6,960,0,0,16,0,16,663,239,68,6,976,0,0,0,976
06/19/2003,SFO,CA,AWP,WE,Combined TRACON& Tower with Radar,663,243,53,5,964,0,0,28,0,28,663,243,81,5,992,0,0,0,992
06/20/2003,SFO,CA,AWP,WE,Combined TRACON& Tower with Radar,699,244,54,6,1003,1,0,9,0,10,700,244,63,6,1013,0,0,0,1013
06/21/2003,SFO,CA,AWP,WE,Combined TRACON& Tower with Radar,594,207,31,4,836,25,0,0,0,25,619,207,31,4,861,0,0,0,861
06/22/2003,SFO,CA,AWP,WE,Combined TRACON& Tower with Radar,658,228,51,5,942,0,0,29,0,29,658,228,80,5,971,0,0,0,971
06/23/2003,SFO,CA,AWP,WE,Combined TRACON& Tower with Radar,643,236,51,8,938,0,3,7,4,14,643,239,58,12,952,0,0,0,952
06/24/2003,SFO,CA,AWP,WE,Combined TRACON& Tower with Radar,649,238,45,8,940,0,8,0,9,17,649,246,45,17,957,0,0,0,957
06/25/2003,SFO,CA,AWP,WE,Combined TRACON& Tower with Radar,647,239,51,5,942,0,4,11,0,15,647,243,62,5,957,0,0,0,957
06/26/2003,SFO,CA,AWP,WE,Combined TRACON& Tower with Radar,679,241,53,8,981,0,0,17,4,21,679,241,70,12,1002,0,0,0,1002
06/27/2003,SFO,CA,AWP,WE,Combined TRACON& Tower with Radar,678,235,47,8,968,11,0,0,3,14,689,235,47,11,982,0,0,0,982
06/28/2003,SFO,CA,AWP,WE,Combined TRACON& Tower with Radar,601,209,38,7,855,15,0,0,1,16,616,209,38,8,871,0,0,0,871
06/29/2003,SFO,CA,AWP,WE,Combined TRACON& Tower with Radar,620,215,35,3,873,26,0,0,0,26,646,215,35,3,899,0,0,0,899
06/30/2003,SFO,CA,AWP,WE,Combined TRACON& Tower with Radar,657,237,44,5,943,7,2,0,0,9,664,239,44,5,952,0,0,0,952
07/01/2003,SFO,CA,AWP,WE,Combined TRACON& Tower with Radar,674,241,35,7,957,2,6,0,2,10,676,247,35,9,967,0,0,0,967
07/02/2003,SFO,CA,AWP,WE,Combined TRACON& Tower with Radar,670,242,46,7,965,0,2,0,5,7,670,244,46,12,972,0,0,0,972
07/03/2003,SFO,CA,AWP,WE,Combined TRACON& Tower with Radar,672,230,35,7,944,17,0,0,4,21,689,230,35,11,965,0,0,0,965
07/04/2003,SFO,CA,AWP,WE,Combined TRACON& Tower with Radar,562,200,18,4,784,12,10,0,0,22,574,210,18,4,806,0,0,0,806
07/05/2003,SFO,CA,AWP,WE,Combined TRACON& Tower with Radar,583,195,28,2,808,28,0,0,0,28,611,195,28,2,836,0,0,0,836
07/06/2003,SFO,CA,AWP,WE,Combined TRACON& Tower with Radar,648,225,44,3,920,0,0,12,0,12,648,225,56,3,932,0,0,0,932
07/07/2003,SFO,CA,AWP,WE,Combined TRACON& Tower with Radar,647,230,23,7,907,6,14,0,1,21,653,244,23,8,928,0,0,0,928
07/08/2003,SFO,CA,AWP,WE,Combined TRACON& Tower with Radar,661,234,45,7,947,0,0,1,2,3,661,234,46,9,950,0,0,0,950
07/09/2003,SFO,CA,AWP,WE,Combined TRACON& Tower with Radar,667,233,45,6,951,0,0,12,0,12,667,233,57,6,963,0,0,0,963
07/10/2003,SFO,CA,AWP,WE,Combined TRACON& Tower with Radar,670,242,46,7,965,0,2,5,0,7,670,244,51,7,972,0,0,0,972
07/11/2003,SFO,CA,AWP,WE,Combined TRACON& Tower with Radar,664,237,19,7,927,18,8,0,0,26,682,245,19,7,953,0,0,0,953
07/12/2003,SFO,CA,AWP,WE,Combined TRACON& Tower with Radar,590,205,16,4,815,31,0,0,0,31,621,205,16,4,846,0,0,0,846
07/13/2003,SFO,CA,AWP,WE,Combined TRACON& Tower with Radar,651,233,35,5,924,0,12,0,0,12,651,245,35,5,936,0,0,0,936
07/14/2003,SFO,CA,AWP,WE,Combined TRACON& Tower with Radar,659,232,42,8,941,4,0,0,1,5,663,232,42,9,946,0,0,0,946
07/15/2003,SFO,CA,AWP,WE,Combined TRACON& Tower with Radar,676,244,41,8,969,0,10,0,4,14,676,254,41,12,983,0,0,0,983
07/16/2003,SFO,CA,AWP,WE,Combined TRACON& Tower with Radar,665,240,44,4,953,0,13,0,0,13,665,253,44,4,966,0,0,0,966
07/17/2003,SFO,CA,AWP,WE,Combined TRACON& Tower with Radar,675,244,45,8,972,0,0,14,4,18,675,244,59,12,990,0,0,0,990
07/18/2003,SFO,CA,AWP,WE,Combined TRACON& Tower with Radar,681,253,47,8,989,0,5,20,5,30,681,258,67,13,1019,0,0,0,1019
07/19/2003,SFO,CA,AWP,WE,Combined TRACON& Tower with Radar,605,215,31,2,853,14,0,0,0,14,619,215,31,2,867,0,0,0,867
07/20/2003,SFO,CA,AWP,WE,Combined TRACON& Tower with Radar,654,226,43,3,926,0,0,16,0,16,654,226,59,3,942,0,0,0,942
07/21/2003,SFO,CA,AWP,WE,Combined TRACON& Tower with Radar,655,234,44,4,937,0,6,4,0,10,655,240,48,4,947,0,0,0,947
07/22/2003,SFO,CA,AWP,WE,Combined TRACON& Tower with Radar,667,246,46,8,967,0,6,19,0,25,667,252,65,8,992,0,0,0,992
07/23/2003,SFO,CA,AWP,WE,Combined TRACON& Tower with Radar,673,240,45,6,964,0,0,16,0,16,673,240,61,6,980,0,0,0,980
07/24/2003,SFO,CA,AWP,WE,Combined TRACON& Tower with Radar,663,247,45,7,962,0,7,16,5,28,663,254,61,12,990,0,0,0,990
07/25/2003,SFO,CA,AWP,WE,Combined TRACON& Tower with Radar,682,247,45,2,976,0,0,14,0,14,682,247,59,2,990,0,0,0,990
07/26/2003,SFO,CA,AWP,WE,Combined TRACON& Tower with Radar,618,205,37,6,866,19,0,0,0,19,637,205,37,6,885,0,0,0,885
07/27/2003,SFO,CA,AWP,WE,Combined TRACON& Tower with Radar,647,235,43,4,929,0,7,8,0,15,647,242,51,4,944,0,0,0,944
07/28/2003,SFO,CA,AWP,WE,Combined TRACON& Tower with Radar,674,245,45,7,971,0,3,11,1,15,674,248,56,8,986,0,0,0,986
07/29/2003,SFO,CA,AWP,WE,Combined TRACON& Tower with Radar,655,229,30,5,919,20,0,0,0,20,675,229,30,5,939,0,0,0,939
07/30/2003,SFO,CA,AWP,WE,Combined TRACON& Tower with Radar,664,221,44,7,936,10,0,0,5,15,674,221,44,12,951,0,0,0,951
07/31/2003,SFO,CA,AWP,WE,Combined TRACON& Tower with Radar,689,231,40,7,967,14,0,0,6,20,703,231,40,13,987,0,0,0,987
08/01/2003,SFO,CA,AWP,WE,Combined TRACON& Tower with Radar,671,246,47,5,969,0,26,2,0,28,671,272,49,5,997,0,0,0,997
08/02/2003,SFO,CA,AWP,WE,Combined TRACON& Tower with Radar,613,208,28,4,853,23,0,0,0,23,636,208,28,4,876,0,0,0,876
08/03/2003,SFO,CA,AWP,WE,Combined TRACON& Tower with Radar,657,220,43,6,926,8,0,5,0,13,665,220,48,6,939,0,0,0,939
08/04/2003,SFO,CA,AWP,WE,Combined TRACON& Tower with Radar,654,230,44,7,935,0,0,9,0,9,654,230,53,7,944,0,0,0,944
08/05/2003,SFO,CA,AWP,WE,Combined TRACON& Tower with Radar,688,240,46,6,980,0,0,6,0,6,688,240,52,6,986,0,0,0,986
08/06/2003,SFO,CA,AWP,WE,Combined TRACON& Tower with Radar,677,243,45,7,972,0,3,1,6,10,677,246,46,13,982,0,0,0,982
08/07/2003,SFO,CA,AWP,WE,Combined TRACON& Tower with Radar,688,235,45,7,975,5,0,1,2,8,693,235,46,9,983,0,0,0,983
08/08/2003,SFO,CA,AWP,WE,Combined TRACON& Tower with Radar,687,241,46,7,981,0,0,1,3,4,687,241,47,10,985,0,0,0,985
08/09/2003,SFO,CA,AWP,WE,Combined TRACON& Tower with Radar,601,196,25,6,828,30,0,0,1,31,631,196,25,7,859,0,0,0,859
08/10/2003,SFO,CA,AWP,WE,Combined TRACON& Tower with Radar,667,242,46,3,958,0,10,15,0,25,667,252,61,3,983,0,0,0,983
08/11/2003,SFO,CA,AWP,WE,Combined TRACON& Tower with Radar,664,236,44,7,951,0,2,2,1,5,664,238,46,8,956,0,0,0,956
08/12/2003,SFO,CA,AWP,WE,Combined TRACON& Tower with Radar,668,232,42,8,950,4,0,0,1,5,672,232,42,9,955,0,0,0,955
08/13/2003,SFO,CA,AWP,WE,Combined TRACON& Tower with Radar,668,239,44,6,957,0,7,5,0,12,668,246,49,6,969,0,0,0,969
08/14/2003,SFO,CA,AWP,WE,Combined TRACON& Tower with Radar,661,237,37,8,943,0,17,0,3,20,661,254,37,11,963,0,0,0,963
08/15/2003,SFO,CA,AWP,WE,Combined TRACON& Tower with Radar,666,240,44,4,954,0,12,5,0,17,666,252,49,4,971,0,0,0,971
08/16/2003,SFO,CA,AWP,WE,Combined TRACON& Tower with Radar,616,221,32,4,873,0,19,0,0,19,616,240,32,4,892,0,0,0,892
08/17/2003,SFO,CA,AWP,WE,Combined TRACON& Tower with Radar,659,238,44,5,946,0,11,8,0,19,659,249,52,5,965,0,0,0,965
08/18/2003,SFO,CA,AWP,WE,Combined TRACON& Tower with Radar,677,235,44,8,964,4,0,0,0,4,681,235,44,8,968,0,0,0,968
08/19/2003,SFO,CA,AWP,WE,Combined TRACON& Tower with Radar,664,233,41,5,943,5,0,0,0,5,669,233,41,5,948,0,0,0,948
08/20/2003,SFO,CA,AWP,WE,Combined TRACON& Tower with Radar,685,243,43,8,979,0,9,0,0,9,685,252,43,8,988,0,0,0,988
08/21/2003,SFO,CA,AWP,WE,Combined TRACON& Tower with Radar,680,232,44,8,964,0,0,5,1,6,680,232,49,9,970,0,0,0,970
08/22/2003,SFO,CA,AWP,WE,Combined TRACON& Tower with Radar,682,223,44,8,957,15,0,1,0,16,697,223,45,8,973,0,0,0,973
08/23/2003,SFO,CA,AWP,WE,Combined TRACON& Tower with Radar,602,203,29,4,838,21,0,0,0,21,623,203,29,4,859,0,0,0,859
08/24/2003,SFO,CA,AWP,WE,Combined TRACON& Tower with Radar,654,226,40,6,926,8,0,0,0,8,662,226,40,6,934,0,0,0,934
08/25/2003,SFO,CA,AWP,WE,Combined TRACON& Tower with Radar,661,225,43,8,937,3,0,1,3,7,664,225,44,11,944,0,0,0,944
08/26/2003,SFO,CA,AWP,WE,Combined TRACON& Tower with Radar,670,228,43,7,948,0,0,8,2,10,670,228,51,9,958,0,0,0,958
08/27/2003,SFO,CA,AWP,WE,Combined TRACON& Tower with Radar,673,243,40,7,963,0,12,0,6,18,673,255,40,13,981,0,0,0,981
08/28/2003,SFO,CA,AWP,WE,Combined TRACON& Tower with Radar,693,239,45,7,984,0,0,2,8,10,693,239,47,15,994,0,0,0,994
08/29/2003,SFO,CA,AWP,WE,Combined TRACON& Tower with Radar,675,239,43,6,963,0,7,0,0,7,675,246,43,6,970,0,0,0,970
08/30/2003,SFO,CA,AWP,WE,Combined TRACON& Tower with Radar,591,193,29,4,817,26,0,0,0,26,617,193,29,4,843,0,0,0,843
08/31/2003,SFO,CA,AWP,WE,Combined TRACON& Tower with Radar,580,202,34,2,818,10,0,0,0,10,590,202,34,2,828,0,0,0,828
09/01/2003,SFO,CA,AWP,WE,Combined TRACON& Tower with Radar,627,232,45,3,907,15,0,0,0,15,642,232,45,3,922,0,0,0,922
09/02/2003,SFO,CA,AWP,WE,Combined TRACON& Tower with Radar,637,234,30,7,908,29,0,0,0,29,666,234,30,7,937,0,0,0,937
09/03/2003,SFO,CA,AWP,WE,Combined TRACON& Tower with Radar,623,226,33,7,889,24,0,0,4,28,647,226,33,11,917,0,0,0,917
09/04/2003,SFO,CA,AWP,WE,Combined TRACON& Tower with Radar,639,237,30,7,913,24,0,0,3,27,663,237,30,10,940,0,0,0,940
09/05/2003,SFO,CA,AWP,WE,Combined TRACON& Tower with Radar,642,231,37,6,916,28,0,0,0,28,670,231,37,6,944,0,0,0,944
09/06/2003,SFO,CA,AWP,WE,Combined TRACON& Tower with Radar,552,209,32,3,796,14,2,0,0,16,566,211,32,3,812,0,0,0,812
09/07/2003,SFO,CA,AWP,WE,Combined TRACON& Tower with Radar,617,233,46,4,900,7,1,0,0,8,624,234,46,4,908,0,0,0,908
09/08/2003,SFO,CA,AWP,WE,Combined TRACON& Tower with Radar,621,230,41,7,899,13,0,0,2,15,634,230,41,9,914,0,0,0,914
09/09/2003,SFO,CA,AWP,WE,Combined TRACON& Tower with Radar,634,237,53,7,931,0,0,10,4,14,634,237,63,11,945,0,0,0,945
09/10/2003,SFO,CA,AWP,WE,Combined TRACON& Tower with Radar,628,242,52,4,926,0,9,5,0,14,628,251,57,4,940,0,0,0,940
09/11/2003,SFO,CA,AWP,WE,Combined TRACON& Tower with Radar,586,228,50,7,871,0,1,14,5,20,586,229,64,12,891,0,0,0,891
09/12/2003,SFO,CA,AWP,WE,Combined TRACON& Tower with Radar,648,245,53,5,951,0,3,0,0,3,648,248,53,5,954,0,0,0,954
09/13/2003,SFO,CA,AWP,WE,Combined TRACON& Tower with Radar,559,201,39,7,806,16,0,0,0,16,575,201,39,7,822,0,0,0,822
09/14/2003,SFO,CA,AWP,WE,Combined TRACON& Tower with Radar,594,225,44,4,867,0,11,0,0,11,594,236,44,4,878,0,0,0,878
09/15/2003,SFO,CA,AWP,WE,Combined TRACON& Tower with Radar,619,233,50,8,910,0,0,12,0,12,619,233,62,8,922,0,0,0,922
09/16/2003,SFO,CA,AWP,WE,Combined TRACON& Tower with Radar,635,236,52,8,931,0,0,22,3,25,635,236,74,11,956,0,0,0,956
09/17/2003,SFO,CA,AWP,WE,Combined TRACON& Tower with Radar,640,253,54,9,956,0,5,27,0,32,640,258,81,9,988,0,0,0,988
09/18/2003,SFO,CA,AWP,WE,Combined TRACON& Tower with Radar,634,250,53,9,946,0,11,18,2,31,634,261,71,11,977,0,0,0,977
09/19/2003,SFO,CA,AWP,WE,Combined TRACON& Tower with Radar,641,246,52,6,945,0,14,1,0,15,641,260,53,6,960,0,0,0,960
09/20/2003,SFO,CA,AWP,WE,Combined TRACON& Tower with Radar,560,211,34,7,812,8,1,0,2,11,568,212,34,9,823,0,0,0,823
09/21/2003,SFO,CA,AWP,WE,Combined TRACON& Tower with Radar,609,232,50,4,895,0,0,21,0,21,609,232,71,4,916,0,0,0,916
09/22/2003,SFO,CA,AWP,WE,Combined TRACON& Tower with Radar,626,238,51,8,923,0,1,6,1,8,626,239,57,9,931,0,0,0,931
09/23/2003,SFO,CA,AWP,WE,Combined TRACON& Tower with Radar,639,245,52,8,944,0,8,3,2,13,639,253,55,10,957,0,0,0,957
09/24/2003,SFO,CA,AWP,WE,Combined TRACON& Tower with Radar,638,237,51,6,932,3,0,2,0,5,641,237,53,6,937,0,0,0,937
09/25/2003,SFO,CA,AWP,WE,Combined TRACON& Tower with Radar,659,241,53,8,961,0,0,10,2,12,659,241,63,10,973,0,0,0,973
09/26/2003,SFO,CA,AWP,WE,Combined TRACON& Tower with Radar,655,249,54,6,964,0,9,2,0,11,655,258,56,6,975,0,0,0,975
09/27/2003,SFO,CA,AWP,WE,Combined TRACON& Tower with Radar,552,207,31,1,791,18,2,0,0,20,570,209,31,1,811,0,0,0,811
09/28/2003,SFO,CA,AWP,WE,Combined TRACON& Tower with Radar,609,228,41,8,886,5,2,0,1,8,614,230,41,9,894,0,0,0,894
09/29/2003,SFO,CA,AWP,WE,Combined TRACON& Tower with Radar,618,233,48,8,907,0,2,0,3,5,618,235,48,11,912,0,0,0,912
09/30/2003,SFO,CA,AWP,WE,Combined TRACON& Tower with Radar,628,241,51,7,927,0,4,4,2,10,628,245,55,9,937,0,0,0,937
10/01/2003,SFO,CA,AWP,WE,Combined TRACON& Tower with Radar,641,239,50,3,933,2,11,0,0,13,643,250,50,3,946,0,0,0,946
10/02/2003,SFO,CA,AWP,WE,Combined TRACON& Tower with Radar,658,246,41,8,953,3,15,0,0,18,661,261,41,8,971,0,0,0,971
10/03/2003,SFO,CA,AWP,WE,Combined TRACON& Tower with Radar,633,227,47,8,915,16,0,0,3,19,649,227,47,11,934,0,0,0,934
10/04/2003,SFO,CA,AWP,WE,Combined TRACON& Tower with Radar,557,186,40,4,787,35,0,0,0,35,592,186,40,4,822,0,0,0,822
10/05/2003,SFO,CA,AWP,WE,Combined TRACON& Tower with Radar,621,233,56,2,912,0,0,9,0,9,621,233,65,2,921,0,0,0,921
10/06/2003,SFO,CA,AWP,WE,Combined TRACON& Tower with Radar,621,231,32,8,892,11,8,0,4,23,632,239,32,12,915,0,0,0,915
10/07/2003,SFO,CA,AWP,WE,Combined TRACON& Tower with Radar,631,237,43,8,919,0,19,0,0,19,631,256,43,8,938,0,0,0,938
10/08/2003,SFO,CA,AWP,WE,Combined TRACON& Tower with Radar,643,251,60,9,963,0,7,8,15,30,643,258,68,24,993,0,0,0,993
10/09/2003,SFO,CA,AWP,WE,Combined TRACON& Tower with Radar,656,253,58,9,976,0,6,0,17,23,656,259,58,26,999,0,0,0,999
10/10/2003,SFO,CA,AWP,WE,Combined TRACON& Tower with Radar,641,235,42,9,927,15,0,0,4,19,656,235,42,13,946,0,0,0,946
10/11/2003,SFO,CA,AWP,WE,Combined TRACON& Tower with Radar,576,209,49,8,842,0,0,0,12,12,576,209,49,20,854,0,0,0,854
10/12/2003,SFO,CA,AWP,WE,Combined TRACON& Tower with Radar,618,233,57,9,917,0,0,22,2,24,618,233,79,11,941,0,0,0,941
10/13/2003,SFO,CA,AWP,WE,Combined TRACON& Tower with Radar,623,233,54,5,915,0,6,0,0,6,623,239,54,5,921,0,0,0,921
10/14/2003,SFO,CA,AWP,WE,Combined TRACON& Tower with Radar,635,237,50,9,931,0,3,0,3,6,635,240,50,12,937,0,0,0,937
10/15/2003,SFO,CA,AWP,WE,Combined TRACON& Tower with Radar,634,237,44,8,923,10,2,0,0,12,644,239,44,8,935,0,0,0,935
10/16/2003,SFO,CA,AWP,WE,Combined TRACON& Tower with Radar,646,237,57,10,950,0,0,12,0,12,646,237,69,10,962,0,0,0,962
10/17/2003,SFO,CA,AWP,WE,Combined TRACON& Tower with Radar,647,241,46,8,942,13,0,0,0,13,660,241,46,8,955,0,0,0,955
10/18/2003,SFO,CA,AWP,WE,Combined TRACON& Tower with Radar,575,204,50,9,838,5,0,6,0,11,580,204,56,9,849,0,0,0,849
10/19/2003,SFO,CA,AWP,WE,Combined TRACON& Tower with Radar,620,225,54,2,901,1,0,11,0,12,621,225,65,2,913,0,0,0,913
10/20/2003,SFO,CA,AWP,WE,Combined TRACON& Tower with Radar,626,232,49,9,916,7,0,0,0,7,633,232,49,9,923,0,0,0,923
10/21/2003,SFO,CA,AWP,WE,Combined TRACON& Tower with Radar,639,233,56,10,938,0,0,13,0,13,639,233,69,10,951,0,0,0,951
10/22/2003,SFO,CA,AWP,WE,Combined TRACON& Tower with Radar,641,236,48,9,934,10,0,0,0,10,651,236,48,9,944,0,0,0,944
10/23/2003,SFO,CA,AWP,WE,Combined TRACON& Tower with Radar,653,243,58,8,962,0,0,23,0,23,653,243,81,8,985,0,0,0,985
10/24/2003,SFO,CA,AWP,WE,Combined TRACON& Tower with Radar,645,234,56,8,943,6,0,2,0,8,651,234,58,8,951,0,0,0,951
10/25/2003,SFO,CA,AWP,WE,Combined TRACON& Tower with Radar,559,208,39,3,809,15,0,0,0,15,574,208,39,3,824,0,0,0,824
10/26/2003,SFO,CA,AWP,WE,Combined TRACON& Tower with Radar,597,225,53,2,877,0,3,14,0,17,597,228,67,2,894,0,0,0,894
10/27/2003,SFO,CA,AWP,WE,Combined TRACON& Tower with Radar,624,233,49,6,912,0,13,0,0,13,624,246,49,6,925,0,0,0,925
10/28/2003,SFO,CA,AWP,WE,Combined TRACON& Tower with Radar,652,246,58,5,961,0,5,12,0,17,652,251,70,5,978,0,0,0,978
10/29/2003,SFO,CA,AWP,WE,Combined TRACON& Tower with Radar,657,249,58,10,974,0,4,9,0,13,657,253,67,10,987,0,0,0,987
10/30/2003,SFO,CA,AWP,WE,Combined TRACON& Tower with Radar,652,244,58,7,961,0,0,14,0,14,652,244,72,7,975,0,0,0,975
10/31/2003,SFO,CA,AWP,WE,Combined TRACON& Tower with Radar,631,224,55,6,916,11,0,2,0,13,642,224,57,6,929,0,0,0,929
11/01/2003,SFO,CA,AWP,WE,Combined TRACON& Tower with Radar,585,218,46,5,854,0,1,3,0,4,585,219,49,5,858,0,0,0,858
11/02/2003,SFO,CA,AWP,WE,Combined TRACON& Tower with Radar,602,228,48,5,883,0,1,15,0,16,602,229,63,5,899,0,0,0,899
11/03/2003,SFO,CA,AWP,WE,Combined TRACON& Tower with Radar,623,232,39,6,900,0,7,0,5,12,623,239,39,11,912,0,0,0,912
11/04/2003,SFO,CA,AWP,WE,Combined TRACON& Tower with Radar,638,236,39,6,919,0,6,0,4,10,638,242,39,10,929,0,0,0,929
11/05/2003,SFO,CA,AWP,WE,Combined TRACON& Tower with Radar,628,227,48,6,909,5,0,0,1,6,633,227,48,7,915,0,0,0,915
11/06/2003,SFO,CA,AWP,WE,Combined TRACON& Tower with Radar,642,238,35,5,920,11,5,0,0,16,653,243,35,5,936,0,0,0,936
11/07/2003,SFO,CA,AWP,WE,Combined TRACON& Tower with Radar,649,239,42,6,936,5,0,0,4,9,654,239,42,10,945,0,0,0,945
11/08/2003,SFO,CA,AWP,WE,Combined TRACON& Tower with Radar,557,197,31,5,790,22,0,0,0,22,579,197,31,5,812,0,0,0,812
11/09/2003,SFO,CA,AWP,WE,Combined TRACON& Tower with Radar,607,218,41,4,870,14,0,0,0,14,621,218,41,4,884,0,0,0,884
11/10/2003,SFO,CA,AWP,WE,Combined TRACON& Tower with Radar,640,218,49,6,913,0,0,20,0,20,640,218,69,6,933,0,0,0,933
11/11/2003,SFO,CA,AWP,WE,Combined TRACON& Tower with Radar,636,238,48,3,925,0,4,6,0,10,636,242,54,3,935,0,0,0,935
11/12/2003,SFO,CA,AWP,WE,Combined TRACON& Tower with Radar,621,237,49,4,911,0,10,12,0,22,621,247,61,4,933,0,0,0,933
11/13/2003,SFO,CA,AWP,WE,Combined TRACON& Tower with Radar,648,249,51,7,955,0,6,11,6,23,648,255,62,13,978,0,0,0,978
11/14/2003,SFO,CA,AWP,WE,Combined TRACON& Tower with Radar,645,233,36,7,921,18,0,0,1,19,663,233,36,8,940,0,0,0,940
11/15/2003,SFO,CA,AWP,WE,Combined TRACON& Tower with Radar,567,211,25,5,808,14,5,0,0,19,581,216,25,5,827,0,0,0,827
11/16/2003,SFO,CA,AWP,WE,Combined TRACON& Tower with Radar,623,227,47,3,900,6,0,0,0,6,629,227,47,3,906,0,0,0,906
11/17/2003,SFO,CA,AWP,WE,Combined TRACON& Tower with Radar,617,247,51,7,922,0,14,36,5,55,617,261,87,12,977,0,0,0,977
11/18/2003,SFO,CA,AWP,WE,Combined TRACON& Tower with Radar,664,242,52,7,965,0,0,27,4,31,664,242,79,11,996,0,0,0,996
11/19/2003,SFO,CA,AWP,WE,Combined TRACON& Tower with Radar,644,249,52,2,947,0,12,25,0,37,644,261,77,2,984,0,0,0,984
11/20/2003,SFO,CA,AWP,WE,Combined TRACON& Tower with Radar,647,242,50,6,945,0,4,8,0,12,647,246,58,6,957,0,0,0,957
11/21/2003,SFO,CA,AWP,WE,Combined TRACON& Tower with Radar,659,252,52,7,970,0,12,13,0,25,659,264,65,7,995,0,0,0,995
11/22/2003,SFO,CA,AWP,WE,Combined TRACON& Tower with Radar,582,215,26,6,829,15,2,0,1,18,597,217,26,7,847,0,0,0,847
11/23/2003,SFO,CA,AWP,WE,Combined TRACON& Tower with Radar,604,207,34,1,846,33,0,0,0,33,637,207,34,1,879,0,0,0,879
11/24/2003,SFO,CA,AWP,WE,Combined TRACON& Tower with Radar,619,231,47,6,903,0,3,0,3,6,619,234,47,9,909,0,0,0,909
11/25/2003,SFO,CA,AWP,WE,Combined TRACON& Tower with Radar,655,233,49,6,943,4,0,5,1,10,659,233,54,7,953,0,0,0,953
11/26/2003,SFO,CA,AWP,WE,Combined TRACON& Tower with Radar,647,240,31,6,924,3,13,0,2,18,650,253,31,8,942,0,0,0,942
11/27/2003,SFO,CA,AWP,WE,Combined TRACON& Tower with Radar,472,170,12,0,654,33,0,0,0,33,505,170,12,0,687,0,0,0,687
11/28/2003,SFO,CA,AWP,WE,Combined TRACON& Tower with Radar,530,183,23,4,740,31,0,0,0,31,561,183,23,4,771,0,0,0,771
11/29/2003,SFO,CA,AWP,WE,Combined TRACON& Tower with Radar,612,226,33,5,876,9,5,0,0,14,621,231,33,5,890,0,0,0,890
11/30/2003,SFO,CA,AWP,WE,Combined TRACON& Tower with Radar,636,231,48,3,918,0,0,11,0,11,636,231,59,3,929,0,0,0,929
12/01/2003,SFO,CA,AWP,WE,Combined TRACON& Tower with Radar,647,217,34,6,904,12,0,0,0,12,659,217,34,6,916,0,0,0,916
12/02/2003,SFO,CA,AWP,WE,Combined TRACON& Tower with Radar,661,232,35,6,934,0,2,0,4,6,661,234,35,10,940,0,0,0,940
12/03/2003,SFO,CA,AWP,WE,Combined TRACON& Tower with Radar,661,240,39,5,945,0,16,9,0,25,661,256,48,5,970,0,0,0,970
12/04/2003,SFO,CA,AWP,WE,Combined TRACON& Tower with Radar,658,236,38,6,938,0,8,7,2,17,658,244,45,8,955,0,0,0,955
12/05/2003,SFO,CA,AWP,WE,Combined TRACON& Tower with Radar,645,205,34,6,890,19,0,0,4,23,664,205,34,10,913,0,0,0,913
12/06/2003,SFO,CA,AWP,WE,Combined TRACON& Tower with Radar,560,199,22,5,786,0,19,0,1,20,560,218,22,6,806,0,0,0,806
12/07/2003,SFO,CA,AWP,WE,Combined TRACON& Tower with Radar,609,218,34,2,863,0,9,10,0,19,609,227,44,2,882,0,0,0,882
12/08/2003,SFO,CA,AWP,WE,Combined TRACON& Tower with Radar,632,235,38,7,912,0,20,17,4,41,632,255,55,11,953,0,0,0,953
12/09/2003,SFO,CA,AWP,WE,Combined TRACON& Tower with Radar,629,231,36,7,903,0,25,2,5,32,629,256,38,12,935,0,0,0,935
12/10/2003,SFO,CA,AWP,WE,Combined TRACON& Tower with Radar,647,231,37,7,922,0,2,9,3,14,647,233,46,10,936,0,0,0,936
12/11/2003,SFO,CA,AWP,WE,Combined TRACON& Tower with Radar,665,234,37,7,943,0,0,5,7,12,665,234,42,14,955,0,0,0,955
12/12/2003,SFO,CA,AWP,WE,Combined TRACON& Tower with Radar,644,219,33,7,903,7,0,0,1,8,651,219,33,8,911,0,0,0,911
12/13/2003,SFO,CA,AWP,WE,Combined TRACON& Tower with Radar,567,204,32,6,809,0,11,1,3,15,567,215,33,9,824,0,0,0,824
12/14/2003,SFO,CA,AWP,WE,Combined TRACON& Tower with Radar,597,208,33,1,839,0,1,6,0,7,597,209,39,1,846,0,0,0,846
12/15/2003,SFO,CA,AWP,WE,Combined TRACON& Tower with Radar,639,233,36,7,915,0,4,18,9,31,639,237,54,16,946,0,0,0,946
12/16/2003,SFO,CA,AWP,WE,Combined TRACON& Tower with Radar,669,235,38,7,949,0,2,0,6,8,669,237,38,13,957,0,0,0,957
12/17/2003,SFO,CA,AWP,WE,Combined TRACON& Tower with Radar,670,236,38,2,946,0,4,10,0,14,670,240,48,2,960,0,0,0,960
12/18/2003,SFO,CA,AWP,WE,Combined TRACON& Tower with Radar,682,242,38,1,963,0,4,19,0,23,682,246,57,1,986,0,0,0,986
12/19/2003,SFO,CA,AWP,WE,Combined TRACON& Tower with Radar,679,220,37,7,943,14,0,0,2,16,693,220,37,9,959,0,0,0,959
12/20/2003,SFO,CA,AWP,WE,Combined TRACON& Tower with Radar,638,216,35,6,895,5,0,1,0,6,643,216,36,6,901,0,0,0,901
12/21/2003,SFO,CA,AWP,WE,Combined TRACON& Tower with Radar,636,210,33,4,883,16,0,0,0,16,652,210,33,4,899,0,0,0,899
12/22/2003,SFO,CA,AWP,WE,Combined TRACON& Tower with Radar,672,229,31,6,938,11,0,0,0,11,683,229,31,6,949,0,0,0,949
12/23/2003,SFO,CA,AWP,WE,Combined TRACON& Tower with Radar,658,208,21,4,891,39,0,0,0,39,697,208,21,4,930,0,0,0,930
12/24/2003,SFO,CA,AWP,WE,Combined TRACON& Tower with Radar,595,206,6,4,811,29,0,0,0,29,624,206,6,4,840,0,0,0,840
12/25/2003,SFO,CA,AWP,WE,Combined TRACON& Tower with Radar,591,201,33,0,825,0,0,14,0,14,591,201,47,0,839,0,0,0,839
12/26/2003,SFO,CA,AWP,WE,Combined TRACON& Tower with Radar,657,229,22,3,911,15,3,0,0,18,672,232,22,3,929,0,0,0,929
12/27/2003,SFO,CA,AWP,WE,Combined TRACON& Tower with Radar,625,221,34,3,883,0,10,1,0,11,625,231,35,3,894,0,0,0,894
12/28/2003,SFO,CA,AWP,WE,Combined TRACON& Tower with Radar,647,227,36,6,916,0,0,3,0,3,647,227,39,6,919,0,0,0,919
12/29/2003,SFO,CA,AWP,WE,Combined TRACON& Tower with Radar,625,193,10,4,832,51,0,0,0,51,676,193,10,4,883,0,0,0,883
12/30/2003,SFO,CA,AWP,WE,Combined TRACON& Tower with Radar,663,221,26,4,914,23,0,0,0,23,686,221,26,4,937,0,0,0,937
12/31/2003,SFO,CA,AWP,WE,Combined TRACON& Tower with Radar,607,208,20,4,839,18,0,0,0,18,625,208,20,4,857,0,0,0,857
01/01/2004,SFO,CA,AWP,WE,Combined TRACON& Tower with Radar,581,206,13,0,800,42,0,0,0,42,623,206,13,0,842,0,0,0,842
01/02/2004,SFO,CA,AWP,WE,Combined TRACON& Tower with Radar,648,229,40,6,923,16,0,0,0,16,664,229,40,6,939,0,0,0,939
01/03/2004,SFO,CA,AWP,WE,Combined TRACON& Tower with Radar,625,233,41,2,901,0,5,0,0,5,625,238,41,2,906,0,0,0,906
01/04/2004,SFO,CA,AWP,WE,Combined TRACON& Tower with Radar,623,235,42,4,904,0,6,3,0,9,623,241,45,4,913,0,0,0,913
01/05/2004,SFO,CA,AWP,WE,Combined TRACON& Tower with Radar,640,223,21,6,890,29,0,0,8,37,669,223,21,14,927,0,0,0,927
01/06/2004,SFO,CA,AWP,WE,Combined TRACON& Tower with Radar,614,228,23,2,867,17,5,0,0,22,631,233,23,2,889,0,0,0,889
01/07/2004,SFO,CA,AWP,WE,Combined TRACON& Tower with Radar,597,216,37,6,856,8,0,0,1,9,605,216,37,7,865,0,0,0,865
01/08/2004,SFO,CA,AWP,WE,Combined TRACON& Tower with Radar,647,237,43,6,933,0,0,0,6,6,647,237,43,12,939,0,0,0,939
01/09/2004,SFO,CA,AWP,WE,Combined TRACON& Tower with Radar,659,232,41,6,938,16,0,0,1,17,675,232,41,7,955,0,0,0,955
01/10/2004,SFO,CA,AWP,WE,Combined TRACON& Tower with Radar,579,214,32,4,829,10,0,0,0,10,589,214,32,4,839,0,0,0,839
01/11/2004,SFO,CA,AWP,WE,Combined TRACON& Tower with Radar,623,232,40,3,898,0,0,10,0,10,623,232,50,3,908,0,0,0,908
01/12/2004,SFO,CA,AWP,WE,Combined TRACON& Tower with Radar,649,245,43,7,944,0,0,13,2,15,649,245,56,9,959,0,0,0,959
01/13/2004,SFO,CA,AWP,WE,Combined TRACON& Tower with Radar,654,247,43,7,951,0,0,13,3,16,654,247,56,10,967,0,0,0,967
01/14/2004,SFO,CA,AWP,WE,Combined TRACON& Tower with Radar,654,247,43,6,950,0,7,2,0,9,654,254,45,6,959,0,0,0,959
01/15/2004,SFO,CA,AWP,WE,Combined TRACON& Tower with Radar,672,249,44,5,970,0,0,12,0,12,672,249,56,5,982,0,0,0,982
01/16/2004,SFO,CA,AWP,WE,Combined TRACON& Tower with Radar,672,251,43,7,973,1,0,0,0,1,673,251,43,7,974,0,0,0,974
01/17/2004,SFO,CA,AWP,WE,Combined TRACON& Tower with Radar,589,219,23,3,834,7,12,0,0,19,596,231,23,3,853,0,0,0,853
01/18/2004,SFO,CA,AWP,WE,Combined TRACON& Tower with Radar,621,230,32,2,885,6,7,0,0,13,627,237,32,2,898,0,0,0,898
01/19/2004,SFO,CA,AWP,WE,Combined TRACON& Tower with Radar,645,245,43,4,937,0,12,6,0,18,645,257,49,4,955,0,0,0,955
01/20/2004,SFO,CA,AWP,WE,Combined TRACON& Tower with Radar,655,231,37,7,930,14,0,0,3,17,669,231,37,10,947,0,0,0,947
01/21/2004,SFO,CA,AWP,WE,Combined TRACON& Tower with Radar,655,235,43,5,938,0,0,22,0,22,655,235,65,5,960,0,0,0,960
01/22/2004,SFO,CA,AWP,WE,Combined TRACON& Tower with Radar,663,251,44,7,965,0,0,11,3,14,663,251,55,10,979,0,0,0,979
01/23/2004,SFO,CA,AWP,WE,Combined TRACON& Tower with Radar,665,254,44,8,971,0,9,9,2,20,665,263,53,10,991,0,0,0,991
01/24/2004,SFO,CA,AWP,WE,Combined TRACON& Tower with Radar,565,204,21,3,793,24,0,0,0,24,589,204,21,3,817,0,0,0,817
01/25/2004,SFO,CA,AWP,WE,Combined TRACON& Tower with Radar,597,231,40,6,874,0,21,6,0,27,597,252,46,6,901,0,0,0,901
01/26/2004,SFO,CA,AWP,WE,Combined TRACON& Tower with Radar,627,237,38,7,909,0,8,0,7,15,627,245,38,14,924,0,0,0,924
01/27/2004,SFO,CA,AWP,WE,Combined TRACON& Tower with Radar,639,237,38,7,921,0,0,0,6,6,639,237,38,13,927,0,0,0,927
01/28/2004,SFO,CA,AWP,WE,Combined TRACON& Tower with Radar,640,236,42,7,925,0,0,2,9,11,640,236,44,16,936,0,0,0,936
01/29/2004,SFO,CA,AWP,WE,Combined TRACON& Tower with Radar,665,248,43,2,958,0,3,5,0,8,665,251,48,2,966,0,0,0,966
01/30/2004,SFO,CA,AWP,WE,Combined TRACON& Tower with Radar,662,255,44,4,965,0,4,23,0,27,662,259,67,4,992,0,0,0,992
01/31/2004,SFO,CA,AWP,WE,Combined TRACON& Tower with Radar,592,223,32,4,851,0,13,0,0,13,592,236,32,4,864,0,0,0,864
02/01/2004,SFO,CA,AWP,WE,Combined TRACON& Tower with Radar,602,225,40,2,869,9,0,0,0,9,611,225,40,2,878,0,0,0,878
02/02/2004,SFO,CA,AWP,WE,Combined TRACON& Tower with Radar,618,227,46,6,897,2,0,0,2,4,620,227,46,8,901,0,0,0,901
02/03/2004,SFO,CA,AWP,WE,Combined TRACON& Tower with Radar,638,238,37,7,920,6,0,0,4,10,644,238,37,11,930,0,0,0,930
02/04/2004,SFO,CA,AWP,WE,Combined TRACON& Tower with Radar,636,238,45,6,925,0,7,0,0,7,636,245,45,6,932,0,0,0,932
02/05/2004,SFO,CA,AWP,WE,Combined TRACON& Tower with Radar,656,250,50,7,963,0,4,9,2,15,656,254,59,9,978,0,0,0,978
02/06/2004,SFO,CA,AWP,WE,Combined TRACON& Tower with Radar,650,244,33,7,934,0,20,0,1,21,650,264,33,8,955,0,0,0,955
02/07/2004,SFO,CA,AWP,WE,Combined TRACON& Tower with Radar,572,213,26,4,815,13,5,0,0,18,585,218,26,4,833,0,0,0,833
02/08/2004,SFO,CA,AWP,WE,Combined TRACON& Tower with Radar,615,230,43,6,894,0,3,0,0,3,615,233,43,6,897,0,0,0,897
02/09/2004,SFO,CA,AWP,WE,Combined TRACON& Tower with Radar,629,239,46,8,922,0,11,0,0,11,629,250,46,8,933,0,0,0,933
02/10/2004,SFO,CA,AWP,WE,Combined TRACON& Tower with Radar,648,240,48,8,944,0,0,14,3,17,648,240,62,11,961,0,0,0,961
02/11/2004,SFO,CA,AWP,WE,Combined TRACON& Tower with Radar,653,234,47,2,936,0,0,16,0,16,653,234,63,2,952,0,0,0,952
02/12/2004,SFO,CA,AWP,WE,Combined TRACON& Tower with Radar,656,252,49,8,965,0,18,4,1,23,656,270,53,9,988,0,0,0,988
02/13/2004,SFO,CA,AWP,WE,Combined TRACON& Tower with Radar,673,258,51,7,989,0,3,21,0,24,673,261,72,7,1013,0,0,0,1013
02/14/2004,SFO,CA,AWP,WE,Combined TRACON& Tower with Radar,594,228,45,4,871,0,16,8,0,24,594,244,53,4,895,0,0,0,895
02/15/2004,SFO,CA,AWP,WE,Combined TRACON& Tower with Radar,603,219,38,2,862,15,0,0,0,15,618,219,38,2,877,0,0,0,877
02/16/2004,SFO,CA,AWP,WE,Combined TRACON& Tower with Radar,603,212,29,4,848,30,0,0,0,30,633,212,29,4,878,0,0,0,878
02/17/2004,SFO,CA,AWP,WE,Combined TRACON& Tower with Radar,634,216,36,8,894,29,0,0,0,29,663,216,36,8,923,0,0,0,923
02/18/2004,SFO,CA,AWP,WE,Combined TRACON& Tower with Radar,648,232,43,6,929,14,0,0,0,14,662,232,43,6,943,0,0,0,943
02/19/2004,SFO,CA,AWP,WE,Combined TRACON& Tower with Radar,656,230,48,8,942,0,0,19,1,20,656,230,67,9,962,0,0,0,962
02/20/2004,SFO,CA,AWP,WE,Combined TRACON& Tower with Radar,672,239,49,6,966,0,0,12,0,12,672,239,61,6,978,0,0,0,978
02/21/2004,SFO,CA,AWP,WE,Combined TRACON& Tower with Radar,597,223,43,2,865,0,10,0,0,10,597,233,43,2,875,0,0,0,875
02/22/2004,SFO,CA,AWP,WE,Combined TRACON& Tower with Radar,617,228,46,5,896,0,0,8,0,8,617,228,54,5,904,0,0,0,904
02/23/2004,SFO,CA,AWP,WE,Combined TRACON& Tower with Radar,629,233,34,8,904,1,5,0,5,11,630,238,34,13,915,0,0,0,915
02/24/2004,SFO,CA,AWP,WE,Combined TRACON& Tower with Radar,658,245,44,7,954,1,0,0,3,4,659,245,44,10,958,0,0,0,958
02/25/2004,SFO,CA,AWP,WE,Combined TRACON& Tower with Radar,590,191,43,6,830,18,0,9,2,29,608,191,52,8,859,0,0,0,859
02/26/2004,SFO,CA,AWP,WE,Combined TRACON& Tower with Radar,675,258,50,7,990,0,5,6,6,17,675,263,56,13,1007,0,0,0,1007
02/27/2004,SFO,CA,AWP,WE,Combined TRACON& Tower with Radar,674,246,49,7,976,0,0,0,7,7,674,246,49,14,983,0,0,0,983
02/28/2004,SFO,CA,AWP,WE,Combined TRACON& Tower with Radar,589,219,28,6,842,4,8,0,3,15,593,227,28,9,857,0,0,0,857
02/29/2004,SFO,CA,AWP,WE,Combined TRACON& Tower with Radar,630,234,37,4,905,4,8,0,0,12,634,242,37,4,917,0,0,0,917
03/01/2004,SFO,CA,AWP,WE,Combined TRACON& Tower with Radar,619,232,42,6,899,10,0,0,5,15,629,232,42,11,914,0,0,0,914
03/02/2004,SFO,CA,AWP,WE,Combined TRACON& Tower with Radar,655,234,53,7,949,10,0,6,2,18,665,234,59,9,967,0,0,0,967
03/03/2004,SFO,CA,AWP,WE,Combined TRACON& Tower with Radar,654,262,56,7,979,0,0,30,3,33,654,262,86,10,1012,0,0,0,1012
03/04/2004,SFO,CA,AWP,WE,Combined TRACON& Tower with Radar,672,259,47,7,985,0,9,0,2,11,672,268,47,9,996,0,0,0,996
03/05/2004,SFO,CA,AWP,WE,Combined TRACON& Tower with Radar,669,257,48,7,981,1,5,0,0,6,670,262,48,7,987,0,0,0,987
03/06/2004,SFO,CA,AWP,WE,Combined TRACON& Tower with Radar,621,239,35,6,901,6,10,0,0,16,627,249,35,6,917,0,0,0,917
03/07/2004,SFO,CA,AWP,WE,Combined TRACON& Tower with Radar,627,236,51,2,916,9,0,1,0,10,636,236,52,2,926,0,0,0,926
03/08/2004,SFO,CA,AWP,WE,Combined TRACON& Tower with Radar,657,259,55,7,978,0,13,3,1,17,657,272,58,8,995,0,0,0,995
03/09/2004,SFO,CA,AWP,WE,Combined TRACON& Tower with Radar,681,251,55,7,994,6,0,2,3,11,687,251,57,10,1005,0,0,0,1005
03/10/2004,SFO,CA,AWP,WE,Combined TRACON& Tower with Radar,666,252,54,2,974,7,0,2,0,9,673,252,56,2,983,0,0,0,983
03/11/2004,SFO,CA,AWP,WE,Combined TRACON& Tower with Radar,678,261,58,7,1004,0,0,26,7,33,678,261,84,14,1037,0,0,0,1037
03/12/2004,SFO,CA,AWP,WE,Combined TRACON& Tower with Radar,694,254,56,7,1011,0,0,15,1,16,694,254,71,8,1027,0,0,0,1027
03/13/2004,SFO,CA,AWP,WE,Combined TRACON& Tower with Radar,608,219,49,5,881,15,0,2,0,17,623,219,51,5,898,0,0,0,898
03/14/2004,SFO,CA,AWP,WE,Combined TRACON& Tower with Radar,644,248,51,2,945,5,1,0,0,6,649,249,51,2,951,0,0,0,951
03/15/2004,SFO,CA,AWP,WE,Combined TRACON& Tower with Radar,655,252,38,3,948,12,7,0,0,19,667,259,38,3,967,0,0,0,967
03/16/2004,SFO,CA,AWP,WE,Combined TRACON& Tower with Radar,670,260,50,8,988,0,6,0,3,9,670,266,50,11,997,0,0,0,997
03/17/2004,SFO,CA,AWP,WE,Combined TRACON& Tower with Radar,666,262,55,6,989,0,7,15,0,22,666,269,70,6,1011,0,0,0,1011
03/18/2004,SFO,CA,AWP,WE,Combined TRACON& Tower with Radar,663,260,55,8,986,0,5,3,9,17,663,265,58,17,1003,0,0,0,1003
03/19/2004,SFO,CA,AWP,WE,Combined TRACON& Tower with Radar,672,257,50,4,983,7,0,0,0,7,679,257,50,4,990,0,0,0,990
03/20/2004,SFO,CA,AWP,WE,Combined TRACON& Tower with Radar,618,236,42,6,902,1,8,0,0,9,619,244,42,6,911,0,0,0,911
03/21/2004,SFO,CA,AWP,WE,Combined TRACON& Tower with Radar,644,256,54,3,957,0,22,9,0,31,644,278,63,3,988,0,0,0,988
03/22/2004,SFO,CA,AWP,WE,Combined TRACON& Tower with Radar,654,251,42,7,954,0,13,0,0,13,654,264,42,7,967,0,0,0,967
03/23/2004,SFO,CA,AWP,WE,Combined TRACON& Tower with Radar,669,254,45,8,976,5,0,0,5,10,674,254,45,13,986,0,0,0,986
03/24/2004,SFO,CA,AWP,WE,Combined TRACON& Tower with Radar,672,260,54,8,994,0,6,1,0,7,672,266,55,8,1001,0,0,0,1001
03/25/2004,SFO,CA,AWP,WE,Combined TRACON& Tower with Radar,668,244,53,7,972,4,0,8,0,12,672,244,61,7,984,0,0,0,984
03/26/2004,SFO,CA,AWP,WE,Combined TRACON& Tower with Radar,661,246,43,6,956,19,0,0,0,19,680,246,43,6,975,0,0,0,975
03/27/2004,SFO,CA,AWP,WE,Combined TRACON& Tower with Radar,609,232,43,5,889,8,0,0,0,8,617,232,43,5,897,0,0,0,897
03/28/2004,SFO,CA,AWP,WE,Combined TRACON& Tower with Radar,637,243,39,4,923,13,3,0,0,16,650,246,39,4,939,0,0,0,939
03/29/2004,SFO,CA,AWP,WE,Combined TRACON& Tower with Radar,660,253,43,6,962,0,15,0,0,15,660,268,43,6,977,0,0,0,977
03/30/2004,SFO,CA,AWP,WE,Combined TRACON& Tower with Radar,659,231,52,8,950,19,0,0,2,21,678,231,52,10,971,0,0,0,971
03/31/2004,SFO,CA,AWP,WE,Combined TRACON& Tower with Radar,678,256,54,7,995,1,0,0,4,5,679,256,54,11,1000,0,0,0,1000
04/01/2004,SFO,CA,AWP,WE,Combined TRACON& Tower with Radar,666,253,56,8,983,0,0,6,8,14,666,253,62,16,997,0,0,0,997
04/02/2004,SFO,CA,AWP,WE,Combined TRACON& Tower with Radar,668,248,55,6,977,4,0,7,0,11,672,248,62,6,988,0,0,0,988
04/03/2004,SFO,CA,AWP,WE,Combined TRACON& Tower with Radar,619,239,51,6,915,0,1,5,0,6,619,240,56,6,921,0,0,0,921
04/04/2004,SFO,CA,AWP,WE,Combined TRACON& Tower with Radar,636,244,49,5,934,0,8,0,0,8,636,252,49,5,942,0,0,0,942
04/05/2004,SFO,CA,AWP,WE,Combined TRACON& Tower with Radar,651,253,51,8,963,0,9,0,1,10,651,262,51,9,973,0,0,0,973
04/06/2004,SFO,CA,AWP,WE,Combined TRACON& Tower with Radar,662,255,49,8,974,0,6,0,3,9,662,261,49,11,983,0,0,0,983
04/07/2004,SFO,CA,AWP,WE,Combined TRACON& Tower with Radar,674,261,56,8,999,0,1,2,1,4,674,262,58,9,1003,0,0,0,1003
04/08/2004,SFO,CA,AWP,WE,Combined TRACON& Tower with Radar,677,262,50,8,997,0,9,0,2,11,677,271,50,10,1008,0,0,0,1008
04/09/2004,SFO,CA,AWP,WE,Combined TRACON& Tower with Radar,656,245,41,9,951,16,0,0,4,20,672,245,41,13,971,0,0,0,971
04/10/2004,SFO,CA,AWP,WE,Combined TRACON& Tower with Radar,585,222,41,7,855,10,0,0,0,10,595,222,41,7,865,0,0,0,865
04/11/2004,SFO,CA,AWP,WE,Combined TRACON& Tower with Radar,630,242,45,2,919,13,0,0,0,13,643,242,45,2,932,0,0,0,932
04/12/2004,SFO,CA,AWP,WE,Combined TRACON& Tower with Radar,668,259,49,9,985,0,9,0,4,13,668,268,49,13,998,0,0,0,998
04/13/2004,SFO,CA,AWP,WE,Combined TRACON& Tower with Radar,660,253,43,9,965,6,0,0,6,12,666,253,43,15,977,0,0,0,977
04/14/2004,SFO,CA,AWP,WE,Combined TRACON& Tower with Radar,673,253,53,8,987,8,0,0,0,8,681,253,53,8,995,0,0,0,995
04/15/2004,SFO,CA,AWP,WE,Combined TRACON& Tower with Radar,669,257,46,9,981,6,3,0,0,9,675,260,46,9,990,0,0,0,990
04/16/2004,SFO,CA,AWP,WE,Combined TRACON& Tower with Radar,678,254,55,9,996,1,0,5,1,7,679,254,60,10,1003,0,0,0,1003
04/17/2004,SFO,CA,AWP,WE,Combined TRACON& Tower with Radar,595,227,40,4,866,14,0,0,0,14,609,227,40,4,880,0,0,0,880
04/18/2004,SFO,CA,AWP,WE,Combined TRACON& Tower with Radar,631,246,52,8,937,0,4,8,0,12,631,250,60,8,949,0,0,0,949
04/19/2004,SFO,CA,AWP,WE,Combined TRACON& Tower with Radar,644,246,45,8,943,6,2,0,0,8,650,248,45,8,951,0,0,0,951
04/20/2004,SFO,CA,AWP,WE,Combined TRACON& Tower with Radar,660,255,43,9,967,0,16,0,3,19,660,271,43,12,986,0,0,0,986
04/21/2004,SFO,CA,AWP,WE,Combined TRACON& Tower with Radar,665,259,55,9,988,0,2,9,2,13,665,261,64,11,1001,0,0,0,1001
04/22/2004,SFO,CA,AWP,WE,Combined TRACON& Tower with Radar,685,260,56,10,1011,0,0,5,0,5,685,260,61,10,1016,0,0,0,1016
04/23/2004,SFO,CA,AWP,WE,Combined TRACON& Tower with Radar,686,255,56,3,1000,0,0,18,0,18,686,255,74,3,1018,0,0,0,1018
04/24/2004,SFO,CA,AWP,WE,Combined TRACON& Tower with Radar,584,223,32,4,843,18,1,0,0,19,602,224,32,4,862,0,0,0,862
04/25/2004,SFO,CA,AWP,WE,Combined TRACON& Tower with Radar,641,246,53,5,945,0,0,15,0,15,641,246,68,5,960,0,0,0,960
04/26/2004,SFO,CA,AWP,WE,Combined TRACON& Tower with Radar,663,252,53,9,977,2,0,0,1,3,665,252,53,10,980,0,0,0,980
04/27/2004,SFO,CA,AWP,WE,Combined TRACON& Tower with Radar,669,259,56,9,993,0,0,9,8,17,669,259,65,17,1010,0,0,0,1010
04/28/2004,SFO,CA,AWP,WE,Combined TRACON& Tower with Radar,671,258,55,4,988,0,4,6,0,10,671,262,61,4,998,0,0,0,998
04/29/2004,SFO,CA,AWP,WE,Combined TRACON& Tower with Radar,680,250,55,9,994,4,0,3,3,10,684,250,58,12,1004,0,0,0,1004
04/30/2004,SFO,CA,AWP,WE,Combined TRACON& Tower with Radar,680,253,56,4,993,0,0,18,0,18,680,253,74,4,1011,0,0,0,1011
05/01/2004,SFO,CA,AWP,WE,Combined TRACON& Tower with Radar,611,236,56,6,909,0,0,5,0,5,611,236,61,6,914,0,0,0,914
05/02/2004,SFO,CA,AWP,WE,Combined TRACON& Tower with Radar,646,256,61,5,968,0,10,9,0,19,646,266,70,5,987,0,0,0,987
05/03/2004,SFO,CA,AWP,WE,Combined TRACON& Tower with Radar,662,259,61,8,990,0,5,2,2,9,662,264,63,10,999,0,0,0,999
05/04/2004,SFO,CA,AWP,WE,Combined TRACON& Tower with Radar,663,269,63,8,1003,0,13,19,1,33,663,282,82,9,1036,0,0,0,1036
05/05/2004,SFO,CA,AWP,WE,Combined TRACON& Tower with Radar,680,269,63,8,1020,0,20,0,0,20,680,289,63,8,1040,0,0,0,1040
05/06/2004,SFO,CA,AWP,WE,Combined TRACON& Tower with Radar,693,268,63,6,1030,1,1,0,0,2,694,269,63,6,1032,0,0,0,1032
05/07/2004,SFO,CA,AWP,WE,Combined TRACON& Tower with Radar,689,265,54,5,1013,0,12,0,0,12,689,277,54,5,1025,0,0,0,1025
05/08/2004,SFO,CA,AWP,WE,Combined TRACON& Tower with Radar,596,230,43,4,873,12,2,0,0,14,608,232,43,4,887,0,0,0,887
05/09/2004,SFO,CA,AWP,WE,Combined TRACON& Tower with Radar,641,248,45,7,941,11,3,0,0,14,652,251,45,7,955,0,0,0,955
05/10/2004,SFO,CA,AWP,WE,Combined TRACON& Tower with Radar,666,256,57,3,982,5,4,0,0,9,671,260,57,3,991,0,0,0,991
05/11/2004,SFO,CA,AWP,WE,Combined TRACON& Tower with Radar,657,253,35,7,952,24,0,0,2,26,681,253,35,9,978,0,0,0,978
05/12/2004,SFO,CA,AWP,WE,Combined TRACON& Tower with Radar,682,269,62,3,1016,0,6,14,0,20,682,275,76,3,1036,0,0,0,1036
05/13/2004,SFO,CA,AWP,WE,Combined TRACON& Tower with Radar,690,260,60,9,1019,6,0,0,2,8,696,260,60,11,1027,0,0,0,1027
05/14/2004,SFO,CA,AWP,WE,Combined TRACON& Tower with Radar,683,258,52,9,1002,11,0,0,4,15,694,258,52,13,1017,0,0,0,1017
05/15/2004,SFO,CA,AWP,WE,Combined TRACON& Tower with Radar,618,235,48,8,909,6,0,0,5,11,624,235,48,13,920,0,0,0,920
05/16/2004,SFO,CA,AWP,WE,Combined TRACON& Tower with Radar,644,249,53,5,951,0,8,0,0,8,644,257,53,5,959,0,0,0,959
05/17/2004,SFO,CA,AWP,WE,Combined TRACON& Tower with Radar,653,249,45,8,955,13,0,0,2,15,666,249,45,10,970,0,0,0,970
05/18/2004,SFO,CA,AWP,WE,Combined TRACON& Tower with Radar,679,260,46,7,992,14,3,0,0,17,693,263,46,7,1009,0,0,0,1009
05/19/2004,SFO,CA,AWP,WE,Combined TRACON& Tower with Radar,699,271,63,6,1039,0,7,1,0,8,699,278,64,6,1047,0,0,0,1047
05/20/2004,SFO,CA,AWP,WE,Combined TRACON& Tower with Radar,682,265,60,9,1016,0,10,0,0,10,682,275,60,9,1026,0,0,0,1026
05/21/2004,SFO,CA,AWP,WE,Combined TRACON& Tower with Radar,683,263,53,9,1008,1,6,0,1,8,684,269,53,10,1016,0,0,0,1016
05/22/2004,SFO,CA,AWP,WE,Combined TRACON& Tower with Radar,606,230,43,8,887,14,0,0,0,14,620,230,43,8,901,0,0,0,901
05/23/2004,SFO,CA,AWP,WE,Combined TRACON& Tower with Radar,630,236,34,8,908,24,0,0,4,28,654,236,34,12,936,0,0,0,936
05/24/2004,SFO,CA,AWP,WE,Combined TRACON& Tower with Radar,714,268,64,7,1053,3,0,6,0,9,717,268,70,7,1062,0,0,0,1062
05/25/2004,SFO,CA,AWP,WE,Combined TRACON& Tower with Radar,684,254,58,8,1004,11,0,0,2,13,695,254,58,10,1017,0,0,0,1017
05/26/2004,SFO,CA,AWP,WE,Combined TRACON& Tower with Radar,671,249,46,8,974,23,0,0,1,24,694,249,46,9,998,0,0,0,998
05/27/2004,SFO,CA,AWP,WE,Combined TRACON& Tower with Radar,703,272,55,8,1038,0,1,0,9,10,703,273,55,17,1048,0,0,0,1048
05/28/2004,SFO,CA,AWP,WE,Combined TRACON& Tower with Radar,705,270,52,8,1035,11,0,0,2,13,716,270,52,10,1048,0,0,0,1048
05/29/2004,SFO,CA,AWP,WE,Combined TRACON& Tower with Radar,609,218,56,4,887,0,0,40,0,40,609,218,96,4,927,0,0,0,927
05/30/2004,SFO,CA,AWP,WE,Combined TRACON& Tower with Radar,588,214,55,7,864,0,0,44,1,45,588,214,99,8,909,0,0,0,909
05/31/2004,SFO,CA,AWP,WE,Combined TRACON& Tower with Radar,657,260,63,4,984,0,0,54,0,54,657,260,117,4,1038,0,0,0,1038
06/01/2004,SFO,CA,AWP,WE,Combined TRACON& Tower with Radar,680,242,44,5,971,9,7,0,0,16,689,249,44,5,987,0,0,0,987
06/02/2004,SFO,CA,AWP,WE,Combined TRACON& Tower with Radar,691,247,48,7,993,0,15,0,0,15,691,262,48,7,1008,0,0,0,1008
06/03/2004,SFO,CA,AWP,WE,Combined TRACON& Tower with Radar,698,250,60,4,1012,0,5,3,0,8,698,255,63,4,1020,0,0,0,1020
06/04/2004,SFO,CA,AWP,WE,Combined TRACON& Tower with Radar,691,237,50,7,985,17,0,0,0,17,708,237,50,7,1002,0,0,0,1002
06/05/2004,SFO,CA,AWP,WE,Combined TRACON& Tower with Radar,626,221,47,5,899,10,0,0,0,10,636,221,47,5,909,0,0,0,909
06/06/2004,SFO,CA,AWP,WE,Combined TRACON& Tower with Radar,666,245,58,3,972,0,17,10,0,27,666,262,68,3,999,0,0,0,999
06/07/2004,SFO,CA,AWP,WE,Combined TRACON& Tower with Radar,678,250,60,5,993,0,19,7,0,26,678,269,67,5,1019,0,0,0,1019
06/08/2004,SFO,CA,AWP,WE,Combined TRACON& Tower with Radar,685,246,61,7,999,0,0,29,4,33,685,246,90,11,1032,0,0,0,1032
06/09/2004,SFO,CA,AWP,WE,Combined TRACON& Tower with Radar,690,245,56,5,996,0,5,0,0,5,690,250,56,5,1001,0,0,0,1001
06/10/2004,SFO,CA,AWP,WE,Combined TRACON& Tower with Radar,718,253,60,7,1038,4,0,0,0,4,722,253,60,7,1042,0,0,0,1042
06/11/2004,SFO,CA,AWP,WE,Combined TRACON& Tower with Radar,726,259,54,2,1041,0,16,0,0,16,726,275,54,2,1057,0,0,0,1057
06/12/2004,SFO,CA,AWP,WE,Combined TRACON& Tower with Radar,649,219,49,7,924,17,0,0,1,18,666,219,49,8,942,0,0,0,942
06/13/2004,SFO,CA,AWP,WE,Combined TRACON& Tower with Radar,682,243,32,2,959,9,22,0,0,31,691,265,32,2,990,0,0,0,990
06/14/2004,SFO,CA,AWP,WE,Combined TRACON& Tower with Radar,702,254,56,8,1020,0,5,0,8,13,702,259,56,16,1033,0,0,0,1033
06/15/2004,SFO,CA,AWP,WE,Combined TRACON& Tower with Radar,714,246,60,8,1028,0,0,13,5,18,714,246,73,13,1046,0,0,0,1046
06/16/2004,SFO,CA,AWP,WE,Combined TRACON& Tower with Radar,707,257,60,7,1031,0,5,13,0,18,707,262,73,7,1049,0,0,0,1049
06/17/2004,SFO,CA,AWP,WE,Combined TRACON& Tower with Radar,731,250,62,8,1051,0,0,21,3,24,731,250,83,11,1075,0,0,0,1075
06/18/2004,SFO,CA,AWP,WE,Combined TRACON& Tower with Radar,727,263,62,6,1058,0,1,15,0,16,727,264,77,6,1074,0,0,0,1074
06/19/2004,SFO,CA,AWP,WE,Combined TRACON& Tower with Radar,620,206,35,1,862,36,0,0,0,36,656,206,35,1,898,0,0,0,898
06/20/2004,SFO,CA,AWP,WE,Combined TRACON& Tower with Radar,685,239,51,4,979,13,0,0,0,13,698,239,51,4,992,0,0,0,992
06/21/2004,SFO,CA,AWP,WE,Combined TRACON& Tower with Radar,699,236,59,8,1002,0,0,12,7,19,699,236,71,15,1021,0,0,0,1021
06/22/2004,SFO,CA,AWP,WE,Combined TRACON& Tower with Radar,692,236,52,8,988,11,0,0,4,15,703,236,52,12,1003,0,0,0,1003
06/23/2004,SFO,CA,AWP,WE,Combined TRACON& Tower with Radar,722,254,60,7,1043,2,0,1,0,3,724,254,61,7,1046,0,0,0,1046
06/24/2004,SFO,CA,AWP,WE,Combined TRACON& Tower with Radar,712,248,46,7,1013,12,0,0,6,18,724,248,46,13,1031,0,0,0,1031
06/25/2004,SFO,CA,AWP,WE,Combined TRACON& Tower with Radar,715,254,58,7,1034,1,1,0,0,2,716,255,58,7,1036,0,0,0,1036
06/26/2004,SFO,CA,AWP,WE,Combined TRACON& Tower with Radar,647,226,37,2,912,25,0,0,0,25,672,226,37,2,937,0,0,0,937
06/27/2004,SFO,CA,AWP,WE,Combined TRACON& Tower with Radar,681,238,57,4,980,0,0,15,0,15,681,238,72,4,995,0,0,0,995
06/28/2004,SFO,CA,AWP,WE,Combined TRACON& Tower with Radar,702,257,60,7,1026,0,3,12,5,20,702,260,72,12,1046,0,0,0,1046
06/29/2004,SFO,CA,AWP,WE,Combined TRACON& Tower with Radar,706,249,59,7,1021,0,0,7,5,12,706,249,66,12,1033,0,0,0,1033
06/30/2004,SFO,CA,AWP,WE,Combined TRACON& Tower with Radar,718,252,49,5,1024,17,0,0,0,17,735,252,49,5,1041,0,0,0,1041
07/01/2004,SFO,CA,AWP,WE,Combined TRACON& Tower with Radar,727,254,59,7,1047,0,5,1,6,12,727,259,60,13,1059,0,0,0,1059
07/02/2004,SFO,CA,AWP,WE,Combined TRACON& Tower with Radar,739,257,51,7,1054,0,12,0,6,18,739,269,51,13,1072,0,0,0,1072
07/03/2004,SFO,CA,AWP,WE,Combined TRACON& Tower with Radar,626,212,21,2,861,36,0,0,0,36,662,212,21,2,897,0,0,0,897
07/04/2004,SFO,CA,AWP,WE,Combined TRACON& Tower with Radar,579,193,24,2,798,32,0,0,0,32,611,193,24,2,830,0,0,0,830
07/05/2004,SFO,CA,AWP,WE,Combined TRACON& Tower with Radar,700,244,39,7,990,0,19,0,10,29,700,263,39,17,1019,0,0,0,1019
07/06/2004,SFO,CA,AWP,WE,Combined TRACON& Tower with Radar,699,241,44,4,988,0,18,0,0,18,699,259,44,4,1006,0,0,0,1006
07/07/2004,SFO,CA,AWP,WE,Combined TRACON& Tower with Radar,716,245,51,0,1012,5,9,0,0,14,721,254,51,0,1026,0,0,0,1026
07/08/2004,SFO,CA,AWP,WE,Combined TRACON& Tower with Radar,744,257,61,7,1069,0,0,11,0,11,744,257,72,7,1080,0,0,0,1080
07/09/2004,SFO,CA,AWP,WE,Combined TRACON& Tower with Radar,719,245,57,0,1021,10,0,0,0,10,729,245,57,0,1031,0,0,0,1031
07/10/2004,SFO,CA,AWP,WE,Combined TRACON& Tower with Radar,660,227,28,4,919,17,10,0,0,27,677,237,28,4,946,0,0,0,946
07/11/2004,SFO,CA,AWP,WE,Combined TRACON& Tower with Radar,706,245,54,4,1009,0,12,0,0,12,706,257,54,4,1021,0,0,0,1021
07/12/2004,SFO,CA,AWP,WE,Combined TRACON& Tower with Radar,694,239,41,6,980,1,11,0,3,15,695,250,41,9,995,0,0,0,995
07/13/2004,SFO,CA,AWP,WE,Combined TRACON& Tower with Radar,743,255,51,7,1056,0,0,0,10,10,743,255,51,17,1066,0,0,0,1066
07/14/2004,SFO,CA,AWP,WE,Combined TRACON& Tower with Radar,707,242,58,6,1013,0,0,17,0,17,707,242,75,6,1030,0,0,0,1030
07/15/2004,SFO,CA,AWP,WE,Combined TRACON& Tower with Radar,742,259,61,7,1069,0,5,3,5,13,742,264,64,12,1082,0,0,0,1082
07/16/2004,SFO,CA,AWP,WE,Combined TRACON& Tower with Radar,726,253,57,8,1044,0,13,0,1,14,726,266,57,9,1058,0,0,0,1058
07/17/2004,SFO,CA,AWP,WE,Combined TRACON& Tower with Radar,672,231,36,6,945,16,2,0,0,18,688,233,36,6,963,0,0,0,963
07/18/2004,SFO,CA,AWP,WE,Combined TRACON& Tower with Radar,700,245,54,3,1002,0,24,0,0,24,700,269,54,3,1026,0,0,0,1026
07/19/2004,SFO,CA,AWP,WE,Combined TRACON& Tower with Radar,695,242,54,6,997,0,14,0,0,14,695,256,54,6,1011,0,0,0,1011
07/20/2004,SFO,CA,AWP,WE,Combined TRACON& Tower with Radar,708,242,51,5,1006,6,2,0,0,8,714,244,51,5,1014,0,0,0,1014
07/21/2004,SFO,CA,AWP,WE,Combined TRACON& Tower with Radar,736,253,50,8,1047,0,10,0,1,11,736,263,50,9,1058,0,0,0,1058
07/22/2004,SFO,CA,AWP,WE,Combined TRACON& Tower with Radar,721,247,49,8,1025,3,3,0,2,8,724,250,49,10,1033,0,0,0,1033
07/23/2004,SFO,CA,AWP,WE,Combined TRACON& Tower with Radar,730,251,50,6,1037,0,14,0,0,14,730,265,50,6,1051,0,0,0,1051
07/24/2004,SFO,CA,AWP,WE,Combined TRACON& Tower with Radar,682,233,41,4,960,2,14,0,0,16,684,247,41,4,976,0,0,0,976
07/25/2004,SFO,CA,AWP,WE,Combined TRACON& Tower with Radar,691,236,45,3,975,12,2,0,0,14,703,238,45,3,989,0,0,0,989
07/26/2004,SFO,CA,AWP,WE,Combined TRACON& Tower with Radar,717,245,43,6,1011,6,10,0,0,16,723,255,43,6,1027,0,0,0,1027
07/27/2004,SFO,CA,AWP,WE,Combined TRACON& Tower with Radar,716,247,49,8,1020,0,16,0,0,16,716,263,49,8,1036,0,0,0,1036
07/28/2004,SFO,CA,AWP,WE,Combined TRACON& Tower with Radar,740,249,55,8,1052,5,0,0,2,7,745,249,55,10,1059,0,0,0,1059
07/29/2004,SFO,CA,AWP,WE,Combined TRACON& Tower with Radar,735,262,61,6,1064,0,12,17,0,29,735,274,78,6,1093,0,0,0,1093
07/30/2004,SFO,CA,AWP,WE,Combined TRACON& Tower with Radar,738,251,58,7,1054,1,0,1,1,3,739,251,59,8,1057,0,0,0,1057
07/31/2004,SFO,CA,AWP,WE,Combined TRACON& Tower with Radar,671,231,29,2,933,16,12,0,0,28,687,243,29,2,961,0,0,0,961
08/01/2004,SFO,CA,AWP,WE,Combined TRACON& Tower with Radar,695,239,48,2,984,0,10,13,0,23,695,249,61,2,1007,0,0,0,1007
08/02/2004,SFO,CA,AWP,WE,Combined TRACON& Tower with Radar,705,237,41,7,990,1,1,0,4,6,706,238,41,11,996,0,0,0,996
08/03/2004,SFO,CA,AWP,WE,Combined TRACON& Tower with Radar,708,239,48,6,1001,0,7,1,0,8,708,246,49,6,1009,0,0,0,1009
08/04/2004,SFO,CA,AWP,WE,Combined TRACON& Tower with Radar,709,239,48,3,999,0,2,5,0,7,709,241,53,3,1006,0,0,0,1006
08/05/2004,SFO,CA,AWP,WE,Combined TRACON& Tower with Radar,728,238,49,7,1022,0,0,6,5,11,728,238,55,12,1033,0,0,0,1033
08/06/2004,SFO,CA,AWP,WE,Combined TRACON& Tower with Radar,726,236,48,6,1016,8,0,1,0,9,734,236,49,6,1025,0,0,0,1025
08/07/2004,SFO,CA,AWP,WE,Combined TRACON& Tower with Radar,671,226,32,1,930,18,0,0,0,18,689,226,32,1,948,0,0,0,948
08/08/2004,SFO,CA,AWP,WE,Combined TRACON& Tower with Radar,690,221,46,4,961,13,0,0,0,13,703,221,46,4,974,0,0,0,974
08/09/2004,SFO,CA,AWP,WE,Combined TRACON& Tower with Radar,702,236,44,7,989,0,1,0,5,6,702,237,44,12,995,0,0,0,995
08/10/2004,SFO,CA,AWP,WE,Combined TRACON& Tower with Radar,717,238,48,7,1010,1,0,1,0,2,718,238,49,7,1012,0,0,0,1012
08/11/2004,SFO,CA,AWP,WE,Combined TRACON& Tower with Radar,718,241,48,4,1011,0,0,5,0,5,718,241,53,4,1016,0,0,0,1016
08/12/2004,SFO,CA,AWP,WE,Combined TRACON& Tower with Radar,732,239,43,8,1022,5,0,0,6,11,737,239,43,14,1033,0,0,0,1033
08/13/2004,SFO,CA,AWP,WE,Combined TRACON& Tower with Radar,740,251,49,6,1046,0,7,1,0,8,740,258,50,6,1054,0,0,0,1054
08/14/2004,SFO,CA,AWP,WE,Combined TRACON& Tower with Radar,669,228,41,7,945,0,11,0,1,12,669,239,41,8,957,0,0,0,957
08/15/2004,SFO,CA,AWP,WE,Combined TRACON& Tower with Radar,708,240,47,5,1000,0,9,2,0,11,708,249,49,5,1011,0,0,0,1011
08/16/2004,SFO,CA,AWP,WE,Combined TRACON& Tower with Radar,714,247,48,8,1017,0,5,16,1,22,714,252,64,9,1039,0,0,0,1039
08/17/2004,SFO,CA,AWP,WE,Combined TRACON& Tower with Radar,706,237,46,8,997,0,0,2,0,2,706,237,48,8,999,0,0,0,999
08/18/2004,SFO,CA,AWP,WE,Combined TRACON& Tower with Radar,716,239,40,3,998,9,3,0,0,12,725,242,40,3,1010,0,0,0,1010
08/19/2004,SFO,CA,AWP,WE,Combined TRACON& Tower with Radar,736,250,49,8,1043,0,4,5,4,13,736,254,54,12,1056,0,0,0,1056
08/20/2004,SFO,CA,AWP,WE,Combined TRACON& Tower with Radar,735,242,47,8,1032,0,0,0,4,4,735,242,47,12,1036,0,0,0,1036
08/21/2004,SFO,CA,AWP,WE,Combined TRACON& Tower with Radar,665,222,25,5,917,18,3,0,0,21,683,225,25,5,938,0,0,0,938
08/22/2004,SFO,CA,AWP,WE,Combined TRACON& Tower with Radar,705,230,46,3,984,0,0,10,0,10,705,230,56,3,994,0,0,0,994
08/23/2004,SFO,CA,AWP,WE,Combined TRACON& Tower with Radar,704,231,42,7,984,9,0,0,0,9,713,231,42,7,993,0,0,0,993
08/24/2004,SFO,CA,AWP,WE,Combined TRACON& Tower with Radar,711,244,47,7,1009,0,0,12,3,15,711,244,59,10,1024,0,0,0,1024
08/25/2004,SFO,CA,AWP,WE,Combined TRACON& Tower with Radar,731,237,47,7,1022,3,0,0,6,9,734,237,47,13,1031,0,0,0,1031
08/26/2004,SFO,CA,AWP,WE,Combined TRACON& Tower with Radar,731,249,49,7,1036,0,3,4,5,12,731,252,53,12,1048,0,0,0,1048
08/27/2004,SFO,CA,AWP,WE,Combined TRACON& Tower with Radar,726,231,42,7,1006,18,0,0,0,18,744,231,42,7,1024,0,0,0,1024
08/28/2004,SFO,CA,AWP,WE,Combined TRACON& Tower with Radar,659,222,39,2,922,0,12,0,0,12,659,234,39,2,934,0,0,0,934
08/29/2004,SFO,CA,AWP,WE,Combined TRACON& Tower with Radar,682,221,38,4,945,16,0,0,0,16,698,221,38,4,961,0,0,0,961
08/30/2004,SFO,CA,AWP,WE,Combined TRACON& Tower with Radar,696,233,35,7,971,9,0,0,1,10,705,233,35,8,981,0,0,0,981
08/31/2004,SFO,CA,AWP,WE,Combined TRACON& Tower with Radar,717,237,47,7,1008,0,0,4,1,5,717,237,51,8,1013,0,0,0,1013
09/01/2004,SFO,CA,AWP,WE,Combined TRACON& Tower with Radar,702,240,44,4,990,26,0,0,0,26,728,240,44,4,1016,0,0,0,1016
09/02/2004,SFO,CA,AWP,WE,Combined TRACON& Tower with Radar,713,233,59,7,1012,15,0,0,4,19,728,233,59,11,1031,0,0,0,1031
09/03/2004,SFO,CA,AWP,WE,Combined TRACON& Tower with Radar,715,236,54,6,1011,23,0,0,0,23,738,236,54,6,1034,0,0,0,1034
09/04/2004,SFO,CA,AWP,WE,Combined TRACON& Tower with Radar,616,216,43,6,881,9,0,0,1,10,625,216,43,7,891,0,0,0,891
09/05/2004,SFO,CA,AWP,WE,Combined TRACON& Tower with Radar,577,188,31,4,800,35,0,0,0,35,612,188,31,4,835,0,0,0,835
09/06/2004,SFO,CA,AWP,WE,Combined TRACON& Tower with Radar,670,237,50,3,960,8,1,0,0,9,678,238,50,3,969,0,0,0,969
09/07/2004,SFO,CA,AWP,WE,Combined TRACON& Tower with Radar,673,234,40,7,954,17,0,0,3,20,690,234,40,10,974,0,0,0,974
09/08/2004,SFO,CA,AWP,WE,Combined TRACON& Tower with Radar,664,235,26,7,932,26,2,0,1,29,690,237,26,8,961,0,0,0,961
09/09/2004,SFO,CA,AWP,WE,Combined TRACON& Tower with Radar,689,246,50,7,992,0,7,0,6,13,689,253,50,13,1005,0,0,0,1005
09/10/2004,SFO,CA,AWP,WE,Combined TRACON& Tower with Radar,692,233,57,5,987,9,0,5,0,14,701,233,62,5,1001,0,0,0,1001
09/11/2004,SFO,CA,AWP,WE,Combined TRACON& Tower with Radar,591,209,37,3,840,12,3,0,0,15,603,212,37,3,855,0,0,0,855
09/12/2004,SFO,CA,AWP,WE,Combined TRACON& Tower with Radar,658,224,47,4,933,19,0,0,0,19,677,224,47,4,952,0,0,0,952
09/13/2004,SFO,CA,AWP,WE,Combined TRACON& Tower with Radar,670,237,43,7,957,1,9,0,2,12,671,246,43,9,969,0,0,0,969
09/14/2004,SFO,CA,AWP,WE,Combined TRACON& Tower with Radar,668,236,41,4,949,12,5,0,0,17,680,241,41,4,966,0,0,0,966
09/15/2004,SFO,CA,AWP,WE,Combined TRACON& Tower with Radar,678,232,49,7,966,9,0,0,4,13,687,232,49,11,979,0,0,0,979
09/16/2004,SFO,CA,AWP,WE,Combined TRACON& Tower with Radar,691,239,58,5,993,0,0,10,0,10,691,239,68,5,1003,0,0,0,1003
09/17/2004,SFO,CA,AWP,WE,Combined TRACON& Tower with Radar,695,245,39,7,986,0,19,0,2,21,695,264,39,9,1007,0,0,0,1007
09/18/2004,SFO,CA,AWP,WE,Combined TRACON& Tower with Radar,599,206,45,3,853,12,0,0,0,12,611,206,45,3,865,0,0,0,865
09/19/2004,SFO,CA,AWP,WE,Combined TRACON& Tower with Radar,664,242,57,3,966,0,0,31,0,31,664,242,88,3,997,0,0,0,997
09/20/2004,SFO,CA,AWP,WE,Combined TRACON& Tower with Radar,689,255,60,8,1012,0,3,29,5,37,689,258,89,13,1049,0,0,0,1049
09/21/2004,SFO,CA,AWP,WE,Combined TRACON& Tower with Radar,680,255,59,8,1002,0,6,36,3,45,680,261,95,11,1047,0,0,0,1047
09/22/2004,SFO,CA,AWP,WE,Combined TRACON& Tower with Radar,702,262,61,2,1027,0,16,33,0,49,702,278,94,2,1076,0,0,0,1076
09/23/2004,SFO,CA,AWP,WE,Combined TRACON& Tower with Radar,697,259,60,8,1024,0,8,27,4,39,697,267,87,12,1063,0,0,0,1063
09/24/2004,SFO,CA,AWP,WE,Combined TRACON& Tower with Radar,701,252,59,5,1017,0,0,18,0,18,701,252,77,5,1035,0,0,0,1035
09/25/2004,SFO,CA,AWP,WE,Combined TRACON& Tower with Radar,591,212,46,2,851,0,18,0,0,18,591,230,46,2,869,0,0,0,869
09/26/2004,SFO,CA,AWP,WE,Combined TRACON& Tower with Radar,658,235,54,5,952,0,11,0,0,11,658,246,54,5,963,0,0,0,963
09/27/2004,SFO,CA,AWP,WE,Combined TRACON& Tower with Radar,661,233,53,4,951,3,0,0,0,3,664,233,53,4,954,0,0,0,954
09/28/2004,SFO,CA,AWP,WE,Combined TRACON& Tower with Radar,694,245,45,6,990,2,11,0,0,13,696,256,45,6,1003,0,0,0,1003
09/29/2004,SFO,CA,AWP,WE,Combined TRACON& Tower with Radar,674,234,46,6,960,8,0,0,5,13,682,234,46,11,973,0,0,0,973
09/30/2004,SFO,CA,AWP,WE,Combined TRACON& Tower with Radar,696,233,58,7,994,0,0,21,3,24,696,233,79,10,1018,0,0,0,1018
10/01/2004,SFO,CA,AWP,WE,Combined TRACON& Tower with Radar,0,0,0,0,0,705,263,65,12,1045,705,263,65,12,1045,0,0,0,1045
10/02/2004,SFO,CA,AWP,WE,Combined TRACON& Tower with Radar,0,0,0,0,0,612,217,50,8,887,612,217,50,8,887,0,0,0,887
10/03/2004,SFO,CA,AWP,WE,Combined TRACON& Tower with Radar,0,0,0,0,0,681,234,57,7,979,681,234,57,7,979,0,0,0,979
10/04/2004,SFO,CA,AWP,WE,Combined TRACON& Tower with Radar,0,0,0,0,0,665,217,30,12,924,665,217,30,12,924,0,0,0,924
10/05/2004,SFO,CA,AWP,WE,Combined TRACON& Tower with Radar,0,0,0,0,0,671,214,61,6,952,671,214,61,6,952,0,0,0,952
10/06/2004,SFO,CA,AWP,WE,Combined TRACON& Tower with Radar,0,0,0,0,0,687,262,71,9,1029,687,262,71,9,1029,0,0,0,1029
10/07/2004,SFO,CA,AWP,WE,Combined TRACON& Tower with Radar,0,0,0,0,0,684,248,66,21,1019,684,248,66,21,1019,0,0,0,1019
10/08/2004,SFO,CA,AWP,WE,Combined TRACON& Tower with Radar,0,0,0,0,0,695,269,49,22,1035,695,269,49,22,1035,0,0,0,1035
10/09/2004,SFO,CA,AWP,WE,Combined TRACON& Tower with Radar,0,0,0,0,0,598,221,40,31,890,598,221,40,31,890,0,0,0,890
10/10/2004,SFO,CA,AWP,WE,Combined TRACON& Tower with Radar,0,0,0,0,0,658,247,63,13,981,658,247,63,13,981,0,0,0,981
10/11/2004,SFO,CA,AWP,WE,Combined TRACON& Tower with Radar,0,0,0,0,0,677,243,47,24,991,677,243,47,24,991,0,0,0,991
10/12/2004,SFO,CA,AWP,WE,Combined TRACON& Tower with Radar,0,0,0,0,0,677,243,47,24,991,677,243,47,24,991,0,0,0,991
10/13/2004,SFO,CA,AWP,WE,Combined TRACON& Tower with Radar,0,0,0,0,0,679,253,72,2,1006,679,253,72,2,1006,0,0,0,1006
10/14/2004,SFO,CA,AWP,WE,Combined TRACON& Tower with Radar,0,0,0,0,0,683,264,78,8,1033,683,264,78,8,1033,0,0,0,1033
10/15/2004,SFO,CA,AWP,WE,Combined TRACON& Tower with Radar,0,0,0,0,0,693,243,69,9,1014,693,243,69,9,1014,0,0,0,1014
10/16/2004,SFO,CA,AWP,WE,Combined TRACON& Tower with Radar,0,0,0,0,0,607,214,39,4,864,607,214,39,4,864,0,0,0,864
10/17/2004,SFO,CA,AWP,WE,Combined TRACON& Tower with Radar,0,0,0,0,0,647,229,52,0,928,647,229,52,0,928,0,0,0,928
10/18/2004,SFO,CA,AWP,WE,Combined TRACON& Tower with Radar,0,0,0,0,0,667,237,61,8,973,667,237,61,8,973,0,0,0,973
10/19/2004,SFO,CA,AWP,WE,Combined TRACON& Tower with Radar,0,0,0,0,0,669,221,55,11,956,669,221,55,11,956,0,0,0,956
10/20/2004,SFO,CA,AWP,WE,Combined TRACON& Tower with Radar,0,0,0,0,0,668,250,54,6,978,668,250,54,6,978,0,0,0,978
10/21/2004,SFO,CA,AWP,WE,Combined TRACON& Tower with Radar,0,0,0,0,0,678,248,68,14,1008,678,248,68,14,1008,0,0,0,1008
10/22/2004,SFO,CA,AWP,WE,Combined TRACON& Tower with Radar,0,0,0,0,0,698,258,69,12,1037,698,258,69,12,1037,0,0,0,1037
10/23/2004,SFO,CA,AWP,WE,Combined TRACON& Tower with Radar,0,0,0,0,0,593,214,40,4,851,593,214,40,4,851,0,0,0,851
10/24/2004,SFO,CA,AWP,WE,Combined TRACON& Tower with Radar,0,0,0,0,0,644,235,64,4,947,644,235,64,4,947,0,0,0,947
10/25/2004,SFO,CA,AWP,WE,Combined TRACON& Tower with Radar,0,0,0,0,0,677,229,58,11,975,677,229,58,11,975,0,0,0,975
10/26/2004,SFO,CA,AWP,WE,Combined TRACON& Tower with Radar,0,0,0,0,0,686,278,55,11,1030,686,278,55,11,1030,0,0,0,1030
10/27/2004,SFO,CA,AWP,WE,Combined TRACON& Tower with Radar,0,0,0,0,0,676,256,88,6,1026,676,256,88,6,1026,0,0,0,1026
10/28/2004,SFO,CA,AWP,WE,Combined TRACON& Tower with Radar,0,0,0,0,0,691,249,54,8,1002,691,249,54,8,1002,0,0,0,1002
10/29/2004,SFO,CA,AWP,WE,Combined TRACON& Tower with Radar,0,0,0,0,0,701,241,44,6,992,701,241,44,6,992,0,0,0,992
10/30/2004,SFO,CA,AWP,WE,Combined TRACON& Tower with Radar,0,0,0,0,0,586,205,26,4,821,586,205,26,4,821,0,0,0,821
10/31/2004,SFO,CA,AWP,WE,Combined TRACON& Tower with Radar,0,0,0,0,0,615,201,29,2,847,615,201,29,2,847,0,0,0,847
11/01/2004,SFO,CA,AWP,WE,Towers with Radar,640,227,37,12,916,0,0,0,0,0,640,227,37,12,916,0,0,0,916
11/02/2004,SFO,CA,AWP,WE,Towers with Radar,627,251,43,18,939,0,0,0,0,0,627,251,43,18,939,0,0,0,939
11/03/2004,SFO,CA,AWP,WE,Towers with Radar,638,249,52,11,950,0,0,0,0,0,638,249,52,11,950,0,0,0,950
11/04/2004,SFO,CA,AWP,WE,Towers with Radar,656,230,56,8,950,0,0,0,0,0,656,230,56,8,950,0,0,0,950
11/05/2004,SFO,CA,AWP,WE,Towers with Radar,667,251,55,13,986,0,0,0,0,0,667,251,55,13,986,0,0,0,986
11/06/2004,SFO,CA,AWP,WE,Towers with Radar,584,218,33,3,838,0,0,0,0,0,584,218,33,3,838,0,0,0,838
11/07/2004,SFO,CA,AWP,WE,Towers with Radar,621,246,53,4,924,0,0,0,0,0,621,246,53,4,924,0,0,0,924
11/08/2004,SFO,CA,AWP,WE,Towers with Radar,628,237,37,9,911,0,0,0,0,0,628,237,37,9,911,0,0,0,911
11/09/2004,SFO,CA,AWP,WE,Towers with Radar,657,239,46,14,956,0,1,0,0,1,657,240,46,14,957,0,0,0,957
11/10/2004,SFO,CA,AWP,WE,Towers with Radar,632,245,49,10,936,0,0,0,0,0,632,245,49,10,936,0,0,0,936
11/11/2004,SFO,CA,AWP,WE,Towers with Radar,649,213,44,4,910,0,0,0,0,0,649,213,44,4,910,0,0,0,910
11/12/2004,SFO,CA,AWP,WE,Towers with Radar,676,251,48,8,983,0,0,0,0,0,676,251,48,8,983,0,0,0,983
11/13/2004,SFO,CA,AWP,WE,Towers with Radar,571,196,33,14,814,0,0,0,0,0,571,196,33,14,814,0,0,0,814
11/14/2004,SFO,CA,AWP,WE,Towers with Radar,622,229,50,7,908,0,0,0,0,0,622,229,50,7,908,0,0,0,908
11/15/2004,SFO,CA,AWP,WE,Towers with Radar,628,248,44,7,927,0,0,0,0,0,628,248,44,7,927,0,0,0,927
11/16/2004,SFO,CA,AWP,WE,Towers with Radar,645,232,50,14,941,0,0,0,0,0,645,232,50,14,941,0,0,0,941
11/17/2004,SFO,CA,AWP,WE,Towers with Radar,656,239,67,5,967,0,0,0,0,0,656,239,67,5,967,0,0,0,967
11/18/2004,SFO,CA,AWP,WE,Towers with Radar,665,231,67,6,969,0,0,0,0,0,665,231,67,6,969,0,0,0,969
11/19/2004,SFO,CA,AWP,WE,Towers with Radar,665,259,72,6,1002,0,0,0,0,0,665,259,72,6,1002,0,0,0,1002
11/20/2004,SFO,CA,AWP,WE,Towers with Radar,582,224,23,1,830,0,0,0,0,0,582,224,23,1,830,0,0,0,830
11/21/2004,SFO,CA,AWP,WE,Towers with Radar,614,241,25,2,882,0,0,0,0,0,614,241,25,2,882,0,0,0,882
11/22/2004,SFO,CA,AWP,WE,Towers with Radar,633,274,36,13,956,0,0,0,0,0,633,274,36,13,956,0,0,0,956
11/23/2004,SFO,CA,AWP,WE,Towers with Radar,647,269,42,12,970,0,0,0,0,0,647,269,42,12,970,0,0,0,970
11/24/2004,SFO,CA,AWP,WE,Towers with Radar,635,260,62,4,961,0,0,0,0,0,635,260,62,4,961,0,0,0,961
11/25/2004,SFO,CA,AWP,WE,Towers with Radar,543,187,14,0,744,0,0,0,0,0,543,187,14,0,744,0,0,0,744
11/26/2004,SFO,CA,AWP,WE,Towers with Radar,575,186,21,6,788,0,0,0,0,0,575,186,21,6,788,0,0,0,788
11/27/2004,SFO,CA,AWP,WE,Towers with Radar,628,238,23,4,893,0,0,0,0,0,628,238,23,4,893,0,0,0,893
11/28/2004,SFO,CA,AWP,WE,Towers with Radar,656,251,74,2,983,0,0,0,0,0,656,251,74,2,983,0,0,0,983
11/29/2004,SFO,CA,AWP,WE,Towers with Radar,641,260,38,12,951,0,0,0,0,0,641,260,38,12,951,0,0,0,951
11/30/2004,SFO,CA,AWP,WE,Towers with Radar,656,237,68,9,970,0,0,0,0,0,656,237,68,9,970,0,0,0,970
12/01/2004,SFO,CA,AWP,WE,Towers with Radar,637,261,55,4,957,0,0,0,0,0,637,261,55,4,957,0,0,0,957
12/02/2004,SFO,CA,AWP,WE,Towers with Radar,654,252,52,8,966,0,0,0,0,0,654,252,52,8,966,0,0,0,966
12/03/2004,SFO,CA,AWP,WE,Towers with Radar,653,247,67,8,975,0,0,0,0,0,653,247,67,8,975,0,0,0,975
12/04/2004,SFO,CA,AWP,WE,Towers with Radar,573,227,41,2,843,0,0,0,0,0,573,227,41,2,843,0,0,0,843
12/05/2004,SFO,CA,AWP,WE,Towers with Radar,634,245,53,3,935,0,0,0,0,0,634,245,53,3,935,0,0,0,935
12/06/2004,SFO,CA,AWP,WE,Towers with Radar,627,238,50,9,924,0,0,0,0,0,627,238,50,9,924,0,0,0,924
12/07/2004,SFO,CA,AWP,WE,Towers with Radar,633,261,47,11,952,0,0,0,0,0,633,261,47,11,952,0,0,0,952
12/08/2004,SFO,CA,AWP,WE,Towers with Radar,652,196,57,2,907,0,0,0,0,0,652,196,57,2,907,0,0,0,907
12/09/2004,SFO,CA,AWP,WE,Towers with Radar,650,230,55,7,942,0,0,0,0,0,650,230,55,7,942,0,0,0,942
12/10/2004,SFO,CA,AWP,WE,Towers with Radar,671,168,44,5,888,0,0,0,0,0,671,168,44,5,888,0,0,0,888
12/11/2004,SFO,CA,AWP,WE,Towers with Radar,572,219,30,4,825,0,0,0,0,0,572,219,30,4,825,0,0,0,825
12/12/2004,SFO,CA,AWP,WE,Towers with Radar,622,216,43,2,883,0,0,0,0,0,622,216,43,2,883,0,0,0,883
12/13/2004,SFO,CA,AWP,WE,Towers with Radar,629,249,45,7,930,0,0,0,0,0,629,249,45,7,930,0,0,0,930
12/14/2004,SFO,CA,AWP,WE,Towers with Radar,633,230,43,14,920,0,0,0,0,0,633,230,43,14,920,0,0,0,920
12/15/2004,SFO,CA,AWP,WE,Towers with Radar,639,208,48,1,896,0,0,0,0,0,639,208,48,1,896,0,0,0,896
12/16/2004,SFO,CA,AWP,WE,Towers with Radar,691,233,54,12,990,0,0,0,0,0,691,233,54,12,990,0,0,0,990
12/17/2004,SFO,CA,AWP,WE,Towers with Radar,701,236,45,11,993,0,0,0,0,0,701,236,45,11,993,0,0,0,993
12/18/2004,SFO,CA,AWP,WE,Towers with Radar,625,196,33,3,857,0,0,0,0,0,625,196,33,3,857,0,0,0,857
12/19/2004,SFO,CA,AWP,WE,Towers with Radar,671,214,34,4,923,0,0,0,0,0,671,214,34,4,923,0,0,0,923
12/20/2004,SFO,CA,AWP,WE,Towers with Radar,662,231,28,2,923,0,0,0,0,0,662,231,28,2,923,0,0,0,923
12/21/2004,SFO,CA,AWP,WE,Towers with Radar,687,228,26,6,947,0,0,0,0,0,687,228,26,6,947,0,0,0,947
12/22/2004,SFO,CA,AWP,WE,Towers with Radar,676,247,28,4,955,0,0,0,0,0,676,247,28,4,955,46,1,47,1002
12/23/2004,SFO,CA,AWP,WE,Towers with Radar,689,234,33,2,958,0,0,0,0,0,689,234,33,2,958,0,0,0,958
12/24/2004,SFO,CA,AWP,WE,Towers with Radar,637,190,24,0,851,0,0,0,0,0,637,190,24,0,851,0,0,0,851
12/25/2004,SFO,CA,AWP,WE,Towers with Radar,561,182,10,4,757,0,0,0,0,0,561,182,10,4,757,0,0,0,757
12/26/2004,SFO,CA,AWP,WE,Towers with Radar,615,212,30,4,861,0,0,0,0,0,615,212,30,4,861,0,0,0,861
12/27/2004,SFO,CA,AWP,WE,Towers with Radar,647,217,25,5,894,0,0,0,0,0,647,217,25,5,894,0,0,0,894
12/28/2004,SFO,CA,AWP,WE,Towers with Radar,673,218,23,3,917,0,0,0,0,0,673,218,23,3,917,0,0,0,917
12/29/2004,SFO,CA,AWP,WE,Towers with Radar,652,218,26,9,905,0,0,0,0,0,652,218,26,9,905,0,0,0,905
12/30/2004,SFO,CA,AWP,WE,Towers with Radar,682,205,32,8,927,0,0,0,0,0,682,205,32,8,927,0,0,0,927
12/31/2004,SFO,CA,AWP,WE,Towers with Radar,638,178,10,8,834,0,0,0,10,10,638,178,10,18,844,0,0,0,844
01/01/2005,SFO,CA,AWP,WE,Towers with Radar,598,199,35,6,838,0,0,0,0,0,598,199,35,6,838,0,0,0,838
01/02/2005,SFO,CA,AWP,WE,Towers with Radar,652,208,34,3,897,0,0,0,0,0,652,208,34,3,897,3,0,3,900
01/03/2005,SFO,CA,AWP,WE,Towers with Radar,649,234,31,4,918,0,0,0,0,0,649,234,31,4,918,0,0,0,918
01/04/2005,SFO,CA,AWP,WE,Towers with Radar,652,222,26,8,908,0,0,0,0,0,652,222,26,8,908,0,0,0,908
01/05/2005,SFO,CA,AWP,WE,Towers with Radar,646,233,26,6,911,0,0,0,0,0,646,233,26,6,911,0,0,0,911
01/06/2005,SFO,CA,AWP,WE,Towers with Radar,648,241,34,6,929,0,0,0,0,0,648,241,34,6,929,0,0,0,929
01/07/2005,SFO,CA,AWP,WE,Towers with Radar,654,178,31,2,865,0,0,0,0,0,654,178,31,2,865,0,0,0,865
01/08/2005,SFO,CA,AWP,WE,Towers with Radar,574,157,17,2,750,0,0,0,0,0,574,157,17,2,750,0,0,0,750
01/09/2005,SFO,CA,AWP,WE,Towers with Radar,624,227,59,2,912,0,0,0,0,0,624,227,59,2,912,0,0,0,912
01/10/2005,SFO,CA,AWP,WE,Towers with Radar,636,231,58,13,938,0,0,0,0,0,636,231,58,13,938,0,0,0,938
01/11/2005,SFO,CA,AWP,WE,Towers with Radar,638,251,63,12,964,0,0,0,0,0,638,251,63,12,964,0,0,0,964
01/12/2005,SFO,CA,AWP,WE,Towers with Radar,647,245,54,13,959,0,0,0,0,0,647,245,54,13,959,0,0,0,959
01/13/2005,SFO,CA,AWP,WE,Towers with Radar,654,234,41,6,935,0,0,0,0,0,654,234,41,6,935,0,0,0,935
01/14/2005,SFO,CA,AWP,WE,Towers with Radar,658,252,69,6,985,0,0,0,0,0,658,252,69,6,985,0,0,0,985
01/15/2005,SFO,CA,AWP,WE,Towers with Radar,561,175,38,1,775,0,0,0,0,0,561,175,38,1,775,0,0,0,775
01/16/2005,SFO,CA,AWP,WE,Towers with Radar,602,237,39,6,884,0,0,0,0,0,602,237,39,6,884,0,0,0,884
01/17/2005,SFO,CA,AWP,WE,Towers with Radar,636,241,49,5,931,0,0,0,0,0,636,241,49,5,931,0,0,0,931
01/18/2005,SFO,CA,AWP,WE,Towers with Radar,652,235,63,18,968,0,0,0,0,0,652,235,63,18,968,0,0,0,968
01/19/2005,SFO,CA,AWP,WE,Towers with Radar,636,218,48,11,913,0,0,0,0,0,636,218,48,11,913,0,0,0,913
01/20/2005,SFO,CA,AWP,WE,Towers with Radar,647,232,35,9,923,0,0,0,0,0,647,232,35,9,923,0,0,0,923
01/21/2005,SFO,CA,AWP,WE,Towers with Radar,643,214,45,5,907,0,0,0,0,0,643,214,45,5,907,0,0,0,907
01/22/2005,SFO,CA,AWP,WE,Towers with Radar,528,182,26,3,739,0,0,0,0,0,528,182,26,3,739,0,0,0,739
01/23/2005,SFO,CA,AWP,WE,Towers with Radar,574,232,41,2,849,0,0,0,0,0,574,232,41,2,849,0,0,0,849
01/24/2005,SFO,CA,AWP,WE,Towers with Radar,620,229,52,7,908,0,0,0,0,0,620,229,52,7,908,0,0,0,908
01/25/2005,SFO,CA,AWP,WE,Towers with Radar,651,226,49,8,934,0,0,0,0,0,651,226,49,8,934,0,0,0,934
01/26/2005,SFO,CA,AWP,WE,Towers with Radar,625,243,47,5,920,0,0,0,0,0,625,243,47,5,920,0,0,0,920
01/27/2005,SFO,CA,AWP,WE,Towers with Radar,646,233,66,8,953,0,0,0,0,0,646,233,66,8,953,0,0,0,953
01/28/2005,SFO,CA,AWP,WE,Towers with Radar,660,223,46,8,937,0,0,0,0,0,660,223,46,8,937,0,0,0,937
01/29/2005,SFO,CA,AWP,WE,Towers with Radar,550,193,42,3,788,0,0,0,0,0,550,193,42,3,788,0,0,0,788
01/30/2005,SFO,CA,AWP,WE,Towers with Radar,598,219,42,2,861,0,0,0,0,0,598,219,42,2,861,0,0,0,861
01/31/2005,SFO,CA,AWP,WE,Towers with Radar,624,234,41,11,910,0,0,0,0,0,624,234,41,11,910,0,0,0,910
02/01/2005,SFO,CA,AWP,WE,Towers with Radar,626,253,46,7,932,0,0,0,0,0,626,253,46,7,932,0,0,0,932
02/02/2005,SFO,CA,AWP,WE,Towers with Radar,628,237,48,3,916,0,0,0,0,0,628,237,48,3,916,0,0,0,916
02/03/2005,SFO,CA,AWP,WE,Towers with Radar,647,241,34,14,936,0,0,0,0,0,647,241,34,14,936,0,0,0,936
02/04/2005,SFO,CA,AWP,WE,Towers with Radar,641,249,43,6,939,0,0,0,0,0,641,249,43,6,939,0,0,0,939
02/05/2005,SFO,CA,AWP,WE,Towers with Radar,572,213,23,2,810,0,0,0,0,0,572,213,23,2,810,0,0,0,810
02/06/2005,SFO,CA,AWP,WE,Towers with Radar,603,230,40,4,877,0,0,0,0,0,603,230,40,4,877,0,0,0,877
02/07/2005,SFO,CA,AWP,WE,Towers with Radar,611,232,60,7,910,0,0,0,0,0,611,232,60,7,910,0,0,0,910
02/08/2005,SFO,CA,AWP,WE,Towers with Radar,638,232,49,6,925,0,0,0,0,0,638,232,49,6,925,0,0,0,925
02/09/2005,SFO,CA,AWP,WE,Towers with Radar,630,244,60,2,936,0,0,0,0,0,630,244,60,2,936,0,0,0,936
02/10/2005,SFO,CA,AWP,WE,Towers with Radar,652,243,54,6,955,0,0,0,0,0,652,243,54,6,955,0,0,0,955
02/11/2005,SFO,CA,AWP,WE,Towers with Radar,627,249,54,8,938,0,0,0,0,0,627,249,54,8,938,0,0,0,938
02/12/2005,SFO,CA,AWP,WE,Towers with Radar,557,200,44,5,806,0,0,0,0,0,557,200,44,5,806,0,0,0,806
02/13/2005,SFO,CA,AWP,WE,Towers with Radar,590,245,54,2,891,0,0,0,0,0,590,245,54,2,891,0,0,0,891
02/14/2005,SFO,CA,AWP,WE,Towers with Radar,631,230,52,9,922,0,0,0,0,0,631,230,52,9,922,0,0,0,922
02/15/2005,SFO,CA,AWP,WE,Towers with Radar,621,223,39,4,887,0,0,0,0,0,621,223,39,4,887,0,0,0,887
02/16/2005,SFO,CA,AWP,WE,Towers with Radar,637,268,74,3,982,0,0,0,0,0,637,268,74,3,982,0,0,0,982
02/17/2005,SFO,CA,AWP,WE,Towers with Radar,654,263,72,12,1001,0,0,0,0,0,654,263,72,12,1001,0,0,0,1001
02/18/2005,SFO,CA,AWP,WE,Towers with Radar,657,255,57,8,977,0,0,0,0,0,657,255,57,8,977,0,0,0,977
02/19/2005,SFO,CA,AWP,WE,Towers with Radar,600,255,30,4,889,0,0,0,0,0,600,255,30,4,889,0,0,0,889
02/20/2005,SFO,CA,AWP,WE,Towers with Radar,594,236,19,3,852,0,0,0,0,0,594,236,19,3,852,0,0,0,852
02/21/2005,SFO,CA,AWP,WE,Towers with Radar,634,247,53,5,939,0,0,0,0,0,634,247,53,5,939,0,0,0,939
02/22/2005,SFO,CA,AWP,WE,Towers with Radar,646,273,73,12,1004,0,0,0,0,0,646,273,73,12,1004,0,0,0,1004
02/23/2005,SFO,CA,AWP,WE,Towers with Radar,645,252,63,7,967,0,0,0,0,0,645,252,63,7,967,0,0,0,967
02/24/2005,SFO,CA,AWP,WE,Towers with Radar,645,243,53,10,951,0,0,0,0,0,645,243,53,10,951,0,0,0,951
02/25/2005,SFO,CA,AWP,WE,Towers with Radar,648,240,54,8,950,0,0,0,0,0,648,240,54,8,950,0,0,0,950
02/26/2005,SFO,CA,AWP,WE,Towers with Radar,593,244,39,1,877,0,0,0,0,0,593,244,39,1,877,0,0,0,877
02/27/2005,SFO,CA,AWP,WE,Towers with Radar,610,249,36,3,898,0,0,0,0,0,610,249,36,3,898,0,0,0,898
02/28/2005,SFO,CA,AWP,WE,Towers with Radar,620,230,62,8,920,0,0,0,0,0,620,230,62,8,920,0,0,0,920
03/01/2005,SFO,CA,AWP,WE,Towers with Radar,646,280,53,12,991,0,0,0,0,0,646,280,53,12,991,0,0,0,991
03/02/2005,SFO,CA,AWP,WE,Towers with Radar,636,250,46,6,938,0,0,0,0,0,636,250,46,6,938,0,0,0,938
03/03/2005,SFO,CA,AWP,WE,Towers with Radar,654,242,60,10,966,0,0,0,0,0,654,242,60,10,966,0,0,0,966
03/04/2005,SFO,CA,AWP,WE,Towers with Radar,654,247,23,6,930,0,0,0,0,0,654,247,23,6,930,0,0,0,930
03/05/2005,SFO,CA,AWP,WE,Towers with Radar,595,207,34,7,843,0,0,0,0,0,595,207,34,7,843,68,0,68,911
03/06/2005,SFO,CA,AWP,WE,Towers with Radar,617,231,57,15,920,0,0,0,0,0,617,231,57,15,920,0,0,0,920
03/07/2005,SFO,CA,AWP,WE,Towers with Radar,629,235,44,5,913,0,0,0,0,0,629,235,44,5,913,0,0,0,913
03/08/2005,SFO,CA,AWP,WE,Towers with Radar,650,275,51,6,982,0,0,0,0,0,650,275,51,6,982,0,0,0,982
03/09/2005,SFO,CA,AWP,WE,Towers with Radar,662,276,65,4,1007,0,0,0,0,0,662,276,65,4,1007,23,0,23,1030
03/10/2005,SFO,CA,AWP,WE,Towers with Radar,662,269,53,14,998,0,0,0,0,0,662,269,53,14,998,0,0,0,998
03/11/2005,SFO,CA,AWP,WE,Towers with Radar,667,252,84,13,1016,0,0,0,0,0,667,252,84,13,1016,0,0,0,1016
03/12/2005,SFO,CA,AWP,WE,Towers with Radar,592,210,32,2,836,0,0,0,0,0,592,210,32,2,836,0,0,0,836
03/13/2005,SFO,CA,AWP,WE,Towers with Radar,636,249,51,4,940,0,0,0,0,0,636,249,51,4,940,0,0,0,940
03/14/2005,SFO,CA,AWP,WE,Towers with Radar,657,257,53,9,976,0,0,0,0,0,657,257,53,9,976,0,0,0,976
03/15/2005,SFO,CA,AWP,WE,Towers with Radar,642,247,66,10,965,0,0,0,0,0,642,247,66,10,965,0,0,0,965
03/16/2005,SFO,CA,AWP,WE,Towers with Radar,653,245,87,11,996,0,0,0,0,0,653,245,87,11,996,51,0,51,1047
03/17/2005,SFO,CA,AWP,WE,Towers with Radar,654,258,62,12,986,0,0,0,0,0,654,258,62,12,986,0,0,0,986
03/18/2005,SFO,CA,AWP,WE,Towers with Radar,645,214,46,13,918,0,0,0,0,0,645,214,46,13,918,0,0,0,918
03/19/2005,SFO,CA,AWP,WE,Towers with Radar,625,235,57,5,922,0,0,0,0,0,625,235,57,5,922,0,0,0,922
03/20/2005,SFO,CA,AWP,WE,Towers with Radar,640,246,46,11,943,0,0,0,0,0,640,246,46,11,943,0,0,0,943
03/21/2005,SFO,CA,AWP,WE,Towers with Radar,599,245,57,18,919,0,0,0,0,0,599,245,57,18,919,0,0,0,919
03/22/2005,SFO,CA,AWP,WE,Towers with Radar,658,255,37,16,966,0,0,0,0,0,658,255,37,16,966,0,0,0,966
03/23/2005,SFO,CA,AWP,WE,Towers with Radar,641,248,66,4,959,0,0,0,0,0,641,248,66,4,959,0,0,0,959
03/24/2005,SFO,CA,AWP,WE,Towers with Radar,658,257,75,2,992,0,0,0,0,0,658,257,75,2,992,0,0,0,992
03/25/2005,SFO,CA,AWP,WE,Towers with Radar,653,234,33,11,931,0,0,0,0,0,653,234,33,11,931,0,0,0,931
03/26/2005,SFO,CA,AWP,WE,Towers with Radar,583,219,30,5,837,0,0,0,0,0,583,219,30,5,837,0,0,0,837
03/27/2005,SFO,CA,AWP,WE,Towers with Radar,625,226,42,4,897,0,0,0,0,0,625,226,42,4,897,0,0,0,897
03/28/2005,SFO,CA,AWP,WE,Towers with Radar,637,236,66,11,950,0,0,0,0,0,637,236,66,11,950,0,0,0,950
03/29/2005,SFO,CA,AWP,WE,Towers with Radar,657,246,43,20,966,0,0,0,0,0,657,246,43,20,966,0,0,0,966
03/30/2005,SFO,CA,AWP,WE,Towers with Radar,660,238,74,10,982,0,0,0,1,1,660,238,74,11,983,0,0,0,983
03/31/2005,SFO,CA,AWP,WE,Towers with Radar,662,244,61,13,980,0,0,0,0,0,662,244,61,13,980,0,0,0,980
04/01/2005,SFO,CA,AWP,WE,Towers with Radar,657,255,53,0,965,0,0,0,0,0,657,255,53,0,965,0,0,0,965
04/02/2005,SFO,CA,AWP,WE,Towers with Radar,585,222,57,2,866,0,0,0,0,0,585,222,57,2,866,0,0,0,866
04/03/2005,SFO,CA,AWP,WE,Towers with Radar,629,249,67,6,951,0,0,0,0,0,629,249,67,6,951,0,0,0,951
04/04/2005,SFO,CA,AWP,WE,Towers with Radar,663,262,70,12,1007,0,0,0,0,0,663,262,70,12,1007,0,0,0,1007
04/05/2005,SFO,CA,AWP,WE,Towers with Radar,656,258,74,12,1000,0,0,0,0,0,656,258,74,12,1000,0,0,0,1000
04/06/2005,SFO,CA,AWP,WE,Towers with Radar,657,250,58,18,983,0,0,0,0,0,657,250,58,18,983,0,0,0,983
04/07/2005,SFO,CA,AWP,WE,Towers with Radar,662,258,36,12,968,0,0,0,0,0,662,258,36,12,968,0,0,0,968
04/08/2005,SFO,CA,AWP,WE,Towers with Radar,665,242,36,10,953,0,0,0,0,0,665,242,36,10,953,0,0,0,953
04/09/2005,SFO,CA,AWP,WE,Towers with Radar,573,228,30,8,839,0,0,0,0,0,573,228,30,8,839,0,0,0,839
04/10/2005,SFO,CA,AWP,WE,Towers with Radar,609,235,45,6,895,0,0,0,0,0,609,235,45,6,895,0,0,0,895
04/11/2005,SFO,CA,AWP,WE,Towers with Radar,651,261,62,7,981,0,0,0,0,0,651,261,62,7,981,0,0,0,981
04/12/2005,SFO,CA,AWP,WE,Towers with Radar,652,266,50,12,980,0,0,0,0,0,652,266,50,12,980,0,0,0,980
04/13/2005,SFO,CA,AWP,WE,Towers with Radar,664,247,49,1,961,0,0,0,0,0,664,247,49,1,961,0,0,0,961
04/14/2005,SFO,CA,AWP,WE,Towers with Radar,671,259,62,8,1000,0,0,0,0,0,671,259,62,8,1000,0,0,0,1000
04/15/2005,SFO,CA,AWP,WE,Towers with Radar,671,258,53,0,982,0,0,0,0,0,671,258,53,0,982,0,0,0,982
04/16/2005,SFO,CA,AWP,WE,Towers with Radar,594,213,36,3,846,51,24,26,3,104,645,237,62,6,950,0,0,0,950
04/17/2005,SFO,CA,AWP,WE,Towers with Radar,645,237,62,6,950,0,0,0,0,0,645,237,62,6,950,0,0,0,950
04/18/2005,SFO,CA,AWP,WE,Towers with Radar,639,246,58,14,957,0,0,0,0,0,639,246,58,14,957,0,0,0,957
04/19/2005,SFO,CA,AWP,WE,Towers with Radar,658,260,64,4,986,0,0,0,0,0,658,260,64,4,986,0,0,0,986
04/20/2005,SFO,CA,AWP,WE,Towers with Radar,659,249,58,2,968,0,0,0,0,0,659,249,58,2,968,0,0,0,968
04/21/2005,SFO,CA,AWP,WE,Towers with Radar,670,234,55,18,977,0,0,0,0,0,670,234,55,18,977,0,0,0,977
04/22/2005,SFO,CA,AWP,WE,Towers with Radar,680,233,57,8,978,0,0,0,0,0,680,233,57,8,978,0,0,0,978
04/23/2005,SFO,CA,AWP,WE,Towers with Radar,581,226,38,2,847,0,0,0,0,0,581,226,38,2,847,0,0,0,847
04/24/2005,SFO,CA,AWP,WE,Towers with Radar,645,228,55,9,937,0,0,0,0,0,645,228,55,9,937,0,0,0,937
04/25/2005,SFO,CA,AWP,WE,Towers with Radar,644,242,55,8,949,0,0,0,0,0,644,242,55,8,949,0,0,0,949
04/26/2005,SFO,CA,AWP,WE,Towers with Radar,668,264,44,11,987,0,0,0,0,0,668,264,44,11,987,0,0,0,987
04/27/2005,SFO,CA,AWP,WE,Towers with Radar,662,233,60,8,963,0,0,0,0,0,662,233,60,8,963,0,0,0,963
04/28/2005,SFO,CA,AWP,WE,Towers with Radar,671,241,70,7,989,0,0,0,0,0,671,241,70,7,989,0,0,0,989
04/29/2005,SFO,CA,AWP,WE,Towers with Radar,682,254,64,7,1007,0,0,0,0,0,682,254,64,7,1007,0,0,0,1007
04/30/2005,SFO,CA,AWP,WE,Towers with Radar,575,220,45,5,845,0,0,0,0,0,575,220,45,5,845,0,0,0,845
05/01/2005,SFO,CA,AWP,WE,Towers with Radar,648,230,57,4,939,0,0,0,0,0,648,230,57,4,939,0,0,0,939
05/02/2005,SFO,CA,AWP,WE,Towers with Radar,643,239,61,6,949,0,0,0,0,0,643,239,61,6,949,0,0,0,949
05/03/2005,SFO,CA,AWP,WE,Towers with Radar,654,250,54,7,965,0,0,0,0,0,654,250,54,7,965,0,0,0,965
05/04/2005,SFO,CA,AWP,WE,Towers with Radar,674,266,54,8,1002,0,0,0,0,0,674,266,54,8,1002,0,0,0,1002
05/05/2005,SFO,CA,AWP,WE,Towers with Radar,670,254,54,4,982,0,0,0,0,0,670,254,54,4,982,0,0,0,982
05/06/2005,SFO,CA,AWP,WE,Towers with Radar,679,259,59,10,1007,0,0,0,0,0,679,259,59,10,1007,0,0,0,1007
05/07/2005,SFO,CA,AWP,WE,Towers with Radar,606,234,35,1,876,0,0,0,0,0,606,234,35,1,876,0,0,0,876
05/08/2005,SFO,CA,AWP,WE,Towers with Radar,630,221,34,1,886,0,0,0,0,0,630,221,34,1,886,0,0,0,886
05/09/2005,SFO,CA,AWP,WE,Towers with Radar,663,254,40,12,969,0,0,0,0,0,663,254,40,12,969,0,0,0,969
05/10/2005,SFO,CA,AWP,WE,Towers with Radar,663,261,66,5,995,0,0,0,0,0,663,261,66,5,995,0,0,0,995
05/11/2005,SFO,CA,AWP,WE,Towers with Radar,659,263,61,4,987,0,0,0,0,0,659,263,61,4,987,0,0,0,987
05/12/2005,SFO,CA,AWP,WE,Towers with Radar,670,255,69,11,1005,0,0,0,0,0,670,255,69,11,1005,0,0,0,1005
05/13/2005,SFO,CA,AWP,WE,Towers with Radar,687,236,68,8,999,0,0,0,0,0,687,236,68,8,999,0,0,0,999
05/14/2005,SFO,CA,AWP,WE,Towers with Radar,620,226,44,4,894,0,0,0,0,0,620,226,44,4,894,0,0,0,894
05/15/2005,SFO,CA,AWP,WE,Towers with Radar,657,237,38,2,934,0,0,0,0,0,657,237,38,2,934,0,0,0,934
05/16/2005,SFO,CA,AWP,WE,Towers with Radar,649,277,72,8,1006,0,0,0,0,0,649,277,72,8,1006,0,0,0,1006
05/17/2005,SFO,CA,AWP,WE,Towers with Radar,664,264,63,11,1002,0,0,0,0,0,664,264,63,11,1002,0,0,0,1002
05/18/2005,SFO,CA,AWP,WE,Towers with Radar,657,211,49,3,920,0,0,0,0,0,657,211,49,3,920,0,0,0,920
05/19/2005,SFO,CA,AWP,WE,Towers with Radar,686,279,40,5,1010,0,0,0,0,0,686,279,40,5,1010,0,0,0,1010
05/20/2005,SFO,CA,AWP,WE,Towers with Radar,672,252,62,13,999,0,0,0,0,0,672,252,62,13,999,0,0,0,999
05/21/2005,SFO,CA,AWP,WE,Towers with Radar,611,222,34,10,877,0,0,0,0,0,611,222,34,10,877,0,0,0,877
05/22/2005,SFO,CA,AWP,WE,Towers with Radar,640,262,54,6,962,0,0,0,0,0,640,262,54,6,962,0,0,0,962
05/23/2005,SFO,CA,AWP,WE,Towers with Radar,669,266,41,12,988,0,0,0,0,0,669,266,41,12,988,0,0,0,988
05/24/2005,SFO,CA,AWP,WE,Towers with Radar,675,261,78,12,1026,0,0,0,0,0,675,261,78,12,1026,0,0,0,1026
05/25/2005,SFO,CA,AWP,WE,Towers with Radar,677,269,53,10,1009,0,0,0,0,0,677,269,53,10,1009,0,0,0,1009
05/26/2005,SFO,CA,AWP,WE,Towers with Radar,678,252,61,17,1008,0,0,0,0,0,678,252,61,17,1008,0,0,0,1008
05/27/2005,SFO,CA,AWP,WE,Towers with Radar,701,264,63,9,1037,0,0,0,0,0,701,264,63,9,1037,0,0,0,1037
05/28/2005,SFO,CA,AWP,WE,Towers with Radar,622,204,30,10,866,0,0,0,0,0,622,204,30,10,866,0,0,0,866
05/29/2005,SFO,CA,AWP,WE,Towers with Radar,609,215,31,2,857,0,0,0,0,0,609,215,31,2,857,0,0,0,857
05/30/2005,SFO,CA,AWP,WE,Towers with Radar,671,243,43,3,960,0,0,0,0,0,671,243,43,3,960,0,0,0,960
05/31/2005,SFO,CA,AWP,WE,Towers with Radar,672,247,73,8,1000,0,0,0,0,0,672,247,73,8,1000,0,0,0,1000
06/01/2005,SFO,CA,AWP,WE,Towers with Radar,665,262,68,1,996,0,0,3,6,9,665,262,71,7,1005,0,0,0,1005
06/02/2005,SFO,CA,AWP,WE,Towers with Radar,689,265,58,0,1012,0,0,3,10,13,689,265,61,10,1025,0,0,0,1025
06/03/2005,SFO,CA,AWP,WE,Towers with Radar,688,229,67,0,984,0,0,5,7,12,688,229,72,7,996,0,0,0,996
06/04/2005,SFO,CA,AWP,WE,Towers with Radar,625,215,14,0,854,0,1,15,2,18,625,216,29,2,872,0,0,0,872
06/05/2005,SFO,CA,AWP,WE,Towers with Radar,645,242,32,0,919,0,0,10,2,12,645,242,42,2,931,0,0,0,931
06/06/2005,SFO,CA,AWP,WE,Towers with Radar,667,247,35,2,951,0,0,4,4,8,667,247,39,6,959,0,0,0,959
06/07/2005,SFO,CA,AWP,WE,Towers with Radar,682,270,50,1,1003,0,1,3,10,14,682,271,53,11,1017,0,0,0,1017
06/08/2005,SFO,CA,AWP,WE,Towers with Radar,681,257,44,0,982,0,1,3,7,11,681,258,47,7,993,0,0,0,993
06/09/2005,SFO,CA,AWP,WE,Towers with Radar,718,253,68,1,1040,0,0,7,8,15,718,253,75,9,1055,0,0,0,1055
06/10/2005,SFO,CA,AWP,WE,Towers with Radar,712,255,61,1,1029,0,0,0,11,11,712,255,61,12,1040,0,0,0,1040
06/11/2005,SFO,CA,AWP,WE,Towers with Radar,651,232,36,0,919,0,0,12,1,13,651,232,48,1,932,0,0,0,932
06/12/2005,SFO,CA,AWP,WE,Towers with Radar,672,249,48,1,970,0,0,11,3,14,672,249,59,4,984,0,0,0,984
06/13/2005,SFO,CA,AWP,WE,Towers with Radar,683,260,60,0,1003,0,0,4,6,10,683,260,64,6,1013,0,0,0,1013
06/14/2005,SFO,CA,AWP,WE,Towers with Radar,697,267,46,0,1010,0,0,9,7,16,697,267,55,7,1026,0,0,0,1026
06/15/2005,SFO,CA,AWP,WE,Towers with Radar,699,270,62,0,1031,0,0,16,12,28,699,270,78,12,1059,0,0,0,1059
06/16/2005,SFO,CA,AWP,WE,Towers with Radar,694,255,41,0,990,0,0,1,9,10,694,255,42,9,1000,0,0,0,1000
06/17/2005,SFO,CA,AWP,WE,Towers with Radar,720,266,60,0,1046,0,0,630,8,638,720,266,690,8,1684,0,0,0,1684
06/18/2005,SFO,CA,AWP,WE,Towers with Radar,672,242,27,0,941,0,0,9,4,13,672,242,36,4,954,0,0,0,954
06/19/2005,SFO,CA,AWP,WE,Towers with Radar,692,254,41,0,987,0,0,10,2,12,692,254,51,2,999,0,0,0,999
06/20/2005,SFO,CA,AWP,WE,Towers with Radar,682,286,55,0,1023,0,0,4,8,12,682,286,59,8,1035,0,0,0,1035
06/21/2005,SFO,CA,AWP,WE,Towers with Radar,698,279,38,0,1015,0,0,13,10,23,698,279,51,10,1038,0,0,0,1038
06/22/2005,SFO,CA,AWP,WE,Towers with Radar,701,264,44,1,1010,0,1,11,5,17,701,265,55,6,1027,0,0,0,1027
06/23/2005,SFO,CA,AWP,WE,Towers with Radar,724,257,49,1,1031,0,0,11,10,21,724,257,60,11,1052,0,0,0,1052
06/24/2005,SFO,CA,AWP,WE,Towers with Radar,730,263,44,2,1039,0,1,10,3,14,730,264,54,5,1053,0,0,0,1053
06/25/2005,SFO,CA,AWP,WE,Towers with Radar,667,244,35,1,947,0,0,11,5,16,667,244,46,6,963,0,0,0,963
06/26/2005,SFO,CA,AWP,WE,Towers with Radar,684,258,42,1,985,0,0,2,3,5,684,258,44,4,990,0,0,0,990
06/27/2005,SFO,CA,AWP,WE,Towers with Radar,692,276,57,0,1025,0,0,0,6,6,692,276,57,6,1031,0,0,0,1031
06/28/2005,SFO,CA,AWP,WE,Towers with Radar,678,269,65,2,1014,0,0,4,13,17,678,269,69,15,1031,0,0,0,1031
06/29/2005,SFO,CA,AWP,WE,Towers with Radar,708,305,54,0,1067,0,0,14,7,21,708,305,68,7,1088,0,0,0,1088
06/30/2005,SFO,CA,AWP,WE,Towers with Radar,707,290,67,0,1064,0,0,7,3,10,707,290,74,3,1074,0,0,0,1074
07/01/2005,SFO,CA,AWP,WE,Towers with Radar,716,268,35,0,1019,0,0,8,2,10,716,268,43,2,1029,0,0,0,1029
07/02/2005,SFO,CA,AWP,WE,Towers with Radar,672,265,20,1,958,0,0,13,1,14,672,265,33,2,972,0,0,0,972
07/03/2005,SFO,CA,AWP,WE,Towers with Radar,614,207,18,0,839,0,2,10,13,25,614,209,28,13,864,0,0,0,864
07/04/2005,SFO,CA,AWP,WE,Towers with Radar,666,238,17,0,921,0,2,10,6,18,666,240,27,6,939,0,0,0,939
07/05/2005,SFO,CA,AWP,WE,Towers with Radar,708,270,35,1,1014,0,0,2,12,14,708,270,37,13,1028,0,0,0,1028
07/06/2005,SFO,CA,AWP,WE,Towers with Radar,713,256,43,0,1012,0,3,5,4,12,713,259,48,4,1024,0,0,0,1024
07/07/2005,SFO,CA,AWP,WE,Towers with Radar,739,269,51,0,1059,0,0,8,9,17,739,269,59,9,1076,0,0,0,1076
07/08/2005,SFO,CA,AWP,WE,Towers with Radar,741,262,38,1,1042,0,0,3,6,9,741,262,41,7,1051,0,0,0,1051
07/09/2005,SFO,CA,AWP,WE,Towers with Radar,658,246,30,0,934,0,3,6,2,11,658,249,36,2,945,0,0,0,945
07/10/2005,SFO,CA,AWP,WE,Towers with Radar,701,267,45,0,1013,0,0,10,2,12,701,267,55,2,1025,0,0,0,1025
07/11/2005,SFO,CA,AWP,WE,Towers with Radar,702,239,48,0,989,0,0,3,7,10,702,239,51,7,999,0,0,0,999
07/12/2005,SFO,CA,AWP,WE,Towers with Radar,709,269,58,0,1036,0,0,16,9,25,709,269,74,9,1061,0,0,0,1061
07/13/2005,SFO,CA,AWP,WE,Towers with Radar,696,274,54,0,1024,0,0,4,4,8,696,274,58,4,1032,0,0,0,1032
07/14/2005,SFO,CA,AWP,WE,Towers with Radar,727,279,45,0,1051,0,0,8,6,14,727,279,53,6,1065,0,0,0,1065
07/15/2005,SFO,CA,AWP,WE,Towers with Radar,713,275,50,0,1038,0,1,8,4,13,713,276,58,4,1051,0,0,0,1051
07/16/2005,SFO,CA,AWP,WE,Towers with Radar,659,235,19,0,913,0,0,11,2,13,659,235,30,2,926,0,0,0,926
07/17/2005,SFO,CA,AWP,WE,Towers with Radar,693,258,38,0,989,0,0,8,2,10,693,258,46,2,999,0,0,0,999
07/18/2005,SFO,CA,AWP,WE,Towers with Radar,696,268,38,5,1007,0,1,8,3,12,696,269,46,8,1019,0,0,0,1019
07/19/2005,SFO,CA,AWP,WE,Towers with Radar,708,263,60,0,1031,0,2,10,7,19,708,265,70,7,1050,0,0,0,1050
07/20/2005,SFO,CA,AWP,WE,Towers with Radar,738,263,56,0,1057,0,0,9,5,14,738,263,65,5,1071,0,0,0,1071
07/21/2005,SFO,CA,AWP,WE,Towers with Radar,728,253,54,0,1035,0,0,10,6,16,728,253,64,6,1051,0,0,0,1051
07/22/2005,SFO,CA,AWP,WE,Towers with Radar,731,255,39,0,1025,0,2,10,6,18,731,257,49,6,1043,0,0,0,1043
07/23/2005,SFO,CA,AWP,WE,Towers with Radar,669,256,23,0,948,0,2,10,7,19,669,258,33,7,967,0,0,0,967
07/24/2005,SFO,CA,AWP,WE,Towers with Radar,702,245,44,0,991,0,2,11,3,16,702,247,55,3,1007,0,0,0,1007
07/25/2005,SFO,CA,AWP,WE,Towers with Radar,696,262,46,1,1005,0,2,10,6,18,696,264,56,7,1023,0,0,0,1023
07/26/2005,SFO,CA,AWP,WE,Towers with Radar,700,264,52,0,1016,0,0,7,12,19,700,264,59,12,1035,0,0,0,1035
07/27/2005,SFO,CA,AWP,WE,Towers with Radar,695,263,50,0,1008,0,0,7,8,15,695,263,57,8,1023,0,0,0,1023
07/28/2005,SFO,CA,AWP,WE,Towers with Radar,740,257,50,0,1047,0,0,8,6,14,740,257,58,6,1061,0,0,0,1061
07/29/2005,SFO,CA,AWP,WE,Towers with Radar,718,271,39,0,1028,0,2,10,4,16,718,273,49,4,1044,0,0,0,1044
07/30/2005,SFO,CA,AWP,WE,Towers with Radar,654,234,41,0,929,0,0,17,4,21,654,234,58,4,950,0,0,0,950
07/31/2005,SFO,CA,AWP,WE,Towers with Radar,694,254,50,0,998,0,0,11,4,15,694,254,61,4,1013,0,0,0,1013
08/01/2005,SFO,CA,AWP,WE,Towers with Radar,689,268,35,0,992,0,0,8,6,14,689,268,43,6,1006,0,0,0,1006
08/02/2005,SFO,CA,AWP,WE,Towers with Radar,708,279,46,2,1035,0,0,5,11,16,708,279,51,13,1051,0,0,0,1051
08/03/2005,SFO,CA,AWP,WE,Towers with Radar,718,274,42,0,1034,0,0,18,7,25,718,274,60,7,1059,0,0,0,1059
08/04/2005,SFO,CA,AWP,WE,Towers with Radar,736,264,67,0,1067,0,0,11,5,16,736,264,78,5,1083,0,0,0,1083
08/05/2005,SFO,CA,AWP,WE,Towers with Radar,725,260,62,1,1048,0,5,13,7,25,725,265,75,8,1073,0,0,0,1073
08/06/2005,SFO,CA,AWP,WE,Towers with Radar,671,250,47,0,968,0,3,4,1,8,671,253,51,1,976,0,0,0,976
08/07/2005,SFO,CA,AWP,WE,Towers with Radar,691,243,58,1,993,0,0,10,0,10,691,243,68,1,1003,0,0,0,1003
08/08/2005,SFO,CA,AWP,WE,Towers with Radar,684,245,40,0,969,0,0,4,5,9,684,245,44,5,978,0,0,0,978
08/09/2005,SFO,CA,AWP,WE,Towers with Radar,716,250,50,2,1018,0,3,7,4,14,716,253,57,6,1032,0,0,0,1032
08/10/2005,SFO,CA,AWP,WE,Towers with Radar,700,270,49,2,1021,0,0,7,3,10,700,270,56,5,1031,0,0,0,1031
08/11/2005,SFO,CA,AWP,WE,Towers with Radar,732,281,43,0,1056,0,0,11,9,20,732,281,54,9,1076,0,0,0,1076
08/12/2005,SFO,CA,AWP,WE,Towers with Radar,732,263,61,0,1056,0,0,5,2,7,732,263,66,2,1063,0,0,0,1063
08/13/2005,SFO,CA,AWP,WE,Towers with Radar,657,248,22,0,927,0,0,10,5,15,657,248,32,5,942,0,0,0,942
08/14/2005,SFO,CA,AWP,WE,Towers with Radar,671,262,44,4,981,0,0,17,4,21,671,262,61,8,1002,0,0,0,1002
08/15/2005,SFO,CA,AWP,WE,Towers with Radar,701,263,43,1,1008,0,0,11,10,21,701,263,54,11,1029,0,0,0,1029
08/16/2005,SFO,CA,AWP,WE,Towers with Radar,677,268,48,0,993,0,3,8,6,17,677,271,56,6,1010,0,0,0,1010
08/17/2005,SFO,CA,AWP,WE,Towers with Radar,723,265,43,4,1035,0,0,13,5,18,723,265,56,9,1053,0,0,0,1053
08/18/2005,SFO,CA,AWP,WE,Towers with Radar,703,268,37,0,1008,0,0,13,12,25,703,268,50,12,1033,0,0,0,1033
08/19/2005,SFO,CA,AWP,WE,Towers with Radar,721,250,46,0,1017,0,3,5,12,20,721,253,51,12,1037,0,0,0,1037
08/20/2005,SFO,CA,AWP,WE,Towers with Radar,659,230,34,4,927,0,4,10,2,16,659,234,44,6,943,0,0,0,943
08/21/2005,SFO,CA,AWP,WE,Towers with Radar,685,261,43,1,990,0,0,3,9,12,685,261,46,10,1002,0,0,0,1002
08/22/2005,SFO,CA,AWP,WE,Towers with Radar,684,253,43,2,982,0,0,5,6,11,684,253,48,8,993,0,0,0,993
08/23/2005,SFO,CA,AWP,WE,Towers with Radar,686,248,51,1,986,0,0,9,3,12,686,248,60,4,998,0,0,0,998
08/24/2005,SFO,CA,AWP,WE,Towers with Radar,704,264,44,1,1013,0,2,7,12,21,704,266,51,13,1034,0,0,0,1034
08/25/2005,SFO,CA,AWP,WE,Towers with Radar,712,262,40,0,1014,0,0,11,8,19,712,262,51,8,1033,0,0,0,1033
08/26/2005,SFO,CA,AWP,WE,Towers with Radar,711,264,47,1,1023,0,3,12,5,20,711,267,59,6,1043,0,0,0,1043
08/27/2005,SFO,CA,AWP,WE,Towers with Radar,653,245,29,0,927,0,2,12,4,18,653,247,41,4,945,0,0,0,945
08/28/2005,SFO,CA,AWP,WE,Towers with Radar,681,248,38,0,967,0,0,11,1,12,681,248,49,1,979,0,0,0,979
08/29/2005,SFO,CA,AWP,WE,Towers with Radar,671,272,36,0,979,0,17,8,4,29,671,289,44,4,1008,0,0,0,1008
08/30/2005,SFO,CA,AWP,WE,Towers with Radar,691,265,41,1,998,0,0,7,9,16,691,265,48,10,1014,0,0,0,1014
08/31/2005,SFO,CA,AWP,WE,Towers with Radar,685,276,45,0,1006,0,0,8,7,15,685,276,53,7,1021,0,0,0,1021
09/01/2005,SFO,CA,AWP,WE,Towers with Radar,716,256,32,2,1006,0,0,13,6,19,716,256,45,8,1025,0,0,0,1025
09/02/2005,SFO,CA,AWP,WE,Towers with Radar,703,265,39,1,1008,0,1,5,6,12,703,266,44,7,1020,0,0,0,1020
09/03/2005,SFO,CA,AWP,WE,Towers with Radar,630,239,32,1,902,0,2,8,4,14,630,241,40,5,916,0,0,0,916
09/04/2005,SFO,CA,AWP,WE,Towers with Radar,588,207,31,0,826,0,2,8,4,14,588,209,39,4,840,0,0,0,840
09/05/2005,SFO,CA,AWP,WE,Towers with Radar,672,266,40,2,980,0,2,7,2,11,672,268,47,4,991,0,0,0,991
09/06/2005,SFO,CA,AWP,WE,Towers with Radar,676,252,23,2,953,0,5,9,2,16,676,257,32,4,969,0,0,0,969
09/07/2005,SFO,CA,AWP,WE,Towers with Radar,689,247,50,1,987,0,0,3,8,11,689,247,53,9,998,0,0,0,998
09/08/2005,SFO,CA,AWP,WE,Towers with Radar,686,249,48,0,983,0,1,4,8,13,686,250,52,8,996,0,0,0,996
09/09/2005,SFO,CA,AWP,WE,Towers with Radar,699,260,36,1,996,0,3,8,7,18,699,263,44,8,1014,0,0,0,1014
09/10/2005,SFO,CA,AWP,WE,Towers with Radar,597,205,25,0,827,0,2,5,4,11,597,207,30,4,838,0,0,0,838
09/11/2005,SFO,CA,AWP,WE,Towers with Radar,662,262,50,0,974,0,4,7,6,17,662,266,57,6,991,0,0,0,991
09/12/2005,SFO,CA,AWP,WE,Towers with Radar,667,269,76,0,1012,0,0,6,7,13,667,269,82,7,1025,0,0,0,1025
09/13/2005,SFO,CA,AWP,WE,Towers with Radar,668,269,51,0,988,0,0,9,6,15,668,269,60,6,1003,0,0,0,1003
09/14/2005,SFO,CA,AWP,WE,Towers with Radar,674,274,58,0,1006,0,4,3,4,11,674,278,61,4,1017,0,0,0,1017
09/15/2005,SFO,CA,AWP,WE,Towers with Radar,677,245,62,1,985,0,0,10,3,13,677,245,72,4,998,0,0,0,998
09/16/2005,SFO,CA,AWP,WE,Towers with Radar,698,260,69,0,1027,0,4,12,7,23,698,264,81,7,1050,0,0,0,1050
09/17/2005,SFO,CA,AWP,WE,Towers with Radar,615,215,40,0,870,0,5,10,8,23,615,220,50,8,893,0,0,0,893
09/18/2005,SFO,CA,AWP,WE,Towers with Radar,660,273,72,0,1005,0,0,10,1,11,660,273,82,1,1016,0,0,0,1016
09/19/2005,SFO,CA,AWP,WE,Towers with Radar,663,263,91,0,1017,0,5,13,9,27,663,268,104,9,1044,0,0,0,1044
09/20/2005,SFO,CA,AWP,WE,Towers with Radar,678,265,119,1,1063,0,0,2,9,11,678,265,121,10,1074,0,0,0,1074
09/21/2005,SFO,CA,AWP,WE,Towers with Radar,685,268,91,3,1047,0,3,10,6,19,685,271,101,9,1066,0,0,0,1066
09/22/2005,SFO,CA,AWP,WE,Towers with Radar,677,265,85,2,1029,0,4,1,3,8,677,269,86,5,1037,0,0,0,1037
09/23/2005,SFO,CA,AWP,WE,Towers with Radar,683,269,58,1,1011,0,0,8,6,14,683,269,66,7,1025,0,0,0,1025
09/24/2005,SFO,CA,AWP,WE,Towers with Radar,583,215,24,2,824,0,4,10,7,21,583,219,34,9,845,0,0,0,845
09/25/2005,SFO,CA,AWP,WE,Towers with Radar,660,251,55,1,967,0,0,9,4,13,660,251,64,5,980,33,0,33,1013
09/26/2005,SFO,CA,AWP,WE,Towers with Radar,655,260,57,1,973,0,0,3,4,7,655,260,60,5,980,0,0,0,980
09/27/2005,SFO,CA,AWP,WE,Towers with Radar,686,262,57,1,1006,0,0,4,3,7,686,262,61,4,1013,0,0,0,1013
09/28/2005,SFO,CA,AWP,WE,Towers with Radar,690,275,51,1,1017,0,0,1,4,5,690,275,52,5,1022,0,0,0,1022
09/29/2005,SFO,CA,AWP,WE,Towers with Radar,691,263,74,0,1028,0,0,5,4,9,691,263,79,4,1037,0,0,0,1037
09/30/2005,SFO,CA,AWP,WE,Towers with Radar,725,272,51,2,1050,0,0,5,6,11,725,272,56,8,1061,0,0,0,1061
10/01/2005,SFO,CA,AWP,WE,Towers with Radar,609,217,33,0,859,0,0,5,1,6,609,217,38,1,865,0,0,0,865
10/02/2005,SFO,CA,AWP,WE,Towers with Radar,657,255,43,0,955,0,3,6,3,12,657,258,49,3,967,0,0,0,967
10/03/2005,SFO,CA,AWP,WE,Towers with Radar,674,248,46,1,969,0,3,3,5,11,674,251,49,6,980,0,0,0,980
10/04/2005,SFO,CA,AWP,WE,Towers with Radar,680,249,45,0,974,0,0,7,8,15,680,249,52,8,989,0,0,0,989
10/05/2005,SFO,CA,AWP,WE,Towers with Radar,699,261,61,5,1026,0,0,1,8,9,699,261,62,13,1035,0,0,0,1035
10/06/2005,SFO,CA,AWP,WE,Towers with Radar,690,270,72,7,1039,0,3,10,9,22,690,273,82,16,1061,0,0,0,1061
10/07/2005,SFO,CA,AWP,WE,Towers with Radar,698,266,56,3,1023,0,0,6,5,11,698,266,62,8,1034,0,0,0,1034
10/08/2005,SFO,CA,AWP,WE,Towers with Radar,615,220,32,4,871,0,7,8,15,30,615,227,40,19,901,0,0,0,901
10/09/2005,SFO,CA,AWP,WE,Towers with Radar,660,274,66,0,1000,0,0,11,19,30,660,274,77,19,1030,0,0,0,1030
10/10/2005,SFO,CA,AWP,WE,Towers with Radar,672,266,53,0,991,0,0,5,13,18,672,266,58,13,1009,0,0,0,1009
10/11/2005,SFO,CA,AWP,WE,Towers with Radar,698,243,48,0,989,0,0,2,9,11,698,243,50,9,1000,0,0,0,1000
10/12/2005,SFO,CA,AWP,WE,Towers with Radar,686,266,70,6,1028,0,0,7,4,11,686,266,77,10,1039,0,0,0,1039
10/13/2005,SFO,CA,AWP,WE,Towers with Radar,672,246,45,0,963,0,0,4,11,15,672,246,49,11,978,0,0,0,978
10/14/2005,SFO,CA,AWP,WE,Towers with Radar,715,255,71,0,1041,0,3,8,5,16,715,258,79,5,1057,0,0,0,1057
10/15/2005,SFO,CA,AWP,WE,Towers with Radar,620,206,39,0,865,0,0,9,5,14,620,206,48,5,879,0,0,0,879
10/16/2005,SFO,CA,AWP,WE,Towers with Radar,660,245,48,0,953,0,5,10,4,19,660,250,58,4,972,0,0,0,972
10/17/2005,SFO,CA,AWP,WE,Towers with Radar,673,267,53,3,996,0,0,10,6,16,673,267,63,9,1012,0,0,0,1012
10/18/2005,SFO,CA,AWP,WE,Towers with Radar,670,247,48,1,966,0,0,1,4,5,670,247,49,5,971,0,0,0,971
10/19/2005,SFO,CA,AWP,WE,Towers with Radar,691,251,52,3,997,0,2,5,8,15,691,253,57,11,1012,0,0,0,1012
10/20/2005,SFO,CA,AWP,WE,Towers with Radar,682,259,84,0,1025,0,0,12,6,18,682,259,96,6,1043,0,0,0,1043
10/21/2005,SFO,CA,AWP,WE,Towers with Radar,707,246,54,2,1009,0,0,13,2,15,707,246,67,4,1024,0,0,0,1024
10/22/2005,SFO,CA,AWP,WE,Towers with Radar,604,207,31,0,842,0,0,8,4,12,604,207,39,4,854,0,0,0,854
10/23/2005,SFO,CA,AWP,WE,Towers with Radar,660,256,33,0,949,0,0,12,5,17,660,256,45,5,966,0,0,0,966
10/24/2005,SFO,CA,AWP,WE,Towers with Radar,678,234,43,0,955,0,0,7,4,11,678,234,50,4,966,0,0,0,966
10/25/2005,SFO,CA,AWP,WE,Towers with Radar,670,261,47,5,983,0,0,4,7,11,670,261,51,12,994,0,0,0,994
10/26/2005,SFO,CA,AWP,WE,Towers with Radar,686,252,54,1,993,0,0,3,6,9,686,252,57,7,1002,0,0,0,1002
10/27/2005,SFO,CA,AWP,WE,Towers with Radar,686,265,63,0,1014,0,0,7,7,14,686,265,70,7,1028,0,0,0,1028
10/28/2005,SFO,CA,AWP,WE,Towers with Radar,702,262,40,1,1005,0,0,5,6,11,702,262,45,7,1016,0,0,0,1016
10/29/2005,SFO,CA,AWP,WE,Towers with Radar,616,241,36,0,893,0,0,9,3,12,616,241,45,3,905,0,0,0,905
10/30/2005,SFO,CA,AWP,WE,Towers with Radar,654,260,39,2,955,0,0,7,2,9,654,260,46,4,964,0,0,0,964
10/31/2005,SFO,CA,AWP,WE,Towers with Radar,657,251,52,1,961,0,0,7,6,13,657,251,59,7,974,0,0,0,974
11/01/2005,SFO,CA,AWP,WE,Towers with Radar,659,265,45,1,970,0,0,14,3,17,659,265,59,4,987,0,0,0,987
11/02/2005,SFO,CA,AWP,WE,Towers with Radar,691,251,48,0,990,0,0,8,10,18,691,251,56,10,1008,0,0,0,1008
11/03/2005,SFO,CA,AWP,WE,Towers with Radar,689,272,62,3,1026,0,0,3,5,8,689,272,65,8,1034,0,0,0,1034
11/04/2005,SFO,CA,AWP,WE,Towers with Radar,683,263,50,1,997,0,0,4,6,10,683,263,54,7,1007,0,0,0,1007
11/05/2005,SFO,CA,AWP,WE,Towers with Radar,602,223,31,0,856,0,3,10,4,17,602,226,41,4,873,0,0,0,873
11/06/2005,SFO,CA,AWP,WE,Towers with Radar,649,259,75,1,984,0,0,2,1,3,649,259,77,2,987,0,0,0,987
11/07/2005,SFO,CA,AWP,WE,Towers with Radar,670,217,47,4,938,0,0,3,5,8,670,217,50,9,946,0,0,0,946
11/08/2005,SFO,CA,AWP,WE,Towers with Radar,670,245,39,0,954,0,0,2,9,11,670,245,41,9,965,0,0,0,965
11/09/2005,SFO,CA,AWP,WE,Towers with Radar,693,253,54,1,1001,0,2,4,2,8,693,255,58,3,1009,0,0,0,1009
11/10/2005,SFO,CA,AWP,WE,Towers with Radar,691,257,63,0,1011,0,0,0,10,10,691,257,63,10,1021,0,0,0,1021
11/11/2005,SFO,CA,AWP,WE,Towers with Radar,689,258,59,0,1006,0,0,6,5,11,689,258,65,5,1017,0,0,0,1017
11/12/2005,SFO,CA,AWP,WE,Towers with Radar,600,209,19,0,828,0,0,12,4,16,600,209,31,4,844,0,0,0,844
11/13/2005,SFO,CA,AWP,WE,Towers with Radar,654,260,50,0,964,0,0,5,2,7,654,260,55,2,971,0,0,0,971
11/14/2005,SFO,CA,AWP,WE,Towers with Radar,663,263,58,0,984,0,2,7,10,19,663,265,65,10,1003,0,0,0,1003
11/15/2005,SFO,CA,AWP,WE,Towers with Radar,660,257,76,0,993,0,0,1,12,13,660,257,77,12,1006,0,0,0,1006
11/16/2005,SFO,CA,AWP,WE,Towers with Radar,681,268,68,0,1017,0,8,5,7,20,681,276,73,7,1037,0,0,0,1037
11/17/2005,SFO,CA,AWP,WE,Towers with Radar,680,263,66,2,1011,0,2,8,7,17,680,265,74,9,1028,0,0,0,1028
11/18/2005,SFO,CA,AWP,WE,Towers with Radar,692,278,78,0,1048,0,0,13,10,23,692,278,91,10,1071,0,0,0,1071
11/19/2005,SFO,CA,AWP,WE,Towers with Radar,597,217,24,0,838,0,0,12,3,15,597,217,36,3,853,0,0,0,853
11/20/2005,SFO,CA,AWP,WE,Towers with Radar,661,241,38,0,940,0,0,7,3,10,661,241,45,3,950,0,0,0,950
11/21/2005,SFO,CA,AWP,WE,Towers with Radar,659,233,34,0,926,0,0,7,7,14,659,233,41,7,940,0,0,0,940
11/22/2005,SFO,CA,AWP,WE,Towers with Radar,686,256,43,0,985,0,0,3,11,14,686,256,46,11,999,0,0,0,999
11/23/2005,SFO,CA,AWP,WE,Towers with Radar,686,239,46,1,972,0,0,4,7,11,686,239,50,8,983,0,0,0,983
11/24/2005,SFO,CA,AWP,WE,Towers with Radar,545,167,7,1,720,0,0,1,3,4,545,167,8,4,724,0,0,0,724
11/25/2005,SFO,CA,AWP,WE,Towers with Radar,604,174,26,0,804,0,0,2,1,3,604,174,28,1,807,0,0,0,807
11/26/2005,SFO,CA,AWP,WE,Towers with Radar,647,237,19,0,903,0,0,7,2,9,647,237,26,2,912,0,0,0,912
11/27/2005,SFO,CA,AWP,WE,Towers with Radar,667,240,49,0,956,0,0,3,2,5,667,240,52,2,961,0,0,0,961
11/28/2005,SFO,CA,AWP,WE,Towers with Radar,656,241,53,0,950,0,3,4,0,7,656,244,57,0,957,0,0,0,957
11/29/2005,SFO,CA,AWP,WE,Towers with Radar,688,220,35,0,943,0,2,3,9,14,688,222,38,9,957,0,0,0,957
11/30/2005,SFO,CA,AWP,WE,Towers with Radar,694,216,34,0,944,0,2,3,3,8,694,218,37,3,952,0,0,0,952
12/01/2005,SFO,CA,AWP,WE,Towers with Radar,654,175,31,1,861,0,0,0,0,0,654,175,31,1,861,0,0,0,861
12/02/2005,SFO,CA,AWP,WE,Towers with Radar,702,239,57,1,999,0,1,2,3,6,702,240,59,4,1005,0,0,0,1005
12/03/2005,SFO,CA,AWP,WE,Towers with Radar,597,216,44,2,859,0,2,3,3,8,597,218,47,5,867,0,0,0,867
12/04/2005,SFO,CA,AWP,WE,Towers with Radar,649,248,63,2,962,0,3,9,5,17,649,251,72,7,979,0,0,0,979
12/05/2005,SFO,CA,AWP,WE,Towers with Radar,652,249,63,0,964,0,0,0,4,4,652,249,63,4,968,0,0,0,968
12/06/2005,SFO,CA,AWP,WE,Towers with Radar,673,250,42,0,965,0,2,4,5,11,673,252,46,5,976,0,0,0,976
12/07/2005,SFO,CA,AWP,WE,Towers with Radar,659,250,52,0,961,0,2,6,3,11,659,252,58,3,972,0,0,0,972
12/08/2005,SFO,CA,AWP,WE,Towers with Radar,666,253,54,3,976,0,0,0,5,5,666,253,54,8,981,0,0,0,981
12/09/2005,SFO,CA,AWP,WE,Towers with Radar,659,241,58,1,959,0,0,0,4,4,659,241,58,5,963,0,0,0,963
12/10/2005,SFO,CA,AWP,WE,Towers with Radar,606,198,27,0,831,0,0,4,2,6,606,198,31,2,837,0,0,0,837
12/11/2005,SFO,CA,AWP,WE,Towers with Radar,665,237,50,5,957,0,0,7,2,9,665,237,57,7,966,0,0,0,966
12/12/2005,SFO,CA,AWP,WE,Towers with Radar,684,249,61,0,994,0,0,2,2,4,684,249,63,2,998,0,0,0,998
12/13/2005,SFO,CA,AWP,WE,Towers with Radar,683,234,61,0,978,0,0,4,12,16,683,234,65,12,994,0,0,0,994
12/14/2005,SFO,CA,AWP,WE,Towers with Radar,665,223,59,0,947,0,0,4,1,5,665,223,63,1,952,0,0,0,952
12/15/2005,SFO,CA,AWP,WE,Towers with Radar,695,264,62,0,1021,0,0,5,8,13,695,264,67,8,1034,0,0,0,1034
12/16/2005,SFO,CA,AWP,WE,Towers with Radar,696,266,42,4,1008,0,0,3,3,6,696,266,45,7,1014,0,0,0,1014
12/17/2005,SFO,CA,AWP,WE,Towers with Radar,633,238,25,1,897,0,0,0,0,0,633,238,25,1,897,0,0,0,897
12/18/2005,SFO,CA,AWP,WE,Towers with Radar,636,166,29,1,832,0,0,0,1,1,636,166,29,2,833,0,0,0,833
12/19/2005,SFO,CA,AWP,WE,Towers with Radar,676,246,30,1,953,0,0,3,7,10,676,246,33,8,963,0,0,0,963
12/20/2005,SFO,CA,AWP,WE,Towers with Radar,696,249,22,1,968,0,0,4,5,9,696,249,26,6,977,0,0,0,977
12/21/2005,SFO,CA,AWP,WE,Towers with Radar,679,206,21,1,907,0,0,4,4,8,679,206,25,5,915,0,0,0,915
12/22/2005,SFO,CA,AWP,WE,Towers with Radar,702,213,14,1,930,0,0,2,3,5,702,213,16,4,935,0,0,0,935
12/23/2005,SFO,CA,AWP,WE,Towers with Radar,754,243,13,0,1010,0,0,2,0,2,754,243,15,0,1012,0,0,0,1012
12/24/2005,SFO,CA,AWP,WE,Towers with Radar,587,204,12,0,803,0,2,2,2,6,587,206,14,2,809,0,0,0,809
12/25/2005,SFO,CA,AWP,WE,Towers with Radar,584,205,17,0,806,0,0,0,2,2,584,205,17,2,808,0,0,0,808
12/26/2005,SFO,CA,AWP,WE,Towers with Radar,683,250,29,1,963,0,0,1,2,3,683,250,30,3,966,0,0,0,966
12/27/2005,SFO,CA,AWP,WE,Towers with Radar,643,210,30,0,883,0,8,7,2,17,643,218,37,2,900,0,0,0,900
12/28/2005,SFO,CA,AWP,WE,Towers with Radar,702,237,18,0,957,0,4,5,2,11,702,241,23,2,968,0,0,0,968
12/29/2005,SFO,CA,AWP,WE,Towers with Radar,687,245,32,0,964,0,1,2,2,5,687,246,34,2,969,0,0,0,969
12/30/2005,SFO,CA,AWP,WE,Towers with Radar,654,189,18,0,861,0,0,6,0,6,654,189,24,0,867,0,0,0,867
12/31/2005,SFO,CA,AWP,WE,Towers with Radar,621,220,11,0,852,0,2,12,6,20,621,222,23,6,872,0,0,0,872
01/01/2006,SFO,CA,AWP,WE,Towers with Radar,634,233,33,0,900,0,2,5,0,7,634,235,38,0,907,0,0,0,907
01/02/2006,SFO,CA,AWP,WE,Towers with Radar,655,249,49,1,954,0,0,4,2,6,655,249,53,3,960,0,0,0,960
01/03/2006,SFO,CA,AWP,WE,Towers with Radar,666,258,42,3,969,0,0,3,9,12,666,258,45,12,981,0,0,0,981
01/04/2006,SFO,CA,AWP,WE,Towers with Radar,661,261,49,1,972,0,0,7,7,14,661,261,56,8,986,0,0,0,986
01/05/2006,SFO,CA,AWP,WE,Towers with Radar,675,278,64,2,1019,0,0,3,6,9,675,278,67,8,1028,0,0,0,1028
01/06/2006,SFO,CA,AWP,WE,Towers with Radar,677,272,41,0,990,0,0,3,8,11,677,272,44,8,1001,0,0,0,1001
01/07/2006,SFO,CA,AWP,WE,Towers with Radar,606,248,29,0,883,0,0,6,2,8,606,248,35,2,891,0,0,0,891
01/08/2006,SFO,CA,AWP,WE,Towers with Radar,624,255,45,0,924,0,1,6,4,11,624,256,51,4,935,0,0,0,935
01/09/2006,SFO,CA,AWP,WE,Towers with Radar,623,277,53,0,953,0,0,2,9,11,623,277,55,9,964,0,0,0,964
01/10/2006,SFO,CA,AWP,WE,Towers with Radar,632,265,70,3,970,0,0,4,10,14,632,265,74,13,984,0,0,0,984
01/11/2006,SFO,CA,AWP,WE,Towers with Radar,630,250,58,1,939,0,0,1,14,15,630,250,59,15,954,0,0,0,954
01/12/2006,SFO,CA,AWP,WE,Towers with Radar,642,270,52,0,964,0,0,5,10,15,642,270,57,10,979,0,0,0,979
01/13/2006,SFO,CA,AWP,WE,Towers with Radar,651,277,60,1,989,0,0,1,9,10,651,277,61,10,999,0,0,0,999
01/14/2006,SFO,CA,AWP,WE,Towers with Radar,586,191,15,1,793,0,0,6,4,10,586,191,21,5,803,0,0,0,803
01/15/2006,SFO,CA,AWP,WE,Towers with Radar,610,235,31,1,877,0,0,7,4,11,610,235,38,5,888,0,0,0,888
01/16/2006,SFO,CA,AWP,WE,Towers with Radar,621,262,31,0,914,0,0,3,6,9,621,262,34,6,923,0,0,0,923
01/17/2006,SFO,CA,AWP,WE,Towers with Radar,630,253,45,1,929,0,0,4,5,9,630,253,49,6,938,0,0,0,938
01/18/2006,SFO,CA,AWP,WE,Towers with Radar,631,248,30,0,909,0,1,0,0,1,631,249,30,0,910,0,0,0,910
01/19/2006,SFO,CA,AWP,WE,Towers with Radar,656,260,46,0,962,0,0,3,8,11,656,260,49,8,973,0,0,0,973
01/20/2006,SFO,CA,AWP,WE,Towers with Radar,657,272,42,0,971,0,37,10,3,50,657,309,52,3,1021,0,0,0,1021
01/21/2006,SFO,CA,AWP,WE,Towers with Radar,570,195,20,2,787,0,0,3,5,8,570,195,23,7,795,0,0,0,795
01/22/2006,SFO,CA,AWP,WE,Towers with Radar,618,248,58,0,924,0,0,5,2,7,618,248,63,2,931,0,0,0,931
01/23/2006,SFO,CA,AWP,WE,Towers with Radar,626,261,51,1,939,0,0,4,5,9,626,261,55,6,948,0,0,0,948
01/24/2006,SFO,CA,AWP,WE,Towers with Radar,637,266,53,0,956,0,0,6,4,10,637,266,59,4,966,0,0,0,966
01/25/2006,SFO,CA,AWP,WE,Towers with Radar,636,267,53,0,956,0,2,8,9,19,636,269,61,9,975,0,0,0,975
01/26/2006,SFO,CA,AWP,WE,Towers with Radar,645,265,48,2,960,0,0,6,6,12,645,265,54,8,972,0,0,0,972
01/27/2006,SFO,CA,AWP,WE,Towers with Radar,662,288,65,0,1015,0,0,1,6,7,662,288,66,6,1022,0,0,0,1022
01/28/2006,SFO,CA,AWP,WE,Towers with Radar,590,203,33,0,826,0,1,1,4,6,590,204,34,4,832,0,0,0,832
01/29/2006,SFO,CA,AWP,WE,Towers with Radar,606,245,60,0,911,0,0,10,5,15,606,245,70,5,926,0,0,0,926
01/30/2006,SFO,CA,AWP,WE,Towers with Radar,610,242,40,1,893,0,0,3,4,7,610,242,43,5,900,0,0,0,900
01/31/2006,SFO,CA,AWP,WE,Towers with Radar,637,259,55,1,952,0,0,6,9,15,637,259,61,10,967,0,0,0,967
02/01/2006,SFO,CA,AWP,WE,Towers with Radar,629,245,47,2,923,0,0,2,9,11,629,245,49,11,934,0,0,0,934
02/02/2006,SFO,CA,AWP,WE,Towers with Radar,651,269,49,2,971,0,0,5,7,12,651,269,54,9,983,0,0,0,983
02/03/2006,SFO,CA,AWP,WE,Towers with Radar,667,272,45,0,984,0,1,0,0,1,667,273,45,0,985,0,0,0,985
02/04/2006,SFO,CA,AWP,WE,Towers with Radar,563,210,17,0,790,0,0,6,2,8,563,210,23,2,798,0,0,0,798
02/05/2006,SFO,CA,AWP,WE,Towers with Radar,628,245,38,0,911,0,1,4,7,12,628,246,42,7,923,0,0,0,923
02/06/2006,SFO,CA,AWP,WE,Towers with Radar,632,261,59,3,955,0,0,4,10,14,632,261,63,13,969,0,0,0,969
02/07/2006,SFO,CA,AWP,WE,Towers with Radar,658,288,59,0,1005,0,0,6,11,17,658,288,65,11,1022,0,0,0,1022
02/08/2006,SFO,CA,AWP,WE,Towers with Radar,645,250,42,0,937,0,0,4,4,8,645,250,46,4,945,0,0,0,945
02/09/2006,SFO,CA,AWP,WE,Towers with Radar,652,276,51,0,979,0,0,5,6,11,652,276,56,6,990,0,0,0,990
02/10/2006,SFO,CA,AWP,WE,Towers with Radar,670,275,43,0,988,0,0,4,6,10,670,275,47,6,998,0,0,0,998
02/11/2006,SFO,CA,AWP,WE,Towers with Radar,580,217,19,0,816,0,0,17,6,23,580,217,36,6,839,0,0,0,839
02/12/2006,SFO,CA,AWP,WE,Towers with Radar,589,228,38,0,855,0,0,7,5,12,589,228,45,5,867,0,0,0,867
02/13/2006,SFO,CA,AWP,WE,Towers with Radar,623,256,37,0,916,0,0,5,0,5,623,256,42,0,921,0,0,0,921
02/14/2006,SFO,CA,AWP,WE,Towers with Radar,660,270,44,0,974,0,0,12,6,18,660,270,56,6,992,52,0,52,1044
02/15/2006,SFO,CA,AWP,WE,Towers with Radar,661,259,45,1,966,0,1,3,7,11,661,260,48,8,977,0,0,0,977
02/16/2006,SFO,CA,AWP,WE,Towers with Radar,648,267,69,0,984,0,1,6,8,15,648,268,75,8,999,0,0,0,999
02/17/2006,SFO,CA,AWP,WE,Towers with Radar,670,269,64,0,1003,0,0,4,8,12,670,269,68,8,1015,0,0,0,1015
02/18/2006,SFO,CA,AWP,WE,Towers with Radar,617,217,41,0,875,0,0,7,6,13,617,217,48,6,888,0,0,0,888
02/19/2006,SFO,CA,AWP,WE,Towers with Radar,633,229,33,0,895,0,1,2,3,6,633,230,35,3,901,0,0,0,901
02/20/2006,SFO,CA,AWP,WE,Towers with Radar,637,263,49,1,950,0,0,8,3,11,637,263,57,4,961,0,0,0,961
02/21/2006,SFO,CA,AWP,WE,Towers with Radar,668,258,51,0,977,0,0,11,7,18,668,258,62,7,995,0,0,0,995
02/22/2006,SFO,CA,AWP,WE,Towers with Radar,629,263,70,0,962,0,1,10,8,19,629,264,80,8,981,0,0,0,981
02/23/2006,SFO,CA,AWP,WE,Towers with Radar,680,230,58,0,968,0,0,7,5,12,680,230,65,5,980,0,0,0,980
02/24/2006,SFO,CA,AWP,WE,Towers with Radar,670,248,45,0,963,0,0,6,2,8,670,248,51,2,971,0,0,0,971
02/25/2006,SFO,CA,AWP,WE,Towers with Radar,627,237,45,0,909,0,0,10,5,15,627,237,55,5,924,0,0,0,924
02/26/2006,SFO,CA,AWP,WE,Towers with Radar,633,218,34,0,885,0,1,6,2,9,633,219,40,2,894,0,0,0,894
02/27/2006,SFO,CA,AWP,WE,Towers with Radar,610,197,34,1,842,0,0,1,4,5,610,197,35,5,847,2,0,2,849
02/28/2006,SFO,CA,AWP,WE,Towers with Radar,694,239,41,0,974,0,0,3,9,12,694,239,44,9,986,0,0,0,986
03/01/2006,SFO,CA,AWP,WE,Towers with Radar,659,254,69,0,982,0,0,7,9,16,659,254,76,9,998,0,0,0,998
03/02/2006,SFO,CA,AWP,WE,Towers with Radar,663,264,44,1,972,0,0,4,10,14,663,264,48,11,986,0,0,0,986
03/03/2006,SFO,CA,AWP,WE,Towers with Radar,682,260,55,0,997,0,0,3,4,7,682,260,58,4,1004,0,0,0,1004
03/04/2006,SFO,CA,AWP,WE,Towers with Radar,602,218,24,0,844,0,0,3,5,8,602,218,27,5,852,0,0,0,852
03/05/2006,SFO,CA,AWP,WE,Towers with Radar,619,207,28,1,855,0,0,4,1,5,619,207,32,2,860,0,0,0,860
03/06/2006,SFO,CA,AWP,WE,Towers with Radar,648,271,57,0,976,0,0,9,8,17,648,271,66,8,993,0,0,0,993
03/07/2006,SFO,CA,AWP,WE,Towers with Radar,656,278,60,1,995,0,0,6,6,12,656,278,66,7,1007,0,0,0,1007
03/08/2006,SFO,CA,AWP,WE,Towers with Radar,655,255,62,0,972,0,0,4,3,7,655,255,66,3,979,0,0,0,979
03/09/2006,SFO,CA,AWP,WE,Towers with Radar,664,277,66,0,1007,0,0,4,12,16,664,277,70,12,1023,0,0,0,1023
03/10/2006,SFO,CA,AWP,WE,Towers with Radar,683,246,40,0,969,0,0,4,9,13,683,246,44,9,982,0,0,0,982
03/11/2006,SFO,CA,AWP,WE,Towers with Radar,618,222,22,0,862,0,0,2,5,7,618,222,24,5,869,0,0,0,869
03/12/2006,SFO,CA,AWP,WE,Towers with Radar,633,230,43,2,908,0,0,8,13,21,633,230,51,15,929,0,0,0,929
03/13/2006,SFO,CA,AWP,WE,Towers with Radar,648,235,50,0,933,0,1,2,9,12,648,236,52,9,945,0,0,0,945
03/14/2006,SFO,CA,AWP,WE,Towers with Radar,678,246,33,0,957,0,0,3,13,16,678,246,36,13,973,22,0,22,995
03/15/2006,SFO,CA,AWP,WE,Towers with Radar,656,252,43,0,951,0,0,6,13,19,656,252,49,13,970,0,0,0,970
03/16/2006,SFO,CA,AWP,WE,Towers with Radar,671,233,30,0,934,0,0,5,15,20,671,233,35,15,954,0,0,0,954
03/17/2006,SFO,CA,AWP,WE,Towers with Radar,688,273,48,0,1009,0,0,12,8,20,688,273,60,8,1029,0,0,0,1029
03/18/2006,SFO,CA,AWP,WE,Towers with Radar,611,211,32,1,855,0,1,7,8,16,611,212,39,9,871,0,0,0,871
03/19/2006,SFO,CA,AWP,WE,Towers with Radar,642,242,51,0,935,0,2,4,3,9,642,244,55,3,944,0,0,0,944
03/20/2006,SFO,CA,AWP,WE,Towers with Radar,635,252,19,0,906,0,0,0,11,11,635,252,19,11,917,0,0,0,917
03/21/2006,SFO,CA,AWP,WE,Towers with Radar,667,263,34,0,964,0,0,1,14,15,667,263,35,14,979,0,0,0,979
03/22/2006,SFO,CA,AWP,WE,Towers with Radar,661,272,45,0,978,0,0,4,5,9,661,272,49,5,987,0,0,0,987
03/23/2006,SFO,CA,AWP,WE,Towers with Radar,675,270,57,0,1002,0,0,4,14,18,675,270,61,14,1020,0,0,0,1020
03/24/2006,SFO,CA,AWP,WE,Towers with Radar,658,228,48,1,935,0,0,5,10,15,658,228,53,11,950,0,0,0,950
03/25/2006,SFO,CA,AWP,WE,Towers with Radar,623,238,22,0,883,0,0,8,3,11,623,238,30,3,894,0,0,0,894
03/26/2006,SFO,CA,AWP,WE,Towers with Radar,645,238,53,0,936,0,0,7,2,9,645,238,60,2,945,0,0,0,945
03/27/2006,SFO,CA,AWP,WE,Towers with Radar,635,264,38,2,939,0,0,4,4,8,635,264,42,6,947,0,0,0,947
03/28/2006,SFO,CA,AWP,WE,Towers with Radar,646,219,29,0,894,0,1,2,7,10,646,220,31,7,904,21,0,21,925
03/29/2006,SFO,CA,AWP,WE,Towers with Radar,707,261,49,0,1017,0,0,1,5,6,707,261,50,5,1023,0,0,0,1023
03/30/2006,SFO,CA,AWP,WE,Towers with Radar,658,249,54,0,961,0,1,5,8,14,658,250,59,8,975,0,0,0,975
03/31/2006,SFO,CA,AWP,WE,Towers with Radar,690,244,41,0,975,0,0,6,4,10,690,244,47,4,985,0,0,0,985
04/01/2006,SFO,CA,AWP,WE,Towers with Radar,617,210,35,2,864,0,0,6,2,8,617,210,41,4,872,0,0,0,872
04/02/2006,SFO,CA,AWP,WE,Towers with Radar,628,223,58,0,909,0,0,6,1,7,628,223,64,1,916,0,0,0,916
04/03/2006,SFO,CA,AWP,WE,Towers with Radar,663,232,30,0,925,0,0,5,5,10,663,232,35,5,935,0,0,0,935
04/04/2006,SFO,CA,AWP,WE,Towers with Radar,682,216,37,0,935,0,0,1,4,5,682,216,38,4,940,0,0,0,940
04/05/2006,SFO,CA,AWP,WE,Towers with Radar,695,262,35,0,992,0,0,4,3,7,695,262,39,3,999,0,0,0,999
04/06/2006,SFO,CA,AWP,WE,Towers with Radar,699,267,64,0,1030,0,0,6,10,16,699,267,70,10,1046,0,0,0,1046
04/07/2006,SFO,CA,AWP,WE,Towers with Radar,687,243,66,1,997,0,1,10,3,14,687,244,76,4,1011,0,0,0,1011
04/08/2006,SFO,CA,AWP,WE,Towers with Radar,648,216,40,0,904,0,1,10,9,20,648,217,50,9,924,0,0,0,924
04/09/2006,SFO,CA,AWP,WE,Towers with Radar,662,251,27,0,940,0,0,7,4,11,662,251,34,4,951,0,0,0,951
04/10/2006,SFO,CA,AWP,WE,Towers with Radar,661,252,39,0,952,0,0,3,4,7,661,252,42,4,959,0,0,0,959
04/11/2006,SFO,CA,AWP,WE,Towers with Radar,656,201,30,0,887,0,0,5,4,9,656,201,35,4,896,0,0,0,896
04/12/2006,SFO,CA,AWP,WE,Towers with Radar,686,228,33,1,948,0,0,5,6,11,686,228,38,7,959,0,0,0,959
04/13/2006,SFO,CA,AWP,WE,Towers with Radar,688,256,63,1,1008,0,0,3,8,11,688,256,66,9,1019,0,0,0,1019
04/14/2006,SFO,CA,AWP,WE,Towers with Radar,710,236,28,1,975,0,0,4,5,9,710,236,32,6,984,0,0,0,984
04/15/2006,SFO,CA,AWP,WE,Towers with Radar,643,185,26,0,854,0,0,3,2,5,643,185,29,2,859,0,0,0,859
04/16/2006,SFO,CA,AWP,WE,Towers with Radar,661,221,35,0,917,0,0,5,2,7,661,221,40,2,924,0,0,0,924
04/17/2006,SFO,CA,AWP,WE,Towers with Radar,665,250,54,2,971,0,1,8,5,14,665,251,62,7,985,0,0,0,985
04/18/2006,SFO,CA,AWP,WE,Towers with Radar,683,263,41,0,987,0,0,16,17,33,683,263,57,17,1020,0,0,0,1020
04/19/2006,SFO,CA,AWP,WE,Towers with Radar,675,243,38,0,956,0,0,8,2,10,675,243,46,2,966,0,0,0,966
04/20/2006,SFO,CA,AWP,WE,Towers with Radar,695,261,51,0,1007,0,0,6,10,16,695,261,57,10,1023,47,0,47,1070
04/21/2006,SFO,CA,AWP,WE,Towers with Radar,712,252,42,1,1007,0,1,5,5,11,712,253,47,6,1018,0,0,0,1018
04/22/2006,SFO,CA,AWP,WE,Towers with Radar,637,221,39,0,897,0,3,8,4,15,637,224,47,4,912,0,0,0,912
04/23/2006,SFO,CA,AWP,WE,Towers with Radar,667,255,72,0,994,0,3,11,3,17,667,258,83,3,1011,0,0,0,1011
04/24/2006,SFO,CA,AWP,WE,Towers with Radar,668,241,42,2,953,0,1,4,14,19,668,242,46,16,972,0,0,0,972
04/25/2006,SFO,CA,AWP,WE,Towers with Radar,673,262,44,1,980,0,0,6,10,16,673,262,50,11,996,0,0,0,996
04/26/2006,SFO,CA,AWP,WE,Towers with Radar,681,264,45,0,990,0,0,7,6,13,681,264,52,6,1003,0,0,0,1003
04/27/2006,SFO,CA,AWP,WE,Towers with Radar,704,270,68,1,1043,0,0,8,12,20,704,270,76,13,1063,0,0,0,1063
04/28/2006,SFO,CA,AWP,WE,Towers with Radar,689,258,46,1,994,0,0,5,6,11,689,258,51,7,1005,0,0,0,1005
04/29/2006,SFO,CA,AWP,WE,Towers with Radar,637,213,31,0,881,0,0,8,2,10,637,213,39,2,891,0,0,0,891
04/30/2006,SFO,CA,AWP,WE,Towers with Radar,653,244,42,0,939,0,0,12,3,15,653,244,54,3,954,25,0,25,979
05/01/2006,SFO,CA,AWP,WE,Towers with Radar,662,249,70,0,981,0,0,17,11,28,662,249,87,11,1009,0,0,0,1009
05/02/2006,SFO,CA,AWP,WE,Towers with Radar,680,250,45,1,976,0,0,2,1,3,680,250,47,2,979,0,0,0,979
05/03/2006,SFO,CA,AWP,WE,Towers with Radar,687,237,65,0,989,0,0,6,7,13,687,237,71,7,1002,0,0,0,1002
05/04/2006,SFO,CA,AWP,WE,Towers with Radar,672,254,52,0,978,0,0,3,8,11,672,254,55,8,989,0,0,0,989
05/05/2006,SFO,CA,AWP,WE,Towers with Radar,686,238,44,0,968,0,0,7,11,18,686,238,51,11,986,0,0,0,986
05/06/2006,SFO,CA,AWP,WE,Towers with Radar,629,180,18,0,827,0,0,5,2,7,629,180,23,2,834,0,0,0,834
05/07/2006,SFO,CA,AWP,WE,Towers with Radar,665,242,29,1,937,0,0,8,4,12,665,242,37,5,949,0,0,0,949
05/08/2006,SFO,CA,AWP,WE,Towers with Radar,664,247,54,2,967,0,0,2,15,17,664,247,56,17,984,0,0,0,984
05/09/2006,SFO,CA,AWP,WE,Towers with Radar,664,248,44,0,956,0,0,4,12,16,664,248,48,12,972,0,0,0,972
05/10/2006,SFO,CA,AWP,WE,Towers with Radar,684,252,45,1,982,0,0,6,16,22,684,252,51,17,1004,0,0,0,1004
05/11/2006,SFO,CA,AWP,WE,Towers with Radar,679,261,47,2,989,0,0,8,8,16,679,261,55,10,1005,0,0,0,1005
05/12/2006,SFO,CA,AWP,WE,Towers with Radar,705,250,53,2,1010,0,2,11,7,20,705,252,64,9,1030,0,0,0,1030
05/13/2006,SFO,CA,AWP,WE,Towers with Radar,649,225,37,0,911,0,0,9,7,16,649,225,46,7,927,0,0,0,927
05/14/2006,SFO,CA,AWP,WE,Towers with Radar,666,235,37,1,939,0,1,7,4,12,666,236,44,5,951,0,0,0,951
05/15/2006,SFO,CA,AWP,WE,Towers with Radar,671,240,65,1,977,0,3,4,17,24,671,243,69,18,1001,0,0,0,1001
05/16/2006,SFO,CA,AWP,WE,Towers with Radar,692,246,61,0,999,0,0,12,12,24,692,246,73,12,1023,0,0,0,1023
05/17/2006,SFO,CA,AWP,WE,Towers with Radar,679,274,56,1,1010,0,1,7,8,16,679,275,63,9,1026,0,0,0,1026
05/18/2006,SFO,CA,AWP,WE,Towers with Radar,700,265,64,2,1031,0,1,4,11,16,700,266,68,13,1047,0,0,0,1047
05/19/2006,SFO,CA,AWP,WE,Towers with Radar,700,266,54,3,1023,0,1,6,17,24,700,267,60,20,1047,0,0,0,1047
05/20/2006,SFO,CA,AWP,WE,Towers with Radar,647,202,29,4,882,0,0,6,4,10,647,202,35,8,892,0,0,0,892
05/21/2006,SFO,CA,AWP,WE,Towers with Radar,660,261,44,0,965,0,0,4,6,10,660,261,48,6,975,0,0,0,975
05/22/2006,SFO,CA,AWP,WE,Towers with Radar,662,247,55,4,968,0,0,2,12,14,662,247,57,16,982,0,0,0,982
05/23/2006,SFO,CA,AWP,WE,Towers with Radar,685,244,59,0,988,0,1,3,6,10,685,245,62,6,998,0,0,0,998
05/24/2006,SFO,CA,AWP,WE,Towers with Radar,682,259,53,2,996,0,1,3,14,18,682,260,56,16,1014,0,0,0,1014
05/25/2006,SFO,CA,AWP,WE,Towers with Radar,681,244,44,0,969,0,2,10,8,20,681,246,54,8,989,0,0,0,989
05/26/2006,SFO,CA,AWP,WE,Towers with Radar,706,254,44,0,1004,0,1,4,2,7,706,255,48,2,1011,0,0,0,1011
05/27/2006,SFO,CA,AWP,WE,Towers with Radar,652,185,24,0,861,0,0,13,4,17,652,185,37,4,878,0,0,0,878
05/28/2006,SFO,CA,AWP,WE,Towers with Radar,628,184,11,2,825,0,0,12,4,16,628,184,23,6,841,0,0,0,841
05/29/2006,SFO,CA,AWP,WE,Towers with Radar,658,238,38,3,937,0,1,4,2,7,658,239,42,5,944,0,0,0,944
05/30/2006,SFO,CA,AWP,WE,Towers with Radar,685,235,38,0,958,0,0,6,7,13,685,235,44,7,971,0,0,0,971
05/31/2006,SFO,CA,AWP,WE,Towers with Radar,706,244,41,0,991,0,0,4,11,15,706,244,45,11,1006,0,0,0,1006
06/01/2006,SFO,CA,AWP,WE,Towers with Radar,691,243,47,0,981,0,1,4,7,12,691,244,51,7,993,0,0,0,993
06/02/2006,SFO,CA,AWP,WE,Towers with Radar,698,238,37,0,973,0,0,8,5,13,698,238,45,5,986,0,0,0,986
06/03/2006,SFO,CA,AWP,WE,Towers with Radar,661,200,23,0,884,0,1,5,4,10,661,201,28,4,894,0,0,0,894
06/04/2006,SFO,CA,AWP,WE,Towers with Radar,677,236,44,0,957,0,1,6,5,12,677,237,50,5,969,0,0,0,969
06/05/2006,SFO,CA,AWP,WE,Towers with Radar,690,235,40,1,966,0,0,1,14,15,690,235,41,15,981,0,0,0,981
06/06/2006,SFO,CA,AWP,WE,Towers with Radar,703,244,46,0,993,0,0,6,16,22,703,244,52,16,1015,0,0,0,1015
06/07/2006,SFO,CA,AWP,WE,Towers with Radar,690,255,66,0,1011,0,0,5,6,11,690,255,71,6,1022,44,0,44,1066
06/08/2006,SFO,CA,AWP,WE,Towers with Radar,734,281,52,0,1067,0,0,7,9,16,734,281,59,9,1083,0,0,0,1083
06/09/2006,SFO,CA,AWP,WE,Towers with Radar,726,263,33,1,1023,0,0,5,8,13,726,263,38,9,1036,0,0,0,1036
06/10/2006,SFO,CA,AWP,WE,Towers with Radar,682,228,31,1,942,0,1,4,5,10,682,229,35,6,952,0,0,0,952
06/11/2006,SFO,CA,AWP,WE,Towers with Radar,714,250,29,1,994,0,0,3,7,10,714,250,32,8,1004,0,0,0,1004
06/12/2006,SFO,CA,AWP,WE,Towers with Radar,718,240,45,1,1004,0,3,4,9,16,718,243,49,10,1020,0,0,0,1020
06/13/2006,SFO,CA,AWP,WE,Towers with Radar,733,246,52,2,1033,0,1,3,12,16,733,247,55,14,1049,0,0,0,1049
06/14/2006,SFO,CA,AWP,WE,Towers with Radar,716,280,55,0,1051,0,0,3,9,12,716,280,58,9,1063,0,0,0,1063
06/15/2006,SFO,CA,AWP,WE,Towers with Radar,733,267,44,1,1045,0,0,5,11,16,733,267,49,12,1061,0,0,0,1061
06/16/2006,SFO,CA,AWP,WE,Towers with Radar,733,255,55,0,1043,0,0,6,8,14,733,255,61,8,1057,0,0,0,1057
06/17/2006,SFO,CA,AWP,WE,Towers with Radar,685,219,45,2,951,0,0,10,6,16,685,219,55,8,967,0,0,0,967
06/18/2006,SFO,CA,AWP,WE,Towers with Radar,710,236,45,0,991,0,0,7,8,15,710,236,52,8,1006,0,0,0,1006
06/19/2006,SFO,CA,AWP,WE,Towers with Radar,724,251,51,3,1029,0,2,6,3,11,724,253,57,6,1040,0,0,0,1040
06/20/2006,SFO,CA,AWP,WE,Towers with Radar,735,253,82,0,1070,0,1,7,4,12,735,254,89,4,1082,0,0,0,1082
06/21/2006,SFO,CA,AWP,WE,Towers with Radar,728,272,54,0,1054,0,2,6,3,11,728,274,60,3,1065,0,0,0,1065
06/22/2006,SFO,CA,AWP,WE,Towers with Radar,731,254,72,0,1057,0,2,12,5,19,731,256,84,5,1076,0,0,0,1076
06/23/2006,SFO,CA,AWP,WE,Towers with Radar,728,260,74,1,1063,0,2,10,9,21,728,262,84,10,1084,0,0,0,1084
06/24/2006,SFO,CA,AWP,WE,Towers with Radar,697,200,30,0,927,0,2,13,1,16,697,202,43,1,943,0,0,0,943
06/25/2006,SFO,CA,AWP,WE,Towers with Radar,696,251,44,0,991,0,1,11,2,14,696,252,55,2,1005,0,0,0,1005
06/26/2006,SFO,CA,AWP,WE,Towers with Radar,709,230,67,3,1009,0,1,6,4,11,709,231,73,7,1020,0,0,0,1020
06/27/2006,SFO,CA,AWP,WE,Towers with Radar,723,249,40,0,1012,0,0,10,7,17,723,249,50,7,1029,0,0,0,1029
06/28/2006,SFO,CA,AWP,WE,Towers with Radar,741,244,55,0,1040,0,0,13,8,21,741,244,68,8,1061,0,0,0,1061
06/29/2006,SFO,CA,AWP,WE,Towers with Radar,749,243,41,0,1033,0,0,2,10,12,749,243,43,10,1045,0,0,0,1045
06/30/2006,SFO,CA,AWP,WE,Towers with Radar,753,269,46,0,1068,0,2,10,8,20,753,271,56,8,1088,0,0,0,1088
07/01/2006,SFO,CA,AWP,WE,Towers with Radar,697,217,20,0,934,0,0,9,2,11,697,217,29,2,945,0,0,0,945
07/02/2006,SFO,CA,AWP,WE,Towers with Radar,710,210,26,0,946,0,0,9,2,11,710,210,35,2,957,0,0,0,957
07/03/2006,SFO,CA,AWP,WE,Towers with Radar,690,185,15,0,890,0,0,3,2,5,690,185,18,2,895,0,0,0,895
07/04/2006,SFO,CA,AWP,WE,Towers with Radar,691,190,17,0,898,0,2,10,4,16,691,192,27,4,914,0,0,0,914
07/05/2006,SFO,CA,AWP,WE,Towers with Radar,739,233,35,1,1008,0,6,12,5,23,739,239,47,6,1031,0,0,0,1031
07/06/2006,SFO,CA,AWP,WE,Towers with Radar,757,232,34,0,1023,0,1,4,9,14,757,233,38,9,1037,0,0,0,1037
07/07/2006,SFO,CA,AWP,WE,Towers with Radar,750,250,30,0,1030,0,0,8,4,12,750,250,38,4,1042,0,0,0,1042
07/08/2006,SFO,CA,AWP,WE,Towers with Radar,703,223,18,3,947,0,0,8,4,12,703,223,26,7,959,0,0,0,959
07/09/2006,SFO,CA,AWP,WE,Towers with Radar,720,234,30,2,986,0,0,6,3,9,720,234,36,5,995,0,0,0,995
07/10/2006,SFO,CA,AWP,WE,Towers with Radar,733,242,45,1,1021,0,0,6,5,11,733,242,51,6,1032,0,0,0,1032
07/11/2006,SFO,CA,AWP,WE,Towers with Radar,723,250,46,5,1024,0,0,3,9,12,723,250,49,14,1036,0,0,0,1036
07/12/2006,SFO,CA,AWP,WE,Towers with Radar,762,239,48,1,1050,0,0,4,7,11,762,239,52,8,1061,0,0,0,1061
07/13/2006,SFO,CA,AWP,WE,Towers with Radar,748,271,42,3,1064,0,0,6,4,10,748,271,48,7,1074,0,0,0,1074
07/14/2006,SFO,CA,AWP,WE,Towers with Radar,741,244,38,0,1023,0,1,8,4,13,741,245,46,4,1036,0,0,0,1036
07/15/2006,SFO,CA,AWP,WE,Towers with Radar,704,218,26,1,949,0,0,6,4,10,704,218,32,5,959,0,0,0,959
07/16/2006,SFO,CA,AWP,WE,Towers with Radar,735,261,51,2,1049,0,0,8,1,9,735,261,59,3,1058,0,0,0,1058
07/17/2006,SFO,CA,AWP,WE,Towers with Radar,729,263,34,1,1027,0,0,10,7,17,729,263,44,8,1044,0,0,0,1044
07/18/2006,SFO,CA,AWP,WE,Towers with Radar,698,266,42,2,1008,0,1,3,9,13,698,267,45,11,1021,0,0,0,1021
07/19/2006,SFO,CA,AWP,WE,Towers with Radar,761,260,44,0,1065,0,1,1,7,9,761,261,45,7,1074,0,0,0,1074
07/20/2006,SFO,CA,AWP,WE,Towers with Radar,723,274,66,0,1063,0,1,10,7,18,723,275,76,7,1081,0,0,0,1081
07/21/2006,SFO,CA,AWP,WE,Towers with Radar,747,255,53,0,1055,0,4,5,4,13,747,259,58,4,1068,0,0,0,1068
07/22/2006,SFO,CA,AWP,WE,Towers with Radar,711,223,37,0,971,0,0,4,3,7,711,223,41,3,978,0,0,0,978
07/23/2006,SFO,CA,AWP,WE,Towers with Radar,720,252,29,0,1001,0,0,21,2,23,720,252,50,2,1024,0,0,0,1024
07/24/2006,SFO,CA,AWP,WE,Towers with Radar,709,235,41,0,985,0,0,7,3,10,709,235,48,3,995,0,0,0,995
07/25/2006,SFO,CA,AWP,WE,Towers with Radar,720,244,39,1,1004,0,1,7,12,20,720,245,46,13,1024,0,0,0,1024
07/26/2006,SFO,CA,AWP,WE,Towers with Radar,747,282,46,0,1075,0,1,5,4,10,747,283,51,4,1085,0,0,0,1085
07/27/2006,SFO,CA,AWP,WE,Towers with Radar,732,262,55,0,1049,0,2,4,6,12,732,264,59,6,1061,0,0,0,1061
07/28/2006,SFO,CA,AWP,WE,Towers with Radar,742,261,30,0,1033,0,0,6,7,13,742,261,36,7,1046,0,0,0,1046
07/29/2006,SFO,CA,AWP,WE,Towers with Radar,703,225,33,0,961,0,1,8,4,13,703,226,41,4,974,0,0,0,974
07/30/2006,SFO,CA,AWP,WE,Towers with Radar,704,241,35,2,982,0,0,11,7,18,704,241,46,9,1000,0,0,0,1000
07/31/2006,SFO,CA,AWP,WE,Towers with Radar,725,251,41,4,1021,0,3,8,13,24,725,254,49,17,1045,0,0,0,1045
08/01/2006,SFO,CA,AWP,WE,Towers with Radar,743,241,34,0,1018,0,2,11,13,26,743,243,45,13,1044,0,0,0,1044
08/02/2006,SFO,CA,AWP,WE,Towers with Radar,767,253,62,2,1084,0,0,11,10,21,767,253,73,12,1105,0,0,0,1105
08/03/2006,SFO,CA,AWP,WE,Towers with Radar,751,256,53,1,1061,0,0,8,15,23,751,256,61,16,1084,0,0,0,1084
08/04/2006,SFO,CA,AWP,WE,Towers with Radar,770,253,49,0,1072,0,0,5,2,7,770,253,54,2,1079,0,0,0,1079
08/05/2006,SFO,CA,AWP,WE,Towers with Radar,702,221,23,1,947,0,0,7,4,11,702,221,30,5,958,0,0,0,958
08/06/2006,SFO,CA,AWP,WE,Towers with Radar,743,248,40,1,1032,0,0,11,4,15,743,248,51,5,1047,0,0,0,1047
08/07/2006,SFO,CA,AWP,WE,Towers with Radar,735,231,34,2,1002,0,0,19,5,24,735,231,53,7,1026,0,0,0,1026
08/08/2006,SFO,CA,AWP,WE,Towers with Radar,750,251,38,2,1041,0,0,7,9,16,750,251,45,11,1057,0,0,0,1057
08/09/2006,SFO,CA,AWP,WE,Towers with Radar,747,254,47,0,1048,0,2,9,15,26,747,256,56,15,1074,0,0,0,1074
08/10/2006,SFO,CA,AWP,WE,Towers with Radar,734,275,59,0,1068,0,1,3,7,11,734,276,62,7,1079,0,0,0,1079
08/11/2006,SFO,CA,AWP,WE,Towers with Radar,779,244,35,0,1058,0,0,12,1,13,779,244,47,1,1071,0,0,0,1071
08/12/2006,SFO,CA,AWP,WE,Towers with Radar,698,240,31,0,969,0,0,12,3,15,698,240,43,3,984,0,0,0,984
08/13/2006,SFO,CA,AWP,WE,Towers with Radar,745,254,43,0,1042,0,0,14,1,15,745,254,57,1,1057,0,0,0,1057
08/14/2006,SFO,CA,AWP,WE,Towers with Radar,740,242,41,1,1024,0,0,10,6,16,740,242,51,7,1040,0,0,0,1040
08/15/2006,SFO,CA,AWP,WE,Towers with Radar,757,252,45,0,1054,0,1,14,5,20,757,253,59,5,1074,0,0,0,1074
08/16/2006,SFO,CA,AWP,WE,Towers with Radar,757,273,70,0,1100,0,1,9,5,15,757,274,79,5,1115,0,0,0,1115
08/17/2006,SFO,CA,AWP,WE,Towers with Radar,758,253,39,1,1051,0,0,0,12,12,758,253,39,13,1063,0,0,0,1063
08/18/2006,SFO,CA,AWP,WE,Towers with Radar,749,272,42,2,1065,0,0,10,7,17,749,272,52,9,1082,0,0,0,1082
08/19/2006,SFO,CA,AWP,WE,Towers with Radar,709,226,19,3,957,0,2,10,5,17,709,228,29,8,974,0,0,0,974
08/20/2006,SFO,CA,AWP,WE,Towers with Radar,734,251,37,0,1022,0,0,2,5,7,734,251,39,5,1029,0,0,0,1029
08/21/2006,SFO,CA,AWP,WE,Towers with Radar,754,234,42,2,1032,0,1,4,5,10,754,235,46,7,1042,0,0,0,1042
08/22/2006,SFO,CA,AWP,WE,Towers with Radar,728,265,45,0,1038,0,0,9,8,17,728,265,54,8,1055,0,0,0,1055
08/23/2006,SFO,CA,AWP,WE,Towers with Radar,739,262,40,0,1041,0,1,12,8,21,739,263,52,8,1062,0,0,0,1062
08/24/2006,SFO,CA,AWP,WE,Towers with Radar,714,265,29,0,1008,0,1,13,4,18,714,266,42,4,1026,0,0,0,1026
08/25/2006,SFO,CA,AWP,WE,Towers with Radar,764,250,43,0,1057,0,4,8,8,20,764,254,51,8,1077,0,0,0,1077
08/26/2006,SFO,CA,AWP,WE,Towers with Radar,707,210,27,0,944,0,1,12,2,15,707,211,39,2,959,0,0,0,959
08/27/2006,SFO,CA,AWP,WE,Towers with Radar,718,257,42,0,1017,0,1,13,2,16,718,258,55,2,1033,0,0,0,1033
08/28/2006,SFO,CA,AWP,WE,Towers with Radar,738,252,40,1,1031,0,1,7,5,13,738,253,47,6,1044,0,0,0,1044
08/29/2006,SFO,CA,AWP,WE,Towers with Radar,731,247,33,1,1012,0,0,12,9,21,731,247,45,10,1033,0,0,0,1033
08/30/2006,SFO,CA,AWP,WE,Towers with Radar,728,255,37,2,1022,0,1,10,5,16,728,256,47,7,1038,0,0,0,1038
08/31/2006,SFO,CA,AWP,WE,Towers with Radar,750,260,54,0,1064,0,1,5,10,16,750,261,59,10,1080,0,0,0,1080
09/01/2006,SFO,CA,AWP,WE,Towers with Radar,741,264,37,4,1046,0,1,14,3,18,741,265,51,7,1064,0,0,0,1064
09/02/2006,SFO,CA,AWP,WE,Towers with Radar,685,198,26,0,909,0,0,8,3,11,685,198,34,3,920,0,0,0,920
09/03/2006,SFO,CA,AWP,WE,Towers with Radar,649,177,28,3,857,0,0,7,1,8,649,177,35,4,865,0,0,0,865
09/04/2006,SFO,CA,AWP,WE,Towers with Radar,709,249,41,5,1004,0,1,15,2,18,709,250,56,7,1022,0,0,0,1022
09/05/2006,SFO,CA,AWP,WE,Towers with Radar,706,267,51,0,1024,0,0,8,12,20,706,267,59,12,1044,0,0,0,1044
09/06/2006,SFO,CA,AWP,WE,Towers with Radar,713,270,57,5,1045,0,0,10,2,12,713,270,67,7,1057,0,0,0,1057
09/07/2006,SFO,CA,AWP,WE,Towers with Radar,714,255,65,1,1035,0,0,3,5,8,714,255,68,6,1043,0,0,0,1043
09/08/2006,SFO,CA,AWP,WE,Towers with Radar,708,256,45,0,1009,0,0,7,1,8,708,256,52,1,1017,0,0,0,1017
09/09/2006,SFO,CA,AWP,WE,Towers with Radar,641,198,17,3,859,0,0,9,5,14,641,198,26,8,873,0,0,0,873
09/10/2006,SFO,CA,AWP,WE,Towers with Radar,663,259,40,2,964,0,0,9,1,10,663,259,49,3,974,0,0,0,974
09/11/2006,SFO,CA,AWP,WE,Towers with Radar,684,224,33,0,941,0,0,1,2,3,684,224,34,2,944,0,0,0,944
09/12/2006,SFO,CA,AWP,WE,Towers with Radar,685,286,48,0,1019,0,0,16,3,19,685,286,64,3,1038,0,0,0,1038
09/13/2006,SFO,CA,AWP,WE,Towers with Radar,708,269,50,4,1031,0,0,10,10,20,708,269,60,14,1051,0,0,0,1051
09/14/2006,SFO,CA,AWP,WE,Towers with Radar,712,243,52,0,1007,0,1,4,8,13,712,244,56,8,1020,0,0,0,1020
09/15/2006,SFO,CA,AWP,WE,Towers with Radar,681,259,43,2,985,0,1,7,6,14,681,260,50,8,999,0,0,0,999
09/16/2006,SFO,CA,AWP,WE,Towers with Radar,637,229,26,0,892,0,1,6,4,11,637,230,32,4,903,0,0,0,903
09/17/2006,SFO,CA,AWP,WE,Towers with Radar,673,268,76,1,1018,0,0,7,4,11,673,268,83,5,1029,0,0,0,1029
09/18/2006,SFO,CA,AWP,WE,Towers with Radar,674,278,70,0,1022,0,1,9,4,14,674,279,79,4,1036,0,0,0,1036
09/19/2006,SFO,CA,AWP,WE,Towers with Radar,693,277,75,1,1046,0,0,4,7,11,693,277,79,8,1057,0,0,0,1057
09/20/2006,SFO,CA,AWP,WE,Towers with Radar,677,279,64,0,1020,0,0,7,22,29,677,279,71,22,1049,0,0,0,1049
09/21/2006,SFO,CA,AWP,WE,Towers with Radar,703,282,54,0,1039,0,0,8,16,24,703,282,62,16,1063,0,0,0,1063
09/22/2006,SFO,CA,AWP,WE,Towers with Radar,682,271,35,1,989,0,1,8,7,16,682,272,43,8,1005,0,0,0,1005
09/23/2006,SFO,CA,AWP,WE,Towers with Radar,631,212,31,0,874,0,0,7,2,9,631,212,38,2,883,0,0,0,883
09/24/2006,SFO,CA,AWP,WE,Towers with Radar,650,259,56,1,966,0,1,6,2,9,650,260,62,3,975,0,0,0,975
09/25/2006,SFO,CA,AWP,WE,Towers with Radar,664,266,36,0,966,0,1,15,8,24,664,267,51,8,990,0,0,0,990
09/26/2006,SFO,CA,AWP,WE,Towers with Radar,686,263,55,0,1004,0,0,5,8,13,686,263,60,8,1017,0,0,0,1017
09/27/2006,SFO,CA,AWP,WE,Towers with Radar,677,256,59,3,995,0,0,5,13,18,677,256,64,16,1013,0,0,0,1013
09/28/2006,SFO,CA,AWP,WE,Towers with Radar,716,251,65,0,1032,0,0,3,6,9,716,251,68,6,1041,0,0,0,1041
09/29/2006,SFO,CA,AWP,WE,Towers with Radar,701,250,47,2,1000,0,1,6,5,12,701,251,53,7,1012,0,0,0,1012
09/30/2006,SFO,CA,AWP,WE,Towers with Radar,635,218,24,0,877,0,0,11,3,14,635,218,35,3,891,0,0,0,891
10/01/2006,SFO,CA,AWP,WE,Towers with Radar,663,261,39,0,963,0,0,10,2,12,663,261,49,2,975,0,0,0,975
10/02/2006,SFO,CA,AWP,WE,Towers with Radar,675,256,41,2,974,0,0,10,8,18,675,256,51,10,992,0,0,0,992
10/03/2006,SFO,CA,AWP,WE,Towers with Radar,687,274,53,6,1020,0,0,2,11,13,687,274,55,17,1033,0,0,0,1033
10/04/2006,SFO,CA,AWP,WE,Towers with Radar,672,263,45,16,996,0,1,4,13,18,672,264,49,29,1014,0,0,0,1014
10/05/2006,SFO,CA,AWP,WE,Towers with Radar,695,289,74,14,1072,0,0,3,13,16,695,289,77,27,1088,0,0,0,1088
10/06/2006,SFO,CA,AWP,WE,Towers with Radar,689,244,52,10,995,0,0,3,8,11,689,244,55,18,1006,0,0,0,1006
10/07/2006,SFO,CA,AWP,WE,Towers with Radar,623,208,36,10,877,0,0,7,34,41,623,208,43,44,918,0,0,0,918
10/08/2006,SFO,CA,AWP,WE,Towers with Radar,671,256,74,2,1003,0,2,5,15,22,671,258,79,17,1025,0,0,0,1025
10/09/2006,SFO,CA,AWP,WE,Towers with Radar,676,272,34,4,986,0,1,7,1,9,676,273,41,5,995,0,0,0,995
10/10/2006,SFO,CA,AWP,WE,Towers with Radar,667,267,44,7,985,0,2,8,6,16,667,269,52,13,1001,0,0,0,1001
10/11/2006,SFO,CA,AWP,WE,Towers with Radar,694,267,54,2,1017,0,2,8,9,19,694,269,62,11,1036,0,0,0,1036
10/12/2006,SFO,CA,AWP,WE,Towers with Radar,685,272,63,6,1026,0,1,11,0,12,685,273,74,6,1038,0,0,0,1038
10/13/2006,SFO,CA,AWP,WE,Towers with Radar,697,259,54,0,1010,0,0,6,4,10,697,259,60,4,1020,0,0,0,1020
10/14/2006,SFO,CA,AWP,WE,Towers with Radar,633,177,23,1,834,0,0,5,4,9,633,177,28,5,843,0,0,0,843
10/15/2006,SFO,CA,AWP,WE,Towers with Radar,660,227,69,0,956,0,0,6,1,7,660,227,75,1,963,0,0,0,963
10/16/2006,SFO,CA,AWP,WE,Towers with Radar,675,255,55,0,985,0,0,7,6,13,675,255,62,6,998,0,0,0,998
10/17/2006,SFO,CA,AWP,WE,Towers with Radar,671,268,78,0,1017,0,0,15,7,22,671,268,93,7,1039,0,0,0,1039
10/18/2006,SFO,CA,AWP,WE,Towers with Radar,691,276,75,4,1046,0,2,4,4,10,691,278,79,8,1056,0,0,0,1056
10/19/2006,SFO,CA,AWP,WE,Towers with Radar,693,289,77,1,1060,0,3,20,13,36,693,292,97,14,1096,0,0,0,1096
10/20/2006,SFO,CA,AWP,WE,Towers with Radar,696,263,64,0,1023,0,2,9,4,15,696,265,73,4,1038,0,0,0,1038
10/21/2006,SFO,CA,AWP,WE,Towers with Radar,616,229,48,0,893,0,0,5,1,6,616,229,53,1,899,0,0,0,899
10/22/2006,SFO,CA,AWP,WE,Towers with Radar,655,251,46,0,952,0,0,11,4,15,655,251,57,4,967,0,0,0,967
10/23/2006,SFO,CA,AWP,WE,Towers with Radar,675,253,51,0,979,0,2,9,10,21,675,255,60,10,1000,0,0,0,1000
10/24/2006,SFO,CA,AWP,WE,Towers with Radar,666,261,44,1,972,0,2,8,7,17,666,263,52,8,989,0,0,0,989
10/25/2006,SFO,CA,AWP,WE,Towers with Radar,687,264,61,0,1012,0,1,4,4,9,687,265,65,4,1021,0,0,0,1021
10/26/2006,SFO,CA,AWP,WE,Towers with Radar,677,273,46,1,997,0,0,4,8,12,677,273,50,9,1009,0,0,0,1009
10/27/2006,SFO,CA,AWP,WE,Towers with Radar,691,283,56,1,1031,0,0,9,8,17,691,283,65,9,1048,0,0,0,1048
10/28/2006,SFO,CA,AWP,WE,Towers with Radar,623,219,16,3,861,0,0,7,6,13,623,219,23,9,874,0,0,0,874
10/29/2006,SFO,CA,AWP,WE,Towers with Radar,662,258,25,2,947,0,2,7,1,10,662,260,32,3,957,0,0,0,957
10/30/2006,SFO,CA,AWP,WE,Towers with Radar,676,243,50,1,970,0,0,0,9,9,676,243,50,10,979,0,0,0,979
10/31/2006,SFO,CA,AWP,WE,Towers with Radar,673,268,44,0,985,0,2,2,8,12,673,270,46,8,997,0,0,0,997
11/01/2006,SFO,CA,AWP,WE,Towers with Radar,694,260,56,0,1010,0,0,2,2,4,694,260,58,2,1014,0,0,0,1014
11/02/2006,SFO,CA,AWP,WE,Towers with Radar,686,215,40,0,941,0,0,2,7,9,686,215,42,7,950,0,0,0,950
11/03/2006,SFO,CA,AWP,WE,Towers with Radar,723,252,45,1,1021,0,1,6,3,10,723,253,51,4,1031,0,0,0,1031
11/04/2006,SFO,CA,AWP,WE,Towers with Radar,622,187,27,0,836,0,0,8,0,8,622,187,35,0,844,0,0,0,844
11/05/2006,SFO,CA,AWP,WE,Towers with Radar,668,265,56,0,989,0,0,3,1,4,668,265,59,1,993,0,0,0,993
11/06/2006,SFO,CA,AWP,WE,Towers with Radar,670,239,38,0,947,0,1,5,8,14,670,240,43,8,961,0,0,0,961
11/07/2006,SFO,CA,AWP,WE,Towers with Radar,679,249,64,0,992,0,0,1,9,10,679,249,65,9,1002,0,0,0,1002
11/08/2006,SFO,CA,AWP,WE,Towers with Radar,707,265,58,0,1030,0,1,4,7,12,707,266,62,7,1042,0,0,0,1042
11/09/2006,SFO,CA,AWP,WE,Towers with Radar,699,257,63,0,1019,0,1,9,6,16,699,258,72,6,1035,0,0,0,1035
11/10/2006,SFO,CA,AWP,WE,Towers with Radar,693,262,62,0,1017,0,0,6,8,14,693,262,68,8,1031,0,0,0,1031
11/11/2006,SFO,CA,AWP,WE,Towers with Radar,630,216,35,0,881,0,0,7,3,10,630,216,42,3,891,0,0,0,891
11/12/2006,SFO,CA,AWP,WE,Towers with Radar,671,265,54,1,991,0,1,7,2,10,671,266,61,3,1001,0,0,0,1001
11/13/2006,SFO,CA,AWP,WE,Towers with Radar,657,193,45,0,895,0,0,1,6,7,657,193,46,6,902,0,0,0,902
11/14/2006,SFO,CA,AWP,WE,Towers with Radar,699,267,62,2,1030,0,0,12,7,19,699,267,74,9,1049,0,0,0,1049
11/15/2006,SFO,CA,AWP,WE,Towers with Radar,681,259,69,1,1010,0,2,3,8,13,681,261,72,9,1023,0,0,0,1023
11/16/2006,SFO,CA,AWP,WE,Towers with Radar,716,245,51,0,1012,0,0,5,9,14,716,245,56,9,1026,0,0,0,1026
11/17/2006,SFO,CA,AWP,WE,Towers with Radar,714,236,50,2,1002,0,0,2,7,9,714,236,52,9,1011,0,0,0,1011
11/18/2006,SFO,CA,AWP,WE,Towers with Radar,629,209,28,0,866,0,0,6,4,10,629,209,34,4,876,0,0,0,876
11/19/2006,SFO,CA,AWP,WE,Towers with Radar,666,226,34,0,926,0,0,4,2,6,666,226,38,2,932,0,0,0,932
11/20/2006,SFO,CA,AWP,WE,Towers with Radar,691,240,20,0,951,0,0,3,2,5,691,240,23,2,956,0,0,0,956
11/21/2006,SFO,CA,AWP,WE,Towers with Radar,690,271,47,0,1008,0,0,2,8,10,690,271,49,8,1018,0,0,0,1018
11/22/2006,SFO,CA,AWP,WE,Towers with Radar,709,253,34,0,996,0,0,2,8,10,709,253,36,8,1006,0,0,0,1006
11/23/2006,SFO,CA,AWP,WE,Towers with Radar,600,188,10,1,799,0,1,1,4,6,600,189,11,5,805,0,0,0,805
11/24/2006,SFO,CA,AWP,WE,Towers with Radar,607,176,28,1,812,0,0,3,2,5,607,176,31,3,817,0,0,0,817
11/25/2006,SFO,CA,AWP,WE,Towers with Radar,652,229,28,0,909,0,0,5,2,7,652,229,33,2,916,0,0,0,916
11/26/2006,SFO,CA,AWP,WE,Towers with Radar,691,242,40,0,973,0,0,1,1,2,691,242,41,1,975,0,0,0,975
11/27/2006,SFO,CA,AWP,WE,Towers with Radar,704,255,49,3,1011,0,0,2,4,6,704,255,51,7,1017,0,0,0,1017
11/28/2006,SFO,CA,AWP,WE,Towers with Radar,705,262,54,0,1021,0,2,9,8,19,705,264,63,8,1040,0,0,0,1040
11/29/2006,SFO,CA,AWP,WE,Towers with Radar,701,270,48,0,1019,0,3,5,5,13,701,273,53,5,1032,0,0,0,1032
11/30/2006,SFO,CA,AWP,WE,Towers with Radar,683,261,45,0,989,0,0,5,10,15,683,261,50,10,1004,0,0,0,1004
12/01/2006,SFO,CA,AWP,WE,Towers with Radar,707,256,46,0,1009,0,2,11,2,15,707,258,57,2,1024,0,0,0,1024
12/02/2006,SFO,CA,AWP,WE,Towers with Radar,619,189,32,1,841,0,1,6,5,12,619,190,38,6,853,0,0,0,853
12/03/2006,SFO,CA,AWP,WE,Towers with Radar,656,238,41,0,935,0,0,7,6,13,656,238,48,6,948,0,0,0,948
12/04/2006,SFO,CA,AWP,WE,Towers with Radar,684,258,36,0,978,0,1,0,6,7,684,259,36,6,985,0,0,0,985
12/05/2006,SFO,CA,AWP,WE,Towers with Radar,700,254,60,0,1014,0,0,6,14,20,700,254,66,14,1034,0,0,0,1034
12/06/2006,SFO,CA,AWP,WE,Towers with Radar,699,256,48,3,1006,0,1,7,16,24,699,257,55,19,1030,0,0,0,1030
12/07/2006,SFO,CA,AWP,WE,Towers with Radar,705,271,47,0,1023,0,0,11,13,24,705,271,58,13,1047,0,0,0,1047
12/08/2006,SFO,CA,AWP,WE,Towers with Radar,701,246,52,2,1001,0,1,8,11,20,701,247,60,13,1021,0,0,0,1021
12/09/2006,SFO,CA,AWP,WE,Towers with Radar,619,203,13,0,835,0,0,2,3,5,619,203,15,3,840,0,0,0,840
12/10/2006,SFO,CA,AWP,WE,Towers with Radar,657,247,28,0,932,0,0,1,2,3,657,247,29,2,935,0,0,0,935
12/11/2006,SFO,CA,AWP,WE,Towers with Radar,685,249,60,0,994,0,0,4,2,6,685,249,64,2,1000,0,0,0,1000
12/12/2006,SFO,CA,AWP,WE,Towers with Radar,691,201,62,0,954,0,0,1,4,5,691,201,63,4,959,0,0,0,959
12/13/2006,SFO,CA,AWP,WE,Towers with Radar,689,194,64,0,947,0,0,3,2,5,689,194,67,2,952,0,0,0,952
12/14/2006,SFO,CA,AWP,WE,Towers with Radar,690,259,58,0,1007,0,0,4,2,6,690,259,62,2,1013,0,0,0,1013
12/15/2006,SFO,CA,AWP,WE,Towers with Radar,722,243,57,0,1022,0,2,3,6,11,722,245,60,6,1033,0,0,0,1033
12/16/2006,SFO,CA,AWP,WE,Towers with Radar,643,208,23,0,874,0,0,2,3,5,643,208,25,3,879,0,0,0,879
12/17/2006,SFO,CA,AWP,WE,Towers with Radar,693,247,33,0,973,0,1,7,3,11,693,248,40,3,984,0,0,0,984
12/18/2006,SFO,CA,AWP,WE,Towers with Radar,699,234,39,0,972,0,1,6,4,11,699,235,45,4,983,0,0,0,983
12/19/2006,SFO,CA,AWP,WE,Towers with Radar,705,264,34,1,1004,0,1,5,3,9,705,265,39,4,1013,0,0,0,1013
12/20/2006,SFO,CA,AWP,WE,Towers with Radar,706,238,42,0,986,0,1,5,3,9,706,239,47,3,995,0,0,0,995
12/21/2006,SFO,CA,AWP,WE,Towers with Radar,685,220,21,2,928,0,1,3,5,9,685,221,24,7,937,0,0,0,937
12/22/2006,SFO,CA,AWP,WE,Towers with Radar,702,268,56,0,1026,0,1,6,6,13,702,269,62,6,1039,0,0,0,1039
12/23/2006,SFO,CA,AWP,WE,Towers with Radar,668,234,46,1,949,0,1,2,2,5,668,235,48,3,954,0,0,0,954
12/24/2006,SFO,CA,AWP,WE,Towers with Radar,635,181,21,0,837,0,0,3,2,5,635,181,24,2,842,0,0,0,842
12/25/2006,SFO,CA,AWP,WE,Towers with Radar,629,224,25,1,879,0,0,0,2,2,629,224,25,3,881,0,0,0,881
12/26/2006,SFO,CA,AWP,WE,Towers with Radar,668,185,35,0,888,0,0,2,4,6,668,185,37,4,894,0,0,0,894
12/27/2006,SFO,CA,AWP,WE,Towers with Radar,725,251,43,0,1019,0,0,6,4,10,725,251,49,4,1029,0,0,0,1029
12/28/2006,SFO,CA,AWP,WE,Towers with Radar,696,232,25,0,953,0,0,2,4,6,696,232,27,4,959,0,0,0,959
12/29/2006,SFO,CA,AWP,WE,Towers with Radar,698,238,31,0,967,0,2,5,6,13,698,240,36,6,980,0,0,0,980
12/30/2006,SFO,CA,AWP,WE,Towers with Radar,614,203,30,1,848,0,0,4,2,6,614,203,34,3,854,0,0,0,854
12/31/2006,SFO,CA,AWP,WE,Towers with Radar,622,185,23,0,830,0,0,7,4,11,622,185,30,4,841,0,0,0,841
01/01/2007,SFO,CA,AWP,WE,Towers with Radar,651,252,45,0,948,0,1,0,1,2,651,253,45,1,950,0,0,0,950
01/02/2007,SFO,CA,AWP,WE,Towers with Radar,681,242,36,0,959,0,0,2,1,3,681,242,38,1,962,0,0,0,962
01/03/2007,SFO,CA,AWP,WE,Towers with Radar,675,254,32,2,963,0,0,5,0,5,675,254,37,2,968,0,0,0,968
01/04/2007,SFO,CA,AWP,WE,Towers with Radar,675,245,27,0,947,0,0,4,6,10,675,245,31,6,957,0,0,0,957
01/05/2007,SFO,CA,AWP,WE,Towers with Radar,699,249,35,0,983,0,0,3,4,7,699,249,38,4,990,0,0,0,990
01/06/2007,SFO,CA,AWP,WE,Towers with Radar,617,208,22,0,847,0,0,2,3,5,617,208,24,3,852,0,0,0,852
01/07/2007,SFO,CA,AWP,WE,Towers with Radar,676,259,39,0,974,0,1,7,2,10,676,260,46,2,984,0,0,0,984
01/08/2007,SFO,CA,AWP,WE,Towers with Radar,679,287,72,0,1038,0,1,9,4,14,679,288,81,4,1052,0,0,0,1052
01/09/2007,SFO,CA,AWP,WE,Towers with Radar,648,299,69,1,1017,0,0,4,3,7,648,299,73,4,1024,0,0,0,1024
01/10/2007,SFO,CA,AWP,WE,Towers with Radar,671,294,64,0,1029,0,0,6,3,9,671,294,70,3,1038,0,0,0,1038
01/11/2007,SFO,CA,AWP,WE,Towers with Radar,671,281,58,0,1010,0,2,2,11,15,671,283,60,11,1025,0,0,0,1025
01/12/2007,SFO,CA,AWP,WE,Towers with Radar,682,279,53,4,1018,0,2,3,6,11,682,281,56,10,1029,0,0,0,1029
01/13/2007,SFO,CA,AWP,WE,Towers with Radar,584,190,18,2,794,0,0,6,7,13,584,190,24,9,807,0,0,0,807
01/14/2007,SFO,CA,AWP,WE,Towers with Radar,623,231,31,2,887,0,2,8,1,11,623,233,39,3,898,0,0,0,898
01/15/2007,SFO,CA,AWP,WE,Towers with Radar,652,253,35,2,942,0,0,10,1,11,652,253,45,3,953,0,0,0,953
01/16/2007,SFO,CA,AWP,WE,Towers with Radar,660,254,45,0,959,0,0,4,8,12,660,254,49,8,971,0,0,0,971
01/17/2007,SFO,CA,AWP,WE,Towers with Radar,644,265,48,0,957,0,0,4,4,8,644,265,52,4,965,0,0,0,965
01/18/2007,SFO,CA,AWP,WE,Towers with Radar,651,264,61,0,976,0,0,4,8,12,651,264,65,8,988,0,0,0,988
01/19/2007,SFO,CA,AWP,WE,Towers with Radar,670,227,44,0,941,0,0,6,10,16,670,227,50,10,957,0,0,0,957
01/20/2007,SFO,CA,AWP,WE,Towers with Radar,576,197,23,0,796,0,0,5,2,7,576,197,28,2,803,0,0,0,803
01/21/2007,SFO,CA,AWP,WE,Towers with Radar,615,240,43,0,898,0,0,3,2,5,615,240,46,2,903,0,0,0,903
01/22/2007,SFO,CA,AWP,WE,Towers with Radar,655,255,38,3,951,0,1,3,1,5,655,256,41,4,956,0,0,0,956
01/23/2007,SFO,CA,AWP,WE,Towers with Radar,653,246,62,1,962,0,0,3,9,12,653,246,65,10,974,0,0,0,974
01/24/2007,SFO,CA,AWP,WE,Towers with Radar,662,265,68,2,997,0,0,3,8,11,662,265,71,10,1008,0,0,0,1008
01/25/2007,SFO,CA,AWP,WE,Towers with Radar,667,256,39,3,965,0,1,4,6,11,667,257,43,9,976,0,0,0,976
01/26/2007,SFO,CA,AWP,WE,Towers with Radar,688,259,39,2,988,0,0,0,6,6,688,259,39,8,994,0,0,0,994
01/27/2007,SFO,CA,AWP,WE,Towers with Radar,591,190,31,0,812,0,0,2,2,4,591,190,33,2,816,0,0,0,816
01/28/2007,SFO,CA,AWP,WE,Towers with Radar,648,235,52,0,935,0,2,6,5,13,648,237,58,5,948,0,0,0,948
01/29/2007,SFO,CA,AWP,WE,Towers with Radar,650,248,50,1,949,0,0,7,14,21,650,248,57,15,970,0,0,0,970
01/30/2007,SFO,CA,AWP,WE,Towers with Radar,653,257,47,2,959,0,1,5,14,20,653,258,52,16,979,0,0,0,979
01/31/2007,SFO,CA,AWP,WE,Towers with Radar,666,239,52,0,957,0,0,6,9,15,666,239,58,9,972,0,0,0,972
02/01/2007,SFO,CA,AWP,WE,Towers with Radar,658,289,50,0,997,0,1,4,12,17,658,290,54,12,1014,0,0,0,1014
02/02/2007,SFO,CA,AWP,WE,Towers with Radar,674,265,39,2,980,0,0,4,4,8,674,265,43,6,988,0,0,0,988
02/03/2007,SFO,CA,AWP,WE,Towers with Radar,581,206,16,2,805,0,0,5,6,11,581,206,21,8,816,0,0,0,816
02/04/2007,SFO,CA,AWP,WE,Towers with Radar,629,253,31,1,914,0,0,6,2,8,629,253,37,3,922,0,0,0,922
02/05/2007,SFO,CA,AWP,WE,Towers with Radar,641,271,51,0,963,0,0,6,7,13,641,271,57,7,976,0,0,0,976
02/06/2007,SFO,CA,AWP,WE,Towers with Radar,629,274,67,0,970,0,0,10,10,20,629,274,77,10,990,0,0,0,990
02/07/2007,SFO,CA,AWP,WE,Towers with Radar,630,221,40,1,892,0,0,1,6,7,630,221,41,7,899,0,0,0,899
02/08/2007,SFO,CA,AWP,WE,Towers with Radar,667,238,22,2,929,0,0,9,5,14,667,238,31,7,943,0,0,0,943
02/09/2007,SFO,CA,AWP,WE,Towers with Radar,655,216,53,1,925,0,0,4,9,13,655,216,57,10,938,0,0,0,938
02/10/2007,SFO,CA,AWP,WE,Towers with Radar,592,197,33,1,823,0,0,7,4,11,592,197,40,5,834,0,0,0,834
02/11/2007,SFO,CA,AWP,WE,Towers with Radar,629,252,44,0,925,0,0,8,4,12,629,252,52,4,937,0,0,0,937
02/12/2007,SFO,CA,AWP,WE,Towers with Radar,639,239,45,4,927,0,0,4,7,11,639,239,49,11,938,0,0,0,938
02/13/2007,SFO,CA,AWP,WE,Towers with Radar,623,257,45,2,927,0,0,4,19,23,623,257,49,21,950,0,0,0,950
02/14/2007,SFO,CA,AWP,WE,Towers with Radar,610,252,46,1,909,0,0,6,6,12,610,252,52,7,921,0,0,0,921
02/15/2007,SFO,CA,AWP,WE,Towers with Radar,657,263,75,1,996,0,1,7,4,12,657,264,82,5,1008,0,0,0,1008
02/16/2007,SFO,CA,AWP,WE,Towers with Radar,694,276,68,4,1042,0,1,5,3,9,694,277,73,7,1051,0,0,0,1051
02/17/2007,SFO,CA,AWP,WE,Towers with Radar,633,257,36,2,928,0,0,7,2,9,633,257,43,4,937,0,0,0,937
02/18/2007,SFO,CA,AWP,WE,Towers with Radar,629,250,30,3,912,0,1,10,4,15,629,251,40,7,927,0,0,0,927
02/19/2007,SFO,CA,AWP,WE,Towers with Radar,678,269,57,1,1005,0,0,2,6,8,678,269,59,7,1013,0,0,0,1013
02/20/2007,SFO,CA,AWP,WE,Towers with Radar,676,283,53,0,1012,0,0,7,9,16,676,283,60,9,1028,0,0,0,1028
02/21/2007,SFO,CA,AWP,WE,Towers with Radar,651,239,69,2,961,0,1,6,11,18,651,240,75,13,979,0,0,0,979
02/22/2007,SFO,CA,AWP,WE,Towers with Radar,673,249,61,2,985,0,1,4,4,9,673,250,65,6,994,0,0,0,994
02/23/2007,SFO,CA,AWP,WE,Towers with Radar,662,274,51,0,987,0,3,7,6,16,662,277,58,6,1003,0,0,0,1003
02/24/2007,SFO,CA,AWP,WE,Towers with Radar,573,248,27,1,849,0,0,2,1,3,573,248,29,2,852,0,0,0,852
02/25/2007,SFO,CA,AWP,WE,Towers with Radar,605,274,51,0,930,0,1,3,2,6,605,275,54,2,936,0,0,0,936
02/26/2007,SFO,CA,AWP,WE,Towers with Radar,660,219,50,0,929,0,0,1,2,3,660,219,51,2,932,0,0,0,932
02/27/2007,SFO,CA,AWP,WE,Towers with Radar,666,237,45,2,950,0,0,1,10,11,666,237,46,12,961,0,0,0,961
02/28/2007,SFO,CA,AWP,WE,Towers with Radar,676,278,56,1,1011,0,0,1,11,12,676,278,57,12,1023,0,0,0,1023
03/01/2007,SFO,CA,AWP,WE,Towers with Radar,679,267,61,1,1008,0,1,3,9,13,679,268,64,10,1021,0,0,0,1021
03/02/2007,SFO,CA,AWP,WE,Towers with Radar,683,274,39,0,996,0,0,11,6,17,683,274,50,6,1013,0,0,0,1013
03/03/2007,SFO,CA,AWP,WE,Towers with Radar,627,237,27,0,891,0,2,10,15,27,627,239,37,15,918,0,0,0,918
03/04/2007,SFO,CA,AWP,WE,Towers with Radar,661,285,28,0,974,0,0,4,7,11,661,285,32,7,985,22,0,22,1007
03/05/2007,SFO,CA,AWP,WE,Towers with Radar,651,257,43,1,952,0,0,4,9,13,651,257,47,10,965,0,0,0,965
03/06/2007,SFO,CA,AWP,WE,Towers with Radar,664,279,62,0,1005,0,0,7,4,11,664,279,69,4,1016,0,0,0,1016
03/07/2007,SFO,CA,AWP,WE,Towers with Radar,688,272,60,2,1022,0,0,2,6,8,688,272,62,8,1030,0,0,0,1030
03/08/2007,SFO,CA,AWP,WE,Towers with Radar,690,286,47,0,1023,0,2,3,10,15,690,288,50,10,1038,0,0,0,1038
03/09/2007,SFO,CA,AWP,WE,Towers with Radar,680,273,61,1,1015,0,0,7,7,14,680,273,68,8,1029,0,0,0,1029
03/10/2007,SFO,CA,AWP,WE,Towers with Radar,606,227,40,1,874,0,1,7,8,16,606,228,47,9,890,0,0,0,890
03/11/2007,SFO,CA,AWP,WE,Towers with Radar,641,275,45,3,964,0,2,3,5,10,641,277,48,8,974,0,0,0,974
03/12/2007,SFO,CA,AWP,WE,Towers with Radar,653,261,56,4,974,0,0,8,8,16,653,261,64,12,990,0,0,0,990
03/13/2007,SFO,CA,AWP,WE,Towers with Radar,662,266,49,0,977,0,0,3,4,7,662,266,52,4,984,0,0,0,984
03/14/2007,SFO,CA,AWP,WE,Towers with Radar,683,283,64,0,1030,0,0,3,5,8,683,283,67,5,1038,0,0,0,1038
03/15/2007,SFO,CA,AWP,WE,Towers with Radar,685,273,63,0,1021,0,1,15,2,18,685,274,78,2,1039,0,0,0,1039
03/16/2007,SFO,CA,AWP,WE,Towers with Radar,645,284,50,0,979,0,0,6,7,13,645,284,56,7,992,0,0,0,992
03/17/2007,SFO,CA,AWP,WE,Towers with Radar,587,230,37,1,855,0,0,4,2,6,587,230,41,3,861,0,0,0,861
03/18/2007,SFO,CA,AWP,WE,Towers with Radar,649,290,60,0,999,0,3,5,0,8,649,293,65,0,1007,0,0,0,1007
03/19/2007,SFO,CA,AWP,WE,Towers with Radar,649,278,68,1,996,0,1,5,6,12,649,279,73,7,1008,0,0,0,1008
03/20/2007,SFO,CA,AWP,WE,Towers with Radar,681,258,34,3,976,0,0,4,8,12,681,258,38,11,988,0,0,0,988
03/21/2007,SFO,CA,AWP,WE,Towers with Radar,670,258,65,0,993,0,0,3,10,13,670,258,68,10,1006,0,0,0,1006
03/22/2007,SFO,CA,AWP,WE,Towers with Radar,682,270,60,2,1014,0,0,5,6,11,682,270,65,8,1025,0,0,0,1025
03/23/2007,SFO,CA,AWP,WE,Towers with Radar,699,280,53,0,1032,0,0,8,3,11,699,280,61,3,1043,0,0,0,1043
03/24/2007,SFO,CA,AWP,WE,Towers with Radar,616,233,37,0,886,0,0,12,2,14,616,233,49,2,900,0,0,0,900
03/25/2007,SFO,CA,AWP,WE,Towers with Radar,633,252,28,0,913,0,0,8,4,12,633,252,36,4,925,0,0,0,925
03/26/2007,SFO,CA,AWP,WE,Towers with Radar,658,261,41,2,962,0,0,2,4,6,658,261,43,6,968,0,0,0,968
03/27/2007,SFO,CA,AWP,WE,Towers with Radar,676,278,49,1,1004,0,1,3,5,9,676,279,52,6,1013,0,0,0,1013
03/28/2007,SFO,CA,AWP,WE,Towers with Radar,682,287,55,0,1024,0,0,4,8,12,682,287,59,8,1036,0,0,0,1036
03/29/2007,SFO,CA,AWP,WE,Towers with Radar,679,274,45,0,998,0,0,11,10,21,679,274,56,10,1019,0,0,0,1019
03/30/2007,SFO,CA,AWP,WE,Towers with Radar,695,277,52,2,1026,0,2,11,1,14,695,279,63,3,1040,0,0,0,1040
03/31/2007,SFO,CA,AWP,WE,Towers with Radar,601,237,38,0,876,0,4,7,4,15,601,241,45,4,891,0,0,0,891
04/01/2007,SFO,CA,AWP,WE,Towers with Radar,647,253,55,0,955,0,1,4,3,8,647,254,59,3,963,0,0,0,963
04/02/2007,SFO,CA,AWP,WE,Towers with Radar,683,264,45,0,992,0,1,7,10,18,683,265,52,10,1010,0,0,0,1010
04/03/2007,SFO,CA,AWP,WE,Towers with Radar,678,268,44,0,990,0,0,2,0,2,678,268,46,0,992,0,0,0,992
04/04/2007,SFO,CA,AWP,WE,Towers with Radar,692,272,60,2,1026,0,0,7,6,13,692,272,67,8,1039,0,0,0,1039
04/05/2007,SFO,CA,AWP,WE,Towers with Radar,696,248,60,1,1005,0,1,10,8,19,696,249,70,9,1024,0,0,0,1024
04/06/2007,SFO,CA,AWP,WE,Towers with Radar,687,240,45,4,976,0,0,3,3,6,687,240,48,7,982,0,0,0,982
04/07/2007,SFO,CA,AWP,WE,Towers with Radar,615,209,29,1,854,0,0,4,2,6,615,209,33,3,860,0,0,0,860
04/08/2007,SFO,CA,AWP,WE,Towers with Radar,659,252,39,1,951,0,2,4,2,8,659,254,43,3,959,0,0,0,959
04/09/2007,SFO,CA,AWP,WE,Towers with Radar,677,252,39,0,968,0,0,9,5,14,677,252,48,5,982,0,0,0,982
04/10/2007,SFO,CA,AWP,WE,Towers with Radar,674,280,73,2,1029,0,1,7,7,15,674,281,80,9,1044,0,0,0,1044
04/11/2007,SFO,CA,AWP,WE,Towers with Radar,680,272,47,1,1000,0,0,11,9,20,680,272,58,10,1020,0,0,0,1020
04/12/2007,SFO,CA,AWP,WE,Towers with Radar,682,282,53,2,1019,0,2,5,5,12,682,284,58,7,1031,0,0,0,1031
04/13/2007,SFO,CA,AWP,WE,Towers with Radar,699,263,48,0,1010,0,1,5,6,12,699,264,53,6,1022,0,0,0,1022
04/14/2007,SFO,CA,AWP,WE,Towers with Radar,626,231,26,1,884,0,0,2,2,4,626,231,28,3,888,0,0,0,888
04/15/2007,SFO,CA,AWP,WE,Towers with Radar,652,261,68,2,983,0,1,9,5,15,652,262,77,7,998,0,0,0,998
04/16/2007,SFO,CA,AWP,WE,Towers with Radar,677,281,60,2,1020,0,2,9,9,20,677,283,69,11,1040,0,0,0,1040
04/17/2007,SFO,CA,AWP,WE,Towers with Radar,691,279,47,0,1017,0,0,4,9,13,691,279,51,9,1030,0,0,0,1030
04/18/2007,SFO,CA,AWP,WE,Towers with Radar,700,302,40,0,1042,0,2,5,9,16,700,304,45,9,1058,0,0,0,1058
04/19/2007,SFO,CA,AWP,WE,Towers with Radar,697,266,61,0,1024,0,0,6,10,16,697,266,67,10,1040,0,0,0,1040
04/20/2007,SFO,CA,AWP,WE,Towers with Radar,720,265,35,0,1020,0,0,3,7,10,720,265,38,7,1030,0,0,0,1030
04/21/2007,SFO,CA,AWP,WE,Towers with Radar,629,247,32,0,908,0,0,5,7,12,629,247,37,7,920,0,0,0,920
04/22/2007,SFO,CA,AWP,WE,Towers with Radar,656,278,40,0,974,0,2,7,3,12,656,280,47,3,986,0,0,0,986
04/23/2007,SFO,CA,AWP,WE,Towers with Radar,689,270,50,1,1010,0,0,8,6,14,689,270,58,7,1024,0,0,0,1024
04/24/2007,SFO,CA,AWP,WE,Towers with Radar,666,278,57,2,1003,0,2,4,3,9,666,280,61,5,1012,0,0,0,1012
04/25/2007,SFO,CA,AWP,WE,Towers with Radar,684,270,45,0,999,0,0,1,9,10,684,270,46,9,1009,0,0,0,1009
04/26/2007,SFO,CA,AWP,WE,Towers with Radar,693,308,75,2,1078,0,2,5,11,18,693,310,80,13,1096,0,0,0,1096
04/27/2007,SFO,CA,AWP,WE,Towers with Radar,725,260,68,0,1053,0,0,2,4,6,725,260,70,4,1059,0,0,0,1059
04/28/2007,SFO,CA,AWP,WE,Towers with Radar,635,200,39,0,874,0,4,14,4,22,635,204,53,4,896,0,0,0,896
04/29/2007,SFO,CA,AWP,WE,Towers with Radar,667,266,64,0,997,0,1,7,6,14,667,267,71,6,1011,0,0,0,1011
04/30/2007,SFO,CA,AWP,WE,Towers with Radar,685,269,66,1,1021,0,0,7,1,8,685,269,73,2,1029,0,0,0,1029
05/01/2007,SFO,CA,AWP,WE,Towers with Radar,690,268,53,0,1011,0,2,7,5,14,690,270,60,5,1025,0,0,0,1025
05/02/2007,SFO,CA,AWP,WE,Towers with Radar,704,261,49,2,1016,0,0,6,9,15,704,261,55,11,1031,0,0,0,1031
05/03/2007,SFO,CA,AWP,WE,Towers with Radar,718,287,69,0,1074,0,2,7,8,17,718,289,76,8,1091,0,0,0,1091
05/04/2007,SFO,CA,AWP,WE,Towers with Radar,743,267,48,1,1059,0,1,9,9,19,743,268,57,10,1078,0,0,0,1078
05/05/2007,SFO,CA,AWP,WE,Towers with Radar,663,209,30,1,903,0,0,11,2,13,663,209,41,3,916,0,0,0,916
05/06/2007,SFO,CA,AWP,WE,Towers with Radar,715,277,56,1,1049,0,0,17,2,19,715,277,73,3,1068,0,0,0,1068
05/07/2007,SFO,CA,AWP,WE,Towers with Radar,707,253,63,0,1023,0,0,6,8,14,707,253,69,8,1037,0,0,0,1037
05/08/2007,SFO,CA,AWP,WE,Towers with Radar,705,280,87,0,1072,0,1,6,8,15,705,281,93,8,1087,0,0,0,1087
05/09/2007,SFO,CA,AWP,WE,Towers with Radar,727,275,70,1,1073,0,0,5,6,11,727,275,75,7,1084,0,0,0,1084
05/10/2007,SFO,CA,AWP,WE,Towers with Radar,723,266,71,0,1060,0,0,2,10,12,723,266,73,10,1072,0,0,0,1072
05/11/2007,SFO,CA,AWP,WE,Towers with Radar,740,280,54,0,1074,0,0,1,8,9,740,280,55,8,1083,0,0,0,1083
05/12/2007,SFO,CA,AWP,WE,Towers with Radar,665,202,22,1,890,0,0,1,1,2,665,202,23,2,892,0,0,0,892
05/13/2007,SFO,CA,AWP,WE,Towers with Radar,705,254,35,0,994,0,0,6,2,8,705,254,41,2,1002,0,0,0,1002
05/14/2007,SFO,CA,AWP,WE,Towers with Radar,714,275,52,0,1041,0,0,3,3,6,714,275,55,3,1047,0,0,0,1047
05/15/2007,SFO,CA,AWP,WE,Towers with Radar,726,259,52,7,1044,0,0,0,8,8,726,259,52,15,1052,0,0,0,1052
05/16/2007,SFO,CA,AWP,WE,Towers with Radar,717,267,69,0,1053,0,1,4,7,12,717,268,73,7,1065,0,0,0,1065
05/17/2007,SFO,CA,AWP,WE,Towers with Radar,762,287,66,1,1116,0,0,2,7,9,762,287,68,8,1125,0,0,0,1125
05/18/2007,SFO,CA,AWP,WE,Towers with Radar,742,279,54,2,1077,0,0,1,5,6,742,279,55,7,1083,0,0,0,1083
05/19/2007,SFO,CA,AWP,WE,Towers with Radar,671,206,36,0,913,0,0,3,2,5,671,206,39,2,918,0,0,0,918
05/20/2007,SFO,CA,AWP,WE,Towers with Radar,697,280,50,0,1027,0,0,1,4,5,697,280,51,4,1032,0,0,0,1032
05/21/2007,SFO,CA,AWP,WE,Towers with Radar,728,277,53,2,1060,0,2,2,4,8,728,279,55,6,1068,0,0,0,1068
05/22/2007,SFO,CA,AWP,WE,Towers with Radar,723,259,60,0,1042,0,2,1,13,16,723,261,61,13,1058,0,0,0,1058
05/23/2007,SFO,CA,AWP,WE,Towers with Radar,734,283,63,3,1083,0,0,9,10,19,734,283,72,13,1102,0,0,0,1102
05/24/2007,SFO,CA,AWP,WE,Towers with Radar,742,270,57,1,1070,0,1,6,9,16,742,271,63,10,1086,0,0,0,1086
05/25/2007,SFO,CA,AWP,WE,Towers with Radar,740,280,54,4,1078,0,0,1,4,5,740,280,55,8,1083,0,0,0,1083
05/26/2007,SFO,CA,AWP,WE,Towers with Radar,661,215,31,0,907,0,1,5,4,10,661,216,36,4,917,0,0,0,917
05/27/2007,SFO,CA,AWP,WE,Towers with Radar,636,201,22,0,859,0,0,4,2,6,636,201,26,2,865,0,0,0,865
05/28/2007,SFO,CA,AWP,WE,Towers with Radar,707,260,49,0,1016,0,0,4,1,5,707,260,53,1,1021,0,0,0,1021
05/29/2007,SFO,CA,AWP,WE,Towers with Radar,709,267,68,1,1045,0,0,2,5,7,709,267,70,6,1052,0,0,0,1052
05/30/2007,SFO,CA,AWP,WE,Towers with Radar,744,264,62,0,1070,0,0,4,5,9,744,264,66,5,1079,0,0,0,1079
05/31/2007,SFO,CA,AWP,WE,Towers with Radar,718,256,57,0,1031,0,0,1,5,6,718,256,58,5,1037,0,0,0,1037
06/01/2007,SFO,CA,AWP,WE,Towers with Radar,741,264,56,2,1063,0,0,4,6,10,741,264,60,8,1073,0,0,0,1073
06/02/2007,SFO,CA,AWP,WE,Towers with Radar,684,203,23,6,916,0,1,2,2,5,684,204,25,8,921,0,0,0,921
06/03/2007,SFO,CA,AWP,WE,Towers with Radar,734,259,33,0,1026,0,1,3,2,6,734,260,36,2,1032,0,0,0,1032
06/04/2007,SFO,CA,AWP,WE,Towers with Radar,732,253,50,1,1036,0,1,3,8,12,732,254,53,9,1048,0,0,0,1048
06/05/2007,SFO,CA,AWP,WE,Towers with Radar,737,252,65,2,1056,0,1,3,11,15,737,253,68,13,1071,0,0,0,1071
06/06/2007,SFO,CA,AWP,WE,Towers with Radar,746,277,48,3,1074,0,0,3,7,10,746,277,51,10,1084,0,0,0,1084
06/07/2007,SFO,CA,AWP,WE,Towers with Radar,757,289,73,3,1122,0,0,4,14,18,757,289,77,17,1140,0,0,0,1140
06/08/2007,SFO,CA,AWP,WE,Towers with Radar,748,281,46,3,1078,0,0,13,4,17,748,281,59,7,1095,0,0,0,1095
06/09/2007,SFO,CA,AWP,WE,Towers with Radar,749,240,29,1,1019,0,0,0,3,3,749,240,29,4,1022,0,0,0,1022
06/10/2007,SFO,CA,AWP,WE,Towers with Radar,741,269,41,0,1051,0,2,7,4,13,741,271,48,4,1064,0,0,0,1064
06/11/2007,SFO,CA,AWP,WE,Towers with Radar,749,272,41,1,1063,0,0,6,11,17,749,272,47,12,1080,0,0,0,1080
06/12/2007,SFO,CA,AWP,WE,Towers with Radar,760,292,57,1,1110,0,0,5,11,16,760,292,62,12,1126,0,0,0,1126
06/13/2007,SFO,CA,AWP,WE,Towers with Radar,755,325,64,2,1146,0,1,4,14,19,755,326,68,16,1165,0,0,0,1165
06/14/2007,SFO,CA,AWP,WE,Towers with Radar,773,297,46,0,1116,0,0,6,11,17,773,297,52,11,1133,0,0,0,1133
06/15/2007,SFO,CA,AWP,WE,Towers with Radar,760,318,42,2,1122,0,1,7,17,25,760,319,49,19,1147,0,0,0,1147
06/16/2007,SFO,CA,AWP,WE,Towers with Radar,736,247,34,1,1018,0,0,7,6,13,736,247,41,7,1031,0,0,0,1031
06/17/2007,SFO,CA,AWP,WE,Towers with Radar,743,279,45,3,1070,0,0,4,3,7,743,279,49,6,1077,0,0,0,1077
06/18/2007,SFO,CA,AWP,WE,Towers with Radar,754,282,64,1,1101,0,1,8,12,21,754,283,72,13,1122,0,0,0,1122
06/19/2007,SFO,CA,AWP,WE,Towers with Radar,745,293,49,3,1090,0,0,9,11,20,745,293,58,14,1110,0,0,0,1110
06/20/2007,SFO,CA,AWP,WE,Towers with Radar,767,268,48,2,1085,0,2,9,13,24,767,270,57,15,1109,0,0,0,1109
06/21/2007,SFO,CA,AWP,WE,Towers with Radar,758,298,54,0,1110,0,2,12,5,19,758,300,66,5,1129,0,0,0,1129
06/22/2007,SFO,CA,AWP,WE,Towers with Radar,792,282,50,0,1124,0,1,8,7,16,792,283,58,7,1140,0,0,0,1140
06/23/2007,SFO,CA,AWP,WE,Towers with Radar,731,222,35,0,988,0,1,4,3,8,731,223,39,3,996,0,0,0,996
06/24/2007,SFO,CA,AWP,WE,Towers with Radar,740,284,65,3,1092,0,3,5,2,10,740,287,70,5,1102,0,0,0,1102
06/25/2007,SFO,CA,AWP,WE,Towers with Radar,731,281,66,0,1078,0,8,17,6,31,731,289,83,6,1109,0,0,0,1109
06/26/2007,SFO,CA,AWP,WE,Towers with Radar,750,288,44,3,1085,0,0,3,19,22,750,288,47,22,1107,0,0,0,1107
06/27/2007,SFO,CA,AWP,WE,Towers with Radar,731,301,50,2,1084,0,1,7,9,17,731,302,57,11,1101,0,0,0,1101
06/28/2007,SFO,CA,AWP,WE,Towers with Radar,755,276,60,2,1093,0,0,11,2,13,755,276,71,4,1106,0,0,0,1106
06/29/2007,SFO,CA,AWP,WE,Towers with Radar,776,295,56,0,1127,0,0,6,1,7,776,295,62,1,1134,0,0,0,1134
06/30/2007,SFO,CA,AWP,WE,Towers with Radar,734,258,37,0,1029,0,0,7,2,9,734,258,44,2,1038,0,0,0,1038
07/01/2007,SFO,CA,AWP,WE,Towers with Radar,754,284,28,3,1069,0,0,10,4,14,754,284,38,7,1083,0,0,0,1083
07/02/2007,SFO,CA,AWP,WE,Towers with Radar,745,276,18,2,1041,0,1,3,7,11,745,277,21,9,1052,0,0,0,1052
07/03/2007,SFO,CA,AWP,WE,Towers with Radar,743,270,14,1,1028,0,0,6,9,15,743,270,20,10,1043,0,0,0,1043
07/04/2007,SFO,CA,AWP,WE,Towers with Radar,684,190,17,0,891,0,0,4,2,6,684,190,21,2,897,0,0,0,897
07/05/2007,SFO,CA,AWP,WE,Towers with Radar,735,251,28,8,1022,0,0,2,5,7,735,251,30,13,1029,0,0,0,1029
07/06/2007,SFO,CA,AWP,WE,Towers with Radar,761,270,23,3,1057,0,3,10,7,20,761,273,33,10,1077,0,0,0,1077
07/07/2007,SFO,CA,AWP,WE,Towers with Radar,742,239,27,1,1009,0,1,6,3,10,742,240,33,4,1019,0,0,0,1019
07/08/2007,SFO,CA,AWP,WE,Towers with Radar,759,297,72,2,1130,0,0,2,2,4,759,297,74,4,1134,0,0,0,1134
07/09/2007,SFO,CA,AWP,WE,Towers with Radar,762,302,53,2,1119,0,1,3,7,11,762,303,56,9,1130,0,0,0,1130
07/10/2007,SFO,CA,AWP,WE,Towers with Radar,768,315,70,4,1157,0,0,9,10,19,768,315,79,14,1176,0,0,0,1176
07/11/2007,SFO,CA,AWP,WE,Towers with Radar,762,276,58,3,1099,0,0,5,3,8,762,276,63,6,1107,0,0,0,1107
07/12/2007,SFO,CA,AWP,WE,Towers with Radar,768,291,77,0,1136,0,0,8,7,15,768,291,85,7,1151,0,0,0,1151
07/13/2007,SFO,CA,AWP,WE,Towers with Radar,793,272,47,1,1113,0,0,10,1,11,793,272,57,2,1124,0,0,0,1124
07/14/2007,SFO,CA,AWP,WE,Towers with Radar,720,238,26,1,985,0,0,1,4,5,720,238,27,5,990,0,0,0,990
07/15/2007,SFO,CA,AWP,WE,Towers with Radar,729,305,49,0,1083,0,1,9,13,23,729,306,58,13,1106,0,0,0,1106
07/16/2007,SFO,CA,AWP,WE,Towers with Radar,742,247,43,0,1032,0,0,5,10,15,742,247,48,10,1047,0,0,0,1047
07/17/2007,SFO,CA,AWP,WE,Towers with Radar,778,285,38,0,1101,0,0,2,7,9,778,285,40,7,1110,0,0,0,1110
07/18/2007,SFO,CA,AWP,WE,Towers with Radar,761,283,43,3,1090,0,0,1,5,6,761,283,44,8,1096,0,0,0,1096
07/19/2007,SFO,CA,AWP,WE,Towers with Radar,763,296,54,1,1114,0,2,3,18,23,763,298,57,19,1137,0,0,0,1137
07/20/2007,SFO,CA,AWP,WE,Towers with Radar,774,270,66,0,1110,0,2,4,10,16,774,272,70,10,1126,0,0,0,1126
07/21/2007,SFO,CA,AWP,WE,Towers with Radar,720,245,34,0,999,0,1,10,4,15,720,246,44,4,1014,0,0,0,1014
07/22/2007,SFO,CA,AWP,WE,Towers with Radar,744,277,59,3,1083,0,0,6,1,7,744,277,65,4,1090,0,0,0,1090
07/23/2007,SFO,CA,AWP,WE,Towers with Radar,739,279,47,3,1068,0,0,7,9,16,739,279,54,12,1084,0,0,0,1084
07/24/2007,SFO,CA,AWP,WE,Towers with Radar,761,278,50,4,1093,0,0,8,15,23,761,278,58,19,1116,0,0,0,1116
07/25/2007,SFO,CA,AWP,WE,Towers with Radar,758,274,32,3,1067,0,0,8,3,11,758,274,40,6,1078,0,0,0,1078
07/26/2007,SFO,CA,AWP,WE,Towers with Radar,762,281,58,1,1102,0,0,3,10,13,762,281,61,11,1115,0,0,0,1115
07/27/2007,SFO,CA,AWP,WE,Towers with Radar,754,266,44,2,1066,0,1,8,3,12,754,267,52,5,1078,0,0,0,1078
07/28/2007,SFO,CA,AWP,WE,Towers with Radar,704,239,25,0,968,0,1,13,4,18,704,240,38,4,986,0,0,0,986
07/29/2007,SFO,CA,AWP,WE,Towers with Radar,719,300,52,0,1071,0,1,9,4,14,719,301,61,4,1085,0,0,0,1085
07/30/2007,SFO,CA,AWP,WE,Towers with Radar,742,295,37,1,1075,0,2,5,9,16,742,297,42,10,1091,0,0,0,1091
07/31/2007,SFO,CA,AWP,WE,Towers with Radar,771,281,60,0,1112,0,2,3,9,14,771,283,63,9,1126,0,0,0,1126
08/01/2007,SFO,CA,AWP,WE,Towers with Radar,775,281,54,2,1112,0,3,5,4,12,775,284,59,6,1124,0,0,0,1124
08/02/2007,SFO,CA,AWP,WE,Towers with Radar,764,301,55,2,1122,0,1,6,3,10,764,302,61,5,1132,0,0,0,1132
08/03/2007,SFO,CA,AWP,WE,Towers with Radar,738,297,37,0,1072,0,0,10,4,14,738,297,47,4,1086,0,0,0,1086
08/04/2007,SFO,CA,AWP,WE,Towers with Radar,720,237,21,0,978,0,0,7,2,9,720,237,28,2,987,0,0,0,987
08/05/2007,SFO,CA,AWP,WE,Towers with Radar,695,234,51,1,981,0,0,8,2,10,695,234,59,3,991,0,0,0,991
08/06/2007,SFO,CA,AWP,WE,Towers with Radar,761,303,54,0,1118,0,0,13,5,18,761,303,67,5,1136,0,0,0,1136
08/07/2007,SFO,CA,AWP,WE,Towers with Radar,746,299,63,2,1110,0,0,2,6,8,746,299,65,8,1118,0,0,0,1118
08/08/2007,SFO,CA,AWP,WE,Towers with Radar,775,299,66,2,1142,0,1,5,0,6,775,300,71,2,1148,0,0,0,1148
08/09/2007,SFO,CA,AWP,WE,Towers with Radar,774,293,51,2,1120,0,0,3,11,14,774,293,54,13,1134,0,0,0,1134
08/10/2007,SFO,CA,AWP,WE,Towers with Radar,774,273,48,2,1097,0,0,10,4,14,774,273,58,6,1111,0,0,0,1111
08/11/2007,SFO,CA,AWP,WE,Towers with Radar,744,239,25,0,1008,0,0,7,3,10,744,239,32,3,1018,0,0,0,1018
08/12/2007,SFO,CA,AWP,WE,Towers with Radar,750,277,41,0,1068,0,0,8,4,12,750,277,49,4,1080,0,0,0,1080
08/13/2007,SFO,CA,AWP,WE,Towers with Radar,774,284,55,2,1115,0,0,14,4,18,774,284,69,6,1133,0,0,0,1133
08/14/2007,SFO,CA,AWP,WE,Towers with Radar,753,299,44,0,1096,0,0,6,8,14,753,299,50,8,1110,0,0,0,1110
08/15/2007,SFO,CA,AWP,WE,Towers with Radar,767,301,58,1,1127,0,1,5,5,11,767,302,63,6,1138,0,0,0,1138
08/16/2007,SFO,CA,AWP,WE,Towers with Radar,764,267,55,0,1086,0,0,10,7,17,764,267,65,7,1103,0,0,0,1103
08/17/2007,SFO,CA,AWP,WE,Towers with Radar,769,293,37,2,1101,0,3,5,9,17,769,296,42,11,1118,0,0,0,1118
08/18/2007,SFO,CA,AWP,WE,Towers with Radar,732,252,28,0,1012,0,0,2,2,4,732,252,30,2,1016,0,0,0,1016
08/19/2007,SFO,CA,AWP,WE,Towers with Radar,733,278,42,1,1054,0,1,6,2,9,733,279,48,3,1063,0,0,0,1063
08/20/2007,SFO,CA,AWP,WE,Towers with Radar,778,303,39,1,1121,0,0,3,7,10,778,303,42,8,1131,0,0,0,1131
08/21/2007,SFO,CA,AWP,WE,Towers with Radar,747,283,58,1,1089,0,3,8,12,23,747,286,66,13,1112,0,0,0,1112
08/22/2007,SFO,CA,AWP,WE,Towers with Radar,757,280,52,0,1089,0,1,4,4,9,757,281,56,4,1098,0,0,0,1098
08/23/2007,SFO,CA,AWP,WE,Towers with Radar,765,272,46,0,1083,0,0,5,10,15,765,272,51,10,1098,0,0,0,1098
08/24/2007,SFO,CA,AWP,WE,Towers with Radar,764,249,44,0,1057,0,0,5,9,14,764,249,49,9,1071,0,0,0,1071
08/25/2007,SFO,CA,AWP,WE,Towers with Radar,730,225,20,2,977,0,0,3,2,5,730,225,23,4,982,0,0,0,982
08/26/2007,SFO,CA,AWP,WE,Towers with Radar,764,277,36,1,1078,0,2,7,2,11,764,279,43,3,1089,0,0,0,1089
08/27/2007,SFO,CA,AWP,WE,Towers with Radar,782,279,38,0,1099,0,1,5,6,12,782,280,43,6,1111,0,0,0,1111
08/28/2007,SFO,CA,AWP,WE,Towers with Radar,783,279,45,1,1108,0,0,3,9,12,783,279,48,10,1120,0,0,0,1120
08/29/2007,SFO,CA,AWP,WE,Towers with Radar,794,279,44,1,1118,0,2,1,3,6,794,281,45,4,1124,0,0,0,1124
08/30/2007,SFO,CA,AWP,WE,Towers with Radar,801,293,41,0,1135,0,0,1,10,11,801,293,42,10,1146,0,0,0,1146
08/31/2007,SFO,CA,AWP,WE,Towers with Radar,813,268,60,1,1142,0,0,8,5,13,813,268,68,6,1155,0,0,0,1155
09/01/2007,SFO,CA,AWP,WE,Towers with Radar,757,203,35,0,995,0,1,12,3,16,757,204,47,3,1011,0,0,0,1011
09/02/2007,SFO,CA,AWP,WE,Towers with Radar,682,183,35,0,900,0,0,14,4,18,682,183,49,4,918,0,0,0,918
09/03/2007,SFO,CA,AWP,WE,Towers with Radar,763,319,53,1,1136,0,1,6,2,9,763,320,59,3,1145,0,0,0,1145
09/04/2007,SFO,CA,AWP,WE,Towers with Radar,769,281,31,2,1083,0,0,3,3,6,769,281,34,5,1089,0,0,0,1089
09/05/2007,SFO,CA,AWP,WE,Towers with Radar,764,282,48,3,1097,0,0,0,5,5,764,282,48,8,1102,0,0,0,1102
09/06/2007,SFO,CA,AWP,WE,Towers with Radar,793,280,49,0,1122,0,1,6,8,15,793,281,55,8,1137,0,0,0,1137
09/07/2007,SFO,CA,AWP,WE,Towers with Radar,785,282,56,0,1123,0,0,7,11,18,785,282,63,11,1141,0,0,0,1141
09/08/2007,SFO,CA,AWP,WE,Towers with Radar,699,212,29,0,940,0,0,11,2,13,699,212,40,2,953,0,0,0,953
09/09/2007,SFO,CA,AWP,WE,Towers with Radar,741,272,33,2,1048,0,0,11,4,15,741,272,44,6,1063,0,0,0,1063
09/10/2007,SFO,CA,AWP,WE,Towers with Radar,761,275,71,0,1107,0,0,4,8,12,761,275,75,8,1119,0,0,0,1119
09/11/2007,SFO,CA,AWP,WE,Towers with Radar,763,277,53,2,1095,0,3,2,13,18,763,280,55,15,1113,0,0,0,1113
09/12/2007,SFO,CA,AWP,WE,Towers with Radar,749,226,34,0,1009,0,0,4,7,11,749,226,38,7,1020,0,0,0,1020
09/13/2007,SFO,CA,AWP,WE,Towers with Radar,776,281,48,0,1105,0,0,2,14,16,776,281,50,14,1121,0,0,0,1121
09/14/2007,SFO,CA,AWP,WE,Towers with Radar,767,268,45,0,1080,0,2,9,6,17,767,270,54,6,1097,0,0,0,1097
09/15/2007,SFO,CA,AWP,WE,Towers with Radar,698,211,31,0,940,0,0,2,2,4,698,211,33,2,944,0,0,0,944
09/16/2007,SFO,CA,AWP,WE,Towers with Radar,750,245,68,1,1064,0,0,7,4,11,750,245,75,5,1075,0,0,0,1075
09/17/2007,SFO,CA,AWP,WE,Towers with Radar,731,303,73,2,1109,0,0,5,6,11,731,303,78,8,1120,0,0,0,1120
09/18/2007,SFO,CA,AWP,WE,Towers with Radar,761,297,63,0,1121,0,0,2,4,6,761,297,65,4,1127,0,0,0,1127
09/19/2007,SFO,CA,AWP,WE,Towers with Radar,741,266,56,1,1064,0,1,1,11,13,741,267,57,12,1077,0,0,0,1077
09/20/2007,SFO,CA,AWP,WE,Towers with Radar,774,271,48,0,1093,0,0,3,12,15,774,271,51,12,1108,0,0,0,1108
09/21/2007,SFO,CA,AWP,WE,Towers with Radar,778,270,69,0,1117,0,2,8,8,18,778,272,77,8,1135,0,0,0,1135
09/22/2007,SFO,CA,AWP,WE,Towers with Radar,687,188,21,0,896,0,1,4,2,7,687,189,25,2,903,0,0,0,903
09/23/2007,SFO,CA,AWP,WE,Towers with Radar,749,249,42,1,1041,0,2,2,1,5,749,251,44,2,1046,0,0,0,1046
09/24/2007,SFO,CA,AWP,WE,Towers with Radar,751,287,44,2,1084,0,0,0,5,5,751,287,44,7,1089,0,0,0,1089
09/25/2007,SFO,CA,AWP,WE,Towers with Radar,733,283,50,1,1067,0,0,4,5,9,733,283,54,6,1076,0,0,0,1076
09/26/2007,SFO,CA,AWP,WE,Towers with Radar,761,252,42,1,1056,0,0,5,7,12,761,252,47,8,1068,0,0,0,1068
09/27/2007,SFO,CA,AWP,WE,Towers with Radar,782,257,56,1,1096,0,0,2,7,9,782,257,58,8,1105,0,0,0,1105
09/28/2007,SFO,CA,AWP,WE,Towers with Radar,803,289,42,0,1134,0,0,2,1,3,803,289,44,1,1137,0,0,0,1137
09/29/2007,SFO,CA,AWP,WE,Towers with Radar,721,202,34,0,957,0,0,3,9,12,721,202,37,9,969,0,0,0,969
09/30/2007,SFO,CA,AWP,WE,Towers with Radar,739,252,74,0,1065,0,0,8,3,11,739,252,82,3,1076,0,0,0,1076
10/01/2007,SFO,CA,AWP,WE,Towers with Radar,747,270,53,0,1070,0,0,2,7,9,747,270,55,7,1079,0,0,0,1122
10/02/2007,SFO,CA,AWP,WE,Towers with Radar,774,263,54,10,1101,0,0,7,5,12,774,263,61,15,1113,0,0,0,1158
10/03/2007,SFO,CA,AWP,WE,Towers with Radar,774,288,58,4,1124,0,0,11,10,21,774,288,69,14,1145,0,0,0,1177
10/04/2007,SFO,CA,AWP,WE,Towers with Radar,780,282,59,21,1142,0,0,6,5,11,780,282,65,26,1153,0,0,0,1183
10/05/2007,SFO,CA,AWP,WE,Towers with Radar,768,293,49,3,1113,0,0,10,7,17,768,293,59,10,1130,0,0,0,1158
10/06/2007,SFO,CA,AWP,WE,Towers with Radar,710,213,30,0,953,0,4,5,11,20,710,217,35,11,973,0,0,0,988
10/07/2007,SFO,CA,AWP,WE,Towers with Radar,736,278,58,1,1073,0,2,12,13,27,736,280,70,14,1100,0,0,0,1120
10/08/2007,SFO,CA,AWP,WE,Towers with Radar,766,288,58,15,1127,0,3,14,2,19,766,291,72,17,1146,0,0,0,1176
10/09/2007,SFO,CA,AWP,WE,Towers with Radar,751,248,59,15,1073,0,0,3,4,7,751,248,62,19,1080,0,0,0,1100
10/10/2007,SFO,CA,AWP,WE,Towers with Radar,764,287,49,1,1101,0,0,3,4,7,764,287,52,5,1108,0,0,0,1135
10/11/2007,SFO,CA,AWP,WE,Towers with Radar,776,270,59,1,1106,0,6,6,5,17,776,276,65,6,1123,0,0,0,1170
10/12/2007,SFO,CA,AWP,WE,Towers with Radar,737,196,29,6,968,0,0,0,0,0,737,196,29,6,968,0,0,0,978
10/13/2007,SFO,CA,AWP,WE,Towers with Radar,728,218,32,1,979,0,1,10,3,14,728,219,42,4,993,0,0,0,1034
10/14/2007,SFO,CA,AWP,WE,Towers with Radar,739,253,48,1,1041,0,0,12,1,13,739,253,60,2,1054,0,0,0,1074
10/15/2007,SFO,CA,AWP,WE,Towers with Radar,765,280,41,7,1093,0,0,2,4,6,765,280,43,11,1099,0,0,0,1113
10/16/2007,SFO,CA,AWP,WE,Towers with Radar,762,267,50,7,1086,0,0,1,6,7,762,267,51,13,1093,0,0,0,1109
10/17/2007,SFO,CA,AWP,WE,Towers with Radar,763,279,54,0,1096,0,2,5,5,12,763,281,59,5,1108,0,0,0,1145
10/18/2007,SFO,CA,AWP,WE,Towers with Radar,767,281,51,0,1099,0,2,5,7,14,767,283,56,7,1113,0,0,0,1156
10/19/2007,SFO,CA,AWP,WE,Towers with Radar,777,258,54,2,1091,0,0,7,1,8,777,258,61,3,1099,0,0,0,1116
10/20/2007,SFO,CA,AWP,WE,Towers with Radar,709,203,35,4,951,0,0,7,1,8,709,203,42,5,959,0,0,0,991
10/21/2007,SFO,CA,AWP,WE,Towers with Radar,763,261,45,0,1069,0,0,10,4,14,763,261,55,4,1083,46,0,46,1175
10/22/2007,SFO,CA,AWP,WE,Towers with Radar,757,296,65,2,1120,0,0,3,6,9,757,296,68,8,1129,0,0,0,1181
10/23/2007,SFO,CA,AWP,WE,Towers with Radar,779,289,58,1,1127,0,1,5,7,13,779,290,63,8,1140,0,0,0,1199
10/24/2007,SFO,CA,AWP,WE,Towers with Radar,760,285,65,2,1112,0,1,7,12,20,760,286,72,14,1132,0,0,0,1174
10/25/2007,SFO,CA,AWP,WE,Towers with Radar,770,302,67,1,1140,0,0,5,10,15,770,302,72,11,1155,0,0,0,1191
10/26/2007,SFO,CA,AWP,WE,Towers with Radar,787,280,44,0,1111,0,0,3,8,11,787,280,47,8,1122,0,0,0,1153
10/27/2007,SFO,CA,AWP,WE,Towers with Radar,723,217,54,0,994,0,0,10,4,14,723,217,64,4,1008,0,0,0,1039
10/28/2007,SFO,CA,AWP,WE,Towers with Radar,759,255,54,0,1068,0,2,11,2,15,759,257,65,2,1083,0,0,0,1123
10/29/2007,SFO,CA,AWP,WE,Towers with Radar,766,232,35,2,1035,0,0,5,3,8,766,232,40,5,1043,0,0,0,1046
10/30/2007,SFO,CA,AWP,WE,Towers with Radar,770,264,44,3,1081,0,0,3,10,13,770,264,47,13,1094,0,0,0,1124
10/31/2007,SFO,CA,AWP,WE,Towers with Radar,742,259,35,6,1042,0,1,2,5,8,742,260,37,11,1050,0,0,0,1071
11/01/2007,SFO,CA,AWP,WE,Towers with Radar,767,253,35,0,1055,0,0,0,3,3,767,253,35,3,1058,0,0,0,1089
11/02/2007,SFO,CA,AWP,WE,Towers with Radar,776,252,49,2,1079,0,0,1,4,5,776,252,50,6,1084,0,0,0,1120
11/03/2007,SFO,CA,AWP,WE,Towers with Radar,702,184,25,1,912,0,0,4,1,5,702,184,29,2,917,0,0,0,962
11/04/2007,SFO,CA,AWP,WE,Towers with Radar,759,259,41,0,1059,0,0,9,1,10,759,259,50,1,1069,0,0,0,1119
11/05/2007,SFO,CA,AWP,WE,Towers with Radar,775,267,47,0,1089,0,0,3,12,15,775,267,50,12,1104,0,0,0,1140
11/06/2007,SFO,CA,AWP,WE,Towers with Radar,781,274,53,5,1113,0,0,0,9,9,781,274,53,14,1122,0,0,0,1135
11/07/2007,SFO,CA,AWP,WE,Towers with Radar,788,265,43,4,1100,0,2,2,2,6,788,267,45,6,1106,0,0,0,1119
11/08/2007,SFO,CA,AWP,WE,Towers with Radar,776,224,57,1,1058,0,0,3,14,17,776,224,60,15,1075,0,0,0,1088
11/09/2007,SFO,CA,AWP,WE,Towers with Radar,815,289,79,1,1184,0,1,5,11,17,815,290,84,12,1201,0,0,0,1240
11/10/2007,SFO,CA,AWP,WE,Towers with Radar,710,177,27,1,915,0,3,4,3,10,710,180,31,4,925,0,0,0,932
11/11/2007,SFO,CA,AWP,WE,Towers with Radar,769,257,49,1,1076,0,1,8,6,15,769,258,57,7,1091,0,0,0,1134
11/12/2007,SFO,CA,AWP,WE,Towers with Radar,765,289,52,3,1109,0,1,15,8,24,765,290,67,11,1133,0,0,0,1173
11/13/2007,SFO,CA,AWP,WE,Towers with Radar,771,280,70,1,1122,0,0,4,17,21,771,280,74,18,1143,0,0,0,1186
11/14/2007,SFO,CA,AWP,WE,Towers with Radar,774,285,76,0,1135,0,0,6,10,16,774,285,82,10,1151,0,0,0,1192
11/15/2007,SFO,CA,AWP,WE,Towers with Radar,773,310,75,0,1158,0,0,7,6,13,773,310,82,6,1171,0,0,0,1208
11/16/2007,SFO,CA,AWP,WE,Towers with Radar,790,234,37,1,1062,0,1,8,8,17,790,235,45,9,1079,0,0,0,1094
11/17/2007,SFO,CA,AWP,WE,Towers with Radar,720,217,28,0,965,0,1,4,3,8,720,218,32,3,973,0,0,0,986
11/18/2007,SFO,CA,AWP,WE,Towers with Radar,731,203,34,0,968,0,0,8,2,10,731,203,42,2,978,0,0,0,981
11/19/2007,SFO,CA,AWP,WE,Towers with Radar,770,252,27,1,1050,0,0,10,10,20,770,252,37,11,1070,0,0,0,1099
11/20/2007,SFO,CA,AWP,WE,Towers with Radar,772,273,69,0,1114,0,0,6,20,26,772,273,75,20,1140,0,0,0,1186
11/21/2007,SFO,CA,AWP,WE,Towers with Radar,781,259,53,0,1093,0,0,6,4,10,781,259,59,4,1103,0,0,0,1154
11/22/2007,SFO,CA,AWP,WE,Towers with Radar,614,179,9,0,802,0,0,1,2,3,614,179,10,2,805,0,0,0,826
11/23/2007,SFO,CA,AWP,WE,Towers with Radar,698,176,31,1,906,0,2,3,4,9,698,178,34,5,915,0,0,0,960
11/24/2007,SFO,CA,AWP,WE,Towers with Radar,746,254,29,0,1029,0,1,12,3,16,746,255,41,3,1045,0,0,0,1078
11/25/2007,SFO,CA,AWP,WE,Towers with Radar,784,281,67,1,1133,0,3,5,6,14,784,284,72,7,1147,0,0,0,1167
11/26/2007,SFO,CA,AWP,WE,Towers with Radar,773,274,45,2,1094,0,0,12,7,19,773,274,57,9,1113,0,0,0,1151
11/27/2007,SFO,CA,AWP,WE,Towers with Radar,761,258,50,0,1069,0,0,6,11,17,761,258,56,11,1086,0,0,0,1117
11/28/2007,SFO,CA,AWP,WE,Towers with Radar,772,286,56,0,1114,0,0,25,10,35,772,286,81,10,1149,0,0,0,1188
11/29/2007,SFO,CA,AWP,WE,Towers with Radar,768,281,50,0,1099,0,4,11,8,23,768,285,61,8,1122,0,0,0,1157
11/30/2007,SFO,CA,AWP,WE,Towers with Radar,798,257,40,1,1096,0,2,1,7,10,798,259,41,8,1106,0,0,0,1136
12/01/2007,SFO,CA,AWP,WE,Towers with Radar,684,190,25,1,900,0,1,3,3,7,684,191,28,4,907,0,0,0,944
12/02/2007,SFO,CA,AWP,WE,Towers with Radar,714,249,47,0,1010,0,0,4,0,4,714,249,51,0,1014,0,0,0,1023
12/03/2007,SFO,CA,AWP,WE,Towers with Radar,748,251,46,0,1045,0,0,3,8,11,748,251,49,8,1056,0,0,0,1074
12/04/2007,SFO,CA,AWP,WE,Towers with Radar,726,251,39,2,1018,0,0,2,6,8,726,251,41,8,1026,0,0,0,1028
12/05/2007,SFO,CA,AWP,WE,Towers with Radar,749,249,48,2,1048,0,0,2,2,4,749,249,50,4,1052,0,0,0,1057
12/06/2007,SFO,CA,AWP,WE,Towers with Radar,748,216,47,1,1012,0,0,1,4,5,748,216,48,5,1017,0,0,0,1017
12/07/2007,SFO,CA,AWP,WE,Towers with Radar,827,256,45,0,1128,0,0,3,4,7,827,256,48,4,1135,0,0,0,1150
12/08/2007,SFO,CA,AWP,WE,Towers with Radar,706,186,20,0,912,0,0,2,4,6,706,186,22,4,918,0,0,0,945
12/09/2007,SFO,CA,AWP,WE,Towers with Radar,769,247,37,0,1053,0,1,9,2,12,769,248,46,2,1065,0,0,0,1095
12/10/2007,SFO,CA,AWP,WE,Towers with Radar,764,262,65,0,1091,0,0,6,9,15,764,262,71,9,1106,0,0,0,1153
12/11/2007,SFO,CA,AWP,WE,Towers with Radar,746,275,41,2,1064,0,1,6,14,21,746,276,47,16,1085,0,0,0,1117
12/12/2007,SFO,CA,AWP,WE,Towers with Radar,773,261,70,0,1104,0,0,5,9,14,773,261,75,9,1118,0,0,0,1165
12/13/2007,SFO,CA,AWP,WE,Towers with Radar,759,262,45,2,1068,0,0,3,8,11,759,262,48,10,1079,0,0,0,1095
12/14/2007,SFO,CA,AWP,WE,Towers with Radar,799,262,53,2,1116,0,1,6,2,9,799,263,59,4,1125,0,0,0,1160
12/15/2007,SFO,CA,AWP,WE,Towers with Radar,714,216,21,0,951,0,0,1,2,3,714,216,22,2,954,0,0,0,979
12/16/2007,SFO,CA,AWP,WE,Towers with Radar,721,262,30,1,1014,0,0,7,4,11,721,262,37,5,1025,0,0,0,1037
12/17/2007,SFO,CA,AWP,WE,Towers with Radar,754,282,41,0,1077,0,0,1,8,9,754,282,42,8,1086,0,0,0,1102
12/18/2007,SFO,CA,AWP,WE,Towers with Radar,769,239,26,0,1034,0,0,0,8,8,769,239,26,8,1042,0,0,0,1048
12/19/2007,SFO,CA,AWP,WE,Towers with Radar,778,258,41,2,1079,0,0,1,6,7,778,258,42,8,1086,0,0,0,1112
12/20/2007,SFO,CA,AWP,WE,Towers with Radar,788,264,45,4,1101,0,3,6,17,26,788,267,51,21,1127,0,0,0,1142
12/21/2007,SFO,CA,AWP,WE,Towers with Radar,800,282,41,1,1124,0,1,3,0,4,800,283,44,1,1128,0,0,0,1173
12/22/2007,SFO,CA,AWP,WE,Towers with Radar,764,244,36,0,1044,0,0,6,3,9,764,244,42,3,1053,0,0,0,1076
12/23/2007,SFO,CA,AWP,WE,Towers with Radar,758,253,41,0,1052,0,2,3,6,11,758,255,44,6,1063,0,0,0,1083
12/24/2007,SFO,CA,AWP,WE,Towers with Radar,674,203,23,0,900,0,0,5,2,7,674,203,28,2,907,0,0,0,922
12/25/2007,SFO,CA,AWP,WE,Towers with Radar,636,224,19,0,879,0,0,3,1,4,636,224,22,1,883,0,0,0,906
12/26/2007,SFO,CA,AWP,WE,Towers with Radar,748,278,61,1,1088,0,0,2,6,8,748,278,63,7,1096,0,0,0,1129
12/27/2007,SFO,CA,AWP,WE,Towers with Radar,748,259,33,0,1040,0,0,8,9,17,748,259,41,9,1057,0,0,0,1090
12/28/2007,SFO,CA,AWP,WE,Towers with Radar,799,211,29,0,1039,0,1,4,4,9,799,212,33,4,1048,0,0,0,1061
12/29/2007,SFO,CA,AWP,WE,Towers with Radar,731,221,16,0,968,0,0,1,0,1,731,221,17,0,969,0,0,0,969
12/30/2007,SFO,CA,AWP,WE,Towers with Radar,737,280,33,1,1051,0,3,7,3,13,737,283,40,4,1064,0,0,0,1086
12/31/2007,SFO,CA,AWP,WE,Towers with Radar,701,211,18,0,930,0,0,3,3,6,701,211,21,3,936,0,0,0,975
01/01/2008,SFO,CA,AWP,WE,Towers with Radar,724,253,50,0,1027,0,0,0,0,0,724,253,50,0,1027,0,0,0,1053
01/02/2008,SFO,CA,AWP,WE,Towers with Radar,755,277,49,1,1082,0,0,1,3,4,755,277,50,4,1086,0,0,0,1111
01/03/2008,SFO,CA,AWP,WE,Towers with Radar,705,198,24,3,930,0,0,3,4,7,705,198,27,7,937,0,0,0,944
01/04/2008,SFO,CA,AWP,WE,Towers with Radar,664,126,13,3,806,0,0,0,0,0,664,126,13,3,806,0,0,0,806
01/05/2008,SFO,CA,AWP,WE,Towers with Radar,702,187,21,3,913,0,0,0,1,1,702,187,21,4,914,0,0,0,914
01/06/2008,SFO,CA,AWP,WE,Towers with Radar,757,237,47,0,1041,0,0,3,2,5,757,237,50,2,1046,0,0,0,1047
01/07/2008,SFO,CA,AWP,WE,Towers with Radar,750,276,64,0,1090,0,0,1,3,4,750,276,65,3,1094,0,0,0,1117
01/08/2008,SFO,CA,AWP,WE,Towers with Radar,695,224,43,0,962,0,0,1,7,8,695,224,44,7,970,0,0,0,987
01/09/2008,SFO,CA,AWP,WE,Towers with Radar,740,282,40,2,1064,0,0,3,4,7,740,282,43,6,1071,0,0,0,1080
01/10/2008,SFO,CA,AWP,WE,Towers with Radar,720,228,43,3,994,0,0,0,4,4,720,228,43,7,998,0,0,0,999
01/11/2008,SFO,CA,AWP,WE,Towers with Radar,774,227,23,1,1025,0,0,2,15,17,774,227,25,16,1042,0,0,0,1056
01/12/2008,SFO,CA,AWP,WE,Towers with Radar,658,188,31,3,880,0,0,5,22,27,658,188,36,25,907,0,0,0,933
01/13/2008,SFO,CA,AWP,WE,Towers with Radar,691,252,44,2,989,0,0,2,1,3,691,252,46,3,992,0,0,0,1008
01/14/2008,SFO,CA,AWP,WE,Towers with Radar,713,254,41,3,1011,0,1,11,8,20,713,255,52,11,1031,0,0,0,1065
01/15/2008,SFO,CA,AWP,WE,Towers with Radar,725,214,49,0,988,0,0,0,4,4,725,214,49,4,992,0,0,0,1001
01/16/2008,SFO,CA,AWP,WE,Towers with Radar,739,267,51,0,1057,0,0,1,12,13,739,267,52,12,1070,0,0,0,1099
01/17/2008,SFO,CA,AWP,WE,Towers with Radar,734,250,40,0,1024,0,0,2,9,11,734,250,42,9,1035,0,0,0,1064
01/18/2008,SFO,CA,AWP,WE,Towers with Radar,758,291,51,0,1100,0,0,1,4,5,758,291,52,4,1105,0,0,0,1147
01/19/2008,SFO,CA,AWP,WE,Towers with Radar,641,199,33,0,873,0,0,2,2,4,641,199,35,2,877,0,0,0,910
01/20/2008,SFO,CA,AWP,WE,Towers with Radar,683,240,22,0,945,0,0,3,2,5,683,240,25,2,950,0,0,0,966
01/21/2008,SFO,CA,AWP,WE,Towers with Radar,704,206,32,0,942,0,0,5,2,7,704,206,37,2,949,0,0,0,960
01/22/2008,SFO,CA,AWP,WE,Towers with Radar,716,242,39,0,997,0,0,0,9,9,716,242,39,9,1006,0,0,0,1022
01/23/2008,SFO,CA,AWP,WE,Towers with Radar,716,222,40,0,978,0,0,0,6,6,716,222,40,6,984,0,0,0,996
01/24/2008,SFO,CA,AWP,WE,Towers with Radar,719,240,23,0,982,0,0,3,4,7,719,240,26,4,989,0,0,0,994
01/25/2008,SFO,CA,AWP,WE,Towers with Radar,686,148,17,4,855,0,0,0,1,1,686,148,17,5,856,0,0,0,857
01/26/2008,SFO,CA,AWP,WE,Towers with Radar,703,189,20,0,912,0,0,15,4,19,703,189,35,4,931,0,0,0,944
01/27/2008,SFO,CA,AWP,WE,Towers with Radar,678,184,18,1,881,0,0,8,2,10,678,184,26,3,891,0,0,0,891
01/28/2008,SFO,CA,AWP,WE,Towers with Radar,742,267,26,4,1039,0,0,9,10,19,742,267,35,14,1058,0,0,0,1104
01/29/2008,SFO,CA,AWP,WE,Towers with Radar,684,228,20,3,935,0,1,1,9,11,684,229,21,12,946,0,0,0,976
01/30/2008,SFO,CA,AWP,WE,Towers with Radar,737,255,28,4,1024,0,0,1,9,10,737,255,29,13,1034,0,0,0,1067
01/31/2008,SFO,CA,AWP,WE,Towers with Radar,686,231,29,12,958,0,0,0,0,0,686,231,29,12,958,0,0,0,958
02/01/2008,SFO,CA,AWP,WE,Towers with Radar,758,280,44,1,1083,0,0,1,6,7,758,280,45,7,1090,0,0,0,1121
02/02/2008,SFO,CA,AWP,WE,Towers with Radar,649,197,16,2,864,0,0,2,1,3,649,197,18,3,867,0,0,0,869
02/03/2008,SFO,CA,AWP,WE,Towers with Radar,693,234,19,1,947,0,1,9,3,13,693,235,28,4,960,0,0,0,962
02/04/2008,SFO,CA,AWP,WE,Towers with Radar,712,283,61,1,1057,0,0,5,6,11,712,283,66,7,1068,0,0,0,1096
02/05/2008,SFO,CA,AWP,WE,Towers with Radar,712,263,52,0,1027,0,0,3,6,9,712,263,55,6,1036,0,0,0,1074
02/06/2008,SFO,CA,AWP,WE,Towers with Radar,705,272,65,0,1042,0,0,2,10,12,705,272,67,10,1054,0,0,0,1078
02/07/2008,SFO,CA,AWP,WE,Towers with Radar,745,274,69,0,1088,0,1,3,11,15,745,275,72,11,1103,0,0,0,1138
02/08/2008,SFO,CA,AWP,WE,Towers with Radar,744,261,51,1,1057,0,0,1,4,5,744,261,52,5,1062,0,0,0,1099
02/09/2008,SFO,CA,AWP,WE,Towers with Radar,660,201,62,1,924,0,1,6,7,14,660,202,68,8,938,0,0,0,979
02/10/2008,SFO,CA,AWP,WE,Towers with Radar,690,266,66,0,1022,0,0,8,2,10,690,266,74,2,1032,0,0,0,1056
02/11/2008,SFO,CA,AWP,WE,Towers with Radar,737,271,63,4,1075,0,0,2,6,8,737,271,65,10,1083,0,0,0,1132
02/12/2008,SFO,CA,AWP,WE,Towers with Radar,704,288,32,2,1026,0,0,11,7,18,704,288,43,9,1044,0,0,0,1092
02/13/2008,SFO,CA,AWP,WE,Towers with Radar,731,275,62,0,1068,0,0,3,8,11,731,275,65,8,1079,0,0,0,1110
02/14/2008,SFO,CA,AWP,WE,Towers with Radar,769,278,45,2,1094,0,0,2,11,13,769,278,47,13,1107,0,0,0,1143
02/15/2008,SFO,CA,AWP,WE,Towers with Radar,783,285,57,0,1125,0,0,5,10,15,783,285,62,10,1140,0,0,0,1185
02/16/2008,SFO,CA,AWP,WE,Towers with Radar,673,232,28,2,935,0,0,7,3,10,673,232,35,5,945,0,0,0,969
02/17/2008,SFO,CA,AWP,WE,Towers with Radar,702,247,22,1,972,0,0,4,3,7,702,247,26,4,979,0,0,0,985
02/18/2008,SFO,CA,AWP,WE,Towers with Radar,755,249,48,0,1052,0,0,4,4,8,755,249,52,4,1060,0,0,0,1085
02/19/2008,SFO,CA,AWP,WE,Towers with Radar,731,220,30,0,981,0,0,2,10,12,731,220,32,10,993,0,0,0,1005
02/20/2008,SFO,CA,AWP,WE,Towers with Radar,753,249,50,0,1052,0,0,2,8,10,753,249,52,8,1062,0,0,0,1084
02/21/2008,SFO,CA,AWP,WE,Towers with Radar,754,218,21,2,995,0,1,4,9,14,754,219,25,11,1009,0,0,0,1029
02/22/2008,SFO,CA,AWP,WE,Towers with Radar,734,242,34,4,1014,0,0,5,1,6,734,242,39,5,1020,0,0,0,1039
02/23/2008,SFO,CA,AWP,WE,Towers with Radar,694,163,21,0,878,0,0,0,0,0,694,163,21,0,878,0,0,0,879
02/24/2008,SFO,CA,AWP,WE,Towers with Radar,733,203,24,0,960,0,0,0,4,4,733,203,24,4,964,0,0,0,964
02/25/2008,SFO,CA,AWP,WE,Towers with Radar,754,242,49,3,1048,0,0,6,7,13,754,242,55,10,1061,0,0,0,1094
02/26/2008,SFO,CA,AWP,WE,Towers with Radar,732,258,52,0,1042,0,1,0,8,9,732,259,52,8,1051,0,0,0,1092
02/27/2008,SFO,CA,AWP,WE,Towers with Radar,774,263,71,0,1108,0,1,2,11,14,774,264,73,11,1122,0,0,0,1160
02/28/2008,SFO,CA,AWP,WE,Towers with Radar,765,260,52,0,1077,0,0,2,6,8,765,260,54,6,1085,0,0,0,1142
02/29/2008,SFO,CA,AWP,WE,Towers with Radar,773,230,39,1,1043,0,0,0,3,3,773,230,39,4,1046,0,0,0,1058
03/01/2008,SFO,CA,AWP,WE,Towers with Radar,705,216,41,1,963,0,0,7,9,16,705,216,48,10,979,0,0,0,1008
03/02/2008,SFO,CA,AWP,WE,Towers with Radar,736,238,32,0,1006,0,1,3,6,10,736,239,35,6,1016,0,0,0,1050
03/03/2008,SFO,CA,AWP,WE,Towers with Radar,746,273,47,0,1066,0,0,3,8,11,746,273,50,8,1077,0,0,0,1119
03/04/2008,SFO,CA,AWP,WE,Towers with Radar,742,284,53,2,1081,0,0,5,10,15,742,284,58,12,1096,0,0,0,1136
03/05/2008,SFO,CA,AWP,WE,Towers with Radar,759,252,56,0,1067,0,0,2,7,9,759,252,58,7,1076,0,0,0,1125
03/06/2008,SFO,CA,AWP,WE,Towers with Radar,752,264,54,0,1070,0,0,2,8,10,752,264,56,8,1080,0,0,0,1117
03/07/2008,SFO,CA,AWP,WE,Towers with Radar,748,285,69,0,1102,0,0,4,7,11,748,285,73,7,1113,0,0,0,1155
03/08/2008,SFO,CA,AWP,WE,Towers with Radar,672,219,25,0,916,0,1,1,0,2,672,220,26,0,918,0,0,0,939
03/09/2008,SFO,CA,AWP,WE,Towers with Radar,738,277,58,0,1073,0,0,9,1,10,738,277,67,1,1083,0,0,0,1131
03/10/2008,SFO,CA,AWP,WE,Towers with Radar,758,265,44,0,1067,0,0,1,8,9,758,265,45,8,1076,0,0,0,1107
03/11/2008,SFO,CA,AWP,WE,Towers with Radar,770,271,42,2,1085,0,0,0,5,5,770,271,42,7,1090,0,0,0,1120
03/12/2008,SFO,CA,AWP,WE,Towers with Radar,770,249,36,1,1056,0,1,0,8,9,770,250,36,9,1065,0,0,0,1104
03/13/2008,SFO,CA,AWP,WE,Towers with Radar,778,238,47,0,1063,0,0,6,2,8,778,238,53,2,1071,0,0,0,1091
03/14/2008,SFO,CA,AWP,WE,Towers with Radar,824,271,33,5,1133,0,0,1,4,5,824,271,34,9,1138,0,0,0,1165
03/15/2008,SFO,CA,AWP,WE,Towers with Radar,707,212,28,0,947,0,0,2,5,7,707,212,30,5,954,0,0,0,969
03/16/2008,SFO,CA,AWP,WE,Towers with Radar,743,234,38,1,1016,0,0,10,10,20,743,234,48,11,1036,0,0,0,1078
03/17/2008,SFO,CA,AWP,WE,Towers with Radar,757,255,36,0,1048,0,0,9,3,12,757,255,45,3,1060,0,0,0,1111
03/18/2008,SFO,CA,AWP,WE,Towers with Radar,769,266,52,0,1087,0,0,1,10,11,769,266,53,10,1098,0,0,0,1142
03/19/2008,SFO,CA,AWP,WE,Towers with Radar,766,254,48,3,1071,0,1,2,8,11,766,255,50,11,1082,0,0,0,1098
03/20/2008,SFO,CA,AWP,WE,Towers with Radar,803,266,58,1,1128,0,0,2,6,8,803,266,60,7,1136,0,0,0,1187
03/21/2008,SFO,CA,AWP,WE,Towers with Radar,782,276,34,0,1092,0,0,0,8,8,782,276,34,8,1100,0,0,0,1158
03/22/2008,SFO,CA,AWP,WE,Towers with Radar,705,206,33,0,944,0,0,5,4,9,705,206,38,4,953,0,0,0,1007
03/23/2008,SFO,CA,AWP,WE,Towers with Radar,747,248,29,0,1024,0,0,1,3,4,747,248,30,3,1028,0,0,0,1072
03/24/2008,SFO,CA,AWP,WE,Towers with Radar,786,236,32,1,1055,0,0,1,5,6,786,236,33,6,1061,0,0,0,1107
03/25/2008,SFO,CA,AWP,WE,Towers with Radar,745,255,31,0,1031,0,0,6,16,22,745,255,37,16,1053,0,0,0,1069
03/26/2008,SFO,CA,AWP,WE,Towers with Radar,784,265,57,0,1106,0,0,5,14,19,784,265,62,14,1125,0,0,0,1174
03/27/2008,SFO,CA,AWP,WE,Towers with Radar,783,245,57,12,1097,0,0,0,0,0,783,245,57,12,1097,0,0,0,1097
03/28/2008,SFO,CA,AWP,WE,Towers with Radar,782,265,49,1,1097,0,0,3,7,10,782,265,52,8,1107,0,0,0,1154
03/29/2008,SFO,CA,AWP,WE,Towers with Radar,719,218,29,2,968,0,0,6,4,10,719,218,35,6,978,0,0,0,991
03/30/2008,SFO,CA,AWP,WE,Towers with Radar,768,248,56,0,1072,0,0,4,2,6,768,248,60,2,1078,0,0,0,1110
03/31/2008,SFO,CA,AWP,WE,Towers with Radar,786,230,32,0,1048,0,0,7,10,17,786,230,39,10,1065,0,0,0,1112
04/01/2008,SFO,CA,AWP,WE,Towers with Radar,799,238,46,0,1083,0,0,4,6,10,799,238,50,6,1093,0,0,0,1131
04/02/2008,SFO,CA,AWP,WE,Towers with Radar,792,229,47,2,1070,0,0,5,7,12,792,229,52,9,1082,0,0,0,1124
04/03/2008,SFO,CA,AWP,WE,Towers with Radar,806,225,45,0,1076,0,0,3,8,11,806,225,48,8,1087,0,0,0,1149
04/04/2008,SFO,CA,AWP,WE,Towers with Radar,815,221,49,0,1085,0,0,9,0,9,815,221,58,0,1094,0,0,0,1126
04/05/2008,SFO,CA,AWP,WE,Towers with Radar,695,190,25,0,910,0,0,2,2,4,695,190,27,2,914,0,0,0,936
04/06/2008,SFO,CA,AWP,WE,Towers with Radar,775,210,48,1,1034,0,0,9,1,10,775,210,57,2,1044,0,0,0,1061
04/07/2008,SFO,CA,AWP,WE,Towers with Radar,789,235,33,1,1058,0,0,4,6,10,789,235,37,7,1068,0,0,0,1113
04/08/2008,SFO,CA,AWP,WE,Towers with Radar,767,238,51,1,1057,0,0,6,10,16,767,238,57,11,1073,0,0,0,1096
04/09/2008,SFO,CA,AWP,WE,Towers with Radar,765,244,38,2,1049,0,0,5,10,15,765,244,43,12,1064,0,0,0,1114
04/10/2008,SFO,CA,AWP,WE,Towers with Radar,790,221,52,0,1063,0,0,4,8,12,790,221,56,8,1075,0,0,0,1134
04/11/2008,SFO,CA,AWP,WE,Towers with Radar,812,240,31,0,1083,0,0,6,2,8,812,240,37,2,1091,0,0,0,1132
04/12/2008,SFO,CA,AWP,WE,Towers with Radar,749,179,43,0,971,0,0,1,1,2,749,179,44,1,973,0,0,0,1039
04/13/2008,SFO,CA,AWP,WE,Towers with Radar,795,229,41,0,1065,0,0,2,2,4,795,229,43,2,1069,0,0,0,1115
04/14/2008,SFO,CA,AWP,WE,Towers with Radar,787,224,35,0,1046,0,0,6,7,13,787,224,41,7,1059,0,0,0,1069
04/15/2008,SFO,CA,AWP,WE,Towers with Radar,802,231,51,0,1084,0,0,6,11,17,802,231,57,11,1101,0,0,0,1136
04/16/2008,SFO,CA,AWP,WE,Towers with Radar,798,238,44,0,1080,0,0,4,9,13,798,238,48,9,1093,0,0,0,1145
04/17/2008,SFO,CA,AWP,WE,Towers with Radar,806,250,61,0,1117,0,0,5,8,13,806,307,66,8,1187,0,0,0,1187
04/18/2008,SFO,CA,AWP,WE,Towers with Radar,846,229,44,1,1120,0,0,1,4,5,846,229,45,5,1125,0,0,0,1140
04/19/2008,SFO,CA,AWP,WE,Towers with Radar,746,179,30,0,955,0,0,7,4,11,746,179,37,4,966,0,0,0,976
04/20/2008,SFO,CA,AWP,WE,Towers with Radar,770,208,37,0,1015,0,0,6,2,8,770,208,43,2,1023,0,0,0,1059
04/21/2008,SFO,CA,AWP,WE,Towers with Radar,790,224,38,0,1052,0,1,4,11,16,790,225,42,11,1068,0,0,0,1106
04/22/2008,SFO,CA,AWP,WE,Towers with Radar,780,246,60,1,1087,0,0,3,9,12,780,246,63,10,1099,0,0,0,1124
04/23/2008,SFO,CA,AWP,WE,Towers with Radar,788,250,62,0,1100,0,0,2,7,9,788,250,64,7,1109,0,0,0,1145
04/24/2008,SFO,CA,AWP,WE,Towers with Radar,802,244,63,0,1109,0,1,4,8,13,802,245,67,8,1122,0,0,0,1177
04/25/2008,SFO,CA,AWP,WE,Towers with Radar,826,233,39,0,1098,0,2,3,7,12,826,235,42,7,1110,0,0,0,1167
04/26/2008,SFO,CA,AWP,WE,Towers with Radar,726,185,27,0,938,0,0,15,5,20,726,185,42,5,958,0,0,0,1002
04/27/2008,SFO,CA,AWP,WE,Towers with Radar,776,232,44,0,1052,0,1,9,3,13,776,233,53,3,1065,0,0,0,1098
04/28/2008,SFO,CA,AWP,WE,Towers with Radar,790,237,47,1,1075,0,1,4,13,18,790,238,51,14,1093,0,0,0,1134
04/29/2008,SFO,CA,AWP,WE,Towers with Radar,805,236,46,2,1089,0,0,2,10,12,805,236,48,12,1101,0,0,0,1115
04/30/2008,SFO,CA,AWP,WE,Towers with Radar,804,241,51,0,1096,0,0,5,9,14,804,241,56,9,1110,31,0,31,1172
05/01/2008,SFO,CA,AWP,WE,Towers with Radar,819,249,25,6,1099,0,0,0,0,0,819,249,25,6,1099,0,0,0,1099
05/02/2008,SFO,CA,AWP,WE,Towers with Radar,809,252,49,2,1112,0,1,6,5,12,809,253,55,7,1124,0,0,0,1161
05/03/2008,SFO,CA,AWP,WE,Towers with Radar,749,188,20,1,958,0,1,1,1,3,749,189,21,2,961,0,0,0,978
05/04/2008,SFO,CA,AWP,WE,Towers with Radar,784,226,31,0,1041,0,0,6,2,8,784,226,37,2,1049,0,0,0,1053
05/05/2008,SFO,CA,AWP,WE,Towers with Radar,824,240,44,0,1108,0,0,4,7,11,824,240,48,7,1119,0,0,0,1146
05/06/2008,SFO,CA,AWP,WE,Towers with Radar,811,228,49,1,1089,0,0,0,5,5,811,228,49,6,1094,0,0,0,1128
05/07/2008,SFO,CA,AWP,WE,Towers with Radar,821,246,53,0,1120,0,0,3,9,12,821,246,56,9,1132,0,0,0,1148
05/08/2008,SFO,CA,AWP,WE,Towers with Radar,807,268,70,5,1150,0,0,7,8,15,807,268,77,13,1165,0,0,0,1190
05/09/2008,SFO,CA,AWP,WE,Towers with Radar,827,237,41,5,1110,0,0,2,8,10,827,237,43,13,1120,0,0,0,1155
05/10/2008,SFO,CA,AWP,WE,Towers with Radar,752,176,28,0,956,0,2,5,2,9,752,178,33,2,965,0,0,0,982
05/11/2008,SFO,CA,AWP,WE,Towers with Radar,798,228,29,1,1056,0,0,8,6,14,798,228,37,7,1070,0,0,0,1079
05/12/2008,SFO,CA,AWP,WE,Towers with Radar,816,244,50,0,1110,0,0,4,3,7,816,244,54,3,1117,0,0,0,1149
05/13/2008,SFO,CA,AWP,WE,Towers with Radar,827,229,56,1,1113,0,0,8,7,15,827,229,64,8,1128,0,0,0,1162
05/14/2008,SFO,CA,AWP,WE,Towers with Radar,834,224,59,2,1119,0,0,6,4,10,834,224,65,6,1129,0,0,0,1161
05/15/2008,SFO,CA,AWP,WE,Towers with Radar,835,246,60,2,1143,0,0,3,3,6,835,246,63,5,1149,0,0,0,1181
05/16/2008,SFO,CA,AWP,WE,Towers with Radar,840,227,42,3,1112,0,2,4,7,13,840,229,46,10,1125,0,0,0,1159
05/17/2008,SFO,CA,AWP,WE,Towers with Radar,752,180,17,0,949,0,0,8,6,14,752,180,25,6,963,0,0,0,1015
05/18/2008,SFO,CA,AWP,WE,Towers with Radar,814,212,51,4,1081,0,1,3,5,9,814,213,54,9,1090,0,0,0,1114
05/19/2008,SFO,CA,AWP,WE,Towers with Radar,830,236,38,2,1106,0,0,8,8,16,830,236,46,10,1122,0,0,0,1137
05/20/2008,SFO,CA,AWP,WE,Towers with Radar,821,228,59,0,1108,0,0,2,7,9,821,228,61,7,1117,0,0,0,1128
05/21/2008,SFO,CA,AWP,WE,Towers with Radar,827,222,52,3,1104,0,0,2,10,12,827,222,54,13,1116,0,0,0,1141
05/22/2008,SFO,CA,AWP,WE,Towers with Radar,843,222,44,7,1116,0,0,0,0,0,843,222,44,7,1116,0,0,0,1116
05/23/2008,SFO,CA,AWP,WE,Towers with Radar,866,243,39,1,1149,0,0,8,5,13,866,243,47,6,1162,0,0,0,1175
05/24/2008,SFO,CA,AWP,WE,Towers with Radar,769,162,14,3,948,0,1,7,1,9,769,163,21,4,957,0,0,0,963
05/25/2008,SFO,CA,AWP,WE,Towers with Radar,734,159,25,0,918,0,0,8,5,13,734,159,33,5,931,0,0,0,944
05/26/2008,SFO,CA,AWP,WE,Towers with Radar,805,241,36,0,1082,0,0,2,9,11,805,241,38,9,1093,0,0,0,1113
05/27/2008,SFO,CA,AWP,WE,Towers with Radar,805,241,51,0,1097,0,0,2,5,7,805,241,53,5,1104,0,0,0,1145
05/28/2008,SFO,CA,AWP,WE,Towers with Radar,835,240,36,0,1111,20,0,4,4,28,855,240,40,4,1139,0,0,0,1178
05/29/2008,SFO,CA,AWP,WE,Towers with Radar,832,246,54,0,1132,0,4,12,10,26,832,250,66,10,1158,0,0,0,1193
05/30/2008,SFO,CA,AWP,WE,Towers with Radar,841,225,40,0,1106,0,0,2,0,2,841,225,42,0,1108,0,0,0,1124
05/31/2008,SFO,CA,AWP,WE,Towers with Radar,786,198,15,3,1002,0,0,7,3,10,786,198,22,6,1012,0,0,0,1018
06/01/2008,SFO,CA,AWP,WE,Towers with Radar,800,214,26,3,1043,0,0,10,1,11,800,214,36,4,1054,0,0,0,1066
06/02/2008,SFO,CA,AWP,WE,Towers with Radar,838,248,32,1,1119,0,0,3,11,14,838,248,35,12,1133,0,0,0,1169
06/03/2008,SFO,CA,AWP,WE,Towers with Radar,796,170,25,2,993,0,0,4,4,8,796,170,29,6,1001,0,0,0,1008
06/04/2008,SFO,CA,AWP,WE,Towers with Radar,849,232,32,3,1116,0,1,3,11,15,849,233,35,14,1131,0,0,0,1155
06/05/2008,SFO,CA,AWP,WE,Towers with Radar,822,236,67,0,1125,0,0,2,16,18,822,236,69,16,1143,0,0,0,1163
06/06/2008,SFO,CA,AWP,WE,Towers with Radar,884,246,49,1,1180,0,0,2,11,13,884,246,51,12,1193,0,0,0,1222
06/07/2008,SFO,CA,AWP,WE,Towers with Radar,766,221,23,1,1011,0,0,3,1,4,766,221,26,2,1015,0,0,0,1038
06/08/2008,SFO,CA,AWP,WE,Towers with Radar,826,248,41,3,1118,0,0,10,4,14,826,248,51,7,1132,0,0,0,1150
06/09/2008,SFO,CA,AWP,WE,Towers with Radar,846,233,51,3,1133,0,0,3,7,10,846,233,54,10,1143,0,0,0,1178
06/10/2008,SFO,CA,AWP,WE,Towers with Radar,823,238,49,0,1110,0,0,4,8,12,823,238,53,8,1122,0,0,0,1166
06/11/2008,SFO,CA,AWP,WE,Towers with Radar,869,261,50,1,1181,0,0,15,5,20,869,261,65,6,1201,0,0,0,1245
06/12/2008,SFO,CA,AWP,WE,Towers with Radar,867,255,49,0,1171,0,1,4,2,7,867,256,53,2,1178,0,0,0,1222
06/13/2008,SFO,CA,AWP,WE,Towers with Radar,861,255,48,2,1166,0,1,4,8,13,861,256,52,10,1179,0,0,0,1227
06/14/2008,SFO,CA,AWP,WE,Towers with Radar,807,207,33,1,1048,0,0,5,5,10,807,207,38,6,1058,0,0,0,1083
06/15/2008,SFO,CA,AWP,WE,Towers with Radar,839,242,33,0,1114,0,0,1,5,6,839,242,34,5,1120,0,0,0,1132
06/16/2008,SFO,CA,AWP,WE,Towers with Radar,0,0,0,0,0,850,241,57,6,1154,850,241,57,6,1154,0,0,0,1154
06/17/2008,SFO,CA,AWP,WE,Towers with Radar,864,248,71,1,1184,0,1,2,8,11,864,249,73,9,1195,0,0,0,1221
06/18/2008,SFO,CA,AWP,WE,Towers with Radar,853,255,55,0,1163,0,3,2,17,22,853,258,57,17,1185,0,0,0,1222
06/19/2008,SFO,CA,AWP,WE,Towers with Radar,858,240,44,0,1142,0,0,6,6,12,858,240,50,6,1154,0,0,0,1188
06/20/2008,SFO,CA,AWP,WE,Towers with Radar,860,257,55,1,1173,0,0,3,7,10,860,257,58,8,1183,0,0,0,1219
06/21/2008,SFO,CA,AWP,WE,Towers with Radar,815,216,24,0,1055,0,1,6,10,17,815,217,30,10,1072,0,0,0,1107
06/22/2008,SFO,CA,AWP,WE,Towers with Radar,839,250,43,2,1134,0,0,8,3,11,839,250,51,5,1145,0,0,0,1170
06/23/2008,SFO,CA,AWP,WE,Towers with Radar,830,225,49,0,1104,0,0,5,11,16,830,225,54,11,1120,0,0,0,1143
06/24/2008,SFO,CA,AWP,WE,Towers with Radar,891,248,26,1,1166,0,0,7,11,18,891,248,33,12,1184,0,0,0,1199
06/25/2008,SFO,CA,AWP,WE,Towers with Radar,814,234,39,0,1087,0,0,5,9,14,814,234,44,9,1101,0,0,0,1118
06/26/2008,SFO,CA,AWP,WE,Towers with Radar,894,245,43,1,1183,0,0,6,8,14,894,245,49,9,1197,0,0,0,1216
06/27/2008,SFO,CA,AWP,WE,Towers with Radar,896,249,24,3,1172,0,0,2,4,6,896,249,26,7,1178,0,0,0,1199
06/28/2008,SFO,CA,AWP,WE,Towers with Radar,801,211,10,1,1023,0,0,1,1,2,801,211,11,2,1025,0,0,0,1027
06/29/2008,SFO,CA,AWP,WE,Towers with Radar,850,241,27,2,1120,0,0,2,1,3,850,241,29,3,1123,0,0,0,1136
06/30/2008,SFO,CA,AWP,WE,Towers with Radar,884,244,26,1,1155,0,0,2,5,7,884,244,28,6,1162,0,0,0,1174
07/01/2008,SFO,CA,AWP,WE,Towers with Radar,873,240,30,2,1145,0,0,6,6,12,873,240,36,8,1157,0,0,0,1157
07/02/2008,SFO,CA,AWP,WE,Towers with Radar,868,273,18,1,1160,0,0,7,6,13,868,273,25,7,1173,0,0,0,1173
07/03/2008,SFO,CA,AWP,WE,Towers with Radar,876,261,24,1,1162,0,0,2,7,9,876,261,26,8,1171,0,0,0,1171
07/04/2008,SFO,CA,AWP,WE,Towers with Radar,750,162,13,0,925,0,0,1,2,3,750,162,14,2,928,0,0,0,928
07/05/2008,SFO,CA,AWP,WE,Towers with Radar,800,204,14,1,1019,0,0,7,3,10,800,204,21,4,1029,0,0,0,1029
07/06/2008,SFO,CA,AWP,WE,Towers with Radar,861,245,35,0,1141,0,0,5,2,7,861,245,40,2,1148,0,0,0,1148
07/07/2008,SFO,CA,AWP,WE,Towers with Radar,878,245,35,5,1163,0,0,4,7,11,878,245,39,12,1174,0,0,0,1174
07/08/2008,SFO,CA,AWP,WE,Towers with Radar,872,243,47,2,1164,0,0,4,9,13,872,243,51,11,1177,0,0,0,1177
07/09/2008,SFO,CA,AWP,WE,Towers with Radar,881,262,44,0,1187,0,0,3,8,11,881,262,47,8,1198,0,0,0,1198
07/10/2008,SFO,CA,AWP,WE,Towers with Radar,874,255,53,3,1185,0,0,5,11,16,874,255,58,14,1201,0,0,0,1201
07/11/2008,SFO,CA,AWP,WE,Towers with Radar,902,255,31,2,1190,0,0,5,2,7,902,255,36,4,1197,0,0,0,1197
07/12/2008,SFO,CA,AWP,WE,Towers with Radar,823,226,15,1,1065,0,0,3,2,5,823,226,18,3,1070,0,0,0,1070
07/13/2008,SFO,CA,AWP,WE,Towers with Radar,856,235,39,0,1130,0,0,3,3,6,856,235,42,3,1136,0,0,0,1136
07/14/2008,SFO,CA,AWP,WE,Towers with Radar,900,225,33,1,1159,0,0,2,7,9,900,225,35,8,1168,0,0,0,1168
07/15/2008,SFO,CA,AWP,WE,Towers with Radar,874,221,32,0,1127,0,0,4,8,12,874,221,36,8,1139,0,0,0,1139
07/16/2008,SFO,CA,AWP,WE,Towers with Radar,868,237,39,2,1146,0,0,3,6,9,868,237,42,8,1155,0,0,0,1155
07/17/2008,SFO,CA,AWP,WE,Towers with Radar,851,259,53,0,1163,0,0,7,10,17,851,259,60,10,1180,0,0,0,1180
07/18/2008,SFO,CA,AWP,WE,Towers with Radar,892,258,48,0,1198,0,0,2,4,6,892,258,50,4,1204,0,0,0,1204
07/19/2008,SFO,CA,AWP,WE,Towers with Radar,810,208,19,0,1037,0,0,11,3,14,810,208,30,3,1051,0,0,0,1051
07/20/2008,SFO,CA,AWP,WE,Towers with Radar,823,210,43,2,1078,0,0,3,3,6,823,210,46,5,1084,0,0,0,1084
07/21/2008,SFO,CA,AWP,WE,Towers with Radar,914,209,24,1,1148,0,0,8,8,16,914,209,32,9,1164,0,0,0,1164
07/22/2008,SFO,CA,AWP,WE,Towers with Radar,875,241,35,1,1152,0,3,6,8,17,875,244,41,9,1169,0,0,0,1169
07/23/2008,SFO,CA,AWP,WE,Towers with Radar,870,246,57,0,1173,0,0,4,7,11,870,246,61,7,1184,0,0,0,1184
07/24/2008,SFO,CA,AWP,WE,Towers with Radar,895,260,45,0,1200,0,0,8,11,19,895,260,53,11,1219,0,0,0,1219
07/25/2008,SFO,CA,AWP,WE,Towers with Radar,887,260,37,0,1184,0,1,4,6,11,887,261,41,6,1195,0,0,0,1195
07/26/2008,SFO,CA,AWP,WE,Towers with Radar,794,221,27,1,1043,0,0,8,1,9,794,221,35,2,1052,0,0,0,1052
07/27/2008,SFO,CA,AWP,WE,Towers with Radar,828,225,34,0,1087,0,0,5,3,8,828,225,39,3,1095,0,0,0,1095
07/28/2008,SFO,CA,AWP,WE,Towers with Radar,876,256,27,0,1159,0,0,0,8,8,876,256,27,8,1167,0,0,0,1167
07/29/2008,SFO,CA,AWP,WE,Towers with Radar,863,265,43,1,1172,0,0,3,6,9,863,265,46,7,1181,0,0,0,1181
07/30/2008,SFO,CA,AWP,WE,Towers with Radar,863,263,39,2,1167,0,0,5,4,9,863,263,44,6,1176,0,0,0,1176
07/31/2008,SFO,CA,AWP,WE,Towers with Radar,871,266,29,1,1167,0,1,9,7,17,871,267,38,8,1184,0,0,0,1184
08/01/2008,SFO,CA,AWP,WE,Towers with Radar,892,265,30,1,1188,0,0,6,6,12,892,265,36,7,1200,0,0,0,1200
08/02/2008,SFO,CA,AWP,WE,Towers with Radar,797,228,27,1,1053,0,0,8,5,13,797,228,35,6,1066,0,0,0,1066
08/03/2008,SFO,CA,AWP,WE,Towers with Radar,874,233,54,1,1162,0,0,15,5,20,874,233,69,6,1182,0,0,0,1182
08/04/2008,SFO,CA,AWP,WE,Towers with Radar,887,245,38,0,1170,0,0,4,2,6,887,245,42,2,1176,0,0,0,1176
08/05/2008,SFO,CA,AWP,WE,Towers with Radar,866,245,47,1,1159,0,0,6,1,7,866,245,53,2,1166,0,0,0,1166
08/06/2008,SFO,CA,AWP,WE,Towers with Radar,885,240,48,2,1175,0,1,5,5,11,885,241,53,7,1186,0,0,0,1186
08/07/2008,SFO,CA,AWP,WE,Towers with Radar,889,255,35,2,1181,0,2,6,6,14,889,257,41,8,1195,0,0,0,1195
08/08/2008,SFO,CA,AWP,WE,Towers with Radar,903,247,28,2,1180,0,0,2,11,13,903,247,30,13,1193,0,0,0,1193
08/09/2008,SFO,CA,AWP,WE,Towers with Radar,836,221,36,4,1097,0,0,9,3,12,836,221,45,7,1109,0,0,0,1109
08/10/2008,SFO,CA,AWP,WE,Towers with Radar,848,246,29,4,1127,0,2,5,0,7,848,248,34,4,1134,0,0,0,1134
08/11/2008,SFO,CA,AWP,WE,Towers with Radar,875,256,35,1,1167,0,0,2,12,14,875,256,37,13,1181,0,0,0,1181
08/12/2008,SFO,CA,AWP,WE,Towers with Radar,864,232,25,0,1121,0,0,4,9,13,864,232,29,9,1134,0,0,0,1134
08/13/2008,SFO,CA,AWP,WE,Towers with Radar,883,247,31,2,1163,0,2,2,8,12,883,249,33,10,1175,0,0,0,1175
08/14/2008,SFO,CA,AWP,WE,Towers with Radar,888,253,38,2,1181,0,0,3,14,17,888,253,41,16,1198,0,0,0,1198
08/15/2008,SFO,CA,AWP,WE,Towers with Radar,879,273,29,0,1181,0,0,3,3,6,879,273,32,3,1187,0,0,0,1187
08/16/2008,SFO,CA,AWP,WE,Towers with Radar,827,216,34,2,1079,0,0,11,2,13,827,216,45,4,1092,0,0,0,1092
08/17/2008,SFO,CA,AWP,WE,Towers with Radar,886,247,29,0,1162,0,0,3,7,10,886,247,32,7,1172,0,0,0,1172
08/18/2008,SFO,CA,AWP,WE,Towers with Radar,868,241,30,0,1139,0,0,6,8,14,868,241,36,8,1153,0,0,0,1153
08/19/2008,SFO,CA,AWP,WE,Towers with Radar,857,222,26,2,1107,0,0,2,2,4,857,222,28,4,1111,0,0,0,1111
08/20/2008,SFO,CA,AWP,WE,Towers with Radar,855,251,45,1,1152,0,1,13,12,26,855,252,58,13,1178,0,0,0,1178
08/21/2008,SFO,CA,AWP,WE,Towers with Radar,857,253,32,1,1143,0,0,16,3,19,857,253,48,4,1162,0,0,0,1162
08/22/2008,SFO,CA,AWP,WE,Towers with Radar,901,222,27,0,1150,0,1,9,7,17,901,223,36,7,1167,0,0,0,1167
08/23/2008,SFO,CA,AWP,WE,Towers with Radar,781,214,21,0,1016,0,0,8,6,14,781,214,29,6,1030,0,0,0,1030
08/24/2008,SFO,CA,AWP,WE,Towers with Radar,842,244,29,0,1115,0,0,4,2,6,842,244,33,2,1121,0,0,0,1121
08/25/2008,SFO,CA,AWP,WE,Towers with Radar,843,264,33,0,1140,0,0,4,12,16,843,264,37,12,1156,0,0,0,1156
08/26/2008,SFO,CA,AWP,WE,Towers with Radar,811,220,34,0,1065,0,0,6,9,15,811,220,40,9,1080,0,0,0,1080
08/27/2008,SFO,CA,AWP,WE,Towers with Radar,829,233,34,11,1107,0,0,1,5,6,829,233,35,16,1113,0,0,0,1113
08/28/2008,SFO,CA,AWP,WE,Towers with Radar,868,259,39,3,1169,0,2,5,12,19,868,261,44,15,1188,0,0,0,1188
08/29/2008,SFO,CA,AWP,WE,Towers with Radar,882,274,44,0,1200,0,2,9,12,23,882,276,53,12,1223,0,0,0,1223
08/30/2008,SFO,CA,AWP,WE,Towers with Radar,715,173,16,1,905,0,0,9,5,14,715,173,25,6,919,0,0,0,919
08/31/2008,SFO,CA,AWP,WE,Towers with Radar,689,164,13,0,866,0,0,10,4,14,689,164,23,4,880,0,0,0,880
09/01/2008,SFO,CA,AWP,WE,Towers with Radar,827,259,34,0,1120,0,1,7,3,11,827,260,41,3,1131,0,0,0,1131
09/02/2008,SFO,CA,AWP,WE,Towers with Radar,788,243,42,0,1073,0,1,3,7,11,788,244,45,7,1084,0,0,0,1084
09/03/2008,SFO,CA,AWP,WE,Towers with Radar,780,266,52,9,1107,0,0,0,0,0,780,266,52,9,1107,0,0,0,1107
09/04/2008,SFO,CA,AWP,WE,Towers with Radar,792,249,57,9,1107,0,0,0,0,0,792,249,57,9,1107,0,0,0,1107
09/05/2008,SFO,CA,AWP,WE,Towers with Radar,812,252,44,1,1109,0,0,3,0,3,812,252,47,1,1112,0,0,0,1112
09/06/2008,SFO,CA,AWP,WE,Towers with Radar,707,181,18,0,906,0,0,4,3,7,707,181,22,3,913,0,0,0,913
09/07/2008,SFO,CA,AWP,WE,Towers with Radar,774,243,39,1,1057,0,0,8,8,16,774,243,47,9,1073,0,0,0,1073
09/08/2008,SFO,CA,AWP,WE,Towers with Radar,767,248,36,1,1052,0,0,5,5,10,767,248,41,6,1062,0,0,0,1062
09/09/2008,SFO,CA,AWP,WE,Towers with Radar,739,233,57,2,1031,0,0,1,6,7,739,233,58,8,1038,0,0,0,1038
09/10/2008,SFO,CA,AWP,WE,Towers with Radar,765,242,65,3,1075,0,0,2,15,17,765,242,67,18,1092,0,0,0,1092
09/11/2008,SFO,CA,AWP,WE,Towers with Radar,771,257,53,2,1083,0,0,6,14,20,771,257,59,16,1103,0,0,0,1103
09/12/2008,SFO,CA,AWP,WE,Towers with Radar,780,255,38,2,1075,0,0,5,6,11,780,255,43,8,1086,0,0,0,1086
09/13/2008,SFO,CA,AWP,WE,Towers with Radar,667,194,37,0,898,0,0,7,5,12,667,194,44,5,910,0,0,0,910
09/14/2008,SFO,CA,AWP,WE,Towers with Radar,759,255,53,0,1067,0,0,5,4,9,759,255,58,4,1076,0,0,0,1076
09/15/2008,SFO,CA,AWP,WE,Towers with Radar,790,232,49,2,1073,0,0,1,1,2,790,232,50,3,1075,0,0,0,1075
09/16/2008,SFO,CA,AWP,WE,Towers with Radar,733,248,56,2,1039,0,0,4,3,7,733,248,60,5,1046,0,0,0,1046
09/17/2008,SFO,CA,AWP,WE,Towers with Radar,750,267,8,3,1028,0,0,2,9,11,750,267,10,12,1039,0,0,0,1039
09/18/2008,SFO,CA,AWP,WE,Towers with Radar,784,264,46,1,1095,0,3,3,6,12,784,267,49,7,1107,0,0,0,1107
09/19/2008,SFO,CA,AWP,WE,Towers with Radar,801,244,46,3,1094,0,0,2,8,10,801,244,48,11,1104,0,0,0,1104
09/20/2008,SFO,CA,AWP,WE,Towers with Radar,674,192,8,1,875,0,0,9,1,10,674,192,17,2,885,0,0,0,885
09/21/2008,SFO,CA,AWP,WE,Towers with Radar,768,241,38,3,1050,0,1,9,5,15,768,242,47,8,1065,0,0,0,1065
09/22/2008,SFO,CA,AWP,WE,Towers with Radar,766,244,38,10,1058,0,0,6,4,10,766,244,44,14,1068,0,0,0,1068
09/23/2008,SFO,CA,AWP,WE,Towers with Radar,740,260,37,1,1038,0,0,5,4,9,740,260,42,5,1047,0,0,0,1047
09/24/2008,SFO,CA,AWP,WE,Towers with Radar,781,256,37,0,1074,0,0,2,10,12,781,256,39,10,1086,0,0,0,1086
09/25/2008,SFO,CA,AWP,WE,Towers with Radar,798,262,39,3,1102,0,0,3,12,15,798,262,42,15,1117,0,0,0,1117
09/26/2008,SFO,CA,AWP,WE,Towers with Radar,785,252,45,1,1083,0,1,4,7,12,785,253,49,8,1095,0,0,0,1095
09/27/2008,SFO,CA,AWP,WE,Towers with Radar,682,176,34,0,892,0,1,3,1,5,682,177,37,1,897,0,0,0,897
09/28/2008,SFO,CA,AWP,WE,Towers with Radar,782,221,24,1,1028,0,0,5,4,9,782,221,29,5,1037,0,0,0,1037
09/29/2008,SFO,CA,AWP,WE,Towers with Radar,779,229,39,2,1049,0,0,4,7,11,779,229,43,9,1060,0,0,0,1060
09/30/2008,SFO,CA,AWP,WE,Towers with Radar,748,221,35,3,1007,0,0,5,14,19,748,221,40,17,1026,0,0,0,1026
10/01/2008,SFO,CA,AWP,WE,Towers with Radar,766,270,52,2,1090,0,0,5,5,10,766,270,57,7,1100,0,0,0,1100
10/02/2008,SFO,CA,AWP,WE,Towers with Radar,768,250,43,1,1062,0,0,1,11,12,768,250,44,12,1074,0,0,0,1074
10/03/2008,SFO,CA,AWP,WE,Towers with Radar,787,241,55,0,1083,0,0,2,7,9,787,241,57,7,1092,0,0,0,1092
10/04/2008,SFO,CA,AWP,WE,Towers with Radar,674,187,29,1,891,0,0,0,4,4,674,187,29,5,895,0,0,0,895
10/05/2008,SFO,CA,AWP,WE,Towers with Radar,772,231,61,0,1064,0,0,9,2,11,772,231,70,2,1075,0,0,0,1075
10/06/2008,SFO,CA,AWP,WE,Towers with Radar,778,230,28,8,1044,0,0,3,9,12,778,230,31,17,1056,0,0,0,1056
10/07/2008,SFO,CA,AWP,WE,Towers with Radar,747,229,26,2,1004,0,0,5,10,15,747,229,31,12,1019,0,0,0,1019
10/08/2008,SFO,CA,AWP,WE,Towers with Radar,780,230,58,10,1078,0,1,1,25,27,780,231,59,35,1105,0,0,0,1105
10/09/2008,SFO,CA,AWP,WE,Towers with Radar,784,236,23,4,1047,0,0,5,18,23,784,236,28,22,1070,0,0,0,1070
10/10/2008,SFO,CA,AWP,WE,Towers with Radar,786,249,45,8,1088,0,0,8,4,12,786,249,53,12,1100,0,0,0,1100
10/11/2008,SFO,CA,AWP,WE,Towers with Radar,666,213,17,2,898,0,0,5,18,23,666,213,22,20,921,0,0,0,921
10/12/2008,SFO,CA,AWP,WE,Towers with Radar,750,221,33,2,1006,0,0,13,15,28,750,221,46,17,1034,0,0,0,1034
10/13/2008,SFO,CA,AWP,WE,Towers with Radar,767,237,28,8,1040,0,0,13,2,15,767,237,41,10,1055,0,0,0,1055
10/14/2008,SFO,CA,AWP,WE,Towers with Radar,732,226,26,8,992,0,2,3,8,13,732,228,29,16,1005,0,0,0,1005
10/15/2008,SFO,CA,AWP,WE,Towers with Radar,764,236,26,0,1026,0,0,4,17,21,764,236,30,17,1047,0,0,0,1047
10/16/2008,SFO,CA,AWP,WE,Towers with Radar,780,258,34,0,1072,0,0,3,15,18,780,258,37,15,1090,0,0,0,1090
10/17/2008,SFO,CA,AWP,WE,Towers with Radar,785,252,41,0,1078,0,0,6,19,25,785,252,47,19,1103,0,0,0,1103
10/18/2008,SFO,CA,AWP,WE,Towers with Radar,669,197,34,0,900,0,0,0,6,6,669,197,34,6,906,0,0,0,906
10/19/2008,SFO,CA,AWP,WE,Towers with Radar,762,236,25,2,1025,0,0,9,3,12,762,236,34,5,1037,0,0,0,1037
10/20/2008,SFO,CA,AWP,WE,Towers with Radar,787,250,48,2,1087,0,0,12,16,28,787,250,60,18,1115,0,0,0,1115
10/21/2008,SFO,CA,AWP,WE,Towers with Radar,740,223,47,1,1011,0,2,2,7,11,740,225,49,8,1022,0,0,0,1022
10/22/2008,SFO,CA,AWP,WE,Towers with Radar,760,258,51,0,1069,0,2,7,5,14,760,260,58,5,1083,0,0,0,1083
10/23/2008,SFO,CA,AWP,WE,Towers with Radar,781,257,30,0,1068,0,0,8,13,21,781,257,38,13,1089,0,0,0,1089
10/24/2008,SFO,CA,AWP,WE,Towers with Radar,791,250,51,0,1092,0,0,9,8,17,791,250,60,8,1109,0,0,0,1109
10/25/2008,SFO,CA,AWP,WE,Towers with Radar,675,183,30,0,888,0,1,5,5,11,675,184,35,5,899,0,0,0,899
10/26/2008,SFO,CA,AWP,WE,Towers with Radar,770,229,50,0,1049,0,0,8,3,11,770,229,58,3,1060,0,0,0,1060
10/27/2008,SFO,CA,AWP,WE,Towers with Radar,759,238,34,1,1032,0,1,4,2,7,759,239,38,3,1039,0,0,0,1039
10/28/2008,SFO,CA,AWP,WE,Towers with Radar,722,249,38,0,1009,0,0,2,10,12,722,249,40,10,1021,0,0,0,1021
10/29/2008,SFO,CA,AWP,WE,Towers with Radar,757,246,38,0,1041,0,1,4,9,14,757,247,42,9,1055,25,0,25,1080
10/30/2008,SFO,CA,AWP,WE,Towers with Radar,787,240,31,0,1058,0,0,5,2,7,787,240,36,2,1065,0,0,0,1065
10/31/2008,SFO,CA,AWP,WE,Towers with Radar,748,200,17,0,965,0,0,2,7,9,748,200,19,7,974,0,0,0,974
11/01/2008,SFO,CA,AWP,WE,Towers with Radar,656,150,12,3,821,0,0,2,1,3,656,150,14,4,824,0,0,0,824
11/02/2008,SFO,CA,AWP,WE,Towers with Radar,734,210,33,1,978,0,1,2,5,8,734,211,35,6,986,0,0,0,986
11/03/2008,SFO,CA,AWP,WE,Towers with Radar,713,184,20,3,920,0,0,1,7,8,713,184,21,10,928,0,0,0,928
11/04/2008,SFO,CA,AWP,WE,Towers with Radar,727,225,19,0,971,0,1,3,7,11,727,226,22,7,982,0,0,0,982
11/05/2008,SFO,CA,AWP,WE,Towers with Radar,731,226,36,0,993,0,0,1,12,13,731,226,37,12,1006,0,0,0,1006
11/06/2008,SFO,CA,AWP,WE,Towers with Radar,733,226,51,0,1010,0,2,5,6,13,733,228,56,6,1023,0,0,0,1023
11/07/2008,SFO,CA,AWP,WE,Towers with Radar,751,263,39,3,1056,0,0,5,5,10,751,263,44,8,1066,0,0,0,1066
11/08/2008,SFO,CA,AWP,WE,Towers with Radar,676,190,35,0,901,0,0,2,1,3,676,190,37,1,904,0,0,0,904
11/09/2008,SFO,CA,AWP,WE,Towers with Radar,719,242,41,0,1002,0,0,4,4,8,719,242,45,4,1010,0,0,0,1010
11/10/2008,SFO,CA,AWP,WE,Towers with Radar,754,222,34,0,1010,0,1,5,9,15,754,223,39,9,1025,0,0,0,1025
11/11/2008,SFO,CA,AWP,WE,Towers with Radar,706,232,35,2,975,0,0,1,2,3,706,232,36,4,978,0,0,0,978
11/12/2008,SFO,CA,AWP,WE,Towers with Radar,747,222,37,2,1008,0,1,3,4,8,747,223,40,6,1016,0,0,0,1016
11/13/2008,SFO,CA,AWP,WE,Towers with Radar,750,240,60,0,1050,0,0,1,11,12,750,240,61,11,1062,0,0,0,1062
11/14/2008,SFO,CA,AWP,WE,Towers with Radar,783,239,58,3,1083,0,1,2,8,11,783,240,60,11,1094,0,0,0,1094
11/15/2008,SFO,CA,AWP,WE,Towers with Radar,648,211,23,3,885,0,2,1,3,6,648,213,24,6,891,0,0,0,891
11/16/2008,SFO,CA,AWP,WE,Towers with Radar,715,226,43,0,984,0,0,4,4,8,715,226,47,4,992,0,0,0,992
11/17/2008,SFO,CA,AWP,WE,Towers with Radar,743,237,39,0,1019,0,0,5,6,11,743,237,44,6,1030,0,0,0,1030
11/18/2008,SFO,CA,AWP,WE,Towers with Radar,718,222,36,2,978,0,0,6,10,16,718,222,42,12,994,0,0,0,994
11/19/2008,SFO,CA,AWP,WE,Towers with Radar,724,234,46,1,1005,0,0,2,10,12,724,234,48,11,1017,0,0,0,1017
11/20/2008,SFO,CA,AWP,WE,Towers with Radar,753,231,33,2,1019,0,2,1,6,9,753,233,34,8,1028,0,0,0,1028
11/21/2008,SFO,CA,AWP,WE,Towers with Radar,768,242,41,2,1053,0,4,3,5,12,768,246,44,7,1065,0,0,0,1065
11/22/2008,SFO,CA,AWP,WE,Towers with Radar,672,181,21,2,876,0,0,2,1,3,672,181,23,3,879,0,0,0,879
11/23/2008,SFO,CA,AWP,WE,Towers with Radar,727,223,29,0,979,0,3,2,1,6,727,226,31,1,985,46,0,46,1031
11/24/2008,SFO,CA,AWP,WE,Towers with Radar,751,223,41,2,1017,0,0,1,7,8,751,223,42,9,1025,0,0,0,1025
11/25/2008,SFO,CA,AWP,WE,Towers with Radar,743,248,34,1,1026,0,0,4,6,10,743,248,38,7,1036,0,0,0,1036
11/26/2008,SFO,CA,AWP,WE,Towers with Radar,750,240,27,0,1017,0,0,1,3,4,750,240,28,3,1021,0,0,0,1021
11/27/2008,SFO,CA,AWP,WE,Towers with Radar,561,142,13,0,716,0,0,0,2,2,561,142,13,2,718,0,0,0,718
11/28/2008,SFO,CA,AWP,WE,Towers with Radar,662,153,22,0,837,0,0,2,0,2,662,153,24,0,839,0,0,0,839
11/29/2008,SFO,CA,AWP,WE,Towers with Radar,707,224,23,1,955,0,0,2,6,8,707,224,25,7,963,0,0,0,963
11/30/2008,SFO,CA,AWP,WE,Towers with Radar,781,229,57,2,1069,0,0,1,2,3,781,229,58,4,1072,30,0,30,1102
12/01/2008,SFO,CA,AWP,WE,Towers with Radar,753,179,40,0,972,0,0,0,0,0,753,179,40,0,972,0,0,0,972
12/02/2008,SFO,CA,AWP,WE,Towers with Radar,771,246,35,3,1055,3,1,5,5,14,774,247,40,8,1069,0,0,0,1069
12/03/2008,SFO,CA,AWP,WE,Towers with Radar,722,223,41,1,987,6,4,4,7,21,728,227,45,8,1008,0,0,0,1008
12/04/2008,SFO,CA,AWP,WE,Towers with Radar,752,236,46,0,1034,5,7,4,13,29,757,243,50,13,1063,0,0,0,1063
12/05/2008,SFO,CA,AWP,WE,Towers with Radar,767,222,42,4,1035,2,2,8,9,21,769,224,50,13,1056,0,0,0,1056
12/06/2008,SFO,CA,AWP,WE,Towers with Radar,667,189,22,3,881,1,0,7,4,12,668,189,29,7,893,0,0,0,893
12/07/2008,SFO,CA,AWP,WE,Towers with Radar,676,204,29,0,909,1,0,7,0,8,677,204,36,0,917,0,0,0,917
12/08/2008,SFO,CA,AWP,WE,Towers with Radar,755,226,23,0,1004,2,0,2,8,12,757,226,25,8,1016,0,0,0,1016
12/09/2008,SFO,CA,AWP,WE,Towers with Radar,714,224,38,0,976,0,0,1,11,12,714,224,39,11,988,0,0,0,988
12/10/2008,SFO,CA,AWP,WE,Towers with Radar,733,231,40,0,1004,0,1,9,10,20,733,232,49,10,1024,0,0,0,1024
12/11/2008,SFO,CA,AWP,WE,Towers with Radar,739,254,49,3,1045,0,2,8,12,22,739,256,57,15,1067,0,0,0,1067
12/12/2008,SFO,CA,AWP,WE,Towers with Radar,774,215,34,0,1023,0,1,3,0,4,774,216,37,0,1027,0,0,0,1027
12/13/2008,SFO,CA,AWP,WE,Towers with Radar,654,174,15,1,844,0,1,3,2,6,654,175,18,3,850,0,0,0,850
12/14/2008,SFO,CA,AWP,WE,Towers with Radar,695,190,27,5,917,0,1,3,7,11,695,191,30,12,928,0,0,0,928
12/15/2008,SFO,CA,AWP,WE,Towers with Radar,723,189,33,1,946,0,0,2,7,9,723,189,35,8,955,0,0,0,955
12/16/2008,SFO,CA,AWP,WE,Towers with Radar,709,211,12,6,938,0,1,5,9,15,709,212,17,15,953,0,0,0,953
12/17/2008,SFO,CA,AWP,WE,Towers with Radar,711,245,30,0,986,0,1,4,7,12,711,246,34,7,998,0,0,0,998
12/18/2008,SFO,CA,AWP,WE,Towers with Radar,734,238,48,0,1020,0,0,1,8,9,734,238,49,8,1029,0,0,0,1029
12/19/2008,SFO,CA,AWP,WE,Towers with Radar,802,232,33,1,1068,1,0,1,4,6,803,232,34,5,1074,0,0,0,1074
12/20/2008,SFO,CA,AWP,WE,Towers with Radar,728,212,35,1,976,0,0,7,1,8,728,212,42,2,984,0,0,0,984
12/21/2008,SFO,CA,AWP,WE,Towers with Radar,683,218,21,0,922,0,2,1,1,4,683,220,22,1,926,2,0,2,928
12/22/2008,SFO,CA,AWP,WE,Towers with Radar,818,244,31,0,1093,0,3,7,6,16,818,247,38,6,1109,0,0,0,1109
12/23/2008,SFO,CA,AWP,WE,Towers with Radar,757,216,38,0,1011,0,0,2,4,6,757,216,40,4,1017,0,0,0,1017
12/24/2008,SFO,CA,AWP,WE,Towers with Radar,713,175,10,1,899,0,2,3,0,5,713,177,13,1,904,0,0,0,904
12/25/2008,SFO,CA,AWP,WE,Towers with Radar,672,179,12,0,863,0,0,0,3,3,672,179,12,3,866,0,0,0,866
12/26/2008,SFO,CA,AWP,WE,Towers with Radar,773,238,30,0,1041,0,1,2,0,3,773,239,32,0,1044,0,0,0,1044
12/27/2008,SFO,CA,AWP,WE,Towers with Radar,717,220,29,0,966,0,0,6,0,6,717,220,35,0,972,0,0,0,972
12/28/2008,SFO,CA,AWP,WE,Towers with Radar,772,231,26,3,1032,0,0,16,0,16,772,231,42,3,1048,0,0,0,1048
12/29/2008,SFO,CA,AWP,WE,Towers with Radar,772,208,20,0,1000,0,0,2,3,5,772,208,22,3,1005,0,0,0,1005
12/30/2008,SFO,CA,AWP,WE,Towers with Radar,764,198,20,0,982,0,0,3,2,5,764,198,23,2,987,0,0,0,987
12/31/2008,SFO,CA,AWP,WE,Towers with Radar,714,161,18,0,893,0,0,0,0,0,714,161,18,0,893,0,0,0,893
01/01/2009,SFO,CA,AWP,WE,Towers with Radar,712,174,13,0,899,0,0,0,1,1,712,174,13,1,900,0,0,0,900
01/02/2009,SFO,CA,AWP,WE,Towers with Radar,756,210,17,0,983,0,0,1,1,2,756,210,18,1,985,0,0,0,985
01/03/2009,SFO,CA,AWP,WE,Towers with Radar,720,215,46,2,983,0,0,0,0,0,720,215,46,2,983,0,0,0,983
01/04/2009,SFO,CA,AWP,WE,Towers with Radar,735,223,33,0,991,0,0,3,2,5,735,223,36,2,996,0,0,0,996
01/05/2009,SFO,CA,AWP,WE,Towers with Radar,748,194,25,1,968,0,0,0,4,4,748,194,25,5,972,0,0,0,972
01/06/2009,SFO,CA,AWP,WE,Towers with Radar,695,234,35,0,964,0,0,2,1,3,695,234,37,1,967,0,0,0,967
01/07/2009,SFO,CA,AWP,WE,Towers with Radar,726,259,37,6,1028,0,3,4,4,11,726,262,41,10,1039,0,0,0,1039
01/08/2009,SFO,CA,AWP,WE,Towers with Radar,708,249,47,2,1006,0,1,3,6,10,708,250,50,8,1016,0,0,0,1016
01/09/2009,SFO,CA,AWP,WE,Towers with Radar,743,238,32,8,1021,0,0,0,4,4,743,238,32,12,1025,0,0,0,1025
01/10/2009,SFO,CA,AWP,WE,Towers with Radar,631,196,24,1,852,0,0,12,2,14,631,196,36,3,866,0,0,0,866
01/11/2009,SFO,CA,AWP,WE,Towers with Radar,703,241,37,0,981,0,2,2,5,9,703,243,39,5,990,0,0,0,990
01/12/2009,SFO,CA,AWP,WE,Towers with Radar,705,255,55,1,1016,0,2,4,5,11,705,257,59,6,1027,0,0,0,1027
01/13/2009,SFO,CA,AWP,WE,Towers with Radar,672,257,51,2,982,0,4,3,8,15,672,261,54,10,997,0,0,0,997
01/14/2009,SFO,CA,AWP,WE,Towers with Radar,686,253,67,3,1009,0,3,11,4,18,686,256,78,7,1027,0,0,0,1027
01/15/2009,SFO,CA,AWP,WE,Towers with Radar,721,265,47,0,1033,0,0,2,5,7,721,265,49,5,1040,0,0,0,1040
01/16/2009,SFO,CA,AWP,WE,Towers with Radar,729,254,26,0,1009,0,2,3,8,13,729,256,29,8,1022,0,0,0,1022
01/17/2009,SFO,CA,AWP,WE,Towers with Radar,640,197,26,0,863,0,0,3,0,3,640,197,29,0,866,0,0,0,866
01/18/2009,SFO,CA,AWP,WE,Towers with Radar,698,232,20,0,950,0,0,3,4,7,698,232,23,4,957,0,0,0,957
01/19/2009,SFO,CA,AWP,WE,Towers with Radar,692,259,32,3,986,0,1,9,3,13,692,260,41,6,999,0,0,0,999
01/20/2009,SFO,CA,AWP,WE,Towers with Radar,683,232,30,0,945,0,3,6,2,11,683,235,36,2,956,0,0,0,956
01/21/2009,SFO,CA,AWP,WE,Towers with Radar,699,241,37,1,978,0,0,4,4,8,699,241,41,5,986,0,0,0,986
01/22/2009,SFO,CA,AWP,WE,Towers with Radar,710,248,35,4,997,0,0,2,4,6,710,248,37,8,1003,0,0,0,1003
01/23/2009,SFO,CA,AWP,WE,Towers with Radar,716,230,23,1,970,0,0,0,9,9,716,230,23,10,979,0,0,0,979
01/24/2009,SFO,CA,AWP,WE,Towers with Radar,631,192,14,1,838,0,1,1,2,4,631,193,15,3,842,0,0,0,842
01/25/2009,SFO,CA,AWP,WE,Towers with Radar,688,242,18,1,949,0,1,2,2,5,688,243,20,3,954,0,0,0,954
01/26/2009,SFO,CA,AWP,WE,Towers with Radar,695,244,25,2,966,0,0,7,4,11,695,244,32,6,977,0,0,0,977
01/27/2009,SFO,CA,AWP,WE,Towers with Radar,651,233,45,0,929,0,0,2,21,23,651,233,47,21,952,0,0,0,952
01/28/2009,SFO,CA,AWP,WE,Towers with Radar,681,256,37,1,975,0,3,8,11,22,681,259,45,12,997,0,0,0,997
01/29/2009,SFO,CA,AWP,WE,Towers with Radar,717,253,37,2,1009,0,1,4,8,13,717,254,41,10,1022,0,0,0,1022
01/30/2009,SFO,CA,AWP,WE,Towers with Radar,739,247,37,0,1023,0,3,1,2,6,739,250,38,2,1029,0,0,0,1029
01/31/2009,SFO,CA,AWP,WE,Towers with Radar,647,176,29,2,854,0,0,1,3,4,647,176,30,5,858,0,0,0,858
02/01/2009,SFO,CA,AWP,WE,Towers with Radar,691,227,30,0,948,0,1,10,2,13,691,228,40,2,961,0,0,0,961
02/02/2009,SFO,CA,AWP,WE,Towers with Radar,686,243,40,0,969,0,0,2,8,10,686,243,42,8,979,0,0,0,979
02/03/2009,SFO,CA,AWP,WE,Towers with Radar,659,247,43,0,949,0,1,4,12,17,659,248,47,12,966,0,0,0,966
02/04/2009,SFO,CA,AWP,WE,Towers with Radar,701,270,37,5,1013,0,0,5,5,10,701,270,42,10,1023,0,0,0,1023
02/05/2009,SFO,CA,AWP,WE,Towers with Radar,681,233,41,0,955,0,1,2,10,13,681,234,43,10,968,0,0,0,968
02/06/2009,SFO,CA,AWP,WE,Towers with Radar,730,238,19,2,989,0,0,0,6,6,730,238,19,8,995,0,0,0,995
02/07/2009,SFO,CA,AWP,WE,Towers with Radar,627,193,16,1,837,0,1,7,2,10,627,194,23,3,847,0,0,0,847
02/08/2009,SFO,CA,AWP,WE,Towers with Radar,691,230,17,0,938,0,0,7,5,12,691,230,24,5,950,0,0,0,950
02/09/2009,SFO,CA,AWP,WE,Towers with Radar,702,242,33,2,979,0,0,7,10,17,702,242,40,12,996,0,0,0,996
02/10/2009,SFO,CA,AWP,WE,Towers with Radar,665,238,33,0,936,0,3,3,4,10,665,241,36,4,946,0,0,0,946
02/11/2009,SFO,CA,AWP,WE,Towers with Radar,674,234,32,0,940,0,0,2,3,5,674,234,34,3,945,0,0,0,945
02/12/2009,SFO,CA,AWP,WE,Towers with Radar,733,240,45,2,1020,0,1,3,4,8,733,241,48,6,1028,0,0,0,1028
02/13/2009,SFO,CA,AWP,WE,Towers with Radar,740,232,36,1,1009,0,0,1,5,6,740,232,37,6,1015,0,0,0,1015
02/14/2009,SFO,CA,AWP,WE,Towers with Radar,685,198,19,3,905,0,1,4,1,6,685,199,23,4,911,0,0,0,911
02/15/2009,SFO,CA,AWP,WE,Towers with Radar,638,171,11,0,820,0,0,1,1,2,638,171,12,1,822,0,0,0,822
02/16/2009,SFO,CA,AWP,WE,Towers with Radar,769,210,24,1,1004,0,1,6,1,8,769,211,30,2,1012,0,0,0,1012
02/17/2009,SFO,CA,AWP,WE,Towers with Radar,761,191,16,0,968,0,0,3,8,11,761,191,19,8,979,0,0,0,979
02/18/2009,SFO,CA,AWP,WE,Towers with Radar,750,242,24,0,1016,0,1,1,5,7,750,243,25,5,1023,0,0,0,1023
02/19/2009,SFO,CA,AWP,WE,Towers with Radar,756,223,31,2,1012,0,2,12,12,26,756,225,43,14,1038,0,0,0,1038
02/20/2009,SFO,CA,AWP,WE,Towers with Radar,771,227,15,2,1015,0,3,3,7,13,771,230,18,9,1028,0,0,0,1028
02/21/2009,SFO,CA,AWP,WE,Towers with Radar,656,191,25,0,872,0,1,5,3,9,656,192,30,3,881,0,0,0,881
02/22/2009,SFO,CA,AWP,WE,Towers with Radar,667,187,20,4,878,0,0,1,3,4,667,187,21,7,882,0,0,0,882
02/23/2009,SFO,CA,AWP,WE,Towers with Radar,752,191,17,2,962,0,1,2,5,8,752,192,19,7,970,0,0,0,970
02/24/2009,SFO,CA,AWP,WE,Towers with Radar,743,236,28,0,1007,0,2,6,16,24,743,238,34,16,1031,0,0,0,1031
02/25/2009,SFO,CA,AWP,WE,Towers with Radar,742,248,60,0,1050,0,0,3,8,11,742,248,63,8,1061,0,0,0,1061
02/26/2009,SFO,CA,AWP,WE,Towers with Radar,746,232,27,1,1006,0,0,5,5,10,746,232,32,6,1016,0,0,0,1016
02/27/2009,SFO,CA,AWP,WE,Towers with Radar,769,240,38,0,1047,0,0,5,7,12,769,240,43,7,1059,0,0,0,1059
02/28/2009,SFO,CA,AWP,WE,Towers with Radar,674,188,13,0,875,0,0,28,6,34,674,188,41,6,909,0,0,0,909
03/01/2009,SFO,CA,AWP,WE,Towers with Radar,691,171,40,0,902,0,0,2,4,6,691,171,42,4,908,0,0,0,908
03/02/2009,SFO,CA,AWP,WE,Towers with Radar,708,214,18,1,941,0,0,1,4,5,708,214,19,5,946,0,0,0,946
03/03/2009,SFO,CA,AWP,WE,Towers with Radar,715,196,26,0,937,0,0,1,4,5,715,196,27,4,942,0,0,0,942
03/04/2009,SFO,CA,AWP,WE,Towers with Radar,768,233,26,0,1027,0,3,2,8,13,768,236,28,8,1040,0,0,0,1040
03/05/2009,SFO,CA,AWP,WE,Towers with Radar,768,232,35,1,1036,0,0,1,4,5,768,232,36,5,1041,0,0,0,1041
03/06/2009,SFO,CA,AWP,WE,Towers with Radar,758,244,26,2,1030,0,0,4,10,14,758,244,30,12,1044,0,0,0,1044
03/07/2009,SFO,CA,AWP,WE,Towers with Radar,679,185,12,0,876,0,3,11,2,16,679,188,23,2,892,0,0,0,892
03/08/2009,SFO,CA,AWP,WE,Towers with Radar,716,230,19,3,968,0,0,7,5,12,716,230,26,8,980,0,0,0,980
03/09/2009,SFO,CA,AWP,WE,Towers with Radar,739,243,30,2,1014,0,3,3,9,15,739,246,33,11,1029,0,0,0,1029
03/10/2009,SFO,CA,AWP,WE,Towers with Radar,743,229,32,0,1004,0,1,8,12,21,743,230,40,12,1025,0,0,0,1025
03/11/2009,SFO,CA,AWP,WE,Towers with Radar,742,232,43,0,1017,0,3,11,9,23,742,235,54,9,1040,0,0,0,1040
03/12/2009,SFO,CA,AWP,WE,Towers with Radar,767,235,32,0,1034,0,6,9,5,20,767,241,41,5,1054,0,0,0,1054
03/13/2009,SFO,CA,AWP,WE,Towers with Radar,778,245,28,0,1051,0,0,4,13,17,778,245,32,13,1068,0,0,0,1068
03/14/2009,SFO,CA,AWP,WE,Towers with Radar,676,191,19,0,886,0,0,4,1,5,676,191,23,1,891,0,0,0,891
03/15/2009,SFO,CA,AWP,WE,Towers with Radar,721,221,29,3,974,0,1,2,2,5,721,222,31,5,979,0,0,0,979
03/16/2009,SFO,CA,AWP,WE,Towers with Radar,754,220,28,1,1003,0,0,6,5,11,754,220,34,6,1014,0,0,0,1014
03/17/2009,SFO,CA,AWP,WE,Towers with Radar,737,224,33,0,994,0,0,7,11,18,737,224,40,11,1012,0,0,0,1012
03/18/2009,SFO,CA,AWP,WE,Towers with Radar,748,226,30,0,1004,0,2,4,3,9,748,228,34,3,1013,0,0,0,1013
03/19/2009,SFO,CA,AWP,WE,Towers with Radar,765,242,44,3,1054,0,2,5,10,17,765,244,49,13,1071,0,0,0,1071
03/20/2009,SFO,CA,AWP,WE,Towers with Radar,766,224,36,1,1027,0,1,6,7,14,766,225,42,8,1041,0,0,0,1041
03/21/2009,SFO,CA,AWP,WE,Towers with Radar,680,190,11,0,881,0,0,4,1,5,680,190,15,1,886,0,0,0,886
03/22/2009,SFO,CA,AWP,WE,Towers with Radar,724,222,25,0,971,0,1,3,2,6,724,223,28,2,977,0,0,0,977
03/23/2009,SFO,CA,AWP,WE,Towers with Radar,752,234,34,3,1023,0,1,1,10,12,752,235,35,13,1035,0,0,0,1035
03/24/2009,SFO,CA,AWP,WE,Towers with Radar,741,219,28,3,991,0,0,7,9,16,741,219,35,12,1007,0,0,0,1007
03/25/2009,SFO,CA,AWP,WE,Towers with Radar,751,239,33,1,1024,0,2,5,7,14,751,241,38,8,1038,0,0,0,1038
03/26/2009,SFO,CA,AWP,WE,Towers with Radar,757,241,39,0,1037,0,2,3,9,14,757,243,42,9,1051,0,0,0,1051
03/27/2009,SFO,CA,AWP,WE,Towers with Radar,781,241,23,0,1045,0,3,9,5,17,781,244,32,5,1062,0,0,0,1062
03/28/2009,SFO,CA,AWP,WE,Towers with Radar,684,193,22,2,901,0,1,15,6,22,684,194,37,8,923,0,0,0,923
03/29/2009,SFO,CA,AWP,WE,Towers with Radar,731,233,27,1,992,0,3,7,1,11,731,236,34,2,1003,0,0,0,1003
03/30/2009,SFO,CA,AWP,WE,Towers with Radar,753,248,23,1,1025,0,4,4,2,10,753,252,27,3,1035,0,0,0,1035
03/31/2009,SFO,CA,AWP,WE,Towers with Radar,733,234,14,3,984,0,3,12,7,22,733,237,26,10,1006,0,0,0,1006
04/01/2009,SFO,CA,AWP,WE,Towers with Radar,751,243,23,0,1017,0,3,6,6,15,751,246,29,6,1032,0,0,0,1032
04/02/2009,SFO,CA,AWP,WE,Towers with Radar,742,238,38,1,1019,0,2,8,0,10,742,240,46,1,1029,0,0,0,1029
04/03/2009,SFO,CA,AWP,WE,Towers with Radar,751,259,12,2,1024,0,7,5,4,16,751,266,17,6,1040,0,0,0,1040
04/04/2009,SFO,CA,AWP,WE,Towers with Radar,673,191,21,1,886,0,3,10,3,16,673,194,31,4,902,0,0,0,902
04/05/2009,SFO,CA,AWP,WE,Towers with Radar,737,226,21,2,986,0,2,11,1,14,737,228,32,3,1000,0,0,0,1000
04/06/2009,SFO,CA,AWP,WE,Towers with Radar,734,247,23,0,1004,0,0,7,7,14,734,247,30,7,1018,0,0,0,1018
04/07/2009,SFO,CA,AWP,WE,Towers with Radar,719,201,17,0,937,0,1,1,9,11,719,202,18,9,948,0,0,0,948
04/08/2009,SFO,CA,AWP,WE,Towers with Radar,753,232,35,2,1022,0,2,2,7,11,753,234,37,9,1033,0,0,0,1033
04/09/2009,SFO,CA,AWP,WE,Towers with Radar,718,225,17,2,962,0,0,1,7,8,718,225,18,9,970,0,0,0,970
04/10/2009,SFO,CA,AWP,WE,Towers with Radar,790,246,18,1,1055,0,2,3,6,11,790,248,21,7,1066,0,0,0,1066
04/11/2009,SFO,CA,AWP,WE,Towers with Radar,683,178,12,0,873,0,1,2,3,6,683,179,14,3,879,0,0,0,879
04/12/2009,SFO,CA,AWP,WE,Towers with Radar,743,227,40,2,1012,0,3,12,4,19,743,230,52,6,1031,0,0,0,1031
04/13/2009,SFO,CA,AWP,WE,Towers with Radar,755,243,27,1,1026,0,2,1,4,7,755,245,28,5,1033,0,0,0,1033
04/14/2009,SFO,CA,AWP,WE,Towers with Radar,737,233,38,1,1009,0,0,2,10,12,737,233,40,11,1021,0,0,0,1021
04/15/2009,SFO,CA,AWP,WE,Towers with Radar,750,236,23,0,1009,0,2,2,6,10,750,238,25,6,1019,0,0,0,1019
04/16/2009,SFO,CA,AWP,WE,Towers with Radar,756,246,21,0,1023,0,1,11,9,21,756,247,32,9,1044,0,0,0,1044
04/17/2009,SFO,CA,AWP,WE,Towers with Radar,754,240,29,0,1023,0,4,5,6,15,754,244,34,6,1038,0,0,0,1038
04/18/2009,SFO,CA,AWP,WE,Towers with Radar,696,187,19,1,903,0,0,7,1,8,696,187,26,2,911,0,0,0,911
04/19/2009,SFO,CA,AWP,WE,Towers with Radar,745,233,34,0,1012,0,2,6,1,9,745,235,40,1,1021,0,0,0,1021
04/20/2009,SFO,CA,AWP,WE,Towers with Radar,772,243,46,4,1065,0,0,5,3,8,772,243,51,7,1073,0,0,0,1073
04/21/2009,SFO,CA,AWP,WE,Towers with Radar,745,218,30,0,993,0,2,1,8,11,745,220,31,8,1004,0,0,0,1004
04/22/2009,SFO,CA,AWP,WE,Towers with Radar,747,236,45,0,1028,0,1,8,5,14,747,237,53,5,1042,0,0,0,1042
04/23/2009,SFO,CA,AWP,WE,Towers with Radar,764,233,50,0,1047,0,5,6,8,19,764,238,56,8,1066,0,0,0,1066
04/24/2009,SFO,CA,AWP,WE,Towers with Radar,765,229,20,1,1015,0,3,8,9,20,765,232,28,10,1035,0,0,0,1035
04/25/2009,SFO,CA,AWP,WE,Towers with Radar,676,186,15,2,879,0,4,4,1,9,676,190,19,3,888,0,0,0,888
04/26/2009,SFO,CA,AWP,WE,Towers with Radar,742,221,18,1,982,0,1,13,0,14,742,222,31,1,996,0,0,0,996
04/27/2009,SFO,CA,AWP,WE,Towers with Radar,749,233,45,2,1029,0,0,5,2,7,749,233,50,4,1036,0,0,0,1036
04/28/2009,SFO,CA,AWP,WE,Towers with Radar,739,215,37,0,991,0,1,7,5,13,739,216,44,5,1004,0,0,0,1004
04/29/2009,SFO,CA,AWP,WE,Towers with Radar,752,229,30,0,1011,0,5,9,7,21,752,234,39,7,1032,0,0,0,1032
04/30/2009,SFO,CA,AWP,WE,Towers with Radar,769,248,32,1,1050,0,2,7,9,18,769,250,39,10,1068,0,0,0,1068
05/01/2009,SFO,CA,AWP,WE,Towers with Radar,728,213,28,4,973,0,0,1,9,10,728,213,29,13,983,0,0,0,983
05/02/2009,SFO,CA,AWP,WE,Towers with Radar,736,184,6,1,927,0,2,2,1,5,736,186,8,2,932,0,0,0,932
05/03/2009,SFO,CA,AWP,WE,Towers with Radar,771,200,23,2,996,0,1,1,3,5,771,201,24,5,1001,0,0,0,1001
05/04/2009,SFO,CA,AWP,WE,Towers with Radar,746,224,34,3,1007,0,1,1,4,6,746,225,35,7,1013,0,0,0,1013
05/05/2009,SFO,CA,AWP,WE,Towers with Radar,770,219,31,0,1020,0,0,2,3,5,770,219,33,3,1025,0,0,0,1025
05/06/2009,SFO,CA,AWP,WE,Towers with Radar,739,241,29,3,1012,0,1,4,9,14,739,242,33,12,1026,0,0,0,1026
05/07/2009,SFO,CA,AWP,WE,Towers with Radar,798,246,36,3,1083,0,4,5,8,17,798,250,41,11,1100,0,0,0,1100
05/08/2009,SFO,CA,AWP,WE,Towers with Radar,797,241,31,0,1069,0,6,6,5,17,797,247,37,5,1086,0,0,0,1086
05/09/2009,SFO,CA,AWP,WE,Towers with Radar,711,181,8,2,902,0,2,8,2,12,711,183,16,4,914,0,0,0,914
05/10/2009,SFO,CA,AWP,WE,Towers with Radar,773,224,24,1,1022,0,1,7,1,9,773,225,31,2,1031,0,0,0,1031
05/11/2009,SFO,CA,AWP,WE,Towers with Radar,787,236,29,0,1052,0,0,3,10,13,787,236,32,10,1065,0,0,0,1065
05/12/2009,SFO,CA,AWP,WE,Towers with Radar,772,223,38,0,1033,0,1,6,8,15,772,224,44,8,1048,0,0,0,1048
05/13/2009,SFO,CA,AWP,WE,Towers with Radar,778,236,31,1,1046,0,4,8,9,21,778,240,39,10,1067,0,0,0,1067
05/14/2009,SFO,CA,AWP,WE,Towers with Radar,786,235,44,0,1065,0,1,3,1,5,786,236,47,1,1070,0,0,0,1070
05/15/2009,SFO,CA,AWP,WE,Towers with Radar,815,253,32,1,1101,0,4,2,15,21,815,257,34,16,1122,0,0,0,1122
05/16/2009,SFO,CA,AWP,WE,Towers with Radar,711,175,16,1,903,0,3,12,2,17,711,178,28,3,920,0,0,0,920
05/17/2009,SFO,CA,AWP,WE,Towers with Radar,779,228,36,0,1043,0,0,10,7,17,779,228,46,7,1060,0,0,0,1060
05/18/2009,SFO,CA,AWP,WE,Towers with Radar,792,234,39,0,1065,0,0,5,8,13,792,234,44,8,1078,0,0,0,1078
05/19/2009,SFO,CA,AWP,WE,Towers with Radar,775,228,49,4,1056,0,1,8,9,18,775,229,57,13,1074,0,0,0,1074
05/20/2009,SFO,CA,AWP,WE,Towers with Radar,791,249,48,0,1088,0,9,5,10,24,791,258,53,10,1112,0,0,0,1112
05/21/2009,SFO,CA,AWP,WE,Towers with Radar,808,248,41,0,1097,0,9,8,10,27,808,257,49,10,1124,0,0,0,1124
05/22/2009,SFO,CA,AWP,WE,Towers with Radar,806,267,31,0,1104,0,4,13,9,26,806,271,44,9,1130,0,0,0,1130
05/23/2009,SFO,CA,AWP,WE,Towers with Radar,682,153,14,1,850,0,1,9,5,15,682,154,23,6,865,0,0,0,865
05/24/2009,SFO,CA,AWP,WE,Towers with Radar,695,156,6,2,859,0,2,3,2,7,695,158,9,4,866,0,0,0,866
05/25/2009,SFO,CA,AWP,WE,Towers with Radar,781,215,25,0,1021,0,2,8,7,17,781,217,33,7,1038,0,0,0,1038
05/26/2009,SFO,CA,AWP,WE,Towers with Radar,784,226,24,3,1037,0,1,4,10,15,784,227,28,13,1052,0,0,0,1052
05/27/2009,SFO,CA,AWP,WE,Towers with Radar,801,243,34,0,1078,0,3,19,9,31,801,246,53,9,1109,0,0,0,1109
05/28/2009,SFO,CA,AWP,WE,Towers with Radar,801,246,35,1,1083,0,0,8,6,14,801,246,43,7,1097,0,0,0,1097
05/29/2009,SFO,CA,AWP,WE,Towers with Radar,808,247,27,1,1083,0,1,10,9,20,808,248,37,10,1103,0,0,0,1103
05/30/2009,SFO,CA,AWP,WE,Towers with Radar,706,174,7,2,889,0,3,6,8,17,706,177,13,10,906,0,0,0,906
05/31/2009,SFO,CA,AWP,WE,Towers with Radar,779,223,22,2,1026,0,2,6,11,19,779,225,28,13,1045,0,0,0,1045
06/01/2009,SFO,CA,AWP,WE,Towers with Radar,799,234,23,3,1059,0,2,3,8,13,799,236,26,11,1072,0,0,0,1072
06/02/2009,SFO,CA,AWP,WE,Towers with Radar,770,225,31,0,1026,0,3,5,13,21,770,228,36,13,1047,0,0,0,1047
06/03/2009,SFO,CA,AWP,WE,Towers with Radar,785,231,39,2,1057,0,8,7,12,27,785,239,46,14,1084,0,0,0,1084
06/04/2009,SFO,CA,AWP,WE,Towers with Radar,815,259,31,2,1107,0,3,14,4,21,815,262,45,6,1128,0,0,0,1128
06/05/2009,SFO,CA,AWP,WE,Towers with Radar,836,252,24,0,1112,0,0,9,6,15,836,252,33,6,1127,0,0,0,1127
06/06/2009,SFO,CA,AWP,WE,Towers with Radar,750,210,10,2,972,0,4,8,6,18,750,214,18,8,990,0,0,0,990
06/07/2009,SFO,CA,AWP,WE,Towers with Radar,784,245,14,2,1045,0,2,5,2,9,784,247,19,4,1054,0,0,0,1054
06/08/2009,SFO,CA,AWP,WE,Towers with Radar,832,261,34,3,1130,0,0,2,15,17,832,261,36,18,1147,0,0,0,1147
06/09/2009,SFO,CA,AWP,WE,Towers with Radar,798,260,30,6,1094,0,0,10,11,21,798,260,40,17,1115,0,0,0,1115
06/10/2009,SFO,CA,AWP,WE,Towers with Radar,804,253,35,1,1093,0,3,8,13,24,804,256,43,14,1117,0,0,0,1117
06/11/2009,SFO,CA,AWP,WE,Towers with Radar,841,256,18,6,1121,0,5,10,14,29,841,261,28,20,1150,0,0,0,1150
06/12/2009,SFO,CA,AWP,WE,Towers with Radar,837,253,17,1,1108,0,1,5,11,17,837,254,22,12,1125,0,0,0,1125
06/13/2009,SFO,CA,AWP,WE,Towers with Radar,770,225,15,2,1012,0,1,14,5,20,770,226,29,7,1032,0,0,0,1032
06/14/2009,SFO,CA,AWP,WE,Towers with Radar,805,231,15,5,1056,0,1,4,2,7,805,232,19,7,1063,0,0,0,1063
06/15/2009,SFO,CA,AWP,WE,Towers with Radar,844,255,29,1,1129,0,2,10,8,20,844,257,39,9,1149,0,0,0,1149
06/16/2009,SFO,CA,AWP,WE,Towers with Radar,806,252,29,0,1087,0,2,7,8,17,806,254,36,8,1104,0,0,0,1104
06/17/2009,SFO,CA,AWP,WE,Towers with Radar,860,244,21,0,1125,0,0,7,12,19,860,244,28,12,1144,0,0,0,1144
06/18/2009,SFO,CA,AWP,WE,Towers with Radar,836,279,25,4,1144,0,4,13,7,24,836,283,38,11,1168,0,0,0,1168
06/19/2009,SFO,CA,AWP,WE,Towers with Radar,829,267,31,1,1128,0,3,9,9,21,829,270,40,10,1149,0,0,0,1149
06/20/2009,SFO,CA,AWP,WE,Towers with Radar,779,232,15,3,1029,0,0,7,7,14,779,232,22,10,1043,0,0,0,1043
06/21/2009,SFO,CA,AWP,WE,Towers with Radar,820,249,36,2,1107,0,2,5,3,10,820,251,41,5,1117,0,0,0,1117
06/22/2009,SFO,CA,AWP,WE,Towers with Radar,830,276,37,2,1145,0,4,6,14,24,830,280,43,16,1169,0,0,0,1169
06/23/2009,SFO,CA,AWP,WE,Towers with Radar,804,262,43,4,1113,0,2,4,15,21,804,264,47,19,1134,0,0,0,1134
06/24/2009,SFO,CA,AWP,WE,Towers with Radar,847,275,44,2,1168,0,3,5,8,16,847,278,49,10,1184,0,0,0,1184
06/25/2009,SFO,CA,AWP,WE,Towers with Radar,842,263,42,0,1147,0,2,3,11,16,842,265,45,11,1163,0,0,0,1163
06/26/2009,SFO,CA,AWP,WE,Towers with Radar,839,272,36,1,1148,0,3,8,10,21,839,275,44,11,1169,0,0,0,1169
06/27/2009,SFO,CA,AWP,WE,Towers with Radar,773,222,20,3,1018,0,2,14,3,19,773,224,34,6,1037,0,0,0,1037
06/28/2009,SFO,CA,AWP,WE,Towers with Radar,827,259,17,5,1108,0,1,8,3,12,827,260,25,8,1120,0,0,0,1120
06/29/2009,SFO,CA,AWP,WE,Towers with Radar,840,258,28,0,1126,0,3,10,7,20,840,261,38,7,1146,0,0,0,1146
06/30/2009,SFO,CA,AWP,WE,Towers with Radar,826,257,21,3,1107,0,2,3,8,13,826,259,24,11,1120,0,0,0,1120
07/01/2009,SFO,CA,AWP,WE,Towers with Radar,833,262,39,2,1136,0,2,8,9,19,833,264,47,11,1155,0,0,0,1155
07/02/2009,SFO,CA,AWP,WE,Towers with Radar,849,259,15,1,1124,0,3,6,3,12,849,262,21,4,1136,0,0,0,1136
07/03/2009,SFO,CA,AWP,WE,Towers with Radar,793,184,22,0,999,1,3,6,7,17,794,187,28,7,1016,0,0,0,1016
07/04/2009,SFO,CA,AWP,WE,Towers with Radar,688,162,14,2,866,0,1,7,10,18,688,163,21,12,884,0,0,0,884
07/05/2009,SFO,CA,AWP,WE,Towers with Radar,827,248,18,1,1094,0,3,10,2,15,827,251,28,3,1109,0,0,0,1109
07/06/2009,SFO,CA,AWP,WE,Towers with Radar,852,244,23,2,1121,0,8,6,10,24,852,252,29,12,1145,0,0,0,1145
07/07/2009,SFO,CA,AWP,WE,Towers with Radar,847,254,25,3,1129,1,1,9,11,22,848,255,34,14,1151,0,0,0,1151
07/08/2009,SFO,CA,AWP,WE,Towers with Radar,840,263,33,1,1137,0,3,13,4,20,840,266,46,5,1157,0,0,0,1157
07/09/2009,SFO,CA,AWP,WE,Towers with Radar,837,262,31,5,1135,0,9,6,14,29,837,271,37,19,1164,0,0,0,1164
07/10/2009,SFO,CA,AWP,WE,Towers with Radar,852,262,21,0,1135,0,7,5,16,28,852,269,26,16,1163,0,0,0,1163
07/11/2009,SFO,CA,AWP,WE,Towers with Radar,768,216,19,4,1007,0,3,10,7,20,768,219,29,11,1027,0,0,0,1027
07/12/2009,SFO,CA,AWP,WE,Towers with Radar,828,258,19,1,1106,0,2,9,7,18,828,260,28,8,1124,0,0,0,1124
07/13/2009,SFO,CA,AWP,WE,Towers with Radar,855,262,23,0,1140,0,3,5,12,20,855,265,28,12,1160,0,0,0,1160
07/14/2009,SFO,CA,AWP,WE,Towers with Radar,835,251,40,0,1126,0,5,7,12,24,835,256,47,12,1150,0,0,0,1150
07/15/2009,SFO,CA,AWP,WE,Towers with Radar,863,257,53,1,1174,0,1,14,4,19,863,258,67,5,1193,0,0,0,1193
07/16/2009,SFO,CA,AWP,WE,Towers with Radar,860,257,29,1,1147,0,3,14,11,28,860,260,43,12,1175,0,0,0,1175
07/17/2009,SFO,CA,AWP,WE,Towers with Radar,846,255,23,0,1124,0,2,10,14,26,846,257,33,14,1150,0,0,0,1150
07/18/2009,SFO,CA,AWP,WE,Towers with Radar,775,217,8,1,1001,0,0,15,6,21,775,217,23,7,1022,0,0,0,1022
07/19/2009,SFO,CA,AWP,WE,Towers with Radar,824,245,25,0,1094,0,1,20,5,26,824,246,45,5,1120,0,0,0,1120
07/20/2009,SFO,CA,AWP,WE,Towers with Radar,839,261,29,1,1130,0,2,8,10,20,839,263,37,11,1150,0,0,0,1150
07/21/2009,SFO,CA,AWP,WE,Towers with Radar,832,237,30,5,1104,1,0,4,7,12,833,237,34,12,1116,0,0,0,1116
07/22/2009,SFO,CA,AWP,WE,Towers with Radar,829,241,34,3,1107,1,2,3,8,14,830,243,37,11,1121,0,0,0,1121
07/23/2009,SFO,CA,AWP,WE,Towers with Radar,844,262,38,2,1146,0,3,7,15,25,844,265,45,17,1171,0,0,0,1171
07/24/2009,SFO,CA,AWP,WE,Towers with Radar,871,270,21,1,1163,0,0,6,8,14,871,270,27,9,1177,0,0,0,1177
07/25/2009,SFO,CA,AWP,WE,Towers with Radar,785,215,11,0,1011,0,2,7,6,15,785,217,18,6,1026,0,0,0,1026
07/26/2009,SFO,CA,AWP,WE,Towers with Radar,818,261,27,0,1106,0,0,6,1,7,818,261,33,1,1113,0,0,0,1113
07/27/2009,SFO,CA,AWP,WE,Towers with Radar,853,252,40,1,1146,0,2,14,7,23,853,254,54,8,1169,0,0,0,1169
07/28/2009,SFO,CA,AWP,WE,Towers with Radar,837,267,31,2,1137,0,0,6,10,16,837,267,37,12,1153,0,0,0,1153
07/29/2009,SFO,CA,AWP,WE,Towers with Radar,829,262,30,1,1122,0,1,7,6,14,829,263,37,7,1136,0,0,0,1136
07/30/2009,SFO,CA,AWP,WE,Towers with Radar,851,249,32,0,1132,0,0,4,8,12,851,249,36,8,1144,0,0,0,1144
07/31/2009,SFO,CA,AWP,WE,Towers with Radar,853,267,35,4,1159,0,2,6,9,17,853,269,41,13,1176,0,0,0,1176
08/01/2009,SFO,CA,AWP,WE,Towers with Radar,782,223,11,3,1019,0,0,17,2,19,782,223,28,5,1038,0,0,0,1038
08/02/2009,SFO,CA,AWP,WE,Towers with Radar,826,242,29,1,1098,0,0,11,9,20,826,242,40,10,1118,0,0,0,1118
08/03/2009,SFO,CA,AWP,WE,Towers with Radar,850,228,21,5,1104,0,1,7,15,23,850,229,28,20,1127,0,0,0,1127
08/04/2009,SFO,CA,AWP,WE,Towers with Radar,835,245,15,0,1095,0,1,7,3,11,835,246,22,3,1106,0,0,0,1106
08/05/2009,SFO,CA,AWP,WE,Towers with Radar,828,261,28,4,1121,0,2,13,6,21,828,263,41,10,1142,0,0,0,1142
08/06/2009,SFO,CA,AWP,WE,Towers with Radar,852,259,31,0,1142,0,0,2,6,8,852,259,33,6,1150,0,0,0,1150
08/07/2009,SFO,CA,AWP,WE,Towers with Radar,853,270,28,1,1152,0,7,17,15,39,853,277,45,16,1191,0,0,0,1191
08/08/2009,SFO,CA,AWP,WE,Towers with Radar,766,224,23,0,1013,0,2,20,5,27,766,226,43,5,1040,0,0,0,1040
08/09/2009,SFO,CA,AWP,WE,Towers with Radar,819,248,25,3,1095,0,5,11,4,20,819,253,36,7,1115,0,0,0,1115
08/10/2009,SFO,CA,AWP,WE,Towers with Radar,846,243,28,3,1120,0,2,6,11,19,846,245,34,14,1139,0,0,0,1139
08/11/2009,SFO,CA,AWP,WE,Towers with Radar,850,247,23,2,1122,0,4,5,7,16,850,251,28,9,1138,0,0,0,1138
08/12/2009,SFO,CA,AWP,WE,Towers with Radar,839,263,38,2,1142,0,3,4,3,10,839,266,42,5,1152,0,0,0,1152
08/13/2009,SFO,CA,AWP,WE,Towers with Radar,847,255,40,2,1144,0,8,9,15,32,847,263,49,17,1176,0,0,0,1176
08/14/2009,SFO,CA,AWP,WE,Towers with Radar,852,262,19,1,1134,0,5,6,15,26,852,267,25,16,1160,0,0,0,1160
08/15/2009,SFO,CA,AWP,WE,Towers with Radar,764,223,21,3,1011,0,0,10,3,13,764,223,31,6,1024,0,0,0,1024
08/16/2009,SFO,CA,AWP,WE,Towers with Radar,825,268,25,0,1118,0,1,10,1,12,825,269,35,1,1130,0,0,0,1130
08/17/2009,SFO,CA,AWP,WE,Towers with Radar,851,255,31,4,1141,0,0,6,10,16,851,255,37,14,1157,0,0,0,1157
08/18/2009,SFO,CA,AWP,WE,Towers with Radar,840,243,17,1,1101,0,4,9,9,22,840,247,26,10,1123,0,0,0,1123
08/19/2009,SFO,CA,AWP,WE,Towers with Radar,835,259,22,0,1116,0,6,13,9,28,835,265,35,9,1144,0,0,0,1144
08/20/2009,SFO,CA,AWP,WE,Towers with Radar,847,253,32,4,1136,0,0,5,6,11,847,253,37,10,1147,0,0,0,1147
08/21/2009,SFO,CA,AWP,WE,Towers with Radar,833,254,28,2,1117,0,1,7,5,13,833,255,35,7,1130,0,0,0,1130
08/22/2009,SFO,CA,AWP,WE,Towers with Radar,764,227,24,3,1018,0,3,8,4,15,764,230,32,7,1033,0,0,0,1033
08/23/2009,SFO,CA,AWP,WE,Towers with Radar,810,243,36,1,1090,0,1,7,6,14,810,244,43,7,1104,0,0,0,1104
08/24/2009,SFO,CA,AWP,WE,Towers with Radar,826,266,26,1,1119,0,2,7,9,18,826,268,33,10,1137,0,0,0,1137
08/25/2009,SFO,CA,AWP,WE,Towers with Radar,838,237,24,0,1099,0,0,2,10,12,838,237,26,10,1111,0,0,0,1111
08/26/2009,SFO,CA,AWP,WE,Towers with Radar,831,244,40,2,1117,0,2,6,6,14,831,246,46,8,1131,0,0,0,1131
08/27/2009,SFO,CA,AWP,WE,Towers with Radar,837,255,20,1,1113,0,5,6,5,16,837,260,26,6,1129,0,0,0,1129
08/28/2009,SFO,CA,AWP,WE,Towers with Radar,842,269,38,3,1152,0,3,18,12,33,842,272,56,15,1185,0,0,0,1185
08/29/2009,SFO,CA,AWP,WE,Towers with Radar,748,207,24,2,981,0,2,8,2,12,748,209,32,4,993,0,0,0,993
08/30/2009,SFO,CA,AWP,WE,Towers with Radar,805,232,32,0,1069,0,0,3,4,7,805,232,35,4,1076,0,0,0,1076
08/31/2009,SFO,CA,AWP,WE,Towers with Radar,831,241,32,2,1106,0,1,5,10,16,831,242,37,12,1122,0,0,0,1122
09/01/2009,SFO,CA,AWP,WE,Towers with Radar,812,223,26,2,1063,0,0,4,12,16,812,223,30,14,1079,0,0,0,1079
09/02/2009,SFO,CA,AWP,WE,Towers with Radar,821,239,31,1,1092,0,2,14,6,22,821,241,45,7,1114,0,0,0,1114
09/03/2009,SFO,CA,AWP,WE,Towers with Radar,828,233,30,0,1091,0,5,18,5,28,828,238,48,5,1119,0,0,0,1119
09/04/2009,SFO,CA,AWP,WE,Towers with Radar,830,253,34,2,1119,0,1,11,3,15,830,254,45,5,1134,0,0,0,1134
09/05/2009,SFO,CA,AWP,WE,Towers with Radar,695,165,19,1,880,0,1,10,5,16,695,166,29,6,896,0,0,0,896
09/06/2009,SFO,CA,AWP,WE,Towers with Radar,697,164,13,0,874,0,0,11,3,14,697,164,24,3,888,0,0,0,888
09/07/2009,SFO,CA,AWP,WE,Towers with Radar,783,224,37,0,1044,0,2,9,8,19,783,226,46,8,1063,0,0,0,1063
09/08/2009,SFO,CA,AWP,WE,Towers with Radar,800,229,27,1,1057,0,3,14,7,24,800,232,41,8,1081,0,0,0,1081
09/09/2009,SFO,CA,AWP,WE,Towers with Radar,798,237,31,2,1068,0,4,4,11,19,798,241,35,13,1087,0,0,0,1087
09/10/2009,SFO,CA,AWP,WE,Towers with Radar,804,239,39,0,1082,0,2,10,11,23,804,241,49,11,1105,0,0,0,1105
09/11/2009,SFO,CA,AWP,WE,Towers with Radar,811,227,25,3,1066,0,3,5,10,18,811,230,30,13,1084,0,0,0,1084
09/12/2009,SFO,CA,AWP,WE,Towers with Radar,713,190,22,5,930,0,2,4,10,16,713,192,26,15,946,0,0,0,946
09/13/2009,SFO,CA,AWP,WE,Towers with Radar,775,223,35,1,1034,0,1,4,4,9,775,224,39,5,1043,0,0,0,1043
09/14/2009,SFO,CA,AWP,WE,Towers with Radar,801,232,41,0,1074,0,7,8,11,26,801,239,49,11,1100,0,0,0,1100
09/15/2009,SFO,CA,AWP,WE,Towers with Radar,786,234,40,1,1061,0,8,13,12,33,786,242,53,13,1094,0,0,0,1094
09/16/2009,SFO,CA,AWP,WE,Towers with Radar,800,235,55,3,1093,0,0,7,7,14,800,235,62,10,1107,0,0,0,1107
09/17/2009,SFO,CA,AWP,WE,Towers with Radar,805,238,49,8,1100,0,5,4,9,18,805,243,53,17,1118,0,0,0,1118
09/18/2009,SFO,CA,AWP,WE,Towers with Radar,814,255,28,4,1101,1,1,9,8,19,815,256,37,12,1120,0,0,0,1120
09/19/2009,SFO,CA,AWP,WE,Towers with Radar,717,187,14,0,918,0,0,13,7,20,717,187,27,7,938,0,0,0,938
09/20/2009,SFO,CA,AWP,WE,Towers with Radar,782,238,29,1,1050,1,1,10,10,22,783,239,39,11,1072,0,0,0,1072
09/21/2009,SFO,CA,AWP,WE,Towers with Radar,805,246,27,3,1081,0,2,4,10,16,805,248,31,13,1097,0,0,0,1097
09/22/2009,SFO,CA,AWP,WE,Towers with Radar,790,224,39,2,1055,0,8,8,11,27,790,232,47,13,1082,0,0,0,1082
09/23/2009,SFO,CA,AWP,WE,Towers with Radar,788,243,41,4,1076,0,3,6,12,21,788,246,47,16,1097,0,0,0,1097
09/24/2009,SFO,CA,AWP,WE,Towers with Radar,809,272,49,1,1131,0,0,3,4,7,809,272,52,5,1138,0,0,0,1138
09/25/2009,SFO,CA,AWP,WE,Towers with Radar,824,240,49,0,1113,0,0,6,6,12,824,240,55,6,1125,0,0,0,1125
09/26/2009,SFO,CA,AWP,WE,Towers with Radar,701,189,25,1,916,0,1,8,2,11,701,190,33,3,927,0,0,0,927
09/27/2009,SFO,CA,AWP,WE,Towers with Radar,792,230,23,2,1047,0,2,10,4,16,792,232,33,6,1063,0,0,0,1063
09/28/2009,SFO,CA,AWP,WE,Towers with Radar,789,231,30,4,1054,0,7,7,10,24,789,238,37,14,1078,0,0,0,1078
09/29/2009,SFO,CA,AWP,WE,Towers with Radar,780,217,28,2,1027,0,5,10,10,25,780,222,38,12,1052,0,0,0,1052
09/30/2009,SFO,CA,AWP,WE,Towers with Radar,798,219,49,1,1067,0,2,5,13,20,798,221,54,14,1087,0,0,0,1087
10/01/2009,SFO,CA,AWP,WE,Towers with Radar,807,236,45,3,1091,0,4,7,11,22,807,240,52,14,1113,0,0,0,1113
10/02/2009,SFO,CA,AWP,WE,Towers with Radar,822,240,31,1,1094,0,4,8,8,20,822,244,39,9,1114,0,0,0,1114
10/03/2009,SFO,CA,AWP,WE,Towers with Radar,709,191,14,3,917,0,1,4,4,9,709,192,18,7,926,0,0,0,926
10/04/2009,SFO,CA,AWP,WE,Towers with Radar,792,243,29,2,1066,0,2,12,4,18,792,245,41,6,1084,0,0,0,1084
10/05/2009,SFO,CA,AWP,WE,Towers with Radar,793,241,40,3,1077,0,3,16,12,31,793,244,56,15,1108,0,0,0,1108
10/06/2009,SFO,CA,AWP,WE,Towers with Radar,777,237,36,4,1054,0,3,20,19,42,777,240,56,23,1096,0,0,0,1096
10/07/2009,SFO,CA,AWP,WE,Towers with Radar,795,231,46,4,1076,0,2,1,11,14,795,233,47,15,1090,0,0,0,1090
10/08/2009,SFO,CA,AWP,WE,Towers with Radar,808,222,50,6,1086,0,4,8,13,25,808,226,58,19,1111,0,0,0,1111
10/09/2009,SFO,CA,AWP,WE,Towers with Radar,799,243,43,5,1090,0,6,16,5,27,799,249,59,10,1117,0,0,0,1117
10/10/2009,SFO,CA,AWP,WE,Towers with Radar,714,193,17,5,929,0,2,7,9,18,714,195,24,14,947,0,0,0,947
10/11/2009,SFO,CA,AWP,WE,Towers with Radar,777,240,36,3,1056,0,7,7,7,21,777,247,43,10,1077,0,0,0,1077
10/12/2009,SFO,CA,AWP,WE,Towers with Radar,800,219,41,6,1066,0,1,5,6,12,800,220,46,12,1078,0,0,0,1078
10/13/2009,SFO,CA,AWP,WE,Towers with Radar,645,114,16,2,777,1,0,0,0,1,646,114,16,2,778,0,0,0,778
10/14/2009,SFO,CA,AWP,WE,Towers with Radar,830,207,23,4,1064,0,2,2,7,11,830,209,25,11,1075,0,0,0,1075
10/15/2009,SFO,CA,AWP,WE,Towers with Radar,806,224,17,6,1053,0,1,6,11,18,806,225,23,17,1071,0,0,0,1071
10/16/2009,SFO,CA,AWP,WE,Towers with Radar,816,239,21,7,1083,0,0,3,13,16,816,239,24,20,1099,0,0,0,1099
10/17/2009,SFO,CA,AWP,WE,Towers with Radar,706,190,8,4,908,0,2,11,4,17,706,192,19,8,925,0,0,0,925
10/18/2009,SFO,CA,AWP,WE,Towers with Radar,787,229,20,1,1037,0,0,6,5,11,787,229,26,6,1048,0,0,0,1048
10/19/2009,SFO,CA,AWP,WE,Towers with Radar,788,214,22,4,1028,0,2,5,6,13,788,216,27,10,1041,0,0,0,1041
10/20/2009,SFO,CA,AWP,WE,Towers with Radar,768,227,39,2,1036,0,4,7,7,18,768,231,46,9,1054,0,0,0,1054
10/21/2009,SFO,CA,AWP,WE,Towers with Radar,785,233,40,4,1062,0,6,6,11,23,785,239,46,15,1085,0,0,0,1085
10/22/2009,SFO,CA,AWP,WE,Towers with Radar,810,241,27,1,1079,0,2,11,9,22,810,243,38,10,1101,0,0,0,1101
10/23/2009,SFO,CA,AWP,WE,Towers with Radar,811,259,36,1,1107,0,3,9,14,26,811,262,45,15,1133,0,0,0,1133
10/24/2009,SFO,CA,AWP,WE,Towers with Radar,701,185,20,0,906,0,2,9,0,11,701,187,29,0,917,0,0,0,917
10/25/2009,SFO,CA,AWP,WE,Towers with Radar,769,231,34,1,1035,0,4,9,8,21,769,235,43,9,1056,0,0,0,1056
10/26/2009,SFO,CA,AWP,WE,Towers with Radar,789,216,36,1,1042,0,1,7,10,18,789,217,43,11,1060,0,0,0,1060
10/27/2009,SFO,CA,AWP,WE,Towers with Radar,769,222,26,0,1017,0,5,3,12,20,769,227,29,12,1037,0,0,0,1037
10/28/2009,SFO,CA,AWP,WE,Towers with Radar,772,232,49,0,1053,0,11,10,11,32,772,243,59,11,1085,0,0,0,1085
10/29/2009,SFO,CA,AWP,WE,Towers with Radar,775,242,58,6,1081,0,2,9,11,22,775,244,67,17,1103,0,0,0,1103
10/30/2009,SFO,CA,AWP,WE,Towers with Radar,803,235,33,2,1073,0,3,8,6,17,803,238,41,8,1090,0,0,0,1090
10/31/2009,SFO,CA,AWP,WE,Towers with Radar,682,173,20,2,877,0,3,5,4,12,682,176,25,6,889,0,0,0,889
11/01/2009,SFO,CA,AWP,WE,Towers with Radar,751,228,22,1,1002,0,5,11,7,23,751,233,33,8,1025,0,0,0,1025
11/02/2009,SFO,CA,AWP,WE,Towers with Radar,775,219,40,0,1034,0,6,19,14,39,775,225,59,14,1073,0,0,0,1073
11/03/2009,SFO,CA,AWP,WE,Towers with Radar,759,222,51,2,1034,0,2,11,8,21,759,224,62,10,1055,0,0,0,1055
11/04/2009,SFO,CA,AWP,WE,Towers with Radar,764,216,40,1,1021,0,4,11,8,23,764,220,51,9,1044,0,0,0,1044
11/05/2009,SFO,CA,AWP,WE,Towers with Radar,768,235,40,0,1043,0,4,10,9,23,768,239,50,9,1066,0,0,0,1066
11/06/2009,SFO,CA,AWP,WE,Towers with Radar,788,224,43,3,1058,0,1,14,4,19,788,225,57,7,1077,0,0,0,1077
11/07/2009,SFO,CA,AWP,WE,Towers with Radar,678,185,25,2,890,0,2,8,7,17,678,187,33,9,907,0,0,0,907
11/08/2009,SFO,CA,AWP,WE,Towers with Radar,756,230,36,2,1024,0,1,6,6,13,756,231,42,8,1037,0,0,0,1037
11/09/2009,SFO,CA,AWP,WE,Towers with Radar,766,229,29,3,1027,0,3,9,12,24,766,232,38,15,1051,0,0,0,1051
11/10/2009,SFO,CA,AWP,WE,Towers with Radar,765,233,39,0,1037,0,2,3,13,18,765,235,42,13,1055,0,0,0,1055
11/11/2009,SFO,CA,AWP,WE,Towers with Radar,774,223,37,0,1034,0,8,5,6,19,774,231,42,6,1053,0,0,0,1053
11/12/2009,SFO,CA,AWP,WE,Towers with Radar,780,237,50,0,1067,0,1,12,10,23,780,238,62,10,1090,0,0,0,1090
11/13/2009,SFO,CA,AWP,WE,Towers with Radar,792,228,33,2,1055,0,2,11,7,20,792,230,44,9,1075,0,0,0,1075
11/14/2009,SFO,CA,AWP,WE,Towers with Radar,681,177,16,2,876,0,2,5,6,13,681,179,21,8,889,0,0,0,889
11/15/2009,SFO,CA,AWP,WE,Towers with Radar,746,228,22,2,998,0,1,8,3,12,746,229,30,5,1010,0,0,0,1010
11/16/2009,SFO,CA,AWP,WE,Towers with Radar,779,228,32,1,1040,0,0,4,11,15,779,228,36,12,1055,0,0,0,1055
11/17/2009,SFO,CA,AWP,WE,Towers with Radar,768,242,33,0,1043,0,7,4,8,19,768,249,37,8,1062,0,0,0,1062
11/18/2009,SFO,CA,AWP,WE,Towers with Radar,780,232,52,1,1065,0,5,6,12,23,780,237,58,13,1088,0,0,0,1088
11/19/2009,SFO,CA,AWP,WE,Towers with Radar,779,235,46,2,1062,1,3,7,9,20,780,238,53,11,1082,0,0,0,1082
11/20/2009,SFO,CA,AWP,WE,Towers with Radar,797,200,30,1,1028,0,0,1,9,10,797,200,31,10,1038,0,0,0,1038
11/21/2009,SFO,CA,AWP,WE,Towers with Radar,687,176,15,1,879,0,3,13,11,27,687,179,28,12,906,0,0,0,906
11/22/2009,SFO,CA,AWP,WE,Towers with Radar,746,219,16,0,981,0,3,3,4,10,746,222,19,4,991,0,0,0,991
11/23/2009,SFO,CA,AWP,WE,Towers with Radar,767,214,28,1,1010,0,4,6,12,22,767,218,34,13,1032,0,0,0,1032
11/24/2009,SFO,CA,AWP,WE,Towers with Radar,784,242,26,1,1053,0,1,6,9,16,784,243,32,10,1069,0,0,0,1069
11/25/2009,SFO,CA,AWP,WE,Towers with Radar,806,217,15,0,1038,0,1,19,7,27,806,218,34,7,1065,0,0,0,1065
11/26/2009,SFO,CA,AWP,WE,Towers with Radar,585,139,3,1,728,0,1,2,3,6,585,140,5,4,734,0,0,0,734
11/27/2009,SFO,CA,AWP,WE,Towers with Radar,683,163,16,3,865,0,0,6,1,7,683,163,22,4,872,0,0,0,872
11/28/2009,SFO,CA,AWP,WE,Towers with Radar,759,205,17,1,982,0,0,2,4,6,759,205,19,5,988,0,0,0,988
11/29/2009,SFO,CA,AWP,WE,Towers with Radar,819,242,44,1,1106,0,3,8,5,16,819,245,52,6,1122,0,0,0,1122
11/30/2009,SFO,CA,AWP,WE,Towers with Radar,803,233,40,1,1077,0,0,4,6,10,803,233,44,7,1087,0,0,0,1087
12/01/2009,SFO,CA,AWP,WE,Towers with Radar,756,225,32,3,1016,0,2,1,13,16,756,227,33,16,1032,0,0,0,1032
12/02/2009,SFO,CA,AWP,WE,Towers with Radar,764,229,32,2,1027,0,0,7,7,14,764,229,39,9,1041,0,0,0,1041
12/03/2009,SFO,CA,AWP,WE,Towers with Radar,775,221,27,1,1024,0,1,7,5,13,775,222,34,6,1037,0,0,0,1037
12/04/2009,SFO,CA,AWP,WE,Towers with Radar,775,231,34,4,1044,0,1,2,6,9,775,232,36,10,1053,0,0,0,1053
12/05/2009,SFO,CA,AWP,WE,Towers with Radar,669,188,10,4,871,0,4,4,3,11,669,192,14,7,882,0,0,0,882
12/06/2009,SFO,CA,AWP,WE,Towers with Radar,754,224,16,0,994,0,3,8,3,14,754,227,24,3,1008,0,0,0,1008
12/07/2009,SFO,CA,AWP,WE,Towers with Radar,767,206,30,2,1005,0,3,3,6,12,767,209,33,8,1017,0,0,0,1017
12/08/2009,SFO,CA,AWP,WE,Towers with Radar,735,236,35,0,1006,0,5,8,10,23,735,241,43,10,1029,0,0,0,1029
12/09/2009,SFO,CA,AWP,WE,Towers with Radar,754,228,42,0,1024,0,2,14,9,25,754,230,56,9,1049,0,0,0,1049
12/10/2009,SFO,CA,AWP,WE,Towers with Radar,718,182,27,2,929,0,2,8,6,16,718,184,35,8,945,0,0,0,945
12/11/2009,SFO,CA,AWP,WE,Towers with Radar,783,172,30,1,986,0,0,2,4,6,783,172,32,5,992,0,0,0,992
12/12/2009,SFO,CA,AWP,WE,Towers with Radar,696,152,17,0,865,0,0,3,1,4,696,152,20,1,869,0,0,0,869
12/13/2009,SFO,CA,AWP,WE,Towers with Radar,737,215,22,1,975,0,1,5,0,6,737,216,27,1,981,0,0,0,981
12/14/2009,SFO,CA,AWP,WE,Towers with Radar,778,220,38,0,1036,0,0,12,11,23,778,220,50,11,1059,0,0,0,1059
12/15/2009,SFO,CA,AWP,WE,Towers with Radar,765,222,32,2,1021,0,2,0,11,13,765,224,32,13,1034,0,0,0,1034
12/16/2009,SFO,CA,AWP,WE,Towers with Radar,777,212,33,1,1023,0,1,0,6,7,777,213,33,7,1030,0,0,0,1030
12/17/2009,SFO,CA,AWP,WE,Towers with Radar,808,243,44,3,1098,0,0,2,6,8,808,243,46,9,1106,0,0,0,1106
12/18/2009,SFO,CA,AWP,WE,Towers with Radar,814,254,51,0,1119,0,0,10,2,12,814,254,61,2,1131,0,0,0,1131
12/19/2009,SFO,CA,AWP,WE,Towers with Radar,681,219,15,1,916,0,0,6,1,7,681,219,21,2,923,0,0,0,923
12/20/2009,SFO,CA,AWP,WE,Towers with Radar,753,227,19,2,1001,0,1,10,1,12,753,228,29,3,1013,0,0,0,1013
12/21/2009,SFO,CA,AWP,WE,Towers with Radar,810,223,32,2,1067,0,1,0,9,10,810,224,32,11,1077,0,0,0,1077
12/22/2009,SFO,CA,AWP,WE,Towers with Radar,802,227,22,0,1051,0,7,9,12,28,802,234,31,12,1079,0,0,0,1079
12/23/2009,SFO,CA,AWP,WE,Towers with Radar,803,229,25,1,1058,0,2,9,5,16,803,231,34,6,1074,0,0,0,1074
12/24/2009,SFO,CA,AWP,WE,Towers with Radar,719,169,15,1,904,0,3,6,3,12,719,172,21,4,916,0,0,0,916
12/25/2009,SFO,CA,AWP,WE,Towers with Radar,704,167,22,1,894,0,0,0,0,0,704,167,22,1,894,0,0,0,894
12/26/2009,SFO,CA,AWP,WE,Towers with Radar,736,210,48,1,995,0,5,4,2,11,736,215,52,3,1006,0,0,0,1006
12/27/2009,SFO,CA,AWP,WE,Towers with Radar,795,209,26,0,1030,0,0,1,2,3,795,209,27,2,1033,0,0,0,1033
12/28/2009,SFO,CA,AWP,WE,Towers with Radar,802,229,13,0,1044,0,0,0,8,8,802,229,13,8,1052,0,0,0,1052
12/29/2009,SFO,CA,AWP,WE,Towers with Radar,779,219,15,0,1013,0,1,6,5,12,779,220,21,5,1025,0,0,0,1025
12/30/2009,SFO,CA,AWP,WE,Towers with Radar,810,250,30,2,1092,0,3,6,3,12,810,253,36,5,1104,0,0,0,1104
12/31/2009,SFO,CA,AWP,WE,Towers with Radar,711,193,14,0,918,0,1,7,2,10,711,194,21,2,928,0,0,0,928
01/01/2010,SFO,CA,AWP,WE,Towers with Radar,725,203,23,2,953,0,1,1,5,7,725,204,24,7,960,0,0,0,960
01/02/2010,SFO,CA,AWP,WE,Towers with Radar,746,221,37,0,1004,0,1,6,4,11,746,222,43,4,1015,0,0,0,1015
01/03/2010,SFO,CA,AWP,WE,Towers with Radar,799,217,52,0,1068,0,0,11,2,13,799,217,63,2,1081,0,0,0,1081
01/04/2010,SFO,CA,AWP,WE,Towers with Radar,798,226,31,2,1057,0,0,5,9,14,798,226,36,11,1071,0,0,0,1071
01/05/2010,SFO,CA,AWP,WE,Towers with Radar,756,231,37,0,1024,0,8,6,4,18,756,239,43,4,1042,0,0,0,1042
01/06/2010,SFO,CA,AWP,WE,Towers with Radar,745,248,56,0,1049,0,1,0,4,5,745,249,56,4,1054,0,0,0,1054
01/07/2010,SFO,CA,AWP,WE,Towers with Radar,752,267,38,3,1060,0,4,2,4,10,752,271,40,7,1070,0,0,0,1070
01/08/2010,SFO,CA,AWP,WE,Towers with Radar,770,238,26,0,1034,0,3,13,9,25,770,241,39,9,1059,0,0,0,1059
01/09/2010,SFO,CA,AWP,WE,Towers with Radar,686,187,25,0,898,0,0,7,2,9,686,187,32,2,907,0,0,0,907
01/10/2010,SFO,CA,AWP,WE,Towers with Radar,748,228,45,5,1026,0,0,3,0,3,748,228,48,5,1029,0,0,0,1029
01/11/2010,SFO,CA,AWP,WE,Towers with Radar,760,266,57,2,1085,0,3,10,9,22,760,269,67,11,1107,0,0,0,1107
01/12/2010,SFO,CA,AWP,WE,Towers with Radar,677,192,40,1,910,0,0,2,9,11,677,192,42,10,921,0,0,0,921
01/13/2010,SFO,CA,AWP,WE,Towers with Radar,751,247,50,1,1049,0,3,1,11,15,751,250,51,12,1064,0,0,0,1064
01/14/2010,SFO,CA,AWP,WE,Towers with Radar,743,228,46,2,1019,0,1,0,13,14,743,229,46,15,1033,0,0,0,1033
01/15/2010,SFO,CA,AWP,WE,Towers with Radar,780,260,35,3,1078,0,2,4,7,13,780,262,39,10,1091,0,0,0,1091
01/16/2010,SFO,CA,AWP,WE,Towers with Radar,672,188,20,0,880,0,1,0,2,3,672,189,20,2,883,0,0,0,883
01/17/2010,SFO,CA,AWP,WE,Towers with Radar,715,183,14,1,913,0,0,1,1,2,715,183,15,2,915,0,0,0,915
01/18/2010,SFO,CA,AWP,WE,Towers with Radar,683,170,14,2,869,0,1,3,3,7,683,171,17,5,876,0,0,0,876
01/19/2010,SFO,CA,AWP,WE,Towers with Radar,716,186,20,1,923,0,3,3,3,9,716,189,23,4,932,0,0,0,932
01/20/2010,SFO,CA,AWP,WE,Towers with Radar,672,157,15,0,844,0,0,5,1,6,672,157,20,1,850,0,0,0,850
01/21/2010,SFO,CA,AWP,WE,Towers with Radar,679,199,19,1,898,0,1,0,2,3,679,200,19,3,901,0,0,0,901
01/22/2010,SFO,CA,AWP,WE,Towers with Radar,773,219,25,4,1021,0,3,0,9,12,773,222,25,13,1033,0,0,0,1033
01/23/2010,SFO,CA,AWP,WE,Towers with Radar,671,186,12,0,869,0,4,4,2,10,671,190,16,2,879,0,0,0,879
01/24/2010,SFO,CA,AWP,WE,Towers with Radar,731,208,28,1,968,0,0,0,2,2,731,208,28,3,970,0,0,0,970
01/25/2010,SFO,CA,AWP,WE,Towers with Radar,706,210,12,4,932,0,1,1,7,9,706,211,13,11,941,0,0,0,941
01/26/2010,SFO,CA,AWP,WE,Towers with Radar,730,246,27,2,1005,0,0,0,7,7,730,246,27,9,1012,0,0,0,1012
01/27/2010,SFO,CA,AWP,WE,Towers with Radar,729,235,45,1,1010,0,0,4,6,10,729,235,49,7,1020,0,0,0,1020
01/28/2010,SFO,CA,AWP,WE,Towers with Radar,750,250,41,1,1042,0,6,2,3,11,750,256,43,4,1053,0,0,0,1053
01/29/2010,SFO,CA,AWP,WE,Towers with Radar,765,247,31,0,1043,0,2,4,8,14,765,249,35,8,1057,0,0,0,1057
01/30/2010,SFO,CA,AWP,WE,Towers with Radar,670,181,11,0,862,0,2,9,5,16,670,183,20,5,878,0,0,0,878
01/31/2010,SFO,CA,AWP,WE,Towers with Radar,737,218,45,4,1004,0,3,19,2,24,737,221,64,6,1028,0,0,0,1028
02/01/2010,SFO,CA,AWP,WE,Towers with Radar,757,254,39,3,1053,0,0,6,8,14,757,254,45,11,1067,0,0,0,1067
02/02/2010,SFO,CA,AWP,WE,Towers with Radar,730,234,31,1,996,0,5,6,6,17,730,239,37,7,1013,0,0,0,1013
02/03/2010,SFO,CA,AWP,WE,Towers with Radar,730,234,26,3,993,0,4,2,15,21,730,238,28,18,1014,0,0,0,1014
02/04/2010,SFO,CA,AWP,WE,Towers with Radar,696,219,45,1,961,0,0,3,9,12,696,219,48,10,973,0,0,0,973
02/05/2010,SFO,CA,AWP,WE,Towers with Radar,782,254,32,4,1072,0,1,2,9,12,782,255,34,13,1084,0,0,0,1084
02/06/2010,SFO,CA,AWP,WE,Towers with Radar,641,177,17,0,835,0,3,5,8,16,641,180,22,8,851,0,0,0,851
02/07/2010,SFO,CA,AWP,WE,Towers with Radar,724,220,32,1,977,0,1,4,4,9,724,221,36,5,986,0,0,0,986
02/08/2010,SFO,CA,AWP,WE,Towers with Radar,736,232,42,3,1013,0,1,8,10,19,736,233,50,13,1032,0,0,0,1032
02/09/2010,SFO,CA,AWP,WE,Towers with Radar,681,232,44,2,959,0,2,4,7,13,681,234,48,9,972,0,0,0,972
02/10/2010,SFO,CA,AWP,WE,Towers with Radar,656,250,39,3,948,0,4,3,6,13,656,254,42,9,961,0,0,0,961
02/11/2010,SFO,CA,AWP,WE,Towers with Radar,736,248,54,1,1039,0,3,0,9,12,736,251,54,10,1051,0,0,0,1051
02/12/2010,SFO,CA,AWP,WE,Towers with Radar,768,233,31,1,1033,0,0,2,10,12,768,233,33,11,1045,0,0,0,1045
02/13/2010,SFO,CA,AWP,WE,Towers with Radar,707,217,16,2,942,0,5,11,5,21,707,222,27,7,963,0,0,0,963
02/14/2010,SFO,CA,AWP,WE,Towers with Radar,748,220,20,2,990,0,0,7,1,8,748,220,27,3,998,0,0,0,998
02/15/2010,SFO,CA,AWP,WE,Towers with Radar,774,211,32,3,1020,0,0,8,4,12,774,211,40,7,1032,0,0,0,1032
02/16/2010,SFO,CA,AWP,WE,Towers with Radar,747,209,23,1,980,0,4,4,10,18,747,213,27,11,998,0,0,0,998
02/17/2010,SFO,CA,AWP,WE,Towers with Radar,759,200,36,2,997,0,0,4,2,6,759,200,40,4,1003,0,0,0,1003
02/18/2010,SFO,CA,AWP,WE,Towers with Radar,765,205,36,1,1007,0,0,1,8,9,765,205,37,9,1016,0,0,0,1016
02/19/2010,SFO,CA,AWP,WE,Towers with Radar,789,245,29,7,1070,0,0,6,6,12,789,245,35,13,1082,0,0,0,1082
02/20/2010,SFO,CA,AWP,WE,Towers with Radar,693,211,20,1,925,0,4,8,2,14,693,215,28,3,939,0,0,0,939
02/21/2010,SFO,CA,AWP,WE,Towers with Radar,724,217,22,2,965,0,2,7,1,10,724,219,29,3,975,0,0,0,975
02/22/2010,SFO,CA,AWP,WE,Towers with Radar,777,252,28,1,1058,0,5,8,12,25,777,257,36,13,1083,0,0,0,1083
02/23/2010,SFO,CA,AWP,WE,Towers with Radar,718,213,17,0,948,0,1,0,11,12,718,214,17,11,960,0,0,0,960
02/24/2010,SFO,CA,AWP,WE,Towers with Radar,775,221,32,0,1028,0,2,4,6,12,775,223,36,6,1040,0,0,0,1040
02/25/2010,SFO,CA,AWP,WE,Towers with Radar,751,244,25,1,1021,0,3,3,13,19,751,247,28,14,1040,0,0,0,1040
02/26/2010,SFO,CA,AWP,WE,Towers with Radar,748,190,30,1,969,0,5,9,6,20,748,195,39,7,989,0,0,0,989
02/27/2010,SFO,CA,AWP,WE,Towers with Radar,700,188,19,0,907,0,2,8,1,11,700,190,27,1,918,0,0,0,918
02/28/2010,SFO,CA,AWP,WE,Towers with Radar,755,230,28,0,1013,0,2,11,5,18,755,232,39,5,1031,0,0,0,1031
03/01/2010,SFO,CA,AWP,WE,Towers with Radar,740,211,46,1,998,0,2,5,8,15,740,213,51,9,1013,0,0,0,1013
03/02/2010,SFO,CA,AWP,WE,Towers with Radar,736,222,34,3,995,0,6,1,3,10,736,228,35,6,1005,0,0,0,1005
03/03/2010,SFO,CA,AWP,WE,Towers with Radar,753,243,36,2,1034,0,0,2,5,7,753,243,38,7,1041,0,0,0,1041
03/04/2010,SFO,CA,AWP,WE,Towers with Radar,772,249,28,0,1049,0,2,5,9,16,772,251,33,9,1065,0,0,0,1065
03/05/2010,SFO,CA,AWP,WE,Towers with Radar,783,247,39,0,1069,0,4,2,12,18,783,251,41,12,1087,0,0,0,1087
03/06/2010,SFO,CA,AWP,WE,Towers with Radar,699,205,17,0,921,0,5,7,3,15,699,210,24,3,936,0,0,0,936
03/07/2010,SFO,CA,AWP,WE,Towers with Radar,744,216,34,0,994,0,2,8,4,14,744,218,42,4,1008,0,0,0,1008
03/08/2010,SFO,CA,AWP,WE,Towers with Radar,766,233,23,0,1022,0,3,12,7,22,766,236,35,7,1044,0,0,0,1044
03/09/2010,SFO,CA,AWP,WE,Towers with Radar,766,250,28,3,1047,0,4,12,8,24,766,254,40,11,1071,0,0,0,1071
03/10/2010,SFO,CA,AWP,WE,Towers with Radar,777,250,19,3,1049,0,3,7,17,27,777,253,26,20,1076,0,0,0,1076
03/11/2010,SFO,CA,AWP,WE,Towers with Radar,771,251,38,0,1060,0,10,5,19,34,771,261,43,19,1094,0,0,0,1094
03/12/2010,SFO,CA,AWP,WE,Towers with Radar,753,198,28,2,981,0,3,2,4,9,753,201,30,6,990,0,0,0,990
03/13/2010,SFO,CA,AWP,WE,Towers with Radar,700,201,20,1,922,0,1,9,5,15,700,202,29,6,937,0,0,0,937
03/14/2010,SFO,CA,AWP,WE,Towers with Radar,743,244,28,2,1017,0,8,11,7,26,743,252,39,9,1043,0,0,0,1043
03/15/2010,SFO,CA,AWP,WE,Towers with Radar,764,244,28,1,1037,0,3,39,8,50,764,247,67,9,1087,0,0,0,1087
03/16/2010,SFO,CA,AWP,WE,Towers with Radar,767,258,38,0,1063,0,9,71,4,84,767,267,109,4,1147,0,0,0,1147
03/17/2010,SFO,CA,AWP,WE,Towers with Radar,777,249,38,0,1064,0,6,35,7,48,777,255,73,7,1112,0,0,0,1112
03/18/2010,SFO,CA,AWP,WE,Towers with Radar,767,257,41,2,1067,0,3,5,12,20,767,260,46,14,1087,0,0,0,1087
03/19/2010,SFO,CA,AWP,WE,Towers with Radar,798,237,34,1,1070,0,5,5,3,13,798,242,39,4,1083,0,0,0,1083
03/20/2010,SFO,CA,AWP,WE,Towers with Radar,695,196,22,4,917,0,7,7,4,18,695,203,29,8,935,0,0,0,935
03/21/2010,SFO,CA,AWP,WE,Towers with Radar,739,218,32,3,992,0,2,5,2,9,739,220,37,5,1001,0,0,0,1001
03/22/2010,SFO,CA,AWP,WE,Towers with Radar,774,247,30,0,1051,0,4,3,12,19,774,251,33,12,1070,0,0,0,1070
03/23/2010,SFO,CA,AWP,WE,Towers with Radar,764,240,43,0,1047,0,11,9,12,32,764,251,52,12,1079,0,0,0,1079
03/24/2010,SFO,CA,AWP,WE,Towers with Radar,753,241,39,0,1033,0,0,2,12,14,753,241,41,12,1047,0,0,0,1047
03/25/2010,SFO,CA,AWP,WE,Towers with Radar,784,254,35,3,1076,0,1,0,10,11,784,255,35,13,1087,0,0,0,1087
03/26/2010,SFO,CA,AWP,WE,Towers with Radar,782,255,43,2,1082,0,4,3,9,16,782,259,46,11,1098,0,0,0,1098
03/27/2010,SFO,CA,AWP,WE,Towers with Radar,706,195,22,1,924,0,6,4,6,16,706,201,26,7,940,0,0,0,940
03/28/2010,SFO,CA,AWP,WE,Towers with Radar,765,223,38,1,1027,0,3,3,4,10,765,226,41,5,1037,0,0,0,1037
03/29/2010,SFO,CA,AWP,WE,Towers with Radar,764,224,23,2,1013,0,0,1,8,9,764,224,24,10,1022,0,0,0,1022
03/30/2010,SFO,CA,AWP,WE,Towers with Radar,776,246,27,2,1051,0,0,5,9,14,776,246,32,11,1065,0,0,0,1065
03/31/2010,SFO,CA,AWP,WE,Towers with Radar,781,241,22,1,1045,0,2,0,8,10,781,243,22,9,1055,0,0,0,1055
04/01/2010,SFO,CA,AWP,WE,Towers with Radar,789,252,41,0,1082,0,6,3,8,17,789,258,44,8,1099,0,0,0,1099
04/02/2010,SFO,CA,AWP,WE,Towers with Radar,782,212,19,1,1014,0,4,6,8,18,782,216,25,9,1032,0,0,0,1032
04/03/2010,SFO,CA,AWP,WE,Towers with Radar,715,210,15,1,941,1,3,7,3,14,716,213,22,4,955,0,0,0,955
04/04/2010,SFO,CA,AWP,WE,Towers with Radar,742,180,9,0,931,0,3,3,3,9,742,183,12,3,940,0,0,0,940
04/05/2010,SFO,CA,AWP,WE,Towers with Radar,806,236,17,0,1059,0,0,0,10,10,806,236,17,10,1069,0,0,0,1069
04/06/2010,SFO,CA,AWP,WE,Towers with Radar,780,232,21,3,1036,0,5,4,12,21,780,237,25,15,1057,0,0,0,1057
04/07/2010,SFO,CA,AWP,WE,Towers with Radar,788,232,28,0,1048,0,3,3,10,16,788,235,31,10,1064,0,0,0,1064
04/08/2010,SFO,CA,AWP,WE,Towers with Radar,782,250,38,2,1072,0,5,2,12,19,782,255,40,14,1091,0,0,0,1091
04/09/2010,SFO,CA,AWP,WE,Towers with Radar,809,251,24,0,1084,0,1,3,4,8,809,252,27,4,1092,0,0,0,1092
04/10/2010,SFO,CA,AWP,WE,Towers with Radar,702,187,19,2,910,0,4,4,2,10,702,191,23,4,920,0,0,0,920
04/11/2010,SFO,CA,AWP,WE,Towers with Radar,681,190,25,2,898,0,0,0,4,4,681,190,25,6,902,0,0,0,902
04/12/2010,SFO,CA,AWP,WE,Towers with Radar,832,217,22,1,1072,0,2,3,6,11,832,219,25,7,1083,0,0,0,1083
04/13/2010,SFO,CA,AWP,WE,Towers with Radar,776,241,32,2,1051,0,5,1,7,13,776,246,33,9,1064,0,0,0,1064
04/14/2010,SFO,CA,AWP,WE,Towers with Radar,794,253,44,2,1093,0,2,9,7,18,794,255,53,9,1111,0,0,0,1111
04/15/2010,SFO,CA,AWP,WE,Towers with Radar,778,250,30,1,1059,0,5,4,9,18,778,255,34,10,1077,0,0,0,1077
04/16/2010,SFO,CA,AWP,WE,Towers with Radar,786,239,36,1,1062,0,9,4,11,24,786,248,40,12,1086,0,0,0,1086
04/17/2010,SFO,CA,AWP,WE,Towers with Radar,697,198,17,0,912,0,4,5,6,15,697,202,22,6,927,0,0,0,927
04/18/2010,SFO,CA,AWP,WE,Towers with Radar,766,229,28,0,1023,0,3,6,4,13,766,232,34,4,1036,0,0,0,1036
04/19/2010,SFO,CA,AWP,WE,Towers with Radar,774,242,40,3,1059,1,6,5,5,17,775,248,45,8,1076,0,0,0,1076
04/20/2010,SFO,CA,AWP,WE,Towers with Radar,754,242,43,1,1040,0,0,2,11,13,754,242,45,12,1053,0,0,0,1053
04/21/2010,SFO,CA,AWP,WE,Towers with Radar,803,240,53,6,1102,0,0,0,0,0,803,240,53,6,1102,0,0,0,1102
04/22/2010,SFO,CA,AWP,WE,Towers with Radar,793,245,43,0,1081,0,5,7,11,23,793,250,50,11,1104,0,0,0,1104
04/23/2010,SFO,CA,AWP,WE,Towers with Radar,794,250,38,1,1083,0,1,4,7,12,794,251,42,8,1095,0,0,0,1095
04/24/2010,SFO,CA,AWP,WE,Towers with Radar,715,195,23,0,933,0,1,6,4,11,715,196,29,4,944,0,0,0,944
04/25/2010,SFO,CA,AWP,WE,Towers with Radar,761,235,22,0,1018,0,3,4,4,11,761,238,26,4,1029,0,0,0,1029
04/26/2010,SFO,CA,AWP,WE,Towers with Radar,786,240,44,1,1071,0,2,2,7,11,786,242,46,8,1082,0,0,0,1082
04/27/2010,SFO,CA,AWP,WE,Towers with Radar,756,204,27,1,988,0,0,3,4,7,756,204,30,5,995,0,0,0,995
04/28/2010,SFO,CA,AWP,WE,Towers with Radar,790,239,41,0,1070,0,3,2,8,13,790,242,43,8,1083,0,0,0,1083
04/29/2010,SFO,CA,AWP,WE,Towers with Radar,786,244,36,0,1066,0,1,7,14,22,786,245,43,14,1088,0,0,0,1088
04/30/2010,SFO,CA,AWP,WE,Towers with Radar,798,238,30,0,1066,0,3,11,6,20,798,241,41,6,1086,0,0,0,1086
05/01/2010,SFO,CA,AWP,WE,Towers with Radar,733,194,8,1,936,0,2,12,5,19,733,196,20,6,955,0,0,0,955
05/02/2010,SFO,CA,AWP,WE,Towers with Radar,784,235,34,0,1053,0,0,4,3,7,784,235,38,3,1060,0,0,0,1060
05/03/2010,SFO,CA,AWP,WE,Towers with Radar,788,251,33,0,1072,0,1,5,7,13,788,252,38,7,1085,0,0,0,1085
05/04/2010,SFO,CA,AWP,WE,Towers with Radar,786,244,34,1,1065,0,4,10,6,20,786,248,44,7,1085,0,0,0,1085
05/05/2010,SFO,CA,AWP,WE,Towers with Radar,789,245,43,0,1077,0,8,5,8,21,789,253,48,8,1098,0,0,0,1098
05/06/2010,SFO,CA,AWP,WE,Towers with Radar,797,232,46,0,1075,0,2,9,10,21,797,234,55,10,1096,0,0,0,1096
05/07/2010,SFO,CA,AWP,WE,Towers with Radar,813,242,28,1,1084,0,4,2,4,10,813,246,30,5,1094,0,0,0,1094
05/08/2010,SFO,CA,AWP,WE,Towers with Radar,725,196,15,0,936,0,0,3,2,5,725,196,18,2,941,0,0,0,941
05/09/2010,SFO,CA,AWP,WE,Towers with Radar,771,227,36,6,1040,0,4,7,6,17,771,231,43,12,1057,0,0,0,1057
05/10/2010,SFO,CA,AWP,WE,Towers with Radar,812,227,43,1,1083,0,2,2,8,12,812,229,45,9,1095,0,0,0,1095
05/11/2010,SFO,CA,AWP,WE,Towers with Radar,786,239,61,1,1087,0,0,16,10,26,786,239,77,11,1113,0,0,0,1113
05/12/2010,SFO,CA,AWP,WE,Towers with Radar,794,235,45,0,1074,0,4,22,11,37,794,239,67,11,1111,0,0,0,1111
05/13/2010,SFO,CA,AWP,WE,Towers with Radar,804,246,52,1,1103,0,5,3,10,18,804,251,55,11,1121,0,0,0,1121
05/14/2010,SFO,CA,AWP,WE,Towers with Radar,802,248,45,3,1098,0,0,11,10,21,802,248,56,13,1119,0,0,0,1119
05/15/2010,SFO,CA,AWP,WE,Towers with Radar,744,198,18,0,960,0,0,3,3,6,744,198,21,3,966,0,0,0,966
05/16/2010,SFO,CA,AWP,WE,Towers with Radar,798,237,40,2,1077,0,0,6,1,7,798,237,46,3,1084,0,0,0,1084
05/17/2010,SFO,CA,AWP,WE,Towers with Radar,779,201,30,1,1011,0,0,2,17,19,779,201,32,18,1030,0,0,0,1030
05/18/2010,SFO,CA,AWP,WE,Towers with Radar,791,244,39,0,1074,0,1,0,10,11,791,245,39,10,1085,0,0,0,1085
05/19/2010,SFO,CA,AWP,WE,Towers with Radar,819,254,35,0,1108,0,3,1,11,15,819,257,36,11,1123,0,0,0,1123
05/20/2010,SFO,CA,AWP,WE,Towers with Radar,810,247,47,1,1105,0,7,2,11,20,810,254,49,12,1125,0,0,0,1125
05/21/2010,SFO,CA,AWP,WE,Towers with Radar,827,236,38,1,1102,0,1,6,5,12,827,237,44,6,1114,0,0,0,1114
05/22/2010,SFO,CA,AWP,WE,Towers with Radar,746,195,26,3,970,0,1,4,5,10,746,196,30,8,980,0,0,0,980
05/23/2010,SFO,CA,AWP,WE,Towers with Radar,808,223,28,3,1062,0,11,14,7,32,808,234,42,10,1094,0,0,0,1094
05/24/2010,SFO,CA,AWP,WE,Towers with Radar,801,244,36,6,1087,0,2,8,7,17,801,246,44,13,1104,0,0,0,1104
05/25/2010,SFO,CA,AWP,WE,Towers with Radar,736,182,23,1,942,0,0,2,11,13,736,182,25,12,955,0,0,0,955
05/26/2010,SFO,CA,AWP,WE,Towers with Radar,825,245,35,8,1113,0,9,5,16,30,825,254,40,24,1143,0,0,0,1143
05/27/2010,SFO,CA,AWP,WE,Towers with Radar,802,219,28,3,1052,0,0,8,6,14,802,219,36,9,1066,0,0,0,1066
05/28/2010,SFO,CA,AWP,WE,Towers with Radar,839,256,32,1,1128,0,6,9,11,26,839,262,41,12,1154,0,0,0,1154
05/29/2010,SFO,CA,AWP,WE,Towers with Radar,736,175,7,3,921,0,7,4,8,19,736,182,11,11,940,0,0,0,940
05/30/2010,SFO,CA,AWP,WE,Towers with Radar,720,165,9,4,898,0,1,6,3,10,720,166,15,7,908,0,0,0,908
05/31/2010,SFO,CA,AWP,WE,Towers with Radar,777,249,26,3,1055,0,1,6,3,10,777,250,32,6,1065,0,0,0,1065
06/01/2010,SFO,CA,AWP,WE,Towers with Radar,831,232,25,3,1091,0,3,3,9,15,831,235,28,12,1106,0,0,0,1106
06/02/2010,SFO,CA,AWP,WE,Towers with Radar,818,210,27,0,1055,0,1,2,8,11,818,211,29,8,1066,0,0,0,1066
06/03/2010,SFO,CA,AWP,WE,Towers with Radar,812,236,21,2,1071,0,4,9,10,23,812,240,30,12,1094,0,0,0,1094
06/04/2010,SFO,CA,AWP,WE,Towers with Radar,832,231,30,3,1096,0,5,5,6,16,832,236,35,9,1112,0,0,0,1112
06/05/2010,SFO,CA,AWP,WE,Towers with Radar,742,200,22,2,966,0,2,6,6,14,742,202,28,8,980,0,0,0,980
06/06/2010,SFO,CA,AWP,WE,Towers with Radar,764,210,21,2,997,0,0,6,3,9,764,210,27,5,1006,0,0,0,1006
06/07/2010,SFO,CA,AWP,WE,Towers with Radar,842,222,36,5,1105,0,0,6,5,11,842,222,42,10,1116,0,0,0,1116
06/08/2010,SFO,CA,AWP,WE,Towers with Radar,793,230,37,0,1060,0,1,2,9,12,793,231,39,9,1072,0,0,0,1072
06/09/2010,SFO,CA,AWP,WE,Towers with Radar,799,197,42,1,1039,0,6,8,8,22,799,203,50,9,1061,0,0,0,1061
06/10/2010,SFO,CA,AWP,WE,Towers with Radar,866,260,39,1,1166,0,7,31,12,50,866,267,70,13,1216,0,0,0,1216
06/11/2010,SFO,CA,AWP,WE,Towers with Radar,852,256,47,2,1157,0,6,26,9,41,852,262,73,11,1198,0,0,0,1198
06/12/2010,SFO,CA,AWP,WE,Towers with Radar,789,210,17,0,1016,0,1,1,8,10,789,211,18,8,1026,0,0,0,1026
06/13/2010,SFO,CA,AWP,WE,Towers with Radar,853,233,31,2,1119,0,1,4,4,9,853,234,35,6,1128,0,0,0,1128
06/14/2010,SFO,CA,AWP,WE,Towers with Radar,843,240,28,0,1111,0,1,27,12,40,843,241,55,12,1151,0,0,0,1151
06/15/2010,SFO,CA,AWP,WE,Towers with Radar,856,242,36,3,1137,1,6,5,13,25,857,248,41,16,1162,0,0,0,1162
06/16/2010,SFO,CA,AWP,WE,Towers with Radar,872,254,32,0,1158,0,3,10,8,21,872,257,42,8,1179,0,0,0,1179
06/17/2010,SFO,CA,AWP,WE,Towers with Radar,857,253,34,1,1145,0,2,11,8,21,857,255,45,9,1166,0,0,0,1166
06/18/2010,SFO,CA,AWP,WE,Towers with Radar,783,207,20,4,1014,0,3,5,9,17,783,210,25,13,1031,0,0,0,1031
06/19/2010,SFO,CA,AWP,WE,Towers with Radar,814,197,14,0,1025,0,0,6,6,12,814,197,20,6,1037,0,0,0,1037
06/20/2010,SFO,CA,AWP,WE,Towers with Radar,866,233,29,2,1130,0,1,5,13,19,866,234,34,15,1149,0,0,0,1149
06/21/2010,SFO,CA,AWP,WE,Towers with Radar,846,244,16,1,1107,0,0,3,5,8,846,244,19,6,1115,0,0,0,1115
06/22/2010,SFO,CA,AWP,WE,Towers with Radar,865,238,32,2,1137,0,2,11,10,23,865,240,43,12,1160,0,0,0,1160
06/23/2010,SFO,CA,AWP,WE,Towers with Radar,856,238,30,0,1124,0,2,3,6,11,856,240,33,6,1135,0,0,0,1135
06/24/2010,SFO,CA,AWP,WE,Towers with Radar,789,178,39,2,1008,0,1,4,12,17,789,179,43,14,1025,0,0,0,1025
06/25/2010,SFO,CA,AWP,WE,Towers with Radar,921,214,30,1,1166,0,0,2,13,15,921,214,32,14,1181,0,0,0,1181
06/26/2010,SFO,CA,AWP,WE,Towers with Radar,801,224,18,1,1044,0,6,2,5,13,801,230,20,6,1057,0,0,0,1057
06/27/2010,SFO,CA,AWP,WE,Towers with Radar,847,242,26,0,1115,0,6,8,2,16,847,248,34,2,1131,0,0,0,1131
06/28/2010,SFO,CA,AWP,WE,Towers with Radar,859,249,27,5,1140,0,6,7,6,19,859,255,34,11,1159,0,0,0,1159
06/29/2010,SFO,CA,AWP,WE,Towers with Radar,859,262,33,2,1156,0,9,2,3,14,859,271,35,5,1170,0,0,0,1170
06/30/2010,SFO,CA,AWP,WE,Towers with Radar,866,234,32,1,1133,0,0,1,10,11,866,234,33,11,1144,0,0,0,1144
07/01/2010,SFO,CA,AWP,WE,Towers with Radar,870,244,31,3,1148,0,3,10,8,21,870,247,41,11,1169,0,0,0,1169
07/02/2010,SFO,CA,AWP,WE,Towers with Radar,878,235,19,0,1132,0,4,15,10,29,878,239,34,10,1161,0,0,0,1161
07/03/2010,SFO,CA,AWP,WE,Towers with Radar,786,183,6,3,978,0,0,5,4,9,786,183,11,7,987,0,0,0,987
07/04/2010,SFO,CA,AWP,WE,Towers with Radar,728,134,5,1,868,0,3,1,6,10,728,137,6,7,878,0,0,0,878
07/05/2010,SFO,CA,AWP,WE,Towers with Radar,837,232,19,0,1088,0,3,5,3,11,837,235,24,3,1099,0,0,0,1099
07/06/2010,SFO,CA,AWP,WE,Towers with Radar,858,232,21,2,1113,0,0,1,8,9,858,232,22,10,1122,0,0,0,1122
07/07/2010,SFO,CA,AWP,WE,Towers with Radar,863,227,17,1,1108,0,1,6,6,13,863,228,23,7,1121,0,0,0,1121
07/08/2010,SFO,CA,AWP,WE,Towers with Radar,861,231,17,1,1110,0,5,7,12,24,861,236,24,13,1134,0,0,0,1134
07/09/2010,SFO,CA,AWP,WE,Towers with Radar,862,240,22,0,1124,0,1,7,1,9,862,241,29,1,1133,0,0,0,1133
07/10/2010,SFO,CA,AWP,WE,Towers with Radar,803,209,17,0,1029,0,3,9,3,15,803,212,26,3,1044,0,0,0,1044
07/11/2010,SFO,CA,AWP,WE,Towers with Radar,856,239,32,0,1127,0,0,5,3,8,856,239,37,3,1135,0,0,0,1135
07/12/2010,SFO,CA,AWP,WE,Towers with Radar,841,246,37,4,1128,0,4,5,5,14,841,250,42,9,1142,0,0,0,1142
07/13/2010,SFO,CA,AWP,WE,Towers with Radar,869,255,33,1,1158,0,2,2,14,18,869,257,35,15,1176,0,0,0,1176
07/14/2010,SFO,CA,AWP,WE,Towers with Radar,862,223,42,1,1128,0,0,6,12,18,862,223,48,13,1146,0,0,0,1146
07/15/2010,SFO,CA,AWP,WE,Towers with Radar,864,245,39,1,1149,0,11,8,6,25,864,256,47,7,1174,0,0,0,1174
07/16/2010,SFO,CA,AWP,WE,Towers with Radar,881,233,42,1,1157,0,4,2,10,16,881,237,44,11,1173,0,0,0,1173
07/17/2010,SFO,CA,AWP,WE,Towers with Radar,804,205,16,0,1025,0,4,7,3,14,804,209,23,3,1039,0,0,0,1039
07/18/2010,SFO,CA,AWP,WE,Towers with Radar,858,237,26,1,1122,0,1,8,4,13,858,238,34,5,1135,0,0,0,1135
07/19/2010,SFO,CA,AWP,WE,Towers with Radar,858,237,51,0,1146,0,6,4,17,27,858,243,55,17,1173,0,0,0,1173
07/20/2010,SFO,CA,AWP,WE,Towers with Radar,865,236,34,1,1136,0,0,2,8,10,865,236,36,9,1146,0,0,0,1146
07/21/2010,SFO,CA,AWP,WE,Towers with Radar,873,239,31,0,1143,0,2,4,6,12,873,241,35,6,1155,0,0,0,1155
07/22/2010,SFO,CA,AWP,WE,Towers with Radar,874,245,42,2,1163,0,0,9,6,15,874,245,51,8,1178,0,0,0,1178
07/23/2010,SFO,CA,AWP,WE,Towers with Radar,858,243,37,4,1142,1,1,2,6,10,859,244,39,10,1152,0,0,0,1152
07/24/2010,SFO,CA,AWP,WE,Towers with Radar,812,208,22,1,1043,0,2,2,5,9,812,210,24,6,1052,0,0,0,1052
07/25/2010,SFO,CA,AWP,WE,Towers with Radar,849,246,30,2,1127,0,1,8,5,14,849,247,38,7,1141,0,0,0,1141
07/26/2010,SFO,CA,AWP,WE,Towers with Radar,864,235,28,5,1132,0,6,4,8,18,864,241,32,13,1150,0,0,0,1150
07/27/2010,SFO,CA,AWP,WE,Towers with Radar,859,229,32,1,1121,0,1,20,11,32,859,230,52,12,1153,0,0,0,1153
07/28/2010,SFO,CA,AWP,WE,Towers with Radar,865,237,29,1,1132,0,2,5,11,18,865,239,34,12,1150,0,0,0,1150
07/29/2010,SFO,CA,AWP,WE,Towers with Radar,868,247,43,4,1162,0,0,5,9,14,868,247,48,13,1176,0,0,0,1176
07/30/2010,SFO,CA,AWP,WE,Towers with Radar,879,243,35,4,1161,0,1,7,9,17,879,244,42,13,1178,0,0,0,1178
07/31/2010,SFO,CA,AWP,WE,Towers with Radar,815,216,26,0,1057,0,5,15,5,25,815,221,41,5,1082,0,0,0,1082
08/01/2010,SFO,CA,AWP,WE,Towers with Radar,853,227,30,0,1110,0,1,9,5,15,853,228,39,5,1125,0,0,0,1125
08/02/2010,SFO,CA,AWP,WE,Towers with Radar,868,234,40,1,1143,0,1,2,10,13,868,235,42,11,1156,0,0,0,1156
08/03/2010,SFO,CA,AWP,WE,Towers with Radar,868,244,48,2,1162,0,1,1,8,10,868,245,49,10,1172,0,0,0,1172
08/04/2010,SFO,CA,AWP,WE,Towers with Radar,857,238,26,0,1121,0,0,3,3,6,857,238,29,3,1127,0,0,0,1127
08/05/2010,SFO,CA,AWP,WE,Towers with Radar,871,245,33,3,1152,0,3,2,15,20,871,248,35,18,1172,0,0,0,1172
08/06/2010,SFO,CA,AWP,WE,Towers with Radar,903,244,30,1,1178,0,3,6,13,22,903,247,36,14,1200,0,0,0,1200
08/07/2010,SFO,CA,AWP,WE,Towers with Radar,801,215,20,1,1037,0,3,14,2,19,801,218,34,3,1056,0,0,0,1056
08/08/2010,SFO,CA,AWP,WE,Towers with Radar,851,247,18,3,1119,0,0,4,2,6,851,247,22,5,1125,0,0,0,1125
08/09/2010,SFO,CA,AWP,WE,Towers with Radar,870,232,30,6,1138,0,2,4,7,13,870,234,34,13,1151,0,0,0,1151
08/10/2010,SFO,CA,AWP,WE,Towers with Radar,848,236,35,3,1122,0,2,4,14,20,848,238,39,17,1142,0,0,0,1142
08/11/2010,SFO,CA,AWP,WE,Towers with Radar,804,190,30,0,1024,0,0,9,7,16,804,190,39,7,1040,0,0,0,1040
08/12/2010,SFO,CA,AWP,WE,Towers with Radar,905,239,39,3,1186,0,0,8,8,16,905,239,47,11,1202,0,0,0,1202
08/13/2010,SFO,CA,AWP,WE,Towers with Radar,886,251,31,1,1169,0,4,7,13,24,886,255,38,14,1193,0,0,0,1193
08/14/2010,SFO,CA,AWP,WE,Towers with Radar,805,212,14,1,1032,0,2,11,4,17,805,214,25,5,1049,0,0,0,1049
08/15/2010,SFO,CA,AWP,WE,Towers with Radar,861,236,32,0,1129,0,3,7,5,15,861,239,39,5,1144,0,0,0,1144
08/16/2010,SFO,CA,AWP,WE,Towers with Radar,858,244,28,2,1132,0,1,22,5,28,858,245,50,7,1160,0,0,0,1160
08/17/2010,SFO,CA,AWP,WE,Towers with Radar,870,243,23,2,1138,0,2,7,6,15,870,245,30,8,1153,0,0,0,1153
08/18/2010,SFO,CA,AWP,WE,Towers with Radar,860,243,28,0,1131,0,6,16,14,36,860,249,44,14,1167,0,0,0,1167
08/19/2010,SFO,CA,AWP,WE,Towers with Radar,864,244,34,2,1144,0,3,8,8,19,864,247,42,10,1163,0,0,0,1163
08/20/2010,SFO,CA,AWP,WE,Towers with Radar,884,231,32,4,1151,0,0,5,8,13,884,231,37,12,1164,0,0,0,1164
08/21/2010,SFO,CA,AWP,WE,Towers with Radar,793,200,12,0,1005,0,0,2,3,5,793,200,14,3,1010,0,0,0,1010
08/22/2010,SFO,CA,AWP,WE,Towers with Radar,846,251,22,0,1119,0,3,7,7,17,846,254,29,7,1136,0,0,0,1136
08/23/2010,SFO,CA,AWP,WE,Towers with Radar,859,258,20,0,1137,0,8,3,12,23,859,266,23,12,1160,0,0,0,1160
08/24/2010,SFO,CA,AWP,WE,Towers with Radar,858,220,31,1,1110,0,1,5,13,19,858,221,36,14,1129,0,0,0,1129
08/25/2010,SFO,CA,AWP,WE,Towers with Radar,862,232,38,1,1133,0,5,5,9,19,862,237,43,10,1152,0,0,0,1152
08/26/2010,SFO,CA,AWP,WE,Towers with Radar,863,234,29,2,1128,0,4,9,16,29,863,238,38,18,1157,0,0,0,1157
08/27/2010,SFO,CA,AWP,WE,Towers with Radar,862,224,28,1,1115,0,1,10,16,27,862,225,38,17,1142,0,0,0,1142
08/28/2010,SFO,CA,AWP,WE,Towers with Radar,756,199,8,1,964,0,0,1,7,8,756,199,9,8,972,0,0,0,972
08/29/2010,SFO,CA,AWP,WE,Towers with Radar,811,244,23,1,1079,0,0,3,3,6,811,244,26,4,1085,0,0,0,1085
08/30/2010,SFO,CA,AWP,WE,Towers with Radar,810,218,27,1,1056,0,0,4,8,12,810,218,31,9,1068,0,0,0,1068
08/31/2010,SFO,CA,AWP,WE,Towers with Radar,853,240,27,1,1121,0,3,2,16,21,853,243,29,17,1142,0,0,0,1142
09/01/2010,SFO,CA,AWP,WE,Towers with Radar,848,231,34,0,1113,0,0,3,11,14,848,231,37,11,1127,0,0,0,1127
09/02/2010,SFO,CA,AWP,WE,Towers with Radar,870,242,39,0,1151,1,7,5,12,25,871,249,44,12,1176,0,0,0,1176
09/03/2010,SFO,CA,AWP,WE,Towers with Radar,882,254,35,4,1175,0,8,4,7,19,882,262,39,11,1194,0,0,0,1194
09/04/2010,SFO,CA,AWP,WE,Towers with Radar,728,175,12,0,915,0,4,6,4,14,728,179,18,4,929,0,0,0,929
09/05/2010,SFO,CA,AWP,WE,Towers with Radar,738,158,8,0,904,0,4,10,4,18,738,162,18,4,922,0,0,0,922
09/06/2010,SFO,CA,AWP,WE,Towers with Radar,830,250,25,0,1105,0,2,6,6,14,830,252,31,6,1119,0,0,0,1119
09/07/2010,SFO,CA,AWP,WE,Towers with Radar,783,214,22,2,1021,0,1,4,5,10,783,215,26,7,1031,0,0,0,1031
09/08/2010,SFO,CA,AWP,WE,Towers with Radar,808,198,25,3,1034,0,0,2,12,14,808,198,27,15,1048,0,0,0,1048
09/09/2010,SFO,CA,AWP,WE,Towers with Radar,867,236,40,1,1144,0,0,24,21,45,867,236,64,22,1189,0,0,0,1189
09/10/2010,SFO,CA,AWP,WE,Towers with Radar,842,242,27,4,1115,0,1,5,15,21,842,243,32,19,1136,0,0,0,1136
09/11/2010,SFO,CA,AWP,WE,Towers with Radar,731,204,14,0,949,0,2,19,3,24,731,206,33,3,973,0,0,0,973
09/12/2010,SFO,CA,AWP,WE,Towers with Radar,798,235,46,1,1080,0,3,21,5,29,798,238,67,6,1109,0,0,0,1109
09/13/2010,SFO,CA,AWP,WE,Towers with Radar,828,232,43,1,1104,0,1,10,9,20,828,233,53,10,1124,0,0,0,1124
09/14/2010,SFO,CA,AWP,WE,Towers with Radar,814,222,41,4,1081,0,3,14,12,29,814,225,55,16,1110,0,0,0,1110
09/15/2010,SFO,CA,AWP,WE,Towers with Radar,803,243,51,1,1098,0,0,0,2,2,803,243,51,3,1100,0,0,0,1100
09/16/2010,SFO,CA,AWP,WE,Towers with Radar,825,240,38,1,1104,0,2,10,12,24,825,242,48,13,1128,0,0,0,1128
09/17/2010,SFO,CA,AWP,WE,Towers with Radar,803,185,29,2,1019,0,2,5,17,24,803,187,34,19,1043,0,0,0,1043
09/18/2010,SFO,CA,AWP,WE,Towers with Radar,776,206,13,2,997,0,0,12,4,16,776,206,25,6,1013,0,0,0,1013
09/19/2010,SFO,CA,AWP,WE,Towers with Radar,788,209,26,0,1023,0,0,8,2,10,788,209,34,2,1033,0,0,0,1033
09/20/2010,SFO,CA,AWP,WE,Towers with Radar,836,232,46,1,1115,0,2,5,16,23,836,234,51,17,1138,0,0,0,1138
09/21/2010,SFO,CA,AWP,WE,Towers with Radar,804,225,35,3,1067,0,0,8,6,14,804,225,43,9,1081,0,0,0,1081
09/22/2010,SFO,CA,AWP,WE,Towers with Radar,812,254,44,1,1111,0,0,2,12,14,812,254,46,13,1125,0,0,0,1125
09/23/2010,SFO,CA,AWP,WE,Towers with Radar,839,245,41,0,1125,0,3,3,10,16,839,248,44,10,1141,0,0,0,1141
09/24/2010,SFO,CA,AWP,WE,Towers with Radar,841,249,55,2,1147,1,3,10,11,25,842,252,65,13,1172,0,0,0,1172
09/25/2010,SFO,CA,AWP,WE,Towers with Radar,737,209,18,3,967,0,5,7,7,19,737,214,25,10,986,0,0,0,986
09/26/2010,SFO,CA,AWP,WE,Towers with Radar,797,235,25,2,1059,0,2,5,5,12,797,237,30,7,1071,0,0,0,1071
09/27/2010,SFO,CA,AWP,WE,Towers with Radar,823,226,28,0,1077,0,3,4,20,27,823,229,32,20,1104,0,0,0,1104
09/28/2010,SFO,CA,AWP,WE,Towers with Radar,818,237,52,1,1108,0,2,11,12,25,818,239,63,13,1133,0,0,0,1133
09/29/2010,SFO,CA,AWP,WE,Towers with Radar,832,221,40,3,1096,0,3,4,19,26,832,224,44,22,1122,0,0,0,1122
09/30/2010,SFO,CA,AWP,WE,Towers with Radar,822,246,49,3,1120,0,2,5,16,23,822,248,54,19,1143,0,0,0,1143
10/01/2010,SFO,CA,AWP,WE,Towers with Radar,835,234,31,0,1100,0,1,4,9,14,835,235,35,9,1114,0,0,0,1114
10/02/2010,SFO,CA,AWP,WE,Towers with Radar,745,221,6,0,972,0,1,3,5,9,745,222,9,5,981,0,0,0,981
10/03/2010,SFO,CA,AWP,WE,Towers with Radar,777,235,46,2,1060,0,2,2,5,9,777,237,48,7,1069,0,0,0,1069
10/04/2010,SFO,CA,AWP,WE,Towers with Radar,837,215,42,6,1100,0,2,6,8,16,837,217,48,14,1116,0,0,0,1116
10/05/2010,SFO,CA,AWP,WE,Towers with Radar,810,235,46,7,1098,0,2,1,12,15,810,237,47,19,1113,0,0,0,1113
10/06/2010,SFO,CA,AWP,WE,Towers with Radar,821,240,47,6,1114,0,2,9,28,39,821,242,56,34,1153,0,0,0,1153
10/07/2010,SFO,CA,AWP,WE,Towers with Radar,827,255,45,1,1128,0,0,15,12,27,827,255,60,13,1155,0,0,0,1155
10/08/2010,SFO,CA,AWP,WE,Towers with Radar,852,247,55,4,1158,0,6,23,12,41,852,253,78,16,1199,0,0,0,1199
10/09/2010,SFO,CA,AWP,WE,Towers with Radar,743,215,32,1,991,0,4,23,5,32,743,219,55,6,1023,0,0,0,1023
10/10/2010,SFO,CA,AWP,WE,Towers with Radar,795,251,38,0,1084,0,5,32,11,48,795,256,70,11,1132,0,0,0,1132
10/11/2010,SFO,CA,AWP,WE,Towers with Radar,821,238,57,4,1120,0,1,2,8,11,821,239,59,12,1131,0,0,0,1131
10/12/2010,SFO,CA,AWP,WE,Towers with Radar,820,238,63,1,1122,0,4,15,15,34,820,242,78,16,1156,0,0,0,1156
10/13/2010,SFO,CA,AWP,WE,Towers with Radar,826,249,43,0,1118,0,1,10,10,21,826,250,53,10,1139,0,0,0,1139
10/14/2010,SFO,CA,AWP,WE,Towers with Radar,836,241,42,1,1120,0,4,12,16,32,836,245,54,17,1152,0,0,0,1152
10/15/2010,SFO,CA,AWP,WE,Towers with Radar,842,231,46,2,1121,0,7,9,11,27,842,238,55,13,1148,0,0,0,1148
10/16/2010,SFO,CA,AWP,WE,Towers with Radar,730,200,25,1,956,0,0,11,9,20,730,200,36,10,976,0,0,0,976
10/17/2010,SFO,CA,AWP,WE,Towers with Radar,784,206,41,2,1033,0,0,6,2,8,784,206,47,4,1041,0,0,0,1041
10/18/2010,SFO,CA,AWP,WE,Towers with Radar,838,220,30,2,1090,0,5,1,11,17,838,225,31,13,1107,0,0,0,1107
10/19/2010,SFO,CA,AWP,WE,Towers with Radar,804,215,52,7,1078,0,5,4,16,25,804,220,56,23,1103,0,0,0,1103
10/20/2010,SFO,CA,AWP,WE,Towers with Radar,816,217,24,4,1061,0,1,3,6,10,816,218,27,10,1071,0,0,0,1071
10/21/2010,SFO,CA,AWP,WE,Towers with Radar,838,216,37,2,1093,0,2,1,22,25,838,218,38,24,1118,0,0,0,1118
10/22/2010,SFO,CA,AWP,WE,Towers with Radar,835,207,17,7,1066,0,2,4,7,13,835,209,21,14,1079,0,0,0,1079
10/23/2010,SFO,CA,AWP,WE,Towers with Radar,713,185,12,4,914,0,0,3,2,5,713,185,15,6,919,0,0,0,919
10/24/2010,SFO,CA,AWP,WE,Towers with Radar,755,171,14,3,943,0,0,0,1,1,755,171,14,4,944,0,0,0,944
10/25/2010,SFO,CA,AWP,WE,Towers with Radar,854,228,34,7,1123,0,4,4,7,15,854,232,38,14,1138,0,0,0,1138
10/26/2010,SFO,CA,AWP,WE,Towers with Radar,806,227,51,1,1085,0,6,3,11,20,806,233,54,12,1105,0,0,0,1105
10/27/2010,SFO,CA,AWP,WE,Towers with Radar,816,258,106,2,1182,2,2,8,13,25,818,260,114,15,1207,0,0,0,1207
10/28/2010,SFO,CA,AWP,WE,Towers with Radar,836,256,79,1,1172,0,3,11,15,29,836,259,90,16,1201,0,0,0,1201
10/29/2010,SFO,CA,AWP,WE,Towers with Radar,853,252,52,1,1158,0,1,3,7,11,853,253,55,8,1169,0,0,0,1169
10/30/2010,SFO,CA,AWP,WE,Towers with Radar,721,205,22,2,950,0,0,3,6,9,721,205,25,8,959,0,0,0,959
10/31/2010,SFO,CA,AWP,WE,Towers with Radar,767,226,36,1,1030,0,4,6,3,13,767,230,42,4,1043,0,0,0,1043
11/01/2010,SFO,CA,AWP,WE,Towers with Radar,798,230,48,1,1077,0,2,8,8,18,798,232,56,9,1095,0,0,0,1095
11/02/2010,SFO,CA,AWP,WE,Towers with Radar,786,232,43,1,1062,0,5,6,13,24,786,237,49,14,1086,0,0,0,1086
11/03/2010,SFO,CA,AWP,WE,Towers with Radar,788,241,48,1,1078,0,1,12,9,22,788,242,60,10,1100,0,0,0,1100
11/04/2010,SFO,CA,AWP,WE,Towers with Radar,806,247,42,3,1098,0,1,4,7,12,806,248,46,10,1110,0,0,0,1110
11/05/2010,SFO,CA,AWP,WE,Towers with Radar,815,246,38,0,1099,0,0,3,15,18,815,246,41,15,1117,0,0,0,1117
11/06/2010,SFO,CA,AWP,WE,Towers with Radar,702,199,12,0,913,0,0,12,2,14,702,199,24,2,927,0,0,0,927
11/07/2010,SFO,CA,AWP,WE,Towers with Radar,783,232,27,2,1044,0,0,7,0,7,783,232,34,2,1051,0,0,0,1051
11/08/2010,SFO,CA,AWP,WE,Towers with Radar,798,253,38,7,1096,0,6,7,9,22,798,259,45,16,1118,0,0,0,1118
11/09/2010,SFO,CA,AWP,WE,Towers with Radar,759,242,41,1,1043,0,1,4,15,20,759,243,45,16,1063,0,0,0,1063
11/10/2010,SFO,CA,AWP,WE,Towers with Radar,782,240,33,2,1057,0,2,3,9,14,782,242,36,11,1071,0,0,0,1071
11/11/2010,SFO,CA,AWP,WE,Towers with Radar,802,236,37,0,1075,0,2,4,7,13,802,238,41,7,1088,0,0,0,1088
11/12/2010,SFO,CA,AWP,WE,Towers with Radar,818,248,32,1,1099,0,10,7,6,23,818,258,39,7,1122,0,0,0,1122
11/13/2010,SFO,CA,AWP,WE,Towers with Radar,706,197,13,0,916,0,1,4,2,7,706,198,17,2,923,0,0,0,923
11/14/2010,SFO,CA,AWP,WE,Towers with Radar,785,233,38,0,1056,0,2,7,4,13,785,235,45,4,1069,0,0,0,1069
11/15/2010,SFO,CA,AWP,WE,Towers with Radar,787,263,53,2,1105,0,1,9,8,18,787,264,62,10,1123,0,0,0,1123
11/16/2010,SFO,CA,AWP,WE,Towers with Radar,773,257,39,1,1070,0,3,2,12,17,773,260,41,13,1087,0,0,0,1087
11/17/2010,SFO,CA,AWP,WE,Towers with Radar,783,254,39,1,1077,0,6,9,12,27,783,260,48,13,1104,0,0,0,1104
11/18/2010,SFO,CA,AWP,WE,Towers with Radar,802,270,46,1,1119,0,0,1,14,15,802,270,47,15,1134,0,0,0,1134
11/19/2010,SFO,CA,AWP,WE,Towers with Radar,762,206,43,3,1014,0,0,6,7,13,762,206,49,10,1027,0,0,0,1027
11/20/2010,SFO,CA,AWP,WE,Towers with Radar,745,182,19,3,949,0,0,3,8,11,745,182,22,11,960,0,0,0,960
11/21/2010,SFO,CA,AWP,WE,Towers with Radar,785,237,33,0,1055,0,0,1,3,4,785,237,34,3,1059,0,0,0,1059
11/22/2010,SFO,CA,AWP,WE,Towers with Radar,777,247,25,0,1049,0,3,6,8,17,777,250,31,8,1066,0,0,0,1066
11/23/2010,SFO,CA,AWP,WE,Towers with Radar,790,262,28,0,1080,0,1,11,7,19,790,263,39,7,1099,0,0,0,1099
11/24/2010,SFO,CA,AWP,WE,Towers with Radar,809,244,24,0,1077,0,1,4,4,9,809,245,28,4,1086,0,0,0,1086
11/25/2010,SFO,CA,AWP,WE,Towers with Radar,617,156,5,0,778,0,1,2,0,3,617,157,7,0,781,0,0,0,781
11/26/2010,SFO,CA,AWP,WE,Towers with Radar,674,180,10,0,864,0,2,4,2,8,674,182,14,2,872,0,0,0,872
11/27/2010,SFO,CA,AWP,WE,Towers with Radar,760,223,20,1,1004,0,1,0,3,4,760,224,20,4,1008,0,0,0,1008
11/28/2010,SFO,CA,AWP,WE,Towers with Radar,831,255,44,2,1132,0,2,8,2,12,831,257,52,4,1144,0,0,0,1144
11/29/2010,SFO,CA,AWP,WE,Towers with Radar,812,252,25,2,1091,0,4,1,11,16,812,256,26,13,1107,0,0,0,1107
11/30/2010,SFO,CA,AWP,WE,Towers with Radar,791,252,34,1,1078,0,0,1,7,8,791,252,35,8,1086,0,0,0,1086
12/01/2010,SFO,CA,AWP,WE,Towers with Radar,782,244,42,0,1068,0,0,2,5,7,782,244,44,5,1075,0,0,0,1075
12/02/2010,SFO,CA,AWP,WE,Towers with Radar,794,246,47,3,1090,0,0,5,4,9,794,246,52,7,1099,0,0,0,1099
12/03/2010,SFO,CA,AWP,WE,Towers with Radar,802,266,42,5,1115,0,2,7,13,22,802,268,49,18,1137,0,0,0,1137
12/04/2010,SFO,CA,AWP,WE,Towers with Radar,674,205,19,2,900,0,0,3,5,8,674,205,22,7,908,0,0,0,908
12/05/2010,SFO,CA,AWP,WE,Towers with Radar,726,194,21,1,942,0,0,7,4,11,726,194,28,5,953,0,0,0,953
12/06/2010,SFO,CA,AWP,WE,Towers with Radar,808,229,28,2,1067,0,2,3,4,9,808,231,31,6,1076,0,0,0,1076
12/07/2010,SFO,CA,AWP,WE,Towers with Radar,771,246,44,0,1061,0,3,4,5,12,771,249,48,5,1073,0,0,0,1073
12/08/2010,SFO,CA,AWP,WE,Towers with Radar,709,185,30,0,924,0,0,2,2,4,709,185,32,2,928,0,0,0,928
12/09/2010,SFO,CA,AWP,WE,Towers with Radar,814,236,29,3,1082,0,3,5,12,20,814,239,34,15,1102,0,0,0,1102
12/10/2010,SFO,CA,AWP,WE,Towers with Radar,785,224,30,1,1040,0,0,7,6,13,785,224,37,7,1053,0,0,0,1053
12/11/2010,SFO,CA,AWP,WE,Towers with Radar,679,185,17,3,884,0,0,7,0,7,679,185,24,3,891,0,0,0,891
12/12/2010,SFO,CA,AWP,WE,Towers with Radar,735,216,32,0,983,0,0,7,4,11,735,216,39,4,994,0,0,0,994
12/13/2010,SFO,CA,AWP,WE,Towers with Radar,761,242,31,0,1034,0,1,3,7,11,761,243,34,7,1045,0,0,0,1045
12/14/2010,SFO,CA,AWP,WE,Towers with Radar,768,229,35,0,1032,0,1,0,13,14,768,230,35,13,1046,0,0,0,1046
12/15/2010,SFO,CA,AWP,WE,Towers with Radar,779,263,34,2,1078,0,0,1,12,13,779,263,35,14,1091,0,0,0,1091
12/16/2010,SFO,CA,AWP,WE,Towers with Radar,795,261,21,0,1077,0,2,10,8,20,795,263,31,8,1097,0,0,0,1097
12/17/2010,SFO,CA,AWP,WE,Towers with Radar,709,153,12,3,877,0,2,0,0,2,709,155,12,3,879,0,0,0,879
12/18/2010,SFO,CA,AWP,WE,Towers with Radar,770,199,18,1,988,0,0,0,3,3,770,199,18,4,991,0,0,0,991
12/19/2010,SFO,CA,AWP,WE,Towers with Radar,789,219,9,0,1017,0,1,4,2,7,789,220,13,2,1024,0,0,0,1024
12/20/2010,SFO,CA,AWP,WE,Towers with Radar,741,199,11,0,951,0,3,1,6,10,741,202,12,6,961,0,0,0,961
12/21/2010,SFO,CA,AWP,WE,Towers with Radar,824,245,24,3,1096,0,0,8,5,13,824,245,32,8,1109,0,0,0,1109
12/22/2010,SFO,CA,AWP,WE,Towers with Radar,820,241,17,1,1079,0,1,6,4,11,820,242,23,5,1090,0,0,0,1090
12/23/2010,SFO,CA,AWP,WE,Towers with Radar,831,252,21,1,1105,0,1,12,5,18,831,253,33,6,1123,0,0,0,1123
12/24/2010,SFO,CA,AWP,WE,Towers with Radar,723,196,6,2,927,0,2,6,1,9,723,198,12,3,936,0,0,0,936
12/25/2010,SFO,CA,AWP,WE,Towers with Radar,671,203,8,0,882,0,2,0,0,2,671,205,8,0,884,0,0,0,884
12/26/2010,SFO,CA,AWP,WE,Towers with Radar,739,232,39,0,1010,0,0,4,0,4,739,232,43,0,1014,0,0,0,1014
12/27/2010,SFO,CA,AWP,WE,Towers with Radar,731,196,21,0,948,0,0,2,4,6,731,196,23,4,954,0,0,0,954
12/28/2010,SFO,CA,AWP,WE,Towers with Radar,738,219,15,0,972,0,2,3,8,13,738,221,18,8,985,0,0,0,985
12/29/2010,SFO,CA,AWP,WE,Towers with Radar,844,239,18,0,1101,0,0,3,3,6,844,239,21,3,1107,0,0,0,1107
12/30/2010,SFO,CA,AWP,WE,Towers with Radar,823,238,21,0,1082,0,4,2,5,11,823,242,23,5,1093,0,0,0,1093
12/31/2010,SFO,CA,AWP,WE,Towers with Radar,723,206,14,0,943,0,3,5,6,14,723,209,19,6,957,0,0,0,957
01/01/2011,SFO,CA,AWP,WE,Towers with Radar,701,217,23,0,941,0,0,0,3,3,701,217,23,3,944,0,0,0,944
01/02/2011,SFO,CA,AWP,WE,Towers with Radar,749,204,36,0,989,0,0,4,2,6,749,204,40,2,995,0,0,0,995
01/03/2011,SFO,CA,AWP,WE,Towers with Radar,852,259,18,1,1130,0,2,3,8,13,852,261,21,9,1143,0,0,0,1143
01/04/2011,SFO,CA,AWP,WE,Towers with Radar,770,253,36,0,1059,0,2,3,3,8,770,255,39,3,1067,0,0,0,1067
01/05/2011,SFO,CA,AWP,WE,Towers with Radar,759,240,32,0,1031,0,4,3,13,20,759,244,35,13,1051,0,0,0,1051
01/06/2011,SFO,CA,AWP,WE,Towers with Radar,763,264,25,5,1057,0,1,0,8,9,763,265,25,13,1066,0,0,0,1066
01/07/2011,SFO,CA,AWP,WE,Towers with Radar,774,220,12,1,1007,0,1,0,7,8,774,221,12,8,1015,0,0,0,1015
01/08/2011,SFO,CA,AWP,WE,Towers with Radar,677,193,18,1,889,0,0,1,4,5,677,193,19,5,894,0,0,0,894
01/09/2011,SFO,CA,AWP,WE,Towers with Radar,732,242,45,1,1020,0,1,2,1,4,732,243,47,2,1024,0,0,0,1024
01/10/2011,SFO,CA,AWP,WE,Towers with Radar,763,282,69,2,1116,0,2,13,10,25,763,284,82,12,1141,0,0,0,1141
01/11/2011,SFO,CA,AWP,WE,Towers with Radar,699,257,61,1,1018,0,0,1,10,11,699,257,62,11,1029,0,0,0,1029
01/12/2011,SFO,CA,AWP,WE,Towers with Radar,708,265,61,1,1035,0,1,1,14,16,708,266,62,15,1051,0,0,0,1051
01/13/2011,SFO,CA,AWP,WE,Towers with Radar,742,219,36,3,1000,0,0,2,3,5,742,219,38,6,1005,0,0,0,1005
01/14/2011,SFO,CA,AWP,WE,Towers with Radar,804,269,20,1,1094,0,1,9,8,18,804,270,29,9,1112,0,0,0,1112
01/15/2011,SFO,CA,AWP,WE,Towers with Radar,671,187,22,1,881,0,1,3,5,9,671,188,25,6,890,0,0,0,890
01/16/2011,SFO,CA,AWP,WE,Towers with Radar,751,202,28,3,984,0,0,5,4,9,751,202,33,7,993,0,0,0,993
01/17/2011,SFO,CA,AWP,WE,Towers with Radar,748,171,24,0,943,0,2,0,2,4,748,173,24,2,947,0,0,0,947
01/18/2011,SFO,CA,AWP,WE,Towers with Radar,727,210,27,0,964,0,0,5,12,17,727,210,32,12,981,0,0,0,981
01/19/2011,SFO,CA,AWP,WE,Towers with Radar,752,244,30,1,1027,0,1,7,6,14,752,245,37,7,1041,0,0,0,1041
01/20/2011,SFO,CA,AWP,WE,Towers with Radar,777,265,38,0,1080,0,3,4,7,14,777,268,42,7,1094,0,0,0,1094
01/21/2011,SFO,CA,AWP,WE,Towers with Radar,770,253,24,2,1049,0,4,5,6,15,770,257,29,8,1064,0,0,0,1064
01/22/2011,SFO,CA,AWP,WE,Towers with Radar,679,183,18,5,885,0,0,8,5,13,679,183,26,10,898,0,0,0,898
01/23/2011,SFO,CA,AWP,WE,Towers with Radar,743,223,35,1,1002,1,0,7,2,10,744,223,42,3,1012,0,0,0,1012
01/24/2011,SFO,CA,AWP,WE,Towers with Radar,759,251,18,4,1032,0,2,9,13,24,759,253,27,17,1056,0,0,0,1056
01/25/2011,SFO,CA,AWP,WE,Towers with Radar,743,239,30,1,1013,0,3,8,12,23,743,242,38,13,1036,0,0,0,1036
01/26/2011,SFO,CA,AWP,WE,Towers with Radar,717,237,50,0,1004,0,0,5,3,8,717,237,55,3,1012,0,0,0,1012
01/27/2011,SFO,CA,AWP,WE,Towers with Radar,745,248,36,1,1030,0,9,3,7,19,745,257,39,8,1049,0,0,0,1049
01/28/2011,SFO,CA,AWP,WE,Towers with Radar,763,240,37,1,1041,0,0,4,9,13,763,240,41,10,1054,0,0,0,1054
01/29/2011,SFO,CA,AWP,WE,Towers with Radar,682,196,16,1,895,0,1,2,4,7,682,197,18,5,902,0,0,0,902
01/30/2011,SFO,CA,AWP,WE,Towers with Radar,741,240,25,2,1008,0,0,2,3,5,741,240,27,5,1013,0,0,0,1013
01/31/2011,SFO,CA,AWP,WE,Towers with Radar,750,253,35,1,1039,0,0,0,7,7,750,253,35,8,1046,0,0,0,1046
02/01/2011,SFO,CA,AWP,WE,Towers with Radar,644,250,28,0,922,0,0,0,14,14,644,250,28,14,936,0,0,0,936
02/02/2011,SFO,CA,AWP,WE,Towers with Radar,672,261,50,1,984,1,1,1,8,11,673,262,51,9,995,0,0,0,995
02/03/2011,SFO,CA,AWP,WE,Towers with Radar,762,264,54,2,1082,0,1,3,14,18,762,265,57,16,1100,0,0,0,1100
02/04/2011,SFO,CA,AWP,WE,Towers with Radar,764,255,67,1,1087,0,4,6,19,29,764,259,73,20,1116,0,0,0,1116
02/05/2011,SFO,CA,AWP,WE,Towers with Radar,672,206,31,2,911,0,3,9,10,22,672,209,40,12,933,0,0,0,933
02/06/2011,SFO,CA,AWP,WE,Towers with Radar,732,262,36,2,1032,0,1,7,4,12,732,263,43,6,1044,0,0,0,1044
02/07/2011,SFO,CA,AWP,WE,Towers with Radar,755,269,57,0,1081,0,1,9,6,16,755,270,66,6,1097,0,0,0,1097
02/08/2011,SFO,CA,AWP,WE,Towers with Radar,725,253,48,1,1027,0,3,11,6,20,725,256,59,7,1047,0,0,0,1047
02/09/2011,SFO,CA,AWP,WE,Towers with Radar,733,254,42,3,1032,0,4,5,7,16,733,258,47,10,1048,0,0,0,1048
02/10/2011,SFO,CA,AWP,WE,Towers with Radar,784,268,41,1,1094,0,6,8,11,25,784,274,49,12,1119,0,0,0,1119
02/11/2011,SFO,CA,AWP,WE,Towers with Radar,782,268,30,0,1080,0,2,6,3,11,782,270,36,3,1091,0,0,0,1091
02/12/2011,SFO,CA,AWP,WE,Towers with Radar,678,187,24,3,892,0,5,6,12,23,678,192,30,15,915,0,0,0,915
02/13/2011,SFO,CA,AWP,WE,Towers with Radar,758,236,19,3,1016,0,4,5,10,19,758,240,24,13,1035,0,0,0,1035
02/14/2011,SFO,CA,AWP,WE,Towers with Radar,702,186,18,2,908,0,5,2,15,22,702,191,20,17,930,0,0,0,930
02/15/2011,SFO,CA,AWP,WE,Towers with Radar,727,235,37,2,1001,0,0,2,14,16,727,235,39,16,1017,0,0,0,1017
02/16/2011,SFO,CA,AWP,WE,Towers with Radar,753,259,27,6,1045,0,3,1,11,15,753,262,28,17,1060,0,0,0,1060
02/17/2011,SFO,CA,AWP,WE,Towers with Radar,695,185,25,17,922,0,1,1,9,11,695,186,26,26,933,0,0,0,933
02/18/2011,SFO,CA,AWP,WE,Towers with Radar,826,231,27,9,1093,0,0,0,9,9,826,231,27,18,1102,0,0,0,1102
02/19/2011,SFO,CA,AWP,WE,Towers with Radar,710,223,13,1,947,1,2,2,3,8,711,225,15,4,955,0,0,0,955
02/20/2011,SFO,CA,AWP,WE,Towers with Radar,740,237,40,3,1020,1,1,5,3,10,741,238,45,6,1030,0,0,0,1030
02/21/2011,SFO,CA,AWP,WE,Towers with Radar,777,239,23,0,1039,0,4,2,6,12,777,243,25,6,1051,0,0,0,1051
02/22/2011,SFO,CA,AWP,WE,Towers with Radar,764,249,41,1,1055,1,0,1,9,11,765,249,42,10,1066,0,0,0,1066
02/23/2011,SFO,CA,AWP,WE,Towers with Radar,775,257,34,1,1067,0,2,2,10,14,775,259,36,11,1081,0,0,0,1081
02/24/2011,SFO,CA,AWP,WE,Towers with Radar,767,246,31,1,1045,0,1,2,12,15,767,247,33,13,1060,0,0,0,1060
02/25/2011,SFO,CA,AWP,WE,Towers with Radar,802,243,33,0,1078,0,0,0,6,6,802,243,33,6,1084,0,0,0,1084
02/26/2011,SFO,CA,AWP,WE,Towers with Radar,695,225,33,1,954,0,5,5,8,18,695,230,38,9,972,0,0,0,972
02/27/2011,SFO,CA,AWP,WE,Towers with Radar,761,270,30,3,1064,0,10,8,6,24,761,280,38,9,1088,0,0,0,1088
02/28/2011,SFO,CA,AWP,WE,Towers with Radar,783,258,43,2,1086,0,0,6,10,16,783,258,49,12,1102,0,0,0,1102
03/01/2011,SFO,CA,AWP,WE,Towers with Radar,760,247,38,0,1045,0,1,3,11,15,760,248,41,11,1060,0,0,0,1060
03/02/2011,SFO,CA,AWP,WE,Towers with Radar,731,201,40,2,974,0,0,2,9,11,731,201,42,11,985,0,0,0,985
03/03/2011,SFO,CA,AWP,WE,Towers with Radar,822,285,47,6,1160,0,7,1,8,16,822,292,48,14,1176,0,0,0,1176
03/04/2011,SFO,CA,AWP,WE,Towers with Radar,797,286,31,2,1116,0,4,3,12,19,797,290,34,14,1135,0,0,0,1135
03/05/2011,SFO,CA,AWP,WE,Towers with Radar,699,215,13,5,932,0,0,0,1,1,699,215,13,6,933,0,0,0,933
03/06/2011,SFO,CA,AWP,WE,Towers with Radar,719,241,21,1,982,0,0,0,2,2,719,241,21,3,984,0,0,0,984
03/07/2011,SFO,CA,AWP,WE,Towers with Radar,789,278,36,3,1106,0,5,2,17,24,789,283,38,20,1130,0,0,0,1130
03/08/2011,SFO,CA,AWP,WE,Towers with Radar,765,256,47,0,1068,0,0,3,10,13,765,256,50,10,1081,0,0,0,1081
03/09/2011,SFO,CA,AWP,WE,Towers with Radar,779,274,35,3,1091,0,2,1,19,22,779,276,36,22,1113,0,0,0,1113
03/10/2011,SFO,CA,AWP,WE,Towers with Radar,785,272,39,2,1098,0,0,3,9,12,785,272,42,11,1110,0,0,0,1110
03/11/2011,SFO,CA,AWP,WE,Towers with Radar,796,265,49,1,1111,0,5,7,9,21,796,270,56,10,1132,0,0,0,1132
03/12/2011,SFO,CA,AWP,WE,Towers with Radar,707,225,18,0,950,0,3,9,10,22,707,228,27,10,972,0,0,0,972
03/13/2011,SFO,CA,AWP,WE,Towers with Radar,729,233,25,3,990,0,3,0,2,5,729,236,25,5,995,0,0,0,995
03/14/2011,SFO,CA,AWP,WE,Towers with Radar,788,246,47,3,1084,0,1,4,5,10,788,247,51,8,1094,0,0,0,1094
03/15/2011,SFO,CA,AWP,WE,Towers with Radar,734,228,41,4,1007,0,0,8,5,13,734,228,49,9,1020,0,0,0,1020
03/16/2011,SFO,CA,AWP,WE,Towers with Radar,796,279,35,4,1114,0,2,0,7,9,796,281,35,11,1123,0,0,0,1123
03/17/2011,SFO,CA,AWP,WE,Towers with Radar,798,285,46,0,1129,0,6,10,4,20,798,291,56,4,1149,0,0,0,1149
03/18/2011,SFO,CA,AWP,WE,Towers with Radar,715,198,19,3,935,0,0,5,6,11,715,198,24,9,946,0,0,0,946
03/19/2011,SFO,CA,AWP,WE,Towers with Radar,736,202,12,0,950,0,0,5,5,10,736,202,17,5,960,0,0,0,960
03/20/2011,SFO,CA,AWP,WE,Towers with Radar,771,268,31,0,1070,0,0,6,4,10,771,268,37,4,1080,0,0,0,1080
03/21/2011,SFO,CA,AWP,WE,Towers with Radar,792,273,33,2,1100,0,3,4,3,10,792,276,37,5,1110,0,0,0,1110
03/22/2011,SFO,CA,AWP,WE,Towers with Radar,742,241,35,1,1019,0,3,18,10,31,742,244,53,11,1050,0,0,0,1050
03/23/2011,SFO,CA,AWP,WE,Towers with Radar,754,248,31,3,1036,0,0,2,17,19,754,248,33,20,1055,0,0,0,1055
03/24/2011,SFO,CA,AWP,WE,Towers with Radar,782,205,27,0,1014,0,1,2,2,5,782,206,29,2,1019,0,0,0,1019
03/25/2011,SFO,CA,AWP,WE,Towers with Radar,809,266,26,3,1104,0,1,11,10,22,809,267,37,13,1126,0,0,0,1126
03/26/2011,SFO,CA,AWP,WE,Towers with Radar,698,220,25,0,943,0,0,2,3,5,698,220,27,3,948,0,0,0,948
03/27/2011,SFO,CA,AWP,WE,Towers with Radar,768,264,31,2,1065,0,1,0,2,3,768,265,31,4,1068,0,0,0,1068
03/28/2011,SFO,CA,AWP,WE,Towers with Radar,779,267,31,1,1078,0,6,9,15,30,779,273,40,16,1108,0,0,0,1108
03/29/2011,SFO,CA,AWP,WE,Towers with Radar,778,279,49,0,1106,0,5,2,11,18,778,284,51,11,1124,0,0,0,1124
03/30/2011,SFO,CA,AWP,WE,Towers with Radar,786,269,34,0,1089,0,4,12,5,21,786,273,46,5,1110,0,0,0,1110
03/31/2011,SFO,CA,AWP,WE,Towers with Radar,776,280,36,0,1092,0,2,14,11,27,776,282,50,11,1119,0,0,0,1119
04/01/2011,SFO,CA,AWP,WE,Towers with Radar,820,282,37,1,1140,0,1,8,9,18,820,283,45,10,1158,0,0,0,1158
04/02/2011,SFO,CA,AWP,WE,Towers with Radar,706,203,11,2,922,1,6,1,5,13,707,209,12,7,935,0,0,0,935
04/03/2011,SFO,CA,AWP,WE,Towers with Radar,765,237,28,3,1033,0,2,6,9,17,765,239,34,12,1050,0,0,0,1050
04/04/2011,SFO,CA,AWP,WE,Towers with Radar,782,268,35,3,1088,0,0,2,8,10,782,268,37,11,1098,0,0,0,1098
04/05/2011,SFO,CA,AWP,WE,Towers with Radar,764,238,41,3,1046,0,1,3,14,18,764,239,44,17,1064,0,0,0,1064
04/06/2011,SFO,CA,AWP,WE,Towers with Radar,800,247,43,1,1091,1,6,8,14,29,801,253,51,15,1120,0,0,0,1120
04/07/2011,SFO,CA,AWP,WE,Towers with Radar,807,261,53,1,1122,1,4,2,13,20,808,265,55,14,1142,0,0,0,1142
04/08/2011,SFO,CA,AWP,WE,Towers with Radar,814,240,46,0,1100,0,1,9,13,23,814,241,55,13,1123,0,0,0,1123
04/09/2011,SFO,CA,AWP,WE,Towers with Radar,705,206,20,1,932,0,5,14,10,29,705,211,34,11,961,0,0,0,961
04/10/2011,SFO,CA,AWP,WE,Towers with Radar,774,247,25,1,1047,1,3,3,3,10,775,250,28,4,1057,0,0,0,1057
04/11/2011,SFO,CA,AWP,WE,Towers with Radar,787,256,23,2,1068,0,4,5,12,21,787,260,28,14,1089,0,0,0,1089
04/12/2011,SFO,CA,AWP,WE,Towers with Radar,783,265,43,0,1091,0,5,0,13,18,783,270,43,13,1109,0,0,0,1109
04/13/2011,SFO,CA,AWP,WE,Towers with Radar,793,244,52,8,1097,0,2,1,7,10,793,246,53,15,1107,0,0,0,1107
04/14/2011,SFO,CA,AWP,WE,Towers with Radar,803,254,38,1,1096,0,6,5,10,21,803,260,43,11,1117,0,0,0,1117
04/15/2011,SFO,CA,AWP,WE,Towers with Radar,809,263,43,1,1116,0,4,8,2,14,809,267,51,3,1130,0,0,0,1130
04/16/2011,SFO,CA,AWP,WE,Towers with Radar,725,202,17,0,944,0,2,6,9,17,725,204,23,9,961,0,0,0,961
04/17/2011,SFO,CA,AWP,WE,Towers with Radar,742,221,50,5,1018,0,1,9,2,12,742,222,59,7,1030,0,0,0,1030
04/18/2011,SFO,CA,AWP,WE,Towers with Radar,806,252,26,7,1091,0,1,1,7,9,806,253,27,14,1100,0,0,0,1100
04/19/2011,SFO,CA,AWP,WE,Towers with Radar,778,256,27,5,1066,0,4,3,8,15,778,260,30,13,1081,0,0,0,1081
04/20/2011,SFO,CA,AWP,WE,Towers with Radar,785,226,20,4,1035,0,0,6,8,14,785,226,26,12,1049,0,0,0,1049
04/21/2011,SFO,CA,AWP,WE,Towers with Radar,827,254,17,7,1105,0,1,3,14,18,827,255,20,21,1123,0,0,0,1123
04/22/2011,SFO,CA,AWP,WE,Towers with Radar,822,245,16,5,1088,0,6,4,6,16,822,251,20,11,1104,0,0,0,1104
04/23/2011,SFO,CA,AWP,WE,Towers with Radar,715,195,11,1,922,0,4,4,4,12,715,199,15,5,934,0,0,0,934
04/24/2011,SFO,CA,AWP,WE,Towers with Radar,765,244,23,3,1035,0,1,7,4,12,765,245,30,7,1047,0,0,0,1047
04/25/2011,SFO,CA,AWP,WE,Towers with Radar,793,245,22,2,1062,0,6,2,7,15,793,251,24,9,1077,0,0,0,1077
04/26/2011,SFO,CA,AWP,WE,Towers with Radar,770,235,41,2,1048,0,0,1,9,10,770,235,42,11,1058,0,0,0,1058
04/27/2011,SFO,CA,AWP,WE,Towers with Radar,796,257,40,0,1093,0,5,9,11,25,796,262,49,11,1118,0,0,0,1118
04/28/2011,SFO,CA,AWP,WE,Towers with Radar,809,257,45,0,1111,0,3,4,5,12,809,260,49,5,1123,0,0,0,1123
04/29/2011,SFO,CA,AWP,WE,Towers with Radar,822,255,39,1,1117,0,2,5,5,12,822,257,44,6,1129,0,0,0,1129
04/30/2011,SFO,CA,AWP,WE,Towers with Radar,728,198,19,1,946,0,0,6,3,9,728,198,25,4,955,0,0,0,955
05/01/2011,SFO,CA,AWP,WE,Towers with Radar,778,245,40,0,1063,0,7,10,2,19,778,252,50,2,1082,0,0,0,1082
05/02/2011,SFO,CA,AWP,WE,Towers with Radar,807,250,27,0,1084,0,5,0,4,9,807,255,27,4,1093,0,0,0,1093
05/03/2011,SFO,CA,AWP,WE,Towers with Radar,799,256,35,1,1091,0,6,9,6,21,799,262,44,7,1112,0,0,0,1112
05/04/2011,SFO,CA,AWP,WE,Towers with Radar,806,254,41,1,1102,0,5,4,11,20,806,259,45,12,1122,0,0,0,1122
05/05/2011,SFO,CA,AWP,WE,Towers with Radar,834,259,34,0,1127,0,2,2,6,10,834,261,36,6,1137,0,0,0,1137
05/06/2011,SFO,CA,AWP,WE,Towers with Radar,822,249,33,0,1104,0,1,10,11,22,822,250,43,11,1126,0,0,0,1126
05/07/2011,SFO,CA,AWP,WE,Towers with Radar,743,202,21,1,967,0,5,6,2,13,743,207,27,3,980,0,0,0,980
05/08/2011,SFO,CA,AWP,WE,Towers with Radar,786,237,39,0,1062,0,1,8,3,12,786,238,47,3,1074,0,0,0,1074
05/09/2011,SFO,CA,AWP,WE,Towers with Radar,828,256,37,0,1121,0,5,4,6,15,828,261,41,6,1136,0,0,0,1136
05/10/2011,SFO,CA,AWP,WE,Towers with Radar,805,261,40,3,1109,0,2,1,15,18,805,263,41,18,1127,0,0,0,1127
05/11/2011,SFO,CA,AWP,WE,Towers with Radar,791,233,44,1,1069,0,1,2,7,10,791,234,46,8,1079,0,0,0,1079
05/12/2011,SFO,CA,AWP,WE,Towers with Radar,838,259,47,0,1144,0,5,6,13,24,838,264,53,13,1168,0,0,0,1168
05/13/2011,SFO,CA,AWP,WE,Towers with Radar,851,271,34,0,1156,0,3,12,14,29,851,274,46,14,1185,0,0,0,1185
05/14/2011,SFO,CA,AWP,WE,Towers with Radar,732,207,19,2,960,0,3,15,3,21,732,210,34,5,981,0,0,0,981
05/15/2011,SFO,CA,AWP,WE,Towers with Radar,784,248,39,0,1071,0,3,2,2,7,784,251,41,2,1078,0,0,0,1078
05/16/2011,SFO,CA,AWP,WE,Towers with Radar,788,210,35,0,1033,0,2,5,5,12,788,212,40,5,1045,0,0,0,1045
05/17/2011,SFO,CA,AWP,WE,Towers with Radar,807,208,29,1,1045,0,0,3,0,3,807,208,32,1,1048,0,0,0,1048
05/18/2011,SFO,CA,AWP,WE,Towers with Radar,829,245,38,0,1112,0,3,5,14,22,829,248,43,14,1134,0,0,0,1134
05/19/2011,SFO,CA,AWP,WE,Towers with Radar,829,270,58,1,1158,0,1,9,5,15,829,271,67,6,1173,0,0,0,1173
05/20/2011,SFO,CA,AWP,WE,Towers with Radar,850,249,56,1,1156,0,1,8,5,14,850,250,64,6,1170,0,0,0,1170
05/21/2011,SFO,CA,AWP,WE,Towers with Radar,739,200,34,2,975,0,0,7,2,9,739,200,41,4,984,0,0,0,984
05/22/2011,SFO,CA,AWP,WE,Towers with Radar,788,232,34,0,1054,0,3,9,8,20,788,235,43,8,1074,0,0,0,1074
05/23/2011,SFO,CA,AWP,WE,Towers with Radar,813,247,37,1,1098,1,12,6,9,28,814,259,43,10,1126,0,0,0,1126
05/24/2011,SFO,CA,AWP,WE,Towers with Radar,821,255,40,2,1118,1,2,5,3,11,822,257,45,5,1129,0,0,0,1129
05/25/2011,SFO,CA,AWP,WE,Towers with Radar,809,223,51,0,1083,0,0,3,1,4,809,223,54,1,1087,0,0,0,1087
05/26/2011,SFO,CA,AWP,WE,Towers with Radar,850,260,43,1,1154,0,1,5,10,16,850,261,48,11,1170,0,0,0,1170
05/27/2011,SFO,CA,AWP,WE,Towers with Radar,864,243,25,2,1134,0,0,2,5,7,864,243,27,7,1141,0,0,0,1141
05/28/2011,SFO,CA,AWP,WE,Towers with Radar,740,164,15,1,920,0,1,2,2,5,740,165,17,3,925,0,0,0,925
05/29/2011,SFO,CA,AWP,WE,Towers with Radar,720,176,9,0,905,0,4,9,3,16,720,180,18,3,921,0,0,0,921
05/30/2011,SFO,CA,AWP,WE,Towers with Radar,827,227,33,0,1087,0,5,6,6,17,827,232,39,6,1104,0,0,0,1104
05/31/2011,SFO,CA,AWP,WE,Towers with Radar,838,231,26,1,1096,0,4,1,7,12,838,235,27,8,1108,0,0,0,1108
06/01/2011,SFO,CA,AWP,WE,Towers with Radar,836,237,37,0,1110,0,1,5,4,10,836,238,42,4,1120,0,0,0,1120
06/02/2011,SFO,CA,AWP,WE,Towers with Radar,861,247,32,1,1141,0,6,5,6,17,861,253,37,7,1158,0,0,0,1158
06/03/2011,SFO,CA,AWP,WE,Towers with Radar,866,249,30,1,1146,0,6,3,5,14,866,255,33,6,1160,0,0,0,1160
06/04/2011,SFO,CA,AWP,WE,Towers with Radar,746,177,17,1,941,0,0,6,0,6,746,177,23,1,947,0,0,0,947
06/05/2011,SFO,CA,AWP,WE,Towers with Radar,833,236,23,0,1092,0,0,1,2,3,833,236,24,2,1095,0,0,0,1095
06/06/2011,SFO,CA,AWP,WE,Towers with Radar,835,240,26,1,1102,0,4,1,5,10,835,244,27,6,1112,0,0,0,1112
06/07/2011,SFO,CA,AWP,WE,Towers with Radar,845,247,36,1,1129,0,2,3,5,10,845,249,39,6,1139,0,0,0,1139
06/08/2011,SFO,CA,AWP,WE,Towers with Radar,831,237,38,2,1108,0,1,0,14,15,831,238,38,16,1123,0,0,0,1123
06/09/2011,SFO,CA,AWP,WE,Towers with Radar,836,261,25,0,1122,0,2,8,7,17,836,263,33,7,1139,0,0,0,1139
06/10/2011,SFO,CA,AWP,WE,Towers with Radar,885,232,37,1,1155,0,1,5,9,15,885,233,42,10,1170,0,0,0,1170
06/11/2011,SFO,CA,AWP,WE,Towers with Radar,811,216,19,1,1047,0,1,10,3,14,811,217,29,4,1061,0,0,0,1061
06/12/2011,SFO,CA,AWP,WE,Towers with Radar,885,257,32,0,1174,0,0,7,4,11,885,257,39,4,1185,0,0,0,1185
06/13/2011,SFO,CA,AWP,WE,Towers with Radar,885,236,32,4,1157,0,3,3,6,12,885,239,35,10,1169,0,0,0,1169
06/14/2011,SFO,CA,AWP,WE,Towers with Radar,878,266,31,0,1175,0,0,3,5,8,878,266,34,5,1183,0,0,0,1183
06/15/2011,SFO,CA,AWP,WE,Towers with Radar,872,254,26,1,1153,0,2,3,8,13,872,256,29,9,1166,0,0,0,1166
06/16/2011,SFO,CA,AWP,WE,Towers with Radar,890,259,30,0,1179,0,4,5,9,18,890,263,35,9,1197,0,0,0,1197
06/17/2011,SFO,CA,AWP,WE,Towers with Radar,847,262,27,3,1139,0,4,7,6,17,847,266,34,9,1156,0,0,0,1156
06/18/2011,SFO,CA,AWP,WE,Towers with Radar,836,217,11,1,1065,0,1,10,7,18,836,218,21,8,1083,0,0,0,1083
06/19/2011,SFO,CA,AWP,WE,Towers with Radar,860,247,31,2,1140,0,4,11,10,25,860,251,42,12,1165,0,0,0,1165
06/20/2011,SFO,CA,AWP,WE,Towers with Radar,875,261,31,0,1167,0,5,6,11,22,875,266,37,11,1189,0,0,0,1189
06/21/2011,SFO,CA,AWP,WE,Towers with Radar,866,262,38,2,1168,0,2,8,8,18,866,264,46,10,1186,0,0,0,1186
06/22/2011,SFO,CA,AWP,WE,Towers with Radar,885,264,58,0,1207,0,3,6,6,15,885,267,64,6,1222,0,0,0,1222
06/23/2011,SFO,CA,AWP,WE,Towers with Radar,884,264,43,3,1194,0,5,4,5,14,884,269,47,8,1208,0,0,0,1208
06/24/2011,SFO,CA,AWP,WE,Towers with Radar,896,252,34,0,1182,0,1,3,12,16,896,253,37,12,1198,0,0,0,1198
06/25/2011,SFO,CA,AWP,WE,Towers with Radar,833,213,25,1,1072,0,3,1,3,7,833,216,26,4,1079,0,0,0,1079
06/26/2011,SFO,CA,AWP,WE,Towers with Radar,870,243,36,0,1149,0,2,19,3,24,870,245,55,3,1173,0,0,0,1173
06/27/2011,SFO,CA,AWP,WE,Towers with Radar,878,266,33,1,1178,0,1,4,5,10,878,267,37,6,1188,0,0,0,1188
06/28/2011,SFO,CA,AWP,WE,Towers with Radar,840,218,23,2,1083,0,0,3,7,10,840,218,26,9,1093,0,0,0,1093
06/29/2011,SFO,CA,AWP,WE,Towers with Radar,929,284,25,5,1243,0,2,7,17,26,929,286,32,22,1269,0,0,0,1269
06/30/2011,SFO,CA,AWP,WE,Towers with Radar,883,278,39,0,1200,0,1,5,16,22,883,279,44,16,1222,0,0,0,1222
07/01/2011,SFO,CA,AWP,WE,Towers with Radar,917,285,26,0,1228,0,9,8,7,24,917,294,34,7,1252,0,0,0,1252
07/02/2011,SFO,CA,AWP,WE,Towers with Radar,835,219,17,0,1071,0,4,7,3,14,835,223,24,3,1085,0,0,0,1085
07/03/2011,SFO,CA,AWP,WE,Towers with Radar,765,167,10,2,944,0,2,16,5,23,765,169,26,7,967,0,0,0,967
07/04/2011,SFO,CA,AWP,WE,Towers with Radar,816,171,11,1,999,0,4,6,5,15,816,175,17,6,1014,0,0,0,1014
07/05/2011,SFO,CA,AWP,WE,Towers with Radar,893,275,41,0,1209,0,4,8,12,24,893,279,49,12,1233,0,0,0,1233
07/06/2011,SFO,CA,AWP,WE,Towers with Radar,899,257,30,1,1187,0,2,6,11,19,899,259,36,12,1206,0,0,0,1206
07/07/2011,SFO,CA,AWP,WE,Towers with Radar,900,268,29,1,1198,0,1,13,10,24,900,269,42,11,1222,0,0,0,1222
07/08/2011,SFO,CA,AWP,WE,Towers with Radar,912,278,22,1,1213,0,5,3,12,20,912,283,25,13,1233,0,0,0,1233
07/09/2011,SFO,CA,AWP,WE,Towers with Radar,830,219,15,0,1064,0,1,1,2,4,830,220,16,2,1068,0,0,0,1068
07/10/2011,SFO,CA,AWP,WE,Towers with Radar,872,277,35,0,1184,0,2,7,2,11,872,279,42,2,1195,0,0,0,1195
07/11/2011,SFO,CA,AWP,WE,Towers with Radar,815,207,18,2,1042,0,0,2,6,8,815,207,20,8,1050,0,0,0,1050
07/12/2011,SFO,CA,AWP,WE,Towers with Radar,885,220,23,2,1130,0,0,3,2,5,885,220,26,4,1135,0,0,0,1135
07/13/2011,SFO,CA,AWP,WE,Towers with Radar,855,220,22,0,1097,0,0,4,5,9,855,220,26,5,1106,0,0,0,1106
07/14/2011,SFO,CA,AWP,WE,Towers with Radar,888,222,29,4,1143,0,2,7,14,23,888,224,36,18,1166,0,0,0,1166
07/15/2011,SFO,CA,AWP,WE,Towers with Radar,875,225,18,4,1122,0,1,1,7,9,875,226,19,11,1131,0,0,0,1131
07/16/2011,SFO,CA,AWP,WE,Towers with Radar,863,222,11,2,1098,0,0,15,2,17,863,222,26,4,1115,0,0,0,1115
07/17/2011,SFO,CA,AWP,WE,Towers with Radar,874,252,13,4,1143,0,1,12,2,15,874,253,25,6,1158,0,0,0,1158
07/18/2011,SFO,CA,AWP,WE,Towers with Radar,855,240,30,4,1129,0,8,7,6,21,855,248,37,10,1150,0,0,0,1150
07/19/2011,SFO,CA,AWP,WE,Towers with Radar,902,279,26,3,1210,0,1,11,7,19,902,280,37,10,1229,0,0,0,1229
07/20/2011,SFO,CA,AWP,WE,Towers with Radar,893,263,31,0,1187,0,5,6,13,24,893,268,37,13,1211,0,0,0,1211
07/21/2011,SFO,CA,AWP,WE,Towers with Radar,903,262,39,1,1205,0,3,10,3,16,903,265,49,4,1221,0,0,0,1221
07/22/2011,SFO,CA,AWP,WE,Towers with Radar,885,264,26,0,1175,0,6,7,11,24,885,270,33,11,1199,0,0,0,1199
07/23/2011,SFO,CA,AWP,WE,Towers with Radar,829,205,6,1,1041,0,0,10,2,12,829,205,16,3,1053,0,0,0,1053
07/24/2011,SFO,CA,AWP,WE,Towers with Radar,869,258,32,1,1160,0,1,14,5,20,869,259,46,6,1180,0,0,0,1180
07/25/2011,SFO,CA,AWP,WE,Towers with Radar,876,256,29,0,1161,0,3,6,8,17,876,259,35,8,1178,0,0,0,1178
07/26/2011,SFO,CA,AWP,WE,Towers with Radar,900,258,40,0,1198,0,4,4,6,14,900,262,44,6,1212,0,0,0,1212
07/27/2011,SFO,CA,AWP,WE,Towers with Radar,896,271,27,0,1194,0,3,8,10,21,896,274,35,10,1215,0,0,0,1215
07/28/2011,SFO,CA,AWP,WE,Towers with Radar,892,253,35,2,1182,0,0,4,8,12,892,253,39,10,1194,0,0,0,1194
07/29/2011,SFO,CA,AWP,WE,Towers with Radar,896,269,23,0,1188,0,3,10,10,23,896,272,33,10,1211,0,0,0,1211
07/30/2011,SFO,CA,AWP,WE,Towers with Radar,845,227,16,1,1089,0,1,6,4,11,845,228,22,5,1100,0,0,0,1100
07/31/2011,SFO,CA,AWP,WE,Towers with Radar,869,234,24,0,1127,0,1,2,3,6,869,235,26,3,1133,0,0,0,1133
08/01/2011,SFO,CA,AWP,WE,Towers with Radar,881,244,21,0,1146,0,1,6,6,13,881,245,27,6,1159,0,0,0,1159
08/02/2011,SFO,CA,AWP,WE,Towers with Radar,918,251,29,4,1202,0,2,5,8,15,918,253,34,12,1217,0,0,0,1217
08/03/2011,SFO,CA,AWP,WE,Towers with Radar,872,238,20,4,1134,0,4,18,10,32,872,242,38,14,1166,0,0,0,1166
08/04/2011,SFO,CA,AWP,WE,Towers with Radar,882,223,22,2,1129,0,0,4,2,6,882,223,26,4,1135,0,0,0,1135
08/05/2011,SFO,CA,AWP,WE,Towers with Radar,957,261,25,1,1244,0,1,5,2,8,957,262,30,3,1252,0,0,0,1252
08/06/2011,SFO,CA,AWP,WE,Towers with Radar,810,218,8,0,1036,0,0,8,3,11,810,218,16,3,1047,0,0,0,1047
08/07/2011,SFO,CA,AWP,WE,Towers with Radar,848,215,24,2,1089,1,0,5,3,9,849,215,29,5,1098,0,0,0,1098
08/08/2011,SFO,CA,AWP,WE,Towers with Radar,921,277,35,1,1234,0,5,8,8,21,921,282,43,9,1255,0,0,0,1255
08/09/2011,SFO,CA,AWP,WE,Towers with Radar,883,281,55,4,1223,0,4,12,7,23,883,285,67,11,1246,0,0,0,1246
08/10/2011,SFO,CA,AWP,WE,Towers with Radar,906,263,47,3,1219,0,2,9,12,23,906,265,56,15,1242,0,0,0,1242
08/11/2011,SFO,CA,AWP,WE,Towers with Radar,901,267,29,3,1200,0,1,2,11,14,901,268,31,14,1214,0,0,0,1214
08/12/2011,SFO,CA,AWP,WE,Towers with Radar,921,256,25,2,1204,0,6,6,9,21,921,262,31,11,1225,0,0,0,1225
08/13/2011,SFO,CA,AWP,WE,Towers with Radar,811,223,20,0,1054,0,2,6,2,10,811,225,26,2,1064,0,0,0,1064
08/14/2011,SFO,CA,AWP,WE,Towers with Radar,881,257,29,1,1168,0,3,11,3,17,881,260,40,4,1185,0,0,0,1185
08/15/2011,SFO,CA,AWP,WE,Towers with Radar,892,260,29,2,1183,0,4,4,10,18,892,264,33,12,1201,0,0,0,1201
08/16/2011,SFO,CA,AWP,WE,Towers with Radar,882,267,32,2,1183,0,9,7,13,29,882,276,39,15,1212,0,0,0,1212
08/17/2011,SFO,CA,AWP,WE,Towers with Radar,887,251,32,1,1171,0,2,8,9,19,887,253,40,10,1190,0,0,0,1190
08/18/2011,SFO,CA,AWP,WE,Towers with Radar,881,265,38,3,1187,0,1,9,8,18,881,266,47,11,1205,0,0,0,1205
08/19/2011,SFO,CA,AWP,WE,Towers with Radar,871,250,28,3,1152,0,0,2,7,9,871,250,30,10,1161,0,0,0,1161
08/20/2011,SFO,CA,AWP,WE,Towers with Radar,825,216,11,2,1054,0,2,9,4,15,825,218,20,6,1069,0,0,0,1069
08/21/2011,SFO,CA,AWP,WE,Towers with Radar,840,235,30,1,1106,0,0,13,1,14,840,235,43,2,1120,0,0,0,1120
08/22/2011,SFO,CA,AWP,WE,Towers with Radar,901,258,34,0,1193,0,2,3,15,20,901,260,37,15,1213,0,0,0,1213
08/23/2011,SFO,CA,AWP,WE,Towers with Radar,876,259,37,3,1175,0,1,9,16,26,876,260,46,19,1201,0,0,0,1201
08/24/2011,SFO,CA,AWP,WE,Towers with Radar,898,257,32,0,1187,0,7,2,11,20,898,264,34,11,1207,0,0,0,1207
08/25/2011,SFO,CA,AWP,WE,Towers with Radar,880,264,30,1,1175,0,2,7,8,17,880,266,37,9,1192,0,0,0,1192
08/26/2011,SFO,CA,AWP,WE,Towers with Radar,895,263,31,2,1191,0,4,3,11,18,895,267,34,13,1209,0,0,0,1209
08/27/2011,SFO,CA,AWP,WE,Towers with Radar,747,207,20,1,975,0,2,4,2,8,747,209,24,3,983,0,0,0,983
08/28/2011,SFO,CA,AWP,WE,Towers with Radar,766,248,17,0,1031,0,2,14,4,20,766,250,31,4,1051,0,0,0,1051
08/29/2011,SFO,CA,AWP,WE,Towers with Radar,864,264,35,1,1164,0,3,2,12,17,864,267,37,13,1181,0,0,0,1181
08/30/2011,SFO,CA,AWP,WE,Towers with Radar,859,263,32,0,1154,0,0,2,12,14,859,263,34,12,1168,0,0,0,1168
08/31/2011,SFO,CA,AWP,WE,Towers with Radar,892,261,31,2,1186,0,3,6,11,20,892,264,37,13,1206,0,0,0,1206
09/01/2011,SFO,CA,AWP,WE,Towers with Radar,905,267,27,1,1200,0,4,2,8,14,905,271,29,9,1214,0,0,0,1214
09/02/2011,SFO,CA,AWP,WE,Towers with Radar,910,272,24,0,1206,0,2,8,8,18,910,274,32,8,1224,0,0,0,1224
09/03/2011,SFO,CA,AWP,WE,Towers with Radar,751,218,6,3,978,0,3,4,3,10,751,221,10,6,988,0,0,0,988
09/04/2011,SFO,CA,AWP,WE,Towers with Radar,751,185,10,1,947,0,0,7,1,8,751,185,17,2,955,0,0,0,955
09/05/2011,SFO,CA,AWP,WE,Towers with Radar,881,256,25,1,1163,0,6,13,6,25,881,262,38,7,1188,0,0,0,1188
09/06/2011,SFO,CA,AWP,WE,Towers with Radar,880,262,23,1,1166,0,2,8,7,17,880,264,31,8,1183,0,0,0,1183
09/07/2011,SFO,CA,AWP,WE,Towers with Radar,867,266,39,1,1173,0,3,4,9,16,867,269,43,10,1189,0,0,0,1189
09/08/2011,SFO,CA,AWP,WE,Towers with Radar,871,279,48,0,1198,0,2,9,11,22,871,281,57,11,1220,0,0,0,1220
09/09/2011,SFO,CA,AWP,WE,Towers with Radar,896,278,37,3,1214,0,3,9,7,19,896,281,46,10,1233,0,0,0,1233
09/10/2011,SFO,CA,AWP,WE,Towers with Radar,746,228,16,1,991,0,4,19,5,28,746,232,35,6,1019,0,0,0,1019
09/11/2011,SFO,CA,AWP,WE,Towers with Radar,849,249,31,0,1129,0,1,9,6,16,849,250,40,6,1145,0,0,0,1145
09/12/2011,SFO,CA,AWP,WE,Towers with Radar,863,272,35,2,1172,0,0,6,10,16,863,272,41,12,1188,0,0,0,1188
09/13/2011,SFO,CA,AWP,WE,Towers with Radar,826,273,36,1,1136,0,0,6,3,9,826,273,42,4,1145,0,0,0,1145
09/14/2011,SFO,CA,AWP,WE,Towers with Radar,848,271,31,5,1155,0,2,7,6,15,848,273,38,11,1170,0,0,0,1170
09/15/2011,SFO,CA,AWP,WE,Towers with Radar,869,254,35,3,1161,0,0,3,4,7,869,254,38,7,1168,0,0,0,1168
09/16/2011,SFO,CA,AWP,WE,Towers with Radar,903,292,40,1,1236,0,1,17,4,22,903,293,57,5,1258,0,0,0,1258
09/17/2011,SFO,CA,AWP,WE,Towers with Radar,744,223,21,0,988,0,6,10,4,20,744,229,31,4,1008,0,0,0,1008
09/18/2011,SFO,CA,AWP,WE,Towers with Radar,844,259,34,0,1137,0,0,3,5,8,844,259,37,5,1145,0,0,0,1145
09/19/2011,SFO,CA,AWP,WE,Towers with Radar,868,279,33,1,1181,0,7,10,11,28,868,286,43,12,1209,0,0,0,1209
09/20/2011,SFO,CA,AWP,WE,Towers with Radar,841,268,42,3,1154,0,8,19,10,37,841,276,61,13,1191,0,0,0,1191
09/21/2011,SFO,CA,AWP,WE,Towers with Radar,852,269,26,0,1147,0,2,16,7,25,852,271,42,7,1172,0,0,0,1172
09/22/2011,SFO,CA,AWP,WE,Towers with Radar,881,271,42,2,1196,0,4,34,9,47,881,275,76,11,1243,0,0,0,1243
09/23/2011,SFO,CA,AWP,WE,Towers with Radar,896,263,31,1,1191,0,4,15,6,25,896,267,46,7,1216,0,0,0,1216
09/24/2011,SFO,CA,AWP,WE,Towers with Radar,747,232,18,0,997,0,2,10,3,15,747,234,28,3,1012,0,0,0,1012
09/25/2011,SFO,CA,AWP,WE,Towers with Radar,844,266,33,2,1145,0,1,6,2,9,844,267,39,4,1154,0,0,0,1154
09/26/2011,SFO,CA,AWP,WE,Towers with Radar,866,276,38,1,1181,0,3,4,5,12,866,279,42,6,1193,0,0,0,1193
09/27/2011,SFO,CA,AWP,WE,Towers with Radar,830,271,40,0,1141,0,0,7,9,16,830,271,47,9,1157,0,0,0,1157
09/28/2011,SFO,CA,AWP,WE,Towers with Radar,866,262,38,1,1167,0,3,13,4,20,866,265,51,5,1187,0,0,0,1187
09/29/2011,SFO,CA,AWP,WE,Towers with Radar,876,278,37,2,1193,0,3,8,6,17,876,281,45,8,1210,0,0,0,1210
09/30/2011,SFO,CA,AWP,WE,Towers with Radar,908,259,20,0,1187,0,0,9,7,16,908,259,29,7,1203,0,0,0,1203
10/01/2011,SFO,CA,AWP,WE,Towers with Radar,746,227,13,2,988,0,2,6,2,10,746,229,19,4,998,0,0,0,998
10/02/2011,SFO,CA,AWP,WE,Towers with Radar,854,269,19,3,1145,0,5,13,4,22,854,274,32,7,1167,0,0,0,1167
10/03/2011,SFO,CA,AWP,WE,Towers with Radar,827,208,37,3,1075,0,1,3,11,15,827,209,40,14,1090,0,0,0,1090
10/04/2011,SFO,CA,AWP,WE,Towers with Radar,828,257,25,7,1117,0,2,16,7,25,828,259,41,14,1142,0,0,0,1142
10/05/2011,SFO,CA,AWP,WE,Towers with Radar,868,259,34,10,1171,0,1,0,10,11,868,260,34,20,1182,0,0,0,1182
10/06/2011,SFO,CA,AWP,WE,Towers with Radar,879,262,43,5,1189,0,1,6,22,29,879,263,49,27,1218,0,0,0,1218
10/07/2011,SFO,CA,AWP,WE,Towers with Radar,906,269,18,2,1195,0,4,7,28,39,906,273,25,30,1234,0,0,0,1234
10/08/2011,SFO,CA,AWP,WE,Towers with Radar,739,222,14,6,981,0,0,12,25,37,739,222,26,31,1018,0,0,0,1018
10/09/2011,SFO,CA,AWP,WE,Towers with Radar,838,247,27,3,1115,0,2,17,17,36,838,249,44,20,1151,0,0,0,1151
10/10/2011,SFO,CA,AWP,WE,Towers with Radar,812,204,19,6,1041,0,0,5,1,6,812,204,24,7,1047,0,0,0,1047
10/11/2011,SFO,CA,AWP,WE,Towers with Radar,879,240,22,9,1150,0,1,5,12,18,879,241,27,21,1168,0,0,0,1168
10/12/2011,SFO,CA,AWP,WE,Towers with Radar,867,259,51,8,1185,0,5,5,11,21,867,264,56,19,1206,0,0,0,1206
10/13/2011,SFO,CA,AWP,WE,Towers with Radar,888,275,42,3,1208,0,0,9,13,22,888,275,51,16,1230,0,0,0,1230
10/14/2011,SFO,CA,AWP,WE,Towers with Radar,893,278,49,0,1220,0,5,8,14,27,893,283,57,14,1247,0,0,0,1247
10/15/2011,SFO,CA,AWP,WE,Towers with Radar,738,216,25,1,980,0,0,3,3,6,738,216,28,4,986,0,0,0,986
10/16/2011,SFO,CA,AWP,WE,Towers with Radar,841,261,30,4,1136,0,0,8,3,11,841,261,38,7,1147,0,0,0,1147
10/17/2011,SFO,CA,AWP,WE,Towers with Radar,871,261,41,4,1177,0,2,15,9,26,871,263,56,13,1203,0,0,0,1203
10/18/2011,SFO,CA,AWP,WE,Towers with Radar,833,252,37,1,1123,0,1,5,3,9,833,253,42,4,1132,0,0,0,1132
10/19/2011,SFO,CA,AWP,WE,Towers with Radar,858,274,40,0,1172,0,3,4,7,14,858,277,44,7,1186,0,0,0,1186
10/20/2011,SFO,CA,AWP,WE,Towers with Radar,894,263,43,1,1201,0,3,7,11,21,894,266,50,12,1222,0,0,0,1222
10/21/2011,SFO,CA,AWP,WE,Towers with Radar,885,276,28,5,1194,0,5,6,11,22,885,281,34,16,1216,0,0,0,1216
10/22/2011,SFO,CA,AWP,WE,Towers with Radar,740,225,28,4,997,0,3,3,8,14,740,228,31,12,1011,0,0,0,1011
10/23/2011,SFO,CA,AWP,WE,Towers with Radar,834,262,35,2,1133,0,4,17,9,30,834,266,52,11,1163,0,0,0,1163
10/24/2011,SFO,CA,AWP,WE,Towers with Radar,863,274,34,3,1174,1,1,1,7,10,864,275,35,10,1184,0,0,0,1184
10/25/2011,SFO,CA,AWP,WE,Towers with Radar,820,259,41,3,1123,0,0,5,2,7,820,259,46,5,1130,0,0,0,1130
10/26/2011,SFO,CA,AWP,WE,Towers with Radar,869,267,48,3,1187,0,2,6,7,15,869,269,54,10,1202,0,0,0,1202
10/27/2011,SFO,CA,AWP,WE,Towers with Radar,877,262,33,2,1174,0,1,4,13,18,877,263,37,15,1192,0,0,0,1192
10/28/2011,SFO,CA,AWP,WE,Towers with Radar,893,274,36,3,1206,0,6,15,10,31,893,280,51,13,1237,0,0,0,1237
10/29/2011,SFO,CA,AWP,WE,Towers with Radar,687,220,20,1,928,0,0,10,3,13,687,220,30,4,941,0,0,0,941
10/30/2011,SFO,CA,AWP,WE,Towers with Radar,818,262,35,0,1115,0,8,7,0,15,818,270,42,0,1130,0,0,0,1130
10/31/2011,SFO,CA,AWP,WE,Towers with Radar,816,255,22,0,1093,0,1,10,12,23,816,256,32,12,1116,0,0,0,1116
11/01/2011,SFO,CA,AWP,WE,Towers with Radar,803,257,27,1,1088,0,5,6,7,18,803,262,33,8,1106,0,0,0,1106
11/02/2011,SFO,CA,AWP,WE,Towers with Radar,831,285,55,0,1171,0,4,7,7,18,831,289,62,7,1189,0,0,0,1189
11/03/2011,SFO,CA,AWP,WE,Towers with Radar,849,280,51,0,1180,0,2,8,6,16,849,282,59,6,1196,0,0,0,1196
11/04/2011,SFO,CA,AWP,WE,Towers with Radar,864,263,48,2,1177,0,7,26,14,47,864,270,74,16,1224,0,0,0,1224
11/05/2011,SFO,CA,AWP,WE,Towers with Radar,711,223,8,3,945,0,0,3,2,5,711,223,11,5,950,0,0,0,950
11/06/2011,SFO,CA,AWP,WE,Towers with Radar,838,230,31,1,1100,0,3,1,7,11,838,233,32,8,1111,0,0,0,1111
11/07/2011,SFO,CA,AWP,WE,Towers with Radar,849,235,37,1,1122,0,1,5,10,16,849,236,42,11,1138,0,0,0,1138
11/08/2011,SFO,CA,AWP,WE,Towers with Radar,808,252,42,1,1103,0,0,2,10,12,808,252,44,11,1115,0,0,0,1115
11/09/2011,SFO,CA,AWP,WE,Towers with Radar,832,268,54,2,1156,0,2,4,17,23,832,270,58,19,1179,0,0,0,1179
11/10/2011,SFO,CA,AWP,WE,Towers with Radar,850,252,37,4,1143,0,0,5,3,8,850,252,42,7,1151,0,0,0,1151
11/11/2011,SFO,CA,AWP,WE,Towers with Radar,784,182,19,3,988,0,0,3,2,5,784,182,22,5,993,0,0,0,993
11/12/2011,SFO,CA,AWP,WE,Towers with Radar,743,202,28,0,973,0,1,7,4,12,743,203,35,4,985,0,0,0,985
11/13/2011,SFO,CA,AWP,WE,Towers with Radar,821,245,40,1,1107,1,3,7,3,14,822,248,47,4,1121,0,0,0,1121
11/14/2011,SFO,CA,AWP,WE,Towers with Radar,847,273,40,0,1160,1,5,6,11,23,848,278,46,11,1183,0,0,0,1183
11/15/2011,SFO,CA,AWP,WE,Towers with Radar,831,265,42,0,1138,0,2,2,12,16,831,267,44,12,1154,0,0,0,1154
11/16/2011,SFO,CA,AWP,WE,Towers with Radar,831,259,39,1,1130,0,1,4,13,18,831,260,43,14,1148,0,0,0,1148
11/17/2011,SFO,CA,AWP,WE,Towers with Radar,846,233,28,0,1107,0,0,4,10,14,846,233,32,10,1121,0,0,0,1121
11/18/2011,SFO,CA,AWP,WE,Towers with Radar,871,275,39,2,1187,0,2,3,10,15,871,277,42,12,1202,0,0,0,1202
11/19/2011,SFO,CA,AWP,WE,Towers with Radar,749,207,17,4,977,0,1,5,8,14,749,208,22,12,991,0,0,0,991
11/20/2011,SFO,CA,AWP,WE,Towers with Radar,826,215,25,1,1067,0,0,3,4,7,826,215,28,5,1074,0,0,0,1074
11/21/2011,SFO,CA,AWP,WE,Towers with Radar,823,254,30,0,1107,0,1,3,12,16,823,255,33,12,1123,0,0,0,1123
11/22/2011,SFO,CA,AWP,WE,Towers with Radar,837,266,24,4,1131,0,5,4,12,21,837,271,28,16,1152,0,0,0,1152
11/23/2011,SFO,CA,AWP,WE,Towers with Radar,832,237,13,0,1082,0,5,10,8,23,832,242,23,8,1105,0,0,0,1105
11/24/2011,SFO,CA,AWP,WE,Towers with Radar,658,178,3,1,840,0,0,1,1,2,658,178,4,2,842,0,0,0,842
11/25/2011,SFO,CA,AWP,WE,Towers with Radar,690,195,20,0,905,0,3,9,7,19,690,198,29,7,924,0,0,0,924
11/26/2011,SFO,CA,AWP,WE,Towers with Radar,803,245,19,2,1069,0,0,8,5,13,803,245,27,7,1082,0,0,0,1082
11/27/2011,SFO,CA,AWP,WE,Towers with Radar,889,241,40,0,1170,1,2,12,6,21,890,243,52,6,1191,0,0,0,1191
11/28/2011,SFO,CA,AWP,WE,Towers with Radar,872,241,32,2,1147,0,1,7,6,14,872,242,39,8,1161,0,0,0,1161
11/29/2011,SFO,CA,AWP,WE,Towers with Radar,791,183,31,2,1007,0,0,2,4,6,791,183,33,6,1013,0,0,0,1013
11/30/2011,SFO,CA,AWP,WE,Towers with Radar,838,236,32,0,1106,0,1,1,13,15,838,237,33,13,1121,0,0,0,1121
12/01/2011,SFO,CA,AWP,WE,Towers with Radar,840,248,34,2,1124,0,1,2,6,9,840,249,36,8,1133,0,0,0,1133
12/02/2011,SFO,CA,AWP,WE,Towers with Radar,831,251,35,1,1118,0,1,11,13,25,831,252,46,14,1143,0,0,0,1143
12/03/2011,SFO,CA,AWP,WE,Towers with Radar,690,197,19,3,909,0,1,1,2,4,690,198,20,5,913,0,0,0,913
12/04/2011,SFO,CA,AWP,WE,Towers with Radar,802,241,34,1,1078,0,3,9,3,15,802,244,43,4,1093,0,0,0,1093
12/05/2011,SFO,CA,AWP,WE,Towers with Radar,810,239,27,0,1076,0,0,1,8,9,810,239,28,8,1085,0,0,0,1085
12/06/2011,SFO,CA,AWP,WE,Towers with Radar,798,243,33,3,1077,0,1,11,9,21,798,244,44,12,1098,0,0,0,1098
12/07/2011,SFO,CA,AWP,WE,Towers with Radar,812,246,31,1,1090,0,3,4,9,16,812,249,35,10,1106,0,0,0,1106
12/08/2011,SFO,CA,AWP,WE,Towers with Radar,833,273,32,0,1138,0,6,5,17,28,833,279,37,17,1166,0,0,0,1166
12/09/2011,SFO,CA,AWP,WE,Towers with Radar,838,265,33,4,1140,0,2,4,12,18,838,267,37,16,1158,0,0,0,1158
12/10/2011,SFO,CA,AWP,WE,Towers with Radar,692,209,23,0,924,0,2,7,3,12,692,211,30,3,936,0,0,0,936
12/11/2011,SFO,CA,AWP,WE,Towers with Radar,799,235,20,1,1055,0,1,0,11,12,799,236,20,12,1067,0,0,0,1067
12/12/2011,SFO,CA,AWP,WE,Towers with Radar,826,259,41,1,1127,0,1,0,12,13,826,260,41,13,1140,0,0,0,1140
12/13/2011,SFO,CA,AWP,WE,Towers with Radar,801,255,60,0,1116,0,2,0,10,12,801,257,60,10,1128,0,0,0,1128
12/14/2011,SFO,CA,AWP,WE,Towers with Radar,807,270,34,0,1111,0,1,7,14,22,807,271,41,14,1133,0,0,0,1133
12/15/2011,SFO,CA,AWP,WE,Towers with Radar,837,263,28,0,1128,0,3,3,6,12,837,266,31,6,1140,0,0,0,1140
12/16/2011,SFO,CA,AWP,WE,Towers with Radar,843,301,48,3,1195,0,8,1,6,15,843,309,49,9,1210,0,0,0,1210
12/17/2011,SFO,CA,AWP,WE,Towers with Radar,777,240,30,2,1049,0,6,1,10,17,777,246,31,12,1066,0,0,0,1066
12/18/2011,SFO,CA,AWP,WE,Towers with Radar,812,255,20,0,1087,0,0,7,2,9,812,255,27,2,1096,0,0,0,1096
12/19/2011,SFO,CA,AWP,WE,Towers with Radar,837,287,31,0,1155,0,2,6,4,12,837,289,37,4,1167,0,0,0,1167
12/20/2011,SFO,CA,AWP,WE,Towers with Radar,826,288,36,1,1151,0,4,6,3,13,826,292,42,4,1164,0,0,0,1164
12/21/2011,SFO,CA,AWP,WE,Towers with Radar,866,270,28,1,1165,0,2,6,4,12,866,272,34,5,1177,0,0,0,1177
12/22/2011,SFO,CA,AWP,WE,Towers with Radar,853,277,21,1,1152,0,4,8,5,17,853,281,29,6,1169,0,0,0,1169
12/23/2011,SFO,CA,AWP,WE,Towers with Radar,862,272,26,0,1160,0,0,5,8,13,862,272,31,8,1173,0,0,0,1173
12/24/2011,SFO,CA,AWP,WE,Towers with Radar,705,233,9,1,948,0,4,10,1,15,705,237,19,2,963,0,0,0,963
12/25/2011,SFO,CA,AWP,WE,Towers with Radar,676,214,8,0,898,0,1,0,0,1,676,215,8,0,899,0,0,0,899
12/26/2011,SFO,CA,AWP,WE,Towers with Radar,808,247,16,1,1072,0,0,8,0,8,808,247,24,1,1080,0,0,0,1080
12/27/2011,SFO,CA,AWP,WE,Towers with Radar,863,274,21,1,1159,0,2,4,3,9,863,276,25,4,1168,0,0,0,1168
12/28/2011,SFO,CA,AWP,WE,Towers with Radar,873,280,14,2,1169,0,3,9,4,16,873,283,23,6,1185,0,0,0,1185
12/29/2011,SFO,CA,AWP,WE,Towers with Radar,806,216,6,6,1034,0,1,2,2,5,806,217,8,8,1039,0,0,0,1039
12/30/2011,SFO,CA,AWP,WE,Towers with Radar,849,212,13,1,1075,0,0,13,4,17,849,212,26,5,1092,0,0,0,1092
12/31/2011,SFO,CA,AWP,WE,Towers with Radar,728,237,16,0,981,0,3,7,3,13,728,240,23,3,994,0,0,0,994
01/01/2012,SFO,CA,AWP,WE,Towers with Radar,755,272,27,1,1055,0,0,1,2,3,755,272,28,3,1058,0,0,0,1058
01/02/2012,SFO,CA,AWP,WE,Towers with Radar,842,293,35,0,1170,0,0,1,2,3,842,293,36,2,1173,0,0,0,1173
01/03/2012,SFO,CA,AWP,WE,Towers with Radar,835,219,29,0,1083,0,1,7,0,8,835,220,36,0,1091,0,0,0,1091
01/04/2012,SFO,CA,AWP,WE,Towers with Radar,828,259,32,3,1122,0,5,6,16,27,828,264,38,19,1149,0,0,0,1149
01/05/2012,SFO,CA,AWP,WE,Towers with Radar,840,245,50,5,1140,0,4,2,13,19,840,249,52,18,1159,0,0,0,1159
01/06/2012,SFO,CA,AWP,WE,Towers with Radar,843,259,18,2,1122,0,0,7,13,20,843,259,25,15,1142,0,0,0,1142
01/07/2012,SFO,CA,AWP,WE,Towers with Radar,726,191,17,0,934,0,4,8,4,16,726,195,25,4,950,0,0,0,950
01/08/2012,SFO,CA,AWP,WE,Towers with Radar,794,246,40,6,1086,1,1,7,4,13,795,247,47,10,1099,0,0,0,1099
01/09/2012,SFO,CA,AWP,WE,Towers with Radar,824,257,46,3,1130,0,3,5,14,22,824,260,51,17,1152,0,0,0,1152
01/10/2012,SFO,CA,AWP,WE,Towers with Radar,787,256,49,1,1093,0,3,7,11,21,787,259,56,12,1114,0,0,0,1114
01/11/2012,SFO,CA,AWP,WE,Towers with Radar,801,269,56,0,1126,0,4,7,7,18,801,273,63,7,1144,0,0,0,1144
01/12/2012,SFO,CA,AWP,WE,Towers with Radar,840,259,50,1,1150,0,4,10,14,28,840,263,60,15,1178,0,0,0,1178
01/13/2012,SFO,CA,AWP,WE,Towers with Radar,843,262,54,0,1159,0,4,9,9,22,843,266,63,9,1181,0,0,0,1181
01/14/2012,SFO,CA,AWP,WE,Towers with Radar,722,207,45,0,974,0,9,19,6,34,722,216,64,6,1008,0,0,0,1008
01/15/2012,SFO,CA,AWP,WE,Towers with Radar,791,213,27,0,1031,0,0,2,2,4,791,213,29,2,1035,0,0,0,1035
01/16/2012,SFO,CA,AWP,WE,Towers with Radar,828,243,26,2,1099,0,4,5,2,11,828,247,31,4,1110,0,0,0,1110
01/17/2012,SFO,CA,AWP,WE,Towers with Radar,787,239,29,2,1057,1,3,3,14,21,788,242,32,16,1078,0,0,0,1078
01/18/2012,SFO,CA,AWP,WE,Towers with Radar,800,231,31,1,1063,0,1,4,10,15,800,232,35,11,1078,0,0,0,1078
01/19/2012,SFO,CA,AWP,WE,Towers with Radar,771,206,27,5,1009,0,0,6,4,10,771,206,33,9,1019,0,0,0,1019
01/20/2012,SFO,CA,AWP,WE,Towers with Radar,723,140,21,1,885,0,0,6,5,11,723,140,27,6,896,0,0,0,896
01/21/2012,SFO,CA,AWP,WE,Towers with Radar,776,198,26,1,1001,1,3,4,5,13,777,201,30,6,1014,0,0,0,1014
01/22/2012,SFO,CA,AWP,WE,Towers with Radar,707,171,39,1,918,0,0,2,8,10,707,171,41,9,928,0,0,0,928
01/23/2012,SFO,CA,AWP,WE,Towers with Radar,847,180,27,2,1056,0,1,7,8,16,847,181,34,10,1072,0,0,0,1072
01/24/2012,SFO,CA,AWP,WE,Towers with Radar,804,247,28,1,1080,0,10,13,9,32,804,257,41,10,1112,0,0,0,1112
01/25/2012,SFO,CA,AWP,WE,Towers with Radar,795,234,35,2,1066,0,1,6,5,12,795,235,41,7,1078,0,0,0,1078
01/26/2012,SFO,CA,AWP,WE,Towers with Radar,796,216,20,2,1034,0,2,3,6,11,796,218,23,8,1045,0,0,0,1045
01/27/2012,SFO,CA,AWP,WE,Towers with Radar,851,257,28,1,1137,0,0,6,8,14,851,257,34,9,1151,0,0,0,1151
01/28/2012,SFO,CA,AWP,WE,Towers with Radar,719,195,14,1,929,0,2,7,4,13,719,197,21,5,942,0,0,0,942
01/29/2012,SFO,CA,AWP,WE,Towers with Radar,801,226,34,2,1063,0,1,2,2,5,801,227,36,4,1068,0,0,0,1068
01/30/2012,SFO,CA,AWP,WE,Towers with Radar,824,246,32,2,1104,0,0,2,7,9,824,246,34,9,1113,0,0,0,1113
01/31/2012,SFO,CA,AWP,WE,Towers with Radar,757,230,35,3,1025,0,1,6,11,18,757,231,41,14,1043,0,0,0,1043
02/01/2012,SFO,CA,AWP,WE,Towers with Radar,779,226,40,4,1049,0,1,11,9,21,779,227,51,13,1070,0,0,0,1070
02/02/2012,SFO,CA,AWP,WE,Towers with Radar,826,258,51,2,1137,0,5,5,12,22,826,263,56,14,1159,0,0,0,1159
02/03/2012,SFO,CA,AWP,WE,Towers with Radar,834,249,34,1,1118,0,4,16,13,33,834,253,50,14,1151,0,0,0,1151
02/04/2012,SFO,CA,AWP,WE,Towers with Radar,717,198,17,1,933,0,3,4,7,14,717,201,21,8,947,0,0,0,947
02/05/2012,SFO,CA,AWP,WE,Towers with Radar,804,230,30,1,1065,0,1,15,2,18,804,231,45,3,1083,0,0,0,1083
02/06/2012,SFO,CA,AWP,WE,Towers with Radar,824,265,40,1,1130,0,2,7,13,22,824,267,47,14,1152,0,0,0,1152
02/07/2012,SFO,CA,AWP,WE,Towers with Radar,779,212,32,2,1025,0,0,1,14,15,779,212,33,16,1040,0,0,0,1040
02/08/2012,SFO,CA,AWP,WE,Towers with Radar,795,222,37,3,1057,0,2,0,3,5,795,224,37,6,1062,0,0,0,1062
02/09/2012,SFO,CA,AWP,WE,Towers with Radar,824,246,37,1,1108,0,3,5,11,19,824,249,42,12,1127,0,0,0,1127
02/10/2012,SFO,CA,AWP,WE,Towers with Radar,820,242,23,0,1085,0,1,0,6,7,820,243,23,6,1092,0,0,0,1092
02/11/2012,SFO,CA,AWP,WE,Towers with Radar,728,199,18,2,947,0,1,14,1,16,728,200,32,3,963,0,0,0,963
02/12/2012,SFO,CA,AWP,WE,Towers with Radar,803,234,23,1,1061,0,0,6,0,6,803,234,29,1,1067,0,0,0,1067
02/13/2012,SFO,CA,AWP,WE,Towers with Radar,821,237,42,2,1102,0,2,0,15,17,821,239,42,17,1119,0,0,0,1119
02/14/2012,SFO,CA,AWP,WE,Towers with Radar,770,250,31,1,1052,0,4,7,12,23,770,254,38,13,1075,0,0,0,1075
02/15/2012,SFO,CA,AWP,WE,Towers with Radar,810,265,39,2,1116,0,2,4,11,17,810,267,43,13,1133,0,0,0,1133
02/16/2012,SFO,CA,AWP,WE,Towers with Radar,840,243,17,1,1101,0,1,0,9,10,840,244,17,10,1111,0,0,0,1111
02/17/2012,SFO,CA,AWP,WE,Towers with Radar,822,275,39,4,1140,0,1,2,10,13,822,276,41,14,1153,0,0,0,1153
02/18/2012,SFO,CA,AWP,WE,Towers with Radar,749,243,17,2,1011,0,3,4,3,10,749,246,21,5,1021,0,0,0,1021
02/19/2012,SFO,CA,AWP,WE,Towers with Radar,797,249,13,1,1060,0,1,10,5,16,797,250,23,6,1076,0,0,0,1076
02/20/2012,SFO,CA,AWP,WE,Towers with Radar,840,270,24,0,1134,0,2,5,9,16,840,272,29,9,1150,0,0,0,1150
02/21/2012,SFO,CA,AWP,WE,Towers with Radar,805,262,32,2,1101,0,1,3,9,13,805,263,35,11,1114,0,0,0,1114
02/22/2012,SFO,CA,AWP,WE,Towers with Radar,804,282,25,0,1111,0,4,3,13,20,804,286,28,13,1131,0,0,0,1131
02/23/2012,SFO,CA,AWP,WE,Towers with Radar,830,271,39,1,1141,0,0,3,11,14,830,271,42,12,1155,0,0,0,1155
02/24/2012,SFO,CA,AWP,WE,Towers with Radar,841,264,26,3,1134,0,7,14,16,37,841,271,40,19,1171,0,0,0,1171
02/25/2012,SFO,CA,AWP,WE,Towers with Radar,730,231,25,0,986,0,3,8,5,16,730,234,33,5,1002,0,0,0,1002
02/26/2012,SFO,CA,AWP,WE,Towers with Radar,797,271,39,0,1107,0,0,7,4,11,797,271,46,4,1118,0,0,0,1118
02/27/2012,SFO,CA,AWP,WE,Towers with Radar,839,278,40,1,1158,0,2,4,12,18,839,280,44,13,1176,0,0,0,1176
02/28/2012,SFO,CA,AWP,WE,Towers with Radar,807,260,43,1,1111,0,1,4,17,22,807,261,47,18,1133,0,0,0,1133
02/29/2012,SFO,CA,AWP,WE,Towers with Radar,815,253,37,2,1107,0,2,6,1,9,815,255,43,3,1116,0,0,0,1116
03/01/2012,SFO,CA,AWP,WE,Towers with Radar,814,248,43,0,1105,0,4,0,7,11,814,252,43,7,1116,0,0,0,1116
03/02/2012,SFO,CA,AWP,WE,Towers with Radar,855,260,29,4,1148,0,4,1,9,14,855,264,30,13,1162,0,0,0,1162
03/03/2012,SFO,CA,AWP,WE,Towers with Radar,697,221,23,2,943,0,2,6,5,13,697,223,29,7,956,0,0,0,956
03/04/2012,SFO,CA,AWP,WE,Towers with Radar,807,248,34,2,1091,0,5,10,13,28,807,253,44,15,1119,0,0,0,1119
03/05/2012,SFO,CA,AWP,WE,Towers with Radar,789,230,32,1,1052,0,2,0,6,8,789,232,32,7,1060,0,0,0,1060
03/06/2012,SFO,CA,AWP,WE,Towers with Radar,836,286,37,1,1160,0,3,6,8,17,836,289,43,9,1177,0,0,0,1177
03/07/2012,SFO,CA,AWP,WE,Towers with Radar,836,278,44,0,1158,0,3,4,11,18,836,281,48,11,1176,0,0,0,1176
03/08/2012,SFO,CA,AWP,WE,Towers with Radar,839,285,50,0,1174,0,4,4,10,18,839,289,54,10,1192,0,0,0,1192
03/09/2012,SFO,CA,AWP,WE,Towers with Radar,859,285,26,1,1171,0,6,6,15,27,859,291,32,16,1198,0,0,0,1198
03/10/2012,SFO,CA,AWP,WE,Towers with Radar,739,225,17,0,981,0,1,11,5,17,739,226,28,5,998,0,0,0,998
03/11/2012,SFO,CA,AWP,WE,Towers with Radar,816,261,25,4,1106,0,1,6,9,16,816,262,31,13,1122,0,0,0,1122
03/12/2012,SFO,CA,AWP,WE,Towers with Radar,847,271,34,1,1153,0,1,2,12,15,847,272,36,13,1168,0,0,0,1168
03/13/2012,SFO,CA,AWP,WE,Towers with Radar,723,153,15,6,897,0,1,4,10,15,723,154,19,16,912,0,0,0,912
03/14/2012,SFO,CA,AWP,WE,Towers with Radar,803,162,13,0,978,0,1,3,5,9,803,163,16,5,987,0,0,0,987
03/15/2012,SFO,CA,AWP,WE,Towers with Radar,837,209,19,3,1068,0,0,4,10,14,837,209,23,13,1082,0,0,0,1082
03/16/2012,SFO,CA,AWP,WE,Towers with Radar,803,177,16,3,999,0,2,0,2,4,803,179,16,5,1003,0,0,0,1003
03/17/2012,SFO,CA,AWP,WE,Towers with Radar,796,194,12,4,1006,0,0,2,3,5,796,194,14,7,1011,0,0,0,1011
03/18/2012,SFO,CA,AWP,WE,Towers with Radar,824,264,32,3,1123,0,2,1,2,5,824,266,33,5,1128,0,0,0,1128
03/19/2012,SFO,CA,AWP,WE,Towers with Radar,851,267,28,0,1146,0,0,2,12,14,851,267,30,12,1160,0,0,0,1160
03/20/2012,SFO,CA,AWP,WE,Towers with Radar,841,263,46,1,1151,0,1,4,10,15,841,264,50,11,1166,0,0,0,1166
03/21/2012,SFO,CA,AWP,WE,Towers with Radar,850,271,38,0,1159,0,0,2,12,14,850,271,40,12,1173,0,0,0,1173
03/22/2012,SFO,CA,AWP,WE,Towers with Radar,862,268,47,2,1179,0,0,7,12,19,862,268,54,14,1198,0,0,0,1198
03/23/2012,SFO,CA,AWP,WE,Towers with Radar,858,292,42,0,1192,0,8,2,12,22,858,300,44,12,1214,0,0,0,1214
03/24/2012,SFO,CA,AWP,WE,Towers with Radar,726,200,7,3,936,0,1,0,3,4,726,201,7,6,940,0,0,0,940
03/25/2012,SFO,CA,AWP,WE,Towers with Radar,819,263,34,2,1118,0,3,6,4,13,819,266,40,6,1131,0,0,0,1131
03/26/2012,SFO,CA,AWP,WE,Towers with Radar,855,275,16,1,1147,0,0,1,10,11,855,275,17,11,1158,0,0,0,1158
03/27/2012,SFO,CA,AWP,WE,Towers with Radar,753,146,6,2,907,0,0,3,3,6,753,146,9,5,913,0,0,0,913
03/28/2012,SFO,CA,AWP,WE,Towers with Radar,864,258,35,3,1160,0,6,2,13,21,864,264,37,16,1181,0,0,0,1181
03/29/2012,SFO,CA,AWP,WE,Towers with Radar,861,268,35,4,1168,0,2,3,14,19,861,270,38,18,1187,0,0,0,1187
03/30/2012,SFO,CA,AWP,WE,Towers with Radar,856,280,33,2,1171,0,1,4,4,9,856,281,37,6,1180,0,0,0,1180
03/31/2012,SFO,CA,AWP,WE,Towers with Radar,729,160,7,3,899,0,1,5,3,9,729,161,12,6,908,0,0,0,908
04/01/2012,SFO,CA,AWP,WE,Towers with Radar,842,245,24,1,1112,0,0,8,8,16,842,245,32,9,1128,0,0,0,1128
04/02/2012,SFO,CA,AWP,WE,Towers with Radar,882,252,34,3,1171,0,1,5,9,15,882,253,39,12,1186,0,0,0,1186
04/03/2012,SFO,CA,AWP,WE,Towers with Radar,849,236,24,1,1110,0,0,3,6,9,849,236,27,7,1119,0,0,0,1119
04/04/2012,SFO,CA,AWP,WE,Towers with Radar,880,261,32,0,1173,0,5,7,14,26,880,266,39,14,1199,0,0,0,1199
04/05/2012,SFO,CA,AWP,WE,Towers with Radar,881,263,36,3,1183,0,4,7,7,18,881,267,43,10,1201,0,0,0,1201
04/06/2012,SFO,CA,AWP,WE,Towers with Radar,880,269,15,3,1167,0,2,9,7,18,880,271,24,10,1185,0,0,0,1185
04/07/2012,SFO,CA,AWP,WE,Towers with Radar,780,194,14,1,989,0,3,6,11,20,780,197,20,12,1009,0,0,0,1009
04/08/2012,SFO,CA,AWP,WE,Towers with Radar,829,235,29,0,1093,0,0,0,7,7,829,235,29,7,1100,0,0,0,1100
04/09/2012,SFO,CA,AWP,WE,Towers with Radar,890,252,35,1,1178,0,0,3,8,11,890,252,38,9,1189,0,0,0,1189
04/10/2012,SFO,CA,AWP,WE,Towers with Radar,817,171,18,1,1007,0,2,1,6,9,817,173,19,7,1016,0,0,0,1016
04/11/2012,SFO,CA,AWP,WE,Towers with Radar,908,211,35,3,1157,1,1,0,9,11,909,212,35,12,1168,0,0,0,1168
04/12/2012,SFO,CA,AWP,WE,Towers with Radar,817,189,31,1,1038,0,4,3,3,10,817,193,34,4,1048,0,0,0,1048
04/13/2012,SFO,CA,AWP,WE,Towers with Radar,963,256,17,1,1237,0,0,3,4,7,963,256,20,5,1244,0,0,0,1244
04/14/2012,SFO,CA,AWP,WE,Towers with Radar,783,208,17,1,1009,0,4,13,10,27,783,212,30,11,1036,0,0,0,1036
04/15/2012,SFO,CA,AWP,WE,Towers with Radar,855,235,28,1,1119,1,0,15,6,22,856,235,43,7,1141,0,0,0,1141
04/16/2012,SFO,CA,AWP,WE,Towers with Radar,898,267,30,2,1197,0,1,3,14,18,898,268,33,16,1215,0,0,0,1215
04/17/2012,SFO,CA,AWP,WE,Towers with Radar,857,238,39,0,1134,0,1,4,13,18,857,239,43,13,1152,0,0,0,1152
04/18/2012,SFO,CA,AWP,WE,Towers with Radar,893,239,28,3,1163,0,1,3,6,10,893,240,31,9,1173,0,0,0,1173
04/19/2012,SFO,CA,AWP,WE,Towers with Radar,918,255,55,1,1229,0,1,3,11,15,918,256,58,12,1244,0,0,0,1244
04/20/2012,SFO,CA,AWP,WE,Towers with Radar,909,264,41,3,1217,0,0,10,11,21,909,264,51,14,1238,0,0,0,1238
04/21/2012,SFO,CA,AWP,WE,Towers with Radar,790,215,24,0,1029,0,0,14,4,18,790,215,38,4,1047,0,0,0,1047
04/22/2012,SFO,CA,AWP,WE,Towers with Radar,867,242,26,1,1136,0,5,10,6,21,867,247,36,7,1157,0,0,0,1157
04/23/2012,SFO,CA,AWP,WE,Towers with Radar,871,230,28,1,1130,0,3,1,9,13,871,233,29,10,1143,0,0,0,1143
04/24/2012,SFO,CA,AWP,WE,Towers with Radar,899,253,33,2,1187,0,1,5,15,21,899,254,38,17,1208,0,0,0,1208
04/25/2012,SFO,CA,AWP,WE,Towers with Radar,877,251,28,2,1158,0,3,2,6,11,877,254,30,8,1169,0,0,0,1169
04/26/2012,SFO,CA,AWP,WE,Towers with Radar,888,254,50,0,1192,0,1,5,12,18,888,255,55,12,1210,0,0,0,1210
04/27/2012,SFO,CA,AWP,WE,Towers with Radar,896,270,36,1,1203,0,6,5,13,24,896,276,41,14,1227,0,0,0,1227
04/28/2012,SFO,CA,AWP,WE,Towers with Radar,799,204,21,0,1024,0,6,10,5,21,799,210,31,5,1045,0,0,0,1045
04/29/2012,SFO,CA,AWP,WE,Towers with Radar,868,239,15,1,1123,0,2,10,1,13,868,241,25,2,1136,0,0,0,1136
04/30/2012,SFO,CA,AWP,WE,Towers with Radar,893,253,34,0,1180,0,0,4,10,14,893,253,38,10,1194,0,0,0,1194
05/01/2012,SFO,CA,AWP,WE,Towers with Radar,877,238,31,1,1147,0,2,0,12,14,877,240,31,13,1161,0,0,0,1161
05/02/2012,SFO,CA,AWP,WE,Towers with Radar,909,242,39,1,1191,0,6,3,11,20,909,248,42,12,1211,0,0,0,1211
05/03/2012,SFO,CA,AWP,WE,Towers with Radar,861,219,29,1,1110,0,2,6,10,18,861,221,35,11,1128,0,0,0,1128
05/04/2012,SFO,CA,AWP,WE,Towers with Radar,947,267,46,2,1262,0,1,6,10,17,947,268,52,12,1279,0,0,0,1279
05/05/2012,SFO,CA,AWP,WE,Towers with Radar,788,204,15,2,1009,0,2,8,4,14,788,206,23,6,1023,0,0,0,1023
05/06/2012,SFO,CA,AWP,WE,Towers with Radar,851,250,39,1,1141,0,3,5,5,13,851,253,44,6,1154,0,0,0,1154
05/07/2012,SFO,CA,AWP,WE,Towers with Radar,915,263,39,0,1217,0,1,4,11,16,915,264,43,11,1233,0,0,0,1233
05/08/2012,SFO,CA,AWP,WE,Towers with Radar,885,237,31,0,1153,0,1,4,3,8,885,238,35,3,1161,0,0,0,1161
05/09/2012,SFO,CA,AWP,WE,Towers with Radar,901,246,55,5,1207,0,5,5,12,22,901,251,60,17,1229,0,0,0,1229
05/10/2012,SFO,CA,AWP,WE,Towers with Radar,918,264,37,0,1219,0,0,7,16,23,918,264,44,16,1242,0,0,0,1242
05/11/2012,SFO,CA,AWP,WE,Towers with Radar,925,254,42,1,1222,0,1,3,10,14,925,255,45,11,1236,0,0,0,1236
05/12/2012,SFO,CA,AWP,WE,Towers with Radar,793,208,13,0,1014,0,4,9,6,19,793,212,22,6,1033,0,0,0,1033
05/13/2012,SFO,CA,AWP,WE,Towers with Radar,875,248,25,1,1149,0,1,4,0,5,875,249,29,1,1154,0,0,0,1154
05/14/2012,SFO,CA,AWP,WE,Towers with Radar,905,264,52,1,1222,1,2,5,10,18,906,266,57,11,1240,0,0,0,1240
05/15/2012,SFO,CA,AWP,WE,Towers with Radar,890,245,39,1,1175,0,2,4,8,14,890,247,43,9,1189,0,0,0,1189
05/16/2012,SFO,CA,AWP,WE,Towers with Radar,895,228,33,0,1156,0,1,2,7,10,895,229,35,7,1166,0,0,0,1166
05/17/2012,SFO,CA,AWP,WE,Towers with Radar,907,226,49,2,1184,0,0,4,8,12,907,226,53,10,1196,0,0,0,1196
05/18/2012,SFO,CA,AWP,WE,Towers with Radar,955,263,40,0,1258,1,2,4,1,8,956,265,44,1,1266,0,0,0,1266
05/19/2012,SFO,CA,AWP,WE,Towers with Radar,792,212,14,1,1019,0,1,6,4,11,792,213,20,5,1030,0,0,0,1030
05/20/2012,SFO,CA,AWP,WE,Towers with Radar,875,249,32,0,1156,0,6,5,7,18,875,255,37,7,1174,0,0,0,1174
05/21/2012,SFO,CA,AWP,WE,Towers with Radar,901,224,33,0,1158,0,0,4,4,8,901,224,37,4,1166,0,0,0,1166
05/22/2012,SFO,CA,AWP,WE,Towers with Radar,919,267,47,1,1234,0,2,5,9,16,919,269,52,10,1250,0,0,0,1250
05/23/2012,SFO,CA,AWP,WE,Towers with Radar,906,242,29,3,1180,0,2,9,3,14,906,244,38,6,1194,0,0,0,1194
05/24/2012,SFO,CA,AWP,WE,Towers with Radar,922,256,42,2,1222,0,6,6,9,21,922,262,48,11,1243,0,0,0,1243
05/25/2012,SFO,CA,AWP,WE,Towers with Radar,944,261,26,6,1237,0,1,10,11,22,944,262,36,17,1259,0,0,0,1259
05/26/2012,SFO,CA,AWP,WE,Towers with Radar,778,198,7,1,984,0,3,11,5,19,778,201,18,6,1003,0,0,0,1003
05/27/2012,SFO,CA,AWP,WE,Towers with Radar,757,178,9,0,944,0,2,9,8,19,757,180,18,8,963,0,0,0,963
05/28/2012,SFO,CA,AWP,WE,Towers with Radar,886,242,23,3,1154,0,5,5,3,13,886,247,28,6,1167,0,0,0,1167
05/29/2012,SFO,CA,AWP,WE,Towers with Radar,877,231,34,2,1144,0,3,0,7,10,877,234,34,9,1154,0,0,0,1154
05/30/2012,SFO,CA,AWP,WE,Towers with Radar,919,262,33,0,1214,0,0,4,6,10,919,262,37,6,1224,0,0,0,1224
05/31/2012,SFO,CA,AWP,WE,Towers with Radar,916,261,35,0,1212,0,3,7,8,18,916,264,42,8,1230,0,0,0,1230
06/01/2012,SFO,CA,AWP,WE,Towers with Radar,929,252,34,3,1218,0,3,10,11,24,929,255,44,14,1242,0,0,0,1242
06/02/2012,SFO,CA,AWP,WE,Towers with Radar,765,174,15,1,955,0,3,8,5,16,765,177,23,6,971,0,0,0,971
06/03/2012,SFO,CA,AWP,WE,Towers with Radar,862,204,20,4,1090,0,2,6,4,12,862,206,26,8,1102,0,0,0,1102
06/04/2012,SFO,CA,AWP,WE,Towers with Radar,875,180,13,1,1069,0,0,4,10,14,875,180,17,11,1083,0,0,0,1083
06/05/2012,SFO,CA,AWP,WE,Towers with Radar,947,269,25,3,1244,1,1,6,5,13,948,270,31,8,1257,0,0,0,1257
06/06/2012,SFO,CA,AWP,WE,Towers with Radar,905,247,30,5,1187,0,0,11,16,27,905,247,41,21,1214,0,0,0,1214
06/07/2012,SFO,CA,AWP,WE,Towers with Radar,955,264,30,5,1254,0,8,8,8,24,955,272,38,13,1278,0,0,0,1278
06/08/2012,SFO,CA,AWP,WE,Towers with Radar,992,273,30,0,1295,0,6,4,11,21,992,279,34,11,1316,0,0,0,1316
06/09/2012,SFO,CA,AWP,WE,Towers with Radar,893,225,29,0,1147,1,2,17,4,24,894,227,46,4,1171,0,0,0,1171
06/10/2012,SFO,CA,AWP,WE,Towers with Radar,939,268,34,1,1242,0,1,6,2,9,939,269,40,3,1251,0,0,0,1251
06/11/2012,SFO,CA,AWP,WE,Towers with Radar,963,258,43,1,1265,0,5,3,6,14,963,263,46,7,1279,0,0,0,1279
06/12/2012,SFO,CA,AWP,WE,Towers with Radar,946,268,35,2,1251,0,2,9,4,15,946,270,44,6,1266,0,0,0,1266
06/13/2012,SFO,CA,AWP,WE,Towers with Radar,977,271,31,4,1283,0,1,9,4,14,977,272,40,8,1297,0,0,0,1297
06/14/2012,SFO,CA,AWP,WE,Towers with Radar,963,280,55,0,1298,0,2,16,8,26,963,282,71,8,1324,0,0,0,1324
06/15/2012,SFO,CA,AWP,WE,Towers with Radar,993,280,67,0,1340,0,4,9,7,20,993,284,76,7,1360,0,0,0,1360
06/16/2012,SFO,CA,AWP,WE,Towers with Radar,896,219,28,0,1143,0,0,19,4,23,896,219,47,4,1166,0,0,0,1166
06/17/2012,SFO,CA,AWP,WE,Towers with Radar,946,287,30,2,1265,0,2,13,3,18,946,289,43,5,1283,0,0,0,1283
06/18/2012,SFO,CA,AWP,WE,Towers with Radar,968,247,32,1,1248,0,1,3,16,20,968,248,35,17,1268,0,0,0,1268
06/19/2012,SFO,CA,AWP,WE,Towers with Radar,962,256,26,2,1246,0,0,6,11,17,962,256,32,13,1263,0,0,0,1263
06/20/2012,SFO,CA,AWP,WE,Towers with Radar,965,262,26,3,1256,0,3,10,10,23,965,265,36,13,1279,0,0,0,1279
06/21/2012,SFO,CA,AWP,WE,Towers with Radar,871,185,24,1,1081,0,5,3,11,19,871,190,27,12,1100,0,0,0,1100
06/22/2012,SFO,CA,AWP,WE,Towers with Radar,954,196,29,2,1181,0,2,9,5,16,954,198,38,7,1197,0,0,0,1197
06/23/2012,SFO,CA,AWP,WE,Towers with Radar,952,208,20,0,1180,0,3,11,5,19,952,211,31,5,1199,0,0,0,1199
06/24/2012,SFO,CA,AWP,WE,Towers with Radar,969,236,27,0,1232,0,0,6,4,10,969,236,33,4,1242,0,0,0,1242
06/25/2012,SFO,CA,AWP,WE,Towers with Radar,963,251,32,0,1246,0,1,10,7,18,963,252,42,7,1264,0,0,0,1264
06/26/2012,SFO,CA,AWP,WE,Towers with Radar,983,248,36,2,1269,0,1,8,6,15,983,249,44,8,1284,0,0,0,1284
06/27/2012,SFO,CA,AWP,WE,Towers with Radar,958,265,36,0,1259,0,4,5,10,19,958,269,41,10,1278,0,0,0,1278
06/28/2012,SFO,CA,AWP,WE,Towers with Radar,957,255,41,3,1256,0,4,5,8,17,957,259,46,11,1273,0,0,0,1273
06/29/2012,SFO,CA,AWP,WE,Towers with Radar,979,260,39,1,1279,0,3,7,3,13,979,263,46,4,1292,0,0,0,1292
06/30/2012,SFO,CA,AWP,WE,Towers with Radar,900,216,9,0,1125,0,4,9,4,17,900,220,18,4,1142,0,0,0,1142
07/01/2012,SFO,CA,AWP,WE,Towers with Radar,861,192,8,0,1061,0,0,4,2,6,861,192,12,2,1067,0,0,0,1067
07/02/2012,SFO,CA,AWP,WE,Towers with Radar,1032,257,13,2,1304,0,1,4,6,11,1032,258,17,8,1315,0,0,0,1315
07/03/2012,SFO,CA,AWP,WE,Towers with Radar,919,251,17,0,1187,0,2,11,5,18,919,253,28,5,1205,0,0,0,1205
07/04/2012,SFO,CA,AWP,WE,Towers with Radar,853,211,11,3,1078,0,4,5,5,14,853,215,16,8,1092,0,0,0,1092
07/05/2012,SFO,CA,AWP,WE,Towers with Radar,908,237,15,1,1161,0,4,17,9,30,908,241,32,10,1191,0,0,0,1191
07/06/2012,SFO,CA,AWP,WE,Towers with Radar,942,247,13,1,1203,0,6,6,3,15,942,253,19,4,1218,0,0,0,1218
07/07/2012,SFO,CA,AWP,WE,Towers with Radar,858,220,15,0,1093,0,0,6,2,8,858,220,21,2,1101,0,0,0,1101
07/08/2012,SFO,CA,AWP,WE,Towers with Radar,924,259,16,0,1199,0,3,3,3,9,924,262,19,3,1208,0,0,0,1208
07/09/2012,SFO,CA,AWP,WE,Towers with Radar,1001,274,33,1,1309,0,3,6,5,14,1001,277,39,6,1323,0,0,0,1323
07/10/2012,SFO,CA,AWP,WE,Towers with Radar,982,267,33,1,1283,0,7,8,7,22,982,274,41,8,1305,0,0,0,1305
07/11/2012,SFO,CA,AWP,WE,Towers with Radar,968,281,34,1,1284,0,1,3,5,9,968,282,37,6,1293,0,0,0,1293
07/12/2012,SFO,CA,AWP,WE,Towers with Radar,976,278,42,1,1297,0,2,6,10,18,976,280,48,11,1315,0,0,0,1315
07/13/2012,SFO,CA,AWP,WE,Towers with Radar,924,243,31,2,1200,0,3,4,8,15,924,246,35,10,1215,0,0,0,1215
07/14/2012,SFO,CA,AWP,WE,Towers with Radar,923,247,20,1,1191,0,4,5,3,12,923,251,25,4,1203,0,0,0,1203
07/15/2012,SFO,CA,AWP,WE,Towers with Radar,924,267,30,2,1223,0,7,7,3,17,924,274,37,5,1240,0,0,0,1240
07/16/2012,SFO,CA,AWP,WE,Towers with Radar,924,230,33,0,1187,0,0,7,10,17,924,230,40,10,1204,0,0,0,1204
07/17/2012,SFO,CA,AWP,WE,Towers with Radar,983,239,31,2,1255,0,2,4,9,15,983,241,35,11,1270,0,0,0,1270
07/18/2012,SFO,CA,AWP,WE,Towers with Radar,938,263,48,0,1249,0,7,10,10,27,938,270,58,10,1276,0,0,0,1276
07/19/2012,SFO,CA,AWP,WE,Towers with Radar,959,242,38,2,1241,0,3,8,9,20,959,245,46,11,1261,0,0,0,1261
07/20/2012,SFO,CA,AWP,WE,Towers with Radar,1028,271,22,2,1323,0,2,7,7,16,1028,273,29,9,1339,0,0,0,1339
07/21/2012,SFO,CA,AWP,WE,Towers with Radar,900,228,16,3,1147,0,0,10,7,17,900,228,26,10,1164,0,0,0,1164
07/22/2012,SFO,CA,AWP,WE,Towers with Radar,943,263,24,3,1233,0,3,6,4,13,943,266,30,7,1246,0,0,0,1246
07/23/2012,SFO,CA,AWP,WE,Towers with Radar,985,253,17,3,1258,0,8,7,3,18,985,261,24,6,1276,0,0,0,1276
07/24/2012,SFO,CA,AWP,WE,Towers with Radar,943,267,28,4,1242,0,3,9,10,22,943,270,37,14,1264,0,0,0,1264
07/25/2012,SFO,CA,AWP,WE,Towers with Radar,975,271,20,3,1269,0,0,4,10,14,975,271,24,13,1283,0,0,0,1283
07/26/2012,SFO,CA,AWP,WE,Towers with Radar,971,273,29,0,1273,0,0,4,11,15,971,273,33,11,1288,0,0,0,1288
07/27/2012,SFO,CA,AWP,WE,Towers with Radar,998,265,26,1,1290,0,0,6,11,17,998,265,32,12,1307,0,0,0,1307
07/28/2012,SFO,CA,AWP,WE,Towers with Radar,888,235,12,1,1136,0,0,4,1,5,888,235,16,2,1141,0,0,0,1141
07/29/2012,SFO,CA,AWP,WE,Towers with Radar,960,256,23,2,1241,0,1,9,3,13,960,257,32,5,1254,0,0,0,1254
07/30/2012,SFO,CA,AWP,WE,Towers with Radar,979,267,30,2,1278,0,2,6,9,17,979,269,36,11,1295,0,0,0,1295
07/31/2012,SFO,CA,AWP,WE,Towers with Radar,964,269,21,2,1256,0,2,9,5,16,964,271,30,7,1272,0,0,0,1272
08/01/2012,SFO,CA,AWP,WE,Towers with Radar,993,285,23,5,1306,0,1,7,12,20,993,286,30,17,1326,0,0,0,1326
08/02/2012,SFO,CA,AWP,WE,Towers with Radar,978,273,38,2,1291,0,4,6,10,20,978,277,44,12,1311,0,0,0,1311
08/03/2012,SFO,CA,AWP,WE,Towers with Radar,1007,264,23,3,1297,0,6,9,6,21,1007,270,32,9,1318,0,0,0,1318
08/04/2012,SFO,CA,AWP,WE,Towers with Radar,866,227,22,1,1116,0,3,11,8,22,866,230,33,9,1138,0,0,0,1138
08/05/2012,SFO,CA,AWP,WE,Towers with Radar,929,239,19,4,1191,1,3,8,0,12,930,242,27,4,1203,0,0,0,1203
08/06/2012,SFO,CA,AWP,WE,Towers with Radar,1020,260,25,3,1308,0,3,3,5,11,1020,263,28,8,1319,0,0,0,1319
08/07/2012,SFO,CA,AWP,WE,Towers with Radar,992,256,38,2,1288,0,5,7,11,23,992,261,45,13,1311,0,0,0,1311
08/08/2012,SFO,CA,AWP,WE,Towers with Radar,989,260,37,1,1287,0,1,10,7,18,989,261,47,8,1305,0,0,0,1305
08/09/2012,SFO,CA,AWP,WE,Towers with Radar,963,274,44,0,1281,0,6,9,7,22,963,280,53,7,1303,0,0,0,1303
08/10/2012,SFO,CA,AWP,WE,Towers with Radar,990,274,38,0,1302,0,3,9,13,25,990,277,47,13,1327,0,0,0,1327
08/11/2012,SFO,CA,AWP,WE,Towers with Radar,886,207,18,0,1111,0,5,6,5,16,886,212,24,5,1127,0,0,0,1127
08/12/2012,SFO,CA,AWP,WE,Towers with Radar,899,207,27,0,1133,0,0,2,3,5,899,207,29,3,1138,0,0,0,1138
08/13/2012,SFO,CA,AWP,WE,Towers with Radar,1035,285,25,4,1349,0,4,8,8,20,1035,289,33,12,1369,0,0,0,1369
08/14/2012,SFO,CA,AWP,WE,Towers with Radar,959,284,32,3,1278,0,3,11,11,25,959,287,43,14,1303,0,0,0,1303
08/15/2012,SFO,CA,AWP,WE,Towers with Radar,963,274,46,0,1283,0,2,3,11,16,963,276,49,11,1299,0,0,0,1299
08/16/2012,SFO,CA,AWP,WE,Towers with Radar,983,261,43,1,1288,0,0,4,1,5,983,261,47,2,1293,0,0,0,1293
08/17/2012,SFO,CA,AWP,WE,Towers with Radar,992,270,34,2,1298,0,0,2,7,9,992,270,36,9,1307,0,0,0,1307
08/18/2012,SFO,CA,AWP,WE,Towers with Radar,865,229,21,2,1117,0,1,4,8,13,865,230,25,10,1130,0,0,0,1130
08/19/2012,SFO,CA,AWP,WE,Towers with Radar,944,270,35,0,1249,0,0,4,2,6,944,270,39,2,1255,0,0,0,1255
08/20/2012,SFO,CA,AWP,WE,Towers with Radar,974,248,48,2,1272,0,0,11,5,16,974,248,59,7,1288,0,0,0,1288
08/21/2012,SFO,CA,AWP,WE,Towers with Radar,937,262,35,0,1234,0,3,9,11,23,937,265,44,11,1257,0,0,0,1257
08/22/2012,SFO,CA,AWP,WE,Towers with Radar,964,261,25,4,1254,0,6,10,7,23,964,267,35,11,1277,0,0,0,1277
08/23/2012,SFO,CA,AWP,WE,Towers with Radar,976,253,30,4,1263,0,3,25,11,39,976,256,55,15,1302,0,0,0,1302
08/24/2012,SFO,CA,AWP,WE,Towers with Radar,980,279,25,2,1286,0,5,9,9,23,980,284,34,11,1309,0,0,0,1309
08/25/2012,SFO,CA,AWP,WE,Towers with Radar,843,230,17,2,1092,0,5,16,9,30,843,235,33,11,1122,0,0,0,1122
08/26/2012,SFO,CA,AWP,WE,Towers with Radar,925,246,40,1,1212,0,4,10,9,23,925,250,50,10,1235,0,0,0,1235
08/27/2012,SFO,CA,AWP,WE,Towers with Radar,971,260,24,1,1256,0,2,0,11,13,971,262,24,12,1269,0,0,0,1269
08/28/2012,SFO,CA,AWP,WE,Towers with Radar,904,256,28,3,1191,0,3,8,7,18,904,259,36,10,1209,0,0,0,1209
08/29/2012,SFO,CA,AWP,WE,Towers with Radar,940,260,41,1,1242,0,6,4,15,25,940,266,45,16,1267,0,0,0,1267
08/30/2012,SFO,CA,AWP,WE,Towers with Radar,945,269,44,1,1259,0,4,6,6,16,945,273,50,7,1275,0,0,0,1275
08/31/2012,SFO,CA,AWP,WE,Towers with Radar,867,193,20,2,1082,0,3,0,11,14,867,196,20,13,1096,0,0,0,1096
09/01/2012,SFO,CA,AWP,WE,Towers with Radar,846,190,7,1,1044,0,0,6,4,10,846,190,13,5,1054,0,0,0,1054
09/02/2012,SFO,CA,AWP,WE,Towers with Radar,771,183,14,1,969,0,5,10,2,17,771,188,24,3,986,0,0,0,986
09/03/2012,SFO,CA,AWP,WE,Towers with Radar,927,242,23,1,1193,0,1,11,1,13,927,243,34,2,1206,0,0,0,1206
09/04/2012,SFO,CA,AWP,WE,Towers with Radar,919,257,37,2,1215,0,3,6,8,17,919,260,43,10,1232,0,0,0,1232
09/05/2012,SFO,CA,AWP,WE,Towers with Radar,927,255,40,0,1222,0,1,3,6,10,927,256,43,6,1232,0,0,0,1232
09/06/2012,SFO,CA,AWP,WE,Towers with Radar,945,250,41,0,1236,0,1,6,7,14,945,251,47,7,1250,0,0,0,1250
09/07/2012,SFO,CA,AWP,WE,Towers with Radar,969,251,35,3,1258,0,1,3,6,10,969,252,38,9,1268,0,0,0,1268
09/08/2012,SFO,CA,AWP,WE,Towers with Radar,782,213,20,3,1018,0,0,6,1,7,782,213,26,4,1025,0,0,0,1025
09/09/2012,SFO,CA,AWP,WE,Towers with Radar,923,249,37,1,1210,0,5,10,4,19,923,254,47,5,1229,0,0,0,1229
09/10/2012,SFO,CA,AWP,WE,Towers with Radar,934,256,51,1,1242,0,3,15,5,23,934,259,66,6,1265,0,0,0,1265
09/11/2012,SFO,CA,AWP,WE,Towers with Radar,898,257,42,2,1199,0,3,8,11,22,898,260,50,13,1221,0,0,0,1221
09/12/2012,SFO,CA,AWP,WE,Towers with Radar,919,260,47,1,1227,0,3,4,12,19,919,263,51,13,1246,0,0,0,1246
09/13/2012,SFO,CA,AWP,WE,Towers with Radar,953,250,42,3,1248,0,3,13,7,23,953,253,55,10,1271,0,0,0,1271
09/14/2012,SFO,CA,AWP,WE,Towers with Radar,965,262,33,2,1262,0,2,9,12,23,965,264,42,14,1285,0,0,0,1285
09/15/2012,SFO,CA,AWP,WE,Towers with Radar,786,201,20,1,1008,0,1,10,11,22,786,202,30,12,1030,0,0,0,1030
09/16/2012,SFO,CA,AWP,WE,Towers with Radar,867,188,23,3,1081,0,5,5,7,17,867,193,28,10,1098,0,0,0,1098
09/17/2012,SFO,CA,AWP,WE,Towers with Radar,943,247,28,1,1219,0,2,2,14,18,943,249,30,15,1237,0,0,0,1237
09/18/2012,SFO,CA,AWP,WE,Towers with Radar,901,243,34,3,1181,0,4,3,16,23,901,247,37,19,1204,0,0,0,1204
09/19/2012,SFO,CA,AWP,WE,Towers with Radar,927,246,31,3,1207,0,7,4,7,18,927,253,35,10,1225,0,0,0,1225
09/20/2012,SFO,CA,AWP,WE,Towers with Radar,938,257,44,2,1241,0,5,6,5,16,938,262,50,7,1257,0,0,0,1257
09/21/2012,SFO,CA,AWP,WE,Towers with Radar,959,259,36,0,1254,0,3,13,6,22,959,262,49,6,1276,0,0,0,1276
09/22/2012,SFO,CA,AWP,WE,Towers with Radar,778,217,13,2,1010,0,2,15,2,19,778,219,28,4,1029,0,0,0,1029
09/23/2012,SFO,CA,AWP,WE,Towers with Radar,889,218,28,1,1136,0,3,7,3,13,889,221,35,4,1149,0,0,0,1149
09/24/2012,SFO,CA,AWP,WE,Towers with Radar,951,245,36,4,1236,0,1,3,4,8,951,246,39,8,1244,0,0,0,1244
09/25/2012,SFO,CA,AWP,WE,Towers with Radar,896,245,34,1,1176,0,0,0,5,5,896,245,34,6,1181,0,0,0,1181
09/26/2012,SFO,CA,AWP,WE,Towers with Radar,919,246,36,4,1205,0,1,7,6,14,919,247,43,10,1219,0,0,0,1219
09/27/2012,SFO,CA,AWP,WE,Towers with Radar,931,239,30,3,1203,0,3,8,6,17,931,242,38,9,1220,0,0,0,1220
09/28/2012,SFO,CA,AWP,WE,Towers with Radar,948,247,31,0,1226,0,5,6,9,20,948,252,37,9,1246,0,0,0,1246
09/29/2012,SFO,CA,AWP,WE,Towers with Radar,785,191,15,3,994,0,4,3,4,11,785,195,18,7,1005,0,0,0,1005
09/30/2012,SFO,CA,AWP,WE,Towers with Radar,883,230,11,0,1124,0,3,11,7,21,883,233,22,7,1145,0,0,0,1145
10/01/2012,SFO,CA,AWP,WE,Towers with Radar,963,254,40,5,1262,0,4,6,8,18,963,258,46,13,1280,0,0,0,1280
10/02/2012,SFO,CA,AWP,WE,Towers with Radar,884,257,47,2,1190,0,0,12,11,23,884,257,59,13,1213,0,0,0,1213
10/03/2012,SFO,CA,AWP,WE,Towers with Radar,902,282,54,14,1252,0,2,9,12,23,902,284,63,26,1275,0,0,0,1275
10/04/2012,SFO,CA,AWP,WE,Towers with Radar,933,272,44,5,1254,0,5,8,25,38,933,277,52,30,1292,0,0,0,1292
10/05/2012,SFO,CA,AWP,WE,Towers with Radar,930,262,29,9,1230,0,2,9,16,27,930,264,38,25,1257,0,0,0,1257
10/06/2012,SFO,CA,AWP,WE,Towers with Radar,795,209,23,3,1030,0,5,26,17,48,795,214,49,20,1078,0,0,0,1078
10/07/2012,SFO,CA,AWP,WE,Towers with Radar,898,252,38,5,1193,0,7,28,21,56,898,259,66,26,1249,0,0,0,1249
10/08/2012,SFO,CA,AWP,WE,Towers with Radar,933,276,42,4,1255,0,2,5,3,10,933,278,47,7,1265,0,0,0,1265
10/09/2012,SFO,CA,AWP,WE,Towers with Radar,875,255,38,10,1178,0,8,6,12,26,875,263,44,22,1204,0,0,0,1204
10/10/2012,SFO,CA,AWP,WE,Towers with Radar,898,275,39,3,1215,0,4,5,16,25,898,279,44,19,1240,0,0,0,1240
10/11/2012,SFO,CA,AWP,WE,Towers with Radar,864,223,39,1,1127,0,0,4,4,8,864,223,43,5,1135,0,0,0,1135
10/12/2012,SFO,CA,AWP,WE,Towers with Radar,972,252,36,0,1260,0,1,4,9,14,972,253,40,9,1274,0,0,0,1274
10/13/2012,SFO,CA,AWP,WE,Towers with Radar,797,219,13,2,1031,0,4,8,6,18,797,223,21,8,1049,0,0,0,1049
10/14/2012,SFO,CA,AWP,WE,Towers with Radar,881,234,40,0,1155,0,2,6,6,14,881,236,46,6,1169,0,0,0,1169
10/15/2012,SFO,CA,AWP,WE,Towers with Radar,923,255,31,1,1210,0,0,5,5,10,923,255,36,6,1220,0,0,0,1220
10/16/2012,SFO,CA,AWP,WE,Towers with Radar,871,242,44,0,1157,0,4,10,10,24,871,246,54,10,1181,0,0,0,1181
10/17/2012,SFO,CA,AWP,WE,Towers with Radar,896,266,50,1,1213,0,4,8,10,22,896,270,58,11,1235,0,0,0,1235
10/18/2012,SFO,CA,AWP,WE,Towers with Radar,944,259,67,0,1270,0,6,22,9,37,944,265,89,9,1307,0,0,0,1307
10/19/2012,SFO,CA,AWP,WE,Towers with Radar,896,238,29,6,1169,0,6,5,6,17,896,244,34,12,1186,0,0,0,1186
10/20/2012,SFO,CA,AWP,WE,Towers with Radar,811,216,16,3,1046,0,3,7,3,13,811,219,23,6,1059,0,0,0,1059
10/21/2012,SFO,CA,AWP,WE,Towers with Radar,880,243,30,1,1154,1,6,2,3,12,881,249,32,4,1166,0,0,0,1166
10/22/2012,SFO,CA,AWP,WE,Towers with Radar,895,234,28,1,1158,0,3,10,5,18,895,237,38,6,1176,0,0,0,1176
10/23/2012,SFO,CA,AWP,WE,Towers with Radar,882,259,51,1,1193,0,3,2,20,25,882,262,53,21,1218,0,0,0,1218
10/24/2012,SFO,CA,AWP,WE,Towers with Radar,878,262,60,0,1200,0,2,3,15,20,878,264,63,15,1220,0,0,0,1220
10/25/2012,SFO,CA,AWP,WE,Towers with Radar,917,256,43,4,1220,1,2,7,7,17,918,258,50,11,1237,0,0,0,1237
10/26/2012,SFO,CA,AWP,WE,Towers with Radar,955,284,40,3,1282,0,2,12,14,28,955,286,52,17,1310,0,0,0,1310
10/27/2012,SFO,CA,AWP,WE,Towers with Radar,780,220,21,2,1023,0,1,4,4,9,780,221,25,6,1032,0,0,0,1032
10/28/2012,SFO,CA,AWP,WE,Towers with Radar,828,262,32,4,1126,0,5,4,0,9,828,267,36,4,1135,0,0,0,1135
10/29/2012,SFO,CA,AWP,WE,Towers with Radar,736,237,40,1,1014,0,0,33,8,41,736,237,73,9,1055,0,0,0,1055
10/30/2012,SFO,CA,AWP,WE,Towers with Radar,708,236,44,2,990,0,1,1,7,9,708,237,45,9,999,0,0,0,999
10/31/2012,SFO,CA,AWP,WE,Towers with Radar,763,227,24,4,1018,0,1,4,11,16,763,228,28,15,1034,0,0,0,1034
11/01/2012,SFO,CA,AWP,WE,Towers with Radar,900,245,32,9,1186,0,2,2,8,12,900,247,34,17,1198,0,0,0,1198
11/02/2012,SFO,CA,AWP,WE,Towers with Radar,910,262,35,0,1207,0,5,5,8,18,910,267,40,8,1225,0,0,0,1225
11/03/2012,SFO,CA,AWP,WE,Towers with Radar,763,211,21,1,996,0,5,6,3,14,763,216,27,4,1010,0,0,0,1010
11/04/2012,SFO,CA,AWP,WE,Towers with Radar,841,232,37,1,1111,0,0,6,2,8,841,232,43,3,1119,0,0,0,1119
11/05/2012,SFO,CA,AWP,WE,Towers with Radar,887,241,32,0,1160,0,0,4,8,12,887,241,36,8,1172,0,0,0,1172
11/06/2012,SFO,CA,AWP,WE,Towers with Radar,800,247,40,0,1087,0,3,4,15,22,800,250,44,15,1109,0,0,0,1109
11/07/2012,SFO,CA,AWP,WE,Towers with Radar,813,216,36,1,1066,0,0,5,16,21,813,216,41,17,1087,0,0,0,1087
11/08/2012,SFO,CA,AWP,WE,Towers with Radar,881,257,49,2,1189,0,5,0,13,18,881,262,49,15,1207,0,0,0,1207
11/09/2012,SFO,CA,AWP,WE,Towers with Radar,904,260,28,1,1193,0,4,4,12,20,904,264,32,13,1213,0,0,0,1213
11/10/2012,SFO,CA,AWP,WE,Towers with Radar,713,219,19,2,953,0,2,9,5,16,713,221,28,7,969,0,0,0,969
11/11/2012,SFO,CA,AWP,WE,Towers with Radar,832,236,36,5,1109,0,1,5,2,8,832,237,41,7,1117,0,0,0,1117
11/12/2012,SFO,CA,AWP,WE,Towers with Radar,889,260,30,1,1180,0,5,6,2,13,889,265,36,3,1193,0,0,0,1193
11/13/2012,SFO,CA,AWP,WE,Towers with Radar,856,256,37,4,1153,0,3,11,14,28,856,259,48,18,1181,0,0,0,1181
11/14/2012,SFO,CA,AWP,WE,Towers with Radar,857,247,37,1,1142,0,4,4,12,20,857,251,41,13,1162,0,0,0,1162
11/15/2012,SFO,CA,AWP,WE,Towers with Radar,900,265,57,0,1222,0,4,9,12,25,900,269,66,12,1247,0,0,0,1247
11/16/2012,SFO,CA,AWP,WE,Towers with Radar,837,200,30,3,1070,0,2,3,13,18,837,202,33,16,1088,0,0,0,1088
11/17/2012,SFO,CA,AWP,WE,Towers with Radar,801,216,17,1,1035,0,0,4,2,6,801,216,21,3,1041,0,0,0,1041
11/18/2012,SFO,CA,AWP,WE,Towers with Radar,825,239,26,2,1092,0,2,7,5,14,825,241,33,7,1106,0,0,0,1106
11/19/2012,SFO,CA,AWP,WE,Towers with Radar,837,253,39,1,1130,0,4,4,8,16,837,257,43,9,1146,0,0,0,1146
11/20/2012,SFO,CA,AWP,WE,Towers with Radar,777,172,12,1,962,0,2,3,10,15,777,174,15,11,977,0,0,0,977
11/21/2012,SFO,CA,AWP,WE,Towers with Radar,966,247,40,0,1253,0,2,8,6,16,966,249,48,6,1269,0,0,0,1269
11/22/2012,SFO,CA,AWP,WE,Towers with Radar,612,146,8,1,767,0,7,1,0,8,612,153,9,1,775,0,0,0,775
11/23/2012,SFO,CA,AWP,WE,Towers with Radar,676,190,14,0,880,0,5,4,2,11,676,195,18,2,891,0,0,0,891
11/24/2012,SFO,CA,AWP,WE,Towers with Radar,837,236,15,2,1090,0,0,3,2,5,837,236,18,4,1095,0,0,0,1095
11/25/2012,SFO,CA,AWP,WE,Towers with Radar,901,241,39,0,1181,0,3,3,2,8,901,244,42,2,1189,0,0,0,1189
11/26/2012,SFO,CA,AWP,WE,Towers with Radar,923,187,20,3,1133,0,0,0,8,8,923,187,20,11,1141,0,0,0,1141
11/27/2012,SFO,CA,AWP,WE,Towers with Radar,834,252,31,0,1117,0,1,5,14,20,834,253,36,14,1137,0,0,0,1137
11/28/2012,SFO,CA,AWP,WE,Towers with Radar,768,169,22,1,960,0,4,2,3,9,768,173,24,4,969,0,0,0,969
11/29/2012,SFO,CA,AWP,WE,Towers with Radar,764,192,18,4,978,0,2,4,9,15,764,194,22,13,993,0,0,0,993
11/30/2012,SFO,CA,AWP,WE,Towers with Radar,796,171,19,2,988,0,2,3,5,10,796,173,22,7,998,0,0,0,998
12/01/2012,SFO,CA,AWP,WE,Towers with Radar,722,192,16,2,932,0,0,2,0,2,722,192,18,2,934,0,0,0,934
12/02/2012,SFO,CA,AWP,WE,Towers with Radar,805,197,10,2,1014,0,8,3,2,13,805,205,13,4,1027,0,0,0,1027
12/03/2012,SFO,CA,AWP,WE,Towers with Radar,843,237,36,2,1118,0,4,3,4,11,843,241,39,6,1129,0,0,0,1129
12/04/2012,SFO,CA,AWP,WE,Towers with Radar,785,260,41,0,1086,0,1,2,10,13,785,261,43,10,1099,0,0,0,1099
12/05/2012,SFO,CA,AWP,WE,Towers with Radar,760,180,22,0,962,0,0,2,8,10,760,180,24,8,972,0,0,0,972
12/06/2012,SFO,CA,AWP,WE,Towers with Radar,864,251,42,4,1161,0,4,8,10,22,864,255,50,14,1183,0,0,0,1183
12/07/2012,SFO,CA,AWP,WE,Towers with Radar,862,258,26,1,1147,0,0,2,10,12,862,258,28,11,1159,0,0,0,1159
12/08/2012,SFO,CA,AWP,WE,Towers with Radar,699,225,9,3,936,1,2,4,2,9,700,227,13,5,945,0,0,0,945
12/09/2012,SFO,CA,AWP,WE,Towers with Radar,800,227,33,1,1061,0,2,6,1,9,800,229,39,2,1070,0,0,0,1070
12/10/2012,SFO,CA,AWP,WE,Towers with Radar,824,252,28,0,1104,0,5,4,8,17,824,257,32,8,1121,0,0,0,1121
12/11/2012,SFO,CA,AWP,WE,Towers with Radar,780,235,26,1,1042,0,5,4,8,17,780,240,30,9,1059,0,0,0,1059
12/12/2012,SFO,CA,AWP,WE,Towers with Radar,826,246,34,6,1112,0,5,1,13,19,826,251,35,19,1131,0,0,0,1131
12/13/2012,SFO,CA,AWP,WE,Towers with Radar,861,259,35,4,1159,0,4,5,10,19,861,263,40,14,1178,0,0,0,1178
12/14/2012,SFO,CA,AWP,WE,Towers with Radar,853,238,31,1,1123,0,6,3,4,13,853,244,34,5,1136,0,0,0,1136
12/15/2012,SFO,CA,AWP,WE,Towers with Radar,709,210,16,2,937,0,1,5,2,8,709,211,21,4,945,0,0,0,945
12/16/2012,SFO,CA,AWP,WE,Towers with Radar,746,206,18,5,975,0,4,5,1,10,746,210,23,6,985,0,0,0,985
12/17/2012,SFO,CA,AWP,WE,Towers with Radar,881,230,37,1,1149,0,2,3,12,17,881,232,40,13,1166,0,0,0,1166
12/18/2012,SFO,CA,AWP,WE,Towers with Radar,829,241,22,2,1094,0,6,4,12,22,829,247,26,14,1116,0,0,0,1116
12/19/2012,SFO,CA,AWP,WE,Towers with Radar,877,255,25,1,1158,0,2,23,10,35,877,257,48,11,1193,0,0,0,1193
12/20/2012,SFO,CA,AWP,WE,Towers with Radar,889,240,21,1,1151,1,4,4,7,16,890,244,25,8,1167,0,0,0,1167
12/21/2012,SFO,CA,AWP,WE,Towers with Radar,764,170,17,0,951,0,0,4,2,6,764,170,21,2,957,0,0,0,957
12/22/2012,SFO,CA,AWP,WE,Towers with Radar,875,246,16,5,1142,0,0,4,4,8,875,246,20,9,1150,0,0,0,1150
12/23/2012,SFO,CA,AWP,WE,Towers with Radar,790,180,14,2,986,0,0,7,1,8,790,180,21,3,994,0,0,0,994
12/24/2012,SFO,CA,AWP,WE,Towers with Radar,769,209,8,0,986,0,1,13,1,15,769,210,21,1,1001,0,0,0,1001
12/25/2012,SFO,CA,AWP,WE,Towers with Radar,691,182,11,2,886,0,2,1,2,5,691,184,12,4,891,0,0,0,891
12/26/2012,SFO,CA,AWP,WE,Towers with Radar,909,261,23,1,1194,0,5,0,5,10,909,266,23,6,1204,0,0,0,1204
12/27/2012,SFO,CA,AWP,WE,Towers with Radar,899,256,13,0,1168,0,1,8,5,14,899,257,21,5,1182,0,0,0,1182
12/28/2012,SFO,CA,AWP,WE,Towers with Radar,921,249,18,4,1192,1,0,8,6,15,922,249,26,10,1207,0,0,0,1207
12/29/2012,SFO,CA,AWP,WE,Towers with Radar,780,225,18,1,1024,0,7,13,5,25,780,232,31,6,1049,0,0,0,1049
12/30/2012,SFO,CA,AWP,WE,Towers with Radar,812,244,22,4,1082,0,5,5,5,15,812,249,27,9,1097,0,0,0,1097
12/31/2012,SFO,CA,AWP,WE,Towers with Radar,764,206,11,1,982,0,5,9,2,16,764,211,20,3,998,0,0,0,998
01/01/2013,SFO,CA,AWP,WE,Towers with Radar,789,236,31,0,1056,0,2,3,2,7,789,238,34,2,1063,0,0,0,1063
01/02/2013,SFO,CA,AWP,WE,Towers with Radar,896,258,25,1,1180,0,2,2,4,8,896,260,27,5,1188,0,0,0,1188
01/03/2013,SFO,CA,AWP,WE,Towers with Radar,859,244,42,1,1146,0,0,2,5,7,859,244,44,6,1153,0,0,0,1153
01/04/2013,SFO,CA,AWP,WE,Towers with Radar,865,240,35,3,1143,0,2,4,5,11,865,242,39,8,1154,0,0,0,1154
01/05/2013,SFO,CA,AWP,WE,Towers with Radar,716,203,34,1,954,0,1,2,4,7,716,204,36,5,961,0,0,0,961
01/06/2013,SFO,CA,AWP,WE,Towers with Radar,804,247,59,3,1113,0,2,2,2,6,804,249,61,5,1119,0,0,0,1119
01/07/2013,SFO,CA,AWP,WE,Towers with Radar,821,245,66,0,1132,0,4,5,7,16,821,249,71,7,1148,0,0,0,1148
01/08/2013,SFO,CA,AWP,WE,Towers with Radar,741,240,51,4,1036,0,3,2,15,20,741,243,53,19,1056,0,0,0,1056
01/09/2013,SFO,CA,AWP,WE,Towers with Radar,752,242,68,8,1070,0,2,5,12,19,752,244,73,20,1089,0,0,0,1089
01/10/2013,SFO,CA,AWP,WE,Towers with Radar,823,251,53,2,1129,0,6,1,16,23,823,257,54,18,1152,0,0,0,1152
01/11/2013,SFO,CA,AWP,WE,Towers with Radar,836,231,43,3,1113,0,2,10,9,21,836,233,53,12,1134,0,0,0,1134
01/12/2013,SFO,CA,AWP,WE,Towers with Radar,660,183,42,1,886,0,0,2,3,5,660,183,44,4,891,0,0,0,891
01/13/2013,SFO,CA,AWP,WE,Towers with Radar,767,224,19,1,1011,0,0,1,2,3,767,224,20,3,1014,0,0,0,1014
01/14/2013,SFO,CA,AWP,WE,Towers with Radar,795,232,25,3,1055,0,10,2,15,27,795,242,27,18,1082,0,0,0,1082
01/15/2013,SFO,CA,AWP,WE,Towers with Radar,726,223,29,2,980,0,1,2,9,12,726,224,31,11,992,0,0,0,992
01/16/2013,SFO,CA,AWP,WE,Towers with Radar,755,228,35,1,1019,0,6,3,14,23,755,234,38,15,1042,0,0,0,1042
01/17/2013,SFO,CA,AWP,WE,Towers with Radar,807,240,37,0,1084,0,8,3,16,27,807,248,40,16,1111,0,0,0,1111
01/18/2013,SFO,CA,AWP,WE,Towers with Radar,822,243,34,1,1100,0,3,7,9,19,822,246,41,10,1119,0,0,0,1119
01/19/2013,SFO,CA,AWP,WE,Towers with Radar,665,190,9,0,864,0,2,2,2,6,665,192,11,2,870,0,0,0,870
01/20/2013,SFO,CA,AWP,WE,Towers with Radar,761,216,13,0,990,0,0,7,5,12,761,216,20,5,1002,0,0,0,1002
01/21/2013,SFO,CA,AWP,WE,Towers with Radar,792,259,26,1,1078,0,0,7,2,9,792,259,33,3,1087,0,0,0,1087
01/22/2013,SFO,CA,AWP,WE,Towers with Radar,754,228,33,3,1018,0,2,6,8,16,754,230,39,11,1034,0,0,0,1034
01/23/2013,SFO,CA,AWP,WE,Towers with Radar,765,197,33,0,995,0,0,2,6,8,765,197,35,6,1003,0,0,0,1003
01/24/2013,SFO,CA,AWP,WE,Towers with Radar,806,241,39,1,1087,0,0,0,7,7,806,241,39,8,1094,0,0,0,1094
01/25/2013,SFO,CA,AWP,WE,Towers with Radar,832,232,37,0,1101,0,3,3,14,20,832,235,40,14,1121,0,0,0,1121
01/26/2013,SFO,CA,AWP,WE,Towers with Radar,673,190,13,0,876,0,7,4,5,16,673,197,17,5,892,0,0,0,892
01/27/2013,SFO,CA,AWP,WE,Towers with Radar,769,226,29,1,1025,0,0,6,4,10,769,226,35,5,1035,0,0,0,1035
01/28/2013,SFO,CA,AWP,WE,Towers with Radar,810,225,32,0,1067,0,2,0,12,14,810,227,32,12,1081,0,0,0,1081
01/29/2013,SFO,CA,AWP,WE,Towers with Radar,740,212,19,2,973,0,1,1,14,16,740,213,20,16,989,0,0,0,989
01/30/2013,SFO,CA,AWP,WE,Towers with Radar,765,228,25,1,1019,0,2,9,7,18,765,230,34,8,1037,0,0,0,1037
01/31/2013,SFO,CA,AWP,WE,Towers with Radar,833,236,28,0,1097,0,5,1,4,10,833,241,29,4,1107,0,0,0,1107
02/01/2013,SFO,CA,AWP,WE,Towers with Radar,853,243,35,2,1133,0,3,7,14,24,853,246,42,16,1157,0,0,0,1157
02/02/2013,SFO,CA,AWP,WE,Towers with Radar,662,195,9,0,866,0,3,1,3,7,662,198,10,3,873,0,0,0,873
02/03/2013,SFO,CA,AWP,WE,Towers with Radar,775,232,19,0,1026,0,0,2,2,4,775,232,21,2,1030,0,0,0,1030
02/04/2013,SFO,CA,AWP,WE,Towers with Radar,816,241,44,0,1101,0,6,0,15,21,816,247,44,15,1122,0,0,0,1122
02/05/2013,SFO,CA,AWP,WE,Towers with Radar,743,231,32,0,1006,0,0,5,10,15,743,231,37,10,1021,0,0,0,1021
02/06/2013,SFO,CA,AWP,WE,Towers with Radar,772,250,54,2,1078,0,3,6,16,25,772,253,60,18,1103,0,0,0,1103
02/07/2013,SFO,CA,AWP,WE,Towers with Radar,821,251,39,0,1111,0,4,6,13,23,821,255,45,13,1134,0,0,0,1134
02/08/2013,SFO,CA,AWP,WE,Towers with Radar,772,253,37,0,1062,0,5,5,13,23,772,258,42,13,1085,0,0,0,1085
02/09/2013,SFO,CA,AWP,WE,Towers with Radar,642,195,9,2,848,0,2,11,7,20,642,197,20,9,868,0,0,0,868
02/10/2013,SFO,CA,AWP,WE,Towers with Radar,774,230,28,1,1033,0,2,7,2,11,774,232,35,3,1044,0,0,0,1044
02/11/2013,SFO,CA,AWP,WE,Towers with Radar,806,244,31,1,1082,0,2,2,8,12,806,246,33,9,1094,0,0,0,1094
02/12/2013,SFO,CA,AWP,WE,Towers with Radar,735,252,46,3,1036,0,9,13,8,30,735,261,59,11,1066,0,0,0,1066
02/13/2013,SFO,CA,AWP,WE,Towers with Radar,770,239,60,3,1072,0,3,3,9,15,770,242,63,12,1087,0,0,0,1087
02/14/2013,SFO,CA,AWP,WE,Towers with Radar,853,241,42,2,1138,0,0,5,13,18,853,241,47,15,1156,0,0,0,1156
02/15/2013,SFO,CA,AWP,WE,Towers with Radar,859,270,41,1,1171,0,10,15,15,40,859,280,56,16,1211,0,0,0,1211
02/16/2013,SFO,CA,AWP,WE,Towers with Radar,727,209,14,2,952,0,1,6,5,12,727,210,20,7,964,0,0,0,964
02/17/2013,SFO,CA,AWP,WE,Towers with Radar,762,219,29,0,1010,0,0,7,2,9,762,219,36,2,1019,0,0,0,1019
02/18/2013,SFO,CA,AWP,WE,Towers with Radar,856,258,31,0,1145,0,1,4,4,9,856,259,35,4,1154,0,0,0,1154
02/19/2013,SFO,CA,AWP,WE,Towers with Radar,795,238,25,3,1061,0,0,0,10,10,795,238,25,13,1071,0,0,0,1071
02/20/2013,SFO,CA,AWP,WE,Towers with Radar,787,252,24,3,1066,0,3,6,14,23,787,255,30,17,1089,0,0,0,1089
02/21/2013,SFO,CA,AWP,WE,Towers with Radar,846,249,44,2,1141,0,1,11,12,24,846,250,55,14,1165,0,0,0,1165
02/22/2013,SFO,CA,AWP,WE,Towers with Radar,863,266,29,1,1159,0,1,3,10,14,863,267,32,11,1173,0,0,0,1173
02/23/2013,SFO,CA,AWP,WE,Towers with Radar,712,216,23,1,952,0,4,6,3,13,712,220,29,4,965,0,0,0,965
02/24/2013,SFO,CA,AWP,WE,Towers with Radar,803,264,22,0,1089,0,2,8,5,15,803,266,30,5,1104,0,0,0,1104
02/25/2013,SFO,CA,AWP,WE,Towers with Radar,831,267,34,1,1133,0,12,11,2,25,831,279,45,3,1158,0,0,0,1158
02/26/2013,SFO,CA,AWP,WE,Towers with Radar,756,248,25,0,1029,0,2,9,7,18,756,250,34,7,1047,0,0,0,1047
02/27/2013,SFO,CA,AWP,WE,Towers with Radar,796,265,40,0,1101,0,1,4,4,9,796,266,44,4,1110,0,0,0,1110
02/28/2013,SFO,CA,AWP,WE,Towers with Radar,846,254,32,2,1134,0,6,4,8,18,846,260,36,10,1152,0,0,0,1152
03/01/2013,SFO,CA,AWP,WE,Towers with Radar,848,196,21,0,1065,0,4,2,5,11,848,200,23,5,1076,0,0,0,1076
03/02/2013,SFO,CA,AWP,WE,Towers with Radar,737,207,31,1,976,0,0,9,4,13,737,207,40,5,989,0,0,0,989
03/03/2013,SFO,CA,AWP,WE,Towers with Radar,796,235,19,0,1050,0,0,4,5,9,796,235,23,5,1059,0,0,0,1059
03/04/2013,SFO,CA,AWP,WE,Towers with Radar,848,251,34,1,1134,0,3,7,13,23,848,254,41,14,1157,0,0,0,1157
03/05/2013,SFO,CA,AWP,WE,Towers with Radar,737,209,23,1,970,0,8,6,9,23,737,217,29,10,993,0,0,0,993
03/06/2013,SFO,CA,AWP,WE,Towers with Radar,831,263,26,0,1120,0,0,2,5,7,831,263,28,5,1127,0,0,0,1127
03/07/2013,SFO,CA,AWP,WE,Towers with Radar,863,271,32,1,1167,0,3,1,7,11,863,274,33,8,1178,0,0,0,1178
03/08/2013,SFO,CA,AWP,WE,Towers with Radar,846,236,51,0,1133,0,4,6,9,19,846,240,57,9,1152,0,0,0,1152
03/09/2013,SFO,CA,AWP,WE,Towers with Radar,763,222,20,1,1006,0,6,8,3,17,763,228,28,4,1023,0,0,0,1023
03/10/2013,SFO,CA,AWP,WE,Towers with Radar,813,251,31,2,1097,0,9,7,7,23,813,260,38,9,1120,0,0,0,1120
03/11/2013,SFO,CA,AWP,WE,Towers with Radar,848,250,34,0,1132,0,4,7,11,22,848,254,41,11,1154,0,0,0,1154
03/12/2013,SFO,CA,AWP,WE,Towers with Radar,793,254,33,0,1080,0,5,2,9,16,793,259,35,9,1096,0,0,0,1096
03/13/2013,SFO,CA,AWP,WE,Towers with Radar,832,244,38,1,1115,0,2,5,3,10,832,246,43,4,1125,0,0,0,1125
03/14/2013,SFO,CA,AWP,WE,Towers with Radar,856,265,55,0,1176,0,3,0,16,19,856,268,55,16,1195,0,0,0,1195
03/15/2013,SFO,CA,AWP,WE,Towers with Radar,871,266,30,1,1168,0,9,1,9,19,871,275,31,10,1187,0,0,0,1187
03/16/2013,SFO,CA,AWP,WE,Towers with Radar,762,210,22,1,995,0,2,15,4,21,762,212,37,5,1016,0,0,0,1016
03/17/2013,SFO,CA,AWP,WE,Towers with Radar,820,241,34,1,1096,0,4,6,3,13,820,245,40,4,1109,0,0,0,1109
03/18/2013,SFO,CA,AWP,WE,Towers with Radar,845,259,28,4,1136,0,5,4,10,19,845,264,32,14,1155,0,0,0,1155
03/19/2013,SFO,CA,AWP,WE,Towers with Radar,796,242,32,2,1072,0,1,3,12,16,796,243,35,14,1088,0,0,0,1088
03/20/2013,SFO,CA,AWP,WE,Towers with Radar,808,242,41,2,1093,0,1,2,7,10,808,243,43,9,1103,0,0,0,1103
03/21/2013,SFO,CA,AWP,WE,Towers with Radar,888,259,43,0,1190,0,4,10,11,25,888,263,53,11,1215,0,0,0,1215
03/22/2013,SFO,CA,AWP,WE,Towers with Radar,882,274,14,0,1170,0,8,12,9,29,882,282,26,9,1199,0,0,0,1199
03/23/2013,SFO,CA,AWP,WE,Towers with Radar,754,217,25,2,998,0,5,4,9,18,754,222,29,11,1016,0,0,0,1016
03/24/2013,SFO,CA,AWP,WE,Towers with Radar,823,255,37,1,1116,0,8,7,6,21,823,263,44,7,1137,0,0,0,1137
03/25/2013,SFO,CA,AWP,WE,Towers with Radar,850,250,33,2,1135,0,1,11,5,17,850,251,44,7,1152,0,0,0,1152
03/26/2013,SFO,CA,AWP,WE,Towers with Radar,798,227,26,1,1052,0,1,4,8,13,798,228,30,9,1065,0,0,0,1065
03/27/2013,SFO,CA,AWP,WE,Towers with Radar,829,242,31,1,1103,0,1,4,4,9,829,243,35,5,1112,0,0,0,1112
03/28/2013,SFO,CA,AWP,WE,Towers with Radar,864,259,29,1,1153,0,2,3,10,15,864,261,32,11,1168,0,0,0,1168
03/29/2013,SFO,CA,AWP,WE,Towers with Radar,883,255,26,1,1165,0,4,9,10,23,883,259,35,11,1188,0,0,0,1188
03/30/2013,SFO,CA,AWP,WE,Towers with Radar,746,201,19,0,966,0,1,4,3,8,746,202,23,3,974,0,0,0,974
03/31/2013,SFO,CA,AWP,WE,Towers with Radar,795,214,7,2,1018,0,0,13,2,15,795,214,20,4,1033,0,0,0,1033
04/01/2013,SFO,CA,AWP,WE,Towers with Radar,856,270,18,3,1147,0,1,5,8,14,856,271,23,11,1161,0,0,0,1161
04/02/2013,SFO,CA,AWP,WE,Towers with Radar,816,247,28,2,1093,0,8,3,4,15,816,255,31,6,1108,0,0,0,1108
04/03/2013,SFO,CA,AWP,WE,Towers with Radar,850,249,26,3,1128,0,0,4,2,6,850,249,30,5,1134,0,0,0,1134
04/04/2013,SFO,CA,AWP,WE,Towers with Radar,822,198,22,12,1054,0,0,2,8,10,822,198,24,20,1064,0,0,0,1064
04/05/2013,SFO,CA,AWP,WE,Towers with Radar,903,264,27,4,1198,0,2,4,11,17,903,266,31,15,1215,0,0,0,1215
04/06/2013,SFO,CA,AWP,WE,Towers with Radar,750,217,10,1,978,0,0,2,4,6,750,217,12,5,984,0,0,0,984
04/07/2013,SFO,CA,AWP,WE,Towers with Radar,832,235,19,0,1086,0,4,3,3,10,832,239,22,3,1096,0,0,0,1096
04/08/2013,SFO,CA,AWP,WE,Towers with Radar,863,254,37,0,1154,0,3,5,2,10,863,257,42,2,1164,0,0,0,1164
04/09/2013,SFO,CA,AWP,WE,Towers with Radar,826,241,21,1,1089,0,4,5,10,19,826,245,26,11,1108,0,0,0,1108
04/10/2013,SFO,CA,AWP,WE,Towers with Radar,864,229,43,0,1136,0,6,8,8,22,864,235,51,8,1158,0,0,0,1158
04/11/2013,SFO,CA,AWP,WE,Towers with Radar,894,249,45,0,1188,0,7,8,11,26,894,256,53,11,1214,0,0,0,1214
04/12/2013,SFO,CA,AWP,WE,Towers with Radar,898,239,28,0,1165,0,6,9,12,27,898,245,37,12,1192,0,0,0,1192
04/13/2013,SFO,CA,AWP,WE,Towers with Radar,758,197,19,0,974,0,2,5,1,8,758,199,24,1,982,0,0,0,982
04/14/2013,SFO,CA,AWP,WE,Towers with Radar,789,176,15,2,982,0,3,4,3,10,789,179,19,5,992,0,0,0,992
04/15/2013,SFO,CA,AWP,WE,Towers with Radar,942,240,28,2,1212,0,2,2,4,8,942,242,30,6,1220,0,0,0,1220
04/16/2013,SFO,CA,AWP,WE,Towers with Radar,835,240,27,0,1102,0,2,5,6,13,835,242,32,6,1115,0,0,0,1115
04/17/2013,SFO,CA,AWP,WE,Towers with Radar,846,227,43,1,1117,0,5,7,13,25,846,232,50,14,1142,0,0,0,1142
04/18/2013,SFO,CA,AWP,WE,Towers with Radar,879,244,25,0,1148,0,6,4,15,25,879,250,29,15,1173,0,0,0,1173
04/19/2013,SFO,CA,AWP,WE,Towers with Radar,908,257,29,1,1195,0,10,4,7,21,908,267,33,8,1216,0,0,0,1216
04/20/2013,SFO,CA,AWP,WE,Towers with Radar,756,214,14,3,987,0,5,3,5,13,756,219,17,8,1000,0,0,0,1000
04/21/2013,SFO,CA,AWP,WE,Towers with Radar,829,221,19,0,1069,0,0,5,2,7,829,221,24,2,1076,0,0,0,1076
04/22/2013,SFO,CA,AWP,WE,Towers with Radar,892,242,23,1,1158,0,0,3,7,10,892,242,26,8,1168,0,0,0,1168
04/23/2013,SFO,CA,AWP,WE,Towers with Radar,835,244,39,3,1121,0,8,3,6,17,835,252,42,9,1138,0,0,0,1138
04/24/2013,SFO,CA,AWP,WE,Towers with Radar,874,250,26,1,1151,0,2,4,3,9,874,252,30,4,1160,0,0,0,1160
04/25/2013,SFO,CA,AWP,WE,Towers with Radar,905,242,37,0,1184,0,1,5,4,10,905,243,42,4,1194,0,0,0,1194
04/26/2013,SFO,CA,AWP,WE,Towers with Radar,902,252,28,0,1182,0,3,6,7,16,902,255,34,7,1198,0,0,0,1198
04/27/2013,SFO,CA,AWP,WE,Towers with Radar,769,217,16,1,1003,0,1,3,4,8,769,218,19,5,1011,0,0,0,1011
04/28/2013,SFO,CA,AWP,WE,Towers with Radar,838,231,23,1,1093,0,6,13,2,21,838,237,36,3,1114,0,0,0,1114
04/29/2013,SFO,CA,AWP,WE,Towers with Radar,908,265,32,3,1208,0,3,4,7,14,908,268,36,10,1222,0,0,0,1222
04/30/2013,SFO,CA,AWP,WE,Towers with Radar,846,249,34,0,1129,0,6,2,13,21,846,255,36,13,1150,0,0,0,1150
05/01/2013,SFO,CA,AWP,WE,Towers with Radar,885,249,39,1,1174,0,5,16,12,33,885,254,55,13,1207,0,0,0,1207
05/02/2013,SFO,CA,AWP,WE,Towers with Radar,917,266,45,1,1229,0,3,2,6,11,917,269,47,7,1240,0,0,0,1240
05/03/2013,SFO,CA,AWP,WE,Towers with Radar,930,253,26,3,1212,0,4,12,9,25,930,257,38,12,1237,0,0,0,1237
05/04/2013,SFO,CA,AWP,WE,Towers with Radar,780,224,8,1,1013,0,5,13,9,27,780,229,21,10,1040,0,0,0,1040
05/05/2013,SFO,CA,AWP,WE,Towers with Radar,833,206,23,0,1062,0,3,3,1,7,833,209,26,1,1069,0,0,0,1069
05/06/2013,SFO,CA,AWP,WE,Towers with Radar,938,241,36,3,1218,0,1,6,3,10,938,242,42,6,1228,0,0,0,1228
05/07/2013,SFO,CA,AWP,WE,Towers with Radar,864,236,45,0,1145,0,3,4,6,13,864,239,49,6,1158,0,0,0,1158
05/08/2013,SFO,CA,AWP,WE,Towers with Radar,857,212,32,0,1101,0,2,5,4,11,857,214,37,4,1112,0,0,0,1112
05/09/2013,SFO,CA,AWP,WE,Towers with Radar,936,224,48,1,1209,1,0,4,7,12,937,224,52,8,1221,0,0,0,1221
05/10/2013,SFO,CA,AWP,WE,Towers with Radar,902,234,41,0,1177,0,1,2,5,8,902,235,43,5,1185,0,0,0,1185
05/11/2013,SFO,CA,AWP,WE,Towers with Radar,800,220,5,0,1025,0,0,3,4,7,800,220,8,4,1032,0,0,0,1032
05/12/2013,SFO,CA,AWP,WE,Towers with Radar,874,245,24,4,1147,0,2,3,5,10,874,247,27,9,1157,0,0,0,1157
05/13/2013,SFO,CA,AWP,WE,Towers with Radar,916,246,32,1,1195,0,3,7,7,17,916,249,39,8,1212,0,0,0,1212
05/14/2013,SFO,CA,AWP,WE,Towers with Radar,877,245,33,0,1155,0,2,2,6,10,877,247,35,6,1165,0,0,0,1165
05/15/2013,SFO,CA,AWP,WE,Towers with Radar,853,229,44,0,1126,0,1,6,7,14,853,230,50,7,1140,0,0,0,1140
05/16/2013,SFO,CA,AWP,WE,Towers with Radar,916,230,20,1,1167,0,0,4,1,5,916,230,24,2,1172,0,0,0,1172
05/17/2013,SFO,CA,AWP,WE,Towers with Radar,960,253,29,2,1244,0,2,11,6,19,960,255,40,8,1263,0,0,0,1263
05/18/2013,SFO,CA,AWP,WE,Towers with Radar,775,218,11,0,1004,0,0,7,5,12,775,218,18,5,1016,0,0,0,1016
05/19/2013,SFO,CA,AWP,WE,Towers with Radar,878,235,32,0,1145,0,0,7,0,7,878,235,39,0,1152,0,0,0,1152
05/20/2013,SFO,CA,AWP,WE,Towers with Radar,916,250,30,0,1196,0,2,5,8,15,916,252,35,8,1211,0,0,0,1211
05/21/2013,SFO,CA,AWP,WE,Towers with Radar,874,248,38,0,1160,0,5,5,2,12,874,253,43,2,1172,0,0,0,1172
05/22/2013,SFO,CA,AWP,WE,Towers with Radar,903,241,44,1,1189,0,0,5,9,14,903,241,49,10,1203,0,0,0,1203
05/23/2013,SFO,CA,AWP,WE,Towers with Radar,921,241,39,3,1204,0,9,5,4,18,921,250,44,7,1222,0,0,0,1222
05/24/2013,SFO,CA,AWP,WE,Towers with Radar,944,247,39,1,1231,0,3,2,10,15,944,250,41,11,1246,0,0,0,1246
05/25/2013,SFO,CA,AWP,WE,Towers with Radar,773,210,6,0,989,0,1,5,4,10,773,211,11,4,999,0,0,0,999
05/26/2013,SFO,CA,AWP,WE,Towers with Radar,770,214,5,0,989,0,1,13,0,14,770,215,18,0,1003,0,0,0,1003
05/27/2013,SFO,CA,AWP,WE,Towers with Radar,850,221,22,2,1095,0,0,21,2,23,850,221,43,4,1118,0,0,0,1118
05/28/2013,SFO,CA,AWP,WE,Towers with Radar,915,225,23,1,1164,0,4,4,9,17,915,229,27,10,1181,0,0,0,1181
05/29/2013,SFO,CA,AWP,WE,Towers with Radar,903,234,25,2,1164,0,2,8,6,16,903,236,33,8,1180,0,0,0,1180
05/30/2013,SFO,CA,AWP,WE,Towers with Radar,926,232,35,2,1195,0,5,11,10,26,926,237,46,12,1221,0,0,0,1221
05/31/2013,SFO,CA,AWP,WE,Towers with Radar,949,232,26,1,1208,0,4,5,4,13,949,236,31,5,1221,0,0,0,1221
06/01/2013,SFO,CA,AWP,WE,Towers with Radar,795,209,12,1,1017,0,9,15,4,28,795,218,27,5,1045,0,0,0,1045
06/02/2013,SFO,CA,AWP,WE,Towers with Radar,884,240,35,0,1159,0,3,11,3,17,884,243,46,3,1176,0,0,0,1176
06/03/2013,SFO,CA,AWP,WE,Towers with Radar,947,240,24,0,1211,0,6,4,9,19,947,246,28,9,1230,0,0,0,1230
06/04/2013,SFO,CA,AWP,WE,Towers with Radar,898,258,29,5,1190,0,6,5,18,29,898,264,34,23,1219,0,0,0,1219
06/05/2013,SFO,CA,AWP,WE,Towers with Radar,903,252,34,0,1189,0,0,7,9,16,903,252,41,9,1205,0,0,0,1205
06/06/2013,SFO,CA,AWP,WE,Towers with Radar,967,257,41,0,1265,0,5,1,12,18,967,262,42,12,1283,0,0,0,1283
06/07/2013,SFO,CA,AWP,WE,Towers with Radar,985,236,32,3,1256,0,1,6,9,16,985,237,38,12,1272,0,0,0,1272
06/08/2013,SFO,CA,AWP,WE,Towers with Radar,858,193,11,0,1062,0,4,13,4,21,858,197,24,4,1083,0,0,0,1083
06/09/2013,SFO,CA,AWP,WE,Towers with Radar,921,247,26,0,1194,0,2,4,2,8,921,249,30,2,1202,0,0,0,1202
06/10/2013,SFO,CA,AWP,WE,Towers with Radar,952,200,33,0,1185,0,2,2,7,11,952,202,35,7,1196,0,0,0,1196
06/11/2013,SFO,CA,AWP,WE,Towers with Radar,967,244,21,1,1233,0,3,7,10,20,967,247,28,11,1253,0,0,0,1253
06/12/2013,SFO,CA,AWP,WE,Towers with Radar,977,239,32,0,1248,0,2,4,14,20,977,241,36,14,1268,0,0,0,1268
06/13/2013,SFO,CA,AWP,WE,Towers with Radar,984,238,17,1,1240,0,5,2,16,23,984,243,19,17,1263,0,0,0,1263
06/14/2013,SFO,CA,AWP,WE,Towers with Radar,1012,238,28,3,1281,0,9,5,2,16,1012,247,33,5,1297,0,0,0,1297
06/15/2013,SFO,CA,AWP,WE,Towers with Radar,866,225,20,5,1116,0,4,8,8,20,866,229,28,13,1136,0,0,0,1136
06/16/2013,SFO,CA,AWP,WE,Towers with Radar,935,256,22,1,1214,0,2,4,2,8,935,258,26,3,1222,0,0,0,1222
06/17/2013,SFO,CA,AWP,WE,Towers with Radar,886,195,21,2,1104,0,7,1,9,17,886,202,22,11,1121,0,0,0,1121
06/18/2013,SFO,CA,AWP,WE,Towers with Radar,944,194,21,0,1159,0,0,2,16,18,944,194,23,16,1177,0,0,0,1177
06/19/2013,SFO,CA,AWP,WE,Towers with Radar,1044,254,39,0,1337,0,7,4,13,24,1044,261,43,13,1361,0,0,0,1361
06/20/2013,SFO,CA,AWP,WE,Towers with Radar,992,245,41,1,1279,0,4,1,0,5,992,249,42,1,1284,0,0,0,1284
06/21/2013,SFO,CA,AWP,WE,Towers with Radar,992,241,42,3,1278,0,1,12,12,25,992,242,54,15,1303,0,0,0,1303
06/22/2013,SFO,CA,AWP,WE,Towers with Radar,884,214,8,0,1106,0,0,6,4,10,884,214,14,4,1116,0,0,0,1116
06/23/2013,SFO,CA,AWP,WE,Towers with Radar,848,189,23,1,1061,0,0,4,3,7,848,189,27,4,1068,0,0,0,1068
06/24/2013,SFO,CA,AWP,WE,Towers with Radar,914,171,25,2,1112,0,2,2,5,9,914,173,27,7,1121,0,0,0,1121
06/25/2013,SFO,CA,AWP,WE,Towers with Radar,935,149,24,0,1108,0,2,7,5,14,935,151,31,5,1122,0,0,0,1122
06/26/2013,SFO,CA,AWP,WE,Towers with Radar,969,206,22,0,1197,0,0,8,10,18,969,206,30,10,1215,0,0,0,1215
06/27/2013,SFO,CA,AWP,WE,Towers with Radar,995,178,28,0,1201,0,6,8,10,24,995,184,36,10,1225,0,0,0,1225
06/28/2013,SFO,CA,AWP,WE,Towers with Radar,964,189,14,0,1167,0,11,0,4,15,964,200,14,4,1182,0,0,0,1182
06/29/2013,SFO,CA,AWP,WE,Towers with Radar,919,209,14,0,1142,0,4,12,4,20,919,213,26,4,1162,0,0,0,1162
06/30/2013,SFO,CA,AWP,WE,Towers with Radar,934,233,19,1,1187,0,4,14,3,21,934,237,33,4,1208,0,0,0,1208
07/01/2013,SFO,CA,AWP,WE,Towers with Radar,973,224,15,2,1214,0,4,21,12,37,973,228,36,14,1251,0,0,0,1251
07/02/2013,SFO,CA,AWP,WE,Towers with Radar,916,257,19,2,1194,0,5,16,15,36,916,262,35,17,1230,0,0,0,1230
07/03/2013,SFO,CA,AWP,WE,Towers with Radar,981,274,27,1,1283,0,13,13,9,35,981,287,40,10,1318,0,0,0,1318
07/04/2013,SFO,CA,AWP,WE,Towers with Radar,774,190,5,1,970,0,1,8,5,14,774,191,13,6,984,0,0,0,984
07/05/2013,SFO,CA,AWP,WE,Towers with Radar,796,190,12,0,998,0,2,2,3,7,796,192,14,3,1005,0,0,0,1005
07/06/2013,SFO,CA,AWP,WE,Towers with Radar,415,101,5,0,521,0,10,5,3,18,415,111,10,3,539,0,0,0,539
07/07/2013,SFO,CA,AWP,WE,Towers with Radar,689,126,12,0,827,0,0,4,3,7,689,126,16,3,834,0,0,0,834
07/08/2013,SFO,CA,AWP,WE,Towers with Radar,909,196,13,2,1120,1,1,3,11,16,910,197,16,13,1136,0,0,0,1136
07/09/2013,SFO,CA,AWP,WE,Towers with Radar,917,163,11,1,1092,0,5,6,7,18,917,168,17,8,1110,0,0,0,1110
07/10/2013,SFO,CA,AWP,WE,Towers with Radar,939,183,8,0,1130,0,3,2,13,18,939,186,10,13,1148,0,0,0,1148
07/11/2013,SFO,CA,AWP,WE,Towers with Radar,948,165,3,1,1117,0,3,3,9,15,948,168,6,10,1132,0,0,0,1132
07/12/2013,SFO,CA,AWP,WE,Towers with Radar,989,200,14,3,1206,0,0,11,7,18,989,200,25,10,1224,0,0,0,1224
07/13/2013,SFO,CA,AWP,WE,Towers with Radar,905,212,9,1,1127,0,4,7,3,14,905,216,16,4,1141,0,0,0,1141
07/14/2013,SFO,CA,AWP,WE,Towers with Radar,952,240,15,0,1207,0,0,6,1,7,952,240,21,1,1214,0,0,0,1214
07/15/2013,SFO,CA,AWP,WE,Towers with Radar,965,232,23,0,1220,0,3,3,10,16,965,235,26,10,1236,0,0,0,1236
07/16/2013,SFO,CA,AWP,WE,Towers with Radar,917,197,10,1,1125,0,0,4,5,9,917,197,14,6,1134,0,0,0,1134
07/17/2013,SFO,CA,AWP,WE,Towers with Radar,1016,248,24,0,1288,0,0,4,6,10,1016,248,28,6,1298,0,0,0,1298
07/18/2013,SFO,CA,AWP,WE,Towers with Radar,976,259,32,0,1267,0,7,14,1,22,976,266,46,1,1289,0,0,0,1289
07/19/2013,SFO,CA,AWP,WE,Towers with Radar,990,259,24,3,1276,0,7,10,3,20,990,266,34,6,1296,0,0,0,1296
07/20/2013,SFO,CA,AWP,WE,Towers with Radar,886,220,25,0,1131,0,3,8,6,17,886,223,33,6,1148,0,0,0,1148
07/21/2013,SFO,CA,AWP,WE,Towers with Radar,963,237,28,0,1228,0,2,10,2,14,963,239,38,2,1242,0,0,0,1242
07/22/2013,SFO,CA,AWP,WE,Towers with Radar,977,248,30,1,1256,1,5,22,8,36,978,253,52,9,1292,0,0,0,1292
07/23/2013,SFO,CA,AWP,WE,Towers with Radar,972,263,23,0,1258,0,1,24,5,30,972,264,47,5,1288,0,0,0,1288
07/24/2013,SFO,CA,AWP,WE,Towers with Radar,1004,268,33,1,1306,1,2,57,7,67,1005,270,90,8,1373,0,0,0,1373
07/25/2013,SFO,CA,AWP,WE,Towers with Radar,988,257,23,2,1270,0,0,38,9,47,988,257,61,11,1317,0,0,0,1317
07/26/2013,SFO,CA,AWP,WE,Towers with Radar,987,247,19,0,1253,0,1,46,10,57,987,248,65,10,1310,0,0,0,1310
07/27/2013,SFO,CA,AWP,WE,Towers with Radar,890,207,11,0,1108,0,0,56,5,61,890,207,67,5,1169,0,0,0,1169
07/28/2013,SFO,CA,AWP,WE,Towers with Radar,921,238,14,1,1174,0,0,2,2,4,921,238,16,3,1178,0,0,0,1178
07/29/2013,SFO,CA,AWP,WE,Towers with Radar,942,194,21,1,1158,1,0,3,6,10,943,194,24,7,1168,0,0,0,1168
07/30/2013,SFO,CA,AWP,WE,Towers with Radar,951,191,14,1,1157,0,8,2,5,15,951,199,16,6,1172,0,0,0,1172
07/31/2013,SFO,CA,AWP,WE,Towers with Radar,1031,260,23,1,1315,0,1,2,8,11,1031,261,25,9,1326,0,0,0,1326
08/01/2013,SFO,CA,AWP,WE,Towers with Radar,1002,264,31,2,1299,0,6,6,7,19,1002,270,37,9,1318,0,0,0,1318
08/02/2013,SFO,CA,AWP,WE,Towers with Radar,1008,252,21,0,1281,0,2,11,8,21,1008,254,32,8,1302,0,0,0,1302
08/03/2013,SFO,CA,AWP,WE,Towers with Radar,890,207,8,0,1105,0,2,24,3,29,890,209,32,3,1134,0,0,0,1134
08/04/2013,SFO,CA,AWP,WE,Towers with Radar,905,206,21,1,1133,0,1,8,3,12,905,207,29,4,1145,0,0,0,1145
08/05/2013,SFO,CA,AWP,WE,Towers with Radar,1001,213,15,0,1229,0,0,6,8,14,1001,213,21,8,1243,0,0,0,1243
08/06/2013,SFO,CA,AWP,WE,Towers with Radar,984,247,23,2,1256,0,0,5,9,14,984,247,28,11,1270,0,0,0,1270
08/07/2013,SFO,CA,AWP,WE,Towers with Radar,978,251,36,0,1265,0,1,4,13,18,978,252,40,13,1283,0,0,0,1283
08/08/2013,SFO,CA,AWP,WE,Towers with Radar,943,223,23,0,1189,0,1,6,10,17,943,224,29,10,1206,0,0,0,1206
08/09/2013,SFO,CA,AWP,WE,Towers with Radar,984,235,15,1,1235,0,2,5,10,17,984,237,20,11,1252,0,0,0,1252
08/10/2013,SFO,CA,AWP,WE,Towers with Radar,931,205,13,1,1150,0,1,6,2,9,931,206,19,3,1159,0,0,0,1159
08/11/2013,SFO,CA,AWP,WE,Towers with Radar,937,229,23,2,1191,0,1,3,3,7,937,230,26,5,1198,0,0,0,1198
08/12/2013,SFO,CA,AWP,WE,Towers with Radar,990,259,29,1,1279,0,1,5,5,11,990,260,34,6,1290,0,0,0,1290
08/13/2013,SFO,CA,AWP,WE,Towers with Radar,985,231,34,0,1250,0,4,7,5,16,985,235,41,5,1266,0,0,0,1266
08/14/2013,SFO,CA,AWP,WE,Towers with Radar,991,250,35,1,1277,0,1,5,8,14,991,251,40,9,1291,0,0,0,1291
08/15/2013,SFO,CA,AWP,WE,Towers with Radar,1004,224,21,0,1249,0,2,6,9,17,1004,226,27,9,1266,0,0,0,1266
08/16/2013,SFO,CA,AWP,WE,Towers with Radar,988,260,19,0,1267,0,2,5,2,9,988,262,24,2,1276,0,0,0,1276
08/17/2013,SFO,CA,AWP,WE,Towers with Radar,880,207,8,0,1095,0,1,7,2,10,880,208,15,2,1105,0,0,0,1105
08/18/2013,SFO,CA,AWP,WE,Towers with Radar,943,225,19,0,1187,0,3,17,9,29,943,228,36,9,1216,0,0,0,1216
08/19/2013,SFO,CA,AWP,WE,Towers with Radar,1005,251,22,0,1278,0,5,12,7,24,1005,256,34,7,1302,0,0,0,1302
08/20/2013,SFO,CA,AWP,WE,Towers with Radar,948,240,19,0,1207,0,2,7,8,17,948,242,26,8,1224,0,0,0,1224
08/21/2013,SFO,CA,AWP,WE,Towers with Radar,981,251,19,0,1251,0,4,6,9,19,981,255,25,9,1270,0,0,0,1270
08/22/2013,SFO,CA,AWP,WE,Towers with Radar,984,231,22,1,1238,0,1,4,2,7,984,232,26,3,1245,0,0,0,1245
08/23/2013,SFO,CA,AWP,WE,Towers with Radar,1007,239,16,0,1262,0,1,5,9,15,1007,240,21,9,1277,0,0,0,1277
08/24/2013,SFO,CA,AWP,WE,Towers with Radar,856,204,15,2,1077,0,0,3,2,5,856,204,18,4,1082,0,0,0,1082
08/25/2013,SFO,CA,AWP,WE,Towers with Radar,939,233,17,2,1191,0,1,5,4,10,939,234,22,6,1201,0,0,0,1201
08/26/2013,SFO,CA,AWP,WE,Towers with Radar,973,229,19,0,1221,0,3,4,6,13,973,232,23,6,1234,0,0,0,1234
08/27/2013,SFO,CA,AWP,WE,Towers with Radar,934,240,30,1,1205,0,2,6,12,20,934,242,36,13,1225,0,0,0,1225
08/28/2013,SFO,CA,AWP,WE,Towers with Radar,922,218,29,1,1170,0,1,8,7,16,922,219,37,8,1186,0,0,0,1186
08/29/2013,SFO,CA,AWP,WE,Towers with Radar,996,245,29,0,1270,0,7,7,9,23,996,252,36,9,1293,0,0,0,1293
08/30/2013,SFO,CA,AWP,WE,Towers with Radar,990,263,32,1,1286,0,4,6,10,20,990,267,38,11,1306,0,0,0,1306
08/31/2013,SFO,CA,AWP,WE,Towers with Radar,796,197,10,2,1005,0,1,7,4,12,796,198,17,6,1017,0,0,0,1017
09/01/2013,SFO,CA,AWP,WE,Towers with Radar,779,189,17,0,985,0,5,17,5,27,779,194,34,5,1012,0,0,0,1012
09/02/2013,SFO,CA,AWP,WE,Towers with Radar,928,240,33,2,1203,0,2,7,5,14,928,242,40,7,1217,0,0,0,1217
09/03/2013,SFO,CA,AWP,WE,Towers with Radar,968,258,29,2,1257,0,0,15,6,21,968,258,44,8,1278,0,0,0,1278
09/04/2013,SFO,CA,AWP,WE,Towers with Radar,948,249,22,1,1220,0,0,2,7,9,948,249,24,8,1229,0,0,0,1229
09/05/2013,SFO,CA,AWP,WE,Towers with Radar,946,238,27,0,1211,0,1,6,5,12,946,239,33,5,1223,0,0,0,1223
09/06/2013,SFO,CA,AWP,WE,Towers with Radar,993,250,24,0,1267,0,1,9,7,17,993,251,33,7,1284,0,0,0,1284
09/07/2013,SFO,CA,AWP,WE,Towers with Radar,787,210,13,0,1010,0,2,11,2,15,787,212,24,2,1025,0,0,0,1025
09/08/2013,SFO,CA,AWP,WE,Towers with Radar,952,257,47,0,1256,0,2,11,1,14,952,259,58,1,1270,0,0,0,1270
09/09/2013,SFO,CA,AWP,WE,Towers with Radar,977,247,38,0,1262,0,1,6,8,15,977,248,44,8,1277,0,0,0,1277
09/10/2013,SFO,CA,AWP,WE,Towers with Radar,908,259,37,0,1204,0,3,6,8,17,908,262,43,8,1221,0,0,0,1221
09/11/2013,SFO,CA,AWP,WE,Towers with Radar,936,237,29,0,1202,0,3,2,13,18,936,240,31,13,1220,0,0,0,1220
09/12/2013,SFO,CA,AWP,WE,Towers with Radar,909,218,35,1,1163,0,0,31,3,34,909,218,66,4,1197,0,0,0,1197
09/13/2013,SFO,CA,AWP,WE,Towers with Radar,980,230,31,1,1242,0,1,10,4,15,980,231,41,5,1257,0,0,0,1257
09/14/2013,SFO,CA,AWP,WE,Towers with Radar,797,189,10,2,998,0,0,13,2,15,797,189,23,4,1013,0,0,0,1013
09/15/2013,SFO,CA,AWP,WE,Towers with Radar,924,237,23,2,1186,0,1,5,6,12,924,238,28,8,1198,0,0,0,1198
09/16/2013,SFO,CA,AWP,WE,Towers with Radar,993,256,42,0,1291,0,0,5,12,17,993,256,47,12,1308,0,0,0,1308
09/17/2013,SFO,CA,AWP,WE,Towers with Radar,894,228,40,0,1162,0,3,17,8,28,894,231,57,8,1190,0,0,0,1190
09/18/2013,SFO,CA,AWP,WE,Towers with Radar,952,246,34,2,1234,0,0,6,6,12,952,246,40,8,1246,0,0,0,1246
09/19/2013,SFO,CA,AWP,WE,Towers with Radar,968,243,44,2,1257,0,4,4,8,16,968,247,48,10,1273,0,0,0,1273
09/20/2013,SFO,CA,AWP,WE,Towers with Radar,943,205,23,0,1171,0,2,4,5,11,943,207,27,5,1182,0,0,0,1182
09/21/2013,SFO,CA,AWP,WE,Towers with Radar,797,197,11,0,1005,0,0,12,6,18,797,197,23,6,1023,0,0,0,1023
09/22/2013,SFO,CA,AWP,WE,Towers with Radar,942,236,35,3,1216,0,1,7,3,11,942,237,42,6,1227,0,0,0,1227
09/23/2013,SFO,CA,AWP,WE,Towers with Radar,980,239,37,0,1256,0,2,4,4,10,980,241,41,4,1266,0,0,0,1266
09/24/2013,SFO,CA,AWP,WE,Towers with Radar,918,235,32,0,1185,0,3,6,8,17,918,238,38,8,1202,0,0,0,1202
09/25/2013,SFO,CA,AWP,WE,Towers with Radar,926,246,43,2,1217,0,7,10,5,22,926,253,53,7,1239,0,0,0,1239
09/26/2013,SFO,CA,AWP,WE,Towers with Radar,973,281,45,7,1306,0,2,2,4,8,973,283,47,11,1314,0,0,0,1314
09/27/2013,SFO,CA,AWP,WE,Towers with Radar,988,261,31,0,1280,0,1,11,7,19,988,262,42,7,1299,0,0,0,1299
09/28/2013,SFO,CA,AWP,WE,Towers with Radar,780,198,13,2,993,0,1,6,9,16,780,199,19,11,1009,0,0,0,1009
09/29/2013,SFO,CA,AWP,WE,Towers with Radar,927,258,19,2,1206,0,2,10,7,19,927,260,29,9,1225,0,0,0,1225
09/30/2013,SFO,CA,AWP,WE,Towers with Radar,942,242,22,3,1209,0,1,8,3,12,942,243,30,6,1221,0,0,0,1221
10/01/2013,SFO,CA,AWP,WE,Towers with Radar,898,247,43,1,1189,0,7,9,6,22,898,254,52,7,1211,0,0,0,1211
10/02/2013,SFO,CA,AWP,WE,Towers with Radar,924,256,38,0,1218,0,10,9,12,31,924,266,47,12,1249,0,0,0,1249
10/03/2013,SFO,CA,AWP,WE,Towers with Radar,952,261,40,0,1253,0,2,18,12,32,952,263,58,12,1285,0,0,0,1285
10/04/2013,SFO,CA,AWP,WE,Towers with Radar,966,260,38,1,1265,0,3,4,7,14,966,263,42,8,1279,0,0,0,1279
10/05/2013,SFO,CA,AWP,WE,Towers with Radar,780,218,24,0,1022,0,0,10,2,12,780,218,34,2,1034,0,0,0,1034
10/06/2013,SFO,CA,AWP,WE,Towers with Radar,929,266,31,1,1227,0,1,14,3,18,929,267,45,4,1245,0,0,0,1245
10/07/2013,SFO,CA,AWP,WE,Towers with Radar,957,253,38,2,1250,0,5,6,8,19,957,258,44,10,1269,0,0,0,1269
10/08/2013,SFO,CA,AWP,WE,Towers with Radar,903,240,39,0,1182,0,5,6,10,21,903,245,45,10,1203,0,0,0,1203
10/09/2013,SFO,CA,AWP,WE,Towers with Radar,931,253,35,1,1220,0,9,4,9,22,931,262,39,10,1242,0,0,0,1242
10/10/2013,SFO,CA,AWP,WE,Towers with Radar,953,251,58,0,1262,0,8,6,15,29,953,259,64,15,1291,0,0,0,1291
10/11/2013,SFO,CA,AWP,WE,Towers with Radar,971,262,34,2,1269,0,8,8,7,23,971,270,42,9,1292,0,0,0,1292
10/12/2013,SFO,CA,AWP,WE,Towers with Radar,773,211,13,1,998,0,4,8,11,23,773,215,21,12,1021,0,0,0,1021
10/13/2013,SFO,CA,AWP,WE,Towers with Radar,905,254,30,0,1189,0,4,20,5,29,905,258,50,5,1218,0,0,0,1218
10/14/2013,SFO,CA,AWP,WE,Towers with Radar,967,254,23,1,1245,0,9,6,2,17,967,263,29,3,1262,0,0,0,1262
10/15/2013,SFO,CA,AWP,WE,Towers with Radar,890,238,20,0,1148,0,2,12,1,15,890,240,32,1,1163,0,0,0,1163
10/16/2013,SFO,CA,AWP,WE,Towers with Radar,932,251,34,0,1217,0,5,8,10,23,932,256,42,10,1240,0,0,0,1240
10/17/2013,SFO,CA,AWP,WE,Towers with Radar,964,236,41,1,1242,0,10,7,8,25,964,246,48,9,1267,0,0,0,1267
10/18/2013,SFO,CA,AWP,WE,Towers with Radar,972,253,37,3,1265,0,13,9,8,30,972,266,46,11,1295,0,0,0,1295
10/19/2013,SFO,CA,AWP,WE,Towers with Radar,783,208,22,0,1013,0,7,10,3,20,783,215,32,3,1033,0,0,0,1033
10/20/2013,SFO,CA,AWP,WE,Towers with Radar,918,241,33,0,1192,0,7,4,10,21,918,248,37,10,1213,0,0,0,1213
10/21/2013,SFO,CA,AWP,WE,Towers with Radar,951,215,31,0,1197,0,1,1,6,8,951,216,32,6,1205,0,0,0,1205
10/22/2013,SFO,CA,AWP,WE,Towers with Radar,881,222,25,1,1129,0,0,2,4,6,881,222,27,5,1135,0,0,0,1135
10/23/2013,SFO,CA,AWP,WE,Towers with Radar,917,234,22,0,1173,0,1,2,4,7,917,235,24,4,1180,0,0,0,1180
10/24/2013,SFO,CA,AWP,WE,Towers with Radar,918,208,35,1,1162,0,0,4,0,4,918,208,39,1,1166,0,0,0,1166
10/25/2013,SFO,CA,AWP,WE,Towers with Radar,969,255,37,2,1263,0,3,17,5,25,969,258,54,7,1288,0,0,0,1288
10/26/2013,SFO,CA,AWP,WE,Towers with Radar,774,211,20,1,1006,0,5,6,3,14,774,216,26,4,1020,0,0,0,1020
10/27/2013,SFO,CA,AWP,WE,Towers with Radar,846,186,17,1,1050,0,0,3,2,5,846,186,20,3,1055,0,0,0,1055
10/28/2013,SFO,CA,AWP,WE,Towers with Radar,975,254,38,2,1269,0,1,10,14,25,975,255,48,16,1294,0,0,0,1294
10/29/2013,SFO,CA,AWP,WE,Towers with Radar,882,237,37,1,1157,0,1,7,7,15,882,238,44,8,1172,0,0,0,1172
10/30/2013,SFO,CA,AWP,WE,Towers with Radar,916,253,34,0,1203,0,0,6,8,14,916,253,40,8,1217,0,0,0,1217
10/31/2013,SFO,CA,AWP,WE,Towers with Radar,860,220,39,2,1121,0,2,9,5,16,860,222,48,7,1137,0,0,0,1137
11/01/2013,SFO,CA,AWP,WE,Towers with Radar,906,247,39,0,1192,0,2,12,7,21,906,249,51,7,1213,0,0,0,1213
11/02/2013,SFO,CA,AWP,WE,Towers with Radar,760,208,18,1,987,0,4,11,6,21,760,212,29,7,1008,0,0,0,1008
11/03/2013,SFO,CA,AWP,WE,Towers with Radar,890,236,19,1,1146,0,0,6,6,12,890,236,25,7,1158,0,0,0,1158
11/04/2013,SFO,CA,AWP,WE,Towers with Radar,928,255,35,1,1219,0,4,10,10,24,928,259,45,11,1243,0,0,0,1243
11/05/2013,SFO,CA,AWP,WE,Towers with Radar,860,228,35,1,1124,0,3,19,11,33,860,231,54,12,1157,0,0,0,1157
11/06/2013,SFO,CA,AWP,WE,Towers with Radar,899,234,37,0,1170,0,3,9,9,21,899,237,46,9,1191,0,0,0,1191
11/07/2013,SFO,CA,AWP,WE,Towers with Radar,941,255,34,1,1231,0,0,6,11,17,941,255,40,12,1248,0,0,0,1248
11/08/2013,SFO,CA,AWP,WE,Towers with Radar,946,218,44,2,1210,0,1,10,1,12,946,219,54,3,1222,0,0,0,1222
11/09/2013,SFO,CA,AWP,WE,Towers with Radar,754,197,20,2,973,0,2,9,3,14,754,199,29,5,987,0,0,0,987
11/10/2013,SFO,CA,AWP,WE,Towers with Radar,875,233,39,4,1151,0,8,2,7,17,875,241,41,11,1168,0,0,0,1168
11/11/2013,SFO,CA,AWP,WE,Towers with Radar,929,238,32,1,1200,0,0,6,3,9,929,238,38,4,1209,0,0,0,1209
11/12/2013,SFO,CA,AWP,WE,Towers with Radar,862,271,46,2,1181,0,0,2,5,7,862,271,48,7,1188,0,0,0,1188
11/13/2013,SFO,CA,AWP,WE,Towers with Radar,905,249,35,1,1190,0,0,6,8,14,905,249,41,9,1204,0,0,0,1204
11/14/2013,SFO,CA,AWP,WE,Towers with Radar,908,262,44,2,1216,0,0,5,10,15,908,262,49,12,1231,0,0,0,1231
11/15/2013,SFO,CA,AWP,WE,Towers with Radar,934,256,40,1,1231,0,4,2,8,14,934,260,42,9,1245,0,0,0,1245
11/16/2013,SFO,CA,AWP,WE,Towers with Radar,773,189,18,1,981,0,2,5,5,12,773,191,23,6,993,0,0,0,993
11/17/2013,SFO,CA,AWP,WE,Towers with Radar,853,223,23,0,1099,1,4,8,1,14,854,227,31,1,1113,0,0,0,1113
11/18/2013,SFO,CA,AWP,WE,Towers with Radar,939,244,32,1,1216,0,0,4,5,9,939,244,36,6,1225,0,0,0,1225
11/19/2013,SFO,CA,AWP,WE,Towers with Radar,855,216,26,2,1099,0,0,3,2,5,855,216,29,4,1104,0,0,0,1104
11/20/2013,SFO,CA,AWP,WE,Towers with Radar,884,203,39,1,1127,0,0,1,1,2,884,203,40,2,1129,0,0,0,1129
11/21/2013,SFO,CA,AWP,WE,Towers with Radar,938,265,39,1,1243,0,0,8,5,13,938,265,47,6,1256,0,0,0,1256
11/22/2013,SFO,CA,AWP,WE,Towers with Radar,922,255,45,4,1226,0,1,10,10,21,922,256,55,14,1247,0,0,0,1247
11/23/2013,SFO,CA,AWP,WE,Towers with Radar,808,207,21,4,1040,0,3,6,6,15,808,210,27,10,1055,0,0,0,1055
11/24/2013,SFO,CA,AWP,WE,Towers with Radar,858,221,24,1,1104,0,3,14,2,19,858,224,38,3,1123,0,0,0,1123
11/25/2013,SFO,CA,AWP,WE,Towers with Radar,869,232,23,6,1130,0,6,8,6,20,869,238,31,12,1150,0,0,0,1150
11/26/2013,SFO,CA,AWP,WE,Towers with Radar,883,234,23,4,1144,0,7,5,10,22,883,241,28,14,1166,0,0,0,1166
11/27/2013,SFO,CA,AWP,WE,Towers with Radar,923,243,14,1,1181,0,1,7,3,11,923,244,21,4,1192,0,0,0,1192
11/28/2013,SFO,CA,AWP,WE,Towers with Radar,627,155,4,0,786,0,1,3,5,9,627,156,7,5,795,0,0,0,795
11/29/2013,SFO,CA,AWP,WE,Towers with Radar,724,179,11,0,914,0,1,8,4,13,724,180,19,4,927,0,0,0,927
11/30/2013,SFO,CA,AWP,WE,Towers with Radar,867,203,11,3,1084,0,3,4,1,8,867,206,15,4,1092,0,0,0,1092
12/01/2013,SFO,CA,AWP,WE,Towers with Radar,966,231,35,0,1232,0,5,12,5,22,966,236,47,5,1254,0,0,0,1254
12/02/2013,SFO,CA,AWP,WE,Towers with Radar,921,230,21,0,1172,0,1,4,12,17,921,231,25,12,1189,0,0,0,1189
12/03/2013,SFO,CA,AWP,WE,Towers with Radar,889,243,41,2,1175,0,5,8,10,23,889,248,49,12,1198,0,0,0,1198
12/04/2013,SFO,CA,AWP,WE,Towers with Radar,861,238,32,0,1131,0,3,5,5,13,861,241,37,5,1144,0,0,0,1144
12/05/2013,SFO,CA,AWP,WE,Towers with Radar,862,239,29,0,1130,0,1,9,9,19,862,240,38,9,1149,0,0,0,1149
12/06/2013,SFO,CA,AWP,WE,Towers with Radar,850,205,26,0,1081,0,1,8,12,21,850,206,34,12,1102,0,0,0,1102
12/07/2013,SFO,CA,AWP,WE,Towers with Radar,744,205,23,2,974,0,2,3,1,6,744,207,26,3,980,0,0,0,980
12/08/2013,SFO,CA,AWP,WE,Towers with Radar,807,236,39,0,1082,0,5,8,11,24,807,241,47,11,1106,0,0,0,1106
12/09/2013,SFO,CA,AWP,WE,Towers with Radar,855,224,57,1,1137,1,1,7,2,11,856,225,64,3,1148,0,0,0,1148
12/10/2013,SFO,CA,AWP,WE,Towers with Radar,813,243,35,0,1091,0,2,7,9,18,813,245,42,9,1109,0,0,0,1109
12/11/2013,SFO,CA,AWP,WE,Towers with Radar,854,237,37,0,1128,0,5,8,10,23,854,242,45,10,1151,0,0,0,1151
12/12/2013,SFO,CA,AWP,WE,Towers with Radar,895,247,28,2,1172,0,0,1,8,9,895,247,29,10,1181,0,0,0,1181
12/13/2013,SFO,CA,AWP,WE,Towers with Radar,907,241,33,2,1183,0,3,12,13,28,907,244,45,15,1211,0,0,0,1211
12/14/2013,SFO,CA,AWP,WE,Towers with Radar,722,192,21,1,936,0,3,9,4,16,722,195,30,5,952,0,0,0,952
12/15/2013,SFO,CA,AWP,WE,Towers with Radar,838,207,19,1,1065,0,4,7,3,14,838,211,26,4,1079,0,0,0,1079
12/16/2013,SFO,CA,AWP,WE,Towers with Radar,895,242,36,1,1174,0,5,3,14,22,895,247,39,15,1196,0,0,0,1196
12/17/2013,SFO,CA,AWP,WE,Towers with Radar,812,244,36,0,1092,0,2,3,12,17,812,246,39,12,1109,0,0,0,1109
12/18/2013,SFO,CA,AWP,WE,Towers with Radar,868,239,32,4,1143,0,1,7,7,15,868,240,39,11,1158,0,0,0,1158
12/19/2013,SFO,CA,AWP,WE,Towers with Radar,954,261,26,2,1243,0,2,2,16,20,954,263,28,18,1263,0,0,0,1263
12/20/2013,SFO,CA,AWP,WE,Towers with Radar,961,253,29,1,1244,0,9,2,5,16,961,262,31,6,1260,0,0,0,1260
12/21/2013,SFO,CA,AWP,WE,Towers with Radar,893,229,23,1,1146,0,1,7,5,13,893,230,30,6,1159,0,0,0,1159
12/22/2013,SFO,CA,AWP,WE,Towers with Radar,899,247,23,0,1169,0,5,12,4,21,899,252,35,4,1190,0,0,0,1190
12/23/2013,SFO,CA,AWP,WE,Towers with Radar,948,249,31,0,1228,0,6,12,8,26,948,255,43,8,1254,0,0,0,1254
12/24/2013,SFO,CA,AWP,WE,Towers with Radar,740,205,17,0,962,0,2,8,4,14,740,207,25,4,976,0,0,0,976
12/25/2013,SFO,CA,AWP,WE,Towers with Radar,755,182,7,0,944,0,0,0,1,1,755,182,7,1,945,0,0,0,945
12/26/2013,SFO,CA,AWP,WE,Towers with Radar,954,256,31,1,1242,0,0,15,4,19,954,256,46,5,1261,0,0,0,1261
12/27/2013,SFO,CA,AWP,WE,Towers with Radar,965,257,23,2,1247,0,0,12,5,17,965,257,35,7,1264,0,0,0,1264
12/28/2013,SFO,CA,AWP,WE,Towers with Radar,879,223,23,1,1126,0,3,5,1,9,879,226,28,2,1135,0,0,0,1135
12/29/2013,SFO,CA,AWP,WE,Towers with Radar,887,224,13,1,1125,0,3,13,3,19,887,227,26,4,1144,0,0,0,1144
12/30/2013,SFO,CA,AWP,WE,Towers with Radar,934,250,13,0,1197,0,3,9,9,21,934,253,22,9,1218,0,0,0,1218
12/31/2013,SFO,CA,AWP,WE,Towers with Radar,777,209,8,1,995,0,4,9,3,16,777,213,17,4,1011,0,0,0,1011
01/01/2014,SFO,CA,AWP,WE,Towers with Radar,820,225,24,0,1069,0,4,2,0,6,820,229,26,0,1075,0,0,0,1075
01/02/2014,SFO,CA,AWP,WE,Towers with Radar,893,266,36,0,1195,0,1,9,4,14,893,267,45,4,1209,0,0,0,1209
01/03/2014,SFO,CA,AWP,WE,Towers with Radar,889,244,31,1,1165,0,0,9,7,16,889,244,40,8,1181,0,0,0,1181
01/04/2014,SFO,CA,AWP,WE,Towers with Radar,819,199,27,2,1047,0,1,4,3,8,819,200,31,5,1055,0,0,0,1055
01/05/2014,SFO,CA,AWP,WE,Towers with Radar,845,251,34,0,1130,0,4,8,4,16,845,255,42,4,1146,0,0,0,1146
01/06/2014,SFO,CA,AWP,WE,Towers with Radar,912,255,31,1,1199,0,3,5,0,8,912,258,36,1,1207,0,0,0,1207
01/07/2014,SFO,CA,AWP,WE,Towers with Radar,796,239,27,1,1063,0,0,3,11,14,796,239,30,12,1077,0,0,0,1077
01/08/2014,SFO,CA,AWP,WE,Towers with Radar,823,245,19,4,1091,0,1,3,8,12,823,246,22,12,1103,0,0,0,1103
01/09/2014,SFO,CA,AWP,WE,Towers with Radar,884,247,25,5,1161,0,3,2,14,19,884,250,27,19,1180,0,0,0,1180
01/10/2014,SFO,CA,AWP,WE,Towers with Radar,892,252,23,3,1170,0,4,4,9,17,892,256,27,12,1187,0,0,0,1187
01/11/2014,SFO,CA,AWP,WE,Towers with Radar,691,196,16,2,905,0,3,4,3,10,691,199,20,5,915,0,0,0,915
01/12/2014,SFO,CA,AWP,WE,Towers with Radar,842,254,51,0,1147,0,1,5,3,9,842,255,56,3,1156,0,0,0,1156
01/13/2014,SFO,CA,AWP,WE,Towers with Radar,851,268,63,0,1182,0,2,6,14,22,851,270,69,14,1204,0,0,0,1204
01/14/2014,SFO,CA,AWP,WE,Towers with Radar,794,267,55,0,1116,0,4,2,9,15,794,271,57,9,1131,0,0,0,1131
01/15/2014,SFO,CA,AWP,WE,Towers with Radar,831,271,60,1,1163,0,6,5,4,15,831,277,65,5,1178,0,0,0,1178
01/16/2014,SFO,CA,AWP,WE,Towers with Radar,884,274,65,0,1223,0,0,4,7,11,884,274,69,7,1234,0,0,0,1234
01/17/2014,SFO,CA,AWP,WE,Towers with Radar,893,249,46,0,1188,0,5,5,14,24,893,254,51,14,1212,0,0,0,1212
01/18/2014,SFO,CA,AWP,WE,Towers with Radar,685,202,24,0,911,0,3,10,5,18,685,205,34,5,929,0,0,0,929
01/19/2014,SFO,CA,AWP,WE,Towers with Radar,799,230,17,0,1046,0,2,6,2,10,799,232,23,2,1056,0,0,0,1056
01/20/2014,SFO,CA,AWP,WE,Towers with Radar,870,259,35,0,1164,0,1,6,2,9,870,260,41,2,1173,0,0,0,1173
01/21/2014,SFO,CA,AWP,WE,Towers with Radar,735,246,20,1,1002,0,2,12,8,22,735,248,32,9,1024,0,0,0,1024
01/22/2014,SFO,CA,AWP,WE,Towers with Radar,789,255,41,0,1085,0,7,7,11,25,789,262,48,11,1110,0,0,0,1110
01/23/2014,SFO,CA,AWP,WE,Towers with Radar,875,253,38,2,1168,0,3,5,11,19,875,256,43,13,1187,0,0,0,1187
01/24/2014,SFO,CA,AWP,WE,Towers with Radar,872,253,24,0,1149,0,8,1,10,19,872,261,25,10,1168,0,0,0,1168
01/25/2014,SFO,CA,AWP,WE,Towers with Radar,699,197,13,0,909,0,2,9,3,14,699,199,22,3,923,0,0,0,923
01/26/2014,SFO,CA,AWP,WE,Towers with Radar,833,237,21,4,1095,0,2,0,5,7,833,239,21,9,1102,0,0,0,1102
01/27/2014,SFO,CA,AWP,WE,Towers with Radar,856,253,30,2,1141,0,4,7,5,16,856,257,37,7,1157,0,0,0,1157
01/28/2014,SFO,CA,AWP,WE,Towers with Radar,786,255,23,1,1065,0,1,5,8,14,786,256,28,9,1079,0,0,0,1079
01/29/2014,SFO,CA,AWP,WE,Towers with Radar,784,216,31,2,1033,0,0,5,8,13,784,216,36,10,1046,0,0,0,1046
01/30/2014,SFO,CA,AWP,WE,Towers with Radar,865,254,29,2,1150,0,5,2,10,17,865,259,31,12,1167,0,0,0,1167
01/31/2014,SFO,CA,AWP,WE,Towers with Radar,893,249,22,2,1166,0,4,3,7,14,893,253,25,9,1180,0,0,0,1180
02/01/2014,SFO,CA,AWP,WE,Towers with Radar,699,199,31,1,930,0,2,2,5,9,699,201,33,6,939,0,0,0,939
02/02/2014,SFO,CA,AWP,WE,Towers with Radar,754,153,15,0,922,0,2,2,0,4,754,155,17,0,926,0,0,0,926
02/03/2014,SFO,CA,AWP,WE,Towers with Radar,833,253,32,0,1118,0,0,1,0,1,833,253,33,0,1119,0,0,0,1119
02/04/2014,SFO,CA,AWP,WE,Towers with Radar,759,240,25,0,1024,0,0,3,11,14,759,240,28,11,1038,0,0,0,1038
02/05/2014,SFO,CA,AWP,WE,Towers with Radar,773,249,36,0,1058,0,1,13,8,22,773,250,49,8,1080,0,0,0,1080
02/06/2014,SFO,CA,AWP,WE,Towers with Radar,832,202,22,3,1059,0,0,6,10,16,832,202,28,13,1075,0,0,0,1075
02/07/2014,SFO,CA,AWP,WE,Towers with Radar,827,163,14,1,1005,0,0,4,9,13,827,163,18,10,1018,0,0,0,1018
02/08/2014,SFO,CA,AWP,WE,Towers with Radar,723,129,8,0,860,0,0,5,0,5,723,129,13,0,865,0,0,0,865
02/09/2014,SFO,CA,AWP,WE,Towers with Radar,752,147,12,2,913,0,0,4,0,4,752,147,16,2,917,0,0,0,917
02/10/2014,SFO,CA,AWP,WE,Towers with Radar,907,230,16,2,1155,0,2,1,10,13,907,232,17,12,1168,0,0,0,1168
02/11/2014,SFO,CA,AWP,WE,Towers with Radar,781,238,41,0,1060,0,1,2,6,9,781,239,43,6,1069,0,0,0,1069
02/12/2014,SFO,CA,AWP,WE,Towers with Radar,776,241,43,4,1064,0,0,6,3,9,776,241,49,7,1073,0,0,0,1073
02/13/2014,SFO,CA,AWP,WE,Towers with Radar,817,222,32,2,1073,0,2,3,4,9,817,224,35,6,1082,0,0,0,1082
02/14/2014,SFO,CA,AWP,WE,Towers with Radar,883,254,36,0,1173,0,5,3,8,16,883,259,39,8,1189,0,0,0,1189
02/15/2014,SFO,CA,AWP,WE,Towers with Radar,734,217,25,1,977,1,1,4,4,10,735,218,29,5,987,0,0,0,987
02/16/2014,SFO,CA,AWP,WE,Towers with Radar,809,228,15,2,1054,0,0,5,4,9,809,228,20,6,1063,0,0,0,1063
02/17/2014,SFO,CA,AWP,WE,Towers with Radar,870,252,20,3,1145,1,0,2,4,7,871,252,22,7,1152,0,0,0,1152
02/18/2014,SFO,CA,AWP,WE,Towers with Radar,836,259,33,1,1129,0,5,10,8,23,836,264,43,9,1152,0,0,0,1152
02/19/2014,SFO,CA,AWP,WE,Towers with Radar,849,261,26,1,1137,0,4,3,10,17,849,265,29,11,1154,0,0,0,1154
02/20/2014,SFO,CA,AWP,WE,Towers with Radar,891,257,28,3,1179,0,3,4,13,20,891,260,32,16,1199,0,0,0,1199
02/21/2014,SFO,CA,AWP,WE,Towers with Radar,892,269,26,0,1187,0,1,7,16,24,892,270,33,16,1211,0,0,0,1211
02/22/2014,SFO,CA,AWP,WE,Towers with Radar,747,220,24,2,993,0,1,9,5,15,747,221,33,7,1008,0,0,0,1008
02/23/2014,SFO,CA,AWP,WE,Towers with Radar,846,256,27,3,1132,0,2,8,3,13,846,258,35,6,1145,0,0,0,1145
02/24/2014,SFO,CA,AWP,WE,Towers with Radar,882,248,37,2,1169,0,0,2,14,16,882,248,39,16,1185,0,0,0,1185
02/25/2014,SFO,CA,AWP,WE,Towers with Radar,830,241,51,0,1122,0,1,2,12,15,830,242,53,12,1137,0,0,0,1137
02/26/2014,SFO,CA,AWP,WE,Towers with Radar,765,159,25,0,949,0,2,0,18,20,765,161,25,18,969,0,0,0,969
02/27/2014,SFO,CA,AWP,WE,Towers with Radar,886,206,24,1,1117,0,3,3,12,18,886,209,27,13,1135,0,0,0,1135
02/28/2014,SFO,CA,AWP,WE,Towers with Radar,801,150,22,1,974,0,0,8,16,24,801,150,30,17,998,0,0,0,998
03/01/2014,SFO,CA,AWP,WE,Towers with Radar,779,165,11,4,959,0,0,5,4,9,779,165,16,8,968,0,0,0,968
03/02/2014,SFO,CA,AWP,WE,Towers with Radar,829,243,27,2,1101,0,0,4,4,8,829,243,31,6,1109,0,0,0,1109
03/03/2014,SFO,CA,AWP,WE,Towers with Radar,879,266,43,3,1191,0,0,2,15,17,879,266,45,18,1208,0,0,0,1208
03/04/2014,SFO,CA,AWP,WE,Towers with Radar,848,264,51,1,1164,0,0,3,7,10,848,264,54,8,1174,0,0,0,1174
03/05/2014,SFO,CA,AWP,WE,Towers with Radar,865,261,51,1,1178,0,0,2,9,11,865,261,53,10,1189,0,0,0,1189
03/06/2014,SFO,CA,AWP,WE,Towers with Radar,905,269,35,2,1211,0,0,4,12,16,905,269,39,14,1227,0,0,0,1227
03/07/2014,SFO,CA,AWP,WE,Towers with Radar,923,271,36,0,1230,0,2,3,6,11,923,273,39,6,1241,0,0,0,1241
03/08/2014,SFO,CA,AWP,WE,Towers with Radar,747,235,9,0,991,0,2,9,4,15,747,237,18,4,1006,0,0,0,1006
03/09/2014,SFO,CA,AWP,WE,Towers with Radar,861,266,29,0,1156,0,2,5,5,12,861,268,34,5,1168,0,0,0,1168
03/10/2014,SFO,CA,AWP,WE,Towers with Radar,906,270,27,2,1205,0,2,6,8,16,906,272,33,10,1221,0,0,0,1221
03/11/2014,SFO,CA,AWP,WE,Towers with Radar,827,268,35,1,1131,0,3,3,7,13,827,271,38,8,1144,0,0,0,1144
03/12/2014,SFO,CA,AWP,WE,Towers with Radar,883,256,33,0,1172,0,7,9,7,23,883,263,42,7,1195,0,0,0,1195
03/13/2014,SFO,CA,AWP,WE,Towers with Radar,906,278,33,1,1218,0,1,5,17,23,906,279,38,18,1241,0,0,0,1241
03/14/2014,SFO,CA,AWP,WE,Towers with Radar,931,276,21,1,1229,0,2,5,6,13,931,278,26,7,1242,0,0,0,1242
03/15/2014,SFO,CA,AWP,WE,Towers with Radar,744,229,9,2,984,0,2,14,8,24,744,231,23,10,1008,0,0,0,1008
03/16/2014,SFO,CA,AWP,WE,Towers with Radar,858,248,31,2,1139,0,0,2,6,8,858,248,33,8,1147,0,0,0,1147
03/17/2014,SFO,CA,AWP,WE,Towers with Radar,910,265,44,3,1222,0,1,4,13,18,910,266,48,16,1240,0,0,0,1240
03/18/2014,SFO,CA,AWP,WE,Towers with Radar,851,269,28,1,1149,0,4,10,17,31,851,273,38,18,1180,0,0,0,1180
03/19/2014,SFO,CA,AWP,WE,Towers with Radar,895,268,48,2,1213,0,4,7,7,18,895,272,55,9,1231,0,0,0,1231
03/20/2014,SFO,CA,AWP,WE,Towers with Radar,908,278,38,6,1230,0,3,9,7,19,908,281,47,13,1249,0,0,0,1249
03/21/2014,SFO,CA,AWP,WE,Towers with Radar,926,262,36,1,1225,0,4,5,12,21,926,266,41,13,1246,0,0,0,1246
03/22/2014,SFO,CA,AWP,WE,Towers with Radar,755,228,18,1,1002,0,2,7,9,18,755,230,25,10,1020,0,0,0,1020
03/23/2014,SFO,CA,AWP,WE,Towers with Radar,871,251,32,2,1156,0,1,3,3,7,871,252,35,5,1163,0,0,0,1163
03/24/2014,SFO,CA,AWP,WE,Towers with Radar,910,268,39,0,1217,0,2,9,19,30,910,270,48,19,1247,0,0,0,1247
03/25/2014,SFO,CA,AWP,WE,Towers with Radar,857,245,27,2,1131,0,1,2,8,11,857,246,29,10,1142,0,0,0,1142
03/26/2014,SFO,CA,AWP,WE,Towers with Radar,890,241,19,1,1151,0,0,2,3,5,890,241,21,4,1156,0,0,0,1156
03/27/2014,SFO,CA,AWP,WE,Towers with Radar,908,264,35,0,1207,0,0,7,12,19,908,264,42,12,1226,0,0,0,1226
03/28/2014,SFO,CA,AWP,WE,Towers with Radar,939,255,35,0,1229,0,5,8,9,22,939,260,43,9,1251,0,0,0,1251
03/29/2014,SFO,CA,AWP,WE,Towers with Radar,760,210,23,1,994,0,0,2,1,3,760,210,25,2,997,0,0,0,997
03/30/2014,SFO,CA,AWP,WE,Towers with Radar,879,252,25,0,1156,0,1,13,6,20,879,253,38,6,1176,0,0,0,1176
03/31/2014,SFO,CA,AWP,WE,Towers with Radar,850,179,23,0,1052,0,2,5,6,13,850,181,28,6,1065,0,0,0,1065
04/01/2014,SFO,CA,AWP,WE,Towers with Radar,836,158,15,1,1010,0,1,2,11,14,836,159,17,12,1024,0,0,0,1024
04/02/2014,SFO,CA,AWP,WE,Towers with Radar,938,243,40,1,1222,0,3,3,9,15,938,246,43,10,1237,0,0,0,1237
04/03/2014,SFO,CA,AWP,WE,Towers with Radar,948,252,34,3,1237,0,3,7,11,21,948,255,41,14,1258,0,0,0,1258
04/04/2014,SFO,CA,AWP,WE,Towers with Radar,971,254,19,2,1246,0,2,5,9,16,971,256,24,11,1262,0,0,0,1262
04/05/2014,SFO,CA,AWP,WE,Towers with Radar,787,228,12,0,1027,0,0,3,3,6,787,228,15,3,1033,0,0,0,1033
04/06/2014,SFO,CA,AWP,WE,Towers with Radar,907,234,18,1,1160,0,2,6,6,14,907,236,24,7,1174,0,0,0,1174
04/07/2014,SFO,CA,AWP,WE,Towers with Radar,950,246,31,2,1229,0,4,5,14,23,950,250,36,16,1252,0,0,0,1252
04/08/2014,SFO,CA,AWP,WE,Towers with Radar,928,248,31,0,1207,0,5,30,10,45,928,253,61,10,1252,0,0,0,1252
04/09/2014,SFO,CA,AWP,WE,Towers with Radar,934,246,46,3,1229,0,11,15,8,34,934,257,61,11,1263,0,0,0,1263
04/10/2014,SFO,CA,AWP,WE,Towers with Radar,973,258,36,1,1268,0,1,7,5,13,973,259,43,6,1281,0,0,0,1281
04/11/2014,SFO,CA,AWP,WE,Towers with Radar,974,273,44,1,1292,0,5,3,2,10,974,278,47,3,1302,0,0,0,1302
04/12/2014,SFO,CA,AWP,WE,Towers with Radar,771,214,25,1,1011,0,0,2,4,6,771,214,27,5,1017,0,0,0,1017
04/13/2014,SFO,CA,AWP,WE,Towers with Radar,891,241,21,2,1155,0,1,2,4,7,891,242,23,6,1162,0,0,0,1162
04/14/2014,SFO,CA,AWP,WE,Towers with Radar,962,253,32,1,1248,0,3,4,6,13,962,256,36,7,1261,0,0,0,1261
04/15/2014,SFO,CA,AWP,WE,Towers with Radar,918,245,30,0,1193,0,0,5,8,13,918,245,35,8,1206,0,0,0,1206
04/16/2014,SFO,CA,AWP,WE,Towers with Radar,934,238,46,0,1218,0,3,6,10,19,934,241,52,10,1237,0,0,0,1237
04/17/2014,SFO,CA,AWP,WE,Towers with Radar,974,256,31,1,1262,0,2,4,4,10,974,258,35,5,1272,0,0,0,1272
04/18/2014,SFO,CA,AWP,WE,Towers with Radar,974,241,21,2,1238,0,3,6,5,14,974,244,27,7,1252,0,0,0,1252
04/19/2014,SFO,CA,AWP,WE,Towers with Radar,774,203,16,1,994,0,1,10,7,18,774,204,26,8,1012,0,0,0,1012
04/20/2014,SFO,CA,AWP,WE,Towers with Radar,885,244,22,3,1154,0,8,8,3,19,885,252,30,6,1173,0,0,0,1173
04/21/2014,SFO,CA,AWP,WE,Towers with Radar,949,249,46,0,1244,0,0,3,4,7,949,249,49,4,1251,0,0,0,1251
04/22/2014,SFO,CA,AWP,WE,Towers with Radar,918,238,25,0,1181,0,1,5,9,15,918,239,30,9,1196,0,0,0,1196
04/23/2014,SFO,CA,AWP,WE,Towers with Radar,930,260,39,0,1229,0,4,4,11,19,930,264,43,11,1248,0,0,0,1248
04/24/2014,SFO,CA,AWP,WE,Towers with Radar,961,251,33,1,1246,0,0,5,8,13,961,251,38,9,1259,0,0,0,1259
04/25/2014,SFO,CA,AWP,WE,Towers with Radar,972,235,31,0,1238,0,0,4,6,10,972,235,35,6,1248,0,0,0,1248
04/26/2014,SFO,CA,AWP,WE,Towers with Radar,789,210,19,0,1018,0,2,8,7,17,789,212,27,7,1035,0,0,0,1035
04/27/2014,SFO,CA,AWP,WE,Towers with Radar,888,249,18,0,1155,0,2,6,3,11,888,251,24,3,1166,0,0,0,1166
04/28/2014,SFO,CA,AWP,WE,Towers with Radar,982,230,33,2,1247,0,3,7,12,22,982,233,40,14,1269,0,0,0,1269
04/29/2014,SFO,CA,AWP,WE,Towers with Radar,922,251,48,1,1222,0,1,7,11,19,922,252,55,12,1241,0,0,0,1241
04/30/2014,SFO,CA,AWP,WE,Towers with Radar,932,242,51,2,1227,0,5,11,7,23,932,247,62,9,1250,0,0,0,1250
05/01/2014,SFO,CA,AWP,WE,Towers with Radar,991,255,42,2,1290,0,4,13,9,26,991,259,55,11,1316,0,0,0,1316
05/02/2014,SFO,CA,AWP,WE,Towers with Radar,976,250,31,1,1258,0,3,6,11,20,976,253,37,12,1278,0,0,0,1278
05/03/2014,SFO,CA,AWP,WE,Towers with Radar,817,211,20,2,1050,0,2,6,7,15,817,213,26,9,1065,0,0,0,1065
05/04/2014,SFO,CA,AWP,WE,Towers with Radar,900,227,22,1,1150,0,1,6,6,13,900,228,28,7,1163,0,0,0,1163
05/05/2014,SFO,CA,AWP,WE,Towers with Radar,981,253,36,2,1272,0,6,16,11,33,981,259,52,13,1305,0,0,0,1305
05/06/2014,SFO,CA,AWP,WE,Towers with Radar,925,247,26,0,1198,1,2,13,7,23,926,249,39,7,1221,0,0,0,1221
05/07/2014,SFO,CA,AWP,WE,Towers with Radar,960,248,45,0,1253,0,1,7,12,20,960,249,52,12,1273,0,0,0,1273
05/08/2014,SFO,CA,AWP,WE,Towers with Radar,921,224,31,2,1178,0,2,4,5,11,921,226,35,7,1189,0,0,0,1189
05/09/2014,SFO,CA,AWP,WE,Towers with Radar,1008,255,45,0,1308,0,9,5,3,17,1008,264,50,3,1325,0,0,0,1325
05/10/2014,SFO,CA,AWP,WE,Towers with Radar,824,207,19,0,1050,0,1,6,6,13,824,208,25,6,1063,0,0,0,1063
05/11/2014,SFO,CA,AWP,WE,Towers with Radar,904,223,18,0,1145,0,4,1,7,12,904,227,19,7,1157,0,0,0,1157
05/12/2014,SFO,CA,AWP,WE,Towers with Radar,965,240,15,0,1220,0,2,5,9,16,965,242,20,9,1236,0,0,0,1236
05/13/2014,SFO,CA,AWP,WE,Towers with Radar,903,237,34,1,1175,0,4,27,8,39,903,241,61,9,1214,0,0,0,1214
05/14/2014,SFO,CA,AWP,WE,Towers with Radar,965,239,34,0,1238,0,1,13,9,23,965,240,47,9,1261,0,0,0,1261
05/15/2014,SFO,CA,AWP,WE,Towers with Radar,966,260,32,0,1258,0,2,4,2,8,966,262,36,2,1266,0,0,0,1266
05/16/2014,SFO,CA,AWP,WE,Towers with Radar,993,252,39,1,1285,0,4,8,11,23,993,256,47,12,1308,0,0,0,1308
05/17/2014,SFO,CA,AWP,WE,Towers with Radar,824,208,25,0,1057,0,2,4,4,10,824,210,29,4,1067,0,0,0,1067
05/18/2014,SFO,CA,AWP,WE,Towers with Radar,910,221,32,0,1163,0,4,6,7,17,910,225,38,7,1180,0,0,0,1180
05/19/2014,SFO,CA,AWP,WE,Towers with Radar,963,219,38,1,1221,0,0,8,10,18,963,219,46,11,1239,0,0,0,1239
05/20/2014,SFO,CA,AWP,WE,Towers with Radar,951,248,14,0,1213,0,0,2,3,5,951,248,16,3,1218,0,0,0,1218
05/21/2014,SFO,CA,AWP,WE,Towers with Radar,963,239,17,1,1220,0,2,2,7,11,963,241,19,8,1231,0,0,0,1231
05/22/2014,SFO,CA,AWP,WE,Towers with Radar,975,236,33,3,1247,0,3,3,8,14,975,239,36,11,1261,0,0,0,1261
05/23/2014,SFO,CA,AWP,WE,Towers with Radar,992,248,29,4,1273,0,4,5,4,13,992,252,34,8,1286,0,0,0,1286
05/24/2014,SFO,CA,AWP,WE,Towers with Radar,807,207,19,1,1034,0,2,10,1,13,807,209,29,2,1047,0,0,0,1047
05/25/2014,SFO,CA,AWP,WE,Towers with Radar,792,193,13,0,998,0,7,3,4,14,792,200,16,4,1012,0,0,0,1012
05/26/2014,SFO,CA,AWP,WE,Towers with Radar,945,230,21,0,1196,0,0,4,8,12,945,230,25,8,1208,0,0,0,1208
05/27/2014,SFO,CA,AWP,WE,Towers with Radar,940,241,42,2,1225,0,2,7,10,19,940,243,49,12,1244,0,0,0,1244
05/28/2014,SFO,CA,AWP,WE,Towers with Radar,977,230,36,1,1244,0,2,10,6,18,977,232,46,7,1262,0,0,0,1262
05/29/2014,SFO,CA,AWP,WE,Towers with Radar,984,242,39,3,1268,0,7,7,8,22,984,249,46,11,1290,0,0,0,1290
05/30/2014,SFO,CA,AWP,WE,Towers with Radar,964,209,20,1,1194,0,2,8,9,19,964,211,28,10,1213,0,0,0,1213
05/31/2014,SFO,CA,AWP,WE,Towers with Radar,862,206,10,0,1078,0,4,10,5,19,862,210,20,5,1097,0,0,0,1097
06/01/2014,SFO,CA,AWP,WE,Towers with Radar,923,211,23,1,1158,0,3,8,4,15,923,214,31,5,1173,0,0,0,1173
06/02/2014,SFO,CA,AWP,WE,Towers with Radar,987,203,21,0,1211,0,1,8,10,19,987,204,29,10,1230,0,0,0,1230
06/03/2014,SFO,CA,AWP,WE,Towers with Radar,954,211,22,2,1189,0,4,11,14,29,954,215,33,16,1218,0,0,0,1218
06/04/2014,SFO,CA,AWP,WE,Towers with Radar,979,214,46,1,1240,0,2,9,7,18,979,216,55,8,1258,0,0,0,1258
06/05/2014,SFO,CA,AWP,WE,Towers with Radar,1014,198,32,1,1245,0,2,5,1,8,1014,200,37,2,1253,0,0,0,1253
06/06/2014,SFO,CA,AWP,WE,Towers with Radar,1033,212,22,0,1267,0,2,3,11,16,1033,214,25,11,1283,0,0,0,1283
06/07/2014,SFO,CA,AWP,WE,Towers with Radar,869,172,5,2,1048,0,2,4,4,10,869,174,9,6,1058,0,0,0,1058
06/08/2014,SFO,CA,AWP,WE,Towers with Radar,956,206,19,0,1181,0,0,11,2,13,956,206,30,2,1194,0,0,0,1194
06/09/2014,SFO,CA,AWP,WE,Towers with Radar,1045,227,34,0,1306,0,4,6,12,22,1045,231,40,12,1328,0,0,0,1328
06/10/2014,SFO,CA,AWP,WE,Towers with Radar,1019,211,33,0,1263,0,0,2,6,8,1019,211,35,6,1271,0,0,0,1271
06/11/2014,SFO,CA,AWP,WE,Towers with Radar,1010,208,41,1,1260,0,3,5,8,16,1010,211,46,9,1276,0,0,0,1276
06/12/2014,SFO,CA,AWP,WE,Towers with Radar,1031,217,32,0,1280,0,4,3,9,16,1031,221,35,9,1296,0,0,0,1296
06/13/2014,SFO,CA,AWP,WE,Towers with Radar,1048,212,22,0,1282,0,3,2,8,13,1048,215,24,8,1295,0,0,0,1295
06/14/2014,SFO,CA,AWP,WE,Towers with Radar,873,173,13,0,1059,0,0,8,2,10,873,173,21,2,1069,0,0,0,1069
06/15/2014,SFO,CA,AWP,WE,Towers with Radar,975,206,19,1,1201,0,2,7,3,12,975,208,26,4,1213,0,0,0,1213
06/16/2014,SFO,CA,AWP,WE,Towers with Radar,1043,190,30,1,1264,1,2,5,3,11,1044,192,35,4,1275,0,0,0,1275
06/17/2014,SFO,CA,AWP,WE,Towers with Radar,1025,209,26,0,1260,0,6,2,15,23,1025,215,28,15,1283,0,0,0,1283
06/18/2014,SFO,CA,AWP,WE,Towers with Radar,1020,217,29,0,1266,0,7,4,12,23,1020,224,33,12,1289,0,0,0,1289
06/19/2014,SFO,CA,AWP,WE,Towers with Radar,1027,211,32,0,1270,0,2,2,2,6,1027,213,34,2,1276,0,0,0,1276
06/20/2014,SFO,CA,AWP,WE,Towers with Radar,1060,219,28,0,1307,0,3,6,10,19,1060,222,34,10,1326,0,0,0,1326
06/21/2014,SFO,CA,AWP,WE,Towers with Radar,885,179,13,0,1077,0,2,3,6,11,885,181,16,6,1088,0,0,0,1088
06/22/2014,SFO,CA,AWP,WE,Towers with Radar,948,175,17,0,1140,0,6,6,8,20,948,181,23,8,1160,0,0,0,1160
06/23/2014,SFO,CA,AWP,WE,Towers with Radar,1056,197,39,0,1292,0,1,5,7,13,1056,198,44,7,1305,0,0,0,1305
06/24/2014,SFO,CA,AWP,WE,Towers with Radar,1021,191,36,1,1249,0,2,8,12,22,1021,193,44,13,1271,0,0,0,1271
06/25/2014,SFO,CA,AWP,WE,Towers with Radar,976,167,16,0,1159,0,0,4,3,7,976,167,20,3,1166,0,0,0,1166
06/26/2014,SFO,CA,AWP,WE,Towers with Radar,1074,168,24,0,1266,0,1,5,6,12,1074,169,29,6,1278,0,0,0,1278
06/27/2014,SFO,CA,AWP,WE,Towers with Radar,1023,207,14,1,1245,0,1,7,9,17,1023,208,21,10,1262,0,0,0,1262
06/28/2014,SFO,CA,AWP,WE,Towers with Radar,910,183,9,1,1103,0,6,5,6,17,910,189,14,7,1120,0,0,0,1120
06/29/2014,SFO,CA,AWP,WE,Towers with Radar,955,191,24,1,1171,0,1,6,5,12,955,192,30,6,1183,0,0,0,1183
06/30/2014,SFO,CA,AWP,WE,Towers with Radar,1025,204,32,2,1263,0,3,6,13,22,1025,207,38,15,1285,0,0,0,1285
07/01/2014,SFO,CA,AWP,WE,Towers with Radar,978,199,18,0,1195,0,1,7,11,19,978,200,25,11,1214,0,0,0,1214
07/02/2014,SFO,CA,AWP,WE,Towers with Radar,987,189,32,1,1209,0,2,2,7,11,987,191,34,8,1220,0,0,0,1220
07/03/2014,SFO,CA,AWP,WE,Towers with Radar,1035,201,25,1,1262,0,7,6,7,20,1035,208,31,8,1282,0,0,0,1282
07/04/2014,SFO,CA,AWP,WE,Towers with Radar,842,138,10,0,990,0,2,7,0,9,842,140,17,0,999,0,0,0,999
07/05/2014,SFO,CA,AWP,WE,Towers with Radar,846,169,11,1,1027,0,0,5,3,8,846,169,16,4,1035,0,0,0,1035
07/06/2014,SFO,CA,AWP,WE,Towers with Radar,987,215,18,0,1220,0,0,5,4,9,987,215,23,4,1229,0,0,0,1229
07/07/2014,SFO,CA,AWP,WE,Towers with Radar,1053,205,21,0,1279,1,1,1,6,9,1054,206,22,6,1288,0,0,0,1288
07/08/2014,SFO,CA,AWP,WE,Towers with Radar,1024,211,35,1,1271,0,3,6,10,19,1024,214,41,11,1290,0,0,0,1290
07/09/2014,SFO,CA,AWP,WE,Towers with Radar,1048,211,33,0,1292,0,3,3,5,11,1048,214,36,5,1303,0,0,0,1303
07/10/2014,SFO,CA,AWP,WE,Towers with Radar,1057,212,23,0,1292,0,4,6,3,13,1057,216,29,3,1305,0,0,0,1305
07/11/2014,SFO,CA,AWP,WE,Towers with Radar,1049,191,24,2,1266,0,4,3,4,11,1049,195,27,6,1277,0,0,0,1277
07/12/2014,SFO,CA,AWP,WE,Towers with Radar,906,176,17,0,1099,0,0,6,5,11,906,176,23,5,1110,0,0,0,1110
07/13/2014,SFO,CA,AWP,WE,Towers with Radar,986,186,36,1,1209,0,5,4,4,13,986,191,40,5,1222,0,0,0,1222
07/14/2014,SFO,CA,AWP,WE,Towers with Radar,1040,208,39,1,1288,0,7,6,9,22,1040,215,45,10,1310,0,0,0,1310
07/15/2014,SFO,CA,AWP,WE,Towers with Radar,1006,205,44,0,1255,0,2,8,7,17,1006,207,52,7,1272,0,0,0,1272
07/16/2014,SFO,CA,AWP,WE,Towers with Radar,1046,218,32,0,1296,0,1,2,7,10,1046,219,34,7,1306,0,0,0,1306
07/17/2014,SFO,CA,AWP,WE,Towers with Radar,1049,209,30,0,1288,0,0,8,5,13,1049,209,38,5,1301,0,0,0,1301
07/18/2014,SFO,CA,AWP,WE,Towers with Radar,1051,200,27,0,1278,0,3,8,6,17,1051,203,35,6,1295,0,0,0,1295
07/19/2014,SFO,CA,AWP,WE,Towers with Radar,905,183,21,6,1115,0,2,6,5,13,905,185,27,11,1128,0,0,0,1128
07/20/2014,SFO,CA,AWP,WE,Towers with Radar,997,187,24,1,1209,0,4,7,5,16,997,191,31,6,1225,0,0,0,1225
07/21/2014,SFO,CA,AWP,WE,Towers with Radar,1044,188,30,3,1265,0,0,6,14,20,1044,188,36,17,1285,0,0,0,1285
07/22/2014,SFO,CA,AWP,WE,Towers with Radar,996,188,24,1,1209,0,4,6,10,20,996,192,30,11,1229,0,0,0,1229
07/23/2014,SFO,CA,AWP,WE,Towers with Radar,1050,185,21,6,1262,0,9,10,8,27,1050,194,31,14,1289,0,0,0,1289
07/24/2014,SFO,CA,AWP,WE,Towers with Radar,1060,224,37,6,1327,0,2,12,16,30,1060,226,49,22,1357,0,0,0,1357
07/25/2014,SFO,CA,AWP,WE,Towers with Radar,1073,199,27,4,1303,0,5,11,13,29,1073,204,38,17,1332,0,0,0,1332
07/26/2014,SFO,CA,AWP,WE,Towers with Radar,902,180,11,1,1094,0,5,17,1,23,902,185,28,2,1117,0,0,0,1117
07/27/2014,SFO,CA,AWP,WE,Towers with Radar,978,189,29,3,1199,0,0,8,2,10,978,189,37,5,1209,0,0,0,1209
07/28/2014,SFO,CA,AWP,WE,Towers with Radar,1056,206,42,0,1304,0,6,2,10,18,1056,212,44,10,1322,0,0,0,1322
07/29/2014,SFO,CA,AWP,WE,Towers with Radar,1043,220,38,1,1302,0,7,2,17,26,1043,227,40,18,1328,0,0,0,1328
07/30/2014,SFO,CA,AWP,WE,Towers with Radar,1041,211,24,1,1277,0,2,10,7,19,1041,213,34,8,1296,0,0,0,1296
07/31/2014,SFO,CA,AWP,WE,Towers with Radar,1043,213,37,2,1295,0,2,7,10,19,1043,215,44,12,1314,0,0,0,1314
08/01/2014,SFO,CA,AWP,WE,Towers with Radar,1054,207,34,1,1296,0,2,5,7,14,1054,209,39,8,1310,0,0,0,1310
08/02/2014,SFO,CA,AWP,WE,Towers with Radar,918,171,12,1,1102,0,1,8,5,14,918,172,20,6,1116,0,0,0,1116
08/03/2014,SFO,CA,AWP,WE,Towers with Radar,994,195,27,3,1219,0,1,10,3,14,994,196,37,6,1233,0,0,0,1233
08/04/2014,SFO,CA,AWP,WE,Towers with Radar,1043,193,17,2,1255,0,1,13,6,20,1043,194,30,8,1275,0,0,0,1275
08/05/2014,SFO,CA,AWP,WE,Towers with Radar,1029,199,20,0,1248,0,0,6,11,17,1029,199,26,11,1265,0,0,0,1265
08/06/2014,SFO,CA,AWP,WE,Towers with Radar,1049,198,33,0,1280,0,1,8,6,15,1049,199,41,6,1295,0,0,0,1295
08/07/2014,SFO,CA,AWP,WE,Towers with Radar,1032,214,22,0,1268,0,0,9,4,13,1032,214,31,4,1281,0,0,0,1281
08/08/2014,SFO,CA,AWP,WE,Towers with Radar,1063,195,28,1,1287,0,1,23,9,33,1063,196,51,10,1320,0,0,0,1320
08/09/2014,SFO,CA,AWP,WE,Towers with Radar,897,174,17,2,1090,0,0,15,3,18,897,174,32,5,1108,0,0,0,1108
08/10/2014,SFO,CA,AWP,WE,Towers with Radar,994,203,27,2,1226,0,3,15,5,23,994,206,42,7,1249,0,0,0,1249
08/11/2014,SFO,CA,AWP,WE,Towers with Radar,1045,216,27,0,1288,0,2,6,5,13,1045,218,33,5,1301,0,0,0,1301
08/12/2014,SFO,CA,AWP,WE,Towers with Radar,1008,212,50,0,1270,0,3,13,5,21,1008,215,63,5,1291,0,0,0,1291
08/13/2014,SFO,CA,AWP,WE,Towers with Radar,1055,219,33,0,1307,0,5,13,9,27,1055,224,46,9,1334,0,0,0,1334
08/14/2014,SFO,CA,AWP,WE,Towers with Radar,1044,230,41,0,1315,0,2,12,8,22,1044,232,53,8,1337,0,0,0,1337
08/15/2014,SFO,CA,AWP,WE,Towers with Radar,1057,217,37,1,1312,0,3,10,3,16,1057,220,47,4,1328,0,0,0,1328
08/16/2014,SFO,CA,AWP,WE,Towers with Radar,897,190,18,0,1105,0,0,12,2,14,897,190,30,2,1119,0,0,0,1119
08/17/2014,SFO,CA,AWP,WE,Towers with Radar,983,198,16,1,1198,0,0,8,2,10,983,198,24,3,1208,0,0,0,1208
08/18/2014,SFO,CA,AWP,WE,Towers with Radar,1022,185,24,1,1232,0,0,6,7,13,1022,185,30,8,1245,0,0,0,1245
08/19/2014,SFO,CA,AWP,WE,Towers with Radar,997,211,21,0,1229,0,1,13,13,27,997,212,34,13,1256,0,0,0,1256
08/20/2014,SFO,CA,AWP,WE,Towers with Radar,1001,226,30,0,1257,0,5,6,12,23,1001,231,36,12,1280,0,0,0,1280
08/21/2014,SFO,CA,AWP,WE,Towers with Radar,1011,227,33,2,1273,0,5,16,6,27,1011,232,49,8,1300,0,0,0,1300
08/22/2014,SFO,CA,AWP,WE,Towers with Radar,1035,223,29,4,1291,0,3,14,10,27,1035,226,43,14,1318,0,0,0,1318
08/23/2014,SFO,CA,AWP,WE,Towers with Radar,836,208,12,0,1056,0,5,9,8,22,836,213,21,8,1078,0,0,0,1078
08/24/2014,SFO,CA,AWP,WE,Towers with Radar,978,231,17,1,1227,0,11,16,5,32,978,242,33,6,1259,0,0,0,1259
08/25/2014,SFO,CA,AWP,WE,Towers with Radar,998,220,16,1,1235,0,4,11,8,23,998,224,27,9,1258,0,0,0,1258
08/26/2014,SFO,CA,AWP,WE,Towers with Radar,969,223,25,3,1220,0,1,9,12,22,969,224,34,15,1242,0,0,0,1242
08/27/2014,SFO,CA,AWP,WE,Towers with Radar,997,224,38,1,1260,0,3,7,7,17,997,227,45,8,1277,0,0,0,1277
08/28/2014,SFO,CA,AWP,WE,Towers with Radar,1016,226,27,1,1270,0,2,4,10,16,1016,228,31,11,1286,0,0,0,1286
08/29/2014,SFO,CA,AWP,WE,Towers with Radar,1039,229,32,5,1305,0,1,8,10,19,1039,230,40,15,1324,0,0,0,1324
08/30/2014,SFO,CA,AWP,WE,Towers with Radar,795,197,16,3,1011,0,2,6,3,11,795,199,22,6,1022,0,0,0,1022
08/31/2014,SFO,CA,AWP,WE,Towers with Radar,804,159,8,0,971,0,11,8,4,23,804,170,16,4,994,0,0,0,994
09/01/2014,SFO,CA,AWP,WE,Towers with Radar,971,226,29,0,1226,0,8,11,5,24,971,234,40,5,1250,0,0,0,1250
09/02/2014,SFO,CA,AWP,WE,Towers with Radar,964,229,19,1,1213,0,2,11,7,20,964,231,30,8,1233,0,0,0,1233
09/03/2014,SFO,CA,AWP,WE,Towers with Radar,912,199,16,0,1127,0,3,16,10,29,912,202,32,10,1156,0,0,0,1156
09/04/2014,SFO,CA,AWP,WE,Towers with Radar,944,224,35,0,1203,0,2,15,4,21,944,226,50,4,1224,0,0,0,1224
09/05/2014,SFO,CA,AWP,WE,Towers with Radar,957,218,25,0,1200,0,4,10,2,16,957,222,35,2,1216,0,0,0,1216
09/06/2014,SFO,CA,AWP,WE,Towers with Radar,779,174,7,0,960,0,0,2,6,8,779,174,9,6,968,0,0,0,968
09/07/2014,SFO,CA,AWP,WE,Towers with Radar,967,221,39,2,1229,0,1,6,5,12,967,222,45,7,1241,0,0,0,1241
09/08/2014,SFO,CA,AWP,WE,Towers with Radar,1004,225,34,0,1263,0,2,2,13,17,1004,227,36,13,1280,0,0,0,1280
09/09/2014,SFO,CA,AWP,WE,Towers with Radar,945,229,34,1,1209,0,1,11,14,26,945,230,45,15,1235,0,0,0,1235
09/10/2014,SFO,CA,AWP,WE,Towers with Radar,970,224,45,0,1239,1,0,3,13,17,971,224,48,13,1256,0,0,0,1256
09/11/2014,SFO,CA,AWP,WE,Towers with Radar,1002,227,41,2,1272,0,1,7,7,15,1002,228,48,9,1287,0,0,0,1287
09/12/2014,SFO,CA,AWP,WE,Towers with Radar,1006,230,34,0,1270,0,0,12,6,18,1006,230,46,6,1288,0,0,0,1288
09/13/2014,SFO,CA,AWP,WE,Towers with Radar,801,182,27,3,1013,0,3,11,1,15,801,185,38,4,1028,0,0,0,1028
09/14/2014,SFO,CA,AWP,WE,Towers with Radar,971,211,26,3,1211,0,4,5,5,14,971,215,31,8,1225,0,0,0,1225
09/15/2014,SFO,CA,AWP,WE,Towers with Radar,993,229,30,2,1254,0,6,12,5,23,993,235,42,7,1277,0,0,0,1277
09/16/2014,SFO,CA,AWP,WE,Towers with Radar,936,227,25,0,1188,0,9,3,8,20,936,236,28,8,1208,0,0,0,1208
09/17/2014,SFO,CA,AWP,WE,Towers with Radar,982,230,33,0,1245,0,7,6,17,30,982,237,39,17,1275,0,0,0,1275
09/18/2014,SFO,CA,AWP,WE,Towers with Radar,1005,217,38,4,1264,0,0,2,5,7,1005,217,40,9,1271,0,0,0,1271
09/19/2014,SFO,CA,AWP,WE,Towers with Radar,1006,214,28,1,1249,0,2,6,6,14,1006,216,34,7,1263,0,0,0,1263
09/20/2014,SFO,CA,AWP,WE,Towers with Radar,801,199,18,0,1018,0,2,6,5,13,801,201,24,5,1031,0,0,0,1031
09/21/2014,SFO,CA,AWP,WE,Towers with Radar,945,207,20,0,1172,0,2,2,6,10,945,209,22,6,1182,0,0,0,1182
09/22/2014,SFO,CA,AWP,WE,Towers with Radar,999,254,37,0,1290,0,1,6,12,19,999,255,43,12,1309,0,0,0,1309
09/23/2014,SFO,CA,AWP,WE,Towers with Radar,923,246,27,1,1197,0,4,6,5,15,923,250,33,6,1212,0,0,0,1212
09/24/2014,SFO,CA,AWP,WE,Towers with Radar,935,207,21,0,1163,0,1,4,4,9,935,208,25,4,1172,0,0,0,1172
09/25/2014,SFO,CA,AWP,WE,Towers with Radar,967,243,25,0,1235,0,2,5,8,15,967,245,30,8,1250,0,0,0,1250
09/26/2014,SFO,CA,AWP,WE,Towers with Radar,964,248,23,2,1237,0,4,4,7,15,964,252,27,9,1252,0,0,0,1252
09/27/2014,SFO,CA,AWP,WE,Towers with Radar,767,205,15,2,989,0,1,3,7,11,767,206,18,9,1000,0,0,0,1000
09/28/2014,SFO,CA,AWP,WE,Towers with Radar,957,236,38,1,1232,0,0,2,4,6,957,236,40,5,1238,0,0,0,1238
09/29/2014,SFO,CA,AWP,WE,Towers with Radar,991,242,19,0,1252,0,3,3,9,15,991,245,22,9,1267,0,0,0,1267
09/30/2014,SFO,CA,AWP,WE,Towers with Radar,934,241,18,1,1194,0,5,3,9,17,934,246,21,10,1211,0,0,0,1211
10/01/2014,SFO,CA,AWP,WE,Towers with Radar,965,249,29,0,1243,0,0,8,2,10,965,249,37,2,1253,0,0,0,1253
10/02/2014,SFO,CA,AWP,WE,Towers with Radar,974,254,34,0,1262,0,4,8,1,13,974,258,42,1,1275,0,0,0,1275
10/03/2014,SFO,CA,AWP,WE,Towers with Radar,1018,254,37,0,1309,0,6,9,8,23,1018,260,46,8,1332,0,0,0,1332
10/04/2014,SFO,CA,AWP,WE,Towers with Radar,768,197,13,1,979,0,5,8,4,17,768,202,21,5,996,0,0,0,996
10/05/2014,SFO,CA,AWP,WE,Towers with Radar,968,232,31,0,1231,0,5,6,8,19,968,237,37,8,1250,0,0,0,1250
10/06/2014,SFO,CA,AWP,WE,Towers with Radar,1000,246,45,3,1294,0,0,10,10,20,1000,246,55,13,1314,0,0,0,1314
10/07/2014,SFO,CA,AWP,WE,Towers with Radar,941,240,48,6,1235,0,8,22,10,40,941,248,70,16,1275,0,0,0,1275
10/08/2014,SFO,CA,AWP,WE,Towers with Radar,977,250,54,3,1284,0,2,9,16,27,977,252,63,19,1311,0,0,0,1311
10/09/2014,SFO,CA,AWP,WE,Towers with Radar,994,245,45,5,1289,0,3,9,5,17,994,248,54,10,1306,0,0,0,1306
10/10/2014,SFO,CA,AWP,WE,Towers with Radar,1008,214,23,6,1251,2,1,13,10,26,1010,215,36,16,1277,0,0,0,1277
10/11/2014,SFO,CA,AWP,WE,Towers with Radar,789,200,14,8,1011,0,4,15,6,25,789,204,29,14,1036,0,0,0,1036
10/12/2014,SFO,CA,AWP,WE,Towers with Radar,964,238,29,7,1238,0,6,20,5,31,964,244,49,12,1269,0,0,0,1269
10/13/2014,SFO,CA,AWP,WE,Towers with Radar,993,259,34,1,1287,0,3,10,7,20,993,262,44,8,1307,0,0,0,1307
10/14/2014,SFO,CA,AWP,WE,Towers with Radar,923,196,30,2,1151,0,5,2,7,14,923,201,32,9,1165,0,0,0,1165
10/15/2014,SFO,CA,AWP,WE,Towers with Radar,992,247,34,0,1273,0,8,1,7,16,992,255,35,7,1289,0,0,0,1289
10/16/2014,SFO,CA,AWP,WE,Towers with Radar,996,251,42,0,1289,0,2,10,4,16,996,253,52,4,1305,0,0,0,1305
10/17/2014,SFO,CA,AWP,WE,Towers with Radar,1017,261,32,0,1310,0,3,12,10,25,1017,264,44,10,1335,0,0,0,1335
10/18/2014,SFO,CA,AWP,WE,Towers with Radar,789,210,16,1,1016,0,2,4,4,10,789,212,20,5,1026,0,0,0,1026
10/19/2014,SFO,CA,AWP,WE,Towers with Radar,968,226,31,1,1226,0,4,6,5,15,968,230,37,6,1241,0,0,0,1241
10/20/2014,SFO,CA,AWP,WE,Towers with Radar,994,226,25,0,1245,0,0,1,8,9,994,226,26,8,1254,0,0,0,1254
10/21/2014,SFO,CA,AWP,WE,Towers with Radar,952,240,39,2,1233,0,1,6,5,12,952,241,45,7,1245,0,0,0,1245
10/22/2014,SFO,CA,AWP,WE,Towers with Radar,973,242,46,0,1261,0,6,7,5,18,973,248,53,5,1279,0,0,0,1279
10/23/2014,SFO,CA,AWP,WE,Towers with Radar,1011,252,48,0,1311,0,5,8,8,21,1011,257,56,8,1332,0,0,0,1332
10/24/2014,SFO,CA,AWP,WE,Towers with Radar,1019,248,81,1,1349,0,5,22,13,40,1019,253,103,14,1389,0,0,0,1389
10/25/2014,SFO,CA,AWP,WE,Towers with Radar,765,175,16,2,958,0,0,5,6,11,765,175,21,8,969,0,0,0,969
10/26/2014,SFO,CA,AWP,WE,Towers with Radar,963,233,71,1,1268,0,4,10,3,17,963,237,81,4,1285,0,0,0,1285
10/27/2014,SFO,CA,AWP,WE,Towers with Radar,1003,254,42,0,1299,0,2,15,14,31,1003,256,57,14,1330,0,0,0,1330
10/28/2014,SFO,CA,AWP,WE,Towers with Radar,915,233,26,1,1175,0,2,5,10,17,915,235,31,11,1192,0,0,0,1192
10/29/2014,SFO,CA,AWP,WE,Towers with Radar,930,244,65,0,1239,0,3,0,10,13,930,247,65,10,1252,0,0,0,1252
10/30/2014,SFO,CA,AWP,WE,Towers with Radar,976,231,46,0,1253,0,3,6,4,13,976,234,52,4,1266,0,0,0,1266
10/31/2014,SFO,CA,AWP,WE,Towers with Radar,884,181,15,0,1080,0,1,8,6,15,884,182,23,6,1095,0,0,0,1095
11/01/2014,SFO,CA,AWP,WE,Towers with Radar,750,174,12,1,937,0,3,14,9,26,750,177,26,10,963,0,0,0,963
11/02/2014,SFO,CA,AWP,WE,Towers with Radar,921,196,27,0,1144,0,5,10,4,19,921,201,37,4,1163,0,0,0,1163
11/03/2014,SFO,CA,AWP,WE,Towers with Radar,976,217,25,0,1218,0,0,12,13,25,976,217,37,13,1243,0,0,0,1243
11/04/2014,SFO,CA,AWP,WE,Towers with Radar,917,203,23,0,1143,0,8,7,7,22,917,211,30,7,1165,0,0,0,1165
11/05/2014,SFO,CA,AWP,WE,Towers with Radar,937,235,51,0,1223,0,12,8,13,33,937,247,59,13,1256,0,0,0,1256
11/06/2014,SFO,CA,AWP,WE,Towers with Radar,976,232,47,0,1255,0,2,11,9,22,976,234,58,9,1277,0,0,0,1277
11/07/2014,SFO,CA,AWP,WE,Towers with Radar,974,219,37,0,1230,0,3,9,4,16,974,222,46,4,1246,0,0,0,1246
11/08/2014,SFO,CA,AWP,WE,Towers with Radar,766,194,23,2,985,0,5,11,4,20,766,199,34,6,1005,0,0,0,1005
11/09/2014,SFO,CA,AWP,WE,Towers with Radar,927,219,15,1,1162,0,3,7,7,17,927,222,22,8,1179,0,0,0,1179
11/10/2014,SFO,CA,AWP,WE,Towers with Radar,966,226,23,2,1217,0,0,2,5,7,966,226,25,7,1224,0,0,0,1224
11/11/2014,SFO,CA,AWP,WE,Towers with Radar,917,199,32,0,1148,0,6,3,1,10,917,205,35,1,1158,0,0,0,1158
11/12/2014,SFO,CA,AWP,WE,Towers with Radar,927,224,38,0,1189,0,4,8,8,20,927,228,46,8,1209,0,0,0,1209
11/13/2014,SFO,CA,AWP,WE,Towers with Radar,953,167,29,3,1152,0,0,4,3,7,953,167,33,6,1159,0,0,0,1159
11/14/2014,SFO,CA,AWP,WE,Towers with Radar,995,222,34,3,1254,0,5,2,11,18,995,227,36,14,1272,0,0,0,1272
11/15/2014,SFO,CA,AWP,WE,Towers with Radar,768,183,26,1,978,0,7,16,6,29,768,190,42,7,1007,0,0,0,1007
11/16/2014,SFO,CA,AWP,WE,Towers with Radar,911,220,32,2,1165,0,3,6,6,15,911,223,38,8,1180,0,0,0,1180
11/17/2014,SFO,CA,AWP,WE,Towers with Radar,966,236,26,0,1228,0,1,3,14,18,966,237,29,14,1246,0,0,0,1246
11/18/2014,SFO,CA,AWP,WE,Towers with Radar,911,234,41,0,1186,0,2,13,11,26,911,236,54,11,1212,0,0,0,1212
11/19/2014,SFO,CA,AWP,WE,Towers with Radar,882,157,21,1,1061,0,1,3,5,9,882,158,24,6,1070,0,0,0,1070
11/20/2014,SFO,CA,AWP,WE,Towers with Radar,996,202,36,2,1236,0,0,2,5,7,996,202,38,7,1243,0,0,0,1243
11/21/2014,SFO,CA,AWP,WE,Towers with Radar,979,223,46,1,1249,0,1,13,12,26,979,224,59,13,1275,0,0,0,1275
11/22/2014,SFO,CA,AWP,WE,Towers with Radar,798,175,13,0,986,0,0,11,2,13,798,175,24,2,999,0,0,0,999
11/23/2014,SFO,CA,AWP,WE,Towers with Radar,876,200,20,0,1096,0,2,10,5,17,876,202,30,5,1113,0,0,0,1113
11/24/2014,SFO,CA,AWP,WE,Towers with Radar,836,196,24,0,1056,0,5,6,12,23,836,201,30,12,1079,0,0,0,1079
11/25/2014,SFO,CA,AWP,WE,Towers with Radar,949,235,25,1,1210,0,10,9,9,28,949,245,34,10,1238,0,0,0,1238
11/26/2014,SFO,CA,AWP,WE,Towers with Radar,976,227,27,1,1231,0,6,4,9,19,976,233,31,10,1250,0,0,0,1250
11/27/2014,SFO,CA,AWP,WE,Towers with Radar,643,126,6,1,776,0,3,0,2,5,643,129,6,3,781,0,0,0,781
11/28/2014,SFO,CA,AWP,WE,Towers with Radar,707,147,15,0,869,0,2,2,2,6,707,149,17,2,875,0,0,0,875
11/29/2014,SFO,CA,AWP,WE,Towers with Radar,897,202,11,0,1110,0,0,2,4,6,897,202,13,4,1116,0,0,0,1116
11/30/2014,SFO,CA,AWP,WE,Towers with Radar,932,133,20,1,1086,0,4,2,4,10,932,137,22,5,1096,0,0,0,1096
12/01/2014,SFO,CA,AWP,WE,Towers with Radar,1043,224,26,0,1293,0,2,3,8,13,1043,226,29,8,1306,0,0,0,1306
12/02/2014,SFO,CA,AWP,WE,Towers with Radar,818,126,21,3,968,0,0,2,2,4,818,126,23,5,972,0,0,0,972
12/03/2014,SFO,CA,AWP,WE,Towers with Radar,833,111,20,0,964,0,0,1,9,10,833,111,21,9,974,0,0,0,974
12/04/2014,SFO,CA,AWP,WE,Towers with Radar,989,209,27,2,1227,0,2,2,6,10,989,211,29,8,1237,0,0,0,1237
12/05/2014,SFO,CA,AWP,WE,Towers with Radar,876,149,17,2,1044,0,2,2,10,14,876,151,19,12,1058,0,0,0,1058
12/06/2014,SFO,CA,AWP,WE,Towers with Radar,779,170,15,4,968,0,3,9,8,20,779,173,24,12,988,0,0,0,988
12/07/2014,SFO,CA,AWP,WE,Towers with Radar,885,214,28,1,1128,0,0,4,6,10,885,214,32,7,1138,0,0,0,1138
12/08/2014,SFO,CA,AWP,WE,Towers with Radar,927,227,36,2,1192,0,5,8,8,21,927,232,44,10,1213,0,0,0,1213
12/09/2014,SFO,CA,AWP,WE,Towers with Radar,871,215,35,1,1122,0,2,5,7,14,871,217,40,8,1136,0,0,0,1136
12/10/2014,SFO,CA,AWP,WE,Towers with Radar,828,132,24,0,984,0,0,2,4,6,828,132,26,4,990,0,0,0,990
12/11/2014,SFO,CA,AWP,WE,Towers with Radar,823,98,7,0,928,0,0,0,0,0,823,98,7,0,928,0,0,0,928
12/12/2014,SFO,CA,AWP,WE,Towers with Radar,966,211,17,0,1194,0,0,11,7,18,966,211,28,7,1212,0,0,0,1212
12/13/2014,SFO,CA,AWP,WE,Towers with Radar,736,175,11,0,922,0,1,4,5,10,736,176,15,5,932,0,0,0,932
12/14/2014,SFO,CA,AWP,WE,Towers with Radar,855,182,17,0,1054,0,3,2,9,14,855,185,19,9,1068,0,0,0,1068
12/15/2014,SFO,CA,AWP,WE,Towers with Radar,865,129,18,0,1012,0,0,0,12,12,865,129,18,12,1024,0,0,0,1024
12/16/2014,SFO,CA,AWP,WE,Towers with Radar,876,149,22,0,1047,0,0,2,6,8,876,149,24,6,1055,0,0,0,1055
12/17/2014,SFO,CA,AWP,WE,Towers with Radar,916,197,23,0,1136,0,2,4,13,19,916,199,27,13,1155,0,0,0,1155
12/18/2014,SFO,CA,AWP,WE,Towers with Radar,988,228,27,0,1243,0,8,5,2,15,988,236,32,2,1258,0,0,0,1258
12/19/2014,SFO,CA,AWP,WE,Towers with Radar,919,165,16,0,1100,0,0,2,1,3,919,165,18,1,1103,0,0,0,1103
12/20/2014,SFO,CA,AWP,WE,Towers with Radar,939,198,18,3,1158,0,0,4,2,6,939,198,22,5,1164,0,0,0,1164
12/21/2014,SFO,CA,AWP,WE,Towers with Radar,914,185,16,0,1115,0,2,8,2,12,914,187,24,2,1127,0,0,0,1127
12/22/2014,SFO,CA,AWP,WE,Towers with Radar,988,173,24,0,1185,0,2,1,7,10,988,175,25,7,1195,0,0,0,1195
12/23/2014,SFO,CA,AWP,WE,Towers with Radar,963,225,23,0,1211,0,2,8,8,18,963,227,31,8,1229,0,0,0,1229
12/24/2014,SFO,CA,AWP,WE,Towers with Radar,760,169,28,0,957,0,0,4,4,8,760,169,32,4,965,0,0,0,965
12/25/2014,SFO,CA,AWP,WE,Towers with Radar,757,166,9,1,933,0,3,1,3,7,757,169,10,4,940,0,0,0,940
12/26/2014,SFO,CA,AWP,WE,Towers with Radar,964,231,22,1,1218,0,3,10,2,15,964,234,32,3,1233,0,0,0,1233
12/27/2014,SFO,CA,AWP,WE,Towers with Radar,870,208,19,0,1097,0,3,9,5,17,870,211,28,5,1114,0,0,0,1114
12/28/2014,SFO,CA,AWP,WE,Towers with Radar,928,211,11,1,1151,0,7,13,7,27,928,218,24,8,1178,0,0,0,1178
12/29/2014,SFO,CA,AWP,WE,Towers with Radar,955,221,13,0,1189,0,8,4,8,20,955,229,17,8,1209,0,0,0,1209
12/30/2014,SFO,CA,AWP,WE,Towers with Radar,907,145,15,0,1067,0,4,8,4,16,907,149,23,4,1083,0,0,0,1083
12/31/2014,SFO,CA,AWP,WE,Towers with Radar,850,184,15,0,1049,0,9,15,6,30,850,193,30,6,1079,0,0,0,1079
01/01/2015,SFO,CA,AWP,WE,Towers with Radar,827,196,17,0,1040,0,7,3,6,16,827,203,20,6,1056,0,0,0,1056
01/02/2015,SFO,CA,AWP,WE,Towers with Radar,984,244,12,1,1241,0,3,13,6,22,984,247,25,7,1263,0,0,0,1263
01/03/2015,SFO,CA,AWP,WE,Towers with Radar,858,229,29,3,1119,0,2,23,3,28,858,231,52,6,1147,0,0,0,1147
01/04/2015,SFO,CA,AWP,WE,Towers with Radar,918,223,50,1,1192,0,10,31,9,50,918,233,81,10,1242,0,0,0,1242
01/05/2015,SFO,CA,AWP,WE,Towers with Radar,980,196,19,1,1196,0,7,8,0,15,980,203,27,1,1211,0,0,0,1211
01/06/2015,SFO,CA,AWP,WE,Towers with Radar,884,174,23,0,1081,0,4,5,14,23,884,178,28,14,1104,0,0,0,1104
01/07/2015,SFO,CA,AWP,WE,Towers with Radar,882,195,33,2,1112,0,3,6,16,25,882,198,39,18,1137,0,0,0,1137
01/08/2015,SFO,CA,AWP,WE,Towers with Radar,911,182,33,1,1127,0,3,6,4,13,911,185,39,5,1140,0,0,0,1140
01/09/2015,SFO,CA,AWP,WE,Towers with Radar,907,182,26,0,1115,0,4,3,6,13,907,186,29,6,1128,0,0,0,1128
01/10/2015,SFO,CA,AWP,WE,Towers with Radar,733,146,17,1,897,0,1,7,2,10,733,147,24,3,907,0,0,0,907
01/11/2015,SFO,CA,AWP,WE,Towers with Radar,843,186,58,0,1087,0,4,4,2,10,843,190,62,2,1097,0,0,0,1097
01/12/2015,SFO,CA,AWP,WE,Towers with Radar,894,181,39,1,1115,0,4,5,9,18,894,185,44,10,1133,0,0,0,1133
01/13/2015,SFO,CA,AWP,WE,Towers with Radar,848,193,58,0,1099,0,1,1,7,9,848,194,59,7,1108,0,0,0,1108
01/14/2015,SFO,CA,AWP,WE,Towers with Radar,882,231,64,2,1179,0,2,14,9,25,882,233,78,11,1204,0,0,0,1204
01/15/2015,SFO,CA,AWP,WE,Towers with Radar,923,210,43,0,1176,0,0,7,4,11,923,210,50,4,1187,0,0,0,1187
01/16/2015,SFO,CA,AWP,WE,Towers with Radar,923,192,32,5,1152,0,0,5,3,8,923,192,37,8,1160,0,0,0,1160
01/17/2015,SFO,CA,AWP,WE,Towers with Radar,715,147,18,0,880,0,0,5,4,9,715,147,23,4,889,0,0,0,889
01/18/2015,SFO,CA,AWP,WE,Towers with Radar,817,147,21,5,990,0,2,0,3,5,817,149,21,8,995,0,0,0,995
01/19/2015,SFO,CA,AWP,WE,Towers with Radar,896,183,22,1,1102,0,0,5,3,8,896,183,27,4,1110,0,0,0,1110
01/20/2015,SFO,CA,AWP,WE,Towers with Radar,852,173,37,0,1062,0,0,1,6,7,852,173,38,6,1069,0,0,0,1069
01/21/2015,SFO,CA,AWP,WE,Towers with Radar,876,217,30,0,1123,1,5,11,9,26,877,222,41,9,1149,0,0,0,1149
01/22/2015,SFO,CA,AWP,WE,Towers with Radar,912,214,42,1,1169,0,3,9,8,20,912,217,51,9,1189,0,0,0,1189
01/23/2015,SFO,CA,AWP,WE,Towers with Radar,919,195,31,1,1146,0,1,12,8,21,919,196,43,9,1167,0,0,0,1167
01/24/2015,SFO,CA,AWP,WE,Towers with Radar,726,155,24,1,906,0,1,5,4,10,726,156,29,5,916,0,0,0,916
01/25/2015,SFO,CA,AWP,WE,Towers with Radar,851,183,35,1,1070,0,2,11,4,17,851,185,46,5,1087,0,0,0,1087
01/26/2015,SFO,CA,AWP,WE,Towers with Radar,838,187,32,1,1058,0,6,7,15,28,838,193,39,16,1086,0,0,0,1086
01/27/2015,SFO,CA,AWP,WE,Towers with Radar,745,171,29,0,945,0,6,3,9,18,745,177,32,9,963,0,0,0,963
01/28/2015,SFO,CA,AWP,WE,Towers with Radar,844,197,34,0,1075,0,2,2,15,19,844,199,36,15,1094,0,0,0,1094
01/29/2015,SFO,CA,AWP,WE,Towers with Radar,916,192,30,0,1138,0,5,4,7,16,916,197,34,7,1154,0,0,0,1154
01/30/2015,SFO,CA,AWP,WE,Towers with Radar,919,200,25,0,1144,0,5,4,10,19,919,205,29,10,1163,0,0,0,1163
01/31/2015,SFO,CA,AWP,WE,Towers with Radar,700,155,11,0,866,1,5,8,12,26,701,160,19,12,892,0,0,0,892
02/01/2015,SFO,CA,AWP,WE,Towers with Radar,748,177,25,1,951,0,3,3,2,8,748,180,28,3,959,0,0,0,959
02/02/2015,SFO,CA,AWP,WE,Towers with Radar,868,196,29,2,1095,0,4,3,12,19,868,200,32,14,1114,0,0,0,1114
02/03/2015,SFO,CA,AWP,WE,Towers with Radar,844,182,22,0,1048,0,1,1,6,8,844,183,23,6,1056,0,0,0,1056
02/04/2015,SFO,CA,AWP,WE,Towers with Radar,871,189,40,1,1101,0,4,1,9,14,871,193,41,10,1115,0,0,0,1115
02/05/2015,SFO,CA,AWP,WE,Towers with Radar,912,189,31,2,1134,0,5,6,4,15,912,194,37,6,1149,0,0,0,1149
02/06/2015,SFO,CA,AWP,WE,Towers with Radar,750,86,17,1,854,0,0,3,5,8,750,86,20,6,862,0,0,0,862
02/07/2015,SFO,CA,AWP,WE,Towers with Radar,772,143,13,0,928,0,0,2,6,8,772,143,15,6,936,0,0,0,936
02/08/2015,SFO,CA,AWP,WE,Towers with Radar,730,108,8,0,846,0,1,5,2,8,730,109,13,2,854,0,0,0,854
02/09/2015,SFO,CA,AWP,WE,Towers with Radar,942,202,34,5,1183,0,5,1,9,15,942,207,35,14,1198,0,0,0,1198
02/10/2015,SFO,CA,AWP,WE,Towers with Radar,848,191,28,2,1069,0,10,2,12,24,848,201,30,14,1093,0,0,0,1093
02/11/2015,SFO,CA,AWP,WE,Towers with Radar,886,192,49,3,1130,0,1,4,11,16,886,193,53,14,1146,0,0,0,1146
02/12/2015,SFO,CA,AWP,WE,Towers with Radar,935,203,30,4,1172,0,5,5,7,17,935,208,35,11,1189,0,0,0,1189
02/13/2015,SFO,CA,AWP,WE,Towers with Radar,954,197,34,5,1190,0,6,5,6,17,954,203,39,11,1207,0,0,0,1207
02/14/2015,SFO,CA,AWP,WE,Towers with Radar,691,160,18,3,872,0,1,12,11,24,691,161,30,14,896,0,0,0,896
02/15/2015,SFO,CA,AWP,WE,Towers with Radar,791,180,14,7,992,0,6,12,4,22,791,186,26,11,1014,0,0,0,1014
02/16/2015,SFO,CA,AWP,WE,Towers with Radar,899,200,36,0,1135,0,3,12,4,19,899,203,48,4,1154,0,0,0,1154
02/17/2015,SFO,CA,AWP,WE,Towers with Radar,884,185,20,0,1089,0,1,18,2,21,884,186,38,2,1110,0,0,0,1110
02/18/2015,SFO,CA,AWP,WE,Towers with Radar,904,183,34,0,1121,0,1,6,11,18,904,184,40,11,1139,0,0,0,1139
02/19/2015,SFO,CA,AWP,WE,Towers with Radar,926,189,31,2,1148,0,2,10,3,15,926,191,41,5,1163,0,0,0,1163
02/20/2015,SFO,CA,AWP,WE,Towers with Radar,946,186,23,0,1155,0,3,3,6,12,946,189,26,6,1167,0,0,0,1167
02/21/2015,SFO,CA,AWP,WE,Towers with Radar,729,165,18,2,914,0,4,5,4,13,729,169,23,6,927,0,0,0,927
02/22/2015,SFO,CA,AWP,WE,Towers with Radar,853,186,28,0,1067,0,4,6,5,15,853,190,34,5,1082,0,0,0,1082
02/23/2015,SFO,CA,AWP,WE,Towers with Radar,918,187,43,0,1148,0,1,3,10,14,918,188,46,10,1162,0,0,0,1162
02/24/2015,SFO,CA,AWP,WE,Towers with Radar,873,200,35,1,1109,0,1,6,8,15,873,201,41,9,1124,0,0,0,1124
02/25/2015,SFO,CA,AWP,WE,Towers with Radar,898,210,21,0,1129,0,2,5,10,17,898,212,26,10,1146,0,0,0,1146
02/26/2015,SFO,CA,AWP,WE,Towers with Radar,924,215,43,0,1182,0,2,1,4,7,924,217,44,4,1189,0,0,0,1189
02/27/2015,SFO,CA,AWP,WE,Towers with Radar,948,192,33,2,1175,0,2,4,3,9,948,194,37,5,1184,0,0,0,1184
02/28/2015,SFO,CA,AWP,WE,Towers with Radar,746,172,17,0,935,0,1,10,5,16,746,173,27,5,951,0,0,0,951
03/01/2015,SFO,CA,AWP,WE,Towers with Radar,823,203,34,0,1060,0,2,9,5,16,823,205,43,5,1076,0,0,0,1076
03/02/2015,SFO,CA,AWP,WE,Towers with Radar,924,202,42,1,1169,0,0,5,6,11,924,202,47,7,1180,0,0,0,1180
03/03/2015,SFO,CA,AWP,WE,Towers with Radar,857,210,52,0,1119,0,1,4,8,13,857,211,56,8,1132,0,0,0,1132
03/04/2015,SFO,CA,AWP,WE,Towers with Radar,902,205,57,0,1164,0,5,23,9,37,902,210,80,9,1201,0,0,0,1201
03/05/2015,SFO,CA,AWP,WE,Towers with Radar,907,201,35,1,1144,0,1,3,8,12,907,202,38,9,1156,0,0,0,1156
03/06/2015,SFO,CA,AWP,WE,Towers with Radar,963,202,35,1,1201,0,3,8,4,15,963,205,43,5,1216,0,0,0,1216
03/07/2015,SFO,CA,AWP,WE,Towers with Radar,806,149,26,1,982,0,3,6,3,12,806,152,32,4,994,0,0,0,994
03/08/2015,SFO,CA,AWP,WE,Towers with Radar,899,202,39,0,1140,0,0,5,2,7,899,202,44,2,1147,0,0,0,1147
03/09/2015,SFO,CA,AWP,WE,Towers with Radar,965,188,44,4,1201,0,3,4,6,13,965,191,48,10,1214,0,0,0,1214
03/10/2015,SFO,CA,AWP,WE,Towers with Radar,899,191,31,0,1121,1,2,1,6,10,900,193,32,6,1131,0,0,0,1131
03/11/2015,SFO,CA,AWP,WE,Towers with Radar,938,187,35,0,1160,0,0,2,4,6,938,187,37,4,1166,0,0,0,1166
03/12/2015,SFO,CA,AWP,WE,Towers with Radar,959,192,37,0,1188,0,4,6,11,21,959,196,43,11,1209,0,0,0,1209
03/13/2015,SFO,CA,AWP,WE,Towers with Radar,993,184,30,0,1207,0,1,10,5,16,993,185,40,5,1223,0,0,0,1223
03/14/2015,SFO,CA,AWP,WE,Towers with Radar,801,156,16,0,973,1,2,6,4,13,802,158,22,4,986,0,0,0,986
03/15/2015,SFO,CA,AWP,WE,Towers with Radar,905,181,27,0,1113,0,7,17,5,29,905,188,44,5,1142,0,0,0,1142
03/16/2015,SFO,CA,AWP,WE,Towers with Radar,977,184,19,0,1180,0,3,18,8,29,977,187,37,8,1209,0,0,0,1209
03/17/2015,SFO,CA,AWP,WE,Towers with Radar,908,189,25,0,1122,0,4,5,11,20,908,193,30,11,1142,0,0,0,1142
03/18/2015,SFO,CA,AWP,WE,Towers with Radar,931,179,34,2,1146,0,4,4,6,14,931,183,38,8,1160,0,0,0,1160
03/19/2015,SFO,CA,AWP,WE,Towers with Radar,981,200,27,0,1208,0,0,10,4,14,981,200,37,4,1222,0,0,0,1222
03/20/2015,SFO,CA,AWP,WE,Towers with Radar,974,194,33,0,1201,0,5,12,5,22,974,199,45,5,1223,0,0,0,1223
03/21/2015,SFO,CA,AWP,WE,Towers with Radar,808,162,10,1,981,0,3,3,5,11,808,165,13,6,992,0,0,0,992
03/22/2015,SFO,CA,AWP,WE,Towers with Radar,913,176,29,0,1118,0,3,6,2,11,913,179,35,2,1129,0,0,0,1129
03/23/2015,SFO,CA,AWP,WE,Towers with Radar,955,177,33,1,1166,0,4,6,7,17,955,181,39,8,1183,0,0,0,1183
03/24/2015,SFO,CA,AWP,WE,Towers with Radar,927,176,42,0,1145,0,7,4,10,21,927,183,46,10,1166,0,0,0,1166
03/25/2015,SFO,CA,AWP,WE,Towers with Radar,944,189,43,0,1176,0,7,6,3,16,944,196,49,3,1192,0,0,0,1192
03/26/2015,SFO,CA,AWP,WE,Towers with Radar,984,190,44,1,1219,0,3,3,1,7,984,193,47,2,1226,0,0,0,1226
03/27/2015,SFO,CA,AWP,WE,Towers with Radar,979,178,41,1,1199,0,3,4,6,13,979,181,45,7,1212,0,0,0,1212
03/28/2015,SFO,CA,AWP,WE,Towers with Radar,822,148,17,0,987,0,3,6,4,13,822,151,23,4,1000,0,0,0,1000
03/29/2015,SFO,CA,AWP,WE,Towers with Radar,940,178,23,0,1141,0,6,7,3,16,940,184,30,3,1157,0,0,0,1157
03/30/2015,SFO,CA,AWP,WE,Towers with Radar,979,166,25,0,1170,0,6,7,9,22,979,172,32,9,1192,0,0,0,1192
03/31/2015,SFO,CA,AWP,WE,Towers with Radar,941,171,37,0,1149,0,3,0,8,11,941,174,37,8,1160,0,0,0,1160
04/01/2015,SFO,CA,AWP,WE,Towers with Radar,962,177,39,0,1178,0,0,10,3,13,962,177,49,3,1191,0,0,0,1191
04/02/2015,SFO,CA,AWP,WE,Towers with Radar,987,181,24,0,1192,0,1,4,2,7,987,182,28,2,1199,0,0,0,1199
04/03/2015,SFO,CA,AWP,WE,Towers with Radar,975,187,21,0,1183,0,9,4,2,15,975,196,25,2,1198,0,0,0,1198
04/04/2015,SFO,CA,AWP,WE,Towers with Radar,805,144,5,0,954,0,4,7,2,13,805,148,12,2,967,0,0,0,967
04/05/2015,SFO,CA,AWP,WE,Towers with Radar,896,151,23,0,1070,0,0,6,5,11,896,151,29,5,1081,0,0,0,1081
04/06/2015,SFO,CA,AWP,WE,Towers with Radar,990,175,25,0,1190,0,5,4,7,16,990,180,29,7,1206,0,0,0,1206
04/07/2015,SFO,CA,AWP,WE,Towers with Radar,955,147,16,0,1118,0,5,3,11,19,955,152,19,11,1137,0,0,0,1137
04/08/2015,SFO,CA,AWP,WE,Towers with Radar,981,150,22,2,1155,0,1,5,9,15,981,151,27,11,1170,0,0,0,1170
04/09/2015,SFO,CA,AWP,WE,Towers with Radar,977,160,27,1,1165,0,9,10,4,23,977,169,37,5,1188,0,0,0,1188
04/10/2015,SFO,CA,AWP,WE,Towers with Radar,1014,166,28,0,1208,0,4,11,3,18,1014,170,39,3,1226,0,0,0,1226
04/11/2015,SFO,CA,AWP,WE,Towers with Radar,802,139,18,5,964,0,4,4,2,10,802,143,22,7,974,0,0,0,974
04/12/2015,SFO,CA,AWP,WE,Towers with Radar,936,169,27,1,1133,0,6,6,5,17,936,175,33,6,1150,0,0,0,1150
04/13/2015,SFO,CA,AWP,WE,Towers with Radar,994,173,33,3,1203,0,6,6,3,15,994,179,39,6,1218,0,0,0,1218
04/14/2015,SFO,CA,AWP,WE,Towers with Radar,957,165,40,1,1163,0,7,7,7,21,957,172,47,8,1184,0,0,0,1184
04/15/2015,SFO,CA,AWP,WE,Towers with Radar,994,154,29,0,1177,0,1,10,0,11,994,155,39,0,1188,0,0,0,1188
04/16/2015,SFO,CA,AWP,WE,Towers with Radar,995,173,37,0,1205,0,6,9,2,17,995,179,46,2,1222,0,0,0,1222
04/17/2015,SFO,CA,AWP,WE,Towers with Radar,1015,167,28,0,1210,0,5,13,2,20,1015,172,41,2,1230,0,0,0,1230
04/18/2015,SFO,CA,AWP,WE,Towers with Radar,812,141,23,0,976,0,5,13,3,21,812,146,36,3,997,0,0,0,997
04/19/2015,SFO,CA,AWP,WE,Towers with Radar,941,156,24,1,1122,0,5,12,3,20,941,161,36,4,1142,0,0,0,1142
04/20/2015,SFO,CA,AWP,WE,Towers with Radar,989,148,41,1,1179,0,6,3,6,15,989,154,44,7,1194,0,0,0,1194
04/21/2015,SFO,CA,AWP,WE,Towers with Radar,945,133,25,2,1105,0,2,2,12,16,945,135,27,14,1121,0,0,0,1121
04/22/2015,SFO,CA,AWP,WE,Towers with Radar,968,163,35,4,1170,0,0,4,12,16,968,163,39,16,1186,0,0,0,1186
04/23/2015,SFO,CA,AWP,WE,Towers with Radar,1015,171,31,2,1219,0,6,3,8,17,1015,177,34,10,1236,0,0,0,1236
04/24/2015,SFO,CA,AWP,WE,Towers with Radar,990,160,18,2,1170,0,0,7,4,11,990,160,25,6,1181,0,0,0,1181
04/25/2015,SFO,CA,AWP,WE,Towers with Radar,832,140,9,0,981,0,1,10,4,15,832,141,19,4,996,0,0,0,996
04/26/2015,SFO,CA,AWP,WE,Towers with Radar,947,162,44,0,1153,0,4,4,2,10,947,166,48,2,1163,0,0,0,1163
04/27/2015,SFO,CA,AWP,WE,Towers with Radar,994,176,29,0,1199,0,8,3,10,21,994,184,32,10,1220,0,0,0,1220
04/28/2015,SFO,CA,AWP,WE,Towers with Radar,961,175,36,2,1174,0,4,2,0,6,961,179,38,2,1180,0,0,0,1180
04/29/2015,SFO,CA,AWP,WE,Towers with Radar,985,170,37,0,1192,0,6,8,12,26,985,176,45,12,1218,0,0,0,1218
04/30/2015,SFO,CA,AWP,WE,Towers with Radar,1012,184,46,0,1242,0,1,2,8,11,1012,185,48,8,1253,0,0,0,1253
05/01/2015,SFO,CA,AWP,WE,Towers with Radar,1020,179,43,0,1242,0,1,5,7,13,1020,180,48,7,1255,0,0,0,1255
05/02/2015,SFO,CA,AWP,WE,Towers with Radar,834,145,16,0,995,0,3,2,6,11,834,148,18,6,1006,0,0,0,1006
05/03/2015,SFO,CA,AWP,WE,Towers with Radar,955,162,22,0,1139,0,4,3,5,12,955,166,25,5,1151,0,0,0,1151
05/04/2015,SFO,CA,AWP,WE,Towers with Radar,1014,173,29,1,1217,0,1,4,8,13,1014,174,33,9,1230,0,0,0,1230
05/05/2015,SFO,CA,AWP,WE,Towers with Radar,982,165,37,1,1185,0,0,4,10,14,982,165,41,11,1199,0,0,0,1199
05/06/2015,SFO,CA,AWP,WE,Towers with Radar,1015,164,58,1,1238,0,4,4,7,15,1015,168,62,8,1253,0,0,0,1253
05/07/2015,SFO,CA,AWP,WE,Towers with Radar,1028,172,43,0,1243,0,1,7,6,14,1028,173,50,6,1257,0,0,0,1257
05/08/2015,SFO,CA,AWP,WE,Towers with Radar,1037,181,32,1,1251,0,5,4,10,19,1037,186,36,11,1270,0,0,0,1270
05/09/2015,SFO,CA,AWP,WE,Towers with Radar,835,139,15,0,989,0,6,35,4,45,835,145,50,4,1034,0,0,0,1034
05/10/2015,SFO,CA,AWP,WE,Towers with Radar,952,155,20,1,1128,0,3,28,3,34,952,158,48,4,1162,0,0,0,1162
05/11/2015,SFO,CA,AWP,WE,Towers with Radar,1026,149,39,0,1214,0,0,21,9,30,1026,149,60,9,1244,0,0,0,1244
05/12/2015,SFO,CA,AWP,WE,Towers with Radar,1016,162,33,0,1211,0,2,5,8,15,1016,164,38,8,1226,0,0,0,1226
05/13/2015,SFO,CA,AWP,WE,Towers with Radar,1021,155,41,1,1218,0,0,1,3,4,1021,155,42,4,1222,0,0,0,1222
05/14/2015,SFO,CA,AWP,WE,Towers with Radar,1046,151,29,0,1226,0,1,5,2,8,1046,152,34,2,1234,0,0,0,1234
05/15/2015,SFO,CA,AWP,WE,Towers with Radar,1028,169,30,0,1227,0,0,6,0,6,1028,169,36,0,1233,0,0,0,1233
05/16/2015,SFO,CA,AWP,WE,Towers with Radar,860,145,11,2,1018,0,6,5,5,16,860,151,16,7,1034,0,0,0,1034
05/17/2015,SFO,CA,AWP,WE,Towers with Radar,968,152,16,0,1136,0,0,6,2,8,968,152,22,2,1144,0,0,0,1144
05/18/2015,SFO,CA,AWP,WE,Towers with Radar,1007,144,30,1,1182,0,3,12,2,17,1007,147,42,3,1199,0,0,0,1199
05/19/2015,SFO,CA,AWP,WE,Towers with Radar,1033,174,36,1,1244,0,6,5,1,12,1033,180,41,2,1256,0,0,0,1256
05/20/2015,SFO,CA,AWP,WE,Towers with Radar,1006,170,33,1,1210,0,1,8,10,19,1006,171,41,11,1229,0,0,0,1229
05/21/2015,SFO,CA,AWP,WE,Towers with Radar,1031,164,46,1,1242,0,0,5,3,8,1031,164,51,4,1250,0,0,0,1250
05/22/2015,SFO,CA,AWP,WE,Towers with Radar,1042,193,22,3,1260,0,4,15,2,21,1042,197,37,5,1281,0,0,0,1281
05/23/2015,SFO,CA,AWP,WE,Towers with Radar,847,131,15,1,994,0,8,4,8,20,847,139,19,9,1014,0,0,0,1014
05/24/2015,SFO,CA,AWP,WE,Towers with Radar,813,127,9,0,949,0,2,8,5,15,813,129,17,5,964,0,0,0,964
05/25/2015,SFO,CA,AWP,WE,Towers with Radar,967,158,18,0,1143,0,1,7,6,14,967,159,25,6,1157,0,0,0,1157
05/26/2015,SFO,CA,AWP,WE,Towers with Radar,1017,146,41,0,1204,0,3,6,11,20,1017,149,47,11,1224,0,0,0,1224
05/27/2015,SFO,CA,AWP,WE,Towers with Radar,1010,162,52,0,1224,0,6,11,15,32,1010,168,63,15,1256,0,0,0,1256
05/28/2015,SFO,CA,AWP,WE,Towers with Radar,1034,153,45,0,1232,0,3,3,4,10,1034,156,48,4,1242,0,0,0,1242
05/29/2015,SFO,CA,AWP,WE,Towers with Radar,1064,169,36,0,1269,0,3,10,2,15,1064,172,46,2,1284,0,0,0,1284
05/30/2015,SFO,CA,AWP,WE,Towers with Radar,844,140,29,1,1014,0,0,13,7,20,844,140,42,8,1034,0,0,0,1034
05/31/2015,SFO,CA,AWP,WE,Towers with Radar,943,159,27,1,1130,0,0,8,1,9,943,159,35,2,1139,0,0,0,1139
06/01/2015,SFO,CA,AWP,WE,Towers with Radar,1040,147,41,0,1228,0,2,6,6,14,1040,149,47,6,1242,0,0,0,1242
06/02/2015,SFO,CA,AWP,WE,Towers with Radar,1021,161,49,0,1231,0,5,6,9,20,1021,166,55,9,1251,0,0,0,1251
06/03/2015,SFO,CA,AWP,WE,Towers with Radar,1027,152,43,0,1222,0,1,7,12,20,1027,153,50,12,1242,0,0,0,1242
06/04/2015,SFO,CA,AWP,WE,Towers with Radar,1065,173,40,2,1280,0,4,6,5,15,1065,177,46,7,1295,0,0,0,1295
06/05/2015,SFO,CA,AWP,WE,Towers with Radar,1072,139,40,2,1253,0,0,5,4,9,1072,139,45,6,1262,0,0,0,1262
06/06/2015,SFO,CA,AWP,WE,Towers with Radar,913,117,18,0,1048,0,0,7,3,10,913,117,25,3,1058,0,0,0,1058
06/07/2015,SFO,CA,AWP,WE,Towers with Radar,1001,143,30,1,1175,0,5,6,3,14,1001,148,36,4,1189,0,0,0,1189
06/08/2015,SFO,CA,AWP,WE,Towers with Radar,1056,160,48,0,1264,0,2,6,4,12,1056,162,54,4,1276,0,0,0,1276
06/09/2015,SFO,CA,AWP,WE,Towers with Radar,1048,146,36,0,1230,0,3,4,11,18,1048,149,40,11,1248,0,0,0,1248
06/10/2015,SFO,CA,AWP,WE,Towers with Radar,1057,156,45,0,1258,0,0,9,13,22,1057,156,54,13,1280,0,0,0,1280
06/11/2015,SFO,CA,AWP,WE,Towers with Radar,1078,154,31,0,1263,0,4,6,4,14,1078,158,37,4,1277,0,0,0,1277
06/12/2015,SFO,CA,AWP,WE,Towers with Radar,1076,154,35,0,1265,0,2,8,3,13,1076,156,43,3,1278,0,0,0,1278
06/13/2015,SFO,CA,AWP,WE,Towers with Radar,924,116,22,0,1062,0,2,4,2,8,924,118,26,2,1070,0,0,0,1070
06/14/2015,SFO,CA,AWP,WE,Towers with Radar,1010,143,25,0,1178,0,2,6,4,12,1010,145,31,4,1190,0,0,0,1190
06/15/2015,SFO,CA,AWP,WE,Towers with Radar,1019,162,35,3,1219,0,2,6,5,13,1019,164,41,8,1232,0,0,0,1232
06/16/2015,SFO,CA,AWP,WE,Towers with Radar,1060,157,36,2,1255,0,4,7,14,25,1060,161,43,16,1280,0,0,0,1280
06/17/2015,SFO,CA,AWP,WE,Towers with Radar,1065,154,32,1,1252,0,5,5,3,13,1065,159,37,4,1265,0,0,0,1265
06/18/2015,SFO,CA,AWP,WE,Towers with Radar,1053,158,30,1,1242,0,4,4,7,15,1053,162,34,8,1257,0,0,0,1257
06/19/2015,SFO,CA,AWP,WE,Towers with Radar,1080,139,29,5,1253,0,2,9,7,18,1080,141,38,12,1271,0,0,0,1271
06/20/2015,SFO,CA,AWP,WE,Towers with Radar,920,119,16,4,1059,0,3,4,3,10,920,122,20,7,1069,0,0,0,1069
06/21/2015,SFO,CA,AWP,WE,Towers with Radar,1019,128,28,3,1178,1,2,8,3,14,1020,130,36,6,1192,0,0,0,1192
06/22/2015,SFO,CA,AWP,WE,Towers with Radar,1064,157,46,0,1267,0,1,8,7,16,1064,158,54,7,1283,0,0,0,1283
06/23/2015,SFO,CA,AWP,WE,Towers with Radar,1043,143,28,0,1214,0,4,2,5,11,1043,147,30,5,1225,0,0,0,1225
06/24/2015,SFO,CA,AWP,WE,Towers with Radar,1080,170,37,3,1290,0,2,4,7,13,1080,172,41,10,1303,0,0,0,1303
06/25/2015,SFO,CA,AWP,WE,Towers with Radar,1055,154,45,3,1257,0,6,9,8,23,1055,160,54,11,1280,0,0,0,1280
06/26/2015,SFO,CA,AWP,WE,Towers with Radar,1093,157,40,3,1293,0,4,4,2,10,1093,161,44,5,1303,0,0,0,1303
06/27/2015,SFO,CA,AWP,WE,Towers with Radar,926,134,15,0,1075,0,2,5,5,12,926,136,20,5,1087,0,0,0,1087
06/28/2015,SFO,CA,AWP,WE,Towers with Radar,1019,147,25,0,1191,0,2,7,3,12,1019,149,32,3,1203,0,0,0,1203
06/29/2015,SFO,CA,AWP,WE,Towers with Radar,1065,152,28,2,1247,0,2,8,5,15,1065,154,36,7,1262,0,0,0,1262
06/30/2015,SFO,CA,AWP,WE,Towers with Radar,1049,140,34,2,1225,0,3,5,5,13,1049,143,39,7,1238,0,0,0,1238
07/01/2015,SFO,CA,AWP,WE,Towers with Radar,1056,150,31,0,1237,0,6,6,2,14,1056,156,37,2,1251,0,0,0,1251
07/02/2015,SFO,CA,AWP,WE,Towers with Radar,1091,164,14,0,1269,0,2,11,4,17,1091,166,25,4,1286,0,0,0,1286
07/03/2015,SFO,CA,AWP,WE,Towers with Radar,914,129,11,1,1055,0,0,9,1,10,914,129,20,2,1065,0,0,0,1065
07/04/2015,SFO,CA,AWP,WE,Towers with Radar,815,104,2,0,921,0,1,8,2,11,815,105,10,2,932,0,0,0,932
07/05/2015,SFO,CA,AWP,WE,Towers with Radar,1027,159,25,0,1211,1,0,6,4,11,1028,159,31,4,1222,0,0,0,1222
07/06/2015,SFO,CA,AWP,WE,Towers with Radar,1082,162,32,0,1276,0,1,6,5,12,1082,163,38,5,1288,0,0,0,1288
07/07/2015,SFO,CA,AWP,WE,Towers with Radar,1074,149,44,0,1267,0,0,4,4,8,1074,149,48,4,1275,0,0,0,1275
07/08/2015,SFO,CA,AWP,WE,Towers with Radar,1051,134,23,1,1209,0,0,5,6,11,1051,134,28,7,1220,0,0,0,1220
07/09/2015,SFO,CA,AWP,WE,Towers with Radar,1094,125,38,0,1257,0,1,10,2,13,1094,126,48,2,1270,0,0,0,1270
07/10/2015,SFO,CA,AWP,WE,Towers with Radar,1091,129,27,0,1247,0,0,23,6,29,1091,129,50,6,1276,0,0,0,1276
07/11/2015,SFO,CA,AWP,WE,Towers with Radar,950,143,11,0,1104,0,4,19,2,25,950,147,30,2,1129,0,0,0,1129
07/12/2015,SFO,CA,AWP,WE,Towers with Radar,1042,154,34,3,1233,0,2,18,2,22,1042,156,52,5,1255,0,0,0,1255
07/13/2015,SFO,CA,AWP,WE,Towers with Radar,1074,165,29,1,1269,0,1,3,8,12,1074,166,32,9,1281,0,0,0,1281
07/14/2015,SFO,CA,AWP,WE,Towers with Radar,1062,131,20,0,1213,0,0,3,7,10,1062,131,23,7,1223,0,0,0,1223
07/15/2015,SFO,CA,AWP,WE,Towers with Radar,1103,153,35,3,1294,0,0,1,7,8,1103,153,36,10,1302,0,0,0,1302
07/16/2015,SFO,CA,AWP,WE,Towers with Radar,1104,151,29,0,1284,0,2,12,6,20,1104,153,41,6,1304,0,0,0,1304
07/17/2015,SFO,CA,AWP,WE,Towers with Radar,1102,146,36,0,1284,0,2,19,5,26,1102,148,55,5,1310,0,0,0,1310
07/18/2015,SFO,CA,AWP,WE,Towers with Radar,963,139,11,0,1113,0,4,16,4,24,963,143,27,4,1137,0,0,0,1137
07/19/2015,SFO,CA,AWP,WE,Towers with Radar,1037,166,30,0,1233,0,4,30,3,37,1037,170,60,3,1270,0,0,0,1270
07/20/2015,SFO,CA,AWP,WE,Towers with Radar,1086,155,29,0,1270,0,0,12,10,22,1086,155,41,10,1292,0,0,0,1292
07/21/2015,SFO,CA,AWP,WE,Towers with Radar,1072,142,18,0,1232,0,0,4,11,15,1072,142,22,11,1247,0,0,0,1247
07/22/2015,SFO,CA,AWP,WE,Towers with Radar,1098,148,27,2,1275,0,1,8,12,21,1098,149,35,14,1296,0,0,0,1296
07/23/2015,SFO,CA,AWP,WE,Towers with Radar,1088,137,34,4,1263,0,2,7,8,17,1088,139,41,12,1280,0,0,0,1280
07/24/2015,SFO,CA,AWP,WE,Towers with Radar,1123,147,34,2,1306,0,6,9,7,22,1123,153,43,9,1328,0,0,0,1328
07/25/2015,SFO,CA,AWP,WE,Towers with Radar,958,132,13,3,1106,0,4,13,3,20,958,136,26,6,1126,0,0,0,1126
07/26/2015,SFO,CA,AWP,WE,Towers with Radar,1030,149,29,1,1209,0,5,7,2,14,1030,154,36,3,1223,0,0,0,1223
07/27/2015,SFO,CA,AWP,WE,Towers with Radar,1103,144,22,1,1270,0,2,9,6,17,1103,146,31,7,1287,0,0,0,1287
07/28/2015,SFO,CA,AWP,WE,Towers with Radar,1078,140,26,0,1244,0,9,20,15,44,1078,149,46,15,1288,0,0,0,1288
07/29/2015,SFO,CA,AWP,WE,Towers with Radar,1102,139,30,0,1271,0,4,4,10,18,1102,143,34,10,1289,0,0,0,1289
07/30/2015,SFO,CA,AWP,WE,Towers with Radar,1079,156,36,0,1271,0,4,7,4,15,1079,160,43,4,1286,0,0,0,1286
07/31/2015,SFO,CA,AWP,WE,Towers with Radar,1112,154,36,0,1302,0,2,5,4,11,1112,156,41,4,1313,0,0,0,1313
08/01/2015,SFO,CA,AWP,WE,Towers with Radar,972,135,21,0,1128,0,2,6,2,10,972,137,27,2,1138,0,0,0,1138
08/02/2015,SFO,CA,AWP,WE,Towers with Radar,1055,144,33,1,1233,0,3,6,2,11,1055,147,39,3,1244,0,0,0,1244
08/03/2015,SFO,CA,AWP,WE,Towers with Radar,1087,135,34,1,1257,1,2,5,9,17,1088,137,39,10,1274,0,0,0,1274
08/04/2015,SFO,CA,AWP,WE,Towers with Radar,1091,127,30,1,1249,0,4,7,7,18,1091,131,37,8,1267,0,0,0,1267
08/05/2015,SFO,CA,AWP,WE,Towers with Radar,1118,156,32,1,1307,0,2,16,8,26,1118,158,48,9,1333,0,0,0,1333
08/06/2015,SFO,CA,AWP,WE,Towers with Radar,1117,162,42,1,1322,0,2,9,7,18,1117,164,51,8,1340,0,0,0,1340
08/07/2015,SFO,CA,AWP,WE,Towers with Radar,1118,161,25,0,1304,0,2,9,4,15,1118,163,34,4,1319,0,0,0,1319
08/08/2015,SFO,CA,AWP,WE,Towers with Radar,978,140,15,0,1133,0,3,13,2,18,978,143,28,2,1151,0,0,0,1151
08/09/2015,SFO,CA,AWP,WE,Towers with Radar,1055,143,19,0,1217,0,3,22,5,30,1055,146,41,5,1247,0,0,0,1247
08/10/2015,SFO,CA,AWP,WE,Towers with Radar,1101,156,47,0,1304,0,0,4,7,11,1101,156,51,7,1315,0,0,0,1315
08/11/2015,SFO,CA,AWP,WE,Towers with Radar,1107,158,22,3,1290,0,2,17,10,29,1107,160,39,13,1319,0,0,0,1319
08/12/2015,SFO,CA,AWP,WE,Towers with Radar,1118,160,35,0,1313,0,5,20,5,30,1118,165,55,5,1343,0,0,0,1343
08/13/2015,SFO,CA,AWP,WE,Towers with Radar,1105,151,23,1,1280,0,2,26,7,35,1105,153,49,8,1315,0,0,0,1315
08/14/2015,SFO,CA,AWP,WE,Towers with Radar,1131,150,28,0,1309,0,2,21,5,28,1131,152,49,5,1337,0,0,0,1337
08/15/2015,SFO,CA,AWP,WE,Towers with Radar,975,135,17,0,1127,0,6,13,6,25,975,141,30,6,1152,0,0,0,1152
08/16/2015,SFO,CA,AWP,WE,Towers with Radar,1068,154,32,1,1255,0,4,20,2,26,1068,158,52,3,1281,0,0,0,1281
08/17/2015,SFO,CA,AWP,WE,Towers with Radar,1102,152,37,1,1292,0,1,10,7,18,1102,153,47,8,1310,0,0,0,1310
08/18/2015,SFO,CA,AWP,WE,Towers with Radar,1071,142,26,1,1240,0,4,20,5,29,1071,146,46,6,1269,0,0,0,1269
08/19/2015,SFO,CA,AWP,WE,Towers with Radar,1068,158,33,0,1259,0,4,56,12,72,1068,162,89,12,1331,0,0,0,1331
08/20/2015,SFO,CA,AWP,WE,Towers with Radar,1077,150,36,1,1264,0,2,6,3,11,1077,152,42,4,1275,0,0,0,1275
08/21/2015,SFO,CA,AWP,WE,Towers with Radar,1101,143,23,1,1268,0,0,3,5,8,1101,143,26,6,1276,0,0,0,1276
08/22/2015,SFO,CA,AWP,WE,Towers with Radar,898,125,19,2,1044,0,2,15,2,19,898,127,34,4,1063,0,0,0,1063
08/23/2015,SFO,CA,AWP,WE,Towers with Radar,1030,125,33,0,1188,0,0,11,3,14,1030,125,44,3,1202,0,0,0,1202
08/24/2015,SFO,CA,AWP,WE,Towers with Radar,1089,141,42,0,1272,0,2,8,9,19,1089,143,50,9,1291,0,0,0,1291
08/25/2015,SFO,CA,AWP,WE,Towers with Radar,1055,134,38,0,1227,0,2,5,10,17,1055,136,43,10,1244,0,0,0,1244
08/26/2015,SFO,CA,AWP,WE,Towers with Radar,1084,145,49,3,1281,0,2,13,3,18,1084,147,62,6,1299,0,0,0,1299
08/27/2015,SFO,CA,AWP,WE,Towers with Radar,1099,147,30,0,1276,0,4,51,7,62,1099,151,81,7,1338,0,0,0,1338
08/28/2015,SFO,CA,AWP,WE,Towers with Radar,1079,138,28,0,1245,0,6,8,8,22,1079,144,36,8,1267,0,0,0,1267
08/29/2015,SFO,CA,AWP,WE,Towers with Radar,895,122,18,0,1035,0,0,18,2,20,895,122,36,2,1055,0,0,0,1055
08/30/2015,SFO,CA,AWP,WE,Towers with Radar,1028,132,28,0,1188,0,1,1,2,4,1028,133,29,2,1192,0,0,0,1192
08/31/2015,SFO,CA,AWP,WE,Towers with Radar,1063,145,39,1,1248,0,4,12,7,23,1063,149,51,8,1271,0,0,0,1271
09/01/2015,SFO,CA,AWP,WE,Towers with Radar,1023,148,32,1,1204,0,3,4,5,12,1023,151,36,6,1216,0,0,0,1216
09/02/2015,SFO,CA,AWP,WE,Towers with Radar,1026,153,24,0,1203,0,2,6,15,23,1026,155,30,15,1226,0,0,0,1226
09/03/2015,SFO,CA,AWP,WE,Towers with Radar,1070,142,28,0,1240,1,1,2,4,8,1071,143,30,4,1248,0,0,0,1248
09/04/2015,SFO,CA,AWP,WE,Towers with Radar,1070,181,24,0,1275,0,7,16,4,27,1070,188,40,4,1302,0,0,0,1302
09/05/2015,SFO,CA,AWP,WE,Towers with Radar,819,121,5,2,947,0,6,10,3,19,819,127,15,5,966,0,0,0,966
09/06/2015,SFO,CA,AWP,WE,Towers with Radar,822,123,20,0,965,0,2,10,2,14,822,125,30,2,979,0,0,0,979
09/07/2015,SFO,CA,AWP,WE,Towers with Radar,999,170,32,2,1203,0,5,14,4,23,999,175,46,6,1226,0,0,0,1226
09/08/2015,SFO,CA,AWP,WE,Towers with Radar,1015,167,31,2,1215,0,7,5,6,18,1015,174,36,8,1233,0,0,0,1233
09/09/2015,SFO,CA,AWP,WE,Towers with Radar,993,169,42,0,1204,0,1,6,8,15,993,170,48,8,1219,0,0,0,1219
09/10/2015,SFO,CA,AWP,WE,Towers with Radar,1012,160,45,0,1217,0,0,6,3,9,1012,160,51,3,1226,0,0,0,1226
09/11/2015,SFO,CA,AWP,WE,Towers with Radar,1014,154,37,2,1207,0,2,5,5,12,1014,156,42,7,1219,0,0,0,1219
09/12/2015,SFO,CA,AWP,WE,Towers with Radar,826,116,12,1,955,0,2,6,11,19,826,118,18,12,974,0,0,0,974
09/13/2015,SFO,CA,AWP,WE,Towers with Radar,999,121,29,1,1150,0,2,9,4,15,999,123,38,5,1165,0,0,0,1165
09/14/2015,SFO,CA,AWP,WE,Towers with Radar,1036,168,29,1,1234,0,1,2,8,11,1036,169,31,9,1245,0,0,0,1245
09/15/2015,SFO,CA,AWP,WE,Towers with Radar,979,155,28,0,1162,0,2,8,5,15,979,157,36,5,1177,0,0,0,1177
09/16/2015,SFO,CA,AWP,WE,Towers with Radar,1028,161,43,5,1237,0,0,9,10,19,1028,161,52,15,1256,0,0,0,1256
09/17/2015,SFO,CA,AWP,WE,Towers with Radar,1058,150,30,0,1238,0,4,10,10,24,1058,154,40,10,1262,0,0,0,1262
09/18/2015,SFO,CA,AWP,WE,Towers with Radar,1077,183,31,3,1294,0,1,4,2,7,1077,184,35,5,1301,0,0,0,1301
09/19/2015,SFO,CA,AWP,WE,Towers with Radar,836,120,14,0,970,0,1,4,4,9,836,121,18,4,979,0,0,0,979
09/20/2015,SFO,CA,AWP,WE,Towers with Radar,1034,156,15,3,1208,0,1,7,2,10,1034,157,22,5,1218,0,0,0,1218
09/21/2015,SFO,CA,AWP,WE,Towers with Radar,1057,156,28,0,1241,0,1,9,12,22,1057,157,37,12,1263,0,0,0,1263
09/22/2015,SFO,CA,AWP,WE,Towers with Radar,984,160,37,0,1181,0,7,6,9,22,984,167,43,9,1203,0,0,0,1203
09/23/2015,SFO,CA,AWP,WE,Towers with Radar,1016,161,32,2,1211,0,1,9,6,16,1016,162,41,8,1227,0,0,0,1227
09/24/2015,SFO,CA,AWP,WE,Towers with Radar,1067,184,39,0,1290,0,5,5,4,14,1067,189,44,4,1304,0,0,0,1304
09/25/2015,SFO,CA,AWP,WE,Towers with Radar,1076,183,36,3,1298,0,2,12,4,18,1076,185,48,7,1316,0,0,0,1316
09/26/2015,SFO,CA,AWP,WE,Towers with Radar,847,124,18,0,989,0,3,10,3,16,847,127,28,3,1005,0,0,0,1005
09/27/2015,SFO,CA,AWP,WE,Towers with Radar,1032,175,30,0,1237,0,1,11,3,15,1032,176,41,3,1252,0,0,0,1252
09/28/2015,SFO,CA,AWP,WE,Towers with Radar,1057,160,34,0,1251,0,1,19,12,32,1057,161,53,12,1283,0,0,0,1283
09/29/2015,SFO,CA,AWP,WE,Towers with Radar,1004,167,43,3,1217,0,1,13,7,21,1004,168,56,10,1238,0,0,0,1238
09/30/2015,SFO,CA,AWP,WE,Towers with Radar,1028,180,46,0,1254,0,3,6,13,22,1028,183,52,13,1276,0,0,0,1276
10/01/2015,SFO,CA,AWP,WE,Towers with Radar,1059,178,35,1,1273,0,1,9,1,11,1059,179,44,2,1284,0,0,0,1284
10/02/2015,SFO,CA,AWP,WE,Towers with Radar,1061,172,47,0,1280,0,2,12,2,16,1061,174,59,2,1296,0,0,0,1296
10/03/2015,SFO,CA,AWP,WE,Towers with Radar,841,143,14,1,999,0,7,5,10,22,841,150,19,11,1021,0,0,0,1021
10/04/2015,SFO,CA,AWP,WE,Towers with Radar,1045,171,23,2,1241,0,4,4,1,9,1045,175,27,3,1250,0,0,0,1250
10/05/2015,SFO,CA,AWP,WE,Towers with Radar,1059,186,37,0,1282,0,3,5,13,21,1059,189,42,13,1303,0,0,0,1303
10/06/2015,SFO,CA,AWP,WE,Towers with Radar,1004,173,61,2,1240,0,4,7,4,15,1004,177,68,6,1255,0,0,0,1255
10/07/2015,SFO,CA,AWP,WE,Towers with Radar,1033,187,68,1,1289,0,2,4,4,10,1033,189,72,5,1299,0,0,0,1299
10/08/2015,SFO,CA,AWP,WE,Towers with Radar,1071,164,46,5,1286,1,1,9,7,18,1072,165,55,12,1304,0,0,0,1304
10/09/2015,SFO,CA,AWP,WE,Towers with Radar,1053,184,43,2,1282,0,8,4,5,17,1053,192,47,7,1299,0,0,0,1299
10/10/2015,SFO,CA,AWP,WE,Towers with Radar,863,135,23,7,1028,1,7,17,6,31,864,142,40,13,1059,0,0,0,1059
10/11/2015,SFO,CA,AWP,WE,Towers with Radar,1035,150,26,3,1214,1,5,19,7,32,1036,155,45,10,1246,0,0,0,1246
10/12/2015,SFO,CA,AWP,WE,Towers with Radar,1068,182,31,0,1281,0,1,9,6,16,1068,183,40,6,1297,0,0,0,1297
10/13/2015,SFO,CA,AWP,WE,Towers with Radar,1005,162,35,0,1202,0,2,9,8,19,1005,164,44,8,1221,0,0,0,1221
10/14/2015,SFO,CA,AWP,WE,Towers with Radar,1045,196,49,2,1292,0,1,8,11,20,1045,197,57,13,1312,0,0,0,1312
10/15/2015,SFO,CA,AWP,WE,Towers with Radar,1064,202,54,1,1321,0,4,8,8,20,1064,206,62,9,1341,0,0,0,1341
10/16/2015,SFO,CA,AWP,WE,Towers with Radar,1069,178,32,0,1279,0,0,7,7,14,1069,178,39,7,1293,0,0,0,1293
10/17/2015,SFO,CA,AWP,WE,Towers with Radar,834,135,13,1,983,0,1,7,1,9,834,136,20,2,992,0,0,0,992
10/18/2015,SFO,CA,AWP,WE,Towers with Radar,1017,141,31,2,1191,0,0,2,4,6,1017,141,33,6,1197,0,0,0,1197
10/19/2015,SFO,CA,AWP,WE,Towers with Radar,1068,176,30,1,1275,0,6,3,12,21,1068,182,33,13,1296,0,0,0,1296
10/20/2015,SFO,CA,AWP,WE,Towers with Radar,1018,172,34,0,1224,0,4,1,11,16,1018,176,35,11,1240,0,0,0,1240
10/21/2015,SFO,CA,AWP,WE,Towers with Radar,1032,189,40,0,1261,0,3,2,13,18,1032,192,42,13,1279,0,0,0,1279
10/22/2015,SFO,CA,AWP,WE,Towers with Radar,1069,182,34,0,1285,0,5,9,11,25,1069,187,43,11,1310,0,0,0,1310
10/23/2015,SFO,CA,AWP,WE,Towers with Radar,1058,174,22,1,1255,0,0,3,11,14,1058,174,25,12,1269,0,0,0,1269
10/24/2015,SFO,CA,AWP,WE,Towers with Radar,828,136,12,0,976,0,0,13,2,15,828,136,25,2,991,0,0,0,991
10/25/2015,SFO,CA,AWP,WE,Towers with Radar,1003,166,32,0,1201,0,0,9,3,12,1003,166,41,3,1213,0,0,0,1213
10/26/2015,SFO,CA,AWP,WE,Towers with Radar,1030,164,23,1,1218,0,0,6,3,9,1030,164,29,4,1227,0,0,0,1227
10/27/2015,SFO,CA,AWP,WE,Towers with Radar,962,170,38,0,1170,0,4,13,7,24,962,174,51,7,1194,0,0,0,1194
10/28/2015,SFO,CA,AWP,WE,Towers with Radar,987,167,33,3,1190,0,9,6,15,30,987,176,39,18,1220,0,0,0,1220
10/29/2015,SFO,CA,AWP,WE,Towers with Radar,1028,174,38,1,1241,0,5,11,2,18,1028,179,49,3,1259,0,0,0,1259
10/30/2015,SFO,CA,AWP,WE,Towers with Radar,1029,178,37,0,1244,0,2,13,4,19,1029,180,50,4,1263,0,0,0,1263
10/31/2015,SFO,CA,AWP,WE,Towers with Radar,787,137,16,4,944,0,5,13,2,20,787,142,29,6,964,0,0,0,964
11/01/2015,SFO,CA,AWP,WE,Towers with Radar,965,188,36,2,1191,0,1,8,3,12,965,189,44,5,1203,0,0,0,1203
11/02/2015,SFO,CA,AWP,WE,Towers with Radar,1030,181,30,0,1241,0,2,8,13,23,1030,183,38,13,1264,0,0,0,1264
11/03/2015,SFO,CA,AWP,WE,Towers with Radar,977,176,48,1,1202,0,1,6,7,14,977,177,54,8,1216,0,0,0,1216
11/04/2015,SFO,CA,AWP,WE,Towers with Radar,1000,162,52,0,1214,0,3,6,8,17,1000,165,58,8,1231,0,0,0,1231
11/05/2015,SFO,CA,AWP,WE,Towers with Radar,1027,168,32,2,1229,0,7,28,5,40,1027,175,60,7,1269,0,0,0,1269
11/06/2015,SFO,CA,AWP,WE,Towers with Radar,1049,179,22,2,1252,0,3,14,9,26,1049,182,36,11,1278,0,0,0,1278
11/07/2015,SFO,CA,AWP,WE,Towers with Radar,827,145,18,0,990,0,0,9,9,18,827,145,27,9,1008,0,0,0,1008
11/08/2015,SFO,CA,AWP,WE,Towers with Radar,956,161,33,1,1151,0,0,3,3,6,956,161,36,4,1157,0,0,0,1157
11/09/2015,SFO,CA,AWP,WE,Towers with Radar,1020,162,19,3,1204,0,0,5,7,12,1020,162,24,10,1216,0,0,0,1216
11/10/2015,SFO,CA,AWP,WE,Towers with Radar,973,169,37,0,1179,0,0,11,11,22,973,169,48,11,1201,0,0,0,1201
11/11/2015,SFO,CA,AWP,WE,Towers with Radar,983,174,47,0,1204,0,5,4,4,13,983,179,51,4,1217,0,0,0,1217
11/12/2015,SFO,CA,AWP,WE,Towers with Radar,1018,192,29,3,1242,0,4,15,7,26,1018,196,44,10,1268,0,0,0,1268
11/13/2015,SFO,CA,AWP,WE,Towers with Radar,1034,184,31,1,1250,0,3,2,4,9,1034,187,33,5,1259,0,0,0,1259
11/14/2015,SFO,CA,AWP,WE,Towers with Radar,818,151,15,0,984,0,0,9,2,11,818,151,24,2,995,0,0,0,995
11/15/2015,SFO,CA,AWP,WE,Towers with Radar,969,157,26,1,1153,0,3,16,1,20,969,160,42,2,1173,0,0,0,1173
11/16/2015,SFO,CA,AWP,WE,Towers with Radar,1014,177,38,0,1229,0,6,4,6,16,1014,183,42,6,1245,0,0,0,1245
11/17/2015,SFO,CA,AWP,WE,Towers with Radar,968,180,30,0,1178,0,4,10,7,21,968,184,40,7,1199,0,0,0,1199
11/18/2015,SFO,CA,AWP,WE,Towers with Radar,985,179,44,0,1208,0,0,14,8,22,985,179,58,8,1230,0,0,0,1230
11/19/2015,SFO,CA,AWP,WE,Towers with Radar,1027,190,40,0,1257,0,7,5,5,17,1027,197,45,5,1274,0,0,0,1274
11/20/2015,SFO,CA,AWP,WE,Towers with Radar,1044,173,26,0,1243,0,3,10,5,18,1044,176,36,5,1261,0,0,0,1261
11/21/2015,SFO,CA,AWP,WE,Towers with Radar,830,143,20,0,993,0,0,4,2,6,830,143,24,2,999,0,0,0,999
11/22/2015,SFO,CA,AWP,WE,Towers with Radar,929,164,32,0,1125,0,2,8,3,13,929,166,40,3,1138,0,0,0,1138
11/23/2015,SFO,CA,AWP,WE,Towers with Radar,885,164,20,0,1069,0,2,1,10,13,885,166,21,10,1082,0,0,0,1082
11/24/2015,SFO,CA,AWP,WE,Towers with Radar,966,163,34,0,1163,0,0,5,6,11,966,163,39,6,1174,0,0,0,1174
11/25/2015,SFO,CA,AWP,WE,Towers with Radar,1039,181,24,0,1244,0,6,13,4,23,1039,187,37,4,1267,0,0,0,1267
11/26/2015,SFO,CA,AWP,WE,Towers with Radar,685,75,3,2,765,0,2,2,2,6,685,77,5,4,771,0,0,0,771
11/27/2015,SFO,CA,AWP,WE,Towers with Radar,784,109,16,0,909,0,2,7,6,15,784,111,23,6,924,0,0,0,924
11/28/2015,SFO,CA,AWP,WE,Towers with Radar,974,181,34,0,1189,0,1,8,5,14,974,182,42,5,1203,0,0,0,1203
11/29/2015,SFO,CA,AWP,WE,Towers with Radar,1061,192,56,0,1309,0,6,2,2,10,1061,198,58,2,1319,0,0,0,1319
11/30/2015,SFO,CA,AWP,WE,Towers with Radar,1054,167,28,2,1251,0,3,7,8,18,1054,170,35,10,1269,0,0,0,1269
12/01/2015,SFO,CA,AWP,WE,Towers with Radar,980,153,33,2,1168,0,0,1,7,8,980,153,34,9,1176,0,0,0,1176
12/02/2015,SFO,CA,AWP,WE,Towers with Radar,986,154,44,0,1184,0,2,4,13,19,986,156,48,13,1203,0,0,0,1203
12/03/2015,SFO,CA,AWP,WE,Towers with Radar,953,105,19,0,1077,0,0,4,6,10,953,105,23,6,1087,0,0,0,1087
12/04/2015,SFO,CA,AWP,WE,Towers with Radar,1019,163,31,2,1215,0,5,3,8,16,1019,168,34,10,1231,0,0,0,1231
12/05/2015,SFO,CA,AWP,WE,Towers with Radar,785,105,15,2,907,0,1,6,5,12,785,106,21,7,919,0,0,0,919
12/06/2015,SFO,CA,AWP,WE,Towers with Radar,932,119,21,0,1072,0,1,2,2,5,932,120,23,2,1077,0,0,0,1077
12/07/2015,SFO,CA,AWP,WE,Towers with Radar,986,153,31,2,1172,0,0,2,8,10,986,153,33,10,1182,0,0,0,1182
12/08/2015,SFO,CA,AWP,WE,Towers with Radar,943,136,22,1,1102,0,4,1,13,18,943,140,23,14,1120,0,0,0,1120
12/09/2015,SFO,CA,AWP,WE,Towers with Radar,976,163,31,3,1173,0,0,3,12,15,976,163,34,15,1188,0,0,0,1188
12/10/2015,SFO,CA,AWP,WE,Towers with Radar,990,149,25,0,1164,0,0,9,4,13,990,149,34,4,1177,0,0,0,1177
12/11/2015,SFO,CA,AWP,WE,Towers with Radar,1042,172,25,1,1240,0,2,13,7,22,1042,174,38,8,1262,0,0,0,1262
12/12/2015,SFO,CA,AWP,WE,Towers with Radar,782,115,13,0,910,0,5,9,3,17,782,120,22,3,927,0,0,0,927
12/13/2015,SFO,CA,AWP,WE,Towers with Radar,910,118,14,0,1042,0,0,2,2,4,910,118,16,2,1046,0,0,0,1046
12/14/2015,SFO,CA,AWP,WE,Towers with Radar,993,159,34,0,1186,0,3,2,9,14,993,162,36,9,1200,0,0,0,1200
12/15/2015,SFO,CA,AWP,WE,Towers with Radar,941,158,51,0,1150,0,0,4,12,16,941,158,55,12,1166,0,0,0,1166
12/16/2015,SFO,CA,AWP,WE,Towers with Radar,1013,149,32,1,1195,0,1,9,6,16,1013,150,41,7,1211,0,0,0,1211
12/17/2015,SFO,CA,AWP,WE,Towers with Radar,1044,144,32,0,1220,0,4,2,4,10,1044,148,34,4,1230,0,0,0,1230
12/18/2015,SFO,CA,AWP,WE,Towers with Radar,931,83,19,0,1033,0,0,5,6,11,931,83,24,6,1044,0,0,0,1044
12/19/2015,SFO,CA,AWP,WE,Towers with Radar,1062,140,14,1,1217,0,3,4,4,11,1062,143,18,5,1228,0,0,0,1228
12/20/2015,SFO,CA,AWP,WE,Towers with Radar,900,100,11,0,1011,0,0,3,4,7,900,100,14,4,1018,0,0,0,1018
12/21/2015,SFO,CA,AWP,WE,Towers with Radar,988,68,6,1,1063,1,0,2,3,6,989,68,8,4,1069,0,0,0,1069
12/22/2015,SFO,CA,AWP,WE,Towers with Radar,1104,108,16,0,1228,0,2,5,4,11,1104,110,21,4,1239,0,0,0,1239
12/23/2015,SFO,CA,AWP,WE,Towers with Radar,1090,146,26,1,1263,0,1,10,6,17,1090,147,36,7,1280,0,0,0,1280
12/24/2015,SFO,CA,AWP,WE,Towers with Radar,854,104,10,0,968,0,4,3,3,10,854,108,13,3,978,0,0,0,978
12/25/2015,SFO,CA,AWP,WE,Towers with Radar,830,95,6,0,931,0,0,2,0,2,830,95,8,0,933,0,0,0,933
12/26/2015,SFO,CA,AWP,WE,Towers with Radar,944,135,23,0,1102,0,3,10,2,15,944,138,33,2,1117,0,0,0,1117
12/27/2015,SFO,CA,AWP,WE,Towers with Radar,996,132,18,0,1146,0,0,12,3,15,996,132,30,3,1161,0,0,0,1161
12/28/2015,SFO,CA,AWP,WE,Towers with Radar,994,138,8,0,1140,0,0,4,6,10,994,138,12,6,1150,0,0,0,1150
12/29/2015,SFO,CA,AWP,WE,Towers with Radar,1019,138,14,0,1171,0,0,3,6,9,1019,138,17,6,1180,0,0,0,1180
12/30/2015,SFO,CA,AWP,WE,Towers with Radar,1047,139,18,0,1204,0,0,7,6,13,1047,139,25,6,1217,0,0,0,1217
12/31/2015,SFO,CA,AWP,WE,Towers with Radar,878,103,15,1,997,0,3,4,3,10,878,106,19,4,1007,0,0,0,1007
01/01/2016,SFO,CA,AWP,WE,Towers with Radar,905,137,16,0,1058,0,0,0,2,2,905,137,16,2,1060,0,0,0,1060
01/02/2016,SFO,CA,AWP,WE,Towers with Radar,977,169,38,0,1184,0,1,2,3,6,977,170,40,3,1190,0,0,0,1190
01/03/2016,SFO,CA,AWP,WE,Towers with Radar,1002,134,42,0,1178,0,1,7,8,16,1002,135,49,8,1194,0,0,0,1194
01/04/2016,SFO,CA,AWP,WE,Towers with Radar,981,124,34,0,1139,0,0,13,2,15,981,124,47,2,1154,0,0,0,1154
01/05/2016,SFO,CA,AWP,WE,Towers with Radar,975,140,26,0,1141,0,0,2,12,14,975,140,28,12,1155,0,0,0,1155
01/06/2016,SFO,CA,AWP,WE,Towers with Radar,868,112,19,0,999,0,2,4,8,14,868,114,23,8,1013,0,0,0,1013
01/07/2016,SFO,CA,AWP,WE,Towers with Radar,978,155,29,1,1163,0,1,2,4,7,978,156,31,5,1170,0,0,0,1170
01/08/2016,SFO,CA,AWP,WE,Towers with Radar,989,170,21,0,1180,0,2,6,5,13,989,172,27,5,1193,0,0,0,1193
01/09/2016,SFO,CA,AWP,WE,Towers with Radar,778,123,19,0,920,0,2,4,4,10,778,125,23,4,930,0,0,0,930
01/10/2016,SFO,CA,AWP,WE,Towers with Radar,909,181,64,0,1154,0,2,8,5,15,909,183,72,5,1169,0,0,0,1169
01/11/2016,SFO,CA,AWP,WE,Towers with Radar,969,181,62,0,1212,0,2,9,12,23,969,183,71,12,1235,0,0,0,1235
01/12/2016,SFO,CA,AWP,WE,Towers with Radar,902,172,56,0,1130,0,2,3,10,15,902,174,59,10,1145,0,0,0,1145
01/13/2016,SFO,CA,AWP,WE,Towers with Radar,918,175,57,0,1150,0,0,7,8,15,918,175,64,8,1165,0,0,0,1165
01/14/2016,SFO,CA,AWP,WE,Towers with Radar,898,154,63,0,1115,0,2,7,6,15,898,156,70,6,1130,0,0,0,1130
01/15/2016,SFO,CA,AWP,WE,Towers with Radar,1029,189,33,1,1252,0,4,5,4,13,1029,193,38,5,1265,0,0,0,1265
01/16/2016,SFO,CA,AWP,WE,Towers with Radar,753,135,5,1,894,0,0,5,2,7,753,135,10,3,901,0,0,0,901
01/17/2016,SFO,CA,AWP,WE,Towers with Radar,819,118,15,1,953,0,0,4,4,8,819,118,19,5,961,0,0,0,961
01/18/2016,SFO,CA,AWP,WE,Towers with Radar,980,162,28,1,1171,0,1,5,5,11,980,163,33,6,1182,0,0,0,1182
01/19/2016,SFO,CA,AWP,WE,Towers with Radar,872,121,27,0,1020,0,0,8,7,15,872,121,35,7,1035,0,0,0,1035
01/20/2016,SFO,CA,AWP,WE,Towers with Radar,933,171,21,0,1125,0,0,5,5,10,933,171,26,5,1135,0,0,0,1135
01/21/2016,SFO,CA,AWP,WE,Towers with Radar,963,170,31,3,1167,0,1,9,5,15,963,171,40,8,1182,0,0,0,1182
01/22/2016,SFO,CA,AWP,WE,Towers with Radar,840,79,11,0,930,0,0,2,3,5,840,79,13,3,935,0,0,0,935
01/23/2016,SFO,CA,AWP,WE,Towers with Radar,730,123,14,0,867,0,1,7,6,14,730,124,21,6,881,0,0,0,881
01/24/2016,SFO,CA,AWP,WE,Towers with Radar,825,158,24,1,1008,0,4,10,0,14,825,162,34,1,1022,0,0,0,1022
01/25/2016,SFO,CA,AWP,WE,Towers with Radar,921,159,18,2,1100,0,1,8,12,21,921,160,26,14,1121,0,0,0,1121
01/26/2016,SFO,CA,AWP,WE,Towers with Radar,910,154,23,0,1087,0,2,5,7,14,910,156,28,7,1101,0,0,0,1101
01/27/2016,SFO,CA,AWP,WE,Towers with Radar,937,155,25,1,1118,0,3,2,11,16,937,158,27,12,1134,0,0,0,1134
01/28/2016,SFO,CA,AWP,WE,Towers with Radar,953,174,27,0,1154,1,1,4,15,21,954,175,31,15,1175,0,0,0,1175
01/29/2016,SFO,CA,AWP,WE,Towers with Radar,967,153,18,0,1138,0,0,0,4,4,967,153,18,4,1142,0,0,0,1142
01/30/2016,SFO,CA,AWP,WE,Towers with Radar,760,132,10,0,902,0,0,3,3,6,760,132,13,3,908,0,0,0,908
01/31/2016,SFO,CA,AWP,WE,Towers with Radar,901,153,26,0,1080,0,0,9,4,13,901,153,35,4,1093,0,0,0,1093
02/01/2016,SFO,CA,AWP,WE,Towers with Radar,946,159,32,0,1137,0,5,6,16,27,946,164,38,16,1164,0,0,0,1164
02/02/2016,SFO,CA,AWP,WE,Towers with Radar,870,132,45,0,1047,0,0,5,12,17,870,132,50,12,1064,0,0,0,1064
02/03/2016,SFO,CA,AWP,WE,Towers with Radar,921,183,60,3,1167,0,6,8,12,26,921,189,68,15,1193,0,0,0,1193
02/04/2016,SFO,CA,AWP,WE,Towers with Radar,969,176,90,1,1236,0,2,4,10,16,969,178,94,11,1252,0,0,0,1252
02/05/2016,SFO,CA,AWP,WE,Towers with Radar,1006,187,55,0,1248,0,0,3,5,8,1006,187,58,5,1256,0,0,0,1256
02/06/2016,SFO,CA,AWP,WE,Towers with Radar,773,137,53,1,964,0,4,8,4,16,773,141,61,5,980,0,0,0,980
02/07/2016,SFO,CA,AWP,WE,Towers with Radar,855,144,56,0,1055,0,2,7,4,13,855,146,63,4,1068,0,0,0,1068
02/08/2016,SFO,CA,AWP,WE,Towers with Radar,1020,184,58,0,1262,0,3,5,8,16,1020,187,63,8,1278,0,0,0,1278
02/09/2016,SFO,CA,AWP,WE,Towers with Radar,896,156,39,0,1091,0,3,8,8,19,896,159,47,8,1110,0,0,0,1110
02/10/2016,SFO,CA,AWP,WE,Towers with Radar,910,169,42,1,1122,1,3,6,4,14,911,172,48,5,1136,0,0,0,1136
02/11/2016,SFO,CA,AWP,WE,Towers with Radar,978,167,29,1,1175,0,2,6,8,16,978,169,35,9,1191,0,0,0,1191
02/12/2016,SFO,CA,AWP,WE,Towers with Radar,984,186,41,0,1211,0,0,4,5,9,984,186,45,5,1220,0,0,0,1220
02/13/2016,SFO,CA,AWP,WE,Towers with Radar,783,127,22,0,932,0,2,10,4,16,783,129,32,4,948,0,0,0,948
02/14/2016,SFO,CA,AWP,WE,Towers with Radar,854,132,13,0,999,0,1,17,4,22,854,133,30,4,1021,0,0,0,1021
02/15/2016,SFO,CA,AWP,WE,Towers with Radar,951,145,27,0,1123,0,7,6,5,18,951,152,33,5,1141,0,0,0,1141
02/16/2016,SFO,CA,AWP,WE,Towers with Radar,939,165,34,1,1139,0,2,3,10,15,939,167,37,11,1154,0,0,0,1154
02/17/2016,SFO,CA,AWP,WE,Towers with Radar,851,84,25,3,963,0,1,2,10,13,851,85,27,13,976,0,0,0,976
02/18/2016,SFO,CA,AWP,WE,Towers with Radar,1004,148,21,1,1174,0,4,0,7,11,1004,152,21,8,1185,0,0,0,1185
02/19/2016,SFO,CA,AWP,WE,Towers with Radar,969,130,15,0,1114,0,0,3,3,6,969,130,18,3,1120,0,0,0,1120
02/20/2016,SFO,CA,AWP,WE,Towers with Radar,812,137,23,1,973,0,4,16,3,23,812,141,39,4,996,0,0,0,996
02/21/2016,SFO,CA,AWP,WE,Towers with Radar,935,162,33,0,1130,0,0,5,5,10,935,162,38,5,1140,0,0,0,1140
02/22/2016,SFO,CA,AWP,WE,Towers with Radar,996,169,28,2,1195,0,0,15,7,22,996,169,43,9,1217,0,0,0,1217
02/23/2016,SFO,CA,AWP,WE,Towers with Radar,937,152,38,0,1127,0,5,2,13,20,937,157,40,13,1147,0,0,0,1147
02/24/2016,SFO,CA,AWP,WE,Towers with Radar,928,176,43,0,1147,0,0,7,10,17,928,176,50,10,1164,0,0,0,1164
02/25/2016,SFO,CA,AWP,WE,Towers with Radar,981,160,35,2,1178,0,1,3,8,12,981,161,38,10,1190,0,0,0,1190
02/26/2016,SFO,CA,AWP,WE,Towers with Radar,1002,170,31,1,1204,0,0,4,5,9,1002,170,35,6,1213,0,0,0,1213
02/27/2016,SFO,CA,AWP,WE,Towers with Radar,797,122,21,7,947,0,0,12,6,18,797,122,33,13,965,0,0,0,965
02/28/2016,SFO,CA,AWP,WE,Towers with Radar,936,150,22,0,1108,0,1,17,4,22,936,151,39,4,1130,0,0,0,1130
02/29/2016,SFO,CA,AWP,WE,Towers with Radar,981,160,40,5,1186,0,0,7,4,11,981,160,47,9,1197,0,0,0,1197
03/01/2016,SFO,CA,AWP,WE,Towers with Radar,929,156,37,2,1124,0,1,4,10,15,929,157,41,12,1139,0,0,0,1139
03/02/2016,SFO,CA,AWP,WE,Towers with Radar,959,175,50,2,1186,0,2,3,11,16,959,177,53,13,1202,0,0,0,1202
03/03/2016,SFO,CA,AWP,WE,Towers with Radar,1002,158,24,1,1185,0,2,0,6,8,1002,160,24,7,1193,0,0,0,1193
03/04/2016,SFO,CA,AWP,WE,Towers with Radar,987,146,10,4,1147,0,0,0,7,7,987,146,10,11,1154,0,0,0,1154
03/05/2016,SFO,CA,AWP,WE,Towers with Radar,801,101,5,0,907,0,1,2,3,6,801,102,7,3,913,0,0,0,913
03/06/2016,SFO,CA,AWP,WE,Towers with Radar,917,151,39,0,1107,0,2,2,6,10,917,153,41,6,1117,0,0,0,1117
03/07/2016,SFO,CA,AWP,WE,Towers with Radar,1039,171,25,0,1235,0,2,4,11,17,1039,173,29,11,1252,0,0,0,1252
03/08/2016,SFO,CA,AWP,WE,Towers with Radar,955,167,24,0,1146,0,1,3,10,14,955,168,27,10,1160,0,0,0,1160
03/09/2016,SFO,CA,AWP,WE,Towers with Radar,968,150,27,0,1145,0,0,1,8,9,968,150,28,8,1154,0,0,0,1154
03/10/2016,SFO,CA,AWP,WE,Towers with Radar,878,104,30,1,1013,0,0,1,10,11,878,104,31,11,1024,0,0,0,1024
03/11/2016,SFO,CA,AWP,WE,Towers with Radar,1014,105,15,0,1134,0,0,5,4,9,1014,105,20,4,1143,0,0,0,1143
03/12/2016,SFO,CA,AWP,WE,Towers with Radar,874,129,16,0,1019,0,0,2,4,6,874,129,18,4,1025,0,0,0,1025
03/13/2016,SFO,CA,AWP,WE,Towers with Radar,902,109,13,0,1024,0,0,2,2,4,902,109,15,2,1028,0,0,0,1028
03/14/2016,SFO,CA,AWP,WE,Towers with Radar,1040,165,28,0,1233,0,1,3,9,13,1040,166,31,9,1246,0,0,0,1246
03/15/2016,SFO,CA,AWP,WE,Towers with Radar,985,174,50,1,1210,0,4,8,14,26,985,178,58,15,1236,0,0,0,1236
03/16/2016,SFO,CA,AWP,WE,Towers with Radar,999,181,29,0,1209,0,0,8,7,15,999,181,37,7,1224,0,0,0,1224
03/17/2016,SFO,CA,AWP,WE,Towers with Radar,1042,174,34,0,1250,0,4,3,8,15,1042,178,37,8,1265,0,0,0,1265
03/18/2016,SFO,CA,AWP,WE,Towers with Radar,1039,196,27,1,1263,0,1,9,3,13,1039,197,36,4,1276,0,0,0,1276
03/19/2016,SFO,CA,AWP,WE,Towers with Radar,873,143,15,0,1031,0,6,6,3,15,873,149,21,3,1046,0,0,0,1046
03/20/2016,SFO,CA,AWP,WE,Towers with Radar,979,173,21,0,1173,0,0,8,2,10,979,173,29,2,1183,0,0,0,1183
03/21/2016,SFO,CA,AWP,WE,Towers with Radar,1006,140,13,3,1162,0,0,4,6,10,1006,140,17,9,1172,0,0,0,1172
03/22/2016,SFO,CA,AWP,WE,Towers with Radar,1015,165,32,1,1213,0,2,4,8,14,1015,167,36,9,1227,0,0,0,1227
03/23/2016,SFO,CA,AWP,WE,Towers with Radar,961,175,24,6,1166,0,0,11,18,29,961,175,35,24,1195,0,0,0,1195
03/24/2016,SFO,CA,AWP,WE,Towers with Radar,1040,189,44,2,1275,0,5,9,10,24,1040,194,53,12,1299,0,0,0,1299
03/25/2016,SFO,CA,AWP,WE,Towers with Radar,1062,188,29,4,1283,0,1,5,4,10,1062,189,34,8,1293,0,0,0,1293
03/26/2016,SFO,CA,AWP,WE,Towers with Radar,880,148,18,4,1050,0,0,18,2,20,880,148,36,6,1070,0,0,0,1070
03/27/2016,SFO,CA,AWP,WE,Towers with Radar,1009,161,11,0,1181,0,1,11,2,14,1009,162,22,2,1195,0,0,0,1195
03/28/2016,SFO,CA,AWP,WE,Towers with Radar,1034,170,22,3,1229,0,0,5,5,10,1034,170,27,8,1239,0,0,0,1239
03/29/2016,SFO,CA,AWP,WE,Towers with Radar,999,163,29,0,1191,0,5,5,10,20,999,168,34,10,1211,0,0,0,1211
03/30/2016,SFO,CA,AWP,WE,Towers with Radar,1009,158,37,0,1204,0,4,6,12,22,1009,162,43,12,1226,0,0,0,1226
03/31/2016,SFO,CA,AWP,WE,Towers with Radar,1039,176,43,1,1259,0,6,4,1,11,1039,182,47,2,1270,0,0,0,1270
04/01/2016,SFO,CA,AWP,WE,Towers with Radar,1025,173,20,5,1223,0,2,4,5,11,1025,175,24,10,1234,0,0,0,1234
04/02/2016,SFO,CA,AWP,WE,Towers with Radar,854,141,14,3,1012,0,1,2,7,10,854,142,16,10,1022,0,0,0,1022
04/03/2016,SFO,CA,AWP,WE,Towers with Radar,981,177,26,0,1184,0,1,4,2,7,981,178,30,2,1191,0,0,0,1191
04/04/2016,SFO,CA,AWP,WE,Towers with Radar,1039,158,20,1,1218,0,7,4,7,18,1039,165,24,8,1236,0,0,0,1236
04/05/2016,SFO,CA,AWP,WE,Towers with Radar,1029,156,31,3,1219,0,2,5,10,17,1029,158,36,13,1236,0,0,0,1236
04/06/2016,SFO,CA,AWP,WE,Towers with Radar,1047,154,27,1,1229,0,2,8,12,22,1047,156,35,13,1251,0,0,0,1251
04/07/2016,SFO,CA,AWP,WE,Towers with Radar,1071,172,36,2,1281,0,1,2,6,9,1071,173,38,8,1290,0,0,0,1290
04/08/2016,SFO,CA,AWP,WE,Towers with Radar,1049,121,20,0,1190,0,4,7,2,13,1049,125,27,2,1203,0,0,0,1203
04/09/2016,SFO,CA,AWP,WE,Towers with Radar,901,111,11,5,1028,0,0,4,0,4,901,111,15,5,1032,0,0,0,1032
04/10/2016,SFO,CA,AWP,WE,Towers with Radar,991,141,22,2,1156,0,0,2,2,4,991,141,24,4,1160,0,0,0,1160
04/11/2016,SFO,CA,AWP,WE,Towers with Radar,1074,133,28,1,1236,0,2,8,11,21,1074,135,36,12,1257,0,0,0,1257
04/12/2016,SFO,CA,AWP,WE,Towers with Radar,1023,129,28,0,1180,0,3,6,6,15,1023,132,34,6,1195,0,0,0,1195
04/13/2016,SFO,CA,AWP,WE,Towers with Radar,1059,151,37,0,1247,0,1,4,13,18,1059,152,41,13,1265,0,0,0,1265
04/14/2016,SFO,CA,AWP,WE,Towers with Radar,1078,146,40,0,1264,0,9,4,5,18,1078,155,44,5,1282,0,0,0,1282
04/15/2016,SFO,CA,AWP,WE,Towers with Radar,1099,158,27,0,1284,0,1,5,7,13,1099,159,32,7,1297,0,0,0,1297
04/16/2016,SFO,CA,AWP,WE,Towers with Radar,848,122,16,3,989,0,5,6,6,17,848,127,22,9,1006,0,0,0,1006
04/17/2016,SFO,CA,AWP,WE,Towers with Radar,1020,169,21,1,1211,0,2,2,3,7,1020,171,23,4,1218,0,0,0,1218
04/18/2016,SFO,CA,AWP,WE,Towers with Radar,1061,153,24,0,1238,0,8,6,15,29,1061,161,30,15,1267,0,0,0,1267
04/19/2016,SFO,CA,AWP,WE,Towers with Radar,1043,165,21,0,1229,0,5,5,12,22,1043,170,26,12,1251,0,0,0,1251
04/20/2016,SFO,CA,AWP,WE,Towers with Radar,1030,166,37,0,1233,0,2,4,13,19,1030,168,41,13,1252,0,0,0,1252
04/21/2016,SFO,CA,AWP,WE,Towers with Radar,1086,146,38,0,1270,0,2,8,8,18,1086,148,46,8,1288,0,0,0,1288
04/22/2016,SFO,CA,AWP,WE,Towers with Radar,1069,149,19,1,1238,0,1,6,4,11,1069,150,25,5,1249,0,0,0,1249
04/23/2016,SFO,CA,AWP,WE,Towers with Radar,895,116,16,1,1028,0,1,7,5,13,895,117,23,6,1041,0,0,0,1041
04/24/2016,SFO,CA,AWP,WE,Towers with Radar,1035,146,23,0,1204,0,2,8,3,13,1035,148,31,3,1217,0,0,0,1217
04/25/2016,SFO,CA,AWP,WE,Towers with Radar,1075,152,25,0,1252,0,1,3,8,12,1075,153,28,8,1264,0,0,0,1264
04/26/2016,SFO,CA,AWP,WE,Towers with Radar,1021,153,35,0,1209,0,3,3,0,6,1021,156,38,0,1215,0,0,0,1215
04/27/2016,SFO,CA,AWP,WE,Towers with Radar,1048,153,24,0,1225,0,2,4,11,17,1048,155,28,11,1242,0,0,0,1242
04/28/2016,SFO,CA,AWP,WE,Towers with Radar,1087,154,44,0,1285,0,2,9,2,13,1087,156,53,2,1298,0,0,0,1298
04/29/2016,SFO,CA,AWP,WE,Towers with Radar,1092,160,37,1,1290,0,1,15,7,23,1092,161,52,8,1313,0,0,0,1313
04/30/2016,SFO,CA,AWP,WE,Towers with Radar,884,132,22,0,1038,0,0,8,7,15,884,132,30,7,1053,0,0,0,1053
05/01/2016,SFO,CA,AWP,WE,Towers with Radar,1023,163,29,0,1215,0,0,14,4,18,1023,163,43,4,1233,0,0,0,1233
05/02/2016,SFO,CA,AWP,WE,Towers with Radar,1081,151,19,0,1251,0,3,2,13,18,1081,154,21,13,1269,0,0,0,1269
05/03/2016,SFO,CA,AWP,WE,Towers with Radar,1038,154,33,2,1227,0,3,12,8,23,1038,157,45,10,1250,0,0,0,1250
05/04/2016,SFO,CA,AWP,WE,Towers with Radar,1080,154,28,0,1262,0,0,3,12,15,1080,154,31,12,1277,0,0,0,1277
05/05/2016,SFO,CA,AWP,WE,Towers with Radar,1102,149,22,0,1273,0,0,2,4,6,1102,149,24,4,1279,0,0,0,1279
05/06/2016,SFO,CA,AWP,WE,Towers with Radar,1087,132,23,1,1243,0,1,4,6,11,1087,133,27,7,1254,0,0,0,1254
05/07/2016,SFO,CA,AWP,WE,Towers with Radar,931,142,12,0,1085,0,0,2,4,6,931,142,14,4,1091,0,0,0,1091
05/08/2016,SFO,CA,AWP,WE,Towers with Radar,1040,157,26,1,1224,0,0,2,3,5,1040,157,28,4,1229,0,0,0,1229
05/09/2016,SFO,CA,AWP,WE,Towers with Radar,1096,164,32,2,1294,0,2,2,5,9,1096,166,34,7,1303,0,0,0,1303
05/10/2016,SFO,CA,AWP,WE,Towers with Radar,1099,173,45,1,1318,0,6,3,13,22,1099,179,48,14,1340,0,0,0,1340
05/11/2016,SFO,CA,AWP,WE,Towers with Radar,1099,171,46,1,1317,0,5,0,8,13,1099,176,46,9,1330,0,0,0,1330
05/12/2016,SFO,CA,AWP,WE,Towers with Radar,1115,160,52,2,1329,0,6,5,3,14,1115,166,57,5,1343,0,0,0,1343
05/13/2016,SFO,CA,AWP,WE,Towers with Radar,1106,166,37,0,1309,0,2,3,5,10,1106,168,40,5,1319,0,0,0,1319
05/14/2016,SFO,CA,AWP,WE,Towers with Radar,924,150,13,0,1087,0,1,2,2,5,924,151,15,2,1092,0,0,0,1092
05/15/2016,SFO,CA,AWP,WE,Towers with Radar,1052,155,20,1,1228,0,1,5,2,8,1052,156,25,3,1236,0,0,0,1236
05/16/2016,SFO,CA,AWP,WE,Towers with Radar,1118,155,32,0,1305,0,2,6,8,16,1118,157,38,8,1321,0,0,0,1321
05/17/2016,SFO,CA,AWP,WE,Towers with Radar,1084,158,38,0,1280,0,6,7,8,21,1084,164,45,8,1301,0,0,0,1301
05/18/2016,SFO,CA,AWP,WE,Towers with Radar,1091,167,43,0,1301,0,7,31,9,47,1091,174,74,9,1348,0,0,0,1348
05/19/2016,SFO,CA,AWP,WE,Towers with Radar,1097,180,45,0,1322,0,3,10,7,20,1097,183,55,7,1342,0,0,0,1342
05/20/2016,SFO,CA,AWP,WE,Towers with Radar,1079,124,36,2,1241,0,2,7,4,13,1079,126,43,6,1254,0,0,0,1254
05/21/2016,SFO,CA,AWP,WE,Towers with Radar,959,144,16,4,1123,0,0,4,7,11,959,144,20,11,1134,0,0,0,1134
05/22/2016,SFO,CA,AWP,WE,Towers with Radar,1053,148,20,2,1223,0,2,4,3,9,1053,150,24,5,1232,0,0,0,1232
05/23/2016,SFO,CA,AWP,WE,Towers with Radar,1073,161,43,1,1278,0,2,3,7,12,1073,163,46,8,1290,0,0,0,1290
05/24/2016,SFO,CA,AWP,WE,Towers with Radar,1076,156,41,2,1275,0,1,2,9,12,1076,157,43,11,1287,0,0,0,1287
05/25/2016,SFO,CA,AWP,WE,Towers with Radar,1067,156,33,0,1256,0,0,4,8,12,1067,156,37,8,1268,0,0,0,1268
05/26/2016,SFO,CA,AWP,WE,Towers with Radar,1112,159,24,3,1298,0,2,5,3,10,1112,161,29,6,1308,0,0,0,1308
05/27/2016,SFO,CA,AWP,WE,Towers with Radar,1107,171,40,1,1319,0,3,9,5,17,1107,174,49,6,1336,0,0,0,1336
05/28/2016,SFO,CA,AWP,WE,Towers with Radar,904,135,12,0,1051,0,5,5,6,16,904,140,17,6,1067,0,0,0,1067
05/29/2016,SFO,CA,AWP,WE,Towers with Radar,907,116,22,2,1047,0,4,7,2,13,907,120,29,4,1060,0,0,0,1060
05/30/2016,SFO,CA,AWP,WE,Towers with Radar,1036,163,26,0,1225,0,5,7,6,18,1036,168,33,6,1243,0,0,0,1243
05/31/2016,SFO,CA,AWP,WE,Towers with Radar,1079,179,33,0,1291,0,4,6,8,18,1079,183,39,8,1309,0,0,0,1309
06/01/2016,SFO,CA,AWP,WE,Towers with Radar,1104,168,30,1,1303,0,1,9,11,21,1104,169,39,12,1324,0,0,0,1324
06/02/2016,SFO,CA,AWP,WE,Towers with Radar,1098,178,48,0,1324,0,0,4,4,8,1098,178,52,4,1332,0,0,0,1332
06/03/2016,SFO,CA,AWP,WE,Towers with Radar,1133,168,39,2,1342,0,0,7,7,14,1133,168,46,9,1356,0,0,0,1356
06/04/2016,SFO,CA,AWP,WE,Towers with Radar,941,134,17,1,1093,0,3,17,4,24,941,137,34,5,1117,0,0,0,1117
06/05/2016,SFO,CA,AWP,WE,Towers with Radar,1059,158,21,0,1238,0,0,4,4,8,1059,158,25,4,1246,0,0,0,1246
06/06/2016,SFO,CA,AWP,WE,Towers with Radar,1117,168,27,0,1312,0,0,5,6,11,1117,168,32,6,1323,0,0,0,1323
06/07/2016,SFO,CA,AWP,WE,Towers with Radar,1090,171,37,1,1299,0,0,3,6,9,1090,171,40,7,1308,0,0,0,1308
06/08/2016,SFO,CA,AWP,WE,Towers with Radar,1079,166,39,2,1286,0,2,6,9,17,1079,168,45,11,1303,0,0,0,1303
06/09/2016,SFO,CA,AWP,WE,Towers with Radar,1147,143,42,2,1334,0,0,1,5,6,1147,143,43,7,1340,0,0,0,1340
06/10/2016,SFO,CA,AWP,WE,Towers with Radar,1180,141,32,0,1353,0,2,11,4,17,1180,143,43,4,1370,0,0,0,1370
06/11/2016,SFO,CA,AWP,WE,Towers with Radar,1020,127,27,2,1176,0,6,4,5,15,1020,133,31,7,1191,0,0,0,1191
06/12/2016,SFO,CA,AWP,WE,Towers with Radar,1109,155,49,0,1313,0,0,6,4,10,1109,155,55,4,1323,0,0,0,1323
06/13/2016,SFO,CA,AWP,WE,Towers with Radar,1153,150,44,0,1347,0,1,3,6,10,1153,151,47,6,1357,0,0,0,1357
06/14/2016,SFO,CA,AWP,WE,Towers with Radar,1140,153,40,2,1335,0,1,2,7,10,1140,154,42,9,1345,0,0,0,1345
06/15/2016,SFO,CA,AWP,WE,Towers with Radar,1164,154,41,0,1359,0,1,5,10,16,1164,155,46,10,1375,0,0,0,1375
06/16/2016,SFO,CA,AWP,WE,Towers with Radar,1160,148,41,0,1349,0,1,6,2,9,1160,149,47,2,1358,0,0,0,1358
06/17/2016,SFO,CA,AWP,WE,Towers with Radar,1171,143,32,0,1346,2,0,3,4,9,1173,143,35,4,1355,0,0,0,1355
06/18/2016,SFO,CA,AWP,WE,Towers with Radar,1026,115,22,2,1165,0,0,11,1,12,1026,115,33,3,1177,0,0,0,1177
06/19/2016,SFO,CA,AWP,WE,Towers with Radar,1109,159,26,0,1294,0,4,7,4,15,1109,163,33,4,1309,0,0,0,1309
06/20/2016,SFO,CA,AWP,WE,Towers with Radar,1179,161,48,1,1389,0,1,4,4,9,1179,162,52,5,1398,0,0,0,1398
06/21/2016,SFO,CA,AWP,WE,Towers with Radar,1132,155,57,4,1348,0,1,4,6,11,1132,156,61,10,1359,0,0,0,1359
06/22/2016,SFO,CA,AWP,WE,Towers with Radar,1159,155,43,0,1357,0,3,6,6,15,1159,158,49,6,1372,0,0,0,1372
06/23/2016,SFO,CA,AWP,WE,Towers with Radar,1154,140,38,0,1332,0,0,4,5,9,1154,140,42,5,1341,0,0,0,1341
06/24/2016,SFO,CA,AWP,WE,Towers with Radar,1188,129,24,1,1342,0,5,17,10,32,1188,134,41,11,1374,0,0,0,1374
06/25/2016,SFO,CA,AWP,WE,Towers with Radar,1016,108,9,0,1133,0,1,7,2,10,1016,109,16,2,1143,0,0,0,1143
06/26/2016,SFO,CA,AWP,WE,Towers with Radar,1095,149,22,1,1267,0,2,10,4,16,1095,151,32,5,1283,0,0,0,1283
06/27/2016,SFO,CA,AWP,WE,Towers with Radar,1155,143,35,1,1334,0,1,7,11,19,1155,144,42,12,1353,0,0,0,1353
06/28/2016,SFO,CA,AWP,WE,Towers with Radar,1119,137,32,6,1294,0,2,8,7,17,1119,139,40,13,1311,0,0,0,1311
06/29/2016,SFO,CA,AWP,WE,Towers with Radar,1167,146,23,0,1336,0,1,5,7,13,1167,147,28,7,1349,0,0,0,1349
06/30/2016,SFO,CA,AWP,WE,Towers with Radar,1143,160,28,1,1332,0,4,4,10,18,1143,164,32,11,1350,0,0,0,1350
07/01/2016,SFO,CA,AWP,WE,Towers with Radar,1164,154,37,4,1359,0,0,3,2,5,1164,154,40,6,1364,0,0,0,1364
07/02/2016,SFO,CA,AWP,WE,Towers with Radar,1028,104,16,0,1148,0,3,5,5,13,1028,107,21,5,1161,0,0,0,1161
07/03/2016,SFO,CA,AWP,WE,Towers with Radar,938,84,6,1,1029,0,0,11,3,14,938,84,17,4,1043,0,0,0,1043
07/04/2016,SFO,CA,AWP,WE,Towers with Radar,994,111,12,1,1118,0,0,11,5,16,994,111,23,6,1134,0,0,0,1134
07/05/2016,SFO,CA,AWP,WE,Towers with Radar,1152,165,29,7,1353,0,1,4,5,10,1152,166,33,12,1363,0,0,0,1363
07/06/2016,SFO,CA,AWP,WE,Towers with Radar,1184,131,23,3,1341,0,1,6,4,11,1184,132,29,7,1352,0,0,0,1352
07/07/2016,SFO,CA,AWP,WE,Towers with Radar,1151,109,17,0,1277,1,2,3,7,13,1152,111,20,7,1290,0,0,0,1290
07/08/2016,SFO,CA,AWP,WE,Towers with Radar,1176,127,26,0,1329,0,0,6,5,11,1176,127,32,5,1340,0,0,0,1340
07/09/2016,SFO,CA,AWP,WE,Towers with Radar,1082,131,23,1,1237,0,2,8,1,11,1082,133,31,2,1248,0,0,0,1248
07/10/2016,SFO,CA,AWP,WE,Towers with Radar,1160,125,23,1,1309,0,2,12,3,17,1160,127,35,4,1326,0,0,0,1326
07/11/2016,SFO,CA,AWP,WE,Towers with Radar,1190,142,24,0,1356,0,1,6,6,13,1190,143,30,6,1369,0,0,0,1369
07/12/2016,SFO,CA,AWP,WE,Towers with Radar,1178,133,32,5,1348,0,3,4,10,17,1178,136,36,15,1365,0,0,0,1365
07/13/2016,SFO,CA,AWP,WE,Towers with Radar,1180,125,31,0,1336,0,1,6,13,20,1180,126,37,13,1356,0,0,0,1356
07/14/2016,SFO,CA,AWP,WE,Towers with Radar,1201,132,25,0,1358,0,2,6,6,14,1201,134,31,6,1372,0,0,0,1372
07/15/2016,SFO,CA,AWP,WE,Towers with Radar,1221,134,27,1,1383,0,1,6,4,11,1221,135,33,5,1394,0,0,0,1394
07/16/2016,SFO,CA,AWP,WE,Towers with Radar,1056,114,29,1,1200,0,2,16,1,19,1056,116,45,2,1219,0,0,0,1219
07/17/2016,SFO,CA,AWP,WE,Towers with Radar,1108,127,24,0,1259,0,1,13,2,16,1108,128,37,2,1275,0,0,0,1275
07/18/2016,SFO,CA,AWP,WE,Towers with Radar,1207,145,18,1,1371,0,0,4,5,9,1207,145,22,6,1380,0,0,0,1380
07/19/2016,SFO,CA,AWP,WE,Towers with Radar,1184,143,17,6,1350,0,2,4,5,11,1184,145,21,11,1361,0,0,0,1361
07/20/2016,SFO,CA,AWP,WE,Towers with Radar,1149,132,22,1,1304,0,0,3,12,15,1149,132,25,13,1319,0,0,0,1319
07/21/2016,SFO,CA,AWP,WE,Towers with Radar,1102,180,30,1,1313,0,2,8,6,16,1102,182,38,7,1329,0,0,0,1329
07/22/2016,SFO,CA,AWP,WE,Towers with Radar,1167,174,39,0,1380,0,2,3,9,14,1167,176,42,9,1394,0,0,0,1394
07/23/2016,SFO,CA,AWP,WE,Towers with Radar,1017,145,21,0,1183,0,1,9,4,14,1017,146,30,4,1197,0,0,0,1197
07/24/2016,SFO,CA,AWP,WE,Towers with Radar,1128,164,27,0,1319,0,2,10,7,19,1128,166,37,7,1338,0,0,0,1338
07/25/2016,SFO,CA,AWP,WE,Towers with Radar,1162,151,21,0,1334,0,0,6,7,13,1162,151,27,7,1347,0,0,0,1347
07/26/2016,SFO,CA,AWP,WE,Towers with Radar,1118,202,39,2,1361,0,2,9,8,19,1118,204,48,10,1380,0,0,0,1380
07/27/2016,SFO,CA,AWP,WE,Towers with Radar,1091,204,36,2,1333,0,4,5,7,16,1091,208,41,9,1349,0,0,0,1349
07/28/2016,SFO,CA,AWP,WE,Towers with Radar,1109,215,26,1,1351,0,2,10,5,17,1109,217,36,6,1368,0,0,0,1368
07/29/2016,SFO,CA,AWP,WE,Towers with Radar,1133,203,34,0,1370,0,2,9,7,18,1133,205,43,7,1388,0,0,0,1388
07/30/2016,SFO,CA,AWP,WE,Towers with Radar,978,185,18,1,1182,0,2,14,2,18,978,187,32,3,1200,0,0,0,1200
07/31/2016,SFO,CA,AWP,WE,Towers with Radar,1087,218,28,3,1336,0,1,8,5,14,1087,219,36,8,1350,0,0,0,1350
08/01/2016,SFO,CA,AWP,WE,Towers with Radar,1138,209,29,2,1378,0,4,5,2,11,1138,213,34,4,1389,0,0,0,1389
08/02/2016,SFO,CA,AWP,WE,Towers with Radar,1120,187,36,6,1349,0,1,6,8,15,1120,188,42,14,1364,0,0,0,1364
08/03/2016,SFO,CA,AWP,WE,Towers with Radar,1121,229,32,2,1384,0,3,2,7,12,1121,232,34,9,1396,0,0,0,1396
08/04/2016,SFO,CA,AWP,WE,Towers with Radar,1118,205,22,1,1346,0,2,4,3,9,1118,207,26,4,1355,0,0,0,1355
08/05/2016,SFO,CA,AWP,WE,Towers with Radar,1160,190,33,0,1383,0,0,8,4,12,1160,190,41,4,1395,0,0,0,1395
08/06/2016,SFO,CA,AWP,WE,Towers with Radar,1015,165,20,6,1206,0,0,6,2,8,1015,165,26,8,1214,0,0,0,1214
08/07/2016,SFO,CA,AWP,WE,Towers with Radar,1129,204,33,6,1372,0,1,13,2,16,1129,205,46,8,1388,0,0,0,1388
08/08/2016,SFO,CA,AWP,WE,Towers with Radar,1135,198,26,1,1360,0,0,12,8,20,1135,198,38,9,1380,0,0,0,1380
08/09/2016,SFO,CA,AWP,WE,Towers with Radar,1122,210,20,3,1355,0,2,8,6,16,1122,212,28,9,1371,0,0,0,1371
08/10/2016,SFO,CA,AWP,WE,Towers with Radar,1141,207,32,2,1382,0,0,3,5,8,1141,207,35,7,1390,0,0,0,1390
08/11/2016,SFO,CA,AWP,WE,Towers with Radar,1154,195,26,3,1378,0,1,3,3,7,1154,196,29,6,1385,0,0,0,1385
08/12/2016,SFO,CA,AWP,WE,Towers with Radar,1179,180,11,1,1371,0,0,2,3,5,1179,180,13,4,1376,0,0,0,1376
08/13/2016,SFO,CA,AWP,WE,Towers with Radar,1010,161,12,0,1183,0,2,12,4,18,1010,163,24,4,1201,0,0,0,1201
08/14/2016,SFO,CA,AWP,WE,Towers with Radar,1114,182,19,1,1316,0,1,8,0,9,1114,183,27,1,1325,0,0,0,1325
08/15/2016,SFO,CA,AWP,WE,Towers with Radar,1153,205,22,6,1386,0,1,4,5,10,1153,206,26,11,1396,0,0,0,1396
08/16/2016,SFO,CA,AWP,WE,Towers with Radar,1126,189,23,9,1347,0,3,7,8,18,1126,192,30,17,1365,0,0,0,1365
08/17/2016,SFO,CA,AWP,WE,Towers with Radar,1150,206,33,1,1390,0,0,5,8,13,1150,206,38,9,1403,0,0,0,1403
08/18/2016,SFO,CA,AWP,WE,Towers with Radar,1118,208,22,0,1348,0,1,6,3,10,1118,209,28,3,1358,0,0,0,1358
08/19/2016,SFO,CA,AWP,WE,Towers with Radar,1104,234,25,0,1363,0,1,7,6,14,1104,235,32,6,1377,0,0,0,1377
08/20/2016,SFO,CA,AWP,WE,Towers with Radar,958,203,23,1,1185,0,0,6,5,11,958,203,29,6,1196,0,0,0,1196
08/21/2016,SFO,CA,AWP,WE,Towers with Radar,1060,221,27,0,1308,0,2,10,0,12,1060,223,37,0,1320,0,0,0,1320
08/22/2016,SFO,CA,AWP,WE,Towers with Radar,1132,232,28,0,1392,0,0,8,8,16,1132,232,36,8,1408,0,0,0,1408
08/23/2016,SFO,CA,AWP,WE,Towers with Radar,1056,245,32,4,1337,0,2,3,10,15,1056,247,35,14,1352,0,0,0,1352
08/24/2016,SFO,CA,AWP,WE,Towers with Radar,1074,228,32,2,1336,0,2,8,8,18,1074,230,40,10,1354,0,0,0,1354
08/25/2016,SFO,CA,AWP,WE,Towers with Radar,1104,227,21,0,1352,0,0,8,5,13,1104,227,29,5,1365,0,0,0,1365
08/26/2016,SFO,CA,AWP,WE,Towers with Radar,1124,236,25,1,1386,0,0,2,2,4,1124,236,27,3,1390,0,0,0,1390
08/27/2016,SFO,CA,AWP,WE,Towers with Radar,956,202,4,1,1163,0,1,2,3,6,956,203,6,4,1169,0,0,0,1169
08/28/2016,SFO,CA,AWP,WE,Towers with Radar,1034,248,38,5,1325,0,4,7,4,15,1034,252,45,9,1340,0,0,0,1340
08/29/2016,SFO,CA,AWP,WE,Towers with Radar,1081,235,18,0,1334,0,0,1,8,9,1081,235,19,8,1343,0,0,0,1343
08/30/2016,SFO,CA,AWP,WE,Towers with Radar,1061,233,24,5,1323,0,4,4,9,17,1061,237,28,14,1340,0,0,0,1340
08/31/2016,SFO,CA,AWP,WE,Towers with Radar,1174,129,22,2,1327,0,5,9,12,26,1174,134,31,14,1353,0,0,0,1353
09/01/2016,SFO,CA,AWP,WE,Towers with Radar,1186,138,18,0,1342,0,0,5,5,10,1186,138,23,5,1352,0,0,0,1352
09/02/2016,SFO,CA,AWP,WE,Towers with Radar,1212,142,33,0,1387,0,0,5,3,8,1212,142,38,3,1395,0,0,0,1395
09/03/2016,SFO,CA,AWP,WE,Towers with Radar,921,91,13,2,1027,0,0,7,3,10,921,91,20,5,1037,0,0,0,1037
09/04/2016,SFO,CA,AWP,WE,Towers with Radar,949,98,10,0,1057,0,2,14,7,23,949,100,24,7,1080,0,0,0,1080
09/05/2016,SFO,CA,AWP,WE,Towers with Radar,1110,133,28,0,1271,0,0,7,4,11,1110,133,35,4,1282,0,0,0,1282
09/06/2016,SFO,CA,AWP,WE,Towers with Radar,1141,134,37,5,1317,0,1,3,6,10,1141,135,40,11,1327,0,0,0,1327
09/07/2016,SFO,CA,AWP,WE,Towers with Radar,1122,145,36,2,1305,0,7,7,5,19,1122,152,43,7,1324,0,0,0,1324
09/08/2016,SFO,CA,AWP,WE,Towers with Radar,1129,144,27,2,1302,0,1,3,8,12,1129,145,30,10,1314,0,0,0,1314
09/09/2016,SFO,CA,AWP,WE,Towers with Radar,1126,152,35,2,1315,0,0,4,2,6,1126,152,39,4,1321,0,0,0,1321
09/10/2016,SFO,CA,AWP,WE,Towers with Radar,924,115,15,0,1054,0,1,6,2,9,924,116,21,2,1063,0,0,0,1063
09/11/2016,SFO,CA,AWP,WE,Towers with Radar,1086,135,28,0,1249,0,3,7,4,14,1086,138,35,4,1263,0,0,0,1263
09/12/2016,SFO,CA,AWP,WE,Towers with Radar,1137,148,46,1,1332,0,0,2,8,10,1137,148,48,9,1342,0,0,0,1342
09/13/2016,SFO,CA,AWP,WE,Towers with Radar,1084,147,23,4,1258,0,4,6,8,18,1084,151,29,12,1276,0,0,0,1276
09/14/2016,SFO,CA,AWP,WE,Towers with Radar,1127,157,37,0,1321,0,3,23,10,36,1127,160,60,10,1357,0,0,0,1357
09/15/2016,SFO,CA,AWP,WE,Towers with Radar,1146,161,32,2,1341,0,2,3,5,10,1146,163,35,7,1351,0,0,0,1351
09/16/2016,SFO,CA,AWP,WE,Towers with Radar,1155,136,28,0,1319,0,2,9,4,15,1155,138,37,4,1334,0,0,0,1334
09/17/2016,SFO,CA,AWP,WE,Towers with Radar,928,118,12,0,1058,0,0,10,2,12,928,118,22,2,1070,0,0,0,1070
09/18/2016,SFO,CA,AWP,WE,Towers with Radar,1103,156,31,0,1290,0,3,6,1,10,1103,159,37,1,1300,0,0,0,1300
09/19/2016,SFO,CA,AWP,WE,Towers with Radar,1131,140,40,0,1311,0,5,12,7,24,1131,145,52,7,1335,0,0,0,1335
09/20/2016,SFO,CA,AWP,WE,Towers with Radar,1095,146,40,4,1285,0,5,8,9,22,1095,151,48,13,1307,0,0,0,1307
09/21/2016,SFO,CA,AWP,WE,Towers with Radar,1134,174,35,3,1346,0,1,5,7,13,1134,175,40,10,1359,0,0,0,1359
09/22/2016,SFO,CA,AWP,WE,Towers with Radar,1140,157,45,1,1343,0,1,4,6,11,1140,158,49,7,1354,0,0,0,1354
09/23/2016,SFO,CA,AWP,WE,Towers with Radar,1155,150,34,0,1339,0,2,4,5,11,1155,152,38,5,1350,0,0,0,1350
09/24/2016,SFO,CA,AWP,WE,Towers with Radar,932,112,12,1,1057,0,0,11,5,16,932,112,23,6,1073,0,0,0,1073
09/25/2016,SFO,CA,AWP,WE,Towers with Radar,1099,149,20,0,1268,0,0,17,4,21,1099,149,37,4,1289,0,0,0,1289
09/26/2016,SFO,CA,AWP,WE,Towers with Radar,1134,153,39,0,1326,0,2,8,5,15,1134,155,47,5,1341,0,0,0,1341
09/27/2016,SFO,CA,AWP,WE,Towers with Radar,1105,146,52,7,1310,0,7,3,8,18,1105,153,55,15,1328,0,0,0,1328
09/28/2016,SFO,CA,AWP,WE,Towers with Radar,1122,159,32,2,1315,0,1,9,6,16,1122,160,41,8,1331,0,0,0,1331
09/29/2016,SFO,CA,AWP,WE,Towers with Radar,1138,146,33,1,1318,0,2,3,1,6,1138,148,36,2,1324,0,0,0,1324
09/30/2016,SFO,CA,AWP,WE,Towers with Radar,1152,138,31,0,1321,0,1,10,4,15,1152,139,41,4,1336,0,0,0,1336
10/01/2016,SFO,CA,AWP,WE,Towers with Radar,937,117,18,0,1072,0,3,12,4,19,937,120,30,4,1091,0,0,0,1091
10/02/2016,SFO,CA,AWP,WE,Towers with Radar,1084,149,24,1,1258,0,2,12,9,23,1084,151,36,10,1281,0,0,0,1281
10/03/2016,SFO,CA,AWP,WE,Towers with Radar,1137,144,36,0,1317,0,3,9,8,20,1137,147,45,8,1337,0,0,0,1337
10/04/2016,SFO,CA,AWP,WE,Towers with Radar,1098,147,27,5,1277,0,0,5,8,13,1098,147,32,13,1290,0,0,0,1290
10/05/2016,SFO,CA,AWP,WE,Towers with Radar,1125,160,30,0,1315,0,2,6,13,21,1125,162,36,13,1336,0,0,0,1336
10/06/2016,SFO,CA,AWP,WE,Towers with Radar,1134,155,55,3,1347,0,7,10,14,31,1134,162,65,17,1378,0,0,0,1378
10/07/2016,SFO,CA,AWP,WE,Towers with Radar,1141,140,44,1,1326,0,1,11,5,17,1141,141,55,6,1343,0,0,0,1343
10/08/2016,SFO,CA,AWP,WE,Towers with Radar,916,106,38,1,1061,0,7,16,3,26,916,113,54,4,1087,0,0,0,1087
10/09/2016,SFO,CA,AWP,WE,Towers with Radar,1105,144,26,2,1277,0,6,12,5,23,1105,150,38,7,1300,0,0,0,1300
10/10/2016,SFO,CA,AWP,WE,Towers with Radar,1159,135,44,0,1338,0,1,6,2,9,1159,136,50,2,1347,0,0,0,1347
10/11/2016,SFO,CA,AWP,WE,Towers with Radar,1088,141,34,7,1270,0,5,6,7,18,1088,146,40,14,1288,0,0,0,1288
10/12/2016,SFO,CA,AWP,WE,Towers with Radar,1106,126,33,0,1265,0,3,5,9,17,1106,129,38,9,1282,0,0,0,1282
10/13/2016,SFO,CA,AWP,WE,Towers with Radar,1134,138,41,0,1313,0,0,11,6,17,1134,138,52,6,1330,0,0,0,1330
10/14/2016,SFO,CA,AWP,WE,Towers with Radar,1018,72,15,2,1107,0,0,4,3,7,1018,72,19,5,1114,0,0,0,1114
10/15/2016,SFO,CA,AWP,WE,Towers with Radar,924,61,12,2,999,0,0,10,2,12,924,61,22,4,1011,0,0,0,1011
10/16/2016,SFO,CA,AWP,WE,Towers with Radar,1023,94,14,0,1131,0,1,5,2,8,1023,95,19,2,1139,0,0,0,1139
10/17/2016,SFO,CA,AWP,WE,Towers with Radar,1214,128,28,2,1372,0,1,10,5,16,1214,129,38,7,1388,0,0,0,1388
10/18/2016,SFO,CA,AWP,WE,Towers with Radar,1095,138,49,0,1282,0,0,17,8,25,1095,138,66,8,1307,0,0,0,1307
10/19/2016,SFO,CA,AWP,WE,Towers with Radar,1116,151,53,0,1320,0,0,8,7,15,1116,151,61,7,1335,0,0,0,1335
10/20/2016,SFO,CA,AWP,WE,Towers with Radar,1156,150,58,0,1364,0,1,7,9,17,1156,151,65,9,1381,0,0,0,1381
10/21/2016,SFO,CA,AWP,WE,Towers with Radar,1152,147,33,0,1332,0,7,24,8,39,1152,154,57,8,1371,0,0,0,1371
10/22/2016,SFO,CA,AWP,WE,Towers with Radar,917,106,11,2,1036,0,0,6,4,10,917,106,17,6,1046,0,0,0,1046
10/23/2016,SFO,CA,AWP,WE,Towers with Radar,1094,133,26,1,1254,0,3,10,6,19,1094,136,36,7,1273,0,0,0,1273
10/24/2016,SFO,CA,AWP,WE,Towers with Radar,923,60,20,3,1006,0,0,5,5,10,923,60,25,8,1016,0,0,0,1016
10/25/2016,SFO,CA,AWP,WE,Towers with Radar,1083,99,15,2,1199,0,3,9,11,23,1083,102,24,13,1222,0,0,0,1222
10/26/2016,SFO,CA,AWP,WE,Towers with Radar,1113,145,30,1,1289,0,1,6,7,14,1113,146,36,8,1303,0,0,0,1303
10/27/2016,SFO,CA,AWP,WE,Towers with Radar,1113,116,25,0,1254,0,1,2,2,5,1113,117,27,2,1259,0,0,0,1259
10/28/2016,SFO,CA,AWP,WE,Towers with Radar,1106,113,20,0,1239,0,0,19,6,25,1106,113,39,6,1264,0,0,0,1264
10/29/2016,SFO,CA,AWP,WE,Towers with Radar,924,113,14,0,1051,0,0,10,2,12,924,113,24,2,1063,0,0,0,1063
10/30/2016,SFO,CA,AWP,WE,Towers with Radar,961,80,20,0,1061,0,0,8,2,10,961,80,28,2,1071,0,0,0,1071
10/31/2016,SFO,CA,AWP,WE,Towers with Radar,1041,121,20,0,1182,0,0,1,6,7,1041,121,21,6,1189,0,0,0,1189
11/01/2016,SFO,CA,AWP,WE,Towers with Radar,1030,134,31,5,1200,0,0,4,8,12,1030,134,35,13,1212,0,0,0,1212
11/02/2016,SFO,CA,AWP,WE,Towers with Radar,1052,130,32,3,1217,0,2,6,5,13,1052,132,38,8,1230,0,0,0,1230
11/03/2016,SFO,CA,AWP,WE,Towers with Radar,1086,147,30,0,1263,0,3,3,5,11,1086,150,33,5,1274,0,0,0,1274
11/04/2016,SFO,CA,AWP,WE,Towers with Radar,1130,136,43,0,1309,0,0,2,4,6,1130,136,45,4,1315,0,0,0,1315
11/05/2016,SFO,CA,AWP,WE,Towers with Radar,896,120,14,0,1030,0,0,6,2,8,896,120,20,2,1038,0,0,0,1038
11/06/2016,SFO,CA,AWP,WE,Towers with Radar,1053,143,15,0,1211,0,0,2,7,9,1053,143,17,7,1220,0,0,0,1220
11/07/2016,SFO,CA,AWP,WE,Towers with Radar,1056,144,31,0,1231,0,3,1,8,12,1056,147,32,8,1243,0,0,0,1243
11/08/2016,SFO,CA,AWP,WE,Towers with Radar,969,149,41,0,1159,0,1,1,11,13,969,150,42,11,1172,0,0,0,1172
11/09/2016,SFO,CA,AWP,WE,Towers with Radar,1068,156,33,1,1258,0,1,5,9,15,1068,157,38,10,1273,0,0,0,1273
11/10/2016,SFO,CA,AWP,WE,Towers with Radar,1091,155,52,5,1303,0,1,11,5,17,1091,156,63,10,1320,0,0,0,1320
11/11/2016,SFO,CA,AWP,WE,Towers with Radar,1113,146,24,0,1283,0,0,10,3,13,1113,146,34,3,1296,0,0,0,1296
11/12/2016,SFO,CA,AWP,WE,Towers with Radar,894,120,16,1,1031,0,1,18,1,20,894,121,34,2,1051,0,0,0,1051
11/13/2016,SFO,CA,AWP,WE,Towers with Radar,1073,143,28,2,1246,0,2,6,2,10,1073,145,34,4,1256,0,0,0,1256
11/14/2016,SFO,CA,AWP,WE,Towers with Radar,1103,136,37,0,1276,0,1,5,3,9,1103,137,42,3,1285,0,0,0,1285
11/15/2016,SFO,CA,AWP,WE,Towers with Radar,1033,137,41,1,1212,0,0,1,9,10,1033,137,42,10,1222,0,0,0,1222
11/16/2016,SFO,CA,AWP,WE,Towers with Radar,1068,151,44,1,1264,0,2,2,7,11,1068,153,46,8,1275,0,0,0,1275
11/17/2016,SFO,CA,AWP,WE,Towers with Radar,1087,171,33,1,1292,0,4,5,5,14,1087,175,38,6,1306,0,0,0,1306
11/18/2016,SFO,CA,AWP,WE,Towers with Radar,1149,171,42,0,1362,0,0,6,5,11,1149,171,48,5,1373,0,0,0,1373
11/19/2016,SFO,CA,AWP,WE,Towers with Radar,890,69,11,0,970,0,0,9,0,9,890,69,20,0,979,0,0,0,979
11/20/2016,SFO,CA,AWP,WE,Towers with Radar,1016,122,23,0,1161,0,0,7,4,11,1016,122,30,4,1172,0,0,0,1172
11/21/2016,SFO,CA,AWP,WE,Towers with Radar,999,163,19,1,1182,0,2,2,10,14,999,165,21,11,1196,0,0,0,1196
11/22/2016,SFO,CA,AWP,WE,Towers with Radar,1047,147,20,4,1218,0,2,2,7,11,1047,149,22,11,1229,0,0,0,1229
11/23/2016,SFO,CA,AWP,WE,Towers with Radar,1103,141,29,0,1273,0,2,3,10,15,1103,143,32,10,1288,0,0,0,1288
11/24/2016,SFO,CA,AWP,WE,Towers with Radar,736,70,6,2,814,0,2,1,2,5,736,72,7,4,819,0,0,0,819
11/25/2016,SFO,CA,AWP,WE,Towers with Radar,862,88,16,0,966,0,1,10,2,13,862,89,26,2,979,0,0,0,979
11/26/2016,SFO,CA,AWP,WE,Towers with Radar,1054,125,8,0,1187,0,0,5,3,8,1054,125,13,3,1195,0,0,0,1195
11/27/2016,SFO,CA,AWP,WE,Towers with Radar,1165,178,29,1,1373,0,0,10,1,11,1165,178,39,2,1384,0,0,0,1384
11/28/2016,SFO,CA,AWP,WE,Towers with Radar,1149,149,23,1,1322,0,0,8,6,14,1149,149,31,7,1336,0,0,0,1336
11/29/2016,SFO,CA,AWP,WE,Towers with Radar,1035,125,30,3,1193,0,1,0,14,15,1035,126,30,17,1208,0,0,0,1208
11/30/2016,SFO,CA,AWP,WE,Towers with Radar,1041,134,29,1,1205,0,2,2,9,13,1041,136,31,10,1218,0,0,0,1218
12/01/2016,SFO,CA,AWP,WE,Towers with Radar,1058,146,29,0,1233,0,2,3,5,10,1058,148,32,5,1243,0,0,0,1243
12/02/2016,SFO,CA,AWP,WE,Towers with Radar,1073,138,23,0,1234,0,2,8,4,14,1073,140,31,4,1248,0,0,0,1248
12/03/2016,SFO,CA,AWP,WE,Towers with Radar,853,113,7,1,974,0,3,10,4,17,853,116,17,5,991,0,0,0,991
12/04/2016,SFO,CA,AWP,WE,Towers with Radar,995,139,28,0,1162,0,1,7,3,11,995,140,35,3,1173,0,0,0,1173
12/05/2016,SFO,CA,AWP,WE,Towers with Radar,1055,139,21,0,1215,0,1,2,4,7,1055,140,23,4,1222,0,0,0,1222
12/06/2016,SFO,CA,AWP,WE,Towers with Radar,1001,129,43,4,1177,0,0,1,9,10,1001,129,44,13,1187,0,0,0,1187
12/07/2016,SFO,CA,AWP,WE,Towers with Radar,989,142,36,1,1168,0,2,2,12,16,989,144,38,13,1184,0,0,0,1184
12/08/2016,SFO,CA,AWP,WE,Towers with Radar,1038,107,23,1,1169,0,0,5,2,7,1038,107,28,3,1176,0,0,0,1176
12/09/2016,SFO,CA,AWP,WE,Towers with Radar,1069,112,10,1,1192,0,3,6,8,17,1069,115,16,9,1209,0,0,0,1209
12/10/2016,SFO,CA,AWP,WE,Towers with Radar,863,100,11,0,974,0,0,0,0,0,863,100,11,0,974,0,0,0,974
12/11/2016,SFO,CA,AWP,WE,Towers with Radar,973,125,14,0,1112,0,0,8,2,10,973,125,22,2,1122,0,0,0,1122
12/12/2016,SFO,CA,AWP,WE,Towers with Radar,1060,148,18,0,1226,0,4,2,6,12,1060,152,20,6,1238,0,0,0,1238
12/13/2016,SFO,CA,AWP,WE,Towers with Radar,1010,148,33,0,1191,0,5,1,13,19,1010,153,34,13,1210,0,0,0,1210
12/14/2016,SFO,CA,AWP,WE,Towers with Radar,993,105,29,1,1128,0,2,2,8,12,993,107,31,9,1140,0,0,0,1140
12/15/2016,SFO,CA,AWP,WE,Towers with Radar,906,63,23,2,994,0,0,2,0,2,906,63,25,2,996,0,0,0,996
12/16/2016,SFO,CA,AWP,WE,Towers with Radar,1124,176,33,1,1334,0,4,5,1,10,1124,180,38,2,1344,0,0,0,1344
12/17/2016,SFO,CA,AWP,WE,Towers with Radar,974,141,24,0,1139,0,1,7,6,14,974,142,31,6,1153,0,0,0,1153
12/18/2016,SFO,CA,AWP,WE,Towers with Radar,1060,134,16,1,1211,0,0,7,2,9,1060,134,23,3,1220,0,0,0,1220
12/19/2016,SFO,CA,AWP,WE,Towers with Radar,1076,135,24,2,1237,0,2,2,7,11,1076,137,26,9,1248,0,0,0,1248
12/20/2016,SFO,CA,AWP,WE,Towers with Radar,1053,134,23,4,1214,0,2,2,5,9,1053,136,25,9,1223,0,0,0,1223
12/21/2016,SFO,CA,AWP,WE,Towers with Radar,1081,149,22,2,1254,0,1,6,4,11,1081,150,28,6,1265,0,0,0,1265
12/22/2016,SFO,CA,AWP,WE,Towers with Radar,1112,141,31,0,1284,0,6,13,7,26,1112,147,44,7,1310,0,0,0,1310
12/23/2016,SFO,CA,AWP,WE,Towers with Radar,1052,104,22,0,1178,0,0,6,2,8,1052,104,28,2,1186,0,0,0,1186
12/24/2016,SFO,CA,AWP,WE,Towers with Radar,898,118,9,0,1025,0,0,7,4,11,898,118,16,4,1036,0,0,0,1036
12/25/2016,SFO,CA,AWP,WE,Towers with Radar,864,112,15,1,992,0,2,0,2,4,864,114,15,3,996,0,0,0,996
12/26/2016,SFO,CA,AWP,WE,Towers with Radar,1070,138,24,0,1232,0,2,8,5,15,1070,140,32,5,1247,0,0,0,1247
12/27/2016,SFO,CA,AWP,WE,Towers with Radar,1093,128,14,0,1235,0,1,10,6,17,1093,129,24,6,1252,0,0,0,1252
12/28/2016,SFO,CA,AWP,WE,Towers with Radar,1116,133,20,1,1270,0,2,9,6,17,1116,135,29,7,1287,0,0,0,1287
12/29/2016,SFO,CA,AWP,WE,Towers with Radar,1109,141,12,0,1262,0,2,13,2,17,1109,143,25,2,1279,0,0,0,1279
12/30/2016,SFO,CA,AWP,WE,Towers with Radar,1100,133,17,0,1250,0,2,9,4,15,1100,135,26,4,1265,0,0,0,1265
12/31/2016,SFO,CA,AWP,WE,Towers with Radar,902,109,10,1,1022,0,2,8,4,14,902,111,18,5,1036,0,0,0,1036
01/01/2017,SFO,CA,AWP,WE,Towers with Radar,997,111,17,1,1126,0,0,3,1,4,997,111,20,2,1130,0,0,0,1130
01/02/2017,SFO,CA,AWP,WE,Towers with Radar,1045,102,31,1,1179,0,0,6,3,9,1045,102,37,4,1188,0,0,0,1188
01/03/2017,SFO,CA,AWP,WE,Towers with Radar,939,73,13,1,1026,0,0,2,2,4,939,73,15,3,1030,0,0,0,1030
01/04/2017,SFO,CA,AWP,WE,Towers with Radar,1043,133,19,1,1196,0,0,2,6,8,1043,133,21,7,1204,0,0,0,1204
01/05/2017,SFO,CA,AWP,WE,Towers with Radar,1032,143,34,1,1210,0,8,4,5,17,1032,151,38,6,1227,0,0,0,1227
01/06/2017,SFO,CA,AWP,WE,Towers with Radar,1019,149,22,0,1190,0,2,3,6,11,1019,151,25,6,1201,0,0,0,1201
01/07/2017,SFO,CA,AWP,WE,Towers with Radar,785,78,14,1,878,0,0,6,1,7,785,78,20,2,885,0,0,0,885
01/08/2017,SFO,CA,AWP,WE,Towers with Radar,786,55,23,1,865,0,0,1,1,2,786,55,24,2,867,0,0,0,867
01/09/2017,SFO,CA,AWP,WE,Towers with Radar,1027,145,57,6,1235,0,0,0,7,7,1027,145,57,13,1242,0,0,0,1242
01/10/2017,SFO,CA,AWP,WE,Towers with Radar,818,87,34,1,940,0,0,0,4,4,818,87,34,5,944,0,0,0,944
01/11/2017,SFO,CA,AWP,WE,Towers with Radar,1018,170,66,0,1254,0,2,7,10,19,1018,172,73,10,1273,0,0,0,1273
01/12/2017,SFO,CA,AWP,WE,Towers with Radar,1006,178,47,0,1231,0,0,3,8,11,1006,178,50,8,1242,0,0,0,1242
01/13/2017,SFO,CA,AWP,WE,Towers with Radar,1032,194,32,0,1258,0,3,10,4,17,1032,197,42,4,1275,0,0,0,1275
01/14/2017,SFO,CA,AWP,WE,Towers with Radar,791,108,14,0,913,0,2,9,2,13,791,110,23,2,926,0,0,0,926
01/15/2017,SFO,CA,AWP,WE,Towers with Radar,873,130,9,6,1018,0,0,9,2,11,873,130,18,8,1029,0,0,0,1029
01/16/2017,SFO,CA,AWP,WE,Towers with Radar,1018,178,24,2,1222,0,5,9,4,18,1018,183,33,6,1240,0,0,0,1240
01/17/2017,SFO,CA,AWP,WE,Towers with Radar,950,144,22,4,1120,0,0,4,6,10,950,144,26,10,1130,0,0,0,1130
01/18/2017,SFO,CA,AWP,WE,Towers with Radar,881,95,22,2,1000,0,0,0,2,2,881,95,22,4,1002,0,0,0,1002
01/19/2017,SFO,CA,AWP,WE,Towers with Radar,1021,154,29,0,1204,0,0,0,10,10,1021,154,29,10,1214,0,0,0,1214
01/20/2017,SFO,CA,AWP,WE,Towers with Radar,1000,148,17,0,1165,0,0,6,8,14,1000,148,23,8,1179,0,0,0,1179
01/21/2017,SFO,CA,AWP,WE,Towers with Radar,809,117,19,1,946,0,0,6,2,8,809,117,25,3,954,0,0,0,954
01/22/2017,SFO,CA,AWP,WE,Towers with Radar,893,114,11,1,1019,0,0,2,4,6,893,114,13,5,1025,0,0,0,1025
01/23/2017,SFO,CA,AWP,WE,Towers with Radar,1039,141,18,1,1199,0,2,3,8,13,1039,143,21,9,1212,0,0,0,1212
01/24/2017,SFO,CA,AWP,WE,Towers with Radar,949,152,28,2,1131,0,0,7,10,17,949,152,35,12,1148,0,0,0,1148
01/25/2017,SFO,CA,AWP,WE,Towers with Radar,964,157,43,1,1165,0,1,7,8,16,964,158,50,9,1181,0,0,0,1181
01/26/2017,SFO,CA,AWP,WE,Towers with Radar,1011,174,39,2,1226,0,0,4,8,12,1011,174,43,10,1238,0,0,0,1238
01/27/2017,SFO,CA,AWP,WE,Towers with Radar,1015,173,22,2,1212,0,2,4,6,12,1015,175,26,8,1224,0,0,0,1224
01/28/2017,SFO,CA,AWP,WE,Towers with Radar,787,111,10,0,908,0,3,11,4,18,787,114,21,4,926,0,0,0,926
01/29/2017,SFO,CA,AWP,WE,Towers with Radar,929,154,16,0,1099,0,0,8,5,13,929,154,24,5,1112,0,0,0,1112
01/30/2017,SFO,CA,AWP,WE,Towers with Radar,1016,156,22,2,1196,0,1,2,8,11,1016,157,24,10,1207,0,0,0,1207
01/31/2017,SFO,CA,AWP,WE,Towers with Radar,933,155,33,1,1122,0,1,5,11,17,933,156,38,12,1139,0,0,0,1139
02/01/2017,SFO,CA,AWP,WE,Towers with Radar,952,165,35,1,1153,0,1,2,13,16,952,166,37,14,1169,0,0,0,1169
02/02/2017,SFO,CA,AWP,WE,Towers with Radar,908,87,20,0,1015,0,2,2,2,6,908,89,22,2,1021,0,0,0,1021
02/03/2017,SFO,CA,AWP,WE,Towers with Radar,943,98,18,2,1061,0,0,4,8,12,943,98,22,10,1073,0,0,0,1073
02/04/2017,SFO,CA,AWP,WE,Towers with Radar,830,119,14,0,963,0,0,8,0,8,830,119,22,0,971,0,0,0,971
02/05/2017,SFO,CA,AWP,WE,Towers with Radar,834,108,14,1,957,0,0,5,2,7,834,108,19,3,964,0,0,0,964
02/06/2017,SFO,CA,AWP,WE,Towers with Radar,941,127,22,0,1090,0,0,2,2,4,941,127,24,2,1094,0,0,0,1094
02/07/2017,SFO,CA,AWP,WE,Towers with Radar,911,105,16,0,1032,0,0,0,0,0,911,105,16,0,1032,0,0,0,1032
02/08/2017,SFO,CA,AWP,WE,Towers with Radar,935,140,14,0,1089,0,0,4,7,11,935,140,18,7,1100,0,0,0,1100
02/09/2017,SFO,CA,AWP,WE,Towers with Radar,899,112,25,2,1038,0,0,0,4,4,899,112,25,6,1042,0,0,0,1042
02/10/2017,SFO,CA,AWP,WE,Towers with Radar,1041,149,25,1,1216,0,3,5,1,9,1041,152,30,2,1225,0,0,0,1225
02/11/2017,SFO,CA,AWP,WE,Towers with Radar,802,112,13,0,927,0,1,9,5,15,802,113,22,5,942,0,0,0,942
02/12/2017,SFO,CA,AWP,WE,Towers with Radar,947,124,26,2,1099,0,0,10,3,13,947,124,36,5,1112,0,0,0,1112
02/13/2017,SFO,CA,AWP,WE,Towers with Radar,1012,139,40,2,1193,0,2,6,12,20,1012,141,46,14,1213,0,0,0,1213
02/14/2017,SFO,CA,AWP,WE,Towers with Radar,926,156,37,0,1119,0,2,10,10,22,926,158,47,10,1141,0,0,0,1141
02/15/2017,SFO,CA,AWP,WE,Towers with Radar,978,147,39,2,1166,0,2,3,8,13,978,149,42,10,1179,0,0,0,1179
02/16/2017,SFO,CA,AWP,WE,Towers with Radar,1034,138,27,0,1199,0,1,3,13,17,1034,139,30,13,1216,0,0,0,1216
02/17/2017,SFO,CA,AWP,WE,Towers with Radar,865,70,22,0,957,0,0,4,9,13,865,70,26,9,970,0,0,0,970
02/18/2017,SFO,CA,AWP,WE,Towers with Radar,903,125,21,0,1049,0,0,8,4,12,903,125,29,4,1061,0,0,0,1061
02/19/2017,SFO,CA,AWP,WE,Towers with Radar,861,66,12,2,941,0,2,6,4,12,861,68,18,6,953,0,0,0,953
02/20/2017,SFO,CA,AWP,WE,Towers with Radar,895,62,11,0,968,0,0,4,4,8,895,62,15,4,976,0,0,0,976
02/21/2017,SFO,CA,AWP,WE,Towers with Radar,1069,117,18,2,1206,0,0,3,10,13,1069,117,21,12,1219,0,0,0,1219
02/22/2017,SFO,CA,AWP,WE,Towers with Radar,1011,139,20,0,1170,0,0,2,10,12,1011,139,22,10,1182,0,0,0,1182
02/23/2017,SFO,CA,AWP,WE,Towers with Radar,1041,144,26,1,1212,0,0,7,6,13,1041,144,33,7,1225,0,0,0,1225
02/24/2017,SFO,CA,AWP,WE,Towers with Radar,1064,136,30,1,1231,0,2,6,7,15,1064,138,36,8,1246,0,0,0,1246
02/25/2017,SFO,CA,AWP,WE,Towers with Radar,855,123,19,0,997,0,1,13,4,18,855,124,32,4,1015,0,0,0,1015
02/26/2017,SFO,CA,AWP,WE,Towers with Radar,1019,140,31,0,1190,0,1,9,4,14,1019,141,40,4,1204,0,0,0,1204
02/27/2017,SFO,CA,AWP,WE,Towers with Radar,1044,140,58,1,1243,0,0,0,8,8,1044,140,58,9,1251,0,0,0,1251
02/28/2017,SFO,CA,AWP,WE,Towers with Radar,989,133,35,6,1163,0,6,25,12,43,989,139,60,18,1206,0,0,0,1206
03/01/2017,SFO,CA,AWP,WE,Towers with Radar,1004,154,47,1,1206,0,0,3,9,12,1004,154,50,10,1218,0,0,0,1218
03/02/2017,SFO,CA,AWP,WE,Towers with Radar,1049,126,34,0,1209,0,3,6,12,21,1049,129,40,12,1230,0,0,0,1230
03/03/2017,SFO,CA,AWP,WE,Towers with Radar,1073,140,31,1,1245,0,1,5,4,10,1073,141,36,5,1255,0,0,0,1255
03/04/2017,SFO,CA,AWP,WE,Towers with Radar,847,116,25,0,988,0,0,7,4,11,847,116,32,4,999,0,0,0,999
03/05/2017,SFO,CA,AWP,WE,Towers with Radar,995,123,28,0,1146,0,0,7,3,10,995,123,35,3,1156,0,0,0,1156
03/06/2017,SFO,CA,AWP,WE,Towers with Radar,1037,120,24,0,1181,0,2,2,8,12,1037,122,26,8,1193,0,0,0,1193
03/07/2017,SFO,CA,AWP,WE,Towers with Radar,998,130,33,5,1166,0,2,3,10,15,998,132,36,15,1181,0,0,0,1181
03/08/2017,SFO,CA,AWP,WE,Towers with Radar,1006,143,31,2,1182,0,1,8,5,14,1006,144,39,7,1196,0,0,0,1196
03/09/2017,SFO,CA,AWP,WE,Towers with Radar,1066,163,38,1,1268,0,1,5,0,6,1066,164,43,1,1274,0,0,0,1274
03/10/2017,SFO,CA,AWP,WE,Towers with Radar,1093,154,29,2,1278,0,0,5,2,7,1093,154,34,4,1285,0,0,0,1285
03/11/2017,SFO,CA,AWP,WE,Towers with Radar,897,122,10,1,1030,0,0,12,4,16,897,122,22,5,1046,0,0,0,1046
03/12/2017,SFO,CA,AWP,WE,Towers with Radar,1019,131,19,0,1169,0,4,9,3,16,1019,135,28,3,1185,0,0,0,1185
03/13/2017,SFO,CA,AWP,WE,Towers with Radar,1040,139,45,0,1224,0,0,5,4,9,1040,139,50,4,1233,0,0,0,1233
03/14/2017,SFO,CA,AWP,WE,Towers with Radar,900,142,25,3,1070,0,1,7,13,21,900,143,32,16,1091,0,0,0,1091
03/15/2017,SFO,CA,AWP,WE,Towers with Radar,1026,142,28,1,1197,0,3,8,8,19,1026,145,36,9,1216,0,0,0,1216
03/16/2017,SFO,CA,AWP,WE,Towers with Radar,1058,154,36,0,1248,0,0,5,4,9,1058,154,41,4,1257,0,0,0,1257
03/17/2017,SFO,CA,AWP,WE,Towers with Radar,1091,161,24,1,1277,0,3,5,2,10,1091,164,29,3,1287,0,0,0,1287
03/18/2017,SFO,CA,AWP,WE,Towers with Radar,916,112,11,0,1039,0,0,8,4,12,916,112,19,4,1051,0,0,0,1051
03/19/2017,SFO,CA,AWP,WE,Towers with Radar,1038,134,31,0,1203,0,1,4,2,7,1038,135,35,2,1210,0,0,0,1210
03/20/2017,SFO,CA,AWP,WE,Towers with Radar,954,86,20,0,1060,0,0,3,3,6,954,86,23,3,1066,0,0,0,1066
03/21/2017,SFO,CA,AWP,WE,Towers with Radar,1075,155,28,3,1261,0,0,3,7,10,1075,155,31,10,1271,0,0,0,1271
03/22/2017,SFO,CA,AWP,WE,Towers with Radar,1017,152,40,0,1209,0,0,0,10,10,1017,152,40,10,1219,0,0,0,1219
03/23/2017,SFO,CA,AWP,WE,Towers with Radar,1078,156,43,0,1277,0,3,7,2,12,1078,159,50,2,1289,0,0,0,1289
03/24/2017,SFO,CA,AWP,WE,Towers with Radar,982,91,21,0,1094,0,0,1,0,1,982,91,22,0,1095,0,0,0,1095
03/25/2017,SFO,CA,AWP,WE,Towers with Radar,965,116,15,0,1096,0,3,8,8,19,965,119,23,8,1115,0,0,0,1115
03/26/2017,SFO,CA,AWP,WE,Towers with Radar,1006,135,21,0,1162,0,1,5,5,11,1006,136,26,5,1173,0,0,0,1173
03/27/2017,SFO,CA,AWP,WE,Towers with Radar,1104,152,25,2,1283,0,4,3,11,18,1104,156,28,13,1301,0,0,0,1301
03/28/2017,SFO,CA,AWP,WE,Towers with Radar,995,133,33,5,1166,0,2,5,11,18,995,135,38,16,1184,0,0,0,1184
03/29/2017,SFO,CA,AWP,WE,Towers with Radar,1035,153,38,0,1226,0,0,4,8,12,1035,153,42,8,1238,0,0,0,1238
03/30/2017,SFO,CA,AWP,WE,Towers with Radar,1038,144,44,1,1227,0,3,1,7,11,1038,147,45,8,1238,0,0,0,1238
03/31/2017,SFO,CA,AWP,WE,Towers with Radar,1070,147,44,0,1261,0,1,4,2,7,1070,148,48,2,1268,0,0,0,1268
04/01/2017,SFO,CA,AWP,WE,Towers with Radar,928,110,11,2,1051,0,0,8,2,10,928,110,19,4,1061,0,0,0,1061
04/02/2017,SFO,CA,AWP,WE,Towers with Radar,948,85,12,5,1050,0,2,10,1,13,948,87,22,6,1063,0,0,0,1063
04/03/2017,SFO,CA,AWP,WE,Towers with Radar,1116,149,29,3,1297,0,3,11,7,21,1116,152,40,10,1318,0,0,0,1318
04/04/2017,SFO,CA,AWP,WE,Towers with Radar,1027,138,40,4,1209,0,4,6,14,24,1027,142,46,18,1233,0,0,0,1233
04/05/2017,SFO,CA,AWP,WE,Towers with Radar,1026,147,36,0,1209,0,2,5,9,16,1026,149,41,9,1225,0,0,0,1225
04/06/2017,SFO,CA,AWP,WE,Towers with Radar,953,113,23,0,1089,0,0,7,8,15,953,113,30,8,1104,0,0,0,1104
04/07/2017,SFO,CA,AWP,WE,Towers with Radar,1119,120,21,1,1261,0,0,2,8,10,1119,120,23,9,1271,0,0,0,1271
04/08/2017,SFO,CA,AWP,WE,Towers with Radar,932,133,17,0,1082,0,0,5,1,6,932,133,22,1,1088,0,0,0,1088
04/09/2017,SFO,CA,AWP,WE,Towers with Radar,1032,131,30,3,1196,0,3,9,3,15,1032,134,39,6,1211,0,0,0,1211
04/10/2017,SFO,CA,AWP,WE,Towers with Radar,1072,131,25,1,1229,0,4,2,9,15,1072,135,27,10,1244,0,0,0,1244
04/11/2017,SFO,CA,AWP,WE,Towers with Radar,1031,116,32,8,1187,0,0,4,9,13,1031,116,36,17,1200,0,0,0,1200
04/12/2017,SFO,CA,AWP,WE,Towers with Radar,1002,124,31,2,1159,0,1,4,10,15,1002,125,35,12,1174,0,0,0,1174
04/13/2017,SFO,CA,AWP,WE,Towers with Radar,1105,134,17,1,1257,0,1,2,5,8,1105,135,19,6,1265,0,0,0,1265
04/14/2017,SFO,CA,AWP,WE,Towers with Radar,1118,139,26,0,1283,0,3,6,3,12,1118,142,32,3,1295,0,0,0,1295
04/15/2017,SFO,CA,AWP,WE,Towers with Radar,869,109,18,2,998,0,1,14,1,16,869,110,32,3,1014,0,0,0,1014
04/16/2017,SFO,CA,AWP,WE,Towers with Radar,984,133,23,1,1141,0,1,6,1,8,984,134,29,2,1149,0,0,0,1149
04/17/2017,SFO,CA,AWP,WE,Towers with Radar,1064,102,29,0,1195,0,0,7,8,15,1064,102,36,8,1210,0,0,0,1210
04/18/2017,SFO,CA,AWP,WE,Towers with Radar,1060,128,20,6,1214,0,1,3,9,13,1060,129,23,15,1227,0,0,0,1227
04/19/2017,SFO,CA,AWP,WE,Towers with Radar,1050,141,21,0,1212,0,2,8,10,20,1050,143,29,10,1232,0,0,0,1232
04/20/2017,SFO,CA,AWP,WE,Towers with Radar,1090,132,19,2,1243,0,3,8,3,14,1090,135,27,5,1257,0,0,0,1257
04/21/2017,SFO,CA,AWP,WE,Towers with Radar,1035,139,27,3,1204,0,2,3,7,12,1035,141,30,10,1216,0,0,0,1216
04/22/2017,SFO,CA,AWP,WE,Towers with Radar,882,114,8,1,1005,0,1,7,2,10,882,115,15,3,1015,0,0,0,1015
04/23/2017,SFO,CA,AWP,WE,Towers with Radar,855,63,10,0,928,0,2,8,4,14,855,65,18,4,942,0,0,0,942
04/24/2017,SFO,CA,AWP,WE,Towers with Radar,1068,84,17,0,1169,0,2,6,8,16,1068,86,23,8,1185,0,0,0,1185
04/25/2017,SFO,CA,AWP,WE,Towers with Radar,1083,155,23,3,1264,0,4,5,12,21,1083,159,28,15,1285,0,0,0,1285
04/26/2017,SFO,CA,AWP,WE,Towers with Radar,1011,106,20,0,1137,0,0,4,7,11,1011,106,24,7,1148,0,0,0,1148
04/27/2017,SFO,CA,AWP,WE,Towers with Radar,1113,146,25,0,1284,0,3,1,10,14,1113,149,26,10,1298,0,0,0,1298
04/28/2017,SFO,CA,AWP,WE,Towers with Radar,1066,129,29,0,1224,0,0,7,6,13,1066,129,36,6,1237,0,0,0,1237
04/29/2017,SFO,CA,AWP,WE,Towers with Radar,924,128,9,1,1062,0,2,11,3,16,924,130,20,4,1078,0,0,0,1078
04/30/2017,SFO,CA,AWP,WE,Towers with Radar,936,89,16,0,1041,0,2,8,4,14,936,91,24,4,1055,0,0,0,1055
05/01/2017,SFO,CA,AWP,WE,Towers with Radar,1161,169,39,0,1369,0,1,12,7,20,1161,170,51,7,1389,0,0,0,1389
05/02/2017,SFO,CA,AWP,WE,Towers with Radar,1075,150,46,6,1277,0,2,2,8,12,1075,152,48,14,1289,0,0,0,1289
05/03/2017,SFO,CA,AWP,WE,Towers with Radar,1074,144,48,2,1268,0,3,2,12,17,1074,147,50,14,1285,0,0,0,1285
05/04/2017,SFO,CA,AWP,WE,Towers with Radar,1110,140,41,2,1293,0,0,7,6,13,1110,140,48,8,1306,0,0,0,1306
05/05/2017,SFO,CA,AWP,WE,Towers with Radar,1118,135,32,1,1286,0,1,7,1,9,1118,136,39,2,1295,0,0,0,1295
05/06/2017,SFO,CA,AWP,WE,Towers with Radar,955,109,19,0,1083,0,3,15,2,20,955,112,34,2,1103,0,0,0,1103
05/07/2017,SFO,CA,AWP,WE,Towers with Radar,1076,125,24,0,1225,0,0,13,7,20,1076,125,37,7,1245,0,0,0,1245
05/08/2017,SFO,CA,AWP,WE,Towers with Radar,1119,122,36,0,1277,0,5,5,12,22,1119,127,41,12,1299,0,0,0,1299
05/09/2017,SFO,CA,AWP,WE,Towers with Radar,1094,126,42,4,1266,0,1,4,14,19,1094,127,46,18,1285,0,0,0,1285
05/10/2017,SFO,CA,AWP,WE,Towers with Radar,1107,131,47,1,1286,0,3,8,5,16,1107,134,55,6,1302,0,0,0,1302
05/11/2017,SFO,CA,AWP,WE,Towers with Radar,875,100,19,1,995,0,0,1,5,6,875,100,20,6,1001,0,0,0,1001
05/12/2017,SFO,CA,AWP,WE,Towers with Radar,1159,151,22,0,1332,0,1,8,3,12,1159,152,30,3,1344,0,0,0,1344
05/13/2017,SFO,CA,AWP,WE,Towers with Radar,904,89,10,0,1003,0,0,6,4,10,904,89,16,4,1013,0,0,0,1013
05/14/2017,SFO,CA,AWP,WE,Towers with Radar,1068,134,21,0,1223,0,2,6,2,10,1068,136,27,2,1233,0,0,0,1233
05/15/2017,SFO,CA,AWP,WE,Towers with Radar,1132,144,31,0,1307,0,3,7,8,18,1132,147,38,8,1325,0,0,0,1325
05/16/2017,SFO,CA,AWP,WE,Towers with Radar,1026,112,18,2,1158,0,0,1,11,12,1026,112,19,13,1170,0,0,0,1170
05/17/2017,SFO,CA,AWP,WE,Towers with Radar,1138,144,49,2,1333,0,5,12,6,23,1138,149,61,8,1356,0,0,0,1356
05/18/2017,SFO,CA,AWP,WE,Towers with Radar,1123,157,39,1,1320,0,2,3,4,9,1123,159,42,5,1329,0,0,0,1329
05/19/2017,SFO,CA,AWP,WE,Towers with Radar,1147,150,31,1,1329,0,2,18,5,25,1147,152,49,6,1354,0,0,0,1354
05/20/2017,SFO,CA,AWP,WE,Towers with Radar,890,75,6,2,973,0,3,12,5,20,890,78,18,7,993,0,0,0,993
05/21/2017,SFO,CA,AWP,WE,Towers with Radar,947,79,18,2,1046,0,2,15,6,23,947,81,33,8,1069,0,0,0,1069
05/22/2017,SFO,CA,AWP,WE,Towers with Radar,1198,150,18,2,1368,0,1,14,13,28,1198,151,32,15,1396,0,0,0,1396
05/23/2017,SFO,CA,AWP,WE,Towers with Radar,1107,136,28,5,1276,0,2,4,15,21,1107,138,32,20,1297,0,0,0,1297
05/24/2017,SFO,CA,AWP,WE,Towers with Radar,1104,129,38,0,1271,0,2,11,6,19,1104,131,49,6,1290,0,0,0,1290
05/25/2017,SFO,CA,AWP,WE,Towers with Radar,1133,151,38,1,1323,0,8,8,7,23,1133,159,46,8,1346,0,0,0,1346
05/26/2017,SFO,CA,AWP,WE,Towers with Radar,1108,116,22,0,1246,0,5,7,5,17,1108,121,29,5,1263,0,0,0,1263
05/27/2017,SFO,CA,AWP,WE,Towers with Radar,936,96,6,1,1039,0,2,9,2,13,936,98,15,3,1052,0,0,0,1052
05/28/2017,SFO,CA,AWP,WE,Towers with Radar,898,98,1,0,997,0,0,7,3,10,898,98,8,3,1007,0,0,0,1007
05/29/2017,SFO,CA,AWP,WE,Towers with Radar,1096,129,27,0,1252,0,0,4,9,13,1096,129,31,9,1265,0,0,0,1265
05/30/2017,SFO,CA,AWP,WE,Towers with Radar,1118,124,25,1,1268,0,0,6,11,17,1118,124,31,12,1285,0,0,0,1285
05/31/2017,SFO,CA,AWP,WE,Towers with Radar,1100,135,24,1,1260,0,0,10,11,21,1100,135,34,12,1281,0,0,0,1281
06/01/2017,SFO,CA,AWP,WE,Towers with Radar,1155,148,22,4,1329,0,1,2,5,8,1155,149,24,9,1337,0,0,0,1337
06/02/2017,SFO,CA,AWP,WE,Towers with Radar,1142,143,26,2,1313,0,0,5,0,5,1142,143,31,2,1318,0,0,0,1318
06/03/2017,SFO,CA,AWP,WE,Towers with Radar,935,92,12,1,1040,0,0,6,2,8,935,92,18,3,1048,0,0,0,1048
06/04/2017,SFO,CA,AWP,WE,Towers with Radar,971,84,19,1,1075,0,3,8,3,14,971,87,27,4,1089,0,0,0,1089
06/05/2017,SFO,CA,AWP,WE,Towers with Radar,1213,137,42,0,1392,0,0,2,10,12,1213,137,44,10,1404,0,0,0,1404
06/06/2017,SFO,CA,AWP,WE,Towers with Radar,1107,142,39,4,1292,0,2,3,15,20,1107,144,42,19,1312,0,0,0,1312
06/07/2017,SFO,CA,AWP,WE,Towers with Radar,1144,134,26,1,1305,0,2,3,13,18,1144,136,29,14,1323,0,0,0,1323
06/08/2017,SFO,CA,AWP,WE,Towers with Radar,1122,115,26,1,1264,0,0,4,7,11,1122,115,30,8,1275,0,0,0,1275
06/09/2017,SFO,CA,AWP,WE,Towers with Radar,1221,132,23,2,1378,0,2,0,3,5,1221,134,23,5,1383,0,0,0,1383
06/10/2017,SFO,CA,AWP,WE,Towers with Radar,1062,131,18,1,1212,0,6,8,4,18,1062,137,26,5,1230,0,0,0,1230
06/11/2017,SFO,CA,AWP,WE,Towers with Radar,1143,130,13,0,1286,0,1,9,4,14,1143,131,22,4,1300,0,0,0,1300
06/12/2017,SFO,CA,AWP,WE,Towers with Radar,1199,147,22,2,1370,0,0,11,8,19,1199,147,33,10,1389,0,0,0,1389
06/13/2017,SFO,CA,AWP,WE,Towers with Radar,1160,151,33,5,1349,0,1,14,7,22,1160,152,47,12,1371,0,0,0,1371
06/14/2017,SFO,CA,AWP,WE,Towers with Radar,1173,154,51,1,1379,0,3,5,8,16,1173,157,56,9,1395,0,0,0,1395
06/15/2017,SFO,CA,AWP,WE,Towers with Radar,1203,162,37,1,1403,0,4,6,5,15,1203,166,43,6,1418,0,0,0,1418
06/16/2017,SFO,CA,AWP,WE,Towers with Radar,1208,155,28,0,1391,0,2,2,3,7,1208,157,30,3,1398,0,0,0,1398
06/17/2017,SFO,CA,AWP,WE,Towers with Radar,1079,134,19,1,1233,0,2,21,3,26,1079,136,40,4,1259,0,0,0,1259
06/18/2017,SFO,CA,AWP,WE,Towers with Radar,1162,138,14,0,1314,0,0,9,2,11,1162,138,23,2,1325,0,0,0,1325
06/19/2017,SFO,CA,AWP,WE,Towers with Radar,1189,157,31,0,1377,0,0,8,10,18,1189,157,39,10,1395,0,0,0,1395
06/20/2017,SFO,CA,AWP,WE,Towers with Radar,1199,158,35,0,1392,0,1,2,13,16,1199,159,37,13,1408,0,0,0,1408
06/21/2017,SFO,CA,AWP,WE,Towers with Radar,1197,145,26,1,1369,0,3,8,13,24,1197,148,34,14,1393,0,0,0,1393
06/22/2017,SFO,CA,AWP,WE,Towers with Radar,1215,141,37,0,1393,0,0,8,6,14,1215,141,45,6,1407,0,0,0,1407
06/23/2017,SFO,CA,AWP,WE,Towers with Radar,1225,139,14,1,1379,0,2,2,2,6,1225,141,16,3,1385,0,0,0,1385
06/24/2017,SFO,CA,AWP,WE,Towers with Radar,1094,133,13,1,1241,0,1,12,2,15,1094,134,25,3,1256,0,0,0,1256
06/25/2017,SFO,CA,AWP,WE,Towers with Radar,1185,125,19,0,1329,0,0,11,6,17,1185,125,30,6,1346,0,0,0,1346
06/26/2017,SFO,CA,AWP,WE,Towers with Radar,1180,157,28,2,1367,0,1,3,6,10,1180,158,31,8,1377,0,0,0,1377
06/27/2017,SFO,CA,AWP,WE,Towers with Radar,1161,136,24,1,1322,0,1,8,7,16,1161,137,32,8,1338,0,0,0,1338
06/28/2017,SFO,CA,AWP,WE,Towers with Radar,1214,138,19,1,1372,0,2,6,6,14,1214,140,25,7,1386,0,0,0,1386
06/29/2017,SFO,CA,AWP,WE,Towers with Radar,1198,128,27,1,1354,0,1,4,3,8,1198,129,31,4,1362,0,0,0,1362
06/30/2017,SFO,CA,AWP,WE,Towers with Radar,1230,144,28,0,1402,0,0,8,7,15,1230,144,36,7,1417,0,0,0,1417
07/01/2017,SFO,CA,AWP,WE,Towers with Radar,1094,140,10,1,1245,0,0,5,4,9,1094,140,15,5,1254,0,0,0,1254
07/02/2017,SFO,CA,AWP,WE,Towers with Radar,1118,130,12,1,1261,0,1,11,2,14,1118,131,23,3,1275,0,0,0,1275
07/03/2017,SFO,CA,AWP,WE,Towers with Radar,1045,96,5,0,1146,0,0,14,2,16,1045,96,19,2,1162,0,0,0,1162
07/04/2017,SFO,CA,AWP,WE,Towers with Radar,1049,119,6,4,1178,0,0,5,4,9,1049,119,11,8,1187,0,0,0,1187
07/05/2017,SFO,CA,AWP,WE,Towers with Radar,1165,144,29,4,1342,0,3,10,11,24,1165,147,39,15,1366,0,0,0,1366
07/06/2017,SFO,CA,AWP,WE,Towers with Radar,1201,139,24,2,1366,0,1,10,1,12,1201,140,34,3,1378,0,0,0,1378
07/07/2017,SFO,CA,AWP,WE,Towers with Radar,1193,147,23,0,1363,0,3,7,5,15,1193,150,30,5,1378,0,0,0,1378
07/08/2017,SFO,CA,AWP,WE,Towers with Radar,1103,127,17,2,1249,0,2,8,4,14,1103,129,25,6,1263,0,0,0,1263
07/09/2017,SFO,CA,AWP,WE,Towers with Radar,1189,154,29,2,1374,0,0,9,3,12,1189,154,38,5,1386,0,0,0,1386
07/10/2017,SFO,CA,AWP,WE,Towers with Radar,1217,146,27,0,1390,0,0,8,8,16,1217,146,35,8,1406,0,0,0,1406
07/11/2017,SFO,CA,AWP,WE,Towers with Radar,1196,142,32,5,1375,0,0,7,14,21,1196,142,39,19,1396,0,0,0,1396
07/12/2017,SFO,CA,AWP,WE,Towers with Radar,1208,157,26,2,1393,0,1,10,7,18,1208,158,36,9,1411,0,0,0,1411
07/13/2017,SFO,CA,AWP,WE,Towers with Radar,1233,150,22,1,1406,0,2,6,3,11,1233,152,28,4,1417,0,0,0,1417
07/14/2017,SFO,CA,AWP,WE,Towers with Radar,1229,151,30,5,1415,0,0,4,4,8,1229,151,34,9,1423,0,0,0,1423
07/15/2017,SFO,CA,AWP,WE,Towers with Radar,1098,131,10,0,1239,0,1,7,4,12,1098,132,17,4,1251,0,0,0,1251
07/16/2017,SFO,CA,AWP,WE,Towers with Radar,1204,155,30,1,1390,0,0,9,2,11,1204,155,39,3,1401,0,0,0,1401
07/17/2017,SFO,CA,AWP,WE,Towers with Radar,1197,155,35,0,1387,1,6,21,7,35,1198,161,56,7,1422,0,0,0,1422
07/18/2017,SFO,CA,AWP,WE,Towers with Radar,1220,153,29,2,1404,0,1,13,21,35,1220,154,42,23,1439,0,0,0,1439
07/19/2017,SFO,CA,AWP,WE,Towers with Radar,1212,153,31,1,1397,0,1,5,12,18,1212,154,36,13,1415,0,0,0,1415
07/20/2017,SFO,CA,AWP,WE,Towers with Radar,1250,163,32,1,1446,0,0,11,7,18,1250,163,43,8,1464,0,0,0,1464
07/21/2017,SFO,CA,AWP,WE,Towers with Radar,1219,154,18,0,1391,0,2,3,7,12,1219,156,21,7,1403,0,0,0,1403
07/22/2017,SFO,CA,AWP,WE,Towers with Radar,1118,121,14,0,1253,0,7,13,3,23,1118,128,27,3,1276,0,0,0,1276
07/23/2017,SFO,CA,AWP,WE,Towers with Radar,1208,150,29,0,1387,0,7,18,3,28,1208,157,47,3,1415,0,0,0,1415
07/24/2017,SFO,CA,AWP,WE,Towers with Radar,1221,146,27,2,1396,0,0,11,5,16,1221,146,38,7,1412,0,0,0,1412
07/25/2017,SFO,CA,AWP,WE,Towers with Radar,1224,136,25,5,1390,0,4,2,12,18,1224,140,27,17,1408,0,0,0,1408
07/26/2017,SFO,CA,AWP,WE,Towers with Radar,1201,150,25,2,1378,0,4,9,10,23,1201,154,34,12,1401,0,0,0,1401
07/27/2017,SFO,CA,AWP,WE,Towers with Radar,1238,152,45,0,1435,0,3,10,4,17,1238,155,55,4,1452,0,0,0,1452
07/28/2017,SFO,CA,AWP,WE,Towers with Radar,1233,151,39,0,1423,0,0,3,6,9,1233,151,42,6,1432,0,0,0,1432
07/29/2017,SFO,CA,AWP,WE,Towers with Radar,1124,121,14,0,1259,0,7,8,3,18,1124,128,22,3,1277,0,0,0,1277
07/30/2017,SFO,CA,AWP,WE,Towers with Radar,1184,151,23,1,1359,0,6,15,2,23,1184,157,38,3,1382,0,0,0,1382
07/31/2017,SFO,CA,AWP,WE,Towers with Radar,1242,148,25,1,1416,0,0,5,6,11,1242,148,30,7,1427,0,0,0,1427
08/01/2017,SFO,CA,AWP,WE,Towers with Radar,1224,130,31,3,1388,0,6,15,13,34,1224,136,46,16,1422,0,0,0,1422
08/02/2017,SFO,CA,AWP,WE,Towers with Radar,1195,142,23,0,1360,0,3,9,10,22,1195,145,32,10,1382,0,0,0,1382
08/03/2017,SFO,CA,AWP,WE,Towers with Radar,1221,168,25,0,1414,0,3,14,4,21,1221,171,39,4,1435,0,0,0,1435
08/04/2017,SFO,CA,AWP,WE,Towers with Radar,1239,146,17,0,1402,0,6,7,4,17,1239,152,24,4,1419,0,0,0,1419
08/05/2017,SFO,CA,AWP,WE,Towers with Radar,1148,120,12,0,1280,0,2,6,2,10,1148,122,18,2,1290,0,0,0,1290
08/06/2017,SFO,CA,AWP,WE,Towers with Radar,1182,136,26,0,1344,0,1,12,2,15,1182,137,38,2,1359,0,0,0,1359
08/07/2017,SFO,CA,AWP,WE,Towers with Radar,1215,133,13,1,1362,0,2,4,8,14,1215,135,17,9,1376,0,0,0,1376
08/08/2017,SFO,CA,AWP,WE,Towers with Radar,1214,126,19,1,1360,0,1,4,6,11,1214,127,23,7,1371,0,0,0,1371
08/09/2017,SFO,CA,AWP,WE,Towers with Radar,1200,123,17,2,1342,0,0,6,8,14,1200,123,23,10,1356,0,0,0,1356
08/10/2017,SFO,CA,AWP,WE,Towers with Radar,1228,117,14,0,1359,0,0,3,8,11,1228,117,17,8,1370,0,0,0,1370
08/11/2017,SFO,CA,AWP,WE,Towers with Radar,1265,142,26,0,1433,0,2,4,2,8,1265,144,30,2,1441,0,0,0,1441
08/12/2017,SFO,CA,AWP,WE,Towers with Radar,1134,117,18,0,1269,0,0,9,6,15,1134,117,27,6,1284,0,0,0,1284
08/13/2017,SFO,CA,AWP,WE,Towers with Radar,1165,137,24,0,1326,0,2,18,4,24,1165,139,42,4,1350,0,0,0,1350
08/14/2017,SFO,CA,AWP,WE,Towers with Radar,1175,118,19,1,1313,0,0,4,7,11,1175,118,23,8,1324,0,0,0,1324
08/15/2017,SFO,CA,AWP,WE,Towers with Radar,1233,127,22,2,1384,0,0,4,9,13,1233,127,26,11,1397,0,0,0,1397
08/16/2017,SFO,CA,AWP,WE,Towers with Radar,1351,149,37,0,1537,1,1,14,9,25,1352,150,51,9,1562,0,0,0,1562
08/17/2017,SFO,CA,AWP,WE,Towers with Radar,1266,139,25,0,1430,0,0,10,4,14,1266,139,35,4,1444,0,0,0,1444
08/18/2017,SFO,CA,AWP,WE,Towers with Radar,1305,132,23,1,1461,0,0,26,2,28,1305,132,49,3,1489,0,0,0,1489
08/19/2017,SFO,CA,AWP,WE,Towers with Radar,1158,121,11,1,1291,0,0,13,2,15,1158,121,24,3,1306,0,0,0,1306
08/20/2017,SFO,CA,AWP,WE,Towers with Radar,1195,106,13,3,1317,0,1,18,0,19,1195,107,31,3,1336,0,0,0,1336
08/21/2017,SFO,CA,AWP,WE,Towers with Radar,1283,138,27,2,1450,0,3,17,6,26,1283,141,44,8,1476,0,0,0,1476
08/22/2017,SFO,CA,AWP,WE,Towers with Radar,1253,173,24,2,1452,0,1,8,4,13,1253,174,32,6,1465,0,0,0,1465
08/23/2017,SFO,CA,AWP,WE,Towers with Radar,1255,145,26,1,1427,0,3,8,6,17,1255,148,34,7,1444,0,0,0,1444
08/24/2017,SFO,CA,AWP,WE,Towers with Radar,1279,139,30,0,1448,0,2,7,3,12,1279,141,37,3,1460,0,0,0,1460
08/25/2017,SFO,CA,AWP,WE,Towers with Radar,1301,145,19,2,1467,0,1,12,3,16,1301,146,31,5,1483,0,0,0,1483
08/26/2017,SFO,CA,AWP,WE,Towers with Radar,1128,116,15,0,1259,0,2,29,3,34,1128,118,44,3,1293,0,0,0,1293
08/27/2017,SFO,CA,AWP,WE,Towers with Radar,1202,139,22,4,1367,0,3,16,2,21,1202,142,38,6,1388,0,0,0,1388
08/28/2017,SFO,CA,AWP,WE,Towers with Radar,1258,149,26,1,1434,0,3,7,6,16,1258,152,33,7,1450,0,0,0,1450
08/29/2017,SFO,CA,AWP,WE,Towers with Radar,1208,130,26,1,1365,0,0,7,6,13,1208,130,33,7,1378,0,0,0,1378
08/30/2017,SFO,CA,AWP,WE,Towers with Radar,1215,135,27,0,1377,0,2,2,14,18,1215,137,29,14,1395,0,0,0,1395
08/31/2017,SFO,CA,AWP,WE,Towers with Radar,1255,151,27,2,1435,0,0,2,3,5,1255,151,29,5,1440,0,0,0,1440
09/01/2017,SFO,CA,AWP,WE,Towers with Radar,1263,154,31,0,1448,0,4,15,3,22,1263,158,46,3,1470,0,0,0,1470
09/02/2017,SFO,CA,AWP,WE,Towers with Radar,975,107,11,3,1096,0,2,4,4,10,975,109,15,7,1106,0,0,0,1106
09/03/2017,SFO,CA,AWP,WE,Towers with Radar,992,100,12,0,1104,0,2,13,2,17,992,102,25,2,1121,0,0,0,1121
09/04/2017,SFO,CA,AWP,WE,Towers with Radar,1136,119,19,1,1275,0,3,8,5,16,1136,122,27,6,1291,0,0,0,1291
09/05/2017,SFO,CA,AWP,WE,Towers with Radar,1213,140,17,4,1374,0,1,6,11,18,1213,141,23,15,1392,0,0,0,1392
09/06/2017,SFO,CA,AWP,WE,Towers with Radar,1134,139,19,2,1294,0,0,6,11,17,1134,139,25,13,1311,0,0,0,1311
09/07/2017,SFO,CA,AWP,WE,Towers with Radar,1127,119,13,3,1262,0,1,4,3,8,1127,120,17,6,1270,0,0,0,1270
09/08/2017,SFO,CA,AWP,WE,Towers with Radar,1143,141,21,0,1305,0,0,6,2,8,1143,141,27,2,1313,0,0,0,1313
09/09/2017,SFO,CA,AWP,WE,Towers with Radar,967,100,15,0,1082,0,1,9,2,12,967,101,24,2,1094,0,0,0,1094
09/10/2017,SFO,CA,AWP,WE,Towers with Radar,1134,124,25,0,1283,0,1,10,1,12,1134,125,35,1,1295,0,0,0,1295
09/11/2017,SFO,CA,AWP,WE,Towers with Radar,1141,123,33,0,1297,0,1,6,6,13,1141,124,39,6,1310,0,0,0,1310
09/12/2017,SFO,CA,AWP,WE,Towers with Radar,1206,144,30,3,1383,0,5,2,13,20,1206,149,32,16,1403,0,0,0,1403
09/13/2017,SFO,CA,AWP,WE,Towers with Radar,1153,145,35,0,1333,0,0,4,2,6,1153,145,39,2,1339,0,0,0,1339
09/14/2017,SFO,CA,AWP,WE,Towers with Radar,1219,172,33,1,1425,0,3,3,8,14,1219,175,36,9,1439,0,0,0,1439
09/15/2017,SFO,CA,AWP,WE,Towers with Radar,1233,147,23,0,1403,0,0,19,5,24,1233,147,42,5,1427,0,0,0,1427
09/16/2017,SFO,CA,AWP,WE,Towers with Radar,970,108,21,3,1102,0,0,12,2,14,970,108,33,5,1116,0,0,0,1116
09/17/2017,SFO,CA,AWP,WE,Towers with Radar,1137,134,22,3,1296,0,3,17,2,22,1137,137,39,5,1318,0,0,0,1318
09/18/2017,SFO,CA,AWP,WE,Towers with Radar,1209,126,30,1,1366,0,2,14,6,22,1209,128,44,7,1388,0,0,0,1388
09/19/2017,SFO,CA,AWP,WE,Towers with Radar,1190,141,33,0,1364,0,2,10,6,18,1190,143,43,6,1382,0,0,0,1382
09/20/2017,SFO,CA,AWP,WE,Towers with Radar,1132,125,28,2,1287,0,3,13,7,23,1132,128,41,9,1310,0,0,0,1310
09/21/2017,SFO,CA,AWP,WE,Towers with Radar,1228,144,46,0,1418,0,4,14,7,25,1228,148,60,7,1443,0,0,0,1443
09/22/2017,SFO,CA,AWP,WE,Towers with Radar,1242,143,23,2,1410,0,3,14,5,22,1242,146,37,7,1432,0,0,0,1432
09/23/2017,SFO,CA,AWP,WE,Towers with Radar,983,110,16,0,1109,0,1,9,3,13,983,111,25,3,1122,0,0,0,1122
09/24/2017,SFO,CA,AWP,WE,Towers with Radar,1161,151,22,0,1334,0,3,7,2,12,1161,154,29,2,1346,0,0,0,1346
09/25/2017,SFO,CA,AWP,WE,Towers with Radar,1226,139,14,5,1384,0,5,3,12,20,1226,144,17,17,1404,0,0,0,1404
09/26/2017,SFO,CA,AWP,WE,Towers with Radar,1167,134,17,0,1318,0,7,8,12,27,1167,141,25,12,1345,0,0,0,1345
09/27/2017,SFO,CA,AWP,WE,Towers with Radar,1180,153,31,1,1365,0,5,6,14,25,1180,158,37,15,1390,0,0,0,1390
09/28/2017,SFO,CA,AWP,WE,Towers with Radar,1228,145,20,0,1393,0,2,19,8,29,1228,147,39,8,1422,0,0,0,1422
09/29/2017,SFO,CA,AWP,WE,Towers with Radar,1208,140,32,2,1382,0,5,6,1,12,1208,145,38,3,1394,0,0,0,1394
09/30/2017,SFO,CA,AWP,WE,Towers with Radar,1000,116,18,1,1135,0,0,9,3,12,1000,116,27,4,1147,0,0,0,1147
10/01/2017,SFO,CA,AWP,WE,Towers with Radar,1142,140,39,0,1321,0,5,5,2,12,1142,145,44,2,1333,0,0,0,1333
10/02/2017,SFO,CA,AWP,WE,Towers with Radar,1194,140,28,0,1362,0,2,4,11,17,1194,142,32,11,1379,0,0,0,1379
10/03/2017,SFO,CA,AWP,WE,Towers with Radar,1163,153,30,3,1349,0,1,3,15,19,1163,154,33,18,1368,0,0,0,1368
10/04/2017,SFO,CA,AWP,WE,Towers with Radar,1182,144,40,2,1368,0,3,4,6,13,1182,147,44,8,1381,0,0,0,1381
10/05/2017,SFO,CA,AWP,WE,Towers with Radar,1231,169,31,0,1431,0,2,10,3,15,1231,171,41,3,1446,0,0,0,1446
10/06/2017,SFO,CA,AWP,WE,Towers with Radar,1209,149,25,2,1385,0,2,7,4,13,1209,151,32,6,1398,0,0,0,1398
10/07/2017,SFO,CA,AWP,WE,Towers with Radar,988,107,20,3,1118,0,6,10,4,20,988,113,30,7,1138,0,0,0,1138
10/08/2017,SFO,CA,AWP,WE,Towers with Radar,1145,134,21,3,1303,0,11,34,5,50,1145,145,55,8,1353,0,0,0,1353
10/09/2017,SFO,CA,AWP,WE,Towers with Radar,1204,141,41,0,1386,0,3,13,6,22,1204,144,54,6,1408,0,0,0,1408
10/10/2017,SFO,CA,AWP,WE,Towers with Radar,1196,131,44,4,1375,0,1,2,9,12,1196,132,46,13,1387,0,0,0,1387
10/11/2017,SFO,CA,AWP,WE,Towers with Radar,1014,82,14,2,1112,0,6,1,8,15,1014,88,15,10,1127,0,0,0,1127
10/12/2017,SFO,CA,AWP,WE,Towers with Radar,1122,72,28,1,1223,0,3,5,2,10,1122,75,33,3,1233,0,0,0,1233
10/13/2017,SFO,CA,AWP,WE,Towers with Radar,1146,92,19,1,1258,0,3,4,7,14,1146,95,23,8,1272,0,0,0,1272
10/14/2017,SFO,CA,AWP,WE,Towers with Radar,1033,96,10,0,1139,0,1,7,4,12,1033,97,17,4,1151,0,0,0,1151
10/15/2017,SFO,CA,AWP,WE,Towers with Radar,1152,113,23,1,1289,0,1,11,2,14,1152,114,34,3,1303,0,0,0,1303
10/16/2017,SFO,CA,AWP,WE,Towers with Radar,1214,144,37,0,1395,0,1,4,7,12,1214,145,41,7,1407,0,0,0,1407
10/17/2017,SFO,CA,AWP,WE,Towers with Radar,1145,124,28,4,1301,0,3,17,7,27,1145,127,45,11,1328,0,0,0,1328
10/18/2017,SFO,CA,AWP,WE,Towers with Radar,1182,125,37,1,1345,0,2,7,4,13,1182,127,44,5,1358,0,0,0,1358
10/19/2017,SFO,CA,AWP,WE,Towers with Radar,1024,81,17,1,1123,0,0,15,1,16,1024,81,32,2,1139,0,0,0,1139
10/20/2017,SFO,CA,AWP,WE,Towers with Radar,1291,125,15,2,1433,0,1,11,3,15,1291,126,26,5,1448,0,0,0,1448
10/21/2017,SFO,CA,AWP,WE,Towers with Radar,993,101,23,0,1117,0,1,14,2,17,993,102,37,2,1134,0,0,0,1134
10/22/2017,SFO,CA,AWP,WE,Towers with Radar,1155,126,22,1,1304,0,2,15,2,19,1155,128,37,3,1323,0,0,0,1323
10/23/2017,SFO,CA,AWP,WE,Towers with Radar,1195,143,21,1,1360,0,5,7,4,16,1195,148,28,5,1376,0,0,0,1376
10/24/2017,SFO,CA,AWP,WE,Towers with Radar,1140,146,37,4,1327,0,1,3,12,16,1140,147,40,16,1343,0,0,0,1343
10/25/2017,SFO,CA,AWP,WE,Towers with Radar,1169,140,53,1,1363,0,4,3,8,15,1169,144,56,9,1378,0,0,0,1378
10/26/2017,SFO,CA,AWP,WE,Towers with Radar,1237,141,32,0,1410,0,3,12,5,20,1237,144,44,5,1430,0,0,0,1430
10/27/2017,SFO,CA,AWP,WE,Towers with Radar,1211,128,30,2,1371,0,1,8,4,13,1211,129,38,6,1384,0,0,0,1384
10/28/2017,SFO,CA,AWP,WE,Towers with Radar,976,98,16,1,1091,0,1,8,6,15,976,99,24,7,1106,0,0,0,1106
10/29/2017,SFO,CA,AWP,WE,Towers with Radar,1094,125,23,5,1247,0,0,6,2,8,1094,125,29,7,1255,0,0,0,1255
10/30/2017,SFO,CA,AWP,WE,Towers with Radar,1113,97,20,4,1234,0,0,2,8,10,1113,97,22,12,1244,0,0,0,1244
10/31/2017,SFO,CA,AWP,WE,Towers with Radar,1057,124,24,3,1208,0,0,5,7,12,1057,124,29,10,1220,0,0,0,1220
11/01/2017,SFO,CA,AWP,WE,Towers with Radar,1114,152,43,1,1310,0,1,2,8,11,1114,153,45,9,1321,0,0,0,1321
11/02/2017,SFO,CA,AWP,WE,Towers with Radar,1164,147,33,2,1346,0,1,9,6,16,1164,148,42,8,1362,0,0,0,1362
11/03/2017,SFO,CA,AWP,WE,Towers with Radar,1120,128,38,0,1286,0,2,9,2,13,1120,130,47,2,1299,0,0,0,1299
11/04/2017,SFO,CA,AWP,WE,Towers with Radar,988,112,8,1,1109,0,2,16,2,20,988,114,24,3,1129,0,0,0,1129
11/05/2017,SFO,CA,AWP,WE,Towers with Radar,1093,122,31,2,1248,0,0,4,4,8,1093,122,35,6,1256,0,0,0,1256
11/06/2017,SFO,CA,AWP,WE,Towers with Radar,1188,128,34,4,1354,0,0,6,10,16,1188,128,40,14,1370,0,0,0,1370
11/07/2017,SFO,CA,AWP,WE,Towers with Radar,1120,149,29,5,1303,0,4,53,17,74,1120,153,82,22,1377,0,0,0,1377
11/08/2017,SFO,CA,AWP,WE,Towers with Radar,1065,119,21,0,1205,0,5,6,13,24,1065,124,27,13,1229,0,0,0,1229
11/09/2017,SFO,CA,AWP,WE,Towers with Radar,1213,142,21,1,1377,0,0,1,7,8,1213,142,22,8,1385,0,0,0,1385
11/10/2017,SFO,CA,AWP,WE,Towers with Radar,1178,130,12,1,1321,0,2,6,2,10,1178,132,18,3,1331,0,0,0,1331
11/11/2017,SFO,CA,AWP,WE,Towers with Radar,960,110,20,3,1093,0,4,9,4,17,960,114,29,7,1110,0,0,0,1110
11/12/2017,SFO,CA,AWP,WE,Towers with Radar,1112,124,24,0,1260,0,2,6,3,11,1112,126,30,3,1271,0,0,0,1271
11/13/2017,SFO,CA,AWP,WE,Towers with Radar,1146,118,20,3,1287,0,2,4,7,13,1146,120,24,10,1300,0,0,0,1300
11/14/2017,SFO,CA,AWP,WE,Towers with Radar,1135,142,29,6,1312,0,2,4,17,23,1135,144,33,23,1335,0,0,0,1335
11/15/2017,SFO,CA,AWP,WE,Towers with Radar,1100,127,52,1,1280,0,2,6,8,16,1100,129,58,9,1296,0,0,0,1296
11/16/2017,SFO,CA,AWP,WE,Towers with Radar,1137,130,24,0,1291,0,0,0,2,2,1137,130,24,2,1293,0,0,0,1293
11/17/2017,SFO,CA,AWP,WE,Towers with Radar,1212,141,31,3,1387,1,6,17,9,33,1213,147,48,12,1420,0,0,0,1420
11/18/2017,SFO,CA,AWP,WE,Towers with Radar,1018,122,25,2,1167,0,7,12,8,27,1018,129,37,10,1194,0,0,0,1194
11/19/2017,SFO,CA,AWP,WE,Towers with Radar,1080,130,16,6,1232,0,5,12,4,21,1080,135,28,10,1253,0,0,0,1253
11/20/2017,SFO,CA,AWP,WE,Towers with Radar,1094,116,22,0,1232,0,5,6,5,16,1094,121,28,5,1248,0,0,0,1248
11/21/2017,SFO,CA,AWP,WE,Towers with Radar,1116,127,29,4,1276,0,3,4,15,22,1116,130,33,19,1298,0,0,0,1298
11/22/2017,SFO,CA,AWP,WE,Towers with Radar,1168,142,22,2,1334,0,2,5,6,13,1168,144,27,8,1347,0,0,0,1347
11/23/2017,SFO,CA,AWP,WE,Towers with Radar,802,78,11,0,891,0,0,0,2,2,802,78,11,2,893,0,0,0,893
11/24/2017,SFO,CA,AWP,WE,Towers with Radar,872,85,10,1,968,0,1,4,2,7,872,86,14,3,975,0,0,0,975
11/25/2017,SFO,CA,AWP,WE,Towers with Radar,1110,118,22,0,1250,0,2,5,5,12,1110,120,27,5,1262,0,0,0,1262
11/26/2017,SFO,CA,AWP,WE,Towers with Radar,1064,93,24,0,1181,0,4,6,2,12,1064,97,30,2,1193,0,0,0,1193
11/27/2017,SFO,CA,AWP,WE,Towers with Radar,1285,128,33,1,1447,0,3,6,8,17,1285,131,39,9,1464,0,0,0,1464
11/28/2017,SFO,CA,AWP,WE,Towers with Radar,1132,131,36,4,1303,0,8,5,12,25,1132,139,41,16,1328,0,0,0,1328
11/29/2017,SFO,CA,AWP,WE,Towers with Radar,1116,132,55,1,1304,0,3,2,9,14,1116,135,57,10,1318,0,0,0,1318
11/30/2017,SFO,CA,AWP,WE,Towers with Radar,1143,138,32,0,1313,0,6,4,3,13,1143,144,36,3,1326,0,0,0,1326
12/01/2017,SFO,CA,AWP,WE,Towers with Radar,1157,130,29,0,1316,0,2,2,9,13,1157,132,31,9,1329,0,0,0,1329
12/02/2017,SFO,CA,AWP,WE,Towers with Radar,949,87,13,3,1052,0,6,15,5,26,949,93,28,8,1078,0,0,0,1078
12/03/2017,SFO,CA,AWP,WE,Towers with Radar,1089,129,22,2,1242,0,6,14,2,22,1089,135,36,4,1264,0,0,0,1264
12/04/2017,SFO,CA,AWP,WE,Towers with Radar,1155,137,37,1,1330,0,1,12,11,24,1155,138,49,12,1354,0,0,0,1354
12/05/2017,SFO,CA,AWP,WE,Towers with Radar,1092,130,27,1,1250,0,5,9,10,24,1092,135,36,11,1274,0,0,0,1274
12/06/2017,SFO,CA,AWP,WE,Towers with Radar,1133,122,29,1,1285,0,10,5,12,27,1133,132,34,13,1312,0,0,0,1312
12/07/2017,SFO,CA,AWP,WE,Towers with Radar,1150,133,25,0,1308,0,2,6,4,12,1150,135,31,4,1320,0,0,0,1320
12/08/2017,SFO,CA,AWP,WE,Towers with Radar,1148,123,28,0,1299,0,5,3,8,16,1148,128,31,8,1315,0,0,0,1315
12/09/2017,SFO,CA,AWP,WE,Towers with Radar,932,95,17,1,1045,0,4,6,2,12,932,99,23,3,1057,0,0,0,1057
12/10/2017,SFO,CA,AWP,WE,Towers with Radar,1107,115,23,3,1248,0,5,2,2,9,1107,120,25,5,1257,0,0,0,1257
12/11/2017,SFO,CA,AWP,WE,Towers with Radar,1146,137,34,2,1319,0,1,4,13,18,1146,138,38,15,1337,0,0,0,1337
12/12/2017,SFO,CA,AWP,WE,Towers with Radar,1104,112,40,5,1261,0,2,6,7,15,1104,114,46,12,1276,0,0,0,1276
12/13/2017,SFO,CA,AWP,WE,Towers with Radar,1129,125,30,1,1285,0,2,0,14,16,1129,127,30,15,1301,0,0,0,1301
12/14/2017,SFO,CA,AWP,WE,Towers with Radar,1164,121,20,0,1305,0,6,12,15,33,1164,127,32,15,1338,0,0,0,1338
12/15/2017,SFO,CA,AWP,WE,Towers with Radar,1160,146,30,1,1337,0,3,8,6,17,1160,149,38,7,1354,0,0,0,1354
12/16/2017,SFO,CA,AWP,WE,Towers with Radar,1018,95,26,0,1139,0,7,13,3,23,1018,102,39,3,1162,0,0,0,1162
12/17/2017,SFO,CA,AWP,WE,Towers with Radar,1115,120,25,0,1260,0,3,12,6,21,1115,123,37,6,1281,0,0,0,1281
12/18/2017,SFO,CA,AWP,WE,Towers with Radar,1181,123,15,0,1319,0,5,6,8,19,1181,128,21,8,1338,0,0,0,1338
12/19/2017,SFO,CA,AWP,WE,Towers with Radar,1131,121,26,4,1282,0,1,0,12,13,1131,122,26,16,1295,0,0,0,1295
12/20/2017,SFO,CA,AWP,WE,Towers with Radar,1189,146,16,1,1352,0,6,6,6,18,1189,152,22,7,1370,0,0,0,1370
12/21/2017,SFO,CA,AWP,WE,Towers with Radar,1190,157,24,0,1371,0,7,2,6,15,1190,164,26,6,1386,0,0,0,1386
12/22/2017,SFO,CA,AWP,WE,Towers with Radar,1196,149,25,2,1372,0,1,5,6,12,1196,150,30,8,1384,0,0,0,1384
12/23/2017,SFO,CA,AWP,WE,Towers with Radar,1129,129,13,0,1271,0,1,2,3,6,1129,130,15,3,1277,0,0,0,1277
12/24/2017,SFO,CA,AWP,WE,Towers with Radar,993,107,7,0,1107,0,3,1,4,8,993,110,8,4,1115,0,0,0,1115
12/25/2017,SFO,CA,AWP,WE,Towers with Radar,1004,108,11,0,1123,0,2,1,2,5,1004,110,12,2,1128,0,0,0,1128
12/26/2017,SFO,CA,AWP,WE,Towers with Radar,1155,143,17,2,1317,0,9,5,5,19,1155,152,22,7,1336,0,0,0,1336
12/27/2017,SFO,CA,AWP,WE,Towers with Radar,1180,108,21,1,1310,0,1,10,2,13,1180,109,31,3,1323,0,0,0,1323
12/28/2017,SFO,CA,AWP,WE,Towers with Radar,1197,138,13,3,1351,0,4,12,2,18,1197,142,25,5,1369,0,0,0,1369
12/29/2017,SFO,CA,AWP,WE,Towers with Radar,1165,148,19,0,1332,0,4,15,3,22,1165,152,34,3,1354,0,0,0,1354
12/30/2017,SFO,CA,AWP,WE,Towers with Radar,1105,131,11,0,1247,0,0,11,3,14,1105,131,22,3,1261,0,0,0,1261
12/31/2017,SFO,CA,AWP,WE,Towers with Radar,996,115,14,0,1125,0,0,12,0,12,996,115,26,0,1137,0,0,0,1137
01/01/2018,SFO,CA,AWP,WE,Towers with Radar,1090,132,19,2,1243,0,1,1,0,2,1090,133,20,2,1245,0,0,0,1245
01/02/2018,SFO,CA,AWP,WE,Towers with Radar,1160,159,32,1,1352,0,1,6,6,13,1160,160,38,7,1365,0,0,0,1365
01/03/2018,SFO,CA,AWP,WE,Towers with Radar,1155,134,29,1,1319,0,2,10,4,16,1155,136,39,5,1335,0,0,0,1335
01/04/2018,SFO,CA,AWP,WE,Towers with Radar,1068,135,19,3,1225,0,0,4,6,10,1068,135,23,9,1235,0,0,0,1235
01/05/2018,SFO,CA,AWP,WE,Towers with Radar,1090,132,22,1,1245,0,0,5,2,7,1090,132,27,3,1252,0,0,0,1252
01/06/2018,SFO,CA,AWP,WE,Towers with Radar,1010,151,14,2,1177,0,2,3,3,8,1010,153,17,5,1185,0,0,0,1185
01/07/2018,SFO,CA,AWP,WE,Towers with Radar,1114,179,57,0,1350,0,2,2,2,6,1114,181,59,2,1356,0,0,0,1356
01/08/2018,SFO,CA,AWP,WE,Towers with Radar,1069,110,44,1,1224,0,0,0,0,0,1069,110,44,1,1224,0,0,0,1224
01/09/2018,SFO,CA,AWP,WE,Towers with Radar,1049,150,43,1,1243,0,0,1,12,13,1049,150,44,13,1256,0,0,0,1256
01/10/2018,SFO,CA,AWP,WE,Towers with Radar,1051,147,54,0,1252,0,1,2,8,11,1051,148,56,8,1263,0,0,0,1263
01/11/2018,SFO,CA,AWP,WE,Towers with Radar,1070,172,52,4,1298,0,3,0,2,5,1070,175,52,6,1303,0,0,0,1303
01/12/2018,SFO,CA,AWP,WE,Towers with Radar,1110,137,25,2,1274,0,3,0,1,4,1110,140,25,3,1278,0,0,0,1278
01/13/2018,SFO,CA,AWP,WE,Towers with Radar,897,91,10,1,999,0,4,11,1,16,897,95,21,2,1015,0,0,0,1015
01/14/2018,SFO,CA,AWP,WE,Towers with Radar,976,101,13,0,1090,0,2,10,5,17,976,103,23,5,1107,0,0,0,1107
01/15/2018,SFO,CA,AWP,WE,Towers with Radar,1061,142,14,5,1222,0,1,8,6,15,1061,143,22,11,1237,0,0,0,1237
01/16/2018,SFO,CA,AWP,WE,Towers with Radar,1042,130,20,0,1192,0,0,0,9,9,1042,130,20,9,1201,0,0,0,1201
01/17/2018,SFO,CA,AWP,WE,Towers with Radar,1034,127,18,2,1181,0,0,3,9,12,1034,127,21,11,1193,0,0,0,1193
01/18/2018,SFO,CA,AWP,WE,Towers with Radar,1063,131,18,2,1214,0,0,0,2,2,1063,131,18,4,1216,0,0,0,1216
01/19/2018,SFO,CA,AWP,WE,Towers with Radar,1089,135,15,0,1239,0,5,0,8,13,1089,140,15,8,1252,0,0,0,1252
01/20/2018,SFO,CA,AWP,WE,Towers with Radar,872,114,8,1,995,0,7,4,2,13,872,121,12,3,1008,0,0,0,1008
01/21/2018,SFO,CA,AWP,WE,Towers with Radar,986,100,13,1,1100,0,0,0,4,4,986,100,13,5,1104,0,0,0,1104
01/22/2018,SFO,CA,AWP,WE,Towers with Radar,1072,122,23,1,1218,0,9,4,8,21,1072,131,27,9,1239,0,0,0,1239
01/23/2018,SFO,CA,AWP,WE,Towers with Radar,1027,114,31,5,1177,0,0,0,11,11,1027,114,31,16,1188,0,0,0,1188
01/24/2018,SFO,CA,AWP,WE,Towers with Radar,1017,123,18,2,1160,0,1,2,6,9,1017,124,20,8,1169,0,0,0,1169
01/25/2018,SFO,CA,AWP,WE,Towers with Radar,1084,129,23,2,1238,0,0,0,3,3,1084,129,23,5,1241,0,0,0,1241
01/26/2018,SFO,CA,AWP,WE,Towers with Radar,1094,151,22,1,1268,0,5,8,6,19,1094,156,30,7,1287,0,0,0,1287
01/27/2018,SFO,CA,AWP,WE,Towers with Radar,883,116,15,2,1016,0,0,4,3,7,883,116,19,5,1023,0,0,0,1023
01/28/2018,SFO,CA,AWP,WE,Towers with Radar,1017,132,18,1,1168,0,1,4,2,7,1017,133,22,3,1175,0,0,0,1175
01/29/2018,SFO,CA,AWP,WE,Towers with Radar,1071,138,28,1,1238,0,1,3,6,10,1071,139,31,7,1248,0,0,0,1248
01/30/2018,SFO,CA,AWP,WE,Towers with Radar,1030,123,15,5,1173,0,2,3,13,18,1030,125,18,18,1191,0,0,0,1191
01/31/2018,SFO,CA,AWP,WE,Towers with Radar,1070,127,22,0,1219,0,3,9,8,20,1070,130,31,8,1239,0,0,0,1239
02/01/2018,SFO,CA,AWP,WE,Towers with Radar,1051,116,20,0,1187,0,4,8,8,20,1051,120,28,8,1207,0,0,0,1207
02/02/2018,SFO,CA,AWP,WE,Towers with Radar,1111,158,27,1,1297,0,0,13,4,17,1111,158,40,5,1314,0,0,0,1314
02/03/2018,SFO,CA,AWP,WE,Towers with Radar,879,109,10,2,1000,0,2,16,6,24,879,111,26,8,1024,0,0,0,1024
02/04/2018,SFO,CA,AWP,WE,Towers with Radar,955,129,32,8,1124,0,5,7,3,15,955,134,39,11,1139,0,0,0,1139
02/05/2018,SFO,CA,AWP,WE,Towers with Radar,1070,144,20,7,1241,0,2,3,10,15,1070,146,23,17,1256,0,0,0,1256
02/06/2018,SFO,CA,AWP,WE,Towers with Radar,1026,126,30,4,1186,0,3,2,11,16,1026,129,32,15,1202,0,0,0,1202
02/07/2018,SFO,CA,AWP,WE,Towers with Radar,1030,155,41,0,1226,0,3,2,9,14,1030,158,43,9,1240,0,0,0,1240
02/08/2018,SFO,CA,AWP,WE,Towers with Radar,1081,163,58,0,1302,0,4,7,4,15,1081,167,65,4,1317,0,0,0,1317
02/09/2018,SFO,CA,AWP,WE,Towers with Radar,1055,175,54,1,1285,0,1,2,2,5,1055,176,56,3,1290,0,0,0,1290
02/10/2018,SFO,CA,AWP,WE,Towers with Radar,893,100,4,2,999,0,0,8,4,12,893,100,12,6,1011,0,0,0,1011
02/11/2018,SFO,CA,AWP,WE,Towers with Radar,1010,141,28,0,1179,0,5,9,2,16,1010,146,37,2,1195,0,0,0,1195
02/12/2018,SFO,CA,AWP,WE,Towers with Radar,1094,151,25,1,1271,0,2,4,9,15,1094,153,29,10,1286,0,0,0,1286
02/13/2018,SFO,CA,AWP,WE,Towers with Radar,1027,158,25,5,1215,0,7,3,10,20,1027,165,28,15,1235,0,0,0,1235
02/14/2018,SFO,CA,AWP,WE,Towers with Radar,1013,153,28,1,1195,0,2,6,3,11,1013,155,34,4,1206,0,0,0,1206
02/15/2018,SFO,CA,AWP,WE,Towers with Radar,1106,152,41,1,1300,0,1,3,13,17,1106,153,44,14,1317,0,0,0,1317
02/16/2018,SFO,CA,AWP,WE,Towers with Radar,1100,180,44,3,1327,0,2,4,5,11,1100,182,48,8,1338,0,0,0,1338
02/17/2018,SFO,CA,AWP,WE,Towers with Radar,918,125,14,1,1058,0,1,15,2,18,918,126,29,3,1076,0,0,0,1076
02/18/2018,SFO,CA,AWP,WE,Towers with Radar,995,130,17,0,1142,0,2,12,2,16,995,132,29,2,1158,0,0,0,1158
02/19/2018,SFO,CA,AWP,WE,Towers with Radar,1080,141,29,1,1251,0,5,9,4,18,1080,146,38,5,1269,0,0,0,1269
02/20/2018,SFO,CA,AWP,WE,Towers with Radar,1081,148,28,2,1259,0,4,2,12,18,1081,152,30,14,1277,0,0,0,1277
02/21/2018,SFO,CA,AWP,WE,Towers with Radar,1104,138,41,0,1283,0,1,0,9,10,1104,139,41,9,1293,0,0,0,1293
02/22/2018,SFO,CA,AWP,WE,Towers with Radar,1100,141,28,1,1270,0,1,4,7,12,1100,142,32,8,1282,0,0,0,1282
02/23/2018,SFO,CA,AWP,WE,Towers with Radar,1108,148,22,0,1278,0,8,5,3,16,1108,156,27,3,1294,0,0,0,1294
02/24/2018,SFO,CA,AWP,WE,Towers with Radar,917,131,19,0,1067,0,2,4,3,9,917,133,23,3,1076,0,0,0,1076
02/25/2018,SFO,CA,AWP,WE,Towers with Radar,1039,142,40,0,1221,0,0,4,0,4,1039,142,44,0,1225,0,0,0,1225
02/26/2018,SFO,CA,AWP,WE,Towers with Radar,1096,149,53,2,1300,0,4,1,11,16,1096,153,54,13,1316,0,0,0,1316
02/27/2018,SFO,CA,AWP,WE,Towers with Radar,1074,174,60,4,1312,0,1,1,16,18,1074,175,61,20,1330,0,0,0,1330
02/28/2018,SFO,CA,AWP,WE,Towers with Radar,1051,159,29,0,1239,0,0,2,10,12,1051,159,31,10,1251,0,0,0,1251
03/01/2018,SFO,CA,AWP,WE,Towers with Radar,986,78,19,0,1083,0,0,1,4,5,986,78,20,4,1088,0,0,0,1088
03/02/2018,SFO,CA,AWP,WE,Towers with Radar,1106,127,20,0,1253,0,0,2,6,8,1106,127,22,6,1261,0,0,0,1261
03/03/2018,SFO,CA,AWP,WE,Towers with Radar,921,111,11,0,1043,0,0,3,3,6,921,111,14,3,1049,0,0,0,1049
03/04/2018,SFO,CA,AWP,WE,Towers with Radar,1043,158,15,1,1217,0,1,1,2,4,1043,159,16,3,1221,0,0,0,1221
03/05/2018,SFO,CA,AWP,WE,Towers with Radar,1094,156,23,1,1274,0,3,3,8,14,1094,159,26,9,1288,0,0,0,1288
03/06/2018,SFO,CA,AWP,WE,Towers with Radar,1088,152,26,6,1272,0,2,7,14,23,1088,154,33,20,1295,0,0,0,1295
03/07/2018,SFO,CA,AWP,WE,Towers with Radar,1068,169,35,0,1272,0,3,10,10,23,1068,172,45,10,1295,0,0,0,1295
03/08/2018,SFO,CA,AWP,WE,Towers with Radar,1099,174,24,0,1297,0,3,10,7,20,1099,177,34,7,1317,0,0,0,1317
03/09/2018,SFO,CA,AWP,WE,Towers with Radar,1150,160,22,2,1334,0,2,1,3,6,1150,162,23,5,1340,0,0,0,1340
03/10/2018,SFO,CA,AWP,WE,Towers with Radar,976,107,17,2,1102,0,1,4,1,6,976,108,21,3,1108,0,0,0,1108
03/11/2018,SFO,CA,AWP,WE,Towers with Radar,1098,139,35,2,1274,0,0,13,2,15,1098,139,48,4,1289,0,0,0,1289
03/12/2018,SFO,CA,AWP,WE,Towers with Radar,1053,133,37,0,1223,0,1,4,3,8,1053,134,41,3,1231,0,0,0,1231
03/13/2018,SFO,CA,AWP,WE,Towers with Radar,1133,135,23,0,1291,0,0,3,2,5,1133,135,26,2,1296,0,0,0,1296
03/14/2018,SFO,CA,AWP,WE,Towers with Radar,1094,154,27,1,1276,0,0,2,12,14,1094,154,29,13,1290,0,0,0,1290
03/15/2018,SFO,CA,AWP,WE,Towers with Radar,1096,138,42,1,1277,0,0,2,3,5,1096,138,44,4,1282,0,0,0,1282
03/16/2018,SFO,CA,AWP,WE,Towers with Radar,1124,147,32,1,1304,0,0,2,5,7,1124,147,34,6,1311,0,0,0,1311
03/17/2018,SFO,CA,AWP,WE,Towers with Radar,1008,122,15,1,1146,0,0,6,4,10,1008,122,21,5,1156,0,0,0,1156
03/18/2018,SFO,CA,AWP,WE,Towers with Radar,1099,162,29,1,1291,0,3,5,4,12,1099,165,34,5,1303,0,0,0,1303
03/19/2018,SFO,CA,AWP,WE,Towers with Radar,1133,155,39,1,1328,0,1,4,5,10,1133,156,43,6,1338,0,0,0,1338
03/20/2018,SFO,CA,AWP,WE,Towers with Radar,978,105,17,0,1100,0,1,1,8,10,978,106,18,8,1110,0,0,0,1110
03/21/2018,SFO,CA,AWP,WE,Towers with Radar,1017,105,19,0,1141,0,0,2,5,7,1017,105,21,5,1148,0,0,0,1148
03/22/2018,SFO,CA,AWP,WE,Towers with Radar,1103,113,16,0,1232,0,0,2,7,9,1103,113,18,7,1241,0,0,0,1241
03/23/2018,SFO,CA,AWP,WE,Towers with Radar,1136,163,15,1,1315,0,4,7,4,15,1136,167,22,5,1330,0,0,0,1330
03/24/2018,SFO,CA,AWP,WE,Towers with Radar,1009,113,15,0,1137,0,0,7,7,14,1009,113,22,7,1151,0,0,0,1151
03/25/2018,SFO,CA,AWP,WE,Towers with Radar,1094,134,30,1,1259,0,0,6,4,10,1094,134,36,5,1269,0,0,0,1269
03/26/2018,SFO,CA,AWP,WE,Towers with Radar,1137,150,34,0,1321,0,0,2,10,12,1137,150,36,10,1333,0,0,0,1333
03/27/2018,SFO,CA,AWP,WE,Towers with Radar,1134,149,27,5,1315,0,0,8,13,21,1134,149,35,18,1336,0,0,0,1336
03/28/2018,SFO,CA,AWP,WE,Towers with Radar,1135,175,31,0,1341,0,0,7,6,13,1135,175,38,6,1354,0,0,0,1354
03/29/2018,SFO,CA,AWP,WE,Towers with Radar,1138,163,41,0,1342,0,0,1,4,5,1138,163,42,4,1347,0,0,0,1347
03/30/2018,SFO,CA,AWP,WE,Towers with Radar,1144,153,35,0,1332,0,0,9,3,12,1144,153,44,3,1344,0,0,0,1344
03/31/2018,SFO,CA,AWP,WE,Towers with Radar,980,116,18,0,1114,0,1,7,3,11,980,117,25,3,1125,0,0,0,1125
04/01/2018,SFO,CA,AWP,WE,Towers with Radar,1082,156,19,0,1257,0,5,13,3,21,1082,161,32,3,1278,0,0,0,1278
04/02/2018,SFO,CA,AWP,WE,Towers with Radar,1147,141,20,2,1310,0,2,7,10,19,1147,143,27,12,1329,0,0,0,1329
04/03/2018,SFO,CA,AWP,WE,Towers with Radar,1109,130,35,5,1279,0,0,5,14,19,1109,130,40,19,1298,0,0,0,1298
04/04/2018,SFO,CA,AWP,WE,Towers with Radar,1120,154,26,2,1302,0,6,5,7,18,1120,160,31,9,1320,0,0,0,1320
04/05/2018,SFO,CA,AWP,WE,Towers with Radar,1124,144,24,3,1295,0,6,4,7,17,1124,150,28,10,1312,0,0,0,1312
04/06/2018,SFO,CA,AWP,WE,Towers with Radar,923,69,16,1,1009,0,1,3,4,8,923,70,19,5,1017,0,0,0,1017
04/07/2018,SFO,CA,AWP,WE,Towers with Radar,1076,123,12,0,1211,0,0,6,2,8,1076,123,18,2,1219,0,0,0,1219
04/08/2018,SFO,CA,AWP,WE,Towers with Radar,1099,173,34,0,1306,0,2,6,2,10,1099,175,40,2,1316,0,0,0,1316
04/09/2018,SFO,CA,AWP,WE,Towers with Radar,1143,149,22,2,1316,0,3,6,10,19,1143,152,28,12,1335,0,0,0,1335
04/10/2018,SFO,CA,AWP,WE,Towers with Radar,1085,143,30,3,1261,0,0,4,14,18,1085,143,34,17,1279,0,0,0,1279
04/11/2018,SFO,CA,AWP,WE,Towers with Radar,1114,130,23,0,1267,0,2,0,4,6,1114,132,23,4,1273,0,0,0,1273
04/12/2018,SFO,CA,AWP,WE,Towers with Radar,1168,162,41,1,1372,0,1,1,2,4,1168,163,42,3,1376,0,0,0,1376
04/13/2018,SFO,CA,AWP,WE,Towers with Radar,1159,146,35,1,1341,0,2,9,9,20,1159,148,44,10,1361,0,0,0,1361
04/14/2018,SFO,CA,AWP,WE,Towers with Radar,1000,123,28,0,1151,0,1,13,5,19,1000,124,41,5,1170,0,0,0,1170
04/15/2018,SFO,CA,AWP,WE,Towers with Radar,1081,151,34,2,1268,0,0,5,1,6,1081,151,39,3,1274,0,0,0,1274
04/16/2018,SFO,CA,AWP,WE,Towers with Radar,1121,116,19,2,1258,0,0,8,6,14,1121,116,27,8,1272,0,0,0,1272
04/17/2018,SFO,CA,AWP,WE,Towers with Radar,1107,133,20,4,1264,0,3,2,11,16,1107,136,22,15,1280,0,0,0,1280
04/18/2018,SFO,CA,AWP,WE,Towers with Radar,1116,140,31,1,1288,0,1,4,8,13,1116,141,35,9,1301,0,0,0,1301
04/19/2018,SFO,CA,AWP,WE,Towers with Radar,1128,155,32,0,1315,0,0,6,4,10,1128,155,38,4,1325,0,0,0,1325
04/20/2018,SFO,CA,AWP,WE,Towers with Radar,1158,145,30,2,1335,0,3,7,3,13,1158,148,37,5,1348,0,0,0,1348
04/21/2018,SFO,CA,AWP,WE,Towers with Radar,996,130,18,2,1146,0,4,6,3,13,996,134,24,5,1159,0,0,0,1159
04/22/2018,SFO,CA,AWP,WE,Towers with Radar,1111,148,22,0,1281,0,9,6,6,21,1111,157,28,6,1302,0,0,0,1302
04/23/2018,SFO,CA,AWP,WE,Towers with Radar,1151,161,47,0,1359,0,5,6,8,19,1151,166,53,8,1378,0,0,0,1378
04/24/2018,SFO,CA,AWP,WE,Towers with Radar,1088,137,12,3,1240,0,1,1,12,14,1088,138,13,15,1254,0,0,0,1254
04/25/2018,SFO,CA,AWP,WE,Towers with Radar,1098,138,42,0,1278,0,3,4,4,11,1098,141,46,4,1289,0,0,0,1289
04/26/2018,SFO,CA,AWP,WE,Towers with Radar,1135,137,34,0,1306,0,1,4,6,11,1135,138,38,6,1317,0,0,0,1317
04/27/2018,SFO,CA,AWP,WE,Towers with Radar,1177,132,24,0,1333,0,3,13,4,20,1177,135,37,4,1353,0,0,0,1353
04/28/2018,SFO,CA,AWP,WE,Towers with Radar,995,119,21,0,1135,0,0,4,9,13,995,119,25,9,1148,0,0,0,1148
04/29/2018,SFO,CA,AWP,WE,Towers with Radar,1120,133,26,2,1281,0,1,7,4,12,1120,134,33,6,1293,0,0,0,1293
04/30/2018,SFO,CA,AWP,WE,Towers with Radar,1151,142,35,2,1330,0,0,3,6,9,1151,142,38,8,1339,0,0,0,1339
05/01/2018,SFO,CA,AWP,WE,Towers with Radar,1116,154,27,1,1298,0,0,13,11,24,1116,154,40,12,1322,0,0,0,1322
05/02/2018,SFO,CA,AWP,WE,Towers with Radar,1143,158,31,2,1334,0,0,6,8,14,1143,158,37,10,1348,0,0,0,1348
05/03/2018,SFO,CA,AWP,WE,Towers with Radar,1159,133,30,0,1322,0,4,2,2,8,1159,137,32,2,1330,0,0,0,1330
05/04/2018,SFO,CA,AWP,WE,Towers with Radar,1190,135,24,0,1349,0,0,9,3,12,1190,135,33,3,1361,0,0,0,1361
05/05/2018,SFO,CA,AWP,WE,Towers with Radar,1029,112,16,0,1157,0,0,6,3,9,1029,112,22,3,1166,0,0,0,1166
05/06/2018,SFO,CA,AWP,WE,Towers with Radar,1136,153,24,0,1313,0,0,6,4,10,1136,153,30,4,1323,0,0,0,1323
05/07/2018,SFO,CA,AWP,WE,Towers with Radar,1179,114,36,0,1329,0,0,2,10,12,1179,114,38,10,1341,0,0,0,1341
05/08/2018,SFO,CA,AWP,WE,Towers with Radar,1135,132,44,4,1315,0,0,12,11,23,1135,132,56,15,1338,0,0,0,1338
05/09/2018,SFO,CA,AWP,WE,Towers with Radar,1161,133,44,2,1340,0,2,2,8,12,1161,135,46,10,1352,0,0,0,1352
05/10/2018,SFO,CA,AWP,WE,Towers with Radar,1160,143,35,2,1340,0,4,6,5,15,1160,147,41,7,1355,0,0,0,1355
05/11/2018,SFO,CA,AWP,WE,Towers with Radar,1168,166,45,0,1379,0,3,4,3,10,1168,169,49,3,1389,0,0,0,1389
05/12/2018,SFO,CA,AWP,WE,Towers with Radar,1027,126,20,0,1173,0,5,11,1,17,1027,131,31,1,1190,0,0,0,1190
05/13/2018,SFO,CA,AWP,WE,Towers with Radar,1138,143,27,0,1308,0,0,1,2,3,1138,143,28,2,1311,0,0,0,1311
05/14/2018,SFO,CA,AWP,WE,Towers with Radar,1139,142,35,0,1316,0,1,6,7,14,1139,143,41,7,1330,0,0,0,1330
05/15/2018,SFO,CA,AWP,WE,Towers with Radar,1119,136,24,0,1279,0,0,5,12,17,1119,136,29,12,1296,0,0,0,1296
05/16/2018,SFO,CA,AWP,WE,Towers with Radar,1148,137,31,1,1317,0,1,1,8,10,1148,138,32,9,1327,0,0,0,1327
05/17/2018,SFO,CA,AWP,WE,Towers with Radar,1120,127,31,2,1280,0,2,3,6,11,1120,129,34,8,1291,0,0,0,1291
05/18/2018,SFO,CA,AWP,WE,Towers with Radar,1090,114,29,0,1233,0,1,11,2,14,1090,115,40,2,1247,0,0,0,1247
05/19/2018,SFO,CA,AWP,WE,Towers with Radar,1042,99,19,2,1162,0,1,10,1,12,1042,100,29,3,1174,0,0,0,1174
05/20/2018,SFO,CA,AWP,WE,Towers with Radar,1043,106,28,4,1181,0,0,6,3,9,1043,106,34,7,1190,0,0,0,1190
05/21/2018,SFO,CA,AWP,WE,Towers with Radar,1198,129,19,0,1346,0,3,5,8,16,1198,132,24,8,1362,0,0,0,1362
05/22/2018,SFO,CA,AWP,WE,Towers with Radar,1118,119,24,2,1263,0,0,3,8,11,1118,119,27,10,1274,0,0,0,1274
05/23/2018,SFO,CA,AWP,WE,Towers with Radar,1144,133,19,3,1299,0,0,5,14,19,1144,133,24,17,1318,0,0,0,1318
05/24/2018,SFO,CA,AWP,WE,Towers with Radar,1138,134,26,0,1298,0,0,4,3,7,1138,134,30,3,1305,0,0,0,1305
05/25/2018,SFO,CA,AWP,WE,Towers with Radar,1163,129,27,0,1319,0,0,6,4,10,1163,129,33,4,1329,0,0,0,1329
05/26/2018,SFO,CA,AWP,WE,Towers with Radar,1039,115,11,2,1167,1,0,10,2,13,1040,115,21,4,1180,0,0,0,1180
05/27/2018,SFO,CA,AWP,WE,Towers with Radar,1008,123,16,1,1148,0,6,13,4,23,1008,129,29,5,1171,0,0,0,1171
05/28/2018,SFO,CA,AWP,WE,Towers with Radar,1117,151,22,0,1290,0,2,14,8,24,1117,153,36,8,1314,0,0,0,1314
05/29/2018,SFO,CA,AWP,WE,Towers with Radar,1138,149,39,3,1329,0,3,8,7,18,1138,152,47,10,1347,0,0,0,1347
05/30/2018,SFO,CA,AWP,WE,Towers with Radar,1092,137,44,1,1274,0,3,7,11,21,1092,140,51,12,1295,0,0,0,1295
05/31/2018,SFO,CA,AWP,WE,Towers with Radar,1157,140,34,1,1332,0,3,6,5,14,1157,143,40,6,1346,0,0,0,1346
06/01/2018,SFO,CA,AWP,WE,Towers with Radar,1194,143,24,0,1361,0,3,5,3,11,1194,146,29,3,1372,0,0,0,1372
06/02/2018,SFO,CA,AWP,WE,Towers with Radar,1029,125,12,5,1171,0,3,5,5,13,1029,128,17,10,1184,0,0,0,1184
06/03/2018,SFO,CA,AWP,WE,Towers with Radar,1146,141,22,4,1313,0,1,7,2,10,1146,142,29,6,1323,0,0,0,1323
06/04/2018,SFO,CA,AWP,WE,Towers with Radar,1160,155,28,1,1344,0,2,3,5,10,1160,157,31,6,1354,0,0,0,1354
06/05/2018,SFO,CA,AWP,WE,Towers with Radar,1163,154,27,1,1345,0,1,3,15,19,1163,155,30,16,1364,0,0,0,1364
06/06/2018,SFO,CA,AWP,WE,Towers with Radar,1123,142,23,2,1290,0,4,6,4,14,1123,146,29,6,1304,0,0,0,1304
06/07/2018,SFO,CA,AWP,WE,Towers with Radar,1252,112,28,0,1392,0,3,9,6,18,1252,115,37,6,1410,0,0,0,1410
06/08/2018,SFO,CA,AWP,WE,Towers with Radar,1221,105,34,0,1360,0,0,2,2,4,1221,105,36,2,1364,0,0,0,1364
06/09/2018,SFO,CA,AWP,WE,Towers with Radar,1161,92,7,0,1260,0,0,4,2,6,1161,92,11,2,1266,0,0,0,1266
06/10/2018,SFO,CA,AWP,WE,Towers with Radar,1193,103,34,0,1330,0,6,13,2,21,1193,109,47,2,1351,0,0,0,1351
06/11/2018,SFO,CA,AWP,WE,Towers with Radar,1261,106,35,0,1402,0,0,11,8,19,1261,106,46,8,1421,0,0,0,1421
06/12/2018,SFO,CA,AWP,WE,Towers with Radar,1251,106,25,0,1382,3,3,9,11,26,1254,109,34,11,1408,0,0,0,1408
06/13/2018,SFO,CA,AWP,WE,Towers with Radar,1258,102,37,0,1397,0,1,5,8,14,1258,103,42,8,1411,0,0,0,1411
06/14/2018,SFO,CA,AWP,WE,Towers with Radar,1269,110,32,0,1411,0,5,7,5,17,1269,115,39,5,1428,0,0,0,1428
06/15/2018,SFO,CA,AWP,WE,Towers with Radar,1249,114,27,0,1390,0,5,11,6,22,1249,119,38,6,1412,0,0,0,1412
06/16/2018,SFO,CA,AWP,WE,Towers with Radar,1158,94,22,2,1276,0,8,14,11,33,1158,102,36,13,1309,0,0,0,1309
06/17/2018,SFO,CA,AWP,WE,Towers with Radar,1206,103,15,0,1324,0,2,6,3,11,1206,105,21,3,1335,0,0,0,1335
06/18/2018,SFO,CA,AWP,WE,Towers with Radar,1237,105,29,0,1371,0,2,4,8,14,1237,107,33,8,1385,0,0,0,1385
06/19/2018,SFO,CA,AWP,WE,Towers with Radar,1234,118,20,3,1375,0,5,3,8,16,1234,123,23,11,1391,0,0,0,1391
06/20/2018,SFO,CA,AWP,WE,Towers with Radar,1257,109,23,2,1391,0,1,5,6,12,1257,110,28,8,1403,0,0,0,1403
06/21/2018,SFO,CA,AWP,WE,Towers with Radar,1257,110,25,1,1393,0,1,7,5,13,1257,111,32,6,1406,0,0,0,1406
06/22/2018,SFO,CA,AWP,WE,Towers with Radar,1278,115,23,1,1417,0,4,4,4,12,1278,119,27,5,1429,0,0,0,1429
06/23/2018,SFO,CA,AWP,WE,Towers with Radar,1143,112,18,1,1274,0,2,8,4,14,1143,114,26,5,1288,0,0,0,1288
06/24/2018,SFO,CA,AWP,WE,Towers with Radar,1193,114,23,1,1331,0,0,6,4,10,1193,114,29,5,1341,0,0,0,1341
06/25/2018,SFO,CA,AWP,WE,Towers with Radar,1257,108,15,0,1380,0,4,10,10,24,1257,112,25,10,1404,0,0,0,1404
06/26/2018,SFO,CA,AWP,WE,Towers with Radar,1232,126,20,9,1387,0,7,5,10,22,1232,133,25,19,1409,0,0,0,1409
06/27/2018,SFO,CA,AWP,WE,Towers with Radar,1266,111,22,1,1400,0,3,4,8,15,1266,114,26,9,1415,0,0,0,1415
06/28/2018,SFO,CA,AWP,WE,Towers with Radar,1271,110,21,0,1402,0,4,5,9,18,1271,114,26,9,1420,0,0,0,1420
06/29/2018,SFO,CA,AWP,WE,Towers with Radar,1270,120,38,0,1428,0,1,4,6,11,1270,121,42,6,1439,0,0,0,1439
06/30/2018,SFO,CA,AWP,WE,Towers with Radar,1154,95,24,0,1273,0,2,12,3,17,1154,97,36,3,1290,0,0,0,1290
07/01/2018,SFO,CA,AWP,WE,Towers with Radar,1196,106,17,0,1319,0,0,14,2,16,1196,106,31,2,1335,0,0,0,1335
07/02/2018,SFO,CA,AWP,WE,Towers with Radar,1167,93,8,1,1269,0,2,10,6,18,1167,95,18,7,1287,0,0,0,1287
07/03/2018,SFO,CA,AWP,WE,Towers with Radar,1118,86,11,4,1219,0,1,13,7,21,1118,87,24,11,1240,0,0,0,1240
07/04/2018,SFO,CA,AWP,WE,Towers with Radar,1080,78,11,0,1169,0,4,4,6,14,1080,82,15,6,1183,0,0,0,1183
07/05/2018,SFO,CA,AWP,WE,Towers with Radar,1140,84,13,0,1237,0,0,2,4,6,1140,84,15,4,1243,0,0,0,1243
07/06/2018,SFO,CA,AWP,WE,Towers with Radar,1173,87,11,0,1271,0,0,1,4,5,1173,87,12,4,1276,0,0,0,1276
07/07/2018,SFO,CA,AWP,WE,Towers with Radar,1120,105,11,1,1237,0,1,9,3,13,1120,106,20,4,1250,0,0,0,1250
07/08/2018,SFO,CA,AWP,WE,Towers with Radar,1214,121,24,1,1360,0,4,10,2,16,1214,125,34,3,1376,0,0,0,1376
07/09/2018,SFO,CA,AWP,WE,Towers with Radar,1262,136,25,0,1423,0,1,16,10,27,1262,137,41,10,1450,0,0,0,1450
07/10/2018,SFO,CA,AWP,WE,Towers with Radar,1263,133,28,6,1430,0,4,11,12,27,1263,137,39,18,1457,0,0,0,1457
07/11/2018,SFO,CA,AWP,WE,Towers with Radar,1279,121,23,1,1424,0,2,8,6,16,1279,123,31,7,1440,0,0,0,1440
07/12/2018,SFO,CA,AWP,WE,Towers with Radar,1269,130,31,1,1431,0,0,5,4,9,1269,130,36,5,1440,0,0,0,1440
07/13/2018,SFO,CA,AWP,WE,Towers with Radar,1289,107,21,2,1419,0,0,11,7,18,1289,107,32,9,1437,0,0,0,1437
07/14/2018,SFO,CA,AWP,WE,Towers with Radar,1131,102,15,2,1250,0,4,13,1,18,1131,106,28,3,1268,0,0,0,1268
07/15/2018,SFO,CA,AWP,WE,Towers with Radar,1207,123,46,2,1378,0,0,8,2,10,1207,123,54,4,1388,0,0,0,1388
07/16/2018,SFO,CA,AWP,WE,Towers with Radar,1267,117,28,4,1416,0,3,6,3,12,1267,120,34,7,1428,0,0,0,1428
07/17/2018,SFO,CA,AWP,WE,Towers with Radar,1253,127,31,0,1411,0,1,7,5,13,1253,128,38,5,1424,0,0,0,1424
07/18/2018,SFO,CA,AWP,WE,Towers with Radar,1270,121,20,1,1412,0,5,6,11,22,1270,126,26,12,1434,0,0,0,1434
07/19/2018,SFO,CA,AWP,WE,Towers with Radar,1257,135,33,0,1425,0,2,8,7,17,1257,137,41,7,1442,0,0,0,1442
07/20/2018,SFO,CA,AWP,WE,Towers with Radar,1274,115,19,0,1408,0,2,12,2,16,1274,117,31,2,1424,0,0,0,1424
07/21/2018,SFO,CA,AWP,WE,Towers with Radar,1144,100,12,0,1256,0,1,11,2,14,1144,101,23,2,1270,0,0,0,1270
07/22/2018,SFO,CA,AWP,WE,Towers with Radar,1186,130,25,1,1342,1,3,6,5,15,1187,133,31,6,1357,0,0,0,1357
07/23/2018,SFO,CA,AWP,WE,Towers with Radar,1248,120,35,0,1403,0,2,7,6,15,1248,122,42,6,1418,0,0,0,1418
07/24/2018,SFO,CA,AWP,WE,Towers with Radar,1265,119,32,0,1416,0,5,3,12,20,1265,124,35,12,1436,0,0,0,1436
07/25/2018,SFO,CA,AWP,WE,Towers with Radar,1252,117,33,1,1403,0,0,2,9,11,1252,117,35,10,1414,0,0,0,1414
07/26/2018,SFO,CA,AWP,WE,Towers with Radar,1257,122,36,1,1416,0,2,9,4,15,1257,124,45,5,1431,0,0,0,1431
07/27/2018,SFO,CA,AWP,WE,Towers with Radar,1270,114,29,1,1414,0,2,8,3,13,1270,116,37,4,1427,0,0,0,1427
07/28/2018,SFO,CA,AWP,WE,Towers with Radar,1151,107,22,4,1284,0,1,8,2,11,1151,108,30,6,1295,0,0,0,1295
07/29/2018,SFO,CA,AWP,WE,Towers with Radar,1212,120,37,0,1369,0,0,15,1,16,1212,120,52,1,1385,0,0,0,1385
07/30/2018,SFO,CA,AWP,WE,Towers with Radar,1261,107,37,0,1405,0,3,7,3,13,1261,110,44,3,1418,0,0,0,1418
07/31/2018,SFO,CA,AWP,WE,Towers with Radar,1268,115,26,4,1413,0,1,2,18,21,1268,116,28,22,1434,0,0,0,1434
08/01/2018,SFO,CA,AWP,WE,Towers with Radar,1264,101,18,1,1384,0,6,2,9,17,1264,107,20,10,1401,0,0,0,1401
08/02/2018,SFO,CA,AWP,WE,Towers with Radar,1241,134,40,1,1416,0,2,11,4,17,1241,136,51,5,1433,0,0,0,1433
08/03/2018,SFO,CA,AWP,WE,Towers with Radar,1256,116,21,0,1393,0,4,11,2,17,1256,120,32,2,1410,0,0,0,1410
08/04/2018,SFO,CA,AWP,WE,Towers with Radar,1161,96,16,1,1274,0,0,13,2,15,1161,96,29,3,1289,0,0,0,1289
08/05/2018,SFO,CA,AWP,WE,Towers with Radar,1235,100,23,1,1359,0,3,13,1,17,1235,103,36,2,1376,0,0,0,1376
08/06/2018,SFO,CA,AWP,WE,Towers with Radar,1267,100,16,1,1384,0,2,13,4,19,1267,102,29,5,1403,0,0,0,1403
08/07/2018,SFO,CA,AWP,WE,Towers with Radar,1250,103,30,5,1388,0,1,8,3,12,1250,104,38,8,1400,0,0,0,1400
08/08/2018,SFO,CA,AWP,WE,Towers with Radar,1203,106,10,0,1319,0,1,2,8,11,1203,107,12,8,1330,0,0,0,1330
08/09/2018,SFO,CA,AWP,WE,Towers with Radar,1296,98,30,1,1425,0,2,4,3,9,1296,100,34,4,1434,0,0,0,1434
08/10/2018,SFO,CA,AWP,WE,Towers with Radar,1272,114,25,1,1412,0,2,6,1,9,1272,116,31,2,1421,0,0,0,1421
08/11/2018,SFO,CA,AWP,WE,Towers with Radar,1126,95,16,3,1240,0,6,8,2,16,1126,101,24,5,1256,0,0,0,1256
08/12/2018,SFO,CA,AWP,WE,Towers with Radar,1219,119,27,1,1366,0,1,11,1,13,1219,120,38,2,1379,0,0,0,1379
08/13/2018,SFO,CA,AWP,WE,Towers with Radar,1245,114,30,0,1389,0,2,10,9,21,1245,116,40,9,1410,0,0,0,1410
08/14/2018,SFO,CA,AWP,WE,Towers with Radar,1208,99,17,2,1326,0,0,5,6,11,1208,99,22,8,1337,0,0,0,1337
08/15/2018,SFO,CA,AWP,WE,Towers with Radar,1297,120,24,0,1441,0,0,8,10,18,1297,120,32,10,1459,0,0,0,1459
08/16/2018,SFO,CA,AWP,WE,Towers with Radar,1284,124,19,1,1428,0,1,6,5,12,1284,125,25,6,1440,0,0,0,1440
08/17/2018,SFO,CA,AWP,WE,Towers with Radar,1283,123,18,1,1425,0,1,4,4,9,1283,124,22,5,1434,0,0,0,1434
08/18/2018,SFO,CA,AWP,WE,Towers with Radar,1138,86,21,2,1247,0,3,7,2,12,1138,89,28,4,1259,0,0,0,1259
08/19/2018,SFO,CA,AWP,WE,Towers with Radar,1215,116,33,3,1367,0,3,11,1,15,1215,119,44,4,1382,0,0,0,1382
08/20/2018,SFO,CA,AWP,WE,Towers with Radar,1246,123,14,1,1384,0,5,15,6,26,1246,128,29,7,1410,0,0,0,1410
08/21/2018,SFO,CA,AWP,WE,Towers with Radar,1172,108,14,6,1300,0,0,4,14,18,1172,108,18,20,1318,0,0,0,1318
08/22/2018,SFO,CA,AWP,WE,Towers with Radar,1245,148,17,0,1410,0,0,3,8,11,1245,148,20,8,1421,0,0,0,1421
08/23/2018,SFO,CA,AWP,WE,Towers with Radar,1155,115,32,1,1303,0,0,2,5,7,1155,115,34,6,1310,0,0,0,1310
08/24/2018,SFO,CA,AWP,WE,Towers with Radar,1210,116,22,2,1350,0,1,10,2,13,1210,117,32,4,1363,0,0,0,1363
08/25/2018,SFO,CA,AWP,WE,Towers with Radar,1050,134,13,1,1198,0,2,15,2,19,1050,136,28,3,1217,0,0,0,1217
08/26/2018,SFO,CA,AWP,WE,Towers with Radar,1188,137,27,0,1352,0,0,7,2,9,1188,137,34,2,1361,0,0,0,1361
08/27/2018,SFO,CA,AWP,WE,Towers with Radar,1201,123,20,2,1346,0,1,6,8,15,1201,124,26,10,1361,0,0,0,1361
08/28/2018,SFO,CA,AWP,WE,Towers with Radar,1178,129,9,0,1316,0,0,4,10,14,1178,129,13,10,1330,0,0,0,1330
08/29/2018,SFO,CA,AWP,WE,Towers with Radar,1211,147,15,0,1373,0,2,8,10,20,1211,149,23,10,1393,0,0,0,1393
08/30/2018,SFO,CA,AWP,WE,Towers with Radar,1218,142,26,0,1386,0,1,2,8,11,1218,143,28,8,1397,0,0,0,1397
08/31/2018,SFO,CA,AWP,WE,Towers with Radar,1223,170,33,3,1429,0,3,4,6,13,1223,173,37,9,1442,0,0,0,1442
09/01/2018,SFO,CA,AWP,WE,Towers with Radar,986,102,15,1,1104,0,5,9,5,19,986,107,24,6,1123,0,0,0,1123
09/02/2018,SFO,CA,AWP,WE,Towers with Radar,974,102,16,0,1092,0,1,6,4,11,974,103,22,4,1103,0,0,0,1103
09/03/2018,SFO,CA,AWP,WE,Towers with Radar,1143,163,14,1,1321,0,3,10,3,16,1143,166,24,4,1337,0,0,0,1337
09/04/2018,SFO,CA,AWP,WE,Towers with Radar,1161,144,22,2,1329,0,0,6,9,15,1161,144,28,11,1344,0,0,0,1344
09/05/2018,SFO,CA,AWP,WE,Towers with Radar,1122,158,25,2,1307,0,1,5,5,11,1122,159,30,7,1318,0,0,0,1318
09/06/2018,SFO,CA,AWP,WE,Towers with Radar,1107,168,22,2,1299,0,1,8,4,13,1107,169,30,6,1312,0,0,0,1312
09/07/2018,SFO,CA,AWP,WE,Towers with Radar,1142,153,30,1,1326,0,2,6,5,13,1142,155,36,6,1339,0,0,0,1339
09/08/2018,SFO,CA,AWP,WE,Towers with Radar,989,118,19,0,1126,0,2,18,5,25,989,120,37,5,1151,0,0,0,1151
09/09/2018,SFO,CA,AWP,WE,Towers with Radar,1128,126,33,0,1287,0,8,7,3,18,1128,134,40,3,1305,0,0,0,1305
09/10/2018,SFO,CA,AWP,WE,Towers with Radar,1150,125,24,0,1299,0,4,2,8,14,1150,129,26,8,1313,0,0,0,1313
09/11/2018,SFO,CA,AWP,WE,Towers with Radar,1130,137,35,4,1306,0,0,4,8,12,1130,137,39,12,1318,0,0,0,1318
09/12/2018,SFO,CA,AWP,WE,Towers with Radar,1151,166,29,0,1346,0,4,3,12,19,1151,170,32,12,1365,0,0,0,1365
09/13/2018,SFO,CA,AWP,WE,Towers with Radar,1175,166,52,0,1393,0,1,2,6,9,1175,167,54,6,1402,0,0,0,1402
09/14/2018,SFO,CA,AWP,WE,Towers with Radar,1176,161,31,2,1370,0,5,10,4,19,1176,166,41,6,1389,0,0,0,1389
09/15/2018,SFO,CA,AWP,WE,Towers with Radar,984,119,10,1,1114,0,3,24,4,31,984,122,34,5,1145,0,0,0,1145
09/16/2018,SFO,CA,AWP,WE,Towers with Radar,1102,147,24,0,1273,0,3,15,4,22,1102,150,39,4,1295,0,0,0,1295
09/17/2018,SFO,CA,AWP,WE,Towers with Radar,1154,128,39,0,1321,0,3,5,13,21,1154,131,44,13,1342,0,0,0,1342
09/18/2018,SFO,CA,AWP,WE,Towers with Radar,1121,138,35,3,1297,0,0,11,15,26,1121,138,46,18,1323,0,0,0,1323
09/19/2018,SFO,CA,AWP,WE,Towers with Radar,1154,133,30,0,1317,0,3,7,16,26,1154,136,37,16,1343,0,0,0,1343
09/20/2018,SFO,CA,AWP,WE,Towers with Radar,1169,150,46,0,1365,0,2,8,9,19,1169,152,54,9,1384,0,0,0,1384
09/21/2018,SFO,CA,AWP,WE,Towers with Radar,1186,139,39,0,1364,0,1,7,7,15,1186,140,46,7,1379,0,0,0,1379
09/22/2018,SFO,CA,AWP,WE,Towers with Radar,993,118,16,1,1128,0,4,8,5,17,993,122,24,6,1145,0,0,0,1145
09/23/2018,SFO,CA,AWP,WE,Towers with Radar,1134,126,26,0,1286,0,1,3,2,6,1134,127,29,2,1292,0,0,0,1292
09/24/2018,SFO,CA,AWP,WE,Towers with Radar,1176,132,27,0,1335,0,2,8,9,19,1176,134,35,9,1354,0,0,0,1354
09/25/2018,SFO,CA,AWP,WE,Towers with Radar,1125,129,33,4,1291,0,2,3,10,15,1125,131,36,14,1306,0,0,0,1306
09/26/2018,SFO,CA,AWP,WE,Towers with Radar,1150,140,50,0,1340,0,5,40,13,58,1150,145,90,13,1398,0,0,0,1398
09/27/2018,SFO,CA,AWP,WE,Towers with Radar,1189,159,52,2,1402,0,8,24,5,37,1189,167,76,7,1439,0,0,0,1439
09/28/2018,SFO,CA,AWP,WE,Towers with Radar,1181,143,42,2,1368,0,0,13,2,15,1181,143,55,4,1383,0,0,0,1383
09/29/2018,SFO,CA,AWP,WE,Towers with Radar,873,62,9,0,944,0,6,12,3,21,873,68,21,3,965,0,0,0,965
09/30/2018,SFO,CA,AWP,WE,Towers with Radar,1157,160,29,0,1346,0,4,11,4,19,1157,164,40,4,1365,0,0,0,1365
10/01/2018,SFO,CA,AWP,WE,Towers with Radar,1168,129,25,0,1322,0,10,5,10,25,1168,139,30,10,1347,0,0,0,1347
10/02/2018,SFO,CA,AWP,WE,Towers with Radar,1128,143,34,3,1308,0,2,2,16,20,1128,145,36,19,1328,0,0,0,1328
10/03/2018,SFO,CA,AWP,WE,Towers with Radar,1139,133,31,0,1303,0,3,15,6,24,1139,136,46,6,1327,0,0,0,1327
10/04/2018,SFO,CA,AWP,WE,Towers with Radar,1162,145,28,0,1335,0,4,9,2,15,1162,149,37,2,1350,0,0,0,1350
10/05/2018,SFO,CA,AWP,WE,Towers with Radar,1169,155,35,0,1359,0,10,18,9,37,1169,165,53,9,1396,0,0,0,1396
10/06/2018,SFO,CA,AWP,WE,Towers with Radar,967,118,17,1,1103,0,6,14,6,26,967,124,31,7,1129,0,0,0,1129
10/07/2018,SFO,CA,AWP,WE,Towers with Radar,1084,144,23,0,1251,0,11,39,11,61,1084,155,62,11,1312,0,0,0,1312
10/08/2018,SFO,CA,AWP,WE,Towers with Radar,1156,135,34,0,1325,0,3,5,4,12,1156,138,39,4,1337,0,0,0,1337
10/09/2018,SFO,CA,AWP,WE,Towers with Radar,1117,146,25,4,1292,0,2,2,19,23,1117,148,27,23,1315,0,0,0,1315
10/10/2018,SFO,CA,AWP,WE,Towers with Radar,1123,138,37,0,1298,0,5,8,11,24,1123,143,45,11,1322,0,0,0,1322
10/11/2018,SFO,CA,AWP,WE,Towers with Radar,1155,143,33,0,1331,0,4,12,6,22,1155,147,45,6,1353,0,0,0,1353
10/12/2018,SFO,CA,AWP,WE,Towers with Radar,1147,154,28,0,1329,0,4,22,11,37,1147,158,50,11,1366,0,0,0,1366
10/13/2018,SFO,CA,AWP,WE,Towers with Radar,965,99,17,2,1083,0,4,6,3,13,965,103,23,5,1096,0,0,0,1096
10/14/2018,SFO,CA,AWP,WE,Towers with Radar,1114,142,33,3,1292,0,2,13,1,16,1114,144,46,4,1308,0,0,0,1308
10/15/2018,SFO,CA,AWP,WE,Towers with Radar,1167,127,24,0,1318,0,5,2,11,18,1167,132,26,11,1336,0,0,0,1336
10/16/2018,SFO,CA,AWP,WE,Towers with Radar,1149,133,32,4,1318,0,4,2,12,18,1149,137,34,16,1336,0,0,0,1336
10/17/2018,SFO,CA,AWP,WE,Towers with Radar,1134,136,39,0,1309,0,4,6,12,22,1134,140,45,12,1331,0,0,0,1331
10/18/2018,SFO,CA,AWP,WE,Towers with Radar,1153,144,40,0,1337,0,0,35,7,42,1153,144,75,7,1379,0,0,0,1379
10/19/2018,SFO,CA,AWP,WE,Towers with Radar,1174,139,39,0,1352,0,4,1,6,11,1174,143,40,6,1363,0,0,0,1363
10/20/2018,SFO,CA,AWP,WE,Towers with Radar,965,94,15,0,1074,0,1,9,1,11,965,95,24,1,1085,0,0,0,1085
10/21/2018,SFO,CA,AWP,WE,Towers with Radar,1096,140,36,1,1273,0,4,11,4,19,1096,144,47,5,1292,0,0,0,1292
10/22/2018,SFO,CA,AWP,WE,Towers with Radar,1152,138,25,1,1316,0,0,4,8,12,1152,138,29,9,1328,0,0,0,1328
10/23/2018,SFO,CA,AWP,WE,Towers with Radar,1110,131,21,3,1265,0,0,3,12,15,1110,131,24,15,1280,0,0,0,1280
10/24/2018,SFO,CA,AWP,WE,Towers with Radar,1131,127,36,0,1294,0,1,11,9,21,1131,128,47,9,1315,0,0,0,1315
10/25/2018,SFO,CA,AWP,WE,Towers with Radar,1171,136,22,2,1331,0,2,10,3,15,1171,138,32,5,1346,0,0,0,1346
10/26/2018,SFO,CA,AWP,WE,Towers with Radar,1156,124,24,1,1305,0,1,18,8,27,1156,125,42,9,1332,0,0,0,1332
10/27/2018,SFO,CA,AWP,WE,Towers with Radar,955,88,6,0,1049,0,0,11,2,13,955,88,17,2,1062,0,0,0,1062
10/28/2018,SFO,CA,AWP,WE,Towers with Radar,1064,135,32,1,1232,0,3,7,3,13,1064,138,39,4,1245,0,0,0,1245
10/29/2018,SFO,CA,AWP,WE,Towers with Radar,1099,136,17,0,1252,0,5,5,12,22,1099,141,22,12,1274,0,0,0,1274
10/30/2018,SFO,CA,AWP,WE,Towers with Radar,1076,145,27,4,1252,0,2,2,10,14,1076,147,29,14,1266,0,0,0,1266
10/31/2018,SFO,CA,AWP,WE,Towers with Radar,967,139,19,2,1127,0,5,7,4,16,967,144,26,6,1143,0,0,0,1143
11/01/2018,SFO,CA,AWP,WE,Towers with Radar,1116,147,36,0,1299,0,5,5,10,20,1116,152,41,10,1319,0,0,0,1319
11/02/2018,SFO,CA,AWP,WE,Towers with Radar,1132,124,40,2,1298,0,9,10,10,29,1132,133,50,12,1327,0,0,0,1327
11/03/2018,SFO,CA,AWP,WE,Towers with Radar,961,115,18,0,1094,0,1,6,8,15,961,116,24,8,1109,0,0,0,1109
11/04/2018,SFO,CA,AWP,WE,Towers with Radar,1079,145,29,0,1253,0,4,11,2,17,1079,149,40,2,1270,0,0,0,1270
11/05/2018,SFO,CA,AWP,WE,Towers with Radar,1138,143,25,0,1306,0,1,3,11,15,1138,144,28,11,1321,0,0,0,1321
11/06/2018,SFO,CA,AWP,WE,Towers with Radar,1086,148,39,3,1276,0,5,4,10,19,1086,153,43,13,1295,0,0,0,1295
11/07/2018,SFO,CA,AWP,WE,Towers with Radar,1097,156,39,0,1292,0,1,5,10,16,1097,157,44,10,1308,0,0,0,1308
11/08/2018,SFO,CA,AWP,WE,Towers with Radar,1151,152,51,0,1354,0,1,3,8,12,1151,153,54,8,1366,0,0,0,1366
11/09/2018,SFO,CA,AWP,WE,Towers with Radar,1092,142,20,2,1256,0,2,12,7,21,1092,144,32,9,1277,0,0,0,1277
11/10/2018,SFO,CA,AWP,WE,Towers with Radar,978,110,10,0,1098,0,0,10,2,12,978,110,20,2,1110,0,0,0,1110
11/11/2018,SFO,CA,AWP,WE,Towers with Radar,1091,148,36,0,1275,0,0,5,3,8,1091,148,41,3,1283,0,0,0,1283
11/12/2018,SFO,CA,AWP,WE,Towers with Radar,1113,140,18,0,1271,0,4,3,5,12,1113,144,21,5,1283,0,0,0,1283
11/13/2018,SFO,CA,AWP,WE,Towers with Radar,1109,151,40,0,1300,0,2,4,15,21,1109,153,44,15,1321,0,0,0,1321
11/14/2018,SFO,CA,AWP,WE,Towers with Radar,1096,157,44,1,1298,0,2,5,9,16,1096,159,49,10,1314,0,0,0,1314
11/15/2018,SFO,CA,AWP,WE,Towers with Radar,1068,143,33,2,1246,0,0,0,4,4,1068,143,33,6,1250,0,0,0,1250
11/16/2018,SFO,CA,AWP,WE,Towers with Radar,1137,155,24,1,1317,0,0,0,3,3,1137,155,24,4,1320,0,0,0,1320
11/17/2018,SFO,CA,AWP,WE,Towers with Radar,1021,124,13,0,1158,0,0,4,6,10,1021,124,17,6,1168,0,0,0,1168
11/18/2018,SFO,CA,AWP,WE,Towers with Radar,1065,133,17,2,1217,0,0,3,2,5,1065,133,20,4,1222,0,0,0,1222
11/19/2018,SFO,CA,AWP,WE,Towers with Radar,1081,130,18,1,1230,0,1,0,8,9,1081,131,18,9,1239,0,0,0,1239
11/20/2018,SFO,CA,AWP,WE,Towers with Radar,1104,153,17,5,1279,0,3,3,14,20,1104,156,20,19,1299,0,0,0,1299
11/21/2018,SFO,CA,AWP,WE,Towers with Radar,1055,93,10,0,1158,0,0,0,8,8,1055,93,10,8,1166,0,0,0,1166
11/22/2018,SFO,CA,AWP,WE,Towers with Radar,837,80,4,0,921,0,1,0,0,1,837,81,4,0,922,0,0,0,922
11/23/2018,SFO,CA,AWP,WE,Towers with Radar,891,88,14,0,993,0,0,3,6,9,891,88,17,6,1002,0,0,0,1002
11/24/2018,SFO,CA,AWP,WE,Towers with Radar,1101,133,9,0,1243,0,1,13,4,18,1101,134,22,4,1261,0,0,0,1261
11/25/2018,SFO,CA,AWP,WE,Towers with Radar,1142,154,24,0,1320,0,3,9,1,13,1142,157,33,1,1333,0,0,0,1333
11/26/2018,SFO,CA,AWP,WE,Towers with Radar,1155,152,21,0,1328,0,0,6,12,18,1155,152,27,12,1346,0,0,0,1346
11/27/2018,SFO,CA,AWP,WE,Towers with Radar,1117,123,21,5,1266,0,0,8,11,19,1117,123,29,16,1285,0,0,0,1285
11/28/2018,SFO,CA,AWP,WE,Towers with Radar,1015,136,17,1,1169,0,0,3,9,12,1015,136,20,10,1181,0,0,0,1181
11/29/2018,SFO,CA,AWP,WE,Towers with Radar,1033,115,19,0,1167,0,0,0,8,8,1033,115,19,8,1175,0,0,0,1175
11/30/2018,SFO,CA,AWP,WE,Towers with Radar,1116,172,33,0,1321,0,1,4,5,10,1116,173,37,5,1331,0,0,0,1331
12/01/2018,SFO,CA,AWP,WE,Towers with Radar,923,116,21,2,1062,0,1,10,2,13,923,117,31,4,1075,0,0,0,1075
12/02/2018,SFO,CA,AWP,WE,Towers with Radar,1021,160,15,0,1196,0,8,7,3,18,1021,168,22,3,1214,0,0,0,1214
12/03/2018,SFO,CA,AWP,WE,Towers with Radar,1055,146,20,0,1221,0,2,3,9,14,1055,148,23,9,1235,0,0,0,1235
12/04/2018,SFO,CA,AWP,WE,Towers with Radar,1029,150,16,4,1199,0,2,1,12,15,1029,152,17,16,1214,0,0,0,1214
12/05/2018,SFO,CA,AWP,WE,Towers with Radar,1018,127,29,0,1174,0,2,0,4,6,1018,129,29,4,1180,0,0,0,1180
12/06/2018,SFO,CA,AWP,WE,Towers with Radar,1067,147,31,0,1245,0,0,10,5,15,1067,147,41,5,1260,0,0,0,1260
12/07/2018,SFO,CA,AWP,WE,Towers with Radar,1095,148,30,0,1273,0,2,10,8,20,1095,150,40,8,1293,0,0,0,1293
12/08/2018,SFO,CA,AWP,WE,Towers with Radar,917,120,10,0,1047,0,0,4,3,7,917,120,14,3,1054,0,0,0,1054
12/09/2018,SFO,CA,AWP,WE,Towers with Radar,1020,152,20,2,1194,0,3,2,4,9,1020,155,22,6,1203,0,0,0,1203
12/10/2018,SFO,CA,AWP,WE,Towers with Radar,1058,160,27,0,1245,0,6,2,12,20,1058,166,29,12,1265,0,0,0,1265
12/11/2018,SFO,CA,AWP,WE,Towers with Radar,1085,139,16,2,1242,0,6,2,9,17,1085,145,18,11,1259,0,0,0,1259
12/12/2018,SFO,CA,AWP,WE,Towers with Radar,1047,154,29,0,1230,0,1,1,9,11,1047,155,30,9,1241,0,0,0,1241
12/13/2018,SFO,CA,AWP,WE,Towers with Radar,1086,177,30,0,1293,0,4,7,4,15,1086,181,37,4,1308,0,0,0,1308
12/14/2018,SFO,CA,AWP,WE,Towers with Radar,1037,98,19,2,1156,0,0,1,6,7,1037,98,20,8,1163,0,0,0,1163
12/15/2018,SFO,CA,AWP,WE,Towers with Radar,935,119,21,0,1075,0,2,5,9,16,935,121,26,9,1091,0,0,0,1091
12/16/2018,SFO,CA,AWP,WE,Towers with Radar,911,89,14,1,1015,0,1,3,4,8,911,90,17,5,1023,0,0,0,1023
12/17/2018,SFO,CA,AWP,WE,Towers with Radar,1142,145,27,3,1317,0,0,6,6,12,1142,145,33,9,1329,0,0,0,1329
12/18/2018,SFO,CA,AWP,WE,Towers with Radar,1072,146,28,2,1248,0,2,3,10,15,1072,148,31,12,1263,0,0,0,1263
12/19/2018,SFO,CA,AWP,WE,Towers with Radar,1136,123,39,0,1298,0,2,2,11,15,1136,125,41,11,1313,0,0,0,1313
12/20/2018,SFO,CA,AWP,WE,Towers with Radar,1066,121,17,0,1204,0,0,1,0,1,1066,121,18,0,1205,0,0,0,1205
12/21/2018,SFO,CA,AWP,WE,Towers with Radar,1167,153,14,0,1334,0,0,2,2,4,1167,153,16,2,1338,0,0,0,1338
12/22/2018,SFO,CA,AWP,WE,Towers with Radar,1111,142,25,0,1278,0,0,6,2,8,1111,142,31,2,1286,0,0,0,1286
12/23/2018,SFO,CA,AWP,WE,Towers with Radar,1096,134,18,0,1248,0,3,11,4,18,1096,137,29,4,1266,0,0,0,1266
12/24/2018,SFO,CA,AWP,WE,Towers with Radar,1012,115,8,0,1135,0,0,0,2,2,1012,115,8,2,1137,0,0,0,1137
12/25/2018,SFO,CA,AWP,WE,Towers with Radar,969,115,10,0,1094,0,2,0,4,6,969,117,10,4,1100,0,0,0,1100
12/26/2018,SFO,CA,AWP,WE,Towers with Radar,1126,156,34,1,1317,0,5,8,3,16,1126,161,42,4,1333,0,0,0,1333
12/27/2018,SFO,CA,AWP,WE,Towers with Radar,1140,145,34,0,1319,0,12,8,4,24,1140,157,42,4,1343,0,0,0,1343
12/28/2018,SFO,CA,AWP,WE,Towers with Radar,1149,139,17,0,1305,0,7,11,4,22,1149,146,28,4,1327,0,0,0,1327
12/29/2018,SFO,CA,AWP,WE,Towers with Radar,1097,122,15,0,1234,0,1,5,2,8,1097,123,20,2,1242,0,0,0,1242
12/30/2018,SFO,CA,AWP,WE,Towers with Radar,1103,147,17,0,1267,0,1,6,4,11,1103,148,23,4,1278,0,0,0,1278
12/31/2018,SFO,CA,AWP,WE,Towers with Radar,1047,118,9,0,1174,0,7,6,6,19,1047,125,15,6,1193,0,0,0,1193
01/01/2019,SFO,CA,AWP,WE,Towers with Radar,1069,131,17,0,1217,0,5,4,2,11,1069,136,21,2,1228,0,0,0,1228
01/02/2019,SFO,CA,AWP,WE,Towers with Radar,1141,131,26,4,1302,0,0,6,6,12,1141,131,32,10,1314,0,0,0,1314
01/03/2019,SFO,CA,AWP,WE,Towers with Radar,1108,137,31,0,1276,0,0,4,4,8,1108,137,35,4,1284,0,0,0,1284
01/04/2019,SFO,CA,AWP,WE,Towers with Radar,1117,157,35,0,1309,0,0,21,6,27,1117,157,56,6,1336,0,0,0,1336
01/05/2019,SFO,CA,AWP,WE,Towers with Radar,963,71,23,0,1057,0,0,1,2,3,963,71,24,2,1060,0,0,0,1060
01/06/2019,SFO,CA,AWP,WE,Towers with Radar,845,82,24,1,952,0,0,2,2,4,845,82,26,3,956,0,0,0,956
01/07/2019,SFO,CA,AWP,WE,Towers with Radar,1192,177,59,0,1428,0,1,0,4,5,1192,178,59,4,1433,0,0,0,1433
01/08/2019,SFO,CA,AWP,WE,Towers with Radar,905,123,24,0,1052,0,3,5,8,16,905,126,29,8,1068,0,0,0,1068
01/09/2019,SFO,CA,AWP,WE,Towers with Radar,1001,169,31,0,1201,0,0,0,10,10,1001,169,31,10,1211,0,0,0,1211
01/10/2019,SFO,CA,AWP,WE,Towers with Radar,1056,151,27,1,1235,0,0,0,4,4,1056,151,27,5,1239,0,0,0,1239
01/11/2019,SFO,CA,AWP,WE,Towers with Radar,1081,143,21,2,1247,0,2,6,7,15,1081,145,27,9,1262,0,0,0,1262
01/12/2019,SFO,CA,AWP,WE,Towers with Radar,885,120,9,0,1014,0,5,28,7,40,885,125,37,7,1054,0,0,0,1054
01/13/2019,SFO,CA,AWP,WE,Towers with Radar,989,136,30,0,1155,0,2,3,5,10,989,138,33,5,1165,0,0,0,1165
01/14/2019,SFO,CA,AWP,WE,Towers with Radar,984,94,18,1,1097,0,2,2,10,14,984,96,20,11,1111,0,0,0,1111
01/15/2019,SFO,CA,AWP,WE,Towers with Radar,947,96,16,0,1059,0,0,0,8,8,947,96,16,8,1067,0,0,0,1067
01/16/2019,SFO,CA,AWP,WE,Towers with Radar,840,59,12,0,911,0,0,1,8,9,840,59,13,8,920,0,0,0,920
01/17/2019,SFO,CA,AWP,WE,Towers with Radar,1058,117,11,0,1186,0,2,0,9,11,1058,119,11,9,1197,0,0,0,1197
01/18/2019,SFO,CA,AWP,WE,Towers with Radar,1079,196,27,0,1302,0,0,7,8,15,1079,196,34,8,1317,0,0,0,1317
01/19/2019,SFO,CA,AWP,WE,Towers with Radar,857,124,15,0,996,0,1,9,5,15,857,125,24,5,1011,0,0,0,1011
01/20/2019,SFO,CA,AWP,WE,Towers with Radar,891,109,10,0,1010,0,1,2,4,7,891,110,12,4,1017,0,0,0,1017
01/21/2019,SFO,CA,AWP,WE,Towers with Radar,1030,161,29,0,1220,0,5,8,4,17,1030,166,37,4,1237,0,0,0,1237
01/22/2019,SFO,CA,AWP,WE,Towers with Radar,971,142,27,4,1144,0,2,5,12,19,971,144,32,16,1163,0,0,0,1163
01/23/2019,SFO,CA,AWP,WE,Towers with Radar,1028,139,31,1,1199,0,5,3,6,14,1028,144,34,7,1213,0,0,0,1213
01/24/2019,SFO,CA,AWP,WE,Towers with Radar,1043,164,51,1,1259,0,1,10,5,16,1043,165,61,6,1275,0,0,0,1275
01/25/2019,SFO,CA,AWP,WE,Towers with Radar,1067,170,38,0,1275,0,5,2,2,9,1067,175,40,2,1284,0,0,0,1284
01/26/2019,SFO,CA,AWP,WE,Towers with Radar,874,135,37,0,1046,0,3,8,3,14,874,138,45,3,1060,0,0,0,1060
01/27/2019,SFO,CA,AWP,WE,Towers with Radar,980,147,33,0,1160,0,1,7,4,12,980,148,40,4,1172,0,0,0,1172
01/28/2019,SFO,CA,AWP,WE,Towers with Radar,1046,145,22,0,1213,0,5,6,8,19,1046,150,28,8,1232,0,0,0,1232
01/29/2019,SFO,CA,AWP,WE,Towers with Radar,958,123,20,4,1105,0,1,2,8,11,958,124,22,12,1116,0,0,0,1116
01/30/2019,SFO,CA,AWP,WE,Towers with Radar,1007,145,23,1,1176,0,4,2,7,13,1007,149,25,8,1189,0,0,0,1189
01/31/2019,SFO,CA,AWP,WE,Towers with Radar,1025,132,28,1,1186,0,2,4,6,12,1025,134,32,7,1198,0,0,0,1198
02/01/2019,SFO,CA,AWP,WE,Towers with Radar,953,94,20,0,1067,0,2,4,1,7,953,96,24,1,1074,0,0,0,1074
02/02/2019,SFO,CA,AWP,WE,Towers with Radar,875,70,8,0,953,0,0,4,4,8,875,70,12,4,961,0,0,0,961
02/03/2019,SFO,CA,AWP,WE,Towers with Radar,959,134,24,1,1118,0,0,2,4,6,959,134,26,5,1124,0,0,0,1124
02/04/2019,SFO,CA,AWP,WE,Towers with Radar,1020,135,24,1,1180,0,0,10,2,12,1020,135,34,3,1192,0,0,0,1192
02/05/2019,SFO,CA,AWP,WE,Towers with Radar,975,154,48,0,1177,0,1,6,12,19,975,155,54,12,1196,0,0,0,1196
02/06/2019,SFO,CA,AWP,WE,Towers with Radar,1005,153,35,0,1193,0,6,8,8,22,1005,159,43,8,1215,0,0,0,1215
02/07/2019,SFO,CA,AWP,WE,Towers with Radar,1033,156,45,0,1234,0,2,9,3,14,1033,158,54,3,1248,0,0,0,1248
02/08/2019,SFO,CA,AWP,WE,Towers with Radar,1012,132,23,0,1167,0,0,0,8,8,1012,132,23,8,1175,0,0,0,1175
02/09/2019,SFO,CA,AWP,WE,Towers with Radar,895,114,14,0,1023,0,0,5,2,7,895,114,19,2,1030,0,0,0,1030
02/10/2019,SFO,CA,AWP,WE,Towers with Radar,954,150,26,0,1130,0,2,5,4,11,954,152,31,4,1141,0,0,0,1141
02/11/2019,SFO,CA,AWP,WE,Towers with Radar,1029,153,40,1,1223,0,0,4,3,7,1029,153,44,4,1230,0,0,0,1230
02/12/2019,SFO,CA,AWP,WE,Towers with Radar,943,140,42,5,1130,0,4,3,11,18,943,144,45,16,1148,0,0,0,1148
02/13/2019,SFO,CA,AWP,WE,Towers with Radar,830,56,20,0,906,0,0,1,0,1,830,56,21,0,907,0,0,0,907
02/14/2019,SFO,CA,AWP,WE,Towers with Radar,1010,96,21,0,1127,0,1,6,5,12,1010,97,27,5,1139,0,0,0,1139
02/15/2019,SFO,CA,AWP,WE,Towers with Radar,1061,154,21,0,1236,0,0,4,4,8,1061,154,25,4,1244,0,0,0,1244
02/16/2019,SFO,CA,AWP,WE,Towers with Radar,928,128,9,2,1067,0,3,12,4,19,928,131,21,6,1086,0,0,0,1086
02/17/2019,SFO,CA,AWP,WE,Towers with Radar,941,129,7,0,1077,0,1,6,6,13,941,130,13,6,1090,0,0,0,1090
02/18/2019,SFO,CA,AWP,WE,Towers with Radar,1054,151,24,0,1229,0,4,6,5,15,1054,155,30,5,1244,0,0,0,1244
02/19/2019,SFO,CA,AWP,WE,Towers with Radar,971,146,35,4,1156,0,4,13,6,23,971,150,48,10,1179,0,0,0,1179
02/20/2019,SFO,CA,AWP,WE,Towers with Radar,1003,150,35,0,1188,0,2,8,9,19,1003,152,43,9,1207,0,0,0,1207
02/21/2019,SFO,CA,AWP,WE,Towers with Radar,1038,153,32,0,1223,0,1,3,10,14,1038,154,35,10,1237,0,0,0,1237
02/22/2019,SFO,CA,AWP,WE,Towers with Radar,1081,139,24,1,1245,0,4,7,6,17,1081,143,31,7,1262,0,0,0,1262
02/23/2019,SFO,CA,AWP,WE,Towers with Radar,935,121,14,14,1084,0,2,2,6,10,935,123,16,20,1094,0,0,0,1094
02/24/2019,SFO,CA,AWP,WE,Towers with Radar,1011,162,44,0,1217,0,0,2,5,7,1011,162,46,5,1224,0,0,0,1224
02/25/2019,SFO,CA,AWP,WE,Towers with Radar,866,81,33,1,981,0,3,1,10,14,866,84,34,11,995,0,0,0,995
02/26/2019,SFO,CA,AWP,WE,Towers with Radar,867,74,18,4,963,0,0,4,7,11,867,74,22,11,974,0,0,0,974
02/27/2019,SFO,CA,AWP,WE,Towers with Radar,1053,142,19,1,1215,0,0,4,6,10,1053,142,23,7,1225,0,0,0,1225
02/28/2019,SFO,CA,AWP,WE,Towers with Radar,1055,159,16,1,1231,0,3,2,9,14,1055,162,18,10,1245,0,0,0,1245
03/01/2019,SFO,CA,AWP,WE,Towers with Radar,1079,145,23,0,1247,0,0,4,4,8,1079,145,27,4,1255,0,0,0,1255
03/02/2019,SFO,CA,AWP,WE,Towers with Radar,914,96,14,0,1024,0,0,0,2,2,914,96,14,2,1026,0,0,0,1026
03/03/2019,SFO,CA,AWP,WE,Towers with Radar,974,104,27,0,1105,0,0,4,4,8,974,104,31,4,1113,0,0,0,1113
03/04/2019,SFO,CA,AWP,WE,Towers with Radar,1062,141,21,0,1224,0,2,2,8,12,1062,143,23,8,1236,0,0,0,1236
03/05/2019,SFO,CA,AWP,WE,Towers with Radar,931,125,18,4,1078,0,0,4,11,15,931,125,22,15,1093,0,0,0,1093
03/06/2019,SFO,CA,AWP,WE,Towers with Radar,996,121,15,0,1132,0,0,3,7,10,996,121,18,7,1142,0,0,0,1142
03/07/2019,SFO,CA,AWP,WE,Towers with Radar,1061,156,19,0,1236,0,1,4,7,12,1061,157,23,7,1248,0,0,0,1248
03/08/2019,SFO,CA,AWP,WE,Towers with Radar,1086,154,25,0,1265,0,1,5,8,14,1086,155,30,8,1279,0,0,0,1279
03/09/2019,SFO,CA,AWP,WE,Towers with Radar,901,87,13,0,1001,0,0,3,1,4,901,87,16,1,1005,0,0,0,1005
03/10/2019,SFO,CA,AWP,WE,Towers with Radar,1074,125,16,0,1215,1,0,7,2,10,1075,125,23,2,1225,0,0,0,1225
03/11/2019,SFO,CA,AWP,WE,Towers with Radar,1144,153,24,1,1322,0,1,2,18,21,1144,154,26,19,1343,0,0,0,1343
03/12/2019,SFO,CA,AWP,WE,Towers with Radar,1046,140,39,5,1230,0,4,3,17,24,1046,144,42,22,1254,0,0,0,1254
03/13/2019,SFO,CA,AWP,WE,Towers with Radar,1060,146,39,0,1245,0,4,15,11,30,1060,150,54,11,1275,0,0,0,1275
03/14/2019,SFO,CA,AWP,WE,Towers with Radar,1071,159,36,0,1266,0,0,7,5,12,1071,159,43,5,1278,0,0,0,1278
03/15/2019,SFO,CA,AWP,WE,Towers with Radar,1115,170,33,0,1318,0,3,5,10,18,1115,173,38,10,1336,0,0,0,1336
03/16/2019,SFO,CA,AWP,WE,Towers with Radar,972,135,10,0,1117,0,5,5,4,14,972,140,15,4,1131,0,0,0,1131
03/17/2019,SFO,CA,AWP,WE,Towers with Radar,1079,170,23,0,1272,0,2,20,4,26,1079,172,43,4,1298,0,0,0,1298
03/18/2019,SFO,CA,AWP,WE,Towers with Radar,1096,174,25,2,1297,0,4,5,8,17,1096,178,30,10,1314,0,0,0,1314
03/19/2019,SFO,CA,AWP,WE,Towers with Radar,1050,147,22,4,1223,0,2,8,13,23,1050,149,30,17,1246,0,0,0,1246
03/20/2019,SFO,CA,AWP,WE,Towers with Radar,1049,125,24,0,1198,0,1,4,8,13,1049,126,28,8,1211,0,0,0,1211
03/21/2019,SFO,CA,AWP,WE,Towers with Radar,1104,166,36,0,1306,0,2,2,8,12,1104,168,38,8,1318,0,0,0,1318
03/22/2019,SFO,CA,AWP,WE,Towers with Radar,963,104,24,0,1091,0,2,5,10,17,963,106,29,10,1108,0,0,0,1108
03/23/2019,SFO,CA,AWP,WE,Towers with Radar,1032,129,17,0,1178,0,5,9,4,18,1032,134,26,4,1196,0,0,0,1196
03/24/2019,SFO,CA,AWP,WE,Towers with Radar,1077,146,26,0,1249,0,1,13,4,18,1077,147,39,4,1267,0,0,0,1267
03/25/2019,SFO,CA,AWP,WE,Towers with Radar,1025,118,11,0,1154,0,7,6,7,20,1025,125,17,7,1174,0,0,0,1174
03/26/2019,SFO,CA,AWP,WE,Towers with Radar,1061,136,14,4,1215,0,0,4,15,19,1061,136,18,19,1234,0,0,0,1234
03/27/2019,SFO,CA,AWP,WE,Towers with Radar,1033,144,12,0,1189,0,0,3,8,11,1033,144,15,8,1200,0,0,0,1200
03/28/2019,SFO,CA,AWP,WE,Towers with Radar,1082,167,29,0,1278,0,1,3,2,6,1082,168,32,2,1284,0,0,0,1284
03/29/2019,SFO,CA,AWP,WE,Towers with Radar,1111,163,24,1,1299,0,1,13,7,21,1111,164,37,8,1320,0,0,0,1320
03/30/2019,SFO,CA,AWP,WE,Towers with Radar,974,131,14,0,1119,0,3,6,2,11,974,134,20,2,1130,0,0,0,1130
03/31/2019,SFO,CA,AWP,WE,Towers with Radar,1068,144,22,0,1234,0,10,3,4,17,1068,154,25,4,1251,0,0,0,1251
04/01/2019,SFO,CA,AWP,WE,Towers with Radar,1109,148,16,0,1273,0,0,3,8,11,1109,148,19,8,1284,0,0,0,1284
04/02/2019,SFO,CA,AWP,WE,Towers with Radar,1038,138,19,5,1200,0,2,2,5,9,1038,140,21,10,1209,0,0,0,1209
04/03/2019,SFO,CA,AWP,WE,Towers with Radar,1073,145,29,1,1248,0,4,0,15,19,1073,149,29,16,1267,0,0,0,1267
04/04/2019,SFO,CA,AWP,WE,Towers with Radar,1093,135,16,4,1248,0,3,2,6,11,1093,138,18,10,1259,0,0,0,1259
04/05/2019,SFO,CA,AWP,WE,Towers with Radar,1110,132,16,1,1259,0,3,4,3,10,1110,135,20,4,1269,0,0,0,1269
04/06/2019,SFO,CA,AWP,WE,Towers with Radar,976,114,13,2,1105,0,3,5,2,10,976,117,18,4,1115,0,0,0,1115
04/07/2019,SFO,CA,AWP,WE,Towers with Radar,1068,144,31,0,1243,0,0,7,6,13,1068,144,38,6,1256,0,0,0,1256
04/08/2019,SFO,CA,AWP,WE,Towers with Radar,1080,154,37,1,1272,0,0,5,6,11,1080,154,42,7,1283,0,0,0,1283
04/09/2019,SFO,CA,AWP,WE,Towers with Radar,1050,145,29,4,1228,0,0,2,13,15,1050,145,31,17,1243,0,0,0,1243
04/10/2019,SFO,CA,AWP,WE,Towers with Radar,1078,147,46,0,1271,0,0,11,13,24,1078,147,57,13,1295,0,0,0,1295
04/11/2019,SFO,CA,AWP,WE,Towers with Radar,1067,138,18,0,1223,0,0,6,6,12,1067,138,24,6,1235,0,0,0,1235
04/12/2019,SFO,CA,AWP,WE,Towers with Radar,1153,165,35,0,1353,0,2,9,8,19,1153,167,44,8,1372,0,0,0,1372
04/13/2019,SFO,CA,AWP,WE,Towers with Radar,976,121,27,0,1124,0,9,8,3,20,976,130,35,3,1144,0,0,0,1144
04/14/2019,SFO,CA,AWP,WE,Towers with Radar,1043,143,22,1,1209,0,0,5,3,8,1043,143,27,4,1217,0,0,0,1217
04/15/2019,SFO,CA,AWP,WE,Towers with Radar,1106,149,23,0,1278,0,0,7,12,19,1106,149,30,12,1297,0,0,0,1297
04/16/2019,SFO,CA,AWP,WE,Towers with Radar,1063,140,32,0,1235,0,2,9,14,25,1063,142,41,14,1260,0,0,0,1260
04/17/2019,SFO,CA,AWP,WE,Towers with Radar,1079,145,48,0,1272,0,4,7,16,27,1079,149,55,16,1299,0,0,0,1299
04/18/2019,SFO,CA,AWP,WE,Towers with Radar,1104,148,32,0,1284,0,1,7,5,13,1104,149,39,5,1297,0,0,0,1297
04/19/2019,SFO,CA,AWP,WE,Towers with Radar,1104,137,21,0,1262,0,2,5,2,9,1104,139,26,2,1271,0,0,0,1271
04/20/2019,SFO,CA,AWP,WE,Towers with Radar,972,125,16,0,1113,0,0,8,7,15,972,125,24,7,1128,0,0,0,1128
04/21/2019,SFO,CA,AWP,WE,Towers with Radar,1050,132,16,0,1198,0,4,10,4,18,1050,136,26,4,1216,0,0,0,1216
04/22/2019,SFO,CA,AWP,WE,Towers with Radar,1116,144,23,0,1283,0,5,8,7,20,1116,149,31,7,1303,0,0,0,1303
04/23/2019,SFO,CA,AWP,WE,Towers with Radar,1046,139,32,4,1221,0,2,2,9,13,1046,141,34,13,1234,0,0,0,1234
04/24/2019,SFO,CA,AWP,WE,Towers with Radar,1091,153,28,0,1272,0,3,5,15,23,1091,156,33,15,1295,0,0,0,1295
04/25/2019,SFO,CA,AWP,WE,Towers with Radar,1114,163,22,0,1299,0,4,11,8,23,1114,167,33,8,1322,0,0,0,1322
04/26/2019,SFO,CA,AWP,WE,Towers with Radar,1118,163,30,0,1311,0,0,6,4,10,1118,163,36,4,1321,0,0,0,1321
04/27/2019,SFO,CA,AWP,WE,Towers with Radar,983,132,16,0,1131,0,1,8,5,14,983,133,24,5,1145,0,0,0,1145
04/28/2019,SFO,CA,AWP,WE,Towers with Radar,1088,146,30,0,1264,0,5,14,2,21,1088,151,44,2,1285,0,0,0,1285
04/29/2019,SFO,CA,AWP,WE,Towers with Radar,1113,138,30,0,1281,0,0,7,4,11,1113,138,37,4,1292,0,0,0,1292
04/30/2019,SFO,CA,AWP,WE,Towers with Radar,1058,136,30,4,1228,0,2,3,8,13,1058,138,33,12,1241,0,0,0,1241
05/01/2019,SFO,CA,AWP,WE,Towers with Radar,1106,125,47,2,1280,0,4,6,9,19,1106,129,53,11,1299,0,0,0,1299
05/02/2019,SFO,CA,AWP,WE,Towers with Radar,1123,155,36,1,1315,0,3,5,4,12,1123,158,41,5,1327,0,0,0,1327
05/03/2019,SFO,CA,AWP,WE,Towers with Radar,1149,155,23,0,1327,0,7,8,9,24,1149,162,31,9,1351,0,0,0,1351
05/04/2019,SFO,CA,AWP,WE,Towers with Radar,972,117,13,0,1102,0,4,6,2,12,972,121,19,2,1114,0,0,0,1114
05/05/2019,SFO,CA,AWP,WE,Towers with Radar,1081,145,19,0,1245,0,4,14,6,24,1081,149,33,6,1269,0,0,0,1269
05/06/2019,SFO,CA,AWP,WE,Towers with Radar,1122,130,26,1,1279,0,3,6,4,13,1122,133,32,5,1292,0,0,0,1292
05/07/2019,SFO,CA,AWP,WE,Towers with Radar,1080,122,34,0,1236,0,0,6,5,11,1080,122,40,5,1247,0,0,0,1247
05/08/2019,SFO,CA,AWP,WE,Towers with Radar,1103,149,33,1,1286,0,3,5,19,27,1103,152,38,20,1313,0,0,0,1313
05/09/2019,SFO,CA,AWP,WE,Towers with Radar,1120,138,33,1,1292,0,2,2,7,11,1120,140,35,8,1303,0,0,0,1303
05/10/2019,SFO,CA,AWP,WE,Towers with Radar,1149,145,24,1,1319,0,0,3,9,12,1149,145,27,10,1331,0,0,0,1331
05/11/2019,SFO,CA,AWP,WE,Towers with Radar,960,133,14,1,1108,0,2,10,3,15,960,135,24,4,1123,0,0,0,1123
05/12/2019,SFO,CA,AWP,WE,Towers with Radar,1105,130,26,0,1261,0,3,3,2,8,1105,133,29,2,1269,0,0,0,1269
05/13/2019,SFO,CA,AWP,WE,Towers with Radar,1136,142,27,0,1305,0,2,2,6,10,1136,144,29,6,1315,0,0,0,1315
05/14/2019,SFO,CA,AWP,WE,Towers with Radar,1068,151,33,0,1252,0,1,3,15,19,1068,152,36,15,1271,0,0,0,1271
05/15/2019,SFO,CA,AWP,WE,Towers with Radar,952,71,14,0,1037,0,1,3,14,18,952,72,17,14,1055,0,0,0,1055
05/16/2019,SFO,CA,AWP,WE,Towers with Radar,1131,133,18,1,1283,0,0,4,2,6,1131,133,22,3,1289,0,0,0,1289
05/17/2019,SFO,CA,AWP,WE,Towers with Radar,1182,135,26,0,1343,0,0,8,6,14,1182,135,34,6,1357,0,0,0,1357
05/18/2019,SFO,CA,AWP,WE,Towers with Radar,942,96,4,2,1044,0,1,5,5,11,942,97,9,7,1055,0,0,0,1055
05/19/2019,SFO,CA,AWP,WE,Towers with Radar,1087,119,31,0,1237,0,0,4,2,6,1087,119,35,2,1243,0,0,0,1243
05/20/2019,SFO,CA,AWP,WE,Towers with Radar,1142,147,32,1,1322,0,3,10,10,23,1142,150,42,11,1345,0,0,0,1345
05/21/2019,SFO,CA,AWP,WE,Towers with Radar,1064,123,24,4,1215,0,1,2,11,14,1064,124,26,15,1229,0,0,0,1229
05/22/2019,SFO,CA,AWP,WE,Towers with Radar,1150,142,34,1,1327,0,2,2,9,13,1150,144,36,10,1340,0,0,0,1340
05/23/2019,SFO,CA,AWP,WE,Towers with Radar,1118,140,34,0,1292,0,2,7,2,11,1118,142,41,2,1303,0,0,0,1303
05/24/2019,SFO,CA,AWP,WE,Towers with Radar,1160,142,33,0,1335,0,2,3,4,9,1160,144,36,4,1344,0,0,0,1344
05/25/2019,SFO,CA,AWP,WE,Towers with Radar,974,111,6,1,1092,0,0,8,4,12,974,111,14,5,1104,0,0,0,1104
05/26/2019,SFO,CA,AWP,WE,Towers with Radar,971,108,7,0,1086,0,2,7,2,11,971,110,14,2,1097,0,0,0,1097
05/27/2019,SFO,CA,AWP,WE,Towers with Radar,1081,145,35,0,1261,0,0,4,6,10,1081,145,39,6,1271,0,0,0,1271
05/28/2019,SFO,CA,AWP,WE,Towers with Radar,1125,143,30,4,1302,0,4,6,7,17,1125,147,36,11,1319,0,0,0,1319
05/29/2019,SFO,CA,AWP,WE,Towers with Radar,1101,131,32,0,1264,0,2,2,8,12,1101,133,34,8,1276,0,0,0,1276
05/30/2019,SFO,CA,AWP,WE,Towers with Radar,1123,128,19,0,1270,0,2,4,8,14,1123,130,23,8,1284,0,0,0,1284
05/31/2019,SFO,CA,AWP,WE,Towers with Radar,1178,143,27,1,1349,0,1,3,1,5,1178,144,30,2,1354,0,0,0,1354
06/01/2019,SFO,CA,AWP,WE,Towers with Radar,984,125,8,2,1119,1,1,7,5,14,985,126,15,7,1133,0,0,0,1133
06/02/2019,SFO,CA,AWP,WE,Towers with Radar,1110,115,19,1,1245,0,1,6,2,9,1110,116,25,3,1254,0,0,0,1254
06/03/2019,SFO,CA,AWP,WE,Towers with Radar,1169,127,37,1,1334,0,1,2,6,9,1169,128,39,7,1343,0,0,0,1343
06/04/2019,SFO,CA,AWP,WE,Towers with Radar,1112,144,17,6,1279,0,5,2,7,14,1112,149,19,13,1293,0,0,0,1293
06/05/2019,SFO,CA,AWP,WE,Towers with Radar,1103,142,19,0,1264,0,1,2,12,15,1103,143,21,12,1279,0,0,0,1279
06/06/2019,SFO,CA,AWP,WE,Towers with Radar,1188,144,27,1,1360,0,2,7,8,17,1188,146,34,9,1377,0,0,0,1377
06/07/2019,SFO,CA,AWP,WE,Towers with Radar,1194,152,23,0,1369,0,0,4,16,20,1194,152,27,16,1389,0,0,0,1389
06/08/2019,SFO,CA,AWP,WE,Towers with Radar,1090,119,26,0,1235,0,2,6,5,13,1090,121,32,5,1248,0,0,0,1248
06/09/2019,SFO,CA,AWP,WE,Towers with Radar,1151,137,23,0,1311,0,4,12,5,21,1151,141,35,5,1332,0,0,0,1332
06/10/2019,SFO,CA,AWP,WE,Towers with Radar,1196,140,42,0,1378,0,0,3,6,9,1196,140,45,6,1387,0,0,0,1387
06/11/2019,SFO,CA,AWP,WE,Towers with Radar,1183,151,35,3,1372,0,2,5,7,14,1183,153,40,10,1386,0,0,0,1386
06/12/2019,SFO,CA,AWP,WE,Towers with Radar,1191,167,54,0,1412,0,2,4,6,12,1191,169,58,6,1424,0,0,0,1424
06/13/2019,SFO,CA,AWP,WE,Towers with Radar,1196,148,40,1,1385,0,1,8,2,11,1196,149,48,3,1396,0,0,0,1396
06/14/2019,SFO,CA,AWP,WE,Towers with Radar,1213,139,40,0,1392,0,4,5,5,14,1213,143,45,5,1406,0,0,0,1406
06/15/2019,SFO,CA,AWP,WE,Towers with Radar,1092,141,13,1,1247,0,1,5,2,8,1092,142,18,3,1255,0,0,0,1255
06/16/2019,SFO,CA,AWP,WE,Towers with Radar,1140,137,20,0,1297,0,0,11,2,13,1140,137,31,2,1310,0,0,0,1310
06/17/2019,SFO,CA,AWP,WE,Towers with Radar,1180,151,26,1,1358,0,0,2,4,6,1180,151,28,5,1364,0,0,0,1364
06/18/2019,SFO,CA,AWP,WE,Towers with Radar,1201,151,32,4,1388,0,5,5,9,19,1201,156,37,13,1407,0,0,0,1407
06/19/2019,SFO,CA,AWP,WE,Towers with Radar,1168,148,24,1,1341,0,0,4,7,11,1168,148,28,8,1352,0,0,0,1352
06/20/2019,SFO,CA,AWP,WE,Towers with Radar,1189,150,19,0,1358,0,2,6,4,12,1189,152,25,4,1370,0,0,0,1370
06/21/2019,SFO,CA,AWP,WE,Towers with Radar,1212,158,20,1,1391,0,1,9,5,15,1212,159,29,6,1406,0,0,0,1406
06/22/2019,SFO,CA,AWP,WE,Towers with Radar,1106,130,13,0,1249,0,4,8,3,15,1106,134,21,3,1264,0,0,0,1264
06/23/2019,SFO,CA,AWP,WE,Towers with Radar,1164,152,16,0,1332,0,6,7,3,16,1164,158,23,3,1348,0,0,0,1348
06/24/2019,SFO,CA,AWP,WE,Towers with Radar,1200,138,40,1,1379,0,9,5,6,20,1200,147,45,7,1399,0,0,0,1399
06/25/2019,SFO,CA,AWP,WE,Towers with Radar,1189,154,34,4,1381,0,1,8,10,19,1189,155,42,14,1400,0,0,0,1400
06/26/2019,SFO,CA,AWP,WE,Towers with Radar,1175,150,28,0,1353,0,0,7,5,12,1175,150,35,5,1365,0,0,0,1365
06/27/2019,SFO,CA,AWP,WE,Towers with Radar,1216,168,24,0,1408,0,5,5,6,16,1216,173,29,6,1424,0,0,0,1424
06/28/2019,SFO,CA,AWP,WE,Towers with Radar,1217,155,13,0,1385,0,0,12,0,12,1217,155,25,0,1397,0,0,0,1397
06/29/2019,SFO,CA,AWP,WE,Towers with Radar,1092,123,23,0,1238,0,0,6,4,10,1092,123,29,4,1248,0,0,0,1248
06/30/2019,SFO,CA,AWP,WE,Towers with Radar,1137,157,11,0,1305,0,5,6,4,15,1137,162,17,4,1320,0,0,0,1320
07/01/2019,SFO,CA,AWP,WE,Towers with Radar,1173,135,12,1,1321,0,5,10,10,25,1173,140,22,11,1346,0,0,0,1346
07/02/2019,SFO,CA,AWP,WE,Towers with Radar,1137,144,14,3,1298,0,7,10,8,25,1137,151,24,11,1323,0,0,0,1323
07/03/2019,SFO,CA,AWP,WE,Towers with Radar,1177,129,21,3,1330,0,0,2,10,12,1177,129,23,13,1342,0,0,0,1342
07/04/2019,SFO,CA,AWP,WE,Towers with Radar,1050,101,3,1,1155,0,0,4,6,10,1050,101,7,7,1165,0,0,0,1165
07/05/2019,SFO,CA,AWP,WE,Towers with Radar,1079,118,15,0,1212,0,0,11,4,15,1079,118,26,4,1227,0,0,0,1227
07/06/2019,SFO,CA,AWP,WE,Towers with Radar,1078,113,13,1,1205,0,2,6,2,10,1078,115,19,3,1215,0,0,0,1215
07/07/2019,SFO,CA,AWP,WE,Towers with Radar,1165,155,31,0,1351,0,3,9,3,15,1165,158,40,3,1366,0,0,0,1366
07/08/2019,SFO,CA,AWP,WE,Towers with Radar,1184,148,13,0,1345,0,2,2,4,8,1184,150,15,4,1353,0,0,0,1353
07/09/2019,SFO,CA,AWP,WE,Towers with Radar,1222,151,27,2,1402,0,1,3,9,13,1222,152,30,11,1415,0,0,0,1415
07/10/2019,SFO,CA,AWP,WE,Towers with Radar,1236,145,15,0,1396,0,2,4,8,14,1236,147,19,8,1410,0,0,0,1410
07/11/2019,SFO,CA,AWP,WE,Towers with Radar,1178,166,27,0,1371,0,9,4,3,16,1178,175,31,3,1387,0,0,0,1387
07/12/2019,SFO,CA,AWP,WE,Towers with Radar,1244,137,23,0,1404,0,1,2,6,9,1244,138,25,6,1413,0,0,0,1413
07/13/2019,SFO,CA,AWP,WE,Towers with Radar,1123,131,23,0,1277,0,0,15,2,17,1123,131,38,2,1294,0,0,0,1294
07/14/2019,SFO,CA,AWP,WE,Towers with Radar,1168,166,30,0,1364,0,6,5,0,11,1168,172,35,0,1375,0,0,0,1375
07/15/2019,SFO,CA,AWP,WE,Towers with Radar,1216,144,28,0,1388,0,3,11,9,23,1216,147,39,9,1411,0,0,0,1411
07/16/2019,SFO,CA,AWP,WE,Towers with Radar,1205,146,20,3,1374,0,1,11,12,24,1205,147,31,15,1398,0,0,0,1398
07/17/2019,SFO,CA,AWP,WE,Towers with Radar,1219,152,20,2,1393,0,4,14,6,24,1219,156,34,8,1417,0,0,0,1417
07/18/2019,SFO,CA,AWP,WE,Towers with Radar,1194,150,19,2,1365,0,3,20,6,29,1194,153,39,8,1394,0,0,0,1394
07/19/2019,SFO,CA,AWP,WE,Towers with Radar,1234,151,20,1,1406,0,5,15,7,27,1234,156,35,8,1433,0,0,0,1433
07/20/2019,SFO,CA,AWP,WE,Towers with Radar,1112,127,16,1,1256,0,8,6,3,17,1112,135,22,4,1273,0,0,0,1273
07/21/2019,SFO,CA,AWP,WE,Towers with Radar,1172,157,25,1,1355,0,3,9,1,13,1172,160,34,2,1368,0,0,0,1368
07/22/2019,SFO,CA,AWP,WE,Towers with Radar,1199,146,30,0,1375,0,3,4,6,13,1199,149,34,6,1388,0,0,0,1388
07/23/2019,SFO,CA,AWP,WE,Towers with Radar,1210,151,24,4,1389,0,5,14,8,27,1210,156,38,12,1416,0,0,0,1416
07/24/2019,SFO,CA,AWP,WE,Towers with Radar,1230,148,32,0,1410,0,0,16,8,24,1230,148,48,8,1434,0,0,0,1434
07/25/2019,SFO,CA,AWP,WE,Towers with Radar,1235,137,26,0,1398,0,6,24,6,36,1235,143,50,6,1434,0,0,0,1434
07/26/2019,SFO,CA,AWP,WE,Towers with Radar,1231,151,21,0,1403,0,2,13,6,21,1231,153,34,6,1424,0,0,0,1424
07/27/2019,SFO,CA,AWP,WE,Towers with Radar,1126,126,12,0,1264,0,2,9,2,13,1126,128,21,2,1277,0,0,0,1277
07/28/2019,SFO,CA,AWP,WE,Towers with Radar,1185,159,18,0,1362,0,0,6,5,11,1185,159,24,5,1373,0,0,0,1373
07/29/2019,SFO,CA,AWP,WE,Towers with Radar,1219,161,29,0,1409,0,1,8,10,19,1219,162,37,10,1428,0,0,0,1428
07/30/2019,SFO,CA,AWP,WE,Towers with Radar,1189,140,21,0,1350,0,6,14,17,37,1189,146,35,17,1387,0,0,0,1387
07/31/2019,SFO,CA,AWP,WE,Towers with Radar,1227,146,20,2,1395,0,0,21,13,34,1227,146,41,15,1429,0,0,0,1429
08/01/2019,SFO,CA,AWP,WE,Towers with Radar,1194,126,16,1,1337,0,0,6,8,14,1194,126,22,9,1351,0,0,0,1351
08/02/2019,SFO,CA,AWP,WE,Towers with Radar,1318,162,16,2,1498,0,2,13,2,17,1318,164,29,4,1515,0,0,0,1515
08/03/2019,SFO,CA,AWP,WE,Towers with Radar,1192,130,6,0,1328,0,2,10,4,16,1192,132,16,4,1344,0,0,0,1344
08/04/2019,SFO,CA,AWP,WE,Towers with Radar,1198,145,20,1,1364,0,3,10,2,15,1198,148,30,3,1379,0,0,0,1379
08/05/2019,SFO,CA,AWP,WE,Towers with Radar,1318,145,24,0,1487,0,4,12,5,21,1318,149,36,5,1508,0,0,0,1508
08/06/2019,SFO,CA,AWP,WE,Towers with Radar,1257,137,26,0,1420,0,3,10,12,25,1257,140,36,12,1445,0,0,0,1445
08/07/2019,SFO,CA,AWP,WE,Towers with Radar,1250,152,22,2,1426,0,2,6,9,17,1250,154,28,11,1443,0,0,0,1443
08/08/2019,SFO,CA,AWP,WE,Towers with Radar,1287,143,11,0,1441,0,1,7,5,13,1287,144,18,5,1454,0,0,0,1454
08/09/2019,SFO,CA,AWP,WE,Towers with Radar,1322,154,28,0,1504,0,4,17,6,27,1322,158,45,6,1531,0,0,0,1531
08/10/2019,SFO,CA,AWP,WE,Towers with Radar,1185,118,20,0,1323,0,0,15,2,17,1185,118,35,2,1340,0,0,0,1340
08/11/2019,SFO,CA,AWP,WE,Towers with Radar,1260,142,19,0,1421,0,3,27,3,33,1260,145,46,3,1454,0,0,0,1454
08/12/2019,SFO,CA,AWP,WE,Towers with Radar,1288,140,19,0,1447,0,6,15,8,29,1288,146,34,8,1476,0,0,0,1476
08/13/2019,SFO,CA,AWP,WE,Towers with Radar,1289,145,23,4,1461,0,3,23,13,39,1289,148,46,17,1500,0,0,0,1500
08/14/2019,SFO,CA,AWP,WE,Towers with Radar,1285,143,36,1,1465,0,11,32,11,54,1285,154,68,12,1519,0,0,0,1519
08/15/2019,SFO,CA,AWP,WE,Towers with Radar,1303,146,40,0,1489,0,2,23,2,27,1303,148,63,2,1516,0,0,0,1516
08/16/2019,SFO,CA,AWP,WE,Towers with Radar,1319,147,17,2,1485,0,0,26,2,28,1319,147,43,4,1513,0,0,0,1513
08/17/2019,SFO,CA,AWP,WE,Towers with Radar,1242,132,20,0,1394,0,1,20,2,23,1242,133,40,2,1417,0,0,0,1417
08/18/2019,SFO,CA,AWP,WE,Towers with Radar,1240,134,22,0,1396,0,2,13,6,21,1240,136,35,6,1417,0,0,0,1417
08/19/2019,SFO,CA,AWP,WE,Towers with Radar,1278,109,24,1,1412,0,5,8,5,18,1278,114,32,6,1430,0,0,0,1430
08/20/2019,SFO,CA,AWP,WE,Towers with Radar,1233,148,20,2,1403,0,0,6,15,21,1233,148,26,17,1424,0,0,0,1424
08/21/2019,SFO,CA,AWP,WE,Towers with Radar,1252,159,20,0,1431,0,2,12,8,22,1252,161,32,8,1453,0,0,0,1453
08/22/2019,SFO,CA,AWP,WE,Towers with Radar,1311,168,23,0,1502,0,2,2,5,9,1311,170,25,5,1511,0,0,0,1511
08/23/2019,SFO,CA,AWP,WE,Towers with Radar,1307,135,24,1,1467,0,3,26,4,33,1307,138,50,5,1500,0,0,0,1500
08/24/2019,SFO,CA,AWP,WE,Towers with Radar,1175,121,16,0,1312,0,1,6,2,9,1175,122,22,2,1321,0,0,0,1321
08/25/2019,SFO,CA,AWP,WE,Towers with Radar,1254,148,30,0,1432,0,0,9,4,13,1254,148,39,4,1445,0,0,0,1445
08/26/2019,SFO,CA,AWP,WE,Towers with Radar,1270,148,19,2,1439,0,0,7,5,12,1270,148,26,7,1451,0,0,0,1451
08/27/2019,SFO,CA,AWP,WE,Towers with Radar,1229,155,36,1,1421,0,2,7,13,22,1229,157,43,14,1443,0,0,0,1443
08/28/2019,SFO,CA,AWP,WE,Towers with Radar,1233,163,38,1,1435,0,4,4,12,20,1233,167,42,13,1455,0,0,0,1455
08/29/2019,SFO,CA,AWP,WE,Towers with Radar,1276,154,31,0,1461,0,2,2,7,11,1276,156,33,7,1472,0,0,0,1472
08/30/2019,SFO,CA,AWP,WE,Towers with Radar,1271,164,21,0,1456,0,4,7,5,16,1271,168,28,5,1472,0,0,0,1472
08/31/2019,SFO,CA,AWP,WE,Towers with Radar,1065,115,3,2,1185,0,5,8,3,16,1065,120,11,5,1201,0,0,0,1201
09/01/2019,SFO,CA,AWP,WE,Towers with Radar,984,106,13,2,1105,0,5,11,5,21,984,111,24,7,1126,0,0,0,1126
09/02/2019,SFO,CA,AWP,WE,Towers with Radar,1172,171,21,1,1365,0,2,11,3,16,1172,173,32,4,1381,0,0,0,1381
09/03/2019,SFO,CA,AWP,WE,Towers with Radar,1067,141,20,4,1232,0,1,2,13,16,1067,142,22,17,1248,0,0,0,1248
09/04/2019,SFO,CA,AWP,WE,Towers with Radar,1067,127,28,2,1224,0,3,4,11,18,1067,130,32,13,1242,0,0,0,1242
09/05/2019,SFO,CA,AWP,WE,Towers with Radar,1094,126,28,0,1248,0,0,4,8,12,1094,126,32,8,1260,0,0,0,1260
09/06/2019,SFO,CA,AWP,WE,Towers with Radar,1089,158,19,0,1266,0,0,6,8,14,1089,158,25,8,1280,0,0,0,1280
09/07/2019,SFO,CA,AWP,WE,Towers with Radar,851,56,7,0,914,0,6,8,4,18,851,62,15,4,932,0,0,0,932
09/08/2019,SFO,CA,AWP,WE,Towers with Radar,881,58,11,0,950,0,2,2,3,7,881,60,13,3,957,0,0,0,957
09/09/2019,SFO,CA,AWP,WE,Towers with Radar,1012,33,11,0,1056,0,1,6,10,17,1012,34,17,10,1073,0,0,0,1073
09/10/2019,SFO,CA,AWP,WE,Towers with Radar,941,61,14,0,1016,0,0,14,8,22,941,61,28,8,1038,0,0,0,1038
09/11/2019,SFO,CA,AWP,WE,Towers with Radar,971,78,6,1,1056,0,1,6,10,17,971,79,12,11,1073,0,0,0,1073
09/12/2019,SFO,CA,AWP,WE,Towers with Radar,998,62,14,0,1074,0,6,5,3,14,998,68,19,3,1088,0,0,0,1088
09/13/2019,SFO,CA,AWP,WE,Towers with Radar,1040,101,4,0,1145,0,5,8,5,18,1040,106,12,5,1163,0,0,0,1163
09/14/2019,SFO,CA,AWP,WE,Towers with Radar,985,106,3,0,1094,0,0,10,2,12,985,106,13,2,1106,0,0,0,1106
09/15/2019,SFO,CA,AWP,WE,Towers with Radar,953,67,4,0,1024,0,1,3,4,8,953,68,7,4,1032,0,0,0,1032
09/16/2019,SFO,CA,AWP,WE,Towers with Radar,1023,87,7,0,1117,0,0,4,7,11,1023,87,11,7,1128,0,0,0,1128
09/17/2019,SFO,CA,AWP,WE,Towers with Radar,985,92,6,0,1083,0,0,0,7,7,985,92,6,7,1090,0,0,0,1090
09/18/2019,SFO,CA,AWP,WE,Towers with Radar,983,88,11,1,1083,0,4,4,15,23,983,92,15,16,1106,0,0,0,1106
09/19/2019,SFO,CA,AWP,WE,Towers with Radar,1059,96,6,0,1161,0,2,4,5,11,1059,98,10,5,1172,0,0,0,1172
09/20/2019,SFO,CA,AWP,WE,Towers with Radar,1089,132,11,0,1232,0,8,3,4,15,1089,140,14,4,1247,0,0,0,1247
09/21/2019,SFO,CA,AWP,WE,Towers with Radar,962,106,8,0,1076,0,6,13,7,26,962,112,21,7,1102,0,0,0,1102
09/22/2019,SFO,CA,AWP,WE,Towers with Radar,1051,127,4,0,1182,0,9,13,5,27,1051,136,17,5,1209,0,0,0,1209
09/23/2019,SFO,CA,AWP,WE,Towers with Radar,1078,118,22,2,1220,0,2,9,10,21,1078,120,31,12,1241,0,0,0,1241
09/24/2019,SFO,CA,AWP,WE,Towers with Radar,1029,133,28,0,1190,0,0,4,15,19,1029,133,32,15,1209,0,0,0,1209
09/25/2019,SFO,CA,AWP,WE,Towers with Radar,1062,126,30,1,1219,0,2,11,13,26,1062,128,41,14,1245,0,0,0,1245
09/26/2019,SFO,CA,AWP,WE,Towers with Radar,1108,142,38,0,1288,0,4,6,6,16,1108,146,44,6,1304,0,0,0,1304
09/27/2019,SFO,CA,AWP,WE,Towers with Radar,1089,135,28,1,1253,0,4,8,6,18,1089,139,36,7,1271,0,0,0,1271
09/28/2019,SFO,CA,AWP,WE,Towers with Radar,976,116,8,0,1100,0,8,15,8,31,976,124,23,8,1131,0,0,0,1131
09/29/2019,SFO,CA,AWP,WE,Towers with Radar,1066,133,21,0,1220,0,8,21,4,33,1066,141,42,4,1253,0,0,0,1253
09/30/2019,SFO,CA,AWP,WE,Towers with Radar,1098,131,32,2,1263,0,3,10,5,18,1098,134,42,7,1281,0,0,0,1281
10/01/2019,SFO,CA,AWP,WE,Towers with Radar,1052,154,35,0,1241,0,1,4,16,21,1052,155,39,16,1262,0,0,0,1262
10/02/2019,SFO,CA,AWP,WE,Towers with Radar,1070,140,50,0,1260,0,3,14,13,30,1070,143,64,13,1290,0,0,0,1290
10/03/2019,SFO,CA,AWP,WE,Towers with Radar,1106,133,38,0,1277,0,3,6,10,19,1106,136,44,10,1296,0,0,0,1296
10/04/2019,SFO,CA,AWP,WE,Towers with Radar,1146,139,29,0,1314,0,5,9,16,30,1146,144,38,16,1344,0,0,0,1344
10/05/2019,SFO,CA,AWP,WE,Towers with Radar,995,99,17,0,1111,0,1,2,9,12,995,100,19,9,1123,0,0,0,1123
10/06/2019,SFO,CA,AWP,WE,Towers with Radar,1126,132,23,0,1281,0,4,4,4,12,1126,136,27,4,1293,0,0,0,1293
10/07/2019,SFO,CA,AWP,WE,Towers with Radar,1137,141,33,0,1311,0,2,5,9,16,1137,143,38,9,1327,0,0,0,1327
10/08/2019,SFO,CA,AWP,WE,Towers with Radar,1103,124,27,4,1258,0,4,3,15,22,1103,128,30,19,1280,0,0,0,1280
10/09/2019,SFO,CA,AWP,WE,Towers with Radar,1123,123,35,0,1281,0,0,6,7,13,1123,123,41,7,1294,0,0,0,1294
10/10/2019,SFO,CA,AWP,WE,Towers with Radar,1144,126,18,0,1288,0,3,15,8,26,1144,129,33,8,1314,0,0,0,1314
10/11/2019,SFO,CA,AWP,WE,Towers with Radar,1143,125,24,0,1292,0,0,8,8,16,1143,125,32,8,1308,0,0,0,1308
10/12/2019,SFO,CA,AWP,WE,Towers with Radar,976,104,18,3,1101,0,4,8,9,21,976,108,26,12,1122,0,0,0,1122
10/13/2019,SFO,CA,AWP,WE,Towers with Radar,1139,135,21,3,1298,0,16,27,8,51,1139,151,48,11,1349,0,0,0,1349
10/14/2019,SFO,CA,AWP,WE,Towers with Radar,1166,137,40,1,1344,0,3,4,4,11,1166,140,44,5,1355,0,0,0,1355
10/15/2019,SFO,CA,AWP,WE,Towers with Radar,1095,114,26,5,1240,0,2,6,4,12,1095,116,32,9,1252,0,0,0,1252
10/16/2019,SFO,CA,AWP,WE,Towers with Radar,1113,135,25,2,1275,0,1,9,10,20,1113,136,34,12,1295,0,0,0,1295
10/17/2019,SFO,CA,AWP,WE,Towers with Radar,1138,141,32,1,1312,0,4,3,8,15,1138,145,35,9,1327,0,0,0,1327
10/18/2019,SFO,CA,AWP,WE,Towers with Radar,1137,131,19,1,1288,0,0,10,5,15,1137,131,29,6,1303,0,0,0,1303
10/19/2019,SFO,CA,AWP,WE,Towers with Radar,979,89,14,0,1082,0,0,9,3,12,979,89,23,3,1094,0,0,0,1094
10/20/2019,SFO,CA,AWP,WE,Towers with Radar,1115,126,22,1,1264,0,0,8,2,10,1115,126,30,3,1274,0,0,0,1274
10/21/2019,SFO,CA,AWP,WE,Towers with Radar,1140,141,27,0,1308,0,1,8,8,17,1140,142,35,8,1325,0,0,0,1325
10/22/2019,SFO,CA,AWP,WE,Towers with Radar,1099,150,30,4,1283,0,1,6,13,20,1099,151,36,17,1303,0,0,0,1303
10/23/2019,SFO,CA,AWP,WE,Towers with Radar,1118,150,47,0,1315,0,3,2,12,17,1118,153,49,12,1332,0,0,0,1332
10/24/2019,SFO,CA,AWP,WE,Towers with Radar,1146,146,42,0,1334,0,7,2,6,15,1146,153,44,6,1349,0,0,0,1349
10/25/2019,SFO,CA,AWP,WE,Towers with Radar,1139,139,30,0,1308,0,4,12,8,24,1139,143,42,8,1332,0,0,0,1332
10/26/2019,SFO,CA,AWP,WE,Towers with Radar,966,99,17,0,1082,0,3,17,8,28,966,102,34,8,1110,0,0,0,1110
10/27/2019,SFO,CA,AWP,WE,Towers with Radar,1042,155,19,1,1217,0,4,16,2,22,1042,159,35,3,1239,0,0,0,1239
10/28/2019,SFO,CA,AWP,WE,Towers with Radar,1072,197,28,1,1298,0,2,6,10,18,1072,199,34,11,1316,0,0,0,1316
10/29/2019,SFO,CA,AWP,WE,Towers with Radar,995,174,38,1,1208,0,4,3,6,13,995,178,41,7,1221,0,0,0,1221
10/30/2019,SFO,CA,AWP,WE,Towers with Radar,1042,178,28,0,1248,0,5,12,13,30,1042,183,40,13,1278,0,0,0,1278
10/31/2019,SFO,CA,AWP,WE,Towers with Radar,947,153,24,0,1124,0,0,10,3,13,947,153,34,3,1137,0,0,0,1137
11/01/2019,SFO,CA,AWP,WE,Towers with Radar,1081,168,24,0,1273,0,2,4,14,20,1081,170,28,14,1293,0,0,0,1293
11/02/2019,SFO,CA,AWP,WE,Towers with Radar,920,140,12,1,1073,0,5,5,12,22,920,145,17,13,1095,0,0,0,1095
11/03/2019,SFO,CA,AWP,WE,Towers with Radar,1076,183,30,1,1290,0,1,6,4,11,1076,184,36,5,1301,0,0,0,1301
11/04/2019,SFO,CA,AWP,WE,Towers with Radar,1082,161,26,1,1270,0,0,9,10,19,1082,161,35,11,1289,0,0,0,1289
11/05/2019,SFO,CA,AWP,WE,Towers with Radar,999,164,31,4,1198,0,0,4,9,13,999,164,35,13,1211,0,0,0,1211
11/06/2019,SFO,CA,AWP,WE,Towers with Radar,1056,173,32,1,1262,0,0,3,10,13,1056,173,35,11,1275,0,0,0,1275
11/07/2019,SFO,CA,AWP,WE,Towers with Radar,1062,181,17,0,1260,0,0,2,4,6,1062,181,19,4,1266,0,0,0,1266
11/08/2019,SFO,CA,AWP,WE,Towers with Radar,1089,159,26,0,1274,0,4,4,0,8,1089,163,30,0,1282,0,0,0,1282
11/09/2019,SFO,CA,AWP,WE,Towers with Radar,944,127,19,2,1092,0,1,23,4,28,944,128,42,6,1120,0,0,0,1120
11/10/2019,SFO,CA,AWP,WE,Towers with Radar,1053,165,19,1,1238,0,2,6,1,9,1053,167,25,2,1247,0,0,0,1247
11/11/2019,SFO,CA,AWP,WE,Towers with Radar,1062,156,23,3,1244,0,3,8,4,15,1062,159,31,7,1259,0,0,0,1259
11/12/2019,SFO,CA,AWP,WE,Towers with Radar,1014,160,28,3,1205,0,3,4,7,14,1014,163,32,10,1219,0,0,0,1219
11/13/2019,SFO,CA,AWP,WE,Towers with Radar,1038,172,25,1,1236,0,2,10,10,22,1038,174,35,11,1258,0,0,0,1258
11/14/2019,SFO,CA,AWP,WE,Towers with Radar,1069,156,24,0,1249,0,1,12,4,17,1069,157,36,4,1266,0,0,0,1266
11/15/2019,SFO,CA,AWP,WE,Towers with Radar,1083,173,19,1,1276,0,2,5,3,10,1083,175,24,4,1286,0,0,0,1286
11/16/2019,SFO,CA,AWP,WE,Towers with Radar,951,118,13,0,1082,0,1,7,2,10,951,119,20,2,1092,0,0,0,1092
11/17/2019,SFO,CA,AWP,WE,Towers with Radar,1062,157,29,0,1248,0,5,7,1,13,1062,162,36,1,1261,0,0,0,1261
11/18/2019,SFO,CA,AWP,WE,Towers with Radar,1067,160,45,0,1272,0,3,2,8,13,1067,163,47,8,1285,0,0,0,1285
11/19/2019,SFO,CA,AWP,WE,Towers with Radar,1004,164,27,6,1201,0,1,6,15,22,1004,165,33,21,1223,0,0,0,1223
11/20/2019,SFO,CA,AWP,WE,Towers with Radar,1055,175,32,0,1262,0,4,33,11,48,1055,179,65,11,1310,0,0,0,1310
11/21/2019,SFO,CA,AWP,WE,Towers with Radar,1080,173,25,0,1278,0,4,1,7,12,1080,177,26,7,1290,0,0,0,1290
11/22/2019,SFO,CA,AWP,WE,Towers with Radar,1111,169,15,0,1295,0,2,22,15,39,1111,171,37,15,1334,0,0,0,1334
11/23/2019,SFO,CA,AWP,WE,Towers with Radar,981,152,17,0,1150,0,9,15,2,26,981,161,32,2,1176,0,0,0,1176
11/24/2019,SFO,CA,AWP,WE,Towers with Radar,1048,163,19,0,1230,0,2,10,4,16,1048,165,29,4,1246,0,0,0,1246
11/25/2019,SFO,CA,AWP,WE,Towers with Radar,1051,160,14,0,1225,0,0,5,9,14,1051,160,19,9,1239,0,0,0,1239
11/26/2019,SFO,CA,AWP,WE,Towers with Radar,998,127,11,3,1139,0,0,6,9,15,998,127,17,12,1154,0,0,0,1154
11/27/2019,SFO,CA,AWP,WE,Towers with Radar,1108,141,16,1,1266,0,0,7,10,17,1108,141,23,11,1283,0,0,0,1283
11/28/2019,SFO,CA,AWP,WE,Towers with Radar,796,96,6,0,898,0,0,0,3,3,796,96,6,3,901,0,0,0,901
11/29/2019,SFO,CA,AWP,WE,Towers with Radar,890,133,12,1,1036,0,2,8,1,11,890,135,20,2,1047,0,0,0,1047
11/30/2019,SFO,CA,AWP,WE,Towers with Radar,895,100,12,1,1008,0,2,4,2,8,895,102,16,3,1016,0,0,0,1016
12/01/2019,SFO,CA,AWP,WE,Towers with Radar,991,56,16,0,1063,0,0,2,2,4,991,56,18,2,1067,0,0,0,1067
12/02/2019,SFO,CA,AWP,WE,Towers with Radar,1078,89,11,1,1179,0,0,8,7,15,1078,89,19,8,1194,0,0,0,1194
12/03/2019,SFO,CA,AWP,WE,Towers with Radar,1068,160,28,1,1257,0,3,4,13,20,1068,163,32,14,1277,0,0,0,1277
12/04/2019,SFO,CA,AWP,WE,Towers with Radar,1018,144,17,0,1179,0,0,0,10,10,1018,144,17,10,1189,0,0,0,1189
12/05/2019,SFO,CA,AWP,WE,Towers with Radar,1052,155,19,1,1227,0,0,6,3,9,1052,155,25,4,1236,0,0,0,1236
12/06/2019,SFO,CA,AWP,WE,Towers with Radar,941,101,8,0,1050,0,0,4,6,10,941,101,12,6,1060,0,0,0,1060
12/07/2019,SFO,CA,AWP,WE,Towers with Radar,895,96,7,2,1000,0,0,2,4,6,895,96,9,6,1006,0,0,0,1006
12/08/2019,SFO,CA,AWP,WE,Towers with Radar,1046,156,16,0,1218,0,0,6,2,8,1046,156,22,2,1226,0,0,0,1226
12/09/2019,SFO,CA,AWP,WE,Towers with Radar,1017,164,14,1,1196,0,0,5,7,12,1017,164,19,8,1208,0,0,0,1208
12/10/2019,SFO,CA,AWP,WE,Towers with Radar,990,157,22,3,1172,0,0,5,12,17,990,157,27,15,1189,0,0,0,1189
12/11/2019,SFO,CA,AWP,WE,Towers with Radar,997,169,31,1,1198,0,0,6,12,18,997,169,37,13,1216,0,0,0,1216
12/12/2019,SFO,CA,AWP,WE,Towers with Radar,1035,164,24,0,1223,0,1,2,13,16,1035,165,26,13,1239,0,0,0,1239
12/13/2019,SFO,CA,AWP,WE,Towers with Radar,1048,159,19,1,1227,0,0,8,4,12,1048,159,27,5,1239,0,0,0,1239
12/14/2019,SFO,CA,AWP,WE,Towers with Radar,912,139,16,0,1067,0,0,7,10,17,912,139,23,10,1084,0,0,0,1084
12/15/2019,SFO,CA,AWP,WE,Towers with Radar,1014,165,17,0,1196,0,4,14,2,20,1014,169,31,2,1216,0,0,0,1216
12/16/2019,SFO,CA,AWP,WE,Towers with Radar,1050,150,13,2,1215,0,2,2,12,16,1050,152,15,14,1231,0,0,0,1231
12/17/2019,SFO,CA,AWP,WE,Towers with Radar,991,164,22,4,1181,0,0,18,10,28,991,164,40,14,1209,0,0,0,1209
12/18/2019,SFO,CA,AWP,WE,Towers with Radar,986,124,10,0,1120,0,0,3,14,17,986,124,13,14,1137,0,0,0,1137
12/19/2019,SFO,CA,AWP,WE,Towers with Radar,1098,168,17,0,1283,0,0,2,8,10,1098,168,19,8,1293,0,0,0,1293
12/20/2019,SFO,CA,AWP,WE,Towers with Radar,1092,168,24,0,1284,0,0,8,4,12,1092,168,32,4,1296,0,0,0,1296
12/21/2019,SFO,CA,AWP,WE,Towers with Radar,1052,160,17,0,1229,0,0,12,2,14,1052,160,29,2,1243,0,0,0,1243
12/22/2019,SFO,CA,AWP,WE,Towers with Radar,1066,154,19,1,1240,0,0,6,2,8,1066,154,25,3,1248,0,0,0,1248
12/23/2019,SFO,CA,AWP,WE,Towers with Radar,1082,146,9,1,1238,0,0,6,4,10,1082,146,15,5,1248,0,0,0,1248
12/24/2019,SFO,CA,AWP,WE,Towers with Radar,983,132,14,5,1134,0,2,25,5,32,983,134,39,10,1166,0,0,0,1166
12/25/2019,SFO,CA,AWP,WE,Towers with Radar,962,136,6,0,1104,0,0,0,0,0,962,136,6,0,1104,0,0,0,1104
12/26/2019,SFO,CA,AWP,WE,Towers with Radar,1111,156,23,0,1290,0,3,6,3,12,1111,159,29,3,1302,0,0,0,1302
12/27/2019,SFO,CA,AWP,WE,Towers with Radar,1071,154,23,0,1248,0,0,12,8,20,1071,154,35,8,1268,0,0,0,1268
12/28/2019,SFO,CA,AWP,WE,Towers with Radar,1035,141,13,0,1189,0,1,10,2,13,1035,142,23,2,1202,0,0,0,1202
12/29/2019,SFO,CA,AWP,WE,Towers with Radar,1064,143,8,0,1215,0,0,4,2,6,1064,143,12,2,1221,0,0,0,1221
12/30/2019,SFO,CA,AWP,WE,Towers with Radar,1096,166,5,2,1269,0,1,7,4,12,1096,167,12,6,1281,0,0,0,1281
12/31/2019,SFO,CA,AWP,WE,Towers with Radar,995,129,8,5,1137,0,3,7,5,15,995,132,15,10,1152,0,0,0,1152
01/01/2020,SFO,CA,AWP,WE,Towers with Radar,1009,147,14,0,1170,0,0,0,0,0,1009,147,14,0,1170,0,0,0,1170
01/02/2020,SFO,CA,AWP,WE,Towers with Radar,1111,158,18,0,1287,0,2,7,4,13,1111,160,25,4,1300,0,0,0,1300
01/03/2020,SFO,CA,AWP,WE,Towers with Radar,1088,146,16,1,1251,0,3,6,6,15,1088,149,22,7,1266,0,0,0,1266
01/04/2020,SFO,CA,AWP,WE,Towers with Radar,1023,149,24,0,1196,0,1,5,5,11,1023,150,29,5,1207,0,0,0,1207
01/05/2020,SFO,CA,AWP,WE,Towers with Radar,1075,175,23,0,1273,0,2,5,4,11,1075,177,28,4,1284,0,0,0,1284
01/06/2020,SFO,CA,AWP,WE,Towers with Radar,1066,153,26,0,1245,0,0,5,9,14,1066,153,31,9,1259,0,0,0,1259
01/07/2020,SFO,CA,AWP,WE,Towers with Radar,976,159,18,6,1159,0,0,3,6,9,976,159,21,12,1168,0,0,0,1168
01/08/2020,SFO,CA,AWP,WE,Towers with Radar,1000,169,26,0,1195,0,1,2,2,5,1000,170,28,2,1200,0,0,0,1200
01/09/2020,SFO,CA,AWP,WE,Towers with Radar,1035,147,18,1,1201,0,3,5,9,17,1035,150,23,10,1218,0,0,0,1218
01/10/2020,SFO,CA,AWP,WE,Towers with Radar,1014,147,22,1,1184,0,1,2,11,14,1014,148,24,12,1198,0,0,0,1198
01/11/2020,SFO,CA,AWP,WE,Towers with Radar,881,132,14,0,1027,0,0,4,2,6,881,132,18,2,1033,0,0,0,1033
01/12/2020,SFO,CA,AWP,WE,Towers with Radar,959,188,57,1,1205,0,0,4,7,11,959,188,61,8,1216,0,0,0,1216
01/13/2020,SFO,CA,AWP,WE,Towers with Radar,1020,171,42,1,1234,0,0,2,8,10,1020,171,44,9,1244,0,0,0,1244
01/14/2020,SFO,CA,AWP,WE,Towers with Radar,940,166,33,2,1141,0,0,7,12,19,940,166,40,14,1160,0,0,0,1160
01/15/2020,SFO,CA,AWP,WE,Towers with Radar,983,210,75,0,1268,0,2,5,12,19,983,212,80,12,1287,0,0,0,1287
01/16/2020,SFO,CA,AWP,WE,Towers with Radar,953,152,37,0,1142,0,0,2,6,8,953,152,39,6,1150,0,0,0,1150
01/17/2020,SFO,CA,AWP,WE,Towers with Radar,1041,182,40,0,1263,0,0,7,8,15,1041,182,47,8,1278,0,0,0,1278
01/18/2020,SFO,CA,AWP,WE,Towers with Radar,852,141,14,0,1007,0,0,8,4,12,852,141,22,4,1019,0,0,0,1019
01/19/2020,SFO,CA,AWP,WE,Towers with Radar,924,156,13,2,1095,0,2,6,5,13,924,158,19,7,1108,0,0,0,1108
01/20/2020,SFO,CA,AWP,WE,Towers with Radar,1008,185,26,0,1219,0,5,8,2,15,1008,190,34,2,1234,0,0,0,1234
01/21/2020,SFO,CA,AWP,WE,Towers with Radar,915,114,17,2,1048,0,0,3,7,10,915,114,20,9,1058,0,0,0,1058
01/22/2020,SFO,CA,AWP,WE,Towers with Radar,1001,165,17,1,1184,0,6,6,10,22,1001,171,23,11,1206,0,0,0,1206
01/23/2020,SFO,CA,AWP,WE,Towers with Radar,1028,175,21,0,1224,0,2,4,10,16,1028,177,25,10,1240,0,0,0,1240
01/24/2020,SFO,CA,AWP,WE,Towers with Radar,1022,171,29,0,1222,0,0,9,9,18,1022,171,38,9,1240,0,0,0,1240
01/25/2020,SFO,CA,AWP,WE,Towers with Radar,873,138,11,1,1023,0,0,2,2,4,873,138,13,3,1027,0,0,0,1027
01/26/2020,SFO,CA,AWP,WE,Towers with Radar,982,176,14,1,1173,0,0,4,1,5,982,176,18,2,1178,0,0,0,1178
01/27/2020,SFO,CA,AWP,WE,Towers with Radar,1004,156,18,0,1178,0,3,2,14,19,1004,159,20,14,1197,0,0,0,1197
01/28/2020,SFO,CA,AWP,WE,Towers with Radar,939,163,16,0,1118,0,0,4,14,18,939,163,20,14,1136,0,0,0,1136
01/29/2020,SFO,CA,AWP,WE,Towers with Radar,972,178,20,0,1170,0,5,3,8,16,972,183,23,8,1186,0,0,0,1186
01/30/2020,SFO,CA,AWP,WE,Towers with Radar,1026,175,26,2,1229,0,0,2,6,8,1026,175,28,8,1237,0,0,0,1237
01/31/2020,SFO,CA,AWP,WE,Towers with Radar,1041,161,10,0,1212,0,4,5,2,11,1041,165,15,2,1223,0,0,0,1223
02/01/2020,SFO,CA,AWP,WE,Towers with Radar,903,111,15,1,1030,0,2,2,1,5,903,113,17,2,1035,0,0,0,1035
02/02/2020,SFO,CA,AWP,WE,Towers with Radar,950,162,24,0,1136,0,0,1,4,5,950,162,25,4,1141,0,0,0,1141
02/03/2020,SFO,CA,AWP,WE,Towers with Radar,1026,175,29,0,1230,0,1,4,9,14,1026,176,33,9,1244,0,0,0,1244
02/04/2020,SFO,CA,AWP,WE,Towers with Radar,936,166,22,4,1128,0,3,2,11,16,936,169,24,15,1144,0,0,0,1144
02/05/2020,SFO,CA,AWP,WE,Towers with Radar,964,158,20,0,1142,0,2,4,15,21,964,160,24,15,1163,0,0,0,1163
02/06/2020,SFO,CA,AWP,WE,Towers with Radar,1001,159,33,0,1193,0,1,4,4,9,1001,160,37,4,1202,0,0,0,1202
02/07/2020,SFO,CA,AWP,WE,Towers with Radar,992,147,21,1,1161,0,2,2,10,14,992,149,23,11,1175,0,0,0,1175
02/08/2020,SFO,CA,AWP,WE,Towers with Radar,866,142,20,2,1030,0,2,7,9,18,866,144,27,11,1048,0,0,0,1048
02/09/2020,SFO,CA,AWP,WE,Towers with Radar,943,147,16,0,1106,0,0,10,4,14,943,147,26,4,1120,0,0,0,1120
02/10/2020,SFO,CA,AWP,WE,Towers with Radar,1015,175,33,1,1224,0,1,4,7,12,1015,176,37,8,1236,0,0,0,1236
02/11/2020,SFO,CA,AWP,WE,Towers with Radar,936,158,36,0,1130,0,6,9,10,25,936,164,45,10,1155,0,0,0,1155
02/12/2020,SFO,CA,AWP,WE,Towers with Radar,960,184,35,0,1179,0,1,2,12,15,960,185,37,12,1194,0,0,0,1194
02/13/2020,SFO,CA,AWP,WE,Towers with Radar,1053,169,28,0,1250,0,0,4,11,15,1053,169,32,11,1265,0,0,0,1265
02/14/2020,SFO,CA,AWP,WE,Towers with Radar,1060,184,35,1,1280,0,3,7,4,14,1060,187,42,5,1294,0,0,0,1294
02/15/2020,SFO,CA,AWP,WE,Towers with Radar,908,137,12,1,1058,0,2,11,2,15,908,139,23,3,1073,0,0,0,1073
02/16/2020,SFO,CA,AWP,WE,Towers with Radar,950,133,15,0,1098,0,2,9,2,13,950,135,24,2,1111,0,0,0,1111
02/17/2020,SFO,CA,AWP,WE,Towers with Radar,1040,160,15,0,1215,0,1,4,4,9,1040,161,19,4,1224,0,0,0,1224
02/18/2020,SFO,CA,AWP,WE,Towers with Radar,1001,155,25,3,1184,0,2,6,11,19,1001,157,31,14,1203,0,0,0,1203
02/19/2020,SFO,CA,AWP,WE,Towers with Radar,1020,148,30,1,1199,0,4,6,8,18,1020,152,36,9,1217,0,0,0,1217
02/20/2020,SFO,CA,AWP,WE,Towers with Radar,1044,145,16,1,1206,0,3,2,9,14,1044,148,18,10,1220,0,0,0,1220
02/21/2020,SFO,CA,AWP,WE,Towers with Radar,1066,159,19,0,1244,0,0,6,9,15,1066,159,25,9,1259,0,0,0,1259
02/22/2020,SFO,CA,AWP,WE,Towers with Radar,938,140,15,1,1094,0,3,4,11,18,938,143,19,12,1112,0,0,0,1112
02/23/2020,SFO,CA,AWP,WE,Towers with Radar,1009,172,28,0,1209,0,6,4,4,14,1009,178,32,4,1223,0,0,0,1223
02/24/2020,SFO,CA,AWP,WE,Towers with Radar,1056,156,24,1,1237,0,3,4,10,17,1056,159,28,11,1254,0,0,0,1254
02/25/2020,SFO,CA,AWP,WE,Towers with Radar,1013,171,19,4,1207,0,1,4,11,16,1013,172,23,15,1223,0,0,0,1223
02/26/2020,SFO,CA,AWP,WE,Towers with Radar,1019,157,33,5,1214,0,3,3,9,15,1019,160,36,14,1229,0,0,0,1229
02/27/2020,SFO,CA,AWP,WE,Towers with Radar,1074,153,40,1,1268,0,4,6,7,17,1074,157,46,8,1285,0,0,0,1285
02/28/2020,SFO,CA,AWP,WE,Towers with Radar,1072,166,27,1,1266,0,6,4,6,16,1072,172,31,7,1282,0,0,0,1282
02/29/2020,SFO,CA,AWP,WE,Towers with Radar,925,137,15,1,1078,0,3,4,7,14,925,140,19,8,1092,0,0,0,1092
03/01/2020,SFO,CA,AWP,WE,Towers with Radar,1009,181,14,1,1205,0,1,2,2,5,1009,182,16,3,1210,0,0,0,1210
03/02/2020,SFO,CA,AWP,WE,Towers with Radar,1055,153,27,0,1235,0,1,4,9,14,1055,154,31,9,1249,0,0,0,1249
03/03/2020,SFO,CA,AWP,WE,Towers with Radar,997,160,44,0,1201,0,5,3,10,18,997,165,47,10,1219,0,0,0,1219
03/04/2020,SFO,CA,AWP,WE,Towers with Radar,1038,164,32,0,1234,0,5,2,11,18,1038,169,34,11,1252,0,0,0,1252
03/05/2020,SFO,CA,AWP,WE,Towers with Radar,1058,178,34,5,1275,0,1,6,8,15,1058,179,40,13,1290,0,0,0,1290
03/06/2020,SFO,CA,AWP,WE,Towers with Radar,1064,174,28,2,1268,0,0,2,9,11,1064,174,30,11,1279,0,0,0,1279
03/07/2020,SFO,CA,AWP,WE,Towers with Radar,948,143,11,1,1103,0,0,6,6,12,948,143,17,7,1115,0,0,0,1115
03/08/2020,SFO,CA,AWP,WE,Towers with Radar,1008,166,20,0,1194,0,5,2,1,8,1008,171,22,1,1202,0,0,0,1202
03/09/2020,SFO,CA,AWP,WE,Towers with Radar,1052,135,21,0,1208,0,1,3,4,8,1052,136,24,4,1216,0,0,0,1216
03/10/2020,SFO,CA,AWP,WE,Towers with Radar,1016,149,22,5,1192,0,2,9,11,22,1016,151,31,16,1214,0,0,0,1214
03/11/2020,SFO,CA,AWP,WE,Towers with Radar,1006,162,17,0,1185,0,0,0,11,11,1006,162,17,11,1196,0,0,0,1196
03/12/2020,SFO,CA,AWP,WE,Towers with Radar,1053,152,32,0,1237,0,2,3,11,16,1053,154,35,11,1253,0,0,0,1253
03/13/2020,SFO,CA,AWP,WE,Towers with Radar,1059,151,10,0,1220,0,0,4,6,10,1059,151,14,6,1230,0,0,0,1230
03/14/2020,SFO,CA,AWP,WE,Towers with Radar,915,143,11,0,1069,0,0,2,2,4,915,143,13,2,1073,0,0,0,1073
03/15/2020,SFO,CA,AWP,WE,Towers with Radar,983,149,21,0,1153,0,2,4,2,8,983,151,25,2,1161,0,0,0,1161
03/16/2020,SFO,CA,AWP,WE,Towers with Radar,1036,159,27,0,1222,0,0,0,6,6,1036,159,27,6,1228,0,0,0,1228
03/17/2020,SFO,CA,AWP,WE,Towers with Radar,947,129,13,4,1093,0,3,0,5,8,947,132,13,9,1101,0,0,0,1101
03/18/2020,SFO,CA,AWP,WE,Towers with Radar,911,108,2,0,1021,0,0,0,4,4,911,108,2,4,1025,0,0,0,1025
03/19/2020,SFO,CA,AWP,WE,Towers with Radar,857,110,4,0,971,0,0,1,3,4,857,110,5,3,975,0,0,0,975
03/20/2020,SFO,CA,AWP,WE,Towers with Radar,845,117,12,0,974,0,1,2,8,11,845,118,14,8,985,0,0,0,985
03/21/2020,SFO,CA,AWP,WE,Towers with Radar,663,67,5,1,736,0,0,2,1,3,663,67,7,2,739,0,0,0,739
03/22/2020,SFO,CA,AWP,WE,Towers with Radar,634,87,5,0,726,0,0,0,2,2,634,87,5,2,728,0,0,0,728
03/23/2020,SFO,CA,AWP,WE,Towers with Radar,610,76,2,0,688,0,0,0,6,6,610,76,2,6,694,0,0,0,694
03/24/2020,SFO,CA,AWP,WE,Towers with Radar,514,66,3,4,587,0,0,0,6,6,514,66,3,10,593,0,0,0,593
03/25/2020,SFO,CA,AWP,WE,Towers with Radar,533,70,6,0,609,0,1,0,7,8,533,71,6,7,617,0,0,0,617
03/26/2020,SFO,CA,AWP,WE,Towers with Radar,464,57,3,0,524,0,0,4,6,10,464,57,7,6,534,0,0,0,534
03/27/2020,SFO,CA,AWP,WE,Towers with Radar,454,65,2,4,525,0,0,0,1,1,454,65,2,5,526,0,0,0,526
03/28/2020,SFO,CA,AWP,WE,Towers with Radar,430,65,7,0,502,0,0,1,2,3,430,65,8,2,505,0,0,0,505
03/29/2020,SFO,CA,AWP,WE,Towers with Radar,436,65,6,2,509,0,0,0,2,2,436,65,6,4,511,0,0,0,511
03/30/2020,SFO,CA,AWP,WE,Towers with Radar,410,63,2,0,475,0,0,0,8,8,410,63,2,8,483,0,0,0,483
03/31/2020,SFO,CA,AWP,WE,Towers with Radar,412,81,3,4,500,0,0,0,11,11,412,81,3,15,511,0,0,0,511
04/01/2020,SFO,CA,AWP,WE,Towers with Radar,280,39,1,1,321,0,0,0,7,7,280,39,1,8,328,0,0,0,328
04/02/2020,SFO,CA,AWP,WE,Towers with Radar,248,23,4,0,275,0,4,0,8,12,248,27,4,8,287,0,0,0,287
04/03/2020,SFO,CA,AWP,WE,Towers with Radar,267,26,5,0,298,0,2,0,11,13,267,28,5,11,311,0,0,0,311
04/04/2020,SFO,CA,AWP,WE,Towers with Radar,245,34,1,3,283,0,0,0,5,5,245,34,1,8,288,0,0,0,288
04/05/2020,SFO,CA,AWP,WE,Towers with Radar,260,33,4,0,297,0,1,0,3,4,260,34,4,3,301,0,0,0,301
04/06/2020,SFO,CA,AWP,WE,Towers with Radar,277,33,1,0,311,0,0,0,12,12,277,33,1,12,323,0,0,0,323
04/07/2020,SFO,CA,AWP,WE,Towers with Radar,244,22,1,4,271,0,0,6,11,17,244,22,7,15,288,0,0,0,288
04/08/2020,SFO,CA,AWP,WE,Towers with Radar,250,25,8,3,286,0,0,1,7,8,250,25,9,10,294,0,0,0,294
04/09/2020,SFO,CA,AWP,WE,Towers with Radar,251,31,3,0,285,0,2,2,8,12,251,33,5,8,297,0,0,0,297
04/10/2020,SFO,CA,AWP,WE,Towers with Radar,236,35,0,0,271,0,0,5,6,11,236,35,5,6,282,0,0,0,282
04/11/2020,SFO,CA,AWP,WE,Towers with Radar,229,32,3,2,266,0,0,1,6,7,229,32,4,8,273,0,0,0,273
04/12/2020,SFO,CA,AWP,WE,Towers with Radar,201,26,9,2,238,0,0,3,7,10,201,26,12,9,248,0,0,0,248
04/13/2020,SFO,CA,AWP,WE,Towers with Radar,227,28,2,0,257,0,1,0,9,10,227,29,2,9,267,0,0,0,267
04/14/2020,SFO,CA,AWP,WE,Towers with Radar,192,34,3,1,230,0,2,3,11,16,192,36,6,12,246,0,0,0,246
04/15/2020,SFO,CA,AWP,WE,Towers with Radar,220,23,4,2,249,0,1,4,7,12,220,24,8,9,261,0,0,0,261
04/16/2020,SFO,CA,AWP,WE,Towers with Radar,218,22,4,1,245,0,0,0,5,5,218,22,4,6,250,0,0,0,250
04/17/2020,SFO,CA,AWP,WE,Towers with Radar,206,17,0,2,225,0,0,0,7,7,206,17,0,9,232,0,0,0,232
04/18/2020,SFO,CA,AWP,WE,Towers with Radar,202,34,3,4,243,0,1,2,5,8,202,35,5,9,251,0,0,0,251
04/19/2020,SFO,CA,AWP,WE,Towers with Radar,192,31,3,1,227,0,0,2,8,10,192,31,5,9,237,0,0,0,237
04/20/2020,SFO,CA,AWP,WE,Towers with Radar,204,19,1,0,224,0,2,0,8,10,204,21,1,8,234,0,0,0,234
04/21/2020,SFO,CA,AWP,WE,Towers with Radar,191,27,2,3,223,0,0,8,6,14,191,27,10,9,237,0,0,0,237
04/22/2020,SFO,CA,AWP,WE,Towers with Radar,194,31,9,1,235,0,2,7,6,15,194,33,16,7,250,0,0,0,250
04/23/2020,SFO,CA,AWP,WE,Towers with Radar,204,28,2,0,234,0,2,5,10,17,204,30,7,10,251,0,0,0,251
04/24/2020,SFO,CA,AWP,WE,Towers with Radar,200,25,5,1,231,0,0,8,6,14,200,25,13,7,245,0,0,0,245
04/25/2020,SFO,CA,AWP,WE,Towers with Radar,191,25,5,0,221,0,2,4,10,16,191,27,9,10,237,0,0,0,237
04/26/2020,SFO,CA,AWP,WE,Towers with Radar,183,29,3,2,217,0,0,5,4,9,183,29,8,6,226,0,0,0,226
04/27/2020,SFO,CA,AWP,WE,Towers with Radar,197,25,3,0,225,0,2,6,8,16,197,27,9,8,241,0,0,0,241
04/28/2020,SFO,CA,AWP,WE,Towers with Radar,178,30,3,3,214,0,1,13,7,21,178,31,16,10,235,0,0,0,235
04/29/2020,SFO,CA,AWP,WE,Towers with Radar,195,29,1,0,225,0,0,0,6,6,195,29,1,6,231,0,0,0,231
04/30/2020,SFO,CA,AWP,WE,Towers with Radar,194,26,1,0,221,0,2,0,8,10,194,28,1,8,231,0,0,0,231
05/01/2020,SFO,CA,AWP,WE,Towers with Radar,203,26,4,0,233,0,1,2,8,11,203,27,6,8,244,0,0,0,244
05/02/2020,SFO,CA,AWP,WE,Towers with Radar,181,30,5,2,218,0,0,2,8,10,181,30,7,10,228,0,0,0,228
05/03/2020,SFO,CA,AWP,WE,Towers with Radar,194,30,5,0,229,0,2,15,6,23,194,32,20,6,252,0,0,0,252
05/04/2020,SFO,CA,AWP,WE,Towers with Radar,210,36,10,3,259,0,0,4,7,11,210,36,14,10,270,0,0,0,270
05/05/2020,SFO,CA,AWP,WE,Towers with Radar,200,35,0,4,239,0,3,0,8,11,200,38,0,12,250,0,0,0,250
05/06/2020,SFO,CA,AWP,WE,Towers with Radar,221,45,3,3,272,0,0,4,12,16,221,45,7,15,288,0,0,0,288
05/07/2020,SFO,CA,AWP,WE,Towers with Radar,226,49,7,0,282,0,3,2,7,12,226,52,9,7,294,0,0,0,294
05/08/2020,SFO,CA,AWP,WE,Towers with Radar,222,48,4,3,277,0,2,3,8,13,222,50,7,11,290,0,0,0,290
05/09/2020,SFO,CA,AWP,WE,Towers with Radar,219,34,7,0,260,0,3,5,7,15,219,37,12,7,275,0,0,0,275
05/10/2020,SFO,CA,AWP,WE,Towers with Radar,226,54,3,4,287,0,0,2,4,6,226,54,5,8,293,0,0,0,293
05/11/2020,SFO,CA,AWP,WE,Towers with Radar,226,44,6,0,276,0,0,0,5,5,226,44,6,5,281,0,0,0,281
05/12/2020,SFO,CA,AWP,WE,Towers with Radar,218,43,7,5,273,0,1,1,9,11,218,44,8,14,284,0,0,0,284
05/13/2020,SFO,CA,AWP,WE,Towers with Radar,229,40,4,0,273,0,0,0,6,6,229,40,4,6,279,0,0,0,279
05/14/2020,SFO,CA,AWP,WE,Towers with Radar,242,37,10,2,291,0,1,4,4,9,242,38,14,6,300,0,0,0,300
05/15/2020,SFO,CA,AWP,WE,Towers with Radar,232,50,4,1,287,0,0,0,3,3,232,50,4,4,290,0,0,0,290
05/16/2020,SFO,CA,AWP,WE,Towers with Radar,224,36,5,0,265,0,0,6,4,10,224,36,11,4,275,0,0,0,275
05/17/2020,SFO,CA,AWP,WE,Towers with Radar,220,46,3,0,269,0,0,0,2,2,220,46,3,2,271,0,0,0,271
05/18/2020,SFO,CA,AWP,WE,Towers with Radar,238,47,5,0,290,0,3,0,8,11,238,50,5,8,301,0,0,0,301
05/19/2020,SFO,CA,AWP,WE,Towers with Radar,222,38,2,5,267,0,0,2,7,9,222,38,4,12,276,0,0,0,276
05/20/2020,SFO,CA,AWP,WE,Towers with Radar,228,38,3,1,270,0,1,2,5,8,228,39,5,6,278,0,0,0,278
05/21/2020,SFO,CA,AWP,WE,Towers with Radar,247,46,7,1,301,0,3,3,7,13,247,49,10,8,314,0,0,0,314
05/22/2020,SFO,CA,AWP,WE,Towers with Radar,258,55,12,0,325,0,3,2,5,10,258,58,14,5,335,0,0,0,335
05/23/2020,SFO,CA,AWP,WE,Towers with Radar,243,44,10,0,297,0,10,4,6,20,243,54,14,6,317,0,0,0,317
05/24/2020,SFO,CA,AWP,WE,Towers with Radar,237,49,5,1,292,0,3,2,4,9,237,52,7,5,301,0,0,0,301
05/25/2020,SFO,CA,AWP,WE,Towers with Radar,243,50,3,0,296,0,3,5,6,14,243,53,8,6,310,0,0,0,310
05/26/2020,SFO,CA,AWP,WE,Towers with Radar,240,40,8,4,292,0,0,3,11,14,240,40,11,15,306,0,0,0,306
05/27/2020,SFO,CA,AWP,WE,Towers with Radar,240,54,8,0,302,0,1,23,7,31,240,55,31,7,333,0,0,0,333
05/28/2020,SFO,CA,AWP,WE,Towers with Radar,252,59,9,0,320,0,1,2,4,7,252,60,11,4,327,0,0,0,327
05/29/2020,SFO,CA,AWP,WE,Towers with Radar,259,41,11,2,313,0,3,4,9,16,259,44,15,11,329,0,0,0,329
05/30/2020,SFO,CA,AWP,WE,Towers with Radar,244,58,8,0,310,0,5,0,4,9,244,63,8,4,319,0,0,0,319
05/31/2020,SFO,CA,AWP,WE,Towers with Radar,250,59,7,0,316,0,1,0,6,7,250,60,7,6,323,0,0,0,323
06/01/2020,SFO,CA,AWP,WE,Towers with Radar,257,57,10,4,328,0,1,0,10,11,257,58,10,14,339,0,0,0,339
06/02/2020,SFO,CA,AWP,WE,Towers with Radar,262,49,6,3,320,0,3,1,5,9,262,52,7,8,329,0,0,0,329
06/03/2020,SFO,CA,AWP,WE,Towers with Radar,268,37,5,0,310,0,2,8,7,17,268,39,13,7,327,0,0,0,327
06/04/2020,SFO,CA,AWP,WE,Towers with Radar,284,37,8,0,329,0,2,5,8,15,284,39,13,8,344,0,0,0,344
06/05/2020,SFO,CA,AWP,WE,Towers with Radar,283,48,16,0,347,0,0,2,6,8,283,48,18,6,355,0,0,0,355
06/06/2020,SFO,CA,AWP,WE,Towers with Radar,274,43,2,0,319,0,0,2,5,7,274,43,4,5,326,0,0,0,326
06/07/2020,SFO,CA,AWP,WE,Towers with Radar,305,47,6,0,358,0,0,2,9,11,305,47,8,9,369,0,0,0,369
06/08/2020,SFO,CA,AWP,WE,Towers with Radar,305,34,7,2,348,0,5,3,6,14,305,39,10,8,362,0,0,0,362
06/09/2020,SFO,CA,AWP,WE,Towers with Radar,300,43,4,4,351,0,1,0,10,11,300,44,4,14,362,0,0,0,362
06/10/2020,SFO,CA,AWP,WE,Towers with Radar,306,50,11,0,367,0,10,4,13,27,306,60,15,13,394,0,0,0,394
06/11/2020,SFO,CA,AWP,WE,Towers with Radar,327,59,4,1,391,0,2,0,9,11,327,61,4,10,402,0,0,0,402
06/12/2020,SFO,CA,AWP,WE,Towers with Radar,325,49,13,0,387,0,1,0,6,7,325,50,13,6,394,0,0,0,394
06/13/2020,SFO,CA,AWP,WE,Towers with Radar,305,50,5,0,360,0,1,0,2,3,305,51,5,2,363,0,0,0,363
06/14/2020,SFO,CA,AWP,WE,Towers with Radar,326,49,5,0,380,0,0,4,0,4,326,49,9,0,384,0,0,0,384
06/15/2020,SFO,CA,AWP,WE,Towers with Radar,315,43,9,0,367,0,2,0,8,10,315,45,9,8,377,0,0,0,377
06/16/2020,SFO,CA,AWP,WE,Towers with Radar,316,54,8,4,382,0,2,1,6,9,316,56,9,10,391,0,0,0,391
06/17/2020,SFO,CA,AWP,WE,Towers with Radar,310,58,17,2,387,0,2,4,7,13,310,60,21,9,400,0,0,0,400
06/18/2020,SFO,CA,AWP,WE,Towers with Radar,341,46,17,2,406,0,1,0,2,3,341,47,17,4,409,0,0,0,409
06/19/2020,SFO,CA,AWP,WE,Towers with Radar,323,63,13,0,399,0,2,0,3,5,323,65,13,3,404,0,0,0,404
06/20/2020,SFO,CA,AWP,WE,Towers with Radar,316,66,13,0,395,0,1,2,2,5,316,67,15,2,400,0,0,0,400
06/21/2020,SFO,CA,AWP,WE,Towers with Radar,327,51,4,0,382,0,2,3,2,7,327,53,7,2,389,0,0,0,389
06/22/2020,SFO,CA,AWP,WE,Towers with Radar,334,55,11,0,400,0,1,2,8,11,334,56,13,8,411,0,0,0,411
06/23/2020,SFO,CA,AWP,WE,Towers with Radar,323,54,10,4,391,0,8,0,12,20,323,62,10,16,411,0,0,0,411
06/24/2020,SFO,CA,AWP,WE,Towers with Radar,329,54,16,0,399,0,4,2,12,18,329,58,18,12,417,0,0,0,417
06/25/2020,SFO,CA,AWP,WE,Towers with Radar,353,74,15,0,442,0,0,2,6,8,353,74,17,6,450,0,0,0,450
06/26/2020,SFO,CA,AWP,WE,Towers with Radar,334,73,12,0,419,0,6,0,4,10,334,79,12,4,429,0,0,0,429
06/27/2020,SFO,CA,AWP,WE,Towers with Radar,321,66,8,1,396,0,0,1,2,3,321,66,9,3,399,0,0,0,399
06/28/2020,SFO,CA,AWP,WE,Towers with Radar,338,68,13,0,419,0,0,0,3,3,338,68,13,3,422,0,0,0,422
06/29/2020,SFO,CA,AWP,WE,Towers with Radar,321,47,8,0,376,0,2,2,7,11,321,49,10,7,387,0,0,0,387
06/30/2020,SFO,CA,AWP,WE,Towers with Radar,320,51,8,4,383,0,1,1,8,10,320,52,9,12,393,0,0,0,393
07/01/2020,SFO,CA,AWP,WE,Towers with Radar,344,56,25,2,427,0,2,1,6,9,344,58,26,8,436,0,0,0,436
07/02/2020,SFO,CA,AWP,WE,Towers with Radar,364,60,15,0,439,0,0,4,6,10,364,60,19,6,449,0,0,0,449
07/03/2020,SFO,CA,AWP,WE,Towers with Radar,375,54,13,0,442,0,2,9,2,13,375,56,22,2,455,0,0,0,455
07/04/2020,SFO,CA,AWP,WE,Towers with Radar,338,41,4,0,383,0,0,8,0,8,338,41,12,0,391,0,0,0,391
07/05/2020,SFO,CA,AWP,WE,Towers with Radar,376,65,6,0,447,0,6,7,9,22,376,71,13,9,469,0,0,0,469
07/06/2020,SFO,CA,AWP,WE,Towers with Radar,425,69,10,0,504,0,6,5,11,22,425,75,15,11,526,0,0,0,526
07/07/2020,SFO,CA,AWP,WE,Towers with Radar,438,60,15,5,518,0,6,6,9,21,438,66,21,14,539,0,0,0,539
07/08/2020,SFO,CA,AWP,WE,Towers with Radar,451,57,10,2,520,0,2,2,14,18,451,59,12,16,538,0,0,0,538
07/09/2020,SFO,CA,AWP,WE,Towers with Radar,461,62,15,0,538,0,1,0,7,8,461,63,15,7,546,0,0,0,546
07/10/2020,SFO,CA,AWP,WE,Towers with Radar,466,60,10,1,537,0,3,0,7,10,466,63,10,8,547,0,0,0,547
07/11/2020,SFO,CA,AWP,WE,Towers with Radar,467,54,6,0,527,0,1,4,4,9,467,55,10,4,536,0,0,0,536
07/12/2020,SFO,CA,AWP,WE,Towers with Radar,462,67,9,0,538,0,7,3,7,17,462,74,12,7,555,0,0,0,555
07/13/2020,SFO,CA,AWP,WE,Towers with Radar,457,57,6,0,520,0,2,0,8,10,457,59,6,8,530,0,0,0,530
07/14/2020,SFO,CA,AWP,WE,Towers with Radar,428,56,3,5,492,0,2,3,8,13,428,58,6,13,505,0,0,0,505
07/15/2020,SFO,CA,AWP,WE,Towers with Radar,451,64,12,0,527,0,0,0,4,4,451,64,12,4,531,0,0,0,531
07/16/2020,SFO,CA,AWP,WE,Towers with Radar,471,64,14,1,550,0,0,0,7,7,471,64,14,8,557,0,0,0,557
07/17/2020,SFO,CA,AWP,WE,Towers with Radar,479,65,13,0,557,0,0,0,8,8,479,65,13,8,565,0,0,0,565
07/18/2020,SFO,CA,AWP,WE,Towers with Radar,465,51,5,0,521,0,3,0,7,10,465,54,5,7,531,0,0,0,531
07/19/2020,SFO,CA,AWP,WE,Towers with Radar,460,62,7,0,529,0,6,0,6,12,460,68,7,6,541,0,0,0,541
07/20/2020,SFO,CA,AWP,WE,Towers with Radar,456,71,7,1,535,0,0,0,6,6,456,71,7,7,541,0,0,0,541
07/21/2020,SFO,CA,AWP,WE,Towers with Radar,434,66,10,5,515,0,0,0,6,6,434,66,10,11,521,0,0,0,521
07/22/2020,SFO,CA,AWP,WE,Towers with Radar,453,61,9,0,523,0,0,4,12,16,453,61,13,12,539,0,0,0,539
07/23/2020,SFO,CA,AWP,WE,Towers with Radar,468,64,2,0,534,0,0,0,4,4,468,64,2,4,538,0,0,0,538
07/24/2020,SFO,CA,AWP,WE,Towers with Radar,457,73,15,0,545,0,0,0,2,2,457,73,15,2,547,0,0,0,547
07/25/2020,SFO,CA,AWP,WE,Towers with Radar,454,65,15,0,534,0,2,0,6,8,454,67,15,6,542,0,0,0,542
07/26/2020,SFO,CA,AWP,WE,Towers with Radar,462,68,3,0,533,0,2,0,8,10,462,70,3,8,543,0,0,0,543
07/27/2020,SFO,CA,AWP,WE,Towers with Radar,459,63,3,2,527,0,1,0,7,8,459,64,3,9,535,0,0,0,535
07/28/2020,SFO,CA,AWP,WE,Towers with Radar,419,61,15,4,499,0,3,2,2,7,419,64,17,6,506,0,0,0,506
07/29/2020,SFO,CA,AWP,WE,Towers with Radar,446,70,8,1,525,0,4,0,6,10,446,74,8,7,535,0,0,0,535
07/30/2020,SFO,CA,AWP,WE,Towers with Radar,439,61,8,2,510,0,0,0,6,6,439,61,8,8,516,0,0,0,516
07/31/2020,SFO,CA,AWP,WE,Towers with Radar,455,72,17,1,545,0,4,0,0,4,455,76,17,1,549,0,0,0,549
08/01/2020,SFO,CA,AWP,WE,Towers with Radar,475,73,6,1,555,0,0,2,2,4,475,73,8,3,559,0,0,0,559
08/02/2020,SFO,CA,AWP,WE,Towers with Radar,477,84,13,0,574,0,4,1,4,9,477,88,14,4,583,0,0,0,583
08/03/2020,SFO,CA,AWP,WE,Towers with Radar,481,72,15,0,568,0,3,2,9,14,481,75,17,9,582,0,0,0,582
08/04/2020,SFO,CA,AWP,WE,Towers with Radar,439,75,6,4,524,0,0,0,4,4,439,75,6,8,528,0,0,0,528
08/05/2020,SFO,CA,AWP,WE,Towers with Radar,465,92,14,0,571,0,2,2,8,12,465,94,16,8,583,0,0,0,583
08/06/2020,SFO,CA,AWP,WE,Towers with Radar,484,81,8,0,573,0,0,0,8,8,484,81,8,8,581,0,0,0,581
08/07/2020,SFO,CA,AWP,WE,Towers with Radar,489,96,15,1,601,0,6,3,6,15,489,102,18,7,616,0,0,0,616
08/08/2020,SFO,CA,AWP,WE,Towers with Radar,483,78,12,0,573,0,0,2,2,4,483,78,14,2,577,0,0,0,577
08/09/2020,SFO,CA,AWP,WE,Towers with Radar,481,128,12,0,621,0,2,2,6,10,481,130,14,6,631,0,0,0,631
08/10/2020,SFO,CA,AWP,WE,Towers with Radar,469,76,12,0,557,0,0,2,6,8,469,76,14,6,565,0,0,0,565
08/11/2020,SFO,CA,AWP,WE,Towers with Radar,422,73,8,4,507,0,4,0,12,16,422,77,8,16,523,0,0,0,523
08/12/2020,SFO,CA,AWP,WE,Towers with Radar,447,80,8,0,535,0,5,2,6,13,447,85,10,6,548,0,0,0,548
08/13/2020,SFO,CA,AWP,WE,Towers with Radar,463,78,9,1,551,0,0,0,7,7,463,78,9,8,558,0,0,0,558
08/14/2020,SFO,CA,AWP,WE,Towers with Radar,464,71,8,0,543,0,0,0,6,6,464,71,8,6,549,0,0,0,549
08/15/2020,SFO,CA,AWP,WE,Towers with Radar,446,94,6,0,546,0,0,2,5,7,446,94,8,5,553,0,0,0,553
08/16/2020,SFO,CA,AWP,WE,Towers with Radar,466,88,8,0,562,0,8,3,9,20,466,96,11,9,582,0,0,0,582
08/17/2020,SFO,CA,AWP,WE,Towers with Radar,454,78,12,0,544,0,1,5,10,16,454,79,17,10,560,0,0,0,560
08/18/2020,SFO,CA,AWP,WE,Towers with Radar,415,84,8,6,513,0,3,3,10,16,415,87,11,16,529,0,0,0,529
08/19/2020,SFO,CA,AWP,WE,Towers with Radar,431,82,9,2,524,0,4,0,9,13,431,86,9,11,537,0,0,0,537
08/20/2020,SFO,CA,AWP,WE,Towers with Radar,454,88,14,2,558,0,2,0,6,8,454,90,14,8,566,0,0,0,566
08/21/2020,SFO,CA,AWP,WE,Towers with Radar,456,63,11,1,531,0,0,0,9,9,456,63,11,10,540,0,0,0,540
08/22/2020,SFO,CA,AWP,WE,Towers with Radar,442,87,9,2,540,0,0,0,2,2,442,87,9,4,542,0,0,0,542
08/23/2020,SFO,CA,AWP,WE,Towers with Radar,459,98,16,0,573,0,0,0,2,2,459,98,16,2,575,0,0,0,575
08/24/2020,SFO,CA,AWP,WE,Towers with Radar,450,78,5,2,535,0,2,0,2,4,450,80,5,4,539,0,0,0,539
08/25/2020,SFO,CA,AWP,WE,Towers with Radar,410,67,12,4,493,0,0,0,6,6,410,67,12,10,499,0,0,0,499
08/26/2020,SFO,CA,AWP,WE,Towers with Radar,426,83,7,2,518,0,0,0,10,10,426,83,7,12,528,0,0,0,528
08/27/2020,SFO,CA,AWP,WE,Towers with Radar,460,76,8,2,546,0,0,0,8,8,460,76,8,10,554,0,0,0,554
08/28/2020,SFO,CA,AWP,WE,Towers with Radar,457,75,4,1,537,0,0,0,1,1,457,75,4,2,538,0,0,0,538
08/29/2020,SFO,CA,AWP,WE,Towers with Radar,448,92,9,0,549,0,0,0,5,5,448,92,9,5,554,0,0,0,554
08/30/2020,SFO,CA,AWP,WE,Towers with Radar,456,93,23,2,574,0,1,1,2,4,456,94,24,4,578,0,0,0,578
08/31/2020,SFO,CA,AWP,WE,Towers with Radar,449,78,6,1,534,0,0,0,3,3,449,78,6,4,537,0,0,0,537
09/01/2020,SFO,CA,AWP,WE,Towers with Radar,428,73,9,4,514,0,2,0,11,13,428,75,9,15,527,0,0,0,527
09/02/2020,SFO,CA,AWP,WE,Towers with Radar,437,68,10,0,515,0,0,2,9,11,437,68,12,9,526,0,0,0,526
09/03/2020,SFO,CA,AWP,WE,Towers with Radar,481,58,14,0,553,0,0,0,8,8,481,58,14,8,561,0,0,0,561
09/04/2020,SFO,CA,AWP,WE,Towers with Radar,482,75,13,1,571,0,1,0,7,8,482,76,13,8,579,0,0,0,579
09/05/2020,SFO,CA,AWP,WE,Towers with Radar,452,55,7,0,514,0,6,2,3,11,452,61,9,3,525,0,0,0,525
09/06/2020,SFO,CA,AWP,WE,Towers with Radar,435,60,3,0,498,0,3,2,6,11,435,63,5,6,509,0,0,0,509
09/07/2020,SFO,CA,AWP,WE,Towers with Radar,463,82,4,1,550,0,6,0,4,10,463,88,4,5,560,0,0,0,560
09/08/2020,SFO,CA,AWP,WE,Towers with Radar,407,64,7,4,482,0,2,0,6,8,407,66,7,10,490,0,0,0,490
09/09/2020,SFO,CA,AWP,WE,Towers with Radar,455,58,17,1,531,0,2,0,11,13,455,60,17,12,544,0,0,0,544
09/10/2020,SFO,CA,AWP,WE,Towers with Radar,455,70,10,1,536,0,0,0,0,0,455,70,10,1,536,0,0,0,536
09/11/2020,SFO,CA,AWP,WE,Towers with Radar,474,73,13,0,560,0,0,0,0,0,474,73,13,0,560,0,0,0,560
09/12/2020,SFO,CA,AWP,WE,Towers with Radar,455,57,10,0,522,0,0,0,0,0,455,57,10,0,522,0,0,0,522
09/13/2020,SFO,CA,AWP,WE,Towers with Radar,464,82,9,2,557,0,0,0,0,0,464,82,9,2,557,0,0,0,557
09/14/2020,SFO,CA,AWP,WE,Towers with Radar,450,58,8,1,517,0,0,0,0,0,450,58,8,1,517,0,0,0,517
09/15/2020,SFO,CA,AWP,WE,Towers with Radar,404,56,6,4,470,0,0,2,5,7,404,56,8,9,477,0,0,0,477
09/16/2020,SFO,CA,AWP,WE,Towers with Radar,445,53,6,1,505,0,0,0,8,8,445,53,6,9,513,0,0,0,513
09/17/2020,SFO,CA,AWP,WE,Towers with Radar,461,58,13,3,535,0,0,0,5,5,461,58,13,8,540,0,0,0,540
09/18/2020,SFO,CA,AWP,WE,Towers with Radar,473,69,13,2,557,0,0,2,4,6,473,69,15,6,563,0,0,0,563
09/19/2020,SFO,CA,AWP,WE,Towers with Radar,462,59,7,2,530,0,0,0,4,4,462,59,7,6,534,0,0,0,534
09/20/2020,SFO,CA,AWP,WE,Towers with Radar,477,72,18,0,567,0,1,0,3,4,477,73,18,3,571,0,0,0,571
09/21/2020,SFO,CA,AWP,WE,Towers with Radar,462,56,5,1,524,0,0,0,8,8,462,56,5,9,532,0,0,0,532
09/22/2020,SFO,CA,AWP,WE,Towers with Radar,418,45,5,4,472,0,1,0,11,12,418,46,5,15,484,0,0,0,484
09/23/2020,SFO,CA,AWP,WE,Towers with Radar,445,55,11,0,511,0,2,2,8,12,445,57,13,8,523,0,0,0,523
09/24/2020,SFO,CA,AWP,WE,Towers with Radar,457,61,14,1,533,0,2,0,6,8,457,63,14,7,541,0,0,0,541
09/25/2020,SFO,CA,AWP,WE,Towers with Radar,462,54,12,0,528,0,2,0,12,14,462,56,12,12,542,0,0,0,542
09/26/2020,SFO,CA,AWP,WE,Towers with Radar,460,43,10,0,513,0,3,1,3,7,460,46,11,3,520,0,0,0,520
09/27/2020,SFO,CA,AWP,WE,Towers with Radar,472,60,12,0,544,1,3,0,4,8,473,63,12,4,552,0,0,0,552
09/28/2020,SFO,CA,AWP,WE,Towers with Radar,467,58,17,0,542,0,5,2,7,14,467,63,19,7,556,0,0,0,556
09/29/2020,SFO,CA,AWP,WE,Towers with Radar,417,57,11,4,489,0,2,0,6,8,417,59,11,10,497,0,0,0,497
09/30/2020,SFO,CA,AWP,WE,Towers with Radar,446,69,19,1,535,0,2,0,9,11,446,71,19,10,546,0,0,0,546
10/01/2020,SFO,CA,AWP,WE,Towers with Radar,453,52,11,0,516,0,0,0,10,10,453,52,11,10,526,0,0,0,526
10/02/2020,SFO,CA,AWP,WE,Towers with Radar,493,46,16,0,555,0,0,0,6,6,493,46,16,6,561,0,0,0,561
10/03/2020,SFO,CA,AWP,WE,Towers with Radar,461,55,13,1,530,0,0,2,4,6,461,55,15,5,536,0,0,0,536
10/04/2020,SFO,CA,AWP,WE,Towers with Radar,514,65,18,0,597,0,5,3,4,12,514,70,21,4,609,0,0,0,609
10/05/2020,SFO,CA,AWP,WE,Towers with Radar,550,42,11,0,603,0,0,1,9,10,550,42,12,9,613,0,0,0,613
10/06/2020,SFO,CA,AWP,WE,Towers with Radar,423,37,8,4,472,0,0,2,7,9,423,37,10,11,481,0,0,0,481
10/07/2020,SFO,CA,AWP,WE,Towers with Radar,467,58,15,0,540,0,2,2,8,12,467,60,17,8,552,0,0,0,552
10/08/2020,SFO,CA,AWP,WE,Towers with Radar,480,63,12,0,555,0,2,2,7,11,480,65,14,7,566,0,0,0,566
10/09/2020,SFO,CA,AWP,WE,Towers with Radar,512,63,15,1,591,0,6,1,6,13,512,69,16,7,604,0,0,0,604
10/10/2020,SFO,CA,AWP,WE,Towers with Radar,484,57,12,0,553,0,3,1,2,6,484,60,13,2,559,0,0,0,559
10/11/2020,SFO,CA,AWP,WE,Towers with Radar,520,72,17,0,609,0,3,1,3,7,520,75,18,3,616,0,0,0,616
10/12/2020,SFO,CA,AWP,WE,Towers with Radar,501,51,14,0,566,0,9,11,5,25,501,60,25,5,591,0,0,0,591
10/13/2020,SFO,CA,AWP,WE,Towers with Radar,421,45,13,4,483,0,1,4,9,14,421,46,17,13,497,0,0,0,497
10/14/2020,SFO,CA,AWP,WE,Towers with Radar,467,45,15,0,527,0,3,4,8,15,467,48,19,8,542,0,0,0,542
10/15/2020,SFO,CA,AWP,WE,Towers with Radar,485,58,7,0,550,0,8,3,12,23,485,66,10,12,573,0,0,0,573
10/16/2020,SFO,CA,AWP,WE,Towers with Radar,510,64,21,1,596,0,1,6,6,13,510,65,27,7,609,0,0,0,609
10/17/2020,SFO,CA,AWP,WE,Towers with Radar,488,41,10,0,539,0,2,3,6,11,488,43,13,6,550,0,0,0,550
10/18/2020,SFO,CA,AWP,WE,Towers with Radar,525,66,14,0,605,0,2,2,2,6,525,68,16,2,611,0,0,0,611
10/19/2020,SFO,CA,AWP,WE,Towers with Radar,514,52,8,0,574,0,5,1,6,12,514,57,9,6,586,0,0,0,586
10/20/2020,SFO,CA,AWP,WE,Towers with Radar,429,34,9,4,476,0,4,0,11,15,429,38,9,15,491,0,0,0,491
10/21/2020,SFO,CA,AWP,WE,Towers with Radar,468,48,9,0,525,0,1,0,15,16,468,49,9,15,541,0,0,0,541
10/22/2020,SFO,CA,AWP,WE,Towers with Radar,470,63,12,1,546,0,4,0,9,13,470,67,12,10,559,0,0,0,559
10/23/2020,SFO,CA,AWP,WE,Towers with Radar,509,45,13,2,569,0,4,3,6,13,509,49,16,8,582,0,0,0,582
10/24/2020,SFO,CA,AWP,WE,Towers with Radar,470,57,12,1,540,0,3,0,4,7,470,60,12,5,547,0,0,0,547
10/25/2020,SFO,CA,AWP,WE,Towers with Radar,510,52,16,0,578,0,1,2,6,9,510,53,18,6,587,0,0,0,587
10/26/2020,SFO,CA,AWP,WE,Towers with Radar,503,46,11,0,560,0,3,4,8,15,503,49,15,8,575,0,0,0,575
10/27/2020,SFO,CA,AWP,WE,Towers with Radar,428,43,6,3,480,0,3,0,7,10,428,46,6,10,490,0,0,0,490
10/28/2020,SFO,CA,AWP,WE,Towers with Radar,473,43,7,0,523,0,7,3,8,18,473,50,10,8,541,0,0,0,541
10/29/2020,SFO,CA,AWP,WE,Towers with Radar,471,57,12,0,540,0,1,0,6,7,471,58,12,6,547,0,0,0,547
10/30/2020,SFO,CA,AWP,WE,Towers with Radar,499,51,8,0,558,0,5,2,7,14,499,56,10,7,572,0,0,0,572
10/31/2020,SFO,CA,AWP,WE,Towers with Radar,452,42,8,0,502,0,4,1,3,8,452,46,9,3,510,0,0,0,510
11/01/2020,SFO,CA,AWP,WE,Towers with Radar,501,61,14,0,576,0,2,1,3,6,501,63,15,3,582,0,0,0,582
11/02/2020,SFO,CA,AWP,WE,Towers with Radar,494,47,5,3,549,0,0,0,5,5,494,47,5,8,554,0,0,0,554
11/03/2020,SFO,CA,AWP,WE,Towers with Radar,445,33,9,4,491,0,3,1,6,10,445,36,10,10,501,0,0,0,501
11/04/2020,SFO,CA,AWP,WE,Towers with Radar,479,50,14,0,543,0,3,0,3,6,479,53,14,3,549,0,0,0,549
11/05/2020,SFO,CA,AWP,WE,Towers with Radar,511,73,9,2,595,0,3,2,7,12,511,76,11,9,607,0,0,0,607
11/06/2020,SFO,CA,AWP,WE,Towers with Radar,509,41,13,0,563,0,2,2,6,10,509,43,15,6,573,0,0,0,573
11/07/2020,SFO,CA,AWP,WE,Towers with Radar,467,34,8,0,509,0,0,2,12,14,467,34,10,12,523,0,0,0,523
11/08/2020,SFO,CA,AWP,WE,Towers with Radar,512,62,13,0,587,0,4,0,7,11,512,66,13,7,598,0,0,0,598
11/09/2020,SFO,CA,AWP,WE,Towers with Radar,485,58,14,0,557,0,5,2,11,18,485,63,16,11,575,0,0,0,575
11/10/2020,SFO,CA,AWP,WE,Towers with Radar,444,58,11,4,517,0,1,0,10,11,444,59,11,14,528,0,0,0,528
11/11/2020,SFO,CA,AWP,WE,Towers with Radar,479,53,11,0,543,0,3,0,4,7,479,56,11,4,550,0,0,0,550
11/12/2020,SFO,CA,AWP,WE,Towers with Radar,491,61,18,0,570,0,5,2,4,11,491,66,20,4,581,0,0,0,581
11/13/2020,SFO,CA,AWP,WE,Towers with Radar,514,61,21,0,596,0,0,0,5,5,514,61,21,5,601,0,0,0,601
11/14/2020,SFO,CA,AWP,WE,Towers with Radar,485,51,8,0,544,0,6,0,10,16,485,57,8,10,560,0,0,0,560
11/15/2020,SFO,CA,AWP,WE,Towers with Radar,512,63,23,0,598,0,3,3,8,14,512,66,26,8,612,0,0,0,612
11/16/2020,SFO,CA,AWP,WE,Towers with Radar,497,50,19,0,566,0,6,1,7,14,497,56,20,7,580,0,0,0,580
11/17/2020,SFO,CA,AWP,WE,Towers with Radar,447,50,12,0,509,0,0,1,8,9,447,50,13,8,518,0,0,0,518
11/18/2020,SFO,CA,AWP,WE,Towers with Radar,483,46,12,1,542,0,0,0,5,5,483,46,12,6,547,0,0,0,547
11/19/2020,SFO,CA,AWP,WE,Towers with Radar,496,65,12,0,573,0,4,2,8,14,496,69,14,8,587,0,0,0,587
11/20/2020,SFO,CA,AWP,WE,Towers with Radar,537,59,21,0,617,0,1,5,8,14,537,60,26,8,631,0,0,0,631
11/21/2020,SFO,CA,AWP,WE,Towers with Radar,524,75,19,0,618,0,4,1,6,11,524,79,20,6,629,0,0,0,629
11/22/2020,SFO,CA,AWP,WE,Towers with Radar,531,77,20,1,629,0,3,2,6,11,531,80,22,7,640,0,0,0,640
11/23/2020,SFO,CA,AWP,WE,Towers with Radar,487,51,15,1,554,0,7,0,8,15,487,58,15,9,569,0,0,0,569
11/24/2020,SFO,CA,AWP,WE,Towers with Radar,523,61,16,5,605,0,10,0,11,21,523,71,16,16,626,0,0,0,626
11/25/2020,SFO,CA,AWP,WE,Towers with Radar,537,62,10,0,609,0,4,2,4,10,537,66,12,4,619,0,0,0,619
11/26/2020,SFO,CA,AWP,WE,Towers with Radar,326,32,2,0,360,0,9,0,1,10,326,41,2,1,370,0,0,0,370
11/27/2020,SFO,CA,AWP,WE,Towers with Radar,477,33,8,0,518,0,4,0,2,6,477,37,8,2,524,0,0,0,524
11/28/2020,SFO,CA,AWP,WE,Towers with Radar,554,64,23,1,642,0,4,0,6,10,554,68,23,7,652,0,0,0,652
11/29/2020,SFO,CA,AWP,WE,Towers with Radar,561,93,29,0,683,0,4,2,4,10,561,97,31,4,693,0,0,0,693
11/30/2020,SFO,CA,AWP,WE,Towers with Radar,533,64,13,0,610,0,2,0,14,16,533,66,13,14,626,0,0,0,626
12/01/2020,SFO,CA,AWP,WE,Towers with Radar,471,40,14,4,529,0,0,2,8,10,471,40,16,12,539,0,0,0,539
12/02/2020,SFO,CA,AWP,WE,Towers with Radar,464,31,2,1,498,0,2,0,11,13,464,33,2,12,511,0,0,0,511
12/03/2020,SFO,CA,AWP,WE,Towers with Radar,464,44,16,0,524,0,2,1,8,11,464,46,17,8,535,0,0,0,535
12/04/2020,SFO,CA,AWP,WE,Towers with Radar,475,44,15,2,536,0,9,2,9,20,475,53,17,11,556,0,0,0,556
12/05/2020,SFO,CA,AWP,WE,Towers with Radar,448,45,12,0,505,0,1,0,9,10,448,46,12,9,515,0,0,0,515
12/06/2020,SFO,CA,AWP,WE,Towers with Radar,491,69,10,1,571,0,2,0,6,8,491,71,10,7,579,0,0,0,579
12/07/2020,SFO,CA,AWP,WE,Towers with Radar,476,44,7,1,528,0,0,0,6,6,476,44,7,7,534,0,0,0,534
12/08/2020,SFO,CA,AWP,WE,Towers with Radar,423,41,6,4,474,0,1,2,10,13,423,42,8,14,487,0,0,0,487
12/09/2020,SFO,CA,AWP,WE,Towers with Radar,442,42,17,0,501,0,7,0,13,20,442,49,17,13,521,0,0,0,521
12/10/2020,SFO,CA,AWP,WE,Towers with Radar,456,39,4,0,499,0,4,1,10,15,456,43,5,10,514,0,0,0,514
12/11/2020,SFO,CA,AWP,WE,Towers with Radar,486,48,13,3,550,0,0,0,7,7,486,48,13,10,557,0,0,0,557
12/12/2020,SFO,CA,AWP,WE,Towers with Radar,444,38,11,0,493,0,1,0,7,8,444,39,11,7,501,0,0,0,501
12/13/2020,SFO,CA,AWP,WE,Towers with Radar,490,51,12,0,553,0,2,0,1,3,490,53,12,1,556,0,0,0,556
12/14/2020,SFO,CA,AWP,WE,Towers with Radar,460,39,7,0,506,0,0,0,9,9,460,39,7,9,515,0,0,0,515
12/15/2020,SFO,CA,AWP,WE,Towers with Radar,433,49,3,5,490,0,4,0,10,14,433,53,3,15,504,0,0,0,504
12/16/2020,SFO,CA,AWP,WE,Towers with Radar,440,65,9,0,514,0,4,1,8,13,440,69,10,8,527,0,0,0,527
12/17/2020,SFO,CA,AWP,WE,Towers with Radar,513,77,9,0,599,0,1,0,2,3,513,78,9,2,602,0,0,0,602
12/18/2020,SFO,CA,AWP,WE,Towers with Radar,537,109,17,0,663,0,3,1,4,8,537,112,18,4,671,0,0,0,671
12/19/2020,SFO,CA,AWP,WE,Towers with Radar,515,96,19,0,630,0,5,3,7,15,515,101,22,7,645,0,0,0,645
12/20/2020,SFO,CA,AWP,WE,Towers with Radar,536,88,14,0,638,0,2,1,4,7,536,90,15,4,645,0,0,0,645
12/21/2020,SFO,CA,AWP,WE,Towers with Radar,509,71,6,0,586,0,0,0,7,7,509,71,6,7,593,0,0,0,593
12/22/2020,SFO,CA,AWP,WE,Towers with Radar,516,92,13,4,625,0,6,0,7,13,516,98,13,11,638,0,0,0,638
12/23/2020,SFO,CA,AWP,WE,Towers with Radar,516,82,7,0,605,0,8,0,11,19,516,90,7,11,624,0,0,0,624
12/24/2020,SFO,CA,AWP,WE,Towers with Radar,412,68,7,1,488,0,0,0,4,4,412,68,7,5,492,0,0,0,492
12/25/2020,SFO,CA,AWP,WE,Towers with Radar,353,61,3,0,417,0,0,0,0,0,353,61,3,0,417,0,0,0,417
12/26/2020,SFO,CA,AWP,WE,Towers with Radar,500,90,13,0,603,0,2,0,2,4,500,92,13,2,607,0,0,0,607
12/27/2020,SFO,CA,AWP,WE,Towers with Radar,518,94,20,0,632,0,0,0,2,2,518,94,20,2,634,0,0,0,634
12/28/2020,SFO,CA,AWP,WE,Towers with Radar,494,84,3,0,581,0,2,2,4,8,494,86,5,4,589,0,0,0,589
12/29/2020,SFO,CA,AWP,WE,Towers with Radar,508,82,8,3,601,0,5,4,7,16,508,87,12,10,617,0,0,0,617
12/30/2020,SFO,CA,AWP,WE,Towers with Radar,510,85,9,1,605,0,0,0,10,10,510,85,9,11,615,0,0,0,615
12/31/2020,SFO,CA,AWP,WE,Towers with Radar,431,67,12,0,510,0,2,2,6,10,431,69,14,6,520,0,0,0,520
01/01/2021,SFO,CA,AWP,WE,Towers with Radar,431,80,8,0,519,0,4,4,5,13,431,84,12,5,532,0,0,0,532
01/02/2021,SFO,CA,AWP,WE,Towers with Radar,510,88,15,3,616,0,0,0,2,2,510,88,15,5,618,0,0,0,618
01/03/2021,SFO,CA,AWP,WE,Towers with Radar,549,106,27,0,682,0,0,0,2,2,549,106,27,2,684,0,0,0,684
01/04/2021,SFO,CA,AWP,WE,Towers with Radar,510,96,13,2,621,0,2,0,7,9,510,98,13,9,630,0,0,0,630
01/05/2021,SFO,CA,AWP,WE,Towers with Radar,425,64,10,4,503,0,3,5,6,14,425,67,15,10,517,0,0,0,517
01/06/2021,SFO,CA,AWP,WE,Towers with Radar,404,55,10,0,469,0,2,0,10,12,404,57,10,10,481,0,0,0,481
01/07/2021,SFO,CA,AWP,WE,Towers with Radar,445,64,12,1,522,0,1,1,9,11,445,65,13,10,533,0,0,0,533
01/08/2021,SFO,CA,AWP,WE,Towers with Radar,450,60,5,0,515,0,2,0,4,6,450,62,5,4,521,0,0,0,521
01/09/2021,SFO,CA,AWP,WE,Towers with Radar,430,47,12,0,489,0,8,2,4,14,430,55,14,4,503,0,0,0,503
01/10/2021,SFO,CA,AWP,WE,Towers with Radar,456,57,10,0,523,0,2,0,6,8,456,59,10,6,531,0,0,0,531
01/11/2021,SFO,CA,AWP,WE,Towers with Radar,422,55,6,0,483,0,0,0,8,8,422,55,6,8,491,0,0,0,491
01/12/2021,SFO,CA,AWP,WE,Towers with Radar,386,54,4,4,448,0,5,4,13,22,386,59,8,17,470,0,0,0,470
01/13/2021,SFO,CA,AWP,WE,Towers with Radar,404,52,7,1,464,0,5,0,9,14,404,57,7,10,478,0,0,0,478
01/14/2021,SFO,CA,AWP,WE,Towers with Radar,436,67,14,0,517,0,2,0,7,9,436,69,14,7,526,0,0,0,526
01/15/2021,SFO,CA,AWP,WE,Towers with Radar,442,72,15,2,531,0,0,0,8,8,442,72,15,10,539,0,0,0,539
01/16/2021,SFO,CA,AWP,WE,Towers with Radar,422,69,7,2,500,0,4,0,11,15,422,73,7,13,515,0,0,0,515
01/17/2021,SFO,CA,AWP,WE,Towers with Radar,437,57,11,0,505,0,10,0,2,12,437,67,11,2,517,0,0,0,517
01/18/2021,SFO,CA,AWP,WE,Towers with Radar,432,73,7,0,512,0,4,2,7,13,432,77,9,7,525,0,0,0,525
01/19/2021,SFO,CA,AWP,WE,Towers with Radar,384,48,6,0,438,0,0,0,8,8,384,48,6,8,446,0,0,0,446
01/20/2021,SFO,CA,AWP,WE,Towers with Radar,391,65,4,1,461,0,3,0,7,10,391,68,4,8,471,0,0,0,471
01/21/2021,SFO,CA,AWP,WE,Towers with Radar,434,60,4,1,499,0,0,2,9,11,434,60,6,10,510,0,0,0,510
01/22/2021,SFO,CA,AWP,WE,Towers with Radar,448,79,18,0,545,0,4,0,9,13,448,83,18,9,558,0,0,0,558
01/23/2021,SFO,CA,AWP,WE,Towers with Radar,422,65,7,0,494,0,6,4,11,21,422,71,11,11,515,0,0,0,515
01/24/2021,SFO,CA,AWP,WE,Towers with Radar,459,74,11,0,544,0,1,0,2,3,459,75,11,2,547,0,0,0,547
01/25/2021,SFO,CA,AWP,WE,Towers with Radar,421,51,12,0,484,0,2,0,10,12,421,53,12,10,496,0,0,0,496
01/26/2021,SFO,CA,AWP,WE,Towers with Radar,371,33,3,5,412,0,3,0,11,14,371,36,3,16,426,0,0,0,426
01/27/2021,SFO,CA,AWP,WE,Towers with Radar,397,51,5,0,453,0,0,0,14,14,397,51,5,14,467,0,0,0,467
01/28/2021,SFO,CA,AWP,WE,Towers with Radar,431,62,10,1,504,0,0,0,4,4,431,62,10,5,508,0,0,0,508
01/29/2021,SFO,CA,AWP,WE,Towers with Radar,443,73,6,1,523,0,0,5,12,17,443,73,11,13,540,0,0,0,540
01/30/2021,SFO,CA,AWP,WE,Towers with Radar,416,56,9,2,483,0,2,0,4,6,416,58,9,6,489,0,0,0,489
01/31/2021,SFO,CA,AWP,WE,Towers with Radar,436,78,20,1,535,0,0,2,2,4,436,78,22,3,539,0,0,0,539
02/01/2021,SFO,CA,AWP,WE,Towers with Radar,397,50,5,1,453,0,4,0,4,8,397,54,5,5,461,0,0,0,461
02/02/2021,SFO,CA,AWP,WE,Towers with Radar,366,46,5,4,421,0,2,0,8,10,366,48,5,12,431,0,0,0,431
02/03/2021,SFO,CA,AWP,WE,Towers with Radar,397,52,4,0,453,0,0,0,5,5,397,52,4,5,458,0,0,0,458
02/04/2021,SFO,CA,AWP,WE,Towers with Radar,427,73,11,0,511,0,4,0,13,17,427,77,11,13,528,0,0,0,528
02/05/2021,SFO,CA,AWP,WE,Towers with Radar,431,68,12,0,511,0,2,2,11,15,431,70,14,11,526,0,0,0,526
02/06/2021,SFO,CA,AWP,WE,Towers with Radar,411,64,7,1,483,0,4,6,7,17,411,68,13,8,500,0,0,0,500
02/07/2021,SFO,CA,AWP,WE,Towers with Radar,433,63,4,0,500,0,2,2,4,8,433,65,6,4,508,0,0,0,508
02/08/2021,SFO,CA,AWP,WE,Towers with Radar,426,66,10,0,502,0,0,1,7,8,426,66,11,7,510,0,0,0,510
02/09/2021,SFO,CA,AWP,WE,Towers with Radar,375,58,20,4,457,0,6,0,6,12,375,64,20,10,469,0,0,0,469
02/10/2021,SFO,CA,AWP,WE,Towers with Radar,406,69,12,2,489,0,12,0,13,25,406,81,12,15,514,0,0,0,514
02/11/2021,SFO,CA,AWP,WE,Towers with Radar,453,97,11,0,561,0,5,0,7,12,453,102,11,7,573,0,0,0,573
02/12/2021,SFO,CA,AWP,WE,Towers with Radar,478,91,15,1,585,0,0,2,5,7,478,91,17,6,592,0,0,0,592
02/13/2021,SFO,CA,AWP,WE,Towers with Radar,388,76,12,0,476,0,0,0,6,6,388,76,12,6,482,0,0,0,482
02/14/2021,SFO,CA,AWP,WE,Towers with Radar,414,78,11,1,504,0,0,3,2,5,414,78,14,3,509,0,0,0,509
02/15/2021,SFO,CA,AWP,WE,Towers with Radar,422,82,23,0,527,0,0,0,2,2,422,82,23,2,529,0,0,0,529
02/16/2021,SFO,CA,AWP,WE,Towers with Radar,353,51,4,4,412,0,1,0,12,13,353,52,4,16,425,0,0,0,425
02/17/2021,SFO,CA,AWP,WE,Towers with Radar,386,57,6,0,449,0,2,1,7,10,386,59,7,7,459,0,0,0,459
02/18/2021,SFO,CA,AWP,WE,Towers with Radar,429,68,12,1,510,0,6,4,11,21,429,74,16,12,531,0,0,0,531
02/19/2021,SFO,CA,AWP,WE,Towers with Radar,444,68,16,4,532,0,2,0,4,6,444,70,16,8,538,0,0,0,538
02/20/2021,SFO,CA,AWP,WE,Towers with Radar,419,87,10,1,517,0,3,1,10,14,419,90,11,11,531,0,0,0,531
02/21/2021,SFO,CA,AWP,WE,Towers with Radar,460,100,16,1,577,0,5,1,6,12,460,105,17,7,589,0,0,0,589
02/22/2021,SFO,CA,AWP,WE,Towers with Radar,451,73,9,0,533,0,2,3,9,14,451,75,12,9,547,0,0,0,547
02/23/2021,SFO,CA,AWP,WE,Towers with Radar,376,48,15,5,444,0,3,0,11,14,376,51,15,16,458,0,0,0,458
02/24/2021,SFO,CA,AWP,WE,Towers with Radar,404,45,10,3,462,0,0,1,5,6,404,45,11,8,468,0,0,0,468
02/25/2021,SFO,CA,AWP,WE,Towers with Radar,454,78,11,0,543,0,3,3,9,15,454,81,14,9,558,0,0,0,558
02/26/2021,SFO,CA,AWP,WE,Towers with Radar,462,71,10,0,543,0,3,1,13,17,462,74,11,13,560,0,0,0,560
02/27/2021,SFO,CA,AWP,WE,Towers with Radar,422,70,6,0,498,0,6,4,11,21,422,76,10,11,519,0,0,0,519
02/28/2021,SFO,CA,AWP,WE,Towers with Radar,463,69,21,0,553,0,2,0,3,5,463,71,21,3,558,0,0,0,558
03/01/2021,SFO,CA,AWP,WE,Towers with Radar,457,73,12,0,542,0,5,5,15,25,457,78,17,15,567,0,0,0,567
03/02/2021,SFO,CA,AWP,WE,Towers with Radar,374,53,10,6,443,0,4,0,15,19,374,57,10,21,462,0,0,0,462
03/03/2021,SFO,CA,AWP,WE,Towers with Radar,398,67,23,0,488,0,5,0,9,14,398,72,23,9,502,0,0,0,502
03/04/2021,SFO,CA,AWP,WE,Towers with Radar,462,76,19,3,560,0,3,1,4,8,462,79,20,7,568,0,0,0,568
03/05/2021,SFO,CA,AWP,WE,Towers with Radar,477,84,17,0,578,0,3,0,12,15,477,87,17,12,593,0,0,0,593
03/06/2021,SFO,CA,AWP,WE,Towers with Radar,441,81,7,0,529,0,1,2,6,9,441,82,9,6,538,0,0,0,538
03/07/2021,SFO,CA,AWP,WE,Towers with Radar,494,95,16,1,606,0,3,2,7,12,494,98,18,8,618,0,0,0,618
03/08/2021,SFO,CA,AWP,WE,Towers with Radar,459,76,8,0,543,0,0,0,8,8,459,76,8,8,551,0,0,0,551
03/09/2021,SFO,CA,AWP,WE,Towers with Radar,392,56,8,0,456,0,1,0,8,9,392,57,8,8,465,0,0,0,465
03/10/2021,SFO,CA,AWP,WE,Towers with Radar,409,58,11,2,480,0,0,0,7,7,409,58,11,9,487,0,0,0,487
03/11/2021,SFO,CA,AWP,WE,Towers with Radar,471,83,12,2,568,0,2,2,6,10,471,85,14,8,578,0,0,0,578
03/12/2021,SFO,CA,AWP,WE,Towers with Radar,494,81,13,1,589,0,4,2,5,11,494,85,15,6,600,0,0,0,600
03/13/2021,SFO,CA,AWP,WE,Towers with Radar,441,63,5,0,509,0,0,1,10,11,441,63,6,10,520,0,0,0,520
03/14/2021,SFO,CA,AWP,WE,Towers with Radar,467,83,15,0,565,0,0,0,4,4,467,83,15,4,569,0,0,0,569
03/15/2021,SFO,CA,AWP,WE,Towers with Radar,452,83,15,1,551,0,2,0,7,9,452,85,15,8,560,0,0,0,560
03/16/2021,SFO,CA,AWP,WE,Towers with Radar,398,56,12,6,472,0,3,0,4,7,398,59,12,10,479,0,0,0,479
03/17/2021,SFO,CA,AWP,WE,Towers with Radar,408,80,18,2,508,0,3,4,8,15,408,83,22,10,523,0,0,0,523
03/18/2021,SFO,CA,AWP,WE,Towers with Radar,500,79,10,1,590,0,0,0,10,10,500,79,10,11,600,0,0,0,600
03/19/2021,SFO,CA,AWP,WE,Towers with Radar,513,94,16,1,624,0,2,2,5,9,513,96,18,6,633,0,0,0,633
03/20/2021,SFO,CA,AWP,WE,Towers with Radar,471,80,12,1,564,0,5,6,5,16,471,85,18,6,580,0,0,0,580
03/21/2021,SFO,CA,AWP,WE,Towers with Radar,522,83,13,0,618,0,3,2,2,7,522,86,15,2,625,0,0,0,625
03/22/2021,SFO,CA,AWP,WE,Towers with Radar,480,80,7,0,567,0,5,2,5,12,480,85,9,5,579,0,0,0,579
03/23/2021,SFO,CA,AWP,WE,Towers with Radar,436,75,9,4,524,0,4,2,7,13,436,79,11,11,537,0,0,0,537
03/24/2021,SFO,CA,AWP,WE,Towers with Radar,438,71,14,0,523,0,2,5,8,15,438,73,19,8,538,0,0,0,538
03/25/2021,SFO,CA,AWP,WE,Towers with Radar,495,91,27,0,613,0,0,0,3,3,495,91,27,3,616,0,0,0,616
03/26/2021,SFO,CA,AWP,WE,Towers with Radar,518,105,21,1,645,0,4,0,6,10,518,109,21,7,655,0,0,0,655
03/27/2021,SFO,CA,AWP,WE,Towers with Radar,488,70,12,0,570,0,5,0,12,17,488,75,12,12,587,0,0,0,587
03/28/2021,SFO,CA,AWP,WE,Towers with Radar,522,80,19,1,622,0,2,1,2,5,522,82,20,3,627,0,0,0,627
03/29/2021,SFO,CA,AWP,WE,Towers with Radar,486,69,10,0,565,0,6,3,6,15,486,75,13,6,580,0,0,0,580
03/30/2021,SFO,CA,AWP,WE,Towers with Radar,449,57,17,4,527,0,3,3,14,20,449,60,20,18,547,0,0,0,547
03/31/2021,SFO,CA,AWP,WE,Towers with Radar,447,70,16,1,534,0,0,0,12,12,447,70,16,13,546,0,0,0,546
04/01/2021,SFO,CA,AWP,WE,Towers with Radar,508,87,32,2,629,0,1,0,9,10,508,88,32,11,639,0,0,0,639
04/02/2021,SFO,CA,AWP,WE,Towers with Radar,506,109,29,0,644,0,2,0,11,13,506,111,29,11,657,0,0,0,657
04/03/2021,SFO,CA,AWP,WE,Towers with Radar,481,109,24,0,614,0,1,4,8,13,481,110,28,8,627,0,0,0,627
04/04/2021,SFO,CA,AWP,WE,Towers with Radar,508,91,11,1,611,0,4,1,6,11,508,95,12,7,622,0,0,0,622
04/05/2021,SFO,CA,AWP,WE,Towers with Radar,503,85,17,0,605,0,1,6,7,14,503,86,23,7,619,0,0,0,619
04/06/2021,SFO,CA,AWP,WE,Towers with Radar,456,49,21,4,530,0,1,1,6,8,456,50,22,10,538,0,0,0,538
04/07/2021,SFO,CA,AWP,WE,Towers with Radar,452,67,31,0,550,0,1,0,8,9,452,68,31,8,559,0,0,0,559
04/08/2021,SFO,CA,AWP,WE,Towers with Radar,518,76,23,1,618,0,4,0,6,10,518,80,23,7,628,0,0,0,628
04/09/2021,SFO,CA,AWP,WE,Towers with Radar,514,88,19,1,622,0,7,0,6,13,514,95,19,7,635,0,0,0,635
04/10/2021,SFO,CA,AWP,WE,Towers with Radar,480,105,19,1,605,0,2,1,8,11,480,107,20,9,616,0,0,0,616
04/11/2021,SFO,CA,AWP,WE,Towers with Radar,510,97,34,0,641,0,2,2,4,8,510,99,36,4,649,0,0,0,649
04/12/2021,SFO,CA,AWP,WE,Towers with Radar,483,97,7,0,587,0,1,0,12,13,483,98,7,12,600,0,0,0,600
04/13/2021,SFO,CA,AWP,WE,Towers with Radar,438,72,9,5,524,0,2,0,7,9,438,74,9,12,533,0,0,0,533
04/14/2021,SFO,CA,AWP,WE,Towers with Radar,438,79,10,0,527,0,3,4,7,14,438,82,14,7,541,0,0,0,541
04/15/2021,SFO,CA,AWP,WE,Towers with Radar,503,81,15,0,599,0,6,3,9,18,503,87,18,9,617,0,0,0,617
04/16/2021,SFO,CA,AWP,WE,Towers with Radar,508,95,16,0,619,0,4,5,8,17,508,99,21,8,636,0,0,0,636
04/17/2021,SFO,CA,AWP,WE,Towers with Radar,466,81,14,0,561,0,1,2,6,9,466,82,16,6,570,0,0,0,570
04/18/2021,SFO,CA,AWP,WE,Towers with Radar,495,89,16,0,600,0,3,4,0,7,495,92,20,0,607,0,0,0,607
04/19/2021,SFO,CA,AWP,WE,Towers with Radar,489,85,16,0,590,0,0,0,8,8,489,85,16,8,598,0,0,0,598
04/20/2021,SFO,CA,AWP,WE,Towers with Radar,441,60,29,4,534,0,4,0,10,14,441,64,29,14,548,0,0,0,548
04/21/2021,SFO,CA,AWP,WE,Towers with Radar,439,67,16,0,522,0,5,2,10,17,439,72,18,10,539,0,0,0,539
04/22/2021,SFO,CA,AWP,WE,Towers with Radar,507,87,25,0,619,0,0,0,8,8,507,87,25,8,627,0,0,0,627
04/23/2021,SFO,CA,AWP,WE,Towers with Radar,504,107,13,0,624,0,5,1,11,17,504,112,14,11,641,0,0,0,641
04/24/2021,SFO,CA,AWP,WE,Towers with Radar,465,80,10,0,555,0,0,4,12,16,465,80,14,12,571,0,0,0,571
04/25/2021,SFO,CA,AWP,WE,Towers with Radar,501,95,22,0,618,0,0,0,4,4,501,95,22,4,622,0,0,0,622
04/26/2021,SFO,CA,AWP,WE,Towers with Radar,496,73,10,0,579,0,0,0,10,10,496,73,10,10,589,0,0,0,589
04/27/2021,SFO,CA,AWP,WE,Towers with Radar,441,48,27,5,521,0,0,0,9,9,441,48,27,14,530,0,0,0,530
04/28/2021,SFO,CA,AWP,WE,Towers with Radar,439,61,13,0,513,0,5,2,9,16,439,66,15,9,529,0,0,0,529
04/29/2021,SFO,CA,AWP,WE,Towers with Radar,507,77,13,0,597,0,3,3,11,17,507,80,16,11,614,0,0,0,614
04/30/2021,SFO,CA,AWP,WE,Towers with Radar,508,105,7,2,622,0,0,0,10,10,508,105,7,12,632,0,0,0,632
05/01/2021,SFO,CA,AWP,WE,Towers with Radar,464,87,5,0,556,0,0,2,7,9,464,87,7,7,565,0,0,0,565
05/02/2021,SFO,CA,AWP,WE,Towers with Radar,488,94,18,0,600,0,0,0,3,3,488,94,18,3,603,0,0,0,603
05/03/2021,SFO,CA,AWP,WE,Towers with Radar,483,71,7,0,561,0,0,0,7,7,483,71,7,7,568,0,0,0,568
05/04/2021,SFO,CA,AWP,WE,Towers with Radar,429,56,21,0,506,0,8,2,3,13,429,64,23,3,519,0,0,0,519
05/05/2021,SFO,CA,AWP,WE,Towers with Radar,448,66,15,0,529,0,3,1,11,15,448,69,16,11,544,0,0,0,544
05/06/2021,SFO,CA,AWP,WE,Towers with Radar,505,83,11,0,599,0,3,1,5,9,505,86,12,5,608,0,0,0,608
05/07/2021,SFO,CA,AWP,WE,Towers with Radar,535,89,17,0,641,0,4,1,1,6,535,93,18,1,647,0,0,0,647
05/08/2021,SFO,CA,AWP,WE,Towers with Radar,483,75,14,0,572,0,3,0,6,9,483,78,14,6,581,0,0,0,581
05/09/2021,SFO,CA,AWP,WE,Towers with Radar,533,75,20,1,629,0,5,0,6,11,533,80,20,7,640,0,0,0,640
05/10/2021,SFO,CA,AWP,WE,Towers with Radar,534,86,18,1,639,0,6,0,13,19,534,92,18,14,658,0,0,0,658
05/11/2021,SFO,CA,AWP,WE,Towers with Radar,457,66,23,4,550,0,9,7,6,22,457,75,30,10,572,0,0,0,572
05/12/2021,SFO,CA,AWP,WE,Towers with Radar,475,68,16,0,559,0,2,1,9,12,475,70,17,9,571,0,0,0,571
05/13/2021,SFO,CA,AWP,WE,Towers with Radar,536,92,24,0,652,0,1,0,7,8,536,93,24,7,660,0,0,0,660
05/14/2021,SFO,CA,AWP,WE,Towers with Radar,545,78,18,2,643,0,0,1,5,6,545,78,19,7,649,0,0,0,649
05/15/2021,SFO,CA,AWP,WE,Towers with Radar,498,87,7,1,593,0,6,0,3,9,498,93,7,4,602,0,0,0,602
05/16/2021,SFO,CA,AWP,WE,Towers with Radar,537,110,32,0,679,0,2,2,2,6,537,112,34,2,685,0,0,0,685
05/17/2021,SFO,CA,AWP,WE,Towers with Radar,539,94,7,2,642,0,6,1,8,15,539,100,8,10,657,0,0,0,657
05/18/2021,SFO,CA,AWP,WE,Towers with Radar,464,85,20,4,573,0,4,1,10,15,464,89,21,14,588,0,0,0,588
05/19/2021,SFO,CA,AWP,WE,Towers with Radar,482,74,24,0,580,0,1,1,9,11,482,75,25,9,591,0,0,0,591
05/20/2021,SFO,CA,AWP,WE,Towers with Radar,549,91,26,0,666,0,0,4,9,13,549,91,30,9,679,0,0,0,679
05/21/2021,SFO,CA,AWP,WE,Towers with Radar,549,95,19,0,663,0,3,1,5,9,549,98,20,5,672,0,0,0,672
05/22/2021,SFO,CA,AWP,WE,Towers with Radar,502,74,7,2,585,0,1,2,3,6,502,75,9,5,591,0,0,0,591
05/23/2021,SFO,CA,AWP,WE,Towers with Radar,547,92,13,0,652,0,8,0,3,11,547,100,13,3,663,0,0,0,663
05/24/2021,SFO,CA,AWP,WE,Towers with Radar,549,72,18,0,639,0,1,1,0,2,549,73,19,0,641,0,0,0,641
05/25/2021,SFO,CA,AWP,WE,Towers with Radar,487,64,6,4,561,0,1,4,11,16,487,65,10,15,577,0,0,0,577
05/26/2021,SFO,CA,AWP,WE,Towers with Radar,483,74,18,2,577,0,5,4,8,17,483,79,22,10,594,0,0,0,594
05/27/2021,SFO,CA,AWP,WE,Towers with Radar,554,88,30,0,672,0,5,2,6,13,554,93,32,6,685,0,0,0,685
05/28/2021,SFO,CA,AWP,WE,Towers with Radar,547,122,31,0,700,0,1,2,7,10,547,123,33,7,710,0,0,0,710
05/29/2021,SFO,CA,AWP,WE,Towers with Radar,503,81,16,2,602,0,0,0,2,2,503,81,16,4,604,0,0,0,604
05/30/2021,SFO,CA,AWP,WE,Towers with Radar,523,78,13,0,614,0,1,1,2,4,523,79,14,2,618,0,0,0,618
05/31/2021,SFO,CA,AWP,WE,Towers with Radar,546,100,16,0,662,0,3,0,8,11,546,103,16,8,673,0,0,0,673
06/01/2021,SFO,CA,AWP,WE,Towers with Radar,490,65,22,4,581,0,5,1,15,21,490,70,23,19,602,0,0,0,602
06/02/2021,SFO,CA,AWP,WE,Towers with Radar,506,89,31,1,627,0,2,2,14,18,506,91,33,15,645,0,0,0,645
06/03/2021,SFO,CA,AWP,WE,Towers with Radar,598,127,29,0,754,0,2,2,10,14,598,129,31,10,768,0,0,0,768
06/04/2021,SFO,CA,AWP,WE,Towers with Radar,606,127,19,1,753,0,6,1,3,10,606,133,20,4,763,0,0,0,763
06/05/2021,SFO,CA,AWP,WE,Towers with Radar,575,98,24,0,697,0,1,0,4,5,575,99,24,4,702,0,0,0,702
06/06/2021,SFO,CA,AWP,WE,Towers with Radar,612,114,20,0,746,0,2,6,3,11,612,116,26,3,757,0,0,0,757
06/07/2021,SFO,CA,AWP,WE,Towers with Radar,603,111,16,0,730,0,3,4,8,15,603,114,20,8,745,0,0,0,745
06/08/2021,SFO,CA,AWP,WE,Towers with Radar,571,99,14,2,686,0,4,4,7,15,571,103,18,9,701,0,0,0,701
06/09/2021,SFO,CA,AWP,WE,Towers with Radar,571,113,15,0,699,0,5,4,11,20,571,118,19,11,719,0,0,0,719
06/10/2021,SFO,CA,AWP,WE,Towers with Radar,619,125,22,0,766,0,2,0,11,13,619,127,22,11,779,0,0,0,779
06/11/2021,SFO,CA,AWP,WE,Towers with Radar,616,128,25,1,770,0,6,0,7,13,616,134,25,8,783,0,0,0,783
06/12/2021,SFO,CA,AWP,WE,Towers with Radar,571,109,22,1,703,0,0,0,3,3,571,109,22,4,706,0,0,0,706
06/13/2021,SFO,CA,AWP,WE,Towers with Radar,614,125,27,0,766,0,6,0,2,8,614,131,27,2,774,0,0,0,774
06/14/2021,SFO,CA,AWP,WE,Towers with Radar,618,125,20,1,764,0,0,0,7,7,618,125,20,8,771,0,0,0,771
06/15/2021,SFO,CA,AWP,WE,Towers with Radar,589,113,23,4,729,0,2,3,7,12,589,115,26,11,741,0,0,0,741
06/16/2021,SFO,CA,AWP,WE,Towers with Radar,592,107,32,0,731,0,2,0,13,15,592,109,32,13,746,0,0,0,746
06/17/2021,SFO,CA,AWP,WE,Towers with Radar,644,124,20,0,788,0,5,4,12,21,644,129,24,12,809,0,0,0,809
06/18/2021,SFO,CA,AWP,WE,Towers with Radar,629,143,32,0,804,0,1,0,3,4,629,144,32,3,808,0,0,0,808
06/19/2021,SFO,CA,AWP,WE,Towers with Radar,577,116,16,0,709,0,4,3,6,13,577,120,19,6,722,0,0,0,722
06/20/2021,SFO,CA,AWP,WE,Towers with Radar,624,120,17,0,761,0,2,2,2,6,624,122,19,2,767,0,0,0,767
06/21/2021,SFO,CA,AWP,WE,Towers with Radar,618,130,21,1,770,0,1,2,8,11,618,131,23,9,781,0,0,0,781
06/22/2021,SFO,CA,AWP,WE,Towers with Radar,581,116,17,4,718,0,4,1,16,21,581,120,18,20,739,0,0,0,739
06/23/2021,SFO,CA,AWP,WE,Towers with Radar,585,107,32,0,724,0,0,0,10,10,585,107,32,10,734,0,0,0,734
06/24/2021,SFO,CA,AWP,WE,Towers with Radar,627,122,32,0,781,0,2,1,10,13,627,124,33,10,794,0,0,0,794
06/25/2021,SFO,CA,AWP,WE,Towers with Radar,610,126,19,4,759,0,0,1,14,15,610,126,20,18,774,0,0,0,774
06/26/2021,SFO,CA,AWP,WE,Towers with Radar,583,108,16,0,707,0,5,0,2,7,583,113,16,2,714,0,0,0,714
06/27/2021,SFO,CA,AWP,WE,Towers with Radar,618,132,13,1,764,0,4,0,0,4,618,136,13,1,768,0,0,0,768
06/28/2021,SFO,CA,AWP,WE,Towers with Radar,629,99,16,1,745,0,1,0,0,1,629,100,16,1,746,0,0,0,746
06/29/2021,SFO,CA,AWP,WE,Towers with Radar,578,104,8,5,695,0,2,0,13,15,578,106,8,18,710,0,0,0,710
06/30/2021,SFO,CA,AWP,WE,Towers with Radar,589,97,24,0,710,0,1,4,5,10,589,98,28,5,720,0,0,0,720
07/01/2021,SFO,CA,AWP,WE,Towers with Radar,666,113,23,1,803,0,1,3,13,17,666,114,26,14,820,0,0,0,820
07/02/2021,SFO,CA,AWP,WE,Towers with Radar,672,129,22,4,827,0,0,2,4,6,672,129,24,8,833,0,0,0,833
07/03/2021,SFO,CA,AWP,WE,Towers with Radar,611,135,13,1,760,0,0,2,0,2,611,135,15,1,762,0,0,0,762
07/04/2021,SFO,CA,AWP,WE,Towers with Radar,585,96,9,0,690,0,1,0,4,5,585,97,9,4,695,0,0,0,695
07/05/2021,SFO,CA,AWP,WE,Towers with Radar,643,139,20,0,802,0,1,2,4,7,643,140,22,4,809,0,0,0,809
07/06/2021,SFO,CA,AWP,WE,Towers with Radar,621,146,15,4,786,0,0,0,12,12,621,146,15,16,798,0,0,0,798
07/07/2021,SFO,CA,AWP,WE,Towers with Radar,635,116,13,1,765,0,0,0,14,14,635,116,13,15,779,0,0,0,779
07/08/2021,SFO,CA,AWP,WE,Towers with Radar,685,128,10,2,825,0,0,2,14,16,685,128,12,16,841,0,0,0,841
07/09/2021,SFO,CA,AWP,WE,Towers with Radar,677,139,19,3,838,0,5,6,5,16,677,144,25,8,854,0,0,0,854
07/10/2021,SFO,CA,AWP,WE,Towers with Radar,643,122,20,0,785,0,5,2,10,17,643,127,22,10,802,0,0,0,802
07/11/2021,SFO,CA,AWP,WE,Towers with Radar,664,135,26,0,825,0,5,3,2,10,664,140,29,2,835,0,0,0,835
07/12/2021,SFO,CA,AWP,WE,Towers with Radar,668,117,27,0,812,0,0,0,8,8,668,117,27,8,820,0,0,0,820
07/13/2021,SFO,CA,AWP,WE,Towers with Radar,640,109,8,2,759,0,2,0,8,10,640,111,8,10,769,0,0,0,769
07/14/2021,SFO,CA,AWP,WE,Towers with Radar,637,136,27,2,802,0,1,0,11,12,637,137,27,13,814,0,0,0,814
07/15/2021,SFO,CA,AWP,WE,Towers with Radar,687,135,17,1,840,0,2,2,11,15,687,137,19,12,855,0,0,0,855
07/16/2021,SFO,CA,AWP,WE,Towers with Radar,686,137,21,0,844,0,2,0,10,12,686,139,21,10,856,0,0,0,856
07/17/2021,SFO,CA,AWP,WE,Towers with Radar,628,130,17,0,775,0,0,1,2,3,628,130,18,2,778,0,0,0,778
07/18/2021,SFO,CA,AWP,WE,Towers with Radar,681,114,22,2,819,0,4,0,5,9,681,118,22,7,828,0,0,0,828
07/19/2021,SFO,CA,AWP,WE,Towers with Radar,675,108,21,1,805,0,5,4,11,20,675,113,25,12,825,0,0,0,825
07/20/2021,SFO,CA,AWP,WE,Towers with Radar,647,128,15,9,799,0,8,2,10,20,647,136,17,19,819,0,0,0,819
07/21/2021,SFO,CA,AWP,WE,Towers with Radar,632,132,11,2,777,0,7,0,11,18,632,139,11,13,795,0,0,0,795
07/22/2021,SFO,CA,AWP,WE,Towers with Radar,706,134,13,1,854,0,3,0,11,14,706,137,13,12,868,0,0,0,868
07/23/2021,SFO,CA,AWP,WE,Towers with Radar,685,115,30,1,831,0,12,3,4,19,685,127,33,5,850,0,0,0,850
07/24/2021,SFO,CA,AWP,WE,Towers with Radar,629,111,26,0,766,0,2,0,6,8,629,113,26,6,774,0,0,0,774
07/25/2021,SFO,CA,AWP,WE,Towers with Radar,679,125,26,1,831,0,3,1,3,7,679,128,27,4,838,0,0,0,838
07/26/2021,SFO,CA,AWP,WE,Towers with Radar,675,121,18,2,816,0,5,1,10,16,675,126,19,12,832,0,0,0,832
07/27/2021,SFO,CA,AWP,WE,Towers with Radar,659,107,15,0,781,0,1,0,11,12,659,108,15,11,793,0,0,0,793
07/28/2021,SFO,CA,AWP,WE,Towers with Radar,658,116,19,2,795,0,6,0,13,19,658,122,19,15,814,0,0,0,814
07/29/2021,SFO,CA,AWP,WE,Towers with Radar,698,156,21,2,877,0,6,1,11,18,698,162,22,13,895,0,0,0,895
07/30/2021,SFO,CA,AWP,WE,Towers with Radar,683,124,18,0,825,0,8,0,6,14,683,132,18,6,839,0,0,0,839
07/31/2021,SFO,CA,AWP,WE,Towers with Radar,626,120,12,0,758,0,4,0,2,6,626,124,12,2,764,0,0,0,764
08/01/2021,SFO,CA,AWP,WE,Towers with Radar,690,149,13,0,852,0,7,3,3,13,690,156,16,3,865,0,0,0,865
08/02/2021,SFO,CA,AWP,WE,Towers with Radar,681,121,19,0,821,0,7,0,10,17,681,128,19,10,838,0,0,0,838
08/03/2021,SFO,CA,AWP,WE,Towers with Radar,657,133,18,1,809,0,4,1,6,11,657,137,19,7,820,0,0,0,820
08/04/2021,SFO,CA,AWP,WE,Towers with Radar,658,126,23,0,807,0,2,0,4,6,658,128,23,4,813,0,0,0,813
08/05/2021,SFO,CA,AWP,WE,Towers with Radar,699,131,17,0,847,0,0,0,13,13,699,131,17,13,860,0,0,0,860
08/06/2021,SFO,CA,AWP,WE,Towers with Radar,704,137,28,1,870,0,1,0,5,6,704,138,28,6,876,0,0,0,876
08/07/2021,SFO,CA,AWP,WE,Towers with Radar,652,121,14,0,787,0,1,1,2,4,652,122,15,2,791,0,0,0,791
08/08/2021,SFO,CA,AWP,WE,Towers with Radar,679,134,24,0,837,0,7,6,6,19,679,141,30,6,856,0,0,0,856
08/09/2021,SFO,CA,AWP,WE,Towers with Radar,701,121,23,1,846,0,10,4,13,27,701,131,27,14,873,0,0,0,873
08/10/2021,SFO,CA,AWP,WE,Towers with Radar,656,118,17,1,792,0,4,2,11,17,656,122,19,12,809,0,0,0,809
08/11/2021,SFO,CA,AWP,WE,Towers with Radar,675,128,21,1,825,0,6,17,15,38,675,134,38,16,863,0,0,0,863
08/12/2021,SFO,CA,AWP,WE,Towers with Radar,716,132,21,0,869,0,5,0,11,16,716,137,21,11,885,0,0,0,885
08/13/2021,SFO,CA,AWP,WE,Towers with Radar,704,139,27,0,870,0,4,3,8,15,704,143,30,8,885,0,0,0,885
08/14/2021,SFO,CA,AWP,WE,Towers with Radar,651,115,12,0,778,0,5,2,10,17,651,120,14,10,795,0,0,0,795
08/15/2021,SFO,CA,AWP,WE,Towers with Radar,682,157,25,1,865,0,1,0,5,6,682,158,25,6,871,0,0,0,871
08/16/2021,SFO,CA,AWP,WE,Towers with Radar,699,153,20,2,874,0,2,0,11,13,699,155,20,13,887,0,0,0,887
08/17/2021,SFO,CA,AWP,WE,Towers with Radar,654,138,15,1,808,0,3,2,13,18,654,141,17,14,826,0,0,0,826
08/18/2021,SFO,CA,AWP,WE,Towers with Radar,643,142,19,0,804,0,4,0,11,15,643,146,19,11,819,0,0,0,819
08/19/2021,SFO,CA,AWP,WE,Towers with Radar,713,131,22,0,866,0,1,0,10,11,713,132,22,10,877,0,0,0,877
08/20/2021,SFO,CA,AWP,WE,Towers with Radar,699,139,18,0,856,0,4,0,4,8,699,143,18,4,864,0,0,0,864
08/21/2021,SFO,CA,AWP,WE,Towers with Radar,636,114,11,1,762,0,1,2,10,13,636,115,13,11,775,0,0,0,775
08/22/2021,SFO,CA,AWP,WE,Towers with Radar,683,134,13,4,834,0,6,0,6,12,683,140,13,10,846,0,0,0,846
08/23/2021,SFO,CA,AWP,WE,Towers with Radar,677,116,15,0,808,0,1,0,16,17,677,117,15,16,825,0,0,0,825
08/24/2021,SFO,CA,AWP,WE,Towers with Radar,641,135,19,0,795,0,8,3,7,18,641,143,22,7,813,0,0,0,813
08/25/2021,SFO,CA,AWP,WE,Towers with Radar,657,122,22,5,806,0,0,2,7,9,657,122,24,12,815,0,0,0,815
08/26/2021,SFO,CA,AWP,WE,Towers with Radar,712,131,23,0,866,0,2,0,7,9,712,133,23,7,875,0,0,0,875
08/27/2021,SFO,CA,AWP,WE,Towers with Radar,707,148,18,1,874,0,1,3,6,10,707,149,21,7,884,0,0,0,884
08/28/2021,SFO,CA,AWP,WE,Towers with Radar,636,120,19,1,776,0,9,0,9,18,636,129,19,10,794,0,0,0,794
08/29/2021,SFO,CA,AWP,WE,Towers with Radar,683,132,16,2,833,0,5,1,3,9,683,137,17,5,842,0,0,0,842
08/30/2021,SFO,CA,AWP,WE,Towers with Radar,683,119,15,0,817,0,1,0,10,11,683,120,15,10,828,0,0,0,828
08/31/2021,SFO,CA,AWP,WE,Towers with Radar,658,113,7,0,778,0,3,1,10,14,658,116,8,10,792,0,0,0,792
09/01/2021,SFO,CA,AWP,WE,Towers with Radar,656,111,18,0,785,0,9,0,14,23,656,120,18,14,808,0,0,0,808
09/02/2021,SFO,CA,AWP,WE,Towers with Radar,715,133,16,0,864,0,4,0,7,11,715,137,16,7,875,0,0,0,875
09/03/2021,SFO,CA,AWP,WE,Towers with Radar,711,144,16,0,871,0,1,2,4,7,711,145,18,4,878,0,0,0,878
09/04/2021,SFO,CA,AWP,WE,Towers with Radar,627,111,20,0,758,0,1,0,3,4,627,112,20,3,762,0,0,0,762
09/05/2021,SFO,CA,AWP,WE,Towers with Radar,662,103,27,1,793,0,2,0,5,7,662,105,27,6,800,0,0,0,800
09/06/2021,SFO,CA,AWP,WE,Towers with Radar,679,132,31,0,842,0,2,3,6,11,679,134,34,6,853,0,0,0,853
09/07/2021,SFO,CA,AWP,WE,Towers with Radar,649,127,22,0,798,0,3,3,7,13,649,130,25,7,811,0,0,0,811
09/08/2021,SFO,CA,AWP,WE,Towers with Radar,670,132,21,0,823,0,11,1,11,23,670,143,22,11,846,0,0,0,846
09/09/2021,SFO,CA,AWP,WE,Towers with Radar,732,143,34,0,909,0,0,0,11,11,732,143,34,11,920,0,0,0,920
09/10/2021,SFO,CA,AWP,WE,Towers with Radar,757,150,23,0,930,0,5,5,6,16,757,155,28,6,946,0,0,0,946
09/11/2021,SFO,CA,AWP,WE,Towers with Radar,660,108,13,0,781,0,3,3,4,10,660,111,16,4,791,0,0,0,791
09/12/2021,SFO,CA,AWP,WE,Towers with Radar,732,147,26,0,905,0,7,1,5,13,732,154,27,5,918,0,0,0,918
09/13/2021,SFO,CA,AWP,WE,Towers with Radar,720,126,21,1,868,0,5,0,9,14,720,131,21,10,882,0,0,0,882
09/14/2021,SFO,CA,AWP,WE,Towers with Radar,675,135,29,1,840,0,4,2,13,19,675,139,31,14,859,0,0,0,859
09/15/2021,SFO,CA,AWP,WE,Towers with Radar,679,135,15,1,830,0,3,0,11,14,679,138,15,12,844,0,0,0,844
09/16/2021,SFO,CA,AWP,WE,Towers with Radar,742,133,29,0,904,0,5,3,8,16,742,138,32,8,920,0,0,0,920
09/17/2021,SFO,CA,AWP,WE,Towers with Radar,750,121,31,0,902,0,3,1,3,7,750,124,32,3,909,0,0,0,909
09/18/2021,SFO,CA,AWP,WE,Towers with Radar,663,116,21,1,801,0,3,1,0,4,663,119,22,1,805,0,0,0,805
09/19/2021,SFO,CA,AWP,WE,Towers with Radar,754,151,19,2,926,0,9,6,2,17,754,160,25,4,943,0,0,0,943
09/20/2021,SFO,CA,AWP,WE,Towers with Radar,726,116,22,2,866,0,7,2,11,20,726,123,24,13,886,0,0,0,886
09/21/2021,SFO,CA,AWP,WE,Towers with Radar,666,115,20,1,802,0,6,1,6,13,666,121,21,7,815,0,0,0,815
09/22/2021,SFO,CA,AWP,WE,Towers with Radar,678,127,16,0,821,0,4,0,13,17,678,131,16,13,838,0,0,0,838
09/23/2021,SFO,CA,AWP,WE,Towers with Radar,738,153,21,0,912,0,0,6,15,21,738,153,27,15,933,0,0,0,933
09/24/2021,SFO,CA,AWP,WE,Towers with Radar,756,133,19,1,909,0,7,1,8,16,756,140,20,9,925,0,0,0,925
09/25/2021,SFO,CA,AWP,WE,Towers with Radar,670,124,15,1,810,0,0,0,2,2,670,124,15,3,812,0,0,0,812
09/26/2021,SFO,CA,AWP,WE,Towers with Radar,739,147,45,1,932,0,1,3,4,8,739,148,48,5,940,0,0,0,940
09/27/2021,SFO,CA,AWP,WE,Towers with Radar,721,140,21,1,883,0,3,0,5,8,721,143,21,6,891,0,0,0,891
09/28/2021,SFO,CA,AWP,WE,Towers with Radar,652,137,22,0,811,0,3,0,9,12,652,140,22,9,823,0,0,0,823
09/29/2021,SFO,CA,AWP,WE,Towers with Radar,676,125,20,1,822,0,0,4,7,11,676,125,24,8,833,0,0,0,833
09/30/2021,SFO,CA,AWP,WE,Towers with Radar,749,153,21,0,923,0,5,0,12,17,749,158,21,12,940,0,0,0,940
10/01/2021,SFO,CA,AWP,WE,Towers with Radar,756,127,17,0,900,0,4,2,6,12,756,131,19,6,912,0,0,0,912
10/02/2021,SFO,CA,AWP,WE,Towers with Radar,667,128,10,0,805,0,6,2,5,13,667,134,12,5,818,0,0,0,818
10/03/2021,SFO,CA,AWP,WE,Towers with Radar,756,142,23,0,921,0,0,0,4,4,756,142,23,4,925,0,0,0,925
10/04/2021,SFO,CA,AWP,WE,Towers with Radar,734,130,21,0,885,0,0,4,13,17,734,130,25,13,902,0,0,0,902
10/05/2021,SFO,CA,AWP,WE,Towers with Radar,677,119,18,0,814,0,2,0,4,6,677,121,18,4,820,0,0,0,820
10/06/2021,SFO,CA,AWP,WE,Towers with Radar,687,115,28,0,830,0,5,2,9,16,687,120,30,9,846,0,0,0,846
10/07/2021,SFO,CA,AWP,WE,Towers with Radar,757,141,31,0,929,0,3,0,8,11,757,144,31,8,940,0,0,0,940
10/08/2021,SFO,CA,AWP,WE,Towers with Radar,752,151,29,2,934,0,6,0,12,18,752,157,29,14,952,0,0,0,952
10/09/2021,SFO,CA,AWP,WE,Towers with Radar,702,127,28,0,857,0,6,4,7,17,702,133,32,7,874,0,0,0,874
10/10/2021,SFO,CA,AWP,WE,Towers with Radar,731,140,25,4,900,0,12,0,7,19,731,152,25,11,919,0,0,0,919
10/11/2021,SFO,CA,AWP,WE,Towers with Radar,724,135,32,1,892,0,4,2,2,8,724,139,34,3,900,0,0,0,900
10/12/2021,SFO,CA,AWP,WE,Towers with Radar,705,135,17,0,857,0,2,2,7,11,705,137,19,7,868,0,0,0,868
10/13/2021,SFO,CA,AWP,WE,Towers with Radar,717,116,22,2,857,0,4,2,10,16,717,120,24,12,873,0,0,0,873
10/14/2021,SFO,CA,AWP,WE,Towers with Radar,762,135,35,1,933,0,5,5,10,20,762,140,40,11,953,0,0,0,953
10/15/2021,SFO,CA,AWP,WE,Towers with Radar,758,156,34,0,948,0,6,2,6,14,758,162,36,6,962,0,0,0,962
10/16/2021,SFO,CA,AWP,WE,Towers with Radar,706,111,23,0,840,0,2,6,4,12,706,113,29,4,852,0,0,0,852
10/17/2021,SFO,CA,AWP,WE,Towers with Radar,767,138,20,0,925,0,5,0,3,8,767,143,20,3,933,0,0,0,933
10/18/2021,SFO,CA,AWP,WE,Towers with Radar,747,136,20,0,903,0,2,2,9,13,747,138,22,9,916,0,0,0,916
10/19/2021,SFO,CA,AWP,WE,Towers with Radar,696,125,34,0,855,0,0,0,6,6,696,125,34,6,861,0,0,0,861
10/20/2021,SFO,CA,AWP,WE,Towers with Radar,719,138,30,2,889,0,0,0,10,10,719,138,30,12,899,0,0,0,899
10/21/2021,SFO,CA,AWP,WE,Towers with Radar,689,102,42,2,835,0,0,0,5,5,689,102,42,7,840,0,0,0,840
10/22/2021,SFO,CA,AWP,WE,Towers with Radar,707,116,26,0,849,0,0,2,8,10,707,116,28,8,859,0,0,0,859
10/23/2021,SFO,CA,AWP,WE,Towers with Radar,696,109,24,2,831,0,4,0,2,6,696,113,24,4,837,0,0,0,837
10/24/2021,SFO,CA,AWP,WE,Towers with Radar,704,77,19,0,800,0,0,0,4,4,704,77,19,4,804,0,0,0,804
10/25/2021,SFO,CA,AWP,WE,Towers with Radar,747,144,23,0,914,0,5,2,10,17,747,149,25,10,931,0,0,0,931
10/26/2021,SFO,CA,AWP,WE,Towers with Radar,699,112,26,0,837,0,1,0,10,11,699,113,26,10,848,0,0,0,848
10/27/2021,SFO,CA,AWP,WE,Towers with Radar,719,130,22,0,871,0,6,10,9,25,719,136,32,9,896,0,0,0,896
10/28/2021,SFO,CA,AWP,WE,Towers with Radar,762,136,27,1,926,0,3,0,8,11,762,139,27,9,937,0,0,0,937
10/29/2021,SFO,CA,AWP,WE,Towers with Radar,756,126,20,0,902,0,4,14,2,20,756,130,34,2,922,0,0,0,922
10/30/2021,SFO,CA,AWP,WE,Towers with Radar,678,114,16,1,809,0,5,0,2,7,678,119,16,3,816,0,0,0,816
10/31/2021,SFO,CA,AWP,WE,Towers with Radar,674,128,18,1,821,0,2,0,5,7,674,130,18,6,828,0,0,0,828
11/01/2021,SFO,CA,AWP,WE,Towers with Radar,726,135,24,2,887,0,2,2,5,9,726,137,26,7,896,0,0,0,896
11/02/2021,SFO,CA,AWP,WE,Towers with Radar,696,134,15,0,845,0,4,1,15,20,696,138,16,15,865,0,0,0,865
11/03/2021,SFO,CA,AWP,WE,Towers with Radar,742,137,21,1,901,0,7,5,6,18,742,144,26,7,919,0,0,0,919
11/04/2021,SFO,CA,AWP,WE,Towers with Radar,758,150,24,0,932,0,2,0,6,8,758,152,24,6,940,0,0,0,940
11/05/2021,SFO,CA,AWP,WE,Towers with Radar,746,144,28,0,918,0,0,2,5,7,746,144,30,5,925,0,0,0,925
11/06/2021,SFO,CA,AWP,WE,Towers with Radar,689,138,7,1,835,0,7,7,5,19,689,145,14,6,854,0,0,0,854
11/07/2021,SFO,CA,AWP,WE,Towers with Radar,723,153,29,1,906,0,6,2,4,12,723,159,31,5,918,0,0,0,918
11/08/2021,SFO,CA,AWP,WE,Towers with Radar,729,126,17,0,872,0,2,1,5,8,729,128,18,5,880,0,0,0,880
11/09/2021,SFO,CA,AWP,WE,Towers with Radar,678,127,21,0,826,0,0,0,10,10,678,127,21,10,836,0,0,0,836
11/10/2021,SFO,CA,AWP,WE,Towers with Radar,679,129,18,0,826,0,2,6,12,20,679,131,24,12,846,0,0,0,846
11/11/2021,SFO,CA,AWP,WE,Towers with Radar,734,137,19,2,892,0,2,0,5,7,734,139,19,7,899,0,0,0,899
11/12/2021,SFO,CA,AWP,WE,Towers with Radar,747,166,18,1,932,0,4,3,2,9,747,170,21,3,941,0,0,0,941
11/13/2021,SFO,CA,AWP,WE,Towers with Radar,673,117,24,2,816,0,4,1,3,8,673,121,25,5,824,0,0,0,824
11/14/2021,SFO,CA,AWP,WE,Towers with Radar,725,156,16,1,898,0,3,3,8,14,725,159,19,9,912,0,0,0,912
11/15/2021,SFO,CA,AWP,WE,Towers with Radar,742,156,23,0,921,0,0,4,8,12,742,156,27,8,933,0,0,0,933
11/16/2021,SFO,CA,AWP,WE,Towers with Radar,680,137,26,0,843,0,4,16,10,30,680,141,42,10,873,0,0,0,873
11/17/2021,SFO,CA,AWP,WE,Towers with Radar,704,163,35,0,902,0,1,1,10,12,704,164,36,10,914,0,0,0,914
11/18/2021,SFO,CA,AWP,WE,Towers with Radar,733,143,35,0,911,0,3,1,11,15,733,146,36,11,926,0,0,0,926
11/19/2021,SFO,CA,AWP,WE,Towers with Radar,732,166,21,3,922,0,0,4,4,8,732,166,25,7,930,0,0,0,930
11/20/2021,SFO,CA,AWP,WE,Towers with Radar,713,149,27,3,892,0,2,5,5,12,713,151,32,8,904,0,0,0,904
11/21/2021,SFO,CA,AWP,WE,Towers with Radar,711,145,20,0,876,0,6,3,2,11,711,151,23,2,887,0,0,0,887
11/22/2021,SFO,CA,AWP,WE,Towers with Radar,724,132,10,0,866,0,8,0,7,15,724,140,10,7,881,0,0,0,881
11/23/2021,SFO,CA,AWP,WE,Towers with Radar,726,133,22,0,881,0,1,5,14,20,726,134,27,14,901,0,0,0,901
11/24/2021,SFO,CA,AWP,WE,Towers with Radar,762,140,23,0,925,0,5,0,5,10,762,145,23,5,935,0,0,0,935
11/25/2021,SFO,CA,AWP,WE,Towers with Radar,545,93,9,0,647,0,0,0,0,0,545,93,9,0,647,0,0,0,647
11/26/2021,SFO,CA,AWP,WE,Towers with Radar,650,122,24,0,796,0,4,3,5,12,650,126,27,5,808,0,0,0,808
11/27/2021,SFO,CA,AWP,WE,Towers with Radar,738,160,22,1,921,0,1,1,2,4,738,161,23,3,925,0,0,0,925
11/28/2021,SFO,CA,AWP,WE,Towers with Radar,763,170,41,3,977,0,2,2,4,8,763,172,43,7,985,0,0,0,985
11/29/2021,SFO,CA,AWP,WE,Towers with Radar,736,126,31,1,894,0,1,2,10,13,736,127,33,11,907,0,0,0,907
11/30/2021,SFO,CA,AWP,WE,Towers with Radar,697,139,30,0,866,0,4,18,8,30,697,143,48,8,896,0,0,0,896
12/01/2021,SFO,CA,AWP,WE,Towers with Radar,714,133,16,0,863,0,0,0,12,12,714,133,16,12,875,0,0,0,875
12/02/2021,SFO,CA,AWP,WE,Towers with Radar,734,131,25,0,890,0,1,11,10,22,734,132,36,10,912,0,0,0,912
12/03/2021,SFO,CA,AWP,WE,Towers with Radar,739,146,30,2,917,0,0,0,5,5,739,146,30,7,922,0,0,0,922
12/04/2021,SFO,CA,AWP,WE,Towers with Radar,662,106,18,0,786,0,0,0,3,3,662,106,18,3,789,0,0,0,789
12/05/2021,SFO,CA,AWP,WE,Towers with Radar,715,162,14,0,891,0,10,0,2,12,715,172,14,2,903,0,0,0,903
12/06/2021,SFO,CA,AWP,WE,Towers with Radar,705,128,19,2,854,0,1,0,1,2,705,129,19,3,856,0,0,0,856
12/07/2021,SFO,CA,AWP,WE,Towers with Radar,667,134,29,1,831,0,0,0,8,8,667,134,29,9,839,0,0,0,839
12/08/2021,SFO,CA,AWP,WE,Towers with Radar,677,132,28,1,838,0,0,0,5,5,677,132,28,6,843,0,0,0,843
12/09/2021,SFO,CA,AWP,WE,Towers with Radar,718,139,24,0,881,0,0,2,14,16,718,139,26,14,897,0,0,0,897
12/10/2021,SFO,CA,AWP,WE,Towers with Radar,734,136,27,2,899,0,3,0,4,7,734,139,27,6,906,0,0,0,906
12/11/2021,SFO,CA,AWP,WE,Towers with Radar,662,126,15,0,803,0,2,4,2,8,662,128,19,2,811,0,0,0,811
12/12/2021,SFO,CA,AWP,WE,Towers with Radar,701,115,12,1,829,0,0,0,4,4,701,115,12,5,833,0,0,0,833
12/13/2021,SFO,CA,AWP,WE,Towers with Radar,717,105,17,1,840,0,0,0,3,3,717,105,17,4,843,0,0,0,843
12/14/2021,SFO,CA,AWP,WE,Towers with Radar,650,132,25,0,807,0,4,2,13,19,650,136,27,13,826,0,0,0,826
12/15/2021,SFO,CA,AWP,WE,Towers with Radar,658,114,27,0,799,0,2,0,8,10,658,116,27,8,809,0,0,0,809
12/16/2021,SFO,CA,AWP,WE,Towers with Radar,783,159,26,2,970,0,0,1,13,14,783,159,27,15,984,0,0,0,984
12/17/2021,SFO,CA,AWP,WE,Towers with Radar,787,157,36,1,981,0,1,2,2,5,787,158,38,3,986,0,0,0,986
12/18/2021,SFO,CA,AWP,WE,Towers with Radar,741,141,33,0,915,0,1,2,8,11,741,142,35,8,926,0,0,0,926
12/19/2021,SFO,CA,AWP,WE,Towers with Radar,762,132,17,0,911,0,2,0,2,4,762,134,17,2,915,0,0,0,915
12/20/2021,SFO,CA,AWP,WE,Towers with Radar,757,129,21,0,907,0,0,0,6,6,757,129,21,6,913,0,0,0,913
12/21/2021,SFO,CA,AWP,WE,Towers with Radar,757,120,24,0,901,0,0,0,2,2,757,120,24,2,903,0,0,0,903
12/22/2021,SFO,CA,AWP,WE,Towers with Radar,746,125,26,0,897,0,0,0,0,0,746,125,26,0,897,0,0,0,897
12/23/2021,SFO,CA,AWP,WE,Towers with Radar,771,112,22,0,905,0,0,0,0,0,771,112,22,0,905,0,0,0,905
12/24/2021,SFO,CA,AWP,WE,Towers with Radar,688,88,13,0,789,0,1,0,5,6,688,89,13,5,795,0,0,0,795
12/25/2021,SFO,CA,AWP,WE,Towers with Radar,631,116,7,1,755,0,0,0,0,0,631,116,7,1,755,0,0,0,755
12/26/2021,SFO,CA,AWP,WE,Towers with Radar,684,118,35,1,838,0,0,0,4,4,684,118,35,5,842,0,0,0,842
12/27/2021,SFO,CA,AWP,WE,Towers with Radar,681,114,18,1,814,0,4,0,2,6,681,118,18,3,820,0,0,0,820
12/28/2021,SFO,CA,AWP,WE,Towers with Radar,701,115,9,1,826,0,1,0,4,5,701,116,9,5,831,0,0,0,831
12/29/2021,SFO,CA,AWP,WE,Towers with Radar,712,104,13,0,829,0,0,0,4,4,712,104,13,4,833,0,0,0,833
12/30/2021,SFO,CA,AWP,WE,Towers with Radar,742,109,7,0,858,0,1,0,10,11,742,110,7,10,869,0,0,0,869
12/31/2021,SFO,CA,AWP,WE,Towers with Radar,677,70,15,0,762,0,2,0,7,9,677,72,15,7,771,0,0,0,771
01/01/2022,SFO,CA,AWP,WE,Towers with Radar,633,126,21,0,780,0,4,1,5,10,633,130,22,5,790,0,0,0,790
01/02/2022,SFO,CA,AWP,WE,Towers with Radar,713,124,36,1,874,0,2,1,4,7,713,126,37,5,881,0,0,0,881
01/03/2022,SFO,CA,AWP,WE,Towers with Radar,728,112,28,1,869,0,0,2,4,6,728,112,30,5,875,0,0,0,875
01/04/2022,SFO,CA,AWP,WE,Towers with Radar,717,119,17,0,853,0,0,0,0,0,717,119,17,0,853,0,0,0,853
01/05/2022,SFO,CA,AWP,WE,Towers with Radar,653,121,23,0,797,0,0,0,12,12,653,121,23,12,809,0,0,0,809
01/06/2022,SFO,CA,AWP,WE,Towers with Radar,680,100,26,0,806,0,0,0,10,10,680,100,26,10,816,0,0,0,816
01/07/2022,SFO,CA,AWP,WE,Towers with Radar,663,122,10,0,795,0,0,0,2,2,663,122,10,2,797,0,0,0,797
01/08/2022,SFO,CA,AWP,WE,Towers with Radar,679,118,13,0,810,0,1,2,3,6,679,119,15,3,816,0,0,0,816
01/09/2022,SFO,CA,AWP,WE,Towers with Radar,699,136,27,0,862,0,0,2,4,6,699,136,29,4,868,0,0,0,868
01/10/2022,SFO,CA,AWP,WE,Towers with Radar,710,106,33,0,849,0,4,4,11,19,710,110,37,11,868,0,0,0,868
01/11/2022,SFO,CA,AWP,WE,Towers with Radar,671,114,24,0,809,0,2,0,10,12,671,116,24,10,821,0,0,0,821
01/12/2022,SFO,CA,AWP,WE,Towers with Radar,681,126,31,1,839,0,1,13,11,25,681,127,44,12,864,0,0,0,864
01/13/2022,SFO,CA,AWP,WE,Towers with Radar,706,133,28,4,871,0,0,4,9,13,706,133,32,13,884,0,0,0,884
01/14/2022,SFO,CA,AWP,WE,Towers with Radar,705,131,30,2,868,0,1,0,7,8,705,132,30,9,876,0,0,0,876
01/15/2022,SFO,CA,AWP,WE,Towers with Radar,658,121,7,0,786,0,4,2,4,10,658,125,9,4,796,0,0,0,796
01/16/2022,SFO,CA,AWP,WE,Towers with Radar,660,114,13,2,789,0,3,0,5,8,660,117,13,7,797,0,0,0,797
01/17/2022,SFO,CA,AWP,WE,Towers with Radar,683,148,29,1,861,0,1,0,3,4,683,149,29,4,865,0,0,0,865
01/18/2022,SFO,CA,AWP,WE,Towers with Radar,636,124,22,0,782,0,2,2,4,8,636,126,24,4,790,0,0,0,790
01/19/2022,SFO,CA,AWP,WE,Towers with Radar,642,110,14,0,766,0,0,2,8,10,642,110,16,8,776,0,0,0,776
01/20/2022,SFO,CA,AWP,WE,Towers with Radar,730,93,10,1,834,0,2,2,8,12,730,95,12,9,846,0,0,0,846
01/21/2022,SFO,CA,AWP,WE,Towers with Radar,726,111,9,1,847,0,4,0,6,10,726,115,9,7,857,0,0,0,857
01/22/2022,SFO,CA,AWP,WE,Towers with Radar,659,111,7,1,778,0,2,0,6,8,659,113,7,7,786,0,0,0,786
01/23/2022,SFO,CA,AWP,WE,Towers with Radar,692,128,21,0,841,0,1,0,1,2,692,129,21,1,843,0,0,0,843
01/24/2022,SFO,CA,AWP,WE,Towers with Radar,709,119,17,0,845,0,2,1,9,12,709,121,18,9,857,0,0,0,857
01/25/2022,SFO,CA,AWP,WE,Towers with Radar,614,121,14,0,749,0,2,0,8,10,614,123,14,8,759,0,0,0,759
01/26/2022,SFO,CA,AWP,WE,Towers with Radar,651,127,15,0,793,0,0,0,20,20,651,127,15,20,813,0,0,0,813
01/27/2022,SFO,CA,AWP,WE,Towers with Radar,715,131,19,1,866,0,3,0,11,14,715,134,19,12,880,0,0,0,880
01/28/2022,SFO,CA,AWP,WE,Towers with Radar,695,128,21,0,844,0,2,0,8,10,695,130,21,8,854,0,0,0,854
01/29/2022,SFO,CA,AWP,WE,Towers with Radar,594,104,10,1,709,0,4,0,2,6,594,108,10,3,715,0,0,0,715
01/30/2022,SFO,CA,AWP,WE,Towers with Radar,668,160,26,1,855,0,2,1,2,5,668,162,27,3,860,0,0,0,860
01/31/2022,SFO,CA,AWP,WE,Towers with Radar,694,123,23,0,840,0,0,0,9,9,694,123,23,9,849,0,0,0,849
02/01/2022,SFO,CA,AWP,WE,Towers with Radar,651,131,16,0,798,0,1,2,9,12,651,132,18,9,810,0,0,0,810
02/02/2022,SFO,CA,AWP,WE,Towers with Radar,650,127,16,0,793,0,4,2,10,16,650,131,18,10,809,0,0,0,809
02/03/2022,SFO,CA,AWP,WE,Towers with Radar,664,118,22,0,804,0,1,0,10,11,664,119,22,10,815,0,0,0,815
02/04/2022,SFO,CA,AWP,WE,Towers with Radar,683,104,22,0,809,0,5,0,4,9,683,109,22,4,818,0,0,0,818
02/05/2022,SFO,CA,AWP,WE,Towers with Radar,641,127,19,1,788,0,7,7,4,18,641,134,26,5,806,0,0,0,806
02/06/2022,SFO,CA,AWP,WE,Towers with Radar,682,138,17,0,837,0,4,7,2,13,682,142,24,2,850,0,0,0,850
02/07/2022,SFO,CA,AWP,WE,Towers with Radar,699,112,19,0,830,0,3,1,9,13,699,115,20,9,843,0,0,0,843
02/08/2022,SFO,CA,AWP,WE,Towers with Radar,653,97,22,0,772,0,3,0,14,17,653,100,22,14,789,0,0,0,789
02/09/2022,SFO,CA,AWP,WE,Towers with Radar,670,117,22,0,809,0,3,0,15,18,670,120,22,15,827,0,0,0,827
02/10/2022,SFO,CA,AWP,WE,Towers with Radar,717,124,25,0,866,0,1,0,15,16,717,125,25,15,882,0,0,0,882
02/11/2022,SFO,CA,AWP,WE,Towers with Radar,768,116,35,0,919,0,5,5,5,15,768,121,40,5,934,0,0,0,934
02/12/2022,SFO,CA,AWP,WE,Towers with Radar,720,113,15,0,848,0,5,1,9,15,720,118,16,9,863,0,0,0,863
02/13/2022,SFO,CA,AWP,WE,Towers with Radar,729,126,22,0,877,0,5,3,2,10,729,131,25,2,887,0,0,0,887
02/14/2022,SFO,CA,AWP,WE,Towers with Radar,751,128,20,2,901,0,2,0,8,10,751,130,20,10,911,0,0,0,911
02/15/2022,SFO,CA,AWP,WE,Towers with Radar,688,127,23,0,838,0,0,1,7,8,688,127,24,7,846,0,0,0,846
02/16/2022,SFO,CA,AWP,WE,Towers with Radar,721,134,19,0,874,0,1,0,8,9,721,135,19,8,883,0,0,0,883
02/17/2022,SFO,CA,AWP,WE,Towers with Radar,747,140,24,0,911,0,7,4,9,20,747,147,28,9,931,0,0,0,931
02/18/2022,SFO,CA,AWP,WE,Towers with Radar,786,156,36,0,978,0,4,2,2,8,786,160,38,2,986,0,0,0,986
02/19/2022,SFO,CA,AWP,WE,Towers with Radar,731,141,14,0,886,0,3,1,3,7,731,144,15,3,893,0,0,0,893
02/20/2022,SFO,CA,AWP,WE,Towers with Radar,732,116,14,0,862,0,0,0,12,12,732,116,14,12,874,0,0,0,874
02/21/2022,SFO,CA,AWP,WE,Towers with Radar,749,117,24,0,890,0,0,0,2,2,749,117,24,2,892,0,0,0,892
02/22/2022,SFO,CA,AWP,WE,Towers with Radar,717,128,17,0,862,0,0,0,12,12,717,128,17,12,874,0,0,0,874
02/23/2022,SFO,CA,AWP,WE,Towers with Radar,730,128,19,1,878,0,2,1,13,16,730,130,20,14,894,0,0,0,894
02/24/2022,SFO,CA,AWP,WE,Towers with Radar,724,121,14,1,860,0,7,0,12,19,724,128,14,13,879,0,0,0,879
02/25/2022,SFO,CA,AWP,WE,Towers with Radar,767,127,16,2,912,0,7,2,6,15,767,134,18,8,927,0,0,0,927
02/26/2022,SFO,CA,AWP,WE,Towers with Radar,734,140,15,1,890,0,2,0,2,4,734,142,15,3,894,0,0,0,894
02/27/2022,SFO,CA,AWP,WE,Towers with Radar,764,156,25,1,946,0,5,2,5,12,764,161,27,6,958,0,0,0,958
02/28/2022,SFO,CA,AWP,WE,Towers with Radar,767,119,20,0,906,0,2,17,4,23,767,121,37,4,929,0,0,0,929
03/01/2022,SFO,CA,AWP,WE,Towers with Radar,711,119,30,3,863,0,3,14,14,31,711,122,44,17,894,0,0,0,894
03/02/2022,SFO,CA,AWP,WE,Towers with Radar,777,127,26,2,932,0,2,11,6,19,777,129,37,8,951,0,0,0,951
03/03/2022,SFO,CA,AWP,WE,Towers with Radar,757,124,35,1,917,0,0,0,8,8,757,124,35,9,925,0,0,0,925
03/04/2022,SFO,CA,AWP,WE,Towers with Radar,747,129,33,2,911,0,0,0,9,9,747,129,33,11,920,0,0,0,920
03/05/2022,SFO,CA,AWP,WE,Towers with Radar,696,109,23,1,829,0,2,0,11,13,696,111,23,12,842,0,0,0,842
03/06/2022,SFO,CA,AWP,WE,Towers with Radar,733,160,34,1,928,0,0,0,9,9,733,160,34,10,937,0,0,0,937
03/07/2022,SFO,CA,AWP,WE,Towers with Radar,733,147,27,1,908,0,3,0,15,18,733,150,27,16,926,0,0,0,926
03/08/2022,SFO,CA,AWP,WE,Towers with Radar,703,138,41,0,882,0,2,0,18,20,703,140,41,18,902,0,0,0,902
03/09/2022,SFO,CA,AWP,WE,Towers with Radar,708,152,34,0,894,0,5,1,16,22,708,157,35,16,916,0,0,0,916
03/10/2022,SFO,CA,AWP,WE,Towers with Radar,753,145,41,0,939,0,7,5,11,23,753,152,46,11,962,0,0,0,962
03/11/2022,SFO,CA,AWP,WE,Towers with Radar,751,133,31,0,915,0,3,1,3,7,751,136,32,3,922,0,0,0,922
03/12/2022,SFO,CA,AWP,WE,Towers with Radar,699,134,17,0,850,0,0,0,2,2,699,134,17,2,852,0,0,0,852
03/13/2022,SFO,CA,AWP,WE,Towers with Radar,735,142,38,0,915,0,5,0,3,8,735,147,38,3,923,0,0,0,923
03/14/2022,SFO,CA,AWP,WE,Towers with Radar,746,123,24,0,893,0,1,0,12,13,746,124,24,12,906,0,0,0,906
03/15/2022,SFO,CA,AWP,WE,Towers with Radar,727,143,28,1,899,0,2,0,7,9,727,145,28,8,908,0,0,0,908
03/16/2022,SFO,CA,AWP,WE,Towers with Radar,727,144,31,1,903,0,1,1,6,8,727,145,32,7,911,0,0,0,911
03/17/2022,SFO,CA,AWP,WE,Towers with Radar,768,141,23,0,932,0,7,2,8,17,768,148,25,8,949,0,0,0,949
03/18/2022,SFO,CA,AWP,WE,Towers with Radar,761,145,19,2,927,0,7,2,7,16,761,152,21,9,943,0,0,0,943
03/19/2022,SFO,CA,AWP,WE,Towers with Radar,719,121,21,0,861,0,1,1,3,5,719,122,22,3,866,0,0,0,866
03/20/2022,SFO,CA,AWP,WE,Towers with Radar,775,137,35,2,949,0,1,0,4,5,775,138,35,6,954,0,0,0,954
03/21/2022,SFO,CA,AWP,WE,Towers with Radar,746,137,25,0,908,0,1,9,11,21,746,138,34,11,929,0,0,0,929
03/22/2022,SFO,CA,AWP,WE,Towers with Radar,739,131,20,0,890,0,3,9,9,21,739,134,29,9,911,0,0,0,911
03/23/2022,SFO,CA,AWP,WE,Towers with Radar,739,139,23,1,902,0,2,4,10,16,739,141,27,11,918,0,0,0,918
03/24/2022,SFO,CA,AWP,WE,Towers with Radar,770,180,38,1,989,0,4,3,7,14,770,184,41,8,1003,0,0,0,1003
03/25/2022,SFO,CA,AWP,WE,Towers with Radar,779,145,27,3,954,0,4,2,2,8,779,149,29,5,962,0,0,0,962
03/26/2022,SFO,CA,AWP,WE,Towers with Radar,746,128,29,1,904,0,1,1,2,4,746,129,30,3,908,0,0,0,908
03/27/2022,SFO,CA,AWP,WE,Towers with Radar,740,136,27,1,904,0,0,0,4,4,740,136,27,5,908,0,0,0,908
03/28/2022,SFO,CA,AWP,WE,Towers with Radar,796,143,28,0,967,0,0,0,8,8,796,143,28,8,975,0,0,0,975
03/29/2022,SFO,CA,AWP,WE,Towers with Radar,757,129,29,0,915,0,3,0,8,11,757,132,29,8,926,0,0,0,926
03/30/2022,SFO,CA,AWP,WE,Towers with Radar,740,142,36,1,919,0,2,0,14,16,740,144,36,15,935,0,0,0,935
03/31/2022,SFO,CA,AWP,WE,Towers with Radar,768,148,22,0,938,0,2,0,8,10,768,150,22,8,948,0,0,0,948
04/01/2022,SFO,CA,AWP,WE,Towers with Radar,791,132,21,0,944,0,4,4,6,14,791,136,25,6,958,0,0,0,958
04/02/2022,SFO,CA,AWP,WE,Towers with Radar,708,129,16,0,853,0,3,5,6,14,708,132,21,6,867,0,0,0,867
04/03/2022,SFO,CA,AWP,WE,Towers with Radar,789,151,27,0,967,0,4,0,5,9,789,155,27,5,976,0,0,0,976
04/04/2022,SFO,CA,AWP,WE,Towers with Radar,777,149,31,0,957,0,2,0,4,6,777,151,31,4,963,0,0,0,963
04/05/2022,SFO,CA,AWP,WE,Towers with Radar,756,131,30,0,917,0,0,1,14,15,756,131,31,14,932,0,0,0,932
04/06/2022,SFO,CA,AWP,WE,Towers with Radar,758,146,33,0,937,0,5,1,10,16,758,151,34,10,953,0,0,0,953
04/07/2022,SFO,CA,AWP,WE,Towers with Radar,775,157,30,0,962,0,6,4,2,12,775,163,34,2,974,0,0,0,974
04/08/2022,SFO,CA,AWP,WE,Towers with Radar,835,189,35,0,1059,0,4,1,10,15,835,193,36,10,1074,0,0,0,1074
04/09/2022,SFO,CA,AWP,WE,Towers with Radar,743,161,20,4,928,0,5,3,7,15,743,166,23,11,943,0,0,0,943
04/10/2022,SFO,CA,AWP,WE,Towers with Radar,794,174,30,1,999,0,0,2,6,8,794,174,32,7,1007,0,0,0,1007
04/11/2022,SFO,CA,AWP,WE,Towers with Radar,765,151,28,1,945,0,0,0,2,2,765,151,28,3,947,0,0,0,947
04/12/2022,SFO,CA,AWP,WE,Towers with Radar,779,131,38,0,948,0,0,0,12,12,779,131,38,12,960,0,0,0,960
04/13/2022,SFO,CA,AWP,WE,Towers with Radar,765,142,34,2,943,0,3,3,14,20,765,145,37,16,963,0,0,0,963
04/14/2022,SFO,CA,AWP,WE,Towers with Radar,789,149,27,2,967,0,0,0,10,10,789,149,27,12,977,0,0,0,977
04/15/2022,SFO,CA,AWP,WE,Towers with Radar,812,145,27,2,986,0,2,1,3,6,812,147,28,5,992,0,0,0,992
04/16/2022,SFO,CA,AWP,WE,Towers with Radar,757,147,20,1,925,0,3,0,6,9,757,150,20,7,934,0,0,0,934
04/17/2022,SFO,CA,AWP,WE,Towers with Radar,790,159,26,1,976,0,3,0,12,15,790,162,26,13,991,0,0,0,991
04/18/2022,SFO,CA,AWP,WE,Towers with Radar,791,158,27,0,976,0,2,3,5,10,791,160,30,5,986,0,0,0,986
04/19/2022,SFO,CA,AWP,WE,Towers with Radar,773,148,27,1,949,0,0,1,4,5,773,148,28,5,954,0,0,0,954
04/20/2022,SFO,CA,AWP,WE,Towers with Radar,762,140,24,2,928,0,0,7,12,19,762,140,31,14,947,0,0,0,947
04/21/2022,SFO,CA,AWP,WE,Towers with Radar,847,142,27,5,1021,0,0,10,13,23,847,142,37,18,1044,0,0,0,1044
04/22/2022,SFO,CA,AWP,WE,Towers with Radar,822,133,28,1,984,0,3,5,4,12,822,136,33,5,996,0,0,0,996
04/23/2022,SFO,CA,AWP,WE,Towers with Radar,735,123,22,0,880,0,1,11,4,16,735,124,33,4,896,0,0,0,896
04/24/2022,SFO,CA,AWP,WE,Towers with Radar,795,161,28,0,984,0,2,4,8,14,795,163,32,8,998,0,0,0,998
04/25/2022,SFO,CA,AWP,WE,Towers with Radar,800,142,40,0,982,0,4,0,7,11,800,146,40,7,993,0,0,0,993
04/26/2022,SFO,CA,AWP,WE,Towers with Radar,785,133,29,1,948,0,5,2,8,15,785,138,31,9,963,0,0,0,963
04/27/2022,SFO,CA,AWP,WE,Towers with Radar,788,149,35,0,972,0,0,0,12,12,788,149,35,12,984,0,0,0,984
04/28/2022,SFO,CA,AWP,WE,Towers with Radar,836,151,23,3,1013,0,0,1,11,12,836,151,24,14,1025,0,0,0,1025
04/29/2022,SFO,CA,AWP,WE,Towers with Radar,810,149,22,2,983,0,2,0,9,11,810,151,22,11,994,0,0,0,994
04/30/2022,SFO,CA,AWP,WE,Towers with Radar,749,120,23,0,892,0,2,2,5,9,749,122,25,5,901,0,0,0,901
05/01/2022,SFO,CA,AWP,WE,Towers with Radar,765,142,28,0,935,0,3,1,2,6,765,145,29,2,941,0,0,0,941
05/02/2022,SFO,CA,AWP,WE,Towers with Radar,791,154,22,0,967,0,3,1,8,12,791,157,23,8,979,0,0,0,979
05/03/2022,SFO,CA,AWP,WE,Towers with Radar,770,137,23,2,932,0,0,0,5,5,770,137,23,7,937,0,0,0,937
05/04/2022,SFO,CA,AWP,WE,Towers with Radar,770,152,31,0,953,0,0,3,3,6,770,152,34,3,959,0,0,0,959
05/05/2022,SFO,CA,AWP,WE,Towers with Radar,807,150,29,0,986,0,0,0,6,6,807,150,29,6,992,0,0,0,992
05/06/2022,SFO,CA,AWP,WE,Towers with Radar,833,103,25,0,961,0,0,1,6,7,833,103,26,6,968,0,0,0,968
05/07/2022,SFO,CA,AWP,WE,Towers with Radar,766,104,19,1,890,0,6,5,8,19,766,110,24,9,909,0,0,0,909
05/08/2022,SFO,CA,AWP,WE,Towers with Radar,815,101,19,2,937,0,0,0,6,6,815,101,19,8,943,0,0,0,943
05/09/2022,SFO,CA,AWP,WE,Towers with Radar,835,112,28,0,975,0,1,1,8,10,835,113,29,8,985,0,0,0,985
05/10/2022,SFO,CA,AWP,WE,Towers with Radar,810,110,24,0,944,0,4,0,8,12,810,114,24,8,956,0,0,0,956
05/11/2022,SFO,CA,AWP,WE,Towers with Radar,797,122,27,0,946,0,4,0,11,15,797,126,27,11,961,0,0,0,961
05/12/2022,SFO,CA,AWP,WE,Towers with Radar,859,134,27,0,1020,0,7,3,12,22,859,141,30,12,1042,0,0,0,1042
05/13/2022,SFO,CA,AWP,WE,Towers with Radar,828,132,21,0,981,0,1,1,3,5,828,133,22,3,986,0,0,0,986
05/14/2022,SFO,CA,AWP,WE,Towers with Radar,769,102,13,1,885,0,5,0,4,9,769,107,13,5,894,0,0,0,894
05/15/2022,SFO,CA,AWP,WE,Towers with Radar,826,125,35,2,988,0,0,0,3,3,826,125,35,5,991,0,0,0,991
05/16/2022,SFO,CA,AWP,WE,Towers with Radar,829,114,12,1,956,0,2,0,9,11,829,116,12,10,967,0,0,0,967
05/17/2022,SFO,CA,AWP,WE,Towers with Radar,824,118,16,2,960,0,1,2,9,12,824,119,18,11,972,0,0,0,972
05/18/2022,SFO,CA,AWP,WE,Towers with Radar,811,126,19,0,956,0,7,3,10,20,811,133,22,10,976,0,0,0,976
05/19/2022,SFO,CA,AWP,WE,Towers with Radar,881,113,23,0,1017,0,2,1,9,12,881,115,24,9,1029,0,0,0,1029
05/20/2022,SFO,CA,AWP,WE,Towers with Radar,856,128,31,0,1015,0,0,2,7,9,856,128,33,7,1024,0,0,0,1024
05/21/2022,SFO,CA,AWP,WE,Towers with Radar,807,93,22,0,922,0,2,0,5,7,807,95,22,5,929,0,0,0,929
05/22/2022,SFO,CA,AWP,WE,Towers with Radar,854,113,20,0,987,0,0,1,4,5,854,113,21,4,992,0,0,0,992
05/23/2022,SFO,CA,AWP,WE,Towers with Radar,853,106,28,0,987,0,2,2,10,14,853,108,30,10,1001,0,0,0,1001
05/24/2022,SFO,CA,AWP,WE,Towers with Radar,829,104,24,0,957,0,10,1,7,18,829,114,25,7,975,0,0,0,975
05/25/2022,SFO,CA,AWP,WE,Towers with Radar,862,122,23,0,1007,0,2,3,11,16,862,124,26,11,1023,0,0,0,1023
05/26/2022,SFO,CA,AWP,WE,Towers with Radar,892,144,34,0,1070,0,1,1,6,8,892,145,35,6,1078,0,0,0,1078
05/27/2022,SFO,CA,AWP,WE,Towers with Radar,886,110,34,2,1032,0,1,2,4,7,886,111,36,6,1039,0,0,0,1039
05/28/2022,SFO,CA,AWP,WE,Towers with Radar,788,86,11,1,886,0,0,0,2,2,788,86,11,3,888,0,0,0,888
05/29/2022,SFO,CA,AWP,WE,Towers with Radar,838,72,16,0,926,0,2,2,5,9,838,74,18,5,935,0,0,0,935
05/30/2022,SFO,CA,AWP,WE,Towers with Radar,868,133,25,0,1026,0,6,1,4,11,868,139,26,4,1037,0,0,0,1037
05/31/2022,SFO,CA,AWP,WE,Towers with Radar,861,101,25,0,987,0,2,0,7,9,861,103,25,7,996,0,0,0,996
06/01/2022,SFO,CA,AWP,WE,Towers with Radar,839,93,29,0,961,0,8,2,21,31,839,101,31,21,992,0,0,0,992
06/02/2022,SFO,CA,AWP,WE,Towers with Radar,863,148,34,1,1046,0,2,0,7,9,863,150,34,8,1055,0,0,0,1055
06/03/2022,SFO,CA,AWP,WE,Towers with Radar,905,114,20,2,1041,0,3,6,4,13,905,117,26,6,1054,0,0,0,1054
06/04/2022,SFO,CA,AWP,WE,Towers with Radar,861,82,16,1,960,0,5,1,5,11,861,87,17,6,971,0,0,0,971
06/05/2022,SFO,CA,AWP,WE,Towers with Radar,921,161,31,1,1114,0,2,0,2,4,921,163,31,3,1118,0,0,0,1118
06/06/2022,SFO,CA,AWP,WE,Towers with Radar,929,120,27,2,1078,0,0,2,8,10,929,120,29,10,1088,0,0,0,1088
06/07/2022,SFO,CA,AWP,WE,Towers with Radar,912,99,19,0,1030,0,6,2,10,18,912,105,21,10,1048,0,0,0,1048
06/08/2022,SFO,CA,AWP,WE,Towers with Radar,901,121,40,4,1066,0,5,2,14,21,901,126,42,18,1087,0,0,0,1087
06/09/2022,SFO,CA,AWP,WE,Towers with Radar,931,120,19,0,1070,0,0,0,9,9,931,120,19,9,1079,0,0,0,1079
06/10/2022,SFO,CA,AWP,WE,Towers with Radar,949,120,25,0,1094,0,2,0,5,7,949,122,25,5,1101,0,0,0,1101
06/11/2022,SFO,CA,AWP,WE,Towers with Radar,862,90,14,0,966,0,5,0,2,7,862,95,14,2,973,0,0,0,973
06/12/2022,SFO,CA,AWP,WE,Towers with Radar,920,115,23,3,1061,0,5,2,5,12,920,120,25,8,1073,0,0,0,1073
06/13/2022,SFO,CA,AWP,WE,Towers with Radar,938,118,42,0,1098,0,6,0,9,15,938,124,42,9,1113,0,0,0,1113
06/14/2022,SFO,CA,AWP,WE,Towers with Radar,914,89,14,0,1017,0,3,0,10,13,914,92,14,10,1030,0,0,0,1030
06/15/2022,SFO,CA,AWP,WE,Towers with Radar,907,81,20,2,1010,0,1,5,14,20,907,82,25,16,1030,0,0,0,1030
06/16/2022,SFO,CA,AWP,WE,Towers with Radar,924,105,22,0,1051,0,2,1,8,11,924,107,23,8,1062,0,0,0,1062
06/17/2022,SFO,CA,AWP,WE,Towers with Radar,943,96,28,2,1069,0,2,10,6,18,943,98,38,8,1087,0,0,0,1087
06/18/2022,SFO,CA,AWP,WE,Towers with Radar,870,91,19,0,980,0,4,1,4,9,870,95,20,4,989,0,0,0,989
06/19/2022,SFO,CA,AWP,WE,Towers with Radar,915,109,26,0,1050,0,4,3,4,11,915,113,29,4,1061,0,0,0,1061
06/20/2022,SFO,CA,AWP,WE,Towers with Radar,934,99,35,3,1071,0,4,1,1,6,934,103,36,4,1077,0,0,0,1077
06/21/2022,SFO,CA,AWP,WE,Towers with Radar,915,90,22,2,1029,0,1,3,8,12,915,91,25,10,1041,0,0,0,1041
06/22/2022,SFO,CA,AWP,WE,Towers with Radar,908,82,24,1,1015,0,8,3,8,19,908,90,27,9,1034,0,0,0,1034
06/23/2022,SFO,CA,AWP,WE,Towers with Radar,954,118,23,0,1095,0,1,4,15,20,954,119,27,15,1115,0,0,0,1115
06/24/2022,SFO,CA,AWP,WE,Towers with Radar,944,97,15,3,1059,0,1,3,2,6,944,98,18,5,1065,0,0,0,1065
06/25/2022,SFO,CA,AWP,WE,Towers with Radar,834,85,10,0,929,0,5,2,3,10,834,90,12,3,939,0,0,0,939
06/26/2022,SFO,CA,AWP,WE,Towers with Radar,944,122,27,1,1094,0,0,2,2,4,944,122,29,3,1098,0,0,0,1098
06/27/2022,SFO,CA,AWP,WE,Towers with Radar,932,101,18,2,1053,0,1,0,5,6,932,102,18,7,1059,0,0,0,1059
06/28/2022,SFO,CA,AWP,WE,Towers with Radar,900,107,13,1,1021,0,2,2,6,10,900,109,15,7,1031,0,0,0,1031
06/29/2022,SFO,CA,AWP,WE,Towers with Radar,903,96,24,2,1025,0,3,0,14,17,903,99,24,16,1042,0,0,0,1042
06/30/2022,SFO,CA,AWP,WE,Towers with Radar,947,108,19,6,1080,0,2,4,14,20,947,110,23,20,1100,0,0,0,1100
07/01/2022,SFO,CA,AWP,WE,Towers with Radar,939,106,23,3,1071,0,0,2,0,2,939,106,25,3,1073,0,0,0,1073
07/02/2022,SFO,CA,AWP,WE,Towers with Radar,835,90,12,1,938,0,2,0,2,4,835,92,12,3,942,0,0,0,942
07/03/2022,SFO,CA,AWP,WE,Towers with Radar,889,74,11,0,974,0,6,2,4,12,889,80,13,4,986,0,0,0,986
07/04/2022,SFO,CA,AWP,WE,Towers with Radar,901,90,10,0,1001,0,0,2,2,4,901,90,12,2,1005,0,0,0,1005
07/05/2022,SFO,CA,AWP,WE,Towers with Radar,916,91,26,1,1034,0,2,2,11,15,916,93,28,12,1049,0,0,0,1049
07/06/2022,SFO,CA,AWP,WE,Towers with Radar,909,94,7,0,1010,0,2,2,13,17,909,96,9,13,1027,0,0,0,1027
07/07/2022,SFO,CA,AWP,WE,Towers with Radar,951,99,20,0,1070,0,0,1,9,10,951,99,21,9,1080,0,0,0,1080
07/08/2022,SFO,CA,AWP,WE,Towers with Radar,946,87,16,0,1049,0,2,3,9,14,946,89,19,9,1063,0,0,0,1063
07/09/2022,SFO,CA,AWP,WE,Towers with Radar,847,97,20,1,965,0,6,2,7,15,847,103,22,8,980,0,0,0,980
07/10/2022,SFO,CA,AWP,WE,Towers with Radar,938,122,36,0,1096,0,6,1,2,9,938,128,37,2,1105,0,0,0,1105
07/11/2022,SFO,CA,AWP,WE,Towers with Radar,944,92,20,2,1058,0,0,4,9,13,944,92,24,11,1071,0,0,0,1071
07/12/2022,SFO,CA,AWP,WE,Towers with Radar,915,83,31,0,1029,0,4,7,7,18,915,87,38,7,1047,0,0,0,1047
07/13/2022,SFO,CA,AWP,WE,Towers with Radar,905,97,23,3,1028,0,4,1,13,18,905,101,24,16,1046,0,0,0,1046
07/14/2022,SFO,CA,AWP,WE,Towers with Radar,963,103,13,0,1079,0,2,6,8,16,963,105,19,8,1095,0,0,0,1095
07/15/2022,SFO,CA,AWP,WE,Towers with Radar,948,102,20,2,1072,0,2,2,8,12,948,104,22,10,1084,0,0,0,1084
07/16/2022,SFO,CA,AWP,WE,Towers with Radar,876,91,9,0,976,0,1,1,4,6,876,92,10,4,982,0,0,0,982
07/17/2022,SFO,CA,AWP,WE,Towers with Radar,916,115,31,0,1062,0,10,4,2,16,916,125,35,2,1078,0,0,0,1078
07/18/2022,SFO,CA,AWP,WE,Towers with Radar,943,101,22,1,1067,0,2,1,8,11,943,103,23,9,1078,0,0,0,1078
07/19/2022,SFO,CA,AWP,WE,Towers with Radar,907,88,26,0,1021,0,6,0,12,18,907,94,26,12,1039,0,0,0,1039
07/20/2022,SFO,CA,AWP,WE,Towers with Radar,915,93,27,2,1037,0,3,2,9,14,915,96,29,11,1051,0,0,0,1051
07/21/2022,SFO,CA,AWP,WE,Towers with Radar,954,110,27,1,1092,0,0,2,6,8,954,110,29,7,1100,0,0,0,1100
07/22/2022,SFO,CA,AWP,WE,Towers with Radar,957,106,9,0,1072,0,3,3,3,9,957,109,12,3,1081,0,0,0,1081
07/23/2022,SFO,CA,AWP,WE,Towers with Radar,841,82,12,0,935,0,2,6,2,10,841,84,18,2,945,0,0,0,945
07/24/2022,SFO,CA,AWP,WE,Towers with Radar,931,107,12,0,1050,0,0,1,3,4,931,107,13,3,1054,0,0,0,1054
07/25/2022,SFO,CA,AWP,WE,Towers with Radar,937,113,31,1,1082,0,2,0,8,10,937,115,31,9,1092,0,0,0,1092
07/26/2022,SFO,CA,AWP,WE,Towers with Radar,913,84,13,2,1012,0,0,0,15,15,913,84,13,17,1027,0,0,0,1027
07/27/2022,SFO,CA,AWP,WE,Towers with Radar,914,115,11,0,1040,0,0,4,13,17,914,115,15,13,1057,0,0,0,1057
07/28/2022,SFO,CA,AWP,WE,Towers with Radar,949,106,22,2,1079,0,0,0,6,6,949,106,22,8,1085,0,0,0,1085
07/29/2022,SFO,CA,AWP,WE,Towers with Radar,964,82,19,0,1065,0,0,0,13,13,964,82,19,13,1078,0,0,0,1078
07/30/2022,SFO,CA,AWP,WE,Towers with Radar,858,81,13,0,952,0,2,6,2,10,858,83,19,2,962,0,0,0,962
07/31/2022,SFO,CA,AWP,WE,Towers with Radar,927,115,23,0,1065,0,0,3,4,7,927,115,26,4,1072,0,0,0,1072
08/01/2022,SFO,CA,AWP,WE,Towers with Radar,944,90,20,0,1054,0,0,0,7,7,944,90,20,7,1061,0,0,0,1061
08/02/2022,SFO,CA,AWP,WE,Towers with Radar,895,88,20,0,1003,0,0,0,6,6,895,88,20,6,1009,0,0,0,1009
08/03/2022,SFO,CA,AWP,WE,Towers with Radar,898,98,24,0,1020,0,2,4,11,17,898,100,28,11,1037,0,0,0,1037
08/04/2022,SFO,CA,AWP,WE,Towers with Radar,940,107,21,0,1068,0,6,1,5,12,940,113,22,5,1080,0,0,0,1080
08/05/2022,SFO,CA,AWP,WE,Towers with Radar,917,104,18,0,1039,0,0,0,8,8,917,104,18,8,1047,0,0,0,1047
08/06/2022,SFO,CA,AWP,WE,Towers with Radar,853,102,14,0,969,0,6,1,2,9,853,108,15,2,978,0,0,0,978
08/07/2022,SFO,CA,AWP,WE,Towers with Radar,915,104,21,1,1041,0,2,1,2,5,915,106,22,3,1046,0,0,0,1046
08/08/2022,SFO,CA,AWP,WE,Towers with Radar,925,91,24,2,1042,0,0,5,5,10,925,91,29,7,1052,0,0,0,1052
08/09/2022,SFO,CA,AWP,WE,Towers with Radar,896,93,30,2,1021,0,0,3,7,10,896,93,33,9,1031,0,0,0,1031
08/10/2022,SFO,CA,AWP,WE,Towers with Radar,895,105,23,2,1025,0,1,0,8,9,895,106,23,10,1034,0,0,0,1034
08/11/2022,SFO,CA,AWP,WE,Towers with Radar,934,93,22,0,1049,0,1,2,10,13,934,94,24,10,1062,0,0,0,1062
08/12/2022,SFO,CA,AWP,WE,Towers with Radar,942,98,15,4,1059,0,1,3,14,18,942,99,18,18,1077,0,0,0,1077
08/13/2022,SFO,CA,AWP,WE,Towers with Radar,856,88,8,2,954,0,5,0,4,9,856,93,8,6,963,0,0,0,963
08/14/2022,SFO,CA,AWP,WE,Towers with Radar,931,101,38,0,1070,0,14,5,7,26,931,115,43,7,1096,0,0,0,1096
08/15/2022,SFO,CA,AWP,WE,Towers with Radar,933,90,19,0,1042,0,6,3,5,14,933,96,22,5,1056,0,0,0,1056
08/16/2022,SFO,CA,AWP,WE,Towers with Radar,903,100,25,0,1028,0,8,1,13,22,903,108,26,13,1050,0,0,0,1050
08/17/2022,SFO,CA,AWP,WE,Towers with Radar,904,90,45,0,1039,0,5,2,11,18,904,95,47,11,1057,0,0,0,1057
08/18/2022,SFO,CA,AWP,WE,Towers with Radar,918,108,31,2,1059,0,1,1,12,14,918,109,32,14,1073,0,0,0,1073
08/19/2022,SFO,CA,AWP,WE,Towers with Radar,940,108,29,0,1077,0,4,1,9,14,940,112,30,9,1091,0,0,0,1091
08/20/2022,SFO,CA,AWP,WE,Towers with Radar,840,101,16,0,957,0,5,8,10,23,840,106,24,10,980,0,0,0,980
08/21/2022,SFO,CA,AWP,WE,Towers with Radar,902,137,31,0,1070,0,1,5,3,9,902,138,36,3,1079,0,0,0,1079
08/22/2022,SFO,CA,AWP,WE,Towers with Radar,913,130,24,0,1067,0,0,2,7,9,913,130,26,7,1076,0,0,0,1076
08/23/2022,SFO,CA,AWP,WE,Towers with Radar,908,105,20,1,1034,0,0,2,9,11,908,105,22,10,1045,0,0,0,1045
08/24/2022,SFO,CA,AWP,WE,Towers with Radar,896,97,29,0,1022,0,3,0,11,14,896,100,29,11,1036,0,0,0,1036
08/25/2022,SFO,CA,AWP,WE,Towers with Radar,921,94,17,0,1032,0,0,0,7,7,921,94,17,7,1039,0,0,0,1039
08/26/2022,SFO,CA,AWP,WE,Towers with Radar,936,109,20,1,1066,0,2,0,7,9,936,111,20,8,1075,0,0,0,1075
08/27/2022,SFO,CA,AWP,WE,Towers with Radar,835,89,12,0,936,0,1,0,2,3,835,90,12,2,939,0,0,0,939
08/28/2022,SFO,CA,AWP,WE,Towers with Radar,925,110,13,3,1051,0,5,1,2,8,925,115,14,5,1059,0,0,0,1059
08/29/2022,SFO,CA,AWP,WE,Towers with Radar,904,104,24,0,1032,0,0,0,10,10,904,104,24,10,1042,0,0,0,1042
08/30/2022,SFO,CA,AWP,WE,Towers with Radar,894,92,22,1,1009,0,1,0,12,13,894,93,22,13,1022,0,0,0,1022
08/31/2022,SFO,CA,AWP,WE,Towers with Radar,905,89,14,0,1008,0,6,1,8,15,905,95,15,8,1023,0,0,0,1023
09/01/2022,SFO,CA,AWP,WE,Towers with Radar,934,120,27,0,1081,0,5,0,9,14,934,125,27,9,1095,0,0,0,1095
09/02/2022,SFO,CA,AWP,WE,Towers with Radar,944,119,22,0,1085,0,2,9,1,12,944,121,31,1,1097,0,0,0,1097
09/03/2022,SFO,CA,AWP,WE,Towers with Radar,817,87,7,0,911,0,5,1,10,16,817,92,8,10,927,0,0,0,927
09/04/2022,SFO,CA,AWP,WE,Towers with Radar,865,74,15,0,954,0,9,2,4,15,865,83,17,4,969,0,0,0,969
09/05/2022,SFO,CA,AWP,WE,Towers with Radar,931,125,35,1,1092,0,5,2,5,12,931,130,37,6,1104,0,0,0,1104
09/06/2022,SFO,CA,AWP,WE,Towers with Radar,859,106,24,0,989,0,2,2,8,12,859,108,26,8,1001,0,0,0,1001
09/07/2022,SFO,CA,AWP,WE,Towers with Radar,859,101,32,0,992,0,6,2,10,18,859,107,34,10,1010,0,0,0,1010
09/08/2022,SFO,CA,AWP,WE,Towers with Radar,911,113,25,0,1049,0,6,1,8,15,911,119,26,8,1064,0,0,0,1064
09/09/2022,SFO,CA,AWP,WE,Towers with Radar,918,107,14,0,1039,0,11,4,8,23,918,118,18,8,1062,0,0,0,1062
09/10/2022,SFO,CA,AWP,WE,Towers with Radar,837,92,12,0,941,0,7,0,8,15,837,99,12,8,956,0,0,0,956
09/11/2022,SFO,CA,AWP,WE,Towers with Radar,897,109,16,0,1022,0,4,2,5,11,897,113,18,5,1033,0,0,0,1033
09/12/2022,SFO,CA,AWP,WE,Towers with Radar,907,99,44,1,1051,0,0,2,7,9,907,99,46,8,1060,0,0,0,1060
09/13/2022,SFO,CA,AWP,WE,Towers with Radar,867,113,51,0,1031,0,3,2,11,16,867,116,53,11,1047,0,0,0,1047
09/14/2022,SFO,CA,AWP,WE,Towers with Radar,856,126,37,0,1019,0,2,0,12,14,856,128,37,12,1033,0,0,0,1033
09/15/2022,SFO,CA,AWP,WE,Towers with Radar,924,130,35,1,1090,0,0,0,15,15,924,130,35,16,1105,0,0,0,1105
09/16/2022,SFO,CA,AWP,WE,Towers with Radar,912,111,33,1,1057,0,4,4,6,14,912,115,37,7,1071,0,0,0,1071
09/17/2022,SFO,CA,AWP,WE,Towers with Radar,829,70,25,1,925,0,7,0,2,9,829,77,25,3,934,0,0,0,934
09/18/2022,SFO,CA,AWP,WE,Towers with Radar,816,74,13,1,904,0,0,0,5,5,816,74,13,6,909,0,0,0,909
09/19/2022,SFO,CA,AWP,WE,Towers with Radar,944,118,17,2,1081,0,2,1,8,11,944,120,18,10,1092,0,0,0,1092
09/20/2022,SFO,CA,AWP,WE,Towers with Radar,860,108,40,0,1008,0,8,4,13,25,860,116,44,13,1033,0,0,0,1033
09/21/2022,SFO,CA,AWP,WE,Towers with Radar,857,118,27,2,1004,0,2,7,9,18,857,120,34,11,1022,0,0,0,1022
09/22/2022,SFO,CA,AWP,WE,Towers with Radar,916,117,24,0,1057,0,2,6,12,20,916,119,30,12,1077,0,0,0,1077
09/23/2022,SFO,CA,AWP,WE,Towers with Radar,930,104,15,2,1051,0,3,1,6,10,930,107,16,8,1061,0,0,0,1061
09/24/2022,SFO,CA,AWP,WE,Towers with Radar,835,87,19,0,941,0,3,2,8,13,835,90,21,8,954,0,0,0,954
09/25/2022,SFO,CA,AWP,WE,Towers with Radar,906,111,31,0,1048,0,3,2,3,8,906,114,33,3,1056,0,0,0,1056
09/26/2022,SFO,CA,AWP,WE,Towers with Radar,918,99,22,0,1039,0,3,0,7,10,918,102,22,7,1049,0,0,0,1049
09/27/2022,SFO,CA,AWP,WE,Towers with Radar,861,97,29,0,987,0,0,4,12,16,861,97,33,12,1003,0,0,0,1003
09/28/2022,SFO,CA,AWP,WE,Towers with Radar,846,115,13,0,974,0,1,2,13,16,846,116,15,13,990,0,0,0,990
09/29/2022,SFO,CA,AWP,WE,Towers with Radar,934,108,25,0,1067,0,9,0,6,15,934,117,25,6,1082,0,0,0,1082
09/30/2022,SFO,CA,AWP,WE,Towers with Radar,931,103,28,0,1062,0,4,3,7,14,931,107,31,7,1076,0,0,0,1076
10/01/2022,SFO,CA,AWP,WE,Towers with Radar,843,81,8,0,932,0,2,0,3,5,843,83,8,3,937,0,0,0,937
10/02/2022,SFO,CA,AWP,WE,Towers with Radar,897,127,27,1,1052,0,3,3,8,14,897,130,30,9,1066,0,0,0,1066
10/03/2022,SFO,CA,AWP,WE,Towers with Radar,895,106,23,0,1024,0,8,1,12,21,895,114,24,12,1045,0,0,0,1045
10/04/2022,SFO,CA,AWP,WE,Towers with Radar,863,109,18,1,991,0,5,0,8,13,863,114,18,9,1004,0,0,0,1004
10/05/2022,SFO,CA,AWP,WE,Towers with Radar,852,107,21,3,983,0,0,9,12,21,852,107,30,15,1004,0,0,0,1004
10/06/2022,SFO,CA,AWP,WE,Towers with Radar,915,101,40,2,1058,0,3,0,4,7,915,104,40,6,1065,0,0,0,1065
10/07/2022,SFO,CA,AWP,WE,Towers with Radar,904,121,26,2,1053,0,6,2,7,15,904,127,28,9,1068,0,0,0,1068
10/08/2022,SFO,CA,AWP,WE,Towers with Radar,815,98,12,3,928,0,6,2,4,12,815,104,14,7,940,0,0,0,940
10/09/2022,SFO,CA,AWP,WE,Towers with Radar,907,121,19,5,1052,0,5,2,2,9,907,126,21,7,1061,0,0,0,1061
10/10/2022,SFO,CA,AWP,WE,Towers with Radar,904,111,24,0,1039,0,0,2,3,5,904,111,26,3,1044,0,0,0,1044
10/11/2022,SFO,CA,AWP,WE,Towers with Radar,847,114,26,0,987,0,2,0,8,10,847,116,26,8,997,0,0,0,997
10/12/2022,SFO,CA,AWP,WE,Towers with Radar,853,137,44,0,1034,0,1,1,14,16,853,138,45,14,1050,0,0,0,1050
10/13/2022,SFO,CA,AWP,WE,Towers with Radar,909,122,28,0,1059,0,0,2,11,13,909,122,30,11,1072,0,0,0,1072
10/14/2022,SFO,CA,AWP,WE,Towers with Radar,901,136,33,3,1073,2,0,0,0,2,903,136,33,3,1075,0,0,0,1075
10/15/2022,SFO,CA,AWP,WE,Towers with Radar,802,77,11,0,890,0,0,0,0,0,802,77,11,0,890,0,0,0,890
10/16/2022,SFO,CA,AWP,WE,Towers with Radar,899,114,23,0,1036,0,7,1,3,11,899,121,24,3,1047,0,0,0,1047
10/17/2022,SFO,CA,AWP,WE,Towers with Radar,896,106,23,3,1028,0,5,6,11,22,896,111,29,14,1050,0,0,0,1050
10/18/2022,SFO,CA,AWP,WE,Towers with Radar,859,117,38,5,1019,0,9,3,14,26,859,126,41,19,1045,0,0,0,1045
10/19/2022,SFO,CA,AWP,WE,Towers with Radar,849,103,29,0,981,0,3,7,12,22,849,106,36,12,1003,0,0,0,1003
10/20/2022,SFO,CA,AWP,WE,Towers with Radar,903,126,22,0,1051,0,3,4,11,18,903,129,26,11,1069,0,0,0,1069
10/21/2022,SFO,CA,AWP,WE,Towers with Radar,912,100,18,0,1030,0,1,2,2,5,912,101,20,2,1035,0,0,0,1035
10/22/2022,SFO,CA,AWP,WE,Towers with Radar,821,97,10,0,928,0,0,0,1,1,821,97,10,1,929,0,0,0,929
10/23/2022,SFO,CA,AWP,WE,Towers with Radar,892,109,31,1,1033,0,4,6,2,12,892,113,37,3,1045,0,0,0,1045
10/24/2022,SFO,CA,AWP,WE,Towers with Radar,895,100,25,1,1021,0,2,0,6,8,895,102,25,7,1029,0,0,0,1029
10/25/2022,SFO,CA,AWP,WE,Towers with Radar,848,91,15,1,955,0,2,4,10,16,848,93,19,11,971,0,0,0,971
10/26/2022,SFO,CA,AWP,WE,Towers with Radar,854,107,25,0,986,0,4,4,10,18,854,111,29,10,1004,0,0,0,1004
10/27/2022,SFO,CA,AWP,WE,Towers with Radar,909,122,26,1,1058,0,8,4,12,24,909,130,30,13,1082,0,0,0,1082
10/28/2022,SFO,CA,AWP,WE,Towers with Radar,896,99,18,6,1019,0,3,6,5,14,896,102,24,11,1033,0,0,0,1033
10/29/2022,SFO,CA,AWP,WE,Towers with Radar,807,80,7,2,896,0,4,0,5,9,807,84,7,7,905,0,0,0,905
10/30/2022,SFO,CA,AWP,WE,Towers with Radar,858,72,15,0,945,0,3,2,4,9,858,75,17,4,954,0,0,0,954
10/31/2022,SFO,CA,AWP,WE,Towers with Radar,850,50,9,0,909,0,4,2,8,14,850,54,11,8,923,0,0,0,923
11/01/2022,SFO,CA,AWP,WE,Towers with Radar,834,82,21,1,938,0,4,0,5,9,834,86,21,6,947,0,0,0,947
11/02/2022,SFO,CA,AWP,WE,Towers with Radar,836,85,33,0,954,0,2,1,12,15,836,87,34,12,969,0,0,0,969
11/03/2022,SFO,CA,AWP,WE,Towers with Radar,866,91,34,0,991,0,4,3,6,13,866,95,37,6,1004,0,0,0,1004
11/04/2022,SFO,CA,AWP,WE,Towers with Radar,854,81,30,0,965,0,6,3,12,21,854,87,33,12,986,0,0,0,986
11/05/2022,SFO,CA,AWP,WE,Towers with Radar,778,69,16,1,864,0,0,2,2,4,778,69,18,3,868,0,0,0,868
11/06/2022,SFO,CA,AWP,WE,Towers with Radar,872,100,21,3,996,0,3,8,5,16,872,103,29,8,1012,0,0,0,1012
11/07/2022,SFO,CA,AWP,WE,Towers with Radar,816,83,21,0,920,0,0,2,9,11,816,83,23,9,931,0,0,0,931
11/08/2022,SFO,CA,AWP,WE,Towers with Radar,822,83,24,2,931,0,4,0,14,18,822,87,24,16,949,0,0,0,949
11/09/2022,SFO,CA,AWP,WE,Towers with Radar,809,90,23,0,922,0,2,2,13,17,809,92,25,13,939,0,0,0,939
11/10/2022,SFO,CA,AWP,WE,Towers with Radar,879,106,45,0,1030,0,8,2,10,20,879,114,47,10,1050,0,0,0,1050
11/11/2022,SFO,CA,AWP,WE,Towers with Radar,862,91,25,0,978,0,4,2,5,11,862,95,27,5,989,0,0,0,989
11/12/2022,SFO,CA,AWP,WE,Towers with Radar,786,68,36,0,890,0,6,2,3,11,786,74,38,3,901,0,0,0,901
11/13/2022,SFO,CA,AWP,WE,Towers with Radar,873,90,21,1,985,0,4,0,7,11,873,94,21,8,996,0,0,0,996
11/14/2022,SFO,CA,AWP,WE,Towers with Radar,855,93,36,0,984,0,3,0,11,14,855,96,36,11,998,0,0,0,998
11/15/2022,SFO,CA,AWP,WE,Towers with Radar,847,77,23,0,947,0,4,3,13,20,847,81,26,13,967,0,0,0,967
11/16/2022,SFO,CA,AWP,WE,Towers with Radar,828,97,23,0,948,0,2,3,10,15,828,99,26,10,963,0,0,0,963
11/17/2022,SFO,CA,AWP,WE,Towers with Radar,882,83,29,0,994,0,6,1,7,14,882,89,30,7,1008,0,0,0,1008
11/18/2022,SFO,CA,AWP,WE,Towers with Radar,861,83,23,3,970,0,7,1,5,13,861,90,24,8,983,0,0,0,983
11/19/2022,SFO,CA,AWP,WE,Towers with Radar,848,105,25,1,979,0,10,0,6,16,848,115,25,7,995,0,0,0,995
11/20/2022,SFO,CA,AWP,WE,Towers with Radar,891,79,17,0,987,0,3,4,2,9,891,82,21,2,996,0,0,0,996
11/21/2022,SFO,CA,AWP,WE,Towers with Radar,864,80,23,0,967,0,9,2,12,23,864,89,25,12,990,0,0,0,990
11/22/2022,SFO,CA,AWP,WE,Towers with Radar,881,86,14,0,981,0,5,0,7,12,881,91,14,7,993,0,0,0,993
11/23/2022,SFO,CA,AWP,WE,Towers with Radar,881,68,27,0,976,0,4,0,4,8,881,72,27,4,984,0,0,0,984
11/24/2022,SFO,CA,AWP,WE,Towers with Radar,679,36,8,1,724,0,11,3,5,19,679,47,11,6,743,0,0,0,743
11/25/2022,SFO,CA,AWP,WE,Towers with Radar,834,58,5,0,897,0,6,1,3,10,834,64,6,3,907,0,0,0,907
11/26/2022,SFO,CA,AWP,WE,Towers with Radar,859,85,21,1,966,0,7,1,1,9,859,92,22,2,975,0,0,0,975
11/27/2022,SFO,CA,AWP,WE,Towers with Radar,900,107,38,2,1047,0,4,1,2,7,900,111,39,4,1054,0,0,0,1054
11/28/2022,SFO,CA,AWP,WE,Towers with Radar,885,75,27,2,989,0,4,2,12,18,885,79,29,14,1007,0,0,0,1007
11/29/2022,SFO,CA,AWP,WE,Towers with Radar,850,77,10,0,937,0,13,1,17,31,850,90,11,17,968,0,0,0,968
11/30/2022,SFO,CA,AWP,WE,Towers with Radar,817,82,23,4,926,0,13,1,11,25,817,95,24,15,951,0,0,0,951
12/01/2022,SFO,CA,AWP,WE,Towers with Radar,851,71,24,0,946,0,1,0,10,11,851,72,24,10,957,0,0,0,957
12/02/2022,SFO,CA,AWP,WE,Towers with Radar,847,84,13,1,945,0,0,0,13,13,847,84,13,14,958,0,0,0,958
12/03/2022,SFO,CA,AWP,WE,Towers with Radar,797,67,22,1,887,0,0,0,0,0,797,67,22,1,887,0,0,0,887
12/04/2022,SFO,CA,AWP,WE,Towers with Radar,873,83,22,0,978,0,4,0,3,7,873,87,22,3,985,0,0,0,985
12/05/2022,SFO,CA,AWP,WE,Towers with Radar,851,85,26,0,962,0,2,4,11,17,851,87,30,11,979,0,0,0,979
12/06/2022,SFO,CA,AWP,WE,Towers with Radar,822,76,10,0,908,0,2,2,25,29,822,78,12,25,937,0,0,0,937
12/07/2022,SFO,CA,AWP,WE,Towers with Radar,818,93,20,0,931,0,1,2,9,12,818,94,22,9,943,0,0,0,943
12/08/2022,SFO,CA,AWP,WE,Towers with Radar,867,81,15,1,964,0,0,0,13,13,867,81,15,14,977,0,0,0,977
12/09/2022,SFO,CA,AWP,WE,Towers with Radar,864,97,41,1,1003,0,3,0,9,12,864,100,41,10,1015,0,0,0,1015
12/10/2022,SFO,CA,AWP,WE,Towers with Radar,791,69,17,0,877,0,0,0,0,0,791,69,17,0,877,0,0,0,877
12/11/2022,SFO,CA,AWP,WE,Towers with Radar,835,86,20,0,941,0,6,4,2,12,835,92,24,2,953,0,0,0,953
12/12/2022,SFO,CA,AWP,WE,Towers with Radar,879,86,24,2,991,0,3,0,11,14,879,89,24,13,1005,0,0,0,1005
12/13/2022,SFO,CA,AWP,WE,Towers with Radar,813,79,25,1,918,0,4,0,14,18,813,83,25,15,936,0,0,0,936
12/14/2022,SFO,CA,AWP,WE,Towers with Radar,824,84,27,1,936,0,4,0,12,16,824,88,27,13,952,0,0,0,952
12/15/2022,SFO,CA,AWP,WE,Towers with Radar,883,83,34,1,1001,0,2,0,8,10,883,85,34,9,1011,0,0,0,1011
12/16/2022,SFO,CA,AWP,WE,Towers with Radar,898,99,26,5,1028,0,2,0,1,3,898,101,26,6,1031,0,0,0,1031
12/17/2022,SFO,CA,AWP,WE,Towers with Radar,822,79,12,0,913,0,1,1,4,6,822,80,13,4,919,0,0,0,919
12/18/2022,SFO,CA,AWP,WE,Towers with Radar,876,76,15,1,968,0,2,1,2,5,876,78,16,3,973,0,0,0,973
12/19/2022,SFO,CA,AWP,WE,Towers with Radar,872,63,10,3,948,0,1,0,5,6,872,64,10,8,954,0,0,0,954
12/20/2022,SFO,CA,AWP,WE,Towers with Radar,864,56,18,0,938,0,0,0,4,4,864,56,18,4,942,0,0,0,942
12/21/2022,SFO,CA,AWP,WE,Towers with Radar,848,86,12,0,946,0,4,2,4,10,848,90,14,4,956,0,0,0,956
12/22/2022,SFO,CA,AWP,WE,Towers with Radar,882,81,24,0,987,0,0,0,6,6,882,81,24,6,993,0,0,0,993
12/23/2022,SFO,CA,AWP,WE,Towers with Radar,774,82,9,3,868,0,2,0,6,8,774,84,9,9,876,0,0,0,876
12/24/2022,SFO,CA,AWP,WE,Towers with Radar,656,51,10,0,717,0,0,2,2,4,656,51,12,2,721,0,0,0,721
12/25/2022,SFO,CA,AWP,WE,Towers with Radar,718,77,13,0,808,0,7,0,0,7,718,84,13,0,815,0,0,0,815
12/26/2022,SFO,CA,AWP,WE,Towers with Radar,762,86,11,0,859,0,3,1,7,11,762,89,12,7,870,0,0,0,870
12/27/2022,SFO,CA,AWP,WE,Towers with Radar,807,61,16,0,884,0,1,0,4,5,807,62,16,4,889,0,0,0,889
12/28/2022,SFO,CA,AWP,WE,Towers with Radar,841,56,13,0,910,0,0,0,8,8,841,56,13,8,918,0,0,0,918
12/29/2022,SFO,CA,AWP,WE,Towers with Radar,858,71,11,0,940,0,0,0,0,0,858,71,11,0,940,0,0,0,940
12/30/2022,SFO,CA,AWP,WE,Towers with Radar,852,47,8,0,907,0,0,0,0,0,852,47,8,0,907,0,0,0,907
12/31/2022,SFO,CA,AWP,WE,Towers with Radar,772,52,10,1,835,0,0,0,0,0,772,52,10,1,835,0,0,0,835
01/01/2023,SFO,CA,AWP,WE,Towers with Radar,819,73,15,1,908,0,6,2,1,9,819,79,17,2,917,0,0,0,917
01/02/2023,SFO,CA,AWP,WE,Towers with Radar,735,93,21,0,849,0,1,0,10,11,735,94,21,10,860,0,0,0,860
01/03/2023,SFO,CA,AWP,WE,Towers with Radar,885,101,18,0,1004,0,0,0,8,8,885,101,18,8,1012,0,0,0,1012
01/04/2023,SFO,CA,AWP,WE,Towers with Radar,766,24,4,0,794,0,0,0,3,3,766,24,4,3,797,0,0,0,797
01/05/2023,SFO,CA,AWP,WE,Towers with Radar,879,51,11,0,941,0,2,0,5,7,879,53,11,5,948,0,0,0,948
01/06/2023,SFO,CA,AWP,WE,Towers with Radar,840,79,15,2,936,0,0,2,4,6,840,79,17,6,942,0,0,0,942
01/07/2023,SFO,CA,AWP,WE,Towers with Radar,805,58,11,0,874,0,2,0,4,6,805,60,11,4,880,0,0,0,880
01/08/2023,SFO,CA,AWP,WE,Towers with Radar,781,95,44,0,920,0,2,4,6,12,781,97,48,6,932,0,0,0,932
01/09/2023,SFO,CA,AWP,WE,Towers with Radar,877,89,24,0,990,0,4,0,6,10,877,93,24,6,1000,0,0,0,1000
01/10/2023,SFO,CA,AWP,WE,Towers with Radar,800,88,28,0,916,0,0,0,11,11,800,88,28,11,927,0,0,0,927
01/11/2023,SFO,CA,AWP,WE,Towers with Radar,764,101,32,1,898,0,0,1,15,16,764,101,33,16,914,0,0,0,914
01/12/2023,SFO,CA,AWP,WE,Towers with Radar,900,137,36,0,1073,0,2,2,14,18,900,139,38,14,1091,0,0,0,1091
01/13/2023,SFO,CA,AWP,WE,Towers with Radar,835,87,6,0,928,0,1,0,9,10,835,88,6,9,938,0,0,0,938
01/14/2023,SFO,CA,AWP,WE,Towers with Radar,787,45,2,0,834,0,3,0,0,3,787,48,2,0,837,0,0,0,837
01/15/2023,SFO,CA,AWP,WE,Towers with Radar,798,63,4,0,865,0,0,0,4,4,798,63,4,4,869,0,0,0,869
01/16/2023,SFO,CA,AWP,WE,Towers with Radar,881,112,8,0,1001,0,5,1,6,12,881,117,9,6,1013,0,0,0,1013
01/17/2023,SFO,CA,AWP,WE,Towers with Radar,806,67,9,0,882,0,0,3,8,11,806,67,12,8,893,0,0,0,893
01/18/2023,SFO,CA,AWP,WE,Towers with Radar,794,62,10,0,866,0,5,1,8,14,794,67,11,8,880,0,0,0,880
01/19/2023,SFO,CA,AWP,WE,Towers with Radar,869,75,15,3,962,0,3,2,19,24,869,78,17,22,986,0,0,0,986
01/20/2023,SFO,CA,AWP,WE,Towers with Radar,859,95,16,0,970,0,2,2,6,10,859,97,18,6,980,0,0,0,980
01/21/2023,SFO,CA,AWP,WE,Towers with Radar,780,66,19,0,865,0,8,1,8,17,780,74,20,8,882,0,0,0,882
01/22/2023,SFO,CA,AWP,WE,Towers with Radar,822,90,15,0,927,0,4,1,3,8,822,94,16,3,935,0,0,0,935
01/23/2023,SFO,CA,AWP,WE,Towers with Radar,843,80,20,0,943,0,1,0,10,11,843,81,20,10,954,0,0,0,954
01/24/2023,SFO,CA,AWP,WE,Towers with Radar,815,66,18,0,899,0,5,8,6,19,815,71,26,6,918,0,0,0,918
01/25/2023,SFO,CA,AWP,WE,Towers with Radar,808,66,18,0,892,0,4,11,11,26,808,70,29,11,918,0,0,0,918
01/26/2023,SFO,CA,AWP,WE,Towers with Radar,890,83,13,0,986,0,5,0,12,17,890,88,13,12,1003,0,0,0,1003
01/27/2023,SFO,CA,AWP,WE,Towers with Radar,871,81,15,0,967,0,5,3,9,17,871,86,18,9,984,0,0,0,984
01/28/2023,SFO,CA,AWP,WE,Towers with Radar,799,58,9,1,867,0,2,0,3,5,799,60,9,4,872,0,0,0,872
01/29/2023,SFO,CA,AWP,WE,Towers with Radar,824,78,9,0,911,0,1,0,5,6,824,79,9,5,917,0,0,0,917
01/30/2023,SFO,CA,AWP,WE,Towers with Radar,843,68,14,0,925,0,2,3,11,16,843,70,17,11,941,0,0,0,941
01/31/2023,SFO,CA,AWP,WE,Towers with Radar,798,83,17,0,898,0,4,0,12,16,798,87,17,12,914,0,0,0,914
02/01/2023,SFO,CA,AWP,WE,Towers with Radar,774,91,12,0,877,0,2,2,12,16,774,93,14,12,893,0,0,0,893
02/02/2023,SFO,CA,AWP,WE,Towers with Radar,865,115,19,2,1001,0,8,0,14,22,865,123,19,16,1023,0,0,0,1023
02/03/2023,SFO,CA,AWP,WE,Towers with Radar,860,88,12,0,960,0,1,0,5,6,860,89,12,5,966,0,0,0,966
02/04/2023,SFO,CA,AWP,WE,Towers with Radar,795,65,6,1,867,0,0,0,1,1,795,65,6,2,868,0,0,0,868
02/05/2023,SFO,CA,AWP,WE,Towers with Radar,833,75,21,0,929,0,0,0,3,3,833,75,21,3,932,0,0,0,932
02/06/2023,SFO,CA,AWP,WE,Towers with Radar,853,88,9,1,951,0,2,0,12,14,853,90,9,13,965,0,0,0,965
02/07/2023,SFO,CA,AWP,WE,Towers with Radar,818,63,23,0,904,0,4,0,9,13,818,67,23,9,917,0,0,0,917
02/08/2023,SFO,CA,AWP,WE,Towers with Radar,813,71,10,0,894,0,4,2,12,18,813,75,12,12,912,0,0,0,912
02/09/2023,SFO,CA,AWP,WE,Towers with Radar,872,86,24,2,984,0,0,0,11,11,872,86,24,13,995,0,0,0,995
02/10/2023,SFO,CA,AWP,WE,Towers with Radar,882,90,21,0,993,0,2,5,13,20,882,92,26,13,1013,0,0,0,1013
02/11/2023,SFO,CA,AWP,WE,Towers with Radar,826,60,9,1,896,0,2,1,2,5,826,62,10,3,901,0,0,0,901
02/12/2023,SFO,CA,AWP,WE,Towers with Radar,860,73,8,0,941,0,5,1,3,9,860,78,9,3,950,0,0,0,950
02/13/2023,SFO,CA,AWP,WE,Towers with Radar,898,82,15,0,995,0,4,2,8,14,898,86,17,8,1009,0,0,0,1009
02/14/2023,SFO,CA,AWP,WE,Towers with Radar,854,65,9,0,928,0,3,2,12,17,854,68,11,12,945,0,0,0,945
02/15/2023,SFO,CA,AWP,WE,Towers with Radar,856,85,34,0,975,0,0,0,12,12,856,85,34,12,987,0,0,0,987
02/16/2023,SFO,CA,AWP,WE,Towers with Radar,899,107,18,0,1024,0,2,2,10,14,899,109,20,10,1038,0,0,0,1038
02/17/2023,SFO,CA,AWP,WE,Towers with Radar,908,124,21,0,1053,0,1,1,2,4,908,125,22,2,1057,0,0,0,1057
02/18/2023,SFO,CA,AWP,WE,Towers with Radar,825,89,12,0,926,0,9,2,5,16,825,98,14,5,942,0,0,0,942
02/19/2023,SFO,CA,AWP,WE,Towers with Radar,881,64,12,0,957,0,5,0,2,7,881,69,12,2,964,0,0,0,964
02/20/2023,SFO,CA,AWP,WE,Towers with Radar,894,75,10,0,979,0,2,2,3,7,894,77,12,3,986,0,0,0,986
02/21/2023,SFO,CA,AWP,WE,Towers with Radar,863,65,14,0,942,0,1,0,8,9,863,66,14,8,951,0,0,0,951
02/22/2023,SFO,CA,AWP,WE,Towers with Radar,830,83,15,1,929,0,0,3,12,15,830,83,18,13,944,0,0,0,944
02/23/2023,SFO,CA,AWP,WE,Towers with Radar,855,69,14,0,938,0,0,0,8,8,855,69,14,8,946,0,0,0,946
02/24/2023,SFO,CA,AWP,WE,Towers with Radar,907,63,13,0,983,0,4,0,8,12,907,67,13,8,995,0,0,0,995
02/25/2023,SFO,CA,AWP,WE,Towers with Radar,832,86,17,0,935,0,0,0,2,2,832,86,17,2,937,0,0,0,937
02/26/2023,SFO,CA,AWP,WE,Towers with Radar,881,93,24,0,998,0,2,0,4,6,881,95,24,4,1004,0,0,0,1004
02/27/2023,SFO,CA,AWP,WE,Towers with Radar,897,71,10,0,978,0,0,2,13,15,897,71,12,13,993,0,0,0,993
02/28/2023,SFO,CA,AWP,WE,Towers with Radar,864,70,14,0,948,0,0,0,12,12,864,70,14,12,960,0,0,0,960
03/01/2023,SFO,CA,AWP,WE,Towers with Radar,873,76,13,2,964,0,1,8,8,17,873,77,21,10,981,0,0,0,981
03/02/2023,SFO,CA,AWP,WE,Towers with Radar,899,83,25,1,1008,0,2,0,12,14,899,85,25,13,1022,0,0,0,1022
03/03/2023,SFO,CA,AWP,WE,Towers with Radar,904,84,19,3,1010,0,5,5,11,21,904,89,24,14,1031,0,0,0,1031
03/04/2023,SFO,CA,AWP,WE,Towers with Radar,823,62,9,0,894,0,2,0,2,4,823,64,9,2,898,0,0,0,898
03/05/2023,SFO,CA,AWP,WE,Towers with Radar,865,88,21,0,974,0,1,3,2,6,865,89,24,2,980,0,0,0,980
03/06/2023,SFO,CA,AWP,WE,Towers with Radar,941,93,28,0,1062,0,2,0,10,12,941,95,28,10,1074,0,0,0,1074
03/07/2023,SFO,CA,AWP,WE,Towers with Radar,881,96,35,1,1013,0,0,4,12,16,881,96,39,13,1029,0,0,0,1029
03/08/2023,SFO,CA,AWP,WE,Towers with Radar,890,97,30,0,1017,0,2,0,9,11,890,99,30,9,1028,0,0,0,1028
03/09/2023,SFO,CA,AWP,WE,Towers with Radar,841,63,21,0,925,0,2,2,4,8,841,65,23,4,933,0,0,0,933
03/10/2023,SFO,CA,AWP,WE,Towers with Radar,964,92,11,0,1067,0,0,2,12,14,964,92,13,12,1081,0,0,0,1081
03/11/2023,SFO,CA,AWP,WE,Towers with Radar,850,76,19,0,945,0,2,0,2,4,850,78,19,2,949,0,0,0,949
03/12/2023,SFO,CA,AWP,WE,Towers with Radar,836,71,16,0,923,0,0,0,4,4,836,71,16,4,927,0,0,0,927
03/13/2023,SFO,CA,AWP,WE,Towers with Radar,895,72,21,1,989,0,0,0,6,6,895,72,21,7,995,0,0,0,995
03/14/2023,SFO,CA,AWP,WE,Towers with Radar,833,42,7,0,882,0,0,0,2,2,833,42,7,2,884,0,0,0,884
03/15/2023,SFO,CA,AWP,WE,Towers with Radar,900,93,18,0,1011,0,6,1,8,15,900,99,19,8,1026,0,0,0,1026
03/16/2023,SFO,CA,AWP,WE,Towers with Radar,945,75,22,0,1042,0,6,5,10,21,945,81,27,10,1063,0,0,0,1063
03/17/2023,SFO,CA,AWP,WE,Towers with Radar,934,87,21,0,1042,0,11,31,4,46,934,98,52,4,1088,0,0,0,1088
03/18/2023,SFO,CA,AWP,WE,Towers with Radar,840,63,8,0,911,0,13,1,2,16,840,76,9,2,927,0,0,0,927
03/19/2023,SFO,CA,AWP,WE,Towers with Radar,883,86,26,0,995,0,2,0,0,2,883,88,26,0,997,0,0,0,997
03/20/2023,SFO,CA,AWP,WE,Towers with Radar,953,91,13,0,1057,0,6,2,8,16,953,97,15,8,1073,0,0,0,1073
03/21/2023,SFO,CA,AWP,WE,Towers with Radar,739,35,9,0,783,0,0,0,0,0,739,35,9,0,783,0,0,0,783
03/22/2023,SFO,CA,AWP,WE,Towers with Radar,957,76,19,0,1052,0,4,0,12,16,957,80,19,12,1068,0,0,0,1068
03/23/2023,SFO,CA,AWP,WE,Towers with Radar,939,74,17,0,1030,0,0,1,11,12,939,74,18,11,1042,0,0,0,1042
03/24/2023,SFO,CA,AWP,WE,Towers with Radar,945,97,27,0,1069,0,0,7,4,11,945,97,34,4,1080,0,0,0,1080
03/25/2023,SFO,CA,AWP,WE,Towers with Radar,850,56,13,0,919,0,3,3,4,10,850,59,16,4,929,0,0,0,929
03/26/2023,SFO,CA,AWP,WE,Towers with Radar,862,91,15,0,968,0,8,6,3,17,862,99,21,3,985,0,0,0,985
03/27/2023,SFO,CA,AWP,WE,Towers with Radar,918,84,12,0,1014,0,8,0,11,19,918,92,12,11,1033,0,0,0,1033
03/28/2023,SFO,CA,AWP,WE,Towers with Radar,862,56,16,0,934,0,3,1,6,10,862,59,17,6,944,0,0,0,944
03/29/2023,SFO,CA,AWP,WE,Towers with Radar,896,78,13,0,987,0,0,0,14,14,896,78,13,14,1001,0,0,0,1001
03/30/2023,SFO,CA,AWP,WE,Towers with Radar,927,74,29,0,1030,0,2,2,11,15,927,76,31,11,1045,0,0,0,1045
03/31/2023,SFO,CA,AWP,WE,Towers with Radar,920,90,11,0,1021,0,5,1,6,12,920,95,12,6,1033,0,0,0,1033
04/01/2023,SFO,CA,AWP,WE,Towers with Radar,834,77,16,0,927,0,3,0,4,7,834,80,16,4,934,0,0,0,934
04/02/2023,SFO,CA,AWP,WE,Towers with Radar,869,83,26,0,978,0,4,0,2,6,869,87,26,2,984,0,0,0,984
04/03/2023,SFO,CA,AWP,WE,Towers with Radar,938,78,16,2,1034,0,2,0,6,8,938,80,16,8,1042,0,0,0,1042
04/04/2023,SFO,CA,AWP,WE,Towers with Radar,889,70,20,1,980,0,1,4,11,16,889,71,24,12,996,0,0,0,996
04/05/2023,SFO,CA,AWP,WE,Towers with Radar,886,84,30,0,1000,0,1,2,11,14,886,85,32,11,1014,0,0,0,1014
04/06/2023,SFO,CA,AWP,WE,Towers with Radar,943,86,18,0,1047,0,3,4,10,17,943,89,22,10,1064,0,0,0,1064
04/07/2023,SFO,CA,AWP,WE,Towers with Radar,952,84,12,2,1050,0,1,0,2,3,952,85,12,4,1053,0,0,0,1053
04/08/2023,SFO,CA,AWP,WE,Towers with Radar,853,71,8,2,934,0,9,0,5,14,853,80,8,7,948,0,0,0,948
04/09/2023,SFO,CA,AWP,WE,Towers with Radar,905,99,12,0,1016,0,1,0,5,6,905,100,12,5,1022,0,0,0,1022
04/10/2023,SFO,CA,AWP,WE,Towers with Radar,940,73,20,0,1033,0,0,1,9,10,940,73,21,9,1043,0,0,0,1043
04/11/2023,SFO,CA,AWP,WE,Towers with Radar,912,78,24,0,1014,0,0,0,12,12,912,78,24,12,1026,0,0,0,1026
04/12/2023,SFO,CA,AWP,WE,Towers with Radar,916,67,15,0,998,0,2,4,14,20,916,69,19,14,1018,0,0,0,1018
04/13/2023,SFO,CA,AWP,WE,Towers with Radar,953,78,24,0,1055,0,6,2,13,21,953,84,26,13,1076,0,0,0,1076
04/14/2023,SFO,CA,AWP,WE,Towers with Radar,920,86,18,0,1024,0,5,10,5,20,920,91,28,5,1044,0,0,0,1044
04/15/2023,SFO,CA,AWP,WE,Towers with Radar,829,86,25,0,940,0,0,4,6,10,829,86,29,6,950,0,0,0,950
04/16/2023,SFO,CA,AWP,WE,Towers with Radar,891,117,29,0,1037,0,8,3,6,17,891,125,32,6,1054,0,0,0,1054
04/17/2023,SFO,CA,AWP,WE,Towers with Radar,940,96,17,0,1053,0,0,2,7,9,940,96,19,7,1062,0,0,0,1062
04/18/2023,SFO,CA,AWP,WE,Towers with Radar,899,73,20,0,992,0,4,5,13,22,899,77,25,13,1014,0,0,0,1014
04/19/2023,SFO,CA,AWP,WE,Towers with Radar,900,65,14,0,979,0,1,0,11,12,900,66,14,11,991,0,0,0,991
04/20/2023,SFO,CA,AWP,WE,Towers with Radar,925,83,27,0,1035,0,12,1,6,19,925,95,28,6,1054,0,0,0,1054
04/21/2023,SFO,CA,AWP,WE,Towers with Radar,952,96,13,1,1062,0,7,0,5,12,952,103,13,6,1074,0,0,0,1074
04/22/2023,SFO,CA,AWP,WE,Towers with Radar,838,82,10,2,932,0,6,2,3,11,838,88,12,5,943,0,0,0,943
04/23/2023,SFO,CA,AWP,WE,Towers with Radar,907,111,19,0,1037,0,0,0,2,2,907,111,19,2,1039,0,0,0,1039
04/24/2023,SFO,CA,AWP,WE,Towers with Radar,945,63,24,0,1032,0,4,0,6,10,945,67,24,6,1042,0,0,0,1042
04/25/2023,SFO,CA,AWP,WE,Towers with Radar,907,79,21,0,1007,0,5,1,16,22,907,84,22,16,1029,0,0,0,1029
04/26/2023,SFO,CA,AWP,WE,Towers with Radar,914,88,36,3,1041,0,2,2,10,14,914,90,38,13,1055,0,0,0,1055
04/27/2023,SFO,CA,AWP,WE,Towers with Radar,960,82,28,0,1070,0,3,4,11,18,960,85,32,11,1088,0,0,0,1088
04/28/2023,SFO,CA,AWP,WE,Towers with Radar,945,88,17,0,1050,0,4,1,6,11,945,92,18,6,1061,0,0,0,1061
04/29/2023,SFO,CA,AWP,WE,Towers with Radar,845,63,11,0,919,0,4,0,4,8,845,67,11,4,927,0,0,0,927
04/30/2023,SFO,CA,AWP,WE,Towers with Radar,909,120,22,1,1052,0,4,0,3,7,909,124,22,4,1059,0,0,0,1059
05/01/2023,SFO,CA,AWP,WE,Towers with Radar,958,77,21,0,1056,0,7,0,8,15,958,84,21,8,1071,0,0,0,1071
05/02/2023,SFO,CA,AWP,WE,Towers with Radar,935,110,34,0,1079,0,0,0,6,6,935,110,34,6,1085,0,0,0,1085
05/03/2023,SFO,CA,AWP,WE,Towers with Radar,949,89,32,0,1070,0,0,0,7,7,949,89,32,7,1077,0,0,0,1077
05/04/2023,SFO,CA,AWP,WE,Towers with Radar,956,83,21,0,1060,0,1,3,7,11,956,84,24,7,1071,0,0,0,1071
05/05/2023,SFO,CA,AWP,WE,Towers with Radar,972,93,14,0,1079,0,0,8,5,13,972,93,22,5,1092,0,0,0,1092
05/06/2023,SFO,CA,AWP,WE,Towers with Radar,901,75,16,0,992,0,2,0,2,4,901,77,16,2,996,0,0,0,996
05/07/2023,SFO,CA,AWP,WE,Towers with Radar,967,120,15,0,1102,0,2,0,2,4,967,122,15,2,1106,0,0,0,1106
05/08/2023,SFO,CA,AWP,WE,Towers with Radar,986,79,20,0,1085,0,2,0,4,6,986,81,20,4,1091,0,0,0,1091
05/09/2023,SFO,CA,AWP,WE,Towers with Radar,959,103,33,0,1095,0,4,0,6,10,959,107,33,6,1105,0,0,0,1105
05/10/2023,SFO,CA,AWP,WE,Towers with Radar,952,111,42,0,1105,0,4,0,10,14,952,115,42,10,1119,0,0,0,1119
05/11/2023,SFO,CA,AWP,WE,Towers with Radar,1000,99,19,0,1118,0,1,0,11,12,1000,100,19,11,1130,0,0,0,1130
05/12/2023,SFO,CA,AWP,WE,Towers with Radar,1002,96,20,0,1118,0,1,1,3,5,1002,97,21,3,1123,0,0,0,1123
05/13/2023,SFO,CA,AWP,WE,Towers with Radar,926,61,3,0,990,0,1,1,2,4,926,62,4,2,994,0,0,0,994
05/14/2023,SFO,CA,AWP,WE,Towers with Radar,966,85,26,0,1077,0,3,0,4,7,966,88,26,4,1084,0,0,0,1084
05/15/2023,SFO,CA,AWP,WE,Towers with Radar,1006,78,5,0,1089,0,2,6,5,13,1006,80,11,5,1102,0,0,0,1102
05/16/2023,SFO,CA,AWP,WE,Towers with Radar,968,88,25,0,1081,0,2,0,11,13,968,90,25,11,1094,0,0,0,1094
05/17/2023,SFO,CA,AWP,WE,Towers with Radar,959,77,12,0,1048,0,1,1,8,10,959,78,13,8,1058,0,0,0,1058
05/18/2023,SFO,CA,AWP,WE,Towers with Radar,1002,89,25,2,1118,0,4,0,9,13,1002,93,25,11,1131,0,0,0,1131
05/19/2023,SFO,CA,AWP,WE,Towers with Radar,1022,98,23,0,1143,0,0,6,8,14,1022,98,29,8,1157,0,0,0,1157
05/20/2023,SFO,CA,AWP,WE,Towers with Radar,936,73,14,0,1023,0,3,5,5,13,936,76,19,5,1036,0,0,0,1036
05/21/2023,SFO,CA,AWP,WE,Towers with Radar,998,98,17,0,1113,0,4,0,7,11,998,102,17,7,1124,0,0,0,1124
05/22/2023,SFO,CA,AWP,WE,Towers with Radar,1028,76,9,0,1113,0,3,5,4,12,1028,79,14,4,1125,0,0,0,1125
05/23/2023,SFO,CA,AWP,WE,Towers with Radar,982,75,21,0,1078,0,1,0,10,11,982,76,21,10,1089,0,0,0,1089
05/24/2023,SFO,CA,AWP,WE,Towers with Radar,985,80,39,0,1104,0,7,2,10,19,985,87,41,10,1123,0,0,0,1123
05/25/2023,SFO,CA,AWP,WE,Towers with Radar,1014,91,24,0,1129,0,2,8,6,16,1014,93,32,6,1145,0,0,0,1145
05/26/2023,SFO,CA,AWP,WE,Towers with Radar,1007,108,30,0,1145,0,3,7,4,14,1007,111,37,4,1159,0,0,0,1159
05/27/2023,SFO,CA,AWP,WE,Towers with Radar,928,68,7,1,1004,0,2,0,4,6,928,70,7,5,1010,0,0,0,1010
05/28/2023,SFO,CA,AWP,WE,Towers with Radar,971,84,11,1,1067,0,0,0,2,2,971,84,11,3,1069,0,0,0,1069
05/29/2023,SFO,CA,AWP,WE,Towers with Radar,1013,136,15,0,1164,0,4,0,6,10,1013,140,15,6,1174,0,0,0,1174
05/30/2023,SFO,CA,AWP,WE,Towers with Radar,967,85,19,1,1072,0,1,2,9,12,967,86,21,10,1084,0,0,0,1084
05/31/2023,SFO,CA,AWP,WE,Towers with Radar,984,83,24,0,1091,0,3,0,11,14,984,86,24,11,1105,0,0,0,1105
06/01/2023,SFO,CA,AWP,WE,Towers with Radar,1019,85,26,1,1131,0,0,12,11,23,1019,85,38,12,1154,0,0,0,1154
06/02/2023,SFO,CA,AWP,WE,Towers with Radar,1025,74,30,0,1129,0,2,1,6,9,1025,76,31,6,1138,0,0,0,1138
06/03/2023,SFO,CA,AWP,WE,Towers with Radar,965,64,13,0,1042,0,0,4,2,6,965,64,17,2,1048,0,0,0,1048
06/04/2023,SFO,CA,AWP,WE,Towers with Radar,1012,96,20,0,1128,0,0,0,5,5,1012,96,20,5,1133,0,0,0,1133
06/05/2023,SFO,CA,AWP,WE,Towers with Radar,1053,63,15,0,1131,0,2,1,7,10,1053,65,16,7,1141,0,0,0,1141
06/06/2023,SFO,CA,AWP,WE,Towers with Radar,1009,56,26,1,1092,0,0,2,11,13,1009,56,28,12,1105,0,0,0,1105
06/07/2023,SFO,CA,AWP,WE,Towers with Radar,1008,71,17,1,1097,0,0,3,7,10,1008,71,20,8,1107,0,0,0,1107
06/08/2023,SFO,CA,AWP,WE,Towers with Radar,1041,86,16,1,1144,0,1,4,9,14,1041,87,20,10,1158,0,0,0,1158
06/09/2023,SFO,CA,AWP,WE,Towers with Radar,1036,97,14,0,1147,0,2,3,8,13,1036,99,17,8,1160,0,0,0,1160
06/10/2023,SFO,CA,AWP,WE,Towers with Radar,962,65,14,0,1041,0,0,0,4,4,962,65,14,4,1045,0,0,0,1045
06/11/2023,SFO,CA,AWP,WE,Towers with Radar,1015,78,22,2,1117,0,1,2,3,6,1015,79,24,5,1123,0,0,0,1123
06/12/2023,SFO,CA,AWP,WE,Towers with Radar,1052,84,13,1,1150,0,8,2,16,26,1052,92,15,17,1176,0,0,0,1176
06/13/2023,SFO,CA,AWP,WE,Towers with Radar,976,79,23,1,1079,0,3,0,10,13,976,82,23,11,1092,0,0,0,1092
06/14/2023,SFO,CA,AWP,WE,Towers with Radar,1042,106,22,2,1172,0,1,0,10,11,1042,107,22,12,1183,0,0,0,1183
06/15/2023,SFO,CA,AWP,WE,Towers with Radar,1018,82,26,4,1130,0,4,0,13,17,1018,86,26,17,1147,0,0,0,1147
06/16/2023,SFO,CA,AWP,WE,Towers with Radar,1042,84,19,4,1149,0,5,1,10,16,1042,89,20,14,1165,0,0,0,1165
06/17/2023,SFO,CA,AWP,WE,Towers with Radar,967,70,9,0,1046,0,3,0,4,7,967,73,9,4,1053,0,0,0,1053
06/18/2023,SFO,CA,AWP,WE,Towers with Radar,985,74,9,5,1073,0,3,2,8,13,985,77,11,13,1086,0,0,0,1086
06/19/2023,SFO,CA,AWP,WE,Towers with Radar,1047,82,9,3,1141,0,1,1,3,5,1047,83,10,6,1146,0,0,0,1146
06/20/2023,SFO,CA,AWP,WE,Towers with Radar,1006,33,2,4,1045,0,2,1,4,7,1006,35,3,8,1052,0,0,0,1052
06/21/2023,SFO,CA,AWP,WE,Towers with Radar,992,75,18,10,1095,0,8,5,8,21,992,83,23,18,1116,0,0,0,1116
06/22/2023,SFO,CA,AWP,WE,Towers with Radar,1022,89,16,4,1131,0,4,0,9,13,1022,93,16,13,1144,0,0,0,1144
06/23/2023,SFO,CA,AWP,WE,Towers with Radar,1055,91,6,1,1153,0,2,2,4,8,1055,93,8,5,1161,0,0,0,1161
06/24/2023,SFO,CA,AWP,WE,Towers with Radar,937,75,8,0,1020,0,1,0,7,8,937,76,8,7,1028,0,0,0,1028
06/25/2023,SFO,CA,AWP,WE,Towers with Radar,954,96,8,0,1058,0,0,0,2,2,954,96,8,2,1060,0,0,0,1060
06/26/2023,SFO,CA,AWP,WE,Towers with Radar,1005,82,10,0,1097,0,0,0,7,7,1005,82,10,7,1104,0,0,0,1104
06/27/2023,SFO,CA,AWP,WE,Towers with Radar,915,73,18,0,1006,0,2,0,10,12,915,75,18,10,1018,0,0,0,1018
06/28/2023,SFO,CA,AWP,WE,Towers with Radar,930,107,18,1,1056,0,3,1,8,12,930,110,19,9,1068,0,0,0,1068
06/29/2023,SFO,CA,AWP,WE,Towers with Radar,999,121,26,0,1146,0,2,4,14,20,999,123,30,14,1166,0,0,0,1166
06/30/2023,SFO,CA,AWP,WE,Towers with Radar,1035,111,27,2,1175,0,2,2,5,9,1035,113,29,7,1184,0,0,0,1184
07/01/2023,SFO,CA,AWP,WE,Towers with Radar,984,83,13,1,1081,0,3,0,2,5,984,86,13,3,1086,0,0,0,1086
07/02/2023,SFO,CA,AWP,WE,Towers with Radar,958,77,9,1,1045,0,3,7,3,13,958,80,16,4,1058,0,0,0,1058
07/03/2023,SFO,CA,AWP,WE,Towers with Radar,1004,54,12,1,1071,0,4,2,2,8,1004,58,14,3,1079,0,0,0,1079
07/04/2023,SFO,CA,AWP,WE,Towers with Radar,951,54,5,0,1010,0,5,2,7,14,951,59,7,7,1024,0,0,0,1024
07/05/2023,SFO,CA,AWP,WE,Towers with Radar,987,88,20,2,1097,0,3,1,10,14,987,91,21,12,1111,0,0,0,1111
07/06/2023,SFO,CA,AWP,WE,Towers with Radar,1040,78,8,2,1128,0,4,0,4,8,1040,82,8,6,1136,0,0,0,1136
07/07/2023,SFO,CA,AWP,WE,Towers with Radar,1031,82,11,0,1124,0,6,0,7,13,1031,88,11,7,1137,0,0,0,1137
07/08/2023,SFO,CA,AWP,WE,Towers with Radar,959,69,10,2,1040,0,4,0,7,11,959,73,10,9,1051,0,0,0,1051
07/09/2023,SFO,CA,AWP,WE,Towers with Radar,970,85,25,1,1081,0,1,0,4,5,970,86,25,5,1086,0,0,0,1086
07/10/2023,SFO,CA,AWP,WE,Towers with Radar,1046,88,17,0,1151,0,0,0,7,7,1046,88,17,7,1158,0,0,0,1158
07/11/2023,SFO,CA,AWP,WE,Towers with Radar,1027,78,18,0,1123,0,4,18,3,25,1027,82,36,3,1148,0,0,0,1148
07/12/2023,SFO,CA,AWP,WE,Towers with Radar,1009,76,26,0,1111,0,1,5,9,15,1009,77,31,9,1126,0,0,0,1126
07/13/2023,SFO,CA,AWP,WE,Towers with Radar,1050,90,24,0,1164,0,1,1,9,11,1050,91,25,9,1175,0,0,0,1175
07/14/2023,SFO,CA,AWP,WE,Towers with Radar,1048,71,19,0,1138,0,1,1,9,11,1048,72,20,9,1149,0,0,0,1149
07/15/2023,SFO,CA,AWP,WE,Towers with Radar,965,68,9,0,1042,0,2,2,2,6,965,70,11,2,1048,0,0,0,1048
07/16/2023,SFO,CA,AWP,WE,Towers with Radar,1000,81,20,0,1101,0,7,3,7,17,1000,88,23,7,1118,0,0,0,1118
07/17/2023,SFO,CA,AWP,WE,Towers with Radar,1039,80,15,0,1134,0,6,3,8,17,1039,86,18,8,1151,0,0,0,1151
07/18/2023,SFO,CA,AWP,WE,Towers with Radar,1018,77,22,0,1117,0,4,4,6,14,1018,81,26,6,1131,0,0,0,1131
07/19/2023,SFO,CA,AWP,WE,Towers with Radar,1027,112,17,0,1156,0,3,1,9,13,1027,115,18,9,1169,0,0,0,1169
07/20/2023,SFO,CA,AWP,WE,Towers with Radar,1041,86,10,0,1137,0,9,0,9,18,1041,95,10,9,1155,0,0,0,1155
07/21/2023,SFO,CA,AWP,WE,Towers with Radar,1035,75,11,1,1122,0,4,2,7,13,1035,79,13,8,1135,0,0,0,1135
07/22/2023,SFO,CA,AWP,WE,Towers with Radar,983,65,13,2,1063,0,1,0,3,4,983,66,13,5,1067,0,0,0,1067
07/23/2023,SFO,CA,AWP,WE,Towers with Radar,1003,99,11,2,1115,0,2,1,4,7,1003,101,12,6,1122,0,0,0,1122
07/24/2023,SFO,CA,AWP,WE,Towers with Radar,1040,97,16,1,1154,0,3,0,9,12,1040,100,16,10,1166,0,0,0,1166
07/25/2023,SFO,CA,AWP,WE,Towers with Radar,1009,68,11,0,1088,0,4,2,10,16,1009,72,13,10,1104,0,0,0,1104
07/26/2023,SFO,CA,AWP,WE,Towers with Radar,1010,76,14,0,1100,0,1,2,8,11,1010,77,16,8,1111,0,0,0,1111
07/27/2023,SFO,CA,AWP,WE,Towers with Radar,1051,88,16,1,1156,0,1,2,6,9,1051,89,18,7,1165,0,0,0,1165
07/28/2023,SFO,CA,AWP,WE,Towers with Radar,1037,91,19,0,1147,0,4,0,4,8,1037,95,19,4,1155,0,0,0,1155
07/29/2023,SFO,CA,AWP,WE,Towers with Radar,954,75,7,1,1037,0,5,3,5,13,954,80,10,6,1050,0,0,0,1050
07/30/2023,SFO,CA,AWP,WE,Towers with Radar,972,109,11,0,1092,0,1,2,4,7,972,110,13,4,1099,0,0,0,1099
07/31/2023,SFO,CA,AWP,WE,Towers with Radar,1056,93,13,0,1162,0,5,0,11,16,1056,98,13,11,1178,0,0,0,1178
08/01/2023,SFO,CA,AWP,WE,Towers with Radar,1032,76,13,0,1121,0,0,0,8,8,1032,76,13,8,1129,0,0,0,1129
08/02/2023,SFO,CA,AWP,WE,Towers with Radar,1015,77,10,1,1103,0,2,4,11,17,1015,79,14,12,1120,0,0,0,1120
08/03/2023,SFO,CA,AWP,WE,Towers with Radar,1034,79,18,2,1133,0,3,0,7,10,1034,82,18,9,1143,0,0,0,1143
08/04/2023,SFO,CA,AWP,WE,Towers with Radar,1064,71,13,0,1148,0,4,0,2,6,1064,75,13,2,1154,0,0,0,1154
08/05/2023,SFO,CA,AWP,WE,Towers with Radar,980,62,10,0,1052,0,2,2,8,12,980,64,12,8,1064,0,0,0,1064
08/06/2023,SFO,CA,AWP,WE,Towers with Radar,1000,86,12,2,1100,0,7,1,6,14,1000,93,13,8,1114,0,0,0,1114
08/07/2023,SFO,CA,AWP,WE,Towers with Radar,1021,82,13,0,1116,0,3,0,5,8,1021,85,13,5,1124,0,0,0,1124
08/08/2023,SFO,CA,AWP,WE,Towers with Radar,1033,85,16,0,1134,0,1,2,7,10,1033,86,18,7,1144,0,0,0,1144
08/09/2023,SFO,CA,AWP,WE,Towers with Radar,1024,72,18,0,1114,0,2,12,6,20,1024,74,30,6,1134,0,0,0,1134
08/10/2023,SFO,CA,AWP,WE,Towers with Radar,1058,69,14,0,1141,0,2,1,10,13,1058,71,15,10,1154,0,0,0,1154
08/11/2023,SFO,CA,AWP,WE,Towers with Radar,1069,64,18,1,1152,0,0,0,3,3,1069,64,18,4,1155,0,0,0,1155
08/12/2023,SFO,CA,AWP,WE,Towers with Radar,987,64,19,0,1070,0,3,0,2,5,987,67,19,2,1075,0,0,0,1075
08/13/2023,SFO,CA,AWP,WE,Towers with Radar,1024,77,18,0,1119,0,2,1,2,5,1024,79,19,2,1124,0,0,0,1124
08/14/2023,SFO,CA,AWP,WE,Towers with Radar,1037,60,30,2,1129,0,0,1,5,6,1037,60,31,7,1135,0,0,0,1135
08/15/2023,SFO,CA,AWP,WE,Towers with Radar,1013,69,22,0,1104,0,0,0,14,14,1013,69,22,14,1118,0,0,0,1118
08/16/2023,SFO,CA,AWP,WE,Towers with Radar,1017,77,17,0,1111,0,3,4,12,19,1017,80,21,12,1130,0,0,0,1130
08/17/2023,SFO,CA,AWP,WE,Towers with Radar,1043,76,21,1,1141,0,1,6,10,17,1043,77,27,11,1158,0,0,0,1158
08/18/2023,SFO,CA,AWP,WE,Towers with Radar,1038,79,12,2,1131,0,3,2,3,8,1038,82,14,5,1139,0,0,0,1139
08/19/2023,SFO,CA,AWP,WE,Towers with Radar,990,70,11,1,1072,0,4,1,3,8,990,74,12,4,1080,0,0,0,1080
08/20/2023,SFO,CA,AWP,WE,Towers with Radar,954,84,18,1,1057,0,2,0,2,4,954,86,18,3,1061,0,0,0,1061
08/21/2023,SFO,CA,AWP,WE,Towers with Radar,1030,76,10,0,1116,0,1,0,7,8,1030,77,10,7,1124,0,0,0,1124
08/22/2023,SFO,CA,AWP,WE,Towers with Radar,1021,76,12,2,1111,0,0,0,6,6,1021,76,12,8,1117,0,0,0,1117
08/23/2023,SFO,CA,AWP,WE,Towers with Radar,999,76,27,0,1102,0,3,2,12,17,999,79,29,12,1119,0,0,0,1119
08/24/2023,SFO,CA,AWP,WE,Towers with Radar,1063,70,14,0,1147,0,4,1,7,12,1063,74,15,7,1159,0,0,0,1159
08/25/2023,SFO,CA,AWP,WE,Towers with Radar,1037,73,12,1,1123,0,0,0,8,8,1037,73,12,9,1131,0,0,0,1131
08/26/2023,SFO,CA,AWP,WE,Towers with Radar,983,54,4,0,1041,0,0,0,3,3,983,54,4,3,1044,0,0,0,1044
08/27/2023,SFO,CA,AWP,WE,Towers with Radar,1000,76,13,1,1090,0,2,1,6,9,1000,78,14,7,1099,0,0,0,1099
08/28/2023,SFO,CA,AWP,WE,Towers with Radar,1036,87,9,2,1134,0,5,0,9,14,1036,92,9,11,1148,0,0,0,1148
08/29/2023,SFO,CA,AWP,WE,Towers with Radar,1007,80,23,1,1111,0,2,1,7,10,1007,82,24,8,1121,0,0,0,1121
08/30/2023,SFO,CA,AWP,WE,Towers with Radar,1005,72,14,1,1092,0,3,0,11,14,1005,75,14,12,1106,0,0,0,1106
08/31/2023,SFO,CA,AWP,WE,Towers with Radar,1051,92,18,2,1163,0,3,1,6,10,1051,95,19,8,1173,0,0,0,1173
