01/01/2000,SGF,MO,ACE,CE,Towers with Radar,14,28,34,0,76,0,0,17,0,17,14,28,51,0,93,24,0,24,117
01/02/2000,SGF,MO,ACE,CE,Towers with Radar,20,36,26,0,82,5,1,0,0,6,25,37,26,0,88,2,0,2,90
01/03/2000,SGF,MO,ACE,CE,Towers with Radar,26,58,38,0,122,0,0,11,0,11,26,58,49,0,133,8,0,8,141
01/04/2000,SGF,MO,ACE,CE,Towers with Radar,42,72,45,1,160,0,0,8,1,9,42,72,53,2,169,40,0,40,209
01/05/2000,SGF,MO,ACE,CE,Towers with Radar,40,69,58,19,186,0,5,37,4,46,40,74,95,23,232,32,34,66,298
01/06/2000,SGF,MO,ACE,CE,Towers with Radar,34,78,48,32,192,0,0,70,1,71,34,78,118,33,263,56,106,162,425
01/07/2000,SGF,MO,ACE,CE,Towers with Radar,41,63,43,10,157,2,0,54,0,56,43,63,97,10,213,34,68,102,315
01/08/2000,SGF,MO,ACE,CE,Towers with Radar,25,55,28,5,113,0,0,0,1,1,25,55,28,6,114,4,0,4,118
01/09/2000,SGF,MO,ACE,CE,Towers with Radar,21,37,40,4,102,0,0,11,0,11,21,37,51,4,113,38,0,38,151
01/10/2000,SGF,MO,ACE,CE,Towers with Radar,28,60,68,16,172,0,0,31,0,31,28,60,99,16,203,14,104,118,321
01/11/2000,SGF,MO,ACE,CE,Towers with Radar,36,78,74,28,216,0,0,73,4,77,36,78,147,32,293,70,57,127,420
01/12/2000,SGF,MO,ACE,CE,Towers with Radar,44,71,79,4,198,0,0,47,1,48,44,71,126,5,246,44,0,44,290
01/13/2000,SGF,MO,ACE,CE,Towers with Radar,43,80,64,22,209,0,8,65,6,79,43,88,129,28,288,120,30,150,438
01/14/2000,SGF,MO,ACE,CE,Towers with Radar,35,90,52,1,178,0,2,52,3,57,35,92,104,4,235,82,0,82,317
01/15/2000,SGF,MO,ACE,CE,Towers with Radar,32,50,40,1,123,0,6,43,1,50,32,56,83,2,173,76,0,76,249
01/16/2000,SGF,MO,ACE,CE,Towers with Radar,19,44,43,0,106,0,0,0,0,0,19,44,43,0,106,50,0,50,156
01/17/2000,SGF,MO,ACE,CE,Towers with Radar,29,46,55,0,130,0,0,0,0,0,29,46,55,0,130,6,0,6,136
01/18/2000,SGF,MO,ACE,CE,Towers with Radar,33,65,57,0,155,0,11,31,0,42,33,76,88,0,197,52,0,52,249
01/19/2000,SGF,MO,ACE,CE,Towers with Radar,38,77,76,0,191,0,0,33,4,37,38,77,109,4,228,22,0,22,250
01/20/2000,SGF,MO,ACE,CE,Towers with Radar,37,72,62,15,186,0,1,59,5,65,37,73,121,20,251,100,0,100,351
01/21/2000,SGF,MO,ACE,CE,Towers with Radar,39,80,84,7,210,0,1,65,1,67,39,81,149,8,277,106,0,106,383
01/22/2000,SGF,MO,ACE,CE,Towers with Radar,20,38,35,1,94,13,15,33,0,61,33,53,68,1,155,64,0,64,219
01/23/2000,SGF,MO,ACE,CE,Towers with Radar,28,34,36,1,99,0,0,23,1,24,28,34,59,2,123,36,0,36,159
01/24/2000,SGF,MO,ACE,CE,Towers with Radar,28,63,53,14,158,0,1,34,1,36,28,64,87,15,194,44,28,72,266
01/25/2000,SGF,MO,ACE,CE,Towers with Radar,41,75,99,26,241,0,2,24,0,26,41,77,123,26,267,54,76,130,397
01/26/2000,SGF,MO,ACE,CE,Towers with Radar,37,83,72,9,201,0,0,61,7,68,37,83,133,16,269,89,16,105,374
01/27/2000,SGF,MO,ACE,CE,Towers with Radar,34,68,61,12,175,0,9,15,8,32,34,77,76,20,207,66,40,106,313
01/28/2000,SGF,MO,ACE,CE,Towers with Radar,35,67,38,6,146,1,0,1,1,3,36,67,39,7,149,0,0,0,149
01/29/2000,SGF,MO,ACE,CE,Towers with Radar,28,42,70,0,140,0,0,4,0,4,28,42,74,0,144,38,0,38,182
01/30/2000,SGF,MO,ACE,CE,Towers with Radar,27,34,23,1,85,0,0,6,1,7,27,34,29,2,92,0,0,0,92
01/31/2000,SGF,MO,ACE,CE,Towers with Radar,26,55,74,3,158,0,0,34,5,39,26,55,108,8,197,32,0,32,229
02/01/2000,SGF,MO,ACE,CE,Towers with Radar,45,66,80,7,198,2,4,19,0,25,47,70,99,7,223,26,32,58,281
02/02/2000,SGF,MO,ACE,CE,Towers with Radar,36,79,69,8,192,0,1,57,13,71,36,80,126,21,263,90,46,136,399
02/03/2000,SGF,MO,ACE,CE,Towers with Radar,35,84,72,9,200,0,12,64,14,90,35,96,136,23,290,84,48,132,422
02/04/2000,SGF,MO,ACE,CE,Towers with Radar,37,76,62,4,179,0,0,29,0,29,37,76,91,4,208,26,0,26,234
02/05/2000,SGF,MO,ACE,CE,Towers with Radar,31,46,50,0,127,8,0,91,0,99,39,46,141,0,226,82,0,82,308
02/06/2000,SGF,MO,ACE,CE,Towers with Radar,27,34,31,2,94,0,1,52,0,53,27,35,83,2,147,62,0,62,209
02/07/2000,SGF,MO,ACE,CE,Towers with Radar,30,58,46,14,148,0,4,30,7,41,30,62,76,21,189,55,34,89,278
02/08/2000,SGF,MO,ACE,CE,Towers with Radar,41,73,60,12,186,0,6,80,4,90,41,79,140,16,276,38,22,60,336
02/09/2000,SGF,MO,ACE,CE,Towers with Radar,39,86,69,5,199,0,0,59,0,59,39,86,128,5,258,72,0,72,330
02/10/2000,SGF,MO,ACE,CE,Towers with Radar,37,90,55,9,191,0,1,21,0,22,37,91,76,9,213,28,20,48,261
02/11/2000,SGF,MO,ACE,CE,Towers with Radar,36,92,71,3,202,0,0,0,0,0,36,92,71,3,202,2,0,2,204
02/12/2000,SGF,MO,ACE,CE,Towers with Radar,32,41,33,2,108,0,0,0,0,0,32,41,33,2,108,40,0,40,148
02/13/2000,SGF,MO,ACE,CE,Towers with Radar,23,35,41,3,102,0,0,0,0,0,23,35,41,3,102,0,0,0,102
02/14/2000,SGF,MO,ACE,CE,Towers with Radar,26,56,52,0,134,0,0,41,0,41,26,56,93,0,175,26,0,26,201
02/15/2000,SGF,MO,ACE,CE,Towers with Radar,41,75,69,1,186,19,0,51,0,70,60,75,120,1,256,41,0,41,297
02/16/2000,SGF,MO,ACE,CE,Towers with Radar,42,96,50,8,196,1,0,52,3,56,43,96,102,11,252,54,0,54,306
02/17/2000,SGF,MO,ACE,CE,Towers with Radar,36,88,30,1,155,0,6,0,0,6,36,94,30,1,161,0,0,0,161
02/18/2000,SGF,MO,ACE,CE,Towers with Radar,19,74,47,3,143,0,0,3,0,3,19,74,50,3,146,4,0,4,150
02/19/2000,SGF,MO,ACE,CE,Towers with Radar,31,40,57,0,128,0,0,31,1,32,31,40,88,1,160,18,0,18,178
02/20/2000,SGF,MO,ACE,CE,Towers with Radar,27,43,52,0,122,0,0,80,0,80,27,43,132,0,202,46,0,46,248
02/21/2000,SGF,MO,ACE,CE,Towers with Radar,31,45,61,0,137,0,0,40,0,40,31,45,101,0,177,66,0,66,243
02/22/2000,SGF,MO,ACE,CE,Towers with Radar,35,71,62,19,187,0,0,63,9,72,35,71,125,28,259,41,76,117,376
02/23/2000,SGF,MO,ACE,CE,Towers with Radar,37,84,56,11,188,0,0,11,0,11,37,84,67,11,199,11,48,59,258
02/24/2000,SGF,MO,ACE,CE,Towers with Radar,36,86,83,11,216,0,3,65,6,74,36,89,148,17,290,76,8,84,374
02/25/2000,SGF,MO,ACE,CE,Towers with Radar,30,71,50,6,157,0,0,3,0,3,30,71,53,6,160,8,0,8,168
02/26/2000,SGF,MO,ACE,CE,Towers with Radar,31,47,38,6,122,0,0,44,1,45,31,47,82,7,167,100,0,100,267
02/27/2000,SGF,MO,ACE,CE,Towers with Radar,26,33,55,7,121,0,0,112,0,112,26,33,167,7,233,80,27,107,340
02/28/2000,SGF,MO,ACE,CE,Towers with Radar,27,55,22,17,121,29,41,0,69,139,56,96,22,86,260,58,0,58,318
02/29/2000,SGF,MO,ACE,CE,Towers with Radar,38,74,90,3,205,0,5,34,7,46,38,79,124,10,251,4,0,4,255
03/01/2000,SGF,MO,ACE,CE,Towers with Radar,44,64,48,26,182,1,7,73,8,89,45,71,121,34,271,50,98,148,419
03/02/2000,SGF,MO,ACE,CE,Towers with Radar,35,64,70,19,188,0,0,37,3,40,35,64,107,22,228,28,14,42,270
03/03/2000,SGF,MO,ACE,CE,Towers with Radar,36,81,60,2,179,0,1,3,0,4,36,82,63,2,183,0,0,0,183
03/04/2000,SGF,MO,ACE,CE,Towers with Radar,29,41,54,3,127,0,2,95,13,110,29,43,149,16,237,122,4,126,363
03/05/2000,SGF,MO,ACE,CE,Towers with Radar,25,39,67,6,137,2,1,30,3,36,27,40,97,9,173,28,8,36,209
03/06/2000,SGF,MO,ACE,CE,Towers with Radar,31,62,62,1,156,0,2,69,0,71,31,64,131,1,227,116,0,116,343
03/07/2000,SGF,MO,ACE,CE,Towers with Radar,33,71,77,0,181,0,8,58,0,66,33,79,135,0,247,30,0,30,277
03/08/2000,SGF,MO,ACE,CE,Towers with Radar,36,79,59,3,177,0,0,25,2,27,36,79,84,5,204,0,6,6,210
03/09/2000,SGF,MO,ACE,CE,Towers with Radar,38,71,73,10,192,0,3,64,4,71,38,74,137,14,263,24,36,60,323
03/10/2000,SGF,MO,ACE,CE,Towers with Radar,36,69,55,1,161,0,0,47,1,48,36,69,102,2,209,83,0,83,292
03/11/2000,SGF,MO,ACE,CE,Towers with Radar,32,36,46,1,115,0,0,10,1,11,32,36,56,2,126,38,0,38,164
03/12/2000,SGF,MO,ACE,CE,Towers with Radar,25,37,55,3,120,0,0,72,1,73,25,37,127,4,193,46,0,46,239
03/13/2000,SGF,MO,ACE,CE,Towers with Radar,29,54,57,7,147,0,0,48,7,55,29,54,105,14,202,28,6,34,236
03/14/2000,SGF,MO,ACE,CE,Towers with Radar,36,72,87,7,202,0,1,47,4,52,36,73,134,11,254,14,4,18,272
03/15/2000,SGF,MO,ACE,CE,Towers with Radar,34,73,92,15,214,0,2,53,12,67,34,75,145,27,281,50,32,82,363
03/16/2000,SGF,MO,ACE,CE,Towers with Radar,34,82,60,5,181,0,0,0,0,0,34,82,60,5,181,0,2,2,183
03/17/2000,SGF,MO,ACE,CE,Towers with Radar,36,70,73,13,192,0,0,43,9,52,36,70,116,22,244,10,6,16,260
03/18/2000,SGF,MO,ACE,CE,Towers with Radar,32,46,79,0,157,0,0,16,7,23,32,46,95,7,180,74,0,74,254
03/19/2000,SGF,MO,ACE,CE,Towers with Radar,23,35,43,0,101,3,0,24,0,27,26,35,67,0,128,0,0,0,128
03/20/2000,SGF,MO,ACE,CE,Towers with Radar,28,52,66,9,155,0,0,38,6,44,28,52,104,15,199,78,0,78,277
03/21/2000,SGF,MO,ACE,CE,Towers with Radar,41,65,61,12,179,0,4,82,9,95,41,69,143,21,274,76,8,84,358
03/22/2000,SGF,MO,ACE,CE,Towers with Radar,40,65,77,22,204,0,2,61,4,67,40,67,138,26,271,14,28,42,313
03/23/2000,SGF,MO,ACE,CE,Towers with Radar,35,85,61,6,187,0,2,33,2,37,35,87,94,8,224,22,20,42,266
03/24/2000,SGF,MO,ACE,CE,Towers with Radar,40,71,49,14,174,0,5,77,2,84,40,76,126,16,258,110,34,144,402
03/25/2000,SGF,MO,ACE,CE,Towers with Radar,30,39,28,2,99,0,0,72,0,72,30,39,100,2,171,97,0,97,268
03/26/2000,SGF,MO,ACE,CE,Towers with Radar,20,38,36,2,96,0,0,17,0,17,20,38,53,2,113,12,0,12,125
03/27/2000,SGF,MO,ACE,CE,Towers with Radar,25,57,70,8,160,0,1,80,0,81,25,58,150,8,241,40,26,66,307
03/28/2000,SGF,MO,ACE,CE,Towers with Radar,39,65,50,38,192,0,3,67,6,76,39,68,117,44,268,94,138,232,500
03/29/2000,SGF,MO,ACE,CE,Towers with Radar,33,68,76,3,180,0,0,23,2,25,33,68,99,5,205,22,0,22,227
03/30/2000,SGF,MO,ACE,CE,Towers with Radar,36,72,73,7,188,0,1,33,10,44,36,73,106,17,232,30,54,84,316
03/31/2000,SGF,MO,ACE,CE,Towers with Radar,36,81,62,18,197,0,0,80,4,84,36,81,142,22,281,64,96,160,441
04/01/2000,SGF,MO,ACE,CE,Towers with Radar,33,43,52,5,133,0,0,32,0,32,33,43,84,5,165,68,2,70,235
04/02/2000,SGF,MO,ACE,CE,Towers with Radar,27,44,64,0,135,0,0,18,0,18,27,44,82,0,153,2,0,2,155
04/03/2000,SGF,MO,ACE,CE,Towers with Radar,31,44,62,28,165,0,0,27,5,32,31,44,89,33,197,20,68,88,285
04/04/2000,SGF,MO,ACE,CE,Towers with Radar,36,69,69,12,186,4,0,71,7,82,40,69,140,19,268,11,32,43,311
04/05/2000,SGF,MO,ACE,CE,Towers with Radar,39,65,62,24,190,0,1,42,1,44,39,66,104,25,234,54,12,66,300
04/06/2000,SGF,MO,ACE,CE,Towers with Radar,31,70,97,21,219,0,3,71,12,86,31,73,168,33,305,54,58,112,417
04/07/2000,SGF,MO,ACE,CE,Towers with Radar,28,75,48,8,159,0,4,19,5,28,28,79,67,13,187,40,22,62,249
04/08/2000,SGF,MO,ACE,CE,Towers with Radar,26,43,47,8,124,9,2,55,1,67,35,45,102,9,191,55,0,55,246
04/09/2000,SGF,MO,ACE,CE,Towers with Radar,27,37,40,7,111,0,0,93,5,98,27,37,133,12,209,84,0,84,293
04/10/2000,SGF,MO,ACE,CE,Towers with Radar,25,61,65,30,181,0,3,40,9,52,25,64,105,39,233,34,72,106,339
04/11/2000,SGF,MO,ACE,CE,Towers with Radar,40,68,79,28,215,0,0,22,1,23,40,68,101,29,238,62,38,100,338
04/12/2000,SGF,MO,ACE,CE,Towers with Radar,38,69,58,46,211,0,1,63,12,76,38,70,121,58,287,54,92,146,433
04/13/2000,SGF,MO,ACE,CE,Towers with Radar,36,73,76,29,214,1,2,63,4,70,37,75,139,33,284,66,99,165,449
04/14/2000,SGF,MO,ACE,CE,Towers with Radar,35,72,101,18,226,0,3,37,12,52,35,75,138,30,278,48,84,132,410
04/15/2000,SGF,MO,ACE,CE,Towers with Radar,36,43,50,2,131,0,0,66,0,66,36,43,116,2,197,114,0,114,311
04/16/2000,SGF,MO,ACE,CE,Towers with Radar,23,35,68,3,129,0,1,4,1,6,23,36,72,4,135,30,0,30,165
04/17/2000,SGF,MO,ACE,CE,Towers with Radar,31,55,69,4,159,0,2,52,2,56,31,57,121,6,215,110,8,118,333
04/18/2000,SGF,MO,ACE,CE,Towers with Radar,43,60,101,8,212,1,2,78,12,93,44,62,179,20,305,52,32,84,389
04/19/2000,SGF,MO,ACE,CE,Towers with Radar,33,71,65,5,174,0,0,21,0,21,33,71,86,5,195,0,0,0,195
04/20/2000,SGF,MO,ACE,CE,Towers with Radar,36,69,57,2,164,0,2,16,0,18,36,71,73,2,182,6,0,6,188
04/21/2000,SGF,MO,ACE,CE,Towers with Radar,36,71,69,20,196,0,2,51,11,64,36,73,120,31,260,80,50,130,390
04/22/2000,SGF,MO,ACE,CE,Towers with Radar,31,41,29,1,102,0,1,89,2,92,31,42,118,3,194,86,0,86,280
04/23/2000,SGF,MO,ACE,CE,Towers with Radar,26,35,27,0,88,0,0,4,0,4,26,35,31,0,92,0,0,0,92
04/24/2000,SGF,MO,ACE,CE,Towers with Radar,21,72,68,19,180,1,0,25,1,27,22,72,93,20,207,24,14,38,245
04/25/2000,SGF,MO,ACE,CE,Towers with Radar,41,71,89,6,207,0,2,58,6,66,41,73,147,12,273,28,0,28,301
04/26/2000,SGF,MO,ACE,CE,Towers with Radar,34,70,76,20,200,0,2,54,1,57,34,72,130,21,257,104,22,126,383
04/27/2000,SGF,MO,ACE,CE,Towers with Radar,37,68,76,2,183,0,2,29,6,37,37,70,105,8,220,6,8,14,234
04/28/2000,SGF,MO,ACE,CE,Towers with Radar,38,77,74,16,205,0,0,91,7,98,38,77,165,23,303,50,20,70,373
04/29/2000,SGF,MO,ACE,CE,Towers with Radar,33,44,38,0,115,0,0,82,7,89,33,44,120,7,204,50,2,52,256
04/30/2000,SGF,MO,ACE,CE,Towers with Radar,30,38,41,0,109,0,0,40,0,40,30,38,81,0,149,42,0,42,191
05/01/2000,SGF,MO,ACE,CE,Towers with Radar,25,67,64,44,200,0,2,26,1,29,25,69,90,45,229,50,10,60,289
05/02/2000,SGF,MO,ACE,CE,Towers with Radar,39,70,80,69,258,0,2,39,2,43,39,72,119,71,301,72,192,264,565
05/03/2000,SGF,MO,ACE,CE,Towers with Radar,28,61,69,35,193,8,10,23,6,47,36,71,92,41,240,40,92,132,372
05/04/2000,SGF,MO,ACE,CE,Towers with Radar,38,71,99,32,240,5,11,49,2,67,43,82,148,34,307,78,22,100,407
05/05/2000,SGF,MO,ACE,CE,Towers with Radar,37,78,60,49,224,0,1,52,4,57,37,79,112,53,281,40,116,156,437
05/06/2000,SGF,MO,ACE,CE,Towers with Radar,34,46,28,9,117,0,0,11,0,11,34,46,39,9,128,0,0,0,128
05/07/2000,SGF,MO,ACE,CE,Towers with Radar,29,36,37,3,105,0,0,43,4,47,29,36,80,7,152,78,0,78,230
05/08/2000,SGF,MO,ACE,CE,Towers with Radar,30,52,66,14,162,0,3,47,6,56,30,55,113,20,218,30,40,70,288
05/09/2000,SGF,MO,ACE,CE,Towers with Radar,41,60,86,19,206,3,2,13,4,22,44,62,99,23,228,34,34,68,296
05/10/2000,SGF,MO,ACE,CE,Towers with Radar,39,71,102,26,238,0,3,97,10,110,39,74,199,36,348,88,26,114,462
05/11/2000,SGF,MO,ACE,CE,Towers with Radar,34,70,71,4,179,0,1,30,1,32,34,71,101,5,211,0,0,0,211
05/12/2000,SGF,MO,ACE,CE,Towers with Radar,37,60,65,15,177,13,0,29,2,44,50,60,94,17,221,20,10,30,251
05/13/2000,SGF,MO,ACE,CE,Towers with Radar,36,39,42,4,121,0,0,82,0,82,36,39,124,4,203,118,0,118,321
05/14/2000,SGF,MO,ACE,CE,Towers with Radar,28,38,37,2,105,0,0,60,0,60,28,38,97,2,165,84,0,84,249
05/15/2000,SGF,MO,ACE,CE,Towers with Radar,30,62,109,8,209,0,2,38,0,40,30,64,147,8,249,42,0,42,291
05/16/2000,SGF,MO,ACE,CE,Towers with Radar,37,72,88,31,228,0,0,55,4,59,37,72,143,35,287,94,46,140,427
05/17/2000,SGF,MO,ACE,CE,Towers with Radar,36,72,69,23,200,5,0,74,8,87,41,72,143,31,287,108,72,180,467
05/18/2000,SGF,MO,ACE,CE,Towers with Radar,38,73,86,9,206,0,0,25,3,28,38,73,111,12,234,24,22,46,280
05/19/2000,SGF,MO,ACE,CE,Towers with Radar,38,76,154,27,295,0,0,16,5,21,38,76,170,32,316,60,10,70,386
05/20/2000,SGF,MO,ACE,CE,Towers with Radar,33,47,39,4,123,0,0,118,3,121,33,47,157,7,244,80,0,80,324
05/21/2000,SGF,MO,ACE,CE,Towers with Radar,28,38,47,4,117,0,0,15,0,15,28,38,62,4,132,40,0,40,172
05/22/2000,SGF,MO,ACE,CE,Towers with Radar,26,57,70,11,164,0,3,67,4,74,26,60,137,15,238,36,30,66,304
05/23/2000,SGF,MO,ACE,CE,Towers with Radar,41,63,69,9,182,0,2,75,7,84,41,65,144,16,266,52,0,52,318
05/24/2000,SGF,MO,ACE,CE,Towers with Radar,33,66,96,13,208,0,0,68,8,76,33,66,164,21,284,52,56,108,392
05/25/2000,SGF,MO,ACE,CE,Towers with Radar,32,65,59,13,169,0,0,49,6,55,32,65,108,19,224,22,0,22,246
05/26/2000,SGF,MO,ACE,CE,Towers with Radar,31,70,44,8,153,0,0,18,0,18,31,70,62,8,171,28,0,28,199
05/27/2000,SGF,MO,ACE,CE,Towers with Radar,27,42,43,0,112,0,0,13,0,13,27,42,56,0,125,44,0,44,169
05/28/2000,SGF,MO,ACE,CE,Towers with Radar,20,31,30,0,81,1,3,64,0,68,21,34,94,0,149,22,0,22,171
05/29/2000,SGF,MO,ACE,CE,Towers with Radar,26,38,30,1,95,0,0,75,0,75,26,38,105,1,170,94,0,94,264
05/30/2000,SGF,MO,ACE,CE,Towers with Radar,26,64,64,2,156,0,0,77,6,83,26,64,141,8,239,22,6,28,267
05/31/2000,SGF,MO,ACE,CE,Towers with Radar,33,71,79,47,230,0,0,82,3,85,33,71,161,50,315,32,52,84,399
06/01/2000,SGF,MO,ACE,CE,Towers with Radar,38,68,66,29,201,2,12,67,2,83,40,80,133,31,284,80,36,116,400
06/02/2000,SGF,MO,ACE,CE,Towers with Radar,41,69,99,10,219,4,3,25,7,39,45,72,124,17,258,48,40,88,346
06/03/2000,SGF,MO,ACE,CE,Towers with Radar,32,43,53,6,134,1,0,82,16,99,33,43,135,22,233,58,2,60,293
06/04/2000,SGF,MO,ACE,CE,Towers with Radar,27,37,33,12,109,1,1,19,2,23,28,38,52,14,132,42,4,46,178
06/05/2000,SGF,MO,ACE,CE,Towers with Radar,28,68,74,13,183,0,1,48,18,67,28,69,122,31,250,58,70,128,378
06/06/2000,SGF,MO,ACE,CE,Towers with Radar,28,59,67,13,167,0,0,55,18,73,28,59,122,31,240,58,70,128,368
06/07/2000,SGF,MO,ACE,CE,Towers with Radar,41,68,50,22,181,1,1,68,8,78,42,69,118,30,259,82,64,146,405
06/08/2000,SGF,MO,ACE,CE,Towers with Radar,41,62,66,9,178,2,4,81,8,95,43,66,147,17,273,102,8,110,383
06/09/2000,SGF,MO,ACE,CE,Towers with Radar,39,68,69,9,185,1,0,78,3,82,40,68,147,12,267,56,4,60,327
06/10/2000,SGF,MO,ACE,CE,Towers with Radar,39,38,30,7,114,1,1,26,0,28,40,39,56,7,142,32,0,32,174
06/11/2000,SGF,MO,ACE,CE,Towers with Radar,25,37,41,2,105,1,1,17,0,19,26,38,58,2,124,8,0,8,132
06/12/2000,SGF,MO,ACE,CE,Towers with Radar,32,55,65,12,164,0,0,45,9,54,32,55,110,21,218,102,38,140,358
06/13/2000,SGF,MO,ACE,CE,Towers with Radar,37,72,57,15,181,1,2,47,5,55,38,74,104,20,236,14,106,120,356
06/14/2000,SGF,MO,ACE,CE,Towers with Radar,37,58,69,6,170,3,0,24,0,27,40,58,93,6,197,8,0,8,205
06/15/2000,SGF,MO,ACE,CE,Towers with Radar,42,71,78,20,211,1,0,83,1,85,43,71,161,21,296,92,48,140,436
06/16/2000,SGF,MO,ACE,CE,Towers with Radar,35,69,69,3,176,1,0,9,1,11,36,69,78,4,187,0,0,0,187
06/17/2000,SGF,MO,ACE,CE,Towers with Radar,39,40,37,0,116,1,0,0,0,1,40,40,37,0,117,0,0,0,117
06/18/2000,SGF,MO,ACE,CE,Towers with Radar,27,27,43,0,97,1,4,31,0,36,28,31,74,0,133,26,0,26,159
06/19/2000,SGF,MO,ACE,CE,Towers with Radar,20,58,61,3,142,1,1,16,1,19,21,59,77,4,161,8,0,8,169
06/20/2000,SGF,MO,ACE,CE,Towers with Radar,37,71,65,7,180,1,0,19,0,20,38,71,84,7,200,50,0,50,250
06/21/2000,SGF,MO,ACE,CE,Towers with Radar,40,59,80,19,198,1,0,27,0,28,41,59,107,19,226,76,82,158,384
06/22/2000,SGF,MO,ACE,CE,Towers with Radar,32,77,69,16,194,1,0,78,14,93,33,77,147,30,287,56,128,184,471
06/23/2000,SGF,MO,ACE,CE,Towers with Radar,45,76,60,13,194,1,0,79,0,80,46,76,139,13,274,130,14,144,418
06/24/2000,SGF,MO,ACE,CE,Towers with Radar,35,40,48,5,128,1,1,30,0,32,36,41,78,5,160,80,0,80,240
06/25/2000,SGF,MO,ACE,CE,Towers with Radar,22,37,36,8,103,1,3,47,0,51,23,40,83,8,154,100,6,106,260
06/26/2000,SGF,MO,ACE,CE,Towers with Radar,31,61,64,9,165,0,7,5,0,12,31,68,69,9,177,30,0,30,207
06/27/2000,SGF,MO,ACE,CE,Towers with Radar,39,67,92,23,221,0,1,87,0,88,39,68,179,23,309,26,0,26,335
06/28/2000,SGF,MO,ACE,CE,Towers with Radar,49,66,80,25,220,0,2,53,1,56,49,68,133,26,276,56,10,66,342
06/29/2000,SGF,MO,ACE,CE,Towers with Radar,38,72,86,4,200,1,0,88,1,90,39,72,174,5,290,92,14,106,396
06/30/2000,SGF,MO,ACE,CE,Towers with Radar,35,76,81,13,205,0,1,97,1,99,35,77,178,14,304,84,20,104,408
07/01/2000,SGF,MO,ACE,CE,Towers with Radar,37,43,25,1,106,0,0,52,1,53,37,43,77,2,159,114,0,114,273
07/02/2000,SGF,MO,ACE,CE,Towers with Radar,22,41,21,0,84,0,0,78,0,78,22,41,99,0,162,84,0,84,246
07/03/2000,SGF,MO,ACE,CE,Towers with Radar,23,45,43,2,113,0,7,76,0,83,23,52,119,2,196,38,0,38,234
07/04/2000,SGF,MO,ACE,CE,Towers with Radar,20,38,37,0,95,4,4,84,0,92,24,42,121,0,187,48,0,48,235
07/05/2000,SGF,MO,ACE,CE,Towers with Radar,26,62,59,9,156,0,8,58,15,81,26,70,117,24,237,70,0,70,307
07/06/2000,SGF,MO,ACE,CE,Towers with Radar,37,73,80,11,201,0,0,74,0,74,37,73,154,11,275,70,14,84,359
07/07/2000,SGF,MO,ACE,CE,Towers with Radar,29,84,81,3,197,0,1,73,5,79,29,85,154,8,276,96,0,96,372
07/08/2000,SGF,MO,ACE,CE,Towers with Radar,24,41,46,2,113,13,0,72,0,85,37,41,118,2,198,108,0,108,306
07/09/2000,SGF,MO,ACE,CE,Towers with Radar,27,37,47,6,117,0,2,64,1,67,27,39,111,7,184,34,0,34,218
07/10/2000,SGF,MO,ACE,CE,Towers with Radar,30,50,51,17,148,0,1,76,2,79,30,51,127,19,227,54,4,58,285
07/11/2000,SGF,MO,ACE,CE,Towers with Radar,35,67,84,16,202,0,1,44,4,49,35,68,128,20,251,78,58,136,387
07/12/2000,SGF,MO,ACE,CE,Towers with Radar,34,81,67,8,190,0,1,59,7,67,34,82,126,15,257,110,0,110,367
07/13/2000,SGF,MO,ACE,CE,Towers with Radar,31,70,77,8,186,3,3,94,7,107,34,73,171,15,293,54,8,62,355
07/14/2000,SGF,MO,ACE,CE,Towers with Radar,30,76,84,19,209,0,7,121,2,130,30,83,205,21,339,78,4,82,421
07/15/2000,SGF,MO,ACE,CE,Towers with Radar,31,47,25,3,106,0,0,127,1,128,31,47,152,4,234,120,0,120,354
07/16/2000,SGF,MO,ACE,CE,Towers with Radar,20,38,37,0,95,0,0,61,1,62,20,38,98,1,157,38,0,38,195
07/17/2000,SGF,MO,ACE,CE,Towers with Radar,20,56,67,11,154,0,1,42,5,48,20,57,109,16,202,46,0,46,248
07/18/2000,SGF,MO,ACE,CE,Towers with Radar,38,64,57,6,165,0,0,67,7,74,38,64,124,13,239,15,0,15,254
07/19/2000,SGF,MO,ACE,CE,Towers with Radar,36,71,59,11,177,0,1,49,3,53,36,72,108,14,230,92,44,136,366
07/20/2000,SGF,MO,ACE,CE,Towers with Radar,29,67,58,12,166,4,0,38,12,54,33,67,96,24,220,44,4,48,268
07/21/2000,SGF,MO,ACE,CE,Towers with Radar,37,73,54,5,169,0,0,61,6,67,37,73,115,11,236,20,0,20,256
07/22/2000,SGF,MO,ACE,CE,Towers with Radar,32,44,48,1,125,0,0,14,1,15,32,44,62,2,140,26,0,26,166
07/23/2000,SGF,MO,ACE,CE,Towers with Radar,19,38,54,0,111,0,0,89,1,90,19,38,143,1,201,50,0,50,251
07/24/2000,SGF,MO,ACE,CE,Towers with Radar,23,60,53,46,182,0,0,94,9,103,23,60,147,55,285,152,132,284,569
07/25/2000,SGF,MO,ACE,CE,Towers with Radar,36,74,63,13,186,0,1,94,9,104,36,75,157,22,290,58,0,58,348
07/26/2000,SGF,MO,ACE,CE,Towers with Radar,32,72,61,24,189,0,0,108,0,108,32,72,169,24,297,42,18,60,357
07/27/2000,SGF,MO,ACE,CE,Towers with Radar,29,57,55,9,150,2,5,113,1,121,31,62,168,10,271,44,0,44,315
07/28/2000,SGF,MO,ACE,CE,Towers with Radar,33,68,82,4,187,0,6,31,6,43,33,74,113,10,230,52,0,52,282
07/29/2000,SGF,MO,ACE,CE,Towers with Radar,25,53,44,15,137,0,3,31,2,36,25,56,75,17,173,26,0,26,199
07/30/2000,SGF,MO,ACE,CE,Towers with Radar,23,37,63,7,130,0,0,29,0,29,23,37,92,7,159,6,0,6,165
07/31/2000,SGF,MO,ACE,CE,Towers with Radar,21,58,50,23,152,7,0,46,0,53,28,58,96,23,205,56,62,118,323
08/01/2000,SGF,MO,ACE,CE,Towers with Radar,26,69,73,20,188,0,0,94,4,98,26,69,167,24,286,64,26,90,376
08/02/2000,SGF,MO,ACE,CE,Towers with Radar,29,78,68,15,190,0,2,74,2,78,29,80,142,17,268,70,76,146,414
08/03/2000,SGF,MO,ACE,CE,Towers with Radar,32,73,64,9,178,0,2,64,16,82,32,75,128,25,260,28,28,56,316
08/04/2000,SGF,MO,ACE,CE,Towers with Radar,34,71,77,29,211,0,1,84,4,89,34,72,161,33,300,70,22,92,392
08/05/2000,SGF,MO,ACE,CE,Towers with Radar,28,49,24,0,101,0,0,43,2,45,28,49,67,2,146,68,0,68,214
08/06/2000,SGF,MO,ACE,CE,Towers with Radar,21,37,36,0,94,4,0,68,0,72,25,37,104,0,166,6,0,6,172
08/07/2000,SGF,MO,ACE,CE,Towers with Radar,22,66,57,3,148,0,2,62,3,67,22,68,119,6,215,62,0,62,277
08/08/2000,SGF,MO,ACE,CE,Towers with Radar,27,54,49,12,142,6,10,59,1,76,33,64,108,13,218,38,0,38,256
08/09/2000,SGF,MO,ACE,CE,Towers with Radar,32,80,68,13,193,0,2,85,9,96,32,82,153,22,289,90,50,140,429
08/10/2000,SGF,MO,ACE,CE,Towers with Radar,45,67,64,22,198,0,1,75,6,82,45,68,139,28,280,38,32,70,350
08/11/2000,SGF,MO,ACE,CE,Towers with Radar,32,62,58,13,165,4,14,91,8,117,36,76,149,21,282,48,18,66,348
08/12/2000,SGF,MO,ACE,CE,Towers with Radar,22,42,39,3,106,3,8,102,0,113,25,50,141,3,219,34,0,34,253
08/13/2000,SGF,MO,ACE,CE,Towers with Radar,22,40,36,1,99,0,1,71,5,77,22,41,107,6,176,72,0,72,248
08/14/2000,SGF,MO,ACE,CE,Towers with Radar,25,54,55,28,162,0,12,78,5,95,25,66,133,33,257,106,40,146,403
08/15/2000,SGF,MO,ACE,CE,Towers with Radar,32,64,57,23,176,0,2,103,8,113,32,66,160,31,289,138,10,148,437
08/16/2000,SGF,MO,ACE,CE,Towers with Radar,33,68,87,27,215,0,2,88,6,96,33,70,175,33,311,122,36,158,469
08/17/2000,SGF,MO,ACE,CE,Towers with Radar,31,72,53,27,183,0,4,72,1,77,31,76,125,28,260,88,26,114,374
08/18/2000,SGF,MO,ACE,CE,Towers with Radar,45,77,86,3,211,0,1,42,1,44,45,78,128,4,255,44,0,44,299
08/19/2000,SGF,MO,ACE,CE,Towers with Radar,24,47,24,8,103,0,0,70,9,79,24,47,94,17,182,80,0,80,262
08/20/2000,SGF,MO,ACE,CE,Towers with Radar,22,36,45,3,106,0,1,65,3,69,22,37,110,6,175,62,2,64,239
08/21/2000,SGF,MO,ACE,CE,Towers with Radar,23,67,60,35,185,0,0,73,4,77,23,67,133,39,262,42,106,148,410
08/22/2000,SGF,MO,ACE,CE,Towers with Radar,36,73,61,24,194,0,1,81,5,87,36,74,142,29,281,78,24,102,383
08/23/2000,SGF,MO,ACE,CE,Towers with Radar,33,71,73,21,198,0,3,50,5,58,33,74,123,26,256,38,76,114,370
08/24/2000,SGF,MO,ACE,CE,Towers with Radar,34,73,66,16,189,3,19,28,25,75,37,92,94,41,264,77,82,159,423
08/25/2000,SGF,MO,ACE,CE,Towers with Radar,35,81,62,21,199,0,2,81,3,86,35,83,143,24,285,38,37,75,360
08/26/2000,SGF,MO,ACE,CE,Towers with Radar,27,43,34,2,106,0,0,81,2,83,27,43,115,4,189,44,0,44,233
08/27/2000,SGF,MO,ACE,CE,Towers with Radar,22,37,50,5,114,0,0,58,1,59,22,37,108,6,173,16,2,18,191
08/28/2000,SGF,MO,ACE,CE,Towers with Radar,21,59,42,10,132,0,0,53,0,53,21,59,95,10,185,86,16,102,287
08/29/2000,SGF,MO,ACE,CE,Towers with Radar,31,76,55,12,174,5,2,62,5,74,36,78,117,17,248,28,30,58,306
08/30/2000,SGF,MO,ACE,CE,Towers with Radar,35,74,71,4,184,0,0,61,7,68,35,74,132,11,252,48,12,60,312
08/31/2000,SGF,MO,ACE,CE,Towers with Radar,30,68,61,17,176,0,0,73,5,78,30,68,134,22,254,78,20,98,352
09/01/2000,SGF,MO,ACE,CE,Towers with Radar,33,62,59,24,178,1,0,66,4,71,34,62,125,28,249,48,46,94,343
09/02/2000,SGF,MO,ACE,CE,Towers with Radar,23,45,27,0,95,1,0,70,0,71,24,45,97,0,166,20,0,20,186
09/03/2000,SGF,MO,ACE,CE,Towers with Radar,12,35,36,0,83,1,0,32,0,33,13,35,68,0,116,34,0,34,150
09/04/2000,SGF,MO,ACE,CE,Towers with Radar,19,38,39,0,96,0,2,35,0,37,19,40,74,0,133,10,0,10,143
09/05/2000,SGF,MO,ACE,CE,Towers with Radar,21,48,61,8,138,0,0,55,10,65,21,48,116,18,203,42,14,56,259
09/06/2000,SGF,MO,ACE,CE,Towers with Radar,41,72,50,11,174,0,1,92,1,94,41,73,142,12,268,74,26,100,368
09/07/2000,SGF,MO,ACE,CE,Towers with Radar,35,73,53,21,182,0,1,77,2,80,35,74,130,23,262,80,94,174,436
09/08/2000,SGF,MO,ACE,CE,Towers with Radar,33,60,53,39,185,0,1,70,0,71,33,61,123,39,256,66,158,224,480
09/09/2000,SGF,MO,ACE,CE,Towers with Radar,26,58,48,1,133,0,1,39,2,42,26,59,87,3,175,94,0,94,269
09/10/2000,SGF,MO,ACE,CE,Towers with Radar,24,32,47,11,114,0,0,65,0,65,24,32,112,11,179,76,0,76,255
09/11/2000,SGF,MO,ACE,CE,Towers with Radar,28,56,47,29,160,0,1,53,3,57,28,57,100,32,217,58,128,186,403
09/12/2000,SGF,MO,ACE,CE,Towers with Radar,33,65,77,11,186,0,0,54,2,56,33,65,131,13,242,74,52,126,368
09/13/2000,SGF,MO,ACE,CE,Towers with Radar,35,69,77,18,199,0,1,57,10,68,35,70,134,28,267,57,62,119,386
09/14/2000,SGF,MO,ACE,CE,Towers with Radar,32,64,68,3,167,0,0,56,0,56,32,64,124,3,223,180,22,202,425
09/15/2000,SGF,MO,ACE,CE,Towers with Radar,32,68,48,14,162,0,2,86,4,92,32,70,134,18,254,126,0,126,380
09/16/2000,SGF,MO,ACE,CE,Towers with Radar,31,49,21,1,102,0,0,97,2,99,31,49,118,3,201,132,0,132,333
09/17/2000,SGF,MO,ACE,CE,Towers with Radar,24,38,25,3,90,0,0,66,2,68,24,38,91,5,158,52,0,52,210
09/18/2000,SGF,MO,ACE,CE,Towers with Radar,24,61,58,26,169,0,0,51,0,51,24,61,109,26,220,62,50,112,332
09/19/2000,SGF,MO,ACE,CE,Towers with Radar,34,69,59,13,175,0,3,38,9,50,34,72,97,22,225,63,16,79,304
09/20/2000,SGF,MO,ACE,CE,Towers with Radar,35,79,58,30,202,0,0,29,4,33,35,79,87,34,235,30,50,80,315
09/21/2000,SGF,MO,ACE,CE,Towers with Radar,32,72,77,23,204,0,0,82,6,88,32,72,159,29,292,162,116,278,570
09/22/2000,SGF,MO,ACE,CE,Towers with Radar,32,66,64,9,171,0,0,35,0,35,32,66,99,9,206,64,38,102,308
09/23/2000,SGF,MO,ACE,CE,Towers with Radar,31,49,24,0,104,0,0,28,0,28,31,49,52,0,132,120,0,120,252
09/24/2000,SGF,MO,ACE,CE,Towers with Radar,18,40,54,3,115,0,0,0,1,1,18,40,54,4,116,0,0,0,116
09/25/2000,SGF,MO,ACE,CE,Towers with Radar,27,54,60,23,164,0,0,12,2,14,27,54,72,25,178,8,14,22,200
09/26/2000,SGF,MO,ACE,CE,Towers with Radar,33,80,71,24,208,0,0,129,5,134,33,80,200,29,342,210,42,252,594
09/27/2000,SGF,MO,ACE,CE,Towers with Radar,33,70,79,8,190,0,1,91,6,98,33,71,170,14,288,170,40,210,498
09/28/2000,SGF,MO,ACE,CE,Towers with Radar,31,73,73,26,203,0,1,108,7,116,31,74,181,33,319,182,38,220,539
09/29/2000,SGF,MO,ACE,CE,Towers with Radar,30,67,66,12,175,4,0,99,6,109,34,67,165,18,284,88,50,138,422
09/30/2000,SGF,MO,ACE,CE,Towers with Radar,32,49,25,1,107,0,1,83,3,87,32,50,108,4,194,74,0,74,268
10/01/2000,SGF,MO,ACE,CE,Towers with Radar,25,32,51,0,108,1,1,66,0,68,26,33,117,0,176,70,0,70,246
10/02/2000,SGF,MO,ACE,CE,Towers with Radar,25,51,43,19,138,3,1,58,0,62,28,52,101,19,200,54,88,142,342
10/03/2000,SGF,MO,ACE,CE,Towers with Radar,32,67,67,17,183,1,1,56,6,64,33,68,123,23,247,126,62,188,435
10/04/2000,SGF,MO,ACE,CE,Towers with Radar,32,66,77,21,196,1,2,44,7,54,33,68,121,28,250,62,84,146,396
10/05/2000,SGF,MO,ACE,CE,Towers with Radar,28,66,75,2,171,1,2,26,6,35,29,68,101,8,206,4,0,4,210
10/06/2000,SGF,MO,ACE,CE,Towers with Radar,34,61,64,24,183,2,3,29,9,43,36,64,93,33,226,28,90,118,344
10/07/2000,SGF,MO,ACE,CE,Towers with Radar,31,46,31,1,109,1,1,64,1,67,32,47,95,2,176,78,0,78,254
10/08/2000,SGF,MO,ACE,CE,Towers with Radar,22,45,27,2,96,1,0,63,1,65,23,45,90,3,161,72,0,72,233
10/09/2000,SGF,MO,ACE,CE,Towers with Radar,23,42,55,0,120,1,0,51,0,52,24,42,106,0,172,106,0,106,278
10/10/2000,SGF,MO,ACE,CE,Towers with Radar,29,80,60,13,182,1,2,95,8,106,30,82,155,21,288,48,26,74,362
10/11/2000,SGF,MO,ACE,CE,Towers with Radar,29,75,82,9,195,1,3,72,9,85,30,78,154,18,280,152,52,204,484
10/12/2000,SGF,MO,ACE,CE,Towers with Radar,31,67,67,5,170,6,9,72,0,87,37,76,139,5,257,86,2,88,345
10/13/2000,SGF,MO,ACE,CE,Towers with Radar,34,69,73,7,183,2,0,67,3,72,36,69,140,10,255,166,4,170,425
10/14/2000,SGF,MO,ACE,CE,Towers with Radar,30,43,33,0,106,0,3,54,3,60,30,46,87,3,166,82,0,82,248
10/15/2000,SGF,MO,ACE,CE,Towers with Radar,19,38,57,0,114,0,0,37,0,37,19,38,94,0,151,56,0,56,207
10/16/2000,SGF,MO,ACE,CE,Towers with Radar,21,54,56,4,135,0,8,34,0,42,21,62,90,4,177,0,0,0,177
10/17/2000,SGF,MO,ACE,CE,Towers with Radar,30,62,65,4,161,0,10,77,0,87,30,72,142,4,248,78,0,78,326
10/18/2000,SGF,MO,ACE,CE,Towers with Radar,35,66,72,7,180,0,0,49,12,61,35,66,121,19,241,104,24,128,369
10/19/2000,SGF,MO,ACE,CE,Towers with Radar,33,65,68,3,169,3,1,83,0,87,36,66,151,3,256,94,4,98,354
10/20/2000,SGF,MO,ACE,CE,Towers with Radar,38,69,78,7,192,0,3,96,4,103,38,72,174,11,295,118,0,118,413
10/21/2000,SGF,MO,ACE,CE,Towers with Radar,30,48,61,1,140,0,1,57,7,65,30,49,118,8,205,156,28,184,389
10/22/2000,SGF,MO,ACE,CE,Towers with Radar,20,39,58,4,121,0,1,28,2,31,20,40,86,6,152,0,10,10,162
10/23/2000,SGF,MO,ACE,CE,Towers with Radar,20,59,57,0,136,0,1,46,0,47,20,60,103,0,183,60,0,60,243
10/24/2000,SGF,MO,ACE,CE,Towers with Radar,33,78,74,4,189,0,5,68,7,80,33,83,142,11,269,144,22,166,435
10/25/2000,SGF,MO,ACE,CE,Towers with Radar,28,68,72,7,175,0,3,38,15,56,28,71,110,22,231,46,55,101,332
10/26/2000,SGF,MO,ACE,CE,Towers with Radar,31,68,75,2,176,0,1,34,1,36,31,69,109,3,212,124,0,124,336
10/27/2000,SGF,MO,ACE,CE,Towers with Radar,39,71,73,9,192,0,1,11,4,16,39,72,84,13,208,22,8,30,238
10/28/2000,SGF,MO,ACE,CE,Towers with Radar,36,50,61,0,147,0,1,50,0,51,36,51,111,0,198,110,0,110,308
10/29/2000,SGF,MO,ACE,CE,Towers with Radar,21,35,44,0,100,7,0,2,0,9,28,35,46,0,109,80,0,80,189
10/30/2000,SGF,MO,ACE,CE,Towers with Radar,26,62,68,11,167,0,4,18,1,23,26,66,86,12,190,83,0,83,273
10/31/2000,SGF,MO,ACE,CE,Towers with Radar,33,69,54,33,189,0,3,35,8,46,33,72,89,41,235,52,25,77,312
11/01/2000,SGF,MO,ACE,CE,Towers with Radar,36,73,78,18,205,1,5,42,4,52,37,78,120,22,257,18,22,40,297
11/02/2000,SGF,MO,ACE,CE,Towers with Radar,30,80,78,13,201,0,0,79,7,86,30,80,157,20,287,150,90,240,527
11/03/2000,SGF,MO,ACE,CE,Towers with Radar,37,73,73,5,188,2,0,30,0,32,39,73,103,5,220,50,8,58,278
11/04/2000,SGF,MO,ACE,CE,Towers with Radar,27,44,50,12,133,1,1,102,2,106,28,45,152,14,239,114,26,140,379
11/05/2000,SGF,MO,ACE,CE,Towers with Radar,23,31,48,6,108,0,0,16,0,16,23,31,64,6,124,12,0,12,136
11/06/2000,SGF,MO,ACE,CE,Towers with Radar,24,58,65,0,147,1,1,4,0,6,25,59,69,0,153,8,0,8,161
11/07/2000,SGF,MO,ACE,CE,Towers with Radar,33,68,34,17,152,5,3,31,10,49,38,71,65,27,201,66,70,136,337
11/08/2000,SGF,MO,ACE,CE,Towers with Radar,38,69,56,24,187,1,0,11,2,14,39,69,67,26,201,8,8,16,217
11/09/2000,SGF,MO,ACE,CE,Towers with Radar,32,57,51,0,140,1,0,0,0,1,33,57,51,0,141,0,0,0,141
11/10/2000,SGF,MO,ACE,CE,Towers with Radar,35,72,62,1,170,1,0,31,0,32,36,72,93,1,202,22,0,22,224
11/11/2000,SGF,MO,ACE,CE,Towers with Radar,31,42,52,6,131,0,1,35,2,38,31,43,87,8,169,4,0,4,173
11/12/2000,SGF,MO,ACE,CE,Towers with Radar,22,35,36,0,93,0,1,5,0,6,22,36,41,0,99,0,0,0,99
11/13/2000,SGF,MO,ACE,CE,Towers with Radar,26,61,45,20,152,0,1,55,4,60,26,62,100,24,212,86,10,96,308
11/14/2000,SGF,MO,ACE,CE,Towers with Radar,32,70,74,14,190,0,1,40,11,52,32,71,114,25,242,26,18,44,286
11/15/2000,SGF,MO,ACE,CE,Towers with Radar,34,76,51,3,164,0,2,47,6,55,34,78,98,9,219,6,0,6,225
11/16/2000,SGF,MO,ACE,CE,Towers with Radar,35,66,65,3,169,0,1,75,4,80,35,67,140,7,249,106,12,118,367
11/17/2000,SGF,MO,ACE,CE,Towers with Radar,30,64,77,11,182,0,6,43,4,53,30,70,120,15,235,50,0,50,285
11/18/2000,SGF,MO,ACE,CE,Towers with Radar,28,47,38,0,113,0,1,92,0,93,28,48,130,0,206,120,0,120,326
11/19/2000,SGF,MO,ACE,CE,Towers with Radar,14,43,10,1,68,0,1,56,1,58,14,44,66,2,126,94,0,94,220
11/20/2000,SGF,MO,ACE,CE,Towers with Radar,22,59,46,14,141,0,0,53,4,57,22,59,99,18,198,32,34,66,264
11/21/2000,SGF,MO,ACE,CE,Towers with Radar,33,67,85,9,194,0,1,64,5,70,33,68,149,14,264,58,74,132,396
11/22/2000,SGF,MO,ACE,CE,Towers with Radar,35,68,74,9,186,0,2,82,5,89,35,70,156,14,275,110,66,176,451
11/23/2000,SGF,MO,ACE,CE,Towers with Radar,20,44,27,0,91,0,4,5,0,9,20,48,32,0,100,0,0,0,100
11/24/2000,SGF,MO,ACE,CE,Towers with Radar,11,53,35,0,99,2,1,3,0,6,13,54,38,0,105,0,0,0,105
11/25/2000,SGF,MO,ACE,CE,Towers with Radar,22,46,45,0,113,0,1,13,0,14,22,47,58,0,127,0,0,0,127
11/26/2000,SGF,MO,ACE,CE,Towers with Radar,20,40,58,0,118,0,1,78,0,79,20,41,136,0,197,156,0,156,353
11/27/2000,SGF,MO,ACE,CE,Towers with Radar,23,59,72,29,183,0,2,73,2,77,23,61,145,31,260,24,66,90,350
11/28/2000,SGF,MO,ACE,CE,Towers with Radar,33,70,63,15,181,4,2,44,6,56,37,72,107,21,237,102,72,174,411
11/29/2000,SGF,MO,ACE,CE,Towers with Radar,35,71,67,10,183,5,18,19,13,55,40,89,86,23,238,16,30,46,284
11/30/2000,SGF,MO,ACE,CE,Towers with Radar,36,65,62,24,187,0,6,76,2,84,36,71,138,26,271,102,70,172,443
12/01/2000,SGF,MO,ACE,CE,Towers with Radar,31,67,41,7,146,0,0,18,1,19,31,67,59,8,165,12,0,12,177
12/02/2000,SGF,MO,ACE,CE,Towers with Radar,26,48,31,11,116,0,0,33,9,42,26,48,64,20,158,44,0,44,202
12/03/2000,SGF,MO,ACE,CE,Towers with Radar,17,40,46,2,105,0,0,59,1,60,17,40,105,3,165,118,0,118,283
12/04/2000,SGF,MO,ACE,CE,Towers with Radar,24,57,49,17,147,0,0,51,2,53,24,57,100,19,200,52,26,78,278
12/05/2000,SGF,MO,ACE,CE,Towers with Radar,36,75,57,3,171,0,0,52,4,56,36,75,109,7,227,74,20,94,321
12/06/2000,SGF,MO,ACE,CE,Towers with Radar,30,68,60,13,171,0,0,5,1,6,30,68,65,14,177,0,0,0,177
12/07/2000,SGF,MO,ACE,CE,Towers with Radar,36,74,58,9,177,5,0,53,4,62,41,74,111,13,239,54,48,102,341
12/08/2000,SGF,MO,ACE,CE,Towers with Radar,32,69,60,8,169,0,0,36,4,40,32,69,96,12,209,38,26,64,273
12/09/2000,SGF,MO,ACE,CE,Towers with Radar,25,51,25,1,102,0,0,57,0,57,25,51,82,1,159,48,0,48,207
12/10/2000,SGF,MO,ACE,CE,Towers with Radar,17,48,22,2,89,0,0,10,0,10,17,48,32,2,99,24,0,24,123
12/11/2000,SGF,MO,ACE,CE,Towers with Radar,21,52,25,11,109,0,0,1,0,1,21,52,26,11,110,0,0,0,110
12/12/2000,SGF,MO,ACE,CE,Towers with Radar,27,73,43,6,149,0,0,26,2,28,27,73,69,8,177,20,52,72,249
12/13/2000,SGF,MO,ACE,CE,Towers with Radar,17,9,14,0,40,0,0,1,0,1,17,9,15,0,41,0,0,0,41
12/14/2000,SGF,MO,ACE,CE,Towers with Radar,31,71,28,0,130,0,0,2,0,2,31,71,30,0,132,0,0,0,132
12/15/2000,SGF,MO,ACE,CE,Towers with Radar,23,57,36,0,116,0,0,1,0,1,23,57,37,0,117,0,0,0,117
12/16/2000,SGF,MO,ACE,CE,Towers with Radar,30,35,13,0,78,0,0,0,0,0,30,35,13,0,78,0,0,0,78
12/17/2000,SGF,MO,ACE,CE,Towers with Radar,16,43,22,0,81,1,0,15,1,17,17,43,37,1,98,53,0,53,151
12/18/2000,SGF,MO,ACE,CE,Towers with Radar,16,58,34,0,108,0,0,5,1,6,16,58,39,1,114,28,0,28,142
12/19/2000,SGF,MO,ACE,CE,Towers with Radar,31,94,85,10,220,0,6,25,2,33,31,100,110,12,253,78,20,98,351
12/20/2000,SGF,MO,ACE,CE,Towers with Radar,24,90,50,6,170,0,0,30,5,35,24,90,80,11,205,18,0,18,223
12/21/2000,SGF,MO,ACE,CE,Towers with Radar,29,72,39,13,153,0,1,32,1,34,29,73,71,14,187,2,10,12,199
12/22/2000,SGF,MO,ACE,CE,Towers with Radar,21,73,53,2,149,0,0,68,0,68,21,73,121,2,217,88,0,88,305
12/23/2000,SGF,MO,ACE,CE,Towers with Radar,28,53,28,0,109,0,1,48,0,49,28,54,76,0,158,20,0,20,178
12/24/2000,SGF,MO,ACE,CE,Towers with Radar,6,46,7,0,59,0,0,11,0,11,6,46,18,0,70,0,0,0,70
12/25/2000,SGF,MO,ACE,CE,Towers with Radar,10,42,4,0,56,0,0,5,0,5,10,42,9,0,61,0,0,0,61
12/26/2000,SGF,MO,ACE,CE,Towers with Radar,12,27,17,0,56,7,0,0,0,7,19,27,17,0,63,0,0,0,63
12/27/2000,SGF,MO,ACE,CE,Towers with Radar,29,66,36,2,133,0,0,0,0,0,29,66,36,2,133,0,0,0,133
12/28/2000,SGF,MO,ACE,CE,Towers with Radar,24,70,56,0,150,0,2,17,0,19,24,72,73,0,169,16,0,16,185
12/29/2000,SGF,MO,ACE,CE,Towers with Radar,26,67,20,0,113,0,0,10,0,10,26,67,30,0,123,24,0,24,147
12/30/2000,SGF,MO,ACE,CE,Towers with Radar,24,52,22,0,98,0,0,17,0,17,24,52,39,0,115,120,0,120,235
12/31/2000,SGF,MO,ACE,CE,Towers with Radar,10,23,10,0,43,5,9,0,0,14,15,32,10,0,57,34,0,34,91
01/01/2001,SGF,MO,ACE,CE,Towers with Radar,11,26,13,0,50,0,1,10,0,11,11,27,23,0,61,58,0,58,119
01/02/2001,SGF,MO,ACE,CE,Towers with Radar,16,65,47,26,154,0,3,34,7,44,16,68,81,33,198,91,40,131,329
01/03/2001,SGF,MO,ACE,CE,Towers with Radar,26,74,41,25,166,0,0,17,5,22,26,74,58,30,188,81,30,111,299
01/04/2001,SGF,MO,ACE,CE,Towers with Radar,27,78,62,1,168,0,1,12,2,15,27,79,74,3,183,66,12,78,261
01/05/2001,SGF,MO,ACE,CE,Towers with Radar,27,80,46,7,160,0,4,32,3,39,27,84,78,10,199,84,0,84,283
01/06/2001,SGF,MO,ACE,CE,Towers with Radar,26,47,30,7,110,0,3,61,5,69,26,50,91,12,179,132,0,132,311
01/07/2001,SGF,MO,ACE,CE,Towers with Radar,15,44,28,4,91,0,0,45,2,47,15,44,73,6,138,70,0,70,208
01/08/2001,SGF,MO,ACE,CE,Towers with Radar,16,65,39,3,123,0,0,27,0,27,16,65,66,3,150,130,0,130,280
01/09/2001,SGF,MO,ACE,CE,Towers with Radar,28,75,55,9,167,0,0,39,7,46,28,75,94,16,213,130,18,148,361
01/10/2001,SGF,MO,ACE,CE,Towers with Radar,29,87,67,22,205,0,2,57,6,65,29,89,124,28,270,102,16,118,388
01/11/2001,SGF,MO,ACE,CE,Towers with Radar,26,73,44,1,144,0,0,0,0,0,26,73,44,1,144,0,0,0,144
01/12/2001,SGF,MO,ACE,CE,Towers with Radar,19,54,38,4,115,6,6,15,0,27,25,60,53,4,142,0,0,0,142
01/13/2001,SGF,MO,ACE,CE,Towers with Radar,25,50,16,0,91,0,0,0,0,0,25,50,16,0,91,0,0,0,91
01/14/2001,SGF,MO,ACE,CE,Towers with Radar,14,45,33,0,92,2,0,16,1,19,16,45,49,1,111,30,0,30,141
01/15/2001,SGF,MO,ACE,CE,Towers with Radar,18,48,46,1,113,0,0,62,1,63,18,48,108,2,176,56,0,56,232
01/16/2001,SGF,MO,ACE,CE,Towers with Radar,25,73,54,12,164,0,0,23,12,35,25,73,77,24,199,54,56,110,309
01/17/2001,SGF,MO,ACE,CE,Towers with Radar,29,74,47,13,163,0,0,0,0,0,29,74,47,13,163,18,32,50,213
01/18/2001,SGF,MO,ACE,CE,Towers with Radar,23,77,54,35,189,0,0,42,7,49,23,77,96,42,238,104,66,170,408
01/19/2001,SGF,MO,ACE,CE,Towers with Radar,29,77,54,16,176,0,1,11,3,15,29,78,65,19,191,74,12,86,277
01/20/2001,SGF,MO,ACE,CE,Towers with Radar,25,52,28,0,105,0,0,74,0,74,25,52,102,0,179,136,0,136,315
01/21/2001,SGF,MO,ACE,CE,Towers with Radar,13,49,32,12,106,0,0,74,1,75,13,49,106,13,181,90,0,90,271
01/22/2001,SGF,MO,ACE,CE,Towers with Radar,14,65,44,14,137,0,1,44,3,48,14,66,88,17,185,74,8,82,267
01/23/2001,SGF,MO,ACE,CE,Towers with Radar,29,71,88,35,223,0,0,74,0,74,29,71,162,35,297,80,46,126,423
01/24/2001,SGF,MO,ACE,CE,Towers with Radar,25,81,57,4,167,0,0,62,3,65,25,81,119,7,232,112,4,116,348
01/25/2001,SGF,MO,ACE,CE,Towers with Radar,27,78,63,39,207,0,2,67,3,72,27,80,130,42,279,86,68,154,433
01/26/2001,SGF,MO,ACE,CE,Towers with Radar,24,68,49,4,145,0,0,6,2,8,24,68,55,6,153,2,0,2,155
01/27/2001,SGF,MO,ACE,CE,Towers with Radar,22,53,32,0,107,0,2,57,1,60,22,55,89,1,167,163,0,163,330
01/28/2001,SGF,MO,ACE,CE,Towers with Radar,13,42,19,0,74,2,1,0,0,3,15,43,19,0,77,7,0,7,84
01/29/2001,SGF,MO,ACE,CE,Towers with Radar,14,61,36,11,122,0,0,0,0,0,14,61,36,11,122,0,34,34,156
01/30/2001,SGF,MO,ACE,CE,Towers with Radar,26,77,39,17,159,0,1,10,1,12,26,78,49,18,171,0,16,16,187
01/31/2001,SGF,MO,ACE,CE,Towers with Radar,27,80,47,1,155,0,1,34,4,39,27,81,81,5,194,48,0,48,242
02/01/2001,SGF,MO,ACE,CE,Towers with Radar,23,78,59,14,174,0,0,66,16,82,23,78,125,30,256,74,36,110,366
02/02/2001,SGF,MO,ACE,CE,Towers with Radar,25,77,59,19,180,0,1,73,5,79,25,78,132,24,259,112,10,122,381
02/03/2001,SGF,MO,ACE,CE,Towers with Radar,22,54,39,4,119,0,2,48,0,50,22,56,87,4,169,142,0,142,311
02/04/2001,SGF,MO,ACE,CE,Towers with Radar,14,47,35,4,100,0,1,49,0,50,14,48,84,4,150,34,0,34,184
02/05/2001,SGF,MO,ACE,CE,Towers with Radar,22,62,49,26,159,0,3,65,2,70,22,65,114,28,229,56,24,80,309
02/06/2001,SGF,MO,ACE,CE,Towers with Radar,26,70,48,17,161,0,1,60,0,61,26,71,108,17,222,74,24,98,320
02/07/2001,SGF,MO,ACE,CE,Towers with Radar,29,71,67,13,180,0,2,41,6,49,29,73,108,19,229,18,0,18,247
02/08/2001,SGF,MO,ACE,CE,Towers with Radar,30,75,44,6,155,0,1,6,0,7,30,76,50,6,162,30,0,30,192
02/09/2001,SGF,MO,ACE,CE,Towers with Radar,24,67,17,0,108,0,1,1,0,2,24,68,18,0,110,0,0,0,110
02/10/2001,SGF,MO,ACE,CE,Towers with Radar,18,49,38,0,105,10,0,55,0,65,28,49,93,0,170,106,0,106,276
02/11/2001,SGF,MO,ACE,CE,Towers with Radar,13,43,37,2,95,0,1,33,0,34,13,44,70,2,129,34,0,34,163
02/12/2001,SGF,MO,ACE,CE,Towers with Radar,17,66,88,46,217,0,1,3,0,4,17,67,91,46,221,0,32,32,253
02/13/2001,SGF,MO,ACE,CE,Towers with Radar,27,71,56,6,160,0,1,1,0,2,27,72,57,6,162,0,14,14,176
02/14/2001,SGF,MO,ACE,CE,Towers with Radar,24,83,53,3,163,0,1,1,0,2,24,84,54,3,165,0,0,0,165
02/15/2001,SGF,MO,ACE,CE,Towers with Radar,25,57,34,3,119,0,1,1,0,2,25,58,35,3,121,0,0,0,121
02/16/2001,SGF,MO,ACE,CE,Towers with Radar,32,72,45,3,152,0,1,0,0,1,32,73,45,3,153,0,0,0,153
02/17/2001,SGF,MO,ACE,CE,Towers with Radar,22,50,34,0,106,0,3,87,0,90,22,53,121,0,196,54,0,54,250
02/18/2001,SGF,MO,ACE,CE,Towers with Radar,13,45,34,0,92,0,0,40,0,40,13,45,74,0,132,68,0,68,200
02/19/2001,SGF,MO,ACE,CE,Towers with Radar,14,50,37,0,101,0,2,61,0,63,14,52,98,0,164,12,0,12,176
02/20/2001,SGF,MO,ACE,CE,Towers with Radar,23,69,61,21,174,0,1,24,3,28,23,70,85,24,202,70,66,136,338
02/21/2001,SGF,MO,ACE,CE,Towers with Radar,24,56,42,11,133,1,0,0,8,9,25,56,42,19,142,26,54,80,222
02/22/2001,SGF,MO,ACE,CE,Towers with Radar,22,72,59,2,155,0,1,0,0,1,22,73,59,2,156,0,0,0,156
02/23/2001,SGF,MO,ACE,CE,Towers with Radar,17,68,38,3,126,0,1,0,0,1,17,69,38,3,127,0,0,0,127
02/24/2001,SGF,MO,ACE,CE,Towers with Radar,22,37,8,1,68,0,1,1,0,2,22,38,9,1,70,0,0,0,70
02/25/2001,SGF,MO,ACE,CE,Towers with Radar,13,41,25,0,79,0,1,67,0,68,13,42,92,0,147,42,4,46,193
02/26/2001,SGF,MO,ACE,CE,Towers with Radar,15,61,60,38,174,0,1,71,1,73,15,62,131,39,247,48,64,112,359
02/27/2001,SGF,MO,ACE,CE,Towers with Radar,21,67,41,25,154,0,1,14,1,16,21,68,55,26,170,20,58,78,248
02/28/2001,SGF,MO,ACE,CE,Towers with Radar,29,74,50,4,157,0,0,18,2,20,29,74,68,6,177,26,0,26,203
03/01/2001,SGF,MO,ACE,CE,Towers with Radar,25,75,74,1,175,1,1,1,0,3,26,76,75,1,178,0,0,0,178
03/02/2001,SGF,MO,ACE,CE,Towers with Radar,26,75,61,2,164,4,3,47,0,54,30,78,108,2,218,52,0,52,270
03/03/2001,SGF,MO,ACE,CE,Towers with Radar,18,48,35,3,104,1,2,30,1,34,19,50,65,4,138,74,0,74,212
03/04/2001,SGF,MO,ACE,CE,Towers with Radar,14,44,37,9,104,0,0,54,0,54,14,44,91,9,158,42,0,42,200
03/05/2001,SGF,MO,ACE,CE,Towers with Radar,17,64,41,17,139,1,1,65,0,67,18,65,106,17,206,44,62,106,312
03/06/2001,SGF,MO,ACE,CE,Towers with Radar,23,70,59,4,156,1,1,82,3,87,24,71,141,7,243,76,16,92,335
03/07/2001,SGF,MO,ACE,CE,Towers with Radar,30,78,68,16,192,0,0,86,24,110,30,78,154,40,302,72,22,94,396
03/08/2001,SGF,MO,ACE,CE,Towers with Radar,25,71,58,30,184,1,1,53,0,55,26,72,111,30,239,156,88,244,483
03/09/2001,SGF,MO,ACE,CE,Towers with Radar,28,70,63,15,176,3,0,78,1,82,31,70,141,16,258,56,48,104,362
03/10/2001,SGF,MO,ACE,CE,Towers with Radar,25,48,33,6,112,1,1,116,0,118,26,49,149,6,230,70,4,74,304
03/11/2001,SGF,MO,ACE,CE,Towers with Radar,10,42,36,5,93,0,0,37,3,40,10,42,73,8,133,142,0,142,275
03/12/2001,SGF,MO,ACE,CE,Towers with Radar,13,67,84,23,187,1,0,23,0,24,14,67,107,23,211,88,14,102,313
03/13/2001,SGF,MO,ACE,CE,Towers with Radar,25,77,38,16,156,1,0,51,5,57,26,77,89,21,213,32,36,68,281
03/14/2001,SGF,MO,ACE,CE,Towers with Radar,29,77,73,37,216,1,0,44,7,52,30,77,117,44,268,60,32,92,360
03/15/2001,SGF,MO,ACE,CE,Towers with Radar,23,64,44,6,137,6,0,0,0,6,29,64,44,6,143,0,14,14,157
03/16/2001,SGF,MO,ACE,CE,Towers with Radar,25,83,47,8,163,1,0,14,0,15,26,83,61,8,178,44,0,44,222
03/17/2001,SGF,MO,ACE,CE,Towers with Radar,26,56,31,2,115,1,1,108,0,110,27,57,139,2,225,104,0,104,329
03/18/2001,SGF,MO,ACE,CE,Towers with Radar,13,45,28,0,86,0,2,57,0,59,13,47,85,0,145,52,0,52,197
03/19/2001,SGF,MO,ACE,CE,Towers with Radar,18,59,53,0,130,0,1,41,0,42,18,60,94,0,172,24,0,24,196
03/20/2001,SGF,MO,ACE,CE,Towers with Radar,29,80,63,9,181,0,3,87,2,92,29,83,150,11,273,80,4,84,357
03/21/2001,SGF,MO,ACE,CE,Towers with Radar,24,76,61,33,194,0,5,83,4,92,24,81,144,37,286,28,58,86,372
03/22/2001,SGF,MO,ACE,CE,Towers with Radar,28,77,63,10,178,0,1,51,2,54,28,78,114,12,232,132,16,148,380
03/23/2001,SGF,MO,ACE,CE,Towers with Radar,29,77,66,4,176,0,1,78,0,79,29,78,144,4,255,48,4,52,307
03/24/2001,SGF,MO,ACE,CE,Towers with Radar,27,47,32,11,117,0,1,39,2,42,27,48,71,13,159,16,32,48,207
03/25/2001,SGF,MO,ACE,CE,Towers with Radar,11,44,37,4,96,0,0,37,0,37,11,44,74,4,133,58,0,58,191
03/26/2001,SGF,MO,ACE,CE,Towers with Radar,16,64,51,12,143,0,6,87,14,107,16,70,138,26,250,76,22,98,348
03/27/2001,SGF,MO,ACE,CE,Towers with Radar,37,71,55,22,185,0,2,56,8,66,37,73,111,30,251,72,4,76,327
03/28/2001,SGF,MO,ACE,CE,Towers with Radar,32,75,53,16,176,0,5,16,16,37,32,80,69,32,213,46,98,144,357
03/29/2001,SGF,MO,ACE,CE,Towers with Radar,27,79,98,20,224,0,1,19,16,36,27,80,117,36,260,30,40,70,330
03/30/2001,SGF,MO,ACE,CE,Towers with Radar,25,82,73,17,197,0,0,22,17,39,25,82,95,34,236,82,28,110,346
03/31/2001,SGF,MO,ACE,CE,Towers with Radar,25,52,35,2,114,0,1,16,0,17,25,53,51,2,131,40,0,40,171
04/01/2001,SGF,MO,ACE,CE,Towers with Radar,13,50,56,2,121,0,1,59,0,60,13,51,115,2,181,74,0,74,255
04/02/2001,SGF,MO,ACE,CE,Towers with Radar,22,64,35,1,122,0,1,13,2,16,22,65,48,3,138,46,0,46,184
04/03/2001,SGF,MO,ACE,CE,Towers with Radar,29,80,94,18,221,0,1,35,11,47,29,81,129,29,268,80,20,100,368
04/04/2001,SGF,MO,ACE,CE,Towers with Radar,32,78,96,15,221,0,2,27,5,34,32,80,123,20,255,62,38,100,355
04/05/2001,SGF,MO,ACE,CE,Towers with Radar,30,74,83,6,193,0,1,41,1,43,30,75,124,7,236,74,0,74,310
04/06/2001,SGF,MO,ACE,CE,Towers with Radar,34,65,53,1,153,2,3,18,0,23,36,68,71,1,176,76,0,76,252
04/07/2001,SGF,MO,ACE,CE,Towers with Radar,14,38,35,5,92,8,15,26,1,50,22,53,61,6,142,0,0,0,142
04/08/2001,SGF,MO,ACE,CE,Towers with Radar,17,42,40,6,105,6,0,38,4,48,23,42,78,10,153,88,0,88,241
04/09/2001,SGF,MO,ACE,CE,Towers with Radar,17,53,53,9,132,0,0,45,4,49,17,53,98,13,181,110,16,126,307
04/10/2001,SGF,MO,ACE,CE,Towers with Radar,27,73,77,15,192,0,2,6,1,9,27,75,83,16,201,134,18,152,353
04/11/2001,SGF,MO,ACE,CE,Towers with Radar,28,80,49,1,158,0,4,16,1,21,28,84,65,2,179,12,0,12,191
04/12/2001,SGF,MO,ACE,CE,Towers with Radar,10,29,27,4,70,18,41,133,15,207,28,70,160,19,277,80,49,129,406
04/13/2001,SGF,MO,ACE,CE,Towers with Radar,25,77,57,11,170,7,2,101,3,113,32,79,158,14,283,194,136,330,613
04/14/2001,SGF,MO,ACE,CE,Towers with Radar,23,50,31,2,106,0,1,80,0,81,23,51,111,2,187,116,0,116,303
04/15/2001,SGF,MO,ACE,CE,Towers with Radar,15,46,42,0,103,0,4,33,0,37,15,50,75,0,140,38,0,38,178
04/16/2001,SGF,MO,ACE,CE,Towers with Radar,19,62,61,23,165,0,2,50,6,58,19,64,111,29,223,114,22,136,359
04/17/2001,SGF,MO,ACE,CE,Towers with Radar,25,85,58,19,187,0,1,61,2,64,25,86,119,21,251,92,22,114,365
04/18/2001,SGF,MO,ACE,CE,Towers with Radar,33,69,75,24,201,0,1,82,11,94,33,70,157,35,295,60,70,130,425
04/19/2001,SGF,MO,ACE,CE,Towers with Radar,26,89,55,16,186,0,2,33,5,40,26,91,88,21,226,18,24,42,268
04/20/2001,SGF,MO,ACE,CE,Towers with Radar,30,76,76,9,191,0,0,18,1,19,30,76,94,10,210,50,0,50,260
04/21/2001,SGF,MO,ACE,CE,Towers with Radar,20,50,37,3,110,0,0,24,1,25,20,50,61,4,135,26,0,26,161
04/22/2001,SGF,MO,ACE,CE,Towers with Radar,14,45,40,4,103,0,0,21,0,21,14,45,61,4,124,2,0,2,126
04/23/2001,SGF,MO,ACE,CE,Towers with Radar,18,58,38,16,130,0,2,22,5,29,18,60,60,21,159,32,38,70,229
04/24/2001,SGF,MO,ACE,CE,Towers with Radar,28,76,39,1,144,0,0,73,13,86,28,76,112,14,230,86,22,108,338
04/25/2001,SGF,MO,ACE,CE,Towers with Radar,31,76,66,2,175,0,0,114,8,122,31,76,180,10,297,76,14,90,387
04/26/2001,SGF,MO,ACE,CE,Towers with Radar,25,81,63,9,178,0,1,77,4,82,25,82,140,13,260,46,56,102,362
04/27/2001,SGF,MO,ACE,CE,Towers with Radar,30,76,42,21,169,0,0,100,5,105,30,76,142,26,274,92,6,98,372
04/28/2001,SGF,MO,ACE,CE,Towers with Radar,22,54,22,14,112,0,0,64,1,65,22,54,86,15,177,116,0,116,293
04/29/2001,SGF,MO,ACE,CE,Towers with Radar,19,44,45,7,115,0,1,82,1,84,19,45,127,8,199,24,0,24,223
04/30/2001,SGF,MO,ACE,CE,Towers with Radar,19,61,54,9,143,1,1,46,3,51,20,62,100,12,194,40,12,52,246
05/01/2001,SGF,MO,ACE,CE,Towers with Radar,24,64,47,11,146,5,15,56,2,78,29,79,103,13,224,56,34,90,314
05/02/2001,SGF,MO,ACE,CE,Towers with Radar,27,72,53,13,165,5,8,59,9,81,32,80,112,22,246,52,40,92,338
05/03/2001,SGF,MO,ACE,CE,Towers with Radar,28,79,58,14,179,0,3,73,11,87,28,82,131,25,266,42,0,42,308
05/04/2001,SGF,MO,ACE,CE,Towers with Radar,30,75,59,14,178,5,0,59,10,74,35,75,118,24,252,66,64,130,382
05/05/2001,SGF,MO,ACE,CE,Towers with Radar,18,49,36,2,105,11,3,25,0,39,29,52,61,2,144,6,0,6,150
05/06/2001,SGF,MO,ACE,CE,Towers with Radar,15,40,29,2,86,0,8,9,0,17,15,48,38,2,103,32,0,32,135
05/07/2001,SGF,MO,ACE,CE,Towers with Radar,22,60,54,13,149,0,0,54,24,78,22,60,108,37,227,26,38,64,291
05/08/2001,SGF,MO,ACE,CE,Towers with Radar,28,72,55,13,168,0,0,95,19,114,28,72,150,32,282,134,82,216,498
05/09/2001,SGF,MO,ACE,CE,Towers with Radar,30,78,68,16,192,0,0,83,36,119,30,78,151,52,311,116,42,158,469
05/10/2001,SGF,MO,ACE,CE,Towers with Radar,29,76,58,14,177,1,0,53,8,62,30,76,111,22,239,61,64,125,364
05/11/2001,SGF,MO,ACE,CE,Towers with Radar,26,70,53,9,158,0,3,10,0,13,26,73,63,9,171,18,6,24,195
05/12/2001,SGF,MO,ACE,CE,Towers with Radar,18,48,37,6,109,8,6,59,0,73,26,54,96,6,182,120,0,120,302
05/13/2001,SGF,MO,ACE,CE,Towers with Radar,15,38,29,2,84,2,7,57,0,66,17,45,86,2,150,8,18,26,176
05/14/2001,SGF,MO,ACE,CE,Towers with Radar,20,59,53,13,145,0,0,64,12,76,20,59,117,25,221,64,44,108,329
05/15/2001,SGF,MO,ACE,CE,Towers with Radar,27,72,55,12,166,0,5,67,6,78,27,77,122,18,244,48,4,52,296
05/16/2001,SGF,MO,ACE,CE,Towers with Radar,26,66,50,11,153,3,8,72,9,92,29,74,122,20,245,134,0,134,379
05/17/2001,SGF,MO,ACE,CE,Towers with Radar,29,70,57,13,169,8,0,22,5,35,37,70,79,18,204,36,12,48,252
05/18/2001,SGF,MO,ACE,CE,Towers with Radar,28,75,56,9,168,5,0,18,0,23,33,75,74,9,191,0,0,0,191
05/19/2001,SGF,MO,ACE,CE,Towers with Radar,20,53,40,0,113,7,6,38,0,51,27,59,78,0,164,20,0,20,184
05/20/2001,SGF,MO,ACE,CE,Towers with Radar,18,47,34,2,101,0,5,0,0,5,18,52,34,2,106,16,0,16,122
05/21/2001,SGF,MO,ACE,CE,Towers with Radar,21,68,51,11,151,0,4,27,18,49,21,72,78,29,200,14,26,40,240
05/22/2001,SGF,MO,ACE,CE,Towers with Radar,31,79,59,13,182,2,5,54,11,72,33,84,113,24,254,6,20,26,280
05/23/2001,SGF,MO,ACE,CE,Towers with Radar,31,79,61,14,185,0,0,50,6,56,31,79,111,20,241,28,4,32,273
05/24/2001,SGF,MO,ACE,CE,Towers with Radar,29,81,61,11,182,0,0,46,0,46,29,81,107,11,228,20,64,84,312
05/25/2001,SGF,MO,ACE,CE,Towers with Radar,32,74,76,6,188,0,0,58,0,58,32,74,134,6,246,110,0,110,356
05/26/2001,SGF,MO,ACE,CE,Towers with Radar,18,45,33,0,96,1,8,56,0,65,19,53,89,0,161,26,0,26,187
05/27/2001,SGF,MO,ACE,CE,Towers with Radar,9,40,29,0,78,0,10,70,0,80,9,50,99,0,158,28,0,28,186
05/28/2001,SGF,MO,ACE,CE,Towers with Radar,15,44,37,0,96,0,0,79,0,79,15,44,116,0,175,40,0,40,215
05/29/2001,SGF,MO,ACE,CE,Towers with Radar,19,67,49,11,146,0,2,50,13,65,19,69,99,24,211,58,12,70,281
05/30/2001,SGF,MO,ACE,CE,Towers with Radar,26,66,48,9,149,5,6,13,0,24,31,72,61,9,173,12,0,12,185
05/31/2001,SGF,MO,ACE,CE,Towers with Radar,28,86,63,15,192,0,2,12,24,38,28,88,75,39,230,2,4,6,236
06/01/2001,SGF,MO,ACE,CE,Towers with Radar,29,79,64,4,176,1,3,68,3,75,30,82,132,7,251,50,5,55,306
06/02/2001,SGF,MO,ACE,CE,Towers with Radar,26,53,47,6,132,1,3,90,0,94,27,56,137,6,226,54,0,54,280
06/03/2001,SGF,MO,ACE,CE,Towers with Radar,14,42,14,2,72,1,0,6,2,9,15,42,20,4,81,14,0,14,95
06/04/2001,SGF,MO,ACE,CE,Towers with Radar,13,56,53,9,131,1,1,26,0,28,14,57,79,9,159,0,0,0,159
06/05/2001,SGF,MO,ACE,CE,Towers with Radar,30,76,59,14,179,1,0,48,5,54,31,76,107,19,233,34,62,96,329
06/06/2001,SGF,MO,ACE,CE,Towers with Radar,30,76,67,16,189,1,0,31,6,38,31,76,98,22,227,88,86,174,401
06/07/2001,SGF,MO,ACE,CE,Towers with Radar,28,74,63,15,180,1,5,83,43,132,29,79,146,58,312,108,110,218,530
06/08/2001,SGF,MO,ACE,CE,Towers with Radar,29,77,74,15,195,0,0,57,0,57,29,77,131,15,252,124,14,138,390
06/09/2001,SGF,MO,ACE,CE,Towers with Radar,24,54,73,2,153,0,0,80,0,80,24,54,153,2,233,150,0,150,383
06/10/2001,SGF,MO,ACE,CE,Towers with Radar,17,50,46,8,121,0,0,62,0,62,17,50,108,8,183,114,0,114,297
06/11/2001,SGF,MO,ACE,CE,Towers with Radar,18,56,48,12,134,0,9,68,21,98,18,65,116,33,232,52,20,72,304
06/12/2001,SGF,MO,ACE,CE,Towers with Radar,26,67,57,15,165,0,7,107,19,133,26,74,164,34,298,62,30,92,390
06/13/2001,SGF,MO,ACE,CE,Towers with Radar,30,76,64,33,203,0,1,56,1,58,30,77,120,34,261,41,6,47,308
06/14/2001,SGF,MO,ACE,CE,Towers with Radar,31,64,53,9,157,0,2,14,1,17,31,66,67,10,174,14,18,32,206
06/15/2001,SGF,MO,ACE,CE,Towers with Radar,36,74,80,26,216,0,7,81,1,89,36,81,161,27,305,76,33,109,414
06/16/2001,SGF,MO,ACE,CE,Towers with Radar,19,48,41,12,120,8,4,90,3,105,27,52,131,15,225,84,12,96,321
06/17/2001,SGF,MO,ACE,CE,Towers with Radar,13,32,28,0,73,5,14,51,0,70,18,46,79,0,143,96,0,96,239
06/18/2001,SGF,MO,ACE,CE,Towers with Radar,17,65,55,14,151,0,3,40,0,43,17,68,95,14,194,34,22,56,250
06/19/2001,SGF,MO,ACE,CE,Towers with Radar,30,79,55,23,187,0,3,72,1,76,30,82,127,24,263,94,26,120,383
06/20/2001,SGF,MO,ACE,CE,Towers with Radar,31,83,46,3,163,0,1,21,8,30,31,84,67,11,193,132,0,132,325
06/21/2001,SGF,MO,ACE,CE,Towers with Radar,24,74,56,9,163,4,4,5,0,13,28,78,61,9,176,46,12,58,234
06/22/2001,SGF,MO,ACE,CE,Towers with Radar,26,76,55,19,176,0,5,93,7,105,26,81,148,26,281,196,60,256,537
06/23/2001,SGF,MO,ACE,CE,Towers with Radar,23,55,31,2,111,0,1,59,1,61,23,56,90,3,172,84,0,84,256
06/24/2001,SGF,MO,ACE,CE,Towers with Radar,20,53,44,0,117,0,1,90,0,91,20,54,134,0,208,120,0,120,328
06/25/2001,SGF,MO,ACE,CE,Towers with Radar,22,64,52,20,158,0,1,100,4,105,22,65,152,24,263,30,66,96,359
06/26/2001,SGF,MO,ACE,CE,Towers with Radar,30,78,58,28,194,0,1,54,2,57,30,79,112,30,251,46,60,106,357
06/27/2001,SGF,MO,ACE,CE,Towers with Radar,30,78,73,8,189,0,1,45,16,62,30,79,118,24,251,36,0,36,287
06/28/2001,SGF,MO,ACE,CE,Towers with Radar,29,82,81,13,205,0,1,36,2,39,29,83,117,15,244,62,1,63,307
06/29/2001,SGF,MO,ACE,CE,Towers with Radar,37,75,60,13,185,0,0,23,1,24,37,75,83,14,209,56,0,56,265
06/30/2001,SGF,MO,ACE,CE,Towers with Radar,23,54,51,0,128,0,4,77,0,81,23,58,128,0,209,168,0,168,377
07/01/2001,SGF,MO,ACE,CE,Towers with Radar,19,48,48,8,123,0,0,56,0,56,19,48,104,8,179,30,8,38,217
07/02/2001,SGF,MO,ACE,CE,Towers with Radar,15,69,49,10,143,0,0,71,5,76,15,69,120,15,219,30,18,48,267
07/03/2001,SGF,MO,ACE,CE,Towers with Radar,28,72,32,14,146,0,1,53,4,58,28,73,85,18,204,51,16,67,271
07/04/2001,SGF,MO,ACE,CE,Towers with Radar,24,43,28,0,95,0,1,36,2,39,24,44,64,2,134,0,0,0,134
07/05/2001,SGF,MO,ACE,CE,Towers with Radar,22,67,48,8,145,0,1,29,2,32,22,68,77,10,177,62,0,62,239
07/06/2001,SGF,MO,ACE,CE,Towers with Radar,29,67,65,33,194,0,1,80,12,93,29,68,145,45,287,96,34,130,417
07/07/2001,SGF,MO,ACE,CE,Towers with Radar,22,53,39,6,120,0,2,69,0,71,22,55,108,6,191,20,24,44,235
07/08/2001,SGF,MO,ACE,CE,Towers with Radar,17,45,38,4,104,0,1,41,1,43,17,46,79,5,147,88,0,88,235
07/09/2001,SGF,MO,ACE,CE,Towers with Radar,21,57,48,17,143,0,0,72,5,77,21,57,120,22,220,130,10,140,360
07/10/2001,SGF,MO,ACE,CE,Towers with Radar,30,72,52,8,162,0,1,33,12,46,30,73,85,20,208,34,12,46,254
07/11/2001,SGF,MO,ACE,CE,Towers with Radar,28,73,49,15,165,0,1,67,7,75,28,74,116,22,240,100,32,132,372
07/12/2001,SGF,MO,ACE,CE,Towers with Radar,28,73,62,11,174,0,1,16,1,18,28,74,78,12,192,18,0,18,210
07/13/2001,SGF,MO,ACE,CE,Towers with Radar,30,74,71,20,195,0,1,73,5,79,30,75,144,25,274,138,16,154,428
07/14/2001,SGF,MO,ACE,CE,Towers with Radar,20,54,47,0,121,0,0,75,2,77,20,54,122,2,198,76,0,76,274
07/15/2001,SGF,MO,ACE,CE,Towers with Radar,18,44,17,10,89,0,0,45,6,51,18,44,62,16,140,158,0,158,298
07/16/2001,SGF,MO,ACE,CE,Towers with Radar,21,60,31,11,123,0,3,38,5,46,21,63,69,16,169,20,16,36,205
07/17/2001,SGF,MO,ACE,CE,Towers with Radar,27,69,60,24,180,0,1,46,6,53,27,70,106,30,233,74,72,146,379
07/18/2001,SGF,MO,ACE,CE,Towers with Radar,28,72,61,6,167,4,7,50,0,61,32,79,111,6,228,56,6,62,290
07/19/2001,SGF,MO,ACE,CE,Towers with Radar,29,66,87,1,183,0,0,66,4,70,29,66,153,5,253,54,0,54,307
07/20/2001,SGF,MO,ACE,CE,Towers with Radar,30,74,69,32,205,0,3,95,10,108,30,77,164,42,313,98,18,116,429
07/21/2001,SGF,MO,ACE,CE,Towers with Radar,17,47,40,3,107,5,2,127,0,134,22,49,167,3,241,36,0,36,277
07/22/2001,SGF,MO,ACE,CE,Towers with Radar,16,46,53,0,115,0,0,75,0,75,16,46,128,0,190,32,0,32,222
07/23/2001,SGF,MO,ACE,CE,Towers with Radar,23,65,75,10,173,0,0,53,1,54,23,65,128,11,227,78,2,80,307
07/24/2001,SGF,MO,ACE,CE,Towers with Radar,31,72,84,8,195,6,2,44,16,68,37,74,128,24,263,118,0,118,381
07/25/2001,SGF,MO,ACE,CE,Towers with Radar,29,63,64,16,172,1,7,62,2,72,30,70,126,18,244,71,20,91,335
07/26/2001,SGF,MO,ACE,CE,Towers with Radar,30,71,94,0,195,0,0,36,3,39,30,71,130,3,234,22,0,22,256
07/27/2001,SGF,MO,ACE,CE,Towers with Radar,28,81,59,3,171,0,0,29,1,30,28,81,88,4,201,58,0,58,259
07/28/2001,SGF,MO,ACE,CE,Towers with Radar,23,52,18,0,93,0,0,27,0,27,23,52,45,0,120,72,0,72,192
07/29/2001,SGF,MO,ACE,CE,Towers with Radar,17,47,52,0,116,0,3,41,7,51,17,50,93,7,167,16,0,16,183
07/30/2001,SGF,MO,ACE,CE,Towers with Radar,18,65,51,13,147,0,1,89,10,100,18,66,140,23,247,84,24,108,355
07/31/2001,SGF,MO,ACE,CE,Towers with Radar,30,80,38,22,170,0,1,82,4,87,30,81,120,26,257,88,42,130,387
08/01/2001,SGF,MO,ACE,CE,Towers with Radar,32,80,53,23,188,1,1,96,5,103,33,81,149,28,291,110,102,212,503
08/02/2001,SGF,MO,ACE,CE,Towers with Radar,27,69,52,22,170,1,3,89,3,96,28,72,141,25,266,78,88,166,432
08/03/2001,SGF,MO,ACE,CE,Towers with Radar,30,84,60,10,184,1,12,75,7,95,31,96,135,17,279,56,0,56,335
08/04/2001,SGF,MO,ACE,CE,Towers with Radar,22,47,27,0,96,1,1,39,0,41,23,48,66,0,137,30,0,30,167
08/05/2001,SGF,MO,ACE,CE,Towers with Radar,17,48,46,9,120,0,0,65,0,65,17,48,111,9,185,64,0,64,249
08/06/2001,SGF,MO,ACE,CE,Towers with Radar,14,60,43,33,150,1,1,63,14,79,15,61,106,47,229,134,102,236,465
08/07/2001,SGF,MO,ACE,CE,Towers with Radar,33,70,39,19,161,1,0,47,6,54,34,70,86,25,215,50,44,94,309
08/08/2001,SGF,MO,ACE,CE,Towers with Radar,24,83,86,13,206,1,0,32,1,34,25,83,118,14,240,168,36,204,444
08/09/2001,SGF,MO,ACE,CE,Towers with Radar,29,79,84,6,198,0,3,38,4,45,29,82,122,10,243,142,0,142,385
08/10/2001,SGF,MO,ACE,CE,Towers with Radar,25,70,79,3,177,0,3,18,1,22,25,73,97,4,199,68,0,68,267
08/11/2001,SGF,MO,ACE,CE,Towers with Radar,25,61,52,3,141,0,4,27,1,32,25,65,79,4,173,64,0,64,237
08/12/2001,SGF,MO,ACE,CE,Towers with Radar,18,44,46,6,114,0,4,53,3,60,18,48,99,9,174,92,0,92,266
08/13/2001,SGF,MO,ACE,CE,Towers with Radar,19,65,73,20,177,0,1,71,1,73,19,66,144,21,250,130,38,168,418
08/14/2001,SGF,MO,ACE,CE,Towers with Radar,27,87,52,20,186,0,2,72,1,75,27,89,124,21,261,90,42,132,393
08/15/2001,SGF,MO,ACE,CE,Towers with Radar,28,74,53,11,166,0,2,43,3,48,28,76,96,14,214,86,3,89,303
08/16/2001,SGF,MO,ACE,CE,Towers with Radar,27,73,61,16,177,0,0,65,1,66,27,73,126,17,243,170,50,220,463
08/17/2001,SGF,MO,ACE,CE,Towers with Radar,30,66,41,17,154,0,3,49,3,55,30,69,90,20,209,38,38,76,285
08/18/2001,SGF,MO,ACE,CE,Towers with Radar,25,51,30,0,106,0,1,52,6,59,25,52,82,6,165,74,0,74,239
08/19/2001,SGF,MO,ACE,CE,Towers with Radar,18,51,34,8,111,0,1,84,1,86,18,52,118,9,197,42,0,42,239
08/20/2001,SGF,MO,ACE,CE,Towers with Radar,20,58,49,1,128,0,9,52,0,61,20,67,101,1,189,86,0,86,275
08/21/2001,SGF,MO,ACE,CE,Towers with Radar,28,75,52,25,180,0,2,60,5,67,28,77,112,30,247,126,44,170,417
08/22/2001,SGF,MO,ACE,CE,Towers with Radar,29,75,53,32,189,0,16,56,5,77,29,91,109,37,266,44,56,100,366
08/23/2001,SGF,MO,ACE,CE,Towers with Radar,37,78,56,10,181,0,3,40,1,44,37,81,96,11,225,154,0,154,379
08/24/2001,SGF,MO,ACE,CE,Towers with Radar,25,84,27,4,140,0,3,53,3,59,25,87,80,7,199,46,0,46,245
08/25/2001,SGF,MO,ACE,CE,Towers with Radar,25,45,42,2,114,0,1,30,3,34,25,46,72,5,148,98,2,100,248
08/26/2001,SGF,MO,ACE,CE,Towers with Radar,17,53,40,3,113,0,1,55,7,63,17,54,95,10,176,74,0,74,250
08/27/2001,SGF,MO,ACE,CE,Towers with Radar,20,59,52,21,152,0,1,72,6,79,20,60,124,27,231,26,38,64,295
08/28/2001,SGF,MO,ACE,CE,Towers with Radar,27,76,56,20,179,0,11,83,6,100,27,87,139,26,279,128,20,148,427
08/29/2001,SGF,MO,ACE,CE,Towers with Radar,28,78,67,30,203,0,1,56,0,57,28,79,123,30,260,66,90,156,416
08/30/2001,SGF,MO,ACE,CE,Towers with Radar,29,82,70,38,219,0,2,49,11,62,29,84,119,49,281,128,20,148,429
08/31/2001,SGF,MO,ACE,CE,Towers with Radar,28,76,87,43,234,0,1,34,0,35,28,77,121,43,269,76,26,102,371
09/01/2001,SGF,MO,ACE,CE,Towers with Radar,19,48,34,0,101,0,0,87,0,87,19,48,121,0,188,142,0,142,330
09/02/2001,SGF,MO,ACE,CE,Towers with Radar,12,31,25,0,68,0,3,37,0,40,12,34,62,0,108,98,0,98,206
09/03/2001,SGF,MO,ACE,CE,Towers with Radar,13,45,39,0,97,0,0,59,0,59,13,45,98,0,156,42,0,42,198
09/04/2001,SGF,MO,ACE,CE,Towers with Radar,23,59,68,18,168,0,3,71,0,74,23,62,139,18,242,133,12,145,387
09/05/2001,SGF,MO,ACE,CE,Towers with Radar,29,70,62,12,173,0,4,80,6,90,29,74,142,18,263,64,14,78,341
09/06/2001,SGF,MO,ACE,CE,Towers with Radar,26,69,57,14,166,0,7,61,0,68,26,76,118,14,234,158,4,162,396
09/07/2001,SGF,MO,ACE,CE,Towers with Radar,24,62,51,7,144,6,10,13,0,29,30,72,64,7,173,16,16,32,205
09/08/2001,SGF,MO,ACE,CE,Towers with Radar,26,46,57,0,129,0,0,37,2,39,26,46,94,2,168,56,0,56,224
09/09/2001,SGF,MO,ACE,CE,Towers with Radar,17,38,42,1,98,0,0,30,2,32,17,38,72,3,130,70,0,70,200
09/10/2001,SGF,MO,ACE,CE,Towers with Radar,22,68,41,18,149,0,3,93,4,100,22,71,134,22,249,88,74,162,411
09/11/2001,SGF,MO,ACE,CE,Towers with Radar,16,24,17,9,66,0,0,11,2,13,16,24,28,11,79,0,0,0,79
09/12/2001,SGF,MO,ACE,CE,Towers with Radar,0,2,0,0,2,0,0,0,4,4,0,2,0,4,6,0,0,0,6
09/13/2001,SGF,MO,ACE,CE,Towers with Radar,3,26,0,6,35,1,0,1,3,5,4,26,1,9,40,0,0,0,40
09/14/2001,SGF,MO,ACE,CE,Towers with Radar,22,76,13,23,134,0,2,2,2,6,22,78,15,25,140,0,54,54,194
09/15/2001,SGF,MO,ACE,CE,Towers with Radar,22,47,32,19,120,0,0,1,5,6,22,47,33,24,126,0,114,114,240
09/16/2001,SGF,MO,ACE,CE,Towers with Radar,13,32,26,6,77,2,17,9,2,30,15,49,35,8,107,0,0,0,107
09/17/2001,SGF,MO,ACE,CE,Towers with Radar,20,64,21,16,121,1,2,0,0,3,21,66,21,16,124,0,8,8,132
09/18/2001,SGF,MO,ACE,CE,Towers with Radar,30,74,47,4,155,0,3,1,1,5,30,77,48,5,160,9,5,14,174
09/19/2001,SGF,MO,ACE,CE,Towers with Radar,27,71,86,45,229,0,0,1,0,1,27,71,87,45,230,0,24,24,254
09/20/2001,SGF,MO,ACE,CE,Towers with Radar,31,69,68,15,183,0,0,3,0,3,31,69,71,15,186,0,30,30,216
09/21/2001,SGF,MO,ACE,CE,Towers with Radar,30,70,67,16,183,0,0,27,12,39,30,70,94,28,222,4,18,22,244
09/22/2001,SGF,MO,ACE,CE,Towers with Radar,26,45,46,9,126,2,5,54,0,61,28,50,100,9,187,42,0,42,229
09/23/2001,SGF,MO,ACE,CE,Towers with Radar,15,44,52,4,115,0,0,20,0,20,15,44,72,4,135,40,0,40,175
09/24/2001,SGF,MO,ACE,CE,Towers with Radar,21,66,71,18,176,0,0,42,7,49,21,66,113,25,225,70,48,118,343
09/25/2001,SGF,MO,ACE,CE,Towers with Radar,24,72,60,17,173,0,0,69,17,86,24,72,129,34,259,50,26,76,335
09/26/2001,SGF,MO,ACE,CE,Towers with Radar,32,75,58,27,192,0,1,69,6,76,32,76,127,33,268,88,44,132,400
09/27/2001,SGF,MO,ACE,CE,Towers with Radar,33,60,92,14,199,0,1,64,2,67,33,61,156,16,266,110,4,114,380
09/28/2001,SGF,MO,ACE,CE,Towers with Radar,33,68,64,6,171,0,0,68,5,73,33,68,132,11,244,112,6,118,362
09/29/2001,SGF,MO,ACE,CE,Towers with Radar,21,39,43,0,103,0,0,81,0,81,21,39,124,0,184,102,0,102,286
09/30/2001,SGF,MO,ACE,CE,Towers with Radar,17,39,45,0,101,0,0,72,0,72,17,39,117,0,173,102,0,102,275
10/01/2001,SGF,MO,ACE,CE,Towers with Radar,21,58,36,27,142,1,1,54,0,56,22,59,90,27,198,68,102,170,368
10/02/2001,SGF,MO,ACE,CE,Towers with Radar,25,63,62,12,162,0,0,15,22,37,25,63,77,34,199,66,112,178,377
10/03/2001,SGF,MO,ACE,CE,Towers with Radar,30,65,68,13,176,0,0,48,14,62,30,65,116,27,238,24,30,54,292
10/04/2001,SGF,MO,ACE,CE,Towers with Radar,31,79,75,22,207,1,6,54,0,61,32,85,129,22,268,26,66,92,360
10/05/2001,SGF,MO,ACE,CE,Towers with Radar,28,69,48,1,146,25,8,0,0,33,53,77,48,1,179,6,0,6,185
10/06/2001,SGF,MO,ACE,CE,Towers with Radar,27,42,27,0,96,1,1,70,0,72,28,43,97,0,168,156,0,156,324
10/07/2001,SGF,MO,ACE,CE,Towers with Radar,16,35,55,4,110,1,7,64,0,72,17,42,119,4,182,144,0,144,326
10/08/2001,SGF,MO,ACE,CE,Towers with Radar,18,44,48,1,111,1,0,53,1,55,19,44,101,2,166,50,0,50,216
10/09/2001,SGF,MO,ACE,CE,Towers with Radar,27,67,46,1,141,0,1,19,1,21,27,68,65,2,162,0,0,0,162
10/10/2001,SGF,MO,ACE,CE,Towers with Radar,27,66,37,0,130,0,1,1,0,2,27,67,38,0,132,0,0,0,132
10/11/2001,SGF,MO,ACE,CE,Towers with Radar,28,60,66,16,170,0,1,1,0,2,28,61,67,16,172,0,0,0,172
10/12/2001,SGF,MO,ACE,CE,Towers with Radar,22,60,59,12,153,0,0,0,2,2,22,60,59,14,155,42,2,44,199
10/13/2001,SGF,MO,ACE,CE,Towers with Radar,29,34,27,0,90,0,1,9,0,10,29,35,36,0,100,18,0,18,118
10/14/2001,SGF,MO,ACE,CE,Towers with Radar,16,37,41,0,94,0,0,45,0,45,16,37,86,0,139,52,0,52,191
10/15/2001,SGF,MO,ACE,CE,Towers with Radar,20,56,29,4,109,0,1,21,0,22,20,57,50,4,131,0,0,0,131
10/16/2001,SGF,MO,ACE,CE,Towers with Radar,32,60,49,34,175,0,1,56,3,60,32,61,105,37,235,110,46,156,391
10/17/2001,SGF,MO,ACE,CE,Towers with Radar,32,68,69,12,181,0,0,79,27,106,32,68,148,39,287,52,16,68,355
10/18/2001,SGF,MO,ACE,CE,Towers with Radar,30,69,65,11,175,0,12,67,9,88,30,81,132,20,263,88,48,136,399
10/19/2001,SGF,MO,ACE,CE,Towers with Radar,31,76,71,7,185,0,2,114,11,127,31,78,185,18,312,150,18,168,480
10/20/2001,SGF,MO,ACE,CE,Towers with Radar,25,44,54,3,126,0,1,95,2,98,25,45,149,5,224,208,0,208,432
10/21/2001,SGF,MO,ACE,CE,Towers with Radar,20,34,73,8,135,0,29,69,4,102,20,63,142,12,237,94,0,94,331
10/22/2001,SGF,MO,ACE,CE,Towers with Radar,21,55,62,16,154,0,1,40,5,46,21,56,102,21,200,31,20,51,251
10/23/2001,SGF,MO,ACE,CE,Towers with Radar,32,73,57,3,165,0,6,22,4,32,32,79,79,7,197,88,10,98,295
10/24/2001,SGF,MO,ACE,CE,Towers with Radar,37,61,73,22,193,0,1,23,9,33,37,62,96,31,226,14,16,30,256
10/25/2001,SGF,MO,ACE,CE,Towers with Radar,33,66,60,1,160,2,3,47,4,56,35,69,107,5,216,0,0,0,216
10/26/2001,SGF,MO,ACE,CE,Towers with Radar,32,65,56,5,158,0,3,67,0,70,32,68,123,5,228,120,0,120,348
10/27/2001,SGF,MO,ACE,CE,Towers with Radar,24,40,39,2,105,0,1,83,1,85,24,41,122,3,190,140,0,140,330
10/28/2001,SGF,MO,ACE,CE,Towers with Radar,18,34,38,3,93,0,1,55,0,56,18,35,93,3,149,28,0,28,177
10/29/2001,SGF,MO,ACE,CE,Towers with Radar,18,61,47,13,139,0,3,54,0,57,18,64,101,13,196,116,30,146,342
10/30/2001,SGF,MO,ACE,CE,Towers with Radar,26,73,60,7,166,0,3,84,4,91,26,76,144,11,257,150,18,168,425
10/31/2001,SGF,MO,ACE,CE,Towers with Radar,24,68,74,13,179,0,1,31,8,40,24,69,105,21,219,32,0,32,251
11/01/2001,SGF,MO,ACE,CE,Towers with Radar,26,69,65,7,167,0,0,20,4,24,26,69,85,11,191,104,4,108,299
11/02/2001,SGF,MO,ACE,CE,Towers with Radar,23,75,93,2,193,1,1,27,2,31,24,76,120,4,224,134,4,138,362
11/03/2001,SGF,MO,ACE,CE,Towers with Radar,20,51,65,2,138,1,5,35,6,47,21,56,100,8,185,142,8,150,335
11/04/2001,SGF,MO,ACE,CE,Towers with Radar,15,44,38,11,108,0,0,37,10,47,15,44,75,21,155,155,28,183,338
11/05/2001,SGF,MO,ACE,CE,Towers with Radar,17,58,67,5,147,0,1,61,3,65,17,59,128,8,212,136,56,192,404
11/06/2001,SGF,MO,ACE,CE,Towers with Radar,24,72,93,20,209,0,1,96,9,106,24,73,189,29,315,192,16,208,523
11/07/2001,SGF,MO,ACE,CE,Towers with Radar,25,69,70,31,195,0,1,76,11,88,25,70,146,42,283,75,26,101,384
11/08/2001,SGF,MO,ACE,CE,Towers with Radar,25,86,60,11,182,0,2,38,2,42,25,88,98,13,224,13,0,13,237
11/09/2001,SGF,MO,ACE,CE,Towers with Radar,18,73,56,13,160,0,0,75,11,86,18,73,131,24,246,123,12,135,381
11/10/2001,SGF,MO,ACE,CE,Towers with Radar,21,47,36,0,104,0,0,94,0,94,21,47,130,0,198,114,0,114,312
11/11/2001,SGF,MO,ACE,CE,Towers with Radar,12,51,56,0,119,0,2,66,0,68,12,53,122,0,187,68,0,68,255
11/12/2001,SGF,MO,ACE,CE,Towers with Radar,17,51,50,0,118,0,0,48,0,48,17,51,98,0,166,24,0,24,190
11/13/2001,SGF,MO,ACE,CE,Towers with Radar,26,80,62,2,170,0,1,47,1,49,26,81,109,3,219,148,6,154,373
11/14/2001,SGF,MO,ACE,CE,Towers with Radar,23,71,76,19,189,0,0,57,9,66,23,71,133,28,255,86,0,86,341
11/15/2001,SGF,MO,ACE,CE,Towers with Radar,28,72,66,24,190,0,3,82,13,98,28,75,148,37,288,167,14,181,469
11/16/2001,SGF,MO,ACE,CE,Towers with Radar,21,71,78,16,186,0,0,102,14,116,21,71,180,30,302,162,38,200,502
11/17/2001,SGF,MO,ACE,CE,Towers with Radar,23,42,48,0,113,0,0,97,0,97,23,42,145,0,210,180,0,180,390
11/18/2001,SGF,MO,ACE,CE,Towers with Radar,18,37,44,0,99,0,0,40,0,40,18,37,84,0,139,93,0,93,232
11/19/2001,SGF,MO,ACE,CE,Towers with Radar,18,54,54,19,145,0,0,33,3,36,18,54,87,22,181,20,78,98,279
11/20/2001,SGF,MO,ACE,CE,Towers with Radar,24,76,74,9,183,0,0,81,14,95,24,76,155,23,278,128,120,248,526
11/21/2001,SGF,MO,ACE,CE,Towers with Radar,25,70,57,3,155,0,0,65,1,66,25,70,122,4,221,116,0,116,337
11/22/2001,SGF,MO,ACE,CE,Towers with Radar,19,35,12,0,66,0,1,39,0,40,19,36,51,0,106,8,0,8,114
11/23/2001,SGF,MO,ACE,CE,Towers with Radar,11,57,36,0,104,0,4,20,0,24,11,61,56,0,128,0,0,0,128
11/24/2001,SGF,MO,ACE,CE,Towers with Radar,22,46,34,0,102,0,0,3,0,3,22,46,37,0,105,2,0,2,107
11/25/2001,SGF,MO,ACE,CE,Towers with Radar,12,45,63,0,120,0,0,91,0,91,12,45,154,0,211,58,0,58,269
11/26/2001,SGF,MO,ACE,CE,Towers with Radar,16,61,59,1,137,0,1,23,4,28,16,62,82,5,165,8,1,9,174
11/27/2001,SGF,MO,ACE,CE,Towers with Radar,26,71,55,11,163,0,0,23,2,25,26,71,78,13,188,14,74,88,276
11/28/2001,SGF,MO,ACE,CE,Towers with Radar,25,54,32,2,113,0,0,1,0,1,25,54,33,2,114,0,0,0,114
11/29/2001,SGF,MO,ACE,CE,Towers with Radar,25,63,46,2,136,0,0,0,0,0,25,63,46,2,136,0,0,0,136
11/30/2001,SGF,MO,ACE,CE,Towers with Radar,31,80,64,8,183,0,1,32,3,36,31,81,96,11,219,10,14,24,243
12/01/2001,SGF,MO,ACE,CE,Towers with Radar,22,45,33,0,100,0,0,99,0,99,22,45,132,0,199,127,0,127,326
12/02/2001,SGF,MO,ACE,CE,Towers with Radar,16,36,16,0,68,0,0,69,0,69,16,36,85,0,137,86,0,86,223
12/03/2001,SGF,MO,ACE,CE,Towers with Radar,19,56,59,17,151,0,0,31,6,37,19,56,90,23,188,0,28,28,216
12/04/2001,SGF,MO,ACE,CE,Towers with Radar,24,68,66,2,160,0,0,36,3,39,24,68,102,5,199,38,0,38,237
12/05/2001,SGF,MO,ACE,CE,Towers with Radar,26,69,53,6,154,0,2,6,0,8,26,71,59,6,162,0,24,24,186
12/06/2001,SGF,MO,ACE,CE,Towers with Radar,23,72,83,9,187,1,0,83,9,93,24,72,166,18,280,82,6,88,368
12/07/2001,SGF,MO,ACE,CE,Towers with Radar,24,71,57,15,167,0,2,58,2,62,24,73,115,17,229,48,34,82,311
12/08/2001,SGF,MO,ACE,CE,Towers with Radar,23,49,38,12,122,0,0,68,5,73,23,49,106,17,195,92,12,104,299
12/09/2001,SGF,MO,ACE,CE,Towers with Radar,14,39,41,0,94,0,0,48,0,48,14,39,89,0,142,72,0,72,214
12/10/2001,SGF,MO,ACE,CE,Towers with Radar,17,55,56,2,130,0,0,50,2,52,17,55,106,4,182,68,8,76,258
12/11/2001,SGF,MO,ACE,CE,Towers with Radar,24,66,51,7,148,2,5,82,14,103,26,71,133,21,251,110,8,118,369
12/12/2001,SGF,MO,ACE,CE,Towers with Radar,26,67,47,10,150,0,0,3,0,3,26,67,50,10,153,0,0,0,153
12/13/2001,SGF,MO,ACE,CE,Towers with Radar,26,73,69,7,175,0,0,7,2,9,26,73,76,9,184,6,0,6,190
12/14/2001,SGF,MO,ACE,CE,Towers with Radar,24,68,80,21,193,0,0,19,0,19,24,68,99,21,212,50,10,60,272
12/15/2001,SGF,MO,ACE,CE,Towers with Radar,19,44,48,3,114,0,0,12,0,12,19,44,60,3,126,24,0,24,150
12/16/2001,SGF,MO,ACE,CE,Towers with Radar,13,37,22,4,76,0,9,0,0,9,13,46,22,4,85,0,0,0,85
12/17/2001,SGF,MO,ACE,CE,Towers with Radar,16,61,62,7,146,0,0,21,1,22,16,61,83,8,168,38,38,76,244
12/18/2001,SGF,MO,ACE,CE,Towers with Radar,29,71,65,25,190,0,0,101,17,118,29,71,166,42,308,102,136,238,546
12/19/2001,SGF,MO,ACE,CE,Towers with Radar,31,68,62,10,171,0,0,59,19,78,31,68,121,29,249,70,48,118,367
12/20/2001,SGF,MO,ACE,CE,Towers with Radar,28,68,59,4,159,0,0,97,0,97,28,68,156,4,256,143,0,143,399
12/21/2001,SGF,MO,ACE,CE,Towers with Radar,28,70,62,12,172,0,1,80,1,82,28,71,142,13,254,94,14,108,362
12/22/2001,SGF,MO,ACE,CE,Towers with Radar,28,44,20,0,92,0,2,8,0,10,28,46,28,0,102,0,0,0,102
12/23/2001,SGF,MO,ACE,CE,Towers with Radar,19,34,14,1,68,0,0,20,0,20,19,34,34,1,88,0,0,0,88
12/24/2001,SGF,MO,ACE,CE,Towers with Radar,14,47,18,0,79,1,1,9,0,11,15,48,27,0,90,0,0,0,90
12/25/2001,SGF,MO,ACE,CE,Towers with Radar,8,19,15,0,42,3,23,3,0,29,11,42,18,0,71,4,0,4,75
12/26/2001,SGF,MO,ACE,CE,Towers with Radar,22,57,43,0,122,0,1,31,2,34,22,58,74,2,156,22,10,32,188
12/27/2001,SGF,MO,ACE,CE,Towers with Radar,30,71,51,12,164,1,3,52,5,61,31,74,103,17,225,93,22,115,340
12/28/2001,SGF,MO,ACE,CE,Towers with Radar,21,63,51,7,142,0,12,104,11,127,21,75,155,18,269,118,0,118,387
12/29/2001,SGF,MO,ACE,CE,Towers with Radar,23,40,24,2,89,0,0,47,0,47,23,40,71,2,136,60,0,60,196
12/30/2001,SGF,MO,ACE,CE,Towers with Radar,12,34,17,0,63,0,1,29,0,30,12,35,46,0,93,14,0,14,107
12/31/2001,SGF,MO,ACE,CE,Towers with Radar,11,49,24,2,86,0,11,39,5,55,11,60,63,7,141,80,0,80,221
01/01/2002,SGF,MO,ACE,CE,Towers with Radar,10,32,22,0,64,0,10,41,0,51,10,42,63,0,115,6,0,6,121
01/02/2002,SGF,MO,ACE,CE,Towers with Radar,19,61,46,21,147,0,0,18,6,24,19,61,64,27,171,40,50,90,261
01/03/2002,SGF,MO,ACE,CE,Towers with Radar,23,75,43,21,162,0,0,58,10,68,23,75,101,31,230,136,18,154,384
01/04/2002,SGF,MO,ACE,CE,Towers with Radar,25,67,28,11,131,0,1,61,11,73,25,68,89,22,204,120,10,130,334
01/05/2002,SGF,MO,ACE,CE,Towers with Radar,19,42,20,0,81,2,0,0,5,7,21,42,20,5,88,30,0,30,118
01/06/2002,SGF,MO,ACE,CE,Towers with Radar,19,37,19,1,76,0,0,2,1,3,19,37,21,2,79,0,0,0,79
01/07/2002,SGF,MO,ACE,CE,Towers with Radar,17,64,35,13,129,0,0,45,4,49,17,64,80,17,178,18,12,30,208
01/08/2002,SGF,MO,ACE,CE,Towers with Radar,26,74,48,11,159,0,1,64,4,69,26,75,112,15,228,66,38,104,332
01/09/2002,SGF,MO,ACE,CE,Towers with Radar,22,75,65,25,187,0,1,80,6,87,22,76,145,31,274,90,62,152,426
01/10/2002,SGF,MO,ACE,CE,Towers with Radar,25,77,61,39,202,0,1,40,11,52,25,78,101,50,254,98,84,182,436
01/11/2002,SGF,MO,ACE,CE,Towers with Radar,19,64,52,15,150,0,0,67,10,77,19,64,119,25,227,182,36,218,445
01/12/2002,SGF,MO,ACE,CE,Towers with Radar,20,44,34,2,100,0,0,48,1,49,20,44,82,3,149,86,0,86,235
01/13/2002,SGF,MO,ACE,CE,Towers with Radar,12,41,25,2,80,2,0,44,1,47,14,41,69,3,127,62,8,70,197
01/14/2002,SGF,MO,ACE,CE,Towers with Radar,14,65,24,7,110,0,6,36,4,46,14,71,60,11,156,10,44,54,210
01/15/2002,SGF,MO,ACE,CE,Towers with Radar,24,80,64,13,181,0,4,76,1,81,24,84,140,14,262,132,38,170,432
01/16/2002,SGF,MO,ACE,CE,Towers with Radar,24,102,38,23,187,0,14,46,4,64,24,116,84,27,251,60,54,114,365
01/17/2002,SGF,MO,ACE,CE,Towers with Radar,25,75,35,2,137,0,0,7,1,8,25,75,42,3,145,8,0,8,153
01/18/2002,SGF,MO,ACE,CE,Towers with Radar,19,78,58,3,158,0,12,23,3,38,19,90,81,6,196,94,0,94,290
01/19/2002,SGF,MO,ACE,CE,Towers with Radar,19,50,16,0,85,0,0,4,1,5,19,50,20,1,90,40,0,40,130
01/20/2002,SGF,MO,ACE,CE,Towers with Radar,13,45,30,0,88,0,0,45,0,45,13,45,75,0,133,64,0,64,197
01/21/2002,SGF,MO,ACE,CE,Towers with Radar,15,51,61,0,127,0,0,58,0,58,15,51,119,0,185,126,2,128,313
01/22/2002,SGF,MO,ACE,CE,Towers with Radar,23,73,55,7,158,0,1,27,1,29,23,74,82,8,187,36,22,58,245
01/23/2002,SGF,MO,ACE,CE,Towers with Radar,23,69,54,14,160,0,6,9,2,17,23,75,63,16,177,62,0,62,239
01/24/2002,SGF,MO,ACE,CE,Towers with Radar,23,74,75,13,185,0,0,61,4,65,23,74,136,17,250,102,90,192,442
01/25/2002,SGF,MO,ACE,CE,Towers with Radar,24,69,66,40,199,0,3,70,4,77,24,72,136,44,276,84,74,158,434
01/26/2002,SGF,MO,ACE,CE,Towers with Radar,16,46,34,8,104,4,0,89,0,93,20,46,123,8,197,182,0,182,379
01/27/2002,SGF,MO,ACE,CE,Towers with Radar,10,49,17,4,80,0,0,40,1,41,10,49,57,5,121,36,12,48,169
01/28/2002,SGF,MO,ACE,CE,Towers with Radar,16,72,51,21,160,0,3,54,1,58,16,75,105,22,218,78,48,126,344
01/29/2002,SGF,MO,ACE,CE,Towers with Radar,26,75,72,17,190,0,4,5,2,11,26,79,77,19,201,44,0,44,245
01/30/2002,SGF,MO,ACE,CE,Towers with Radar,24,63,36,5,128,0,0,0,6,6,24,63,36,11,134,0,0,0,134
01/31/2002,SGF,MO,ACE,CE,Towers with Radar,27,72,44,0,143,0,0,0,0,0,27,72,44,0,143,0,0,0,143
02/01/2002,SGF,MO,ACE,CE,Towers with Radar,24,71,45,18,158,1,1,68,10,80,25,72,113,28,238,98,46,144,382
02/02/2002,SGF,MO,ACE,CE,Towers with Radar,17,40,44,12,113,1,0,82,4,87,18,40,126,16,200,94,0,94,294
02/03/2002,SGF,MO,ACE,CE,Towers with Radar,9,39,29,5,82,1,0,35,1,37,10,39,64,6,119,66,0,66,185
02/04/2002,SGF,MO,ACE,CE,Towers with Radar,15,54,61,12,142,0,6,52,1,59,15,60,113,13,201,70,6,76,277
02/05/2002,SGF,MO,ACE,CE,Towers with Radar,23,62,79,34,198,0,5,32,2,39,23,67,111,36,237,28,92,120,357
02/06/2002,SGF,MO,ACE,CE,Towers with Radar,26,75,62,5,168,0,1,0,1,2,26,76,62,6,170,2,0,2,172
02/07/2002,SGF,MO,ACE,CE,Towers with Radar,22,69,46,10,147,0,1,43,2,46,22,70,89,12,193,96,18,114,307
02/08/2002,SGF,MO,ACE,CE,Towers with Radar,25,67,41,13,146,0,2,71,2,75,25,69,112,15,221,90,4,94,315
02/09/2002,SGF,MO,ACE,CE,Towers with Radar,19,37,29,6,91,0,1,11,1,13,19,38,40,7,104,12,14,26,130
02/10/2002,SGF,MO,ACE,CE,Towers with Radar,13,41,23,3,80,0,0,16,2,18,13,41,39,5,98,22,0,22,120
02/11/2002,SGF,MO,ACE,CE,Towers with Radar,12,59,29,14,114,0,1,69,1,71,12,60,98,15,185,88,24,112,297
02/12/2002,SGF,MO,ACE,CE,Towers with Radar,28,78,72,13,191,1,10,76,6,93,29,88,148,19,284,116,27,143,427
02/13/2002,SGF,MO,ACE,CE,Towers with Radar,24,67,60,16,167,0,3,48,6,57,24,70,108,22,224,16,82,98,322
02/14/2002,SGF,MO,ACE,CE,Towers with Radar,22,76,36,18,152,0,15,32,3,50,22,91,68,21,202,1,8,9,211
02/15/2002,SGF,MO,ACE,CE,Towers with Radar,29,70,73,7,179,0,24,57,2,83,29,94,130,9,262,42,40,82,344
02/16/2002,SGF,MO,ACE,CE,Towers with Radar,18,38,44,2,102,0,2,63,0,65,18,40,107,2,167,120,0,120,287
02/17/2002,SGF,MO,ACE,CE,Towers with Radar,15,35,32,0,82,0,0,88,0,88,15,35,120,0,170,48,0,48,218
02/18/2002,SGF,MO,ACE,CE,Towers with Radar,16,45,69,1,131,0,1,22,2,25,16,46,91,3,156,19,1,20,176
02/19/2002,SGF,MO,ACE,CE,Towers with Radar,26,77,39,6,148,0,1,6,1,8,26,78,45,7,156,0,0,0,156
02/20/2002,SGF,MO,ACE,CE,Towers with Radar,23,72,64,11,170,0,0,6,0,6,23,72,70,11,176,78,28,106,282
02/21/2002,SGF,MO,ACE,CE,Towers with Radar,26,67,61,14,168,1,0,58,31,90,27,67,119,45,258,64,140,204,462
02/22/2002,SGF,MO,ACE,CE,Towers with Radar,25,69,81,31,206,3,4,67,10,84,28,73,148,41,290,62,60,122,412
02/23/2002,SGF,MO,ACE,CE,Towers with Radar,26,37,31,2,96,0,1,79,0,80,26,38,110,2,176,80,0,80,256
02/24/2002,SGF,MO,ACE,CE,Towers with Radar,10,35,36,9,90,0,1,30,1,32,10,36,66,10,122,0,0,0,122
02/25/2002,SGF,MO,ACE,CE,Towers with Radar,16,67,40,9,132,0,0,6,1,7,16,67,46,10,139,16,0,16,155
02/26/2002,SGF,MO,ACE,CE,Towers with Radar,26,74,39,10,149,0,1,3,3,7,26,75,42,13,156,0,0,0,156
02/27/2002,SGF,MO,ACE,CE,Towers with Radar,22,69,79,29,199,0,1,46,18,65,22,70,125,47,264,40,88,128,392
02/28/2002,SGF,MO,ACE,CE,Towers with Radar,23,67,67,10,167,0,1,55,9,65,23,68,122,19,232,56,22,78,310
03/01/2002,SGF,MO,ACE,CE,Towers with Radar,22,62,42,4,130,1,25,0,5,31,23,87,42,9,161,0,0,0,161
03/02/2002,SGF,MO,ACE,CE,Towers with Radar,10,33,10,0,53,1,1,0,0,2,11,34,10,0,55,0,0,0,55
03/03/2002,SGF,MO,ACE,CE,Towers with Radar,12,39,35,0,86,1,0,23,0,24,13,39,58,0,110,38,0,38,148
03/04/2002,SGF,MO,ACE,CE,Towers with Radar,13,67,46,10,136,2,1,44,4,51,15,68,90,14,187,18,60,78,265
03/05/2002,SGF,MO,ACE,CE,Towers with Radar,23,66,51,14,154,1,3,65,4,73,24,69,116,18,227,65,16,81,308
03/06/2002,SGF,MO,ACE,CE,Towers with Radar,21,80,55,12,168,1,1,35,11,48,22,81,90,23,216,56,24,80,296
03/07/2002,SGF,MO,ACE,CE,Towers with Radar,22,64,69,20,175,1,1,16,0,18,23,65,85,20,193,24,46,70,263
03/08/2002,SGF,MO,ACE,CE,Towers with Radar,19,72,47,1,139,1,1,14,1,17,20,73,61,2,156,24,0,24,180
03/09/2002,SGF,MO,ACE,CE,Towers with Radar,19,39,20,0,78,0,2,17,0,19,19,41,37,0,97,0,0,0,97
03/10/2002,SGF,MO,ACE,CE,Towers with Radar,9,45,46,0,100,0,0,96,0,96,9,45,142,0,196,42,0,42,238
03/11/2002,SGF,MO,ACE,CE,Towers with Radar,16,68,46,11,141,0,1,22,2,25,16,69,68,13,166,24,0,24,190
03/12/2002,SGF,MO,ACE,CE,Towers with Radar,24,71,71,9,175,0,0,59,16,75,24,71,130,25,250,90,61,151,401
03/13/2002,SGF,MO,ACE,CE,Towers with Radar,26,65,82,21,194,0,2,46,5,53,26,67,128,26,247,116,32,148,395
03/14/2002,SGF,MO,ACE,CE,Towers with Radar,25,85,51,8,169,0,0,26,1,27,25,85,77,9,196,16,50,66,262
03/15/2002,SGF,MO,ACE,CE,Towers with Radar,24,67,66,6,163,0,1,8,1,10,24,68,74,7,173,76,0,76,249
03/16/2002,SGF,MO,ACE,CE,Towers with Radar,16,38,61,9,124,0,4,67,0,71,16,42,128,9,195,80,0,80,275
03/17/2002,SGF,MO,ACE,CE,Towers with Radar,14,39,41,1,95,0,2,11,0,13,14,41,52,1,108,30,0,30,138
03/18/2002,SGF,MO,ACE,CE,Towers with Radar,18,50,37,24,129,0,1,22,8,31,18,51,59,32,160,10,0,10,170
03/19/2002,SGF,MO,ACE,CE,Towers with Radar,17,75,71,10,173,0,0,0,0,0,17,75,71,10,173,0,0,0,173
03/20/2002,SGF,MO,ACE,CE,Towers with Radar,25,78,80,6,189,0,9,40,11,60,25,87,120,17,249,60,0,60,309
03/21/2002,SGF,MO,ACE,CE,Towers with Radar,23,68,59,9,159,0,1,18,2,21,23,69,77,11,180,8,0,8,188
03/22/2002,SGF,MO,ACE,CE,Towers with Radar,22,65,72,5,164,0,4,65,7,76,22,69,137,12,240,32,2,34,274
03/23/2002,SGF,MO,ACE,CE,Towers with Radar,15,44,44,2,105,1,0,128,0,129,16,44,172,2,234,12,0,12,246
03/24/2002,SGF,MO,ACE,CE,Towers with Radar,14,35,44,10,103,0,2,20,7,29,14,37,64,17,132,40,0,40,172
03/25/2002,SGF,MO,ACE,CE,Towers with Radar,6,47,31,0,84,0,0,0,0,0,6,47,31,0,84,0,0,0,84
03/26/2002,SGF,MO,ACE,CE,Towers with Radar,19,68,73,9,169,0,1,3,5,9,19,69,76,14,178,14,0,14,192
03/27/2002,SGF,MO,ACE,CE,Towers with Radar,23,79,70,8,180,0,3,88,0,91,23,82,158,8,271,52,0,52,323
03/28/2002,SGF,MO,ACE,CE,Towers with Radar,21,70,54,4,149,0,3,80,4,87,21,73,134,8,236,80,0,80,316
03/29/2002,SGF,MO,ACE,CE,Towers with Radar,24,69,58,3,154,0,4,62,4,70,24,73,120,7,224,62,4,66,290
03/30/2002,SGF,MO,ACE,CE,Towers with Radar,18,44,42,0,104,0,4,85,0,89,18,48,127,0,193,50,0,50,243
03/31/2002,SGF,MO,ACE,CE,Towers with Radar,13,39,25,0,77,0,1,50,0,51,13,40,75,0,128,100,0,100,228
04/01/2002,SGF,MO,ACE,CE,Towers with Radar,14,61,33,6,114,0,3,34,6,43,14,64,67,12,157,20,6,26,183
04/02/2002,SGF,MO,ACE,CE,Towers with Radar,22,73,51,10,156,0,1,17,2,20,22,74,68,12,176,32,0,32,208
04/03/2002,SGF,MO,ACE,CE,Towers with Radar,24,68,60,5,157,0,1,47,6,54,24,69,107,11,211,48,0,48,259
04/04/2002,SGF,MO,ACE,CE,Towers with Radar,21,70,63,3,157,0,1,79,13,93,21,71,142,16,250,118,4,122,372
04/05/2002,SGF,MO,ACE,CE,Towers with Radar,24,77,71,0,172,1,2,68,4,75,25,79,139,4,247,76,0,76,323
04/06/2002,SGF,MO,ACE,CE,Towers with Radar,18,33,28,5,84,0,0,63,6,69,18,33,91,11,153,40,0,40,193
04/07/2002,SGF,MO,ACE,CE,Towers with Radar,7,37,38,0,82,0,1,2,6,9,7,38,40,6,91,0,0,0,91
04/08/2002,SGF,MO,ACE,CE,Towers with Radar,12,57,51,8,128,0,0,4,3,7,12,57,55,11,135,0,0,0,135
04/09/2002,SGF,MO,ACE,CE,Towers with Radar,21,80,44,10,155,0,1,35,7,43,21,81,79,17,198,26,0,26,224
04/10/2002,SGF,MO,ACE,CE,Towers with Radar,26,66,55,6,153,1,1,87,5,94,27,67,142,11,247,76,2,78,325
04/11/2002,SGF,MO,ACE,CE,Towers with Radar,17,68,68,8,161,0,1,62,7,70,17,69,130,15,231,178,6,184,415
04/12/2002,SGF,MO,ACE,CE,Towers with Radar,24,70,57,1,152,0,2,27,6,35,24,72,84,7,187,62,0,62,249
04/13/2002,SGF,MO,ACE,CE,Towers with Radar,18,38,46,4,106,0,0,13,0,13,18,38,59,4,119,12,0,12,131
04/14/2002,SGF,MO,ACE,CE,Towers with Radar,14,43,48,1,106,0,0,42,0,42,14,43,90,1,148,0,12,12,160
04/15/2002,SGF,MO,ACE,CE,Towers with Radar,10,62,51,7,130,0,1,10,3,14,10,63,61,10,144,24,0,24,168
04/16/2002,SGF,MO,ACE,CE,Towers with Radar,26,73,49,0,148,0,0,24,5,29,26,73,73,5,177,16,0,16,193
04/17/2002,SGF,MO,ACE,CE,Towers with Radar,19,74,73,2,168,0,1,64,2,67,19,75,137,4,235,238,0,238,473
04/18/2002,SGF,MO,ACE,CE,Towers with Radar,23,69,74,8,174,4,2,31,8,45,27,71,105,16,219,44,0,44,263
04/19/2002,SGF,MO,ACE,CE,Towers with Radar,22,70,57,1,150,1,0,30,10,41,23,70,87,11,191,82,0,82,273
04/20/2002,SGF,MO,ACE,CE,Towers with Radar,17,42,33,0,92,0,0,3,0,3,17,42,36,0,95,8,0,8,103
04/21/2002,SGF,MO,ACE,CE,Towers with Radar,15,47,31,1,94,0,0,11,2,13,15,47,42,3,107,14,12,26,133
04/22/2002,SGF,MO,ACE,CE,Towers with Radar,13,69,45,6,133,0,1,75,2,78,13,70,120,8,211,82,0,82,293
04/23/2002,SGF,MO,ACE,CE,Towers with Radar,20,85,68,5,178,1,5,55,8,69,21,90,123,13,247,68,4,72,319
04/24/2002,SGF,MO,ACE,CE,Towers with Radar,19,65,60,3,147,0,1,28,6,35,19,66,88,9,182,14,0,14,196
04/25/2002,SGF,MO,ACE,CE,Towers with Radar,20,77,57,4,158,0,1,49,5,55,20,78,106,9,213,124,4,128,341
04/26/2002,SGF,MO,ACE,CE,Towers with Radar,23,80,76,5,184,0,1,13,1,15,23,81,89,6,199,4,4,8,207
04/27/2002,SGF,MO,ACE,CE,Towers with Radar,13,36,25,0,74,0,7,0,0,7,13,43,25,0,81,0,0,0,81
04/28/2002,SGF,MO,ACE,CE,Towers with Radar,11,48,44,0,103,0,4,54,0,58,11,52,98,0,161,58,4,62,223
04/29/2002,SGF,MO,ACE,CE,Towers with Radar,15,56,45,6,122,0,4,72,2,78,15,60,117,8,200,72,0,72,272
04/30/2002,SGF,MO,ACE,CE,Towers with Radar,20,71,34,2,127,0,0,4,0,4,20,71,38,2,131,22,0,22,153
05/01/2002,SGF,MO,ACE,CE,Towers with Radar,19,78,40,2,139,0,1,13,7,21,19,79,53,9,160,6,44,50,210
05/02/2002,SGF,MO,ACE,CE,Towers with Radar,23,81,71,6,181,0,0,40,5,45,23,81,111,11,226,54,0,54,280
05/03/2002,SGF,MO,ACE,CE,Towers with Radar,19,80,60,1,160,1,2,55,3,61,20,82,115,4,221,84,0,84,305
05/04/2002,SGF,MO,ACE,CE,Towers with Radar,15,41,46,1,103,1,0,61,0,62,16,41,107,1,165,116,0,116,281
05/05/2002,SGF,MO,ACE,CE,Towers with Radar,7,54,42,2,105,1,1,58,0,60,8,55,100,2,165,54,4,58,223
05/06/2002,SGF,MO,ACE,CE,Towers with Radar,13,65,34,5,117,1,0,6,0,7,14,65,40,5,124,42,8,50,174
05/07/2002,SGF,MO,ACE,CE,Towers with Radar,18,76,34,5,133,0,2,13,0,15,18,78,47,5,148,28,6,34,182
05/08/2002,SGF,MO,ACE,CE,Towers with Radar,19,67,63,10,159,0,1,13,2,16,19,68,76,12,175,22,8,30,205
05/09/2002,SGF,MO,ACE,CE,Towers with Radar,22,76,64,5,167,0,5,64,0,69,22,81,128,5,236,72,0,72,308
05/10/2002,SGF,MO,ACE,CE,Towers with Radar,21,83,42,6,152,3,1,35,0,39,24,84,77,6,191,84,6,90,281
05/11/2002,SGF,MO,ACE,CE,Towers with Radar,16,41,30,3,90,2,0,8,0,10,18,41,38,3,100,8,0,8,108
05/12/2002,SGF,MO,ACE,CE,Towers with Radar,10,38,27,0,75,0,3,3,0,6,10,41,30,0,81,0,0,0,81
05/13/2002,SGF,MO,ACE,CE,Towers with Radar,21,56,59,1,137,0,4,47,3,54,21,60,106,4,191,96,0,96,287
05/14/2002,SGF,MO,ACE,CE,Towers with Radar,19,75,76,3,173,0,2,51,2,55,19,77,127,5,228,144,0,144,372
05/15/2002,SGF,MO,ACE,CE,Towers with Radar,21,77,76,3,177,0,1,35,4,40,21,78,111,7,217,44,0,44,261
05/16/2002,SGF,MO,ACE,CE,Towers with Radar,20,76,42,1,139,0,2,8,9,19,20,78,50,10,158,42,10,52,210
05/17/2002,SGF,MO,ACE,CE,Towers with Radar,17,66,50,6,139,1,2,0,3,6,18,68,50,9,145,0,0,0,145
05/18/2002,SGF,MO,ACE,CE,Towers with Radar,14,43,34,4,95,1,3,50,2,56,15,46,84,6,151,10,0,10,161
05/19/2002,SGF,MO,ACE,CE,Towers with Radar,11,49,30,2,92,0,2,62,6,70,11,51,92,8,162,98,2,100,262
05/20/2002,SGF,MO,ACE,CE,Towers with Radar,23,57,46,10,136,0,6,73,10,89,23,63,119,20,225,124,6,130,355
05/21/2002,SGF,MO,ACE,CE,Towers with Radar,31,76,46,7,160,0,4,67,12,83,31,80,113,19,243,132,20,152,395
05/22/2002,SGF,MO,ACE,CE,Towers with Radar,22,71,57,4,154,2,0,24,12,38,24,71,81,16,192,22,16,38,230
05/23/2002,SGF,MO,ACE,CE,Towers with Radar,20,80,60,4,164,0,2,30,13,45,20,82,90,17,209,16,0,16,225
05/24/2002,SGF,MO,ACE,CE,Towers with Radar,23,77,52,4,156,0,8,13,2,23,23,85,65,6,179,42,0,42,221
05/25/2002,SGF,MO,ACE,CE,Towers with Radar,16,45,97,1,159,0,3,20,0,23,16,48,117,1,182,12,0,12,194
05/26/2002,SGF,MO,ACE,CE,Towers with Radar,10,38,35,0,83,0,1,69,1,71,10,39,104,1,154,36,0,36,190
05/27/2002,SGF,MO,ACE,CE,Towers with Radar,12,47,34,0,93,0,0,36,0,36,12,47,70,0,129,6,0,6,135
05/28/2002,SGF,MO,ACE,CE,Towers with Radar,15,66,49,4,134,0,14,9,5,28,15,80,58,9,162,30,0,30,192
05/29/2002,SGF,MO,ACE,CE,Towers with Radar,21,74,57,12,164,0,1,32,0,33,21,75,89,12,197,62,0,62,259
05/30/2002,SGF,MO,ACE,CE,Towers with Radar,25,78,65,5,173,2,0,37,8,47,27,78,102,13,220,96,0,96,316
05/31/2002,SGF,MO,ACE,CE,Towers with Radar,23,74,33,4,134,0,2,84,4,90,23,76,117,8,224,54,0,54,278
06/01/2002,SGF,MO,ACE,CE,Towers with Radar,17,46,42,1,106,0,1,52,0,53,17,47,94,1,159,52,0,52,211
06/02/2002,SGF,MO,ACE,CE,Towers with Radar,10,46,31,0,87,0,1,57,0,58,10,47,88,0,145,50,0,50,195
06/03/2002,SGF,MO,ACE,CE,Towers with Radar,9,73,43,3,128,0,4,40,0,44,9,77,83,3,172,84,0,84,256
06/04/2002,SGF,MO,ACE,CE,Towers with Radar,22,96,41,1,160,0,2,51,3,56,22,98,92,4,216,90,0,90,306
06/05/2002,SGF,MO,ACE,CE,Towers with Radar,20,76,86,4,186,2,1,0,5,8,22,77,86,9,194,0,0,0,194
06/06/2002,SGF,MO,ACE,CE,Towers with Radar,21,84,58,15,178,0,6,75,11,92,21,90,133,26,270,160,54,214,484
06/07/2002,SGF,MO,ACE,CE,Towers with Radar,21,79,56,0,156,0,3,84,6,93,21,82,140,6,249,138,0,138,387
06/08/2002,SGF,MO,ACE,CE,Towers with Radar,19,41,43,7,110,0,2,63,2,67,19,43,106,9,177,88,0,88,265
06/09/2002,SGF,MO,ACE,CE,Towers with Radar,9,49,35,1,94,0,2,18,0,20,9,51,53,1,114,26,0,26,140
06/10/2002,SGF,MO,ACE,CE,Towers with Radar,16,73,54,10,153,0,3,25,2,30,16,76,79,12,183,14,0,14,197
06/11/2002,SGF,MO,ACE,CE,Towers with Radar,27,80,62,12,181,0,2,30,10,42,27,82,92,22,223,108,26,134,357
06/12/2002,SGF,MO,ACE,CE,Towers with Radar,20,91,58,7,176,0,1,35,10,46,20,92,93,17,222,82,0,82,304
06/13/2002,SGF,MO,ACE,CE,Towers with Radar,22,90,66,5,183,0,2,32,14,48,22,92,98,19,231,88,0,88,319
06/14/2002,SGF,MO,ACE,CE,Towers with Radar,19,80,71,6,176,0,1,53,6,60,19,81,124,12,236,72,0,72,308
06/15/2002,SGF,MO,ACE,CE,Towers with Radar,14,48,30,1,93,0,0,79,1,80,14,48,109,2,173,68,0,68,241
06/16/2002,SGF,MO,ACE,CE,Towers with Radar,8,46,30,0,84,0,2,45,0,47,8,48,75,0,131,30,0,30,161
06/17/2002,SGF,MO,ACE,CE,Towers with Radar,13,65,59,1,138,0,1,71,2,74,13,66,130,3,212,102,0,102,314
06/18/2002,SGF,MO,ACE,CE,Towers with Radar,18,77,47,2,144,0,0,19,2,21,18,77,66,4,165,32,4,36,201
06/19/2002,SGF,MO,ACE,CE,Towers with Radar,20,67,60,5,152,3,0,30,4,37,23,67,90,9,189,88,22,110,299
06/20/2002,SGF,MO,ACE,CE,Towers with Radar,20,84,66,4,174,0,1,40,6,47,20,85,106,10,221,80,0,80,301
06/21/2002,SGF,MO,ACE,CE,Towers with Radar,23,75,66,5,169,2,0,27,0,29,25,75,93,5,198,54,14,68,266
06/22/2002,SGF,MO,ACE,CE,Towers with Radar,16,47,36,2,101,0,0,43,15,58,16,47,79,17,159,42,0,42,201
06/23/2002,SGF,MO,ACE,CE,Towers with Radar,10,49,54,2,115,3,12,48,3,66,13,61,102,5,181,102,0,102,283
06/24/2002,SGF,MO,ACE,CE,Towers with Radar,21,68,37,5,131,0,0,43,1,44,21,68,80,6,175,42,24,66,241
06/25/2002,SGF,MO,ACE,CE,Towers with Radar,23,80,73,12,188,0,0,62,4,66,23,80,135,16,254,83,14,97,351
06/26/2002,SGF,MO,ACE,CE,Towers with Radar,22,73,57,11,163,0,0,68,5,73,22,73,125,16,236,86,30,116,352
06/27/2002,SGF,MO,ACE,CE,Towers with Radar,23,84,79,4,190,0,3,52,4,59,23,87,131,8,249,102,8,110,359
06/28/2002,SGF,MO,ACE,CE,Towers with Radar,24,73,82,19,198,0,14,54,2,70,24,87,136,21,268,84,56,140,408
06/29/2002,SGF,MO,ACE,CE,Towers with Radar,16,50,35,2,103,0,1,56,1,58,16,51,91,3,161,46,0,46,207
06/30/2002,SGF,MO,ACE,CE,Towers with Radar,18,37,38,0,93,0,3,52,1,56,18,40,90,1,149,14,0,14,163
07/01/2002,SGF,MO,ACE,CE,Towers with Radar,16,70,54,5,145,0,1,63,2,66,16,71,117,7,211,60,66,126,337
07/02/2002,SGF,MO,ACE,CE,Towers with Radar,21,86,43,10,160,0,1,40,6,47,21,87,83,16,207,106,76,182,389
07/03/2002,SGF,MO,ACE,CE,Towers with Radar,19,73,50,3,145,0,0,29,3,32,19,73,79,6,177,68,8,76,253
07/04/2002,SGF,MO,ACE,CE,Towers with Radar,17,46,35,0,98,0,0,29,2,31,17,46,64,2,129,44,2,46,175
07/05/2002,SGF,MO,ACE,CE,Towers with Radar,17,62,29,3,111,0,3,81,1,85,17,65,110,4,196,54,0,54,250
07/06/2002,SGF,MO,ACE,CE,Towers with Radar,16,51,50,0,117,4,0,46,0,50,20,51,96,0,167,6,0,6,173
07/07/2002,SGF,MO,ACE,CE,Towers with Radar,13,55,34,0,102,0,1,46,1,48,13,56,80,1,150,48,0,48,198
07/08/2002,SGF,MO,ACE,CE,Towers with Radar,13,70,59,26,168,1,3,60,6,70,14,73,119,32,238,12,46,58,296
07/09/2002,SGF,MO,ACE,CE,Towers with Radar,18,85,67,11,181,1,2,69,9,81,19,87,136,20,262,152,36,188,450
07/10/2002,SGF,MO,ACE,CE,Towers with Radar,21,78,51,8,158,0,0,48,8,56,21,78,99,16,214,56,0,56,270
07/11/2002,SGF,MO,ACE,CE,Towers with Radar,22,81,47,10,160,0,0,55,4,59,22,81,102,14,219,116,26,142,361
07/12/2002,SGF,MO,ACE,CE,Towers with Radar,26,71,56,13,166,0,0,21,4,25,26,71,77,17,191,10,0,10,201
07/13/2002,SGF,MO,ACE,CE,Towers with Radar,21,56,60,2,139,0,0,10,4,14,21,56,70,6,153,32,3,35,188
07/14/2002,SGF,MO,ACE,CE,Towers with Radar,12,44,37,1,94,0,0,65,4,69,12,44,102,5,163,74,0,74,237
07/15/2002,SGF,MO,ACE,CE,Towers with Radar,26,64,48,13,151,0,0,71,4,75,26,64,119,17,226,134,36,170,396
07/16/2002,SGF,MO,ACE,CE,Towers with Radar,24,72,67,4,167,0,3,51,16,70,24,75,118,20,237,98,0,98,335
07/17/2002,SGF,MO,ACE,CE,Towers with Radar,21,84,71,9,185,0,0,36,19,55,21,84,107,28,240,40,30,70,310
07/18/2002,SGF,MO,ACE,CE,Towers with Radar,21,81,49,9,160,0,2,33,1,36,21,83,82,10,196,98,10,108,304
07/19/2002,SGF,MO,ACE,CE,Towers with Radar,28,77,49,4,158,0,0,56,7,63,28,77,105,11,221,80,92,172,393
07/20/2002,SGF,MO,ACE,CE,Towers with Radar,18,49,43,2,112,0,0,72,4,76,18,49,115,6,188,56,4,60,248
07/21/2002,SGF,MO,ACE,CE,Towers with Radar,11,47,67,1,126,0,0,99,4,103,11,47,166,5,229,54,0,54,283
07/22/2002,SGF,MO,ACE,CE,Towers with Radar,10,58,45,5,118,0,14,33,2,49,10,72,78,7,167,26,0,26,193
07/23/2002,SGF,MO,ACE,CE,Towers with Radar,27,90,95,2,214,0,0,67,4,71,27,90,162,6,285,120,4,124,409
07/24/2002,SGF,MO,ACE,CE,Towers with Radar,19,80,63,18,180,0,3,85,14,102,19,83,148,32,282,28,62,90,372
07/25/2002,SGF,MO,ACE,CE,Towers with Radar,20,86,71,20,197,0,1,73,6,80,20,87,144,26,277,60,18,78,355
07/26/2002,SGF,MO,ACE,CE,Towers with Radar,31,66,58,4,159,2,1,72,2,77,33,67,130,6,236,134,0,134,370
07/27/2002,SGF,MO,ACE,CE,Towers with Radar,14,46,36,0,96,9,6,60,0,75,23,52,96,0,171,26,0,26,197
07/28/2002,SGF,MO,ACE,CE,Towers with Radar,10,45,47,0,102,0,0,40,0,40,10,45,87,0,142,68,0,68,210
07/29/2002,SGF,MO,ACE,CE,Towers with Radar,21,66,49,7,143,0,1,32,0,33,21,67,81,7,176,24,12,36,212
07/30/2002,SGF,MO,ACE,CE,Towers with Radar,21,82,73,4,180,0,2,72,4,78,21,84,145,8,258,44,30,74,332
07/31/2002,SGF,MO,ACE,CE,Towers with Radar,21,90,55,10,176,0,2,48,4,54,21,92,103,14,230,8,26,34,264
08/01/2002,SGF,MO,ACE,CE,Towers with Radar,20,86,53,23,182,1,0,41,9,51,21,86,94,32,233,24,71,95,328
08/02/2002,SGF,MO,ACE,CE,Towers with Radar,22,78,46,6,152,1,4,35,6,46,23,82,81,12,198,52,2,54,252
08/03/2002,SGF,MO,ACE,CE,Towers with Radar,19,45,40,7,111,1,1,57,3,62,20,46,97,10,173,46,0,46,219
08/04/2002,SGF,MO,ACE,CE,Towers with Radar,13,37,27,3,80,1,0,45,1,47,14,37,72,4,127,18,8,26,153
08/05/2002,SGF,MO,ACE,CE,Towers with Radar,12,74,36,6,128,1,0,45,0,46,13,74,81,6,174,57,12,69,243
08/06/2002,SGF,MO,ACE,CE,Towers with Radar,27,82,57,14,180,1,3,33,1,38,28,85,90,15,218,42,8,50,268
08/07/2002,SGF,MO,ACE,CE,Towers with Radar,24,81,63,8,176,7,0,77,0,84,31,81,140,8,260,46,0,46,306
08/08/2002,SGF,MO,ACE,CE,Towers with Radar,22,76,60,8,166,1,1,54,4,60,23,77,114,12,226,78,42,120,346
08/09/2002,SGF,MO,ACE,CE,Towers with Radar,23,77,45,9,154,0,4,73,8,85,23,81,118,17,239,54,0,54,293
08/10/2002,SGF,MO,ACE,CE,Towers with Radar,16,50,30,2,98,2,2,28,0,32,18,52,58,2,130,39,1,40,170
08/11/2002,SGF,MO,ACE,CE,Towers with Radar,12,44,26,0,82,2,0,39,0,41,14,44,65,0,123,60,0,60,183
08/12/2002,SGF,MO,ACE,CE,Towers with Radar,14,68,45,8,135,0,5,20,7,32,14,73,65,15,167,22,60,82,249
08/13/2002,SGF,MO,ACE,CE,Towers with Radar,25,88,48,10,171,6,0,11,2,19,31,88,59,12,190,16,0,16,206
08/14/2002,SGF,MO,ACE,CE,Towers with Radar,25,77,69,6,177,0,0,37,6,43,25,77,106,12,220,34,0,34,254
08/15/2002,SGF,MO,ACE,CE,Towers with Radar,19,79,60,14,172,1,0,56,5,62,20,79,116,19,234,46,24,70,304
08/16/2002,SGF,MO,ACE,CE,Towers with Radar,23,67,55,5,150,0,0,49,3,52,23,67,104,8,202,116,0,116,318
08/17/2002,SGF,MO,ACE,CE,Towers with Radar,19,46,36,2,103,0,0,27,0,27,19,46,63,2,130,6,1,7,137
08/18/2002,SGF,MO,ACE,CE,Towers with Radar,10,48,24,0,82,0,0,36,0,36,10,48,60,0,118,0,0,0,118
08/19/2002,SGF,MO,ACE,CE,Towers with Radar,14,74,43,12,143,0,1,28,3,32,14,75,71,15,175,22,0,22,197
08/20/2002,SGF,MO,ACE,CE,Towers with Radar,24,83,50,9,166,0,1,51,12,64,24,84,101,21,230,66,4,70,300
08/21/2002,SGF,MO,ACE,CE,Towers with Radar,22,79,56,15,172,0,1,58,7,66,22,80,114,22,238,22,8,30,268
08/22/2002,SGF,MO,ACE,CE,Towers with Radar,21,87,59,11,178,0,0,48,5,53,21,87,107,16,231,54,6,60,291
08/23/2002,SGF,MO,ACE,CE,Towers with Radar,25,78,41,15,159,0,0,25,8,33,25,78,66,23,192,2,30,32,224
08/24/2002,SGF,MO,ACE,CE,Towers with Radar,31,40,47,2,120,0,0,32,1,33,31,40,79,3,153,48,0,48,201
08/25/2002,SGF,MO,ACE,CE,Towers with Radar,13,47,43,2,105,0,0,33,1,34,13,47,76,3,139,62,62,124,263
08/26/2002,SGF,MO,ACE,CE,Towers with Radar,15,74,40,6,135,0,3,56,0,59,15,77,96,6,194,118,0,118,312
08/27/2002,SGF,MO,ACE,CE,Towers with Radar,21,72,49,8,150,1,7,85,27,120,22,79,134,35,270,42,0,42,312
08/28/2002,SGF,MO,ACE,CE,Towers with Radar,22,84,62,6,174,0,0,62,3,65,22,84,124,9,239,64,0,64,303
08/29/2002,SGF,MO,ACE,CE,Towers with Radar,20,76,56,25,177,1,2,65,5,73,21,78,121,30,250,194,0,194,444
08/30/2002,SGF,MO,ACE,CE,Towers with Radar,21,81,66,4,172,0,0,35,0,35,21,81,101,4,207,0,0,0,207
08/31/2002,SGF,MO,ACE,CE,Towers with Radar,16,48,29,0,93,0,0,45,0,45,16,48,74,0,138,84,0,84,222
09/01/2002,SGF,MO,ACE,CE,Towers with Radar,7,39,24,0,70,0,0,46,0,46,7,39,70,0,116,64,0,64,180
09/02/2002,SGF,MO,ACE,CE,Towers with Radar,11,40,23,0,74,0,0,38,0,38,11,40,61,0,112,22,0,22,134
09/03/2002,SGF,MO,ACE,CE,Towers with Radar,16,66,38,2,122,0,0,58,0,58,16,66,96,2,180,70,0,70,250
09/04/2002,SGF,MO,ACE,CE,Towers with Radar,21,82,51,4,158,0,0,43,1,44,21,82,94,5,202,70,0,70,272
09/05/2002,SGF,MO,ACE,CE,Towers with Radar,23,87,71,7,188,0,2,60,2,64,23,89,131,9,252,24,0,24,276
09/06/2002,SGF,MO,ACE,CE,Towers with Radar,20,74,56,7,157,0,4,46,7,57,20,78,102,14,214,50,12,62,276
09/07/2002,SGF,MO,ACE,CE,Towers with Radar,16,51,23,2,92,0,0,49,0,49,16,51,72,2,141,58,0,58,199
09/08/2002,SGF,MO,ACE,CE,Towers with Radar,14,49,32,5,100,3,0,26,0,29,17,49,58,5,129,64,0,64,193
09/09/2002,SGF,MO,ACE,CE,Towers with Radar,14,73,35,17,139,0,0,41,8,49,14,73,76,25,188,8,39,47,235
09/10/2002,SGF,MO,ACE,CE,Towers with Radar,22,84,61,9,176,0,2,40,5,47,22,86,101,14,223,30,32,62,285
09/11/2002,SGF,MO,ACE,CE,Towers with Radar,21,75,57,17,170,0,0,30,13,43,21,75,87,30,213,28,46,74,287
09/12/2002,SGF,MO,ACE,CE,Towers with Radar,21,85,62,4,172,0,0,66,3,69,21,85,128,7,241,40,0,40,281
09/13/2002,SGF,MO,ACE,CE,Towers with Radar,23,82,60,7,172,0,7,57,10,74,23,89,117,17,246,20,68,88,334
09/14/2002,SGF,MO,ACE,CE,Towers with Radar,13,57,40,0,110,0,0,24,5,29,13,57,64,5,139,44,0,44,183
09/15/2002,SGF,MO,ACE,CE,Towers with Radar,13,51,47,4,115,0,0,0,0,0,13,51,47,4,115,0,0,0,115
09/16/2002,SGF,MO,ACE,CE,Towers with Radar,13,70,51,3,137,0,0,21,1,22,13,70,72,4,159,68,0,68,227
09/17/2002,SGF,MO,ACE,CE,Towers with Radar,25,86,60,21,192,1,0,35,0,36,26,86,95,21,228,74,14,88,316
09/18/2002,SGF,MO,ACE,CE,Towers with Radar,23,78,75,6,182,0,0,47,2,49,23,78,122,8,231,24,20,44,275
09/19/2002,SGF,MO,ACE,CE,Towers with Radar,22,72,55,4,153,3,0,21,2,26,25,72,76,6,179,0,0,0,179
09/20/2002,SGF,MO,ACE,CE,Towers with Radar,29,79,72,6,186,0,1,53,3,57,29,80,125,9,243,112,0,112,355
09/21/2002,SGF,MO,ACE,CE,Towers with Radar,16,55,45,0,116,0,0,109,2,111,16,55,154,2,227,96,0,96,323
09/22/2002,SGF,MO,ACE,CE,Towers with Radar,15,45,37,1,98,0,1,62,0,63,15,46,99,1,161,118,0,118,279
09/23/2002,SGF,MO,ACE,CE,Towers with Radar,18,61,46,4,129,3,1,49,14,67,21,62,95,18,196,34,20,54,250
09/24/2002,SGF,MO,ACE,CE,Towers with Radar,27,83,65,5,180,0,1,81,1,83,27,84,146,6,263,96,8,104,367
09/25/2002,SGF,MO,ACE,CE,Towers with Radar,26,78,70,6,180,0,5,67,5,77,26,83,137,11,257,106,16,122,379
09/26/2002,SGF,MO,ACE,CE,Towers with Radar,24,75,66,5,170,0,0,84,4,88,24,75,150,9,258,76,0,76,334
09/27/2002,SGF,MO,ACE,CE,Towers with Radar,32,80,55,2,169,0,0,84,4,88,32,80,139,6,257,106,12,118,375
09/28/2002,SGF,MO,ACE,CE,Towers with Radar,18,54,29,0,101,0,1,64,0,65,18,55,93,0,166,36,0,36,202
09/29/2002,SGF,MO,ACE,CE,Towers with Radar,14,46,35,0,95,0,3,49,0,52,14,49,84,0,147,6,0,6,153
09/30/2002,SGF,MO,ACE,CE,Towers with Radar,16,66,52,2,136,0,6,43,5,54,16,72,95,7,190,24,0,24,214
10/01/2002,SGF,MO,ACE,CE,Towers with Radar,24,78,53,16,171,0,0,47,10,57,24,78,100,26,228,86,70,156,384
10/02/2002,SGF,MO,ACE,CE,Towers with Radar,22,70,65,10,167,0,21,37,20,78,22,91,102,30,245,12,23,35,280
10/03/2002,SGF,MO,ACE,CE,Towers with Radar,28,91,70,8,197,0,1,17,3,21,28,92,87,11,218,61,10,71,289
10/04/2002,SGF,MO,ACE,CE,Towers with Radar,24,73,47,1,145,0,0,27,6,33,24,73,74,7,178,36,0,36,214
10/05/2002,SGF,MO,ACE,CE,Towers with Radar,15,54,43,0,112,0,0,66,4,70,15,54,109,4,182,22,0,22,204
10/06/2002,SGF,MO,ACE,CE,Towers with Radar,17,46,36,0,99,0,0,28,5,33,17,46,64,5,132,0,8,8,140
10/07/2002,SGF,MO,ACE,CE,Towers with Radar,20,62,40,9,131,3,0,55,1,59,23,62,95,10,190,36,10,46,236
10/08/2002,SGF,MO,ACE,CE,Towers with Radar,26,83,68,14,191,0,10,65,8,83,26,93,133,22,274,53,0,53,327
10/09/2002,SGF,MO,ACE,CE,Towers with Radar,26,85,61,26,198,0,0,38,7,45,26,85,99,33,243,26,100,126,369
10/10/2002,SGF,MO,ACE,CE,Towers with Radar,23,82,88,27,220,0,0,17,4,21,23,82,105,31,241,75,0,75,316
10/11/2002,SGF,MO,ACE,CE,Towers with Radar,28,81,91,9,209,0,0,44,5,49,28,81,135,14,258,132,12,144,402
10/12/2002,SGF,MO,ACE,CE,Towers with Radar,16,54,51,1,122,0,2,7,1,10,16,56,58,2,132,0,0,0,132
10/13/2002,SGF,MO,ACE,CE,Towers with Radar,15,41,59,0,115,0,0,62,0,62,15,41,121,0,177,64,0,64,241
10/14/2002,SGF,MO,ACE,CE,Towers with Radar,16,54,69,1,140,0,2,66,1,69,16,56,135,2,209,52,0,52,261
10/15/2002,SGF,MO,ACE,CE,Towers with Radar,27,98,56,21,202,0,0,57,2,59,27,98,113,23,261,44,18,62,323
10/16/2002,SGF,MO,ACE,CE,Towers with Radar,26,87,73,40,226,0,1,56,7,64,26,88,129,47,290,36,76,112,402
10/17/2002,SGF,MO,ACE,CE,Towers with Radar,24,84,92,14,214,1,0,32,3,36,25,84,124,17,250,48,6,54,304
10/18/2002,SGF,MO,ACE,CE,Towers with Radar,28,79,75,9,191,1,0,22,2,25,29,79,97,11,216,2,40,42,258
10/19/2002,SGF,MO,ACE,CE,Towers with Radar,15,55,75,3,148,0,0,27,0,27,15,55,102,3,175,92,4,96,271
10/20/2002,SGF,MO,ACE,CE,Towers with Radar,14,48,48,0,110,0,0,48,0,48,14,48,96,0,158,36,0,36,194
10/21/2002,SGF,MO,ACE,CE,Towers with Radar,13,72,58,17,160,0,0,61,1,62,13,72,119,18,222,134,54,188,410
10/22/2002,SGF,MO,ACE,CE,Towers with Radar,20,76,68,34,198,0,4,45,6,55,20,80,113,40,253,60,82,142,395
10/23/2002,SGF,MO,ACE,CE,Towers with Radar,24,78,63,17,182,0,0,26,5,31,24,78,89,22,213,68,24,92,305
10/24/2002,SGF,MO,ACE,CE,Towers with Radar,25,76,68,31,200,0,0,42,1,43,25,76,110,32,243,90,146,236,479
10/25/2002,SGF,MO,ACE,CE,Towers with Radar,29,74,85,5,193,0,0,0,1,1,29,74,85,6,194,0,0,0,194
10/26/2002,SGF,MO,ACE,CE,Towers with Radar,17,52,48,1,118,1,2,39,0,42,18,54,87,1,160,16,0,16,176
10/27/2002,SGF,MO,ACE,CE,Towers with Radar,14,44,40,3,101,0,0,3,0,3,14,44,43,3,104,0,0,0,104
10/28/2002,SGF,MO,ACE,CE,Towers with Radar,12,58,53,5,128,0,19,23,0,42,12,77,76,5,170,0,0,0,170
10/29/2002,SGF,MO,ACE,CE,Towers with Radar,28,77,93,4,202,0,0,0,0,0,28,77,93,4,202,0,0,0,202
10/30/2002,SGF,MO,ACE,CE,Towers with Radar,23,74,68,7,172,9,4,11,0,24,32,78,79,7,196,0,38,38,234
10/31/2002,SGF,MO,ACE,CE,Towers with Radar,23,73,67,11,174,5,1,20,2,28,28,74,87,13,202,72,26,98,300
11/01/2002,SGF,MO,ACE,CE,Towers with Radar,22,76,73,14,185,1,0,36,3,40,23,76,109,17,225,42,38,80,305
11/02/2002,SGF,MO,ACE,CE,Towers with Radar,18,45,39,6,108,1,0,45,0,46,19,45,84,6,154,28,0,28,182
11/03/2002,SGF,MO,ACE,CE,Towers with Radar,11,44,31,1,87,2,5,1,0,8,13,49,32,1,95,16,0,16,111
11/04/2002,SGF,MO,ACE,CE,Towers with Radar,11,70,57,14,152,1,0,41,6,48,12,70,98,20,200,47,51,98,298
11/05/2002,SGF,MO,ACE,CE,Towers with Radar,22,87,68,9,186,1,1,14,5,21,23,88,82,14,207,56,20,76,283
11/06/2002,SGF,MO,ACE,CE,Towers with Radar,21,80,79,28,208,0,0,58,9,67,21,80,137,37,275,86,60,146,421
11/07/2002,SGF,MO,ACE,CE,Towers with Radar,24,73,61,14,172,0,0,70,3,73,24,73,131,17,245,134,0,134,379
11/08/2002,SGF,MO,ACE,CE,Towers with Radar,26,73,42,11,152,0,0,26,3,29,26,73,68,14,181,48,4,52,233
11/09/2002,SGF,MO,ACE,CE,Towers with Radar,14,46,28,0,88,0,0,30,2,32,14,46,58,2,120,0,0,0,120
11/10/2002,SGF,MO,ACE,CE,Towers with Radar,11,49,28,8,96,0,1,42,2,45,11,50,70,10,141,62,8,70,211
11/11/2002,SGF,MO,ACE,CE,Towers with Radar,14,55,37,0,106,0,0,61,2,63,14,55,98,2,169,48,0,48,217
11/12/2002,SGF,MO,ACE,CE,Towers with Radar,24,82,67,15,188,0,1,49,6,56,24,83,116,21,244,136,12,148,392
11/13/2002,SGF,MO,ACE,CE,Towers with Radar,25,78,58,30,191,2,0,63,12,77,27,78,121,42,268,38,88,126,394
11/14/2002,SGF,MO,ACE,CE,Towers with Radar,24,86,57,15,182,0,0,30,12,42,24,86,87,27,224,66,2,68,292
11/15/2002,SGF,MO,ACE,CE,Towers with Radar,21,75,76,33,205,0,0,4,0,4,21,75,80,33,209,46,12,58,267
11/16/2002,SGF,MO,ACE,CE,Towers with Radar,21,49,47,4,121,0,0,98,0,98,21,49,145,4,219,110,34,144,363
11/17/2002,SGF,MO,ACE,CE,Towers with Radar,12,48,43,0,103,1,5,43,0,49,13,53,86,0,152,46,0,46,198
11/18/2002,SGF,MO,ACE,CE,Towers with Radar,11,65,37,20,133,4,0,40,6,50,15,65,77,26,183,34,10,44,227
11/19/2002,SGF,MO,ACE,CE,Towers with Radar,23,83,58,2,166,0,0,89,7,96,23,83,147,9,262,150,0,150,412
11/20/2002,SGF,MO,ACE,CE,Towers with Radar,22,81,54,34,191,0,1,72,5,78,22,82,126,39,269,98,90,188,457
11/21/2002,SGF,MO,ACE,CE,Towers with Radar,19,68,49,8,144,3,10,27,0,40,22,78,76,8,184,44,0,44,228
11/22/2002,SGF,MO,ACE,CE,Towers with Radar,23,79,59,22,183,0,2,71,4,77,23,81,130,26,260,46,0,46,306
11/23/2002,SGF,MO,ACE,CE,Towers with Radar,17,47,25,0,89,0,1,75,0,76,17,48,100,0,165,126,0,126,291
11/24/2002,SGF,MO,ACE,CE,Towers with Radar,10,46,17,1,74,0,0,34,2,36,10,46,51,3,110,34,0,34,144
11/25/2002,SGF,MO,ACE,CE,Towers with Radar,15,69,29,41,154,0,1,45,4,50,15,70,74,45,204,124,92,216,420
11/26/2002,SGF,MO,ACE,CE,Towers with Radar,22,77,56,17,172,4,0,19,46,69,26,77,75,63,241,120,164,284,525
11/27/2002,SGF,MO,ACE,CE,Towers with Radar,23,74,60,13,170,2,0,46,0,48,25,74,106,13,218,74,0,74,292
11/28/2002,SGF,MO,ACE,CE,Towers with Radar,13,39,19,0,71,1,3,22,0,26,14,42,41,0,97,35,0,35,132
11/29/2002,SGF,MO,ACE,CE,Towers with Radar,11,58,34,0,103,0,1,54,0,55,11,59,88,0,158,92,0,92,250
11/30/2002,SGF,MO,ACE,CE,Towers with Radar,10,36,26,0,72,7,15,38,0,60,17,51,64,0,132,34,0,34,166
12/01/2002,SGF,MO,ACE,CE,Towers with Radar,13,46,44,4,107,1,0,53,0,54,14,46,97,4,161,118,0,118,279
12/02/2002,SGF,MO,ACE,CE,Towers with Radar,8,75,51,10,144,1,1,52,5,59,9,76,103,15,203,96,24,120,323
12/03/2002,SGF,MO,ACE,CE,Towers with Radar,16,78,40,37,171,1,0,17,0,18,17,78,57,37,189,18,82,100,289
12/04/2002,SGF,MO,ACE,CE,Towers with Radar,13,74,24,0,111,1,0,1,0,2,14,74,25,0,113,0,0,0,113
12/05/2002,SGF,MO,ACE,CE,Towers with Radar,18,94,61,5,178,1,1,29,0,31,19,95,90,5,209,16,0,16,225
12/06/2002,SGF,MO,ACE,CE,Towers with Radar,19,98,75,0,192,1,3,28,0,32,20,101,103,0,224,10,1,11,235
12/07/2002,SGF,MO,ACE,CE,Towers with Radar,8,62,28,3,101,1,0,42,1,44,9,62,70,4,145,24,4,28,173
12/08/2002,SGF,MO,ACE,CE,Towers with Radar,7,52,48,2,109,1,2,31,2,36,8,54,79,4,145,14,0,14,159
12/09/2002,SGF,MO,ACE,CE,Towers with Radar,7,78,50,2,137,1,0,36,3,40,8,78,86,5,177,62,0,62,239
12/10/2002,SGF,MO,ACE,CE,Towers with Radar,9,87,65,20,181,1,0,30,13,44,10,87,95,33,225,54,42,96,321
12/11/2002,SGF,MO,ACE,CE,Towers with Radar,18,88,49,13,168,1,0,21,6,28,19,88,70,19,196,5,56,61,257
12/12/2002,SGF,MO,ACE,CE,Towers with Radar,15,88,62,12,177,2,0,37,4,43,17,88,99,16,220,68,32,100,320
12/13/2002,SGF,MO,ACE,CE,Towers with Radar,24,76,60,2,162,1,0,5,0,6,25,76,65,2,168,32,0,32,200
12/14/2002,SGF,MO,ACE,CE,Towers with Radar,20,48,33,0,101,0,3,50,0,53,20,51,83,0,154,146,0,146,300
12/15/2002,SGF,MO,ACE,CE,Towers with Radar,7,53,32,4,96,0,20,64,5,89,7,73,96,9,185,106,8,114,299
12/16/2002,SGF,MO,ACE,CE,Towers with Radar,6,82,48,7,143,0,0,38,9,47,6,82,86,16,190,30,34,64,254
12/17/2002,SGF,MO,ACE,CE,Towers with Radar,14,86,66,12,178,0,0,7,4,11,14,86,73,16,189,2,0,2,191
12/18/2002,SGF,MO,ACE,CE,Towers with Radar,13,87,26,1,127,0,2,19,1,22,13,89,45,2,149,20,0,20,169
12/19/2002,SGF,MO,ACE,CE,Towers with Radar,18,84,58,23,183,0,0,40,2,42,18,84,98,25,225,14,76,90,315
12/20/2002,SGF,MO,ACE,CE,Towers with Radar,21,78,64,21,184,0,4,46,12,62,21,82,110,33,246,24,8,32,278
12/21/2002,SGF,MO,ACE,CE,Towers with Radar,20,51,28,1,100,0,3,37,0,40,20,54,65,1,140,4,0,4,144
12/22/2002,SGF,MO,ACE,CE,Towers with Radar,7,46,30,0,83,0,5,38,0,43,7,51,68,0,126,86,0,86,212
12/23/2002,SGF,MO,ACE,CE,Towers with Radar,3,54,39,3,99,0,0,8,1,9,3,54,47,4,108,4,0,4,112
12/24/2002,SGF,MO,ACE,CE,Towers with Radar,17,73,6,0,96,0,0,0,0,0,17,73,6,0,96,0,0,0,96
12/25/2002,SGF,MO,ACE,CE,Towers with Radar,1,50,11,0,62,0,7,8,0,15,1,57,19,0,77,0,0,0,77
12/26/2002,SGF,MO,ACE,CE,Towers with Radar,11,72,36,0,119,0,0,0,0,0,11,72,36,0,119,0,0,0,119
12/27/2002,SGF,MO,ACE,CE,Towers with Radar,21,80,34,0,135,0,0,10,0,10,21,80,44,0,145,14,0,14,159
12/28/2002,SGF,MO,ACE,CE,Towers with Radar,8,64,47,0,119,0,0,49,0,49,8,64,96,0,168,6,0,6,174
12/29/2002,SGF,MO,ACE,CE,Towers with Radar,4,53,32,0,89,0,0,22,0,22,4,53,54,0,111,12,0,12,123
12/30/2002,SGF,MO,ACE,CE,Towers with Radar,4,81,25,0,110,0,0,13,3,16,4,81,38,3,126,20,0,20,146
12/31/2002,SGF,MO,ACE,CE,Towers with Radar,18,70,33,8,129,0,0,53,2,55,18,70,86,10,184,42,6,48,232
01/01/2003,SGF,MO,ACE,CE,Towers with Radar,8,44,11,0,63,0,0,5,0,5,8,44,16,0,68,4,0,4,72
01/02/2003,SGF,MO,ACE,CE,Towers with Radar,11,75,27,4,117,0,3,2,2,7,11,78,29,6,124,12,0,12,136
01/03/2003,SGF,MO,ACE,CE,Towers with Radar,12,86,37,14,149,3,0,40,14,57,15,86,77,28,206,32,62,94,300
01/04/2003,SGF,MO,ACE,CE,Towers with Radar,8,55,41,2,106,3,0,72,3,78,11,55,113,5,184,46,0,46,230
01/05/2003,SGF,MO,ACE,CE,Towers with Radar,0,62,30,0,92,0,0,39,11,50,0,62,69,11,142,52,0,52,194
01/06/2003,SGF,MO,ACE,CE,Towers with Radar,4,84,37,12,137,0,1,14,0,15,4,85,51,12,152,82,4,86,238
01/07/2003,SGF,MO,ACE,CE,Towers with Radar,16,92,73,18,199,0,0,26,7,33,16,92,99,25,232,74,32,106,338
01/08/2003,SGF,MO,ACE,CE,Towers with Radar,10,91,53,8,162,0,0,56,12,68,10,91,109,20,230,52,0,52,282
01/09/2003,SGF,MO,ACE,CE,Towers with Radar,17,73,59,26,175,0,2,58,7,67,17,75,117,33,242,10,34,44,286
01/10/2003,SGF,MO,ACE,CE,Towers with Radar,12,94,52,12,170,0,0,52,10,62,12,94,104,22,232,36,18,54,286
01/11/2003,SGF,MO,ACE,CE,Towers with Radar,7,55,35,13,110,0,3,55,5,63,7,58,90,18,173,74,0,74,247
01/12/2003,SGF,MO,ACE,CE,Towers with Radar,3,48,26,3,80,0,1,38,3,42,3,49,64,6,122,44,0,44,166
01/13/2003,SGF,MO,ACE,CE,Towers with Radar,5,79,54,22,160,0,0,10,0,10,5,79,64,22,170,16,0,16,186
01/14/2003,SGF,MO,ACE,CE,Towers with Radar,18,87,49,12,166,0,0,47,8,55,18,87,96,20,221,4,12,16,237
01/15/2003,SGF,MO,ACE,CE,Towers with Radar,9,92,73,20,194,0,0,35,5,40,9,92,108,25,234,26,50,76,310
01/16/2003,SGF,MO,ACE,CE,Towers with Radar,15,77,30,0,122,0,0,1,0,1,15,77,31,0,123,0,0,0,123
01/17/2003,SGF,MO,ACE,CE,Towers with Radar,14,87,52,22,175,0,0,36,0,36,14,87,88,22,211,90,46,136,347
01/18/2003,SGF,MO,ACE,CE,Towers with Radar,9,55,29,0,93,0,0,20,0,20,9,55,49,0,113,30,0,30,143
01/19/2003,SGF,MO,ACE,CE,Towers with Radar,3,57,15,2,77,0,0,47,0,47,3,57,62,2,124,78,0,78,202
01/20/2003,SGF,MO,ACE,CE,Towers with Radar,5,70,40,0,115,0,1,79,0,80,5,71,119,0,195,116,0,116,311
01/21/2003,SGF,MO,ACE,CE,Towers with Radar,12,84,64,25,185,0,6,33,2,41,12,90,97,27,226,14,76,90,316
01/22/2003,SGF,MO,ACE,CE,Towers with Radar,13,79,60,10,162,0,0,10,4,14,13,79,70,14,176,72,74,146,322
01/23/2003,SGF,MO,ACE,CE,Towers with Radar,13,80,48,26,167,0,1,28,1,30,13,81,76,27,197,2,50,52,249
01/24/2003,SGF,MO,ACE,CE,Towers with Radar,15,87,38,18,158,0,0,28,1,29,15,87,66,19,187,46,12,58,245
01/25/2003,SGF,MO,ACE,CE,Towers with Radar,9,52,25,0,86,0,1,49,0,50,9,53,74,0,136,94,0,94,230
01/26/2003,SGF,MO,ACE,CE,Towers with Radar,8,47,12,1,68,0,1,17,1,19,8,48,29,2,87,0,0,0,87
01/27/2003,SGF,MO,ACE,CE,Towers with Radar,2,90,37,14,143,0,4,31,0,35,2,94,68,14,178,34,8,42,220
01/28/2003,SGF,MO,ACE,CE,Towers with Radar,13,92,65,22,192,0,0,18,2,20,13,92,83,24,212,38,34,72,284
01/29/2003,SGF,MO,ACE,CE,Towers with Radar,14,87,55,25,181,0,0,4,2,6,14,87,59,27,187,0,0,0,187
01/30/2003,SGF,MO,ACE,CE,Towers with Radar,13,101,57,16,187,0,0,43,3,46,13,101,100,19,233,40,0,40,273
01/31/2003,SGF,MO,ACE,CE,Towers with Radar,14,86,64,19,183,0,1,27,9,37,14,87,91,28,220,45,18,63,283
02/01/2003,SGF,MO,ACE,CE,Towers with Radar,9,52,30,7,98,1,5,70,8,84,10,57,100,15,182,72,0,72,254
02/02/2003,SGF,MO,ACE,CE,Towers with Radar,0,44,26,1,71,0,0,32,2,34,0,44,58,3,105,22,10,32,137
02/03/2003,SGF,MO,ACE,CE,Towers with Radar,0,78,30,6,114,0,1,5,3,9,0,79,35,9,123,0,14,14,137
02/04/2003,SGF,MO,ACE,CE,Towers with Radar,10,81,42,28,161,0,1,22,1,24,10,82,64,29,185,42,42,84,269
02/05/2003,SGF,MO,ACE,CE,Towers with Radar,13,89,63,5,170,0,7,16,7,30,13,96,79,12,200,60,2,62,262
02/06/2003,SGF,MO,ACE,CE,Towers with Radar,16,87,44,3,150,0,1,0,0,1,16,88,44,3,151,0,0,0,151
02/07/2003,SGF,MO,ACE,CE,Towers with Radar,11,87,51,11,160,3,10,51,6,70,14,97,102,17,230,13,0,13,243
02/08/2003,SGF,MO,ACE,CE,Towers with Radar,9,54,44,3,110,0,1,46,3,50,9,55,90,6,160,78,6,84,244
02/09/2003,SGF,MO,ACE,CE,Towers with Radar,3,56,9,3,71,0,1,0,0,1,3,57,9,3,72,0,0,0,72
02/10/2003,SGF,MO,ACE,CE,Towers with Radar,2,82,51,9,144,0,1,30,1,32,2,83,81,10,176,16,0,16,192
02/11/2003,SGF,MO,ACE,CE,Towers with Radar,15,93,53,32,193,0,2,58,12,72,15,95,111,44,265,18,24,42,307
02/12/2003,SGF,MO,ACE,CE,Towers with Radar,11,84,59,12,166,0,3,68,5,76,11,87,127,17,242,30,22,52,294
02/13/2003,SGF,MO,ACE,CE,Towers with Radar,13,88,83,2,186,0,1,35,3,39,13,89,118,5,225,78,0,78,303
02/14/2003,SGF,MO,ACE,CE,Towers with Radar,11,89,41,0,141,0,1,2,0,3,11,90,43,0,144,0,0,0,144
02/15/2003,SGF,MO,ACE,CE,Towers with Radar,9,59,16,1,85,0,5,0,0,5,9,64,16,1,90,0,0,0,90
02/16/2003,SGF,MO,ACE,CE,Towers with Radar,1,53,20,0,74,0,5,0,0,5,1,58,20,0,79,2,0,2,81
02/17/2003,SGF,MO,ACE,CE,Towers with Radar,2,73,49,2,126,0,2,3,0,5,2,75,52,2,131,0,0,0,131
02/18/2003,SGF,MO,ACE,CE,Towers with Radar,11,84,62,46,203,0,1,38,0,39,11,85,100,46,242,10,32,42,284
02/19/2003,SGF,MO,ACE,CE,Towers with Radar,12,96,61,8,177,0,0,16,4,20,12,96,77,12,197,20,10,30,227
02/20/2003,SGF,MO,ACE,CE,Towers with Radar,10,82,63,6,161,0,4,27,4,35,10,86,90,10,196,44,14,58,254
02/21/2003,SGF,MO,ACE,CE,Towers with Radar,12,80,72,30,194,0,1,14,0,15,12,81,86,30,209,22,58,80,289
02/22/2003,SGF,MO,ACE,CE,Towers with Radar,6,57,29,2,94,0,0,0,0,0,6,57,29,2,94,0,0,0,94
02/23/2003,SGF,MO,ACE,CE,Towers with Radar,0,44,12,0,56,0,0,0,0,0,0,44,12,0,56,47,0,47,103
02/24/2003,SGF,MO,ACE,CE,Towers with Radar,5,72,42,7,126,0,0,8,4,12,5,72,50,11,138,0,4,4,142
02/25/2003,SGF,MO,ACE,CE,Towers with Radar,13,84,44,16,157,0,2,24,6,32,13,86,68,22,189,0,36,36,225
02/26/2003,SGF,MO,ACE,CE,Towers with Radar,10,94,26,0,130,0,0,7,5,12,10,94,33,5,142,12,0,12,154
02/27/2003,SGF,MO,ACE,CE,Towers with Radar,13,92,30,0,135,0,0,0,0,0,13,92,30,0,135,0,0,0,135
02/28/2003,SGF,MO,ACE,CE,Towers with Radar,13,100,47,25,185,0,0,0,0,0,13,100,47,25,185,0,0,0,185
03/01/2003,SGF,MO,ACE,CE,Towers with Radar,9,54,20,4,87,0,0,2,2,4,9,54,22,6,91,0,50,50,141
03/02/2003,SGF,MO,ACE,CE,Towers with Radar,0,63,27,2,92,0,0,28,0,28,0,63,55,2,120,86,0,86,206
03/03/2003,SGF,MO,ACE,CE,Towers with Radar,2,74,55,2,133,0,0,60,5,65,2,74,115,7,198,58,0,58,256
03/04/2003,SGF,MO,ACE,CE,Towers with Radar,14,82,73,8,177,0,0,21,12,33,14,82,94,20,210,46,0,46,256
03/05/2003,SGF,MO,ACE,CE,Towers with Radar,16,83,38,1,138,0,0,2,0,2,16,83,40,1,140,0,0,0,140
03/06/2003,SGF,MO,ACE,CE,Towers with Radar,12,86,78,8,184,0,0,49,4,53,12,86,127,12,237,80,0,80,317
03/07/2003,SGF,MO,ACE,CE,Towers with Radar,14,90,45,3,152,0,0,79,4,83,14,90,124,7,235,12,0,12,247
03/08/2003,SGF,MO,ACE,CE,Towers with Radar,11,60,25,0,96,0,0,51,0,51,11,60,76,0,147,16,0,16,163
03/09/2003,SGF,MO,ACE,CE,Towers with Radar,2,57,21,0,80,0,0,51,0,51,2,57,72,0,131,74,0,74,205
03/10/2003,SGF,MO,ACE,CE,Towers with Radar,4,79,42,14,139,0,0,44,13,57,4,79,86,27,196,44,16,60,256
03/11/2003,SGF,MO,ACE,CE,Towers with Radar,8,93,60,17,178,0,0,46,7,53,8,93,106,24,231,64,72,136,367
03/12/2003,SGF,MO,ACE,CE,Towers with Radar,12,89,69,6,176,0,0,24,5,29,12,89,93,11,205,50,0,50,255
03/13/2003,SGF,MO,ACE,CE,Towers with Radar,11,94,55,1,161,0,0,0,0,0,11,94,55,1,161,0,0,0,161
03/14/2003,SGF,MO,ACE,CE,Towers with Radar,10,91,72,13,186,0,0,45,2,47,10,91,117,15,233,16,0,16,249
03/15/2003,SGF,MO,ACE,CE,Towers with Radar,18,53,37,8,116,0,0,53,0,53,18,53,90,8,169,38,32,70,239
03/16/2003,SGF,MO,ACE,CE,Towers with Radar,3,53,39,0,95,0,0,39,0,39,3,53,78,0,134,34,0,34,168
03/17/2003,SGF,MO,ACE,CE,Towers with Radar,3,81,46,2,132,0,0,16,3,19,3,81,62,5,151,48,0,48,199
03/18/2003,SGF,MO,ACE,CE,Towers with Radar,10,80,53,13,156,0,3,15,5,23,10,83,68,18,179,4,0,4,183
03/19/2003,SGF,MO,ACE,CE,Towers with Radar,9,87,61,3,160,0,0,10,0,10,9,87,71,3,170,6,0,6,176
03/20/2003,SGF,MO,ACE,CE,Towers with Radar,10,84,67,22,183,0,0,0,3,3,10,84,67,25,186,0,4,4,190
03/21/2003,SGF,MO,ACE,CE,Towers with Radar,11,83,68,20,182,0,0,46,2,48,11,83,114,22,230,84,94,178,408
03/22/2003,SGF,MO,ACE,CE,Towers with Radar,7,59,53,1,120,0,2,70,2,74,7,61,123,3,194,92,0,92,286
03/23/2003,SGF,MO,ACE,CE,Towers with Radar,2,50,39,6,97,0,0,68,0,68,2,50,107,6,165,54,0,54,219
03/24/2003,SGF,MO,ACE,CE,Towers with Radar,2,80,46,10,138,0,1,50,4,55,2,81,96,14,193,0,0,0,193
03/25/2003,SGF,MO,ACE,CE,Towers with Radar,14,88,43,10,155,0,0,14,9,23,14,88,57,19,178,26,6,32,210
03/26/2003,SGF,MO,ACE,CE,Towers with Radar,5,109,61,16,191,0,0,91,15,106,5,109,152,31,297,42,18,60,357
03/27/2003,SGF,MO,ACE,CE,Towers with Radar,10,87,54,10,161,0,0,37,0,37,10,87,91,10,198,2,18,20,218
03/28/2003,SGF,MO,ACE,CE,Towers with Radar,13,78,46,0,137,0,0,17,1,18,13,78,63,1,155,0,0,0,155
03/29/2003,SGF,MO,ACE,CE,Towers with Radar,9,64,34,0,107,0,3,28,0,31,9,67,62,0,138,68,0,68,206
03/30/2003,SGF,MO,ACE,CE,Towers with Radar,4,55,23,0,82,0,0,59,0,59,4,55,82,0,141,61,0,61,202
03/31/2003,SGF,MO,ACE,CE,Towers with Radar,1,76,50,10,137,0,2,49,11,62,1,78,99,21,199,27,0,27,226
04/01/2003,SGF,MO,ACE,CE,Towers with Radar,11,78,79,18,186,0,4,37,5,46,11,82,116,23,232,10,38,48,280
04/02/2003,SGF,MO,ACE,CE,Towers with Radar,7,85,64,14,170,0,5,34,11,50,7,90,98,25,220,2,66,68,288
04/03/2003,SGF,MO,ACE,CE,Towers with Radar,14,79,61,17,171,0,7,25,5,37,14,86,86,22,208,48,68,116,324
04/04/2003,SGF,MO,ACE,CE,Towers with Radar,11,80,59,8,158,0,5,28,4,37,11,85,87,12,195,4,0,4,199
04/05/2003,SGF,MO,ACE,CE,Towers with Radar,8,55,47,11,121,0,2,59,6,67,8,57,106,17,188,88,30,118,306
04/06/2003,SGF,MO,ACE,CE,Towers with Radar,2,35,18,0,55,0,4,1,0,5,2,39,19,0,60,0,0,0,60
04/07/2003,SGF,MO,ACE,CE,Towers with Radar,3,64,64,38,169,0,4,46,6,56,3,68,110,44,225,52,74,126,351
04/08/2003,SGF,MO,ACE,CE,Towers with Radar,11,70,62,6,149,0,4,7,6,17,11,74,69,12,166,2,10,12,178
04/09/2003,SGF,MO,ACE,CE,Towers with Radar,8,77,64,11,160,0,15,51,17,83,8,92,115,28,243,68,44,112,355
04/10/2003,SGF,MO,ACE,CE,Towers with Radar,14,81,71,4,170,0,3,74,10,87,14,84,145,14,257,26,2,28,285
04/11/2003,SGF,MO,ACE,CE,Towers with Radar,8,72,54,8,142,0,4,74,3,81,8,76,128,11,223,54,0,54,277
04/12/2003,SGF,MO,ACE,CE,Towers with Radar,9,45,39,0,93,0,4,82,6,92,9,49,121,6,185,102,4,106,291
04/13/2003,SGF,MO,ACE,CE,Towers with Radar,3,45,34,2,84,0,4,63,0,67,3,49,97,2,151,62,0,62,213
04/14/2003,SGF,MO,ACE,CE,Towers with Radar,6,58,42,5,111,0,9,30,4,43,6,67,72,9,154,10,0,10,164
04/15/2003,SGF,MO,ACE,CE,Towers with Radar,10,76,46,9,141,0,0,26,13,39,10,76,72,22,180,0,2,2,182
04/16/2003,SGF,MO,ACE,CE,Towers with Radar,12,81,37,9,139,0,3,18,0,21,12,84,55,9,160,0,0,0,160
04/17/2003,SGF,MO,ACE,CE,Towers with Radar,11,80,81,8,180,0,8,1,0,9,11,88,82,8,189,27,0,27,216
04/18/2003,SGF,MO,ACE,CE,Towers with Radar,10,74,67,5,156,0,0,9,0,9,10,74,76,5,165,10,0,10,175
04/19/2003,SGF,MO,ACE,CE,Towers with Radar,11,49,14,0,74,0,3,3,0,6,11,52,17,0,80,28,0,28,108
04/20/2003,SGF,MO,ACE,CE,Towers with Radar,3,37,31,0,71,0,7,6,0,13,3,44,37,0,84,8,0,8,92
04/21/2003,SGF,MO,ACE,CE,Towers with Radar,11,65,54,8,138,0,3,38,8,49,11,68,92,16,187,28,0,28,215
04/22/2003,SGF,MO,ACE,CE,Towers with Radar,13,87,70,30,200,0,5,75,17,97,13,92,145,47,297,41,76,117,414
04/23/2003,SGF,MO,ACE,CE,Towers with Radar,10,85,55,15,165,0,3,26,9,38,10,88,81,24,203,20,8,28,231
04/24/2003,SGF,MO,ACE,CE,Towers with Radar,10,84,58,4,156,0,3,2,0,5,10,87,60,4,161,10,0,10,171
04/25/2003,SGF,MO,ACE,CE,Towers with Radar,11,83,67,10,171,5,0,0,0,5,16,83,67,10,176,0,0,0,176
04/26/2003,SGF,MO,ACE,CE,Towers with Radar,8,54,54,5,121,4,0,78,0,82,12,54,132,5,203,58,0,58,261
04/27/2003,SGF,MO,ACE,CE,Towers with Radar,2,49,42,3,96,1,8,66,0,75,3,57,108,3,171,90,1,91,262
04/28/2003,SGF,MO,ACE,CE,Towers with Radar,8,61,54,9,132,0,4,43,2,49,8,65,97,11,181,82,0,82,263
04/29/2003,SGF,MO,ACE,CE,Towers with Radar,12,78,115,10,215,0,10,65,3,78,12,88,180,13,293,64,0,64,357
04/30/2003,SGF,MO,ACE,CE,Towers with Radar,11,79,61,4,155,0,3,33,5,41,11,82,94,9,196,40,22,62,258
05/01/2003,SGF,MO,ACE,CE,Towers with Radar,14,83,46,8,151,0,2,32,2,36,14,85,78,10,187,44,0,44,231
05/02/2003,SGF,MO,ACE,CE,Towers with Radar,7,78,78,7,170,0,0,30,2,32,7,78,108,9,202,65,0,65,267
05/03/2003,SGF,MO,ACE,CE,Towers with Radar,14,48,32,2,96,0,1,77,1,79,14,49,109,3,175,88,0,88,263
05/04/2003,SGF,MO,ACE,CE,Towers with Radar,6,41,23,3,73,0,1,4,0,5,6,42,27,3,78,78,0,78,156
05/05/2003,SGF,MO,ACE,CE,Towers with Radar,5,71,49,32,157,0,2,89,4,95,5,73,138,36,252,96,90,186,438
05/06/2003,SGF,MO,ACE,CE,Towers with Radar,14,92,47,7,160,0,1,24,3,28,14,93,71,10,188,0,0,0,188
05/07/2003,SGF,MO,ACE,CE,Towers with Radar,7,85,53,24,169,0,2,38,1,41,7,87,91,25,210,12,30,42,252
05/08/2003,SGF,MO,ACE,CE,Towers with Radar,11,89,43,9,152,1,4,4,0,9,12,93,47,9,161,0,10,10,171
05/09/2003,SGF,MO,ACE,CE,Towers with Radar,14,80,75,8,177,2,0,35,0,37,16,80,110,8,214,58,20,78,292
05/10/2003,SGF,MO,ACE,CE,Towers with Radar,6,58,34,0,98,0,1,1,0,2,6,59,35,0,100,0,0,0,100
05/11/2003,SGF,MO,ACE,CE,Towers with Radar,4,46,14,0,64,0,1,17,0,18,4,47,31,0,82,0,0,0,82
05/12/2003,SGF,MO,ACE,CE,Towers with Radar,4,66,59,40,169,0,3,72,11,86,4,69,131,51,255,74,58,132,387
05/13/2003,SGF,MO,ACE,CE,Towers with Radar,13,81,48,25,167,0,1,30,0,31,13,82,78,25,198,20,34,54,252
05/14/2003,SGF,MO,ACE,CE,Towers with Radar,12,84,59,11,166,0,1,7,3,11,12,85,66,14,177,12,12,24,201
05/15/2003,SGF,MO,ACE,CE,Towers with Radar,6,101,78,19,204,0,9,39,4,52,6,110,117,23,256,40,56,96,352
05/16/2003,SGF,MO,ACE,CE,Towers with Radar,17,68,37,4,126,0,1,3,1,5,17,69,40,5,131,4,0,4,135
05/17/2003,SGF,MO,ACE,CE,Towers with Radar,10,52,38,9,109,0,1,1,1,3,10,53,39,10,112,4,0,4,116
05/18/2003,SGF,MO,ACE,CE,Towers with Radar,7,45,52,1,105,0,2,14,0,16,7,47,66,1,121,48,0,48,169
05/19/2003,SGF,MO,ACE,CE,Towers with Radar,5,71,51,13,140,0,1,27,7,35,5,72,78,20,175,62,0,62,237
05/20/2003,SGF,MO,ACE,CE,Towers with Radar,13,69,61,4,147,0,4,42,9,55,13,73,103,13,202,24,0,24,226
05/21/2003,SGF,MO,ACE,CE,Towers with Radar,4,83,61,24,172,0,1,76,12,89,4,84,137,36,261,136,36,172,433
05/22/2003,SGF,MO,ACE,CE,Towers with Radar,9,83,68,15,175,0,1,82,8,91,9,84,150,23,266,26,0,26,292
05/23/2003,SGF,MO,ACE,CE,Towers with Radar,13,72,80,7,172,0,0,75,6,81,13,72,155,13,253,74,12,86,339
05/24/2003,SGF,MO,ACE,CE,Towers with Radar,14,44,25,0,83,4,0,28,0,32,18,44,53,0,115,35,0,35,150
05/25/2003,SGF,MO,ACE,CE,Towers with Radar,6,42,27,0,75,0,1,15,0,16,6,43,42,0,91,2,0,2,93
05/26/2003,SGF,MO,ACE,CE,Towers with Radar,3,47,47,0,97,3,5,68,0,76,6,52,115,0,173,110,0,110,283
05/27/2003,SGF,MO,ACE,CE,Towers with Radar,4,70,40,10,124,0,0,70,5,75,4,70,110,15,199,24,10,34,233
05/28/2003,SGF,MO,ACE,CE,Towers with Radar,11,83,53,16,163,0,1,61,3,65,11,84,114,19,228,32,4,36,264
05/29/2003,SGF,MO,ACE,CE,Towers with Radar,13,79,80,5,177,0,3,69,7,79,13,82,149,12,256,98,0,98,354
05/30/2003,SGF,MO,ACE,CE,Towers with Radar,18,72,64,3,157,6,7,85,4,102,24,79,149,7,259,106,0,106,365
05/31/2003,SGF,MO,ACE,CE,Towers with Radar,10,51,41,2,104,1,0,64,0,65,11,51,105,2,169,52,0,52,221
06/01/2003,SGF,MO,ACE,CE,Towers with Radar,3,47,42,2,94,0,0,52,1,53,3,47,94,3,147,66,2,68,215
06/02/2003,SGF,MO,ACE,CE,Towers with Radar,4,67,55,11,137,0,0,4,0,4,4,67,59,11,141,0,0,0,141
06/03/2003,SGF,MO,ACE,CE,Towers with Radar,11,77,63,7,158,0,1,17,7,25,11,78,80,14,183,54,0,54,237
06/04/2003,SGF,MO,ACE,CE,Towers with Radar,11,103,63,30,207,0,0,61,6,67,11,103,124,36,274,82,36,118,392
06/05/2003,SGF,MO,ACE,CE,Towers with Radar,10,78,68,8,164,0,0,51,5,56,10,78,119,13,220,12,12,24,244
06/06/2003,SGF,MO,ACE,CE,Towers with Radar,15,81,65,9,170,0,0,14,5,19,15,81,79,14,189,30,50,80,269
06/07/2003,SGF,MO,ACE,CE,Towers with Radar,13,43,45,4,105,0,0,62,6,68,13,43,107,10,173,76,24,100,273
06/08/2003,SGF,MO,ACE,CE,Towers with Radar,2,50,55,16,123,1,5,23,3,32,3,55,78,19,155,80,18,98,253
06/09/2003,SGF,MO,ACE,CE,Towers with Radar,6,67,55,12,140,0,0,72,11,83,6,67,127,23,223,40,0,40,263
06/10/2003,SGF,MO,ACE,CE,Towers with Radar,17,75,37,3,132,0,0,42,5,47,17,75,79,8,179,48,0,48,227
06/11/2003,SGF,MO,ACE,CE,Towers with Radar,9,89,77,9,184,0,0,9,3,12,9,89,86,12,196,24,6,30,226
06/12/2003,SGF,MO,ACE,CE,Towers with Radar,10,78,70,15,173,0,0,19,7,26,10,78,89,22,199,16,48,64,263
06/13/2003,SGF,MO,ACE,CE,Towers with Radar,9,89,82,20,200,0,0,9,6,15,9,89,91,26,215,28,0,28,243
06/14/2003,SGF,MO,ACE,CE,Towers with Radar,14,61,44,1,120,0,0,63,1,64,14,61,107,2,184,63,8,71,255
06/15/2003,SGF,MO,ACE,CE,Towers with Radar,2,62,33,2,99,0,0,49,7,56,2,62,82,9,155,7,0,7,162
06/16/2003,SGF,MO,ACE,CE,Towers with Radar,6,71,66,21,164,0,0,72,2,74,6,71,138,23,238,6,18,24,262
06/17/2003,SGF,MO,ACE,CE,Towers with Radar,9,85,84,13,191,0,1,50,18,69,9,86,134,31,260,50,26,76,336
06/18/2003,SGF,MO,ACE,CE,Towers with Radar,5,95,77,22,199,4,6,59,5,74,9,101,136,27,273,130,28,158,431
06/19/2003,SGF,MO,ACE,CE,Towers with Radar,11,80,61,5,157,0,0,43,3,46,11,80,104,8,203,40,0,40,243
06/20/2003,SGF,MO,ACE,CE,Towers with Radar,13,83,71,21,188,0,0,64,5,69,13,83,135,26,257,82,8,90,347
06/21/2003,SGF,MO,ACE,CE,Towers with Radar,9,60,27,1,97,0,1,65,6,72,9,61,92,7,169,20,0,20,189
06/22/2003,SGF,MO,ACE,CE,Towers with Radar,3,54,41,0,98,0,1,69,0,70,3,55,110,0,168,58,0,58,226
06/23/2003,SGF,MO,ACE,CE,Towers with Radar,4,71,56,13,144,0,1,40,3,44,4,72,96,16,188,10,8,18,206
06/24/2003,SGF,MO,ACE,CE,Towers with Radar,12,82,64,3,161,0,3,58,6,67,12,85,122,9,228,30,64,94,322
06/25/2003,SGF,MO,ACE,CE,Towers with Radar,11,93,58,15,177,0,1,46,15,62,11,94,104,30,239,44,0,44,283
06/26/2003,SGF,MO,ACE,CE,Towers with Radar,14,83,61,59,217,0,0,50,0,50,14,83,111,59,267,100,86,186,453
06/27/2003,SGF,MO,ACE,CE,Towers with Radar,11,75,60,6,152,0,2,79,4,85,11,77,139,10,237,24,18,42,279
06/28/2003,SGF,MO,ACE,CE,Towers with Radar,10,52,38,1,101,0,2,64,3,69,10,54,102,4,170,68,0,68,238
06/29/2003,SGF,MO,ACE,CE,Towers with Radar,4,55,42,2,103,0,0,55,0,55,4,55,97,2,158,82,0,82,240
06/30/2003,SGF,MO,ACE,CE,Towers with Radar,3,68,30,5,106,0,4,30,0,34,3,72,60,5,140,56,2,58,198
07/01/2003,SGF,MO,ACE,CE,Towers with Radar,15,92,75,10,192,0,0,39,9,48,15,92,114,19,240,67,18,85,325
07/02/2003,SGF,MO,ACE,CE,Towers with Radar,10,82,73,7,172,0,0,72,9,81,10,82,145,16,253,68,0,68,321
07/03/2003,SGF,MO,ACE,CE,Towers with Radar,11,80,71,12,174,0,0,61,2,63,11,80,132,14,237,66,8,74,311
07/04/2003,SGF,MO,ACE,CE,Towers with Radar,8,54,30,0,92,0,0,38,2,40,8,54,68,2,132,28,0,28,160
07/05/2003,SGF,MO,ACE,CE,Towers with Radar,4,59,42,0,105,0,0,23,0,23,4,59,65,0,128,100,0,100,228
07/06/2003,SGF,MO,ACE,CE,Towers with Radar,5,51,47,0,103,0,0,62,0,62,5,51,109,0,165,32,0,32,197
07/07/2003,SGF,MO,ACE,CE,Towers with Radar,3,77,50,14,144,0,0,50,2,52,3,77,100,16,196,14,46,60,256
07/08/2003,SGF,MO,ACE,CE,Towers with Radar,10,88,67,10,175,5,8,36,4,53,15,96,103,14,228,20,30,50,278
07/09/2003,SGF,MO,ACE,CE,Towers with Radar,5,100,48,19,172,0,0,44,9,53,5,100,92,28,225,26,32,58,283
07/10/2003,SGF,MO,ACE,CE,Towers with Radar,14,76,61,32,183,0,2,53,4,59,14,78,114,36,242,32,34,66,308
07/11/2003,SGF,MO,ACE,CE,Towers with Radar,9,82,86,8,185,0,0,67,5,72,9,82,153,13,257,150,32,182,439
07/12/2003,SGF,MO,ACE,CE,Towers with Radar,12,54,42,2,110,0,2,42,1,45,12,56,84,3,155,26,8,34,189
07/13/2003,SGF,MO,ACE,CE,Towers with Radar,5,54,38,0,97,0,0,59,2,61,5,54,97,2,158,74,0,74,232
07/14/2003,SGF,MO,ACE,CE,Towers with Radar,7,72,43,41,163,0,2,58,0,60,7,74,101,41,223,96,88,184,407
07/15/2003,SGF,MO,ACE,CE,Towers with Radar,11,82,64,24,181,5,0,46,4,55,16,82,110,28,236,80,14,94,330
07/16/2003,SGF,MO,ACE,CE,Towers with Radar,7,78,73,8,166,0,2,37,10,49,7,80,110,18,215,84,2,86,301
07/17/2003,SGF,MO,ACE,CE,Towers with Radar,8,74,58,12,152,8,15,20,2,45,16,89,78,14,197,90,10,100,297
07/18/2003,SGF,MO,ACE,CE,Towers with Radar,16,77,68,0,161,0,0,42,1,43,16,77,110,1,204,44,0,44,248
07/19/2003,SGF,MO,ACE,CE,Towers with Radar,12,55,53,2,122,0,0,49,1,50,12,55,102,3,172,32,0,32,204
07/20/2003,SGF,MO,ACE,CE,Towers with Radar,5,53,31,2,91,0,1,61,0,62,5,54,92,2,153,46,0,46,199
07/21/2003,SGF,MO,ACE,CE,Towers with Radar,4,73,26,4,107,0,3,47,9,59,4,76,73,13,166,42,0,42,208
07/22/2003,SGF,MO,ACE,CE,Towers with Radar,7,86,71,20,184,0,0,52,18,70,7,86,123,38,254,2,76,78,332
07/23/2003,SGF,MO,ACE,CE,Towers with Radar,10,88,70,11,179,0,0,65,17,82,10,88,135,28,261,60,58,118,379
07/24/2003,SGF,MO,ACE,CE,Towers with Radar,9,83,56,18,166,0,0,57,13,70,9,83,113,31,236,52,50,102,338
07/25/2003,SGF,MO,ACE,CE,Towers with Radar,13,80,60,20,173,2,9,64,12,87,15,89,124,32,260,14,18,32,292
07/26/2003,SGF,MO,ACE,CE,Towers with Radar,11,55,40,8,114,0,1,73,2,76,11,56,113,10,190,66,16,82,272
07/27/2003,SGF,MO,ACE,CE,Towers with Radar,4,53,62,9,128,0,0,85,5,90,4,53,147,14,218,50,12,62,280
07/28/2003,SGF,MO,ACE,CE,Towers with Radar,4,72,57,9,142,0,0,46,12,58,4,72,103,21,200,51,42,93,293
07/29/2003,SGF,MO,ACE,CE,Towers with Radar,11,82,47,18,158,0,0,44,10,54,11,82,91,28,212,66,16,82,294
07/30/2003,SGF,MO,ACE,CE,Towers with Radar,10,88,85,31,214,0,0,27,1,28,10,88,112,32,242,36,12,48,290
07/31/2003,SGF,MO,ACE,CE,Towers with Radar,11,95,104,19,229,0,3,35,5,43,11,98,139,24,272,28,74,102,374
08/01/2003,SGF,MO,ACE,CE,Towers with Radar,10,76,60,16,162,1,0,35,2,38,11,76,95,18,200,54,20,74,274
08/02/2003,SGF,MO,ACE,CE,Towers with Radar,11,55,17,0,83,0,2,27,0,29,11,57,44,0,112,20,8,28,140
08/03/2003,SGF,MO,ACE,CE,Towers with Radar,3,51,41,2,97,0,4,57,0,61,3,55,98,2,158,26,0,26,184
08/04/2003,SGF,MO,ACE,CE,Towers with Radar,3,69,40,23,135,0,2,40,2,44,3,71,80,25,179,88,34,122,301
08/05/2003,SGF,MO,ACE,CE,Towers with Radar,11,87,50,2,150,0,1,52,15,68,11,88,102,17,218,62,12,74,292
08/06/2003,SGF,MO,ACE,CE,Towers with Radar,5,94,48,15,162,0,1,37,7,45,5,95,85,22,207,102,20,122,329
08/07/2003,SGF,MO,ACE,CE,Towers with Radar,11,82,75,24,192,0,1,53,8,62,11,83,128,32,254,18,78,96,350
08/08/2003,SGF,MO,ACE,CE,Towers with Radar,9,76,47,7,139,1,0,63,1,65,10,76,110,8,204,40,0,40,244
08/09/2003,SGF,MO,ACE,CE,Towers with Radar,13,59,29,11,112,0,3,58,2,63,13,62,87,13,175,35,28,63,238
08/10/2003,SGF,MO,ACE,CE,Towers with Radar,3,56,44,1,104,0,1,54,1,56,3,57,98,2,160,14,0,14,174
08/11/2003,SGF,MO,ACE,CE,Towers with Radar,5,71,58,18,152,0,1,40,5,46,5,72,98,23,198,48,60,108,306
08/12/2003,SGF,MO,ACE,CE,Towers with Radar,11,86,67,19,183,0,0,65,24,89,11,86,132,43,272,66,108,174,446
08/13/2003,SGF,MO,ACE,CE,Towers with Radar,12,81,74,30,197,0,1,27,7,35,12,82,101,37,232,14,12,26,258
08/14/2003,SGF,MO,ACE,CE,Towers with Radar,8,90,52,14,164,0,1,28,10,39,8,91,80,24,203,68,76,144,347
08/15/2003,SGF,MO,ACE,CE,Towers with Radar,10,77,38,11,136,0,7,43,3,53,10,84,81,14,189,37,48,85,274
08/16/2003,SGF,MO,ACE,CE,Towers with Radar,11,58,36,3,108,0,0,58,0,58,11,58,94,3,166,54,0,54,220
08/17/2003,SGF,MO,ACE,CE,Towers with Radar,8,54,41,2,105,0,0,43,0,43,8,54,84,2,148,28,0,28,176
08/18/2003,SGF,MO,ACE,CE,Towers with Radar,11,66,46,16,139,0,1,30,8,39,11,67,76,24,178,56,0,56,234
08/19/2003,SGF,MO,ACE,CE,Towers with Radar,13,79,59,7,158,0,1,45,11,57,13,80,104,18,215,54,18,72,287
08/20/2003,SGF,MO,ACE,CE,Towers with Radar,10,84,61,20,175,0,1,31,5,37,10,85,92,25,212,82,30,112,324
08/21/2003,SGF,MO,ACE,CE,Towers with Radar,21,86,48,22,177,1,1,59,10,71,22,87,107,32,248,0,88,88,336
08/22/2003,SGF,MO,ACE,CE,Towers with Radar,9,74,40,35,158,0,2,39,6,47,9,76,79,41,205,100,94,194,399
08/23/2003,SGF,MO,ACE,CE,Towers with Radar,14,51,47,7,119,0,2,54,18,74,14,53,101,25,193,66,6,72,265
08/24/2003,SGF,MO,ACE,CE,Towers with Radar,4,51,25,5,85,1,1,33,1,36,5,52,58,6,121,20,4,24,145
08/25/2003,SGF,MO,ACE,CE,Towers with Radar,3,70,39,40,152,0,3,21,6,30,3,73,60,46,182,37,6,43,225
08/26/2003,SGF,MO,ACE,CE,Towers with Radar,11,76,64,22,173,0,3,40,5,48,11,79,104,27,221,18,54,72,293
08/27/2003,SGF,MO,ACE,CE,Towers with Radar,9,84,56,9,158,0,1,46,13,60,9,85,102,22,218,34,72,106,324
08/28/2003,SGF,MO,ACE,CE,Towers with Radar,10,78,59,31,178,0,4,35,3,42,10,82,94,34,220,37,32,69,289
08/29/2003,SGF,MO,ACE,CE,Towers with Radar,11,82,90,0,183,0,1,6,3,10,11,83,96,3,193,22,8,30,223
08/30/2003,SGF,MO,ACE,CE,Towers with Radar,11,51,22,0,84,1,1,1,2,5,12,52,23,2,89,6,0,6,95
08/31/2003,SGF,MO,ACE,CE,Towers with Radar,0,49,25,0,74,0,2,9,0,11,0,51,34,0,85,0,0,0,85
09/01/2003,SGF,MO,ACE,CE,Towers with Radar,3,51,28,3,85,0,4,4,0,8,3,55,32,3,93,0,0,0,93
09/02/2003,SGF,MO,ACE,CE,Towers with Radar,5,77,61,6,149,0,1,0,0,1,5,78,61,6,150,0,0,0,150
09/03/2003,SGF,MO,ACE,CE,Towers with Radar,11,85,85,22,203,0,2,31,13,46,11,87,116,35,249,14,34,48,297
09/04/2003,SGF,MO,ACE,CE,Towers with Radar,11,77,48,34,170,0,2,60,15,77,11,79,108,49,247,70,98,168,415
09/05/2003,SGF,MO,ACE,CE,Towers with Radar,14,75,52,17,158,0,1,56,6,63,14,76,108,23,221,30,86,116,337
09/06/2003,SGF,MO,ACE,CE,Towers with Radar,12,46,28,11,97,0,1,79,9,89,12,47,107,20,186,42,22,64,250
09/07/2003,SGF,MO,ACE,CE,Towers with Radar,5,45,40,1,91,0,1,67,7,75,5,46,107,8,166,42,0,42,208
09/08/2003,SGF,MO,ACE,CE,Towers with Radar,6,64,33,10,113,0,0,32,11,43,6,64,65,21,156,78,16,94,250
09/09/2003,SGF,MO,ACE,CE,Towers with Radar,11,77,62,47,197,0,2,59,16,77,11,79,121,63,274,86,38,124,398
09/10/2003,SGF,MO,ACE,CE,Towers with Radar,15,80,73,30,198,0,1,51,5,57,15,81,124,35,255,38,8,46,301
09/11/2003,SGF,MO,ACE,CE,Towers with Radar,10,53,52,1,116,0,2,29,5,36,10,55,81,6,152,8,0,8,160
09/12/2003,SGF,MO,ACE,CE,Towers with Radar,9,67,63,17,156,2,8,0,4,14,11,75,63,21,170,16,0,16,186
09/13/2003,SGF,MO,ACE,CE,Towers with Radar,15,46,41,0,102,0,0,20,0,20,15,46,61,0,122,2,0,2,124
09/14/2003,SGF,MO,ACE,CE,Towers with Radar,5,43,47,2,97,0,0,28,0,28,5,43,75,2,125,9,0,9,134
09/15/2003,SGF,MO,ACE,CE,Towers with Radar,8,71,44,30,153,0,3,46,0,49,8,74,90,30,202,50,78,128,330
09/16/2003,SGF,MO,ACE,CE,Towers with Radar,15,84,60,5,164,0,10,42,9,61,15,94,102,14,225,66,4,70,295
09/17/2003,SGF,MO,ACE,CE,Towers with Radar,14,84,54,6,158,0,0,49,5,54,14,84,103,11,212,84,0,84,296
09/18/2003,SGF,MO,ACE,CE,Towers with Radar,16,87,65,10,178,0,0,30,5,35,16,87,95,15,213,74,46,120,333
09/19/2003,SGF,MO,ACE,CE,Towers with Radar,18,74,53,9,154,0,0,48,6,54,18,74,101,15,208,96,28,124,332
09/20/2003,SGF,MO,ACE,CE,Towers with Radar,11,41,22,0,74,0,0,58,1,59,11,41,80,1,133,43,2,45,178
09/21/2003,SGF,MO,ACE,CE,Towers with Radar,6,44,43,2,95,0,1,22,1,24,6,45,65,3,119,8,0,8,127
09/22/2003,SGF,MO,ACE,CE,Towers with Radar,7,68,54,16,145,0,0,26,3,29,7,68,80,19,174,94,40,134,308
09/23/2003,SGF,MO,ACE,CE,Towers with Radar,19,77,63,12,171,0,1,65,9,75,19,78,128,21,246,134,60,194,440
09/24/2003,SGF,MO,ACE,CE,Towers with Radar,9,86,69,12,176,0,1,60,9,70,9,87,129,21,246,40,8,48,294
09/25/2003,SGF,MO,ACE,CE,Towers with Radar,15,80,90,12,197,0,1,62,5,68,15,81,152,17,265,64,14,78,343
09/26/2003,SGF,MO,ACE,CE,Towers with Radar,12,72,65,5,154,2,0,49,0,51,14,72,114,5,205,12,0,12,217
09/27/2003,SGF,MO,ACE,CE,Towers with Radar,13,51,46,0,110,0,2,50,3,55,13,53,96,3,165,58,0,58,223
09/28/2003,SGF,MO,ACE,CE,Towers with Radar,3,51,36,1,91,0,5,37,0,42,3,56,73,1,133,29,0,29,162
09/29/2003,SGF,MO,ACE,CE,Towers with Radar,6,66,61,0,133,2,0,55,3,60,8,66,116,3,193,110,0,110,303
09/30/2003,SGF,MO,ACE,CE,Towers with Radar,11,81,63,2,157,0,1,6,2,9,11,82,69,4,166,0,0,0,166
10/01/2003,SGF,MO,ACE,CE,Towers with Radar,7,78,63,13,161,0,11,13,0,24,7,89,76,13,185,50,28,78,263
10/02/2003,SGF,MO,ACE,CE,Towers with Radar,12,80,68,17,177,0,0,79,25,104,12,80,147,42,281,14,98,112,393
10/03/2003,SGF,MO,ACE,CE,Towers with Radar,11,73,61,14,159,2,0,28,9,39,13,73,89,23,198,83,46,129,327
10/04/2003,SGF,MO,ACE,CE,Towers with Radar,7,42,34,8,91,5,9,68,0,82,12,51,102,8,173,36,24,60,233
10/05/2003,SGF,MO,ACE,CE,Towers with Radar,6,44,39,5,94,0,0,42,0,42,6,44,81,5,136,4,0,4,140
10/06/2003,SGF,MO,ACE,CE,Towers with Radar,2,73,60,15,150,0,0,0,27,27,2,73,60,42,177,0,0,0,177
10/07/2003,SGF,MO,ACE,CE,Towers with Radar,11,77,61,15,164,0,4,14,22,40,11,81,75,37,204,96,36,132,336
10/08/2003,SGF,MO,ACE,CE,Towers with Radar,12,80,65,15,172,4,0,44,42,90,16,80,109,57,262,76,112,188,450
10/09/2003,SGF,MO,ACE,CE,Towers with Radar,10,80,66,16,172,0,0,5,0,5,10,80,71,16,177,0,0,0,177
10/10/2003,SGF,MO,ACE,CE,Towers with Radar,16,78,67,21,182,2,0,0,15,17,18,78,67,36,199,13,0,13,212
10/11/2003,SGF,MO,ACE,CE,Towers with Radar,9,44,46,1,100,5,0,32,0,37,14,44,78,1,137,18,0,18,155
10/12/2003,SGF,MO,ACE,CE,Towers with Radar,5,49,44,0,98,0,0,71,0,71,5,49,115,0,169,26,0,26,195
10/13/2003,SGF,MO,ACE,CE,Towers with Radar,6,52,45,0,103,0,0,35,0,35,6,52,80,0,138,8,0,8,146
10/14/2003,SGF,MO,ACE,CE,Towers with Radar,8,61,49,14,132,1,22,37,11,71,9,83,86,25,203,38,88,126,329
10/15/2003,SGF,MO,ACE,CE,Towers with Radar,10,73,58,15,156,4,1,56,1,62,14,74,114,16,218,46,4,50,268
10/16/2003,SGF,MO,ACE,CE,Towers with Radar,3,22,18,5,48,8,54,68,33,163,11,76,86,38,211,34,4,38,249
10/17/2003,SGF,MO,ACE,CE,Towers with Radar,10,72,60,6,148,9,0,56,0,65,19,72,116,6,213,63,1,64,277
10/18/2003,SGF,MO,ACE,CE,Towers with Radar,5,42,32,2,81,5,7,121,0,133,10,49,153,2,214,67,0,67,281
10/19/2003,SGF,MO,ACE,CE,Towers with Radar,6,52,43,1,102,0,0,73,0,73,6,52,116,1,175,16,0,16,191
10/20/2003,SGF,MO,ACE,CE,Towers with Radar,6,65,50,13,134,0,8,69,6,83,6,73,119,19,217,32,10,42,259
10/21/2003,SGF,MO,ACE,CE,Towers with Radar,10,75,58,14,157,0,14,48,11,73,10,89,106,25,230,24,34,58,288
10/22/2003,SGF,MO,ACE,CE,Towers with Radar,11,82,63,14,170,2,1,49,0,52,13,83,112,14,222,52,14,66,288
10/23/2003,SGF,MO,ACE,CE,Towers with Radar,10,75,58,10,153,0,7,87,0,94,10,82,145,10,247,54,0,54,301
10/24/2003,SGF,MO,ACE,CE,Towers with Radar,11,78,63,16,168,2,0,56,12,70,13,78,119,28,238,10,32,42,280
10/25/2003,SGF,MO,ACE,CE,Towers with Radar,6,41,31,0,78,8,5,10,0,23,14,46,41,0,101,0,0,0,101
10/26/2003,SGF,MO,ACE,CE,Towers with Radar,5,77,60,14,156,0,0,51,31,82,5,77,111,45,238,16,62,78,316
10/27/2003,SGF,MO,ACE,CE,Towers with Radar,5,45,42,5,97,0,0,51,0,51,5,45,93,5,148,24,2,26,174
10/28/2003,SGF,MO,ACE,CE,Towers with Radar,10,74,58,14,156,0,16,18,10,44,10,90,76,24,200,14,14,28,228
10/29/2003,SGF,MO,ACE,CE,Towers with Radar,11,80,62,16,169,1,6,28,0,35,12,86,90,16,204,8,0,8,212
10/30/2003,SGF,MO,ACE,CE,Towers with Radar,10,76,60,10,156,4,12,18,0,34,14,88,78,10,190,0,0,0,190
10/31/2003,SGF,MO,ACE,CE,Towers with Radar,8,73,58,9,148,0,7,1,0,8,8,80,59,9,156,48,0,48,204
11/01/2003,SGF,MO,ACE,CE,Towers with Radar,6,52,42,2,102,9,2,9,0,20,15,54,51,2,122,10,0,10,132
11/02/2003,SGF,MO,ACE,CE,Towers with Radar,1,53,43,7,104,0,0,38,3,41,1,53,81,10,145,66,0,66,211
11/03/2003,SGF,MO,ACE,CE,Towers with Radar,5,63,51,9,128,0,7,6,7,20,5,70,57,16,148,10,42,52,200
11/04/2003,SGF,MO,ACE,CE,Towers with Radar,8,77,60,10,155,0,6,0,9,15,8,83,60,19,170,0,0,0,170
11/05/2003,SGF,MO,ACE,CE,Towers with Radar,11,83,75,14,183,3,0,0,3,6,14,83,75,17,189,0,12,12,201
11/06/2003,SGF,MO,ACE,CE,Towers with Radar,10,83,54,12,159,0,0,0,17,17,10,83,54,29,176,0,0,0,176
11/07/2003,SGF,MO,ACE,CE,Towers with Radar,9,84,76,13,182,0,0,29,23,52,9,84,105,36,234,12,12,24,258
11/08/2003,SGF,MO,ACE,CE,Towers with Radar,7,53,45,1,106,2,0,35,0,37,9,53,80,1,143,37,0,37,180
11/09/2003,SGF,MO,ACE,CE,Towers with Radar,2,56,46,0,104,0,0,71,0,71,2,56,117,0,175,6,0,6,181
11/10/2003,SGF,MO,ACE,CE,Towers with Radar,5,73,59,9,146,0,0,29,0,29,5,73,88,9,175,36,0,36,211
11/11/2003,SGF,MO,ACE,CE,Towers with Radar,10,72,65,0,147,2,0,18,0,20,12,72,83,0,167,0,0,0,167
11/12/2003,SGF,MO,ACE,CE,Towers with Radar,9,79,67,12,167,1,0,50,13,64,10,79,117,25,231,6,42,48,279
11/13/2003,SGF,MO,ACE,CE,Towers with Radar,10,84,75,13,182,0,0,20,0,20,10,84,95,13,202,58,2,60,262
11/14/2003,SGF,MO,ACE,CE,Towers with Radar,8,87,65,12,172,0,0,0,9,9,8,87,65,21,181,13,0,13,194
11/15/2003,SGF,MO,ACE,CE,Towers with Radar,7,54,51,0,112,3,0,29,0,32,10,54,80,0,144,20,0,20,164
11/16/2003,SGF,MO,ACE,CE,Towers with Radar,1,59,48,1,109,0,0,50,0,50,1,59,98,1,159,98,3,101,260
11/17/2003,SGF,MO,ACE,CE,Towers with Radar,5,27,2,0,34,60,0,0,0,60,65,27,2,0,94,0,0,0,94
11/18/2003,SGF,MO,ACE,CE,Towers with Radar,8,75,43,8,134,3,8,0,0,11,11,83,43,8,145,12,6,18,163
11/19/2003,SGF,MO,ACE,CE,Towers with Radar,4,86,70,12,172,0,0,86,15,101,4,86,156,27,273,42,10,52,325
11/20/2003,SGF,MO,ACE,CE,Towers with Radar,7,81,75,14,177,0,0,35,22,57,7,81,110,36,234,32,64,96,330
11/21/2003,SGF,MO,ACE,CE,Towers with Radar,11,94,73,13,191,0,1,55,24,80,11,95,128,37,271,114,106,220,491
11/22/2003,SGF,MO,ACE,CE,Towers with Radar,6,59,46,5,116,3,0,86,0,89,9,59,132,5,205,18,54,72,277
11/23/2003,SGF,MO,ACE,CE,Towers with Radar,1,36,20,0,57,0,24,0,0,24,1,60,20,0,81,24,0,24,105
11/24/2003,SGF,MO,ACE,CE,Towers with Radar,5,63,49,9,126,0,6,16,29,51,5,69,65,38,177,38,74,112,289
11/25/2003,SGF,MO,ACE,CE,Towers with Radar,9,86,67,11,173,4,4,9,17,34,13,90,76,28,207,38,54,92,299
11/26/2003,SGF,MO,ACE,CE,Towers with Radar,8,75,58,7,148,5,6,33,0,44,13,81,91,7,192,29,0,29,221
11/27/2003,SGF,MO,ACE,CE,Towers with Radar,4,38,30,0,72,3,11,8,0,22,7,49,38,0,94,0,0,0,94
11/28/2003,SGF,MO,ACE,CE,Towers with Radar,3,45,35,2,85,0,25,39,0,64,3,70,74,2,149,0,0,0,149
11/29/2003,SGF,MO,ACE,CE,Towers with Radar,5,52,41,2,100,2,7,33,0,42,7,59,74,2,142,68,0,68,210
11/30/2003,SGF,MO,ACE,CE,Towers with Radar,2,55,59,0,116,0,0,47,0,47,2,55,106,0,163,16,0,16,179
12/01/2003,SGF,MO,ACE,CE,Towers with Radar,4,71,44,9,128,0,0,43,36,79,4,71,87,45,207,68,26,94,301
12/02/2003,SGF,MO,ACE,CE,Towers with Radar,10,81,48,9,148,0,0,31,19,50,10,81,79,28,198,58,86,144,342
12/03/2003,SGF,MO,ACE,CE,Towers with Radar,10,81,42,0,133,0,4,6,0,10,10,85,48,0,143,0,0,0,143
12/04/2003,SGF,MO,ACE,CE,Towers with Radar,11,81,47,0,139,1,0,16,0,17,12,81,63,0,156,0,0,0,156
12/05/2003,SGF,MO,ACE,CE,Towers with Radar,10,84,36,2,132,6,1,0,0,7,16,85,36,2,139,0,0,0,139
12/06/2003,SGF,MO,ACE,CE,Towers with Radar,9,51,37,7,104,4,0,44,3,51,13,51,81,10,155,6,0,6,161
12/07/2003,SGF,MO,ACE,CE,Towers with Radar,1,56,31,1,89,0,0,38,0,38,1,56,69,1,127,32,0,32,159
12/08/2003,SGF,MO,ACE,CE,Towers with Radar,2,77,43,9,131,0,0,23,0,23,2,77,66,9,154,32,46,78,232
12/09/2003,SGF,MO,ACE,CE,Towers with Radar,9,80,42,5,136,2,2,0,0,4,11,82,42,5,140,2,0,2,142
12/10/2003,SGF,MO,ACE,CE,Towers with Radar,9,69,31,1,110,2,17,0,0,19,11,86,31,1,129,0,0,0,129
12/11/2003,SGF,MO,ACE,CE,Towers with Radar,7,89,56,12,164,0,0,45,24,69,7,89,101,36,233,20,36,56,289
12/12/2003,SGF,MO,ACE,CE,Towers with Radar,9,79,47,10,145,0,0,42,10,52,9,79,89,20,197,74,28,102,299
12/13/2003,SGF,MO,ACE,CE,Towers with Radar,4,34,9,0,47,8,23,0,0,31,12,57,9,0,78,0,0,0,78
12/14/2003,SGF,MO,ACE,CE,Towers with Radar,3,46,20,0,69,0,19,0,0,19,3,65,20,0,88,0,0,0,88
12/15/2003,SGF,MO,ACE,CE,Towers with Radar,4,73,43,9,129,0,0,3,31,34,4,73,46,40,163,0,64,64,227
12/16/2003,SGF,MO,ACE,CE,Towers with Radar,9,80,40,9,138,2,5,8,5,20,11,85,48,14,158,0,5,5,163
12/17/2003,SGF,MO,ACE,CE,Towers with Radar,3,95,54,12,164,0,0,53,16,69,3,95,107,28,233,72,36,108,341
12/18/2003,SGF,MO,ACE,CE,Towers with Radar,10,86,48,11,155,3,0,33,5,41,13,86,81,16,196,52,66,118,314
12/19/2003,SGF,MO,ACE,CE,Towers with Radar,11,89,50,11,161,1,0,54,20,75,12,89,104,31,236,96,40,136,372
12/20/2003,SGF,MO,ACE,CE,Towers with Radar,8,58,35,8,109,5,0,42,1,48,13,58,77,9,157,98,0,98,255
12/21/2003,SGF,MO,ACE,CE,Towers with Radar,3,56,28,6,93,0,2,42,12,56,3,58,70,18,149,14,0,14,163
12/22/2003,SGF,MO,ACE,CE,Towers with Radar,3,64,32,6,105,0,14,9,13,36,3,78,41,19,141,34,20,54,195
12/23/2003,SGF,MO,ACE,CE,Towers with Radar,10,79,40,8,137,2,18,23,1,44,12,97,63,9,181,30,0,30,211
12/24/2003,SGF,MO,ACE,CE,Towers with Radar,6,59,30,0,95,10,21,34,0,65,16,80,64,0,160,14,0,14,174
12/25/2003,SGF,MO,ACE,CE,Towers with Radar,3,28,14,0,45,3,6,28,0,37,6,34,42,0,82,0,0,0,82
12/26/2003,SGF,MO,ACE,CE,Towers with Radar,8,70,35,0,113,3,6,10,0,19,11,76,45,0,132,24,0,24,156
12/27/2003,SGF,MO,ACE,CE,Towers with Radar,7,53,33,0,93,8,0,10,0,18,15,53,43,0,111,4,0,4,115
12/28/2003,SGF,MO,ACE,CE,Towers with Radar,4,49,25,0,78,0,7,9,0,16,4,56,34,0,94,8,0,8,102
12/29/2003,SGF,MO,ACE,CE,Towers with Radar,3,60,30,6,99,0,18,34,5,57,3,78,64,11,156,8,6,14,170
12/30/2003,SGF,MO,ACE,CE,Towers with Radar,9,79,40,8,136,0,6,36,14,56,9,85,76,22,192,30,14,44,236
12/31/2003,SGF,MO,ACE,CE,Towers with Radar,7,63,32,6,108,2,12,48,2,64,9,75,80,8,172,44,2,46,218
01/01/2004,SGF,MO,ACE,CE,Towers with Radar,6,41,24,0,71,2,3,12,0,17,8,44,36,0,88,8,0,8,96
01/02/2004,SGF,MO,ACE,CE,Towers with Radar,8,58,36,5,107,1,15,30,0,46,9,73,66,5,153,70,0,70,223
01/03/2004,SGF,MO,ACE,CE,Towers with Radar,8,55,35,0,98,4,0,39,0,43,12,55,74,0,141,42,0,42,183
01/04/2004,SGF,MO,ACE,CE,Towers with Radar,2,37,18,2,59,0,21,0,0,21,2,58,18,2,80,0,0,0,80
01/05/2004,SGF,MO,ACE,CE,Towers with Radar,5,61,37,7,110,0,7,0,1,8,5,68,37,8,118,1,0,1,119
01/06/2004,SGF,MO,ACE,CE,Towers with Radar,10,74,45,8,137,0,5,20,6,31,10,79,65,14,168,0,20,20,188
01/07/2004,SGF,MO,ACE,CE,Towers with Radar,8,84,52,9,153,0,1,34,0,35,8,85,86,9,188,26,0,26,214
01/08/2004,SGF,MO,ACE,CE,Towers with Radar,9,82,50,10,151,0,5,13,26,44,9,87,63,36,195,10,16,26,221
01/09/2004,SGF,MO,ACE,CE,Towers with Radar,11,82,55,11,159,1,0,15,16,32,12,82,70,27,191,98,66,164,355
01/10/2004,SGF,MO,ACE,CE,Towers with Radar,4,57,37,3,101,0,0,30,0,30,4,57,67,3,131,50,8,58,189
01/11/2004,SGF,MO,ACE,CE,Towers with Radar,4,45,28,0,77,0,4,16,0,20,4,49,44,0,97,36,0,36,133
01/12/2004,SGF,MO,ACE,CE,Towers with Radar,1,75,46,10,132,0,3,42,6,51,1,78,88,16,183,84,24,108,291
01/13/2004,SGF,MO,ACE,CE,Towers with Radar,8,91,57,12,168,0,0,32,4,36,8,91,89,16,204,34,64,98,302
01/14/2004,SGF,MO,ACE,CE,Towers with Radar,8,85,52,11,156,0,2,21,0,23,8,87,73,11,179,50,2,52,231
01/15/2004,SGF,MO,ACE,CE,Towers with Radar,10,81,59,9,159,0,0,55,0,55,10,81,114,9,214,40,0,40,254
01/16/2004,SGF,MO,ACE,CE,Towers with Radar,7,88,57,2,154,0,0,0,0,0,7,88,57,2,154,0,0,0,154
01/17/2004,SGF,MO,ACE,CE,Towers with Radar,4,36,21,0,61,5,12,0,0,17,9,48,21,0,78,0,0,0,78
01/18/2004,SGF,MO,ACE,CE,Towers with Radar,1,52,32,1,86,0,1,23,0,24,1,53,55,1,110,10,0,10,120
01/19/2004,SGF,MO,ACE,CE,Towers with Radar,0,61,40,0,101,0,0,41,0,41,0,61,81,0,142,150,0,150,292
01/20/2004,SGF,MO,ACE,CE,Towers with Radar,8,84,59,12,163,0,0,23,4,27,8,84,82,16,190,74,10,84,274
01/21/2004,SGF,MO,ACE,CE,Towers with Radar,10,83,49,10,152,1,0,50,21,72,11,83,99,31,224,42,88,130,354
01/22/2004,SGF,MO,ACE,CE,Towers with Radar,10,84,50,10,154,0,5,41,12,58,10,89,91,22,212,178,2,180,392
01/23/2004,SGF,MO,ACE,CE,Towers with Radar,10,79,49,9,147,2,0,31,6,39,12,79,80,15,186,28,76,104,290
01/24/2004,SGF,MO,ACE,CE,Towers with Radar,7,50,39,7,103,2,0,35,2,39,9,50,74,9,142,38,0,38,180
01/25/2004,SGF,MO,ACE,CE,Towers with Radar,1,27,14,0,42,0,21,0,0,21,1,48,14,0,63,0,0,0,63
01/26/2004,SGF,MO,ACE,CE,Towers with Radar,1,40,21,0,62,0,31,0,0,31,1,71,21,0,93,0,0,0,93
01/27/2004,SGF,MO,ACE,CE,Towers with Radar,9,73,43,8,133,1,6,6,24,37,10,79,49,32,170,2,22,24,194
01/28/2004,SGF,MO,ACE,CE,Towers with Radar,9,82,57,11,159,0,0,35,38,73,9,82,92,49,232,26,64,90,322
01/29/2004,SGF,MO,ACE,CE,Towers with Radar,9,79,47,4,139,1,0,8,0,9,10,79,55,4,148,42,0,42,190
01/30/2004,SGF,MO,ACE,CE,Towers with Radar,9,78,53,4,144,0,0,36,0,36,9,78,89,4,180,14,1,15,195
01/31/2004,SGF,MO,ACE,CE,Towers with Radar,7,49,29,0,85,2,8,61,0,71,9,57,90,0,156,6,0,6,162
02/01/2004,SGF,MO,ACE,CE,Towers with Radar,1,30,21,2,54,0,25,15,0,40,1,55,36,2,94,14,0,14,108
02/02/2004,SGF,MO,ACE,CE,Towers with Radar,2,43,18,0,63,0,26,0,0,26,2,69,18,0,89,0,0,0,89
02/03/2004,SGF,MO,ACE,CE,Towers with Radar,9,85,67,8,169,0,0,45,0,45,9,85,112,8,214,0,0,0,214
02/04/2004,SGF,MO,ACE,CE,Towers with Radar,8,75,53,7,143,1,5,21,0,27,9,80,74,7,170,10,0,10,180
02/05/2004,SGF,MO,ACE,CE,Towers with Radar,6,50,30,1,87,1,34,0,0,35,7,84,30,1,122,0,0,0,122
02/06/2004,SGF,MO,ACE,CE,Towers with Radar,8,77,54,4,143,0,9,7,0,16,8,86,61,4,159,0,0,0,159
02/07/2004,SGF,MO,ACE,CE,Towers with Radar,5,47,33,7,92,5,10,12,0,27,10,57,45,7,119,26,0,26,145
02/08/2004,SGF,MO,ACE,CE,Towers with Radar,2,40,28,4,74,0,10,3,0,13,2,50,31,4,87,3,0,3,90
02/09/2004,SGF,MO,ACE,CE,Towers with Radar,1,69,48,13,131,0,11,20,8,39,1,80,68,21,170,29,0,29,199
02/10/2004,SGF,MO,ACE,CE,Towers with Radar,10,89,63,17,179,1,0,31,24,56,11,89,94,41,235,30,70,100,335
02/11/2004,SGF,MO,ACE,CE,Towers with Radar,10,81,63,17,171,4,0,19,20,43,14,81,82,37,214,60,52,112,326
02/12/2004,SGF,MO,ACE,CE,Towers with Radar,9,85,72,18,184,0,0,31,29,60,9,85,103,47,244,36,48,84,328
02/13/2004,SGF,MO,ACE,CE,Towers with Radar,7,80,62,11,160,0,0,70,0,70,7,80,132,11,230,114,40,154,384
02/14/2004,SGF,MO,ACE,CE,Towers with Radar,5,50,0,10,65,1,0,0,60,61,6,50,0,70,126,0,0,0,126
02/15/2004,SGF,MO,ACE,CE,Towers with Radar,0,54,40,0,94,0,0,42,0,42,0,54,82,0,136,9,0,9,145
02/16/2004,SGF,MO,ACE,CE,Towers with Radar,0,58,43,0,101,0,0,40,0,40,0,58,83,0,141,30,0,30,171
02/17/2004,SGF,MO,ACE,CE,Towers with Radar,9,86,65,18,178,0,0,31,0,31,9,86,96,18,209,50,68,118,327
02/18/2004,SGF,MO,ACE,CE,Towers with Radar,8,82,66,18,174,0,0,25,14,39,8,82,91,32,213,64,18,82,295
02/19/2004,SGF,MO,ACE,CE,Towers with Radar,7,84,58,6,155,0,0,11,0,11,7,84,69,6,166,6,5,11,177
02/20/2004,SGF,MO,ACE,CE,Towers with Radar,5,82,56,6,149,0,3,17,0,20,5,85,73,6,169,6,0,6,175
02/21/2004,SGF,MO,ACE,CE,Towers with Radar,6,61,45,0,112,3,0,127,0,130,9,61,172,0,242,39,0,39,281
02/22/2004,SGF,MO,ACE,CE,Towers with Radar,2,50,38,10,100,0,0,39,0,39,2,50,77,10,139,50,2,52,191
02/23/2004,SGF,MO,ACE,CE,Towers with Radar,1,78,53,15,147,0,5,32,6,43,1,83,85,21,190,70,18,88,278
02/24/2004,SGF,MO,ACE,CE,Towers with Radar,7,92,62,17,178,0,11,20,28,59,7,103,82,45,237,0,64,64,301
02/25/2004,SGF,MO,ACE,CE,Towers with Radar,8,89,71,18,186,0,0,38,40,78,8,89,109,58,264,16,86,102,366
02/26/2004,SGF,MO,ACE,CE,Towers with Radar,9,87,32,18,146,4,0,0,6,10,13,87,32,24,156,110,32,142,298
02/27/2004,SGF,MO,ACE,CE,Towers with Radar,7,81,62,12,162,0,0,35,0,35,7,81,97,12,197,118,14,132,329
02/28/2004,SGF,MO,ACE,CE,Towers with Radar,5,54,36,2,97,10,11,81,0,102,15,65,117,2,199,40,0,40,239
02/29/2004,SGF,MO,ACE,CE,Towers with Radar,2,42,18,0,62,0,15,0,0,15,2,57,18,0,77,24,0,24,101
03/01/2004,SGF,MO,ACE,CE,Towers with Radar,3,63,46,9,121,0,15,13,27,55,3,78,59,36,176,0,56,56,232
03/02/2004,SGF,MO,ACE,CE,Towers with Radar,8,83,61,13,165,0,4,40,0,44,8,87,101,13,209,88,8,96,305
03/03/2004,SGF,MO,ACE,CE,Towers with Radar,7,73,52,8,140,3,6,0,0,9,10,79,52,8,149,0,0,0,149
03/04/2004,SGF,MO,ACE,CE,Towers with Radar,5,54,35,1,95,6,20,0,0,26,11,74,35,1,121,0,0,0,121
03/05/2004,SGF,MO,ACE,CE,Towers with Radar,9,87,66,9,171,0,0,36,0,36,9,87,102,9,207,54,48,102,309
03/06/2004,SGF,MO,ACE,CE,Towers with Radar,5,56,42,7,110,5,0,88,0,93,10,56,130,7,203,90,0,90,293
03/07/2004,SGF,MO,ACE,CE,Towers with Radar,0,46,34,1,81,0,7,21,0,28,0,53,55,1,109,0,0,0,109
03/08/2004,SGF,MO,ACE,CE,Towers with Radar,1,67,50,10,128,0,8,41,12,61,1,75,91,22,189,96,32,128,317
03/09/2004,SGF,MO,ACE,CE,Towers with Radar,7,75,60,9,151,2,0,12,0,14,9,75,72,9,165,32,0,32,197
03/10/2004,SGF,MO,ACE,CE,Towers with Radar,8,71,62,13,154,3,0,52,5,60,11,71,114,18,214,20,42,62,276
03/11/2004,SGF,MO,ACE,CE,Towers with Radar,7,82,61,12,162,5,1,69,5,80,12,83,130,17,242,102,76,178,420
03/12/2004,SGF,MO,ACE,CE,Towers with Radar,5,83,61,12,161,0,5,74,12,91,5,88,135,24,252,86,54,140,392
03/13/2004,SGF,MO,ACE,CE,Towers with Radar,5,56,42,0,103,5,1,40,0,46,10,57,82,0,149,39,0,39,188
03/14/2004,SGF,MO,ACE,CE,Towers with Radar,0,52,41,0,93,0,0,41,0,41,0,52,82,0,134,42,0,42,176
03/15/2004,SGF,MO,ACE,CE,Towers with Radar,0,63,47,10,120,0,1,5,0,6,0,64,52,10,126,32,2,34,160
03/16/2004,SGF,MO,ACE,CE,Towers with Radar,7,85,63,14,169,1,11,18,15,45,8,96,81,29,214,58,104,162,376
03/17/2004,SGF,MO,ACE,CE,Towers with Radar,8,84,77,17,186,0,0,63,8,71,8,84,140,25,257,100,0,100,357
03/18/2004,SGF,MO,ACE,CE,Towers with Radar,7,80,61,12,160,1,0,70,0,71,8,80,131,12,231,46,66,112,343
03/19/2004,SGF,MO,ACE,CE,Towers with Radar,7,88,68,1,164,1,0,29,0,30,8,88,97,1,194,50,2,52,246
03/20/2004,SGF,MO,ACE,CE,Towers with Radar,3,46,33,2,84,5,14,24,0,43,8,60,57,2,127,26,0,26,153
03/21/2004,SGF,MO,ACE,CE,Towers with Radar,0,55,43,3,101,0,0,59,0,59,0,55,102,3,160,8,0,8,168
03/22/2004,SGF,MO,ACE,CE,Towers with Radar,2,71,52,11,136,0,0,48,3,51,2,71,100,14,187,36,46,82,269
03/23/2004,SGF,MO,ACE,CE,Towers with Radar,6,74,53,11,144,1,14,14,13,42,7,88,67,24,186,0,6,6,192
03/24/2004,SGF,MO,ACE,CE,Towers with Radar,6,80,58,3,147,2,7,18,0,27,8,87,76,3,174,2,0,2,176
03/25/2004,SGF,MO,ACE,CE,Towers with Radar,7,84,68,15,174,1,0,10,3,14,8,84,78,18,188,26,12,38,226
03/26/2004,SGF,MO,ACE,CE,Towers with Radar,6,75,54,7,142,2,5,21,0,28,8,80,75,7,170,24,8,32,202
03/27/2004,SGF,MO,ACE,CE,Towers with Radar,3,46,33,4,86,6,9,18,0,33,9,55,51,4,119,78,0,78,197
03/28/2004,SGF,MO,ACE,CE,Towers with Radar,0,47,34,0,81,0,1,14,0,15,0,48,48,0,96,2,0,2,98
03/29/2004,SGF,MO,ACE,CE,Towers with Radar,0,73,53,11,137,0,6,35,13,54,0,79,88,24,191,54,22,76,267
03/30/2004,SGF,MO,ACE,CE,Towers with Radar,7,82,65,14,168,1,0,73,22,96,8,82,138,36,264,58,76,134,398
03/31/2004,SGF,MO,ACE,CE,Towers with Radar,7,82,68,15,172,5,0,50,22,77,12,82,118,37,249,62,58,120,369
04/01/2004,SGF,MO,ACE,CE,Towers with Radar,9,76,54,11,150,0,0,54,0,54,9,76,108,11,204,62,56,118,322
04/02/2004,SGF,MO,ACE,CE,Towers with Radar,9,87,55,8,159,0,0,55,0,55,9,87,110,8,214,30,0,30,244
04/03/2004,SGF,MO,ACE,CE,Towers with Radar,6,46,28,1,81,2,14,63,0,79,8,60,91,1,160,48,0,48,208
04/04/2004,SGF,MO,ACE,CE,Towers with Radar,2,49,30,2,83,0,2,55,0,57,2,51,85,2,140,60,0,60,200
04/05/2004,SGF,MO,ACE,CE,Towers with Radar,6,73,44,8,131,0,4,30,33,67,6,77,74,41,198,34,22,56,254
04/06/2004,SGF,MO,ACE,CE,Towers with Radar,10,84,53,10,157,0,0,46,9,55,10,84,99,19,212,48,46,94,306
04/07/2004,SGF,MO,ACE,CE,Towers with Radar,10,78,48,5,141,1,8,21,0,30,11,86,69,5,171,20,10,30,201
04/08/2004,SGF,MO,ACE,CE,Towers with Radar,12,76,58,4,150,0,0,54,0,54,12,76,112,4,204,4,6,10,214
04/09/2004,SGF,MO,ACE,CE,Towers with Radar,11,91,55,10,167,2,1,11,0,14,13,92,66,10,181,4,0,4,185
04/10/2004,SGF,MO,ACE,CE,Towers with Radar,6,48,29,6,89,3,8,1,7,19,9,56,30,13,108,0,0,0,108
04/11/2004,SGF,MO,ACE,CE,Towers with Radar,4,49,30,0,83,0,13,17,0,30,4,62,47,0,113,52,0,52,165
04/12/2004,SGF,MO,ACE,CE,Towers with Radar,5,71,51,12,139,0,0,23,9,32,5,71,74,21,171,66,116,182,353
04/13/2004,SGF,MO,ACE,CE,Towers with Radar,10,85,52,11,158,1,0,37,6,44,11,85,89,17,202,36,0,36,238
04/14/2004,SGF,MO,ACE,CE,Towers with Radar,11,87,60,12,170,5,0,104,8,117,16,87,164,20,287,34,88,122,409
04/15/2004,SGF,MO,ACE,CE,Towers with Radar,11,92,61,13,177,1,0,52,5,58,12,92,113,18,235,40,12,52,287
04/16/2004,SGF,MO,ACE,CE,Towers with Radar,10,86,55,12,163,4,0,57,15,76,14,86,112,27,239,100,48,148,387
04/17/2004,SGF,MO,ACE,CE,Towers with Radar,6,58,34,7,105,4,12,56,2,74,10,70,90,9,179,38,0,38,217
04/18/2004,SGF,MO,ACE,CE,Towers with Radar,3,56,33,5,97,0,3,33,0,36,3,59,66,5,133,12,0,12,145
04/19/2004,SGF,MO,ACE,CE,Towers with Radar,3,75,44,10,132,0,5,20,20,45,3,80,64,30,177,36,74,110,287
04/20/2004,SGF,MO,ACE,CE,Towers with Radar,9,81,48,9,147,3,6,16,7,32,12,87,64,16,179,28,16,44,223
04/21/2004,SGF,MO,ACE,CE,Towers with Radar,11,97,57,5,170,5,0,56,0,61,16,97,113,5,231,36,0,36,267
04/22/2004,SGF,MO,ACE,CE,Towers with Radar,10,95,58,1,164,0,0,15,0,15,10,95,73,1,179,94,0,94,273
04/23/2004,SGF,MO,ACE,CE,Towers with Radar,9,84,34,0,127,5,2,0,0,7,14,86,34,0,134,0,0,0,134
04/24/2004,SGF,MO,ACE,CE,Towers with Radar,5,44,18,0,67,3,22,0,0,25,8,66,18,0,92,0,0,0,92
04/25/2004,SGF,MO,ACE,CE,Towers with Radar,2,66,41,1,110,0,0,43,0,43,2,66,84,1,153,22,1,23,176
04/26/2004,SGF,MO,ACE,CE,Towers with Radar,4,80,47,9,140,0,3,26,6,35,4,83,73,15,175,74,44,118,293
04/27/2004,SGF,MO,ACE,CE,Towers with Radar,10,88,52,11,161,0,10,84,3,97,10,98,136,14,258,46,0,46,304
04/28/2004,SGF,MO,ACE,CE,Towers with Radar,9,82,48,9,148,1,6,38,6,51,10,88,86,15,199,40,146,186,385
04/29/2004,SGF,MO,ACE,CE,Towers with Radar,10,88,52,10,160,2,0,23,12,37,12,88,75,22,197,132,30,162,359
04/30/2004,SGF,MO,ACE,CE,Towers with Radar,9,83,50,0,142,2,2,6,0,10,11,85,56,0,152,30,0,30,182
05/01/2004,SGF,MO,ACE,CE,Towers with Radar,7,52,28,0,87,7,8,0,0,15,14,60,28,0,102,0,0,0,102
05/02/2004,SGF,MO,ACE,CE,Towers with Radar,1,57,34,0,92,0,7,35,0,42,1,64,69,0,134,36,0,36,170
05/03/2004,SGF,MO,ACE,CE,Towers with Radar,4,67,40,0,111,0,10,38,0,48,4,77,78,0,159,34,0,34,193
05/04/2004,SGF,MO,ACE,CE,Towers with Radar,11,91,54,10,166,2,3,51,35,91,13,94,105,45,257,42,72,114,371
05/05/2004,SGF,MO,ACE,CE,Towers with Radar,10,81,48,2,141,0,8,81,0,89,10,89,129,2,230,78,0,78,308
05/06/2004,SGF,MO,ACE,CE,Towers with Radar,10,83,51,7,151,0,8,45,0,53,10,91,96,7,204,65,0,65,269
05/07/2004,SGF,MO,ACE,CE,Towers with Radar,10,85,56,10,161,0,0,26,14,40,10,85,82,24,201,118,128,246,447
05/08/2004,SGF,MO,ACE,CE,Towers with Radar,6,49,30,0,85,3,15,35,0,53,9,64,65,0,138,78,0,78,216
05/09/2004,SGF,MO,ACE,CE,Towers with Radar,2,52,32,0,86,0,6,21,0,27,2,58,53,0,113,26,0,26,139
05/10/2004,SGF,MO,ACE,CE,Towers with Radar,2,70,43,7,122,0,11,33,2,46,2,81,76,9,168,56,42,98,266
05/11/2004,SGF,MO,ACE,CE,Towers with Radar,10,89,56,11,166,2,0,41,9,52,12,89,97,20,218,56,14,70,288
05/12/2004,SGF,MO,ACE,CE,Towers with Radar,7,90,60,12,169,0,0,21,1,22,7,90,81,13,191,33,72,105,296
05/13/2004,SGF,MO,ACE,CE,Towers with Radar,5,51,36,4,96,0,0,7,0,7,5,51,43,4,103,0,0,0,103
05/14/2004,SGF,MO,ACE,CE,Towers with Radar,11,105,49,13,178,0,0,0,7,7,11,105,49,20,185,0,0,0,185
05/15/2004,SGF,MO,ACE,CE,Towers with Radar,8,61,42,1,112,2,0,44,0,46,10,61,86,1,158,92,0,92,250
05/16/2004,SGF,MO,ACE,CE,Towers with Radar,5,64,49,0,118,0,0,11,0,11,5,64,60,0,129,28,0,28,157
05/17/2004,SGF,MO,ACE,CE,Towers with Radar,5,79,48,9,141,0,3,37,11,51,5,82,85,20,192,82,36,118,310
05/18/2004,SGF,MO,ACE,CE,Towers with Radar,9,71,43,8,131,1,5,35,4,45,10,76,78,12,176,8,28,36,212
05/19/2004,SGF,MO,ACE,CE,Towers with Radar,9,79,46,9,143,3,9,27,17,56,12,88,73,26,199,52,16,68,267
05/20/2004,SGF,MO,ACE,CE,Towers with Radar,9,56,46,9,120,0,0,14,13,27,9,56,60,22,147,40,81,121,268
05/21/2004,SGF,MO,ACE,CE,Towers with Radar,6,89,56,11,162,0,0,43,2,45,6,89,99,13,207,12,12,24,231
05/22/2004,SGF,MO,ACE,CE,Towers with Radar,6,58,36,7,107,8,0,5,16,29,14,58,41,23,136,4,20,24,160
05/23/2004,SGF,MO,ACE,CE,Towers with Radar,3,66,39,0,108,0,6,8,0,14,3,72,47,0,122,0,0,0,122
05/24/2004,SGF,MO,ACE,CE,Towers with Radar,3,66,39,4,112,0,5,29,0,34,3,71,68,4,146,46,0,46,192
05/25/2004,SGF,MO,ACE,CE,Towers with Radar,9,85,50,9,153,7,0,15,13,35,16,85,65,22,188,44,52,96,284
05/26/2004,SGF,MO,ACE,CE,Towers with Radar,11,95,57,6,169,6,0,23,0,29,17,95,80,6,198,16,6,22,220
05/27/2004,SGF,MO,ACE,CE,Towers with Radar,10,105,72,10,197,0,0,10,0,10,10,105,82,10,207,118,2,120,327
05/28/2004,SGF,MO,ACE,CE,Towers with Radar,10,94,60,4,168,0,0,54,0,54,10,94,114,4,222,70,2,72,294
05/29/2004,SGF,MO,ACE,CE,Towers with Radar,6,56,33,0,95,6,0,20,0,26,12,56,53,0,121,6,0,6,127
05/30/2004,SGF,MO,ACE,CE,Towers with Radar,2,33,19,0,54,0,24,12,0,36,2,57,31,0,90,1,0,1,91
05/31/2004,SGF,MO,ACE,CE,Towers with Radar,1,61,37,0,99,0,0,56,0,56,1,61,93,0,155,62,0,62,217
06/01/2004,SGF,MO,ACE,CE,Towers with Radar,7,73,46,7,133,0,0,48,8,56,7,73,94,15,189,130,86,216,405
06/02/2004,SGF,MO,ACE,CE,Towers with Radar,10,86,54,9,159,0,1,36,30,67,10,87,90,39,226,116,12,128,354
06/03/2004,SGF,MO,ACE,CE,Towers with Radar,12,81,54,9,156,1,0,63,5,69,13,81,117,14,225,102,0,102,327
06/04/2004,SGF,MO,ACE,CE,Towers with Radar,13,94,62,10,179,0,0,55,14,69,13,94,117,24,248,34,0,34,282
06/05/2004,SGF,MO,ACE,CE,Towers with Radar,7,50,32,5,94,6,7,35,1,49,13,57,67,6,143,143,110,253,396
06/06/2004,SGF,MO,ACE,CE,Towers with Radar,5,59,38,0,102,0,0,1,0,1,5,59,39,0,103,0,0,0,103
06/07/2004,SGF,MO,ACE,CE,Towers with Radar,4,71,44,7,126,0,8,39,14,61,4,79,83,21,187,0,14,14,201
06/08/2004,SGF,MO,ACE,CE,Towers with Radar,11,77,48,8,144,0,8,22,3,33,11,85,70,11,177,92,8,100,277
06/09/2004,SGF,MO,ACE,CE,Towers with Radar,10,82,51,8,151,3,3,18,0,24,13,85,69,8,175,10,60,70,245
06/10/2004,SGF,MO,ACE,CE,Towers with Radar,10,83,51,8,152,2,6,5,0,13,12,89,56,8,165,34,0,34,199
06/11/2004,SGF,MO,ACE,CE,Towers with Radar,12,89,60,10,171,1,0,20,0,21,13,89,80,10,192,67,36,103,295
06/12/2004,SGF,MO,ACE,CE,Towers with Radar,6,44,28,0,78,6,20,27,0,53,12,64,55,0,131,50,0,50,181
06/13/2004,SGF,MO,ACE,CE,Towers with Radar,4,60,38,7,109,0,0,57,0,57,4,60,95,7,166,1,2,3,169
06/14/2004,SGF,MO,ACE,CE,Towers with Radar,6,76,46,9,137,0,6,40,17,63,6,82,86,26,200,100,32,132,332
06/15/2004,SGF,MO,ACE,CE,Towers with Radar,11,84,51,9,155,2,12,35,4,53,13,96,86,13,208,64,46,110,318
06/16/2004,SGF,MO,ACE,CE,Towers with Radar,12,93,56,4,165,0,5,26,0,31,12,98,82,4,196,16,16,32,228
06/17/2004,SGF,MO,ACE,CE,Towers with Radar,12,96,61,11,180,0,0,15,5,20,12,96,76,16,200,76,48,124,324
06/18/2004,SGF,MO,ACE,CE,Towers with Radar,12,83,58,1,154,10,0,42,0,52,22,83,100,1,206,52,0,52,258
06/19/2004,SGF,MO,ACE,CE,Towers with Radar,7,55,33,5,100,4,11,35,0,50,11,66,68,5,150,40,0,40,190
06/20/2004,SGF,MO,ACE,CE,Towers with Radar,6,61,44,8,119,0,0,9,0,9,6,61,53,8,128,18,0,18,146
06/21/2004,SGF,MO,ACE,CE,Towers with Radar,5,76,46,8,135,0,0,11,0,11,5,76,57,8,146,2,0,2,148
06/22/2004,SGF,MO,ACE,CE,Towers with Radar,10,97,58,11,176,0,5,41,0,46,10,102,99,11,222,50,0,50,272
06/23/2004,SGF,MO,ACE,CE,Towers with Radar,11,91,55,10,167,3,13,78,16,110,14,104,133,26,277,44,44,88,365
06/24/2004,SGF,MO,ACE,CE,Towers with Radar,14,100,62,10,186,0,0,93,7,100,14,100,155,17,286,144,8,152,438
06/25/2004,SGF,MO,ACE,CE,Towers with Radar,13,85,64,11,173,18,0,40,9,67,31,85,104,20,240,63,6,69,309
06/26/2004,SGF,MO,ACE,CE,Towers with Radar,8,58,35,6,107,3,8,62,2,75,11,66,97,8,182,84,4,88,270
06/27/2004,SGF,MO,ACE,CE,Towers with Radar,6,68,47,1,122,0,0,48,0,48,6,68,95,1,170,12,0,12,182
06/28/2004,SGF,MO,ACE,CE,Towers with Radar,6,74,48,8,136,0,0,14,11,25,6,74,62,19,161,67,0,67,228
06/29/2004,SGF,MO,ACE,CE,Towers with Radar,11,82,56,9,158,2,0,50,19,71,13,82,106,28,229,46,100,146,375
06/30/2004,SGF,MO,ACE,CE,Towers with Radar,12,91,59,11,173,0,0,0,4,4,12,91,59,15,177,34,30,64,241
07/01/2004,SGF,MO,ACE,CE,Towers with Radar,9,83,60,8,160,0,0,9,11,20,9,83,69,19,180,56,40,96,276
07/02/2004,SGF,MO,ACE,CE,Towers with Radar,11,89,57,3,160,0,0,0,0,0,11,89,57,3,160,27,0,27,187
07/03/2004,SGF,MO,ACE,CE,Towers with Radar,10,57,37,0,104,1,5,7,0,13,11,62,44,0,117,2,0,2,119
07/04/2004,SGF,MO,ACE,CE,Towers with Radar,5,37,25,3,70,0,12,22,5,39,5,49,47,8,109,20,6,26,135
07/05/2004,SGF,MO,ACE,CE,Towers with Radar,4,49,33,0,86,0,6,17,0,23,4,55,50,0,109,86,0,86,195
07/06/2004,SGF,MO,ACE,CE,Towers with Radar,4,76,49,3,132,0,9,25,0,34,4,85,74,3,166,42,0,42,208
07/07/2004,SGF,MO,ACE,CE,Towers with Radar,15,91,61,8,175,1,0,77,10,88,16,91,138,18,263,75,0,75,338
07/08/2004,SGF,MO,ACE,CE,Towers with Radar,12,81,53,7,153,0,8,28,1,37,12,89,81,8,190,0,0,0,190
07/09/2004,SGF,MO,ACE,CE,Towers with Radar,12,76,49,6,143,1,7,11,6,25,13,83,60,12,168,56,0,56,224
07/10/2004,SGF,MO,ACE,CE,Towers with Radar,8,57,37,6,108,2,13,40,0,55,10,70,77,6,163,6,0,6,169
07/11/2004,SGF,MO,ACE,CE,Towers with Radar,4,59,42,1,106,0,0,29,0,29,4,59,71,1,135,12,0,12,147
07/12/2004,SGF,MO,ACE,CE,Towers with Radar,9,68,45,7,129,0,15,55,2,72,9,83,100,9,201,6,0,6,207
07/13/2004,SGF,MO,ACE,CE,Towers with Radar,12,89,58,6,165,0,11,53,0,64,12,100,111,6,229,16,0,16,245
07/14/2004,SGF,MO,ACE,CE,Towers with Radar,12,81,55,8,156,4,0,72,3,79,16,81,127,11,235,60,0,60,295
07/15/2004,SGF,MO,ACE,CE,Towers with Radar,12,82,61,8,163,0,0,45,0,45,12,82,106,8,208,78,2,80,288
07/16/2004,SGF,MO,ACE,CE,Towers with Radar,12,84,41,8,145,0,6,0,0,6,12,90,41,8,151,20,0,20,171
07/17/2004,SGF,MO,ACE,CE,Towers with Radar,8,58,36,5,107,5,14,53,4,76,13,72,89,9,183,50,26,76,259
07/18/2004,SGF,MO,ACE,CE,Towers with Radar,8,59,46,0,113,0,0,53,0,53,8,59,99,0,166,32,26,58,224
07/19/2004,SGF,MO,ACE,CE,Towers with Radar,7,85,54,7,153,0,2,38,28,68,7,87,92,35,221,26,64,90,311
07/20/2004,SGF,MO,ACE,CE,Towers with Radar,12,84,54,8,158,0,0,57,0,57,12,84,111,8,215,23,26,49,264
07/21/2004,SGF,MO,ACE,CE,Towers with Radar,12,85,55,7,159,0,0,49,16,65,12,85,104,23,224,60,44,104,328
07/22/2004,SGF,MO,ACE,CE,Towers with Radar,13,84,53,7,157,4,5,28,17,54,17,89,81,24,211,86,70,156,367
07/23/2004,SGF,MO,ACE,CE,Towers with Radar,11,93,59,8,171,0,5,41,1,47,11,98,100,9,218,32,18,50,268
07/24/2004,SGF,MO,ACE,CE,Towers with Radar,5,36,22,2,65,5,37,5,0,47,10,73,27,2,112,35,0,35,147
07/25/2004,SGF,MO,ACE,CE,Towers with Radar,3,63,45,1,112,0,0,9,0,9,3,63,54,1,121,20,0,20,141
07/26/2004,SGF,MO,ACE,CE,Towers with Radar,3,78,51,5,137,0,0,65,0,65,3,78,116,5,202,62,2,64,266
07/27/2004,SGF,MO,ACE,CE,Towers with Radar,10,91,58,8,167,0,0,62,18,80,10,91,120,26,247,86,44,130,377
07/28/2004,SGF,MO,ACE,CE,Towers with Radar,9,87,63,8,167,0,0,56,20,76,9,87,119,28,243,18,46,64,307
07/29/2004,SGF,MO,ACE,CE,Towers with Radar,13,85,60,1,159,0,0,16,0,16,13,85,76,1,175,38,0,38,213
07/30/2004,SGF,MO,ACE,CE,Towers with Radar,12,99,67,8,186,0,0,16,0,16,12,99,83,8,202,0,0,0,202
07/31/2004,SGF,MO,ACE,CE,Towers with Radar,9,60,39,4,112,0,11,74,0,85,9,71,113,4,197,50,6,56,253
08/01/2004,SGF,MO,ACE,CE,Towers with Radar,4,62,52,3,121,0,0,63,0,63,4,62,115,3,184,16,0,16,200
08/02/2004,SGF,MO,ACE,CE,Towers with Radar,5,78,49,5,137,0,3,55,1,59,5,81,104,6,196,14,0,14,210
08/03/2004,SGF,MO,ACE,CE,Towers with Radar,10,89,59,6,164,2,0,46,15,63,12,89,105,21,227,84,66,150,377
08/04/2004,SGF,MO,ACE,CE,Towers with Radar,7,76,49,5,137,0,13,18,3,34,7,89,67,8,171,12,22,34,205
08/05/2004,SGF,MO,ACE,CE,Towers with Radar,12,93,70,7,182,1,0,75,4,80,13,93,145,11,262,80,22,102,364
08/06/2004,SGF,MO,ACE,CE,Towers with Radar,9,90,60,6,165,0,0,43,10,53,9,90,103,16,218,54,64,118,336
08/07/2004,SGF,MO,ACE,CE,Towers with Radar,7,55,36,4,102,2,12,69,2,85,9,67,105,6,187,62,0,62,249
08/08/2004,SGF,MO,ACE,CE,Towers with Radar,3,59,40,0,102,0,0,44,0,44,3,59,84,0,146,8,0,8,154
08/09/2004,SGF,MO,ACE,CE,Towers with Radar,3,68,44,4,119,0,16,32,0,48,3,84,76,4,167,52,0,52,219
08/10/2004,SGF,MO,ACE,CE,Towers with Radar,9,79,51,5,144,2,11,41,1,55,11,90,92,6,199,18,10,28,227
08/11/2004,SGF,MO,ACE,CE,Towers with Radar,10,91,62,6,169,2,0,19,2,23,12,91,81,8,192,6,0,6,198
08/12/2004,SGF,MO,ACE,CE,Towers with Radar,10,95,61,4,170,1,1,39,0,41,11,96,100,4,211,98,0,98,309
08/13/2004,SGF,MO,ACE,CE,Towers with Radar,11,82,67,6,166,0,0,44,23,67,11,82,111,29,233,58,125,183,416
08/14/2004,SGF,MO,ACE,CE,Towers with Radar,6,57,37,2,102,7,6,41,0,54,13,63,78,2,156,64,20,84,240
08/15/2004,SGF,MO,ACE,CE,Towers with Radar,5,54,43,0,102,0,0,33,0,33,5,54,76,0,135,0,0,0,135
08/16/2004,SGF,MO,ACE,CE,Towers with Radar,3,78,51,2,134,0,12,45,0,57,3,90,96,2,191,64,0,64,255
08/17/2004,SGF,MO,ACE,CE,Towers with Radar,8,84,54,5,151,2,0,57,0,59,10,84,111,5,210,28,0,28,238
08/18/2004,SGF,MO,ACE,CE,Towers with Radar,7,91,57,4,159,0,6,64,0,70,7,97,121,4,229,58,0,58,287
08/19/2004,SGF,MO,ACE,CE,Towers with Radar,9,87,58,7,161,1,0,33,1,35,10,87,91,8,196,16,0,16,212
08/20/2004,SGF,MO,ACE,CE,Towers with Radar,10,99,64,3,176,4,0,0,0,4,14,99,64,3,180,9,0,9,189
08/21/2004,SGF,MO,ACE,CE,Towers with Radar,7,70,44,0,121,4,1,28,0,33,11,71,72,0,154,0,0,0,154
08/22/2004,SGF,MO,ACE,CE,Towers with Radar,2,61,39,0,102,0,0,40,0,40,2,61,79,0,142,20,0,20,162
08/23/2004,SGF,MO,ACE,CE,Towers with Radar,7,60,37,4,108,1,9,29,4,43,8,69,66,8,151,122,0,122,273
08/24/2004,SGF,MO,ACE,CE,Towers with Radar,8,84,53,6,151,3,6,35,18,62,11,90,88,24,213,2,0,2,215
08/25/2004,SGF,MO,ACE,CE,Towers with Radar,9,95,59,7,170,3,9,10,2,24,12,104,69,9,194,8,0,8,202
08/26/2004,SGF,MO,ACE,CE,Towers with Radar,12,107,74,7,200,0,0,41,23,64,12,107,115,30,264,44,16,60,324
08/27/2004,SGF,MO,ACE,CE,Towers with Radar,9,90,58,4,161,2,0,14,0,16,11,90,72,4,177,32,2,34,211
08/28/2004,SGF,MO,ACE,CE,Towers with Radar,5,42,12,1,60,8,24,0,0,32,13,66,12,1,92,26,0,26,118
08/29/2004,SGF,MO,ACE,CE,Towers with Radar,3,61,47,4,115,0,0,47,5,52,3,61,94,9,167,14,2,16,183
08/30/2004,SGF,MO,ACE,CE,Towers with Radar,1,76,48,5,130,0,6,41,1,48,1,82,89,6,178,44,36,80,258
08/31/2004,SGF,MO,ACE,CE,Towers with Radar,8,81,50,2,141,5,6,51,0,62,13,87,101,2,203,38,0,38,241
09/01/2004,SGF,MO,ACE,CE,Towers with Radar,11,83,56,7,157,2,0,55,0,57,13,83,111,7,214,22,12,34,248
09/02/2004,SGF,MO,ACE,CE,Towers with Radar,12,81,66,9,168,0,0,86,3,89,12,81,152,12,257,18,4,22,279
09/03/2004,SGF,MO,ACE,CE,Towers with Radar,10,94,69,10,183,0,0,36,14,50,10,94,105,24,233,80,44,124,357
09/04/2004,SGF,MO,ACE,CE,Towers with Radar,8,56,38,2,104,4,2,35,0,41,12,58,73,2,145,46,0,46,191
09/05/2004,SGF,MO,ACE,CE,Towers with Radar,4,43,30,0,77,0,0,15,0,15,4,43,45,0,92,24,0,24,116
09/06/2004,SGF,MO,ACE,CE,Towers with Radar,4,54,50,0,108,0,0,29,0,29,4,54,79,0,137,21,0,21,158
09/07/2004,SGF,MO,ACE,CE,Towers with Radar,10,81,55,9,155,1,1,15,2,19,11,82,70,11,174,36,42,78,252
09/08/2004,SGF,MO,ACE,CE,Towers with Radar,11,86,58,9,164,0,0,53,10,63,11,86,111,19,227,42,38,80,307
09/09/2004,SGF,MO,ACE,CE,Towers with Radar,11,91,61,9,172,2,4,65,6,77,13,95,126,15,249,28,26,54,303
09/10/2004,SGF,MO,ACE,CE,Towers with Radar,9,93,63,0,165,0,9,33,0,42,9,102,96,0,207,60,0,60,267
09/11/2004,SGF,MO,ACE,CE,Towers with Radar,7,51,35,6,99,6,14,41,5,66,13,65,76,11,165,120,16,136,301
09/12/2004,SGF,MO,ACE,CE,Towers with Radar,5,61,42,6,114,0,0,70,0,70,5,61,112,6,184,20,18,38,222
09/13/2004,SGF,MO,ACE,CE,Towers with Radar,5,74,50,0,129,0,11,62,0,73,5,85,112,0,202,58,0,58,260
09/14/2004,SGF,MO,ACE,CE,Towers with Radar,10,83,56,4,153,4,7,22,0,33,14,90,78,4,186,28,0,28,214
09/15/2004,SGF,MO,ACE,CE,Towers with Radar,11,92,62,6,171,1,9,29,0,39,12,101,91,6,210,36,2,38,248
09/16/2004,SGF,MO,ACE,CE,Towers with Radar,11,93,66,10,180,0,0,31,3,34,11,93,97,13,214,16,46,62,276
09/17/2004,SGF,MO,ACE,CE,Towers with Radar,9,88,58,8,163,0,0,45,13,58,9,88,103,21,221,91,66,157,378
09/18/2004,SGF,MO,ACE,CE,Towers with Radar,8,67,44,3,122,7,5,63,0,75,15,72,107,3,197,40,22,62,259
09/19/2004,SGF,MO,ACE,CE,Towers with Radar,3,62,40,5,110,0,4,34,8,46,3,66,74,13,156,34,0,34,190
09/20/2004,SGF,MO,ACE,CE,Towers with Radar,6,77,50,7,140,0,9,31,23,63,6,86,81,30,203,28,66,94,297
09/21/2004,SGF,MO,ACE,CE,Towers with Radar,9,81,53,7,150,1,27,39,0,67,10,108,92,7,217,44,0,44,261
09/22/2004,SGF,MO,ACE,CE,Towers with Radar,11,95,62,9,177,2,3,64,12,81,13,98,126,21,258,50,44,94,352
09/23/2004,SGF,MO,ACE,CE,Towers with Radar,12,94,66,9,181,2,0,45,26,73,14,94,111,35,254,80,54,134,388
09/24/2004,SGF,MO,ACE,CE,Towers with Radar,8,95,63,5,171,0,0,37,0,37,8,95,100,5,208,48,0,48,256
09/25/2004,SGF,MO,ACE,CE,Towers with Radar,7,58,38,2,105,6,6,74,0,86,13,64,112,2,191,62,0,62,253
09/26/2004,SGF,MO,ACE,CE,Towers with Radar,4,58,38,1,101,0,12,64,0,76,4,70,102,1,177,4,0,4,181
09/27/2004,SGF,MO,ACE,CE,Towers with Radar,4,65,51,7,127,0,0,53,27,80,4,65,104,34,207,48,50,98,305
09/28/2004,SGF,MO,ACE,CE,Towers with Radar,10,82,60,2,154,4,0,69,0,73,14,82,129,2,227,94,0,94,321
09/29/2004,SGF,MO,ACE,CE,Towers with Radar,8,84,55,3,150,0,11,34,0,45,8,95,89,3,195,14,0,14,209
09/30/2004,SGF,MO,ACE,CE,Towers with Radar,11,91,62,3,167,0,0,61,0,61,11,91,123,3,228,76,0,76,304
10/01/2004,SGF,MO,ACE,CE,Combined TRACON& Tower with Radar,12,85,44,2,143,0,1,11,4,16,12,86,55,6,159,64,0,64,223
10/02/2004,SGF,MO,ACE,CE,Combined TRACON& Tower with Radar,10,68,45,0,123,2,6,64,4,76,12,74,109,4,199,110,0,110,309
10/03/2004,SGF,MO,ACE,CE,Combined TRACON& Tower with Radar,5,58,44,5,112,0,0,44,5,49,5,58,88,10,161,33,0,33,194
10/04/2004,SGF,MO,ACE,CE,Combined TRACON& Tower with Radar,4,77,63,25,169,0,0,33,18,51,4,77,96,43,220,51,36,87,307
10/05/2004,SGF,MO,ACE,CE,Combined TRACON& Tower with Radar,17,92,49,19,177,0,0,47,4,51,17,92,96,23,228,26,0,26,254
10/06/2004,SGF,MO,ACE,CE,Combined TRACON& Tower with Radar,13,81,62,16,172,0,6,35,4,45,13,87,97,20,217,60,0,60,277
10/07/2004,SGF,MO,ACE,CE,Combined TRACON& Tower with Radar,13,82,62,1,158,0,5,9,1,15,13,87,71,2,173,16,0,16,189
10/08/2004,SGF,MO,ACE,CE,Combined TRACON& Tower with Radar,13,88,58,0,159,0,2,4,6,12,13,90,62,6,171,0,0,0,171
10/09/2004,SGF,MO,ACE,CE,Combined TRACON& Tower with Radar,14,69,49,0,132,0,0,31,0,31,14,69,80,0,163,68,0,68,231
10/10/2004,SGF,MO,ACE,CE,Combined TRACON& Tower with Radar,4,64,59,0,127,0,0,16,0,16,4,64,75,0,143,0,0,0,143
10/11/2004,SGF,MO,ACE,CE,Combined TRACON& Tower with Radar,4,63,56,0,123,0,0,2,0,2,4,63,58,0,125,0,0,0,125
10/12/2004,SGF,MO,ACE,CE,Combined TRACON& Tower with Radar,17,86,64,5,172,0,0,0,0,0,17,86,64,5,172,0,0,0,172
10/13/2004,SGF,MO,ACE,CE,Combined TRACON& Tower with Radar,12,93,53,6,164,0,0,34,4,38,12,93,87,10,202,14,14,28,230
10/14/2004,SGF,MO,ACE,CE,Combined TRACON& Tower with Radar,14,91,62,7,174,0,0,9,0,9,14,91,71,7,183,4,0,4,187
10/15/2004,SGF,MO,ACE,CE,Combined TRACON& Tower with Radar,11,89,58,6,164,0,0,25,9,34,11,89,83,15,198,24,16,40,238
10/16/2004,SGF,MO,ACE,CE,Combined TRACON& Tower with Radar,12,65,27,12,116,0,0,50,0,50,12,65,77,12,166,38,12,50,216
10/17/2004,SGF,MO,ACE,CE,Combined TRACON& Tower with Radar,5,60,34,5,104,0,0,13,0,13,5,60,47,5,117,15,2,17,134
10/18/2004,SGF,MO,ACE,CE,Combined TRACON& Tower with Radar,5,80,46,9,140,0,0,6,5,11,5,80,52,14,151,6,0,6,157
10/19/2004,SGF,MO,ACE,CE,Combined TRACON& Tower with Radar,18,86,60,5,169,0,0,2,0,2,18,86,62,5,171,0,0,0,171
10/20/2004,SGF,MO,ACE,CE,Combined TRACON& Tower with Radar,12,98,78,4,192,0,2,7,3,12,12,100,85,7,204,0,6,6,210
10/21/2004,SGF,MO,ACE,CE,Combined TRACON& Tower with Radar,12,83,72,5,172,0,0,3,8,11,12,83,75,13,183,0,0,0,183
10/22/2004,SGF,MO,ACE,CE,Combined TRACON& Tower with Radar,17,84,57,2,160,0,0,2,3,5,17,84,59,5,165,16,0,16,181
10/23/2004,SGF,MO,ACE,CE,Combined TRACON& Tower with Radar,12,61,35,0,108,0,1,40,3,44,12,62,75,3,152,82,0,82,234
10/24/2004,SGF,MO,ACE,CE,Combined TRACON& Tower with Radar,4,56,41,0,101,1,0,45,0,46,5,56,86,0,147,10,0,10,157
10/25/2004,SGF,MO,ACE,CE,Combined TRACON& Tower with Radar,9,77,63,4,153,0,2,35,1,38,9,79,98,5,191,100,0,100,291
10/26/2004,SGF,MO,ACE,CE,Combined TRACON& Tower with Radar,15,87,59,4,165,0,4,0,0,4,15,91,59,4,169,0,0,0,169
10/27/2004,SGF,MO,ACE,CE,Combined TRACON& Tower with Radar,15,100,68,5,188,0,2,22,6,30,15,102,90,11,218,4,18,22,240
10/28/2004,SGF,MO,ACE,CE,Combined TRACON& Tower with Radar,11,94,67,8,180,0,1,13,5,19,11,95,80,13,199,26,2,28,227
10/29/2004,SGF,MO,ACE,CE,Combined TRACON& Tower with Radar,9,83,52,7,151,0,0,13,1,14,9,83,65,8,165,14,0,14,179
10/30/2004,SGF,MO,ACE,CE,Combined TRACON& Tower with Radar,18,65,39,2,124,1,0,72,0,73,19,65,111,2,197,90,0,90,287
10/31/2004,SGF,MO,ACE,CE,Combined TRACON& Tower with Radar,12,59,40,0,111,0,1,11,0,12,12,60,51,0,123,14,0,14,137
11/01/2004,SGF,MO,ACE,CE,Combined TRACON& Tower with Radar,9,75,42,2,128,0,2,0,2,4,9,77,42,4,132,0,0,0,132
11/02/2004,SGF,MO,ACE,CE,Combined TRACON& Tower with Radar,14,95,46,8,163,0,0,3,1,4,14,95,49,9,167,0,40,40,207
11/03/2004,SGF,MO,ACE,CE,Combined TRACON& Tower with Radar,19,93,42,7,161,0,8,0,0,8,19,101,42,7,169,0,0,0,169
11/04/2004,SGF,MO,ACE,CE,Combined TRACON& Tower with Radar,12,89,73,11,185,0,1,33,7,41,12,90,106,18,226,36,0,36,262
11/05/2004,SGF,MO,ACE,CE,Combined TRACON& Tower with Radar,9,103,52,11,175,0,0,69,0,69,9,103,121,11,244,32,52,84,328
11/06/2004,SGF,MO,ACE,CE,Combined TRACON& Tower with Radar,13,62,33,12,120,0,0,92,3,95,13,62,125,15,215,126,62,188,403
11/07/2004,SGF,MO,ACE,CE,Combined TRACON& Tower with Radar,6,67,36,0,109,0,0,58,2,60,6,67,94,2,169,14,0,14,183
11/08/2004,SGF,MO,ACE,CE,Combined TRACON& Tower with Radar,7,86,58,20,171,0,2,45,4,51,7,88,103,24,222,78,52,130,352
11/09/2004,SGF,MO,ACE,CE,Combined TRACON& Tower with Radar,15,89,53,9,166,0,0,30,10,40,15,89,83,19,206,104,0,104,310
11/10/2004,SGF,MO,ACE,CE,Combined TRACON& Tower with Radar,17,88,55,24,184,0,0,25,6,31,17,88,80,30,215,6,6,12,227
11/11/2004,SGF,MO,ACE,CE,Combined TRACON& Tower with Radar,13,74,45,0,132,0,0,0,0,0,13,74,45,0,132,0,0,0,132
11/12/2004,SGF,MO,ACE,CE,Combined TRACON& Tower with Radar,14,85,53,2,154,0,0,17,0,17,14,85,70,2,171,30,0,30,201
11/13/2004,SGF,MO,ACE,CE,Combined TRACON& Tower with Radar,15,69,32,0,116,0,1,59,0,60,15,70,91,0,176,78,0,78,254
11/14/2004,SGF,MO,ACE,CE,Combined TRACON& Tower with Radar,9,59,41,0,109,0,0,18,0,18,9,59,59,0,127,4,0,4,131
11/15/2004,SGF,MO,ACE,CE,Combined TRACON& Tower with Radar,7,75,43,7,132,0,2,36,0,38,7,77,79,7,170,70,0,70,240
11/16/2004,SGF,MO,ACE,CE,Combined TRACON& Tower with Radar,12,89,72,16,189,0,6,19,1,26,12,95,91,17,215,52,4,56,271
11/17/2004,SGF,MO,ACE,CE,Combined TRACON& Tower with Radar,9,93,55,26,183,0,0,21,4,25,9,93,76,30,208,0,38,38,246
11/18/2004,SGF,MO,ACE,CE,Combined TRACON& Tower with Radar,12,94,32,2,140,10,0,4,2,16,22,94,36,4,156,16,0,16,172
11/19/2004,SGF,MO,ACE,CE,Combined TRACON& Tower with Radar,9,89,53,12,163,0,2,5,1,8,9,91,58,13,171,1,12,13,184
11/20/2004,SGF,MO,ACE,CE,Combined TRACON& Tower with Radar,13,69,57,2,141,0,0,10,4,14,13,69,67,6,155,18,0,18,173
11/21/2004,SGF,MO,ACE,CE,Combined TRACON& Tower with Radar,5,63,39,3,110,0,0,3,1,4,5,63,42,4,114,0,0,0,114
11/22/2004,SGF,MO,ACE,CE,Combined TRACON& Tower with Radar,6,78,44,5,133,0,0,0,0,0,6,78,44,5,133,10,0,10,143
11/23/2004,SGF,MO,ACE,CE,Combined TRACON& Tower with Radar,16,91,62,4,173,2,0,1,2,5,18,91,63,6,178,0,0,0,178
11/24/2004,SGF,MO,ACE,CE,Combined TRACON& Tower with Radar,18,107,57,0,182,0,0,0,0,0,18,107,57,0,182,0,0,0,182
11/25/2004,SGF,MO,ACE,CE,Combined TRACON& Tower with Radar,9,54,16,0,79,1,1,27,0,29,10,55,43,0,108,14,0,14,122
11/26/2004,SGF,MO,ACE,CE,Combined TRACON& Tower with Radar,11,80,56,4,151,0,0,20,0,20,11,80,76,4,171,8,0,8,179
11/27/2004,SGF,MO,ACE,CE,Combined TRACON& Tower with Radar,7,72,23,0,102,3,7,0,1,11,10,79,23,1,113,22,1,23,136
11/28/2004,SGF,MO,ACE,CE,Combined TRACON& Tower with Radar,6,68,47,0,121,0,0,56,0,56,6,68,103,0,177,36,0,36,213
11/29/2004,SGF,MO,ACE,CE,Combined TRACON& Tower with Radar,7,74,42,3,126,0,0,0,0,0,7,74,42,3,126,0,0,0,126
11/30/2004,SGF,MO,ACE,CE,Combined TRACON& Tower with Radar,19,103,39,1,162,0,0,0,0,0,19,103,39,1,162,0,0,0,162
12/01/2004,SGF,MO,ACE,CE,Combined TRACON& Tower with Radar,15,90,46,12,163,0,0,39,5,44,15,90,85,17,207,36,8,44,251
12/02/2004,SGF,MO,ACE,CE,Combined TRACON& Tower with Radar,16,94,69,37,216,0,0,62,5,67,16,94,131,42,283,92,48,140,423
12/03/2004,SGF,MO,ACE,CE,Combined TRACON& Tower with Radar,17,91,36,16,160,0,0,48,5,53,17,91,84,21,213,80,16,96,309
12/04/2004,SGF,MO,ACE,CE,Combined TRACON& Tower with Radar,13,76,19,4,112,0,0,72,4,76,13,76,91,8,188,82,0,82,270
12/05/2004,SGF,MO,ACE,CE,Combined TRACON& Tower with Radar,5,65,32,2,104,0,0,1,0,1,5,65,33,2,105,0,0,0,105
12/06/2004,SGF,MO,ACE,CE,Combined TRACON& Tower with Radar,6,75,27,27,135,0,0,5,2,7,6,75,32,29,142,24,72,96,238
12/07/2004,SGF,MO,ACE,CE,Combined TRACON& Tower with Radar,18,91,58,18,185,0,1,0,0,1,18,92,58,18,186,22,26,48,234
12/08/2004,SGF,MO,ACE,CE,Combined TRACON& Tower with Radar,22,84,56,16,178,0,0,34,2,36,22,84,90,18,214,19,12,31,245
12/09/2004,SGF,MO,ACE,CE,Combined TRACON& Tower with Radar,13,88,54,43,198,0,5,39,5,49,13,93,93,48,247,36,52,88,335
12/10/2004,SGF,MO,ACE,CE,Combined TRACON& Tower with Radar,17,93,28,23,161,0,0,18,0,18,17,93,46,23,179,22,64,86,265
12/11/2004,SGF,MO,ACE,CE,Combined TRACON& Tower with Radar,14,63,36,1,114,0,0,22,0,22,14,63,58,1,136,104,0,104,240
12/12/2004,SGF,MO,ACE,CE,Combined TRACON& Tower with Radar,6,61,30,3,100,0,2,20,0,22,6,63,50,3,122,42,0,42,164
12/13/2004,SGF,MO,ACE,CE,Combined TRACON& Tower with Radar,5,76,40,13,134,0,2,11,6,19,5,78,51,19,153,22,64,86,239
12/14/2004,SGF,MO,ACE,CE,Combined TRACON& Tower with Radar,12,96,53,12,173,0,0,29,7,36,12,96,82,19,209,50,50,100,309
12/15/2004,SGF,MO,ACE,CE,Combined TRACON& Tower with Radar,25,90,47,7,169,0,0,27,10,37,25,90,74,17,206,10,0,10,216
12/16/2004,SGF,MO,ACE,CE,Combined TRACON& Tower with Radar,16,84,66,6,172,0,1,45,5,51,16,85,111,11,223,26,12,38,261
12/17/2004,SGF,MO,ACE,CE,Combined TRACON& Tower with Radar,20,93,31,18,162,0,0,31,5,36,20,93,62,23,198,72,30,102,300
12/18/2004,SGF,MO,ACE,CE,Combined TRACON& Tower with Radar,5,75,30,0,110,0,0,63,0,63,5,75,93,0,173,46,0,46,219
12/19/2004,SGF,MO,ACE,CE,Combined TRACON& Tower with Radar,6,59,23,1,89,0,0,8,0,8,6,59,31,1,97,0,0,0,97
12/20/2004,SGF,MO,ACE,CE,Combined TRACON& Tower with Radar,6,74,42,22,144,0,0,20,3,23,6,74,62,25,167,4,20,24,191
12/21/2004,SGF,MO,ACE,CE,Combined TRACON& Tower with Radar,20,100,57,16,193,0,0,43,1,44,20,100,100,17,237,8,36,44,281
12/22/2004,SGF,MO,ACE,CE,Combined TRACON& Tower with Radar,14,88,32,3,137,0,2,10,2,14,14,90,42,5,151,10,0,10,161
12/23/2004,SGF,MO,ACE,CE,Combined TRACON& Tower with Radar,8,76,31,7,122,0,0,16,5,21,8,76,47,12,143,6,0,6,149
12/24/2004,SGF,MO,ACE,CE,Combined TRACON& Tower with Radar,12,69,36,0,117,0,0,17,0,17,12,69,53,0,134,0,0,0,134
12/25/2004,SGF,MO,ACE,CE,Combined TRACON& Tower with Radar,4,47,11,0,62,0,2,10,74,86,4,49,21,74,148,0,0,0,148
12/26/2004,SGF,MO,ACE,CE,Combined TRACON& Tower with Radar,6,54,39,0,99,0,0,41,0,41,6,54,80,0,140,30,0,30,170
12/27/2004,SGF,MO,ACE,CE,Combined TRACON& Tower with Radar,9,71,48,2,130,0,0,25,0,25,9,71,73,2,155,52,0,52,207
12/28/2004,SGF,MO,ACE,CE,Combined TRACON& Tower with Radar,12,76,44,6,138,0,0,28,6,34,12,76,72,12,172,4,16,20,192
12/29/2004,SGF,MO,ACE,CE,Combined TRACON& Tower with Radar,12,86,44,9,151,0,0,44,6,50,12,86,88,15,201,44,26,70,271
12/30/2004,SGF,MO,ACE,CE,Combined TRACON& Tower with Radar,17,87,37,3,144,0,1,8,0,9,17,88,45,3,153,0,8,8,161
12/31/2004,SGF,MO,ACE,CE,Combined TRACON& Tower with Radar,11,85,38,0,134,0,1,30,0,31,11,86,68,0,165,74,0,74,239
01/01/2005,SGF,MO,ACE,CE,Combined TRACON& Tower with Radar,5,57,13,0,75,0,0,4,0,4,5,57,17,0,79,0,0,0,79
01/02/2005,SGF,MO,ACE,CE,Combined TRACON& Tower with Radar,9,55,44,0,108,0,0,3,0,3,9,55,47,0,111,0,0,0,111
01/03/2005,SGF,MO,ACE,CE,Combined TRACON& Tower with Radar,5,81,30,2,118,0,0,0,0,0,5,81,30,2,118,0,0,0,118
01/04/2005,SGF,MO,ACE,CE,Combined TRACON& Tower with Radar,21,83,19,2,125,0,0,0,0,0,21,83,19,2,125,0,0,0,125
01/05/2005,SGF,MO,ACE,CE,Combined TRACON& Tower with Radar,15,78,21,0,114,0,0,0,0,0,15,78,21,0,114,0,0,0,114
01/06/2005,SGF,MO,ACE,CE,Combined TRACON& Tower with Radar,12,97,37,10,156,1,0,0,0,1,13,97,37,10,157,0,0,0,157
01/07/2005,SGF,MO,ACE,CE,Combined TRACON& Tower with Radar,10,96,37,53,196,1,4,10,3,18,11,100,47,56,214,4,58,62,276
01/08/2005,SGF,MO,ACE,CE,Combined TRACON& Tower with Radar,11,70,30,17,128,0,0,5,0,5,11,70,35,17,133,0,0,0,133
01/09/2005,SGF,MO,ACE,CE,Combined TRACON& Tower with Radar,7,64,29,4,104,0,1,26,5,32,7,65,55,9,136,0,0,0,136
01/10/2005,SGF,MO,ACE,CE,Combined TRACON& Tower with Radar,3,85,42,2,132,0,0,2,0,2,3,85,44,2,134,0,0,0,134
01/11/2005,SGF,MO,ACE,CE,Combined TRACON& Tower with Radar,11,102,37,2,152,0,1,0,0,1,11,103,37,2,153,0,0,0,153
01/12/2005,SGF,MO,ACE,CE,Combined TRACON& Tower with Radar,12,81,49,2,144,0,0,3,3,6,12,81,52,5,150,0,0,0,150
01/13/2005,SGF,MO,ACE,CE,Combined TRACON& Tower with Radar,22,89,49,5,165,0,0,12,3,15,22,89,61,8,180,26,0,26,206
01/14/2005,SGF,MO,ACE,CE,Combined TRACON& Tower with Radar,13,93,75,15,196,0,8,25,7,40,13,101,100,22,236,84,0,84,320
01/15/2005,SGF,MO,ACE,CE,Combined TRACON& Tower with Radar,4,67,44,4,119,0,0,39,0,39,4,67,83,4,158,34,0,34,192
01/16/2005,SGF,MO,ACE,CE,Combined TRACON& Tower with Radar,12,54,27,7,100,0,0,22,0,22,12,54,49,7,122,10,0,10,132
01/17/2005,SGF,MO,ACE,CE,Combined TRACON& Tower with Radar,4,64,41,0,109,0,0,30,2,32,4,64,71,2,141,38,14,52,193
01/18/2005,SGF,MO,ACE,CE,Combined TRACON& Tower with Radar,16,88,52,17,173,0,3,29,1,33,16,91,81,18,206,0,54,54,260
01/19/2005,SGF,MO,ACE,CE,Combined TRACON& Tower with Radar,10,86,52,10,158,0,0,31,12,43,10,86,83,22,201,20,0,20,221
01/20/2005,SGF,MO,ACE,CE,Combined TRACON& Tower with Radar,11,90,39,14,154,0,2,34,2,38,11,92,73,16,192,24,50,74,266
01/21/2005,SGF,MO,ACE,CE,Combined TRACON& Tower with Radar,11,86,51,5,153,0,0,2,0,2,11,86,53,5,155,0,0,0,155
01/22/2005,SGF,MO,ACE,CE,Combined TRACON& Tower with Radar,7,53,12,1,73,0,0,8,0,8,7,53,20,1,81,0,0,0,81
01/23/2005,SGF,MO,ACE,CE,Combined TRACON& Tower with Radar,5,59,22,0,86,3,5,41,0,49,8,64,63,0,135,10,0,10,145
01/24/2005,SGF,MO,ACE,CE,Combined TRACON& Tower with Radar,6,80,48,3,137,0,6,55,5,66,6,86,103,8,203,52,0,52,255
01/25/2005,SGF,MO,ACE,CE,Combined TRACON& Tower with Radar,9,89,52,12,162,2,0,48,8,58,11,89,100,20,220,12,14,26,246
01/26/2005,SGF,MO,ACE,CE,Combined TRACON& Tower with Radar,15,78,65,3,161,0,0,20,0,20,15,78,85,3,181,36,0,36,217
01/27/2005,SGF,MO,ACE,CE,Combined TRACON& Tower with Radar,16,103,46,6,171,0,3,23,7,33,16,106,69,13,204,16,34,50,254
01/28/2005,SGF,MO,ACE,CE,Combined TRACON& Tower with Radar,11,79,37,5,132,0,0,7,7,14,11,79,44,12,146,0,0,0,146
01/29/2005,SGF,MO,ACE,CE,Combined TRACON& Tower with Radar,11,62,27,0,100,0,0,0,0,0,11,62,27,0,100,0,0,0,100
01/30/2005,SGF,MO,ACE,CE,Combined TRACON& Tower with Radar,2,65,29,0,96,0,0,1,0,1,2,65,30,0,97,0,0,0,97
01/31/2005,SGF,MO,ACE,CE,Combined TRACON& Tower with Radar,1,78,19,15,113,0,0,3,0,3,1,78,22,15,116,8,2,10,126
02/01/2005,SGF,MO,ACE,CE,Combined TRACON& Tower with Radar,8,92,64,12,176,0,3,9,2,14,8,95,73,14,190,40,32,72,262
02/02/2005,SGF,MO,ACE,CE,Combined TRACON& Tower with Radar,10,95,32,0,137,0,0,0,0,0,10,95,32,0,137,0,0,0,137
02/03/2005,SGF,MO,ACE,CE,Combined TRACON& Tower with Radar,15,83,57,45,200,0,0,12,2,14,15,83,69,47,214,5,8,13,227
02/04/2005,SGF,MO,ACE,CE,Combined TRACON& Tower with Radar,9,94,58,4,165,0,1,75,9,85,9,95,133,13,250,70,0,70,320
02/05/2005,SGF,MO,ACE,CE,Combined TRACON& Tower with Radar,7,71,55,0,133,0,0,54,9,63,7,71,109,9,196,48,2,50,246
02/06/2005,SGF,MO,ACE,CE,Combined TRACON& Tower with Radar,2,64,20,2,88,0,0,1,3,4,2,64,21,5,92,0,0,0,92
02/07/2005,SGF,MO,ACE,CE,Combined TRACON& Tower with Radar,0,21,15,0,36,79,0,0,0,79,79,21,15,0,115,0,0,0,115
02/08/2005,SGF,MO,ACE,CE,Combined TRACON& Tower with Radar,12,96,43,0,151,0,0,0,0,0,12,96,43,0,151,0,0,0,151
02/09/2005,SGF,MO,ACE,CE,Combined TRACON& Tower with Radar,10,97,56,14,177,0,0,7,6,13,10,97,63,20,190,4,26,30,220
02/10/2005,SGF,MO,ACE,CE,Combined TRACON& Tower with Radar,9,101,58,18,186,0,5,51,19,75,9,106,109,37,261,60,54,114,375
02/11/2005,SGF,MO,ACE,CE,Combined TRACON& Tower with Radar,8,93,90,12,203,0,1,51,3,55,8,94,141,15,258,104,0,104,362
02/12/2005,SGF,MO,ACE,CE,Combined TRACON& Tower with Radar,6,69,39,4,118,0,0,35,0,35,6,69,74,4,153,94,28,122,275
02/13/2005,SGF,MO,ACE,CE,Combined TRACON& Tower with Radar,1,59,29,2,91,0,1,3,0,4,1,60,32,2,95,6,0,6,101
02/14/2005,SGF,MO,ACE,CE,Combined TRACON& Tower with Radar,2,84,34,21,141,0,2,32,5,39,2,86,66,26,180,22,50,72,252
02/15/2005,SGF,MO,ACE,CE,Combined TRACON& Tower with Radar,10,94,52,17,173,0,0,38,1,39,10,94,90,18,212,18,40,58,270
02/16/2005,SGF,MO,ACE,CE,Combined TRACON& Tower with Radar,14,89,56,19,178,0,2,28,7,37,14,91,84,26,215,40,32,72,287
02/17/2005,SGF,MO,ACE,CE,Combined TRACON& Tower with Radar,13,84,45,9,151,0,5,63,15,83,13,89,108,24,234,86,14,100,334
02/18/2005,SGF,MO,ACE,CE,Combined TRACON& Tower with Radar,8,93,55,17,173,0,0,54,13,67,8,93,109,30,240,112,38,150,390
02/19/2005,SGF,MO,ACE,CE,Combined TRACON& Tower with Radar,9,72,28,2,111,0,2,1,0,3,9,74,29,2,114,24,0,24,138
02/20/2005,SGF,MO,ACE,CE,Combined TRACON& Tower with Radar,2,57,17,0,76,0,6,8,0,14,2,63,25,0,90,12,0,12,102
02/21/2005,SGF,MO,ACE,CE,Combined TRACON& Tower with Radar,1,72,53,0,126,0,0,18,0,18,1,72,71,0,144,14,0,14,158
02/22/2005,SGF,MO,ACE,CE,Combined TRACON& Tower with Radar,10,95,62,0,167,0,0,6,0,6,10,95,68,0,173,8,4,12,185
02/23/2005,SGF,MO,ACE,CE,Combined TRACON& Tower with Radar,15,99,54,4,172,0,0,0,2,2,15,99,54,6,174,0,0,0,174
02/24/2005,SGF,MO,ACE,CE,Combined TRACON& Tower with Radar,25,87,42,2,156,0,4,10,6,20,25,91,52,8,176,0,24,24,200
02/25/2005,SGF,MO,ACE,CE,Combined TRACON& Tower with Radar,8,95,61,10,174,0,0,53,3,56,8,95,114,13,230,42,0,42,272
02/26/2005,SGF,MO,ACE,CE,Combined TRACON& Tower with Radar,12,69,76,2,159,0,0,74,1,75,12,69,150,3,234,25,0,25,259
02/27/2005,SGF,MO,ACE,CE,Combined TRACON& Tower with Radar,1,68,40,0,109,0,6,21,0,27,1,74,61,0,136,28,0,28,164
02/28/2005,SGF,MO,ACE,CE,Combined TRACON& Tower with Radar,5,81,36,14,136,0,2,14,2,18,5,83,50,16,154,0,32,32,186
03/01/2005,SGF,MO,ACE,CE,Combined TRACON& Tower with Radar,12,95,65,45,217,0,0,45,5,50,12,95,110,50,267,8,52,60,327
03/02/2005,SGF,MO,ACE,CE,Combined TRACON& Tower with Radar,14,95,60,27,196,0,1,63,7,71,14,96,123,34,267,9,96,105,372
03/03/2005,SGF,MO,ACE,CE,Combined TRACON& Tower with Radar,9,87,63,18,177,0,5,30,11,46,9,92,93,29,223,30,36,66,289
03/04/2005,SGF,MO,ACE,CE,Combined TRACON& Tower with Radar,12,87,53,36,188,0,1,48,8,57,12,88,101,44,245,36,80,116,361
03/05/2005,SGF,MO,ACE,CE,Combined TRACON& Tower with Radar,3,86,53,4,146,0,6,85,3,94,3,92,138,7,240,124,0,124,364
03/06/2005,SGF,MO,ACE,CE,Combined TRACON& Tower with Radar,4,67,36,0,107,0,2,35,1,38,4,69,71,1,145,2,0,2,147
03/07/2005,SGF,MO,ACE,CE,Combined TRACON& Tower with Radar,4,82,39,13,138,0,1,7,4,12,4,83,46,17,150,0,24,24,174
03/08/2005,SGF,MO,ACE,CE,Combined TRACON& Tower with Radar,15,96,54,15,180,0,1,47,6,54,15,97,101,21,234,84,76,160,394
03/09/2005,SGF,MO,ACE,CE,Combined TRACON& Tower with Radar,9,98,49,15,171,0,0,37,3,40,9,98,86,18,211,10,2,12,223
03/10/2005,SGF,MO,ACE,CE,Combined TRACON& Tower with Radar,13,88,46,7,154,0,3,27,14,44,13,91,73,21,198,12,8,20,218
03/11/2005,SGF,MO,ACE,CE,Combined TRACON& Tower with Radar,16,87,60,3,166,1,0,31,3,35,17,87,91,6,201,2,0,2,203
03/12/2005,SGF,MO,ACE,CE,Combined TRACON& Tower with Radar,10,78,27,4,119,0,0,54,1,55,10,78,81,5,174,22,0,22,196
03/13/2005,SGF,MO,ACE,CE,Combined TRACON& Tower with Radar,1,71,35,0,107,0,3,20,0,23,1,74,55,0,130,0,0,0,130
03/14/2005,SGF,MO,ACE,CE,Combined TRACON& Tower with Radar,4,87,51,38,180,0,3,53,1,57,4,90,104,39,237,120,112,232,469
03/15/2005,SGF,MO,ACE,CE,Combined TRACON& Tower with Radar,12,96,36,12,156,0,0,12,2,14,12,96,48,14,170,28,4,32,202
03/16/2005,SGF,MO,ACE,CE,Combined TRACON& Tower with Radar,9,91,57,4,161,0,0,36,13,49,9,91,93,17,210,36,0,36,246
03/17/2005,SGF,MO,ACE,CE,Combined TRACON& Tower with Radar,13,89,64,23,189,0,3,53,14,70,13,92,117,37,259,34,38,72,331
03/18/2005,SGF,MO,ACE,CE,Combined TRACON& Tower with Radar,16,92,60,11,179,0,1,40,1,42,16,93,100,12,221,54,6,60,281
03/19/2005,SGF,MO,ACE,CE,Combined TRACON& Tower with Radar,10,75,54,3,142,0,0,67,0,67,10,75,121,3,209,24,0,24,233
03/20/2005,SGF,MO,ACE,CE,Combined TRACON& Tower with Radar,4,66,37,2,109,0,1,32,1,34,4,67,69,3,143,0,10,10,153
03/21/2005,SGF,MO,ACE,CE,Combined TRACON& Tower with Radar,2,81,42,15,140,0,0,8,1,9,2,81,50,16,149,31,16,47,196
03/22/2005,SGF,MO,ACE,CE,Combined TRACON& Tower with Radar,14,102,39,3,158,0,1,361,3,365,14,103,400,6,523,200,2,202,725
03/23/2005,SGF,MO,ACE,CE,Combined TRACON& Tower with Radar,8,105,60,3,176,3,0,0,1,4,11,105,60,4,180,4,0,4,184
03/24/2005,SGF,MO,ACE,CE,Combined TRACON& Tower with Radar,13,103,50,3,169,0,2,17,5,24,13,105,67,8,193,12,4,16,209
03/25/2005,SGF,MO,ACE,CE,Combined TRACON& Tower with Radar,10,103,33,0,146,0,1,1,0,2,10,104,34,0,148,0,0,0,148
03/26/2005,SGF,MO,ACE,CE,Combined TRACON& Tower with Radar,10,70,23,2,105,3,1,1,0,5,13,71,24,2,110,0,0,0,110
03/27/2005,SGF,MO,ACE,CE,Combined TRACON& Tower with Radar,0,68,19,2,89,0,0,0,0,0,0,68,19,2,89,0,0,0,89
03/28/2005,SGF,MO,ACE,CE,Combined TRACON& Tower with Radar,1,78,57,6,142,0,0,4,2,6,1,78,61,8,148,102,28,130,278
03/29/2005,SGF,MO,ACE,CE,Combined TRACON& Tower with Radar,9,93,56,16,174,0,6,21,14,41,9,99,77,30,215,0,0,0,215
03/30/2005,SGF,MO,ACE,CE,Combined TRACON& Tower with Radar,12,89,57,12,170,0,0,22,9,31,12,89,79,21,201,0,16,16,217
03/31/2005,SGF,MO,ACE,CE,Combined TRACON& Tower with Radar,13,83,98,15,209,0,7,27,9,43,13,90,125,24,252,36,18,54,306
04/01/2005,SGF,MO,ACE,CE,Combined TRACON& Tower with Radar,15,98,43,1,157,0,0,30,4,34,15,98,73,5,191,74,0,74,265
04/02/2005,SGF,MO,ACE,CE,Combined TRACON& Tower with Radar,14,73,49,3,139,0,0,80,0,80,14,73,129,3,219,26,0,26,245
04/03/2005,SGF,MO,ACE,CE,Combined TRACON& Tower with Radar,11,59,36,1,107,0,0,31,0,31,11,59,67,1,138,32,0,32,170
04/04/2005,SGF,MO,ACE,CE,Combined TRACON& Tower with Radar,5,92,34,15,146,0,0,38,3,41,5,92,72,18,187,32,42,74,261
04/05/2005,SGF,MO,ACE,CE,Combined TRACON& Tower with Radar,13,89,58,7,167,1,1,7,6,15,14,90,65,13,182,22,2,24,206
04/06/2005,SGF,MO,ACE,CE,Combined TRACON& Tower with Radar,26,84,49,9,168,0,0,3,0,3,26,84,52,9,171,24,52,76,247
04/07/2005,SGF,MO,ACE,CE,Combined TRACON& Tower with Radar,19,101,59,5,184,0,0,0,0,0,19,101,59,5,184,0,0,0,184
04/08/2005,SGF,MO,ACE,CE,Combined TRACON& Tower with Radar,20,78,45,6,149,0,0,49,16,65,20,78,94,22,214,88,24,112,326
04/09/2005,SGF,MO,ACE,CE,Combined TRACON& Tower with Radar,18,62,43,1,124,0,8,66,1,75,18,70,109,2,199,104,0,104,303
04/10/2005,SGF,MO,ACE,CE,Combined TRACON& Tower with Radar,5,57,28,2,92,0,1,19,6,26,5,58,47,8,118,6,0,6,124
04/11/2005,SGF,MO,ACE,CE,Combined TRACON& Tower with Radar,6,83,34,0,123,0,0,5,4,9,6,83,39,4,132,16,0,16,148
04/12/2005,SGF,MO,ACE,CE,Combined TRACON& Tower with Radar,22,87,66,19,194,0,0,5,5,10,22,87,71,24,204,0,0,0,204
04/13/2005,SGF,MO,ACE,CE,Combined TRACON& Tower with Radar,14,94,85,10,203,0,3,11,0,14,14,97,96,10,217,0,6,6,223
04/14/2005,SGF,MO,ACE,CE,Combined TRACON& Tower with Radar,19,92,71,15,197,0,0,89,2,91,19,92,160,17,288,76,80,156,444
04/15/2005,SGF,MO,ACE,CE,Combined TRACON& Tower with Radar,13,96,74,6,189,4,6,60,4,74,17,102,134,10,263,34,0,34,297
04/16/2005,SGF,MO,ACE,CE,Combined TRACON& Tower with Radar,14,67,47,0,128,0,0,40,0,40,14,67,87,0,168,66,0,66,234
04/17/2005,SGF,MO,ACE,CE,Combined TRACON& Tower with Radar,6,70,21,0,97,0,4,59,1,64,6,74,80,1,161,8,0,8,169
04/18/2005,SGF,MO,ACE,CE,Combined TRACON& Tower with Radar,4,79,43,16,142,0,0,21,0,21,4,79,64,16,163,76,0,76,239
04/19/2005,SGF,MO,ACE,CE,Combined TRACON& Tower with Radar,13,102,60,28,203,0,1,33,6,40,13,103,93,34,243,16,64,80,323
04/20/2005,SGF,MO,ACE,CE,Combined TRACON& Tower with Radar,17,96,57,7,177,0,2,30,6,38,17,98,87,13,215,48,14,62,277
04/21/2005,SGF,MO,ACE,CE,Combined TRACON& Tower with Radar,16,83,62,30,191,0,4,4,3,11,16,87,66,33,202,0,10,10,212
04/22/2005,SGF,MO,ACE,CE,Combined TRACON& Tower with Radar,13,96,74,6,189,0,0,14,2,16,13,96,88,8,205,0,0,0,205
04/23/2005,SGF,MO,ACE,CE,Combined TRACON& Tower with Radar,15,68,36,6,125,0,0,51,0,51,15,68,87,6,176,16,10,26,202
04/24/2005,SGF,MO,ACE,CE,Combined TRACON& Tower with Radar,9,63,38,0,110,0,0,41,0,41,9,63,79,0,151,15,0,15,166
04/25/2005,SGF,MO,ACE,CE,Combined TRACON& Tower with Radar,4,81,50,3,138,0,1,8,1,10,4,82,58,4,148,18,0,18,166
04/26/2005,SGF,MO,ACE,CE,Combined TRACON& Tower with Radar,13,101,70,3,187,0,0,26,12,38,13,101,96,15,225,42,2,44,269
04/27/2005,SGF,MO,ACE,CE,Combined TRACON& Tower with Radar,16,91,48,20,175,0,0,74,15,89,16,91,122,35,264,62,24,86,350
04/28/2005,SGF,MO,ACE,CE,Combined TRACON& Tower with Radar,19,85,52,9,165,0,0,16,8,24,19,85,68,17,189,80,0,80,269
04/29/2005,SGF,MO,ACE,CE,Combined TRACON& Tower with Radar,18,107,65,6,196,0,0,0,0,0,18,107,65,6,196,0,0,0,196
04/30/2005,SGF,MO,ACE,CE,Combined TRACON& Tower with Radar,13,65,37,0,115,0,0,64,0,64,13,65,101,0,179,80,0,80,259
05/01/2005,SGF,MO,ACE,CE,Combined TRACON& Tower with Radar,9,63,39,2,113,0,0,28,4,32,9,63,67,6,145,66,0,66,211
05/02/2005,SGF,MO,ACE,CE,Combined TRACON& Tower with Radar,6,93,50,13,162,0,1,42,10,53,6,94,92,23,215,58,0,58,273
05/03/2005,SGF,MO,ACE,CE,Combined TRACON& Tower with Radar,12,92,43,19,166,0,0,65,14,79,12,92,108,33,245,72,50,122,367
05/04/2005,SGF,MO,ACE,CE,Combined TRACON& Tower with Radar,12,103,65,4,184,0,4,62,5,71,12,107,127,9,255,58,2,60,315
05/05/2005,SGF,MO,ACE,CE,Combined TRACON& Tower with Radar,14,108,56,17,195,0,1,76,6,83,14,109,132,23,278,80,30,110,388
05/06/2005,SGF,MO,ACE,CE,Combined TRACON& Tower with Radar,18,91,67,10,186,0,1,60,1,62,18,92,127,11,248,32,22,54,302
05/07/2005,SGF,MO,ACE,CE,Combined TRACON& Tower with Radar,11,74,31,6,122,0,0,37,3,40,11,74,68,9,162,24,0,24,186
05/08/2005,SGF,MO,ACE,CE,Combined TRACON& Tower with Radar,4,73,21,2,100,0,2,27,0,29,4,75,48,2,129,2,0,2,131
05/09/2005,SGF,MO,ACE,CE,Combined TRACON& Tower with Radar,3,85,46,6,140,0,0,37,13,50,3,85,83,19,190,24,50,74,264
05/10/2005,SGF,MO,ACE,CE,Combined TRACON& Tower with Radar,12,114,65,2,193,0,2,21,6,29,12,116,86,8,222,16,0,16,238
05/11/2005,SGF,MO,ACE,CE,Combined TRACON& Tower with Radar,17,94,53,9,173,0,2,63,8,73,17,96,116,17,246,40,0,40,286
05/12/2005,SGF,MO,ACE,CE,Combined TRACON& Tower with Radar,23,94,70,11,198,0,0,39,3,42,23,94,109,14,240,34,4,38,278
05/13/2005,SGF,MO,ACE,CE,Combined TRACON& Tower with Radar,13,95,44,2,154,0,0,12,5,17,13,95,56,7,171,54,2,56,227
05/14/2005,SGF,MO,ACE,CE,Combined TRACON& Tower with Radar,13,74,22,4,113,0,0,39,0,39,13,74,61,4,152,48,0,48,200
05/15/2005,SGF,MO,ACE,CE,Combined TRACON& Tower with Radar,6,70,43,0,119,0,0,57,1,58,6,70,100,1,177,2,0,2,179
05/16/2005,SGF,MO,ACE,CE,Combined TRACON& Tower with Radar,2,86,72,7,167,0,2,49,5,56,2,88,121,12,223,100,0,100,323
05/17/2005,SGF,MO,ACE,CE,Combined TRACON& Tower with Radar,20,96,80,4,200,0,3,26,4,33,20,99,106,8,233,40,8,48,281
05/18/2005,SGF,MO,ACE,CE,Combined TRACON& Tower with Radar,8,94,46,7,155,0,4,34,8,46,8,98,80,15,201,54,38,92,293
05/19/2005,SGF,MO,ACE,CE,Combined TRACON& Tower with Radar,14,93,60,16,183,0,1,51,1,53,14,94,111,17,236,60,22,82,318
05/20/2005,SGF,MO,ACE,CE,Combined TRACON& Tower with Radar,9,95,64,9,177,1,8,66,4,79,10,103,130,13,256,10,54,64,320
05/21/2005,SGF,MO,ACE,CE,Combined TRACON& Tower with Radar,10,77,36,0,123,0,1,49,2,52,10,78,85,2,175,50,6,56,231
05/22/2005,SGF,MO,ACE,CE,Combined TRACON& Tower with Radar,5,73,26,0,104,0,2,27,0,29,5,75,53,0,133,0,0,0,133
05/23/2005,SGF,MO,ACE,CE,Combined TRACON& Tower with Radar,5,88,60,5,158,0,3,47,6,56,5,91,107,11,214,88,0,88,302
05/24/2005,SGF,MO,ACE,CE,Combined TRACON& Tower with Radar,9,94,59,11,173,0,1,30,7,38,9,95,89,18,211,8,14,22,233
05/25/2005,SGF,MO,ACE,CE,Combined TRACON& Tower with Radar,21,92,74,27,214,0,1,47,7,55,21,93,121,34,269,112,18,130,399
05/26/2005,SGF,MO,ACE,CE,Combined TRACON& Tower with Radar,14,92,45,18,169,0,0,48,11,59,14,92,93,29,228,116,28,144,372
05/27/2005,SGF,MO,ACE,CE,Combined TRACON& Tower with Radar,9,102,42,3,156,0,0,30,15,45,9,102,72,18,201,60,0,60,261
05/28/2005,SGF,MO,ACE,CE,Combined TRACON& Tower with Radar,13,77,32,0,122,0,5,43,2,50,13,82,75,2,172,10,0,10,182
05/29/2005,SGF,MO,ACE,CE,Combined TRACON& Tower with Radar,6,70,20,0,96,0,4,29,0,33,6,74,49,0,129,0,0,0,129
05/30/2005,SGF,MO,ACE,CE,Combined TRACON& Tower with Radar,2,70,35,0,107,0,1,71,0,72,2,71,106,0,179,88,0,88,267
05/31/2005,SGF,MO,ACE,CE,Combined TRACON& Tower with Radar,9,86,45,16,156,0,6,28,5,39,9,92,73,21,195,0,0,0,195
06/01/2005,SGF,MO,ACE,CE,Combined TRACON& Tower with Radar,15,95,69,16,195,0,9,41,7,57,15,104,110,23,252,50,22,72,324
06/02/2005,SGF,MO,ACE,CE,Combined TRACON& Tower with Radar,18,91,63,26,198,1,1,62,9,73,19,92,125,35,271,130,32,162,433
06/03/2005,SGF,MO,ACE,CE,Combined TRACON& Tower with Radar,14,91,49,3,157,0,0,34,5,39,14,91,83,8,196,10,22,32,228
06/04/2005,SGF,MO,ACE,CE,Combined TRACON& Tower with Radar,18,65,34,1,118,0,0,43,8,51,18,65,77,9,169,88,0,88,257
06/05/2005,SGF,MO,ACE,CE,Combined TRACON& Tower with Radar,10,68,39,0,117,0,0,19,2,21,10,68,58,2,138,34,0,34,172
06/06/2005,SGF,MO,ACE,CE,Combined TRACON& Tower with Radar,5,92,43,11,151,0,0,33,4,37,5,92,76,15,188,40,2,42,230
06/07/2005,SGF,MO,ACE,CE,Combined TRACON& Tower with Radar,13,92,58,3,166,0,0,26,13,39,13,92,84,16,205,24,0,24,229
06/08/2005,SGF,MO,ACE,CE,Combined TRACON& Tower with Radar,21,103,59,11,194,0,1,29,5,35,21,104,88,16,229,84,8,92,321
06/09/2005,SGF,MO,ACE,CE,Combined TRACON& Tower with Radar,17,91,79,11,198,3,3,34,1,41,20,94,113,12,239,114,6,120,359
06/10/2005,SGF,MO,ACE,CE,Combined TRACON& Tower with Radar,22,82,48,9,161,1,3,35,0,39,23,85,83,9,200,56,0,56,256
06/11/2005,SGF,MO,ACE,CE,Combined TRACON& Tower with Radar,23,66,50,1,140,0,1,23,0,24,23,67,73,1,164,24,0,24,188
06/12/2005,SGF,MO,ACE,CE,Combined TRACON& Tower with Radar,9,63,41,2,115,0,1,28,3,32,9,64,69,5,147,30,0,30,177
06/13/2005,SGF,MO,ACE,CE,Combined TRACON& Tower with Radar,7,82,58,7,154,0,0,17,3,20,7,82,75,10,174,26,8,34,208
06/14/2005,SGF,MO,ACE,CE,Combined TRACON& Tower with Radar,18,92,40,20,170,0,0,60,9,69,18,92,100,29,239,14,8,22,261
06/15/2005,SGF,MO,ACE,CE,Combined TRACON& Tower with Radar,20,94,67,8,189,0,0,64,5,69,20,94,131,13,258,146,0,146,404
06/16/2005,SGF,MO,ACE,CE,Combined TRACON& Tower with Radar,25,88,59,15,187,0,0,48,6,54,25,88,107,21,241,82,10,92,333
06/17/2005,SGF,MO,ACE,CE,Combined TRACON& Tower with Radar,28,71,40,15,154,0,0,46,5,51,28,71,86,20,205,68,24,92,297
06/18/2005,SGF,MO,ACE,CE,Combined TRACON& Tower with Radar,20,69,33,3,125,1,1,48,0,50,21,70,81,3,175,88,0,88,263
06/19/2005,SGF,MO,ACE,CE,Combined TRACON& Tower with Radar,6,75,40,0,121,0,4,27,0,31,6,79,67,0,152,43,0,43,195
06/20/2005,SGF,MO,ACE,CE,Combined TRACON& Tower with Radar,12,79,54,11,156,0,2,53,4,59,12,81,107,15,215,38,2,40,255
06/21/2005,SGF,MO,ACE,CE,Combined TRACON& Tower with Radar,15,81,54,2,152,0,0,41,13,54,15,81,95,15,206,70,0,70,276
06/22/2005,SGF,MO,ACE,CE,Combined TRACON& Tower with Radar,16,95,58,24,193,0,0,62,10,72,16,95,120,34,265,52,4,56,321
06/23/2005,SGF,MO,ACE,CE,Combined TRACON& Tower with Radar,18,80,65,8,171,0,6,61,12,79,18,86,126,20,250,114,92,206,456
06/24/2005,SGF,MO,ACE,CE,Combined TRACON& Tower with Radar,26,96,58,9,189,0,0,83,3,86,26,96,141,12,275,80,0,80,355
06/25/2005,SGF,MO,ACE,CE,Combined TRACON& Tower with Radar,18,74,37,0,129,0,1,67,2,70,18,75,104,2,199,74,0,74,273
06/26/2005,SGF,MO,ACE,CE,Combined TRACON& Tower with Radar,9,60,43,0,112,0,0,15,0,15,9,60,58,0,127,8,0,8,135
06/27/2005,SGF,MO,ACE,CE,Combined TRACON& Tower with Radar,14,81,38,13,146,1,2,23,1,27,15,83,61,14,173,40,12,52,225
06/28/2005,SGF,MO,ACE,CE,Combined TRACON& Tower with Radar,24,82,84,20,210,0,0,37,16,53,24,82,121,36,263,202,4,206,469
06/29/2005,SGF,MO,ACE,CE,Combined TRACON& Tower with Radar,16,84,59,22,181,0,2,53,13,68,16,86,112,35,249,86,2,88,337
06/30/2005,SGF,MO,ACE,CE,Combined TRACON& Tower with Radar,19,90,55,10,174,0,0,41,3,44,19,90,96,13,218,42,0,42,260
07/01/2005,SGF,MO,ACE,CE,Combined TRACON& Tower with Radar,23,81,60,0,164,0,0,37,17,54,23,81,97,17,218,70,0,70,288
07/02/2005,SGF,MO,ACE,CE,Combined TRACON& Tower with Radar,23,71,32,0,126,0,0,59,1,60,23,71,91,1,186,12,0,12,198
07/03/2005,SGF,MO,ACE,CE,Combined TRACON& Tower with Radar,5,64,18,0,87,0,3,28,0,31,5,67,46,0,118,12,0,12,130
07/04/2005,SGF,MO,ACE,CE,Combined TRACON& Tower with Radar,4,60,30,0,94,0,2,49,4,55,4,62,79,4,149,54,0,54,203
07/05/2005,SGF,MO,ACE,CE,Combined TRACON& Tower with Radar,14,74,69,25,182,0,0,45,9,54,14,74,114,34,236,52,16,68,304
07/06/2005,SGF,MO,ACE,CE,Combined TRACON& Tower with Radar,11,86,34,17,148,0,4,38,10,52,11,90,72,27,200,86,44,130,330
07/07/2005,SGF,MO,ACE,CE,Combined TRACON& Tower with Radar,16,89,56,3,164,0,2,65,4,71,16,91,121,7,235,110,24,134,369
07/08/2005,SGF,MO,ACE,CE,Combined TRACON& Tower with Radar,24,81,51,3,159,0,0,65,8,73,24,81,116,11,232,96,24,120,352
07/09/2005,SGF,MO,ACE,CE,Combined TRACON& Tower with Radar,24,56,29,1,110,0,8,47,5,60,24,64,76,6,170,26,0,26,196
07/10/2005,SGF,MO,ACE,CE,Combined TRACON& Tower with Radar,8,66,35,0,109,0,0,37,1,38,8,66,72,1,147,6,0,6,153
07/11/2005,SGF,MO,ACE,CE,Combined TRACON& Tower with Radar,10,82,34,5,131,0,2,22,0,24,10,84,56,5,155,64,2,66,221
07/12/2005,SGF,MO,ACE,CE,Combined TRACON& Tower with Radar,20,81,56,2,159,0,2,20,4,26,20,83,76,6,185,40,0,40,225
07/13/2005,SGF,MO,ACE,CE,Combined TRACON& Tower with Radar,17,92,66,21,196,0,3,41,2,46,17,95,107,23,242,68,26,94,336
07/14/2005,SGF,MO,ACE,CE,Combined TRACON& Tower with Radar,23,82,67,8,180,0,5,52,5,62,23,87,119,13,242,112,0,112,354
07/15/2005,SGF,MO,ACE,CE,Combined TRACON& Tower with Radar,21,83,72,20,196,0,2,55,15,72,21,85,127,35,268,84,48,132,400
07/16/2005,SGF,MO,ACE,CE,Combined TRACON& Tower with Radar,26,63,35,10,134,1,7,59,1,68,27,70,94,11,202,166,8,174,376
07/17/2005,SGF,MO,ACE,CE,Combined TRACON& Tower with Radar,8,68,26,0,102,0,4,27,1,32,8,72,53,1,134,8,0,8,142
07/18/2005,SGF,MO,ACE,CE,Combined TRACON& Tower with Radar,11,77,47,17,152,1,1,24,8,34,12,78,71,25,186,40,12,52,238
07/19/2005,SGF,MO,ACE,CE,Combined TRACON& Tower with Radar,25,93,57,3,178,1,8,9,3,21,26,101,66,6,199,24,0,24,223
07/20/2005,SGF,MO,ACE,CE,Combined TRACON& Tower with Radar,12,89,48,15,164,0,2,59,13,74,12,91,107,28,238,92,2,94,332
07/21/2005,SGF,MO,ACE,CE,Combined TRACON& Tower with Radar,20,91,69,5,185,0,0,62,5,67,20,91,131,10,252,142,0,142,394
07/22/2005,SGF,MO,ACE,CE,Combined TRACON& Tower with Radar,26,75,68,9,178,0,0,70,7,77,26,75,138,16,255,22,0,22,277
07/23/2005,SGF,MO,ACE,CE,Combined TRACON& Tower with Radar,9,72,25,0,106,0,0,55,1,56,9,72,80,1,162,6,0,6,168
07/24/2005,SGF,MO,ACE,CE,Combined TRACON& Tower with Radar,9,77,42,0,128,0,0,23,0,23,9,77,65,0,151,60,0,60,211
07/25/2005,SGF,MO,ACE,CE,Combined TRACON& Tower with Radar,9,82,41,7,139,0,0,50,4,54,9,82,91,11,193,16,16,32,225
07/26/2005,SGF,MO,ACE,CE,Combined TRACON& Tower with Radar,23,88,57,19,187,0,1,33,6,40,23,89,90,25,227,36,0,36,263
07/27/2005,SGF,MO,ACE,CE,Combined TRACON& Tower with Radar,12,97,92,3,204,0,2,53,4,59,12,99,145,7,263,44,0,44,307
07/28/2005,SGF,MO,ACE,CE,Combined TRACON& Tower with Radar,27,79,88,0,194,1,7,93,4,105,28,86,181,4,299,66,0,66,365
07/29/2005,SGF,MO,ACE,CE,Combined TRACON& Tower with Radar,24,95,50,21,190,0,0,75,8,83,24,95,125,29,273,8,18,26,299
07/30/2005,SGF,MO,ACE,CE,Combined TRACON& Tower with Radar,17,72,40,0,129,0,4,69,6,79,17,76,109,6,208,59,4,63,271
07/31/2005,SGF,MO,ACE,CE,Combined TRACON& Tower with Radar,8,63,38,1,110,0,6,65,4,75,8,69,103,5,185,10,20,30,215
08/01/2005,SGF,MO,ACE,CE,Combined TRACON& Tower with Radar,9,87,48,14,158,0,0,46,8,54,9,87,94,22,212,16,20,36,248
08/02/2005,SGF,MO,ACE,CE,Combined TRACON& Tower with Radar,17,94,55,16,182,0,0,46,7,53,17,94,101,23,235,24,30,54,289
08/03/2005,SGF,MO,ACE,CE,Combined TRACON& Tower with Radar,13,78,57,40,188,0,2,44,9,55,13,80,101,49,243,42,19,61,304
08/04/2005,SGF,MO,ACE,CE,Combined TRACON& Tower with Radar,24,83,67,6,180,0,2,41,6,49,24,85,108,12,229,92,22,114,343
08/05/2005,SGF,MO,ACE,CE,Combined TRACON& Tower with Radar,37,76,60,0,173,0,0,32,0,32,37,76,92,0,205,50,0,50,255
08/06/2005,SGF,MO,ACE,CE,Combined TRACON& Tower with Radar,15,69,37,3,124,0,2,50,7,59,15,71,87,10,183,64,0,64,247
08/07/2005,SGF,MO,ACE,CE,Combined TRACON& Tower with Radar,7,72,33,0,112,0,5,41,3,49,7,77,74,3,161,8,0,8,169
08/08/2005,SGF,MO,ACE,CE,Combined TRACON& Tower with Radar,9,83,52,2,146,0,0,46,10,56,9,83,98,12,202,86,0,86,288
08/09/2005,SGF,MO,ACE,CE,Combined TRACON& Tower with Radar,17,95,44,2,158,0,3,40,5,48,17,98,84,7,206,80,10,90,296
08/10/2005,SGF,MO,ACE,CE,Combined TRACON& Tower with Radar,15,91,43,13,162,0,0,48,17,65,15,91,91,30,227,76,14,90,317
08/11/2005,SGF,MO,ACE,CE,Combined TRACON& Tower with Radar,15,88,59,19,181,0,0,55,7,62,15,88,114,26,243,38,0,38,281
08/12/2005,SGF,MO,ACE,CE,Combined TRACON& Tower with Radar,22,97,38,0,157,4,7,48,3,62,26,104,86,3,219,30,0,30,249
08/13/2005,SGF,MO,ACE,CE,Combined TRACON& Tower with Radar,10,73,19,2,104,0,8,25,5,38,10,81,44,7,142,40,0,40,182
08/14/2005,SGF,MO,ACE,CE,Combined TRACON& Tower with Radar,4,64,25,0,93,0,0,14,0,14,4,64,39,0,107,16,0,16,123
08/15/2005,SGF,MO,ACE,CE,Combined TRACON& Tower with Radar,8,88,59,0,155,0,0,5,0,5,8,88,64,0,160,6,0,6,166
08/16/2005,SGF,MO,ACE,CE,Combined TRACON& Tower with Radar,14,86,57,0,157,0,1,22,3,26,14,87,79,3,183,4,10,14,197
08/17/2005,SGF,MO,ACE,CE,Combined TRACON& Tower with Radar,17,90,90,3,200,0,1,18,8,27,17,91,108,11,227,18,4,22,249
08/18/2005,SGF,MO,ACE,CE,Combined TRACON& Tower with Radar,24,87,40,16,167,0,3,31,16,50,24,90,71,32,217,40,0,40,257
08/19/2005,SGF,MO,ACE,CE,Combined TRACON& Tower with Radar,27,79,54,13,173,2,4,36,9,51,29,83,90,22,224,82,0,82,306
08/20/2005,SGF,MO,ACE,CE,Combined TRACON& Tower with Radar,7,71,39,4,121,0,0,22,0,22,7,71,61,4,143,34,0,34,177
08/21/2005,SGF,MO,ACE,CE,Combined TRACON& Tower with Radar,18,58,32,0,108,0,2,27,0,29,18,60,59,0,137,60,0,60,197
08/22/2005,SGF,MO,ACE,CE,Combined TRACON& Tower with Radar,12,82,33,7,134,0,3,48,2,53,12,85,81,9,187,88,6,94,281
08/23/2005,SGF,MO,ACE,CE,Combined TRACON& Tower with Radar,27,72,45,32,176,0,0,10,12,22,27,72,55,44,198,28,20,48,246
08/24/2005,SGF,MO,ACE,CE,Combined TRACON& Tower with Radar,16,88,68,11,183,0,0,33,8,41,16,88,101,19,224,28,0,28,252
08/25/2005,SGF,MO,ACE,CE,Combined TRACON& Tower with Radar,27,85,48,29,189,0,0,35,16,51,27,85,83,45,240,24,0,24,264
08/26/2005,SGF,MO,ACE,CE,Combined TRACON& Tower with Radar,34,92,48,5,179,0,10,27,8,45,34,102,75,13,224,32,0,32,256
08/27/2005,SGF,MO,ACE,CE,Combined TRACON& Tower with Radar,15,65,43,5,128,0,0,59,5,64,15,65,102,10,192,86,12,98,290
08/28/2005,SGF,MO,ACE,CE,Combined TRACON& Tower with Radar,13,62,33,0,108,0,3,65,6,74,13,65,98,6,182,36,0,36,218
08/29/2005,SGF,MO,ACE,CE,Combined TRACON& Tower with Radar,8,85,40,7,140,0,1,32,3,36,8,86,72,10,176,4,2,6,182
08/30/2005,SGF,MO,ACE,CE,Combined TRACON& Tower with Radar,26,82,43,8,159,0,0,44,13,57,26,82,87,21,216,62,0,62,278
08/31/2005,SGF,MO,ACE,CE,Combined TRACON& Tower with Radar,16,86,51,0,153,0,3,67,7,77,16,89,118,7,230,64,0,64,294
09/01/2005,SGF,MO,ACE,CE,Combined TRACON& Tower with Radar,17,83,46,18,164,15,0,51,3,69,32,83,97,21,233,52,0,52,285
09/02/2005,SGF,MO,ACE,CE,Combined TRACON& Tower with Radar,17,94,40,8,159,0,0,40,2,42,17,94,80,10,201,44,0,44,245
09/03/2005,SGF,MO,ACE,CE,Combined TRACON& Tower with Radar,13,68,45,4,130,1,7,37,0,45,14,75,82,4,175,40,6,46,221
09/04/2005,SGF,MO,ACE,CE,Combined TRACON& Tower with Radar,8,50,23,6,87,0,0,35,0,35,8,50,58,6,122,26,0,26,148
09/05/2005,SGF,MO,ACE,CE,Combined TRACON& Tower with Radar,5,71,41,3,120,0,9,46,0,55,5,80,87,3,175,6,0,6,181
09/06/2005,SGF,MO,ACE,CE,Combined TRACON& Tower with Radar,7,87,49,16,159,0,3,40,4,47,7,90,89,20,206,72,20,92,298
09/07/2005,SGF,MO,ACE,CE,Combined TRACON& Tower with Radar,15,93,61,10,179,0,2,39,7,48,15,95,100,17,227,22,22,44,271
09/08/2005,SGF,MO,ACE,CE,Combined TRACON& Tower with Radar,30,84,54,1,169,0,13,46,4,63,30,97,100,5,232,38,6,44,276
09/09/2005,SGF,MO,ACE,CE,Combined TRACON& Tower with Radar,28,94,66,6,194,2,0,59,3,64,30,94,125,9,258,48,0,48,306
09/10/2005,SGF,MO,ACE,CE,Combined TRACON& Tower with Radar,20,56,32,0,108,2,1,70,2,75,22,57,102,2,183,36,0,36,219
09/11/2005,SGF,MO,ACE,CE,Combined TRACON& Tower with Radar,8,67,35,3,113,0,2,33,0,35,8,69,68,3,148,18,0,18,166
09/12/2005,SGF,MO,ACE,CE,Combined TRACON& Tower with Radar,7,84,46,9,146,0,0,31,6,37,7,84,77,15,183,18,44,62,245
09/13/2005,SGF,MO,ACE,CE,Combined TRACON& Tower with Radar,12,91,40,1,144,0,4,34,9,47,12,95,74,10,191,18,0,18,209
09/14/2005,SGF,MO,ACE,CE,Combined TRACON& Tower with Radar,17,89,74,2,182,7,1,0,2,10,24,90,74,4,192,0,0,0,192
09/15/2005,SGF,MO,ACE,CE,Combined TRACON& Tower with Radar,20,78,40,7,145,0,0,15,5,20,20,78,55,12,165,8,16,24,189
09/16/2005,SGF,MO,ACE,CE,Combined TRACON& Tower with Radar,15,98,60,14,187,0,0,8,4,12,15,98,68,18,199,14,0,14,213
09/17/2005,SGF,MO,ACE,CE,Combined TRACON& Tower with Radar,21,59,40,28,148,0,0,59,3,62,21,59,99,31,210,68,0,68,278
09/18/2005,SGF,MO,ACE,CE,Combined TRACON& Tower with Radar,6,69,30,3,108,0,0,18,3,21,6,69,48,6,129,0,0,0,129
09/19/2005,SGF,MO,ACE,CE,Combined TRACON& Tower with Radar,7,77,50,6,140,0,0,20,0,20,7,77,70,6,160,2,0,2,162
09/20/2005,SGF,MO,ACE,CE,Combined TRACON& Tower with Radar,18,87,44,8,157,0,4,32,0,36,18,91,76,8,193,106,0,106,299
09/21/2005,SGF,MO,ACE,CE,Combined TRACON& Tower with Radar,24,79,57,4,164,0,1,49,3,53,24,80,106,7,217,60,0,60,277
09/22/2005,SGF,MO,ACE,CE,Combined TRACON& Tower with Radar,22,76,47,31,176,0,0,45,5,50,22,76,92,36,226,4,6,10,236
09/23/2005,SGF,MO,ACE,CE,Combined TRACON& Tower with Radar,22,85,52,11,170,0,2,19,4,25,22,87,71,15,195,36,0,36,231
09/24/2005,SGF,MO,ACE,CE,Combined TRACON& Tower with Radar,10,70,52,0,132,0,0,75,3,78,10,70,127,3,210,82,0,82,292
09/25/2005,SGF,MO,ACE,CE,Combined TRACON& Tower with Radar,13,61,37,1,112,0,0,11,0,11,13,61,48,1,123,0,0,0,123
09/26/2005,SGF,MO,ACE,CE,Combined TRACON& Tower with Radar,9,82,40,16,147,0,0,13,4,17,9,82,53,20,164,20,0,20,184
09/27/2005,SGF,MO,ACE,CE,Combined TRACON& Tower with Radar,21,86,91,6,204,0,2,10,3,15,21,88,101,9,219,32,0,32,251
09/28/2005,SGF,MO,ACE,CE,Combined TRACON& Tower with Radar,16,81,63,2,162,0,1,11,4,16,16,82,74,6,178,6,0,6,184
09/29/2005,SGF,MO,ACE,CE,Combined TRACON& Tower with Radar,20,89,61,17,187,0,0,63,7,70,20,89,124,24,257,18,10,28,285
09/30/2005,SGF,MO,ACE,CE,Combined TRACON& Tower with Radar,27,87,49,4,167,0,3,59,3,65,27,90,108,7,232,84,2,86,318
10/01/2005,SGF,MO,ACE,CE,Combined TRACON& Tower with Radar,15,58,26,1,100,0,0,44,3,47,15,58,70,4,147,48,22,70,217
10/02/2005,SGF,MO,ACE,CE,Combined TRACON& Tower with Radar,10,55,48,3,116,0,4,43,0,47,10,59,91,3,163,28,0,28,191
10/03/2005,SGF,MO,ACE,CE,Combined TRACON& Tower with Radar,9,85,55,12,161,0,8,29,3,40,9,93,84,15,201,14,74,88,289
10/04/2005,SGF,MO,ACE,CE,Combined TRACON& Tower with Radar,19,81,58,0,158,0,6,40,1,47,19,87,98,1,205,36,0,36,241
10/05/2005,SGF,MO,ACE,CE,Combined TRACON& Tower with Radar,17,72,46,2,137,0,2,38,6,46,17,74,84,8,183,24,0,24,207
10/06/2005,SGF,MO,ACE,CE,Combined TRACON& Tower with Radar,24,80,66,3,173,0,1,50,4,55,24,81,116,7,228,0,0,0,228
10/07/2005,SGF,MO,ACE,CE,Combined TRACON& Tower with Radar,29,74,56,1,160,0,2,26,10,38,29,76,82,11,198,24,0,24,222
10/08/2005,SGF,MO,ACE,CE,Combined TRACON& Tower with Radar,14,58,49,0,121,0,2,52,3,57,14,60,101,3,178,18,0,18,196
10/09/2005,SGF,MO,ACE,CE,Combined TRACON& Tower with Radar,7,57,40,0,104,0,5,57,9,71,7,62,97,9,175,8,0,8,183
10/10/2005,SGF,MO,ACE,CE,Combined TRACON& Tower with Radar,10,64,31,0,105,0,5,33,0,38,10,69,64,0,143,42,0,42,185
10/11/2005,SGF,MO,ACE,CE,Combined TRACON& Tower with Radar,17,77,77,33,204,1,0,31,7,39,18,77,108,40,243,20,0,20,263
10/12/2005,SGF,MO,ACE,CE,Combined TRACON& Tower with Radar,19,79,72,13,183,0,9,51,16,76,19,88,123,29,259,38,12,50,309
10/13/2005,SGF,MO,ACE,CE,Combined TRACON& Tower with Radar,19,68,62,6,155,0,1,52,6,59,19,69,114,12,214,6,0,6,220
10/14/2005,SGF,MO,ACE,CE,Combined TRACON& Tower with Radar,29,64,37,7,137,6,8,36,0,50,35,72,73,7,187,187,20,207,394
10/15/2005,SGF,MO,ACE,CE,Combined TRACON& Tower with Radar,27,55,42,0,124,0,5,83,6,94,27,60,125,6,218,48,0,48,266
10/16/2005,SGF,MO,ACE,CE,Combined TRACON& Tower with Radar,10,58,32,2,102,0,0,38,5,43,10,58,70,7,145,30,0,30,175
10/17/2005,SGF,MO,ACE,CE,Combined TRACON& Tower with Radar,7,68,45,3,123,0,0,31,15,46,7,68,76,18,169,12,0,12,181
10/18/2005,SGF,MO,ACE,CE,Combined TRACON& Tower with Radar,18,76,61,13,168,0,1,53,5,59,18,77,114,18,227,20,18,38,265
10/19/2005,SGF,MO,ACE,CE,Combined TRACON& Tower with Radar,18,88,60,5,171,0,2,43,9,54,18,90,103,14,225,8,0,8,233
10/20/2005,SGF,MO,ACE,CE,Combined TRACON& Tower with Radar,21,73,73,0,167,0,3,18,2,23,21,76,91,2,190,10,0,10,200
10/21/2005,SGF,MO,ACE,CE,Combined TRACON& Tower with Radar,33,66,72,6,177,4,0,0,1,5,37,66,72,7,182,0,0,0,182
10/22/2005,SGF,MO,ACE,CE,Combined TRACON& Tower with Radar,18,62,49,0,129,2,2,53,1,58,20,64,102,1,187,36,0,36,223
10/23/2005,SGF,MO,ACE,CE,Combined TRACON& Tower with Radar,15,49,29,0,93,0,0,23,3,26,15,49,52,3,119,10,0,10,129
10/24/2005,SGF,MO,ACE,CE,Combined TRACON& Tower with Radar,8,74,48,28,158,0,0,13,0,13,8,74,61,28,171,0,22,22,193
10/25/2005,SGF,MO,ACE,CE,Combined TRACON& Tower with Radar,20,71,62,11,164,0,2,39,6,47,20,73,101,17,211,42,10,52,263
10/26/2005,SGF,MO,ACE,CE,Combined TRACON& Tower with Radar,19,74,56,9,158,0,10,54,11,75,19,84,110,20,233,20,0,20,253
10/27/2005,SGF,MO,ACE,CE,Combined TRACON& Tower with Radar,24,65,46,3,138,0,0,47,15,62,24,65,93,18,200,38,0,38,238
10/28/2005,SGF,MO,ACE,CE,Combined TRACON& Tower with Radar,24,65,69,2,160,0,0,64,3,67,24,65,133,5,227,60,0,60,287
10/29/2005,SGF,MO,ACE,CE,Combined TRACON& Tower with Radar,20,51,31,1,103,1,1,71,0,73,21,52,102,1,176,52,0,52,228
10/30/2005,SGF,MO,ACE,CE,Combined TRACON& Tower with Radar,7,60,45,0,112,0,10,30,1,41,7,70,75,1,153,0,0,0,153
10/31/2005,SGF,MO,ACE,CE,Combined TRACON& Tower with Radar,7,62,38,8,115,0,0,4,0,4,7,62,42,8,119,0,0,0,119
11/01/2005,SGF,MO,ACE,CE,Combined TRACON& Tower with Radar,22,74,60,6,162,0,1,42,2,45,22,75,102,8,207,12,80,92,299
11/02/2005,SGF,MO,ACE,CE,Combined TRACON& Tower with Radar,18,75,61,4,158,0,4,41,1,46,18,79,102,5,204,34,0,34,238
11/03/2005,SGF,MO,ACE,CE,Combined TRACON& Tower with Radar,21,72,64,3,160,0,2,28,5,35,21,74,92,8,195,16,0,16,211
11/04/2005,SGF,MO,ACE,CE,Combined TRACON& Tower with Radar,27,74,69,21,191,0,2,64,2,68,27,76,133,23,259,106,40,146,405
11/05/2005,SGF,MO,ACE,CE,Combined TRACON& Tower with Radar,19,56,42,4,121,0,1,41,0,42,19,57,83,4,163,16,0,16,179
11/06/2005,SGF,MO,ACE,CE,Combined TRACON& Tower with Radar,8,57,36,10,111,0,0,56,10,66,8,57,92,20,177,66,48,114,291
11/07/2005,SGF,MO,ACE,CE,Combined TRACON& Tower with Radar,7,76,25,4,112,0,1,46,10,57,7,77,71,14,169,16,0,16,185
11/08/2005,SGF,MO,ACE,CE,Combined TRACON& Tower with Radar,20,76,55,20,171,4,1,12,10,27,24,77,67,30,198,28,40,68,266
11/09/2005,SGF,MO,ACE,CE,Combined TRACON& Tower with Radar,21,82,68,16,187,0,5,19,3,27,21,87,87,19,214,22,36,58,272
11/10/2005,SGF,MO,ACE,CE,Combined TRACON& Tower with Radar,18,78,58,8,162,0,0,61,3,64,18,78,119,11,226,12,16,28,254
11/11/2005,SGF,MO,ACE,CE,Combined TRACON& Tower with Radar,25,62,44,2,133,0,0,46,1,47,25,62,90,3,180,2,0,2,182
11/12/2005,SGF,MO,ACE,CE,Combined TRACON& Tower with Radar,21,55,35,0,111,0,13,5,0,18,21,68,40,0,129,12,0,12,141
11/13/2005,SGF,MO,ACE,CE,Combined TRACON& Tower with Radar,9,57,28,2,96,0,2,41,1,44,9,59,69,3,140,28,0,28,168
11/14/2005,SGF,MO,ACE,CE,Combined TRACON& Tower with Radar,12,74,49,18,153,0,2,11,4,17,12,76,60,22,170,22,16,38,208
11/15/2005,SGF,MO,ACE,CE,Combined TRACON& Tower with Radar,22,75,28,1,126,0,0,6,0,6,22,75,34,1,132,0,14,14,146
11/16/2005,SGF,MO,ACE,CE,Combined TRACON& Tower with Radar,17,84,45,0,146,0,0,15,17,32,17,84,60,17,178,4,0,4,182
11/17/2005,SGF,MO,ACE,CE,Combined TRACON& Tower with Radar,23,72,63,9,167,4,0,35,10,49,27,72,98,19,216,8,0,8,224
11/18/2005,SGF,MO,ACE,CE,Combined TRACON& Tower with Radar,26,89,45,9,169,6,3,52,10,71,32,92,97,19,240,0,14,14,254
11/19/2005,SGF,MO,ACE,CE,Combined TRACON& Tower with Radar,19,47,34,0,100,0,0,55,0,55,19,47,89,0,155,30,0,30,185
11/20/2005,SGF,MO,ACE,CE,Combined TRACON& Tower with Radar,6,64,28,0,98,0,0,3,0,3,6,64,31,0,101,0,0,0,101
11/21/2005,SGF,MO,ACE,CE,Combined TRACON& Tower with Radar,8,86,40,10,144,0,0,46,8,54,8,86,86,18,198,44,8,52,250
11/22/2005,SGF,MO,ACE,CE,Combined TRACON& Tower with Radar,19,91,55,8,173,0,3,52,5,60,19,94,107,13,233,38,2,40,273
11/23/2005,SGF,MO,ACE,CE,Combined TRACON& Tower with Radar,26,81,31,10,148,0,0,45,3,48,26,81,76,13,196,10,38,48,244
11/24/2005,SGF,MO,ACE,CE,Combined TRACON& Tower with Radar,6,54,10,0,70,0,2,19,0,21,6,56,29,0,91,4,0,4,95
11/25/2005,SGF,MO,ACE,CE,Combined TRACON& Tower with Radar,13,64,31,0,108,0,3,32,0,35,13,67,63,0,143,30,0,30,173
11/26/2005,SGF,MO,ACE,CE,Combined TRACON& Tower with Radar,8,67,50,0,125,0,0,16,0,16,8,67,66,0,141,36,0,36,177
11/27/2005,SGF,MO,ACE,CE,Combined TRACON& Tower with Radar,9,54,35,0,98,0,2,6,0,8,9,56,41,0,106,2,0,2,108
11/28/2005,SGF,MO,ACE,CE,Combined TRACON& Tower with Radar,5,87,30,0,122,0,4,8,0,12,5,91,38,0,134,2,0,2,136
11/29/2005,SGF,MO,ACE,CE,Combined TRACON& Tower with Radar,17,90,59,3,169,0,5,28,7,40,17,95,87,10,209,20,0,20,229
11/30/2005,SGF,MO,ACE,CE,Combined TRACON& Tower with Radar,21,82,62,0,165,0,0,41,3,44,21,82,103,3,209,32,4,36,245
12/01/2005,SGF,MO,ACE,CE,Combined TRACON& Tower with Radar,20,84,52,12,168,0,2,23,15,40,20,86,75,27,208,54,8,62,270
12/02/2005,SGF,MO,ACE,CE,Combined TRACON& Tower with Radar,18,85,52,7,162,10,3,43,2,58,28,88,95,9,220,16,16,32,252
12/03/2005,SGF,MO,ACE,CE,Combined TRACON& Tower with Radar,16,53,21,5,95,0,5,15,4,24,16,58,36,9,119,44,0,44,163
12/04/2005,SGF,MO,ACE,CE,Combined TRACON& Tower with Radar,10,59,26,3,98,0,5,24,0,29,10,64,50,3,127,20,0,20,147
12/05/2005,SGF,MO,ACE,CE,Combined TRACON& Tower with Radar,6,75,36,3,120,0,0,17,4,21,6,75,53,7,141,0,28,28,169
12/06/2005,SGF,MO,ACE,CE,Combined TRACON& Tower with Radar,17,91,46,2,156,0,0,26,15,41,17,91,72,17,197,10,0,10,207
12/07/2005,SGF,MO,ACE,CE,Combined TRACON& Tower with Radar,22,80,37,26,165,0,1,15,8,24,22,81,52,34,189,18,12,30,219
12/08/2005,SGF,MO,ACE,CE,Combined TRACON& Tower with Radar,18,90,30,0,138,0,1,3,6,10,18,91,33,6,148,0,0,0,148
12/09/2005,SGF,MO,ACE,CE,Combined TRACON& Tower with Radar,20,77,31,4,132,0,3,39,5,47,20,80,70,9,179,18,0,18,197
12/10/2005,SGF,MO,ACE,CE,Combined TRACON& Tower with Radar,9,69,15,2,95,0,0,47,5,52,9,69,62,7,147,34,0,34,181
12/11/2005,SGF,MO,ACE,CE,Combined TRACON& Tower with Radar,7,62,12,0,81,0,4,31,6,41,7,66,43,6,122,8,0,8,130
12/12/2005,SGF,MO,ACE,CE,Combined TRACON& Tower with Radar,7,85,44,2,138,0,3,38,2,43,7,88,82,4,181,16,0,16,197
12/13/2005,SGF,MO,ACE,CE,Combined TRACON& Tower with Radar,19,83,47,0,149,0,3,37,13,53,19,86,84,13,202,0,0,0,202
12/14/2005,SGF,MO,ACE,CE,Combined TRACON& Tower with Radar,17,78,44,27,166,0,0,14,10,24,17,78,58,37,190,2,8,10,200
12/15/2005,SGF,MO,ACE,CE,Combined TRACON& Tower with Radar,21,84,54,10,169,0,3,44,11,58,21,87,98,21,227,24,20,44,271
12/16/2005,SGF,MO,ACE,CE,Combined TRACON& Tower with Radar,20,88,41,4,153,0,1,56,2,59,20,89,97,6,212,40,0,40,252
12/17/2005,SGF,MO,ACE,CE,Combined TRACON& Tower with Radar,16,66,25,0,107,0,3,17,0,20,16,69,42,0,127,48,0,48,175
12/18/2005,SGF,MO,ACE,CE,Combined TRACON& Tower with Radar,3,74,11,0,88,0,3,4,0,7,3,77,15,0,95,0,0,0,95
12/19/2005,SGF,MO,ACE,CE,Combined TRACON& Tower with Radar,7,79,49,12,147,0,0,16,6,22,7,79,65,18,169,0,0,0,169
12/20/2005,SGF,MO,ACE,CE,Combined TRACON& Tower with Radar,16,90,37,3,146,0,1,1,5,7,16,91,38,8,153,0,0,0,153
12/21/2005,SGF,MO,ACE,CE,Combined TRACON& Tower with Radar,28,77,45,14,164,1,0,36,4,41,29,77,81,18,205,12,8,20,225
12/22/2005,SGF,MO,ACE,CE,Combined TRACON& Tower with Radar,19,91,44,10,164,0,0,57,5,62,19,91,101,15,226,46,10,56,282
12/23/2005,SGF,MO,ACE,CE,Combined TRACON& Tower with Radar,17,85,23,0,125,0,2,47,0,49,17,87,70,0,174,50,0,50,224
12/24/2005,SGF,MO,ACE,CE,Combined TRACON& Tower with Radar,15,55,15,0,85,0,2,0,0,2,15,57,15,0,87,0,0,0,87
12/25/2005,SGF,MO,ACE,CE,Combined TRACON& Tower with Radar,5,51,12,0,68,0,0,1,0,1,5,51,13,0,69,0,0,0,69
12/26/2005,SGF,MO,ACE,CE,Combined TRACON& Tower with Radar,4,69,33,0,106,0,4,54,0,58,4,73,87,0,164,24,0,24,188
12/27/2005,SGF,MO,ACE,CE,Combined TRACON& Tower with Radar,3,86,39,0,128,0,0,32,0,32,3,86,71,0,160,26,0,26,186
12/28/2005,SGF,MO,ACE,CE,Combined TRACON& Tower with Radar,15,82,48,3,148,1,0,6,0,7,16,82,54,3,155,0,0,0,155
12/29/2005,SGF,MO,ACE,CE,Combined TRACON& Tower with Radar,19,93,43,14,169,0,0,34,0,34,19,93,77,14,203,12,0,12,215
12/30/2005,SGF,MO,ACE,CE,Combined TRACON& Tower with Radar,16,80,26,0,122,0,4,29,0,33,16,84,55,0,155,74,0,74,229
12/31/2005,SGF,MO,ACE,CE,Combined TRACON& Tower with Radar,17,56,18,2,93,0,10,69,0,79,17,66,87,2,172,20,0,20,192
01/01/2006,SGF,MO,ACE,CE,Combined TRACON& Tower with Radar,4,61,17,0,82,0,10,21,0,31,4,71,38,0,113,0,0,0,113
01/02/2006,SGF,MO,ACE,CE,Combined TRACON& Tower with Radar,2,63,33,0,98,0,2,2,0,4,2,65,35,0,102,0,0,0,102
01/03/2006,SGF,MO,ACE,CE,Combined TRACON& Tower with Radar,3,91,47,16,157,0,6,32,5,43,3,97,79,21,200,40,17,57,257
01/04/2006,SGF,MO,ACE,CE,Combined TRACON& Tower with Radar,12,86,28,7,133,0,0,27,6,33,12,86,55,13,166,28,0,28,194
01/05/2006,SGF,MO,ACE,CE,Combined TRACON& Tower with Radar,13,86,46,14,159,0,0,28,8,36,13,86,74,22,195,38,4,42,237
01/06/2006,SGF,MO,ACE,CE,Combined TRACON& Tower with Radar,17,83,57,17,174,0,0,51,7,58,17,83,108,24,232,38,16,54,286
01/07/2006,SGF,MO,ACE,CE,Combined TRACON& Tower with Radar,15,59,29,2,105,0,2,64,8,74,15,61,93,10,179,62,0,62,241
01/08/2006,SGF,MO,ACE,CE,Combined TRACON& Tower with Radar,3,59,35,2,99,0,6,23,0,29,3,65,58,2,128,0,0,0,128
01/09/2006,SGF,MO,ACE,CE,Combined TRACON& Tower with Radar,5,80,25,18,128,0,2,12,5,19,5,82,37,23,147,20,4,24,171
01/10/2006,SGF,MO,ACE,CE,Combined TRACON& Tower with Radar,16,90,52,5,163,0,0,0,0,0,16,90,52,5,163,0,0,0,163
01/11/2006,SGF,MO,ACE,CE,Combined TRACON& Tower with Radar,13,80,65,14,172,0,0,46,4,50,13,80,111,18,222,16,10,26,248
01/12/2006,SGF,MO,ACE,CE,Combined TRACON& Tower with Radar,15,86,53,20,174,0,0,35,4,39,15,86,88,24,213,40,38,78,291
01/13/2006,SGF,MO,ACE,CE,Combined TRACON& Tower with Radar,13,78,33,5,129,0,1,12,1,14,13,79,45,6,143,0,48,48,191
01/14/2006,SGF,MO,ACE,CE,Combined TRACON& Tower with Radar,17,55,23,0,95,0,3,73,0,76,17,58,96,0,171,64,0,64,235
01/15/2006,SGF,MO,ACE,CE,Combined TRACON& Tower with Radar,2,59,17,0,78,0,3,25,0,28,2,62,42,0,106,24,0,24,130
01/16/2006,SGF,MO,ACE,CE,Combined TRACON& Tower with Radar,4,63,34,0,101,0,0,34,0,34,4,63,68,0,135,24,0,24,159
01/17/2006,SGF,MO,ACE,CE,Combined TRACON& Tower with Radar,23,69,54,7,153,0,2,16,2,20,23,71,70,9,173,0,0,0,173
01/18/2006,SGF,MO,ACE,CE,Combined TRACON& Tower with Radar,15,81,48,19,163,0,3,42,8,53,15,84,90,27,216,16,18,34,250
01/19/2006,SGF,MO,ACE,CE,Combined TRACON& Tower with Radar,15,93,36,12,156,0,2,35,1,38,15,95,71,13,194,34,22,56,250
01/20/2006,SGF,MO,ACE,CE,Combined TRACON& Tower with Radar,17,78,32,8,135,2,6,7,7,22,19,84,39,15,157,54,0,54,211
01/21/2006,SGF,MO,ACE,CE,Combined TRACON& Tower with Radar,14,77,34,3,128,0,2,43,0,45,14,79,77,3,173,84,0,84,257
01/22/2006,SGF,MO,ACE,CE,Combined TRACON& Tower with Radar,2,63,36,2,103,0,0,19,0,19,2,63,55,2,122,26,0,26,148
01/23/2006,SGF,MO,ACE,CE,Combined TRACON& Tower with Radar,4,82,35,18,139,0,0,16,0,16,4,82,51,18,155,0,0,0,155
01/24/2006,SGF,MO,ACE,CE,Combined TRACON& Tower with Radar,12,91,49,12,164,0,5,50,7,62,12,96,99,19,226,18,6,24,250
01/25/2006,SGF,MO,ACE,CE,Combined TRACON& Tower with Radar,16,83,62,15,176,0,0,63,7,70,16,83,125,22,246,18,32,50,296
01/26/2006,SGF,MO,ACE,CE,Combined TRACON& Tower with Radar,19,79,59,2,159,0,0,33,1,34,19,79,92,3,193,10,0,10,203
01/27/2006,SGF,MO,ACE,CE,Combined TRACON& Tower with Radar,16,78,65,0,159,0,4,38,7,49,16,82,103,7,208,4,0,4,212
01/28/2006,SGF,MO,ACE,CE,Combined TRACON& Tower with Radar,13,63,26,0,102,0,0,0,0,0,13,63,26,0,102,0,0,0,102
01/29/2006,SGF,MO,ACE,CE,Combined TRACON& Tower with Radar,4,68,29,0,101,0,1,47,0,48,4,69,76,0,149,12,0,12,161
01/30/2006,SGF,MO,ACE,CE,Combined TRACON& Tower with Radar,5,78,33,12,128,0,0,24,0,24,5,78,57,12,152,10,10,20,172
01/31/2006,SGF,MO,ACE,CE,Combined TRACON& Tower with Radar,11,86,46,9,152,0,0,56,15,71,11,86,102,24,223,72,12,84,307
02/01/2006,SGF,MO,ACE,CE,Combined TRACON& Tower with Radar,19,72,55,26,172,0,0,36,9,45,19,72,91,35,217,38,18,56,273
02/02/2006,SGF,MO,ACE,CE,Combined TRACON& Tower with Radar,10,87,59,11,167,0,4,32,2,38,10,91,91,13,205,36,8,44,249
02/03/2006,SGF,MO,ACE,CE,Combined TRACON& Tower with Radar,16,82,64,18,180,0,5,49,4,58,16,87,113,22,238,60,30,90,328
02/04/2006,SGF,MO,ACE,CE,Combined TRACON& Tower with Radar,18,55,31,1,105,0,1,50,7,58,18,56,81,8,163,84,0,84,247
02/05/2006,SGF,MO,ACE,CE,Combined TRACON& Tower with Radar,4,63,17,1,85,0,1,42,0,43,4,64,59,1,128,20,0,20,148
02/06/2006,SGF,MO,ACE,CE,Combined TRACON& Tower with Radar,2,75,47,16,140,18,15,24,3,60,20,90,71,19,200,8,0,8,208
02/07/2006,SGF,MO,ACE,CE,Combined TRACON& Tower with Radar,12,87,49,21,169,1,9,30,3,43,13,96,79,24,212,30,18,48,260
02/08/2006,SGF,MO,ACE,CE,Combined TRACON& Tower with Radar,14,83,43,19,159,0,3,12,7,22,14,86,55,26,181,8,10,18,199
02/09/2006,SGF,MO,ACE,CE,Combined TRACON& Tower with Radar,18,82,54,1,155,0,2,51,3,56,18,84,105,4,211,10,0,10,221
02/10/2006,SGF,MO,ACE,CE,Combined TRACON& Tower with Radar,14,78,50,4,146,0,4,28,2,34,14,82,78,6,180,16,0,16,196
02/11/2006,SGF,MO,ACE,CE,Combined TRACON& Tower with Radar,9,58,43,1,111,0,0,9,0,9,9,58,52,1,120,0,0,0,120
02/12/2006,SGF,MO,ACE,CE,Combined TRACON& Tower with Radar,2,69,43,0,114,0,1,37,0,38,2,70,80,0,152,10,0,10,162
02/13/2006,SGF,MO,ACE,CE,Combined TRACON& Tower with Radar,2,81,32,6,121,0,0,34,5,39,2,81,66,11,160,22,10,32,192
02/14/2006,SGF,MO,ACE,CE,Combined TRACON& Tower with Radar,14,82,41,3,140,0,9,32,3,44,14,91,73,6,184,46,6,52,236
02/15/2006,SGF,MO,ACE,CE,Combined TRACON& Tower with Radar,13,69,47,33,162,0,0,10,4,14,13,69,57,37,176,36,60,96,272
02/16/2006,SGF,MO,ACE,CE,Combined TRACON& Tower with Radar,14,81,49,2,146,0,0,7,0,7,14,81,56,2,153,0,0,0,153
02/17/2006,SGF,MO,ACE,CE,Combined TRACON& Tower with Radar,13,81,40,7,141,0,1,29,2,32,13,82,69,9,173,58,20,78,251
02/18/2006,SGF,MO,ACE,CE,Combined TRACON& Tower with Radar,14,57,15,1,87,0,0,14,0,14,14,57,29,1,101,0,0,0,101
02/19/2006,SGF,MO,ACE,CE,Combined TRACON& Tower with Radar,5,56,20,0,81,0,4,6,0,10,5,60,26,0,91,0,0,0,91
02/20/2006,SGF,MO,ACE,CE,Combined TRACON& Tower with Radar,1,63,42,0,106,0,1,9,0,10,1,64,51,0,116,6,0,6,122
02/21/2006,SGF,MO,ACE,CE,Combined TRACON& Tower with Radar,1,4,2,0,7,0,0,0,0,0,1,4,2,0,7,6,26,32,39
02/22/2006,SGF,MO,ACE,CE,Combined TRACON& Tower with Radar,15,88,50,30,183,0,3,33,8,44,15,91,83,38,227,52,14,66,293
02/23/2006,SGF,MO,ACE,CE,Combined TRACON& Tower with Radar,13,80,69,1,163,0,0,47,4,51,13,80,116,5,214,88,0,88,302
02/24/2006,SGF,MO,ACE,CE,Combined TRACON& Tower with Radar,20,76,36,7,139,0,0,50,10,60,20,76,86,17,199,32,24,56,255
02/25/2006,SGF,MO,ACE,CE,Combined TRACON& Tower with Radar,14,60,31,0,105,0,0,53,2,55,14,60,84,2,160,28,0,28,188
02/26/2006,SGF,MO,ACE,CE,Combined TRACON& Tower with Radar,4,63,33,2,102,0,2,64,1,67,4,65,97,3,169,14,0,14,183
02/27/2006,SGF,MO,ACE,CE,Combined TRACON& Tower with Radar,3,93,37,2,135,0,0,32,9,41,3,93,69,11,176,0,0,0,176
02/28/2006,SGF,MO,ACE,CE,Combined TRACON& Tower with Radar,11,78,56,13,158,0,13,45,6,64,11,91,101,19,222,138,28,166,388
03/01/2006,SGF,MO,ACE,CE,Combined TRACON& Tower with Radar,20,78,53,18,169,0,3,43,7,53,20,81,96,25,222,20,28,48,270
03/02/2006,SGF,MO,ACE,CE,Combined TRACON& Tower with Radar,15,82,52,30,179,0,0,45,5,50,15,82,97,35,229,60,18,78,307
03/03/2006,SGF,MO,ACE,CE,Combined TRACON& Tower with Radar,15,72,36,2,125,0,0,73,4,77,15,72,109,6,202,64,0,64,266
03/04/2006,SGF,MO,ACE,CE,Combined TRACON& Tower with Radar,13,63,18,2,96,0,1,20,4,25,13,64,38,6,121,30,0,30,151
03/05/2006,SGF,MO,ACE,CE,Combined TRACON& Tower with Radar,4,60,26,3,93,0,3,22,2,27,4,63,48,5,120,40,0,40,160
03/06/2006,SGF,MO,ACE,CE,Combined TRACON& Tower with Radar,5,78,59,7,149,0,1,57,1,59,5,79,116,8,208,60,4,64,272
03/07/2006,SGF,MO,ACE,CE,Combined TRACON& Tower with Radar,12,91,59,21,183,0,0,28,8,36,12,91,87,29,219,60,36,96,315
03/08/2006,SGF,MO,ACE,CE,Combined TRACON& Tower with Radar,13,90,88,4,195,0,0,12,2,14,13,90,100,6,209,20,6,26,235
03/09/2006,SGF,MO,ACE,CE,Combined TRACON& Tower with Radar,0,0,3,0,3,0,0,0,0,0,0,0,3,0,3,4,0,4,7
03/10/2006,SGF,MO,ACE,CE,Combined TRACON& Tower with Radar,17,80,68,19,184,0,1,64,0,65,17,81,132,19,249,54,0,54,303
03/11/2006,SGF,MO,ACE,CE,Combined TRACON& Tower with Radar,14,65,41,1,121,0,0,0,0,0,14,65,41,1,121,6,0,6,127
03/12/2006,SGF,MO,ACE,CE,Combined TRACON& Tower with Radar,3,59,23,4,89,0,0,4,0,4,3,59,27,4,93,0,0,0,93
03/13/2006,SGF,MO,ACE,CE,Combined TRACON& Tower with Radar,3,81,37,26,147,0,0,24,3,27,3,81,61,29,174,14,28,42,216
03/14/2006,SGF,MO,ACE,CE,Combined TRACON& Tower with Radar,12,83,61,21,177,0,3,64,7,74,12,86,125,28,251,26,20,46,297
03/15/2006,SGF,MO,ACE,CE,Combined TRACON& Tower with Radar,13,93,63,16,185,0,6,61,3,70,13,99,124,19,255,20,30,50,305
03/16/2006,SGF,MO,ACE,CE,Combined TRACON& Tower with Radar,21,86,53,16,176,0,6,55,6,67,21,92,108,22,243,42,12,54,297
03/17/2006,SGF,MO,ACE,CE,Combined TRACON& Tower with Radar,12,79,70,7,168,0,0,18,2,20,12,79,88,9,188,38,0,38,226
03/18/2006,SGF,MO,ACE,CE,Combined TRACON& Tower with Radar,13,63,38,4,118,0,1,29,0,30,13,64,67,4,148,38,0,38,186
03/19/2006,SGF,MO,ACE,CE,Combined TRACON& Tower with Radar,3,64,22,0,89,0,0,7,0,7,3,64,29,0,96,0,0,0,96
03/20/2006,SGF,MO,ACE,CE,Combined TRACON& Tower with Radar,7,66,25,24,122,0,0,0,0,0,7,66,25,24,122,0,0,0,122
03/21/2006,SGF,MO,ACE,CE,Combined TRACON& Tower with Radar,13,94,23,5,135,0,0,0,0,0,13,94,23,5,135,0,0,0,135
03/22/2006,SGF,MO,ACE,CE,Combined TRACON& Tower with Radar,23,68,70,18,179,0,0,30,2,32,23,68,100,20,211,48,4,52,263
03/23/2006,SGF,MO,ACE,CE,Combined TRACON& Tower with Radar,13,88,69,3,173,0,2,28,1,31,13,90,97,4,204,36,6,42,246
03/24/2006,SGF,MO,ACE,CE,Combined TRACON& Tower with Radar,15,85,43,26,169,0,0,45,4,49,15,85,88,30,218,40,42,82,300
03/25/2006,SGF,MO,ACE,CE,Combined TRACON& Tower with Radar,9,63,40,8,120,0,3,71,2,76,9,66,111,10,196,96,6,102,298
03/26/2006,SGF,MO,ACE,CE,Combined TRACON& Tower with Radar,6,64,43,0,113,0,0,50,0,50,6,64,93,0,163,46,0,46,209
03/27/2006,SGF,MO,ACE,CE,Combined TRACON& Tower with Radar,3,87,44,15,149,0,0,24,0,24,3,87,68,15,173,18,0,18,191
03/28/2006,SGF,MO,ACE,CE,Combined TRACON& Tower with Radar,11,76,51,32,170,0,7,44,4,55,11,83,95,36,225,70,36,106,331
03/29/2006,SGF,MO,ACE,CE,Combined TRACON& Tower with Radar,14,81,59,7,161,0,2,39,12,53,14,83,98,19,214,38,6,44,258
03/30/2006,SGF,MO,ACE,CE,Combined TRACON& Tower with Radar,24,78,51,1,154,0,4,9,7,20,24,82,60,8,174,0,0,0,174
03/31/2006,SGF,MO,ACE,CE,Combined TRACON& Tower with Radar,17,77,62,12,168,0,4,45,4,53,17,81,107,16,221,50,1,51,272
04/01/2006,SGF,MO,ACE,CE,Combined TRACON& Tower with Radar,17,60,56,9,142,0,4,80,2,86,17,64,136,11,228,110,24,134,362
04/02/2006,SGF,MO,ACE,CE,Combined TRACON& Tower with Radar,1,67,19,2,89,0,4,10,2,16,1,71,29,4,105,12,0,12,117
04/03/2006,SGF,MO,ACE,CE,Combined TRACON& Tower with Radar,3,76,61,17,157,0,0,26,4,30,3,76,87,21,187,24,14,38,225
04/04/2006,SGF,MO,ACE,CE,Combined TRACON& Tower with Radar,13,82,49,4,148,0,1,60,3,64,13,83,109,7,212,84,0,84,296
04/05/2006,SGF,MO,ACE,CE,Combined TRACON& Tower with Radar,14,82,57,21,174,0,0,24,11,35,14,82,81,32,209,30,8,38,247
04/06/2006,SGF,MO,ACE,CE,Combined TRACON& Tower with Radar,18,85,38,1,142,0,0,0,0,0,18,85,38,1,142,30,2,32,174
04/07/2006,SGF,MO,ACE,CE,Combined TRACON& Tower with Radar,15,83,65,3,166,0,0,0,0,0,15,83,65,3,166,60,6,66,232
04/08/2006,SGF,MO,ACE,CE,Combined TRACON& Tower with Radar,14,66,40,4,124,0,5,49,10,64,14,71,89,14,188,68,0,68,256
04/09/2006,SGF,MO,ACE,CE,Combined TRACON& Tower with Radar,4,65,33,1,103,0,4,62,1,67,4,69,95,2,170,2,0,2,172
04/10/2006,SGF,MO,ACE,CE,Combined TRACON& Tower with Radar,2,91,38,6,137,0,6,33,0,39,2,97,71,6,176,72,0,72,248
04/11/2006,SGF,MO,ACE,CE,Combined TRACON& Tower with Radar,12,83,43,5,143,0,1,28,6,35,12,84,71,11,178,2,0,2,180
04/12/2006,SGF,MO,ACE,CE,Combined TRACON& Tower with Radar,15,97,81,6,199,0,2,53,6,61,15,99,134,12,260,38,4,42,302
04/13/2006,SGF,MO,ACE,CE,Combined TRACON& Tower with Radar,15,85,55,5,160,0,7,56,2,65,15,92,111,7,225,132,0,132,357
04/14/2006,SGF,MO,ACE,CE,Combined TRACON& Tower with Radar,14,83,51,0,148,0,5,77,5,87,14,88,128,5,235,62,0,62,297
04/15/2006,SGF,MO,ACE,CE,Combined TRACON& Tower with Radar,11,64,27,0,102,0,2,22,0,24,11,66,49,0,126,18,144,162,288
04/16/2006,SGF,MO,ACE,CE,Combined TRACON& Tower with Radar,3,61,29,0,93,0,0,37,0,37,3,61,66,0,130,6,0,6,136
04/17/2006,SGF,MO,ACE,CE,Combined TRACON& Tower with Radar,1,88,45,23,157,0,2,63,2,67,1,90,108,25,224,58,0,58,282
04/18/2006,SGF,MO,ACE,CE,Combined TRACON& Tower with Radar,12,75,51,14,152,0,3,42,2,47,12,78,93,16,199,2,6,8,207
04/19/2006,SGF,MO,ACE,CE,Combined TRACON& Tower with Radar,15,86,69,4,174,0,3,67,13,83,15,89,136,17,257,54,32,86,343
04/20/2006,SGF,MO,ACE,CE,Combined TRACON& Tower with Radar,13,85,80,15,193,0,1,47,2,50,13,86,127,17,243,96,2,98,341
04/21/2006,SGF,MO,ACE,CE,Combined TRACON& Tower with Radar,17,93,39,8,157,0,2,53,9,64,17,95,92,17,221,20,104,124,345
04/22/2006,SGF,MO,ACE,CE,Combined TRACON& Tower with Radar,8,63,34,0,105,1,7,70,0,78,9,70,104,0,183,28,0,28,211
04/23/2006,SGF,MO,ACE,CE,Combined TRACON& Tower with Radar,6,63,25,0,94,0,5,38,0,43,6,68,63,0,137,74,0,74,211
04/24/2006,SGF,MO,ACE,CE,Combined TRACON& Tower with Radar,2,76,40,1,119,0,2,17,1,20,2,78,57,2,139,0,160,160,299
04/25/2006,SGF,MO,ACE,CE,Combined TRACON& Tower with Radar,15,80,55,17,167,0,2,0,2,4,15,82,55,19,171,6,2,8,179
04/26/2006,SGF,MO,ACE,CE,Combined TRACON& Tower with Radar,17,99,61,2,179,0,0,14,6,20,17,99,75,8,199,14,0,14,213
04/27/2006,SGF,MO,ACE,CE,Combined TRACON& Tower with Radar,16,85,58,7,166,0,2,41,13,56,16,87,99,20,222,0,0,0,222
04/28/2006,SGF,MO,ACE,CE,Combined TRACON& Tower with Radar,15,94,33,0,142,0,1,10,0,11,15,95,43,0,153,4,0,4,157
04/29/2006,SGF,MO,ACE,CE,Combined TRACON& Tower with Radar,19,60,20,0,99,0,0,1,0,1,19,60,21,0,100,0,0,0,100
04/30/2006,SGF,MO,ACE,CE,Combined TRACON& Tower with Radar,2,62,29,2,95,0,2,11,0,13,2,64,40,2,108,10,0,10,118
05/01/2006,SGF,MO,ACE,CE,Combined TRACON& Tower with Radar,3,81,55,9,148,0,3,39,5,47,3,84,94,14,195,34,0,34,229
05/02/2006,SGF,MO,ACE,CE,Combined TRACON& Tower with Radar,18,82,56,29,185,0,1,90,6,97,18,83,146,35,282,28,34,62,344
05/03/2006,SGF,MO,ACE,CE,Combined TRACON& Tower with Radar,18,78,19,13,128,0,1,0,8,9,18,79,19,21,137,96,0,96,233
05/04/2006,SGF,MO,ACE,CE,Combined TRACON& Tower with Radar,18,83,43,1,145,0,2,8,0,10,18,85,51,1,155,26,0,26,181
05/05/2006,SGF,MO,ACE,CE,Combined TRACON& Tower with Radar,19,77,47,12,155,0,3,39,1,43,19,80,86,13,198,84,4,88,286
05/06/2006,SGF,MO,ACE,CE,Combined TRACON& Tower with Radar,18,60,45,3,126,0,0,12,7,19,18,60,57,10,145,0,88,88,233
05/07/2006,SGF,MO,ACE,CE,Combined TRACON& Tower with Radar,5,58,46,0,109,0,1,26,0,27,5,59,72,0,136,60,0,60,196
05/08/2006,SGF,MO,ACE,CE,Combined TRACON& Tower with Radar,8,76,39,4,127,0,0,14,2,16,8,76,53,6,143,42,0,42,185
05/09/2006,SGF,MO,ACE,CE,Combined TRACON& Tower with Radar,20,76,32,3,131,0,3,18,5,26,20,79,50,8,157,26,0,26,183
05/10/2006,SGF,MO,ACE,CE,Combined TRACON& Tower with Radar,17,89,58,4,168,0,0,7,2,9,17,89,65,6,177,16,10,26,203
05/11/2006,SGF,MO,ACE,CE,Combined TRACON& Tower with Radar,26,77,52,5,160,0,1,28,4,33,26,78,80,9,193,18,0,18,211
05/12/2006,SGF,MO,ACE,CE,Combined TRACON& Tower with Radar,23,80,53,3,159,0,23,44,9,76,23,103,97,12,235,20,4,24,259
05/13/2006,SGF,MO,ACE,CE,Combined TRACON& Tower with Radar,0,0,0,0,0,17,59,89,3,168,17,59,89,3,168,54,0,54,222
05/14/2006,SGF,MO,ACE,CE,Combined TRACON& Tower with Radar,5,57,27,0,89,0,2,36,0,38,5,59,63,0,127,16,0,16,143
05/15/2006,SGF,MO,ACE,CE,Combined TRACON& Tower with Radar,9,80,50,10,149,0,1,21,4,26,9,81,71,14,175,48,0,48,223
05/16/2006,SGF,MO,ACE,CE,Combined TRACON& Tower with Radar,23,91,49,20,183,0,2,22,4,28,23,93,71,24,211,16,0,16,227
05/17/2006,SGF,MO,ACE,CE,Combined TRACON& Tower with Radar,18,73,61,2,154,0,3,51,10,64,18,76,112,12,218,48,0,48,266
05/18/2006,SGF,MO,ACE,CE,Combined TRACON& Tower with Radar,20,85,45,1,151,1,10,53,2,66,21,95,98,3,217,54,0,54,271
05/19/2006,SGF,MO,ACE,CE,Combined TRACON& Tower with Radar,21,86,44,2,153,0,7,56,10,73,21,93,100,12,226,58,8,66,292
05/20/2006,SGF,MO,ACE,CE,Combined TRACON& Tower with Radar,11,61,28,6,106,0,4,60,6,70,11,65,88,12,176,82,6,88,264
05/21/2006,SGF,MO,ACE,CE,Combined TRACON& Tower with Radar,7,60,29,0,96,0,4,17,0,21,7,64,46,0,117,16,0,16,133
05/22/2006,SGF,MO,ACE,CE,Combined TRACON& Tower with Radar,7,82,47,8,144,0,0,24,0,24,7,82,71,8,168,22,0,22,190
05/23/2006,SGF,MO,ACE,CE,Combined TRACON& Tower with Radar,16,86,50,9,161,0,0,0,0,0,16,86,50,9,161,26,24,50,211
05/24/2006,SGF,MO,ACE,CE,Combined TRACON& Tower with Radar,21,81,62,11,175,0,4,25,6,35,21,85,87,17,210,4,24,28,238
05/25/2006,SGF,MO,ACE,CE,Combined TRACON& Tower with Radar,20,91,48,15,174,0,5,52,8,65,20,96,100,23,239,46,43,89,328
05/26/2006,SGF,MO,ACE,CE,Combined TRACON& Tower with Radar,22,79,49,1,151,0,0,24,8,32,22,79,73,9,183,26,0,26,209
05/27/2006,SGF,MO,ACE,CE,Combined TRACON& Tower with Radar,23,58,23,0,104,0,8,40,0,48,23,66,63,0,152,36,0,36,188
05/28/2006,SGF,MO,ACE,CE,Combined TRACON& Tower with Radar,10,54,15,0,79,0,4,31,0,35,10,58,46,0,114,4,0,4,118
05/29/2006,SGF,MO,ACE,CE,Combined TRACON& Tower with Radar,8,51,34,1,94,0,11,38,0,49,8,62,72,1,143,24,0,24,167
05/30/2006,SGF,MO,ACE,CE,Combined TRACON& Tower with Radar,7,71,58,7,143,0,5,38,4,47,7,76,96,11,190,30,6,36,226
05/31/2006,SGF,MO,ACE,CE,Combined TRACON& Tower with Radar,19,81,48,4,152,0,5,20,4,29,19,86,68,8,181,72,0,72,253
06/01/2006,SGF,MO,ACE,CE,Combined TRACON& Tower with Radar,35,73,50,4,162,0,5,11,2,18,35,78,61,6,180,76,0,76,256
06/02/2006,SGF,MO,ACE,CE,Combined TRACON& Tower with Radar,15,82,57,12,166,0,0,0,0,0,15,82,57,12,166,36,0,36,202
06/03/2006,SGF,MO,ACE,CE,Combined TRACON& Tower with Radar,6,67,31,2,106,0,2,56,2,60,6,69,87,4,166,58,0,58,224
06/04/2006,SGF,MO,ACE,CE,Combined TRACON& Tower with Radar,6,55,36,5,102,0,1,23,5,29,6,56,59,10,131,16,0,16,147
06/05/2006,SGF,MO,ACE,CE,Combined TRACON& Tower with Radar,8,76,60,4,148,0,7,50,1,58,8,83,110,5,206,32,0,32,238
06/06/2006,SGF,MO,ACE,CE,Combined TRACON& Tower with Radar,20,72,54,10,156,0,2,14,2,18,20,74,68,12,174,30,10,40,214
06/07/2006,SGF,MO,ACE,CE,Combined TRACON& Tower with Radar,18,82,71,12,183,0,8,53,13,74,18,90,124,25,257,34,18,52,309
06/08/2006,SGF,MO,ACE,CE,Combined TRACON& Tower with Radar,15,79,51,3,148,0,3,51,4,58,15,82,102,7,206,28,28,56,262
06/09/2006,SGF,MO,ACE,CE,Combined TRACON& Tower with Radar,13,78,54,4,149,0,6,67,7,80,13,84,121,11,229,28,0,28,257
06/10/2006,SGF,MO,ACE,CE,Combined TRACON& Tower with Radar,0,0,0,0,0,13,65,81,19,178,13,65,81,19,178,8,24,32,210
06/11/2006,SGF,MO,ACE,CE,Combined TRACON& Tower with Radar,2,66,32,0,100,0,4,21,0,25,2,70,53,0,125,64,2,66,191
06/12/2006,SGF,MO,ACE,CE,Combined TRACON& Tower with Radar,4,82,62,22,170,0,1,26,6,33,4,83,88,28,203,56,0,56,259
06/13/2006,SGF,MO,ACE,CE,Combined TRACON& Tower with Radar,30,66,40,3,139,0,6,53,6,65,30,72,93,9,204,58,22,80,284
06/14/2006,SGF,MO,ACE,CE,Combined TRACON& Tower with Radar,13,86,64,0,163,0,2,69,6,77,13,88,133,6,240,8,0,8,248
06/15/2006,SGF,MO,ACE,CE,Combined TRACON& Tower with Radar,14,79,61,23,177,0,1,40,11,52,14,80,101,34,229,8,0,8,237
06/16/2006,SGF,MO,ACE,CE,Combined TRACON& Tower with Radar,14,86,69,6,175,0,0,0,0,0,14,86,69,6,175,0,0,0,175
06/17/2006,SGF,MO,ACE,CE,Combined TRACON& Tower with Radar,11,61,36,0,108,0,5,21,4,30,11,66,57,4,138,4,0,4,142
06/18/2006,SGF,MO,ACE,CE,Combined TRACON& Tower with Radar,3,59,27,3,92,0,4,37,0,41,3,63,64,3,133,22,0,22,155
06/19/2006,SGF,MO,ACE,CE,Combined TRACON& Tower with Radar,2,73,53,3,131,0,5,50,8,63,2,78,103,11,194,52,0,52,246
06/20/2006,SGF,MO,ACE,CE,Combined TRACON& Tower with Radar,21,84,66,2,173,0,3,41,2,46,21,87,107,4,219,8,8,16,235
06/21/2006,SGF,MO,ACE,CE,Combined TRACON& Tower with Radar,21,75,55,10,161,0,4,33,5,42,21,79,88,15,203,0,0,0,203
06/22/2006,SGF,MO,ACE,CE,Combined TRACON& Tower with Radar,15,96,52,0,163,0,2,33,6,41,15,98,85,6,204,48,0,48,252
06/23/2006,SGF,MO,ACE,CE,Combined TRACON& Tower with Radar,17,85,60,3,165,0,2,35,5,42,17,87,95,8,207,46,0,46,253
06/24/2006,SGF,MO,ACE,CE,Combined TRACON& Tower with Radar,14,58,31,0,103,0,7,47,4,58,14,65,78,4,161,42,0,42,203
06/25/2006,SGF,MO,ACE,CE,Combined TRACON& Tower with Radar,5,61,41,0,107,0,2,53,0,55,5,63,94,0,162,16,0,16,178
06/26/2006,SGF,MO,ACE,CE,Combined TRACON& Tower with Radar,3,78,57,4,142,0,10,62,2,74,3,88,119,6,216,0,0,0,216
06/27/2006,SGF,MO,ACE,CE,Combined TRACON& Tower with Radar,6,83,62,1,152,0,5,46,7,58,6,88,108,8,210,24,0,24,234
06/28/2006,SGF,MO,ACE,CE,Combined TRACON& Tower with Radar,21,76,63,11,171,0,12,85,8,105,21,88,148,19,276,16,0,16,292
06/29/2006,SGF,MO,ACE,CE,Combined TRACON& Tower with Radar,15,80,57,8,160,0,4,50,0,54,15,84,107,8,214,40,0,40,254
06/30/2006,SGF,MO,ACE,CE,Combined TRACON& Tower with Radar,12,76,64,6,158,0,2,60,1,63,12,78,124,7,221,84,4,88,309
07/01/2006,SGF,MO,ACE,CE,Combined TRACON& Tower with Radar,12,76,50,0,138,0,2,56,0,58,12,78,106,0,196,76,0,76,272
07/02/2006,SGF,MO,ACE,CE,Combined TRACON& Tower with Radar,2,57,21,0,80,0,3,36,0,39,2,60,57,0,119,0,0,0,119
07/03/2006,SGF,MO,ACE,CE,Combined TRACON& Tower with Radar,5,71,13,0,89,0,6,23,1,30,5,77,36,1,119,14,0,14,133
07/04/2006,SGF,MO,ACE,CE,Combined TRACON& Tower with Radar,6,55,5,0,66,0,0,34,2,36,6,55,39,2,102,28,0,28,130
07/05/2006,SGF,MO,ACE,CE,Combined TRACON& Tower with Radar,8,76,63,9,156,0,0,0,0,0,8,76,63,9,156,32,24,56,212
07/06/2006,SGF,MO,ACE,CE,Combined TRACON& Tower with Radar,19,84,61,21,185,0,1,57,2,60,19,85,118,23,245,82,53,135,380
07/07/2006,SGF,MO,ACE,CE,Combined TRACON& Tower with Radar,16,93,62,3,174,0,2,51,7,60,16,95,113,10,234,98,16,114,348
07/08/2006,SGF,MO,ACE,CE,Combined TRACON& Tower with Radar,13,60,26,14,113,0,8,43,9,60,13,68,69,23,173,88,6,94,267
07/09/2006,SGF,MO,ACE,CE,Combined TRACON& Tower with Radar,2,63,29,3,97,0,2,32,6,40,2,65,61,9,137,14,8,22,159
07/10/2006,SGF,MO,ACE,CE,Combined TRACON& Tower with Radar,6,81,49,1,137,0,0,12,0,12,6,81,61,1,149,10,0,10,159
07/11/2006,SGF,MO,ACE,CE,Combined TRACON& Tower with Radar,11,87,75,5,178,0,0,0,0,0,11,87,75,5,178,18,0,18,196
07/12/2006,SGF,MO,ACE,CE,Combined TRACON& Tower with Radar,15,80,53,7,155,0,4,18,9,31,15,84,71,16,186,0,18,18,204
07/13/2006,SGF,MO,ACE,CE,Combined TRACON& Tower with Radar,16,86,48,2,152,0,5,47,17,69,16,91,95,19,221,12,0,12,233
07/14/2006,SGF,MO,ACE,CE,Combined TRACON& Tower with Radar,15,82,60,19,176,0,4,32,7,43,15,86,92,26,219,72,8,80,299
07/15/2006,SGF,MO,ACE,CE,Combined TRACON& Tower with Radar,7,71,32,4,114,0,4,56,0,60,7,75,88,4,174,42,0,42,216
07/16/2006,SGF,MO,ACE,CE,Combined TRACON& Tower with Radar,1,57,28,2,88,0,5,35,3,43,1,62,63,5,131,26,0,26,157
07/17/2006,SGF,MO,ACE,CE,Combined TRACON& Tower with Radar,1,85,43,6,135,0,3,52,8,63,1,88,95,14,198,54,0,54,252
07/18/2006,SGF,MO,ACE,CE,Combined TRACON& Tower with Radar,15,90,51,5,161,0,2,38,1,41,15,92,89,6,202,72,0,72,274
07/19/2006,SGF,MO,ACE,CE,Combined TRACON& Tower with Radar,16,86,60,3,165,0,7,44,10,61,16,93,104,13,226,36,29,65,291
07/20/2006,SGF,MO,ACE,CE,Combined TRACON& Tower with Radar,16,97,56,6,175,0,4,51,9,64,16,101,107,15,239,12,14,26,265
07/21/2006,SGF,MO,ACE,CE,Combined TRACON& Tower with Radar,14,85,51,7,157,0,5,48,1,54,14,90,99,8,211,34,0,34,245
07/22/2006,SGF,MO,ACE,CE,Combined TRACON& Tower with Radar,12,55,53,1,121,0,1,64,1,66,12,56,117,2,187,38,0,38,225
07/23/2006,SGF,MO,ACE,CE,Combined TRACON& Tower with Radar,7,62,34,4,107,0,0,0,0,0,7,62,34,4,107,18,0,18,125
07/24/2006,SGF,MO,ACE,CE,Combined TRACON& Tower with Radar,1,82,40,15,138,0,2,43,1,46,1,84,83,16,184,22,28,50,234
07/25/2006,SGF,MO,ACE,CE,Combined TRACON& Tower with Radar,14,76,43,13,146,0,8,36,9,53,14,84,79,22,199,10,50,60,259
07/26/2006,SGF,MO,ACE,CE,Combined TRACON& Tower with Radar,15,87,50,10,162,0,2,47,4,53,15,89,97,14,215,6,14,20,235
07/27/2006,SGF,MO,ACE,CE,Combined TRACON& Tower with Radar,19,85,76,3,183,0,0,24,4,28,19,85,100,7,211,8,4,12,223
07/28/2006,SGF,MO,ACE,CE,Combined TRACON& Tower with Radar,13,83,66,5,167,0,0,36,3,39,13,83,102,8,206,21,0,21,227
07/29/2006,SGF,MO,ACE,CE,Combined TRACON& Tower with Radar,13,70,30,2,115,0,1,41,0,42,13,71,71,2,157,26,0,26,183
07/30/2006,SGF,MO,ACE,CE,Combined TRACON& Tower with Radar,2,66,39,0,107,0,1,46,3,50,2,67,85,3,157,26,2,28,185
07/31/2006,SGF,MO,ACE,CE,Combined TRACON& Tower with Radar,2,88,40,6,136,0,3,49,6,58,2,91,89,12,194,10,0,10,204
08/01/2006,SGF,MO,ACE,CE,Combined TRACON& Tower with Radar,21,79,56,1,157,0,0,41,2,43,21,79,97,3,200,14,0,14,214
08/02/2006,SGF,MO,ACE,CE,Combined TRACON& Tower with Radar,12,79,51,9,151,0,1,51,3,55,12,80,102,12,206,10,0,10,216
08/03/2006,SGF,MO,ACE,CE,Combined TRACON& Tower with Radar,14,83,65,6,168,0,0,0,0,0,14,83,65,6,168,32,3,35,203
08/04/2006,SGF,MO,ACE,CE,Combined TRACON& Tower with Radar,15,86,43,12,156,0,0,0,0,0,15,86,43,12,156,58,4,62,218
08/05/2006,SGF,MO,ACE,CE,Combined TRACON& Tower with Radar,13,67,32,0,112,0,5,47,2,54,13,72,79,2,166,26,0,26,192
08/06/2006,SGF,MO,ACE,CE,Combined TRACON& Tower with Radar,2,57,39,0,98,0,7,43,0,50,2,64,82,0,148,14,0,14,162
08/07/2006,SGF,MO,ACE,CE,Combined TRACON& Tower with Radar,3,84,48,15,150,0,7,26,1,34,3,91,74,16,184,16,20,36,220
08/08/2006,SGF,MO,ACE,CE,Combined TRACON& Tower with Radar,11,84,63,29,187,0,7,39,5,51,11,91,102,34,238,38,36,74,312
08/09/2006,SGF,MO,ACE,CE,Combined TRACON& Tower with Radar,25,81,60,5,171,0,7,48,8,63,25,88,108,13,234,40,20,60,294
08/10/2006,SGF,MO,ACE,CE,Combined TRACON& Tower with Radar,15,73,42,0,130,0,6,17,5,28,15,79,59,5,158,28,0,28,186
08/11/2006,SGF,MO,ACE,CE,Combined TRACON& Tower with Radar,19,94,37,0,150,0,2,33,7,42,19,96,70,7,192,24,0,24,216
08/12/2006,SGF,MO,ACE,CE,Combined TRACON& Tower with Radar,13,65,47,0,125,0,0,44,0,44,13,65,91,0,169,26,0,26,195
08/13/2006,SGF,MO,ACE,CE,Combined TRACON& Tower with Radar,3,68,33,4,108,0,2,36,7,45,3,70,69,11,153,0,14,14,167
08/14/2006,SGF,MO,ACE,CE,Combined TRACON& Tower with Radar,2,86,37,1,126,0,0,35,7,42,2,86,72,8,168,54,2,56,224
08/15/2006,SGF,MO,ACE,CE,Combined TRACON& Tower with Radar,21,81,67,6,175,0,4,40,15,59,21,85,107,21,234,34,0,34,268
08/16/2006,SGF,MO,ACE,CE,Combined TRACON& Tower with Radar,15,86,55,28,184,0,7,45,2,54,15,93,100,30,238,28,26,54,292
08/17/2006,SGF,MO,ACE,CE,Combined TRACON& Tower with Radar,12,88,45,18,163,0,2,44,0,46,12,90,89,18,209,84,16,100,309
08/18/2006,SGF,MO,ACE,CE,Combined TRACON& Tower with Radar,15,80,57,12,164,0,3,41,7,51,15,83,98,19,215,4,24,28,243
08/19/2006,SGF,MO,ACE,CE,Combined TRACON& Tower with Radar,18,57,32,0,107,0,0,48,0,48,18,57,80,0,155,42,0,42,197
08/20/2006,SGF,MO,ACE,CE,Combined TRACON& Tower with Radar,2,65,20,0,87,0,4,21,2,27,2,69,41,2,114,0,0,0,114
08/21/2006,SGF,MO,ACE,CE,Combined TRACON& Tower with Radar,3,76,44,10,133,0,0,25,0,25,3,76,69,10,158,0,26,26,184
08/22/2006,SGF,MO,ACE,CE,Combined TRACON& Tower with Radar,19,68,58,30,175,0,6,25,11,42,19,74,83,41,217,54,0,54,271
08/23/2006,SGF,MO,ACE,CE,Combined TRACON& Tower with Radar,22,77,75,6,180,0,3,39,16,58,22,80,114,22,238,24,0,24,262
08/24/2006,SGF,MO,ACE,CE,Combined TRACON& Tower with Radar,21,80,49,8,158,0,0,29,11,40,21,80,78,19,198,30,24,54,252
08/25/2006,SGF,MO,ACE,CE,Combined TRACON& Tower with Radar,19,9,54,4,86,0,61,16,6,83,19,70,70,10,169,0,0,0,169
08/26/2006,SGF,MO,ACE,CE,Combined TRACON& Tower with Radar,17,55,24,2,98,0,0,14,2,16,17,55,38,4,114,10,0,10,124
08/27/2006,SGF,MO,ACE,CE,Combined TRACON& Tower with Radar,8,52,27,0,87,0,0,8,0,8,8,52,35,0,95,14,0,14,109
08/28/2006,SGF,MO,ACE,CE,Combined TRACON& Tower with Radar,7,75,47,6,135,0,2,16,2,20,7,77,63,8,155,0,0,0,155
08/29/2006,SGF,MO,ACE,CE,Combined TRACON& Tower with Radar,20,69,68,27,184,0,1,8,2,11,20,70,76,29,195,26,4,30,225
08/30/2006,SGF,MO,ACE,CE,Combined TRACON& Tower with Radar,18,76,51,17,162,0,14,49,4,67,18,90,100,21,229,90,0,90,319
08/31/2006,SGF,MO,ACE,CE,Combined TRACON& Tower with Radar,23,75,57,30,185,0,3,55,12,70,23,78,112,42,255,28,28,56,311
09/01/2006,SGF,MO,ACE,CE,Combined TRACON& Tower with Radar,17,85,72,0,174,0,2,36,5,43,17,87,108,5,217,28,0,28,245
09/02/2006,SGF,MO,ACE,CE,Combined TRACON& Tower with Radar,0,0,0,0,0,19,53,59,1,132,19,53,59,1,132,4,0,4,136
09/03/2006,SGF,MO,ACE,CE,Combined TRACON& Tower with Radar,6,52,20,0,78,0,12,40,1,53,6,64,60,1,131,12,0,12,143
09/04/2006,SGF,MO,ACE,CE,Combined TRACON& Tower with Radar,6,57,38,0,101,0,4,55,0,59,6,61,93,0,160,28,0,28,188
09/05/2006,SGF,MO,ACE,CE,Combined TRACON& Tower with Radar,10,71,58,3,142,0,3,38,0,41,10,74,96,3,183,64,0,64,247
09/06/2006,SGF,MO,ACE,CE,Combined TRACON& Tower with Radar,18,79,56,9,162,0,5,62,5,72,18,84,118,14,234,6,0,6,240
09/07/2006,SGF,MO,ACE,CE,Combined TRACON& Tower with Radar,16,76,58,7,157,0,4,52,15,71,16,80,110,22,228,24,5,29,257
09/08/2006,SGF,MO,ACE,CE,Combined TRACON& Tower with Radar,27,65,61,6,159,0,2,40,3,45,27,67,101,9,204,14,12,26,230
09/09/2006,SGF,MO,ACE,CE,Combined TRACON& Tower with Radar,12,57,25,4,98,0,2,49,8,59,12,59,74,12,157,18,6,24,181
09/10/2006,SGF,MO,ACE,CE,Combined TRACON& Tower with Radar,6,56,27,5,94,0,0,46,7,53,6,56,73,12,147,20,0,20,167
09/11/2006,SGF,MO,ACE,CE,Combined TRACON& Tower with Radar,9,64,39,15,127,0,1,20,4,25,9,65,59,19,152,6,2,8,160
09/12/2006,SGF,MO,ACE,CE,Combined TRACON& Tower with Radar,20,71,68,11,170,0,0,6,7,13,20,71,74,18,183,0,6,6,189
09/13/2006,SGF,MO,ACE,CE,Combined TRACON& Tower with Radar,17,79,64,6,166,0,1,28,7,36,17,80,92,13,202,22,10,32,234
09/14/2006,SGF,MO,ACE,CE,Combined TRACON& Tower with Radar,15,79,84,14,192,0,2,72,6,80,15,81,156,20,272,34,0,34,306
09/15/2006,SGF,MO,ACE,CE,Combined TRACON& Tower with Radar,20,76,60,13,169,0,0,0,0,0,20,76,60,13,169,38,28,66,235
09/16/2006,SGF,MO,ACE,CE,Combined TRACON& Tower with Radar,14,49,34,3,100,0,8,36,0,44,14,57,70,3,144,38,0,38,182
09/17/2006,SGF,MO,ACE,CE,Combined TRACON& Tower with Radar,6,52,26,1,85,0,0,4,0,4,6,52,30,1,89,0,0,0,89
09/18/2006,SGF,MO,ACE,CE,Combined TRACON& Tower with Radar,6,83,40,5,134,0,2,18,2,22,6,85,58,7,156,0,0,0,156
09/19/2006,SGF,MO,ACE,CE,Combined TRACON& Tower with Radar,15,77,45,16,153,0,4,40,6,50,15,81,85,22,203,16,8,24,227
09/20/2006,SGF,MO,ACE,CE,Combined TRACON& Tower with Radar,17,77,71,17,182,0,3,43,5,51,17,80,114,22,233,30,32,62,295
09/21/2006,SGF,MO,ACE,CE,Combined TRACON& Tower with Radar,13,78,33,16,140,0,3,11,2,16,13,81,44,18,156,20,0,20,176
09/22/2006,SGF,MO,ACE,CE,Combined TRACON& Tower with Radar,24,73,42,0,139,0,2,11,0,13,24,75,53,0,152,0,0,0,152
09/23/2006,SGF,MO,ACE,CE,Combined TRACON& Tower with Radar,19,48,28,0,95,0,2,17,2,21,19,50,45,2,116,42,0,42,158
09/24/2006,SGF,MO,ACE,CE,Combined TRACON& Tower with Radar,6,63,52,1,122,0,2,32,0,34,6,65,84,1,156,1,2,3,159
09/25/2006,SGF,MO,ACE,CE,Combined TRACON& Tower with Radar,21,74,39,2,136,0,4,42,3,49,21,78,81,5,185,27,0,27,212
09/26/2006,SGF,MO,ACE,CE,Combined TRACON& Tower with Radar,23,87,79,4,193,0,4,58,7,69,23,91,137,11,262,56,10,66,328
09/27/2006,SGF,MO,ACE,CE,Combined TRACON& Tower with Radar,20,74,49,6,149,0,2,34,1,37,20,76,83,7,186,8,32,40,226
09/28/2006,SGF,MO,ACE,CE,Combined TRACON& Tower with Radar,24,74,90,4,192,0,2,28,2,32,24,76,118,6,224,28,0,28,252
09/29/2006,SGF,MO,ACE,CE,Combined TRACON& Tower with Radar,19,77,74,7,177,0,6,35,1,42,19,83,109,8,219,38,18,56,275
09/30/2006,SGF,MO,ACE,CE,Combined TRACON& Tower with Radar,16,58,54,4,132,0,7,59,1,67,16,65,113,5,199,32,0,32,231
10/01/2006,SGF,MO,ACE,CE,Combined TRACON& Tower with Radar,10,52,43,2,107,0,4,43,0,47,10,56,86,2,154,26,0,26,180
10/02/2006,SGF,MO,ACE,CE,Combined TRACON& Tower with Radar,9,70,34,0,113,0,2,40,1,43,9,72,74,1,156,10,0,10,166
10/03/2006,SGF,MO,ACE,CE,Combined TRACON& Tower with Radar,18,63,50,6,137,0,1,32,7,40,18,64,82,13,177,6,0,6,183
10/04/2006,SGF,MO,ACE,CE,Combined TRACON& Tower with Radar,18,74,57,4,153,0,1,34,4,39,18,75,91,8,192,2,0,2,194
10/05/2006,SGF,MO,ACE,CE,Combined TRACON& Tower with Radar,26,74,83,7,190,0,2,20,0,22,26,76,103,7,212,16,8,24,236
10/06/2006,SGF,MO,ACE,CE,Combined TRACON& Tower with Radar,19,76,49,5,149,0,2,48,8,58,19,78,97,13,207,100,0,100,307
10/07/2006,SGF,MO,ACE,CE,Combined TRACON& Tower with Radar,16,62,44,0,122,0,7,66,6,79,16,69,110,6,201,88,14,102,303
10/08/2006,SGF,MO,ACE,CE,Combined TRACON& Tower with Radar,7,52,25,0,84,0,3,54,0,57,7,55,79,0,141,32,0,32,173
10/09/2006,SGF,MO,ACE,CE,Combined TRACON& Tower with Radar,6,60,53,0,119,0,0,69,0,69,6,60,122,0,188,34,0,34,222
10/10/2006,SGF,MO,ACE,CE,Combined TRACON& Tower with Radar,16,72,70,21,179,0,3,8,5,16,16,75,78,26,195,6,34,40,235
10/11/2006,SGF,MO,ACE,CE,Combined TRACON& Tower with Radar,22,85,62,6,175,0,3,26,0,29,22,88,88,6,204,6,0,6,210
10/12/2006,SGF,MO,ACE,CE,Combined TRACON& Tower with Radar,24,70,61,0,155,0,5,26,3,34,24,75,87,3,189,46,0,46,235
10/13/2006,SGF,MO,ACE,CE,Combined TRACON& Tower with Radar,16,78,49,3,146,0,2,36,7,45,16,80,85,10,191,5,0,5,196
10/14/2006,SGF,MO,ACE,CE,Combined TRACON& Tower with Radar,13,63,38,0,114,0,2,49,3,54,13,65,87,3,168,80,0,80,248
10/15/2006,SGF,MO,ACE,CE,Combined TRACON& Tower with Radar,7,57,45,1,110,0,0,0,0,0,7,57,45,1,110,10,0,10,120
10/16/2006,SGF,MO,ACE,CE,Combined TRACON& Tower with Radar,5,72,40,28,145,0,0,1,0,1,5,72,41,28,146,0,4,4,150
10/17/2006,SGF,MO,ACE,CE,Combined TRACON& Tower with Radar,26,74,51,7,158,0,1,14,4,19,26,75,65,11,177,0,0,0,177
10/18/2006,SGF,MO,ACE,CE,Combined TRACON& Tower with Radar,18,80,83,6,187,0,0,11,2,13,18,80,94,8,200,26,0,26,226
10/19/2006,SGF,MO,ACE,CE,Combined TRACON& Tower with Radar,26,66,78,14,184,0,2,20,2,24,26,68,98,16,208,10,10,20,228
10/20/2006,SGF,MO,ACE,CE,Combined TRACON& Tower with Radar,16,78,70,19,183,0,3,73,4,80,16,81,143,23,263,12,14,26,289
10/21/2006,SGF,MO,ACE,CE,Combined TRACON& Tower with Radar,16,55,50,0,121,0,0,19,2,21,16,55,69,2,142,10,0,10,152
10/22/2006,SGF,MO,ACE,CE,Combined TRACON& Tower with Radar,6,58,44,0,108,0,7,41,0,48,6,65,85,0,156,6,0,6,162
10/23/2006,SGF,MO,ACE,CE,Combined TRACON& Tower with Radar,7,78,37,10,132,0,1,42,0,43,7,79,79,10,175,38,0,38,213
10/24/2006,SGF,MO,ACE,CE,Combined TRACON& Tower with Radar,0,0,0,0,0,22,91,89,19,221,22,91,89,19,221,32,26,58,279
10/25/2006,SGF,MO,ACE,CE,Combined TRACON& Tower with Radar,24,77,101,14,216,0,3,9,2,14,24,80,110,16,230,0,124,124,354
10/26/2006,SGF,MO,ACE,CE,Combined TRACON& Tower with Radar,12,89,69,1,171,0,0,0,0,0,12,89,69,1,171,0,0,0,171
10/27/2006,SGF,MO,ACE,CE,Combined TRACON& Tower with Radar,15,79,61,1,156,0,0,2,0,2,15,79,63,1,158,14,0,14,172
10/28/2006,SGF,MO,ACE,CE,Combined TRACON& Tower with Radar,13,53,60,2,128,0,1,49,0,50,13,54,109,2,178,14,0,14,192
10/29/2006,SGF,MO,ACE,CE,Combined TRACON& Tower with Radar,6,58,33,0,97,0,2,62,0,64,6,60,95,0,161,42,0,42,203
10/30/2006,SGF,MO,ACE,CE,Combined TRACON& Tower with Radar,10,70,34,13,127,0,4,17,2,23,10,74,51,15,150,0,2,2,152
10/31/2006,SGF,MO,ACE,CE,Combined TRACON& Tower with Radar,18,83,47,9,157,0,4,35,6,45,18,87,82,15,202,0,0,0,202
11/01/2006,SGF,MO,ACE,CE,Combined TRACON& Tower with Radar,16,82,70,22,190,0,4,32,3,39,16,86,102,25,229,2,60,62,291
11/02/2006,SGF,MO,ACE,CE,Combined TRACON& Tower with Radar,27,74,59,8,168,0,2,30,4,36,27,76,89,12,204,6,8,14,218
11/03/2006,SGF,MO,ACE,CE,Combined TRACON& Tower with Radar,15,82,33,6,136,0,1,41,4,46,15,83,74,10,182,34,0,34,216
11/04/2006,SGF,MO,ACE,CE,Combined TRACON& Tower with Radar,14,64,39,8,125,0,0,42,10,52,14,64,81,18,177,34,0,34,211
11/05/2006,SGF,MO,ACE,CE,Combined TRACON& Tower with Radar,6,53,52,1,112,0,0,3,0,3,6,53,55,1,115,0,0,0,115
11/06/2006,SGF,MO,ACE,CE,Combined TRACON& Tower with Radar,8,78,42,8,136,0,0,1,1,2,8,78,43,9,138,0,0,0,138
11/07/2006,SGF,MO,ACE,CE,Combined TRACON& Tower with Radar,13,83,44,19,159,0,4,16,3,23,13,87,60,22,182,20,0,20,202
11/08/2006,SGF,MO,ACE,CE,Combined TRACON& Tower with Radar,15,85,64,4,168,0,6,54,8,68,15,91,118,12,236,40,0,40,276
11/09/2006,SGF,MO,ACE,CE,Combined TRACON& Tower with Radar,22,78,59,2,161,0,0,0,0,0,22,78,59,2,161,52,0,52,213
11/10/2006,SGF,MO,ACE,CE,Combined TRACON& Tower with Radar,19,74,54,1,148,0,1,8,3,12,19,75,62,4,160,0,0,0,160
11/11/2006,SGF,MO,ACE,CE,Combined TRACON& Tower with Radar,14,57,28,0,99,0,0,39,0,39,14,57,67,0,138,64,0,64,202
11/12/2006,SGF,MO,ACE,CE,Combined TRACON& Tower with Radar,6,56,18,0,80,0,0,40,0,40,6,56,58,0,120,0,0,0,120
11/13/2006,SGF,MO,ACE,CE,Combined TRACON& Tower with Radar,6,80,48,6,140,0,0,19,3,22,6,80,67,9,162,2,0,2,164
11/14/2006,SGF,MO,ACE,CE,Combined TRACON& Tower with Radar,16,79,64,8,167,0,1,11,12,24,16,80,75,20,191,24,10,34,225
11/15/2006,SGF,MO,ACE,CE,Combined TRACON& Tower with Radar,17,72,37,0,126,0,0,0,0,0,17,72,37,0,126,0,0,0,126
11/16/2006,SGF,MO,ACE,CE,Combined TRACON& Tower with Radar,21,84,53,5,163,0,0,0,0,0,21,84,53,5,163,18,0,18,181
11/17/2006,SGF,MO,ACE,CE,Combined TRACON& Tower with Radar,19,78,55,3,155,0,4,45,10,59,19,82,100,13,214,82,10,92,306
11/18/2006,SGF,MO,ACE,CE,Combined TRACON& Tower with Radar,14,55,38,0,107,0,3,34,1,38,14,58,72,1,145,116,0,116,261
11/19/2006,SGF,MO,ACE,CE,Combined TRACON& Tower with Radar,6,61,41,0,108,0,2,48,0,50,6,63,89,0,158,10,0,10,168
11/20/2006,SGF,MO,ACE,CE,Combined TRACON& Tower with Radar,5,76,43,13,137,0,1,62,6,69,5,77,105,19,206,42,12,54,260
11/21/2006,SGF,MO,ACE,CE,Combined TRACON& Tower with Radar,25,91,66,4,186,0,11,43,9,63,25,102,109,13,249,28,16,44,293
11/22/2006,SGF,MO,ACE,CE,Combined TRACON& Tower with Radar,21,83,55,0,159,0,2,43,0,45,21,85,98,0,204,28,0,28,232
11/23/2006,SGF,MO,ACE,CE,Combined TRACON& Tower with Radar,7,45,19,0,71,0,0,0,0,0,7,45,19,0,71,42,0,42,113
11/24/2006,SGF,MO,ACE,CE,Combined TRACON& Tower with Radar,12,67,30,0,109,0,4,41,6,51,12,71,71,6,160,18,0,18,178
11/25/2006,SGF,MO,ACE,CE,Combined TRACON& Tower with Radar,12,69,38,0,119,0,6,41,0,47,12,75,79,0,166,60,0,60,226
11/26/2006,SGF,MO,ACE,CE,Combined TRACON& Tower with Radar,6,61,41,0,108,0,4,38,0,42,6,65,79,0,150,32,0,32,182
11/27/2006,SGF,MO,ACE,CE,Combined TRACON& Tower with Radar,6,78,48,15,147,0,3,15,2,20,6,81,63,17,167,20,28,48,215
11/28/2006,SGF,MO,ACE,CE,Combined TRACON& Tower with Radar,18,78,45,34,175,0,0,12,6,18,18,78,57,40,193,0,20,20,213
11/29/2006,SGF,MO,ACE,CE,Combined TRACON& Tower with Radar,20,86,42,1,149,0,0,5,3,8,20,86,47,4,157,38,4,42,199
11/30/2006,SGF,MO,ACE,CE,Combined TRACON& Tower with Radar,17,34,7,0,58,0,0,0,0,0,17,34,7,0,58,0,0,0,58
12/01/2006,SGF,MO,ACE,CE,Combined TRACON& Tower with Radar,11,53,34,4,102,0,1,11,3,15,11,54,45,7,117,8,0,8,125
12/02/2006,SGF,MO,ACE,CE,Combined TRACON& Tower with Radar,14,57,27,1,99,0,2,28,0,30,14,59,55,1,129,10,0,10,139
12/03/2006,SGF,MO,ACE,CE,Combined TRACON& Tower with Radar,5,59,20,0,84,0,4,12,0,16,5,63,32,0,100,0,0,0,100
12/04/2006,SGF,MO,ACE,CE,Combined TRACON& Tower with Radar,6,77,35,3,121,0,1,14,14,29,6,78,49,17,150,18,0,18,168
12/05/2006,SGF,MO,ACE,CE,Combined TRACON& Tower with Radar,20,73,51,6,150,0,1,35,6,42,20,74,86,12,192,40,0,40,232
12/06/2006,SGF,MO,ACE,CE,Combined TRACON& Tower with Radar,23,76,43,0,142,0,1,28,12,41,23,77,71,12,183,16,0,16,199
12/07/2006,SGF,MO,ACE,CE,Combined TRACON& Tower with Radar,19,75,45,7,146,0,1,17,8,26,19,76,62,15,172,8,10,18,190
12/08/2006,SGF,MO,ACE,CE,Combined TRACON& Tower with Radar,20,84,49,4,157,0,0,26,2,28,20,84,75,6,185,4,10,14,199
12/09/2006,SGF,MO,ACE,CE,Combined TRACON& Tower with Radar,10,55,28,8,101,0,2,49,2,53,10,57,77,10,154,12,2,14,168
12/10/2006,SGF,MO,ACE,CE,Combined TRACON& Tower with Radar,6,56,27,7,96,0,3,31,3,37,6,59,58,10,133,18,0,18,151
12/11/2006,SGF,MO,ACE,CE,Combined TRACON& Tower with Radar,6,76,34,6,122,0,0,3,5,8,6,76,37,11,130,0,0,0,130
12/12/2006,SGF,MO,ACE,CE,Combined TRACON& Tower with Radar,18,83,40,13,154,0,0,14,3,17,18,83,54,16,171,8,2,10,181
12/13/2006,SGF,MO,ACE,CE,Combined TRACON& Tower with Radar,24,84,59,20,187,0,1,46,12,59,24,85,105,32,246,46,18,64,310
12/14/2006,SGF,MO,ACE,CE,Combined TRACON& Tower with Radar,21,73,48,11,153,0,0,45,13,58,21,73,93,24,211,22,0,22,233
12/15/2006,SGF,MO,ACE,CE,Combined TRACON& Tower with Radar,21,75,67,0,163,0,0,76,5,81,21,75,143,5,244,40,8,48,292
12/16/2006,SGF,MO,ACE,CE,Combined TRACON& Tower with Radar,16,55,44,0,115,0,2,27,0,29,16,57,71,0,144,36,0,36,180
12/17/2006,SGF,MO,ACE,CE,Combined TRACON& Tower with Radar,8,58,28,1,95,0,0,15,0,15,8,58,43,1,110,56,0,56,166
12/18/2006,SGF,MO,ACE,CE,Combined TRACON& Tower with Radar,6,59,64,5,134,0,0,6,0,6,6,59,70,5,140,0,0,0,140
12/19/2006,SGF,MO,ACE,CE,Combined TRACON& Tower with Radar,18,80,41,29,168,0,0,18,3,21,18,80,59,32,189,16,86,102,291
12/20/2006,SGF,MO,ACE,CE,Combined TRACON& Tower with Radar,21,75,36,11,143,0,0,0,1,1,21,75,36,12,144,0,0,0,144
12/21/2006,SGF,MO,ACE,CE,Combined TRACON& Tower with Radar,17,73,49,14,153,0,0,42,2,44,17,73,91,16,197,16,39,55,252
12/22/2006,SGF,MO,ACE,CE,Combined TRACON& Tower with Radar,24,78,65,3,170,0,3,22,0,25,24,81,87,3,195,112,4,116,311
12/23/2006,SGF,MO,ACE,CE,Combined TRACON& Tower with Radar,26,43,38,0,107,0,3,45,0,48,26,46,83,0,155,26,0,26,181
12/24/2006,SGF,MO,ACE,CE,Combined TRACON& Tower with Radar,4,57,18,0,79,0,1,25,0,26,4,58,43,0,105,0,0,0,105
12/25/2006,SGF,MO,ACE,CE,Combined TRACON& Tower with Radar,2,51,12,0,65,0,2,4,0,6,2,53,16,0,71,0,0,0,71
12/26/2006,SGF,MO,ACE,CE,Combined TRACON& Tower with Radar,13,72,32,1,118,0,3,40,1,44,13,75,72,2,162,10,0,10,172
12/27/2006,SGF,MO,ACE,CE,Combined TRACON& Tower with Radar,19,79,47,5,150,0,8,30,4,42,19,87,77,9,192,8,16,24,216
12/28/2006,SGF,MO,ACE,CE,Combined TRACON& Tower with Radar,14,69,23,2,108,0,5,13,1,19,14,74,36,3,127,6,0,6,133
12/29/2006,SGF,MO,ACE,CE,Combined TRACON& Tower with Radar,19,51,27,3,100,0,0,14,1,15,19,51,41,4,115,6,0,6,121
12/30/2006,SGF,MO,ACE,CE,Combined TRACON& Tower with Radar,19,55,28,1,103,79,1,0,0,80,98,56,28,1,183,0,0,0,183
12/31/2006,SGF,MO,ACE,CE,Combined TRACON& Tower with Radar,8,47,30,0,85,0,3,3,0,6,8,50,33,0,91,0,0,0,91
01/01/2007,SGF,MO,ACE,CE,Combined TRACON& Tower with Radar,6,51,19,0,76,0,2,19,0,21,6,53,38,0,97,30,0,30,127
01/02/2007,SGF,MO,ACE,CE,Combined TRACON& Tower with Radar,11,69,42,1,123,0,1,40,0,41,11,70,82,1,164,118,0,118,282
01/03/2007,SGF,MO,ACE,CE,Combined TRACON& Tower with Radar,15,80,36,10,141,0,4,39,1,44,15,84,75,11,185,34,0,34,219
01/04/2007,SGF,MO,ACE,CE,Combined TRACON& Tower with Radar,13,75,44,34,166,0,0,7,5,12,13,75,51,39,178,14,6,20,198
01/05/2007,SGF,MO,ACE,CE,Combined TRACON& Tower with Radar,15,79,52,11,157,0,1,21,4,26,15,80,73,15,183,52,8,60,243
01/06/2007,SGF,MO,ACE,CE,Combined TRACON& Tower with Radar,11,60,25,2,98,0,1,45,1,47,11,61,70,3,145,106,0,106,251
01/07/2007,SGF,MO,ACE,CE,Combined TRACON& Tower with Radar,4,59,26,3,92,0,3,35,3,41,4,62,61,6,133,0,6,6,139
01/08/2007,SGF,MO,ACE,CE,Combined TRACON& Tower with Radar,3,76,30,9,118,0,4,31,6,41,3,80,61,15,159,24,6,30,189
01/09/2007,SGF,MO,ACE,CE,Combined TRACON& Tower with Radar,12,77,42,7,138,0,7,18,9,34,12,84,60,16,172,34,18,52,224
01/10/2007,SGF,MO,ACE,CE,Combined TRACON& Tower with Radar,15,74,49,0,138,0,3,26,4,33,15,77,75,4,171,18,0,18,189
01/11/2007,SGF,MO,ACE,CE,Combined TRACON& Tower with Radar,16,79,43,15,153,0,0,4,4,8,16,79,47,19,161,22,14,36,197
01/12/2007,SGF,MO,ACE,CE,Combined TRACON& Tower with Radar,9,57,25,0,91,0,0,0,0,0,9,57,25,0,91,0,0,0,91
01/13/2007,SGF,MO,ACE,CE,Combined TRACON& Tower with Radar,3,9,3,1,16,0,0,0,0,0,3,9,3,1,16,0,0,0,16
01/14/2007,SGF,MO,ACE,CE,Combined TRACON& Tower with Radar,1,8,4,0,13,0,0,0,0,0,1,8,4,0,13,0,0,0,13
01/15/2007,SGF,MO,ACE,CE,Combined TRACON& Tower with Radar,4,41,14,0,59,0,0,0,0,0,4,41,14,0,59,0,0,0,59
01/16/2007,SGF,MO,ACE,CE,Combined TRACON& Tower with Radar,19,70,28,0,117,0,2,10,2,14,19,72,38,2,131,0,6,6,137
01/17/2007,SGF,MO,ACE,CE,Combined TRACON& Tower with Radar,13,68,28,0,109,0,3,10,0,13,13,71,38,0,122,6,6,12,134
01/18/2007,SGF,MO,ACE,CE,Combined TRACON& Tower with Radar,17,80,48,9,154,0,0,0,0,0,17,80,48,9,154,0,10,10,164
01/19/2007,SGF,MO,ACE,CE,Combined TRACON& Tower with Radar,13,76,40,17,146,0,5,26,1,32,13,81,66,18,178,38,2,40,218
01/20/2007,SGF,MO,ACE,CE,Combined TRACON& Tower with Radar,13,46,15,0,74,0,0,2,3,5,13,46,17,3,79,54,0,54,133
01/21/2007,SGF,MO,ACE,CE,Combined TRACON& Tower with Radar,5,44,24,0,73,0,0,0,0,0,5,44,24,0,73,0,0,0,73
01/22/2007,SGF,MO,ACE,CE,Combined TRACON& Tower with Radar,3,71,32,2,108,0,0,8,2,10,3,71,40,4,118,38,0,38,156
01/23/2007,SGF,MO,ACE,CE,Combined TRACON& Tower with Radar,16,65,81,5,167,0,2,34,7,43,16,67,115,12,210,88,4,92,302
01/24/2007,SGF,MO,ACE,CE,Combined TRACON& Tower with Radar,14,73,56,9,152,0,0,33,4,37,14,73,89,13,189,28,16,44,233
01/25/2007,SGF,MO,ACE,CE,Combined TRACON& Tower with Radar,15,77,57,4,153,0,2,51,8,61,15,79,108,12,214,80,4,84,298
01/26/2007,SGF,MO,ACE,CE,Combined TRACON& Tower with Radar,12,69,51,7,139,0,2,56,4,62,12,71,107,11,201,62,0,62,263
01/27/2007,SGF,MO,ACE,CE,Combined TRACON& Tower with Radar,12,54,36,0,102,0,2,8,0,10,12,56,44,0,112,30,0,30,142
01/28/2007,SGF,MO,ACE,CE,Combined TRACON& Tower with Radar,4,58,35,0,97,0,1,35,0,36,4,59,70,0,133,4,0,4,137
01/29/2007,SGF,MO,ACE,CE,Combined TRACON& Tower with Radar,8,63,46,14,131,0,1,24,0,25,8,64,70,14,156,34,8,42,198
01/30/2007,SGF,MO,ACE,CE,Combined TRACON& Tower with Radar,11,69,62,8,150,0,0,17,1,18,11,69,79,9,168,36,14,50,218
01/31/2007,SGF,MO,ACE,CE,Combined TRACON& Tower with Radar,15,72,54,9,150,0,6,5,0,11,15,78,59,9,161,4,0,4,165
02/01/2007,SGF,MO,ACE,CE,Combined TRACON& Tower with Radar,23,70,36,6,135,0,0,2,1,3,23,70,38,7,138,0,0,0,138
02/02/2007,SGF,MO,ACE,CE,Combined TRACON& Tower with Radar,13,75,44,3,135,0,2,21,4,27,13,77,65,7,162,6,0,6,168
02/03/2007,SGF,MO,ACE,CE,Combined TRACON& Tower with Radar,14,51,28,0,93,0,2,19,0,21,14,53,47,0,114,16,0,16,130
02/04/2007,SGF,MO,ACE,CE,Combined TRACON& Tower with Radar,4,61,15,1,81,0,0,32,3,35,4,61,47,4,116,24,14,38,154
02/05/2007,SGF,MO,ACE,CE,Combined TRACON& Tower with Radar,4,73,50,5,132,0,0,31,5,36,4,73,81,10,168,78,8,86,254
02/06/2007,SGF,MO,ACE,CE,Combined TRACON& Tower with Radar,9,67,70,7,153,0,1,30,4,35,9,68,100,11,188,0,2,2,190
02/07/2007,SGF,MO,ACE,CE,Combined TRACON& Tower with Radar,15,75,64,9,163,0,0,25,10,35,15,75,89,19,198,26,26,52,250
02/08/2007,SGF,MO,ACE,CE,Combined TRACON& Tower with Radar,17,74,59,9,159,0,1,38,7,46,17,75,97,16,205,106,66,172,377
02/09/2007,SGF,MO,ACE,CE,Combined TRACON& Tower with Radar,12,72,46,3,133,0,7,57,3,67,12,79,103,6,200,32,12,44,244
02/10/2007,SGF,MO,ACE,CE,Combined TRACON& Tower with Radar,23,53,28,0,104,0,0,39,0,39,23,53,67,0,143,42,0,42,185
02/11/2007,SGF,MO,ACE,CE,Combined TRACON& Tower with Radar,5,58,26,3,92,0,4,9,4,17,5,62,35,7,109,30,0,30,139
02/12/2007,SGF,MO,ACE,CE,Combined TRACON& Tower with Radar,3,74,44,0,121,0,0,0,0,0,3,74,44,0,121,0,0,0,121
02/13/2007,SGF,MO,ACE,CE,Combined TRACON& Tower with Radar,14,60,23,0,97,0,0,0,0,0,14,60,23,0,97,0,0,0,97
02/14/2007,SGF,MO,ACE,CE,Combined TRACON& Tower with Radar,19,75,36,13,143,0,0,13,2,15,19,75,49,15,158,0,42,42,200
02/15/2007,SGF,MO,ACE,CE,Combined TRACON& Tower with Radar,17,24,82,2,125,0,0,0,0,0,17,24,82,2,125,20,0,20,145
02/16/2007,SGF,MO,ACE,CE,Combined TRACON& Tower with Radar,13,75,47,11,146,0,3,27,5,35,13,78,74,16,181,2,17,19,200
02/17/2007,SGF,MO,ACE,CE,Combined TRACON& Tower with Radar,16,57,16,0,89,0,0,0,0,0,16,57,16,0,89,0,0,0,89
02/18/2007,SGF,MO,ACE,CE,Combined TRACON& Tower with Radar,4,61,22,0,87,0,0,46,0,46,4,61,68,0,133,18,0,18,151
02/19/2007,SGF,MO,ACE,CE,Combined TRACON& Tower with Radar,2,69,39,0,110,0,5,21,0,26,2,74,60,0,136,4,0,4,140
02/20/2007,SGF,MO,ACE,CE,Combined TRACON& Tower with Radar,14,77,75,3,169,0,1,31,8,40,14,78,106,11,209,16,10,26,235
02/21/2007,SGF,MO,ACE,CE,Combined TRACON& Tower with Radar,14,67,55,15,151,0,0,39,5,44,14,67,94,20,195,62,42,104,299
02/22/2007,SGF,MO,ACE,CE,Combined TRACON& Tower with Radar,15,70,70,7,162,0,3,81,0,84,15,73,151,7,246,80,0,80,326
02/23/2007,SGF,MO,ACE,CE,Combined TRACON& Tower with Radar,16,72,60,3,151,0,0,14,6,20,16,72,74,9,171,2,0,2,173
02/24/2007,SGF,MO,ACE,CE,Combined TRACON& Tower with Radar,13,59,6,4,82,0,2,1,0,3,13,61,7,4,85,0,0,0,85
02/25/2007,SGF,MO,ACE,CE,Combined TRACON& Tower with Radar,4,48,26,3,81,0,2,11,0,13,4,50,37,3,94,2,0,2,96
02/26/2007,SGF,MO,ACE,CE,Combined TRACON& Tower with Radar,4,75,45,16,140,0,6,50,7,63,4,81,95,23,203,60,2,62,265
02/27/2007,SGF,MO,ACE,CE,Combined TRACON& Tower with Radar,14,75,66,3,158,0,0,56,6,62,14,75,122,9,220,30,0,30,250
02/28/2007,SGF,MO,ACE,CE,Combined TRACON& Tower with Radar,21,78,59,22,180,0,1,6,23,30,21,79,65,45,210,4,70,74,284
03/01/2007,SGF,MO,ACE,CE,Combined TRACON& Tower with Radar,12,78,60,0,150,0,1,6,0,7,12,79,66,0,157,0,0,0,157
03/02/2007,SGF,MO,ACE,CE,Combined TRACON& Tower with Radar,14,73,65,4,156,0,0,34,4,38,14,73,99,8,194,2,0,2,196
03/03/2007,SGF,MO,ACE,CE,Combined TRACON& Tower with Radar,20,51,32,8,111,0,0,0,0,0,20,51,32,8,111,10,0,10,121
03/04/2007,SGF,MO,ACE,CE,Combined TRACON& Tower with Radar,4,62,31,0,97,0,6,57,0,63,4,68,88,0,160,16,0,16,176
03/05/2007,SGF,MO,ACE,CE,Combined TRACON& Tower with Radar,2,75,40,11,128,0,5,39,6,50,2,80,79,17,178,22,42,64,242
03/06/2007,SGF,MO,ACE,CE,Combined TRACON& Tower with Radar,14,82,51,16,163,0,1,59,13,73,14,83,110,29,236,54,42,96,332
03/07/2007,SGF,MO,ACE,CE,Combined TRACON& Tower with Radar,20,76,60,17,173,0,2,41,11,54,20,78,101,28,227,16,6,22,249
03/08/2007,SGF,MO,ACE,CE,Combined TRACON& Tower with Radar,14,81,46,13,154,0,1,19,4,24,14,82,65,17,178,106,2,108,286
03/09/2007,SGF,MO,ACE,CE,Combined TRACON& Tower with Radar,13,72,55,6,146,0,0,11,2,13,13,72,66,8,159,0,0,0,159
03/10/2007,SGF,MO,ACE,CE,Combined TRACON& Tower with Radar,19,61,42,1,123,0,0,34,0,34,19,61,76,1,157,38,0,38,195
03/11/2007,SGF,MO,ACE,CE,Combined TRACON& Tower with Radar,4,61,32,0,97,0,6,23,1,30,4,67,55,1,127,0,0,0,127
03/12/2007,SGF,MO,ACE,CE,Combined TRACON& Tower with Radar,2,80,37,8,127,0,1,45,7,53,2,81,82,15,180,64,0,64,244
03/13/2007,SGF,MO,ACE,CE,Combined TRACON& Tower with Radar,18,72,49,14,153,0,0,29,0,29,18,72,78,14,182,12,12,24,206
03/14/2007,SGF,MO,ACE,CE,Combined TRACON& Tower with Radar,12,74,67,10,163,0,0,28,4,32,12,74,95,14,195,20,66,86,281
03/15/2007,SGF,MO,ACE,CE,Combined TRACON& Tower with Radar,10,69,91,15,185,0,4,18,12,34,10,73,109,27,219,24,0,24,243
03/16/2007,SGF,MO,ACE,CE,Combined TRACON& Tower with Radar,16,72,69,16,173,0,4,45,8,57,16,76,114,24,230,26,12,38,268
03/17/2007,SGF,MO,ACE,CE,Combined TRACON& Tower with Radar,14,60,31,4,109,0,17,39,3,59,14,77,70,7,168,0,88,88,256
03/18/2007,SGF,MO,ACE,CE,Combined TRACON& Tower with Radar,5,57,34,3,99,0,2,52,1,55,5,59,86,4,154,8,0,8,162
03/19/2007,SGF,MO,ACE,CE,Combined TRACON& Tower with Radar,3,76,67,19,165,0,0,18,9,27,3,76,85,28,192,0,0,0,192
03/20/2007,SGF,MO,ACE,CE,Combined TRACON& Tower with Radar,16,75,46,1,138,0,0,1,1,2,16,75,47,2,140,0,0,0,140
03/21/2007,SGF,MO,ACE,CE,Combined TRACON& Tower with Radar,17,79,33,5,134,0,3,19,6,28,17,82,52,11,162,30,10,40,202
03/22/2007,SGF,MO,ACE,CE,Combined TRACON& Tower with Radar,17,91,57,9,174,0,0,24,13,37,17,91,81,22,211,62,18,80,291
03/23/2007,SGF,MO,ACE,CE,Combined TRACON& Tower with Radar,17,77,51,5,150,0,0,17,1,18,17,77,68,6,168,0,2,2,170
03/24/2007,SGF,MO,ACE,CE,Combined TRACON& Tower with Radar,11,71,33,0,115,0,6,36,2,44,11,77,69,2,159,52,0,52,211
03/25/2007,SGF,MO,ACE,CE,Combined TRACON& Tower with Radar,4,58,38,0,100,0,8,42,21,71,4,66,80,21,171,20,0,20,191
03/26/2007,SGF,MO,ACE,CE,Combined TRACON& Tower with Radar,2,73,62,15,152,0,1,21,5,27,2,74,83,20,179,12,0,12,191
03/27/2007,SGF,MO,ACE,CE,Combined TRACON& Tower with Radar,14,78,66,21,179,0,1,19,5,25,14,79,85,26,204,30,73,103,307
03/28/2007,SGF,MO,ACE,CE,Combined TRACON& Tower with Radar,20,73,71,12,176,0,0,19,2,21,20,73,90,14,197,0,6,6,203
03/29/2007,SGF,MO,ACE,CE,Combined TRACON& Tower with Radar,10,79,65,5,159,0,1,27,7,35,10,80,92,12,194,64,0,64,258
03/30/2007,SGF,MO,ACE,CE,Combined TRACON& Tower with Radar,16,64,58,3,141,0,3,39,2,44,16,67,97,5,185,50,0,50,235
03/31/2007,SGF,MO,ACE,CE,Combined TRACON& Tower with Radar,16,56,34,3,109,0,4,17,4,25,16,60,51,7,134,18,0,18,152
04/01/2007,SGF,MO,ACE,CE,Combined TRACON& Tower with Radar,5,71,27,2,105,0,2,58,0,60,5,73,85,2,165,20,0,20,185
04/02/2007,SGF,MO,ACE,CE,Combined TRACON& Tower with Radar,6,84,59,9,158,0,6,35,9,50,6,90,94,18,208,16,0,16,224
04/03/2007,SGF,MO,ACE,CE,Combined TRACON& Tower with Radar,13,74,62,3,152,0,4,13,6,23,13,78,75,9,175,0,4,4,179
04/04/2007,SGF,MO,ACE,CE,Combined TRACON& Tower with Radar,18,73,69,7,167,0,0,49,13,62,18,73,118,20,229,17,0,17,246
04/05/2007,SGF,MO,ACE,CE,Combined TRACON& Tower with Radar,11,71,78,8,168,0,0,0,0,0,11,71,78,8,168,72,4,76,244
04/06/2007,SGF,MO,ACE,CE,Combined TRACON& Tower with Radar,13,76,42,3,134,0,4,22,14,40,13,80,64,17,174,8,0,8,182
04/07/2007,SGF,MO,ACE,CE,Combined TRACON& Tower with Radar,12,58,23,0,93,0,6,36,0,42,12,64,59,0,135,38,0,38,173
04/08/2007,SGF,MO,ACE,CE,Combined TRACON& Tower with Radar,4,56,23,0,83,0,1,42,0,43,4,57,65,0,126,28,0,28,154
04/09/2007,SGF,MO,ACE,CE,Combined TRACON& Tower with Radar,4,78,59,34,175,0,2,49,10,61,4,80,108,44,236,36,8,44,280
04/10/2007,SGF,MO,ACE,CE,Combined TRACON& Tower with Radar,13,73,63,27,176,0,1,8,4,13,13,74,71,31,189,0,0,0,189
04/11/2007,SGF,MO,ACE,CE,Combined TRACON& Tower with Radar,14,65,67,12,158,0,0,4,5,9,14,65,71,17,167,2,10,12,179
04/12/2007,SGF,MO,ACE,CE,Combined TRACON& Tower with Radar,16,70,75,7,168,0,0,0,0,0,16,70,75,7,168,148,24,172,340
04/13/2007,SGF,MO,ACE,CE,Combined TRACON& Tower with Radar,18,65,45,0,128,0,2,4,0,6,18,67,49,0,134,0,0,0,134
04/14/2007,SGF,MO,ACE,CE,Combined TRACON& Tower with Radar,15,55,27,1,98,0,0,1,3,4,15,55,28,4,102,0,0,0,102
04/15/2007,SGF,MO,ACE,CE,Combined TRACON& Tower with Radar,6,63,27,2,98,0,6,81,3,90,6,69,108,5,188,70,0,70,258
04/16/2007,SGF,MO,ACE,CE,Combined TRACON& Tower with Radar,3,68,54,0,125,0,3,73,6,82,3,71,127,6,207,44,0,44,251
04/17/2007,SGF,MO,ACE,CE,Combined TRACON& Tower with Radar,29,63,77,9,178,0,2,30,13,45,29,65,107,22,223,66,2,68,291
04/18/2007,SGF,MO,ACE,CE,Combined TRACON& Tower with Radar,12,84,60,4,160,0,0,50,6,56,12,84,110,10,216,22,2,24,240
04/19/2007,SGF,MO,ACE,CE,Combined TRACON& Tower with Radar,13,76,65,10,164,0,0,0,0,0,13,76,65,10,164,32,26,58,222
04/20/2007,SGF,MO,ACE,CE,Combined TRACON& Tower with Radar,14,70,52,0,136,0,0,39,0,39,14,70,91,0,175,36,0,36,211
04/21/2007,SGF,MO,ACE,CE,Combined TRACON& Tower with Radar,3,75,45,0,123,0,0,44,0,44,3,75,89,0,167,48,0,48,215
04/22/2007,SGF,MO,ACE,CE,Combined TRACON& Tower with Radar,4,69,25,0,98,0,7,23,0,30,4,76,48,0,128,50,0,50,178
04/23/2007,SGF,MO,ACE,CE,Combined TRACON& Tower with Radar,7,78,66,9,160,0,2,25,4,31,7,80,91,13,191,38,10,48,239
04/24/2007,SGF,MO,ACE,CE,Combined TRACON& Tower with Radar,10,71,74,10,165,0,5,14,9,28,10,76,88,19,193,22,0,22,215
04/25/2007,SGF,MO,ACE,CE,Combined TRACON& Tower with Radar,15,68,64,7,154,0,6,10,7,23,15,74,74,14,177,22,9,31,208
04/26/2007,SGF,MO,ACE,CE,Combined TRACON& Tower with Radar,15,73,75,0,163,0,0,1,0,1,15,73,76,0,164,4,0,4,168
04/27/2007,SGF,MO,ACE,CE,Combined TRACON& Tower with Radar,13,94,54,4,165,0,2,45,11,58,13,96,99,15,223,10,0,10,233
04/28/2007,SGF,MO,ACE,CE,Combined TRACON& Tower with Radar,9,67,47,0,123,0,2,61,1,64,9,69,108,1,187,58,0,58,245
04/29/2007,SGF,MO,ACE,CE,Combined TRACON& Tower with Radar,7,71,21,0,99,0,1,47,1,49,7,72,68,1,148,36,0,36,184
04/30/2007,SGF,MO,ACE,CE,Combined TRACON& Tower with Radar,1,74,43,8,126,0,5,43,3,51,1,79,86,11,177,54,12,66,243
05/01/2007,SGF,MO,ACE,CE,Combined TRACON& Tower with Radar,14,72,60,20,166,0,0,25,2,27,14,72,85,22,193,98,0,98,291
05/02/2007,SGF,MO,ACE,CE,Combined TRACON& Tower with Radar,16,76,51,9,152,0,0,1,4,5,16,76,52,13,157,3,4,7,164
05/03/2007,SGF,MO,ACE,CE,Combined TRACON& Tower with Radar,19,75,65,10,169,0,0,3,5,8,19,75,68,15,177,16,0,16,193
05/04/2007,SGF,MO,ACE,CE,Combined TRACON& Tower with Radar,12,78,64,9,163,0,0,29,6,35,12,78,93,15,198,40,4,44,242
05/05/2007,SGF,MO,ACE,CE,Combined TRACON& Tower with Radar,7,68,33,8,116,0,5,31,6,42,7,73,64,14,158,44,24,68,226
05/06/2007,SGF,MO,ACE,CE,Combined TRACON& Tower with Radar,4,67,31,2,104,0,2,23,1,26,4,69,54,3,130,20,0,20,150
05/07/2007,SGF,MO,ACE,CE,Combined TRACON& Tower with Radar,3,83,35,4,125,0,1,15,1,17,3,84,50,5,142,14,0,14,156
05/08/2007,SGF,MO,ACE,CE,Combined TRACON& Tower with Radar,10,85,64,5,164,0,3,36,8,47,10,88,100,13,211,96,0,96,307
05/09/2007,SGF,MO,ACE,CE,Combined TRACON& Tower with Radar,16,68,52,7,143,0,2,20,2,24,16,70,72,9,167,24,0,24,191
05/10/2007,SGF,MO,ACE,CE,Combined TRACON& Tower with Radar,15,79,58,6,158,0,1,38,3,42,15,80,96,9,200,38,18,56,256
05/11/2007,SGF,MO,ACE,CE,Combined TRACON& Tower with Radar,18,83,54,1,156,0,1,43,6,50,18,84,97,7,206,78,0,78,284
05/12/2007,SGF,MO,ACE,CE,Combined TRACON& Tower with Radar,13,61,39,0,113,0,1,91,2,94,13,62,130,2,207,118,0,118,325
05/13/2007,SGF,MO,ACE,CE,Combined TRACON& Tower with Radar,4,67,21,0,92,0,4,34,0,38,4,71,55,0,130,78,0,78,208
05/14/2007,SGF,MO,ACE,CE,Combined TRACON& Tower with Radar,5,76,48,7,136,0,0,44,5,49,5,76,92,12,185,130,0,130,315
05/15/2007,SGF,MO,ACE,CE,Combined TRACON& Tower with Radar,23,77,48,0,148,0,2,6,0,8,23,79,54,0,156,8,0,8,164
05/16/2007,SGF,MO,ACE,CE,Combined TRACON& Tower with Radar,16,71,64,4,155,0,2,48,11,61,16,73,112,15,216,44,22,66,282
05/17/2007,SGF,MO,ACE,CE,Combined TRACON& Tower with Radar,13,84,44,1,142,0,0,55,5,60,13,84,99,6,202,130,28,158,360
05/18/2007,SGF,MO,ACE,CE,Combined TRACON& Tower with Radar,13,77,54,2,146,0,4,68,1,73,13,81,122,3,219,62,4,66,285
05/19/2007,SGF,MO,ACE,CE,Combined TRACON& Tower with Radar,13,61,22,0,96,0,3,50,4,57,13,64,72,4,153,12,0,12,165
05/20/2007,SGF,MO,ACE,CE,Combined TRACON& Tower with Radar,4,65,23,0,92,0,4,42,2,48,4,69,65,2,140,32,0,32,172
05/21/2007,SGF,MO,ACE,CE,Combined TRACON& Tower with Radar,3,80,39,11,133,0,4,37,2,43,3,84,76,13,176,39,28,67,243
05/22/2007,SGF,MO,ACE,CE,Combined TRACON& Tower with Radar,18,73,53,0,144,0,1,21,6,28,18,74,74,6,172,0,0,0,172
05/23/2007,SGF,MO,ACE,CE,Combined TRACON& Tower with Radar,22,71,68,6,167,0,114,26,13,153,22,185,94,19,320,36,0,36,356
05/24/2007,SGF,MO,ACE,CE,Combined TRACON& Tower with Radar,15,72,36,1,124,0,4,9,0,13,15,76,45,1,137,0,8,8,145
05/25/2007,SGF,MO,ACE,CE,Combined TRACON& Tower with Radar,15,82,36,5,138,0,1,4,4,9,15,83,40,9,147,0,0,0,147
05/26/2007,SGF,MO,ACE,CE,Combined TRACON& Tower with Radar,12,65,21,0,98,0,0,37,0,37,12,65,58,0,135,16,0,16,151
05/27/2007,SGF,MO,ACE,CE,Combined TRACON& Tower with Radar,4,61,8,0,73,0,1,4,0,5,4,62,12,0,78,0,0,0,78
05/28/2007,SGF,MO,ACE,CE,Combined TRACON& Tower with Radar,2,60,33,0,95,0,1,22,0,23,2,61,55,0,118,0,0,0,118
05/29/2007,SGF,MO,ACE,CE,Combined TRACON& Tower with Radar,2,82,38,5,127,0,1,22,0,23,2,83,60,5,150,24,4,28,178
05/30/2007,SGF,MO,ACE,CE,Combined TRACON& Tower with Radar,16,79,56,18,169,0,1,8,8,17,16,80,64,26,186,44,0,44,230
05/31/2007,SGF,MO,ACE,CE,Combined TRACON& Tower with Radar,15,92,88,15,210,0,0,32,10,42,15,92,120,25,252,78,8,86,338
06/01/2007,SGF,MO,ACE,CE,Combined TRACON& Tower with Radar,15,79,52,3,149,0,5,19,5,29,15,84,71,8,178,0,0,0,178
06/02/2007,SGF,MO,ACE,CE,Combined TRACON& Tower with Radar,26,49,15,0,90,0,0,15,3,18,26,49,30,3,108,8,0,8,116
06/03/2007,SGF,MO,ACE,CE,Combined TRACON& Tower with Radar,7,62,33,2,104,0,0,18,5,23,7,62,51,7,127,12,0,12,139
06/04/2007,SGF,MO,ACE,CE,Combined TRACON& Tower with Radar,1,77,34,21,133,0,10,33,10,53,1,87,67,31,186,30,18,48,234
06/05/2007,SGF,MO,ACE,CE,Combined TRACON& Tower with Radar,13,74,55,6,148,0,2,63,11,76,13,76,118,17,224,56,2,58,282
06/06/2007,SGF,MO,ACE,CE,Combined TRACON& Tower with Radar,21,80,43,5,149,0,0,39,19,58,21,80,82,24,207,12,0,12,219
06/07/2007,SGF,MO,ACE,CE,Combined TRACON& Tower with Radar,0,4,16,3,23,0,0,0,0,0,0,4,16,3,23,62,0,62,85
06/08/2007,SGF,MO,ACE,CE,Combined TRACON& Tower with Radar,18,83,46,2,149,0,1,56,9,66,18,84,102,11,215,32,18,50,265
06/09/2007,SGF,MO,ACE,CE,Combined TRACON& Tower with Radar,14,63,21,0,98,0,0,55,0,55,14,63,76,0,153,62,0,62,215
06/10/2007,SGF,MO,ACE,CE,Combined TRACON& Tower with Radar,7,61,79,0,147,0,3,18,1,22,7,64,97,1,169,0,0,0,169
06/11/2007,SGF,MO,ACE,CE,Combined TRACON& Tower with Radar,10,85,32,1,128,0,5,7,3,15,10,90,39,4,143,0,0,0,143
06/12/2007,SGF,MO,ACE,CE,Combined TRACON& Tower with Radar,15,86,43,13,157,0,1,26,13,40,15,87,69,26,197,26,0,26,223
06/13/2007,SGF,MO,ACE,CE,Combined TRACON& Tower with Radar,21,88,62,22,193,0,2,39,15,56,21,90,101,37,249,26,14,40,289
06/14/2007,SGF,MO,ACE,CE,Combined TRACON& Tower with Radar,12,77,65,2,156,0,0,51,9,60,12,77,116,11,216,46,0,46,262
06/15/2007,SGF,MO,ACE,CE,Combined TRACON& Tower with Radar,27,78,49,6,160,0,1,27,1,29,27,79,76,7,189,20,22,42,231
06/16/2007,SGF,MO,ACE,CE,Combined TRACON& Tower with Radar,12,6,28,0,46,0,0,55,0,55,12,6,83,0,101,52,0,52,153
06/17/2007,SGF,MO,ACE,CE,Combined TRACON& Tower with Radar,9,65,16,0,90,0,4,22,0,26,9,69,38,0,116,0,0,0,116
06/18/2007,SGF,MO,ACE,CE,Combined TRACON& Tower with Radar,7,71,49,9,136,0,3,15,9,27,7,74,64,18,163,0,0,0,163
06/19/2007,SGF,MO,ACE,CE,Combined TRACON& Tower with Radar,15,94,44,6,159,0,0,28,15,43,15,94,72,21,202,22,6,28,230
06/20/2007,SGF,MO,ACE,CE,Combined TRACON& Tower with Radar,26,85,50,18,179,0,0,32,11,43,26,85,82,29,222,16,4,20,242
06/21/2007,SGF,MO,ACE,CE,Combined TRACON& Tower with Radar,13,84,40,8,145,0,2,52,10,64,13,86,92,18,209,14,4,18,227
06/22/2007,SGF,MO,ACE,CE,Combined TRACON& Tower with Radar,30,82,52,5,169,0,0,85,9,94,30,82,137,14,263,60,0,60,323
06/23/2007,SGF,MO,ACE,CE,Combined TRACON& Tower with Radar,18,66,32,0,116,0,11,37,2,50,18,77,69,2,166,38,0,38,204
06/24/2007,SGF,MO,ACE,CE,Combined TRACON& Tower with Radar,3,66,47,0,116,0,6,36,0,42,3,72,83,0,158,18,0,18,176
06/25/2007,SGF,MO,ACE,CE,Combined TRACON& Tower with Radar,13,84,47,13,157,0,5,36,2,43,13,89,83,15,200,41,32,73,273
06/26/2007,SGF,MO,ACE,CE,Combined TRACON& Tower with Radar,12,86,43,6,147,0,2,20,4,26,12,88,63,10,173,18,18,36,209
06/27/2007,SGF,MO,ACE,CE,Combined TRACON& Tower with Radar,14,80,55,3,152,0,2,19,5,26,14,82,74,8,178,0,0,0,178
06/28/2007,SGF,MO,ACE,CE,Combined TRACON& Tower with Radar,30,78,66,3,177,0,0,17,10,27,30,78,83,13,204,204,54,258,462
06/29/2007,SGF,MO,ACE,CE,Combined TRACON& Tower with Radar,19,94,47,8,168,0,0,18,11,29,19,94,65,19,197,68,6,74,271
06/30/2007,SGF,MO,ACE,CE,Combined TRACON& Tower with Radar,16,71,20,0,107,0,0,7,0,7,16,71,27,0,114,20,0,20,134
07/01/2007,SGF,MO,ACE,CE,Combined TRACON& Tower with Radar,3,60,19,0,82,0,0,6,0,6,3,60,25,0,88,0,0,0,88
07/02/2007,SGF,MO,ACE,CE,Combined TRACON& Tower with Radar,7,69,58,1,135,0,3,30,11,44,7,72,88,12,179,38,0,38,217
07/03/2007,SGF,MO,ACE,CE,Combined TRACON& Tower with Radar,19,61,46,11,137,0,1,40,10,51,19,62,86,21,188,4,6,10,198
07/04/2007,SGF,MO,ACE,CE,Combined TRACON& Tower with Radar,14,56,12,0,82,0,3,34,8,45,14,59,46,8,127,22,0,22,149
07/05/2007,SGF,MO,ACE,CE,Combined TRACON& Tower with Radar,13,70,39,5,127,0,0,0,0,0,13,70,39,5,127,6,26,32,159
07/06/2007,SGF,MO,ACE,CE,Combined TRACON& Tower with Radar,26,77,57,6,166,0,5,37,4,46,26,82,94,10,212,44,6,50,262
07/07/2007,SGF,MO,ACE,CE,Combined TRACON& Tower with Radar,21,65,15,0,101,0,2,62,9,73,21,67,77,9,174,30,0,30,204
07/08/2007,SGF,MO,ACE,CE,Combined TRACON& Tower with Radar,6,57,36,10,109,0,2,43,0,45,6,59,79,10,154,0,10,10,164
07/09/2007,SGF,MO,ACE,CE,Combined TRACON& Tower with Radar,7,77,41,2,127,0,0,11,6,17,7,77,52,8,144,38,0,38,182
07/10/2007,SGF,MO,ACE,CE,Combined TRACON& Tower with Radar,21,81,41,9,152,0,4,17,8,29,21,85,58,17,181,22,0,22,203
07/11/2007,SGF,MO,ACE,CE,Combined TRACON& Tower with Radar,22,85,78,16,201,0,0,50,7,57,22,85,128,23,258,22,2,24,282
07/12/2007,SGF,MO,ACE,CE,Combined TRACON& Tower with Radar,17,95,62,7,181,0,0,18,5,23,17,95,80,12,204,84,8,92,296
07/13/2007,SGF,MO,ACE,CE,Combined TRACON& Tower with Radar,18,88,48,11,165,0,1,28,5,34,18,89,76,16,199,38,12,50,249
07/14/2007,SGF,MO,ACE,CE,Combined TRACON& Tower with Radar,19,61,42,3,125,0,4,60,2,66,19,65,102,5,191,84,0,84,275
07/15/2007,SGF,MO,ACE,CE,Combined TRACON& Tower with Radar,8,70,30,2,110,0,0,34,1,35,8,70,64,3,145,50,0,50,195
07/16/2007,SGF,MO,ACE,CE,Combined TRACON& Tower with Radar,6,83,43,5,137,0,1,35,4,40,6,84,78,9,177,54,10,64,241
07/17/2007,SGF,MO,ACE,CE,Combined TRACON& Tower with Radar,19,100,75,12,206,0,0,32,2,34,19,100,107,14,240,42,36,78,318
07/18/2007,SGF,MO,ACE,CE,Combined TRACON& Tower with Radar,20,84,52,2,158,0,2,41,3,46,20,86,93,5,204,48,8,56,260
07/19/2007,SGF,MO,ACE,CE,Combined TRACON& Tower with Radar,21,92,77,11,201,0,1,35,1,37,21,93,112,12,238,46,6,52,290
07/20/2007,SGF,MO,ACE,CE,Combined TRACON& Tower with Radar,21,83,43,0,147,0,4,26,1,31,21,87,69,1,178,32,0,32,210
07/21/2007,SGF,MO,ACE,CE,Combined TRACON& Tower with Radar,20,57,28,1,106,0,0,59,0,59,20,57,87,1,165,100,22,122,287
07/22/2007,SGF,MO,ACE,CE,Combined TRACON& Tower with Radar,5,67,43,0,115,0,6,37,0,43,5,73,80,0,158,0,0,0,158
07/23/2007,SGF,MO,ACE,CE,Combined TRACON& Tower with Radar,12,78,51,23,164,0,5,36,1,42,12,83,87,24,206,30,40,70,276
07/24/2007,SGF,MO,ACE,CE,Combined TRACON& Tower with Radar,16,76,52,2,146,0,0,45,12,57,16,76,97,14,203,2,0,2,205
07/25/2007,SGF,MO,ACE,CE,Combined TRACON& Tower with Radar,23,73,81,12,189,0,0,63,9,72,23,73,144,21,261,28,10,38,299
07/26/2007,SGF,MO,ACE,CE,Combined TRACON& Tower with Radar,17,77,49,2,145,0,0,52,7,59,17,77,101,9,204,10,0,10,214
07/27/2007,SGF,MO,ACE,CE,Combined TRACON& Tower with Radar,19,79,63,7,168,0,1,44,7,52,19,80,107,14,220,8,10,18,238
07/28/2007,SGF,MO,ACE,CE,Combined TRACON& Tower with Radar,17,59,40,1,117,0,4,33,1,38,17,63,73,2,155,32,8,40,195
07/29/2007,SGF,MO,ACE,CE,Combined TRACON& Tower with Radar,9,62,26,0,97,0,0,28,0,28,9,62,54,0,125,6,0,6,131
07/30/2007,SGF,MO,ACE,CE,Combined TRACON& Tower with Radar,4,81,50,0,135,0,6,31,5,42,4,87,81,5,177,0,0,0,177
07/31/2007,SGF,MO,ACE,CE,Combined TRACON& Tower with Radar,14,84,68,21,187,0,1,31,17,49,14,85,99,38,236,110,82,192,428
08/01/2007,SGF,MO,ACE,CE,Combined TRACON& Tower with Radar,24,77,58,1,160,0,0,49,11,60,24,77,107,12,220,20,0,20,240
08/02/2007,SGF,MO,ACE,CE,Combined TRACON& Tower with Radar,14,88,66,14,182,0,0,46,10,56,14,88,112,24,238,30,3,33,271
08/03/2007,SGF,MO,ACE,CE,Combined TRACON& Tower with Radar,16,110,46,0,172,0,2,32,16,50,16,112,78,16,222,14,5,19,241
08/04/2007,SGF,MO,ACE,CE,Combined TRACON& Tower with Radar,15,63,28,1,107,0,2,34,2,38,15,65,62,3,145,34,0,34,179
08/05/2007,SGF,MO,ACE,CE,Combined TRACON& Tower with Radar,6,66,34,0,106,0,0,19,0,19,6,66,53,0,125,0,0,0,125
08/06/2007,SGF,MO,ACE,CE,Combined TRACON& Tower with Radar,6,76,61,4,147,0,1,27,4,32,6,77,88,8,179,32,0,32,211
08/07/2007,SGF,MO,ACE,CE,Combined TRACON& Tower with Radar,17,76,59,7,159,0,0,34,13,47,17,76,93,20,206,12,0,12,218
08/08/2007,SGF,MO,ACE,CE,Combined TRACON& Tower with Radar,23,83,84,14,204,0,2,30,6,38,23,85,114,20,242,6,14,20,262
08/09/2007,SGF,MO,ACE,CE,Combined TRACON& Tower with Radar,19,90,62,1,172,0,0,32,2,34,19,90,94,3,206,8,0,8,214
08/10/2007,SGF,MO,ACE,CE,Combined TRACON& Tower with Radar,14,81,55,5,155,0,2,46,5,53,14,83,101,10,208,27,0,27,235
08/11/2007,SGF,MO,ACE,CE,Combined TRACON& Tower with Radar,16,65,30,1,112,0,5,41,0,46,16,70,71,1,158,62,18,80,238
08/12/2007,SGF,MO,ACE,CE,Combined TRACON& Tower with Radar,8,60,36,1,105,0,0,48,0,48,8,60,84,1,153,12,0,12,165
08/13/2007,SGF,MO,ACE,CE,Combined TRACON& Tower with Radar,6,77,41,4,128,0,0,31,4,35,6,77,72,8,163,4,0,4,167
08/14/2007,SGF,MO,ACE,CE,Combined TRACON& Tower with Radar,18,71,60,14,163,0,0,23,20,43,18,71,83,34,206,6,16,22,228
08/15/2007,SGF,MO,ACE,CE,Combined TRACON& Tower with Radar,23,69,53,9,154,0,1,29,16,46,23,70,82,25,200,16,0,16,216
08/16/2007,SGF,MO,ACE,CE,Combined TRACON& Tower with Radar,22,78,57,5,162,0,0,37,17,54,22,78,94,22,216,14,0,14,230
08/17/2007,SGF,MO,ACE,CE,Combined TRACON& Tower with Radar,14,83,36,3,136,0,0,29,10,39,14,83,65,13,175,34,0,34,209
08/18/2007,SGF,MO,ACE,CE,Combined TRACON& Tower with Radar,18,64,31,0,113,0,0,25,3,28,18,64,56,3,141,8,0,8,149
08/19/2007,SGF,MO,ACE,CE,Combined TRACON& Tower with Radar,7,53,23,0,83,0,1,13,2,16,7,54,36,2,99,8,0,8,107
08/20/2007,SGF,MO,ACE,CE,Combined TRACON& Tower with Radar,5,71,41,16,133,0,2,25,4,31,5,73,66,20,164,20,16,36,200
08/21/2007,SGF,MO,ACE,CE,Combined TRACON& Tower with Radar,21,77,72,9,179,0,1,33,9,43,21,78,105,18,222,6,0,6,228
08/22/2007,SGF,MO,ACE,CE,Combined TRACON& Tower with Radar,19,74,61,6,160,0,3,28,8,39,19,77,89,14,199,0,4,4,203
08/23/2007,SGF,MO,ACE,CE,Combined TRACON& Tower with Radar,17,63,47,5,132,0,1,34,9,44,17,64,81,14,176,2,0,2,178
08/24/2007,SGF,MO,ACE,CE,Combined TRACON& Tower with Radar,19,66,40,15,140,0,1,23,6,30,19,67,63,21,170,0,0,0,170
08/25/2007,SGF,MO,ACE,CE,Combined TRACON& Tower with Radar,17,60,34,8,119,0,0,22,9,31,17,60,56,17,150,8,0,8,158
08/26/2007,SGF,MO,ACE,CE,Combined TRACON& Tower with Radar,5,57,40,0,102,0,1,51,3,55,5,58,91,3,157,6,0,6,163
08/27/2007,SGF,MO,ACE,CE,Combined TRACON& Tower with Radar,10,76,55,20,161,0,0,39,10,49,10,76,94,30,210,32,0,32,242
08/28/2007,SGF,MO,ACE,CE,Combined TRACON& Tower with Radar,17,77,78,28,200,0,1,46,13,60,17,78,124,41,260,42,8,50,310
08/29/2007,SGF,MO,ACE,CE,Combined TRACON& Tower with Radar,24,68,72,30,194,0,1,22,10,33,24,69,94,40,227,4,10,14,241
08/30/2007,SGF,MO,ACE,CE,Combined TRACON& Tower with Radar,16,66,87,20,189,0,0,0,0,0,16,66,87,20,189,44,22,66,255
08/31/2007,SGF,MO,ACE,CE,Combined TRACON& Tower with Radar,27,69,56,2,154,0,4,50,7,61,27,73,106,9,215,6,0,6,221
09/01/2007,SGF,MO,ACE,CE,Combined TRACON& Tower with Radar,17,50,21,0,88,0,0,66,0,66,17,50,87,0,154,38,0,38,192
09/02/2007,SGF,MO,ACE,CE,Combined TRACON& Tower with Radar,4,51,15,0,70,0,6,27,2,35,4,57,42,2,105,3,2,5,110
09/03/2007,SGF,MO,ACE,CE,Combined TRACON& Tower with Radar,5,64,30,0,99,0,0,42,0,42,5,64,72,0,141,8,0,8,149
09/04/2007,SGF,MO,ACE,CE,Combined TRACON& Tower with Radar,15,74,37,12,138,0,3,26,5,34,15,77,63,17,172,10,4,14,186
09/05/2007,SGF,MO,ACE,CE,Combined TRACON& Tower with Radar,24,73,58,0,155,0,0,7,2,9,24,73,65,2,164,0,0,0,164
09/06/2007,SGF,MO,ACE,CE,Combined TRACON& Tower with Radar,13,67,54,4,138,0,2,12,0,14,13,69,66,4,152,22,0,22,174
09/07/2007,SGF,MO,ACE,CE,Combined TRACON& Tower with Radar,20,72,48,0,140,0,1,10,1,12,20,73,58,1,152,0,0,0,152
09/08/2007,SGF,MO,ACE,CE,Combined TRACON& Tower with Radar,11,66,30,8,115,0,0,3,0,3,11,66,33,8,118,9,0,9,127
09/09/2007,SGF,MO,ACE,CE,Combined TRACON& Tower with Radar,8,56,46,0,110,0,0,27,1,28,8,56,73,1,138,4,0,4,142
09/10/2007,SGF,MO,ACE,CE,Combined TRACON& Tower with Radar,7,67,42,9,125,0,2,12,3,17,7,69,54,12,142,0,20,20,162
09/11/2007,SGF,MO,ACE,CE,Combined TRACON& Tower with Radar,20,78,60,2,160,0,1,37,16,54,20,79,97,18,214,26,16,42,256
09/12/2007,SGF,MO,ACE,CE,Combined TRACON& Tower with Radar,24,77,73,4,178,0,4,53,6,63,24,81,126,10,241,26,6,32,273
09/13/2007,SGF,MO,ACE,CE,Combined TRACON& Tower with Radar,21,75,66,17,179,0,0,40,4,44,21,75,106,21,223,14,24,38,261
09/14/2007,SGF,MO,ACE,CE,Combined TRACON& Tower with Radar,18,77,54,7,156,0,2,46,2,50,18,79,100,9,206,32,0,32,238
09/15/2007,SGF,MO,ACE,CE,Combined TRACON& Tower with Radar,16,58,29,1,104,0,10,36,2,48,16,68,65,3,152,14,0,14,166
09/16/2007,SGF,MO,ACE,CE,Combined TRACON& Tower with Radar,10,58,43,1,112,0,0,20,0,20,10,58,63,1,132,2,0,2,134
09/17/2007,SGF,MO,ACE,CE,Combined TRACON& Tower with Radar,1,81,49,4,135,0,0,0,0,0,1,81,49,4,135,10,0,10,145
09/18/2007,SGF,MO,ACE,CE,Combined TRACON& Tower with Radar,25,78,54,0,157,0,4,25,6,35,25,82,79,6,192,4,6,10,202
09/19/2007,SGF,MO,ACE,CE,Combined TRACON& Tower with Radar,22,72,62,5,161,0,1,43,7,51,22,73,105,12,212,78,2,80,292
09/20/2007,SGF,MO,ACE,CE,Combined TRACON& Tower with Radar,21,93,66,4,184,0,8,40,8,56,21,101,106,12,240,28,2,30,270
09/21/2007,SGF,MO,ACE,CE,Combined TRACON& Tower with Radar,25,76,53,13,167,0,0,10,0,10,25,76,63,13,177,10,0,10,187
09/22/2007,SGF,MO,ACE,CE,Combined TRACON& Tower with Radar,19,52,33,3,107,0,0,57,5,62,19,52,90,8,169,40,0,40,209
09/23/2007,SGF,MO,ACE,CE,Combined TRACON& Tower with Radar,9,62,44,0,115,0,8,37,0,45,9,70,81,0,160,24,0,24,184
09/24/2007,SGF,MO,ACE,CE,Combined TRACON& Tower with Radar,8,60,70,11,149,0,6,18,6,30,8,66,88,17,179,0,8,8,187
09/25/2007,SGF,MO,ACE,CE,Combined TRACON& Tower with Radar,20,70,48,3,141,0,5,13,6,24,20,75,61,9,165,0,0,0,165
09/26/2007,SGF,MO,ACE,CE,Combined TRACON& Tower with Radar,20,81,78,0,179,0,0,2,0,2,20,81,80,0,181,0,0,0,181
09/27/2007,SGF,MO,ACE,CE,Combined TRACON& Tower with Radar,23,79,60,17,179,0,3,35,2,40,23,82,95,19,219,41,2,43,262
09/28/2007,SGF,MO,ACE,CE,Combined TRACON& Tower with Radar,23,65,50,1,139,0,3,62,5,70,23,68,112,6,209,24,0,24,233
09/29/2007,SGF,MO,ACE,CE,Combined TRACON& Tower with Radar,19,55,27,1,102,0,1,42,0,43,19,56,69,1,145,74,0,74,219
09/30/2007,SGF,MO,ACE,CE,Combined TRACON& Tower with Radar,8,64,25,0,97,0,2,24,0,26,8,66,49,0,123,18,0,18,141
10/01/2007,SGF,MO,ACE,CE,Combined TRACON& Tower with Radar,11,81,38,20,150,0,4,33,11,48,11,85,71,31,198,58,0,58,256
10/02/2007,SGF,MO,ACE,CE,Combined TRACON& Tower with Radar,22,67,47,5,141,0,3,11,7,21,22,70,58,12,162,0,0,0,162
10/03/2007,SGF,MO,ACE,CE,Combined TRACON& Tower with Radar,31,60,69,13,173,0,5,46,20,71,31,65,115,33,244,24,8,32,276
10/04/2007,SGF,MO,ACE,CE,Combined TRACON& Tower with Radar,25,64,56,7,152,0,1,39,16,56,25,65,95,23,208,22,0,22,230
10/05/2007,SGF,MO,ACE,CE,Combined TRACON& Tower with Radar,17,79,46,18,160,0,5,38,11,54,17,84,84,29,214,36,28,64,278
10/06/2007,SGF,MO,ACE,CE,Combined TRACON& Tower with Radar,17,59,26,0,102,0,0,38,1,39,17,59,64,1,141,14,0,14,155
10/07/2007,SGF,MO,ACE,CE,Combined TRACON& Tower with Radar,9,59,32,0,100,0,0,34,0,34,9,59,66,0,134,90,0,90,224
10/08/2007,SGF,MO,ACE,CE,Combined TRACON& Tower with Radar,17,61,46,0,124,0,3,8,0,11,17,64,54,0,135,8,0,8,143
10/09/2007,SGF,MO,ACE,CE,Combined TRACON& Tower with Radar,22,81,44,9,156,0,4,48,4,56,22,85,92,13,212,28,4,32,244
10/10/2007,SGF,MO,ACE,CE,Combined TRACON& Tower with Radar,23,73,54,5,155,0,4,34,9,47,23,77,88,14,202,20,0,20,222
10/11/2007,SGF,MO,ACE,CE,Combined TRACON& Tower with Radar,20,80,41,6,147,0,4,32,9,45,20,84,73,15,192,18,0,18,210
10/12/2007,SGF,MO,ACE,CE,Combined TRACON& Tower with Radar,23,80,40,4,147,0,10,43,4,57,23,90,83,8,204,38,0,38,242
10/13/2007,SGF,MO,ACE,CE,Combined TRACON& Tower with Radar,19,55,32,0,106,0,4,14,4,22,19,59,46,4,128,24,0,24,152
10/14/2007,SGF,MO,ACE,CE,Combined TRACON& Tower with Radar,10,62,21,0,93,0,1,19,0,20,10,63,40,0,113,46,0,46,159
10/15/2007,SGF,MO,ACE,CE,Combined TRACON& Tower with Radar,9,66,39,31,145,0,0,0,0,0,9,66,39,31,145,8,20,28,173
10/16/2007,SGF,MO,ACE,CE,Combined TRACON& Tower with Radar,21,79,64,7,171,0,6,32,3,41,21,85,96,10,212,6,0,6,218
10/17/2007,SGF,MO,ACE,CE,Combined TRACON& Tower with Radar,23,78,66,3,170,0,1,3,5,9,23,79,69,8,179,0,4,4,183
10/18/2007,SGF,MO,ACE,CE,Combined TRACON& Tower with Radar,22,74,50,14,160,0,6,20,12,38,22,80,70,26,198,24,14,38,236
10/19/2007,SGF,MO,ACE,CE,Combined TRACON& Tower with Radar,22,78,41,4,145,0,3,22,9,34,22,81,63,13,179,6,0,6,185
10/20/2007,SGF,MO,ACE,CE,Combined TRACON& Tower with Radar,17,52,22,0,91,0,0,34,2,36,17,52,56,2,127,26,0,26,153
10/21/2007,SGF,MO,ACE,CE,Combined TRACON& Tower with Radar,10,58,31,2,101,0,2,28,2,32,10,60,59,4,133,0,0,0,133
10/22/2007,SGF,MO,ACE,CE,Combined TRACON& Tower with Radar,9,73,45,20,147,0,2,1,1,4,9,75,46,21,151,0,0,0,151
10/23/2007,SGF,MO,ACE,CE,Combined TRACON& Tower with Radar,24,72,63,20,179,0,5,30,19,54,24,77,93,39,233,8,14,22,255
10/24/2007,SGF,MO,ACE,CE,Combined TRACON& Tower with Radar,28,74,72,8,182,0,5,38,19,62,28,79,110,27,244,0,0,0,244
10/25/2007,SGF,MO,ACE,CE,Combined TRACON& Tower with Radar,26,74,70,5,175,0,5,30,11,46,26,79,100,16,221,10,0,10,231
10/26/2007,SGF,MO,ACE,CE,Combined TRACON& Tower with Radar,27,63,69,7,166,0,0,13,6,19,27,63,82,13,185,24,14,38,223
10/27/2007,SGF,MO,ACE,CE,Combined TRACON& Tower with Radar,18,57,52,2,129,0,1,56,3,60,18,58,108,5,189,36,0,36,225
10/28/2007,SGF,MO,ACE,CE,Combined TRACON& Tower with Radar,9,58,31,12,110,0,2,47,0,49,9,60,78,12,159,18,0,18,177
10/29/2007,SGF,MO,ACE,CE,Combined TRACON& Tower with Radar,8,66,55,13,142,0,4,38,12,54,8,70,93,25,196,24,32,56,252
10/30/2007,SGF,MO,ACE,CE,Combined TRACON& Tower with Radar,22,69,46,3,140,0,10,27,6,43,22,79,73,9,183,22,16,38,221
10/31/2007,SGF,MO,ACE,CE,Combined TRACON& Tower with Radar,21,71,55,5,152,0,4,18,2,24,21,75,73,7,176,4,0,4,180
11/01/2007,SGF,MO,ACE,CE,Combined TRACON& Tower with Radar,20,81,57,6,164,0,5,37,4,46,20,86,94,10,210,12,16,28,238
11/02/2007,SGF,MO,ACE,CE,Combined TRACON& Tower with Radar,19,82,56,14,171,0,9,38,2,49,19,91,94,16,220,4,6,10,230
11/03/2007,SGF,MO,ACE,CE,Combined TRACON& Tower with Radar,26,47,31,0,104,0,0,69,9,78,26,47,100,9,182,70,6,76,258
11/04/2007,SGF,MO,ACE,CE,Combined TRACON& Tower with Radar,9,62,33,3,107,0,0,51,2,53,9,62,84,5,160,20,0,20,180
11/05/2007,SGF,MO,ACE,CE,Combined TRACON& Tower with Radar,6,76,32,10,124,0,0,0,0,0,6,76,32,10,124,12,0,12,136
11/06/2007,SGF,MO,ACE,CE,Combined TRACON& Tower with Radar,22,75,58,20,175,0,3,13,5,21,22,78,71,25,196,0,26,26,222
11/07/2007,SGF,MO,ACE,CE,Combined TRACON& Tower with Radar,23,77,55,12,167,0,5,30,7,42,23,82,85,19,209,22,18,40,249
11/08/2007,SGF,MO,ACE,CE,Combined TRACON& Tower with Radar,19,84,55,2,160,0,1,50,5,56,19,85,105,7,216,0,0,0,216
11/09/2007,SGF,MO,ACE,CE,Combined TRACON& Tower with Radar,25,79,37,3,144,0,3,39,2,44,25,82,76,5,188,54,0,54,242
11/10/2007,SGF,MO,ACE,CE,Combined TRACON& Tower with Radar,19,64,20,1,104,0,0,30,1,31,19,64,50,2,135,12,4,16,151
11/11/2007,SGF,MO,ACE,CE,Combined TRACON& Tower with Radar,5,68,32,0,105,0,4,17,0,21,5,72,49,0,126,14,0,14,140
11/12/2007,SGF,MO,ACE,CE,Combined TRACON& Tower with Radar,13,71,40,0,124,0,0,0,0,0,13,71,40,0,124,0,0,0,124
11/13/2007,SGF,MO,ACE,CE,Combined TRACON& Tower with Radar,20,82,41,3,146,0,0,0,0,0,20,82,41,3,146,20,12,32,178
11/14/2007,SGF,MO,ACE,CE,Combined TRACON& Tower with Radar,21,77,48,1,147,0,2,11,8,21,21,79,59,9,168,18,0,18,186
11/15/2007,SGF,MO,ACE,CE,Combined TRACON& Tower with Radar,16,73,62,2,153,0,3,24,7,34,16,76,86,9,187,40,0,40,227
11/16/2007,SGF,MO,ACE,CE,Combined TRACON& Tower with Radar,23,78,59,2,162,0,6,28,4,38,23,84,87,6,200,0,0,0,200
11/17/2007,SGF,MO,ACE,CE,Combined TRACON& Tower with Radar,15,59,45,0,119,0,2,40,0,42,15,61,85,0,161,36,0,36,197
11/18/2007,SGF,MO,ACE,CE,Combined TRACON& Tower with Radar,5,60,24,0,89,0,0,36,0,36,5,60,60,0,125,58,0,58,183
11/19/2007,SGF,MO,ACE,CE,Combined TRACON& Tower with Radar,10,77,58,9,154,0,0,0,0,0,10,77,58,9,154,34,8,42,196
11/20/2007,SGF,MO,ACE,CE,Combined TRACON& Tower with Radar,21,77,72,18,188,0,5,14,2,21,21,82,86,20,209,8,8,16,225
11/21/2007,SGF,MO,ACE,CE,Combined TRACON& Tower with Radar,32,77,47,0,156,0,1,0,0,1,32,78,47,0,157,0,0,0,157
11/22/2007,SGF,MO,ACE,CE,Combined TRACON& Tower with Radar,7,46,25,0,78,0,1,20,0,21,7,47,45,0,99,0,0,0,99
11/23/2007,SGF,MO,ACE,CE,Combined TRACON& Tower with Radar,18,46,25,0,89,0,0,0,0,0,18,46,25,0,89,12,0,12,101
11/24/2007,SGF,MO,ACE,CE,Combined TRACON& Tower with Radar,18,58,19,0,95,0,0,20,0,20,18,58,39,0,115,10,0,10,125
11/25/2007,SGF,MO,ACE,CE,Combined TRACON& Tower with Radar,9,57,28,0,94,0,0,3,0,3,9,57,31,0,97,0,0,0,97
11/26/2007,SGF,MO,ACE,CE,Combined TRACON& Tower with Radar,11,81,38,2,132,0,0,7,0,7,11,81,45,2,139,6,0,6,145
11/27/2007,SGF,MO,ACE,CE,Combined TRACON& Tower with Radar,18,95,62,13,188,0,2,40,7,49,18,97,102,20,237,10,6,16,253
11/28/2007,SGF,MO,ACE,CE,Combined TRACON& Tower with Radar,25,77,48,16,166,0,8,23,5,36,25,85,71,21,202,0,0,0,202
11/29/2007,SGF,MO,ACE,CE,Combined TRACON& Tower with Radar,22,72,60,19,173,0,2,32,7,41,22,74,92,26,214,0,10,10,224
11/30/2007,SGF,MO,ACE,CE,Combined TRACON& Tower with Radar,28,69,49,1,147,0,2,26,15,43,28,71,75,16,190,42,0,42,232
12/01/2007,SGF,MO,ACE,CE,Combined TRACON& Tower with Radar,16,56,33,1,106,0,8,5,0,13,16,64,38,1,119,0,0,0,119
12/02/2007,SGF,MO,ACE,CE,Combined TRACON& Tower with Radar,3,67,30,1,101,0,0,4,0,4,3,67,34,1,105,0,0,0,105
12/03/2007,SGF,MO,ACE,CE,Combined TRACON& Tower with Radar,10,80,39,6,135,0,0,0,0,0,10,80,39,6,135,14,0,14,149
12/04/2007,SGF,MO,ACE,CE,Combined TRACON& Tower with Radar,22,66,56,13,157,0,6,32,12,50,22,72,88,25,207,12,12,24,231
12/05/2007,SGF,MO,ACE,CE,Combined TRACON& Tower with Radar,21,78,47,9,155,0,12,12,10,34,21,90,59,19,189,26,0,26,215
12/06/2007,SGF,MO,ACE,CE,Combined TRACON& Tower with Radar,21,80,50,2,153,0,0,5,0,5,21,80,55,2,158,4,0,4,162
12/07/2007,SGF,MO,ACE,CE,Combined TRACON& Tower with Radar,21,80,40,2,143,4,9,0,7,20,25,89,40,9,163,10,24,34,197
12/08/2007,SGF,MO,ACE,CE,Combined TRACON& Tower with Radar,13,60,18,3,94,0,0,0,0,0,13,60,18,3,94,0,0,0,94
12/09/2007,SGF,MO,ACE,CE,Combined TRACON& Tower with Radar,6,51,23,0,80,0,0,0,0,0,6,51,23,0,80,0,0,0,80
12/10/2007,SGF,MO,ACE,CE,Combined TRACON& Tower with Radar,0,0,1,0,1,0,0,0,0,0,0,0,1,0,1,0,0,0,1
12/11/2007,SGF,MO,ACE,CE,Combined TRACON& Tower with Radar,20,72,38,0,130,0,0,0,0,0,20,72,38,0,130,4,0,4,134
12/12/2007,SGF,MO,ACE,CE,Combined TRACON& Tower with Radar,24,78,39,0,141,0,0,0,0,0,24,78,39,0,141,0,0,0,141
12/13/2007,SGF,MO,ACE,CE,Combined TRACON& Tower with Radar,27,79,71,17,194,0,2,1,5,8,27,81,72,22,202,0,0,0,202
12/14/2007,SGF,MO,ACE,CE,Combined TRACON& Tower with Radar,30,69,51,3,153,0,4,21,11,36,30,73,72,14,189,22,0,22,211
12/15/2007,SGF,MO,ACE,CE,Combined TRACON& Tower with Radar,16,49,5,0,70,0,0,0,0,0,16,49,5,0,70,0,0,0,70
12/16/2007,SGF,MO,ACE,CE,Combined TRACON& Tower with Radar,4,55,16,1,76,0,1,21,1,23,4,56,37,2,99,0,24,24,123
12/17/2007,SGF,MO,ACE,CE,Combined TRACON& Tower with Radar,8,79,37,19,143,0,3,24,3,30,8,82,61,22,173,6,56,62,235
12/18/2007,SGF,MO,ACE,CE,Combined TRACON& Tower with Radar,21,78,42,5,146,0,2,28,8,38,21,80,70,13,184,9,2,11,195
12/19/2007,SGF,MO,ACE,CE,Combined TRACON& Tower with Radar,20,75,53,13,161,0,2,22,7,31,20,77,75,20,192,12,14,26,218
12/20/2007,SGF,MO,ACE,CE,Combined TRACON& Tower with Radar,30,73,50,9,162,0,0,7,7,14,30,73,57,16,176,6,0,6,182
12/21/2007,SGF,MO,ACE,CE,Combined TRACON& Tower with Radar,22,74,65,6,167,0,1,17,0,18,22,75,82,6,185,8,0,8,193
12/22/2007,SGF,MO,ACE,CE,Combined TRACON& Tower with Radar,18,53,35,0,106,0,0,1,0,1,18,53,36,0,107,0,0,0,107
12/23/2007,SGF,MO,ACE,CE,Combined TRACON& Tower with Radar,4,61,39,0,104,0,0,0,0,0,4,61,39,0,104,0,0,0,104
12/24/2007,SGF,MO,ACE,CE,Combined TRACON& Tower with Radar,12,68,28,0,108,0,5,34,0,39,12,73,62,0,147,0,14,14,161
12/25/2007,SGF,MO,ACE,CE,Combined TRACON& Tower with Radar,5,45,11,0,61,0,0,7,0,7,5,45,18,0,68,0,0,0,68
12/26/2007,SGF,MO,ACE,CE,Combined TRACON& Tower with Radar,14,73,25,4,116,0,2,11,13,26,14,75,36,17,142,8,0,8,150
12/27/2007,SGF,MO,ACE,CE,Combined TRACON& Tower with Radar,15,66,27,2,110,0,0,0,0,0,15,66,27,2,110,0,0,0,110
12/28/2007,SGF,MO,ACE,CE,Combined TRACON& Tower with Radar,21,68,15,0,104,0,1,4,0,5,21,69,19,0,109,0,0,0,109
12/29/2007,SGF,MO,ACE,CE,Combined TRACON& Tower with Radar,16,57,44,0,117,0,1,41,2,44,16,58,85,2,161,5,0,5,166
12/30/2007,SGF,MO,ACE,CE,Combined TRACON& Tower with Radar,6,57,23,0,86,0,0,28,0,28,6,57,51,0,114,12,0,12,126
12/31/2007,SGF,MO,ACE,CE,Combined TRACON& Tower with Radar,13,56,28,2,99,0,7,16,5,28,13,63,44,7,127,0,0,0,127
01/01/2008,SGF,MO,ACE,CE,Combined TRACON& Tower with Radar,4,53,22,0,79,0,3,12,0,15,4,56,34,0,94,0,0,0,94
01/02/2008,SGF,MO,ACE,CE,Combined TRACON& Tower with Radar,13,84,29,1,127,0,3,7,12,22,13,87,36,13,149,0,0,0,149
01/03/2008,SGF,MO,ACE,CE,Combined TRACON& Tower with Radar,25,86,46,7,164,0,1,19,4,24,25,87,65,11,188,12,12,24,212
01/04/2008,SGF,MO,ACE,CE,Combined TRACON& Tower with Radar,20,87,42,1,150,0,1,21,1,23,20,88,63,2,173,14,0,14,187
01/05/2008,SGF,MO,ACE,CE,Combined TRACON& Tower with Radar,18,62,25,0,105,0,0,24,4,28,18,62,49,4,133,6,0,6,139
01/06/2008,SGF,MO,ACE,CE,Combined TRACON& Tower with Radar,5,56,16,1,78,0,0,0,0,0,5,56,16,1,78,0,0,0,78
01/07/2008,SGF,MO,ACE,CE,Combined TRACON& Tower with Radar,10,67,32,8,117,0,1,0,0,1,10,68,32,8,118,5,0,5,123
01/08/2008,SGF,MO,ACE,CE,Combined TRACON& Tower with Radar,21,83,34,0,138,0,0,0,0,0,21,83,34,0,138,0,0,0,138
01/09/2008,SGF,MO,ACE,CE,Combined TRACON& Tower with Radar,11,75,59,13,158,2,16,8,1,27,13,91,67,14,185,45,0,45,230
01/10/2008,SGF,MO,ACE,CE,Combined TRACON& Tower with Radar,17,76,60,12,165,0,1,3,2,6,17,77,63,14,171,12,0,12,183
01/11/2008,SGF,MO,ACE,CE,Combined TRACON& Tower with Radar,22,78,34,4,138,0,1,33,14,48,22,79,67,18,186,36,4,40,226
01/12/2008,SGF,MO,ACE,CE,Combined TRACON& Tower with Radar,16,56,19,2,93,0,8,41,5,54,16,64,60,7,147,41,0,41,188
01/13/2008,SGF,MO,ACE,CE,Combined TRACON& Tower with Radar,7,54,22,4,87,0,5,35,3,43,7,59,57,7,130,8,0,8,138
01/14/2008,SGF,MO,ACE,CE,Combined TRACON& Tower with Radar,12,70,52,14,148,0,2,14,7,23,12,72,66,21,171,30,0,30,201
01/15/2008,SGF,MO,ACE,CE,Combined TRACON& Tower with Radar,17,73,57,4,151,0,4,27,20,51,17,77,84,24,202,30,0,30,232
01/16/2008,SGF,MO,ACE,CE,Combined TRACON& Tower with Radar,11,85,36,6,138,0,2,17,6,25,11,87,53,12,163,2,0,2,165
01/17/2008,SGF,MO,ACE,CE,Combined TRACON& Tower with Radar,20,71,31,19,141,0,1,10,7,18,20,72,41,26,159,6,12,18,177
01/18/2008,SGF,MO,ACE,CE,Combined TRACON& Tower with Radar,22,80,48,5,155,0,1,35,7,43,22,81,83,12,198,22,8,30,228
01/19/2008,SGF,MO,ACE,CE,Combined TRACON& Tower with Radar,10,59,16,0,85,0,1,16,0,17,10,60,32,0,102,6,0,6,108
01/20/2008,SGF,MO,ACE,CE,Combined TRACON& Tower with Radar,4,63,20,0,87,0,0,0,0,0,4,63,20,0,87,8,0,8,95
01/21/2008,SGF,MO,ACE,CE,Combined TRACON& Tower with Radar,12,54,22,0,88,0,1,8,2,11,12,55,30,2,99,24,0,24,123
01/22/2008,SGF,MO,ACE,CE,Combined TRACON& Tower with Radar,17,65,37,1,120,0,2,6,0,8,17,67,43,1,128,13,0,13,141
01/23/2008,SGF,MO,ACE,CE,Combined TRACON& Tower with Radar,16,75,56,4,151,0,1,20,11,32,16,76,76,15,183,12,4,16,199
01/24/2008,SGF,MO,ACE,CE,Combined TRACON& Tower with Radar,15,78,67,1,161,0,0,0,0,0,15,78,67,1,161,16,6,22,183
01/25/2008,SGF,MO,ACE,CE,Combined TRACON& Tower with Radar,21,70,40,3,134,0,0,20,4,24,21,70,60,7,158,12,2,14,172
01/26/2008,SGF,MO,ACE,CE,Combined TRACON& Tower with Radar,16,60,31,0,107,0,0,37,0,37,16,60,68,0,144,64,0,64,208
01/27/2008,SGF,MO,ACE,CE,Combined TRACON& Tower with Radar,4,62,31,0,97,0,1,50,0,51,4,63,81,0,148,30,0,30,178
01/28/2008,SGF,MO,ACE,CE,Combined TRACON& Tower with Radar,15,64,45,0,124,0,6,23,8,37,15,70,68,8,161,24,0,24,185
01/29/2008,SGF,MO,ACE,CE,Combined TRACON& Tower with Radar,19,75,43,1,138,0,0,6,5,11,19,75,49,6,149,0,0,0,149
01/30/2008,SGF,MO,ACE,CE,Combined TRACON& Tower with Radar,17,76,47,11,151,0,4,20,14,38,17,80,67,25,189,2,12,14,203
01/31/2008,SGF,MO,ACE,CE,Combined TRACON& Tower with Radar,17,62,31,2,112,0,1,1,0,2,17,63,32,2,114,0,0,0,114
02/01/2008,SGF,MO,ACE,CE,Combined TRACON& Tower with Radar,20,75,41,11,147,0,1,8,2,11,20,76,49,13,158,0,0,0,158
02/02/2008,SGF,MO,ACE,CE,Combined TRACON& Tower with Radar,24,45,44,0,113,0,6,52,2,60,24,51,96,2,173,20,0,20,193
02/03/2008,SGF,MO,ACE,CE,Combined TRACON& Tower with Radar,3,53,23,0,79,0,0,6,0,6,3,53,29,0,85,22,0,22,107
02/04/2008,SGF,MO,ACE,CE,Combined TRACON& Tower with Radar,14,76,44,10,144,0,1,2,3,6,14,77,46,13,150,8,0,8,158
02/05/2008,SGF,MO,ACE,CE,Combined TRACON& Tower with Radar,17,63,29,0,109,0,1,0,0,1,17,64,29,0,110,0,0,0,110
02/06/2008,SGF,MO,ACE,CE,Combined TRACON& Tower with Radar,14,65,28,2,109,0,1,7,2,10,14,66,35,4,119,0,0,0,119
02/07/2008,SGF,MO,ACE,CE,Combined TRACON& Tower with Radar,25,81,52,12,170,0,5,14,6,25,25,86,66,18,195,13,20,33,228
02/08/2008,SGF,MO,ACE,CE,Combined TRACON& Tower with Radar,22,82,43,3,150,0,1,39,14,54,22,83,82,17,204,12,0,12,216
02/09/2008,SGF,MO,ACE,CE,Combined TRACON& Tower with Radar,15,50,20,0,85,0,2,27,12,41,15,52,47,12,126,28,0,28,154
02/10/2008,SGF,MO,ACE,CE,Combined TRACON& Tower with Radar,9,55,36,1,101,0,1,36,6,43,9,56,72,7,144,6,0,6,150
02/11/2008,SGF,MO,ACE,CE,Combined TRACON& Tower with Radar,5,24,15,0,44,0,1,0,0,1,5,25,15,0,45,0,0,0,45
02/12/2008,SGF,MO,ACE,CE,Combined TRACON& Tower with Radar,6,46,23,0,75,0,1,2,1,4,6,47,25,1,79,0,0,0,79
02/13/2008,SGF,MO,ACE,CE,Combined TRACON& Tower with Radar,19,80,66,5,170,0,1,16,5,22,19,81,82,10,192,0,0,0,192
02/14/2008,SGF,MO,ACE,CE,Combined TRACON& Tower with Radar,25,68,28,0,121,0,2,12,9,23,25,70,40,9,144,0,0,0,144
02/15/2008,SGF,MO,ACE,CE,Combined TRACON& Tower with Radar,19,77,36,2,134,0,0,8,1,9,19,77,44,3,143,0,0,0,143
02/16/2008,SGF,MO,ACE,CE,Combined TRACON& Tower with Radar,16,55,28,0,99,0,0,0,0,0,16,55,28,0,99,0,0,0,99
02/17/2008,SGF,MO,ACE,CE,Combined TRACON& Tower with Radar,4,55,8,0,67,0,0,0,0,0,4,55,8,0,67,0,0,0,67
02/18/2008,SGF,MO,ACE,CE,Combined TRACON& Tower with Radar,10,58,30,0,98,0,1,15,3,19,10,59,45,3,117,0,0,0,117
02/19/2008,SGF,MO,ACE,CE,Combined TRACON& Tower with Radar,16,81,47,8,152,0,3,34,5,42,16,84,81,13,194,24,4,28,222
02/20/2008,SGF,MO,ACE,CE,Combined TRACON& Tower with Radar,15,84,41,9,149,0,2,14,12,28,15,86,55,21,177,4,0,4,181
02/21/2008,SGF,MO,ACE,CE,Combined TRACON& Tower with Radar,15,50,19,0,84,0,1,0,0,1,15,51,19,0,85,0,0,0,85
02/22/2008,SGF,MO,ACE,CE,Combined TRACON& Tower with Radar,22,75,25,4,126,0,0,0,0,0,22,75,25,4,126,0,0,0,126
02/23/2008,SGF,MO,ACE,CE,Combined TRACON& Tower with Radar,16,60,24,4,104,0,0,2,4,6,16,60,26,8,110,0,0,0,110
02/24/2008,SGF,MO,ACE,CE,Combined TRACON& Tower with Radar,6,58,29,0,93,0,0,0,0,0,6,58,29,0,93,0,0,0,93
02/25/2008,SGF,MO,ACE,CE,Combined TRACON& Tower with Radar,7,80,36,3,126,0,2,5,6,13,7,82,41,9,139,0,0,0,139
02/26/2008,SGF,MO,ACE,CE,Combined TRACON& Tower with Radar,19,80,52,2,153,0,1,7,7,15,19,81,59,9,168,8,0,8,176
02/27/2008,SGF,MO,ACE,CE,Combined TRACON& Tower with Radar,26,80,47,4,157,0,0,33,8,41,26,80,80,12,198,98,14,112,310
02/28/2008,SGF,MO,ACE,CE,Combined TRACON& Tower with Radar,19,76,51,5,151,0,1,33,6,40,19,77,84,11,191,18,10,28,219
02/29/2008,SGF,MO,ACE,CE,Combined TRACON& Tower with Radar,22,80,47,5,154,0,1,53,6,60,22,81,100,11,214,16,0,16,230
03/01/2008,SGF,MO,ACE,CE,Combined TRACON& Tower with Radar,18,54,32,1,105,0,0,43,3,46,18,54,75,4,151,16,0,16,167
03/02/2008,SGF,MO,ACE,CE,Combined TRACON& Tower with Radar,4,58,15,9,86,0,5,3,0,8,4,63,18,9,94,0,0,0,94
03/03/2008,SGF,MO,ACE,CE,Combined TRACON& Tower with Radar,10,74,8,0,92,0,1,1,0,2,10,75,9,0,94,0,0,0,94
03/04/2008,SGF,MO,ACE,CE,Combined TRACON& Tower with Radar,10,61,28,9,108,0,0,18,2,20,10,61,46,11,128,10,0,10,138
03/05/2008,SGF,MO,ACE,CE,Combined TRACON& Tower with Radar,19,79,58,3,159,0,1,24,4,29,19,80,82,7,188,14,8,22,210
03/06/2008,SGF,MO,ACE,CE,Combined TRACON& Tower with Radar,17,70,52,3,142,0,0,5,3,8,17,70,57,6,150,4,2,6,156
03/07/2008,SGF,MO,ACE,CE,Combined TRACON& Tower with Radar,19,73,44,12,148,0,2,7,10,19,19,75,51,22,167,0,20,20,187
03/08/2008,SGF,MO,ACE,CE,Combined TRACON& Tower with Radar,22,47,32,13,114,0,0,0,0,0,22,47,32,13,114,72,16,88,202
03/09/2008,SGF,MO,ACE,CE,Combined TRACON& Tower with Radar,0,1,32,2,35,0,0,8,6,14,0,1,40,8,49,42,0,42,91
03/10/2008,SGF,MO,ACE,CE,Combined TRACON& Tower with Radar,10,81,30,2,123,0,0,36,7,43,10,81,66,9,166,14,4,18,184
03/11/2008,SGF,MO,ACE,CE,Combined TRACON& Tower with Radar,22,69,48,23,162,0,0,29,7,36,22,69,77,30,198,24,16,40,238
03/12/2008,SGF,MO,ACE,CE,Combined TRACON& Tower with Radar,19,72,56,15,162,0,1,23,9,33,19,73,79,24,195,0,6,6,201
03/13/2008,SGF,MO,ACE,CE,Combined TRACON& Tower with Radar,19,76,55,7,157,0,1,19,5,25,19,77,74,12,182,10,0,10,192
03/14/2008,SGF,MO,ACE,CE,Combined TRACON& Tower with Radar,21,79,48,4,152,0,3,30,10,43,21,82,78,14,195,30,0,30,225
03/15/2008,SGF,MO,ACE,CE,Combined TRACON& Tower with Radar,21,49,26,0,96,0,0,0,0,0,21,49,26,0,96,0,0,0,96
03/16/2008,SGF,MO,ACE,CE,Combined TRACON& Tower with Radar,6,59,37,0,102,0,4,33,1,38,6,63,70,1,140,12,0,12,152
03/17/2008,SGF,MO,ACE,CE,Combined TRACON& Tower with Radar,17,67,38,0,122,0,4,0,1,5,17,71,38,1,127,0,0,0,127
03/18/2008,SGF,MO,ACE,CE,Combined TRACON& Tower with Radar,21,54,14,0,89,0,0,0,0,0,21,54,14,0,89,0,0,0,89
03/19/2008,SGF,MO,ACE,CE,Combined TRACON& Tower with Radar,17,77,51,5,150,0,0,27,7,34,17,77,78,12,184,10,0,10,194
03/20/2008,SGF,MO,ACE,CE,Combined TRACON& Tower with Radar,16,75,58,11,160,9,55,342,18,424,25,130,400,29,584,8,3,11,595
03/21/2008,SGF,MO,ACE,CE,Combined TRACON& Tower with Radar,18,70,32,1,121,0,2,33,5,40,18,72,65,6,161,14,0,14,175
03/22/2008,SGF,MO,ACE,CE,Combined TRACON& Tower with Radar,14,62,35,0,111,0,3,47,4,54,14,65,82,4,165,16,0,16,181
03/23/2008,SGF,MO,ACE,CE,Combined TRACON& Tower with Radar,7,56,28,0,91,0,5,10,0,15,7,61,38,0,106,30,0,30,136
03/24/2008,SGF,MO,ACE,CE,Combined TRACON& Tower with Radar,13,62,60,24,159,0,1,30,3,34,13,63,90,27,193,22,8,30,223
03/25/2008,SGF,MO,ACE,CE,Combined TRACON& Tower with Radar,15,74,55,10,154,0,3,21,8,32,15,77,76,18,186,0,0,0,186
03/26/2008,SGF,MO,ACE,CE,Combined TRACON& Tower with Radar,14,90,40,6,150,0,0,24,3,27,14,90,64,9,177,0,0,0,177
03/27/2008,SGF,MO,ACE,CE,Combined TRACON& Tower with Radar,23,69,54,8,154,0,0,21,2,23,23,69,75,10,177,14,4,18,195
03/28/2008,SGF,MO,ACE,CE,Combined TRACON& Tower with Radar,21,92,39,11,163,0,0,11,0,11,21,92,50,11,174,0,0,0,174
03/29/2008,SGF,MO,ACE,CE,Combined TRACON& Tower with Radar,17,52,41,3,113,0,0,0,0,0,17,52,41,3,113,0,0,0,113
03/30/2008,SGF,MO,ACE,CE,Combined TRACON& Tower with Radar,2,63,34,0,99,0,0,3,0,3,2,63,37,0,102,0,0,0,102
03/31/2008,SGF,MO,ACE,CE,Combined TRACON& Tower with Radar,9,65,24,1,99,0,0,0,0,0,9,65,24,1,99,0,0,0,99
04/01/2008,SGF,MO,ACE,CE,Combined TRACON& Tower with Radar,16,87,40,14,157,0,1,41,2,44,16,88,81,16,201,16,0,16,217
04/02/2008,SGF,MO,ACE,CE,Combined TRACON& Tower with Radar,17,68,32,14,131,0,2,34,2,38,17,70,66,16,169,0,4,4,173
04/03/2008,SGF,MO,ACE,CE,Combined TRACON& Tower with Radar,18,77,37,2,134,0,0,1,0,1,18,77,38,2,135,0,0,0,135
04/04/2008,SGF,MO,ACE,CE,Combined TRACON& Tower with Radar,18,88,60,10,176,0,0,11,4,15,18,88,71,14,191,0,8,8,199
04/05/2008,SGF,MO,ACE,CE,Combined TRACON& Tower with Radar,25,51,37,5,118,0,3,59,4,66,25,54,96,9,184,46,0,46,230
04/06/2008,SGF,MO,ACE,CE,Combined TRACON& Tower with Radar,5,55,36,2,98,0,2,32,1,35,5,57,68,3,133,22,0,22,155
04/07/2008,SGF,MO,ACE,CE,Combined TRACON& Tower with Radar,5,76,35,26,142,0,2,26,1,29,5,78,61,27,171,0,0,0,171
04/08/2008,SGF,MO,ACE,CE,Combined TRACON& Tower with Radar,17,75,38,8,138,0,6,1,0,7,17,81,39,8,145,2,18,20,165
04/09/2008,SGF,MO,ACE,CE,Combined TRACON& Tower with Radar,21,76,84,12,193,0,3,12,8,23,21,79,96,20,216,0,4,4,220
04/10/2008,SGF,MO,ACE,CE,Combined TRACON& Tower with Radar,13,72,20,6,111,0,2,11,2,15,13,74,31,8,126,0,0,0,126
04/11/2008,SGF,MO,ACE,CE,Combined TRACON& Tower with Radar,12,78,58,0,148,0,0,12,0,12,12,78,70,0,160,0,0,0,160
04/12/2008,SGF,MO,ACE,CE,Combined TRACON& Tower with Radar,20,50,18,0,88,0,0,0,0,0,20,50,18,0,88,0,0,0,88
04/13/2008,SGF,MO,ACE,CE,Combined TRACON& Tower with Radar,5,60,22,0,87,0,1,4,0,5,5,61,26,0,92,20,0,20,112
04/14/2008,SGF,MO,ACE,CE,Combined TRACON& Tower with Radar,14,70,26,1,111,0,6,36,0,42,14,76,62,1,153,24,0,24,177
04/15/2008,SGF,MO,ACE,CE,Combined TRACON& Tower with Radar,16,78,37,9,140,0,0,32,8,40,16,78,69,17,180,0,12,12,192
04/16/2008,SGF,MO,ACE,CE,Combined TRACON& Tower with Radar,19,68,50,2,139,0,4,19,4,27,19,72,69,6,166,6,0,6,172
04/17/2008,SGF,MO,ACE,CE,Combined TRACON& Tower with Radar,20,76,78,24,198,0,1,26,10,37,20,77,104,34,235,20,14,34,269
04/18/2008,SGF,MO,ACE,CE,Combined TRACON& Tower with Radar,22,69,47,6,144,0,1,4,5,10,22,70,51,11,154,2,28,30,184
04/19/2008,SGF,MO,ACE,CE,Combined TRACON& Tower with Radar,19,53,31,0,103,0,0,0,0,0,19,53,31,0,103,40,0,40,143
04/20/2008,SGF,MO,ACE,CE,Combined TRACON& Tower with Radar,4,55,47,0,106,0,2,38,1,41,4,57,85,1,147,20,0,20,167
04/21/2008,SGF,MO,ACE,CE,Combined TRACON& Tower with Radar,13,76,59,6,154,0,3,20,6,29,13,79,79,12,183,26,0,26,209
04/22/2008,SGF,MO,ACE,CE,Combined TRACON& Tower with Radar,17,72,42,8,139,0,1,16,2,19,17,73,58,10,158,0,0,0,158
04/23/2008,SGF,MO,ACE,CE,Combined TRACON& Tower with Radar,16,77,45,9,147,0,6,23,3,32,16,83,68,12,179,8,1,9,188
04/24/2008,SGF,MO,ACE,CE,Combined TRACON& Tower with Radar,10,82,70,3,165,0,2,18,2,22,10,84,88,5,187,8,4,12,199
04/25/2008,SGF,MO,ACE,CE,Combined TRACON& Tower with Radar,21,64,49,2,136,0,0,7,2,9,21,64,56,4,145,0,0,0,145
04/26/2008,SGF,MO,ACE,CE,Combined TRACON& Tower with Radar,27,45,27,2,101,0,2,68,1,71,27,47,95,3,172,22,12,34,206
04/27/2008,SGF,MO,ACE,CE,Combined TRACON& Tower with Radar,8,48,38,1,95,0,2,16,0,18,8,50,54,1,113,40,0,40,153
04/28/2008,SGF,MO,ACE,CE,Combined TRACON& Tower with Radar,9,75,61,11,156,0,0,27,8,35,9,75,88,19,191,26,0,26,217
04/29/2008,SGF,MO,ACE,CE,Combined TRACON& Tower with Radar,16,73,67,7,163,0,7,44,5,56,16,80,111,12,219,34,0,34,253
04/30/2008,SGF,MO,ACE,CE,Combined TRACON& Tower with Radar,21,74,50,13,158,0,2,30,15,47,21,76,80,28,205,20,17,37,242
05/01/2008,SGF,MO,ACE,CE,Combined TRACON& Tower with Radar,18,66,38,1,123,0,1,7,4,12,18,67,45,5,135,24,0,24,159
05/02/2008,SGF,MO,ACE,CE,Combined TRACON& Tower with Radar,20,60,48,2,130,0,3,17,1,21,20,63,65,3,151,0,0,0,151
05/03/2008,SGF,MO,ACE,CE,Combined TRACON& Tower with Radar,21,49,26,0,96,0,2,17,0,19,21,51,43,0,115,91,0,91,206
05/04/2008,SGF,MO,ACE,CE,Combined TRACON& Tower with Radar,7,51,23,1,82,0,0,0,0,0,7,51,23,1,82,60,0,60,142
05/05/2008,SGF,MO,ACE,CE,Combined TRACON& Tower with Radar,10,73,62,3,148,0,1,36,3,40,10,74,98,6,188,0,5,5,193
05/06/2008,SGF,MO,ACE,CE,Combined TRACON& Tower with Radar,20,73,26,15,134,0,3,16,3,22,20,76,42,18,156,16,0,16,172
05/07/2008,SGF,MO,ACE,CE,Combined TRACON& Tower with Radar,17,61,16,2,96,0,0,0,0,0,17,61,16,2,96,0,0,0,96
05/08/2008,SGF,MO,ACE,CE,Combined TRACON& Tower with Radar,21,85,43,3,152,0,1,3,0,4,21,86,46,3,156,14,0,14,170
05/09/2008,SGF,MO,ACE,CE,Combined TRACON& Tower with Radar,16,78,42,16,152,0,1,19,6,26,16,79,61,22,178,6,0,6,184
05/10/2008,SGF,MO,ACE,CE,Combined TRACON& Tower with Radar,10,58,48,1,117,0,1,3,3,7,10,59,51,4,124,0,0,0,124
05/11/2008,SGF,MO,ACE,CE,Combined TRACON& Tower with Radar,8,59,25,0,92,0,0,0,0,0,8,59,25,0,92,32,0,32,124
05/12/2008,SGF,MO,ACE,CE,Combined TRACON& Tower with Radar,10,72,45,2,129,0,0,52,9,61,10,72,97,11,190,0,52,52,242
05/13/2008,SGF,MO,ACE,CE,Combined TRACON& Tower with Radar,15,82,38,4,139,0,0,12,12,24,15,82,50,16,163,0,0,0,163
05/14/2008,SGF,MO,ACE,CE,Combined TRACON& Tower with Radar,16,78,64,13,171,0,1,29,7,37,16,79,93,20,208,18,0,18,226
05/15/2008,SGF,MO,ACE,CE,Combined TRACON& Tower with Radar,21,69,47,4,141,0,3,2,3,8,21,72,49,7,149,0,0,0,149
05/16/2008,SGF,MO,ACE,CE,Combined TRACON& Tower with Radar,22,76,68,0,166,0,1,36,6,43,22,77,104,6,209,42,0,42,251
05/17/2008,SGF,MO,ACE,CE,Combined TRACON& Tower with Radar,15,50,16,1,82,0,0,0,0,0,15,50,16,1,82,16,0,16,98
05/18/2008,SGF,MO,ACE,CE,Combined TRACON& Tower with Radar,7,55,28,1,91,0,5,20,2,27,7,60,48,3,118,48,0,48,166
05/19/2008,SGF,MO,ACE,CE,Combined TRACON& Tower with Radar,10,70,51,8,139,0,0,30,2,32,10,70,81,10,171,16,0,16,187
05/20/2008,SGF,MO,ACE,CE,Combined TRACON& Tower with Radar,13,76,39,5,133,0,0,38,10,48,13,76,77,15,181,11,8,19,200
05/21/2008,SGF,MO,ACE,CE,Combined TRACON& Tower with Radar,22,79,54,18,173,0,0,37,7,44,22,79,91,25,217,16,0,16,233
05/22/2008,SGF,MO,ACE,CE,Combined TRACON& Tower with Radar,13,75,69,7,164,0,0,29,0,29,13,75,98,7,193,10,0,10,203
05/23/2008,SGF,MO,ACE,CE,Combined TRACON& Tower with Radar,13,87,46,6,152,0,1,23,7,31,13,88,69,13,183,40,0,40,223
05/24/2008,SGF,MO,ACE,CE,Combined TRACON& Tower with Radar,9,57,17,0,83,0,6,11,0,17,9,63,28,0,100,18,0,18,118
05/25/2008,SGF,MO,ACE,CE,Combined TRACON& Tower with Radar,4,50,19,0,73,0,0,0,0,0,4,50,19,0,73,26,0,26,99
05/26/2008,SGF,MO,ACE,CE,Combined TRACON& Tower with Radar,10,56,11,0,77,0,3,6,2,11,10,59,17,2,88,34,0,34,122
05/27/2008,SGF,MO,ACE,CE,Combined TRACON& Tower with Radar,28,66,51,5,150,0,1,15,0,16,28,67,66,5,166,4,0,4,170
05/28/2008,SGF,MO,ACE,CE,Combined TRACON& Tower with Radar,21,69,56,21,167,0,2,6,1,9,21,71,62,22,176,0,0,0,176
05/29/2008,SGF,MO,ACE,CE,Combined TRACON& Tower with Radar,18,76,56,13,163,0,0,39,5,44,18,76,95,18,207,62,0,62,269
05/30/2008,SGF,MO,ACE,CE,Combined TRACON& Tower with Radar,25,72,44,12,153,0,2,36,5,43,25,74,80,17,196,58,12,70,266
05/31/2008,SGF,MO,ACE,CE,Combined TRACON& Tower with Radar,9,61,21,1,92,0,2,20,0,22,9,63,41,1,114,36,0,36,150
06/01/2008,SGF,MO,ACE,CE,Combined TRACON& Tower with Radar,11,55,26,1,93,0,0,0,0,0,11,55,26,1,93,4,0,4,97
06/02/2008,SGF,MO,ACE,CE,Combined TRACON& Tower with Radar,14,67,32,3,116,0,1,10,6,17,14,68,42,9,133,0,2,2,135
06/03/2008,SGF,MO,ACE,CE,Combined TRACON& Tower with Radar,16,70,42,7,135,0,0,18,5,23,16,70,60,12,158,4,0,4,162
06/04/2008,SGF,MO,ACE,CE,Combined TRACON& Tower with Radar,21,67,48,0,136,0,5,17,3,25,21,72,65,3,161,72,6,78,239
06/05/2008,SGF,MO,ACE,CE,Combined TRACON& Tower with Radar,28,70,45,0,143,0,0,18,6,24,28,70,63,6,167,16,0,16,183
06/06/2008,SGF,MO,ACE,CE,Combined TRACON& Tower with Radar,13,84,31,4,132,0,2,8,2,12,13,86,39,6,144,8,8,16,160
06/07/2008,SGF,MO,ACE,CE,Combined TRACON& Tower with Radar,19,58,30,2,109,0,0,0,0,0,19,58,30,2,109,16,0,16,125
06/08/2008,SGF,MO,ACE,CE,Combined TRACON& Tower with Radar,10,59,22,4,95,0,4,21,1,26,10,63,43,5,121,28,0,28,149
06/09/2008,SGF,MO,ACE,CE,Combined TRACON& Tower with Radar,8,62,39,1,110,0,1,2,1,4,8,63,41,2,114,6,0,6,120
06/10/2008,SGF,MO,ACE,CE,Combined TRACON& Tower with Radar,15,79,44,10,148,0,6,38,3,47,15,85,82,13,195,14,0,14,209
06/11/2008,SGF,MO,ACE,CE,Combined TRACON& Tower with Radar,23,77,58,6,164,0,4,30,1,35,23,81,88,7,199,24,2,26,225
06/12/2008,SGF,MO,ACE,CE,Combined TRACON& Tower with Radar,21,82,55,3,161,0,4,29,3,36,21,86,84,6,197,20,0,20,217
06/13/2008,SGF,MO,ACE,CE,Combined TRACON& Tower with Radar,20,77,38,1,136,0,1,1,0,2,20,78,39,1,138,0,0,0,138
06/14/2008,SGF,MO,ACE,CE,Combined TRACON& Tower with Radar,15,69,29,0,113,0,0,41,4,45,15,69,70,4,158,34,0,34,192
06/15/2008,SGF,MO,ACE,CE,Combined TRACON& Tower with Radar,10,61,30,0,101,0,0,0,0,0,10,61,30,0,101,40,0,40,141
06/16/2008,SGF,MO,ACE,CE,Combined TRACON& Tower with Radar,8,76,35,0,119,0,3,25,6,34,8,79,60,6,153,10,4,14,167
06/17/2008,SGF,MO,ACE,CE,Combined TRACON& Tower with Radar,15,83,54,19,171,0,2,54,0,56,15,85,108,19,227,54,0,54,281
06/18/2008,SGF,MO,ACE,CE,Combined TRACON& Tower with Radar,33,77,57,9,176,0,0,32,6,38,33,77,89,15,214,40,12,52,266
06/19/2008,SGF,MO,ACE,CE,Combined TRACON& Tower with Radar,21,64,41,0,126,0,0,21,0,21,21,64,62,0,147,38,2,40,187
06/20/2008,SGF,MO,ACE,CE,Combined TRACON& Tower with Radar,27,70,38,8,143,0,0,19,5,24,27,70,57,13,167,44,0,44,211
06/21/2008,SGF,MO,ACE,CE,Combined TRACON& Tower with Radar,17,58,35,1,111,0,3,39,2,44,17,61,74,3,155,16,0,16,171
06/22/2008,SGF,MO,ACE,CE,Combined TRACON& Tower with Radar,10,65,26,1,102,0,0,20,6,26,10,65,46,7,128,6,0,6,134
06/23/2008,SGF,MO,ACE,CE,Combined TRACON& Tower with Radar,9,81,37,0,127,0,3,26,6,35,9,84,63,6,162,162,36,198,360
06/24/2008,SGF,MO,ACE,CE,Combined TRACON& Tower with Radar,17,87,50,22,176,0,1,44,8,53,17,88,94,30,229,85,0,85,314
06/25/2008,SGF,MO,ACE,CE,Combined TRACON& Tower with Radar,20,75,77,12,184,0,3,30,3,36,20,78,107,15,220,26,12,38,258
06/26/2008,SGF,MO,ACE,CE,Combined TRACON& Tower with Radar,21,70,74,15,180,0,0,21,15,36,21,70,95,30,216,54,0,54,270
06/27/2008,SGF,MO,ACE,CE,Combined TRACON& Tower with Radar,20,80,46,7,153,0,0,38,7,45,20,80,84,14,198,36,0,36,234
06/28/2008,SGF,MO,ACE,CE,Combined TRACON& Tower with Radar,12,61,25,1,99,0,3,4,1,8,12,64,29,2,107,0,0,0,107
06/29/2008,SGF,MO,ACE,CE,Combined TRACON& Tower with Radar,9,61,23,5,98,0,0,39,0,39,9,61,62,5,137,88,0,88,225
06/30/2008,SGF,MO,ACE,CE,Combined TRACON& Tower with Radar,9,83,43,2,137,0,1,23,10,34,9,84,66,12,171,10,18,28,199
07/01/2008,SGF,MO,ACE,CE,Combined TRACON& Tower with Radar,16,80,64,23,183,0,0,58,6,64,16,80,122,29,247,62,20,82,329
07/02/2008,SGF,MO,ACE,CE,Combined TRACON& Tower with Radar,19,72,51,6,148,0,0,42,2,44,19,72,93,8,192,20,0,20,212
07/03/2008,SGF,MO,ACE,CE,Combined TRACON& Tower with Radar,19,71,43,1,134,0,1,17,2,20,19,72,60,3,154,28,0,28,182
07/04/2008,SGF,MO,ACE,CE,Combined TRACON& Tower with Radar,12,46,36,1,95,0,2,34,1,37,12,48,70,2,132,14,0,14,146
07/05/2008,SGF,MO,ACE,CE,Combined TRACON& Tower with Radar,10,63,21,0,94,0,0,33,2,35,10,63,54,2,129,2,0,2,131
07/06/2008,SGF,MO,ACE,CE,Combined TRACON& Tower with Radar,8,64,37,0,109,0,0,28,0,28,8,64,65,0,137,36,0,36,173
07/07/2008,SGF,MO,ACE,CE,Combined TRACON& Tower with Radar,11,77,53,4,145,0,3,24,6,33,11,80,77,10,178,16,0,16,194
07/08/2008,SGF,MO,ACE,CE,Combined TRACON& Tower with Radar,18,70,53,13,154,0,1,16,7,24,18,71,69,20,178,32,16,48,226
07/09/2008,SGF,MO,ACE,CE,Combined TRACON& Tower with Radar,20,86,134,9,249,0,5,25,9,39,20,91,159,18,288,8,0,8,296
07/10/2008,SGF,MO,ACE,CE,Combined TRACON& Tower with Radar,21,88,54,12,175,1,1,16,5,23,22,89,70,17,198,26,8,34,232
07/11/2008,SGF,MO,ACE,CE,Combined TRACON& Tower with Radar,23,73,60,5,161,0,2,39,7,48,23,75,99,12,209,84,14,98,307
07/12/2008,SGF,MO,ACE,CE,Combined TRACON& Tower with Radar,27,63,58,7,155,0,19,70,8,97,27,82,128,15,252,72,0,72,324
07/13/2008,SGF,MO,ACE,CE,Combined TRACON& Tower with Radar,7,59,39,1,106,0,2,33,3,38,7,61,72,4,144,98,0,98,242
07/14/2008,SGF,MO,ACE,CE,Combined TRACON& Tower with Radar,9,79,43,2,133,0,3,34,1,38,9,82,77,3,171,48,0,48,219
07/15/2008,SGF,MO,ACE,CE,Combined TRACON& Tower with Radar,19,73,45,3,140,0,1,33,6,40,19,74,78,9,180,24,4,28,208
07/16/2008,SGF,MO,ACE,CE,Combined TRACON& Tower with Radar,15,80,43,26,164,0,2,46,10,58,15,82,89,36,222,33,8,41,263
07/17/2008,SGF,MO,ACE,CE,Combined TRACON& Tower with Radar,16,78,49,2,145,0,2,31,5,38,16,80,80,7,183,140,0,140,323
07/18/2008,SGF,MO,ACE,CE,Combined TRACON& Tower with Radar,19,76,44,25,164,0,2,27,4,33,19,78,71,29,197,52,0,52,249
07/19/2008,SGF,MO,ACE,CE,Combined TRACON& Tower with Radar,13,71,34,2,120,0,0,33,4,37,13,71,67,6,157,10,0,10,167
07/20/2008,SGF,MO,ACE,CE,Combined TRACON& Tower with Radar,6,63,40,0,109,0,2,24,0,26,6,65,64,0,135,16,0,16,151
07/21/2008,SGF,MO,ACE,CE,Combined TRACON& Tower with Radar,10,74,46,20,150,0,3,33,3,39,10,77,79,23,189,26,10,36,225
07/22/2008,SGF,MO,ACE,CE,Combined TRACON& Tower with Radar,20,77,60,5,162,0,1,12,2,15,20,78,72,7,177,16,4,20,197
07/23/2008,SGF,MO,ACE,CE,Combined TRACON& Tower with Radar,15,72,54,15,156,0,2,26,3,31,15,74,80,18,187,31,10,41,228
07/24/2008,SGF,MO,ACE,CE,Combined TRACON& Tower with Radar,17,94,85,15,211,0,0,0,0,0,17,94,85,15,211,16,0,16,227
07/25/2008,SGF,MO,ACE,CE,Combined TRACON& Tower with Radar,21,77,58,6,162,0,3,21,4,28,21,80,79,10,190,74,0,74,264
07/26/2008,SGF,MO,ACE,CE,Combined TRACON& Tower with Radar,17,66,22,0,105,0,1,12,8,21,17,67,34,8,126,0,0,0,126
07/27/2008,SGF,MO,ACE,CE,Combined TRACON& Tower with Radar,6,58,26,6,96,0,2,46,2,50,6,60,72,8,146,1,4,5,151
07/28/2008,SGF,MO,ACE,CE,Combined TRACON& Tower with Radar,12,81,36,17,146,0,1,30,4,35,12,82,66,21,181,42,20,62,243
07/29/2008,SGF,MO,ACE,CE,Combined TRACON& Tower with Radar,20,67,52,6,145,0,2,45,5,52,20,69,97,11,197,30,2,32,229
07/30/2008,SGF,MO,ACE,CE,Combined TRACON& Tower with Radar,17,80,52,9,158,0,2,31,2,35,17,82,83,11,193,34,0,34,227
07/31/2008,SGF,MO,ACE,CE,Combined TRACON& Tower with Radar,24,78,72,16,190,0,3,24,3,30,24,81,96,19,220,14,0,14,234
08/01/2008,SGF,MO,ACE,CE,Combined TRACON& Tower with Radar,22,76,96,28,222,0,1,40,2,43,22,77,136,30,265,42,48,90,355
08/02/2008,SGF,MO,ACE,CE,Combined TRACON& Tower with Radar,16,59,24,10,109,0,4,52,0,56,16,63,76,10,165,48,0,48,213
08/03/2008,SGF,MO,ACE,CE,Combined TRACON& Tower with Radar,10,60,30,6,106,0,1,49,3,53,10,61,79,9,159,4,10,14,173
08/04/2008,SGF,MO,ACE,CE,Combined TRACON& Tower with Radar,10,68,50,13,141,0,3,38,6,47,10,71,88,19,188,10,0,10,198
08/05/2008,SGF,MO,ACE,CE,Combined TRACON& Tower with Radar,18,68,40,9,135,0,4,22,11,37,18,72,62,20,172,64,2,66,238
08/06/2008,SGF,MO,ACE,CE,Combined TRACON& Tower with Radar,21,74,40,12,147,0,2,14,6,22,21,76,54,18,169,0,4,4,173
08/07/2008,SGF,MO,ACE,CE,Combined TRACON& Tower with Radar,18,79,41,9,147,0,0,14,2,16,18,79,55,11,163,40,0,40,203
08/08/2008,SGF,MO,ACE,CE,Combined TRACON& Tower with Radar,22,76,24,3,125,0,6,55,1,62,22,82,79,4,187,36,0,36,223
08/09/2008,SGF,MO,ACE,CE,Combined TRACON& Tower with Radar,12,62,34,0,108,0,2,25,0,27,12,64,59,0,135,44,0,44,179
08/10/2008,SGF,MO,ACE,CE,Combined TRACON& Tower with Radar,4,62,37,0,103,0,1,7,0,8,4,63,44,0,111,8,0,8,119
08/11/2008,SGF,MO,ACE,CE,Combined TRACON& Tower with Radar,11,71,57,21,160,0,22,28,2,52,11,93,85,23,212,68,38,106,318
08/12/2008,SGF,MO,ACE,CE,Combined TRACON& Tower with Radar,17,78,44,7,146,0,2,18,3,23,17,80,62,10,169,22,36,58,227
08/13/2008,SGF,MO,ACE,CE,Combined TRACON& Tower with Radar,19,72,50,13,154,0,1,23,9,33,19,73,73,22,187,18,8,26,213
08/14/2008,SGF,MO,ACE,CE,Combined TRACON& Tower with Radar,18,71,31,4,124,0,1,24,4,29,18,72,55,8,153,48,0,48,201
08/15/2008,SGF,MO,ACE,CE,Combined TRACON& Tower with Radar,18,90,45,7,160,0,0,30,4,34,18,90,75,11,194,34,0,34,228
08/16/2008,SGF,MO,ACE,CE,Combined TRACON& Tower with Radar,15,64,25,1,105,0,1,30,3,34,15,65,55,4,139,0,0,0,139
08/17/2008,SGF,MO,ACE,CE,Combined TRACON& Tower with Radar,4,67,25,1,97,0,0,33,0,33,4,67,58,1,130,20,0,20,150
08/18/2008,SGF,MO,ACE,CE,Combined TRACON& Tower with Radar,10,81,33,8,132,0,5,31,0,36,10,86,64,8,168,60,0,60,228
08/19/2008,SGF,MO,ACE,CE,Combined TRACON& Tower with Radar,14,76,41,15,146,0,0,16,7,23,14,76,57,22,169,98,74,172,341
08/20/2008,SGF,MO,ACE,CE,Combined TRACON& Tower with Radar,16,75,68,0,159,0,0,6,0,6,16,75,74,0,165,4,0,4,169
08/21/2008,SGF,MO,ACE,CE,Combined TRACON& Tower with Radar,21,69,57,15,162,0,0,7,3,10,21,69,64,18,172,18,12,30,202
08/22/2008,SGF,MO,ACE,CE,Combined TRACON& Tower with Radar,23,76,62,8,169,0,0,24,2,26,23,76,86,10,195,28,0,28,223
08/23/2008,SGF,MO,ACE,CE,Combined TRACON& Tower with Radar,13,52,20,0,85,0,0,31,1,32,13,52,51,1,117,38,18,56,173
08/24/2008,SGF,MO,ACE,CE,Combined TRACON& Tower with Radar,2,62,34,6,104,0,0,37,2,39,2,62,71,8,143,32,2,34,177
08/25/2008,SGF,MO,ACE,CE,Combined TRACON& Tower with Radar,10,84,53,2,149,0,1,35,4,40,10,85,88,6,189,54,0,54,243
08/26/2008,SGF,MO,ACE,CE,Combined TRACON& Tower with Radar,18,77,50,25,170,12,0,38,12,62,30,77,88,37,232,66,0,66,298
08/27/2008,SGF,MO,ACE,CE,Combined TRACON& Tower with Radar,14,77,64,2,157,0,0,30,9,39,14,77,94,11,196,14,4,18,214
08/28/2008,SGF,MO,ACE,CE,Combined TRACON& Tower with Radar,13,79,59,14,165,0,0,30,3,33,13,79,89,17,198,64,0,64,262
08/29/2008,SGF,MO,ACE,CE,Combined TRACON& Tower with Radar,18,79,48,10,155,0,1,20,3,24,18,80,68,13,179,50,0,50,229
08/30/2008,SGF,MO,ACE,CE,Combined TRACON& Tower with Radar,16,40,38,0,94,0,4,34,2,40,16,44,72,2,134,30,0,30,164
08/31/2008,SGF,MO,ACE,CE,Combined TRACON& Tower with Radar,4,46,23,2,75,0,3,30,4,37,4,49,53,6,112,0,0,0,112
09/01/2008,SGF,MO,ACE,CE,Combined TRACON& Tower with Radar,7,59,23,1,90,0,4,42,3,49,7,63,65,4,139,10,0,10,149
09/02/2008,SGF,MO,ACE,CE,Combined TRACON& Tower with Radar,4,77,33,20,134,0,1,19,4,24,4,78,52,24,158,8,16,24,182
09/03/2008,SGF,MO,ACE,CE,Combined TRACON& Tower with Radar,17,71,23,4,115,0,0,1,0,1,17,71,24,4,116,0,0,0,116
09/04/2008,SGF,MO,ACE,CE,Combined TRACON& Tower with Radar,22,70,42,2,136,0,1,0,2,3,22,71,42,4,139,0,0,0,139
09/05/2008,SGF,MO,ACE,CE,Combined TRACON& Tower with Radar,16,76,46,7,145,0,1,17,2,20,16,77,63,9,165,18,0,18,183
09/06/2008,SGF,MO,ACE,CE,Combined TRACON& Tower with Radar,18,48,18,3,87,0,1,34,3,38,18,49,52,6,125,74,0,74,199
09/07/2008,SGF,MO,ACE,CE,Combined TRACON& Tower with Radar,6,57,22,1,86,0,2,14,0,16,6,59,36,1,102,50,0,50,152
09/08/2008,SGF,MO,ACE,CE,Combined TRACON& Tower with Radar,7,69,47,1,124,0,0,7,1,8,7,69,54,2,132,4,0,4,136
09/09/2008,SGF,MO,ACE,CE,Combined TRACON& Tower with Radar,22,70,51,9,152,0,2,21,5,28,22,72,72,14,180,44,0,44,224
09/10/2008,SGF,MO,ACE,CE,Combined TRACON& Tower with Radar,16,86,139,8,249,0,10,43,13,66,16,96,182,21,315,14,4,18,333
09/11/2008,SGF,MO,ACE,CE,Combined TRACON& Tower with Radar,21,76,48,9,154,0,2,10,6,18,21,78,58,15,172,32,2,34,206
09/12/2008,SGF,MO,ACE,CE,Combined TRACON& Tower with Radar,16,67,40,35,158,0,5,16,1,22,16,72,56,36,180,28,0,28,208
09/13/2008,SGF,MO,ACE,CE,Combined TRACON& Tower with Radar,15,52,23,2,92,0,1,0,0,1,15,53,23,2,93,8,0,8,101
09/14/2008,SGF,MO,ACE,CE,Combined TRACON& Tower with Radar,6,56,15,0,77,0,1,2,0,3,6,57,17,0,80,2,0,2,82
09/15/2008,SGF,MO,ACE,CE,Combined TRACON& Tower with Radar,7,71,52,3,133,0,4,37,5,46,7,75,89,8,179,64,0,64,243
09/16/2008,SGF,MO,ACE,CE,Combined TRACON& Tower with Radar,20,80,41,5,146,0,1,20,4,25,20,81,61,9,171,34,12,46,217
09/17/2008,SGF,MO,ACE,CE,Combined TRACON& Tower with Radar,19,69,16,20,124,0,4,28,5,37,19,73,44,25,161,66,12,78,239
09/18/2008,SGF,MO,ACE,CE,Combined TRACON& Tower with Radar,17,74,61,0,152,0,5,24,2,31,17,79,85,2,183,48,0,48,231
09/19/2008,SGF,MO,ACE,CE,Combined TRACON& Tower with Radar,21,88,150,12,271,0,21,107,12,140,21,109,257,24,411,26,1,27,438
09/20/2008,SGF,MO,ACE,CE,Combined TRACON& Tower with Radar,12,54,48,1,115,0,2,17,1,20,12,56,65,2,135,0,0,0,135
09/21/2008,SGF,MO,ACE,CE,Combined TRACON& Tower with Radar,7,63,36,0,106,0,0,19,0,19,7,63,55,0,125,10,0,10,135
09/22/2008,SGF,MO,ACE,CE,Combined TRACON& Tower with Radar,10,65,52,9,136,0,3,23,1,27,10,68,75,10,163,24,0,24,187
09/23/2008,SGF,MO,ACE,CE,Combined TRACON& Tower with Radar,23,61,59,30,173,0,2,30,6,38,23,63,89,36,211,26,58,84,295
09/24/2008,SGF,MO,ACE,CE,Combined TRACON& Tower with Radar,14,77,53,2,146,0,9,41,8,58,14,86,94,10,204,46,0,46,250
09/25/2008,SGF,MO,ACE,CE,Combined TRACON& Tower with Radar,17,78,49,21,165,0,2,31,6,39,17,80,80,27,204,56,22,78,282
09/26/2008,SGF,MO,ACE,CE,Combined TRACON& Tower with Radar,17,70,54,5,146,0,1,38,1,40,17,71,92,6,186,0,0,0,186
09/27/2008,SGF,MO,ACE,CE,Combined TRACON& Tower with Radar,16,46,36,2,100,0,2,39,3,44,16,48,75,5,144,36,4,40,184
09/28/2008,SGF,MO,ACE,CE,Combined TRACON& Tower with Radar,6,57,29,3,95,0,4,44,0,48,6,61,73,3,143,32,0,32,175
09/29/2008,SGF,MO,ACE,CE,Combined TRACON& Tower with Radar,9,75,37,0,121,0,1,18,7,26,9,76,55,7,147,20,0,20,167
09/30/2008,SGF,MO,ACE,CE,Combined TRACON& Tower with Radar,18,71,56,1,146,0,2,22,7,31,18,73,78,8,177,0,0,0,177
10/01/2008,SGF,MO,ACE,CE,Combined TRACON& Tower with Radar,19,72,29,3,123,0,0,17,2,19,19,72,46,5,142,12,0,12,154
10/02/2008,SGF,MO,ACE,CE,Combined TRACON& Tower with Radar,20,73,36,4,133,0,0,28,5,33,20,73,64,9,166,16,0,16,182
10/03/2008,SGF,MO,ACE,CE,Combined TRACON& Tower with Radar,20,72,46,10,148,0,0,20,6,26,20,72,66,16,174,52,0,52,226
10/04/2008,SGF,MO,ACE,CE,Combined TRACON& Tower with Radar,13,54,19,0,86,0,4,26,5,35,13,58,45,5,121,13,0,13,134
10/05/2008,SGF,MO,ACE,CE,Combined TRACON& Tower with Radar,7,59,34,1,101,0,1,25,0,26,7,60,59,1,127,44,0,44,171
10/06/2008,SGF,MO,ACE,CE,Combined TRACON& Tower with Radar,5,71,20,7,103,0,2,11,0,13,5,73,31,7,116,12,0,12,128
10/07/2008,SGF,MO,ACE,CE,Combined TRACON& Tower with Radar,18,70,49,22,159,0,1,5,3,9,18,71,54,25,168,0,14,14,182
10/08/2008,SGF,MO,ACE,CE,Combined TRACON& Tower with Radar,20,72,47,16,155,0,2,30,10,42,20,74,77,26,197,72,0,72,269
10/09/2008,SGF,MO,ACE,CE,Combined TRACON& Tower with Radar,20,71,37,1,129,0,5,35,7,47,20,76,72,8,176,46,6,52,228
10/10/2008,SGF,MO,ACE,CE,Combined TRACON& Tower with Radar,22,67,43,8,140,0,1,24,20,45,22,68,67,28,185,26,4,30,215
10/11/2008,SGF,MO,ACE,CE,Combined TRACON& Tower with Radar,16,48,34,3,101,0,0,29,6,35,16,48,63,9,136,12,0,12,148
10/12/2008,SGF,MO,ACE,CE,Combined TRACON& Tower with Radar,6,58,27,0,91,0,0,31,0,31,6,58,58,0,122,10,0,10,132
10/13/2008,SGF,MO,ACE,CE,Combined TRACON& Tower with Radar,8,68,34,0,110,0,0,7,0,7,8,68,41,0,117,30,2,32,149
10/14/2008,SGF,MO,ACE,CE,Combined TRACON& Tower with Radar,14,61,38,6,119,0,1,5,1,7,14,62,43,7,126,20,0,20,146
10/15/2008,SGF,MO,ACE,CE,Combined TRACON& Tower with Radar,19,67,33,10,129,0,0,1,1,2,19,67,34,11,131,0,0,0,131
10/16/2008,SGF,MO,ACE,CE,Combined TRACON& Tower with Radar,17,66,41,23,147,0,2,20,13,35,17,68,61,36,182,46,28,74,256
10/17/2008,SGF,MO,ACE,CE,Combined TRACON& Tower with Radar,25,75,45,10,155,0,0,22,9,31,25,75,67,19,186,108,4,112,298
10/18/2008,SGF,MO,ACE,CE,Combined TRACON& Tower with Radar,15,41,36,0,92,0,3,35,2,40,15,44,71,2,132,40,0,40,172
10/19/2008,SGF,MO,ACE,CE,Combined TRACON& Tower with Radar,9,56,39,0,104,0,1,34,0,35,9,57,73,0,139,16,0,16,155
10/20/2008,SGF,MO,ACE,CE,Combined TRACON& Tower with Radar,7,71,45,1,124,0,5,21,5,31,7,76,66,6,155,22,0,22,177
10/21/2008,SGF,MO,ACE,CE,Combined TRACON& Tower with Radar,18,81,47,14,160,0,2,9,2,13,18,83,56,16,173,32,12,44,217
10/22/2008,SGF,MO,ACE,CE,Combined TRACON& Tower with Radar,18,72,31,2,123,0,2,2,1,5,18,74,33,3,128,0,0,0,128
10/23/2008,SGF,MO,ACE,CE,Combined TRACON& Tower with Radar,20,71,37,0,128,0,1,17,2,20,20,72,54,2,148,64,21,85,233
10/24/2008,SGF,MO,ACE,CE,Combined TRACON& Tower with Radar,26,74,38,8,146,0,0,15,2,17,26,74,53,10,163,54,26,80,243
10/25/2008,SGF,MO,ACE,CE,Combined TRACON& Tower with Radar,11,51,19,2,83,0,4,30,2,36,11,55,49,4,119,46,4,50,169
10/26/2008,SGF,MO,ACE,CE,Combined TRACON& Tower with Radar,5,61,29,0,95,0,0,35,0,35,5,61,64,0,130,28,0,28,158
10/27/2008,SGF,MO,ACE,CE,Combined TRACON& Tower with Radar,10,81,45,14,150,0,5,20,4,29,10,86,65,18,179,14,30,44,223
10/28/2008,SGF,MO,ACE,CE,Combined TRACON& Tower with Radar,15,73,34,12,134,0,1,29,7,37,15,74,63,19,171,59,20,79,250
10/29/2008,SGF,MO,ACE,CE,Combined TRACON& Tower with Radar,20,77,42,19,158,0,0,40,2,42,20,77,82,21,200,36,6,42,242
10/30/2008,SGF,MO,ACE,CE,Combined TRACON& Tower with Radar,17,80,47,8,152,0,0,41,2,43,17,80,88,10,195,14,4,18,213
10/31/2008,SGF,MO,ACE,CE,Combined TRACON& Tower with Radar,23,61,35,4,123,0,1,28,7,36,23,62,63,11,159,82,0,82,241
11/01/2008,SGF,MO,ACE,CE,Combined TRACON& Tower with Radar,17,57,28,1,103,0,0,46,4,50,17,57,74,5,153,42,0,42,195
11/02/2008,SGF,MO,ACE,CE,Combined TRACON& Tower with Radar,9,61,22,0,92,0,0,46,1,47,9,61,68,1,139,54,0,54,193
11/03/2008,SGF,MO,ACE,CE,Combined TRACON& Tower with Radar,11,74,31,11,127,0,8,24,8,40,11,82,55,19,167,48,0,48,215
11/04/2008,SGF,MO,ACE,CE,Combined TRACON& Tower with Radar,18,71,28,14,131,0,0,26,7,33,18,71,54,21,164,38,6,44,208
11/05/2008,SGF,MO,ACE,CE,Combined TRACON& Tower with Radar,18,82,62,13,175,0,1,16,6,23,18,83,78,19,198,32,0,32,230
11/06/2008,SGF,MO,ACE,CE,Combined TRACON& Tower with Radar,21,73,41,5,140,0,5,17,2,24,21,78,58,7,164,86,18,104,268
11/07/2008,SGF,MO,ACE,CE,Combined TRACON& Tower with Radar,24,69,43,4,140,0,0,17,11,28,24,69,60,15,168,16,0,16,184
11/08/2008,SGF,MO,ACE,CE,Combined TRACON& Tower with Radar,17,46,22,0,85,0,0,11,4,15,17,46,33,4,100,20,0,20,120
11/09/2008,SGF,MO,ACE,CE,Combined TRACON& Tower with Radar,4,64,29,0,97,0,1,37,3,41,4,65,66,3,138,14,0,14,152
11/10/2008,SGF,MO,ACE,CE,Combined TRACON& Tower with Radar,7,67,18,5,97,0,0,8,4,12,7,67,26,9,109,16,0,16,125
11/11/2008,SGF,MO,ACE,CE,Combined TRACON& Tower with Radar,21,62,31,0,114,0,0,2,2,4,21,62,33,2,118,0,0,0,118
11/12/2008,SGF,MO,ACE,CE,Combined TRACON& Tower with Radar,16,69,45,5,135,0,1,4,2,7,16,70,49,7,142,0,0,0,142
11/13/2008,SGF,MO,ACE,CE,Combined TRACON& Tower with Radar,20,75,38,11,144,0,2,28,3,33,20,77,66,14,177,102,16,118,295
11/14/2008,SGF,MO,ACE,CE,Combined TRACON& Tower with Radar,24,79,30,2,135,0,1,0,0,1,24,80,30,2,136,0,0,0,136
11/15/2008,SGF,MO,ACE,CE,Combined TRACON& Tower with Radar,17,52,18,0,87,0,0,19,0,19,17,52,37,0,106,0,0,0,106
11/16/2008,SGF,MO,ACE,CE,Combined TRACON& Tower with Radar,7,63,19,2,91,0,1,18,6,25,7,64,37,8,116,16,0,16,132
11/17/2008,SGF,MO,ACE,CE,Combined TRACON& Tower with Radar,9,72,29,6,116,0,0,21,3,24,9,72,50,9,140,30,10,40,180
11/18/2008,SGF,MO,ACE,CE,Combined TRACON& Tower with Radar,20,74,46,7,147,0,2,35,8,45,20,76,81,15,192,2,0,2,194
11/19/2008,SGF,MO,ACE,CE,Combined TRACON& Tower with Radar,17,79,44,5,145,0,2,37,15,54,17,81,81,20,199,68,14,82,281
11/20/2008,SGF,MO,ACE,CE,Combined TRACON& Tower with Radar,19,79,54,1,153,0,0,20,5,25,19,79,74,6,178,22,22,44,222
11/21/2008,SGF,MO,ACE,CE,Combined TRACON& Tower with Radar,23,70,56,5,154,0,1,26,2,29,23,71,82,7,183,8,0,8,191
11/22/2008,SGF,MO,ACE,CE,Combined TRACON& Tower with Radar,13,49,20,0,82,0,2,29,0,31,13,51,49,0,113,8,0,8,121
11/23/2008,SGF,MO,ACE,CE,Combined TRACON& Tower with Radar,5,57,50,0,112,0,0,7,0,7,5,57,57,0,119,0,0,0,119
11/24/2008,SGF,MO,ACE,CE,Combined TRACON& Tower with Radar,6,70,41,6,123,0,0,11,7,18,6,70,52,13,141,0,24,24,165
11/25/2008,SGF,MO,ACE,CE,Combined TRACON& Tower with Radar,14,75,33,2,124,0,3,22,11,36,14,78,55,13,160,44,0,44,204
11/26/2008,SGF,MO,ACE,CE,Combined TRACON& Tower with Radar,19,71,50,1,141,0,1,38,1,40,19,72,88,2,181,88,0,88,269
11/27/2008,SGF,MO,ACE,CE,Combined TRACON& Tower with Radar,5,35,14,0,54,0,0,14,0,14,5,35,28,0,68,4,0,4,72
11/28/2008,SGF,MO,ACE,CE,Combined TRACON& Tower with Radar,15,57,22,2,96,0,2,26,0,28,15,59,48,2,124,8,0,8,132
11/29/2008,SGF,MO,ACE,CE,Combined TRACON& Tower with Radar,12,48,29,0,89,0,0,26,0,26,12,48,55,0,115,32,0,32,147
11/30/2008,SGF,MO,ACE,CE,Combined TRACON& Tower with Radar,7,49,19,0,75,0,0,0,0,0,7,49,19,0,75,0,0,0,75
12/01/2008,SGF,MO,ACE,CE,Combined TRACON& Tower with Radar,8,70,31,0,109,0,1,12,0,13,8,71,43,0,122,0,0,0,122
12/02/2008,SGF,MO,ACE,CE,Combined TRACON& Tower with Radar,10,81,45,12,148,0,3,16,10,29,10,84,61,22,177,14,0,14,191
12/03/2008,SGF,MO,ACE,CE,Combined TRACON& Tower with Radar,16,70,23,2,111,0,2,1,3,6,16,72,24,5,117,24,0,24,141
12/04/2008,SGF,MO,ACE,CE,Combined TRACON& Tower with Radar,17,77,30,7,131,0,2,15,3,20,17,79,45,10,151,92,6,98,249
12/05/2008,SGF,MO,ACE,CE,Combined TRACON& Tower with Radar,18,64,48,10,140,0,3,45,5,53,18,67,93,15,193,74,0,74,267
12/06/2008,SGF,MO,ACE,CE,Combined TRACON& Tower with Radar,12,49,22,0,83,0,0,12,4,16,12,49,34,4,99,32,0,32,131
12/07/2008,SGF,MO,ACE,CE,Combined TRACON& Tower with Radar,3,61,15,0,79,0,0,23,0,23,3,61,38,0,102,14,0,14,116
12/08/2008,SGF,MO,ACE,CE,Combined TRACON& Tower with Radar,11,66,26,7,110,0,0,1,2,3,11,66,27,9,113,0,0,0,113
12/09/2008,SGF,MO,ACE,CE,Combined TRACON& Tower with Radar,13,58,23,0,94,0,1,0,0,1,13,59,23,0,95,0,0,0,95
12/10/2008,SGF,MO,ACE,CE,Combined TRACON& Tower with Radar,15,70,39,1,125,0,0,8,1,9,15,70,47,2,134,0,0,0,134
12/11/2008,SGF,MO,ACE,CE,Combined TRACON& Tower with Radar,14,60,34,2,110,0,2,17,4,23,14,62,51,6,133,88,8,96,229
12/12/2008,SGF,MO,ACE,CE,Combined TRACON& Tower with Radar,21,70,55,12,158,0,1,40,2,43,21,71,95,14,201,54,0,54,255
12/13/2008,SGF,MO,ACE,CE,Combined TRACON& Tower with Radar,12,45,18,0,75,0,0,10,0,10,12,45,28,0,85,6,0,6,91
12/14/2008,SGF,MO,ACE,CE,Combined TRACON& Tower with Radar,7,59,9,0,75,0,3,3,0,6,7,62,12,0,81,0,26,26,107
12/15/2008,SGF,MO,ACE,CE,Combined TRACON& Tower with Radar,6,76,24,3,109,0,0,4,0,4,6,76,28,3,113,0,0,0,113
12/16/2008,SGF,MO,ACE,CE,Combined TRACON& Tower with Radar,11,64,20,3,98,0,0,0,0,0,11,64,20,3,98,0,0,0,98
12/17/2008,SGF,MO,ACE,CE,Combined TRACON& Tower with Radar,32,72,29,2,135,0,0,0,0,0,32,72,29,2,135,0,0,0,135
12/18/2008,SGF,MO,ACE,CE,Combined TRACON& Tower with Radar,13,60,19,0,92,0,0,0,0,0,13,60,19,0,92,0,0,0,92
12/19/2008,SGF,MO,ACE,CE,Combined TRACON& Tower with Radar,21,62,42,1,126,0,4,39,1,44,21,66,81,2,170,8,0,8,178
12/20/2008,SGF,MO,ACE,CE,Combined TRACON& Tower with Radar,14,50,26,1,91,0,1,9,0,10,14,51,35,1,101,14,0,14,115
12/21/2008,SGF,MO,ACE,CE,Combined TRACON& Tower with Radar,8,50,14,1,73,0,2,10,0,12,8,52,24,1,85,0,0,0,85
12/22/2008,SGF,MO,ACE,CE,Combined TRACON& Tower with Radar,5,70,32,20,127,0,2,12,3,17,5,72,44,23,144,30,32,62,206
12/23/2008,SGF,MO,ACE,CE,Combined TRACON& Tower with Radar,21,60,13,0,94,0,0,0,0,0,21,60,13,0,94,0,0,0,94
12/24/2008,SGF,MO,ACE,CE,Combined TRACON& Tower with Radar,18,47,14,0,79,0,0,1,0,1,18,47,15,0,80,12,0,12,92
12/25/2008,SGF,MO,ACE,CE,Combined TRACON& Tower with Radar,4,43,7,0,54,0,3,8,0,11,4,46,15,0,65,0,0,0,65
12/26/2008,SGF,MO,ACE,CE,Combined TRACON& Tower with Radar,15,56,24,0,95,0,4,6,0,10,15,60,30,0,105,66,0,66,171
12/27/2008,SGF,MO,ACE,CE,Combined TRACON& Tower with Radar,17,38,6,0,61,0,0,0,0,0,17,38,6,0,61,8,0,8,69
12/28/2008,SGF,MO,ACE,CE,Combined TRACON& Tower with Radar,9,61,20,0,90,0,2,20,0,22,9,63,40,0,112,88,0,88,200
12/29/2008,SGF,MO,ACE,CE,Combined TRACON& Tower with Radar,11,73,19,2,105,0,2,29,4,35,11,75,48,6,140,92,0,92,232
12/30/2008,SGF,MO,ACE,CE,Combined TRACON& Tower with Radar,12,69,32,9,122,0,0,22,4,26,12,69,54,13,148,38,28,66,214
12/31/2008,SGF,MO,ACE,CE,Combined TRACON& Tower with Radar,18,55,23,2,98,0,2,25,2,29,18,57,48,4,127,24,0,24,151
01/01/2009,SGF,MO,ACE,CE,Combined TRACON& Tower with Radar,2,48,18,0,68,0,0,18,0,18,2,48,36,0,86,16,0,16,102
01/02/2009,SGF,MO,ACE,CE,Combined TRACON& Tower with Radar,12,74,21,0,107,0,0,24,0,24,12,74,45,0,131,12,0,12,143
01/03/2009,SGF,MO,ACE,CE,Combined TRACON& Tower with Radar,16,51,17,0,84,0,0,25,2,27,16,51,42,2,111,62,0,62,173
01/04/2009,SGF,MO,ACE,CE,Combined TRACON& Tower with Radar,8,62,18,0,88,0,1,21,0,22,8,63,39,0,110,14,0,14,124
01/05/2009,SGF,MO,ACE,CE,Combined TRACON& Tower with Radar,11,62,20,10,103,0,0,9,8,17,11,62,29,18,120,24,16,40,160
01/06/2009,SGF,MO,ACE,CE,Combined TRACON& Tower with Radar,13,67,35,0,115,0,3,1,1,5,13,70,36,1,120,0,0,0,120
01/07/2009,SGF,MO,ACE,CE,Combined TRACON& Tower with Radar,12,69,28,21,130,0,3,13,9,25,12,72,41,30,155,6,16,22,177
01/08/2009,SGF,MO,ACE,CE,Combined TRACON& Tower with Radar,10,66,26,1,103,0,4,33,8,45,10,70,59,9,148,6,0,6,154
01/09/2009,SGF,MO,ACE,CE,Combined TRACON& Tower with Radar,14,66,28,8,116,0,6,22,2,30,14,72,50,10,146,8,18,26,172
01/10/2009,SGF,MO,ACE,CE,Combined TRACON& Tower with Radar,12,51,12,0,75,0,1,9,4,14,12,52,21,4,89,22,0,22,111
01/11/2009,SGF,MO,ACE,CE,Combined TRACON& Tower with Radar,2,53,28,0,83,0,0,40,0,40,2,53,68,0,123,6,0,6,129
01/12/2009,SGF,MO,ACE,CE,Combined TRACON& Tower with Radar,6,66,19,3,94,0,0,5,0,5,6,66,24,3,99,0,0,0,99
01/13/2009,SGF,MO,ACE,CE,Combined TRACON& Tower with Radar,17,68,30,6,121,0,2,15,10,27,17,70,45,16,148,0,0,0,148
01/14/2009,SGF,MO,ACE,CE,Combined TRACON& Tower with Radar,14,71,28,10,123,0,3,15,13,31,14,74,43,23,154,0,0,0,154
01/15/2009,SGF,MO,ACE,CE,Combined TRACON& Tower with Radar,11,75,93,9,188,0,13,41,9,63,11,88,134,18,251,0,0,0,251
01/16/2009,SGF,MO,ACE,CE,Combined TRACON& Tower with Radar,17,63,25,2,107,0,0,5,6,11,17,63,30,8,118,16,0,16,134
01/17/2009,SGF,MO,ACE,CE,Combined TRACON& Tower with Radar,12,49,24,0,85,0,0,13,0,13,12,49,37,0,98,20,0,20,118
01/18/2009,SGF,MO,ACE,CE,Combined TRACON& Tower with Radar,2,52,25,0,79,0,0,20,0,20,2,52,45,0,99,8,0,8,107
01/19/2009,SGF,MO,ACE,CE,Combined TRACON& Tower with Radar,9,54,20,2,85,0,0,14,1,15,9,54,34,3,100,32,0,32,132
01/20/2009,SGF,MO,ACE,CE,Combined TRACON& Tower with Radar,13,73,41,5,132,0,0,17,3,20,13,73,58,8,152,32,16,48,200
01/21/2009,SGF,MO,ACE,CE,Combined TRACON& Tower with Radar,10,78,36,13,137,0,3,28,14,45,10,81,64,27,182,16,10,26,208
01/22/2009,SGF,MO,ACE,CE,Combined TRACON& Tower with Radar,10,75,32,0,117,0,2,35,5,42,10,77,67,5,159,72,0,72,231
01/23/2009,SGF,MO,ACE,CE,Combined TRACON& Tower with Radar,14,72,43,4,133,0,0,21,4,25,14,72,64,8,158,56,0,56,214
01/24/2009,SGF,MO,ACE,CE,Combined TRACON& Tower with Radar,9,54,14,0,77,0,5,18,3,26,9,59,32,3,103,28,0,28,131
01/25/2009,SGF,MO,ACE,CE,Combined TRACON& Tower with Radar,5,51,21,0,77,0,0,16,0,16,5,51,37,0,93,76,0,76,169
01/26/2009,SGF,MO,ACE,CE,Combined TRACON& Tower with Radar,4,47,16,0,67,0,0,6,0,6,4,47,22,0,73,0,0,0,73
01/27/2009,SGF,MO,ACE,CE,Combined TRACON& Tower with Radar,3,14,7,0,24,0,0,0,0,0,3,14,7,0,24,0,0,0,24
01/28/2009,SGF,MO,ACE,CE,Combined TRACON& Tower with Radar,10,42,36,1,89,0,0,2,2,4,10,42,38,3,93,0,0,0,93
01/29/2009,SGF,MO,ACE,CE,Combined TRACON& Tower with Radar,18,74,47,2,141,0,0,12,5,17,18,74,59,7,158,0,0,0,158
01/30/2009,SGF,MO,ACE,CE,Combined TRACON& Tower with Radar,13,75,42,18,148,0,0,20,8,28,13,75,62,26,176,38,0,38,214
01/31/2009,SGF,MO,ACE,CE,Combined TRACON& Tower with Radar,10,52,24,1,87,0,1,30,3,34,10,53,54,4,121,44,0,44,165
02/01/2009,SGF,MO,ACE,CE,Combined TRACON& Tower with Radar,2,53,36,0,91,0,0,26,2,28,2,53,62,2,119,0,0,0,119
02/02/2009,SGF,MO,ACE,CE,Combined TRACON& Tower with Radar,8,71,33,26,138,0,0,16,5,21,8,71,49,31,159,0,38,38,197
02/03/2009,SGF,MO,ACE,CE,Combined TRACON& Tower with Radar,11,65,28,2,106,0,2,22,4,28,11,67,50,6,134,6,0,6,140
02/04/2009,SGF,MO,ACE,CE,Combined TRACON& Tower with Radar,8,70,33,8,119,0,0,25,2,27,8,70,58,10,146,38,18,56,202
02/05/2009,SGF,MO,ACE,CE,Combined TRACON& Tower with Radar,9,69,30,1,109,0,0,29,4,33,9,69,59,5,142,4,0,4,146
02/06/2009,SGF,MO,ACE,CE,Combined TRACON& Tower with Radar,15,71,41,1,128,0,2,25,4,31,15,73,66,5,159,30,0,30,189
02/07/2009,SGF,MO,ACE,CE,Combined TRACON& Tower with Radar,7,48,28,0,83,0,4,17,5,26,7,52,45,5,109,0,0,0,109
02/08/2009,SGF,MO,ACE,CE,Combined TRACON& Tower with Radar,2,57,33,0,92,0,4,17,0,21,2,61,50,0,113,8,0,8,121
02/09/2009,SGF,MO,ACE,CE,Combined TRACON& Tower with Radar,5,71,26,2,104,0,0,2,5,7,5,71,28,7,111,0,6,6,117
02/10/2009,SGF,MO,ACE,CE,Combined TRACON& Tower with Radar,10,75,30,4,119,0,4,8,3,15,10,79,38,7,134,0,58,58,192
02/11/2009,SGF,MO,ACE,CE,Combined TRACON& Tower with Radar,8,57,31,2,98,0,1,2,2,5,8,58,33,4,103,4,0,4,107
02/12/2009,SGF,MO,ACE,CE,Combined TRACON& Tower with Radar,11,72,44,1,128,0,4,29,6,39,11,76,73,7,167,42,4,46,213
02/13/2009,SGF,MO,ACE,CE,Combined TRACON& Tower with Radar,11,72,43,2,128,0,2,9,2,13,11,74,52,4,141,2,0,2,143
02/14/2009,SGF,MO,ACE,CE,Combined TRACON& Tower with Radar,9,48,25,1,83,0,4,17,0,21,9,52,42,1,104,48,0,48,152
02/15/2009,SGF,MO,ACE,CE,Combined TRACON& Tower with Radar,3,53,12,0,68,0,0,17,0,17,3,53,29,0,85,8,0,8,93
02/16/2009,SGF,MO,ACE,CE,Combined TRACON& Tower with Radar,10,66,27,0,103,0,3,39,0,42,10,69,66,0,145,30,0,30,175
02/17/2009,SGF,MO,ACE,CE,Combined TRACON& Tower with Radar,14,74,33,20,141,0,0,3,1,4,14,74,36,21,145,18,0,18,163
02/18/2009,SGF,MO,ACE,CE,Combined TRACON& Tower with Radar,4,71,39,0,114,0,1,6,0,7,4,72,45,0,121,26,0,26,147
02/19/2009,SGF,MO,ACE,CE,Combined TRACON& Tower with Radar,10,71,45,2,128,0,0,36,4,40,10,71,81,6,168,24,0,24,192
02/20/2009,SGF,MO,ACE,CE,Combined TRACON& Tower with Radar,11,70,37,14,132,0,0,42,2,44,11,70,79,16,176,34,8,42,218
02/21/2009,SGF,MO,ACE,CE,Combined TRACON& Tower with Radar,11,46,6,2,65,0,6,9,0,15,11,52,15,2,80,8,0,8,88
02/22/2009,SGF,MO,ACE,CE,Combined TRACON& Tower with Radar,1,62,17,1,81,0,5,45,2,52,1,67,62,3,133,10,0,10,143
02/23/2009,SGF,MO,ACE,CE,Combined TRACON& Tower with Radar,11,71,25,0,107,0,3,21,6,30,11,74,46,6,137,58,0,58,195
02/24/2009,SGF,MO,ACE,CE,Combined TRACON& Tower with Radar,12,71,35,2,120,0,0,11,1,12,12,71,46,3,132,4,0,4,136
02/25/2009,SGF,MO,ACE,CE,Combined TRACON& Tower with Radar,9,69,33,11,122,0,0,22,3,25,9,69,55,14,147,36,24,60,207
02/26/2009,SGF,MO,ACE,CE,Combined TRACON& Tower with Radar,7,67,30,10,114,0,2,9,3,14,7,69,39,13,128,8,0,8,136
02/27/2009,SGF,MO,ACE,CE,Combined TRACON& Tower with Radar,19,72,54,9,154,0,1,16,10,27,19,73,70,19,181,54,4,58,239
02/28/2009,SGF,MO,ACE,CE,Combined TRACON& Tower with Radar,8,49,6,0,63,0,1,0,0,1,8,50,6,0,64,0,0,0,64
03/01/2009,SGF,MO,ACE,CE,Combined TRACON& Tower with Radar,4,54,8,0,66,0,1,33,2,36,4,55,41,2,102,2,0,2,104
03/02/2009,SGF,MO,ACE,CE,Combined TRACON& Tower with Radar,9,73,14,19,115,0,0,32,2,34,9,73,46,21,149,36,44,80,229
03/03/2009,SGF,MO,ACE,CE,Combined TRACON& Tower with Radar,9,80,36,2,127,0,1,23,3,27,9,81,59,5,154,4,0,4,158
03/04/2009,SGF,MO,ACE,CE,Combined TRACON& Tower with Radar,7,69,40,6,122,0,0,20,2,22,7,69,60,8,144,0,0,0,144
03/05/2009,SGF,MO,ACE,CE,Combined TRACON& Tower with Radar,11,71,27,5,114,0,1,15,3,19,11,72,42,8,133,8,22,30,163
03/06/2009,SGF,MO,ACE,CE,Combined TRACON& Tower with Radar,16,73,36,0,125,0,1,27,12,40,16,74,63,12,165,44,0,44,209
03/07/2009,SGF,MO,ACE,CE,Combined TRACON& Tower with Radar,6,48,13,2,69,0,2,24,5,31,6,50,37,7,100,50,16,66,166
03/08/2009,SGF,MO,ACE,CE,Combined TRACON& Tower with Radar,5,56,12,0,73,0,0,9,0,9,5,56,21,0,82,2,0,2,84
03/09/2009,SGF,MO,ACE,CE,Combined TRACON& Tower with Radar,7,66,28,4,105,0,0,5,3,8,7,66,33,7,113,16,0,16,129
03/10/2009,SGF,MO,ACE,CE,Combined TRACON& Tower with Radar,10,69,18,3,100,0,1,6,0,7,10,70,24,3,107,0,0,0,107
03/11/2009,SGF,MO,ACE,CE,Combined TRACON& Tower with Radar,4,61,35,31,131,0,4,34,5,43,4,65,69,36,174,38,0,38,212
03/12/2009,SGF,MO,ACE,CE,Combined TRACON& Tower with Radar,9,69,41,11,130,0,2,23,5,30,9,71,64,16,160,22,0,22,182
03/13/2009,SGF,MO,ACE,CE,Combined TRACON& Tower with Radar,14,69,42,9,134,0,2,26,3,31,14,71,68,12,165,28,12,40,205
03/14/2009,SGF,MO,ACE,CE,Combined TRACON& Tower with Radar,9,46,20,4,79,0,2,39,0,41,9,48,59,4,120,50,0,50,170
03/15/2009,SGF,MO,ACE,CE,Combined TRACON& Tower with Radar,9,53,26,0,88,0,0,17,0,17,9,53,43,0,105,72,0,72,177
03/16/2009,SGF,MO,ACE,CE,Combined TRACON& Tower with Radar,7,73,27,12,119,0,0,30,9,39,7,73,57,21,158,14,24,38,196
03/17/2009,SGF,MO,ACE,CE,Combined TRACON& Tower with Radar,10,77,45,0,132,0,0,28,10,38,10,77,73,10,170,22,0,22,192
03/18/2009,SGF,MO,ACE,CE,Combined TRACON& Tower with Radar,9,78,29,25,141,0,7,47,5,59,9,85,76,30,200,34,38,72,272
03/19/2009,SGF,MO,ACE,CE,Combined TRACON& Tower with Radar,16,67,48,9,140,0,2,23,9,34,16,69,71,18,174,18,0,18,192
03/20/2009,SGF,MO,ACE,CE,Combined TRACON& Tower with Radar,11,69,44,16,140,0,1,37,4,42,11,70,81,20,182,54,14,68,250
03/21/2009,SGF,MO,ACE,CE,Combined TRACON& Tower with Radar,16,57,31,2,106,0,0,5,0,5,16,57,36,2,111,0,0,0,111
03/22/2009,SGF,MO,ACE,CE,Combined TRACON& Tower with Radar,7,53,26,1,87,0,2,10,0,12,7,55,36,1,99,24,0,24,123
03/23/2009,SGF,MO,ACE,CE,Combined TRACON& Tower with Radar,10,72,23,4,109,0,0,9,1,10,10,72,32,5,119,0,0,0,119
03/24/2009,SGF,MO,ACE,CE,Combined TRACON& Tower with Radar,14,68,16,3,101,0,1,6,1,8,14,69,22,4,109,0,0,0,109
03/25/2009,SGF,MO,ACE,CE,Combined TRACON& Tower with Radar,11,76,36,10,133,0,1,25,5,31,11,77,61,15,164,16,0,16,180
03/26/2009,SGF,MO,ACE,CE,Combined TRACON& Tower with Radar,14,77,33,1,125,0,0,24,3,27,14,77,57,4,152,16,4,20,172
03/27/2009,SGF,MO,ACE,CE,Combined TRACON& Tower with Radar,14,69,20,2,105,0,0,0,0,0,14,69,20,2,105,18,2,20,125
03/28/2009,SGF,MO,ACE,CE,Combined TRACON& Tower with Radar,17,48,8,1,74,0,0,0,0,0,17,48,8,1,74,0,0,0,74
03/29/2009,SGF,MO,ACE,CE,Combined TRACON& Tower with Radar,6,52,17,2,77,0,1,27,0,28,6,53,44,2,105,18,0,18,123
03/30/2009,SGF,MO,ACE,CE,Combined TRACON& Tower with Radar,88,77,20,2,187,0,0,7,3,10,88,77,27,5,197,14,0,14,211
03/31/2009,SGF,MO,ACE,CE,Combined TRACON& Tower with Radar,13,67,35,6,121,0,2,7,3,12,13,69,42,9,133,4,0,4,137
04/01/2009,SGF,MO,ACE,CE,Combined TRACON& Tower with Radar,11,66,34,17,128,0,2,34,10,46,11,68,68,27,174,8,12,20,194
04/02/2009,SGF,MO,ACE,CE,Combined TRACON& Tower with Radar,6,74,47,3,130,0,0,9,5,14,6,74,56,8,144,8,0,8,152
04/03/2009,SGF,MO,ACE,CE,Combined TRACON& Tower with Radar,23,76,46,18,163,0,0,32,8,40,23,76,78,26,203,76,0,76,279
04/04/2009,SGF,MO,ACE,CE,Combined TRACON& Tower with Radar,14,49,22,2,87,0,2,20,0,22,14,51,42,2,109,14,0,14,123
04/05/2009,SGF,MO,ACE,CE,Combined TRACON& Tower with Radar,2,57,21,2,82,0,2,3,0,5,2,59,24,2,87,0,0,0,87
04/06/2009,SGF,MO,ACE,CE,Combined TRACON& Tower with Radar,9,79,21,0,109,0,0,8,2,10,9,79,29,2,119,0,0,0,119
04/07/2009,SGF,MO,ACE,CE,Combined TRACON& Tower with Radar,8,64,32,6,110,0,1,23,5,29,8,65,55,11,139,10,0,10,149
04/08/2009,SGF,MO,ACE,CE,Combined TRACON& Tower with Radar,7,62,40,1,110,0,1,49,12,62,7,63,89,13,172,62,4,66,238
04/09/2009,SGF,MO,ACE,CE,Combined TRACON& Tower with Radar,6,63,25,8,102,0,0,5,2,7,6,63,30,10,109,16,0,16,125
04/10/2009,SGF,MO,ACE,CE,Combined TRACON& Tower with Radar,16,77,23,3,119,0,1,0,2,3,16,78,23,5,122,0,0,0,122
04/11/2009,SGF,MO,ACE,CE,Combined TRACON& Tower with Radar,7,46,33,0,86,0,2,36,0,38,7,48,69,0,124,32,0,32,156
04/12/2009,SGF,MO,ACE,CE,Combined TRACON& Tower with Radar,3,48,12,0,63,0,0,4,0,4,3,48,16,0,67,0,0,0,67
04/13/2009,SGF,MO,ACE,CE,Combined TRACON& Tower with Radar,9,66,31,2,108,0,0,0,0,0,9,66,31,2,108,0,0,0,108
04/14/2009,SGF,MO,ACE,CE,Combined TRACON& Tower with Radar,8,65,58,3,134,0,0,37,1,38,8,65,95,4,172,60,0,60,232
04/15/2009,SGF,MO,ACE,CE,Combined TRACON& Tower with Radar,6,72,37,6,121,0,0,38,5,43,6,72,75,11,164,46,6,52,216
04/16/2009,SGF,MO,ACE,CE,Combined TRACON& Tower with Radar,9,78,56,11,154,0,0,31,6,37,9,78,87,17,191,26,6,32,223
04/17/2009,SGF,MO,ACE,CE,Combined TRACON& Tower with Radar,14,66,27,0,107,0,1,21,0,22,14,67,48,0,129,68,0,68,197
04/18/2009,SGF,MO,ACE,CE,Combined TRACON& Tower with Radar,7,49,17,0,73,0,1,6,6,13,7,50,23,6,86,32,0,32,118
04/19/2009,SGF,MO,ACE,CE,Combined TRACON& Tower with Radar,3,48,14,0,65,0,0,0,0,0,3,48,14,0,65,0,0,0,65
04/20/2009,SGF,MO,ACE,CE,Combined TRACON& Tower with Radar,7,69,45,3,124,0,2,14,6,22,7,71,59,9,146,36,0,36,182
04/21/2009,SGF,MO,ACE,CE,Combined TRACON& Tower with Radar,8,72,42,7,129,0,1,28,5,34,8,73,70,12,163,82,0,82,245
04/22/2009,SGF,MO,ACE,CE,Combined TRACON& Tower with Radar,5,65,52,4,126,0,4,41,13,58,5,69,93,17,184,44,2,46,230
04/23/2009,SGF,MO,ACE,CE,Combined TRACON& Tower with Radar,8,75,50,3,136,0,0,32,7,39,8,75,82,10,175,40,0,40,215
04/24/2009,SGF,MO,ACE,CE,Combined TRACON& Tower with Radar,17,79,47,3,146,0,1,20,4,25,17,80,67,7,171,50,0,50,221
04/25/2009,SGF,MO,ACE,CE,Combined TRACON& Tower with Radar,7,52,28,0,87,0,0,26,0,26,7,52,54,0,113,0,0,0,113
04/26/2009,SGF,MO,ACE,CE,Combined TRACON& Tower with Radar,3,56,29,2,90,0,2,14,0,16,3,58,43,2,106,26,0,26,132
04/27/2009,SGF,MO,ACE,CE,Combined TRACON& Tower with Radar,10,73,31,0,114,0,2,6,0,8,10,75,37,0,122,0,0,0,122
04/28/2009,SGF,MO,ACE,CE,Combined TRACON& Tower with Radar,7,71,71,8,157,0,0,3,1,4,7,71,74,9,161,0,2,2,163
04/29/2009,SGF,MO,ACE,CE,Combined TRACON& Tower with Radar,6,75,38,13,132,0,1,3,0,4,6,76,41,13,136,0,0,0,136
04/30/2009,SGF,MO,ACE,CE,Combined TRACON& Tower with Radar,9,72,37,4,122,0,0,0,0,0,9,72,37,4,122,0,0,0,122
05/01/2009,SGF,MO,ACE,CE,Combined TRACON& Tower with Radar,16,67,22,1,106,0,1,0,0,1,16,68,22,1,107,0,0,0,107
05/02/2009,SGF,MO,ACE,CE,Combined TRACON& Tower with Radar,9,45,14,0,68,0,3,24,0,27,9,48,38,0,95,32,0,32,127
05/03/2009,SGF,MO,ACE,CE,Combined TRACON& Tower with Radar,2,53,26,1,82,0,0,0,3,3,2,53,26,4,85,20,0,20,105
05/04/2009,SGF,MO,ACE,CE,Combined TRACON& Tower with Radar,7,71,42,18,138,1,2,19,2,24,8,73,61,20,162,22,14,36,198
05/05/2009,SGF,MO,ACE,CE,Combined TRACON& Tower with Radar,8,66,29,5,108,0,0,10,2,12,8,66,39,7,120,100,0,100,220
05/06/2009,SGF,MO,ACE,CE,Combined TRACON& Tower with Radar,8,58,36,24,126,0,0,13,10,23,8,58,49,34,149,12,0,12,161
05/07/2009,SGF,MO,ACE,CE,Combined TRACON& Tower with Radar,10,72,40,2,124,0,1,26,5,32,10,73,66,7,156,54,0,54,210
05/08/2009,SGF,MO,ACE,CE,Combined TRACON& Tower with Radar,16,68,38,0,122,0,1,18,1,20,16,69,56,1,142,8,0,8,150
05/09/2009,SGF,MO,ACE,CE,Combined TRACON& Tower with Radar,8,49,18,0,75,0,2,25,2,29,8,51,43,2,104,30,0,30,134
05/10/2009,SGF,MO,ACE,CE,Combined TRACON& Tower with Radar,6,55,24,4,89,0,2,12,0,14,6,57,36,4,103,4,0,4,107
05/11/2009,SGF,MO,ACE,CE,Combined TRACON& Tower with Radar,6,66,33,4,109,0,1,31,6,38,6,67,64,10,147,14,72,86,233
05/12/2009,SGF,MO,ACE,CE,Combined TRACON& Tower with Radar,8,72,36,8,124,0,1,5,5,11,8,73,41,13,135,20,4,24,159
05/13/2009,SGF,MO,ACE,CE,Combined TRACON& Tower with Radar,7,62,38,1,108,0,2,23,13,38,7,64,61,14,146,0,0,0,146
05/14/2009,SGF,MO,ACE,CE,Combined TRACON& Tower with Radar,11,64,50,6,131,0,3,13,15,31,11,67,63,21,162,46,0,46,208
05/15/2009,SGF,MO,ACE,CE,Combined TRACON& Tower with Radar,15,71,42,13,141,0,1,22,3,26,15,72,64,16,167,2,0,2,169
05/16/2009,SGF,MO,ACE,CE,Combined TRACON& Tower with Radar,12,51,15,2,80,0,0,16,3,19,12,51,31,5,99,12,0,12,111
05/17/2009,SGF,MO,ACE,CE,Combined TRACON& Tower with Radar,7,53,24,2,86,0,1,48,2,51,7,54,72,4,137,34,0,34,171
05/18/2009,SGF,MO,ACE,CE,Combined TRACON& Tower with Radar,7,70,25,0,102,0,0,28,2,30,7,70,53,2,132,4,0,4,136
05/19/2009,SGF,MO,ACE,CE,Combined TRACON& Tower with Radar,11,71,50,3,135,0,0,38,4,42,11,71,88,7,177,12,0,12,189
05/20/2009,SGF,MO,ACE,CE,Combined TRACON& Tower with Radar,11,62,43,12,128,0,0,43,14,57,11,62,86,26,185,80,24,104,289
05/21/2009,SGF,MO,ACE,CE,Combined TRACON& Tower with Radar,11,66,33,15,125,0,7,41,6,54,11,73,74,21,179,94,6,100,279
05/22/2009,SGF,MO,ACE,CE,Combined TRACON& Tower with Radar,12,69,49,0,130,0,0,43,5,48,12,69,92,5,178,42,10,52,230
05/23/2009,SGF,MO,ACE,CE,Combined TRACON& Tower with Radar,14,42,21,1,78,0,0,19,1,20,14,42,40,2,98,50,0,50,148
05/24/2009,SGF,MO,ACE,CE,Combined TRACON& Tower with Radar,7,43,20,0,70,0,0,20,0,20,7,43,40,0,90,4,0,4,94
05/25/2009,SGF,MO,ACE,CE,Combined TRACON& Tower with Radar,5,54,16,0,75,0,0,1,0,1,5,54,17,0,76,0,0,0,76
05/26/2009,SGF,MO,ACE,CE,Combined TRACON& Tower with Radar,4,64,45,12,125,0,0,7,8,15,4,64,52,20,140,4,0,4,144
05/27/2009,SGF,MO,ACE,CE,Combined TRACON& Tower with Radar,12,75,69,21,177,0,0,22,3,25,12,75,91,24,202,8,22,30,232
05/28/2009,SGF,MO,ACE,CE,Combined TRACON& Tower with Radar,11,67,24,4,106,0,0,11,0,11,11,67,35,4,117,6,0,6,123
05/29/2009,SGF,MO,ACE,CE,Combined TRACON& Tower with Radar,12,66,39,23,140,0,3,36,5,44,12,69,75,28,184,32,0,32,216
05/30/2009,SGF,MO,ACE,CE,Combined TRACON& Tower with Radar,12,43,23,2,80,0,1,39,0,40,12,44,62,2,120,0,0,0,120
05/31/2009,SGF,MO,ACE,CE,Combined TRACON& Tower with Radar,8,54,29,0,91,0,4,41,0,45,8,58,70,0,136,65,0,65,201
06/01/2009,SGF,MO,ACE,CE,Combined TRACON& Tower with Radar,6,62,23,3,94,0,5,27,1,33,6,67,50,4,127,0,18,18,145
06/02/2009,SGF,MO,ACE,CE,Combined TRACON& Tower with Radar,11,72,29,2,114,0,1,18,7,26,11,73,47,9,140,8,0,8,148
06/03/2009,SGF,MO,ACE,CE,Combined TRACON& Tower with Radar,15,73,43,10,141,0,0,1,0,1,15,73,44,10,142,0,0,0,142
06/04/2009,SGF,MO,ACE,CE,Combined TRACON& Tower with Radar,11,72,42,15,140,0,3,38,6,47,11,75,80,21,187,30,4,34,221
06/05/2009,SGF,MO,ACE,CE,Combined TRACON& Tower with Radar,12,68,34,21,135,0,7,39,10,56,12,75,73,31,191,0,0,0,191
06/06/2009,SGF,MO,ACE,CE,Combined TRACON& Tower with Radar,10,51,31,6,98,0,2,32,8,42,10,53,63,14,140,2,0,2,142
06/07/2009,SGF,MO,ACE,CE,Combined TRACON& Tower with Radar,8,53,29,0,90,0,0,23,0,23,8,53,52,0,113,0,0,0,113
06/08/2009,SGF,MO,ACE,CE,Combined TRACON& Tower with Radar,6,71,17,2,96,0,1,12,1,14,6,72,29,3,110,24,0,24,134
06/09/2009,SGF,MO,ACE,CE,Combined TRACON& Tower with Radar,13,72,23,1,109,0,1,15,6,22,13,73,38,7,131,36,16,52,183
06/10/2009,SGF,MO,ACE,CE,Combined TRACON& Tower with Radar,10,67,35,2,114,0,4,11,4,19,10,71,46,6,133,12,0,12,145
06/11/2009,SGF,MO,ACE,CE,Combined TRACON& Tower with Radar,8,60,36,0,104,0,1,16,5,22,8,61,52,5,126,16,0,16,142
06/12/2009,SGF,MO,ACE,CE,Combined TRACON& Tower with Radar,15,70,31,5,121,0,2,15,2,19,15,72,46,7,140,37,0,37,177
06/13/2009,SGF,MO,ACE,CE,Combined TRACON& Tower with Radar,12,54,16,0,82,0,1,38,1,40,12,55,54,1,122,17,0,17,139
06/14/2009,SGF,MO,ACE,CE,Combined TRACON& Tower with Radar,7,55,16,3,81,0,0,13,1,14,7,55,29,4,95,12,0,12,107
06/15/2009,SGF,MO,ACE,CE,Combined TRACON& Tower with Radar,9,69,39,2,119,0,0,20,2,22,9,69,59,4,141,24,0,24,165
06/16/2009,SGF,MO,ACE,CE,Combined TRACON& Tower with Radar,9,64,26,11,110,0,1,12,0,13,9,65,38,11,123,0,4,4,127
06/17/2009,SGF,MO,ACE,CE,Combined TRACON& Tower with Radar,13,66,45,5,129,0,2,37,0,39,13,68,82,5,168,38,0,38,206
06/18/2009,SGF,MO,ACE,CE,Combined TRACON& Tower with Radar,12,722,52,4,790,0,4,87,4,95,12,726,139,8,885,70,0,70,955
06/19/2009,SGF,MO,ACE,CE,Combined TRACON& Tower with Radar,17,54,30,1,102,0,1,20,0,21,17,55,50,1,123,16,0,16,139
06/20/2009,SGF,MO,ACE,CE,Combined TRACON& Tower with Radar,11,55,31,2,99,0,0,33,0,33,11,55,64,2,132,6,0,6,138
06/21/2009,SGF,MO,ACE,CE,Combined TRACON& Tower with Radar,7,52,11,1,71,0,3,24,0,27,7,55,35,1,98,12,0,12,110
06/22/2009,SGF,MO,ACE,CE,Combined TRACON& Tower with Radar,10,65,54,5,134,0,2,31,6,39,10,67,85,11,173,4,0,4,177
06/23/2009,SGF,MO,ACE,CE,Combined TRACON& Tower with Radar,10,61,64,2,137,0,0,28,4,32,10,61,92,6,169,8,2,10,179
06/24/2009,SGF,MO,ACE,CE,Combined TRACON& Tower with Radar,6,72,40,4,122,0,0,36,8,44,6,72,76,12,166,26,0,26,192
06/25/2009,SGF,MO,ACE,CE,Combined TRACON& Tower with Radar,10,67,51,3,131,0,1,22,4,27,10,68,73,7,158,20,0,20,178
06/26/2009,SGF,MO,ACE,CE,Combined TRACON& Tower with Radar,18,71,40,2,131,0,0,31,7,38,18,71,71,9,169,24,4,28,197
06/27/2009,SGF,MO,ACE,CE,Combined TRACON& Tower with Radar,14,46,16,0,76,0,0,29,0,29,14,46,45,0,105,2,0,2,107
06/28/2009,SGF,MO,ACE,CE,Combined TRACON& Tower with Radar,7,58,31,2,98,0,0,33,0,33,7,58,64,2,131,4,0,4,135
06/29/2009,SGF,MO,ACE,CE,Combined TRACON& Tower with Radar,7,67,39,7,120,0,1,26,7,34,7,68,65,14,154,32,0,32,186
06/30/2009,SGF,MO,ACE,CE,Combined TRACON& Tower with Radar,15,67,31,26,139,0,3,29,9,41,15,70,60,35,180,28,0,28,208
07/01/2009,SGF,MO,ACE,CE,Combined TRACON& Tower with Radar,10,69,49,43,171,0,1,44,5,50,10,70,93,48,221,32,12,44,265
07/02/2009,SGF,MO,ACE,CE,Combined TRACON& Tower with Radar,7,63,36,3,109,0,0,40,3,43,7,63,76,6,152,20,0,20,172
07/03/2009,SGF,MO,ACE,CE,Combined TRACON& Tower with Radar,14,56,22,0,92,0,0,37,2,39,14,56,59,2,131,23,6,29,160
07/04/2009,SGF,MO,ACE,CE,Combined TRACON& Tower with Radar,2,38,5,0,45,0,2,18,2,22,2,40,23,2,67,50,0,50,117
07/05/2009,SGF,MO,ACE,CE,Combined TRACON& Tower with Radar,5,55,22,0,82,0,2,10,0,12,5,57,32,0,94,0,0,0,94
07/06/2009,SGF,MO,ACE,CE,Combined TRACON& Tower with Radar,6,68,31,2,107,0,0,34,2,36,6,68,65,4,143,8,0,8,151
07/07/2009,SGF,MO,ACE,CE,Combined TRACON& Tower with Radar,10,73,43,33,159,0,0,34,16,50,10,73,77,49,209,66,20,86,295
07/08/2009,SGF,MO,ACE,CE,Combined TRACON& Tower with Radar,11,77,37,8,133,0,0,29,7,36,11,77,66,15,169,8,12,20,189
07/09/2009,SGF,MO,ACE,CE,Combined TRACON& Tower with Radar,9,69,39,3,120,0,4,26,10,40,9,73,65,13,160,42,0,42,202
07/10/2009,SGF,MO,ACE,CE,Combined TRACON& Tower with Radar,14,67,42,26,149,0,0,16,2,18,14,67,58,28,167,18,0,18,185
07/11/2009,SGF,MO,ACE,CE,Combined TRACON& Tower with Radar,9,47,22,9,87,0,0,11,3,14,9,47,33,12,101,28,0,28,129
07/12/2009,SGF,MO,ACE,CE,Combined TRACON& Tower with Radar,4,55,22,0,81,0,2,11,7,20,4,57,33,7,101,8,0,8,109
07/13/2009,SGF,MO,ACE,CE,Combined TRACON& Tower with Radar,7,69,36,24,136,0,1,5,7,13,7,70,41,31,149,56,0,56,205
07/14/2009,SGF,MO,ACE,CE,Combined TRACON& Tower with Radar,7,76,30,7,120,0,7,18,3,28,7,83,48,10,148,0,0,0,148
07/15/2009,SGF,MO,ACE,CE,Combined TRACON& Tower with Radar,11,77,46,14,148,0,0,37,17,54,11,77,83,31,202,70,28,98,300
07/16/2009,SGF,MO,ACE,CE,Combined TRACON& Tower with Radar,9,73,37,7,126,0,0,18,1,19,9,73,55,8,145,30,2,32,177
07/17/2009,SGF,MO,ACE,CE,Combined TRACON& Tower with Radar,17,71,39,10,137,0,2,33,6,41,17,73,72,16,178,32,10,42,220
07/18/2009,SGF,MO,ACE,CE,Combined TRACON& Tower with Radar,9,47,29,2,87,0,0,33,0,33,9,47,62,2,120,10,0,10,130
07/19/2009,SGF,MO,ACE,CE,Combined TRACON& Tower with Radar,4,55,28,0,87,0,0,45,0,45,4,55,73,0,132,34,0,34,166
07/20/2009,SGF,MO,ACE,CE,Combined TRACON& Tower with Radar,10,79,23,20,132,0,2,23,3,28,10,81,46,23,160,20,14,34,194
07/21/2009,SGF,MO,ACE,CE,Combined TRACON& Tower with Radar,8,67,30,0,105,0,0,2,2,4,8,67,32,2,109,0,0,0,109
07/22/2009,SGF,MO,ACE,CE,Combined TRACON& Tower with Radar,11,74,42,7,134,0,0,20,3,23,11,74,62,10,157,22,2,24,181
07/23/2009,SGF,MO,ACE,CE,Combined TRACON& Tower with Radar,18,70,45,1,134,0,1,25,5,31,18,71,70,6,165,96,0,96,261
07/24/2009,SGF,MO,ACE,CE,Combined TRACON& Tower with Radar,17,71,42,3,133,0,0,44,4,48,17,71,86,7,181,90,0,90,271
07/25/2009,SGF,MO,ACE,CE,Combined TRACON& Tower with Radar,10,54,14,0,78,0,1,9,2,12,10,55,23,2,90,12,0,12,102
07/26/2009,SGF,MO,ACE,CE,Combined TRACON& Tower with Radar,8,53,21,1,83,7,0,36,0,43,15,53,57,1,126,12,0,12,138
07/27/2009,SGF,MO,ACE,CE,Combined TRACON& Tower with Radar,11,66,25,22,124,0,0,24,9,33,11,66,49,31,157,70,0,70,227
07/28/2009,SGF,MO,ACE,CE,Combined TRACON& Tower with Radar,8,67,45,13,133,0,1,9,10,20,8,68,54,23,153,2,18,20,173
07/29/2009,SGF,MO,ACE,CE,Combined TRACON& Tower with Radar,12,72,54,14,152,0,0,19,3,22,12,72,73,17,174,18,0,18,192
07/30/2009,SGF,MO,ACE,CE,Combined TRACON& Tower with Radar,10,65,36,2,113,0,0,13,0,13,10,65,49,2,126,6,0,6,132
07/31/2009,SGF,MO,ACE,CE,Combined TRACON& Tower with Radar,14,73,49,6,142,0,0,63,8,71,14,73,112,14,213,0,12,12,225
08/01/2009,SGF,MO,ACE,CE,Combined TRACON& Tower with Radar,10,53,30,0,93,0,0,11,0,11,10,53,41,0,104,10,0,10,114
08/02/2009,SGF,MO,ACE,CE,Combined TRACON& Tower with Radar,8,56,28,2,94,0,2,45,2,49,8,58,73,4,143,68,2,70,213
08/03/2009,SGF,MO,ACE,CE,Combined TRACON& Tower with Radar,6,65,19,1,91,0,2,22,5,29,6,67,41,6,120,0,0,0,120
08/04/2009,SGF,MO,ACE,CE,Combined TRACON& Tower with Radar,9,66,42,2,119,0,2,19,3,24,9,68,61,5,143,12,0,12,155
08/05/2009,SGF,MO,ACE,CE,Combined TRACON& Tower with Radar,10,68,29,7,114,0,0,22,15,37,10,68,51,22,151,34,26,60,211
08/06/2009,SGF,MO,ACE,CE,Combined TRACON& Tower with Radar,9,66,45,9,129,0,2,17,7,26,9,68,62,16,155,63,24,87,242
08/07/2009,SGF,MO,ACE,CE,Combined TRACON& Tower with Radar,13,67,38,17,135,0,2,22,6,30,13,69,60,23,165,14,18,32,197
08/08/2009,SGF,MO,ACE,CE,Combined TRACON& Tower with Radar,11,48,22,1,82,0,1,39,7,47,11,49,61,8,129,12,0,12,141
08/09/2009,SGF,MO,ACE,CE,Combined TRACON& Tower with Radar,6,54,19,1,80,0,0,17,0,17,6,54,36,1,97,0,0,0,97
08/10/2009,SGF,MO,ACE,CE,Combined TRACON& Tower with Radar,7,75,22,2,106,0,2,3,0,5,7,77,25,2,111,0,0,0,111
08/11/2009,SGF,MO,ACE,CE,Combined TRACON& Tower with Radar,8,67,38,19,132,0,0,18,14,32,8,67,56,33,164,10,52,62,226
08/12/2009,SGF,MO,ACE,CE,Combined TRACON& Tower with Radar,9,74,26,18,127,0,0,32,6,38,9,74,58,24,165,70,0,70,235
08/13/2009,SGF,MO,ACE,CE,Combined TRACON& Tower with Radar,9,66,38,15,128,0,4,36,12,52,9,70,74,27,180,14,2,16,196
08/14/2009,SGF,MO,ACE,CE,Combined TRACON& Tower with Radar,12,66,18,3,99,0,3,22,2,27,12,69,40,5,126,62,2,64,190
08/15/2009,SGF,MO,ACE,CE,Combined TRACON& Tower with Radar,10,50,11,0,71,0,7,25,1,33,10,57,36,1,104,0,0,0,104
08/16/2009,SGF,MO,ACE,CE,Combined TRACON& Tower with Radar,6,55,7,0,68,0,0,16,0,16,6,55,23,0,84,18,0,18,102
08/17/2009,SGF,MO,ACE,CE,Combined TRACON& Tower with Radar,5,76,29,11,121,0,3,5,0,8,5,79,34,11,129,10,0,10,139
08/18/2009,SGF,MO,ACE,CE,Combined TRACON& Tower with Radar,11,65,32,19,127,0,0,7,6,13,11,65,39,25,140,6,0,6,146
08/19/2009,SGF,MO,ACE,CE,Combined TRACON& Tower with Radar,6,63,29,7,105,0,1,11,0,12,6,64,40,7,117,0,0,0,117
08/20/2009,SGF,MO,ACE,CE,Combined TRACON& Tower with Radar,9,75,34,9,127,0,1,11,3,15,9,76,45,12,142,0,36,36,178
08/21/2009,SGF,MO,ACE,CE,Combined TRACON& Tower with Radar,13,65,24,6,108,0,0,26,1,27,13,65,50,7,135,10,0,10,145
08/22/2009,SGF,MO,ACE,CE,Combined TRACON& Tower with Radar,11,52,31,2,96,0,2,28,0,30,11,54,59,2,126,60,0,60,186
08/23/2009,SGF,MO,ACE,CE,Combined TRACON& Tower with Radar,2,58,22,0,82,0,0,42,0,42,2,58,64,0,124,10,0,10,134
08/24/2009,SGF,MO,ACE,CE,Combined TRACON& Tower with Radar,6,63,29,64,162,0,7,28,5,40,6,70,57,69,202,20,130,150,352
08/25/2009,SGF,MO,ACE,CE,Combined TRACON& Tower with Radar,8,60,32,26,126,0,1,21,6,28,8,61,53,32,154,42,30,72,226
08/26/2009,SGF,MO,ACE,CE,Combined TRACON& Tower with Radar,6,55,38,6,105,0,2,26,12,40,6,57,64,18,145,30,2,32,177
08/27/2009,SGF,MO,ACE,CE,Combined TRACON& Tower with Radar,9,68,44,2,123,0,0,7,3,10,9,68,51,5,133,2,0,2,135
08/28/2009,SGF,MO,ACE,CE,Combined TRACON& Tower with Radar,14,67,57,2,140,0,0,7,1,8,14,67,64,3,148,10,0,10,158
08/29/2009,SGF,MO,ACE,CE,Combined TRACON& Tower with Radar,9,47,37,10,103,0,0,20,0,20,9,47,57,10,123,14,0,14,137
08/30/2009,SGF,MO,ACE,CE,Combined TRACON& Tower with Radar,7,55,21,0,83,0,0,32,0,32,7,55,53,0,115,0,0,0,115
08/31/2009,SGF,MO,ACE,CE,Combined TRACON& Tower with Radar,11,60,41,3,115,0,0,21,9,30,11,60,62,12,145,36,0,36,181
09/01/2009,SGF,MO,ACE,CE,Combined TRACON& Tower with Radar,8,64,39,4,115,0,2,34,5,41,8,66,73,9,156,32,0,32,188
09/02/2009,SGF,MO,ACE,CE,Combined TRACON& Tower with Radar,9,61,24,2,96,0,0,19,2,21,9,61,43,4,117,26,0,26,143
09/03/2009,SGF,MO,ACE,CE,Combined TRACON& Tower with Radar,12,57,44,11,124,0,0,30,5,35,12,57,74,16,159,26,36,62,221
09/04/2009,SGF,MO,ACE,CE,Combined TRACON& Tower with Radar,14,61,34,0,109,0,0,5,0,5,14,61,39,0,114,0,0,0,114
09/05/2009,SGF,MO,ACE,CE,Combined TRACON& Tower with Radar,9,46,18,0,73,0,0,5,0,5,9,46,23,0,78,24,0,24,102
09/06/2009,SGF,MO,ACE,CE,Combined TRACON& Tower with Radar,4,42,15,0,61,0,0,10,0,10,4,42,25,0,71,4,0,4,75
09/07/2009,SGF,MO,ACE,CE,Combined TRACON& Tower with Radar,8,50,27,0,85,0,0,21,0,21,8,50,48,0,106,6,0,6,112
09/08/2009,SGF,MO,ACE,CE,Combined TRACON& Tower with Radar,3,65,35,2,105,0,1,21,4,26,3,66,56,6,131,46,0,46,177
09/09/2009,SGF,MO,ACE,CE,Combined TRACON& Tower with Radar,8,55,26,3,92,0,1,11,5,17,8,56,37,8,109,6,2,8,117
09/10/2009,SGF,MO,ACE,CE,Combined TRACON& Tower with Radar,10,58,63,4,135,0,0,20,7,27,10,58,83,11,162,16,0,16,178
09/11/2009,SGF,MO,ACE,CE,Combined TRACON& Tower with Radar,14,61,42,1,118,0,4,27,2,33,14,65,69,3,151,10,0,10,161
09/12/2009,SGF,MO,ACE,CE,Combined TRACON& Tower with Radar,6,45,13,1,65,0,0,37,0,37,6,45,50,1,102,24,0,24,126
09/13/2009,SGF,MO,ACE,CE,Combined TRACON& Tower with Radar,4,56,26,14,100,0,0,16,0,16,4,56,42,14,116,24,28,52,168
09/14/2009,SGF,MO,ACE,CE,Combined TRACON& Tower with Radar,7,56,47,5,115,0,0,11,8,19,7,56,58,13,134,24,10,34,168
09/15/2009,SGF,MO,ACE,CE,Combined TRACON& Tower with Radar,8,59,48,36,151,0,0,2,5,7,8,59,50,41,158,0,0,0,158
09/16/2009,SGF,MO,ACE,CE,Combined TRACON& Tower with Radar,7,59,51,17,134,0,2,28,7,37,7,61,79,24,171,0,10,10,181
09/17/2009,SGF,MO,ACE,CE,Combined TRACON& Tower with Radar,7,65,64,13,149,0,3,27,4,34,7,68,91,17,183,42,76,118,301
09/18/2009,SGF,MO,ACE,CE,Combined TRACON& Tower with Radar,14,57,38,41,150,0,0,46,9,55,14,57,84,50,205,36,32,68,273
09/19/2009,SGF,MO,ACE,CE,Combined TRACON& Tower with Radar,9,43,31,5,88,0,2,5,2,9,9,45,36,7,97,24,0,24,121
09/20/2009,SGF,MO,ACE,CE,Combined TRACON& Tower with Radar,4,55,30,0,89,0,0,7,0,7,4,55,37,0,96,2,0,2,98
09/21/2009,SGF,MO,ACE,CE,Combined TRACON& Tower with Radar,12,45,39,3,99,0,0,10,5,15,12,45,49,8,114,34,4,38,152
09/22/2009,SGF,MO,ACE,CE,Combined TRACON& Tower with Radar,12,63,61,8,144,0,0,0,0,0,12,63,61,8,144,0,0,0,144
09/23/2009,SGF,MO,ACE,CE,Combined TRACON& Tower with Radar,11,61,44,4,120,0,1,12,1,14,11,62,56,5,134,56,0,56,190
09/24/2009,SGF,MO,ACE,CE,Combined TRACON& Tower with Radar,10,63,39,9,121,0,2,16,5,23,10,65,55,14,144,32,4,36,180
09/25/2009,SGF,MO,ACE,CE,Combined TRACON& Tower with Radar,14,62,41,19,136,0,2,37,1,40,14,64,78,20,176,28,50,78,254
09/26/2009,SGF,MO,ACE,CE,Combined TRACON& Tower with Radar,11,44,16,0,71,0,0,22,5,27,11,44,38,5,98,4,0,4,102
09/27/2009,SGF,MO,ACE,CE,Combined TRACON& Tower with Radar,4,57,20,0,81,0,2,17,0,19,4,59,37,0,100,56,0,56,156
09/28/2009,SGF,MO,ACE,CE,Combined TRACON& Tower with Radar,8,63,29,13,113,0,0,23,4,27,8,63,52,17,140,4,10,14,154
09/29/2009,SGF,MO,ACE,CE,Combined TRACON& Tower with Radar,6,60,48,15,129,0,0,32,12,44,6,60,80,27,173,25,0,25,198
09/30/2009,SGF,MO,ACE,CE,Combined TRACON& Tower with Radar,7,61,43,3,114,0,7,30,9,46,7,68,73,12,160,16,0,16,176
10/01/2009,SGF,MO,ACE,CE,Combined TRACON& Tower with Radar,10,59,44,4,117,0,2,8,1,11,10,61,52,5,128,0,0,0,128
10/02/2009,SGF,MO,ACE,CE,Combined TRACON& Tower with Radar,16,70,30,5,121,0,0,16,5,21,16,70,46,10,142,16,0,16,158
10/03/2009,SGF,MO,ACE,CE,Combined TRACON& Tower with Radar,9,45,12,2,68,0,2,35,2,39,9,47,47,4,107,34,10,44,151
10/04/2009,SGF,MO,ACE,CE,Combined TRACON& Tower with Radar,6,56,30,1,93,0,0,16,1,17,6,56,46,2,110,2,0,2,112
10/05/2009,SGF,MO,ACE,CE,Combined TRACON& Tower with Radar,7,59,35,25,126,0,0,17,6,23,7,59,52,31,149,44,48,92,241
10/06/2009,SGF,MO,ACE,CE,Combined TRACON& Tower with Radar,7,50,27,7,91,0,0,9,5,14,7,50,36,12,105,0,0,0,105
10/07/2009,SGF,MO,ACE,CE,Combined TRACON& Tower with Radar,7,63,37,17,124,0,2,22,12,36,7,65,59,29,160,16,12,28,188
10/08/2009,SGF,MO,ACE,CE,Combined TRACON& Tower with Radar,12,68,33,0,113,0,0,4,0,4,12,68,37,0,117,0,0,0,117
10/09/2009,SGF,MO,ACE,CE,Combined TRACON& Tower with Radar,14,73,37,0,124,0,0,0,0,0,14,73,37,0,124,0,0,0,124
10/10/2009,SGF,MO,ACE,CE,Combined TRACON& Tower with Radar,8,48,28,0,84,0,0,30,1,31,8,48,58,1,115,10,0,10,125
10/11/2009,SGF,MO,ACE,CE,Combined TRACON& Tower with Radar,4,53,24,4,85,0,0,16,0,16,4,53,40,4,101,8,0,8,109
10/12/2009,SGF,MO,ACE,CE,Combined TRACON& Tower with Radar,9,57,61,4,131,0,1,2,0,3,9,58,63,4,134,8,0,8,142
10/13/2009,SGF,MO,ACE,CE,Combined TRACON& Tower with Radar,4,64,39,0,107,0,0,0,0,0,4,64,39,0,107,0,0,0,107
10/14/2009,SGF,MO,ACE,CE,Combined TRACON& Tower with Radar,6,64,46,0,116,0,0,0,0,0,6,64,46,0,116,0,0,0,116
10/15/2009,SGF,MO,ACE,CE,Combined TRACON& Tower with Radar,8,60,37,0,105,0,0,0,0,0,8,60,37,0,105,0,0,0,105
10/16/2009,SGF,MO,ACE,CE,Combined TRACON& Tower with Radar,11,63,38,9,121,0,2,10,2,14,11,65,48,11,135,30,6,36,171
10/17/2009,SGF,MO,ACE,CE,Combined TRACON& Tower with Radar,10,62,63,6,141,0,18,70,2,90,10,80,133,8,231,44,0,44,275
10/18/2009,SGF,MO,ACE,CE,Combined TRACON& Tower with Radar,4,55,35,0,94,0,1,31,0,32,4,56,66,0,126,34,0,34,160
10/19/2009,SGF,MO,ACE,CE,Combined TRACON& Tower with Radar,7,60,36,1,104,0,1,31,5,37,7,61,67,6,141,20,0,20,161
10/20/2009,SGF,MO,ACE,CE,Combined TRACON& Tower with Radar,6,63,41,6,116,0,1,30,3,34,6,64,71,9,150,2,0,2,152
10/21/2009,SGF,MO,ACE,CE,Combined TRACON& Tower with Radar,10,65,26,8,109,0,1,15,19,35,10,66,41,27,144,51,26,77,221
10/22/2009,SGF,MO,ACE,CE,Combined TRACON& Tower with Radar,11,59,41,4,115,0,0,0,0,0,11,59,41,4,115,0,0,0,115
10/23/2009,SGF,MO,ACE,CE,Combined TRACON& Tower with Radar,13,72,40,3,128,0,0,4,8,12,13,72,44,11,140,30,0,30,170
10/24/2009,SGF,MO,ACE,CE,Combined TRACON& Tower with Radar,11,48,17,0,76,0,10,42,0,52,11,58,59,0,128,52,0,52,180
10/25/2009,SGF,MO,ACE,CE,Combined TRACON& Tower with Radar,5,57,25,2,89,0,0,10,0,10,5,57,35,2,99,2,0,2,101
10/26/2009,SGF,MO,ACE,CE,Combined TRACON& Tower with Radar,6,69,36,9,120,0,0,0,0,0,6,69,36,9,120,0,0,0,120
10/27/2009,SGF,MO,ACE,CE,Combined TRACON& Tower with Radar,7,61,49,3,120,0,0,1,0,1,7,61,50,3,121,0,12,12,133
10/28/2009,SGF,MO,ACE,CE,Combined TRACON& Tower with Radar,5,61,50,14,130,0,6,14,0,20,5,67,64,14,150,40,10,50,200
10/29/2009,SGF,MO,ACE,CE,Combined TRACON& Tower with Radar,13,63,31,0,107,0,0,1,0,1,13,63,32,0,108,0,0,0,108
10/30/2009,SGF,MO,ACE,CE,Combined TRACON& Tower with Radar,13,61,28,21,123,0,1,6,12,19,13,62,34,33,142,20,56,76,218
10/31/2009,SGF,MO,ACE,CE,Combined TRACON& Tower with Radar,9,51,38,0,98,0,0,35,0,35,9,51,73,0,133,14,0,14,147
11/01/2009,SGF,MO,ACE,CE,Combined TRACON& Tower with Radar,5,59,25,2,91,0,0,30,0,30,5,59,55,2,121,6,0,6,127
11/02/2009,SGF,MO,ACE,CE,Combined TRACON& Tower with Radar,9,62,35,4,110,0,0,30,3,33,9,62,65,7,143,66,0,66,209
11/03/2009,SGF,MO,ACE,CE,Combined TRACON& Tower with Radar,4,60,41,23,128,0,4,37,12,53,4,64,78,35,181,38,10,48,229
11/04/2009,SGF,MO,ACE,CE,Combined TRACON& Tower with Radar,5,57,28,4,94,0,0,31,11,42,5,57,59,15,136,16,8,24,160
11/05/2009,SGF,MO,ACE,CE,Combined TRACON& Tower with Radar,11,66,39,23,139,0,6,51,4,61,11,72,90,27,200,120,2,122,322
11/06/2009,SGF,MO,ACE,CE,Combined TRACON& Tower with Radar,11,59,25,17,112,0,2,37,6,45,11,61,62,23,157,76,30,106,263
11/07/2009,SGF,MO,ACE,CE,Combined TRACON& Tower with Radar,8,44,17,2,71,0,5,27,2,34,8,49,44,4,105,26,0,26,131
11/08/2009,SGF,MO,ACE,CE,Combined TRACON& Tower with Radar,4,54,20,1,79,0,0,28,2,30,4,54,48,3,109,4,0,4,113
11/09/2009,SGF,MO,ACE,CE,Combined TRACON& Tower with Radar,6,70,33,9,118,0,0,13,6,19,6,70,46,15,137,12,0,12,149
11/10/2009,SGF,MO,ACE,CE,Combined TRACON& Tower with Radar,4,65,44,4,117,0,0,9,1,10,4,65,53,5,127,50,0,50,177
11/11/2009,SGF,MO,ACE,CE,Combined TRACON& Tower with Radar,4,55,37,0,96,0,0,29,0,29,4,55,66,0,125,62,0,62,187
11/12/2009,SGF,MO,ACE,CE,Combined TRACON& Tower with Radar,8,63,39,29,139,0,0,28,11,39,8,63,67,40,178,68,6,74,252
11/13/2009,SGF,MO,ACE,CE,Combined TRACON& Tower with Radar,14,63,33,7,117,0,1,22,7,30,14,64,55,14,147,38,6,44,191
11/14/2009,SGF,MO,ACE,CE,Combined TRACON& Tower with Radar,8,47,18,0,73,0,0,30,0,30,8,47,48,0,103,30,0,30,133
11/15/2009,SGF,MO,ACE,CE,Combined TRACON& Tower with Radar,6,54,28,0,88,0,0,0,0,0,6,54,28,0,88,0,0,0,88
11/16/2009,SGF,MO,ACE,CE,Combined TRACON& Tower with Radar,7,73,30,2,112,0,0,0,0,0,7,73,30,2,112,0,0,0,112
11/17/2009,SGF,MO,ACE,CE,Combined TRACON& Tower with Radar,14,68,25,0,107,0,0,0,0,0,14,68,25,0,107,0,0,0,107
11/18/2009,SGF,MO,ACE,CE,Combined TRACON& Tower with Radar,7,63,26,2,98,0,0,0,0,0,7,63,26,2,98,0,0,0,98
11/19/2009,SGF,MO,ACE,CE,Combined TRACON& Tower with Radar,12,61,51,9,133,0,2,42,18,62,12,63,93,27,195,57,10,67,262
11/20/2009,SGF,MO,ACE,CE,Combined TRACON& Tower with Radar,16,68,57,0,141,0,3,23,2,28,16,71,80,2,169,16,0,16,185
11/21/2009,SGF,MO,ACE,CE,Combined TRACON& Tower with Radar,8,44,23,1,76,0,0,15,0,15,8,44,38,1,91,14,0,14,105
11/22/2009,SGF,MO,ACE,CE,Combined TRACON& Tower with Radar,6,54,15,1,76,0,2,24,0,26,6,56,39,1,102,14,0,14,116
11/23/2009,SGF,MO,ACE,CE,Combined TRACON& Tower with Radar,1,63,31,14,109,0,5,13,11,29,1,68,44,25,138,42,4,46,184
11/24/2009,SGF,MO,ACE,CE,Combined TRACON& Tower with Radar,12,62,38,22,134,0,0,3,5,8,12,62,41,27,142,32,0,32,174
11/25/2009,SGF,MO,ACE,CE,Combined TRACON& Tower with Radar,6,48,32,1,87,0,0,29,5,34,6,48,61,6,121,16,0,16,137
11/26/2009,SGF,MO,ACE,CE,Combined TRACON& Tower with Radar,7,34,5,0,46,0,0,14,0,14,7,34,19,0,60,0,0,0,60
11/27/2009,SGF,MO,ACE,CE,Combined TRACON& Tower with Radar,10,39,16,0,65,0,3,11,0,14,10,42,27,0,79,18,0,18,97
11/28/2009,SGF,MO,ACE,CE,Combined TRACON& Tower with Radar,8,46,31,0,85,0,2,53,1,56,8,48,84,1,141,14,0,14,155
11/29/2009,SGF,MO,ACE,CE,Combined TRACON& Tower with Radar,5,52,31,0,88,0,0,1,1,2,5,52,32,1,90,0,0,0,90
11/30/2009,SGF,MO,ACE,CE,Combined TRACON& Tower with Radar,6,66,27,12,111,0,3,23,9,35,6,69,50,21,146,48,26,74,220
12/01/2009,SGF,MO,ACE,CE,Combined TRACON& Tower with Radar,9,57,34,45,145,0,2,34,11,47,9,59,68,56,192,14,16,30,222
12/02/2009,SGF,MO,ACE,CE,Combined TRACON& Tower with Radar,9,64,40,4,117,0,0,7,6,13,9,64,47,10,130,0,0,0,130
12/03/2009,SGF,MO,ACE,CE,Combined TRACON& Tower with Radar,8,59,44,12,123,0,1,18,15,34,8,60,62,27,157,52,10,62,219
12/04/2009,SGF,MO,ACE,CE,Combined TRACON& Tower with Radar,12,52,30,2,96,0,1,26,4,31,12,53,56,6,127,0,0,0,127
12/05/2009,SGF,MO,ACE,CE,Combined TRACON& Tower with Radar,9,49,20,2,80,0,2,53,1,56,9,51,73,3,136,36,0,36,172
12/06/2009,SGF,MO,ACE,CE,Combined TRACON& Tower with Radar,2,49,12,7,70,0,3,7,1,11,2,52,19,8,81,0,0,0,81
12/07/2009,SGF,MO,ACE,CE,Combined TRACON& Tower with Radar,6,59,30,9,104,0,1,1,4,6,6,60,31,13,110,34,0,34,144
12/08/2009,SGF,MO,ACE,CE,Combined TRACON& Tower with Radar,8,54,25,0,87,0,0,0,0,0,8,54,25,0,87,0,0,0,87
12/09/2009,SGF,MO,ACE,CE,Combined TRACON& Tower with Radar,6,61,34,4,105,0,3,2,0,5,6,64,36,4,110,0,0,0,110
12/10/2009,SGF,MO,ACE,CE,Combined TRACON& Tower with Radar,9,57,50,1,117,0,0,19,11,30,9,57,69,12,147,10,0,10,157
12/11/2009,SGF,MO,ACE,CE,Combined TRACON& Tower with Radar,15,58,31,18,122,0,0,28,3,31,15,58,59,21,153,20,8,28,181
12/12/2009,SGF,MO,ACE,CE,Combined TRACON& Tower with Radar,9,45,29,7,90,0,8,5,0,13,9,53,34,7,103,4,0,4,107
12/13/2009,SGF,MO,ACE,CE,Combined TRACON& Tower with Radar,3,52,22,0,77,0,1,3,0,4,3,53,25,0,81,0,0,0,81
12/14/2009,SGF,MO,ACE,CE,Combined TRACON& Tower with Radar,5,61,32,1,99,0,0,0,2,2,5,61,32,3,101,22,0,22,123
12/15/2009,SGF,MO,ACE,CE,Combined TRACON& Tower with Radar,9,60,31,4,104,0,0,28,8,36,9,60,59,12,140,18,0,18,158
12/16/2009,SGF,MO,ACE,CE,Combined TRACON& Tower with Radar,7,65,34,11,117,0,1,21,7,29,7,66,55,18,146,40,0,40,186
12/17/2009,SGF,MO,ACE,CE,Combined TRACON& Tower with Radar,7,62,46,5,120,0,3,37,3,43,7,65,83,8,163,96,0,96,259
12/18/2009,SGF,MO,ACE,CE,Combined TRACON& Tower with Radar,14,67,41,3,125,0,3,14,2,19,14,70,55,5,144,22,0,22,166
12/19/2009,SGF,MO,ACE,CE,Combined TRACON& Tower with Radar,12,48,15,0,75,0,0,0,0,0,12,48,15,0,75,74,0,74,149
12/20/2009,SGF,MO,ACE,CE,Combined TRACON& Tower with Radar,4,49,25,1,79,0,0,22,0,22,4,49,47,1,101,28,0,28,129
12/21/2009,SGF,MO,ACE,CE,Combined TRACON& Tower with Radar,10,60,23,2,95,0,0,28,3,31,10,60,51,5,126,30,0,30,156
12/22/2009,SGF,MO,ACE,CE,Combined TRACON& Tower with Radar,11,54,30,24,119,0,0,21,5,26,11,54,51,29,145,4,14,18,163
12/23/2009,SGF,MO,ACE,CE,Combined TRACON& Tower with Radar,11,62,23,0,96,0,0,0,0,0,11,62,23,0,96,0,0,0,96
12/24/2009,SGF,MO,ACE,CE,Combined TRACON& Tower with Radar,14,43,10,0,67,0,0,0,0,0,14,43,10,0,67,0,0,0,67
12/25/2009,SGF,MO,ACE,CE,Combined TRACON& Tower with Radar,8,30,5,0,43,0,1,0,0,1,8,31,5,0,44,0,0,0,44
12/26/2009,SGF,MO,ACE,CE,Combined TRACON& Tower with Radar,9,48,27,0,84,0,2,4,0,6,9,50,31,0,90,16,0,16,106
12/27/2009,SGF,MO,ACE,CE,Combined TRACON& Tower with Radar,8,44,12,0,64,0,0,7,0,7,8,44,19,0,71,28,0,28,99
12/28/2009,SGF,MO,ACE,CE,Combined TRACON& Tower with Radar,5,63,28,11,107,0,3,18,2,23,5,66,46,13,130,50,2,52,182
12/29/2009,SGF,MO,ACE,CE,Combined TRACON& Tower with Radar,9,46,26,11,92,0,0,12,6,18,9,46,38,17,110,62,0,62,172
12/30/2009,SGF,MO,ACE,CE,Combined TRACON& Tower with Radar,12,60,21,0,93,0,0,0,0,0,12,60,21,0,93,0,0,0,93
12/31/2009,SGF,MO,ACE,CE,Combined TRACON& Tower with Radar,10,49,19,0,78,0,0,1,0,1,10,49,20,0,79,0,10,10,89
01/01/2010,SGF,MO,ACE,CE,Combined TRACON& Tower with Radar,10,44,10,0,64,0,0,18,0,18,10,44,28,0,82,46,0,46,128
01/02/2010,SGF,MO,ACE,CE,Combined TRACON& Tower with Radar,9,53,25,0,87,0,0,16,1,17,9,53,41,1,104,44,0,44,148
01/03/2010,SGF,MO,ACE,CE,Combined TRACON& Tower with Radar,9,49,13,0,71,0,0,0,0,0,9,49,13,0,71,0,0,0,71
01/04/2010,SGF,MO,ACE,CE,Combined TRACON& Tower with Radar,6,56,25,0,87,0,1,13,5,19,6,57,38,5,106,0,0,0,106
01/05/2010,SGF,MO,ACE,CE,Combined TRACON& Tower with Radar,8,66,28,14,116,0,0,13,3,16,8,66,41,17,132,0,0,0,132
01/06/2010,SGF,MO,ACE,CE,Combined TRACON& Tower with Radar,5,63,24,7,99,0,1,1,1,3,5,64,25,8,102,0,0,0,102
01/07/2010,SGF,MO,ACE,CE,Combined TRACON& Tower with Radar,7,52,15,0,74,0,0,0,0,0,7,52,15,0,74,0,0,0,74
01/08/2010,SGF,MO,ACE,CE,Combined TRACON& Tower with Radar,15,48,22,5,90,0,0,4,0,4,15,48,26,5,94,0,8,8,102
01/09/2010,SGF,MO,ACE,CE,Combined TRACON& Tower with Radar,8,41,13,2,64,0,0,8,0,8,8,41,21,2,72,42,0,42,114
01/10/2010,SGF,MO,ACE,CE,Combined TRACON& Tower with Radar,2,49,23,2,76,0,2,15,0,17,2,51,38,2,93,4,0,4,97
01/11/2010,SGF,MO,ACE,CE,Combined TRACON& Tower with Radar,6,62,25,6,99,0,1,19,4,24,6,63,44,10,123,0,0,0,123
01/12/2010,SGF,MO,ACE,CE,Combined TRACON& Tower with Radar,7,56,19,7,89,0,0,10,3,13,7,56,29,10,102,26,0,26,128
01/13/2010,SGF,MO,ACE,CE,Combined TRACON& Tower with Radar,12,53,45,9,119,0,1,38,3,42,12,54,83,12,161,34,14,48,209
01/14/2010,SGF,MO,ACE,CE,Combined TRACON& Tower with Radar,7,62,31,12,112,0,0,10,3,13,7,62,41,15,125,76,12,88,213
01/15/2010,SGF,MO,ACE,CE,Combined TRACON& Tower with Radar,14,60,42,0,116,0,0,3,0,3,14,60,45,0,119,34,0,34,153
01/16/2010,SGF,MO,ACE,CE,Combined TRACON& Tower with Radar,10,45,14,0,69,0,0,7,1,8,10,45,21,1,77,24,0,24,101
01/17/2010,SGF,MO,ACE,CE,Combined TRACON& Tower with Radar,2,44,21,1,68,0,0,0,0,0,2,44,21,1,68,0,0,0,68
01/18/2010,SGF,MO,ACE,CE,Combined TRACON& Tower with Radar,13,56,12,0,81,0,1,40,0,41,13,57,52,0,122,66,0,66,188
01/19/2010,SGF,MO,ACE,CE,Combined TRACON& Tower with Radar,8,58,38,2,106,0,0,10,5,15,8,58,48,7,121,2,6,8,129
01/20/2010,SGF,MO,ACE,CE,Combined TRACON& Tower with Radar,9,52,29,38,128,0,0,15,2,17,9,52,44,40,145,28,38,66,211
01/21/2010,SGF,MO,ACE,CE,Combined TRACON& Tower with Radar,15,58,48,1,122,0,0,0,0,0,15,58,48,1,122,0,0,0,122
01/22/2010,SGF,MO,ACE,CE,Combined TRACON& Tower with Radar,12,58,52,5,127,0,0,0,0,0,12,58,52,5,127,0,0,0,127
01/23/2010,SGF,MO,ACE,CE,Combined TRACON& Tower with Radar,10,40,20,0,70,0,0,0,0,0,10,40,20,0,70,0,0,0,70
01/24/2010,SGF,MO,ACE,CE,Combined TRACON& Tower with Radar,4,41,20,0,65,0,0,7,0,7,4,41,27,0,72,18,0,18,90
01/25/2010,SGF,MO,ACE,CE,Combined TRACON& Tower with Radar,7,50,34,0,91,0,0,6,0,6,7,50,40,0,97,14,0,14,111
01/26/2010,SGF,MO,ACE,CE,Combined TRACON& Tower with Radar,9,60,31,19,119,0,3,34,19,56,9,63,65,38,175,52,0,52,227
01/27/2010,SGF,MO,ACE,CE,Combined TRACON& Tower with Radar,4,58,32,3,97,0,2,6,9,17,4,60,38,12,114,62,0,62,176
01/28/2010,SGF,MO,ACE,CE,Combined TRACON& Tower with Radar,7,50,32,3,92,0,0,10,9,19,7,50,42,12,111,16,0,16,127
01/29/2010,SGF,MO,ACE,CE,Combined TRACON& Tower with Radar,13,47,11,0,71,0,0,0,0,0,13,47,11,0,71,0,0,0,71
01/30/2010,SGF,MO,ACE,CE,Combined TRACON& Tower with Radar,11,42,13,1,67,0,0,7,0,7,11,42,20,1,74,0,0,0,74
01/31/2010,SGF,MO,ACE,CE,Combined TRACON& Tower with Radar,5,54,15,1,75,0,0,24,0,24,5,54,39,1,99,24,0,24,123
02/01/2010,SGF,MO,ACE,CE,Combined TRACON& Tower with Radar,9,67,28,1,105,0,0,8,2,10,9,67,36,3,115,12,0,12,127
02/02/2010,SGF,MO,ACE,CE,Combined TRACON& Tower with Radar,10,60,29,2,101,0,1,6,1,8,10,61,35,3,109,60,0,60,169
02/03/2010,SGF,MO,ACE,CE,Combined TRACON& Tower with Radar,6,53,42,10,111,0,0,13,5,18,6,53,55,15,129,28,2,30,159
02/04/2010,SGF,MO,ACE,CE,Combined TRACON& Tower with Radar,8,54,27,6,95,0,0,1,3,4,8,54,28,9,99,0,0,0,99
02/05/2010,SGF,MO,ACE,CE,Combined TRACON& Tower with Radar,14,59,11,0,84,0,0,0,0,0,14,59,11,0,84,0,0,0,84
02/06/2010,SGF,MO,ACE,CE,Combined TRACON& Tower with Radar,10,40,9,0,59,0,0,2,0,2,10,40,11,0,61,16,0,16,77
02/07/2010,SGF,MO,ACE,CE,Combined TRACON& Tower with Radar,2,47,17,2,68,0,0,1,0,1,2,47,18,2,69,0,0,0,69
02/08/2010,SGF,MO,ACE,CE,Combined TRACON& Tower with Radar,9,50,11,1,71,0,0,0,0,0,9,50,11,1,71,0,0,0,71
02/09/2010,SGF,MO,ACE,CE,Combined TRACON& Tower with Radar,16,54,28,6,104,0,0,2,0,2,16,54,30,6,106,0,0,0,106
02/10/2010,SGF,MO,ACE,CE,Combined TRACON& Tower with Radar,5,61,31,6,103,0,0,19,2,21,5,61,50,8,124,12,0,12,136
02/11/2010,SGF,MO,ACE,CE,Combined TRACON& Tower with Radar,7,53,27,16,103,0,3,6,6,15,7,56,33,22,118,0,22,22,140
02/12/2010,SGF,MO,ACE,CE,Combined TRACON& Tower with Radar,16,49,20,13,98,0,0,6,1,7,16,49,26,14,105,0,0,0,105
02/13/2010,SGF,MO,ACE,CE,Combined TRACON& Tower with Radar,6,39,27,0,72,0,0,7,0,7,6,39,34,0,79,14,0,14,93
02/14/2010,SGF,MO,ACE,CE,Combined TRACON& Tower with Radar,2,46,14,0,62,0,0,3,0,3,2,46,17,0,65,0,0,0,65
02/15/2010,SGF,MO,ACE,CE,Combined TRACON& Tower with Radar,8,45,21,0,74,0,1,3,2,6,8,46,24,2,80,0,0,0,80
02/16/2010,SGF,MO,ACE,CE,Combined TRACON& Tower with Radar,9,60,30,2,101,0,0,19,0,19,9,60,49,2,120,12,0,12,132
02/17/2010,SGF,MO,ACE,CE,Combined TRACON& Tower with Radar,4,61,24,7,96,0,0,15,5,20,4,61,39,12,116,34,14,48,164
02/18/2010,SGF,MO,ACE,CE,Combined TRACON& Tower with Radar,6,58,44,12,120,0,2,35,5,42,6,60,79,17,162,84,26,110,272
02/19/2010,SGF,MO,ACE,CE,Combined TRACON& Tower with Radar,15,62,22,4,103,0,4,14,8,26,15,66,36,12,129,8,0,8,137
02/20/2010,SGF,MO,ACE,CE,Combined TRACON& Tower with Radar,6,47,34,6,93,0,1,14,3,18,6,48,48,9,111,8,10,18,129
02/21/2010,SGF,MO,ACE,CE,Combined TRACON& Tower with Radar,3,52,11,0,66,0,0,0,0,0,3,52,11,0,66,0,0,0,66
02/22/2010,SGF,MO,ACE,CE,Combined TRACON& Tower with Radar,6,58,25,1,90,0,0,1,2,3,6,58,26,3,93,0,0,0,93
02/23/2010,SGF,MO,ACE,CE,Combined TRACON& Tower with Radar,7,53,31,13,104,0,1,9,2,12,7,54,40,15,116,88,16,104,220
02/24/2010,SGF,MO,ACE,CE,Combined TRACON& Tower with Radar,6,56,40,6,108,0,0,23,8,31,6,56,63,14,139,26,0,26,165
02/25/2010,SGF,MO,ACE,CE,Combined TRACON& Tower with Radar,6,59,41,4,110,0,4,22,4,30,6,63,63,8,140,12,4,16,156
02/26/2010,SGF,MO,ACE,CE,Combined TRACON& Tower with Radar,130,61,34,25,250,0,4,18,4,26,130,65,52,29,276,4,30,34,310
02/27/2010,SGF,MO,ACE,CE,Combined TRACON& Tower with Radar,7,46,26,4,83,0,0,42,1,43,7,46,68,5,126,38,0,38,164
02/28/2010,SGF,MO,ACE,CE,Combined TRACON& Tower with Radar,5,52,17,7,81,0,9,26,0,35,5,61,43,7,116,46,2,48,164
03/01/2010,SGF,MO,ACE,CE,Combined TRACON& Tower with Radar,6,56,39,26,127,0,0,8,0,8,6,56,47,26,135,8,64,72,207
03/02/2010,SGF,MO,ACE,CE,Combined TRACON& Tower with Radar,7,55,36,3,101,1,2,8,0,11,8,57,44,3,112,22,8,30,142
03/03/2010,SGF,MO,ACE,CE,Combined TRACON& Tower with Radar,4,63,34,4,105,0,1,21,3,25,4,64,55,7,130,44,22,66,196
03/04/2010,SGF,MO,ACE,CE,Combined TRACON& Tower with Radar,10,68,46,2,126,0,3,27,5,35,10,71,73,7,161,16,6,22,183
03/05/2010,SGF,MO,ACE,CE,Combined TRACON& Tower with Radar,16,62,31,0,109,0,1,25,0,26,16,63,56,0,135,53,1,54,189
03/06/2010,SGF,MO,ACE,CE,Combined TRACON& Tower with Radar,12,43,47,0,102,0,0,32,0,32,12,43,79,0,134,22,0,22,156
03/07/2010,SGF,MO,ACE,CE,Combined TRACON& Tower with Radar,6,48,18,4,76,0,0,13,0,13,6,48,31,4,89,8,2,10,99
03/08/2010,SGF,MO,ACE,CE,Combined TRACON& Tower with Radar,8,54,30,3,95,0,2,10,4,16,8,56,40,7,111,30,0,30,141
03/09/2010,SGF,MO,ACE,CE,Combined TRACON& Tower with Radar,9,54,29,14,106,0,2,6,2,10,9,56,35,16,116,0,0,0,116
03/10/2010,SGF,MO,ACE,CE,Combined TRACON& Tower with Radar,10,64,39,18,131,0,0,10,4,14,10,64,49,22,145,14,74,88,233
03/11/2010,SGF,MO,ACE,CE,Combined TRACON& Tower with Radar,10,51,41,3,105,0,0,9,6,15,10,51,50,9,120,64,0,64,184
03/12/2010,SGF,MO,ACE,CE,Combined TRACON& Tower with Radar,13,62,32,2,109,0,0,2,9,11,13,62,34,11,120,0,8,8,128
03/13/2010,SGF,MO,ACE,CE,Combined TRACON& Tower with Radar,9,48,28,2,87,0,1,3,0,4,9,49,31,2,91,0,0,0,91
03/14/2010,SGF,MO,ACE,CE,Combined TRACON& Tower with Radar,6,49,27,0,82,0,0,0,0,0,6,49,27,0,82,0,0,0,82
03/15/2010,SGF,MO,ACE,CE,Combined TRACON& Tower with Radar,5,65,44,1,115,0,0,0,0,0,5,65,44,1,115,0,0,0,115
03/16/2010,SGF,MO,ACE,CE,Combined TRACON& Tower with Radar,8,59,35,4,106,0,0,2,0,2,8,59,37,4,108,20,8,28,136
03/17/2010,SGF,MO,ACE,CE,Combined TRACON& Tower with Radar,8,54,52,2,116,0,0,4,2,6,8,54,56,4,122,0,0,0,122
03/18/2010,SGF,MO,ACE,CE,Combined TRACON& Tower with Radar,11,57,48,18,134,0,1,45,4,50,11,58,93,22,184,72,0,72,256
03/19/2010,SGF,MO,ACE,CE,Combined TRACON& Tower with Radar,12,60,42,15,129,0,0,35,9,44,12,60,77,24,173,25,12,37,210
03/20/2010,SGF,MO,ACE,CE,Combined TRACON& Tower with Radar,13,39,8,0,60,0,1,0,0,1,13,40,8,0,61,0,0,0,61
03/21/2010,SGF,MO,ACE,CE,Combined TRACON& Tower with Radar,9,39,9,0,57,0,0,0,0,0,9,39,9,0,57,0,0,0,57
03/22/2010,SGF,MO,ACE,CE,Combined TRACON& Tower with Radar,15,56,26,10,107,0,5,21,3,29,15,61,47,13,136,42,0,42,178
03/23/2010,SGF,MO,ACE,CE,Combined TRACON& Tower with Radar,8,59,35,16,118,0,0,42,8,50,8,59,77,24,168,0,0,0,168
03/24/2010,SGF,MO,ACE,CE,Combined TRACON& Tower with Radar,12,70,33,22,137,0,0,13,6,19,12,70,46,28,156,24,26,50,206
03/25/2010,SGF,MO,ACE,CE,Combined TRACON& Tower with Radar,4,69,35,0,108,0,0,2,1,3,4,69,37,1,111,0,0,0,111
03/26/2010,SGF,MO,ACE,CE,Combined TRACON& Tower with Radar,16,61,32,2,111,0,0,34,4,38,16,61,66,6,149,36,0,36,185
03/27/2010,SGF,MO,ACE,CE,Combined TRACON& Tower with Radar,11,41,11,1,64,0,2,13,0,15,11,43,24,1,79,18,0,18,97
03/28/2010,SGF,MO,ACE,CE,Combined TRACON& Tower with Radar,6,55,33,0,94,0,0,8,0,8,6,55,41,0,102,0,0,0,102
03/29/2010,SGF,MO,ACE,CE,Combined TRACON& Tower with Radar,6,66,22,27,121,0,6,29,0,35,6,72,51,27,156,16,14,30,186
03/30/2010,SGF,MO,ACE,CE,Combined TRACON& Tower with Radar,9,57,44,4,114,0,1,28,9,38,9,58,72,13,152,4,0,4,156
03/31/2010,SGF,MO,ACE,CE,Combined TRACON& Tower with Radar,9,60,29,10,108,0,1,18,5,24,9,61,47,15,132,18,0,18,150
04/01/2010,SGF,MO,ACE,CE,Combined TRACON& Tower with Radar,12,61,36,4,113,0,2,15,6,23,12,63,51,10,136,12,0,12,148
04/02/2010,SGF,MO,ACE,CE,Combined TRACON& Tower with Radar,14,55,27,6,102,0,0,3,0,3,14,55,30,6,105,6,12,18,123
04/03/2010,SGF,MO,ACE,CE,Combined TRACON& Tower with Radar,7,41,22,0,70,0,0,19,0,19,7,41,41,0,89,6,0,6,95
04/04/2010,SGF,MO,ACE,CE,Combined TRACON& Tower with Radar,4,52,13,0,69,0,0,16,0,16,4,52,29,0,85,0,0,0,85
04/05/2010,SGF,MO,ACE,CE,Combined TRACON& Tower with Radar,6,62,33,2,103,0,0,9,2,11,6,62,42,4,114,48,0,48,162
04/06/2010,SGF,MO,ACE,CE,Combined TRACON& Tower with Radar,11,54,30,13,108,0,0,11,1,12,11,54,41,14,120,6,24,30,150
04/07/2010,SGF,MO,ACE,CE,Combined TRACON& Tower with Radar,6,68,37,2,113,0,0,11,1,12,6,68,48,3,125,2,0,2,127
04/08/2010,SGF,MO,ACE,CE,Combined TRACON& Tower with Radar,12,74,37,5,128,0,2,35,2,39,12,76,72,7,167,42,0,42,209
04/09/2010,SGF,MO,ACE,CE,Combined TRACON& Tower with Radar,14,65,26,7,112,0,2,56,4,62,14,67,82,11,174,64,2,66,240
04/10/2010,SGF,MO,ACE,CE,Combined TRACON& Tower with Radar,9,43,17,5,74,0,0,31,6,37,9,43,48,11,111,99,0,99,210
04/11/2010,SGF,MO,ACE,CE,Combined TRACON& Tower with Radar,5,53,23,0,81,0,0,46,0,46,5,53,69,0,127,76,0,76,203
04/12/2010,SGF,MO,ACE,CE,Combined TRACON& Tower with Radar,7,71,28,0,106,0,1,17,0,18,7,72,45,0,124,26,4,30,154
04/13/2010,SGF,MO,ACE,CE,Combined TRACON& Tower with Radar,10,66,36,4,116,0,1,31,1,33,10,67,67,5,149,8,8,16,165
04/14/2010,SGF,MO,ACE,CE,Combined TRACON& Tower with Radar,8,62,46,6,122,0,2,16,1,19,8,64,62,7,141,106,2,108,249
04/15/2010,SGF,MO,ACE,CE,Combined TRACON& Tower with Radar,6,72,40,5,123,0,0,35,4,39,6,72,75,9,162,4,30,34,196
04/16/2010,SGF,MO,ACE,CE,Combined TRACON& Tower with Radar,15,64,33,2,114,0,0,9,0,9,15,64,42,2,123,0,0,0,123
04/17/2010,SGF,MO,ACE,CE,Combined TRACON& Tower with Radar,8,43,29,2,82,0,0,12,1,13,8,43,41,3,95,72,0,72,167
04/18/2010,SGF,MO,ACE,CE,Combined TRACON& Tower with Radar,4,56,29,0,89,0,2,17,2,21,4,58,46,2,110,36,0,36,146
04/19/2010,SGF,MO,ACE,CE,Combined TRACON& Tower with Radar,5,61,28,0,94,0,4,10,6,20,5,65,38,6,114,20,0,20,134
04/20/2010,SGF,MO,ACE,CE,Combined TRACON& Tower with Radar,9,62,34,5,110,0,0,23,4,27,9,62,57,9,137,26,4,30,167
04/21/2010,SGF,MO,ACE,CE,Combined TRACON& Tower with Radar,6,58,31,3,98,0,0,21,7,28,6,58,52,10,126,16,0,16,142
04/22/2010,SGF,MO,ACE,CE,Combined TRACON& Tower with Radar,10,64,35,9,118,0,0,8,1,9,10,64,43,10,127,4,0,4,131
04/23/2010,SGF,MO,ACE,CE,Combined TRACON& Tower with Radar,14,72,32,0,118,0,1,5,0,6,14,73,37,0,124,10,0,10,134
04/24/2010,SGF,MO,ACE,CE,Combined TRACON& Tower with Radar,6,47,19,0,72,0,0,0,0,0,6,47,19,0,72,0,0,0,72
04/25/2010,SGF,MO,ACE,CE,Combined TRACON& Tower with Radar,4,54,33,0,91,0,0,5,0,5,4,54,38,0,96,0,0,0,96
04/26/2010,SGF,MO,ACE,CE,Combined TRACON& Tower with Radar,5,60,40,5,110,0,0,13,2,15,5,60,53,7,125,24,0,24,149
04/27/2010,SGF,MO,ACE,CE,Combined TRACON& Tower with Radar,11,73,29,2,115,0,0,31,13,44,11,73,60,15,159,8,4,12,171
04/28/2010,SGF,MO,ACE,CE,Combined TRACON& Tower with Radar,6,70,40,12,128,0,3,27,7,37,6,73,67,19,165,38,14,52,217
04/29/2010,SGF,MO,ACE,CE,Combined TRACON& Tower with Radar,9,61,36,6,112,0,2,9,6,17,9,63,45,12,129,18,0,18,147
04/30/2010,SGF,MO,ACE,CE,Combined TRACON& Tower with Radar,16,60,21,1,98,0,1,5,0,6,16,61,26,1,104,22,2,24,128
05/01/2010,SGF,MO,ACE,CE,Combined TRACON& Tower with Radar,4,44,25,1,74,0,2,9,0,11,4,46,34,1,85,0,0,0,85
05/02/2010,SGF,MO,ACE,CE,Combined TRACON& Tower with Radar,4,53,29,3,89,0,0,11,1,12,4,53,40,4,101,0,0,0,101
05/03/2010,SGF,MO,ACE,CE,Combined TRACON& Tower with Radar,9,64,23,11,107,0,1,27,7,35,9,65,50,18,142,16,0,16,158
05/04/2010,SGF,MO,ACE,CE,Combined TRACON& Tower with Radar,9,66,39,5,119,0,0,21,9,30,9,66,60,14,149,54,12,66,215
05/05/2010,SGF,MO,ACE,CE,Combined TRACON& Tower with Radar,6,67,35,5,113,0,3,35,6,44,6,70,70,11,157,18,24,42,199
05/06/2010,SGF,MO,ACE,CE,Combined TRACON& Tower with Radar,8,64,40,1,113,0,0,23,5,28,8,64,63,6,141,50,0,50,191
05/07/2010,SGF,MO,ACE,CE,Combined TRACON& Tower with Radar,15,53,37,6,111,0,0,9,2,11,15,53,46,8,122,34,0,34,156
05/08/2010,SGF,MO,ACE,CE,Combined TRACON& Tower with Radar,4,43,20,2,69,0,2,17,0,19,4,45,37,2,88,10,0,10,98
05/09/2010,SGF,MO,ACE,CE,Combined TRACON& Tower with Radar,4,54,10,0,68,0,0,12,0,12,4,54,22,0,80,12,0,12,92
05/10/2010,SGF,MO,ACE,CE,Combined TRACON& Tower with Radar,8,61,24,0,93,0,0,0,1,1,8,61,24,1,94,0,0,0,94
05/11/2010,SGF,MO,ACE,CE,Combined TRACON& Tower with Radar,9,56,64,0,129,0,0,19,0,19,9,56,83,0,148,34,0,34,182
05/12/2010,SGF,MO,ACE,CE,Combined TRACON& Tower with Radar,7,61,37,9,114,0,1,16,4,21,7,62,53,13,135,8,2,10,145
05/13/2010,SGF,MO,ACE,CE,Combined TRACON& Tower with Radar,11,57,29,2,99,0,0,9,0,9,11,57,38,2,108,20,0,20,128
05/14/2010,SGF,MO,ACE,CE,Combined TRACON& Tower with Radar,15,51,26,0,92,0,0,2,0,2,15,51,28,0,94,0,0,0,94
05/15/2010,SGF,MO,ACE,CE,Combined TRACON& Tower with Radar,4,42,24,0,70,0,0,0,0,0,4,42,24,0,70,0,0,0,70
05/16/2010,SGF,MO,ACE,CE,Combined TRACON& Tower with Radar,4,52,24,0,80,0,0,1,0,1,4,52,25,0,81,0,0,0,81
05/17/2010,SGF,MO,ACE,CE,Combined TRACON& Tower with Radar,11,59,44,18,132,0,0,7,2,9,11,59,51,20,141,4,10,14,155
05/18/2010,SGF,MO,ACE,CE,Combined TRACON& Tower with Radar,11,73,36,5,125,0,0,27,4,31,11,73,63,9,156,6,0,6,162
05/19/2010,SGF,MO,ACE,CE,Combined TRACON& Tower with Radar,8,62,36,0,106,0,0,11,2,13,8,62,47,2,119,10,0,10,129
05/20/2010,SGF,MO,ACE,CE,Combined TRACON& Tower with Radar,12,63,28,2,105,0,0,7,6,13,12,63,35,8,118,46,2,48,166
05/21/2010,SGF,MO,ACE,CE,Combined TRACON& Tower with Radar,15,65,27,1,108,0,0,12,1,13,15,65,39,2,121,0,0,0,121
05/22/2010,SGF,MO,ACE,CE,Combined TRACON& Tower with Radar,6,45,14,0,65,0,0,28,4,32,6,45,42,4,97,0,0,0,97
05/23/2010,SGF,MO,ACE,CE,Combined TRACON& Tower with Radar,4,53,12,0,69,0,1,22,0,23,4,54,34,0,92,10,0,10,102
05/24/2010,SGF,MO,ACE,CE,Combined TRACON& Tower with Radar,9,56,27,26,118,0,2,30,3,35,9,58,57,29,153,8,42,50,203
05/25/2010,SGF,MO,ACE,CE,Combined TRACON& Tower with Radar,8,62,32,2,104,0,0,9,2,11,8,62,41,4,115,0,0,0,115
05/26/2010,SGF,MO,ACE,CE,Combined TRACON& Tower with Radar,12,56,50,6,124,0,3,12,9,24,12,59,62,15,148,0,4,4,152
05/27/2010,SGF,MO,ACE,CE,Combined TRACON& Tower with Radar,10,69,43,2,124,0,4,26,7,37,10,73,69,9,161,62,0,62,223
05/28/2010,SGF,MO,ACE,CE,Combined TRACON& Tower with Radar,14,58,23,2,97,0,3,33,0,36,14,61,56,2,133,52,0,52,185
05/29/2010,SGF,MO,ACE,CE,Combined TRACON& Tower with Radar,7,41,8,0,56,0,2,30,0,32,7,43,38,0,88,18,0,18,106
05/30/2010,SGF,MO,ACE,CE,Combined TRACON& Tower with Radar,8,42,8,0,58,0,0,17,0,17,8,42,25,0,75,14,0,14,89
05/31/2010,SGF,MO,ACE,CE,Combined TRACON& Tower with Radar,6,51,15,0,72,0,0,17,2,19,6,51,32,2,91,52,0,52,143
06/01/2010,SGF,MO,ACE,CE,Combined TRACON& Tower with Radar,7,59,31,3,100,0,2,35,3,40,7,61,66,6,140,10,0,10,150
06/02/2010,SGF,MO,ACE,CE,Combined TRACON& Tower with Radar,12,61,45,1,119,0,0,16,3,19,12,61,61,4,138,0,0,0,138
06/03/2010,SGF,MO,ACE,CE,Combined TRACON& Tower with Radar,14,59,54,1,128,0,3,27,8,38,14,62,81,9,166,38,0,38,204
06/04/2010,SGF,MO,ACE,CE,Combined TRACON& Tower with Radar,13,58,39,44,154,0,3,38,1,42,13,61,77,45,196,32,26,58,254
06/05/2010,SGF,MO,ACE,CE,Combined TRACON& Tower with Radar,4,40,16,0,60,0,2,26,3,31,4,42,42,3,91,32,0,32,123
06/06/2010,SGF,MO,ACE,CE,Combined TRACON& Tower with Radar,10,55,11,0,76,0,2,13,1,16,10,57,24,1,92,0,0,0,92
06/07/2010,SGF,MO,ACE,CE,Combined TRACON& Tower with Radar,9,62,21,0,92,0,0,10,0,10,9,62,31,0,102,0,0,0,102
06/08/2010,SGF,MO,ACE,CE,Combined TRACON& Tower with Radar,6,67,31,1,105,0,0,23,7,30,6,67,54,8,135,0,0,0,135
06/09/2010,SGF,MO,ACE,CE,Combined TRACON& Tower with Radar,14,61,42,4,121,0,0,9,6,15,14,61,51,10,136,14,0,14,150
06/10/2010,SGF,MO,ACE,CE,Combined TRACON& Tower with Radar,12,70,45,6,133,0,4,12,8,24,12,74,57,14,157,0,0,0,157
06/11/2010,SGF,MO,ACE,CE,Combined TRACON& Tower with Radar,19,59,38,5,121,0,1,10,3,14,19,60,48,8,135,0,0,0,135
06/12/2010,SGF,MO,ACE,CE,Combined TRACON& Tower with Radar,8,59,22,2,91,0,4,30,4,38,8,63,52,6,129,38,0,38,167
06/13/2010,SGF,MO,ACE,CE,Combined TRACON& Tower with Radar,6,57,32,0,95,0,1,14,2,17,6,58,46,2,112,0,0,0,112
06/14/2010,SGF,MO,ACE,CE,Combined TRACON& Tower with Radar,9,62,16,0,87,0,0,6,3,9,9,62,22,3,96,0,0,0,96
06/15/2010,SGF,MO,ACE,CE,Combined TRACON& Tower with Radar,16,65,37,8,126,0,0,18,2,20,16,65,55,10,146,0,0,0,146
06/16/2010,SGF,MO,ACE,CE,Combined TRACON& Tower with Radar,12,67,42,0,121,0,2,23,4,29,12,69,65,4,150,12,0,12,162
06/17/2010,SGF,MO,ACE,CE,Combined TRACON& Tower with Radar,18,66,24,2,110,0,0,36,3,39,18,66,60,5,149,58,0,58,207
06/18/2010,SGF,MO,ACE,CE,Combined TRACON& Tower with Radar,16,59,23,14,112,0,1,14,12,27,16,60,37,26,139,28,2,30,169
06/19/2010,SGF,MO,ACE,CE,Combined TRACON& Tower with Radar,7,52,17,0,76,0,2,20,9,31,7,54,37,9,107,0,0,0,107
06/20/2010,SGF,MO,ACE,CE,Combined TRACON& Tower with Radar,6,56,16,0,78,0,6,25,2,33,6,62,41,2,111,20,0,20,131
06/21/2010,SGF,MO,ACE,CE,Combined TRACON& Tower with Radar,9,64,37,34,144,0,0,17,4,21,9,64,54,38,165,8,0,8,173
06/22/2010,SGF,MO,ACE,CE,Combined TRACON& Tower with Radar,18,65,40,2,125,0,2,15,6,23,18,67,55,8,148,40,0,40,188
06/23/2010,SGF,MO,ACE,CE,Combined TRACON& Tower with Radar,12,61,54,11,138,0,0,12,3,15,12,61,66,14,153,0,10,10,163
06/24/2010,SGF,MO,ACE,CE,Combined TRACON& Tower with Radar,15,60,37,14,126,0,0,17,4,21,15,60,54,18,147,66,52,118,265
06/25/2010,SGF,MO,ACE,CE,Combined TRACON& Tower with Radar,15,58,38,1,112,0,1,13,2,16,15,59,51,3,128,18,2,20,148
06/26/2010,SGF,MO,ACE,CE,Combined TRACON& Tower with Radar,6,56,13,3,78,0,3,17,0,20,6,59,30,3,98,0,0,0,98
06/27/2010,SGF,MO,ACE,CE,Combined TRACON& Tower with Radar,10,54,31,0,95,0,0,13,0,13,10,54,44,0,108,0,0,0,108
06/28/2010,SGF,MO,ACE,CE,Combined TRACON& Tower with Radar,9,62,36,4,111,0,4,9,7,20,9,66,45,11,131,0,8,8,139
06/29/2010,SGF,MO,ACE,CE,Combined TRACON& Tower with Radar,14,65,39,5,123,0,0,19,9,28,14,65,58,14,151,0,0,0,151
06/30/2010,SGF,MO,ACE,CE,Combined TRACON& Tower with Radar,12,63,38,2,115,0,1,27,11,39,12,64,65,13,154,0,0,0,154
07/01/2010,SGF,MO,ACE,CE,Combined TRACON& Tower with Radar,14,71,47,9,141,0,3,25,5,33,14,74,72,14,174,0,12,12,186
07/02/2010,SGF,MO,ACE,CE,Combined TRACON& Tower with Radar,19,59,23,3,104,0,0,19,6,25,19,59,42,9,129,6,0,6,135
07/03/2010,SGF,MO,ACE,CE,Combined TRACON& Tower with Radar,10,53,8,1,72,0,0,30,1,31,10,53,38,2,103,0,0,0,103
07/04/2010,SGF,MO,ACE,CE,Combined TRACON& Tower with Radar,6,40,12,1,59,0,2,18,1,21,6,42,30,2,80,10,0,10,90
07/05/2010,SGF,MO,ACE,CE,Combined TRACON& Tower with Radar,8,62,16,0,86,0,1,11,0,12,8,63,27,0,98,0,0,0,98
07/06/2010,SGF,MO,ACE,CE,Combined TRACON& Tower with Radar,11,58,19,0,88,0,0,12,0,12,11,58,31,0,100,0,0,0,100
07/07/2010,SGF,MO,ACE,CE,Combined TRACON& Tower with Radar,12,69,31,3,115,0,2,8,0,10,12,71,39,3,125,26,0,26,151
07/08/2010,SGF,MO,ACE,CE,Combined TRACON& Tower with Radar,14,70,29,0,113,0,0,1,0,1,14,70,30,0,114,0,0,0,114
07/09/2010,SGF,MO,ACE,CE,Combined TRACON& Tower with Radar,19,67,39,2,127,0,4,8,4,16,19,71,47,6,143,4,4,8,151
07/10/2010,SGF,MO,ACE,CE,Combined TRACON& Tower with Radar,10,64,21,0,95,0,2,41,2,45,10,66,62,2,140,26,0,26,166
07/11/2010,SGF,MO,ACE,CE,Combined TRACON& Tower with Radar,5,58,26,0,89,0,0,12,2,14,5,58,38,2,103,4,0,4,107
07/12/2010,SGF,MO,ACE,CE,Combined TRACON& Tower with Radar,11,58,24,0,93,0,0,19,7,26,11,58,43,7,119,10,0,10,129
07/13/2010,SGF,MO,ACE,CE,Combined TRACON& Tower with Radar,11,70,30,8,119,0,2,17,10,29,11,72,47,18,148,40,2,42,190
07/14/2010,SGF,MO,ACE,CE,Combined TRACON& Tower with Radar,10,62,43,4,119,0,3,27,10,40,10,65,70,14,159,0,0,0,159
07/15/2010,SGF,MO,ACE,CE,Combined TRACON& Tower with Radar,14,65,33,2,114,0,2,11,16,29,14,67,44,18,143,16,0,16,159
07/16/2010,SGF,MO,ACE,CE,Combined TRACON& Tower with Radar,25,72,30,6,133,0,0,26,4,30,25,72,56,10,163,26,0,26,189
07/17/2010,SGF,MO,ACE,CE,Combined TRACON& Tower with Radar,12,79,20,4,115,0,2,43,4,49,12,81,63,8,164,38,0,38,202
07/18/2010,SGF,MO,ACE,CE,Combined TRACON& Tower with Radar,6,57,27,2,92,0,2,16,6,24,6,59,43,8,116,38,0,38,154
07/19/2010,SGF,MO,ACE,CE,Combined TRACON& Tower with Radar,16,77,38,2,133,0,3,22,11,36,16,80,60,13,169,0,0,0,169
07/20/2010,SGF,MO,ACE,CE,Combined TRACON& Tower with Radar,12,72,36,2,122,0,2,29,7,38,12,74,65,9,160,0,0,0,160
07/21/2010,SGF,MO,ACE,CE,Combined TRACON& Tower with Radar,10,62,43,4,119,0,3,27,10,40,10,65,70,14,159,22,0,22,181
07/22/2010,SGF,MO,ACE,CE,Combined TRACON& Tower with Radar,14,65,33,2,114,0,2,10,16,28,14,67,43,18,142,50,0,50,192
07/23/2010,SGF,MO,ACE,CE,Combined TRACON& Tower with Radar,20,60,38,7,125,0,0,27,4,31,20,60,65,11,156,48,6,54,210
07/24/2010,SGF,MO,ACE,CE,Combined TRACON& Tower with Radar,8,47,22,2,79,0,0,27,0,27,8,47,49,2,106,66,0,66,172
07/25/2010,SGF,MO,ACE,CE,Combined TRACON& Tower with Radar,6,62,25,0,93,0,0,17,0,17,6,62,42,0,110,0,0,0,110
07/26/2010,SGF,MO,ACE,CE,Combined TRACON& Tower with Radar,11,68,28,2,109,0,0,14,4,18,11,68,42,6,127,26,0,26,153
07/27/2010,SGF,MO,ACE,CE,Combined TRACON& Tower with Radar,12,68,40,24,144,0,2,27,6,35,12,70,67,30,179,18,36,54,233
07/28/2010,SGF,MO,ACE,CE,Combined TRACON& Tower with Radar,10,75,46,29,160,0,0,28,6,34,10,75,74,35,194,12,62,74,268
07/29/2010,SGF,MO,ACE,CE,Combined TRACON& Tower with Radar,14,70,44,3,131,0,2,35,1,38,14,72,79,4,169,0,0,0,169
07/30/2010,SGF,MO,ACE,CE,Combined TRACON& Tower with Radar,19,63,42,2,126,0,0,34,14,48,19,63,76,16,174,60,0,60,234
07/31/2010,SGF,MO,ACE,CE,Combined TRACON& Tower with Radar,8,58,27,0,93,0,0,39,2,41,8,58,66,2,134,22,0,22,156
08/01/2010,SGF,MO,ACE,CE,Combined TRACON& Tower with Radar,6,56,39,0,101,0,0,42,0,42,6,56,81,0,143,20,0,20,163
08/02/2010,SGF,MO,ACE,CE,Combined TRACON& Tower with Radar,12,71,27,2,112,0,2,16,10,28,12,73,43,12,140,10,0,10,150
08/03/2010,SGF,MO,ACE,CE,Combined TRACON& Tower with Radar,15,60,42,53,170,0,0,29,14,43,15,60,71,67,213,16,28,44,257
08/04/2010,SGF,MO,ACE,CE,Combined TRACON& Tower with Radar,12,57,44,40,153,0,2,22,14,38,12,59,66,54,191,0,16,16,207
08/05/2010,SGF,MO,ACE,CE,Combined TRACON& Tower with Radar,14,70,44,3,131,0,2,35,1,38,14,72,79,4,169,0,0,0,169
08/06/2010,SGF,MO,ACE,CE,Combined TRACON& Tower with Radar,19,63,42,2,126,0,0,42,16,58,19,63,84,18,184,10,0,10,194
08/07/2010,SGF,MO,ACE,CE,Combined TRACON& Tower with Radar,10,58,27,0,95,0,0,36,1,37,10,58,63,1,132,0,0,0,132
08/08/2010,SGF,MO,ACE,CE,Combined TRACON& Tower with Radar,8,60,19,0,87,0,1,23,1,25,8,61,42,1,112,8,0,8,120
08/09/2010,SGF,MO,ACE,CE,Combined TRACON& Tower with Radar,12,71,27,2,112,0,2,16,10,28,12,73,43,12,140,22,0,22,162
08/10/2010,SGF,MO,ACE,CE,Combined TRACON& Tower with Radar,17,91,49,13,170,0,1,36,14,51,17,92,85,27,221,0,0,0,221
08/11/2010,SGF,MO,ACE,CE,Combined TRACON& Tower with Radar,9,90,61,18,178,0,0,39,8,47,9,90,100,26,225,74,10,84,309
08/12/2010,SGF,MO,ACE,CE,Combined TRACON& Tower with Radar,27,104,47,7,185,0,0,15,10,25,27,104,62,17,210,64,0,64,274
08/13/2010,SGF,MO,ACE,CE,Combined TRACON& Tower with Radar,26,90,40,17,173,0,0,36,4,40,26,90,76,21,213,18,0,18,231
08/14/2010,SGF,MO,ACE,CE,Combined TRACON& Tower with Radar,9,77,19,2,107,0,0,15,0,15,9,77,34,2,122,2,0,2,124
08/15/2010,SGF,MO,ACE,CE,Combined TRACON& Tower with Radar,12,79,35,8,134,0,0,22,2,24,12,79,57,10,158,0,0,0,158
08/16/2010,SGF,MO,ACE,CE,Combined TRACON& Tower with Radar,5,95,55,18,173,0,0,40,8,48,5,95,95,26,221,0,0,0,221
08/17/2010,SGF,MO,ACE,CE,Combined TRACON& Tower with Radar,15,68,36,15,134,0,4,30,9,43,15,72,66,24,177,28,0,28,205
08/18/2010,SGF,MO,ACE,CE,Combined TRACON& Tower with Radar,8,61,36,9,114,0,0,29,13,42,8,61,65,22,156,0,8,8,164
08/19/2010,SGF,MO,ACE,CE,Combined TRACON& Tower with Radar,14,61,33,11,119,0,3,35,6,44,14,64,68,17,163,69,0,69,232
08/20/2010,SGF,MO,ACE,CE,Combined TRACON& Tower with Radar,15,59,33,10,117,0,0,13,1,14,15,59,46,11,131,0,0,0,131
08/21/2010,SGF,MO,ACE,CE,Combined TRACON& Tower with Radar,8,48,16,1,73,0,1,17,12,30,8,49,33,13,103,0,0,0,103
08/22/2010,SGF,MO,ACE,CE,Combined TRACON& Tower with Radar,6,59,28,0,93,0,0,23,2,25,6,59,51,2,118,20,2,22,140
08/23/2010,SGF,MO,ACE,CE,Combined TRACON& Tower with Radar,11,66,23,9,109,0,0,22,2,24,11,66,45,11,133,0,4,4,137
08/24/2010,SGF,MO,ACE,CE,Combined TRACON& Tower with Radar,8,64,38,35,145,0,0,18,14,32,8,64,56,49,177,10,6,16,193
08/25/2010,SGF,MO,ACE,CE,Combined TRACON& Tower with Radar,4,63,34,5,106,0,0,23,8,31,4,63,57,13,137,0,0,0,137
08/26/2010,SGF,MO,ACE,CE,Combined TRACON& Tower with Radar,11,63,49,8,131,0,0,27,13,40,11,63,76,21,171,46,2,48,219
08/27/2010,SGF,MO,ACE,CE,Combined TRACON& Tower with Radar,13,63,31,12,119,0,0,21,2,23,13,63,52,14,142,37,0,37,179
08/28/2010,SGF,MO,ACE,CE,Combined TRACON& Tower with Radar,4,42,15,2,63,0,2,50,0,52,4,44,65,2,115,38,0,38,153
08/29/2010,SGF,MO,ACE,CE,Combined TRACON& Tower with Radar,8,51,21,2,82,0,0,12,0,12,8,51,33,2,94,0,0,0,94
08/30/2010,SGF,MO,ACE,CE,Combined TRACON& Tower with Radar,9,61,43,16,129,0,3,25,8,36,9,64,68,24,165,12,18,30,195
08/31/2010,SGF,MO,ACE,CE,Combined TRACON& Tower with Radar,6,76,35,7,124,0,2,30,13,45,6,78,65,20,169,10,0,10,179
09/01/2010,SGF,MO,ACE,CE,Combined TRACON& Tower with Radar,6,65,16,1,88,0,0,6,0,6,6,65,22,1,94,0,0,0,94
09/02/2010,SGF,MO,ACE,CE,Combined TRACON& Tower with Radar,12,62,35,2,111,0,0,13,8,21,12,62,48,10,132,10,4,14,146
09/03/2010,SGF,MO,ACE,CE,Combined TRACON& Tower with Radar,12,60,33,8,113,0,1,27,4,32,12,61,60,12,145,14,0,14,159
09/04/2010,SGF,MO,ACE,CE,Combined TRACON& Tower with Radar,7,41,15,0,63,0,0,33,0,33,7,41,48,0,96,10,0,10,106
09/05/2010,SGF,MO,ACE,CE,Combined TRACON& Tower with Radar,6,39,9,0,54,0,0,13,1,14,6,39,22,1,68,16,0,16,84
09/06/2010,SGF,MO,ACE,CE,Combined TRACON& Tower with Radar,0,0,0,0,0,0,0,0,0,0,0,0,0,0,0,0,0,0,0
09/07/2010,SGF,MO,ACE,CE,Combined TRACON& Tower with Radar,5,59,27,1,92,0,0,11,3,14,5,59,38,4,106,0,0,0,106
09/08/2010,SGF,MO,ACE,CE,Combined TRACON& Tower with Radar,6,52,38,4,100,0,0,4,4,8,6,52,42,8,108,0,0,0,108
09/09/2010,SGF,MO,ACE,CE,Combined TRACON& Tower with Radar,12,61,43,3,119,0,0,1,0,1,12,61,44,3,120,0,0,0,120
09/10/2010,SGF,MO,ACE,CE,Combined TRACON& Tower with Radar,11,61,55,3,130,0,0,10,7,17,11,61,65,10,147,0,8,8,155
09/11/2010,SGF,MO,ACE,CE,Combined TRACON& Tower with Radar,4,40,41,0,85,0,2,5,5,12,4,42,46,5,97,16,0,16,113
09/12/2010,SGF,MO,ACE,CE,Combined TRACON& Tower with Radar,6,52,20,1,79,0,4,22,4,30,6,56,42,5,109,10,0,10,119
09/13/2010,SGF,MO,ACE,CE,Combined TRACON& Tower with Radar,9,67,27,0,103,0,3,23,7,33,9,70,50,7,136,16,0,16,152
09/14/2010,SGF,MO,ACE,CE,Combined TRACON& Tower with Radar,6,62,45,0,113,0,0,22,6,28,6,62,67,6,141,0,0,0,141
09/15/2010,SGF,MO,ACE,CE,Combined TRACON& Tower with Radar,4,61,40,3,108,0,0,11,3,14,4,61,51,6,122,0,0,0,122
09/16/2010,SGF,MO,ACE,CE,Combined TRACON& Tower with Radar,10,59,35,7,111,0,0,10,5,15,10,59,45,12,126,0,0,0,126
09/17/2010,SGF,MO,ACE,CE,Combined TRACON& Tower with Radar,15,61,22,11,109,0,2,29,5,36,15,63,51,16,145,75,26,101,246
09/18/2010,SGF,MO,ACE,CE,Combined TRACON& Tower with Radar,4,43,16,0,63,0,2,29,0,31,4,45,45,0,94,32,0,32,126
09/19/2010,SGF,MO,ACE,CE,Combined TRACON& Tower with Radar,6,51,17,0,74,0,1,27,0,28,6,52,44,0,102,36,0,36,138
09/20/2010,SGF,MO,ACE,CE,Combined TRACON& Tower with Radar,9,63,25,17,114,0,0,17,0,17,9,63,42,17,131,4,12,16,147
09/21/2010,SGF,MO,ACE,CE,Combined TRACON& Tower with Radar,8,58,35,9,110,0,0,17,14,31,8,58,52,23,141,0,0,0,141
09/22/2010,SGF,MO,ACE,CE,Combined TRACON& Tower with Radar,8,68,38,6,120,0,4,28,8,40,8,72,66,14,160,0,0,0,160
09/23/2010,SGF,MO,ACE,CE,Combined TRACON& Tower with Radar,12,64,36,6,118,0,0,7,3,10,12,64,43,9,128,0,0,0,128
09/24/2010,SGF,MO,ACE,CE,Combined TRACON& Tower with Radar,13,66,38,9,126,0,1,28,0,29,13,67,66,9,155,30,0,30,185
09/25/2010,SGF,MO,ACE,CE,Combined TRACON& Tower with Radar,4,45,28,3,80,0,0,45,4,49,4,45,73,7,129,62,0,62,191
09/26/2010,SGF,MO,ACE,CE,Combined TRACON& Tower with Radar,5,59,36,0,100,0,0,4,0,4,5,59,40,0,104,0,0,0,104
09/27/2010,SGF,MO,ACE,CE,Combined TRACON& Tower with Radar,9,62,36,10,117,0,1,19,4,24,9,63,55,14,141,8,0,8,149
09/28/2010,SGF,MO,ACE,CE,Combined TRACON& Tower with Radar,7,57,30,1,95,0,5,21,2,28,7,62,51,3,123,0,0,0,123
09/29/2010,SGF,MO,ACE,CE,Combined TRACON& Tower with Radar,8,64,51,10,133,0,0,21,6,27,8,64,72,16,160,0,0,0,160
09/30/2010,SGF,MO,ACE,CE,Combined TRACON& Tower with Radar,10,66,43,0,119,0,1,24,2,27,10,67,67,2,146,38,0,38,184
10/01/2010,SGF,MO,ACE,CE,Combined TRACON& Tower with Radar,15,59,28,0,102,0,4,34,2,40,15,63,62,2,142,26,0,26,168
10/02/2010,SGF,MO,ACE,CE,Combined TRACON& Tower with Radar,8,40,9,4,61,0,0,35,4,39,8,40,44,8,100,0,0,0,100
10/03/2010,SGF,MO,ACE,CE,Combined TRACON& Tower with Radar,2,55,14,2,73,0,3,25,2,30,2,58,39,4,103,8,0,8,111
10/04/2010,SGF,MO,ACE,CE,Combined TRACON& Tower with Radar,13,59,21,4,97,0,2,21,11,34,13,61,42,15,131,0,0,0,131
10/05/2010,SGF,MO,ACE,CE,Combined TRACON& Tower with Radar,4,61,39,4,108,0,5,34,11,50,4,66,73,15,158,0,0,0,158
10/06/2010,SGF,MO,ACE,CE,Combined TRACON& Tower with Radar,10,64,40,5,119,0,1,27,4,32,10,65,67,9,151,0,0,0,151
10/07/2010,SGF,MO,ACE,CE,Combined TRACON& Tower with Radar,8,55,49,6,118,0,3,32,4,39,8,58,81,10,157,10,0,10,167
10/08/2010,SGF,MO,ACE,CE,Combined TRACON& Tower with Radar,14,58,47,4,123,0,0,27,8,35,14,58,74,12,158,36,0,36,194
10/09/2010,SGF,MO,ACE,CE,Combined TRACON& Tower with Radar,6,41,8,1,56,0,3,30,1,34,6,44,38,2,90,22,0,22,112
10/10/2010,SGF,MO,ACE,CE,Combined TRACON& Tower with Radar,4,58,15,0,77,0,0,25,0,25,4,58,40,0,102,20,0,20,122
10/11/2010,SGF,MO,ACE,CE,Combined TRACON& Tower with Radar,11,55,44,0,110,0,0,21,0,21,11,55,65,0,131,0,0,0,131
10/12/2010,SGF,MO,ACE,CE,Combined TRACON& Tower with Radar,6,66,35,1,108,0,0,11,1,12,6,66,46,2,120,0,0,0,120
10/13/2010,SGF,MO,ACE,CE,Combined TRACON& Tower with Radar,8,59,53,4,124,0,0,24,5,29,8,59,77,9,153,4,0,4,157
10/14/2010,SGF,MO,ACE,CE,Combined TRACON& Tower with Radar,12,56,22,12,102,0,0,31,4,35,12,56,53,16,137,0,0,0,137
10/15/2010,SGF,MO,ACE,CE,Combined TRACON& Tower with Radar,13,57,37,3,110,0,3,25,3,31,13,60,62,6,141,0,0,0,141
10/16/2010,SGF,MO,ACE,CE,Combined TRACON& Tower with Radar,6,42,15,0,63,0,2,13,0,15,6,44,28,0,78,10,0,10,88
10/17/2010,SGF,MO,ACE,CE,Combined TRACON& Tower with Radar,2,51,17,2,72,0,0,24,0,24,2,51,41,2,96,4,0,4,100
10/18/2010,SGF,MO,ACE,CE,Combined TRACON& Tower with Radar,12,60,29,14,115,0,3,29,12,44,12,63,58,26,159,0,0,0,159
10/19/2010,SGF,MO,ACE,CE,Combined TRACON& Tower with Radar,10,67,35,6,118,0,0,13,5,18,10,67,48,11,136,0,0,0,136
10/20/2010,SGF,MO,ACE,CE,Combined TRACON& Tower with Radar,8,68,54,46,176,0,5,25,10,40,8,73,79,56,216,0,36,36,252
10/21/2010,SGF,MO,ACE,CE,Combined TRACON& Tower with Radar,10,62,29,13,114,0,1,25,5,31,10,63,54,18,145,68,18,86,231
10/22/2010,SGF,MO,ACE,CE,Combined TRACON& Tower with Radar,17,61,33,2,113,0,2,24,4,30,17,63,57,6,143,6,0,6,149
10/23/2010,SGF,MO,ACE,CE,Combined TRACON& Tower with Radar,6,38,11,0,55,0,4,2,2,8,6,42,13,2,63,0,0,0,63
10/24/2010,SGF,MO,ACE,CE,Combined TRACON& Tower with Radar,4,41,33,0,78,0,3,6,4,13,4,44,39,4,91,0,0,0,91
10/25/2010,SGF,MO,ACE,CE,Combined TRACON& Tower with Radar,11,63,46,16,136,0,0,13,2,15,11,63,59,18,151,36,18,54,205
10/26/2010,SGF,MO,ACE,CE,Combined TRACON& Tower with Radar,5,47,28,1,81,0,2,13,3,18,5,49,41,4,99,0,0,0,99
10/27/2010,SGF,MO,ACE,CE,Combined TRACON& Tower with Radar,8,62,54,4,128,0,0,24,5,29,8,62,78,9,157,12,0,12,169
10/28/2010,SGF,MO,ACE,CE,Combined TRACON& Tower with Radar,12,56,22,12,102,0,0,31,6,37,12,56,53,18,139,54,14,68,207
10/29/2010,SGF,MO,ACE,CE,Combined TRACON& Tower with Radar,13,57,37,3,110,0,3,26,3,32,13,60,63,6,142,30,0,30,172
10/30/2010,SGF,MO,ACE,CE,Combined TRACON& Tower with Radar,6,42,15,0,63,0,2,13,0,15,6,44,28,0,78,0,0,0,78
10/31/2010,SGF,MO,ACE,CE,Combined TRACON& Tower with Radar,2,51,17,2,72,0,0,24,0,24,2,51,41,2,96,0,0,0,96
11/01/2010,SGF,MO,ACE,CE,Combined TRACON& Tower with Radar,7,53,34,14,108,0,3,27,12,42,7,56,61,26,150,0,0,0,150
11/02/2010,SGF,MO,ACE,CE,Combined TRACON& Tower with Radar,3,50,35,14,102,0,1,42,38,81,3,51,77,52,183,0,0,0,183
11/03/2010,SGF,MO,ACE,CE,Combined TRACON& Tower with Radar,8,63,39,10,120,0,2,16,2,20,8,65,55,12,140,0,0,0,140
11/04/2010,SGF,MO,ACE,CE,Combined TRACON& Tower with Radar,8,61,29,8,106,0,4,22,9,35,8,65,51,17,141,30,2,32,173
11/05/2010,SGF,MO,ACE,CE,Combined TRACON& Tower with Radar,13,58,14,14,99,0,0,33,4,37,13,58,47,18,136,24,18,42,178
11/06/2010,SGF,MO,ACE,CE,Combined TRACON& Tower with Radar,6,41,16,1,64,0,0,31,5,36,6,41,47,6,100,14,2,16,116
11/07/2010,SGF,MO,ACE,CE,Combined TRACON& Tower with Radar,2,56,35,0,93,0,1,25,3,29,2,57,60,3,122,16,0,16,138
11/08/2010,SGF,MO,ACE,CE,Combined TRACON& Tower with Radar,9,72,29,17,127,0,3,33,4,40,9,75,62,21,167,28,10,38,205
11/09/2010,SGF,MO,ACE,CE,Combined TRACON& Tower with Radar,6,68,40,0,114,0,4,39,6,49,6,72,79,6,163,28,4,32,195
11/10/2010,SGF,MO,ACE,CE,Combined TRACON& Tower with Radar,8,56,61,8,133,0,3,39,6,48,8,59,100,14,181,16,0,16,197
11/11/2010,SGF,MO,ACE,CE,Combined TRACON& Tower with Radar,8,65,51,0,124,0,2,18,0,20,8,67,69,0,144,44,0,44,188
11/12/2010,SGF,MO,ACE,CE,Combined TRACON& Tower with Radar,13,57,47,1,118,0,2,15,2,19,13,59,62,3,137,0,0,0,137
11/13/2010,SGF,MO,ACE,CE,Combined TRACON& Tower with Radar,6,41,45,0,92,0,0,8,0,8,6,41,53,0,100,0,0,0,100
11/14/2010,SGF,MO,ACE,CE,Combined TRACON& Tower with Radar,2,53,22,0,77,0,0,31,0,31,2,53,53,0,108,18,0,18,126
11/15/2010,SGF,MO,ACE,CE,Combined TRACON& Tower with Radar,9,63,47,1,120,0,0,24,1,25,9,63,71,2,145,44,0,44,189
11/16/2010,SGF,MO,ACE,CE,Combined TRACON& Tower with Radar,10,65,36,6,117,0,2,34,8,44,10,67,70,14,161,0,0,0,161
11/17/2010,SGF,MO,ACE,CE,Combined TRACON& Tower with Radar,8,63,35,20,126,0,4,12,4,20,8,67,47,24,146,18,28,46,192
11/18/2010,SGF,MO,ACE,CE,Combined TRACON& Tower with Radar,8,60,63,3,134,0,1,9,0,10,8,61,72,3,144,0,0,0,144
11/19/2010,SGF,MO,ACE,CE,Combined TRACON& Tower with Radar,13,60,52,11,136,0,1,34,4,39,13,61,86,15,175,20,0,20,195
11/20/2010,SGF,MO,ACE,CE,Combined TRACON& Tower with Radar,10,42,23,0,75,0,1,30,0,31,10,43,53,0,106,8,0,8,114
11/21/2010,SGF,MO,ACE,CE,Combined TRACON& Tower with Radar,4,41,14,0,59,0,0,5,0,5,4,41,19,0,64,0,0,0,64
11/22/2010,SGF,MO,ACE,CE,Combined TRACON& Tower with Radar,8,66,23,8,105,0,1,1,2,4,8,67,24,10,109,0,0,0,109
11/23/2010,SGF,MO,ACE,CE,Combined TRACON& Tower with Radar,11,62,34,27,134,0,1,17,5,23,11,63,51,32,157,2,12,14,171
11/24/2010,SGF,MO,ACE,CE,Combined TRACON& Tower with Radar,7,56,28,1,92,0,1,0,0,1,7,57,28,1,93,20,0,20,113
11/25/2010,SGF,MO,ACE,CE,Combined TRACON& Tower with Radar,5,33,7,0,45,0,0,0,0,0,5,33,7,0,45,0,0,0,45
11/26/2010,SGF,MO,ACE,CE,Combined TRACON& Tower with Radar,15,42,14,0,71,0,0,18,2,20,15,42,32,2,91,0,0,0,91
11/27/2010,SGF,MO,ACE,CE,Combined TRACON& Tower with Radar,7,59,20,0,86,0,3,40,0,43,7,62,60,0,129,16,0,16,145
11/28/2010,SGF,MO,ACE,CE,Combined TRACON& Tower with Radar,3,59,29,0,91,0,2,12,4,18,3,61,41,4,109,30,0,30,139
11/29/2010,SGF,MO,ACE,CE,Combined TRACON& Tower with Radar,11,64,30,9,114,0,0,4,0,4,11,64,34,9,118,0,0,0,118
11/30/2010,SGF,MO,ACE,CE,Combined TRACON& Tower with Radar,8,61,24,0,93,0,0,10,3,13,8,61,34,3,106,34,0,34,140
12/01/2010,SGF,MO,ACE,CE,Combined TRACON& Tower with Radar,8,56,41,30,135,0,1,18,4,23,8,57,59,34,158,38,8,46,204
12/02/2010,SGF,MO,ACE,CE,Combined TRACON& Tower with Radar,6,64,22,21,113,0,3,18,4,25,6,67,40,25,138,58,0,58,196
12/03/2010,SGF,MO,ACE,CE,Combined TRACON& Tower with Radar,15,54,31,10,110,0,0,20,4,24,15,54,51,14,134,44,0,44,178
12/04/2010,SGF,MO,ACE,CE,Combined TRACON& Tower with Radar,6,38,6,4,54,0,2,13,2,17,6,40,19,6,71,56,0,56,127
12/05/2010,SGF,MO,ACE,CE,Combined TRACON& Tower with Radar,0,49,13,2,64,0,2,21,0,23,0,51,34,2,87,22,0,22,109
12/06/2010,SGF,MO,ACE,CE,Combined TRACON& Tower with Radar,11,53,26,10,100,0,0,13,2,15,11,53,39,12,115,0,0,0,115
12/07/2010,SGF,MO,ACE,CE,Combined TRACON& Tower with Radar,6,51,35,4,96,0,5,32,1,38,6,56,67,5,134,0,0,0,134
12/08/2010,SGF,MO,ACE,CE,Combined TRACON& Tower with Radar,8,58,55,12,133,0,2,19,2,23,8,60,74,14,156,18,14,32,188
12/09/2010,SGF,MO,ACE,CE,Combined TRACON& Tower with Radar,6,56,43,8,113,0,0,10,0,10,6,56,53,8,123,18,0,18,141
12/10/2010,SGF,MO,ACE,CE,Combined TRACON& Tower with Radar,15,60,29,3,107,0,0,22,7,29,15,60,51,10,136,0,0,0,136
12/11/2010,SGF,MO,ACE,CE,Combined TRACON& Tower with Radar,6,38,12,1,57,0,0,2,0,2,6,38,14,1,59,0,0,0,59
12/12/2010,SGF,MO,ACE,CE,Combined TRACON& Tower with Radar,0,36,17,9,62,0,0,9,2,11,0,36,26,11,73,4,20,24,97
12/13/2010,SGF,MO,ACE,CE,Combined TRACON& Tower with Radar,12,52,27,30,121,0,1,14,1,16,12,53,41,31,137,0,0,0,137
12/14/2010,SGF,MO,ACE,CE,Combined TRACON& Tower with Radar,9,55,32,3,99,0,2,14,4,20,9,57,46,7,119,0,0,0,119
12/15/2010,SGF,MO,ACE,CE,Combined TRACON& Tower with Radar,7,59,35,12,113,0,0,0,4,4,7,59,35,16,117,0,0,0,117
12/16/2010,SGF,MO,ACE,CE,Combined TRACON& Tower with Radar,7,59,36,3,105,0,2,10,0,12,7,61,46,3,117,0,0,0,117
12/17/2010,SGF,MO,ACE,CE,Combined TRACON& Tower with Radar,11,65,30,1,107,0,0,25,2,27,11,65,55,3,134,16,0,16,150
12/18/2010,SGF,MO,ACE,CE,Combined TRACON& Tower with Radar,8,44,17,2,71,0,0,21,0,21,8,44,38,2,92,6,0,6,98
12/19/2010,SGF,MO,ACE,CE,Combined TRACON& Tower with Radar,0,51,23,3,77,0,0,17,4,21,0,51,40,7,98,12,0,12,110
12/20/2010,SGF,MO,ACE,CE,Combined TRACON& Tower with Radar,11,61,18,5,95,0,0,17,1,18,11,61,35,6,113,0,0,0,113
12/21/2010,SGF,MO,ACE,CE,Combined TRACON& Tower with Radar,11,46,34,2,93,0,0,4,0,4,11,46,38,2,97,10,0,10,107
12/22/2010,SGF,MO,ACE,CE,Combined TRACON& Tower with Radar,18,64,27,32,141,0,1,42,13,56,18,65,69,45,197,12,16,28,225
12/23/2010,SGF,MO,ACE,CE,Combined TRACON& Tower with Radar,10,62,21,2,95,0,1,13,0,14,10,63,34,2,109,14,0,14,123
12/24/2010,SGF,MO,ACE,CE,Combined TRACON& Tower with Radar,13,45,2,0,60,0,0,0,0,0,13,45,2,0,60,0,0,0,60
12/25/2010,SGF,MO,ACE,CE,Combined TRACON& Tower with Radar,2,34,3,0,39,0,0,0,0,0,2,34,3,0,39,0,0,0,39
12/26/2010,SGF,MO,ACE,CE,Combined TRACON& Tower with Radar,0,52,17,0,69,0,0,4,0,4,0,52,21,0,73,0,0,0,73
12/27/2010,SGF,MO,ACE,CE,Combined TRACON& Tower with Radar,11,55,13,1,80,0,1,25,3,29,11,56,38,4,109,2,0,2,111
12/28/2010,SGF,MO,ACE,CE,Combined TRACON& Tower with Radar,10,56,24,1,91,0,0,24,3,27,10,56,48,4,118,14,0,14,132
12/29/2010,SGF,MO,ACE,CE,Combined TRACON& Tower with Radar,14,55,22,0,91,0,0,0,0,0,14,55,22,0,91,0,0,0,91
12/30/2010,SGF,MO,ACE,CE,Combined TRACON& Tower with Radar,6,54,19,0,79,0,0,4,2,6,6,54,23,2,85,0,0,0,85
12/31/2010,SGF,MO,ACE,CE,Combined TRACON& Tower with Radar,11,40,19,0,70,0,0,13,0,13,11,40,32,0,83,0,0,0,83
01/01/2011,SGF,MO,ACE,CE,Combined TRACON& Tower with Radar,2,38,8,0,48,0,0,9,2,11,2,38,17,2,59,30,0,30,89
01/02/2011,SGF,MO,ACE,CE,Combined TRACON& Tower with Radar,0,48,26,1,75,0,4,12,0,16,0,52,38,1,91,0,0,0,91
01/03/2011,SGF,MO,ACE,CE,Combined TRACON& Tower with Radar,11,60,26,1,98,0,0,39,0,39,11,60,65,1,137,70,0,70,207
01/04/2011,SGF,MO,ACE,CE,Combined TRACON& Tower with Radar,8,56,25,19,108,0,1,28,5,34,8,57,53,24,142,18,8,26,168
01/05/2011,SGF,MO,ACE,CE,Combined TRACON& Tower with Radar,8,53,41,2,104,0,1,21,4,26,8,54,62,6,130,0,0,0,130
01/06/2011,SGF,MO,ACE,CE,Combined TRACON& Tower with Radar,8,57,41,4,110,0,0,30,3,33,8,57,71,7,143,2,0,2,145
01/07/2011,SGF,MO,ACE,CE,Combined TRACON& Tower with Radar,14,52,31,2,99,0,1,19,5,25,14,53,50,7,124,0,0,0,124
01/08/2011,SGF,MO,ACE,CE,Combined TRACON& Tower with Radar,7,38,15,2,62,0,0,17,2,19,7,38,32,4,81,0,0,0,81
01/09/2011,SGF,MO,ACE,CE,Combined TRACON& Tower with Radar,2,39,17,4,62,0,0,3,2,5,2,39,20,6,67,0,0,0,67
01/10/2011,SGF,MO,ACE,CE,Combined TRACON& Tower with Radar,10,47,18,3,78,0,0,1,0,1,10,47,19,3,79,0,0,0,79
01/11/2011,SGF,MO,ACE,CE,Combined TRACON& Tower with Radar,5,43,23,0,71,0,0,2,3,5,5,43,25,3,76,0,0,0,76
01/12/2011,SGF,MO,ACE,CE,Combined TRACON& Tower with Radar,8,50,38,2,98,0,0,7,6,13,8,50,45,8,111,0,0,0,111
01/13/2011,SGF,MO,ACE,CE,Combined TRACON& Tower with Radar,6,56,21,9,92,0,0,17,4,21,6,56,38,13,113,11,0,11,124
01/14/2011,SGF,MO,ACE,CE,Combined TRACON& Tower with Radar,15,59,28,27,129,0,0,19,2,21,15,59,47,29,150,6,16,22,172
01/15/2011,SGF,MO,ACE,CE,Combined TRACON& Tower with Radar,6,32,19,2,59,0,0,29,0,29,6,32,48,2,88,4,0,4,92
01/16/2011,SGF,MO,ACE,CE,Combined TRACON& Tower with Radar,0,46,5,0,51,0,0,3,0,3,0,46,8,0,54,0,0,0,54
01/17/2011,SGF,MO,ACE,CE,Combined TRACON& Tower with Radar,13,46,14,1,74,0,0,1,0,1,13,46,15,1,75,0,0,0,75
01/18/2011,SGF,MO,ACE,CE,Combined TRACON& Tower with Radar,8,52,21,0,81,0,0,0,0,0,8,52,21,0,81,0,0,0,81
01/19/2011,SGF,MO,ACE,CE,Combined TRACON& Tower with Radar,6,56,25,2,89,0,0,8,1,9,6,56,33,3,98,0,0,0,98
01/20/2011,SGF,MO,ACE,CE,Combined TRACON& Tower with Radar,4,55,20,1,80,0,0,3,0,3,4,55,23,1,83,12,0,12,95
01/21/2011,SGF,MO,ACE,CE,Combined TRACON& Tower with Radar,14,62,24,0,100,0,0,4,3,7,14,62,28,3,107,0,0,0,107
01/22/2011,SGF,MO,ACE,CE,Combined TRACON& Tower with Radar,8,34,16,0,58,0,0,15,2,17,8,34,31,2,75,8,0,8,83
01/23/2011,SGF,MO,ACE,CE,Combined TRACON& Tower with Radar,1,47,7,0,55,0,0,8,2,10,1,47,15,2,65,50,0,50,115
01/24/2011,SGF,MO,ACE,CE,Combined TRACON& Tower with Radar,9,54,23,4,90,0,0,2,0,2,9,54,25,4,92,14,36,50,142
01/25/2011,SGF,MO,ACE,CE,Combined TRACON& Tower with Radar,6,56,28,2,92,0,2,15,10,27,6,58,43,12,119,0,0,0,119
01/26/2011,SGF,MO,ACE,CE,Combined TRACON& Tower with Radar,6,58,38,35,137,0,0,29,4,33,6,58,67,39,170,10,20,30,200
01/27/2011,SGF,MO,ACE,CE,Combined TRACON& Tower with Radar,4,57,45,16,122,0,0,24,4,28,4,57,69,20,150,0,24,24,174
01/28/2011,SGF,MO,ACE,CE,Combined TRACON& Tower with Radar,15,58,34,15,122,0,2,45,2,49,15,60,79,17,171,28,0,28,199
01/29/2011,SGF,MO,ACE,CE,Combined TRACON& Tower with Radar,6,31,28,0,65,0,4,54,0,58,6,35,82,0,123,96,0,96,219
01/30/2011,SGF,MO,ACE,CE,Combined TRACON& Tower with Radar,1,44,22,2,69,0,1,12,0,13,1,45,34,2,82,36,0,36,118
01/31/2011,SGF,MO,ACE,CE,Combined TRACON& Tower with Radar,12,54,29,0,95,0,0,0,0,0,12,54,29,0,95,0,0,0,95
02/01/2011,SGF,MO,ACE,CE,Combined TRACON& Tower with Radar,4,2,0,0,6,0,0,0,0,0,4,2,0,0,6,0,0,0,6
02/02/2011,SGF,MO,ACE,CE,Combined TRACON& Tower with Radar,8,21,8,0,37,0,2,0,0,2,8,23,8,0,39,0,0,0,39
02/03/2011,SGF,MO,ACE,CE,Combined TRACON& Tower with Radar,9,52,23,0,84,0,2,14,0,16,9,54,37,0,100,18,0,18,118
02/04/2011,SGF,MO,ACE,CE,Combined TRACON& Tower with Radar,11,48,29,0,88,0,2,1,0,3,11,50,30,0,91,16,0,16,107
02/05/2011,SGF,MO,ACE,CE,Combined TRACON& Tower with Radar,6,31,18,0,55,0,0,8,0,8,6,31,26,0,63,0,0,0,63
02/06/2011,SGF,MO,ACE,CE,Combined TRACON& Tower with Radar,4,43,15,0,62,0,0,0,0,0,4,43,15,0,62,0,0,0,62
02/07/2011,SGF,MO,ACE,CE,Combined TRACON& Tower with Radar,8,56,27,0,91,0,0,2,0,2,8,56,29,0,93,0,0,0,93
02/08/2011,SGF,MO,ACE,CE,Combined TRACON& Tower with Radar,6,43,22,2,73,0,0,2,2,4,6,43,24,4,77,0,0,0,77
02/09/2011,SGF,MO,ACE,CE,Combined TRACON& Tower with Radar,4,46,21,4,75,0,4,0,0,4,4,50,21,4,79,0,0,0,79
02/10/2011,SGF,MO,ACE,CE,Combined TRACON& Tower with Radar,10,54,25,3,92,0,1,9,2,12,10,55,34,5,104,0,0,0,104
02/11/2011,SGF,MO,ACE,CE,Combined TRACON& Tower with Radar,13,53,33,3,102,0,2,32,4,38,13,55,65,7,140,34,0,34,174
02/12/2011,SGF,MO,ACE,CE,Combined TRACON& Tower with Radar,6,35,16,11,68,0,0,20,2,22,6,35,36,13,90,38,0,38,128
02/13/2011,SGF,MO,ACE,CE,Combined TRACON& Tower with Radar,4,45,4,1,54,0,2,30,0,32,4,47,34,1,86,50,0,50,136
02/14/2011,SGF,MO,ACE,CE,Combined TRACON& Tower with Radar,9,59,12,24,104,0,0,18,1,19,9,59,30,25,123,12,42,54,177
02/15/2011,SGF,MO,ACE,CE,Combined TRACON& Tower with Radar,4,50,45,14,113,0,0,12,6,18,4,50,57,20,131,0,8,8,139
02/16/2011,SGF,MO,ACE,CE,Combined TRACON& Tower with Radar,4,52,35,25,116,0,0,12,9,21,4,52,47,34,137,10,20,30,167
02/17/2011,SGF,MO,ACE,CE,Combined TRACON& Tower with Radar,14,54,41,4,113,0,1,16,6,23,14,55,57,10,136,10,0,10,146
02/18/2011,SGF,MO,ACE,CE,Combined TRACON& Tower with Radar,15,52,41,5,113,0,5,46,2,53,15,57,87,7,166,72,0,72,238
02/19/2011,SGF,MO,ACE,CE,Combined TRACON& Tower with Radar,4,31,13,1,49,0,0,13,0,13,4,31,26,1,62,60,0,60,122
02/20/2011,SGF,MO,ACE,CE,Combined TRACON& Tower with Radar,8,35,19,0,62,0,0,3,0,3,8,35,22,0,65,30,0,30,95
02/21/2011,SGF,MO,ACE,CE,Combined TRACON& Tower with Radar,11,43,24,0,78,0,0,4,0,4,11,43,28,0,82,8,0,8,90
02/22/2011,SGF,MO,ACE,CE,Combined TRACON& Tower with Radar,6,61,40,8,115,0,5,50,2,57,6,66,90,10,172,0,0,0,172
02/23/2011,SGF,MO,ACE,CE,Combined TRACON& Tower with Radar,6,47,45,4,102,0,1,19,12,32,6,48,64,16,134,2,0,2,136
02/24/2011,SGF,MO,ACE,CE,Combined TRACON& Tower with Radar,10,48,21,0,79,0,0,0,0,0,10,48,21,0,79,0,0,0,79
02/25/2011,SGF,MO,ACE,CE,Combined TRACON& Tower with Radar,13,52,42,0,107,0,1,8,4,13,13,53,50,4,120,6,0,6,126
02/26/2011,SGF,MO,ACE,CE,Combined TRACON& Tower with Radar,4,29,31,13,77,0,0,9,2,11,4,29,40,15,88,20,0,20,108
02/27/2011,SGF,MO,ACE,CE,Combined TRACON& Tower with Radar,6,49,12,0,67,0,0,8,0,8,6,49,20,0,75,0,0,0,75
02/28/2011,SGF,MO,ACE,CE,Combined TRACON& Tower with Radar,11,57,30,0,98,0,6,9,1,16,11,63,39,1,114,0,0,0,114
03/01/2011,SGF,MO,ACE,CE,Combined TRACON& Tower with Radar,6,52,46,20,124,0,2,45,11,58,6,54,91,31,182,28,22,50,232
03/02/2011,SGF,MO,ACE,CE,Combined TRACON& Tower with Radar,10,57,38,2,107,0,4,32,5,41,10,61,70,7,148,16,25,41,189
03/03/2011,SGF,MO,ACE,CE,Combined TRACON& Tower with Radar,10,53,33,4,100,0,5,36,4,45,10,58,69,8,145,86,0,86,231
03/04/2011,SGF,MO,ACE,CE,Combined TRACON& Tower with Radar,15,56,34,6,111,0,1,11,7,19,15,57,45,13,130,8,0,8,138
03/05/2011,SGF,MO,ACE,CE,Combined TRACON& Tower with Radar,6,40,13,1,60,0,0,5,0,5,6,40,18,1,65,0,0,0,65
03/06/2011,SGF,MO,ACE,CE,Combined TRACON& Tower with Radar,4,42,23,1,70,0,0,32,0,32,4,42,55,1,102,10,0,10,112
03/07/2011,SGF,MO,ACE,CE,Combined TRACON& Tower with Radar,9,54,30,3,96,0,0,8,6,14,9,54,38,9,110,0,0,0,110
03/08/2011,SGF,MO,ACE,CE,Combined TRACON& Tower with Radar,7,52,29,2,90,0,0,0,0,0,7,52,29,2,90,0,0,0,90
03/09/2011,SGF,MO,ACE,CE,Combined TRACON& Tower with Radar,8,52,46,4,110,0,1,2,0,3,8,53,48,4,113,24,0,24,137
03/10/2011,SGF,MO,ACE,CE,Combined TRACON& Tower with Radar,12,58,37,4,111,0,2,10,10,22,12,60,47,14,133,0,0,0,133
03/11/2011,SGF,MO,ACE,CE,Combined TRACON& Tower with Radar,10,54,34,6,104,0,2,29,10,41,10,56,63,16,145,0,0,0,145
03/12/2011,SGF,MO,ACE,CE,Combined TRACON& Tower with Radar,8,36,19,0,63,0,2,29,3,34,8,38,48,3,97,36,0,36,133
03/13/2011,SGF,MO,ACE,CE,Combined TRACON& Tower with Radar,7,45,20,1,73,0,0,13,0,13,7,45,33,1,86,22,0,22,108
03/14/2011,SGF,MO,ACE,CE,Combined TRACON& Tower with Radar,9,51,20,4,84,0,0,0,0,0,9,51,20,4,84,0,0,0,84
03/15/2011,SGF,MO,ACE,CE,Combined TRACON& Tower with Radar,6,55,25,2,88,0,2,12,8,22,6,57,37,10,110,0,0,0,110
03/16/2011,SGF,MO,ACE,CE,Combined TRACON& Tower with Radar,10,54,25,40,129,0,4,18,10,32,10,58,43,50,161,38,2,40,201
03/17/2011,SGF,MO,ACE,CE,Combined TRACON& Tower with Radar,10,56,40,20,126,0,0,2,1,3,10,56,42,21,129,0,0,0,129
03/18/2011,SGF,MO,ACE,CE,Combined TRACON& Tower with Radar,13,53,37,2,105,0,1,9,8,18,13,54,46,10,123,0,0,0,123
03/19/2011,SGF,MO,ACE,CE,Combined TRACON& Tower with Radar,12,42,17,2,73,0,0,9,2,11,12,42,26,4,84,11,0,11,95
03/20/2011,SGF,MO,ACE,CE,Combined TRACON& Tower with Radar,8,40,15,1,64,0,1,28,0,29,8,41,43,1,93,18,0,18,111
03/21/2011,SGF,MO,ACE,CE,Combined TRACON& Tower with Radar,12,55,28,3,98,0,2,17,0,19,12,57,45,3,117,0,0,0,117
03/22/2011,SGF,MO,ACE,CE,Combined TRACON& Tower with Radar,13,54,19,5,91,0,2,3,5,10,13,56,22,10,101,16,0,16,117
03/23/2011,SGF,MO,ACE,CE,Combined TRACON& Tower with Radar,10,46,27,11,94,0,1,12,6,19,10,47,39,17,113,2,0,2,115
03/24/2011,SGF,MO,ACE,CE,Combined TRACON& Tower with Radar,6,35,11,0,52,0,0,18,0,18,6,35,29,0,70,0,0,0,70
03/25/2011,SGF,MO,ACE,CE,Combined TRACON& Tower with Radar,15,57,36,14,122,0,0,7,7,14,15,57,43,21,136,16,18,34,170
03/26/2011,SGF,MO,ACE,CE,Combined TRACON& Tower with Radar,8,38,7,3,56,0,0,0,0,0,8,38,7,3,56,0,0,0,56
03/27/2011,SGF,MO,ACE,CE,Combined TRACON& Tower with Radar,4,46,21,0,71,0,0,11,2,13,4,46,32,2,84,60,0,60,144
03/28/2011,SGF,MO,ACE,CE,Combined TRACON& Tower with Radar,11,56,43,14,124,0,1,11,5,17,11,57,54,19,141,0,24,24,165
03/29/2011,SGF,MO,ACE,CE,Combined TRACON& Tower with Radar,8,49,51,0,108,0,0,5,4,9,8,49,56,4,117,0,0,0,117
03/30/2011,SGF,MO,ACE,CE,Combined TRACON& Tower with Radar,6,56,30,0,92,0,0,2,0,2,6,56,32,0,94,0,0,0,94
03/31/2011,SGF,MO,ACE,CE,Combined TRACON& Tower with Radar,9,59,43,18,129,0,0,10,4,14,9,59,53,22,143,20,12,32,175
04/01/2011,SGF,MO,ACE,CE,Combined TRACON& Tower with Radar,14,59,23,0,96,0,0,23,4,27,14,59,46,4,123,44,0,44,167
04/02/2011,SGF,MO,ACE,CE,Combined TRACON& Tower with Radar,4,37,23,1,65,0,6,52,1,59,4,43,75,2,124,4,0,4,128
04/03/2011,SGF,MO,ACE,CE,Combined TRACON& Tower with Radar,6,43,24,0,73,0,0,11,0,11,6,43,35,0,84,0,0,0,84
04/04/2011,SGF,MO,ACE,CE,Combined TRACON& Tower with Radar,9,62,16,4,91,0,0,1,2,3,9,62,17,6,94,0,0,0,94
04/05/2011,SGF,MO,ACE,CE,Combined TRACON& Tower with Radar,6,50,33,20,109,0,2,25,9,36,6,52,58,29,145,4,0,4,149
04/06/2011,SGF,MO,ACE,CE,Combined TRACON& Tower with Radar,6,56,43,7,112,0,0,28,8,36,6,56,71,15,148,10,0,10,158
04/07/2011,SGF,MO,ACE,CE,Combined TRACON& Tower with Radar,10,55,40,8,113,0,0,15,3,18,10,55,55,11,131,81,8,89,220
04/08/2011,SGF,MO,ACE,CE,Combined TRACON& Tower with Radar,13,51,34,0,98,0,0,22,2,24,13,51,56,2,122,14,12,26,148
04/09/2011,SGF,MO,ACE,CE,Combined TRACON& Tower with Radar,4,37,15,2,58,0,0,25,0,25,4,37,40,2,83,30,0,30,113
04/10/2011,SGF,MO,ACE,CE,Combined TRACON& Tower with Radar,4,44,15,0,63,0,0,7,0,7,4,44,22,0,70,0,0,0,70
04/11/2011,SGF,MO,ACE,CE,Combined TRACON& Tower with Radar,9,57,33,40,139,0,3,10,4,17,9,60,43,44,156,10,18,28,184
04/12/2011,SGF,MO,ACE,CE,Combined TRACON& Tower with Radar,10,61,27,7,105,0,6,33,8,47,10,67,60,15,152,0,0,0,152
04/13/2011,SGF,MO,ACE,CE,Combined TRACON& Tower with Radar,6,56,37,3,102,0,2,37,16,55,6,58,74,19,157,28,0,28,185
04/14/2011,SGF,MO,ACE,CE,Combined TRACON& Tower with Radar,10,55,28,5,98,0,0,12,6,18,10,55,40,11,116,6,0,6,122
04/15/2011,SGF,MO,ACE,CE,Combined TRACON& Tower with Radar,13,58,23,6,100,0,0,9,2,11,13,58,32,8,111,0,0,0,111
04/16/2011,SGF,MO,ACE,CE,Combined TRACON& Tower with Radar,4,36,21,0,61,0,2,10,0,12,4,38,31,0,73,16,0,16,89
04/17/2011,SGF,MO,ACE,CE,Combined TRACON& Tower with Radar,4,45,31,0,80,0,1,20,0,21,4,46,51,0,101,0,0,0,101
04/18/2011,SGF,MO,ACE,CE,Combined TRACON& Tower with Radar,9,62,36,6,113,0,0,20,4,24,9,62,56,10,137,14,0,14,151
04/19/2011,SGF,MO,ACE,CE,Combined TRACON& Tower with Radar,3,48,12,0,63,0,0,7,6,13,3,48,19,6,76,0,0,0,76
04/20/2011,SGF,MO,ACE,CE,Combined TRACON& Tower with Radar,10,65,37,4,116,0,2,17,16,35,10,67,54,20,151,0,0,0,151
04/21/2011,SGF,MO,ACE,CE,Combined TRACON& Tower with Radar,9,54,31,9,103,0,0,14,3,17,9,54,45,12,120,0,16,16,136
04/22/2011,SGF,MO,ACE,CE,Combined TRACON& Tower with Radar,21,49,23,2,95,0,0,6,0,6,21,49,29,2,101,0,0,0,101
04/23/2011,SGF,MO,ACE,CE,Combined TRACON& Tower with Radar,8,43,13,0,64,0,0,7,2,9,8,43,20,2,73,6,0,6,79
04/24/2011,SGF,MO,ACE,CE,Combined TRACON& Tower with Radar,4,42,10,0,56,0,0,0,0,0,4,42,10,0,56,0,0,0,56
04/25/2011,SGF,MO,ACE,CE,Combined TRACON& Tower with Radar,8,43,8,0,59,0,0,0,0,0,8,43,8,0,59,0,0,0,59
04/26/2011,SGF,MO,ACE,CE,Combined TRACON& Tower with Radar,6,60,44,2,112,0,0,12,1,13,6,60,56,3,125,0,0,0,125
04/27/2011,SGF,MO,ACE,CE,Combined TRACON& Tower with Radar,4,52,39,2,97,0,0,1,0,1,4,52,40,2,98,6,0,6,104
04/28/2011,SGF,MO,ACE,CE,Combined TRACON& Tower with Radar,11,62,50,7,130,0,0,34,12,46,11,62,84,19,176,6,16,22,198
04/29/2011,SGF,MO,ACE,CE,Combined TRACON& Tower with Radar,13,56,34,29,132,0,1,33,7,41,13,57,67,36,173,12,12,24,197
04/30/2011,SGF,MO,ACE,CE,Combined TRACON& Tower with Radar,4,35,21,3,63,0,1,17,2,20,4,36,38,5,83,0,0,0,83
05/01/2011,SGF,MO,ACE,CE,Combined TRACON& Tower with Radar,3,42,10,0,55,0,0,0,0,0,3,42,10,0,55,0,0,0,55
05/02/2011,SGF,MO,ACE,CE,Combined TRACON& Tower with Radar,9,50,29,3,91,0,2,17,2,21,9,52,46,5,112,6,18,24,136
05/03/2011,SGF,MO,ACE,CE,Combined TRACON& Tower with Radar,6,55,38,15,114,0,2,27,5,34,6,57,65,20,148,0,0,0,148
05/04/2011,SGF,MO,ACE,CE,Combined TRACON& Tower with Radar,6,51,36,2,95,0,4,35,4,43,6,55,71,6,138,12,0,12,150
05/05/2011,SGF,MO,ACE,CE,Combined TRACON& Tower with Radar,10,59,52,2,123,0,0,18,2,20,10,59,70,4,143,12,0,12,155
05/06/2011,SGF,MO,ACE,CE,Combined TRACON& Tower with Radar,11,56,40,2,109,0,0,34,2,36,11,56,74,4,145,14,0,14,159
05/07/2011,SGF,MO,ACE,CE,Combined TRACON& Tower with Radar,4,37,20,0,61,0,2,12,1,15,4,39,32,1,76,0,0,0,76
05/08/2011,SGF,MO,ACE,CE,Combined TRACON& Tower with Radar,4,43,13,2,62,0,0,8,0,8,4,43,21,2,70,0,0,0,70
05/09/2011,SGF,MO,ACE,CE,Combined TRACON& Tower with Radar,11,60,36,2,109,0,2,21,4,27,11,62,57,6,136,48,8,56,192
05/10/2011,SGF,MO,ACE,CE,Combined TRACON& Tower with Radar,4,52,35,6,97,0,0,23,8,31,4,52,58,14,128,12,34,46,174
05/11/2011,SGF,MO,ACE,CE,Combined TRACON& Tower with Radar,6,40,34,3,83,0,0,14,3,17,6,40,48,6,100,6,6,12,112
05/12/2011,SGF,MO,ACE,CE,Combined TRACON& Tower with Radar,7,52,36,6,101,0,1,9,6,16,7,53,45,12,117,0,0,0,117
05/13/2011,SGF,MO,ACE,CE,Combined TRACON& Tower with Radar,14,54,44,9,121,0,0,13,2,15,14,54,57,11,136,0,0,0,136
05/14/2011,SGF,MO,ACE,CE,Combined TRACON& Tower with Radar,4,37,27,16,84,0,0,15,0,15,4,37,42,16,99,0,20,20,119
05/15/2011,SGF,MO,ACE,CE,Combined TRACON& Tower with Radar,4,42,17,2,65,0,0,5,0,5,4,42,22,2,70,0,0,0,70
05/16/2011,SGF,MO,ACE,CE,Combined TRACON& Tower with Radar,9,52,28,21,110,0,2,21,4,27,9,54,49,25,137,6,38,44,181
05/17/2011,SGF,MO,ACE,CE,Combined TRACON& Tower with Radar,4,55,37,7,103,0,1,41,8,50,4,56,78,15,153,12,0,12,165
05/18/2011,SGF,MO,ACE,CE,Combined TRACON& Tower with Radar,4,53,39,32,128,0,0,18,17,35,4,53,57,49,163,0,68,68,231
05/19/2011,SGF,MO,ACE,CE,Combined TRACON& Tower with Radar,8,53,31,11,103,0,0,12,9,21,8,53,43,20,124,8,0,8,132
05/20/2011,SGF,MO,ACE,CE,Combined TRACON& Tower with Radar,15,40,20,3,78,0,2,8,0,10,15,42,28,3,88,0,0,0,88
05/21/2011,SGF,MO,ACE,CE,Combined TRACON& Tower with Radar,4,35,22,3,64,0,1,17,2,20,4,36,39,5,84,28,4,32,116
05/22/2011,SGF,MO,ACE,CE,Combined TRACON& Tower with Radar,4,44,26,0,74,0,2,16,0,18,4,46,42,0,92,40,0,40,132
05/23/2011,SGF,MO,ACE,CE,Combined TRACON& Tower with Radar,13,56,22,0,91,0,10,3,6,19,13,66,25,6,110,0,0,0,110
05/24/2011,SGF,MO,ACE,CE,Combined TRACON& Tower with Radar,6,58,37,5,106,0,0,20,7,27,6,58,57,12,133,4,0,4,137
05/25/2011,SGF,MO,ACE,CE,Combined TRACON& Tower with Radar,11,39,28,7,85,0,0,6,5,11,11,39,34,12,96,0,0,0,96
05/26/2011,SGF,MO,ACE,CE,Combined TRACON& Tower with Radar,11,58,63,8,140,0,2,15,5,22,11,60,78,13,162,0,0,0,162
05/27/2011,SGF,MO,ACE,CE,Combined TRACON& Tower with Radar,15,59,40,1,115,0,0,13,7,20,15,59,53,8,135,8,0,8,143
05/28/2011,SGF,MO,ACE,CE,Combined TRACON& Tower with Radar,6,37,5,2,50,0,1,20,1,22,6,38,25,3,72,12,0,12,84
05/29/2011,SGF,MO,ACE,CE,Combined TRACON& Tower with Radar,4,39,8,2,53,0,3,10,0,13,4,42,18,2,66,0,0,0,66
05/30/2011,SGF,MO,ACE,CE,Combined TRACON& Tower with Radar,8,45,20,2,75,0,0,28,2,30,8,45,48,4,105,0,0,0,105
05/31/2011,SGF,MO,ACE,CE,Combined TRACON& Tower with Radar,3,52,30,5,90,0,0,20,5,25,3,52,50,10,115,2,0,2,117
06/01/2011,SGF,MO,ACE,CE,Combined TRACON& Tower with Radar,8,52,35,8,103,0,0,15,11,26,8,52,50,19,129,26,0,26,155
06/02/2011,SGF,MO,ACE,CE,Combined TRACON& Tower with Radar,9,58,61,26,154,0,4,34,6,44,9,62,95,32,198,46,12,58,256
06/03/2011,SGF,MO,ACE,CE,Combined TRACON& Tower with Radar,12,64,40,4,120,0,0,17,8,25,12,64,57,12,145,4,0,4,149
06/04/2011,SGF,MO,ACE,CE,Combined TRACON& Tower with Radar,6,34,17,2,59,0,4,35,0,39,6,38,52,2,98,56,0,56,154
06/05/2011,SGF,MO,ACE,CE,Combined TRACON& Tower with Radar,4,40,19,4,67,0,3,36,0,39,4,43,55,4,106,0,0,0,106
06/06/2011,SGF,MO,ACE,CE,Combined TRACON& Tower with Radar,11,62,28,22,123,0,2,19,10,31,11,64,47,32,154,6,1,7,161
06/07/2011,SGF,MO,ACE,CE,Combined TRACON& Tower with Radar,4,56,31,19,110,0,6,31,10,47,4,62,62,29,157,0,0,0,157
06/08/2011,SGF,MO,ACE,CE,Combined TRACON& Tower with Radar,8,52,33,2,95,0,2,36,3,41,8,54,69,5,136,8,0,8,144
06/09/2011,SGF,MO,ACE,CE,Combined TRACON& Tower with Radar,10,56,34,13,113,0,3,38,9,50,10,59,72,22,163,20,0,20,183
06/10/2011,SGF,MO,ACE,CE,Combined TRACON& Tower with Radar,15,50,31,4,100,0,0,11,2,13,15,50,42,6,113,50,2,52,165
06/11/2011,SGF,MO,ACE,CE,Combined TRACON& Tower with Radar,6,39,17,0,62,0,3,19,0,22,6,42,36,0,84,56,0,56,140
06/12/2011,SGF,MO,ACE,CE,Combined TRACON& Tower with Radar,4,46,15,0,65,0,0,4,8,12,4,46,19,8,77,0,0,0,77
06/13/2011,SGF,MO,ACE,CE,Combined TRACON& Tower with Radar,11,60,24,14,109,0,1,24,9,34,11,61,48,23,143,0,4,4,147
06/14/2011,SGF,MO,ACE,CE,Combined TRACON& Tower with Radar,10,63,37,26,136,0,0,11,4,15,10,63,48,30,151,2,10,12,163
06/15/2011,SGF,MO,ACE,CE,Combined TRACON& Tower with Radar,12,51,34,46,143,0,6,22,13,41,12,57,56,59,184,10,30,40,224
06/16/2011,SGF,MO,ACE,CE,Combined TRACON& Tower with Radar,12,58,31,3,104,0,3,13,15,31,12,61,44,18,135,6,0,6,141
06/17/2011,SGF,MO,ACE,CE,Combined TRACON& Tower with Radar,17,58,29,4,108,0,2,40,5,47,17,60,69,9,155,66,2,68,223
06/18/2011,SGF,MO,ACE,CE,Combined TRACON& Tower with Radar,8,37,9,6,60,0,1,27,4,32,8,38,36,10,92,4,0,4,96
06/19/2011,SGF,MO,ACE,CE,Combined TRACON& Tower with Radar,4,54,20,0,78,0,0,24,0,24,4,54,44,0,102,26,0,26,128
06/20/2011,SGF,MO,ACE,CE,Combined TRACON& Tower with Radar,11,64,50,13,138,0,0,23,3,26,11,64,73,16,164,0,0,0,164
06/21/2011,SGF,MO,ACE,CE,Combined TRACON& Tower with Radar,8,56,28,5,97,0,4,11,6,21,8,60,39,11,118,0,0,0,118
06/22/2011,SGF,MO,ACE,CE,Combined TRACON& Tower with Radar,14,55,27,9,105,0,1,17,8,26,14,56,44,17,131,16,0,16,147
06/23/2011,SGF,MO,ACE,CE,Combined TRACON& Tower with Radar,10,63,45,13,131,0,5,31,3,39,10,68,76,16,170,26,6,32,202
06/24/2011,SGF,MO,ACE,CE,Combined TRACON& Tower with Radar,15,58,39,10,122,0,0,28,2,30,15,58,67,12,152,28,20,48,200
06/25/2011,SGF,MO,ACE,CE,Combined TRACON& Tower with Radar,8,35,26,1,70,0,1,8,0,9,8,36,34,1,79,0,0,0,79
06/26/2011,SGF,MO,ACE,CE,Combined TRACON& Tower with Radar,4,48,18,0,70,0,2,12,2,16,4,50,30,2,86,16,0,16,102
06/27/2011,SGF,MO,ACE,CE,Combined TRACON& Tower with Radar,11,65,31,10,117,0,0,16,2,18,11,65,47,12,135,0,0,0,135
06/28/2011,SGF,MO,ACE,CE,Combined TRACON& Tower with Radar,8,70,65,6,149,0,5,19,11,35,8,75,84,17,184,4,0,4,188
06/29/2011,SGF,MO,ACE,CE,Combined TRACON& Tower with Radar,12,57,29,13,111,0,2,28,4,34,12,59,57,17,145,0,0,0,145
06/30/2011,SGF,MO,ACE,CE,Combined TRACON& Tower with Radar,8,57,41,2,108,0,4,26,9,39,8,61,67,11,147,20,0,20,167
07/01/2011,SGF,MO,ACE,CE,Combined TRACON& Tower with Radar,15,54,38,0,107,0,5,51,4,60,15,59,89,4,167,40,0,40,207
07/02/2011,SGF,MO,ACE,CE,Combined TRACON& Tower with Radar,9,36,14,0,59,0,4,15,0,19,9,40,29,0,78,0,0,0,78
07/03/2011,SGF,MO,ACE,CE,Combined TRACON& Tower with Radar,5,32,8,0,45,0,2,27,0,29,5,34,35,0,74,14,0,14,88
07/04/2011,SGF,MO,ACE,CE,Combined TRACON& Tower with Radar,8,48,17,0,73,0,0,47,0,47,8,48,64,0,120,8,8,16,136
07/05/2011,SGF,MO,ACE,CE,Combined TRACON& Tower with Radar,9,52,32,0,93,0,0,15,15,30,9,52,47,15,123,26,0,26,149
07/06/2011,SGF,MO,ACE,CE,Combined TRACON& Tower with Radar,14,55,30,10,109,0,0,8,10,18,14,55,38,20,127,4,0,4,131
07/07/2011,SGF,MO,ACE,CE,Combined TRACON& Tower with Radar,10,55,29,12,106,0,0,19,7,26,10,55,48,19,132,26,4,30,162
07/08/2011,SGF,MO,ACE,CE,Combined TRACON& Tower with Radar,15,62,62,25,164,0,3,19,3,25,15,65,81,28,189,48,30,78,267
07/09/2011,SGF,MO,ACE,CE,Combined TRACON& Tower with Radar,7,33,16,2,58,0,2,19,4,25,7,35,35,6,83,40,0,40,123
07/10/2011,SGF,MO,ACE,CE,Combined TRACON& Tower with Radar,4,50,10,1,65,0,1,18,0,19,4,51,28,1,84,0,0,0,84
07/11/2011,SGF,MO,ACE,CE,Combined TRACON& Tower with Radar,12,46,22,9,89,0,4,24,10,38,12,50,46,19,127,14,0,14,141
07/12/2011,SGF,MO,ACE,CE,Combined TRACON& Tower with Radar,12,56,24,2,94,0,0,28,5,33,12,56,52,7,127,4,0,4,131
07/13/2011,SGF,MO,ACE,CE,Combined TRACON& Tower with Radar,9,41,29,0,79,0,0,9,3,12,9,41,38,3,91,18,16,34,125
07/14/2011,SGF,MO,ACE,CE,Combined TRACON& Tower with Radar,5,9,2,0,16,0,0,4,0,4,5,9,6,0,20,48,0,48,68
07/15/2011,SGF,MO,ACE,CE,Combined TRACON& Tower with Radar,16,50,41,3,110,0,0,20,6,26,16,50,61,9,136,54,0,54,190
07/16/2011,SGF,MO,ACE,CE,Combined TRACON& Tower with Radar,8,38,6,0,52,0,0,20,2,22,8,38,26,2,74,48,0,48,122
07/17/2011,SGF,MO,ACE,CE,Combined TRACON& Tower with Radar,4,48,29,1,82,0,1,15,1,17,4,49,44,2,99,0,0,0,99
07/18/2011,SGF,MO,ACE,CE,Combined TRACON& Tower with Radar,11,51,28,7,97,0,2,17,1,20,11,53,45,8,117,6,0,6,123
07/19/2011,SGF,MO,ACE,CE,Combined TRACON& Tower with Radar,10,61,36,9,116,0,2,26,13,41,10,63,62,22,157,10,0,10,167
07/20/2011,SGF,MO,ACE,CE,Combined TRACON& Tower with Radar,14,51,45,14,124,0,1,36,11,48,14,52,81,25,172,14,0,14,186
07/21/2011,SGF,MO,ACE,CE,Combined TRACON& Tower with Radar,10,54,32,2,98,0,5,23,13,41,10,59,55,15,139,34,0,34,173
07/22/2011,SGF,MO,ACE,CE,Combined TRACON& Tower with Radar,15,53,35,0,103,0,4,32,0,36,15,57,67,0,139,44,0,44,183
07/23/2011,SGF,MO,ACE,CE,Combined TRACON& Tower with Radar,8,39,33,0,80,0,1,38,4,43,8,40,71,4,123,0,0,0,123
07/24/2011,SGF,MO,ACE,CE,Combined TRACON& Tower with Radar,4,51,18,0,73,0,0,27,0,27,4,51,45,0,100,0,0,0,100
07/25/2011,SGF,MO,ACE,CE,Combined TRACON& Tower with Radar,11,55,46,18,130,0,2,27,4,33,11,57,73,22,163,4,8,12,175
07/26/2011,SGF,MO,ACE,CE,Combined TRACON& Tower with Radar,12,60,40,19,131,0,0,25,4,29,12,60,65,23,160,20,26,46,206
07/27/2011,SGF,MO,ACE,CE,Combined TRACON& Tower with Radar,12,62,39,10,123,0,0,40,13,53,12,62,79,23,176,2,0,2,178
07/28/2011,SGF,MO,ACE,CE,Combined TRACON& Tower with Radar,10,56,59,4,129,0,1,46,4,51,10,57,105,8,180,30,0,30,210
07/29/2011,SGF,MO,ACE,CE,Combined TRACON& Tower with Radar,17,57,39,28,141,0,0,29,5,34,17,57,68,33,175,30,52,82,257
07/30/2011,SGF,MO,ACE,CE,Combined TRACON& Tower with Radar,8,35,21,0,64,0,0,30,0,30,8,35,51,0,94,38,0,38,132
07/31/2011,SGF,MO,ACE,CE,Combined TRACON& Tower with Radar,4,46,17,4,71,0,0,40,0,40,4,46,57,4,111,0,0,0,111
08/01/2011,SGF,MO,ACE,CE,Combined TRACON& Tower with Radar,11,58,17,0,86,0,3,19,0,22,11,61,36,0,108,0,0,0,108
08/02/2011,SGF,MO,ACE,CE,Combined TRACON& Tower with Radar,8,60,33,4,105,0,2,24,3,29,8,62,57,7,134,0,0,0,134
08/03/2011,SGF,MO,ACE,CE,Combined TRACON& Tower with Radar,14,60,34,11,119,0,0,21,4,25,14,60,55,15,144,0,0,0,144
08/04/2011,SGF,MO,ACE,CE,Combined TRACON& Tower with Radar,8,62,32,10,112,0,0,16,13,29,8,62,48,23,141,0,0,0,141
08/05/2011,SGF,MO,ACE,CE,Combined TRACON& Tower with Radar,15,56,23,0,94,0,1,28,2,31,15,57,51,2,125,0,0,0,125
08/06/2011,SGF,MO,ACE,CE,Combined TRACON& Tower with Radar,6,42,15,0,63,0,0,11,0,11,6,42,26,0,74,22,0,22,96
08/07/2011,SGF,MO,ACE,CE,Combined TRACON& Tower with Radar,6,48,11,1,66,0,0,12,4,16,6,48,23,5,82,6,0,6,88
08/08/2011,SGF,MO,ACE,CE,Combined TRACON& Tower with Radar,11,51,16,2,80,0,2,4,0,6,11,53,20,2,86,0,0,0,86
08/09/2011,SGF,MO,ACE,CE,Combined TRACON& Tower with Radar,8,61,32,15,116,0,2,23,4,29,8,63,55,19,145,0,0,0,145
08/10/2011,SGF,MO,ACE,CE,Combined TRACON& Tower with Radar,8,55,39,2,104,0,4,9,2,15,8,59,48,4,119,8,0,8,127
08/11/2011,SGF,MO,ACE,CE,Combined TRACON& Tower with Radar,8,55,48,13,124,0,0,28,3,31,8,55,76,16,155,96,30,126,281
08/12/2011,SGF,MO,ACE,CE,Combined TRACON& Tower with Radar,7,19,19,0,45,0,0,6,2,8,7,19,25,2,53,14,0,14,67
08/13/2011,SGF,MO,ACE,CE,Combined TRACON& Tower with Radar,0,0,1,0,1,0,0,0,2,2,0,0,1,2,3,0,0,0,3
08/14/2011,SGF,MO,ACE,CE,Combined TRACON& Tower with Radar,0,0,0,0,0,0,3,3,0,6,0,3,3,0,6,0,0,0,6
08/15/2011,SGF,MO,ACE,CE,Combined TRACON& Tower with Radar,8,37,16,2,63,0,4,32,1,37,8,41,48,3,100,22,0,22,122
08/16/2011,SGF,MO,ACE,CE,Combined TRACON& Tower with Radar,10,57,33,10,110,0,3,17,8,28,10,60,50,18,138,20,0,20,158
08/17/2011,SGF,MO,ACE,CE,Combined TRACON& Tower with Radar,4,50,38,2,94,0,4,25,18,47,4,54,63,20,141,10,4,14,155
08/18/2011,SGF,MO,ACE,CE,Combined TRACON& Tower with Radar,12,61,41,8,122,0,3,22,4,29,12,64,63,12,151,0,0,0,151
08/19/2011,SGF,MO,ACE,CE,Combined TRACON& Tower with Radar,15,57,25,3,100,0,0,21,5,26,15,57,46,8,126,30,0,30,156
08/20/2011,SGF,MO,ACE,CE,Combined TRACON& Tower with Radar,4,35,14,4,57,0,1,12,0,13,4,36,26,4,70,0,0,0,70
08/21/2011,SGF,MO,ACE,CE,Combined TRACON& Tower with Radar,6,45,14,0,65,0,0,13,0,13,6,45,27,0,78,0,0,0,78
08/22/2011,SGF,MO,ACE,CE,Combined TRACON& Tower with Radar,9,56,42,6,113,0,2,15,4,21,9,58,57,10,134,6,0,6,140
08/23/2011,SGF,MO,ACE,CE,Combined TRACON& Tower with Radar,6,63,27,10,106,0,1,17,7,25,6,64,44,17,131,0,0,0,131
08/24/2011,SGF,MO,ACE,CE,Combined TRACON& Tower with Radar,6,51,48,1,106,0,0,19,14,33,6,51,67,15,139,0,0,0,139
08/25/2011,SGF,MO,ACE,CE,Combined TRACON& Tower with Radar,12,56,37,13,118,0,2,29,12,43,12,58,66,25,161,24,0,24,185
08/26/2011,SGF,MO,ACE,CE,Combined TRACON& Tower with Radar,13,57,25,11,106,0,1,18,10,29,13,58,43,21,135,8,0,8,143
08/27/2011,SGF,MO,ACE,CE,Combined TRACON& Tower with Radar,4,35,19,0,58,0,4,32,1,37,4,39,51,1,95,0,0,0,95
08/28/2011,SGF,MO,ACE,CE,Combined TRACON& Tower with Radar,6,45,28,0,79,0,0,18,0,18,6,45,46,0,97,0,0,0,97
08/29/2011,SGF,MO,ACE,CE,Combined TRACON& Tower with Radar,9,51,17,18,95,0,0,7,5,12,9,51,24,23,107,0,0,0,107
08/30/2011,SGF,MO,ACE,CE,Combined TRACON& Tower with Radar,6,60,35,11,112,0,0,24,9,33,6,60,59,20,145,0,0,0,145
08/31/2011,SGF,MO,ACE,CE,Combined TRACON& Tower with Radar,6,56,55,8,125,0,0,26,8,34,6,56,81,16,159,18,2,20,179
09/01/2011,SGF,MO,ACE,CE,Combined TRACON& Tower with Radar,14,53,36,1,104,0,4,21,9,34,14,57,57,10,138,0,0,0,138
09/02/2011,SGF,MO,ACE,CE,Combined TRACON& Tower with Radar,15,50,28,0,93,0,0,23,4,27,15,50,51,4,120,0,0,0,120
09/03/2011,SGF,MO,ACE,CE,Combined TRACON& Tower with Radar,4,25,7,0,36,0,0,11,0,11,4,25,18,0,47,16,0,16,63
09/04/2011,SGF,MO,ACE,CE,Combined TRACON& Tower with Radar,6,32,8,0,46,0,0,9,0,9,6,32,17,0,55,0,0,0,55
09/05/2011,SGF,MO,ACE,CE,Combined TRACON& Tower with Radar,8,39,20,0,67,0,1,20,0,21,8,40,40,0,88,0,0,0,88
09/06/2011,SGF,MO,ACE,CE,Combined TRACON& Tower with Radar,5,55,28,3,91,0,0,34,10,44,5,55,62,13,135,0,0,0,135
09/07/2011,SGF,MO,ACE,CE,Combined TRACON& Tower with Radar,6,59,31,10,106,0,0,28,4,32,6,59,59,14,138,12,0,12,150
09/08/2011,SGF,MO,ACE,CE,Combined TRACON& Tower with Radar,12,57,24,19,112,0,1,21,5,27,12,58,45,24,139,0,14,14,153
09/09/2011,SGF,MO,ACE,CE,Combined TRACON& Tower with Radar,13,55,22,39,129,0,0,13,2,15,13,55,35,41,144,26,26,52,196
09/10/2011,SGF,MO,ACE,CE,Combined TRACON& Tower with Radar,7,36,14,1,58,0,0,20,1,21,7,36,34,2,79,6,0,6,85
09/11/2011,SGF,MO,ACE,CE,Combined TRACON& Tower with Radar,9,48,23,3,83,0,0,17,1,18,9,48,40,4,101,14,0,14,115
09/12/2011,SGF,MO,ACE,CE,Combined TRACON& Tower with Radar,9,50,32,30,121,0,2,15,0,17,9,52,47,30,138,12,24,36,174
09/13/2011,SGF,MO,ACE,CE,Combined TRACON& Tower with Radar,10,51,35,12,108,0,5,27,4,36,10,56,62,16,144,0,0,0,144
09/14/2011,SGF,MO,ACE,CE,Combined TRACON& Tower with Radar,6,50,29,4,89,0,1,4,5,10,6,51,33,9,99,0,0,0,99
09/15/2011,SGF,MO,ACE,CE,Combined TRACON& Tower with Radar,12,48,39,6,105,0,2,21,8,31,12,50,60,14,136,2,0,2,138
09/16/2011,SGF,MO,ACE,CE,Combined TRACON& Tower with Radar,15,57,43,1,116,0,1,10,6,17,15,58,53,7,133,6,0,6,139
09/17/2011,SGF,MO,ACE,CE,Combined TRACON& Tower with Radar,7,35,14,0,56,0,0,0,0,0,7,35,14,0,56,0,0,0,56
09/18/2011,SGF,MO,ACE,CE,Combined TRACON& Tower with Radar,6,38,18,0,62,0,0,1,0,1,6,38,19,0,63,0,0,0,63
09/19/2011,SGF,MO,ACE,CE,Combined TRACON& Tower with Radar,9,56,25,3,93,0,2,16,4,22,9,58,41,7,115,18,0,18,133
09/20/2011,SGF,MO,ACE,CE,Combined TRACON& Tower with Radar,6,57,41,3,107,0,4,19,8,31,6,61,60,11,138,0,0,0,138
09/21/2011,SGF,MO,ACE,CE,Combined TRACON& Tower with Radar,6,52,41,9,108,0,7,23,10,40,6,59,64,19,148,2,0,2,150
09/22/2011,SGF,MO,ACE,CE,Combined TRACON& Tower with Radar,10,55,36,7,108,0,0,9,1,10,10,55,45,8,118,0,0,0,118
09/23/2011,SGF,MO,ACE,CE,Combined TRACON& Tower with Radar,11,54,22,2,89,0,6,24,4,34,11,60,46,6,123,32,0,32,155
09/24/2011,SGF,MO,ACE,CE,Combined TRACON& Tower with Radar,4,30,23,1,58,0,6,17,3,26,4,36,40,4,84,0,0,0,84
09/25/2011,SGF,MO,ACE,CE,Combined TRACON& Tower with Radar,6,48,28,1,83,0,0,27,2,29,6,48,55,3,112,20,0,20,132
09/26/2011,SGF,MO,ACE,CE,Combined TRACON& Tower with Radar,9,57,20,0,86,0,0,20,2,22,9,57,40,2,108,0,0,0,108
09/27/2011,SGF,MO,ACE,CE,Combined TRACON& Tower with Radar,6,57,37,5,105,0,4,18,8,30,6,61,55,13,135,6,0,6,141
09/28/2011,SGF,MO,ACE,CE,Combined TRACON& Tower with Radar,7,51,39,3,100,0,1,28,7,36,7,52,67,10,136,0,0,0,136
09/29/2011,SGF,MO,ACE,CE,Combined TRACON& Tower with Radar,13,49,59,3,124,0,2,18,9,29,13,51,77,12,153,28,0,28,181
09/30/2011,SGF,MO,ACE,CE,Combined TRACON& Tower with Radar,15,55,41,1,112,0,2,25,7,34,15,57,66,8,146,0,0,0,146
10/01/2011,SGF,MO,ACE,CE,Combined TRACON& Tower with Radar,6,31,22,1,60,0,2,13,1,16,6,33,35,2,76,26,0,26,102
10/02/2011,SGF,MO,ACE,CE,Combined TRACON& Tower with Radar,5,46,25,0,76,0,0,38,2,40,5,46,63,2,116,0,0,0,116
10/03/2011,SGF,MO,ACE,CE,Combined TRACON& Tower with Radar,10,58,34,4,106,0,0,19,9,28,10,58,53,13,134,0,0,0,134
10/04/2011,SGF,MO,ACE,CE,Combined TRACON& Tower with Radar,6,58,48,4,116,0,3,30,3,36,6,61,78,7,152,0,0,0,152
10/05/2011,SGF,MO,ACE,CE,Combined TRACON& Tower with Radar,6,54,43,4,107,0,1,30,7,38,6,55,73,11,145,10,0,10,155
10/06/2011,SGF,MO,ACE,CE,Combined TRACON& Tower with Radar,12,56,41,4,113,0,0,27,3,30,12,56,68,7,143,6,0,6,149
10/07/2011,SGF,MO,ACE,CE,Combined TRACON& Tower with Radar,11,55,23,5,94,0,1,20,7,28,11,56,43,12,122,38,0,38,160
10/08/2011,SGF,MO,ACE,CE,Combined TRACON& Tower with Radar,6,36,16,0,58,0,0,31,0,31,6,36,47,0,89,0,0,0,89
10/09/2011,SGF,MO,ACE,CE,Combined TRACON& Tower with Radar,6,45,21,0,72,0,0,20,0,20,6,45,41,0,92,14,0,14,106
10/10/2011,SGF,MO,ACE,CE,Combined TRACON& Tower with Radar,9,45,26,2,82,0,0,1,0,1,9,45,27,2,83,18,0,18,101
10/11/2011,SGF,MO,ACE,CE,Combined TRACON& Tower with Radar,8,46,45,4,103,0,1,9,2,12,8,47,54,6,115,0,0,0,115
10/12/2011,SGF,MO,ACE,CE,Combined TRACON& Tower with Radar,10,49,48,4,111,0,0,8,5,13,10,49,56,9,124,0,0,0,124
10/13/2011,SGF,MO,ACE,CE,Combined TRACON& Tower with Radar,12,55,39,4,110,0,0,23,4,27,12,55,62,8,137,24,12,36,173
10/14/2011,SGF,MO,ACE,CE,Combined TRACON& Tower with Radar,14,51,43,6,114,0,2,24,3,29,14,53,67,9,143,10,0,10,153
10/15/2011,SGF,MO,ACE,CE,Combined TRACON& Tower with Radar,5,38,20,0,63,0,1,26,0,27,5,39,46,0,90,18,0,18,108
10/16/2011,SGF,MO,ACE,CE,Combined TRACON& Tower with Radar,7,43,14,1,65,0,0,22,3,25,7,43,36,4,90,28,0,28,118
10/17/2011,SGF,MO,ACE,CE,Combined TRACON& Tower with Radar,9,52,28,2,91,0,2,22,7,31,9,54,50,9,122,18,4,22,144
10/18/2011,SGF,MO,ACE,CE,Combined TRACON& Tower with Radar,6,55,48,8,117,0,2,5,4,11,6,57,53,12,128,0,0,0,128
10/19/2011,SGF,MO,ACE,CE,Combined TRACON& Tower with Radar,4,52,36,3,95,0,1,12,2,15,4,53,48,5,110,0,0,0,110
10/20/2011,SGF,MO,ACE,CE,Combined TRACON& Tower with Radar,12,62,31,1,106,0,4,29,5,38,12,66,60,6,144,16,0,16,160
10/21/2011,SGF,MO,ACE,CE,Combined TRACON& Tower with Radar,14,58,26,0,98,0,2,23,7,32,14,60,49,7,130,22,0,22,152
10/22/2011,SGF,MO,ACE,CE,Combined TRACON& Tower with Radar,4,34,11,0,49,0,4,29,0,33,4,38,40,0,82,14,0,14,96
10/23/2011,SGF,MO,ACE,CE,Combined TRACON& Tower with Radar,6,47,18,0,71,0,0,20,0,20,6,47,38,0,91,24,0,24,115
10/24/2011,SGF,MO,ACE,CE,Combined TRACON& Tower with Radar,9,60,32,5,106,0,0,29,6,35,9,60,61,11,141,0,0,0,141
10/25/2011,SGF,MO,ACE,CE,Combined TRACON& Tower with Radar,4,53,34,5,96,0,0,11,8,19,4,53,45,13,115,0,0,0,115
10/26/2011,SGF,MO,ACE,CE,Combined TRACON& Tower with Radar,8,52,43,0,103,0,0,3,4,7,8,52,46,4,110,0,0,0,110
10/27/2011,SGF,MO,ACE,CE,Combined TRACON& Tower with Radar,12,59,50,0,121,0,0,16,4,20,12,59,66,4,141,0,0,0,141
10/28/2011,SGF,MO,ACE,CE,Combined TRACON& Tower with Radar,13,53,42,3,111,0,1,39,3,43,13,54,81,6,154,14,0,14,168
10/29/2011,SGF,MO,ACE,CE,Combined TRACON& Tower with Radar,4,43,31,0,78,0,3,24,0,27,4,46,55,0,105,28,0,28,133
10/30/2011,SGF,MO,ACE,CE,Combined TRACON& Tower with Radar,6,41,21,0,68,0,0,19,0,19,6,41,40,0,87,20,0,20,107
10/31/2011,SGF,MO,ACE,CE,Combined TRACON& Tower with Radar,9,50,18,7,84,0,0,27,9,36,9,50,45,16,120,10,0,10,130
11/01/2011,SGF,MO,ACE,CE,Combined TRACON& Tower with Radar,6,58,30,4,98,0,0,23,2,25,6,58,53,6,123,0,0,0,123
11/02/2011,SGF,MO,ACE,CE,Combined TRACON& Tower with Radar,6,51,37,9,103,0,0,3,4,7,6,51,40,13,110,0,0,0,110
11/03/2011,SGF,MO,ACE,CE,Combined TRACON& Tower with Radar,12,49,41,4,106,0,0,3,2,5,12,49,44,6,111,12,0,12,123
11/04/2011,SGF,MO,ACE,CE,Combined TRACON& Tower with Radar,13,50,41,7,111,0,0,21,5,26,13,50,62,12,137,38,14,52,189
11/05/2011,SGF,MO,ACE,CE,Combined TRACON& Tower with Radar,6,33,21,2,62,0,0,13,2,15,6,33,34,4,77,0,0,0,77
11/06/2011,SGF,MO,ACE,CE,Combined TRACON& Tower with Radar,6,46,29,0,81,0,0,6,0,6,6,46,35,0,87,0,0,0,87
11/07/2011,SGF,MO,ACE,CE,Combined TRACON& Tower with Radar,10,57,29,0,96,0,0,1,7,8,10,57,30,7,104,20,0,20,124
11/08/2011,SGF,MO,ACE,CE,Combined TRACON& Tower with Radar,9,52,20,0,81,0,1,0,0,1,9,53,20,0,82,0,0,0,82
11/09/2011,SGF,MO,ACE,CE,Combined TRACON& Tower with Radar,4,58,39,5,106,0,1,18,4,23,4,59,57,9,129,16,4,20,149
11/10/2011,SGF,MO,ACE,CE,Combined TRACON& Tower with Radar,11,58,32,0,101,0,3,24,7,34,11,61,56,7,135,24,4,28,163
11/11/2011,SGF,MO,ACE,CE,Combined TRACON& Tower with Radar,13,54,35,1,103,0,5,16,5,26,13,59,51,6,129,0,0,0,129
11/12/2011,SGF,MO,ACE,CE,Combined TRACON& Tower with Radar,4,38,16,0,58,0,0,15,0,15,4,38,31,0,73,7,0,7,80
11/13/2011,SGF,MO,ACE,CE,Combined TRACON& Tower with Radar,6,48,18,0,72,0,4,6,2,12,6,52,24,2,84,0,0,0,84
11/14/2011,SGF,MO,ACE,CE,Combined TRACON& Tower with Radar,9,57,29,4,99,0,0,5,4,9,9,57,34,8,108,0,0,0,108
11/15/2011,SGF,MO,ACE,CE,Combined TRACON& Tower with Radar,10,55,51,5,121,0,0,5,4,9,10,55,56,9,130,10,0,10,140
11/16/2011,SGF,MO,ACE,CE,Combined TRACON& Tower with Radar,6,60,35,4,105,0,0,13,11,24,6,60,48,15,129,0,0,0,129
11/17/2011,SGF,MO,ACE,CE,Combined TRACON& Tower with Radar,12,56,32,9,109,0,0,18,4,22,12,56,50,13,131,16,0,16,147
11/18/2011,SGF,MO,ACE,CE,Combined TRACON& Tower with Radar,11,53,29,0,93,0,0,22,4,26,11,53,51,4,119,6,0,6,125
11/19/2011,SGF,MO,ACE,CE,Combined TRACON& Tower with Radar,8,33,7,0,48,0,2,3,0,5,8,35,10,0,53,10,0,10,63
11/20/2011,SGF,MO,ACE,CE,Combined TRACON& Tower with Radar,6,47,12,0,65,0,0,0,0,0,6,47,12,0,65,0,0,0,65
11/21/2011,SGF,MO,ACE,CE,Combined TRACON& Tower with Radar,7,47,44,0,98,0,0,0,0,0,7,47,44,0,98,0,0,0,98
11/22/2011,SGF,MO,ACE,CE,Combined TRACON& Tower with Radar,8,54,29,2,93,0,0,1,0,1,8,54,30,2,94,0,0,0,94
11/23/2011,SGF,MO,ACE,CE,Combined TRACON& Tower with Radar,14,60,29,0,103,0,0,16,0,16,14,60,45,0,119,8,22,30,149
11/24/2011,SGF,MO,ACE,CE,Combined TRACON& Tower with Radar,4,40,2,0,46,0,0,11,0,11,4,40,13,0,57,8,0,8,65
11/25/2011,SGF,MO,ACE,CE,Combined TRACON& Tower with Radar,8,37,17,4,66,0,0,12,2,14,8,37,29,6,80,0,0,0,80
11/26/2011,SGF,MO,ACE,CE,Combined TRACON& Tower with Radar,7,36,8,0,51,0,0,0,0,0,7,36,8,0,51,0,0,0,51
11/27/2011,SGF,MO,ACE,CE,Combined TRACON& Tower with Radar,6,45,18,0,69,0,0,5,0,5,6,45,23,0,74,10,0,10,84
11/28/2011,SGF,MO,ACE,CE,Combined TRACON& Tower with Radar,10,61,38,2,111,0,0,10,2,12,10,61,48,4,123,0,0,0,123
11/29/2011,SGF,MO,ACE,CE,Combined TRACON& Tower with Radar,9,53,37,3,102,0,2,16,8,26,9,55,53,11,128,0,0,0,128
11/30/2011,SGF,MO,ACE,CE,Combined TRACON& Tower with Radar,6,55,47,5,113,0,8,36,9,53,6,63,83,14,166,0,0,0,166
12/01/2011,SGF,MO,ACE,CE,Combined TRACON& Tower with Radar,12,49,32,6,99,0,1,32,6,39,12,50,64,12,138,4,0,4,142
12/02/2011,SGF,MO,ACE,CE,Combined TRACON& Tower with Radar,9,56,16,6,87,0,0,10,10,20,9,56,26,16,107,0,0,0,107
12/03/2011,SGF,MO,ACE,CE,Combined TRACON& Tower with Radar,4,35,14,3,56,0,0,3,2,5,4,35,17,5,61,0,0,0,61
12/04/2011,SGF,MO,ACE,CE,Combined TRACON& Tower with Radar,6,46,18,2,72,0,0,3,3,6,6,46,21,5,78,0,0,0,78
12/05/2011,SGF,MO,ACE,CE,Combined TRACON& Tower with Radar,7,51,30,0,88,0,1,0,0,1,7,52,30,0,89,0,0,0,89
12/06/2011,SGF,MO,ACE,CE,Combined TRACON& Tower with Radar,6,49,33,6,94,0,1,6,1,8,6,50,39,7,102,0,0,0,102
12/07/2011,SGF,MO,ACE,CE,Combined TRACON& Tower with Radar,6,49,36,6,97,0,0,11,5,16,6,49,47,11,113,28,0,28,141
12/08/2011,SGF,MO,ACE,CE,Combined TRACON& Tower with Radar,12,62,27,3,104,0,2,34,5,41,12,64,61,8,145,6,0,6,151
12/09/2011,SGF,MO,ACE,CE,Combined TRACON& Tower with Radar,13,56,24,20,113,0,0,3,11,14,13,56,27,31,127,0,0,0,127
12/10/2011,SGF,MO,ACE,CE,Combined TRACON& Tower with Radar,6,31,30,2,69,0,1,39,7,47,6,32,69,9,116,26,0,26,142
12/11/2011,SGF,MO,ACE,CE,Combined TRACON& Tower with Radar,6,48,23,3,80,0,0,28,4,32,6,48,51,7,112,16,6,22,134
12/12/2011,SGF,MO,ACE,CE,Combined TRACON& Tower with Radar,7,58,36,2,103,0,0,6,6,12,7,58,42,8,115,0,0,0,115
12/13/2011,SGF,MO,ACE,CE,Combined TRACON& Tower with Radar,10,60,18,3,91,0,2,7,4,13,10,62,25,7,104,0,0,0,104
12/14/2011,SGF,MO,ACE,CE,Combined TRACON& Tower with Radar,8,47,25,2,82,0,0,3,2,5,8,47,28,4,87,0,0,0,87
12/15/2011,SGF,MO,ACE,CE,Combined TRACON& Tower with Radar,12,58,42,14,126,0,0,23,15,38,12,58,65,29,164,0,0,0,164
12/16/2011,SGF,MO,ACE,CE,Combined TRACON& Tower with Radar,11,58,29,0,98,0,0,25,3,28,11,58,54,3,126,0,0,0,126
12/17/2011,SGF,MO,ACE,CE,Combined TRACON& Tower with Radar,5,36,8,0,49,0,0,42,0,42,5,36,50,0,91,0,0,0,91
12/18/2011,SGF,MO,ACE,CE,Combined TRACON& Tower with Radar,6,41,20,0,67,0,0,24,0,24,6,41,44,0,91,0,0,0,91
12/19/2011,SGF,MO,ACE,CE,Combined TRACON& Tower with Radar,8,53,34,2,97,0,0,0,0,0,8,53,34,2,97,0,0,0,97
12/20/2011,SGF,MO,ACE,CE,Combined TRACON& Tower with Radar,9,51,45,5,110,0,0,0,3,3,9,51,45,8,113,0,0,0,113
12/21/2011,SGF,MO,ACE,CE,Combined TRACON& Tower with Radar,8,52,59,11,130,0,0,13,0,13,8,52,72,11,143,0,0,0,143
12/22/2011,SGF,MO,ACE,CE,Combined TRACON& Tower with Radar,12,54,27,7,100,0,0,7,3,10,12,54,34,10,110,2,38,40,150
12/23/2011,SGF,MO,ACE,CE,Combined TRACON& Tower with Radar,11,48,23,4,86,0,0,10,10,20,11,48,33,14,106,0,0,0,106
12/24/2011,SGF,MO,ACE,CE,Combined TRACON& Tower with Radar,8,27,5,0,40,0,0,19,0,19,8,27,24,0,59,36,2,38,97
12/25/2011,SGF,MO,ACE,CE,Combined TRACON& Tower with Radar,4,34,14,0,52,0,0,6,0,6,4,34,20,0,58,0,0,0,58
12/26/2011,SGF,MO,ACE,CE,Combined TRACON& Tower with Radar,4,44,25,0,73,0,2,2,0,4,4,46,27,0,77,0,0,0,77
12/27/2011,SGF,MO,ACE,CE,Combined TRACON& Tower with Radar,11,50,23,0,84,0,2,20,6,28,11,52,43,6,112,0,0,0,112
12/28/2011,SGF,MO,ACE,CE,Combined TRACON& Tower with Radar,8,59,27,4,98,0,2,18,4,24,8,61,45,8,122,12,0,12,134
12/29/2011,SGF,MO,ACE,CE,Combined TRACON& Tower with Radar,9,53,24,14,100,0,0,20,10,30,9,53,44,24,130,8,30,38,168
12/30/2011,SGF,MO,ACE,CE,Combined TRACON& Tower with Radar,13,50,20,22,105,0,3,23,2,28,13,53,43,24,133,26,8,34,167
12/31/2011,SGF,MO,ACE,CE,Combined TRACON& Tower with Radar,4,28,13,0,45,0,0,9,0,9,4,28,22,0,54,10,0,10,64
01/01/2012,SGF,MO,ACE,CE,Combined TRACON& Tower with Radar,4,39,10,0,53,0,1,1,0,2,4,40,11,0,55,0,0,0,55
01/02/2012,SGF,MO,ACE,CE,Combined TRACON& Tower with Radar,6,43,10,0,59,0,0,8,0,8,6,43,18,0,67,10,0,10,77
01/03/2012,SGF,MO,ACE,CE,Combined TRACON& Tower with Radar,9,43,26,2,80,0,1,10,6,17,9,44,36,8,97,0,0,0,97
01/04/2012,SGF,MO,ACE,CE,Combined TRACON& Tower with Radar,6,52,21,4,83,0,2,8,12,22,6,54,29,16,105,0,0,0,105
01/05/2012,SGF,MO,ACE,CE,Combined TRACON& Tower with Radar,12,55,16,1,84,0,4,19,3,26,12,59,35,4,110,16,0,16,126
01/06/2012,SGF,MO,ACE,CE,Combined TRACON& Tower with Radar,11,56,26,7,100,0,1,16,13,30,11,57,42,20,130,0,0,0,130
01/07/2012,SGF,MO,ACE,CE,Combined TRACON& Tower with Radar,4,29,17,2,52,0,2,24,8,34,4,31,41,10,86,10,0,10,96
01/08/2012,SGF,MO,ACE,CE,Combined TRACON& Tower with Radar,6,42,18,2,68,0,3,22,2,27,6,45,40,4,95,0,0,0,95
01/09/2012,SGF,MO,ACE,CE,Combined TRACON& Tower with Radar,7,51,30,18,106,0,1,14,3,18,7,52,44,21,124,10,18,28,152
01/10/2012,SGF,MO,ACE,CE,Combined TRACON& Tower with Radar,6,42,32,2,82,0,1,10,9,20,6,43,42,11,102,0,0,0,102
01/11/2012,SGF,MO,ACE,CE,Combined TRACON& Tower with Radar,6,58,34,8,106,0,2,26,7,35,6,60,60,15,141,26,0,26,167
01/12/2012,SGF,MO,ACE,CE,Combined TRACON& Tower with Radar,12,50,26,2,90,0,2,5,0,7,12,52,31,2,97,0,0,0,97
01/13/2012,SGF,MO,ACE,CE,Combined TRACON& Tower with Radar,10,57,15,4,86,0,3,15,8,26,10,60,30,12,112,0,0,0,112
01/14/2012,SGF,MO,ACE,CE,Combined TRACON& Tower with Radar,4,30,3,0,37,0,2,9,1,12,4,32,12,1,49,0,0,0,49
01/15/2012,SGF,MO,ACE,CE,Combined TRACON& Tower with Radar,6,41,12,0,59,0,0,6,0,6,6,41,18,0,65,0,0,0,65
01/16/2012,SGF,MO,ACE,CE,Combined TRACON& Tower with Radar,9,46,18,0,73,0,2,2,0,4,9,48,20,0,77,0,0,0,77
01/17/2012,SGF,MO,ACE,CE,Combined TRACON& Tower with Radar,6,46,36,6,94,0,4,15,6,25,6,50,51,12,119,0,0,0,119
01/18/2012,SGF,MO,ACE,CE,Combined TRACON& Tower with Radar,6,59,39,1,105,0,6,28,8,42,6,65,67,9,147,8,0,8,155
01/19/2012,SGF,MO,ACE,CE,Combined TRACON& Tower with Radar,10,29,15,4,58,0,0,1,0,1,10,29,16,4,59,0,0,0,59
01/20/2012,SGF,MO,ACE,CE,Combined TRACON& Tower with Radar,7,47,31,0,85,0,0,2,0,2,7,47,33,0,87,0,0,0,87
01/21/2012,SGF,MO,ACE,CE,Combined TRACON& Tower with Radar,5,31,18,0,54,0,4,10,2,16,5,35,28,2,70,14,0,14,84
01/22/2012,SGF,MO,ACE,CE,Combined TRACON& Tower with Radar,6,33,16,0,55,0,1,2,0,3,6,34,18,0,58,0,0,0,58
01/23/2012,SGF,MO,ACE,CE,Combined TRACON& Tower with Radar,7,52,47,35,141,0,2,12,6,20,7,54,59,41,161,0,0,0,161
01/24/2012,SGF,MO,ACE,CE,Combined TRACON& Tower with Radar,6,45,31,9,91,0,3,18,7,28,6,48,49,16,119,0,0,0,119
01/25/2012,SGF,MO,ACE,CE,Combined TRACON& Tower with Radar,6,59,26,0,91,0,0,0,0,0,6,59,26,0,91,0,0,0,91
01/26/2012,SGF,MO,ACE,CE,Combined TRACON& Tower with Radar,12,60,31,2,105,0,2,9,0,11,12,62,40,2,116,0,0,0,116
01/27/2012,SGF,MO,ACE,CE,Combined TRACON& Tower with Radar,11,54,31,28,124,0,0,20,3,23,11,54,51,31,147,16,26,42,189
01/28/2012,SGF,MO,ACE,CE,Combined TRACON& Tower with Radar,7,31,26,0,64,0,2,31,1,34,7,33,57,1,98,28,0,28,126
01/29/2012,SGF,MO,ACE,CE,Combined TRACON& Tower with Radar,6,45,15,0,66,0,0,17,1,18,6,45,32,1,84,0,0,0,84
01/30/2012,SGF,MO,ACE,CE,Combined TRACON& Tower with Radar,7,51,26,0,84,0,0,21,7,28,7,51,47,7,112,38,0,38,150
01/31/2012,SGF,MO,ACE,CE,Combined TRACON& Tower with Radar,8,49,46,10,113,0,1,12,9,22,8,50,58,19,135,0,0,0,135
02/01/2012,SGF,MO,ACE,CE,Combined TRACON& Tower with Radar,8,53,60,8,129,0,5,19,6,30,8,58,79,14,159,0,0,0,159
02/02/2012,SGF,MO,ACE,CE,Combined TRACON& Tower with Radar,12,53,43,13,121,0,4,22,8,34,12,57,65,21,155,22,0,22,177
02/03/2012,SGF,MO,ACE,CE,Combined TRACON& Tower with Radar,11,55,22,0,88,0,1,2,0,3,11,56,24,0,91,0,0,0,91
02/04/2012,SGF,MO,ACE,CE,Combined TRACON& Tower with Radar,4,31,18,0,53,0,0,4,0,4,4,31,22,0,57,0,0,0,57
02/05/2012,SGF,MO,ACE,CE,Combined TRACON& Tower with Radar,7,45,9,0,61,0,0,9,0,9,7,45,18,0,70,0,0,0,70
02/06/2012,SGF,MO,ACE,CE,Combined TRACON& Tower with Radar,7,49,42,21,119,0,1,24,6,31,7,50,66,27,150,12,0,12,162
02/07/2012,SGF,MO,ACE,CE,Combined TRACON& Tower with Radar,6,47,27,12,92,0,1,8,6,15,6,48,35,18,107,0,0,0,107
02/08/2012,SGF,MO,ACE,CE,Combined TRACON& Tower with Radar,6,54,36,1,97,0,0,4,3,7,6,54,40,4,104,10,0,10,114
02/09/2012,SGF,MO,ACE,CE,Combined TRACON& Tower with Radar,12,53,28,4,97,0,0,20,3,23,12,53,48,7,120,10,0,10,130
02/10/2012,SGF,MO,ACE,CE,Combined TRACON& Tower with Radar,9,45,22,0,76,0,0,1,0,1,9,45,23,0,77,0,0,0,77
02/11/2012,SGF,MO,ACE,CE,Combined TRACON& Tower with Radar,4,30,8,0,42,0,2,19,2,23,4,32,27,2,65,6,0,6,71
02/12/2012,SGF,MO,ACE,CE,Combined TRACON& Tower with Radar,6,43,15,0,64,0,3,28,0,31,6,46,43,0,95,0,0,0,95
02/13/2012,SGF,MO,ACE,CE,Combined TRACON& Tower with Radar,7,51,10,0,68,0,0,0,0,0,7,51,10,0,68,0,0,0,68
02/14/2012,SGF,MO,ACE,CE,Combined TRACON& Tower with Radar,6,52,23,15,96,0,1,7,9,17,6,53,30,24,113,0,0,0,113
02/15/2012,SGF,MO,ACE,CE,Combined TRACON& Tower with Radar,6,48,21,1,76,0,0,1,0,1,6,48,22,1,77,0,0,0,77
02/16/2012,SGF,MO,ACE,CE,Combined TRACON& Tower with Radar,12,57,31,7,107,0,0,9,10,19,12,57,40,17,126,6,0,6,132
02/17/2012,SGF,MO,ACE,CE,Combined TRACON& Tower with Radar,11,55,48,3,117,0,3,35,3,41,11,58,83,6,158,18,6,24,182
02/18/2012,SGF,MO,ACE,CE,Combined TRACON& Tower with Radar,4,31,17,0,52,0,0,13,0,13,4,31,30,0,65,100,0,100,165
02/19/2012,SGF,MO,ACE,CE,Combined TRACON& Tower with Radar,8,43,25,0,76,0,4,30,0,34,8,47,55,0,110,28,0,28,138
02/20/2012,SGF,MO,ACE,CE,Combined TRACON& Tower with Radar,7,48,21,0,76,0,0,13,0,13,7,48,34,0,89,0,0,0,89
02/21/2012,SGF,MO,ACE,CE,Combined TRACON& Tower with Radar,6,61,32,3,102,0,0,17,7,24,6,61,49,10,126,0,0,0,126
02/22/2012,SGF,MO,ACE,CE,Combined TRACON& Tower with Radar,6,57,36,1,100,0,4,29,10,43,6,61,65,11,143,42,0,42,185
02/23/2012,SGF,MO,ACE,CE,Combined TRACON& Tower with Radar,14,50,29,1,94,0,5,23,7,35,14,55,52,8,129,10,2,12,141
02/24/2012,SGF,MO,ACE,CE,Combined TRACON& Tower with Radar,11,46,28,3,88,0,3,19,4,26,11,49,47,7,114,0,0,0,114
02/25/2012,SGF,MO,ACE,CE,Combined TRACON& Tower with Radar,4,32,10,0,46,0,4,27,2,33,4,36,37,2,79,102,0,102,181
02/26/2012,SGF,MO,ACE,CE,Combined TRACON& Tower with Radar,6,43,14,0,63,0,0,29,0,29,6,43,43,0,92,10,0,10,102
02/27/2012,SGF,MO,ACE,CE,Combined TRACON& Tower with Radar,7,56,22,4,89,0,1,18,6,25,7,57,40,10,114,48,0,48,162
02/28/2012,SGF,MO,ACE,CE,Combined TRACON& Tower with Radar,6,49,26,14,95,0,1,17,10,28,6,50,43,24,123,10,24,34,157
02/29/2012,SGF,MO,ACE,CE,Combined TRACON& Tower with Radar,6,49,46,4,105,0,2,13,14,29,6,51,59,18,134,0,0,0,134
03/01/2012,SGF,MO,ACE,CE,Combined TRACON& Tower with Radar,14,56,38,4,112,0,2,14,4,20,14,58,52,8,132,26,8,34,166
03/02/2012,SGF,MO,ACE,CE,Combined TRACON& Tower with Radar,11,56,27,4,98,0,2,7,2,11,11,58,34,6,109,8,0,8,117
03/03/2012,SGF,MO,ACE,CE,Combined TRACON& Tower with Radar,4,33,13,11,61,0,4,13,2,19,4,37,26,13,80,34,12,46,126
03/04/2012,SGF,MO,ACE,CE,Combined TRACON& Tower with Radar,6,43,19,0,68,0,1,5,0,6,6,44,24,0,74,26,0,26,100
03/05/2012,SGF,MO,ACE,CE,Combined TRACON& Tower with Radar,9,55,28,1,93,0,1,14,8,23,9,56,42,9,116,42,0,42,158
03/06/2012,SGF,MO,ACE,CE,Combined TRACON& Tower with Radar,6,47,29,2,84,0,3,8,2,13,6,50,37,4,97,0,0,0,97
03/07/2012,SGF,MO,ACE,CE,Combined TRACON& Tower with Radar,8,53,35,0,96,0,3,0,9,12,8,56,35,9,108,0,0,0,108
03/08/2012,SGF,MO,ACE,CE,Combined TRACON& Tower with Radar,14,46,17,2,79,0,2,2,0,4,14,48,19,2,83,0,0,0,83
03/09/2012,SGF,MO,ACE,CE,Combined TRACON& Tower with Radar,12,47,21,13,93,0,4,23,4,31,12,51,44,17,124,40,30,70,194
03/10/2012,SGF,MO,ACE,CE,Combined TRACON& Tower with Radar,6,34,26,0,66,0,0,33,0,33,6,34,59,0,99,30,0,30,129
03/11/2012,SGF,MO,ACE,CE,Combined TRACON& Tower with Radar,7,46,15,0,68,0,0,0,0,0,7,46,15,0,68,0,0,0,68
03/12/2012,SGF,MO,ACE,CE,Combined TRACON& Tower with Radar,11,49,21,2,83,0,0,18,6,24,11,49,39,8,107,0,0,0,107
03/13/2012,SGF,MO,ACE,CE,Combined TRACON& Tower with Radar,8,56,31,28,123,0,0,34,8,42,8,56,65,36,165,10,0,10,175
03/14/2012,SGF,MO,ACE,CE,Combined TRACON& Tower with Radar,8,43,20,29,100,0,2,12,6,20,8,45,32,35,120,4,30,34,154
03/15/2012,SGF,MO,ACE,CE,Combined TRACON& Tower with Radar,14,54,28,33,129,0,5,7,5,17,14,59,35,38,146,0,77,77,223
03/16/2012,SGF,MO,ACE,CE,Combined TRACON& Tower with Radar,11,53,48,5,117,0,0,18,1,19,11,53,66,6,136,22,18,40,176
03/17/2012,SGF,MO,ACE,CE,Combined TRACON& Tower with Radar,14,37,29,0,80,0,1,23,2,26,14,38,52,2,106,14,0,14,120
03/18/2012,SGF,MO,ACE,CE,Combined TRACON& Tower with Radar,8,46,25,2,81,0,2,7,0,9,8,48,32,2,90,0,0,0,90
03/19/2012,SGF,MO,ACE,CE,Combined TRACON& Tower with Radar,7,46,26,10,89,0,0,2,3,5,7,46,28,13,94,12,0,12,106
03/20/2012,SGF,MO,ACE,CE,Combined TRACON& Tower with Radar,12,51,14,2,79,0,1,5,0,6,12,52,19,2,85,0,0,0,85
03/21/2012,SGF,MO,ACE,CE,Combined TRACON& Tower with Radar,10,46,22,19,97,0,0,0,0,0,10,46,22,19,97,0,10,10,107
03/22/2012,SGF,MO,ACE,CE,Combined TRACON& Tower with Radar,14,52,32,4,102,0,0,6,4,10,14,52,38,8,112,0,0,0,112
03/23/2012,SGF,MO,ACE,CE,Combined TRACON& Tower with Radar,11,47,54,4,116,0,0,2,0,2,11,47,56,4,118,0,0,0,118
03/24/2012,SGF,MO,ACE,CE,Combined TRACON& Tower with Radar,8,34,32,1,75,0,3,41,0,44,8,37,73,1,119,34,0,34,153
03/25/2012,SGF,MO,ACE,CE,Combined TRACON& Tower with Radar,8,49,24,0,81,0,0,37,0,37,8,49,61,0,118,28,0,28,146
03/26/2012,SGF,MO,ACE,CE,Combined TRACON& Tower with Radar,7,67,38,4,116,0,0,35,6,41,7,67,73,10,157,10,0,10,167
03/27/2012,SGF,MO,ACE,CE,Combined TRACON& Tower with Radar,10,57,31,12,110,0,6,18,0,24,10,63,49,12,134,16,0,16,150
03/28/2012,SGF,MO,ACE,CE,Combined TRACON& Tower with Radar,6,56,25,4,91,0,1,14,10,25,6,57,39,14,116,16,0,16,132
03/29/2012,SGF,MO,ACE,CE,Combined TRACON& Tower with Radar,12,57,37,4,110,0,0,17,0,17,12,57,54,4,127,0,0,0,127
03/30/2012,SGF,MO,ACE,CE,Combined TRACON& Tower with Radar,11,50,30,0,91,0,2,12,0,14,11,52,42,0,105,0,0,0,105
03/31/2012,SGF,MO,ACE,CE,Combined TRACON& Tower with Radar,4,34,29,12,79,0,0,25,0,25,4,34,54,12,104,24,0,24,128
04/01/2012,SGF,MO,ACE,CE,Combined TRACON& Tower with Radar,6,37,16,4,63,0,2,22,0,24,6,39,38,4,87,0,0,0,87
04/02/2012,SGF,MO,ACE,CE,Combined TRACON& Tower with Radar,9,50,20,26,105,0,1,12,2,15,9,51,32,28,120,0,0,0,120
04/03/2012,SGF,MO,ACE,CE,Combined TRACON& Tower with Radar,4,51,32,2,89,0,4,6,4,14,4,55,38,6,103,0,0,0,103
04/04/2012,SGF,MO,ACE,CE,Combined TRACON& Tower with Radar,6,61,32,18,117,0,2,7,3,12,6,63,39,21,129,18,0,18,147
04/05/2012,SGF,MO,ACE,CE,Combined TRACON& Tower with Radar,12,52,54,3,121,0,0,3,1,4,12,52,57,4,125,0,0,0,125
04/06/2012,SGF,MO,ACE,CE,Combined TRACON& Tower with Radar,11,54,24,3,92,0,0,51,3,54,11,54,75,6,146,16,0,16,162
04/07/2012,SGF,MO,ACE,CE,Combined TRACON& Tower with Radar,4,29,6,0,39,0,0,9,0,9,4,29,15,0,48,4,0,4,52
04/08/2012,SGF,MO,ACE,CE,Combined TRACON& Tower with Radar,6,38,14,0,58,0,2,26,0,28,6,40,40,0,86,0,0,0,86
04/09/2012,SGF,MO,ACE,CE,Combined TRACON& Tower with Radar,7,55,26,1,89,0,4,30,2,36,7,59,56,3,125,72,0,72,197
04/10/2012,SGF,MO,ACE,CE,Combined TRACON& Tower with Radar,6,48,44,7,105,0,1,15,14,30,6,49,59,21,135,0,0,0,135
04/11/2012,SGF,MO,ACE,CE,Combined TRACON& Tower with Radar,6,53,38,7,104,0,3,12,7,22,6,56,50,14,126,40,8,48,174
04/12/2012,SGF,MO,ACE,CE,Combined TRACON& Tower with Radar,12,48,39,5,104,0,1,4,4,9,12,49,43,9,113,0,0,0,113
04/13/2012,SGF,MO,ACE,CE,Combined TRACON& Tower with Radar,13,55,30,1,99,0,0,4,3,7,13,55,34,4,106,0,0,0,106
04/14/2012,SGF,MO,ACE,CE,Combined TRACON& Tower with Radar,4,29,14,1,48,0,0,5,1,6,4,29,19,2,54,0,0,0,54
04/15/2012,SGF,MO,ACE,CE,Combined TRACON& Tower with Radar,6,39,6,0,51,0,0,0,0,0,6,39,6,0,51,0,0,0,51
04/16/2012,SGF,MO,ACE,CE,Combined TRACON& Tower with Radar,7,51,41,40,139,0,0,28,13,41,7,51,69,53,180,42,34,76,256
04/17/2012,SGF,MO,ACE,CE,Combined TRACON& Tower with Radar,10,45,40,4,99,0,0,46,4,50,10,45,86,8,149,4,10,14,163
04/18/2012,SGF,MO,ACE,CE,Combined TRACON& Tower with Radar,6,59,36,1,102,0,2,21,7,30,6,61,57,8,132,0,0,0,132
04/19/2012,SGF,MO,ACE,CE,Combined TRACON& Tower with Radar,11,46,49,6,112,0,1,29,8,38,11,47,78,14,150,12,0,12,162
04/20/2012,SGF,MO,ACE,CE,Combined TRACON& Tower with Radar,13,50,36,0,99,0,2,1,0,3,13,52,37,0,102,0,0,0,102
04/21/2012,SGF,MO,ACE,CE,Combined TRACON& Tower with Radar,4,32,24,0,60,0,3,27,0,30,4,35,51,0,90,12,0,12,102
04/22/2012,SGF,MO,ACE,CE,Combined TRACON& Tower with Radar,6,44,26,0,76,0,0,9,0,9,6,44,35,0,85,0,0,0,85
04/23/2012,SGF,MO,ACE,CE,Combined TRACON& Tower with Radar,8,46,29,29,112,0,0,14,7,21,8,46,43,36,133,12,18,30,163
04/24/2012,SGF,MO,ACE,CE,Combined TRACON& Tower with Radar,6,48,28,38,120,0,1,11,6,18,6,49,39,44,138,16,32,48,186
04/25/2012,SGF,MO,ACE,CE,Combined TRACON& Tower with Radar,6,55,30,3,94,0,2,26,11,39,6,57,56,14,133,46,8,54,187
04/26/2012,SGF,MO,ACE,CE,Combined TRACON& Tower with Radar,12,55,29,4,100,0,3,19,9,31,12,58,48,13,131,10,18,28,159
04/27/2012,SGF,MO,ACE,CE,Combined TRACON& Tower with Radar,11,51,37,0,99,0,2,8,2,12,11,53,45,2,111,0,0,0,111
04/28/2012,SGF,MO,ACE,CE,Combined TRACON& Tower with Radar,4,31,24,0,59,0,0,22,0,22,4,31,46,0,81,32,0,32,113
04/29/2012,SGF,MO,ACE,CE,Combined TRACON& Tower with Radar,6,41,32,0,79,0,0,12,0,12,6,41,44,0,91,28,0,28,119
04/30/2012,SGF,MO,ACE,CE,Combined TRACON& Tower with Radar,7,47,20,2,76,0,2,8,0,10,7,49,28,2,86,0,0,0,86
05/01/2012,SGF,MO,ACE,CE,Combined TRACON& Tower with Radar,9,39,17,4,69,0,3,23,1,27,9,42,40,5,96,12,0,12,108
05/02/2012,SGF,MO,ACE,CE,Combined TRACON& Tower with Radar,9,50,20,26,105,0,1,12,2,15,9,51,32,28,120,16,0,16,136
05/03/2012,SGF,MO,ACE,CE,Combined TRACON& Tower with Radar,4,51,32,2,89,0,4,6,4,14,4,55,38,6,103,32,12,44,147
05/04/2012,SGF,MO,ACE,CE,Combined TRACON& Tower with Radar,8,53,26,6,93,0,3,8,3,14,8,56,34,9,107,20,12,32,139
05/05/2012,SGF,MO,ACE,CE,Combined TRACON& Tower with Radar,4,37,10,0,51,0,2,19,2,23,4,39,29,2,74,0,0,0,74
05/06/2012,SGF,MO,ACE,CE,Combined TRACON& Tower with Radar,6,43,13,0,62,0,0,10,0,10,6,43,23,0,72,8,0,8,80
05/07/2012,SGF,MO,ACE,CE,Combined TRACON& Tower with Radar,7,46,37,4,94,0,0,3,1,4,7,46,40,5,98,0,0,0,98
05/08/2012,SGF,MO,ACE,CE,Combined TRACON& Tower with Radar,6,60,32,37,135,0,0,27,8,35,6,60,59,45,170,18,16,34,204
05/09/2012,SGF,MO,ACE,CE,Combined TRACON& Tower with Radar,6,52,36,7,101,0,0,35,14,49,6,52,71,21,150,8,0,8,158
05/10/2012,SGF,MO,ACE,CE,Combined TRACON& Tower with Radar,14,48,23,0,85,0,4,22,4,30,14,52,45,4,115,48,0,48,163
05/11/2012,SGF,MO,ACE,CE,Combined TRACON& Tower with Radar,11,51,38,4,104,0,2,22,6,30,11,53,60,10,134,28,0,28,162
05/12/2012,SGF,MO,ACE,CE,Combined TRACON& Tower with Radar,4,35,27,0,66,0,2,21,0,23,4,37,48,0,89,12,0,12,101
05/13/2012,SGF,MO,ACE,CE,Combined TRACON& Tower with Radar,8,41,14,2,65,0,0,14,0,14,8,41,28,2,79,12,0,12,91
05/14/2012,SGF,MO,ACE,CE,Combined TRACON& Tower with Radar,9,49,31,3,92,0,1,22,5,28,9,50,53,8,120,8,0,8,128
05/15/2012,SGF,MO,ACE,CE,Combined TRACON& Tower with Radar,6,49,37,4,96,0,1,55,10,66,6,50,92,14,162,46,0,46,208
05/16/2012,SGF,MO,ACE,CE,Combined TRACON& Tower with Radar,6,51,51,2,110,0,2,32,7,41,6,53,83,9,151,8,0,8,159
05/17/2012,SGF,MO,ACE,CE,Combined TRACON& Tower with Radar,8,51,38,8,105,0,1,26,6,33,8,52,64,14,138,0,0,0,138
05/18/2012,SGF,MO,ACE,CE,Combined TRACON& Tower with Radar,15,49,12,2,78,0,0,33,6,39,15,49,45,8,117,20,0,20,137
05/19/2012,SGF,MO,ACE,CE,Combined TRACON& Tower with Radar,4,30,18,0,52,0,0,26,2,28,4,30,44,2,80,24,0,24,104
05/20/2012,SGF,MO,ACE,CE,Combined TRACON& Tower with Radar,2,44,7,0,53,0,0,17,2,19,2,44,24,2,72,16,0,16,88
05/21/2012,SGF,MO,ACE,CE,Combined TRACON& Tower with Radar,13,55,30,3,101,0,1,31,2,34,13,56,61,5,135,10,0,10,145
05/22/2012,SGF,MO,ACE,CE,Combined TRACON& Tower with Radar,6,51,38,8,103,0,0,34,8,42,6,51,72,16,145,30,0,30,175
05/23/2012,SGF,MO,ACE,CE,Combined TRACON& Tower with Radar,8,61,32,6,107,0,4,15,6,25,8,65,47,12,132,20,0,20,152
05/24/2012,SGF,MO,ACE,CE,Combined TRACON& Tower with Radar,8,64,34,4,110,0,3,16,6,25,8,67,50,10,135,0,0,0,135
05/25/2012,SGF,MO,ACE,CE,Combined TRACON& Tower with Radar,17,55,38,1,111,0,1,23,4,28,17,56,61,5,139,22,0,22,161
05/26/2012,SGF,MO,ACE,CE,Combined TRACON& Tower with Radar,4,30,16,0,50,0,1,25,0,26,4,31,41,0,76,0,0,0,76
05/27/2012,SGF,MO,ACE,CE,Combined TRACON& Tower with Radar,2,37,9,0,48,0,2,11,0,13,2,39,20,0,61,4,0,4,65
05/28/2012,SGF,MO,ACE,CE,Combined TRACON& Tower with Radar,8,47,18,0,73,0,0,18,2,20,8,47,36,2,93,10,0,10,103
05/29/2012,SGF,MO,ACE,CE,Combined TRACON& Tower with Radar,5,57,29,0,91,0,4,8,10,22,5,61,37,10,113,0,0,0,113
05/30/2012,SGF,MO,ACE,CE,Combined TRACON& Tower with Radar,10,59,24,9,102,0,5,16,6,27,10,64,40,15,129,6,0,6,135
05/31/2012,SGF,MO,ACE,CE,Combined TRACON& Tower with Radar,7,43,51,3,104,0,4,17,8,29,7,47,68,11,133,0,0,0,133
06/01/2012,SGF,MO,ACE,CE,Combined TRACON& Tower with Radar,16,48,31,0,95,0,1,14,1,16,16,49,45,1,111,8,0,8,119
06/02/2012,SGF,MO,ACE,CE,Combined TRACON& Tower with Radar,10,35,18,1,64,0,0,22,0,22,10,35,40,1,86,36,0,36,122
06/03/2012,SGF,MO,ACE,CE,Combined TRACON& Tower with Radar,1,47,13,1,62,0,2,6,0,8,1,49,19,1,70,0,0,0,70
06/04/2012,SGF,MO,ACE,CE,Combined TRACON& Tower with Radar,11,51,27,12,101,0,3,10,7,20,11,54,37,19,121,0,40,40,161
06/05/2012,SGF,MO,ACE,CE,Combined TRACON& Tower with Radar,6,43,47,6,102,0,5,23,9,37,6,48,70,15,139,0,0,0,139
06/06/2012,SGF,MO,ACE,CE,Combined TRACON& Tower with Radar,14,46,36,5,101,0,5,19,11,35,14,51,55,16,136,0,0,0,136
06/07/2012,SGF,MO,ACE,CE,Combined TRACON& Tower with Radar,12,52,38,3,105,0,4,19,10,33,12,56,57,13,138,6,0,6,144
06/08/2012,SGF,MO,ACE,CE,Combined TRACON& Tower with Radar,15,46,23,12,96,0,2,23,4,29,15,48,46,16,125,0,10,10,135
06/09/2012,SGF,MO,ACE,CE,Combined TRACON& Tower with Radar,8,32,19,0,59,0,1,21,2,24,8,33,40,2,83,0,0,0,83
06/10/2012,SGF,MO,ACE,CE,Combined TRACON& Tower with Radar,4,44,13,3,64,0,3,10,3,16,4,47,23,6,80,0,0,0,80
06/11/2012,SGF,MO,ACE,CE,Combined TRACON& Tower with Radar,11,50,16,2,79,0,1,8,1,10,11,51,24,3,89,18,0,18,107
06/12/2012,SGF,MO,ACE,CE,Combined TRACON& Tower with Radar,6,51,41,8,106,0,1,32,22,55,6,52,73,30,161,2,60,62,223
06/13/2012,SGF,MO,ACE,CE,Combined TRACON& Tower with Radar,11,55,52,7,125,0,6,33,6,45,11,61,85,13,170,28,2,30,200
06/14/2012,SGF,MO,ACE,CE,Combined TRACON& Tower with Radar,9,62,33,7,111,0,1,23,7,31,9,63,56,14,142,10,0,10,152
06/15/2012,SGF,MO,ACE,CE,Combined TRACON& Tower with Radar,17,52,38,1,108,0,7,12,6,25,17,59,50,7,133,22,0,22,155
06/16/2012,SGF,MO,ACE,CE,Combined TRACON& Tower with Radar,11,34,21,10,76,0,1,19,2,22,11,35,40,12,98,20,0,20,118
06/17/2012,SGF,MO,ACE,CE,Combined TRACON& Tower with Radar,4,47,19,0,70,0,0,16,2,18,4,47,35,2,88,6,0,6,94
06/18/2012,SGF,MO,ACE,CE,Combined TRACON& Tower with Radar,11,51,31,7,100,0,0,17,4,21,11,51,48,11,121,0,0,0,121
06/19/2012,SGF,MO,ACE,CE,Combined TRACON& Tower with Radar,6,53,41,2,102,0,1,19,12,32,6,54,60,14,134,0,0,0,134
06/20/2012,SGF,MO,ACE,CE,Combined TRACON& Tower with Radar,10,50,24,14,98,0,2,23,11,36,10,52,47,25,134,40,0,40,174
06/21/2012,SGF,MO,ACE,CE,Combined TRACON& Tower with Radar,10,56,37,2,105,0,1,13,8,22,10,57,50,10,127,46,0,46,173
06/22/2012,SGF,MO,ACE,CE,Combined TRACON& Tower with Radar,15,53,35,4,107,0,1,20,4,25,15,54,55,8,132,0,0,0,132
06/23/2012,SGF,MO,ACE,CE,Combined TRACON& Tower with Radar,8,40,21,0,69,0,0,16,1,17,8,40,37,1,86,2,0,2,88
06/24/2012,SGF,MO,ACE,CE,Combined TRACON& Tower with Radar,3,45,12,0,60,0,0,22,2,24,3,45,34,2,84,0,0,0,84
06/25/2012,SGF,MO,ACE,CE,Combined TRACON& Tower with Radar,10,49,27,7,93,0,0,12,5,17,10,49,39,12,110,22,0,22,132
06/26/2012,SGF,MO,ACE,CE,Combined TRACON& Tower with Radar,9,47,36,13,105,0,0,28,13,41,9,47,64,26,146,0,0,0,146
06/27/2012,SGF,MO,ACE,CE,Combined TRACON& Tower with Radar,12,51,34,5,102,0,3,12,9,24,12,54,46,14,126,0,0,0,126
06/28/2012,SGF,MO,ACE,CE,Combined TRACON& Tower with Radar,10,50,33,14,107,0,3,28,14,45,10,53,61,28,152,8,0,8,160
06/29/2012,SGF,MO,ACE,CE,Combined TRACON& Tower with Radar,15,46,11,0,72,0,2,14,10,26,15,48,25,10,98,0,0,0,98
06/30/2012,SGF,MO,ACE,CE,Combined TRACON& Tower with Radar,8,32,9,0,49,0,0,32,0,32,8,32,41,0,81,0,0,0,81
07/01/2012,SGF,MO,ACE,CE,Combined TRACON& Tower with Radar,4,44,17,0,65,0,1,19,0,20,4,45,36,0,85,0,0,0,85
07/02/2012,SGF,MO,ACE,CE,Combined TRACON& Tower with Radar,11,33,27,0,71,0,1,16,6,23,11,34,43,6,94,0,0,0,94
07/03/2012,SGF,MO,ACE,CE,Combined TRACON& Tower with Radar,6,39,19,2,66,0,0,17,4,21,6,39,36,6,87,4,0,4,91
07/04/2012,SGF,MO,ACE,CE,Combined TRACON& Tower with Radar,6,31,8,0,45,0,0,17,0,17,6,31,25,0,62,0,0,0,62
07/05/2012,SGF,MO,ACE,CE,Combined TRACON& Tower with Radar,10,35,16,3,64,0,0,11,5,16,10,35,27,8,80,28,0,28,108
07/06/2012,SGF,MO,ACE,CE,Combined TRACON& Tower with Radar,13,43,11,0,67,0,1,26,2,29,13,44,37,2,96,10,0,10,106
07/07/2012,SGF,MO,ACE,CE,Combined TRACON& Tower with Radar,8,35,12,2,57,0,0,10,0,10,8,35,22,2,67,16,0,16,83
07/08/2012,SGF,MO,ACE,CE,Combined TRACON& Tower with Radar,4,47,15,0,66,0,2,17,0,19,4,49,32,0,85,18,0,18,103
07/09/2012,SGF,MO,ACE,CE,Combined TRACON& Tower with Radar,11,51,21,2,85,0,3,20,3,26,11,54,41,5,111,0,0,0,111
07/10/2012,SGF,MO,ACE,CE,Combined TRACON& Tower with Radar,6,49,34,3,92,0,3,27,16,46,6,52,61,19,138,20,0,20,158
07/11/2012,SGF,MO,ACE,CE,Combined TRACON& Tower with Radar,10,55,26,15,106,0,3,20,9,32,10,58,46,24,138,16,0,16,154
07/12/2012,SGF,MO,ACE,CE,Combined TRACON& Tower with Radar,10,52,23,21,106,0,0,23,12,35,10,52,46,33,141,24,26,50,191
07/13/2012,SGF,MO,ACE,CE,Combined TRACON& Tower with Radar,15,45,19,11,90,0,0,23,3,26,15,45,42,14,116,46,6,52,168
07/14/2012,SGF,MO,ACE,CE,Combined TRACON& Tower with Radar,8,40,7,1,56,0,2,19,5,26,8,42,26,6,82,22,0,22,104
07/15/2012,SGF,MO,ACE,CE,Combined TRACON& Tower with Radar,4,45,22,0,71,0,1,27,1,29,4,46,49,1,100,4,0,4,104
07/16/2012,SGF,MO,ACE,CE,Combined TRACON& Tower with Radar,13,49,23,33,118,0,5,7,12,24,13,54,30,45,142,30,22,52,194
07/17/2012,SGF,MO,ACE,CE,Combined TRACON& Tower with Radar,4,52,34,20,110,0,1,22,11,34,4,53,56,31,144,0,0,0,144
07/18/2012,SGF,MO,ACE,CE,Combined TRACON& Tower with Radar,12,47,32,13,104,0,5,29,12,46,12,52,61,25,150,58,6,64,214
07/19/2012,SGF,MO,ACE,CE,Combined TRACON& Tower with Radar,10,54,36,19,119,0,0,21,7,28,10,54,57,26,147,0,12,12,159
07/20/2012,SGF,MO,ACE,CE,Combined TRACON& Tower with Radar,14,48,19,4,85,0,2,11,2,15,14,50,30,6,100,16,0,16,116
07/21/2012,SGF,MO,ACE,CE,Combined TRACON& Tower with Radar,9,35,17,0,61,0,1,24,0,25,9,36,41,0,86,16,0,16,102
07/22/2012,SGF,MO,ACE,CE,Combined TRACON& Tower with Radar,4,49,24,0,77,0,0,14,0,14,4,49,38,0,91,16,0,16,107
07/23/2012,SGF,MO,ACE,CE,Combined TRACON& Tower with Radar,11,49,24,1,85,0,0,16,8,24,11,49,40,9,109,0,0,0,109
07/24/2012,SGF,MO,ACE,CE,Combined TRACON& Tower with Radar,6,47,27,4,84,0,3,25,14,42,6,50,52,18,126,4,0,4,130
07/25/2012,SGF,MO,ACE,CE,Combined TRACON& Tower with Radar,12,52,31,9,104,0,0,21,9,30,12,52,52,18,134,16,0,16,150
07/26/2012,SGF,MO,ACE,CE,Combined TRACON& Tower with Radar,12,54,26,0,92,0,2,18,5,25,12,56,44,5,117,14,0,14,131
07/27/2012,SGF,MO,ACE,CE,Combined TRACON& Tower with Radar,16,44,29,8,97,0,0,28,2,30,16,44,57,10,127,12,0,12,139
07/28/2012,SGF,MO,ACE,CE,Combined TRACON& Tower with Radar,9,37,13,4,63,0,0,25,0,25,9,37,38,4,88,0,0,0,88
07/29/2012,SGF,MO,ACE,CE,Combined TRACON& Tower with Radar,6,46,19,0,71,0,0,25,0,25,6,46,44,0,96,20,0,20,116
07/30/2012,SGF,MO,ACE,CE,Combined TRACON& Tower with Radar,13,48,18,15,94,0,6,21,8,35,13,54,39,23,129,14,0,14,143
07/31/2012,SGF,MO,ACE,CE,Combined TRACON& Tower with Radar,6,51,34,8,99,0,0,5,20,25,6,51,39,28,124,32,0,32,156
08/01/2012,SGF,MO,ACE,CE,Combined TRACON& Tower with Radar,12,51,43,7,113,0,0,19,11,30,12,51,62,18,143,28,0,28,171
08/02/2012,SGF,MO,ACE,CE,Combined TRACON& Tower with Radar,10,49,33,3,95,0,1,11,7,19,10,50,44,10,114,14,0,14,128
08/03/2012,SGF,MO,ACE,CE,Combined TRACON& Tower with Radar,13,47,25,7,92,0,0,22,5,27,13,47,47,12,119,2,0,2,121
08/04/2012,SGF,MO,ACE,CE,Combined TRACON& Tower with Radar,8,32,19,0,59,0,0,12,6,18,8,32,31,6,77,0,0,0,77
08/05/2012,SGF,MO,ACE,CE,Combined TRACON& Tower with Radar,4,43,8,0,55,0,0,17,0,17,4,43,25,0,72,0,0,0,72
08/06/2012,SGF,MO,ACE,CE,Combined TRACON& Tower with Radar,11,55,20,6,92,0,3,18,5,26,11,58,38,11,118,0,0,0,118
08/07/2012,SGF,MO,ACE,CE,Combined TRACON& Tower with Radar,4,54,36,15,109,0,1,13,7,21,4,55,49,22,130,0,0,0,130
08/08/2012,SGF,MO,ACE,CE,Combined TRACON& Tower with Radar,10,51,23,2,86,0,5,15,6,26,10,56,38,8,112,0,0,0,112
08/09/2012,SGF,MO,ACE,CE,Combined TRACON& Tower with Radar,8,49,28,2,87,0,0,13,12,25,8,49,41,14,112,2,14,16,128
08/10/2012,SGF,MO,ACE,CE,Combined TRACON& Tower with Radar,15,50,32,5,102,0,1,16,4,21,15,51,48,9,123,0,0,0,123
08/11/2012,SGF,MO,ACE,CE,Combined TRACON& Tower with Radar,4,34,14,0,52,0,2,30,1,33,4,36,44,1,85,6,0,6,91
08/12/2012,SGF,MO,ACE,CE,Combined TRACON& Tower with Radar,4,46,18,0,68,0,2,11,1,14,4,48,29,1,82,0,0,0,82
08/13/2012,SGF,MO,ACE,CE,Combined TRACON& Tower with Radar,11,46,21,26,104,0,0,1,2,3,11,46,22,28,107,0,32,32,139
08/14/2012,SGF,MO,ACE,CE,Combined TRACON& Tower with Radar,6,48,33,2,89,0,0,26,8,34,6,48,59,10,123,0,0,0,123
08/15/2012,SGF,MO,ACE,CE,Combined TRACON& Tower with Radar,6,49,42,10,107,0,1,68,8,77,6,50,110,18,184,16,22,38,222
08/16/2012,SGF,MO,ACE,CE,Combined TRACON& Tower with Radar,10,51,49,4,114,0,0,9,6,15,10,51,58,10,129,4,0,4,133
08/17/2012,SGF,MO,ACE,CE,Combined TRACON& Tower with Radar,15,45,33,36,129,0,2,22,5,29,15,47,55,41,158,0,30,30,188
08/18/2012,SGF,MO,ACE,CE,Combined TRACON& Tower with Radar,4,39,11,0,54,0,0,21,2,23,4,39,32,2,77,0,0,0,77
08/19/2012,SGF,MO,ACE,CE,Combined TRACON& Tower with Radar,4,40,12,0,56,0,3,23,0,26,4,43,35,0,82,0,0,0,82
08/20/2012,SGF,MO,ACE,CE,Combined TRACON& Tower with Radar,11,51,33,4,99,0,0,17,4,21,11,51,50,8,120,16,0,16,136
08/21/2012,SGF,MO,ACE,CE,Combined TRACON& Tower with Radar,6,58,31,1,96,0,3,17,7,27,6,61,48,8,123,0,0,0,123
08/22/2012,SGF,MO,ACE,CE,Combined TRACON& Tower with Radar,4,50,47,10,111,0,1,36,12,49,4,51,83,22,160,2,0,2,162
08/23/2012,SGF,MO,ACE,CE,Combined TRACON& Tower with Radar,12,47,44,7,110,0,2,16,7,25,12,49,60,14,135,46,0,46,181
08/24/2012,SGF,MO,ACE,CE,Combined TRACON& Tower with Radar,13,44,20,23,100,0,3,27,4,34,13,47,47,27,134,0,6,6,140
08/25/2012,SGF,MO,ACE,CE,Combined TRACON& Tower with Radar,4,28,10,0,42,0,0,8,2,10,4,28,18,2,52,0,0,0,52
08/26/2012,SGF,MO,ACE,CE,Combined TRACON& Tower with Radar,4,40,18,0,62,0,0,5,0,5,4,40,23,0,67,0,0,0,67
08/27/2012,SGF,MO,ACE,CE,Combined TRACON& Tower with Radar,11,52,24,25,112,0,1,10,2,13,11,53,34,27,125,0,22,22,147
08/28/2012,SGF,MO,ACE,CE,Combined TRACON& Tower with Radar,6,45,36,29,116,0,2,27,11,40,6,47,63,40,156,50,16,66,222
08/29/2012,SGF,MO,ACE,CE,Combined TRACON& Tower with Radar,6,42,35,5,88,0,1,28,7,36,6,43,63,12,124,10,0,10,134
08/30/2012,SGF,MO,ACE,CE,Combined TRACON& Tower with Radar,9,49,34,0,92,0,2,20,4,26,9,51,54,4,118,16,2,18,136
08/31/2012,SGF,MO,ACE,CE,Combined TRACON& Tower with Radar,14,48,22,0,84,0,0,0,0,0,14,48,22,0,84,0,0,0,84
09/01/2012,SGF,MO,ACE,CE,Combined TRACON& Tower with Radar,4,26,2,0,32,0,0,0,0,0,4,26,2,0,32,0,0,0,32
09/02/2012,SGF,MO,ACE,CE,Combined TRACON& Tower with Radar,4,19,6,0,29,0,1,13,0,14,4,20,19,0,43,0,0,0,43
09/03/2012,SGF,MO,ACE,CE,Combined TRACON& Tower with Radar,8,44,19,0,71,0,1,29,0,30,8,45,48,0,101,22,0,22,123
09/04/2012,SGF,MO,ACE,CE,Combined TRACON& Tower with Radar,5,45,18,6,74,0,0,10,2,12,5,45,28,8,86,24,16,40,126
09/05/2012,SGF,MO,ACE,CE,Combined TRACON& Tower with Radar,6,48,39,5,98,0,1,20,5,26,6,49,59,10,124,0,0,0,124
09/06/2012,SGF,MO,ACE,CE,Combined TRACON& Tower with Radar,10,57,35,7,109,0,0,18,1,19,10,57,53,8,128,24,0,24,152
09/07/2012,SGF,MO,ACE,CE,Combined TRACON& Tower with Radar,15,47,18,14,94,0,0,7,0,7,15,47,25,14,101,10,10,20,121
09/08/2012,SGF,MO,ACE,CE,Combined TRACON& Tower with Radar,7,33,19,2,61,0,2,24,0,26,7,35,43,2,87,0,0,0,87
09/09/2012,SGF,MO,ACE,CE,Combined TRACON& Tower with Radar,4,42,27,12,85,0,0,31,0,31,4,42,58,12,116,47,0,47,163
09/10/2012,SGF,MO,ACE,CE,Combined TRACON& Tower with Radar,11,45,42,5,103,0,0,45,7,52,11,45,87,12,155,24,0,24,179
09/11/2012,SGF,MO,ACE,CE,Combined TRACON& Tower with Radar,6,47,35,4,92,0,0,36,2,38,6,47,71,6,130,46,0,46,176
09/12/2012,SGF,MO,ACE,CE,Combined TRACON& Tower with Radar,6,56,45,4,111,0,2,25,12,39,6,58,70,16,150,8,0,8,158
09/13/2012,SGF,MO,ACE,CE,Combined TRACON& Tower with Radar,10,46,41,2,99,0,1,15,6,22,10,47,56,8,121,4,8,12,133
09/14/2012,SGF,MO,ACE,CE,Combined TRACON& Tower with Radar,11,43,34,8,96,0,0,1,0,1,11,43,35,8,97,0,0,0,97
09/15/2012,SGF,MO,ACE,CE,Combined TRACON& Tower with Radar,4,36,17,0,57,0,0,4,0,4,4,36,21,0,61,0,0,0,61
09/16/2012,SGF,MO,ACE,CE,Combined TRACON& Tower with Radar,6,51,26,0,83,0,1,7,0,8,6,52,33,0,91,0,0,0,91
09/17/2012,SGF,MO,ACE,CE,Combined TRACON& Tower with Radar,11,52,36,16,115,0,0,16,2,18,11,52,52,18,133,8,0,8,141
09/18/2012,SGF,MO,ACE,CE,Combined TRACON& Tower with Radar,8,47,41,5,101,0,1,24,20,45,8,48,65,25,146,30,8,38,184
09/19/2012,SGF,MO,ACE,CE,Combined TRACON& Tower with Radar,8,46,28,3,85,0,1,19,6,26,8,47,47,9,111,0,0,0,111
09/20/2012,SGF,MO,ACE,CE,Combined TRACON& Tower with Radar,12,48,36,2,98,0,2,28,11,41,12,50,64,13,139,34,0,34,173
09/21/2012,SGF,MO,ACE,CE,Combined TRACON& Tower with Radar,15,46,29,10,100,0,2,17,10,29,15,48,46,20,129,16,14,30,159
09/22/2012,SGF,MO,ACE,CE,Combined TRACON& Tower with Radar,4,37,23,3,67,0,1,30,5,36,4,38,53,8,103,6,0,6,109
09/23/2012,SGF,MO,ACE,CE,Combined TRACON& Tower with Radar,4,48,24,0,76,0,0,30,0,30,4,48,54,0,106,0,0,0,106
09/24/2012,SGF,MO,ACE,CE,Combined TRACON& Tower with Radar,11,53,22,5,91,0,3,11,9,23,11,56,33,14,114,19,0,19,133
09/25/2012,SGF,MO,ACE,CE,Combined TRACON& Tower with Radar,5,49,39,10,103,0,0,14,10,24,5,49,53,20,127,0,0,0,127
09/26/2012,SGF,MO,ACE,CE,Combined TRACON& Tower with Radar,4,52,43,4,103,0,0,12,2,14,4,52,55,6,117,6,0,6,123
09/27/2012,SGF,MO,ACE,CE,Combined TRACON& Tower with Radar,8,47,39,11,105,0,0,8,0,8,8,47,47,11,113,2,0,2,115
09/28/2012,SGF,MO,ACE,CE,Combined TRACON& Tower with Radar,17,49,34,3,103,0,1,3,2,6,17,50,37,5,109,0,0,0,109
09/29/2012,SGF,MO,ACE,CE,Combined TRACON& Tower with Radar,4,30,22,0,56,0,2,14,4,20,4,32,36,4,76,0,0,0,76
09/30/2012,SGF,MO,ACE,CE,Combined TRACON& Tower with Radar,5,45,31,1,82,0,1,35,1,37,5,46,66,2,119,10,0,10,129
10/01/2012,SGF,MO,ACE,CE,Combined TRACON& Tower with Radar,13,43,18,8,82,0,0,26,0,26,13,43,44,8,108,0,0,0,108
10/02/2012,SGF,MO,ACE,CE,Combined TRACON& Tower with Radar,6,49,30,0,85,0,0,23,6,29,6,49,53,6,114,26,0,26,140
10/03/2012,SGF,MO,ACE,CE,Combined TRACON& Tower with Radar,6,48,38,17,109,0,1,29,7,37,6,49,67,24,146,30,6,36,182
10/04/2012,SGF,MO,ACE,CE,Combined TRACON& Tower with Radar,10,46,62,2,120,0,0,43,4,47,10,46,105,6,167,8,0,8,175
10/05/2012,SGF,MO,ACE,CE,Combined TRACON& Tower with Radar,16,47,19,0,82,0,0,1,0,1,16,47,20,0,83,0,0,0,83
10/06/2012,SGF,MO,ACE,CE,Combined TRACON& Tower with Radar,4,35,15,0,54,0,0,15,0,15,4,35,30,0,69,18,0,18,87
10/07/2012,SGF,MO,ACE,CE,Combined TRACON& Tower with Radar,4,42,22,0,68,0,0,22,0,22,4,42,44,0,90,3,0,3,93
10/08/2012,SGF,MO,ACE,CE,Combined TRACON& Tower with Radar,11,53,17,0,81,0,0,21,0,21,11,53,38,0,102,0,0,0,102
10/09/2012,SGF,MO,ACE,CE,Combined TRACON& Tower with Radar,6,53,39,0,98,0,0,15,8,23,6,53,54,8,121,52,0,52,173
10/10/2012,SGF,MO,ACE,CE,Combined TRACON& Tower with Radar,6,51,41,3,101,0,2,18,7,27,6,53,59,10,128,0,0,0,128
10/11/2012,SGF,MO,ACE,CE,Combined TRACON& Tower with Radar,10,49,44,3,106,0,0,14,10,24,10,49,58,13,130,20,0,20,150
10/12/2012,SGF,MO,ACE,CE,Combined TRACON& Tower with Radar,15,49,32,0,96,0,0,0,0,0,15,49,32,0,96,4,0,4,100
10/13/2012,SGF,MO,ACE,CE,Combined TRACON& Tower with Radar,4,32,11,0,47,0,0,0,0,0,4,32,11,0,47,0,0,0,47
10/14/2012,SGF,MO,ACE,CE,Combined TRACON& Tower with Radar,4,42,21,3,70,0,0,5,2,7,4,42,26,5,77,0,0,0,77
10/15/2012,SGF,MO,ACE,CE,Combined TRACON& Tower with Radar,10,58,21,23,112,0,0,24,1,25,10,58,45,24,137,0,0,0,137
10/16/2012,SGF,MO,ACE,CE,Combined TRACON& Tower with Radar,4,48,26,1,79,0,0,33,10,43,4,48,59,11,122,0,0,0,122
10/17/2012,SGF,MO,ACE,CE,Combined TRACON& Tower with Radar,6,55,26,6,93,0,0,10,2,12,6,55,36,8,105,14,0,14,119
10/18/2012,SGF,MO,ACE,CE,Combined TRACON& Tower with Radar,12,51,33,5,101,0,1,21,11,33,12,52,54,16,134,8,2,10,144
10/19/2012,SGF,MO,ACE,CE,Combined TRACON& Tower with Radar,17,56,35,2,110,0,0,16,6,22,17,56,51,8,132,16,0,16,148
10/20/2012,SGF,MO,ACE,CE,Combined TRACON& Tower with Radar,4,30,24,0,58,0,0,43,1,44,4,30,67,1,102,12,0,12,114
10/21/2012,SGF,MO,ACE,CE,Combined TRACON& Tower with Radar,4,50,24,0,78,0,0,12,0,12,4,50,36,0,90,16,0,16,106
10/22/2012,SGF,MO,ACE,CE,Combined TRACON& Tower with Radar,11,51,22,0,84,0,0,8,0,8,11,51,30,0,92,0,0,0,92
10/23/2012,SGF,MO,ACE,CE,Combined TRACON& Tower with Radar,6,51,35,4,96,0,0,19,6,25,6,51,54,10,121,20,16,36,157
10/24/2012,SGF,MO,ACE,CE,Combined TRACON& Tower with Radar,6,58,44,12,120,0,0,16,2,18,6,58,60,14,138,4,8,12,150
10/25/2012,SGF,MO,ACE,CE,Combined TRACON& Tower with Radar,10,51,38,0,99,0,0,3,2,5,10,51,41,2,104,0,0,0,104
10/26/2012,SGF,MO,ACE,CE,Combined TRACON& Tower with Radar,16,51,58,3,128,0,0,6,0,6,16,51,64,3,134,0,0,0,134
10/27/2012,SGF,MO,ACE,CE,Combined TRACON& Tower with Radar,4,31,19,0,54,0,0,20,0,20,4,31,39,0,74,4,0,4,78
10/28/2012,SGF,MO,ACE,CE,Combined TRACON& Tower with Radar,4,43,37,0,84,0,2,30,0,32,4,45,67,0,116,60,0,60,176
10/29/2012,SGF,MO,ACE,CE,Combined TRACON& Tower with Radar,11,46,22,0,79,0,0,21,0,21,11,46,43,0,100,30,0,30,130
10/30/2012,SGF,MO,ACE,CE,Combined TRACON& Tower with Radar,6,44,28,4,82,0,2,24,0,26,6,46,52,4,108,2,0,2,110
10/31/2012,SGF,MO,ACE,CE,Combined TRACON& Tower with Radar,8,41,23,0,72,0,1,21,5,27,8,42,44,5,99,8,0,8,107
11/01/2012,SGF,MO,ACE,CE,Combined TRACON& Tower with Radar,10,52,41,0,103,0,3,27,10,40,10,55,68,10,143,0,0,0,143
11/02/2012,SGF,MO,ACE,CE,Combined TRACON& Tower with Radar,17,53,25,12,107,0,0,24,2,26,17,53,49,14,133,12,36,48,181
11/03/2012,SGF,MO,ACE,CE,Combined TRACON& Tower with Radar,6,40,13,0,59,0,0,30,0,30,6,40,43,0,89,28,0,28,117
11/04/2012,SGF,MO,ACE,CE,Combined TRACON& Tower with Radar,4,46,20,3,73,0,3,27,5,35,4,49,47,8,108,10,0,10,118
11/05/2012,SGF,MO,ACE,CE,Combined TRACON& Tower with Radar,11,47,23,0,81,0,0,6,0,6,11,47,29,0,87,0,0,0,87
11/06/2012,SGF,MO,ACE,CE,Combined TRACON& Tower with Radar,5,50,18,1,74,0,0,11,6,17,5,50,29,7,91,0,0,0,91
11/07/2012,SGF,MO,ACE,CE,Combined TRACON& Tower with Radar,6,48,36,38,128,0,1,17,6,24,6,49,53,44,152,2,36,38,190
11/08/2012,SGF,MO,ACE,CE,Combined TRACON& Tower with Radar,10,47,33,4,94,0,2,20,4,26,10,49,53,8,120,12,0,12,132
11/09/2012,SGF,MO,ACE,CE,Combined TRACON& Tower with Radar,14,50,27,1,92,0,0,13,4,17,14,50,40,5,109,32,0,32,141
11/10/2012,SGF,MO,ACE,CE,Combined TRACON& Tower with Radar,3,34,9,0,46,0,1,11,0,12,3,35,20,0,58,0,0,0,58
11/11/2012,SGF,MO,ACE,CE,Combined TRACON& Tower with Radar,4,48,17,2,71,0,0,0,0,0,4,48,17,2,71,0,0,0,71
11/12/2012,SGF,MO,ACE,CE,Combined TRACON& Tower with Radar,11,45,19,0,75,0,0,14,0,14,11,45,33,0,89,0,0,0,89
11/13/2012,SGF,MO,ACE,CE,Combined TRACON& Tower with Radar,6,45,33,0,84,0,0,17,3,20,6,45,50,3,104,0,0,0,104
11/14/2012,SGF,MO,ACE,CE,Combined TRACON& Tower with Radar,8,62,43,12,125,0,0,21,2,23,8,62,64,14,148,12,20,32,180
11/15/2012,SGF,MO,ACE,CE,Combined TRACON& Tower with Radar,8,52,38,2,100,0,2,30,8,40,8,54,68,10,140,38,0,38,178
11/16/2012,SGF,MO,ACE,CE,Combined TRACON& Tower with Radar,15,52,37,4,108,0,0,42,7,49,15,52,79,11,157,50,2,52,209
11/17/2012,SGF,MO,ACE,CE,Combined TRACON& Tower with Radar,6,36,21,0,63,0,0,40,1,41,6,36,61,1,104,50,0,50,154
11/18/2012,SGF,MO,ACE,CE,Combined TRACON& Tower with Radar,4,39,23,0,66,0,0,16,0,16,4,39,39,0,82,0,0,0,82
11/19/2012,SGF,MO,ACE,CE,Combined TRACON& Tower with Radar,13,57,16,0,86,0,2,15,0,17,13,59,31,0,103,0,0,0,103
11/20/2012,SGF,MO,ACE,CE,Combined TRACON& Tower with Radar,10,47,31,0,88,0,4,31,4,39,10,51,62,4,127,44,0,44,171
11/21/2012,SGF,MO,ACE,CE,Combined TRACON& Tower with Radar,8,44,24,24,100,0,0,30,8,38,8,44,54,32,138,14,12,26,164
11/22/2012,SGF,MO,ACE,CE,Combined TRACON& Tower with Radar,0,20,9,0,29,0,0,7,0,7,0,20,16,0,36,0,0,0,36
11/23/2012,SGF,MO,ACE,CE,Combined TRACON& Tower with Radar,6,26,15,0,47,0,0,13,0,13,6,26,28,0,60,0,0,0,60
11/24/2012,SGF,MO,ACE,CE,Combined TRACON& Tower with Radar,11,37,21,0,69,0,3,39,0,42,11,40,60,0,111,32,0,32,143
11/25/2012,SGF,MO,ACE,CE,Combined TRACON& Tower with Radar,2,48,35,0,85,0,6,36,0,42,2,54,71,0,127,0,0,0,127
11/26/2012,SGF,MO,ACE,CE,Combined TRACON& Tower with Radar,5,51,22,22,100,0,0,2,0,2,5,51,24,22,102,0,0,0,102
11/27/2012,SGF,MO,ACE,CE,Combined TRACON& Tower with Radar,6,51,28,5,90,0,0,24,7,31,6,51,52,12,121,0,0,0,121
11/28/2012,SGF,MO,ACE,CE,Combined TRACON& Tower with Radar,6,49,26,8,89,0,0,17,11,28,6,49,43,19,117,0,0,0,117
11/29/2012,SGF,MO,ACE,CE,Combined TRACON& Tower with Radar,8,45,48,5,106,0,0,28,4,32,8,45,76,9,138,32,0,32,170
11/30/2012,SGF,MO,ACE,CE,Combined TRACON& Tower with Radar,13,45,32,4,94,0,2,34,10,46,13,47,66,14,140,9,0,9,149
12/01/2012,SGF,MO,ACE,CE,Combined TRACON& Tower with Radar,3,35,13,4,55,0,2,3,2,7,3,37,16,6,62,0,0,0,62
12/02/2012,SGF,MO,ACE,CE,Combined TRACON& Tower with Radar,2,46,18,2,68,0,1,23,5,29,2,47,41,7,97,46,0,46,143
12/03/2012,SGF,MO,ACE,CE,Combined TRACON& Tower with Radar,13,44,32,4,93,0,1,12,1,14,13,45,44,5,107,0,0,0,107
12/04/2012,SGF,MO,ACE,CE,Combined TRACON& Tower with Radar,6,52,27,14,99,0,2,8,3,13,6,54,35,17,112,0,0,0,112
12/05/2012,SGF,MO,ACE,CE,Combined TRACON& Tower with Radar,10,50,41,11,112,0,3,25,10,38,10,53,66,21,150,12,32,44,194
12/06/2012,SGF,MO,ACE,CE,Combined TRACON& Tower with Radar,8,50,40,4,102,0,5,19,8,32,8,55,59,12,134,0,0,0,134
12/07/2012,SGF,MO,ACE,CE,Combined TRACON& Tower with Radar,14,47,31,17,109,0,0,2,5,7,14,47,33,22,116,0,0,0,116
12/08/2012,SGF,MO,ACE,CE,Combined TRACON& Tower with Radar,8,34,21,0,63,0,0,0,0,0,8,34,21,0,63,0,0,0,63
12/09/2012,SGF,MO,ACE,CE,Combined TRACON& Tower with Radar,6,43,20,3,72,0,0,0,0,0,6,43,20,3,72,0,0,0,72
12/10/2012,SGF,MO,ACE,CE,Combined TRACON& Tower with Radar,13,51,21,33,118,0,1,7,0,8,13,52,28,33,126,0,10,10,136
12/11/2012,SGF,MO,ACE,CE,Combined TRACON& Tower with Radar,8,49,27,16,100,0,3,12,8,23,8,52,39,24,123,2,72,74,197
12/12/2012,SGF,MO,ACE,CE,Combined TRACON& Tower with Radar,5,48,22,1,76,0,2,16,8,26,5,50,38,9,102,20,0,20,122
12/13/2012,SGF,MO,ACE,CE,Combined TRACON& Tower with Radar,8,52,26,7,93,0,4,23,1,28,8,56,49,8,121,20,0,20,141
12/14/2012,SGF,MO,ACE,CE,Combined TRACON& Tower with Radar,16,48,28,3,95,0,0,10,2,12,16,48,38,5,107,12,0,12,119
12/15/2012,SGF,MO,ACE,CE,Combined TRACON& Tower with Radar,5,35,12,0,52,0,1,19,0,20,5,36,31,0,72,18,0,18,90
12/16/2012,SGF,MO,ACE,CE,Combined TRACON& Tower with Radar,5,41,16,1,63,0,1,10,0,11,5,42,26,1,74,6,0,6,80
12/17/2012,SGF,MO,ACE,CE,Combined TRACON& Tower with Radar,12,54,30,0,96,0,0,1,0,1,12,54,31,0,97,0,0,0,97
12/18/2012,SGF,MO,ACE,CE,Combined TRACON& Tower with Radar,8,43,25,6,82,0,2,19,3,24,8,45,44,9,106,8,0,8,114
12/19/2012,SGF,MO,ACE,CE,Combined TRACON& Tower with Radar,7,50,32,7,96,0,0,4,5,9,7,50,36,12,105,0,0,0,105
12/20/2012,SGF,MO,ACE,CE,Combined TRACON& Tower with Radar,12,45,16,0,73,0,0,2,1,3,12,45,18,1,76,0,0,0,76
12/21/2012,SGF,MO,ACE,CE,Combined TRACON& Tower with Radar,15,42,31,2,90,0,2,17,4,23,15,44,48,6,113,12,0,12,125
12/22/2012,SGF,MO,ACE,CE,Combined TRACON& Tower with Radar,7,35,28,0,70,0,1,26,0,27,7,36,54,0,97,10,0,10,107
12/23/2012,SGF,MO,ACE,CE,Combined TRACON& Tower with Radar,2,39,8,0,49,0,4,6,0,10,2,43,14,0,59,0,0,0,59
12/24/2012,SGF,MO,ACE,CE,Combined TRACON& Tower with Radar,11,32,3,0,46,0,0,4,0,4,11,32,7,0,50,0,0,0,50
12/25/2012,SGF,MO,ACE,CE,Combined TRACON& Tower with Radar,0,22,5,0,27,0,0,1,0,1,0,22,6,0,28,0,0,0,28
12/26/2012,SGF,MO,ACE,CE,Combined TRACON& Tower with Radar,8,39,22,0,69,0,0,5,4,9,8,39,27,4,78,0,0,0,78
12/27/2012,SGF,MO,ACE,CE,Combined TRACON& Tower with Radar,8,44,28,0,80,0,0,19,0,19,8,44,47,0,99,14,0,14,113
12/28/2012,SGF,MO,ACE,CE,Combined TRACON& Tower with Radar,12,41,6,0,59,0,0,2,0,2,12,41,8,0,61,0,0,0,61
12/29/2012,SGF,MO,ACE,CE,Combined TRACON& Tower with Radar,5,33,22,0,60,0,2,23,0,25,5,35,45,0,85,32,0,32,117
12/30/2012,SGF,MO,ACE,CE,Combined TRACON& Tower with Radar,2,37,26,2,67,0,0,20,0,20,2,37,46,2,87,0,0,0,87
12/31/2012,SGF,MO,ACE,CE,Combined TRACON& Tower with Radar,11,28,3,0,42,0,0,0,0,0,11,28,3,0,42,0,0,0,42
01/01/2013,SGF,MO,ACE,CE,Combined TRACON& Tower with Radar,0,37,6,0,43,0,0,0,0,0,0,37,6,0,43,0,0,0,43
01/02/2013,SGF,MO,ACE,CE,Combined TRACON& Tower with Radar,7,42,17,2,68,0,2,13,0,15,7,44,30,2,83,10,0,10,93
01/03/2013,SGF,MO,ACE,CE,Combined TRACON& Tower with Radar,8,44,15,4,71,0,2,16,7,25,8,46,31,11,96,6,0,6,102
01/04/2013,SGF,MO,ACE,CE,Combined TRACON& Tower with Radar,15,42,35,22,114,0,0,24,3,27,15,42,59,25,141,12,24,36,177
01/05/2013,SGF,MO,ACE,CE,Combined TRACON& Tower with Radar,4,32,19,0,55,0,0,15,2,17,4,32,34,2,72,0,0,0,72
01/06/2013,SGF,MO,ACE,CE,Combined TRACON& Tower with Radar,2,39,16,2,59,0,0,18,0,18,2,39,34,2,77,6,0,6,83
01/07/2013,SGF,MO,ACE,CE,Combined TRACON& Tower with Radar,13,46,15,3,77,0,0,13,2,15,13,46,28,5,92,0,0,0,92
01/08/2013,SGF,MO,ACE,CE,Combined TRACON& Tower with Radar,10,45,32,8,95,0,0,18,0,18,10,45,50,8,113,6,14,20,133
01/09/2013,SGF,MO,ACE,CE,Combined TRACON& Tower with Radar,5,48,27,47,127,0,2,4,6,12,5,50,31,53,139,46,42,88,227
01/10/2013,SGF,MO,ACE,CE,Combined TRACON& Tower with Radar,7,55,28,4,94,0,0,0,0,0,7,55,28,4,94,0,0,0,94
01/11/2013,SGF,MO,ACE,CE,Combined TRACON& Tower with Radar,14,47,34,4,99,0,0,21,0,21,14,47,55,4,120,22,0,22,142
01/12/2013,SGF,MO,ACE,CE,Combined TRACON& Tower with Radar,7,33,5,4,49,0,0,2,0,2,7,33,7,4,51,6,0,6,57
01/13/2013,SGF,MO,ACE,CE,Combined TRACON& Tower with Radar,2,40,9,0,51,0,0,5,1,6,2,40,14,1,57,36,0,36,93
01/14/2013,SGF,MO,ACE,CE,Combined TRACON& Tower with Radar,11,39,18,0,68,0,0,10,1,11,11,39,28,1,79,0,0,0,79
01/15/2013,SGF,MO,ACE,CE,Combined TRACON& Tower with Radar,7,41,17,4,69,0,1,8,7,16,7,42,25,11,85,0,0,0,85
01/16/2013,SGF,MO,ACE,CE,Combined TRACON& Tower with Radar,6,45,35,8,94,0,1,14,2,17,6,46,49,10,111,6,0,6,117
01/17/2013,SGF,MO,ACE,CE,Combined TRACON& Tower with Radar,9,43,25,21,98,0,0,14,5,19,9,43,39,26,117,30,8,38,155
01/18/2013,SGF,MO,ACE,CE,Combined TRACON& Tower with Radar,13,54,36,2,105,0,0,20,2,22,13,54,56,4,127,52,0,52,179
01/19/2013,SGF,MO,ACE,CE,Combined TRACON& Tower with Radar,4,30,25,0,59,0,0,23,0,23,4,30,48,0,82,0,0,0,82
01/20/2013,SGF,MO,ACE,CE,Combined TRACON& Tower with Radar,4,38,17,0,59,0,0,20,0,20,4,38,37,0,79,38,10,48,127
01/21/2013,SGF,MO,ACE,CE,Combined TRACON& Tower with Radar,9,48,25,0,82,0,0,10,0,10,9,48,35,0,92,0,0,0,92
01/22/2013,SGF,MO,ACE,CE,Combined TRACON& Tower with Radar,5,48,30,14,97,0,0,10,2,12,5,48,40,16,109,0,48,48,157
01/23/2013,SGF,MO,ACE,CE,Combined TRACON& Tower with Radar,5,35,30,21,91,0,0,22,27,49,5,35,52,48,140,0,16,16,156
01/24/2013,SGF,MO,ACE,CE,Combined TRACON& Tower with Radar,7,43,15,10,75,0,2,4,2,8,7,45,19,12,83,14,20,34,117
01/25/2013,SGF,MO,ACE,CE,Combined TRACON& Tower with Radar,11,38,17,29,95,0,0,19,6,25,11,38,36,35,120,22,58,80,200
01/26/2013,SGF,MO,ACE,CE,Combined TRACON& Tower with Radar,4,27,17,3,51,0,2,38,0,40,4,29,55,3,91,14,0,14,105
01/27/2013,SGF,MO,ACE,CE,Combined TRACON& Tower with Radar,1,30,15,0,46,0,0,2,0,2,1,30,17,0,48,0,0,0,48
01/28/2013,SGF,MO,ACE,CE,Combined TRACON& Tower with Radar,9,44,17,22,92,0,2,8,0,10,9,46,25,22,102,0,10,10,112
01/29/2013,SGF,MO,ACE,CE,Combined TRACON& Tower with Radar,8,36,16,0,60,0,0,0,0,0,8,36,16,0,60,0,0,0,60
01/30/2013,SGF,MO,ACE,CE,Combined TRACON& Tower with Radar,5,56,24,2,87,0,0,2,0,2,5,56,26,2,89,2,4,6,95
01/31/2013,SGF,MO,ACE,CE,Combined TRACON& Tower with Radar,7,41,23,4,75,0,0,8,4,12,7,41,31,8,87,0,0,0,87
02/01/2013,SGF,MO,ACE,CE,Combined TRACON& Tower with Radar,11,42,31,8,92,0,1,22,2,25,11,43,53,10,117,40,16,56,173
02/02/2013,SGF,MO,ACE,CE,Combined TRACON& Tower with Radar,3,34,20,0,57,0,0,18,1,19,3,34,38,1,76,8,0,8,84
02/03/2013,SGF,MO,ACE,CE,Combined TRACON& Tower with Radar,2,40,16,0,58,0,0,9,0,9,2,40,25,0,67,0,0,0,67
02/04/2013,SGF,MO,ACE,CE,Combined TRACON& Tower with Radar,9,49,28,4,90,0,0,11,0,11,9,49,39,4,101,3,2,5,106
02/05/2013,SGF,MO,ACE,CE,Combined TRACON& Tower with Radar,6,49,28,0,83,0,1,9,0,10,6,50,37,0,93,0,0,0,93
02/06/2013,SGF,MO,ACE,CE,Combined TRACON& Tower with Radar,6,44,34,25,109,0,4,15,11,30,6,48,49,36,139,20,62,82,221
02/07/2013,SGF,MO,ACE,CE,Combined TRACON& Tower with Radar,8,48,25,2,83,0,0,0,0,0,8,48,25,2,83,0,0,0,83
02/08/2013,SGF,MO,ACE,CE,Combined TRACON& Tower with Radar,12,52,29,25,118,0,0,14,8,22,12,52,43,33,140,34,40,74,214
02/09/2013,SGF,MO,ACE,CE,Combined TRACON& Tower with Radar,3,32,15,2,52,0,2,19,6,27,3,34,34,8,79,14,0,14,93
02/10/2013,SGF,MO,ACE,CE,Combined TRACON& Tower with Radar,2,40,12,0,54,0,2,6,0,8,2,42,18,0,62,16,0,16,78
02/11/2013,SGF,MO,ACE,CE,Combined TRACON& Tower with Radar,9,51,19,30,109,0,3,21,0,24,9,54,40,30,133,4,18,22,155
02/12/2013,SGF,MO,ACE,CE,Combined TRACON& Tower with Radar,6,56,45,0,107,0,1,4,4,9,6,57,49,4,116,0,0,0,116
02/13/2013,SGF,MO,ACE,CE,Combined TRACON& Tower with Radar,4,40,40,3,87,0,1,9,4,14,4,41,49,7,101,2,0,2,103
02/14/2013,SGF,MO,ACE,CE,Combined TRACON& Tower with Radar,8,48,30,1,87,0,0,20,4,24,8,48,50,5,111,38,0,38,149
02/15/2013,SGF,MO,ACE,CE,Combined TRACON& Tower with Radar,12,44,15,22,93,0,2,17,0,19,12,46,32,22,112,0,24,24,136
02/16/2013,SGF,MO,ACE,CE,Combined TRACON& Tower with Radar,3,29,19,0,51,0,0,13,0,13,3,29,32,0,64,0,0,0,64
02/17/2013,SGF,MO,ACE,CE,Combined TRACON& Tower with Radar,2,39,7,2,50,0,0,15,0,15,2,39,22,2,65,10,0,10,75
02/18/2013,SGF,MO,ACE,CE,Combined TRACON& Tower with Radar,9,48,24,0,81,0,0,5,0,5,9,48,29,0,86,0,0,0,86
02/19/2013,SGF,MO,ACE,CE,Combined TRACON& Tower with Radar,6,47,19,8,80,0,0,22,3,25,6,47,41,11,105,12,0,12,117
02/20/2013,SGF,MO,ACE,CE,Combined TRACON& Tower with Radar,6,46,20,4,76,0,2,5,2,9,6,48,25,6,85,4,0,4,89
02/21/2013,SGF,MO,ACE,CE,Combined TRACON& Tower with Radar,6,22,9,0,37,0,0,0,0,0,6,22,9,0,37,0,0,0,37
02/22/2013,SGF,MO,ACE,CE,Combined TRACON& Tower with Radar,12,38,23,24,97,0,0,9,2,11,12,38,32,26,108,0,30,30,138
02/23/2013,SGF,MO,ACE,CE,Combined TRACON& Tower with Radar,3,32,12,1,48,0,1,20,0,21,3,33,32,1,69,0,0,0,69
02/24/2013,SGF,MO,ACE,CE,Combined TRACON& Tower with Radar,2,38,16,1,57,0,1,19,0,20,2,39,35,1,77,12,0,12,89
02/25/2013,SGF,MO,ACE,CE,Combined TRACON& Tower with Radar,9,42,22,2,75,0,0,5,0,5,9,42,27,2,80,0,0,0,80
02/26/2013,SGF,MO,ACE,CE,Combined TRACON& Tower with Radar,4,41,12,0,57,0,0,0,0,0,4,41,12,0,57,0,0,0,57
02/27/2013,SGF,MO,ACE,CE,Combined TRACON& Tower with Radar,5,43,16,0,64,0,0,0,0,0,5,43,16,0,64,0,0,0,64
02/28/2013,SGF,MO,ACE,CE,Combined TRACON& Tower with Radar,8,52,27,18,105,0,0,7,3,10,8,52,34,21,115,8,8,16,131
03/01/2013,SGF,MO,ACE,CE,Combined TRACON& Tower with Radar,11,46,17,2,76,0,0,4,0,4,11,46,21,2,80,0,0,0,80
03/02/2013,SGF,MO,ACE,CE,Combined TRACON& Tower with Radar,3,39,10,2,54,0,0,6,4,10,3,39,16,6,64,22,0,22,86
03/03/2013,SGF,MO,ACE,CE,Combined TRACON& Tower with Radar,2,41,12,2,57,0,1,32,0,33,2,42,44,2,90,10,0,10,100
03/04/2013,SGF,MO,ACE,CE,Combined TRACON& Tower with Radar,9,44,22,0,75,0,0,9,0,9,9,44,31,0,84,0,0,0,84
03/05/2013,SGF,MO,ACE,CE,Combined TRACON& Tower with Radar,7,43,17,0,67,0,0,11,0,11,7,43,28,0,78,0,0,0,78
03/06/2013,SGF,MO,ACE,CE,Combined TRACON& Tower with Radar,10,42,41,3,96,0,2,16,12,30,10,44,57,15,126,30,0,30,156
03/07/2013,SGF,MO,ACE,CE,Combined TRACON& Tower with Radar,8,43,26,3,80,0,3,35,11,49,8,46,61,14,129,12,0,12,141
03/08/2013,SGF,MO,ACE,CE,Combined TRACON& Tower with Radar,12,47,47,19,125,0,0,18,3,21,12,47,65,22,146,42,18,60,206
03/09/2013,SGF,MO,ACE,CE,Combined TRACON& Tower with Radar,7,34,19,2,62,0,0,9,0,9,7,34,28,2,71,0,0,0,71
03/10/2013,SGF,MO,ACE,CE,Combined TRACON& Tower with Radar,2,46,8,0,56,0,0,1,0,1,2,46,9,0,57,0,0,0,57
03/11/2013,SGF,MO,ACE,CE,Combined TRACON& Tower with Radar,9,49,18,41,117,0,0,12,0,12,9,49,30,41,129,0,0,0,129
03/12/2013,SGF,MO,ACE,CE,Combined TRACON& Tower with Radar,5,49,23,7,84,0,1,18,7,26,5,50,41,14,110,0,0,0,110
03/13/2013,SGF,MO,ACE,CE,Combined TRACON& Tower with Radar,9,43,42,4,98,0,2,15,11,28,9,45,57,15,126,38,0,38,164
03/14/2013,SGF,MO,ACE,CE,Combined TRACON& Tower with Radar,9,44,27,4,84,0,3,10,4,17,9,47,37,8,101,16,6,22,123
03/15/2013,SGF,MO,ACE,CE,Combined TRACON& Tower with Radar,12,45,49,19,125,0,0,16,3,19,12,45,65,22,144,16,0,16,160
03/16/2013,SGF,MO,ACE,CE,Combined TRACON& Tower with Radar,7,36,19,2,64,0,0,9,0,9,7,36,28,2,73,0,0,0,73
03/17/2013,SGF,MO,ACE,CE,Combined TRACON& Tower with Radar,2,46,8,0,56,0,0,1,0,1,2,46,9,0,57,0,0,0,57
03/18/2013,SGF,MO,ACE,CE,Combined TRACON& Tower with Radar,10,50,21,37,118,0,2,8,1,11,10,52,29,38,129,0,0,0,129
03/19/2013,SGF,MO,ACE,CE,Combined TRACON& Tower with Radar,8,44,19,2,73,0,2,20,7,29,8,46,39,9,102,14,7,21,123
03/20/2013,SGF,MO,ACE,CE,Combined TRACON& Tower with Radar,10,53,38,12,113,0,4,14,10,28,10,57,52,22,141,0,0,0,141
03/21/2013,SGF,MO,ACE,CE,Combined TRACON& Tower with Radar,10,48,11,0,69,0,0,1,0,1,10,48,12,0,70,0,0,0,70
03/22/2013,SGF,MO,ACE,CE,Combined TRACON& Tower with Radar,12,43,21,0,76,0,0,1,0,1,12,43,22,0,77,0,0,0,77
03/23/2013,SGF,MO,ACE,CE,Combined TRACON& Tower with Radar,5,36,15,0,56,0,0,0,0,0,5,36,15,0,56,0,0,0,56
03/24/2013,SGF,MO,ACE,CE,Combined TRACON& Tower with Radar,6,37,7,1,51,0,0,0,0,0,6,37,7,1,51,0,0,0,51
03/25/2013,SGF,MO,ACE,CE,Combined TRACON& Tower with Radar,9,45,29,0,83,0,0,5,0,5,9,45,34,0,88,22,0,22,110
03/26/2013,SGF,MO,ACE,CE,Combined TRACON& Tower with Radar,6,57,45,9,117,0,1,29,1,31,6,58,74,10,148,14,0,14,162
03/27/2013,SGF,MO,ACE,CE,Combined TRACON& Tower with Radar,5,50,37,13,105,0,0,15,0,15,5,50,52,13,120,6,14,20,140
03/28/2013,SGF,MO,ACE,CE,Combined TRACON& Tower with Radar,6,46,51,6,109,0,2,13,0,15,6,48,64,6,124,24,0,24,148
03/29/2013,SGF,MO,ACE,CE,Combined TRACON& Tower with Radar,10,43,35,3,91,0,0,23,4,27,10,43,58,7,118,34,0,34,152
03/30/2013,SGF,MO,ACE,CE,Combined TRACON& Tower with Radar,1,33,25,2,61,0,0,4,0,4,1,33,29,2,65,0,0,0,65
03/31/2013,SGF,MO,ACE,CE,Combined TRACON& Tower with Radar,2,40,10,0,52,0,0,22,0,22,2,40,32,0,74,36,0,36,110
04/01/2013,SGF,MO,ACE,CE,Combined TRACON& Tower with Radar,9,52,23,4,88,0,0,10,0,10,9,52,33,4,98,0,0,0,98
04/02/2013,SGF,MO,ACE,CE,Combined TRACON& Tower with Radar,4,48,26,2,80,0,0,11,0,11,4,48,37,2,91,0,0,0,91
04/03/2013,SGF,MO,ACE,CE,Combined TRACON& Tower with Radar,4,47,37,8,96,0,0,8,8,16,4,47,45,16,112,10,12,22,134
04/04/2013,SGF,MO,ACE,CE,Combined TRACON& Tower with Radar,8,50,42,51,151,0,3,26,8,37,8,53,68,59,188,0,108,108,296
04/05/2013,SGF,MO,ACE,CE,Combined TRACON& Tower with Radar,11,45,51,6,113,0,2,43,5,50,11,47,94,11,163,68,0,68,231
04/06/2013,SGF,MO,ACE,CE,Combined TRACON& Tower with Radar,3,35,13,1,52,0,0,23,7,30,3,35,36,8,82,36,0,36,118
04/07/2013,SGF,MO,ACE,CE,Combined TRACON& Tower with Radar,5,44,29,6,84,0,0,18,4,22,5,44,47,10,106,8,0,8,114
04/08/2013,SGF,MO,ACE,CE,Combined TRACON& Tower with Radar,10,49,35,0,94,0,2,7,0,9,10,51,42,0,103,0,0,0,103
04/09/2013,SGF,MO,ACE,CE,Combined TRACON& Tower with Radar,6,40,29,22,97,0,2,2,6,10,6,42,31,28,107,0,8,8,115
04/10/2013,SGF,MO,ACE,CE,Combined TRACON& Tower with Radar,6,44,9,0,59,0,0,0,0,0,6,44,9,0,59,0,0,0,59
04/11/2013,SGF,MO,ACE,CE,Combined TRACON& Tower with Radar,8,40,33,9,90,0,0,12,1,13,8,40,45,10,103,0,0,0,103
04/12/2013,SGF,MO,ACE,CE,Combined TRACON& Tower with Radar,10,41,32,2,85,0,2,29,7,38,10,43,61,9,123,42,0,42,165
04/13/2013,SGF,MO,ACE,CE,Combined TRACON& Tower with Radar,3,32,20,0,55,0,2,27,2,31,3,34,47,2,86,24,0,24,110
04/14/2013,SGF,MO,ACE,CE,Combined TRACON& Tower with Radar,2,47,18,0,67,0,0,20,0,20,2,47,38,0,87,0,0,0,87
04/15/2013,SGF,MO,ACE,CE,Combined TRACON& Tower with Radar,9,45,41,0,95,0,0,10,0,10,9,45,51,0,105,0,0,0,105
04/16/2013,SGF,MO,ACE,CE,Combined TRACON& Tower with Radar,8,50,44,2,104,0,0,2,0,2,8,50,46,2,106,0,0,0,106
04/17/2013,SGF,MO,ACE,CE,Combined TRACON& Tower with Radar,4,45,32,2,83,0,0,4,8,12,4,45,36,10,95,0,0,0,95
04/18/2013,SGF,MO,ACE,CE,Combined TRACON& Tower with Radar,8,52,34,0,94,0,0,5,0,5,8,52,39,0,99,0,0,0,99
04/19/2013,SGF,MO,ACE,CE,Combined TRACON& Tower with Radar,12,45,33,3,93,0,1,10,4,15,12,46,43,7,108,22,0,22,130
04/20/2013,SGF,MO,ACE,CE,Combined TRACON& Tower with Radar,3,32,23,0,58,0,0,21,2,23,3,32,44,2,81,52,0,52,133
04/21/2013,SGF,MO,ACE,CE,Combined TRACON& Tower with Radar,2,44,20,3,69,0,1,24,0,25,2,45,44,3,94,18,0,18,112
04/22/2013,SGF,MO,ACE,CE,Combined TRACON& Tower with Radar,9,52,21,36,118,0,0,9,0,9,9,52,30,36,127,0,6,6,133
04/23/2013,SGF,MO,ACE,CE,Combined TRACON& Tower with Radar,8,50,25,2,85,0,0,0,0,0,8,50,25,2,85,0,0,0,85
04/24/2013,SGF,MO,ACE,CE,Combined TRACON& Tower with Radar,4,50,49,1,104,0,2,17,5,24,4,52,66,6,128,22,0,22,150
04/25/2013,SGF,MO,ACE,CE,Combined TRACON& Tower with Radar,6,53,27,0,86,0,4,28,1,33,6,57,55,1,119,8,0,8,127
04/26/2013,SGF,MO,ACE,CE,Combined TRACON& Tower with Radar,12,48,23,0,83,0,0,2,0,2,12,48,25,0,85,0,0,0,85
04/27/2013,SGF,MO,ACE,CE,Combined TRACON& Tower with Radar,3,31,17,2,53,0,0,0,0,0,3,31,17,2,53,0,0,0,53
04/28/2013,SGF,MO,ACE,CE,Combined TRACON& Tower with Radar,2,49,24,0,75,0,0,30,0,30,2,49,54,0,105,0,0,0,105
04/29/2013,SGF,MO,ACE,CE,Combined TRACON& Tower with Radar,9,48,37,0,94,0,0,21,0,21,9,48,58,0,115,0,0,0,115
04/30/2013,SGF,MO,ACE,CE,Combined TRACON& Tower with Radar,6,43,36,5,90,0,0,13,2,15,6,43,49,7,105,4,2,6,111
05/01/2013,SGF,MO,ACE,CE,Combined TRACON& Tower with Radar,6,42,37,3,88,0,2,18,10,30,6,44,55,13,118,4,0,4,122
05/02/2013,SGF,MO,ACE,CE,Combined TRACON& Tower with Radar,9,46,37,9,101,0,0,1,2,3,9,46,38,11,104,0,0,0,104
05/03/2013,SGF,MO,ACE,CE,Combined TRACON& Tower with Radar,13,40,17,2,72,0,0,0,0,0,13,40,17,2,72,0,0,0,72
05/04/2013,SGF,MO,ACE,CE,Combined TRACON& Tower with Radar,3,36,8,0,47,0,0,0,0,0,3,36,8,0,47,0,0,0,47
05/05/2013,SGF,MO,ACE,CE,Combined TRACON& Tower with Radar,2,43,16,1,62,0,0,6,0,6,2,43,22,1,68,0,0,0,68
05/06/2013,SGF,MO,ACE,CE,Combined TRACON& Tower with Radar,9,53,23,7,92,0,0,6,1,7,9,53,29,8,99,0,0,0,99
05/07/2013,SGF,MO,ACE,CE,Combined TRACON& Tower with Radar,8,50,49,8,115,0,0,18,13,31,8,50,67,21,146,8,0,8,154
05/08/2013,SGF,MO,ACE,CE,Combined TRACON& Tower with Radar,6,46,51,2,105,0,0,33,11,44,6,46,84,13,149,16,0,16,165
05/09/2013,SGF,MO,ACE,CE,Combined TRACON& Tower with Radar,8,47,37,3,95,0,0,15,5,20,8,47,52,8,115,44,0,44,159
05/10/2013,SGF,MO,ACE,CE,Combined TRACON& Tower with Radar,12,48,28,24,112,0,0,3,6,9,12,48,31,30,121,0,8,8,129
05/11/2013,SGF,MO,ACE,CE,Combined TRACON& Tower with Radar,5,33,13,1,52,0,2,24,0,26,5,35,37,1,78,16,0,16,94
05/12/2013,SGF,MO,ACE,CE,Combined TRACON& Tower with Radar,2,43,18,0,63,0,0,20,0,20,2,43,38,0,83,0,0,0,83
05/13/2013,SGF,MO,ACE,CE,Combined TRACON& Tower with Radar,9,56,20,0,85,0,0,16,0,16,9,56,36,0,101,8,0,8,109
05/14/2013,SGF,MO,ACE,CE,Combined TRACON& Tower with Radar,8,45,40,2,95,0,2,22,6,30,8,47,62,8,125,0,0,0,125
05/15/2013,SGF,MO,ACE,CE,Combined TRACON& Tower with Radar,6,44,36,7,93,0,1,12,3,16,6,45,48,10,109,17,0,17,126
05/16/2013,SGF,MO,ACE,CE,Combined TRACON& Tower with Radar,8,47,27,0,82,0,0,4,2,6,8,47,31,2,88,6,0,6,94
05/17/2013,SGF,MO,ACE,CE,Combined TRACON& Tower with Radar,10,48,34,2,94,0,0,23,4,27,10,48,57,6,121,0,0,0,121
05/18/2013,SGF,MO,ACE,CE,Combined TRACON& Tower with Radar,3,37,12,6,58,0,0,7,0,7,3,37,19,6,65,0,0,0,65
05/19/2013,SGF,MO,ACE,CE,Combined TRACON& Tower with Radar,6,43,23,0,72,0,0,19,0,19,6,43,42,0,91,0,0,0,91
05/20/2013,SGF,MO,ACE,CE,Combined TRACON& Tower with Radar,8,51,17,0,76,0,0,2,1,3,8,51,19,1,79,0,0,0,79
05/21/2013,SGF,MO,ACE,CE,Combined TRACON& Tower with Radar,5,47,24,2,78,0,0,7,1,8,5,47,31,3,86,0,0,0,86
05/22/2013,SGF,MO,ACE,CE,Combined TRACON& Tower with Radar,8,48,52,4,112,0,0,46,11,57,8,48,98,15,169,0,0,0,169
05/23/2013,SGF,MO,ACE,CE,Combined TRACON& Tower with Radar,8,51,43,0,102,0,1,21,7,29,8,52,64,7,131,38,0,38,169
05/24/2013,SGF,MO,ACE,CE,Combined TRACON& Tower with Radar,10,41,17,0,68,0,0,21,0,21,10,41,38,0,89,0,0,0,89
05/25/2013,SGF,MO,ACE,CE,Combined TRACON& Tower with Radar,5,34,10,0,49,0,1,14,0,15,5,35,24,0,64,0,0,0,64
05/26/2013,SGF,MO,ACE,CE,Combined TRACON& Tower with Radar,2,34,9,0,45,0,4,5,0,9,2,38,14,0,54,10,0,10,64
05/27/2013,SGF,MO,ACE,CE,Combined TRACON& Tower with Radar,10,46,29,1,86,0,1,21,0,22,10,47,50,1,108,0,0,0,108
05/28/2013,SGF,MO,ACE,CE,Combined TRACON& Tower with Radar,9,46,30,2,87,0,1,8,7,16,9,47,38,9,103,0,0,0,103
05/29/2013,SGF,MO,ACE,CE,Combined TRACON& Tower with Radar,10,48,44,23,125,0,4,13,11,28,10,52,57,34,153,52,12,64,217
05/30/2013,SGF,MO,ACE,CE,Combined TRACON& Tower with Radar,8,44,13,0,65,0,0,4,0,4,8,44,17,0,69,0,0,0,69
05/31/2013,SGF,MO,ACE,CE,Combined TRACON& Tower with Radar,12,44,31,1,88,0,0,12,3,15,12,44,43,4,103,14,0,14,117
06/01/2013,SGF,MO,ACE,CE,Combined TRACON& Tower with Radar,5,39,4,11,59,0,0,15,0,15,5,39,19,11,74,0,0,0,74
06/02/2013,SGF,MO,ACE,CE,Combined TRACON& Tower with Radar,2,45,27,9,83,0,0,8,0,8,2,45,35,9,91,0,0,0,91
06/03/2013,SGF,MO,ACE,CE,Combined TRACON& Tower with Radar,9,42,24,0,75,0,0,20,0,20,9,42,44,0,95,14,0,14,109
06/04/2013,SGF,MO,ACE,CE,Combined TRACON& Tower with Radar,10,47,16,1,74,0,0,7,4,11,10,47,23,5,85,0,0,0,85
06/05/2013,SGF,MO,ACE,CE,Combined TRACON& Tower with Radar,10,51,29,0,90,0,0,1,0,1,10,51,30,0,91,0,0,0,91
06/06/2013,SGF,MO,ACE,CE,Combined TRACON& Tower with Radar,11,43,38,24,116,0,7,9,6,22,11,50,47,30,138,0,8,8,146
06/07/2013,SGF,MO,ACE,CE,Combined TRACON& Tower with Radar,14,44,27,6,91,0,2,23,8,33,14,46,50,14,124,0,0,0,124
06/08/2013,SGF,MO,ACE,CE,Combined TRACON& Tower with Radar,7,37,25,0,69,0,3,34,2,39,7,40,59,2,108,12,0,12,120
06/09/2013,SGF,MO,ACE,CE,Combined TRACON& Tower with Radar,4,43,7,0,54,0,0,16,0,16,4,43,23,0,70,0,0,0,70
06/10/2013,SGF,MO,ACE,CE,Combined TRACON& Tower with Radar,11,56,23,46,136,0,2,17,2,21,11,58,40,48,157,10,52,62,219
06/11/2013,SGF,MO,ACE,CE,Combined TRACON& Tower with Radar,10,63,35,7,115,0,0,32,6,38,10,63,67,13,153,0,0,0,153
06/12/2013,SGF,MO,ACE,CE,Combined TRACON& Tower with Radar,10,51,33,1,95,0,3,11,11,25,10,54,44,12,120,34,0,34,154
06/13/2013,SGF,MO,ACE,CE,Combined TRACON& Tower with Radar,10,46,34,1,91,0,0,17,6,23,10,46,51,7,114,6,0,6,120
06/14/2013,SGF,MO,ACE,CE,Combined TRACON& Tower with Radar,14,53,34,7,108,0,0,19,3,22,14,53,53,10,130,10,0,10,140
06/15/2013,SGF,MO,ACE,CE,Combined TRACON& Tower with Radar,11,37,4,0,52,0,1,7,0,8,11,38,11,0,60,0,0,0,60
06/16/2013,SGF,MO,ACE,CE,Combined TRACON& Tower with Radar,4,48,24,0,76,0,0,11,0,11,4,48,35,0,87,0,0,0,87
06/17/2013,SGF,MO,ACE,CE,Combined TRACON& Tower with Radar,11,56,19,22,108,0,0,10,0,10,11,56,29,22,118,0,0,0,118
06/18/2013,SGF,MO,ACE,CE,Combined TRACON& Tower with Radar,10,50,31,7,98,0,3,25,3,31,10,53,56,10,129,52,0,52,181
06/19/2013,SGF,MO,ACE,CE,Combined TRACON& Tower with Radar,10,53,38,0,101,0,2,15,4,21,10,55,53,4,122,46,0,46,168
06/20/2013,SGF,MO,ACE,CE,Combined TRACON& Tower with Radar,12,50,44,2,108,0,2,30,0,32,12,52,74,2,140,44,0,44,184
06/21/2013,SGF,MO,ACE,CE,Combined TRACON& Tower with Radar,14,38,26,4,82,0,0,28,3,31,14,38,54,7,113,0,0,0,113
06/22/2013,SGF,MO,ACE,CE,Combined TRACON& Tower with Radar,7,35,13,0,55,0,1,20,0,21,7,36,33,0,76,10,0,10,86
06/23/2013,SGF,MO,ACE,CE,Combined TRACON& Tower with Radar,4,43,19,0,66,0,0,24,0,24,4,43,43,0,90,20,0,20,110
06/24/2013,SGF,MO,ACE,CE,Combined TRACON& Tower with Radar,10,49,30,0,89,0,0,10,0,10,10,49,40,0,99,39,0,39,138
06/25/2013,SGF,MO,ACE,CE,Combined TRACON& Tower with Radar,11,46,42,10,109,0,1,22,5,28,11,47,64,15,137,0,0,0,137
06/26/2013,SGF,MO,ACE,CE,Combined TRACON& Tower with Radar,10,49,43,9,111,0,3,17,6,26,10,52,60,15,137,44,0,44,181
06/27/2013,SGF,MO,ACE,CE,Combined TRACON& Tower with Radar,10,50,49,9,118,0,1,15,8,24,10,51,64,17,142,0,0,0,142
06/28/2013,SGF,MO,ACE,CE,Combined TRACON& Tower with Radar,18,50,32,2,102,0,4,15,10,29,18,54,47,12,131,42,20,62,193
06/29/2013,SGF,MO,ACE,CE,Combined TRACON& Tower with Radar,10,42,24,0,76,0,0,35,0,35,10,42,59,0,111,60,10,70,181
06/30/2013,SGF,MO,ACE,CE,Combined TRACON& Tower with Radar,3,50,29,0,82,0,1,17,0,18,3,51,46,0,100,10,0,10,110
07/01/2013,SGF,MO,ACE,CE,Combined TRACON& Tower with Radar,13,45,24,0,82,0,2,13,2,17,13,47,37,2,99,0,0,0,99
07/02/2013,SGF,MO,ACE,CE,Combined TRACON& Tower with Radar,10,46,21,1,78,0,0,25,3,28,10,46,46,4,106,62,0,62,168
07/03/2013,SGF,MO,ACE,CE,Combined TRACON& Tower with Radar,10,48,35,2,95,0,0,16,6,22,10,48,51,8,117,26,0,26,143
07/04/2013,SGF,MO,ACE,CE,Combined TRACON& Tower with Radar,4,28,8,0,40,0,0,37,0,37,4,28,45,0,77,0,0,0,77
07/05/2013,SGF,MO,ACE,CE,Combined TRACON& Tower with Radar,14,34,12,0,60,0,0,37,0,37,14,34,49,0,97,78,0,78,175
07/06/2013,SGF,MO,ACE,CE,Combined TRACON& Tower with Radar,9,38,11,0,58,0,2,30,0,32,9,40,41,0,90,2,0,2,92
07/07/2013,SGF,MO,ACE,CE,Combined TRACON& Tower with Radar,3,48,23,2,76,0,0,20,0,20,3,48,43,2,96,26,0,26,122
07/08/2013,SGF,MO,ACE,CE,Combined TRACON& Tower with Radar,10,51,10,2,73,0,3,21,0,24,10,54,31,2,97,20,0,20,117
07/09/2013,SGF,MO,ACE,CE,Combined TRACON& Tower with Radar,10,53,33,0,96,0,0,32,4,36,10,53,65,4,132,74,0,74,206
07/10/2013,SGF,MO,ACE,CE,Combined TRACON& Tower with Radar,10,42,43,2,97,0,3,9,2,14,10,45,52,4,111,0,0,0,111
07/11/2013,SGF,MO,ACE,CE,Combined TRACON& Tower with Radar,10,46,27,3,86,0,7,20,5,32,10,53,47,8,118,26,0,26,144
07/12/2013,SGF,MO,ACE,CE,Combined TRACON& Tower with Radar,14,45,31,11,101,0,0,44,5,49,14,45,75,16,150,44,20,64,214
07/13/2013,SGF,MO,ACE,CE,Combined TRACON& Tower with Radar,9,44,14,4,71,0,1,39,0,40,9,45,53,4,111,52,0,52,163
07/14/2013,SGF,MO,ACE,CE,Combined TRACON& Tower with Radar,4,41,24,0,69,0,0,20,0,20,4,41,44,0,89,0,0,0,89
07/15/2013,SGF,MO,ACE,CE,Combined TRACON& Tower with Radar,11,48,34,11,104,0,0,9,0,9,11,48,43,11,113,0,0,0,113
07/16/2013,SGF,MO,ACE,CE,Combined TRACON& Tower with Radar,7,54,31,0,92,0,1,21,4,26,7,55,52,4,118,0,0,0,118
07/17/2013,SGF,MO,ACE,CE,Combined TRACON& Tower with Radar,14,59,40,2,115,0,3,16,2,21,14,62,56,4,136,30,0,30,166
07/18/2013,SGF,MO,ACE,CE,Combined TRACON& Tower with Radar,10,44,30,2,86,0,1,18,2,21,10,45,48,4,107,12,0,12,119
07/19/2013,SGF,MO,ACE,CE,Combined TRACON& Tower with Radar,16,49,41,17,123,0,0,27,1,28,16,49,68,18,151,34,8,42,193
07/20/2013,SGF,MO,ACE,CE,Combined TRACON& Tower with Radar,7,37,13,0,57,0,2,18,0,20,7,39,31,0,77,20,0,20,97
07/21/2013,SGF,MO,ACE,CE,Combined TRACON& Tower with Radar,4,47,13,0,64,0,0,11,0,11,4,47,24,0,75,28,0,28,103
07/22/2013,SGF,MO,ACE,CE,Combined TRACON& Tower with Radar,11,46,33,2,92,0,0,23,2,25,11,46,56,4,117,19,0,19,136
07/23/2013,SGF,MO,ACE,CE,Combined TRACON& Tower with Radar,6,46,37,3,92,0,4,30,3,37,6,50,67,6,129,0,0,0,129
07/24/2013,SGF,MO,ACE,CE,Combined TRACON& Tower with Radar,10,64,35,12,121,0,1,28,8,37,10,65,63,20,158,32,32,64,222
07/25/2013,SGF,MO,ACE,CE,Combined TRACON& Tower with Radar,8,49,34,2,93,0,4,28,3,35,8,53,62,5,128,24,42,66,194
07/26/2013,SGF,MO,ACE,CE,Combined TRACON& Tower with Radar,10,53,33,0,96,0,1,2,0,3,10,54,35,0,99,0,0,0,99
07/27/2013,SGF,MO,ACE,CE,Combined TRACON& Tower with Radar,9,37,27,2,75,0,1,31,0,32,9,38,58,2,107,0,0,0,107
07/28/2013,SGF,MO,ACE,CE,Combined TRACON& Tower with Radar,4,46,16,0,66,0,0,25,0,25,4,46,41,0,91,2,0,2,93
07/29/2013,SGF,MO,ACE,CE,Combined TRACON& Tower with Radar,11,55,22,0,88,0,1,17,0,18,11,56,39,0,106,0,0,0,106
07/30/2013,SGF,MO,ACE,CE,Combined TRACON& Tower with Radar,4,51,33,30,118,0,0,8,3,11,4,51,41,33,129,0,6,6,135
07/31/2013,SGF,MO,ACE,CE,Combined TRACON& Tower with Radar,10,62,55,6,133,0,4,29,2,35,10,66,84,8,168,32,20,52,220
08/01/2013,SGF,MO,ACE,CE,Combined TRACON& Tower with Radar,10,58,48,10,126,0,1,36,8,45,10,59,84,18,171,0,46,46,217
08/02/2013,SGF,MO,ACE,CE,Combined TRACON& Tower with Radar,14,51,28,4,97,0,0,11,0,11,14,51,39,4,108,20,0,20,128
08/03/2013,SGF,MO,ACE,CE,Combined TRACON& Tower with Radar,7,40,22,0,69,0,0,18,0,18,7,40,40,0,87,0,0,0,87
08/04/2013,SGF,MO,ACE,CE,Combined TRACON& Tower with Radar,4,49,9,0,62,0,0,6,0,6,4,49,15,0,68,0,0,0,68
08/05/2013,SGF,MO,ACE,CE,Combined TRACON& Tower with Radar,11,53,32,0,96,0,0,15,0,15,11,53,47,0,111,0,0,0,111
08/06/2013,SGF,MO,ACE,CE,Combined TRACON& Tower with Radar,4,54,37,0,95,0,2,15,4,21,4,56,52,4,116,0,0,0,116
08/07/2013,SGF,MO,ACE,CE,Combined TRACON& Tower with Radar,10,53,41,9,113,0,4,12,2,18,10,57,53,11,131,0,10,10,141
08/08/2013,SGF,MO,ACE,CE,Combined TRACON& Tower with Radar,10,50,39,1,100,0,0,8,3,11,10,50,47,4,111,0,0,0,111
08/09/2013,SGF,MO,ACE,CE,Combined TRACON& Tower with Radar,14,44,27,2,87,0,0,9,4,13,14,44,36,6,100,0,0,0,100
08/10/2013,SGF,MO,ACE,CE,Combined TRACON& Tower with Radar,3,41,18,4,66,0,0,20,0,20,3,41,38,4,86,0,0,0,86
08/11/2013,SGF,MO,ACE,CE,Combined TRACON& Tower with Radar,4,53,19,0,76,0,0,19,0,19,4,53,38,0,95,0,0,0,95
08/12/2013,SGF,MO,ACE,CE,Combined TRACON& Tower with Radar,11,51,33,0,95,0,0,8,0,8,11,51,41,0,103,0,0,0,103
08/13/2013,SGF,MO,ACE,CE,Combined TRACON& Tower with Radar,6,47,20,3,76,0,0,10,8,18,6,47,30,11,94,2,0,2,96
08/14/2013,SGF,MO,ACE,CE,Combined TRACON& Tower with Radar,6,48,39,0,93,0,6,25,10,41,6,54,64,10,134,22,0,22,156
08/15/2013,SGF,MO,ACE,CE,Combined TRACON& Tower with Radar,16,57,44,8,125,0,4,22,9,35,16,61,66,17,160,10,0,10,170
08/16/2013,SGF,MO,ACE,CE,Combined TRACON& Tower with Radar,10,49,28,0,87,0,0,28,3,31,10,49,56,3,118,10,0,10,128
08/17/2013,SGF,MO,ACE,CE,Combined TRACON& Tower with Radar,3,36,14,0,53,0,0,37,1,38,3,36,51,1,91,18,0,18,109
08/18/2013,SGF,MO,ACE,CE,Combined TRACON& Tower with Radar,4,43,13,0,60,0,0,16,1,17,4,43,29,1,77,20,0,20,97
08/19/2013,SGF,MO,ACE,CE,Combined TRACON& Tower with Radar,7,47,29,0,83,0,0,21,0,21,7,47,50,0,104,34,0,34,138
08/20/2013,SGF,MO,ACE,CE,Combined TRACON& Tower with Radar,6,49,37,4,96,0,0,18,6,24,6,49,55,10,120,0,0,0,120
08/21/2013,SGF,MO,ACE,CE,Combined TRACON& Tower with Radar,6,53,29,2,90,0,1,12,17,30,6,54,41,19,120,6,10,16,136
08/22/2013,SGF,MO,ACE,CE,Combined TRACON& Tower with Radar,12,39,34,10,95,0,0,16,8,24,12,39,50,18,119,8,0,8,127
08/23/2013,SGF,MO,ACE,CE,Combined TRACON& Tower with Radar,8,81,28,15,132,0,30,25,10,65,8,111,53,25,197,12,0,12,209
08/24/2013,SGF,MO,ACE,CE,Combined TRACON& Tower with Radar,3,37,12,10,62,0,0,16,0,16,3,37,28,10,78,20,0,20,98
08/25/2013,SGF,MO,ACE,CE,Combined TRACON& Tower with Radar,4,44,16,0,64,0,0,19,0,19,4,44,35,0,83,22,0,22,105
08/26/2013,SGF,MO,ACE,CE,Combined TRACON& Tower with Radar,7,59,26,0,92,0,0,11,0,11,7,59,37,0,103,0,0,0,103
08/27/2013,SGF,MO,ACE,CE,Combined TRACON& Tower with Radar,8,51,26,5,90,0,2,15,7,24,8,53,41,12,114,0,0,0,114
08/28/2013,SGF,MO,ACE,CE,Combined TRACON& Tower with Radar,6,55,28,3,92,0,3,15,9,27,6,58,43,12,119,20,0,20,139
08/29/2013,SGF,MO,ACE,CE,Combined TRACON& Tower with Radar,12,49,30,3,94,0,1,16,10,27,12,50,46,13,121,36,0,36,157
08/30/2013,SGF,MO,ACE,CE,Combined TRACON& Tower with Radar,10,44,37,0,91,0,0,20,0,20,10,44,57,0,111,20,0,20,131
08/31/2013,SGF,MO,ACE,CE,Combined TRACON& Tower with Radar,5,31,15,0,51,0,2,23,2,27,5,33,38,2,78,22,0,22,100
09/01/2013,SGF,MO,ACE,CE,Combined TRACON& Tower with Radar,4,26,9,0,39,0,2,12,0,14,4,28,21,0,53,0,0,0,53
09/02/2013,SGF,MO,ACE,CE,Combined TRACON& Tower with Radar,4,42,17,0,63,0,1,20,0,21,4,43,37,0,84,0,0,0,84
09/03/2013,SGF,MO,ACE,CE,Combined TRACON& Tower with Radar,7,50,28,5,90,0,2,22,5,29,7,52,50,10,119,10,12,22,141
09/04/2013,SGF,MO,ACE,CE,Combined TRACON& Tower with Radar,4,53,38,5,100,0,0,21,7,28,4,53,59,12,128,14,22,36,164
09/05/2013,SGF,MO,ACE,CE,Combined TRACON& Tower with Radar,10,55,38,3,106,0,0,18,5,23,10,55,56,8,129,48,28,76,205
09/06/2013,SGF,MO,ACE,CE,Combined TRACON& Tower with Radar,10,52,28,6,96,0,2,32,2,36,10,54,60,8,132,31,0,31,163
09/07/2013,SGF,MO,ACE,CE,Combined TRACON& Tower with Radar,3,35,20,0,58,0,0,20,0,20,3,35,40,0,78,44,0,44,122
09/08/2013,SGF,MO,ACE,CE,Combined TRACON& Tower with Radar,4,44,20,0,68,0,0,15,0,15,4,44,35,0,83,0,0,0,83
09/09/2013,SGF,MO,ACE,CE,Combined TRACON& Tower with Radar,7,56,28,1,92,0,2,24,0,26,7,58,52,1,118,0,0,0,118
09/10/2013,SGF,MO,ACE,CE,Combined TRACON& Tower with Radar,4,50,27,2,83,0,0,18,2,20,4,50,45,4,103,0,0,0,103
09/11/2013,SGF,MO,ACE,CE,Combined TRACON& Tower with Radar,6,55,41,4,106,0,0,18,4,22,6,55,59,8,128,20,0,20,148
09/12/2013,SGF,MO,ACE,CE,Combined TRACON& Tower with Radar,10,53,33,3,99,0,0,13,7,20,10,53,46,10,119,18,4,22,141
09/13/2013,SGF,MO,ACE,CE,Combined TRACON& Tower with Radar,8,52,36,20,116,0,0,31,4,35,8,52,67,24,151,12,0,12,163
09/14/2013,SGF,MO,ACE,CE,Combined TRACON& Tower with Radar,3,36,12,0,51,0,1,35,0,36,3,37,47,0,87,8,0,8,95
09/15/2013,SGF,MO,ACE,CE,Combined TRACON& Tower with Radar,4,47,30,4,85,0,0,21,0,21,4,47,51,4,106,0,0,0,106
09/16/2013,SGF,MO,ACE,CE,Combined TRACON& Tower with Radar,7,57,29,0,93,0,1,1,0,2,7,58,30,0,95,0,0,0,95
09/17/2013,SGF,MO,ACE,CE,Combined TRACON& Tower with Radar,6,50,46,7,109,0,1,6,9,16,6,51,52,16,125,0,0,0,125
09/18/2013,SGF,MO,ACE,CE,Combined TRACON& Tower with Radar,3,41,31,20,95,0,1,6,7,14,3,42,37,27,109,0,26,26,135
09/19/2013,SGF,MO,ACE,CE,Combined TRACON& Tower with Radar,10,54,40,0,104,0,0,9,3,12,10,54,49,3,116,10,0,10,126
09/20/2013,SGF,MO,ACE,CE,Combined TRACON& Tower with Radar,8,54,32,7,101,0,0,12,1,13,8,54,44,8,114,6,0,6,120
09/21/2013,SGF,MO,ACE,CE,Combined TRACON& Tower with Radar,5,34,24,0,63,0,0,31,0,31,5,34,55,0,94,12,0,12,106
09/22/2013,SGF,MO,ACE,CE,Combined TRACON& Tower with Radar,2,43,25,0,70,0,2,27,0,29,2,45,52,0,99,22,0,22,121
09/23/2013,SGF,MO,ACE,CE,Combined TRACON& Tower with Radar,9,47,36,0,92,0,0,27,6,33,9,47,63,6,125,14,0,14,139
09/24/2013,SGF,MO,ACE,CE,Combined TRACON& Tower with Radar,6,53,40,0,99,0,2,27,0,29,6,55,67,0,128,0,0,0,128
09/25/2013,SGF,MO,ACE,CE,Combined TRACON& Tower with Radar,6,60,32,2,100,0,0,27,9,36,6,60,59,11,136,6,0,6,142
09/26/2013,SGF,MO,ACE,CE,Combined TRACON& Tower with Radar,10,53,47,9,119,0,0,16,7,23,10,53,63,16,142,36,0,36,178
09/27/2013,SGF,MO,ACE,CE,Combined TRACON& Tower with Radar,10,49,34,1,94,0,0,20,11,31,10,49,54,12,125,10,0,10,135
09/28/2013,SGF,MO,ACE,CE,Combined TRACON& Tower with Radar,3,37,23,0,63,0,1,12,0,13,3,38,35,0,76,8,0,8,84
09/29/2013,SGF,MO,ACE,CE,Combined TRACON& Tower with Radar,4,45,31,0,80,0,1,22,1,24,4,46,53,1,104,18,0,18,122
09/30/2013,SGF,MO,ACE,CE,Combined TRACON& Tower with Radar,9,48,30,0,87,0,0,6,0,6,9,48,36,0,93,0,0,0,93
10/01/2013,SGF,MO,ACE,CE,Combined TRACON& Tower with Radar,4,46,43,0,93,0,1,14,0,15,4,47,57,0,108,0,0,0,108
10/02/2013,SGF,MO,ACE,CE,Combined TRACON& Tower with Radar,6,52,44,0,102,0,2,17,0,19,6,54,61,0,121,0,0,0,121
10/03/2013,SGF,MO,ACE,CE,Combined TRACON& Tower with Radar,14,56,38,3,111,0,2,16,1,19,14,58,54,4,130,56,0,56,186
10/04/2013,SGF,MO,ACE,CE,Combined TRACON& Tower with Radar,12,49,34,12,107,0,0,16,0,16,12,49,50,12,123,6,0,6,129
10/05/2013,SGF,MO,ACE,CE,Combined TRACON& Tower with Radar,6,35,14,0,55,0,0,4,0,4,6,35,18,0,59,0,0,0,59
10/06/2013,SGF,MO,ACE,CE,Combined TRACON& Tower with Radar,4,47,21,0,72,0,0,12,0,12,4,47,33,0,84,0,0,0,84
10/07/2013,SGF,MO,ACE,CE,Combined TRACON& Tower with Radar,8,56,29,0,93,0,0,19,0,19,8,56,48,0,112,0,0,0,112
10/08/2013,SGF,MO,ACE,CE,Combined TRACON& Tower with Radar,7,43,32,0,82,0,0,34,0,34,7,43,66,0,116,21,0,21,137
10/09/2013,SGF,MO,ACE,CE,Combined TRACON& Tower with Radar,6,52,61,2,121,0,1,38,0,39,6,53,99,2,160,24,0,24,184
10/10/2013,SGF,MO,ACE,CE,Combined TRACON& Tower with Radar,10,54,44,0,108,0,2,28,0,30,10,56,72,0,138,62,0,62,200
10/11/2013,SGF,MO,ACE,CE,Combined TRACON& Tower with Radar,12,50,23,2,87,0,0,11,0,11,12,50,34,2,98,0,0,0,98
10/12/2013,SGF,MO,ACE,CE,Combined TRACON& Tower with Radar,5,36,21,0,62,0,0,14,0,14,5,36,35,0,76,10,0,10,86
10/13/2013,SGF,MO,ACE,CE,Combined TRACON& Tower with Radar,2,44,22,0,68,0,0,27,0,27,2,44,49,0,95,28,0,28,123
10/14/2013,SGF,MO,ACE,CE,Combined TRACON& Tower with Radar,9,50,37,0,96,0,0,25,0,25,9,50,62,0,121,0,0,0,121
10/15/2013,SGF,MO,ACE,CE,Combined TRACON& Tower with Radar,6,48,47,0,101,0,0,2,0,2,6,48,49,0,103,0,0,0,103
10/16/2013,SGF,MO,ACE,CE,Combined TRACON& Tower with Radar,6,50,37,11,104,0,3,22,0,25,6,53,59,11,129,42,0,42,171
10/17/2013,SGF,MO,ACE,CE,Combined TRACON& Tower with Radar,10,53,40,4,107,0,2,16,0,18,10,55,56,4,125,0,0,0,125
10/18/2013,SGF,MO,ACE,CE,Combined TRACON& Tower with Radar,14,48,34,2,98,0,0,10,0,10,14,48,44,2,108,0,0,0,108
10/19/2013,SGF,MO,ACE,CE,Combined TRACON& Tower with Radar,5,34,27,0,66,0,3,17,0,20,5,37,44,0,86,0,0,0,86
10/20/2013,SGF,MO,ACE,CE,Combined TRACON& Tower with Radar,4,46,18,0,68,0,1,24,0,25,4,47,42,0,93,4,0,4,97
10/21/2013,SGF,MO,ACE,CE,Combined TRACON& Tower with Radar,7,46,20,0,73,0,0,8,0,8,7,46,28,0,81,0,0,0,81
10/22/2013,SGF,MO,ACE,CE,Combined TRACON& Tower with Radar,6,51,26,6,89,0,0,14,2,16,6,51,40,8,105,16,0,16,121
10/23/2013,SGF,MO,ACE,CE,Combined TRACON& Tower with Radar,6,57,36,2,101,0,5,15,1,21,6,62,51,3,122,12,0,12,134
10/24/2013,SGF,MO,ACE,CE,Combined TRACON& Tower with Radar,10,50,24,0,84,0,0,9,2,11,10,50,33,2,95,0,16,16,111
10/25/2013,SGF,MO,ACE,CE,Combined TRACON& Tower with Radar,10,57,34,0,101,0,1,35,0,36,10,58,69,0,137,0,0,0,137
10/26/2013,SGF,MO,ACE,CE,Combined TRACON& Tower with Radar,5,33,22,0,60,0,2,24,0,26,5,35,46,0,86,0,0,0,86
10/27/2013,SGF,MO,ACE,CE,Combined TRACON& Tower with Radar,4,46,15,0,65,0,2,44,0,46,4,48,59,0,111,60,0,60,171
10/28/2013,SGF,MO,ACE,CE,Combined TRACON& Tower with Radar,7,51,37,0,95,0,2,9,0,11,7,53,46,0,106,0,0,0,106
10/29/2013,SGF,MO,ACE,CE,Combined TRACON& Tower with Radar,6,48,22,2,78,0,0,0,0,0,6,48,22,2,78,0,0,0,78
10/30/2013,SGF,MO,ACE,CE,Combined TRACON& Tower with Radar,6,46,27,2,81,0,0,1,2,3,6,46,28,4,84,12,0,12,96
10/31/2013,SGF,MO,ACE,CE,Combined TRACON& Tower with Radar,10,47,19,0,76,0,0,2,0,2,10,47,21,0,78,0,0,0,78
11/01/2013,SGF,MO,ACE,CE,Combined TRACON& Tower with Radar,12,55,39,0,106,0,1,38,5,44,12,56,77,5,150,0,0,0,150
11/02/2013,SGF,MO,ACE,CE,Combined TRACON& Tower with Radar,3,39,18,1,61,0,3,13,1,17,3,42,31,2,78,6,0,6,84
11/03/2013,SGF,MO,ACE,CE,Combined TRACON& Tower with Radar,4,46,22,0,72,0,6,4,2,12,4,52,26,2,84,20,0,20,104
11/04/2013,SGF,MO,ACE,CE,Combined TRACON& Tower with Radar,9,48,14,0,71,0,2,4,0,6,9,50,18,0,77,10,0,10,87
11/05/2013,SGF,MO,ACE,CE,Combined TRACON& Tower with Radar,6,52,48,0,106,0,0,0,0,0,6,52,48,0,106,0,0,0,106
11/06/2013,SGF,MO,ACE,CE,Combined TRACON& Tower with Radar,6,45,36,0,87,0,0,6,2,8,6,45,42,2,95,0,0,0,95
11/07/2013,SGF,MO,ACE,CE,Combined TRACON& Tower with Radar,10,57,36,0,103,0,3,19,2,24,10,60,55,2,127,0,0,0,127
11/08/2013,SGF,MO,ACE,CE,Combined TRACON& Tower with Radar,12,53,31,0,96,0,1,36,0,37,12,54,67,0,133,80,0,80,213
11/09/2013,SGF,MO,ACE,CE,Combined TRACON& Tower with Radar,4,37,24,0,65,0,2,24,0,26,4,39,48,0,91,6,0,6,97
11/10/2013,SGF,MO,ACE,CE,Combined TRACON& Tower with Radar,4,43,19,2,68,0,0,21,0,21,4,43,40,2,89,0,0,0,89
11/11/2013,SGF,MO,ACE,CE,Combined TRACON& Tower with Radar,10,58,28,0,96,0,0,12,0,12,10,58,40,0,108,0,0,0,108
11/12/2013,SGF,MO,ACE,CE,Combined TRACON& Tower with Radar,6,54,33,3,96,0,2,10,3,15,6,56,43,6,111,0,0,0,111
11/13/2013,SGF,MO,ACE,CE,Combined TRACON& Tower with Radar,6,49,27,3,85,0,0,17,7,24,6,49,44,10,109,10,0,10,119
11/14/2013,SGF,MO,ACE,CE,Combined TRACON& Tower with Radar,10,50,32,4,96,0,0,25,15,40,10,50,57,19,136,14,0,14,150
11/15/2013,SGF,MO,ACE,CE,Combined TRACON& Tower with Radar,12,51,29,34,126,0,0,19,4,23,12,51,48,38,149,18,24,42,191
11/16/2013,SGF,MO,ACE,CE,Combined TRACON& Tower with Radar,5,38,13,0,56,0,1,4,0,5,5,39,17,0,61,0,0,0,61
11/17/2013,SGF,MO,ACE,CE,Combined TRACON& Tower with Radar,4,40,16,0,60,0,0,6,2,8,4,40,22,2,68,0,0,0,68
11/18/2013,SGF,MO,ACE,CE,Combined TRACON& Tower with Radar,11,54,28,0,93,0,0,27,0,27,11,54,55,0,120,0,0,0,120
11/19/2013,SGF,MO,ACE,CE,Combined TRACON& Tower with Radar,8,61,42,1,112,0,0,19,3,22,8,61,61,4,134,8,0,8,142
11/20/2013,SGF,MO,ACE,CE,Combined TRACON& Tower with Radar,8,52,39,2,101,0,4,12,5,21,8,56,51,7,122,30,0,30,152
11/21/2013,SGF,MO,ACE,CE,Combined TRACON& Tower with Radar,12,58,42,0,112,0,0,0,0,0,12,58,42,0,112,0,0,0,112
11/22/2013,SGF,MO,ACE,CE,Combined TRACON& Tower with Radar,14,51,34,0,99,0,0,2,0,2,14,51,36,0,101,0,0,0,101
11/23/2013,SGF,MO,ACE,CE,Combined TRACON& Tower with Radar,3,36,31,0,70,0,0,19,0,19,3,36,50,0,89,4,0,4,93
11/24/2013,SGF,MO,ACE,CE,Combined TRACON& Tower with Radar,4,41,14,4,63,0,0,11,0,11,4,41,25,4,74,0,0,0,74
11/25/2013,SGF,MO,ACE,CE,Combined TRACON& Tower with Radar,9,49,21,0,79,0,1,4,0,5,9,50,25,0,84,0,0,0,84
11/26/2013,SGF,MO,ACE,CE,Combined TRACON& Tower with Radar,10,57,31,22,120,0,0,7,6,13,10,57,38,28,133,17,0,17,150
11/27/2013,SGF,MO,ACE,CE,Combined TRACON& Tower with Radar,12,51,23,8,94,0,1,21,2,24,12,52,44,10,118,8,0,8,126
11/28/2013,SGF,MO,ACE,CE,Combined TRACON& Tower with Radar,2,21,9,0,32,0,1,12,0,13,2,22,21,0,45,16,0,16,61
11/29/2013,SGF,MO,ACE,CE,Combined TRACON& Tower with Radar,10,29,13,0,52,0,3,15,0,18,10,32,28,0,70,14,0,14,84
11/30/2013,SGF,MO,ACE,CE,Combined TRACON& Tower with Radar,7,40,14,0,61,0,0,25,1,26,7,40,39,1,87,60,0,60,147
12/01/2013,SGF,MO,ACE,CE,Combined TRACON& Tower with Radar,0,53,29,0,82,0,0,7,0,7,0,53,36,0,89,0,0,0,89
12/02/2013,SGF,MO,ACE,CE,Combined TRACON& Tower with Radar,15,52,50,3,120,0,0,9,0,9,15,52,59,3,129,0,0,0,129
12/03/2013,SGF,MO,ACE,CE,Combined TRACON& Tower with Radar,12,49,33,11,105,0,0,13,0,13,12,49,46,11,118,14,0,14,132
12/04/2013,SGF,MO,ACE,CE,Combined TRACON& Tower with Radar,8,53,55,28,144,0,0,6,6,12,8,53,61,34,156,12,0,12,168
12/05/2013,SGF,MO,ACE,CE,Combined TRACON& Tower with Radar,12,41,12,0,65,0,0,0,0,0,12,41,12,0,65,0,0,0,65
12/06/2013,SGF,MO,ACE,CE,Combined TRACON& Tower with Radar,39,34,12,0,85,0,0,0,0,0,39,34,12,0,85,0,0,0,85
12/07/2013,SGF,MO,ACE,CE,Combined TRACON& Tower with Radar,3,27,12,0,42,0,0,7,0,7,3,27,19,0,49,0,0,0,49
12/08/2013,SGF,MO,ACE,CE,Combined TRACON& Tower with Radar,2,36,12,0,50,0,0,0,0,0,2,36,12,0,50,0,0,0,50
12/09/2013,SGF,MO,ACE,CE,Combined TRACON& Tower with Radar,8,43,18,0,69,0,1,8,0,9,8,44,26,0,78,0,0,0,78
12/10/2013,SGF,MO,ACE,CE,Combined TRACON& Tower with Radar,10,43,15,0,68,0,1,5,5,11,10,44,20,5,79,0,0,0,79
12/11/2013,SGF,MO,ACE,CE,Combined TRACON& Tower with Radar,8,51,17,6,82,0,4,10,5,19,8,55,27,11,101,0,0,0,101
12/12/2013,SGF,MO,ACE,CE,Combined TRACON& Tower with Radar,12,49,42,7,110,0,3,13,6,22,12,52,55,13,132,12,0,12,144
12/13/2013,SGF,MO,ACE,CE,Combined TRACON& Tower with Radar,14,43,10,0,67,0,0,1,0,1,14,43,11,0,68,0,0,0,68
12/14/2013,SGF,MO,ACE,CE,Combined TRACON& Tower with Radar,3,37,13,0,53,0,0,1,0,1,3,37,14,0,54,0,0,0,54
12/15/2013,SGF,MO,ACE,CE,Combined TRACON& Tower with Radar,4,46,14,1,65,0,1,16,0,17,4,47,30,1,82,0,0,0,82
12/16/2013,SGF,MO,ACE,CE,Combined TRACON& Tower with Radar,9,50,25,22,106,0,0,23,0,23,9,50,48,22,129,8,12,20,149
12/17/2013,SGF,MO,ACE,CE,Combined TRACON& Tower with Radar,8,54,37,0,99,0,3,35,8,46,8,57,72,8,145,6,0,6,151
12/18/2013,SGF,MO,ACE,CE,Combined TRACON& Tower with Radar,8,54,41,3,106,0,4,21,6,31,8,58,62,9,137,28,0,28,165
12/19/2013,SGF,MO,ACE,CE,Combined TRACON& Tower with Radar,14,54,43,2,113,0,2,9,6,17,14,56,52,8,130,0,0,0,130
12/20/2013,SGF,MO,ACE,CE,Combined TRACON& Tower with Radar,16,43,34,0,93,0,1,0,0,1,16,44,34,0,94,0,0,0,94
12/21/2013,SGF,MO,ACE,CE,Combined TRACON& Tower with Radar,4,27,13,0,44,0,0,0,0,0,4,27,13,0,44,0,0,0,44
12/22/2013,SGF,MO,ACE,CE,Combined TRACON& Tower with Radar,5,38,19,0,62,0,0,0,0,0,5,38,19,0,62,0,0,0,62
12/23/2013,SGF,MO,ACE,CE,Combined TRACON& Tower with Radar,9,48,21,4,82,0,1,4,0,5,9,49,25,4,87,0,0,0,87
12/24/2013,SGF,MO,ACE,CE,Combined TRACON& Tower with Radar,10,32,17,0,59,0,0,10,6,16,10,32,27,6,75,0,6,6,81
12/25/2013,SGF,MO,ACE,CE,Combined TRACON& Tower with Radar,0,27,3,0,30,0,0,0,0,0,0,27,3,0,30,0,0,0,30
12/26/2013,SGF,MO,ACE,CE,Combined TRACON& Tower with Radar,10,46,26,2,84,0,1,19,2,22,10,47,45,4,106,26,0,26,132
12/27/2013,SGF,MO,ACE,CE,Combined TRACON& Tower with Radar,12,44,28,8,92,0,0,18,5,23,12,44,46,13,115,16,0,16,131
12/28/2013,SGF,MO,ACE,CE,Combined TRACON& Tower with Radar,5,41,21,0,67,0,0,39,0,39,5,41,60,0,106,34,0,34,140
12/29/2013,SGF,MO,ACE,CE,Combined TRACON& Tower with Radar,2,42,11,0,55,0,2,2,0,4,2,44,13,0,59,0,0,0,59
12/30/2013,SGF,MO,ACE,CE,Combined TRACON& Tower with Radar,11,44,23,20,98,0,0,10,1,11,11,44,33,21,109,0,16,16,125
12/31/2013,SGF,MO,ACE,CE,Combined TRACON& Tower with Radar,6,29,23,0,58,0,1,19,0,20,6,30,42,0,78,18,0,18,96
01/01/2014,SGF,MO,ACE,CE,Combined TRACON& Tower with Radar,0,31,12,0,43,0,1,19,0,20,0,32,31,0,63,0,0,0,63
01/02/2014,SGF,MO,ACE,CE,Combined TRACON& Tower with Radar,10,45,17,19,91,0,2,10,5,17,10,47,27,24,108,48,6,54,162
01/03/2014,SGF,MO,ACE,CE,Combined TRACON& Tower with Radar,12,40,20,1,73,0,2,7,3,12,12,42,27,4,85,0,0,0,85
01/04/2014,SGF,MO,ACE,CE,Combined TRACON& Tower with Radar,3,45,18,0,66,0,1,14,2,17,3,46,32,2,83,0,0,0,83
01/05/2014,SGF,MO,ACE,CE,Combined TRACON& Tower with Radar,4,24,5,0,33,0,0,1,0,1,4,24,6,0,34,0,0,0,34
01/06/2014,SGF,MO,ACE,CE,Combined TRACON& Tower with Radar,7,26,27,0,60,0,0,2,0,2,7,26,29,0,62,0,0,0,62
01/07/2014,SGF,MO,ACE,CE,Combined TRACON& Tower with Radar,10,26,18,0,54,0,2,9,0,11,10,28,27,0,65,8,0,8,73
01/08/2014,SGF,MO,ACE,CE,Combined TRACON& Tower with Radar,6,47,25,4,82,0,1,5,0,6,6,48,30,4,88,0,0,0,88
01/09/2014,SGF,MO,ACE,CE,Combined TRACON& Tower with Radar,6,50,14,0,70,0,0,0,0,0,6,50,14,0,70,0,0,0,70
01/10/2014,SGF,MO,ACE,CE,Combined TRACON& Tower with Radar,14,49,18,12,93,0,0,0,0,0,14,49,18,12,93,0,14,14,107
01/11/2014,SGF,MO,ACE,CE,Combined TRACON& Tower with Radar,3,30,21,3,57,0,5,21,3,29,3,35,42,6,86,16,0,16,102
01/12/2014,SGF,MO,ACE,CE,Combined TRACON& Tower with Radar,4,46,9,0,59,0,0,7,2,9,4,46,16,2,68,0,0,0,68
01/13/2014,SGF,MO,ACE,CE,Combined TRACON& Tower with Radar,9,46,24,4,83,0,0,20,0,20,9,46,44,4,103,8,0,8,111
01/14/2014,SGF,MO,ACE,CE,Combined TRACON& Tower with Radar,6,46,21,2,75,0,0,12,7,19,6,46,33,9,94,34,0,34,128
01/15/2014,SGF,MO,ACE,CE,Combined TRACON& Tower with Radar,6,45,28,2,81,0,1,16,6,23,6,46,44,8,104,14,0,14,118
01/16/2014,SGF,MO,ACE,CE,Combined TRACON& Tower with Radar,10,45,36,0,91,0,0,8,2,10,10,45,44,2,101,0,0,0,101
01/17/2014,SGF,MO,ACE,CE,Combined TRACON& Tower with Radar,12,49,21,0,82,0,0,15,0,15,12,49,36,0,97,0,0,0,97
01/18/2014,SGF,MO,ACE,CE,Combined TRACON& Tower with Radar,3,32,14,0,49,0,0,8,0,8,3,32,22,0,57,0,0,0,57
01/19/2014,SGF,MO,ACE,CE,Combined TRACON& Tower with Radar,2,37,9,0,48,0,0,18,0,18,2,37,27,0,66,46,0,46,112
01/20/2014,SGF,MO,ACE,CE,Combined TRACON& Tower with Radar,9,46,41,0,96,0,0,32,0,32,9,46,73,0,128,0,0,0,128
01/21/2014,SGF,MO,ACE,CE,Combined TRACON& Tower with Radar,9,43,20,3,75,0,0,9,7,16,9,43,29,10,91,0,0,0,91
01/22/2014,SGF,MO,ACE,CE,Combined TRACON& Tower with Radar,6,51,44,7,108,0,0,24,6,30,6,51,68,13,138,32,0,32,170
01/23/2014,SGF,MO,ACE,CE,Combined TRACON& Tower with Radar,12,52,37,3,104,0,0,6,3,9,12,52,43,6,113,0,0,0,113
01/24/2014,SGF,MO,ACE,CE,Combined TRACON& Tower with Radar,11,41,22,0,74,0,0,8,4,12,11,41,30,4,86,10,0,10,96
01/25/2014,SGF,MO,ACE,CE,Combined TRACON& Tower with Radar,3,31,18,0,52,0,2,24,0,26,3,33,42,0,78,4,0,4,82
01/26/2014,SGF,MO,ACE,CE,Combined TRACON& Tower with Radar,4,38,19,0,61,0,0,29,0,29,4,38,48,0,90,2,0,2,92
01/27/2014,SGF,MO,ACE,CE,Combined TRACON& Tower with Radar,11,46,11,0,68,0,0,8,0,8,11,46,19,0,76,6,0,6,82
01/28/2014,SGF,MO,ACE,CE,Combined TRACON& Tower with Radar,6,52,23,0,81,0,2,9,4,15,6,54,32,4,96,0,0,0,96
01/29/2014,SGF,MO,ACE,CE,Combined TRACON& Tower with Radar,6,37,29,2,74,0,4,16,7,27,6,41,45,9,101,0,0,0,101
01/30/2014,SGF,MO,ACE,CE,Combined TRACON& Tower with Radar,11,50,21,4,86,0,2,16,5,23,11,52,37,9,109,10,0,10,119
01/31/2014,SGF,MO,ACE,CE,Combined TRACON& Tower with Radar,11,55,28,0,94,0,0,3,0,3,11,55,31,0,97,0,0,0,97
02/01/2014,SGF,MO,ACE,CE,Combined TRACON& Tower with Radar,3,35,10,0,48,0,0,0,0,0,3,35,10,0,48,0,0,0,48
02/02/2014,SGF,MO,ACE,CE,Combined TRACON& Tower with Radar,4,37,7,0,48,0,0,2,0,2,4,37,9,0,50,0,0,0,50
02/03/2014,SGF,MO,ACE,CE,Combined TRACON& Tower with Radar,8,47,27,0,82,0,2,16,0,18,8,49,43,0,100,0,0,0,100
02/04/2014,SGF,MO,ACE,CE,Combined TRACON& Tower with Radar,5,40,12,0,57,0,1,0,0,1,5,41,12,0,58,0,0,0,58
02/05/2014,SGF,MO,ACE,CE,Combined TRACON& Tower with Radar,6,49,22,0,77,0,3,1,3,7,6,52,23,3,84,0,14,14,98
02/06/2014,SGF,MO,ACE,CE,Combined TRACON& Tower with Radar,10,45,25,0,80,0,0,1,2,3,10,45,26,2,83,0,0,0,83
02/07/2014,SGF,MO,ACE,CE,Combined TRACON& Tower with Radar,10,46,31,0,87,0,0,4,3,7,10,46,35,3,94,0,0,0,94
02/08/2014,SGF,MO,ACE,CE,Combined TRACON& Tower with Radar,3,35,9,0,47,0,1,0,0,1,3,36,9,0,48,0,0,0,48
02/09/2014,SGF,MO,ACE,CE,Combined TRACON& Tower with Radar,4,41,23,0,68,0,2,0,0,2,4,43,23,0,70,0,0,0,70
02/10/2014,SGF,MO,ACE,CE,Combined TRACON& Tower with Radar,9,43,17,0,69,0,0,4,0,4,9,43,21,0,73,0,0,0,73
02/11/2014,SGF,MO,ACE,CE,Combined TRACON& Tower with Radar,6,40,32,0,78,0,2,16,2,20,6,42,48,2,98,0,0,0,98
02/12/2014,SGF,MO,ACE,CE,Combined TRACON& Tower with Radar,6,41,33,11,91,0,1,14,12,27,6,42,47,23,118,12,20,32,150
02/13/2014,SGF,MO,ACE,CE,Combined TRACON& Tower with Radar,10,42,25,6,83,0,0,18,4,22,10,42,43,10,105,12,4,16,121
02/14/2014,SGF,MO,ACE,CE,Combined TRACON& Tower with Radar,8,47,16,1,72,0,1,8,0,9,8,48,24,1,81,16,0,16,97
02/15/2014,SGF,MO,ACE,CE,Combined TRACON& Tower with Radar,5,33,8,0,46,0,4,18,0,22,5,37,26,0,68,10,0,10,78
02/16/2014,SGF,MO,ACE,CE,Combined TRACON& Tower with Radar,6,40,29,0,75,0,1,41,1,43,6,41,70,1,118,8,0,8,126
02/17/2014,SGF,MO,ACE,CE,Combined TRACON& Tower with Radar,9,44,24,0,77,0,0,6,4,10,9,44,30,4,87,0,0,0,87
02/18/2014,SGF,MO,ACE,CE,Combined TRACON& Tower with Radar,10,46,15,9,80,0,3,9,2,14,10,49,24,11,94,0,0,0,94
02/19/2014,SGF,MO,ACE,CE,Combined TRACON& Tower with Radar,6,51,27,19,103,0,2,14,10,26,6,53,41,29,129,12,0,12,141
02/20/2014,SGF,MO,ACE,CE,Combined TRACON& Tower with Radar,11,38,15,4,68,0,2,1,0,3,11,40,16,4,71,0,0,0,71
02/21/2014,SGF,MO,ACE,CE,Combined TRACON& Tower with Radar,10,46,27,1,84,0,0,15,3,18,10,46,42,4,102,80,12,92,194
02/22/2014,SGF,MO,ACE,CE,Combined TRACON& Tower with Radar,3,34,20,0,57,0,5,34,0,39,3,39,54,0,96,34,0,34,130
02/23/2014,SGF,MO,ACE,CE,Combined TRACON& Tower with Radar,4,47,10,0,61,0,3,28,8,39,4,50,38,8,100,26,0,26,126
02/24/2014,SGF,MO,ACE,CE,Combined TRACON& Tower with Radar,9,51,28,2,90,0,2,26,2,30,9,53,54,4,120,42,1,43,163
02/25/2014,SGF,MO,ACE,CE,Combined TRACON& Tower with Radar,6,54,25,0,85,0,0,15,0,15,6,54,40,0,100,36,0,36,136
02/26/2014,SGF,MO,ACE,CE,Combined TRACON& Tower with Radar,6,51,24,32,113,0,5,14,7,26,6,56,38,39,139,24,36,60,199
02/27/2014,SGF,MO,ACE,CE,Combined TRACON& Tower with Radar,10,50,19,9,88,0,10,15,5,30,10,60,34,14,118,0,0,0,118
02/28/2014,SGF,MO,ACE,CE,Combined TRACON& Tower with Radar,10,49,22,0,81,0,2,6,2,10,10,51,28,2,91,0,0,0,91
03/01/2014,SGF,MO,ACE,CE,Combined TRACON& Tower with Radar,3,34,21,0,58,0,1,13,2,16,3,35,34,2,74,0,0,0,74
03/02/2014,SGF,MO,ACE,CE,Combined TRACON& Tower with Radar,6,35,9,2,52,0,0,0,0,0,6,35,9,2,52,0,0,0,52
03/03/2014,SGF,MO,ACE,CE,Combined TRACON& Tower with Radar,9,40,15,0,64,0,0,5,2,7,9,40,20,2,71,0,0,0,71
03/04/2014,SGF,MO,ACE,CE,Combined TRACON& Tower with Radar,6,51,32,0,89,0,2,8,0,10,6,53,40,0,99,0,0,0,99
03/05/2014,SGF,MO,ACE,CE,Combined TRACON& Tower with Radar,10,50,44,4,108,0,1,12,1,14,10,51,56,5,122,8,0,8,130
03/06/2014,SGF,MO,ACE,CE,Combined TRACON& Tower with Radar,10,57,43,5,115,0,4,23,7,34,10,61,66,12,149,20,4,24,173
03/07/2014,SGF,MO,ACE,CE,Combined TRACON& Tower with Radar,10,48,27,26,111,0,0,31,4,35,10,48,58,30,146,0,16,16,162
03/08/2014,SGF,MO,ACE,CE,Combined TRACON& Tower with Radar,5,34,12,0,51,0,1,1,0,2,5,35,13,0,53,0,0,0,53
03/09/2014,SGF,MO,ACE,CE,Combined TRACON& Tower with Radar,4,46,25,0,75,0,2,21,0,23,4,48,46,0,98,0,0,0,98
03/10/2014,SGF,MO,ACE,CE,Combined TRACON& Tower with Radar,9,54,31,0,94,0,4,26,1,31,9,58,57,1,125,0,0,0,125
03/11/2014,SGF,MO,ACE,CE,Combined TRACON& Tower with Radar,8,48,25,5,86,0,1,26,9,36,8,49,51,14,122,0,0,0,122
03/12/2014,SGF,MO,ACE,CE,Combined TRACON& Tower with Radar,13,45,34,12,104,0,4,16,9,29,13,49,50,21,133,44,16,60,193
03/13/2014,SGF,MO,ACE,CE,Combined TRACON& Tower with Radar,11,62,35,8,116,0,7,40,3,50,11,69,75,11,166,82,22,104,270
03/14/2014,SGF,MO,ACE,CE,Combined TRACON& Tower with Radar,10,52,32,1,95,0,2,26,1,29,10,54,58,2,124,60,0,60,184
03/15/2014,SGF,MO,ACE,CE,Combined TRACON& Tower with Radar,13,40,38,0,91,0,1,22,0,23,13,41,60,0,114,12,0,12,126
03/16/2014,SGF,MO,ACE,CE,Combined TRACON& Tower with Radar,4,44,6,0,54,0,0,0,0,0,4,44,6,0,54,0,0,0,54
03/17/2014,SGF,MO,ACE,CE,Combined TRACON& Tower with Radar,9,47,29,0,85,0,1,12,1,14,9,48,41,1,99,0,0,0,99
03/18/2014,SGF,MO,ACE,CE,Combined TRACON& Tower with Radar,6,48,35,1,90,0,0,11,3,14,6,48,46,4,104,0,0,0,104
03/19/2014,SGF,MO,ACE,CE,Combined TRACON& Tower with Radar,10,48,43,1,102,0,3,9,11,23,10,51,52,12,125,32,0,32,157
03/20/2014,SGF,MO,ACE,CE,Combined TRACON& Tower with Radar,10,55,38,11,114,0,2,27,17,46,10,57,65,28,160,8,0,8,168
03/21/2014,SGF,MO,ACE,CE,Combined TRACON& Tower with Radar,10,51,23,0,84,0,0,16,2,18,10,51,39,2,102,16,0,16,118
03/22/2014,SGF,MO,ACE,CE,Combined TRACON& Tower with Radar,5,34,16,0,55,0,2,14,0,16,5,36,30,0,71,20,0,20,91
03/23/2014,SGF,MO,ACE,CE,Combined TRACON& Tower with Radar,4,44,18,0,66,0,0,18,0,18,4,44,36,0,84,2,0,2,86
03/24/2014,SGF,MO,ACE,CE,Combined TRACON& Tower with Radar,9,51,14,10,84,0,0,5,0,5,9,51,19,10,89,8,0,8,97
03/25/2014,SGF,MO,ACE,CE,Combined TRACON& Tower with Radar,6,49,16,5,76,0,3,13,3,19,6,52,29,8,95,0,0,0,95
03/26/2014,SGF,MO,ACE,CE,Combined TRACON& Tower with Radar,6,45,31,1,83,0,2,11,2,15,6,47,42,3,98,0,0,0,98
03/27/2014,SGF,MO,ACE,CE,Combined TRACON& Tower with Radar,10,49,16,6,81,0,2,5,0,7,10,51,21,6,88,0,0,0,88
03/28/2014,SGF,MO,ACE,CE,Combined TRACON& Tower with Radar,10,52,45,7,114,0,0,11,5,16,10,52,56,12,130,18,4,22,152
03/29/2014,SGF,MO,ACE,CE,Combined TRACON& Tower with Radar,3,41,32,0,76,0,2,22,2,26,3,43,54,2,102,0,0,0,102
03/30/2014,SGF,MO,ACE,CE,Combined TRACON& Tower with Radar,4,48,20,0,72,0,6,29,0,35,4,54,49,0,107,32,0,32,139
03/31/2014,SGF,MO,ACE,CE,Combined TRACON& Tower with Radar,12,52,19,2,85,0,2,3,0,5,12,54,22,2,90,0,0,0,90
04/01/2014,SGF,MO,ACE,CE,Combined TRACON& Tower with Radar,8,46,26,1,81,0,1,29,5,35,8,47,55,6,116,18,0,18,134
04/02/2014,SGF,MO,ACE,CE,Combined TRACON& Tower with Radar,11,45,32,0,88,0,0,10,6,16,11,45,42,6,104,0,0,0,104
04/03/2014,SGF,MO,ACE,CE,Combined TRACON& Tower with Radar,12,39,15,0,66,0,0,1,0,1,12,39,16,0,67,0,0,0,67
04/04/2014,SGF,MO,ACE,CE,Combined TRACON& Tower with Radar,12,52,23,22,109,0,2,35,2,39,12,54,58,24,148,14,0,14,162
04/05/2014,SGF,MO,ACE,CE,Combined TRACON& Tower with Radar,5,32,23,0,60,0,5,33,6,44,5,37,56,6,104,14,0,14,118
04/06/2014,SGF,MO,ACE,CE,Combined TRACON& Tower with Radar,4,39,18,0,61,0,7,19,8,34,4,46,37,8,95,0,0,0,95
04/07/2014,SGF,MO,ACE,CE,Combined TRACON& Tower with Radar,12,46,16,1,75,0,0,12,1,13,12,46,28,2,88,0,0,0,88
04/08/2014,SGF,MO,ACE,CE,Combined TRACON& Tower with Radar,8,50,28,4,90,0,0,19,8,27,8,50,47,12,117,0,0,0,117
04/09/2014,SGF,MO,ACE,CE,Combined TRACON& Tower with Radar,8,56,33,5,102,0,2,19,10,31,8,58,52,15,133,0,0,0,133
04/10/2014,SGF,MO,ACE,CE,Combined TRACON& Tower with Radar,12,45,28,0,85,0,5,19,8,32,12,50,47,8,117,32,0,32,149
04/11/2014,SGF,MO,ACE,CE,Combined TRACON& Tower with Radar,16,49,28,0,93,0,12,30,5,47,16,61,58,5,140,42,0,42,182
04/12/2014,SGF,MO,ACE,CE,Combined TRACON& Tower with Radar,5,35,23,0,63,0,0,18,0,18,5,35,41,0,81,0,0,0,81
04/13/2014,SGF,MO,ACE,CE,Combined TRACON& Tower with Radar,6,40,14,0,60,0,1,2,0,3,6,41,16,0,63,0,0,0,63
04/14/2014,SGF,MO,ACE,CE,Combined TRACON& Tower with Radar,9,47,15,0,71,0,1,0,0,1,9,48,15,0,72,0,0,0,72
04/15/2014,SGF,MO,ACE,CE,Combined TRACON& Tower with Radar,10,53,23,9,95,0,3,10,3,16,10,56,33,12,111,14,8,22,133
04/16/2014,SGF,MO,ACE,CE,Combined TRACON& Tower with Radar,8,61,40,1,110,0,1,9,10,20,8,62,49,11,130,0,0,0,130
04/17/2014,SGF,MO,ACE,CE,Combined TRACON& Tower with Radar,12,53,39,8,112,0,3,18,4,25,12,56,57,12,137,16,8,24,161
04/18/2014,SGF,MO,ACE,CE,Combined TRACON& Tower with Radar,13,52,37,0,102,0,6,26,0,32,13,58,63,0,134,46,0,46,180
04/19/2014,SGF,MO,ACE,CE,Combined TRACON& Tower with Radar,3,41,24,0,68,0,2,29,0,31,3,43,53,0,99,6,0,6,105
04/20/2014,SGF,MO,ACE,CE,Combined TRACON& Tower with Radar,6,43,8,0,57,0,0,13,0,13,6,43,21,0,70,0,0,0,70
04/21/2014,SGF,MO,ACE,CE,Combined TRACON& Tower with Radar,12,54,27,2,95,0,0,3,0,3,12,54,30,2,98,0,0,0,98
04/22/2014,SGF,MO,ACE,CE,Combined TRACON& Tower with Radar,8,45,32,0,85,0,10,24,2,36,8,55,56,2,121,0,0,0,121
04/23/2014,SGF,MO,ACE,CE,Combined TRACON& Tower with Radar,10,55,38,8,111,0,2,26,7,35,10,57,64,15,146,0,0,0,146
04/24/2014,SGF,MO,ACE,CE,Combined TRACON& Tower with Radar,12,50,37,0,99,0,1,3,5,9,12,51,40,5,108,0,0,0,108
04/25/2014,SGF,MO,ACE,CE,Combined TRACON& Tower with Radar,12,50,24,1,87,0,4,25,4,33,12,54,49,5,120,0,0,0,120
04/26/2014,SGF,MO,ACE,CE,Combined TRACON& Tower with Radar,5,34,14,0,53,0,1,8,3,12,5,35,22,3,65,0,0,0,65
04/27/2014,SGF,MO,ACE,CE,Combined TRACON& Tower with Radar,6,40,22,0,68,0,1,4,0,5,6,41,26,0,73,0,0,0,73
04/28/2014,SGF,MO,ACE,CE,Combined TRACON& Tower with Radar,11,48,30,0,89,0,2,6,0,8,11,50,36,0,97,0,0,0,97
04/29/2014,SGF,MO,ACE,CE,Combined TRACON& Tower with Radar,7,52,32,0,91,0,1,5,2,8,7,53,37,2,99,0,0,0,99
04/30/2014,SGF,MO,ACE,CE,Combined TRACON& Tower with Radar,11,53,35,0,99,0,0,5,6,11,11,53,40,6,110,0,0,0,110
05/01/2014,SGF,MO,ACE,CE,Combined TRACON& Tower with Radar,12,60,31,10,113,0,6,19,4,29,12,66,50,14,142,22,4,26,168
05/02/2014,SGF,MO,ACE,CE,Combined TRACON& Tower with Radar,9,44,37,0,90,0,2,13,0,15,9,46,50,0,105,4,0,4,109
05/03/2014,SGF,MO,ACE,CE,Combined TRACON& Tower with Radar,5,40,20,10,75,0,2,14,2,18,5,42,34,12,93,16,8,24,117
05/04/2014,SGF,MO,ACE,CE,Combined TRACON& Tower with Radar,5,45,33,0,83,0,4,28,8,40,5,49,61,8,123,0,0,0,123
05/05/2014,SGF,MO,ACE,CE,Combined TRACON& Tower with Radar,9,51,23,0,83,0,1,8,0,9,9,52,31,0,92,0,0,0,92
05/06/2014,SGF,MO,ACE,CE,Combined TRACON& Tower with Radar,7,50,39,2,98,0,4,22,2,28,7,54,61,4,126,0,0,0,126
05/07/2014,SGF,MO,ACE,CE,Combined TRACON& Tower with Radar,7,44,31,5,87,0,2,9,13,24,7,46,40,18,111,20,0,20,131
05/08/2014,SGF,MO,ACE,CE,Combined TRACON& Tower with Radar,11,48,29,2,90,0,1,6,1,8,11,49,35,3,98,8,0,8,106
05/09/2014,SGF,MO,ACE,CE,Combined TRACON& Tower with Radar,16,48,40,2,106,0,1,9,5,15,16,49,49,7,121,8,0,8,129
05/10/2014,SGF,MO,ACE,CE,Combined TRACON& Tower with Radar,3,39,18,0,60,0,0,9,0,9,3,39,27,0,69,26,0,26,95
05/11/2014,SGF,MO,ACE,CE,Combined TRACON& Tower with Radar,6,43,23,0,72,0,1,1,0,2,6,44,24,0,74,0,0,0,74
05/12/2014,SGF,MO,ACE,CE,Combined TRACON& Tower with Radar,11,38,26,4,79,0,3,4,0,7,11,41,30,4,86,0,0,0,86
05/13/2014,SGF,MO,ACE,CE,Combined TRACON& Tower with Radar,7,48,42,24,121,0,1,3,0,4,7,49,45,24,125,0,22,22,147
05/14/2014,SGF,MO,ACE,CE,Combined TRACON& Tower with Radar,6,52,31,5,94,0,1,8,7,16,6,53,39,12,110,0,0,0,110
05/15/2014,SGF,MO,ACE,CE,Combined TRACON& Tower with Radar,12,48,29,4,93,0,0,22,2,24,12,48,51,6,117,10,26,36,153
05/16/2014,SGF,MO,ACE,CE,Combined TRACON& Tower with Radar,10,50,41,8,109,0,0,28,9,37,10,50,69,17,146,8,0,8,154
05/17/2014,SGF,MO,ACE,CE,Combined TRACON& Tower with Radar,3,47,20,1,71,0,0,11,6,17,3,47,31,7,88,0,0,0,88
05/18/2014,SGF,MO,ACE,CE,Combined TRACON& Tower with Radar,4,44,24,0,72,0,0,20,0,20,4,44,44,0,92,18,0,18,110
05/19/2014,SGF,MO,ACE,CE,Combined TRACON& Tower with Radar,9,47,42,2,100,0,1,12,0,13,9,48,54,2,113,0,0,0,113
05/20/2014,SGF,MO,ACE,CE,Combined TRACON& Tower with Radar,4,59,31,2,96,0,2,29,8,39,4,61,60,10,135,12,0,12,147
05/21/2014,SGF,MO,ACE,CE,Combined TRACON& Tower with Radar,10,53,44,0,107,0,1,15,11,27,10,54,59,11,134,0,0,0,134
05/22/2014,SGF,MO,ACE,CE,Combined TRACON& Tower with Radar,10,58,42,5,115,0,0,17,8,25,10,58,59,13,140,12,0,12,152
05/23/2014,SGF,MO,ACE,CE,Combined TRACON& Tower with Radar,9,54,37,2,102,0,0,17,0,17,9,54,54,2,119,14,0,14,133
05/24/2014,SGF,MO,ACE,CE,Combined TRACON& Tower with Radar,9,42,6,0,57,0,0,4,0,4,9,42,10,0,61,14,0,14,75
05/25/2014,SGF,MO,ACE,CE,Combined TRACON& Tower with Radar,5,35,4,0,44,0,1,10,0,11,5,36,14,0,55,0,0,0,55
05/26/2014,SGF,MO,ACE,CE,Combined TRACON& Tower with Radar,6,48,19,0,73,0,1,22,0,23,6,49,41,0,96,18,0,18,114
05/27/2014,SGF,MO,ACE,CE,Combined TRACON& Tower with Radar,7,53,27,0,87,0,2,5,0,7,7,55,32,0,94,0,0,0,94
05/28/2014,SGF,MO,ACE,CE,Combined TRACON& Tower with Radar,9,53,42,0,104,0,1,9,6,16,9,54,51,6,120,6,0,6,126
05/29/2014,SGF,MO,ACE,CE,Combined TRACON& Tower with Radar,10,52,36,23,121,0,3,15,8,26,10,55,51,31,147,0,0,0,147
05/30/2014,SGF,MO,ACE,CE,Combined TRACON& Tower with Radar,10,48,25,5,88,0,0,6,1,7,10,48,31,6,95,0,0,0,95
05/31/2014,SGF,MO,ACE,CE,Combined TRACON& Tower with Radar,7,41,15,0,63,0,0,10,0,10,7,41,25,0,73,14,0,14,87
06/01/2014,SGF,MO,ACE,CE,Combined TRACON& Tower with Radar,6,47,25,0,78,0,0,3,0,3,6,47,28,0,81,0,0,0,81
06/02/2014,SGF,MO,ACE,CE,Combined TRACON& Tower with Radar,9,44,12,4,69,0,4,11,0,15,9,48,23,4,84,0,0,0,84
06/03/2014,SGF,MO,ACE,CE,Combined TRACON& Tower with Radar,8,50,22,0,80,0,4,23,4,31,8,54,45,4,111,6,0,6,117
06/04/2014,SGF,MO,ACE,CE,Combined TRACON& Tower with Radar,11,45,41,0,97,0,2,6,8,16,11,47,47,8,113,0,0,0,113
06/05/2014,SGF,MO,ACE,CE,Combined TRACON& Tower with Radar,13,51,23,0,87,0,2,2,0,4,13,53,25,0,91,0,0,0,91
06/06/2014,SGF,MO,ACE,CE,Combined TRACON& Tower with Radar,12,52,31,8,103,0,1,5,0,6,12,53,36,8,109,46,0,46,155
06/07/2014,SGF,MO,ACE,CE,Combined TRACON& Tower with Radar,7,42,9,0,58,0,1,7,4,12,7,43,16,4,70,8,0,8,78
06/08/2014,SGF,MO,ACE,CE,Combined TRACON& Tower with Radar,4,46,31,3,84,0,0,2,5,7,4,46,33,8,91,10,0,10,101
06/09/2014,SGF,MO,ACE,CE,Combined TRACON& Tower with Radar,10,54,37,10,111,0,2,1,0,3,10,56,38,10,114,0,0,0,114
06/10/2014,SGF,MO,ACE,CE,Combined TRACON& Tower with Radar,9,49,36,1,95,0,0,4,1,5,9,49,40,2,100,0,0,0,100
06/11/2014,SGF,MO,ACE,CE,Combined TRACON& Tower with Radar,12,47,67,1,127,0,4,19,8,31,12,51,86,9,158,20,0,20,178
06/12/2014,SGF,MO,ACE,CE,Combined TRACON& Tower with Radar,8,46,28,0,82,0,0,5,7,12,8,46,33,7,94,0,0,0,94
06/13/2014,SGF,MO,ACE,CE,Combined TRACON& Tower with Radar,13,57,23,4,97,0,3,26,4,33,13,60,49,8,130,36,0,36,166
06/14/2014,SGF,MO,ACE,CE,Combined TRACON& Tower with Radar,7,41,18,3,69,0,3,30,3,36,7,44,48,6,105,30,0,30,135
06/15/2014,SGF,MO,ACE,CE,Combined TRACON& Tower with Radar,7,47,11,0,65,0,2,9,0,11,7,49,20,0,76,0,0,0,76
06/16/2014,SGF,MO,ACE,CE,Combined TRACON& Tower with Radar,11,47,32,0,90,0,0,13,7,20,11,47,45,7,110,0,0,0,110
06/17/2014,SGF,MO,ACE,CE,Combined TRACON& Tower with Radar,8,49,45,6,108,0,2,30,7,39,8,51,75,13,147,2,8,10,157
06/18/2014,SGF,MO,ACE,CE,Combined TRACON& Tower with Radar,12,53,46,0,111,0,0,27,15,42,12,53,73,15,153,0,0,0,153
06/19/2014,SGF,MO,ACE,CE,Combined TRACON& Tower with Radar,10,46,57,9,122,0,2,14,16,32,10,48,71,25,154,10,6,16,170
06/20/2014,SGF,MO,ACE,CE,Combined TRACON& Tower with Radar,13,49,33,17,112,0,1,15,10,26,13,50,48,27,138,2,30,32,170
06/21/2014,SGF,MO,ACE,CE,Combined TRACON& Tower with Radar,7,36,19,1,63,0,3,25,0,28,7,39,44,1,91,22,0,22,113
06/22/2014,SGF,MO,ACE,CE,Combined TRACON& Tower with Radar,6,49,37,0,92,0,1,14,0,15,6,50,51,0,107,0,0,0,107
06/23/2014,SGF,MO,ACE,CE,Combined TRACON& Tower with Radar,11,45,31,18,105,0,0,9,0,9,11,45,40,18,114,0,0,0,114
06/24/2014,SGF,MO,ACE,CE,Combined TRACON& Tower with Radar,8,50,45,2,105,0,3,22,6,31,8,53,67,8,136,16,0,16,152
06/25/2014,SGF,MO,ACE,CE,Combined TRACON& Tower with Radar,12,55,49,7,123,0,3,15,7,25,12,58,64,14,148,0,0,0,148
06/26/2014,SGF,MO,ACE,CE,Combined TRACON& Tower with Radar,10,61,39,2,112,0,5,14,2,21,10,66,53,4,133,0,0,0,133
06/27/2014,SGF,MO,ACE,CE,Combined TRACON& Tower with Radar,12,59,40,14,125,0,2,20,1,23,12,61,60,15,148,24,0,24,172
06/28/2014,SGF,MO,ACE,CE,Combined TRACON& Tower with Radar,7,42,17,0,66,0,3,5,0,8,7,45,22,0,74,0,0,0,74
06/29/2014,SGF,MO,ACE,CE,Combined TRACON& Tower with Radar,4,41,20,0,65,0,0,3,0,3,4,41,23,0,68,0,0,0,68
06/30/2014,SGF,MO,ACE,CE,Combined TRACON& Tower with Radar,9,52,37,0,98,0,0,20,0,20,9,52,57,0,118,16,0,16,134
07/01/2014,SGF,MO,ACE,CE,Combined TRACON& Tower with Radar,11,47,42,29,129,0,3,12,2,17,11,50,54,31,146,6,26,32,178
07/02/2014,SGF,MO,ACE,CE,Combined TRACON& Tower with Radar,13,47,30,0,90,0,3,26,7,36,13,50,56,7,126,0,0,0,126
07/03/2014,SGF,MO,ACE,CE,Combined TRACON& Tower with Radar,8,46,34,15,103,0,0,34,4,38,8,46,68,19,141,32,0,32,173
07/04/2014,SGF,MO,ACE,CE,Combined TRACON& Tower with Radar,7,28,6,0,41,0,0,15,0,15,7,28,21,0,56,0,0,0,56
07/05/2014,SGF,MO,ACE,CE,Combined TRACON& Tower with Radar,8,40,10,0,58,0,0,29,0,29,8,40,39,0,87,0,0,0,87
07/06/2014,SGF,MO,ACE,CE,Combined TRACON& Tower with Radar,4,52,17,0,73,0,2,8,0,10,4,54,25,0,83,0,0,0,83
07/07/2014,SGF,MO,ACE,CE,Combined TRACON& Tower with Radar,11,52,38,0,101,0,2,29,0,31,11,54,67,0,132,0,0,0,132
07/08/2014,SGF,MO,ACE,CE,Combined TRACON& Tower with Radar,6,47,36,6,95,0,1,2,0,3,6,48,38,6,98,12,0,12,110
07/09/2014,SGF,MO,ACE,CE,Combined TRACON& Tower with Radar,14,52,43,15,124,0,5,26,14,45,14,57,69,29,169,4,0,4,173
07/10/2014,SGF,MO,ACE,CE,Combined TRACON& Tower with Radar,9,48,49,3,109,0,2,7,5,14,9,50,56,8,123,0,0,0,123
07/11/2014,SGF,MO,ACE,CE,Combined TRACON& Tower with Radar,13,48,37,10,108,0,0,30,6,36,13,48,67,16,144,0,0,0,144
07/12/2014,SGF,MO,ACE,CE,Combined TRACON& Tower with Radar,7,35,21,2,65,0,1,17,6,24,7,36,38,8,89,0,4,4,93
07/13/2014,SGF,MO,ACE,CE,Combined TRACON& Tower with Radar,4,52,23,0,79,0,1,19,14,34,4,53,42,14,113,0,0,0,113
07/14/2014,SGF,MO,ACE,CE,Combined TRACON& Tower with Radar,11,47,33,16,107,0,0,20,0,20,11,47,53,16,127,18,0,18,145
07/15/2014,SGF,MO,ACE,CE,Combined TRACON& Tower with Radar,6,51,52,30,139,0,4,27,8,39,6,55,79,38,178,0,24,24,202
07/16/2014,SGF,MO,ACE,CE,Combined TRACON& Tower with Radar,12,58,58,10,138,0,2,25,6,33,12,60,83,16,171,8,0,8,179
07/17/2014,SGF,MO,ACE,CE,Combined TRACON& Tower with Radar,10,40,39,48,137,0,4,13,9,26,10,44,52,57,163,6,24,30,193
07/18/2014,SGF,MO,ACE,CE,Combined TRACON& Tower with Radar,11,47,28,10,96,0,0,21,9,30,11,47,49,19,126,28,0,28,154
07/19/2014,SGF,MO,ACE,CE,Combined TRACON& Tower with Radar,10,35,19,0,64,0,1,25,0,26,10,36,44,0,90,24,0,24,114
07/20/2014,SGF,MO,ACE,CE,Combined TRACON& Tower with Radar,4,45,20,1,70,0,1,22,0,23,4,46,42,1,93,20,0,20,113
07/21/2014,SGF,MO,ACE,CE,Combined TRACON& Tower with Radar,11,49,54,6,120,0,2,19,0,21,11,51,73,6,141,12,12,24,165
07/22/2014,SGF,MO,ACE,CE,Combined TRACON& Tower with Radar,6,52,40,12,110,0,3,22,4,29,6,55,62,16,139,6,0,6,145
07/23/2014,SGF,MO,ACE,CE,Combined TRACON& Tower with Radar,12,54,35,4,105,0,2,17,6,25,12,56,52,10,130,0,0,0,130
07/24/2014,SGF,MO,ACE,CE,Combined TRACON& Tower with Radar,10,49,45,32,136,0,3,26,7,36,10,52,71,39,172,14,2,16,188
07/25/2014,SGF,MO,ACE,CE,Combined TRACON& Tower with Radar,12,48,41,24,125,0,2,29,2,33,12,50,70,26,158,6,4,10,168
07/26/2014,SGF,MO,ACE,CE,Combined TRACON& Tower with Radar,7,39,30,0,76,0,0,22,1,23,7,39,52,1,99,0,0,0,99
07/27/2014,SGF,MO,ACE,CE,Combined TRACON& Tower with Radar,4,48,29,0,81,0,0,31,1,32,4,48,60,1,113,0,0,0,113
07/28/2014,SGF,MO,ACE,CE,Combined TRACON& Tower with Radar,11,48,35,4,98,0,3,22,1,26,11,51,57,5,124,0,0,0,124
07/29/2014,SGF,MO,ACE,CE,Combined TRACON& Tower with Radar,6,54,46,3,109,0,2,37,7,46,6,56,83,10,155,18,0,18,173
07/30/2014,SGF,MO,ACE,CE,Combined TRACON& Tower with Radar,12,52,41,10,115,0,2,10,8,20,12,54,51,18,135,28,12,40,175
07/31/2014,SGF,MO,ACE,CE,Combined TRACON& Tower with Radar,10,51,40,13,114,0,2,21,6,29,10,53,61,19,143,0,0,0,143
08/01/2014,SGF,MO,ACE,CE,Combined TRACON& Tower with Radar,14,44,24,12,94,0,6,9,2,17,14,50,33,14,111,0,0,0,111
08/02/2014,SGF,MO,ACE,CE,Combined TRACON& Tower with Radar,7,36,18,0,61,0,0,25,1,26,7,36,43,1,87,0,0,0,87
08/03/2014,SGF,MO,ACE,CE,Combined TRACON& Tower with Radar,6,42,23,3,74,0,0,23,3,26,6,42,46,6,100,0,0,0,100
08/04/2014,SGF,MO,ACE,CE,Combined TRACON& Tower with Radar,9,45,29,2,85,0,2,26,0,28,9,47,55,2,113,54,0,54,167
08/05/2014,SGF,MO,ACE,CE,Combined TRACON& Tower with Radar,8,53,35,28,124,0,2,4,7,13,8,55,39,35,137,0,24,24,161
08/06/2014,SGF,MO,ACE,CE,Combined TRACON& Tower with Radar,14,51,45,27,137,0,2,11,9,22,14,53,56,36,159,4,20,24,183
08/07/2014,SGF,MO,ACE,CE,Combined TRACON& Tower with Radar,9,49,38,21,117,0,2,9,7,18,9,51,47,28,135,0,10,10,145
08/08/2014,SGF,MO,ACE,CE,Combined TRACON& Tower with Radar,12,44,29,3,88,0,0,19,1,20,12,44,48,4,108,0,0,0,108
08/09/2014,SGF,MO,ACE,CE,Combined TRACON& Tower with Radar,4,44,15,0,63,0,2,19,0,21,4,46,34,0,84,0,0,0,84
08/10/2014,SGF,MO,ACE,CE,Combined TRACON& Tower with Radar,4,44,25,0,73,0,0,18,0,18,4,44,43,0,91,0,0,0,91
08/11/2014,SGF,MO,ACE,CE,Combined TRACON& Tower with Radar,11,47,22,0,80,0,0,13,0,13,11,47,35,0,93,0,0,0,93
08/12/2014,SGF,MO,ACE,CE,Combined TRACON& Tower with Radar,6,54,40,3,103,0,4,27,5,36,6,58,67,8,139,34,0,34,173
08/13/2014,SGF,MO,ACE,CE,Combined TRACON& Tower with Radar,6,54,43,1,104,0,0,20,11,31,6,54,63,12,135,0,0,0,135
08/14/2014,SGF,MO,ACE,CE,Combined TRACON& Tower with Radar,9,46,28,0,83,0,1,16,6,23,9,47,44,6,106,12,0,12,118
08/15/2014,SGF,MO,ACE,CE,Combined TRACON& Tower with Radar,10,49,23,3,85,0,0,25,6,31,10,49,48,9,116,34,0,34,150
08/16/2014,SGF,MO,ACE,CE,Combined TRACON& Tower with Radar,3,39,18,0,60,0,0,33,0,33,3,39,51,0,93,0,0,0,93
08/17/2014,SGF,MO,ACE,CE,Combined TRACON& Tower with Radar,6,47,22,2,77,0,2,17,4,23,6,49,39,6,100,18,0,18,118
08/18/2014,SGF,MO,ACE,CE,Combined TRACON& Tower with Radar,9,51,21,0,81,0,3,10,0,13,9,54,31,0,94,20,0,20,114
08/19/2014,SGF,MO,ACE,CE,Combined TRACON& Tower with Radar,7,47,34,2,90,0,0,9,18,27,7,47,43,20,117,0,0,0,117
08/20/2014,SGF,MO,ACE,CE,Combined TRACON& Tower with Radar,8,52,35,2,97,0,0,15,12,27,8,52,50,14,124,0,0,0,124
08/21/2014,SGF,MO,ACE,CE,Combined TRACON& Tower with Radar,14,42,46,5,107,0,2,8,7,17,14,44,54,12,124,0,10,10,134
08/22/2014,SGF,MO,ACE,CE,Combined TRACON& Tower with Radar,12,45,41,0,98,0,3,17,1,21,12,48,58,1,119,10,0,10,129
08/23/2014,SGF,MO,ACE,CE,Combined TRACON& Tower with Radar,5,26,12,4,47,0,0,10,0,10,5,26,22,4,57,10,0,10,67
08/24/2014,SGF,MO,ACE,CE,Combined TRACON& Tower with Radar,8,36,12,0,56,0,2,24,0,26,8,38,36,0,82,16,0,16,98
08/25/2014,SGF,MO,ACE,CE,Combined TRACON& Tower with Radar,11,41,35,41,128,0,2,14,5,21,11,43,49,46,149,0,0,0,149
08/26/2014,SGF,MO,ACE,CE,Combined TRACON& Tower with Radar,8,44,43,8,103,0,3,21,3,27,8,47,64,11,130,6,0,6,136
08/27/2014,SGF,MO,ACE,CE,Combined TRACON& Tower with Radar,8,47,40,2,97,0,1,21,1,23,8,48,61,3,120,2,0,2,122
08/28/2014,SGF,MO,ACE,CE,Combined TRACON& Tower with Radar,14,56,56,2,128,0,0,37,4,41,14,56,93,6,169,0,0,0,169
08/29/2014,SGF,MO,ACE,CE,Combined TRACON& Tower with Radar,14,45,28,0,87,0,2,19,0,21,14,47,47,0,108,0,0,0,108
08/30/2014,SGF,MO,ACE,CE,Combined TRACON& Tower with Radar,5,24,14,0,43,0,3,10,0,13,5,27,24,0,56,12,0,12,68
08/31/2014,SGF,MO,ACE,CE,Combined TRACON& Tower with Radar,6,23,6,0,35,0,2,17,0,19,6,25,23,0,54,4,0,4,58
09/01/2014,SGF,MO,ACE,CE,Combined TRACON& Tower with Radar,9,41,17,0,67,0,1,3,0,4,9,42,20,0,71,0,0,0,71
09/02/2014,SGF,MO,ACE,CE,Combined TRACON& Tower with Radar,8,41,28,0,77,0,1,14,0,15,8,42,42,0,92,0,0,0,92
09/03/2014,SGF,MO,ACE,CE,Combined TRACON& Tower with Radar,8,59,40,3,110,0,0,19,9,28,8,59,59,12,138,8,0,8,146
09/04/2014,SGF,MO,ACE,CE,Combined TRACON& Tower with Radar,12,42,36,5,95,0,0,20,4,24,12,42,56,9,119,0,0,0,119
09/05/2014,SGF,MO,ACE,CE,Combined TRACON& Tower with Radar,12,40,22,4,78,0,2,19,4,25,12,42,41,8,103,16,14,30,133
09/06/2014,SGF,MO,ACE,CE,Combined TRACON& Tower with Radar,5,33,10,0,48,0,0,2,0,2,5,33,12,0,50,0,0,0,50
09/07/2014,SGF,MO,ACE,CE,Combined TRACON& Tower with Radar,6,37,26,6,75,0,0,37,0,37,6,37,63,6,112,58,0,58,170
09/08/2014,SGF,MO,ACE,CE,Combined TRACON& Tower with Radar,11,53,35,0,99,0,2,15,0,17,11,55,50,0,116,0,0,0,116
09/09/2014,SGF,MO,ACE,CE,Combined TRACON& Tower with Radar,12,61,24,2,99,0,2,18,4,24,12,63,42,6,123,8,0,8,131
09/10/2014,SGF,MO,ACE,CE,Combined TRACON& Tower with Radar,8,57,47,7,119,0,0,10,7,17,8,57,57,14,136,8,18,26,162
09/11/2014,SGF,MO,ACE,CE,Combined TRACON& Tower with Radar,11,47,48,14,120,0,4,3,2,9,11,51,51,16,129,0,0,0,129
09/12/2014,SGF,MO,ACE,CE,Combined TRACON& Tower with Radar,12,43,42,7,104,0,0,5,0,5,12,43,47,7,109,0,0,0,109
09/13/2014,SGF,MO,ACE,CE,Combined TRACON& Tower with Radar,5,28,23,0,56,0,0,26,0,26,5,28,49,0,82,50,0,50,132
09/14/2014,SGF,MO,ACE,CE,Combined TRACON& Tower with Radar,6,40,19,0,65,0,4,20,0,24,6,44,39,0,89,20,0,20,109
09/15/2014,SGF,MO,ACE,CE,Combined TRACON& Tower with Radar,9,53,30,0,92,0,0,7,0,7,9,53,37,0,99,6,0,6,105
09/16/2014,SGF,MO,ACE,CE,Combined TRACON& Tower with Radar,8,52,36,10,106,0,1,8,2,11,8,53,44,12,117,0,0,0,117
09/17/2014,SGF,MO,ACE,CE,Combined TRACON& Tower with Radar,10,46,40,0,96,0,1,1,0,2,10,47,41,0,98,0,0,0,98
09/18/2014,SGF,MO,ACE,CE,Combined TRACON& Tower with Radar,12,47,41,10,110,0,0,14,8,22,12,47,55,18,132,12,8,20,152
09/19/2014,SGF,MO,ACE,CE,Combined TRACON& Tower with Radar,10,49,34,6,99,0,0,23,12,35,10,49,57,18,134,0,0,0,134
09/20/2014,SGF,MO,ACE,CE,Combined TRACON& Tower with Radar,5,31,13,1,50,0,0,17,0,17,5,31,30,1,67,0,0,0,67
09/21/2014,SGF,MO,ACE,CE,Combined TRACON& Tower with Radar,6,38,15,0,59,0,1,18,0,19,6,39,33,0,78,0,0,0,78
09/22/2014,SGF,MO,ACE,CE,Combined TRACON& Tower with Radar,9,50,11,2,72,0,2,21,0,23,9,52,32,2,95,0,0,0,95
09/23/2014,SGF,MO,ACE,CE,Combined TRACON& Tower with Radar,8,54,24,3,89,0,3,4,2,9,8,57,28,5,98,0,0,0,98
09/24/2014,SGF,MO,ACE,CE,Combined TRACON& Tower with Radar,8,55,39,2,104,0,1,12,1,14,8,56,51,3,118,0,0,0,118
09/25/2014,SGF,MO,ACE,CE,Combined TRACON& Tower with Radar,12,55,38,10,115,0,6,22,1,29,12,61,60,11,144,0,0,0,144
09/26/2014,SGF,MO,ACE,CE,Combined TRACON& Tower with Radar,12,44,32,9,97,0,2,25,6,33,12,46,57,15,130,10,30,40,170
09/27/2014,SGF,MO,ACE,CE,Combined TRACON& Tower with Radar,5,27,11,1,44,0,0,28,3,31,5,27,39,4,75,0,0,0,75
09/28/2014,SGF,MO,ACE,CE,Combined TRACON& Tower with Radar,6,36,30,1,73,0,0,18,0,18,6,36,48,1,91,0,0,0,91
09/29/2014,SGF,MO,ACE,CE,Combined TRACON& Tower with Radar,9,46,45,0,100,0,0,21,1,22,9,46,66,1,122,0,0,0,122
09/30/2014,SGF,MO,ACE,CE,Combined TRACON& Tower with Radar,6,46,31,1,84,0,0,19,4,23,6,46,50,5,107,30,0,30,137
10/01/2014,SGF,MO,ACE,CE,Combined TRACON& Tower with Radar,6,52,49,4,111,0,1,8,4,13,6,53,57,8,124,0,0,0,124
10/02/2014,SGF,MO,ACE,CE,Combined TRACON& Tower with Radar,12,35,19,0,66,0,1,0,0,1,12,36,19,0,67,0,0,0,67
10/03/2014,SGF,MO,ACE,CE,Combined TRACON& Tower with Radar,14,48,31,6,99,0,2,11,3,16,14,50,42,9,115,14,0,14,129
10/04/2014,SGF,MO,ACE,CE,Combined TRACON& Tower with Radar,7,35,23,0,65,0,0,19,2,21,7,35,42,2,86,16,0,16,102
10/05/2014,SGF,MO,ACE,CE,Combined TRACON& Tower with Radar,6,37,20,0,63,0,2,17,0,19,6,39,37,0,82,0,0,0,82
10/06/2014,SGF,MO,ACE,CE,Combined TRACON& Tower with Radar,11,39,37,2,89,0,0,22,3,25,11,39,59,5,114,0,0,0,114
10/07/2014,SGF,MO,ACE,CE,Combined TRACON& Tower with Radar,8,44,38,12,102,0,4,26,2,32,8,48,64,14,134,0,0,0,134
10/08/2014,SGF,MO,ACE,CE,Combined TRACON& Tower with Radar,10,49,33,4,96,0,0,12,9,21,10,49,45,13,117,0,0,0,117
10/09/2014,SGF,MO,ACE,CE,Combined TRACON& Tower with Radar,16,44,36,0,96,0,1,5,2,8,16,45,41,2,104,6,0,6,110
10/10/2014,SGF,MO,ACE,CE,Combined TRACON& Tower with Radar,16,43,21,0,80,0,0,0,0,0,16,43,21,0,80,0,0,0,80
10/11/2014,SGF,MO,ACE,CE,Combined TRACON& Tower with Radar,7,30,7,0,44,0,3,1,0,4,7,33,8,0,48,8,0,8,56
10/12/2014,SGF,MO,ACE,CE,Combined TRACON& Tower with Radar,12,36,24,0,72,0,4,4,2,10,12,40,28,2,82,0,0,0,82
10/13/2014,SGF,MO,ACE,CE,Combined TRACON& Tower with Radar,11,42,16,0,69,0,0,0,0,0,11,42,16,0,69,0,0,0,69
10/14/2014,SGF,MO,ACE,CE,Combined TRACON& Tower with Radar,8,54,42,10,114,0,0,5,0,5,8,54,47,10,119,0,0,0,119
10/15/2014,SGF,MO,ACE,CE,Combined TRACON& Tower with Radar,8,46,43,26,123,0,3,21,4,28,8,49,64,30,151,0,12,12,163
10/16/2014,SGF,MO,ACE,CE,Combined TRACON& Tower with Radar,14,50,44,15,123,0,4,22,5,31,14,54,66,20,154,16,46,62,216
10/17/2014,SGF,MO,ACE,CE,Combined TRACON& Tower with Radar,10,39,32,2,83,0,0,27,2,29,10,39,59,4,112,16,16,32,144
10/18/2014,SGF,MO,ACE,CE,Combined TRACON& Tower with Radar,5,32,28,0,65,0,1,28,0,29,5,33,56,0,94,42,0,42,136
10/19/2014,SGF,MO,ACE,CE,Combined TRACON& Tower with Radar,6,36,20,6,68,0,2,18,0,20,6,38,38,6,88,24,0,24,112
10/20/2014,SGF,MO,ACE,CE,Combined TRACON& Tower with Radar,9,43,29,0,81,0,0,19,2,21,9,43,48,2,102,14,0,14,116
10/21/2014,SGF,MO,ACE,CE,Combined TRACON& Tower with Radar,13,53,40,3,109,0,0,14,5,19,13,53,54,8,128,0,0,0,128
10/22/2014,SGF,MO,ACE,CE,Combined TRACON& Tower with Radar,8,55,47,2,112,0,1,19,8,28,8,56,66,10,140,10,0,10,150
10/23/2014,SGF,MO,ACE,CE,Combined TRACON& Tower with Radar,12,40,36,6,94,0,4,1,10,15,12,44,37,16,109,0,4,4,113
10/24/2014,SGF,MO,ACE,CE,Combined TRACON& Tower with Radar,10,58,24,2,94,0,3,16,7,26,10,61,40,9,120,0,0,0,120
10/25/2014,SGF,MO,ACE,CE,Combined TRACON& Tower with Radar,5,29,13,4,51,0,5,24,1,30,5,34,37,5,81,0,0,0,81
10/26/2014,SGF,MO,ACE,CE,Combined TRACON& Tower with Radar,6,42,19,0,67,0,0,23,0,23,6,42,42,0,90,0,0,0,90
10/27/2014,SGF,MO,ACE,CE,Combined TRACON& Tower with Radar,8,44,33,5,90,0,0,9,0,9,8,44,42,5,99,0,0,0,99
10/28/2014,SGF,MO,ACE,CE,Combined TRACON& Tower with Radar,8,45,28,52,133,0,5,13,4,22,8,50,41,56,155,2,34,36,191
10/29/2014,SGF,MO,ACE,CE,Combined TRACON& Tower with Radar,8,47,47,4,106,0,1,20,5,26,8,48,67,9,132,12,20,32,164
10/30/2014,SGF,MO,ACE,CE,Combined TRACON& Tower with Radar,12,46,47,0,105,0,2,11,3,16,12,48,58,3,121,14,0,14,135
10/31/2014,SGF,MO,ACE,CE,Combined TRACON& Tower with Radar,10,32,34,1,77,0,0,12,3,15,10,32,46,4,92,0,0,0,92
11/01/2014,SGF,MO,ACE,CE,Combined TRACON& Tower with Radar,5,29,16,0,50,0,3,13,3,19,5,32,29,3,69,0,0,0,69
11/02/2014,SGF,MO,ACE,CE,Combined TRACON& Tower with Radar,6,40,20,1,67,0,1,8,3,12,6,41,28,4,79,12,0,12,91
11/03/2014,SGF,MO,ACE,CE,Combined TRACON& Tower with Radar,9,42,30,3,84,0,1,8,0,9,9,43,38,3,93,0,0,0,93
11/04/2014,SGF,MO,ACE,CE,Combined TRACON& Tower with Radar,7,50,29,13,99,0,0,2,1,3,7,50,31,14,102,0,0,0,102
11/05/2014,SGF,MO,ACE,CE,Combined TRACON& Tower with Radar,8,53,41,4,106,0,0,17,4,21,8,53,58,8,127,0,0,0,127
11/06/2014,SGF,MO,ACE,CE,Combined TRACON& Tower with Radar,12,53,44,0,109,0,0,10,3,13,12,53,54,3,122,8,0,8,130
11/07/2014,SGF,MO,ACE,CE,Combined TRACON& Tower with Radar,12,58,22,0,92,0,2,20,7,29,12,60,42,7,121,14,14,28,149
11/08/2014,SGF,MO,ACE,CE,Combined TRACON& Tower with Radar,5,29,15,1,50,0,0,17,0,17,5,29,32,1,67,0,0,0,67
11/09/2014,SGF,MO,ACE,CE,Combined TRACON& Tower with Radar,6,41,12,0,59,0,0,17,0,17,6,41,29,0,76,0,0,0,76
11/10/2014,SGF,MO,ACE,CE,Combined TRACON& Tower with Radar,9,48,25,0,82,0,0,8,0,8,9,48,33,0,90,0,0,0,90
11/11/2014,SGF,MO,ACE,CE,Combined TRACON& Tower with Radar,8,59,31,0,98,0,0,2,2,4,8,59,33,2,102,0,0,0,102
11/12/2014,SGF,MO,ACE,CE,Combined TRACON& Tower with Radar,8,49,39,5,101,0,1,11,4,16,8,50,50,9,117,0,0,0,117
11/13/2014,SGF,MO,ACE,CE,Combined TRACON& Tower with Radar,12,49,50,10,121,0,0,13,1,14,12,49,63,11,135,16,0,16,151
11/14/2014,SGF,MO,ACE,CE,Combined TRACON& Tower with Radar,12,50,36,0,98,0,5,25,0,30,12,55,61,0,128,58,0,58,186
11/15/2014,SGF,MO,ACE,CE,Combined TRACON& Tower with Radar,7,31,12,2,52,0,0,2,0,2,7,31,14,2,54,8,0,8,62
11/16/2014,SGF,MO,ACE,CE,Combined TRACON& Tower with Radar,6,28,10,0,44,0,1,0,0,1,6,29,10,0,45,0,0,0,45
11/17/2014,SGF,MO,ACE,CE,Combined TRACON& Tower with Radar,9,49,27,6,91,0,0,6,2,8,9,49,33,8,99,0,0,0,99
11/18/2014,SGF,MO,ACE,CE,Combined TRACON& Tower with Radar,8,56,21,4,89,0,0,11,8,19,8,56,32,12,108,0,0,0,108
11/19/2014,SGF,MO,ACE,CE,Combined TRACON& Tower with Radar,11,52,56,2,121,0,0,12,3,15,11,52,68,5,136,0,0,0,136
11/20/2014,SGF,MO,ACE,CE,Combined TRACON& Tower with Radar,12,57,48,2,119,0,2,18,5,25,12,59,66,7,144,4,32,36,180
11/21/2014,SGF,MO,ACE,CE,Combined TRACON& Tower with Radar,13,49,35,2,99,0,0,4,4,8,13,49,39,6,107,16,0,16,123
11/22/2014,SGF,MO,ACE,CE,Combined TRACON& Tower with Radar,7,35,14,0,56,0,0,2,1,3,7,35,16,1,59,0,0,0,59
11/23/2014,SGF,MO,ACE,CE,Combined TRACON& Tower with Radar,6,41,24,0,71,0,1,2,0,3,6,42,26,0,74,0,0,0,74
11/24/2014,SGF,MO,ACE,CE,Combined TRACON& Tower with Radar,9,44,13,32,98,0,1,18,2,21,9,45,31,34,119,0,0,0,119
11/25/2014,SGF,MO,ACE,CE,Combined TRACON& Tower with Radar,10,45,23,32,110,0,2,20,7,29,10,47,43,39,139,0,0,0,139
11/26/2014,SGF,MO,ACE,CE,Combined TRACON& Tower with Radar,10,50,22,0,82,0,0,4,0,4,10,50,26,0,86,0,0,0,86
11/27/2014,SGF,MO,ACE,CE,Combined TRACON& Tower with Radar,2,28,13,0,43,0,0,10,0,10,2,28,23,0,53,0,0,0,53
11/28/2014,SGF,MO,ACE,CE,Combined TRACON& Tower with Radar,10,34,10,0,54,0,2,10,0,12,10,36,20,0,66,0,0,0,66
11/29/2014,SGF,MO,ACE,CE,Combined TRACON& Tower with Radar,11,41,12,0,64,0,3,9,0,12,11,44,21,0,76,32,0,32,108
11/30/2014,SGF,MO,ACE,CE,Combined TRACON& Tower with Radar,4,43,20,0,67,0,1,6,2,9,4,44,26,2,76,0,0,0,76
12/01/2014,SGF,MO,ACE,CE,Combined TRACON& Tower with Radar,11,51,18,2,82,0,2,2,0,4,11,53,20,2,86,0,0,0,86
12/02/2014,SGF,MO,ACE,CE,Combined TRACON& Tower with Radar,10,45,37,12,104,0,0,6,0,6,10,45,43,12,110,0,0,0,110
12/03/2014,SGF,MO,ACE,CE,Combined TRACON& Tower with Radar,10,51,45,1,107,0,2,16,8,26,10,53,61,9,133,0,0,0,133
12/04/2014,SGF,MO,ACE,CE,Combined TRACON& Tower with Radar,12,49,32,6,99,0,0,0,0,0,12,49,32,6,99,0,0,0,99
12/05/2014,SGF,MO,ACE,CE,Combined TRACON& Tower with Radar,12,46,28,2,88,0,0,0,0,0,12,46,28,2,88,0,0,0,88
12/06/2014,SGF,MO,ACE,CE,Combined TRACON& Tower with Radar,5,34,19,0,58,0,0,0,0,0,5,34,19,0,58,0,0,0,58
12/07/2014,SGF,MO,ACE,CE,Combined TRACON& Tower with Radar,6,43,20,0,69,0,2,5,0,7,6,45,25,0,76,10,0,10,86
12/08/2014,SGF,MO,ACE,CE,Combined TRACON& Tower with Radar,9,53,25,0,87,0,0,7,0,7,9,53,32,0,94,0,0,0,94
12/09/2014,SGF,MO,ACE,CE,Combined TRACON& Tower with Radar,10,51,32,2,95,0,2,10,14,26,10,53,42,16,121,0,0,0,121
12/10/2014,SGF,MO,ACE,CE,Combined TRACON& Tower with Radar,8,54,31,12,105,0,3,6,2,11,8,57,37,14,116,0,0,0,116
12/11/2014,SGF,MO,ACE,CE,Combined TRACON& Tower with Radar,12,50,33,6,101,0,2,5,0,7,12,52,38,6,108,0,0,0,108
12/12/2014,SGF,MO,ACE,CE,Combined TRACON& Tower with Radar,14,51,21,0,86,0,0,8,2,10,14,51,29,2,96,10,0,10,106
12/13/2014,SGF,MO,ACE,CE,Combined TRACON& Tower with Radar,5,33,11,0,49,0,0,2,0,2,5,33,13,0,51,0,0,0,51
12/14/2014,SGF,MO,ACE,CE,Combined TRACON& Tower with Radar,6,45,29,0,80,0,1,3,0,4,6,46,32,0,84,0,0,0,84
12/15/2014,SGF,MO,ACE,CE,Combined TRACON& Tower with Radar,9,47,17,20,93,0,1,4,2,7,9,48,21,22,100,0,12,12,112
12/16/2014,SGF,MO,ACE,CE,Combined TRACON& Tower with Radar,9,51,27,3,90,0,0,1,7,8,9,51,28,10,98,0,0,0,98
12/17/2014,SGF,MO,ACE,CE,Combined TRACON& Tower with Radar,12,50,29,1,92,0,1,5,7,13,12,51,34,8,105,0,0,0,105
12/18/2014,SGF,MO,ACE,CE,Combined TRACON& Tower with Radar,12,35,38,0,85,0,0,0,0,0,12,35,38,0,85,0,0,0,85
12/19/2014,SGF,MO,ACE,CE,Combined TRACON& Tower with Radar,14,47,17,1,79,0,0,0,0,0,14,47,17,1,79,0,0,0,79
12/20/2014,SGF,MO,ACE,CE,Combined TRACON& Tower with Radar,7,33,14,0,54,0,1,2,0,3,7,34,16,0,57,0,0,0,57
12/21/2014,SGF,MO,ACE,CE,Combined TRACON& Tower with Radar,8,35,28,0,71,0,0,2,0,2,8,35,30,0,73,0,0,0,73
12/22/2014,SGF,MO,ACE,CE,Combined TRACON& Tower with Radar,11,39,16,0,66,0,0,0,0,0,11,39,16,0,66,0,0,0,66
12/23/2014,SGF,MO,ACE,CE,Combined TRACON& Tower with Radar,9,43,26,49,127,0,0,12,3,15,9,43,38,52,142,0,26,26,168
12/24/2014,SGF,MO,ACE,CE,Combined TRACON& Tower with Radar,17,38,9,0,64,0,2,0,0,2,17,40,9,0,66,0,0,0,66
12/25/2014,SGF,MO,ACE,CE,Combined TRACON& Tower with Radar,2,33,5,0,40,0,0,2,0,2,2,33,7,0,42,0,0,0,42
12/26/2014,SGF,MO,ACE,CE,Combined TRACON& Tower with Radar,14,35,18,0,67,0,1,2,0,3,14,36,20,0,70,0,0,0,70
12/27/2014,SGF,MO,ACE,CE,Combined TRACON& Tower with Radar,5,32,8,0,45,0,1,0,0,1,5,33,8,0,46,0,0,0,46
12/28/2014,SGF,MO,ACE,CE,Combined TRACON& Tower with Radar,6,36,23,0,65,0,2,20,0,22,6,38,43,0,87,8,0,8,95
12/29/2014,SGF,MO,ACE,CE,Combined TRACON& Tower with Radar,10,37,18,0,65,0,0,11,0,11,10,37,29,0,76,6,0,6,82
12/30/2014,SGF,MO,ACE,CE,Combined TRACON& Tower with Radar,6,36,19,4,65,0,0,1,0,1,6,36,20,4,66,0,0,0,66
12/31/2014,SGF,MO,ACE,CE,Combined TRACON& Tower with Radar,13,35,12,2,62,0,1,22,2,25,13,36,34,4,87,30,0,30,117
01/01/2015,SGF,MO,ACE,CE,Combined TRACON& Tower with Radar,2,31,5,0,38,0,1,4,0,5,2,32,9,0,43,0,0,0,43
01/02/2015,SGF,MO,ACE,CE,Combined TRACON& Tower with Radar,15,44,9,0,68,0,0,0,0,0,15,44,9,0,68,0,0,0,68
01/03/2015,SGF,MO,ACE,CE,Combined TRACON& Tower with Radar,7,31,9,0,47,0,0,0,0,0,7,31,9,0,47,0,0,0,47
01/04/2015,SGF,MO,ACE,CE,Combined TRACON& Tower with Radar,4,34,12,0,50,0,0,5,2,7,4,34,17,2,57,0,0,0,57
01/05/2015,SGF,MO,ACE,CE,Combined TRACON& Tower with Radar,11,35,21,22,89,0,1,23,0,24,11,36,44,22,113,12,26,38,151
01/06/2015,SGF,MO,ACE,CE,Combined TRACON& Tower with Radar,10,48,28,4,90,0,0,23,2,25,10,48,51,6,115,0,0,0,115
01/07/2015,SGF,MO,ACE,CE,Combined TRACON& Tower with Radar,8,52,26,19,105,0,5,1,7,13,8,57,27,26,118,0,22,22,140
01/08/2015,SGF,MO,ACE,CE,Combined TRACON& Tower with Radar,13,37,12,10,72,0,0,2,1,3,13,37,14,11,75,0,16,16,91
01/09/2015,SGF,MO,ACE,CE,Combined TRACON& Tower with Radar,11,49,30,6,96,0,3,10,6,19,11,52,40,12,115,16,0,16,131
01/10/2015,SGF,MO,ACE,CE,Combined TRACON& Tower with Radar,5,34,9,1,49,0,0,30,1,31,5,34,39,2,80,10,0,10,90
01/11/2015,SGF,MO,ACE,CE,Combined TRACON& Tower with Radar,6,41,6,0,53,0,1,0,0,1,6,42,6,0,54,0,0,0,54
01/12/2015,SGF,MO,ACE,CE,Combined TRACON& Tower with Radar,9,44,24,0,77,0,1,8,2,11,9,45,32,2,88,0,0,0,88
01/13/2015,SGF,MO,ACE,CE,Combined TRACON& Tower with Radar,8,48,31,2,89,0,0,18,0,18,8,48,49,2,107,0,0,0,107
01/14/2015,SGF,MO,ACE,CE,Combined TRACON& Tower with Radar,8,48,18,5,79,0,1,10,4,15,8,49,28,9,94,18,0,18,112
01/15/2015,SGF,MO,ACE,CE,Combined TRACON& Tower with Radar,12,51,39,11,113,0,1,14,3,18,12,52,53,14,131,6,0,6,137
01/16/2015,SGF,MO,ACE,CE,Combined TRACON& Tower with Radar,10,48,25,2,85,0,2,25,0,27,10,50,50,2,112,34,0,34,146
01/17/2015,SGF,MO,ACE,CE,Combined TRACON& Tower with Radar,5,29,14,0,48,0,2,19,0,21,5,31,33,0,69,18,0,18,87
01/18/2015,SGF,MO,ACE,CE,Combined TRACON& Tower with Radar,6,41,15,0,62,0,2,17,0,19,6,43,32,0,81,8,0,8,89
01/19/2015,SGF,MO,ACE,CE,Combined TRACON& Tower with Radar,9,51,25,0,85,0,2,25,0,27,9,53,50,0,112,0,0,0,112
01/20/2015,SGF,MO,ACE,CE,Combined TRACON& Tower with Radar,8,48,31,2,89,0,0,2,5,7,8,48,33,7,96,0,0,0,96
01/21/2015,SGF,MO,ACE,CE,Combined TRACON& Tower with Radar,6,53,37,18,114,0,0,22,13,35,6,53,59,31,149,30,0,30,179
01/22/2015,SGF,MO,ACE,CE,Combined TRACON& Tower with Radar,12,41,23,20,96,0,3,12,4,19,12,44,35,24,115,14,12,26,141
01/23/2015,SGF,MO,ACE,CE,Combined TRACON& Tower with Radar,10,55,33,0,98,0,2,25,4,31,10,57,58,4,129,0,0,0,129
01/24/2015,SGF,MO,ACE,CE,Combined TRACON& Tower with Radar,5,37,21,0,63,0,6,18,2,26,5,43,39,2,89,18,0,18,107
01/25/2015,SGF,MO,ACE,CE,Combined TRACON& Tower with Radar,6,51,30,0,87,0,0,3,0,3,6,51,33,0,90,0,0,0,90
01/26/2015,SGF,MO,ACE,CE,Combined TRACON& Tower with Radar,9,46,31,18,104,0,0,15,0,15,9,46,46,18,119,0,25,25,144
01/27/2015,SGF,MO,ACE,CE,Combined TRACON& Tower with Radar,8,53,45,22,128,0,0,24,0,24,8,53,69,22,152,0,0,0,152
01/28/2015,SGF,MO,ACE,CE,Combined TRACON& Tower with Radar,8,56,36,7,107,0,2,10,8,20,8,58,46,15,127,0,0,0,127
01/29/2015,SGF,MO,ACE,CE,Combined TRACON& Tower with Radar,12,54,38,0,104,0,2,10,1,13,12,56,48,1,117,0,0,0,117
01/30/2015,SGF,MO,ACE,CE,Combined TRACON& Tower with Radar,11,55,23,19,108,0,2,19,13,34,11,57,42,32,142,12,6,18,160
01/31/2015,SGF,MO,ACE,CE,Combined TRACON& Tower with Radar,6,29,11,0,46,0,1,1,0,2,6,30,12,0,48,0,0,0,48
02/01/2015,SGF,MO,ACE,CE,Combined TRACON& Tower with Radar,6,22,10,0,38,0,0,0,0,0,6,22,10,0,38,0,0,0,38
02/02/2015,SGF,MO,ACE,CE,Combined TRACON& Tower with Radar,9,36,23,0,68,0,0,7,0,7,9,36,30,0,75,0,0,0,75
02/03/2015,SGF,MO,ACE,CE,Combined TRACON& Tower with Radar,8,38,49,1,96,0,2,17,4,23,8,40,66,5,119,0,0,0,119
02/04/2015,SGF,MO,ACE,CE,Combined TRACON& Tower with Radar,8,47,37,1,93,0,3,2,3,8,8,50,39,4,101,0,0,0,101
02/05/2015,SGF,MO,ACE,CE,Combined TRACON& Tower with Radar,12,42,36,31,121,0,6,13,3,22,12,48,49,34,143,12,0,12,155
02/06/2015,SGF,MO,ACE,CE,Combined TRACON& Tower with Radar,10,52,31,1,94,0,2,7,12,21,10,54,38,13,115,0,0,0,115
02/07/2015,SGF,MO,ACE,CE,Combined TRACON& Tower with Radar,5,28,14,0,47,0,2,22,0,24,5,30,36,0,71,0,0,0,71
02/08/2015,SGF,MO,ACE,CE,Combined TRACON& Tower with Radar,6,37,17,0,60,0,2,20,1,23,6,39,37,1,83,12,0,12,95
02/09/2015,SGF,MO,ACE,CE,Combined TRACON& Tower with Radar,9,52,39,12,112,0,0,0,0,0,9,52,39,12,112,0,0,0,112
02/10/2015,SGF,MO,ACE,CE,Combined TRACON& Tower with Radar,8,50,27,31,116,0,7,17,5,29,8,57,44,36,145,6,6,12,157
02/11/2015,SGF,MO,ACE,CE,Combined TRACON& Tower with Radar,8,46,46,40,140,0,2,5,2,9,8,48,51,42,149,0,0,0,149
02/12/2015,SGF,MO,ACE,CE,Combined TRACON& Tower with Radar,12,47,47,19,125,0,2,16,0,18,12,49,63,19,143,20,18,38,181
02/13/2015,SGF,MO,ACE,CE,Combined TRACON& Tower with Radar,12,47,47,16,122,0,6,18,0,24,12,53,65,16,146,10,12,22,168
02/14/2015,SGF,MO,ACE,CE,Combined TRACON& Tower with Radar,5,29,26,0,60,0,3,28,1,32,5,32,54,1,92,0,0,0,92
02/15/2015,SGF,MO,ACE,CE,Combined TRACON& Tower with Radar,6,36,7,0,49,0,1,3,0,4,6,37,10,0,53,0,0,0,53
02/16/2015,SGF,MO,ACE,CE,Combined TRACON& Tower with Radar,9,34,7,0,50,0,0,2,0,2,9,34,9,0,52,0,0,0,52
02/17/2015,SGF,MO,ACE,CE,Combined TRACON& Tower with Radar,8,48,21,0,77,0,1,1,2,4,8,49,22,2,81,0,0,0,81
02/18/2015,SGF,MO,ACE,CE,Combined TRACON& Tower with Radar,8,49,31,5,93,0,3,3,5,11,8,52,34,10,104,10,8,18,122
02/19/2015,SGF,MO,ACE,CE,Combined TRACON& Tower with Radar,12,39,33,8,92,0,2,10,2,14,12,41,43,10,106,0,0,0,106
02/20/2015,SGF,MO,ACE,CE,Combined TRACON& Tower with Radar,9,38,12,0,59,0,4,0,0,4,9,42,12,0,63,0,0,0,63
02/21/2015,SGF,MO,ACE,CE,Combined TRACON& Tower with Radar,6,35,13,0,54,0,0,0,0,0,6,35,13,0,54,0,0,0,54
02/22/2015,SGF,MO,ACE,CE,Combined TRACON& Tower with Radar,6,38,23,0,67,0,1,3,0,4,6,39,26,0,71,0,0,0,71
02/23/2015,SGF,MO,ACE,CE,Combined TRACON& Tower with Radar,9,37,37,30,113,0,0,16,2,18,9,37,53,32,131,0,0,0,131
02/24/2015,SGF,MO,ACE,CE,Combined TRACON& Tower with Radar,8,50,47,11,116,0,3,24,5,32,8,53,71,16,148,0,0,0,148
02/25/2015,SGF,MO,ACE,CE,Combined TRACON& Tower with Radar,7,48,27,8,90,0,2,13,12,27,7,50,40,20,117,46,6,52,169
02/26/2015,SGF,MO,ACE,CE,Combined TRACON& Tower with Radar,11,40,15,5,71,0,4,1,4,9,11,44,16,9,80,0,0,0,80
02/27/2015,SGF,MO,ACE,CE,Combined TRACON& Tower with Radar,10,43,32,8,93,0,0,19,10,29,10,43,51,18,122,16,8,24,146
02/28/2015,SGF,MO,ACE,CE,Combined TRACON& Tower with Radar,4,15,10,0,29,0,1,0,0,1,4,16,10,0,30,0,0,0,30
03/01/2015,SGF,MO,ACE,CE,Combined TRACON& Tower with Radar,7,35,7,2,51,0,0,0,0,0,7,35,7,2,51,0,0,0,51
03/02/2015,SGF,MO,ACE,CE,Combined TRACON& Tower with Radar,9,44,24,27,104,0,2,0,0,2,9,46,24,27,106,6,34,40,146
03/03/2015,SGF,MO,ACE,CE,Combined TRACON& Tower with Radar,7,39,24,0,70,0,0,1,0,1,7,39,25,0,71,0,0,0,71
03/04/2015,SGF,MO,ACE,CE,Combined TRACON& Tower with Radar,9,33,12,0,54,0,0,0,0,0,9,33,12,0,54,0,0,0,54
03/05/2015,SGF,MO,ACE,CE,Combined TRACON& Tower with Radar,12,40,30,7,89,0,0,25,11,36,12,40,55,18,125,0,0,0,125
03/06/2015,SGF,MO,ACE,CE,Combined TRACON& Tower with Radar,9,44,33,5,91,0,3,32,5,40,9,47,65,10,131,0,0,0,131
03/07/2015,SGF,MO,ACE,CE,Combined TRACON& Tower with Radar,7,40,28,2,77,0,2,34,1,37,7,42,62,3,114,0,0,0,114
03/08/2015,SGF,MO,ACE,CE,Combined TRACON& Tower with Radar,6,43,24,0,73,0,2,18,0,20,6,45,42,0,93,0,0,0,93
03/09/2015,SGF,MO,ACE,CE,Combined TRACON& Tower with Radar,9,50,32,46,137,0,2,8,0,10,9,52,40,46,147,0,0,0,147
03/10/2015,SGF,MO,ACE,CE,Combined TRACON& Tower with Radar,8,48,31,6,93,0,0,2,2,4,8,48,33,8,97,0,0,0,97
03/11/2015,SGF,MO,ACE,CE,Combined TRACON& Tower with Radar,8,55,45,3,111,0,2,25,9,36,8,57,70,12,147,12,0,12,159
03/12/2015,SGF,MO,ACE,CE,Combined TRACON& Tower with Radar,12,51,51,6,120,0,5,20,4,29,12,56,71,10,149,10,8,18,167
03/13/2015,SGF,MO,ACE,CE,Combined TRACON& Tower with Radar,10,63,12,0,85,0,0,0,0,0,10,63,12,0,85,0,0,0,85
03/14/2015,SGF,MO,ACE,CE,Combined TRACON& Tower with Radar,11,37,21,0,69,0,2,19,0,21,11,39,40,0,90,0,0,0,90
03/15/2015,SGF,MO,ACE,CE,Combined TRACON& Tower with Radar,8,46,34,0,88,0,2,61,0,63,8,48,95,0,151,20,0,20,171
03/16/2015,SGF,MO,ACE,CE,Combined TRACON& Tower with Radar,9,45,19,6,79,0,0,31,1,32,9,45,50,7,111,0,0,0,111
03/17/2015,SGF,MO,ACE,CE,Combined TRACON& Tower with Radar,8,48,43,8,107,0,0,11,15,26,8,48,54,23,133,26,0,26,159
03/18/2015,SGF,MO,ACE,CE,Combined TRACON& Tower with Radar,10,48,29,2,89,0,0,0,2,2,10,48,29,4,91,0,0,0,91
03/19/2015,SGF,MO,ACE,CE,Combined TRACON& Tower with Radar,12,48,40,10,110,0,0,1,0,1,12,48,41,10,111,0,0,0,111
03/20/2015,SGF,MO,ACE,CE,Combined TRACON& Tower with Radar,11,48,40,23,122,0,0,17,2,19,11,48,57,25,141,0,20,20,161
03/21/2015,SGF,MO,ACE,CE,Combined TRACON& Tower with Radar,8,40,19,0,67,0,2,26,0,28,8,42,45,0,95,0,0,0,95
03/22/2015,SGF,MO,ACE,CE,Combined TRACON& Tower with Radar,6,47,26,0,79,0,1,14,2,17,6,48,40,2,96,0,0,0,96
03/23/2015,SGF,MO,ACE,CE,Combined TRACON& Tower with Radar,9,39,34,20,102,0,1,11,0,12,9,40,45,20,114,14,0,14,128
03/24/2015,SGF,MO,ACE,CE,Combined TRACON& Tower with Radar,8,45,40,25,118,0,3,2,13,18,8,48,42,38,136,0,12,12,148
03/25/2015,SGF,MO,ACE,CE,Combined TRACON& Tower with Radar,8,42,31,7,88,0,2,5,17,24,8,44,36,24,112,0,0,0,112
03/26/2015,SGF,MO,ACE,CE,Combined TRACON& Tower with Radar,12,59,54,9,134,0,6,10,12,28,12,65,64,21,162,10,0,10,172
03/27/2015,SGF,MO,ACE,CE,Combined TRACON& Tower with Radar,11,48,45,0,104,0,2,9,2,13,11,50,54,2,117,0,0,0,117
03/28/2015,SGF,MO,ACE,CE,Combined TRACON& Tower with Radar,6,33,23,2,64,0,0,8,4,12,6,33,31,6,76,0,0,0,76
03/29/2015,SGF,MO,ACE,CE,Combined TRACON& Tower with Radar,6,39,19,0,64,0,2,13,0,15,6,41,32,0,79,0,0,0,79
03/30/2015,SGF,MO,ACE,CE,Combined TRACON& Tower with Radar,9,48,23,24,104,0,2,24,0,26,9,50,47,24,130,16,0,16,146
03/31/2015,SGF,MO,ACE,CE,Combined TRACON& Tower with Radar,12,47,43,4,106,0,5,5,1,11,12,52,48,5,117,10,0,10,127
04/01/2015,SGF,MO,ACE,CE,Combined TRACON& Tower with Radar,8,47,36,4,95,0,1,1,6,8,8,48,37,10,103,2,14,16,119
04/02/2015,SGF,MO,ACE,CE,Combined TRACON& Tower with Radar,11,48,23,4,86,0,2,3,6,11,11,50,26,10,97,0,0,0,97
04/03/2015,SGF,MO,ACE,CE,Combined TRACON& Tower with Radar,11,49,28,4,92,0,0,3,0,3,11,49,31,4,95,0,8,8,103
04/04/2015,SGF,MO,ACE,CE,Combined TRACON& Tower with Radar,7,31,27,0,65,0,6,25,0,31,7,37,52,0,96,24,0,24,120
04/05/2015,SGF,MO,ACE,CE,Combined TRACON& Tower with Radar,6,36,26,0,68,0,0,7,0,7,6,36,33,0,75,0,0,0,75
04/06/2015,SGF,MO,ACE,CE,Combined TRACON& Tower with Radar,12,56,33,0,101,0,0,3,0,3,12,56,36,0,104,0,0,0,104
04/07/2015,SGF,MO,ACE,CE,Combined TRACON& Tower with Radar,8,58,46,12,124,0,0,4,8,12,8,58,50,20,136,0,0,0,136
04/08/2015,SGF,MO,ACE,CE,Combined TRACON& Tower with Radar,8,48,41,16,113,0,2,7,12,21,8,50,48,28,134,0,0,0,134
04/09/2015,SGF,MO,ACE,CE,Combined TRACON& Tower with Radar,14,44,42,3,103,0,0,3,17,20,14,44,45,20,123,0,8,8,131
04/10/2015,SGF,MO,ACE,CE,Combined TRACON& Tower with Radar,9,46,40,18,113,0,3,31,10,44,9,49,71,28,157,34,18,52,209
04/11/2015,SGF,MO,ACE,CE,Combined TRACON& Tower with Radar,11,34,41,0,86,0,0,28,6,34,11,34,69,6,120,58,4,62,182
04/12/2015,SGF,MO,ACE,CE,Combined TRACON& Tower with Radar,7,39,14,0,60,0,0,0,4,4,7,39,14,4,64,0,7,7,71
04/13/2015,SGF,MO,ACE,CE,Combined TRACON& Tower with Radar,9,48,30,0,87,0,2,2,1,5,9,50,32,1,92,0,0,0,92
04/14/2015,SGF,MO,ACE,CE,Combined TRACON& Tower with Radar,8,48,38,7,101,0,1,1,5,7,8,49,39,12,108,0,0,0,108
04/15/2015,SGF,MO,ACE,CE,Combined TRACON& Tower with Radar,8,50,43,3,104,0,0,0,0,0,8,50,43,3,104,0,0,0,104
04/16/2015,SGF,MO,ACE,CE,Combined TRACON& Tower with Radar,12,50,54,7,123,0,0,22,6,28,12,50,76,13,151,70,0,70,221
04/17/2015,SGF,MO,ACE,CE,Combined TRACON& Tower with Radar,12,47,34,6,99,0,6,15,2,23,12,53,49,8,122,0,0,0,122
04/18/2015,SGF,MO,ACE,CE,Combined TRACON& Tower with Radar,7,29,12,0,48,0,2,6,1,9,7,31,18,1,57,0,0,0,57
04/19/2015,SGF,MO,ACE,CE,Combined TRACON& Tower with Radar,6,40,11,2,59,0,4,5,0,9,6,44,16,2,68,0,0,0,68
04/20/2015,SGF,MO,ACE,CE,Combined TRACON& Tower with Radar,9,51,27,26,113,0,4,5,0,9,9,55,32,26,122,0,0,0,122
04/21/2015,SGF,MO,ACE,CE,Combined TRACON& Tower with Radar,8,49,33,3,93,0,4,19,10,33,8,53,52,13,126,0,0,0,126
04/22/2015,SGF,MO,ACE,CE,Combined TRACON& Tower with Radar,8,55,52,6,121,0,12,32,8,52,8,67,84,14,173,21,0,21,194
04/23/2015,SGF,MO,ACE,CE,Combined TRACON& Tower with Radar,12,45,56,7,120,0,4,18,9,31,12,49,74,16,151,46,10,56,207
04/24/2015,SGF,MO,ACE,CE,Combined TRACON& Tower with Radar,9,41,23,3,76,0,1,4,3,8,9,42,27,6,84,0,0,0,84
04/25/2015,SGF,MO,ACE,CE,Combined TRACON& Tower with Radar,7,28,14,0,49,0,0,4,0,4,7,28,18,0,53,0,0,0,53
04/26/2015,SGF,MO,ACE,CE,Combined TRACON& Tower with Radar,8,37,41,0,86,0,2,6,0,8,8,39,47,0,94,0,0,0,94
04/27/2015,SGF,MO,ACE,CE,Combined TRACON& Tower with Radar,9,48,20,4,81,0,0,17,0,17,9,48,37,4,98,0,0,0,98
04/28/2015,SGF,MO,ACE,CE,Combined TRACON& Tower with Radar,8,56,45,13,122,0,7,9,7,23,8,63,54,20,145,0,0,0,145
04/29/2015,SGF,MO,ACE,CE,Combined TRACON& Tower with Radar,8,47,48,4,107,0,3,24,15,42,8,50,72,19,149,12,0,12,161
04/30/2015,SGF,MO,ACE,CE,Combined TRACON& Tower with Radar,12,51,49,2,114,0,5,15,21,41,12,56,64,23,155,0,0,0,155
05/01/2015,SGF,MO,ACE,CE,Combined TRACON& Tower with Radar,10,50,29,15,104,0,3,19,9,31,10,53,48,24,135,0,0,0,135
05/02/2015,SGF,MO,ACE,CE,Combined TRACON& Tower with Radar,5,27,35,0,67,0,0,25,7,32,5,27,60,7,99,0,0,0,99
05/03/2015,SGF,MO,ACE,CE,Combined TRACON& Tower with Radar,6,38,26,0,70,0,2,20,0,22,6,40,46,0,92,22,0,22,114
05/04/2015,SGF,MO,ACE,CE,Combined TRACON& Tower with Radar,9,50,39,0,98,0,2,13,0,15,9,52,52,0,113,0,0,0,113
05/05/2015,SGF,MO,ACE,CE,Combined TRACON& Tower with Radar,8,44,38,12,102,0,4,10,7,21,8,48,48,19,123,0,0,0,123
05/06/2015,SGF,MO,ACE,CE,Combined TRACON& Tower with Radar,8,49,28,0,85,0,2,6,4,12,8,51,34,4,97,10,10,20,117
05/07/2015,SGF,MO,ACE,CE,Combined TRACON& Tower with Radar,14,44,39,0,97,0,1,11,8,20,14,45,50,8,117,20,0,20,137
05/08/2015,SGF,MO,ACE,CE,Combined TRACON& Tower with Radar,14,48,23,0,85,0,0,2,2,4,14,48,25,2,89,8,0,8,97
05/09/2015,SGF,MO,ACE,CE,Combined TRACON& Tower with Radar,5,34,29,0,68,0,2,11,0,13,5,36,40,0,81,0,0,0,81
05/10/2015,SGF,MO,ACE,CE,Combined TRACON& Tower with Radar,10,29,14,0,53,0,1,0,0,1,10,30,14,0,54,0,0,0,54
05/11/2015,SGF,MO,ACE,CE,Combined TRACON& Tower with Radar,11,58,33,27,129,0,1,12,5,18,11,59,45,32,147,6,12,18,165
05/12/2015,SGF,MO,ACE,CE,Combined TRACON& Tower with Radar,8,46,67,1,122,0,6,38,7,51,8,52,105,8,173,0,0,0,173
05/13/2015,SGF,MO,ACE,CE,Combined TRACON& Tower with Radar,8,51,60,12,131,0,3,18,16,37,8,54,78,28,168,0,0,0,168
05/14/2015,SGF,MO,ACE,CE,Combined TRACON& Tower with Radar,14,56,36,22,128,0,0,9,6,15,14,56,45,28,143,8,10,18,161
05/15/2015,SGF,MO,ACE,CE,Combined TRACON& Tower with Radar,14,54,19,1,88,0,3,8,13,24,14,57,27,14,112,10,20,30,142
05/16/2015,SGF,MO,ACE,CE,Combined TRACON& Tower with Radar,5,38,26,0,69,0,2,3,24,29,5,40,29,24,98,0,30,30,128
05/17/2015,SGF,MO,ACE,CE,Combined TRACON& Tower with Radar,6,45,22,0,73,0,0,5,1,6,6,45,27,1,79,0,0,0,79
05/18/2015,SGF,MO,ACE,CE,Combined TRACON& Tower with Radar,13,47,23,26,109,0,0,17,7,24,13,47,40,33,133,0,26,26,159
05/19/2015,SGF,MO,ACE,CE,Combined TRACON& Tower with Radar,8,60,50,0,118,0,0,21,8,29,8,60,71,8,147,8,0,8,155
05/20/2015,SGF,MO,ACE,CE,Combined TRACON& Tower with Radar,10,50,48,13,121,0,0,1,0,1,10,50,49,13,122,0,0,0,122
05/21/2015,SGF,MO,ACE,CE,Combined TRACON& Tower with Radar,12,55,54,50,171,0,3,19,7,29,12,58,73,57,200,14,0,14,214
05/22/2015,SGF,MO,ACE,CE,Combined TRACON& Tower with Radar,12,46,39,0,97,0,3,24,0,27,12,49,63,0,124,8,0,8,132
05/23/2015,SGF,MO,ACE,CE,Combined TRACON& Tower with Radar,9,35,11,0,55,0,1,24,0,25,9,36,35,0,80,36,0,36,116
05/24/2015,SGF,MO,ACE,CE,Combined TRACON& Tower with Radar,6,41,5,0,52,0,0,0,0,0,6,41,5,0,52,0,0,0,52
05/25/2015,SGF,MO,ACE,CE,Combined TRACON& Tower with Radar,10,39,29,0,78,0,1,11,0,12,10,40,40,0,90,0,0,0,90
05/26/2015,SGF,MO,ACE,CE,Combined TRACON& Tower with Radar,9,56,54,29,148,0,0,19,10,29,9,56,73,39,177,0,0,0,177
05/27/2015,SGF,MO,ACE,CE,Combined TRACON& Tower with Radar,12,44,48,7,111,0,2,4,3,9,12,46,52,10,120,0,0,0,120
05/28/2015,SGF,MO,ACE,CE,Combined TRACON& Tower with Radar,12,51,35,5,103,0,5,10,11,26,12,56,45,16,129,12,0,12,141
05/29/2015,SGF,MO,ACE,CE,Combined TRACON& Tower with Radar,12,54,25,7,98,0,1,9,1,11,12,55,34,8,109,12,4,16,125
05/30/2015,SGF,MO,ACE,CE,Combined TRACON& Tower with Radar,13,35,4,2,54,0,0,3,0,3,13,35,7,2,57,0,0,0,57
05/31/2015,SGF,MO,ACE,CE,Combined TRACON& Tower with Radar,6,53,29,0,88,0,2,4,0,6,6,55,33,0,94,0,0,0,94
06/01/2015,SGF,MO,ACE,CE,Combined TRACON& Tower with Radar,13,47,38,1,99,0,0,3,0,3,13,47,41,1,102,0,0,0,102
06/02/2015,SGF,MO,ACE,CE,Combined TRACON& Tower with Radar,11,59,50,6,126,0,2,9,8,19,11,61,59,14,145,0,0,0,145
06/03/2015,SGF,MO,ACE,CE,Combined TRACON& Tower with Radar,10,50,45,2,107,0,0,8,4,12,10,50,53,6,119,6,0,6,125
06/04/2015,SGF,MO,ACE,CE,Combined TRACON& Tower with Radar,18,49,58,8,133,0,1,27,4,32,18,50,85,12,165,12,0,12,177
06/05/2015,SGF,MO,ACE,CE,Combined TRACON& Tower with Radar,14,52,29,5,100,0,2,12,9,23,14,54,41,14,123,0,6,6,129
06/06/2015,SGF,MO,ACE,CE,Combined TRACON& Tower with Radar,11,43,15,2,71,0,4,23,8,35,11,47,38,10,106,10,0,10,116
06/07/2015,SGF,MO,ACE,CE,Combined TRACON& Tower with Radar,8,43,16,1,68,0,4,10,2,16,8,47,26,3,84,14,0,14,98
06/08/2015,SGF,MO,ACE,CE,Combined TRACON& Tower with Radar,13,43,18,9,83,0,1,5,4,10,13,44,23,13,93,0,0,0,93
06/09/2015,SGF,MO,ACE,CE,Combined TRACON& Tower with Radar,14,48,35,8,105,0,5,18,3,26,14,53,53,11,131,0,0,0,131
06/10/2015,SGF,MO,ACE,CE,Combined TRACON& Tower with Radar,12,52,46,61,171,0,0,11,9,20,12,52,57,70,191,26,32,58,249
06/11/2015,SGF,MO,ACE,CE,Combined TRACON& Tower with Radar,16,51,45,10,122,0,0,26,2,28,16,51,71,12,150,0,0,0,150
06/12/2015,SGF,MO,ACE,CE,Combined TRACON& Tower with Radar,14,45,25,1,85,0,1,11,5,17,14,46,36,6,102,0,0,0,102
06/13/2015,SGF,MO,ACE,CE,Combined TRACON& Tower with Radar,15,38,18,0,71,0,3,12,0,15,15,41,30,0,86,12,0,12,98
06/14/2015,SGF,MO,ACE,CE,Combined TRACON& Tower with Radar,10,43,25,1,79,0,1,2,6,9,10,44,27,7,88,6,0,6,94
06/15/2015,SGF,MO,ACE,CE,Combined TRACON& Tower with Radar,13,40,20,7,80,0,4,3,4,11,13,44,23,11,91,0,0,0,91
06/16/2015,SGF,MO,ACE,CE,Combined TRACON& Tower with Radar,14,41,41,7,103,0,1,6,6,13,14,42,47,13,116,0,0,0,116
06/17/2015,SGF,MO,ACE,CE,Combined TRACON& Tower with Radar,12,45,41,17,115,0,1,10,3,14,12,46,51,20,129,12,4,16,145
06/18/2015,SGF,MO,ACE,CE,Combined TRACON& Tower with Radar,16,45,32,0,93,0,0,0,0,0,16,45,32,0,93,0,0,0,93
06/19/2015,SGF,MO,ACE,CE,Combined TRACON& Tower with Radar,14,48,29,0,91,0,0,6,0,6,14,48,35,0,97,0,0,0,97
06/20/2015,SGF,MO,ACE,CE,Combined TRACON& Tower with Radar,11,40,24,0,75,0,0,23,2,25,11,40,47,2,100,28,0,28,128
06/21/2015,SGF,MO,ACE,CE,Combined TRACON& Tower with Radar,10,46,20,0,76,0,0,10,0,10,10,46,30,0,86,0,0,0,86
06/22/2015,SGF,MO,ACE,CE,Combined TRACON& Tower with Radar,13,44,24,2,83,0,0,14,1,15,13,44,38,3,98,0,0,0,98
06/23/2015,SGF,MO,ACE,CE,Combined TRACON& Tower with Radar,18,52,49,14,133,0,1,14,6,21,18,53,63,20,154,0,0,0,154
06/24/2015,SGF,MO,ACE,CE,Combined TRACON& Tower with Radar,12,49,47,16,124,1,7,16,11,35,13,56,63,27,159,0,0,0,159
06/25/2015,SGF,MO,ACE,CE,Combined TRACON& Tower with Radar,21,49,53,15,138,0,2,25,12,39,21,51,78,27,177,0,6,6,183
06/26/2015,SGF,MO,ACE,CE,Combined TRACON& Tower with Radar,14,46,20,0,80,0,2,10,1,13,14,48,30,1,93,0,0,0,93
06/27/2015,SGF,MO,ACE,CE,Combined TRACON& Tower with Radar,13,43,27,0,83,0,0,21,0,21,13,43,48,0,104,0,0,0,104
06/28/2015,SGF,MO,ACE,CE,Combined TRACON& Tower with Radar,10,46,16,4,76,0,0,21,0,21,10,46,37,4,97,0,0,0,97
06/29/2015,SGF,MO,ACE,CE,Combined TRACON& Tower with Radar,13,46,35,0,94,0,0,26,0,26,13,46,61,0,120,16,0,16,136
06/30/2015,SGF,MO,ACE,CE,Combined TRACON& Tower with Radar,18,43,34,0,95,0,1,18,7,26,18,44,52,7,121,10,0,10,131
07/01/2015,SGF,MO,ACE,CE,Combined TRACON& Tower with Radar,12,49,32,4,97,0,1,4,10,15,12,50,36,14,112,0,0,0,112
07/02/2015,SGF,MO,ACE,CE,Combined TRACON& Tower with Radar,21,44,37,8,110,0,1,5,4,10,21,45,42,12,120,6,0,6,126
07/03/2015,SGF,MO,ACE,CE,Combined TRACON& Tower with Radar,15,36,14,0,65,0,0,0,0,0,15,36,14,0,65,0,0,0,65
07/04/2015,SGF,MO,ACE,CE,Combined TRACON& Tower with Radar,11,28,10,0,49,0,2,17,0,19,11,30,27,0,68,12,0,12,80
07/05/2015,SGF,MO,ACE,CE,Combined TRACON& Tower with Radar,19,37,22,2,80,0,0,4,0,4,19,37,26,2,84,0,4,4,88
07/06/2015,SGF,MO,ACE,CE,Combined TRACON& Tower with Radar,22,35,28,4,89,0,0,10,0,10,22,35,38,4,99,0,0,0,99
07/07/2015,SGF,MO,ACE,CE,Combined TRACON& Tower with Radar,38,56,23,0,117,0,1,0,0,1,38,57,23,0,118,0,0,0,118
07/08/2015,SGF,MO,ACE,CE,Combined TRACON& Tower with Radar,23,31,33,0,87,0,0,0,0,0,23,31,33,0,87,0,0,0,87
07/09/2015,SGF,MO,ACE,CE,Combined TRACON& Tower with Radar,24,38,28,0,90,0,1,0,0,1,24,39,28,0,91,0,20,20,111
07/10/2015,SGF,MO,ACE,CE,Combined TRACON& Tower with Radar,27,30,37,20,114,0,0,15,4,19,27,30,52,24,133,4,10,14,147
07/11/2015,SGF,MO,ACE,CE,Combined TRACON& Tower with Radar,22,26,17,0,65,0,0,19,2,21,22,26,36,2,86,32,0,32,118
07/12/2015,SGF,MO,ACE,CE,Combined TRACON& Tower with Radar,20,28,13,4,65,0,3,20,0,23,20,31,33,4,88,20,0,20,108
07/13/2015,SGF,MO,ACE,CE,Combined TRACON& Tower with Radar,22,35,24,0,81,0,2,9,0,11,22,37,33,0,92,0,0,0,92
07/14/2015,SGF,MO,ACE,CE,Combined TRACON& Tower with Radar,28,34,28,3,93,0,0,20,5,25,28,34,48,8,118,0,0,0,118
07/15/2015,SGF,MO,ACE,CE,Combined TRACON& Tower with Radar,27,34,48,7,116,0,1,18,11,30,27,35,66,18,146,20,32,52,198
07/16/2015,SGF,MO,ACE,CE,Combined TRACON& Tower with Radar,22,39,43,21,125,0,1,34,8,43,22,40,77,29,168,30,26,56,224
07/17/2015,SGF,MO,ACE,CE,Combined TRACON& Tower with Radar,24,39,27,21,111,0,1,21,4,26,24,40,48,25,137,10,28,38,175
07/18/2015,SGF,MO,ACE,CE,Combined TRACON& Tower with Radar,24,22,13,0,59,0,2,30,0,32,24,24,43,0,91,0,0,0,91
07/19/2015,SGF,MO,ACE,CE,Combined TRACON& Tower with Radar,21,31,28,0,80,0,0,20,0,20,21,31,48,0,100,0,0,0,100
07/20/2015,SGF,MO,ACE,CE,Combined TRACON& Tower with Radar,23,31,25,1,80,0,1,8,1,10,23,32,33,2,90,0,0,0,90
07/21/2015,SGF,MO,ACE,CE,Combined TRACON& Tower with Radar,25,42,26,2,95,0,0,6,3,9,25,42,32,5,104,14,12,26,130
07/22/2015,SGF,MO,ACE,CE,Combined TRACON& Tower with Radar,26,30,40,0,96,0,1,3,4,8,26,31,43,4,104,0,4,4,108
07/23/2015,SGF,MO,ACE,CE,Combined TRACON& Tower with Radar,24,35,22,0,81,0,1,17,8,26,24,36,39,8,107,0,0,0,107
07/24/2015,SGF,MO,ACE,CE,Combined TRACON& Tower with Radar,26,37,31,7,101,0,1,28,5,34,26,38,59,12,135,10,0,10,145
07/25/2015,SGF,MO,ACE,CE,Combined TRACON& Tower with Radar,21,26,26,0,73,0,2,20,0,22,21,28,46,0,95,0,0,0,95
07/26/2015,SGF,MO,ACE,CE,Combined TRACON& Tower with Radar,19,27,30,0,76,0,0,27,0,27,19,27,57,0,103,0,0,0,103
07/27/2015,SGF,MO,ACE,CE,Combined TRACON& Tower with Radar,22,32,17,0,71,0,0,12,0,12,22,32,29,0,83,6,0,6,89
07/28/2015,SGF,MO,ACE,CE,Combined TRACON& Tower with Radar,29,41,43,6,119,0,1,23,3,27,29,42,66,9,146,0,0,0,146
07/29/2015,SGF,MO,ACE,CE,Combined TRACON& Tower with Radar,27,31,42,18,118,0,0,21,8,29,27,31,63,26,147,0,10,10,157
07/30/2015,SGF,MO,ACE,CE,Combined TRACON& Tower with Radar,24,33,38,2,97,0,2,30,7,39,24,35,68,9,136,12,0,12,148
07/31/2015,SGF,MO,ACE,CE,Combined TRACON& Tower with Radar,24,37,26,0,87,0,1,29,8,38,24,38,55,8,125,30,0,30,155
08/01/2015,SGF,MO,ACE,CE,Combined TRACON& Tower with Radar,20,28,22,2,72,0,0,16,0,16,20,28,38,2,88,8,0,8,96
08/02/2015,SGF,MO,ACE,CE,Combined TRACON& Tower with Radar,21,28,23,2,74,0,0,22,0,22,21,28,45,2,96,0,0,0,96
08/03/2015,SGF,MO,ACE,CE,Combined TRACON& Tower with Radar,23,29,22,11,85,0,0,11,1,12,23,29,33,12,97,0,0,0,97
08/04/2015,SGF,MO,ACE,CE,Combined TRACON& Tower with Radar,25,36,32,1,94,0,0,12,9,21,25,36,44,10,115,0,0,0,115
08/05/2015,SGF,MO,ACE,CE,Combined TRACON& Tower with Radar,21,34,21,2,78,0,2,0,4,6,21,36,21,6,84,0,0,0,84
08/06/2015,SGF,MO,ACE,CE,Combined TRACON& Tower with Radar,22,42,53,12,129,0,2,16,4,22,22,44,69,16,151,16,0,16,167
08/07/2015,SGF,MO,ACE,CE,Combined TRACON& Tower with Radar,21,42,28,7,98,0,2,24,2,28,21,44,52,9,126,0,0,0,126
08/08/2015,SGF,MO,ACE,CE,Combined TRACON& Tower with Radar,17,34,11,0,62,0,0,8,0,8,17,34,19,0,70,0,0,0,70
08/09/2015,SGF,MO,ACE,CE,Combined TRACON& Tower with Radar,17,34,23,0,74,0,2,13,0,15,17,36,36,0,89,0,0,0,89
08/10/2015,SGF,MO,ACE,CE,Combined TRACON& Tower with Radar,21,36,28,0,85,0,3,10,0,13,21,39,38,0,98,0,0,0,98
08/11/2015,SGF,MO,ACE,CE,Combined TRACON& Tower with Radar,23,36,38,1,98,0,1,24,9,34,23,37,62,10,132,0,0,0,132
08/12/2015,SGF,MO,ACE,CE,Combined TRACON& Tower with Radar,23,42,41,17,123,0,2,20,9,31,23,44,61,26,154,26,0,26,180
08/13/2015,SGF,MO,ACE,CE,Combined TRACON& Tower with Radar,22,40,27,19,108,0,2,18,6,26,22,42,45,25,134,8,10,18,152
08/14/2015,SGF,MO,ACE,CE,Combined TRACON& Tower with Radar,21,39,37,20,117,0,0,24,6,30,21,39,61,26,147,34,16,50,197
08/15/2015,SGF,MO,ACE,CE,Combined TRACON& Tower with Radar,14,32,15,2,63,0,0,25,0,25,14,32,40,2,88,0,0,0,88
08/16/2015,SGF,MO,ACE,CE,Combined TRACON& Tower with Radar,18,38,26,0,82,0,3,16,0,19,18,41,42,0,101,14,0,14,115
08/17/2015,SGF,MO,ACE,CE,Combined TRACON& Tower with Radar,22,35,44,14,115,0,4,16,0,20,22,39,60,14,135,18,4,22,157
08/18/2015,SGF,MO,ACE,CE,Combined TRACON& Tower with Radar,24,37,28,7,96,0,3,9,4,16,24,40,37,11,112,0,0,0,112
08/19/2015,SGF,MO,ACE,CE,Combined TRACON& Tower with Radar,22,39,40,4,105,0,3,1,2,6,22,42,41,6,111,0,0,0,111
08/20/2015,SGF,MO,ACE,CE,Combined TRACON& Tower with Radar,24,37,50,22,133,0,1,31,6,38,24,38,81,28,171,4,18,22,193
08/21/2015,SGF,MO,ACE,CE,Combined TRACON& Tower with Radar,22,40,46,10,118,0,2,16,8,26,22,42,62,18,144,0,0,0,144
08/22/2015,SGF,MO,ACE,CE,Combined TRACON& Tower with Radar,17,26,4,0,47,0,0,10,0,10,17,26,14,0,57,30,0,30,87
08/23/2015,SGF,MO,ACE,CE,Combined TRACON& Tower with Radar,18,32,14,2,66,0,2,14,0,16,18,34,28,2,82,0,0,0,82
08/24/2015,SGF,MO,ACE,CE,Combined TRACON& Tower with Radar,21,40,35,3,99,0,0,21,0,21,21,40,56,3,120,0,8,8,128
08/25/2015,SGF,MO,ACE,CE,Combined TRACON& Tower with Radar,21,48,46,28,143,0,5,19,5,29,21,53,65,33,172,0,6,6,178
08/26/2015,SGF,MO,ACE,CE,Combined TRACON& Tower with Radar,19,36,48,14,117,0,4,15,12,31,19,40,63,26,148,20,4,24,172
08/27/2015,SGF,MO,ACE,CE,Combined TRACON& Tower with Radar,24,36,32,5,97,0,1,15,9,25,24,37,47,14,122,46,0,46,168
08/28/2015,SGF,MO,ACE,CE,Combined TRACON& Tower with Radar,22,44,41,8,115,0,0,16,6,22,22,44,57,14,137,0,0,0,137
08/29/2015,SGF,MO,ACE,CE,Combined TRACON& Tower with Radar,14,28,10,2,54,0,0,14,2,16,14,28,24,4,70,6,0,6,76
08/30/2015,SGF,MO,ACE,CE,Combined TRACON& Tower with Radar,17,34,19,0,70,0,0,11,0,11,17,34,30,0,81,0,0,0,81
08/31/2015,SGF,MO,ACE,CE,Combined TRACON& Tower with Radar,21,35,29,10,95,0,4,15,2,21,21,39,44,12,116,0,0,0,116
09/01/2015,SGF,MO,ACE,CE,Combined TRACON& Tower with Radar,24,32,31,18,105,0,0,14,7,21,24,32,45,25,126,32,0,32,158
09/02/2015,SGF,MO,ACE,CE,Combined TRACON& Tower with Radar,24,33,42,14,113,0,1,13,8,22,24,34,55,22,135,0,10,10,145
09/03/2015,SGF,MO,ACE,CE,Combined TRACON& Tower with Radar,28,40,48,2,118,0,6,30,5,41,28,46,78,7,159,22,0,22,181
09/04/2015,SGF,MO,ACE,CE,Combined TRACON& Tower with Radar,23,38,35,0,96,0,0,21,0,21,23,38,56,0,117,18,0,18,135
09/05/2015,SGF,MO,ACE,CE,Combined TRACON& Tower with Radar,13,30,12,0,55,0,2,29,1,32,13,32,41,1,87,0,0,0,87
09/06/2015,SGF,MO,ACE,CE,Combined TRACON& Tower with Radar,18,21,20,0,59,0,0,12,1,13,18,21,32,1,72,0,0,0,72
09/07/2015,SGF,MO,ACE,CE,Combined TRACON& Tower with Radar,24,31,31,0,86,0,0,24,0,24,24,31,55,0,110,0,0,0,110
09/08/2015,SGF,MO,ACE,CE,Combined TRACON& Tower with Radar,18,38,13,0,69,0,1,1,1,3,18,39,14,1,72,0,0,0,72
09/09/2015,SGF,MO,ACE,CE,Combined TRACON& Tower with Radar,23,42,54,6,125,0,0,8,3,11,23,42,62,9,136,0,0,0,136
09/10/2015,SGF,MO,ACE,CE,Combined TRACON& Tower with Radar,25,34,58,1,118,0,0,14,5,19,25,34,72,6,137,28,0,28,165
09/11/2015,SGF,MO,ACE,CE,Combined TRACON& Tower with Radar,25,33,31,0,89,0,4,12,4,20,25,37,43,4,109,16,0,16,125
09/12/2015,SGF,MO,ACE,CE,Combined TRACON& Tower with Radar,15,23,24,1,63,0,2,31,5,38,15,25,55,6,101,25,0,25,126
09/13/2015,SGF,MO,ACE,CE,Combined TRACON& Tower with Radar,22,30,27,0,79,0,0,21,4,25,22,30,48,4,104,0,0,0,104
09/14/2015,SGF,MO,ACE,CE,Combined TRACON& Tower with Radar,25,39,13,38,115,0,0,10,0,10,25,39,23,38,125,0,0,0,125
09/15/2015,SGF,MO,ACE,CE,Combined TRACON& Tower with Radar,24,30,28,2,84,0,0,13,1,14,24,30,41,3,98,6,0,6,104
09/16/2015,SGF,MO,ACE,CE,Combined TRACON& Tower with Radar,22,36,34,9,101,0,2,18,9,29,22,38,52,18,130,20,0,20,150
09/17/2015,SGF,MO,ACE,CE,Combined TRACON& Tower with Radar,28,31,38,14,111,0,3,16,3,22,28,34,54,17,133,0,0,0,133
09/18/2015,SGF,MO,ACE,CE,Combined TRACON& Tower with Radar,25,33,18,3,79,0,0,16,7,23,25,33,34,10,102,20,0,20,122
09/19/2015,SGF,MO,ACE,CE,Combined TRACON& Tower with Radar,14,32,15,0,61,0,2,10,0,12,14,34,25,0,73,2,0,2,75
09/20/2015,SGF,MO,ACE,CE,Combined TRACON& Tower with Radar,20,27,21,0,68,0,2,13,0,15,20,29,34,0,83,0,0,0,83
09/21/2015,SGF,MO,ACE,CE,Combined TRACON& Tower with Radar,25,28,45,8,106,0,1,22,0,23,25,29,67,8,129,0,0,0,129
09/22/2015,SGF,MO,ACE,CE,Combined TRACON& Tower with Radar,24,30,53,9,116,0,1,20,4,25,24,31,73,13,141,6,16,22,163
09/23/2015,SGF,MO,ACE,CE,Combined TRACON& Tower with Radar,21,35,35,18,109,0,0,27,10,37,21,35,62,28,146,6,0,6,152
09/24/2015,SGF,MO,ACE,CE,Combined TRACON& Tower with Radar,32,29,52,20,133,0,3,30,4,37,32,32,82,24,170,22,4,26,196
09/25/2015,SGF,MO,ACE,CE,Combined TRACON& Tower with Radar,26,33,33,20,112,0,6,38,0,44,26,39,71,20,156,24,10,34,190
09/26/2015,SGF,MO,ACE,CE,Combined TRACON& Tower with Radar,17,26,20,2,65,0,0,25,0,25,17,26,45,2,90,10,0,10,100
09/27/2015,SGF,MO,ACE,CE,Combined TRACON& Tower with Radar,20,33,30,0,83,0,0,9,0,9,20,33,39,0,92,0,0,0,92
09/28/2015,SGF,MO,ACE,CE,Combined TRACON& Tower with Radar,25,35,34,12,106,0,2,15,0,17,25,37,49,12,123,0,0,0,123
09/29/2015,SGF,MO,ACE,CE,Combined TRACON& Tower with Radar,26,37,33,2,98,0,0,4,0,4,26,37,37,2,102,0,0,0,102
09/30/2015,SGF,MO,ACE,CE,Combined TRACON& Tower with Radar,22,36,55,8,121,0,1,7,1,9,22,37,62,9,130,0,0,0,130
10/01/2015,SGF,MO,ACE,CE,Combined TRACON& Tower with Radar,26,39,33,0,98,0,10,19,4,33,26,49,52,4,131,36,0,36,167
10/02/2015,SGF,MO,ACE,CE,Combined TRACON& Tower with Radar,22,37,27,22,108,0,0,25,3,28,22,37,52,25,136,8,14,22,158
10/03/2015,SGF,MO,ACE,CE,Combined TRACON& Tower with Radar,15,26,15,0,56,0,4,18,3,25,15,30,33,3,81,36,0,36,117
10/04/2015,SGF,MO,ACE,CE,Combined TRACON& Tower with Radar,22,30,33,3,88,0,0,2,3,5,22,30,35,6,93,0,0,0,93
10/05/2015,SGF,MO,ACE,CE,Combined TRACON& Tower with Radar,21,35,45,0,101,0,0,1,0,1,21,35,46,0,102,16,0,16,118
10/06/2015,SGF,MO,ACE,CE,Combined TRACON& Tower with Radar,14,30,45,7,96,0,0,8,1,9,14,30,53,8,105,0,0,0,105
10/07/2015,SGF,MO,ACE,CE,Combined TRACON& Tower with Radar,13,32,37,4,86,0,6,14,1,21,13,38,51,5,107,18,2,20,127
10/08/2015,SGF,MO,ACE,CE,Combined TRACON& Tower with Radar,24,35,26,9,94,0,0,6,1,7,24,35,32,10,101,18,0,18,119
10/09/2015,SGF,MO,ACE,CE,Combined TRACON& Tower with Radar,22,47,63,6,138,0,1,11,0,12,22,48,74,6,150,10,0,10,160
10/10/2015,SGF,MO,ACE,CE,Combined TRACON& Tower with Radar,13,32,17,0,62,0,2,17,0,19,13,34,34,0,81,0,0,0,81
10/11/2015,SGF,MO,ACE,CE,Combined TRACON& Tower with Radar,18,33,23,0,74,0,0,18,0,18,18,33,41,0,92,12,0,12,104
10/12/2015,SGF,MO,ACE,CE,Combined TRACON& Tower with Radar,20,36,29,0,85,0,2,23,1,26,20,38,52,1,111,0,0,0,111
10/13/2015,SGF,MO,ACE,CE,Combined TRACON& Tower with Radar,24,35,33,13,105,0,2,29,5,36,24,37,62,18,141,10,0,10,151
10/14/2015,SGF,MO,ACE,CE,Combined TRACON& Tower with Radar,20,46,44,12,122,0,5,44,6,55,20,51,88,18,177,16,0,16,193
10/15/2015,SGF,MO,ACE,CE,Combined TRACON& Tower with Radar,24,36,30,7,97,0,0,18,8,26,24,36,48,15,123,0,10,10,133
10/16/2015,SGF,MO,ACE,CE,Combined TRACON& Tower with Radar,22,36,23,4,85,0,0,32,4,36,22,36,55,8,121,0,0,0,121
10/17/2015,SGF,MO,ACE,CE,Combined TRACON& Tower with Radar,13,29,19,1,62,0,2,28,5,35,13,31,47,6,97,26,0,26,123
10/18/2015,SGF,MO,ACE,CE,Combined TRACON& Tower with Radar,20,28,24,0,72,0,4,8,0,12,20,32,32,0,84,0,0,0,84
10/19/2015,SGF,MO,ACE,CE,Combined TRACON& Tower with Radar,21,38,36,8,103,0,1,19,1,21,21,39,55,9,124,0,0,0,124
10/20/2015,SGF,MO,ACE,CE,Combined TRACON& Tower with Radar,29,41,42,16,128,0,0,21,4,25,29,41,63,20,153,0,0,0,153
10/21/2015,SGF,MO,ACE,CE,Combined TRACON& Tower with Radar,20,44,44,10,118,0,5,13,9,27,20,49,57,19,145,8,0,8,153
10/22/2015,SGF,MO,ACE,CE,Combined TRACON& Tower with Radar,24,38,49,0,111,0,0,19,11,30,24,38,68,11,141,0,0,0,141
10/23/2015,SGF,MO,ACE,CE,Combined TRACON& Tower with Radar,21,34,29,4,88,0,1,2,1,4,21,35,31,5,92,0,0,0,92
10/24/2015,SGF,MO,ACE,CE,Combined TRACON& Tower with Radar,14,25,20,0,59,0,8,17,0,25,14,33,37,0,84,30,0,30,114
10/25/2015,SGF,MO,ACE,CE,Combined TRACON& Tower with Radar,17,33,16,6,72,0,0,16,0,16,17,33,32,6,88,0,0,0,88
10/26/2015,SGF,MO,ACE,CE,Combined TRACON& Tower with Radar,17,38,34,0,89,0,0,17,0,17,17,38,51,0,106,0,0,0,106
10/27/2015,SGF,MO,ACE,CE,Combined TRACON& Tower with Radar,21,43,44,0,108,0,0,0,0,0,21,43,44,0,108,0,0,0,108
10/28/2015,SGF,MO,ACE,CE,Combined TRACON& Tower with Radar,19,43,44,6,112,0,0,7,3,10,19,43,51,9,122,8,0,8,130
10/29/2015,SGF,MO,ACE,CE,Combined TRACON& Tower with Radar,22,39,34,15,110,0,0,18,11,29,22,39,52,26,139,0,0,0,139
10/30/2015,SGF,MO,ACE,CE,Combined TRACON& Tower with Radar,25,38,33,10,106,0,0,15,2,17,25,38,48,12,123,12,14,26,149
10/31/2015,SGF,MO,ACE,CE,Combined TRACON& Tower with Radar,18,20,18,12,68,0,0,0,0,0,18,20,18,12,68,0,0,0,68
11/01/2015,SGF,MO,ACE,CE,Combined TRACON& Tower with Radar,18,32,24,5,79,0,0,27,0,27,18,32,51,5,106,0,0,0,106
11/02/2015,SGF,MO,ACE,CE,Combined TRACON& Tower with Radar,19,37,47,0,103,0,0,4,0,4,19,37,51,0,107,0,0,0,107
11/03/2015,SGF,MO,ACE,CE,Combined TRACON& Tower with Radar,21,38,39,0,98,0,6,20,0,26,21,44,59,0,124,0,0,0,124
11/04/2015,SGF,MO,ACE,CE,Combined TRACON& Tower with Radar,19,38,55,9,121,0,0,5,6,11,19,38,60,15,132,0,0,0,132
11/05/2015,SGF,MO,ACE,CE,Combined TRACON& Tower with Radar,24,39,32,0,95,0,1,1,0,2,24,40,33,0,97,0,0,0,97
11/06/2015,SGF,MO,ACE,CE,Combined TRACON& Tower with Radar,24,44,29,0,97,0,0,18,4,22,24,44,47,4,119,22,0,22,141
11/07/2015,SGF,MO,ACE,CE,Combined TRACON& Tower with Radar,18,28,17,0,63,0,2,18,5,25,18,30,35,5,88,60,0,60,148
11/08/2015,SGF,MO,ACE,CE,Combined TRACON& Tower with Radar,19,38,27,0,84,0,4,9,2,15,19,42,36,2,99,0,0,0,99
11/09/2015,SGF,MO,ACE,CE,Combined TRACON& Tower with Radar,23,43,36,9,111,0,2,20,0,22,23,45,56,9,133,0,0,0,133
11/10/2015,SGF,MO,ACE,CE,Combined TRACON& Tower with Radar,21,41,39,16,117,0,0,20,2,22,21,41,59,18,139,0,0,0,139
11/11/2015,SGF,MO,ACE,CE,Combined TRACON& Tower with Radar,21,40,20,0,81,0,0,5,0,5,21,40,25,0,86,0,0,0,86
11/12/2015,SGF,MO,ACE,CE,Combined TRACON& Tower with Radar,26,43,28,1,98,0,4,2,5,11,26,47,30,6,109,0,0,0,109
11/13/2015,SGF,MO,ACE,CE,Combined TRACON& Tower with Radar,26,45,44,1,116,0,5,10,1,16,26,50,54,2,132,12,0,12,144
11/14/2015,SGF,MO,ACE,CE,Combined TRACON& Tower with Radar,19,31,15,0,65,0,2,17,0,19,19,33,32,0,84,20,0,20,104
11/15/2015,SGF,MO,ACE,CE,Combined TRACON& Tower with Radar,16,41,31,0,88,0,3,10,1,14,16,44,41,1,102,0,0,0,102
11/16/2015,SGF,MO,ACE,CE,Combined TRACON& Tower with Radar,23,41,18,6,88,0,2,0,0,2,23,43,18,6,90,0,0,0,90
11/17/2015,SGF,MO,ACE,CE,Combined TRACON& Tower with Radar,25,37,24,0,86,0,0,0,0,0,25,37,24,0,86,0,0,0,86
11/18/2015,SGF,MO,ACE,CE,Combined TRACON& Tower with Radar,20,40,44,2,106,0,1,4,7,12,20,41,48,9,118,18,0,18,136
11/19/2015,SGF,MO,ACE,CE,Combined TRACON& Tower with Radar,25,46,37,10,118,0,0,14,16,30,25,46,51,26,148,20,0,20,168
11/20/2015,SGF,MO,ACE,CE,Combined TRACON& Tower with Radar,26,45,43,4,118,0,0,12,8,20,26,45,55,12,138,0,0,0,138
11/21/2015,SGF,MO,ACE,CE,Combined TRACON& Tower with Radar,18,26,10,0,54,0,1,5,0,6,18,27,15,0,60,12,0,12,72
11/22/2015,SGF,MO,ACE,CE,Combined TRACON& Tower with Radar,18,36,35,0,89,0,0,23,0,23,18,36,58,0,112,22,0,22,134
11/23/2015,SGF,MO,ACE,CE,Combined TRACON& Tower with Radar,19,42,13,6,80,0,0,26,0,26,19,42,39,6,106,0,0,0,106
11/24/2015,SGF,MO,ACE,CE,Combined TRACON& Tower with Radar,26,39,28,4,97,0,0,15,6,21,26,39,43,10,118,0,0,0,118
11/25/2015,SGF,MO,ACE,CE,Combined TRACON& Tower with Radar,25,33,20,4,82,0,0,6,2,8,25,33,26,6,90,0,0,0,90
11/26/2015,SGF,MO,ACE,CE,Combined TRACON& Tower with Radar,12,22,3,0,37,0,2,4,0,6,12,24,7,0,43,0,0,0,43
11/27/2015,SGF,MO,ACE,CE,Combined TRACON& Tower with Radar,24,25,13,0,62,0,0,0,0,0,24,25,13,0,62,0,0,0,62
11/28/2015,SGF,MO,ACE,CE,Combined TRACON& Tower with Radar,21,39,19,0,79,0,0,0,0,0,21,39,19,0,79,0,0,0,79
11/29/2015,SGF,MO,ACE,CE,Combined TRACON& Tower with Radar,22,40,22,0,84,0,0,0,0,0,22,40,22,0,84,0,0,0,84
11/30/2015,SGF,MO,ACE,CE,Combined TRACON& Tower with Radar,20,50,40,0,110,0,1,0,0,1,20,51,40,0,111,0,0,0,111
12/01/2015,SGF,MO,ACE,CE,Combined TRACON& Tower with Radar,24,41,27,5,97,0,3,13,6,22,24,44,40,11,119,30,10,40,159
12/02/2015,SGF,MO,ACE,CE,Combined TRACON& Tower with Radar,19,40,48,16,123,0,7,11,6,24,19,47,59,22,147,12,18,30,177
12/03/2015,SGF,MO,ACE,CE,Combined TRACON& Tower with Radar,26,47,36,11,120,0,5,9,12,26,26,52,45,23,146,0,8,8,154
12/04/2015,SGF,MO,ACE,CE,Combined TRACON& Tower with Radar,26,47,38,1,112,0,7,27,5,39,26,54,65,6,151,34,0,34,185
12/05/2015,SGF,MO,ACE,CE,Combined TRACON& Tower with Radar,11,26,32,1,70,0,7,14,0,21,11,33,46,1,91,0,0,0,91
12/06/2015,SGF,MO,ACE,CE,Combined TRACON& Tower with Radar,16,37,25,0,78,0,1,14,0,15,16,38,39,0,93,12,0,12,105
12/07/2015,SGF,MO,ACE,CE,Combined TRACON& Tower with Radar,19,41,40,15,115,0,2,24,3,29,19,43,64,18,144,6,0,6,150
12/08/2015,SGF,MO,ACE,CE,Combined TRACON& Tower with Radar,21,40,48,4,113,0,2,21,4,27,21,42,69,8,140,14,0,14,154
12/09/2015,SGF,MO,ACE,CE,Combined TRACON& Tower with Radar,25,41,46,12,124,0,1,23,5,29,25,42,69,17,153,24,12,36,189
12/10/2015,SGF,MO,ACE,CE,Combined TRACON& Tower with Radar,27,46,36,16,125,0,2,23,13,38,27,48,59,29,163,14,28,42,205
12/11/2015,SGF,MO,ACE,CE,Combined TRACON& Tower with Radar,28,41,48,2,119,0,0,16,0,16,28,41,64,2,135,0,0,0,135
12/12/2015,SGF,MO,ACE,CE,Combined TRACON& Tower with Radar,13,27,17,0,57,0,1,7,0,8,13,28,24,0,65,0,0,0,65
12/13/2015,SGF,MO,ACE,CE,Combined TRACON& Tower with Radar,17,40,16,0,73,0,0,0,0,0,17,40,16,0,73,0,0,0,73
12/14/2015,SGF,MO,ACE,CE,Combined TRACON& Tower with Radar,19,37,32,0,88,0,1,4,2,7,19,38,36,2,95,0,0,0,95
12/15/2015,SGF,MO,ACE,CE,Combined TRACON& Tower with Radar,22,41,42,4,109,0,0,22,8,30,22,41,64,12,139,0,0,0,139
12/16/2015,SGF,MO,ACE,CE,Combined TRACON& Tower with Radar,23,51,42,2,118,0,0,27,9,36,23,51,69,11,154,8,0,8,162
12/17/2015,SGF,MO,ACE,CE,Combined TRACON& Tower with Radar,23,39,31,6,99,0,0,19,3,22,23,39,50,9,121,0,14,14,135
12/18/2015,SGF,MO,ACE,CE,Combined TRACON& Tower with Radar,23,41,27,5,96,0,0,17,0,17,23,41,44,5,113,30,0,30,143
12/19/2015,SGF,MO,ACE,CE,Combined TRACON& Tower with Radar,13,40,24,1,78,0,2,17,2,21,13,42,41,3,99,28,0,28,127
12/20/2015,SGF,MO,ACE,CE,Combined TRACON& Tower with Radar,13,38,17,0,68,0,0,5,0,5,13,38,22,0,73,0,0,0,73
12/21/2015,SGF,MO,ACE,CE,Combined TRACON& Tower with Radar,19,41,26,8,94,0,1,4,0,5,19,42,30,8,99,0,0,0,99
12/22/2015,SGF,MO,ACE,CE,Combined TRACON& Tower with Radar,25,42,28,11,106,0,0,6,5,11,25,42,34,16,117,0,0,0,117
12/23/2015,SGF,MO,ACE,CE,Combined TRACON& Tower with Radar,26,39,17,0,82,0,1,9,0,10,26,40,26,0,92,0,0,0,92
12/24/2015,SGF,MO,ACE,CE,Combined TRACON& Tower with Radar,20,30,4,0,54,0,0,10,0,10,20,30,14,0,64,0,0,0,64
12/25/2015,SGF,MO,ACE,CE,Combined TRACON& Tower with Radar,10,31,7,0,48,0,1,8,0,9,10,32,15,0,57,0,0,0,57
12/26/2015,SGF,MO,ACE,CE,Combined TRACON& Tower with Radar,18,24,16,0,58,0,0,0,0,0,18,24,16,0,58,0,0,0,58
12/27/2015,SGF,MO,ACE,CE,Combined TRACON& Tower with Radar,11,34,5,0,50,0,0,0,0,0,11,34,5,0,50,0,0,0,50
12/28/2015,SGF,MO,ACE,CE,Combined TRACON& Tower with Radar,18,31,11,0,60,0,0,0,0,0,18,31,11,0,60,0,0,0,60
12/29/2015,SGF,MO,ACE,CE,Combined TRACON& Tower with Radar,24,37,18,15,94,0,0,2,6,8,24,37,20,21,102,0,0,0,102
12/30/2015,SGF,MO,ACE,CE,Combined TRACON& Tower with Radar,23,30,16,0,69,0,0,9,0,9,23,30,25,0,78,0,4,4,82
12/31/2015,SGF,MO,ACE,CE,Combined TRACON& Tower with Radar,19,32,17,0,68,0,0,11,0,11,19,32,28,0,79,0,0,0,79
01/01/2016,SGF,MO,ACE,CE,Combined TRACON& Tower with Radar,8,33,7,0,48,0,1,19,0,20,8,34,26,0,68,0,0,0,68
01/02/2016,SGF,MO,ACE,CE,Combined TRACON& Tower with Radar,20,38,26,0,84,0,0,25,0,25,20,38,51,0,109,8,0,8,117
01/03/2016,SGF,MO,ACE,CE,Combined TRACON& Tower with Radar,7,44,18,2,71,0,0,23,0,23,7,44,41,2,94,6,0,6,100
01/04/2016,SGF,MO,ACE,CE,Combined TRACON& Tower with Radar,22,42,19,2,85,0,0,2,0,2,22,42,21,2,87,0,0,0,87
01/05/2016,SGF,MO,ACE,CE,Combined TRACON& Tower with Radar,12,45,24,15,96,0,0,13,9,22,12,45,37,24,118,0,0,0,118
01/06/2016,SGF,MO,ACE,CE,Combined TRACON& Tower with Radar,14,44,35,11,104,0,0,2,9,11,14,44,37,20,115,0,0,0,115
01/07/2016,SGF,MO,ACE,CE,Combined TRACON& Tower with Radar,18,49,19,4,90,0,0,0,0,0,18,49,19,4,90,0,0,0,90
01/08/2016,SGF,MO,ACE,CE,Combined TRACON& Tower with Radar,18,50,40,15,123,0,0,1,0,1,18,50,41,15,124,2,10,12,136
01/09/2016,SGF,MO,ACE,CE,Combined TRACON& Tower with Radar,9,28,3,0,40,0,0,1,0,1,9,28,4,0,41,0,0,0,41
01/10/2016,SGF,MO,ACE,CE,Combined TRACON& Tower with Radar,10,38,14,0,62,0,0,7,0,7,10,38,21,0,69,0,0,0,69
01/11/2016,SGF,MO,ACE,CE,Combined TRACON& Tower with Radar,15,43,20,0,78,0,0,6,0,6,15,43,26,0,84,0,0,0,84
01/12/2016,SGF,MO,ACE,CE,Combined TRACON& Tower with Radar,14,49,52,27,142,0,1,8,1,10,14,50,60,28,152,6,24,30,182
01/13/2016,SGF,MO,ACE,CE,Combined TRACON& Tower with Radar,12,49,42,14,117,0,3,21,2,26,12,52,63,16,143,9,0,9,152
01/14/2016,SGF,MO,ACE,CE,Combined TRACON& Tower with Radar,20,46,32,3,101,0,3,20,8,31,20,49,52,11,132,14,0,14,146
01/15/2016,SGF,MO,ACE,CE,Combined TRACON& Tower with Radar,18,46,33,2,99,0,2,8,0,10,18,48,41,2,109,4,0,4,113
01/16/2016,SGF,MO,ACE,CE,Combined TRACON& Tower with Radar,9,35,24,0,68,0,2,23,0,25,9,37,47,0,93,20,0,20,113
01/17/2016,SGF,MO,ACE,CE,Combined TRACON& Tower with Radar,12,31,13,0,56,0,0,1,0,1,12,31,14,0,57,0,0,0,57
01/18/2016,SGF,MO,ACE,CE,Combined TRACON& Tower with Radar,17,46,36,0,99,0,2,15,0,17,17,48,51,0,116,0,0,0,116
01/19/2016,SGF,MO,ACE,CE,Combined TRACON& Tower with Radar,12,45,26,0,83,0,1,2,0,3,12,46,28,0,86,0,0,0,86
01/20/2016,SGF,MO,ACE,CE,Combined TRACON& Tower with Radar,14,46,14,1,75,0,0,0,1,1,14,46,14,2,76,0,0,0,76
01/21/2016,SGF,MO,ACE,CE,Combined TRACON& Tower with Radar,18,43,13,0,74,0,0,1,0,1,18,43,14,0,75,0,0,0,75
01/22/2016,SGF,MO,ACE,CE,Combined TRACON& Tower with Radar,16,41,22,4,83,0,2,3,2,7,16,43,25,6,90,0,0,0,90
01/23/2016,SGF,MO,ACE,CE,Combined TRACON& Tower with Radar,9,32,16,0,57,0,3,6,0,9,9,35,22,0,66,0,0,0,66
01/24/2016,SGF,MO,ACE,CE,Combined TRACON& Tower with Radar,14,41,14,0,69,0,1,8,0,9,14,42,22,0,78,0,0,0,78
01/25/2016,SGF,MO,ACE,CE,Combined TRACON& Tower with Radar,15,46,24,2,87,0,0,0,0,0,15,46,24,2,87,0,0,0,87
01/26/2016,SGF,MO,ACE,CE,Combined TRACON& Tower with Radar,14,53,35,1,103,0,0,16,7,23,14,53,51,8,126,0,0,0,126
01/27/2016,SGF,MO,ACE,CE,Combined TRACON& Tower with Radar,15,47,49,4,115,0,0,13,2,15,15,47,62,6,130,8,10,18,148
01/28/2016,SGF,MO,ACE,CE,Combined TRACON& Tower with Radar,18,44,35,2,99,0,1,16,2,19,18,45,51,4,118,2,0,2,120
01/29/2016,SGF,MO,ACE,CE,Combined TRACON& Tower with Radar,16,45,31,2,94,0,2,17,6,25,16,47,48,8,119,20,0,20,139
01/30/2016,SGF,MO,ACE,CE,Combined TRACON& Tower with Radar,11,32,15,0,58,0,0,27,2,29,11,32,42,2,87,20,0,20,107
01/31/2016,SGF,MO,ACE,CE,Combined TRACON& Tower with Radar,12,40,24,0,76,0,2,12,0,14,12,42,36,0,90,0,0,0,90
02/01/2016,SGF,MO,ACE,CE,Combined TRACON& Tower with Radar,17,44,17,6,84,0,0,14,0,14,17,44,31,6,98,0,0,0,98
02/02/2016,SGF,MO,ACE,CE,Combined TRACON& Tower with Radar,14,46,18,28,106,0,0,5,6,11,14,46,23,34,117,0,0,0,117
02/03/2016,SGF,MO,ACE,CE,Combined TRACON& Tower with Radar,14,46,15,3,78,0,0,4,3,7,14,46,19,6,85,0,0,0,85
02/04/2016,SGF,MO,ACE,CE,Combined TRACON& Tower with Radar,19,47,24,20,110,0,4,19,7,30,19,51,43,27,140,8,14,22,162
02/05/2016,SGF,MO,ACE,CE,Combined TRACON& Tower with Radar,16,45,22,2,85,0,10,21,2,33,16,55,43,4,118,26,0,26,144
02/06/2016,SGF,MO,ACE,CE,Combined TRACON& Tower with Radar,11,25,7,0,43,0,4,27,0,31,11,29,34,0,74,0,0,0,74
02/07/2016,SGF,MO,ACE,CE,Combined TRACON& Tower with Radar,12,34,8,0,54,0,0,7,0,7,12,34,15,0,61,0,0,0,61
02/08/2016,SGF,MO,ACE,CE,Combined TRACON& Tower with Radar,13,40,25,0,78,0,0,1,1,2,13,40,26,1,80,0,0,0,80
02/09/2016,SGF,MO,ACE,CE,Combined TRACON& Tower with Radar,14,42,42,31,129,0,0,6,3,9,14,42,48,34,138,0,0,0,138
02/10/2016,SGF,MO,ACE,CE,Combined TRACON& Tower with Radar,16,44,35,1,96,0,1,7,6,14,16,45,42,7,110,0,0,0,110
02/11/2016,SGF,MO,ACE,CE,Combined TRACON& Tower with Radar,18,46,35,16,115,0,2,17,7,26,18,48,52,23,141,22,28,50,191
02/12/2016,SGF,MO,ACE,CE,Combined TRACON& Tower with Radar,18,46,36,6,106,0,4,20,1,25,18,50,56,7,131,18,0,18,149
02/13/2016,SGF,MO,ACE,CE,Combined TRACON& Tower with Radar,9,37,24,0,70,0,0,17,3,20,9,37,41,3,90,18,0,18,108
02/14/2016,SGF,MO,ACE,CE,Combined TRACON& Tower with Radar,14,29,4,0,47,0,2,0,0,2,14,31,4,0,49,0,0,0,49
02/15/2016,SGF,MO,ACE,CE,Combined TRACON& Tower with Radar,15,40,37,0,92,0,0,16,1,17,15,40,53,1,109,0,0,0,109
02/16/2016,SGF,MO,ACE,CE,Combined TRACON& Tower with Radar,14,45,33,3,95,0,0,5,4,9,14,45,38,7,104,0,0,0,104
02/17/2016,SGF,MO,ACE,CE,Combined TRACON& Tower with Radar,13,49,38,0,100,0,2,21,9,32,13,51,59,9,132,0,0,0,132
02/18/2016,SGF,MO,ACE,CE,Combined TRACON& Tower with Radar,18,43,28,0,89,0,0,9,4,13,18,43,37,4,102,0,0,0,102
02/19/2016,SGF,MO,ACE,CE,Combined TRACON& Tower with Radar,18,49,17,0,84,0,0,21,3,24,18,49,38,3,108,0,0,0,108
02/20/2016,SGF,MO,ACE,CE,Combined TRACON& Tower with Radar,10,35,28,0,73,0,4,33,2,39,10,39,61,2,112,0,0,0,112
02/21/2016,SGF,MO,ACE,CE,Combined TRACON& Tower with Radar,9,42,18,3,72,0,0,24,0,24,9,42,42,3,96,0,0,0,96
02/22/2016,SGF,MO,ACE,CE,Combined TRACON& Tower with Radar,17,41,38,19,115,0,0,23,2,25,17,41,61,21,140,0,0,0,140
02/23/2016,SGF,MO,ACE,CE,Combined TRACON& Tower with Radar,14,48,30,33,125,0,3,4,5,12,14,51,34,38,137,0,8,8,145
02/24/2016,SGF,MO,ACE,CE,Combined TRACON& Tower with Radar,14,40,28,0,82,0,2,8,4,14,14,42,36,4,96,24,0,24,120
02/25/2016,SGF,MO,ACE,CE,Combined TRACON& Tower with Radar,18,47,34,17,116,0,2,12,7,21,18,49,46,24,137,0,8,8,145
02/26/2016,SGF,MO,ACE,CE,Combined TRACON& Tower with Radar,16,50,32,2,100,0,2,25,0,27,16,52,57,2,127,20,0,20,147
02/27/2016,SGF,MO,ACE,CE,Combined TRACON& Tower with Radar,9,33,25,0,67,0,2,40,0,42,9,35,65,0,109,18,0,18,127
02/28/2016,SGF,MO,ACE,CE,Combined TRACON& Tower with Radar,11,39,20,0,70,0,0,10,0,10,11,39,30,0,80,0,0,0,80
02/29/2016,SGF,MO,ACE,CE,Combined TRACON& Tower with Radar,17,42,25,19,103,0,0,20,1,21,17,42,45,20,124,0,10,10,134
03/01/2016,SGF,MO,ACE,CE,Combined TRACON& Tower with Radar,15,38,22,0,75,0,2,9,0,11,15,40,31,0,86,0,0,0,86
03/02/2016,SGF,MO,ACE,CE,Combined TRACON& Tower with Radar,18,44,35,8,105,0,6,24,3,33,18,50,59,11,138,0,0,0,138
03/03/2016,SGF,MO,ACE,CE,Combined TRACON& Tower with Radar,18,46,57,7,128,0,0,22,0,22,18,46,79,7,150,14,0,14,164
03/04/2016,SGF,MO,ACE,CE,Combined TRACON& Tower with Radar,22,47,33,5,107,0,1,25,3,29,22,48,58,8,136,10,0,10,146
03/05/2016,SGF,MO,ACE,CE,Combined TRACON& Tower with Radar,13,37,21,0,71,0,0,28,4,32,13,37,49,4,103,6,0,6,109
03/06/2016,SGF,MO,ACE,CE,Combined TRACON& Tower with Radar,10,43,17,1,71,0,0,10,2,12,10,43,27,3,83,0,0,0,83
03/07/2016,SGF,MO,ACE,CE,Combined TRACON& Tower with Radar,19,39,16,2,76,0,0,4,0,4,19,39,20,2,80,0,0,0,80
03/08/2016,SGF,MO,ACE,CE,Combined TRACON& Tower with Radar,12,38,20,0,70,0,3,6,0,9,12,41,26,0,79,0,0,0,79
03/09/2016,SGF,MO,ACE,CE,Combined TRACON& Tower with Radar,18,45,22,2,87,0,0,3,4,7,18,45,25,6,94,55,0,55,149
03/10/2016,SGF,MO,ACE,CE,Combined TRACON& Tower with Radar,19,42,29,3,93,0,2,1,3,6,19,44,30,6,99,4,0,4,103
03/11/2016,SGF,MO,ACE,CE,Combined TRACON& Tower with Radar,18,49,27,17,111,0,1,9,3,13,18,50,36,20,124,28,12,40,164
03/12/2016,SGF,MO,ACE,CE,Combined TRACON& Tower with Radar,15,37,29,0,81,0,0,0,0,0,15,37,29,0,81,0,0,0,81
03/13/2016,SGF,MO,ACE,CE,Combined TRACON& Tower with Radar,12,42,33,2,89,0,1,2,2,5,12,43,35,4,94,0,0,0,94
03/14/2016,SGF,MO,ACE,CE,Combined TRACON& Tower with Radar,19,44,28,24,115,0,2,25,0,27,19,46,53,24,142,0,0,0,142
03/15/2016,SGF,MO,ACE,CE,Combined TRACON& Tower with Radar,20,40,25,29,114,0,0,12,2,14,20,40,37,31,128,0,0,0,128
03/16/2016,SGF,MO,ACE,CE,Combined TRACON& Tower with Radar,20,41,30,8,99,0,6,17,3,26,20,47,47,11,125,0,16,16,141
03/17/2016,SGF,MO,ACE,CE,Combined TRACON& Tower with Radar,19,49,47,4,119,0,6,45,15,66,19,55,92,19,185,26,4,30,215
03/18/2016,SGF,MO,ACE,CE,Combined TRACON& Tower with Radar,17,49,44,18,128,0,0,22,3,25,17,49,66,21,153,0,0,0,153
03/19/2016,SGF,MO,ACE,CE,Combined TRACON& Tower with Radar,13,34,14,0,61,0,0,22,2,24,13,34,36,2,85,20,0,20,105
03/20/2016,SGF,MO,ACE,CE,Combined TRACON& Tower with Radar,10,40,30,0,80,0,0,12,0,12,10,40,42,0,92,22,0,22,114
03/21/2016,SGF,MO,ACE,CE,Combined TRACON& Tower with Radar,17,45,34,8,104,0,2,23,1,26,17,47,57,9,130,0,0,0,130
03/22/2016,SGF,MO,ACE,CE,Combined TRACON& Tower with Radar,18,53,30,11,112,0,0,8,4,12,18,53,38,15,124,16,0,16,140
03/23/2016,SGF,MO,ACE,CE,Combined TRACON& Tower with Radar,14,44,26,12,96,0,2,5,5,12,14,46,31,17,108,0,22,22,130
03/24/2016,SGF,MO,ACE,CE,Combined TRACON& Tower with Radar,21,41,22,2,86,0,4,1,6,11,21,45,23,8,97,0,0,0,97
03/25/2016,SGF,MO,ACE,CE,Combined TRACON& Tower with Radar,20,44,59,23,146,0,7,40,2,49,20,51,99,25,195,32,28,60,255
03/26/2016,SGF,MO,ACE,CE,Combined TRACON& Tower with Radar,11,33,18,0,62,0,0,23,0,23,11,33,41,0,85,8,0,8,93
03/27/2016,SGF,MO,ACE,CE,Combined TRACON& Tower with Radar,10,40,11,0,61,0,0,1,0,1,10,40,12,0,62,0,0,0,62
03/28/2016,SGF,MO,ACE,CE,Combined TRACON& Tower with Radar,19,46,36,12,113,0,0,20,1,21,19,46,56,13,134,0,0,0,134
03/29/2016,SGF,MO,ACE,CE,Combined TRACON& Tower with Radar,11,47,40,6,104,0,0,10,0,10,11,47,50,6,114,18,0,18,132
03/30/2016,SGF,MO,ACE,CE,Combined TRACON& Tower with Radar,19,35,34,0,88,0,1,2,0,3,19,36,36,0,91,4,0,4,95
03/31/2016,SGF,MO,ACE,CE,Combined TRACON& Tower with Radar,20,44,41,2,107,0,1,8,7,16,20,45,49,9,123,0,0,0,123
04/01/2016,SGF,MO,ACE,CE,Combined TRACON& Tower with Radar,22,45,43,0,110,0,1,19,5,25,22,46,62,5,135,14,0,14,149
04/02/2016,SGF,MO,ACE,CE,Combined TRACON& Tower with Radar,13,37,19,0,69,0,0,20,4,24,13,37,39,4,93,14,0,14,107
04/03/2016,SGF,MO,ACE,CE,Combined TRACON& Tower with Radar,12,36,20,2,70,0,2,10,0,12,12,38,30,2,82,0,0,0,82
04/04/2016,SGF,MO,ACE,CE,Combined TRACON& Tower with Radar,21,41,37,14,113,0,6,21,2,29,21,47,58,16,142,0,0,0,142
04/05/2016,SGF,MO,ACE,CE,Combined TRACON& Tower with Radar,18,42,39,2,101,0,0,10,2,12,18,42,49,4,113,0,0,0,113
04/06/2016,SGF,MO,ACE,CE,Combined TRACON& Tower with Radar,16,39,18,0,73,0,1,7,9,17,16,40,25,9,90,0,0,0,90
04/07/2016,SGF,MO,ACE,CE,Combined TRACON& Tower with Radar,21,54,27,0,102,0,4,10,10,24,21,58,37,10,126,0,0,0,126
04/08/2016,SGF,MO,ACE,CE,Combined TRACON& Tower with Radar,22,41,34,6,103,0,0,10,6,16,22,41,44,12,119,6,16,22,141
04/09/2016,SGF,MO,ACE,CE,Combined TRACON& Tower with Radar,13,33,22,0,68,0,0,25,2,27,13,33,47,2,95,0,0,0,95
04/10/2016,SGF,MO,ACE,CE,Combined TRACON& Tower with Radar,12,43,18,0,73,0,1,3,0,4,12,44,21,0,77,0,0,0,77
04/11/2016,SGF,MO,ACE,CE,Combined TRACON& Tower with Radar,21,44,23,10,98,0,3,2,0,5,21,47,25,10,103,0,0,0,103
04/12/2016,SGF,MO,ACE,CE,Combined TRACON& Tower with Radar,18,42,40,19,119,0,0,22,2,24,18,42,62,21,143,0,0,0,143
04/13/2016,SGF,MO,ACE,CE,Combined TRACON& Tower with Radar,16,38,29,7,90,0,6,22,8,36,16,44,51,15,126,2,0,2,128
04/14/2016,SGF,MO,ACE,CE,Combined TRACON& Tower with Radar,20,45,41,6,112,0,10,22,6,38,20,55,63,12,150,60,6,66,216
04/15/2016,SGF,MO,ACE,CE,Combined TRACON& Tower with Radar,22,48,40,11,121,0,0,11,9,20,22,48,51,20,141,44,0,44,185
04/16/2016,SGF,MO,ACE,CE,Combined TRACON& Tower with Radar,11,31,27,2,71,0,0,13,0,13,11,31,40,2,84,10,0,10,94
04/17/2016,SGF,MO,ACE,CE,Combined TRACON& Tower with Radar,12,35,18,0,65,0,0,3,0,3,12,35,21,0,68,0,0,0,68
04/18/2016,SGF,MO,ACE,CE,Combined TRACON& Tower with Radar,21,31,17,5,74,0,0,6,1,7,21,31,23,6,81,0,0,0,81
04/19/2016,SGF,MO,ACE,CE,Combined TRACON& Tower with Radar,18,50,29,11,108,0,2,14,1,17,18,52,43,12,125,8,10,18,143
04/20/2016,SGF,MO,ACE,CE,Combined TRACON& Tower with Radar,18,54,42,25,139,0,1,5,3,9,18,55,47,28,148,0,48,48,196
04/21/2016,SGF,MO,ACE,CE,Combined TRACON& Tower with Radar,21,38,41,6,106,0,2,9,20,31,21,40,50,26,137,62,46,108,245
04/22/2016,SGF,MO,ACE,CE,Combined TRACON& Tower with Radar,22,44,37,4,107,0,2,34,4,40,22,46,71,8,147,40,0,40,187
04/23/2016,SGF,MO,ACE,CE,Combined TRACON& Tower with Radar,13,34,6,0,53,0,2,21,0,23,13,36,27,0,76,0,0,0,76
04/24/2016,SGF,MO,ACE,CE,Combined TRACON& Tower with Radar,13,38,25,0,76,0,0,12,0,12,13,38,37,0,88,0,0,0,88
04/25/2016,SGF,MO,ACE,CE,Combined TRACON& Tower with Radar,22,49,31,3,105,0,0,10,1,11,22,49,41,4,116,0,0,0,116
04/26/2016,SGF,MO,ACE,CE,Combined TRACON& Tower with Radar,20,36,31,0,87,0,1,3,4,8,20,37,34,4,95,0,0,0,95
04/27/2016,SGF,MO,ACE,CE,Combined TRACON& Tower with Radar,19,46,30,4,99,0,2,12,9,23,19,48,42,13,122,0,10,10,132
04/28/2016,SGF,MO,ACE,CE,Combined TRACON& Tower with Radar,24,40,30,5,99,0,5,25,6,36,24,45,55,11,135,12,0,12,147
04/29/2016,SGF,MO,ACE,CE,Combined TRACON& Tower with Radar,21,36,28,11,96,0,3,2,0,5,21,39,30,11,101,7,14,21,122
04/30/2016,SGF,MO,ACE,CE,Combined TRACON& Tower with Radar,15,36,23,0,74,0,0,4,0,4,15,36,27,0,78,0,0,0,78
05/01/2016,SGF,MO,ACE,CE,Combined TRACON& Tower with Radar,12,41,27,0,80,0,0,20,0,20,12,41,47,0,100,0,0,0,100
05/02/2016,SGF,MO,ACE,CE,Combined TRACON& Tower with Radar,21,47,38,32,138,0,0,5,0,5,21,47,43,32,143,0,0,0,143
05/03/2016,SGF,MO,ACE,CE,Combined TRACON& Tower with Radar,17,49,41,5,112,0,2,20,5,27,17,51,61,10,139,8,0,8,147
05/04/2016,SGF,MO,ACE,CE,Combined TRACON& Tower with Radar,19,47,39,13,118,0,0,24,13,37,19,47,63,26,155,0,0,0,155
05/05/2016,SGF,MO,ACE,CE,Combined TRACON& Tower with Radar,24,38,43,5,110,0,1,16,15,32,24,39,59,20,142,4,28,32,174
05/06/2016,SGF,MO,ACE,CE,Combined TRACON& Tower with Radar,26,41,33,12,112,0,6,50,8,64,26,47,83,20,176,44,0,44,220
05/07/2016,SGF,MO,ACE,CE,Combined TRACON& Tower with Radar,11,39,13,0,63,0,2,23,0,25,11,41,36,0,88,28,0,28,116
05/08/2016,SGF,MO,ACE,CE,Combined TRACON& Tower with Radar,14,35,23,0,72,0,0,10,0,10,14,35,33,0,82,0,0,0,82
05/09/2016,SGF,MO,ACE,CE,Combined TRACON& Tower with Radar,23,43,22,1,89,0,1,1,0,2,23,44,23,1,91,0,0,0,91
05/10/2016,SGF,MO,ACE,CE,Combined TRACON& Tower with Radar,24,42,48,17,131,0,2,10,0,12,24,44,58,17,143,6,6,12,155
05/11/2016,SGF,MO,ACE,CE,Combined TRACON& Tower with Radar,20,56,38,3,117,0,2,10,8,20,20,58,48,11,137,0,0,0,137
05/12/2016,SGF,MO,ACE,CE,Combined TRACON& Tower with Radar,22,38,26,4,90,0,4,10,8,22,22,42,36,12,112,12,1,13,125
05/13/2016,SGF,MO,ACE,CE,Combined TRACON& Tower with Radar,24,50,43,5,122,0,0,17,5,22,24,50,60,10,144,0,0,0,144
05/14/2016,SGF,MO,ACE,CE,Combined TRACON& Tower with Radar,11,37,22,1,71,0,0,21,11,32,11,37,43,12,103,0,0,0,103
05/15/2016,SGF,MO,ACE,CE,Combined TRACON& Tower with Radar,14,39,19,0,72,0,2,24,2,28,14,41,43,2,100,0,0,0,100
05/16/2016,SGF,MO,ACE,CE,Combined TRACON& Tower with Radar,23,36,26,4,89,0,2,2,0,4,23,38,28,4,93,0,0,0,93
05/17/2016,SGF,MO,ACE,CE,Combined TRACON& Tower with Radar,18,44,35,2,99,0,0,0,0,0,18,44,35,2,99,0,0,0,99
05/18/2016,SGF,MO,ACE,CE,Combined TRACON& Tower with Radar,22,39,58,1,120,0,6,23,9,38,22,45,81,10,158,22,0,22,180
05/19/2016,SGF,MO,ACE,CE,Combined TRACON& Tower with Radar,24,42,39,33,138,0,2,17,10,29,24,44,56,43,167,0,0,0,167
05/20/2016,SGF,MO,ACE,CE,Combined TRACON& Tower with Radar,25,41,40,6,112,1,0,7,2,10,26,41,47,8,122,0,0,0,122
05/21/2016,SGF,MO,ACE,CE,Combined TRACON& Tower with Radar,17,32,6,0,55,0,1,25,0,26,17,33,31,0,81,2,0,2,83
05/22/2016,SGF,MO,ACE,CE,Combined TRACON& Tower with Radar,16,38,33,0,87,0,2,26,0,28,16,40,59,0,115,34,0,34,149
05/23/2016,SGF,MO,ACE,CE,Combined TRACON& Tower with Radar,23,39,20,6,88,0,0,10,0,10,23,39,30,6,98,16,0,16,114
05/24/2016,SGF,MO,ACE,CE,Combined TRACON& Tower with Radar,17,42,29,0,88,0,3,5,0,8,17,45,34,0,96,0,0,0,96
05/25/2016,SGF,MO,ACE,CE,Combined TRACON& Tower with Radar,23,40,43,2,108,0,2,23,8,33,23,42,66,10,141,40,1,41,182
05/26/2016,SGF,MO,ACE,CE,Combined TRACON& Tower with Radar,26,44,58,0,128,0,1,6,7,14,26,45,64,7,142,16,0,16,158
05/27/2016,SGF,MO,ACE,CE,Combined TRACON& Tower with Radar,27,46,22,4,99,0,1,7,1,9,27,47,29,5,108,0,0,0,108
05/28/2016,SGF,MO,ACE,CE,Combined TRACON& Tower with Radar,20,35,23,0,78,0,2,28,0,30,20,37,51,0,108,28,0,28,136
05/29/2016,SGF,MO,ACE,CE,Combined TRACON& Tower with Radar,13,34,25,4,76,0,1,18,0,19,13,35,43,4,95,0,0,0,95
05/30/2016,SGF,MO,ACE,CE,Combined TRACON& Tower with Radar,21,36,12,0,69,0,1,14,0,15,21,37,26,0,84,12,0,12,96
05/31/2016,SGF,MO,ACE,CE,Combined TRACON& Tower with Radar,18,36,28,2,84,0,0,6,0,6,18,36,34,2,90,0,0,0,90
06/01/2016,SGF,MO,ACE,CE,Combined TRACON& Tower with Radar,24,45,32,3,104,0,0,10,5,15,24,45,42,8,119,0,0,0,119
06/02/2016,SGF,MO,ACE,CE,Combined TRACON& Tower with Radar,23,34,44,5,106,0,7,24,4,35,23,41,68,9,141,14,16,30,171
06/03/2016,SGF,MO,ACE,CE,Combined TRACON& Tower with Radar,24,39,30,1,94,0,0,2,0,2,24,39,32,1,96,22,2,24,120
06/04/2016,SGF,MO,ACE,CE,Combined TRACON& Tower with Radar,18,37,25,0,80,0,2,18,0,20,18,39,43,0,100,26,0,26,126
06/05/2016,SGF,MO,ACE,CE,Combined TRACON& Tower with Radar,20,36,29,0,85,0,2,31,0,33,20,38,60,0,118,0,0,0,118
06/06/2016,SGF,MO,ACE,CE,Combined TRACON& Tower with Radar,21,41,46,4,112,0,4,13,0,17,21,45,59,4,129,0,0,0,129
06/07/2016,SGF,MO,ACE,CE,Combined TRACON& Tower with Radar,26,42,52,2,122,0,0,39,12,51,26,42,91,14,173,38,0,38,211
06/08/2016,SGF,MO,ACE,CE,Combined TRACON& Tower with Radar,22,45,52,32,151,0,2,26,17,45,22,47,78,49,196,0,36,36,232
06/09/2016,SGF,MO,ACE,CE,Combined TRACON& Tower with Radar,21,47,43,5,116,0,3,35,15,53,21,50,78,20,169,22,0,22,191
06/10/2016,SGF,MO,ACE,CE,Combined TRACON& Tower with Radar,18,52,44,0,114,0,1,50,9,60,18,53,94,9,174,38,0,38,212
06/11/2016,SGF,MO,ACE,CE,Combined TRACON& Tower with Radar,11,47,36,0,94,0,0,28,4,32,11,47,64,4,126,12,0,12,138
06/12/2016,SGF,MO,ACE,CE,Combined TRACON& Tower with Radar,14,40,26,0,80,0,2,9,2,13,14,42,35,2,93,0,0,0,93
06/13/2016,SGF,MO,ACE,CE,Combined TRACON& Tower with Radar,15,48,28,4,95,0,2,21,0,23,15,50,49,4,118,2,0,2,120
06/14/2016,SGF,MO,ACE,CE,Combined TRACON& Tower with Radar,15,45,30,6,96,0,2,16,3,21,15,47,46,9,117,0,0,0,117
06/15/2016,SGF,MO,ACE,CE,Combined TRACON& Tower with Radar,17,56,40,0,113,0,2,23,4,29,17,58,63,4,142,0,0,0,142
06/16/2016,SGF,MO,ACE,CE,Combined TRACON& Tower with Radar,20,52,33,2,107,0,1,35,4,40,20,53,68,6,147,10,0,10,157
06/17/2016,SGF,MO,ACE,CE,Combined TRACON& Tower with Radar,18,49,35,0,102,0,0,24,4,28,18,49,59,4,130,0,0,0,130
06/18/2016,SGF,MO,ACE,CE,Combined TRACON& Tower with Radar,15,49,26,0,90,0,2,27,0,29,15,51,53,0,119,8,0,8,127
06/19/2016,SGF,MO,ACE,CE,Combined TRACON& Tower with Radar,14,44,15,0,73,0,0,15,0,15,14,44,30,0,88,0,0,0,88
06/20/2016,SGF,MO,ACE,CE,Combined TRACON& Tower with Radar,15,53,33,2,103,0,0,18,0,18,15,53,51,2,121,0,0,0,121
06/21/2016,SGF,MO,ACE,CE,Combined TRACON& Tower with Radar,22,56,34,10,122,0,2,29,0,31,22,58,63,10,153,20,6,26,179
06/22/2016,SGF,MO,ACE,CE,Combined TRACON& Tower with Radar,14,50,42,6,112,0,4,23,9,36,14,54,65,15,148,12,0,12,160
06/23/2016,SGF,MO,ACE,CE,Combined TRACON& Tower with Radar,20,48,44,1,113,0,1,16,5,22,20,49,60,6,135,13,0,13,148
06/24/2016,SGF,MO,ACE,CE,Combined TRACON& Tower with Radar,22,51,35,0,108,0,2,21,8,31,22,53,56,8,139,22,0,22,161
06/25/2016,SGF,MO,ACE,CE,Combined TRACON& Tower with Radar,13,45,12,0,70,0,1,49,0,50,13,46,61,0,120,0,0,0,120
06/26/2016,SGF,MO,ACE,CE,Combined TRACON& Tower with Radar,17,43,15,0,75,0,1,16,0,17,17,44,31,0,92,0,0,0,92
06/27/2016,SGF,MO,ACE,CE,Combined TRACON& Tower with Radar,17,48,31,8,104,0,3,9,0,12,17,51,40,8,116,16,0,16,132
06/28/2016,SGF,MO,ACE,CE,Combined TRACON& Tower with Radar,18,54,45,24,141,0,0,18,6,24,18,54,63,30,165,26,0,26,191
06/29/2016,SGF,MO,ACE,CE,Combined TRACON& Tower with Radar,19,59,48,2,128,0,3,24,16,43,19,62,72,18,171,18,0,18,189
06/30/2016,SGF,MO,ACE,CE,Combined TRACON& Tower with Radar,23,50,47,3,123,0,0,16,1,17,23,50,63,4,140,6,0,6,146
07/01/2016,SGF,MO,ACE,CE,Combined TRACON& Tower with Radar,24,51,31,0,106,0,4,24,0,28,24,55,55,0,134,0,0,0,134
07/02/2016,SGF,MO,ACE,CE,Combined TRACON& Tower with Radar,19,46,14,0,79,0,2,8,0,10,19,48,22,0,89,0,0,0,89
07/03/2016,SGF,MO,ACE,CE,Combined TRACON& Tower with Radar,20,28,11,0,59,0,1,1,0,2,20,29,12,0,61,0,0,0,61
07/04/2016,SGF,MO,ACE,CE,Combined TRACON& Tower with Radar,18,30,20,0,68,0,1,6,0,7,18,31,26,0,75,0,0,0,75
07/05/2016,SGF,MO,ACE,CE,Combined TRACON& Tower with Radar,27,40,36,6,109,0,2,26,9,37,27,42,62,15,146,0,0,0,146
07/06/2016,SGF,MO,ACE,CE,Combined TRACON& Tower with Radar,26,45,54,5,130,0,4,8,4,16,26,49,62,9,146,0,0,0,146
07/07/2016,SGF,MO,ACE,CE,Combined TRACON& Tower with Radar,30,43,43,16,132,0,2,17,12,31,30,45,60,28,163,0,18,18,181
07/08/2016,SGF,MO,ACE,CE,Combined TRACON& Tower with Radar,26,40,28,1,95,0,1,11,3,15,26,41,39,4,110,26,0,26,136
07/09/2016,SGF,MO,ACE,CE,Combined TRACON& Tower with Radar,16,45,35,0,96,0,1,21,0,22,16,46,56,0,118,0,0,0,118
07/10/2016,SGF,MO,ACE,CE,Combined TRACON& Tower with Radar,21,43,21,2,87,0,0,16,2,18,21,43,37,4,105,12,0,12,117
07/11/2016,SGF,MO,ACE,CE,Combined TRACON& Tower with Radar,23,48,39,4,114,0,0,14,0,14,23,48,53,4,128,0,0,0,128
07/12/2016,SGF,MO,ACE,CE,Combined TRACON& Tower with Radar,30,40,35,1,106,0,4,9,3,16,30,44,44,4,122,16,0,16,138
07/13/2016,SGF,MO,ACE,CE,Combined TRACON& Tower with Radar,26,44,38,3,111,0,2,16,9,27,26,46,54,12,138,14,4,18,156
07/14/2016,SGF,MO,ACE,CE,Combined TRACON& Tower with Radar,30,42,39,0,111,0,3,16,8,27,30,45,55,8,138,30,14,44,182
07/15/2016,SGF,MO,ACE,CE,Combined TRACON& Tower with Radar,21,41,45,2,109,0,0,17,10,27,21,41,62,12,136,2,0,2,138
07/16/2016,SGF,MO,ACE,CE,Combined TRACON& Tower with Radar,22,38,29,1,90,0,0,31,1,32,22,38,60,2,122,38,0,38,160
07/17/2016,SGF,MO,ACE,CE,Combined TRACON& Tower with Radar,18,41,27,0,86,0,0,13,0,13,18,41,40,0,99,20,0,20,119
07/18/2016,SGF,MO,ACE,CE,Combined TRACON& Tower with Radar,25,41,34,0,100,0,1,28,2,31,25,42,62,2,131,30,0,30,161
07/19/2016,SGF,MO,ACE,CE,Combined TRACON& Tower with Radar,30,42,39,0,111,0,2,29,10,41,30,44,68,10,152,46,0,46,198
07/20/2016,SGF,MO,ACE,CE,Combined TRACON& Tower with Radar,25,45,36,0,106,0,2,20,10,32,25,47,56,10,138,20,0,20,158
07/21/2016,SGF,MO,ACE,CE,Combined TRACON& Tower with Radar,28,40,35,39,142,0,2,31,12,45,28,42,66,51,187,28,20,48,235
07/22/2016,SGF,MO,ACE,CE,Combined TRACON& Tower with Radar,25,47,42,1,115,0,1,36,9,46,25,48,78,10,161,12,4,16,177
07/23/2016,SGF,MO,ACE,CE,Combined TRACON& Tower with Radar,19,37,20,13,89,0,3,41,0,44,19,40,61,13,133,82,8,90,223
07/24/2016,SGF,MO,ACE,CE,Combined TRACON& Tower with Radar,17,36,36,0,89,0,0,20,2,22,17,36,56,2,111,0,0,0,111
07/25/2016,SGF,MO,ACE,CE,Combined TRACON& Tower with Radar,25,42,19,0,86,0,1,5,0,6,25,43,24,0,92,0,0,0,92
07/26/2016,SGF,MO,ACE,CE,Combined TRACON& Tower with Radar,25,43,54,5,127,0,2,14,3,19,25,45,68,8,146,0,0,0,146
07/27/2016,SGF,MO,ACE,CE,Combined TRACON& Tower with Radar,26,41,63,13,143,0,0,12,12,24,26,41,75,25,167,0,18,18,185
07/28/2016,SGF,MO,ACE,CE,Combined TRACON& Tower with Radar,27,43,43,21,134,12,2,25,37,76,39,45,68,58,210,12,34,46,256
07/29/2016,SGF,MO,ACE,CE,Combined TRACON& Tower with Radar,26,37,55,8,126,0,0,17,5,22,26,37,72,13,148,38,32,70,218
07/30/2016,SGF,MO,ACE,CE,Combined TRACON& Tower with Radar,15,35,39,0,89,0,0,32,0,32,15,35,71,0,121,8,0,8,129
07/31/2016,SGF,MO,ACE,CE,Combined TRACON& Tower with Radar,21,40,27,0,88,0,0,7,0,7,21,40,34,0,95,0,0,0,95
08/01/2016,SGF,MO,ACE,CE,Combined TRACON& Tower with Radar,25,36,39,2,102,0,0,19,2,21,25,36,58,4,123,10,0,10,133
08/02/2016,SGF,MO,ACE,CE,Combined TRACON& Tower with Radar,25,35,36,12,108,0,3,21,13,37,25,38,57,25,145,6,0,6,151
08/03/2016,SGF,MO,ACE,CE,Combined TRACON& Tower with Radar,25,43,30,7,105,0,3,21,5,29,25,46,51,12,134,12,0,12,146
08/04/2016,SGF,MO,ACE,CE,Combined TRACON& Tower with Radar,28,45,36,9,118,0,3,18,10,31,28,48,54,19,149,0,0,0,149
08/05/2016,SGF,MO,ACE,CE,Combined TRACON& Tower with Radar,27,47,34,19,127,0,0,20,4,24,27,47,54,23,151,18,26,44,195
08/06/2016,SGF,MO,ACE,CE,Combined TRACON& Tower with Radar,19,34,11,0,64,0,2,0,0,2,19,36,11,0,66,0,0,0,66
08/07/2016,SGF,MO,ACE,CE,Combined TRACON& Tower with Radar,19,41,17,0,77,0,1,14,0,15,19,42,31,0,92,12,0,12,104
08/08/2016,SGF,MO,ACE,CE,Combined TRACON& Tower with Radar,25,37,42,25,129,0,1,9,1,11,25,38,51,26,140,12,12,24,164
08/09/2016,SGF,MO,ACE,CE,Combined TRACON& Tower with Radar,28,44,33,23,128,0,0,20,9,29,28,44,53,32,157,20,4,24,181
08/10/2016,SGF,MO,ACE,CE,Combined TRACON& Tower with Radar,22,50,42,11,125,0,2,29,19,50,22,52,71,30,175,14,36,50,225
08/11/2016,SGF,MO,ACE,CE,Combined TRACON& Tower with Radar,30,42,52,9,133,0,1,24,9,34,30,43,76,18,167,18,0,18,185
08/12/2016,SGF,MO,ACE,CE,Combined TRACON& Tower with Radar,22,43,40,0,105,0,1,17,8,26,22,44,57,8,131,6,12,18,149
08/13/2016,SGF,MO,ACE,CE,Combined TRACON& Tower with Radar,18,37,30,0,85,0,0,31,0,31,18,37,61,0,116,86,0,86,202
08/14/2016,SGF,MO,ACE,CE,Combined TRACON& Tower with Radar,19,37,21,0,77,0,0,11,0,11,19,37,32,0,88,0,0,0,88
08/15/2016,SGF,MO,ACE,CE,Combined TRACON& Tower with Radar,25,42,37,2,106,0,4,9,0,13,25,46,46,2,119,24,0,24,143
08/16/2016,SGF,MO,ACE,CE,Combined TRACON& Tower with Radar,24,47,56,1,128,0,2,21,6,29,24,49,77,7,157,38,1,39,196
08/17/2016,SGF,MO,ACE,CE,Combined TRACON& Tower with Radar,23,45,68,1,137,0,2,39,12,53,23,47,107,13,190,61,2,63,253
08/18/2016,SGF,MO,ACE,CE,Combined TRACON& Tower with Radar,23,45,58,2,128,0,0,16,8,24,23,45,74,10,152,6,0,6,158
08/19/2016,SGF,MO,ACE,CE,Combined TRACON& Tower with Radar,21,36,41,2,100,0,2,12,4,18,21,38,53,6,118,0,0,0,118
08/20/2016,SGF,MO,ACE,CE,Combined TRACON& Tower with Radar,11,28,41,1,81,0,1,5,5,11,11,29,46,6,92,16,0,16,108
08/21/2016,SGF,MO,ACE,CE,Combined TRACON& Tower with Radar,19,46,30,0,95,0,2,33,0,35,19,48,63,0,130,16,0,16,146
08/22/2016,SGF,MO,ACE,CE,Combined TRACON& Tower with Radar,21,49,30,4,104,0,2,20,0,22,21,51,50,4,126,0,4,4,130
08/23/2016,SGF,MO,ACE,CE,Combined TRACON& Tower with Radar,18,49,44,28,139,0,2,6,4,12,18,51,50,32,151,0,8,8,159
08/24/2016,SGF,MO,ACE,CE,Combined TRACON& Tower with Radar,25,34,46,6,111,0,1,24,11,36,25,35,70,17,147,6,0,6,153
08/25/2016,SGF,MO,ACE,CE,Combined TRACON& Tower with Radar,27,38,39,11,115,0,1,12,11,24,27,39,51,22,139,18,0,18,157
08/26/2016,SGF,MO,ACE,CE,Combined TRACON& Tower with Radar,24,40,28,21,113,0,0,26,6,32,24,40,54,27,145,12,0,12,157
08/27/2016,SGF,MO,ACE,CE,Combined TRACON& Tower with Radar,17,32,13,0,62,0,2,12,3,17,17,34,25,3,79,0,0,0,79
08/28/2016,SGF,MO,ACE,CE,Combined TRACON& Tower with Radar,17,34,21,0,72,0,0,36,0,36,17,34,57,0,108,62,0,62,170
08/29/2016,SGF,MO,ACE,CE,Combined TRACON& Tower with Radar,26,41,35,0,102,0,1,18,0,19,26,42,53,0,121,0,0,0,121
08/30/2016,SGF,MO,ACE,CE,Combined TRACON& Tower with Radar,26,39,34,25,124,0,0,22,11,33,26,39,56,36,157,10,12,22,179
08/31/2016,SGF,MO,ACE,CE,Combined TRACON& Tower with Radar,23,38,36,8,105,0,1,1,6,8,23,39,37,14,113,6,0,6,119
09/01/2016,SGF,MO,ACE,CE,Combined TRACON& Tower with Radar,25,35,41,26,127,0,0,11,5,16,25,35,52,31,143,0,42,42,185
09/02/2016,SGF,MO,ACE,CE,Combined TRACON& Tower with Radar,24,38,27,0,89,0,3,37,0,40,24,41,64,0,129,20,0,20,149
09/03/2016,SGF,MO,ACE,CE,Combined TRACON& Tower with Radar,18,25,17,1,61,0,1,30,0,31,18,26,47,1,92,38,0,38,130
09/04/2016,SGF,MO,ACE,CE,Combined TRACON& Tower with Radar,15,23,12,0,50,0,0,11,1,12,15,23,23,1,62,18,0,18,80
09/05/2016,SGF,MO,ACE,CE,Combined TRACON& Tower with Radar,22,34,17,0,73,0,1,26,0,27,22,35,43,0,100,0,0,0,100
09/06/2016,SGF,MO,ACE,CE,Combined TRACON& Tower with Radar,23,44,36,30,133,0,1,22,8,31,23,45,58,38,164,44,12,56,220
09/07/2016,SGF,MO,ACE,CE,Combined TRACON& Tower with Radar,27,42,48,14,131,0,2,26,10,38,27,44,74,24,169,40,0,40,209
09/08/2016,SGF,MO,ACE,CE,Combined TRACON& Tower with Radar,32,35,18,0,85,0,1,8,2,11,32,36,26,2,96,22,16,38,134
09/09/2016,SGF,MO,ACE,CE,Combined TRACON& Tower with Radar,28,32,40,62,162,0,4,20,7,31,28,36,60,69,193,14,54,68,261
09/10/2016,SGF,MO,ACE,CE,Combined TRACON& Tower with Radar,18,28,16,2,64,0,1,18,2,21,18,29,34,4,85,10,0,10,95
09/11/2016,SGF,MO,ACE,CE,Combined TRACON& Tower with Radar,18,36,31,0,85,0,2,29,2,33,18,38,60,2,118,18,0,18,136
09/12/2016,SGF,MO,ACE,CE,Combined TRACON& Tower with Radar,28,30,24,9,91,0,2,17,0,19,28,32,41,9,110,0,0,0,110
09/13/2016,SGF,MO,ACE,CE,Combined TRACON& Tower with Radar,23,42,48,5,118,0,10,27,2,39,23,52,75,7,157,54,0,54,211
09/14/2016,SGF,MO,ACE,CE,Combined TRACON& Tower with Radar,26,34,30,22,112,0,0,10,15,25,26,34,40,37,137,64,4,68,205
09/15/2016,SGF,MO,ACE,CE,Combined TRACON& Tower with Radar,31,40,31,2,104,0,2,11,5,18,31,42,42,7,122,0,0,0,122
09/16/2016,SGF,MO,ACE,CE,Combined TRACON& Tower with Radar,28,37,36,2,103,0,1,4,2,7,28,38,40,4,110,24,0,24,134
09/17/2016,SGF,MO,ACE,CE,Combined TRACON& Tower with Radar,20,30,17,0,67,0,1,15,0,16,20,31,32,0,83,0,0,0,83
09/18/2016,SGF,MO,ACE,CE,Combined TRACON& Tower with Radar,17,40,22,0,79,0,5,19,2,26,17,45,41,2,105,8,0,8,113
09/19/2016,SGF,MO,ACE,CE,Combined TRACON& Tower with Radar,27,40,26,6,99,0,0,31,0,31,27,40,57,6,130,22,0,22,152
09/20/2016,SGF,MO,ACE,CE,Combined TRACON& Tower with Radar,23,34,43,40,140,0,0,27,10,37,23,34,70,50,177,24,44,68,245
09/21/2016,SGF,MO,ACE,CE,Combined TRACON& Tower with Radar,24,34,39,13,110,0,1,19,7,27,24,35,58,20,137,6,8,14,151
09/22/2016,SGF,MO,ACE,CE,Combined TRACON& Tower with Radar,29,43,44,22,138,0,4,25,7,36,29,47,69,29,174,6,24,30,204
09/23/2016,SGF,MO,ACE,CE,Combined TRACON& Tower with Radar,30,39,42,6,117,0,0,23,5,28,30,39,65,11,145,16,0,16,161
09/24/2016,SGF,MO,ACE,CE,Combined TRACON& Tower with Radar,18,28,14,2,62,0,0,23,0,23,18,28,37,2,85,14,0,14,99
09/25/2016,SGF,MO,ACE,CE,Combined TRACON& Tower with Radar,17,34,33,0,84,0,1,6,0,7,17,35,39,0,91,0,0,0,91
09/26/2016,SGF,MO,ACE,CE,Combined TRACON& Tower with Radar,27,33,35,6,101,0,1,21,0,22,27,34,56,6,123,20,0,20,143
09/27/2016,SGF,MO,ACE,CE,Combined TRACON& Tower with Radar,24,36,37,7,104,0,0,16,5,21,24,36,53,12,125,0,0,0,125
09/28/2016,SGF,MO,ACE,CE,Combined TRACON& Tower with Radar,27,36,39,23,125,0,2,17,2,21,27,38,56,25,146,0,0,0,146
09/29/2016,SGF,MO,ACE,CE,Combined TRACON& Tower with Radar,27,34,27,4,92,0,2,27,4,33,27,36,54,8,125,20,20,40,165
09/30/2016,SGF,MO,ACE,CE,Combined TRACON& Tower with Radar,30,40,25,15,110,0,0,14,2,16,30,40,39,17,126,12,12,24,150
10/01/2016,SGF,MO,ACE,CE,Combined TRACON& Tower with Radar,20,29,23,1,73,0,0,27,1,28,20,29,50,2,101,16,0,16,117
10/02/2016,SGF,MO,ACE,CE,Combined TRACON& Tower with Radar,13,42,17,0,72,0,4,25,0,29,13,46,42,0,101,22,0,22,123
10/03/2016,SGF,MO,ACE,CE,Combined TRACON& Tower with Radar,25,38,34,68,165,0,1,15,0,16,25,39,49,68,181,30,70,100,281
10/04/2016,SGF,MO,ACE,CE,Combined TRACON& Tower with Radar,27,35,28,10,100,0,0,17,0,17,27,35,45,10,117,0,0,0,117
10/05/2016,SGF,MO,ACE,CE,Combined TRACON& Tower with Radar,26,42,32,0,100,0,2,12,2,16,26,44,44,2,116,0,0,0,116
10/06/2016,SGF,MO,ACE,CE,Combined TRACON& Tower with Radar,22,41,25,8,96,0,0,10,0,10,22,41,35,8,106,22,10,32,138
10/07/2016,SGF,MO,ACE,CE,Combined TRACON& Tower with Radar,24,46,39,0,109,0,2,5,0,7,24,48,44,0,116,0,0,0,116
10/08/2016,SGF,MO,ACE,CE,Combined TRACON& Tower with Radar,19,37,21,0,77,0,0,27,0,27,19,37,48,0,104,0,0,0,104
10/09/2016,SGF,MO,ACE,CE,Combined TRACON& Tower with Radar,16,38,31,0,85,0,0,26,0,26,16,38,57,0,111,58,0,58,169
10/10/2016,SGF,MO,ACE,CE,Combined TRACON& Tower with Radar,20,48,35,0,103,0,2,25,0,27,20,50,60,0,130,34,0,34,164
10/11/2016,SGF,MO,ACE,CE,Combined TRACON& Tower with Radar,23,40,43,18,124,0,0,28,3,31,23,40,71,21,155,0,0,0,155
10/12/2016,SGF,MO,ACE,CE,Combined TRACON& Tower with Radar,23,49,35,0,107,0,0,2,0,2,23,49,37,0,109,0,0,0,109
10/13/2016,SGF,MO,ACE,CE,Combined TRACON& Tower with Radar,22,47,47,20,136,0,0,1,0,1,22,47,48,20,137,0,0,0,137
10/14/2016,SGF,MO,ACE,CE,Combined TRACON& Tower with Radar,20,41,41,20,122,0,0,2,0,2,20,41,43,20,124,0,0,0,124
10/15/2016,SGF,MO,ACE,CE,Combined TRACON& Tower with Radar,19,43,17,5,84,0,0,14,8,22,19,43,31,13,106,0,0,0,106
10/16/2016,SGF,MO,ACE,CE,Combined TRACON& Tower with Radar,16,38,31,0,85,0,2,23,2,27,16,40,54,2,112,12,0,12,124
10/17/2016,SGF,MO,ACE,CE,Combined TRACON& Tower with Radar,19,43,25,2,89,0,2,14,0,16,19,45,39,2,105,22,0,22,127
10/18/2016,SGF,MO,ACE,CE,Combined TRACON& Tower with Radar,22,38,35,2,97,0,0,6,6,12,22,38,41,8,109,10,0,10,119
10/19/2016,SGF,MO,ACE,CE,Combined TRACON& Tower with Radar,21,46,43,4,114,0,0,6,1,7,21,46,49,5,121,0,0,0,121
10/20/2016,SGF,MO,ACE,CE,Combined TRACON& Tower with Radar,22,46,52,0,120,0,1,16,21,38,22,47,68,21,158,6,0,6,164
10/21/2016,SGF,MO,ACE,CE,Combined TRACON& Tower with Radar,21,48,44,25,138,0,2,33,0,35,21,50,77,25,173,0,54,54,227
10/22/2016,SGF,MO,ACE,CE,Combined TRACON& Tower with Radar,17,32,22,0,71,0,0,36,0,36,17,32,58,0,107,0,0,0,107
10/23/2016,SGF,MO,ACE,CE,Combined TRACON& Tower with Radar,19,44,47,2,112,0,0,27,0,27,19,44,74,2,139,30,0,30,169
10/24/2016,SGF,MO,ACE,CE,Combined TRACON& Tower with Radar,20,50,45,0,115,0,1,22,0,23,20,51,67,0,138,0,0,0,138
10/25/2016,SGF,MO,ACE,CE,Combined TRACON& Tower with Radar,20,48,28,21,117,0,2,17,6,25,20,50,45,27,142,48,0,48,190
10/26/2016,SGF,MO,ACE,CE,Combined TRACON& Tower with Radar,20,51,45,0,116,0,4,11,8,23,20,55,56,8,139,0,0,0,139
10/27/2016,SGF,MO,ACE,CE,Combined TRACON& Tower with Radar,20,47,58,7,132,0,2,27,7,36,20,49,85,14,168,18,6,24,192
10/28/2016,SGF,MO,ACE,CE,Combined TRACON& Tower with Radar,20,47,50,0,117,0,0,28,10,38,20,47,78,10,155,12,0,12,167
10/29/2016,SGF,MO,ACE,CE,Combined TRACON& Tower with Radar,19,32,19,0,70,0,1,18,3,22,19,33,37,3,92,10,0,10,102
10/30/2016,SGF,MO,ACE,CE,Combined TRACON& Tower with Radar,13,44,33,2,92,0,0,9,0,9,13,44,42,2,101,0,0,0,101
10/31/2016,SGF,MO,ACE,CE,Combined TRACON& Tower with Radar,14,37,26,18,95,0,2,15,0,17,14,39,41,18,112,12,0,12,124
11/01/2016,SGF,MO,ACE,CE,Combined TRACON& Tower with Radar,22,45,35,6,108,0,6,15,7,28,22,51,50,13,136,28,0,28,164
11/02/2016,SGF,MO,ACE,CE,Combined TRACON& Tower with Radar,20,42,32,6,100,0,5,19,3,27,20,47,51,9,127,8,0,8,135
11/03/2016,SGF,MO,ACE,CE,Combined TRACON& Tower with Radar,18,41,34,0,93,0,0,1,0,1,18,41,35,0,94,0,0,0,94
11/04/2016,SGF,MO,ACE,CE,Combined TRACON& Tower with Radar,20,43,33,2,98,0,0,30,4,34,20,43,63,6,132,26,0,26,158
11/05/2016,SGF,MO,ACE,CE,Combined TRACON& Tower with Radar,13,32,27,0,72,0,4,20,8,32,13,36,47,8,104,16,0,16,120
11/06/2016,SGF,MO,ACE,CE,Combined TRACON& Tower with Radar,18,37,31,0,86,0,0,33,0,33,18,37,64,0,119,32,0,32,151
11/07/2016,SGF,MO,ACE,CE,Combined TRACON& Tower with Radar,17,38,38,0,93,0,1,3,0,4,17,39,41,0,97,0,0,0,97
11/08/2016,SGF,MO,ACE,CE,Combined TRACON& Tower with Radar,18,43,50,0,111,0,1,1,0,2,18,44,51,0,113,0,0,0,113
11/09/2016,SGF,MO,ACE,CE,Combined TRACON& Tower with Radar,22,42,42,4,110,0,6,21,12,39,22,48,63,16,149,0,0,0,149
11/10/2016,SGF,MO,ACE,CE,Combined TRACON& Tower with Radar,18,41,38,2,99,0,0,31,8,39,18,41,69,10,138,20,0,20,158
11/11/2016,SGF,MO,ACE,CE,Combined TRACON& Tower with Radar,18,47,32,0,97,0,0,30,0,30,18,47,62,0,127,6,0,6,133
11/12/2016,SGF,MO,ACE,CE,Combined TRACON& Tower with Radar,15,24,39,0,78,0,0,29,0,29,15,24,68,0,107,26,0,26,133
11/13/2016,SGF,MO,ACE,CE,Combined TRACON& Tower with Radar,18,40,35,0,93,0,1,24,2,27,18,41,59,2,120,14,0,14,134
11/14/2016,SGF,MO,ACE,CE,Combined TRACON& Tower with Radar,17,48,33,0,98,0,2,27,0,29,17,50,60,0,127,26,0,26,153
11/15/2016,SGF,MO,ACE,CE,Combined TRACON& Tower with Radar,18,42,53,2,115,0,4,48,5,57,18,46,101,7,172,54,0,54,226
11/16/2016,SGF,MO,ACE,CE,Combined TRACON& Tower with Radar,18,42,43,7,110,0,2,21,7,30,18,44,64,14,140,24,0,24,164
11/17/2016,SGF,MO,ACE,CE,Combined TRACON& Tower with Radar,19,41,30,2,92,0,4,15,6,25,19,45,45,8,117,14,0,14,131
11/18/2016,SGF,MO,ACE,CE,Combined TRACON& Tower with Radar,22,45,32,3,102,0,0,9,6,15,22,45,41,9,117,0,0,0,117
11/19/2016,SGF,MO,ACE,CE,Combined TRACON& Tower with Radar,19,29,11,1,60,0,0,40,1,41,19,29,51,2,101,52,0,52,153
11/20/2016,SGF,MO,ACE,CE,Combined TRACON& Tower with Radar,17,36,14,5,72,0,2,12,0,14,17,38,26,5,86,26,0,26,112
11/21/2016,SGF,MO,ACE,CE,Combined TRACON& Tower with Radar,20,35,33,10,98,0,1,22,0,23,20,36,55,10,121,24,0,24,145
11/22/2016,SGF,MO,ACE,CE,Combined TRACON& Tower with Radar,28,42,34,1,105,0,0,2,3,5,28,42,36,4,110,0,0,0,110
11/23/2016,SGF,MO,ACE,CE,Combined TRACON& Tower with Radar,22,38,29,2,91,0,0,0,0,0,22,38,29,2,91,0,0,0,91
11/24/2016,SGF,MO,ACE,CE,Combined TRACON& Tower with Radar,7,23,10,0,40,0,0,12,0,12,7,23,22,0,52,0,0,0,52
11/25/2016,SGF,MO,ACE,CE,Combined TRACON& Tower with Radar,20,26,15,0,61,0,0,4,0,4,20,26,19,0,65,18,0,18,83
11/26/2016,SGF,MO,ACE,CE,Combined TRACON& Tower with Radar,26,44,27,0,97,0,0,11,0,11,26,44,38,0,108,2,0,2,110
11/27/2016,SGF,MO,ACE,CE,Combined TRACON& Tower with Radar,17,44,36,0,97,0,0,7,0,7,17,44,43,0,104,20,0,20,124
11/28/2016,SGF,MO,ACE,CE,Combined TRACON& Tower with Radar,20,45,31,0,96,0,1,10,0,11,20,46,41,0,107,0,0,0,107
11/29/2016,SGF,MO,ACE,CE,Combined TRACON& Tower with Radar,19,51,44,1,115,0,0,38,3,41,19,51,82,4,156,30,0,30,186
11/30/2016,SGF,MO,ACE,CE,Combined TRACON& Tower with Radar,21,37,44,21,123,0,5,31,9,45,21,42,75,30,168,24,4,28,196
12/01/2016,SGF,MO,ACE,CE,Combined TRACON& Tower with Radar,21,43,47,2,113,0,6,34,7,47,21,49,81,9,160,34,12,46,206
12/02/2016,SGF,MO,ACE,CE,Combined TRACON& Tower with Radar,18,41,42,5,106,0,1,14,1,16,18,42,56,6,122,18,0,18,140
12/03/2016,SGF,MO,ACE,CE,Combined TRACON& Tower with Radar,10,33,26,0,69,0,0,22,2,24,10,33,48,2,93,50,0,50,143
12/04/2016,SGF,MO,ACE,CE,Combined TRACON& Tower with Radar,12,39,23,0,74,0,1,0,0,1,12,40,23,0,75,0,0,0,75
12/05/2016,SGF,MO,ACE,CE,Combined TRACON& Tower with Radar,16,43,32,9,100,0,3,11,2,16,16,46,43,11,116,22,6,28,144
12/06/2016,SGF,MO,ACE,CE,Combined TRACON& Tower with Radar,16,51,44,0,111,0,5,8,3,16,16,56,52,3,127,14,0,14,141
12/07/2016,SGF,MO,ACE,CE,Combined TRACON& Tower with Radar,18,42,54,4,118,0,4,13,9,26,18,46,67,13,144,44,10,54,198
12/08/2016,SGF,MO,ACE,CE,Combined TRACON& Tower with Radar,24,47,39,4,114,0,7,22,10,39,24,54,61,14,153,78,0,78,231
12/09/2016,SGF,MO,ACE,CE,Combined TRACON& Tower with Radar,18,43,44,1,106,0,2,38,1,41,18,45,82,2,147,44,0,44,191
12/10/2016,SGF,MO,ACE,CE,Combined TRACON& Tower with Radar,9,32,22,0,63,0,2,11,6,19,9,34,33,6,82,38,0,38,120
12/11/2016,SGF,MO,ACE,CE,Combined TRACON& Tower with Radar,12,28,21,0,61,0,1,0,0,1,12,29,21,0,62,0,0,0,62
12/12/2016,SGF,MO,ACE,CE,Combined TRACON& Tower with Radar,17,41,31,10,99,0,2,18,0,20,17,43,49,10,119,44,0,44,163
12/13/2016,SGF,MO,ACE,CE,Combined TRACON& Tower with Radar,18,38,42,0,98,0,0,5,2,7,18,38,47,2,105,12,0,12,117
12/14/2016,SGF,MO,ACE,CE,Combined TRACON& Tower with Radar,20,46,36,1,103,0,2,6,5,13,20,48,42,6,116,0,0,0,116
12/15/2016,SGF,MO,ACE,CE,Combined TRACON& Tower with Radar,23,39,52,6,120,0,4,21,16,41,23,43,73,22,161,62,0,62,223
12/16/2016,SGF,MO,ACE,CE,Combined TRACON& Tower with Radar,23,31,22,0,76,0,0,0,2,2,23,31,22,2,78,0,6,6,84
12/17/2016,SGF,MO,ACE,CE,Combined TRACON& Tower with Radar,15,24,4,0,43,0,1,0,0,1,15,25,4,0,44,0,0,0,44
12/18/2016,SGF,MO,ACE,CE,Combined TRACON& Tower with Radar,7,30,20,0,57,0,0,8,0,8,7,30,28,0,65,24,0,24,89
12/19/2016,SGF,MO,ACE,CE,Combined TRACON& Tower with Radar,17,35,39,2,93,0,0,32,0,32,17,35,71,2,125,70,0,70,195
12/20/2016,SGF,MO,ACE,CE,Combined TRACON& Tower with Radar,18,32,38,8,96,0,0,23,5,28,18,32,61,13,124,72,6,78,202
12/21/2016,SGF,MO,ACE,CE,Combined TRACON& Tower with Radar,20,35,55,6,116,0,4,39,13,56,20,39,94,19,172,34,0,34,206
12/22/2016,SGF,MO,ACE,CE,Combined TRACON& Tower with Radar,21,39,53,6,119,0,0,25,4,29,21,39,78,10,148,44,0,44,192
12/23/2016,SGF,MO,ACE,CE,Combined TRACON& Tower with Radar,19,32,23,0,74,0,0,0,0,0,19,32,23,0,74,0,0,0,74
12/24/2016,SGF,MO,ACE,CE,Combined TRACON& Tower with Radar,19,25,20,0,64,0,0,5,0,5,19,25,25,0,69,0,0,0,69
12/25/2016,SGF,MO,ACE,CE,Combined TRACON& Tower with Radar,13,28,2,0,43,0,0,0,0,0,13,28,2,0,43,0,0,0,43
12/26/2016,SGF,MO,ACE,CE,Combined TRACON& Tower with Radar,6,34,17,0,57,0,0,5,0,5,6,34,22,0,62,0,0,0,62
12/27/2016,SGF,MO,ACE,CE,Combined TRACON& Tower with Radar,18,38,37,0,93,0,0,22,0,22,18,38,59,0,115,76,0,76,191
12/28/2016,SGF,MO,ACE,CE,Combined TRACON& Tower with Radar,14,34,32,3,83,0,8,29,3,40,14,42,61,6,123,42,0,42,165
12/29/2016,SGF,MO,ACE,CE,Combined TRACON& Tower with Radar,18,38,19,1,76,0,0,28,4,32,18,38,47,5,108,10,0,10,118
12/30/2016,SGF,MO,ACE,CE,Combined TRACON& Tower with Radar,15,36,24,0,75,0,2,28,2,32,15,38,52,2,107,42,0,42,149
12/31/2016,SGF,MO,ACE,CE,Combined TRACON& Tower with Radar,14,29,18,0,61,0,2,40,0,42,14,31,58,0,103,40,0,40,143
01/01/2017,SGF,MO,ACE,CE,Combined TRACON& Tower with Radar,12,33,26,0,71,0,1,13,0,14,12,34,39,0,85,24,0,24,109
01/02/2017,SGF,MO,ACE,CE,Combined TRACON& Tower with Radar,11,32,20,0,63,0,0,2,0,2,11,32,22,0,65,0,0,0,65
01/03/2017,SGF,MO,ACE,CE,Combined TRACON& Tower with Radar,19,38,21,0,78,0,0,0,0,0,19,38,21,0,78,0,0,0,78
01/04/2017,SGF,MO,ACE,CE,Combined TRACON& Tower with Radar,14,38,17,2,71,0,2,9,10,21,14,40,26,12,92,60,0,60,152
01/05/2017,SGF,MO,ACE,CE,Combined TRACON& Tower with Radar,14,38,15,0,67,0,2,3,0,5,14,40,18,0,72,0,0,0,72
01/06/2017,SGF,MO,ACE,CE,Combined TRACON& Tower with Radar,16,32,30,3,81,0,0,21,10,31,16,32,51,13,112,0,0,0,112
01/07/2017,SGF,MO,ACE,CE,Combined TRACON& Tower with Radar,9,23,14,0,46,0,2,22,0,24,9,25,36,0,70,50,0,50,120
01/08/2017,SGF,MO,ACE,CE,Combined TRACON& Tower with Radar,8,33,20,0,61,0,2,5,0,7,8,35,25,0,68,0,0,0,68
01/09/2017,SGF,MO,ACE,CE,Combined TRACON& Tower with Radar,12,43,33,0,88,0,1,8,0,9,12,44,41,0,97,0,0,0,97
01/10/2017,SGF,MO,ACE,CE,Combined TRACON& Tower with Radar,11,38,26,20,95,0,5,5,5,15,11,43,31,25,110,0,26,26,136
01/11/2017,SGF,MO,ACE,CE,Combined TRACON& Tower with Radar,14,47,22,6,89,0,1,11,9,21,14,48,33,15,110,10,0,10,120
01/12/2017,SGF,MO,ACE,CE,Combined TRACON& Tower with Radar,14,44,41,29,128,0,0,2,3,5,14,44,43,32,133,0,0,0,133
01/13/2017,SGF,MO,ACE,CE,Combined TRACON& Tower with Radar,10,33,3,0,46,0,0,0,0,0,10,33,3,0,46,0,0,0,46
01/14/2017,SGF,MO,ACE,CE,Combined TRACON& Tower with Radar,10,34,4,0,48,0,0,0,0,0,10,34,4,0,48,0,0,0,48
01/15/2017,SGF,MO,ACE,CE,Combined TRACON& Tower with Radar,7,35,7,0,49,0,0,0,0,0,7,35,7,0,49,0,0,0,49
01/16/2017,SGF,MO,ACE,CE,Combined TRACON& Tower with Radar,11,46,33,0,90,0,0,2,0,2,11,46,35,0,92,0,0,0,92
01/17/2017,SGF,MO,ACE,CE,Combined TRACON& Tower with Radar,10,40,41,2,93,0,0,0,0,0,10,40,41,2,93,0,0,0,93
01/18/2017,SGF,MO,ACE,CE,Combined TRACON& Tower with Radar,10,43,46,7,106,0,0,15,8,23,10,43,61,15,129,0,0,0,129
01/19/2017,SGF,MO,ACE,CE,Combined TRACON& Tower with Radar,14,46,44,0,104,0,0,0,0,0,14,46,44,0,104,0,0,0,104
01/20/2017,SGF,MO,ACE,CE,Combined TRACON& Tower with Radar,14,46,48,6,114,0,0,20,0,20,14,46,68,6,134,22,0,22,156
01/21/2017,SGF,MO,ACE,CE,Combined TRACON& Tower with Radar,12,30,18,2,62,0,0,36,0,36,12,30,54,2,98,44,0,44,142
01/22/2017,SGF,MO,ACE,CE,Combined TRACON& Tower with Radar,9,39,13,0,61,0,1,0,0,1,9,40,13,0,62,0,0,0,62
01/23/2017,SGF,MO,ACE,CE,Combined TRACON& Tower with Radar,10,47,27,13,97,0,0,7,1,8,10,47,34,14,105,0,16,16,121
01/24/2017,SGF,MO,ACE,CE,Combined TRACON& Tower with Radar,10,46,32,6,94,0,0,14,8,22,10,46,46,14,116,22,0,22,138
01/25/2017,SGF,MO,ACE,CE,Combined TRACON& Tower with Radar,14,48,34,1,97,0,3,24,8,35,14,51,58,9,132,60,0,60,192
01/26/2017,SGF,MO,ACE,CE,Combined TRACON& Tower with Radar,14,49,44,21,128,0,2,14,7,23,14,51,58,28,151,26,20,46,197
01/27/2017,SGF,MO,ACE,CE,Combined TRACON& Tower with Radar,12,47,42,6,107,0,2,32,1,35,12,49,74,7,142,65,4,69,211
01/28/2017,SGF,MO,ACE,CE,Combined TRACON& Tower with Radar,12,28,33,0,73,0,1,30,5,36,12,29,63,5,109,28,0,28,137
01/29/2017,SGF,MO,ACE,CE,Combined TRACON& Tower with Radar,9,36,38,0,83,0,0,18,0,18,9,36,56,0,101,52,0,52,153
01/30/2017,SGF,MO,ACE,CE,Combined TRACON& Tower with Radar,11,45,21,0,77,0,0,31,0,31,11,45,52,0,108,46,0,46,154
01/31/2017,SGF,MO,ACE,CE,Combined TRACON& Tower with Radar,10,48,46,17,121,0,2,49,2,53,10,50,95,19,174,94,26,120,294
02/01/2017,SGF,MO,ACE,CE,Combined TRACON& Tower with Radar,14,40,31,3,88,0,1,26,14,41,14,41,57,17,129,32,22,54,183
02/02/2017,SGF,MO,ACE,CE,Combined TRACON& Tower with Radar,16,42,32,8,98,0,3,31,4,38,16,45,63,12,136,92,14,106,242
02/03/2017,SGF,MO,ACE,CE,Combined TRACON& Tower with Radar,14,46,29,50,139,0,0,33,13,46,14,46,62,63,185,60,68,128,313
02/04/2017,SGF,MO,ACE,CE,Combined TRACON& Tower with Radar,10,24,25,0,59,0,0,14,2,16,10,24,39,2,75,46,0,46,121
02/05/2017,SGF,MO,ACE,CE,Combined TRACON& Tower with Radar,9,33,19,0,61,0,2,33,0,35,9,35,52,0,96,60,0,60,156
02/06/2017,SGF,MO,ACE,CE,Combined TRACON& Tower with Radar,11,46,27,4,88,0,0,3,1,4,11,46,30,5,92,0,0,0,92
02/07/2017,SGF,MO,ACE,CE,Combined TRACON& Tower with Radar,12,45,40,10,107,0,0,35,7,42,12,45,75,17,149,50,2,52,201
02/08/2017,SGF,MO,ACE,CE,Combined TRACON& Tower with Radar,14,38,38,11,101,0,1,7,3,11,14,39,45,14,112,2,0,2,114
02/09/2017,SGF,MO,ACE,CE,Combined TRACON& Tower with Radar,16,47,33,1,97,0,2,29,7,38,16,49,62,8,135,52,0,52,187
02/10/2017,SGF,MO,ACE,CE,Combined TRACON& Tower with Radar,14,44,33,0,91,0,0,15,5,20,14,44,48,5,111,52,0,52,163
02/11/2017,SGF,MO,ACE,CE,Combined TRACON& Tower with Radar,10,27,34,1,72,0,0,43,3,46,10,27,77,4,118,102,0,102,220
02/12/2017,SGF,MO,ACE,CE,Combined TRACON& Tower with Radar,11,43,19,0,73,0,0,18,0,18,11,43,37,0,91,62,0,62,153
02/13/2017,SGF,MO,ACE,CE,Combined TRACON& Tower with Radar,12,47,33,0,92,0,0,47,0,47,12,47,80,0,139,0,0,0,139
02/14/2017,SGF,MO,ACE,CE,Combined TRACON& Tower with Radar,15,42,17,16,90,0,0,10,2,12,15,42,27,18,102,10,0,10,112
02/15/2017,SGF,MO,ACE,CE,Combined TRACON& Tower with Radar,14,47,56,0,117,0,2,32,12,46,14,49,88,12,163,36,0,36,199
02/16/2017,SGF,MO,ACE,CE,Combined TRACON& Tower with Radar,19,34,29,0,82,0,0,28,2,30,19,34,57,2,112,108,0,108,220
02/17/2017,SGF,MO,ACE,CE,Combined TRACON& Tower with Radar,16,42,28,0,86,0,0,44,0,44,16,42,72,0,130,14,0,14,144
02/18/2017,SGF,MO,ACE,CE,Combined TRACON& Tower with Radar,8,32,49,0,89,0,4,36,1,41,8,36,85,1,130,49,0,49,179
02/19/2017,SGF,MO,ACE,CE,Combined TRACON& Tower with Radar,9,33,13,19,74,0,1,34,0,35,9,34,47,19,109,42,38,80,189
02/20/2017,SGF,MO,ACE,CE,Combined TRACON& Tower with Radar,17,39,26,2,84,0,0,5,0,5,17,39,31,2,89,0,0,0,89
02/21/2017,SGF,MO,ACE,CE,Combined TRACON& Tower with Radar,12,49,52,11,124,0,2,2,0,4,12,51,54,11,128,0,0,0,128
02/22/2017,SGF,MO,ACE,CE,Combined TRACON& Tower with Radar,14,44,39,9,106,0,2,21,25,48,14,46,60,34,154,40,6,46,200
02/23/2017,SGF,MO,ACE,CE,Combined TRACON& Tower with Radar,18,42,44,7,111,0,1,47,15,63,18,43,91,22,174,32,0,32,206
02/24/2017,SGF,MO,ACE,CE,Combined TRACON& Tower with Radar,16,45,24,22,107,0,0,8,5,13,16,45,32,27,120,8,16,24,144
02/25/2017,SGF,MO,ACE,CE,Combined TRACON& Tower with Radar,10,29,21,1,61,0,2,36,1,39,10,31,57,2,100,24,0,24,124
02/26/2017,SGF,MO,ACE,CE,Combined TRACON& Tower with Radar,13,34,25,0,72,0,1,3,0,4,13,35,28,0,76,0,0,0,76
02/27/2017,SGF,MO,ACE,CE,Combined TRACON& Tower with Radar,15,48,28,24,115,0,0,8,6,14,15,48,36,30,129,2,34,36,165
02/28/2017,SGF,MO,ACE,CE,Combined TRACON& Tower with Radar,13,50,32,11,106,0,1,2,2,5,13,51,34,13,111,4,10,14,125
03/01/2017,SGF,MO,ACE,CE,Combined TRACON& Tower with Radar,15,48,31,33,127,0,4,21,6,31,15,52,52,39,158,35,66,101,259
03/02/2017,SGF,MO,ACE,CE,Combined TRACON& Tower with Radar,16,46,34,11,107,0,1,31,8,40,16,47,65,19,147,40,0,40,187
03/03/2017,SGF,MO,ACE,CE,Combined TRACON& Tower with Radar,18,46,30,11,105,0,0,28,8,36,18,46,58,19,141,20,12,32,173
03/04/2017,SGF,MO,ACE,CE,Combined TRACON& Tower with Radar,10,32,15,0,57,0,0,29,0,29,10,32,44,0,86,86,0,86,172
03/05/2017,SGF,MO,ACE,CE,Combined TRACON& Tower with Radar,11,35,21,0,67,0,1,7,0,8,11,36,28,0,75,0,0,0,75
03/06/2017,SGF,MO,ACE,CE,Combined TRACON& Tower with Radar,15,44,16,6,81,0,1,30,0,31,15,45,46,6,112,0,0,0,112
03/07/2017,SGF,MO,ACE,CE,Combined TRACON& Tower with Radar,18,46,27,7,98,0,0,10,0,10,18,46,37,7,108,18,0,18,126
03/08/2017,SGF,MO,ACE,CE,Combined TRACON& Tower with Radar,18,47,48,8,121,0,4,37,10,51,18,51,85,18,172,98,8,106,278
03/09/2017,SGF,MO,ACE,CE,Combined TRACON& Tower with Radar,17,45,44,0,106,0,2,22,4,28,17,47,66,4,134,74,14,88,222
03/10/2017,SGF,MO,ACE,CE,Combined TRACON& Tower with Radar,18,42,43,5,108,0,5,43,5,53,18,47,86,10,161,72,14,86,247
03/11/2017,SGF,MO,ACE,CE,Combined TRACON& Tower with Radar,13,28,11,0,52,0,3,35,2,40,13,31,46,2,92,28,0,28,120
03/12/2017,SGF,MO,ACE,CE,Combined TRACON& Tower with Radar,12,32,32,1,77,0,2,26,0,28,12,34,58,1,105,0,0,0,105
03/13/2017,SGF,MO,ACE,CE,Combined TRACON& Tower with Radar,17,38,24,12,91,0,1,0,2,3,17,39,24,14,94,0,28,28,122
03/14/2017,SGF,MO,ACE,CE,Combined TRACON& Tower with Radar,16,35,27,1,79,0,0,2,1,3,16,35,29,2,82,21,0,21,103
03/15/2017,SGF,MO,ACE,CE,Combined TRACON& Tower with Radar,20,39,41,0,100,0,2,21,7,30,20,41,62,7,130,0,0,0,130
03/16/2017,SGF,MO,ACE,CE,Combined TRACON& Tower with Radar,20,44,25,9,98,0,8,19,7,34,20,52,44,16,132,12,0,12,144
03/17/2017,SGF,MO,ACE,CE,Combined TRACON& Tower with Radar,16,41,28,2,87,0,1,3,0,4,16,42,31,2,91,10,0,10,101
03/18/2017,SGF,MO,ACE,CE,Combined TRACON& Tower with Radar,13,30,26,0,69,0,4,39,2,45,13,34,65,2,114,20,0,20,134
03/19/2017,SGF,MO,ACE,CE,Combined TRACON& Tower with Radar,12,35,20,0,67,0,0,10,0,10,12,35,30,0,77,24,0,24,101
03/20/2017,SGF,MO,ACE,CE,Combined TRACON& Tower with Radar,16,42,30,18,106,0,0,22,1,23,16,42,52,19,129,42,42,84,213
03/21/2017,SGF,MO,ACE,CE,Combined TRACON& Tower with Radar,18,44,32,3,97,0,2,15,1,18,18,46,47,4,115,0,0,0,115
03/22/2017,SGF,MO,ACE,CE,Combined TRACON& Tower with Radar,18,40,43,10,111,0,0,16,2,18,18,40,59,12,129,44,14,58,187
03/23/2017,SGF,MO,ACE,CE,Combined TRACON& Tower with Radar,18,43,34,19,114,0,0,7,8,15,18,43,41,27,129,62,44,106,235
03/24/2017,SGF,MO,ACE,CE,Combined TRACON& Tower with Radar,16,38,11,0,65,0,0,5,0,5,16,38,16,0,70,0,0,0,70
03/25/2017,SGF,MO,ACE,CE,Combined TRACON& Tower with Radar,11,30,20,0,61,0,0,0,0,0,11,30,20,0,61,0,0,0,61
03/26/2017,SGF,MO,ACE,CE,Combined TRACON& Tower with Radar,12,31,25,0,68,0,1,11,0,12,12,32,36,0,80,18,0,18,98
03/27/2017,SGF,MO,ACE,CE,Combined TRACON& Tower with Radar,17,37,34,4,92,0,0,0,0,0,17,37,34,4,92,0,0,0,92
03/28/2017,SGF,MO,ACE,CE,Combined TRACON& Tower with Radar,18,46,59,9,132,0,1,23,4,28,18,47,82,13,160,52,0,52,212
03/29/2017,SGF,MO,ACE,CE,Combined TRACON& Tower with Radar,16,41,30,10,97,0,1,2,0,3,16,42,32,10,100,6,0,6,106
03/30/2017,SGF,MO,ACE,CE,Combined TRACON& Tower with Radar,17,51,44,5,117,0,0,2,2,4,17,51,46,7,121,18,0,18,139
03/31/2017,SGF,MO,ACE,CE,Combined TRACON& Tower with Radar,20,42,55,19,136,0,0,6,2,8,20,42,61,21,144,12,20,32,176
04/01/2017,SGF,MO,ACE,CE,Combined TRACON& Tower with Radar,11,28,32,5,76,0,2,15,4,21,11,30,47,9,97,44,0,44,141
04/02/2017,SGF,MO,ACE,CE,Combined TRACON& Tower with Radar,10,37,32,0,79,0,0,3,0,3,10,37,35,0,82,8,0,8,90
04/03/2017,SGF,MO,ACE,CE,Combined TRACON& Tower with Radar,12,40,19,0,71,0,0,0,0,0,12,40,19,0,71,0,0,0,71
04/04/2017,SGF,MO,ACE,CE,Combined TRACON& Tower with Radar,21,37,48,0,106,0,1,7,7,15,21,38,55,7,121,18,0,18,139
04/05/2017,SGF,MO,ACE,CE,Combined TRACON& Tower with Radar,15,35,34,6,90,0,1,0,1,2,15,36,34,7,92,0,24,24,116
04/06/2017,SGF,MO,ACE,CE,Combined TRACON& Tower with Radar,18,39,44,6,107,0,8,29,13,50,18,47,73,19,157,16,0,16,173
04/07/2017,SGF,MO,ACE,CE,Combined TRACON& Tower with Radar,18,44,50,15,127,0,4,40,4,48,18,48,90,19,175,124,34,158,333
04/08/2017,SGF,MO,ACE,CE,Combined TRACON& Tower with Radar,14,28,24,0,66,0,1,27,2,30,14,29,51,2,96,0,0,0,96
04/09/2017,SGF,MO,ACE,CE,Combined TRACON& Tower with Radar,18,32,28,0,78,0,2,14,0,16,18,34,42,0,94,0,0,0,94
04/10/2017,SGF,MO,ACE,CE,Combined TRACON& Tower with Radar,17,34,22,10,83,0,0,16,0,16,17,34,38,10,99,62,12,74,173
04/11/2017,SGF,MO,ACE,CE,Combined TRACON& Tower with Radar,16,41,39,11,107,0,0,34,4,38,16,41,73,15,145,28,28,56,201
04/12/2017,SGF,MO,ACE,CE,Combined TRACON& Tower with Radar,16,41,55,30,142,0,3,46,4,53,16,44,101,34,195,52,0,52,247
04/13/2017,SGF,MO,ACE,CE,Combined TRACON& Tower with Radar,20,44,39,5,108,0,1,20,6,27,20,45,59,11,135,54,0,54,189
04/14/2017,SGF,MO,ACE,CE,Combined TRACON& Tower with Radar,18,52,33,0,103,0,6,19,2,27,18,58,52,2,130,36,0,36,166
04/15/2017,SGF,MO,ACE,CE,Combined TRACON& Tower with Radar,13,27,13,0,53,0,0,7,0,7,13,27,20,0,60,0,0,0,60
04/16/2017,SGF,MO,ACE,CE,Combined TRACON& Tower with Radar,14,32,12,0,58,0,2,3,0,5,14,34,15,0,63,0,0,0,63
04/17/2017,SGF,MO,ACE,CE,Combined TRACON& Tower with Radar,17,36,34,3,90,0,1,4,1,6,17,37,38,4,96,28,0,28,124
04/18/2017,SGF,MO,ACE,CE,Combined TRACON& Tower with Radar,14,40,55,18,127,0,2,24,2,28,14,42,79,20,155,56,0,56,211
04/19/2017,SGF,MO,ACE,CE,Combined TRACON& Tower with Radar,18,41,41,15,115,0,2,35,9,46,18,43,76,24,161,43,18,61,222
04/20/2017,SGF,MO,ACE,CE,Combined TRACON& Tower with Radar,24,43,26,0,93,0,4,4,4,12,24,47,30,4,105,38,18,56,161
04/21/2017,SGF,MO,ACE,CE,Combined TRACON& Tower with Radar,18,41,11,0,70,0,1,0,0,1,18,42,11,0,71,0,0,0,71
04/22/2017,SGF,MO,ACE,CE,Combined TRACON& Tower with Radar,13,28,15,0,56,0,1,1,0,2,13,29,16,0,58,0,0,0,58
04/23/2017,SGF,MO,ACE,CE,Combined TRACON& Tower with Radar,16,40,29,1,86,0,0,44,3,47,16,40,73,4,133,34,0,34,167
04/24/2017,SGF,MO,ACE,CE,Combined TRACON& Tower with Radar,17,34,34,2,87,0,4,24,2,30,17,38,58,4,117,15,0,15,132
04/25/2017,SGF,MO,ACE,CE,Combined TRACON& Tower with Radar,16,37,50,2,105,0,2,14,2,18,16,39,64,4,123,22,0,22,145
04/26/2017,SGF,MO,ACE,CE,Combined TRACON& Tower with Radar,18,46,25,0,89,0,1,0,0,1,18,47,25,0,90,0,0,0,90
04/27/2017,SGF,MO,ACE,CE,Combined TRACON& Tower with Radar,20,40,49,18,127,0,1,30,6,37,20,41,79,24,164,32,26,58,222
04/28/2017,SGF,MO,ACE,CE,Combined TRACON& Tower with Radar,18,42,23,0,83,0,0,3,1,4,18,42,26,1,87,0,0,0,87
04/29/2017,SGF,MO,ACE,CE,Combined TRACON& Tower with Radar,6,25,6,0,37,0,0,0,0,0,6,25,6,0,37,0,0,0,37
04/30/2017,SGF,MO,ACE,CE,Combined TRACON& Tower with Radar,13,35,23,2,73,0,2,7,0,9,13,37,30,2,82,0,0,0,82
05/01/2017,SGF,MO,ACE,CE,Combined TRACON& Tower with Radar,15,40,38,0,93,0,0,6,6,12,15,40,44,6,105,0,0,0,105
05/02/2017,SGF,MO,ACE,CE,Combined TRACON& Tower with Radar,12,40,49,16,117,0,6,32,8,46,12,46,81,24,163,46,8,54,217
05/03/2017,SGF,MO,ACE,CE,Combined TRACON& Tower with Radar,18,40,25,2,85,0,1,2,0,3,18,41,27,2,88,4,0,4,92
05/04/2017,SGF,MO,ACE,CE,Combined TRACON& Tower with Radar,18,45,30,3,96,0,2,25,9,36,18,47,55,12,132,20,0,20,152
05/05/2017,SGF,MO,ACE,CE,Combined TRACON& Tower with Radar,30,44,57,18,149,0,0,41,6,47,30,44,98,24,196,42,14,56,252
05/06/2017,SGF,MO,ACE,CE,Combined TRACON& Tower with Radar,15,28,28,0,71,0,2,32,0,34,15,30,60,0,105,18,0,18,123
05/07/2017,SGF,MO,ACE,CE,Combined TRACON& Tower with Radar,20,35,27,0,82,0,2,36,0,38,20,37,63,0,120,0,0,0,120
05/08/2017,SGF,MO,ACE,CE,Combined TRACON& Tower with Radar,18,45,44,2,109,0,0,29,1,30,18,45,73,3,139,60,16,76,215
05/09/2017,SGF,MO,ACE,CE,Combined TRACON& Tower with Radar,19,45,44,1,109,0,2,31,3,36,19,47,75,4,145,62,0,62,207
05/10/2017,SGF,MO,ACE,CE,Combined TRACON& Tower with Radar,21,54,46,4,125,0,2,20,6,28,21,56,66,10,153,17,0,17,170
05/11/2017,SGF,MO,ACE,CE,Combined TRACON& Tower with Radar,23,43,33,0,99,0,0,9,6,15,23,43,42,6,114,0,0,0,114
05/12/2017,SGF,MO,ACE,CE,Combined TRACON& Tower with Radar,22,36,35,2,95,0,5,20,3,28,22,41,55,5,123,0,0,0,123
05/13/2017,SGF,MO,ACE,CE,Combined TRACON& Tower with Radar,16,29,24,0,69,0,3,30,0,33,16,32,54,0,102,11,0,11,113
05/14/2017,SGF,MO,ACE,CE,Combined TRACON& Tower with Radar,18,30,15,0,63,0,0,26,0,26,18,30,41,0,89,15,0,15,104
05/15/2017,SGF,MO,ACE,CE,Combined TRACON& Tower with Radar,19,40,41,0,100,0,2,31,0,33,19,42,72,0,133,67,0,67,200
05/16/2017,SGF,MO,ACE,CE,Combined TRACON& Tower with Radar,21,43,47,16,127,0,1,22,4,27,21,44,69,20,154,32,0,32,186
05/17/2017,SGF,MO,ACE,CE,Combined TRACON& Tower with Radar,22,42,40,0,104,0,3,9,4,16,22,45,49,4,120,14,0,14,134
05/18/2017,SGF,MO,ACE,CE,Combined TRACON& Tower with Radar,21,47,47,4,119,0,0,28,6,34,21,47,75,10,153,24,0,24,177
05/19/2017,SGF,MO,ACE,CE,Combined TRACON& Tower with Radar,22,42,24,0,88,0,1,5,4,10,22,43,29,4,98,28,0,28,126
05/20/2017,SGF,MO,ACE,CE,Combined TRACON& Tower with Radar,21,27,20,0,68,0,1,7,2,10,21,28,27,2,78,2,0,2,80
05/21/2017,SGF,MO,ACE,CE,Combined TRACON& Tower with Radar,17,32,24,0,73,0,2,26,0,28,17,34,50,0,101,22,0,22,123
05/22/2017,SGF,MO,ACE,CE,Combined TRACON& Tower with Radar,21,43,39,31,134,0,1,35,2,38,21,44,74,33,172,63,4,67,239
05/23/2017,SGF,MO,ACE,CE,Combined TRACON& Tower with Radar,27,35,27,17,106,0,0,12,5,17,27,35,39,22,123,24,19,43,166
05/24/2017,SGF,MO,ACE,CE,Combined TRACON& Tower with Radar,21,40,38,0,99,0,6,10,7,23,21,46,48,7,122,13,0,13,135
05/25/2017,SGF,MO,ACE,CE,Combined TRACON& Tower with Radar,25,45,37,10,117,0,13,32,10,55,25,58,69,20,172,54,4,58,230
05/26/2017,SGF,MO,ACE,CE,Combined TRACON& Tower with Radar,22,46,30,0,98,0,0,25,0,25,22,46,55,0,123,55,0,55,178
05/27/2017,SGF,MO,ACE,CE,Combined TRACON& Tower with Radar,20,32,12,0,64,0,1,5,0,6,20,33,17,0,70,60,0,60,130
05/28/2017,SGF,MO,ACE,CE,Combined TRACON& Tower with Radar,15,30,13,0,58,0,1,15,0,16,15,31,28,0,74,6,0,6,80
05/29/2017,SGF,MO,ACE,CE,Combined TRACON& Tower with Radar,18,39,19,0,76,0,0,20,0,20,18,39,39,0,96,54,0,54,150
05/30/2017,SGF,MO,ACE,CE,Combined TRACON& Tower with Radar,23,48,41,0,112,0,0,31,6,37,23,48,72,6,149,76,0,76,225
05/31/2017,SGF,MO,ACE,CE,Combined TRACON& Tower with Radar,21,36,33,2,92,0,7,10,4,21,21,43,43,6,113,6,0,6,119
06/01/2017,SGF,MO,ACE,CE,Combined TRACON& Tower with Radar,29,36,31,1,97,0,2,21,7,30,29,38,52,8,127,29,0,29,156
06/02/2017,SGF,MO,ACE,CE,Combined TRACON& Tower with Radar,26,35,40,3,104,0,5,28,2,35,26,40,68,5,139,50,8,58,197
06/03/2017,SGF,MO,ACE,CE,Combined TRACON& Tower with Radar,23,24,24,8,79,0,1,11,1,13,23,25,35,9,92,40,0,40,132
06/04/2017,SGF,MO,ACE,CE,Combined TRACON& Tower with Radar,24,28,30,0,82,0,2,8,0,10,24,30,38,0,92,48,0,48,140
06/05/2017,SGF,MO,ACE,CE,Combined TRACON& Tower with Radar,27,36,34,4,101,0,2,21,0,23,27,38,55,4,124,64,0,64,188
06/06/2017,SGF,MO,ACE,CE,Combined TRACON& Tower with Radar,34,30,36,1,101,0,8,37,5,50,34,38,73,6,151,57,0,57,208
06/07/2017,SGF,MO,ACE,CE,Combined TRACON& Tower with Radar,26,30,34,10,100,0,3,34,13,50,26,33,68,23,150,0,0,0,150
06/08/2017,SGF,MO,ACE,CE,Combined TRACON& Tower with Radar,30,46,52,2,130,0,1,35,7,43,30,47,87,9,173,43,0,43,216
06/09/2017,SGF,MO,ACE,CE,Combined TRACON& Tower with Radar,26,45,44,14,129,0,0,26,4,30,26,45,70,18,159,51,21,72,231
06/10/2017,SGF,MO,ACE,CE,Combined TRACON& Tower with Radar,23,35,14,8,80,0,2,20,0,22,23,37,34,8,102,6,0,6,108
06/11/2017,SGF,MO,ACE,CE,Combined TRACON& Tower with Radar,27,33,17,0,77,0,0,13,0,13,27,33,30,0,90,0,0,0,90
06/12/2017,SGF,MO,ACE,CE,Combined TRACON& Tower with Radar,31,37,29,0,97,0,2,30,0,32,31,39,59,0,129,29,0,29,158
06/13/2017,SGF,MO,ACE,CE,Combined TRACON& Tower with Radar,34,43,46,3,126,0,2,31,5,38,34,45,77,8,164,70,0,70,234
06/14/2017,SGF,MO,ACE,CE,Combined TRACON& Tower with Radar,30,45,29,12,116,0,0,38,2,40,30,45,67,14,156,66,8,74,230
06/15/2017,SGF,MO,ACE,CE,Combined TRACON& Tower with Radar,35,41,37,2,115,0,3,22,2,27,35,44,59,4,142,62,0,62,204
06/16/2017,SGF,MO,ACE,CE,Combined TRACON& Tower with Radar,30,42,46,0,118,0,1,34,2,37,30,43,80,2,155,80,0,80,235
06/17/2017,SGF,MO,ACE,CE,Combined TRACON& Tower with Radar,27,27,15,9,78,1,4,26,7,38,28,31,41,16,116,33,0,33,149
06/18/2017,SGF,MO,ACE,CE,Combined TRACON& Tower with Radar,30,28,17,0,75,0,1,15,2,18,30,29,32,2,93,2,0,2,95
06/19/2017,SGF,MO,ACE,CE,Combined TRACON& Tower with Radar,29,35,25,0,89,0,5,32,4,41,29,40,57,4,130,77,0,77,207
06/20/2017,SGF,MO,ACE,CE,Combined TRACON& Tower with Radar,34,34,32,0,100,1,5,24,2,32,35,39,56,2,132,54,0,54,186
06/21/2017,SGF,MO,ACE,CE,Combined TRACON& Tower with Radar,28,41,41,10,120,0,1,60,6,67,28,42,101,16,187,42,0,42,229
06/22/2017,SGF,MO,ACE,CE,Combined TRACON& Tower with Radar,34,44,48,1,127,0,2,7,3,12,34,46,55,4,139,0,0,0,139
06/23/2017,SGF,MO,ACE,CE,Combined TRACON& Tower with Radar,29,40,20,0,89,0,5,15,2,22,29,45,35,2,111,26,0,26,137
06/24/2017,SGF,MO,ACE,CE,Combined TRACON& Tower with Radar,27,35,19,1,82,0,5,20,3,28,27,40,39,4,110,30,2,32,142
06/25/2017,SGF,MO,ACE,CE,Combined TRACON& Tower with Radar,33,31,26,1,91,0,0,24,5,29,33,31,50,6,120,6,0,6,126
06/26/2017,SGF,MO,ACE,CE,Combined TRACON& Tower with Radar,27,41,22,0,90,0,1,9,2,12,27,42,31,2,102,10,0,10,112
06/27/2017,SGF,MO,ACE,CE,Combined TRACON& Tower with Radar,38,39,27,3,107,0,6,38,9,53,38,45,65,12,160,6,0,6,166
06/28/2017,SGF,MO,ACE,CE,Combined TRACON& Tower with Radar,27,47,39,30,143,0,1,22,7,30,27,48,61,37,173,14,14,28,201
06/29/2017,SGF,MO,ACE,CE,Combined TRACON& Tower with Radar,34,37,42,2,115,0,0,21,7,28,34,37,63,9,143,56,12,68,211
06/30/2017,SGF,MO,ACE,CE,Combined TRACON& Tower with Radar,32,41,27,0,100,0,4,15,0,19,32,45,42,0,119,18,0,18,137
07/01/2017,SGF,MO,ACE,CE,Combined TRACON& Tower with Radar,32,28,28,0,88,0,3,20,0,23,32,31,48,0,111,42,0,42,153
07/02/2017,SGF,MO,ACE,CE,Combined TRACON& Tower with Radar,26,30,9,0,65,0,3,13,0,16,26,33,22,0,81,0,0,0,81
07/03/2017,SGF,MO,ACE,CE,Combined TRACON& Tower with Radar,31,31,15,0,77,0,3,14,0,17,31,34,29,0,94,0,0,0,94
07/04/2017,SGF,MO,ACE,CE,Combined TRACON& Tower with Radar,26,22,9,0,57,0,1,9,0,10,26,23,18,0,67,4,0,4,71
07/05/2017,SGF,MO,ACE,CE,Combined TRACON& Tower with Radar,32,32,33,2,99,0,0,7,0,7,32,32,40,2,106,8,0,8,114
07/06/2017,SGF,MO,ACE,CE,Combined TRACON& Tower with Radar,37,36,43,1,117,0,6,18,5,29,37,42,61,6,146,14,0,14,160
07/07/2017,SGF,MO,ACE,CE,Combined TRACON& Tower with Radar,36,32,33,0,101,0,2,21,2,25,36,34,54,2,126,65,0,65,191
07/08/2017,SGF,MO,ACE,CE,Combined TRACON& Tower with Radar,30,24,19,0,73,0,0,31,0,31,30,24,50,0,104,4,0,4,108
07/09/2017,SGF,MO,ACE,CE,Combined TRACON& Tower with Radar,34,32,18,0,84,0,2,19,0,21,34,34,37,0,105,14,0,14,119
07/10/2017,SGF,MO,ACE,CE,Combined TRACON& Tower with Radar,31,34,43,11,119,0,2,25,0,27,31,36,68,11,146,38,10,48,194
07/11/2017,SGF,MO,ACE,CE,Combined TRACON& Tower with Radar,39,39,36,25,139,0,3,24,3,30,39,42,60,28,169,33,22,55,224
07/12/2017,SGF,MO,ACE,CE,Combined TRACON& Tower with Radar,30,30,43,1,104,0,4,34,9,47,30,34,77,10,151,29,0,29,180
07/13/2017,SGF,MO,ACE,CE,Combined TRACON& Tower with Radar,38,37,45,8,128,0,0,37,9,46,38,37,82,17,174,58,4,62,236
07/14/2017,SGF,MO,ACE,CE,Combined TRACON& Tower with Radar,31,40,47,0,118,0,2,17,7,26,31,42,64,7,144,37,0,37,181
07/15/2017,SGF,MO,ACE,CE,Combined TRACON& Tower with Radar,32,24,22,0,78,0,2,34,6,42,32,26,56,6,120,0,0,0,120
07/16/2017,SGF,MO,ACE,CE,Combined TRACON& Tower with Radar,33,31,23,0,87,0,2,21,2,25,33,33,44,2,112,9,0,9,121
07/17/2017,SGF,MO,ACE,CE,Combined TRACON& Tower with Radar,34,37,25,10,106,0,2,26,0,28,34,39,51,10,134,20,0,20,154
07/18/2017,SGF,MO,ACE,CE,Combined TRACON& Tower with Radar,36,45,42,0,123,0,1,36,4,41,36,46,78,4,164,88,0,88,252
07/19/2017,SGF,MO,ACE,CE,Combined TRACON& Tower with Radar,32,35,60,3,130,0,0,25,5,30,32,35,85,8,160,24,0,24,184
07/20/2017,SGF,MO,ACE,CE,Combined TRACON& Tower with Radar,40,31,59,14,144,0,4,43,10,57,40,35,102,24,201,82,36,118,319
07/21/2017,SGF,MO,ACE,CE,Combined TRACON& Tower with Radar,33,34,27,8,102,0,4,35,0,39,33,38,62,8,141,35,4,39,180
07/22/2017,SGF,MO,ACE,CE,Combined TRACON& Tower with Radar,30,23,27,0,80,0,0,30,0,30,30,23,57,0,110,17,0,17,127
07/23/2017,SGF,MO,ACE,CE,Combined TRACON& Tower with Radar,35,27,23,0,85,0,2,19,0,21,35,29,42,0,106,0,0,0,106
07/24/2017,SGF,MO,ACE,CE,Combined TRACON& Tower with Radar,35,38,53,2,128,0,3,16,0,19,35,41,69,2,147,36,0,36,183
07/25/2017,SGF,MO,ACE,CE,Combined TRACON& Tower with Radar,35,35,49,2,121,0,0,25,4,29,35,35,74,6,150,26,0,26,176
07/26/2017,SGF,MO,ACE,CE,Combined TRACON& Tower with Radar,28,34,53,0,115,0,0,29,4,33,28,34,82,4,148,64,0,64,212
07/27/2017,SGF,MO,ACE,CE,Combined TRACON& Tower with Radar,42,33,47,6,128,0,0,22,4,26,42,33,69,10,154,4,0,4,158
07/28/2017,SGF,MO,ACE,CE,Combined TRACON& Tower with Radar,34,34,32,11,111,0,1,37,3,41,34,35,69,14,152,4,0,4,156
07/29/2017,SGF,MO,ACE,CE,Combined TRACON& Tower with Radar,28,26,30,17,101,0,0,39,1,40,28,26,69,18,141,16,0,16,157
07/30/2017,SGF,MO,ACE,CE,Combined TRACON& Tower with Radar,34,30,24,0,88,0,0,34,0,34,34,30,58,0,122,12,0,12,134
07/31/2017,SGF,MO,ACE,CE,Combined TRACON& Tower with Radar,34,33,30,0,97,0,4,28,0,32,34,37,58,0,129,24,0,24,153
08/01/2017,SGF,MO,ACE,CE,Combined TRACON& Tower with Radar,35,29,37,4,105,0,2,24,6,32,35,31,61,10,137,22,4,26,163
08/02/2017,SGF,MO,ACE,CE,Combined TRACON& Tower with Radar,31,34,36,15,116,0,2,19,5,26,31,36,55,20,142,40,8,48,190
08/03/2017,SGF,MO,ACE,CE,Combined TRACON& Tower with Radar,35,30,47,0,112,0,0,17,8,25,35,30,64,8,137,59,0,59,196
08/04/2017,SGF,MO,ACE,CE,Combined TRACON& Tower with Radar,35,39,27,18,119,0,2,32,0,34,35,41,59,18,153,17,24,41,194
08/05/2017,SGF,MO,ACE,CE,Combined TRACON& Tower with Radar,31,24,11,0,66,0,6,7,0,13,31,30,18,0,79,0,0,0,79
08/06/2017,SGF,MO,ACE,CE,Combined TRACON& Tower with Radar,34,29,13,0,76,0,1,0,0,1,34,30,13,0,77,0,0,0,77
08/07/2017,SGF,MO,ACE,CE,Combined TRACON& Tower with Radar,33,34,41,2,110,0,2,14,0,16,33,36,55,2,126,0,0,0,126
08/08/2017,SGF,MO,ACE,CE,Combined TRACON& Tower with Radar,34,31,43,0,108,0,2,18,2,22,34,33,61,2,130,50,0,50,180
08/09/2017,SGF,MO,ACE,CE,Combined TRACON& Tower with Radar,30,31,34,3,98,0,4,43,8,55,30,35,77,11,153,43,2,45,198
08/10/2017,SGF,MO,ACE,CE,Combined TRACON& Tower with Radar,38,31,28,1,98,0,6,9,4,19,38,37,37,5,117,8,0,8,125
08/11/2017,SGF,MO,ACE,CE,Combined TRACON& Tower with Radar,34,32,12,0,78,0,2,7,4,13,34,34,19,4,91,24,0,24,115
08/12/2017,SGF,MO,ACE,CE,Combined TRACON& Tower with Radar,21,28,27,0,76,0,1,31,2,34,21,29,58,2,110,23,0,23,133
08/13/2017,SGF,MO,ACE,CE,Combined TRACON& Tower with Radar,32,36,13,0,81,0,0,5,0,5,32,36,18,0,86,0,0,0,86
08/14/2017,SGF,MO,ACE,CE,Combined TRACON& Tower with Radar,33,36,29,46,144,0,0,9,2,11,33,36,38,48,155,69,0,69,224
08/15/2017,SGF,MO,ACE,CE,Combined TRACON& Tower with Radar,36,36,69,30,171,0,1,19,0,20,36,37,88,30,191,39,2,41,232
08/16/2017,SGF,MO,ACE,CE,Combined TRACON& Tower with Radar,34,38,28,2,102,0,2,11,6,19,34,40,39,8,121,10,0,10,131
08/17/2017,SGF,MO,ACE,CE,Combined TRACON& Tower with Radar,34,36,50,12,132,0,3,18,3,24,34,39,68,15,156,2,0,2,158
08/18/2017,SGF,MO,ACE,CE,Combined TRACON& Tower with Radar,32,40,43,2,117,0,0,38,2,40,32,40,81,4,157,32,0,32,189
08/19/2017,SGF,MO,ACE,CE,Combined TRACON& Tower with Radar,30,23,25,0,78,0,3,20,0,23,30,26,45,0,101,12,0,12,113
08/20/2017,SGF,MO,ACE,CE,Combined TRACON& Tower with Radar,31,27,41,0,99,0,2,31,0,33,31,29,72,0,132,6,0,6,138
08/21/2017,SGF,MO,ACE,CE,Combined TRACON& Tower with Radar,37,27,42,4,110,0,0,39,0,39,37,27,81,4,149,6,0,6,155
08/22/2017,SGF,MO,ACE,CE,Combined TRACON& Tower with Radar,37,34,31,4,106,0,2,17,4,23,37,36,48,8,129,20,0,20,149
08/23/2017,SGF,MO,ACE,CE,Combined TRACON& Tower with Radar,35,30,54,10,129,0,2,38,11,51,35,32,92,21,180,17,20,37,217
08/24/2017,SGF,MO,ACE,CE,Combined TRACON& Tower with Radar,40,29,49,0,118,0,5,41,6,52,40,34,90,6,170,13,0,13,183
08/25/2017,SGF,MO,ACE,CE,Combined TRACON& Tower with Radar,37,30,41,12,120,0,4,48,5,57,37,34,89,17,177,30,5,35,212
08/26/2017,SGF,MO,ACE,CE,Combined TRACON& Tower with Radar,33,21,30,0,84,0,0,57,0,57,33,21,87,0,141,56,0,56,197
08/27/2017,SGF,MO,ACE,CE,Combined TRACON& Tower with Radar,32,23,14,2,71,0,0,13,2,15,32,23,27,4,86,2,0,2,88
08/28/2017,SGF,MO,ACE,CE,Combined TRACON& Tower with Radar,34,30,24,0,88,0,1,20,2,23,34,31,44,2,111,28,0,28,139
08/29/2017,SGF,MO,ACE,CE,Combined TRACON& Tower with Radar,39,30,46,1,116,0,0,42,4,46,39,30,88,5,162,4,0,4,166
08/30/2017,SGF,MO,ACE,CE,Combined TRACON& Tower with Radar,36,27,55,4,122,0,0,25,6,31,36,27,80,10,153,4,0,4,157
08/31/2017,SGF,MO,ACE,CE,Combined TRACON& Tower with Radar,38,37,53,1,129,0,1,42,5,48,38,38,95,6,177,23,0,23,200
09/01/2017,SGF,MO,ACE,CE,Combined TRACON& Tower with Radar,34,32,44,0,110,0,1,29,2,32,34,33,73,2,142,12,0,12,154
09/02/2017,SGF,MO,ACE,CE,Combined TRACON& Tower with Radar,31,29,13,0,73,0,3,46,0,49,31,32,59,0,122,76,0,76,198
09/03/2017,SGF,MO,ACE,CE,Combined TRACON& Tower with Radar,24,17,23,0,64,0,3,23,0,26,24,20,46,0,90,18,0,18,108
09/04/2017,SGF,MO,ACE,CE,Combined TRACON& Tower with Radar,33,28,17,0,78,0,4,14,0,18,33,32,31,0,96,18,0,18,114
09/05/2017,SGF,MO,ACE,CE,Combined TRACON& Tower with Radar,32,27,40,25,124,0,2,19,0,21,32,29,59,25,145,0,0,0,145
09/06/2017,SGF,MO,ACE,CE,Combined TRACON& Tower with Radar,31,26,54,1,112,0,1,31,3,35,31,27,85,4,147,3,0,3,150
09/07/2017,SGF,MO,ACE,CE,Combined TRACON& Tower with Radar,39,31,39,10,119,0,7,35,4,46,39,38,74,14,165,8,0,8,173
09/08/2017,SGF,MO,ACE,CE,Combined TRACON& Tower with Radar,33,30,54,1,118,0,2,31,4,37,33,32,85,5,155,39,0,39,194
09/09/2017,SGF,MO,ACE,CE,Combined TRACON& Tower with Radar,31,25,27,0,83,0,0,32,2,34,31,25,59,2,117,12,0,12,129
09/10/2017,SGF,MO,ACE,CE,Combined TRACON& Tower with Radar,28,29,19,0,76,0,0,13,0,13,28,29,32,0,89,0,0,0,89
09/11/2017,SGF,MO,ACE,CE,Combined TRACON& Tower with Radar,21,34,34,6,95,0,4,31,0,35,21,38,65,6,130,25,10,35,165
09/12/2017,SGF,MO,ACE,CE,Combined TRACON& Tower with Radar,31,34,48,1,114,0,0,17,1,18,31,34,65,2,132,0,0,0,132
09/13/2017,SGF,MO,ACE,CE,Combined TRACON& Tower with Radar,34,30,52,0,116,0,3,44,13,60,34,33,96,13,176,33,0,33,209
09/14/2017,SGF,MO,ACE,CE,Combined TRACON& Tower with Radar,37,35,45,14,131,0,4,53,10,67,37,39,98,24,198,24,15,39,237
09/15/2017,SGF,MO,ACE,CE,Combined TRACON& Tower with Radar,33,33,56,24,146,0,2,41,6,49,33,35,97,30,195,22,20,42,237
09/16/2017,SGF,MO,ACE,CE,Combined TRACON& Tower with Radar,30,28,22,0,80,0,1,35,0,36,30,29,57,0,116,22,0,22,138
09/17/2017,SGF,MO,ACE,CE,Combined TRACON& Tower with Radar,32,32,20,0,84,0,0,3,0,3,32,32,23,0,87,0,0,0,87
09/18/2017,SGF,MO,ACE,CE,Combined TRACON& Tower with Radar,34,30,38,0,102,0,5,18,2,25,34,35,56,2,127,6,0,6,133
09/19/2017,SGF,MO,ACE,CE,Combined TRACON& Tower with Radar,29,31,28,3,91,0,0,23,6,29,29,31,51,9,120,23,0,23,143
09/20/2017,SGF,MO,ACE,CE,Combined TRACON& Tower with Radar,36,45,114,1,196,0,5,25,7,37,36,50,139,8,233,37,0,37,270
09/21/2017,SGF,MO,ACE,CE,Combined TRACON& Tower with Radar,38,36,92,12,178,0,1,30,8,39,38,37,122,20,217,44,0,44,261
09/22/2017,SGF,MO,ACE,CE,Combined TRACON& Tower with Radar,34,34,38,1,107,0,4,39,6,49,34,38,77,7,156,62,0,62,218
09/23/2017,SGF,MO,ACE,CE,Combined TRACON& Tower with Radar,30,27,30,0,87,0,2,21,1,24,30,29,51,1,111,40,0,40,151
09/24/2017,SGF,MO,ACE,CE,Combined TRACON& Tower with Radar,34,26,23,0,83,0,0,14,0,14,34,26,37,0,97,1,0,1,98
09/25/2017,SGF,MO,ACE,CE,Combined TRACON& Tower with Radar,33,33,34,9,109,0,2,38,2,42,33,35,72,11,151,72,0,72,223
09/26/2017,SGF,MO,ACE,CE,Combined TRACON& Tower with Radar,29,35,50,20,134,0,0,26,10,36,29,35,76,30,170,34,14,48,218
09/27/2017,SGF,MO,ACE,CE,Combined TRACON& Tower with Radar,35,32,61,1,129,0,3,6,4,13,35,35,67,5,142,11,0,11,153
09/28/2017,SGF,MO,ACE,CE,Combined TRACON& Tower with Radar,37,35,60,12,144,0,6,56,6,68,37,41,116,18,212,41,6,47,259
09/29/2017,SGF,MO,ACE,CE,Combined TRACON& Tower with Radar,35,36,46,21,138,0,2,47,2,51,35,38,93,23,189,66,8,74,263
09/30/2017,SGF,MO,ACE,CE,Combined TRACON& Tower with Radar,33,29,15,0,77,0,2,26,2,30,33,31,41,2,107,19,0,19,126
10/01/2017,SGF,MO,ACE,CE,Combined TRACON& Tower with Radar,37,24,28,0,89,0,0,32,0,32,37,24,60,0,121,2,0,2,123
10/02/2017,SGF,MO,ACE,CE,Combined TRACON& Tower with Radar,33,31,37,10,111,0,0,29,1,30,33,31,66,11,141,46,0,46,187
10/03/2017,SGF,MO,ACE,CE,Combined TRACON& Tower with Radar,33,30,31,1,95,0,0,6,1,7,33,30,37,2,102,0,0,0,102
10/04/2017,SGF,MO,ACE,CE,Combined TRACON& Tower with Radar,35,32,48,3,118,0,0,9,1,10,35,32,57,4,128,100,2,102,230
10/05/2017,SGF,MO,ACE,CE,Combined TRACON& Tower with Radar,39,38,45,25,147,0,0,22,2,24,39,38,67,27,171,81,22,103,274
10/06/2017,SGF,MO,ACE,CE,Combined TRACON& Tower with Radar,35,37,47,2,121,0,0,23,0,23,35,37,70,2,144,123,0,123,267
10/07/2017,SGF,MO,ACE,CE,Combined TRACON& Tower with Radar,33,24,12,2,71,0,3,14,0,17,33,27,26,2,88,22,0,22,110
10/08/2017,SGF,MO,ACE,CE,Combined TRACON& Tower with Radar,33,26,16,0,75,0,2,15,1,18,33,28,31,1,93,0,0,0,93
10/09/2017,SGF,MO,ACE,CE,Combined TRACON& Tower with Radar,38,31,48,0,117,0,0,24,1,25,38,31,72,1,142,76,0,76,218
10/10/2017,SGF,MO,ACE,CE,Combined TRACON& Tower with Radar,38,37,28,5,108,0,0,2,0,2,38,37,30,5,110,0,0,0,110
10/11/2017,SGF,MO,ACE,CE,Combined TRACON& Tower with Radar,37,41,56,5,139,0,1,6,1,8,37,42,62,6,147,0,0,0,147
10/12/2017,SGF,MO,ACE,CE,Combined TRACON& Tower with Radar,39,31,52,22,144,0,5,34,10,49,39,36,86,32,193,38,16,54,247
10/13/2017,SGF,MO,ACE,CE,Combined TRACON& Tower with Radar,35,34,36,0,105,0,3,37,7,47,35,37,73,7,152,103,0,103,255
10/14/2017,SGF,MO,ACE,CE,Combined TRACON& Tower with Radar,31,23,22,0,76,0,1,13,4,18,31,24,35,4,94,1,0,1,95
10/15/2017,SGF,MO,ACE,CE,Combined TRACON& Tower with Radar,34,29,31,2,96,0,1,5,0,6,34,30,36,2,102,0,0,0,102
10/16/2017,SGF,MO,ACE,CE,Combined TRACON& Tower with Radar,35,32,40,8,115,0,2,34,0,36,35,34,74,8,151,17,0,17,168
10/17/2017,SGF,MO,ACE,CE,Combined TRACON& Tower with Radar,34,31,31,0,96,0,4,29,2,35,34,35,60,2,131,48,0,48,179
10/18/2017,SGF,MO,ACE,CE,Combined TRACON& Tower with Radar,36,31,49,10,126,0,3,31,6,40,36,34,80,16,166,59,4,63,229
10/19/2017,SGF,MO,ACE,CE,Combined TRACON& Tower with Radar,37,32,63,1,133,0,4,28,9,41,37,36,91,10,174,88,0,88,262
10/20/2017,SGF,MO,ACE,CE,Combined TRACON& Tower with Radar,38,37,39,0,114,0,2,38,0,40,38,39,77,0,154,18,0,18,172
10/21/2017,SGF,MO,ACE,CE,Combined TRACON& Tower with Radar,34,24,12,0,70,0,1,13,0,14,34,25,25,0,84,20,0,20,104
10/22/2017,SGF,MO,ACE,CE,Combined TRACON& Tower with Radar,33,26,29,1,89,0,1,11,1,13,33,27,40,2,102,0,0,0,102
10/23/2017,SGF,MO,ACE,CE,Combined TRACON& Tower with Radar,35,28,29,0,92,0,1,21,0,22,35,29,50,0,114,14,0,14,128
10/24/2017,SGF,MO,ACE,CE,Combined TRACON& Tower with Radar,39,42,46,4,131,0,0,8,3,11,39,42,54,7,142,8,7,15,157
10/25/2017,SGF,MO,ACE,CE,Combined TRACON& Tower with Radar,34,33,35,4,106,0,3,22,7,32,34,36,57,11,138,28,0,28,166
10/26/2017,SGF,MO,ACE,CE,Combined TRACON& Tower with Radar,38,32,46,0,116,0,4,18,12,34,38,36,64,12,150,12,0,12,162
10/27/2017,SGF,MO,ACE,CE,Combined TRACON& Tower with Radar,34,36,31,7,108,0,0,17,3,20,34,36,48,10,128,61,12,73,201
10/28/2017,SGF,MO,ACE,CE,Combined TRACON& Tower with Radar,33,24,17,10,84,0,2,25,1,28,33,26,42,11,112,79,0,79,191
10/29/2017,SGF,MO,ACE,CE,Combined TRACON& Tower with Radar,32,36,43,0,111,0,4,18,0,22,32,40,61,0,133,0,0,0,133
10/30/2017,SGF,MO,ACE,CE,Combined TRACON& Tower with Radar,34,37,45,0,116,0,2,38,0,40,34,39,83,0,156,69,0,69,225
10/31/2017,SGF,MO,ACE,CE,Combined TRACON& Tower with Radar,29,27,33,1,90,0,2,20,1,23,29,29,53,2,113,48,0,48,161
11/01/2017,SGF,MO,ACE,CE,Combined TRACON& Tower with Radar,36,38,45,2,121,0,0,0,0,0,36,38,45,2,121,0,0,0,121
11/02/2017,SGF,MO,ACE,CE,Combined TRACON& Tower with Radar,38,34,43,22,137,0,1,28,7,36,38,35,71,29,173,36,16,52,225
11/03/2017,SGF,MO,ACE,CE,Combined TRACON& Tower with Radar,37,45,41,0,123,0,0,4,0,4,37,45,45,0,127,2,0,2,129
11/04/2017,SGF,MO,ACE,CE,Combined TRACON& Tower with Radar,27,27,19,1,74,0,0,2,0,2,27,27,21,1,76,0,0,0,76
11/05/2017,SGF,MO,ACE,CE,Combined TRACON& Tower with Radar,30,34,33,2,99,0,0,3,1,4,30,34,36,3,103,6,0,6,109
11/06/2017,SGF,MO,ACE,CE,Combined TRACON& Tower with Radar,35,35,52,6,128,0,0,1,0,1,35,35,53,6,129,0,0,0,129
11/07/2017,SGF,MO,ACE,CE,Combined TRACON& Tower with Radar,34,32,39,0,105,0,0,0,0,0,34,32,39,0,105,0,0,0,105
11/08/2017,SGF,MO,ACE,CE,Combined TRACON& Tower with Radar,34,40,53,2,129,0,20,31,10,61,34,60,84,12,190,113,0,113,303
11/09/2017,SGF,MO,ACE,CE,Combined TRACON& Tower with Radar,38,42,48,9,137,0,23,27,9,59,38,65,75,18,196,66,14,80,276
11/10/2017,SGF,MO,ACE,CE,Combined TRACON& Tower with Radar,36,38,46,0,120,0,20,30,0,50,36,58,76,0,170,78,0,78,248
11/11/2017,SGF,MO,ACE,CE,Combined TRACON& Tower with Radar,35,24,9,0,68,0,4,22,0,26,35,28,31,0,94,26,0,26,120
11/12/2017,SGF,MO,ACE,CE,Combined TRACON& Tower with Radar,29,29,29,0,87,0,0,3,0,3,29,29,32,0,90,0,0,0,90
11/13/2017,SGF,MO,ACE,CE,Combined TRACON& Tower with Radar,34,42,37,4,117,0,9,15,0,24,34,51,52,4,141,84,0,84,225
11/14/2017,SGF,MO,ACE,CE,Combined TRACON& Tower with Radar,31,29,52,3,115,0,0,1,0,1,31,29,53,3,116,0,0,0,116
11/15/2017,SGF,MO,ACE,CE,Combined TRACON& Tower with Radar,36,42,66,1,145,0,21,11,3,35,36,63,77,4,180,38,0,38,218
11/16/2017,SGF,MO,ACE,CE,Combined TRACON& Tower with Radar,38,34,72,1,145,0,24,43,6,73,38,58,115,7,218,85,0,85,303
11/17/2017,SGF,MO,ACE,CE,Combined TRACON& Tower with Radar,40,44,32,2,118,0,1,3,5,9,40,45,35,7,127,0,0,0,127
11/18/2017,SGF,MO,ACE,CE,Combined TRACON& Tower with Radar,30,24,13,0,67,0,0,3,3,6,30,24,16,3,73,23,0,23,96
11/19/2017,SGF,MO,ACE,CE,Combined TRACON& Tower with Radar,28,28,17,0,73,0,2,27,0,29,28,30,44,0,102,18,0,18,120
11/20/2017,SGF,MO,ACE,CE,Combined TRACON& Tower with Radar,33,30,27,10,100,0,5,10,0,15,33,35,37,10,115,27,4,31,146
11/21/2017,SGF,MO,ACE,CE,Combined TRACON& Tower with Radar,42,43,34,1,120,0,32,17,9,58,42,75,51,10,178,73,0,73,251
11/22/2017,SGF,MO,ACE,CE,Combined TRACON& Tower with Radar,35,29,30,0,94,0,24,28,2,54,35,53,58,2,148,66,0,66,214
11/23/2017,SGF,MO,ACE,CE,Combined TRACON& Tower with Radar,16,17,6,0,39,0,0,13,0,13,16,17,19,0,52,0,0,0,52
11/24/2017,SGF,MO,ACE,CE,Combined TRACON& Tower with Radar,31,22,16,0,69,0,0,33,0,33,31,22,49,0,102,54,0,54,156
11/25/2017,SGF,MO,ACE,CE,Combined TRACON& Tower with Radar,37,27,12,0,76,0,3,34,2,39,37,30,46,2,115,5,0,5,120
11/26/2017,SGF,MO,ACE,CE,Combined TRACON& Tower with Radar,30,32,28,0,90,0,6,12,0,18,30,38,40,0,108,6,0,6,114
11/27/2017,SGF,MO,ACE,CE,Combined TRACON& Tower with Radar,38,42,31,28,139,0,2,11,0,13,38,44,42,28,152,14,0,14,166
11/28/2017,SGF,MO,ACE,CE,Combined TRACON& Tower with Radar,37,30,39,3,109,0,7,18,4,29,37,37,57,7,138,22,0,22,160
11/29/2017,SGF,MO,ACE,CE,Combined TRACON& Tower with Radar,36,34,31,5,106,0,12,12,14,38,36,46,43,19,144,104,0,104,248
11/30/2017,SGF,MO,ACE,CE,Combined TRACON& Tower with Radar,42,35,40,11,128,0,23,12,6,41,42,58,52,17,169,29,15,44,213
12/01/2017,SGF,MO,ACE,CE,Combined TRACON& Tower with Radar,35,34,38,0,107,0,31,24,6,61,35,65,62,6,168,26,0,26,194
12/02/2017,SGF,MO,ACE,CE,Combined TRACON& Tower with Radar,28,23,22,0,73,0,4,33,4,41,28,27,55,4,114,19,0,19,133
12/03/2017,SGF,MO,ACE,CE,Combined TRACON& Tower with Radar,30,33,21,1,85,0,3,10,1,14,30,36,31,2,99,0,0,0,99
12/04/2017,SGF,MO,ACE,CE,Combined TRACON& Tower with Radar,35,27,26,6,94,0,0,4,0,4,35,27,30,6,98,0,0,0,98
12/05/2017,SGF,MO,ACE,CE,Combined TRACON& Tower with Radar,36,30,36,0,102,0,19,8,9,36,36,49,44,9,138,37,0,37,175
12/06/2017,SGF,MO,ACE,CE,Combined TRACON& Tower with Radar,37,28,39,30,134,0,18,16,11,45,37,46,55,41,179,12,10,22,201
12/07/2017,SGF,MO,ACE,CE,Combined TRACON& Tower with Radar,42,36,46,1,125,0,19,15,7,41,42,55,61,8,166,45,0,45,211
12/08/2017,SGF,MO,ACE,CE,Combined TRACON& Tower with Radar,32,40,39,2,113,0,28,19,7,54,32,68,58,9,167,28,0,28,195
12/09/2017,SGF,MO,ACE,CE,Combined TRACON& Tower with Radar,28,24,23,0,75,0,4,17,0,21,28,28,40,0,96,0,0,0,96
12/10/2017,SGF,MO,ACE,CE,Combined TRACON& Tower with Radar,30,28,12,0,70,0,2,19,0,21,30,30,31,0,91,0,0,0,91
12/11/2017,SGF,MO,ACE,CE,Combined TRACON& Tower with Radar,38,26,30,0,94,0,5,4,0,9,38,31,34,0,103,24,0,24,127
12/12/2017,SGF,MO,ACE,CE,Combined TRACON& Tower with Radar,38,37,41,8,124,0,16,15,2,33,38,53,56,10,157,42,0,42,199
12/13/2017,SGF,MO,ACE,CE,Combined TRACON& Tower with Radar,40,30,29,6,105,0,7,5,16,28,40,37,34,22,133,26,0,26,159
12/14/2017,SGF,MO,ACE,CE,Combined TRACON& Tower with Radar,44,39,27,9,119,0,16,14,7,37,44,55,41,16,156,50,0,50,206
12/15/2017,SGF,MO,ACE,CE,Combined TRACON& Tower with Radar,38,46,30,1,115,0,14,13,4,31,38,60,43,5,146,77,0,77,223
12/16/2017,SGF,MO,ACE,CE,Combined TRACON& Tower with Radar,32,24,10,2,68,0,0,12,0,12,32,24,22,2,80,22,0,22,102
12/17/2017,SGF,MO,ACE,CE,Combined TRACON& Tower with Radar,24,33,29,2,88,0,0,0,0,0,24,33,29,2,88,0,0,0,88
12/18/2017,SGF,MO,ACE,CE,Combined TRACON& Tower with Radar,35,32,45,10,122,0,1,8,2,11,35,33,53,12,133,26,0,26,159
12/19/2017,SGF,MO,ACE,CE,Combined TRACON& Tower with Radar,40,29,50,4,123,0,0,1,0,1,40,29,51,4,124,0,0,0,124
12/20/2017,SGF,MO,ACE,CE,Combined TRACON& Tower with Radar,47,26,50,9,132,0,1,3,2,6,47,27,53,11,138,0,0,0,138
12/21/2017,SGF,MO,ACE,CE,Combined TRACON& Tower with Radar,52,33,31,9,125,0,8,9,5,22,52,41,40,14,147,28,16,44,191
12/22/2017,SGF,MO,ACE,CE,Combined TRACON& Tower with Radar,39,31,14,0,84,0,0,0,0,0,39,31,14,0,84,0,0,0,84
12/23/2017,SGF,MO,ACE,CE,Combined TRACON& Tower with Radar,36,25,12,0,73,0,4,6,0,10,36,29,18,0,83,1,0,1,84
12/24/2017,SGF,MO,ACE,CE,Combined TRACON& Tower with Radar,20,24,13,0,57,0,0,0,0,0,20,24,13,0,57,0,0,0,57
12/25/2017,SGF,MO,ACE,CE,Combined TRACON& Tower with Radar,28,18,4,0,50,0,0,3,0,3,28,18,7,0,53,6,0,6,59
12/26/2017,SGF,MO,ACE,CE,Combined TRACON& Tower with Radar,37,25,29,0,91,0,0,10,0,10,37,25,39,0,101,10,0,10,111
12/27/2017,SGF,MO,ACE,CE,Combined TRACON& Tower with Radar,41,28,23,0,92,0,12,10,0,22,41,40,33,0,114,22,0,22,136
12/28/2017,SGF,MO,ACE,CE,Combined TRACON& Tower with Radar,34,26,23,0,83,0,16,9,5,30,34,42,32,5,113,80,0,80,193
12/29/2017,SGF,MO,ACE,CE,Combined TRACON& Tower with Radar,34,31,14,0,79,0,7,2,0,9,34,38,16,0,88,42,0,42,130
12/30/2017,SGF,MO,ACE,CE,Combined TRACON& Tower with Radar,33,24,10,0,67,0,1,0,0,1,33,25,10,0,68,0,0,0,68
12/31/2017,SGF,MO,ACE,CE,Combined TRACON& Tower with Radar,21,22,10,0,53,0,2,1,0,3,21,24,11,0,56,0,0,0,56
01/01/2018,SGF,MO,ACE,CE,Combined TRACON& Tower with Radar,24,23,10,0,57,0,6,4,0,10,24,29,14,0,67,22,0,22,89
01/02/2018,SGF,MO,ACE,CE,Combined TRACON& Tower with Radar,38,23,33,0,94,0,12,9,4,25,38,35,42,4,119,46,0,46,165
01/03/2018,SGF,MO,ACE,CE,Combined TRACON& Tower with Radar,34,35,35,4,108,0,14,7,5,26,34,49,42,9,134,44,0,44,178
01/04/2018,SGF,MO,ACE,CE,Combined TRACON& Tower with Radar,36,32,34,0,102,0,12,12,10,34,36,44,46,10,136,29,0,29,165
01/05/2018,SGF,MO,ACE,CE,Combined TRACON& Tower with Radar,34,34,31,21,120,0,12,17,1,30,34,46,48,22,150,24,10,34,184
01/06/2018,SGF,MO,ACE,CE,Combined TRACON& Tower with Radar,31,30,25,6,92,0,10,22,0,32,31,40,47,6,124,26,0,26,150
01/07/2018,SGF,MO,ACE,CE,Combined TRACON& Tower with Radar,27,20,8,0,55,0,1,0,0,1,27,21,8,0,56,0,0,0,56
01/08/2018,SGF,MO,ACE,CE,Combined TRACON& Tower with Radar,29,24,21,0,74,0,0,1,0,1,29,24,22,0,75,0,0,0,75
01/09/2018,SGF,MO,ACE,CE,Combined TRACON& Tower with Radar,24,29,25,0,78,0,0,0,0,0,24,29,25,0,78,0,0,0,78
01/10/2018,SGF,MO,ACE,CE,Combined TRACON& Tower with Radar,30,29,29,4,92,0,3,1,4,8,30,32,30,8,100,0,0,0,100
01/11/2018,SGF,MO,ACE,CE,Combined TRACON& Tower with Radar,30,32,16,0,78,0,1,0,0,1,30,33,16,0,79,0,0,0,79
01/12/2018,SGF,MO,ACE,CE,Combined TRACON& Tower with Radar,28,50,25,2,105,0,5,6,0,11,28,55,31,2,116,23,0,23,139
01/13/2018,SGF,MO,ACE,CE,Combined TRACON& Tower with Radar,23,28,19,0,70,0,12,16,0,28,23,40,35,0,98,18,0,18,116
01/14/2018,SGF,MO,ACE,CE,Combined TRACON& Tower with Radar,22,32,18,0,72,0,2,1,0,3,22,34,19,0,75,0,0,0,75
01/15/2018,SGF,MO,ACE,CE,Combined TRACON& Tower with Radar,30,25,20,0,75,0,1,0,0,1,30,26,20,0,76,1,0,1,77
01/16/2018,SGF,MO,ACE,CE,Combined TRACON& Tower with Radar,26,35,22,10,93,0,4,1,0,5,26,39,23,10,98,4,14,18,116
01/17/2018,SGF,MO,ACE,CE,Combined TRACON& Tower with Radar,23,38,36,2,99,0,16,17,11,44,23,54,53,13,143,4,0,4,147
01/18/2018,SGF,MO,ACE,CE,Combined TRACON& Tower with Radar,31,43,31,3,108,0,13,20,5,38,31,56,51,8,146,4,0,4,150
01/19/2018,SGF,MO,ACE,CE,Combined TRACON& Tower with Radar,31,37,42,3,113,0,10,19,5,34,31,47,61,8,147,12,0,12,159
01/20/2018,SGF,MO,ACE,CE,Combined TRACON& Tower with Radar,23,27,12,0,62,0,2,3,0,5,23,29,15,0,67,20,0,20,87
01/21/2018,SGF,MO,ACE,CE,Combined TRACON& Tower with Radar,21,24,9,2,56,0,0,3,0,3,21,24,12,2,59,0,0,0,59
01/22/2018,SGF,MO,ACE,CE,Combined TRACON& Tower with Radar,30,29,14,0,73,0,4,3,0,7,30,33,17,0,80,0,0,0,80
01/23/2018,SGF,MO,ACE,CE,Combined TRACON& Tower with Radar,29,45,49,0,123,0,7,9,2,18,29,52,58,2,141,20,0,20,161
01/24/2018,SGF,MO,ACE,CE,Combined TRACON& Tower with Radar,30,50,42,0,122,0,25,21,6,52,30,75,63,6,174,36,0,36,210
01/25/2018,SGF,MO,ACE,CE,Combined TRACON& Tower with Radar,35,40,53,0,128,0,6,27,5,38,35,46,80,5,166,13,0,13,179
01/26/2018,SGF,MO,ACE,CE,Combined TRACON& Tower with Radar,30,32,31,0,93,0,2,3,4,9,30,34,34,4,102,0,0,0,102
01/27/2018,SGF,MO,ACE,CE,Combined TRACON& Tower with Radar,23,25,21,0,69,0,20,42,0,62,23,45,63,0,131,52,0,52,183
01/28/2018,SGF,MO,ACE,CE,Combined TRACON& Tower with Radar,21,26,19,2,68,0,0,24,0,24,21,26,43,2,92,4,0,4,96
01/29/2018,SGF,MO,ACE,CE,Combined TRACON& Tower with Radar,31,35,34,6,106,0,5,16,2,23,31,40,50,8,129,16,0,16,145
01/30/2018,SGF,MO,ACE,CE,Combined TRACON& Tower with Radar,26,46,29,4,105,0,6,29,5,40,26,52,58,9,145,16,0,16,161
01/31/2018,SGF,MO,ACE,CE,Combined TRACON& Tower with Radar,28,41,32,0,101,0,4,16,4,24,28,45,48,4,125,0,0,0,125
02/01/2018,SGF,MO,ACE,CE,Combined TRACON& Tower with Radar,28,47,41,2,118,0,0,7,12,19,28,47,48,14,137,0,0,0,137
02/02/2018,SGF,MO,ACE,CE,Combined TRACON& Tower with Radar,30,33,42,3,108,0,18,20,6,44,30,51,62,9,152,40,0,40,192
02/03/2018,SGF,MO,ACE,CE,Combined TRACON& Tower with Radar,23,31,14,0,68,0,16,14,1,31,23,47,28,1,99,2,0,2,101
02/04/2018,SGF,MO,ACE,CE,Combined TRACON& Tower with Radar,19,23,15,0,57,0,2,0,0,2,19,25,15,0,59,0,0,0,59
02/05/2018,SGF,MO,ACE,CE,Combined TRACON& Tower with Radar,25,25,17,1,68,0,0,8,1,9,25,25,25,2,77,0,0,0,77
02/06/2018,SGF,MO,ACE,CE,Combined TRACON& Tower with Radar,28,30,28,0,86,0,3,1,1,5,28,33,29,1,91,0,0,0,91
02/07/2018,SGF,MO,ACE,CE,Combined TRACON& Tower with Radar,29,45,35,0,109,0,17,16,7,40,29,62,51,7,149,22,0,22,171
02/08/2018,SGF,MO,ACE,CE,Combined TRACON& Tower with Radar,34,47,34,13,128,1,31,9,7,48,35,78,43,20,176,21,14,35,211
02/09/2018,SGF,MO,ACE,CE,Combined TRACON& Tower with Radar,29,43,47,1,120,0,22,16,5,43,29,65,63,6,163,46,0,46,209
02/10/2018,SGF,MO,ACE,CE,Combined TRACON& Tower with Radar,16,15,5,0,36,0,0,0,0,0,16,15,5,0,36,0,0,0,36
02/11/2018,SGF,MO,ACE,CE,Combined TRACON& Tower with Radar,0,0,4,0,4,0,0,0,0,0,0,0,4,0,4,0,0,0,4
02/12/2018,SGF,MO,ACE,CE,Combined TRACON& Tower with Radar,22,28,30,5,85,0,23,15,1,39,22,51,45,6,124,22,0,22,146
02/13/2018,SGF,MO,ACE,CE,Combined TRACON& Tower with Radar,23,21,29,12,85,0,24,25,11,60,23,45,54,23,145,38,0,38,183
02/14/2018,SGF,MO,ACE,CE,Combined TRACON& Tower with Radar,34,35,34,1,104,0,0,13,1,14,34,35,47,2,118,6,0,6,124
02/15/2018,SGF,MO,ACE,CE,Combined TRACON& Tower with Radar,33,30,37,1,101,0,2,15,7,24,33,32,52,8,125,8,0,8,133
02/16/2018,SGF,MO,ACE,CE,Combined TRACON& Tower with Radar,32,41,28,27,128,0,6,16,0,22,32,47,44,27,150,20,12,32,182
02/17/2018,SGF,MO,ACE,CE,Combined TRACON& Tower with Radar,22,24,11,0,57,0,4,2,0,6,22,28,13,0,63,0,0,0,63
02/18/2018,SGF,MO,ACE,CE,Combined TRACON& Tower with Radar,15,17,18,0,50,0,1,16,0,17,15,18,34,0,67,2,0,2,69
02/19/2018,SGF,MO,ACE,CE,Combined TRACON& Tower with Radar,31,35,34,6,106,0,5,16,2,23,31,40,50,8,129,9,0,9,138
02/20/2018,SGF,MO,ACE,CE,Combined TRACON& Tower with Radar,26,41,25,0,92,0,5,0,0,5,26,46,25,0,97,0,0,0,97
02/21/2018,SGF,MO,ACE,CE,Combined TRACON& Tower with Radar,37,39,32,0,108,0,0,0,0,0,37,39,32,0,108,0,0,0,108
02/22/2018,SGF,MO,ACE,CE,Combined TRACON& Tower with Radar,25,27,27,0,79,0,0,0,0,0,25,27,27,0,79,0,0,0,79
02/23/2018,SGF,MO,ACE,CE,Combined TRACON& Tower with Radar,30,44,28,1,103,0,0,0,0,0,30,44,28,1,103,0,0,0,103
02/24/2018,SGF,MO,ACE,CE,Combined TRACON& Tower with Radar,25,21,16,0,62,0,0,0,0,0,25,21,16,0,62,0,0,0,62
02/25/2018,SGF,MO,ACE,CE,Combined TRACON& Tower with Radar,23,25,33,3,84,0,11,40,7,58,23,36,73,10,142,17,0,17,159
02/26/2018,SGF,MO,ACE,CE,Combined TRACON& Tower with Radar,30,28,43,25,126,0,26,31,0,57,30,54,74,25,183,46,14,60,243
02/27/2018,SGF,MO,ACE,CE,Combined TRACON& Tower with Radar,23,32,34,3,92,0,12,11,10,33,23,44,45,13,125,9,0,9,134
02/28/2018,SGF,MO,ACE,CE,Combined TRACON& Tower with Radar,38,41,23,2,104,0,4,2,5,11,38,45,25,7,115,22,0,22,137
03/01/2018,SGF,MO,ACE,CE,Combined TRACON& Tower with Radar,38,55,34,17,144,0,14,8,22,44,38,69,42,39,188,42,10,52,240
03/02/2018,SGF,MO,ACE,CE,Combined TRACON& Tower with Radar,27,36,19,0,82,0,24,33,4,61,27,60,52,4,143,84,0,84,227
03/03/2018,SGF,MO,ACE,CE,Combined TRACON& Tower with Radar,20,23,15,0,58,0,17,39,5,61,20,40,54,5,119,26,0,26,145
03/04/2018,SGF,MO,ACE,CE,Combined TRACON& Tower with Radar,18,25,14,0,57,0,0,9,0,9,18,25,23,0,66,4,0,4,70
03/05/2018,SGF,MO,ACE,CE,Combined TRACON& Tower with Radar,33,28,19,4,84,0,0,3,0,3,33,28,22,4,87,0,2,2,89
03/06/2018,SGF,MO,ACE,CE,Combined TRACON& Tower with Radar,34,33,33,16,116,0,0,5,0,5,34,33,38,16,121,0,12,12,133
03/07/2018,SGF,MO,ACE,CE,Combined TRACON& Tower with Radar,35,50,33,6,124,0,17,12,10,39,35,67,45,16,163,25,0,25,188
03/08/2018,SGF,MO,ACE,CE,Combined TRACON& Tower with Radar,37,47,64,24,172,0,29,22,7,58,37,76,86,31,230,40,38,78,308
03/09/2018,SGF,MO,ACE,CE,Combined TRACON& Tower with Radar,30,39,31,21,121,0,14,30,0,44,30,53,61,21,165,67,6,73,238
03/10/2018,SGF,MO,ACE,CE,Combined TRACON& Tower with Radar,28,24,22,0,74,0,10,13,0,23,28,34,35,0,97,13,0,13,110
03/11/2018,SGF,MO,ACE,CE,Combined TRACON& Tower with Radar,28,39,23,0,90,0,0,9,0,9,28,39,32,0,99,0,0,0,99
03/12/2018,SGF,MO,ACE,CE,Combined TRACON& Tower with Radar,34,35,33,3,105,0,0,8,0,8,34,35,41,3,113,0,0,0,113
03/13/2018,SGF,MO,ACE,CE,Combined TRACON& Tower with Radar,37,33,31,3,104,0,6,27,2,35,37,39,58,5,139,72,0,72,211
03/14/2018,SGF,MO,ACE,CE,Combined TRACON& Tower with Radar,33,36,37,1,107,0,20,21,13,54,33,56,58,14,161,53,0,53,214
03/15/2018,SGF,MO,ACE,CE,Combined TRACON& Tower with Radar,35,50,54,5,144,0,9,13,3,25,35,59,67,8,169,4,0,4,173
03/16/2018,SGF,MO,ACE,CE,Combined TRACON& Tower with Radar,24,31,43,0,98,0,7,8,0,15,24,38,51,0,113,24,0,24,137
03/17/2018,SGF,MO,ACE,CE,Combined TRACON& Tower with Radar,25,33,32,0,90,0,0,3,0,3,25,33,35,0,93,0,0,0,93
03/18/2018,SGF,MO,ACE,CE,Combined TRACON& Tower with Radar,23,23,30,0,76,0,0,3,0,3,23,23,33,0,79,17,0,17,96
03/19/2018,SGF,MO,ACE,CE,Combined TRACON& Tower with Radar,27,34,26,0,87,0,0,3,0,3,27,34,29,0,90,0,0,0,90
03/20/2018,SGF,MO,ACE,CE,Combined TRACON& Tower with Radar,37,38,44,3,122,0,4,4,0,8,37,42,48,3,130,10,0,10,140
03/21/2018,SGF,MO,ACE,CE,Combined TRACON& Tower with Radar,34,43,77,6,160,0,13,21,4,38,34,56,98,10,198,61,16,77,275
03/22/2018,SGF,MO,ACE,CE,Combined TRACON& Tower with Radar,23,40,42,12,117,0,21,26,8,55,23,61,68,20,172,72,6,78,250
03/23/2018,SGF,MO,ACE,CE,Combined TRACON& Tower with Radar,27,30,38,1,96,0,15,13,5,33,27,45,51,6,129,26,0,26,155
03/24/2018,SGF,MO,ACE,CE,Combined TRACON& Tower with Radar,29,25,22,6,82,0,0,8,2,10,29,25,30,8,92,7,0,7,99
03/25/2018,SGF,MO,ACE,CE,Combined TRACON& Tower with Radar,18,23,23,3,67,0,1,0,10,11,18,24,23,13,78,10,0,10,88
03/26/2018,SGF,MO,ACE,CE,Combined TRACON& Tower with Radar,24,21,18,0,63,0,1,1,0,2,24,22,19,0,65,0,0,0,65
03/27/2018,SGF,MO,ACE,CE,Combined TRACON& Tower with Radar,34,32,24,0,90,0,0,0,0,0,34,32,24,0,90,0,0,0,90
03/28/2018,SGF,MO,ACE,CE,Combined TRACON& Tower with Radar,29,31,57,1,118,0,0,3,0,3,29,31,60,1,121,8,4,12,133
03/29/2018,SGF,MO,ACE,CE,Combined TRACON& Tower with Radar,34,51,28,7,120,0,6,0,3,9,34,57,28,10,129,0,16,16,145
03/30/2018,SGF,MO,ACE,CE,Combined TRACON& Tower with Radar,31,45,41,2,119,0,26,37,9,72,31,71,78,11,191,48,22,70,261
03/31/2018,SGF,MO,ACE,CE,Combined TRACON& Tower with Radar,25,29,18,0,72,0,1,7,0,8,25,30,25,0,80,14,0,14,94
04/01/2018,SGF,MO,ACE,CE,Combined TRACON& Tower with Radar,28,28,12,0,68,0,1,0,0,1,28,29,12,0,69,0,0,0,69
04/02/2018,SGF,MO,ACE,CE,Combined TRACON& Tower with Radar,23,28,30,0,81,0,0,0,0,0,23,28,30,0,81,0,0,0,81
04/03/2018,SGF,MO,ACE,CE,Combined TRACON& Tower with Radar,34,48,43,0,125,0,3,3,0,6,34,51,46,0,131,10,0,10,141
04/04/2018,SGF,MO,ACE,CE,Combined TRACON& Tower with Radar,24,47,65,6,142,0,18,39,7,64,24,65,104,13,206,55,0,55,261
04/05/2018,SGF,MO,ACE,CE,Combined TRACON& Tower with Radar,22,48,58,3,131,0,21,15,8,44,22,69,73,11,175,38,0,38,213
04/06/2018,SGF,MO,ACE,CE,Combined TRACON& Tower with Radar,24,48,32,10,114,0,21,17,6,44,24,69,49,16,158,24,0,24,182
04/07/2018,SGF,MO,ACE,CE,Combined TRACON& Tower with Radar,19,43,21,0,83,0,9,20,3,32,19,52,41,3,115,16,0,16,131
04/08/2018,SGF,MO,ACE,CE,Combined TRACON& Tower with Radar,17,27,7,0,51,0,0,5,0,5,17,27,12,0,56,0,0,0,56
04/09/2018,SGF,MO,ACE,CE,Combined TRACON& Tower with Radar,24,65,25,22,136,0,13,34,0,47,24,78,59,22,183,28,28,56,239
04/10/2018,SGF,MO,ACE,CE,Combined TRACON& Tower with Radar,20,56,46,4,126,0,7,24,10,41,20,63,70,14,167,61,6,67,234
04/11/2018,SGF,MO,ACE,CE,Combined TRACON& Tower with Radar,21,45,38,0,104,0,8,6,21,35,21,53,44,21,139,54,0,54,193
04/12/2018,SGF,MO,ACE,CE,Combined TRACON& Tower with Radar,24,40,36,2,102,0,3,9,9,21,24,43,45,11,123,12,0,12,135
04/13/2018,SGF,MO,ACE,CE,Combined TRACON& Tower with Radar,21,42,25,4,92,0,2,0,0,2,21,44,25,4,94,0,0,0,94
04/14/2018,SGF,MO,ACE,CE,Combined TRACON& Tower with Radar,18,35,35,0,88,0,4,6,0,10,18,39,41,0,98,0,0,0,98
04/15/2018,SGF,MO,ACE,CE,Combined TRACON& Tower with Radar,28,35,15,0,78,0,1,4,0,5,28,36,19,0,83,1,0,1,84
04/16/2018,SGF,MO,ACE,CE,Combined TRACON& Tower with Radar,25,54,32,0,111,0,18,20,0,38,25,72,52,0,149,34,0,34,183
04/17/2018,SGF,MO,ACE,CE,Combined TRACON& Tower with Radar,20,54,41,4,119,0,17,20,8,45,20,71,61,12,164,30,0,30,194
04/18/2018,SGF,MO,ACE,CE,Combined TRACON& Tower with Radar,24,46,49,7,126,0,0,7,6,13,24,46,56,13,139,0,0,0,139
04/19/2018,SGF,MO,ACE,CE,Combined TRACON& Tower with Radar,25,58,64,6,153,0,19,32,9,60,25,77,96,15,213,36,0,36,249
04/20/2018,SGF,MO,ACE,CE,Combined TRACON& Tower with Radar,18,49,32,45,144,0,26,28,4,58,18,75,60,49,202,60,10,70,272
04/21/2018,SGF,MO,ACE,CE,Combined TRACON& Tower with Radar,14,29,13,23,79,0,7,9,0,16,14,36,22,23,95,30,10,40,135
04/22/2018,SGF,MO,ACE,CE,Combined TRACON& Tower with Radar,24,36,40,1,101,0,1,1,1,3,24,37,41,2,104,0,0,0,104
04/23/2018,SGF,MO,ACE,CE,Combined TRACON& Tower with Radar,26,61,35,0,122,0,28,10,0,38,26,89,45,0,160,70,0,70,230
04/24/2018,SGF,MO,ACE,CE,Combined TRACON& Tower with Radar,22,54,64,9,149,0,16,42,5,63,22,70,106,14,212,84,12,96,308
04/25/2018,SGF,MO,ACE,CE,Combined TRACON& Tower with Radar,23,73,60,6,162,0,3,9,0,12,23,76,69,6,174,24,0,24,198
04/26/2018,SGF,MO,ACE,CE,Combined TRACON& Tower with Radar,26,45,46,3,120,0,7,41,8,56,26,52,87,11,176,64,0,64,240
04/27/2018,SGF,MO,ACE,CE,Combined TRACON& Tower with Radar,30,58,39,7,134,0,29,52,2,83,30,87,91,9,217,62,4,66,283
04/28/2018,SGF,MO,ACE,CE,Combined TRACON& Tower with Radar,17,36,32,13,98,0,3,53,5,61,17,39,85,18,159,46,0,46,205
04/29/2018,SGF,MO,ACE,CE,Combined TRACON& Tower with Radar,14,30,32,12,88,0,0,24,0,24,14,30,56,12,112,46,0,46,158
04/30/2018,SGF,MO,ACE,CE,Combined TRACON& Tower with Radar,19,42,44,6,111,0,7,20,0,27,19,49,64,6,138,12,0,12,150
05/01/2018,SGF,MO,ACE,CE,Combined TRACON& Tower with Radar,20,38,32,0,90,0,0,15,1,16,20,38,47,1,106,4,0,4,110
05/02/2018,SGF,MO,ACE,CE,Combined TRACON& Tower with Radar,21,56,57,3,137,0,0,8,3,11,21,56,65,6,148,4,0,4,152
05/03/2018,SGF,MO,ACE,CE,Combined TRACON& Tower with Radar,22,32,36,0,90,0,0,4,1,5,22,32,40,1,95,0,0,0,95
05/04/2018,SGF,MO,ACE,CE,Combined TRACON& Tower with Radar,26,78,47,5,156,0,12,16,0,28,26,90,63,5,184,38,0,38,222
05/05/2018,SGF,MO,ACE,CE,Combined TRACON& Tower with Radar,16,48,18,1,83,0,8,26,8,42,16,56,44,9,125,62,0,62,187
05/06/2018,SGF,MO,ACE,CE,Combined TRACON& Tower with Radar,21,46,27,0,94,0,1,10,0,11,21,47,37,0,105,18,0,18,123
05/07/2018,SGF,MO,ACE,CE,Combined TRACON& Tower with Radar,17,49,29,3,98,0,16,35,1,52,17,65,64,4,150,72,0,72,222
05/08/2018,SGF,MO,ACE,CE,Combined TRACON& Tower with Radar,15,38,23,0,76,0,4,19,7,30,15,42,42,7,106,28,4,32,138
05/09/2018,SGF,MO,ACE,CE,Combined TRACON& Tower with Radar,23,51,42,3,119,0,7,10,5,22,23,58,52,8,141,4,0,4,145
05/10/2018,SGF,MO,ACE,CE,Combined TRACON& Tower with Radar,21,48,46,0,115,0,9,31,0,40,21,57,77,0,155,82,0,82,237
05/11/2018,SGF,MO,ACE,CE,Combined TRACON& Tower with Radar,23,42,25,3,93,0,3,12,4,19,23,45,37,7,112,14,0,14,126
05/12/2018,SGF,MO,ACE,CE,Combined TRACON& Tower with Radar,13,24,22,0,59,0,6,33,0,39,13,30,55,0,98,18,0,18,116
05/13/2018,SGF,MO,ACE,CE,Combined TRACON& Tower with Radar,19,35,20,4,78,0,1,18,0,19,19,36,38,4,97,2,0,2,99
05/14/2018,SGF,MO,ACE,CE,Combined TRACON& Tower with Radar,21,38,38,2,99,0,11,12,0,23,21,49,50,2,122,8,10,18,140
05/15/2018,SGF,MO,ACE,CE,Combined TRACON& Tower with Radar,18,68,40,0,126,0,10,19,8,37,18,78,59,8,163,28,0,28,191
05/16/2018,SGF,MO,ACE,CE,Combined TRACON& Tower with Radar,29,40,47,17,133,0,6,20,4,30,29,46,67,21,163,51,6,57,220
05/17/2018,SGF,MO,ACE,CE,Combined TRACON& Tower with Radar,29,54,44,2,129,0,6,29,3,38,29,60,73,5,167,44,0,44,211
05/18/2018,SGF,MO,ACE,CE,Combined TRACON& Tower with Radar,20,59,50,0,129,0,17,31,4,52,20,76,81,4,181,68,0,68,249
05/19/2018,SGF,MO,ACE,CE,Combined TRACON& Tower with Radar,24,32,20,4,80,0,2,14,0,16,24,34,34,4,96,24,0,24,120
05/20/2018,SGF,MO,ACE,CE,Combined TRACON& Tower with Radar,21,39,34,0,94,0,2,0,0,2,21,41,34,0,96,0,0,0,96
05/21/2018,SGF,MO,ACE,CE,Combined TRACON& Tower with Radar,22,40,43,1,106,0,8,9,0,17,22,48,52,1,123,12,0,12,135
05/22/2018,SGF,MO,ACE,CE,Combined TRACON& Tower with Radar,29,62,57,13,161,0,22,19,15,56,29,84,76,28,217,34,2,36,253
05/23/2018,SGF,MO,ACE,CE,Combined TRACON& Tower with Radar,31,56,36,0,123,0,11,14,8,33,31,67,50,8,156,34,0,34,190
05/24/2018,SGF,MO,ACE,CE,Combined TRACON& Tower with Radar,26,61,30,4,121,0,9,18,1,28,26,70,48,5,149,34,0,34,183
05/25/2018,SGF,MO,ACE,CE,Combined TRACON& Tower with Radar,21,45,33,0,99,0,2,10,0,12,21,47,43,0,111,2,0,2,113
05/26/2018,SGF,MO,ACE,CE,Combined TRACON& Tower with Radar,23,32,23,0,78,0,2,11,0,13,23,34,34,0,91,0,0,0,91
05/27/2018,SGF,MO,ACE,CE,Combined TRACON& Tower with Radar,18,35,25,1,79,0,0,9,0,9,18,35,34,1,88,0,0,0,88
05/28/2018,SGF,MO,ACE,CE,Combined TRACON& Tower with Radar,20,36,20,0,76,0,1,13,0,14,20,37,33,0,90,0,0,0,90
05/29/2018,SGF,MO,ACE,CE,Combined TRACON& Tower with Radar,28,48,58,0,134,0,18,34,4,56,28,66,92,4,190,49,0,49,239
05/30/2018,SGF,MO,ACE,CE,Combined TRACON& Tower with Radar,25,54,55,8,142,0,18,33,6,57,25,72,88,14,199,46,0,46,245
05/31/2018,SGF,MO,ACE,CE,Combined TRACON& Tower with Radar,29,45,30,0,104,0,7,4,2,13,29,52,34,2,117,28,0,28,145
06/01/2018,SGF,MO,ACE,CE,Combined TRACON& Tower with Radar,19,53,35,25,132,0,23,26,3,52,19,76,61,28,184,34,0,34,218
06/02/2018,SGF,MO,ACE,CE,Combined TRACON& Tower with Radar,25,35,20,0,80,0,8,10,0,18,25,43,30,0,98,12,0,12,110
06/03/2018,SGF,MO,ACE,CE,Combined TRACON& Tower with Radar,24,34,29,0,87,0,1,31,0,32,24,35,60,0,119,6,0,6,125
06/04/2018,SGF,MO,ACE,CE,Combined TRACON& Tower with Radar,18,54,37,0,109,0,18,32,0,50,18,72,69,0,159,46,0,46,205
06/05/2018,SGF,MO,ACE,CE,Combined TRACON& Tower with Radar,28,43,38,3,112,0,17,16,5,38,28,60,54,8,150,18,14,32,182
06/06/2018,SGF,MO,ACE,CE,Combined TRACON& Tower with Radar,27,46,43,5,121,0,18,30,7,55,27,64,73,12,176,39,0,39,215
06/07/2018,SGF,MO,ACE,CE,Combined TRACON& Tower with Radar,30,45,51,1,127,0,9,20,3,32,30,54,71,4,159,4,0,4,163
06/08/2018,SGF,MO,ACE,CE,Combined TRACON& Tower with Radar,23,56,37,2,118,0,10,23,0,33,23,66,60,2,151,21,0,21,172
06/09/2018,SGF,MO,ACE,CE,Combined TRACON& Tower with Radar,24,46,15,0,85,0,2,14,2,18,24,48,29,2,103,9,0,9,112
06/10/2018,SGF,MO,ACE,CE,Combined TRACON& Tower with Radar,30,35,31,0,96,0,0,22,2,24,30,35,53,2,120,0,0,0,120
06/11/2018,SGF,MO,ACE,CE,Combined TRACON& Tower with Radar,22,42,41,0,105,0,16,13,3,32,22,58,54,3,137,17,4,21,158
06/12/2018,SGF,MO,ACE,CE,Combined TRACON& Tower with Radar,35,45,51,5,136,0,13,23,7,43,35,58,74,12,179,55,4,59,238
06/13/2018,SGF,MO,ACE,CE,Combined TRACON& Tower with Radar,28,56,29,0,113,0,18,20,6,44,28,74,49,6,157,65,0,65,222
06/14/2018,SGF,MO,ACE,CE,Combined TRACON& Tower with Radar,28,51,31,1,111,0,12,10,3,25,28,63,41,4,136,21,0,21,157
06/15/2018,SGF,MO,ACE,CE,Combined TRACON& Tower with Radar,23,50,39,10,122,0,23,14,6,43,23,73,53,16,165,25,6,31,196
06/16/2018,SGF,MO,ACE,CE,Combined TRACON& Tower with Radar,22,35,16,0,73,0,5,24,5,34,22,40,40,5,107,28,0,28,135
06/17/2018,SGF,MO,ACE,CE,Combined TRACON& Tower with Radar,27,37,17,4,85,0,5,16,0,21,27,42,33,4,106,0,0,0,106
06/18/2018,SGF,MO,ACE,CE,Combined TRACON& Tower with Radar,22,49,31,2,104,0,19,16,1,36,22,68,47,3,140,13,0,13,153
06/19/2018,SGF,MO,ACE,CE,Combined TRACON& Tower with Radar,28,39,48,18,133,0,12,24,5,41,28,51,72,23,174,41,24,65,239
06/20/2018,SGF,MO,ACE,CE,Combined TRACON& Tower with Radar,27,42,51,5,125,0,9,16,2,27,27,51,67,7,152,12,0,12,164
06/21/2018,SGF,MO,ACE,CE,Combined TRACON& Tower with Radar,30,44,37,17,128,0,5,9,9,23,30,49,46,26,151,0,0,0,151
06/22/2018,SGF,MO,ACE,CE,Combined TRACON& Tower with Radar,24,57,42,2,125,0,2,10,2,14,24,59,52,4,139,28,0,28,167
06/23/2018,SGF,MO,ACE,CE,Combined TRACON& Tower with Radar,22,38,18,0,78,0,3,30,0,33,22,41,48,0,111,12,0,12,123
06/24/2018,SGF,MO,ACE,CE,Combined TRACON& Tower with Radar,25,40,10,0,75,0,3,5,1,9,25,43,15,1,84,20,0,20,104
06/25/2018,SGF,MO,ACE,CE,Combined TRACON& Tower with Radar,22,40,33,2,97,0,8,11,0,19,22,48,44,2,116,2,0,2,118
06/26/2018,SGF,MO,ACE,CE,Combined TRACON& Tower with Radar,33,42,48,0,123,0,6,12,2,20,33,48,60,2,143,42,0,42,185
06/27/2018,SGF,MO,ACE,CE,Combined TRACON& Tower with Radar,26,56,52,7,141,0,30,30,3,63,26,86,82,10,204,48,2,50,254
06/28/2018,SGF,MO,ACE,CE,Combined TRACON& Tower with Radar,31,43,41,0,115,0,10,23,2,35,31,53,64,2,150,29,0,29,179
06/29/2018,SGF,MO,ACE,CE,Combined TRACON& Tower with Radar,24,53,38,9,124,0,9,18,5,32,24,62,56,14,156,24,0,24,180
06/30/2018,SGF,MO,ACE,CE,Combined TRACON& Tower with Radar,25,49,11,4,89,0,2,12,3,17,25,51,23,7,106,10,0,10,116
07/01/2018,SGF,MO,ACE,CE,Combined TRACON& Tower with Radar,23,37,15,0,75,0,4,14,0,18,23,41,29,0,93,8,0,8,101
07/02/2018,SGF,MO,ACE,CE,Combined TRACON& Tower with Radar,20,42,15,1,78,0,13,22,0,35,20,55,37,1,113,34,0,34,147
07/03/2018,SGF,MO,ACE,CE,Combined TRACON& Tower with Radar,26,44,33,9,112,0,9,14,4,27,26,53,47,13,139,26,4,30,169
07/04/2018,SGF,MO,ACE,CE,Combined TRACON& Tower with Radar,16,35,22,0,73,0,4,25,2,31,16,39,47,2,104,30,4,34,138
07/05/2018,SGF,MO,ACE,CE,Combined TRACON& Tower with Radar,26,37,34,9,106,0,11,19,2,32,26,48,53,11,138,19,0,19,157
07/06/2018,SGF,MO,ACE,CE,Combined TRACON& Tower with Radar,20,56,19,0,95,0,13,11,2,26,20,69,30,2,121,26,0,26,147
07/07/2018,SGF,MO,ACE,CE,Combined TRACON& Tower with Radar,23,40,15,0,78,0,4,26,2,32,23,44,41,2,110,30,0,30,140
07/08/2018,SGF,MO,ACE,CE,Combined TRACON& Tower with Radar,23,41,17,0,81,0,0,22,0,22,23,41,39,0,103,26,0,26,129
07/09/2018,SGF,MO,ACE,CE,Combined TRACON& Tower with Radar,22,46,44,0,112,0,7,17,1,25,22,53,61,1,137,8,0,8,145
07/10/2018,SGF,MO,ACE,CE,Combined TRACON& Tower with Radar,28,45,35,10,118,0,17,7,6,30,28,62,42,16,148,37,8,45,193
07/11/2018,SGF,MO,ACE,CE,Combined TRACON& Tower with Radar,25,52,65,0,142,0,12,21,8,41,25,64,86,8,183,58,0,58,241
07/12/2018,SGF,MO,ACE,CE,Combined TRACON& Tower with Radar,29,52,58,14,153,0,13,23,11,47,29,65,81,25,200,26,0,26,226
07/13/2018,SGF,MO,ACE,CE,Combined TRACON& Tower with Radar,25,50,29,6,110,0,12,20,6,38,25,62,49,12,148,14,0,14,162
07/14/2018,SGF,MO,ACE,CE,Combined TRACON& Tower with Radar,22,41,15,0,78,0,4,13,0,17,22,45,28,0,95,2,0,2,97
07/15/2018,SGF,MO,ACE,CE,Combined TRACON& Tower with Radar,25,39,26,1,91,0,3,7,1,11,25,42,33,2,102,10,0,10,112
07/16/2018,SGF,MO,ACE,CE,Combined TRACON& Tower with Radar,26,44,39,0,109,0,3,10,2,15,26,47,49,2,124,14,0,14,138
07/17/2018,SGF,MO,ACE,CE,Combined TRACON& Tower with Radar,30,51,37,2,120,0,8,16,4,28,30,59,53,6,148,48,2,50,198
07/18/2018,SGF,MO,ACE,CE,Combined TRACON& Tower with Radar,26,57,51,0,134,0,5,10,2,17,26,62,61,2,151,9,12,21,172
07/19/2018,SGF,MO,ACE,CE,Combined TRACON& Tower with Radar,27,50,38,3,118,0,10,19,2,31,27,60,57,5,149,21,0,21,170
07/20/2018,SGF,MO,ACE,CE,Combined TRACON& Tower with Radar,26,48,33,0,107,0,10,21,6,37,26,58,54,6,144,30,0,30,174
07/21/2018,SGF,MO,ACE,CE,Combined TRACON& Tower with Radar,22,43,30,4,99,0,6,49,0,55,22,49,79,4,154,19,0,19,173
07/22/2018,SGF,MO,ACE,CE,Combined TRACON& Tower with Radar,27,41,15,4,87,0,0,20,0,20,27,41,35,4,107,0,0,0,107
07/23/2018,SGF,MO,ACE,CE,Combined TRACON& Tower with Radar,24,44,45,0,113,0,16,17,0,33,24,60,62,0,146,36,0,36,182
07/24/2018,SGF,MO,ACE,CE,Combined TRACON& Tower with Radar,29,50,55,1,135,0,12,36,7,55,29,62,91,8,190,64,0,64,254
07/25/2018,SGF,MO,ACE,CE,Combined TRACON& Tower with Radar,28,49,52,19,148,0,18,34,18,70,28,67,86,37,218,18,0,18,236
07/26/2018,SGF,MO,ACE,CE,Combined TRACON& Tower with Radar,30,65,58,10,163,0,7,29,3,39,30,72,87,13,202,22,42,64,266
07/27/2018,SGF,MO,ACE,CE,Combined TRACON& Tower with Radar,25,47,42,4,118,0,19,41,8,68,25,66,83,12,186,12,0,12,198
07/28/2018,SGF,MO,ACE,CE,Combined TRACON& Tower with Radar,24,39,23,0,86,0,8,21,0,29,24,47,44,0,115,32,0,32,147
07/29/2018,SGF,MO,ACE,CE,Combined TRACON& Tower with Radar,23,40,38,6,107,0,4,24,0,28,23,44,62,6,135,10,0,10,145
07/30/2018,SGF,MO,ACE,CE,Combined TRACON& Tower with Radar,23,49,49,0,121,0,3,18,0,21,23,52,67,0,142,13,0,13,155
07/31/2018,SGF,MO,ACE,CE,Combined TRACON& Tower with Radar,31,41,39,12,123,0,6,33,4,43,31,47,72,16,166,50,20,70,236
08/01/2018,SGF,MO,ACE,CE,Combined TRACON& Tower with Radar,25,56,48,1,130,0,20,22,7,49,25,76,70,8,179,47,0,47,226
08/02/2018,SGF,MO,ACE,CE,Combined TRACON& Tower with Radar,30,46,49,3,128,0,12,34,8,54,30,58,83,11,182,28,0,28,210
08/03/2018,SGF,MO,ACE,CE,Combined TRACON& Tower with Radar,23,40,35,0,98,0,17,17,4,38,23,57,52,4,136,38,0,38,174
08/04/2018,SGF,MO,ACE,CE,Combined TRACON& Tower with Radar,20,37,30,0,87,0,3,33,0,36,20,40,63,0,123,14,0,14,137
08/05/2018,SGF,MO,ACE,CE,Combined TRACON& Tower with Radar,25,44,25,0,94,0,0,22,0,22,25,44,47,0,116,30,0,30,146
08/06/2018,SGF,MO,ACE,CE,Combined TRACON& Tower with Radar,22,46,33,4,105,0,4,19,2,25,22,50,52,6,130,16,0,16,146
08/07/2018,SGF,MO,ACE,CE,Combined TRACON& Tower with Radar,27,39,22,1,89,0,6,10,1,17,27,45,32,2,106,36,0,36,142
08/08/2018,SGF,MO,ACE,CE,Combined TRACON& Tower with Radar,23,52,35,0,110,0,12,14,8,34,23,64,49,8,144,34,0,34,178
08/09/2018,SGF,MO,ACE,CE,Combined TRACON& Tower with Radar,28,50,48,10,136,0,9,10,6,25,28,59,58,16,161,32,6,38,199
08/10/2018,SGF,MO,ACE,CE,Combined TRACON& Tower with Radar,26,55,29,4,114,0,15,13,4,32,26,70,42,8,146,26,6,32,178
08/11/2018,SGF,MO,ACE,CE,Combined TRACON& Tower with Radar,14,41,27,14,96,0,20,25,7,52,14,61,52,21,148,26,0,26,174
08/12/2018,SGF,MO,ACE,CE,Combined TRACON& Tower with Radar,26,42,24,0,92,0,0,13,0,13,26,42,37,0,105,4,0,4,109
08/13/2018,SGF,MO,ACE,CE,Combined TRACON& Tower with Radar,22,44,37,0,103,0,24,7,0,31,22,68,44,0,134,25,0,25,159
08/14/2018,SGF,MO,ACE,CE,Combined TRACON& Tower with Radar,24,40,30,0,94,0,0,3,0,3,24,40,33,0,97,28,18,46,143
08/15/2018,SGF,MO,ACE,CE,Combined TRACON& Tower with Radar,21,51,45,0,117,0,2,4,1,7,21,53,49,1,124,0,0,0,124
08/16/2018,SGF,MO,ACE,CE,Combined TRACON& Tower with Radar,28,68,41,2,139,0,33,20,7,60,28,101,61,9,199,12,0,12,211
08/17/2018,SGF,MO,ACE,CE,Combined TRACON& Tower with Radar,25,55,27,0,107,0,16,7,2,25,25,71,34,2,132,20,0,20,152
08/18/2018,SGF,MO,ACE,CE,Combined TRACON& Tower with Radar,13,33,13,0,59,0,11,25,0,36,13,44,38,0,95,31,0,31,126
08/19/2018,SGF,MO,ACE,CE,Combined TRACON& Tower with Radar,23,37,19,0,79,0,1,6,0,7,23,38,25,0,86,4,0,4,90
08/20/2018,SGF,MO,ACE,CE,Combined TRACON& Tower with Radar,21,54,29,1,105,0,15,6,3,24,21,69,35,4,129,30,0,30,159
08/21/2018,SGF,MO,ACE,CE,Combined TRACON& Tower with Radar,18,52,47,30,147,0,10,13,2,25,18,62,60,32,172,14,22,36,208
08/22/2018,SGF,MO,ACE,CE,Combined TRACON& Tower with Radar,20,63,44,0,127,0,32,13,12,57,20,95,57,12,184,24,0,24,208
08/23/2018,SGF,MO,ACE,CE,Combined TRACON& Tower with Radar,24,53,27,0,104,0,6,4,0,10,24,59,31,0,114,26,14,40,154
08/24/2018,SGF,MO,ACE,CE,Combined TRACON& Tower with Radar,21,54,26,8,109,0,14,8,2,24,21,68,34,10,133,10,6,16,149
08/25/2018,SGF,MO,ACE,CE,Combined TRACON& Tower with Radar,15,39,23,0,77,0,9,10,0,19,15,48,33,0,96,18,0,18,114
08/26/2018,SGF,MO,ACE,CE,Combined TRACON& Tower with Radar,20,42,17,10,89,0,0,15,0,15,20,42,32,10,104,24,46,70,174
08/27/2018,SGF,MO,ACE,CE,Combined TRACON& Tower with Radar,20,53,45,10,128,0,10,21,0,31,20,63,66,10,159,6,0,6,165
08/28/2018,SGF,MO,ACE,CE,Combined TRACON& Tower with Radar,18,54,45,2,119,0,18,23,8,49,18,72,68,10,168,62,0,62,230
08/29/2018,SGF,MO,ACE,CE,Combined TRACON& Tower with Radar,24,49,41,2,116,0,3,1,4,8,24,52,42,6,124,10,0,10,134
08/30/2018,SGF,MO,ACE,CE,Combined TRACON& Tower with Radar,24,52,37,0,113,0,0,0,0,0,24,52,37,0,113,0,0,0,113
08/31/2018,SGF,MO,ACE,CE,Combined TRACON& Tower with Radar,21,61,35,0,117,0,18,27,1,46,21,79,62,1,163,14,8,22,185
09/01/2018,SGF,MO,ACE,CE,Combined TRACON& Tower with Radar,19,42,13,0,74,0,24,34,0,58,19,66,47,0,132,12,0,12,144
09/02/2018,SGF,MO,ACE,CE,Combined TRACON& Tower with Radar,18,32,8,0,58,0,3,15,0,18,18,35,23,0,76,0,0,0,76
09/03/2018,SGF,MO,ACE,CE,Combined TRACON& Tower with Radar,23,40,30,0,93,0,10,24,0,34,23,50,54,0,127,19,0,19,146
09/04/2018,SGF,MO,ACE,CE,Combined TRACON& Tower with Radar,17,68,26,7,118,0,21,20,9,50,17,89,46,16,168,20,0,20,188
09/05/2018,SGF,MO,ACE,CE,Combined TRACON& Tower with Radar,20,56,26,7,109,0,19,21,2,42,20,75,47,9,151,42,25,67,218
09/06/2018,SGF,MO,ACE,CE,Combined TRACON& Tower with Radar,24,73,39,4,140,0,9,5,7,21,24,82,44,11,161,6,0,6,167
09/07/2018,SGF,MO,ACE,CE,Combined TRACON& Tower with Radar,23,68,33,2,126,0,0,0,0,0,23,68,33,2,126,0,0,0,126
09/08/2018,SGF,MO,ACE,CE,Combined TRACON& Tower with Radar,19,32,21,0,72,0,0,0,0,0,19,32,21,0,72,0,0,0,72
09/09/2018,SGF,MO,ACE,CE,Combined TRACON& Tower with Radar,24,42,22,0,88,0,1,1,0,2,24,43,23,0,90,0,0,0,90
09/10/2018,SGF,MO,ACE,CE,Combined TRACON& Tower with Radar,24,53,36,4,117,0,28,18,1,47,24,81,54,5,164,30,6,36,200
09/11/2018,SGF,MO,ACE,CE,Combined TRACON& Tower with Radar,25,49,37,3,114,0,21,22,5,48,25,70,59,8,162,34,0,34,196
09/12/2018,SGF,MO,ACE,CE,Combined TRACON& Tower with Radar,27,64,35,7,133,0,23,14,6,43,27,87,49,13,176,19,0,19,195
09/13/2018,SGF,MO,ACE,CE,Combined TRACON& Tower with Radar,29,46,31,6,112,0,23,24,9,56,29,69,55,15,168,50,0,50,218
09/14/2018,SGF,MO,ACE,CE,Combined TRACON& Tower with Radar,28,50,27,1,106,0,35,29,5,69,28,85,56,6,175,46,0,46,221
09/15/2018,SGF,MO,ACE,CE,Combined TRACON& Tower with Radar,22,33,18,0,73,0,17,33,5,55,22,50,51,5,128,6,0,6,134
09/16/2018,SGF,MO,ACE,CE,Combined TRACON& Tower with Radar,24,36,21,0,81,0,0,12,0,12,24,36,33,0,93,32,0,32,125
09/17/2018,SGF,MO,ACE,CE,Combined TRACON& Tower with Radar,23,44,35,16,118,0,22,18,1,41,23,66,53,17,159,44,0,44,203
09/18/2018,SGF,MO,ACE,CE,Combined TRACON& Tower with Radar,23,49,33,6,111,0,20,14,8,42,23,69,47,14,153,34,0,34,187
09/19/2018,SGF,MO,ACE,CE,Combined TRACON& Tower with Radar,25,52,57,7,141,0,26,23,5,54,25,78,80,12,195,40,0,40,235
09/20/2018,SGF,MO,ACE,CE,Combined TRACON& Tower with Radar,28,49,51,13,141,0,24,23,5,52,28,73,74,18,193,12,0,12,205
09/21/2018,SGF,MO,ACE,CE,Combined TRACON& Tower with Radar,26,66,25,4,121,0,4,9,2,15,26,70,34,6,136,28,0,28,164
09/22/2018,SGF,MO,ACE,CE,Combined TRACON& Tower with Radar,18,39,33,1,91,0,6,11,0,17,18,45,44,1,108,50,0,50,158
09/23/2018,SGF,MO,ACE,CE,Combined TRACON& Tower with Radar,24,37,29,0,90,0,0,14,0,14,24,37,43,0,104,16,0,16,120
09/24/2018,SGF,MO,ACE,CE,Combined TRACON& Tower with Radar,24,70,29,0,123,0,0,3,0,3,24,70,32,0,126,0,0,0,126
09/25/2018,SGF,MO,ACE,CE,Combined TRACON& Tower with Radar,27,53,30,2,112,0,3,7,0,10,27,56,37,2,122,4,0,4,126
09/26/2018,SGF,MO,ACE,CE,Combined TRACON& Tower with Radar,25,65,61,4,155,0,28,37,5,70,25,93,98,9,225,41,0,41,266
09/27/2018,SGF,MO,ACE,CE,Combined TRACON& Tower with Radar,29,70,66,6,171,0,35,27,2,64,29,105,93,8,235,63,6,69,304
09/28/2018,SGF,MO,ACE,CE,Combined TRACON& Tower with Radar,25,53,33,3,114,0,12,18,1,31,25,65,51,4,145,21,30,51,196
09/29/2018,SGF,MO,ACE,CE,Combined TRACON& Tower with Radar,21,39,18,0,78,0,11,15,0,26,21,50,33,0,104,58,0,58,162
09/30/2018,SGF,MO,ACE,CE,Combined TRACON& Tower with Radar,23,40,33,0,96,0,0,11,0,11,23,40,44,0,107,10,0,10,117
10/01/2018,SGF,MO,ACE,CE,Combined TRACON& Tower with Radar,23,63,31,21,138,0,9,4,0,13,23,72,35,21,151,42,0,42,193
10/02/2018,SGF,MO,ACE,CE,Combined TRACON& Tower with Radar,24,54,32,2,112,0,13,11,4,28,24,67,43,6,140,50,0,50,190
10/03/2018,SGF,MO,ACE,CE,Combined TRACON& Tower with Radar,24,58,41,14,137,0,18,9,2,29,24,76,50,16,166,8,0,8,174
10/04/2018,SGF,MO,ACE,CE,Combined TRACON& Tower with Radar,29,59,49,2,139,0,0,1,0,1,29,59,50,2,140,0,0,0,140
10/05/2018,SGF,MO,ACE,CE,Combined TRACON& Tower with Radar,22,71,36,0,129,0,14,11,0,25,22,85,47,0,154,16,0,16,170
10/06/2018,SGF,MO,ACE,CE,Combined TRACON& Tower with Radar,19,57,15,0,91,0,7,7,0,14,19,64,22,0,105,28,0,28,133
10/07/2018,SGF,MO,ACE,CE,Combined TRACON& Tower with Radar,20,40,21,11,92,0,0,2,0,2,20,40,23,11,94,0,0,0,94
10/08/2018,SGF,MO,ACE,CE,Combined TRACON& Tower with Radar,20,60,35,2,117,0,6,21,0,27,20,66,56,2,144,0,0,0,144
10/09/2018,SGF,MO,ACE,CE,Combined TRACON& Tower with Radar,20,49,33,2,104,0,3,6,2,11,20,52,39,4,115,24,0,24,139
10/10/2018,SGF,MO,ACE,CE,Combined TRACON& Tower with Radar,22,78,60,15,175,0,3,10,2,15,22,81,70,17,190,0,0,0,190
10/11/2018,SGF,MO,ACE,CE,Combined TRACON& Tower with Radar,23,55,58,10,146,0,27,25,13,65,23,82,83,23,211,64,6,70,281
10/12/2018,SGF,MO,ACE,CE,Combined TRACON& Tower with Radar,26,49,45,6,126,0,0,0,0,0,26,49,45,6,126,2,0,2,128
10/13/2018,SGF,MO,ACE,CE,Combined TRACON& Tower with Radar,19,37,32,7,95,0,3,0,4,7,19,40,32,11,102,24,0,24,126
10/14/2018,SGF,MO,ACE,CE,Combined TRACON& Tower with Radar,20,52,39,0,111,0,0,0,0,0,20,52,39,0,111,0,0,0,111
10/15/2018,SGF,MO,ACE,CE,Combined TRACON& Tower with Radar,20,52,38,21,131,0,5,14,0,19,20,57,52,21,150,33,4,37,187
10/16/2018,SGF,MO,ACE,CE,Combined TRACON& Tower with Radar,24,54,35,4,117,0,31,25,4,60,24,85,60,8,177,121,16,137,314
10/17/2018,SGF,MO,ACE,CE,Combined TRACON& Tower with Radar,22,78,51,3,154,0,31,31,4,66,22,109,82,7,220,41,6,47,267
10/18/2018,SGF,MO,ACE,CE,Combined TRACON& Tower with Radar,24,55,60,2,141,0,26,31,9,66,24,81,91,11,207,30,0,30,237
10/19/2018,SGF,MO,ACE,CE,Combined TRACON& Tower with Radar,22,56,57,0,135,0,0,3,0,3,22,56,60,0,138,6,2,8,146
10/20/2018,SGF,MO,ACE,CE,Combined TRACON& Tower with Radar,20,35,23,2,80,0,9,22,0,31,20,44,45,2,111,6,0,6,117
10/21/2018,SGF,MO,ACE,CE,Combined TRACON& Tower with Radar,20,45,21,0,86,0,4,31,0,35,20,49,52,0,121,24,0,24,145
10/22/2018,SGF,MO,ACE,CE,Combined TRACON& Tower with Radar,22,56,28,12,118,0,17,30,2,49,22,73,58,14,167,68,0,68,235
10/23/2018,SGF,MO,ACE,CE,Combined TRACON& Tower with Radar,22,56,38,10,126,0,15,24,7,46,22,71,62,17,172,51,1,52,224
10/24/2018,SGF,MO,ACE,CE,Combined TRACON& Tower with Radar,20,68,49,2,139,0,21,16,5,42,20,89,65,7,181,58,0,58,239
10/25/2018,SGF,MO,ACE,CE,Combined TRACON& Tower with Radar,26,51,45,0,122,0,3,4,2,9,26,54,49,2,131,0,0,0,131
10/26/2018,SGF,MO,ACE,CE,Combined TRACON& Tower with Radar,21,57,42,2,122,0,4,2,0,6,21,61,44,2,128,0,0,0,128
10/27/2018,SGF,MO,ACE,CE,Combined TRACON& Tower with Radar,18,41,34,0,93,0,19,29,0,48,18,60,63,0,141,16,0,16,157
10/28/2018,SGF,MO,ACE,CE,Combined TRACON& Tower with Radar,19,40,21,0,80,0,2,17,0,19,19,42,38,0,99,20,0,20,119
10/29/2018,SGF,MO,ACE,CE,Combined TRACON& Tower with Radar,20,63,22,1,106,0,12,34,4,50,20,75,56,5,156,38,0,38,194
10/30/2018,SGF,MO,ACE,CE,Combined TRACON& Tower with Radar,18,46,44,3,111,0,5,10,5,20,18,51,54,8,131,0,0,0,131
10/31/2018,SGF,MO,ACE,CE,Combined TRACON& Tower with Radar,20,40,32,0,92,0,0,0,0,0,20,40,32,0,92,0,0,0,92
11/01/2018,SGF,MO,ACE,CE,Combined TRACON& Tower with Radar,23,46,34,6,109,0,2,1,0,3,23,48,35,6,112,0,18,18,130
11/02/2018,SGF,MO,ACE,CE,Combined TRACON& Tower with Radar,21,58,34,0,113,0,9,11,3,23,21,67,45,3,136,32,0,32,168
11/03/2018,SGF,MO,ACE,CE,Combined TRACON& Tower with Radar,20,43,18,2,83,0,14,22,3,39,20,57,40,5,122,36,0,36,158
11/04/2018,SGF,MO,ACE,CE,Combined TRACON& Tower with Radar,22,42,27,12,103,0,0,0,0,0,22,42,27,12,103,6,0,6,109
11/05/2018,SGF,MO,ACE,CE,Combined TRACON& Tower with Radar,19,52,22,0,93,0,0,3,0,3,19,52,25,0,96,0,0,0,96
11/06/2018,SGF,MO,ACE,CE,Combined TRACON& Tower with Radar,19,56,34,3,112,0,28,28,8,64,19,84,62,11,176,100,0,100,276
11/07/2018,SGF,MO,ACE,CE,Combined TRACON& Tower with Radar,20,60,47,2,129,0,29,19,5,53,20,89,66,7,182,104,0,104,286
11/08/2018,SGF,MO,ACE,CE,Combined TRACON& Tower with Radar,24,57,39,19,139,0,11,4,1,16,24,68,43,20,155,24,16,40,195
11/09/2018,SGF,MO,ACE,CE,Combined TRACON& Tower with Radar,25,60,34,0,119,0,1,5,4,10,25,61,39,4,129,0,0,0,129
11/10/2018,SGF,MO,ACE,CE,Combined TRACON& Tower with Radar,19,37,24,0,80,0,7,21,2,30,19,44,45,2,110,30,0,30,140
11/11/2018,SGF,MO,ACE,CE,Combined TRACON& Tower with Radar,20,37,31,0,88,0,0,24,0,24,20,37,55,0,112,2,0,2,114
11/12/2018,SGF,MO,ACE,CE,Combined TRACON& Tower with Radar,17,48,14,0,79,0,2,0,0,2,17,50,14,0,81,0,0,0,81
11/13/2018,SGF,MO,ACE,CE,Combined TRACON& Tower with Radar,23,56,25,0,104,0,20,18,0,38,23,76,43,0,142,23,0,23,165
11/14/2018,SGF,MO,ACE,CE,Combined TRACON& Tower with Radar,20,54,36,3,113,0,20,11,6,37,20,74,47,9,150,98,26,124,274
11/15/2018,SGF,MO,ACE,CE,Combined TRACON& Tower with Radar,25,54,38,0,117,0,15,25,9,49,25,69,63,9,166,84,0,84,250
11/16/2018,SGF,MO,ACE,CE,Combined TRACON& Tower with Radar,25,58,24,0,107,0,20,32,8,60,25,78,56,8,167,89,1,90,257
11/17/2018,SGF,MO,ACE,CE,Combined TRACON& Tower with Radar,21,37,25,0,83,0,13,24,1,38,21,50,49,1,121,70,0,70,191
11/18/2018,SGF,MO,ACE,CE,Combined TRACON& Tower with Radar,20,43,16,2,81,0,0,0,0,0,20,43,16,2,81,0,0,0,81
11/19/2018,SGF,MO,ACE,CE,Combined TRACON& Tower with Radar,21,44,32,0,97,0,5,5,0,10,21,49,37,0,107,30,0,30,137
11/20/2018,SGF,MO,ACE,CE,Combined TRACON& Tower with Radar,23,63,45,0,131,0,17,26,8,51,23,80,71,8,182,88,0,88,270
11/21/2018,SGF,MO,ACE,CE,Combined TRACON& Tower with Radar,31,62,41,2,136,0,15,14,6,35,31,77,55,8,171,55,0,55,226
11/22/2018,SGF,MO,ACE,CE,Combined TRACON& Tower with Radar,11,21,17,0,49,0,0,12,0,12,11,21,29,0,61,0,0,0,61
11/23/2018,SGF,MO,ACE,CE,Combined TRACON& Tower with Radar,15,29,17,0,61,0,0,2,0,2,15,29,19,0,63,8,0,8,71
11/24/2018,SGF,MO,ACE,CE,Combined TRACON& Tower with Radar,20,50,44,0,114,0,8,46,0,54,20,58,90,0,168,34,0,34,202
11/25/2018,SGF,MO,ACE,CE,Combined TRACON& Tower with Radar,27,41,20,0,88,0,1,0,0,1,27,42,20,0,89,0,0,0,89
11/26/2018,SGF,MO,ACE,CE,Combined TRACON& Tower with Radar,22,52,45,7,126,0,3,7,1,11,22,55,52,8,137,48,0,48,185
11/27/2018,SGF,MO,ACE,CE,Combined TRACON& Tower with Radar,19,61,43,1,124,0,7,10,4,21,19,68,53,5,145,26,2,28,173
11/28/2018,SGF,MO,ACE,CE,Combined TRACON& Tower with Radar,23,54,48,0,125,0,15,25,4,44,23,69,73,4,169,48,0,48,217
11/29/2018,SGF,MO,ACE,CE,Combined TRACON& Tower with Radar,26,55,50,0,131,0,15,19,4,38,26,70,69,4,169,38,18,56,225
11/30/2018,SGF,MO,ACE,CE,Combined TRACON& Tower with Radar,22,43,18,1,84,0,0,2,1,3,22,43,20,2,87,0,0,0,87
12/01/2018,SGF,MO,ACE,CE,Combined TRACON& Tower with Radar,16,40,14,1,71,0,5,7,3,15,16,45,21,4,86,6,0,6,92
12/02/2018,SGF,MO,ACE,CE,Combined TRACON& Tower with Radar,18,47,22,2,89,0,0,4,0,4,18,47,26,2,93,0,0,0,93
12/03/2018,SGF,MO,ACE,CE,Combined TRACON& Tower with Radar,20,47,29,0,96,0,3,7,0,10,20,50,36,0,106,86,0,86,192
12/04/2018,SGF,MO,ACE,CE,Combined TRACON& Tower with Radar,21,59,39,0,119,0,8,5,2,15,21,67,44,2,134,119,0,119,253
12/05/2018,SGF,MO,ACE,CE,Combined TRACON& Tower with Radar,25,49,44,2,120,0,29,33,2,64,25,78,77,4,184,94,0,94,278
12/06/2018,SGF,MO,ACE,CE,Combined TRACON& Tower with Radar,24,60,39,1,124,0,3,4,5,12,24,63,43,6,136,10,14,24,160
12/07/2018,SGF,MO,ACE,CE,Combined TRACON& Tower with Radar,26,47,24,5,102,0,1,0,5,6,26,48,24,10,108,0,70,70,178
12/08/2018,SGF,MO,ACE,CE,Combined TRACON& Tower with Radar,15,46,14,2,77,0,14,11,3,28,15,60,25,5,105,20,0,20,125
12/09/2018,SGF,MO,ACE,CE,Combined TRACON& Tower with Radar,18,38,28,1,85,0,12,17,2,31,18,50,45,3,116,33,0,33,149
12/10/2018,SGF,MO,ACE,CE,Combined TRACON& Tower with Radar,23,51,30,0,104,0,16,11,2,29,23,67,41,2,133,93,0,93,226
12/11/2018,SGF,MO,ACE,CE,Combined TRACON& Tower with Radar,22,51,44,2,119,0,20,19,1,40,22,71,63,3,159,40,0,40,199
12/12/2018,SGF,MO,ACE,CE,Combined TRACON& Tower with Radar,24,45,56,4,129,0,24,37,14,75,24,69,93,18,204,59,0,59,263
12/13/2018,SGF,MO,ACE,CE,Combined TRACON& Tower with Radar,26,43,29,0,98,0,0,0,0,0,26,43,29,0,98,0,0,0,98
12/14/2018,SGF,MO,ACE,CE,Combined TRACON& Tower with Radar,23,41,37,0,101,0,0,0,0,0,23,41,37,0,101,0,0,0,101
12/15/2018,SGF,MO,ACE,CE,Combined TRACON& Tower with Radar,22,38,45,0,105,0,18,24,0,42,22,56,69,0,147,38,0,38,185
12/16/2018,SGF,MO,ACE,CE,Combined TRACON& Tower with Radar,18,42,17,12,89,0,0,23,0,23,18,42,40,12,112,9,0,9,121
12/17/2018,SGF,MO,ACE,CE,Combined TRACON& Tower with Radar,21,58,44,0,123,0,26,20,0,46,21,84,64,0,169,56,0,56,225
12/18/2018,SGF,MO,ACE,CE,Combined TRACON& Tower with Radar,23,46,47,13,129,0,28,19,9,56,23,74,66,22,185,42,4,46,231
12/19/2018,SGF,MO,ACE,CE,Combined TRACON& Tower with Radar,23,59,56,3,141,0,10,8,5,23,23,69,64,8,164,52,22,74,238
12/20/2018,SGF,MO,ACE,CE,Combined TRACON& Tower with Radar,22,59,35,11,127,0,5,3,4,12,22,64,38,15,139,16,0,16,155
12/21/2018,SGF,MO,ACE,CE,Combined TRACON& Tower with Radar,27,52,34,10,123,0,12,8,0,20,27,64,42,10,143,26,12,38,181
12/22/2018,SGF,MO,ACE,CE,Combined TRACON& Tower with Radar,19,41,24,0,84,0,14,38,0,52,19,55,62,0,136,73,0,73,209
12/23/2018,SGF,MO,ACE,CE,Combined TRACON& Tower with Radar,16,43,13,0,72,0,0,16,0,16,16,43,29,0,88,18,0,18,106
12/24/2018,SGF,MO,ACE,CE,Combined TRACON& Tower with Radar,16,38,8,0,62,0,2,9,0,11,16,40,17,0,73,4,0,4,77
12/25/2018,SGF,MO,ACE,CE,Combined TRACON& Tower with Radar,8,38,9,0,55,0,0,9,0,9,8,38,18,0,64,24,0,24,88
12/26/2018,SGF,MO,ACE,CE,Combined TRACON& Tower with Radar,22,42,32,0,96,0,1,0,0,1,22,43,32,0,97,0,0,0,97
12/27/2018,SGF,MO,ACE,CE,Combined TRACON& Tower with Radar,17,44,21,8,90,0,2,4,6,12,17,46,25,14,102,0,18,18,120
12/28/2018,SGF,MO,ACE,CE,Combined TRACON& Tower with Radar,21,47,27,0,95,0,2,5,2,9,21,49,32,2,104,54,0,54,158
12/29/2018,SGF,MO,ACE,CE,Combined TRACON& Tower with Radar,21,42,18,0,81,0,0,12,1,13,21,42,30,1,94,0,0,0,94
12/30/2018,SGF,MO,ACE,CE,Combined TRACON& Tower with Radar,14,41,33,0,88,0,2,24,0,26,14,43,57,0,114,6,0,6,120
12/31/2018,SGF,MO,ACE,CE,Combined TRACON& Tower with Radar,17,42,16,0,75,0,0,1,0,1,17,42,17,0,76,0,0,0,76
01/01/2019,SGF,MO,ACE,CE,Combined TRACON& Tower with Radar,13,49,15,0,77,0,0,0,0,0,13,49,15,0,77,0,0,0,77
01/02/2019,SGF,MO,ACE,CE,Combined TRACON& Tower with Radar,20,44,15,0,79,0,0,0,0,0,20,44,15,0,79,0,0,0,79
01/03/2019,SGF,MO,ACE,CE,Combined TRACON& Tower with Radar,18,66,20,5,109,0,19,25,5,49,18,85,45,10,158,60,0,60,218
01/04/2019,SGF,MO,ACE,CE,Combined TRACON& Tower with Radar,19,62,20,2,103,0,19,13,2,34,19,81,33,4,137,40,0,40,177
01/05/2019,SGF,MO,ACE,CE,Combined TRACON& Tower with Radar,17,47,37,0,101,0,12,42,0,54,17,59,79,0,155,70,0,70,225
01/06/2019,SGF,MO,ACE,CE,Combined TRACON& Tower with Radar,14,39,24,0,77,0,1,20,0,21,14,40,44,0,98,0,0,0,98
01/07/2019,SGF,MO,ACE,CE,Combined TRACON& Tower with Radar,16,50,24,2,92,0,4,4,1,9,16,54,28,3,101,4,0,4,105
01/08/2019,SGF,MO,ACE,CE,Combined TRACON& Tower with Radar,14,56,26,19,115,0,29,11,1,41,14,85,37,20,156,70,11,81,237
01/09/2019,SGF,MO,ACE,CE,Combined TRACON& Tower with Radar,14,74,46,19,153,0,30,15,3,48,14,104,61,22,201,57,6,63,264
01/10/2019,SGF,MO,ACE,CE,Combined TRACON& Tower with Radar,18,58,43,2,121,0,27,19,17,63,18,85,62,19,184,48,0,48,232
01/11/2019,SGF,MO,ACE,CE,Combined TRACON& Tower with Radar,21,53,13,1,88,0,0,0,1,1,21,53,13,2,89,0,10,10,99
01/12/2019,SGF,MO,ACE,CE,Combined TRACON& Tower with Radar,16,33,15,0,64,0,0,0,0,0,16,33,15,0,64,0,0,0,64
01/13/2019,SGF,MO,ACE,CE,Combined TRACON& Tower with Radar,15,50,9,0,74,0,0,0,0,0,15,50,9,0,74,0,0,0,74
01/14/2019,SGF,MO,ACE,CE,Combined TRACON& Tower with Radar,16,42,23,0,81,0,0,0,0,0,16,42,23,0,81,0,0,0,81
01/15/2019,SGF,MO,ACE,CE,Combined TRACON& Tower with Radar,14,50,22,4,90,0,2,8,0,10,14,52,30,4,100,0,6,6,106
01/16/2019,SGF,MO,ACE,CE,Combined TRACON& Tower with Radar,14,53,37,0,104,0,3,1,0,4,14,56,38,0,108,2,18,20,128
01/17/2019,SGF,MO,ACE,CE,Combined TRACON& Tower with Radar,18,44,43,0,105,0,0,0,0,0,18,44,43,0,105,0,0,0,105
01/18/2019,SGF,MO,ACE,CE,Combined TRACON& Tower with Radar,17,50,26,0,93,0,3,5,0,8,17,53,31,0,101,0,0,0,101
01/19/2019,SGF,MO,ACE,CE,Combined TRACON& Tower with Radar,15,26,5,0,46,0,1,0,0,1,15,27,5,0,47,0,0,0,47
01/20/2019,SGF,MO,ACE,CE,Combined TRACON& Tower with Radar,12,47,22,0,81,0,1,22,0,23,12,48,44,0,104,19,0,19,123
01/21/2019,SGF,MO,ACE,CE,Combined TRACON& Tower with Radar,17,57,33,0,107,0,8,10,0,18,17,65,43,0,125,18,0,18,143
01/22/2019,SGF,MO,ACE,CE,Combined TRACON& Tower with Radar,16,36,21,0,73,0,1,0,0,1,16,37,21,0,74,0,0,0,74
01/23/2019,SGF,MO,ACE,CE,Combined TRACON& Tower with Radar,13,45,25,16,99,0,3,0,1,4,13,48,25,17,103,0,10,10,113
01/24/2019,SGF,MO,ACE,CE,Combined TRACON& Tower with Radar,21,49,35,1,106,0,30,10,15,55,21,79,45,16,161,38,0,38,199
01/25/2019,SGF,MO,ACE,CE,Combined TRACON& Tower with Radar,21,59,19,4,103,0,25,11,4,40,21,84,30,8,143,72,0,72,215
01/26/2019,SGF,MO,ACE,CE,Combined TRACON& Tower with Radar,15,43,26,0,84,0,4,11,0,15,15,47,37,0,99,16,0,16,115
01/27/2019,SGF,MO,ACE,CE,Combined TRACON& Tower with Radar,14,46,26,0,86,0,4,19,0,23,14,50,45,0,109,0,0,0,109
01/28/2019,SGF,MO,ACE,CE,Combined TRACON& Tower with Radar,20,38,20,0,78,0,1,3,1,5,20,39,23,1,83,0,0,0,83
01/29/2019,SGF,MO,ACE,CE,Combined TRACON& Tower with Radar,15,53,34,8,110,0,18,4,9,31,15,71,38,17,141,43,0,43,184
01/30/2019,SGF,MO,ACE,CE,Combined TRACON& Tower with Radar,16,43,27,4,90,0,2,6,10,18,16,45,33,14,108,0,0,0,108
01/31/2019,SGF,MO,ACE,CE,Combined TRACON& Tower with Radar,21,54,34,1,110,0,14,6,9,29,21,68,40,10,139,66,28,94,233
02/01/2019,SGF,MO,ACE,CE,Combined TRACON& Tower with Radar,21,57,31,5,114,0,1,3,0,4,21,58,34,5,118,8,0,8,126
02/02/2019,SGF,MO,ACE,CE,Combined TRACON& Tower with Radar,12,46,30,0,88,0,7,13,0,20,12,53,43,0,108,4,0,4,112
02/03/2019,SGF,MO,ACE,CE,Combined TRACON& Tower with Radar,15,50,11,0,76,0,0,9,0,9,15,50,20,0,85,4,0,4,89
02/04/2019,SGF,MO,ACE,CE,Combined TRACON& Tower with Radar,17,51,34,0,102,0,2,1,0,3,17,53,35,0,105,26,0,26,131
02/05/2019,SGF,MO,ACE,CE,Combined TRACON& Tower with Radar,14,54,27,0,95,0,1,0,0,1,14,55,27,0,96,46,0,46,142
02/06/2019,SGF,MO,ACE,CE,Combined TRACON& Tower with Radar,13,40,27,0,80,0,0,0,0,0,13,40,27,0,80,0,0,0,80
02/07/2019,SGF,MO,ACE,CE,Combined TRACON& Tower with Radar,27,33,22,0,82,0,0,1,0,1,27,33,23,0,83,0,56,56,139
02/08/2019,SGF,MO,ACE,CE,Combined TRACON& Tower with Radar,21,49,37,7,114,0,26,28,4,58,21,75,65,11,172,40,0,40,212
02/09/2019,SGF,MO,ACE,CE,Combined TRACON& Tower with Radar,13,41,41,6,101,0,15,29,2,46,13,56,70,8,147,16,0,16,163
02/10/2019,SGF,MO,ACE,CE,Combined TRACON& Tower with Radar,14,45,11,0,70,0,0,0,0,0,14,45,11,0,70,0,0,0,70
02/11/2019,SGF,MO,ACE,CE,Combined TRACON& Tower with Radar,18,52,17,0,87,0,0,0,0,0,18,52,17,0,87,0,0,0,87
02/12/2019,SGF,MO,ACE,CE,Combined TRACON& Tower with Radar,14,54,29,11,108,0,3,7,4,14,14,57,36,15,122,0,0,0,122
02/13/2019,SGF,MO,ACE,CE,Combined TRACON& Tower with Radar,18,52,29,1,100,0,15,22,16,53,18,67,51,17,153,27,2,29,182
02/14/2019,SGF,MO,ACE,CE,Combined TRACON& Tower with Radar,20,53,21,1,95,0,1,18,7,26,20,54,39,8,121,20,0,20,141
02/15/2019,SGF,MO,ACE,CE,Combined TRACON& Tower with Radar,17,29,18,0,64,0,1,0,0,1,17,30,18,0,65,0,0,0,65
02/16/2019,SGF,MO,ACE,CE,Combined TRACON& Tower with Radar,15,40,22,0,77,0,2,4,2,8,15,42,26,2,85,0,0,0,85
02/17/2019,SGF,MO,ACE,CE,Combined TRACON& Tower with Radar,12,40,13,0,65,0,1,6,0,7,12,41,19,0,72,0,0,0,72
02/18/2019,SGF,MO,ACE,CE,Combined TRACON& Tower with Radar,18,68,38,0,124,0,33,16,0,49,18,101,54,0,173,48,0,48,221
02/19/2019,SGF,MO,ACE,CE,Combined TRACON& Tower with Radar,18,81,22,0,121,0,15,13,6,34,18,96,35,6,155,8,0,8,163
02/20/2019,SGF,MO,ACE,CE,Combined TRACON& Tower with Radar,18,60,22,14,114,0,5,1,3,9,18,65,23,17,123,0,14,14,137
02/21/2019,SGF,MO,ACE,CE,Combined TRACON& Tower with Radar,20,60,56,10,146,0,32,20,12,64,20,92,76,22,210,26,0,26,236
02/22/2019,SGF,MO,ACE,CE,Combined TRACON& Tower with Radar,19,52,32,4,107,0,1,0,0,1,19,53,32,4,108,0,0,0,108
02/23/2019,SGF,MO,ACE,CE,Combined TRACON& Tower with Radar,14,36,1,0,51,0,1,2,0,3,14,37,3,0,54,0,0,0,54
02/24/2019,SGF,MO,ACE,CE,Combined TRACON& Tower with Radar,13,44,11,2,70,0,7,28,0,35,13,51,39,2,105,32,0,32,137
02/25/2019,SGF,MO,ACE,CE,Combined TRACON& Tower with Radar,16,76,21,12,125,0,18,26,0,44,16,94,47,12,169,28,0,28,197
02/26/2019,SGF,MO,ACE,CE,Combined TRACON& Tower with Radar,18,79,41,9,147,0,25,29,9,63,18,104,70,18,210,24,6,30,240
02/27/2019,SGF,MO,ACE,CE,Combined TRACON& Tower with Radar,18,55,36,0,109,0,0,0,0,0,18,55,36,0,109,0,0,0,109
02/28/2019,SGF,MO,ACE,CE,Combined TRACON& Tower with Radar,18,47,17,0,82,0,0,0,0,0,18,47,17,0,82,0,0,0,82
03/01/2019,SGF,MO,ACE,CE,Combined TRACON& Tower with Radar,21,45,20,0,86,0,0,1,2,3,21,45,21,2,89,0,10,10,99
03/02/2019,SGF,MO,ACE,CE,Combined TRACON& Tower with Radar,13,55,22,4,94,0,3,4,0,7,13,58,26,4,101,25,0,25,126
03/03/2019,SGF,MO,ACE,CE,Combined TRACON& Tower with Radar,14,50,6,0,70,0,1,2,0,3,14,51,8,0,73,0,0,0,73
03/04/2019,SGF,MO,ACE,CE,Combined TRACON& Tower with Radar,16,66,37,9,128,0,6,9,0,15,16,72,46,9,143,18,0,18,161
03/05/2019,SGF,MO,ACE,CE,Combined TRACON& Tower with Radar,22,62,33,0,117,0,14,18,7,39,22,76,51,7,156,68,0,68,224
03/06/2019,SGF,MO,ACE,CE,Combined TRACON& Tower with Radar,18,57,58,1,134,0,24,22,10,56,18,81,80,11,190,44,0,44,234
03/07/2019,SGF,MO,ACE,CE,Combined TRACON& Tower with Radar,18,56,30,4,108,0,16,5,3,24,18,72,35,7,132,13,0,13,145
03/08/2019,SGF,MO,ACE,CE,Combined TRACON& Tower with Radar,21,46,43,0,110,0,1,0,0,1,21,47,43,0,111,8,0,8,119
03/09/2019,SGF,MO,ACE,CE,Combined TRACON& Tower with Radar,19,39,22,0,80,0,1,2,0,3,19,40,24,0,83,0,0,0,83
03/10/2019,SGF,MO,ACE,CE,Combined TRACON& Tower with Radar,18,45,36,0,99,0,4,33,0,37,18,49,69,0,136,29,0,29,165
03/11/2019,SGF,MO,ACE,CE,Combined TRACON& Tower with Radar,16,64,35,0,115,0,15,10,0,25,16,79,45,0,140,67,0,67,207
03/12/2019,SGF,MO,ACE,CE,Combined TRACON& Tower with Radar,22,44,41,4,111,0,1,0,0,1,22,45,41,4,112,0,0,0,112
03/13/2019,SGF,MO,ACE,CE,Combined TRACON& Tower with Radar,17,50,26,5,98,0,1,5,4,10,17,51,31,9,108,0,0,0,108
03/14/2019,SGF,MO,ACE,CE,Combined TRACON& Tower with Radar,21,40,29,0,90,0,0,2,7,9,21,40,31,7,99,0,0,0,99
03/15/2019,SGF,MO,ACE,CE,Combined TRACON& Tower with Radar,20,69,30,1,120,0,22,24,10,56,20,91,54,11,176,46,0,46,222
03/16/2019,SGF,MO,ACE,CE,Combined TRACON& Tower with Radar,17,51,38,0,106,0,16,52,6,74,17,67,90,6,180,39,0,39,219
03/17/2019,SGF,MO,ACE,CE,Combined TRACON& Tower with Radar,16,45,28,0,89,0,6,36,0,42,16,51,64,0,131,18,0,18,149
03/18/2019,SGF,MO,ACE,CE,Combined TRACON& Tower with Radar,16,62,36,0,114,0,28,23,0,51,16,90,59,0,165,63,0,63,228
03/19/2019,SGF,MO,ACE,CE,Combined TRACON& Tower with Radar,20,75,31,15,141,0,33,24,13,70,20,108,55,28,211,50,6,56,267
03/20/2019,SGF,MO,ACE,CE,Combined TRACON& Tower with Radar,18,70,32,2,122,0,6,1,2,9,18,76,33,4,131,0,0,0,131
03/21/2019,SGF,MO,ACE,CE,Combined TRACON& Tower with Radar,20,71,48,1,140,0,20,36,6,62,20,91,84,7,202,54,0,54,256
03/22/2019,SGF,MO,ACE,CE,Combined TRACON& Tower with Radar,20,56,32,1,109,0,29,34,2,65,20,85,66,3,174,104,0,104,278
03/23/2019,SGF,MO,ACE,CE,Combined TRACON& Tower with Radar,17,46,26,4,93,0,6,8,1,15,17,52,34,5,108,38,0,38,146
03/24/2019,SGF,MO,ACE,CE,Combined TRACON& Tower with Radar,16,47,15,0,78,0,0,7,1,8,16,47,22,1,86,0,0,0,86
03/25/2019,SGF,MO,ACE,CE,Combined TRACON& Tower with Radar,17,58,49,0,124,0,0,2,0,2,17,58,51,0,126,0,0,0,126
03/26/2019,SGF,MO,ACE,CE,Combined TRACON& Tower with Radar,20,72,35,6,133,0,31,24,2,57,20,103,59,8,190,75,4,79,269
03/27/2019,SGF,MO,ACE,CE,Combined TRACON& Tower with Radar,21,62,46,5,134,0,20,30,6,56,21,82,76,11,190,68,0,68,258
03/28/2019,SGF,MO,ACE,CE,Combined TRACON& Tower with Radar,19,62,36,3,120,0,8,7,5,20,19,70,43,8,140,4,0,4,144
03/29/2019,SGF,MO,ACE,CE,Combined TRACON& Tower with Radar,19,53,15,0,87,0,3,6,0,9,19,56,21,0,96,18,0,18,114
03/30/2019,SGF,MO,ACE,CE,Combined TRACON& Tower with Radar,17,45,14,0,76,0,1,0,0,1,17,46,14,0,77,0,0,0,77
03/31/2019,SGF,MO,ACE,CE,Combined TRACON& Tower with Radar,16,53,26,0,95,0,17,58,0,75,16,70,84,0,170,59,0,59,229
04/01/2019,SGF,MO,ACE,CE,Combined TRACON& Tower with Radar,18,69,23,4,114,0,13,22,1,36,18,82,45,5,150,37,0,37,187
04/02/2019,SGF,MO,ACE,CE,Combined TRACON& Tower with Radar,18,52,54,0,124,0,28,30,7,65,18,80,84,7,189,30,0,30,219
04/03/2019,SGF,MO,ACE,CE,Combined TRACON& Tower with Radar,18,74,42,3,137,0,19,19,8,46,18,93,61,11,183,21,4,25,208
04/04/2019,SGF,MO,ACE,CE,Combined TRACON& Tower with Radar,18,57,30,4,109,0,0,0,0,0,18,57,30,4,109,4,0,4,113
04/05/2019,SGF,MO,ACE,CE,Combined TRACON& Tower with Radar,19,55,28,28,130,0,17,24,0,41,19,72,52,28,171,38,26,64,235
04/06/2019,SGF,MO,ACE,CE,Combined TRACON& Tower with Radar,15,53,16,0,84,0,20,15,2,37,15,73,31,2,121,32,0,32,153
04/07/2019,SGF,MO,ACE,CE,Combined TRACON& Tower with Radar,14,44,28,0,86,0,2,12,2,16,14,46,40,2,102,0,0,0,102
04/08/2019,SGF,MO,ACE,CE,Combined TRACON& Tower with Radar,16,77,26,6,125,0,13,22,0,35,16,90,48,6,160,14,0,14,174
04/09/2019,SGF,MO,ACE,CE,Combined TRACON& Tower with Radar,16,60,33,4,113,0,27,25,4,56,16,87,58,8,169,52,0,52,221
04/10/2019,SGF,MO,ACE,CE,Combined TRACON& Tower with Radar,22,50,33,2,107,0,8,10,2,20,22,58,43,4,127,0,0,0,127
04/11/2019,SGF,MO,ACE,CE,Combined TRACON& Tower with Radar,22,48,39,5,114,0,3,6,4,13,22,51,45,9,127,2,0,2,129
04/12/2019,SGF,MO,ACE,CE,Combined TRACON& Tower with Radar,19,68,49,2,138,0,24,21,4,49,19,92,70,6,187,67,0,67,254
04/13/2019,SGF,MO,ACE,CE,Combined TRACON& Tower with Radar,17,33,15,1,66,0,7,8,0,15,17,40,23,1,81,25,5,30,111
04/14/2019,SGF,MO,ACE,CE,Combined TRACON& Tower with Radar,13,34,28,3,78,0,5,4,0,9,13,39,32,3,87,7,0,7,94
04/15/2019,SGF,MO,ACE,CE,Combined TRACON& Tower with Radar,15,63,27,0,105,0,9,35,1,45,15,72,62,1,150,66,0,66,216
04/16/2019,SGF,MO,ACE,CE,Combined TRACON& Tower with Radar,16,54,32,2,104,0,20,22,9,51,16,74,54,11,155,91,6,97,252
04/17/2019,SGF,MO,ACE,CE,Combined TRACON& Tower with Radar,24,72,46,6,148,0,6,11,1,18,24,78,57,7,166,15,0,15,181
04/18/2019,SGF,MO,ACE,CE,Combined TRACON& Tower with Radar,24,58,33,0,115,0,5,10,2,17,24,63,43,2,132,5,2,7,139
04/19/2019,SGF,MO,ACE,CE,Combined TRACON& Tower with Radar,25,47,37,4,113,0,8,5,8,21,25,55,42,12,134,0,0,0,134
04/20/2019,SGF,MO,ACE,CE,Combined TRACON& Tower with Radar,15,41,14,8,78,0,15,49,6,70,15,56,63,14,148,41,0,41,189
04/21/2019,SGF,MO,ACE,CE,Combined TRACON& Tower with Radar,12,47,21,7,87,0,12,17,1,30,12,59,38,8,117,0,12,12,129
04/22/2019,SGF,MO,ACE,CE,Combined TRACON& Tower with Radar,18,68,53,1,140,0,18,15,1,34,18,86,68,2,174,56,0,56,230
04/23/2019,SGF,MO,ACE,CE,Combined TRACON& Tower with Radar,18,46,38,2,104,0,0,6,1,7,18,46,44,3,111,18,0,18,129
04/24/2019,SGF,MO,ACE,CE,Combined TRACON& Tower with Radar,22,53,49,3,127,0,0,2,0,2,22,53,51,3,129,0,0,0,129
04/25/2019,SGF,MO,ACE,CE,Combined TRACON& Tower with Radar,22,52,33,6,113,0,5,8,8,21,22,57,41,14,134,32,0,32,166
04/26/2019,SGF,MO,ACE,CE,Combined TRACON& Tower with Radar,19,69,30,6,124,0,36,27,9,72,19,105,57,15,196,84,6,90,286
04/27/2019,SGF,MO,ACE,CE,Combined TRACON& Tower with Radar,15,37,14,0,66,0,3,4,0,7,15,40,18,0,73,0,0,0,73
04/28/2019,SGF,MO,ACE,CE,Combined TRACON& Tower with Radar,16,45,19,0,80,0,7,15,6,28,16,52,34,6,108,14,0,14,122
04/29/2019,SGF,MO,ACE,CE,Combined TRACON& Tower with Radar,16,55,36,0,107,0,8,12,0,20,16,63,48,0,127,17,0,17,144
04/30/2019,SGF,MO,ACE,CE,Combined TRACON& Tower with Radar,14,44,21,1,80,0,3,4,2,9,14,47,25,3,89,8,0,8,97
05/01/2019,SGF,MO,ACE,CE,Combined TRACON& Tower with Radar,24,66,44,2,136,0,10,8,0,18,24,76,52,2,154,20,0,20,174
05/02/2019,SGF,MO,ACE,CE,Combined TRACON& Tower with Radar,20,65,37,0,122,0,4,2,0,6,20,69,39,0,128,6,0,6,134
05/03/2019,SGF,MO,ACE,CE,Combined TRACON& Tower with Radar,24,52,36,3,115,0,0,0,1,1,24,52,36,4,116,0,0,0,116
05/04/2019,SGF,MO,ACE,CE,Combined TRACON& Tower with Radar,27,38,24,0,89,0,14,21,0,35,27,52,45,0,124,25,0,25,149
05/05/2019,SGF,MO,ACE,CE,Combined TRACON& Tower with Radar,20,57,36,1,114,0,22,26,10,58,20,79,62,11,172,65,0,65,237
05/06/2019,SGF,MO,ACE,CE,Combined TRACON& Tower with Radar,22,61,20,0,103,0,24,12,0,36,22,85,32,0,139,79,0,79,218
05/07/2019,SGF,MO,ACE,CE,Combined TRACON& Tower with Radar,22,68,32,5,127,0,21,11,8,40,22,89,43,13,167,46,0,46,213
05/08/2019,SGF,MO,ACE,CE,Combined TRACON& Tower with Radar,24,37,22,10,93,0,2,0,6,8,24,39,22,16,101,0,0,0,101
05/09/2019,SGF,MO,ACE,CE,Combined TRACON& Tower with Radar,26,52,49,10,137,0,4,0,2,6,26,56,49,12,143,0,0,0,143
05/10/2019,SGF,MO,ACE,CE,Combined TRACON& Tower with Radar,29,69,39,8,145,0,19,19,12,50,29,88,58,20,195,32,0,32,227
05/11/2019,SGF,MO,ACE,CE,Combined TRACON& Tower with Radar,23,42,13,0,78,0,0,5,0,5,23,42,18,0,83,0,0,0,83
05/12/2019,SGF,MO,ACE,CE,Combined TRACON& Tower with Radar,24,43,27,0,94,0,5,7,0,12,24,48,34,0,106,6,0,6,112
05/13/2019,SGF,MO,ACE,CE,Combined TRACON& Tower with Radar,22,54,26,12,114,0,30,29,2,61,22,84,55,14,175,80,18,98,273
05/14/2019,SGF,MO,ACE,CE,Combined TRACON& Tower with Radar,24,51,68,0,143,0,25,27,3,55,24,76,95,3,198,112,0,112,310
05/15/2019,SGF,MO,ACE,CE,Combined TRACON& Tower with Radar,31,55,43,14,143,0,16,22,11,49,31,71,65,25,192,46,12,58,250
05/16/2019,SGF,MO,ACE,CE,Combined TRACON& Tower with Radar,26,48,62,2,138,0,15,18,5,38,26,63,80,7,176,64,0,64,240
05/17/2019,SGF,MO,ACE,CE,Combined TRACON& Tower with Radar,25,52,34,12,123,0,14,19,0,33,25,66,53,12,156,52,4,56,212
05/18/2019,SGF,MO,ACE,CE,Combined TRACON& Tower with Radar,28,29,12,0,69,0,3,4,0,7,28,32,16,0,76,0,0,0,76
05/19/2019,SGF,MO,ACE,CE,Combined TRACON& Tower with Radar,23,48,27,0,98,0,13,13,0,26,23,61,40,0,124,34,0,34,158
05/20/2019,SGF,MO,ACE,CE,Combined TRACON& Tower with Radar,25,54,49,0,128,0,21,22,0,43,25,75,71,0,171,43,0,43,214
05/21/2019,SGF,MO,ACE,CE,Combined TRACON& Tower with Radar,25,51,17,0,93,0,1,0,0,1,25,52,17,0,94,0,0,0,94
05/22/2019,SGF,MO,ACE,CE,Combined TRACON& Tower with Radar,29,58,50,2,139,0,11,14,6,31,29,69,64,8,170,13,0,13,183
05/23/2019,SGF,MO,ACE,CE,Combined TRACON& Tower with Radar,29,61,45,0,135,0,11,9,0,20,29,72,54,0,155,38,0,38,193
05/24/2019,SGF,MO,ACE,CE,Combined TRACON& Tower with Radar,27,63,26,2,118,0,18,18,0,36,27,81,44,2,154,40,0,40,194
05/25/2019,SGF,MO,ACE,CE,Combined TRACON& Tower with Radar,31,49,27,0,107,0,16,26,2,44,31,65,53,2,151,28,0,28,179
05/26/2019,SGF,MO,ACE,CE,Combined TRACON& Tower with Radar,18,44,22,0,84,0,3,6,0,9,18,47,28,0,93,2,0,2,95
05/27/2019,SGF,MO,ACE,CE,Combined TRACON& Tower with Radar,21,44,22,0,87,0,2,14,0,16,21,46,36,0,103,38,0,38,141
05/28/2019,SGF,MO,ACE,CE,Combined TRACON& Tower with Radar,27,63,27,2,119,0,7,9,4,20,27,70,36,6,139,39,0,39,178
05/29/2019,SGF,MO,ACE,CE,Combined TRACON& Tower with Radar,28,45,31,0,104,0,8,2,2,12,28,53,33,2,116,16,0,16,132
05/30/2019,SGF,MO,ACE,CE,Combined TRACON& Tower with Radar,26,55,38,3,122,0,21,15,9,45,26,76,53,12,167,12,0,12,179
05/31/2019,SGF,MO,ACE,CE,Combined TRACON& Tower with Radar,27,56,41,2,126,0,21,31,10,62,27,77,72,12,188,46,0,46,234
06/01/2019,SGF,MO,ACE,CE,Combined TRACON& Tower with Radar,27,42,25,14,108,0,16,18,0,34,27,58,43,14,142,26,4,30,172
06/02/2019,SGF,MO,ACE,CE,Combined TRACON& Tower with Radar,24,57,24,0,105,0,6,25,0,31,24,63,49,0,136,6,0,6,142
06/03/2019,SGF,MO,ACE,CE,Combined TRACON& Tower with Radar,26,50,32,0,108,0,24,12,3,39,26,74,44,3,147,65,0,65,212
06/04/2019,SGF,MO,ACE,CE,Combined TRACON& Tower with Radar,31,48,56,1,136,0,20,9,4,33,31,68,65,5,169,62,0,62,231
06/05/2019,SGF,MO,ACE,CE,Combined TRACON& Tower with Radar,31,60,43,6,140,0,39,21,15,75,31,99,64,21,215,62,0,62,277
06/06/2019,SGF,MO,ACE,CE,Combined TRACON& Tower with Radar,34,50,27,4,115,0,12,8,3,23,34,62,35,7,138,52,0,52,190
06/07/2019,SGF,MO,ACE,CE,Combined TRACON& Tower with Radar,32,51,32,0,115,0,4,4,5,13,32,55,36,5,128,0,0,0,128
06/08/2019,SGF,MO,ACE,CE,Combined TRACON& Tower with Radar,29,45,19,0,93,0,18,26,2,46,29,63,45,2,139,26,0,26,165
06/09/2019,SGF,MO,ACE,CE,Combined TRACON& Tower with Radar,26,47,29,0,102,0,4,15,4,23,26,51,44,4,125,21,0,21,146
06/10/2019,SGF,MO,ACE,CE,Combined TRACON& Tower with Radar,29,53,33,0,115,0,38,27,1,66,29,91,60,1,181,35,0,35,216
06/11/2019,SGF,MO,ACE,CE,Combined TRACON& Tower with Radar,32,62,34,1,129,0,36,17,9,62,32,98,51,10,191,50,0,50,241
06/12/2019,SGF,MO,ACE,CE,Combined TRACON& Tower with Radar,32,58,50,0,140,0,9,16,0,25,32,67,66,0,165,14,0,14,179
06/13/2019,SGF,MO,ACE,CE,Combined TRACON& Tower with Radar,32,53,44,9,138,0,40,39,5,84,32,93,83,14,222,6,14,20,242
06/14/2019,SGF,MO,ACE,CE,Combined TRACON& Tower with Radar,29,57,36,4,126,0,18,22,2,42,29,75,58,6,168,38,0,38,206
06/15/2019,SGF,MO,ACE,CE,Combined TRACON& Tower with Radar,29,46,10,0,85,0,3,10,8,21,29,49,20,8,106,0,0,0,106
06/16/2019,SGF,MO,ACE,CE,Combined TRACON& Tower with Radar,24,40,22,0,86,0,2,18,0,20,24,42,40,0,106,4,0,4,110
06/17/2019,SGF,MO,ACE,CE,Combined TRACON& Tower with Radar,26,48,40,0,114,0,0,5,2,7,26,48,45,2,121,0,0,0,121
06/18/2019,SGF,MO,ACE,CE,Combined TRACON& Tower with Radar,34,64,35,0,133,0,12,14,3,29,34,76,49,3,162,34,0,34,196
06/19/2019,SGF,MO,ACE,CE,Combined TRACON& Tower with Radar,30,62,53,2,147,0,14,2,5,21,30,76,55,7,168,32,0,32,200
06/20/2019,SGF,MO,ACE,CE,Combined TRACON& Tower with Radar,32,55,50,6,143,0,33,40,4,77,32,88,90,10,220,64,0,64,284
06/21/2019,SGF,MO,ACE,CE,Combined TRACON& Tower with Radar,29,56,44,3,132,0,18,12,7,37,29,74,56,10,169,52,2,54,223
06/22/2019,SGF,MO,ACE,CE,Combined TRACON& Tower with Radar,29,50,20,1,100,0,8,10,7,25,29,58,30,8,125,28,0,28,153
06/23/2019,SGF,MO,ACE,CE,Combined TRACON& Tower with Radar,26,45,12,0,83,0,0,1,0,1,26,45,13,0,84,0,0,0,84
06/24/2019,SGF,MO,ACE,CE,Combined TRACON& Tower with Radar,26,59,35,14,134,0,19,21,0,40,26,78,56,14,174,20,0,20,194
06/25/2019,SGF,MO,ACE,CE,Combined TRACON& Tower with Radar,34,52,54,13,153,0,29,38,4,71,34,81,92,17,224,46,0,46,270
06/26/2019,SGF,MO,ACE,CE,Combined TRACON& Tower with Radar,31,52,34,0,117,0,8,13,9,30,31,60,47,9,147,49,0,49,196
06/27/2019,SGF,MO,ACE,CE,Combined TRACON& Tower with Radar,33,53,37,0,123,0,29,19,8,56,33,82,56,8,179,34,0,34,213
06/28/2019,SGF,MO,ACE,CE,Combined TRACON& Tower with Radar,31,52,41,0,124,0,39,20,2,61,31,91,61,2,185,48,0,48,233
06/29/2019,SGF,MO,ACE,CE,Combined TRACON& Tower with Radar,29,49,30,0,108,0,21,34,1,56,29,70,64,1,164,49,0,49,213
06/30/2019,SGF,MO,ACE,CE,Combined TRACON& Tower with Radar,25,41,23,2,91,0,8,17,3,28,25,49,40,5,119,4,0,4,123
07/01/2019,SGF,MO,ACE,CE,Combined TRACON& Tower with Radar,21,55,20,1,97,0,13,19,0,32,21,68,39,1,129,68,0,68,197
07/02/2019,SGF,MO,ACE,CE,Combined TRACON& Tower with Radar,31,56,36,3,126,0,19,22,5,46,31,75,58,8,172,76,0,76,248
07/03/2019,SGF,MO,ACE,CE,Combined TRACON& Tower with Radar,27,44,23,1,95,0,13,7,5,25,27,57,30,6,120,12,0,12,132
07/04/2019,SGF,MO,ACE,CE,Combined TRACON& Tower with Radar,20,38,15,0,73,0,7,14,0,21,20,45,29,0,94,24,0,24,118
07/05/2019,SGF,MO,ACE,CE,Combined TRACON& Tower with Radar,20,41,15,0,76,0,1,9,0,10,20,42,24,0,86,16,0,16,102
07/06/2019,SGF,MO,ACE,CE,Combined TRACON& Tower with Radar,36,43,19,0,98,0,0,21,0,21,36,43,40,0,119,6,0,6,125
07/07/2019,SGF,MO,ACE,CE,Combined TRACON& Tower with Radar,28,54,23,0,105,0,2,10,0,12,28,56,33,0,117,12,0,12,129
07/08/2019,SGF,MO,ACE,CE,Combined TRACON& Tower with Radar,25,58,28,0,111,0,19,13,2,34,25,77,41,2,145,55,0,55,200
07/09/2019,SGF,MO,ACE,CE,Combined TRACON& Tower with Radar,34,52,41,2,129,0,21,14,2,37,34,73,55,4,166,16,4,20,186
07/10/2019,SGF,MO,ACE,CE,Combined TRACON& Tower with Radar,29,49,31,3,112,0,21,14,8,43,29,70,45,11,155,36,0,36,191
07/11/2019,SGF,MO,ACE,CE,Combined TRACON& Tower with Radar,33,53,58,20,164,0,29,29,14,72,33,82,87,34,236,70,0,70,306
07/12/2019,SGF,MO,ACE,CE,Combined TRACON& Tower with Radar,30,52,45,12,139,0,31,28,12,71,30,83,73,24,210,50,4,54,264
07/13/2019,SGF,MO,ACE,CE,Combined TRACON& Tower with Radar,30,50,29,0,109,1,17,26,1,45,31,67,55,1,154,38,0,38,192
07/14/2019,SGF,MO,ACE,CE,Combined TRACON& Tower with Radar,27,44,25,8,104,0,2,8,0,10,27,46,33,8,114,0,0,0,114
07/15/2019,SGF,MO,ACE,CE,Combined TRACON& Tower with Radar,27,53,36,0,116,0,1,4,0,5,27,54,40,0,121,0,0,0,121
07/16/2019,SGF,MO,ACE,CE,Combined TRACON& Tower with Radar,34,57,60,11,162,0,9,10,3,22,34,66,70,14,184,21,6,27,211
07/17/2019,SGF,MO,ACE,CE,Combined TRACON& Tower with Radar,30,48,50,10,138,0,43,31,11,85,30,91,81,21,223,48,0,48,271
07/18/2019,SGF,MO,ACE,CE,Combined TRACON& Tower with Radar,30,53,48,1,132,0,28,23,5,56,30,81,71,6,188,44,0,44,232
07/19/2019,SGF,MO,ACE,CE,Combined TRACON& Tower with Radar,32,49,26,19,126,0,27,26,15,68,32,76,52,34,194,74,0,74,268
07/20/2019,SGF,MO,ACE,CE,Combined TRACON& Tower with Radar,34,40,19,0,93,0,19,19,2,40,34,59,38,2,133,38,0,38,171
07/21/2019,SGF,MO,ACE,CE,Combined TRACON& Tower with Radar,28,48,40,0,116,0,13,27,0,40,28,61,67,0,156,4,0,4,160
07/22/2019,SGF,MO,ACE,CE,Combined TRACON& Tower with Radar,26,52,37,0,115,0,10,9,0,19,26,62,46,0,134,21,0,21,155
07/23/2019,SGF,MO,ACE,CE,Combined TRACON& Tower with Radar,34,57,48,0,139,0,12,22,14,48,34,69,70,14,187,62,0,62,249
07/24/2019,SGF,MO,ACE,CE,Combined TRACON& Tower with Radar,30,56,44,20,150,0,41,29,14,84,30,97,73,34,234,96,30,126,360
07/25/2019,SGF,MO,ACE,CE,Combined TRACON& Tower with Radar,32,57,41,1,131,0,12,39,14,65,32,69,80,15,196,46,4,50,246
07/26/2019,SGF,MO,ACE,CE,Combined TRACON& Tower with Radar,29,50,23,6,108,0,21,30,4,55,29,71,53,10,163,78,8,86,249
07/27/2019,SGF,MO,ACE,CE,Combined TRACON& Tower with Radar,33,41,37,0,111,0,16,35,0,51,33,57,72,0,162,10,0,10,172
07/28/2019,SGF,MO,ACE,CE,Combined TRACON& Tower with Radar,32,45,33,0,110,0,11,30,0,41,32,56,63,0,151,20,0,20,171
07/29/2019,SGF,MO,ACE,CE,Combined TRACON& Tower with Radar,26,59,24,8,117,0,9,5,0,14,26,68,29,8,131,6,0,6,137
07/30/2019,SGF,MO,ACE,CE,Combined TRACON& Tower with Radar,36,59,46,2,143,0,27,22,1,50,36,86,68,3,193,72,0,72,265
07/31/2019,SGF,MO,ACE,CE,Combined TRACON& Tower with Radar,30,59,46,6,141,0,31,19,5,55,30,90,65,11,196,45,3,48,244
08/01/2019,SGF,MO,ACE,CE,Combined TRACON& Tower with Radar,32,58,40,2,132,0,10,10,10,30,32,68,50,12,162,24,0,24,186
08/02/2019,SGF,MO,ACE,CE,Combined TRACON& Tower with Radar,29,55,31,0,115,0,10,16,8,34,29,65,47,8,149,48,4,52,201
08/03/2019,SGF,MO,ACE,CE,Combined TRACON& Tower with Radar,31,43,20,0,94,0,8,15,0,23,31,51,35,0,117,14,0,14,131
08/04/2019,SGF,MO,ACE,CE,Combined TRACON& Tower with Radar,30,51,40,0,121,0,7,16,0,23,30,58,56,0,144,43,0,43,187
08/05/2019,SGF,MO,ACE,CE,Combined TRACON& Tower with Radar,26,46,32,10,114,0,28,13,4,45,26,74,45,14,159,42,0,42,201
08/06/2019,SGF,MO,ACE,CE,Combined TRACON& Tower with Radar,30,53,25,0,108,0,20,12,8,40,30,73,37,8,148,40,0,40,188
08/07/2019,SGF,MO,ACE,CE,Combined TRACON& Tower with Radar,32,53,42,0,127,0,10,9,0,19,32,63,51,0,146,6,0,6,152
08/08/2019,SGF,MO,ACE,CE,Combined TRACON& Tower with Radar,31,47,25,0,103,0,3,5,2,10,31,50,30,2,113,0,0,0,113
08/09/2019,SGF,MO,ACE,CE,Combined TRACON& Tower with Radar,32,53,35,0,120,0,8,15,0,23,32,61,50,0,143,52,0,52,195
08/10/2019,SGF,MO,ACE,CE,Combined TRACON& Tower with Radar,29,52,25,0,106,0,23,18,0,41,29,75,43,0,147,40,0,40,187
08/11/2019,SGF,MO,ACE,CE,Combined TRACON& Tower with Radar,30,45,20,0,95,0,1,9,0,10,30,46,29,0,105,8,0,8,113
08/12/2019,SGF,MO,ACE,CE,Combined TRACON& Tower with Radar,24,51,12,0,87,0,28,27,0,55,24,79,39,0,142,66,0,66,208
08/13/2019,SGF,MO,ACE,CE,Combined TRACON& Tower with Radar,23,62,28,0,113,0,40,16,4,60,23,102,44,4,173,59,0,59,232
08/14/2019,SGF,MO,ACE,CE,Combined TRACON& Tower with Radar,23,56,42,5,126,0,37,26,3,66,23,93,68,8,192,23,0,23,215
08/15/2019,SGF,MO,ACE,CE,Combined TRACON& Tower with Radar,30,58,32,1,121,0,33,31,10,74,30,91,63,11,195,51,0,51,246
08/16/2019,SGF,MO,ACE,CE,Combined TRACON& Tower with Radar,27,49,14,4,94,0,7,3,0,10,27,56,17,4,104,10,0,10,114
08/17/2019,SGF,MO,ACE,CE,Combined TRACON& Tower with Radar,23,48,18,0,89,0,15,36,0,51,23,63,54,0,140,60,0,60,200
08/18/2019,SGF,MO,ACE,CE,Combined TRACON& Tower with Radar,24,40,18,0,82,0,3,8,0,11,24,43,26,0,93,34,0,34,127
08/19/2019,SGF,MO,ACE,CE,Combined TRACON& Tower with Radar,24,51,24,1,100,0,33,16,1,50,24,84,40,2,150,94,0,94,244
08/20/2019,SGF,MO,ACE,CE,Combined TRACON& Tower with Radar,22,46,33,21,122,0,30,19,4,53,22,76,52,25,175,26,6,32,207
08/21/2019,SGF,MO,ACE,CE,Combined TRACON& Tower with Radar,22,52,42,8,124,0,29,17,17,63,22,81,59,25,187,32,22,54,241
08/22/2019,SGF,MO,ACE,CE,Combined TRACON& Tower with Radar,28,54,34,2,118,0,7,8,5,20,28,61,42,7,138,30,0,30,168
08/23/2019,SGF,MO,ACE,CE,Combined TRACON& Tower with Radar,27,58,45,0,130,0,10,9,0,19,27,68,54,0,149,32,0,32,181
08/24/2019,SGF,MO,ACE,CE,Combined TRACON& Tower with Radar,23,53,32,0,108,0,4,4,0,8,23,57,36,0,116,0,0,0,116
08/25/2019,SGF,MO,ACE,CE,Combined TRACON& Tower with Radar,24,44,15,0,83,0,0,4,0,4,24,44,19,0,87,6,0,6,93
08/26/2019,SGF,MO,ACE,CE,Combined TRACON& Tower with Radar,25,55,31,6,117,0,10,7,0,17,25,65,38,6,134,42,0,42,176
08/27/2019,SGF,MO,ACE,CE,Combined TRACON& Tower with Radar,25,59,25,9,118,0,25,7,0,32,25,84,32,9,150,10,0,10,160
08/28/2019,SGF,MO,ACE,CE,Combined TRACON& Tower with Radar,24,54,48,6,132,0,56,41,4,101,24,110,89,10,233,94,0,94,327
08/29/2019,SGF,MO,ACE,CE,Combined TRACON& Tower with Radar,28,65,47,0,140,0,36,40,8,84,28,101,87,8,224,42,0,42,266
08/30/2019,SGF,MO,ACE,CE,Combined TRACON& Tower with Radar,28,51,24,0,103,0,3,1,0,4,28,54,25,0,107,0,0,0,107
08/31/2019,SGF,MO,ACE,CE,Combined TRACON& Tower with Radar,23,39,32,0,94,0,0,3,0,3,23,39,35,0,97,0,0,0,97
09/01/2019,SGF,MO,ACE,CE,Combined TRACON& Tower with Radar,20,37,16,0,73,0,10,14,0,24,20,47,30,0,97,28,0,28,125
09/02/2019,SGF,MO,ACE,CE,Combined TRACON& Tower with Radar,20,47,50,0,117,0,22,27,0,49,20,69,77,0,166,34,0,34,200
09/03/2019,SGF,MO,ACE,CE,Combined TRACON& Tower with Radar,20,48,33,6,107,0,33,13,0,46,20,81,46,6,153,64,24,88,241
09/04/2019,SGF,MO,ACE,CE,Combined TRACON& Tower with Radar,22,50,40,4,116,0,42,21,8,71,22,92,61,12,187,72,0,72,259
09/05/2019,SGF,MO,ACE,CE,Combined TRACON& Tower with Radar,30,60,30,0,120,0,43,14,12,69,30,103,44,12,189,64,10,74,263
09/06/2019,SGF,MO,ACE,CE,Combined TRACON& Tower with Radar,29,51,27,16,123,0,52,24,9,85,29,103,51,25,208,68,4,72,280
09/07/2019,SGF,MO,ACE,CE,Combined TRACON& Tower with Radar,20,49,10,0,79,0,26,21,2,49,20,75,31,2,128,67,0,67,195
09/08/2019,SGF,MO,ACE,CE,Combined TRACON& Tower with Radar,25,46,24,0,95,0,4,21,0,25,25,50,45,0,120,13,0,13,133
09/09/2019,SGF,MO,ACE,CE,Combined TRACON& Tower with Radar,26,49,30,10,115,0,25,28,0,53,26,74,58,10,168,33,0,33,201
09/10/2019,SGF,MO,ACE,CE,Combined TRACON& Tower with Radar,26,48,35,5,114,0,27,30,6,63,26,75,65,11,177,49,0,49,226
09/11/2019,SGF,MO,ACE,CE,Combined TRACON& Tower with Radar,22,56,37,2,117,0,22,15,19,56,22,78,52,21,173,49,4,53,226
09/12/2019,SGF,MO,ACE,CE,Combined TRACON& Tower with Radar,32,58,41,10,141,0,38,17,7,62,32,96,58,17,203,60,0,60,263
09/13/2019,SGF,MO,ACE,CE,Combined TRACON& Tower with Radar,29,55,36,6,126,0,26,25,6,57,29,81,61,12,183,101,0,101,284
09/14/2019,SGF,MO,ACE,CE,Combined TRACON& Tower with Radar,18,46,16,0,80,0,23,14,2,39,18,69,30,2,119,76,10,86,205
09/15/2019,SGF,MO,ACE,CE,Combined TRACON& Tower with Radar,29,47,24,6,106,0,12,18,0,30,29,59,42,6,136,4,0,4,140
09/16/2019,SGF,MO,ACE,CE,Combined TRACON& Tower with Radar,22,60,35,27,144,0,39,14,3,56,22,99,49,30,200,76,22,98,298
09/17/2019,SGF,MO,ACE,CE,Combined TRACON& Tower with Radar,24,64,37,3,128,0,30,18,7,55,24,94,55,10,183,92,0,92,275
09/18/2019,SGF,MO,ACE,CE,Combined TRACON& Tower with Radar,24,66,40,3,133,0,37,15,8,60,24,103,55,11,193,81,1,82,275
09/19/2019,SGF,MO,ACE,CE,Combined TRACON& Tower with Radar,34,57,61,0,152,0,28,24,14,66,34,85,85,14,218,52,0,52,270
09/20/2019,SGF,MO,ACE,CE,Combined TRACON& Tower with Radar,28,56,39,0,123,0,12,4,6,22,28,68,43,6,145,18,0,18,163
09/21/2019,SGF,MO,ACE,CE,Combined TRACON& Tower with Radar,21,44,15,0,80,0,2,9,2,13,21,46,24,2,93,16,0,16,109
09/22/2019,SGF,MO,ACE,CE,Combined TRACON& Tower with Radar,27,49,24,0,100,0,1,2,0,3,27,50,26,0,103,0,0,0,103
09/23/2019,SGF,MO,ACE,CE,Combined TRACON& Tower with Radar,24,54,38,0,116,0,18,13,0,31,24,72,51,0,147,44,0,44,191
09/24/2019,SGF,MO,ACE,CE,Combined TRACON& Tower with Radar,24,57,48,0,129,0,6,2,0,8,24,63,50,0,137,22,0,22,159
09/25/2019,SGF,MO,ACE,CE,Combined TRACON& Tower with Radar,24,64,40,3,131,0,14,7,4,25,24,78,47,7,156,100,0,100,256
09/26/2019,SGF,MO,ACE,CE,Combined TRACON& Tower with Radar,30,53,28,2,113,0,23,20,9,52,30,76,48,11,165,68,0,68,233
09/27/2019,SGF,MO,ACE,CE,Combined TRACON& Tower with Radar,27,44,26,2,99,0,2,15,2,19,27,46,41,4,118,6,0,6,124
09/28/2019,SGF,MO,ACE,CE,Combined TRACON& Tower with Radar,18,46,13,0,77,0,3,8,0,11,18,49,21,0,88,44,0,44,132
09/29/2019,SGF,MO,ACE,CE,Combined TRACON& Tower with Radar,25,50,20,0,95,0,18,22,0,40,25,68,42,0,135,35,0,35,170
09/30/2019,SGF,MO,ACE,CE,Combined TRACON& Tower with Radar,26,66,47,0,139,0,29,24,0,53,26,95,71,0,192,55,0,55,247
10/01/2019,SGF,MO,ACE,CE,Combined TRACON& Tower with Radar,24,55,35,0,114,0,35,22,3,60,24,90,57,3,174,74,0,74,248
10/02/2019,SGF,MO,ACE,CE,Combined TRACON& Tower with Radar,27,50,47,0,124,0,24,22,2,48,27,74,69,2,172,74,0,74,246
10/03/2019,SGF,MO,ACE,CE,Combined TRACON& Tower with Radar,30,73,52,0,155,0,11,13,6,30,30,84,65,6,185,34,0,34,219
10/04/2019,SGF,MO,ACE,CE,Combined TRACON& Tower with Radar,29,63,31,1,124,0,19,25,4,48,29,82,56,5,172,32,0,32,204
10/05/2019,SGF,MO,ACE,CE,Combined TRACON& Tower with Radar,22,42,18,0,82,0,8,23,1,32,22,50,41,1,114,18,0,18,132
10/06/2019,SGF,MO,ACE,CE,Combined TRACON& Tower with Radar,25,41,21,14,101,0,1,2,2,5,25,42,23,16,106,0,0,0,106
10/07/2019,SGF,MO,ACE,CE,Combined TRACON& Tower with Radar,24,55,38,2,119,0,23,21,0,44,24,78,59,2,163,52,12,64,227
10/08/2019,SGF,MO,ACE,CE,Combined TRACON& Tower with Radar,29,48,24,0,101,0,32,15,8,55,29,80,39,8,156,136,0,136,292
10/09/2019,SGF,MO,ACE,CE,Combined TRACON& Tower with Radar,27,49,27,8,111,0,25,13,8,46,27,74,40,16,157,86,0,86,243
10/10/2019,SGF,MO,ACE,CE,Combined TRACON& Tower with Radar,30,45,22,0,97,0,1,2,4,7,30,46,24,4,104,0,4,4,108
10/11/2019,SGF,MO,ACE,CE,Combined TRACON& Tower with Radar,29,49,37,18,133,0,11,10,0,21,29,60,47,18,154,28,16,44,198
10/12/2019,SGF,MO,ACE,CE,Combined TRACON& Tower with Radar,26,50,39,0,115,0,29,29,0,58,26,79,68,0,173,99,0,99,272
10/13/2019,SGF,MO,ACE,CE,Combined TRACON& Tower with Radar,25,41,30,0,96,0,16,26,0,42,25,57,56,0,138,31,0,31,169
10/14/2019,SGF,MO,ACE,CE,Combined TRACON& Tower with Radar,28,61,36,0,125,0,21,19,1,41,28,82,55,1,166,53,0,53,219
10/15/2019,SGF,MO,ACE,CE,Combined TRACON& Tower with Radar,29,45,35,16,125,0,3,4,1,8,29,48,39,17,133,0,6,6,139
10/16/2019,SGF,MO,ACE,CE,Combined TRACON& Tower with Radar,26,72,59,4,161,0,50,29,11,90,26,122,88,15,251,50,0,50,301
10/17/2019,SGF,MO,ACE,CE,Combined TRACON& Tower with Radar,30,61,55,4,150,0,44,23,12,79,30,105,78,16,229,80,4,84,313
10/18/2019,SGF,MO,ACE,CE,Combined TRACON& Tower with Radar,29,63,31,4,127,0,35,21,6,62,29,98,52,10,189,16,0,16,205
10/19/2019,SGF,MO,ACE,CE,Combined TRACON& Tower with Radar,24,48,18,0,90,0,12,16,4,32,24,60,34,4,122,22,0,22,144
10/20/2019,SGF,MO,ACE,CE,Combined TRACON& Tower with Radar,25,43,19,0,87,0,7,9,0,16,25,50,28,0,103,10,0,10,113
10/21/2019,SGF,MO,ACE,CE,Combined TRACON& Tower with Radar,24,45,26,0,95,0,5,14,0,19,24,50,40,0,114,0,0,0,114
10/22/2019,SGF,MO,ACE,CE,Combined TRACON& Tower with Radar,29,48,43,6,126,0,14,16,9,39,29,62,59,15,165,10,6,16,181
10/23/2019,SGF,MO,ACE,CE,Combined TRACON& Tower with Radar,25,59,37,5,126,0,14,18,9,41,25,73,55,14,167,12,0,12,179
10/24/2019,SGF,MO,ACE,CE,Combined TRACON& Tower with Radar,26,53,44,1,124,0,1,0,0,1,26,54,44,1,125,0,0,0,125
10/25/2019,SGF,MO,ACE,CE,Combined TRACON& Tower with Radar,29,54,49,0,132,0,1,5,0,6,29,55,54,0,138,0,0,0,138
10/26/2019,SGF,MO,ACE,CE,Combined TRACON& Tower with Radar,26,44,16,0,86,0,3,3,0,6,26,47,19,0,92,6,0,6,98
10/27/2019,SGF,MO,ACE,CE,Combined TRACON& Tower with Radar,25,44,38,0,107,0,19,58,2,79,25,63,96,2,186,41,0,41,227
10/28/2019,SGF,MO,ACE,CE,Combined TRACON& Tower with Radar,22,56,27,3,108,0,0,2,0,2,22,56,29,3,110,0,0,0,110
10/29/2019,SGF,MO,ACE,CE,Combined TRACON& Tower with Radar,22,47,39,0,108,0,0,0,0,0,22,47,39,0,108,0,0,0,108
10/30/2019,SGF,MO,ACE,CE,Combined TRACON& Tower with Radar,22,51,29,0,102,0,1,0,0,1,22,52,29,0,103,0,0,0,103
10/31/2019,SGF,MO,ACE,CE,Combined TRACON& Tower with Radar,24,41,34,10,109,0,21,12,7,40,24,62,46,17,149,30,0,30,179
11/01/2019,SGF,MO,ACE,CE,Combined TRACON& Tower with Radar,27,49,25,4,105,0,48,32,6,86,27,97,57,10,191,142,0,142,333
11/02/2019,SGF,MO,ACE,CE,Combined TRACON& Tower with Radar,23,46,21,1,91,0,40,22,1,63,23,86,43,2,154,98,0,98,252
11/03/2019,SGF,MO,ACE,CE,Combined TRACON& Tower with Radar,28,58,31,0,117,0,7,19,0,26,28,65,50,0,143,4,0,4,147
11/04/2019,SGF,MO,ACE,CE,Combined TRACON& Tower with Radar,28,59,40,0,127,0,31,24,4,59,28,90,64,4,186,70,0,70,256
11/05/2019,SGF,MO,ACE,CE,Combined TRACON& Tower with Radar,28,52,36,2,118,0,40,22,2,64,28,92,58,4,182,84,2,86,268
11/06/2019,SGF,MO,ACE,CE,Combined TRACON& Tower with Radar,30,48,53,3,134,0,1,0,1,2,30,49,53,4,136,0,0,0,136
11/07/2019,SGF,MO,ACE,CE,Combined TRACON& Tower with Radar,36,52,21,10,119,0,6,6,3,15,36,58,27,13,134,30,12,42,176
11/08/2019,SGF,MO,ACE,CE,Combined TRACON& Tower with Radar,33,52,40,4,129,0,45,36,0,81,33,97,76,4,210,62,0,62,272
11/09/2019,SGF,MO,ACE,CE,Combined TRACON& Tower with Radar,25,52,13,0,90,0,20,35,0,55,25,72,48,0,145,22,0,22,167
11/10/2019,SGF,MO,ACE,CE,Combined TRACON& Tower with Radar,28,47,17,0,92,0,8,41,0,49,28,55,58,0,141,21,0,21,162
11/11/2019,SGF,MO,ACE,CE,Combined TRACON& Tower with Radar,21,23,13,0,57,0,1,0,0,1,21,24,13,0,58,0,0,0,58
11/12/2019,SGF,MO,ACE,CE,Combined TRACON& Tower with Radar,29,59,36,0,124,0,15,11,5,31,29,74,47,5,155,63,0,63,218
11/13/2019,SGF,MO,ACE,CE,Combined TRACON& Tower with Radar,32,53,40,6,131,0,32,19,15,66,32,85,59,21,197,43,0,43,240
11/14/2019,SGF,MO,ACE,CE,Combined TRACON& Tower with Radar,36,47,42,0,125,0,32,23,10,65,36,79,65,10,190,40,2,42,232
11/15/2019,SGF,MO,ACE,CE,Combined TRACON& Tower with Radar,31,50,30,12,123,0,38,26,9,73,31,88,56,21,196,92,0,92,288
11/16/2019,SGF,MO,ACE,CE,Combined TRACON& Tower with Radar,25,40,15,8,88,0,26,29,0,55,25,66,44,8,143,75,0,75,218
11/17/2019,SGF,MO,ACE,CE,Combined TRACON& Tower with Radar,28,37,20,0,85,0,4,3,0,7,28,41,23,0,92,0,0,0,92
11/18/2019,SGF,MO,ACE,CE,Combined TRACON& Tower with Radar,28,54,29,4,115,0,22,15,0,37,28,76,44,4,152,55,4,59,211
11/19/2019,SGF,MO,ACE,CE,Combined TRACON& Tower with Radar,28,62,46,14,150,0,24,25,7,56,28,86,71,21,206,42,22,64,270
11/20/2019,SGF,MO,ACE,CE,Combined TRACON& Tower with Radar,34,47,56,3,140,0,8,13,7,28,34,55,69,10,168,14,6,20,188
11/21/2019,SGF,MO,ACE,CE,Combined TRACON& Tower with Radar,29,52,37,2,120,0,1,0,2,3,29,53,37,4,123,0,6,6,129
11/22/2019,SGF,MO,ACE,CE,Combined TRACON& Tower with Radar,29,43,32,0,104,0,2,3,2,7,29,45,35,2,111,2,0,2,113
11/23/2019,SGF,MO,ACE,CE,Combined TRACON& Tower with Radar,30,41,19,0,90,0,7,9,0,16,30,48,28,0,106,46,0,46,152
11/24/2019,SGF,MO,ACE,CE,Combined TRACON& Tower with Radar,24,47,28,0,99,0,28,24,0,52,24,75,52,0,151,60,0,60,211
11/25/2019,SGF,MO,ACE,CE,Combined TRACON& Tower with Radar,24,69,43,4,140,0,52,24,0,76,24,121,67,4,216,28,0,28,244
11/26/2019,SGF,MO,ACE,CE,Combined TRACON& Tower with Radar,27,46,21,0,94,0,3,2,5,10,27,49,23,5,104,20,0,20,124
11/27/2019,SGF,MO,ACE,CE,Combined TRACON& Tower with Radar,29,46,12,1,88,0,13,12,1,26,29,59,24,2,114,28,0,28,142
11/28/2019,SGF,MO,ACE,CE,Combined TRACON& Tower with Radar,11,27,4,0,42,0,1,1,0,2,11,28,5,0,44,0,0,0,44
11/29/2019,SGF,MO,ACE,CE,Combined TRACON& Tower with Radar,16,31,24,0,71,0,0,0,0,0,16,31,24,0,71,0,0,0,71
11/30/2019,SGF,MO,ACE,CE,Combined TRACON& Tower with Radar,25,44,19,0,88,0,3,13,0,16,25,47,32,0,104,10,0,10,114
12/01/2019,SGF,MO,ACE,CE,Combined TRACON& Tower with Radar,31,46,20,0,97,0,2,6,0,8,31,48,26,0,105,0,0,0,105
12/02/2019,SGF,MO,ACE,CE,Combined TRACON& Tower with Radar,27,52,28,16,123,0,26,10,0,36,27,78,38,16,159,74,0,74,233
12/03/2019,SGF,MO,ACE,CE,Combined TRACON& Tower with Radar,24,50,32,6,112,0,41,27,9,77,24,91,59,15,189,80,0,80,269
12/04/2019,SGF,MO,ACE,CE,Combined TRACON& Tower with Radar,30,54,37,11,132,0,30,19,8,57,30,84,56,19,189,18,10,28,217
12/05/2019,SGF,MO,ACE,CE,Combined TRACON& Tower with Radar,34,49,58,1,142,0,28,31,9,68,34,77,89,10,210,56,4,60,270
12/06/2019,SGF,MO,ACE,CE,Combined TRACON& Tower with Radar,32,54,20,9,115,0,29,17,12,58,32,83,37,21,173,50,24,74,247
12/07/2019,SGF,MO,ACE,CE,Combined TRACON& Tower with Radar,25,33,28,0,86,0,36,38,6,80,25,69,66,6,166,36,0,36,202
12/08/2019,SGF,MO,ACE,CE,Combined TRACON& Tower with Radar,29,39,14,4,86,0,2,2,0,4,29,41,16,4,90,0,0,0,90
12/09/2019,SGF,MO,ACE,CE,Combined TRACON& Tower with Radar,35,52,16,6,109,0,1,0,0,1,35,53,16,6,110,11,16,27,137
12/10/2019,SGF,MO,ACE,CE,Combined TRACON& Tower with Radar,30,88,36,5,159,0,32,16,7,55,30,120,52,12,214,27,0,27,241
12/11/2019,SGF,MO,ACE,CE,Combined TRACON& Tower with Radar,32,61,52,5,150,0,27,16,5,48,32,88,68,10,198,16,0,16,214
12/12/2019,SGF,MO,ACE,CE,Combined TRACON& Tower with Radar,36,61,44,1,142,0,12,29,12,53,36,73,73,13,195,30,0,30,225
12/13/2019,SGF,MO,ACE,CE,Combined TRACON& Tower with Radar,34,58,37,3,132,0,27,12,5,44,34,85,49,8,176,82,0,82,258
12/14/2019,SGF,MO,ACE,CE,Combined TRACON& Tower with Radar,20,39,17,6,82,0,0,0,0,0,20,39,17,6,82,0,0,0,82
12/15/2019,SGF,MO,ACE,CE,Combined TRACON& Tower with Radar,28,43,18,0,89,0,1,0,0,1,28,44,18,0,90,0,0,0,90
12/16/2019,SGF,MO,ACE,CE,Combined TRACON& Tower with Radar,28,40,11,0,79,0,0,0,1,1,28,40,11,1,80,0,0,0,80
12/17/2019,SGF,MO,ACE,CE,Combined TRACON& Tower with Radar,34,47,24,4,109,0,0,0,1,1,34,47,24,5,110,0,0,0,110
12/18/2019,SGF,MO,ACE,CE,Combined TRACON& Tower with Radar,28,47,46,3,124,0,19,14,4,37,28,66,60,7,161,22,0,22,183
12/19/2019,SGF,MO,ACE,CE,Combined TRACON& Tower with Radar,31,58,29,0,118,0,25,25,14,64,31,83,54,14,182,38,0,38,220
12/20/2019,SGF,MO,ACE,CE,Combined TRACON& Tower with Radar,25,51,50,4,130,0,27,23,0,50,25,78,73,4,180,68,0,68,248
12/21/2019,SGF,MO,ACE,CE,Combined TRACON& Tower with Radar,25,44,22,0,91,0,9,28,0,37,25,53,50,0,128,18,0,18,146
12/22/2019,SGF,MO,ACE,CE,Combined TRACON& Tower with Radar,24,44,18,0,86,0,6,26,0,32,24,50,44,0,118,20,0,20,138
12/23/2019,SGF,MO,ACE,CE,Combined TRACON& Tower with Radar,21,51,22,0,94,0,15,24,0,39,21,66,46,0,133,60,0,60,193
12/24/2019,SGF,MO,ACE,CE,Combined TRACON& Tower with Radar,22,32,21,0,75,0,2,14,0,16,22,34,35,0,91,0,0,0,91
12/25/2019,SGF,MO,ACE,CE,Combined TRACON& Tower with Radar,14,37,8,0,59,0,0,9,0,9,14,37,17,0,68,0,0,0,68
12/26/2019,SGF,MO,ACE,CE,Combined TRACON& Tower with Radar,26,44,14,2,86,0,6,20,0,26,26,50,34,2,112,4,6,10,122
12/27/2019,SGF,MO,ACE,CE,Combined TRACON& Tower with Radar,23,45,23,0,91,0,9,3,0,12,23,54,26,0,103,6,0,6,109
12/28/2019,SGF,MO,ACE,CE,Combined TRACON& Tower with Radar,21,38,16,0,75,0,0,0,0,0,21,38,16,0,75,0,0,0,75
12/29/2019,SGF,MO,ACE,CE,Combined TRACON& Tower with Radar,20,45,15,1,81,0,0,1,0,1,20,45,16,1,82,6,0,6,88
12/30/2019,SGF,MO,ACE,CE,Combined TRACON& Tower with Radar,20,43,20,0,83,0,0,5,0,5,20,43,25,0,88,0,0,0,88
12/31/2019,SGF,MO,ACE,CE,Combined TRACON& Tower with Radar,22,52,20,0,94,0,9,17,1,27,22,61,37,1,121,24,0,24,145
01/01/2020,SGF,MO,ACE,CE,Combined TRACON& Tower with Radar,10,43,14,0,67,0,0,15,0,15,10,43,29,0,82,0,0,0,82
01/02/2020,SGF,MO,ACE,CE,Combined TRACON& Tower with Radar,24,52,25,1,102,0,6,5,3,14,24,58,30,4,116,12,0,12,128
01/03/2020,SGF,MO,ACE,CE,Combined TRACON& Tower with Radar,23,47,18,0,88,0,4,2,0,6,23,51,20,0,94,16,0,16,110
01/04/2020,SGF,MO,ACE,CE,Combined TRACON& Tower with Radar,21,52,27,0,100,0,12,23,2,37,21,64,50,2,137,45,0,45,182
01/05/2020,SGF,MO,ACE,CE,Combined TRACON& Tower with Radar,20,46,22,0,88,0,13,19,0,32,20,59,41,0,120,32,0,32,152
01/06/2020,SGF,MO,ACE,CE,Combined TRACON& Tower with Radar,18,42,25,0,85,0,17,18,0,35,18,59,43,0,120,14,0,14,134
01/07/2020,SGF,MO,ACE,CE,Combined TRACON& Tower with Radar,26,43,26,3,98,0,13,12,6,31,26,56,38,9,129,55,4,59,188
01/08/2020,SGF,MO,ACE,CE,Combined TRACON& Tower with Radar,24,55,50,0,129,0,26,20,5,51,24,81,70,5,180,40,0,40,220
01/09/2020,SGF,MO,ACE,CE,Combined TRACON& Tower with Radar,24,54,24,0,102,0,1,0,0,1,24,55,24,0,103,0,0,0,103
01/10/2020,SGF,MO,ACE,CE,Combined TRACON& Tower with Radar,23,41,10,4,78,0,0,3,0,3,23,41,13,4,81,0,0,0,81
01/11/2020,SGF,MO,ACE,CE,Combined TRACON& Tower with Radar,21,29,6,0,56,0,0,0,0,0,21,29,6,0,56,0,0,0,56
01/12/2020,SGF,MO,ACE,CE,Combined TRACON& Tower with Radar,22,40,20,0,82,0,0,0,0,0,22,40,20,0,82,0,0,0,82
01/13/2020,SGF,MO,ACE,CE,Combined TRACON& Tower with Radar,20,56,21,16,113,0,22,10,0,32,20,78,31,16,145,46,0,46,191
01/14/2020,SGF,MO,ACE,CE,Combined TRACON& Tower with Radar,24,53,29,15,121,0,29,7,4,40,24,82,36,19,161,40,24,64,225
01/15/2020,SGF,MO,ACE,CE,Combined TRACON& Tower with Radar,22,59,43,24,148,0,2,5,6,13,22,61,48,30,161,0,24,24,185
01/16/2020,SGF,MO,ACE,CE,Combined TRACON& Tower with Radar,24,62,43,13,142,0,24,20,4,48,24,86,63,17,190,32,0,32,222
01/17/2020,SGF,MO,ACE,CE,Combined TRACON& Tower with Radar,22,34,9,0,65,0,0,0,0,0,22,34,9,0,65,0,0,0,65
01/18/2020,SGF,MO,ACE,CE,Combined TRACON& Tower with Radar,26,32,9,0,67,0,2,5,0,7,26,34,14,0,74,8,0,8,82
01/19/2020,SGF,MO,ACE,CE,Combined TRACON& Tower with Radar,18,43,24,0,85,0,9,9,4,22,18,52,33,4,107,12,0,12,119
01/20/2020,SGF,MO,ACE,CE,Combined TRACON& Tower with Radar,20,62,30,0,112,0,18,13,0,31,20,80,43,0,143,44,0,44,187
01/21/2020,SGF,MO,ACE,CE,Combined TRACON& Tower with Radar,24,47,36,3,110,0,18,7,5,30,24,65,43,8,140,15,0,15,155
01/22/2020,SGF,MO,ACE,CE,Combined TRACON& Tower with Radar,22,47,34,0,103,0,3,2,0,5,22,50,36,0,108,6,0,6,114
01/23/2020,SGF,MO,ACE,CE,Combined TRACON& Tower with Radar,23,51,21,0,95,0,0,0,0,0,23,51,21,0,95,0,0,0,95
01/24/2020,SGF,MO,ACE,CE,Combined TRACON& Tower with Radar,23,47,9,0,79,0,0,0,0,0,23,47,9,0,79,0,0,0,79
01/25/2020,SGF,MO,ACE,CE,Combined TRACON& Tower with Radar,24,35,35,0,94,0,23,26,0,49,24,58,61,0,143,48,0,48,191
01/26/2020,SGF,MO,ACE,CE,Combined TRACON& Tower with Radar,21,40,20,0,81,0,8,9,0,17,21,48,29,0,98,12,0,12,110
01/27/2020,SGF,MO,ACE,CE,Combined TRACON& Tower with Radar,20,58,30,20,128,0,26,15,2,43,20,84,45,22,171,54,40,94,265
01/28/2020,SGF,MO,ACE,CE,Combined TRACON& Tower with Radar,24,41,39,0,104,0,0,0,0,0,24,41,39,0,104,0,0,0,104
01/29/2020,SGF,MO,ACE,CE,Combined TRACON& Tower with Radar,20,50,29,0,99,0,0,0,0,0,20,50,29,0,99,0,0,0,99
01/30/2020,SGF,MO,ACE,CE,Combined TRACON& Tower with Radar,22,49,19,0,90,0,1,1,0,2,22,50,20,0,92,6,0,6,98
01/31/2020,SGF,MO,ACE,CE,Combined TRACON& Tower with Radar,25,47,38,2,112,0,4,5,4,13,25,51,43,6,125,14,14,28,153
02/01/2020,SGF,MO,ACE,CE,Combined TRACON& Tower with Radar,23,45,17,0,85,0,37,39,0,76,23,82,56,0,161,113,0,113,274
02/02/2020,SGF,MO,ACE,CE,Combined TRACON& Tower with Radar,20,42,22,0,84,0,14,25,0,39,20,56,47,0,123,22,0,22,145
02/03/2020,SGF,MO,ACE,CE,Combined TRACON& Tower with Radar,24,51,40,2,117,0,7,10,0,17,24,58,50,2,134,10,0,10,144
02/04/2020,SGF,MO,ACE,CE,Combined TRACON& Tower with Radar,22,50,39,0,111,0,1,0,0,1,22,51,39,0,112,0,0,0,112
02/05/2020,SGF,MO,ACE,CE,Combined TRACON& Tower with Radar,22,38,11,0,71,0,0,0,0,0,22,38,11,0,71,0,0,0,71
02/06/2020,SGF,MO,ACE,CE,Combined TRACON& Tower with Radar,22,50,19,8,99,0,11,6,10,27,22,61,25,18,126,15,12,27,153
02/07/2020,SGF,MO,ACE,CE,Combined TRACON& Tower with Radar,25,49,42,0,116,0,32,27,7,66,25,81,69,7,182,57,2,59,241
02/08/2020,SGF,MO,ACE,CE,Combined TRACON& Tower with Radar,23,45,14,0,82,0,37,40,0,77,23,82,54,0,159,87,0,87,246
02/09/2020,SGF,MO,ACE,CE,Combined TRACON& Tower with Radar,24,41,11,0,76,0,1,0,2,3,24,42,11,2,79,0,0,0,79
02/10/2020,SGF,MO,ACE,CE,Combined TRACON& Tower with Radar,19,50,22,5,96,0,0,0,0,0,19,50,22,5,96,0,0,0,96
02/11/2020,SGF,MO,ACE,CE,Combined TRACON& Tower with Radar,25,51,24,0,100,0,19,2,7,28,25,70,26,7,128,20,0,20,148
02/12/2020,SGF,MO,ACE,CE,Combined TRACON& Tower with Radar,20,47,20,0,87,0,1,0,0,1,20,48,20,0,88,0,0,0,88
02/13/2020,SGF,MO,ACE,CE,Combined TRACON& Tower with Radar,26,44,22,5,97,0,22,13,8,43,26,66,35,13,140,35,0,35,175
02/14/2020,SGF,MO,ACE,CE,Combined TRACON& Tower with Radar,29,49,29,3,110,0,18,24,1,43,29,67,53,4,153,66,2,68,221
02/15/2020,SGF,MO,ACE,CE,Combined TRACON& Tower with Radar,21,43,18,0,82,0,15,18,0,33,21,58,36,0,115,54,0,54,169
02/16/2020,SGF,MO,ACE,CE,Combined TRACON& Tower with Radar,24,39,12,0,75,0,17,31,0,48,24,56,43,0,123,37,0,37,160
02/17/2020,SGF,MO,ACE,CE,Combined TRACON& Tower with Radar,26,63,49,0,138,0,3,2,0,5,26,66,51,0,143,0,0,0,143
02/18/2020,SGF,MO,ACE,CE,Combined TRACON& Tower with Radar,28,63,24,1,116,0,23,3,3,29,28,86,27,4,145,25,4,29,174
02/19/2020,SGF,MO,ACE,CE,Combined TRACON& Tower with Radar,26,36,49,7,118,0,28,6,10,44,26,64,55,17,162,60,0,60,222
02/20/2020,SGF,MO,ACE,CE,Combined TRACON& Tower with Radar,28,50,27,21,126,0,13,9,7,29,28,63,36,28,155,74,0,74,229
02/21/2020,SGF,MO,ACE,CE,Combined TRACON& Tower with Radar,27,50,35,0,112,0,31,24,6,61,27,81,59,6,173,66,0,66,239
02/22/2020,SGF,MO,ACE,CE,Combined TRACON& Tower with Radar,21,32,27,2,82,0,27,28,1,56,21,59,55,3,138,97,0,97,235
02/23/2020,SGF,MO,ACE,CE,Combined TRACON& Tower with Radar,24,44,19,0,87,0,4,1,2,7,24,48,20,2,94,4,0,4,98
02/24/2020,SGF,MO,ACE,CE,Combined TRACON& Tower with Radar,26,44,29,0,99,0,0,0,0,0,26,44,29,0,99,0,0,0,99
02/25/2020,SGF,MO,ACE,CE,Combined TRACON& Tower with Radar,28,43,24,0,95,0,0,1,0,1,28,43,25,0,96,0,0,0,96
02/26/2020,SGF,MO,ACE,CE,Combined TRACON& Tower with Radar,26,57,33,0,116,0,10,4,6,20,26,67,37,6,136,0,0,0,136
02/27/2020,SGF,MO,ACE,CE,Combined TRACON& Tower with Radar,28,52,41,0,121,0,30,15,13,58,28,82,56,13,179,42,0,42,221
02/28/2020,SGF,MO,ACE,CE,Combined TRACON& Tower with Radar,29,48,18,0,95,0,6,17,8,31,29,54,35,8,126,0,0,0,126
02/29/2020,SGF,MO,ACE,CE,Combined TRACON& Tower with Radar,21,38,28,0,87,0,23,26,0,49,21,61,54,0,136,98,0,98,234
03/01/2020,SGF,MO,ACE,CE,Combined TRACON& Tower with Radar,26,40,20,0,86,0,0,15,0,15,26,40,35,0,101,20,0,20,121
03/02/2020,SGF,MO,ACE,CE,Combined TRACON& Tower with Radar,26,63,13,0,102,0,0,0,0,0,26,63,13,0,102,0,0,0,102
03/03/2020,SGF,MO,ACE,CE,Combined TRACON& Tower with Radar,29,56,44,19,148,0,18,29,3,50,29,74,73,22,198,106,0,106,304
03/04/2020,SGF,MO,ACE,CE,Combined TRACON& Tower with Radar,28,58,41,0,127,0,19,25,14,58,28,77,66,14,185,26,6,32,217
03/05/2020,SGF,MO,ACE,CE,Combined TRACON& Tower with Radar,30,64,49,15,158,0,15,28,6,49,30,79,77,21,207,50,4,54,261
03/06/2020,SGF,MO,ACE,CE,Combined TRACON& Tower with Radar,29,71,27,0,127,0,31,27,8,66,29,102,54,8,193,59,0,59,252
03/07/2020,SGF,MO,ACE,CE,Combined TRACON& Tower with Radar,27,45,22,0,94,0,17,15,0,32,27,62,37,0,126,91,0,91,217
03/08/2020,SGF,MO,ACE,CE,Combined TRACON& Tower with Radar,24,43,21,1,89,0,3,14,1,18,24,46,35,2,107,28,0,28,135
03/09/2020,SGF,MO,ACE,CE,Combined TRACON& Tower with Radar,28,44,12,7,91,0,1,0,3,4,28,45,12,10,95,0,0,0,95
03/10/2020,SGF,MO,ACE,CE,Combined TRACON& Tower with Radar,29,50,37,3,119,0,7,10,0,17,29,57,47,3,136,10,0,10,146
03/11/2020,SGF,MO,ACE,CE,Combined TRACON& Tower with Radar,30,62,42,0,134,0,19,15,4,38,30,81,57,4,172,16,0,16,188
03/12/2020,SGF,MO,ACE,CE,Combined TRACON& Tower with Radar,27,47,28,0,102,0,7,5,0,12,27,54,33,0,114,0,0,0,114
03/13/2020,SGF,MO,ACE,CE,Combined TRACON& Tower with Radar,30,54,31,6,121,0,22,7,2,31,30,76,38,8,152,32,0,32,184
03/14/2020,SGF,MO,ACE,CE,Combined TRACON& Tower with Radar,30,40,15,0,85,0,1,0,0,1,30,41,15,0,86,0,0,0,86
03/15/2020,SGF,MO,ACE,CE,Combined TRACON& Tower with Radar,23,39,17,3,82,0,0,1,0,1,23,39,18,3,83,0,0,0,83
03/16/2020,SGF,MO,ACE,CE,Combined TRACON& Tower with Radar,26,41,17,0,84,0,0,0,0,0,26,41,17,0,84,0,0,0,84
03/17/2020,SGF,MO,ACE,CE,Combined TRACON& Tower with Radar,30,44,34,7,115,0,2,0,0,2,30,46,34,7,117,0,0,0,117
03/18/2020,SGF,MO,ACE,CE,Combined TRACON& Tower with Radar,28,47,20,1,96,0,1,6,2,9,28,48,26,3,105,0,14,14,119
03/19/2020,SGF,MO,ACE,CE,Combined TRACON& Tower with Radar,26,39,10,0,75,0,2,0,2,4,26,41,10,2,79,0,0,0,79
03/20/2020,SGF,MO,ACE,CE,Combined TRACON& Tower with Radar,23,44,18,3,88,0,1,1,0,2,23,45,19,3,90,0,0,0,90
03/21/2020,SGF,MO,ACE,CE,Combined TRACON& Tower with Radar,28,24,15,0,67,0,4,17,0,21,28,28,32,0,88,8,0,8,96
03/22/2020,SGF,MO,ACE,CE,Combined TRACON& Tower with Radar,23,35,11,0,69,0,0,0,0,0,23,35,11,0,69,0,0,0,69
03/23/2020,SGF,MO,ACE,CE,Combined TRACON& Tower with Radar,19,39,3,0,61,0,3,7,0,10,19,42,10,0,71,0,0,0,71
03/24/2020,SGF,MO,ACE,CE,Combined TRACON& Tower with Radar,23,32,7,20,82,0,3,2,0,5,23,35,9,20,87,10,0,10,97
03/25/2020,SGF,MO,ACE,CE,Combined TRACON& Tower with Radar,14,56,12,0,82,0,11,17,12,40,14,67,29,12,122,36,0,36,158
03/26/2020,SGF,MO,ACE,CE,Combined TRACON& Tower with Radar,14,23,12,16,65,0,4,10,9,23,14,27,22,25,88,0,20,20,108
03/27/2020,SGF,MO,ACE,CE,Combined TRACON& Tower with Radar,14,20,15,2,51,0,1,20,2,23,14,21,35,4,74,0,0,0,74
03/28/2020,SGF,MO,ACE,CE,Combined TRACON& Tower with Radar,15,14,0,0,29,0,1,4,0,5,15,15,4,0,34,0,0,0,34
03/29/2020,SGF,MO,ACE,CE,Combined TRACON& Tower with Radar,17,14,10,0,41,0,0,20,0,20,17,14,30,0,61,0,0,0,61
03/30/2020,SGF,MO,ACE,CE,Combined TRACON& Tower with Radar,14,23,13,9,59,0,2,23,0,25,14,25,36,9,84,12,0,12,96
03/31/2020,SGF,MO,ACE,CE,Combined TRACON& Tower with Radar,18,21,6,4,49,0,0,10,4,14,18,21,16,8,63,12,0,12,75
04/01/2020,SGF,MO,ACE,CE,Combined TRACON& Tower with Radar,14,19,21,4,58,0,0,17,0,17,14,19,38,4,75,0,0,0,75
04/02/2020,SGF,MO,ACE,CE,Combined TRACON& Tower with Radar,14,19,11,0,44,0,0,7,0,7,14,19,18,0,51,0,0,0,51
04/03/2020,SGF,MO,ACE,CE,Combined TRACON& Tower with Radar,13,26,7,0,46,0,1,2,0,3,13,27,9,0,49,0,0,0,49
04/04/2020,SGF,MO,ACE,CE,Combined TRACON& Tower with Radar,13,14,8,0,35,0,0,0,0,0,13,14,8,0,35,0,0,0,35
04/05/2020,SGF,MO,ACE,CE,Combined TRACON& Tower with Radar,6,13,7,0,26,0,0,2,0,2,6,13,9,0,28,8,0,8,36
04/06/2020,SGF,MO,ACE,CE,Combined TRACON& Tower with Radar,10,10,12,0,32,0,0,7,0,7,10,10,19,0,39,20,0,20,59
04/07/2020,SGF,MO,ACE,CE,Combined TRACON& Tower with Radar,14,10,10,14,48,0,0,13,0,13,14,10,23,14,61,0,0,0,61
04/08/2020,SGF,MO,ACE,CE,Combined TRACON& Tower with Radar,11,18,13,0,42,0,2,8,0,10,11,20,21,0,52,0,0,0,52
04/09/2020,SGF,MO,ACE,CE,Combined TRACON& Tower with Radar,15,13,3,2,33,0,0,23,0,23,15,13,26,2,56,0,0,0,56
04/10/2020,SGF,MO,ACE,CE,Combined TRACON& Tower with Radar,15,8,13,0,36,0,2,16,0,18,15,10,29,0,54,18,0,18,72
04/11/2020,SGF,MO,ACE,CE,Combined TRACON& Tower with Radar,9,11,9,0,29,0,0,5,4,9,9,11,14,4,38,0,0,0,38
04/12/2020,SGF,MO,ACE,CE,Combined TRACON& Tower with Radar,8,14,0,0,22,0,1,0,0,1,8,15,0,0,23,0,0,0,23
04/13/2020,SGF,MO,ACE,CE,Combined TRACON& Tower with Radar,10,16,11,10,47,0,1,4,0,5,10,17,15,10,52,0,3,3,55
04/14/2020,SGF,MO,ACE,CE,Combined TRACON& Tower with Radar,12,13,2,2,29,0,0,7,4,11,12,13,9,6,40,22,0,22,62
04/15/2020,SGF,MO,ACE,CE,Combined TRACON& Tower with Radar,14,17,6,1,38,0,0,12,1,13,14,17,18,2,51,0,0,0,51
04/16/2020,SGF,MO,ACE,CE,Combined TRACON& Tower with Radar,14,14,10,2,40,0,2,18,0,20,14,16,28,2,60,4,0,4,64
04/17/2020,SGF,MO,ACE,CE,Combined TRACON& Tower with Radar,15,10,5,0,30,0,1,2,0,3,15,11,7,0,33,0,0,0,33
04/18/2020,SGF,MO,ACE,CE,Combined TRACON& Tower with Radar,9,9,6,0,24,0,0,25,0,25,9,9,31,0,49,0,0,0,49
04/19/2020,SGF,MO,ACE,CE,Combined TRACON& Tower with Radar,10,11,6,0,27,0,2,2,0,4,10,13,8,0,31,0,0,0,31
04/20/2020,SGF,MO,ACE,CE,Combined TRACON& Tower with Radar,10,13,17,4,44,0,1,6,0,7,10,14,23,4,51,0,0,0,51
04/21/2020,SGF,MO,ACE,CE,Combined TRACON& Tower with Radar,10,15,14,6,45,0,0,32,2,34,10,15,46,8,79,24,0,24,103
04/22/2020,SGF,MO,ACE,CE,Combined TRACON& Tower with Radar,12,12,14,1,39,0,1,1,1,3,12,13,15,2,42,0,0,0,42
04/23/2020,SGF,MO,ACE,CE,Combined TRACON& Tower with Radar,14,12,16,14,56,0,1,5,0,6,14,13,21,14,62,0,0,0,62
04/24/2020,SGF,MO,ACE,CE,Combined TRACON& Tower with Radar,20,13,8,8,49,0,3,4,2,9,20,16,12,10,58,0,0,0,58
04/25/2020,SGF,MO,ACE,CE,Combined TRACON& Tower with Radar,8,10,4,0,22,0,3,4,0,7,8,13,8,0,29,0,0,0,29
04/26/2020,SGF,MO,ACE,CE,Combined TRACON& Tower with Radar,9,9,16,2,36,0,0,31,0,31,9,9,47,2,67,0,0,0,67
04/27/2020,SGF,MO,ACE,CE,Combined TRACON& Tower with Radar,9,12,13,18,52,0,0,6,1,7,9,12,19,19,59,0,0,0,59
04/28/2020,SGF,MO,ACE,CE,Combined TRACON& Tower with Radar,10,14,12,8,44,0,1,0,3,4,10,15,12,11,48,0,4,4,52
04/29/2020,SGF,MO,ACE,CE,Combined TRACON& Tower with Radar,8,12,18,4,42,0,3,2,8,13,8,15,20,12,55,0,0,0,55
04/30/2020,SGF,MO,ACE,CE,Combined TRACON& Tower with Radar,12,9,27,0,48,0,0,28,5,33,12,9,55,5,81,34,0,34,115
05/01/2020,SGF,MO,ACE,CE,Combined TRACON& Tower with Radar,11,21,21,0,53,0,0,21,0,21,11,21,42,0,74,0,0,0,74
05/02/2020,SGF,MO,ACE,CE,Combined TRACON& Tower with Radar,9,11,25,0,45,0,0,31,0,31,9,11,56,0,76,18,0,18,94
05/03/2020,SGF,MO,ACE,CE,Combined TRACON& Tower with Radar,10,17,9,0,36,0,2,3,0,5,10,19,12,0,41,0,0,0,41
05/04/2020,SGF,MO,ACE,CE,Combined TRACON& Tower with Radar,8,14,7,0,29,0,1,0,0,1,8,15,7,0,30,0,0,0,30
05/05/2020,SGF,MO,ACE,CE,Combined TRACON& Tower with Radar,10,9,14,0,33,0,1,5,1,7,10,10,19,1,40,0,0,0,40
05/06/2020,SGF,MO,ACE,CE,Combined TRACON& Tower with Radar,12,23,30,6,71,0,4,18,13,35,12,27,48,19,106,22,0,22,128
05/07/2020,SGF,MO,ACE,CE,Combined TRACON& Tower with Radar,14,13,25,0,52,0,4,17,6,27,14,17,42,6,79,32,0,32,111
05/08/2020,SGF,MO,ACE,CE,Combined TRACON& Tower with Radar,18,14,12,6,50,0,1,5,1,7,18,15,17,7,57,4,0,4,61
05/09/2020,SGF,MO,ACE,CE,Combined TRACON& Tower with Radar,12,13,24,0,49,0,9,39,3,51,12,22,63,3,100,34,0,34,134
05/10/2020,SGF,MO,ACE,CE,Combined TRACON& Tower with Radar,12,27,9,0,48,0,0,13,0,13,12,27,22,0,61,0,0,0,61
05/11/2020,SGF,MO,ACE,CE,Combined TRACON& Tower with Radar,11,21,23,0,55,0,7,7,1,15,11,28,30,1,70,6,0,6,76
05/12/2020,SGF,MO,ACE,CE,Combined TRACON& Tower with Radar,14,12,26,0,52,0,0,0,0,0,14,12,26,0,52,0,0,0,52
05/13/2020,SGF,MO,ACE,CE,Combined TRACON& Tower with Radar,12,14,20,3,49,0,2,3,4,9,12,16,23,7,58,28,12,40,98
05/14/2020,SGF,MO,ACE,CE,Combined TRACON& Tower with Radar,19,15,22,1,57,0,13,9,9,31,19,28,31,10,88,32,10,42,130
05/15/2020,SGF,MO,ACE,CE,Combined TRACON& Tower with Radar,20,17,11,0,48,0,5,3,4,12,20,22,14,4,60,0,16,16,76
05/16/2020,SGF,MO,ACE,CE,Combined TRACON& Tower with Radar,19,19,6,0,44,0,2,4,0,6,19,21,10,0,50,8,0,8,58
05/17/2020,SGF,MO,ACE,CE,Combined TRACON& Tower with Radar,13,15,14,0,42,0,1,5,0,6,13,16,19,0,48,22,0,22,70
05/18/2020,SGF,MO,ACE,CE,Combined TRACON& Tower with Radar,11,28,17,4,60,0,14,4,0,18,11,42,21,4,78,6,0,6,84
05/19/2020,SGF,MO,ACE,CE,Combined TRACON& Tower with Radar,12,21,45,15,93,0,18,19,9,46,12,39,64,24,139,24,14,38,177
05/20/2020,SGF,MO,ACE,CE,Combined TRACON& Tower with Radar,11,44,54,5,114,0,13,9,13,35,11,57,63,18,149,10,0,10,159
05/21/2020,SGF,MO,ACE,CE,Combined TRACON& Tower with Radar,20,28,51,12,111,0,14,6,3,23,20,42,57,15,134,0,0,0,134
05/22/2020,SGF,MO,ACE,CE,Combined TRACON& Tower with Radar,26,16,13,0,55,0,9,2,0,11,26,25,15,0,66,4,2,6,72
05/23/2020,SGF,MO,ACE,CE,Combined TRACON& Tower with Radar,23,18,35,0,76,0,15,42,1,58,23,33,77,1,134,52,0,52,186
05/24/2020,SGF,MO,ACE,CE,Combined TRACON& Tower with Radar,13,16,7,0,36,0,6,13,1,20,13,22,20,1,56,28,0,28,84
05/25/2020,SGF,MO,ACE,CE,Combined TRACON& Tower with Radar,14,14,4,0,32,0,4,1,0,5,14,18,5,0,37,8,0,8,45
05/26/2020,SGF,MO,ACE,CE,Combined TRACON& Tower with Radar,16,10,23,2,51,0,7,4,0,11,16,17,27,2,62,0,6,6,68
05/27/2020,SGF,MO,ACE,CE,Combined TRACON& Tower with Radar,12,17,40,0,69,0,0,0,1,1,12,17,40,1,70,6,0,6,76
05/28/2020,SGF,MO,ACE,CE,Combined TRACON& Tower with Radar,20,14,8,2,44,0,1,2,0,3,20,15,10,2,47,18,0,18,65
05/29/2020,SGF,MO,ACE,CE,Combined TRACON& Tower with Radar,21,28,47,3,99,0,14,23,7,44,21,42,70,10,143,26,0,26,169
05/30/2020,SGF,MO,ACE,CE,Combined TRACON& Tower with Radar,22,8,24,0,54,0,12,30,2,44,22,20,54,2,98,64,0,64,162
05/31/2020,SGF,MO,ACE,CE,Combined TRACON& Tower with Radar,13,13,19,0,45,0,5,17,0,22,13,18,36,0,67,18,0,18,85
06/01/2020,SGF,MO,ACE,CE,Combined TRACON& Tower with Radar,18,14,22,18,72,0,6,33,2,41,18,20,55,20,113,10,6,16,129
06/02/2020,SGF,MO,ACE,CE,Combined TRACON& Tower with Radar,11,24,34,0,69,0,10,21,6,37,11,34,55,6,106,12,0,12,118
06/03/2020,SGF,MO,ACE,CE,Combined TRACON& Tower with Radar,13,42,16,3,74,0,20,16,7,43,13,62,32,10,117,43,0,43,160
06/04/2020,SGF,MO,ACE,CE,Combined TRACON& Tower with Radar,27,17,21,3,68,0,17,17,3,37,27,34,38,6,105,40,0,40,145
06/05/2020,SGF,MO,ACE,CE,Combined TRACON& Tower with Radar,21,22,31,0,74,0,16,25,7,48,21,38,56,7,122,20,0,20,142
06/06/2020,SGF,MO,ACE,CE,Combined TRACON& Tower with Radar,19,10,17,0,46,0,10,31,0,41,19,20,48,0,87,44,0,44,131
06/07/2020,SGF,MO,ACE,CE,Combined TRACON& Tower with Radar,16,13,16,0,45,0,1,18,0,19,16,14,34,0,64,0,0,0,64
06/08/2020,SGF,MO,ACE,CE,Combined TRACON& Tower with Radar,16,22,10,2,50,0,21,9,0,30,16,43,19,2,80,66,0,66,146
06/09/2020,SGF,MO,ACE,CE,Combined TRACON& Tower with Radar,18,13,20,1,52,0,5,5,7,17,18,18,25,8,69,6,0,6,75
06/10/2020,SGF,MO,ACE,CE,Combined TRACON& Tower with Radar,12,11,32,0,55,0,1,6,3,10,12,12,38,3,65,0,0,0,65
06/11/2020,SGF,MO,ACE,CE,Combined TRACON& Tower with Radar,22,33,34,5,94,0,23,38,9,70,22,56,72,14,164,26,0,26,190
06/12/2020,SGF,MO,ACE,CE,Combined TRACON& Tower with Radar,19,19,28,15,81,0,23,28,1,52,19,42,56,16,133,22,22,44,177
06/13/2020,SGF,MO,ACE,CE,Combined TRACON& Tower with Radar,19,14,25,0,58,0,19,25,0,44,19,33,50,0,102,47,0,47,149
06/14/2020,SGF,MO,ACE,CE,Combined TRACON& Tower with Radar,16,15,24,16,71,0,5,36,2,43,16,20,60,18,114,3,6,9,123
06/15/2020,SGF,MO,ACE,CE,Combined TRACON& Tower with Radar,16,44,22,2,84,0,16,18,0,34,16,60,40,2,118,26,4,30,148
06/16/2020,SGF,MO,ACE,CE,Combined TRACON& Tower with Radar,12,34,42,10,98,0,15,19,7,41,12,49,61,17,139,30,0,30,169
06/17/2020,SGF,MO,ACE,CE,Combined TRACON& Tower with Radar,12,27,29,8,76,0,20,9,4,33,12,47,38,12,109,40,0,40,149
06/18/2020,SGF,MO,ACE,CE,Combined TRACON& Tower with Radar,22,15,40,21,98,0,23,18,8,49,22,38,58,29,147,42,0,42,189
06/19/2020,SGF,MO,ACE,CE,Combined TRACON& Tower with Radar,19,24,21,0,64,0,10,18,5,33,19,34,39,5,97,16,0,16,113
06/20/2020,SGF,MO,ACE,CE,Combined TRACON& Tower with Radar,19,11,20,0,50,0,6,9,0,15,19,17,29,0,65,24,0,24,89
06/21/2020,SGF,MO,ACE,CE,Combined TRACON& Tower with Radar,16,19,19,0,54,0,3,17,0,20,16,22,36,0,74,0,0,0,74
06/22/2020,SGF,MO,ACE,CE,Combined TRACON& Tower with Radar,16,23,32,6,77,0,10,12,0,22,16,33,44,6,99,54,0,54,153
06/23/2020,SGF,MO,ACE,CE,Combined TRACON& Tower with Radar,12,28,21,4,65,0,13,17,7,37,12,41,38,11,102,64,12,76,178
06/24/2020,SGF,MO,ACE,CE,Combined TRACON& Tower with Radar,12,29,30,15,86,0,23,21,7,51,12,52,51,22,137,34,10,44,181
06/25/2020,SGF,MO,ACE,CE,Combined TRACON& Tower with Radar,20,20,28,12,80,0,13,20,6,39,20,33,48,18,119,41,0,41,160
06/26/2020,SGF,MO,ACE,CE,Combined TRACON& Tower with Radar,21,33,34,1,89,0,12,14,7,33,21,45,48,8,122,16,0,16,138
06/27/2020,SGF,MO,ACE,CE,Combined TRACON& Tower with Radar,19,12,21,0,52,0,0,2,0,2,19,12,23,0,54,4,0,4,58
06/28/2020,SGF,MO,ACE,CE,Combined TRACON& Tower with Radar,16,20,25,0,61,0,0,18,0,18,16,20,43,0,79,0,0,0,79
06/29/2020,SGF,MO,ACE,CE,Combined TRACON& Tower with Radar,17,23,9,10,59,0,6,4,0,10,17,29,13,10,69,8,0,8,77
06/30/2020,SGF,MO,ACE,CE,Combined TRACON& Tower with Radar,13,14,34,0,61,0,1,15,2,18,13,15,49,2,79,28,0,28,107
07/01/2020,SGF,MO,ACE,CE,Combined TRACON& Tower with Radar,16,37,33,2,88,0,16,11,7,34,16,53,44,9,122,38,14,52,174
07/02/2020,SGF,MO,ACE,CE,Combined TRACON& Tower with Radar,22,16,28,7,73,0,15,19,5,39,22,31,47,12,112,42,0,42,154
07/03/2020,SGF,MO,ACE,CE,Combined TRACON& Tower with Radar,21,16,25,0,62,0,9,10,0,19,21,25,35,0,81,31,0,31,112
07/04/2020,SGF,MO,ACE,CE,Combined TRACON& Tower with Radar,17,9,6,0,32,0,1,11,3,15,17,10,17,3,47,0,0,0,47
07/05/2020,SGF,MO,ACE,CE,Combined TRACON& Tower with Radar,18,14,28,0,60,0,1,28,2,31,18,15,56,2,91,0,0,0,91
07/06/2020,SGF,MO,ACE,CE,Combined TRACON& Tower with Radar,18,26,22,0,66,0,20,6,0,26,18,46,28,0,92,40,0,40,132
07/07/2020,SGF,MO,ACE,CE,Combined TRACON& Tower with Radar,15,39,32,22,108,0,15,14,7,36,15,54,46,29,144,62,14,76,220
07/08/2020,SGF,MO,ACE,CE,Combined TRACON& Tower with Radar,16,39,24,5,84,0,23,26,7,56,16,62,50,12,140,38,0,38,178
07/09/2020,SGF,MO,ACE,CE,Combined TRACON& Tower with Radar,21,46,33,1,101,0,9,17,8,34,21,55,50,9,135,30,0,30,165
07/10/2020,SGF,MO,ACE,CE,Combined TRACON& Tower with Radar,21,39,32,13,105,0,18,31,2,51,21,57,63,15,156,50,14,64,220
07/11/2020,SGF,MO,ACE,CE,Combined TRACON& Tower with Radar,26,28,12,1,67,0,9,25,0,34,26,37,37,1,101,38,0,38,139
07/12/2020,SGF,MO,ACE,CE,Combined TRACON& Tower with Radar,18,31,20,0,69,0,2,21,0,23,18,33,41,0,92,0,0,0,92
07/13/2020,SGF,MO,ACE,CE,Combined TRACON& Tower with Radar,18,34,29,2,83,0,12,21,2,35,18,46,50,4,118,40,0,40,158
07/14/2020,SGF,MO,ACE,CE,Combined TRACON& Tower with Radar,14,34,28,5,81,0,8,20,7,35,14,42,48,12,116,32,0,32,148
07/15/2020,SGF,MO,ACE,CE,Combined TRACON& Tower with Radar,20,43,24,1,88,0,4,10,5,19,20,47,34,6,107,6,0,6,113
07/16/2020,SGF,MO,ACE,CE,Combined TRACON& Tower with Radar,26,37,27,3,93,0,21,19,6,46,26,58,46,9,139,24,4,28,167
07/17/2020,SGF,MO,ACE,CE,Combined TRACON& Tower with Radar,23,30,35,0,88,0,4,16,4,24,23,34,51,4,112,46,0,46,158
07/18/2020,SGF,MO,ACE,CE,Combined TRACON& Tower with Radar,19,28,25,0,72,0,9,27,1,37,19,37,52,1,109,52,0,52,161
07/19/2020,SGF,MO,ACE,CE,Combined TRACON& Tower with Radar,22,33,18,0,73,0,4,14,0,18,22,37,32,0,91,0,0,0,91
07/20/2020,SGF,MO,ACE,CE,Combined TRACON& Tower with Radar,18,46,35,6,105,0,8,12,4,24,18,54,47,10,129,42,0,42,171
07/21/2020,SGF,MO,ACE,CE,Combined TRACON& Tower with Radar,14,34,40,9,97,0,2,16,6,24,14,36,56,15,121,44,0,44,165
07/22/2020,SGF,MO,ACE,CE,Combined TRACON& Tower with Radar,14,32,27,21,94,0,26,11,7,44,14,58,38,28,138,76,4,80,218
07/23/2020,SGF,MO,ACE,CE,Combined TRACON& Tower with Radar,22,36,38,3,99,0,22,21,7,50,22,58,59,10,149,53,0,53,202
07/24/2020,SGF,MO,ACE,CE,Combined TRACON& Tower with Radar,20,39,26,5,90,0,13,15,4,32,20,52,41,9,122,12,0,12,134
07/25/2020,SGF,MO,ACE,CE,Combined TRACON& Tower with Radar,18,34,25,0,77,0,10,37,0,47,18,44,62,0,124,33,0,33,157
07/26/2020,SGF,MO,ACE,CE,Combined TRACON& Tower with Radar,18,29,22,0,69,0,0,18,0,18,18,29,40,0,87,20,0,20,107
07/27/2020,SGF,MO,ACE,CE,Combined TRACON& Tower with Radar,18,35,35,0,88,0,7,6,0,13,18,42,41,0,101,18,0,18,119
07/28/2020,SGF,MO,ACE,CE,Combined TRACON& Tower with Radar,16,32,32,5,85,0,0,9,3,12,16,32,41,8,97,36,12,48,145
07/29/2020,SGF,MO,ACE,CE,Combined TRACON& Tower with Radar,15,33,18,0,66,0,1,5,0,6,15,34,23,0,72,20,0,20,92
07/30/2020,SGF,MO,ACE,CE,Combined TRACON& Tower with Radar,22,46,21,2,91,0,9,14,5,28,22,55,35,7,119,26,8,34,153
07/31/2020,SGF,MO,ACE,CE,Combined TRACON& Tower with Radar,20,33,14,4,71,0,0,3,0,3,20,33,17,4,74,0,0,0,74
08/01/2020,SGF,MO,ACE,CE,Combined TRACON& Tower with Radar,21,32,23,0,76,0,5,35,0,40,21,37,58,0,116,60,0,60,176
08/02/2020,SGF,MO,ACE,CE,Combined TRACON& Tower with Radar,21,29,21,0,71,0,0,21,0,21,21,29,42,0,92,0,0,0,92
08/03/2020,SGF,MO,ACE,CE,Combined TRACON& Tower with Radar,20,38,28,0,86,0,19,20,0,39,20,57,48,0,125,82,0,82,207
08/04/2020,SGF,MO,ACE,CE,Combined TRACON& Tower with Radar,16,42,39,5,102,0,23,25,4,52,16,65,64,9,154,63,0,63,217
08/05/2020,SGF,MO,ACE,CE,Combined TRACON& Tower with Radar,17,38,28,1,84,0,20,24,7,51,17,58,52,8,135,56,10,66,201
08/06/2020,SGF,MO,ACE,CE,Combined TRACON& Tower with Radar,24,40,35,11,110,0,13,35,6,54,24,53,70,17,164,48,24,72,236
08/07/2020,SGF,MO,ACE,CE,Combined TRACON& Tower with Radar,23,40,32,4,99,0,3,2,0,5,23,43,34,4,104,22,0,22,126
08/08/2020,SGF,MO,ACE,CE,Combined TRACON& Tower with Radar,22,25,20,0,67,0,6,20,0,26,22,31,40,0,93,32,0,32,125
08/09/2020,SGF,MO,ACE,CE,Combined TRACON& Tower with Radar,20,30,27,0,77,0,0,21,0,21,20,30,48,0,98,14,0,14,112
08/10/2020,SGF,MO,ACE,CE,Combined TRACON& Tower with Radar,20,32,28,0,80,0,13,11,0,24,20,45,39,0,104,28,0,28,132
08/11/2020,SGF,MO,ACE,CE,Combined TRACON& Tower with Radar,18,34,11,3,66,0,9,6,2,17,18,43,17,5,83,12,0,12,95
08/12/2020,SGF,MO,ACE,CE,Combined TRACON& Tower with Radar,22,37,19,10,88,0,11,13,4,28,22,48,32,14,116,8,0,8,124
08/13/2020,SGF,MO,ACE,CE,Combined TRACON& Tower with Radar,24,35,36,7,102,0,8,2,3,13,24,43,38,10,115,22,0,22,137
08/14/2020,SGF,MO,ACE,CE,Combined TRACON& Tower with Radar,22,38,20,18,98,0,16,24,2,42,22,54,44,20,140,34,0,34,174
08/15/2020,SGF,MO,ACE,CE,Combined TRACON& Tower with Radar,22,39,15,2,78,0,16,19,1,36,22,55,34,3,114,12,0,12,126
08/16/2020,SGF,MO,ACE,CE,Combined TRACON& Tower with Radar,18,33,27,0,78,0,6,26,3,35,18,39,53,3,113,26,0,26,139
08/17/2020,SGF,MO,ACE,CE,Combined TRACON& Tower with Radar,24,36,19,2,81,0,12,8,0,20,24,48,27,2,101,16,0,16,117
08/18/2020,SGF,MO,ACE,CE,Combined TRACON& Tower with Radar,18,35,23,2,78,0,14,14,1,29,18,49,37,3,107,4,0,4,111
08/19/2020,SGF,MO,ACE,CE,Combined TRACON& Tower with Radar,15,34,27,0,76,0,18,20,0,38,15,52,47,0,114,34,0,34,148
08/20/2020,SGF,MO,ACE,CE,Combined TRACON& Tower with Radar,25,50,42,8,125,0,16,48,2,66,25,66,90,10,191,40,30,70,261
08/21/2020,SGF,MO,ACE,CE,Combined TRACON& Tower with Radar,20,32,30,1,83,0,19,13,3,35,20,51,43,4,118,64,0,64,182
08/22/2020,SGF,MO,ACE,CE,Combined TRACON& Tower with Radar,16,32,14,7,69,0,2,31,3,36,16,34,45,10,105,6,0,6,111
08/23/2020,SGF,MO,ACE,CE,Combined TRACON& Tower with Radar,18,30,25,0,73,0,8,18,0,26,18,38,43,0,99,0,0,0,99
08/24/2020,SGF,MO,ACE,CE,Combined TRACON& Tower with Radar,20,40,22,9,91,0,15,21,8,44,20,55,43,17,135,12,0,12,147
08/25/2020,SGF,MO,ACE,CE,Combined TRACON& Tower with Radar,14,35,26,5,80,0,8,22,4,34,14,43,48,9,114,8,0,8,122
08/26/2020,SGF,MO,ACE,CE,Combined TRACON& Tower with Radar,14,40,44,9,107,0,10,26,11,47,14,50,70,20,154,22,16,38,192
08/27/2020,SGF,MO,ACE,CE,Combined TRACON& Tower with Radar,23,39,24,0,86,0,1,3,2,6,23,40,27,2,92,16,0,16,108
08/28/2020,SGF,MO,ACE,CE,Combined TRACON& Tower with Radar,20,34,32,1,87,0,13,20,2,35,20,47,52,3,122,16,0,16,138
08/29/2020,SGF,MO,ACE,CE,Combined TRACON& Tower with Radar,14,28,3,0,45,0,4,11,0,15,14,32,14,0,60,24,0,24,84
08/30/2020,SGF,MO,ACE,CE,Combined TRACON& Tower with Radar,16,28,7,0,51,0,1,3,0,4,16,29,10,0,55,2,0,2,57
08/31/2020,SGF,MO,ACE,CE,Combined TRACON& Tower with Radar,19,34,19,0,72,0,9,8,0,17,19,43,27,0,89,6,0,6,95
09/01/2020,SGF,MO,ACE,CE,Combined TRACON& Tower with Radar,15,27,9,6,57,0,3,0,3,6,15,30,9,9,63,0,0,0,63
09/02/2020,SGF,MO,ACE,CE,Combined TRACON& Tower with Radar,15,53,40,2,110,0,14,9,3,26,15,67,49,5,136,14,6,20,156
09/03/2020,SGF,MO,ACE,CE,Combined TRACON& Tower with Radar,20,34,47,6,107,0,9,22,7,38,20,43,69,13,145,14,0,14,159
09/04/2020,SGF,MO,ACE,CE,Combined TRACON& Tower with Radar,22,41,30,0,93,0,29,23,1,53,22,70,53,1,146,36,0,36,182
09/05/2020,SGF,MO,ACE,CE,Combined TRACON& Tower with Radar,16,28,23,0,67,0,20,14,0,34,16,48,37,0,101,0,0,0,101
09/06/2020,SGF,MO,ACE,CE,Combined TRACON& Tower with Radar,14,28,7,0,49,0,14,12,0,26,14,42,19,0,75,0,0,0,75
09/07/2020,SGF,MO,ACE,CE,Combined TRACON& Tower with Radar,18,39,24,0,81,0,26,23,0,49,18,65,47,0,130,26,0,26,156
09/08/2020,SGF,MO,ACE,CE,Combined TRACON& Tower with Radar,13,27,24,1,65,0,8,4,3,15,13,35,28,4,80,24,0,24,104
09/09/2020,SGF,MO,ACE,CE,Combined TRACON& Tower with Radar,18,41,40,9,108,0,10,16,11,37,18,51,56,20,145,12,24,36,181
09/10/2020,SGF,MO,ACE,CE,Combined TRACON& Tower with Radar,20,44,30,2,96,0,19,15,7,41,20,63,45,9,137,28,18,46,183
09/11/2020,SGF,MO,ACE,CE,Combined TRACON& Tower with Radar,20,31,34,1,86,0,1,3,1,5,20,32,37,2,91,16,0,16,107
09/12/2020,SGF,MO,ACE,CE,Combined TRACON& Tower with Radar,14,51,24,2,91,0,2,16,0,18,14,53,40,2,109,34,0,34,143
09/13/2020,SGF,MO,ACE,CE,Combined TRACON& Tower with Radar,16,35,27,0,78,0,10,21,0,31,16,45,48,0,109,16,0,16,125
09/14/2020,SGF,MO,ACE,CE,Combined TRACON& Tower with Radar,16,31,26,10,83,0,15,22,0,37,16,46,48,10,120,10,0,10,130
09/15/2020,SGF,MO,ACE,CE,Combined TRACON& Tower with Radar,14,32,28,5,79,0,27,25,3,55,14,59,53,8,134,54,0,54,188
09/16/2020,SGF,MO,ACE,CE,Combined TRACON& Tower with Radar,14,44,51,3,112,0,23,38,10,71,14,67,89,13,183,18,0,18,201
09/17/2020,SGF,MO,ACE,CE,Combined TRACON& Tower with Radar,22,49,27,6,104,0,11,18,6,35,22,60,45,12,139,8,0,8,147
09/18/2020,SGF,MO,ACE,CE,Combined TRACON& Tower with Radar,18,49,22,1,90,0,26,25,7,58,18,75,47,8,148,64,0,64,212
09/19/2020,SGF,MO,ACE,CE,Combined TRACON& Tower with Radar,14,32,27,12,85,0,18,38,4,60,14,50,65,16,145,18,0,18,163
09/20/2020,SGF,MO,ACE,CE,Combined TRACON& Tower with Radar,16,30,26,0,72,0,2,34,0,36,16,32,60,0,108,42,0,42,150
09/21/2020,SGF,MO,ACE,CE,Combined TRACON& Tower with Radar,18,40,39,0,97,0,22,26,2,50,18,62,65,2,147,40,0,40,187
09/22/2020,SGF,MO,ACE,CE,Combined TRACON& Tower with Radar,14,31,27,1,73,0,24,11,1,36,14,55,38,2,109,64,0,64,173
09/23/2020,SGF,MO,ACE,CE,Combined TRACON& Tower with Radar,14,39,30,23,106,0,16,15,8,39,14,55,45,31,145,18,0,18,163
09/24/2020,SGF,MO,ACE,CE,Combined TRACON& Tower with Radar,22,40,33,3,98,0,13,16,6,35,22,53,49,9,133,18,0,18,151
09/25/2020,SGF,MO,ACE,CE,Combined TRACON& Tower with Radar,20,41,39,0,100,0,10,31,2,43,20,51,70,2,143,66,0,66,209
09/26/2020,SGF,MO,ACE,CE,Combined TRACON& Tower with Radar,16,31,30,2,79,0,17,22,0,39,16,48,52,2,118,16,0,16,134
09/27/2020,SGF,MO,ACE,CE,Combined TRACON& Tower with Radar,16,32,28,0,76,0,2,12,0,14,16,34,40,0,90,8,0,8,98
09/28/2020,SGF,MO,ACE,CE,Combined TRACON& Tower with Radar,16,35,16,0,67,0,14,7,0,21,16,49,23,0,88,44,0,44,132
09/29/2020,SGF,MO,ACE,CE,Combined TRACON& Tower with Radar,14,37,44,16,111,0,13,21,1,35,14,50,65,17,146,42,0,42,188
09/30/2020,SGF,MO,ACE,CE,Combined TRACON& Tower with Radar,14,55,41,4,114,0,20,9,6,35,14,75,50,10,149,28,0,28,177
10/01/2020,SGF,MO,ACE,CE,Combined TRACON& Tower with Radar,20,33,40,9,102,0,11,23,3,37,20,44,63,12,139,14,8,22,161
10/02/2020,SGF,MO,ACE,CE,Combined TRACON& Tower with Radar,20,34,31,8,93,0,9,28,0,37,20,43,59,8,130,28,0,28,158
10/03/2020,SGF,MO,ACE,CE,Combined TRACON& Tower with Radar,16,30,15,1,62,0,8,13,4,25,16,38,28,5,87,28,0,28,115
10/04/2020,SGF,MO,ACE,CE,Combined TRACON& Tower with Radar,18,29,26,0,73,0,5,12,0,17,18,34,38,0,90,8,0,8,98
10/05/2020,SGF,MO,ACE,CE,Combined TRACON& Tower with Radar,16,37,19,8,80,0,20,22,0,42,16,57,41,8,122,62,10,72,194
10/06/2020,SGF,MO,ACE,CE,Combined TRACON& Tower with Radar,18,41,31,5,95,0,25,19,13,57,18,66,50,18,152,80,0,80,232
10/07/2020,SGF,MO,ACE,CE,Combined TRACON& Tower with Radar,16,40,42,8,106,0,32,26,5,63,16,72,68,13,169,80,0,80,249
10/08/2020,SGF,MO,ACE,CE,Combined TRACON& Tower with Radar,24,42,36,1,103,0,24,16,1,41,24,66,52,2,144,60,0,60,204
10/09/2020,SGF,MO,ACE,CE,Combined TRACON& Tower with Radar,21,38,22,0,81,0,12,13,0,25,21,50,35,0,106,62,0,62,168
10/10/2020,SGF,MO,ACE,CE,Combined TRACON& Tower with Radar,17,31,26,0,74,0,6,25,1,32,17,37,51,1,106,34,0,34,140
10/11/2020,SGF,MO,ACE,CE,Combined TRACON& Tower with Radar,14,30,24,6,74,0,4,24,0,28,14,34,48,6,102,0,0,0,102
10/12/2020,SGF,MO,ACE,CE,Combined TRACON& Tower with Radar,18,38,30,0,86,0,2,10,0,12,18,40,40,0,98,0,0,0,98
10/13/2020,SGF,MO,ACE,CE,Combined TRACON& Tower with Radar,16,30,32,0,78,0,16,32,6,54,16,46,64,6,132,24,0,24,156
10/14/2020,SGF,MO,ACE,CE,Combined TRACON& Tower with Radar,20,18,33,1,72,0,10,16,7,33,20,28,49,8,105,28,0,28,133
10/15/2020,SGF,MO,ACE,CE,Combined TRACON& Tower with Radar,22,45,34,0,101,0,11,10,2,23,22,56,44,2,124,46,20,66,190
10/16/2020,SGF,MO,ACE,CE,Combined TRACON& Tower with Radar,18,53,44,8,123,0,17,25,8,50,18,70,69,16,173,58,0,58,231
10/17/2020,SGF,MO,ACE,CE,Combined TRACON& Tower with Radar,18,26,8,0,52,0,0,7,0,7,18,26,15,0,59,0,0,0,59
10/18/2020,SGF,MO,ACE,CE,Combined TRACON& Tower with Radar,16,28,24,0,68,0,0,1,0,1,16,28,25,0,69,22,0,22,91
10/19/2020,SGF,MO,ACE,CE,Combined TRACON& Tower with Radar,16,34,15,0,65,0,0,0,0,0,16,34,15,0,65,0,0,0,65
10/20/2020,SGF,MO,ACE,CE,Combined TRACON& Tower with Radar,16,26,22,4,68,0,0,0,0,0,16,26,22,4,68,0,0,0,68
10/21/2020,SGF,MO,ACE,CE,Combined TRACON& Tower with Radar,16,22,37,5,80,0,8,11,1,20,16,30,48,6,100,60,0,60,160
10/22/2020,SGF,MO,ACE,CE,Combined TRACON& Tower with Radar,20,35,32,7,94,0,6,15,19,40,20,41,47,26,134,30,0,30,164
10/23/2020,SGF,MO,ACE,CE,Combined TRACON& Tower with Radar,21,39,35,0,95,0,1,1,1,3,21,40,36,1,98,0,0,0,98
10/24/2020,SGF,MO,ACE,CE,Combined TRACON& Tower with Radar,18,26,23,0,67,0,0,5,2,7,18,26,28,2,74,86,20,106,180
10/25/2020,SGF,MO,ACE,CE,Combined TRACON& Tower with Radar,16,29,30,0,75,0,1,0,0,1,16,30,30,0,76,0,0,0,76
10/26/2020,SGF,MO,ACE,CE,Combined TRACON& Tower with Radar,17,27,17,0,61,0,0,0,0,0,17,27,17,0,61,0,0,0,61
10/27/2020,SGF,MO,ACE,CE,Combined TRACON& Tower with Radar,18,25,28,0,71,0,0,1,0,1,18,25,29,0,72,4,0,4,76
10/28/2020,SGF,MO,ACE,CE,Combined TRACON& Tower with Radar,16,25,13,2,56,0,0,1,0,1,16,25,14,2,57,0,0,0,57
10/29/2020,SGF,MO,ACE,CE,Combined TRACON& Tower with Radar,18,36,22,11,87,0,2,3,1,6,18,38,25,12,93,0,28,28,121
10/30/2020,SGF,MO,ACE,CE,Combined TRACON& Tower with Radar,21,46,22,3,92,0,21,56,2,79,21,67,78,5,171,108,0,108,279
10/31/2020,SGF,MO,ACE,CE,Combined TRACON& Tower with Radar,15,28,30,0,73,0,22,39,0,61,15,50,69,0,134,68,0,68,202
11/01/2020,SGF,MO,ACE,CE,Combined TRACON& Tower with Radar,14,25,28,0,67,0,12,15,0,27,14,37,43,0,94,2,0,2,96
11/02/2020,SGF,MO,ACE,CE,Combined TRACON& Tower with Radar,16,39,27,14,96,0,20,9,0,29,16,59,36,14,125,20,0,20,145
11/03/2020,SGF,MO,ACE,CE,Combined TRACON& Tower with Radar,12,27,27,2,68,0,19,18,10,47,12,46,45,12,115,98,1,99,214
11/04/2020,SGF,MO,ACE,CE,Combined TRACON& Tower with Radar,12,43,32,2,89,0,20,22,3,45,12,63,54,5,134,91,0,91,225
11/05/2020,SGF,MO,ACE,CE,Combined TRACON& Tower with Radar,20,43,37,36,136,0,16,23,18,57,20,59,60,54,193,136,22,158,351
11/06/2020,SGF,MO,ACE,CE,Combined TRACON& Tower with Radar,19,41,28,8,96,0,17,29,6,52,19,58,57,14,148,192,14,206,354
11/07/2020,SGF,MO,ACE,CE,Combined TRACON& Tower with Radar,17,31,24,10,82,0,18,16,6,40,17,49,40,16,122,126,0,126,248
11/08/2020,SGF,MO,ACE,CE,Combined TRACON& Tower with Radar,14,37,18,0,69,0,0,5,4,9,14,37,23,4,78,8,0,8,86
11/09/2020,SGF,MO,ACE,CE,Combined TRACON& Tower with Radar,16,32,27,3,78,0,2,10,6,18,16,34,37,9,96,20,0,20,116
11/10/2020,SGF,MO,ACE,CE,Combined TRACON& Tower with Radar,14,21,30,1,66,0,4,2,1,7,14,25,32,2,73,28,0,28,101
11/11/2020,SGF,MO,ACE,CE,Combined TRACON& Tower with Radar,14,46,30,0,90,0,26,24,0,50,14,72,54,0,140,46,0,46,186
11/12/2020,SGF,MO,ACE,CE,Combined TRACON& Tower with Radar,18,39,44,1,102,0,28,35,13,76,18,67,79,14,178,60,0,60,238
11/13/2020,SGF,MO,ACE,CE,Combined TRACON& Tower with Radar,19,46,38,17,120,0,16,25,5,46,19,62,63,22,166,25,8,33,199
11/14/2020,SGF,MO,ACE,CE,Combined TRACON& Tower with Radar,19,24,13,0,56,0,2,0,2,4,19,26,13,2,60,10,12,22,82
11/15/2020,SGF,MO,ACE,CE,Combined TRACON& Tower with Radar,14,29,16,0,59,0,0,7,0,7,14,29,23,0,66,0,0,0,66
11/16/2020,SGF,MO,ACE,CE,Combined TRACON& Tower with Radar,16,29,18,12,75,0,15,15,0,30,16,44,33,12,105,30,0,30,135
11/17/2020,SGF,MO,ACE,CE,Combined TRACON& Tower with Radar,14,21,37,22,94,0,22,34,6,62,14,43,71,28,156,104,8,112,268
11/18/2020,SGF,MO,ACE,CE,Combined TRACON& Tower with Radar,14,30,14,9,67,0,6,9,8,23,14,36,23,17,90,12,0,12,102
11/19/2020,SGF,MO,ACE,CE,Combined TRACON& Tower with Radar,18,33,18,2,71,0,2,7,12,21,18,35,25,14,92,0,0,0,92
11/20/2020,SGF,MO,ACE,CE,Combined TRACON& Tower with Radar,23,34,36,3,96,0,7,20,3,30,23,41,56,6,126,66,0,66,192
11/21/2020,SGF,MO,ACE,CE,Combined TRACON& Tower with Radar,19,29,20,0,68,0,0,0,0,0,19,29,20,0,68,0,0,0,68
11/22/2020,SGF,MO,ACE,CE,Combined TRACON& Tower with Radar,16,29,9,0,54,0,0,7,0,7,16,29,16,0,61,0,0,0,61
11/23/2020,SGF,MO,ACE,CE,Combined TRACON& Tower with Radar,20,29,39,4,92,0,8,18,0,26,20,37,57,4,118,34,6,40,158
11/24/2020,SGF,MO,ACE,CE,Combined TRACON& Tower with Radar,21,26,23,0,70,0,4,1,2,7,21,30,24,2,77,0,14,14,91
11/25/2020,SGF,MO,ACE,CE,Combined TRACON& Tower with Radar,23,30,26,0,79,0,0,0,0,0,23,30,26,0,79,0,0,0,79
11/26/2020,SGF,MO,ACE,CE,Combined TRACON& Tower with Radar,12,6,13,0,31,0,1,10,0,11,12,7,23,0,42,0,0,0,42
11/27/2020,SGF,MO,ACE,CE,Combined TRACON& Tower with Radar,15,17,22,0,54,0,12,22,0,34,15,29,44,0,88,14,0,14,102
11/28/2020,SGF,MO,ACE,CE,Combined TRACON& Tower with Radar,19,34,28,0,81,0,12,38,2,52,19,46,66,2,133,26,0,26,159
11/29/2020,SGF,MO,ACE,CE,Combined TRACON& Tower with Radar,20,32,25,0,77,0,4,6,2,12,20,36,31,2,89,34,0,34,123
11/30/2020,SGF,MO,ACE,CE,Combined TRACON& Tower with Radar,16,33,26,1,76,0,2,18,1,21,16,35,44,2,97,32,0,32,129
12/01/2020,SGF,MO,ACE,CE,Combined TRACON& Tower with Radar,23,28,34,2,87,0,12,22,0,34,23,40,56,2,121,100,0,100,221
12/02/2020,SGF,MO,ACE,CE,Combined TRACON& Tower with Radar,20,27,20,0,67,0,10,21,2,33,20,37,41,2,100,68,0,68,168
12/03/2020,SGF,MO,ACE,CE,Combined TRACON& Tower with Radar,24,22,32,4,82,0,0,0,0,0,24,22,32,4,82,0,48,48,130
12/04/2020,SGF,MO,ACE,CE,Combined TRACON& Tower with Radar,25,26,23,10,84,0,22,13,2,37,25,48,36,12,121,70,0,70,191
12/05/2020,SGF,MO,ACE,CE,Combined TRACON& Tower with Radar,19,20,8,18,65,0,21,35,10,66,19,41,43,28,131,32,0,32,163
12/06/2020,SGF,MO,ACE,CE,Combined TRACON& Tower with Radar,18,27,29,0,74,0,8,19,2,29,18,35,48,2,103,16,0,16,119
12/07/2020,SGF,MO,ACE,CE,Combined TRACON& Tower with Radar,20,29,27,14,90,0,14,14,0,28,20,43,41,14,118,48,6,54,172
12/08/2020,SGF,MO,ACE,CE,Combined TRACON& Tower with Radar,22,18,22,4,66,0,19,16,0,35,22,37,38,4,101,74,0,74,175
12/09/2020,SGF,MO,ACE,CE,Combined TRACON& Tower with Radar,20,16,33,3,72,0,37,23,6,66,20,53,56,9,138,108,6,114,252
12/10/2020,SGF,MO,ACE,CE,Combined TRACON& Tower with Radar,24,37,29,7,97,0,23,37,11,71,24,60,66,18,168,46,0,46,214
12/11/2020,SGF,MO,ACE,CE,Combined TRACON& Tower with Radar,24,23,15,4,66,0,0,0,2,2,24,23,15,6,68,0,0,0,68
12/12/2020,SGF,MO,ACE,CE,Combined TRACON& Tower with Radar,21,18,14,0,53,0,0,6,0,6,21,18,20,0,59,14,0,14,73
12/13/2020,SGF,MO,ACE,CE,Combined TRACON& Tower with Radar,20,22,7,0,49,0,2,2,0,4,20,24,9,0,53,0,0,0,53
12/14/2020,SGF,MO,ACE,CE,Combined TRACON& Tower with Radar,21,32,33,0,86,0,8,22,0,30,21,40,55,0,116,50,0,50,166
12/15/2020,SGF,MO,ACE,CE,Combined TRACON& Tower with Radar,18,27,23,1,69,0,12,6,9,27,18,39,29,10,96,58,22,80,176
12/16/2020,SGF,MO,ACE,CE,Combined TRACON& Tower with Radar,20,16,33,7,76,0,3,11,9,23,20,19,44,16,99,60,0,60,159
12/17/2020,SGF,MO,ACE,CE,Combined TRACON& Tower with Radar,20,54,47,3,124,0,21,22,17,60,20,75,69,20,184,72,0,72,256
12/18/2020,SGF,MO,ACE,CE,Combined TRACON& Tower with Radar,22,30,32,9,93,0,6,19,5,30,22,36,51,14,123,16,0,16,139
12/19/2020,SGF,MO,ACE,CE,Combined TRACON& Tower with Radar,23,25,24,0,72,0,4,24,0,28,23,29,48,0,100,24,0,24,124
12/20/2020,SGF,MO,ACE,CE,Combined TRACON& Tower with Radar,18,25,27,0,70,0,7,14,0,21,18,32,41,0,91,22,0,22,113
12/21/2020,SGF,MO,ACE,CE,Combined TRACON& Tower with Radar,25,29,7,0,61,0,15,16,0,31,25,44,23,0,92,28,0,28,120
12/22/2020,SGF,MO,ACE,CE,Combined TRACON& Tower with Radar,24,34,34,8,100,0,8,29,7,44,24,42,63,15,144,34,0,34,178
12/23/2020,SGF,MO,ACE,CE,Combined TRACON& Tower with Radar,26,40,20,0,86,0,5,6,0,11,26,45,26,0,97,2,0,2,99
12/24/2020,SGF,MO,ACE,CE,Combined TRACON& Tower with Radar,24,14,12,0,50,0,0,4,0,4,24,14,16,0,54,0,0,0,54
12/25/2020,SGF,MO,ACE,CE,Combined TRACON& Tower with Radar,12,18,3,0,33,0,0,7,0,7,12,18,10,0,40,0,0,0,40
12/26/2020,SGF,MO,ACE,CE,Combined TRACON& Tower with Radar,23,31,24,0,78,0,4,25,0,29,23,35,49,0,107,18,0,18,125
12/27/2020,SGF,MO,ACE,CE,Combined TRACON& Tower with Radar,18,25,9,0,52,0,2,4,0,6,18,27,13,0,58,4,0,4,62
12/28/2020,SGF,MO,ACE,CE,Combined TRACON& Tower with Radar,25,31,28,1,85,0,13,28,1,42,25,44,56,2,127,12,0,12,139
12/29/2020,SGF,MO,ACE,CE,Combined TRACON& Tower with Radar,18,23,18,0,59,0,1,1,0,2,18,24,19,0,61,0,0,0,61
12/30/2020,SGF,MO,ACE,CE,Combined TRACON& Tower with Radar,24,26,12,0,62,0,0,0,0,0,24,26,12,0,62,0,0,0,62
12/31/2020,SGF,MO,ACE,CE,Combined TRACON& Tower with Radar,23,18,5,0,46,0,1,8,0,9,23,19,13,0,55,0,0,0,55
01/01/2021,SGF,MO,ACE,CE,Combined TRACON& Tower with Radar,11,26,4,0,41,0,0,0,0,0,11,26,4,0,41,0,0,0,41
01/02/2021,SGF,MO,ACE,CE,Combined TRACON& Tower with Radar,23,27,12,0,62,0,0,0,0,0,23,27,12,0,62,0,0,0,62
01/03/2021,SGF,MO,ACE,CE,Combined TRACON& Tower with Radar,20,29,17,0,66,0,6,16,0,22,20,35,33,0,88,0,0,0,88
01/04/2021,SGF,MO,ACE,CE,Combined TRACON& Tower with Radar,22,41,28,0,91,0,18,13,0,31,22,59,41,0,122,18,0,18,140
01/05/2021,SGF,MO,ACE,CE,Combined TRACON& Tower with Radar,16,36,37,13,102,0,22,32,8,62,16,58,69,21,164,86,12,98,262
01/06/2021,SGF,MO,ACE,CE,Combined TRACON& Tower with Radar,18,24,15,0,57,0,3,6,3,12,18,27,21,3,69,8,46,54,123
01/07/2021,SGF,MO,ACE,CE,Combined TRACON& Tower with Radar,24,26,11,0,61,0,0,0,0,0,24,26,11,0,61,0,14,14,75
01/08/2021,SGF,MO,ACE,CE,Combined TRACON& Tower with Radar,23,32,16,0,71,0,1,9,0,10,23,33,25,0,81,8,0,8,89
01/09/2021,SGF,MO,ACE,CE,Combined TRACON& Tower with Radar,19,30,22,0,71,0,0,15,6,21,19,30,37,6,92,0,0,0,92
01/10/2021,SGF,MO,ACE,CE,Combined TRACON& Tower with Radar,18,22,15,4,59,0,0,11,0,11,18,22,26,4,70,0,0,0,70
01/11/2021,SGF,MO,ACE,CE,Combined TRACON& Tower with Radar,20,29,19,0,68,0,6,5,0,11,20,35,24,0,79,30,0,30,109
01/12/2021,SGF,MO,ACE,CE,Combined TRACON& Tower with Radar,18,32,25,6,81,0,17,24,7,48,18,49,49,13,129,38,0,38,167
01/13/2021,SGF,MO,ACE,CE,Combined TRACON& Tower with Radar,18,36,38,7,99,0,28,29,19,76,18,64,67,26,175,33,0,33,208
01/14/2021,SGF,MO,ACE,CE,Combined TRACON& Tower with Radar,24,27,22,1,74,0,0,4,9,13,24,27,26,10,87,9,0,9,96
01/15/2021,SGF,MO,ACE,CE,Combined TRACON& Tower with Radar,21,24,11,0,56,0,1,0,0,1,21,25,11,0,57,0,0,0,57
01/16/2021,SGF,MO,ACE,CE,Combined TRACON& Tower with Radar,17,20,18,0,55,0,1,10,0,11,17,21,28,0,66,0,0,0,66
01/17/2021,SGF,MO,ACE,CE,Combined TRACON& Tower with Radar,16,24,16,0,56,0,11,18,3,32,16,35,34,3,88,14,0,14,102
01/18/2021,SGF,MO,ACE,CE,Combined TRACON& Tower with Radar,20,31,26,0,77,0,14,27,0,41,20,45,53,0,118,54,0,54,172
01/19/2021,SGF,MO,ACE,CE,Combined TRACON& Tower with Radar,16,24,20,1,61,0,4,11,3,18,16,28,31,4,79,16,0,16,95
01/20/2021,SGF,MO,ACE,CE,Combined TRACON& Tower with Radar,20,26,22,2,70,0,24,10,11,45,20,50,32,13,115,70,18,88,203
01/21/2021,SGF,MO,ACE,CE,Combined TRACON& Tower with Radar,24,23,40,3,90,0,17,17,10,44,24,40,57,13,134,58,14,72,206
01/22/2021,SGF,MO,ACE,CE,Combined TRACON& Tower with Radar,25,30,23,5,83,0,22,35,6,63,25,52,58,11,146,34,0,34,180
01/23/2021,SGF,MO,ACE,CE,Combined TRACON& Tower with Radar,15,23,16,0,54,0,19,28,0,47,15,42,44,0,101,42,0,42,143
01/24/2021,SGF,MO,ACE,CE,Combined TRACON& Tower with Radar,22,35,11,0,68,0,0,0,0,0,22,35,11,0,68,0,0,0,68
01/25/2021,SGF,MO,ACE,CE,Combined TRACON& Tower with Radar,20,29,16,0,65,0,0,0,0,0,20,29,16,0,65,0,0,0,65
01/26/2021,SGF,MO,ACE,CE,Combined TRACON& Tower with Radar,16,21,36,6,79,0,0,5,0,5,16,21,41,6,84,0,12,12,96
01/27/2021,SGF,MO,ACE,CE,Combined TRACON& Tower with Radar,18,30,18,2,68,0,0,0,1,1,18,30,18,3,69,0,6,6,75
01/28/2021,SGF,MO,ACE,CE,Combined TRACON& Tower with Radar,24,35,30,1,90,0,23,22,9,54,24,58,52,10,144,34,0,34,178
01/29/2021,SGF,MO,ACE,CE,Combined TRACON& Tower with Radar,23,43,39,3,108,0,30,17,4,51,23,73,56,7,159,22,12,34,193
01/30/2021,SGF,MO,ACE,CE,Combined TRACON& Tower with Radar,17,23,13,0,53,0,1,0,0,1,17,24,13,0,54,0,0,0,54
01/31/2021,SGF,MO,ACE,CE,Combined TRACON& Tower with Radar,18,23,20,0,61,0,0,0,0,0,18,23,20,0,61,0,0,0,61
02/01/2021,SGF,MO,ACE,CE,Combined TRACON& Tower with Radar,21,26,14,6,67,0,4,3,0,7,21,30,17,6,74,0,0,0,74
02/02/2021,SGF,MO,ACE,CE,Combined TRACON& Tower with Radar,17,21,38,17,93,0,14,17,6,37,17,35,55,23,130,88,0,88,218
02/03/2021,SGF,MO,ACE,CE,Combined TRACON& Tower with Radar,18,35,36,2,91,0,44,26,9,79,18,79,62,11,170,68,0,68,238
02/04/2021,SGF,MO,ACE,CE,Combined TRACON& Tower with Radar,26,20,19,6,71,0,4,3,0,7,26,24,22,6,78,0,0,0,78
02/05/2021,SGF,MO,ACE,CE,Combined TRACON& Tower with Radar,23,37,31,12,103,0,31,32,10,73,23,68,63,22,176,34,18,52,228
02/06/2021,SGF,MO,ACE,CE,Combined TRACON& Tower with Radar,19,27,13,0,59,0,11,4,0,15,19,38,17,0,74,18,0,18,92
02/07/2021,SGF,MO,ACE,CE,Combined TRACON& Tower with Radar,15,23,8,0,46,0,0,0,0,0,15,23,8,0,46,0,0,0,46
02/08/2021,SGF,MO,ACE,CE,Combined TRACON& Tower with Radar,19,25,12,0,56,0,0,0,0,0,19,25,12,0,56,0,0,0,56
02/09/2021,SGF,MO,ACE,CE,Combined TRACON& Tower with Radar,17,26,12,0,55,0,0,0,0,0,17,26,12,0,55,0,0,0,55
02/10/2021,SGF,MO,ACE,CE,Combined TRACON& Tower with Radar,17,15,15,0,47,0,0,0,0,0,17,15,15,0,47,0,0,0,47
02/11/2021,SGF,MO,ACE,CE,Combined TRACON& Tower with Radar,21,24,25,0,70,0,0,0,0,0,21,24,25,0,70,0,0,0,70
02/12/2021,SGF,MO,ACE,CE,Combined TRACON& Tower with Radar,29,31,24,0,84,0,0,0,0,0,29,31,24,0,84,0,0,0,84
02/13/2021,SGF,MO,ACE,CE,Combined TRACON& Tower with Radar,17,21,12,0,50,0,0,6,0,6,17,21,18,0,56,0,0,0,56
02/14/2021,SGF,MO,ACE,CE,Combined TRACON& Tower with Radar,10,12,6,0,28,0,1,0,0,1,10,13,6,0,29,0,0,0,29
02/15/2021,SGF,MO,ACE,CE,Combined TRACON& Tower with Radar,7,6,7,0,20,0,0,0,0,0,7,6,7,0,20,0,0,0,20
02/16/2021,SGF,MO,ACE,CE,Combined TRACON& Tower with Radar,23,12,14,0,49,0,0,0,0,0,23,12,14,0,49,0,0,0,49
02/17/2021,SGF,MO,ACE,CE,Combined TRACON& Tower with Radar,13,19,4,0,36,0,1,0,0,1,13,20,4,0,37,0,0,0,37
02/18/2021,SGF,MO,ACE,CE,Combined TRACON& Tower with Radar,24,27,7,2,60,0,0,2,0,2,24,27,9,2,62,0,0,0,62
02/19/2021,SGF,MO,ACE,CE,Combined TRACON& Tower with Radar,23,21,23,0,67,0,24,12,0,36,23,45,35,0,103,42,0,42,145
02/20/2021,SGF,MO,ACE,CE,Combined TRACON& Tower with Radar,24,34,24,0,82,0,27,32,0,59,24,61,56,0,141,30,6,36,177
02/21/2021,SGF,MO,ACE,CE,Combined TRACON& Tower with Radar,22,22,11,0,55,0,0,2,2,4,22,22,13,2,59,0,8,8,67
02/22/2021,SGF,MO,ACE,CE,Combined TRACON& Tower with Radar,21,38,31,2,92,0,14,13,0,27,21,52,44,2,119,28,0,28,147
02/23/2021,SGF,MO,ACE,CE,Combined TRACON& Tower with Radar,22,22,42,8,94,0,21,34,10,65,22,43,76,18,159,70,0,70,229
02/24/2021,SGF,MO,ACE,CE,Combined TRACON& Tower with Radar,20,48,40,2,110,0,36,23,8,67,20,84,63,10,177,42,0,42,219
02/25/2021,SGF,MO,ACE,CE,Combined TRACON& Tower with Radar,25,40,26,0,91,0,32,27,7,66,25,72,53,7,157,88,0,88,245
02/26/2021,SGF,MO,ACE,CE,Combined TRACON& Tower with Radar,28,52,23,16,119,0,6,2,2,10,28,58,25,18,129,36,38,74,203
02/27/2021,SGF,MO,ACE,CE,Combined TRACON& Tower with Radar,18,20,20,0,58,0,9,6,0,15,18,29,26,0,73,16,0,16,89
02/28/2021,SGF,MO,ACE,CE,Combined TRACON& Tower with Radar,21,26,21,0,68,0,5,7,0,12,21,31,28,0,80,8,0,8,88
03/01/2021,SGF,MO,ACE,CE,Combined TRACON& Tower with Radar,22,34,29,8,93,0,31,33,0,64,22,65,62,8,157,72,4,76,233
03/02/2021,SGF,MO,ACE,CE,Combined TRACON& Tower with Radar,20,25,29,3,77,0,18,8,11,37,20,43,37,14,114,12,10,22,136
03/03/2021,SGF,MO,ACE,CE,Combined TRACON& Tower with Radar,23,37,44,2,106,0,35,35,12,82,23,72,79,14,188,56,0,56,244
03/04/2021,SGF,MO,ACE,CE,Combined TRACON& Tower with Radar,32,39,37,0,108,0,32,24,10,66,32,71,61,10,174,18,0,18,192
03/05/2021,SGF,MO,ACE,CE,Combined TRACON& Tower with Radar,31,25,20,9,85,0,21,10,5,36,31,46,30,14,121,32,4,36,157
03/06/2021,SGF,MO,ACE,CE,Combined TRACON& Tower with Radar,29,27,24,8,88,0,23,47,6,76,29,50,71,14,164,50,0,50,214
03/07/2021,SGF,MO,ACE,CE,Combined TRACON& Tower with Radar,26,26,26,0,78,0,6,24,0,30,26,32,50,0,108,22,0,22,130
03/08/2021,SGF,MO,ACE,CE,Combined TRACON& Tower with Radar,30,27,18,0,75,0,9,33,1,43,30,36,51,1,118,10,0,10,128
03/09/2021,SGF,MO,ACE,CE,Combined TRACON& Tower with Radar,27,29,21,8,85,0,2,13,1,16,27,31,34,9,101,0,0,0,101
03/10/2021,SGF,MO,ACE,CE,Combined TRACON& Tower with Radar,34,23,20,2,79,0,0,1,9,10,34,23,21,11,89,0,0,0,89
03/11/2021,SGF,MO,ACE,CE,Combined TRACON& Tower with Radar,35,27,27,0,89,0,1,1,0,2,35,28,28,0,91,0,0,0,91
03/12/2021,SGF,MO,ACE,CE,Combined TRACON& Tower with Radar,39,23,16,0,78,0,0,0,0,0,39,23,16,0,78,0,4,4,82
03/13/2021,SGF,MO,ACE,CE,Combined TRACON& Tower with Radar,33,25,27,3,88,0,0,2,0,2,33,25,29,3,90,0,0,0,90
03/14/2021,SGF,MO,ACE,CE,Combined TRACON& Tower with Radar,28,17,14,0,59,0,0,1,0,1,28,17,15,0,60,0,0,0,60
03/15/2021,SGF,MO,ACE,CE,Combined TRACON& Tower with Radar,28,32,26,16,102,0,10,10,0,20,28,42,36,16,122,0,8,8,130
03/16/2021,SGF,MO,ACE,CE,Combined TRACON& Tower with Radar,31,49,27,42,149,0,35,31,3,69,31,84,58,45,218,59,20,79,297
03/17/2021,SGF,MO,ACE,CE,Combined TRACON& Tower with Radar,33,25,16,0,74,0,0,0,0,0,33,25,16,0,74,0,0,0,74
03/18/2021,SGF,MO,ACE,CE,Combined TRACON& Tower with Radar,32,27,21,0,80,0,0,0,0,0,32,27,21,0,80,0,0,0,80
03/19/2021,SGF,MO,ACE,CE,Combined TRACON& Tower with Radar,35,36,36,4,111,0,24,35,9,68,35,60,71,13,179,110,0,110,289
03/20/2021,SGF,MO,ACE,CE,Combined TRACON& Tower with Radar,32,32,24,0,88,0,14,28,0,42,32,46,52,0,130,46,0,46,176
03/21/2021,SGF,MO,ACE,CE,Combined TRACON& Tower with Radar,27,28,29,0,84,0,3,19,2,24,27,31,48,2,108,0,0,0,108
03/22/2021,SGF,MO,ACE,CE,Combined TRACON& Tower with Radar,27,31,28,0,86,0,6,16,0,22,27,37,44,0,108,14,0,14,122
03/23/2021,SGF,MO,ACE,CE,Combined TRACON& Tower with Radar,30,26,39,0,95,0,1,8,4,13,30,27,47,4,108,0,0,0,108
03/24/2021,SGF,MO,ACE,CE,Combined TRACON& Tower with Radar,26,44,80,6,156,0,18,18,10,46,26,62,98,16,202,38,0,38,240
03/25/2021,SGF,MO,ACE,CE,Combined TRACON& Tower with Radar,31,30,15,0,76,0,1,1,0,2,31,31,16,0,78,0,0,0,78
03/26/2021,SGF,MO,ACE,CE,Combined TRACON& Tower with Radar,35,39,41,20,135,0,13,41,9,63,35,52,82,29,198,40,6,46,244
03/27/2021,SGF,MO,ACE,CE,Combined TRACON& Tower with Radar,24,29,34,1,88,0,7,21,0,28,24,36,55,1,116,18,0,18,134
03/28/2021,SGF,MO,ACE,CE,Combined TRACON& Tower with Radar,28,22,19,0,69,0,8,22,0,30,28,30,41,0,99,24,0,24,123
03/29/2021,SGF,MO,ACE,CE,Combined TRACON& Tower with Radar,29,33,29,12,103,0,6,10,0,16,29,39,39,12,119,8,12,20,139
03/30/2021,SGF,MO,ACE,CE,Combined TRACON& Tower with Radar,22,29,25,18,94,0,12,16,12,40,22,41,41,30,134,0,0,0,134
03/31/2021,SGF,MO,ACE,CE,Combined TRACON& Tower with Radar,27,28,21,1,77,0,16,11,9,36,27,44,32,10,113,36,0,36,149
04/01/2021,SGF,MO,ACE,CE,Combined TRACON& Tower with Radar,33,42,42,22,139,0,29,32,2,63,33,71,74,24,202,74,0,74,276
04/02/2021,SGF,MO,ACE,CE,Combined TRACON& Tower with Radar,29,35,28,7,99,0,20,26,3,49,29,55,54,10,148,32,0,32,180
04/03/2021,SGF,MO,ACE,CE,Combined TRACON& Tower with Radar,22,30,20,0,72,0,14,27,0,41,22,44,47,0,113,10,0,10,123
04/04/2021,SGF,MO,ACE,CE,Combined TRACON& Tower with Radar,24,32,18,0,74,0,1,13,2,16,24,33,31,2,90,2,0,2,92
04/05/2021,SGF,MO,ACE,CE,Combined TRACON& Tower with Radar,26,40,42,12,120,0,23,20,0,43,26,63,62,12,163,30,4,34,197
04/06/2021,SGF,MO,ACE,CE,Combined TRACON& Tower with Radar,22,23,28,15,88,0,2,5,10,17,22,25,33,25,105,4,0,4,109
04/07/2021,SGF,MO,ACE,CE,Combined TRACON& Tower with Radar,24,31,30,4,89,0,2,1,2,5,24,33,31,6,94,0,0,0,94
04/08/2021,SGF,MO,ACE,CE,Combined TRACON& Tower with Radar,34,29,28,8,99,0,1,9,7,17,34,30,37,15,116,0,0,0,116
04/09/2021,SGF,MO,ACE,CE,Combined TRACON& Tower with Radar,35,28,34,2,99,0,15,19,3,37,35,43,53,5,136,72,4,76,212
04/10/2021,SGF,MO,ACE,CE,Combined TRACON& Tower with Radar,26,26,31,2,85,0,1,1,0,2,26,27,32,2,87,0,0,0,87
04/11/2021,SGF,MO,ACE,CE,Combined TRACON& Tower with Radar,23,27,32,0,82,0,3,27,0,30,23,30,59,0,112,12,0,12,124
04/12/2021,SGF,MO,ACE,CE,Combined TRACON& Tower with Radar,27,47,26,16,116,0,31,11,2,44,27,78,37,18,160,38,22,60,220
04/13/2021,SGF,MO,ACE,CE,Combined TRACON& Tower with Radar,21,33,22,3,79,0,17,14,8,39,21,50,36,11,118,40,0,40,158
04/14/2021,SGF,MO,ACE,CE,Combined TRACON& Tower with Radar,24,50,50,6,130,0,27,21,8,56,24,77,71,14,186,66,20,86,272
04/15/2021,SGF,MO,ACE,CE,Combined TRACON& Tower with Radar,32,36,47,17,132,0,25,39,14,78,32,61,86,31,210,94,20,114,324
04/16/2021,SGF,MO,ACE,CE,Combined TRACON& Tower with Radar,38,34,28,1,101,0,3,7,3,13,38,37,35,4,114,29,0,29,143
04/17/2021,SGF,MO,ACE,CE,Combined TRACON& Tower with Radar,27,27,18,0,72,0,3,7,2,12,27,30,25,2,84,8,0,8,92
04/18/2021,SGF,MO,ACE,CE,Combined TRACON& Tower with Radar,24,30,26,0,80,0,1,15,2,18,24,31,41,2,98,20,0,20,118
04/19/2021,SGF,MO,ACE,CE,Combined TRACON& Tower with Radar,28,34,31,4,97,0,18,33,0,51,28,52,64,4,148,68,0,68,216
04/20/2021,SGF,MO,ACE,CE,Combined TRACON& Tower with Radar,22,25,24,0,71,0,1,1,0,2,22,26,25,0,73,0,0,0,73
04/21/2021,SGF,MO,ACE,CE,Combined TRACON& Tower with Radar,24,27,32,5,88,0,25,14,6,45,24,52,46,11,133,30,10,40,173
04/22/2021,SGF,MO,ACE,CE,Combined TRACON& Tower with Radar,34,43,31,20,128,0,28,24,3,55,34,71,55,23,183,86,8,94,277
04/23/2021,SGF,MO,ACE,CE,Combined TRACON& Tower with Radar,34,43,33,20,130,0,7,10,4,21,34,50,43,24,151,10,0,10,161
04/24/2021,SGF,MO,ACE,CE,Combined TRACON& Tower with Radar,28,27,24,0,79,0,2,16,0,18,28,29,40,0,97,8,0,8,105
04/25/2021,SGF,MO,ACE,CE,Combined TRACON& Tower with Radar,24,29,38,0,91,0,13,24,4,41,24,42,62,4,132,37,0,37,169
04/26/2021,SGF,MO,ACE,CE,Combined TRACON& Tower with Radar,26,37,31,11,105,0,1,17,1,19,26,38,48,12,124,8,10,18,142
04/27/2021,SGF,MO,ACE,CE,Combined TRACON& Tower with Radar,20,37,19,8,84,0,10,20,2,32,20,47,39,10,116,64,4,68,184
04/28/2021,SGF,MO,ACE,CE,Combined TRACON& Tower with Radar,26,28,23,0,77,0,1,0,0,1,26,29,23,0,78,0,0,0,78
04/29/2021,SGF,MO,ACE,CE,Combined TRACON& Tower with Radar,33,40,16,7,96,0,16,7,12,35,33,56,23,19,131,8,0,8,139
04/30/2021,SGF,MO,ACE,CE,Combined TRACON& Tower with Radar,32,51,30,11,124,0,21,45,5,71,32,72,75,16,195,30,2,32,227
05/01/2021,SGF,MO,ACE,CE,Combined TRACON& Tower with Radar,26,35,20,2,83,0,6,29,1,36,26,41,49,3,119,19,0,19,138
05/02/2021,SGF,MO,ACE,CE,Combined TRACON& Tower with Radar,29,26,27,0,82,0,0,0,0,0,29,26,27,0,82,4,0,4,86
05/03/2021,SGF,MO,ACE,CE,Combined TRACON& Tower with Radar,25,40,17,4,86,0,11,8,0,19,25,51,25,4,105,8,0,8,113
05/04/2021,SGF,MO,ACE,CE,Combined TRACON& Tower with Radar,21,24,32,0,77,0,3,2,0,5,21,27,34,0,82,0,0,0,82
05/05/2021,SGF,MO,ACE,CE,Combined TRACON& Tower with Radar,30,50,43,17,140,0,22,25,15,62,30,72,68,32,202,91,0,91,293
05/06/2021,SGF,MO,ACE,CE,Combined TRACON& Tower with Radar,36,31,34,4,105,0,5,16,9,30,36,36,50,13,135,14,0,14,149
05/07/2021,SGF,MO,ACE,CE,Combined TRACON& Tower with Radar,37,30,38,0,105,0,12,28,7,47,37,42,66,7,152,22,0,22,174
05/08/2021,SGF,MO,ACE,CE,Combined TRACON& Tower with Radar,29,26,10,0,65,0,2,3,4,9,29,28,13,4,74,0,0,0,74
05/09/2021,SGF,MO,ACE,CE,Combined TRACON& Tower with Radar,31,24,24,0,79,0,2,2,0,4,31,26,26,0,83,0,0,0,83
05/10/2021,SGF,MO,ACE,CE,Combined TRACON& Tower with Radar,28,20,37,0,85,0,2,10,0,12,28,22,47,0,97,0,0,0,97
05/11/2021,SGF,MO,ACE,CE,Combined TRACON& Tower with Radar,28,28,33,8,97,0,9,11,8,28,28,37,44,16,125,31,4,35,160
05/12/2021,SGF,MO,ACE,CE,Combined TRACON& Tower with Radar,31,45,34,0,110,0,33,19,8,60,31,78,53,8,170,88,0,88,258
05/13/2021,SGF,MO,ACE,CE,Combined TRACON& Tower with Radar,39,32,45,1,117,0,23,44,4,71,39,55,89,5,188,24,0,24,212
05/14/2021,SGF,MO,ACE,CE,Combined TRACON& Tower with Radar,38,30,34,0,102,0,9,32,4,45,38,39,66,4,147,30,0,30,177
05/15/2021,SGF,MO,ACE,CE,Combined TRACON& Tower with Radar,30,27,10,0,67,0,3,3,0,6,30,30,13,0,73,8,0,8,81
05/16/2021,SGF,MO,ACE,CE,Combined TRACON& Tower with Radar,30,22,26,0,78,0,0,10,2,12,30,22,36,2,90,14,0,14,104
05/17/2021,SGF,MO,ACE,CE,Combined TRACON& Tower with Radar,30,26,30,0,86,0,3,1,1,5,30,29,31,1,91,0,0,0,91
05/18/2021,SGF,MO,ACE,CE,Combined TRACON& Tower with Radar,31,29,34,0,94,0,1,4,0,5,31,30,38,0,99,0,0,0,99
05/19/2021,SGF,MO,ACE,CE,Combined TRACON& Tower with Radar,32,27,30,4,93,0,1,0,0,1,32,28,30,4,94,0,0,0,94
05/20/2021,SGF,MO,ACE,CE,Combined TRACON& Tower with Radar,36,26,47,10,119,0,2,5,4,11,36,28,52,14,130,0,10,10,140
05/21/2021,SGF,MO,ACE,CE,Combined TRACON& Tower with Radar,37,29,23,2,91,0,1,2,1,4,37,30,25,3,95,0,0,0,95
05/22/2021,SGF,MO,ACE,CE,Combined TRACON& Tower with Radar,29,39,14,2,84,0,17,30,2,49,29,56,44,4,133,64,0,64,197
05/23/2021,SGF,MO,ACE,CE,Combined TRACON& Tower with Radar,30,30,23,0,83,0,16,23,0,39,30,46,46,0,122,48,0,48,170
05/24/2021,SGF,MO,ACE,CE,Combined TRACON& Tower with Radar,30,44,22,3,99,0,20,26,0,46,30,64,48,3,145,40,0,40,185
05/25/2021,SGF,MO,ACE,CE,Combined TRACON& Tower with Radar,30,26,21,16,93,0,9,4,1,14,30,35,25,17,107,22,8,30,137
05/26/2021,SGF,MO,ACE,CE,Combined TRACON& Tower with Radar,32,39,29,4,104,0,30,12,10,52,32,69,41,14,156,27,0,27,183
05/27/2021,SGF,MO,ACE,CE,Combined TRACON& Tower with Radar,37,30,21,0,88,0,5,3,6,14,37,35,24,6,102,0,0,0,102
05/28/2021,SGF,MO,ACE,CE,Combined TRACON& Tower with Radar,41,41,24,0,106,0,6,15,0,21,41,47,39,0,127,22,0,22,149
05/29/2021,SGF,MO,ACE,CE,Combined TRACON& Tower with Radar,37,20,23,0,80,0,0,12,0,12,37,20,35,0,92,86,0,86,178
05/30/2021,SGF,MO,ACE,CE,Combined TRACON& Tower with Radar,32,23,16,0,71,0,6,30,1,37,32,29,46,1,108,2,0,2,110
05/31/2021,SGF,MO,ACE,CE,Combined TRACON& Tower with Radar,32,26,29,0,87,0,1,17,0,18,32,27,46,0,105,0,0,0,105
06/01/2021,SGF,MO,ACE,CE,Combined TRACON& Tower with Radar,32,23,19,0,74,0,1,0,0,1,32,24,19,0,75,0,4,4,79
06/02/2021,SGF,MO,ACE,CE,Combined TRACON& Tower with Radar,36,21,39,2,98,0,1,0,0,1,36,22,39,2,99,0,0,0,99
06/03/2021,SGF,MO,ACE,CE,Combined TRACON& Tower with Radar,35,43,41,4,123,0,26,31,11,68,35,69,72,15,191,46,0,46,237
06/04/2021,SGF,MO,ACE,CE,Combined TRACON& Tower with Radar,41,39,24,0,104,0,33,23,9,65,41,72,47,9,169,64,0,64,233
06/05/2021,SGF,MO,ACE,CE,Combined TRACON& Tower with Radar,34,26,29,6,95,0,19,28,4,51,34,45,57,10,146,12,0,12,158
06/06/2021,SGF,MO,ACE,CE,Combined TRACON& Tower with Radar,30,28,19,0,77,0,3,6,2,11,30,31,25,2,88,4,0,4,92
06/07/2021,SGF,MO,ACE,CE,Combined TRACON& Tower with Radar,37,28,14,0,79,0,5,6,0,11,37,33,20,0,90,8,0,8,98
06/08/2021,SGF,MO,ACE,CE,Combined TRACON& Tower with Radar,33,34,32,8,107,0,4,8,6,18,33,38,40,14,125,0,0,0,125
06/09/2021,SGF,MO,ACE,CE,Combined TRACON& Tower with Radar,38,45,47,1,131,0,32,30,5,67,38,77,77,6,198,98,0,98,296
06/10/2021,SGF,MO,ACE,CE,Combined TRACON& Tower with Radar,36,43,34,0,113,0,25,19,14,58,36,68,53,14,171,34,0,34,205
06/11/2021,SGF,MO,ACE,CE,Combined TRACON& Tower with Radar,43,32,45,14,134,0,30,19,4,53,43,62,64,18,187,45,0,45,232
06/12/2021,SGF,MO,ACE,CE,Combined TRACON& Tower with Radar,39,37,19,1,96,0,26,28,3,57,39,63,47,4,153,58,0,58,211
06/13/2021,SGF,MO,ACE,CE,Combined TRACON& Tower with Radar,33,35,27,0,95,0,7,35,0,42,33,42,62,0,137,10,0,10,147
06/14/2021,SGF,MO,ACE,CE,Combined TRACON& Tower with Radar,34,41,26,8,109,0,32,23,1,56,34,73,49,9,165,50,6,56,221
06/15/2021,SGF,MO,ACE,CE,Combined TRACON& Tower with Radar,40,40,46,0,126,0,20,23,3,46,40,60,69,3,172,90,0,90,262
06/16/2021,SGF,MO,ACE,CE,Combined TRACON& Tower with Radar,36,44,41,18,139,0,29,31,15,75,36,73,72,33,214,56,34,90,304
06/17/2021,SGF,MO,ACE,CE,Combined TRACON& Tower with Radar,36,34,48,6,124,0,29,27,18,74,36,63,75,24,198,12,0,12,210
06/18/2021,SGF,MO,ACE,CE,Combined TRACON& Tower with Radar,40,28,27,0,95,0,23,28,3,54,40,51,55,3,149,44,0,44,193
06/19/2021,SGF,MO,ACE,CE,Combined TRACON& Tower with Radar,40,29,19,0,88,0,19,27,0,46,40,48,46,0,134,14,0,14,148
06/20/2021,SGF,MO,ACE,CE,Combined TRACON& Tower with Radar,29,26,24,0,79,0,4,17,2,23,29,30,41,2,102,2,0,2,104
06/21/2021,SGF,MO,ACE,CE,Combined TRACON& Tower with Radar,39,29,31,28,127,0,12,12,0,24,39,41,43,28,151,4,0,4,155
06/22/2021,SGF,MO,ACE,CE,Combined TRACON& Tower with Radar,36,37,32,4,109,0,38,43,4,85,36,75,75,8,194,65,0,65,259
06/23/2021,SGF,MO,ACE,CE,Combined TRACON& Tower with Radar,36,42,40,8,126,0,28,36,12,76,36,70,76,20,202,12,0,12,214
06/24/2021,SGF,MO,ACE,CE,Combined TRACON& Tower with Radar,36,34,39,5,114,0,17,12,7,36,36,51,51,12,150,32,0,32,182
06/25/2021,SGF,MO,ACE,CE,Combined TRACON& Tower with Radar,46,32,46,0,124,0,12,18,12,42,46,44,64,12,166,25,6,31,197
06/26/2021,SGF,MO,ACE,CE,Combined TRACON& Tower with Radar,35,24,25,0,84,0,1,1,0,2,35,25,26,0,86,0,0,0,86
06/27/2021,SGF,MO,ACE,CE,Combined TRACON& Tower with Radar,26,29,25,0,80,0,2,5,0,7,26,31,30,0,87,0,0,0,87
06/28/2021,SGF,MO,ACE,CE,Combined TRACON& Tower with Radar,37,36,21,0,94,0,12,14,0,26,37,48,35,0,120,18,0,18,138
06/29/2021,SGF,MO,ACE,CE,Combined TRACON& Tower with Radar,40,52,37,4,133,0,14,8,2,24,40,66,45,6,157,8,8,16,173
06/30/2021,SGF,MO,ACE,CE,Combined TRACON& Tower with Radar,36,49,41,4,130,0,18,7,7,32,36,67,48,11,162,20,0,20,182
07/01/2021,SGF,MO,ACE,CE,Combined TRACON& Tower with Radar,37,38,48,1,124,0,0,3,3,6,37,38,51,4,130,0,0,0,130
07/02/2021,SGF,MO,ACE,CE,Combined TRACON& Tower with Radar,35,46,35,2,118,0,27,20,4,51,35,73,55,6,169,44,0,44,213
07/03/2021,SGF,MO,ACE,CE,Combined TRACON& Tower with Radar,38,26,29,0,93,0,29,27,1,57,38,55,56,1,150,26,0,26,176
07/04/2021,SGF,MO,ACE,CE,Combined TRACON& Tower with Radar,29,21,7,0,57,0,1,18,0,19,29,22,25,0,76,8,0,8,84
07/05/2021,SGF,MO,ACE,CE,Combined TRACON& Tower with Radar,32,40,28,0,100,0,25,19,0,44,32,65,47,0,144,50,0,50,194
07/06/2021,SGF,MO,ACE,CE,Combined TRACON& Tower with Radar,32,42,35,6,115,0,33,25,0,58,32,75,60,6,173,42,0,42,215
07/07/2021,SGF,MO,ACE,CE,Combined TRACON& Tower with Radar,38,56,34,6,134,0,30,21,4,55,38,86,55,10,189,44,0,44,233
07/08/2021,SGF,MO,ACE,CE,Combined TRACON& Tower with Radar,39,43,46,0,128,0,17,18,0,35,39,60,64,0,163,52,0,52,215
07/09/2021,SGF,MO,ACE,CE,Combined TRACON& Tower with Radar,37,41,46,8,132,0,25,27,5,57,37,66,73,13,189,14,0,14,203
07/10/2021,SGF,MO,ACE,CE,Combined TRACON& Tower with Radar,31,29,12,0,72,0,3,6,0,9,31,32,18,0,81,0,0,0,81
07/11/2021,SGF,MO,ACE,CE,Combined TRACON& Tower with Radar,32,27,31,4,94,0,3,1,0,4,32,30,32,4,98,2,0,2,100
07/12/2021,SGF,MO,ACE,CE,Combined TRACON& Tower with Radar,36,57,29,2,124,0,6,11,0,17,36,63,40,2,141,0,0,0,141
07/13/2021,SGF,MO,ACE,CE,Combined TRACON& Tower with Radar,36,34,42,10,122,0,24,49,5,78,36,58,91,15,200,80,0,80,280
07/14/2021,SGF,MO,ACE,CE,Combined TRACON& Tower with Radar,37,37,45,4,123,0,38,26,2,66,37,75,71,6,189,86,0,86,275
07/15/2021,SGF,MO,ACE,CE,Combined TRACON& Tower with Radar,36,52,51,4,143,0,9,13,4,26,36,61,64,8,169,48,0,48,217
07/16/2021,SGF,MO,ACE,CE,Combined TRACON& Tower with Radar,44,36,40,2,122,0,9,0,4,13,44,45,40,6,135,18,0,18,153
07/17/2021,SGF,MO,ACE,CE,Combined TRACON& Tower with Radar,34,30,19,0,83,0,6,16,1,23,34,36,35,1,106,28,0,28,134
07/18/2021,SGF,MO,ACE,CE,Combined TRACON& Tower with Radar,33,31,30,1,95,0,0,11,3,14,33,31,41,4,109,0,0,0,109
07/19/2021,SGF,MO,ACE,CE,Combined TRACON& Tower with Radar,34,45,36,4,119,0,24,16,1,41,34,69,52,5,160,91,0,91,251
07/20/2021,SGF,MO,ACE,CE,Combined TRACON& Tower with Radar,42,43,29,20,134,0,12,22,3,37,42,55,51,23,171,79,0,79,250
07/21/2021,SGF,MO,ACE,CE,Combined TRACON& Tower with Radar,38,34,30,13,115,0,28,28,1,57,38,62,58,14,172,76,2,78,250
07/22/2021,SGF,MO,ACE,CE,Combined TRACON& Tower with Radar,40,44,51,13,148,0,15,29,5,49,40,59,80,18,197,79,2,81,278
07/23/2021,SGF,MO,ACE,CE,Combined TRACON& Tower with Radar,36,37,33,2,108,0,17,23,5,45,36,54,56,7,153,42,32,74,227
07/24/2021,SGF,MO,ACE,CE,Combined TRACON& Tower with Radar,34,31,30,0,95,0,16,24,0,40,34,47,54,0,135,22,0,22,157
07/25/2021,SGF,MO,ACE,CE,Combined TRACON& Tower with Radar,31,35,19,0,85,0,2,13,1,16,31,37,32,1,101,4,0,4,105
07/26/2021,SGF,MO,ACE,CE,Combined TRACON& Tower with Radar,33,42,35,12,122,0,15,19,0,34,33,57,54,12,156,42,0,42,198
07/27/2021,SGF,MO,ACE,CE,Combined TRACON& Tower with Radar,37,36,38,15,126,0,11,42,1,54,37,47,80,16,180,81,12,93,273
07/28/2021,SGF,MO,ACE,CE,Combined TRACON& Tower with Radar,39,58,54,1,152,0,30,33,5,68,39,88,87,6,220,80,0,80,300
07/29/2021,SGF,MO,ACE,CE,Combined TRACON& Tower with Radar,36,38,40,8,122,0,15,26,4,45,36,53,66,12,167,23,15,38,205
07/30/2021,SGF,MO,ACE,CE,Combined TRACON& Tower with Radar,36,40,40,19,135,0,22,26,6,54,36,62,66,25,189,46,0,46,235
07/31/2021,SGF,MO,ACE,CE,Combined TRACON& Tower with Radar,36,34,33,2,105,0,16,27,1,44,36,50,60,3,149,28,0,28,177
08/01/2021,SGF,MO,ACE,CE,Combined TRACON& Tower with Radar,28,30,33,1,92,0,2,16,2,20,28,32,49,3,112,6,0,6,118
08/02/2021,SGF,MO,ACE,CE,Combined TRACON& Tower with Radar,33,44,23,4,104,0,29,17,2,48,33,73,40,6,152,62,0,62,214
08/03/2021,SGF,MO,ACE,CE,Combined TRACON& Tower with Radar,37,49,22,9,117,0,21,25,6,52,37,70,47,15,169,54,12,66,235
08/04/2021,SGF,MO,ACE,CE,Combined TRACON& Tower with Radar,34,43,25,3,105,0,24,14,9,47,34,67,39,12,152,54,0,54,206
08/05/2021,SGF,MO,ACE,CE,Combined TRACON& Tower with Radar,38,45,35,0,118,0,9,19,7,35,38,54,54,7,153,10,0,10,163
08/06/2021,SGF,MO,ACE,CE,Combined TRACON& Tower with Radar,41,45,29,15,130,0,17,25,5,47,41,62,54,20,177,50,0,50,227
08/07/2021,SGF,MO,ACE,CE,Combined TRACON& Tower with Radar,35,34,25,4,98,0,13,32,2,47,35,47,57,6,145,30,0,30,175
08/08/2021,SGF,MO,ACE,CE,Combined TRACON& Tower with Radar,26,36,29,0,91,0,0,12,0,12,26,36,41,0,103,0,0,0,103
08/09/2021,SGF,MO,ACE,CE,Combined TRACON& Tower with Radar,37,26,38,8,109,0,13,11,0,24,37,39,49,8,133,0,0,0,133
08/10/2021,SGF,MO,ACE,CE,Combined TRACON& Tower with Radar,30,37,28,23,118,0,13,11,1,25,30,50,39,24,143,36,0,36,179
08/11/2021,SGF,MO,ACE,CE,Combined TRACON& Tower with Radar,33,33,32,16,114,0,18,9,5,32,33,51,41,21,146,18,2,20,166
08/12/2021,SGF,MO,ACE,CE,Combined TRACON& Tower with Radar,40,33,50,16,139,0,6,23,8,37,40,39,73,24,176,0,4,4,180
08/13/2021,SGF,MO,ACE,CE,Combined TRACON& Tower with Radar,43,37,29,0,109,0,7,17,1,25,43,44,46,1,134,32,0,32,166
08/14/2021,SGF,MO,ACE,CE,Combined TRACON& Tower with Radar,32,36,36,16,120,0,9,21,9,39,32,45,57,25,159,22,8,30,189
08/15/2021,SGF,MO,ACE,CE,Combined TRACON& Tower with Radar,32,30,31,10,103,0,5,19,2,26,32,35,50,12,129,0,0,0,129
08/16/2021,SGF,MO,ACE,CE,Combined TRACON& Tower with Radar,36,48,34,23,141,1,12,19,4,36,37,60,53,27,177,23,0,23,200
08/17/2021,SGF,MO,ACE,CE,Combined TRACON& Tower with Radar,25,35,27,19,106,0,12,7,10,29,25,47,34,29,135,20,2,22,157
08/18/2021,SGF,MO,ACE,CE,Combined TRACON& Tower with Radar,31,36,56,24,147,0,12,13,10,35,31,48,69,34,182,38,2,40,222
08/19/2021,SGF,MO,ACE,CE,Combined TRACON& Tower with Radar,34,48,38,22,142,0,19,19,5,43,34,67,57,27,185,46,6,52,237
08/20/2021,SGF,MO,ACE,CE,Combined TRACON& Tower with Radar,39,39,24,4,106,0,10,9,3,22,39,49,33,7,128,8,12,20,148
08/21/2021,SGF,MO,ACE,CE,Combined TRACON& Tower with Radar,27,34,23,0,84,0,10,13,2,25,27,44,36,2,109,32,0,32,141
08/22/2021,SGF,MO,ACE,CE,Combined TRACON& Tower with Radar,29,30,36,0,95,0,9,23,1,33,29,39,59,1,128,28,0,28,156
08/23/2021,SGF,MO,ACE,CE,Combined TRACON& Tower with Radar,31,43,29,6,109,0,22,17,0,39,31,65,46,6,148,13,0,13,161
08/24/2021,SGF,MO,ACE,CE,Combined TRACON& Tower with Radar,25,37,42,2,106,0,17,22,15,54,25,54,64,17,160,28,0,28,188
08/25/2021,SGF,MO,ACE,CE,Combined TRACON& Tower with Radar,28,31,42,10,111,0,44,21,18,83,28,75,63,28,194,58,0,58,252
08/26/2021,SGF,MO,ACE,CE,Combined TRACON& Tower with Radar,35,43,36,6,120,0,24,26,8,58,35,67,62,14,178,28,0,28,206
08/27/2021,SGF,MO,ACE,CE,Combined TRACON& Tower with Radar,37,43,30,8,118,0,42,30,4,76,37,85,60,12,194,118,0,118,312
08/28/2021,SGF,MO,ACE,CE,Combined TRACON& Tower with Radar,27,33,25,2,87,0,28,26,10,64,27,61,51,12,151,12,2,14,165
08/29/2021,SGF,MO,ACE,CE,Combined TRACON& Tower with Radar,30,31,22,0,83,0,5,13,0,18,30,36,35,0,101,4,0,4,105
08/30/2021,SGF,MO,ACE,CE,Combined TRACON& Tower with Radar,27,36,20,6,89,0,22,15,0,37,27,58,35,6,126,42,14,56,182
08/31/2021,SGF,MO,ACE,CE,Combined TRACON& Tower with Radar,27,34,46,23,130,0,22,28,7,57,27,56,74,30,187,12,0,12,199
09/01/2021,SGF,MO,ACE,CE,Combined TRACON& Tower with Radar,33,40,41,26,140,0,25,14,11,50,33,65,55,37,190,42,0,42,232
09/02/2021,SGF,MO,ACE,CE,Combined TRACON& Tower with Radar,35,40,37,0,112,0,37,32,0,69,35,77,69,0,181,54,0,54,235
09/03/2021,SGF,MO,ACE,CE,Combined TRACON& Tower with Radar,39,39,37,0,115,0,38,30,0,68,39,77,67,0,183,28,0,28,211
09/04/2021,SGF,MO,ACE,CE,Combined TRACON& Tower with Radar,26,31,22,0,79,0,0,10,0,10,26,31,32,0,89,22,0,22,111
09/05/2021,SGF,MO,ACE,CE,Combined TRACON& Tower with Radar,20,29,17,0,66,0,1,31,0,32,20,30,48,0,98,24,0,24,122
09/06/2021,SGF,MO,ACE,CE,Combined TRACON& Tower with Radar,30,26,29,0,85,0,3,49,0,52,30,29,78,0,137,24,0,24,161
09/07/2021,SGF,MO,ACE,CE,Combined TRACON& Tower with Radar,22,38,30,14,104,0,33,27,6,66,22,71,57,20,170,38,0,38,208
09/08/2021,SGF,MO,ACE,CE,Combined TRACON& Tower with Radar,28,42,36,26,132,0,17,14,9,40,28,59,50,35,172,38,10,48,220
09/09/2021,SGF,MO,ACE,CE,Combined TRACON& Tower with Radar,35,44,47,13,139,0,31,30,9,70,35,75,77,22,209,44,14,58,267
09/10/2021,SGF,MO,ACE,CE,Combined TRACON& Tower with Radar,34,38,35,12,119,0,42,21,0,63,34,80,56,12,182,58,2,60,242
09/11/2021,SGF,MO,ACE,CE,Combined TRACON& Tower with Radar,25,35,25,0,85,0,25,31,0,56,25,60,56,0,141,36,0,36,177
09/12/2021,SGF,MO,ACE,CE,Combined TRACON& Tower with Radar,31,23,28,6,88,0,1,27,2,30,31,24,55,8,118,52,0,52,170
09/13/2021,SGF,MO,ACE,CE,Combined TRACON& Tower with Radar,29,37,21,12,99,0,30,24,1,55,29,67,45,13,154,16,12,28,182
09/14/2021,SGF,MO,ACE,CE,Combined TRACON& Tower with Radar,26,32,35,2,95,0,33,24,8,65,26,65,59,10,160,22,0,22,182
09/15/2021,SGF,MO,ACE,CE,Combined TRACON& Tower with Radar,28,46,35,2,111,0,36,24,9,69,28,82,59,11,180,18,0,18,198
09/16/2021,SGF,MO,ACE,CE,Combined TRACON& Tower with Radar,36,51,30,4,121,0,34,24,4,62,36,85,54,8,183,64,0,64,247
09/17/2021,SGF,MO,ACE,CE,Combined TRACON& Tower with Radar,39,40,25,0,104,0,39,21,12,72,39,79,46,12,176,60,0,60,236
09/18/2021,SGF,MO,ACE,CE,Combined TRACON& Tower with Radar,25,37,32,8,102,0,18,31,6,55,25,55,63,14,157,34,0,34,191
09/19/2021,SGF,MO,ACE,CE,Combined TRACON& Tower with Radar,30,33,32,0,95,0,0,15,0,15,30,33,47,0,110,42,0,42,152
09/20/2021,SGF,MO,ACE,CE,Combined TRACON& Tower with Radar,25,42,23,10,100,0,28,18,0,46,25,70,41,10,146,28,0,28,174
09/21/2021,SGF,MO,ACE,CE,Combined TRACON& Tower with Radar,27,39,41,26,133,0,11,13,5,29,27,50,54,31,162,10,0,10,172
09/22/2021,SGF,MO,ACE,CE,Combined TRACON& Tower with Radar,26,50,35,2,113,0,16,30,15,61,26,66,65,17,174,34,0,34,208
09/23/2021,SGF,MO,ACE,CE,Combined TRACON& Tower with Radar,36,52,41,1,130,0,33,27,11,71,36,85,68,12,201,30,0,30,231
09/24/2021,SGF,MO,ACE,CE,Combined TRACON& Tower with Radar,39,42,36,3,120,0,33,32,4,69,39,75,68,7,189,10,0,10,199
09/25/2021,SGF,MO,ACE,CE,Combined TRACON& Tower with Radar,25,39,35,0,99,0,16,33,2,51,25,55,68,2,150,14,4,18,168
09/26/2021,SGF,MO,ACE,CE,Combined TRACON& Tower with Radar,34,28,29,0,91,0,5,8,4,17,34,33,37,4,108,18,0,18,126
09/27/2021,SGF,MO,ACE,CE,Combined TRACON& Tower with Radar,30,35,38,17,120,0,11,20,1,32,30,46,58,18,152,18,18,36,188
09/28/2021,SGF,MO,ACE,CE,Combined TRACON& Tower with Radar,23,47,45,5,120,0,24,21,3,48,23,71,66,8,168,8,0,8,176
09/29/2021,SGF,MO,ACE,CE,Combined TRACON& Tower with Radar,26,37,56,11,130,0,12,10,7,29,26,49,66,18,159,60,10,70,229
09/30/2021,SGF,MO,ACE,CE,Combined TRACON& Tower with Radar,37,59,28,1,125,0,2,7,5,14,37,61,35,6,139,6,8,14,153
10/01/2021,SGF,MO,ACE,CE,Combined TRACON& Tower with Radar,36,31,26,1,94,0,0,3,1,4,36,31,29,2,98,0,0,0,98
10/02/2021,SGF,MO,ACE,CE,Combined TRACON& Tower with Radar,27,31,12,8,78,0,0,4,0,4,27,31,16,8,82,10,0,10,92
10/03/2021,SGF,MO,ACE,CE,Combined TRACON& Tower with Radar,31,32,33,4,100,0,0,16,2,18,31,32,49,6,118,2,0,2,120
10/04/2021,SGF,MO,ACE,CE,Combined TRACON& Tower with Radar,27,38,23,9,97,0,22,25,5,52,27,60,48,14,149,42,0,42,191
10/05/2021,SGF,MO,ACE,CE,Combined TRACON& Tower with Radar,24,55,32,7,118,0,27,26,5,58,24,82,58,12,176,66,0,66,242
10/06/2021,SGF,MO,ACE,CE,Combined TRACON& Tower with Radar,29,35,32,0,96,0,0,1,0,1,29,35,33,0,97,0,0,0,97
10/07/2021,SGF,MO,ACE,CE,Combined TRACON& Tower with Radar,38,29,42,4,113,0,12,12,8,32,38,41,54,12,145,10,18,28,173
10/08/2021,SGF,MO,ACE,CE,Combined TRACON& Tower with Radar,35,36,18,4,93,0,25,15,6,46,35,61,33,10,139,26,4,30,169
10/09/2021,SGF,MO,ACE,CE,Combined TRACON& Tower with Radar,26,28,26,0,80,0,8,17,0,25,26,36,43,0,105,28,0,28,133
10/10/2021,SGF,MO,ACE,CE,Combined TRACON& Tower with Radar,25,29,25,0,79,0,3,28,0,31,25,32,53,0,110,8,0,8,118
10/11/2021,SGF,MO,ACE,CE,Combined TRACON& Tower with Radar,31,22,18,0,71,0,4,2,0,6,31,26,20,0,77,0,0,0,77
10/12/2021,SGF,MO,ACE,CE,Combined TRACON& Tower with Radar,28,43,26,2,99,0,31,13,11,55,28,74,39,13,154,55,0,55,209
10/13/2021,SGF,MO,ACE,CE,Combined TRACON& Tower with Radar,26,31,36,0,93,0,1,2,2,5,26,32,38,2,98,0,14,14,112
10/14/2021,SGF,MO,ACE,CE,Combined TRACON& Tower with Radar,36,37,41,0,114,0,0,1,1,2,36,37,42,1,116,0,0,0,116
10/15/2021,SGF,MO,ACE,CE,Combined TRACON& Tower with Radar,43,28,33,1,105,0,2,3,0,5,43,30,36,1,110,2,0,2,112
10/16/2021,SGF,MO,ACE,CE,Combined TRACON& Tower with Radar,25,25,29,1,80,0,11,48,2,61,25,36,77,3,141,78,0,78,219
10/17/2021,SGF,MO,ACE,CE,Combined TRACON& Tower with Radar,32,33,29,0,94,0,11,29,4,44,32,44,58,4,138,20,0,20,158
10/18/2021,SGF,MO,ACE,CE,Combined TRACON& Tower with Radar,30,43,39,2,114,0,37,29,2,68,30,80,68,4,182,102,0,102,284
10/19/2021,SGF,MO,ACE,CE,Combined TRACON& Tower with Radar,28,40,46,1,115,0,22,23,9,54,28,62,69,10,169,40,0,40,209
10/20/2021,SGF,MO,ACE,CE,Combined TRACON& Tower with Radar,28,46,36,14,124,0,11,9,8,28,28,57,45,22,152,34,0,34,186
10/21/2021,SGF,MO,ACE,CE,Combined TRACON& Tower with Radar,37,29,46,8,120,0,33,28,9,70,37,62,74,17,190,67,0,67,257
10/22/2021,SGF,MO,ACE,CE,Combined TRACON& Tower with Radar,38,39,42,16,135,0,32,35,4,71,38,71,77,20,206,68,20,88,294
10/23/2021,SGF,MO,ACE,CE,Combined TRACON& Tower with Radar,27,33,22,0,82,0,4,0,0,4,27,37,22,0,86,0,0,0,86
10/24/2021,SGF,MO,ACE,CE,Combined TRACON& Tower with Radar,31,26,29,0,86,0,2,2,0,4,31,28,31,0,90,6,0,6,96
10/25/2021,SGF,MO,ACE,CE,Combined TRACON& Tower with Radar,32,43,63,0,138,0,15,8,2,25,32,58,71,2,163,16,0,16,179
10/26/2021,SGF,MO,ACE,CE,Combined TRACON& Tower with Radar,25,33,51,8,117,0,3,6,6,15,25,36,57,14,132,16,0,16,148
10/27/2021,SGF,MO,ACE,CE,Combined TRACON& Tower with Radar,30,32,42,3,107,0,0,3,6,9,30,32,45,9,116,0,0,0,116
10/28/2021,SGF,MO,ACE,CE,Combined TRACON& Tower with Radar,30,27,34,0,91,0,0,0,0,0,30,27,34,0,91,0,0,0,91
10/29/2021,SGF,MO,ACE,CE,Combined TRACON& Tower with Radar,41,27,35,12,115,0,0,0,0,0,41,27,35,12,115,2,0,2,117
10/30/2021,SGF,MO,ACE,CE,Combined TRACON& Tower with Radar,27,43,33,0,103,0,8,21,0,29,27,51,54,0,132,50,0,50,182
10/31/2021,SGF,MO,ACE,CE,Combined TRACON& Tower with Radar,23,38,19,0,80,0,5,14,0,19,23,43,33,0,99,26,0,26,125
11/01/2021,SGF,MO,ACE,CE,Combined TRACON& Tower with Radar,28,48,34,4,114,0,19,8,2,29,28,67,42,6,143,90,0,90,233
11/02/2021,SGF,MO,ACE,CE,Combined TRACON& Tower with Radar,28,37,42,0,107,0,3,7,10,20,28,40,49,10,127,18,0,18,145
11/03/2021,SGF,MO,ACE,CE,Combined TRACON& Tower with Radar,26,44,46,17,133,0,39,15,13,67,26,83,61,30,200,64,0,64,264
11/04/2021,SGF,MO,ACE,CE,Combined TRACON& Tower with Radar,34,35,40,0,109,0,19,18,10,47,34,54,58,10,156,60,0,60,216
11/05/2021,SGF,MO,ACE,CE,Combined TRACON& Tower with Radar,35,36,32,0,103,0,15,26,6,47,35,51,58,6,150,22,0,22,172
11/06/2021,SGF,MO,ACE,CE,Combined TRACON& Tower with Radar,27,30,22,0,79,0,16,21,12,49,27,46,43,12,128,4,0,4,132
11/07/2021,SGF,MO,ACE,CE,Combined TRACON& Tower with Radar,28,27,37,3,95,0,0,27,8,35,28,27,64,11,130,0,0,0,130
11/08/2021,SGF,MO,ACE,CE,Combined TRACON& Tower with Radar,30,33,37,4,104,0,15,18,1,34,30,48,55,5,138,22,0,22,160
11/09/2021,SGF,MO,ACE,CE,Combined TRACON& Tower with Radar,26,48,48,3,125,0,19,31,7,57,26,67,79,10,182,10,0,10,192
11/10/2021,SGF,MO,ACE,CE,Combined TRACON& Tower with Radar,24,30,37,1,92,0,10,9,1,20,24,40,46,2,112,6,0,6,118
11/11/2021,SGF,MO,ACE,CE,Combined TRACON& Tower with Radar,34,37,36,0,107,0,12,15,0,27,34,49,51,0,134,29,0,29,163
11/12/2021,SGF,MO,ACE,CE,Combined TRACON& Tower with Radar,35,32,27,0,94,0,3,10,2,15,35,35,37,2,109,10,0,10,119
11/13/2021,SGF,MO,ACE,CE,Combined TRACON& Tower with Radar,29,34,30,0,93,0,13,65,1,79,29,47,95,1,172,44,0,44,216
11/14/2021,SGF,MO,ACE,CE,Combined TRACON& Tower with Radar,26,36,33,0,95,0,4,14,0,18,26,40,47,0,113,2,0,2,115
11/15/2021,SGF,MO,ACE,CE,Combined TRACON& Tower with Radar,30,42,32,0,104,0,10,18,2,30,30,52,50,2,134,24,0,24,158
11/16/2021,SGF,MO,ACE,CE,Combined TRACON& Tower with Radar,26,38,28,0,92,0,22,17,10,49,26,60,45,10,141,24,0,24,165
11/17/2021,SGF,MO,ACE,CE,Combined TRACON& Tower with Radar,26,36,32,5,99,0,8,5,7,20,26,44,37,12,119,10,0,10,129
11/18/2021,SGF,MO,ACE,CE,Combined TRACON& Tower with Radar,32,37,47,1,117,0,30,22,9,61,32,67,69,10,178,56,0,56,234
11/19/2021,SGF,MO,ACE,CE,Combined TRACON& Tower with Radar,41,55,45,8,149,0,12,17,4,33,41,67,62,12,182,22,14,36,218
11/20/2021,SGF,MO,ACE,CE,Combined TRACON& Tower with Radar,28,28,39,0,95,0,4,51,0,55,28,32,90,0,150,12,0,12,162
11/21/2021,SGF,MO,ACE,CE,Combined TRACON& Tower with Radar,27,32,43,0,102,0,7,25,0,32,27,39,68,0,134,0,0,0,134
11/22/2021,SGF,MO,ACE,CE,Combined TRACON& Tower with Radar,32,36,36,2,106,0,27,28,3,58,32,63,64,5,164,46,6,52,216
11/23/2021,SGF,MO,ACE,CE,Combined TRACON& Tower with Radar,30,36,45,1,112,0,21,31,8,60,30,57,76,9,172,36,0,36,208
11/24/2021,SGF,MO,ACE,CE,Combined TRACON& Tower with Radar,33,26,25,2,86,0,1,5,15,21,33,27,30,17,107,0,0,0,107
11/25/2021,SGF,MO,ACE,CE,Combined TRACON& Tower with Radar,14,21,9,0,44,0,0,11,1,12,14,21,20,1,56,0,0,0,56
11/26/2021,SGF,MO,ACE,CE,Combined TRACON& Tower with Radar,22,26,25,0,73,0,7,17,0,24,22,33,42,0,97,0,0,0,97
11/27/2021,SGF,MO,ACE,CE,Combined TRACON& Tower with Radar,33,38,27,0,98,0,11,28,0,39,33,49,55,0,137,30,0,30,167
11/28/2021,SGF,MO,ACE,CE,Combined TRACON& Tower with Radar,32,31,45,0,108,0,4,23,0,27,32,35,68,0,135,0,0,0,135
11/29/2021,SGF,MO,ACE,CE,Combined TRACON& Tower with Radar,33,28,24,2,87,0,19,20,3,42,33,47,44,5,129,20,0,20,149
11/30/2021,SGF,MO,ACE,CE,Combined TRACON& Tower with Radar,27,49,51,15,142,0,16,19,5,40,27,65,70,20,182,36,14,50,232
12/01/2021,SGF,MO,ACE,CE,Combined TRACON& Tower with Radar,26,36,35,12,109,0,18,24,12,54,26,54,59,24,163,18,4,22,185
12/02/2021,SGF,MO,ACE,CE,Combined TRACON& Tower with Radar,32,36,50,2,120,0,20,28,6,54,32,56,78,8,174,42,0,42,216
12/03/2021,SGF,MO,ACE,CE,Combined TRACON& Tower with Radar,37,35,36,13,121,0,16,40,5,61,37,51,76,18,182,20,16,36,218
12/04/2021,SGF,MO,ACE,CE,Combined TRACON& Tower with Radar,25,26,29,0,80,0,9,17,2,28,25,35,46,2,108,28,0,28,136
12/05/2021,SGF,MO,ACE,CE,Combined TRACON& Tower with Radar,32,21,31,0,84,0,0,8,0,8,32,21,39,0,92,2,0,2,94
12/06/2021,SGF,MO,ACE,CE,Combined TRACON& Tower with Radar,32,36,24,3,95,0,23,15,1,39,32,59,39,4,134,24,0,24,158
12/07/2021,SGF,MO,ACE,CE,Combined TRACON& Tower with Radar,26,32,30,2,90,0,25,23,8,56,26,57,53,10,146,14,0,14,160
12/08/2021,SGF,MO,ACE,CE,Combined TRACON& Tower with Radar,26,35,37,6,104,0,16,31,11,58,26,51,68,17,162,12,0,12,174
12/09/2021,SGF,MO,ACE,CE,Combined TRACON& Tower with Radar,32,25,38,0,95,0,0,26,6,32,32,25,64,6,127,10,0,10,137
12/10/2021,SGF,MO,ACE,CE,Combined TRACON& Tower with Radar,34,24,35,1,94,0,2,5,3,10,34,26,40,4,104,8,0,8,112
12/11/2021,SGF,MO,ACE,CE,Combined TRACON& Tower with Radar,25,24,20,0,69,0,8,16,0,24,25,32,36,0,93,6,0,6,99
12/12/2021,SGF,MO,ACE,CE,Combined TRACON& Tower with Radar,26,29,31,0,86,0,4,33,0,37,26,33,64,0,123,16,0,16,139
12/13/2021,SGF,MO,ACE,CE,Combined TRACON& Tower with Radar,34,24,28,0,86,0,18,20,3,41,34,42,48,3,127,15,0,15,142
12/14/2021,SGF,MO,ACE,CE,Combined TRACON& Tower with Radar,27,38,42,0,107,0,2,5,12,19,27,40,47,12,126,0,0,0,126
12/15/2021,SGF,MO,ACE,CE,Combined TRACON& Tower with Radar,29,31,28,2,90,0,0,2,4,6,29,31,30,6,96,0,0,0,96
12/16/2021,SGF,MO,ACE,CE,Combined TRACON& Tower with Radar,30,49,38,1,118,0,6,20,3,29,30,55,58,4,147,18,0,18,165
12/17/2021,SGF,MO,ACE,CE,Combined TRACON& Tower with Radar,33,32,30,0,95,0,1,0,2,3,33,33,30,2,98,0,0,0,98
12/18/2021,SGF,MO,ACE,CE,Combined TRACON& Tower with Radar,21,25,31,0,77,0,5,12,0,17,21,30,43,0,94,5,0,5,99
12/19/2021,SGF,MO,ACE,CE,Combined TRACON& Tower with Radar,23,27,19,0,69,0,0,20,0,20,23,27,39,0,89,6,0,6,95
12/20/2021,SGF,MO,ACE,CE,Combined TRACON& Tower with Radar,30,44,34,21,129,0,23,27,2,52,30,67,61,23,181,28,14,42,223
12/21/2021,SGF,MO,ACE,CE,Combined TRACON& Tower with Radar,28,37,32,10,107,0,5,25,9,39,28,42,57,19,146,12,35,47,193
12/22/2021,SGF,MO,ACE,CE,Combined TRACON& Tower with Radar,28,29,40,18,115,0,14,30,10,54,28,43,70,28,169,24,4,28,197
12/23/2021,SGF,MO,ACE,CE,Combined TRACON& Tower with Radar,30,26,32,0,88,0,0,12,4,16,30,26,44,4,104,0,0,0,104
12/24/2021,SGF,MO,ACE,CE,Combined TRACON& Tower with Radar,30,23,11,0,64,0,0,9,0,9,30,23,20,0,73,0,0,0,73
12/25/2021,SGF,MO,ACE,CE,Combined TRACON& Tower with Radar,15,21,11,0,47,0,0,11,0,11,15,21,22,0,58,0,0,0,58
12/26/2021,SGF,MO,ACE,CE,Combined TRACON& Tower with Radar,22,23,38,0,83,0,1,7,0,8,22,24,45,0,91,0,0,0,91
12/27/2021,SGF,MO,ACE,CE,Combined TRACON& Tower with Radar,31,27,31,2,91,0,10,22,0,32,31,37,53,2,123,4,0,4,127
12/28/2021,SGF,MO,ACE,CE,Combined TRACON& Tower with Radar,30,28,26,21,105,0,5,8,1,14,30,33,34,22,119,31,20,51,170
12/29/2021,SGF,MO,ACE,CE,Combined TRACON& Tower with Radar,29,30,29,9,97,0,3,8,0,11,29,33,37,9,108,0,0,0,108
12/30/2021,SGF,MO,ACE,CE,Combined TRACON& Tower with Radar,27,39,46,0,112,0,9,21,0,30,27,48,67,0,142,0,0,0,142
12/31/2021,SGF,MO,ACE,CE,Combined TRACON& Tower with Radar,25,25,22,0,72,0,6,18,0,24,25,31,40,0,96,36,0,36,132
01/01/2022,SGF,MO,ACE,CE,Combined TRACON& Tower with Radar,16,22,9,0,47,0,0,0,0,0,16,22,9,0,47,0,0,0,47
01/02/2022,SGF,MO,ACE,CE,Combined TRACON& Tower with Radar,21,29,35,0,85,0,1,2,0,3,21,30,37,0,88,0,0,0,88
01/03/2022,SGF,MO,ACE,CE,Combined TRACON& Tower with Radar,29,30,32,2,93,0,22,15,0,37,29,52,47,2,130,30,0,30,160
01/04/2022,SGF,MO,ACE,CE,Combined TRACON& Tower with Radar,25,27,34,0,86,0,2,7,5,14,25,29,41,5,100,0,0,0,100
01/05/2022,SGF,MO,ACE,CE,Combined TRACON& Tower with Radar,26,28,29,24,107,0,17,27,9,53,26,45,56,33,160,32,8,40,200
01/06/2022,SGF,MO,ACE,CE,Combined TRACON& Tower with Radar,30,31,19,0,80,0,1,0,0,1,30,32,19,0,81,0,0,0,81
01/07/2022,SGF,MO,ACE,CE,Combined TRACON& Tower with Radar,35,34,15,8,92,0,18,8,4,30,35,52,23,12,122,14,18,32,154
01/08/2022,SGF,MO,ACE,CE,Combined TRACON& Tower with Radar,22,27,12,0,61,0,0,2,0,2,22,27,14,0,63,0,0,0,63
01/09/2022,SGF,MO,ACE,CE,Combined TRACON& Tower with Radar,27,33,21,2,83,0,8,14,3,25,27,41,35,5,108,8,0,8,116
01/10/2022,SGF,MO,ACE,CE,Combined TRACON& Tower with Radar,32,32,22,15,101,0,11,20,1,32,32,43,42,16,133,4,0,4,137
01/11/2022,SGF,MO,ACE,CE,Combined TRACON& Tower with Radar,24,39,40,8,111,0,8,17,9,34,24,47,57,17,145,12,0,12,157
01/12/2022,SGF,MO,ACE,CE,Combined TRACON& Tower with Radar,28,30,32,16,106,0,13,14,8,35,28,43,46,24,141,36,0,36,177
01/13/2022,SGF,MO,ACE,CE,Combined TRACON& Tower with Radar,30,36,55,1,122,0,10,27,12,49,30,46,82,13,171,64,22,86,257
01/14/2022,SGF,MO,ACE,CE,Combined TRACON& Tower with Radar,36,30,31,0,97,0,12,7,0,19,36,42,38,0,116,18,0,18,134
01/15/2022,SGF,MO,ACE,CE,Combined TRACON& Tower with Radar,25,23,4,0,52,0,0,0,0,0,25,23,4,0,52,0,0,0,52
01/16/2022,SGF,MO,ACE,CE,Combined TRACON& Tower with Radar,20,27,10,0,57,0,0,0,0,0,20,27,10,0,57,0,0,0,57
01/17/2022,SGF,MO,ACE,CE,Combined TRACON& Tower with Radar,26,29,17,1,73,0,17,23,0,40,26,46,40,1,113,25,0,25,138
01/18/2022,SGF,MO,ACE,CE,Combined TRACON& Tower with Radar,23,37,27,24,111,0,14,22,6,42,23,51,49,30,153,24,14,38,191
01/19/2022,SGF,MO,ACE,CE,Combined TRACON& Tower with Radar,27,30,27,3,87,0,1,4,7,12,27,31,31,10,99,0,0,0,99
01/20/2022,SGF,MO,ACE,CE,Combined TRACON& Tower with Radar,32,35,31,9,107,0,13,13,4,30,32,48,44,13,137,14,4,18,155
01/21/2022,SGF,MO,ACE,CE,Combined TRACON& Tower with Radar,33,40,23,24,120,0,20,12,11,43,33,60,35,35,163,54,32,86,249
01/22/2022,SGF,MO,ACE,CE,Combined TRACON& Tower with Radar,23,30,16,1,70,0,22,24,5,51,23,52,40,6,121,42,4,46,167
01/23/2022,SGF,MO,ACE,CE,Combined TRACON& Tower with Radar,28,26,24,0,78,0,7,18,0,25,28,33,42,0,103,0,0,0,103
01/24/2022,SGF,MO,ACE,CE,Combined TRACON& Tower with Radar,30,35,28,4,97,0,27,16,0,43,30,62,44,4,140,0,0,0,140
01/25/2022,SGF,MO,ACE,CE,Combined TRACON& Tower with Radar,24,34,24,4,86,0,25,14,0,39,24,59,38,4,125,36,8,44,169
01/26/2022,SGF,MO,ACE,CE,Combined TRACON& Tower with Radar,28,37,31,16,112,0,35,28,9,72,28,72,59,25,184,62,12,74,258
01/27/2022,SGF,MO,ACE,CE,Combined TRACON& Tower with Radar,34,30,22,4,90,0,20,6,13,39,34,50,28,17,129,44,20,64,193
01/28/2022,SGF,MO,ACE,CE,Combined TRACON& Tower with Radar,35,31,26,8,100,0,28,19,0,47,35,59,45,8,147,60,8,68,215
01/29/2022,SGF,MO,ACE,CE,Combined TRACON& Tower with Radar,23,30,22,0,75,0,24,19,0,43,23,54,41,0,118,28,0,28,146
01/30/2022,SGF,MO,ACE,CE,Combined TRACON& Tower with Radar,26,27,23,0,76,0,8,23,0,31,26,35,46,0,107,26,0,26,133
01/31/2022,SGF,MO,ACE,CE,Combined TRACON& Tower with Radar,32,38,29,1,100,0,20,30,5,55,32,58,59,6,155,64,0,64,219
02/01/2022,SGF,MO,ACE,CE,Combined TRACON& Tower with Radar,23,31,16,1,71,0,9,2,5,16,23,40,18,6,87,0,0,0,87
02/02/2022,SGF,MO,ACE,CE,Combined TRACON& Tower with Radar,18,7,2,0,27,0,0,0,0,0,18,7,2,0,27,0,0,0,27
02/03/2022,SGF,MO,ACE,CE,Combined TRACON& Tower with Radar,13,6,12,0,31,0,0,0,0,0,13,6,12,0,31,0,0,0,31
02/04/2022,SGF,MO,ACE,CE,Combined TRACON& Tower with Radar,27,31,25,0,83,0,4,4,0,8,27,35,29,0,91,0,0,0,91
02/05/2022,SGF,MO,ACE,CE,Combined TRACON& Tower with Radar,23,31,26,0,80,0,19,15,0,34,23,50,41,0,114,28,0,28,142
02/06/2022,SGF,MO,ACE,CE,Combined TRACON& Tower with Radar,26,31,28,0,85,0,9,20,0,29,26,40,48,0,114,0,0,0,114
02/07/2022,SGF,MO,ACE,CE,Combined TRACON& Tower with Radar,28,39,27,0,94,0,28,12,5,45,28,67,39,5,139,52,0,52,191
02/08/2022,SGF,MO,ACE,CE,Combined TRACON& Tower with Radar,28,34,36,18,116,0,27,20,1,48,28,61,56,19,164,24,0,24,188
02/09/2022,SGF,MO,ACE,CE,Combined TRACON& Tower with Radar,30,34,56,7,127,0,28,25,14,67,30,62,81,21,194,22,0,22,216
02/10/2022,SGF,MO,ACE,CE,Combined TRACON& Tower with Radar,32,40,42,1,115,0,32,25,7,64,32,72,67,8,179,60,0,60,239
02/11/2022,SGF,MO,ACE,CE,Combined TRACON& Tower with Radar,37,33,29,14,113,0,10,17,15,42,37,43,46,29,155,16,0,16,171
02/12/2022,SGF,MO,ACE,CE,Combined TRACON& Tower with Radar,26,28,25,0,79,0,17,27,0,44,26,45,52,0,123,0,0,0,123
02/13/2022,SGF,MO,ACE,CE,Combined TRACON& Tower with Radar,28,21,19,0,68,0,2,17,0,19,28,23,36,0,87,0,0,0,87
02/14/2022,SGF,MO,ACE,CE,Combined TRACON& Tower with Radar,32,44,32,0,108,0,18,24,1,43,32,62,56,1,151,66,0,66,217
02/15/2022,SGF,MO,ACE,CE,Combined TRACON& Tower with Radar,30,22,32,6,90,0,4,7,5,16,30,26,39,11,106,6,8,14,120
02/16/2022,SGF,MO,ACE,CE,Combined TRACON& Tower with Radar,36,19,33,3,91,0,1,3,6,10,36,20,36,9,101,0,0,0,101
02/17/2022,SGF,MO,ACE,CE,Combined TRACON& Tower with Radar,33,23,17,0,73,0,1,0,0,1,33,24,17,0,74,0,0,0,74
02/18/2022,SGF,MO,ACE,CE,Combined TRACON& Tower with Radar,40,40,42,4,126,0,19,20,4,43,40,59,62,8,169,28,0,28,197
02/19/2022,SGF,MO,ACE,CE,Combined TRACON& Tower with Radar,28,32,23,0,83,0,25,31,0,56,28,57,54,0,139,22,0,22,161
02/20/2022,SGF,MO,ACE,CE,Combined TRACON& Tower with Radar,26,26,25,0,77,0,2,8,4,14,26,28,33,4,91,0,0,0,91
02/21/2022,SGF,MO,ACE,CE,Combined TRACON& Tower with Radar,35,32,22,0,89,0,4,12,0,16,35,36,34,0,105,12,0,12,117
02/22/2022,SGF,MO,ACE,CE,Combined TRACON& Tower with Radar,32,27,39,2,100,0,0,3,0,3,32,27,42,2,103,0,0,0,103
02/23/2022,SGF,MO,ACE,CE,Combined TRACON& Tower with Radar,22,18,14,0,54,0,0,0,0,0,22,18,14,0,54,0,0,0,54
02/24/2022,SGF,MO,ACE,CE,Combined TRACON& Tower with Radar,25,15,10,0,50,0,0,0,0,0,25,15,10,0,50,0,0,0,50
02/25/2022,SGF,MO,ACE,CE,Combined TRACON& Tower with Radar,40,40,35,0,115,0,11,16,6,33,40,51,51,6,148,4,0,4,152
02/26/2022,SGF,MO,ACE,CE,Combined TRACON& Tower with Radar,29,38,12,0,79,0,22,18,1,41,29,60,30,1,120,0,0,0,120
02/27/2022,SGF,MO,ACE,CE,Combined TRACON& Tower with Radar,28,34,26,2,90,0,14,20,4,38,28,48,46,6,128,0,0,0,128
02/28/2022,SGF,MO,ACE,CE,Combined TRACON& Tower with Radar,33,35,21,12,101,0,29,25,3,57,33,64,46,15,158,56,0,56,214
03/01/2022,SGF,MO,ACE,CE,Combined TRACON& Tower with Radar,33,31,41,8,113,0,17,45,6,68,33,48,86,14,181,62,0,62,243
03/02/2022,SGF,MO,ACE,CE,Combined TRACON& Tower with Radar,35,38,27,2,102,0,14,34,8,56,35,52,61,10,158,6,0,6,164
03/03/2022,SGF,MO,ACE,CE,Combined TRACON& Tower with Radar,33,33,45,13,124,0,19,37,16,72,33,52,82,29,196,54,0,54,250
03/04/2022,SGF,MO,ACE,CE,Combined TRACON& Tower with Radar,33,41,24,0,98,0,10,28,4,42,33,51,52,4,140,48,2,50,190
03/05/2022,SGF,MO,ACE,CE,Combined TRACON& Tower with Radar,32,37,13,0,82,0,0,6,0,6,32,37,19,0,88,0,0,0,88
03/06/2022,SGF,MO,ACE,CE,Combined TRACON& Tower with Radar,24,31,31,0,86,0,1,0,0,1,24,32,31,0,87,30,0,30,117
03/07/2022,SGF,MO,ACE,CE,Combined TRACON& Tower with Radar,28,30,21,2,81,0,1,0,0,1,28,31,21,2,82,0,0,0,82
03/08/2022,SGF,MO,ACE,CE,Combined TRACON& Tower with Radar,22,33,32,12,99,0,11,13,4,28,22,44,45,16,127,24,10,34,161
03/09/2022,SGF,MO,ACE,CE,Combined TRACON& Tower with Radar,27,50,23,21,121,0,39,28,11,78,27,89,51,32,199,50,10,60,259
03/10/2022,SGF,MO,ACE,CE,Combined TRACON& Tower with Radar,29,44,43,15,131,0,23,18,5,46,29,67,61,20,177,76,0,76,253
03/11/2022,SGF,MO,ACE,CE,Combined TRACON& Tower with Radar,30,28,21,0,79,0,3,3,2,8,30,31,24,2,87,0,0,0,87
03/12/2022,SGF,MO,ACE,CE,Combined TRACON& Tower with Radar,28,34,32,2,96,0,16,23,0,39,28,50,55,2,135,0,14,14,149
03/13/2022,SGF,MO,ACE,CE,Combined TRACON& Tower with Radar,28,29,27,0,84,0,1,11,0,12,28,30,38,0,96,0,0,0,96
03/14/2022,SGF,MO,ACE,CE,Combined TRACON& Tower with Radar,28,35,26,2,91,0,14,8,1,23,28,49,34,3,114,10,0,10,124
03/15/2022,SGF,MO,ACE,CE,Combined TRACON& Tower with Radar,28,37,25,12,102,0,7,13,1,21,28,44,38,13,123,14,6,20,143
03/16/2022,SGF,MO,ACE,CE,Combined TRACON& Tower with Radar,30,33,48,5,116,0,22,54,6,82,30,55,102,11,198,32,0,32,230
03/17/2022,SGF,MO,ACE,CE,Combined TRACON& Tower with Radar,29,32,27,22,110,0,7,23,4,34,29,39,50,26,144,30,0,30,174
03/18/2022,SGF,MO,ACE,CE,Combined TRACON& Tower with Radar,32,24,24,0,80,0,0,0,0,0,32,24,24,0,80,0,24,24,104
03/19/2022,SGF,MO,ACE,CE,Combined TRACON& Tower with Radar,32,35,27,0,94,0,13,33,4,50,32,48,60,4,144,10,0,10,154
03/20/2022,SGF,MO,ACE,CE,Combined TRACON& Tower with Radar,29,32,37,0,98,0,9,25,0,34,29,41,62,0,132,0,0,0,132
03/21/2022,SGF,MO,ACE,CE,Combined TRACON& Tower with Radar,28,25,36,0,89,0,9,11,1,21,28,34,47,1,110,20,0,20,130
03/22/2022,SGF,MO,ACE,CE,Combined TRACON& Tower with Radar,24,26,26,4,80,0,4,2,4,10,24,30,28,8,90,0,0,0,90
03/23/2022,SGF,MO,ACE,CE,Combined TRACON& Tower with Radar,24,27,27,0,78,0,0,0,0,0,24,27,27,0,78,0,0,0,78
03/24/2022,SGF,MO,ACE,CE,Combined TRACON& Tower with Radar,26,29,33,4,92,0,1,4,8,13,26,30,37,12,105,0,18,18,123
03/25/2022,SGF,MO,ACE,CE,Combined TRACON& Tower with Radar,35,34,36,7,112,0,29,20,11,60,35,63,56,18,172,40,0,40,212
03/26/2022,SGF,MO,ACE,CE,Combined TRACON& Tower with Radar,27,28,37,2,94,0,26,36,0,62,27,54,73,2,156,20,0,20,176
03/27/2022,SGF,MO,ACE,CE,Combined TRACON& Tower with Radar,24,32,30,2,88,0,12,32,0,44,24,44,62,2,132,0,0,0,132
03/28/2022,SGF,MO,ACE,CE,Combined TRACON& Tower with Radar,30,40,37,4,111,0,32,13,6,51,30,72,50,10,162,10,0,10,172
03/29/2022,SGF,MO,ACE,CE,Combined TRACON& Tower with Radar,22,29,46,3,100,0,0,3,2,5,22,29,49,5,105,0,0,0,105
03/30/2022,SGF,MO,ACE,CE,Combined TRACON& Tower with Radar,26,34,29,0,89,0,0,0,0,0,26,34,29,0,89,0,0,0,89
03/31/2022,SGF,MO,ACE,CE,Combined TRACON& Tower with Radar,26,40,43,0,109,0,6,9,2,17,26,46,52,2,126,16,0,16,142
04/01/2022,SGF,MO,ACE,CE,Combined TRACON& Tower with Radar,33,47,58,11,149,0,36,55,0,91,33,83,113,11,240,74,6,80,320
04/02/2022,SGF,MO,ACE,CE,Combined TRACON& Tower with Radar,26,37,22,8,93,0,13,25,1,39,26,50,47,9,132,0,0,0,132
04/03/2022,SGF,MO,ACE,CE,Combined TRACON& Tower with Radar,26,31,24,0,81,0,7,23,0,30,26,38,47,0,111,36,0,36,147
04/04/2022,SGF,MO,ACE,CE,Combined TRACON& Tower with Radar,26,38,25,0,89,0,15,2,0,17,26,53,27,0,106,32,0,32,138
04/05/2022,SGF,MO,ACE,CE,Combined TRACON& Tower with Radar,23,43,41,19,126,0,13,11,3,27,23,56,52,22,153,16,20,36,189
04/06/2022,SGF,MO,ACE,CE,Combined TRACON& Tower with Radar,27,40,31,1,99,0,13,24,5,42,27,53,55,6,141,26,0,26,167
04/07/2022,SGF,MO,ACE,CE,Combined TRACON& Tower with Radar,26,33,33,2,94,0,2,6,7,15,26,35,39,9,109,0,0,0,109
04/08/2022,SGF,MO,ACE,CE,Combined TRACON& Tower with Radar,29,26,30,12,97,0,1,10,4,15,29,27,40,16,112,0,0,0,112
04/09/2022,SGF,MO,ACE,CE,Combined TRACON& Tower with Radar,27,30,38,0,95,0,23,40,2,65,27,53,78,2,160,12,0,12,172
04/10/2022,SGF,MO,ACE,CE,Combined TRACON& Tower with Radar,22,24,31,4,81,0,1,5,0,6,22,25,36,4,87,0,0,0,87
04/11/2022,SGF,MO,ACE,CE,Combined TRACON& Tower with Radar,28,22,22,1,73,0,0,1,1,2,28,22,23,2,75,0,0,0,75
04/12/2022,SGF,MO,ACE,CE,Combined TRACON& Tower with Radar,27,22,35,3,87,0,1,3,4,8,27,23,38,7,95,0,0,0,95
04/13/2022,SGF,MO,ACE,CE,Combined TRACON& Tower with Radar,29,21,17,0,67,0,1,4,0,5,29,22,21,0,72,0,0,0,72
04/14/2022,SGF,MO,ACE,CE,Combined TRACON& Tower with Radar,27,39,61,2,129,0,28,38,21,87,27,67,99,23,216,58,0,58,274
04/15/2022,SGF,MO,ACE,CE,Combined TRACON& Tower with Radar,32,26,25,0,83,0,2,7,5,14,32,28,32,5,97,0,0,0,97
04/16/2022,SGF,MO,ACE,CE,Combined TRACON& Tower with Radar,30,28,25,8,91,0,22,37,1,60,30,50,62,9,151,18,0,18,169
04/17/2022,SGF,MO,ACE,CE,Combined TRACON& Tower with Radar,24,22,14,0,60,0,1,0,0,1,24,23,14,0,61,0,0,0,61
04/18/2022,SGF,MO,ACE,CE,Combined TRACON& Tower with Radar,32,30,39,7,108,0,22,13,3,38,32,52,52,10,146,34,14,48,194
04/19/2022,SGF,MO,ACE,CE,Combined TRACON& Tower with Radar,26,34,36,3,99,0,30,33,10,73,26,64,69,13,172,26,0,26,198
04/20/2022,SGF,MO,ACE,CE,Combined TRACON& Tower with Radar,27,33,38,0,98,0,1,0,0,1,27,34,38,0,99,0,0,0,99
04/21/2022,SGF,MO,ACE,CE,Combined TRACON& Tower with Radar,31,32,45,1,109,0,2,4,3,9,31,34,49,4,118,6,0,6,124
04/22/2022,SGF,MO,ACE,CE,Combined TRACON& Tower with Radar,30,32,37,16,115,0,5,14,2,21,30,37,51,18,136,0,0,0,136
04/23/2022,SGF,MO,ACE,CE,Combined TRACON& Tower with Radar,29,27,21,0,77,0,1,3,4,8,29,28,24,4,85,0,0,0,85
04/24/2022,SGF,MO,ACE,CE,Combined TRACON& Tower with Radar,25,31,17,0,73,0,0,2,3,5,25,31,19,3,78,0,0,0,78
04/25/2022,SGF,MO,ACE,CE,Combined TRACON& Tower with Radar,29,33,27,16,105,0,24,19,6,49,29,57,46,22,154,32,0,32,186
04/26/2022,SGF,MO,ACE,CE,Combined TRACON& Tower with Radar,26,40,52,0,118,0,31,56,6,93,26,71,108,6,211,35,0,35,246
04/27/2022,SGF,MO,ACE,CE,Combined TRACON& Tower with Radar,28,44,49,2,123,0,19,33,10,62,28,63,82,12,185,60,0,60,245
04/28/2022,SGF,MO,ACE,CE,Combined TRACON& Tower with Radar,32,21,32,1,86,0,0,6,1,7,32,21,38,2,93,0,0,0,93
04/29/2022,SGF,MO,ACE,CE,Combined TRACON& Tower with Radar,28,30,24,1,83,0,1,3,4,8,28,31,27,5,91,6,0,6,97
04/30/2022,SGF,MO,ACE,CE,Combined TRACON& Tower with Radar,26,24,23,0,73,0,1,13,5,19,26,25,36,5,92,0,0,0,92
05/01/2022,SGF,MO,ACE,CE,Combined TRACON& Tower with Radar,27,28,30,0,85,0,9,17,2,28,27,37,47,2,113,40,0,40,153
05/02/2022,SGF,MO,ACE,CE,Combined TRACON& Tower with Radar,32,21,12,3,68,0,1,0,2,3,32,22,12,5,71,0,0,0,71
05/03/2022,SGF,MO,ACE,CE,Combined TRACON& Tower with Radar,30,34,54,4,122,0,1,1,1,3,30,35,55,5,125,0,0,0,125
05/04/2022,SGF,MO,ACE,CE,Combined TRACON& Tower with Radar,31,36,23,4,94,0,1,1,0,2,31,37,24,4,96,0,0,0,96
05/05/2022,SGF,MO,ACE,CE,Combined TRACON& Tower with Radar,26,25,19,0,70,0,0,1,0,1,26,25,20,0,71,0,0,0,71
05/06/2022,SGF,MO,ACE,CE,Combined TRACON& Tower with Radar,34,34,40,1,109,0,0,6,1,7,34,34,46,2,116,0,0,0,116
05/07/2022,SGF,MO,ACE,CE,Combined TRACON& Tower with Radar,24,28,23,0,75,0,26,41,0,67,24,54,64,0,142,30,0,30,172
05/08/2022,SGF,MO,ACE,CE,Combined TRACON& Tower with Radar,24,24,25,0,73,0,0,8,0,8,24,24,33,0,81,8,0,8,89
05/09/2022,SGF,MO,ACE,CE,Combined TRACON& Tower with Radar,30,32,32,5,99,0,3,16,1,20,30,35,48,6,119,6,0,6,125
05/10/2022,SGF,MO,ACE,CE,Combined TRACON& Tower with Radar,26,39,58,15,138,0,33,37,13,83,26,72,95,28,221,16,4,20,241
05/11/2022,SGF,MO,ACE,CE,Combined TRACON& Tower with Radar,28,43,39,1,111,0,35,43,16,94,28,78,82,17,205,26,0,26,231
05/12/2022,SGF,MO,ACE,CE,Combined TRACON& Tower with Radar,33,42,39,29,143,0,27,28,6,61,33,69,67,35,204,10,4,14,218
05/13/2022,SGF,MO,ACE,CE,Combined TRACON& Tower with Radar,37,41,25,15,118,0,25,22,5,52,37,66,47,20,170,36,20,56,226
05/14/2022,SGF,MO,ACE,CE,Combined TRACON& Tower with Radar,26,30,30,0,86,0,21,34,4,59,26,51,64,4,145,64,0,64,209
05/15/2022,SGF,MO,ACE,CE,Combined TRACON& Tower with Radar,24,27,26,0,77,0,2,6,0,8,24,29,32,0,85,0,0,0,85
05/16/2022,SGF,MO,ACE,CE,Combined TRACON& Tower with Radar,28,51,33,12,124,0,13,36,4,53,28,64,69,16,177,20,0,20,197
05/17/2022,SGF,MO,ACE,CE,Combined TRACON& Tower with Radar,27,34,44,5,110,0,19,10,6,35,27,53,54,11,145,12,0,12,157
05/18/2022,SGF,MO,ACE,CE,Combined TRACON& Tower with Radar,27,44,49,5,125,0,19,16,13,48,27,63,65,18,173,2,0,2,175
05/19/2022,SGF,MO,ACE,CE,Combined TRACON& Tower with Radar,34,40,29,1,104,22,5,2,5,34,56,45,31,6,138,6,6,12,150
05/20/2022,SGF,MO,ACE,CE,Combined TRACON& Tower with Radar,35,31,35,5,106,0,2,9,8,19,35,33,44,13,125,0,0,0,125
05/21/2022,SGF,MO,ACE,CE,Combined TRACON& Tower with Radar,31,25,11,0,67,0,0,0,0,0,31,25,11,0,67,0,0,0,67
05/22/2022,SGF,MO,ACE,CE,Combined TRACON& Tower with Radar,30,20,30,0,80,0,6,23,0,29,30,26,53,0,109,12,0,12,121
05/23/2022,SGF,MO,ACE,CE,Combined TRACON& Tower with Radar,32,28,39,0,99,0,18,14,1,33,32,46,53,1,132,40,0,40,172
05/24/2022,SGF,MO,ACE,CE,Combined TRACON& Tower with Radar,26,35,33,0,94,0,1,0,2,3,26,36,33,2,97,0,0,0,97
05/25/2022,SGF,MO,ACE,CE,Combined TRACON& Tower with Radar,30,19,50,2,101,0,2,0,10,12,30,21,50,12,113,0,0,0,113
05/26/2022,SGF,MO,ACE,CE,Combined TRACON& Tower with Radar,30,30,28,0,88,0,0,0,2,2,30,30,28,2,90,0,10,10,100
05/27/2022,SGF,MO,ACE,CE,Combined TRACON& Tower with Radar,34,33,29,0,96,0,16,24,0,40,34,49,53,0,136,30,0,30,166
05/28/2022,SGF,MO,ACE,CE,Combined TRACON& Tower with Radar,27,23,20,0,70,0,8,27,0,35,27,31,47,0,105,10,0,10,115
05/29/2022,SGF,MO,ACE,CE,Combined TRACON& Tower with Radar,26,28,31,0,85,0,2,6,0,8,26,30,37,0,93,0,0,0,93
05/30/2022,SGF,MO,ACE,CE,Combined TRACON& Tower with Radar,30,27,18,0,75,0,1,12,0,13,30,28,30,0,88,0,0,0,88
05/31/2022,SGF,MO,ACE,CE,Combined TRACON& Tower with Radar,25,22,37,11,95,0,14,14,2,30,25,36,51,13,125,4,0,4,129
06/01/2022,SGF,MO,ACE,CE,Combined TRACON& Tower with Radar,27,23,35,0,85,1,5,11,9,26,28,28,46,9,111,0,0,0,111
06/02/2022,SGF,MO,ACE,CE,Combined TRACON& Tower with Radar,34,39,41,14,128,0,13,28,17,58,34,52,69,31,186,14,0,14,200
06/03/2022,SGF,MO,ACE,CE,Combined TRACON& Tower with Radar,36,45,38,4,123,0,29,74,6,109,36,74,112,10,232,32,0,32,264
06/04/2022,SGF,MO,ACE,CE,Combined TRACON& Tower with Radar,30,31,26,0,87,0,15,20,0,35,30,46,46,0,122,24,0,24,146
06/05/2022,SGF,MO,ACE,CE,Combined TRACON& Tower with Radar,27,29,19,0,75,0,0,14,0,14,27,29,33,0,89,2,0,2,91
06/06/2022,SGF,MO,ACE,CE,Combined TRACON& Tower with Radar,34,33,20,8,95,0,10,8,6,24,34,43,28,14,119,0,0,0,119
06/07/2022,SGF,MO,ACE,CE,Combined TRACON& Tower with Radar,31,40,24,1,96,0,21,19,15,55,31,61,43,16,151,32,0,32,183
06/08/2022,SGF,MO,ACE,CE,Combined TRACON& Tower with Radar,32,40,26,9,107,0,26,18,13,57,32,66,44,22,164,12,16,28,192
06/09/2022,SGF,MO,ACE,CE,Combined TRACON& Tower with Radar,32,40,54,0,126,0,32,30,10,72,32,72,84,10,198,48,0,48,246
06/10/2022,SGF,MO,ACE,CE,Combined TRACON& Tower with Radar,36,40,16,3,95,0,26,17,1,44,36,66,33,4,139,30,16,46,185
06/11/2022,SGF,MO,ACE,CE,Combined TRACON& Tower with Radar,34,30,50,14,128,0,15,24,8,47,34,45,74,22,175,26,14,40,215
06/12/2022,SGF,MO,ACE,CE,Combined TRACON& Tower with Radar,28,24,43,1,96,0,7,21,2,30,28,31,64,3,126,0,0,0,126
06/13/2022,SGF,MO,ACE,CE,Combined TRACON& Tower with Radar,36,33,37,6,112,0,19,14,1,34,36,52,51,7,146,8,0,8,154
06/14/2022,SGF,MO,ACE,CE,Combined TRACON& Tower with Radar,30,40,33,2,105,0,13,29,5,47,30,53,62,7,152,0,0,0,152
06/15/2022,SGF,MO,ACE,CE,Combined TRACON& Tower with Radar,35,34,32,2,103,0,15,15,7,37,35,49,47,9,140,12,0,12,152
06/16/2022,SGF,MO,ACE,CE,Combined TRACON& Tower with Radar,31,31,30,1,93,0,23,24,6,53,31,54,54,7,146,20,0,20,166
06/17/2022,SGF,MO,ACE,CE,Combined TRACON& Tower with Radar,40,31,36,1,108,0,32,28,2,62,40,63,64,3,170,54,0,54,224
06/18/2022,SGF,MO,ACE,CE,Combined TRACON& Tower with Radar,34,26,15,0,75,0,21,32,8,61,34,47,47,8,136,20,0,20,156
06/19/2022,SGF,MO,ACE,CE,Combined TRACON& Tower with Radar,26,27,30,0,83,0,1,34,0,35,26,28,64,0,118,0,0,0,118
06/20/2022,SGF,MO,ACE,CE,Combined TRACON& Tower with Radar,38,36,28,0,102,0,33,29,0,62,38,69,57,0,164,18,0,18,182
06/21/2022,SGF,MO,ACE,CE,Combined TRACON& Tower with Radar,28,34,43,0,105,0,31,37,2,70,28,65,80,2,175,20,0,20,195
06/22/2022,SGF,MO,ACE,CE,Combined TRACON& Tower with Radar,32,42,30,12,116,0,22,19,12,53,32,64,49,24,169,33,10,43,212
06/23/2022,SGF,MO,ACE,CE,Combined TRACON& Tower with Radar,32,33,43,4,112,0,21,18,13,52,32,54,61,17,164,20,0,20,184
06/24/2022,SGF,MO,ACE,CE,Combined TRACON& Tower with Radar,35,35,38,1,109,0,23,25,7,55,35,58,63,8,164,12,0,12,176
06/25/2022,SGF,MO,ACE,CE,Combined TRACON& Tower with Radar,31,32,22,8,93,0,15,24,0,39,31,47,46,8,132,0,0,0,132
06/26/2022,SGF,MO,ACE,CE,Combined TRACON& Tower with Radar,30,25,37,0,92,0,2,9,2,13,30,27,46,2,105,0,0,0,105
06/27/2022,SGF,MO,ACE,CE,Combined TRACON& Tower with Radar,33,32,36,0,101,0,21,14,2,37,33,53,50,2,138,20,0,20,158
06/28/2022,SGF,MO,ACE,CE,Combined TRACON& Tower with Radar,29,39,33,18,119,0,18,28,4,50,29,57,61,22,169,12,0,12,181
06/29/2022,SGF,MO,ACE,CE,Combined TRACON& Tower with Radar,30,46,39,23,138,0,28,16,12,56,30,74,55,35,194,16,22,38,232
06/30/2022,SGF,MO,ACE,CE,Combined TRACON& Tower with Radar,32,28,49,0,109,0,25,44,7,76,32,53,93,7,185,4,0,4,189
07/01/2022,SGF,MO,ACE,CE,Combined TRACON& Tower with Radar,37,42,35,2,116,0,23,33,4,60,37,65,68,6,176,0,0,0,176
07/02/2022,SGF,MO,ACE,CE,Combined TRACON& Tower with Radar,34,26,23,0,83,0,11,21,2,34,34,37,44,2,117,20,0,20,137
07/03/2022,SGF,MO,ACE,CE,Combined TRACON& Tower with Radar,24,22,12,0,58,0,3,9,0,12,24,25,21,0,70,0,0,0,70
07/04/2022,SGF,MO,ACE,CE,Combined TRACON& Tower with Radar,34,21,22,0,77,0,5,23,0,28,34,26,45,0,105,20,0,20,125
07/05/2022,SGF,MO,ACE,CE,Combined TRACON& Tower with Radar,23,29,41,0,93,0,25,21,2,48,23,54,62,2,141,38,0,38,179
07/06/2022,SGF,MO,ACE,CE,Combined TRACON& Tower with Radar,24,33,42,0,99,0,19,20,1,40,24,52,62,1,139,0,0,0,139
07/07/2022,SGF,MO,ACE,CE,Combined TRACON& Tower with Radar,32,34,52,22,140,0,19,25,9,53,32,53,77,31,193,28,0,28,221
07/08/2022,SGF,MO,ACE,CE,Combined TRACON& Tower with Radar,36,25,29,1,91,0,16,23,3,42,36,41,52,4,133,18,0,18,151
07/09/2022,SGF,MO,ACE,CE,Combined TRACON& Tower with Radar,34,27,26,0,87,0,11,8,0,19,34,38,34,0,106,22,0,22,128
07/10/2022,SGF,MO,ACE,CE,Combined TRACON& Tower with Radar,29,23,34,0,86,0,9,27,0,36,29,32,61,0,122,6,0,6,128
07/11/2022,SGF,MO,ACE,CE,Combined TRACON& Tower with Radar,37,30,36,0,103,0,29,19,5,53,37,59,55,5,156,16,0,16,172
07/12/2022,SGF,MO,ACE,CE,Combined TRACON& Tower with Radar,26,32,38,5,101,0,15,11,1,27,26,47,49,6,128,32,0,32,160
07/13/2022,SGF,MO,ACE,CE,Combined TRACON& Tower with Radar,26,34,51,11,122,0,26,36,16,78,26,60,87,27,200,32,0,32,232
07/14/2022,SGF,MO,ACE,CE,Combined TRACON& Tower with Radar,32,37,41,29,139,0,26,21,6,53,32,63,62,35,192,22,18,40,232
07/15/2022,SGF,MO,ACE,CE,Combined TRACON& Tower with Radar,38,23,22,10,93,0,22,19,3,44,38,45,41,13,137,14,0,14,151
07/16/2022,SGF,MO,ACE,CE,Combined TRACON& Tower with Radar,29,27,22,0,78,0,8,18,0,26,29,35,40,0,104,16,0,16,120
07/17/2022,SGF,MO,ACE,CE,Combined TRACON& Tower with Radar,28,23,27,6,84,0,1,15,0,16,28,24,42,6,100,0,14,14,114
07/18/2022,SGF,MO,ACE,CE,Combined TRACON& Tower with Radar,37,21,36,10,104,0,14,18,2,34,37,35,54,12,138,26,0,26,164
07/19/2022,SGF,MO,ACE,CE,Combined TRACON& Tower with Radar,24,43,36,8,111,0,17,23,10,50,24,60,59,18,161,54,0,54,215
07/20/2022,SGF,MO,ACE,CE,Combined TRACON& Tower with Radar,26,35,38,8,107,0,19,22,15,56,26,54,60,23,163,8,8,16,179
07/21/2022,SGF,MO,ACE,CE,Combined TRACON& Tower with Radar,33,29,48,9,119,0,20,29,11,60,33,49,77,20,179,44,8,52,231
07/22/2022,SGF,MO,ACE,CE,Combined TRACON& Tower with Radar,38,32,49,0,119,0,12,52,4,68,38,44,101,4,187,0,0,0,187
07/23/2022,SGF,MO,ACE,CE,Combined TRACON& Tower with Radar,31,32,23,0,86,0,15,44,0,59,31,47,67,0,145,56,0,56,201
07/24/2022,SGF,MO,ACE,CE,Combined TRACON& Tower with Radar,30,26,36,0,92,0,3,19,1,23,30,29,55,1,115,0,0,0,115
07/25/2022,SGF,MO,ACE,CE,Combined TRACON& Tower with Radar,34,32,49,22,137,0,20,28,3,51,34,52,77,25,188,36,6,42,230
07/26/2022,SGF,MO,ACE,CE,Combined TRACON& Tower with Radar,24,33,48,4,109,0,5,18,7,30,24,38,66,11,139,0,0,0,139
07/27/2022,SGF,MO,ACE,CE,Combined TRACON& Tower with Radar,26,27,56,17,126,0,24,16,6,46,26,51,72,23,172,30,38,68,240
07/28/2022,SGF,MO,ACE,CE,Combined TRACON& Tower with Radar,31,32,40,5,108,0,4,13,6,23,31,36,53,11,131,0,0,0,131
07/29/2022,SGF,MO,ACE,CE,Combined TRACON& Tower with Radar,38,30,38,4,110,0,17,27,0,44,38,47,65,4,154,58,0,58,212
07/30/2022,SGF,MO,ACE,CE,Combined TRACON& Tower with Radar,30,27,23,0,80,0,1,2,0,3,30,28,25,0,83,0,0,0,83
07/31/2022,SGF,MO,ACE,CE,Combined TRACON& Tower with Radar,25,27,38,0,90,0,1,6,1,8,25,28,44,1,98,0,0,0,98
08/01/2022,SGF,MO,ACE,CE,Combined TRACON& Tower with Radar,35,33,31,2,101,0,10,18,7,35,35,43,49,9,136,0,0,0,136
08/02/2022,SGF,MO,ACE,CE,Combined TRACON& Tower with Radar,25,36,38,3,102,0,37,15,5,57,25,73,53,8,159,12,0,12,171
08/03/2022,SGF,MO,ACE,CE,Combined TRACON& Tower with Radar,30,28,47,13,118,0,9,11,10,30,30,37,58,23,148,12,6,18,166
08/04/2022,SGF,MO,ACE,CE,Combined TRACON& Tower with Radar,31,33,18,0,82,0,17,32,15,64,31,50,50,15,146,0,0,0,146
08/05/2022,SGF,MO,ACE,CE,Combined TRACON& Tower with Radar,38,24,46,35,143,0,4,21,1,26,38,28,67,36,169,4,0,4,173
08/06/2022,SGF,MO,ACE,CE,Combined TRACON& Tower with Radar,31,25,19,0,75,0,16,94,4,114,31,41,113,4,189,20,0,20,209
08/07/2022,SGF,MO,ACE,CE,Combined TRACON& Tower with Radar,28,20,39,0,87,0,6,22,0,28,28,26,61,0,115,38,0,38,153
08/08/2022,SGF,MO,ACE,CE,Combined TRACON& Tower with Radar,33,29,41,10,113,0,10,11,0,21,33,39,52,10,134,10,0,10,144
08/09/2022,SGF,MO,ACE,CE,Combined TRACON& Tower with Radar,29,43,39,8,119,0,6,8,5,19,29,49,47,13,138,20,0,20,158
08/10/2022,SGF,MO,ACE,CE,Combined TRACON& Tower with Radar,26,30,27,16,99,0,22,21,14,57,26,52,48,30,156,46,14,60,216
08/11/2022,SGF,MO,ACE,CE,Combined TRACON& Tower with Radar,34,34,57,24,149,0,27,38,9,74,34,61,95,33,223,0,0,0,223
08/12/2022,SGF,MO,ACE,CE,Combined TRACON& Tower with Radar,38,44,40,12,134,0,23,34,4,61,38,67,74,16,195,4,0,4,199
08/13/2022,SGF,MO,ACE,CE,Combined TRACON& Tower with Radar,30,26,22,0,78,0,28,49,0,77,30,54,71,0,155,60,0,60,215
08/14/2022,SGF,MO,ACE,CE,Combined TRACON& Tower with Radar,28,22,25,2,77,0,2,15,0,17,28,24,40,2,94,0,0,0,94
08/15/2022,SGF,MO,ACE,CE,Combined TRACON& Tower with Radar,36,32,37,34,139,0,13,25,5,43,36,45,62,39,182,25,16,41,223
08/16/2022,SGF,MO,ACE,CE,Combined TRACON& Tower with Radar,26,35,38,6,105,0,1,1,1,3,26,36,39,7,108,0,0,0,108
08/17/2022,SGF,MO,ACE,CE,Combined TRACON& Tower with Radar,27,42,35,5,109,0,7,4,10,21,27,49,39,15,130,18,24,42,172
08/18/2022,SGF,MO,ACE,CE,Combined TRACON& Tower with Radar,35,44,38,33,150,0,28,31,19,78,35,72,69,52,228,10,0,10,238
08/19/2022,SGF,MO,ACE,CE,Combined TRACON& Tower with Radar,38,37,35,1,111,0,28,55,3,86,38,65,90,4,197,36,10,46,243
08/20/2022,SGF,MO,ACE,CE,Combined TRACON& Tower with Radar,23,36,34,0,93,0,20,33,0,53,23,56,67,0,146,4,0,4,150
08/21/2022,SGF,MO,ACE,CE,Combined TRACON& Tower with Radar,27,22,34,18,101,0,2,17,1,20,27,24,51,19,121,0,22,22,143
08/22/2022,SGF,MO,ACE,CE,Combined TRACON& Tower with Radar,34,40,52,10,136,0,19,26,6,51,34,59,78,16,187,30,0,30,217
08/23/2022,SGF,MO,ACE,CE,Combined TRACON& Tower with Radar,29,41,39,26,135,0,34,16,16,66,29,75,55,42,201,16,0,16,217
08/24/2022,SGF,MO,ACE,CE,Combined TRACON& Tower with Radar,30,31,48,42,151,0,20,22,19,61,30,51,70,61,212,4,16,20,232
08/25/2022,SGF,MO,ACE,CE,Combined TRACON& Tower with Radar,33,36,45,5,119,0,29,34,7,70,33,65,79,12,189,60,0,60,249
08/26/2022,SGF,MO,ACE,CE,Combined TRACON& Tower with Radar,38,31,38,20,127,0,23,20,4,47,38,54,58,24,174,22,4,26,200
08/27/2022,SGF,MO,ACE,CE,Combined TRACON& Tower with Radar,27,29,26,0,82,0,34,37,1,72,27,63,63,1,154,16,0,16,170
08/28/2022,SGF,MO,ACE,CE,Combined TRACON& Tower with Radar,32,19,36,4,91,0,0,9,2,11,32,19,45,6,102,0,0,0,102
08/29/2022,SGF,MO,ACE,CE,Combined TRACON& Tower with Radar,28,33,24,0,85,0,19,8,5,32,28,52,32,5,117,2,0,2,119
08/30/2022,SGF,MO,ACE,CE,Combined TRACON& Tower with Radar,28,31,35,0,94,0,35,33,5,73,28,66,68,5,167,78,0,78,245
08/31/2022,SGF,MO,ACE,CE,Combined TRACON& Tower with Radar,28,37,37,24,126,0,46,30,11,87,28,83,67,35,213,16,4,20,233
09/01/2022,SGF,MO,ACE,CE,Combined TRACON& Tower with Radar,28,33,50,3,114,0,28,19,11,58,28,61,69,14,172,26,0,26,198
09/02/2022,SGF,MO,ACE,CE,Combined TRACON& Tower with Radar,40,27,39,0,106,0,0,1,0,1,40,27,40,0,107,0,0,0,107
09/03/2022,SGF,MO,ACE,CE,Combined TRACON& Tower with Radar,19,30,18,1,68,0,19,9,0,28,19,49,27,1,96,0,0,0,96
09/04/2022,SGF,MO,ACE,CE,Combined TRACON& Tower with Radar,21,21,9,0,51,0,6,14,0,20,21,27,23,0,71,6,0,6,77
09/05/2022,SGF,MO,ACE,CE,Combined TRACON& Tower with Radar,34,23,35,0,92,0,2,18,3,23,34,25,53,3,115,0,0,0,115
09/06/2022,SGF,MO,ACE,CE,Combined TRACON& Tower with Radar,22,36,39,12,109,0,14,21,6,41,22,50,60,18,150,36,16,52,202
09/07/2022,SGF,MO,ACE,CE,Combined TRACON& Tower with Radar,28,29,63,7,127,0,40,12,14,66,28,69,75,21,193,14,0,14,207
09/08/2022,SGF,MO,ACE,CE,Combined TRACON& Tower with Radar,34,40,55,1,130,0,39,32,11,82,34,79,87,12,212,24,0,24,236
09/09/2022,SGF,MO,ACE,CE,Combined TRACON& Tower with Radar,35,33,38,2,108,0,52,18,5,75,35,85,56,7,183,0,0,0,183
09/10/2022,SGF,MO,ACE,CE,Combined TRACON& Tower with Radar,29,23,31,0,83,0,28,45,2,75,29,51,76,2,158,6,0,6,164
09/11/2022,SGF,MO,ACE,CE,Combined TRACON& Tower with Radar,31,22,43,0,96,0,2,15,0,17,31,24,58,0,113,6,0,6,119
09/12/2022,SGF,MO,ACE,CE,Combined TRACON& Tower with Radar,35,40,42,7,124,0,34,26,1,61,35,74,68,8,185,8,0,8,193
09/13/2022,SGF,MO,ACE,CE,Combined TRACON& Tower with Radar,30,39,46,5,120,0,37,29,5,71,30,76,75,10,191,14,0,14,205
09/14/2022,SGF,MO,ACE,CE,Combined TRACON& Tower with Radar,28,32,46,18,124,0,40,34,3,77,28,72,80,21,201,0,0,0,201
09/15/2022,SGF,MO,ACE,CE,Combined TRACON& Tower with Radar,36,32,42,5,115,0,20,63,22,105,36,52,105,27,220,42,0,42,262
09/16/2022,SGF,MO,ACE,CE,Combined TRACON& Tower with Radar,39,41,41,0,121,0,31,23,4,58,39,72,64,4,179,0,0,0,179
09/17/2022,SGF,MO,ACE,CE,Combined TRACON& Tower with Radar,27,33,15,3,78,0,34,22,3,59,27,67,37,6,137,12,6,18,155
09/18/2022,SGF,MO,ACE,CE,Combined TRACON& Tower with Radar,30,35,29,1,95,0,2,19,3,24,30,37,48,4,119,0,0,0,119
09/19/2022,SGF,MO,ACE,CE,Combined TRACON& Tower with Radar,32,41,45,2,120,0,38,23,2,63,32,79,68,4,183,30,10,40,223
09/20/2022,SGF,MO,ACE,CE,Combined TRACON& Tower with Radar,28,36,38,23,125,0,21,30,5,56,28,57,68,28,181,12,20,32,213
09/21/2022,SGF,MO,ACE,CE,Combined TRACON& Tower with Radar,26,33,31,9,99,0,33,22,3,58,26,66,53,12,157,16,0,16,173
09/22/2022,SGF,MO,ACE,CE,Combined TRACON& Tower with Radar,33,33,33,7,106,0,13,10,4,27,33,46,43,11,133,32,0,32,165
09/23/2022,SGF,MO,ACE,CE,Combined TRACON& Tower with Radar,40,47,34,18,139,0,31,55,2,88,40,78,89,20,227,0,0,0,227
09/24/2022,SGF,MO,ACE,CE,Combined TRACON& Tower with Radar,27,32,18,4,81,0,28,46,0,74,27,60,64,4,155,20,0,20,175
09/25/2022,SGF,MO,ACE,CE,Combined TRACON& Tower with Radar,29,23,37,3,92,0,9,27,1,37,29,32,64,4,129,0,0,0,129
09/26/2022,SGF,MO,ACE,CE,Combined TRACON& Tower with Radar,31,28,26,12,97,0,32,16,1,49,31,60,42,13,146,28,6,34,180
09/27/2022,SGF,MO,ACE,CE,Combined TRACON& Tower with Radar,29,35,67,36,167,0,35,42,3,80,29,70,109,39,247,24,0,24,271
09/28/2022,SGF,MO,ACE,CE,Combined TRACON& Tower with Radar,26,39,50,12,127,0,50,29,12,91,26,89,79,24,218,0,0,0,218
09/29/2022,SGF,MO,ACE,CE,Combined TRACON& Tower with Radar,33,40,46,6,125,0,34,19,8,61,33,74,65,14,186,8,0,8,194
09/30/2022,SGF,MO,ACE,CE,Combined TRACON& Tower with Radar,37,41,48,0,126,0,38,38,3,79,37,79,86,3,205,4,0,4,209
10/01/2022,SGF,MO,ACE,CE,Combined TRACON& Tower with Radar,30,29,25,0,84,0,22,30,0,52,30,51,55,0,136,28,0,28,164
10/02/2022,SGF,MO,ACE,CE,Combined TRACON& Tower with Radar,32,25,39,0,96,0,5,20,2,27,32,30,59,2,123,0,0,0,123
10/03/2022,SGF,MO,ACE,CE,Combined TRACON& Tower with Radar,34,33,41,14,122,0,27,23,4,54,34,60,64,18,176,22,8,30,206
10/04/2022,SGF,MO,ACE,CE,Combined TRACON& Tower with Radar,34,31,42,4,111,0,22,33,7,62,34,53,75,11,173,34,0,34,207
10/05/2022,SGF,MO,ACE,CE,Combined TRACON& Tower with Radar,28,50,44,12,134,0,24,28,12,64,28,74,72,24,198,0,0,0,198
10/06/2022,SGF,MO,ACE,CE,Combined TRACON& Tower with Radar,34,38,53,9,134,0,29,46,12,87,34,67,99,21,221,30,16,46,267
10/07/2022,SGF,MO,ACE,CE,Combined TRACON& Tower with Radar,38,34,40,16,128,0,39,62,6,107,38,73,102,22,235,26,12,38,273
10/08/2022,SGF,MO,ACE,CE,Combined TRACON& Tower with Radar,30,20,30,0,80,0,18,22,6,46,30,38,52,6,126,0,0,0,126
10/09/2022,SGF,MO,ACE,CE,Combined TRACON& Tower with Radar,30,19,39,0,88,0,4,20,0,24,30,23,59,0,112,10,0,10,122
10/10/2022,SGF,MO,ACE,CE,Combined TRACON& Tower with Radar,31,35,46,0,112,0,30,10,0,40,31,65,56,0,152,14,0,14,166
10/11/2022,SGF,MO,ACE,CE,Combined TRACON& Tower with Radar,32,19,35,3,89,0,1,4,1,6,32,20,39,4,95,18,0,18,113
10/12/2022,SGF,MO,ACE,CE,Combined TRACON& Tower with Radar,28,41,31,4,104,0,19,9,6,34,28,60,40,10,138,12,4,16,154
10/13/2022,SGF,MO,ACE,CE,Combined TRACON& Tower with Radar,34,28,50,4,116,0,19,25,13,57,34,47,75,17,173,0,30,30,203
10/14/2022,SGF,MO,ACE,CE,Combined TRACON& Tower with Radar,38,35,41,4,118,0,8,9,7,24,38,43,50,11,142,18,0,18,160
10/15/2022,SGF,MO,ACE,CE,Combined TRACON& Tower with Radar,32,27,36,0,95,0,36,31,1,68,32,63,67,1,163,22,0,22,185
10/16/2022,SGF,MO,ACE,CE,Combined TRACON& Tower with Radar,29,18,42,0,89,0,8,16,2,26,29,26,58,2,115,0,0,0,115
10/17/2022,SGF,MO,ACE,CE,Combined TRACON& Tower with Radar,33,32,32,2,99,0,15,19,5,39,33,47,51,7,138,0,0,0,138
10/18/2022,SGF,MO,ACE,CE,Combined TRACON& Tower with Radar,32,28,51,20,131,0,30,18,20,68,32,58,69,40,199,16,10,26,225
10/19/2022,SGF,MO,ACE,CE,Combined TRACON& Tower with Radar,28,46,52,17,143,0,35,19,4,58,28,81,71,21,201,20,0,20,221
10/20/2022,SGF,MO,ACE,CE,Combined TRACON& Tower with Radar,34,42,64,7,147,0,39,13,6,58,34,81,77,13,205,52,0,52,257
10/21/2022,SGF,MO,ACE,CE,Combined TRACON& Tower with Radar,40,34,53,8,135,0,27,31,2,60,40,61,84,10,195,8,0,8,203
10/22/2022,SGF,MO,ACE,CE,Combined TRACON& Tower with Radar,32,24,14,0,70,0,6,6,0,12,32,30,20,0,82,16,0,16,98
10/23/2022,SGF,MO,ACE,CE,Combined TRACON& Tower with Radar,29,24,24,0,77,0,0,6,0,6,29,24,30,0,83,0,0,0,83
10/24/2022,SGF,MO,ACE,CE,Combined TRACON& Tower with Radar,31,25,32,0,88,0,3,2,0,5,31,28,34,0,93,6,0,6,99
10/25/2022,SGF,MO,ACE,CE,Combined TRACON& Tower with Radar,31,31,31,0,93,0,0,0,0,0,31,31,31,0,93,0,0,0,93
10/26/2022,SGF,MO,ACE,CE,Combined TRACON& Tower with Radar,29,37,64,42,172,0,33,42,20,95,29,70,106,62,267,60,6,66,333
10/27/2022,SGF,MO,ACE,CE,Combined TRACON& Tower with Radar,34,29,51,31,145,0,28,36,18,82,34,57,87,49,227,0,0,0,227
10/28/2022,SGF,MO,ACE,CE,Combined TRACON& Tower with Radar,35,33,41,43,152,0,37,31,13,81,35,70,72,56,233,44,12,56,289
10/29/2022,SGF,MO,ACE,CE,Combined TRACON& Tower with Radar,29,22,20,6,77,0,29,20,0,49,29,51,40,6,126,28,0,28,154
10/30/2022,SGF,MO,ACE,CE,Combined TRACON& Tower with Radar,31,26,31,0,88,0,0,1,0,1,31,26,32,0,89,0,0,0,89
10/31/2022,SGF,MO,ACE,CE,Combined TRACON& Tower with Radar,26,32,39,22,119,0,27,28,7,62,26,59,67,29,181,24,0,24,205
11/01/2022,SGF,MO,ACE,CE,Combined TRACON& Tower with Radar,29,36,50,20,135,0,30,28,1,59,29,66,78,21,194,26,0,26,220
11/02/2022,SGF,MO,ACE,CE,Combined TRACON& Tower with Radar,25,38,40,2,105,0,34,34,6,74,25,72,74,8,179,12,0,12,191
11/03/2022,SGF,MO,ACE,CE,Combined TRACON& Tower with Radar,37,35,42,4,118,0,26,13,14,53,37,61,55,18,171,8,6,14,185
11/04/2022,SGF,MO,ACE,CE,Combined TRACON& Tower with Radar,33,20,27,0,80,0,1,2,7,10,33,21,29,7,90,0,0,0,90
11/05/2022,SGF,MO,ACE,CE,Combined TRACON& Tower with Radar,30,20,19,0,69,0,0,10,4,14,30,20,29,4,83,0,0,0,83
11/06/2022,SGF,MO,ACE,CE,Combined TRACON& Tower with Radar,28,24,44,0,96,0,3,27,2,32,28,27,71,2,128,0,0,0,128
11/07/2022,SGF,MO,ACE,CE,Combined TRACON& Tower with Radar,29,29,31,11,100,0,22,15,1,38,29,51,46,12,138,0,0,0,138
11/08/2022,SGF,MO,ACE,CE,Combined TRACON& Tower with Radar,25,33,39,23,120,0,6,12,9,27,25,39,51,32,147,14,11,25,172
11/09/2022,SGF,MO,ACE,CE,Combined TRACON& Tower with Radar,26,51,47,10,134,0,19,25,11,55,26,70,72,21,189,2,0,2,191
11/10/2022,SGF,MO,ACE,CE,Combined TRACON& Tower with Radar,30,30,41,1,102,0,24,11,1,36,30,54,52,2,138,34,4,38,176
11/11/2022,SGF,MO,ACE,CE,Combined TRACON& Tower with Radar,34,24,28,0,86,0,9,15,2,26,34,33,43,2,112,14,0,14,126
11/12/2022,SGF,MO,ACE,CE,Combined TRACON& Tower with Radar,30,22,20,0,72,0,14,36,0,50,30,36,56,0,122,0,0,0,122
11/13/2022,SGF,MO,ACE,CE,Combined TRACON& Tower with Radar,26,26,33,0,85,0,11,38,4,53,26,37,71,4,138,10,0,10,148
11/14/2022,SGF,MO,ACE,CE,Combined TRACON& Tower with Radar,26,39,27,0,92,0,19,8,2,29,26,58,35,2,121,32,0,32,153
11/15/2022,SGF,MO,ACE,CE,Combined TRACON& Tower with Radar,26,30,28,0,84,0,7,3,1,11,26,37,31,1,95,30,0,30,125
11/16/2022,SGF,MO,ACE,CE,Combined TRACON& Tower with Radar,25,43,35,20,123,0,18,13,18,49,25,61,48,38,172,0,0,0,172
11/17/2022,SGF,MO,ACE,CE,Combined TRACON& Tower with Radar,31,51,49,3,134,0,25,16,5,46,31,76,65,8,180,50,0,50,230
11/18/2022,SGF,MO,ACE,CE,Combined TRACON& Tower with Radar,34,52,41,3,130,0,24,22,7,53,34,76,63,10,183,26,0,26,209
11/19/2022,SGF,MO,ACE,CE,Combined TRACON& Tower with Radar,28,34,19,2,83,0,19,18,8,45,28,53,37,10,128,2,14,16,144
11/20/2022,SGF,MO,ACE,CE,Combined TRACON& Tower with Radar,26,24,31,6,87,0,3,25,0,28,26,27,56,6,115,0,0,0,115
11/21/2022,SGF,MO,ACE,CE,Combined TRACON& Tower with Radar,30,27,37,0,94,0,11,19,6,36,30,38,56,6,130,22,0,22,152
11/22/2022,SGF,MO,ACE,CE,Combined TRACON& Tower with Radar,30,39,36,9,114,0,29,18,11,58,30,68,54,20,172,50,0,50,222
11/23/2022,SGF,MO,ACE,CE,Combined TRACON& Tower with Radar,36,34,37,0,107,0,16,17,8,41,36,50,54,8,148,32,0,32,180
11/24/2022,SGF,MO,ACE,CE,Combined TRACON& Tower with Radar,14,14,6,0,34,0,0,0,0,0,14,14,6,0,34,0,0,0,34
11/25/2022,SGF,MO,ACE,CE,Combined TRACON& Tower with Radar,27,25,26,0,78,0,2,23,0,25,27,27,49,0,103,2,0,2,105
11/26/2022,SGF,MO,ACE,CE,Combined TRACON& Tower with Radar,31,22,33,0,86,0,1,2,0,3,31,23,35,0,89,0,0,0,89
11/27/2022,SGF,MO,ACE,CE,Combined TRACON& Tower with Radar,28,31,28,0,87,0,1,2,1,4,28,32,30,1,91,0,0,0,91
11/28/2022,SGF,MO,ACE,CE,Combined TRACON& Tower with Radar,30,40,30,13,113,0,21,19,3,43,30,61,49,16,156,30,24,54,210
11/29/2022,SGF,MO,ACE,CE,Combined TRACON& Tower with Radar,29,29,20,6,84,0,0,6,5,11,29,29,26,11,95,0,0,0,95
11/30/2022,SGF,MO,ACE,CE,Combined TRACON& Tower with Radar,27,47,32,19,125,0,30,27,12,69,27,77,59,31,194,88,0,88,282
12/01/2022,SGF,MO,ACE,CE,Combined TRACON& Tower with Radar,34,30,36,5,105,0,22,14,8,44,34,52,50,13,149,48,0,48,197
12/02/2022,SGF,MO,ACE,CE,Combined TRACON& Tower with Radar,32,45,21,2,100,0,0,0,4,4,32,45,21,6,104,0,0,0,104
12/03/2022,SGF,MO,ACE,CE,Combined TRACON& Tower with Radar,25,33,15,2,75,0,31,33,9,73,25,64,48,11,148,78,0,78,226
12/04/2022,SGF,MO,ACE,CE,Combined TRACON& Tower with Radar,26,34,19,0,79,0,9,8,2,19,26,43,27,2,98,8,0,8,106
12/05/2022,SGF,MO,ACE,CE,Combined TRACON& Tower with Radar,29,25,35,10,99,0,1,0,0,1,29,26,35,10,100,0,0,0,100
12/06/2022,SGF,MO,ACE,CE,Combined TRACON& Tower with Radar,28,25,21,0,74,0,0,0,0,0,28,25,21,0,74,0,0,0,74
12/07/2022,SGF,MO,ACE,CE,Combined TRACON& Tower with Radar,30,26,24,0,80,0,2,2,0,4,30,28,26,0,84,0,0,0,84
12/08/2022,SGF,MO,ACE,CE,Combined TRACON& Tower with Radar,32,26,54,1,113,0,0,0,0,0,32,26,54,1,113,0,0,0,113
12/09/2022,SGF,MO,ACE,CE,Combined TRACON& Tower with Radar,32,34,33,16,115,0,39,29,3,71,32,73,62,19,186,124,10,134,320
12/10/2022,SGF,MO,ACE,CE,Combined TRACON& Tower with Radar,25,26,19,0,70,0,0,0,2,2,25,26,19,2,72,0,0,0,72
12/11/2022,SGF,MO,ACE,CE,Combined TRACON& Tower with Radar,26,28,41,0,95,0,0,0,0,0,26,28,41,0,95,0,0,0,95
12/12/2022,SGF,MO,ACE,CE,Combined TRACON& Tower with Radar,31,34,41,2,108,0,0,0,0,0,31,34,41,2,108,0,0,0,108
12/13/2022,SGF,MO,ACE,CE,Combined TRACON& Tower with Radar,24,33,22,0,79,0,0,0,0,0,24,33,22,0,79,0,0,0,79
12/14/2022,SGF,MO,ACE,CE,Combined TRACON& Tower with Radar,28,38,35,32,133,0,33,23,11,67,28,71,58,43,200,74,26,100,300
12/15/2022,SGF,MO,ACE,CE,Combined TRACON& Tower with Radar,34,26,56,2,118,0,2,8,7,17,34,28,64,9,135,22,0,22,157
12/16/2022,SGF,MO,ACE,CE,Combined TRACON& Tower with Radar,35,23,25,0,83,0,2,11,7,20,35,25,36,7,103,0,0,0,103
12/17/2022,SGF,MO,ACE,CE,Combined TRACON& Tower with Radar,31,29,17,0,77,0,2,20,0,22,31,31,37,0,99,36,0,36,135
12/18/2022,SGF,MO,ACE,CE,Combined TRACON& Tower with Radar,34,29,35,0,98,0,6,39,0,45,34,35,74,0,143,50,0,50,193
12/19/2022,SGF,MO,ACE,CE,Combined TRACON& Tower with Radar,30,26,26,6,88,0,15,9,4,28,30,41,35,10,116,74,0,74,190
12/20/2022,SGF,MO,ACE,CE,Combined TRACON& Tower with Radar,32,25,30,4,91,0,21,14,3,38,32,46,44,7,129,72,14,86,215
12/21/2022,SGF,MO,ACE,CE,Combined TRACON& Tower with Radar,36,31,52,16,135,0,20,19,7,46,36,51,71,23,181,28,14,42,223
12/22/2022,SGF,MO,ACE,CE,Combined TRACON& Tower with Radar,21,12,3,0,36,0,1,1,0,2,21,13,4,0,38,0,0,0,38
12/23/2022,SGF,MO,ACE,CE,Combined TRACON& Tower with Radar,29,15,17,0,61,0,0,2,0,2,29,15,19,0,63,0,0,0,63
12/24/2022,SGF,MO,ACE,CE,Combined TRACON& Tower with Radar,25,13,8,0,46,0,0,4,0,4,25,13,12,0,50,0,0,0,50
12/25/2022,SGF,MO,ACE,CE,Combined TRACON& Tower with Radar,23,18,5,0,46,0,1,3,0,4,23,19,8,0,50,0,0,0,50
12/26/2022,SGF,MO,ACE,CE,Combined TRACON& Tower with Radar,28,19,26,0,73,0,1,2,0,3,28,20,28,0,76,0,0,0,76
12/27/2022,SGF,MO,ACE,CE,Combined TRACON& Tower with Radar,34,34,33,1,102,0,18,18,1,37,34,52,51,2,139,21,0,21,160
12/28/2022,SGF,MO,ACE,CE,Combined TRACON& Tower with Radar,33,21,22,0,76,0,1,5,8,14,33,22,27,8,90,0,0,0,90
12/29/2022,SGF,MO,ACE,CE,Combined TRACON& Tower with Radar,31,24,14,7,76,0,2,9,5,16,31,26,23,12,92,0,0,0,92
12/30/2022,SGF,MO,ACE,CE,Combined TRACON& Tower with Radar,34,28,28,0,90,0,22,19,0,41,34,50,47,0,131,0,0,0,131
12/31/2022,SGF,MO,ACE,CE,Combined TRACON& Tower with Radar,25,27,15,0,67,0,17,18,0,35,25,44,33,0,102,14,0,14,116
01/01/2023,SGF,MO,ACE,CE,Combined TRACON& Tower with Radar,24,28,13,0,65,0,2,16,0,18,24,30,29,0,83,0,0,0,83
01/02/2023,SGF,MO,ACE,CE,Combined TRACON& Tower with Radar,27,23,27,0,77,0,0,1,0,1,27,23,28,0,78,0,0,0,78
01/03/2023,SGF,MO,ACE,CE,Combined TRACON& Tower with Radar,36,36,24,10,106,0,26,10,3,39,36,62,34,13,145,4,10,14,159
01/04/2023,SGF,MO,ACE,CE,Combined TRACON& Tower with Radar,29,38,27,20,114,0,23,19,10,52,29,61,46,30,166,12,0,12,178
01/05/2023,SGF,MO,ACE,CE,Combined TRACON& Tower with Radar,33,31,19,29,112,0,13,23,8,44,33,44,42,37,156,32,26,58,214
01/06/2023,SGF,MO,ACE,CE,Combined TRACON& Tower with Radar,36,30,32,4,102,0,36,29,9,74,36,66,61,13,176,62,0,62,238
01/07/2023,SGF,MO,ACE,CE,Combined TRACON& Tower with Radar,23,24,21,2,70,0,0,1,0,1,23,24,22,2,71,18,0,18,89
01/08/2023,SGF,MO,ACE,CE,Combined TRACON& Tower with Radar,31,24,14,0,69,0,4,16,0,20,31,28,30,0,89,20,0,20,109
01/09/2023,SGF,MO,ACE,CE,Combined TRACON& Tower with Radar,34,33,37,21,125,0,26,26,10,62,34,59,63,31,187,8,16,24,211
01/10/2023,SGF,MO,ACE,CE,Combined TRACON& Tower with Radar,24,33,46,20,123,0,29,24,10,63,24,62,70,30,186,54,30,84,270
01/11/2023,SGF,MO,ACE,CE,Combined TRACON& Tower with Radar,24,30,50,12,116,0,27,6,6,39,24,57,56,18,155,62,18,80,235
01/12/2023,SGF,MO,ACE,CE,Combined TRACON& Tower with Radar,32,22,20,0,74,0,0,0,0,0,32,22,20,0,74,0,0,0,74
01/13/2023,SGF,MO,ACE,CE,Combined TRACON& Tower with Radar,36,23,32,0,91,0,2,2,0,4,36,25,34,0,95,8,64,72,167
01/14/2023,SGF,MO,ACE,CE,Combined TRACON& Tower with Radar,18,28,31,0,77,0,22,23,0,45,18,50,54,0,122,28,0,28,150
01/15/2023,SGF,MO,ACE,CE,Combined TRACON& Tower with Radar,26,20,20,0,66,0,0,8,0,8,26,20,28,0,74,0,0,0,74
01/16/2023,SGF,MO,ACE,CE,Combined TRACON& Tower with Radar,30,33,31,0,94,0,0,11,0,11,30,33,42,0,105,0,0,0,105
01/17/2023,SGF,MO,ACE,CE,Combined TRACON& Tower with Radar,24,34,36,19,113,0,30,29,2,61,24,64,65,21,174,68,0,68,242
01/18/2023,SGF,MO,ACE,CE,Combined TRACON& Tower with Radar,24,23,25,18,90,0,10,0,4,14,24,33,25,22,104,4,0,4,108
01/19/2023,SGF,MO,ACE,CE,Combined TRACON& Tower with Radar,32,30,27,3,92,0,0,3,14,17,32,30,30,17,109,0,0,0,109
01/20/2023,SGF,MO,ACE,CE,Combined TRACON& Tower with Radar,36,33,39,44,152,0,50,35,14,99,36,83,74,58,251,64,10,74,325
01/21/2023,SGF,MO,ACE,CE,Combined TRACON& Tower with Radar,26,22,29,0,77,0,21,14,2,37,26,43,43,2,114,48,0,48,162
01/22/2023,SGF,MO,ACE,CE,Combined TRACON& Tower with Radar,28,23,10,0,61,0,0,0,0,0,28,23,10,0,61,0,0,0,61
01/23/2023,SGF,MO,ACE,CE,Combined TRACON& Tower with Radar,33,31,43,6,113,0,28,23,6,57,33,59,66,12,170,4,0,4,174
01/24/2023,SGF,MO,ACE,CE,Combined TRACON& Tower with Radar,28,21,28,12,89,0,19,10,4,33,28,40,38,16,122,0,0,0,122
01/25/2023,SGF,MO,ACE,CE,Combined TRACON& Tower with Radar,25,25,18,0,68,0,0,0,0,0,25,25,18,0,68,0,0,0,68
01/26/2023,SGF,MO,ACE,CE,Combined TRACON& Tower with Radar,34,46,35,27,142,0,33,24,10,67,34,79,59,37,209,34,2,36,245
01/27/2023,SGF,MO,ACE,CE,Combined TRACON& Tower with Radar,38,28,25,0,91,0,5,16,5,26,38,33,41,5,117,0,0,0,117
01/28/2023,SGF,MO,ACE,CE,Combined TRACON& Tower with Radar,22,25,15,0,62,0,4,3,0,7,22,29,18,0,69,0,0,0,69
01/29/2023,SGF,MO,ACE,CE,Combined TRACON& Tower with Radar,28,20,11,0,59,0,0,0,0,0,28,20,11,0,59,0,0,0,59
01/30/2023,SGF,MO,ACE,CE,Combined TRACON& Tower with Radar,28,19,14,0,61,0,0,1,0,1,28,19,15,0,62,0,0,0,62
01/31/2023,SGF,MO,ACE,CE,Combined TRACON& Tower with Radar,16,20,20,1,57,0,0,3,7,10,16,20,23,8,67,0,0,0,67
02/01/2023,SGF,MO,ACE,CE,Combined TRACON& Tower with Radar,20,32,24,2,78,0,32,11,7,50,20,64,35,9,128,10,0,10,138
02/02/2023,SGF,MO,ACE,CE,Combined TRACON& Tower with Radar,29,37,38,13,117,0,27,14,12,53,29,64,52,25,170,51,24,75,245
02/03/2023,SGF,MO,ACE,CE,Combined TRACON& Tower with Radar,38,31,43,34,146,0,42,23,4,69,38,73,66,38,215,44,8,52,267
02/04/2023,SGF,MO,ACE,CE,Combined TRACON& Tower with Radar,29,27,17,8,81,0,7,10,4,21,29,34,27,12,102,0,0,0,102
02/05/2023,SGF,MO,ACE,CE,Combined TRACON& Tower with Radar,30,38,29,0,97,0,10,38,0,48,30,48,67,0,145,0,0,0,145
02/06/2023,SGF,MO,ACE,CE,Combined TRACON& Tower with Radar,34,23,26,30,113,0,9,10,2,21,34,32,36,32,134,0,0,0,134
02/07/2023,SGF,MO,ACE,CE,Combined TRACON& Tower with Radar,28,32,30,14,104,0,22,5,5,32,28,54,35,19,136,8,0,8,144
02/08/2023,SGF,MO,ACE,CE,Combined TRACON& Tower with Radar,28,28,34,3,93,0,0,0,1,1,28,28,34,4,94,0,0,0,94
02/09/2023,SGF,MO,ACE,CE,Combined TRACON& Tower with Radar,35,41,27,17,120,0,23,1,8,32,35,64,28,25,152,16,20,36,188
02/10/2023,SGF,MO,ACE,CE,Combined TRACON& Tower with Radar,39,36,19,2,96,0,3,5,4,12,39,39,24,6,108,0,0,0,108
02/11/2023,SGF,MO,ACE,CE,Combined TRACON& Tower with Radar,34,34,33,10,111,0,45,47,4,96,34,79,80,14,207,76,0,76,283
02/12/2023,SGF,MO,ACE,CE,Combined TRACON& Tower with Radar,30,20,16,0,66,0,2,23,0,25,30,22,39,0,91,22,0,22,113
02/13/2023,SGF,MO,ACE,CE,Combined TRACON& Tower with Radar,36,36,34,29,135,0,36,26,13,75,36,72,60,42,210,24,0,24,234
02/14/2023,SGF,MO,ACE,CE,Combined TRACON& Tower with Radar,31,27,23,0,81,0,1,4,0,5,31,28,27,0,86,0,0,0,86
02/15/2023,SGF,MO,ACE,CE,Combined TRACON& Tower with Radar,31,42,38,38,149,0,41,37,12,90,31,83,75,50,239,88,18,106,345
02/16/2023,SGF,MO,ACE,CE,Combined TRACON& Tower with Radar,37,34,24,2,97,0,3,0,0,3,37,37,24,2,100,0,10,10,110
02/17/2023,SGF,MO,ACE,CE,Combined TRACON& Tower with Radar,40,48,43,1,132,0,46,25,6,77,40,94,68,7,209,34,2,36,245
02/18/2023,SGF,MO,ACE,CE,Combined TRACON& Tower with Radar,31,36,21,0,88,0,32,11,0,43,31,68,32,0,131,68,0,68,199
02/19/2023,SGF,MO,ACE,CE,Combined TRACON& Tower with Radar,30,29,28,0,87,0,6,23,2,31,30,35,51,2,118,52,0,52,170
02/20/2023,SGF,MO,ACE,CE,Combined TRACON& Tower with Radar,36,48,45,0,129,0,50,41,0,91,36,98,86,0,220,52,0,52,272
02/21/2023,SGF,MO,ACE,CE,Combined TRACON& Tower with Radar,30,33,47,23,133,0,23,35,11,69,30,56,82,34,202,12,0,12,214
02/22/2023,SGF,MO,ACE,CE,Combined TRACON& Tower with Radar,29,23,24,0,76,0,6,1,7,14,29,29,25,7,90,14,0,14,104
02/23/2023,SGF,MO,ACE,CE,Combined TRACON& Tower with Radar,36,32,52,24,144,0,26,36,8,70,36,58,88,32,214,100,8,108,322
02/24/2023,SGF,MO,ACE,CE,Combined TRACON& Tower with Radar,41,37,28,6,112,0,31,28,7,66,41,68,56,13,178,38,12,50,228
02/25/2023,SGF,MO,ACE,CE,Combined TRACON& Tower with Radar,30,25,51,2,108,0,11,15,1,27,30,36,66,3,135,94,0,94,229
02/26/2023,SGF,MO,ACE,CE,Combined TRACON& Tower with Radar,31,26,18,0,75,0,0,1,0,1,31,26,19,0,76,0,0,0,76
02/27/2023,SGF,MO,ACE,CE,Combined TRACON& Tower with Radar,37,26,23,2,88,0,3,6,3,12,37,29,29,5,100,0,0,0,100
02/28/2023,SGF,MO,ACE,CE,Combined TRACON& Tower with Radar,30,26,41,12,109,0,22,20,4,46,30,48,61,16,155,17,0,17,172
03/01/2023,SGF,MO,ACE,CE,Combined TRACON& Tower with Radar,29,40,60,20,149,0,27,33,7,67,29,67,93,27,216,12,0,12,228
03/02/2023,SGF,MO,ACE,CE,Combined TRACON& Tower with Radar,30,34,40,1,105,0,7,4,5,16,30,41,44,6,121,0,0,0,121
03/03/2023,SGF,MO,ACE,CE,Combined TRACON& Tower with Radar,41,24,26,0,91,0,1,1,0,2,41,25,27,0,93,0,0,0,93
03/04/2023,SGF,MO,ACE,CE,Combined TRACON& Tower with Radar,29,29,26,0,84,0,26,41,2,69,29,55,67,2,153,78,0,78,231
03/05/2023,SGF,MO,ACE,CE,Combined TRACON& Tower with Radar,30,32,25,1,88,0,2,23,1,26,30,34,48,2,114,10,0,10,124
03/06/2023,SGF,MO,ACE,CE,Combined TRACON& Tower with Radar,35,32,26,0,93,0,24,16,4,44,35,56,42,4,137,50,0,50,187
03/07/2023,SGF,MO,ACE,CE,Combined TRACON& Tower with Radar,28,32,41,4,105,0,13,8,6,27,28,45,49,10,132,16,0,16,148
03/08/2023,SGF,MO,ACE,CE,Combined TRACON& Tower with Radar,28,28,26,16,98,0,0,0,6,6,28,28,26,22,104,6,0,6,110
03/09/2023,SGF,MO,ACE,CE,Combined TRACON& Tower with Radar,32,27,42,0,101,0,0,0,0,0,32,27,42,0,101,0,0,0,101
03/10/2023,SGF,MO,ACE,CE,Combined TRACON& Tower with Radar,39,33,40,7,119,0,9,16,5,30,39,42,56,12,149,88,0,88,237
03/11/2023,SGF,MO,ACE,CE,Combined TRACON& Tower with Radar,44,24,29,0,97,0,1,1,0,2,44,25,30,0,99,0,0,0,99
03/12/2023,SGF,MO,ACE,CE,Combined TRACON& Tower with Radar,30,28,23,0,81,0,1,1,2,4,30,29,24,2,85,0,0,0,85
03/13/2023,SGF,MO,ACE,CE,Combined TRACON& Tower with Radar,35,31,26,12,104,0,18,22,0,40,35,49,48,12,144,62,3,65,209
03/14/2023,SGF,MO,ACE,CE,Combined TRACON& Tower with Radar,34,37,29,1,101,0,43,30,7,80,34,80,59,8,181,47,0,47,228
03/15/2023,SGF,MO,ACE,CE,Combined TRACON& Tower with Radar,30,31,36,13,110,0,33,8,3,44,30,64,44,16,154,40,12,52,206
03/16/2023,SGF,MO,ACE,CE,Combined TRACON& Tower with Radar,32,27,16,1,76,0,1,0,3,4,32,28,16,4,80,0,0,0,80
03/17/2023,SGF,MO,ACE,CE,Combined TRACON& Tower with Radar,40,30,23,7,100,0,16,16,4,36,40,46,39,11,136,44,12,56,192
03/18/2023,SGF,MO,ACE,CE,Combined TRACON& Tower with Radar,34,32,15,0,81,0,22,12,0,34,34,54,27,0,115,34,0,34,149
03/19/2023,SGF,MO,ACE,CE,Combined TRACON& Tower with Radar,29,27,36,2,94,0,20,31,0,51,29,47,67,2,145,76,0,76,221
03/20/2023,SGF,MO,ACE,CE,Combined TRACON& Tower with Radar,33,32,42,2,109,0,19,15,1,35,33,51,57,3,144,22,0,22,166
03/21/2023,SGF,MO,ACE,CE,Combined TRACON& Tower with Radar,28,25,32,0,85,0,1,1,1,3,28,26,33,1,88,0,0,0,88
03/22/2023,SGF,MO,ACE,CE,Combined TRACON& Tower with Radar,30,28,39,8,105,0,0,7,3,10,30,28,46,11,115,0,2,2,117
03/23/2023,SGF,MO,ACE,CE,Combined TRACON& Tower with Radar,33,32,43,3,111,0,1,2,6,9,33,33,45,9,120,0,0,0,120
03/24/2023,SGF,MO,ACE,CE,Combined TRACON& Tower with Radar,40,23,11,0,74,0,0,0,0,0,40,23,11,0,74,0,0,0,74
03/25/2023,SGF,MO,ACE,CE,Combined TRACON& Tower with Radar,31,27,24,0,82,0,21,33,4,58,31,48,57,4,140,68,0,68,208
03/26/2023,SGF,MO,ACE,CE,Combined TRACON& Tower with Radar,31,26,27,1,85,0,17,24,0,41,31,43,51,1,126,0,0,0,126
03/27/2023,SGF,MO,ACE,CE,Combined TRACON& Tower with Radar,40,29,21,10,100,0,37,26,3,66,40,66,47,13,166,56,0,56,222
03/28/2023,SGF,MO,ACE,CE,Combined TRACON& Tower with Radar,32,33,35,5,105,0,18,16,8,42,32,51,51,13,147,24,0,24,171
03/29/2023,SGF,MO,ACE,CE,Combined TRACON& Tower with Radar,34,39,42,18,133,0,49,33,18,100,34,88,75,36,233,46,0,46,279
03/30/2023,SGF,MO,ACE,CE,Combined TRACON& Tower with Radar,38,30,33,18,119,0,12,6,7,25,38,42,39,25,144,28,8,36,180
03/31/2023,SGF,MO,ACE,CE,Combined TRACON& Tower with Radar,46,20,30,0,96,0,1,1,0,2,46,21,31,0,98,0,0,0,98
04/01/2023,SGF,MO,ACE,CE,Combined TRACON& Tower with Radar,33,16,26,5,80,0,7,12,12,31,33,23,38,17,111,14,0,14,125
04/02/2023,SGF,MO,ACE,CE,Combined TRACON& Tower with Radar,35,20,21,0,76,0,6,20,0,26,35,26,41,0,102,10,0,10,112
04/03/2023,SGF,MO,ACE,CE,Combined TRACON& Tower with Radar,38,35,38,17,128,0,20,20,1,41,38,55,58,18,169,24,0,24,193
04/04/2023,SGF,MO,ACE,CE,Combined TRACON& Tower with Radar,34,33,23,11,101,0,3,4,1,8,34,36,27,12,109,0,0,0,109
04/05/2023,SGF,MO,ACE,CE,Combined TRACON& Tower with Radar,36,26,32,1,95,0,26,8,9,43,36,52,40,10,138,30,0,30,168
04/06/2023,SGF,MO,ACE,CE,Combined TRACON& Tower with Radar,41,40,36,22,139,0,33,36,14,83,41,73,72,36,222,108,50,158,380
04/07/2023,SGF,MO,ACE,CE,Combined TRACON& Tower with Radar,40,45,29,38,152,0,29,32,12,73,40,74,61,50,225,42,14,56,281
04/08/2023,SGF,MO,ACE,CE,Combined TRACON& Tower with Radar,25,31,20,8,84,0,26,31,0,57,25,57,51,8,141,36,0,36,177
04/09/2023,SGF,MO,ACE,CE,Combined TRACON& Tower with Radar,30,19,23,0,72,0,2,18,0,20,30,21,41,0,92,0,0,0,92
04/10/2023,SGF,MO,ACE,CE,Combined TRACON& Tower with Radar,35,34,27,13,109,0,38,20,1,59,35,72,47,14,168,74,0,74,242
04/11/2023,SGF,MO,ACE,CE,Combined TRACON& Tower with Radar,32,34,50,31,147,0,27,29,7,63,32,61,79,38,210,102,0,102,312
04/12/2023,SGF,MO,ACE,CE,Combined TRACON& Tower with Radar,35,25,44,17,121,0,32,23,7,62,35,57,67,24,183,24,0,24,207
04/13/2023,SGF,MO,ACE,CE,Combined TRACON& Tower with Radar,41,31,50,23,145,0,34,31,9,74,41,65,81,32,219,72,2,74,293
04/14/2023,SGF,MO,ACE,CE,Combined TRACON& Tower with Radar,41,32,36,2,111,0,21,26,8,55,41,53,62,10,166,12,0,12,178
04/15/2023,SGF,MO,ACE,CE,Combined TRACON& Tower with Radar,30,20,17,0,67,0,6,6,2,14,30,26,23,2,81,46,0,46,127
04/16/2023,SGF,MO,ACE,CE,Combined TRACON& Tower with Radar,34,21,17,0,72,0,2,4,1,7,34,23,21,1,79,0,0,0,79
04/17/2023,SGF,MO,ACE,CE,Combined TRACON& Tower with Radar,40,39,56,32,167,0,19,24,2,45,40,58,80,34,212,40,10,50,262
04/18/2023,SGF,MO,ACE,CE,Combined TRACON& Tower with Radar,32,36,41,1,110,0,21,23,3,47,32,57,64,4,157,30,0,30,187
04/19/2023,SGF,MO,ACE,CE,Combined TRACON& Tower with Radar,34,29,29,3,95,0,0,10,6,16,34,29,39,9,111,6,0,6,117
04/20/2023,SGF,MO,ACE,CE,Combined TRACON& Tower with Radar,39,35,27,6,107,0,10,5,3,18,39,45,32,9,125,30,0,30,155
04/21/2023,SGF,MO,ACE,CE,Combined TRACON& Tower with Radar,42,36,40,7,125,0,29,29,5,63,42,65,69,12,188,86,0,86,274
04/22/2023,SGF,MO,ACE,CE,Combined TRACON& Tower with Radar,30,31,25,24,110,0,22,25,0,47,30,53,50,24,157,4,0,4,161
04/23/2023,SGF,MO,ACE,CE,Combined TRACON& Tower with Radar,33,27,28,0,88,1,16,28,1,46,34,43,56,1,134,0,0,0,134
04/24/2023,SGF,MO,ACE,CE,Combined TRACON& Tower with Radar,38,30,39,43,150,0,26,15,8,49,38,56,54,51,199,14,4,18,217
04/25/2023,SGF,MO,ACE,CE,Combined TRACON& Tower with Radar,32,38,26,3,99,0,31,18,11,60,32,69,44,14,159,6,0,6,165
04/26/2023,SGF,MO,ACE,CE,Combined TRACON& Tower with Radar,32,29,38,12,111,0,10,11,7,28,32,39,49,19,139,0,8,8,147
04/27/2023,SGF,MO,ACE,CE,Combined TRACON& Tower with Radar,38,28,21,0,87,0,1,1,1,3,38,29,22,1,90,0,8,8,98
04/28/2023,SGF,MO,ACE,CE,Combined TRACON& Tower with Radar,41,38,71,18,168,0,5,18,10,33,41,43,89,28,201,14,0,14,215
04/29/2023,SGF,MO,ACE,CE,Combined TRACON& Tower with Radar,31,31,33,0,95,0,10,9,1,20,31,41,42,1,115,31,0,31,146
04/30/2023,SGF,MO,ACE,CE,Combined TRACON& Tower with Radar,34,28,26,0,88,0,2,12,0,14,34,30,38,0,102,0,0,0,102
05/01/2023,SGF,MO,ACE,CE,Combined TRACON& Tower with Radar,38,31,37,22,128,0,10,21,0,31,38,41,58,22,159,0,38,38,197
05/02/2023,SGF,MO,ACE,CE,Combined TRACON& Tower with Radar,33,36,40,8,117,0,14,21,0,35,33,50,61,8,152,46,0,46,198
05/03/2023,SGF,MO,ACE,CE,Combined TRACON& Tower with Radar,35,39,51,6,131,0,34,37,0,71,35,73,88,6,202,56,0,56,258
05/04/2023,SGF,MO,ACE,CE,Combined TRACON& Tower with Radar,38,24,25,12,99,0,17,11,0,28,38,41,36,12,127,26,0,26,153
05/05/2023,SGF,MO,ACE,CE,Combined TRACON& Tower with Radar,48,41,22,10,121,0,3,8,0,11,48,44,30,10,132,0,0,0,132
05/06/2023,SGF,MO,ACE,CE,Combined TRACON& Tower with Radar,35,22,17,0,74,0,8,11,0,19,35,30,28,0,93,14,0,14,107
05/07/2023,SGF,MO,ACE,CE,Combined TRACON& Tower with Radar,45,19,30,0,94,0,8,21,0,29,45,27,51,0,123,24,0,24,147
05/08/2023,SGF,MO,ACE,CE,Combined TRACON& Tower with Radar,48,34,19,12,113,0,12,8,2,22,48,46,27,14,135,46,20,66,201
05/09/2023,SGF,MO,ACE,CE,Combined TRACON& Tower with Radar,36,31,35,2,104,0,17,16,4,37,36,48,51,6,141,18,0,18,159
05/10/2023,SGF,MO,ACE,CE,Combined TRACON& Tower with Radar,43,20,38,16,117,0,27,19,3,49,43,47,57,19,166,56,14,70,236
05/11/2023,SGF,MO,ACE,CE,Combined TRACON& Tower with Radar,44,25,32,1,102,0,3,0,1,4,44,28,32,2,106,0,0,0,106
05/12/2023,SGF,MO,ACE,CE,Combined TRACON& Tower with Radar,49,19,30,0,98,0,7,7,6,20,49,26,37,6,118,30,2,32,150
05/13/2023,SGF,MO,ACE,CE,Combined TRACON& Tower with Radar,39,25,21,1,86,0,24,19,1,44,39,49,40,2,130,56,0,56,186
05/14/2023,SGF,MO,ACE,CE,Combined TRACON& Tower with Radar,41,23,20,0,84,0,6,9,0,15,41,29,29,0,99,0,0,0,99
05/15/2023,SGF,MO,ACE,CE,Combined TRACON& Tower with Radar,41,30,27,14,112,0,9,5,3,17,41,39,32,17,129,38,0,38,167
05/16/2023,SGF,MO,ACE,CE,Combined TRACON& Tower with Radar,48,24,38,1,111,0,0,0,0,0,48,24,38,1,111,0,0,0,111
05/17/2023,SGF,MO,ACE,CE,Combined TRACON& Tower with Radar,50,32,58,14,154,0,31,21,10,62,50,63,79,24,216,118,0,118,334
05/18/2023,SGF,MO,ACE,CE,Combined TRACON& Tower with Radar,45,50,50,7,152,0,46,31,13,90,45,96,81,20,242,66,0,66,308
05/19/2023,SGF,MO,ACE,CE,Combined TRACON& Tower with Radar,50,19,26,7,102,0,7,1,3,11,50,26,27,10,113,14,0,14,127
05/20/2023,SGF,MO,ACE,CE,Combined TRACON& Tower with Radar,44,21,29,23,117,0,35,27,8,70,44,56,56,31,187,40,8,48,235
05/21/2023,SGF,MO,ACE,CE,Combined TRACON& Tower with Radar,38,24,36,0,98,0,7,38,2,47,38,31,74,2,145,48,0,48,193
05/22/2023,SGF,MO,ACE,CE,Combined TRACON& Tower with Radar,50,26,36,16,128,0,25,16,4,45,50,51,52,20,173,78,0,78,251
05/23/2023,SGF,MO,ACE,CE,Combined TRACON& Tower with Radar,44,24,42,25,135,0,19,25,7,51,44,43,67,32,186,22,0,22,208
05/24/2023,SGF,MO,ACE,CE,Combined TRACON& Tower with Radar,47,32,54,8,141,0,34,31,11,76,47,66,85,19,217,44,10,54,271
05/25/2023,SGF,MO,ACE,CE,Combined TRACON& Tower with Radar,45,35,46,13,139,0,21,33,2,56,45,56,79,15,195,56,6,62,257
05/26/2023,SGF,MO,ACE,CE,Combined TRACON& Tower with Radar,51,34,36,2,123,0,27,30,2,59,51,61,66,4,182,28,0,28,210
05/27/2023,SGF,MO,ACE,CE,Combined TRACON& Tower with Radar,47,27,26,0,100,0,13,24,0,37,47,40,50,0,137,14,0,14,151
05/28/2023,SGF,MO,ACE,CE,Combined TRACON& Tower with Radar,38,16,7,0,61,0,4,18,0,22,38,20,25,0,83,22,0,22,105
05/29/2023,SGF,MO,ACE,CE,Combined TRACON& Tower with Radar,44,16,20,0,80,0,0,18,0,18,44,16,38,0,98,0,0,0,98
05/30/2023,SGF,MO,ACE,CE,Combined TRACON& Tower with Radar,46,17,48,1,112,0,13,17,10,40,46,30,65,11,152,20,0,20,172
05/31/2023,SGF,MO,ACE,CE,Combined TRACON& Tower with Radar,48,24,26,15,113,0,15,17,2,34,48,39,43,17,147,0,0,0,147
06/01/2023,SGF,MO,ACE,CE,Combined TRACON& Tower with Radar,46,36,44,4,130,0,29,17,11,57,46,65,61,15,187,21,16,37,224
06/02/2023,SGF,MO,ACE,CE,Combined TRACON& Tower with Radar,52,20,32,11,115,0,30,22,4,56,52,50,54,15,171,40,0,40,211
06/03/2023,SGF,MO,ACE,CE,Combined TRACON& Tower with Radar,40,28,19,6,93,0,35,27,0,62,40,63,46,6,155,86,0,86,241
06/04/2023,SGF,MO,ACE,CE,Combined TRACON& Tower with Radar,43,32,30,2,107,0,9,29,3,41,43,41,59,5,148,0,0,0,148
06/05/2023,SGF,MO,ACE,CE,Combined TRACON& Tower with Radar,44,20,27,20,111,0,20,17,3,40,44,40,44,23,151,29,0,29,180
06/06/2023,SGF,MO,ACE,CE,Combined TRACON& Tower with Radar,37,31,34,26,128,0,43,26,7,76,37,74,60,33,204,42,16,58,262
06/07/2023,SGF,MO,ACE,CE,Combined TRACON& Tower with Radar,45,23,41,26,135,0,42,16,11,69,45,65,57,37,204,52,8,60,264
06/08/2023,SGF,MO,ACE,CE,Combined TRACON& Tower with Radar,43,23,35,0,101,0,18,3,5,26,43,41,38,5,127,20,10,30,157
06/09/2023,SGF,MO,ACE,CE,Combined TRACON& Tower with Radar,51,33,30,3,117,0,37,13,6,56,51,70,43,9,173,62,0,62,235
06/10/2023,SGF,MO,ACE,CE,Combined TRACON& Tower with Radar,40,19,15,1,75,0,9,13,0,22,40,28,28,1,97,2,0,2,99
06/11/2023,SGF,MO,ACE,CE,Combined TRACON& Tower with Radar,39,15,25,0,79,0,1,5,0,6,39,16,30,0,85,0,0,0,85
06/12/2023,SGF,MO,ACE,CE,Combined TRACON& Tower with Radar,48,30,37,13,128,0,29,21,14,64,48,59,58,27,192,8,8,16,208
06/13/2023,SGF,MO,ACE,CE,Combined TRACON& Tower with Radar,39,30,37,31,137,0,38,24,10,72,39,68,61,41,209,42,0,42,251
06/14/2023,SGF,MO,ACE,CE,Combined TRACON& Tower with Radar,41,25,53,1,120,0,39,21,6,66,41,64,74,7,186,54,0,54,240
06/15/2023,SGF,MO,ACE,CE,Combined TRACON& Tower with Radar,43,29,40,21,133,0,40,11,16,67,43,69,51,37,200,36,0,36,236
06/16/2023,SGF,MO,ACE,CE,Combined TRACON& Tower with Radar,50,23,17,1,91,0,30,13,4,47,50,53,30,5,138,22,0,22,160
06/17/2023,SGF,MO,ACE,CE,Combined TRACON& Tower with Radar,42,22,28,0,92,0,30,36,5,71,42,52,64,5,163,116,12,128,291
06/18/2023,SGF,MO,ACE,CE,Combined TRACON& Tower with Radar,41,19,15,0,75,0,1,7,0,8,41,20,22,0,83,0,0,0,83
06/19/2023,SGF,MO,ACE,CE,Combined TRACON& Tower with Radar,45,20,20,3,88,0,35,36,0,71,45,55,56,3,159,20,0,20,179
06/20/2023,SGF,MO,ACE,CE,Combined TRACON& Tower with Radar,39,31,33,38,141,0,31,31,6,68,39,62,64,44,209,33,8,41,250
06/21/2023,SGF,MO,ACE,CE,Combined TRACON& Tower with Radar,40,32,45,30,147,0,35,34,27,96,40,67,79,57,243,58,48,106,349
06/22/2023,SGF,MO,ACE,CE,Combined TRACON& Tower with Radar,43,32,36,8,119,1,28,25,17,71,44,60,61,25,190,82,14,96,286
06/23/2023,SGF,MO,ACE,CE,Combined TRACON& Tower with Radar,45,31,41,39,156,0,26,29,3,58,45,57,70,42,214,40,12,52,266
06/24/2023,SGF,MO,ACE,CE,Combined TRACON& Tower with Radar,37,22,22,2,83,0,11,15,0,26,37,33,37,2,109,36,0,36,145
06/25/2023,SGF,MO,ACE,CE,Combined TRACON& Tower with Radar,39,29,29,4,101,0,6,29,2,37,39,35,58,6,138,0,0,0,138
06/26/2023,SGF,MO,ACE,CE,Combined TRACON& Tower with Radar,45,30,35,8,118,0,31,38,3,72,45,61,73,11,190,28,0,28,218
06/27/2023,SGF,MO,ACE,CE,Combined TRACON& Tower with Radar,37,37,35,14,123,0,25,26,3,54,37,62,61,17,177,40,6,46,223
06/28/2023,SGF,MO,ACE,CE,Combined TRACON& Tower with Radar,41,36,43,26,146,0,14,24,12,50,41,50,67,38,196,10,12,22,218
06/29/2023,SGF,MO,ACE,CE,Combined TRACON& Tower with Radar,42,38,45,6,131,0,11,20,3,34,42,49,65,9,165,40,0,40,205
06/30/2023,SGF,MO,ACE,CE,Combined TRACON& Tower with Radar,51,21,36,14,122,0,25,30,3,58,51,46,66,17,180,58,0,58,238
07/01/2023,SGF,MO,ACE,CE,Combined TRACON& Tower with Radar,38,24,18,0,80,0,9,17,1,27,38,33,35,1,107,68,0,68,175
07/02/2023,SGF,MO,ACE,CE,Combined TRACON& Tower with Radar,35,18,19,1,73,0,4,12,2,18,35,22,31,3,91,16,0,16,107
07/03/2023,SGF,MO,ACE,CE,Combined TRACON& Tower with Radar,41,20,14,0,75,0,5,10,0,15,41,25,24,0,90,0,0,0,90
07/04/2023,SGF,MO,ACE,CE,Combined TRACON& Tower with Radar,30,18,16,0,64,0,1,24,0,25,30,19,40,0,89,0,0,0,89
07/05/2023,SGF,MO,ACE,CE,Combined TRACON& Tower with Radar,42,23,15,0,80,0,14,6,3,23,42,37,21,3,103,40,0,40,143
07/06/2023,SGF,MO,ACE,CE,Combined TRACON& Tower with Radar,43,35,31,15,124,0,26,7,6,39,43,61,38,21,163,8,0,8,171
07/07/2023,SGF,MO,ACE,CE,Combined TRACON& Tower with Radar,51,28,14,1,94,0,22,9,1,32,51,50,23,2,126,60,0,60,186
07/08/2023,SGF,MO,ACE,CE,Combined TRACON& Tower with Radar,41,38,14,2,95,0,10,11,0,21,41,48,25,2,116,60,0,60,176
07/09/2023,SGF,MO,ACE,CE,Combined TRACON& Tower with Radar,40,22,38,0,100,0,15,16,0,31,40,37,54,0,131,36,0,36,167
07/10/2023,SGF,MO,ACE,CE,Combined TRACON& Tower with Radar,47,31,48,24,150,0,36,36,2,74,47,67,84,26,224,28,0,28,252
07/11/2023,SGF,MO,ACE,CE,Combined TRACON& Tower with Radar,38,37,37,15,127,0,20,18,7,45,38,57,55,22,172,48,0,48,220
07/12/2023,SGF,MO,ACE,CE,Combined TRACON& Tower with Radar,42,31,41,19,133,0,21,13,7,41,42,52,54,26,174,14,6,20,194
07/13/2023,SGF,MO,ACE,CE,Combined TRACON& Tower with Radar,44,32,45,11,132,0,20,20,15,55,44,52,65,26,187,74,0,74,261
07/14/2023,SGF,MO,ACE,CE,Combined TRACON& Tower with Radar,50,30,25,12,117,0,19,11,2,32,50,49,36,14,149,46,10,56,205
07/15/2023,SGF,MO,ACE,CE,Combined TRACON& Tower with Radar,41,18,19,26,104,0,14,21,0,35,41,32,40,26,139,40,6,46,185
07/16/2023,SGF,MO,ACE,CE,Combined TRACON& Tower with Radar,38,19,30,8,95,0,7,29,0,36,38,26,59,8,131,63,14,77,208
07/17/2023,SGF,MO,ACE,CE,Combined TRACON& Tower with Radar,50,20,31,15,116,0,8,17,6,31,50,28,48,21,147,26,6,32,179
07/18/2023,SGF,MO,ACE,CE,Combined TRACON& Tower with Radar,39,22,33,1,95,0,9,18,6,33,39,31,51,7,128,29,0,29,157
07/19/2023,SGF,MO,ACE,CE,Combined TRACON& Tower with Radar,41,22,47,13,123,0,26,25,12,63,41,48,72,25,186,10,12,22,208
07/20/2023,SGF,MO,ACE,CE,Combined TRACON& Tower with Radar,47,29,58,2,136,0,16,34,9,59,47,45,92,11,195,22,0,22,217
07/21/2023,SGF,MO,ACE,CE,Combined TRACON& Tower with Radar,49,25,22,1,97,0,11,6,1,18,49,36,28,2,115,52,2,54,169
07/22/2023,SGF,MO,ACE,CE,Combined TRACON& Tower with Radar,39,25,22,4,90,0,21,45,0,66,39,46,67,4,156,56,2,58,214
07/23/2023,SGF,MO,ACE,CE,Combined TRACON& Tower with Radar,39,15,31,0,85,0,3,23,0,26,39,18,54,0,111,18,0,18,129
07/24/2023,SGF,MO,ACE,CE,Combined TRACON& Tower with Radar,47,30,30,7,114,0,15,6,2,23,47,45,36,9,137,29,0,29,166
07/25/2023,SGF,MO,ACE,CE,Combined TRACON& Tower with Radar,38,27,41,11,117,0,11,30,11,52,38,38,71,22,169,40,0,40,209
07/26/2023,SGF,MO,ACE,CE,Combined TRACON& Tower with Radar,45,26,31,2,104,0,1,18,14,33,45,27,49,16,137,10,0,10,147
07/27/2023,SGF,MO,ACE,CE,Combined TRACON& Tower with Radar,46,33,49,5,133,0,19,33,5,57,46,52,82,10,190,16,2,18,208
07/28/2023,SGF,MO,ACE,CE,Combined TRACON& Tower with Radar,48,33,30,21,132,0,22,24,7,53,48,55,54,28,185,36,6,42,227
07/29/2023,SGF,MO,ACE,CE,Combined TRACON& Tower with Radar,47,20,26,0,93,0,13,32,2,47,47,33,58,2,140,29,0,29,169
07/30/2023,SGF,MO,ACE,CE,Combined TRACON& Tower with Radar,41,14,24,0,79,0,5,27,0,32,41,19,51,0,111,46,0,46,157
07/31/2023,SGF,MO,ACE,CE,Combined TRACON& Tower with Radar,45,35,31,8,119,0,23,10,0,33,45,58,41,8,152,12,0,12,164
08/01/2023,SGF,MO,ACE,CE,Combined TRACON& Tower with Radar,38,28,33,14,113,0,18,16,4,38,38,46,49,18,151,58,0,58,209
08/02/2023,SGF,MO,ACE,CE,Combined TRACON& Tower with Radar,40,33,33,22,128,0,26,16,11,53,40,59,49,33,181,26,0,26,207
08/03/2023,SGF,MO,ACE,CE,Combined TRACON& Tower with Radar,45,34,34,3,116,0,14,18,3,35,45,48,52,6,151,56,0,56,207
08/04/2023,SGF,MO,ACE,CE,Combined TRACON& Tower with Radar,52,35,46,0,133,0,16,16,8,40,52,51,62,8,173,48,0,48,221
08/05/2023,SGF,MO,ACE,CE,Combined TRACON& Tower with Radar,39,21,20,0,80,0,12,8,2,22,39,33,28,2,102,4,0,4,106
08/06/2023,SGF,MO,ACE,CE,Combined TRACON& Tower with Radar,35,23,29,2,89,0,2,13,6,21,35,25,42,8,110,10,0,10,120
08/07/2023,SGF,MO,ACE,CE,Combined TRACON& Tower with Radar,42,30,35,0,107,0,16,20,0,36,42,46,55,0,143,32,0,32,175
08/08/2023,SGF,MO,ACE,CE,Combined TRACON& Tower with Radar,40,24,45,32,141,0,26,32,6,64,40,50,77,38,205,56,4,60,265
08/09/2023,SGF,MO,ACE,CE,Combined TRACON& Tower with Radar,38,22,25,0,85,0,0,1,1,2,38,22,26,1,87,0,0,0,87
08/10/2023,SGF,MO,ACE,CE,Combined TRACON& Tower with Radar,43,28,35,7,113,0,22,26,9,57,43,50,61,16,170,35,6,41,211
08/11/2023,SGF,MO,ACE,CE,Combined TRACON& Tower with Radar,52,24,41,5,122,0,16,23,8,47,52,40,64,13,169,26,0,26,195
08/12/2023,SGF,MO,ACE,CE,Combined TRACON& Tower with Radar,40,18,20,0,78,0,6,8,0,14,40,24,28,0,92,20,0,20,112
08/13/2023,SGF,MO,ACE,CE,Combined TRACON& Tower with Radar,36,22,17,1,76,0,4,8,0,12,36,26,25,1,88,12,0,12,100
08/14/2023,SGF,MO,ACE,CE,Combined TRACON& Tower with Radar,43,22,34,10,109,0,14,12,4,30,43,36,46,14,139,2,12,14,153
08/15/2023,SGF,MO,ACE,CE,Combined TRACON& Tower with Radar,38,32,35,10,115,0,12,15,8,35,38,44,50,18,150,16,0,16,166
08/16/2023,SGF,MO,ACE,CE,Combined TRACON& Tower with Radar,39,43,42,14,138,0,26,43,7,76,39,69,85,21,214,22,4,26,240
08/17/2023,SGF,MO,ACE,CE,Combined TRACON& Tower with Radar,46,29,51,14,140,0,12,30,6,48,46,41,81,20,188,26,16,42,230
08/18/2023,SGF,MO,ACE,CE,Combined TRACON& Tower with Radar,43,38,47,11,139,0,22,40,5,67,43,60,87,16,206,28,0,28,234
08/19/2023,SGF,MO,ACE,CE,Combined TRACON& Tower with Radar,43,26,33,8,110,0,4,16,1,21,43,30,49,9,131,46,6,52,183
08/20/2023,SGF,MO,ACE,CE,Combined TRACON& Tower with Radar,40,27,26,6,99,0,8,19,0,27,40,35,45,6,126,18,14,32,158
08/21/2023,SGF,MO,ACE,CE,Combined TRACON& Tower with Radar,43,28,32,0,103,0,13,11,0,24,43,41,43,0,127,20,0,20,147
08/22/2023,SGF,MO,ACE,CE,Combined TRACON& Tower with Radar,39,25,29,2,95,0,17,15,5,37,39,42,44,7,132,52,0,52,184
08/23/2023,SGF,MO,ACE,CE,Combined TRACON& Tower with Radar,46,34,33,7,120,0,39,21,6,66,46,73,54,13,186,20,12,32,218
08/24/2023,SGF,MO,ACE,CE,Combined TRACON& Tower with Radar,46,24,43,21,134,0,26,22,9,57,46,50,65,30,191,52,8,60,251
08/25/2023,SGF,MO,ACE,CE,Combined TRACON& Tower with Radar,44,21,47,2,114,0,37,26,9,72,44,58,73,11,186,26,0,26,212
08/26/2023,SGF,MO,ACE,CE,Combined TRACON& Tower with Radar,39,20,19,0,78,0,6,21,2,29,39,26,40,2,107,28,0,28,135
08/27/2023,SGF,MO,ACE,CE,Combined TRACON& Tower with Radar,39,19,46,0,104,0,6,8,0,14,39,25,54,0,118,10,0,10,128
08/28/2023,SGF,MO,ACE,CE,Combined TRACON& Tower with Radar,43,22,46,27,138,0,25,22,3,50,43,47,68,30,188,12,4,16,204
08/29/2023,SGF,MO,ACE,CE,Combined TRACON& Tower with Radar,39,35,42,6,122,0,32,30,10,72,39,67,72,16,194,22,0,22,216
08/30/2023,SGF,MO,ACE,CE,Combined TRACON& Tower with Radar,38,26,36,23,123,0,51,57,14,122,38,77,93,37,245,32,8,40,285
08/31/2023,SGF,MO,ACE,CE,Combined TRACON& Tower with Radar,41,38,42,6,127,0,27,41,11,79,41,65,83,17,206,40,8,48,254
