10/01/2002,SGJ,FL,ASO,ES,Federal Contract Tower,0,0,0,0,0,0,0,0,0,0,0,0,0,0,0,0,0,0,0
10/02/2002,SGJ,FL,ASO,ES,Federal Contract Tower,0,0,0,0,0,0,0,0,0,0,0,0,0,0,0,0,0,0,0
10/03/2002,SGJ,FL,ASO,ES,Federal Contract Tower,0,2,24,1,27,0,1,141,8,150,0,3,165,9,177,288,6,294,471
10/04/2002,SGJ,FL,ASO,ES,Federal Contract Tower,0,8,25,3,36,0,6,104,4,114,0,14,129,7,150,291,0,291,441
10/05/2002,SGJ,FL,ASO,ES,Federal Contract Tower,0,4,15,0,19,0,0,149,18,167,0,4,164,18,186,313,0,313,499
10/06/2002,SGJ,FL,ASO,ES,Federal Contract Tower,0,3,24,2,29,0,14,85,1,100,0,17,109,3,129,201,1,202,331
10/07/2002,SGJ,FL,ASO,ES,Federal Contract Tower,0,2,29,0,31,0,0,79,2,81,0,2,108,2,112,195,0,195,307
10/08/2002,SGJ,FL,ASO,ES,Federal Contract Tower,0,7,24,0,31,0,0,90,4,94,0,7,114,4,125,169,0,169,294
10/09/2002,SGJ,FL,ASO,ES,Federal Contract Tower,0,7,22,0,29,0,0,76,4,80,0,7,98,4,109,110,0,110,219
10/10/2002,SGJ,FL,ASO,ES,Federal Contract Tower,0,1,24,1,26,0,0,90,19,109,0,1,114,20,135,151,0,151,286
10/11/2002,SGJ,FL,ASO,ES,Federal Contract Tower,0,8,26,0,34,0,3,55,3,61,0,11,81,3,95,159,0,159,254
10/12/2002,SGJ,FL,ASO,ES,Federal Contract Tower,0,3,12,0,15,0,0,121,0,121,0,3,133,0,136,288,0,288,424
10/13/2002,SGJ,FL,ASO,ES,Federal Contract Tower,0,3,23,0,26,0,0,70,2,72,0,3,93,2,98,172,0,172,270
10/14/2002,SGJ,FL,ASO,ES,Federal Contract Tower,0,6,29,0,35,0,1,41,0,42,0,7,70,0,77,98,0,98,175
10/15/2002,SGJ,FL,ASO,ES,Federal Contract Tower,0,2,35,1,38,0,0,66,7,73,0,2,101,8,111,64,0,64,175
10/16/2002,SGJ,FL,ASO,ES,Federal Contract Tower,0,7,39,1,47,0,0,41,41,82,0,7,80,42,129,99,4,103,232
10/17/2002,SGJ,FL,ASO,ES,Federal Contract Tower,0,8,26,2,36,0,5,115,18,138,0,13,141,20,174,211,54,265,439
10/18/2002,SGJ,FL,ASO,ES,Federal Contract Tower,0,4,24,3,31,0,0,113,2,115,0,4,137,5,146,260,0,260,406
10/19/2002,SGJ,FL,ASO,ES,Federal Contract Tower,0,2,21,0,23,0,0,174,0,174,0,2,195,0,197,175,1,176,373
10/20/2002,SGJ,FL,ASO,ES,Federal Contract Tower,0,10,14,1,25,0,0,98,0,98,0,10,112,1,123,158,0,158,281
10/21/2002,SGJ,FL,ASO,ES,Federal Contract Tower,0,8,15,1,24,0,0,106,15,121,0,8,121,16,145,180,0,180,325
10/22/2002,SGJ,FL,ASO,ES,Federal Contract Tower,0,8,19,2,29,0,10,111,0,121,0,18,130,2,150,164,22,186,336
10/23/2002,SGJ,FL,ASO,ES,Federal Contract Tower,0,6,25,2,33,0,0,62,20,82,0,6,87,22,115,173,28,201,316
10/24/2002,SGJ,FL,ASO,ES,Federal Contract Tower,0,7,25,3,35,0,1,45,3,49,0,8,70,6,84,190,20,210,294
10/25/2002,SGJ,FL,ASO,ES,Federal Contract Tower,0,4,31,2,37,0,0,49,7,56,0,4,80,9,93,189,14,203,296
10/26/2002,SGJ,FL,ASO,ES,Federal Contract Tower,0,4,21,0,25,0,1,96,0,97,0,5,117,0,122,252,0,252,374
10/27/2002,SGJ,FL,ASO,ES,Federal Contract Tower,0,13,40,0,53,0,2,149,0,151,0,15,189,0,204,211,0,211,415
10/28/2002,SGJ,FL,ASO,ES,Federal Contract Tower,0,11,30,1,42,0,0,118,14,132,0,11,148,15,174,146,0,146,320
10/29/2002,SGJ,FL,ASO,ES,Federal Contract Tower,0,14,25,3,42,0,0,107,6,113,0,14,132,9,155,82,20,102,257
10/30/2002,SGJ,FL,ASO,ES,Federal Contract Tower,0,5,24,3,32,0,0,97,9,106,0,5,121,12,138,166,0,166,304
10/31/2002,SGJ,FL,ASO,ES,Federal Contract Tower,0,0,25,1,26,0,0,112,8,120,0,0,137,9,146,196,0,196,342
11/01/2002,SGJ,FL,ASO,ES,Federal Contract Tower,0,12,26,4,42,0,1,138,7,146,0,13,164,11,188,218,0,218,406
11/02/2002,SGJ,FL,ASO,ES,Federal Contract Tower,0,7,18,0,25,0,1,149,0,150,0,8,167,0,175,316,0,316,491
11/03/2002,SGJ,FL,ASO,ES,Federal Contract Tower,0,5,26,0,31,0,0,144,1,145,0,5,170,1,176,320,0,320,496
11/04/2002,SGJ,FL,ASO,ES,Federal Contract Tower,0,7,12,0,19,0,0,122,2,124,0,7,134,2,143,182,0,182,325
11/05/2002,SGJ,FL,ASO,ES,Federal Contract Tower,0,11,26,1,38,0,1,85,26,112,0,12,111,27,150,242,40,282,432
11/06/2002,SGJ,FL,ASO,ES,Federal Contract Tower,0,9,23,1,33,0,1,46,0,47,0,10,69,1,80,60,0,60,140
11/07/2002,SGJ,FL,ASO,ES,Federal Contract Tower,0,2,21,0,23,0,0,160,4,164,0,2,181,4,187,184,0,184,371
11/08/2002,SGJ,FL,ASO,ES,Federal Contract Tower,0,4,20,0,24,0,2,151,2,155,0,6,171,2,179,182,12,194,373
11/09/2002,SGJ,FL,ASO,ES,Federal Contract Tower,0,6,18,0,24,0,7,176,0,183,0,13,194,0,207,222,0,222,429
11/10/2002,SGJ,FL,ASO,ES,Federal Contract Tower,0,2,42,1,45,0,0,88,4,92,0,2,130,5,137,146,0,146,283
11/11/2002,SGJ,FL,ASO,ES,Federal Contract Tower,0,5,24,0,29,0,0,97,3,100,0,5,121,3,129,178,0,178,307
11/12/2002,SGJ,FL,ASO,ES,Federal Contract Tower,0,11,12,1,24,0,0,22,0,22,0,11,34,1,46,22,0,22,68
11/13/2002,SGJ,FL,ASO,ES,Federal Contract Tower,0,13,17,1,31,0,0,81,5,86,0,13,98,6,117,148,0,148,265
11/14/2002,SGJ,FL,ASO,ES,Federal Contract Tower,0,11,32,4,47,0,10,152,9,171,0,21,184,13,218,266,24,290,508
11/15/2002,SGJ,FL,ASO,ES,Federal Contract Tower,0,13,35,2,50,0,3,122,2,127,0,16,157,4,177,324,0,324,501
11/16/2002,SGJ,FL,ASO,ES,Federal Contract Tower,0,10,12,0,22,0,0,23,0,23,0,10,35,0,45,72,0,72,117
11/17/2002,SGJ,FL,ASO,ES,Federal Contract Tower,0,10,18,0,28,0,1,15,1,17,0,11,33,1,45,20,0,20,65
11/18/2002,SGJ,FL,ASO,ES,Federal Contract Tower,0,14,28,2,44,0,0,113,2,115,0,14,141,4,159,128,18,146,305
11/19/2002,SGJ,FL,ASO,ES,Federal Contract Tower,0,22,22,2,46,0,0,153,16,169,0,22,175,18,215,154,0,154,369
11/20/2002,SGJ,FL,ASO,ES,Federal Contract Tower,0,4,19,1,24,0,0,148,10,158,0,4,167,11,182,124,24,148,330
11/21/2002,SGJ,FL,ASO,ES,Federal Contract Tower,0,10,42,4,56,0,1,66,22,89,0,11,108,26,145,150,34,184,329
11/22/2002,SGJ,FL,ASO,ES,Federal Contract Tower,0,14,16,0,30,0,0,110,8,118,0,14,126,8,148,197,16,213,361
11/23/2002,SGJ,FL,ASO,ES,Federal Contract Tower,0,0,11,0,11,0,0,177,0,177,0,0,188,0,188,256,0,256,444
11/24/2002,SGJ,FL,ASO,ES,Federal Contract Tower,0,11,22,0,33,0,0,155,0,155,0,11,177,0,188,172,0,172,360
11/25/2002,SGJ,FL,ASO,ES,Federal Contract Tower,0,2,15,0,17,0,0,107,4,111,0,2,122,4,128,142,0,142,270
11/26/2002,SGJ,FL,ASO,ES,Federal Contract Tower,0,12,19,1,32,0,1,118,36,155,0,13,137,37,187,144,20,164,351
11/27/2002,SGJ,FL,ASO,ES,Federal Contract Tower,0,5,41,2,48,0,0,130,0,130,0,5,171,2,178,138,0,138,316
11/28/2002,SGJ,FL,ASO,ES,Federal Contract Tower,0,1,14,0,15,0,0,76,0,76,0,1,90,0,91,20,0,20,111
11/29/2002,SGJ,FL,ASO,ES,Federal Contract Tower,0,2,13,0,15,0,0,135,0,135,0,2,148,0,150,118,0,118,268
11/30/2002,SGJ,FL,ASO,ES,Federal Contract Tower,0,4,27,0,31,0,0,101,0,101,0,4,128,0,132,80,0,80,212
12/01/2002,SGJ,FL,ASO,ES,Federal Contract Tower,0,10,22,0,32,0,0,138,2,140,0,10,160,2,172,138,0,138,310
12/02/2002,SGJ,FL,ASO,ES,Federal Contract Tower,0,6,22,4,32,0,0,101,3,104,0,6,123,7,136,100,4,104,240
12/03/2002,SGJ,FL,ASO,ES,Federal Contract Tower,0,3,19,1,23,0,0,110,4,114,0,3,129,5,137,206,2,208,345
12/04/2002,SGJ,FL,ASO,ES,Federal Contract Tower,0,5,20,0,25,0,0,68,2,70,0,5,88,2,95,78,20,98,193
12/05/2002,SGJ,FL,ASO,ES,Federal Contract Tower,0,5,18,3,26,0,0,10,8,18,0,5,28,11,44,0,94,94,138
12/06/2002,SGJ,FL,ASO,ES,Federal Contract Tower,0,7,34,1,42,0,0,10,1,11,0,7,44,2,53,40,6,46,99
12/07/2002,SGJ,FL,ASO,ES,Federal Contract Tower,0,2,21,1,24,0,0,110,1,111,0,2,131,2,135,160,0,160,295
12/08/2002,SGJ,FL,ASO,ES,Federal Contract Tower,0,0,19,4,23,0,7,112,3,122,0,7,131,7,145,232,2,234,379
12/09/2002,SGJ,FL,ASO,ES,Federal Contract Tower,0,4,29,3,36,0,0,39,4,43,0,4,68,7,79,156,0,156,235
12/10/2002,SGJ,FL,ASO,ES,Federal Contract Tower,0,2,16,0,18,0,0,0,0,0,0,2,16,0,18,0,0,0,18
12/11/2002,SGJ,FL,ASO,ES,Federal Contract Tower,0,4,32,2,38,0,0,62,0,62,0,4,94,2,100,136,4,140,240
12/12/2002,SGJ,FL,ASO,ES,Federal Contract Tower,0,8,17,3,28,0,0,104,6,110,0,8,121,9,138,112,18,130,268
12/13/2002,SGJ,FL,ASO,ES,Federal Contract Tower,0,2,13,2,17,0,2,11,1,14,0,4,24,3,31,0,8,8,39
12/14/2002,SGJ,FL,ASO,ES,Federal Contract Tower,0,2,13,0,15,0,1,82,2,85,0,3,95,2,100,174,0,174,274
12/15/2002,SGJ,FL,ASO,ES,Federal Contract Tower,0,9,13,1,23,0,0,100,6,106,0,9,113,7,129,149,4,153,282
12/16/2002,SGJ,FL,ASO,ES,Federal Contract Tower,0,3,18,2,23,0,0,123,3,126,0,3,141,5,149,114,2,116,265
12/17/2002,SGJ,FL,ASO,ES,Federal Contract Tower,0,8,22,1,31,0,2,117,10,129,0,10,139,11,160,122,8,130,290
12/18/2002,SGJ,FL,ASO,ES,Federal Contract Tower,0,2,21,4,27,0,0,41,2,43,0,2,62,6,70,34,0,34,104
12/19/2002,SGJ,FL,ASO,ES,Federal Contract Tower,0,1,25,2,28,0,0,82,3,85,0,1,107,5,113,152,0,152,265
12/20/2002,SGJ,FL,ASO,ES,Federal Contract Tower,0,2,26,0,28,0,0,53,0,53,0,2,79,0,81,32,0,32,113
12/21/2002,SGJ,FL,ASO,ES,Federal Contract Tower,0,8,24,0,32,0,0,142,2,144,0,8,166,2,176,104,0,104,280
12/22/2002,SGJ,FL,ASO,ES,Federal Contract Tower,0,2,12,0,14,0,0,146,0,146,0,2,158,0,160,200,0,200,360
12/23/2002,SGJ,FL,ASO,ES,Federal Contract Tower,0,2,13,0,15,0,0,119,0,119,0,2,132,0,134,146,0,146,280
12/24/2002,SGJ,FL,ASO,ES,Federal Contract Tower,0,0,6,0,6,0,0,3,0,3,0,0,9,0,9,0,0,0,9
12/25/2002,SGJ,FL,ASO,ES,Federal Contract Tower,0,0,2,0,2,0,0,8,0,8,0,0,10,0,10,0,0,0,10
12/26/2002,SGJ,FL,ASO,ES,Federal Contract Tower,0,4,24,0,28,0,0,105,0,105,0,4,129,0,133,98,0,98,231
12/27/2002,SGJ,FL,ASO,ES,Federal Contract Tower,0,7,27,0,34,0,0,162,0,162,0,7,189,0,196,170,0,170,366
12/28/2002,SGJ,FL,ASO,ES,Federal Contract Tower,0,5,26,0,31,0,0,194,0,194,0,5,220,0,225,196,0,196,421
12/29/2002,SGJ,FL,ASO,ES,Federal Contract Tower,0,2,24,0,26,0,0,206,4,210,0,2,230,4,236,204,0,204,440
12/30/2002,SGJ,FL,ASO,ES,Federal Contract Tower,0,1,31,3,35,0,0,142,7,149,0,1,173,10,184,110,18,128,312
12/31/2002,SGJ,FL,ASO,ES,Federal Contract Tower,0,7,18,0,25,0,0,55,0,55,0,7,73,0,80,78,0,78,158
01/01/2003,SGJ,FL,ASO,ES,Federal Contract Tower,0,3,13,0,16,0,0,35,0,35,0,3,48,0,51,8,0,8,59
01/02/2003,SGJ,FL,ASO,ES,Federal Contract Tower,0,5,22,0,27,0,0,96,7,103,0,5,118,7,130,132,41,173,303
01/03/2003,SGJ,FL,ASO,ES,Federal Contract Tower,0,4,20,3,27,0,1,44,2,47,0,5,64,5,74,54,2,56,130
01/04/2003,SGJ,FL,ASO,ES,Federal Contract Tower,0,5,17,2,24,0,0,193,6,199,0,5,210,8,223,180,18,198,421
01/05/2003,SGJ,FL,ASO,ES,Federal Contract Tower,0,3,20,0,23,0,0,193,6,199,0,3,213,6,222,138,0,138,360
01/06/2003,SGJ,FL,ASO,ES,Federal Contract Tower,0,6,10,0,16,0,0,89,4,93,0,6,99,4,109,116,0,116,225
01/07/2003,SGJ,FL,ASO,ES,Federal Contract Tower,0,10,13,2,25,0,0,83,10,93,0,10,96,12,118,118,16,134,252
01/08/2003,SGJ,FL,ASO,ES,Federal Contract Tower,0,6,19,2,27,0,0,79,6,85,0,6,98,8,112,74,2,76,188
01/09/2003,SGJ,FL,ASO,ES,Federal Contract Tower,0,2,21,1,24,0,0,109,9,118,0,2,130,10,142,126,4,130,272
01/10/2003,SGJ,FL,ASO,ES,Federal Contract Tower,0,1,27,1,29,0,0,68,4,72,0,1,95,5,101,106,4,110,211
01/11/2003,SGJ,FL,ASO,ES,Federal Contract Tower,0,7,12,0,19,0,0,192,7,199,0,7,204,7,218,178,2,180,398
01/12/2003,SGJ,FL,ASO,ES,Federal Contract Tower,0,8,16,2,26,0,0,87,0,87,0,8,103,2,113,90,0,90,203
01/13/2003,SGJ,FL,ASO,ES,Federal Contract Tower,0,1,17,1,19,0,0,40,2,42,0,1,57,3,61,24,0,24,85
01/14/2003,SGJ,FL,ASO,ES,Federal Contract Tower,0,5,11,6,22,0,0,134,11,145,0,5,145,17,167,170,18,188,355
01/15/2003,SGJ,FL,ASO,ES,Federal Contract Tower,0,9,21,3,33,0,0,131,6,137,0,9,152,9,170,123,24,147,317
01/16/2003,SGJ,FL,ASO,ES,Federal Contract Tower,0,5,24,4,33,0,0,168,7,175,0,5,192,11,208,158,4,162,370
01/17/2003,SGJ,FL,ASO,ES,Federal Contract Tower,0,3,16,0,19,0,7,62,0,69,0,10,78,0,88,70,4,74,162
01/18/2003,SGJ,FL,ASO,ES,Federal Contract Tower,0,0,20,0,20,0,0,160,0,160,0,0,180,0,180,218,0,218,398
01/19/2003,SGJ,FL,ASO,ES,Federal Contract Tower,0,3,12,2,17,0,0,129,2,131,0,3,141,4,148,102,0,102,250
01/20/2003,SGJ,FL,ASO,ES,Federal Contract Tower,0,8,27,0,35,0,0,125,0,125,0,8,152,0,160,110,0,110,270
01/21/2003,SGJ,FL,ASO,ES,Federal Contract Tower,0,5,18,3,26,0,0,121,11,132,0,5,139,14,158,158,8,166,324
01/22/2003,SGJ,FL,ASO,ES,Federal Contract Tower,0,2,33,6,41,0,0,51,4,55,0,2,84,10,96,34,0,34,130
01/23/2003,SGJ,FL,ASO,ES,Federal Contract Tower,0,1,7,1,9,0,1,33,0,34,0,2,40,1,43,24,2,26,69
01/24/2003,SGJ,FL,ASO,ES,Federal Contract Tower,0,4,24,0,28,0,1,53,2,56,0,5,77,2,84,48,0,48,132
01/25/2003,SGJ,FL,ASO,ES,Federal Contract Tower,0,3,21,0,24,0,0,165,2,167,0,3,186,2,191,150,4,154,345
01/26/2003,SGJ,FL,ASO,ES,Federal Contract Tower,0,4,9,1,14,0,0,159,2,161,0,4,168,3,175,150,0,150,325
01/27/2003,SGJ,FL,ASO,ES,Federal Contract Tower,0,3,15,4,22,0,0,84,12,96,0,3,99,16,118,42,0,42,160
01/28/2003,SGJ,FL,ASO,ES,Federal Contract Tower,0,13,8,4,25,0,0,136,13,149,0,13,144,17,174,115,28,143,317
01/29/2003,SGJ,FL,ASO,ES,Federal Contract Tower,0,1,14,0,15,0,0,146,5,151,0,1,160,5,166,176,16,192,358
01/30/2003,SGJ,FL,ASO,ES,Federal Contract Tower,0,0,16,1,17,0,0,143,9,152,0,0,159,10,169,162,16,178,347
01/31/2003,SGJ,FL,ASO,ES,Federal Contract Tower,0,2,34,0,36,0,0,5,0,5,0,2,39,0,41,0,0,0,41
02/01/2003,SGJ,FL,ASO,ES,Federal Contract Tower,0,3,33,2,38,0,0,122,0,122,0,3,155,2,160,128,0,128,288
02/02/2003,SGJ,FL,ASO,ES,Federal Contract Tower,0,0,15,5,20,0,0,199,0,199,0,0,214,5,219,206,0,206,425
02/03/2003,SGJ,FL,ASO,ES,Federal Contract Tower,0,3,27,1,31,0,0,127,4,131,0,3,154,5,162,244,14,258,420
02/04/2003,SGJ,FL,ASO,ES,Federal Contract Tower,0,7,27,6,40,0,0,19,6,25,0,7,46,12,65,14,24,38,103
02/05/2003,SGJ,FL,ASO,ES,Federal Contract Tower,0,3,25,2,30,0,0,168,0,168,0,3,193,2,198,214,0,214,412
02/06/2003,SGJ,FL,ASO,ES,Federal Contract Tower,0,6,27,6,39,0,0,134,7,141,0,6,161,13,180,176,6,182,362
02/07/2003,SGJ,FL,ASO,ES,Federal Contract Tower,0,3,28,5,36,0,0,12,1,13,0,3,40,6,49,30,0,30,79
02/08/2003,SGJ,FL,ASO,ES,Federal Contract Tower,0,4,18,1,23,0,4,121,1,126,0,8,139,2,149,178,0,178,327
02/09/2003,SGJ,FL,ASO,ES,Federal Contract Tower,0,4,35,1,40,0,0,6,0,6,0,4,41,1,46,0,0,0,46
02/10/2003,SGJ,FL,ASO,ES,Federal Contract Tower,0,12,14,1,27,0,0,42,0,42,0,12,56,1,69,18,0,18,87
02/11/2003,SGJ,FL,ASO,ES,Federal Contract Tower,0,1,23,3,27,0,0,138,8,146,0,1,161,11,173,246,0,246,419
02/12/2003,SGJ,FL,ASO,ES,Federal Contract Tower,0,11,27,1,39,0,0,175,14,189,0,11,202,15,228,232,4,236,464
02/13/2003,SGJ,FL,ASO,ES,Federal Contract Tower,0,9,24,4,37,0,0,124,0,124,0,9,148,4,161,252,0,252,413
02/14/2003,SGJ,FL,ASO,ES,Federal Contract Tower,0,11,35,0,46,0,0,168,1,169,0,11,203,1,215,269,0,269,484
02/15/2003,SGJ,FL,ASO,ES,Federal Contract Tower,0,7,40,2,49,0,0,168,1,169,0,7,208,3,218,194,2,196,414
02/16/2003,SGJ,FL,ASO,ES,Federal Contract Tower,0,9,22,0,31,0,5,9,0,14,0,14,31,0,45,30,2,32,77
02/17/2003,SGJ,FL,ASO,ES,Federal Contract Tower,0,5,39,0,44,0,0,53,2,55,0,5,92,2,99,156,0,156,255
02/18/2003,SGJ,FL,ASO,ES,Federal Contract Tower,0,11,31,4,46,0,0,145,7,152,0,11,176,11,198,334,10,344,542
02/19/2003,SGJ,FL,ASO,ES,Federal Contract Tower,0,4,43,2,49,0,2,200,5,207,0,6,243,7,256,286,0,286,542
02/20/2003,SGJ,FL,ASO,ES,Federal Contract Tower,0,2,48,5,55,0,0,37,1,38,0,2,85,6,93,40,0,40,133
02/21/2003,SGJ,FL,ASO,ES,Federal Contract Tower,0,11,24,1,36,0,15,0,0,15,0,26,24,1,51,4,0,4,55
02/22/2003,SGJ,FL,ASO,ES,Federal Contract Tower,0,0,18,0,18,0,0,10,0,10,0,0,28,0,28,4,0,4,32
02/23/2003,SGJ,FL,ASO,ES,Federal Contract Tower,0,3,16,0,19,0,0,183,4,187,0,3,199,4,206,220,4,224,430
02/24/2003,SGJ,FL,ASO,ES,Federal Contract Tower,0,5,25,3,33,0,0,140,12,152,0,5,165,15,185,248,12,260,445
02/25/2003,SGJ,FL,ASO,ES,Federal Contract Tower,0,2,20,2,24,0,0,138,30,168,0,2,158,32,192,334,5,339,531
02/26/2003,SGJ,FL,ASO,ES,Federal Contract Tower,0,10,20,2,32,0,0,141,5,146,0,10,161,7,178,164,10,174,352
02/27/2003,SGJ,FL,ASO,ES,Federal Contract Tower,0,7,22,3,32,0,0,39,0,39,0,7,61,3,71,76,8,84,155
02/28/2003,SGJ,FL,ASO,ES,Federal Contract Tower,0,3,22,6,31,0,0,0,0,0,0,3,22,6,31,0,0,0,31
03/01/2003,SGJ,FL,ASO,ES,Federal Contract Tower,0,6,11,0,17,0,0,0,0,0,0,6,11,0,17,0,0,0,17
03/02/2003,SGJ,FL,ASO,ES,Federal Contract Tower,0,1,21,0,22,0,0,69,0,69,0,1,90,0,91,126,0,126,217
03/03/2003,SGJ,FL,ASO,ES,Federal Contract Tower,0,21,31,0,52,0,0,67,12,79,0,21,98,12,131,126,16,142,273
03/04/2003,SGJ,FL,ASO,ES,Federal Contract Tower,0,2,16,0,18,0,0,1,0,1,0,2,17,0,19,0,0,0,19
03/05/2003,SGJ,FL,ASO,ES,Federal Contract Tower,0,3,32,1,36,0,0,89,5,94,0,3,121,6,130,158,14,172,302
03/06/2003,SGJ,FL,ASO,ES,Federal Contract Tower,0,2,19,1,22,0,0,153,12,165,0,2,172,13,187,184,0,184,371
03/07/2003,SGJ,FL,ASO,ES,Federal Contract Tower,0,3,34,1,38,0,0,7,0,7,0,3,41,1,45,0,0,0,45
03/08/2003,SGJ,FL,ASO,ES,Federal Contract Tower,0,3,55,0,58,0,0,31,1,32,0,3,86,1,90,122,0,122,212
03/09/2003,SGJ,FL,ASO,ES,Federal Contract Tower,0,2,8,0,10,0,0,32,0,32,0,2,40,0,42,22,0,22,64
03/10/2003,SGJ,FL,ASO,ES,Federal Contract Tower,0,7,19,2,28,0,6,183,10,199,0,13,202,12,227,263,4,267,494
03/11/2003,SGJ,FL,ASO,ES,Federal Contract Tower,0,5,33,1,39,0,1,188,32,221,0,6,221,33,260,276,8,284,544
03/12/2003,SGJ,FL,ASO,ES,Federal Contract Tower,0,4,25,0,29,0,0,195,18,213,0,4,220,18,242,274,40,314,556
03/13/2003,SGJ,FL,ASO,ES,Federal Contract Tower,0,3,30,0,33,0,0,93,3,96,0,3,123,3,129,140,16,156,285
03/14/2003,SGJ,FL,ASO,ES,Federal Contract Tower,0,9,33,1,43,0,0,138,0,138,0,9,171,1,181,100,0,100,281
03/15/2003,SGJ,FL,ASO,ES,Federal Contract Tower,0,3,31,0,34,0,0,51,2,53,0,3,82,2,87,144,0,144,231
03/16/2003,SGJ,FL,ASO,ES,Federal Contract Tower,0,4,39,0,43,0,0,3,0,3,0,4,42,0,46,0,0,0,46
03/17/2003,SGJ,FL,ASO,ES,Federal Contract Tower,0,1,22,1,24,0,0,105,8,113,0,1,127,9,137,206,12,218,355
03/18/2003,SGJ,FL,ASO,ES,Federal Contract Tower,0,5,21,1,27,0,1,122,15,138,0,6,143,16,165,102,2,104,269
03/19/2003,SGJ,FL,ASO,ES,Federal Contract Tower,0,3,26,2,31,0,0,119,4,123,0,3,145,6,154,152,0,152,306
03/20/2003,SGJ,FL,ASO,ES,Federal Contract Tower,0,4,24,0,28,0,0,46,2,48,0,4,70,2,76,16,0,16,92
03/21/2003,SGJ,FL,ASO,ES,Federal Contract Tower,0,3,29,0,32,0,0,75,2,77,0,3,104,2,109,128,0,128,237
03/22/2003,SGJ,FL,ASO,ES,Federal Contract Tower,0,3,29,0,32,0,0,236,4,240,0,3,265,4,272,262,4,266,538
03/23/2003,SGJ,FL,ASO,ES,Federal Contract Tower,0,11,38,0,49,0,0,61,8,69,0,11,99,8,118,126,0,126,244
03/24/2003,SGJ,FL,ASO,ES,Federal Contract Tower,0,15,30,2,47,0,0,152,27,179,0,15,182,29,226,178,16,194,420
03/25/2003,SGJ,FL,ASO,ES,Federal Contract Tower,0,29,31,1,61,0,3,153,6,162,0,32,184,7,223,220,0,220,443
03/26/2003,SGJ,FL,ASO,ES,Federal Contract Tower,0,8,29,1,38,0,0,147,16,163,0,8,176,17,201,192,12,204,405
03/27/2003,SGJ,FL,ASO,ES,Federal Contract Tower,0,6,33,1,40,0,0,42,4,46,0,6,75,5,86,14,0,14,100
03/28/2003,SGJ,FL,ASO,ES,Federal Contract Tower,0,16,54,1,71,0,3,105,4,112,0,19,159,5,183,122,0,122,305
03/29/2003,SGJ,FL,ASO,ES,Federal Contract Tower,0,10,33,0,43,0,5,183,0,188,0,15,216,0,231,242,0,242,473
03/30/2003,SGJ,FL,ASO,ES,Federal Contract Tower,0,53,21,0,74,0,0,18,0,18,0,53,39,0,92,14,0,14,106
03/31/2003,SGJ,FL,ASO,ES,Federal Contract Tower,0,29,26,1,56,0,3,139,4,146,0,32,165,5,202,130,2,132,334
04/01/2003,SGJ,FL,ASO,ES,Federal Contract Tower,0,9,24,1,34,0,3,207,15,225,0,12,231,16,259,248,24,272,531
04/02/2003,SGJ,FL,ASO,ES,Federal Contract Tower,0,13,20,0,33,0,0,217,6,223,0,13,237,6,256,204,0,204,460
04/03/2003,SGJ,FL,ASO,ES,Federal Contract Tower,0,8,27,0,35,0,0,223,11,234,0,8,250,11,269,202,14,216,485
04/04/2003,SGJ,FL,ASO,ES,Federal Contract Tower,0,11,21,1,33,0,0,129,5,134,0,11,150,6,167,178,2,180,347
04/05/2003,SGJ,FL,ASO,ES,Federal Contract Tower,0,2,9,0,11,0,0,229,0,229,0,2,238,0,240,286,0,286,526
04/06/2003,SGJ,FL,ASO,ES,Federal Contract Tower,0,9,32,2,43,0,0,183,0,183,0,9,215,2,226,252,0,252,478
04/07/2003,SGJ,FL,ASO,ES,Federal Contract Tower,0,17,28,0,45,0,0,113,7,120,0,17,141,7,165,214,36,250,415
04/08/2003,SGJ,FL,ASO,ES,Federal Contract Tower,0,5,27,0,32,0,1,93,2,96,0,6,120,2,128,264,8,272,400
04/09/2003,SGJ,FL,ASO,ES,Federal Contract Tower,0,15,44,0,59,0,0,52,1,53,0,15,96,1,112,126,4,130,242
04/10/2003,SGJ,FL,ASO,ES,Federal Contract Tower,0,23,16,1,40,0,4,90,8,102,0,27,106,9,142,228,0,228,370
04/11/2003,SGJ,FL,ASO,ES,Federal Contract Tower,0,18,17,2,37,0,1,135,2,138,0,19,152,4,175,252,2,254,429
04/12/2003,SGJ,FL,ASO,ES,Federal Contract Tower,0,6,23,0,29,0,0,287,4,291,0,6,310,4,320,322,0,322,642
04/13/2003,SGJ,FL,ASO,ES,Federal Contract Tower,0,16,19,2,37,0,0,194,2,196,0,16,213,4,233,208,0,208,441
04/14/2003,SGJ,FL,ASO,ES,Federal Contract Tower,0,25,5,0,30,0,0,162,8,170,0,25,167,8,200,292,14,306,506
04/15/2003,SGJ,FL,ASO,ES,Federal Contract Tower,0,23,16,0,39,0,3,108,0,111,0,26,124,0,150,148,0,148,298
04/16/2003,SGJ,FL,ASO,ES,Federal Contract Tower,0,15,17,0,32,0,1,115,12,128,0,16,132,12,160,186,12,198,358
04/17/2003,SGJ,FL,ASO,ES,Federal Contract Tower,0,19,34,3,56,0,2,160,7,169,0,21,194,10,225,302,28,330,555
04/18/2003,SGJ,FL,ASO,ES,Federal Contract Tower,0,18,25,1,44,0,0,162,6,168,0,18,187,7,212,242,0,242,454
04/19/2003,SGJ,FL,ASO,ES,Federal Contract Tower,0,8,26,0,34,0,1,188,8,197,0,9,214,8,231,312,0,312,543
04/20/2003,SGJ,FL,ASO,ES,Federal Contract Tower,0,6,29,0,35,0,0,111,2,113,0,6,140,2,148,202,0,202,350
04/21/2003,SGJ,FL,ASO,ES,Federal Contract Tower,0,17,16,0,33,0,0,154,6,160,0,17,170,6,193,296,0,296,489
04/22/2003,SGJ,FL,ASO,ES,Federal Contract Tower,0,14,21,0,35,0,4,95,5,104,0,18,116,5,139,275,12,287,426
04/23/2003,SGJ,FL,ASO,ES,Federal Contract Tower,0,18,17,0,35,0,0,144,9,153,0,18,161,9,188,292,8,300,488
04/24/2003,SGJ,FL,ASO,ES,Federal Contract Tower,0,15,29,0,44,0,1,158,20,179,0,16,187,20,223,290,38,328,551
04/25/2003,SGJ,FL,ASO,ES,Federal Contract Tower,0,8,12,1,21,0,2,52,6,60,0,10,64,7,81,135,2,137,218
04/26/2003,SGJ,FL,ASO,ES,Federal Contract Tower,0,8,22,0,30,0,0,106,6,112,0,8,128,6,142,144,0,144,286
04/27/2003,SGJ,FL,ASO,ES,Federal Contract Tower,0,24,21,0,45,0,0,189,0,189,0,24,210,0,234,210,0,210,444
04/28/2003,SGJ,FL,ASO,ES,Federal Contract Tower,0,23,25,1,49,0,0,127,24,151,0,23,152,25,200,200,12,212,412
04/29/2003,SGJ,FL,ASO,ES,Federal Contract Tower,0,18,13,1,32,0,5,165,19,189,0,23,178,20,221,216,46,262,483
04/30/2003,SGJ,FL,ASO,ES,Federal Contract Tower,0,24,27,3,54,0,0,123,6,129,0,24,150,9,183,170,12,182,365
05/01/2003,SGJ,FL,ASO,ES,Federal Contract Tower,0,11,28,3,42,0,0,40,12,52,0,11,68,15,94,88,24,112,206
05/02/2003,SGJ,FL,ASO,ES,Federal Contract Tower,0,15,23,3,41,0,3,144,0,147,0,18,167,3,188,160,2,162,350
05/03/2003,SGJ,FL,ASO,ES,Federal Contract Tower,0,5,18,0,23,0,0,211,2,213,0,5,229,2,236,232,0,232,468
05/04/2003,SGJ,FL,ASO,ES,Federal Contract Tower,0,22,12,1,35,0,0,146,2,148,0,22,158,3,183,168,0,168,351
05/05/2003,SGJ,FL,ASO,ES,Federal Contract Tower,0,10,19,0,29,0,0,127,4,131,0,10,146,4,160,204,0,204,364
05/06/2003,SGJ,FL,ASO,ES,Federal Contract Tower,0,16,13,1,30,0,2,133,10,145,0,18,146,11,175,198,18,216,391
05/07/2003,SGJ,FL,ASO,ES,Federal Contract Tower,0,14,31,3,48,0,3,149,10,162,0,17,180,13,210,240,7,247,457
05/08/2003,SGJ,FL,ASO,ES,Federal Contract Tower,0,14,17,2,33,0,0,130,12,142,0,14,147,14,175,278,22,300,475
05/09/2003,SGJ,FL,ASO,ES,Federal Contract Tower,0,19,30,2,51,0,0,184,7,191,0,19,214,9,242,226,0,226,468
05/10/2003,SGJ,FL,ASO,ES,Federal Contract Tower,0,8,28,1,37,0,0,156,0,156,0,8,184,1,193,110,0,110,303
05/11/2003,SGJ,FL,ASO,ES,Federal Contract Tower,0,8,33,4,45,0,0,117,0,117,0,8,150,4,162,60,0,60,222
05/12/2003,SGJ,FL,ASO,ES,Federal Contract Tower,0,15,32,0,47,0,0,86,6,92,0,15,118,6,139,100,8,108,247
05/13/2003,SGJ,FL,ASO,ES,Federal Contract Tower,0,15,19,0,34,0,0,147,0,147,0,15,166,0,181,216,0,216,397
05/14/2003,SGJ,FL,ASO,ES,Federal Contract Tower,0,11,16,0,27,0,2,199,6,207,0,13,215,6,234,204,6,210,444
05/15/2003,SGJ,FL,ASO,ES,Federal Contract Tower,0,22,16,0,38,0,1,129,7,137,0,23,145,7,175,136,2,138,313
05/16/2003,SGJ,FL,ASO,ES,Federal Contract Tower,0,19,14,0,33,0,8,136,8,152,0,27,150,8,185,152,4,156,341
05/17/2003,SGJ,FL,ASO,ES,Federal Contract Tower,0,12,18,2,32,0,0,129,0,129,0,12,147,2,161,110,0,110,271
05/18/2003,SGJ,FL,ASO,ES,Federal Contract Tower,0,21,18,0,39,0,0,119,4,123,0,21,137,4,162,126,0,126,288
05/19/2003,SGJ,FL,ASO,ES,Federal Contract Tower,0,12,11,1,24,0,0,66,2,68,0,12,77,3,92,54,0,54,146
05/20/2003,SGJ,FL,ASO,ES,Federal Contract Tower,0,8,18,0,26,0,0,60,4,64,0,8,78,4,90,34,0,34,124
05/21/2003,SGJ,FL,ASO,ES,Federal Contract Tower,0,15,15,0,30,0,0,122,3,125,0,15,137,3,155,302,0,302,457
05/22/2003,SGJ,FL,ASO,ES,Federal Contract Tower,0,17,9,1,27,0,1,43,2,46,0,18,52,3,73,100,0,100,173
05/23/2003,SGJ,FL,ASO,ES,Federal Contract Tower,0,22,12,1,35,0,0,78,1,79,0,22,90,2,114,82,0,82,196
05/24/2003,SGJ,FL,ASO,ES,Federal Contract Tower,0,16,14,0,30,0,0,211,0,211,0,16,225,0,241,142,0,142,383
05/25/2003,SGJ,FL,ASO,ES,Federal Contract Tower,0,9,11,0,20,0,0,93,0,93,0,9,104,0,113,34,0,34,147
05/26/2003,SGJ,FL,ASO,ES,Federal Contract Tower,0,9,23,0,32,0,0,152,0,152,0,9,175,0,184,132,0,132,316
05/27/2003,SGJ,FL,ASO,ES,Federal Contract Tower,0,15,13,0,28,0,0,106,8,114,0,15,119,8,142,128,0,128,270
05/28/2003,SGJ,FL,ASO,ES,Federal Contract Tower,0,16,25,0,41,0,3,113,18,134,0,19,138,18,175,146,18,164,339
05/29/2003,SGJ,FL,ASO,ES,Federal Contract Tower,0,14,14,0,28,0,6,112,10,128,0,20,126,10,156,148,8,156,312
05/30/2003,SGJ,FL,ASO,ES,Federal Contract Tower,0,11,15,0,26,0,0,146,2,148,0,11,161,2,174,130,6,136,310
05/31/2003,SGJ,FL,ASO,ES,Federal Contract Tower,0,12,7,0,19,0,0,120,2,122,0,12,127,2,141,92,0,92,233
06/01/2003,SGJ,FL,ASO,ES,Federal Contract Tower,0,10,29,4,43,0,3,39,2,44,0,13,68,6,87,20,0,20,107
06/02/2003,SGJ,FL,ASO,ES,Federal Contract Tower,0,16,22,2,40,0,2,67,9,78,0,18,89,11,118,66,11,77,195
06/03/2003,SGJ,FL,ASO,ES,Federal Contract Tower,0,9,10,1,20,0,1,86,8,95,0,10,96,9,115,146,0,146,261
06/04/2003,SGJ,FL,ASO,ES,Federal Contract Tower,0,7,9,0,16,0,0,53,5,58,0,7,62,5,74,102,10,112,186
06/05/2003,SGJ,FL,ASO,ES,Federal Contract Tower,0,16,13,0,29,0,0,92,8,100,0,16,105,8,129,100,4,104,233
06/06/2003,SGJ,FL,ASO,ES,Federal Contract Tower,0,24,3,2,29,0,3,88,0,91,0,27,91,2,120,178,0,178,298
06/07/2003,SGJ,FL,ASO,ES,Federal Contract Tower,0,7,15,0,22,0,0,81,11,92,0,7,96,11,114,116,0,116,230
06/08/2003,SGJ,FL,ASO,ES,Federal Contract Tower,0,16,23,0,39,0,0,35,0,35,0,16,58,0,74,40,0,40,114
06/09/2003,SGJ,FL,ASO,ES,Federal Contract Tower,0,11,23,0,34,0,0,115,2,117,0,11,138,2,151,116,10,126,277
06/10/2003,SGJ,FL,ASO,ES,Federal Contract Tower,0,9,14,1,24,0,0,110,12,122,0,9,124,13,146,253,84,337,483
06/11/2003,SGJ,FL,ASO,ES,Federal Contract Tower,0,12,22,3,37,0,2,122,5,129,0,14,144,8,166,106,54,160,326
06/12/2003,SGJ,FL,ASO,ES,Federal Contract Tower,0,7,27,1,35,0,0,102,4,106,0,7,129,5,141,82,16,98,239
06/13/2003,SGJ,FL,ASO,ES,Federal Contract Tower,0,11,17,0,28,0,25,99,8,132,0,36,116,8,160,150,18,168,328
06/14/2003,SGJ,FL,ASO,ES,Federal Contract Tower,0,6,17,0,23,0,0,122,0,122,0,6,139,0,145,180,0,180,325
06/15/2003,SGJ,FL,ASO,ES,Federal Contract Tower,0,4,25,0,29,0,0,109,5,114,0,4,134,5,143,178,2,180,323
06/16/2003,SGJ,FL,ASO,ES,Federal Contract Tower,0,5,20,0,25,0,0,92,5,97,0,5,112,5,122,94,14,108,230
06/17/2003,SGJ,FL,ASO,ES,Federal Contract Tower,0,13,21,0,34,0,18,107,12,137,0,31,128,12,171,182,26,208,379
06/18/2003,SGJ,FL,ASO,ES,Federal Contract Tower,0,6,17,0,23,0,0,94,11,105,0,6,111,11,128,116,8,124,252
06/19/2003,SGJ,FL,ASO,ES,Federal Contract Tower,0,6,33,0,39,0,0,32,8,40,0,6,65,8,79,38,32,70,149
06/20/2003,SGJ,FL,ASO,ES,Federal Contract Tower,0,16,18,1,35,0,0,12,2,14,0,16,30,3,49,6,6,12,61
06/21/2003,SGJ,FL,ASO,ES,Federal Contract Tower,0,6,26,1,33,0,0,88,2,90,0,6,114,3,123,104,0,104,227
06/22/2003,SGJ,FL,ASO,ES,Federal Contract Tower,0,7,36,0,43,0,0,69,2,71,0,7,105,2,114,88,0,88,202
06/23/2003,SGJ,FL,ASO,ES,Federal Contract Tower,0,8,13,0,21,0,3,142,5,150,0,11,155,5,171,164,20,184,355
06/24/2003,SGJ,FL,ASO,ES,Federal Contract Tower,0,18,13,0,31,0,1,128,7,136,0,19,141,7,167,144,12,156,323
06/25/2003,SGJ,FL,ASO,ES,Federal Contract Tower,0,6,21,5,32,0,0,120,2,122,0,6,141,7,154,72,0,72,226
06/26/2003,SGJ,FL,ASO,ES,Federal Contract Tower,0,8,27,1,36,0,1,110,12,123,0,9,137,13,159,82,6,88,247
06/27/2003,SGJ,FL,ASO,ES,Federal Contract Tower,0,19,28,3,50,0,1,93,11,105,0,20,121,14,155,136,0,136,291
06/28/2003,SGJ,FL,ASO,ES,Federal Contract Tower,0,1,16,0,17,0,0,97,0,97,0,1,113,0,114,98,0,98,212
06/29/2003,SGJ,FL,ASO,ES,Federal Contract Tower,0,7,25,0,32,0,0,56,0,56,0,7,81,0,88,96,0,96,184
06/30/2003,SGJ,FL,ASO,ES,Federal Contract Tower,0,9,20,0,29,0,0,85,2,87,0,9,105,2,116,156,26,182,298
07/01/2003,SGJ,FL,ASO,ES,Federal Contract Tower,0,8,23,1,32,0,2,116,5,123,0,10,139,6,155,82,0,82,237
07/02/2003,SGJ,FL,ASO,ES,Federal Contract Tower,0,13,20,1,34,0,6,82,16,104,0,19,102,17,138,130,118,248,386
07/03/2003,SGJ,FL,ASO,ES,Federal Contract Tower,0,5,30,0,35,0,0,94,0,94,0,5,124,0,129,102,5,107,236
07/04/2003,SGJ,FL,ASO,ES,Federal Contract Tower,0,0,20,0,20,0,0,102,0,102,0,0,122,0,122,104,0,104,226
07/05/2003,SGJ,FL,ASO,ES,Federal Contract Tower,0,2,16,0,18,0,0,145,0,145,0,2,161,0,163,104,0,104,267
07/06/2003,SGJ,FL,ASO,ES,Federal Contract Tower,0,11,22,0,33,0,0,126,0,126,0,11,148,0,159,126,0,126,285
07/07/2003,SGJ,FL,ASO,ES,Federal Contract Tower,0,8,20,3,31,0,0,116,6,122,0,8,136,9,153,160,0,160,313
07/08/2003,SGJ,FL,ASO,ES,Federal Contract Tower,0,5,15,7,27,0,1,116,1,118,0,6,131,8,145,110,60,170,315
07/09/2003,SGJ,FL,ASO,ES,Federal Contract Tower,0,5,17,2,24,0,0,96,5,101,0,5,113,7,125,126,28,154,279
07/10/2003,SGJ,FL,ASO,ES,Federal Contract Tower,0,3,12,0,15,0,0,96,0,96,0,3,108,0,111,100,0,100,211
07/11/2003,SGJ,FL,ASO,ES,Federal Contract Tower,0,6,26,0,32,0,0,97,10,107,0,6,123,10,139,66,4,70,209
07/12/2003,SGJ,FL,ASO,ES,Federal Contract Tower,0,6,32,3,41,0,0,154,4,158,0,6,186,7,199,72,0,72,271
07/13/2003,SGJ,FL,ASO,ES,Federal Contract Tower,0,7,12,0,19,0,0,40,4,44,0,7,52,4,63,34,4,38,101
07/14/2003,SGJ,FL,ASO,ES,Federal Contract Tower,0,5,19,0,24,0,0,54,2,56,0,5,73,2,80,80,6,86,166
07/15/2003,SGJ,FL,ASO,ES,Federal Contract Tower,0,6,16,5,27,0,0,64,6,70,0,6,80,11,97,98,0,98,195
07/16/2003,SGJ,FL,ASO,ES,Federal Contract Tower,0,4,27,2,33,0,0,106,9,115,0,4,133,11,148,214,0,214,362
07/17/2003,SGJ,FL,ASO,ES,Federal Contract Tower,0,0,24,1,25,0,0,116,4,120,0,0,140,5,145,166,30,196,341
07/18/2003,SGJ,FL,ASO,ES,Federal Contract Tower,0,2,17,0,19,0,0,89,7,96,0,2,106,7,115,82,8,90,205
07/19/2003,SGJ,FL,ASO,ES,Federal Contract Tower,0,1,10,0,11,0,0,158,8,166,0,1,168,8,177,106,0,106,283
07/20/2003,SGJ,FL,ASO,ES,Federal Contract Tower,0,8,17,0,25,0,0,81,1,82,0,8,98,1,107,94,0,94,201
07/21/2003,SGJ,FL,ASO,ES,Federal Contract Tower,0,7,25,0,32,0,0,77,3,80,0,7,102,3,112,82,2,84,196
07/22/2003,SGJ,FL,ASO,ES,Federal Contract Tower,0,8,22,3,33,0,1,62,2,65,0,9,84,5,98,94,40,134,232
07/23/2003,SGJ,FL,ASO,ES,Federal Contract Tower,0,11,26,3,40,0,0,93,9,102,0,11,119,12,142,44,32,76,218
07/24/2003,SGJ,FL,ASO,ES,Federal Contract Tower,0,9,39,0,48,0,0,108,18,126,0,9,147,18,174,114,20,134,308
07/25/2003,SGJ,FL,ASO,ES,Federal Contract Tower,0,8,34,0,42,0,0,45,1,46,0,8,79,1,88,26,0,26,114
07/26/2003,SGJ,FL,ASO,ES,Federal Contract Tower,0,7,25,0,32,0,0,160,0,160,0,7,185,0,192,122,0,122,314
07/27/2003,SGJ,FL,ASO,ES,Federal Contract Tower,0,7,29,0,36,0,0,129,4,133,0,7,158,4,169,122,0,122,291
07/28/2003,SGJ,FL,ASO,ES,Federal Contract Tower,0,13,22,0,35,0,4,61,12,77,0,17,83,12,112,102,12,114,226
07/29/2003,SGJ,FL,ASO,ES,Federal Contract Tower,0,11,19,1,31,0,1,118,12,131,0,12,137,13,162,142,20,162,324
07/30/2003,SGJ,FL,ASO,ES,Federal Contract Tower,0,15,19,1,35,0,0,77,3,80,0,15,96,4,115,92,4,96,211
07/31/2003,SGJ,FL,ASO,ES,Federal Contract Tower,0,16,21,1,38,0,0,98,4,102,0,16,119,5,140,126,16,142,282
08/01/2003,SGJ,FL,ASO,ES,Federal Contract Tower,0,16,15,3,34,0,0,123,3,126,0,16,138,6,160,108,0,108,268
08/02/2003,SGJ,FL,ASO,ES,Federal Contract Tower,0,9,23,0,32,0,0,108,1,109,0,9,131,1,141,198,0,198,339
08/03/2003,SGJ,FL,ASO,ES,Federal Contract Tower,0,20,22,0,42,0,0,77,0,77,0,20,99,0,119,46,0,46,165
08/04/2003,SGJ,FL,ASO,ES,Federal Contract Tower,0,16,21,1,38,0,0,63,2,65,0,16,84,3,103,80,6,86,189
08/05/2003,SGJ,FL,ASO,ES,Federal Contract Tower,0,9,17,0,26,0,0,83,2,85,0,9,100,2,111,98,14,112,223
08/06/2003,SGJ,FL,ASO,ES,Federal Contract Tower,0,9,19,0,28,0,3,74,3,80,0,12,93,3,108,90,4,94,202
08/07/2003,SGJ,FL,ASO,ES,Federal Contract Tower,0,1,19,6,26,0,0,62,0,62,0,1,81,6,88,68,44,112,200
08/08/2003,SGJ,FL,ASO,ES,Federal Contract Tower,0,10,17,9,36,0,0,62,4,66,0,10,79,13,102,152,8,160,262
08/09/2003,SGJ,FL,ASO,ES,Federal Contract Tower,0,5,26,4,35,0,0,41,2,43,0,5,67,6,78,40,0,40,118
08/10/2003,SGJ,FL,ASO,ES,Federal Contract Tower,0,12,19,0,31,0,2,55,0,57,0,14,74,0,88,110,0,110,198
08/11/2003,SGJ,FL,ASO,ES,Federal Contract Tower,0,20,15,0,35,0,0,41,11,52,0,20,56,11,87,74,54,128,215
08/12/2003,SGJ,FL,ASO,ES,Federal Contract Tower,0,7,21,1,29,0,0,107,10,117,0,7,128,11,146,182,55,237,383
08/13/2003,SGJ,FL,ASO,ES,Federal Contract Tower,0,7,37,2,46,0,0,125,22,147,0,7,162,24,193,146,42,188,381
08/14/2003,SGJ,FL,ASO,ES,Federal Contract Tower,0,7,23,5,35,0,0,84,6,90,0,7,107,11,125,150,30,180,305
08/15/2003,SGJ,FL,ASO,ES,Federal Contract Tower,0,11,16,1,28,0,0,119,1,120,0,11,135,2,148,24,4,28,176
08/16/2003,SGJ,FL,ASO,ES,Federal Contract Tower,0,6,24,0,30,0,0,133,0,133,0,6,157,0,163,22,0,22,185
08/17/2003,SGJ,FL,ASO,ES,Federal Contract Tower,0,8,12,0,20,0,3,122,0,125,0,11,134,0,145,4,0,4,149
08/18/2003,SGJ,FL,ASO,ES,Federal Contract Tower,0,0,10,0,10,0,0,66,4,70,0,0,76,4,80,6,0,6,86
08/19/2003,SGJ,FL,ASO,ES,Federal Contract Tower,0,11,17,1,29,0,0,75,6,81,0,11,92,7,110,124,20,144,254
08/20/2003,SGJ,FL,ASO,ES,Federal Contract Tower,0,5,22,6,33,0,0,91,4,95,0,5,113,10,128,184,6,190,318
08/21/2003,SGJ,FL,ASO,ES,Federal Contract Tower,0,5,34,0,39,0,0,83,4,87,0,5,117,4,126,128,28,156,282
08/22/2003,SGJ,FL,ASO,ES,Federal Contract Tower,0,9,32,2,43,0,0,73,3,76,0,9,105,5,119,180,2,182,301
08/23/2003,SGJ,FL,ASO,ES,Federal Contract Tower,0,5,14,1,20,0,0,48,0,48,0,5,62,1,68,104,0,104,172
08/24/2003,SGJ,FL,ASO,ES,Federal Contract Tower,0,9,17,0,26,0,0,136,0,136,0,9,153,0,162,172,0,172,334
08/25/2003,SGJ,FL,ASO,ES,Federal Contract Tower,0,19,7,0,26,0,1,78,4,83,0,20,85,4,109,122,4,126,235
08/26/2003,SGJ,FL,ASO,ES,Federal Contract Tower,0,7,18,1,26,0,2,97,3,102,0,9,115,4,128,246,0,246,374
08/27/2003,SGJ,FL,ASO,ES,Federal Contract Tower,0,8,26,0,34,0,0,145,41,186,0,8,171,41,220,146,60,206,426
08/28/2003,SGJ,FL,ASO,ES,Federal Contract Tower,0,13,28,5,46,0,0,108,6,114,0,13,136,11,160,114,12,126,286
08/29/2003,SGJ,FL,ASO,ES,Federal Contract Tower,0,0,33,1,34,0,0,110,0,110,0,0,143,1,144,202,0,202,346
08/30/2003,SGJ,FL,ASO,ES,Federal Contract Tower,0,2,18,0,20,0,0,117,5,122,0,2,135,5,142,134,0,134,276
08/31/2003,SGJ,FL,ASO,ES,Federal Contract Tower,0,3,9,1,13,0,0,162,3,165,0,3,171,4,178,110,2,112,290
09/01/2003,SGJ,FL,ASO,ES,Federal Contract Tower,0,11,27,0,38,0,0,105,2,107,0,11,132,2,145,96,0,96,241
09/02/2003,SGJ,FL,ASO,ES,Federal Contract Tower,0,11,14,0,25,0,0,105,5,110,0,11,119,5,135,194,8,202,337
09/03/2003,SGJ,FL,ASO,ES,Federal Contract Tower,0,5,16,1,22,0,0,99,8,107,0,5,115,9,129,122,44,166,295
09/04/2003,SGJ,FL,ASO,ES,Federal Contract Tower,0,7,14,0,21,0,0,50,0,50,0,7,64,0,71,88,0,88,159
09/05/2003,SGJ,FL,ASO,ES,Federal Contract Tower,0,4,19,8,31,0,0,60,12,72,0,4,79,20,103,134,4,138,241
09/06/2003,SGJ,FL,ASO,ES,Federal Contract Tower,0,3,8,0,11,0,0,19,0,19,0,3,27,0,30,24,0,24,54
09/07/2003,SGJ,FL,ASO,ES,Federal Contract Tower,0,6,40,0,46,0,0,3,0,3,0,6,43,0,49,4,0,4,53
09/08/2003,SGJ,FL,ASO,ES,Federal Contract Tower,0,9,26,1,36,0,0,43,4,47,0,9,69,5,83,78,0,78,161
09/09/2003,SGJ,FL,ASO,ES,Federal Contract Tower,0,16,26,2,44,0,0,40,0,40,0,16,66,2,84,66,4,70,154
09/10/2003,SGJ,FL,ASO,ES,Federal Contract Tower,0,6,29,3,38,0,1,118,21,140,0,7,147,24,178,214,12,226,404
09/11/2003,SGJ,FL,ASO,ES,Federal Contract Tower,0,3,19,2,24,0,0,116,5,121,0,3,135,7,145,140,8,148,293
09/12/2003,SGJ,FL,ASO,ES,Federal Contract Tower,0,5,23,4,32,0,0,143,8,151,0,5,166,12,183,170,2,172,355
09/13/2003,SGJ,FL,ASO,ES,Federal Contract Tower,0,7,20,3,30,0,0,199,6,205,0,7,219,9,235,190,8,198,433
09/14/2003,SGJ,FL,ASO,ES,Federal Contract Tower,0,4,12,0,16,0,0,143,4,147,0,4,155,4,163,130,0,130,293
09/15/2003,SGJ,FL,ASO,ES,Federal Contract Tower,0,9,15,0,24,0,0,99,6,105,0,9,114,6,129,116,10,126,255
09/16/2003,SGJ,FL,ASO,ES,Federal Contract Tower,0,16,11,1,28,0,0,97,3,100,0,16,108,4,128,198,4,202,330
09/17/2003,SGJ,FL,ASO,ES,Federal Contract Tower,0,8,16,1,25,0,2,57,5,64,0,10,73,6,89,74,0,74,163
09/18/2003,SGJ,FL,ASO,ES,Federal Contract Tower,0,4,23,1,28,0,0,131,1,132,0,4,154,2,160,116,4,120,280
09/19/2003,SGJ,FL,ASO,ES,Federal Contract Tower,0,12,25,0,37,0,0,135,2,137,0,12,160,2,174,154,4,158,332
09/20/2003,SGJ,FL,ASO,ES,Federal Contract Tower,0,6,21,2,29,0,0,148,6,154,0,6,169,8,183,204,0,204,387
09/21/2003,SGJ,FL,ASO,ES,Federal Contract Tower,0,14,17,0,31,0,0,112,0,112,0,14,129,0,143,126,0,126,269
09/22/2003,SGJ,FL,ASO,ES,Federal Contract Tower,0,15,21,1,37,0,0,95,6,101,0,15,116,7,138,204,0,204,342
09/23/2003,SGJ,FL,ASO,ES,Federal Contract Tower,0,14,20,1,35,0,0,81,8,89,0,14,101,9,124,172,50,222,346
09/24/2003,SGJ,FL,ASO,ES,Federal Contract Tower,0,10,19,2,31,0,0,104,4,108,0,10,123,6,139,218,6,224,363
09/25/2003,SGJ,FL,ASO,ES,Federal Contract Tower,0,13,15,0,28,0,0,110,6,116,0,13,125,6,144,324,8,332,476
09/26/2003,SGJ,FL,ASO,ES,Federal Contract Tower,0,9,26,0,35,0,0,77,7,84,0,9,103,7,119,180,0,180,299
09/27/2003,SGJ,FL,ASO,ES,Federal Contract Tower,0,5,11,0,16,0,0,103,2,105,0,5,114,2,121,216,0,216,337
09/28/2003,SGJ,FL,ASO,ES,Federal Contract Tower,0,4,24,0,28,0,0,104,3,107,0,4,128,3,135,278,0,278,413
09/29/2003,SGJ,FL,ASO,ES,Federal Contract Tower,0,10,25,1,36,0,0,66,13,79,0,10,91,14,115,68,0,68,183
09/30/2003,SGJ,FL,ASO,ES,Federal Contract Tower,0,7,24,0,31,0,0,89,14,103,0,7,113,14,134,224,2,226,360
10/01/2003,SGJ,FL,ASO,ES,Federal Contract Tower,0,6,33,2,41,0,0,75,0,75,0,6,108,2,116,450,0,450,566
10/02/2003,SGJ,FL,ASO,ES,Federal Contract Tower,0,10,37,2,49,0,3,50,2,55,0,13,87,4,104,90,46,136,240
10/03/2003,SGJ,FL,ASO,ES,Federal Contract Tower,0,8,35,0,43,0,0,105,0,105,0,8,140,0,148,312,0,312,460
10/04/2003,SGJ,FL,ASO,ES,Federal Contract Tower,0,4,16,1,21,0,4,214,4,222,0,8,230,5,243,194,0,194,437
10/05/2003,SGJ,FL,ASO,ES,Federal Contract Tower,0,7,22,1,30,0,3,156,5,164,0,10,178,6,194,214,0,214,408
10/06/2003,SGJ,FL,ASO,ES,Federal Contract Tower,0,8,24,1,33,0,2,105,2,109,0,10,129,3,142,108,36,144,286
10/07/2003,SGJ,FL,ASO,ES,Federal Contract Tower,0,9,29,2,40,0,12,46,2,60,0,21,75,4,100,74,0,74,174
10/08/2003,SGJ,FL,ASO,ES,Federal Contract Tower,0,8,26,1,35,0,1,114,9,124,0,9,140,10,159,262,22,284,443
10/09/2003,SGJ,FL,ASO,ES,Federal Contract Tower,0,9,31,2,42,0,0,136,7,143,0,9,167,9,185,168,22,190,375
10/10/2003,SGJ,FL,ASO,ES,Federal Contract Tower,0,12,37,2,51,0,4,79,3,86,0,16,116,5,137,218,8,226,363
10/11/2003,SGJ,FL,ASO,ES,Federal Contract Tower,0,8,25,0,33,0,0,37,0,37,0,8,62,0,70,48,0,48,118
10/12/2003,SGJ,FL,ASO,ES,Federal Contract Tower,0,7,34,0,41,0,0,33,0,33,0,7,67,0,74,88,0,88,162
10/13/2003,SGJ,FL,ASO,ES,Federal Contract Tower,0,14,44,0,58,0,3,17,0,20,0,17,61,0,78,50,0,50,128
10/14/2003,SGJ,FL,ASO,ES,Federal Contract Tower,0,16,61,2,79,0,0,115,0,115,0,16,176,2,194,112,24,136,330
10/15/2003,SGJ,FL,ASO,ES,Federal Contract Tower,0,15,88,3,106,0,0,266,0,266,0,15,354,3,372,80,8,88,460
10/16/2003,SGJ,FL,ASO,ES,Federal Contract Tower,0,14,47,2,63,0,0,229,10,239,0,14,276,12,302,164,14,178,480
10/17/2003,SGJ,FL,ASO,ES,Federal Contract Tower,0,16,59,1,76,0,0,142,0,142,0,16,201,1,218,70,0,70,288
10/18/2003,SGJ,FL,ASO,ES,Federal Contract Tower,0,9,59,0,68,0,0,186,0,186,0,9,245,0,254,168,0,168,422
10/19/2003,SGJ,FL,ASO,ES,Federal Contract Tower,0,8,78,2,88,0,0,189,1,190,0,8,267,3,278,60,0,60,338
10/20/2003,SGJ,FL,ASO,ES,Federal Contract Tower,0,11,35,1,47,0,13,142,4,159,0,24,177,5,206,182,3,185,391
10/21/2003,SGJ,FL,ASO,ES,Federal Contract Tower,0,8,25,0,33,0,13,129,10,152,0,21,154,10,185,200,18,218,403
10/22/2003,SGJ,FL,ASO,ES,Federal Contract Tower,0,9,31,1,41,0,4,100,0,104,0,13,131,1,145,152,38,190,335
10/23/2003,SGJ,FL,ASO,ES,Federal Contract Tower,0,6,38,1,45,0,0,183,9,192,0,6,221,10,237,188,10,198,435
10/24/2003,SGJ,FL,ASO,ES,Federal Contract Tower,0,6,19,0,25,0,4,136,6,146,0,10,155,6,171,164,0,164,335
10/25/2003,SGJ,FL,ASO,ES,Federal Contract Tower,0,7,21,0,28,0,1,128,0,129,0,8,149,0,157,198,0,198,355
10/26/2003,SGJ,FL,ASO,ES,Federal Contract Tower,0,8,38,1,47,0,0,145,1,146,0,8,183,2,193,208,0,208,401
10/27/2003,SGJ,FL,ASO,ES,Federal Contract Tower,0,9,31,1,41,0,0,80,11,91,0,9,111,12,132,188,0,188,320
10/28/2003,SGJ,FL,ASO,ES,Federal Contract Tower,0,9,34,1,44,0,0,84,7,91,0,9,118,8,135,142,30,172,307
10/29/2003,SGJ,FL,ASO,ES,Federal Contract Tower,0,8,24,0,32,0,1,122,11,134,0,9,146,11,166,290,36,326,492
10/30/2003,SGJ,FL,ASO,ES,Federal Contract Tower,0,4,13,0,17,0,3,122,14,139,0,7,135,14,156,194,0,194,350
10/31/2003,SGJ,FL,ASO,ES,Federal Contract Tower,0,6,22,0,28,0,0,124,6,130,0,6,146,6,158,256,6,262,420
11/01/2003,SGJ,FL,ASO,ES,Federal Contract Tower,0,11,24,0,35,0,0,78,0,78,0,11,102,0,113,82,0,82,195
11/02/2003,SGJ,FL,ASO,ES,Federal Contract Tower,0,20,42,0,62,0,0,64,0,64,0,20,106,0,126,54,0,54,180
11/03/2003,SGJ,FL,ASO,ES,Federal Contract Tower,0,9,34,2,45,0,0,130,13,143,0,9,164,15,188,196,50,246,434
11/04/2003,SGJ,FL,ASO,ES,Federal Contract Tower,0,13,25,2,40,0,0,100,6,106,0,13,125,8,146,254,44,298,444
11/05/2003,SGJ,FL,ASO,ES,Federal Contract Tower,0,11,24,1,36,0,0,89,0,89,0,11,113,1,125,156,0,156,281
11/06/2003,SGJ,FL,ASO,ES,Federal Contract Tower,0,15,28,2,45,0,0,84,8,92,0,15,112,10,137,156,32,188,325
11/07/2003,SGJ,FL,ASO,ES,Federal Contract Tower,0,7,23,2,32,0,0,125,4,129,0,7,148,6,161,230,2,232,393
11/08/2003,SGJ,FL,ASO,ES,Federal Contract Tower,0,11,20,1,32,0,4,161,0,165,0,15,181,1,197,44,0,44,241
11/09/2003,SGJ,FL,ASO,ES,Federal Contract Tower,0,11,22,0,33,0,0,3,0,3,0,11,25,0,36,0,0,0,36
11/10/2003,SGJ,FL,ASO,ES,Federal Contract Tower,0,19,25,2,46,0,14,0,0,14,0,33,25,2,60,4,0,4,64
11/11/2003,SGJ,FL,ASO,ES,Federal Contract Tower,0,16,30,2,48,0,11,72,2,85,0,27,102,4,133,160,0,160,293
11/12/2003,SGJ,FL,ASO,ES,Federal Contract Tower,0,10,28,2,40,0,0,176,13,189,0,10,204,15,229,230,18,248,477
11/13/2003,SGJ,FL,ASO,ES,Federal Contract Tower,0,9,23,2,34,0,0,156,10,166,0,9,179,12,200,266,2,268,468
11/14/2003,SGJ,FL,ASO,ES,Federal Contract Tower,0,11,18,1,30,0,3,142,1,146,0,14,160,2,176,108,2,110,286
11/15/2003,SGJ,FL,ASO,ES,Federal Contract Tower,0,2,11,1,14,0,0,217,3,220,0,2,228,4,234,202,0,202,436
11/16/2003,SGJ,FL,ASO,ES,Federal Contract Tower,0,16,31,0,47,0,14,186,0,200,0,30,217,0,247,198,0,198,445
11/17/2003,SGJ,FL,ASO,ES,Federal Contract Tower,0,9,16,0,25,0,3,136,16,155,0,12,152,16,180,232,64,296,476
11/18/2003,SGJ,FL,ASO,ES,Federal Contract Tower,0,12,23,1,36,0,11,107,6,124,0,23,130,7,160,196,2,198,358
11/19/2003,SGJ,FL,ASO,ES,Federal Contract Tower,0,7,14,0,21,0,3,19,3,25,0,10,33,3,46,56,8,64,110
11/20/2003,SGJ,FL,ASO,ES,Federal Contract Tower,0,9,17,0,26,0,0,140,29,169,0,9,157,29,195,114,16,130,325
11/21/2003,SGJ,FL,ASO,ES,Federal Contract Tower,0,14,26,1,41,0,6,126,1,133,0,20,152,2,174,156,2,158,332
11/22/2003,SGJ,FL,ASO,ES,Federal Contract Tower,0,4,17,0,21,0,0,172,2,174,0,4,189,2,195,180,2,182,377
11/23/2003,SGJ,FL,ASO,ES,Federal Contract Tower,0,1,23,1,25,0,0,181,2,183,0,1,204,3,208,162,0,162,370
11/24/2003,SGJ,FL,ASO,ES,Federal Contract Tower,0,10,19,0,29,0,2,134,11,147,0,12,153,11,176,160,32,192,368
11/25/2003,SGJ,FL,ASO,ES,Federal Contract Tower,0,21,39,1,61,0,5,59,6,70,0,26,98,7,131,220,22,242,373
11/26/2003,SGJ,FL,ASO,ES,Federal Contract Tower,0,10,36,1,47,0,0,167,16,183,0,10,203,17,230,154,10,164,394
11/27/2003,SGJ,FL,ASO,ES,Federal Contract Tower,0,5,11,0,16,0,3,58,2,63,0,8,69,2,79,22,0,22,101
11/28/2003,SGJ,FL,ASO,ES,Federal Contract Tower,0,9,18,0,27,0,0,68,0,68,0,9,86,0,95,34,0,34,129
11/29/2003,SGJ,FL,ASO,ES,Federal Contract Tower,0,7,19,0,26,0,0,202,0,202,0,7,221,0,228,142,0,142,370
11/30/2003,SGJ,FL,ASO,ES,Federal Contract Tower,0,14,26,1,41,0,0,168,7,175,0,14,194,8,216,90,0,90,306
12/01/2003,SGJ,FL,ASO,ES,Federal Contract Tower,0,9,14,0,23,0,4,168,4,176,0,13,182,4,199,260,22,282,481
12/02/2003,SGJ,FL,ASO,ES,Federal Contract Tower,0,10,17,2,29,0,7,50,7,64,0,17,67,9,93,128,20,148,241
12/03/2003,SGJ,FL,ASO,ES,Federal Contract Tower,0,11,19,2,32,0,1,106,4,111,0,12,125,6,143,146,54,200,343
12/04/2003,SGJ,FL,ASO,ES,Federal Contract Tower,0,10,27,2,39,0,0,115,5,120,0,10,142,7,159,126,10,136,295
12/05/2003,SGJ,FL,ASO,ES,Federal Contract Tower,0,12,22,2,36,0,0,18,1,19,0,12,40,3,55,20,0,20,75
12/06/2003,SGJ,FL,ASO,ES,Federal Contract Tower,0,6,10,1,17,0,4,142,4,150,0,10,152,5,167,260,0,260,427
12/07/2003,SGJ,FL,ASO,ES,Federal Contract Tower,0,7,17,1,25,0,0,159,1,160,0,7,176,2,185,212,0,212,397
12/08/2003,SGJ,FL,ASO,ES,Federal Contract Tower,0,10,17,2,29,0,0,166,7,173,0,10,183,9,202,162,20,182,384
12/09/2003,SGJ,FL,ASO,ES,Federal Contract Tower,0,14,24,2,40,0,5,131,13,149,0,19,155,15,189,244,44,288,477
12/10/2003,SGJ,FL,ASO,ES,Federal Contract Tower,0,15,26,2,43,0,1,23,6,30,0,16,49,8,73,34,35,69,142
12/11/2003,SGJ,FL,ASO,ES,Federal Contract Tower,0,9,26,2,37,0,0,112,2,114,0,9,138,4,151,210,0,210,361
12/12/2003,SGJ,FL,ASO,ES,Federal Contract Tower,0,9,15,1,25,0,0,126,0,126,0,9,141,1,151,234,0,234,385
12/13/2003,SGJ,FL,ASO,ES,Federal Contract Tower,0,5,8,1,14,0,3,152,3,158,0,8,160,4,172,206,0,206,378
12/14/2003,SGJ,FL,ASO,ES,Federal Contract Tower,0,8,13,1,22,0,1,7,0,8,0,9,20,1,30,34,0,34,64
12/15/2003,SGJ,FL,ASO,ES,Federal Contract Tower,0,6,14,1,21,0,0,135,6,141,0,6,149,7,162,200,0,200,362
12/16/2003,SGJ,FL,ASO,ES,Federal Contract Tower,0,10,16,0,26,0,6,127,17,150,0,16,143,17,176,272,20,292,468
12/17/2003,SGJ,FL,ASO,ES,Federal Contract Tower,0,4,14,0,18,0,0,36,2,38,0,4,50,2,56,54,0,54,110
12/18/2003,SGJ,FL,ASO,ES,Federal Contract Tower,0,5,15,0,20,0,0,155,6,161,0,5,170,6,181,254,10,264,445
12/19/2003,SGJ,FL,ASO,ES,Federal Contract Tower,0,14,25,1,40,0,6,106,0,112,0,20,131,1,152,160,2,162,314
12/20/2003,SGJ,FL,ASO,ES,Federal Contract Tower,0,8,13,0,21,0,1,149,2,152,0,9,162,2,173,312,0,312,485
12/21/2003,SGJ,FL,ASO,ES,Federal Contract Tower,0,6,12,0,18,0,0,141,3,144,0,6,153,3,162,172,0,172,334
12/22/2003,SGJ,FL,ASO,ES,Federal Contract Tower,0,8,18,1,27,0,0,114,4,118,0,8,132,5,145,252,6,258,403
12/23/2003,SGJ,FL,ASO,ES,Federal Contract Tower,0,11,21,1,33,0,11,106,7,124,0,22,127,8,157,132,8,140,297
12/24/2003,SGJ,FL,ASO,ES,Federal Contract Tower,0,2,5,0,7,0,0,81,4,85,0,2,86,4,92,58,0,58,150
12/25/2003,SGJ,FL,ASO,ES,Federal Contract Tower,0,1,4,0,5,0,0,31,1,32,0,1,35,1,37,0,0,0,37
12/26/2003,SGJ,FL,ASO,ES,Federal Contract Tower,0,7,18,0,25,0,0,171,0,171,0,7,189,0,196,218,0,218,414
12/27/2003,SGJ,FL,ASO,ES,Federal Contract Tower,0,11,24,1,36,0,0,201,2,203,0,11,225,3,239,170,0,170,409
12/28/2003,SGJ,FL,ASO,ES,Federal Contract Tower,0,13,26,1,40,0,0,146,1,147,0,13,172,2,187,238,0,238,425
12/29/2003,SGJ,FL,ASO,ES,Federal Contract Tower,0,11,20,1,32,0,10,153,2,165,0,21,173,3,197,208,0,208,405
12/30/2003,SGJ,FL,ASO,ES,Federal Contract Tower,0,11,22,1,34,0,0,113,4,117,0,11,135,5,151,184,4,188,339
12/31/2003,SGJ,FL,ASO,ES,Federal Contract Tower,0,7,24,1,32,0,0,198,0,198,0,7,222,1,230,338,16,354,584
01/01/2004,SGJ,FL,ASO,ES,Federal Contract Tower,0,0,12,0,12,0,0,93,0,93,0,0,105,0,105,60,0,60,165
01/02/2004,SGJ,FL,ASO,ES,Federal Contract Tower,0,10,25,2,37,0,1,164,0,165,0,11,189,2,202,238,2,240,442
01/03/2004,SGJ,FL,ASO,ES,Federal Contract Tower,0,10,25,0,35,0,8,151,0,159,0,18,176,0,194,242,0,242,436
01/04/2004,SGJ,FL,ASO,ES,Federal Contract Tower,0,7,22,2,31,0,0,167,0,167,0,7,189,2,198,240,0,240,438
01/05/2004,SGJ,FL,ASO,ES,Federal Contract Tower,0,6,15,1,22,0,5,117,6,128,0,11,132,7,150,104,8,112,262
01/06/2004,SGJ,FL,ASO,ES,Federal Contract Tower,0,5,13,1,19,0,0,36,1,37,0,5,49,2,56,96,0,96,152
01/07/2004,SGJ,FL,ASO,ES,Federal Contract Tower,0,7,17,2,26,0,4,123,8,135,0,11,140,10,161,116,18,134,295
01/08/2004,SGJ,FL,ASO,ES,Federal Contract Tower,0,9,20,2,31,0,0,156,15,171,0,9,176,17,202,254,32,286,488
01/09/2004,SGJ,FL,ASO,ES,Federal Contract Tower,0,9,20,0,29,0,3,95,0,98,0,12,115,0,127,184,0,184,311
01/10/2004,SGJ,FL,ASO,ES,Federal Contract Tower,0,3,16,2,21,0,0,23,2,25,0,3,39,4,46,28,2,30,76
01/11/2004,SGJ,FL,ASO,ES,Federal Contract Tower,0,8,24,2,34,0,0,208,8,216,0,8,232,10,250,152,0,152,402
01/12/2004,SGJ,FL,ASO,ES,Federal Contract Tower,0,10,22,2,34,0,3,130,3,136,0,13,152,5,170,184,14,198,368
01/13/2004,SGJ,FL,ASO,ES,Federal Contract Tower,0,12,26,2,40,0,3,135,6,144,0,15,161,8,184,218,24,242,426
01/14/2004,SGJ,FL,ASO,ES,Federal Contract Tower,0,11,24,2,37,0,5,129,14,148,0,16,153,16,185,236,24,260,445
01/15/2004,SGJ,FL,ASO,ES,Federal Contract Tower,0,14,35,3,52,0,0,127,18,145,0,14,162,21,197,256,68,324,521
01/16/2004,SGJ,FL,ASO,ES,Federal Contract Tower,0,13,29,2,44,0,5,142,1,148,0,18,171,3,192,190,0,190,382
01/17/2004,SGJ,FL,ASO,ES,Federal Contract Tower,0,8,26,2,36,0,0,131,0,131,0,8,157,2,167,248,0,248,415
01/18/2004,SGJ,FL,ASO,ES,Federal Contract Tower,0,6,16,1,23,0,0,79,1,80,0,6,95,2,103,150,0,150,253
01/19/2004,SGJ,FL,ASO,ES,Federal Contract Tower,0,8,32,2,42,0,0,69,1,70,0,8,101,3,112,136,0,136,248
01/20/2004,SGJ,FL,ASO,ES,Federal Contract Tower,0,11,28,1,40,0,0,132,11,143,0,11,160,12,183,158,14,172,355
01/21/2004,SGJ,FL,ASO,ES,Federal Contract Tower,0,18,40,2,60,0,2,193,22,217,0,20,233,24,277,270,108,378,655
01/22/2004,SGJ,FL,ASO,ES,Federal Contract Tower,0,12,32,2,46,0,0,159,10,169,0,12,191,12,215,176,30,206,421
01/23/2004,SGJ,FL,ASO,ES,Federal Contract Tower,0,18,42,2,62,0,0,193,10,203,0,18,235,12,265,182,16,198,463
01/24/2004,SGJ,FL,ASO,ES,Federal Contract Tower,0,10,28,1,39,0,0,211,0,211,0,10,239,1,250,170,0,170,420
01/25/2004,SGJ,FL,ASO,ES,Federal Contract Tower,0,10,37,2,49,0,0,220,2,222,0,10,257,4,271,228,0,228,499
01/26/2004,SGJ,FL,ASO,ES,Federal Contract Tower,0,8,20,1,29,0,7,115,7,129,0,15,135,8,158,90,16,106,264
01/27/2004,SGJ,FL,ASO,ES,Federal Contract Tower,0,13,29,1,43,0,11,51,9,71,0,24,80,10,114,134,22,156,270
01/28/2004,SGJ,FL,ASO,ES,Federal Contract Tower,0,13,29,1,43,0,0,121,11,132,0,13,150,12,175,218,42,260,435
01/29/2004,SGJ,FL,ASO,ES,Federal Contract Tower,0,10,31,2,43,0,0,173,16,189,0,10,204,18,232,280,92,372,604
01/30/2004,SGJ,FL,ASO,ES,Federal Contract Tower,0,11,26,1,38,0,2,139,13,154,0,13,165,14,192,264,0,264,456
01/31/2004,SGJ,FL,ASO,ES,Federal Contract Tower,0,8,20,1,29,0,0,147,2,149,0,8,167,3,178,181,0,181,359
02/01/2004,SGJ,FL,ASO,ES,Federal Contract Tower,0,3,23,0,26,0,0,11,0,11,0,3,34,0,37,4,0,4,41
02/02/2004,SGJ,FL,ASO,ES,Federal Contract Tower,0,3,8,1,12,0,2,62,1,65,0,5,70,2,77,112,0,112,189
02/03/2004,SGJ,FL,ASO,ES,Federal Contract Tower,0,13,30,2,45,0,2,83,19,104,0,15,113,21,149,182,10,192,341
02/04/2004,SGJ,FL,ASO,ES,Federal Contract Tower,0,11,30,2,43,0,0,197,8,205,0,11,227,10,248,218,14,232,480
02/05/2004,SGJ,FL,ASO,ES,Federal Contract Tower,0,13,34,3,50,0,3,173,11,187,0,16,207,14,237,272,32,304,541
02/06/2004,SGJ,FL,ASO,ES,Federal Contract Tower,0,4,20,2,26,0,0,111,5,116,0,4,131,7,142,210,4,214,356
02/07/2004,SGJ,FL,ASO,ES,Federal Contract Tower,0,12,28,2,42,0,0,139,7,146,0,12,167,9,188,212,4,216,404
02/08/2004,SGJ,FL,ASO,ES,Federal Contract Tower,0,6,31,2,39,0,0,144,2,146,0,6,175,4,185,89,0,89,274
02/09/2004,SGJ,FL,ASO,ES,Federal Contract Tower,0,9,28,2,39,0,0,135,11,146,0,9,163,13,185,174,4,178,363
02/10/2004,SGJ,FL,ASO,ES,Federal Contract Tower,0,12,34,3,49,0,0,103,10,113,0,12,137,13,162,216,4,220,382
02/11/2004,SGJ,FL,ASO,ES,Federal Contract Tower,0,10,47,2,59,0,0,12,0,12,0,10,59,2,71,4,0,4,75
02/12/2004,SGJ,FL,ASO,ES,Federal Contract Tower,0,16,39,3,58,0,5,46,1,52,0,21,85,4,110,26,0,26,136
02/13/2004,SGJ,FL,ASO,ES,Federal Contract Tower,0,24,52,4,80,0,8,0,0,8,0,32,52,4,88,0,0,0,88
02/14/2004,SGJ,FL,ASO,ES,Federal Contract Tower,0,9,23,0,32,0,2,4,0,6,0,11,27,0,38,0,0,0,38
02/15/2004,SGJ,FL,ASO,ES,Federal Contract Tower,0,15,39,2,56,0,4,68,0,72,0,19,107,2,128,64,0,64,192
02/16/2004,SGJ,FL,ASO,ES,Federal Contract Tower,0,20,53,2,75,0,4,83,0,87,0,24,136,2,162,100,0,100,262
02/17/2004,SGJ,FL,ASO,ES,Federal Contract Tower,0,20,49,2,71,0,1,0,1,2,0,21,49,3,73,4,0,4,77
02/18/2004,SGJ,FL,ASO,ES,Federal Contract Tower,0,14,36,2,52,0,1,181,5,187,0,15,217,7,239,256,4,260,499
02/19/2004,SGJ,FL,ASO,ES,Federal Contract Tower,0,13,31,1,45,0,2,231,19,252,0,15,262,20,297,366,40,406,703
02/20/2004,SGJ,FL,ASO,ES,Federal Contract Tower,0,14,35,2,51,0,8,197,5,210,0,22,232,7,261,166,0,166,427
02/21/2004,SGJ,FL,ASO,ES,Federal Contract Tower,0,6,25,1,32,0,0,184,3,187,0,6,209,4,219,156,0,156,375
02/22/2004,SGJ,FL,ASO,ES,Federal Contract Tower,0,13,32,1,46,0,1,202,7,210,0,14,234,8,256,410,0,410,666
02/23/2004,SGJ,FL,ASO,ES,Federal Contract Tower,0,14,33,1,48,0,8,150,20,178,0,22,183,21,226,250,22,272,498
02/24/2004,SGJ,FL,ASO,ES,Federal Contract Tower,0,10,26,0,36,0,1,5,0,6,0,11,31,0,42,6,0,6,48
02/25/2004,SGJ,FL,ASO,ES,Federal Contract Tower,0,15,39,0,54,0,1,5,0,6,0,16,44,0,60,0,0,0,60
02/26/2004,SGJ,FL,ASO,ES,Federal Contract Tower,0,14,49,2,65,0,0,1,8,9,0,14,50,10,74,4,0,4,78
02/27/2004,SGJ,FL,ASO,ES,Federal Contract Tower,0,18,46,2,66,0,4,51,4,59,0,22,97,6,125,282,0,282,407
02/28/2004,SGJ,FL,ASO,ES,Federal Contract Tower,0,6,20,1,27,0,0,218,8,226,0,6,238,9,253,164,4,168,421
02/29/2004,SGJ,FL,ASO,ES,Federal Contract Tower,0,13,34,1,48,0,0,242,1,243,0,13,276,2,291,230,0,230,521
03/01/2004,SGJ,FL,ASO,ES,Federal Contract Tower,0,12,26,2,40,0,8,182,16,206,0,20,208,18,246,276,16,292,538
03/02/2004,SGJ,FL,ASO,ES,Federal Contract Tower,0,12,22,2,36,0,7,223,7,237,0,19,245,9,273,314,0,314,587
03/03/2004,SGJ,FL,ASO,ES,Federal Contract Tower,0,9,22,2,33,0,0,201,10,211,0,9,223,12,244,366,40,406,650
03/04/2004,SGJ,FL,ASO,ES,Federal Contract Tower,0,10,19,2,31,0,1,130,13,144,0,11,149,15,175,380,12,392,567
03/05/2004,SGJ,FL,ASO,ES,Federal Contract Tower,0,11,31,3,45,0,0,133,14,147,0,11,164,17,192,314,52,366,558
03/06/2004,SGJ,FL,ASO,ES,Federal Contract Tower,0,6,24,2,32,0,0,155,2,157,0,6,179,4,189,88,0,88,277
03/07/2004,SGJ,FL,ASO,ES,Federal Contract Tower,0,4,28,3,35,0,0,192,2,194,0,4,220,5,229,298,0,298,527
03/08/2004,SGJ,FL,ASO,ES,Federal Contract Tower,0,12,27,3,42,0,0,127,19,146,0,12,154,22,188,240,14,254,442
03/09/2004,SGJ,FL,ASO,ES,Federal Contract Tower,0,12,22,2,36,0,4,195,9,208,0,16,217,11,244,184,14,198,442
03/10/2004,SGJ,FL,ASO,ES,Federal Contract Tower,0,16,40,4,60,0,0,140,10,150,0,16,180,14,210,254,26,280,490
03/11/2004,SGJ,FL,ASO,ES,Federal Contract Tower,0,11,38,4,53,0,0,225,8,233,0,11,263,12,286,322,20,342,628
03/12/2004,SGJ,FL,ASO,ES,Federal Contract Tower,0,16,35,3,54,0,0,224,15,239,0,16,259,18,293,458,0,458,751
03/13/2004,SGJ,FL,ASO,ES,Federal Contract Tower,0,8,24,2,34,0,0,215,0,215,0,8,239,2,249,230,0,230,479
03/14/2004,SGJ,FL,ASO,ES,Federal Contract Tower,0,12,42,2,56,0,0,252,0,252,0,12,294,2,308,366,0,366,674
03/15/2004,SGJ,FL,ASO,ES,Federal Contract Tower,0,2,20,2,24,0,0,141,8,149,0,2,161,10,173,246,28,274,447
03/16/2004,SGJ,FL,ASO,ES,Federal Contract Tower,0,10,26,3,39,0,0,98,3,101,0,10,124,6,140,236,26,262,402
03/17/2004,SGJ,FL,ASO,ES,Federal Contract Tower,0,8,26,2,36,0,0,176,15,191,0,8,202,17,227,290,84,374,601
03/18/2004,SGJ,FL,ASO,ES,Federal Contract Tower,0,9,27,2,38,0,0,181,8,189,0,9,208,10,227,262,14,276,503
03/19/2004,SGJ,FL,ASO,ES,Federal Contract Tower,0,19,38,3,60,0,4,219,12,235,0,23,257,15,295,358,16,374,669
03/20/2004,SGJ,FL,ASO,ES,Federal Contract Tower,0,18,35,2,55,0,1,164,12,177,0,19,199,14,232,234,0,234,466
03/21/2004,SGJ,FL,ASO,ES,Federal Contract Tower,0,16,33,2,51,0,6,168,5,179,0,22,201,7,230,234,0,234,464
03/22/2004,SGJ,FL,ASO,ES,Federal Contract Tower,0,26,53,4,83,0,5,116,13,134,0,31,169,17,217,108,18,126,343
03/23/2004,SGJ,FL,ASO,ES,Federal Contract Tower,0,21,42,3,66,0,12,80,14,106,0,33,122,17,172,126,34,160,332
03/24/2004,SGJ,FL,ASO,ES,Federal Contract Tower,0,28,58,4,90,0,0,164,10,174,0,28,222,14,264,216,32,248,512
03/25/2004,SGJ,FL,ASO,ES,Federal Contract Tower,0,21,41,3,65,0,8,153,13,174,0,29,194,16,239,326,34,360,599
03/26/2004,SGJ,FL,ASO,ES,Federal Contract Tower,0,23,46,3,72,1,10,132,0,143,1,33,178,3,215,260,0,260,475
03/27/2004,SGJ,FL,ASO,ES,Federal Contract Tower,0,10,34,2,46,0,0,220,13,233,0,10,254,15,279,310,10,320,599
03/28/2004,SGJ,FL,ASO,ES,Federal Contract Tower,0,32,63,4,99,0,22,161,1,184,0,54,224,5,283,324,6,330,613
03/29/2004,SGJ,FL,ASO,ES,Federal Contract Tower,0,21,42,3,66,0,24,79,4,107,0,45,121,7,173,224,4,228,401
03/30/2004,SGJ,FL,ASO,ES,Federal Contract Tower,0,13,34,2,49,0,0,170,18,188,0,13,204,20,237,262,6,268,505
03/31/2004,SGJ,FL,ASO,ES,Federal Contract Tower,0,14,28,2,44,0,8,124,11,143,0,22,152,13,187,292,6,298,485
04/01/2004,SGJ,FL,ASO,ES,Federal Contract Tower,0,26,39,3,68,0,5,133,15,153,0,31,172,18,221,208,28,236,457
04/02/2004,SGJ,FL,ASO,ES,Federal Contract Tower,0,21,31,3,55,0,11,131,3,145,0,32,162,6,200,268,0,268,468
04/03/2004,SGJ,FL,ASO,ES,Federal Contract Tower,0,14,23,2,39,0,0,175,2,177,0,14,198,4,216,224,0,224,440
04/04/2004,SGJ,FL,ASO,ES,Federal Contract Tower,0,19,29,3,51,0,3,206,1,210,0,22,235,4,261,208,0,208,469
04/05/2004,SGJ,FL,ASO,ES,Federal Contract Tower,0,21,32,3,56,0,3,144,2,149,0,24,176,5,205,120,3,123,328
04/06/2004,SGJ,FL,ASO,ES,Federal Contract Tower,0,17,31,3,51,0,0,185,16,201,0,17,216,19,252,242,36,278,530
04/07/2004,SGJ,FL,ASO,ES,Federal Contract Tower,0,9,27,3,39,0,0,177,23,200,0,9,204,26,239,270,70,340,579
04/08/2004,SGJ,FL,ASO,ES,Federal Contract Tower,0,13,20,2,35,0,5,54,16,75,0,18,74,18,110,46,12,58,168
04/09/2004,SGJ,FL,ASO,ES,Federal Contract Tower,0,18,31,3,52,0,0,165,3,168,0,18,196,6,220,234,0,234,454
04/10/2004,SGJ,FL,ASO,ES,Federal Contract Tower,0,16,32,0,48,0,0,217,0,217,0,16,249,0,265,270,0,270,535
04/11/2004,SGJ,FL,ASO,ES,Federal Contract Tower,0,15,36,2,53,0,0,72,0,72,0,15,108,2,125,60,0,60,185
04/12/2004,SGJ,FL,ASO,ES,Federal Contract Tower,0,25,38,3,66,0,9,64,3,76,0,34,102,6,142,146,2,148,290
04/13/2004,SGJ,FL,ASO,ES,Federal Contract Tower,0,12,19,2,33,0,3,44,12,59,0,15,63,14,92,16,32,48,140
04/14/2004,SGJ,FL,ASO,ES,Federal Contract Tower,0,7,22,1,30,0,0,94,17,111,0,7,116,18,141,48,30,78,219
04/15/2004,SGJ,FL,ASO,ES,Federal Contract Tower,0,8,22,1,31,0,0,208,8,216,0,8,230,9,247,156,4,160,407
04/16/2004,SGJ,FL,ASO,ES,Federal Contract Tower,0,4,20,1,25,0,0,163,3,166,0,4,183,4,191,174,0,174,365
04/17/2004,SGJ,FL,ASO,ES,Federal Contract Tower,0,18,29,2,49,0,4,210,3,217,0,22,239,5,266,394,0,394,660
04/18/2004,SGJ,FL,ASO,ES,Federal Contract Tower,0,6,18,1,25,0,0,225,3,228,0,6,243,4,253,196,0,196,449
04/19/2004,SGJ,FL,ASO,ES,Federal Contract Tower,0,13,21,1,35,0,5,162,4,171,0,18,183,5,206,290,2,292,498
04/20/2004,SGJ,FL,ASO,ES,Federal Contract Tower,0,14,26,1,41,0,0,125,12,137,0,14,151,13,178,236,26,262,440
04/21/2004,SGJ,FL,ASO,ES,Federal Contract Tower,0,14,30,2,46,0,0,179,17,196,0,14,209,19,242,306,30,336,578
04/22/2004,SGJ,FL,ASO,ES,Federal Contract Tower,0,21,32,2,55,0,10,114,0,124,0,31,146,2,179,208,0,208,387
04/23/2004,SGJ,FL,ASO,ES,Federal Contract Tower,0,18,27,1,46,0,5,190,9,204,0,23,217,10,250,176,14,190,440
04/24/2004,SGJ,FL,ASO,ES,Federal Contract Tower,0,14,21,1,36,0,3,200,1,204,0,17,221,2,240,304,0,304,544
04/25/2004,SGJ,FL,ASO,ES,Federal Contract Tower,0,16,28,2,46,0,0,215,4,219,0,16,243,6,265,234,4,238,503
04/26/2004,SGJ,FL,ASO,ES,Federal Contract Tower,0,16,26,1,43,0,13,89,3,105,0,29,115,4,148,170,8,178,326
04/27/2004,SGJ,FL,ASO,ES,Federal Contract Tower,0,4,17,1,22,0,0,102,11,113,0,4,119,12,135,314,36,350,485
04/28/2004,SGJ,FL,ASO,ES,Federal Contract Tower,0,20,39,2,61,0,0,150,19,169,0,20,189,21,230,232,12,244,474
04/29/2004,SGJ,FL,ASO,ES,Federal Contract Tower,0,18,30,2,50,0,8,80,9,97,0,26,110,11,147,174,14,188,335
04/30/2004,SGJ,FL,ASO,ES,Federal Contract Tower,0,14,23,1,38,0,3,26,7,36,0,17,49,8,74,90,26,116,190
05/01/2004,SGJ,FL,ASO,ES,Federal Contract Tower,0,10,17,1,28,0,0,94,4,98,0,10,111,5,126,150,0,150,276
05/02/2004,SGJ,FL,ASO,ES,Federal Contract Tower,0,16,26,2,44,0,4,68,1,73,0,20,94,3,117,112,0,112,229
05/03/2004,SGJ,FL,ASO,ES,Federal Contract Tower,0,16,27,2,45,0,4,40,3,47,0,20,67,5,92,110,0,110,202
05/04/2004,SGJ,FL,ASO,ES,Federal Contract Tower,0,19,34,3,56,0,4,158,7,169,0,23,192,10,225,204,6,210,435
05/05/2004,SGJ,FL,ASO,ES,Federal Contract Tower,0,6,22,2,30,0,0,165,0,165,0,6,187,2,195,276,0,276,471
05/06/2004,SGJ,FL,ASO,ES,Federal Contract Tower,0,17,28,2,47,0,5,134,3,142,0,22,162,5,189,200,6,206,395
05/07/2004,SGJ,FL,ASO,ES,Federal Contract Tower,0,14,27,2,43,0,0,124,6,130,0,14,151,8,173,136,0,136,309
05/08/2004,SGJ,FL,ASO,ES,Federal Contract Tower,0,10,18,2,30,0,7,201,3,211,0,17,219,5,241,222,4,226,467
05/09/2004,SGJ,FL,ASO,ES,Federal Contract Tower,0,8,15,2,25,0,1,184,14,199,0,9,199,16,224,196,6,202,426
05/10/2004,SGJ,FL,ASO,ES,Federal Contract Tower,0,12,20,2,34,0,0,141,5,146,0,12,161,7,180,216,6,222,402
05/11/2004,SGJ,FL,ASO,ES,Federal Contract Tower,0,4,27,2,33,0,0,140,20,160,0,4,167,22,193,170,20,190,383
05/12/2004,SGJ,FL,ASO,ES,Federal Contract Tower,0,14,25,2,41,0,9,87,7,103,0,23,112,9,144,120,0,120,264
05/13/2004,SGJ,FL,ASO,ES,Federal Contract Tower,0,21,36,3,60,0,3,132,12,147,0,24,168,15,207,266,2,268,475
05/14/2004,SGJ,FL,ASO,ES,Federal Contract Tower,0,16,29,3,48,0,8,132,1,141,0,24,161,4,189,176,20,196,385
05/15/2004,SGJ,FL,ASO,ES,Federal Contract Tower,0,4,12,1,17,0,0,204,3,207,0,4,216,4,224,248,0,248,472
05/16/2004,SGJ,FL,ASO,ES,Federal Contract Tower,0,14,23,1,38,0,2,158,0,160,0,16,181,1,198,136,0,136,334
05/17/2004,SGJ,FL,ASO,ES,Federal Contract Tower,0,12,21,2,35,0,2,83,7,92,0,14,104,9,127,148,0,148,275
05/18/2004,SGJ,FL,ASO,ES,Federal Contract Tower,0,12,22,2,36,0,0,144,12,156,0,12,166,14,192,206,22,228,420
05/19/2004,SGJ,FL,ASO,ES,Federal Contract Tower,0,14,26,1,41,0,3,171,8,182,0,17,197,9,223,204,46,250,473
05/20/2004,SGJ,FL,ASO,ES,Federal Contract Tower,0,15,30,2,47,0,0,161,10,171,0,15,191,12,218,246,8,254,472
05/21/2004,SGJ,FL,ASO,ES,Federal Contract Tower,0,14,26,1,41,0,6,178,16,200,0,20,204,17,241,196,0,196,437
05/22/2004,SGJ,FL,ASO,ES,Federal Contract Tower,0,6,12,0,18,0,0,136,1,137,0,6,148,1,155,182,0,182,337
05/23/2004,SGJ,FL,ASO,ES,Federal Contract Tower,0,9,16,0,25,0,4,139,0,143,0,13,155,0,168,216,0,216,384
05/24/2004,SGJ,FL,ASO,ES,Federal Contract Tower,0,3,21,1,25,0,0,143,5,148,0,3,164,6,173,98,18,116,289
05/25/2004,SGJ,FL,ASO,ES,Federal Contract Tower,0,9,20,1,30,0,0,157,6,163,0,9,177,7,193,126,6,132,325
05/26/2004,SGJ,FL,ASO,ES,Federal Contract Tower,0,6,21,1,28,0,0,166,7,173,0,6,187,8,201,214,6,220,421
05/27/2004,SGJ,FL,ASO,ES,Federal Contract Tower,0,6,29,1,36,0,0,169,5,174,0,6,198,6,210,176,8,184,394
05/28/2004,SGJ,FL,ASO,ES,Federal Contract Tower,0,13,23,1,37,0,11,147,1,159,0,24,170,2,196,136,0,136,332
05/29/2004,SGJ,FL,ASO,ES,Federal Contract Tower,0,7,13,0,20,0,2,147,5,154,0,9,160,5,174,154,0,154,328
05/30/2004,SGJ,FL,ASO,ES,Federal Contract Tower,0,5,15,0,20,0,0,165,0,165,0,5,180,0,185,64,0,64,249
05/31/2004,SGJ,FL,ASO,ES,Federal Contract Tower,0,8,15,0,23,0,1,120,0,121,0,9,135,0,144,92,0,92,236
06/01/2004,SGJ,FL,ASO,ES,Federal Contract Tower,0,14,23,1,38,0,0,88,4,92,0,14,111,5,130,180,0,180,310
06/02/2004,SGJ,FL,ASO,ES,Federal Contract Tower,0,12,20,2,34,0,0,71,1,72,0,12,91,3,106,32,14,46,152
06/03/2004,SGJ,FL,ASO,ES,Federal Contract Tower,0,11,20,2,33,0,0,105,9,114,0,11,125,11,147,240,16,256,403
06/04/2004,SGJ,FL,ASO,ES,Federal Contract Tower,0,16,22,2,40,0,3,105,7,115,0,19,127,9,155,222,2,224,379
06/05/2004,SGJ,FL,ASO,ES,Federal Contract Tower,0,11,21,2,34,0,0,140,0,140,0,11,161,2,174,176,0,176,350
06/06/2004,SGJ,FL,ASO,ES,Federal Contract Tower,0,13,18,2,33,0,0,127,0,127,0,13,145,2,160,106,0,106,266
06/07/2004,SGJ,FL,ASO,ES,Federal Contract Tower,0,22,30,2,54,0,9,124,0,133,0,31,154,2,187,170,2,172,359
06/08/2004,SGJ,FL,ASO,ES,Federal Contract Tower,0,10,20,2,32,0,0,147,14,161,0,10,167,16,193,152,10,162,355
06/09/2004,SGJ,FL,ASO,ES,Federal Contract Tower,0,5,16,2,23,0,0,136,2,138,0,5,152,4,161,260,0,260,421
06/10/2004,SGJ,FL,ASO,ES,Federal Contract Tower,0,8,17,2,27,0,0,150,8,158,0,8,167,10,185,368,12,380,565
06/11/2004,SGJ,FL,ASO,ES,Federal Contract Tower,0,11,14,1,26,0,1,145,7,153,0,12,159,8,179,218,4,222,401
06/12/2004,SGJ,FL,ASO,ES,Federal Contract Tower,0,8,15,1,24,0,0,179,3,182,0,8,194,4,206,182,0,182,388
06/13/2004,SGJ,FL,ASO,ES,Federal Contract Tower,0,16,21,2,39,0,6,191,2,199,0,22,212,4,238,108,0,108,346
06/14/2004,SGJ,FL,ASO,ES,Federal Contract Tower,0,16,22,1,39,0,5,77,0,82,0,21,99,1,121,120,0,120,241
06/15/2004,SGJ,FL,ASO,ES,Federal Contract Tower,0,11,16,0,27,0,3,128,2,133,0,14,144,2,160,178,10,188,348
06/16/2004,SGJ,FL,ASO,ES,Federal Contract Tower,0,16,23,1,40,0,8,135,5,148,0,24,158,6,188,180,20,200,388
06/17/2004,SGJ,FL,ASO,ES,Federal Contract Tower,0,15,22,1,38,0,8,172,14,194,0,23,194,15,232,292,14,306,538
06/18/2004,SGJ,FL,ASO,ES,Federal Contract Tower,0,15,22,1,38,0,7,175,3,185,0,22,197,4,223,270,0,270,493
06/19/2004,SGJ,FL,ASO,ES,Federal Contract Tower,0,9,17,1,27,0,0,140,3,143,0,9,157,4,170,166,0,166,336
06/20/2004,SGJ,FL,ASO,ES,Federal Contract Tower,0,12,21,1,34,0,0,166,3,169,0,12,187,4,203,112,0,112,315
06/21/2004,SGJ,FL,ASO,ES,Federal Contract Tower,0,16,24,0,40,0,1,84,0,85,0,17,108,0,125,156,0,156,281
06/22/2004,SGJ,FL,ASO,ES,Federal Contract Tower,0,11,22,1,34,0,0,88,23,111,0,11,110,24,145,86,24,110,255
06/23/2004,SGJ,FL,ASO,ES,Federal Contract Tower,0,12,22,1,35,0,0,134,8,142,0,12,156,9,177,176,4,180,357
06/24/2004,SGJ,FL,ASO,ES,Federal Contract Tower,0,12,22,1,35,0,0,144,11,155,0,12,166,12,190,142,12,154,344
06/25/2004,SGJ,FL,ASO,ES,Federal Contract Tower,0,12,25,1,38,0,0,157,17,174,0,12,182,18,212,188,6,194,406
06/26/2004,SGJ,FL,ASO,ES,Federal Contract Tower,0,12,19,1,32,0,6,137,5,148,0,18,156,6,180,150,4,154,334
06/27/2004,SGJ,FL,ASO,ES,Federal Contract Tower,0,13,19,1,33,0,8,129,4,141,0,21,148,5,174,248,0,248,422
06/28/2004,SGJ,FL,ASO,ES,Federal Contract Tower,0,13,23,1,37,0,0,98,6,104,0,13,121,7,141,150,0,150,291
06/29/2004,SGJ,FL,ASO,ES,Federal Contract Tower,0,16,23,1,40,0,4,139,12,155,0,20,162,13,195,176,44,220,415
06/30/2004,SGJ,FL,ASO,ES,Federal Contract Tower,0,13,23,1,37,0,0,183,14,197,0,13,206,15,234,190,56,246,480
07/01/2004,SGJ,FL,ASO,ES,Federal Contract Tower,0,9,16,2,27,0,4,131,2,137,0,13,147,4,164,260,22,282,446
07/02/2004,SGJ,FL,ASO,ES,Federal Contract Tower,0,12,26,2,40,0,0,155,2,157,0,12,181,4,197,230,0,230,427
07/03/2004,SGJ,FL,ASO,ES,Federal Contract Tower,0,8,16,2,26,0,4,157,2,163,0,12,173,4,189,168,0,168,357
07/04/2004,SGJ,FL,ASO,ES,Federal Contract Tower,0,8,15,0,23,0,3,138,0,141,0,11,153,0,164,130,0,130,294
07/05/2004,SGJ,FL,ASO,ES,Federal Contract Tower,0,9,17,1,27,0,2,140,0,142,0,11,157,1,169,186,0,186,355
07/06/2004,SGJ,FL,ASO,ES,Federal Contract Tower,0,7,17,2,26,0,0,92,1,93,0,7,109,3,119,66,0,66,185
07/07/2004,SGJ,FL,ASO,ES,Federal Contract Tower,0,9,20,2,31,0,0,124,1,125,0,9,144,3,156,114,6,120,276
07/08/2004,SGJ,FL,ASO,ES,Federal Contract Tower,0,12,26,2,40,0,0,125,10,135,0,12,151,12,175,120,8,128,303
07/09/2004,SGJ,FL,ASO,ES,Federal Contract Tower,0,12,22,2,36,0,7,143,7,157,0,19,165,9,193,240,0,240,433
07/10/2004,SGJ,FL,ASO,ES,Federal Contract Tower,0,12,24,2,38,0,0,214,5,219,0,12,238,7,257,134,2,136,393
07/11/2004,SGJ,FL,ASO,ES,Federal Contract Tower,0,11,20,2,33,0,3,103,0,106,0,14,123,2,139,102,0,102,241
07/12/2004,SGJ,FL,ASO,ES,Federal Contract Tower,0,13,25,2,40,0,1,128,7,136,0,14,153,9,176,150,2,152,328
07/13/2004,SGJ,FL,ASO,ES,Federal Contract Tower,0,9,21,2,32,0,0,115,18,133,0,9,136,20,165,84,22,106,271
07/14/2004,SGJ,FL,ASO,ES,Federal Contract Tower,0,13,25,2,40,0,1,138,9,148,0,14,163,11,188,184,8,192,380
07/15/2004,SGJ,FL,ASO,ES,Federal Contract Tower,0,11,22,1,34,0,0,109,7,116,0,11,131,8,150,184,8,192,342
07/16/2004,SGJ,FL,ASO,ES,Federal Contract Tower,0,17,33,2,52,0,3,158,11,172,0,20,191,13,224,182,0,182,406
07/17/2004,SGJ,FL,ASO,ES,Federal Contract Tower,0,5,20,1,26,0,0,88,2,90,0,5,108,3,116,74,0,74,190
07/18/2004,SGJ,FL,ASO,ES,Federal Contract Tower,0,3,12,0,15,0,0,80,3,83,0,3,92,3,98,176,0,176,274
07/19/2004,SGJ,FL,ASO,ES,Federal Contract Tower,0,11,24,1,36,0,0,85,12,97,0,11,109,13,133,206,12,218,351
07/20/2004,SGJ,FL,ASO,ES,Federal Contract Tower,0,11,31,2,44,0,0,96,23,119,0,11,127,25,163,116,72,188,351
07/21/2004,SGJ,FL,ASO,ES,Federal Contract Tower,0,9,25,1,35,0,0,154,10,164,0,9,179,11,199,198,28,226,425
07/22/2004,SGJ,FL,ASO,ES,Federal Contract Tower,0,13,31,2,46,0,0,138,18,156,0,13,169,20,202,242,16,258,460
07/23/2004,SGJ,FL,ASO,ES,Federal Contract Tower,0,5,18,1,24,0,0,144,7,151,0,5,162,8,175,116,14,130,305
07/24/2004,SGJ,FL,ASO,ES,Federal Contract Tower,0,6,23,1,30,0,0,98,4,102,0,6,121,5,132,234,0,234,366
07/25/2004,SGJ,FL,ASO,ES,Federal Contract Tower,0,15,30,2,47,0,1,146,5,152,0,16,176,7,199,166,0,166,365
07/26/2004,SGJ,FL,ASO,ES,Federal Contract Tower,0,11,22,1,34,0,1,156,16,173,0,12,178,17,207,178,24,202,409
07/27/2004,SGJ,FL,ASO,ES,Federal Contract Tower,0,11,22,1,34,0,10,149,11,170,0,21,171,12,204,154,8,162,366
07/28/2004,SGJ,FL,ASO,ES,Federal Contract Tower,0,13,25,1,39,0,10,184,3,197,0,23,209,4,236,238,18,256,492
07/29/2004,SGJ,FL,ASO,ES,Federal Contract Tower,0,15,28,1,44,0,0,139,6,145,0,15,167,7,189,186,0,186,375
07/30/2004,SGJ,FL,ASO,ES,Federal Contract Tower,0,10,20,1,31,0,2,127,10,139,0,12,147,11,170,220,0,220,390
07/31/2004,SGJ,FL,ASO,ES,Federal Contract Tower,0,8,15,0,23,0,4,112,0,116,0,12,127,0,139,288,0,288,427
08/01/2004,SGJ,FL,ASO,ES,Federal Contract Tower,0,10,20,1,31,0,3,139,0,142,0,13,159,1,173,188,0,188,361
08/02/2004,SGJ,FL,ASO,ES,Federal Contract Tower,0,12,28,3,43,0,2,120,16,138,0,14,148,19,181,158,0,158,339
08/03/2004,SGJ,FL,ASO,ES,Federal Contract Tower,0,14,32,3,49,0,2,79,10,91,0,16,111,13,140,70,16,86,226
08/04/2004,SGJ,FL,ASO,ES,Federal Contract Tower,0,7,27,0,34,0,0,110,0,110,0,7,137,0,144,80,0,80,224
08/05/2004,SGJ,FL,ASO,ES,Federal Contract Tower,0,14,32,3,49,0,7,99,11,117,0,21,131,14,166,156,14,170,336
08/06/2004,SGJ,FL,ASO,ES,Federal Contract Tower,0,4,23,3,30,0,0,65,0,65,0,4,88,3,95,20,0,20,115
08/07/2004,SGJ,FL,ASO,ES,Federal Contract Tower,0,8,20,0,28,0,0,123,0,123,0,8,143,0,151,94,0,94,245
08/08/2004,SGJ,FL,ASO,ES,Federal Contract Tower,0,8,19,0,27,0,0,87,0,87,0,8,106,0,114,52,0,52,166
08/09/2004,SGJ,FL,ASO,ES,Federal Contract Tower,0,11,25,0,36,0,6,166,0,172,0,17,191,0,208,184,0,184,392
08/10/2004,SGJ,FL,ASO,ES,Federal Contract Tower,0,9,20,2,31,0,8,119,7,134,0,17,139,9,165,174,0,174,339
08/11/2004,SGJ,FL,ASO,ES,Federal Contract Tower,0,6,28,3,37,0,0,168,8,176,0,6,196,11,213,238,0,238,451
08/12/2004,SGJ,FL,ASO,ES,Federal Contract Tower,0,3,14,0,17,0,0,95,0,95,0,3,109,0,112,82,0,82,194
08/13/2004,SGJ,FL,ASO,ES,Federal Contract Tower,0,5,12,0,17,0,5,16,0,21,0,10,28,0,38,38,0,38,76
08/14/2004,SGJ,FL,ASO,ES,Federal Contract Tower,0,2,6,1,9,0,0,109,2,111,0,2,115,3,120,152,0,152,272
08/15/2004,SGJ,FL,ASO,ES,Federal Contract Tower,0,6,15,2,23,0,0,59,1,60,0,6,74,3,83,80,2,82,165
08/16/2004,SGJ,FL,ASO,ES,Federal Contract Tower,0,7,15,2,24,0,1,94,6,101,0,8,109,8,125,134,4,138,263
08/17/2004,SGJ,FL,ASO,ES,Federal Contract Tower,0,10,22,3,35,0,6,103,4,113,0,16,125,7,148,156,34,190,338
08/18/2004,SGJ,FL,ASO,ES,Federal Contract Tower,0,4,25,2,31,0,0,59,8,67,0,4,84,10,98,72,16,88,186
08/19/2004,SGJ,FL,ASO,ES,Federal Contract Tower,0,10,24,2,36,0,9,118,20,147,0,19,142,22,183,136,36,172,355
08/20/2004,SGJ,FL,ASO,ES,Federal Contract Tower,0,12,29,2,43,0,2,121,3,126,0,14,150,5,169,116,0,116,285
08/21/2004,SGJ,FL,ASO,ES,Federal Contract Tower,0,5,11,0,16,0,0,154,0,154,0,5,165,0,170,68,0,68,238
08/22/2004,SGJ,FL,ASO,ES,Federal Contract Tower,0,6,21,0,27,0,0,147,0,147,0,6,168,0,174,162,0,162,336
08/23/2004,SGJ,FL,ASO,ES,Federal Contract Tower,0,7,17,1,25,0,1,104,14,119,0,8,121,15,144,216,22,238,382
08/24/2004,SGJ,FL,ASO,ES,Federal Contract Tower,0,10,24,2,36,0,4,98,20,122,0,14,122,22,158,168,76,244,402
08/25/2004,SGJ,FL,ASO,ES,Federal Contract Tower,0,13,29,2,44,0,3,128,18,149,0,16,157,20,193,188,12,200,393
08/26/2004,SGJ,FL,ASO,ES,Federal Contract Tower,0,3,25,2,30,0,0,96,6,102,0,3,121,8,132,148,0,148,280
08/27/2004,SGJ,FL,ASO,ES,Federal Contract Tower,0,6,23,2,31,0,0,163,6,169,0,6,186,8,200,210,28,238,438
08/28/2004,SGJ,FL,ASO,ES,Federal Contract Tower,0,3,14,1,18,0,0,167,1,168,0,3,181,2,186,126,0,126,312
08/29/2004,SGJ,FL,ASO,ES,Federal Contract Tower,0,8,20,1,29,0,2,108,2,112,0,10,128,3,141,64,0,64,205
08/30/2004,SGJ,FL,ASO,ES,Federal Contract Tower,0,5,21,1,27,0,0,94,6,100,0,5,115,7,127,144,4,148,275
08/31/2004,SGJ,FL,ASO,ES,Federal Contract Tower,0,10,26,2,38,0,0,117,9,126,0,10,143,11,164,126,54,180,344
09/01/2004,SGJ,FL,ASO,ES,Federal Contract Tower,0,7,15,0,22,0,0,149,6,155,0,7,164,6,177,190,6,196,373
09/02/2004,SGJ,FL,ASO,ES,Federal Contract Tower,0,18,38,0,56,0,12,96,0,108,0,30,134,0,164,29,0,29,193
09/03/2004,SGJ,FL,ASO,ES,Federal Contract Tower,0,7,18,2,27,0,0,75,1,76,0,7,93,3,103,6,0,6,109
09/04/2004,SGJ,FL,ASO,ES,Federal Contract Tower,0,3,5,0,8,0,4,1,0,5,0,7,6,0,13,0,0,0,13
09/05/2004,SGJ,FL,ASO,ES,Federal Contract Tower,0,0,0,0,0,0,0,0,0,0,0,0,0,0,0,0,0,0,0
09/06/2004,SGJ,FL,ASO,ES,Federal Contract Tower,0,0,0,0,0,0,0,0,0,0,0,0,0,0,0,0,0,0,0
09/07/2004,SGJ,FL,ASO,ES,Federal Contract Tower,0,8,16,0,24,0,1,35,0,36,0,9,51,0,60,0,0,0,60
09/08/2004,SGJ,FL,ASO,ES,Federal Contract Tower,0,10,21,2,33,0,4,51,10,65,0,14,72,12,98,28,2,30,128
09/09/2004,SGJ,FL,ASO,ES,Federal Contract Tower,0,11,21,2,34,0,0,83,6,89,0,11,104,8,123,58,4,62,185
09/10/2004,SGJ,FL,ASO,ES,Federal Contract Tower,0,6,10,1,17,0,0,87,3,90,0,6,97,4,107,134,20,154,261
09/11/2004,SGJ,FL,ASO,ES,Federal Contract Tower,0,10,19,2,31,0,0,101,2,103,0,10,120,4,134,170,0,170,304
09/12/2004,SGJ,FL,ASO,ES,Federal Contract Tower,0,8,16,2,26,0,6,83,2,91,0,14,99,4,117,104,0,104,221
09/13/2004,SGJ,FL,ASO,ES,Federal Contract Tower,0,11,22,2,35,0,4,41,6,51,0,15,63,8,86,56,12,68,154
09/14/2004,SGJ,FL,ASO,ES,Federal Contract Tower,0,3,18,2,23,0,0,71,6,77,0,3,89,8,100,92,0,92,192
09/15/2004,SGJ,FL,ASO,ES,Federal Contract Tower,0,7,24,2,33,0,0,93,20,113,0,7,117,22,146,162,34,196,342
09/16/2004,SGJ,FL,ASO,ES,Federal Contract Tower,0,8,18,1,27,0,2,51,7,60,0,10,69,8,87,70,12,82,169
09/17/2004,SGJ,FL,ASO,ES,Federal Contract Tower,0,8,28,1,37,0,0,87,13,100,0,8,115,14,137,120,0,120,257
09/18/2004,SGJ,FL,ASO,ES,Federal Contract Tower,0,5,21,1,27,0,0,235,4,239,0,5,256,5,266,256,0,256,522
09/19/2004,SGJ,FL,ASO,ES,Federal Contract Tower,0,8,19,1,28,0,0,114,1,115,0,8,133,2,143,114,0,114,257
09/20/2004,SGJ,FL,ASO,ES,Federal Contract Tower,0,15,29,1,45,0,0,8,1,9,0,15,37,2,54,6,0,6,60
09/21/2004,SGJ,FL,ASO,ES,Federal Contract Tower,0,16,35,2,53,0,3,50,21,74,0,19,85,23,127,52,38,90,217
09/22/2004,SGJ,FL,ASO,ES,Federal Contract Tower,0,14,33,2,49,0,0,89,10,99,0,14,122,12,148,144,0,144,292
09/23/2004,SGJ,FL,ASO,ES,Federal Contract Tower,0,6,29,1,36,0,0,124,3,127,0,6,153,4,163,164,0,164,327
09/24/2004,SGJ,FL,ASO,ES,Federal Contract Tower,0,8,29,1,38,0,0,74,16,90,0,8,103,17,128,38,4,42,170
09/25/2004,SGJ,FL,ASO,ES,Federal Contract Tower,0,8,19,1,28,0,6,32,0,38,0,14,51,1,66,26,0,26,92
09/26/2004,SGJ,FL,ASO,ES,Federal Contract Tower,0,0,0,0,0,0,0,0,0,0,0,0,0,0,0,0,0,0,0
09/27/2004,SGJ,FL,ASO,ES,Federal Contract Tower,0,6,13,0,19,0,5,13,3,21,0,11,26,3,40,0,0,0,40
09/28/2004,SGJ,FL,ASO,ES,Federal Contract Tower,0,6,14,0,20,0,0,85,12,97,0,6,99,12,117,70,22,92,209
09/29/2004,SGJ,FL,ASO,ES,Federal Contract Tower,0,13,27,1,41,0,1,124,8,133,0,14,151,9,174,172,14,186,360
09/30/2004,SGJ,FL,ASO,ES,Federal Contract Tower,0,9,19,1,29,0,0,95,9,104,0,9,114,10,133,138,0,138,271
10/01/2004,SGJ,FL,ASO,ES,Federal Contract Tower,0,9,34,4,47,0,1,80,3,84,0,10,114,7,131,110,3,113,244
10/02/2004,SGJ,FL,ASO,ES,Federal Contract Tower,0,1,9,1,11,0,0,172,4,176,0,1,181,5,187,118,0,118,305
10/03/2004,SGJ,FL,ASO,ES,Federal Contract Tower,0,8,13,2,23,0,0,130,0,130,0,8,143,2,153,128,0,128,281
10/04/2004,SGJ,FL,ASO,ES,Federal Contract Tower,0,12,22,1,35,0,0,143,10,153,0,12,165,11,188,262,0,262,450
10/05/2004,SGJ,FL,ASO,ES,Federal Contract Tower,0,5,21,2,28,0,0,112,4,116,0,5,133,6,144,180,26,206,350
10/06/2004,SGJ,FL,ASO,ES,Federal Contract Tower,0,13,33,2,48,0,0,124,6,130,0,13,157,8,178,196,14,210,388
10/07/2004,SGJ,FL,ASO,ES,Federal Contract Tower,0,9,39,0,48,0,0,100,5,105,0,9,139,5,153,86,0,86,239
10/08/2004,SGJ,FL,ASO,ES,Federal Contract Tower,0,10,29,0,39,0,0,151,2,153,0,10,180,2,192,158,0,158,350
10/09/2004,SGJ,FL,ASO,ES,Federal Contract Tower,0,9,14,0,23,0,0,154,0,154,0,9,168,0,177,310,0,310,487
10/10/2004,SGJ,FL,ASO,ES,Federal Contract Tower,0,10,19,0,29,0,0,135,1,136,0,10,154,1,165,240,0,240,405
10/11/2004,SGJ,FL,ASO,ES,Federal Contract Tower,0,14,32,0,46,0,0,77,0,77,0,14,109,0,123,150,0,150,273
10/12/2004,SGJ,FL,ASO,ES,Federal Contract Tower,0,12,19,5,36,0,6,77,0,83,0,18,96,5,119,192,0,192,311
10/13/2004,SGJ,FL,ASO,ES,Federal Contract Tower,0,7,31,1,39,0,2,123,5,130,0,9,154,6,169,182,0,182,351
10/14/2004,SGJ,FL,ASO,ES,Federal Contract Tower,0,11,31,0,42,0,0,153,14,167,0,11,184,14,209,238,18,256,465
10/15/2004,SGJ,FL,ASO,ES,Federal Contract Tower,0,16,36,3,55,0,0,70,10,80,0,16,106,13,135,170,14,184,319
10/16/2004,SGJ,FL,ASO,ES,Federal Contract Tower,0,5,26,0,31,0,2,149,4,155,0,7,175,4,186,242,0,242,428
10/17/2004,SGJ,FL,ASO,ES,Federal Contract Tower,0,11,30,3,44,0,0,175,27,202,0,11,205,30,246,298,0,298,544
10/18/2004,SGJ,FL,ASO,ES,Federal Contract Tower,0,10,23,1,34,0,4,146,6,156,0,14,169,7,190,322,8,330,520
10/19/2004,SGJ,FL,ASO,ES,Federal Contract Tower,0,4,14,4,22,0,0,128,2,130,0,4,142,6,152,238,0,238,390
10/20/2004,SGJ,FL,ASO,ES,Federal Contract Tower,0,11,29,2,42,0,0,101,4,105,0,11,130,6,147,102,36,138,285
10/21/2004,SGJ,FL,ASO,ES,Federal Contract Tower,0,24,32,6,62,0,0,97,3,100,0,24,129,9,162,130,4,134,296
10/22/2004,SGJ,FL,ASO,ES,Federal Contract Tower,0,11,27,2,40,0,2,85,11,98,0,13,112,13,138,150,16,166,304
10/23/2004,SGJ,FL,ASO,ES,Federal Contract Tower,0,6,19,0,25,0,0,129,0,129,0,6,148,0,154,124,0,124,278
10/24/2004,SGJ,FL,ASO,ES,Federal Contract Tower,0,10,29,1,40,0,0,190,2,192,0,10,219,3,232,268,0,268,500
10/25/2004,SGJ,FL,ASO,ES,Federal Contract Tower,0,8,29,1,38,0,0,100,10,110,0,8,129,11,148,158,26,184,332
10/26/2004,SGJ,FL,ASO,ES,Federal Contract Tower,0,13,27,4,44,0,0,121,4,125,0,13,148,8,169,162,22,184,353
10/27/2004,SGJ,FL,ASO,ES,Federal Contract Tower,0,12,29,2,43,0,0,114,12,126,0,12,143,14,169,286,30,316,485
10/28/2004,SGJ,FL,ASO,ES,Federal Contract Tower,0,34,57,2,93,0,2,96,8,106,0,36,153,10,199,178,30,208,407
10/29/2004,SGJ,FL,ASO,ES,Federal Contract Tower,2,10,55,1,68,0,0,94,4,98,2,10,149,5,166,172,22,194,360
10/30/2004,SGJ,FL,ASO,ES,Federal Contract Tower,0,10,35,3,48,0,0,138,6,144,0,10,173,9,192,148,2,150,342
10/31/2004,SGJ,FL,ASO,ES,Federal Contract Tower,0,10,60,0,70,0,0,144,3,147,0,10,204,3,217,280,34,314,531
11/01/2004,SGJ,FL,ASO,ES,Federal Contract Tower,0,19,33,2,54,0,0,135,13,148,0,19,168,15,202,244,12,256,458
11/02/2004,SGJ,FL,ASO,ES,Federal Contract Tower,0,17,19,2,38,0,0,160,27,187,0,17,179,29,225,224,66,290,515
11/03/2004,SGJ,FL,ASO,ES,Federal Contract Tower,0,13,30,0,43,0,0,141,10,151,0,13,171,10,194,176,50,226,420
11/04/2004,SGJ,FL,ASO,ES,Federal Contract Tower,0,18,26,3,47,0,0,129,25,154,0,18,155,28,201,186,16,202,403
11/05/2004,SGJ,FL,ASO,ES,Federal Contract Tower,0,16,56,3,75,0,3,166,5,174,0,19,222,8,249,222,20,242,491
11/06/2004,SGJ,FL,ASO,ES,Federal Contract Tower,0,8,33,1,42,0,3,178,7,188,0,11,211,8,230,190,6,196,426
11/07/2004,SGJ,FL,ASO,ES,Federal Contract Tower,0,19,39,0,58,0,3,210,2,215,0,22,249,2,273,228,0,228,501
11/08/2004,SGJ,FL,ASO,ES,Federal Contract Tower,0,22,26,0,48,0,0,183,10,193,0,22,209,10,241,238,56,294,535
11/09/2004,SGJ,FL,ASO,ES,Federal Contract Tower,0,16,38,1,55,0,0,72,25,97,0,16,110,26,152,78,84,162,314
11/10/2004,SGJ,FL,ASO,ES,Federal Contract Tower,0,29,28,1,58,0,2,132,12,146,0,31,160,13,204,188,46,234,438
11/11/2004,SGJ,FL,ASO,ES,Federal Contract Tower,0,23,35,1,59,0,1,88,11,100,0,24,123,12,159,86,4,90,249
11/12/2004,SGJ,FL,ASO,ES,Federal Contract Tower,0,18,27,4,49,0,2,121,1,124,0,20,148,5,173,150,0,150,323
11/13/2004,SGJ,FL,ASO,ES,Federal Contract Tower,0,13,45,1,59,0,2,109,1,112,0,15,154,2,171,186,0,186,357
11/14/2004,SGJ,FL,ASO,ES,Federal Contract Tower,0,9,34,0,43,0,0,27,2,29,0,9,61,2,72,0,0,0,72
11/15/2004,SGJ,FL,ASO,ES,Federal Contract Tower,0,25,21,4,50,0,0,61,13,74,0,25,82,17,124,50,76,126,250
11/16/2004,SGJ,FL,ASO,ES,Federal Contract Tower,0,19,23,1,43,0,6,125,12,143,0,25,148,13,186,90,30,120,306
11/17/2004,SGJ,FL,ASO,ES,Federal Contract Tower,0,20,37,2,59,0,6,184,12,202,0,26,221,14,261,188,20,208,469
11/18/2004,SGJ,FL,ASO,ES,Federal Contract Tower,0,24,39,2,65,0,0,162,9,171,0,24,201,11,236,220,48,268,504
11/19/2004,SGJ,FL,ASO,ES,Federal Contract Tower,0,12,33,5,50,0,0,129,3,132,0,12,162,8,182,164,0,164,346
11/20/2004,SGJ,FL,ASO,ES,Federal Contract Tower,0,5,33,5,43,0,0,167,4,171,0,5,200,9,214,236,0,236,450
11/21/2004,SGJ,FL,ASO,ES,Federal Contract Tower,0,14,18,0,32,0,1,160,2,163,0,15,178,2,195,268,0,268,463
11/22/2004,SGJ,FL,ASO,ES,Federal Contract Tower,1,11,20,4,36,0,0,134,9,143,1,11,154,13,179,176,66,242,421
11/23/2004,SGJ,FL,ASO,ES,Federal Contract Tower,0,3,34,1,38,0,0,128,6,134,0,3,162,7,172,118,0,118,290
11/24/2004,SGJ,FL,ASO,ES,Federal Contract Tower,0,8,43,0,51,0,0,78,7,85,0,8,121,7,136,32,0,32,168
11/25/2004,SGJ,FL,ASO,ES,Federal Contract Tower,0,1,13,0,14,0,0,26,0,26,0,1,39,0,40,22,0,22,62
11/26/2004,SGJ,FL,ASO,ES,Federal Contract Tower,0,5,28,0,33,0,1,132,0,133,0,6,160,0,166,136,0,136,302
11/27/2004,SGJ,FL,ASO,ES,Federal Contract Tower,0,7,21,0,28,0,0,82,0,82,0,7,103,0,110,116,0,116,226
11/28/2004,SGJ,FL,ASO,ES,Federal Contract Tower,0,14,40,0,54,0,1,142,2,145,0,15,182,2,199,102,0,102,301
11/29/2004,SGJ,FL,ASO,ES,Federal Contract Tower,0,20,51,3,74,0,0,98,14,112,0,20,149,17,186,182,34,216,402
11/30/2004,SGJ,FL,ASO,ES,Federal Contract Tower,0,23,34,1,58,0,0,126,6,132,0,23,160,7,190,130,20,150,340
12/01/2004,SGJ,FL,ASO,ES,Federal Contract Tower,0,14,28,1,43,0,0,123,15,138,0,14,151,16,181,220,84,304,485
12/02/2004,SGJ,FL,ASO,ES,Federal Contract Tower,0,19,27,5,51,0,1,114,10,125,0,20,141,15,176,198,16,214,390
12/03/2004,SGJ,FL,ASO,ES,Federal Contract Tower,0,24,38,0,62,0,0,160,0,160,0,24,198,0,222,228,0,228,450
12/04/2004,SGJ,FL,ASO,ES,Federal Contract Tower,0,9,49,0,58,0,0,98,0,98,0,9,147,0,156,208,0,208,364
12/05/2004,SGJ,FL,ASO,ES,Federal Contract Tower,0,14,22,1,37,0,0,153,0,153,0,14,175,1,190,204,0,204,394
12/06/2004,SGJ,FL,ASO,ES,Federal Contract Tower,0,24,30,3,57,0,3,130,20,153,0,27,160,23,210,228,58,286,496
12/07/2004,SGJ,FL,ASO,ES,Federal Contract Tower,0,25,14,0,39,0,0,130,6,136,0,25,144,6,175,220,8,228,403
12/08/2004,SGJ,FL,ASO,ES,Federal Contract Tower,0,6,27,2,35,0,0,175,11,186,0,6,202,13,221,240,66,306,527
12/09/2004,SGJ,FL,ASO,ES,Federal Contract Tower,0,5,35,0,40,0,0,103,4,107,0,5,138,4,147,190,0,190,337
12/10/2004,SGJ,FL,ASO,ES,Federal Contract Tower,0,23,35,0,58,0,0,49,0,49,0,23,84,0,107,76,0,76,183
12/11/2004,SGJ,FL,ASO,ES,Federal Contract Tower,0,11,17,0,28,0,0,135,2,137,0,11,152,2,165,132,0,132,297
12/12/2004,SGJ,FL,ASO,ES,Federal Contract Tower,0,17,23,1,41,0,0,153,0,153,0,17,176,1,194,124,0,124,318
12/13/2004,SGJ,FL,ASO,ES,Federal Contract Tower,0,5,30,1,36,0,0,167,8,175,0,5,197,9,211,152,22,174,385
12/14/2004,SGJ,FL,ASO,ES,Federal Contract Tower,0,7,25,3,35,0,0,97,8,105,0,7,122,11,140,132,24,156,296
12/15/2004,SGJ,FL,ASO,ES,Federal Contract Tower,0,18,31,0,49,0,0,97,10,107,0,18,128,10,156,62,48,110,266
12/16/2004,SGJ,FL,ASO,ES,Federal Contract Tower,0,14,35,3,52,0,0,33,8,41,0,14,68,11,93,34,2,36,129
12/17/2004,SGJ,FL,ASO,ES,Federal Contract Tower,0,19,45,0,64,0,3,97,7,107,0,22,142,7,171,154,10,164,335
12/18/2004,SGJ,FL,ASO,ES,Federal Contract Tower,0,4,27,2,33,0,0,187,4,191,0,4,214,6,224,316,0,316,540
12/19/2004,SGJ,FL,ASO,ES,Federal Contract Tower,0,6,22,1,29,0,0,143,1,144,0,6,165,2,173,152,0,152,325
12/20/2004,SGJ,FL,ASO,ES,Federal Contract Tower,0,12,21,0,33,0,0,110,2,112,0,12,131,2,145,182,12,194,339
12/21/2004,SGJ,FL,ASO,ES,Federal Contract Tower,0,8,19,0,27,0,0,106,13,119,0,8,125,13,146,116,42,158,304
12/22/2004,SGJ,FL,ASO,ES,Federal Contract Tower,0,17,39,2,58,0,1,147,6,154,0,18,186,8,212,264,12,276,488
12/23/2004,SGJ,FL,ASO,ES,Federal Contract Tower,0,2,13,0,15,0,0,52,2,54,0,2,65,2,69,14,0,14,83
12/24/2004,SGJ,FL,ASO,ES,Federal Contract Tower,0,0,37,0,37,0,0,45,0,45,0,0,82,0,82,52,0,52,134
12/25/2004,SGJ,FL,ASO,ES,Federal Contract Tower,0,7,5,0,12,0,0,6,0,6,0,7,11,0,18,16,0,16,34
12/26/2004,SGJ,FL,ASO,ES,Federal Contract Tower,0,11,19,0,30,0,0,26,0,26,0,11,45,0,56,58,0,58,114
12/27/2004,SGJ,FL,ASO,ES,Federal Contract Tower,0,12,38,0,50,0,0,132,5,137,0,12,170,5,187,158,18,176,363
12/28/2004,SGJ,FL,ASO,ES,Federal Contract Tower,0,12,34,2,48,0,1,162,16,179,0,13,196,18,227,140,22,162,389
12/29/2004,SGJ,FL,ASO,ES,Federal Contract Tower,0,11,43,0,54,0,0,159,9,168,0,11,202,9,222,264,30,294,516
12/30/2004,SGJ,FL,ASO,ES,Federal Contract Tower,0,8,47,1,56,0,0,182,2,184,0,8,229,3,240,206,6,212,452
12/31/2004,SGJ,FL,ASO,ES,Federal Contract Tower,0,6,38,1,45,0,0,173,6,179,0,6,211,7,224,214,0,214,438
01/01/2005,SGJ,FL,ASO,ES,Federal Contract Tower,0,11,13,0,24,0,0,108,0,108,0,11,121,0,132,8,0,8,140
01/02/2005,SGJ,FL,ASO,ES,Federal Contract Tower,0,16,31,0,47,0,0,185,4,189,0,16,216,4,236,196,0,196,432
01/03/2005,SGJ,FL,ASO,ES,Federal Contract Tower,0,11,24,0,35,0,0,107,2,109,0,11,131,2,144,124,8,132,276
01/04/2005,SGJ,FL,ASO,ES,Federal Contract Tower,0,14,34,3,51,0,0,132,6,138,0,14,166,9,189,240,22,262,451
01/05/2005,SGJ,FL,ASO,ES,Federal Contract Tower,0,17,27,1,45,0,4,183,1,188,0,21,210,2,233,152,2,154,387
01/06/2005,SGJ,FL,ASO,ES,Federal Contract Tower,0,19,23,2,44,0,1,136,23,160,0,20,159,25,204,140,18,158,362
01/07/2005,SGJ,FL,ASO,ES,Federal Contract Tower,0,13,23,0,36,0,0,158,2,160,0,13,181,2,196,215,6,221,417
01/08/2005,SGJ,FL,ASO,ES,Federal Contract Tower,0,12,36,1,49,0,0,201,0,201,0,12,237,1,250,162,0,162,412
01/09/2005,SGJ,FL,ASO,ES,Federal Contract Tower,0,10,34,1,45,0,1,210,6,217,0,11,244,7,262,174,0,174,436
01/10/2005,SGJ,FL,ASO,ES,Federal Contract Tower,0,18,36,0,54,0,0,73,5,78,0,18,109,5,132,212,2,214,346
01/11/2005,SGJ,FL,ASO,ES,Federal Contract Tower,0,20,42,4,66,0,0,139,0,139,0,20,181,4,205,148,0,148,353
01/12/2005,SGJ,FL,ASO,ES,Federal Contract Tower,0,13,54,6,73,0,0,191,2,193,0,13,245,8,266,204,30,234,500
01/13/2005,SGJ,FL,ASO,ES,Federal Contract Tower,0,18,59,8,85,0,0,73,1,74,0,18,132,9,159,58,0,58,217
01/14/2005,SGJ,FL,ASO,ES,Federal Contract Tower,0,14,32,2,48,0,0,6,0,6,0,14,38,2,54,10,0,10,64
01/15/2005,SGJ,FL,ASO,ES,Federal Contract Tower,0,4,21,2,27,0,0,1,0,1,0,4,22,2,28,0,0,0,28
01/16/2005,SGJ,FL,ASO,ES,Federal Contract Tower,0,14,28,0,42,0,1,49,4,54,0,15,77,4,96,44,0,44,140
01/17/2005,SGJ,FL,ASO,ES,Federal Contract Tower,0,17,31,0,48,0,0,131,1,132,0,17,162,1,180,48,0,48,228
01/18/2005,SGJ,FL,ASO,ES,Federal Contract Tower,0,7,28,0,35,0,0,113,4,117,0,7,141,4,152,118,0,118,270
01/19/2005,SGJ,FL,ASO,ES,Federal Contract Tower,0,13,44,1,58,0,1,209,6,216,0,14,253,7,274,314,24,338,612
01/20/2005,SGJ,FL,ASO,ES,Federal Contract Tower,0,15,34,4,53,0,0,174,17,191,0,15,208,21,244,122,124,246,490
01/21/2005,SGJ,FL,ASO,ES,Federal Contract Tower,0,15,56,0,71,0,3,192,6,201,0,18,248,6,272,212,6,218,490
01/22/2005,SGJ,FL,ASO,ES,Federal Contract Tower,0,4,102,0,106,0,0,101,3,104,0,4,203,3,210,44,0,44,254
01/23/2005,SGJ,FL,ASO,ES,Federal Contract Tower,0,10,76,2,88,0,0,184,0,184,0,10,260,2,272,144,0,144,416
01/24/2005,SGJ,FL,ASO,ES,Federal Contract Tower,0,14,44,0,58,0,1,135,6,142,0,15,179,6,200,194,57,251,451
01/25/2005,SGJ,FL,ASO,ES,Federal Contract Tower,0,17,30,3,50,0,0,141,16,157,0,17,171,19,207,144,70,214,421
01/26/2005,SGJ,FL,ASO,ES,Federal Contract Tower,0,19,43,3,65,0,1,155,13,169,0,20,198,16,234,84,54,138,372
01/27/2005,SGJ,FL,ASO,ES,Federal Contract Tower,0,14,81,3,98,0,0,90,9,99,0,14,171,12,197,94,104,198,395
01/28/2005,SGJ,FL,ASO,ES,Federal Contract Tower,0,21,54,2,77,0,7,13,3,23,0,28,67,5,100,2,28,30,130
01/29/2005,SGJ,FL,ASO,ES,Federal Contract Tower,0,5,36,0,41,0,0,59,2,61,0,5,95,2,102,100,0,100,202
01/30/2005,SGJ,FL,ASO,ES,Federal Contract Tower,0,7,50,0,57,0,2,141,0,143,0,9,191,0,200,114,0,114,314
01/31/2005,SGJ,FL,ASO,ES,Federal Contract Tower,0,11,32,2,45,0,0,105,12,117,0,11,137,14,162,144,42,186,348
02/01/2005,SGJ,FL,ASO,ES,Federal Contract Tower,0,7,56,2,65,0,0,48,9,57,0,7,104,11,122,18,52,70,192
02/02/2005,SGJ,FL,ASO,ES,Federal Contract Tower,0,14,20,2,36,0,0,16,0,16,0,14,36,2,52,0,0,0,52
02/03/2005,SGJ,FL,ASO,ES,Federal Contract Tower,2,22,49,0,73,0,0,75,0,75,2,22,124,0,148,24,0,24,172
02/04/2005,SGJ,FL,ASO,ES,Federal Contract Tower,2,45,38,0,85,0,1,80,0,81,2,46,118,0,166,82,0,82,248
02/05/2005,SGJ,FL,ASO,ES,Federal Contract Tower,0,39,31,0,70,0,0,111,2,113,0,39,142,2,183,80,0,80,263
02/06/2005,SGJ,FL,ASO,ES,Federal Contract Tower,0,59,49,0,108,0,0,59,0,59,0,59,108,0,167,0,0,0,167
02/07/2005,SGJ,FL,ASO,ES,Federal Contract Tower,7,79,107,2,195,0,0,146,5,151,7,79,253,7,346,58,20,78,424
02/08/2005,SGJ,FL,ASO,ES,Federal Contract Tower,0,11,24,6,41,0,0,178,12,190,0,11,202,18,231,276,48,324,555
02/09/2005,SGJ,FL,ASO,ES,Federal Contract Tower,0,8,35,2,45,0,0,229,10,239,0,8,264,12,284,328,90,418,702
02/10/2005,SGJ,FL,ASO,ES,Federal Contract Tower,0,15,50,9,74,0,0,143,10,153,0,15,193,19,227,104,0,104,331
02/11/2005,SGJ,FL,ASO,ES,Federal Contract Tower,0,12,39,4,55,0,3,186,6,195,0,15,225,10,250,122,6,128,378
02/12/2005,SGJ,FL,ASO,ES,Federal Contract Tower,0,6,37,0,43,0,0,256,0,256,0,6,293,0,299,226,0,226,525
02/13/2005,SGJ,FL,ASO,ES,Federal Contract Tower,0,13,25,0,38,0,0,218,0,218,0,13,243,0,256,226,0,226,482
02/14/2005,SGJ,FL,ASO,ES,Federal Contract Tower,0,5,21,2,28,0,1,66,6,73,0,6,87,8,101,134,38,172,273
02/15/2005,SGJ,FL,ASO,ES,Federal Contract Tower,0,15,38,7,60,0,0,105,6,111,0,15,143,13,171,196,30,226,397
02/16/2005,SGJ,FL,ASO,ES,Federal Contract Tower,0,15,66,2,83,0,0,191,5,196,0,15,257,7,279,252,6,258,537
02/17/2005,SGJ,FL,ASO,ES,Federal Contract Tower,0,22,61,1,84,0,0,123,19,142,0,22,184,20,226,178,30,208,434
02/18/2005,SGJ,FL,ASO,ES,Federal Contract Tower,0,38,44,3,85,0,8,224,12,244,0,46,268,15,329,214,34,248,577
02/19/2005,SGJ,FL,ASO,ES,Federal Contract Tower,0,18,39,1,58,0,4,262,4,270,0,22,301,5,328,300,0,300,628
02/20/2005,SGJ,FL,ASO,ES,Federal Contract Tower,0,12,44,2,58,0,0,195,2,197,0,12,239,4,255,212,8,220,475
02/21/2005,SGJ,FL,ASO,ES,Federal Contract Tower,0,32,36,0,68,0,0,138,0,138,0,32,174,0,206,134,0,134,340
02/22/2005,SGJ,FL,ASO,ES,Federal Contract Tower,0,15,45,1,61,0,0,131,14,145,0,15,176,15,206,256,90,346,552
02/23/2005,SGJ,FL,ASO,ES,Federal Contract Tower,0,6,53,4,63,0,0,126,9,135,0,6,179,13,198,112,82,194,392
02/24/2005,SGJ,FL,ASO,ES,Federal Contract Tower,0,11,63,0,74,0,0,76,15,91,0,11,139,15,165,192,126,318,483
02/25/2005,SGJ,FL,ASO,ES,Federal Contract Tower,0,14,40,3,57,0,0,0,0,0,0,14,40,3,57,0,0,0,57
02/26/2005,SGJ,FL,ASO,ES,Federal Contract Tower,0,6,59,0,65,0,0,27,4,31,0,6,86,4,96,44,0,44,140
02/27/2005,SGJ,FL,ASO,ES,Federal Contract Tower,0,7,11,2,20,0,1,0,0,1,0,8,11,2,21,0,0,0,21
02/28/2005,SGJ,FL,ASO,ES,Federal Contract Tower,0,7,36,1,44,0,7,64,16,87,0,14,100,17,131,106,116,222,353
03/01/2005,SGJ,FL,ASO,ES,Federal Contract Tower,0,6,30,3,39,0,0,113,23,136,0,6,143,26,175,164,36,200,375
03/02/2005,SGJ,FL,ASO,ES,Federal Contract Tower,0,9,59,0,68,0,0,222,24,246,0,9,281,24,314,460,66,526,840
03/03/2005,SGJ,FL,ASO,ES,Federal Contract Tower,0,14,52,1,67,0,6,101,13,120,0,20,153,14,187,168,50,218,405
03/04/2005,SGJ,FL,ASO,ES,Federal Contract Tower,0,19,43,7,69,0,0,220,17,237,0,19,263,24,306,394,18,412,718
03/05/2005,SGJ,FL,ASO,ES,Federal Contract Tower,1,10,42,0,53,0,0,226,5,231,1,10,268,5,284,274,0,274,558
03/06/2005,SGJ,FL,ASO,ES,Federal Contract Tower,0,24,43,0,67,0,0,224,0,224,0,24,267,0,291,384,0,384,675
03/07/2005,SGJ,FL,ASO,ES,Federal Contract Tower,0,18,46,0,64,0,0,154,16,170,0,18,200,16,234,278,12,290,524
03/08/2005,SGJ,FL,ASO,ES,Federal Contract Tower,0,10,24,9,43,0,0,46,11,57,0,10,70,20,100,58,12,70,170
03/09/2005,SGJ,FL,ASO,ES,Federal Contract Tower,0,6,42,0,48,0,0,132,29,161,0,6,174,29,209,168,82,250,459
03/10/2005,SGJ,FL,ASO,ES,Federal Contract Tower,0,15,39,1,55,0,0,162,31,193,0,15,201,32,248,212,30,242,490
03/11/2005,SGJ,FL,ASO,ES,Federal Contract Tower,0,17,47,0,64,0,2,156,25,183,0,19,203,25,247,142,18,160,407
03/12/2005,SGJ,FL,ASO,ES,Federal Contract Tower,0,6,31,0,37,0,0,174,2,176,0,6,205,2,213,86,0,86,299
03/13/2005,SGJ,FL,ASO,ES,Federal Contract Tower,0,14,46,0,60,0,0,173,3,176,0,14,219,3,236,156,2,158,394
03/14/2005,SGJ,FL,ASO,ES,Federal Contract Tower,0,15,34,4,53,0,0,94,3,97,0,15,128,7,150,126,2,128,278
03/15/2005,SGJ,FL,ASO,ES,Federal Contract Tower,0,7,35,3,45,0,0,8,2,10,0,7,43,5,55,0,0,0,55
03/16/2005,SGJ,FL,ASO,ES,Federal Contract Tower,0,17,38,2,57,0,0,26,1,27,0,17,64,3,84,26,24,50,134
03/17/2005,SGJ,FL,ASO,ES,Federal Contract Tower,0,31,36,5,72,0,0,0,0,0,0,31,36,5,72,0,0,0,72
03/18/2005,SGJ,FL,ASO,ES,Federal Contract Tower,0,31,63,0,94,0,0,71,1,72,0,31,134,1,166,230,0,230,396
03/19/2005,SGJ,FL,ASO,ES,Federal Contract Tower,0,11,55,0,66,0,0,253,2,255,0,11,308,2,321,176,0,176,497
03/20/2005,SGJ,FL,ASO,ES,Federal Contract Tower,0,17,27,1,45,0,0,240,1,241,0,17,267,2,286,168,0,168,454
03/21/2005,SGJ,FL,ASO,ES,Federal Contract Tower,0,24,39,2,65,0,0,164,11,175,0,24,203,13,240,282,34,316,556
03/22/2005,SGJ,FL,ASO,ES,Federal Contract Tower,0,17,33,0,50,0,0,27,0,27,0,17,60,0,77,6,0,6,83
03/23/2005,SGJ,FL,ASO,ES,Federal Contract Tower,0,26,45,0,71,0,0,92,14,106,0,26,137,14,177,136,78,214,391
03/24/2005,SGJ,FL,ASO,ES,Federal Contract Tower,0,25,60,2,87,0,0,240,15,255,0,25,300,17,342,228,8,236,578
03/25/2005,SGJ,FL,ASO,ES,Federal Contract Tower,0,13,60,0,73,0,0,21,0,21,0,13,81,0,94,24,0,24,118
03/26/2005,SGJ,FL,ASO,ES,Federal Contract Tower,0,17,38,0,55,0,0,20,0,20,0,17,58,0,75,26,0,26,101
03/27/2005,SGJ,FL,ASO,ES,Federal Contract Tower,0,14,39,0,53,0,0,92,2,94,0,14,131,2,147,132,0,132,279
03/28/2005,SGJ,FL,ASO,ES,Federal Contract Tower,0,47,69,1,117,0,0,49,2,51,0,47,118,3,168,18,0,18,186
03/29/2005,SGJ,FL,ASO,ES,Federal Contract Tower,0,19,56,2,77,0,0,211,5,216,0,19,267,7,293,288,34,322,615
03/30/2005,SGJ,FL,ASO,ES,Federal Contract Tower,0,9,45,2,56,0,0,234,4,238,0,9,279,6,294,376,2,378,672
03/31/2005,SGJ,FL,ASO,ES,Federal Contract Tower,0,19,42,6,67,0,0,172,13,185,0,19,214,19,252,264,66,330,582
04/01/2005,SGJ,FL,ASO,ES,Federal Contract Tower,0,6,44,2,52,0,0,141,10,151,0,6,185,12,203,192,8,200,403
04/02/2005,SGJ,FL,ASO,ES,Federal Contract Tower,0,12,33,0,45,0,0,112,0,112,0,12,145,0,157,112,0,112,269
04/03/2005,SGJ,FL,ASO,ES,Federal Contract Tower,0,10,48,2,60,0,0,175,0,175,0,10,223,2,235,240,0,240,475
04/04/2005,SGJ,FL,ASO,ES,Federal Contract Tower,0,10,34,1,45,0,3,184,3,190,0,13,218,4,235,278,4,282,517
04/05/2005,SGJ,FL,ASO,ES,Federal Contract Tower,0,5,30,2,37,0,0,158,17,175,0,5,188,19,212,294,8,302,514
04/06/2005,SGJ,FL,ASO,ES,Federal Contract Tower,0,6,55,4,65,0,0,190,7,197,0,6,245,11,262,270,34,304,566
04/07/2005,SGJ,FL,ASO,ES,Federal Contract Tower,0,7,35,1,43,0,2,34,0,36,0,9,69,1,79,58,10,68,147
04/08/2005,SGJ,FL,ASO,ES,Federal Contract Tower,0,27,32,1,60,0,1,186,0,187,0,28,218,1,247,168,0,168,415
04/09/2005,SGJ,FL,ASO,ES,Federal Contract Tower,0,4,44,0,48,0,0,216,0,216,0,4,260,0,264,286,0,286,550
04/10/2005,SGJ,FL,ASO,ES,Federal Contract Tower,0,8,32,0,40,0,0,183,0,183,0,8,215,0,223,144,0,144,367
04/11/2005,SGJ,FL,ASO,ES,Federal Contract Tower,0,14,36,4,54,0,0,144,8,152,0,14,180,12,206,246,10,256,462
04/12/2005,SGJ,FL,ASO,ES,Federal Contract Tower,0,10,28,3,41,0,0,258,3,261,0,10,286,6,302,248,0,248,550
04/13/2005,SGJ,FL,ASO,ES,Federal Contract Tower,0,7,62,3,72,0,0,171,18,189,0,7,233,21,261,130,14,144,405
04/14/2005,SGJ,FL,ASO,ES,Federal Contract Tower,0,13,90,1,104,0,1,134,11,146,0,14,224,12,250,156,0,156,406
04/15/2005,SGJ,FL,ASO,ES,Federal Contract Tower,0,10,39,1,50,0,1,142,0,143,0,11,181,1,193,74,0,74,267
04/16/2005,SGJ,FL,ASO,ES,Federal Contract Tower,0,22,23,0,45,0,1,127,2,130,0,23,150,2,175,90,0,90,265
04/17/2005,SGJ,FL,ASO,ES,Federal Contract Tower,0,22,28,2,52,0,5,147,2,154,0,27,175,4,206,162,0,162,368
04/18/2005,SGJ,FL,ASO,ES,Federal Contract Tower,0,9,44,1,54,0,1,165,3,169,0,10,209,4,223,224,8,232,455
04/19/2005,SGJ,FL,ASO,ES,Federal Contract Tower,0,14,32,1,47,0,0,208,11,219,0,14,240,12,266,332,32,364,630
04/20/2005,SGJ,FL,ASO,ES,Federal Contract Tower,0,15,36,1,52,0,0,193,13,206,0,15,229,14,258,352,78,430,688
04/21/2005,SGJ,FL,ASO,ES,Federal Contract Tower,0,8,34,2,44,0,0,222,14,236,0,8,256,16,280,340,10,350,630
04/22/2005,SGJ,FL,ASO,ES,Federal Contract Tower,0,21,41,2,64,0,0,188,4,192,0,21,229,6,256,302,0,302,558
04/23/2005,SGJ,FL,ASO,ES,Federal Contract Tower,0,13,30,1,44,0,1,71,0,72,0,14,101,1,116,184,0,184,300
04/24/2005,SGJ,FL,ASO,ES,Federal Contract Tower,0,14,43,3,60,0,0,170,9,179,0,14,213,12,239,200,0,200,439
04/25/2005,SGJ,FL,ASO,ES,Federal Contract Tower,0,27,24,2,53,0,0,198,4,202,0,27,222,6,255,242,8,250,505
04/26/2005,SGJ,FL,ASO,ES,Federal Contract Tower,0,25,33,3,61,0,0,94,0,94,0,25,127,3,155,200,0,200,355
04/27/2005,SGJ,FL,ASO,ES,Federal Contract Tower,0,19,47,3,69,0,4,135,18,157,0,23,182,21,226,190,52,242,468
04/28/2005,SGJ,FL,ASO,ES,Federal Contract Tower,0,13,32,1,46,0,0,223,11,234,0,13,255,12,280,330,28,358,638
04/29/2005,SGJ,FL,ASO,ES,Federal Contract Tower,0,19,21,3,43,0,1,158,1,160,0,20,179,4,203,140,0,140,343
04/30/2005,SGJ,FL,ASO,ES,Federal Contract Tower,0,3,26,2,31,0,0,192,4,196,0,3,218,6,227,168,0,168,395
05/01/2005,SGJ,FL,ASO,ES,Federal Contract Tower,0,25,34,3,62,0,0,95,0,95,0,25,129,3,157,198,0,198,355
05/02/2005,SGJ,FL,ASO,ES,Federal Contract Tower,0,13,22,0,35,0,0,138,12,150,0,13,160,12,185,268,0,268,453
05/03/2005,SGJ,FL,ASO,ES,Federal Contract Tower,0,13,41,2,56,0,0,163,3,166,0,13,204,5,222,298,0,298,520
05/04/2005,SGJ,FL,ASO,ES,Federal Contract Tower,0,11,34,1,46,0,0,6,0,6,0,11,40,1,52,4,0,4,56
05/05/2005,SGJ,FL,ASO,ES,Federal Contract Tower,0,24,26,0,50,0,0,1,1,2,0,24,27,1,52,0,0,0,52
05/06/2005,SGJ,FL,ASO,ES,Federal Contract Tower,0,22,45,0,67,0,0,68,0,68,0,22,113,0,135,236,0,236,371
05/07/2005,SGJ,FL,ASO,ES,Federal Contract Tower,0,3,22,0,25,0,0,228,48,276,0,3,250,48,301,364,0,364,665
05/08/2005,SGJ,FL,ASO,ES,Federal Contract Tower,0,15,26,1,42,0,0,152,3,155,0,15,178,4,197,304,0,304,501
05/09/2005,SGJ,FL,ASO,ES,Federal Contract Tower,0,13,11,3,27,0,0,191,2,193,0,13,202,5,220,156,4,160,380
05/10/2005,SGJ,FL,ASO,ES,Federal Contract Tower,0,24,21,4,49,0,1,180,10,191,0,25,201,14,240,268,20,288,528
05/11/2005,SGJ,FL,ASO,ES,Federal Contract Tower,0,17,25,1,43,0,0,147,9,156,0,17,172,10,199,302,4,306,505
05/12/2005,SGJ,FL,ASO,ES,Federal Contract Tower,0,15,44,7,66,0,0,156,6,162,0,15,200,13,228,178,4,182,410
05/13/2005,SGJ,FL,ASO,ES,Federal Contract Tower,0,22,23,0,45,0,5,162,8,175,0,27,185,8,220,178,0,178,398
05/14/2005,SGJ,FL,ASO,ES,Federal Contract Tower,0,4,20,0,24,0,0,187,10,197,0,4,207,10,221,218,0,218,439
05/15/2005,SGJ,FL,ASO,ES,Federal Contract Tower,0,25,33,1,59,0,0,149,2,151,0,25,182,3,210,208,6,214,424
05/16/2005,SGJ,FL,ASO,ES,Federal Contract Tower,0,32,38,3,73,0,0,157,5,162,0,32,195,8,235,140,0,140,375
05/17/2005,SGJ,FL,ASO,ES,Federal Contract Tower,0,19,31,5,55,0,0,128,20,148,0,19,159,25,203,198,22,220,423
05/18/2005,SGJ,FL,ASO,ES,Federal Contract Tower,0,16,23,1,40,0,1,168,3,172,0,17,191,4,212,226,14,240,452
05/19/2005,SGJ,FL,ASO,ES,Federal Contract Tower,0,16,41,1,58,0,0,210,6,216,0,16,251,7,274,200,18,218,492
05/20/2005,SGJ,FL,ASO,ES,Federal Contract Tower,0,13,18,1,32,0,1,111,7,119,0,14,129,8,151,154,0,154,305
05/21/2005,SGJ,FL,ASO,ES,Federal Contract Tower,0,16,44,0,60,0,0,116,2,118,0,16,160,2,178,48,0,48,226
05/22/2005,SGJ,FL,ASO,ES,Federal Contract Tower,0,13,34,4,51,0,0,154,0,154,0,13,188,4,205,120,0,120,325
05/23/2005,SGJ,FL,ASO,ES,Federal Contract Tower,0,19,49,1,69,0,0,170,2,172,0,19,219,3,241,194,34,228,469
05/24/2005,SGJ,FL,ASO,ES,Federal Contract Tower,0,8,41,2,51,0,0,132,8,140,0,8,173,10,191,232,64,296,487
05/25/2005,SGJ,FL,ASO,ES,Federal Contract Tower,0,11,43,2,56,0,0,158,6,164,0,11,201,8,220,204,20,224,444
05/26/2005,SGJ,FL,ASO,ES,Federal Contract Tower,0,21,38,4,63,0,2,173,9,184,0,23,211,13,247,188,6,194,441
05/27/2005,SGJ,FL,ASO,ES,Federal Contract Tower,0,10,42,3,55,0,0,169,0,169,0,10,211,3,224,236,0,236,460
05/28/2005,SGJ,FL,ASO,ES,Federal Contract Tower,0,8,34,0,42,0,0,134,3,137,0,8,168,3,179,136,0,136,315
05/29/2005,SGJ,FL,ASO,ES,Federal Contract Tower,0,8,29,0,37,0,0,176,0,176,0,8,205,0,213,180,0,180,393
05/30/2005,SGJ,FL,ASO,ES,Federal Contract Tower,0,19,43,0,62,0,1,138,0,139,0,20,181,0,201,138,0,138,339
05/31/2005,SGJ,FL,ASO,ES,Federal Contract Tower,0,11,18,2,31,0,0,48,0,48,0,11,66,2,79,92,10,102,181
06/01/2005,SGJ,FL,ASO,ES,Federal Contract Tower,0,8,25,2,35,0,0,54,8,62,0,8,79,10,97,104,34,138,235
06/02/2005,SGJ,FL,ASO,ES,Federal Contract Tower,0,4,56,2,62,0,0,84,11,95,0,4,140,13,157,92,22,114,271
06/03/2005,SGJ,FL,ASO,ES,Federal Contract Tower,0,11,25,4,40,0,0,121,0,121,0,11,146,4,161,120,0,120,281
06/04/2005,SGJ,FL,ASO,ES,Federal Contract Tower,0,11,30,0,41,0,0,125,9,134,0,11,155,9,175,174,0,174,349
06/05/2005,SGJ,FL,ASO,ES,Federal Contract Tower,0,14,28,0,42,0,0,132,1,133,0,14,160,1,175,128,0,128,303
06/06/2005,SGJ,FL,ASO,ES,Federal Contract Tower,0,13,27,3,43,0,0,126,4,130,0,13,153,7,173,160,22,182,355
06/07/2005,SGJ,FL,ASO,ES,Federal Contract Tower,0,9,32,1,42,0,1,145,19,165,0,10,177,20,207,102,0,102,309
06/08/2005,SGJ,FL,ASO,ES,Federal Contract Tower,0,10,48,0,58,0,1,178,8,187,0,11,226,8,245,124,0,124,369
06/09/2005,SGJ,FL,ASO,ES,Federal Contract Tower,0,19,52,4,75,0,3,94,6,103,0,22,146,10,178,130,16,146,324
06/10/2005,SGJ,FL,ASO,ES,Federal Contract Tower,0,9,31,0,40,0,0,91,4,95,0,9,122,4,135,88,4,92,227
06/11/2005,SGJ,FL,ASO,ES,Federal Contract Tower,0,4,14,0,18,0,0,2,0,2,0,4,16,0,20,0,0,0,20
06/12/2005,SGJ,FL,ASO,ES,Federal Contract Tower,0,15,43,2,60,0,0,44,0,44,0,15,87,2,104,18,0,18,122
06/13/2005,SGJ,FL,ASO,ES,Federal Contract Tower,0,20,42,4,66,0,0,186,7,193,0,20,228,11,259,234,18,252,511
06/14/2005,SGJ,FL,ASO,ES,Federal Contract Tower,0,12,19,2,33,0,1,119,0,120,0,13,138,2,153,244,0,244,397
06/15/2005,SGJ,FL,ASO,ES,Federal Contract Tower,0,11,38,8,57,0,0,113,7,120,0,11,151,15,177,162,6,168,345
06/16/2005,SGJ,FL,ASO,ES,Federal Contract Tower,0,8,50,6,64,0,0,114,10,124,0,8,164,16,188,160,22,182,370
06/17/2005,SGJ,FL,ASO,ES,Federal Contract Tower,0,12,46,3,61,0,0,107,7,114,0,12,153,10,175,180,0,180,355
06/18/2005,SGJ,FL,ASO,ES,Federal Contract Tower,0,12,36,0,48,0,0,159,5,164,0,12,195,5,212,247,0,247,459
06/19/2005,SGJ,FL,ASO,ES,Federal Contract Tower,0,8,40,6,54,0,0,109,2,111,0,8,149,8,165,100,0,100,265
06/20/2005,SGJ,FL,ASO,ES,Federal Contract Tower,0,13,52,4,69,0,0,117,4,121,0,13,169,8,190,122,0,122,312
06/21/2005,SGJ,FL,ASO,ES,Federal Contract Tower,0,14,35,0,49,0,1,118,4,123,0,15,153,4,172,136,18,154,326
06/22/2005,SGJ,FL,ASO,ES,Federal Contract Tower,0,7,42,4,53,0,0,176,7,183,0,7,218,11,236,236,4,240,476
06/23/2005,SGJ,FL,ASO,ES,Federal Contract Tower,0,20,44,3,67,0,1,178,10,189,0,21,222,13,256,182,38,220,476
06/24/2005,SGJ,FL,ASO,ES,Federal Contract Tower,0,12,22,1,35,0,0,106,4,110,0,12,128,5,145,102,2,104,249
06/25/2005,SGJ,FL,ASO,ES,Federal Contract Tower,0,1,32,0,33,0,0,79,2,81,0,1,111,2,114,152,4,156,270
06/26/2005,SGJ,FL,ASO,ES,Federal Contract Tower,0,9,45,2,56,0,0,178,7,185,0,9,223,9,241,146,18,164,405
06/27/2005,SGJ,FL,ASO,ES,Federal Contract Tower,0,6,19,5,30,0,0,107,1,108,0,6,126,6,138,196,12,208,346
06/28/2005,SGJ,FL,ASO,ES,Federal Contract Tower,0,5,33,2,40,0,1,53,0,54,0,6,86,2,94,128,0,128,222
06/29/2005,SGJ,FL,ASO,ES,Federal Contract Tower,0,17,25,0,42,0,0,58,0,58,0,17,83,0,100,186,0,186,286
06/30/2005,SGJ,FL,ASO,ES,Federal Contract Tower,0,13,50,2,65,0,0,61,7,68,0,13,111,9,133,172,10,182,315
07/01/2005,SGJ,FL,ASO,ES,Federal Contract Tower,0,16,39,0,55,0,0,86,0,86,0,16,125,0,141,118,0,118,259
07/02/2005,SGJ,FL,ASO,ES,Federal Contract Tower,0,10,36,0,46,0,0,85,0,85,0,10,121,0,131,132,0,132,263
07/03/2005,SGJ,FL,ASO,ES,Federal Contract Tower,0,4,18,0,22,0,0,67,0,67,0,4,85,0,89,152,0,152,241
07/04/2005,SGJ,FL,ASO,ES,Federal Contract Tower,0,3,32,0,35,0,0,145,2,147,0,3,177,2,182,164,0,164,346
07/05/2005,SGJ,FL,ASO,ES,Federal Contract Tower,0,6,33,1,40,0,0,115,3,118,0,6,148,4,158,142,0,142,300
07/06/2005,SGJ,FL,ASO,ES,Federal Contract Tower,0,9,27,1,37,0,0,103,9,112,0,9,130,10,149,112,10,122,271
07/07/2005,SGJ,FL,ASO,ES,Federal Contract Tower,0,9,43,6,58,0,0,111,10,121,0,9,154,16,179,188,58,246,425
07/08/2005,SGJ,FL,ASO,ES,Federal Contract Tower,0,6,39,0,45,0,1,90,4,95,0,7,129,4,140,130,36,166,306
07/09/2005,SGJ,FL,ASO,ES,Federal Contract Tower,0,7,24,0,31,0,0,62,2,64,0,7,86,2,95,122,0,122,217
07/10/2005,SGJ,FL,ASO,ES,Federal Contract Tower,0,9,11,0,20,0,0,10,0,10,0,9,21,0,30,8,0,8,38
07/11/2005,SGJ,FL,ASO,ES,Federal Contract Tower,0,7,37,0,44,0,3,98,6,107,0,10,135,6,151,144,0,144,295
07/12/2005,SGJ,FL,ASO,ES,Federal Contract Tower,0,12,29,3,44,0,0,128,5,133,0,12,157,8,177,80,38,118,295
07/13/2005,SGJ,FL,ASO,ES,Federal Contract Tower,0,13,41,4,58,0,0,68,4,72,0,13,109,8,130,84,4,88,218
07/14/2005,SGJ,FL,ASO,ES,Federal Contract Tower,0,11,22,0,33,0,0,180,14,194,0,11,202,14,227,168,36,204,431
07/15/2005,SGJ,FL,ASO,ES,Federal Contract Tower,0,24,26,4,54,0,0,131,4,135,0,24,157,8,189,132,4,136,325
07/16/2005,SGJ,FL,ASO,ES,Federal Contract Tower,0,3,34,0,37,0,0,211,2,213,0,3,245,2,250,202,4,206,456
07/17/2005,SGJ,FL,ASO,ES,Federal Contract Tower,0,5,34,2,41,0,0,177,8,185,0,5,211,10,226,136,4,140,366
07/18/2005,SGJ,FL,ASO,ES,Federal Contract Tower,0,8,17,1,26,0,0,164,19,183,0,8,181,20,209,172,48,220,429
07/19/2005,SGJ,FL,ASO,ES,Federal Contract Tower,0,9,27,2,38,0,1,195,16,212,0,10,222,18,250,198,68,266,516
07/20/2005,SGJ,FL,ASO,ES,Federal Contract Tower,0,10,40,2,52,0,0,174,6,180,0,10,214,8,232,194,12,206,438
07/21/2005,SGJ,FL,ASO,ES,Federal Contract Tower,0,8,35,2,45,0,0,142,10,152,0,8,177,12,197,104,34,138,335
07/22/2005,SGJ,FL,ASO,ES,Federal Contract Tower,0,5,46,1,52,0,0,157,3,160,0,5,203,4,212,126,0,126,338
07/23/2005,SGJ,FL,ASO,ES,Federal Contract Tower,0,3,49,0,52,0,0,130,0,130,0,3,179,0,182,182,0,182,364
07/24/2005,SGJ,FL,ASO,ES,Federal Contract Tower,0,6,36,4,46,0,0,127,9,136,0,6,163,13,182,120,0,120,302
07/25/2005,SGJ,FL,ASO,ES,Federal Contract Tower,0,14,38,2,54,0,0,101,11,112,0,14,139,13,166,116,14,130,296
07/26/2005,SGJ,FL,ASO,ES,Federal Contract Tower,0,2,40,5,47,0,0,115,16,131,0,2,155,21,178,116,24,140,318
07/27/2005,SGJ,FL,ASO,ES,Federal Contract Tower,0,10,42,1,53,0,0,142,32,174,0,10,184,33,227,112,30,142,369
07/28/2005,SGJ,FL,ASO,ES,Federal Contract Tower,0,4,53,4,61,0,0,138,15,153,0,4,191,19,214,126,44,170,384
07/29/2005,SGJ,FL,ASO,ES,Federal Contract Tower,0,14,44,1,59,0,0,108,9,117,0,14,152,10,176,94,56,150,326
07/30/2005,SGJ,FL,ASO,ES,Federal Contract Tower,0,8,47,0,55,0,0,228,0,228,0,8,275,0,283,138,0,138,421
07/31/2005,SGJ,FL,ASO,ES,Federal Contract Tower,0,9,42,2,53,0,1,110,1,112,0,10,152,3,165,74,0,74,239
08/01/2005,SGJ,FL,ASO,ES,Federal Contract Tower,0,4,30,0,34,0,0,95,13,108,0,4,125,13,142,104,32,136,278
08/02/2005,SGJ,FL,ASO,ES,Federal Contract Tower,0,8,33,0,41,0,0,130,6,136,0,8,163,6,177,164,14,178,355
08/03/2005,SGJ,FL,ASO,ES,Federal Contract Tower,0,13,36,0,49,0,3,114,19,136,0,16,150,19,185,136,58,194,379
08/04/2005,SGJ,FL,ASO,ES,Federal Contract Tower,0,8,32,3,43,0,1,96,9,106,0,9,128,12,149,128,30,158,307
08/05/2005,SGJ,FL,ASO,ES,Federal Contract Tower,0,4,27,0,31,0,0,78,0,78,0,4,105,0,109,74,0,74,183
08/06/2005,SGJ,FL,ASO,ES,Federal Contract Tower,0,10,49,0,59,0,0,159,6,165,0,10,208,6,224,140,10,150,374
08/07/2005,SGJ,FL,ASO,ES,Federal Contract Tower,0,14,39,7,60,0,0,114,2,116,0,14,153,9,176,126,0,126,302
08/08/2005,SGJ,FL,ASO,ES,Federal Contract Tower,0,12,25,3,40,0,0,110,13,123,0,12,135,16,163,196,34,230,393
08/09/2005,SGJ,FL,ASO,ES,Federal Contract Tower,0,16,24,3,43,0,2,125,11,138,0,18,149,14,181,174,12,186,367
08/10/2005,SGJ,FL,ASO,ES,Federal Contract Tower,0,7,33,2,42,0,0,146,13,159,0,7,179,15,201,210,10,220,421
08/11/2005,SGJ,FL,ASO,ES,Federal Contract Tower,0,7,43,2,52,0,0,70,7,77,0,7,113,9,129,62,2,64,193
08/12/2005,SGJ,FL,ASO,ES,Federal Contract Tower,0,4,48,0,52,0,0,173,2,175,0,4,221,2,227,152,12,164,391
08/13/2005,SGJ,FL,ASO,ES,Federal Contract Tower,0,4,36,0,40,0,0,131,2,133,0,4,167,2,173,102,0,102,275
08/14/2005,SGJ,FL,ASO,ES,Federal Contract Tower,0,5,32,0,37,0,0,175,2,177,0,5,207,2,214,186,0,186,400
08/15/2005,SGJ,FL,ASO,ES,Federal Contract Tower,0,9,21,2,32,0,1,119,15,135,0,10,140,17,167,82,90,172,339
08/16/2005,SGJ,FL,ASO,ES,Federal Contract Tower,0,8,33,4,45,0,2,142,8,152,0,10,175,12,197,72,18,90,287
08/17/2005,SGJ,FL,ASO,ES,Federal Contract Tower,0,9,39,1,49,0,5,140,4,149,0,14,179,5,198,54,12,66,264
08/18/2005,SGJ,FL,ASO,ES,Federal Contract Tower,0,12,25,2,39,0,0,159,13,172,0,12,184,15,211,154,12,166,377
08/19/2005,SGJ,FL,ASO,ES,Federal Contract Tower,0,7,29,2,38,0,1,133,1,135,0,8,162,3,173,84,0,84,257
08/20/2005,SGJ,FL,ASO,ES,Federal Contract Tower,0,3,24,4,31,0,0,191,4,195,0,3,215,8,226,114,0,114,340
08/21/2005,SGJ,FL,ASO,ES,Federal Contract Tower,0,5,24,6,35,0,0,157,10,167,0,5,181,16,202,148,6,154,356
08/22/2005,SGJ,FL,ASO,ES,Federal Contract Tower,0,4,33,3,40,0,0,120,10,130,0,4,153,13,170,114,16,130,300
08/23/2005,SGJ,FL,ASO,ES,Federal Contract Tower,0,19,19,1,39,0,2,150,18,170,0,21,169,19,209,100,76,176,385
08/24/2005,SGJ,FL,ASO,ES,Federal Contract Tower,0,3,45,0,48,0,0,110,6,116,0,3,155,6,164,90,10,100,264
08/25/2005,SGJ,FL,ASO,ES,Federal Contract Tower,0,3,38,1,42,0,0,56,8,64,0,3,94,9,106,46,14,60,166
08/26/2005,SGJ,FL,ASO,ES,Federal Contract Tower,0,8,47,2,57,0,0,72,5,77,0,8,119,7,134,72,10,82,216
08/27/2005,SGJ,FL,ASO,ES,Federal Contract Tower,0,2,42,1,45,0,0,115,4,119,0,2,157,5,164,196,4,200,364
08/28/2005,SGJ,FL,ASO,ES,Federal Contract Tower,0,15,29,3,47,0,1,141,0,142,0,16,170,3,189,140,0,140,329
08/29/2005,SGJ,FL,ASO,ES,Federal Contract Tower,0,3,29,3,35,0,0,125,16,141,0,3,154,19,176,78,26,104,280
08/30/2005,SGJ,FL,ASO,ES,Federal Contract Tower,0,7,31,2,40,0,0,96,10,106,0,7,127,12,146,66,0,66,212
08/31/2005,SGJ,FL,ASO,ES,Federal Contract Tower,0,11,39,0,50,0,1,101,6,108,0,12,140,6,158,100,44,144,302
09/01/2005,SGJ,FL,ASO,ES,Federal Contract Tower,0,7,32,8,47,0,2,113,6,121,0,9,145,14,168,140,0,140,308
09/02/2005,SGJ,FL,ASO,ES,Federal Contract Tower,0,14,53,2,69,0,5,147,0,152,0,19,200,2,221,192,0,192,413
09/03/2005,SGJ,FL,ASO,ES,Federal Contract Tower,0,4,42,5,51,0,0,119,0,119,0,4,161,5,170,36,0,36,206
09/04/2005,SGJ,FL,ASO,ES,Federal Contract Tower,0,5,18,0,23,0,4,113,0,117,0,9,131,0,140,96,0,96,236
09/05/2005,SGJ,FL,ASO,ES,Federal Contract Tower,0,17,39,0,56,0,0,79,0,79,0,17,118,0,135,34,0,34,169
09/06/2005,SGJ,FL,ASO,ES,Federal Contract Tower,0,3,21,2,26,0,0,31,2,33,0,3,52,4,59,0,2,2,61
09/07/2005,SGJ,FL,ASO,ES,Federal Contract Tower,0,8,9,0,17,0,0,9,0,9,0,8,18,0,26,10,0,10,36
09/08/2005,SGJ,FL,ASO,ES,Federal Contract Tower,0,2,15,4,21,0,0,2,0,2,0,2,17,4,23,0,0,0,23
09/09/2005,SGJ,FL,ASO,ES,Federal Contract Tower,0,5,13,2,20,0,0,7,4,11,0,5,20,6,31,2,10,12,43
09/10/2005,SGJ,FL,ASO,ES,Federal Contract Tower,0,6,24,2,32,0,0,155,12,167,0,6,179,14,199,138,0,138,337
09/11/2005,SGJ,FL,ASO,ES,Federal Contract Tower,0,13,23,2,38,0,0,146,3,149,0,13,169,5,187,180,0,180,367
09/12/2005,SGJ,FL,ASO,ES,Federal Contract Tower,0,12,29,9,50,0,2,144,3,149,0,14,173,12,199,184,10,194,393
09/13/2005,SGJ,FL,ASO,ES,Federal Contract Tower,0,12,34,6,52,0,1,169,7,177,0,13,203,13,229,124,8,132,361
09/14/2005,SGJ,FL,ASO,ES,Federal Contract Tower,0,12,38,0,50,0,0,152,9,161,0,12,190,9,211,208,48,256,467
09/15/2005,SGJ,FL,ASO,ES,Federal Contract Tower,0,14,33,9,56,0,0,120,6,126,0,14,153,15,182,168,56,224,406
09/16/2005,SGJ,FL,ASO,ES,Federal Contract Tower,0,9,47,2,58,0,0,163,8,171,0,9,210,10,229,268,0,268,497
09/17/2005,SGJ,FL,ASO,ES,Federal Contract Tower,0,11,38,0,49,0,0,110,0,110,0,11,148,0,159,130,0,130,289
09/18/2005,SGJ,FL,ASO,ES,Federal Contract Tower,0,8,17,0,25,0,0,101,6,107,0,8,118,6,132,60,0,60,192
09/19/2005,SGJ,FL,ASO,ES,Federal Contract Tower,0,19,14,3,36,0,0,122,7,129,0,19,136,10,165,88,36,124,289
09/20/2005,SGJ,FL,ASO,ES,Federal Contract Tower,0,3,32,2,37,0,0,117,11,128,0,3,149,13,165,96,20,116,281
09/21/2005,SGJ,FL,ASO,ES,Federal Contract Tower,0,9,45,0,54,0,2,62,12,76,0,11,107,12,130,62,6,68,198
09/22/2005,SGJ,FL,ASO,ES,Federal Contract Tower,0,11,57,4,72,0,0,100,14,114,0,11,157,18,186,122,18,140,326
09/23/2005,SGJ,FL,ASO,ES,Federal Contract Tower,0,18,27,1,46,0,2,115,18,135,0,20,142,19,181,152,18,170,351
09/24/2005,SGJ,FL,ASO,ES,Federal Contract Tower,0,5,33,1,39,0,0,209,1,210,0,5,242,2,249,228,0,228,477
09/25/2005,SGJ,FL,ASO,ES,Federal Contract Tower,0,13,31,2,46,0,0,182,0,182,0,13,213,2,228,178,0,178,406
09/26/2005,SGJ,FL,ASO,ES,Federal Contract Tower,0,11,37,3,51,0,0,145,14,159,0,11,182,17,210,120,30,150,360
09/27/2005,SGJ,FL,ASO,ES,Federal Contract Tower,0,12,38,4,54,0,4,142,8,154,0,16,180,12,208,104,12,116,324
09/28/2005,SGJ,FL,ASO,ES,Federal Contract Tower,0,19,40,3,62,0,2,141,5,148,0,21,181,8,210,258,26,284,494
09/29/2005,SGJ,FL,ASO,ES,Federal Contract Tower,0,17,21,0,38,0,0,159,0,159,0,17,180,0,197,142,0,142,339
09/30/2005,SGJ,FL,ASO,ES,Federal Contract Tower,0,12,43,5,60,0,0,167,4,171,0,12,210,9,231,198,14,212,443
10/01/2005,SGJ,FL,ASO,ES,Federal Contract Tower,0,8,41,0,49,0,0,183,8,191,0,8,224,8,240,114,26,140,380
10/02/2005,SGJ,FL,ASO,ES,Federal Contract Tower,0,16,22,2,40,0,0,78,2,80,0,16,100,4,120,26,6,32,152
10/03/2005,SGJ,FL,ASO,ES,Federal Contract Tower,0,2,38,2,42,0,0,64,0,64,0,2,102,2,106,76,0,76,182
10/04/2005,SGJ,FL,ASO,ES,Federal Contract Tower,0,4,23,1,28,0,0,13,11,24,0,4,36,12,52,20,0,20,72
10/05/2005,SGJ,FL,ASO,ES,Federal Contract Tower,0,5,18,0,23,0,0,0,0,0,0,5,18,0,23,0,0,0,23
10/06/2005,SGJ,FL,ASO,ES,Federal Contract Tower,0,7,33,1,41,0,0,58,22,80,0,7,91,23,121,50,30,80,201
10/07/2005,SGJ,FL,ASO,ES,Federal Contract Tower,0,21,27,0,48,0,2,41,0,43,0,23,68,0,91,16,0,16,107
10/08/2005,SGJ,FL,ASO,ES,Federal Contract Tower,0,4,32,0,36,0,2,93,2,97,0,6,125,2,133,100,0,100,233
10/09/2005,SGJ,FL,ASO,ES,Federal Contract Tower,0,16,40,0,56,0,0,48,3,51,0,16,88,3,107,108,2,110,217
10/10/2005,SGJ,FL,ASO,ES,Federal Contract Tower,0,12,23,1,36,0,0,160,0,160,0,12,183,1,196,186,0,186,382
10/11/2005,SGJ,FL,ASO,ES,Federal Contract Tower,0,11,32,4,47,0,0,48,5,53,0,11,80,9,100,94,20,114,214
10/12/2005,SGJ,FL,ASO,ES,Federal Contract Tower,0,14,46,4,64,0,0,70,4,74,0,14,116,8,138,148,24,172,310
10/13/2005,SGJ,FL,ASO,ES,Federal Contract Tower,0,6,55,5,66,0,0,34,8,42,0,6,89,13,108,36,26,62,170
10/14/2005,SGJ,FL,ASO,ES,Federal Contract Tower,0,18,46,2,66,0,0,157,11,168,0,18,203,13,234,172,20,192,426
10/15/2005,SGJ,FL,ASO,ES,Federal Contract Tower,0,4,38,0,42,0,0,180,2,182,0,4,218,2,224,164,0,164,388
10/16/2005,SGJ,FL,ASO,ES,Federal Contract Tower,0,11,29,1,41,0,0,224,4,228,0,11,253,5,269,260,0,260,529
10/17/2005,SGJ,FL,ASO,ES,Federal Contract Tower,0,12,22,5,39,0,2,154,10,166,0,14,176,15,205,154,46,200,405
10/18/2005,SGJ,FL,ASO,ES,Federal Contract Tower,0,11,39,2,52,0,5,238,17,260,0,16,277,19,312,238,22,260,572
10/19/2005,SGJ,FL,ASO,ES,Federal Contract Tower,0,20,46,4,70,0,9,155,14,178,0,29,201,18,248,256,38,294,542
10/20/2005,SGJ,FL,ASO,ES,Federal Contract Tower,0,21,39,4,64,0,1,167,7,175,0,22,206,11,239,194,86,280,519
10/21/2005,SGJ,FL,ASO,ES,Federal Contract Tower,0,12,30,1,43,0,0,124,5,129,0,12,154,6,172,159,0,159,331
10/22/2005,SGJ,FL,ASO,ES,Federal Contract Tower,1,5,45,0,51,0,4,141,2,147,1,9,186,2,198,162,0,162,360
10/23/2005,SGJ,FL,ASO,ES,Federal Contract Tower,0,19,18,5,42,0,0,45,0,45,0,19,63,5,87,24,0,24,111
10/24/2005,SGJ,FL,ASO,ES,Federal Contract Tower,0,7,7,0,14,0,2,10,5,17,0,9,17,5,31,10,48,58,89
10/25/2005,SGJ,FL,ASO,ES,Federal Contract Tower,0,10,22,1,33,0,0,109,3,112,0,10,131,4,145,86,0,86,231
10/26/2005,SGJ,FL,ASO,ES,Federal Contract Tower,0,10,37,3,50,0,3,193,7,203,0,13,230,10,253,274,24,298,551
10/27/2005,SGJ,FL,ASO,ES,Federal Contract Tower,0,25,34,1,60,0,0,151,19,170,0,25,185,20,230,184,10,194,424
10/28/2005,SGJ,FL,ASO,ES,Federal Contract Tower,2,18,25,8,53,0,0,157,13,170,2,18,182,21,223,228,30,258,481
10/29/2005,SGJ,FL,ASO,ES,Federal Contract Tower,0,6,34,2,42,0,0,82,0,82,0,6,116,2,124,96,0,96,220
10/30/2005,SGJ,FL,ASO,ES,Federal Contract Tower,0,16,34,1,51,0,4,154,0,158,0,20,188,1,209,112,0,112,321
10/31/2005,SGJ,FL,ASO,ES,Federal Contract Tower,0,21,27,0,48,0,2,95,10,107,0,23,122,10,155,112,8,120,275
11/01/2005,SGJ,FL,ASO,ES,Federal Contract Tower,0,31,28,4,63,0,0,71,12,83,0,31,99,16,146,108,20,128,274
11/02/2005,SGJ,FL,ASO,ES,Federal Contract Tower,0,14,37,0,51,0,0,193,12,205,0,14,230,12,256,330,18,348,604
11/03/2005,SGJ,FL,ASO,ES,Federal Contract Tower,0,11,24,2,37,0,2,175,4,181,0,13,199,6,218,226,6,232,450
11/04/2005,SGJ,FL,ASO,ES,Federal Contract Tower,0,8,37,0,45,0,0,122,3,125,0,8,159,3,170,190,0,190,360
11/05/2005,SGJ,FL,ASO,ES,Federal Contract Tower,0,4,9,0,13,0,2,141,0,143,0,6,150,0,156,268,0,268,424
11/06/2005,SGJ,FL,ASO,ES,Federal Contract Tower,0,5,40,1,46,0,0,177,5,182,0,5,217,6,228,198,2,200,428
11/07/2005,SGJ,FL,ASO,ES,Federal Contract Tower,0,6,41,2,49,0,0,132,5,137,0,6,173,7,186,296,2,298,484
11/08/2005,SGJ,FL,ASO,ES,Federal Contract Tower,0,11,57,1,69,0,1,165,6,172,0,12,222,7,241,356,6,362,603
11/09/2005,SGJ,FL,ASO,ES,Federal Contract Tower,0,12,56,6,74,0,0,161,4,165,0,12,217,10,239,242,14,256,495
11/10/2005,SGJ,FL,ASO,ES,Federal Contract Tower,0,15,39,2,56,0,1,134,2,137,0,16,173,4,193,150,0,150,343
11/11/2005,SGJ,FL,ASO,ES,Federal Contract Tower,0,12,42,0,54,0,0,127,4,131,0,12,169,4,185,126,0,126,311
11/12/2005,SGJ,FL,ASO,ES,Federal Contract Tower,0,3,36,0,39,0,0,127,0,127,0,3,163,0,166,152,0,152,318
11/13/2005,SGJ,FL,ASO,ES,Federal Contract Tower,0,6,55,1,62,0,0,182,4,186,0,6,237,5,248,78,0,78,326
11/14/2005,SGJ,FL,ASO,ES,Federal Contract Tower,0,10,39,1,50,0,1,138,14,153,0,11,177,15,203,190,20,210,413
11/15/2005,SGJ,FL,ASO,ES,Federal Contract Tower,0,12,49,5,66,0,0,170,17,187,0,12,219,22,253,228,28,256,509
11/16/2005,SGJ,FL,ASO,ES,Federal Contract Tower,0,23,39,2,64,0,0,148,0,148,0,23,187,2,212,184,0,184,396
11/17/2005,SGJ,FL,ASO,ES,Federal Contract Tower,0,32,51,2,85,0,0,110,18,128,0,32,161,20,213,156,32,188,401
11/18/2005,SGJ,FL,ASO,ES,Federal Contract Tower,0,14,73,4,91,0,9,63,2,74,0,23,136,6,165,100,4,104,269
11/19/2005,SGJ,FL,ASO,ES,Federal Contract Tower,0,10,51,2,63,0,0,72,0,72,0,10,123,2,135,158,0,158,293
11/20/2005,SGJ,FL,ASO,ES,Federal Contract Tower,0,9,23,0,32,0,0,6,0,6,0,9,29,0,38,6,0,6,44
11/21/2005,SGJ,FL,ASO,ES,Federal Contract Tower,0,10,30,4,44,0,1,46,9,56,0,11,76,13,100,30,32,62,162
11/22/2005,SGJ,FL,ASO,ES,Federal Contract Tower,0,14,31,2,47,0,0,132,15,147,0,14,163,17,194,122,36,158,352
11/23/2005,SGJ,FL,ASO,ES,Federal Contract Tower,0,18,60,2,80,0,0,235,6,241,0,18,295,8,321,184,4,188,509
11/24/2005,SGJ,FL,ASO,ES,Federal Contract Tower,0,5,10,0,15,0,0,78,0,78,0,5,88,0,93,60,0,60,153
11/25/2005,SGJ,FL,ASO,ES,Federal Contract Tower,0,4,29,0,33,0,0,181,0,181,0,4,210,0,214,164,0,164,378
11/26/2005,SGJ,FL,ASO,ES,Federal Contract Tower,0,9,51,0,60,0,0,68,0,68,0,9,119,0,128,114,0,114,242
11/27/2005,SGJ,FL,ASO,ES,Federal Contract Tower,0,15,74,0,89,0,2,143,1,146,0,17,217,1,235,132,0,132,367
11/28/2005,SGJ,FL,ASO,ES,Federal Contract Tower,0,9,25,1,35,0,1,52,0,53,0,10,77,1,88,88,0,88,176
11/29/2005,SGJ,FL,ASO,ES,Federal Contract Tower,0,16,29,4,49,0,0,66,7,73,0,16,95,11,122,116,14,130,252
11/30/2005,SGJ,FL,ASO,ES,Federal Contract Tower,0,5,48,2,55,0,0,183,6,189,0,5,231,8,244,188,6,194,438
12/01/2005,SGJ,FL,ASO,ES,Federal Contract Tower,0,15,39,0,54,0,0,224,3,227,0,15,263,3,281,222,40,262,543
12/02/2005,SGJ,FL,ASO,ES,Federal Contract Tower,0,18,46,0,64,0,3,167,6,176,0,21,213,6,240,162,56,218,458
12/03/2005,SGJ,FL,ASO,ES,Federal Contract Tower,0,3,28,2,33,0,1,180,1,182,0,4,208,3,215,242,2,244,459
12/04/2005,SGJ,FL,ASO,ES,Federal Contract Tower,0,8,41,0,49,0,1,172,2,175,0,9,213,2,224,210,0,210,434
12/05/2005,SGJ,FL,ASO,ES,Federal Contract Tower,0,20,15,3,38,0,2,113,9,124,0,22,128,12,162,80,12,92,254
12/06/2005,SGJ,FL,ASO,ES,Federal Contract Tower,0,2,30,4,36,0,2,140,24,166,0,4,170,28,202,118,62,180,382
12/07/2005,SGJ,FL,ASO,ES,Federal Contract Tower,0,16,46,2,64,0,0,139,11,150,0,16,185,13,214,162,46,208,422
12/08/2005,SGJ,FL,ASO,ES,Federal Contract Tower,0,19,26,1,46,0,0,8,8,16,0,19,34,9,62,0,36,36,98
12/09/2005,SGJ,FL,ASO,ES,Federal Contract Tower,0,20,44,2,66,0,5,32,2,39,0,25,76,4,105,88,0,88,193
12/10/2005,SGJ,FL,ASO,ES,Federal Contract Tower,0,11,39,0,50,0,5,184,7,196,0,16,223,7,246,206,0,206,452
12/11/2005,SGJ,FL,ASO,ES,Federal Contract Tower,0,5,30,3,38,0,0,139,7,146,0,5,169,10,184,142,0,142,326
12/12/2005,SGJ,FL,ASO,ES,Federal Contract Tower,0,12,32,8,52,0,0,180,12,192,0,12,212,20,244,160,12,172,416
12/13/2005,SGJ,FL,ASO,ES,Federal Contract Tower,0,15,40,4,59,0,1,215,10,226,0,16,255,14,285,66,24,90,375
12/14/2005,SGJ,FL,ASO,ES,Federal Contract Tower,0,12,42,1,55,0,0,152,8,160,0,12,194,9,215,182,46,228,443
12/15/2005,SGJ,FL,ASO,ES,Federal Contract Tower,0,11,20,2,33,0,6,85,0,91,0,17,105,2,124,72,0,72,196
12/16/2005,SGJ,FL,ASO,ES,Federal Contract Tower,0,14,28,2,44,0,5,145,4,154,0,19,173,6,198,128,0,128,326
12/17/2005,SGJ,FL,ASO,ES,Federal Contract Tower,0,13,24,2,39,0,1,27,0,28,0,14,51,2,67,40,2,42,109
12/18/2005,SGJ,FL,ASO,ES,Federal Contract Tower,0,2,23,4,29,0,0,4,4,8,0,2,27,8,37,0,0,0,37
12/19/2005,SGJ,FL,ASO,ES,Federal Contract Tower,0,12,35,4,51,0,6,45,14,65,0,18,80,18,116,76,4,80,196
12/20/2005,SGJ,FL,ASO,ES,Federal Contract Tower,0,7,36,10,53,0,3,166,15,184,0,10,202,25,237,184,36,220,457
12/21/2005,SGJ,FL,ASO,ES,Federal Contract Tower,0,4,31,3,38,0,0,160,7,167,0,4,191,10,205,126,8,134,339
12/22/2005,SGJ,FL,ASO,ES,Federal Contract Tower,0,13,29,3,45,0,1,94,0,95,0,14,123,3,140,140,22,162,302
12/23/2005,SGJ,FL,ASO,ES,Federal Contract Tower,0,11,23,0,34,0,9,133,0,142,0,20,156,0,176,132,0,132,308
12/24/2005,SGJ,FL,ASO,ES,Federal Contract Tower,0,4,21,0,25,0,6,103,0,109,0,10,124,0,134,100,0,100,234
12/25/2005,SGJ,FL,ASO,ES,Federal Contract Tower,0,5,6,4,15,0,0,12,0,12,0,5,18,4,27,0,0,0,27
12/26/2005,SGJ,FL,ASO,ES,Federal Contract Tower,0,5,45,0,50,0,3,98,0,101,0,8,143,0,151,114,0,114,265
12/27/2005,SGJ,FL,ASO,ES,Federal Contract Tower,0,9,47,0,56,0,3,248,4,255,0,12,295,4,311,116,4,120,431
12/28/2005,SGJ,FL,ASO,ES,Federal Contract Tower,0,15,43,2,60,0,6,169,0,175,0,21,212,2,235,114,2,116,351
12/29/2005,SGJ,FL,ASO,ES,Federal Contract Tower,0,9,34,0,43,0,18,112,8,138,0,27,146,8,181,144,10,154,335
12/30/2005,SGJ,FL,ASO,ES,Federal Contract Tower,0,9,39,0,48,0,6,153,0,159,0,15,192,0,207,156,0,156,363
12/31/2005,SGJ,FL,ASO,ES,Federal Contract Tower,0,9,30,0,39,0,12,137,0,149,0,21,167,0,188,64,0,64,252
01/01/2006,SGJ,FL,ASO,ES,Federal Contract Tower,0,13,29,0,42,0,3,6,5,14,0,16,35,5,56,0,0,0,56
01/02/2006,SGJ,FL,ASO,ES,Federal Contract Tower,0,5,17,0,22,0,16,106,0,122,0,21,123,0,144,88,0,88,232
01/03/2006,SGJ,FL,ASO,ES,Federal Contract Tower,0,6,41,0,47,0,5,150,4,159,0,11,191,4,206,106,2,108,314
01/04/2006,SGJ,FL,ASO,ES,Federal Contract Tower,0,14,29,6,49,0,8,159,10,177,0,22,188,16,226,112,4,116,342
01/05/2006,SGJ,FL,ASO,ES,Federal Contract Tower,0,23,28,2,53,0,0,137,12,149,0,23,165,14,202,62,10,72,274
01/06/2006,SGJ,FL,ASO,ES,Federal Contract Tower,0,12,24,6,42,0,10,112,6,128,0,22,136,12,170,128,0,128,298
01/07/2006,SGJ,FL,ASO,ES,Federal Contract Tower,0,9,24,0,33,0,6,135,2,143,0,15,159,2,176,148,6,154,330
01/08/2006,SGJ,FL,ASO,ES,Federal Contract Tower,0,10,23,2,35,0,3,175,4,182,0,13,198,6,217,126,10,136,353
01/09/2006,SGJ,FL,ASO,ES,Federal Contract Tower,0,7,35,7,49,0,8,144,6,158,0,15,179,13,207,134,16,150,357
01/10/2006,SGJ,FL,ASO,ES,Federal Contract Tower,0,9,26,3,38,0,2,169,13,184,0,11,195,16,222,152,12,164,386
01/11/2006,SGJ,FL,ASO,ES,Federal Contract Tower,0,14,27,4,45,0,0,156,10,166,0,14,183,14,211,158,2,160,371
01/12/2006,SGJ,FL,ASO,ES,Federal Contract Tower,0,12,25,3,40,0,3,135,16,154,0,15,160,19,194,94,10,104,298
01/13/2006,SGJ,FL,ASO,ES,Federal Contract Tower,0,16,27,0,43,0,6,60,3,69,0,22,87,3,112,64,0,64,176
01/14/2006,SGJ,FL,ASO,ES,Federal Contract Tower,0,6,12,1,19,0,7,25,0,32,0,13,37,1,51,20,0,20,71
01/15/2006,SGJ,FL,ASO,ES,Federal Contract Tower,0,3,35,1,39,0,7,166,2,175,0,10,201,3,214,108,0,108,322
01/16/2006,SGJ,FL,ASO,ES,Federal Contract Tower,0,16,35,0,51,0,20,172,0,192,0,36,207,0,243,110,0,110,353
01/17/2006,SGJ,FL,ASO,ES,Federal Contract Tower,0,7,18,2,27,0,2,109,8,119,0,9,127,10,146,52,6,58,204
01/18/2006,SGJ,FL,ASO,ES,Federal Contract Tower,0,8,16,4,28,0,5,122,16,143,0,13,138,20,171,96,14,110,281
01/19/2006,SGJ,FL,ASO,ES,Federal Contract Tower,0,21,21,2,44,0,2,178,10,190,0,23,199,12,234,130,6,136,370
01/20/2006,SGJ,FL,ASO,ES,Federal Contract Tower,0,14,37,7,58,0,4,160,4,168,0,18,197,11,226,212,2,214,440
01/21/2006,SGJ,FL,ASO,ES,Federal Contract Tower,0,5,32,0,37,0,20,230,13,263,0,25,262,13,300,122,4,126,426
01/22/2006,SGJ,FL,ASO,ES,Federal Contract Tower,0,9,56,2,67,0,10,92,2,104,0,19,148,4,171,96,0,96,267
01/23/2006,SGJ,FL,ASO,ES,Federal Contract Tower,0,13,44,2,59,0,6,95,4,105,0,19,139,6,164,166,14,180,344
01/24/2006,SGJ,FL,ASO,ES,Federal Contract Tower,0,13,50,2,65,0,0,110,5,115,0,13,160,7,180,108,18,126,306
01/25/2006,SGJ,FL,ASO,ES,Federal Contract Tower,0,14,40,4,58,0,4,197,2,203,0,18,237,6,261,154,2,156,417
01/26/2006,SGJ,FL,ASO,ES,Federal Contract Tower,0,15,28,2,45,0,0,186,1,187,0,15,214,3,232,92,0,92,324
01/27/2006,SGJ,FL,ASO,ES,Federal Contract Tower,0,15,48,1,64,0,6,123,3,132,0,21,171,4,196,88,0,88,284
01/28/2006,SGJ,FL,ASO,ES,Federal Contract Tower,0,4,25,0,29,0,6,200,0,206,0,10,225,0,235,182,0,182,417
01/29/2006,SGJ,FL,ASO,ES,Federal Contract Tower,0,15,20,0,35,0,15,87,12,114,0,30,107,12,149,76,0,76,225
01/30/2006,SGJ,FL,ASO,ES,Federal Contract Tower,0,14,40,7,61,0,7,39,8,54,0,21,79,15,115,32,6,38,153
01/31/2006,SGJ,FL,ASO,ES,Federal Contract Tower,0,14,51,5,70,0,1,254,11,266,0,15,305,16,336,208,30,238,574
02/01/2006,SGJ,FL,ASO,ES,Federal Contract Tower,0,12,45,3,60,0,0,266,1,267,0,12,311,4,327,198,0,198,525
02/02/2006,SGJ,FL,ASO,ES,Federal Contract Tower,0,17,32,1,50,0,2,107,9,118,0,19,139,10,168,114,12,126,294
02/03/2006,SGJ,FL,ASO,ES,Federal Contract Tower,0,14,26,6,46,0,0,30,4,34,0,14,56,10,80,82,0,82,162
02/04/2006,SGJ,FL,ASO,ES,Federal Contract Tower,0,8,20,0,28,0,6,53,4,63,0,14,73,4,91,14,6,20,111
02/05/2006,SGJ,FL,ASO,ES,Federal Contract Tower,0,9,27,0,36,0,4,133,0,137,0,13,160,0,173,66,0,66,239
02/06/2006,SGJ,FL,ASO,ES,Federal Contract Tower,0,30,14,4,48,0,4,212,7,223,0,34,226,11,271,148,32,180,451
02/07/2006,SGJ,FL,ASO,ES,Federal Contract Tower,0,20,40,1,61,0,0,78,4,82,0,20,118,5,143,144,14,158,301
02/08/2006,SGJ,FL,ASO,ES,Federal Contract Tower,0,18,46,4,68,0,10,228,7,245,0,28,274,11,313,236,16,252,565
02/09/2006,SGJ,FL,ASO,ES,Federal Contract Tower,0,30,21,3,54,0,0,193,13,206,0,30,214,16,260,128,10,138,398
02/10/2006,SGJ,FL,ASO,ES,Federal Contract Tower,0,18,26,3,47,0,6,213,19,238,0,24,239,22,285,198,38,236,521
02/11/2006,SGJ,FL,ASO,ES,Federal Contract Tower,3,12,16,0,31,3,6,32,0,41,6,18,48,0,72,14,0,14,86
02/12/2006,SGJ,FL,ASO,ES,Federal Contract Tower,0,7,30,6,43,0,8,104,2,114,0,15,134,8,157,98,2,100,257
02/13/2006,SGJ,FL,ASO,ES,Federal Contract Tower,0,13,28,3,44,0,4,122,4,130,0,17,150,7,174,178,0,178,352
02/14/2006,SGJ,FL,ASO,ES,Federal Contract Tower,0,19,30,2,51,0,2,133,10,145,0,21,163,12,196,214,0,214,410
02/15/2006,SGJ,FL,ASO,ES,Federal Contract Tower,0,26,30,5,61,0,1,204,0,205,0,27,234,5,266,258,0,258,524
02/16/2006,SGJ,FL,ASO,ES,Federal Contract Tower,0,42,32,4,78,0,6,141,3,150,0,48,173,7,228,210,10,220,448
02/17/2006,SGJ,FL,ASO,ES,Federal Contract Tower,0,29,40,8,77,0,1,177,0,178,0,30,217,8,255,118,6,124,379
02/18/2006,SGJ,FL,ASO,ES,Federal Contract Tower,0,13,55,0,68,0,14,249,0,263,0,27,304,0,331,160,0,160,491
02/19/2006,SGJ,FL,ASO,ES,Federal Contract Tower,0,10,62,1,73,0,3,7,2,12,0,13,69,3,85,20,0,20,105
02/20/2006,SGJ,FL,ASO,ES,Federal Contract Tower,0,16,75,0,91,0,1,4,0,5,0,17,79,0,96,0,0,0,96
02/21/2006,SGJ,FL,ASO,ES,Federal Contract Tower,0,20,32,2,54,0,4,141,2,147,0,24,173,4,201,152,4,156,357
02/22/2006,SGJ,FL,ASO,ES,Federal Contract Tower,0,8,44,3,55,0,4,150,3,157,0,12,194,6,212,208,0,208,420
02/23/2006,SGJ,FL,ASO,ES,Federal Contract Tower,0,5,38,0,43,0,0,7,0,7,0,5,45,0,50,2,12,14,64
02/24/2006,SGJ,FL,ASO,ES,Federal Contract Tower,0,15,43,2,60,0,3,170,7,180,0,18,213,9,240,144,0,144,384
02/25/2006,SGJ,FL,ASO,ES,Federal Contract Tower,0,10,26,2,38,0,6,62,1,69,0,16,88,3,107,120,4,124,231
02/26/2006,SGJ,FL,ASO,ES,Federal Contract Tower,0,9,22,2,33,0,1,42,0,43,0,10,64,2,76,8,0,8,84
02/27/2006,SGJ,FL,ASO,ES,Federal Contract Tower,0,18,36,3,57,0,0,207,20,227,0,18,243,23,284,136,8,144,428
02/28/2006,SGJ,FL,ASO,ES,Federal Contract Tower,0,18,29,6,53,0,3,188,6,197,0,21,217,12,250,210,0,210,460
03/01/2006,SGJ,FL,ASO,ES,Federal Contract Tower,0,21,30,2,53,0,5,194,9,208,0,26,224,11,261,200,24,224,485
03/02/2006,SGJ,FL,ASO,ES,Federal Contract Tower,0,24,24,3,51,0,3,132,16,151,0,27,156,19,202,76,12,88,290
03/03/2006,SGJ,FL,ASO,ES,Federal Contract Tower,0,31,43,1,75,0,5,188,4,197,0,36,231,5,272,118,14,132,404
03/04/2006,SGJ,FL,ASO,ES,Federal Contract Tower,0,7,25,2,34,0,12,106,0,118,0,19,131,2,152,90,2,92,244
03/05/2006,SGJ,FL,ASO,ES,Federal Contract Tower,0,17,39,1,57,0,10,231,3,244,0,27,270,4,301,128,6,134,435
03/06/2006,SGJ,FL,ASO,ES,Federal Contract Tower,0,21,29,4,54,0,18,137,5,160,0,39,166,9,214,106,26,132,346
03/07/2006,SGJ,FL,ASO,ES,Federal Contract Tower,0,7,17,2,26,0,8,95,6,109,0,15,112,8,135,56,14,70,205
03/08/2006,SGJ,FL,ASO,ES,Federal Contract Tower,0,16,26,0,42,0,16,208,11,235,0,32,234,11,277,212,18,230,507
03/09/2006,SGJ,FL,ASO,ES,Federal Contract Tower,0,18,25,2,45,0,8,176,5,189,0,26,201,7,234,88,2,90,324
03/10/2006,SGJ,FL,ASO,ES,Federal Contract Tower,0,19,34,4,57,0,3,173,14,190,0,22,207,18,247,162,0,162,409
03/11/2006,SGJ,FL,ASO,ES,Federal Contract Tower,0,11,36,0,47,0,15,233,2,250,0,26,269,2,297,118,0,118,415
03/12/2006,SGJ,FL,ASO,ES,Federal Contract Tower,0,7,35,0,42,0,11,160,3,174,0,18,195,3,216,120,0,120,336
03/13/2006,SGJ,FL,ASO,ES,Federal Contract Tower,0,10,28,1,39,0,13,144,6,163,0,23,172,7,202,156,48,204,406
03/14/2006,SGJ,FL,ASO,ES,Federal Contract Tower,0,14,24,0,38,0,6,78,4,88,0,20,102,4,126,34,32,66,192
03/15/2006,SGJ,FL,ASO,ES,Federal Contract Tower,0,20,47,5,72,0,11,183,9,203,0,31,230,14,275,154,18,172,447
03/16/2006,SGJ,FL,ASO,ES,Federal Contract Tower,0,21,21,3,45,0,3,171,3,177,0,24,192,6,222,74,4,78,300
03/17/2006,SGJ,FL,ASO,ES,Federal Contract Tower,0,19,27,2,48,0,9,149,6,164,0,28,176,8,212,108,6,114,326
03/18/2006,SGJ,FL,ASO,ES,Federal Contract Tower,0,22,25,0,47,0,11,167,3,181,0,33,192,3,228,88,0,88,316
03/19/2006,SGJ,FL,ASO,ES,Federal Contract Tower,0,20,23,1,44,0,11,191,18,220,0,31,214,19,264,96,24,120,384
03/20/2006,SGJ,FL,ASO,ES,Federal Contract Tower,0,27,44,0,71,0,1,171,0,172,0,28,215,0,243,128,0,128,371
03/21/2006,SGJ,FL,ASO,ES,Federal Contract Tower,0,38,19,0,57,0,2,49,8,59,0,40,68,8,116,22,6,28,144
03/22/2006,SGJ,FL,ASO,ES,Federal Contract Tower,0,12,63,1,76,0,0,236,0,236,0,12,299,1,312,294,0,294,606
03/23/2006,SGJ,FL,ASO,ES,Federal Contract Tower,0,35,36,0,71,0,7,70,6,83,0,42,106,6,154,86,6,92,246
03/24/2006,SGJ,FL,ASO,ES,Federal Contract Tower,0,25,66,1,92,0,6,111,7,124,0,31,177,8,216,174,18,192,408
03/25/2006,SGJ,FL,ASO,ES,Federal Contract Tower,0,20,59,0,79,0,15,190,0,205,0,35,249,0,284,188,0,188,472
03/26/2006,SGJ,FL,ASO,ES,Federal Contract Tower,0,31,79,9,119,0,14,172,0,186,0,45,251,9,305,70,4,74,379
03/27/2006,SGJ,FL,ASO,ES,Federal Contract Tower,0,30,32,3,65,0,5,218,5,228,0,35,250,8,293,208,14,222,515
03/28/2006,SGJ,FL,ASO,ES,Federal Contract Tower,0,23,41,3,67,0,11,248,0,259,0,34,289,3,326,216,2,218,544
03/29/2006,SGJ,FL,ASO,ES,Federal Contract Tower,0,15,43,5,63,0,8,234,6,248,0,23,277,11,311,200,6,206,517
03/30/2006,SGJ,FL,ASO,ES,Federal Contract Tower,0,17,39,2,58,0,4,167,7,178,0,21,206,9,236,204,0,204,440
03/31/2006,SGJ,FL,ASO,ES,Federal Contract Tower,0,18,41,0,59,0,5,173,1,179,0,23,214,1,238,148,0,148,386
04/01/2006,SGJ,FL,ASO,ES,Federal Contract Tower,0,0,35,0,35,0,12,187,0,199,0,12,222,0,234,244,0,244,478
04/02/2006,SGJ,FL,ASO,ES,Federal Contract Tower,0,15,50,2,67,0,11,228,0,239,0,26,278,2,306,200,0,200,506
04/03/2006,SGJ,FL,ASO,ES,Federal Contract Tower,0,19,40,3,62,0,12,164,2,178,0,31,204,5,240,114,14,128,368
04/04/2006,SGJ,FL,ASO,ES,Federal Contract Tower,0,17,32,7,56,0,6,156,7,169,0,23,188,14,225,222,30,252,477
04/05/2006,SGJ,FL,ASO,ES,Federal Contract Tower,0,16,36,3,55,0,2,179,8,189,0,18,215,11,244,184,0,184,428
04/06/2006,SGJ,FL,ASO,ES,Federal Contract Tower,0,15,43,2,60,0,5,183,2,190,0,20,226,4,250,248,6,254,504
04/07/2006,SGJ,FL,ASO,ES,Federal Contract Tower,0,20,38,0,58,0,10,175,4,189,0,30,213,4,247,168,4,172,419
04/08/2006,SGJ,FL,ASO,ES,Federal Contract Tower,0,5,29,0,34,0,18,70,0,88,0,23,99,0,122,78,0,78,200
04/09/2006,SGJ,FL,ASO,ES,Federal Contract Tower,0,12,47,0,59,0,5,57,8,70,0,17,104,8,129,24,0,24,153
04/10/2006,SGJ,FL,ASO,ES,Federal Contract Tower,0,17,28,1,46,0,6,90,6,102,0,23,118,7,148,26,16,42,190
04/11/2006,SGJ,FL,ASO,ES,Federal Contract Tower,0,18,44,3,65,0,15,108,9,132,0,33,152,12,197,148,16,164,361
04/12/2006,SGJ,FL,ASO,ES,Federal Contract Tower,0,27,35,1,63,0,18,112,3,133,0,45,147,4,196,168,18,186,382
04/13/2006,SGJ,FL,ASO,ES,Federal Contract Tower,0,15,49,4,68,0,7,147,13,167,0,22,196,17,235,72,52,124,359
04/14/2006,SGJ,FL,ASO,ES,Federal Contract Tower,0,16,40,0,56,0,14,180,4,198,0,30,220,4,254,94,0,94,348
04/15/2006,SGJ,FL,ASO,ES,Federal Contract Tower,0,4,38,0,42,0,19,189,2,210,0,23,227,2,252,146,0,146,398
04/16/2006,SGJ,FL,ASO,ES,Federal Contract Tower,0,14,47,0,61,0,15,191,1,207,0,29,238,1,268,136,4,140,408
04/17/2006,SGJ,FL,ASO,ES,Federal Contract Tower,0,29,46,2,77,0,7,88,3,98,0,36,134,5,175,48,6,54,229
04/18/2006,SGJ,FL,ASO,ES,Federal Contract Tower,0,16,65,4,85,0,0,31,10,41,0,16,96,14,126,18,8,26,152
04/19/2006,SGJ,FL,ASO,ES,Federal Contract Tower,0,26,39,1,66,0,12,172,9,193,0,38,211,10,259,212,8,220,479
04/20/2006,SGJ,FL,ASO,ES,Federal Contract Tower,0,21,29,1,51,0,5,140,15,160,0,26,169,16,211,158,24,182,393
04/21/2006,SGJ,FL,ASO,ES,Federal Contract Tower,0,15,50,5,70,0,11,167,7,185,0,26,217,12,255,156,4,160,415
04/22/2006,SGJ,FL,ASO,ES,Federal Contract Tower,0,2,20,0,22,0,6,73,0,79,0,8,93,0,101,80,0,80,181
04/23/2006,SGJ,FL,ASO,ES,Federal Contract Tower,0,9,57,0,66,0,7,170,0,177,0,16,227,0,243,206,0,206,449
04/24/2006,SGJ,FL,ASO,ES,Federal Contract Tower,0,14,51,5,70,0,6,148,9,163,0,20,199,14,233,132,6,138,371
04/25/2006,SGJ,FL,ASO,ES,Federal Contract Tower,0,19,40,6,65,0,4,122,6,132,0,23,162,12,197,116,10,126,323
04/26/2006,SGJ,FL,ASO,ES,Federal Contract Tower,0,16,62,0,78,0,2,82,0,84,0,18,144,0,162,74,0,74,236
04/27/2006,SGJ,FL,ASO,ES,Federal Contract Tower,0,20,45,0,65,0,6,105,16,127,0,26,150,16,192,78,18,96,288
04/28/2006,SGJ,FL,ASO,ES,Federal Contract Tower,0,7,51,4,62,0,19,160,0,179,0,26,211,4,241,74,0,74,315
04/29/2006,SGJ,FL,ASO,ES,Federal Contract Tower,0,11,28,2,41,0,15,96,4,115,0,26,124,6,156,28,0,28,184
04/30/2006,SGJ,FL,ASO,ES,Federal Contract Tower,0,12,45,2,59,0,8,82,1,91,0,20,127,3,150,42,4,46,196
05/01/2006,SGJ,FL,ASO,ES,Federal Contract Tower,0,12,30,0,42,0,4,104,0,108,0,16,134,0,150,42,0,42,192
05/02/2006,SGJ,FL,ASO,ES,Federal Contract Tower,0,24,23,4,51,0,5,222,6,233,0,29,245,10,284,110,4,114,398
05/03/2006,SGJ,FL,ASO,ES,Federal Contract Tower,0,4,49,4,57,0,0,184,6,190,0,4,233,10,247,112,0,112,359
05/04/2006,SGJ,FL,ASO,ES,Federal Contract Tower,0,13,31,4,48,0,0,184,14,198,0,13,215,18,246,60,8,68,314
05/05/2006,SGJ,FL,ASO,ES,Federal Contract Tower,0,11,22,2,35,0,0,133,5,138,0,11,155,7,173,2,0,2,175
05/06/2006,SGJ,FL,ASO,ES,Federal Contract Tower,0,0,22,0,22,0,17,60,0,77,0,17,82,0,99,2,0,2,101
05/07/2006,SGJ,FL,ASO,ES,Federal Contract Tower,0,8,22,2,32,0,7,88,3,98,0,15,110,5,130,10,0,10,140
05/08/2006,SGJ,FL,ASO,ES,Federal Contract Tower,0,17,31,4,52,0,4,93,14,111,0,21,124,18,163,68,28,96,259
05/09/2006,SGJ,FL,ASO,ES,Federal Contract Tower,0,20,51,4,75,0,2,35,6,43,0,22,86,10,118,42,0,42,160
05/10/2006,SGJ,FL,ASO,ES,Federal Contract Tower,0,11,62,5,78,0,2,112,8,122,0,13,174,13,200,90,18,108,308
05/11/2006,SGJ,FL,ASO,ES,Federal Contract Tower,0,11,24,0,35,0,0,81,3,84,0,11,105,3,119,66,10,76,195
05/12/2006,SGJ,FL,ASO,ES,Federal Contract Tower,0,9,42,2,53,0,7,165,2,174,0,16,207,4,227,56,0,56,283
05/13/2006,SGJ,FL,ASO,ES,Federal Contract Tower,0,2,29,0,31,0,16,147,2,165,0,18,176,2,196,138,0,138,334
05/14/2006,SGJ,FL,ASO,ES,Federal Contract Tower,0,7,34,0,41,0,29,114,2,145,0,36,148,2,186,138,0,138,324
05/15/2006,SGJ,FL,ASO,ES,Federal Contract Tower,0,20,35,0,55,0,2,102,4,108,0,22,137,4,163,38,0,38,201
05/16/2006,SGJ,FL,ASO,ES,Federal Contract Tower,0,17,58,1,76,0,2,135,15,152,0,19,193,16,228,158,24,182,410
05/17/2006,SGJ,FL,ASO,ES,Federal Contract Tower,0,10,38,0,48,0,2,134,6,142,0,12,172,6,190,52,8,60,250
05/18/2006,SGJ,FL,ASO,ES,Federal Contract Tower,0,12,42,5,59,0,0,102,4,106,0,12,144,9,165,150,0,150,315
05/19/2006,SGJ,FL,ASO,ES,Federal Contract Tower,0,12,48,5,65,0,6,110,1,117,0,18,158,6,182,76,0,76,258
05/20/2006,SGJ,FL,ASO,ES,Federal Contract Tower,0,5,33,3,41,0,26,121,6,153,0,31,154,9,194,170,0,170,364
05/21/2006,SGJ,FL,ASO,ES,Federal Contract Tower,0,14,31,3,48,0,16,159,2,177,0,30,190,5,225,138,2,140,365
05/22/2006,SGJ,FL,ASO,ES,Federal Contract Tower,0,5,23,1,29,0,11,122,6,139,0,16,145,7,168,120,28,148,316
05/23/2006,SGJ,FL,ASO,ES,Federal Contract Tower,0,10,29,0,39,0,14,137,10,161,0,24,166,10,200,154,18,172,372
05/24/2006,SGJ,FL,ASO,ES,Federal Contract Tower,0,6,42,5,53,0,2,97,4,103,0,8,139,9,156,98,4,102,258
05/25/2006,SGJ,FL,ASO,ES,Federal Contract Tower,0,24,42,8,74,0,2,117,5,124,0,26,159,13,198,164,4,168,366
05/26/2006,SGJ,FL,ASO,ES,Federal Contract Tower,0,10,52,0,62,0,20,90,2,112,0,30,142,2,174,86,2,88,262
05/27/2006,SGJ,FL,ASO,ES,Federal Contract Tower,0,6,41,4,51,0,24,164,0,188,0,30,205,4,239,158,8,166,405
05/28/2006,SGJ,FL,ASO,ES,Federal Contract Tower,0,8,13,0,21,0,13,122,0,135,0,21,135,0,156,80,0,80,236
05/29/2006,SGJ,FL,ASO,ES,Federal Contract Tower,0,14,47,2,63,0,20,123,0,143,0,34,170,2,206,96,0,96,302
05/30/2006,SGJ,FL,ASO,ES,Federal Contract Tower,0,7,33,2,42,0,3,91,3,97,0,10,124,5,139,74,2,76,215
05/31/2006,SGJ,FL,ASO,ES,Federal Contract Tower,0,6,45,4,55,0,10,124,4,138,0,16,169,8,193,114,6,120,313
06/01/2006,SGJ,FL,ASO,ES,Federal Contract Tower,0,17,42,4,63,0,0,95,14,109,0,17,137,18,172,88,8,96,268
06/02/2006,SGJ,FL,ASO,ES,Federal Contract Tower,0,5,38,3,46,0,15,70,10,95,0,20,108,13,141,108,0,108,249
06/03/2006,SGJ,FL,ASO,ES,Federal Contract Tower,0,5,24,2,31,0,10,66,6,82,0,15,90,8,113,50,2,52,165
06/04/2006,SGJ,FL,ASO,ES,Federal Contract Tower,0,10,36,5,51,0,8,141,2,151,0,18,177,7,202,160,0,160,362
06/05/2006,SGJ,FL,ASO,ES,Federal Contract Tower,0,13,22,10,45,0,10,145,11,166,0,23,167,21,211,96,18,114,325
06/06/2006,SGJ,FL,ASO,ES,Federal Contract Tower,0,18,35,8,61,0,10,153,4,167,0,28,188,12,228,230,4,234,462
06/07/2006,SGJ,FL,ASO,ES,Federal Contract Tower,0,5,37,5,47,0,2,153,7,162,0,7,190,12,209,178,2,180,389
06/08/2006,SGJ,FL,ASO,ES,Federal Contract Tower,0,23,50,9,82,0,5,154,12,171,0,28,204,21,253,176,10,186,439
06/09/2006,SGJ,FL,ASO,ES,Federal Contract Tower,0,8,33,6,47,0,15,103,14,132,0,23,136,20,179,132,10,142,321
06/10/2006,SGJ,FL,ASO,ES,Federal Contract Tower,0,6,42,0,48,0,20,113,0,133,0,26,155,0,181,128,0,128,309
06/11/2006,SGJ,FL,ASO,ES,Federal Contract Tower,0,1,31,2,34,0,20,89,0,109,0,21,120,2,143,68,0,68,211
06/12/2006,SGJ,FL,ASO,ES,Federal Contract Tower,0,14,11,3,28,0,5,11,0,16,0,19,22,3,44,14,0,14,58
06/13/2006,SGJ,FL,ASO,ES,Federal Contract Tower,0,2,10,0,12,0,0,2,0,2,0,2,12,0,14,4,0,4,18
06/14/2006,SGJ,FL,ASO,ES,Federal Contract Tower,0,14,41,5,60,0,3,95,6,104,0,17,136,11,164,90,50,140,304
06/15/2006,SGJ,FL,ASO,ES,Federal Contract Tower,0,7,32,2,41,0,0,98,4,102,0,7,130,6,143,136,8,144,287
06/16/2006,SGJ,FL,ASO,ES,Federal Contract Tower,0,16,26,1,43,0,8,97,1,106,0,24,123,2,149,64,0,64,213
06/17/2006,SGJ,FL,ASO,ES,Federal Contract Tower,0,8,33,1,42,0,24,157,4,185,0,32,190,5,227,158,0,158,385
06/18/2006,SGJ,FL,ASO,ES,Federal Contract Tower,0,6,38,0,44,0,23,93,0,116,0,29,131,0,160,108,0,108,268
06/19/2006,SGJ,FL,ASO,ES,Federal Contract Tower,0,10,26,3,39,0,23,118,13,154,0,33,144,16,193,190,22,212,405
06/20/2006,SGJ,FL,ASO,ES,Federal Contract Tower,0,9,30,1,40,0,7,136,8,151,0,16,166,9,191,126,20,146,337
06/21/2006,SGJ,FL,ASO,ES,Federal Contract Tower,0,11,44,2,57,0,15,155,5,175,0,26,199,7,232,162,30,192,424
06/22/2006,SGJ,FL,ASO,ES,Federal Contract Tower,0,9,38,5,52,0,10,150,2,162,0,19,188,7,214,104,22,126,340
06/23/2006,SGJ,FL,ASO,ES,Federal Contract Tower,0,6,47,0,53,0,25,99,4,128,0,31,146,4,181,68,8,76,257
06/24/2006,SGJ,FL,ASO,ES,Federal Contract Tower,0,4,42,0,46,0,11,70,3,84,0,15,112,3,130,106,4,110,240
06/25/2006,SGJ,FL,ASO,ES,Federal Contract Tower,0,12,26,0,38,0,12,58,2,72,0,24,84,2,110,112,6,118,228
06/26/2006,SGJ,FL,ASO,ES,Federal Contract Tower,0,17,50,0,67,0,6,57,4,67,0,23,107,4,134,84,10,94,228
06/27/2006,SGJ,FL,ASO,ES,Federal Contract Tower,0,4,53,4,61,0,5,53,2,60,0,9,106,6,121,88,6,94,215
06/28/2006,SGJ,FL,ASO,ES,Federal Contract Tower,0,8,53,2,63,0,4,122,9,135,0,12,175,11,198,130,20,150,348
06/29/2006,SGJ,FL,ASO,ES,Federal Contract Tower,0,18,32,4,54,0,14,177,3,194,0,32,209,7,248,148,12,160,408
06/30/2006,SGJ,FL,ASO,ES,Federal Contract Tower,0,32,47,2,81,0,20,127,8,155,0,52,174,10,236,158,0,158,394
07/01/2006,SGJ,FL,ASO,ES,Federal Contract Tower,0,11,40,2,53,0,8,88,0,96,0,19,128,2,149,114,0,114,263
07/02/2006,SGJ,FL,ASO,ES,Federal Contract Tower,0,2,43,0,45,0,8,103,0,111,0,10,146,0,156,186,0,186,342
07/03/2006,SGJ,FL,ASO,ES,Federal Contract Tower,0,12,30,2,44,0,33,161,0,194,0,45,191,2,238,110,0,110,348
07/04/2006,SGJ,FL,ASO,ES,Federal Contract Tower,0,7,33,2,42,0,6,124,0,130,0,13,157,2,172,92,0,92,264
07/05/2006,SGJ,FL,ASO,ES,Federal Contract Tower,0,6,47,5,58,0,8,106,2,116,0,14,153,7,174,140,4,144,318
07/06/2006,SGJ,FL,ASO,ES,Federal Contract Tower,0,10,19,2,31,0,23,127,13,163,0,33,146,15,194,138,4,142,336
07/07/2006,SGJ,FL,ASO,ES,Federal Contract Tower,0,16,45,2,63,0,4,30,0,34,0,20,75,2,97,32,0,32,129
07/08/2006,SGJ,FL,ASO,ES,Federal Contract Tower,0,17,32,0,49,0,11,118,0,129,0,28,150,0,178,150,0,150,328
07/09/2006,SGJ,FL,ASO,ES,Federal Contract Tower,0,11,27,1,39,0,8,143,8,159,0,19,170,9,198,96,10,106,304
07/10/2006,SGJ,FL,ASO,ES,Federal Contract Tower,0,12,40,0,52,0,19,133,16,168,0,31,173,16,220,124,48,172,392
07/11/2006,SGJ,FL,ASO,ES,Federal Contract Tower,0,13,25,6,44,0,21,114,10,145,0,34,139,16,189,70,34,104,293
07/12/2006,SGJ,FL,ASO,ES,Federal Contract Tower,0,9,47,5,61,0,14,124,10,148,0,23,171,15,209,202,6,208,417
07/13/2006,SGJ,FL,ASO,ES,Federal Contract Tower,0,13,42,3,58,0,5,142,8,155,0,18,184,11,213,196,8,204,417
07/14/2006,SGJ,FL,ASO,ES,Federal Contract Tower,0,9,44,0,53,0,9,114,5,128,0,18,158,5,181,96,0,96,277
07/15/2006,SGJ,FL,ASO,ES,Federal Contract Tower,0,4,37,1,42,0,12,145,1,158,0,16,182,2,200,142,0,142,342
07/16/2006,SGJ,FL,ASO,ES,Federal Contract Tower,0,9,19,1,29,0,17,127,0,144,0,26,146,1,173,76,0,76,249
07/17/2006,SGJ,FL,ASO,ES,Federal Contract Tower,0,14,27,2,43,0,12,104,9,125,0,26,131,11,168,92,14,106,274
07/18/2006,SGJ,FL,ASO,ES,Federal Contract Tower,0,7,51,2,60,0,12,113,12,137,0,19,164,14,197,100,2,102,299
07/19/2006,SGJ,FL,ASO,ES,Federal Contract Tower,0,17,54,2,73,0,21,139,4,164,0,38,193,6,237,104,8,112,349
07/20/2006,SGJ,FL,ASO,ES,Federal Contract Tower,0,3,42,1,46,0,12,96,3,111,0,15,138,4,157,106,26,132,289
07/21/2006,SGJ,FL,ASO,ES,Federal Contract Tower,0,4,46,4,54,0,9,92,4,105,0,13,138,8,159,98,0,98,257
07/22/2006,SGJ,FL,ASO,ES,Federal Contract Tower,0,0,26,0,26,0,12,135,0,147,0,12,161,0,173,92,0,92,265
07/23/2006,SGJ,FL,ASO,ES,Federal Contract Tower,0,11,36,0,47,0,11,60,2,73,0,22,96,2,120,94,0,94,214
07/24/2006,SGJ,FL,ASO,ES,Federal Contract Tower,0,13,26,2,41,0,3,104,4,111,0,16,130,6,152,134,22,156,308
07/25/2006,SGJ,FL,ASO,ES,Federal Contract Tower,0,17,42,3,62,0,18,123,9,150,0,35,165,12,212,116,2,118,330
07/26/2006,SGJ,FL,ASO,ES,Federal Contract Tower,0,8,51,5,64,0,4,115,6,125,0,12,166,11,189,138,26,164,353
07/27/2006,SGJ,FL,ASO,ES,Federal Contract Tower,0,21,32,0,53,0,3,76,6,85,0,24,108,6,138,68,6,74,212
07/28/2006,SGJ,FL,ASO,ES,Federal Contract Tower,0,9,34,2,45,0,3,102,10,115,0,12,136,12,160,74,8,82,242
07/29/2006,SGJ,FL,ASO,ES,Federal Contract Tower,0,4,15,2,21,0,5,131,5,141,0,9,146,7,162,94,0,94,256
07/30/2006,SGJ,FL,ASO,ES,Federal Contract Tower,0,17,27,0,44,0,19,101,0,120,0,36,128,0,164,102,0,102,266
07/31/2006,SGJ,FL,ASO,ES,Federal Contract Tower,0,9,27,0,36,0,11,105,5,121,0,20,132,5,157,160,4,164,321
08/01/2006,SGJ,FL,ASO,ES,Federal Contract Tower,0,12,23,2,37,0,14,152,8,174,0,26,175,10,211,244,20,264,475
08/02/2006,SGJ,FL,ASO,ES,Federal Contract Tower,0,13,39,2,54,0,3,159,6,168,0,16,198,8,222,190,14,204,426
08/03/2006,SGJ,FL,ASO,ES,Federal Contract Tower,0,13,28,5,46,0,7,162,16,185,0,20,190,21,231,142,16,158,389
08/04/2006,SGJ,FL,ASO,ES,Federal Contract Tower,0,11,48,2,61,0,11,104,15,130,0,22,152,17,191,182,18,200,391
08/05/2006,SGJ,FL,ASO,ES,Federal Contract Tower,0,5,27,0,32,0,29,138,4,171,0,34,165,4,203,210,0,210,413
08/06/2006,SGJ,FL,ASO,ES,Federal Contract Tower,0,7,24,9,40,0,17,153,4,174,0,24,177,13,214,186,6,192,406
08/07/2006,SGJ,FL,ASO,ES,Federal Contract Tower,0,20,38,1,59,0,10,129,10,149,0,30,167,11,208,92,8,100,308
08/08/2006,SGJ,FL,ASO,ES,Federal Contract Tower,0,10,41,1,52,0,8,118,11,137,0,18,159,12,189,248,0,248,437
08/09/2006,SGJ,FL,ASO,ES,Federal Contract Tower,0,10,45,5,60,0,1,164,8,173,0,11,209,13,233,184,12,196,429
08/10/2006,SGJ,FL,ASO,ES,Federal Contract Tower,0,20,51,5,76,0,5,131,13,149,0,25,182,18,225,120,36,156,381
08/11/2006,SGJ,FL,ASO,ES,Federal Contract Tower,0,8,31,2,41,0,2,75,1,78,0,10,106,3,119,88,0,88,207
08/12/2006,SGJ,FL,ASO,ES,Federal Contract Tower,0,3,23,0,26,0,15,122,0,137,0,18,145,0,163,140,0,140,303
08/13/2006,SGJ,FL,ASO,ES,Federal Contract Tower,0,3,40,1,44,0,10,32,0,42,0,13,72,1,86,6,0,6,92
08/14/2006,SGJ,FL,ASO,ES,Federal Contract Tower,0,8,19,4,31,0,14,102,7,123,0,22,121,11,154,172,4,176,330
08/15/2006,SGJ,FL,ASO,ES,Federal Contract Tower,0,9,31,1,41,0,5,101,12,118,0,14,132,13,159,152,2,154,313
08/16/2006,SGJ,FL,ASO,ES,Federal Contract Tower,0,8,29,3,40,0,2,109,7,118,0,10,138,10,158,54,6,60,218
08/17/2006,SGJ,FL,ASO,ES,Federal Contract Tower,0,17,30,2,49,0,2,101,2,105,0,19,131,4,154,96,0,96,250
08/18/2006,SGJ,FL,ASO,ES,Federal Contract Tower,0,1,42,4,47,0,1,94,7,102,0,2,136,11,149,72,0,72,221
08/19/2006,SGJ,FL,ASO,ES,Federal Contract Tower,0,1,11,0,12,0,12,50,0,62,0,13,61,0,74,70,0,70,144
08/20/2006,SGJ,FL,ASO,ES,Federal Contract Tower,0,5,31,4,40,0,6,122,0,128,0,11,153,4,168,74,0,74,242
08/21/2006,SGJ,FL,ASO,ES,Federal Contract Tower,0,9,23,11,43,0,4,92,5,101,0,13,115,16,144,72,0,72,216
08/22/2006,SGJ,FL,ASO,ES,Federal Contract Tower,0,13,23,2,38,0,1,90,8,99,0,14,113,10,137,90,2,92,229
08/23/2006,SGJ,FL,ASO,ES,Federal Contract Tower,0,10,23,0,33,0,9,103,6,118,0,19,126,6,151,150,10,160,311
08/24/2006,SGJ,FL,ASO,ES,Federal Contract Tower,0,7,29,1,37,0,5,101,9,115,0,12,130,10,152,120,22,142,294
08/25/2006,SGJ,FL,ASO,ES,Federal Contract Tower,0,8,41,1,50,0,1,18,0,19,0,9,59,1,69,28,0,28,97
08/26/2006,SGJ,FL,ASO,ES,Federal Contract Tower,0,2,20,0,22,0,15,103,0,118,0,17,123,0,140,238,0,238,378
08/27/2006,SGJ,FL,ASO,ES,Federal Contract Tower,0,12,41,3,56,0,8,100,0,108,0,20,141,3,164,126,0,126,290
08/28/2006,SGJ,FL,ASO,ES,Federal Contract Tower,0,10,23,2,35,0,10,125,7,142,0,20,148,9,177,150,0,150,327
08/29/2006,SGJ,FL,ASO,ES,Federal Contract Tower,0,15,35,7,57,0,6,124,9,139,0,21,159,16,196,56,54,110,306
08/30/2006,SGJ,FL,ASO,ES,Federal Contract Tower,0,8,9,0,17,0,0,30,0,30,0,8,39,0,47,34,0,34,81
08/31/2006,SGJ,FL,ASO,ES,Federal Contract Tower,0,7,16,1,24,0,0,29,6,35,0,7,45,7,59,20,26,46,105
09/01/2006,SGJ,FL,ASO,ES,Federal Contract Tower,0,10,32,1,43,0,2,58,2,62,0,12,90,3,105,102,0,102,207
09/02/2006,SGJ,FL,ASO,ES,Federal Contract Tower,0,1,37,0,38,0,10,92,0,102,0,11,129,0,140,134,0,134,274
09/03/2006,SGJ,FL,ASO,ES,Federal Contract Tower,0,6,26,0,32,0,25,105,3,133,0,31,131,3,165,80,0,80,245
09/04/2006,SGJ,FL,ASO,ES,Federal Contract Tower,0,18,35,3,56,0,27,112,0,139,0,45,147,3,195,58,0,58,253
09/05/2006,SGJ,FL,ASO,ES,Federal Contract Tower,0,4,20,0,24,0,5,78,2,85,0,9,98,2,109,36,18,54,163
09/06/2006,SGJ,FL,ASO,ES,Federal Contract Tower,0,8,21,2,31,0,2,80,6,88,0,10,101,8,119,64,32,96,215
09/07/2006,SGJ,FL,ASO,ES,Federal Contract Tower,0,10,32,1,43,0,4,76,6,86,0,14,108,7,129,40,0,40,169
09/08/2006,SGJ,FL,ASO,ES,Federal Contract Tower,0,7,33,9,49,0,1,70,13,84,0,8,103,22,133,164,6,170,303
09/09/2006,SGJ,FL,ASO,ES,Federal Contract Tower,0,1,19,2,22,0,9,85,4,98,0,10,104,6,120,174,0,174,294
09/10/2006,SGJ,FL,ASO,ES,Federal Contract Tower,0,6,13,2,21,0,11,54,0,65,0,17,67,2,86,28,0,28,114
09/11/2006,SGJ,FL,ASO,ES,Federal Contract Tower,0,11,29,2,42,0,4,142,4,150,0,15,171,6,192,96,4,100,292
09/12/2006,SGJ,FL,ASO,ES,Federal Contract Tower,0,5,29,1,35,0,4,80,5,89,0,9,109,6,124,36,10,46,170
09/13/2006,SGJ,FL,ASO,ES,Federal Contract Tower,0,3,30,3,36,0,2,86,8,96,0,5,116,11,132,94,24,118,250
09/14/2006,SGJ,FL,ASO,ES,Federal Contract Tower,0,18,37,2,57,0,4,63,9,76,0,22,100,11,133,26,12,38,171
09/15/2006,SGJ,FL,ASO,ES,Federal Contract Tower,0,6,40,2,48,0,0,105,5,110,0,6,145,7,158,174,2,176,334
09/16/2006,SGJ,FL,ASO,ES,Federal Contract Tower,0,3,28,2,33,0,14,129,6,149,0,17,157,8,182,88,0,88,270
09/17/2006,SGJ,FL,ASO,ES,Federal Contract Tower,0,14,28,1,43,0,22,100,0,122,0,36,128,1,165,117,0,117,282
09/18/2006,SGJ,FL,ASO,ES,Federal Contract Tower,0,19,13,3,35,0,3,117,2,122,0,22,130,5,157,206,0,206,363
09/19/2006,SGJ,FL,ASO,ES,Federal Contract Tower,0,9,21,8,38,0,10,59,6,75,0,19,80,14,113,80,18,98,211
09/20/2006,SGJ,FL,ASO,ES,Federal Contract Tower,0,10,58,3,71,0,6,125,3,134,0,16,183,6,205,126,10,136,341
09/21/2006,SGJ,FL,ASO,ES,Federal Contract Tower,0,14,30,2,46,0,4,156,6,166,0,18,186,8,212,130,42,172,384
09/22/2006,SGJ,FL,ASO,ES,Federal Contract Tower,0,5,43,2,50,0,6,146,5,157,0,11,189,7,207,120,0,120,327
09/23/2006,SGJ,FL,ASO,ES,Federal Contract Tower,0,4,24,0,28,0,4,188,0,192,0,8,212,0,220,62,0,62,282
09/24/2006,SGJ,FL,ASO,ES,Federal Contract Tower,0,14,27,1,42,0,9,165,2,176,0,23,192,3,218,98,0,98,316
09/25/2006,SGJ,FL,ASO,ES,Federal Contract Tower,0,16,21,6,43,0,1,104,2,107,0,17,125,8,150,46,14,60,210
09/26/2006,SGJ,FL,ASO,ES,Federal Contract Tower,0,12,28,2,42,0,9,149,4,162,0,21,177,6,204,160,16,176,380
09/27/2006,SGJ,FL,ASO,ES,Federal Contract Tower,0,18,30,0,48,0,5,135,5,145,0,23,165,5,193,112,12,124,317
09/28/2006,SGJ,FL,ASO,ES,Federal Contract Tower,0,12,25,10,47,0,6,126,26,158,0,18,151,36,205,80,16,96,301
09/29/2006,SGJ,FL,ASO,ES,Federal Contract Tower,0,10,42,0,52,0,4,124,2,130,0,14,166,2,182,168,0,168,350
09/30/2006,SGJ,FL,ASO,ES,Federal Contract Tower,0,6,12,0,18,0,15,137,0,152,0,21,149,0,170,149,0,149,319
10/01/2006,SGJ,FL,ASO,ES,Federal Contract Tower,0,9,28,0,37,0,21,163,0,184,0,30,191,0,221,128,0,128,349
10/02/2006,SGJ,FL,ASO,ES,Federal Contract Tower,0,14,17,6,37,0,0,134,6,140,0,14,151,12,177,100,20,120,297
10/03/2006,SGJ,FL,ASO,ES,Federal Contract Tower,0,17,26,5,48,0,13,99,4,116,0,30,125,9,164,100,18,118,282
10/04/2006,SGJ,FL,ASO,ES,Federal Contract Tower,0,15,23,3,41,0,5,111,1,117,0,20,134,4,158,134,4,138,296
10/05/2006,SGJ,FL,ASO,ES,Federal Contract Tower,0,16,42,2,60,0,9,116,16,141,0,25,158,18,201,50,36,86,287
10/06/2006,SGJ,FL,ASO,ES,Federal Contract Tower,0,11,39,4,54,0,4,123,4,131,0,15,162,8,185,134,12,146,331
10/07/2006,SGJ,FL,ASO,ES,Federal Contract Tower,0,2,44,0,46,0,8,125,0,133,0,10,169,0,179,54,0,54,233
10/08/2006,SGJ,FL,ASO,ES,Federal Contract Tower,0,22,40,0,62,0,18,144,0,162,0,40,184,0,224,100,0,100,324
10/09/2006,SGJ,FL,ASO,ES,Federal Contract Tower,0,8,46,1,55,0,0,155,1,156,0,8,201,2,211,150,0,150,361
10/10/2006,SGJ,FL,ASO,ES,Federal Contract Tower,0,8,31,1,40,0,7,82,16,105,0,15,113,17,145,120,22,142,287
10/11/2006,SGJ,FL,ASO,ES,Federal Contract Tower,0,15,38,2,55,0,0,134,8,142,0,15,172,10,197,140,16,156,353
10/12/2006,SGJ,FL,ASO,ES,Federal Contract Tower,0,15,39,2,56,0,1,97,2,100,0,16,136,4,156,72,30,102,258
10/13/2006,SGJ,FL,ASO,ES,Federal Contract Tower,0,12,37,6,55,0,13,117,13,143,0,25,154,19,198,156,14,170,368
10/14/2006,SGJ,FL,ASO,ES,Federal Contract Tower,0,2,21,2,25,0,18,132,2,152,0,20,153,4,177,66,0,66,243
10/15/2006,SGJ,FL,ASO,ES,Federal Contract Tower,0,4,41,1,46,0,7,141,0,148,0,11,182,1,194,34,0,34,228
10/16/2006,SGJ,FL,ASO,ES,Federal Contract Tower,0,10,45,4,59,0,10,82,11,103,0,20,127,15,162,72,26,98,260
10/17/2006,SGJ,FL,ASO,ES,Federal Contract Tower,0,8,27,3,38,0,1,86,7,94,0,9,113,10,132,114,40,154,286
10/18/2006,SGJ,FL,ASO,ES,Federal Contract Tower,0,11,37,7,55,0,1,96,16,113,0,12,133,23,168,44,34,78,246
10/19/2006,SGJ,FL,ASO,ES,Federal Contract Tower,0,13,50,3,66,0,0,46,7,53,0,13,96,10,119,28,24,52,171
10/20/2006,SGJ,FL,ASO,ES,Federal Contract Tower,0,8,39,3,50,0,1,89,3,93,0,9,128,6,143,96,8,104,247
10/21/2006,SGJ,FL,ASO,ES,Federal Contract Tower,0,8,38,4,50,0,12,122,0,134,0,20,160,4,184,164,0,164,348
10/22/2006,SGJ,FL,ASO,ES,Federal Contract Tower,0,10,31,6,47,0,10,150,2,162,0,20,181,8,209,138,8,146,355
10/23/2006,SGJ,FL,ASO,ES,Federal Contract Tower,0,8,32,1,41,0,4,88,4,96,0,12,120,5,137,60,0,60,197
10/24/2006,SGJ,FL,ASO,ES,Federal Contract Tower,0,9,15,1,25,0,6,109,8,123,0,15,124,9,148,82,12,94,242
10/25/2006,SGJ,FL,ASO,ES,Federal Contract Tower,0,5,38,2,45,0,3,208,24,235,0,8,246,26,280,94,26,120,400
10/26/2006,SGJ,FL,ASO,ES,Federal Contract Tower,0,12,43,3,58,0,4,125,10,139,0,16,168,13,197,94,26,120,317
10/27/2006,SGJ,FL,ASO,ES,Federal Contract Tower,1,14,41,2,58,0,4,82,3,89,1,18,123,5,147,89,0,89,236
10/28/2006,SGJ,FL,ASO,ES,Federal Contract Tower,0,6,38,0,44,0,10,62,1,73,0,16,100,1,117,86,0,86,203
10/29/2006,SGJ,FL,ASO,ES,Federal Contract Tower,0,9,62,0,71,0,14,183,5,202,0,23,245,5,273,98,2,100,373
10/30/2006,SGJ,FL,ASO,ES,Federal Contract Tower,0,16,28,0,44,0,10,137,5,152,0,26,165,5,196,140,8,148,344
10/31/2006,SGJ,FL,ASO,ES,Federal Contract Tower,0,23,44,7,74,0,2,190,5,197,0,25,234,12,271,316,16,332,603
11/01/2006,SGJ,FL,ASO,ES,Federal Contract Tower,0,7,44,4,55,0,0,108,3,111,0,7,152,7,166,128,2,130,296
11/02/2006,SGJ,FL,ASO,ES,Federal Contract Tower,0,27,24,4,55,0,5,118,20,143,0,32,142,24,198,214,74,288,486
11/03/2006,SGJ,FL,ASO,ES,Federal Contract Tower,0,15,44,6,65,0,0,29,0,29,0,15,73,6,94,10,0,10,104
11/04/2006,SGJ,FL,ASO,ES,Federal Contract Tower,0,10,30,0,40,0,14,138,2,154,0,24,168,2,194,44,0,44,238
11/05/2006,SGJ,FL,ASO,ES,Federal Contract Tower,0,21,28,0,49,0,9,91,4,104,0,30,119,4,153,174,0,174,327
11/06/2006,SGJ,FL,ASO,ES,Federal Contract Tower,0,10,38,0,48,0,6,126,5,137,0,16,164,5,185,136,0,136,321
11/07/2006,SGJ,FL,ASO,ES,Federal Contract Tower,0,11,24,3,38,0,0,57,8,65,0,11,81,11,103,230,42,272,375
11/08/2006,SGJ,FL,ASO,ES,Federal Contract Tower,0,10,38,6,54,0,2,112,9,123,0,12,150,15,177,114,18,132,309
11/09/2006,SGJ,FL,ASO,ES,Federal Contract Tower,0,9,38,0,47,0,17,175,13,205,0,26,213,13,252,190,8,198,450
11/10/2006,SGJ,FL,ASO,ES,Federal Contract Tower,0,7,40,0,47,0,7,194,2,203,0,14,234,2,250,162,0,162,412
11/11/2006,SGJ,FL,ASO,ES,Federal Contract Tower,0,0,37,0,37,0,23,145,4,172,0,23,182,4,209,126,0,126,335
11/12/2006,SGJ,FL,ASO,ES,Federal Contract Tower,0,14,28,4,46,0,8,133,1,142,0,22,161,5,188,206,0,206,394
11/13/2006,SGJ,FL,ASO,ES,Federal Contract Tower,0,11,25,3,39,0,8,139,23,170,0,19,164,26,209,154,16,170,379
11/14/2006,SGJ,FL,ASO,ES,Federal Contract Tower,0,2,36,2,40,0,8,170,6,184,0,10,206,8,224,182,48,230,454
11/15/2006,SGJ,FL,ASO,ES,Federal Contract Tower,0,7,41,4,52,0,2,120,7,129,0,9,161,11,181,148,16,164,345
11/16/2006,SGJ,FL,ASO,ES,Federal Contract Tower,0,21,19,2,42,0,0,29,15,44,0,21,48,17,86,54,46,100,186
11/17/2006,SGJ,FL,ASO,ES,Federal Contract Tower,0,13,58,4,75,0,7,177,8,192,0,20,235,12,267,110,8,118,385
11/18/2006,SGJ,FL,ASO,ES,Federal Contract Tower,0,2,35,0,37,0,10,167,3,180,0,12,202,3,217,136,2,138,355
11/19/2006,SGJ,FL,ASO,ES,Federal Contract Tower,0,4,37,0,41,0,7,146,0,153,0,11,183,0,194,76,0,76,270
11/20/2006,SGJ,FL,ASO,ES,Federal Contract Tower,0,0,36,4,40,0,10,146,5,161,0,10,182,9,201,162,4,166,367
11/21/2006,SGJ,FL,ASO,ES,Federal Contract Tower,0,12,40,1,53,0,2,39,14,55,0,14,79,15,108,64,82,146,254
11/22/2006,SGJ,FL,ASO,ES,Federal Contract Tower,0,17,41,0,58,0,1,52,1,54,0,18,93,1,112,74,2,76,188
11/23/2006,SGJ,FL,ASO,ES,Federal Contract Tower,0,2,15,0,17,0,0,56,0,56,0,2,71,0,73,10,0,10,83
11/24/2006,SGJ,FL,ASO,ES,Federal Contract Tower,0,5,21,0,26,0,12,128,1,141,0,17,149,1,167,74,0,74,241
11/25/2006,SGJ,FL,ASO,ES,Federal Contract Tower,0,9,35,0,44,0,10,133,0,143,0,19,168,0,187,104,0,104,291
11/26/2006,SGJ,FL,ASO,ES,Federal Contract Tower,0,12,46,0,58,0,6,112,2,120,0,18,158,2,178,126,0,126,304
11/27/2006,SGJ,FL,ASO,ES,Federal Contract Tower,0,13,35,0,48,0,8,82,0,90,0,21,117,0,138,92,0,92,230
11/28/2006,SGJ,FL,ASO,ES,Federal Contract Tower,0,18,41,5,64,0,2,147,8,157,0,20,188,13,221,178,12,190,411
11/29/2006,SGJ,FL,ASO,ES,Federal Contract Tower,0,9,40,1,50,0,6,128,10,144,0,15,168,11,194,158,30,188,382
11/30/2006,SGJ,FL,ASO,ES,Federal Contract Tower,0,12,35,3,50,0,5,107,13,125,0,17,142,16,175,138,18,156,331
12/01/2006,SGJ,FL,ASO,ES,Federal Contract Tower,2,13,39,8,62,0,7,57,6,70,2,20,96,14,132,98,4,102,234
12/02/2006,SGJ,FL,ASO,ES,Federal Contract Tower,0,4,53,2,59,0,0,30,2,32,0,4,83,4,91,32,0,32,123
12/03/2006,SGJ,FL,ASO,ES,Federal Contract Tower,0,11,51,4,66,0,0,50,8,58,0,11,101,12,124,52,0,52,176
12/04/2006,SGJ,FL,ASO,ES,Federal Contract Tower,0,17,30,1,48,0,6,124,5,135,0,23,154,6,183,158,8,166,349
12/05/2006,SGJ,FL,ASO,ES,Federal Contract Tower,0,19,38,1,58,0,0,168,4,172,0,19,206,5,230,134,2,136,366
12/06/2006,SGJ,FL,ASO,ES,Federal Contract Tower,0,10,38,5,53,0,3,130,3,136,0,13,168,8,189,118,20,138,327
12/07/2006,SGJ,FL,ASO,ES,Federal Contract Tower,0,15,46,5,66,0,3,78,14,95,0,18,124,19,161,116,10,126,287
12/08/2006,SGJ,FL,ASO,ES,Federal Contract Tower,0,6,39,3,48,0,12,76,8,96,0,18,115,11,144,8,34,42,186
12/09/2006,SGJ,FL,ASO,ES,Federal Contract Tower,0,4,31,3,38,0,8,70,2,80,0,12,101,5,118,50,0,50,168
12/10/2006,SGJ,FL,ASO,ES,Federal Contract Tower,0,8,43,5,56,0,10,124,0,134,0,18,167,5,190,116,0,116,306
12/11/2006,SGJ,FL,ASO,ES,Federal Contract Tower,0,14,30,4,48,0,6,132,4,142,0,20,162,8,190,136,30,166,356
12/12/2006,SGJ,FL,ASO,ES,Federal Contract Tower,0,8,49,3,60,0,2,155,7,164,0,10,204,10,224,212,14,226,450
12/13/2006,SGJ,FL,ASO,ES,Federal Contract Tower,0,14,56,2,72,0,8,89,9,106,0,22,145,11,178,142,12,154,332
12/14/2006,SGJ,FL,ASO,ES,Federal Contract Tower,0,9,19,0,28,0,0,3,0,3,0,9,22,0,31,0,0,0,31
12/15/2006,SGJ,FL,ASO,ES,Federal Contract Tower,0,7,39,2,48,0,0,13,0,13,0,7,52,2,61,4,0,4,65
12/16/2006,SGJ,FL,ASO,ES,Federal Contract Tower,0,6,28,0,34,0,17,162,2,181,0,23,190,2,215,214,0,214,429
12/17/2006,SGJ,FL,ASO,ES,Federal Contract Tower,0,2,48,0,50,0,6,169,2,177,0,8,217,2,227,238,0,238,465
12/18/2006,SGJ,FL,ASO,ES,Federal Contract Tower,0,11,31,2,44,0,5,138,8,151,0,16,169,10,195,136,8,144,339
12/19/2006,SGJ,FL,ASO,ES,Federal Contract Tower,0,11,29,4,44,0,10,157,5,172,0,21,186,9,216,158,6,164,380
12/20/2006,SGJ,FL,ASO,ES,Federal Contract Tower,0,10,50,3,63,0,11,111,2,124,0,21,161,5,187,118,22,140,327
12/21/2006,SGJ,FL,ASO,ES,Federal Contract Tower,0,17,44,3,64,0,4,53,0,57,0,21,97,3,121,72,8,80,201
12/22/2006,SGJ,FL,ASO,ES,Federal Contract Tower,0,8,27,0,35,0,1,57,0,58,0,9,84,0,93,90,0,90,183
12/23/2006,SGJ,FL,ASO,ES,Federal Contract Tower,0,3,37,0,40,0,14,66,0,80,0,17,103,0,120,142,0,142,262
12/24/2006,SGJ,FL,ASO,ES,Federal Contract Tower,0,6,19,0,25,0,6,32,0,38,0,12,51,0,63,58,0,58,121
12/25/2006,SGJ,FL,ASO,ES,Federal Contract Tower,0,6,3,0,9,0,0,4,0,4,0,6,7,0,13,0,0,0,13
12/26/2006,SGJ,FL,ASO,ES,Federal Contract Tower,0,10,23,0,33,0,2,44,4,50,0,12,67,4,83,24,0,24,107
12/27/2006,SGJ,FL,ASO,ES,Federal Contract Tower,0,11,49,4,64,0,16,198,0,214,0,27,247,4,278,168,2,170,448
12/28/2006,SGJ,FL,ASO,ES,Federal Contract Tower,0,13,51,0,64,0,23,132,4,159,0,36,183,4,223,126,10,136,359
12/29/2006,SGJ,FL,ASO,ES,Federal Contract Tower,0,8,44,0,52,0,18,117,3,138,0,26,161,3,190,152,0,152,342
12/30/2006,SGJ,FL,ASO,ES,Federal Contract Tower,0,10,31,0,41,0,23,130,0,153,0,33,161,0,194,178,0,178,372
12/31/2006,SGJ,FL,ASO,ES,Federal Contract Tower,0,8,39,0,47,0,21,64,0,85,0,29,103,0,132,94,0,94,226
01/01/2007,SGJ,FL,ASO,ES,Federal Contract Tower,0,13,22,0,35,0,6,27,0,33,0,19,49,0,68,26,0,26,94
01/02/2007,SGJ,FL,ASO,ES,Federal Contract Tower,0,17,37,0,54,0,11,169,0,180,0,28,206,0,234,52,0,52,286
01/03/2007,SGJ,FL,ASO,ES,Federal Contract Tower,0,8,61,0,69,0,0,16,0,16,0,8,77,0,85,14,0,14,99
01/04/2007,SGJ,FL,ASO,ES,Federal Contract Tower,0,10,32,0,42,0,7,76,4,87,0,17,108,4,129,120,10,130,259
01/05/2007,SGJ,FL,ASO,ES,Federal Contract Tower,0,8,37,1,46,0,5,79,3,87,0,13,116,4,133,128,8,136,269
01/06/2007,SGJ,FL,ASO,ES,Federal Contract Tower,0,8,52,0,60,0,13,148,4,165,0,21,200,4,225,106,8,114,339
01/07/2007,SGJ,FL,ASO,ES,Federal Contract Tower,0,10,27,0,37,0,15,126,2,143,0,25,153,2,180,116,0,116,296
01/08/2007,SGJ,FL,ASO,ES,Federal Contract Tower,0,7,27,0,34,0,6,34,0,40,0,13,61,0,74,52,0,52,126
01/09/2007,SGJ,FL,ASO,ES,Federal Contract Tower,0,9,13,3,25,0,6,149,6,161,0,15,162,9,186,146,16,162,348
01/10/2007,SGJ,FL,ASO,ES,Federal Contract Tower,0,13,37,4,54,0,0,123,13,136,0,13,160,17,190,78,14,92,282
01/11/2007,SGJ,FL,ASO,ES,Federal Contract Tower,0,15,29,5,49,0,7,115,7,129,0,22,144,12,178,76,16,92,270
01/12/2007,SGJ,FL,ASO,ES,Federal Contract Tower,0,6,25,3,34,0,4,133,22,159,0,10,158,25,193,94,78,172,365
01/13/2007,SGJ,FL,ASO,ES,Federal Contract Tower,0,1,25,5,31,0,0,117,0,117,0,1,142,5,148,106,10,116,264
01/14/2007,SGJ,FL,ASO,ES,Federal Contract Tower,0,5,20,0,25,0,11,90,0,101,0,16,110,0,126,118,0,118,244
01/15/2007,SGJ,FL,ASO,ES,Federal Contract Tower,0,11,25,7,43,0,13,147,15,175,0,24,172,22,218,164,22,186,404
01/16/2007,SGJ,FL,ASO,ES,Federal Contract Tower,0,24,33,2,59,0,13,158,15,186,0,37,191,17,245,120,20,140,385
01/17/2007,SGJ,FL,ASO,ES,Federal Contract Tower,0,5,38,4,47,0,0,8,3,11,0,5,46,7,58,2,2,4,62
01/18/2007,SGJ,FL,ASO,ES,Federal Contract Tower,0,9,36,0,45,0,0,9,0,9,0,9,45,0,54,0,0,0,54
01/19/2007,SGJ,FL,ASO,ES,Federal Contract Tower,0,8,44,0,52,0,0,169,21,190,0,8,213,21,242,134,12,146,388
01/20/2007,SGJ,FL,ASO,ES,Federal Contract Tower,0,5,34,1,40,0,12,208,2,222,0,17,242,3,262,126,0,126,388
01/21/2007,SGJ,FL,ASO,ES,Federal Contract Tower,0,6,33,0,39,0,2,145,1,148,0,8,178,1,187,124,0,124,311
01/22/2007,SGJ,FL,ASO,ES,Federal Contract Tower,0,6,30,2,38,0,2,36,0,38,0,8,66,2,76,12,0,12,88
01/23/2007,SGJ,FL,ASO,ES,Federal Contract Tower,0,5,47,3,55,0,4,170,6,180,0,9,217,9,235,196,24,220,455
01/24/2007,SGJ,FL,ASO,ES,Federal Contract Tower,0,5,57,4,66,0,3,134,4,141,0,8,191,8,207,162,12,174,381
01/25/2007,SGJ,FL,ASO,ES,Federal Contract Tower,0,10,53,0,63,0,1,106,24,131,0,11,159,24,194,106,58,164,358
01/26/2007,SGJ,FL,ASO,ES,Federal Contract Tower,0,4,41,1,46,0,2,189,5,196,0,6,230,6,242,222,0,222,464
01/27/2007,SGJ,FL,ASO,ES,Federal Contract Tower,0,5,25,0,30,0,18,268,18,304,0,23,293,18,334,114,64,178,512
01/28/2007,SGJ,FL,ASO,ES,Federal Contract Tower,0,12,55,11,78,0,11,120,12,143,0,23,175,23,221,80,16,96,317
01/29/2007,SGJ,FL,ASO,ES,Federal Contract Tower,0,19,49,2,70,0,9,165,16,190,0,28,214,18,260,130,44,174,434
01/30/2007,SGJ,FL,ASO,ES,Federal Contract Tower,0,15,43,0,58,0,13,173,11,197,0,28,216,11,255,150,18,168,423
01/31/2007,SGJ,FL,ASO,ES,Federal Contract Tower,0,4,48,1,53,0,5,157,5,167,0,9,205,6,220,116,26,142,362
02/01/2007,SGJ,FL,ASO,ES,Federal Contract Tower,0,4,30,8,42,0,1,59,18,78,0,5,89,26,120,30,28,58,178
02/02/2007,SGJ,FL,ASO,ES,Federal Contract Tower,0,15,43,0,58,0,5,57,6,68,0,20,100,6,126,72,26,98,224
02/03/2007,SGJ,FL,ASO,ES,Federal Contract Tower,0,5,30,3,38,0,6,88,7,101,0,11,118,10,139,66,4,70,209
02/04/2007,SGJ,FL,ASO,ES,Federal Contract Tower,0,8,30,3,41,0,8,79,1,88,0,16,109,4,129,94,2,96,225
02/05/2007,SGJ,FL,ASO,ES,Federal Contract Tower,0,7,19,5,31,0,3,90,4,97,0,10,109,9,128,90,0,90,218
02/06/2007,SGJ,FL,ASO,ES,Federal Contract Tower,0,12,29,4,45,0,2,174,25,201,0,14,203,29,246,142,84,226,472
02/07/2007,SGJ,FL,ASO,ES,Federal Contract Tower,0,9,29,4,42,0,0,183,8,191,0,9,212,12,233,138,38,176,409
02/08/2007,SGJ,FL,ASO,ES,Federal Contract Tower,0,11,36,0,47,0,4,164,10,178,0,15,200,10,225,128,38,166,391
02/09/2007,SGJ,FL,ASO,ES,Federal Contract Tower,0,9,45,0,54,0,4,105,5,114,0,13,150,5,168,144,0,144,312
02/10/2007,SGJ,FL,ASO,ES,Federal Contract Tower,0,8,40,0,48,0,21,166,6,193,0,29,206,6,241,60,0,60,301
02/11/2007,SGJ,FL,ASO,ES,Federal Contract Tower,0,6,28,2,36,0,18,137,0,155,0,24,165,2,191,110,0,110,301
02/12/2007,SGJ,FL,ASO,ES,Federal Contract Tower,0,12,29,6,47,0,3,120,6,129,0,15,149,12,176,60,38,98,274
02/13/2007,SGJ,FL,ASO,ES,Federal Contract Tower,0,9,19,4,32,0,1,74,2,77,0,10,93,6,109,128,6,134,243
02/14/2007,SGJ,FL,ASO,ES,Federal Contract Tower,0,19,27,5,51,0,4,67,12,83,0,23,94,17,134,86,8,94,228
02/15/2007,SGJ,FL,ASO,ES,Federal Contract Tower,0,20,37,4,61,0,15,155,10,180,0,35,192,14,241,108,6,114,355
02/16/2007,SGJ,FL,ASO,ES,Federal Contract Tower,0,12,54,2,68,0,18,133,6,157,0,30,187,8,225,44,4,48,273
02/17/2007,SGJ,FL,ASO,ES,Federal Contract Tower,0,13,30,0,43,0,19,148,0,167,0,32,178,0,210,48,0,48,258
02/18/2007,SGJ,FL,ASO,ES,Federal Contract Tower,0,13,22,0,35,0,26,62,0,88,0,39,84,0,123,24,0,24,147
02/19/2007,SGJ,FL,ASO,ES,Federal Contract Tower,0,16,33,4,53,0,16,183,0,199,0,32,216,4,252,66,2,68,320
02/20/2007,SGJ,FL,ASO,ES,Federal Contract Tower,0,21,35,3,59,0,14,132,0,146,0,35,167,3,205,180,0,180,385
02/21/2007,SGJ,FL,ASO,ES,Federal Contract Tower,0,16,33,4,53,0,0,100,1,101,0,16,133,5,154,57,0,57,211
02/22/2007,SGJ,FL,ASO,ES,Federal Contract Tower,0,9,49,2,60,0,8,71,5,84,0,17,120,7,144,82,0,82,226
02/23/2007,SGJ,FL,ASO,ES,Federal Contract Tower,0,11,46,1,58,0,7,112,3,122,0,18,158,4,180,120,0,120,300
02/24/2007,SGJ,FL,ASO,ES,Federal Contract Tower,0,7,32,1,40,0,24,158,2,184,0,31,190,3,224,132,0,132,356
02/25/2007,SGJ,FL,ASO,ES,Federal Contract Tower,0,6,28,3,37,0,14,76,0,90,0,20,104,3,127,56,0,56,183
02/26/2007,SGJ,FL,ASO,ES,Federal Contract Tower,0,17,45,4,66,0,1,101,8,110,0,18,146,12,176,52,14,66,242
02/27/2007,SGJ,FL,ASO,ES,Federal Contract Tower,0,34,39,4,77,0,0,170,11,181,0,34,209,15,258,92,2,94,352
02/28/2007,SGJ,FL,ASO,ES,Federal Contract Tower,0,32,31,3,66,0,5,274,10,289,0,37,305,13,355,156,16,172,527
03/01/2007,SGJ,FL,ASO,ES,Federal Contract Tower,0,11,28,0,39,0,4,20,4,28,0,15,48,4,67,28,30,58,125
03/02/2007,SGJ,FL,ASO,ES,Federal Contract Tower,0,25,37,0,62,0,0,2,0,2,0,25,39,0,64,0,0,0,64
03/03/2007,SGJ,FL,ASO,ES,Federal Contract Tower,0,6,41,1,48,0,2,68,0,70,0,8,109,1,118,110,0,110,228
03/04/2007,SGJ,FL,ASO,ES,Federal Contract Tower,0,8,38,0,46,0,6,183,0,189,0,14,221,0,235,54,0,54,289
03/05/2007,SGJ,FL,ASO,ES,Federal Contract Tower,0,15,24,0,39,0,8,177,6,191,0,23,201,6,230,92,4,96,326
03/06/2007,SGJ,FL,ASO,ES,Federal Contract Tower,0,19,20,5,44,0,5,191,14,210,0,24,211,19,254,148,12,160,414
03/07/2007,SGJ,FL,ASO,ES,Federal Contract Tower,0,17,40,3,60,0,8,191,5,204,0,25,231,8,264,144,2,146,410
03/08/2007,SGJ,FL,ASO,ES,Federal Contract Tower,0,21,47,0,68,0,9,233,2,244,0,30,280,2,312,138,0,138,450
03/09/2007,SGJ,FL,ASO,ES,Federal Contract Tower,0,13,50,1,64,0,15,105,7,127,0,28,155,8,191,90,24,114,305
03/10/2007,SGJ,FL,ASO,ES,Federal Contract Tower,0,5,33,5,43,0,20,123,6,149,0,25,156,11,192,86,4,90,282
03/11/2007,SGJ,FL,ASO,ES,Federal Contract Tower,0,11,39,0,50,0,15,148,7,170,0,26,187,7,220,106,0,106,326
03/12/2007,SGJ,FL,ASO,ES,Federal Contract Tower,0,14,40,1,55,0,8,176,5,189,0,22,216,6,244,238,0,238,482
03/13/2007,SGJ,FL,ASO,ES,Federal Contract Tower,0,17,36,2,55,0,11,207,1,219,0,28,243,3,274,184,0,184,458
03/14/2007,SGJ,FL,ASO,ES,Federal Contract Tower,0,7,28,4,39,0,12,182,10,204,0,19,210,14,243,190,14,204,447
03/15/2007,SGJ,FL,ASO,ES,Federal Contract Tower,0,7,35,3,45,0,4,123,6,133,0,11,158,9,178,98,6,104,282
03/16/2007,SGJ,FL,ASO,ES,Federal Contract Tower,0,13,53,2,68,0,4,59,5,68,0,17,112,7,136,112,0,112,248
03/17/2007,SGJ,FL,ASO,ES,Federal Contract Tower,0,44,28,0,72,0,0,172,3,175,0,44,200,3,247,176,0,176,423
03/18/2007,SGJ,FL,ASO,ES,Federal Contract Tower,0,16,31,6,53,0,16,142,2,160,0,32,173,8,213,126,0,126,339
03/19/2007,SGJ,FL,ASO,ES,Federal Contract Tower,0,15,27,3,45,0,12,127,4,143,0,27,154,7,188,82,10,92,280
03/20/2007,SGJ,FL,ASO,ES,Federal Contract Tower,0,11,32,5,48,0,11,221,18,250,0,22,253,23,298,210,66,276,574
03/21/2007,SGJ,FL,ASO,ES,Federal Contract Tower,0,18,43,1,62,0,16,167,6,189,0,34,210,7,251,94,14,108,359
03/22/2007,SGJ,FL,ASO,ES,Federal Contract Tower,0,14,30,0,44,0,5,140,7,152,0,19,170,7,196,86,10,96,292
03/23/2007,SGJ,FL,ASO,ES,Federal Contract Tower,0,6,36,6,48,0,2,156,6,164,0,8,192,12,212,100,6,106,318
03/24/2007,SGJ,FL,ASO,ES,Federal Contract Tower,0,7,32,0,39,0,21,171,2,194,0,28,203,2,233,130,0,130,363
03/25/2007,SGJ,FL,ASO,ES,Federal Contract Tower,0,13,45,5,63,0,17,172,3,192,0,30,217,8,255,138,0,138,393
03/26/2007,SGJ,FL,ASO,ES,Federal Contract Tower,0,10,35,2,47,0,2,125,0,127,0,12,160,2,174,146,0,146,320
03/27/2007,SGJ,FL,ASO,ES,Federal Contract Tower,0,15,40,3,58,0,9,130,4,143,0,24,170,7,201,134,0,134,335
03/28/2007,SGJ,FL,ASO,ES,Federal Contract Tower,0,12,26,1,39,0,7,183,2,192,0,19,209,3,231,100,6,106,337
03/29/2007,SGJ,FL,ASO,ES,Federal Contract Tower,0,29,50,1,80,0,13,148,7,168,0,42,198,8,248,118,38,156,404
03/30/2007,SGJ,FL,ASO,ES,Federal Contract Tower,0,19,58,1,78,0,5,24,0,29,0,24,82,1,107,6,0,6,113
03/31/2007,SGJ,FL,ASO,ES,Federal Contract Tower,0,12,29,1,42,0,15,155,5,175,0,27,184,6,217,174,0,174,391
04/01/2007,SGJ,FL,ASO,ES,Federal Contract Tower,0,8,37,1,46,0,7,139,0,146,0,15,176,1,192,90,0,90,282
04/02/2007,SGJ,FL,ASO,ES,Federal Contract Tower,0,24,40,1,65,0,12,152,3,167,0,36,192,4,232,136,18,154,386
04/03/2007,SGJ,FL,ASO,ES,Federal Contract Tower,0,12,25,5,42,0,13,185,14,212,0,25,210,19,254,134,18,152,406
04/04/2007,SGJ,FL,ASO,ES,Federal Contract Tower,0,22,26,2,50,0,24,185,12,221,0,46,211,14,271,128,14,142,413
04/05/2007,SGJ,FL,ASO,ES,Federal Contract Tower,0,13,34,10,57,0,15,176,12,203,0,28,210,22,260,122,76,198,458
04/06/2007,SGJ,FL,ASO,ES,Federal Contract Tower,0,12,50,4,66,0,20,182,3,205,0,32,232,7,271,170,0,170,441
04/07/2007,SGJ,FL,ASO,ES,Federal Contract Tower,0,4,24,2,30,0,8,164,0,172,0,12,188,2,202,106,0,106,308
04/08/2007,SGJ,FL,ASO,ES,Federal Contract Tower,0,11,34,2,47,0,11,139,2,152,0,22,173,4,199,93,0,93,292
04/09/2007,SGJ,FL,ASO,ES,Federal Contract Tower,0,25,49,5,79,0,4,64,3,71,0,29,113,8,150,86,0,86,236
04/10/2007,SGJ,FL,ASO,ES,Federal Contract Tower,0,20,28,1,49,0,2,65,12,79,0,22,93,13,128,84,28,112,240
04/11/2007,SGJ,FL,ASO,ES,Federal Contract Tower,0,21,22,7,50,0,10,151,1,162,0,31,173,8,212,170,2,172,384
04/12/2007,SGJ,FL,ASO,ES,Federal Contract Tower,0,12,41,1,54,0,6,102,12,120,0,18,143,13,174,166,36,202,376
04/13/2007,SGJ,FL,ASO,ES,Federal Contract Tower,0,19,32,5,56,0,15,131,7,153,0,34,163,12,209,68,0,68,277
04/14/2007,SGJ,FL,ASO,ES,Federal Contract Tower,0,14,32,0,46,0,21,213,0,234,0,35,245,0,280,145,0,145,425
04/15/2007,SGJ,FL,ASO,ES,Federal Contract Tower,0,16,31,0,47,0,0,16,1,17,0,16,47,1,64,0,0,0,64
04/16/2007,SGJ,FL,ASO,ES,Federal Contract Tower,0,27,50,4,81,0,7,133,9,149,0,34,183,13,230,112,10,122,352
04/17/2007,SGJ,FL,ASO,ES,Federal Contract Tower,0,19,38,1,58,0,3,112,12,127,0,22,150,13,185,26,12,38,223
04/18/2007,SGJ,FL,ASO,ES,Federal Contract Tower,0,24,37,1,62,0,6,95,6,107,0,30,132,7,169,48,26,74,243
04/19/2007,SGJ,FL,ASO,ES,Federal Contract Tower,0,14,47,4,65,0,12,124,4,140,0,26,171,8,205,124,16,140,345
04/20/2007,SGJ,FL,ASO,ES,Federal Contract Tower,0,23,46,2,71,0,8,86,2,96,0,31,132,4,167,64,0,64,231
04/21/2007,SGJ,FL,ASO,ES,Federal Contract Tower,0,8,28,0,36,0,15,136,1,152,0,23,164,1,188,70,0,70,258
04/22/2007,SGJ,FL,ASO,ES,Federal Contract Tower,0,15,35,1,51,0,21,162,1,184,0,36,197,2,235,134,0,134,369
04/23/2007,SGJ,FL,ASO,ES,Federal Contract Tower,0,24,34,8,66,0,7,119,5,131,0,31,153,13,197,126,2,128,325
04/24/2007,SGJ,FL,ASO,ES,Federal Contract Tower,0,29,26,5,60,0,7,175,13,195,0,36,201,18,255,84,34,118,373
04/25/2007,SGJ,FL,ASO,ES,Federal Contract Tower,0,20,23,1,44,0,8,192,4,204,0,28,215,5,248,204,0,204,452
04/26/2007,SGJ,FL,ASO,ES,Federal Contract Tower,0,12,31,1,44,0,5,149,8,162,0,17,180,9,206,140,18,158,364
04/27/2007,SGJ,FL,ASO,ES,Federal Contract Tower,0,15,34,6,55,0,3,134,8,145,0,18,168,14,200,104,0,104,304
04/28/2007,SGJ,FL,ASO,ES,Federal Contract Tower,0,10,41,0,51,0,7,100,4,111,0,17,141,4,162,136,4,140,302
04/29/2007,SGJ,FL,ASO,ES,Federal Contract Tower,0,16,35,0,51,0,11,148,4,163,0,27,183,4,214,210,0,210,424
04/30/2007,SGJ,FL,ASO,ES,Federal Contract Tower,0,13,36,6,55,0,0,74,4,78,0,13,110,10,133,66,0,66,199
05/01/2007,SGJ,FL,ASO,ES,Federal Contract Tower,0,12,18,5,35,0,7,163,9,179,0,19,181,14,214,134,10,144,358
05/02/2007,SGJ,FL,ASO,ES,Federal Contract Tower,0,9,44,3,56,0,1,128,11,140,0,10,172,14,196,138,12,150,346
05/03/2007,SGJ,FL,ASO,ES,Federal Contract Tower,0,23,47,6,76,0,2,96,5,103,0,25,143,11,179,78,0,78,257
05/04/2007,SGJ,FL,ASO,ES,Federal Contract Tower,0,9,40,4,53,0,2,36,0,38,0,11,76,4,91,52,0,52,143
05/05/2007,SGJ,FL,ASO,ES,Federal Contract Tower,0,4,18,0,22,0,18,127,3,148,0,22,145,3,170,204,0,204,374
05/06/2007,SGJ,FL,ASO,ES,Federal Contract Tower,0,24,51,2,77,0,2,49,0,51,0,26,100,2,128,32,0,32,160
05/07/2007,SGJ,FL,ASO,ES,Federal Contract Tower,0,18,39,2,59,0,3,66,6,75,0,21,105,8,134,28,0,28,162
05/08/2007,SGJ,FL,ASO,ES,Federal Contract Tower,0,35,35,3,73,0,6,109,3,118,0,41,144,6,191,20,4,24,215
05/09/2007,SGJ,FL,ASO,ES,Federal Contract Tower,0,39,47,6,92,0,0,26,4,30,0,39,73,10,122,18,0,18,140
05/10/2007,SGJ,FL,ASO,ES,Federal Contract Tower,0,33,36,6,75,0,1,38,10,49,0,34,74,16,124,10,8,18,142
05/11/2007,SGJ,FL,ASO,ES,Federal Contract Tower,0,40,51,2,93,0,8,79,0,87,0,48,130,2,180,114,0,114,294
05/12/2007,SGJ,FL,ASO,ES,Federal Contract Tower,0,18,32,0,50,0,10,122,0,132,0,28,154,0,182,80,0,80,262
05/13/2007,SGJ,FL,ASO,ES,Federal Contract Tower,0,47,48,0,95,0,3,50,0,53,0,50,98,0,148,48,0,48,196
05/14/2007,SGJ,FL,ASO,ES,Federal Contract Tower,0,41,48,4,93,0,1,59,9,69,0,42,107,13,162,96,32,128,290
05/15/2007,SGJ,FL,ASO,ES,Federal Contract Tower,0,20,24,2,46,0,12,134,22,168,0,32,158,24,214,132,34,166,380
05/16/2007,SGJ,FL,ASO,ES,Federal Contract Tower,0,17,43,4,64,0,4,189,10,203,0,21,232,14,267,154,60,214,481
05/17/2007,SGJ,FL,ASO,ES,Federal Contract Tower,0,28,35,4,67,0,6,101,15,122,0,34,136,19,189,82,110,192,381
05/18/2007,SGJ,FL,ASO,ES,Federal Contract Tower,0,11,52,4,67,0,12,40,2,54,0,23,92,6,121,38,0,38,159
05/19/2007,SGJ,FL,ASO,ES,Federal Contract Tower,0,4,33,0,37,0,17,165,0,182,0,21,198,0,219,126,0,126,345
05/20/2007,SGJ,FL,ASO,ES,Federal Contract Tower,0,11,37,2,50,0,33,148,4,185,0,44,185,6,235,50,0,50,285
05/21/2007,SGJ,FL,ASO,ES,Federal Contract Tower,0,13,26,1,40,0,11,116,4,131,0,24,142,5,171,76,10,86,257
05/22/2007,SGJ,FL,ASO,ES,Federal Contract Tower,0,6,27,3,36,0,6,126,17,149,0,12,153,20,185,66,30,96,281
05/23/2007,SGJ,FL,ASO,ES,Federal Contract Tower,0,24,29,1,54,0,3,101,11,115,0,27,130,12,169,134,10,144,313
05/24/2007,SGJ,FL,ASO,ES,Federal Contract Tower,0,15,31,3,49,0,8,70,2,80,0,23,101,5,129,86,0,86,215
05/25/2007,SGJ,FL,ASO,ES,Federal Contract Tower,0,18,43,0,61,0,6,109,0,115,0,24,152,0,176,88,0,88,264
05/26/2007,SGJ,FL,ASO,ES,Federal Contract Tower,0,8,35,0,43,0,21,132,1,154,0,29,167,1,197,46,0,46,243
05/27/2007,SGJ,FL,ASO,ES,Federal Contract Tower,0,10,22,2,34,0,25,137,0,162,0,35,159,2,196,50,0,50,246
05/28/2007,SGJ,FL,ASO,ES,Federal Contract Tower,0,13,48,0,61,0,13,136,0,149,0,26,184,0,210,96,0,96,306
05/29/2007,SGJ,FL,ASO,ES,Federal Contract Tower,0,9,32,1,42,0,10,93,11,114,0,19,125,12,156,130,8,138,294
05/30/2007,SGJ,FL,ASO,ES,Federal Contract Tower,0,8,47,2,57,0,2,133,28,163,0,10,180,30,220,178,20,198,418
05/31/2007,SGJ,FL,ASO,ES,Federal Contract Tower,0,11,39,7,57,0,2,119,9,130,0,13,158,16,187,72,0,72,259
06/01/2007,SGJ,FL,ASO,ES,Federal Contract Tower,0,22,32,4,58,0,14,110,2,126,0,36,142,6,184,126,6,132,316
06/02/2007,SGJ,FL,ASO,ES,Federal Contract Tower,0,2,10,0,12,0,2,3,0,5,0,4,13,0,17,0,0,0,17
06/03/2007,SGJ,FL,ASO,ES,Federal Contract Tower,0,13,35,0,48,0,8,84,4,96,0,21,119,4,144,48,0,48,192
06/04/2007,SGJ,FL,ASO,ES,Federal Contract Tower,0,9,17,0,26,0,9,45,0,54,0,18,62,0,80,56,0,56,136
06/05/2007,SGJ,FL,ASO,ES,Federal Contract Tower,0,15,47,2,64,0,6,74,0,80,0,21,121,2,144,54,0,54,198
06/06/2007,SGJ,FL,ASO,ES,Federal Contract Tower,0,3,38,4,45,0,14,126,1,141,0,17,164,5,186,88,2,90,276
06/07/2007,SGJ,FL,ASO,ES,Federal Contract Tower,0,13,44,6,63,0,8,149,19,176,0,21,193,25,239,168,24,192,431
06/08/2007,SGJ,FL,ASO,ES,Federal Contract Tower,0,7,41,3,51,0,8,150,17,175,0,15,191,20,226,158,28,186,412
06/09/2007,SGJ,FL,ASO,ES,Federal Contract Tower,0,12,29,0,41,0,10,189,0,199,0,22,218,0,240,152,0,152,392
06/10/2007,SGJ,FL,ASO,ES,Federal Contract Tower,0,9,25,3,37,0,21,123,7,151,0,30,148,10,188,114,0,114,302
06/11/2007,SGJ,FL,ASO,ES,Federal Contract Tower,0,6,47,2,55,0,7,58,3,68,0,13,105,5,123,58,0,58,181
06/12/2007,SGJ,FL,ASO,ES,Federal Contract Tower,0,6,37,2,45,0,4,40,2,46,0,10,77,4,91,66,0,66,157
06/13/2007,SGJ,FL,ASO,ES,Federal Contract Tower,0,11,24,2,37,0,10,63,2,75,0,21,87,4,112,62,8,70,182
06/14/2007,SGJ,FL,ASO,ES,Federal Contract Tower,0,13,36,1,50,0,10,122,4,136,0,23,158,5,186,120,0,120,306
06/15/2007,SGJ,FL,ASO,ES,Federal Contract Tower,0,24,32,5,61,0,28,182,0,210,0,52,214,5,271,96,0,96,367
06/16/2007,SGJ,FL,ASO,ES,Federal Contract Tower,0,5,24,0,29,0,20,144,0,164,0,25,168,0,193,156,0,156,349
06/17/2007,SGJ,FL,ASO,ES,Federal Contract Tower,0,11,19,0,30,0,40,112,4,156,0,51,131,4,186,114,0,114,300
06/18/2007,SGJ,FL,ASO,ES,Federal Contract Tower,0,9,29,2,40,0,5,101,2,108,0,14,130,4,148,90,0,90,238
06/19/2007,SGJ,FL,ASO,ES,Federal Contract Tower,0,4,32,2,38,0,4,65,6,75,0,8,97,8,113,56,0,56,169
06/20/2007,SGJ,FL,ASO,ES,Federal Contract Tower,0,7,26,9,42,0,7,56,7,70,0,14,82,16,112,72,20,92,204
06/21/2007,SGJ,FL,ASO,ES,Federal Contract Tower,0,12,56,6,74,0,14,52,6,72,0,26,108,12,146,94,10,104,250
06/22/2007,SGJ,FL,ASO,ES,Federal Contract Tower,0,15,35,1,51,0,2,118,14,134,0,17,153,15,185,90,4,94,279
06/23/2007,SGJ,FL,ASO,ES,Federal Contract Tower,0,5,42,0,47,0,22,156,0,178,0,27,198,0,225,112,0,112,337
06/24/2007,SGJ,FL,ASO,ES,Federal Contract Tower,0,7,33,0,40,0,14,164,0,178,0,21,197,0,218,140,0,140,358
06/25/2007,SGJ,FL,ASO,ES,Federal Contract Tower,0,13,41,0,54,0,4,86,8,98,0,17,127,8,152,134,8,142,294
06/26/2007,SGJ,FL,ASO,ES,Federal Contract Tower,0,12,32,1,45,0,23,89,2,114,0,35,121,3,159,108,28,136,295
06/27/2007,SGJ,FL,ASO,ES,Federal Contract Tower,0,5,47,2,54,0,26,101,3,130,0,31,148,5,184,114,4,118,302
06/28/2007,SGJ,FL,ASO,ES,Federal Contract Tower,0,11,27,2,40,0,12,128,11,151,0,23,155,13,191,102,10,112,303
06/29/2007,SGJ,FL,ASO,ES,Federal Contract Tower,0,13,36,0,49,0,21,74,5,100,0,34,110,5,149,75,2,77,226
06/30/2007,SGJ,FL,ASO,ES,Federal Contract Tower,0,7,21,0,28,0,13,137,4,154,0,20,158,4,182,84,0,84,266
07/01/2007,SGJ,FL,ASO,ES,Federal Contract Tower,0,7,32,0,39,0,7,157,7,171,0,14,189,7,210,56,0,56,266
07/02/2007,SGJ,FL,ASO,ES,Federal Contract Tower,0,13,25,0,38,0,7,108,17,132,0,20,133,17,170,94,18,112,282
07/03/2007,SGJ,FL,ASO,ES,Federal Contract Tower,0,6,27,0,33,0,1,26,0,27,0,7,53,0,60,12,0,12,72
07/04/2007,SGJ,FL,ASO,ES,Federal Contract Tower,0,2,20,0,22,0,2,36,0,38,0,4,56,0,60,14,0,14,74
07/05/2007,SGJ,FL,ASO,ES,Federal Contract Tower,2,9,31,0,42,0,25,78,8,111,2,34,109,8,153,126,6,132,285
07/06/2007,SGJ,FL,ASO,ES,Federal Contract Tower,0,8,29,3,40,0,12,111,5,128,0,20,140,8,168,50,6,56,224
07/07/2007,SGJ,FL,ASO,ES,Federal Contract Tower,0,7,38,1,46,0,11,170,0,181,0,18,208,1,227,86,0,86,313
07/08/2007,SGJ,FL,ASO,ES,Federal Contract Tower,0,5,48,0,53,0,20,117,2,139,0,25,165,2,192,74,0,74,266
07/09/2007,SGJ,FL,ASO,ES,Federal Contract Tower,0,12,22,11,45,0,11,86,9,106,0,23,108,20,151,30,44,74,225
07/10/2007,SGJ,FL,ASO,ES,Federal Contract Tower,0,4,18,4,26,0,15,121,2,138,0,19,139,6,164,62,28,90,254
07/11/2007,SGJ,FL,ASO,ES,Federal Contract Tower,0,8,35,2,45,0,13,93,5,111,0,21,128,7,156,66,40,106,262
07/12/2007,SGJ,FL,ASO,ES,Federal Contract Tower,0,5,26,3,34,0,19,112,3,134,0,24,138,6,168,102,30,132,300
07/13/2007,SGJ,FL,ASO,ES,Federal Contract Tower,2,16,29,7,54,0,17,95,0,112,2,33,124,7,166,144,0,144,310
07/14/2007,SGJ,FL,ASO,ES,Federal Contract Tower,0,8,24,0,32,0,8,86,2,96,0,16,110,2,128,60,0,60,188
07/15/2007,SGJ,FL,ASO,ES,Federal Contract Tower,0,9,32,2,43,0,13,76,2,91,0,22,108,4,134,20,6,26,160
07/16/2007,SGJ,FL,ASO,ES,Federal Contract Tower,0,18,20,0,38,0,6,118,0,124,0,24,138,0,162,52,20,72,234
07/17/2007,SGJ,FL,ASO,ES,Federal Contract Tower,0,4,23,1,28,0,12,86,3,101,0,16,109,4,129,38,0,38,167
07/18/2007,SGJ,FL,ASO,ES,Federal Contract Tower,2,5,26,2,35,0,16,120,0,136,2,21,146,2,171,144,0,144,315
07/19/2007,SGJ,FL,ASO,ES,Federal Contract Tower,2,9,25,9,45,0,14,83,16,113,2,23,108,25,158,104,26,130,288
07/20/2007,SGJ,FL,ASO,ES,Federal Contract Tower,2,8,47,2,59,0,9,134,4,147,2,17,181,6,206,100,0,100,306
07/21/2007,SGJ,FL,ASO,ES,Federal Contract Tower,2,4,26,0,32,0,6,157,2,165,2,10,183,2,197,144,0,144,341
07/22/2007,SGJ,FL,ASO,ES,Federal Contract Tower,2,12,33,0,47,0,2,81,8,91,2,14,114,8,138,64,12,76,214
07/23/2007,SGJ,FL,ASO,ES,Federal Contract Tower,2,5,17,0,24,0,9,115,4,128,2,14,132,4,152,112,20,132,284
07/24/2007,SGJ,FL,ASO,ES,Federal Contract Tower,2,9,21,1,33,0,3,60,8,71,2,12,81,9,104,114,2,116,220
07/25/2007,SGJ,FL,ASO,ES,Federal Contract Tower,2,3,23,4,32,0,10,132,6,148,2,13,155,10,180,158,10,168,348
07/26/2007,SGJ,FL,ASO,ES,Federal Contract Tower,2,5,34,6,47,0,20,128,16,164,2,25,162,22,211,66,44,110,321
07/27/2007,SGJ,FL,ASO,ES,Federal Contract Tower,2,15,37,3,57,0,7,104,7,118,2,22,141,10,175,96,0,96,271
07/28/2007,SGJ,FL,ASO,ES,Federal Contract Tower,2,11,31,0,44,0,13,112,5,130,2,24,143,5,174,104,6,110,284
07/29/2007,SGJ,FL,ASO,ES,Federal Contract Tower,2,16,34,5,57,0,17,98,0,115,2,33,132,5,172,104,0,104,276
07/30/2007,SGJ,FL,ASO,ES,Federal Contract Tower,2,13,22,3,40,0,41,77,0,118,2,54,99,3,158,50,2,52,210
07/31/2007,SGJ,FL,ASO,ES,Federal Contract Tower,2,13,36,5,56,0,6,35,2,43,2,19,71,7,99,28,8,36,135
08/01/2007,SGJ,FL,ASO,ES,Federal Contract Tower,2,3,37,3,45,0,8,32,3,43,2,11,69,6,88,36,28,64,152
08/02/2007,SGJ,FL,ASO,ES,Federal Contract Tower,2,9,54,2,67,0,0,16,3,19,2,9,70,5,86,10,2,12,98
08/03/2007,SGJ,FL,ASO,ES,Federal Contract Tower,2,11,50,1,64,0,9,118,8,135,2,20,168,9,199,132,6,138,337
08/04/2007,SGJ,FL,ASO,ES,Federal Contract Tower,2,6,36,0,44,0,8,120,4,132,2,14,156,4,176,108,2,110,286
08/05/2007,SGJ,FL,ASO,ES,Federal Contract Tower,2,14,55,0,71,0,28,176,3,207,2,42,231,3,278,152,0,152,430
08/06/2007,SGJ,FL,ASO,ES,Federal Contract Tower,2,9,25,4,40,0,12,129,11,152,2,21,154,15,192,122,28,150,342
08/07/2007,SGJ,FL,ASO,ES,Federal Contract Tower,2,11,31,2,46,0,17,100,13,130,2,28,131,15,176,138,38,176,352
08/08/2007,SGJ,FL,ASO,ES,Federal Contract Tower,2,8,63,3,76,0,12,117,9,138,2,20,180,12,214,170,10,180,394
08/09/2007,SGJ,FL,ASO,ES,Federal Contract Tower,2,5,41,2,50,0,17,88,15,120,2,22,129,17,170,114,30,144,314
08/10/2007,SGJ,FL,ASO,ES,Federal Contract Tower,2,7,23,3,35,0,16,101,6,123,2,23,124,9,158,116,10,126,284
08/11/2007,SGJ,FL,ASO,ES,Federal Contract Tower,2,9,34,0,45,0,24,107,0,131,2,33,141,0,176,92,0,92,268
08/12/2007,SGJ,FL,ASO,ES,Federal Contract Tower,2,7,35,2,46,0,26,127,2,155,2,33,162,4,201,144,0,144,345
08/13/2007,SGJ,FL,ASO,ES,Federal Contract Tower,2,12,22,4,40,0,6,136,7,149,2,18,158,11,189,138,14,152,341
08/14/2007,SGJ,FL,ASO,ES,Federal Contract Tower,2,7,30,3,42,0,6,117,0,123,2,13,147,3,165,132,0,132,297
08/15/2007,SGJ,FL,ASO,ES,Federal Contract Tower,2,5,29,3,39,0,9,157,3,169,2,14,186,6,208,136,20,156,364
08/16/2007,SGJ,FL,ASO,ES,Federal Contract Tower,2,4,46,3,55,0,15,126,8,149,2,19,172,11,204,116,0,116,320
08/17/2007,SGJ,FL,ASO,ES,Federal Contract Tower,2,10,45,1,58,0,19,138,6,163,2,29,183,7,221,86,0,86,307
08/18/2007,SGJ,FL,ASO,ES,Federal Contract Tower,2,6,49,1,58,0,11,198,1,210,2,17,247,2,268,238,0,238,506
08/19/2007,SGJ,FL,ASO,ES,Federal Contract Tower,2,8,34,0,44,0,12,156,0,168,2,20,190,0,212,154,0,154,366
08/20/2007,SGJ,FL,ASO,ES,Federal Contract Tower,2,14,34,2,52,0,7,127,9,143,2,21,161,11,195,78,14,92,287
08/21/2007,SGJ,FL,ASO,ES,Federal Contract Tower,2,8,29,6,45,0,7,106,10,123,2,15,135,16,168,90,30,120,288
08/22/2007,SGJ,FL,ASO,ES,Federal Contract Tower,2,14,26,5,47,0,21,166,2,189,2,35,192,7,236,72,22,94,330
08/23/2007,SGJ,FL,ASO,ES,Federal Contract Tower,2,6,58,5,71,0,8,93,11,112,2,14,151,16,183,118,30,148,331
08/24/2007,SGJ,FL,ASO,ES,Federal Contract Tower,2,8,44,0,54,0,5,91,6,102,2,13,135,6,156,96,2,98,254
08/25/2007,SGJ,FL,ASO,ES,Federal Contract Tower,2,1,32,2,37,0,0,77,2,79,2,1,109,4,116,64,0,64,180
08/26/2007,SGJ,FL,ASO,ES,Federal Contract Tower,2,3,33,0,38,0,7,88,3,98,2,10,121,3,136,66,2,68,204
08/27/2007,SGJ,FL,ASO,ES,Federal Contract Tower,2,9,28,1,40,0,0,113,9,122,2,9,141,10,162,180,46,226,388
08/28/2007,SGJ,FL,ASO,ES,Federal Contract Tower,2,9,20,3,34,0,7,113,16,136,2,16,133,19,170,98,48,146,316
08/29/2007,SGJ,FL,ASO,ES,Federal Contract Tower,2,3,38,7,50,0,8,121,8,137,2,11,159,15,187,78,10,88,275
08/30/2007,SGJ,FL,ASO,ES,Federal Contract Tower,2,14,28,4,48,0,0,91,6,97,2,14,119,10,145,148,40,188,333
08/31/2007,SGJ,FL,ASO,ES,Federal Contract Tower,2,12,45,2,61,0,3,44,5,52,2,15,89,7,113,48,38,86,199
09/01/2007,SGJ,FL,ASO,ES,Federal Contract Tower,2,1,13,1,17,0,16,72,0,88,2,17,85,1,105,166,0,166,271
09/02/2007,SGJ,FL,ASO,ES,Federal Contract Tower,2,9,24,0,35,0,2,34,0,36,2,11,58,0,71,50,0,50,121
09/03/2007,SGJ,FL,ASO,ES,Federal Contract Tower,2,16,38,0,56,0,10,80,0,90,2,26,118,0,146,46,0,46,192
09/04/2007,SGJ,FL,ASO,ES,Federal Contract Tower,2,8,20,4,34,0,5,102,0,107,2,13,122,4,141,82,6,88,229
09/05/2007,SGJ,FL,ASO,ES,Federal Contract Tower,2,7,25,3,37,0,6,105,4,115,2,13,130,7,152,98,10,108,260
09/06/2007,SGJ,FL,ASO,ES,Federal Contract Tower,2,4,32,6,44,0,9,99,5,113,2,13,131,11,157,30,44,74,231
09/07/2007,SGJ,FL,ASO,ES,Federal Contract Tower,2,6,25,4,37,0,10,79,4,93,2,16,104,8,130,62,2,64,194
09/08/2007,SGJ,FL,ASO,ES,Federal Contract Tower,2,6,15,2,25,0,4,49,3,56,2,10,64,5,81,48,0,48,129
09/09/2007,SGJ,FL,ASO,ES,Federal Contract Tower,2,7,28,1,38,0,9,145,2,156,2,16,173,3,194,86,0,86,280
09/10/2007,SGJ,FL,ASO,ES,Federal Contract Tower,2,9,27,2,40,0,20,97,11,128,2,29,124,13,168,2,6,8,176
09/11/2007,SGJ,FL,ASO,ES,Federal Contract Tower,2,13,22,0,37,0,2,85,4,91,2,15,107,4,128,40,0,40,168
09/12/2007,SGJ,FL,ASO,ES,Federal Contract Tower,2,13,31,3,49,0,14,142,7,163,2,27,173,10,212,86,14,100,312
09/13/2007,SGJ,FL,ASO,ES,Federal Contract Tower,2,5,37,10,54,0,7,97,8,112,2,12,134,18,166,92,42,134,300
09/14/2007,SGJ,FL,ASO,ES,Federal Contract Tower,2,8,33,2,45,0,2,95,12,109,2,10,128,14,154,110,0,110,264
09/15/2007,SGJ,FL,ASO,ES,Federal Contract Tower,2,4,17,0,23,0,7,119,3,129,2,11,136,3,152,86,10,96,248
09/16/2007,SGJ,FL,ASO,ES,Federal Contract Tower,2,10,39,2,53,0,4,107,2,113,2,14,146,4,166,52,0,52,218
09/17/2007,SGJ,FL,ASO,ES,Federal Contract Tower,2,8,20,1,31,0,0,3,0,3,2,8,23,1,34,0,0,0,34
09/18/2007,SGJ,FL,ASO,ES,Federal Contract Tower,2,11,17,3,33,0,2,42,11,55,2,13,59,14,88,8,0,8,96
09/19/2007,SGJ,FL,ASO,ES,Federal Contract Tower,2,11,25,0,38,0,0,9,0,9,2,11,34,0,47,0,0,0,47
09/20/2007,SGJ,FL,ASO,ES,Federal Contract Tower,2,8,37,3,50,0,13,88,16,117,2,21,125,19,167,30,0,30,197
09/21/2007,SGJ,FL,ASO,ES,Federal Contract Tower,2,2,41,1,46,0,0,81,4,85,2,2,122,5,131,90,0,90,221
09/22/2007,SGJ,FL,ASO,ES,Federal Contract Tower,2,3,22,0,27,0,10,70,0,80,2,13,92,0,107,50,0,50,157
09/23/2007,SGJ,FL,ASO,ES,Federal Contract Tower,2,14,27,1,44,0,5,95,1,101,2,19,122,2,145,38,0,38,183
09/24/2007,SGJ,FL,ASO,ES,Federal Contract Tower,2,19,17,0,38,0,6,101,7,114,2,25,118,7,152,58,0,58,210
09/25/2007,SGJ,FL,ASO,ES,Federal Contract Tower,2,21,36,2,61,0,4,85,8,97,2,25,121,10,158,78,2,80,238
09/26/2007,SGJ,FL,ASO,ES,Federal Contract Tower,2,16,24,2,44,0,8,148,21,177,2,24,172,23,221,154,16,170,391
09/27/2007,SGJ,FL,ASO,ES,Federal Contract Tower,2,17,44,1,64,0,7,107,3,117,2,24,151,4,181,68,20,88,269
09/28/2007,SGJ,FL,ASO,ES,Federal Contract Tower,2,13,38,2,55,0,10,152,0,162,2,23,190,2,217,126,2,128,345
09/29/2007,SGJ,FL,ASO,ES,Federal Contract Tower,2,8,31,0,41,0,0,37,0,37,2,8,68,0,78,12,0,12,90
09/30/2007,SGJ,FL,ASO,ES,Federal Contract Tower,2,17,43,1,63,0,0,57,0,57,2,17,100,1,120,8,0,8,128
10/01/2007,SGJ,FL,ASO,ES,Federal Contract Tower,2,11,25,3,41,0,3,33,4,40,2,14,58,7,81,12,28,40,121
10/02/2007,SGJ,FL,ASO,ES,Federal Contract Tower,2,8,12,0,22,0,0,3,0,3,2,8,15,0,25,6,0,6,31
10/03/2007,SGJ,FL,ASO,ES,Federal Contract Tower,2,8,22,3,35,0,2,103,9,114,2,10,125,12,149,158,34,192,341
10/04/2007,SGJ,FL,ASO,ES,Federal Contract Tower,2,9,24,1,36,0,1,51,2,54,2,10,75,3,90,202,0,202,292
10/05/2007,SGJ,FL,ASO,ES,Federal Contract Tower,2,13,36,0,51,0,6,33,2,41,2,19,69,2,92,122,0,122,214
10/06/2007,SGJ,FL,ASO,ES,Federal Contract Tower,2,2,24,1,29,0,8,72,1,81,2,10,96,2,110,170,0,170,280
10/07/2007,SGJ,FL,ASO,ES,Federal Contract Tower,2,13,22,0,37,0,12,70,0,82,2,25,92,0,119,84,0,84,203
10/08/2007,SGJ,FL,ASO,ES,Federal Contract Tower,2,15,33,2,52,0,3,159,8,170,2,18,192,10,222,54,0,54,276
10/09/2007,SGJ,FL,ASO,ES,Federal Contract Tower,2,9,21,6,38,0,14,164,11,189,2,23,185,17,227,98,26,124,351
10/10/2007,SGJ,FL,ASO,ES,Federal Contract Tower,2,7,37,0,46,0,6,140,21,167,2,13,177,21,213,98,38,136,349
10/11/2007,SGJ,FL,ASO,ES,Federal Contract Tower,2,12,14,3,31,0,6,125,13,144,2,18,139,16,175,74,20,94,269
10/12/2007,SGJ,FL,ASO,ES,Federal Contract Tower,2,9,50,8,69,0,8,152,7,167,2,17,202,15,236,134,16,150,386
10/13/2007,SGJ,FL,ASO,ES,Federal Contract Tower,2,4,50,1,57,0,18,131,2,151,2,22,181,3,208,86,4,90,298
10/14/2007,SGJ,FL,ASO,ES,Federal Contract Tower,2,9,49,5,65,0,0,120,2,122,2,9,169,7,187,116,0,116,303
10/15/2007,SGJ,FL,ASO,ES,Federal Contract Tower,2,12,47,7,68,0,11,85,8,104,2,23,132,15,172,54,26,80,252
10/16/2007,SGJ,FL,ASO,ES,Federal Contract Tower,2,8,47,1,58,0,21,95,17,133,2,29,142,18,191,104,26,130,321
10/17/2007,SGJ,FL,ASO,ES,Federal Contract Tower,2,11,35,3,51,0,3,102,14,119,2,14,137,17,170,96,32,128,298
10/18/2007,SGJ,FL,ASO,ES,Federal Contract Tower,2,14,45,2,63,0,6,130,10,146,2,20,175,12,209,98,42,140,349
10/19/2007,SGJ,FL,ASO,ES,Federal Contract Tower,2,9,31,0,42,0,7,65,4,76,2,16,96,4,118,92,0,92,210
10/20/2007,SGJ,FL,ASO,ES,Federal Contract Tower,2,1,46,0,49,0,22,98,0,120,2,23,144,0,169,50,0,50,219
10/21/2007,SGJ,FL,ASO,ES,Federal Contract Tower,2,15,48,1,66,0,2,55,0,57,2,17,103,1,123,28,0,28,151
10/22/2007,SGJ,FL,ASO,ES,Federal Contract Tower,0,18,42,2,62,0,2,48,0,50,0,20,90,2,112,44,0,44,156
10/23/2007,SGJ,FL,ASO,ES,Federal Contract Tower,2,9,30,6,47,0,2,106,20,128,2,11,136,26,175,96,36,132,307
10/24/2007,SGJ,FL,ASO,ES,Federal Contract Tower,2,10,45,5,62,0,3,49,0,52,2,13,94,5,114,28,0,28,142
10/25/2007,SGJ,FL,ASO,ES,Federal Contract Tower,2,8,43,2,55,0,3,121,5,129,2,11,164,7,184,86,8,94,278
10/26/2007,SGJ,FL,ASO,ES,Federal Contract Tower,4,7,72,0,83,0,6,32,2,40,4,13,104,2,123,64,0,64,187
10/27/2007,SGJ,FL,ASO,ES,Federal Contract Tower,2,6,34,0,42,0,4,2,0,6,2,10,36,0,48,0,0,0,48
10/28/2007,SGJ,FL,ASO,ES,Federal Contract Tower,2,10,57,4,73,0,0,16,0,16,2,10,73,4,89,0,0,0,89
10/29/2007,SGJ,FL,ASO,ES,Federal Contract Tower,2,11,22,0,35,0,0,3,2,5,2,11,25,2,40,0,22,22,62
10/30/2007,SGJ,FL,ASO,ES,Federal Contract Tower,2,7,33,8,50,0,2,59,0,61,2,9,92,8,111,24,60,84,195
10/31/2007,SGJ,FL,ASO,ES,Federal Contract Tower,2,2,32,3,39,0,3,57,2,62,2,5,89,5,101,22,42,64,165
11/01/2007,SGJ,FL,ASO,ES,Federal Contract Tower,2,10,28,5,45,0,1,15,0,16,2,11,43,5,61,10,0,10,71
11/02/2007,SGJ,FL,ASO,ES,Federal Contract Tower,2,13,42,1,58,0,1,19,4,24,2,14,61,5,82,4,0,4,86
11/03/2007,SGJ,FL,ASO,ES,Federal Contract Tower,2,5,29,0,36,0,0,153,1,154,2,5,182,1,190,58,4,62,252
11/04/2007,SGJ,FL,ASO,ES,Federal Contract Tower,2,8,37,0,47,0,9,147,2,158,2,17,184,2,205,126,0,126,331
11/05/2007,SGJ,FL,ASO,ES,Federal Contract Tower,2,8,42,1,53,0,3,99,1,103,2,11,141,2,156,134,0,134,290
11/06/2007,SGJ,FL,ASO,ES,Federal Contract Tower,2,7,37,1,47,0,6,100,23,129,2,13,137,24,176,232,78,310,486
11/07/2007,SGJ,FL,ASO,ES,Federal Contract Tower,2,11,43,0,56,0,3,49,5,57,2,14,92,5,113,62,50,112,225
11/08/2007,SGJ,FL,ASO,ES,Federal Contract Tower,2,9,25,2,38,0,1,127,6,134,2,10,152,8,172,146,26,172,344
11/09/2007,SGJ,FL,ASO,ES,Federal Contract Tower,2,17,48,4,71,0,8,136,9,153,2,25,184,13,224,120,8,128,352
11/10/2007,SGJ,FL,ASO,ES,Federal Contract Tower,2,6,36,2,46,0,11,147,3,161,2,17,183,5,207,134,0,134,341
11/11/2007,SGJ,FL,ASO,ES,Federal Contract Tower,2,20,38,1,61,0,15,124,4,143,2,35,162,5,204,96,2,98,302
11/12/2007,SGJ,FL,ASO,ES,Federal Contract Tower,2,47,47,0,96,0,2,108,6,116,2,49,155,6,212,106,0,106,318
11/13/2007,SGJ,FL,ASO,ES,Federal Contract Tower,2,10,32,6,50,0,9,162,10,181,2,19,194,16,231,118,2,120,351
11/14/2007,SGJ,FL,ASO,ES,Federal Contract Tower,2,9,40,2,53,0,12,156,15,183,2,21,196,17,236,142,6,148,384
11/15/2007,SGJ,FL,ASO,ES,Federal Contract Tower,2,10,41,2,55,0,8,94,7,109,2,18,135,9,164,86,26,112,276
11/16/2007,SGJ,FL,ASO,ES,Federal Contract Tower,2,11,39,3,55,0,3,106,8,117,2,14,145,11,172,154,12,166,338
11/17/2007,SGJ,FL,ASO,ES,Federal Contract Tower,2,3,39,0,44,0,13,159,3,175,2,16,198,3,219,118,2,120,339
11/18/2007,SGJ,FL,ASO,ES,Federal Contract Tower,2,10,27,4,43,0,8,105,10,123,2,18,132,14,166,136,0,136,302
11/19/2007,SGJ,FL,ASO,ES,Federal Contract Tower,2,16,32,0,50,0,11,128,11,150,2,27,160,11,200,216,14,230,430
11/20/2007,SGJ,FL,ASO,ES,Federal Contract Tower,2,23,31,1,57,0,9,189,8,206,2,32,220,9,263,176,10,186,449
11/21/2007,SGJ,FL,ASO,ES,Federal Contract Tower,2,12,41,0,55,0,6,131,0,137,2,18,172,0,192,116,0,116,308
11/22/2007,SGJ,FL,ASO,ES,Federal Contract Tower,2,4,13,0,19,0,0,26,0,26,2,4,39,0,45,12,0,12,57
11/23/2007,SGJ,FL,ASO,ES,Federal Contract Tower,1,10,23,0,34,1,33,103,2,139,2,43,126,2,173,86,0,86,259
11/24/2007,SGJ,FL,ASO,ES,Federal Contract Tower,2,12,51,0,65,0,1,89,0,90,2,13,140,0,155,60,0,60,215
11/25/2007,SGJ,FL,ASO,ES,Federal Contract Tower,2,14,72,0,88,0,20,48,0,68,2,34,120,0,156,98,0,98,254
11/26/2007,SGJ,FL,ASO,ES,Federal Contract Tower,2,10,32,2,46,0,4,78,4,86,2,14,110,6,132,46,2,48,180
11/27/2007,SGJ,FL,ASO,ES,Federal Contract Tower,2,4,43,5,54,0,4,84,1,89,2,8,127,6,143,151,12,163,306
11/28/2007,SGJ,FL,ASO,ES,Federal Contract Tower,2,13,36,4,55,0,4,69,7,80,2,17,105,11,135,62,10,72,207
11/29/2007,SGJ,FL,ASO,ES,Federal Contract Tower,2,32,44,3,81,0,3,47,7,57,2,35,91,10,138,62,4,66,204
11/30/2007,SGJ,FL,ASO,ES,Federal Contract Tower,2,11,73,7,93,0,4,44,0,48,2,15,117,7,141,46,2,48,189
12/01/2007,SGJ,FL,ASO,ES,Federal Contract Tower,2,2,24,0,28,0,24,166,0,190,2,26,190,0,218,218,0,218,436
12/02/2007,SGJ,FL,ASO,ES,Federal Contract Tower,2,7,37,0,46,0,6,129,0,135,2,13,166,0,181,170,0,170,351
12/03/2007,SGJ,FL,ASO,ES,Federal Contract Tower,2,23,45,0,70,0,0,71,11,82,2,23,116,11,152,90,22,112,264
12/04/2007,SGJ,FL,ASO,ES,Federal Contract Tower,2,8,36,0,46,0,3,158,10,171,2,11,194,10,217,208,10,218,435
12/05/2007,SGJ,FL,ASO,ES,Federal Contract Tower,0,9,33,0,42,0,0,136,2,138,0,9,169,2,180,76,10,86,266
12/06/2007,SGJ,FL,ASO,ES,Federal Contract Tower,0,15,34,2,51,0,9,114,7,130,0,24,148,9,181,174,26,200,381
12/07/2007,SGJ,FL,ASO,ES,Federal Contract Tower,0,10,53,4,67,0,4,27,2,33,0,14,80,6,100,14,2,16,116
12/08/2007,SGJ,FL,ASO,ES,Federal Contract Tower,0,5,19,0,24,0,19,111,0,130,0,24,130,0,154,88,2,90,244
12/09/2007,SGJ,FL,ASO,ES,Federal Contract Tower,0,11,34,0,45,0,19,119,2,140,0,30,153,2,185,106,12,118,303
12/10/2007,SGJ,FL,ASO,ES,Federal Contract Tower,0,16,30,6,52,0,1,126,2,129,0,17,156,8,181,110,0,110,291
12/11/2007,SGJ,FL,ASO,ES,Federal Contract Tower,0,14,34,1,49,0,0,149,11,160,0,14,183,12,209,108,26,134,343
12/12/2007,SGJ,FL,ASO,ES,Federal Contract Tower,0,7,40,2,49,0,4,141,0,145,0,11,181,2,194,122,8,130,324
12/13/2007,SGJ,FL,ASO,ES,Federal Contract Tower,0,17,29,3,49,0,8,109,4,121,0,25,138,7,170,196,0,196,366
12/14/2007,SGJ,FL,ASO,ES,Federal Contract Tower,0,14,48,2,64,0,8,96,6,110,0,22,144,8,174,50,10,60,234
12/15/2007,SGJ,FL,ASO,ES,Federal Contract Tower,0,1,22,0,23,0,8,48,3,59,0,9,70,3,82,54,0,54,136
12/16/2007,SGJ,FL,ASO,ES,Federal Contract Tower,0,2,10,0,12,0,6,20,2,28,0,8,30,2,40,30,0,30,70
12/17/2007,SGJ,FL,ASO,ES,Federal Contract Tower,2,12,17,0,31,0,4,84,2,90,2,16,101,2,121,30,0,30,151
12/18/2007,SGJ,FL,ASO,ES,Federal Contract Tower,2,16,16,3,37,0,10,101,13,124,2,26,117,16,161,58,54,112,273
12/19/2007,SGJ,FL,ASO,ES,Federal Contract Tower,2,9,33,1,45,0,4,164,19,187,2,13,197,20,232,110,30,140,372
12/20/2007,SGJ,FL,ASO,ES,Federal Contract Tower,2,12,36,3,53,0,12,115,16,143,2,24,151,19,196,160,20,180,376
12/21/2007,SGJ,FL,ASO,ES,Federal Contract Tower,2,13,36,0,51,0,8,46,4,58,2,21,82,4,109,36,12,48,157
12/22/2007,SGJ,FL,ASO,ES,Federal Contract Tower,2,11,41,0,54,0,0,0,0,0,2,11,41,0,54,4,0,4,58
12/23/2007,SGJ,FL,ASO,ES,Federal Contract Tower,2,5,30,0,37,0,24,79,4,107,2,29,109,4,144,92,0,92,236
12/24/2007,SGJ,FL,ASO,ES,Federal Contract Tower,2,5,15,0,22,0,20,90,0,110,2,25,105,0,132,112,0,112,244
12/25/2007,SGJ,FL,ASO,ES,Federal Contract Tower,2,8,10,0,20,0,0,7,0,7,2,8,17,0,27,34,0,34,61
12/26/2007,SGJ,FL,ASO,ES,Federal Contract Tower,2,12,57,0,71,0,17,83,0,100,2,29,140,0,171,146,0,146,317
12/27/2007,SGJ,FL,ASO,ES,Federal Contract Tower,2,10,35,0,47,0,20,148,6,174,2,30,183,6,221,236,48,284,505
12/28/2007,SGJ,FL,ASO,ES,Federal Contract Tower,2,8,50,1,61,0,15,122,0,137,2,23,172,1,198,152,2,154,352
12/29/2007,SGJ,FL,ASO,ES,Federal Contract Tower,2,9,51,0,62,0,18,110,2,130,2,27,161,2,192,102,0,102,294
12/30/2007,SGJ,FL,ASO,ES,Federal Contract Tower,2,16,21,0,39,0,10,77,0,87,2,26,98,0,126,92,0,92,218
12/31/2007,SGJ,FL,ASO,ES,Federal Contract Tower,2,6,35,0,43,0,17,63,0,80,2,23,98,0,123,78,0,78,201
01/01/2008,SGJ,FL,ASO,ES,Federal Contract Tower,2,6,17,0,25,0,17,92,0,109,2,23,109,0,134,12,0,12,146
01/02/2008,SGJ,FL,ASO,ES,Federal Contract Tower,2,11,19,0,32,0,4,81,0,85,2,15,100,0,117,88,0,88,205
01/03/2008,SGJ,FL,ASO,ES,Federal Contract Tower,2,12,24,5,43,0,6,67,0,73,2,18,91,5,116,32,12,44,160
01/04/2008,SGJ,FL,ASO,ES,Federal Contract Tower,2,4,30,0,36,0,15,106,7,128,2,19,136,7,164,116,18,134,298
01/05/2008,SGJ,FL,ASO,ES,Federal Contract Tower,2,1,39,0,42,0,12,178,4,194,2,13,217,4,236,226,0,226,462
01/06/2008,SGJ,FL,ASO,ES,Federal Contract Tower,2,7,33,0,42,0,16,120,0,136,2,23,153,0,178,156,0,156,334
01/07/2008,SGJ,FL,ASO,ES,Federal Contract Tower,3,11,33,2,49,0,9,122,10,141,3,20,155,12,190,125,29,154,344
01/08/2008,SGJ,FL,ASO,ES,Federal Contract Tower,2,12,26,2,42,0,5,128,12,145,2,17,154,14,187,162,48,210,397
01/09/2008,SGJ,FL,ASO,ES,Federal Contract Tower,2,14,32,6,54,0,8,141,12,161,2,22,173,18,215,194,4,198,413
01/10/2008,SGJ,FL,ASO,ES,Federal Contract Tower,2,10,24,2,38,0,10,106,11,127,2,20,130,13,165,202,8,210,375
01/11/2008,SGJ,FL,ASO,ES,Federal Contract Tower,2,9,33,1,45,0,6,91,8,105,2,15,124,9,150,146,4,150,300
01/12/2008,SGJ,FL,ASO,ES,Federal Contract Tower,2,4,46,3,55,0,10,37,4,51,2,14,83,7,106,48,0,48,154
01/13/2008,SGJ,FL,ASO,ES,Federal Contract Tower,2,6,17,0,25,0,4,14,0,18,2,10,31,0,43,0,4,4,47
01/14/2008,SGJ,FL,ASO,ES,Federal Contract Tower,2,18,32,5,57,0,7,140,8,155,2,25,172,13,212,150,12,162,374
01/15/2008,SGJ,FL,ASO,ES,Federal Contract Tower,4,8,38,14,64,0,3,169,3,175,4,11,207,17,239,210,34,244,483
01/16/2008,SGJ,FL,ASO,ES,Federal Contract Tower,4,4,34,0,42,0,2,61,2,65,4,6,95,2,107,142,0,142,249
01/17/2008,SGJ,FL,ASO,ES,Federal Contract Tower,4,12,30,4,50,0,3,20,0,23,4,15,50,4,73,32,14,46,119
01/18/2008,SGJ,FL,ASO,ES,Federal Contract Tower,4,13,70,1,88,0,0,0,0,0,4,13,70,1,88,8,0,8,96
01/19/2008,SGJ,FL,ASO,ES,Federal Contract Tower,4,5,32,0,41,0,2,5,0,7,4,7,37,0,48,24,0,24,72
01/20/2008,SGJ,FL,ASO,ES,Federal Contract Tower,4,11,29,0,44,0,14,129,0,143,4,25,158,0,187,154,0,154,341
01/21/2008,SGJ,FL,ASO,ES,Federal Contract Tower,4,13,39,0,56,0,11,112,0,123,4,24,151,0,179,196,0,196,375
01/22/2008,SGJ,FL,ASO,ES,Federal Contract Tower,5,8,43,1,57,0,1,130,13,144,5,9,173,14,201,258,46,304,505
01/23/2008,SGJ,FL,ASO,ES,Federal Contract Tower,4,8,45,5,62,0,1,74,5,80,4,9,119,10,142,132,28,160,302
01/24/2008,SGJ,FL,ASO,ES,Federal Contract Tower,4,12,32,2,50,0,8,46,6,60,4,20,78,8,110,94,8,102,212
01/25/2008,SGJ,FL,ASO,ES,Federal Contract Tower,4,5,17,2,28,0,6,112,16,134,4,11,129,18,162,38,0,38,200
01/26/2008,SGJ,FL,ASO,ES,Federal Contract Tower,4,8,70,0,82,0,0,0,0,0,4,8,70,0,82,0,0,0,82
01/27/2008,SGJ,FL,ASO,ES,Federal Contract Tower,5,7,22,0,34,0,8,154,4,166,5,15,176,4,200,182,0,182,382
01/28/2008,SGJ,FL,ASO,ES,Federal Contract Tower,4,9,37,0,50,0,8,160,12,180,4,17,197,12,230,122,34,156,386
01/29/2008,SGJ,FL,ASO,ES,Federal Contract Tower,4,5,47,2,58,0,8,155,2,165,4,13,202,4,223,156,2,158,381
01/30/2008,SGJ,FL,ASO,ES,Federal Contract Tower,5,11,38,2,56,0,5,60,4,69,5,16,98,6,125,156,4,160,285
01/31/2008,SGJ,FL,ASO,ES,Federal Contract Tower,4,12,43,17,76,0,4,106,9,119,4,16,149,26,195,120,6,126,321
02/01/2008,SGJ,FL,ASO,ES,Federal Contract Tower,4,7,46,8,65,0,7,91,2,100,4,14,137,10,165,160,16,176,341
02/02/2008,SGJ,FL,ASO,ES,Federal Contract Tower,4,12,39,1,56,0,9,223,6,238,4,21,262,7,294,160,2,162,456
02/03/2008,SGJ,FL,ASO,ES,Federal Contract Tower,4,7,35,4,50,0,8,164,4,176,4,15,199,8,226,222,0,222,448
02/04/2008,SGJ,FL,ASO,ES,Federal Contract Tower,4,13,31,2,50,0,0,103,11,114,4,13,134,13,164,148,22,170,334
02/05/2008,SGJ,FL,ASO,ES,Federal Contract Tower,4,8,42,1,55,0,6,149,12,167,4,14,191,13,222,134,58,192,414
02/06/2008,SGJ,FL,ASO,ES,Federal Contract Tower,4,8,28,0,40,0,4,60,2,66,4,12,88,2,106,40,12,52,158
02/07/2008,SGJ,FL,ASO,ES,Federal Contract Tower,4,15,42,3,64,0,5,82,11,98,4,20,124,14,162,244,2,246,408
02/08/2008,SGJ,FL,ASO,ES,Federal Contract Tower,4,6,52,8,70,0,12,162,12,186,4,18,214,20,256,154,8,162,418
02/09/2008,SGJ,FL,ASO,ES,Federal Contract Tower,4,6,45,0,55,0,20,243,2,265,4,26,288,2,320,94,0,94,414
02/10/2008,SGJ,FL,ASO,ES,Federal Contract Tower,4,8,24,0,36,0,14,194,9,217,4,22,218,9,253,214,14,228,481
02/11/2008,SGJ,FL,ASO,ES,Federal Contract Tower,4,9,46,4,63,0,5,152,8,165,4,14,198,12,228,168,6,174,402
02/12/2008,SGJ,FL,ASO,ES,Federal Contract Tower,4,10,39,4,57,0,4,94,7,105,4,14,133,11,162,138,10,148,310
02/13/2008,SGJ,FL,ASO,ES,Federal Contract Tower,4,17,37,6,64,0,2,31,11,44,4,19,68,17,108,76,12,88,196
02/14/2008,SGJ,FL,ASO,ES,Federal Contract Tower,4,11,43,0,58,0,31,172,10,213,4,42,215,10,271,196,10,206,477
02/15/2008,SGJ,FL,ASO,ES,Federal Contract Tower,4,10,39,2,55,0,13,221,4,238,4,23,260,6,293,238,4,242,535
02/16/2008,SGJ,FL,ASO,ES,Federal Contract Tower,4,7,48,2,61,0,18,237,0,255,4,25,285,2,316,194,0,194,510
02/17/2008,SGJ,FL,ASO,ES,Federal Contract Tower,4,8,43,0,55,0,22,144,0,166,4,30,187,0,221,130,0,130,351
02/18/2008,SGJ,FL,ASO,ES,Federal Contract Tower,4,18,47,0,69,0,4,38,2,44,4,22,85,2,113,64,0,64,177
02/19/2008,SGJ,FL,ASO,ES,Federal Contract Tower,4,15,37,0,56,0,9,196,10,215,4,24,233,10,271,160,8,168,439
02/20/2008,SGJ,FL,ASO,ES,Federal Contract Tower,4,17,40,0,61,0,3,172,7,182,4,20,212,7,243,140,6,146,389
02/21/2008,SGJ,FL,ASO,ES,Federal Contract Tower,4,11,44,4,63,0,2,63,15,80,4,13,107,19,143,104,28,132,275
02/22/2008,SGJ,FL,ASO,ES,Federal Contract Tower,4,19,47,1,71,0,10,52,2,64,4,29,99,3,135,118,10,128,263
02/23/2008,SGJ,FL,ASO,ES,Federal Contract Tower,4,9,47,1,61,0,13,63,0,76,4,22,110,1,137,144,0,144,281
02/24/2008,SGJ,FL,ASO,ES,Federal Contract Tower,4,18,45,2,69,0,14,220,4,238,4,32,265,6,307,270,0,270,577
02/25/2008,SGJ,FL,ASO,ES,Federal Contract Tower,3,4,43,0,50,0,14,121,19,154,3,18,164,19,204,122,4,126,330
02/26/2008,SGJ,FL,ASO,ES,Federal Contract Tower,4,8,31,0,43,0,1,11,0,12,4,9,42,0,55,20,0,20,75
02/27/2008,SGJ,FL,ASO,ES,Federal Contract Tower,4,17,28,2,51,0,5,107,19,131,4,22,135,21,182,46,18,64,246
02/28/2008,SGJ,FL,ASO,ES,Federal Contract Tower,4,23,46,0,73,0,15,97,13,125,4,38,143,13,198,124,14,138,336
02/29/2008,SGJ,FL,ASO,ES,Federal Contract Tower,4,18,39,0,61,0,8,146,17,171,4,26,185,17,232,118,16,134,366
03/01/2008,SGJ,FL,ASO,ES,Federal Contract Tower,4,5,65,0,74,0,12,170,2,184,4,17,235,2,258,152,0,152,410
03/02/2008,SGJ,FL,ASO,ES,Federal Contract Tower,4,12,47,5,68,0,14,178,0,192,4,26,225,5,260,176,4,180,440
03/03/2008,SGJ,FL,ASO,ES,Federal Contract Tower,4,15,59,3,81,0,8,136,13,157,4,23,195,16,238,154,26,180,418
03/04/2008,SGJ,FL,ASO,ES,Federal Contract Tower,4,19,31,0,54,0,0,48,0,48,4,19,79,0,102,106,0,106,208
03/05/2008,SGJ,FL,ASO,ES,Federal Contract Tower,4,7,46,2,59,0,11,173,7,191,4,18,219,9,250,168,16,184,434
03/06/2008,SGJ,FL,ASO,ES,Federal Contract Tower,4,12,66,0,82,0,12,96,7,115,4,24,162,7,197,96,18,114,311
03/07/2008,SGJ,FL,ASO,ES,Federal Contract Tower,6,12,22,1,41,0,0,0,1,1,6,12,22,2,42,2,0,2,44
03/08/2008,SGJ,FL,ASO,ES,Federal Contract Tower,6,12,6,0,24,0,2,28,2,32,6,14,34,2,56,14,0,14,70
03/09/2008,SGJ,FL,ASO,ES,Federal Contract Tower,6,14,40,0,60,0,25,148,2,175,6,39,188,2,235,298,0,298,533
03/10/2008,SGJ,FL,ASO,ES,Federal Contract Tower,6,20,39,1,66,0,12,185,6,203,6,32,224,7,269,274,36,310,579
03/11/2008,SGJ,FL,ASO,ES,Federal Contract Tower,6,4,63,2,75,0,12,151,5,168,6,16,214,7,243,138,8,146,389
03/12/2008,SGJ,FL,ASO,ES,Federal Contract Tower,5,5,66,2,78,0,9,113,3,125,5,14,179,5,203,158,6,164,367
03/13/2008,SGJ,FL,ASO,ES,Federal Contract Tower,6,16,52,2,76,0,10,212,6,228,6,26,264,8,304,300,0,300,604
03/14/2008,SGJ,FL,ASO,ES,Federal Contract Tower,6,13,28,6,53,0,3,80,9,92,6,16,108,15,145,154,6,160,305
03/15/2008,SGJ,FL,ASO,ES,Federal Contract Tower,6,9,21,0,36,2,16,163,0,181,8,25,184,0,217,68,0,68,285
03/16/2008,SGJ,FL,ASO,ES,Federal Contract Tower,7,14,44,0,65,0,8,121,0,129,7,22,165,0,194,124,0,124,318
03/17/2008,SGJ,FL,ASO,ES,Federal Contract Tower,6,8,29,1,44,0,12,104,10,126,6,20,133,11,170,130,6,136,306
03/18/2008,SGJ,FL,ASO,ES,Federal Contract Tower,7,12,29,2,50,0,0,40,4,44,7,12,69,6,94,40,16,56,150
03/19/2008,SGJ,FL,ASO,ES,Federal Contract Tower,6,12,17,1,36,0,4,66,5,75,6,16,83,6,111,26,32,58,169
03/20/2008,SGJ,FL,ASO,ES,Federal Contract Tower,6,20,36,0,62,0,15,73,14,102,6,35,109,14,164,142,4,146,310
03/21/2008,SGJ,FL,ASO,ES,Federal Contract Tower,6,9,28,7,50,0,4,192,8,204,6,13,220,15,254,156,2,158,412
03/22/2008,SGJ,FL,ASO,ES,Federal Contract Tower,6,8,34,0,48,0,21,153,0,174,6,29,187,0,222,82,0,82,304
03/23/2008,SGJ,FL,ASO,ES,Federal Contract Tower,6,11,32,0,49,0,16,106,2,124,6,27,138,2,173,40,0,40,213
03/24/2008,SGJ,FL,ASO,ES,Federal Contract Tower,7,24,29,1,61,0,0,98,0,98,7,24,127,1,159,132,0,132,291
03/25/2008,SGJ,FL,ASO,ES,Federal Contract Tower,6,12,37,2,57,0,8,99,10,117,6,20,136,12,174,122,54,176,350
03/26/2008,SGJ,FL,ASO,ES,Federal Contract Tower,6,15,47,2,70,0,11,177,10,198,6,26,224,12,268,178,10,188,456
03/27/2008,SGJ,FL,ASO,ES,Federal Contract Tower,4,24,33,2,63,0,12,130,17,159,4,36,163,19,222,194,12,206,428
03/28/2008,SGJ,FL,ASO,ES,Federal Contract Tower,6,16,28,0,50,0,28,234,7,269,6,44,262,7,319,110,14,124,443
03/29/2008,SGJ,FL,ASO,ES,Federal Contract Tower,5,8,15,4,32,1,25,168,0,194,6,33,183,4,226,116,0,116,342
03/30/2008,SGJ,FL,ASO,ES,Federal Contract Tower,6,13,38,0,57,0,0,5,0,5,6,13,43,0,62,0,0,0,62
03/31/2008,SGJ,FL,ASO,ES,Federal Contract Tower,6,5,34,2,47,0,3,35,0,38,6,8,69,2,85,54,0,54,139
04/01/2008,SGJ,FL,ASO,ES,Federal Contract Tower,6,17,44,4,71,0,11,165,13,189,6,28,209,17,260,198,16,214,474
04/02/2008,SGJ,FL,ASO,ES,Federal Contract Tower,6,18,35,0,59,0,11,251,11,273,6,29,286,11,332,212,38,250,582
04/03/2008,SGJ,FL,ASO,ES,Federal Contract Tower,6,24,31,3,64,0,0,36,0,36,6,24,67,3,100,8,0,8,108
04/04/2008,SGJ,FL,ASO,ES,Federal Contract Tower,6,18,33,5,62,0,0,126,2,128,6,18,159,7,190,130,8,138,328
04/05/2008,SGJ,FL,ASO,ES,Federal Contract Tower,0,6,26,0,32,0,12,72,8,92,0,18,98,8,124,58,6,64,188
04/06/2008,SGJ,FL,ASO,ES,Federal Contract Tower,0,13,38,0,51,0,2,35,0,37,0,15,73,0,88,36,0,36,124
04/07/2008,SGJ,FL,ASO,ES,Federal Contract Tower,0,12,59,5,76,0,0,28,2,30,0,12,87,7,106,20,4,24,130
04/08/2008,SGJ,FL,ASO,ES,Federal Contract Tower,0,15,53,0,68,0,0,39,0,39,0,15,92,0,107,64,0,64,171
04/09/2008,SGJ,FL,ASO,ES,Federal Contract Tower,0,11,48,7,66,0,11,130,4,145,0,22,178,11,211,108,8,116,327
04/10/2008,SGJ,FL,ASO,ES,Federal Contract Tower,0,13,53,1,67,0,11,170,13,194,0,24,223,14,261,130,4,134,395
04/11/2008,SGJ,FL,ASO,ES,Federal Contract Tower,0,9,42,2,53,0,18,158,19,195,0,27,200,21,248,106,8,114,362
04/12/2008,SGJ,FL,ASO,ES,Federal Contract Tower,0,7,34,0,41,0,11,146,4,161,0,18,180,4,202,92,0,92,294
04/13/2008,SGJ,FL,ASO,ES,Federal Contract Tower,0,21,34,0,55,0,5,87,0,92,0,26,121,0,147,118,0,118,265
04/14/2008,SGJ,FL,ASO,ES,Federal Contract Tower,0,15,34,0,49,0,7,122,8,137,0,22,156,8,186,170,0,170,356
04/15/2008,SGJ,FL,ASO,ES,Federal Contract Tower,0,17,23,3,43,0,1,73,9,83,0,18,96,12,126,98,24,122,248
04/16/2008,SGJ,FL,ASO,ES,Federal Contract Tower,0,8,26,4,38,0,2,81,9,92,0,10,107,13,130,122,22,144,274
04/17/2008,SGJ,FL,ASO,ES,Federal Contract Tower,0,16,27,2,45,0,15,183,14,212,0,31,210,16,257,128,10,138,395
04/18/2008,SGJ,FL,ASO,ES,Federal Contract Tower,0,6,20,0,26,0,8,166,6,180,0,14,186,6,206,154,2,156,362
04/19/2008,SGJ,FL,ASO,ES,Federal Contract Tower,0,12,9,0,21,0,8,193,0,201,0,20,202,0,222,110,0,110,332
04/20/2008,SGJ,FL,ASO,ES,Federal Contract Tower,0,8,51,2,61,0,5,142,4,151,0,13,193,6,212,70,0,70,282
04/21/2008,SGJ,FL,ASO,ES,Federal Contract Tower,0,11,30,4,45,0,3,130,6,139,0,14,160,10,184,88,4,92,276
04/22/2008,SGJ,FL,ASO,ES,Federal Contract Tower,0,14,31,5,50,0,13,148,21,182,0,27,179,26,232,94,66,160,392
04/23/2008,SGJ,FL,ASO,ES,Federal Contract Tower,0,5,50,2,57,0,6,97,3,106,0,11,147,5,163,44,0,44,207
04/24/2008,SGJ,FL,ASO,ES,Federal Contract Tower,0,16,38,1,55,0,2,89,1,92,0,18,127,2,147,156,12,168,315
04/25/2008,SGJ,FL,ASO,ES,Federal Contract Tower,0,14,46,1,61,0,8,125,9,142,0,22,171,10,203,122,20,142,345
04/26/2008,SGJ,FL,ASO,ES,Federal Contract Tower,0,11,24,2,37,0,2,175,4,181,0,13,199,6,218,148,0,148,366
04/27/2008,SGJ,FL,ASO,ES,Federal Contract Tower,0,14,33,0,47,0,0,125,2,127,0,14,158,2,174,100,0,100,274
04/28/2008,SGJ,FL,ASO,ES,Federal Contract Tower,0,14,34,0,48,0,1,56,4,61,0,15,90,4,109,74,0,74,183
04/29/2008,SGJ,FL,ASO,ES,Federal Contract Tower,0,11,44,3,58,0,0,149,15,164,0,11,193,18,222,192,38,230,452
04/30/2008,SGJ,FL,ASO,ES,Federal Contract Tower,0,9,19,4,32,0,6,154,20,180,0,15,173,24,212,150,0,150,362
05/01/2008,SGJ,FL,ASO,ES,Federal Contract Tower,0,10,46,7,63,0,13,165,9,187,0,23,211,16,250,230,32,262,512
05/02/2008,SGJ,FL,ASO,ES,Federal Contract Tower,0,6,24,2,32,0,4,88,4,96,0,10,112,6,128,122,24,146,274
05/03/2008,SGJ,FL,ASO,ES,Federal Contract Tower,0,5,26,0,31,0,13,151,6,170,0,18,177,6,201,180,4,184,385
05/04/2008,SGJ,FL,ASO,ES,Federal Contract Tower,0,24,53,0,77,0,0,114,2,116,0,24,167,2,193,84,0,84,277
05/05/2008,SGJ,FL,ASO,ES,Federal Contract Tower,0,30,38,2,70,0,1,138,8,147,0,31,176,10,217,170,18,188,405
05/06/2008,SGJ,FL,ASO,ES,Federal Contract Tower,0,19,32,1,52,0,7,106,9,122,0,26,138,10,174,118,8,126,300
05/07/2008,SGJ,FL,ASO,ES,Federal Contract Tower,0,18,47,2,67,0,0,153,10,163,0,18,200,12,230,248,10,258,488
05/08/2008,SGJ,FL,ASO,ES,Federal Contract Tower,0,22,10,0,32,38,140,0,134,312,38,162,10,134,344,20,0,20,364
05/09/2008,SGJ,FL,ASO,ES,Federal Contract Tower,0,19,57,0,76,0,3,57,19,79,0,22,114,19,155,26,10,36,191
05/10/2008,SGJ,FL,ASO,ES,Federal Contract Tower,0,14,40,1,55,0,21,82,2,105,0,35,122,3,160,198,0,198,358
05/11/2008,SGJ,FL,ASO,ES,Federal Contract Tower,0,38,46,0,84,0,7,21,0,28,0,45,67,0,112,22,0,22,134
05/12/2008,SGJ,FL,ASO,ES,Federal Contract Tower,0,16,34,2,52,0,12,107,1,120,0,28,141,3,172,130,6,136,308
05/13/2008,SGJ,FL,ASO,ES,Federal Contract Tower,0,14,27,6,47,0,13,161,12,186,0,27,188,18,233,134,22,156,389
05/14/2008,SGJ,FL,ASO,ES,Federal Contract Tower,0,7,41,8,56,0,15,150,3,168,0,22,191,11,224,108,32,140,364
05/15/2008,SGJ,FL,ASO,ES,Federal Contract Tower,0,27,25,3,55,0,6,131,7,144,0,33,156,10,199,156,10,166,365
05/16/2008,SGJ,FL,ASO,ES,Federal Contract Tower,0,9,59,8,76,0,3,66,10,79,0,12,125,18,155,52,16,68,223
05/17/2008,SGJ,FL,ASO,ES,Federal Contract Tower,0,5,36,0,41,0,25,118,5,148,0,30,154,5,189,134,6,140,329
05/18/2008,SGJ,FL,ASO,ES,Federal Contract Tower,0,14,38,0,52,0,11,87,7,105,0,25,125,7,157,72,2,74,231
05/19/2008,SGJ,FL,ASO,ES,Federal Contract Tower,0,14,26,2,42,0,6,123,18,147,0,20,149,20,189,106,36,142,331
05/20/2008,SGJ,FL,ASO,ES,Federal Contract Tower,0,6,37,2,45,0,14,99,14,127,0,20,136,16,172,58,18,76,248
05/21/2008,SGJ,FL,ASO,ES,Federal Contract Tower,0,6,29,2,37,0,10,124,4,138,0,16,153,6,175,86,14,100,275
05/22/2008,SGJ,FL,ASO,ES,Federal Contract Tower,0,11,34,6,51,0,8,109,3,120,0,19,143,9,171,152,8,160,331
05/23/2008,SGJ,FL,ASO,ES,Federal Contract Tower,0,6,31,2,39,0,7,73,4,84,0,13,104,6,123,144,4,148,271
05/24/2008,SGJ,FL,ASO,ES,Federal Contract Tower,0,7,23,4,34,0,14,100,0,114,0,21,123,4,148,150,4,154,302
05/25/2008,SGJ,FL,ASO,ES,Federal Contract Tower,0,6,26,0,32,0,22,62,0,84,0,28,88,0,116,40,0,40,156
05/26/2008,SGJ,FL,ASO,ES,Federal Contract Tower,0,7,25,0,32,0,27,137,0,164,0,34,162,0,196,48,0,48,244
05/27/2008,SGJ,FL,ASO,ES,Federal Contract Tower,0,8,30,2,40,0,12,132,11,155,0,20,162,13,195,42,14,56,251
05/28/2008,SGJ,FL,ASO,ES,Federal Contract Tower,0,13,35,1,49,0,6,133,12,151,0,19,168,13,200,116,6,122,322
05/29/2008,SGJ,FL,ASO,ES,Federal Contract Tower,0,13,38,6,57,0,2,146,8,156,0,15,184,14,213,122,2,124,337
05/30/2008,SGJ,FL,ASO,ES,Federal Contract Tower,0,8,46,4,58,0,19,132,10,161,0,27,178,14,219,160,0,160,379
05/31/2008,SGJ,FL,ASO,ES,Federal Contract Tower,0,6,21,1,28,0,13,243,3,259,0,19,264,4,287,146,2,148,435
06/01/2008,SGJ,FL,ASO,ES,Federal Contract Tower,0,8,17,0,25,0,0,107,0,107,0,8,124,0,132,34,0,34,166
06/02/2008,SGJ,FL,ASO,ES,Federal Contract Tower,0,4,18,7,29,0,6,55,0,61,0,10,73,7,90,74,4,78,168
06/03/2008,SGJ,FL,ASO,ES,Federal Contract Tower,0,4,37,0,41,0,6,116,8,130,0,10,153,8,171,94,0,94,265
06/04/2008,SGJ,FL,ASO,ES,Federal Contract Tower,0,16,29,4,49,0,12,99,6,117,0,28,128,10,166,158,8,166,332
06/05/2008,SGJ,FL,ASO,ES,Federal Contract Tower,0,12,51,5,68,0,8,142,13,163,0,20,193,18,231,112,2,114,345
06/06/2008,SGJ,FL,ASO,ES,Federal Contract Tower,0,4,33,4,41,0,12,84,2,98,0,16,117,6,139,72,4,76,215
06/07/2008,SGJ,FL,ASO,ES,Federal Contract Tower,0,2,14,3,19,0,14,149,0,163,0,16,163,3,182,36,0,36,218
06/08/2008,SGJ,FL,ASO,ES,Federal Contract Tower,0,9,29,4,42,0,11,67,4,82,0,20,96,8,124,82,0,82,206
06/09/2008,SGJ,FL,ASO,ES,Federal Contract Tower,0,8,35,0,43,0,6,76,11,93,0,14,111,11,136,108,4,112,248
06/10/2008,SGJ,FL,ASO,ES,Federal Contract Tower,0,10,35,5,50,0,15,101,10,126,0,25,136,15,176,64,58,122,298
06/11/2008,SGJ,FL,ASO,ES,Federal Contract Tower,0,10,23,1,34,0,6,74,8,88,0,16,97,9,122,52,32,84,206
06/12/2008,SGJ,FL,ASO,ES,Federal Contract Tower,0,12,42,3,57,0,10,112,4,126,0,22,154,7,183,94,32,126,309
06/13/2008,SGJ,FL,ASO,ES,Federal Contract Tower,0,14,27,6,47,0,14,62,1,77,0,28,89,7,124,126,0,126,250
06/14/2008,SGJ,FL,ASO,ES,Federal Contract Tower,0,3,29,0,32,0,38,173,0,211,0,41,202,0,243,96,0,96,339
06/15/2008,SGJ,FL,ASO,ES,Federal Contract Tower,0,15,17,0,32,0,14,95,0,109,0,29,112,0,141,54,0,54,195
06/16/2008,SGJ,FL,ASO,ES,Federal Contract Tower,0,14,36,7,57,0,10,86,17,113,0,24,122,24,170,72,24,96,266
06/17/2008,SGJ,FL,ASO,ES,Federal Contract Tower,0,10,31,1,42,0,2,103,3,108,0,12,134,4,150,134,2,136,286
06/18/2008,SGJ,FL,ASO,ES,Federal Contract Tower,0,8,25,0,33,0,10,99,3,112,0,18,124,3,145,124,6,130,275
06/19/2008,SGJ,FL,ASO,ES,Federal Contract Tower,0,17,38,2,57,0,5,103,4,112,0,22,141,6,169,186,2,188,357
06/20/2008,SGJ,FL,ASO,ES,Federal Contract Tower,0,4,23,0,27,0,10,85,0,95,0,14,108,0,122,112,0,112,234
06/21/2008,SGJ,FL,ASO,ES,Federal Contract Tower,0,4,23,0,27,0,10,85,0,95,0,14,108,0,122,112,0,112,234
06/22/2008,SGJ,FL,ASO,ES,Federal Contract Tower,0,14,21,0,35,0,9,62,0,71,0,23,83,0,106,52,0,52,158
06/23/2008,SGJ,FL,ASO,ES,Federal Contract Tower,0,24,22,4,50,0,8,95,16,119,0,32,117,20,169,66,18,84,253
06/24/2008,SGJ,FL,ASO,ES,Federal Contract Tower,0,7,45,0,52,0,6,139,10,155,0,13,184,10,207,128,28,156,363
06/25/2008,SGJ,FL,ASO,ES,Federal Contract Tower,0,8,40,1,49,0,11,82,8,101,0,19,122,9,150,120,14,134,284
06/26/2008,SGJ,FL,ASO,ES,Federal Contract Tower,0,8,27,4,39,0,18,140,15,173,0,26,167,19,212,96,16,112,324
06/27/2008,SGJ,FL,ASO,ES,Federal Contract Tower,0,9,40,1,50,0,4,77,5,86,0,13,117,6,136,98,14,112,248
06/28/2008,SGJ,FL,ASO,ES,Federal Contract Tower,0,1,25,2,28,0,7,101,2,110,0,8,126,4,138,218,0,218,356
06/29/2008,SGJ,FL,ASO,ES,Federal Contract Tower,0,2,29,3,34,0,1,91,0,92,0,3,120,3,126,88,0,88,214
06/30/2008,SGJ,FL,ASO,ES,Federal Contract Tower,0,10,19,0,29,0,0,84,2,86,0,10,103,2,115,80,6,86,201
07/01/2008,SGJ,FL,ASO,ES,Federal Contract Tower,0,6,46,10,62,0,7,87,16,110,0,13,133,26,172,136,52,188,360
07/02/2008,SGJ,FL,ASO,ES,Federal Contract Tower,0,11,26,4,41,0,7,147,3,157,0,18,173,7,198,160,2,162,360
07/03/2008,SGJ,FL,ASO,ES,Federal Contract Tower,0,10,27,1,38,0,17,143,2,162,0,27,170,3,200,108,0,108,308
07/04/2008,SGJ,FL,ASO,ES,Federal Contract Tower,0,1,23,0,24,0,19,87,0,106,0,20,110,0,130,106,0,106,236
07/05/2008,SGJ,FL,ASO,ES,Federal Contract Tower,0,3,29,0,32,0,30,159,0,189,0,33,188,0,221,184,0,184,405
07/06/2008,SGJ,FL,ASO,ES,Federal Contract Tower,0,9,32,0,41,0,21,106,0,127,0,30,138,0,168,56,0,56,224
07/07/2008,SGJ,FL,ASO,ES,Federal Contract Tower,0,10,60,5,75,0,2,112,4,118,0,12,172,9,193,110,16,126,319
07/08/2008,SGJ,FL,ASO,ES,Federal Contract Tower,0,10,30,3,43,0,20,119,8,147,0,30,149,11,190,76,10,86,276
07/09/2008,SGJ,FL,ASO,ES,Federal Contract Tower,0,8,20,1,29,0,11,117,9,137,0,19,137,10,166,160,20,180,346
07/10/2008,SGJ,FL,ASO,ES,Federal Contract Tower,0,10,30,1,41,0,14,123,9,146,0,24,153,10,187,154,8,162,349
07/11/2008,SGJ,FL,ASO,ES,Federal Contract Tower,0,3,37,2,42,0,21,101,4,126,0,24,138,6,168,118,6,124,292
07/12/2008,SGJ,FL,ASO,ES,Federal Contract Tower,0,7,32,3,42,0,17,101,3,121,0,24,133,6,163,118,4,122,285
07/13/2008,SGJ,FL,ASO,ES,Federal Contract Tower,0,8,43,0,51,0,18,82,0,100,0,26,125,0,151,88,0,88,239
07/14/2008,SGJ,FL,ASO,ES,Federal Contract Tower,0,6,31,0,37,0,18,118,10,146,0,24,149,10,183,148,12,160,343
07/15/2008,SGJ,FL,ASO,ES,Federal Contract Tower,0,7,31,1,39,0,10,81,5,96,0,17,112,6,135,78,8,86,221
07/16/2008,SGJ,FL,ASO,ES,Federal Contract Tower,0,14,47,0,61,0,15,90,2,107,0,29,137,2,168,116,14,130,298
07/17/2008,SGJ,FL,ASO,ES,Federal Contract Tower,0,2,47,0,49,0,0,39,6,45,0,2,86,6,94,48,20,68,162
07/18/2008,SGJ,FL,ASO,ES,Federal Contract Tower,0,7,69,0,76,0,5,50,4,59,0,12,119,4,135,56,8,64,199
07/19/2008,SGJ,FL,ASO,ES,Federal Contract Tower,0,5,19,0,24,0,19,147,0,166,0,24,166,0,190,56,0,56,246
07/20/2008,SGJ,FL,ASO,ES,Federal Contract Tower,0,7,39,0,46,0,12,100,2,114,0,19,139,2,160,102,0,102,262
07/21/2008,SGJ,FL,ASO,ES,Federal Contract Tower,0,4,39,0,43,0,9,108,4,121,0,13,147,4,164,56,6,62,226
07/22/2008,SGJ,FL,ASO,ES,Federal Contract Tower,0,2,36,7,45,0,12,105,7,124,0,14,141,14,169,86,30,116,285
07/23/2008,SGJ,FL,ASO,ES,Federal Contract Tower,0,3,43,4,50,0,9,60,5,74,0,12,103,9,124,98,6,104,228
07/24/2008,SGJ,FL,ASO,ES,Federal Contract Tower,0,0,39,3,42,0,23,159,8,190,0,23,198,11,232,200,46,246,478
07/25/2008,SGJ,FL,ASO,ES,Federal Contract Tower,0,9,29,0,38,0,2,122,6,130,0,11,151,6,168,104,0,104,272
07/26/2008,SGJ,FL,ASO,ES,Federal Contract Tower,0,16,31,0,47,0,18,159,0,177,0,34,190,0,224,134,0,134,358
07/27/2008,SGJ,FL,ASO,ES,Federal Contract Tower,0,12,40,3,55,0,10,66,6,82,0,22,106,9,137,102,24,126,263
07/28/2008,SGJ,FL,ASO,ES,Federal Contract Tower,0,3,28,1,32,0,4,70,4,78,0,7,98,5,110,114,8,122,232
07/29/2008,SGJ,FL,ASO,ES,Federal Contract Tower,0,5,37,5,47,0,8,120,6,134,0,13,157,11,181,128,26,154,335
07/30/2008,SGJ,FL,ASO,ES,Federal Contract Tower,0,5,35,1,41,0,8,140,4,152,0,13,175,5,193,108,6,114,307
07/31/2008,SGJ,FL,ASO,ES,Federal Contract Tower,0,5,39,3,47,0,8,47,0,55,0,13,86,3,102,78,6,84,186
08/01/2008,SGJ,FL,ASO,ES,Federal Contract Tower,0,6,26,0,32,0,20,82,3,105,0,26,108,3,137,82,0,82,219
08/02/2008,SGJ,FL,ASO,ES,Federal Contract Tower,0,3,25,0,28,0,6,76,2,84,0,9,101,2,112,76,0,76,188
08/03/2008,SGJ,FL,ASO,ES,Federal Contract Tower,0,2,30,0,32,0,18,132,0,150,0,20,162,0,182,76,0,76,258
08/04/2008,SGJ,FL,ASO,ES,Federal Contract Tower,0,4,28,3,35,0,4,119,3,126,0,8,147,6,161,70,8,78,239
08/05/2008,SGJ,FL,ASO,ES,Federal Contract Tower,0,2,30,2,34,0,20,128,12,160,0,22,158,14,194,144,0,144,338
08/06/2008,SGJ,FL,ASO,ES,Federal Contract Tower,0,7,39,2,48,0,16,113,9,138,0,23,152,11,186,54,14,68,254
08/07/2008,SGJ,FL,ASO,ES,Federal Contract Tower,0,9,57,0,66,0,20,112,3,135,0,29,169,3,201,64,2,66,267
08/08/2008,SGJ,FL,ASO,ES,Federal Contract Tower,0,11,26,0,37,0,7,54,5,66,0,18,80,5,103,36,2,38,141
08/09/2008,SGJ,FL,ASO,ES,Federal Contract Tower,0,9,38,1,48,0,8,96,0,104,0,17,134,1,152,62,0,62,214
08/10/2008,SGJ,FL,ASO,ES,Federal Contract Tower,0,9,22,0,31,0,21,88,2,111,0,30,110,2,142,0,0,0,142
08/11/2008,SGJ,FL,ASO,ES,Federal Contract Tower,0,3,20,4,27,0,17,101,5,123,0,20,121,9,150,62,2,64,214
08/12/2008,SGJ,FL,ASO,ES,Federal Contract Tower,0,1,29,1,31,0,0,63,3,66,0,1,92,4,97,64,4,68,165
08/13/2008,SGJ,FL,ASO,ES,Federal Contract Tower,0,4,28,4,36,0,3,38,7,48,0,7,66,11,84,50,2,52,136
08/14/2008,SGJ,FL,ASO,ES,Federal Contract Tower,0,8,33,1,42,0,0,46,3,49,0,8,79,4,91,48,0,48,139
08/15/2008,SGJ,FL,ASO,ES,Federal Contract Tower,0,2,54,5,61,0,11,100,0,111,0,13,154,5,172,104,0,104,276
08/16/2008,SGJ,FL,ASO,ES,Federal Contract Tower,0,14,23,0,37,0,21,86,3,110,0,35,109,3,147,136,2,138,285
08/17/2008,SGJ,FL,ASO,ES,Federal Contract Tower,0,6,19,3,28,0,3,93,2,98,0,9,112,5,126,98,0,98,224
08/18/2008,SGJ,FL,ASO,ES,Federal Contract Tower,0,4,36,2,42,0,4,119,1,124,0,8,155,3,166,226,0,226,392
08/19/2008,SGJ,FL,ASO,ES,Federal Contract Tower,0,4,23,0,27,0,3,30,2,35,0,7,53,2,62,52,14,66,128
08/20/2008,SGJ,FL,ASO,ES,Federal Contract Tower,0,3,0,0,3,0,0,0,0,0,0,3,0,0,3,0,0,0,3
08/21/2008,SGJ,FL,ASO,ES,Federal Contract Tower,0,0,0,0,0,0,0,0,0,0,0,0,0,0,0,0,0,0,0
08/22/2008,SGJ,FL,ASO,ES,Federal Contract Tower,0,0,0,0,0,0,0,0,0,0,0,0,0,0,0,0,0,0,0
08/23/2008,SGJ,FL,ASO,ES,Federal Contract Tower,0,5,15,1,21,0,3,26,0,29,0,8,41,1,50,60,0,60,110
08/24/2008,SGJ,FL,ASO,ES,Federal Contract Tower,0,4,26,0,30,0,10,55,1,66,0,14,81,1,96,64,0,64,160
08/25/2008,SGJ,FL,ASO,ES,Federal Contract Tower,0,3,16,1,20,0,3,64,1,68,0,6,80,2,88,78,4,82,170
08/26/2008,SGJ,FL,ASO,ES,Federal Contract Tower,0,2,34,2,38,0,2,128,8,138,0,4,162,10,176,128,18,146,322
08/27/2008,SGJ,FL,ASO,ES,Federal Contract Tower,0,5,44,4,53,0,3,95,16,114,0,8,139,20,167,138,62,200,367
08/28/2008,SGJ,FL,ASO,ES,Federal Contract Tower,0,6,48,0,54,0,0,142,5,147,0,6,190,5,201,110,6,116,317
08/29/2008,SGJ,FL,ASO,ES,Federal Contract Tower,0,4,40,1,45,0,4,140,4,148,0,8,180,5,193,172,22,194,387
08/30/2008,SGJ,FL,ASO,ES,Federal Contract Tower,0,3,20,0,23,0,10,62,1,73,0,13,82,1,96,188,0,188,284
08/31/2008,SGJ,FL,ASO,ES,Federal Contract Tower,0,1,26,0,27,0,10,78,0,88,0,11,104,0,115,70,0,70,185
09/01/2008,SGJ,FL,ASO,ES,Federal Contract Tower,0,8,30,0,38,0,18,70,0,88,0,26,100,0,126,114,0,114,240
09/02/2008,SGJ,FL,ASO,ES,Federal Contract Tower,0,4,25,5,34,0,2,61,12,75,0,6,86,17,109,94,12,106,215
09/03/2008,SGJ,FL,ASO,ES,Federal Contract Tower,0,0,40,3,43,0,0,92,13,105,0,0,132,16,148,216,48,264,412
09/04/2008,SGJ,FL,ASO,ES,Federal Contract Tower,0,2,29,2,33,0,2,105,11,118,0,4,134,13,151,114,10,124,275
09/05/2008,SGJ,FL,ASO,ES,Federal Contract Tower,0,4,15,1,20,0,0,0,0,0,0,4,15,1,20,0,0,0,20
09/06/2008,SGJ,FL,ASO,ES,Federal Contract Tower,0,1,19,0,20,0,4,143,8,155,0,5,162,8,175,134,2,136,311
09/07/2008,SGJ,FL,ASO,ES,Federal Contract Tower,0,5,24,0,29,0,0,92,0,92,0,5,116,0,121,68,0,68,189
09/08/2008,SGJ,FL,ASO,ES,Federal Contract Tower,0,1,35,3,39,0,1,77,13,91,0,2,112,16,130,52,0,52,182
09/09/2008,SGJ,FL,ASO,ES,Federal Contract Tower,0,1,37,2,40,0,1,99,9,109,0,2,136,11,149,148,0,148,297
09/10/2008,SGJ,FL,ASO,ES,Federal Contract Tower,0,1,40,4,45,0,0,83,1,84,0,1,123,5,129,94,0,94,223
09/11/2008,SGJ,FL,ASO,ES,Federal Contract Tower,0,0,40,5,45,0,1,64,12,77,0,1,104,17,122,82,22,104,226
09/12/2008,SGJ,FL,ASO,ES,Federal Contract Tower,0,2,33,4,39,0,7,123,2,132,0,9,156,6,171,124,2,126,297
09/13/2008,SGJ,FL,ASO,ES,Federal Contract Tower,0,1,24,0,25,0,12,116,2,130,0,13,140,2,155,96,0,96,251
09/14/2008,SGJ,FL,ASO,ES,Federal Contract Tower,0,6,44,0,50,0,8,153,2,163,0,14,197,2,213,156,0,156,369
09/15/2008,SGJ,FL,ASO,ES,Federal Contract Tower,0,3,40,0,43,0,2,93,2,97,0,5,133,2,140,86,2,88,228
09/16/2008,SGJ,FL,ASO,ES,Federal Contract Tower,0,10,35,4,49,0,10,107,6,123,0,20,142,10,172,36,0,36,208
09/17/2008,SGJ,FL,ASO,ES,Federal Contract Tower,0,4,31,3,38,0,5,95,4,104,0,9,126,7,142,94,2,96,238
09/18/2008,SGJ,FL,ASO,ES,Federal Contract Tower,0,12,34,3,49,0,4,114,10,128,0,16,148,13,177,108,28,136,313
09/19/2008,SGJ,FL,ASO,ES,Federal Contract Tower,0,5,19,3,27,0,6,71,7,84,0,11,90,10,111,34,2,36,147
09/20/2008,SGJ,FL,ASO,ES,Federal Contract Tower,0,7,27,0,34,0,0,15,0,15,0,7,42,0,49,0,0,0,49
09/21/2008,SGJ,FL,ASO,ES,Federal Contract Tower,0,5,30,1,36,0,2,82,1,85,0,7,112,2,121,82,0,82,203
09/22/2008,SGJ,FL,ASO,ES,Federal Contract Tower,0,6,25,1,32,0,2,26,0,28,0,8,51,1,60,0,0,0,60
09/23/2008,SGJ,FL,ASO,ES,Federal Contract Tower,0,1,26,0,27,0,4,58,4,66,0,5,84,4,93,44,2,46,139
09/24/2008,SGJ,FL,ASO,ES,Federal Contract Tower,0,6,34,4,44,0,0,50,1,51,0,6,84,5,95,8,0,8,103
09/25/2008,SGJ,FL,ASO,ES,Federal Contract Tower,0,8,34,1,43,0,9,84,10,103,0,17,118,11,146,50,18,68,214
09/26/2008,SGJ,FL,ASO,ES,Federal Contract Tower,0,2,34,6,42,0,8,133,8,149,0,10,167,14,191,100,30,130,321
09/27/2008,SGJ,FL,ASO,ES,Federal Contract Tower,0,2,23,0,25,0,8,182,0,190,0,10,205,0,215,122,0,122,337
09/28/2008,SGJ,FL,ASO,ES,Federal Contract Tower,0,6,36,0,42,0,6,97,0,103,0,12,133,0,145,94,0,94,239
09/29/2008,SGJ,FL,ASO,ES,Federal Contract Tower,0,3,19,3,25,0,0,67,5,72,0,3,86,8,97,98,10,108,205
09/30/2008,SGJ,FL,ASO,ES,Federal Contract Tower,0,4,30,4,38,0,0,68,6,74,0,4,98,10,112,54,6,60,172
10/01/2008,SGJ,FL,ASO,ES,Federal Contract Tower,0,7,22,2,31,0,8,124,2,134,0,15,146,4,165,122,18,140,305
10/02/2008,SGJ,FL,ASO,ES,Federal Contract Tower,0,11,22,2,35,0,3,94,11,108,0,14,116,13,143,94,8,102,245
10/03/2008,SGJ,FL,ASO,ES,Federal Contract Tower,0,7,30,8,45,0,10,165,3,178,0,17,195,11,223,176,2,178,401
10/04/2008,SGJ,FL,ASO,ES,Federal Contract Tower,0,3,25,0,28,0,4,164,0,168,0,7,189,0,196,106,0,106,302
10/05/2008,SGJ,FL,ASO,ES,Federal Contract Tower,0,2,35,0,37,0,9,71,0,80,0,11,106,0,117,60,0,60,177
10/06/2008,SGJ,FL,ASO,ES,Federal Contract Tower,0,9,39,3,51,0,6,44,1,51,0,15,83,4,102,110,8,118,220
10/07/2008,SGJ,FL,ASO,ES,Federal Contract Tower,0,2,33,0,35,0,2,79,16,97,0,4,112,16,132,56,40,96,228
10/08/2008,SGJ,FL,ASO,ES,Federal Contract Tower,0,3,28,2,33,0,0,77,4,81,0,3,105,6,114,102,12,114,228
10/09/2008,SGJ,FL,ASO,ES,Federal Contract Tower,0,7,10,2,19,0,2,38,4,44,0,9,48,6,63,48,2,50,113
10/10/2008,SGJ,FL,ASO,ES,Federal Contract Tower,0,0,67,5,72,0,4,72,4,80,0,4,139,9,152,48,2,50,202
10/11/2008,SGJ,FL,ASO,ES,Federal Contract Tower,0,6,31,0,37,0,13,82,0,95,0,19,113,0,132,28,0,28,160
10/12/2008,SGJ,FL,ASO,ES,Federal Contract Tower,0,6,33,0,39,0,2,73,0,75,0,8,106,0,114,80,0,80,194
10/13/2008,SGJ,FL,ASO,ES,Federal Contract Tower,0,2,24,0,26,0,0,48,3,51,0,2,72,3,77,10,2,12,89
10/14/2008,SGJ,FL,ASO,ES,Federal Contract Tower,0,2,26,0,28,0,3,80,1,84,0,5,106,1,112,62,18,80,192
10/15/2008,SGJ,FL,ASO,ES,Federal Contract Tower,0,8,32,2,42,0,8,134,4,146,0,16,166,6,188,96,0,96,284
10/16/2008,SGJ,FL,ASO,ES,Federal Contract Tower,0,5,31,4,40,0,0,93,4,97,0,5,124,8,137,128,0,128,265
10/17/2008,SGJ,FL,ASO,ES,Federal Contract Tower,0,10,38,1,49,0,2,116,5,123,0,12,154,6,172,60,0,60,232
10/18/2008,SGJ,FL,ASO,ES,Federal Contract Tower,0,8,29,0,37,0,4,136,8,148,0,12,165,8,185,116,4,120,305
10/19/2008,SGJ,FL,ASO,ES,Federal Contract Tower,0,5,25,2,32,0,5,96,2,103,0,10,121,4,135,54,0,54,189
10/20/2008,SGJ,FL,ASO,ES,Federal Contract Tower,0,4,36,1,41,0,5,117,4,126,0,9,153,5,167,92,8,100,267
10/21/2008,SGJ,FL,ASO,ES,Federal Contract Tower,0,6,53,5,64,0,2,139,14,155,0,8,192,19,219,114,28,142,361
10/22/2008,SGJ,FL,ASO,ES,Federal Contract Tower,0,7,30,5,42,0,4,123,6,133,0,11,153,11,175,174,6,180,355
10/23/2008,SGJ,FL,ASO,ES,Federal Contract Tower,0,3,38,1,42,0,2,30,3,35,0,5,68,4,77,72,6,78,155
10/24/2008,SGJ,FL,ASO,ES,Federal Contract Tower,0,7,28,6,41,0,0,3,0,3,0,7,31,6,44,52,0,52,96
10/25/2008,SGJ,FL,ASO,ES,Federal Contract Tower,0,1,48,0,49,0,10,48,3,61,0,11,96,3,110,64,10,74,184
10/26/2008,SGJ,FL,ASO,ES,Federal Contract Tower,0,3,38,0,41,0,6,142,0,148,0,9,180,0,189,64,0,64,253
10/27/2008,SGJ,FL,ASO,ES,Federal Contract Tower,0,10,28,4,42,0,1,189,8,198,0,11,217,12,240,216,44,260,500
10/28/2008,SGJ,FL,ASO,ES,Federal Contract Tower,0,6,22,3,31,0,4,103,19,126,0,10,125,22,157,134,74,208,365
10/29/2008,SGJ,FL,ASO,ES,Federal Contract Tower,0,6,29,5,40,0,6,144,7,157,0,12,173,12,197,118,4,122,319
10/30/2008,SGJ,FL,ASO,ES,Federal Contract Tower,0,9,24,2,35,0,0,114,11,125,0,9,138,13,160,256,16,272,432
10/31/2008,SGJ,FL,ASO,ES,Federal Contract Tower,2,6,37,4,49,0,2,141,2,145,2,8,178,6,194,128,0,128,322
11/01/2008,SGJ,FL,ASO,ES,Federal Contract Tower,0,1,45,0,46,0,2,112,0,114,0,3,157,0,160,72,0,72,232
11/02/2008,SGJ,FL,ASO,ES,Federal Contract Tower,0,8,43,2,53,0,7,46,0,53,0,15,89,2,106,0,0,0,106
11/03/2008,SGJ,FL,ASO,ES,Federal Contract Tower,0,6,40,0,46,0,2,31,0,33,0,8,71,0,79,2,0,2,81
11/04/2008,SGJ,FL,ASO,ES,Federal Contract Tower,0,5,46,3,54,0,0,29,10,39,0,5,75,13,93,26,30,56,149
11/05/2008,SGJ,FL,ASO,ES,Federal Contract Tower,0,4,53,5,62,0,3,81,6,90,0,7,134,11,152,68,24,92,244
11/06/2008,SGJ,FL,ASO,ES,Federal Contract Tower,0,6,46,6,58,0,7,137,6,150,0,13,183,12,208,168,0,168,376
11/07/2008,SGJ,FL,ASO,ES,Federal Contract Tower,0,9,28,2,39,0,3,172,4,179,0,12,200,6,218,160,0,160,378
11/08/2008,SGJ,FL,ASO,ES,Federal Contract Tower,0,1,29,2,32,0,23,153,1,177,0,24,182,3,209,136,0,136,345
11/09/2008,SGJ,FL,ASO,ES,Federal Contract Tower,0,7,44,3,54,0,18,113,0,131,0,25,157,3,185,92,0,92,277
11/10/2008,SGJ,FL,ASO,ES,Federal Contract Tower,0,13,45,0,58,0,5,145,4,154,0,18,190,4,212,114,0,114,326
11/11/2008,SGJ,FL,ASO,ES,Federal Contract Tower,0,11,48,0,59,0,6,89,4,99,0,17,137,4,158,76,0,76,234
11/12/2008,SGJ,FL,ASO,ES,Federal Contract Tower,0,7,44,1,52,0,0,95,7,102,0,7,139,8,154,72,32,104,258
11/13/2008,SGJ,FL,ASO,ES,Federal Contract Tower,0,2,42,2,46,0,6,56,5,67,0,8,98,7,113,56,8,64,177
11/14/2008,SGJ,FL,ASO,ES,Federal Contract Tower,0,7,50,1,58,0,4,53,4,61,0,11,103,5,119,42,8,50,169
11/15/2008,SGJ,FL,ASO,ES,Federal Contract Tower,0,2,23,0,25,0,0,22,30,52,0,2,45,30,77,22,2,24,101
11/16/2008,SGJ,FL,ASO,ES,Federal Contract Tower,0,0,46,3,49,0,6,171,1,178,0,6,217,4,227,144,0,144,371
11/17/2008,SGJ,FL,ASO,ES,Federal Contract Tower,0,3,31,6,40,0,0,119,10,129,0,3,150,16,169,72,2,74,243
11/18/2008,SGJ,FL,ASO,ES,Federal Contract Tower,0,5,32,3,40,0,9,102,17,128,0,14,134,20,168,62,12,74,242
11/19/2008,SGJ,FL,ASO,ES,Federal Contract Tower,0,10,37,5,52,0,2,158,13,173,0,12,195,18,225,92,0,92,317
11/20/2008,SGJ,FL,ASO,ES,Federal Contract Tower,0,10,24,4,38,0,1,68,7,76,0,11,92,11,114,76,12,88,202
11/21/2008,SGJ,FL,ASO,ES,Federal Contract Tower,0,2,32,4,38,0,6,106,7,119,0,8,138,11,157,58,4,62,219
11/22/2008,SGJ,FL,ASO,ES,Federal Contract Tower,0,2,41,2,45,0,20,97,3,120,0,22,138,5,165,24,0,24,189
11/23/2008,SGJ,FL,ASO,ES,Federal Contract Tower,0,4,24,4,32,0,4,135,0,139,0,8,159,4,171,100,0,100,271
11/24/2008,SGJ,FL,ASO,ES,Federal Contract Tower,0,6,28,3,37,0,1,136,5,142,0,7,164,8,179,100,4,104,283
11/25/2008,SGJ,FL,ASO,ES,Federal Contract Tower,0,2,20,4,26,0,2,83,12,97,0,4,103,16,123,70,26,96,219
11/26/2008,SGJ,FL,ASO,ES,Federal Contract Tower,0,9,41,1,51,0,8,172,3,183,0,17,213,4,234,114,0,114,348
11/27/2008,SGJ,FL,ASO,ES,Federal Contract Tower,0,2,9,0,11,0,1,74,0,75,0,3,83,0,86,22,0,22,108
11/28/2008,SGJ,FL,ASO,ES,Federal Contract Tower,0,4,24,0,28,0,8,131,0,139,0,12,155,0,167,102,0,102,269
11/29/2008,SGJ,FL,ASO,ES,Federal Contract Tower,0,6,31,0,37,0,15,109,0,124,0,21,140,0,161,108,0,108,269
11/30/2008,SGJ,FL,ASO,ES,Federal Contract Tower,0,7,39,0,46,0,4,16,0,20,0,11,55,0,66,0,0,0,66
12/01/2008,SGJ,FL,ASO,ES,Federal Contract Tower,0,8,39,8,55,0,0,107,3,110,0,8,146,11,165,62,0,62,227
12/02/2008,SGJ,FL,ASO,ES,Federal Contract Tower,0,3,28,11,42,0,0,126,7,133,0,3,154,18,175,148,24,172,347
12/03/2008,SGJ,FL,ASO,ES,Federal Contract Tower,0,10,30,5,45,0,12,145,0,157,0,22,175,5,202,224,48,272,474
12/04/2008,SGJ,FL,ASO,ES,Federal Contract Tower,0,3,32,3,38,0,0,102,5,107,0,3,134,8,145,88,6,94,239
12/05/2008,SGJ,FL,ASO,ES,Federal Contract Tower,0,15,36,10,61,0,10,114,5,129,0,25,150,15,190,44,0,44,234
12/06/2008,SGJ,FL,ASO,ES,Federal Contract Tower,0,1,31,1,33,0,12,59,0,71,0,13,90,1,104,52,0,52,156
12/07/2008,SGJ,FL,ASO,ES,Federal Contract Tower,0,11,24,1,36,0,0,163,0,163,0,11,187,1,199,130,0,130,329
12/08/2008,SGJ,FL,ASO,ES,Federal Contract Tower,0,7,21,4,32,0,3,140,16,159,0,10,161,20,191,124,32,156,347
12/09/2008,SGJ,FL,ASO,ES,Federal Contract Tower,0,6,28,9,43,0,0,93,13,106,0,6,121,22,149,48,12,60,209
12/10/2008,SGJ,FL,ASO,ES,Federal Contract Tower,0,11,36,1,48,0,8,90,10,108,0,19,126,11,156,76,24,100,256
12/11/2008,SGJ,FL,ASO,ES,Federal Contract Tower,0,30,17,1,48,0,1,19,0,20,0,31,36,1,68,30,0,30,98
12/12/2008,SGJ,FL,ASO,ES,Federal Contract Tower,0,6,44,6,56,0,6,107,11,124,0,12,151,17,180,42,28,70,250
12/13/2008,SGJ,FL,ASO,ES,Federal Contract Tower,0,3,33,3,39,0,8,116,7,131,0,11,149,10,170,46,2,48,218
12/14/2008,SGJ,FL,ASO,ES,Federal Contract Tower,0,5,19,0,24,0,18,71,0,89,0,23,90,0,113,160,0,160,273
12/15/2008,SGJ,FL,ASO,ES,Federal Contract Tower,0,4,44,3,51,0,8,68,13,89,0,12,112,16,140,34,12,46,186
12/16/2008,SGJ,FL,ASO,ES,Federal Contract Tower,0,7,24,5,36,0,0,62,23,85,0,7,86,28,121,40,38,78,199
12/17/2008,SGJ,FL,ASO,ES,Federal Contract Tower,0,5,25,2,32,0,6,34,9,49,0,11,59,11,81,66,14,80,161
12/18/2008,SGJ,FL,ASO,ES,Federal Contract Tower,0,5,42,3,50,0,0,125,22,147,0,5,167,25,197,70,4,74,271
12/19/2008,SGJ,FL,ASO,ES,Federal Contract Tower,0,16,313,0,329,0,13,120,5,138,0,29,433,5,467,92,4,96,563
12/20/2008,SGJ,FL,ASO,ES,Federal Contract Tower,0,10,38,0,48,0,6,95,0,101,0,16,133,0,149,70,0,70,219
12/21/2008,SGJ,FL,ASO,ES,Federal Contract Tower,0,3,34,0,37,0,6,69,0,75,0,9,103,0,112,8,0,8,120
12/22/2008,SGJ,FL,ASO,ES,Federal Contract Tower,0,3,21,0,24,0,1,112,8,121,0,4,133,8,145,68,42,110,255
12/23/2008,SGJ,FL,ASO,ES,Federal Contract Tower,0,6,32,0,38,0,7,80,10,97,0,13,112,10,135,72,20,92,227
12/24/2008,SGJ,FL,ASO,ES,Federal Contract Tower,0,2,19,0,21,0,8,81,4,93,0,10,100,4,114,92,0,92,206
12/25/2008,SGJ,FL,ASO,ES,Federal Contract Tower,0,4,9,0,13,0,0,8,0,8,0,4,17,0,21,10,0,10,31
12/26/2008,SGJ,FL,ASO,ES,Federal Contract Tower,0,2,26,0,28,0,16,82,0,98,0,18,108,0,126,26,0,26,152
12/27/2008,SGJ,FL,ASO,ES,Federal Contract Tower,0,9,29,0,38,0,18,142,3,163,0,27,171,3,201,24,0,24,225
12/28/2008,SGJ,FL,ASO,ES,Federal Contract Tower,0,7,21,0,28,0,14,121,2,137,0,21,142,2,165,60,0,60,225
12/29/2008,SGJ,FL,ASO,ES,Federal Contract Tower,0,6,25,3,34,0,30,94,0,124,0,36,119,3,158,58,0,58,216
12/30/2008,SGJ,FL,ASO,ES,Federal Contract Tower,0,4,30,6,40,0,15,127,0,142,0,19,157,6,182,60,0,60,242
12/31/2008,SGJ,FL,ASO,ES,Federal Contract Tower,0,8,26,1,35,0,2,107,1,110,0,10,133,2,145,84,0,84,229
01/01/2009,SGJ,FL,ASO,ES,Federal Contract Tower,0,0,14,0,14,0,10,46,0,56,0,10,60,0,70,6,0,6,76
01/02/2009,SGJ,FL,ASO,ES,Federal Contract Tower,0,9,21,0,30,0,32,111,0,143,0,41,132,0,173,118,2,120,293
01/03/2009,SGJ,FL,ASO,ES,Federal Contract Tower,0,3,54,2,59,0,16,113,1,130,0,19,167,3,189,48,0,48,237
01/04/2009,SGJ,FL,ASO,ES,Federal Contract Tower,0,6,23,0,29,0,10,103,0,113,0,16,126,0,142,76,0,76,218
01/05/2009,SGJ,FL,ASO,ES,Federal Contract Tower,0,10,17,3,30,0,2,140,2,144,0,12,157,5,174,124,6,130,304
01/06/2009,SGJ,FL,ASO,ES,Federal Contract Tower,0,4,44,1,49,0,4,44,0,48,0,8,88,1,97,34,0,34,131
01/07/2009,SGJ,FL,ASO,ES,Federal Contract Tower,0,8,18,0,26,0,4,28,2,34,0,12,46,2,60,6,8,14,74
01/08/2009,SGJ,FL,ASO,ES,Federal Contract Tower,0,8,23,1,32,0,7,90,0,97,0,15,113,1,129,120,0,120,249
01/09/2009,SGJ,FL,ASO,ES,Federal Contract Tower,0,9,41,4,54,0,1,157,6,164,0,10,198,10,218,80,8,88,306
01/10/2009,SGJ,FL,ASO,ES,Federal Contract Tower,0,4,33,0,37,0,11,237,0,248,0,15,270,0,285,144,0,144,429
01/11/2009,SGJ,FL,ASO,ES,Federal Contract Tower,0,7,31,1,39,0,2,72,0,74,0,9,103,1,113,46,0,46,159
01/12/2009,SGJ,FL,ASO,ES,Federal Contract Tower,0,10,38,0,48,0,0,59,2,61,0,10,97,2,109,36,0,36,145
01/13/2009,SGJ,FL,ASO,ES,Federal Contract Tower,0,6,34,3,43,0,0,6,0,6,0,6,40,3,49,36,0,36,85
01/14/2009,SGJ,FL,ASO,ES,Federal Contract Tower,0,0,42,4,46,0,0,161,2,163,0,0,203,6,209,142,20,162,371
01/15/2009,SGJ,FL,ASO,ES,Federal Contract Tower,0,0,25,5,30,0,3,103,3,109,0,3,128,8,139,154,4,158,297
01/16/2009,SGJ,FL,ASO,ES,Federal Contract Tower,0,4,32,1,37,0,9,85,4,98,0,13,117,5,135,58,6,64,199
01/17/2009,SGJ,FL,ASO,ES,Federal Contract Tower,0,0,27,0,27,0,6,93,0,99,0,6,120,0,126,60,0,60,186
01/18/2009,SGJ,FL,ASO,ES,Federal Contract Tower,0,9,25,1,35,0,2,135,0,137,0,11,160,1,172,42,0,42,214
01/19/2009,SGJ,FL,ASO,ES,Federal Contract Tower,0,4,25,4,33,0,4,79,4,87,0,8,104,8,120,66,2,68,188
01/20/2009,SGJ,FL,ASO,ES,Federal Contract Tower,0,0,30,2,32,0,2,65,2,69,0,2,95,4,101,21,16,37,138
01/21/2009,SGJ,FL,ASO,ES,Federal Contract Tower,0,4,32,8,44,0,7,95,2,104,0,11,127,10,148,70,2,72,220
01/22/2009,SGJ,FL,ASO,ES,Federal Contract Tower,0,8,31,3,42,0,6,82,9,97,0,14,113,12,139,48,4,52,191
01/23/2009,SGJ,FL,ASO,ES,Federal Contract Tower,0,2,30,9,41,0,6,115,13,134,0,8,145,22,175,58,8,66,241
01/24/2009,SGJ,FL,ASO,ES,Federal Contract Tower,0,0,22,2,24,0,8,159,4,171,0,8,181,6,195,80,0,80,275
01/25/2009,SGJ,FL,ASO,ES,Federal Contract Tower,0,1,31,4,36,0,2,73,4,79,0,3,104,8,115,88,0,88,203
01/26/2009,SGJ,FL,ASO,ES,Federal Contract Tower,0,4,44,1,49,0,0,45,1,46,0,4,89,2,95,108,0,108,203
01/27/2009,SGJ,FL,ASO,ES,Federal Contract Tower,0,0,21,0,21,0,0,0,0,0,0,0,21,0,21,0,0,0,21
01/28/2009,SGJ,FL,ASO,ES,Federal Contract Tower,0,5,22,1,28,0,2,74,6,82,0,7,96,7,110,122,2,124,234
01/29/2009,SGJ,FL,ASO,ES,Federal Contract Tower,0,3,29,0,32,0,0,0,0,0,0,3,29,0,32,0,0,0,32
01/30/2009,SGJ,FL,ASO,ES,Federal Contract Tower,0,11,36,4,51,0,3,117,9,129,0,14,153,13,180,92,2,94,274
01/31/2009,SGJ,FL,ASO,ES,Federal Contract Tower,0,7,12,0,19,0,16,178,0,194,0,23,190,0,213,82,0,82,295
02/01/2009,SGJ,FL,ASO,ES,Federal Contract Tower,0,3,33,0,36,0,12,130,5,147,0,15,163,5,183,92,0,92,275
02/02/2009,SGJ,FL,ASO,ES,Federal Contract Tower,0,6,29,2,37,0,0,61,1,62,0,6,90,3,99,35,0,35,134
02/03/2009,SGJ,FL,ASO,ES,Federal Contract Tower,0,3,24,4,31,0,2,105,20,127,0,5,129,24,158,68,16,84,242
02/04/2009,SGJ,FL,ASO,ES,Federal Contract Tower,0,2,46,6,54,0,0,116,16,132,0,2,162,22,186,104,6,110,296
02/05/2009,SGJ,FL,ASO,ES,Federal Contract Tower,0,0,30,1,31,0,7,109,9,125,0,7,139,10,156,148,20,168,324
02/06/2009,SGJ,FL,ASO,ES,Federal Contract Tower,0,8,34,7,49,0,8,165,5,178,0,16,199,12,227,154,2,156,383
02/07/2009,SGJ,FL,ASO,ES,Federal Contract Tower,0,0,22,1,23,0,16,200,0,216,0,16,222,1,239,118,4,122,361
02/08/2009,SGJ,FL,ASO,ES,Federal Contract Tower,0,3,39,4,46,0,3,177,0,180,0,6,216,4,226,68,14,82,308
02/09/2009,SGJ,FL,ASO,ES,Federal Contract Tower,0,6,36,2,44,0,3,148,5,156,0,9,184,7,200,122,8,130,330
02/10/2009,SGJ,FL,ASO,ES,Federal Contract Tower,0,3,27,3,33,0,4,114,3,121,0,7,141,6,154,88,2,90,244
02/11/2009,SGJ,FL,ASO,ES,Federal Contract Tower,0,4,40,6,50,0,0,110,11,121,0,4,150,17,171,72,18,90,261
02/12/2009,SGJ,FL,ASO,ES,Federal Contract Tower,0,2,54,6,62,0,11,89,10,110,0,13,143,16,172,104,26,130,302
02/13/2009,SGJ,FL,ASO,ES,Federal Contract Tower,0,8,49,3,60,0,9,204,6,219,0,17,253,9,279,118,6,124,403
02/14/2009,SGJ,FL,ASO,ES,Federal Contract Tower,0,1,44,0,45,0,35,42,0,77,0,36,86,0,122,20,0,20,142
02/15/2009,SGJ,FL,ASO,ES,Federal Contract Tower,0,7,40,0,47,0,24,61,0,85,0,31,101,0,132,30,0,30,162
02/16/2009,SGJ,FL,ASO,ES,Federal Contract Tower,0,9,42,1,52,0,15,119,1,135,0,24,161,2,187,68,0,68,255
02/17/2009,SGJ,FL,ASO,ES,Federal Contract Tower,0,4,37,6,47,0,6,114,5,125,0,10,151,11,172,80,4,84,256
02/18/2009,SGJ,FL,ASO,ES,Federal Contract Tower,0,6,33,2,41,0,2,102,3,107,0,8,135,5,148,48,6,54,202
02/19/2009,SGJ,FL,ASO,ES,Federal Contract Tower,0,7,35,3,45,0,4,75,5,84,0,11,110,8,129,62,10,72,201
02/20/2009,SGJ,FL,ASO,ES,Federal Contract Tower,0,6,60,7,73,0,2,185,12,199,0,8,245,19,272,120,6,126,398
02/21/2009,SGJ,FL,ASO,ES,Federal Contract Tower,0,4,33,5,42,0,4,218,0,222,0,8,251,5,264,96,0,96,360
02/22/2009,SGJ,FL,ASO,ES,Federal Contract Tower,0,0,26,5,31,0,4,137,2,143,0,4,163,7,174,72,0,72,246
02/23/2009,SGJ,FL,ASO,ES,Federal Contract Tower,0,5,25,0,30,0,10,97,11,118,0,15,122,11,148,70,6,76,224
02/24/2009,SGJ,FL,ASO,ES,Federal Contract Tower,0,9,45,2,56,0,8,118,11,137,0,17,163,13,193,70,20,90,283
02/25/2009,SGJ,FL,ASO,ES,Federal Contract Tower,0,4,33,3,40,0,8,179,10,197,0,12,212,13,237,154,36,190,427
02/26/2009,SGJ,FL,ASO,ES,Federal Contract Tower,0,6,35,3,44,0,6,113,11,130,0,12,148,14,174,150,2,152,326
02/27/2009,SGJ,FL,ASO,ES,Federal Contract Tower,0,5,33,10,48,0,10,152,14,176,0,15,185,24,224,182,18,200,424
02/28/2009,SGJ,FL,ASO,ES,Federal Contract Tower,0,4,19,0,23,0,10,108,0,118,0,14,127,0,141,52,0,52,193
03/01/2009,SGJ,FL,ASO,ES,Federal Contract Tower,0,3,13,0,16,0,0,16,1,17,0,3,29,1,33,0,0,0,33
03/02/2009,SGJ,FL,ASO,ES,Federal Contract Tower,0,10,31,3,44,0,4,134,3,141,0,14,165,6,185,158,0,158,343
03/03/2009,SGJ,FL,ASO,ES,Federal Contract Tower,0,11,33,3,47,0,2,84,10,96,0,13,117,13,143,112,0,112,255
03/04/2009,SGJ,FL,ASO,ES,Federal Contract Tower,0,1,23,2,26,0,6,129,5,140,0,7,152,7,166,182,2,184,350
03/05/2009,SGJ,FL,ASO,ES,Federal Contract Tower,0,13,29,0,42,0,8,162,4,174,0,21,191,4,216,150,12,162,378
03/06/2009,SGJ,FL,ASO,ES,Federal Contract Tower,0,5,35,2,42,0,7,127,18,152,0,12,162,20,194,216,10,226,420
03/07/2009,SGJ,FL,ASO,ES,Federal Contract Tower,0,8,31,0,39,0,11,198,6,215,0,19,229,6,254,130,8,138,392
03/08/2009,SGJ,FL,ASO,ES,Federal Contract Tower,0,4,39,2,45,0,2,172,2,176,0,6,211,4,221,76,0,76,297
03/09/2009,SGJ,FL,ASO,ES,Federal Contract Tower,0,5,28,5,38,0,2,142,6,150,0,7,170,11,188,152,0,152,340
03/10/2009,SGJ,FL,ASO,ES,Federal Contract Tower,0,4,74,4,82,0,20,220,3,243,0,24,294,7,325,130,6,136,461
03/11/2009,SGJ,FL,ASO,ES,Federal Contract Tower,0,3,33,8,44,0,18,143,9,170,0,21,176,17,214,196,12,208,422
03/12/2009,SGJ,FL,ASO,ES,Federal Contract Tower,0,8,25,5,38,0,5,113,12,130,0,13,138,17,168,106,20,126,294
03/13/2009,SGJ,FL,ASO,ES,Federal Contract Tower,0,5,46,6,57,0,4,52,0,56,0,9,98,6,113,72,0,72,185
03/14/2009,SGJ,FL,ASO,ES,Federal Contract Tower,0,6,29,3,38,0,0,0,0,0,0,6,29,3,38,0,0,0,38
03/15/2009,SGJ,FL,ASO,ES,Federal Contract Tower,0,7,30,0,37,0,7,122,1,130,0,14,152,1,167,138,0,138,305
03/16/2009,SGJ,FL,ASO,ES,Federal Contract Tower,0,7,31,1,39,0,6,84,6,96,0,13,115,7,135,102,4,106,241
03/17/2009,SGJ,FL,ASO,ES,Federal Contract Tower,0,10,47,4,61,0,0,32,0,32,0,10,79,4,93,26,0,26,119
03/18/2009,SGJ,FL,ASO,ES,Federal Contract Tower,0,11,41,8,60,0,8,163,7,178,0,19,204,15,238,144,10,154,392
03/19/2009,SGJ,FL,ASO,ES,Federal Contract Tower,0,4,40,4,48,0,9,123,9,141,0,13,163,13,189,136,4,140,329
03/20/2009,SGJ,FL,ASO,ES,Federal Contract Tower,0,8,43,1,52,0,6,81,6,93,0,14,124,7,145,74,0,74,219
03/21/2009,SGJ,FL,ASO,ES,Federal Contract Tower,0,10,31,0,41,0,22,86,7,115,0,32,117,7,156,36,8,44,200
03/22/2009,SGJ,FL,ASO,ES,Federal Contract Tower,0,7,34,6,47,0,0,121,0,121,0,7,155,6,168,36,0,36,204
03/23/2009,SGJ,FL,ASO,ES,Federal Contract Tower,0,1,43,2,46,0,51,0,0,51,0,52,43,2,97,54,0,54,151
03/24/2009,SGJ,FL,ASO,ES,Federal Contract Tower,0,0,31,8,39,0,3,133,20,156,0,3,164,28,195,146,66,212,407
03/25/2009,SGJ,FL,ASO,ES,Federal Contract Tower,0,7,29,6,42,0,7,193,8,208,0,14,222,14,250,174,24,198,448
03/26/2009,SGJ,FL,ASO,ES,Federal Contract Tower,0,7,33,1,41,0,9,109,8,126,0,16,142,9,167,148,12,160,327
03/27/2009,SGJ,FL,ASO,ES,Federal Contract Tower,0,6,36,0,42,0,0,86,3,89,0,6,122,3,131,150,0,150,281
03/28/2009,SGJ,FL,ASO,ES,Federal Contract Tower,0,3,27,0,30,0,8,49,0,57,0,11,76,0,87,0,24,24,111
03/29/2009,SGJ,FL,ASO,ES,Federal Contract Tower,0,6,31,0,37,0,2,111,0,113,0,8,142,0,150,40,0,40,190
03/30/2009,SGJ,FL,ASO,ES,Federal Contract Tower,0,4,34,4,42,0,10,230,10,250,0,14,264,14,292,238,34,272,564
03/31/2009,SGJ,FL,ASO,ES,Federal Contract Tower,0,1,48,5,54,0,2,119,16,137,0,3,167,21,191,160,0,160,351
04/01/2009,SGJ,FL,ASO,ES,Federal Contract Tower,0,4,31,2,37,0,2,15,0,17,0,6,46,2,54,22,0,22,76
04/02/2009,SGJ,FL,ASO,ES,Federal Contract Tower,0,5,20,0,25,0,6,65,2,73,0,11,85,2,98,150,0,150,248
04/03/2009,SGJ,FL,ASO,ES,Federal Contract Tower,0,10,31,0,41,0,10,141,7,158,0,20,172,7,199,106,8,114,313
04/04/2009,SGJ,FL,ASO,ES,Federal Contract Tower,0,1,50,3,54,0,18,218,3,239,0,19,268,6,293,212,4,216,509
04/05/2009,SGJ,FL,ASO,ES,Federal Contract Tower,0,5,32,1,38,0,2,119,2,123,0,7,151,3,161,94,0,94,255
04/06/2009,SGJ,FL,ASO,ES,Federal Contract Tower,0,4,28,0,32,0,0,52,0,52,0,4,80,0,84,18,0,18,102
04/07/2009,SGJ,FL,ASO,ES,Federal Contract Tower,0,4,27,0,31,0,3,66,6,75,0,7,93,6,106,20,0,20,126
04/08/2009,SGJ,FL,ASO,ES,Federal Contract Tower,0,15,37,2,54,0,13,203,12,228,0,28,240,14,282,134,30,164,446
04/09/2009,SGJ,FL,ASO,ES,Federal Contract Tower,0,9,42,5,56,0,15,182,18,215,0,24,224,23,271,148,22,170,441
04/10/2009,SGJ,FL,ASO,ES,Federal Contract Tower,0,3,42,1,46,0,22,162,2,186,0,25,204,3,232,186,0,186,418
04/11/2009,SGJ,FL,ASO,ES,Federal Contract Tower,0,8,38,0,46,0,0,125,0,125,0,8,163,0,171,115,0,115,286
04/12/2009,SGJ,FL,ASO,ES,Federal Contract Tower,0,7,19,0,26,0,0,100,0,100,0,7,119,0,126,98,0,98,224
04/13/2009,SGJ,FL,ASO,ES,Federal Contract Tower,0,10,30,3,43,0,9,71,2,82,0,19,101,5,125,100,0,100,225
04/14/2009,SGJ,FL,ASO,ES,Federal Contract Tower,0,3,18,0,21,0,2,21,0,23,0,5,39,0,44,0,0,0,44
04/15/2009,SGJ,FL,ASO,ES,Federal Contract Tower,0,6,32,6,44,0,9,193,8,210,0,15,225,14,254,194,8,202,456
04/16/2009,SGJ,FL,ASO,ES,Federal Contract Tower,0,5,60,4,69,0,10,117,9,136,0,15,177,13,205,124,2,126,331
04/17/2009,SGJ,FL,ASO,ES,Federal Contract Tower,0,6,36,1,43,0,9,87,0,96,0,15,123,1,139,100,22,122,261
04/18/2009,SGJ,FL,ASO,ES,Federal Contract Tower,0,3,20,2,25,0,12,104,2,118,0,15,124,4,143,92,0,92,235
04/19/2009,SGJ,FL,ASO,ES,Federal Contract Tower,0,5,35,2,42,0,4,166,1,171,0,9,201,3,213,108,0,108,321
04/20/2009,SGJ,FL,ASO,ES,Federal Contract Tower,0,17,23,2,42,0,2,85,2,89,0,19,108,4,131,76,6,82,213
04/21/2009,SGJ,FL,ASO,ES,Federal Contract Tower,0,3,23,4,30,0,4,157,21,182,0,7,180,25,212,148,36,184,396
04/22/2009,SGJ,FL,ASO,ES,Federal Contract Tower,0,5,39,3,47,0,7,174,3,184,0,12,213,6,231,132,20,152,383
04/23/2009,SGJ,FL,ASO,ES,Federal Contract Tower,0,10,28,7,45,0,11,112,12,135,0,21,140,19,180,148,22,170,350
04/24/2009,SGJ,FL,ASO,ES,Federal Contract Tower,0,9,44,7,60,0,14,132,9,155,0,23,176,16,215,130,8,138,353
04/25/2009,SGJ,FL,ASO,ES,Federal Contract Tower,0,2,33,3,38,0,24,162,0,186,0,26,195,3,224,130,0,130,354
04/26/2009,SGJ,FL,ASO,ES,Federal Contract Tower,0,7,28,0,35,0,6,188,3,197,0,13,216,3,232,114,0,114,346
04/27/2009,SGJ,FL,ASO,ES,Federal Contract Tower,0,7,23,3,33,0,4,119,9,132,0,11,142,12,165,138,6,144,309
04/28/2009,SGJ,FL,ASO,ES,Federal Contract Tower,0,7,30,2,39,0,6,155,3,164,0,13,185,5,203,134,22,156,359
04/29/2009,SGJ,FL,ASO,ES,Federal Contract Tower,0,9,33,5,47,0,0,203,8,211,0,9,236,13,258,212,10,222,480
04/30/2009,SGJ,FL,ASO,ES,Federal Contract Tower,0,5,38,4,47,0,14,159,5,178,0,19,197,9,225,118,22,140,365
05/01/2009,SGJ,FL,ASO,ES,Federal Contract Tower,0,1,25,1,27,0,10,119,10,139,0,11,144,11,166,94,8,102,268
05/02/2009,SGJ,FL,ASO,ES,Federal Contract Tower,0,7,18,0,25,0,6,159,2,167,0,13,177,2,192,110,0,110,302
05/03/2009,SGJ,FL,ASO,ES,Federal Contract Tower,0,18,39,3,60,0,0,147,0,147,0,18,186,3,207,96,18,114,321
05/04/2009,SGJ,FL,ASO,ES,Federal Contract Tower,0,19,57,1,77,0,0,114,5,119,0,19,171,6,196,100,2,102,298
05/05/2009,SGJ,FL,ASO,ES,Federal Contract Tower,0,7,25,1,33,0,15,96,0,111,0,22,121,1,144,100,18,118,262
05/06/2009,SGJ,FL,ASO,ES,Federal Contract Tower,0,10,36,4,50,0,20,115,7,142,0,30,151,11,192,160,34,194,386
05/07/2009,SGJ,FL,ASO,ES,Federal Contract Tower,0,24,48,1,73,0,0,137,4,141,0,24,185,5,214,112,2,114,328
05/08/2009,SGJ,FL,ASO,ES,Federal Contract Tower,0,12,40,3,55,0,9,133,9,151,0,21,173,12,206,162,2,164,370
05/09/2009,SGJ,FL,ASO,ES,Federal Contract Tower,0,14,24,0,38,0,12,162,0,174,0,26,186,0,212,60,0,60,272
05/10/2009,SGJ,FL,ASO,ES,Federal Contract Tower,0,35,36,1,72,0,56,87,1,144,0,91,123,2,216,92,0,92,308
05/11/2009,SGJ,FL,ASO,ES,Federal Contract Tower,0,19,45,7,71,0,8,115,0,123,0,27,160,7,194,82,0,82,276
05/12/2009,SGJ,FL,ASO,ES,Federal Contract Tower,0,6,52,2,60,0,0,20,2,22,0,6,72,4,82,4,0,4,86
05/13/2009,SGJ,FL,ASO,ES,Federal Contract Tower,0,7,25,0,32,0,6,120,3,129,0,13,145,3,161,156,10,166,327
05/14/2009,SGJ,FL,ASO,ES,Federal Contract Tower,0,7,28,5,40,0,0,54,2,56,0,7,82,7,96,116,20,136,232
05/15/2009,SGJ,FL,ASO,ES,Federal Contract Tower,0,6,42,4,52,0,12,151,7,170,0,18,193,11,222,136,2,138,360
05/16/2009,SGJ,FL,ASO,ES,Federal Contract Tower,0,1,34,0,35,0,8,143,2,153,0,9,177,2,188,128,0,128,316
05/17/2009,SGJ,FL,ASO,ES,Federal Contract Tower,0,9,29,1,39,0,2,78,0,80,0,11,107,1,119,60,0,60,179
05/18/2009,SGJ,FL,ASO,ES,Federal Contract Tower,0,4,13,0,17,0,0,1,0,1,0,4,14,0,18,0,0,0,18
05/19/2009,SGJ,FL,ASO,ES,Federal Contract Tower,0,1,12,1,14,0,0,1,0,1,0,1,13,1,15,0,0,0,15
05/20/2009,SGJ,FL,ASO,ES,Federal Contract Tower,0,3,14,1,18,0,0,0,0,0,0,3,14,1,18,0,0,0,18
05/21/2009,SGJ,FL,ASO,ES,Federal Contract Tower,0,2,30,1,33,0,0,11,0,11,0,2,41,1,44,12,0,12,56
05/22/2009,SGJ,FL,ASO,ES,Federal Contract Tower,0,1,22,4,27,0,0,5,0,5,0,1,27,4,32,22,0,22,54
05/23/2009,SGJ,FL,ASO,ES,Federal Contract Tower,0,2,20,0,22,0,2,30,0,32,0,4,50,0,54,114,0,114,168
05/24/2009,SGJ,FL,ASO,ES,Federal Contract Tower,0,4,22,0,26,0,2,80,1,83,0,6,102,1,109,80,0,80,189
05/25/2009,SGJ,FL,ASO,ES,Federal Contract Tower,0,3,36,0,39,0,5,157,0,162,0,8,193,0,201,186,0,186,387
05/26/2009,SGJ,FL,ASO,ES,Federal Contract Tower,0,1,24,2,27,0,4,86,4,94,0,5,110,6,121,98,2,100,221
05/27/2009,SGJ,FL,ASO,ES,Federal Contract Tower,0,2,31,1,34,0,2,108,8,118,0,4,139,9,152,124,18,142,294
05/28/2009,SGJ,FL,ASO,ES,Federal Contract Tower,0,0,34,3,37,0,0,44,3,47,0,0,78,6,84,122,6,128,212
05/29/2009,SGJ,FL,ASO,ES,Federal Contract Tower,0,4,36,4,44,0,4,147,6,157,0,8,183,10,201,156,4,160,361
05/30/2009,SGJ,FL,ASO,ES,Federal Contract Tower,0,7,39,1,47,0,4,245,1,250,0,11,284,2,297,146,0,146,443
05/31/2009,SGJ,FL,ASO,ES,Federal Contract Tower,0,8,25,2,35,0,8,203,0,211,0,16,228,2,246,212,0,212,458
06/01/2009,SGJ,FL,ASO,ES,Federal Contract Tower,0,5,29,1,35,0,4,134,3,141,0,9,163,4,176,126,14,140,316
06/02/2009,SGJ,FL,ASO,ES,Federal Contract Tower,0,1,46,7,54,0,14,82,5,101,0,15,128,12,155,26,6,32,187
06/03/2009,SGJ,FL,ASO,ES,Federal Contract Tower,0,2,29,2,33,0,7,138,2,147,0,9,167,4,180,132,12,144,324
06/04/2009,SGJ,FL,ASO,ES,Federal Contract Tower,0,8,23,3,34,0,3,51,2,56,0,11,74,5,90,100,18,118,208
06/05/2009,SGJ,FL,ASO,ES,Federal Contract Tower,0,6,22,1,29,0,2,56,1,59,0,8,78,2,88,56,0,56,144
06/06/2009,SGJ,FL,ASO,ES,Federal Contract Tower,0,2,25,0,27,0,0,54,0,54,0,2,79,0,81,28,0,28,109
06/07/2009,SGJ,FL,ASO,ES,Federal Contract Tower,0,5,33,8,46,0,4,51,0,55,0,9,84,8,101,10,0,10,111
06/08/2009,SGJ,FL,ASO,ES,Federal Contract Tower,0,4,28,4,36,0,2,87,5,94,0,6,115,9,130,96,8,104,234
06/09/2009,SGJ,FL,ASO,ES,Federal Contract Tower,0,7,37,1,45,0,8,92,3,103,0,15,129,4,148,112,12,124,272
06/10/2009,SGJ,FL,ASO,ES,Federal Contract Tower,0,9,28,1,38,0,5,104,0,109,0,14,132,1,147,112,18,130,277
06/11/2009,SGJ,FL,ASO,ES,Federal Contract Tower,0,1,19,1,21,0,7,86,4,97,0,8,105,5,118,120,0,120,238
06/12/2009,SGJ,FL,ASO,ES,Federal Contract Tower,0,7,34,1,42,0,11,137,2,150,0,18,171,3,192,110,12,122,314
06/13/2009,SGJ,FL,ASO,ES,Federal Contract Tower,0,6,30,0,36,0,4,112,0,116,0,10,142,0,152,76,0,76,228
06/14/2009,SGJ,FL,ASO,ES,Federal Contract Tower,0,3,26,1,30,0,4,140,0,144,0,7,166,1,174,144,0,144,318
06/15/2009,SGJ,FL,ASO,ES,Federal Contract Tower,0,12,39,5,56,0,0,88,4,92,0,12,127,9,148,64,4,68,216
06/16/2009,SGJ,FL,ASO,ES,Federal Contract Tower,0,7,27,1,35,0,2,74,3,79,0,9,101,4,114,68,6,74,188
06/17/2009,SGJ,FL,ASO,ES,Federal Contract Tower,0,5,34,4,43,0,10,119,3,132,0,15,153,7,175,114,12,126,301
06/18/2009,SGJ,FL,ASO,ES,Federal Contract Tower,0,9,41,1,51,0,9,81,3,93,0,18,122,4,144,130,8,138,282
06/19/2009,SGJ,FL,ASO,ES,Federal Contract Tower,0,2,48,1,51,0,4,140,8,152,0,6,188,9,203,94,0,94,297
06/20/2009,SGJ,FL,ASO,ES,Federal Contract Tower,0,5,47,0,52,0,10,134,2,146,0,15,181,2,198,52,0,52,250
06/21/2009,SGJ,FL,ASO,ES,Federal Contract Tower,0,11,36,4,51,0,12,104,0,116,0,23,140,4,167,82,0,82,249
06/22/2009,SGJ,FL,ASO,ES,Federal Contract Tower,0,7,41,12,60,0,8,77,2,87,0,15,118,14,147,94,0,94,241
06/23/2009,SGJ,FL,ASO,ES,Federal Contract Tower,0,7,38,5,50,0,10,84,6,100,0,17,122,11,150,56,18,74,224
06/24/2009,SGJ,FL,ASO,ES,Federal Contract Tower,0,11,41,3,55,0,12,154,2,168,0,23,195,5,223,206,26,232,455
06/25/2009,SGJ,FL,ASO,ES,Federal Contract Tower,0,5,27,2,34,0,13,93,3,109,0,18,120,5,143,176,0,176,319
06/26/2009,SGJ,FL,ASO,ES,Federal Contract Tower,0,15,28,1,44,0,2,95,2,99,0,17,123,3,143,144,8,152,295
06/27/2009,SGJ,FL,ASO,ES,Federal Contract Tower,0,6,23,2,31,0,15,130,6,151,0,21,153,8,182,86,0,86,268
06/28/2009,SGJ,FL,ASO,ES,Federal Contract Tower,0,3,31,1,35,0,6,131,0,137,0,9,162,1,172,134,0,134,306
06/29/2009,SGJ,FL,ASO,ES,Federal Contract Tower,0,4,33,0,37,0,8,88,0,96,0,12,121,0,133,84,0,84,217
06/30/2009,SGJ,FL,ASO,ES,Federal Contract Tower,0,5,29,1,35,0,1,13,0,14,0,6,42,1,49,14,0,14,63
07/01/2009,SGJ,FL,ASO,ES,Federal Contract Tower,0,10,40,1,51,0,6,69,2,77,0,16,109,3,128,102,10,112,240
07/02/2009,SGJ,FL,ASO,ES,Federal Contract Tower,0,5,53,1,59,0,13,71,4,88,0,18,124,5,147,78,10,88,235
07/03/2009,SGJ,FL,ASO,ES,Federal Contract Tower,0,7,41,0,48,0,6,108,0,114,0,13,149,0,162,106,0,106,268
07/04/2009,SGJ,FL,ASO,ES,Federal Contract Tower,0,1,21,0,22,0,21,80,0,101,0,22,101,0,123,50,0,50,173
07/05/2009,SGJ,FL,ASO,ES,Federal Contract Tower,0,11,24,0,35,0,21,126,0,147,0,32,150,0,182,148,0,148,330
07/06/2009,SGJ,FL,ASO,ES,Federal Contract Tower,0,7,34,2,43,0,4,55,4,63,0,11,89,6,106,66,0,66,172
07/07/2009,SGJ,FL,ASO,ES,Federal Contract Tower,0,3,35,0,38,0,0,52,2,54,0,3,87,2,92,34,2,36,128
07/08/2009,SGJ,FL,ASO,ES,Federal Contract Tower,0,11,12,0,23,0,5,30,0,35,0,16,42,0,58,96,0,96,154
07/09/2009,SGJ,FL,ASO,ES,Federal Contract Tower,0,4,46,10,60,0,10,67,10,87,0,14,113,20,147,94,38,132,279
07/10/2009,SGJ,FL,ASO,ES,Federal Contract Tower,0,11,33,11,55,0,10,144,8,162,0,21,177,19,217,266,26,292,509
07/11/2009,SGJ,FL,ASO,ES,Federal Contract Tower,0,2,31,0,33,0,9,163,3,175,0,11,194,3,208,184,2,186,394
07/12/2009,SGJ,FL,ASO,ES,Federal Contract Tower,0,6,42,2,50,0,2,169,0,171,0,8,211,2,221,168,0,168,389
07/13/2009,SGJ,FL,ASO,ES,Federal Contract Tower,0,3,52,1,56,0,14,141,5,160,0,17,193,6,216,182,20,202,418
07/14/2009,SGJ,FL,ASO,ES,Federal Contract Tower,0,3,37,0,40,0,0,91,2,93,0,3,128,2,133,150,8,158,291
07/15/2009,SGJ,FL,ASO,ES,Federal Contract Tower,0,4,24,2,30,0,2,128,10,140,0,6,152,12,170,176,6,182,352
07/16/2009,SGJ,FL,ASO,ES,Federal Contract Tower,0,8,20,3,31,0,22,96,18,136,0,30,116,21,167,104,34,138,305
07/17/2009,SGJ,FL,ASO,ES,Federal Contract Tower,0,2,33,0,35,0,10,116,3,129,0,12,149,3,164,130,2,132,296
07/18/2009,SGJ,FL,ASO,ES,Federal Contract Tower,0,1,29,2,32,0,8,86,5,99,0,9,115,7,131,56,6,62,193
07/19/2009,SGJ,FL,ASO,ES,Federal Contract Tower,0,5,27,0,32,0,4,98,0,102,0,9,125,0,134,204,0,204,338
07/20/2009,SGJ,FL,ASO,ES,Federal Contract Tower,0,6,38,0,44,0,7,109,6,122,0,13,147,6,166,156,4,160,326
07/21/2009,SGJ,FL,ASO,ES,Federal Contract Tower,0,3,34,4,41,0,10,124,1,135,0,13,158,5,176,64,14,78,254
07/22/2009,SGJ,FL,ASO,ES,Federal Contract Tower,0,9,30,2,41,0,17,186,7,210,0,26,216,9,251,156,4,160,411
07/23/2009,SGJ,FL,ASO,ES,Federal Contract Tower,0,4,44,0,48,0,19,134,4,157,0,23,178,4,205,150,8,158,363
07/24/2009,SGJ,FL,ASO,ES,Federal Contract Tower,0,14,28,0,42,0,10,155,6,171,0,24,183,6,213,226,10,236,449
07/25/2009,SGJ,FL,ASO,ES,Federal Contract Tower,0,4,26,0,30,0,18,184,2,204,0,22,210,2,234,120,2,122,356
07/26/2009,SGJ,FL,ASO,ES,Federal Contract Tower,0,9,44,0,53,0,4,138,0,142,0,13,182,0,195,134,4,138,333
07/27/2009,SGJ,FL,ASO,ES,Federal Contract Tower,0,3,23,6,32,0,10,121,2,133,0,13,144,8,165,104,2,106,271
07/28/2009,SGJ,FL,ASO,ES,Federal Contract Tower,0,7,33,5,45,0,16,91,0,107,0,23,124,5,152,92,4,96,248
07/29/2009,SGJ,FL,ASO,ES,Federal Contract Tower,0,7,26,1,34,0,4,128,5,137,0,11,154,6,171,186,6,192,363
07/30/2009,SGJ,FL,ASO,ES,Federal Contract Tower,0,2,30,1,33,0,6,77,0,83,0,8,107,1,116,106,8,114,230
07/31/2009,SGJ,FL,ASO,ES,Federal Contract Tower,0,5,24,3,32,0,2,115,0,117,0,7,139,3,149,92,0,92,241
08/01/2009,SGJ,FL,ASO,ES,Federal Contract Tower,0,4,37,3,44,0,17,101,4,122,0,21,138,7,166,124,0,124,290
08/02/2009,SGJ,FL,ASO,ES,Federal Contract Tower,0,9,23,2,34,0,8,113,0,121,0,17,136,2,155,90,0,90,245
08/03/2009,SGJ,FL,ASO,ES,Federal Contract Tower,0,6,26,5,37,0,2,100,0,102,0,8,126,5,139,80,0,80,219
08/04/2009,SGJ,FL,ASO,ES,Federal Contract Tower,0,2,32,4,38,0,10,99,0,109,0,12,131,4,147,144,0,144,291
08/05/2009,SGJ,FL,ASO,ES,Federal Contract Tower,0,5,23,1,29,0,4,125,3,132,0,9,148,4,161,104,6,110,271
08/06/2009,SGJ,FL,ASO,ES,Federal Contract Tower,0,7,15,1,23,0,7,59,15,81,0,14,74,16,104,92,44,136,240
08/07/2009,SGJ,FL,ASO,ES,Federal Contract Tower,0,6,39,1,46,0,18,147,6,171,0,24,186,7,217,80,28,108,325
08/08/2009,SGJ,FL,ASO,ES,Federal Contract Tower,0,2,38,0,40,0,22,124,0,146,0,24,162,0,186,118,0,118,304
08/09/2009,SGJ,FL,ASO,ES,Federal Contract Tower,0,8,33,0,41,0,3,126,0,129,0,11,159,0,170,88,0,88,258
08/10/2009,SGJ,FL,ASO,ES,Federal Contract Tower,0,4,27,5,36,0,1,54,0,55,0,5,81,5,91,46,18,64,155
08/11/2009,SGJ,FL,ASO,ES,Federal Contract Tower,0,3,29,5,37,0,9,82,1,92,0,12,111,6,129,84,16,100,229
08/12/2009,SGJ,FL,ASO,ES,Federal Contract Tower,0,2,26,5,33,0,0,145,10,155,0,2,171,15,188,80,40,120,308
08/13/2009,SGJ,FL,ASO,ES,Federal Contract Tower,0,7,26,3,36,0,3,53,7,63,0,10,79,10,99,48,2,50,149
08/14/2009,SGJ,FL,ASO,ES,Federal Contract Tower,0,3,26,3,32,0,7,44,0,51,0,10,70,3,83,84,2,86,169
08/15/2009,SGJ,FL,ASO,ES,Federal Contract Tower,0,1,26,1,28,0,17,80,0,97,0,18,106,1,125,56,28,84,209
08/16/2009,SGJ,FL,ASO,ES,Federal Contract Tower,0,3,32,0,35,0,6,96,0,102,0,9,128,0,137,44,0,44,181
08/17/2009,SGJ,FL,ASO,ES,Federal Contract Tower,0,0,28,4,32,0,14,95,0,109,0,14,123,4,141,74,0,74,215
08/18/2009,SGJ,FL,ASO,ES,Federal Contract Tower,0,3,19,4,26,0,26,54,4,84,0,29,73,8,110,68,6,74,184
08/19/2009,SGJ,FL,ASO,ES,Federal Contract Tower,0,7,17,5,29,0,6,84,5,95,0,13,101,10,124,64,24,88,212
08/20/2009,SGJ,FL,ASO,ES,Federal Contract Tower,0,6,23,5,34,0,6,50,2,58,0,12,73,7,92,64,12,76,168
08/21/2009,SGJ,FL,ASO,ES,Federal Contract Tower,0,5,30,5,40,0,7,75,3,85,0,12,105,8,125,88,8,96,221
08/22/2009,SGJ,FL,ASO,ES,Federal Contract Tower,0,3,26,2,31,0,0,48,0,48,0,3,74,2,79,84,0,84,163
08/23/2009,SGJ,FL,ASO,ES,Federal Contract Tower,0,3,25,2,30,0,4,121,3,128,0,7,146,5,158,68,8,76,234
08/24/2009,SGJ,FL,ASO,ES,Federal Contract Tower,0,7,25,5,37,0,10,79,2,91,0,17,104,7,128,98,16,114,242
08/25/2009,SGJ,FL,ASO,ES,Federal Contract Tower,0,5,15,7,27,0,11,68,5,84,0,16,83,12,111,90,10,100,211
08/26/2009,SGJ,FL,ASO,ES,Federal Contract Tower,0,7,20,9,36,0,2,77,5,84,0,9,97,14,120,130,64,194,314
08/27/2009,SGJ,FL,ASO,ES,Federal Contract Tower,0,3,29,5,37,0,1,57,7,65,0,4,86,12,102,110,8,118,220
08/28/2009,SGJ,FL,ASO,ES,Federal Contract Tower,0,2,24,11,37,0,1,91,2,94,0,3,115,13,131,130,0,130,261
08/29/2009,SGJ,FL,ASO,ES,Federal Contract Tower,0,4,17,0,21,0,8,105,0,113,0,12,122,0,134,116,0,116,250
08/30/2009,SGJ,FL,ASO,ES,Federal Contract Tower,0,7,21,0,28,0,8,141,0,149,0,15,162,0,177,80,0,80,257
08/31/2009,SGJ,FL,ASO,ES,Federal Contract Tower,0,6,22,5,33,0,2,49,13,64,0,8,71,18,97,34,10,44,141
09/01/2009,SGJ,FL,ASO,ES,Federal Contract Tower,0,2,21,7,30,0,4,32,3,39,0,6,53,10,69,28,2,30,99
09/02/2009,SGJ,FL,ASO,ES,Federal Contract Tower,0,5,12,4,21,0,1,49,3,53,0,6,61,7,74,42,0,42,116
09/03/2009,SGJ,FL,ASO,ES,Federal Contract Tower,0,4,21,3,28,0,0,23,0,23,0,4,44,3,51,12,0,12,63
09/04/2009,SGJ,FL,ASO,ES,Federal Contract Tower,0,5,31,5,41,0,5,75,3,83,0,10,106,8,124,32,4,36,160
09/05/2009,SGJ,FL,ASO,ES,Federal Contract Tower,0,3,20,0,23,0,10,144,0,154,0,13,164,0,177,90,0,90,267
09/06/2009,SGJ,FL,ASO,ES,Federal Contract Tower,0,4,13,2,19,0,20,90,0,110,0,24,103,2,129,114,0,114,243
09/07/2009,SGJ,FL,ASO,ES,Federal Contract Tower,0,5,50,0,55,0,14,82,3,99,0,19,132,3,154,78,0,78,232
09/08/2009,SGJ,FL,ASO,ES,Federal Contract Tower,0,1,14,3,18,0,3,72,0,75,0,4,86,3,93,100,8,108,201
09/09/2009,SGJ,FL,ASO,ES,Federal Contract Tower,0,3,27,4,34,0,1,108,1,110,0,4,135,5,144,42,21,63,207
09/10/2009,SGJ,FL,ASO,ES,Federal Contract Tower,0,4,18,1,23,0,0,64,6,70,0,4,82,7,93,78,2,80,173
09/11/2009,SGJ,FL,ASO,ES,Federal Contract Tower,0,3,27,4,34,0,4,60,3,67,0,7,87,7,101,28,0,28,129
09/12/2009,SGJ,FL,ASO,ES,Federal Contract Tower,0,5,25,1,31,0,2,23,1,26,0,7,48,2,57,52,0,52,109
09/13/2009,SGJ,FL,ASO,ES,Federal Contract Tower,0,6,26,0,32,0,4,16,1,21,0,10,42,1,53,38,0,38,91
09/14/2009,SGJ,FL,ASO,ES,Federal Contract Tower,0,5,29,5,39,0,6,99,7,112,0,11,128,12,151,94,10,104,255
09/15/2009,SGJ,FL,ASO,ES,Federal Contract Tower,0,4,22,5,31,0,2,87,9,98,0,6,109,14,129,90,0,90,219
09/16/2009,SGJ,FL,ASO,ES,Federal Contract Tower,0,5,22,6,33,0,2,94,3,99,0,7,116,9,132,78,4,82,214
09/17/2009,SGJ,FL,ASO,ES,Federal Contract Tower,0,3,30,8,41,0,7,87,9,103,0,10,117,17,144,116,2,118,262
09/18/2009,SGJ,FL,ASO,ES,Federal Contract Tower,0,2,31,3,36,0,6,98,0,104,0,8,129,3,140,102,0,102,242
09/19/2009,SGJ,FL,ASO,ES,Federal Contract Tower,0,2,23,2,27,0,11,180,0,191,0,13,203,2,218,120,0,120,338
09/20/2009,SGJ,FL,ASO,ES,Federal Contract Tower,0,1,22,4,27,0,1,77,0,78,0,2,99,4,105,80,0,80,185
09/21/2009,SGJ,FL,ASO,ES,Federal Contract Tower,0,4,24,4,32,0,12,82,8,102,0,16,106,12,134,82,20,102,236
09/22/2009,SGJ,FL,ASO,ES,Federal Contract Tower,0,4,24,0,28,0,6,62,0,68,0,10,86,0,96,72,4,76,172
09/23/2009,SGJ,FL,ASO,ES,Federal Contract Tower,0,3,25,3,31,0,5,92,1,98,0,8,117,4,129,88,22,110,239
09/24/2009,SGJ,FL,ASO,ES,Federal Contract Tower,0,9,34,0,43,0,10,91,7,108,0,19,125,7,151,66,0,66,217
09/25/2009,SGJ,FL,ASO,ES,Federal Contract Tower,0,6,21,2,29,0,8,118,2,128,0,14,139,4,157,154,4,158,315
09/26/2009,SGJ,FL,ASO,ES,Federal Contract Tower,0,1,20,0,21,0,8,110,0,118,0,9,130,0,139,150,0,150,289
09/27/2009,SGJ,FL,ASO,ES,Federal Contract Tower,0,8,22,1,31,0,3,78,0,81,0,11,100,1,112,44,0,44,156
09/28/2009,SGJ,FL,ASO,ES,Federal Contract Tower,0,3,19,1,23,0,0,109,0,109,0,3,128,1,132,68,12,80,212
09/29/2009,SGJ,FL,ASO,ES,Federal Contract Tower,0,2,47,2,51,0,7,85,1,93,0,9,132,3,144,96,0,96,240
09/30/2009,SGJ,FL,ASO,ES,Federal Contract Tower,0,4,24,5,33,0,1,121,3,125,0,5,145,8,158,112,0,112,270
10/01/2009,SGJ,FL,ASO,ES,Federal Contract Tower,0,1,19,2,22,0,3,93,8,104,0,4,112,10,126,134,6,140,266
10/02/2009,SGJ,FL,ASO,ES,Federal Contract Tower,0,6,42,3,51,0,6,99,8,113,0,12,141,11,164,82,6,88,252
10/03/2009,SGJ,FL,ASO,ES,Federal Contract Tower,0,7,17,0,24,0,14,103,0,117,0,21,120,0,141,78,0,78,219
10/04/2009,SGJ,FL,ASO,ES,Federal Contract Tower,0,8,26,5,39,0,6,98,5,109,0,14,124,10,148,100,0,100,248
10/05/2009,SGJ,FL,ASO,ES,Federal Contract Tower,0,2,23,0,25,0,3,62,6,71,0,5,85,6,96,60,4,64,160
10/06/2009,SGJ,FL,ASO,ES,Federal Contract Tower,0,3,30,3,36,0,6,71,1,78,0,9,101,4,114,70,0,70,184
10/07/2009,SGJ,FL,ASO,ES,Federal Contract Tower,0,5,37,4,46,0,6,67,7,80,0,11,104,11,126,107,18,125,251
10/08/2009,SGJ,FL,ASO,ES,Federal Contract Tower,0,8,21,3,32,0,10,88,12,110,0,18,109,15,142,98,0,98,240
10/09/2009,SGJ,FL,ASO,ES,Federal Contract Tower,0,7,39,2,48,0,2,142,4,148,0,9,181,6,196,70,0,70,266
10/10/2009,SGJ,FL,ASO,ES,Federal Contract Tower,0,5,20,0,25,0,14,125,0,139,0,19,145,0,164,98,0,98,262
10/11/2009,SGJ,FL,ASO,ES,Federal Contract Tower,0,2,33,0,35,0,2,158,0,160,0,4,191,0,195,104,0,104,299
10/12/2009,SGJ,FL,ASO,ES,Federal Contract Tower,0,5,38,0,43,0,0,93,2,95,0,5,131,2,138,86,0,86,224
10/13/2009,SGJ,FL,ASO,ES,Federal Contract Tower,0,10,56,3,69,0,0,8,0,8,0,10,64,3,77,18,0,18,95
10/14/2009,SGJ,FL,ASO,ES,Federal Contract Tower,0,10,20,2,32,0,0,82,2,84,0,10,102,4,116,114,6,120,236
10/15/2009,SGJ,FL,ASO,ES,Federal Contract Tower,0,2,34,7,43,0,4,60,3,67,0,6,94,10,110,84,8,92,202
10/16/2009,SGJ,FL,ASO,ES,Federal Contract Tower,0,5,29,4,38,0,8,78,2,88,0,13,107,6,126,112,10,122,248
10/17/2009,SGJ,FL,ASO,ES,Federal Contract Tower,0,7,32,0,39,0,18,133,4,155,0,25,165,4,194,112,0,112,306
10/18/2009,SGJ,FL,ASO,ES,Federal Contract Tower,0,12,28,0,40,0,0,105,2,107,0,12,133,2,147,56,0,56,203
10/19/2009,SGJ,FL,ASO,ES,Federal Contract Tower,0,1,43,3,47,0,2,125,10,137,0,3,168,13,184,114,0,114,298
10/20/2009,SGJ,FL,ASO,ES,Federal Contract Tower,0,2,26,1,29,0,6,102,2,110,0,8,128,3,139,62,12,74,213
10/21/2009,SGJ,FL,ASO,ES,Federal Contract Tower,0,2,30,2,34,0,8,144,2,154,0,10,174,4,188,92,18,110,298
10/22/2009,SGJ,FL,ASO,ES,Federal Contract Tower,0,2,28,3,33,0,4,120,16,140,0,6,148,19,173,70,0,70,243
10/23/2009,SGJ,FL,ASO,ES,Federal Contract Tower,0,5,35,0,40,0,5,131,5,141,0,10,166,5,181,90,4,94,275
10/24/2009,SGJ,FL,ASO,ES,Federal Contract Tower,0,2,22,0,24,0,16,109,0,125,0,18,131,0,149,90,0,90,239
10/25/2009,SGJ,FL,ASO,ES,Federal Contract Tower,0,4,41,3,48,0,4,105,0,109,0,8,146,3,157,62,0,62,219
10/26/2009,SGJ,FL,ASO,ES,Federal Contract Tower,0,7,44,2,53,0,1,17,0,18,0,8,61,2,71,4,0,4,75
10/27/2009,SGJ,FL,ASO,ES,Federal Contract Tower,0,9,31,5,45,0,0,46,4,50,0,9,77,9,95,96,26,122,217
10/28/2009,SGJ,FL,ASO,ES,Federal Contract Tower,0,8,41,7,56,0,3,62,2,67,0,11,103,9,123,74,20,94,217
10/29/2009,SGJ,FL,ASO,ES,Federal Contract Tower,0,6,41,4,51,0,2,19,0,21,0,8,60,4,72,32,0,32,104
10/30/2009,SGJ,FL,ASO,ES,Federal Contract Tower,0,6,36,8,50,0,7,106,4,117,0,13,142,12,167,90,22,112,279
10/31/2009,SGJ,FL,ASO,ES,Federal Contract Tower,0,1,17,1,19,0,8,142,0,150,0,9,159,1,169,84,0,84,253
11/01/2009,SGJ,FL,ASO,ES,Federal Contract Tower,0,13,56,1,70,0,6,74,0,80,0,19,130,1,150,42,4,46,196
11/02/2009,SGJ,FL,ASO,ES,Federal Contract Tower,3,7,47,0,57,0,2,31,2,35,3,9,78,2,92,26,14,40,132
11/03/2009,SGJ,FL,ASO,ES,Federal Contract Tower,0,4,26,4,34,0,8,76,4,88,0,12,102,8,122,66,6,72,194
11/04/2009,SGJ,FL,ASO,ES,Federal Contract Tower,0,5,28,10,43,0,3,140,11,154,0,8,168,21,197,126,0,126,323
11/05/2009,SGJ,FL,ASO,ES,Federal Contract Tower,0,7,34,4,45,0,6,95,11,112,0,13,129,15,157,164,14,178,335
11/06/2009,SGJ,FL,ASO,ES,Federal Contract Tower,0,11,36,3,50,0,5,100,4,109,0,16,136,7,159,70,0,70,229
11/07/2009,SGJ,FL,ASO,ES,Federal Contract Tower,0,5,21,0,26,0,6,147,0,153,0,11,168,0,179,98,0,98,277
11/08/2009,SGJ,FL,ASO,ES,Federal Contract Tower,0,9,28,2,39,0,6,101,5,112,0,15,129,7,151,130,18,148,299
11/09/2009,SGJ,FL,ASO,ES,Federal Contract Tower,0,3,28,4,35,0,2,96,3,101,0,5,124,7,136,141,10,151,287
11/10/2009,SGJ,FL,ASO,ES,Federal Contract Tower,0,6,15,0,21,0,0,55,8,63,0,6,70,8,84,150,80,230,314
11/11/2009,SGJ,FL,ASO,ES,Federal Contract Tower,0,2,23,1,26,0,12,56,0,68,0,14,79,1,94,106,4,110,204
11/12/2009,SGJ,FL,ASO,ES,Federal Contract Tower,0,4,35,5,44,0,2,31,6,39,0,6,66,11,83,58,8,66,149
11/13/2009,SGJ,FL,ASO,ES,Federal Contract Tower,0,3,19,6,28,0,2,117,3,122,0,5,136,9,150,154,8,162,312
11/14/2009,SGJ,FL,ASO,ES,Federal Contract Tower,0,4,27,0,31,0,7,181,4,192,0,11,208,4,223,116,0,116,339
11/15/2009,SGJ,FL,ASO,ES,Federal Contract Tower,0,5,26,0,31,0,7,130,0,137,0,12,156,0,168,152,0,152,320
11/16/2009,SGJ,FL,ASO,ES,Federal Contract Tower,0,5,26,4,35,0,0,205,4,209,0,5,231,8,244,264,0,264,508
11/17/2009,SGJ,FL,ASO,ES,Federal Contract Tower,0,3,29,0,32,0,10,124,6,140,0,13,153,6,172,168,12,180,352
11/18/2009,SGJ,FL,ASO,ES,Federal Contract Tower,0,0,37,0,37,0,5,155,2,162,0,5,192,2,199,154,26,180,379
11/19/2009,SGJ,FL,ASO,ES,Federal Contract Tower,0,4,39,4,47,0,0,70,7,77,0,4,109,11,124,42,12,54,178
11/20/2009,SGJ,FL,ASO,ES,Federal Contract Tower,0,7,42,3,52,0,12,119,0,131,0,19,161,3,183,154,0,154,337
11/21/2009,SGJ,FL,ASO,ES,Federal Contract Tower,0,4,11,1,16,0,3,124,0,127,0,7,135,1,143,138,0,138,281
11/22/2009,SGJ,FL,ASO,ES,Federal Contract Tower,0,5,35,2,42,0,3,51,0,54,0,8,86,2,96,60,0,60,156
11/23/2009,SGJ,FL,ASO,ES,Federal Contract Tower,0,9,38,5,52,0,2,71,3,76,0,11,109,8,128,124,18,142,270
11/24/2009,SGJ,FL,ASO,ES,Federal Contract Tower,0,17,38,11,66,0,2,14,5,21,0,19,52,16,87,10,2,12,99
11/25/2009,SGJ,FL,ASO,ES,Federal Contract Tower,0,3,37,2,42,0,0,10,0,10,0,3,47,2,52,26,0,26,78
11/26/2009,SGJ,FL,ASO,ES,Federal Contract Tower,0,0,25,0,25,0,0,82,0,82,0,0,107,0,107,32,0,32,139
11/27/2009,SGJ,FL,ASO,ES,Federal Contract Tower,0,6,32,0,38,0,4,119,0,123,0,10,151,0,161,120,2,122,283
11/28/2009,SGJ,FL,ASO,ES,Federal Contract Tower,0,6,26,0,32,0,10,177,0,187,0,16,203,0,219,124,0,124,343
11/29/2009,SGJ,FL,ASO,ES,Federal Contract Tower,0,8,29,0,37,0,6,139,0,145,0,14,168,0,182,88,0,88,270
11/30/2009,SGJ,FL,ASO,ES,Federal Contract Tower,0,2,34,5,41,0,1,165,3,169,0,3,199,8,210,88,0,88,298
12/01/2009,SGJ,FL,ASO,ES,Federal Contract Tower,0,8,43,4,55,0,0,74,12,86,0,8,117,16,141,134,10,144,285
12/02/2009,SGJ,FL,ASO,ES,Federal Contract Tower,0,3,15,0,18,0,2,77,0,79,0,5,92,0,97,92,0,92,189
12/03/2009,SGJ,FL,ASO,ES,Federal Contract Tower,0,4,40,4,48,0,3,108,10,121,0,7,148,14,169,132,0,132,301
12/04/2009,SGJ,FL,ASO,ES,Federal Contract Tower,0,4,32,0,36,0,4,40,0,44,0,8,72,0,80,116,0,116,196
12/05/2009,SGJ,FL,ASO,ES,Federal Contract Tower,0,1,23,2,26,0,2,34,0,36,0,3,57,2,62,12,0,12,74
12/06/2009,SGJ,FL,ASO,ES,Federal Contract Tower,0,2,25,3,30,0,1,68,5,74,0,3,93,8,104,38,0,38,142
12/07/2009,SGJ,FL,ASO,ES,Federal Contract Tower,0,6,79,5,90,0,0,2,0,2,0,6,81,5,92,0,0,0,92
12/08/2009,SGJ,FL,ASO,ES,Federal Contract Tower,0,12,24,12,48,0,3,93,4,100,0,15,117,16,148,136,30,166,314
12/09/2009,SGJ,FL,ASO,ES,Federal Contract Tower,0,7,29,1,37,0,5,34,1,40,0,12,63,2,77,12,0,12,89
12/10/2009,SGJ,FL,ASO,ES,Federal Contract Tower,0,5,35,2,42,0,3,61,2,66,0,8,96,4,108,70,0,70,178
12/11/2009,SGJ,FL,ASO,ES,Federal Contract Tower,0,4,35,4,43,0,4,62,2,68,0,8,97,6,111,80,0,80,191
12/12/2009,SGJ,FL,ASO,ES,Federal Contract Tower,0,3,10,0,13,0,0,3,0,3,0,3,13,0,16,40,0,40,56
12/13/2009,SGJ,FL,ASO,ES,Federal Contract Tower,0,5,27,4,36,0,6,70,0,76,0,11,97,4,112,92,0,92,204
12/14/2009,SGJ,FL,ASO,ES,Federal Contract Tower,0,1,27,4,32,0,10,106,5,121,0,11,133,9,153,130,0,130,283
12/15/2009,SGJ,FL,ASO,ES,Federal Contract Tower,0,0,22,2,24,0,0,98,3,101,0,0,120,5,125,170,14,184,309
12/16/2009,SGJ,FL,ASO,ES,Federal Contract Tower,0,0,50,7,57,0,4,25,5,34,0,4,75,12,91,32,6,38,129
12/17/2009,SGJ,FL,ASO,ES,Federal Contract Tower,0,5,43,3,51,0,0,164,5,169,0,5,207,8,220,200,40,240,460
12/18/2009,SGJ,FL,ASO,ES,Federal Contract Tower,0,4,26,3,33,0,0,3,0,3,0,4,29,3,36,0,0,0,36
12/19/2009,SGJ,FL,ASO,ES,Federal Contract Tower,0,5,19,0,24,0,9,112,0,121,0,14,131,0,145,214,0,214,359
12/20/2009,SGJ,FL,ASO,ES,Federal Contract Tower,0,2,14,0,16,0,12,181,1,194,0,14,195,1,210,164,0,164,374
12/21/2009,SGJ,FL,ASO,ES,Federal Contract Tower,0,6,14,4,24,0,8,189,0,197,0,14,203,4,221,174,2,176,397
12/22/2009,SGJ,FL,ASO,ES,Federal Contract Tower,0,7,21,6,34,0,5,165,8,178,0,12,186,14,212,188,32,220,432
12/23/2009,SGJ,FL,ASO,ES,Federal Contract Tower,0,1,33,1,35,0,4,157,1,162,0,5,190,2,197,138,0,138,335
12/24/2009,SGJ,FL,ASO,ES,Federal Contract Tower,0,3,16,0,19,0,19,65,0,84,0,22,81,0,103,72,0,72,175
12/25/2009,SGJ,FL,ASO,ES,Federal Contract Tower,0,1,3,0,4,0,0,8,0,8,0,1,11,0,12,0,0,0,12
12/26/2009,SGJ,FL,ASO,ES,Federal Contract Tower,0,3,27,0,30,0,11,127,0,138,0,14,154,0,168,94,0,94,262
12/27/2009,SGJ,FL,ASO,ES,Federal Contract Tower,0,8,32,0,40,0,10,109,0,119,0,18,141,0,159,196,0,196,355
12/28/2009,SGJ,FL,ASO,ES,Federal Contract Tower,0,11,36,0,47,0,12,145,0,157,0,23,181,0,204,130,0,130,334
12/29/2009,SGJ,FL,ASO,ES,Federal Contract Tower,0,9,15,7,31,0,12,172,6,190,0,21,187,13,221,236,0,236,457
12/30/2009,SGJ,FL,ASO,ES,Federal Contract Tower,0,1,30,0,31,0,19,194,2,215,0,20,224,2,246,182,24,206,452
12/31/2009,SGJ,FL,ASO,ES,Federal Contract Tower,0,0,18,0,18,0,2,80,0,82,0,2,98,0,100,112,0,112,212
01/01/2010,SGJ,FL,ASO,ES,Federal Contract Tower,0,5,6,0,11,0,0,18,0,18,0,5,24,0,29,6,0,6,35
01/02/2010,SGJ,FL,ASO,ES,Federal Contract Tower,0,6,27,0,33,0,14,150,0,164,0,20,177,0,197,174,0,174,371
01/03/2010,SGJ,FL,ASO,ES,Federal Contract Tower,0,3,24,0,27,0,4,118,0,122,0,7,142,0,149,82,0,82,231
01/04/2010,SGJ,FL,ASO,ES,Federal Contract Tower,0,2,14,4,20,0,0,85,0,85,0,2,99,4,105,114,0,114,219
01/05/2010,SGJ,FL,ASO,ES,Federal Contract Tower,0,6,19,3,28,0,5,75,7,87,0,11,94,10,115,52,10,62,177
01/06/2010,SGJ,FL,ASO,ES,Federal Contract Tower,0,2,19,5,26,0,5,101,3,109,0,7,120,8,135,160,8,168,303
01/07/2010,SGJ,FL,ASO,ES,Federal Contract Tower,0,4,23,1,28,0,11,116,3,130,0,15,139,4,158,150,0,150,308
01/08/2010,SGJ,FL,ASO,ES,Federal Contract Tower,0,2,32,10,44,0,0,22,4,26,0,2,54,14,70,10,2,12,82
01/09/2010,SGJ,FL,ASO,ES,Federal Contract Tower,0,4,11,0,15,0,12,66,3,81,0,16,77,3,96,88,0,88,184
01/10/2010,SGJ,FL,ASO,ES,Federal Contract Tower,0,3,28,4,35,0,8,88,2,98,0,11,116,6,133,112,4,116,249
01/11/2010,SGJ,FL,ASO,ES,Federal Contract Tower,0,6,19,2,27,0,2,138,9,149,0,8,157,11,176,152,10,162,338
01/12/2010,SGJ,FL,ASO,ES,Federal Contract Tower,0,1,18,0,19,0,2,122,10,134,0,3,140,10,153,114,6,120,273
01/13/2010,SGJ,FL,ASO,ES,Federal Contract Tower,0,0,23,4,27,0,1,169,5,175,0,1,192,9,202,112,0,112,314
01/14/2010,SGJ,FL,ASO,ES,Federal Contract Tower,0,5,27,4,36,0,9,94,7,110,0,14,121,11,146,104,24,128,274
01/15/2010,SGJ,FL,ASO,ES,Federal Contract Tower,0,6,33,10,49,0,2,134,13,149,0,8,167,23,198,122,12,134,332
01/16/2010,SGJ,FL,ASO,ES,Federal Contract Tower,0,1,19,0,20,0,0,23,0,23,0,1,42,0,43,32,0,32,75
01/17/2010,SGJ,FL,ASO,ES,Federal Contract Tower,0,2,13,0,15,0,6,18,2,26,0,8,31,2,41,14,0,14,55
01/18/2010,SGJ,FL,ASO,ES,Federal Contract Tower,0,9,32,1,42,0,12,145,1,158,0,21,177,2,200,140,0,140,340
01/19/2010,SGJ,FL,ASO,ES,Federal Contract Tower,0,3,23,3,29,0,1,129,14,144,0,4,152,17,173,166,8,174,347
01/20/2010,SGJ,FL,ASO,ES,Federal Contract Tower,0,1,22,1,24,0,16,104,6,126,0,17,126,7,150,102,4,106,256
01/21/2010,SGJ,FL,ASO,ES,Federal Contract Tower,0,2,18,1,21,0,0,9,0,9,0,2,27,1,30,10,2,12,42
01/22/2010,SGJ,FL,ASO,ES,Federal Contract Tower,0,2,35,5,42,0,7,25,0,32,0,9,60,5,74,34,0,34,108
01/23/2010,SGJ,FL,ASO,ES,Federal Contract Tower,0,2,32,0,34,0,8,61,0,69,0,10,93,0,103,86,0,86,189
01/24/2010,SGJ,FL,ASO,ES,Federal Contract Tower,0,0,19,4,23,0,6,48,0,54,0,6,67,4,77,28,0,28,105
01/25/2010,SGJ,FL,ASO,ES,Federal Contract Tower,0,4,23,2,29,0,6,104,7,117,0,10,127,9,146,78,4,82,228
01/26/2010,SGJ,FL,ASO,ES,Federal Contract Tower,0,4,47,3,54,0,8,110,6,124,0,12,157,9,178,92,18,110,288
01/27/2010,SGJ,FL,ASO,ES,Federal Contract Tower,0,4,26,10,40,0,2,155,4,161,0,6,181,14,201,142,14,156,357
01/28/2010,SGJ,FL,ASO,ES,Federal Contract Tower,0,2,34,6,42,0,6,109,6,121,0,8,143,12,163,150,2,152,315
01/29/2010,SGJ,FL,ASO,ES,Federal Contract Tower,0,4,30,13,47,0,5,90,8,103,0,9,120,21,150,4,0,4,154
01/30/2010,SGJ,FL,ASO,ES,Federal Contract Tower,0,1,14,1,16,0,2,13,1,16,0,3,27,2,32,12,0,12,44
01/31/2010,SGJ,FL,ASO,ES,Federal Contract Tower,0,3,20,1,24,0,0,61,0,61,0,3,81,1,85,130,0,130,215
02/01/2010,SGJ,FL,ASO,ES,Federal Contract Tower,0,3,38,0,41,0,4,87,6,97,0,7,125,6,138,140,0,140,278
02/02/2010,SGJ,FL,ASO,ES,Federal Contract Tower,0,0,17,10,27,0,0,2,0,2,0,0,19,10,29,0,0,0,29
02/03/2010,SGJ,FL,ASO,ES,Federal Contract Tower,0,3,45,3,51,0,2,145,8,155,0,5,190,11,206,216,0,216,422
02/04/2010,SGJ,FL,ASO,ES,Federal Contract Tower,0,0,19,0,19,0,8,99,12,119,0,8,118,12,138,120,8,128,266
02/05/2010,SGJ,FL,ASO,ES,Federal Contract Tower,0,2,19,1,22,0,1,13,0,14,0,3,32,1,36,66,0,66,102
02/06/2010,SGJ,FL,ASO,ES,Federal Contract Tower,0,0,15,0,15,0,10,58,2,70,0,10,73,2,85,60,2,62,147
02/07/2010,SGJ,FL,ASO,ES,Federal Contract Tower,0,2,20,1,23,0,9,113,0,122,0,11,133,1,145,124,0,124,269
02/08/2010,SGJ,FL,ASO,ES,Federal Contract Tower,0,3,31,0,34,0,2,142,5,149,0,5,173,5,183,126,8,134,317
02/09/2010,SGJ,FL,ASO,ES,Federal Contract Tower,0,2,27,8,37,0,0,63,6,69,0,2,90,14,106,64,4,68,174
02/10/2010,SGJ,FL,ASO,ES,Federal Contract Tower,0,5,16,0,21,0,4,112,10,126,0,9,128,10,147,108,16,124,271
02/11/2010,SGJ,FL,ASO,ES,Federal Contract Tower,0,9,37,5,51,0,7,122,1,130,0,16,159,6,181,158,2,160,341
02/12/2010,SGJ,FL,ASO,ES,Federal Contract Tower,0,5,27,0,32,0,0,0,0,0,0,5,27,0,32,0,0,0,32
02/13/2010,SGJ,FL,ASO,ES,Federal Contract Tower,0,0,28,0,28,0,36,144,0,180,0,36,172,0,208,182,0,182,390
02/14/2010,SGJ,FL,ASO,ES,Federal Contract Tower,0,1,29,0,30,0,12,266,0,278,0,13,295,0,308,284,0,284,592
02/15/2010,SGJ,FL,ASO,ES,Federal Contract Tower,0,5,36,0,41,0,26,139,0,165,0,31,175,0,206,104,0,104,310
02/16/2010,SGJ,FL,ASO,ES,Federal Contract Tower,0,3,30,4,37,0,4,226,4,234,0,7,256,8,271,168,6,174,445
02/17/2010,SGJ,FL,ASO,ES,Federal Contract Tower,0,2,29,0,31,0,3,147,3,153,0,5,176,3,184,136,18,154,338
02/18/2010,SGJ,FL,ASO,ES,Federal Contract Tower,0,4,32,0,36,0,14,111,4,129,0,18,143,4,165,122,14,136,301
02/19/2010,SGJ,FL,ASO,ES,Federal Contract Tower,0,15,53,3,71,0,15,199,2,216,0,30,252,5,287,200,16,216,503
02/20/2010,SGJ,FL,ASO,ES,Federal Contract Tower,0,3,32,7,42,0,24,213,1,238,0,27,245,8,280,204,0,204,484
02/21/2010,SGJ,FL,ASO,ES,Federal Contract Tower,0,3,35,1,39,0,8,242,3,253,0,11,277,4,292,250,0,250,542
02/22/2010,SGJ,FL,ASO,ES,Federal Contract Tower,0,5,28,2,35,0,8,92,2,102,0,13,120,4,137,74,0,74,211
02/23/2010,SGJ,FL,ASO,ES,Federal Contract Tower,0,1,43,6,50,0,7,63,0,70,0,8,106,6,120,100,10,110,230
02/24/2010,SGJ,FL,ASO,ES,Federal Contract Tower,0,6,38,1,45,0,3,126,10,139,0,9,164,11,184,170,4,174,358
02/25/2010,SGJ,FL,ASO,ES,Federal Contract Tower,0,8,20,0,28,0,6,114,1,121,0,14,134,1,149,186,2,188,337
02/26/2010,SGJ,FL,ASO,ES,Federal Contract Tower,0,4,33,2,39,0,6,163,1,170,0,10,196,3,209,188,6,194,403
02/27/2010,SGJ,FL,ASO,ES,Federal Contract Tower,0,6,34,4,44,0,0,36,0,36,0,6,70,4,80,18,0,18,98
02/28/2010,SGJ,FL,ASO,ES,Federal Contract Tower,0,5,36,3,44,0,12,189,2,203,0,17,225,5,247,158,0,158,405
03/01/2010,SGJ,FL,ASO,ES,Federal Contract Tower,0,5,30,5,40,0,16,218,4,238,0,21,248,9,278,225,12,237,515
03/02/2010,SGJ,FL,ASO,ES,Federal Contract Tower,0,8,26,3,37,0,0,17,3,20,0,8,43,6,57,16,6,22,79
03/03/2010,SGJ,FL,ASO,ES,Federal Contract Tower,0,3,33,0,36,0,15,163,9,187,0,18,196,9,223,118,2,120,343
03/04/2010,SGJ,FL,ASO,ES,Federal Contract Tower,0,10,27,2,39,0,14,162,4,180,0,24,189,6,219,234,0,234,453
03/05/2010,SGJ,FL,ASO,ES,Federal Contract Tower,0,6,37,15,58,0,1,193,5,199,0,7,230,20,257,114,12,126,383
03/06/2010,SGJ,FL,ASO,ES,Federal Contract Tower,0,5,26,0,31,0,20,212,3,235,0,25,238,3,266,208,22,230,496
03/07/2010,SGJ,FL,ASO,ES,Federal Contract Tower,0,6,32,4,42,0,6,250,1,257,0,12,282,5,299,202,0,202,501
03/08/2010,SGJ,FL,ASO,ES,Federal Contract Tower,0,7,33,1,41,0,10,186,1,197,0,17,219,2,238,170,0,170,408
03/09/2010,SGJ,FL,ASO,ES,Federal Contract Tower,0,4,29,1,34,0,6,161,20,187,0,10,190,21,221,116,34,150,371
03/10/2010,SGJ,FL,ASO,ES,Federal Contract Tower,0,8,29,1,38,0,11,162,10,183,0,19,191,11,221,176,26,202,423
03/11/2010,SGJ,FL,ASO,ES,Federal Contract Tower,0,3,21,1,25,0,0,7,0,7,0,3,28,1,32,0,0,0,32
03/12/2010,SGJ,FL,ASO,ES,Federal Contract Tower,0,9,28,1,38,0,0,7,0,7,0,9,35,1,45,0,0,0,45
03/13/2010,SGJ,FL,ASO,ES,Federal Contract Tower,0,7,33,0,40,0,35,117,1,153,0,42,150,1,193,50,0,50,243
03/14/2010,SGJ,FL,ASO,ES,Federal Contract Tower,0,5,25,0,30,0,2,160,1,163,0,7,185,1,193,186,6,192,385
03/15/2010,SGJ,FL,ASO,ES,Federal Contract Tower,0,2,29,7,38,0,10,193,7,210,0,12,222,14,248,202,2,204,452
03/16/2010,SGJ,FL,ASO,ES,Federal Contract Tower,0,3,27,1,31,0,6,167,10,183,0,9,194,11,214,132,12,144,358
03/17/2010,SGJ,FL,ASO,ES,Federal Contract Tower,0,10,42,4,56,0,4,110,10,124,0,14,152,14,180,182,8,190,370
03/18/2010,SGJ,FL,ASO,ES,Federal Contract Tower,0,5,33,1,39,0,15,154,8,177,0,20,187,9,216,274,20,294,510
03/19/2010,SGJ,FL,ASO,ES,Federal Contract Tower,0,3,36,1,40,0,12,211,4,227,0,15,247,5,267,154,2,156,423
03/20/2010,SGJ,FL,ASO,ES,Federal Contract Tower,0,3,39,0,42,0,21,220,4,245,0,24,259,4,287,150,10,160,447
03/21/2010,SGJ,FL,ASO,ES,Federal Contract Tower,0,7,43,1,51,0,0,52,0,52,0,7,95,1,103,98,0,98,201
03/22/2010,SGJ,FL,ASO,ES,Federal Contract Tower,0,3,29,0,32,0,2,119,16,137,0,5,148,16,169,84,6,90,259
03/23/2010,SGJ,FL,ASO,ES,Federal Contract Tower,0,8,35,3,46,0,8,131,4,143,0,16,166,7,189,40,4,44,233
03/24/2010,SGJ,FL,ASO,ES,Federal Contract Tower,0,5,29,2,36,0,10,184,4,198,0,15,213,6,234,222,16,238,472
03/25/2010,SGJ,FL,ASO,ES,Federal Contract Tower,0,8,35,7,50,0,10,135,6,151,0,18,170,13,201,170,0,170,371
03/26/2010,SGJ,FL,ASO,ES,Federal Contract Tower,0,1,35,5,41,0,12,107,6,125,0,13,142,11,166,138,12,150,316
03/27/2010,SGJ,FL,ASO,ES,Federal Contract Tower,0,8,35,0,43,0,20,95,1,116,0,28,130,1,159,90,0,90,249
03/28/2010,SGJ,FL,ASO,ES,Federal Contract Tower,0,5,26,0,31,0,4,94,0,98,0,9,120,0,129,80,0,80,209
03/29/2010,SGJ,FL,ASO,ES,Federal Contract Tower,0,4,30,1,35,0,10,62,2,74,0,14,92,3,109,84,8,92,201
03/30/2010,SGJ,FL,ASO,ES,Federal Contract Tower,0,6,18,7,31,0,3,124,2,129,0,9,142,9,160,78,6,84,244
03/31/2010,SGJ,FL,ASO,ES,Federal Contract Tower,0,8,30,3,41,0,10,196,2,208,0,18,226,5,249,196,6,202,451
04/01/2010,SGJ,FL,ASO,ES,Federal Contract Tower,0,7,25,6,38,0,12,142,2,156,0,19,167,8,194,124,8,132,326
04/02/2010,SGJ,FL,ASO,ES,Federal Contract Tower,0,5,45,1,51,0,20,183,0,203,0,25,228,1,254,132,16,148,402
04/03/2010,SGJ,FL,ASO,ES,Federal Contract Tower,0,3,28,0,31,0,24,171,0,195,0,27,199,0,226,206,0,206,432
04/04/2010,SGJ,FL,ASO,ES,Federal Contract Tower,0,8,36,0,44,0,19,138,0,157,0,27,174,0,201,104,0,104,305
04/05/2010,SGJ,FL,ASO,ES,Federal Contract Tower,0,2,47,0,49,0,14,203,0,217,0,16,250,0,266,234,0,234,500
04/06/2010,SGJ,FL,ASO,ES,Federal Contract Tower,0,3,35,1,39,0,0,134,4,138,0,3,169,5,177,206,8,214,391
04/07/2010,SGJ,FL,ASO,ES,Federal Contract Tower,0,3,29,2,34,0,4,186,4,194,0,7,215,6,228,162,2,164,392
04/08/2010,SGJ,FL,ASO,ES,Federal Contract Tower,0,7,37,0,44,0,5,80,2,87,0,12,117,2,131,82,0,82,213
04/09/2010,SGJ,FL,ASO,ES,Federal Contract Tower,0,11,43,2,56,0,14,104,1,119,0,25,147,3,175,206,2,208,383
04/10/2010,SGJ,FL,ASO,ES,Federal Contract Tower,0,8,33,0,41,0,20,162,0,182,0,28,195,0,223,154,0,154,377
04/11/2010,SGJ,FL,ASO,ES,Federal Contract Tower,0,5,45,2,52,0,12,125,0,137,0,17,170,2,189,172,0,172,361
04/12/2010,SGJ,FL,ASO,ES,Federal Contract Tower,0,1,33,13,47,0,6,113,10,129,0,7,146,23,176,56,0,56,232
04/13/2010,SGJ,FL,ASO,ES,Federal Contract Tower,0,6,44,4,54,0,6,82,4,92,0,12,126,8,146,46,2,48,194
04/14/2010,SGJ,FL,ASO,ES,Federal Contract Tower,0,1,21,1,23,0,8,156,2,166,0,9,177,3,189,174,18,192,381
04/15/2010,SGJ,FL,ASO,ES,Federal Contract Tower,0,2,25,2,29,0,4,69,9,82,0,6,94,11,111,72,6,78,189
04/16/2010,SGJ,FL,ASO,ES,Federal Contract Tower,0,3,32,3,38,0,4,120,8,132,0,7,152,11,170,156,6,162,332
04/17/2010,SGJ,FL,ASO,ES,Federal Contract Tower,0,2,21,0,23,0,16,180,3,199,0,18,201,3,222,118,6,124,346
04/18/2010,SGJ,FL,ASO,ES,Federal Contract Tower,0,9,21,3,33,0,6,124,12,142,0,15,145,15,175,134,0,134,309
04/19/2010,SGJ,FL,ASO,ES,Federal Contract Tower,0,3,41,0,44,0,2,56,0,58,0,5,97,0,102,83,6,89,191
04/20/2010,SGJ,FL,ASO,ES,Federal Contract Tower,0,3,24,5,32,0,5,107,7,119,0,8,131,12,151,110,6,116,267
04/21/2010,SGJ,FL,ASO,ES,Federal Contract Tower,0,4,38,5,47,0,12,163,4,179,0,16,201,9,226,130,32,162,388
04/22/2010,SGJ,FL,ASO,ES,Federal Contract Tower,0,9,36,4,49,0,9,107,8,124,0,18,143,12,173,114,6,120,293
04/23/2010,SGJ,FL,ASO,ES,Federal Contract Tower,0,7,33,2,42,0,11,135,4,150,0,18,168,6,192,48,18,66,258
04/24/2010,SGJ,FL,ASO,ES,Federal Contract Tower,0,3,17,0,20,0,14,159,0,173,0,17,176,0,193,124,0,124,317
04/25/2010,SGJ,FL,ASO,ES,Federal Contract Tower,0,8,33,4,45,0,2,35,0,37,0,10,68,4,82,10,0,10,92
04/26/2010,SGJ,FL,ASO,ES,Federal Contract Tower,0,7,42,6,55,0,8,108,3,119,0,15,150,9,174,114,0,114,288
04/27/2010,SGJ,FL,ASO,ES,Federal Contract Tower,0,4,39,3,46,0,4,105,6,115,0,8,144,9,161,78,6,84,245
04/28/2010,SGJ,FL,ASO,ES,Federal Contract Tower,0,2,27,10,39,0,19,210,11,240,0,21,237,21,279,260,2,262,541
04/29/2010,SGJ,FL,ASO,ES,Federal Contract Tower,0,4,44,1,49,0,0,155,0,155,0,4,199,1,204,172,16,188,392
04/30/2010,SGJ,FL,ASO,ES,Federal Contract Tower,0,15,48,2,65,0,6,150,2,158,0,21,198,4,223,178,2,180,403
05/01/2010,SGJ,FL,ASO,ES,Federal Contract Tower,0,2,20,0,22,0,25,90,0,115,0,27,110,0,137,44,0,44,181
05/02/2010,SGJ,FL,ASO,ES,Federal Contract Tower,0,19,31,1,51,0,11,155,0,166,0,30,186,1,217,94,18,112,329
05/03/2010,SGJ,FL,ASO,ES,Federal Contract Tower,0,20,29,2,51,0,16,126,0,142,0,36,155,2,193,160,0,160,353
05/04/2010,SGJ,FL,ASO,ES,Federal Contract Tower,0,8,34,3,45,0,10,39,2,51,0,18,73,5,96,14,0,14,110
05/05/2010,SGJ,FL,ASO,ES,Federal Contract Tower,0,8,38,2,48,0,8,74,0,82,0,16,112,2,130,90,2,92,222
05/06/2010,SGJ,FL,ASO,ES,Federal Contract Tower,0,15,44,0,59,0,6,98,5,109,0,21,142,5,168,122,16,138,306
05/07/2010,SGJ,FL,ASO,ES,Federal Contract Tower,0,12,40,0,52,0,4,157,0,161,0,16,197,0,213,116,0,116,329
05/08/2010,SGJ,FL,ASO,ES,Federal Contract Tower,0,9,28,0,37,0,12,103,0,115,0,21,131,0,152,82,0,82,234
05/09/2010,SGJ,FL,ASO,ES,Federal Contract Tower,0,21,30,1,52,0,17,161,0,178,0,38,191,1,230,94,0,94,324
05/10/2010,SGJ,FL,ASO,ES,Federal Contract Tower,0,15,68,5,88,0,16,145,5,166,0,31,213,10,254,116,38,154,408
05/11/2010,SGJ,FL,ASO,ES,Federal Contract Tower,0,12,34,13,59,0,8,124,5,137,0,20,158,18,196,104,0,104,300
05/12/2010,SGJ,FL,ASO,ES,Federal Contract Tower,0,8,31,3,42,0,8,145,18,171,0,16,176,21,213,146,0,146,359
05/13/2010,SGJ,FL,ASO,ES,Federal Contract Tower,0,3,40,2,45,0,9,116,0,125,0,12,156,2,170,112,0,112,282
05/14/2010,SGJ,FL,ASO,ES,Federal Contract Tower,0,8,34,2,44,0,11,138,3,152,0,19,172,5,196,190,0,190,386
05/15/2010,SGJ,FL,ASO,ES,Federal Contract Tower,0,3,19,2,24,0,14,182,0,196,0,17,201,2,220,102,0,102,322
05/16/2010,SGJ,FL,ASO,ES,Federal Contract Tower,0,11,36,0,47,0,6,158,0,164,0,17,194,0,211,156,0,156,367
05/17/2010,SGJ,FL,ASO,ES,Federal Contract Tower,0,5,8,0,13,0,2,14,0,16,0,7,22,0,29,38,8,46,75
05/18/2010,SGJ,FL,ASO,ES,Federal Contract Tower,0,5,22,2,29,0,8,115,8,131,0,13,137,10,160,62,12,74,234
05/19/2010,SGJ,FL,ASO,ES,Federal Contract Tower,0,5,36,0,41,0,8,124,28,160,0,13,160,28,201,174,0,174,375
05/20/2010,SGJ,FL,ASO,ES,Federal Contract Tower,0,6,28,4,38,0,7,102,2,111,0,13,130,6,149,170,0,170,319
05/21/2010,SGJ,FL,ASO,ES,Federal Contract Tower,0,8,36,0,44,0,16,121,2,139,0,24,157,2,183,142,0,142,325
05/22/2010,SGJ,FL,ASO,ES,Federal Contract Tower,0,5,26,0,31,0,14,189,0,203,0,19,215,0,234,160,0,160,394
05/23/2010,SGJ,FL,ASO,ES,Federal Contract Tower,0,7,24,1,32,0,16,174,2,192,0,23,198,3,224,250,0,250,474
05/24/2010,SGJ,FL,ASO,ES,Federal Contract Tower,0,10,35,13,58,0,4,113,3,120,0,14,148,16,178,148,2,150,328
05/25/2010,SGJ,FL,ASO,ES,Federal Contract Tower,0,6,28,5,39,0,0,82,4,86,0,6,110,9,125,182,8,190,315
05/26/2010,SGJ,FL,ASO,ES,Federal Contract Tower,0,3,24,3,30,0,4,132,4,140,0,7,156,7,170,190,0,190,360
05/27/2010,SGJ,FL,ASO,ES,Federal Contract Tower,0,2,27,6,35,0,10,143,1,154,0,12,170,7,189,274,2,276,465
05/28/2010,SGJ,FL,ASO,ES,Federal Contract Tower,0,8,20,2,30,0,5,107,0,112,0,13,127,2,142,226,24,250,392
05/29/2010,SGJ,FL,ASO,ES,Federal Contract Tower,0,7,34,2,43,0,20,149,0,169,0,27,183,2,212,144,12,156,368
05/30/2010,SGJ,FL,ASO,ES,Federal Contract Tower,0,1,22,0,23,0,18,123,0,141,0,19,145,0,164,200,0,200,364
05/31/2010,SGJ,FL,ASO,ES,Federal Contract Tower,0,2,37,2,41,0,2,101,1,104,0,4,138,3,145,56,0,56,201
06/01/2010,SGJ,FL,ASO,ES,Federal Contract Tower,0,4,26,6,36,0,4,98,2,104,0,8,124,8,140,114,0,114,254
06/02/2010,SGJ,FL,ASO,ES,Federal Contract Tower,0,2,23,3,28,0,7,170,12,189,0,9,193,15,217,180,22,202,419
06/03/2010,SGJ,FL,ASO,ES,Federal Contract Tower,0,1,23,7,31,0,6,103,4,113,0,7,126,11,144,184,28,212,356
06/04/2010,SGJ,FL,ASO,ES,Federal Contract Tower,0,4,21,5,30,0,0,78,7,85,0,4,99,12,115,64,30,94,209
06/05/2010,SGJ,FL,ASO,ES,Federal Contract Tower,0,2,19,1,22,0,0,81,0,81,0,2,100,1,103,98,0,98,201
06/06/2010,SGJ,FL,ASO,ES,Federal Contract Tower,0,7,38,1,46,0,0,51,2,53,0,7,89,3,99,72,4,76,175
06/07/2010,SGJ,FL,ASO,ES,Federal Contract Tower,0,9,39,5,53,0,4,71,3,78,0,13,110,8,131,56,6,62,193
06/08/2010,SGJ,FL,ASO,ES,Federal Contract Tower,0,6,27,4,37,0,2,139,14,155,0,8,166,18,192,122,8,130,322
06/09/2010,SGJ,FL,ASO,ES,Federal Contract Tower,0,3,22,3,28,0,3,172,6,181,0,6,194,9,209,188,0,188,397
06/10/2010,SGJ,FL,ASO,ES,Federal Contract Tower,0,2,18,2,22,0,7,139,14,160,0,9,157,16,182,128,32,160,342
06/11/2010,SGJ,FL,ASO,ES,Federal Contract Tower,0,10,37,7,54,0,36,198,0,234,0,46,235,7,288,78,0,78,366
06/12/2010,SGJ,FL,ASO,ES,Federal Contract Tower,0,1,12,0,13,0,43,125,0,168,0,44,137,0,181,64,0,64,245
06/13/2010,SGJ,FL,ASO,ES,Federal Contract Tower,0,5,29,6,40,0,9,131,1,141,0,14,160,7,181,120,0,120,301
06/14/2010,SGJ,FL,ASO,ES,Federal Contract Tower,0,5,31,2,38,0,18,121,2,141,0,23,152,4,179,186,0,186,365
06/15/2010,SGJ,FL,ASO,ES,Federal Contract Tower,0,5,33,2,40,0,26,100,6,132,0,31,133,8,172,66,8,74,246
06/16/2010,SGJ,FL,ASO,ES,Federal Contract Tower,0,9,26,2,37,0,17,126,10,153,0,26,152,12,190,102,2,104,294
06/17/2010,SGJ,FL,ASO,ES,Federal Contract Tower,0,2,23,7,32,0,4,60,3,67,0,6,83,10,99,60,12,72,171
06/18/2010,SGJ,FL,ASO,ES,Federal Contract Tower,0,7,32,7,46,0,28,124,1,153,0,35,156,8,199,116,28,144,343
06/19/2010,SGJ,FL,ASO,ES,Federal Contract Tower,0,5,23,0,28,0,39,115,1,155,0,44,138,1,183,122,0,122,305
06/20/2010,SGJ,FL,ASO,ES,Federal Contract Tower,0,0,19,0,19,0,35,82,0,117,0,35,101,0,136,70,0,70,206
06/21/2010,SGJ,FL,ASO,ES,Federal Contract Tower,0,1,33,2,36,0,4,130,5,139,0,5,163,7,175,90,18,108,283
06/22/2010,SGJ,FL,ASO,ES,Federal Contract Tower,0,10,21,4,35,0,18,102,3,123,0,28,123,7,158,153,0,153,311
06/23/2010,SGJ,FL,ASO,ES,Federal Contract Tower,0,8,21,8,37,0,17,121,5,143,0,25,142,13,180,174,16,190,370
06/24/2010,SGJ,FL,ASO,ES,Federal Contract Tower,0,8,21,1,30,0,16,78,3,97,0,24,99,4,127,130,2,132,259
06/25/2010,SGJ,FL,ASO,ES,Federal Contract Tower,0,2,26,1,29,0,20,85,0,105,0,22,111,1,134,122,0,122,256
06/26/2010,SGJ,FL,ASO,ES,Federal Contract Tower,0,3,27,0,30,0,44,99,0,143,0,47,126,0,173,114,0,114,287
06/27/2010,SGJ,FL,ASO,ES,Federal Contract Tower,0,10,28,8,46,0,2,116,0,118,0,12,144,8,164,106,0,106,270
06/28/2010,SGJ,FL,ASO,ES,Federal Contract Tower,0,1,21,9,31,0,10,138,4,152,0,11,159,13,183,50,10,60,243
06/29/2010,SGJ,FL,ASO,ES,Federal Contract Tower,0,3,25,5,33,0,8,86,5,99,0,11,111,10,132,76,2,78,210
06/30/2010,SGJ,FL,ASO,ES,Federal Contract Tower,0,3,23,1,27,0,12,78,1,91,0,15,101,2,118,124,14,138,256
07/01/2010,SGJ,FL,ASO,ES,Federal Contract Tower,0,6,14,3,23,0,18,93,3,114,0,24,107,6,137,124,0,124,261
07/02/2010,SGJ,FL,ASO,ES,Federal Contract Tower,0,3,15,4,22,0,0,20,0,20,0,3,35,4,42,14,0,14,56
07/03/2010,SGJ,FL,ASO,ES,Federal Contract Tower,0,7,24,0,31,0,20,55,0,75,0,27,79,0,106,52,0,52,158
07/04/2010,SGJ,FL,ASO,ES,Federal Contract Tower,0,3,10,0,13,0,8,24,0,32,0,11,34,0,45,22,0,22,67
07/05/2010,SGJ,FL,ASO,ES,Federal Contract Tower,0,7,29,2,38,0,14,105,0,119,0,21,134,2,157,102,0,102,259
07/06/2010,SGJ,FL,ASO,ES,Federal Contract Tower,0,4,11,3,18,0,26,77,4,107,0,30,88,7,125,46,2,48,173
07/07/2010,SGJ,FL,ASO,ES,Federal Contract Tower,0,2,11,2,15,0,15,150,5,170,0,17,161,7,185,142,26,168,353
07/08/2010,SGJ,FL,ASO,ES,Federal Contract Tower,0,4,18,7,29,0,18,73,4,95,0,22,91,11,124,80,2,82,206
07/09/2010,SGJ,FL,ASO,ES,Federal Contract Tower,0,2,12,4,18,0,15,78,0,93,0,17,90,4,111,90,4,94,205
07/10/2010,SGJ,FL,ASO,ES,Federal Contract Tower,0,8,17,1,26,0,26,141,0,167,0,34,158,1,193,62,6,68,261
07/11/2010,SGJ,FL,ASO,ES,Federal Contract Tower,0,1,19,0,20,0,6,57,0,63,0,7,76,0,83,78,0,78,161
07/12/2010,SGJ,FL,ASO,ES,Federal Contract Tower,0,3,17,0,20,0,6,64,0,70,0,9,81,0,90,94,0,94,184
07/13/2010,SGJ,FL,ASO,ES,Federal Contract Tower,0,1,16,1,18,0,8,72,4,84,0,9,88,5,102,96,6,102,204
07/14/2010,SGJ,FL,ASO,ES,Federal Contract Tower,0,2,29,3,34,0,13,112,14,139,0,15,141,17,173,146,8,154,327
07/15/2010,SGJ,FL,ASO,ES,Federal Contract Tower,0,2,19,1,22,0,9,58,0,67,0,11,77,1,89,54,0,54,143
07/16/2010,SGJ,FL,ASO,ES,Federal Contract Tower,0,4,33,2,39,0,8,106,2,116,0,12,139,4,155,122,6,128,283
07/17/2010,SGJ,FL,ASO,ES,Federal Contract Tower,0,3,16,5,24,0,22,99,0,121,0,25,115,5,145,30,30,60,205
07/18/2010,SGJ,FL,ASO,ES,Federal Contract Tower,0,7,20,0,27,0,16,97,0,113,0,23,117,0,140,52,0,52,192
07/19/2010,SGJ,FL,ASO,ES,Federal Contract Tower,0,2,29,3,34,0,6,107,2,115,0,8,136,5,149,35,14,49,198
07/20/2010,SGJ,FL,ASO,ES,Federal Contract Tower,0,4,31,1,36,0,16,96,4,116,0,20,127,5,152,80,0,80,232
07/21/2010,SGJ,FL,ASO,ES,Federal Contract Tower,0,6,29,5,40,0,2,122,2,126,0,8,151,7,166,32,22,54,220
07/22/2010,SGJ,FL,ASO,ES,Federal Contract Tower,0,4,30,3,37,0,0,92,12,104,0,4,122,15,141,60,14,74,215
07/23/2010,SGJ,FL,ASO,ES,Federal Contract Tower,0,7,26,1,34,0,0,129,0,129,0,7,155,1,163,86,0,86,249
07/24/2010,SGJ,FL,ASO,ES,Federal Contract Tower,0,8,16,0,24,0,25,111,0,136,0,33,127,0,160,58,0,58,218
07/25/2010,SGJ,FL,ASO,ES,Federal Contract Tower,0,1,26,1,28,0,36,118,4,158,0,37,144,5,186,50,0,50,236
07/26/2010,SGJ,FL,ASO,ES,Federal Contract Tower,0,4,26,0,30,0,18,92,1,111,0,22,118,1,141,106,0,106,247
07/27/2010,SGJ,FL,ASO,ES,Federal Contract Tower,0,2,27,0,29,0,10,73,9,92,0,12,100,9,121,66,20,86,207
07/28/2010,SGJ,FL,ASO,ES,Federal Contract Tower,0,3,21,0,24,0,21,97,2,120,0,24,118,2,144,92,6,98,242
07/29/2010,SGJ,FL,ASO,ES,Federal Contract Tower,0,8,27,1,36,0,16,51,3,70,0,24,78,4,106,32,0,32,138
07/30/2010,SGJ,FL,ASO,ES,Federal Contract Tower,0,5,14,0,19,0,22,63,0,85,0,27,77,0,104,52,0,52,156
07/31/2010,SGJ,FL,ASO,ES,Federal Contract Tower,0,0,9,4,13,0,14,88,0,102,0,14,97,4,115,44,0,44,159
08/01/2010,SGJ,FL,ASO,ES,Federal Contract Tower,0,2,17,2,21,0,16,77,1,94,0,18,94,3,115,48,0,48,163
08/02/2010,SGJ,FL,ASO,ES,Federal Contract Tower,0,3,29,4,36,0,9,87,2,98,0,12,116,6,134,98,6,104,238
08/03/2010,SGJ,FL,ASO,ES,Federal Contract Tower,0,3,23,2,28,0,14,96,13,123,0,17,119,15,151,92,8,100,251
08/04/2010,SGJ,FL,ASO,ES,Federal Contract Tower,0,8,17,4,29,0,16,113,6,135,0,24,130,10,164,142,2,144,308
08/05/2010,SGJ,FL,ASO,ES,Federal Contract Tower,0,1,25,0,26,0,22,67,7,96,0,23,92,7,122,144,14,158,280
08/06/2010,SGJ,FL,ASO,ES,Federal Contract Tower,0,7,30,4,41,0,22,96,3,121,0,29,126,7,162,82,2,84,246
08/07/2010,SGJ,FL,ASO,ES,Federal Contract Tower,0,3,19,0,22,0,7,40,0,47,0,10,59,0,69,0,0,0,69
08/08/2010,SGJ,FL,ASO,ES,Federal Contract Tower,0,4,17,0,21,0,10,86,1,97,0,14,103,1,118,72,0,72,190
08/09/2010,SGJ,FL,ASO,ES,Federal Contract Tower,0,7,19,1,27,0,4,84,7,95,0,11,103,8,122,37,18,55,177
08/10/2010,SGJ,FL,ASO,ES,Federal Contract Tower,0,4,17,3,24,0,10,97,5,112,0,14,114,8,136,102,16,118,254
08/11/2010,SGJ,FL,ASO,ES,Federal Contract Tower,0,1,16,4,21,0,2,102,5,109,0,3,118,9,130,138,2,140,270
08/12/2010,SGJ,FL,ASO,ES,Federal Contract Tower,0,2,23,1,26,0,4,105,4,113,0,6,128,5,139,138,0,138,277
08/13/2010,SGJ,FL,ASO,ES,Federal Contract Tower,0,4,26,1,31,0,11,96,0,107,0,15,122,1,138,164,0,164,302
08/14/2010,SGJ,FL,ASO,ES,Federal Contract Tower,0,6,33,0,39,0,14,129,0,143,0,20,162,0,182,138,0,138,320
08/15/2010,SGJ,FL,ASO,ES,Federal Contract Tower,0,8,25,3,36,0,13,104,1,118,0,21,129,4,154,182,0,182,336
08/16/2010,SGJ,FL,ASO,ES,Federal Contract Tower,0,3,13,0,16,0,4,116,2,122,0,7,129,2,138,154,0,154,292
08/17/2010,SGJ,FL,ASO,ES,Federal Contract Tower,0,0,28,0,28,0,7,121,2,130,0,7,149,2,158,114,0,114,272
08/18/2010,SGJ,FL,ASO,ES,Federal Contract Tower,0,2,18,4,24,0,19,124,10,153,0,21,142,14,177,180,28,208,385
08/19/2010,SGJ,FL,ASO,ES,Federal Contract Tower,0,9,27,2,38,0,19,129,4,152,0,28,156,6,190,116,6,122,312
08/20/2010,SGJ,FL,ASO,ES,Federal Contract Tower,0,5,24,0,29,0,7,74,3,84,0,12,98,3,113,88,2,90,203
08/21/2010,SGJ,FL,ASO,ES,Federal Contract Tower,0,4,20,0,24,0,8,95,0,103,0,12,115,0,127,120,0,120,247
08/22/2010,SGJ,FL,ASO,ES,Federal Contract Tower,0,4,27,4,35,0,18,133,1,152,0,22,160,5,187,162,6,168,355
08/23/2010,SGJ,FL,ASO,ES,Federal Contract Tower,0,12,31,0,43,0,4,47,0,51,0,16,78,0,94,78,0,78,172
08/24/2010,SGJ,FL,ASO,ES,Federal Contract Tower,0,4,39,1,44,0,0,44,12,56,0,4,83,13,100,38,0,38,138
08/25/2010,SGJ,FL,ASO,ES,Federal Contract Tower,0,4,22,2,28,0,6,104,12,122,0,10,126,14,150,90,10,100,250
08/26/2010,SGJ,FL,ASO,ES,Federal Contract Tower,0,3,15,4,22,0,4,114,2,120,0,7,129,6,142,102,10,112,254
08/27/2010,SGJ,FL,ASO,ES,Federal Contract Tower,0,8,29,4,41,0,17,107,0,124,0,25,136,4,165,158,4,162,327
08/28/2010,SGJ,FL,ASO,ES,Federal Contract Tower,0,0,38,0,38,0,14,96,0,110,0,14,134,0,148,54,0,54,202
08/29/2010,SGJ,FL,ASO,ES,Federal Contract Tower,0,4,27,6,37,0,8,47,0,55,0,12,74,6,92,10,0,10,102
08/30/2010,SGJ,FL,ASO,ES,Federal Contract Tower,0,1,31,4,36,0,2,123,2,127,0,3,154,6,163,118,0,118,281
08/31/2010,SGJ,FL,ASO,ES,Federal Contract Tower,0,2,23,2,27,0,6,80,0,86,0,8,103,2,113,66,2,68,181
09/01/2010,SGJ,FL,ASO,ES,Federal Contract Tower,0,2,28,2,32,0,7,102,2,111,0,9,130,4,143,94,0,94,237
09/02/2010,SGJ,FL,ASO,ES,Federal Contract Tower,0,0,39,0,39,0,12,98,1,111,0,12,137,1,150,108,2,110,260
09/03/2010,SGJ,FL,ASO,ES,Federal Contract Tower,0,4,21,2,27,0,13,116,1,130,0,17,137,3,157,106,0,106,263
09/04/2010,SGJ,FL,ASO,ES,Federal Contract Tower,0,2,20,0,22,0,18,118,0,136,0,20,138,0,158,44,0,44,202
09/05/2010,SGJ,FL,ASO,ES,Federal Contract Tower,0,2,15,0,17,0,32,68,0,100,0,34,83,0,117,24,0,24,141
09/06/2010,SGJ,FL,ASO,ES,Federal Contract Tower,0,4,32,0,36,0,14,90,0,104,0,18,122,0,140,94,0,94,234
09/07/2010,SGJ,FL,ASO,ES,Federal Contract Tower,0,1,8,3,12,0,0,86,18,104,0,1,94,21,116,82,54,136,252
09/08/2010,SGJ,FL,ASO,ES,Federal Contract Tower,0,2,22,5,29,0,14,110,2,126,0,16,132,7,155,114,20,134,289
09/09/2010,SGJ,FL,ASO,ES,Federal Contract Tower,0,4,17,7,28,0,7,69,6,82,0,11,86,13,110,86,18,104,214
09/10/2010,SGJ,FL,ASO,ES,Federal Contract Tower,0,1,32,1,34,0,2,120,0,122,0,3,152,1,156,126,0,126,282
09/11/2010,SGJ,FL,ASO,ES,Federal Contract Tower,0,0,17,3,20,0,20,161,0,181,0,20,178,3,201,76,0,76,277
09/12/2010,SGJ,FL,ASO,ES,Federal Contract Tower,0,3,17,0,20,0,6,120,0,126,0,9,137,0,146,146,0,146,292
09/13/2010,SGJ,FL,ASO,ES,Federal Contract Tower,0,1,21,1,23,0,26,135,7,168,0,27,156,8,191,126,0,126,317
09/14/2010,SGJ,FL,ASO,ES,Federal Contract Tower,0,3,17,1,21,0,6,95,5,106,0,9,112,6,127,96,26,122,249
09/15/2010,SGJ,FL,ASO,ES,Federal Contract Tower,0,0,27,1,28,0,5,145,6,156,0,5,172,7,184,124,8,132,316
09/16/2010,SGJ,FL,ASO,ES,Federal Contract Tower,0,9,23,2,34,0,6,106,15,127,0,15,129,17,161,236,0,236,397
09/17/2010,SGJ,FL,ASO,ES,Federal Contract Tower,0,1,23,4,28,0,1,107,12,120,0,2,130,16,148,116,0,116,264
09/18/2010,SGJ,FL,ASO,ES,Federal Contract Tower,0,0,34,1,35,0,16,115,3,134,0,16,149,4,169,66,2,68,237
09/19/2010,SGJ,FL,ASO,ES,Federal Contract Tower,0,0,20,3,23,0,4,84,2,90,0,4,104,5,113,82,0,82,195
09/20/2010,SGJ,FL,ASO,ES,Federal Contract Tower,0,0,30,2,32,0,0,107,8,115,0,0,137,10,147,66,12,78,225
09/21/2010,SGJ,FL,ASO,ES,Federal Contract Tower,0,6,25,16,47,0,4,88,0,92,0,10,113,16,139,70,0,70,209
09/22/2010,SGJ,FL,ASO,ES,Federal Contract Tower,0,4,21,1,26,0,4,132,1,137,0,8,153,2,163,110,0,110,273
09/23/2010,SGJ,FL,ASO,ES,Federal Contract Tower,0,2,30,6,38,0,2,61,2,65,0,4,91,8,103,52,0,52,155
09/24/2010,SGJ,FL,ASO,ES,Federal Contract Tower,0,3,31,5,39,0,9,87,5,101,0,12,118,10,140,160,0,160,300
09/25/2010,SGJ,FL,ASO,ES,Federal Contract Tower,0,0,22,0,22,0,14,134,0,148,0,14,156,0,170,174,0,174,344
09/26/2010,SGJ,FL,ASO,ES,Federal Contract Tower,0,6,28,2,36,0,3,142,2,147,0,9,170,4,183,136,0,136,319
09/27/2010,SGJ,FL,ASO,ES,Federal Contract Tower,0,1,29,1,31,0,4,102,0,106,0,5,131,1,137,100,0,100,237
09/28/2010,SGJ,FL,ASO,ES,Federal Contract Tower,0,0,44,1,45,0,2,24,0,26,0,2,68,1,71,0,0,0,71
09/29/2010,SGJ,FL,ASO,ES,Federal Contract Tower,0,2,31,0,33,0,4,49,3,56,0,6,80,3,89,78,4,82,171
09/30/2010,SGJ,FL,ASO,ES,Federal Contract Tower,0,6,32,0,38,0,8,36,2,46,0,14,68,2,84,68,16,84,168
10/01/2010,SGJ,FL,ASO,ES,Federal Contract Tower,0,2,36,1,39,0,9,147,4,160,0,11,183,5,199,156,6,162,361
10/02/2010,SGJ,FL,ASO,ES,Federal Contract Tower,0,1,25,0,26,0,0,38,0,38,0,1,63,0,64,30,0,30,94
10/03/2010,SGJ,FL,ASO,ES,Federal Contract Tower,0,2,18,1,21,0,20,127,0,147,0,22,145,1,168,106,0,106,274
10/04/2010,SGJ,FL,ASO,ES,Federal Contract Tower,0,5,25,0,30,0,10,112,0,122,0,15,137,0,152,102,2,104,256
10/05/2010,SGJ,FL,ASO,ES,Federal Contract Tower,0,1,26,1,28,0,14,81,5,100,0,15,107,6,128,64,0,64,192
10/06/2010,SGJ,FL,ASO,ES,Federal Contract Tower,0,3,24,1,28,0,8,120,8,136,0,11,144,9,164,136,14,150,314
10/07/2010,SGJ,FL,ASO,ES,Federal Contract Tower,0,6,24,0,30,0,3,86,1,90,0,9,110,1,120,78,0,78,198
10/08/2010,SGJ,FL,ASO,ES,Federal Contract Tower,0,2,35,1,38,0,9,147,1,157,0,11,182,2,195,112,0,112,307
10/09/2010,SGJ,FL,ASO,ES,Federal Contract Tower,0,7,16,0,23,0,30,152,0,182,0,37,168,0,205,130,0,130,335
10/10/2010,SGJ,FL,ASO,ES,Federal Contract Tower,0,4,18,1,23,0,13,158,1,172,0,17,176,2,195,132,0,132,327
10/11/2010,SGJ,FL,ASO,ES,Federal Contract Tower,0,2,17,2,21,0,4,109,0,113,0,6,126,2,134,64,0,64,198
10/12/2010,SGJ,FL,ASO,ES,Federal Contract Tower,0,1,24,1,26,0,9,119,0,128,0,10,143,1,154,130,0,130,284
10/13/2010,SGJ,FL,ASO,ES,Federal Contract Tower,0,2,27,10,39,0,15,142,7,164,0,17,169,17,203,194,4,198,401
10/14/2010,SGJ,FL,ASO,ES,Federal Contract Tower,0,5,17,1,23,0,6,74,18,98,0,11,91,19,121,120,8,128,249
10/15/2010,SGJ,FL,ASO,ES,Federal Contract Tower,0,5,23,1,29,0,6,150,3,159,0,11,173,4,188,130,0,130,318
10/16/2010,SGJ,FL,ASO,ES,Federal Contract Tower,0,4,22,3,29,0,16,112,0,128,0,20,134,3,157,92,0,92,249
10/17/2010,SGJ,FL,ASO,ES,Federal Contract Tower,0,0,28,4,32,0,10,120,2,132,0,10,148,6,164,128,6,134,298
10/18/2010,SGJ,FL,ASO,ES,Federal Contract Tower,0,1,17,0,18,0,10,114,6,130,0,11,131,6,148,130,2,132,280
10/19/2010,SGJ,FL,ASO,ES,Federal Contract Tower,0,1,18,2,21,0,4,160,14,178,0,5,178,16,199,96,0,96,295
10/20/2010,SGJ,FL,ASO,ES,Federal Contract Tower,0,8,18,0,26,0,12,108,5,125,0,20,126,5,151,146,0,146,297
10/21/2010,SGJ,FL,ASO,ES,Federal Contract Tower,0,7,18,2,27,0,5,93,8,106,0,12,111,10,133,114,0,114,247
10/22/2010,SGJ,FL,ASO,ES,Federal Contract Tower,0,4,23,6,33,0,13,138,9,160,0,17,161,15,193,178,0,178,371
10/23/2010,SGJ,FL,ASO,ES,Federal Contract Tower,0,1,18,2,21,0,15,133,0,148,0,16,151,2,169,68,0,68,237
10/24/2010,SGJ,FL,ASO,ES,Federal Contract Tower,0,4,22,0,26,0,20,122,0,142,0,24,144,0,168,44,0,44,212
10/25/2010,SGJ,FL,ASO,ES,Federal Contract Tower,0,6,14,1,21,0,0,148,2,150,0,6,162,3,171,118,6,124,295
10/26/2010,SGJ,FL,ASO,ES,Federal Contract Tower,0,10,29,5,44,0,14,125,1,140,0,24,154,6,184,100,4,104,288
10/27/2010,SGJ,FL,ASO,ES,Federal Contract Tower,0,13,26,2,41,0,8,149,3,160,0,21,175,5,201,122,2,124,325
10/28/2010,SGJ,FL,ASO,ES,Federal Contract Tower,0,6,33,6,45,0,15,129,0,144,0,21,162,6,189,162,0,162,351
10/29/2010,SGJ,FL,ASO,ES,Federal Contract Tower,0,11,42,5,58,0,17,121,1,139,0,28,163,6,197,68,2,70,267
10/30/2010,SGJ,FL,ASO,ES,Federal Contract Tower,0,1,12,0,13,0,16,141,0,157,0,17,153,0,170,170,0,170,340
10/31/2010,SGJ,FL,ASO,ES,Federal Contract Tower,0,3,32,0,35,0,21,174,0,195,0,24,206,0,230,196,0,196,426
11/01/2010,SGJ,FL,ASO,ES,Federal Contract Tower,0,2,33,4,39,0,6,129,1,136,0,8,162,5,175,130,0,130,305
11/02/2010,SGJ,FL,ASO,ES,Federal Contract Tower,0,2,19,3,24,0,2,96,4,102,0,4,115,7,126,104,0,104,230
11/03/2010,SGJ,FL,ASO,ES,Federal Contract Tower,0,2,16,0,18,0,1,67,5,73,0,3,83,5,91,68,0,68,159
11/04/2010,SGJ,FL,ASO,ES,Federal Contract Tower,0,2,24,0,26,0,3,61,1,65,0,5,85,1,91,108,0,108,199
11/05/2010,SGJ,FL,ASO,ES,Federal Contract Tower,0,10,24,12,46,0,9,86,3,98,0,19,110,15,144,86,12,98,242
11/06/2010,SGJ,FL,ASO,ES,Federal Contract Tower,0,1,12,1,14,0,18,121,1,140,0,19,133,2,154,130,0,130,284
11/07/2010,SGJ,FL,ASO,ES,Federal Contract Tower,0,3,26,2,31,0,10,89,3,102,0,13,115,5,133,96,0,96,229
11/08/2010,SGJ,FL,ASO,ES,Federal Contract Tower,0,0,16,3,19,0,8,145,11,164,0,8,161,14,183,146,6,152,335
11/09/2010,SGJ,FL,ASO,ES,Federal Contract Tower,0,2,26,2,30,0,0,130,5,135,0,2,156,7,165,148,2,150,315
11/10/2010,SGJ,FL,ASO,ES,Federal Contract Tower,0,7,17,2,26,0,10,190,12,212,0,17,207,14,238,184,10,194,432
11/11/2010,SGJ,FL,ASO,ES,Federal Contract Tower,0,5,26,0,31,0,8,126,1,135,0,13,152,1,166,42,0,42,208
11/12/2010,SGJ,FL,ASO,ES,Federal Contract Tower,0,6,18,1,25,0,9,118,1,128,0,15,136,2,153,48,3,51,204
11/13/2010,SGJ,FL,ASO,ES,Federal Contract Tower,0,5,20,0,25,0,8,164,0,172,0,13,184,0,197,190,0,190,387
11/14/2010,SGJ,FL,ASO,ES,Federal Contract Tower,0,6,15,2,23,0,16,121,0,137,0,22,136,2,160,130,0,130,290
11/15/2010,SGJ,FL,ASO,ES,Federal Contract Tower,0,5,29,0,34,0,6,162,3,171,0,11,191,3,205,168,0,168,373
11/16/2010,SGJ,FL,ASO,ES,Federal Contract Tower,0,5,27,2,34,0,0,93,0,93,0,5,120,2,127,56,0,56,183
11/17/2010,SGJ,FL,ASO,ES,Federal Contract Tower,0,3,17,6,26,0,11,147,8,166,0,14,164,14,192,304,6,310,502
11/18/2010,SGJ,FL,ASO,ES,Federal Contract Tower,0,7,17,7,31,0,6,127,2,135,0,13,144,9,166,208,16,224,390
11/19/2010,SGJ,FL,ASO,ES,Federal Contract Tower,0,5,24,4,33,0,3,127,3,133,0,8,151,7,166,124,8,132,298
11/20/2010,SGJ,FL,ASO,ES,Federal Contract Tower,0,0,18,0,18,0,24,143,1,168,0,24,161,1,186,144,0,144,330
11/21/2010,SGJ,FL,ASO,ES,Federal Contract Tower,0,0,31,5,36,0,20,160,11,191,0,20,191,16,227,146,8,154,381
11/22/2010,SGJ,FL,ASO,ES,Federal Contract Tower,0,9,32,9,50,0,8,148,24,180,0,17,180,33,230,140,18,158,388
11/23/2010,SGJ,FL,ASO,ES,Federal Contract Tower,0,1,32,0,33,0,10,138,4,152,0,11,170,4,185,164,0,164,349
11/24/2010,SGJ,FL,ASO,ES,Federal Contract Tower,0,7,37,0,44,0,8,193,6,207,0,15,230,6,251,278,26,304,555
11/25/2010,SGJ,FL,ASO,ES,Federal Contract Tower,0,2,11,0,13,0,1,82,0,83,0,3,93,0,96,18,0,18,114
11/26/2010,SGJ,FL,ASO,ES,Federal Contract Tower,0,4,17,0,21,0,12,73,0,85,0,16,90,0,106,66,0,66,172
11/27/2010,SGJ,FL,ASO,ES,Federal Contract Tower,0,5,29,0,34,0,26,139,0,165,0,31,168,0,199,94,0,94,293
11/28/2010,SGJ,FL,ASO,ES,Federal Contract Tower,0,4,49,0,53,0,12,139,0,151,0,16,188,0,204,120,0,120,324
11/29/2010,SGJ,FL,ASO,ES,Federal Contract Tower,0,6,31,0,37,0,1,125,2,128,0,7,156,2,165,112,0,112,277
11/30/2010,SGJ,FL,ASO,ES,Federal Contract Tower,0,4,25,1,30,0,2,183,4,189,0,6,208,5,219,158,2,160,379
12/01/2010,SGJ,FL,ASO,ES,Federal Contract Tower,0,3,13,3,19,0,5,82,13,100,0,8,95,16,119,116,14,130,249
12/02/2010,SGJ,FL,ASO,ES,Federal Contract Tower,0,2,21,2,25,0,5,118,7,130,0,7,139,9,155,134,4,138,293
12/03/2010,SGJ,FL,ASO,ES,Federal Contract Tower,0,0,24,0,24,0,6,109,0,115,0,6,133,0,139,192,0,192,331
12/04/2010,SGJ,FL,ASO,ES,Federal Contract Tower,0,1,23,1,25,0,3,180,0,183,0,4,203,1,208,166,0,166,374
12/05/2010,SGJ,FL,ASO,ES,Federal Contract Tower,0,6,17,10,33,0,15,117,16,148,0,21,134,26,181,96,2,98,279
12/06/2010,SGJ,FL,ASO,ES,Federal Contract Tower,0,3,24,17,44,0,8,106,9,123,0,11,130,26,167,42,0,42,209
12/07/2010,SGJ,FL,ASO,ES,Federal Contract Tower,0,3,22,6,31,0,2,82,3,87,0,5,104,9,118,78,26,104,222
12/08/2010,SGJ,FL,ASO,ES,Federal Contract Tower,0,4,17,10,31,0,7,123,6,136,0,11,140,16,167,62,0,62,229
12/09/2010,SGJ,FL,ASO,ES,Federal Contract Tower,0,4,10,4,18,0,1,79,3,83,0,5,89,7,101,56,10,66,167
12/10/2010,SGJ,FL,ASO,ES,Federal Contract Tower,0,7,50,8,65,0,0,1,0,1,0,7,51,8,66,0,0,0,66
12/11/2010,SGJ,FL,ASO,ES,Federal Contract Tower,0,4,47,0,51,0,5,78,0,83,0,9,125,0,134,48,0,48,182
12/12/2010,SGJ,FL,ASO,ES,Federal Contract Tower,0,4,17,1,22,0,6,52,2,60,0,10,69,3,82,18,2,20,102
12/13/2010,SGJ,FL,ASO,ES,Federal Contract Tower,0,5,20,0,25,0,0,55,0,55,0,5,75,0,80,26,0,26,106
12/14/2010,SGJ,FL,ASO,ES,Federal Contract Tower,0,5,22,0,27,0,2,77,2,81,0,7,99,2,108,34,0,34,142
12/15/2010,SGJ,FL,ASO,ES,Federal Contract Tower,0,1,25,7,33,0,4,95,4,103,0,5,120,11,136,96,26,122,258
12/16/2010,SGJ,FL,ASO,ES,Federal Contract Tower,0,0,14,7,21,0,1,102,10,113,0,1,116,17,134,26,2,28,162
12/17/2010,SGJ,FL,ASO,ES,Federal Contract Tower,0,12,26,9,47,0,8,93,0,101,0,20,119,9,148,114,0,114,262
12/18/2010,SGJ,FL,ASO,ES,Federal Contract Tower,0,5,22,0,27,0,9,75,0,84,0,14,97,0,111,104,0,104,215
12/19/2010,SGJ,FL,ASO,ES,Federal Contract Tower,0,3,28,8,39,0,0,1,0,1,0,3,29,8,40,0,0,0,40
12/20/2010,SGJ,FL,ASO,ES,Federal Contract Tower,0,2,11,1,14,0,7,107,5,119,0,9,118,6,133,96,0,96,229
12/21/2010,SGJ,FL,ASO,ES,Federal Contract Tower,0,4,20,3,27,0,24,152,4,180,0,28,172,7,207,138,4,142,349
12/22/2010,SGJ,FL,ASO,ES,Federal Contract Tower,0,6,27,0,33,0,17,116,3,136,0,23,143,3,169,62,8,70,239
12/23/2010,SGJ,FL,ASO,ES,Federal Contract Tower,0,3,23,0,26,0,15,40,5,60,0,18,63,5,86,34,0,34,120
12/24/2010,SGJ,FL,ASO,ES,Federal Contract Tower,0,4,14,0,18,0,12,65,0,77,0,16,79,0,95,0,0,0,95
12/25/2010,SGJ,FL,ASO,ES,Federal Contract Tower,0,4,8,0,12,0,0,33,0,33,0,4,41,0,45,0,0,0,45
12/26/2010,SGJ,FL,ASO,ES,Federal Contract Tower,0,2,18,0,20,0,2,11,0,13,0,4,29,0,33,0,0,0,33
12/27/2010,SGJ,FL,ASO,ES,Federal Contract Tower,0,7,29,1,37,0,17,102,0,119,0,24,131,1,156,90,0,90,246
12/28/2010,SGJ,FL,ASO,ES,Federal Contract Tower,0,4,38,4,46,0,12,150,3,165,0,16,188,7,211,172,0,172,383
12/29/2010,SGJ,FL,ASO,ES,Federal Contract Tower,0,7,37,0,44,0,22,194,0,216,0,29,231,0,260,278,0,278,538
12/30/2010,SGJ,FL,ASO,ES,Federal Contract Tower,0,0,24,6,30,0,15,137,2,154,0,15,161,8,184,211,0,211,395
12/31/2010,SGJ,FL,ASO,ES,Federal Contract Tower,0,1,21,0,22,0,26,146,0,172,0,27,167,0,194,144,0,144,338
01/01/2011,SGJ,FL,ASO,ES,Federal Contract Tower,0,5,12,0,17,0,26,44,0,70,0,31,56,0,87,22,0,22,109
01/02/2011,SGJ,FL,ASO,ES,Federal Contract Tower,0,3,25,0,28,0,23,95,0,118,0,26,120,0,146,146,0,146,292
01/03/2011,SGJ,FL,ASO,ES,Federal Contract Tower,0,5,25,1,31,0,6,140,0,146,0,11,165,1,177,140,0,140,317
01/04/2011,SGJ,FL,ASO,ES,Federal Contract Tower,0,3,35,1,39,0,4,109,8,121,0,7,144,9,160,130,2,132,292
01/05/2011,SGJ,FL,ASO,ES,Federal Contract Tower,0,2,20,3,25,0,1,118,17,136,0,3,138,20,161,154,4,158,319
01/06/2011,SGJ,FL,ASO,ES,Federal Contract Tower,0,7,24,4,35,0,3,78,5,86,0,10,102,9,121,142,6,148,269
01/07/2011,SGJ,FL,ASO,ES,Federal Contract Tower,0,1,25,3,29,0,5,74,11,90,0,6,99,14,119,62,16,78,197
01/08/2011,SGJ,FL,ASO,ES,Federal Contract Tower,0,0,16,4,20,0,20,142,3,165,0,20,158,7,185,104,0,104,289
01/09/2011,SGJ,FL,ASO,ES,Federal Contract Tower,0,4,14,6,24,0,10,84,3,97,0,14,98,9,121,40,4,44,165
01/10/2011,SGJ,FL,ASO,ES,Federal Contract Tower,0,2,11,0,13,0,0,21,0,21,0,2,32,0,34,21,0,21,55
01/11/2011,SGJ,FL,ASO,ES,Federal Contract Tower,0,4,49,12,65,0,0,25,0,25,0,4,74,12,90,0,0,0,90
01/12/2011,SGJ,FL,ASO,ES,Federal Contract Tower,0,4,12,3,19,0,2,184,12,198,0,6,196,15,217,168,22,190,407
01/13/2011,SGJ,FL,ASO,ES,Federal Contract Tower,0,3,23,5,31,0,3,124,4,131,0,6,147,9,162,84,0,84,246
01/14/2011,SGJ,FL,ASO,ES,Federal Contract Tower,0,6,36,13,55,0,3,165,9,177,0,9,201,22,232,216,12,228,460
01/15/2011,SGJ,FL,ASO,ES,Federal Contract Tower,0,4,40,14,58,0,16,284,2,302,0,20,324,16,360,176,16,192,552
01/16/2011,SGJ,FL,ASO,ES,Federal Contract Tower,0,3,27,0,30,0,12,208,0,220,0,15,235,0,250,210,0,210,460
01/17/2011,SGJ,FL,ASO,ES,Federal Contract Tower,0,1,30,1,32,0,0,0,0,0,0,1,30,1,32,0,0,0,32
01/18/2011,SGJ,FL,ASO,ES,Federal Contract Tower,0,3,53,2,58,0,0,17,5,22,0,3,70,7,80,24,0,24,104
01/19/2011,SGJ,FL,ASO,ES,Federal Contract Tower,0,2,35,2,39,0,4,79,2,85,0,6,114,4,124,146,2,148,272
01/20/2011,SGJ,FL,ASO,ES,Federal Contract Tower,0,6,23,2,31,0,12,120,8,140,0,18,143,10,171,151,8,159,330
01/21/2011,SGJ,FL,ASO,ES,Federal Contract Tower,0,9,36,3,48,0,0,24,0,24,0,9,60,3,72,58,20,78,150
01/22/2011,SGJ,FL,ASO,ES,Federal Contract Tower,0,1,32,0,33,0,8,163,1,172,0,9,195,1,205,182,0,182,387
01/23/2011,SGJ,FL,ASO,ES,Federal Contract Tower,0,5,26,1,32,0,8,175,0,183,0,13,201,1,215,184,0,184,399
01/24/2011,SGJ,FL,ASO,ES,Federal Contract Tower,0,4,48,2,54,0,20,196,9,225,0,24,244,11,279,198,14,212,491
01/25/2011,SGJ,FL,ASO,ES,Federal Contract Tower,0,5,23,2,30,0,0,12,0,12,0,5,35,2,42,4,0,4,46
01/26/2011,SGJ,FL,ASO,ES,Federal Contract Tower,0,4,17,2,23,0,8,47,4,59,0,12,64,6,82,40,0,40,122
01/27/2011,SGJ,FL,ASO,ES,Federal Contract Tower,0,7,27,0,34,0,1,122,12,135,0,8,149,12,169,286,6,292,461
01/28/2011,SGJ,FL,ASO,ES,Federal Contract Tower,0,2,26,6,34,0,7,109,2,118,0,9,135,8,152,172,2,174,326
01/29/2011,SGJ,FL,ASO,ES,Federal Contract Tower,0,4,39,3,46,0,10,253,0,263,0,14,292,3,309,208,0,208,517
01/30/2011,SGJ,FL,ASO,ES,Federal Contract Tower,0,0,17,2,19,0,15,158,4,177,0,15,175,6,196,178,0,178,374
01/31/2011,SGJ,FL,ASO,ES,Federal Contract Tower,0,2,16,1,19,0,0,115,6,121,0,2,131,7,140,184,0,184,324
02/01/2011,SGJ,FL,ASO,ES,Federal Contract Tower,0,0,21,0,21,0,10,111,3,124,0,10,132,3,145,134,14,148,293
02/02/2011,SGJ,FL,ASO,ES,Federal Contract Tower,0,0,20,2,22,0,2,63,10,75,0,2,83,12,97,46,8,54,151
02/03/2011,SGJ,FL,ASO,ES,Federal Contract Tower,0,4,20,2,26,0,0,5,0,5,0,4,25,2,31,28,0,28,59
02/04/2011,SGJ,FL,ASO,ES,Federal Contract Tower,0,6,27,3,36,0,0,0,0,0,0,6,27,3,36,0,0,0,36
02/05/2011,SGJ,FL,ASO,ES,Federal Contract Tower,0,1,29,1,31,0,0,29,0,29,0,1,58,1,60,38,0,38,98
02/06/2011,SGJ,FL,ASO,ES,Federal Contract Tower,0,1,37,4,42,0,4,130,0,134,0,5,167,4,176,160,0,160,336
02/07/2011,SGJ,FL,ASO,ES,Federal Contract Tower,0,1,22,4,27,0,0,0,0,0,0,1,22,4,27,0,0,0,27
02/08/2011,SGJ,FL,ASO,ES,Federal Contract Tower,0,6,24,12,42,0,6,113,0,119,0,12,137,12,161,128,2,130,291
02/09/2011,SGJ,FL,ASO,ES,Federal Contract Tower,0,5,22,1,28,0,17,147,9,173,0,22,169,10,201,162,38,200,401
02/10/2011,SGJ,FL,ASO,ES,Federal Contract Tower,0,13,25,1,39,0,0,2,0,2,0,13,27,1,41,2,0,2,43
02/11/2011,SGJ,FL,ASO,ES,Federal Contract Tower,0,2,40,9,51,0,9,108,2,119,0,11,148,11,170,130,2,132,302
02/12/2011,SGJ,FL,ASO,ES,Federal Contract Tower,0,8,27,0,35,0,42,163,2,207,0,50,190,2,242,200,0,200,442
02/13/2011,SGJ,FL,ASO,ES,Federal Contract Tower,0,4,26,3,33,0,29,200,2,231,0,33,226,5,264,186,0,186,450
02/14/2011,SGJ,FL,ASO,ES,Federal Contract Tower,0,4,17,6,27,0,18,126,8,152,0,22,143,14,179,180,0,180,359
02/15/2011,SGJ,FL,ASO,ES,Federal Contract Tower,0,3,37,6,46,0,0,123,4,127,0,3,160,10,173,100,6,106,279
02/16/2011,SGJ,FL,ASO,ES,Federal Contract Tower,0,1,33,2,36,0,1,96,4,101,0,2,129,6,137,308,0,308,445
02/17/2011,SGJ,FL,ASO,ES,Federal Contract Tower,0,5,54,1,60,0,11,153,9,173,0,16,207,10,233,202,6,208,441
02/18/2011,SGJ,FL,ASO,ES,Federal Contract Tower,0,5,32,5,42,0,13,137,18,168,0,18,169,23,210,146,16,162,372
02/19/2011,SGJ,FL,ASO,ES,Federal Contract Tower,0,7,39,6,52,0,30,170,0,200,0,37,209,6,252,236,0,236,488
02/20/2011,SGJ,FL,ASO,ES,Federal Contract Tower,0,8,33,0,41,0,30,206,0,236,0,38,239,0,277,202,0,202,479
02/21/2011,SGJ,FL,ASO,ES,Federal Contract Tower,0,4,21,2,27,0,14,90,0,104,0,18,111,2,131,134,4,138,269
02/22/2011,SGJ,FL,ASO,ES,Federal Contract Tower,0,1,34,0,35,0,4,72,8,84,0,5,106,8,119,148,5,153,272
02/23/2011,SGJ,FL,ASO,ES,Federal Contract Tower,0,5,39,3,47,0,6,21,2,29,0,11,60,5,76,30,0,30,106
02/24/2011,SGJ,FL,ASO,ES,Federal Contract Tower,0,7,29,5,41,0,6,177,0,183,0,13,206,5,224,202,0,202,426
02/25/2011,SGJ,FL,ASO,ES,Federal Contract Tower,0,4,31,2,37,0,10,169,5,184,0,14,200,7,221,88,0,88,309
02/26/2011,SGJ,FL,ASO,ES,Federal Contract Tower,0,3,44,0,47,0,14,153,0,167,0,17,197,0,214,204,0,204,418
02/27/2011,SGJ,FL,ASO,ES,Federal Contract Tower,0,0,25,0,25,0,14,238,0,252,0,14,263,0,277,212,0,212,489
02/28/2011,SGJ,FL,ASO,ES,Federal Contract Tower,0,5,22,6,33,0,0,168,2,170,0,5,190,8,203,178,2,180,383
03/01/2011,SGJ,FL,ASO,ES,Federal Contract Tower,0,4,30,4,38,0,6,63,3,72,0,10,93,7,110,34,10,44,154
03/02/2011,SGJ,FL,ASO,ES,Federal Contract Tower,0,1,62,1,64,0,4,112,0,116,0,5,174,1,180,34,0,34,214
03/03/2011,SGJ,FL,ASO,ES,Federal Contract Tower,0,5,45,2,52,0,8,125,12,145,0,13,170,14,197,136,12,148,345
03/04/2011,SGJ,FL,ASO,ES,Federal Contract Tower,0,4,39,10,53,0,6,106,7,119,0,10,145,17,172,106,12,118,290
03/05/2011,SGJ,FL,ASO,ES,Federal Contract Tower,0,5,43,2,50,0,16,216,1,233,0,21,259,3,283,148,0,148,431
03/06/2011,SGJ,FL,ASO,ES,Federal Contract Tower,0,4,42,0,46,0,7,43,0,50,0,11,85,0,96,60,0,60,156
03/07/2011,SGJ,FL,ASO,ES,Federal Contract Tower,0,1,43,5,49,0,22,145,5,172,0,23,188,10,221,210,6,216,437
03/08/2011,SGJ,FL,ASO,ES,Federal Contract Tower,0,0,28,3,31,0,9,125,4,138,0,9,153,7,169,180,4,184,353
03/09/2011,SGJ,FL,ASO,ES,Federal Contract Tower,0,4,21,3,28,0,23,126,4,153,0,27,147,7,181,92,0,92,273
03/10/2011,SGJ,FL,ASO,ES,Federal Contract Tower,0,9,30,1,40,0,4,88,13,105,0,13,118,14,145,80,50,130,275
03/11/2011,SGJ,FL,ASO,ES,Federal Contract Tower,0,5,34,1,40,0,9,139,1,149,0,14,173,2,189,124,0,124,313
03/12/2011,SGJ,FL,ASO,ES,Federal Contract Tower,0,6,18,0,24,0,18,250,0,268,0,24,268,0,292,126,0,126,418
03/13/2011,SGJ,FL,ASO,ES,Federal Contract Tower,0,2,36,0,38,0,12,261,3,276,0,14,297,3,314,172,2,174,488
03/14/2011,SGJ,FL,ASO,ES,Federal Contract Tower,0,4,20,2,26,0,6,181,4,191,0,10,201,6,217,292,12,304,521
03/15/2011,SGJ,FL,ASO,ES,Federal Contract Tower,0,9,33,0,42,0,14,138,5,157,0,23,171,5,199,186,6,192,391
03/16/2011,SGJ,FL,ASO,ES,Federal Contract Tower,0,5,39,5,49,0,5,177,8,190,0,10,216,13,239,242,16,258,497
03/17/2011,SGJ,FL,ASO,ES,Federal Contract Tower,0,3,29,2,34,0,24,153,4,181,0,27,182,6,215,292,2,294,509
03/18/2011,SGJ,FL,ASO,ES,Federal Contract Tower,0,7,39,2,48,0,16,170,2,188,0,23,209,4,236,188,0,188,424
03/19/2011,SGJ,FL,ASO,ES,Federal Contract Tower,0,8,24,0,32,0,36,264,0,300,0,44,288,0,332,180,0,180,512
03/20/2011,SGJ,FL,ASO,ES,Federal Contract Tower,0,5,38,0,43,0,24,191,0,215,0,29,229,0,258,168,0,168,426
03/21/2011,SGJ,FL,ASO,ES,Federal Contract Tower,0,0,21,5,26,0,10,139,0,149,0,10,160,5,175,196,0,196,371
03/22/2011,SGJ,FL,ASO,ES,Federal Contract Tower,0,5,22,5,32,0,4,108,0,112,0,9,130,5,144,176,0,176,320
03/23/2011,SGJ,FL,ASO,ES,Federal Contract Tower,0,16,29,6,51,0,2,156,9,167,0,18,185,15,218,184,6,190,408
03/24/2011,SGJ,FL,ASO,ES,Federal Contract Tower,0,12,27,3,42,0,0,111,10,121,0,12,138,13,163,108,12,120,283
03/25/2011,SGJ,FL,ASO,ES,Federal Contract Tower,0,10,47,19,76,0,17,197,2,216,0,27,244,21,292,208,2,210,502
03/26/2011,SGJ,FL,ASO,ES,Federal Contract Tower,0,11,22,6,39,0,32,222,1,255,0,43,244,7,294,204,0,204,498
03/27/2011,SGJ,FL,ASO,ES,Federal Contract Tower,0,4,30,3,37,0,22,152,1,175,0,26,182,4,212,232,0,232,444
03/28/2011,SGJ,FL,ASO,ES,Federal Contract Tower,0,6,45,2,53,0,2,29,2,33,0,8,74,4,86,44,0,44,130
03/29/2011,SGJ,FL,ASO,ES,Federal Contract Tower,0,8,70,1,79,0,0,0,0,0,0,8,70,1,79,0,0,0,79
03/30/2011,SGJ,FL,ASO,ES,Federal Contract Tower,0,4,38,2,44,0,4,64,0,68,0,8,102,2,112,52,0,52,164
03/31/2011,SGJ,FL,ASO,ES,Federal Contract Tower,0,0,18,0,18,0,0,9,0,9,0,0,27,0,27,16,0,16,43
04/01/2011,SGJ,FL,ASO,ES,Federal Contract Tower,0,4,54,2,60,0,16,185,13,214,0,20,239,15,274,206,16,222,496
04/02/2011,SGJ,FL,ASO,ES,Federal Contract Tower,0,8,32,0,40,0,28,279,1,308,0,36,311,1,348,208,0,208,556
04/03/2011,SGJ,FL,ASO,ES,Federal Contract Tower,0,8,23,0,31,0,6,257,0,263,0,14,280,0,294,272,0,272,566
04/04/2011,SGJ,FL,ASO,ES,Federal Contract Tower,0,3,26,0,29,0,8,160,0,168,0,11,186,0,197,210,12,222,419
04/05/2011,SGJ,FL,ASO,ES,Federal Contract Tower,0,5,21,2,28,0,2,24,1,27,0,7,45,3,55,76,2,78,133
04/06/2011,SGJ,FL,ASO,ES,Federal Contract Tower,0,0,51,1,52,0,6,319,10,335,0,6,370,11,387,332,12,344,731
04/07/2011,SGJ,FL,ASO,ES,Federal Contract Tower,0,5,55,1,61,0,7,136,14,157,0,12,191,15,218,154,18,172,390
04/08/2011,SGJ,FL,ASO,ES,Federal Contract Tower,0,11,39,4,54,0,10,167,6,183,0,21,206,10,237,170,22,192,429
04/09/2011,SGJ,FL,ASO,ES,Federal Contract Tower,0,1,47,4,52,0,28,191,0,219,0,29,238,4,271,112,0,112,383
04/10/2011,SGJ,FL,ASO,ES,Federal Contract Tower,0,8,36,7,51,0,10,265,3,278,0,18,301,10,329,206,2,208,537
04/11/2011,SGJ,FL,ASO,ES,Federal Contract Tower,0,9,33,6,48,0,2,103,1,106,0,11,136,7,154,112,4,116,270
04/12/2011,SGJ,FL,ASO,ES,Federal Contract Tower,0,11,30,3,44,0,3,42,9,54,0,14,72,12,98,62,0,62,160
04/13/2011,SGJ,FL,ASO,ES,Federal Contract Tower,0,5,25,12,42,0,14,194,6,214,0,19,219,18,256,312,10,322,578
04/14/2011,SGJ,FL,ASO,ES,Federal Contract Tower,0,7,26,0,33,0,10,136,12,158,0,17,162,12,191,152,6,158,349
04/15/2011,SGJ,FL,ASO,ES,Federal Contract Tower,0,8,36,10,54,0,12,106,7,125,0,20,142,17,179,108,22,130,309
04/16/2011,SGJ,FL,ASO,ES,Federal Contract Tower,0,0,18,1,19,0,16,60,0,76,0,16,78,1,95,46,0,46,141
04/17/2011,SGJ,FL,ASO,ES,Federal Contract Tower,0,6,51,0,57,0,28,148,0,176,0,34,199,0,233,102,2,104,337
04/18/2011,SGJ,FL,ASO,ES,Federal Contract Tower,0,8,21,8,37,0,3,173,2,178,0,11,194,10,215,164,2,166,381
04/19/2011,SGJ,FL,ASO,ES,Federal Contract Tower,0,1,18,5,24,0,8,91,3,102,0,9,109,8,126,122,14,136,262
04/20/2011,SGJ,FL,ASO,ES,Federal Contract Tower,0,6,29,4,39,0,18,132,5,155,0,24,161,9,194,160,14,174,368
04/21/2011,SGJ,FL,ASO,ES,Federal Contract Tower,0,5,41,1,47,0,8,126,18,152,0,13,167,19,199,76,28,104,303
04/22/2011,SGJ,FL,ASO,ES,Federal Contract Tower,0,4,33,0,37,0,23,214,2,239,0,27,247,2,276,136,0,136,412
04/23/2011,SGJ,FL,ASO,ES,Federal Contract Tower,0,1,19,0,20,0,10,139,0,149,0,11,158,0,169,196,0,196,365
04/24/2011,SGJ,FL,ASO,ES,Federal Contract Tower,0,4,19,0,23,0,8,66,1,75,0,12,85,1,98,58,0,58,156
04/25/2011,SGJ,FL,ASO,ES,Federal Contract Tower,0,13,43,2,58,0,8,127,2,137,0,21,170,4,195,214,8,222,417
04/26/2011,SGJ,FL,ASO,ES,Federal Contract Tower,0,12,24,6,42,0,5,90,0,95,0,17,114,6,137,98,0,98,235
04/27/2011,SGJ,FL,ASO,ES,Federal Contract Tower,0,4,24,2,30,0,34,129,7,170,0,38,153,9,200,160,8,168,368
04/28/2011,SGJ,FL,ASO,ES,Federal Contract Tower,0,6,19,0,25,0,2,92,0,94,0,8,111,0,119,84,0,84,203
04/29/2011,SGJ,FL,ASO,ES,Federal Contract Tower,0,8,28,1,37,0,6,157,2,165,0,14,185,3,202,90,14,104,306
04/30/2011,SGJ,FL,ASO,ES,Federal Contract Tower,0,8,24,2,34,0,24,312,10,346,0,32,336,12,380,110,0,110,490
05/01/2011,SGJ,FL,ASO,ES,Federal Contract Tower,0,6,33,2,41,0,18,190,3,211,0,24,223,5,252,173,0,173,425
05/02/2011,SGJ,FL,ASO,ES,Federal Contract Tower,0,8,19,4,31,0,5,145,6,156,0,13,164,10,187,252,0,252,439
05/03/2011,SGJ,FL,ASO,ES,Federal Contract Tower,0,8,26,10,44,0,8,141,5,154,0,16,167,15,198,220,34,254,452
05/04/2011,SGJ,FL,ASO,ES,Federal Contract Tower,0,8,45,5,58,0,17,200,14,231,0,25,245,19,289,286,14,300,589
05/05/2011,SGJ,FL,ASO,ES,Federal Contract Tower,0,14,28,5,47,0,14,145,4,163,0,28,173,9,210,186,0,186,396
05/06/2011,SGJ,FL,ASO,ES,Federal Contract Tower,0,9,46,15,70,0,4,105,0,109,0,13,151,15,179,144,0,144,323
05/07/2011,SGJ,FL,ASO,ES,Federal Contract Tower,0,8,22,2,32,0,30,179,0,209,0,38,201,2,241,214,0,214,455
05/08/2011,SGJ,FL,ASO,ES,Federal Contract Tower,0,9,33,3,45,0,26,176,1,203,0,35,209,4,248,188,0,188,436
05/09/2011,SGJ,FL,ASO,ES,Federal Contract Tower,0,20,25,8,53,0,8,145,0,153,0,28,170,8,206,164,2,166,372
05/10/2011,SGJ,FL,ASO,ES,Federal Contract Tower,0,6,49,5,60,0,8,117,11,136,0,14,166,16,196,174,30,204,400
05/11/2011,SGJ,FL,ASO,ES,Federal Contract Tower,0,8,23,3,34,0,14,179,8,201,0,22,202,11,235,202,18,220,455
05/12/2011,SGJ,FL,ASO,ES,Federal Contract Tower,0,15,36,2,53,0,20,191,2,213,0,35,227,4,266,302,26,328,594
05/13/2011,SGJ,FL,ASO,ES,Federal Contract Tower,0,9,45,7,61,0,11,122,4,137,0,20,167,11,198,158,14,172,370
05/14/2011,SGJ,FL,ASO,ES,Federal Contract Tower,0,14,30,2,46,0,0,74,0,74,0,14,104,2,120,14,0,14,134
05/15/2011,SGJ,FL,ASO,ES,Federal Contract Tower,0,23,67,0,90,0,25,138,0,163,0,48,205,0,253,148,0,148,401
05/16/2011,SGJ,FL,ASO,ES,Federal Contract Tower,0,13,56,1,70,0,9,147,0,156,0,22,203,1,226,134,0,134,360
05/17/2011,SGJ,FL,ASO,ES,Federal Contract Tower,0,7,27,5,39,0,12,115,6,133,0,19,142,11,172,116,16,132,304
05/18/2011,SGJ,FL,ASO,ES,Federal Contract Tower,0,5,35,6,46,0,11,117,8,136,0,16,152,14,182,160,10,170,352
05/19/2011,SGJ,FL,ASO,ES,Federal Contract Tower,0,1,31,1,33,0,8,165,7,180,0,9,196,8,213,146,6,152,365
05/20/2011,SGJ,FL,ASO,ES,Federal Contract Tower,0,5,38,0,43,0,6,100,6,112,0,11,138,6,155,92,0,92,247
05/21/2011,SGJ,FL,ASO,ES,Federal Contract Tower,0,1,21,0,22,0,28,147,2,177,0,29,168,2,199,214,0,214,413
05/22/2011,SGJ,FL,ASO,ES,Federal Contract Tower,0,8,43,0,51,0,12,145,2,159,0,20,188,2,210,148,0,148,358
05/23/2011,SGJ,FL,ASO,ES,Federal Contract Tower,0,2,15,0,17,0,10,114,1,125,0,12,129,1,142,132,0,132,274
05/24/2011,SGJ,FL,ASO,ES,Federal Contract Tower,0,4,39,9,52,0,13,120,3,136,0,17,159,12,188,174,2,176,364
05/25/2011,SGJ,FL,ASO,ES,Federal Contract Tower,0,9,26,2,37,0,12,190,12,214,0,21,216,14,251,258,0,258,509
05/26/2011,SGJ,FL,ASO,ES,Federal Contract Tower,0,5,34,5,44,0,7,168,15,190,0,12,202,20,234,146,38,184,418
05/27/2011,SGJ,FL,ASO,ES,Federal Contract Tower,0,7,24,2,33,0,2,51,1,54,0,9,75,3,87,18,0,18,105
05/28/2011,SGJ,FL,ASO,ES,Federal Contract Tower,0,3,19,1,23,0,26,70,0,96,0,29,89,1,119,64,0,64,183
05/29/2011,SGJ,FL,ASO,ES,Federal Contract Tower,0,6,13,0,19,0,19,85,0,104,0,25,98,0,123,56,0,56,179
05/30/2011,SGJ,FL,ASO,ES,Federal Contract Tower,0,9,29,0,38,0,26,149,0,175,0,35,178,0,213,104,0,104,317
05/31/2011,SGJ,FL,ASO,ES,Federal Contract Tower,0,6,28,4,38,0,4,91,0,95,0,10,119,4,133,96,0,96,229
06/01/2011,SGJ,FL,ASO,ES,Federal Contract Tower,0,6,26,2,34,0,8,142,4,154,0,14,168,6,188,156,2,158,346
06/02/2011,SGJ,FL,ASO,ES,Federal Contract Tower,0,5,30,6,41,0,4,111,0,115,0,9,141,6,156,160,8,168,324
06/03/2011,SGJ,FL,ASO,ES,Federal Contract Tower,0,0,26,1,27,0,4,152,2,158,0,4,178,3,185,192,2,194,379
06/04/2011,SGJ,FL,ASO,ES,Federal Contract Tower,0,4,30,0,34,0,30,181,1,212,0,34,211,1,246,152,0,152,398
06/05/2011,SGJ,FL,ASO,ES,Federal Contract Tower,0,8,46,2,56,0,2,60,4,66,0,10,106,6,122,26,0,26,148
06/06/2011,SGJ,FL,ASO,ES,Federal Contract Tower,0,2,29,1,32,0,8,110,0,118,0,10,139,1,150,116,0,116,266
06/07/2011,SGJ,FL,ASO,ES,Federal Contract Tower,0,8,25,2,35,0,0,104,9,113,0,8,129,11,148,122,0,122,270
06/08/2011,SGJ,FL,ASO,ES,Federal Contract Tower,0,14,28,0,42,0,5,128,6,139,0,19,156,6,181,198,20,218,399
06/09/2011,SGJ,FL,ASO,ES,Federal Contract Tower,0,6,32,2,40,0,0,156,0,156,0,6,188,2,196,150,14,164,360
06/10/2011,SGJ,FL,ASO,ES,Federal Contract Tower,0,6,35,0,41,0,2,136,14,152,0,8,171,14,193,226,14,240,433
06/11/2011,SGJ,FL,ASO,ES,Federal Contract Tower,0,4,27,0,31,0,36,161,0,197,0,40,188,0,228,124,0,124,352
06/12/2011,SGJ,FL,ASO,ES,Federal Contract Tower,0,3,31,4,38,0,18,41,0,59,0,21,72,4,97,6,0,6,103
06/13/2011,SGJ,FL,ASO,ES,Federal Contract Tower,0,7,26,0,33,0,7,52,0,59,0,14,78,0,92,64,0,64,156
06/14/2011,SGJ,FL,ASO,ES,Federal Contract Tower,0,2,23,3,28,0,12,95,2,109,0,14,118,5,137,160,10,170,307
06/15/2011,SGJ,FL,ASO,ES,Federal Contract Tower,0,9,48,0,57,0,0,0,0,0,0,9,48,0,57,0,0,0,57
06/16/2011,SGJ,FL,ASO,ES,Federal Contract Tower,0,6,24,0,30,0,10,110,2,122,0,16,134,2,152,148,6,154,306
06/17/2011,SGJ,FL,ASO,ES,Federal Contract Tower,0,5,53,1,59,0,4,12,0,16,0,9,65,1,75,8,0,8,83
06/18/2011,SGJ,FL,ASO,ES,Federal Contract Tower,0,4,28,0,32,0,22,110,0,132,0,26,138,0,164,80,0,80,244
06/19/2011,SGJ,FL,ASO,ES,Federal Contract Tower,0,13,20,0,33,0,49,158,0,207,0,62,178,0,240,144,0,144,384
06/20/2011,SGJ,FL,ASO,ES,Federal Contract Tower,0,2,33,0,35,0,6,101,0,107,0,8,134,0,142,82,2,84,226
06/21/2011,SGJ,FL,ASO,ES,Federal Contract Tower,0,0,38,0,38,0,0,65,0,65,0,0,103,0,103,82,0,82,185
06/22/2011,SGJ,FL,ASO,ES,Federal Contract Tower,0,4,30,0,34,0,11,67,12,90,0,15,97,12,124,78,16,94,218
06/23/2011,SGJ,FL,ASO,ES,Federal Contract Tower,0,4,31,9,44,0,20,101,10,131,0,24,132,19,175,140,28,168,343
06/24/2011,SGJ,FL,ASO,ES,Federal Contract Tower,0,2,21,0,23,0,8,105,7,120,0,10,126,7,143,92,4,96,239
06/25/2011,SGJ,FL,ASO,ES,Federal Contract Tower,0,2,30,0,32,0,11,145,6,162,0,13,175,6,194,168,2,170,364
06/26/2011,SGJ,FL,ASO,ES,Federal Contract Tower,0,4,32,9,45,0,23,125,6,154,0,27,157,15,199,104,0,104,303
06/27/2011,SGJ,FL,ASO,ES,Federal Contract Tower,0,3,25,0,28,0,6,149,1,156,0,9,174,1,184,136,0,136,320
06/28/2011,SGJ,FL,ASO,ES,Federal Contract Tower,0,15,17,7,39,0,6,68,0,74,0,21,85,7,113,28,10,38,151
06/29/2011,SGJ,FL,ASO,ES,Federal Contract Tower,0,3,49,2,54,0,13,112,1,126,0,16,161,3,180,128,0,128,308
06/30/2011,SGJ,FL,ASO,ES,Federal Contract Tower,0,8,45,0,53,0,10,23,0,33,0,18,68,0,86,18,0,18,104
07/01/2011,SGJ,FL,ASO,ES,Federal Contract Tower,0,6,40,0,46,0,23,149,4,176,0,29,189,4,222,190,10,200,422
07/02/2011,SGJ,FL,ASO,ES,Federal Contract Tower,0,7,53,0,60,0,24,201,0,225,0,31,254,0,285,202,0,202,487
07/03/2011,SGJ,FL,ASO,ES,Federal Contract Tower,0,2,18,0,20,0,40,163,0,203,0,42,181,0,223,176,0,176,399
07/04/2011,SGJ,FL,ASO,ES,Federal Contract Tower,0,5,16,0,21,0,20,126,0,146,0,25,142,0,167,28,0,28,195
07/05/2011,SGJ,FL,ASO,ES,Federal Contract Tower,0,12,26,2,40,0,15,199,3,217,0,27,225,5,257,282,2,284,541
07/06/2011,SGJ,FL,ASO,ES,Federal Contract Tower,0,7,28,1,36,0,10,168,7,185,0,17,196,8,221,270,12,282,503
07/07/2011,SGJ,FL,ASO,ES,Federal Contract Tower,0,0,35,2,37,0,6,69,0,75,0,6,104,2,112,96,2,98,210
07/08/2011,SGJ,FL,ASO,ES,Federal Contract Tower,0,3,37,4,44,0,2,17,1,20,0,5,54,5,64,8,0,8,72
07/09/2011,SGJ,FL,ASO,ES,Federal Contract Tower,0,8,25,0,33,0,10,111,2,123,0,18,136,2,156,130,10,140,296
07/10/2011,SGJ,FL,ASO,ES,Federal Contract Tower,0,5,27,3,35,0,4,88,5,97,0,9,115,8,132,80,16,96,228
07/11/2011,SGJ,FL,ASO,ES,Federal Contract Tower,0,5,29,3,37,0,4,113,11,128,0,9,142,14,165,156,12,168,333
07/12/2011,SGJ,FL,ASO,ES,Federal Contract Tower,0,3,14,6,23,0,6,122,8,136,0,9,136,14,159,196,10,206,365
07/13/2011,SGJ,FL,ASO,ES,Federal Contract Tower,0,0,22,2,24,0,12,130,4,146,0,12,152,6,170,244,6,250,420
07/14/2011,SGJ,FL,ASO,ES,Federal Contract Tower,0,5,33,0,38,0,6,90,2,98,0,11,123,2,136,70,20,90,226
07/15/2011,SGJ,FL,ASO,ES,Federal Contract Tower,0,7,24,1,32,0,14,105,2,121,0,21,129,3,153,112,0,112,265
07/16/2011,SGJ,FL,ASO,ES,Federal Contract Tower,0,1,23,0,24,0,22,110,2,134,0,23,133,2,158,262,0,262,420
07/17/2011,SGJ,FL,ASO,ES,Federal Contract Tower,0,3,28,1,32,0,24,136,0,160,0,27,164,1,192,242,0,242,434
07/18/2011,SGJ,FL,ASO,ES,Federal Contract Tower,0,6,24,0,30,0,8,143,0,151,0,14,167,0,181,84,4,88,269
07/19/2011,SGJ,FL,ASO,ES,Federal Contract Tower,0,4,26,3,33,0,12,184,0,196,0,16,210,3,229,156,0,156,385
07/20/2011,SGJ,FL,ASO,ES,Federal Contract Tower,0,3,11,0,14,0,12,168,2,182,0,15,179,2,196,306,8,314,510
07/21/2011,SGJ,FL,ASO,ES,Federal Contract Tower,0,8,38,18,64,0,16,162,6,184,0,24,200,24,248,186,0,186,434
07/22/2011,SGJ,FL,ASO,ES,Federal Contract Tower,0,4,24,2,30,0,22,163,2,187,0,26,187,4,217,192,0,192,409
07/23/2011,SGJ,FL,ASO,ES,Federal Contract Tower,0,5,23,3,31,0,25,188,2,215,0,30,211,5,246,238,16,254,500
07/24/2011,SGJ,FL,ASO,ES,Federal Contract Tower,0,0,19,0,19,0,12,110,2,124,0,12,129,2,143,130,0,130,273
07/25/2011,SGJ,FL,ASO,ES,Federal Contract Tower,0,4,19,8,31,0,2,116,5,123,0,6,135,13,154,104,6,110,264
07/26/2011,SGJ,FL,ASO,ES,Federal Contract Tower,0,4,20,6,30,0,6,85,11,102,0,10,105,17,132,126,64,190,322
07/27/2011,SGJ,FL,ASO,ES,Federal Contract Tower,0,5,19,3,27,0,10,123,1,134,0,15,142,4,161,134,0,134,295
07/28/2011,SGJ,FL,ASO,ES,Federal Contract Tower,0,3,30,5,38,0,0,100,0,100,0,3,130,5,138,214,14,228,366
07/29/2011,SGJ,FL,ASO,ES,Federal Contract Tower,0,4,42,5,51,0,14,130,0,144,0,18,172,5,195,176,0,176,371
07/30/2011,SGJ,FL,ASO,ES,Federal Contract Tower,0,2,32,0,34,0,24,188,0,212,0,26,220,0,246,172,0,172,418
07/31/2011,SGJ,FL,ASO,ES,Federal Contract Tower,0,6,15,0,21,0,10,128,0,138,0,16,143,0,159,192,0,192,351
08/01/2011,SGJ,FL,ASO,ES,Federal Contract Tower,0,7,21,5,33,0,8,109,21,138,0,15,130,26,171,180,0,180,351
08/02/2011,SGJ,FL,ASO,ES,Federal Contract Tower,0,5,36,1,42,0,12,115,10,137,0,17,151,11,179,230,10,240,419
08/03/2011,SGJ,FL,ASO,ES,Federal Contract Tower,0,2,19,7,28,0,8,164,6,178,0,10,183,13,206,378,30,408,614
08/04/2011,SGJ,FL,ASO,ES,Federal Contract Tower,0,7,28,4,39,0,12,71,3,86,0,19,99,7,125,126,2,128,253
08/05/2011,SGJ,FL,ASO,ES,Federal Contract Tower,0,2,29,0,31,0,6,121,0,127,0,8,150,0,158,166,0,166,324
08/06/2011,SGJ,FL,ASO,ES,Federal Contract Tower,0,5,32,0,37,0,26,180,0,206,0,31,212,0,243,174,0,174,417
08/07/2011,SGJ,FL,ASO,ES,Federal Contract Tower,0,5,28,0,33,0,14,122,0,136,0,19,150,0,169,176,0,176,345
08/08/2011,SGJ,FL,ASO,ES,Federal Contract Tower,0,4,20,0,24,0,12,87,2,101,0,16,107,2,125,106,0,106,231
08/09/2011,SGJ,FL,ASO,ES,Federal Contract Tower,0,7,25,2,34,0,9,98,0,107,0,16,123,2,141,112,0,112,253
08/10/2011,SGJ,FL,ASO,ES,Federal Contract Tower,0,3,18,2,23,0,16,137,9,162,0,19,155,11,185,262,0,262,447
08/11/2011,SGJ,FL,ASO,ES,Federal Contract Tower,0,3,16,2,21,0,23,117,5,145,0,26,133,7,166,268,18,286,452
08/12/2011,SGJ,FL,ASO,ES,Federal Contract Tower,0,2,16,3,21,0,20,124,1,145,0,22,140,4,166,118,0,118,284
08/13/2011,SGJ,FL,ASO,ES,Federal Contract Tower,0,4,23,1,28,0,18,136,14,168,0,22,159,15,196,146,0,146,342
08/14/2011,SGJ,FL,ASO,ES,Federal Contract Tower,0,7,28,2,37,0,24,130,5,159,0,31,158,7,196,224,0,224,420
08/15/2011,SGJ,FL,ASO,ES,Federal Contract Tower,0,5,23,3,31,0,18,115,18,151,0,23,138,21,182,106,2,108,290
08/16/2011,SGJ,FL,ASO,ES,Federal Contract Tower,0,6,35,2,43,0,12,148,5,165,0,18,183,7,208,204,20,224,432
08/17/2011,SGJ,FL,ASO,ES,Federal Contract Tower,0,1,25,1,27,0,2,166,4,172,0,3,191,5,199,216,4,220,419
08/18/2011,SGJ,FL,ASO,ES,Federal Contract Tower,0,7,20,7,34,0,4,104,1,109,0,11,124,8,143,192,4,196,339
08/19/2011,SGJ,FL,ASO,ES,Federal Contract Tower,0,5,27,3,35,0,14,152,0,166,0,19,179,3,201,238,10,248,449
08/20/2011,SGJ,FL,ASO,ES,Federal Contract Tower,0,3,36,1,40,0,22,209,7,238,0,25,245,8,278,272,4,276,554
08/21/2011,SGJ,FL,ASO,ES,Federal Contract Tower,0,6,33,0,39,0,20,179,1,200,0,26,212,1,239,236,2,238,477
08/22/2011,SGJ,FL,ASO,ES,Federal Contract Tower,0,3,41,0,44,0,6,145,3,154,0,9,186,3,198,204,0,204,402
08/23/2011,SGJ,FL,ASO,ES,Federal Contract Tower,0,4,15,0,19,0,2,128,0,130,0,6,143,0,149,128,0,128,277
08/24/2011,SGJ,FL,ASO,ES,Federal Contract Tower,0,7,23,2,32,0,8,199,4,211,0,15,222,6,243,372,12,384,627
08/25/2011,SGJ,FL,ASO,ES,Federal Contract Tower,0,1,23,0,24,0,0,82,2,84,0,1,105,2,108,88,16,104,212
08/26/2011,SGJ,FL,ASO,ES,Federal Contract Tower,0,8,7,1,16,0,0,16,0,16,0,8,23,1,32,36,0,36,68
08/27/2011,SGJ,FL,ASO,ES,Federal Contract Tower,0,1,25,0,26,0,20,132,2,154,0,21,157,2,180,100,0,100,280
08/28/2011,SGJ,FL,ASO,ES,Federal Contract Tower,0,4,20,0,24,0,8,177,0,185,0,12,197,0,209,192,0,192,401
08/29/2011,SGJ,FL,ASO,ES,Federal Contract Tower,0,2,17,0,19,0,3,148,0,151,0,5,165,0,170,144,0,144,314
08/30/2011,SGJ,FL,ASO,ES,Federal Contract Tower,0,7,28,2,37,0,4,178,4,186,0,11,206,6,223,282,12,294,517
08/31/2011,SGJ,FL,ASO,ES,Federal Contract Tower,0,1,33,4,38,0,4,170,0,174,0,5,203,4,212,338,10,348,560
09/01/2011,SGJ,FL,ASO,ES,Federal Contract Tower,0,1,34,0,35,0,0,168,2,170,0,1,202,2,205,384,10,394,599
09/02/2011,SGJ,FL,ASO,ES,Federal Contract Tower,0,8,18,1,27,0,5,155,2,162,0,13,173,3,189,308,0,308,497
09/03/2011,SGJ,FL,ASO,ES,Federal Contract Tower,0,1,21,0,22,0,33,133,0,166,0,34,154,0,188,288,0,288,476
09/04/2011,SGJ,FL,ASO,ES,Federal Contract Tower,0,6,22,0,28,0,38,163,0,201,0,44,185,0,229,170,0,170,399
09/05/2011,SGJ,FL,ASO,ES,Federal Contract Tower,0,5,36,6,47,0,9,152,4,165,0,14,188,10,212,80,2,82,294
09/06/2011,SGJ,FL,ASO,ES,Federal Contract Tower,0,5,18,0,23,0,2,51,1,54,0,7,69,1,77,28,0,28,105
09/07/2011,SGJ,FL,ASO,ES,Federal Contract Tower,0,5,26,2,33,0,4,151,8,163,0,9,177,10,196,236,4,240,436
09/08/2011,SGJ,FL,ASO,ES,Federal Contract Tower,0,10,25,2,37,0,2,166,2,170,0,12,191,4,207,334,28,362,569
09/09/2011,SGJ,FL,ASO,ES,Federal Contract Tower,0,6,33,5,44,0,10,169,1,180,0,16,202,6,224,308,0,308,532
09/10/2011,SGJ,FL,ASO,ES,Federal Contract Tower,0,2,16,1,19,0,24,183,2,209,0,26,199,3,228,234,0,234,462
09/11/2011,SGJ,FL,ASO,ES,Federal Contract Tower,0,7,24,1,32,0,21,166,4,191,0,28,190,5,223,202,0,202,425
09/12/2011,SGJ,FL,ASO,ES,Federal Contract Tower,0,7,30,0,37,0,4,179,2,185,0,11,209,2,222,226,0,226,448
09/13/2011,SGJ,FL,ASO,ES,Federal Contract Tower,0,2,47,4,53,0,2,84,0,86,0,4,131,4,139,72,0,72,211
09/14/2011,SGJ,FL,ASO,ES,Federal Contract Tower,0,0,30,0,30,0,2,176,0,178,0,2,206,0,208,220,2,222,430
09/15/2011,SGJ,FL,ASO,ES,Federal Contract Tower,0,5,27,2,34,0,6,163,3,172,0,11,190,5,206,210,12,222,428
09/16/2011,SGJ,FL,ASO,ES,Federal Contract Tower,0,3,44,0,47,0,4,137,10,151,0,7,181,10,198,234,8,242,440
09/17/2011,SGJ,FL,ASO,ES,Federal Contract Tower,0,1,27,1,29,0,10,25,0,35,0,11,52,1,64,0,0,0,64
09/18/2011,SGJ,FL,ASO,ES,Federal Contract Tower,0,2,29,2,33,0,8,6,1,15,0,10,35,3,48,0,0,0,48
09/19/2011,SGJ,FL,ASO,ES,Federal Contract Tower,0,3,14,2,19,0,6,75,7,88,0,9,89,9,107,112,8,120,227
09/20/2011,SGJ,FL,ASO,ES,Federal Contract Tower,0,2,32,1,35,0,4,108,3,115,0,6,140,4,150,168,0,168,318
09/21/2011,SGJ,FL,ASO,ES,Federal Contract Tower,0,8,22,2,32,0,8,141,3,152,0,16,163,5,184,260,8,268,452
09/22/2011,SGJ,FL,ASO,ES,Federal Contract Tower,0,2,30,0,32,0,2,81,0,83,0,4,111,0,115,78,0,78,193
09/23/2011,SGJ,FL,ASO,ES,Federal Contract Tower,0,5,34,5,44,0,3,75,2,80,0,8,109,7,124,136,0,136,260
09/24/2011,SGJ,FL,ASO,ES,Federal Contract Tower,0,2,28,0,30,0,0,152,0,152,0,2,180,0,182,288,0,288,470
09/25/2011,SGJ,FL,ASO,ES,Federal Contract Tower,0,8,27,0,35,0,0,128,8,136,0,8,155,8,171,158,0,158,329
09/26/2011,SGJ,FL,ASO,ES,Federal Contract Tower,0,8,37,0,45,0,0,102,8,110,0,8,139,8,155,154,4,158,313
09/27/2011,SGJ,FL,ASO,ES,Federal Contract Tower,0,5,30,3,38,0,0,129,15,144,0,5,159,18,182,180,16,196,378
09/28/2011,SGJ,FL,ASO,ES,Federal Contract Tower,0,0,16,0,16,0,12,178,0,190,0,12,194,0,206,178,0,178,384
09/29/2011,SGJ,FL,ASO,ES,Federal Contract Tower,0,2,30,2,34,0,10,140,0,150,0,12,170,2,184,244,0,244,428
09/30/2011,SGJ,FL,ASO,ES,Federal Contract Tower,0,2,26,4,32,0,7,213,1,221,0,9,239,5,253,252,2,254,507
10/01/2011,SGJ,FL,ASO,ES,Federal Contract Tower,0,1,37,2,40,0,22,170,0,192,0,23,207,2,232,224,0,224,456
10/02/2011,SGJ,FL,ASO,ES,Federal Contract Tower,0,4,30,0,34,0,18,193,0,211,0,22,223,0,245,172,0,172,417
10/03/2011,SGJ,FL,ASO,ES,Federal Contract Tower,0,4,27,4,35,0,0,180,7,187,0,4,207,11,222,222,6,228,450
10/04/2011,SGJ,FL,ASO,ES,Federal Contract Tower,0,8,14,0,22,0,5,126,6,137,0,13,140,6,159,196,4,200,359
10/05/2011,SGJ,FL,ASO,ES,Federal Contract Tower,0,2,22,1,25,0,3,203,3,209,0,5,225,4,234,174,0,174,408
10/06/2011,SGJ,FL,ASO,ES,Federal Contract Tower,0,6,25,1,32,0,0,86,5,91,0,6,111,6,123,112,4,116,239
10/07/2011,SGJ,FL,ASO,ES,Federal Contract Tower,0,9,18,1,28,0,2,78,2,82,0,11,96,3,110,96,0,96,206
10/08/2011,SGJ,FL,ASO,ES,Federal Contract Tower,0,1,15,0,16,0,2,10,0,12,0,3,25,0,28,6,0,6,34
10/09/2011,SGJ,FL,ASO,ES,Federal Contract Tower,0,4,12,0,16,0,2,7,0,9,0,6,19,0,25,0,0,0,25
10/10/2011,SGJ,FL,ASO,ES,Federal Contract Tower,0,3,32,0,35,0,0,82,0,82,0,3,114,0,117,128,0,128,245
10/11/2011,SGJ,FL,ASO,ES,Federal Contract Tower,0,2,22,0,24,0,7,123,16,146,0,9,145,16,170,248,8,256,426
10/12/2011,SGJ,FL,ASO,ES,Federal Contract Tower,0,9,26,9,44,0,4,125,3,132,0,13,151,12,176,158,12,170,346
10/13/2011,SGJ,FL,ASO,ES,Federal Contract Tower,0,8,28,0,36,0,4,149,5,158,0,12,177,5,194,232,0,232,426
10/14/2011,SGJ,FL,ASO,ES,Federal Contract Tower,0,1,18,2,21,0,19,182,3,204,0,20,200,5,225,186,10,196,421
10/15/2011,SGJ,FL,ASO,ES,Federal Contract Tower,0,1,25,0,26,0,14,153,3,170,0,15,178,3,196,90,4,94,290
10/16/2011,SGJ,FL,ASO,ES,Federal Contract Tower,0,7,37,1,45,0,8,178,3,189,0,15,215,4,234,272,0,272,506
10/17/2011,SGJ,FL,ASO,ES,Federal Contract Tower,0,10,36,2,48,0,11,148,4,163,0,21,184,6,211,186,0,186,397
10/18/2011,SGJ,FL,ASO,ES,Federal Contract Tower,0,5,34,2,41,0,3,90,3,96,0,8,124,5,137,178,2,180,317
10/19/2011,SGJ,FL,ASO,ES,Federal Contract Tower,0,5,24,0,29,0,11,60,4,75,0,16,84,4,104,60,8,68,172
10/20/2011,SGJ,FL,ASO,ES,Federal Contract Tower,0,9,32,1,42,0,4,154,5,163,0,13,186,6,205,252,54,306,511
10/21/2011,SGJ,FL,ASO,ES,Federal Contract Tower,0,13,35,0,48,0,12,159,6,177,0,25,194,6,225,224,0,224,449
10/22/2011,SGJ,FL,ASO,ES,Federal Contract Tower,0,5,28,0,33,0,14,152,0,166,0,19,180,0,199,244,4,248,447
10/23/2011,SGJ,FL,ASO,ES,Federal Contract Tower,0,7,44,2,53,0,8,191,0,199,0,15,235,2,252,162,0,162,414
10/24/2011,SGJ,FL,ASO,ES,Federal Contract Tower,0,4,25,1,30,0,11,173,11,195,0,15,198,12,225,146,4,150,375
10/25/2011,SGJ,FL,ASO,ES,Federal Contract Tower,0,5,24,2,31,0,8,121,2,131,0,13,145,4,162,206,4,210,372
10/26/2011,SGJ,FL,ASO,ES,Federal Contract Tower,0,6,31,0,37,0,7,184,2,193,0,13,215,2,230,224,2,226,456
10/27/2011,SGJ,FL,ASO,ES,Federal Contract Tower,0,10,22,4,36,0,4,145,0,149,0,14,167,4,185,104,64,168,353
10/28/2011,SGJ,FL,ASO,ES,Federal Contract Tower,0,18,33,3,54,0,2,131,1,134,0,20,164,4,188,164,0,164,352
10/29/2011,SGJ,FL,ASO,ES,Federal Contract Tower,0,2,48,0,50,0,10,29,0,39,0,12,77,0,89,38,0,38,127
10/30/2011,SGJ,FL,ASO,ES,Federal Contract Tower,0,4,41,0,45,0,10,144,0,154,0,14,185,0,199,138,10,148,347
10/31/2011,SGJ,FL,ASO,ES,Federal Contract Tower,0,5,30,2,37,0,0,70,2,72,0,5,100,4,109,164,22,186,295
11/01/2011,SGJ,FL,ASO,ES,Federal Contract Tower,0,0,35,6,41,0,8,112,5,125,0,8,147,11,166,140,0,140,306
11/02/2011,SGJ,FL,ASO,ES,Federal Contract Tower,0,3,36,2,41,0,0,174,4,178,0,3,210,6,219,120,0,120,339
11/03/2011,SGJ,FL,ASO,ES,Federal Contract Tower,0,12,37,0,49,0,2,168,5,175,0,14,205,5,224,304,8,312,536
11/04/2011,SGJ,FL,ASO,ES,Federal Contract Tower,0,13,41,3,57,0,6,131,5,142,0,19,172,8,199,150,0,150,349
11/05/2011,SGJ,FL,ASO,ES,Federal Contract Tower,0,2,34,0,36,0,4,61,2,67,0,6,95,2,103,84,6,90,193
11/06/2011,SGJ,FL,ASO,ES,Federal Contract Tower,0,6,39,4,49,0,0,2,0,2,0,6,41,4,51,0,0,0,51
11/07/2011,SGJ,FL,ASO,ES,Federal Contract Tower,0,5,38,5,48,0,0,68,2,70,0,5,106,7,118,50,0,50,168
11/08/2011,SGJ,FL,ASO,ES,Federal Contract Tower,0,0,27,1,28,0,5,196,8,209,0,5,223,9,237,174,4,178,415
11/09/2011,SGJ,FL,ASO,ES,Federal Contract Tower,0,0,34,2,36,0,10,200,0,210,0,10,234,2,246,326,24,350,596
11/10/2011,SGJ,FL,ASO,ES,Federal Contract Tower,0,7,36,3,46,0,13,144,5,162,0,20,180,8,208,242,0,242,450
11/11/2011,SGJ,FL,ASO,ES,Federal Contract Tower,0,9,26,0,35,0,18,191,0,209,0,27,217,0,244,244,0,244,488
11/12/2011,SGJ,FL,ASO,ES,Federal Contract Tower,0,6,26,0,32,0,10,204,0,214,0,16,230,0,246,282,0,282,528
11/13/2011,SGJ,FL,ASO,ES,Federal Contract Tower,0,10,26,0,36,0,8,251,0,259,0,18,277,0,295,248,0,248,543
11/14/2011,SGJ,FL,ASO,ES,Federal Contract Tower,0,5,26,4,35,0,11,244,1,256,0,16,270,5,291,214,12,226,517
11/15/2011,SGJ,FL,ASO,ES,Federal Contract Tower,0,2,37,2,41,0,4,106,2,112,0,6,143,4,153,258,6,264,417
11/16/2011,SGJ,FL,ASO,ES,Federal Contract Tower,0,2,29,2,33,0,0,138,2,140,0,2,167,4,173,146,6,152,325
11/17/2011,SGJ,FL,ASO,ES,Federal Contract Tower,0,15,31,5,51,0,6,123,7,136,0,21,154,12,187,188,0,188,375
11/18/2011,SGJ,FL,ASO,ES,Federal Contract Tower,0,7,45,0,52,0,2,103,1,106,0,9,148,1,158,178,0,178,336
11/19/2011,SGJ,FL,ASO,ES,Federal Contract Tower,0,2,43,0,45,0,16,150,0,166,0,18,193,0,211,206,0,206,417
11/20/2011,SGJ,FL,ASO,ES,Federal Contract Tower,0,6,43,3,52,0,8,214,2,224,0,14,257,5,276,156,0,156,432
11/21/2011,SGJ,FL,ASO,ES,Federal Contract Tower,0,7,23,5,35,0,6,183,6,195,0,13,206,11,230,228,4,232,462
11/22/2011,SGJ,FL,ASO,ES,Federal Contract Tower,0,4,30,0,34,0,6,136,4,146,0,10,166,4,180,142,4,146,326
11/23/2011,SGJ,FL,ASO,ES,Federal Contract Tower,0,7,30,0,37,0,5,149,4,158,0,12,179,4,195,218,0,218,413
11/24/2011,SGJ,FL,ASO,ES,Federal Contract Tower,0,4,10,0,14,0,0,27,0,27,0,4,37,0,41,2,0,2,43
11/25/2011,SGJ,FL,ASO,ES,Federal Contract Tower,0,5,19,0,24,0,11,187,0,198,0,16,206,0,222,182,0,182,404
11/26/2011,SGJ,FL,ASO,ES,Federal Contract Tower,0,4,25,0,29,0,32,221,0,253,0,36,246,0,282,238,0,238,520
11/27/2011,SGJ,FL,ASO,ES,Federal Contract Tower,0,15,28,0,43,0,4,169,0,173,0,19,197,0,216,280,0,280,496
11/28/2011,SGJ,FL,ASO,ES,Federal Contract Tower,0,5,26,2,33,0,4,69,2,75,0,9,95,4,108,38,6,44,152
11/29/2011,SGJ,FL,ASO,ES,Federal Contract Tower,0,2,23,0,25,0,8,176,33,217,0,10,199,33,242,224,2,226,468
11/30/2011,SGJ,FL,ASO,ES,Federal Contract Tower,0,2,23,2,27,0,10,233,0,243,0,12,256,2,270,364,0,364,634
12/01/2011,SGJ,FL,ASO,ES,Federal Contract Tower,0,4,30,0,34,0,2,174,6,182,0,6,204,6,216,198,2,200,416
12/02/2011,SGJ,FL,ASO,ES,Federal Contract Tower,0,3,29,7,39,0,4,208,6,218,0,7,237,13,257,302,10,312,569
12/03/2011,SGJ,FL,ASO,ES,Federal Contract Tower,0,4,28,0,32,0,23,217,0,240,0,27,245,0,272,264,0,264,536
12/04/2011,SGJ,FL,ASO,ES,Federal Contract Tower,0,3,28,5,36,0,26,201,1,228,0,29,229,6,264,272,0,272,536
12/05/2011,SGJ,FL,ASO,ES,Federal Contract Tower,0,2,27,2,31,0,6,186,2,194,0,8,213,4,225,204,0,204,429
12/06/2011,SGJ,FL,ASO,ES,Federal Contract Tower,0,4,34,8,46,0,11,186,2,199,0,15,220,10,245,202,6,208,453
12/07/2011,SGJ,FL,ASO,ES,Federal Contract Tower,0,4,27,1,32,0,12,101,2,115,0,16,128,3,147,88,2,90,237
12/08/2011,SGJ,FL,ASO,ES,Federal Contract Tower,0,21,31,1,53,0,6,117,0,123,0,27,148,1,176,162,0,162,338
12/09/2011,SGJ,FL,ASO,ES,Federal Contract Tower,0,5,50,1,56,0,4,130,4,138,0,9,180,5,194,160,4,164,358
12/10/2011,SGJ,FL,ASO,ES,Federal Contract Tower,0,1,31,1,33,0,0,32,0,32,0,1,63,1,65,38,0,38,103
12/11/2011,SGJ,FL,ASO,ES,Federal Contract Tower,0,5,19,3,27,0,0,0,0,0,0,5,19,3,27,0,0,0,27
12/12/2011,SGJ,FL,ASO,ES,Federal Contract Tower,0,2,25,0,27,0,0,0,0,0,0,2,25,0,27,0,0,0,27
12/13/2011,SGJ,FL,ASO,ES,Federal Contract Tower,0,2,47,2,51,0,0,42,10,52,0,2,89,12,103,38,20,58,161
12/14/2011,SGJ,FL,ASO,ES,Federal Contract Tower,0,4,33,5,42,0,0,218,7,225,0,4,251,12,267,342,6,348,615
12/15/2011,SGJ,FL,ASO,ES,Federal Contract Tower,0,5,35,2,42,0,0,193,1,194,0,5,228,3,236,320,12,332,568
12/16/2011,SGJ,FL,ASO,ES,Federal Contract Tower,0,8,51,11,70,0,5,183,4,192,0,13,234,15,262,366,2,368,630
12/17/2011,SGJ,FL,ASO,ES,Federal Contract Tower,0,2,30,0,32,0,18,196,0,214,0,20,226,0,246,308,0,308,554
12/18/2011,SGJ,FL,ASO,ES,Federal Contract Tower,0,8,17,7,32,0,8,151,2,161,0,16,168,9,193,224,0,224,417
12/19/2011,SGJ,FL,ASO,ES,Federal Contract Tower,0,4,29,2,35,0,2,155,11,168,0,6,184,13,203,178,2,180,383
12/20/2011,SGJ,FL,ASO,ES,Federal Contract Tower,0,1,26,11,38,0,10,152,0,162,0,11,178,11,200,170,4,174,374
12/21/2011,SGJ,FL,ASO,ES,Federal Contract Tower,0,4,15,6,25,0,6,142,5,153,0,10,157,11,178,178,30,208,386
12/22/2011,SGJ,FL,ASO,ES,Federal Contract Tower,0,3,22,2,27,0,16,109,0,125,0,19,131,2,152,118,20,138,290
12/23/2011,SGJ,FL,ASO,ES,Federal Contract Tower,0,2,28,0,30,0,10,134,0,144,0,12,162,0,174,184,0,184,358
12/24/2011,SGJ,FL,ASO,ES,Federal Contract Tower,0,2,21,0,23,0,18,89,0,107,0,20,110,0,130,100,0,100,230
12/25/2011,SGJ,FL,ASO,ES,Federal Contract Tower,0,4,9,0,13,0,0,15,0,15,0,4,24,0,28,24,0,24,52
12/26/2011,SGJ,FL,ASO,ES,Federal Contract Tower,0,6,44,0,50,0,29,114,2,145,0,35,158,2,195,140,0,140,335
12/27/2011,SGJ,FL,ASO,ES,Federal Contract Tower,0,1,26,0,27,0,2,29,0,31,0,3,55,0,58,28,0,28,86
12/28/2011,SGJ,FL,ASO,ES,Federal Contract Tower,0,7,28,0,35,0,26,221,0,247,0,33,249,0,282,248,4,252,534
12/29/2011,SGJ,FL,ASO,ES,Federal Contract Tower,0,9,46,0,55,0,8,200,0,208,0,17,246,0,263,262,0,262,525
12/30/2011,SGJ,FL,ASO,ES,Federal Contract Tower,0,15,25,0,40,0,26,220,0,246,0,41,245,0,286,338,0,338,624
12/31/2011,SGJ,FL,ASO,ES,Federal Contract Tower,0,1,30,2,33,0,32,209,0,241,0,33,239,2,274,126,0,126,400
01/01/2012,SGJ,FL,ASO,ES,Federal Contract Tower,0,0,17,4,21,0,14,67,0,81,0,14,84,4,102,72,0,72,174
01/02/2012,SGJ,FL,ASO,ES,Federal Contract Tower,0,8,46,0,54,0,16,153,0,169,0,24,199,0,223,200,0,200,423
01/03/2012,SGJ,FL,ASO,ES,Federal Contract Tower,0,2,16,3,21,0,12,111,0,123,0,14,127,3,144,188,0,188,332
01/04/2012,SGJ,FL,ASO,ES,Federal Contract Tower,0,3,23,2,28,0,6,173,0,179,0,9,196,2,207,234,10,244,451
01/05/2012,SGJ,FL,ASO,ES,Federal Contract Tower,0,9,36,2,47,0,13,155,4,172,0,22,191,6,219,228,22,250,469
01/06/2012,SGJ,FL,ASO,ES,Federal Contract Tower,0,7,27,4,38,0,6,177,2,185,0,13,204,6,223,234,4,238,461
01/07/2012,SGJ,FL,ASO,ES,Federal Contract Tower,0,5,33,0,38,0,18,119,0,137,0,23,152,0,175,200,0,200,375
01/08/2012,SGJ,FL,ASO,ES,Federal Contract Tower,0,10,35,2,47,0,17,132,0,149,0,27,167,2,196,142,0,142,338
01/09/2012,SGJ,FL,ASO,ES,Federal Contract Tower,0,5,22,5,32,0,15,153,10,178,0,20,175,15,210,226,18,244,454
01/10/2012,SGJ,FL,ASO,ES,Federal Contract Tower,0,2,20,6,28,0,4,128,4,136,0,6,148,10,164,194,40,234,398
01/11/2012,SGJ,FL,ASO,ES,Federal Contract Tower,0,6,19,0,25,0,2,77,2,81,0,8,96,2,106,120,0,120,226
01/12/2012,SGJ,FL,ASO,ES,Federal Contract Tower,0,2,35,7,44,0,0,177,4,181,0,2,212,11,225,184,8,192,417
01/13/2012,SGJ,FL,ASO,ES,Federal Contract Tower,0,4,25,0,29,0,4,149,0,153,0,8,174,0,182,220,0,220,402
01/14/2012,SGJ,FL,ASO,ES,Federal Contract Tower,0,3,21,4,28,0,15,202,2,219,0,18,223,6,247,174,2,176,423
01/15/2012,SGJ,FL,ASO,ES,Federal Contract Tower,0,11,30,14,55,0,37,212,1,250,0,48,242,15,305,298,0,298,603
01/16/2012,SGJ,FL,ASO,ES,Federal Contract Tower,0,10,41,4,55,0,4,184,0,188,0,14,225,4,243,250,0,250,493
01/17/2012,SGJ,FL,ASO,ES,Federal Contract Tower,0,8,15,3,26,0,12,162,2,176,0,20,177,5,202,188,8,196,398
01/18/2012,SGJ,FL,ASO,ES,Federal Contract Tower,0,6,35,5,46,0,0,52,1,53,0,6,87,6,99,56,0,56,155
01/19/2012,SGJ,FL,ASO,ES,Federal Contract Tower,0,10,20,7,37,0,6,206,3,215,0,16,226,10,252,358,2,360,612
01/20/2012,SGJ,FL,ASO,ES,Federal Contract Tower,0,6,34,8,48,0,4,163,9,176,0,10,197,17,224,224,2,226,450
01/21/2012,SGJ,FL,ASO,ES,Federal Contract Tower,0,2,17,1,20,0,9,232,0,241,0,11,249,1,261,314,0,314,575
01/22/2012,SGJ,FL,ASO,ES,Federal Contract Tower,0,4,25,2,31,0,8,144,2,154,0,12,169,4,185,331,0,331,516
01/23/2012,SGJ,FL,ASO,ES,Federal Contract Tower,0,12,16,1,29,0,2,112,2,116,0,14,128,3,145,210,4,214,359
01/24/2012,SGJ,FL,ASO,ES,Federal Contract Tower,0,6,25,3,34,0,6,122,12,140,0,12,147,15,174,150,30,180,354
01/25/2012,SGJ,FL,ASO,ES,Federal Contract Tower,0,1,34,3,38,0,4,144,6,154,0,5,178,9,192,190,28,218,410
01/26/2012,SGJ,FL,ASO,ES,Federal Contract Tower,0,4,18,2,24,0,16,152,6,174,0,20,170,8,198,200,36,236,434
01/27/2012,SGJ,FL,ASO,ES,Federal Contract Tower,0,13,36,4,53,0,8,86,3,97,0,21,122,7,150,26,0,26,176
01/28/2012,SGJ,FL,ASO,ES,Federal Contract Tower,0,5,27,4,36,0,27,202,0,229,0,32,229,4,265,210,0,210,475
01/29/2012,SGJ,FL,ASO,ES,Federal Contract Tower,0,1,40,0,41,0,14,209,0,223,0,15,249,0,264,142,0,142,406
01/30/2012,SGJ,FL,ASO,ES,Federal Contract Tower,0,8,23,4,35,0,4,190,0,194,0,12,213,4,229,160,0,160,389
01/31/2012,SGJ,FL,ASO,ES,Federal Contract Tower,0,1,12,3,16,0,0,143,7,150,0,1,155,10,166,182,2,184,350
02/01/2012,SGJ,FL,ASO,ES,Federal Contract Tower,0,6,20,0,26,0,4,187,0,191,0,10,207,0,217,282,24,306,523
02/02/2012,SGJ,FL,ASO,ES,Federal Contract Tower,0,12,24,2,38,0,2,146,21,169,0,14,170,23,207,148,42,190,397
02/03/2012,SGJ,FL,ASO,ES,Federal Contract Tower,0,12,24,11,47,0,2,123,0,125,0,14,147,11,172,208,0,208,380
02/04/2012,SGJ,FL,ASO,ES,Federal Contract Tower,0,2,23,2,27,0,10,158,1,169,0,12,181,3,196,224,0,224,420
02/05/2012,SGJ,FL,ASO,ES,Federal Contract Tower,0,1,28,3,32,0,8,144,1,153,0,9,172,4,185,202,0,202,387
02/06/2012,SGJ,FL,ASO,ES,Federal Contract Tower,0,9,37,4,50,0,0,2,0,2,0,9,39,4,52,6,0,6,58
02/07/2012,SGJ,FL,ASO,ES,Federal Contract Tower,0,3,35,0,38,0,0,11,0,11,0,3,46,0,49,16,12,28,77
02/08/2012,SGJ,FL,ASO,ES,Federal Contract Tower,0,6,32,11,49,0,8,171,3,182,0,14,203,14,231,260,14,274,505
02/09/2012,SGJ,FL,ASO,ES,Federal Contract Tower,0,7,34,5,46,0,4,185,2,191,0,11,219,7,237,352,32,384,621
02/10/2012,SGJ,FL,ASO,ES,Federal Contract Tower,0,4,28,0,32,0,2,106,0,108,0,6,134,0,140,212,0,212,352
02/11/2012,SGJ,FL,ASO,ES,Federal Contract Tower,0,0,30,0,30,0,30,110,0,140,0,30,140,0,170,194,0,194,364
02/12/2012,SGJ,FL,ASO,ES,Federal Contract Tower,0,12,33,0,45,0,20,149,0,169,0,32,182,0,214,168,8,176,390
02/13/2012,SGJ,FL,ASO,ES,Federal Contract Tower,0,4,15,4,23,0,14,175,0,189,0,18,190,4,212,256,0,256,468
02/14/2012,SGJ,FL,ASO,ES,Federal Contract Tower,0,13,20,6,39,0,18,142,1,161,0,31,162,7,200,204,4,208,408
02/15/2012,SGJ,FL,ASO,ES,Federal Contract Tower,0,4,31,8,43,0,16,136,1,153,0,20,167,9,196,248,4,252,448
02/16/2012,SGJ,FL,ASO,ES,Federal Contract Tower,0,3,21,0,24,0,0,124,5,129,0,3,145,5,153,122,8,130,283
02/17/2012,SGJ,FL,ASO,ES,Federal Contract Tower,0,5,25,0,30,0,0,0,0,0,0,5,25,0,30,0,0,0,30
02/18/2012,SGJ,FL,ASO,ES,Federal Contract Tower,0,6,32,2,40,0,14,114,2,130,0,20,146,4,170,316,0,316,486
02/19/2012,SGJ,FL,ASO,ES,Federal Contract Tower,0,6,28,2,36,0,2,24,0,26,0,8,52,2,62,26,0,26,88
02/20/2012,SGJ,FL,ASO,ES,Federal Contract Tower,0,2,49,0,51,2,6,160,0,168,2,8,209,0,219,214,0,214,433
02/21/2012,SGJ,FL,ASO,ES,Federal Contract Tower,0,7,27,6,40,0,6,181,4,191,0,13,208,10,231,290,4,294,525
02/22/2012,SGJ,FL,ASO,ES,Federal Contract Tower,0,0,24,3,27,0,2,188,0,190,0,2,212,3,217,202,2,204,421
02/23/2012,SGJ,FL,ASO,ES,Federal Contract Tower,0,4,34,0,38,0,0,74,0,74,0,4,108,0,112,44,22,66,178
02/24/2012,SGJ,FL,ASO,ES,Federal Contract Tower,0,3,27,1,31,0,2,52,2,56,0,5,79,3,87,60,0,60,147
02/25/2012,SGJ,FL,ASO,ES,Federal Contract Tower,0,6,40,1,47,0,23,150,1,174,0,29,190,2,221,186,0,186,407
02/26/2012,SGJ,FL,ASO,ES,Federal Contract Tower,0,4,36,0,40,0,0,78,0,78,0,4,114,0,118,112,0,112,230
02/27/2012,SGJ,FL,ASO,ES,Federal Contract Tower,0,3,30,0,33,0,0,9,0,9,0,3,39,0,42,28,0,28,70
02/28/2012,SGJ,FL,ASO,ES,Federal Contract Tower,0,12,57,0,69,0,1,13,0,14,0,13,70,0,83,2,0,2,85
02/29/2012,SGJ,FL,ASO,ES,Federal Contract Tower,0,4,22,3,29,0,3,123,0,126,0,7,145,3,155,196,8,204,359
03/01/2012,SGJ,FL,ASO,ES,Federal Contract Tower,0,2,30,0,32,0,6,99,7,112,0,8,129,7,144,126,34,160,304
03/02/2012,SGJ,FL,ASO,ES,Federal Contract Tower,0,7,29,0,36,0,16,120,0,136,0,23,149,0,172,148,0,148,320
03/03/2012,SGJ,FL,ASO,ES,Federal Contract Tower,0,2,10,0,12,0,10,35,0,45,0,12,45,0,57,20,0,20,77
03/04/2012,SGJ,FL,ASO,ES,Federal Contract Tower,0,11,34,0,45,0,6,53,0,59,0,17,87,0,104,8,0,8,112
03/05/2012,SGJ,FL,ASO,ES,Federal Contract Tower,0,4,19,1,24,0,2,150,0,152,0,6,169,1,176,210,0,210,386
03/06/2012,SGJ,FL,ASO,ES,Federal Contract Tower,0,5,22,0,27,0,12,106,9,127,0,17,128,9,154,176,16,192,346
03/07/2012,SGJ,FL,ASO,ES,Federal Contract Tower,0,2,22,0,24,0,18,125,1,144,0,20,147,1,168,220,0,220,388
03/08/2012,SGJ,FL,ASO,ES,Federal Contract Tower,0,3,25,4,32,0,6,152,3,161,0,9,177,7,193,270,6,276,469
03/09/2012,SGJ,FL,ASO,ES,Federal Contract Tower,0,17,35,0,52,0,2,104,0,106,0,19,139,0,158,192,0,192,350
03/10/2012,SGJ,FL,ASO,ES,Federal Contract Tower,0,4,28,0,32,0,10,57,0,67,0,14,85,0,99,122,0,122,221
03/11/2012,SGJ,FL,ASO,ES,Federal Contract Tower,0,4,46,1,51,0,8,87,0,95,0,12,133,1,146,170,0,170,316
03/12/2012,SGJ,FL,ASO,ES,Federal Contract Tower,0,10,22,3,35,0,6,190,6,202,0,16,212,9,237,198,12,210,447
03/13/2012,SGJ,FL,ASO,ES,Federal Contract Tower,0,10,18,3,31,0,12,157,0,169,0,22,175,3,200,206,0,206,406
03/14/2012,SGJ,FL,ASO,ES,Federal Contract Tower,0,9,26,0,35,0,10,206,4,220,0,19,232,4,255,180,6,186,441
03/15/2012,SGJ,FL,ASO,ES,Federal Contract Tower,0,2,20,2,24,0,14,174,2,190,0,16,194,4,214,274,8,282,496
03/16/2012,SGJ,FL,ASO,ES,Federal Contract Tower,0,7,31,6,44,0,18,162,0,180,0,25,193,6,224,210,0,210,434
03/17/2012,SGJ,FL,ASO,ES,Federal Contract Tower,0,4,32,0,36,0,33,207,2,242,0,37,239,2,278,212,0,212,490
03/18/2012,SGJ,FL,ASO,ES,Federal Contract Tower,0,7,19,0,26,0,9,150,0,159,0,16,169,0,185,160,0,160,345
03/19/2012,SGJ,FL,ASO,ES,Federal Contract Tower,0,13,22,2,37,0,22,189,4,215,0,35,211,6,252,242,14,256,508
03/20/2012,SGJ,FL,ASO,ES,Federal Contract Tower,0,0,21,3,24,0,20,162,1,183,0,20,183,4,207,222,0,222,429
03/21/2012,SGJ,FL,ASO,ES,Federal Contract Tower,0,7,31,3,41,0,8,129,2,139,0,15,160,5,180,158,18,176,356
03/22/2012,SGJ,FL,ASO,ES,Federal Contract Tower,0,10,21,3,34,0,16,168,0,184,0,26,189,3,218,162,0,162,380
03/23/2012,SGJ,FL,ASO,ES,Federal Contract Tower,0,6,28,0,34,0,8,186,1,195,0,14,214,1,229,214,0,214,443
03/24/2012,SGJ,FL,ASO,ES,Federal Contract Tower,0,4,15,0,19,0,2,121,2,125,0,6,136,2,144,110,0,110,254
03/25/2012,SGJ,FL,ASO,ES,Federal Contract Tower,0,11,36,7,54,0,24,131,4,159,0,35,167,11,213,52,0,52,265
03/26/2012,SGJ,FL,ASO,ES,Federal Contract Tower,0,7,28,1,36,0,6,164,9,179,0,13,192,10,215,100,4,104,319
03/27/2012,SGJ,FL,ASO,ES,Federal Contract Tower,0,2,20,0,22,0,6,112,1,119,0,8,132,1,141,148,0,148,289
03/28/2012,SGJ,FL,ASO,ES,Federal Contract Tower,0,11,37,0,48,0,2,151,3,156,0,13,188,3,204,96,18,114,318
03/29/2012,SGJ,FL,ASO,ES,Federal Contract Tower,0,9,40,4,53,0,16,173,0,189,0,25,213,4,242,66,6,72,314
03/30/2012,SGJ,FL,ASO,ES,Federal Contract Tower,0,9,44,0,53,0,16,193,2,211,0,25,237,2,264,158,0,158,422
03/31/2012,SGJ,FL,ASO,ES,Federal Contract Tower,0,6,20,0,26,0,12,141,0,153,0,18,161,0,179,82,0,82,261
04/01/2012,SGJ,FL,ASO,ES,Federal Contract Tower,0,4,29,0,33,0,12,126,0,138,0,16,155,0,171,60,0,60,231
04/02/2012,SGJ,FL,ASO,ES,Federal Contract Tower,0,1,25,0,26,0,16,147,2,165,0,17,172,2,191,152,8,160,351
04/03/2012,SGJ,FL,ASO,ES,Federal Contract Tower,0,5,24,3,32,0,16,165,11,192,0,21,189,14,224,170,0,170,394
04/04/2012,SGJ,FL,ASO,ES,Federal Contract Tower,0,11,34,2,47,0,28,170,9,207,0,39,204,11,254,208,24,232,486
04/05/2012,SGJ,FL,ASO,ES,Federal Contract Tower,0,5,33,1,39,0,22,133,4,159,0,27,166,5,198,218,42,260,458
04/06/2012,SGJ,FL,ASO,ES,Federal Contract Tower,0,7,33,2,42,0,8,63,0,71,0,15,96,2,113,112,0,112,225
04/07/2012,SGJ,FL,ASO,ES,Federal Contract Tower,0,4,25,0,29,0,22,101,3,126,0,26,126,3,155,34,0,34,189
04/08/2012,SGJ,FL,ASO,ES,Federal Contract Tower,0,5,23,1,29,0,18,168,0,186,0,23,191,1,215,104,0,104,319
04/09/2012,SGJ,FL,ASO,ES,Federal Contract Tower,0,19,43,2,64,0,8,84,4,96,0,27,127,6,160,70,14,84,244
04/10/2012,SGJ,FL,ASO,ES,Federal Contract Tower,1,2,44,1,48,0,8,151,8,167,1,10,195,9,215,186,8,194,409
04/11/2012,SGJ,FL,ASO,ES,Federal Contract Tower,0,5,62,4,71,0,12,103,3,118,0,17,165,7,189,108,4,112,301
04/12/2012,SGJ,FL,ASO,ES,Federal Contract Tower,0,6,34,1,41,0,19,135,1,155,0,25,169,2,196,162,18,180,376
04/13/2012,SGJ,FL,ASO,ES,Federal Contract Tower,0,15,27,0,42,0,8,164,3,175,0,23,191,3,217,226,4,230,447
04/14/2012,SGJ,FL,ASO,ES,Federal Contract Tower,0,4,27,1,32,0,14,106,0,120,0,18,133,1,152,156,0,156,308
04/15/2012,SGJ,FL,ASO,ES,Federal Contract Tower,0,8,23,8,39,0,14,158,2,174,0,22,181,10,213,132,0,132,345
04/16/2012,SGJ,FL,ASO,ES,Federal Contract Tower,0,3,17,0,20,0,6,156,2,164,0,9,173,2,184,226,20,246,430
04/17/2012,SGJ,FL,ASO,ES,Federal Contract Tower,0,3,21,4,28,0,2,141,3,146,0,5,162,7,174,198,0,198,372
04/18/2012,SGJ,FL,ASO,ES,Federal Contract Tower,0,4,31,8,43,0,4,129,0,133,0,8,160,8,176,154,16,170,346
04/19/2012,SGJ,FL,ASO,ES,Federal Contract Tower,0,3,21,0,24,0,5,99,0,104,0,8,120,0,128,298,4,302,430
04/20/2012,SGJ,FL,ASO,ES,Federal Contract Tower,0,5,34,1,40,0,16,4,0,20,0,21,38,1,60,210,0,210,270
04/21/2012,SGJ,FL,ASO,ES,Federal Contract Tower,0,9,28,0,37,0,17,172,0,189,0,26,200,0,226,128,0,128,354
04/22/2012,SGJ,FL,ASO,ES,Federal Contract Tower,0,2,23,0,25,0,8,58,0,66,0,10,81,0,91,176,0,176,267
04/23/2012,SGJ,FL,ASO,ES,Federal Contract Tower,0,9,12,1,22,0,2,146,9,157,0,11,158,10,179,94,0,94,273
04/24/2012,SGJ,FL,ASO,ES,Federal Contract Tower,0,4,18,4,26,0,10,148,7,165,0,14,166,11,191,210,30,240,431
04/25/2012,SGJ,FL,ASO,ES,Federal Contract Tower,0,9,23,0,32,0,7,189,3,199,0,16,212,3,231,300,8,308,539
04/26/2012,SGJ,FL,ASO,ES,Federal Contract Tower,0,6,25,0,31,0,20,160,2,182,0,26,185,2,213,158,12,170,383
04/27/2012,SGJ,FL,ASO,ES,Federal Contract Tower,0,8,27,4,39,0,10,180,0,190,0,18,207,4,229,272,0,272,501
04/28/2012,SGJ,FL,ASO,ES,Federal Contract Tower,0,6,21,1,28,0,22,174,0,196,0,28,195,1,224,216,0,216,440
04/29/2012,SGJ,FL,ASO,ES,Federal Contract Tower,0,3,28,0,31,0,10,139,0,149,0,13,167,0,180,110,0,110,290
04/30/2012,SGJ,FL,ASO,ES,Federal Contract Tower,0,8,22,3,33,0,4,132,13,149,0,12,154,16,182,172,12,184,366
05/01/2012,SGJ,FL,ASO,ES,Federal Contract Tower,0,3,16,2,21,0,2,135,4,141,0,5,151,6,162,274,0,274,436
05/02/2012,SGJ,FL,ASO,ES,Federal Contract Tower,0,3,24,0,27,0,9,181,3,193,0,12,205,3,220,184,6,190,410
05/03/2012,SGJ,FL,ASO,ES,Federal Contract Tower,0,1,28,3,32,0,6,125,4,135,0,7,153,7,167,196,32,228,395
05/04/2012,SGJ,FL,ASO,ES,Federal Contract Tower,0,4,33,0,37,0,16,177,6,199,0,20,210,6,236,186,0,186,422
05/05/2012,SGJ,FL,ASO,ES,Federal Contract Tower,0,6,38,0,44,0,26,174,4,204,0,32,212,4,248,124,22,146,394
05/06/2012,SGJ,FL,ASO,ES,Federal Contract Tower,0,17,46,0,63,0,17,118,0,135,0,34,164,0,198,82,0,82,280
05/07/2012,SGJ,FL,ASO,ES,Federal Contract Tower,0,18,23,0,41,0,4,29,0,33,0,22,52,0,74,60,0,60,134
05/08/2012,SGJ,FL,ASO,ES,Federal Contract Tower,0,13,24,0,37,0,4,96,0,100,0,17,120,0,137,160,4,164,301
05/09/2012,SGJ,FL,ASO,ES,Federal Contract Tower,0,14,21,2,37,0,15,148,1,164,0,29,169,3,201,210,0,210,411
05/10/2012,SGJ,FL,ASO,ES,Federal Contract Tower,0,11,41,1,53,0,10,127,1,138,0,21,168,2,191,238,0,238,429
05/11/2012,SGJ,FL,ASO,ES,Federal Contract Tower,0,20,29,1,50,0,13,166,5,184,0,33,195,6,234,182,0,182,416
05/12/2012,SGJ,FL,ASO,ES,Federal Contract Tower,0,17,28,1,46,0,25,119,4,148,0,42,147,5,194,156,0,156,350
05/13/2012,SGJ,FL,ASO,ES,Federal Contract Tower,0,22,41,2,65,0,22,129,0,151,0,44,170,2,216,114,0,114,330
05/14/2012,SGJ,FL,ASO,ES,Federal Contract Tower,0,12,27,4,43,0,4,98,0,102,0,16,125,4,145,68,0,68,213
05/15/2012,SGJ,FL,ASO,ES,Federal Contract Tower,0,8,27,2,37,0,0,111,6,117,0,8,138,8,154,116,0,116,270
05/16/2012,SGJ,FL,ASO,ES,Federal Contract Tower,0,0,39,3,42,0,0,118,0,118,0,0,157,3,160,200,0,200,360
05/17/2012,SGJ,FL,ASO,ES,Federal Contract Tower,0,5,36,0,41,0,2,132,3,137,0,7,168,3,178,178,12,190,368
05/18/2012,SGJ,FL,ASO,ES,Federal Contract Tower,0,9,43,4,56,0,14,76,5,95,0,23,119,9,151,36,0,36,187
05/19/2012,SGJ,FL,ASO,ES,Federal Contract Tower,0,4,26,0,30,0,20,130,2,152,0,24,156,2,182,126,0,126,308
05/20/2012,SGJ,FL,ASO,ES,Federal Contract Tower,0,7,30,0,37,0,28,181,0,209,0,35,211,0,246,98,0,98,344
05/21/2012,SGJ,FL,ASO,ES,Federal Contract Tower,0,13,34,0,47,0,12,114,0,126,0,25,148,0,173,104,0,104,277
05/22/2012,SGJ,FL,ASO,ES,Federal Contract Tower,0,5,22,1,28,0,8,136,0,144,0,13,158,1,172,234,0,234,406
05/23/2012,SGJ,FL,ASO,ES,Federal Contract Tower,0,4,34,4,42,0,8,139,0,147,0,12,173,4,189,208,28,236,425
05/24/2012,SGJ,FL,ASO,ES,Federal Contract Tower,0,6,30,0,36,0,22,152,0,174,0,28,182,0,210,224,0,224,434
05/25/2012,SGJ,FL,ASO,ES,Federal Contract Tower,0,7,21,0,28,0,12,141,1,154,0,19,162,1,182,200,0,200,382
05/26/2012,SGJ,FL,ASO,ES,Federal Contract Tower,0,0,20,0,20,0,30,159,0,189,0,30,179,0,209,174,0,174,383
05/27/2012,SGJ,FL,ASO,ES,Federal Contract Tower,0,0,5,0,5,0,0,8,0,8,0,0,13,0,13,0,0,0,13
05/28/2012,SGJ,FL,ASO,ES,Federal Contract Tower,0,2,17,0,19,0,0,13,0,13,0,2,30,0,32,0,0,0,32
05/29/2012,SGJ,FL,ASO,ES,Federal Contract Tower,0,4,6,0,10,0,0,8,0,8,0,4,14,0,18,42,0,42,60
05/30/2012,SGJ,FL,ASO,ES,Federal Contract Tower,0,1,22,5,28,0,7,94,4,105,0,8,116,9,133,146,0,146,279
05/31/2012,SGJ,FL,ASO,ES,Federal Contract Tower,0,5,33,1,39,0,2,76,0,78,0,7,109,1,117,172,0,172,289
06/01/2012,SGJ,FL,ASO,ES,Federal Contract Tower,0,9,37,0,46,0,6,76,0,82,0,15,113,0,128,218,0,218,346
06/02/2012,SGJ,FL,ASO,ES,Federal Contract Tower,0,9,36,0,45,0,18,190,2,210,0,27,226,2,255,182,0,182,437
06/03/2012,SGJ,FL,ASO,ES,Federal Contract Tower,0,12,33,0,45,0,20,185,0,205,0,32,218,0,250,72,0,72,322
06/04/2012,SGJ,FL,ASO,ES,Federal Contract Tower,0,0,27,0,27,0,16,122,4,142,0,16,149,4,169,62,2,64,233
06/05/2012,SGJ,FL,ASO,ES,Federal Contract Tower,0,8,24,3,35,0,6,86,5,97,0,14,110,8,132,64,6,70,202
06/06/2012,SGJ,FL,ASO,ES,Federal Contract Tower,0,2,22,2,26,0,4,73,7,84,0,6,95,9,110,74,32,106,216
06/07/2012,SGJ,FL,ASO,ES,Federal Contract Tower,0,2,29,0,31,0,6,52,4,62,0,8,81,4,93,94,0,94,187
06/08/2012,SGJ,FL,ASO,ES,Federal Contract Tower,0,5,40,2,47,0,4,46,5,55,0,9,86,7,102,12,0,12,114
06/09/2012,SGJ,FL,ASO,ES,Federal Contract Tower,0,4,32,1,37,0,12,57,0,69,0,16,89,1,106,64,0,64,170
06/10/2012,SGJ,FL,ASO,ES,Federal Contract Tower,0,8,34,2,44,0,8,75,9,92,0,16,109,11,136,72,0,72,208
06/11/2012,SGJ,FL,ASO,ES,Federal Contract Tower,0,0,17,4,21,0,10,118,1,129,0,10,135,5,150,112,8,120,270
06/12/2012,SGJ,FL,ASO,ES,Federal Contract Tower,0,1,17,0,18,0,6,115,0,121,0,7,132,0,139,100,8,108,247
06/13/2012,SGJ,FL,ASO,ES,Federal Contract Tower,0,4,21,0,25,0,0,162,1,163,0,4,183,1,188,172,12,184,372
06/14/2012,SGJ,FL,ASO,ES,Federal Contract Tower,0,5,30,0,35,0,6,103,2,111,0,11,133,2,146,102,4,106,252
06/15/2012,SGJ,FL,ASO,ES,Federal Contract Tower,0,12,30,2,44,0,22,110,0,132,0,34,140,2,176,92,0,92,268
06/16/2012,SGJ,FL,ASO,ES,Federal Contract Tower,0,5,30,1,36,0,16,102,0,118,0,21,132,1,154,60,0,60,214
06/17/2012,SGJ,FL,ASO,ES,Federal Contract Tower,0,3,20,0,23,0,10,149,0,159,0,13,169,0,182,102,0,102,284
06/18/2012,SGJ,FL,ASO,ES,Federal Contract Tower,0,5,21,2,28,0,16,120,4,140,0,21,141,6,168,114,2,116,284
06/19/2012,SGJ,FL,ASO,ES,Federal Contract Tower,0,3,5,4,12,0,6,137,0,143,0,9,142,4,155,168,0,168,323
06/20/2012,SGJ,FL,ASO,ES,Federal Contract Tower,0,2,16,0,18,0,10,83,2,95,0,12,99,2,113,122,0,122,235
06/21/2012,SGJ,FL,ASO,ES,Federal Contract Tower,0,3,20,0,23,0,14,83,0,97,0,17,103,0,120,154,6,160,280
06/22/2012,SGJ,FL,ASO,ES,Federal Contract Tower,0,6,24,0,30,0,12,60,0,72,0,18,84,0,102,58,0,58,160
06/23/2012,SGJ,FL,ASO,ES,Federal Contract Tower,0,2,15,0,17,0,18,113,0,131,0,20,128,0,148,100,0,100,248
06/24/2012,SGJ,FL,ASO,ES,Federal Contract Tower,0,3,29,0,32,0,6,35,0,41,0,9,64,0,73,60,0,60,133
06/25/2012,SGJ,FL,ASO,ES,Federal Contract Tower,0,14,4,0,18,0,0,6,0,6,0,14,10,0,24,8,0,8,32
06/26/2012,SGJ,FL,ASO,ES,Federal Contract Tower,0,2,24,0,26,0,0,41,0,41,0,2,65,0,67,92,0,92,159
06/27/2012,SGJ,FL,ASO,ES,Federal Contract Tower,0,3,31,0,34,0,0,39,2,41,0,3,70,2,75,42,6,48,123
06/28/2012,SGJ,FL,ASO,ES,Federal Contract Tower,0,1,25,0,26,0,18,133,2,153,0,19,158,2,179,170,0,170,349
06/29/2012,SGJ,FL,ASO,ES,Federal Contract Tower,0,14,16,0,30,0,11,146,5,162,0,25,162,5,192,164,0,164,356
06/30/2012,SGJ,FL,ASO,ES,Federal Contract Tower,0,1,25,0,26,0,46,177,2,225,0,47,202,2,251,160,0,160,411
07/01/2012,SGJ,FL,ASO,ES,Federal Contract Tower,0,3,26,6,35,0,26,134,0,160,0,29,160,6,195,88,0,88,283
07/02/2012,SGJ,FL,ASO,ES,Federal Contract Tower,0,4,16,0,20,0,16,95,8,119,0,20,111,8,139,76,0,76,215
07/03/2012,SGJ,FL,ASO,ES,Federal Contract Tower,0,4,15,8,27,0,24,123,7,154,0,28,138,15,181,138,4,142,323
07/04/2012,SGJ,FL,ASO,ES,Federal Contract Tower,0,1,14,0,15,0,26,122,0,148,0,27,136,0,163,40,0,40,203
07/05/2012,SGJ,FL,ASO,ES,Federal Contract Tower,0,4,23,0,27,0,29,93,0,122,0,33,116,0,149,116,0,116,265
07/06/2012,SGJ,FL,ASO,ES,Federal Contract Tower,0,9,27,0,36,0,44,163,3,210,0,53,190,3,246,166,0,166,412
07/07/2012,SGJ,FL,ASO,ES,Federal Contract Tower,0,7,15,0,22,0,30,150,0,180,0,37,165,0,202,76,0,76,278
07/08/2012,SGJ,FL,ASO,ES,Federal Contract Tower,0,12,40,0,52,0,21,166,0,187,0,33,206,0,239,160,0,160,399
07/09/2012,SGJ,FL,ASO,ES,Federal Contract Tower,0,10,25,7,42,0,6,135,5,146,0,16,160,12,188,166,8,174,362
07/10/2012,SGJ,FL,ASO,ES,Federal Contract Tower,0,5,10,3,18,0,12,95,5,112,0,17,105,8,130,94,30,124,254
07/11/2012,SGJ,FL,ASO,ES,Federal Contract Tower,0,3,15,3,21,0,14,105,1,120,0,17,120,4,141,86,0,86,227
07/12/2012,SGJ,FL,ASO,ES,Federal Contract Tower,0,5,19,0,24,0,14,124,5,143,0,19,143,5,167,98,18,116,283
07/13/2012,SGJ,FL,ASO,ES,Federal Contract Tower,0,7,15,0,22,0,4,133,0,137,0,11,148,0,159,190,0,190,349
07/14/2012,SGJ,FL,ASO,ES,Federal Contract Tower,0,8,15,0,23,0,26,136,0,162,0,34,151,0,185,150,0,150,335
07/15/2012,SGJ,FL,ASO,ES,Federal Contract Tower,0,4,24,2,30,0,20,154,4,178,0,24,178,6,208,272,8,280,488
07/16/2012,SGJ,FL,ASO,ES,Federal Contract Tower,0,2,18,4,24,0,4,210,0,214,0,6,228,4,238,258,0,258,496
07/17/2012,SGJ,FL,ASO,ES,Federal Contract Tower,0,1,13,4,18,0,24,142,0,166,0,25,155,4,184,222,18,240,424
07/18/2012,SGJ,FL,ASO,ES,Federal Contract Tower,0,2,17,1,20,0,10,157,6,173,0,12,174,7,193,182,0,182,375
07/19/2012,SGJ,FL,ASO,ES,Federal Contract Tower,0,6,29,0,35,0,6,111,0,117,0,12,140,0,152,164,0,164,316
07/20/2012,SGJ,FL,ASO,ES,Federal Contract Tower,0,9,24,3,36,0,18,135,6,159,0,27,159,9,195,144,8,152,347
07/21/2012,SGJ,FL,ASO,ES,Federal Contract Tower,0,2,25,0,27,0,30,159,0,189,0,32,184,0,216,202,0,202,418
07/22/2012,SGJ,FL,ASO,ES,Federal Contract Tower,0,2,26,1,29,0,28,162,0,190,0,30,188,1,219,200,0,200,419
07/23/2012,SGJ,FL,ASO,ES,Federal Contract Tower,0,0,24,4,28,0,16,118,5,139,0,16,142,9,167,132,8,140,307
07/24/2012,SGJ,FL,ASO,ES,Federal Contract Tower,0,1,19,0,20,0,14,109,14,137,0,15,128,14,157,112,0,112,269
07/25/2012,SGJ,FL,ASO,ES,Federal Contract Tower,0,0,24,0,24,0,12,123,4,139,0,12,147,4,163,178,14,192,355
07/26/2012,SGJ,FL,ASO,ES,Federal Contract Tower,0,0,19,0,19,0,18,107,1,126,0,18,126,1,145,162,12,174,319
07/27/2012,SGJ,FL,ASO,ES,Federal Contract Tower,0,10,29,3,42,0,17,188,0,205,0,27,217,3,247,120,0,120,367
07/28/2012,SGJ,FL,ASO,ES,Federal Contract Tower,0,9,20,0,29,0,11,133,0,144,0,20,153,0,173,72,0,72,245
07/29/2012,SGJ,FL,ASO,ES,Federal Contract Tower,0,7,35,0,42,0,12,116,0,128,0,19,151,0,170,70,0,70,240
07/30/2012,SGJ,FL,ASO,ES,Federal Contract Tower,0,6,15,4,25,0,1,105,5,111,0,7,120,9,136,168,18,186,322
07/31/2012,SGJ,FL,ASO,ES,Federal Contract Tower,0,4,26,0,30,0,16,120,2,138,0,20,146,2,168,166,20,186,354
08/01/2012,SGJ,FL,ASO,ES,Federal Contract Tower,0,4,29,3,36,0,2,96,4,102,0,6,125,7,138,78,0,78,216
08/02/2012,SGJ,FL,ASO,ES,Federal Contract Tower,0,2,40,1,43,0,15,132,2,149,0,17,172,3,192,148,22,170,362
08/03/2012,SGJ,FL,ASO,ES,Federal Contract Tower,0,3,35,0,38,0,24,133,0,157,0,27,168,0,195,96,0,96,291
08/04/2012,SGJ,FL,ASO,ES,Federal Contract Tower,0,4,24,0,28,0,6,81,0,87,0,10,105,0,115,110,0,110,225
08/05/2012,SGJ,FL,ASO,ES,Federal Contract Tower,0,1,22,0,23,0,0,28,0,28,0,1,50,0,51,46,0,46,97
08/06/2012,SGJ,FL,ASO,ES,Federal Contract Tower,0,1,26,2,29,0,10,70,2,82,0,11,96,4,111,120,0,120,231
08/07/2012,SGJ,FL,ASO,ES,Federal Contract Tower,0,6,19,4,29,0,2,130,4,136,0,8,149,8,165,174,10,184,349
08/08/2012,SGJ,FL,ASO,ES,Federal Contract Tower,0,12,15,1,28,0,10,102,2,114,0,22,117,3,142,74,0,74,216
08/09/2012,SGJ,FL,ASO,ES,Federal Contract Tower,0,5,23,0,28,0,10,83,5,98,0,15,106,5,126,66,0,66,192
08/10/2012,SGJ,FL,ASO,ES,Federal Contract Tower,0,7,26,7,40,0,8,140,3,151,0,15,166,10,191,84,0,84,275
08/11/2012,SGJ,FL,ASO,ES,Federal Contract Tower,0,1,20,4,25,0,6,151,4,161,0,7,171,8,186,174,0,174,360
08/12/2012,SGJ,FL,ASO,ES,Federal Contract Tower,0,7,26,0,33,0,0,146,8,154,0,7,172,8,187,92,0,92,279
08/13/2012,SGJ,FL,ASO,ES,Federal Contract Tower,0,9,20,0,29,0,0,115,6,121,0,9,135,6,150,155,0,155,305
08/14/2012,SGJ,FL,ASO,ES,Federal Contract Tower,0,2,12,1,15,0,14,146,6,166,0,16,158,7,181,194,0,194,375
08/15/2012,SGJ,FL,ASO,ES,Federal Contract Tower,0,8,18,2,28,0,14,150,4,168,0,22,168,6,196,151,0,151,347
08/16/2012,SGJ,FL,ASO,ES,Federal Contract Tower,0,5,20,0,25,0,8,119,8,135,0,13,139,8,160,154,10,164,324
08/17/2012,SGJ,FL,ASO,ES,Federal Contract Tower,0,5,15,1,21,0,2,85,0,87,0,7,100,1,108,106,0,106,214
08/18/2012,SGJ,FL,ASO,ES,Federal Contract Tower,0,1,24,3,28,0,14,130,1,145,0,15,154,4,173,118,0,118,291
08/19/2012,SGJ,FL,ASO,ES,Federal Contract Tower,0,3,27,1,31,0,4,86,0,90,0,7,113,1,121,82,0,82,203
08/20/2012,SGJ,FL,ASO,ES,Federal Contract Tower,0,4,30,2,36,0,0,101,0,101,0,4,131,2,137,108,0,108,245
08/21/2012,SGJ,FL,ASO,ES,Federal Contract Tower,0,8,13,4,25,0,0,24,0,24,0,8,37,4,49,30,0,30,79
08/22/2012,SGJ,FL,ASO,ES,Federal Contract Tower,0,1,11,1,13,0,6,108,3,117,0,7,119,4,130,142,12,154,284
08/23/2012,SGJ,FL,ASO,ES,Federal Contract Tower,0,1,19,10,30,0,0,111,6,117,0,1,130,16,147,188,18,206,353
08/24/2012,SGJ,FL,ASO,ES,Federal Contract Tower,0,1,14,2,17,0,8,209,0,217,0,9,223,2,234,202,0,202,436
08/25/2012,SGJ,FL,ASO,ES,Federal Contract Tower,0,0,23,0,23,0,12,174,0,186,0,12,197,0,209,160,0,160,369
08/26/2012,SGJ,FL,ASO,ES,Federal Contract Tower,0,1,15,1,17,0,0,66,0,66,0,1,81,1,83,56,0,56,139
08/27/2012,SGJ,FL,ASO,ES,Federal Contract Tower,0,3,13,0,16,0,0,8,0,8,0,3,21,0,24,48,0,48,72
08/28/2012,SGJ,FL,ASO,ES,Federal Contract Tower,0,4,9,2,15,0,2,36,7,45,0,6,45,9,60,84,32,116,176
08/29/2012,SGJ,FL,ASO,ES,Federal Contract Tower,0,1,16,7,24,0,2,111,9,122,0,3,127,16,146,182,10,192,338
08/30/2012,SGJ,FL,ASO,ES,Federal Contract Tower,0,1,28,1,30,0,8,82,1,91,0,9,110,2,121,136,6,142,263
08/31/2012,SGJ,FL,ASO,ES,Federal Contract Tower,0,10,33,0,43,0,8,180,4,192,0,18,213,4,235,234,0,234,469
09/01/2012,SGJ,FL,ASO,ES,Federal Contract Tower,0,6,20,0,26,0,18,166,1,185,0,24,186,1,211,154,0,154,365
09/02/2012,SGJ,FL,ASO,ES,Federal Contract Tower,0,4,8,0,12,0,16,143,0,159,0,20,151,0,171,216,0,216,387
09/03/2012,SGJ,FL,ASO,ES,Federal Contract Tower,0,4,27,0,31,0,22,234,0,256,0,26,261,0,287,214,0,214,501
09/04/2012,SGJ,FL,ASO,ES,Federal Contract Tower,0,3,11,1,15,0,16,105,0,121,0,19,116,1,136,236,8,244,380
09/05/2012,SGJ,FL,ASO,ES,Federal Contract Tower,0,2,22,2,26,0,6,147,2,155,0,8,169,4,181,96,2,98,279
09/06/2012,SGJ,FL,ASO,ES,Federal Contract Tower,0,2,29,2,33,0,18,111,0,129,0,20,140,2,162,152,6,158,320
09/07/2012,SGJ,FL,ASO,ES,Federal Contract Tower,0,3,23,0,26,0,2,106,6,114,0,5,129,6,140,214,0,214,354
09/08/2012,SGJ,FL,ASO,ES,Federal Contract Tower,0,4,26,0,30,0,16,114,1,131,0,20,140,1,161,124,0,124,285
09/09/2012,SGJ,FL,ASO,ES,Federal Contract Tower,0,1,19,8,28,0,0,47,0,47,0,1,66,8,75,66,0,66,141
09/10/2012,SGJ,FL,ASO,ES,Federal Contract Tower,0,3,24,2,29,0,14,94,9,117,0,17,118,11,146,164,6,170,316
09/11/2012,SGJ,FL,ASO,ES,Federal Contract Tower,0,1,16,1,18,0,2,113,1,116,0,3,129,2,134,152,2,154,288
09/12/2012,SGJ,FL,ASO,ES,Federal Contract Tower,0,5,21,1,27,0,9,123,1,133,0,14,144,2,160,138,10,148,308
09/13/2012,SGJ,FL,ASO,ES,Federal Contract Tower,0,6,23,0,29,0,6,88,2,96,0,12,111,2,125,172,2,174,299
09/14/2012,SGJ,FL,ASO,ES,Federal Contract Tower,0,8,21,2,31,0,6,92,3,101,0,14,113,5,132,164,0,164,296
09/15/2012,SGJ,FL,ASO,ES,Federal Contract Tower,0,2,13,0,15,0,6,110,0,116,0,8,123,0,131,174,0,174,305
09/16/2012,SGJ,FL,ASO,ES,Federal Contract Tower,0,3,11,0,14,0,4,159,0,163,0,7,170,0,177,132,0,132,309
09/17/2012,SGJ,FL,ASO,ES,Federal Contract Tower,0,6,10,1,17,0,8,133,0,141,0,14,143,1,158,216,18,234,392
09/18/2012,SGJ,FL,ASO,ES,Federal Contract Tower,0,1,6,2,9,0,0,40,0,40,0,1,46,2,49,44,0,44,93
09/19/2012,SGJ,FL,ASO,ES,Federal Contract Tower,0,1,33,5,39,0,10,95,5,110,0,11,128,10,149,114,0,114,263
09/20/2012,SGJ,FL,ASO,ES,Federal Contract Tower,0,3,26,3,32,0,6,86,13,105,0,9,112,16,137,194,12,206,343
09/21/2012,SGJ,FL,ASO,ES,Federal Contract Tower,0,2,24,5,31,0,14,131,4,149,0,16,155,9,180,170,0,170,350
09/22/2012,SGJ,FL,ASO,ES,Federal Contract Tower,0,3,18,0,21,0,9,154,2,165,0,12,172,2,186,160,0,160,346
09/23/2012,SGJ,FL,ASO,ES,Federal Contract Tower,0,2,34,0,36,0,4,120,0,124,0,6,154,0,160,90,0,90,250
09/24/2012,SGJ,FL,ASO,ES,Federal Contract Tower,0,9,21,5,35,0,3,159,5,167,0,12,180,10,202,144,0,144,346
09/25/2012,SGJ,FL,ASO,ES,Federal Contract Tower,0,0,15,7,22,0,6,95,7,108,0,6,110,14,130,98,2,100,230
09/26/2012,SGJ,FL,ASO,ES,Federal Contract Tower,0,6,34,1,41,0,3,80,3,86,0,9,114,4,127,110,16,126,253
09/27/2012,SGJ,FL,ASO,ES,Federal Contract Tower,0,7,28,3,38,0,5,125,7,137,0,12,153,10,175,156,6,162,337
09/28/2012,SGJ,FL,ASO,ES,Federal Contract Tower,0,13,30,3,46,0,4,98,5,107,0,17,128,8,153,28,0,28,181
09/29/2012,SGJ,FL,ASO,ES,Federal Contract Tower,0,2,17,0,19,0,2,170,0,172,0,4,187,0,191,150,0,150,341
09/30/2012,SGJ,FL,ASO,ES,Federal Contract Tower,0,9,21,2,32,0,6,126,0,132,0,15,147,2,164,76,0,76,240
10/01/2012,SGJ,FL,ASO,ES,Federal Contract Tower,0,3,21,4,28,0,0,90,2,92,0,3,111,6,120,92,4,96,216
10/02/2012,SGJ,FL,ASO,ES,Federal Contract Tower,0,2,20,2,24,0,2,45,2,49,0,4,65,4,73,88,4,92,165
10/03/2012,SGJ,FL,ASO,ES,Federal Contract Tower,0,3,24,10,37,0,2,69,3,74,0,5,93,13,111,94,0,94,205
10/04/2012,SGJ,FL,ASO,ES,Federal Contract Tower,0,3,21,6,30,0,2,99,0,101,0,5,120,6,131,100,0,100,231
10/05/2012,SGJ,FL,ASO,ES,Federal Contract Tower,0,6,22,1,29,0,0,72,2,74,0,6,94,3,103,146,0,146,249
10/06/2012,SGJ,FL,ASO,ES,Federal Contract Tower,0,4,8,1,13,0,2,77,0,79,0,6,85,1,92,100,0,100,192
10/07/2012,SGJ,FL,ASO,ES,Federal Contract Tower,0,3,13,0,16,0,20,159,0,179,0,23,172,0,195,210,0,210,405
10/08/2012,SGJ,FL,ASO,ES,Federal Contract Tower,0,1,13,0,14,0,12,127,0,139,0,13,140,0,153,184,0,184,337
10/09/2012,SGJ,FL,ASO,ES,Federal Contract Tower,0,2,29,3,34,0,0,10,0,10,0,2,39,3,44,0,0,0,44
10/10/2012,SGJ,FL,ASO,ES,Federal Contract Tower,0,10,41,3,54,0,12,189,1,202,0,22,230,4,256,200,0,200,456
10/11/2012,SGJ,FL,ASO,ES,Federal Contract Tower,0,1,25,6,32,0,2,109,5,116,0,3,134,11,148,92,6,98,246
10/12/2012,SGJ,FL,ASO,ES,Federal Contract Tower,0,2,18,2,22,0,6,120,2,128,0,8,138,4,150,264,4,268,418
10/13/2012,SGJ,FL,ASO,ES,Federal Contract Tower,0,1,17,0,18,0,10,115,2,127,0,11,132,2,145,150,0,150,295
10/14/2012,SGJ,FL,ASO,ES,Federal Contract Tower,0,4,16,3,23,0,8,118,2,128,0,12,134,5,151,90,4,94,245
10/15/2012,SGJ,FL,ASO,ES,Federal Contract Tower,0,10,26,1,37,0,4,138,1,143,0,14,164,2,180,132,0,132,312
10/16/2012,SGJ,FL,ASO,ES,Federal Contract Tower,0,9,32,3,44,0,6,130,0,136,0,15,162,3,180,168,2,170,350
10/17/2012,SGJ,FL,ASO,ES,Federal Contract Tower,0,1,33,1,35,0,7,113,2,122,0,8,146,3,157,124,0,124,281
10/18/2012,SGJ,FL,ASO,ES,Federal Contract Tower,0,5,38,5,48,0,4,93,0,97,0,9,131,5,145,120,10,130,275
10/19/2012,SGJ,FL,ASO,ES,Federal Contract Tower,0,5,17,6,28,0,2,122,3,127,0,7,139,9,155,90,0,90,245
10/20/2012,SGJ,FL,ASO,ES,Federal Contract Tower,0,4,12,4,20,0,4,65,0,69,0,8,77,4,89,50,0,50,139
10/21/2012,SGJ,FL,ASO,ES,Federal Contract Tower,0,4,31,7,42,0,20,164,0,184,0,24,195,7,226,182,0,182,408
10/22/2012,SGJ,FL,ASO,ES,Federal Contract Tower,0,7,17,1,25,0,10,143,1,154,0,17,160,2,179,126,6,132,311
10/23/2012,SGJ,FL,ASO,ES,Federal Contract Tower,0,3,24,2,29,0,18,104,0,122,0,21,128,2,151,166,8,174,325
10/24/2012,SGJ,FL,ASO,ES,Federal Contract Tower,0,8,31,5,44,0,6,150,3,159,0,14,181,8,203,142,4,146,349
10/25/2012,SGJ,FL,ASO,ES,Federal Contract Tower,0,7,30,4,41,0,6,69,0,75,0,13,99,4,116,58,0,58,174
10/26/2012,SGJ,FL,ASO,ES,Federal Contract Tower,0,3,10,1,14,0,0,27,0,27,0,3,37,1,41,22,0,22,63
10/27/2012,SGJ,FL,ASO,ES,Federal Contract Tower,0,2,11,0,13,0,0,11,0,11,0,2,22,0,24,16,0,16,40
10/28/2012,SGJ,FL,ASO,ES,Federal Contract Tower,0,7,24,0,31,0,8,131,0,139,0,15,155,0,170,170,0,170,340
10/29/2012,SGJ,FL,ASO,ES,Federal Contract Tower,0,5,19,0,24,0,0,110,0,110,0,5,129,0,134,132,0,132,266
10/30/2012,SGJ,FL,ASO,ES,Federal Contract Tower,0,3,25,0,28,0,2,111,7,120,0,5,136,7,148,96,6,102,250
10/31/2012,SGJ,FL,ASO,ES,Federal Contract Tower,0,3,30,1,34,0,3,155,0,158,0,6,185,1,192,176,0,176,368
11/01/2012,SGJ,FL,ASO,ES,Federal Contract Tower,0,1,26,2,29,0,3,148,6,157,0,4,174,8,186,260,4,264,450
11/02/2012,SGJ,FL,ASO,ES,Federal Contract Tower,0,4,38,2,44,0,5,187,0,192,0,9,225,2,236,266,0,266,502
11/03/2012,SGJ,FL,ASO,ES,Federal Contract Tower,0,2,21,0,23,0,20,165,0,185,0,22,186,0,208,226,0,226,434
11/04/2012,SGJ,FL,ASO,ES,Federal Contract Tower,0,7,20,0,27,0,12,135,4,151,0,19,155,4,178,90,6,96,274
11/05/2012,SGJ,FL,ASO,ES,Federal Contract Tower,0,6,30,1,37,0,8,154,12,174,0,14,184,13,211,232,12,244,455
11/06/2012,SGJ,FL,ASO,ES,Federal Contract Tower,0,8,14,0,22,0,6,80,0,86,0,14,94,0,108,124,0,124,232
11/07/2012,SGJ,FL,ASO,ES,Federal Contract Tower,0,3,28,3,34,0,9,152,1,162,0,12,180,4,196,154,0,154,350
11/08/2012,SGJ,FL,ASO,ES,Federal Contract Tower,0,0,24,5,29,0,6,155,4,165,0,6,179,9,194,150,2,152,346
11/09/2012,SGJ,FL,ASO,ES,Federal Contract Tower,0,13,38,4,55,0,22,185,2,209,0,35,223,6,264,264,2,266,530
11/10/2012,SGJ,FL,ASO,ES,Federal Contract Tower,0,2,21,0,23,0,18,193,2,213,0,20,214,2,236,170,0,170,406
11/11/2012,SGJ,FL,ASO,ES,Federal Contract Tower,0,1,20,3,24,0,22,114,0,136,0,23,134,3,160,98,0,98,258
11/12/2012,SGJ,FL,ASO,ES,Federal Contract Tower,0,2,23,0,25,0,2,155,0,157,0,4,178,0,182,172,0,172,354
11/13/2012,SGJ,FL,ASO,ES,Federal Contract Tower,0,3,23,0,26,0,2,127,6,135,0,5,150,6,161,146,20,166,327
11/14/2012,SGJ,FL,ASO,ES,Federal Contract Tower,0,6,35,0,41,0,0,0,2,2,0,6,35,2,43,0,16,16,59
11/15/2012,SGJ,FL,ASO,ES,Federal Contract Tower,0,4,31,0,35,0,0,0,0,0,0,4,31,0,35,0,0,0,35
11/16/2012,SGJ,FL,ASO,ES,Federal Contract Tower,0,13,45,2,60,0,8,28,2,38,0,21,73,4,98,0,8,8,106
11/17/2012,SGJ,FL,ASO,ES,Federal Contract Tower,0,3,18,0,21,0,0,1,0,1,0,3,19,0,22,0,0,0,22
11/18/2012,SGJ,FL,ASO,ES,Federal Contract Tower,0,5,25,1,31,0,14,76,0,90,0,19,101,1,121,150,0,150,271
11/19/2012,SGJ,FL,ASO,ES,Federal Contract Tower,0,5,30,0,35,0,0,3,2,5,0,5,33,2,40,0,2,2,42
11/20/2012,SGJ,FL,ASO,ES,Federal Contract Tower,0,8,43,4,55,0,0,74,5,79,0,8,117,9,134,108,0,108,242
11/21/2012,SGJ,FL,ASO,ES,Federal Contract Tower,0,1,27,0,28,0,20,179,1,200,0,21,206,1,228,178,8,186,414
11/22/2012,SGJ,FL,ASO,ES,Federal Contract Tower,0,5,8,0,13,0,2,41,0,43,0,7,49,0,56,44,0,44,100
11/23/2012,SGJ,FL,ASO,ES,Federal Contract Tower,0,3,10,1,14,0,26,155,0,181,0,29,165,1,195,206,0,206,401
11/24/2012,SGJ,FL,ASO,ES,Federal Contract Tower,0,10,23,1,34,0,24,196,1,221,0,34,219,2,255,170,0,170,425
11/25/2012,SGJ,FL,ASO,ES,Federal Contract Tower,0,13,17,0,30,0,12,149,0,161,0,25,166,0,191,252,0,252,443
11/26/2012,SGJ,FL,ASO,ES,Federal Contract Tower,0,4,20,4,28,0,2,184,2,188,0,6,204,6,216,246,14,260,476
11/27/2012,SGJ,FL,ASO,ES,Federal Contract Tower,0,3,28,3,34,0,0,135,12,147,0,3,163,15,181,294,22,316,497
11/28/2012,SGJ,FL,ASO,ES,Federal Contract Tower,0,2,41,4,47,0,0,0,0,0,0,2,41,4,47,0,0,0,47
11/29/2012,SGJ,FL,ASO,ES,Federal Contract Tower,0,5,37,2,44,0,2,164,0,166,0,7,201,2,210,176,2,178,388
11/30/2012,SGJ,FL,ASO,ES,Federal Contract Tower,0,6,25,6,37,0,9,167,1,177,0,15,192,7,214,338,0,338,552
12/01/2012,SGJ,FL,ASO,ES,Federal Contract Tower,0,6,43,5,54,0,16,87,0,103,0,22,130,5,157,112,0,112,269
12/02/2012,SGJ,FL,ASO,ES,Federal Contract Tower,0,18,31,0,49,0,14,178,2,194,0,32,209,2,243,166,0,166,409
12/03/2012,SGJ,FL,ASO,ES,Federal Contract Tower,0,5,45,6,56,0,4,58,6,68,0,9,103,12,124,88,0,88,212
12/04/2012,SGJ,FL,ASO,ES,Federal Contract Tower,0,13,21,5,39,0,2,112,13,127,0,15,133,18,166,114,22,136,302
12/05/2012,SGJ,FL,ASO,ES,Federal Contract Tower,0,3,27,4,34,0,2,79,2,83,0,5,106,6,117,186,22,208,325
12/06/2012,SGJ,FL,ASO,ES,Federal Contract Tower,0,3,35,5,43,0,5,89,3,97,0,8,124,8,140,108,16,124,264
12/07/2012,SGJ,FL,ASO,ES,Federal Contract Tower,0,0,24,2,26,0,0,0,0,0,0,0,24,2,26,0,0,0,26
12/08/2012,SGJ,FL,ASO,ES,Federal Contract Tower,0,0,21,0,21,0,0,0,0,0,0,0,21,0,21,0,0,0,21
12/09/2012,SGJ,FL,ASO,ES,Federal Contract Tower,0,4,45,4,53,0,8,75,4,87,0,12,120,8,140,126,0,126,266
12/10/2012,SGJ,FL,ASO,ES,Federal Contract Tower,0,6,25,1,32,0,2,128,2,132,0,8,153,3,164,92,8,100,264
12/11/2012,SGJ,FL,ASO,ES,Federal Contract Tower,0,8,16,7,31,0,4,25,9,38,0,12,41,16,69,70,20,90,159
12/12/2012,SGJ,FL,ASO,ES,Federal Contract Tower,0,3,21,2,26,0,0,0,0,0,0,3,21,2,26,0,0,0,26
12/13/2012,SGJ,FL,ASO,ES,Federal Contract Tower,0,2,19,6,27,0,0,0,0,0,0,2,19,6,27,0,0,0,27
12/14/2012,SGJ,FL,ASO,ES,Federal Contract Tower,0,5,67,10,82,0,0,11,0,11,0,5,78,10,93,0,0,0,93
12/15/2012,SGJ,FL,ASO,ES,Federal Contract Tower,0,2,33,0,35,0,0,24,0,24,0,2,57,0,59,20,0,20,79
12/16/2012,SGJ,FL,ASO,ES,Federal Contract Tower,0,2,35,1,38,0,16,131,0,147,0,18,166,1,185,176,0,176,361
12/17/2012,SGJ,FL,ASO,ES,Federal Contract Tower,0,7,19,0,26,0,16,210,2,228,0,23,229,2,254,308,2,310,564
12/18/2012,SGJ,FL,ASO,ES,Federal Contract Tower,0,9,29,0,38,0,4,123,2,129,0,13,152,2,167,220,0,220,387
12/19/2012,SGJ,FL,ASO,ES,Federal Contract Tower,0,3,26,4,33,0,4,157,3,164,0,7,183,7,197,272,0,272,469
12/20/2012,SGJ,FL,ASO,ES,Federal Contract Tower,0,6,28,0,34,0,5,96,7,108,0,11,124,7,142,130,4,134,276
12/21/2012,SGJ,FL,ASO,ES,Federal Contract Tower,0,7,19,1,27,0,14,96,5,115,0,21,115,6,142,102,20,122,264
12/22/2012,SGJ,FL,ASO,ES,Federal Contract Tower,0,0,35,0,35,0,8,184,0,192,0,8,219,0,227,212,0,212,439
12/23/2012,SGJ,FL,ASO,ES,Federal Contract Tower,0,7,18,0,25,0,19,130,0,149,0,26,148,0,174,192,0,192,366
12/24/2012,SGJ,FL,ASO,ES,Federal Contract Tower,0,1,6,0,7,0,13,106,0,119,0,14,112,0,126,126,0,126,252
12/25/2012,SGJ,FL,ASO,ES,Federal Contract Tower,0,0,4,0,4,0,0,38,0,38,0,0,42,0,42,6,0,6,48
12/26/2012,SGJ,FL,ASO,ES,Federal Contract Tower,0,5,11,0,16,0,0,45,0,45,0,5,56,0,61,16,0,16,77
12/27/2012,SGJ,FL,ASO,ES,Federal Contract Tower,0,1,32,0,33,0,16,162,0,178,0,17,194,0,211,254,0,254,465
12/28/2012,SGJ,FL,ASO,ES,Federal Contract Tower,0,7,30,0,37,0,16,183,0,199,0,23,213,0,236,314,0,314,550
12/29/2012,SGJ,FL,ASO,ES,Federal Contract Tower,0,6,26,0,32,0,10,29,0,39,0,16,55,0,71,36,0,36,107
12/30/2012,SGJ,FL,ASO,ES,Federal Contract Tower,0,1,40,0,41,0,24,166,0,190,0,25,206,0,231,242,0,242,473
12/31/2012,SGJ,FL,ASO,ES,Federal Contract Tower,0,0,12,2,14,0,10,156,0,166,0,10,168,2,180,270,0,270,450
01/01/2013,SGJ,FL,ASO,ES,Federal Contract Tower,0,4,22,0,26,0,20,70,0,90,0,24,92,0,116,44,0,44,160
01/02/2013,SGJ,FL,ASO,ES,Federal Contract Tower,0,1,33,0,34,0,4,134,2,140,0,5,167,2,174,256,2,258,432
01/03/2013,SGJ,FL,ASO,ES,Federal Contract Tower,0,3,25,4,32,0,0,1,0,1,0,3,26,4,33,0,0,0,33
01/04/2013,SGJ,FL,ASO,ES,Federal Contract Tower,0,2,52,6,60,0,12,33,2,47,0,14,85,8,107,0,0,0,107
01/05/2013,SGJ,FL,ASO,ES,Federal Contract Tower,0,1,26,0,27,0,24,190,0,214,0,25,216,0,241,344,0,344,585
01/06/2013,SGJ,FL,ASO,ES,Federal Contract Tower,0,6,22,0,28,0,4,65,0,69,0,10,87,0,97,172,0,172,269
01/07/2013,SGJ,FL,ASO,ES,Federal Contract Tower,0,2,20,2,24,0,6,137,2,145,0,8,157,4,169,254,0,254,423
01/08/2013,SGJ,FL,ASO,ES,Federal Contract Tower,0,4,17,7,28,0,4,102,0,106,0,8,119,7,134,272,6,278,412
01/09/2013,SGJ,FL,ASO,ES,Federal Contract Tower,0,4,20,3,27,0,0,9,0,9,0,4,29,3,36,2,0,2,38
01/10/2013,SGJ,FL,ASO,ES,Federal Contract Tower,0,3,30,3,36,0,2,101,6,109,0,5,131,9,145,238,0,238,383
01/11/2013,SGJ,FL,ASO,ES,Federal Contract Tower,0,1,25,10,36,0,12,200,8,220,0,13,225,18,256,360,6,366,622
01/12/2013,SGJ,FL,ASO,ES,Federal Contract Tower,0,1,14,0,15,0,16,182,0,198,0,17,196,0,213,286,0,286,499
01/13/2013,SGJ,FL,ASO,ES,Federal Contract Tower,0,5,22,1,28,0,16,210,3,229,0,21,232,4,257,254,0,254,511
01/14/2013,SGJ,FL,ASO,ES,Federal Contract Tower,0,7,14,1,22,0,12,153,0,165,0,19,167,1,187,160,0,160,347
01/15/2013,SGJ,FL,ASO,ES,Federal Contract Tower,0,4,16,5,25,0,15,136,1,152,0,19,152,6,177,220,0,220,397
01/16/2013,SGJ,FL,ASO,ES,Federal Contract Tower,0,2,22,4,28,0,4,146,0,150,0,6,168,4,178,198,2,200,378
01/17/2013,SGJ,FL,ASO,ES,Federal Contract Tower,0,6,22,4,32,0,2,38,6,46,0,8,60,10,78,66,0,66,144
01/18/2013,SGJ,FL,ASO,ES,Federal Contract Tower,0,4,28,3,35,0,0,55,0,55,0,4,83,3,90,54,0,54,144
01/19/2013,SGJ,FL,ASO,ES,Federal Contract Tower,0,7,23,0,30,0,24,62,0,86,0,31,85,0,116,0,0,0,116
01/20/2013,SGJ,FL,ASO,ES,Federal Contract Tower,0,2,17,2,21,0,38,223,2,263,0,40,240,4,284,284,0,284,568
01/21/2013,SGJ,FL,ASO,ES,Federal Contract Tower,0,4,39,1,44,0,16,152,0,168,0,20,191,1,212,156,0,156,368
01/22/2013,SGJ,FL,ASO,ES,Federal Contract Tower,0,1,17,2,20,0,0,160,2,162,0,1,177,4,182,222,6,228,410
01/23/2013,SGJ,FL,ASO,ES,Federal Contract Tower,0,0,31,5,36,0,4,210,3,217,0,4,241,8,253,174,8,182,435
01/24/2013,SGJ,FL,ASO,ES,Federal Contract Tower,0,1,39,3,43,0,6,164,1,171,0,7,203,4,214,134,28,162,376
01/25/2013,SGJ,FL,ASO,ES,Federal Contract Tower,0,8,29,8,45,0,4,158,9,171,0,12,187,17,216,161,0,161,377
01/26/2013,SGJ,FL,ASO,ES,Federal Contract Tower,0,2,21,2,25,0,12,232,2,246,0,14,253,4,271,290,0,290,561
01/27/2013,SGJ,FL,ASO,ES,Federal Contract Tower,0,8,37,16,61,0,6,110,1,117,0,14,147,17,178,344,2,346,524
01/28/2013,SGJ,FL,ASO,ES,Federal Contract Tower,0,1,23,0,24,0,9,168,0,177,0,10,191,0,201,266,12,278,479
01/29/2013,SGJ,FL,ASO,ES,Federal Contract Tower,0,7,21,6,34,0,0,154,2,156,0,7,175,8,190,241,6,247,437
01/30/2013,SGJ,FL,ASO,ES,Federal Contract Tower,0,6,8,2,16,0,2,92,8,102,0,8,100,10,118,113,0,113,231
01/31/2013,SGJ,FL,ASO,ES,Federal Contract Tower,0,1,26,3,30,0,0,143,5,148,0,1,169,8,178,204,12,216,394
02/01/2013,SGJ,FL,ASO,ES,Federal Contract Tower,0,8,18,3,29,0,1,123,8,132,0,9,141,11,161,310,6,316,477
02/02/2013,SGJ,FL,ASO,ES,Federal Contract Tower,0,4,21,4,29,0,16,218,2,236,0,20,239,6,265,394,0,394,659
02/03/2013,SGJ,FL,ASO,ES,Federal Contract Tower,0,2,22,1,25,0,14,186,1,201,0,16,208,2,226,226,0,226,452
02/04/2013,SGJ,FL,ASO,ES,Federal Contract Tower,0,8,22,5,35,0,16,175,2,193,0,24,197,7,228,374,0,374,602
02/05/2013,SGJ,FL,ASO,ES,Federal Contract Tower,0,9,18,2,29,0,2,167,8,177,0,11,185,10,206,277,32,309,515
02/06/2013,SGJ,FL,ASO,ES,Federal Contract Tower,0,4,19,2,25,0,0,124,2,126,0,4,143,4,151,209,0,209,360
02/07/2013,SGJ,FL,ASO,ES,Federal Contract Tower,0,1,13,6,20,0,2,109,5,116,0,3,122,11,136,157,6,163,299
02/08/2013,SGJ,FL,ASO,ES,Federal Contract Tower,0,0,34,13,47,0,18,136,3,157,0,18,170,16,204,225,0,225,429
02/09/2013,SGJ,FL,ASO,ES,Federal Contract Tower,0,1,24,2,27,0,24,165,0,189,0,25,189,2,216,244,0,244,460
02/10/2013,SGJ,FL,ASO,ES,Federal Contract Tower,0,2,21,1,24,0,24,159,1,184,0,26,180,2,208,220,0,220,428
02/11/2013,SGJ,FL,ASO,ES,Federal Contract Tower,0,16,15,0,31,0,10,116,2,128,0,26,131,2,159,200,4,204,363
02/12/2013,SGJ,FL,ASO,ES,Federal Contract Tower,0,0,38,10,48,0,6,66,7,79,0,6,104,17,127,104,0,104,231
02/13/2013,SGJ,FL,ASO,ES,Federal Contract Tower,0,3,28,1,32,0,0,33,0,33,0,3,61,1,65,65,0,65,130
02/14/2013,SGJ,FL,ASO,ES,Federal Contract Tower,0,8,34,1,43,0,19,90,2,111,0,27,124,3,154,80,0,80,234
02/15/2013,SGJ,FL,ASO,ES,Federal Contract Tower,0,3,29,0,32,0,32,225,0,257,0,35,254,0,289,302,0,302,591
02/16/2013,SGJ,FL,ASO,ES,Federal Contract Tower,0,1,12,0,13,0,26,160,0,186,0,27,172,0,199,286,0,286,485
02/17/2013,SGJ,FL,ASO,ES,Federal Contract Tower,0,2,22,0,24,0,36,127,0,163,0,38,149,0,187,183,0,183,370
02/18/2013,SGJ,FL,ASO,ES,Federal Contract Tower,0,9,15,0,24,0,10,218,0,228,0,19,233,0,252,294,0,294,546
02/19/2013,SGJ,FL,ASO,ES,Federal Contract Tower,0,0,26,5,31,0,4,99,7,110,0,4,125,12,141,215,16,231,372
02/20/2013,SGJ,FL,ASO,ES,Federal Contract Tower,0,2,19,4,25,0,4,157,3,164,0,6,176,7,189,258,10,268,457
02/21/2013,SGJ,FL,ASO,ES,Federal Contract Tower,0,5,25,1,31,0,15,191,14,220,0,20,216,15,251,232,50,282,533
02/22/2013,SGJ,FL,ASO,ES,Federal Contract Tower,0,5,22,3,30,0,12,193,1,206,0,17,215,4,236,367,0,367,603
02/23/2013,SGJ,FL,ASO,ES,Federal Contract Tower,0,6,26,0,32,0,29,119,0,148,0,35,145,0,180,204,0,204,384
02/24/2013,SGJ,FL,ASO,ES,Federal Contract Tower,0,3,28,3,34,0,10,80,2,92,0,13,108,5,126,194,0,194,320
02/25/2013,SGJ,FL,ASO,ES,Federal Contract Tower,0,7,28,2,37,0,0,55,1,56,0,7,83,3,93,124,0,124,217
02/26/2013,SGJ,FL,ASO,ES,Federal Contract Tower,0,3,12,1,16,0,2,56,0,58,0,5,68,1,74,44,0,44,118
02/27/2013,SGJ,FL,ASO,ES,Federal Contract Tower,0,2,27,6,35,0,14,256,13,283,0,16,283,19,318,360,8,368,686
02/28/2013,SGJ,FL,ASO,ES,Federal Contract Tower,0,7,27,4,38,0,15,195,3,213,0,22,222,7,251,311,8,319,570
03/01/2013,SGJ,FL,ASO,ES,Federal Contract Tower,0,4,12,2,18,0,12,200,0,212,0,16,212,2,230,312,0,312,542
03/02/2013,SGJ,FL,ASO,ES,Federal Contract Tower,0,5,15,6,26,0,24,128,7,159,0,29,143,13,185,162,0,162,347
03/03/2013,SGJ,FL,ASO,ES,Federal Contract Tower,0,3,24,7,34,0,28,188,2,218,0,31,212,9,252,389,8,397,649
03/04/2013,SGJ,FL,ASO,ES,Federal Contract Tower,0,7,9,0,16,0,4,233,10,247,0,11,242,10,263,382,0,382,645
03/05/2013,SGJ,FL,ASO,ES,Federal Contract Tower,0,3,25,2,30,0,6,160,0,166,0,9,185,2,196,306,0,306,502
03/06/2013,SGJ,FL,ASO,ES,Federal Contract Tower,0,8,22,0,30,0,2,112,12,126,0,10,134,12,156,158,44,202,358
03/07/2013,SGJ,FL,ASO,ES,Federal Contract Tower,0,9,29,1,39,0,5,188,2,195,0,14,217,3,234,182,12,194,428
03/08/2013,SGJ,FL,ASO,ES,Federal Contract Tower,0,0,31,3,34,0,25,238,2,265,0,25,269,5,299,537,0,537,836
03/09/2013,SGJ,FL,ASO,ES,Federal Contract Tower,0,3,33,0,36,0,26,272,0,298,0,29,305,0,334,234,0,234,568
03/10/2013,SGJ,FL,ASO,ES,Federal Contract Tower,0,0,29,1,30,0,22,193,0,215,0,22,222,1,245,311,0,311,556
03/11/2013,SGJ,FL,ASO,ES,Federal Contract Tower,0,2,41,3,46,0,4,198,0,202,0,6,239,3,248,298,0,298,546
03/12/2013,SGJ,FL,ASO,ES,Federal Contract Tower,0,3,25,4,32,0,4,20,2,26,0,7,45,6,58,10,0,10,68
03/13/2013,SGJ,FL,ASO,ES,Federal Contract Tower,0,7,39,5,51,0,9,171,7,187,0,16,210,12,238,276,0,276,514
03/14/2013,SGJ,FL,ASO,ES,Federal Contract Tower,0,8,23,3,34,0,27,197,2,226,0,35,220,5,260,234,0,234,494
03/15/2013,SGJ,FL,ASO,ES,Federal Contract Tower,0,5,20,1,26,0,28,235,2,265,0,33,255,3,291,470,4,474,765
03/16/2013,SGJ,FL,ASO,ES,Federal Contract Tower,0,3,20,2,25,0,28,268,1,297,0,31,288,3,322,312,2,314,636
03/17/2013,SGJ,FL,ASO,ES,Federal Contract Tower,0,8,25,0,33,0,30,249,0,279,0,38,274,0,312,319,0,319,631
03/18/2013,SGJ,FL,ASO,ES,Federal Contract Tower,0,5,18,8,31,0,14,161,5,180,0,19,179,13,211,296,12,308,519
03/19/2013,SGJ,FL,ASO,ES,Federal Contract Tower,0,5,16,1,22,0,12,177,1,190,0,17,193,2,212,242,0,242,454
03/20/2013,SGJ,FL,ASO,ES,Federal Contract Tower,0,6,26,2,34,0,2,111,5,118,0,8,137,7,152,108,4,112,264
03/21/2013,SGJ,FL,ASO,ES,Federal Contract Tower,0,3,26,3,32,0,5,195,17,217,0,8,221,20,249,200,16,216,465
03/22/2013,SGJ,FL,ASO,ES,Federal Contract Tower,0,2,24,3,29,0,32,277,6,315,0,34,301,9,344,340,8,348,692
03/23/2013,SGJ,FL,ASO,ES,Federal Contract Tower,0,3,17,2,22,0,2,77,2,81,0,5,94,4,103,70,0,70,173
03/24/2013,SGJ,FL,ASO,ES,Federal Contract Tower,0,11,28,4,43,0,6,37,0,43,0,17,65,4,86,44,0,44,130
03/25/2013,SGJ,FL,ASO,ES,Federal Contract Tower,0,3,30,1,34,0,13,190,0,203,0,16,220,1,237,312,0,312,549
03/26/2013,SGJ,FL,ASO,ES,Federal Contract Tower,0,2,37,2,41,0,7,186,2,195,0,9,223,4,236,162,0,162,398
03/27/2013,SGJ,FL,ASO,ES,Federal Contract Tower,0,0,31,4,35,0,23,201,7,231,0,23,232,11,266,292,17,309,575
03/28/2013,SGJ,FL,ASO,ES,Federal Contract Tower,0,5,20,2,27,0,29,212,11,252,0,34,232,13,279,390,24,414,693
03/29/2013,SGJ,FL,ASO,ES,Federal Contract Tower,1,6,26,2,35,0,36,268,2,306,1,42,294,4,341,436,0,436,777
03/30/2013,SGJ,FL,ASO,ES,Federal Contract Tower,0,2,29,0,31,0,21,193,1,215,0,23,222,1,246,229,0,229,475
03/31/2013,SGJ,FL,ASO,ES,Federal Contract Tower,0,6,16,0,22,0,24,111,0,135,0,30,127,0,157,120,0,120,277
04/01/2013,SGJ,FL,ASO,ES,Federal Contract Tower,0,7,28,3,38,0,4,190,10,204,0,11,218,13,242,336,0,336,578
04/02/2013,SGJ,FL,ASO,ES,Federal Contract Tower,0,2,22,4,28,0,7,177,2,186,0,9,199,6,214,384,2,386,600
04/03/2013,SGJ,FL,ASO,ES,Federal Contract Tower,0,4,22,0,26,0,29,113,0,142,0,33,135,0,168,186,2,188,356
04/04/2013,SGJ,FL,ASO,ES,Federal Contract Tower,0,5,20,0,25,0,16,52,0,68,0,21,72,0,93,161,0,161,254
04/05/2013,SGJ,FL,ASO,ES,Federal Contract Tower,0,5,46,3,54,0,0,1,0,1,0,5,47,3,55,0,0,0,55
04/06/2013,SGJ,FL,ASO,ES,Federal Contract Tower,0,3,41,1,45,0,23,200,0,223,0,26,241,1,268,267,0,267,535
04/07/2013,SGJ,FL,ASO,ES,Federal Contract Tower,0,9,24,8,41,0,14,216,1,231,0,23,240,9,272,392,2,394,666
04/08/2013,SGJ,FL,ASO,ES,Federal Contract Tower,0,3,19,3,25,0,8,183,6,197,0,11,202,9,222,306,6,312,534
04/09/2013,SGJ,FL,ASO,ES,Federal Contract Tower,0,8,23,3,34,0,12,178,12,202,0,20,201,15,236,398,0,398,634
04/10/2013,SGJ,FL,ASO,ES,Federal Contract Tower,0,2,20,5,27,0,8,158,2,168,0,10,178,7,195,292,0,292,487
04/11/2013,SGJ,FL,ASO,ES,Federal Contract Tower,0,2,25,1,28,0,6,60,6,72,0,8,85,7,100,87,0,87,187
04/12/2013,SGJ,FL,ASO,ES,Federal Contract Tower,0,7,27,3,37,0,0,85,4,89,0,7,112,7,126,156,0,156,282
04/13/2013,SGJ,FL,ASO,ES,Federal Contract Tower,0,5,15,2,22,0,26,168,0,194,0,31,183,2,216,321,0,321,537
04/14/2013,SGJ,FL,ASO,ES,Federal Contract Tower,0,9,23,0,32,0,18,115,2,135,0,27,138,2,167,286,0,286,453
04/15/2013,SGJ,FL,ASO,ES,Federal Contract Tower,0,6,20,6,32,0,2,211,11,224,0,8,231,17,256,348,2,350,606
04/16/2013,SGJ,FL,ASO,ES,Federal Contract Tower,0,0,22,2,24,0,5,101,14,120,0,5,123,16,144,112,0,112,256
04/17/2013,SGJ,FL,ASO,ES,Federal Contract Tower,0,3,34,5,42,0,4,226,14,244,0,7,260,19,286,362,8,370,656
04/18/2013,SGJ,FL,ASO,ES,Federal Contract Tower,0,11,22,4,37,0,6,214,12,232,0,17,236,16,269,324,0,324,593
04/19/2013,SGJ,FL,ASO,ES,Federal Contract Tower,0,2,28,1,31,0,2,152,2,156,0,4,180,3,187,168,2,170,357
04/20/2013,SGJ,FL,ASO,ES,Federal Contract Tower,0,5,23,2,30,0,0,3,0,3,0,5,26,2,33,4,0,4,37
04/21/2013,SGJ,FL,ASO,ES,Federal Contract Tower,0,2,31,0,33,0,0,45,0,45,0,2,76,0,78,14,0,14,92
04/22/2013,SGJ,FL,ASO,ES,Federal Contract Tower,0,5,44,0,49,0,0,0,0,0,0,5,44,0,49,0,0,0,49
04/23/2013,SGJ,FL,ASO,ES,Federal Contract Tower,0,9,30,1,40,0,6,180,1,187,0,15,210,2,227,292,2,294,521
04/24/2013,SGJ,FL,ASO,ES,Federal Contract Tower,0,7,21,4,32,0,12,202,8,222,0,19,223,12,254,380,0,380,634
04/25/2013,SGJ,FL,ASO,ES,Federal Contract Tower,0,8,22,3,33,0,3,231,6,240,0,11,253,9,273,419,2,421,694
04/26/2013,SGJ,FL,ASO,ES,Federal Contract Tower,0,8,40,2,50,0,12,142,0,154,0,20,182,2,204,191,13,204,408
04/27/2013,SGJ,FL,ASO,ES,Federal Contract Tower,0,2,19,0,21,0,16,269,0,285,0,18,288,0,306,266,0,266,572
04/28/2013,SGJ,FL,ASO,ES,Federal Contract Tower,0,5,38,1,44,0,24,140,0,164,0,29,178,1,208,186,0,186,394
04/29/2013,SGJ,FL,ASO,ES,Federal Contract Tower,0,0,23,0,23,0,0,173,3,176,0,0,196,3,199,338,10,348,547
04/30/2013,SGJ,FL,ASO,ES,Federal Contract Tower,0,6,26,4,36,0,6,144,9,159,0,12,170,13,195,360,30,390,585
05/01/2013,SGJ,FL,ASO,ES,Federal Contract Tower,0,6,39,0,45,0,5,61,10,76,0,11,100,10,121,54,0,54,175
05/02/2013,SGJ,FL,ASO,ES,Federal Contract Tower,0,5,11,3,19,0,0,0,0,0,0,5,11,3,19,0,0,0,19
05/03/2013,SGJ,FL,ASO,ES,Federal Contract Tower,0,3,7,4,14,0,0,0,0,0,0,3,7,4,14,0,0,0,14
05/04/2013,SGJ,FL,ASO,ES,Federal Contract Tower,0,4,10,0,14,0,0,0,0,0,0,4,10,0,14,0,0,0,14
05/05/2013,SGJ,FL,ASO,ES,Federal Contract Tower,0,14,24,3,41,0,6,98,5,109,0,20,122,8,150,248,0,248,398
05/06/2013,SGJ,FL,ASO,ES,Federal Contract Tower,0,13,25,5,43,0,10,189,3,202,0,23,214,8,245,272,6,278,523
05/07/2013,SGJ,FL,ASO,ES,Federal Contract Tower,0,13,17,7,37,0,10,167,9,186,0,23,184,16,223,278,16,294,517
05/08/2013,SGJ,FL,ASO,ES,Federal Contract Tower,0,9,27,2,38,0,9,191,2,202,0,18,218,4,240,215,14,229,469
05/09/2013,SGJ,FL,ASO,ES,Federal Contract Tower,0,11,29,0,40,0,8,169,2,179,0,19,198,2,219,249,6,255,474
05/10/2013,SGJ,FL,ASO,ES,Federal Contract Tower,0,5,19,7,31,0,18,202,2,222,0,23,221,9,253,276,6,282,535
05/11/2013,SGJ,FL,ASO,ES,Federal Contract Tower,0,8,26,0,34,0,16,123,0,139,0,24,149,0,173,150,0,150,323
05/12/2013,SGJ,FL,ASO,ES,Federal Contract Tower,0,35,33,2,70,0,16,110,0,126,0,51,143,2,196,168,0,168,364
05/13/2013,SGJ,FL,ASO,ES,Federal Contract Tower,0,16,21,6,43,0,12,155,6,173,0,28,176,12,216,288,10,298,514
05/14/2013,SGJ,FL,ASO,ES,Federal Contract Tower,0,7,12,8,27,0,22,148,2,172,0,29,160,10,199,216,10,226,425
05/15/2013,SGJ,FL,ASO,ES,Federal Contract Tower,0,1,27,2,30,0,7,137,1,145,0,8,164,3,175,200,18,218,393
05/16/2013,SGJ,FL,ASO,ES,Federal Contract Tower,0,4,24,3,31,0,10,181,1,192,0,14,205,4,223,362,12,374,597
05/17/2013,SGJ,FL,ASO,ES,Federal Contract Tower,0,2,19,4,25,0,25,195,3,223,0,27,214,7,248,358,0,358,606
05/18/2013,SGJ,FL,ASO,ES,Federal Contract Tower,0,0,11,2,13,0,16,161,0,177,0,16,172,2,190,264,0,264,454
05/19/2013,SGJ,FL,ASO,ES,Federal Contract Tower,0,5,16,3,24,0,18,165,0,183,0,23,181,3,207,280,0,280,487
05/20/2013,SGJ,FL,ASO,ES,Federal Contract Tower,0,3,16,2,21,0,0,85,0,85,0,3,101,2,106,112,0,112,218
05/21/2013,SGJ,FL,ASO,ES,Federal Contract Tower,0,6,23,4,33,0,8,105,5,118,0,14,128,9,151,174,0,174,325
05/22/2013,SGJ,FL,ASO,ES,Federal Contract Tower,0,3,24,1,28,0,5,84,7,96,0,8,108,8,124,69,6,75,199
05/23/2013,SGJ,FL,ASO,ES,Federal Contract Tower,0,6,16,0,22,0,11,147,2,160,0,17,163,2,182,233,0,233,415
05/24/2013,SGJ,FL,ASO,ES,Federal Contract Tower,0,3,19,2,24,0,18,154,1,173,0,21,173,3,197,355,0,355,552
05/25/2013,SGJ,FL,ASO,ES,Federal Contract Tower,0,1,25,0,26,0,45,187,0,232,0,46,212,0,258,293,0,293,551
05/26/2013,SGJ,FL,ASO,ES,Federal Contract Tower,0,1,18,0,19,0,30,129,1,160,0,31,147,1,179,252,0,252,431
05/27/2013,SGJ,FL,ASO,ES,Federal Contract Tower,0,5,26,0,31,0,22,196,0,218,0,27,222,0,249,212,0,212,461
05/28/2013,SGJ,FL,ASO,ES,Federal Contract Tower,0,4,32,2,38,0,13,137,5,155,0,17,169,7,193,204,8,212,405
05/29/2013,SGJ,FL,ASO,ES,Federal Contract Tower,0,2,35,0,37,0,6,171,2,179,0,8,206,2,216,268,6,274,490
05/30/2013,SGJ,FL,ASO,ES,Federal Contract Tower,0,5,20,2,27,0,10,169,4,183,0,15,189,6,210,258,0,258,468
05/31/2013,SGJ,FL,ASO,ES,Federal Contract Tower,0,3,28,5,36,0,10,164,9,183,0,13,192,14,219,219,10,229,448
06/01/2013,SGJ,FL,ASO,ES,Federal Contract Tower,0,2,12,0,14,0,47,107,8,162,0,49,119,8,176,194,0,194,370
06/02/2013,SGJ,FL,ASO,ES,Federal Contract Tower,0,7,19,4,30,0,18,137,3,158,0,25,156,7,188,164,0,164,352
06/03/2013,SGJ,FL,ASO,ES,Federal Contract Tower,0,5,13,1,19,0,9,67,2,78,0,14,80,3,97,164,4,168,265
06/04/2013,SGJ,FL,ASO,ES,Federal Contract Tower,0,6,22,0,28,0,0,42,0,42,0,6,64,0,70,38,0,38,108
06/05/2013,SGJ,FL,ASO,ES,Federal Contract Tower,0,2,32,0,34,0,4,104,4,112,0,6,136,4,146,269,0,269,415
06/06/2013,SGJ,FL,ASO,ES,Federal Contract Tower,0,4,4,0,8,0,1,0,0,1,0,5,4,0,9,6,0,6,15
06/07/2013,SGJ,FL,ASO,ES,Federal Contract Tower,0,2,24,1,27,0,23,120,2,145,0,25,144,3,172,175,0,175,347
06/08/2013,SGJ,FL,ASO,ES,Federal Contract Tower,0,1,29,2,32,0,32,167,1,200,0,33,196,3,232,166,0,166,398
06/09/2013,SGJ,FL,ASO,ES,Federal Contract Tower,0,7,19,1,27,0,2,104,0,106,0,9,123,1,133,104,0,104,237
06/10/2013,SGJ,FL,ASO,ES,Federal Contract Tower,0,4,16,1,21,0,24,141,4,169,0,28,157,5,190,288,0,288,478
06/11/2013,SGJ,FL,ASO,ES,Federal Contract Tower,0,2,24,0,26,0,19,128,2,149,0,21,152,2,175,244,4,248,423
06/12/2013,SGJ,FL,ASO,ES,Federal Contract Tower,0,1,29,5,35,0,14,150,6,170,0,15,179,11,205,264,18,282,487
06/13/2013,SGJ,FL,ASO,ES,Federal Contract Tower,0,6,7,1,14,0,9,131,0,140,0,15,138,1,154,141,2,143,297
06/14/2013,SGJ,FL,ASO,ES,Federal Contract Tower,0,7,20,7,34,0,10,144,0,154,0,17,164,7,188,67,0,67,255
06/15/2013,SGJ,FL,ASO,ES,Federal Contract Tower,0,3,20,1,24,0,15,172,0,187,0,18,192,1,211,195,0,195,406
06/16/2013,SGJ,FL,ASO,ES,Federal Contract Tower,0,6,13,2,21,0,28,141,1,170,0,34,154,3,191,134,12,146,337
06/17/2013,SGJ,FL,ASO,ES,Federal Contract Tower,0,7,14,0,21,0,14,117,4,135,0,21,131,4,156,148,0,148,304
06/18/2013,SGJ,FL,ASO,ES,Federal Contract Tower,0,3,17,1,21,0,23,117,14,154,0,26,134,15,175,182,17,199,374
06/19/2013,SGJ,FL,ASO,ES,Federal Contract Tower,0,0,19,1,20,0,12,135,4,151,0,12,154,5,171,139,28,167,338
06/20/2013,SGJ,FL,ASO,ES,Federal Contract Tower,0,3,17,0,20,0,4,92,0,96,0,7,109,0,116,98,6,104,220
06/21/2013,SGJ,FL,ASO,ES,Federal Contract Tower,0,7,21,3,31,0,19,105,6,130,0,26,126,9,161,163,2,165,326
06/22/2013,SGJ,FL,ASO,ES,Federal Contract Tower,0,1,25,0,26,0,7,60,0,67,0,8,85,0,93,62,0,62,155
06/23/2013,SGJ,FL,ASO,ES,Federal Contract Tower,0,11,23,1,35,0,24,153,2,179,0,35,176,3,214,220,0,220,434
06/24/2013,SGJ,FL,ASO,ES,Federal Contract Tower,0,0,16,0,16,0,16,122,0,138,0,16,138,0,154,126,0,126,280
06/25/2013,SGJ,FL,ASO,ES,Federal Contract Tower,0,4,11,6,21,0,17,121,11,149,0,21,132,17,170,138,8,146,316
06/26/2013,SGJ,FL,ASO,ES,Federal Contract Tower,0,2,34,5,41,0,4,138,2,144,0,6,172,7,185,154,10,164,349
06/27/2013,SGJ,FL,ASO,ES,Federal Contract Tower,0,1,22,3,26,0,9,115,5,129,0,10,137,8,155,166,8,174,329
06/28/2013,SGJ,FL,ASO,ES,Federal Contract Tower,0,8,19,5,32,0,8,115,1,124,0,16,134,6,156,126,0,126,282
06/29/2013,SGJ,FL,ASO,ES,Federal Contract Tower,0,1,20,0,21,0,0,73,4,77,0,1,93,4,98,90,0,90,188
06/30/2013,SGJ,FL,ASO,ES,Federal Contract Tower,0,10,20,0,30,0,2,106,0,108,0,12,126,0,138,110,0,110,248
07/01/2013,SGJ,FL,ASO,ES,Federal Contract Tower,0,6,32,0,38,0,1,47,1,49,0,7,79,1,87,10,2,12,99
07/02/2013,SGJ,FL,ASO,ES,Federal Contract Tower,0,2,17,2,21,0,12,47,0,59,0,14,64,2,80,72,4,76,156
07/03/2013,SGJ,FL,ASO,ES,Federal Contract Tower,0,4,29,0,33,0,13,132,2,147,0,17,161,2,180,162,8,170,350
07/04/2013,SGJ,FL,ASO,ES,Federal Contract Tower,0,3,11,0,14,0,10,57,0,67,0,13,68,0,81,72,0,72,153
07/05/2013,SGJ,FL,ASO,ES,Federal Contract Tower,0,7,12,0,19,0,17,145,3,165,0,24,157,3,184,229,0,229,413
07/06/2013,SGJ,FL,ASO,ES,Federal Contract Tower,0,1,25,0,26,0,34,136,0,170,0,35,161,0,196,183,0,183,379
07/07/2013,SGJ,FL,ASO,ES,Federal Contract Tower,0,5,33,3,41,0,18,203,2,223,0,23,236,5,264,142,0,142,406
07/08/2013,SGJ,FL,ASO,ES,Federal Contract Tower,0,5,25,3,33,0,15,163,2,180,0,20,188,5,213,320,0,320,533
07/09/2013,SGJ,FL,ASO,ES,Federal Contract Tower,0,7,20,2,29,0,12,144,6,162,0,19,164,8,191,185,8,193,384
07/10/2013,SGJ,FL,ASO,ES,Federal Contract Tower,0,3,23,1,27,0,32,157,4,193,0,35,180,5,220,360,0,360,580
07/11/2013,SGJ,FL,ASO,ES,Federal Contract Tower,0,1,18,0,19,0,16,131,5,152,0,17,149,5,171,342,3,345,516
07/12/2013,SGJ,FL,ASO,ES,Federal Contract Tower,0,4,26,0,30,0,7,102,4,113,0,11,128,4,143,216,0,216,359
07/13/2013,SGJ,FL,ASO,ES,Federal Contract Tower,0,2,33,0,35,0,11,82,0,93,0,13,115,0,128,164,0,164,292
07/14/2013,SGJ,FL,ASO,ES,Federal Contract Tower,0,5,30,0,35,0,1,104,2,107,0,6,134,2,142,186,0,186,328
07/15/2013,SGJ,FL,ASO,ES,Federal Contract Tower,0,2,18,3,23,0,0,56,0,56,0,2,74,3,79,110,0,110,189
07/16/2013,SGJ,FL,ASO,ES,Federal Contract Tower,0,3,29,3,35,0,9,89,5,103,0,12,118,8,138,210,2,212,350
07/17/2013,SGJ,FL,ASO,ES,Federal Contract Tower,0,5,24,3,32,0,19,154,0,173,0,24,178,3,205,308,0,308,513
07/18/2013,SGJ,FL,ASO,ES,Federal Contract Tower,0,1,25,10,36,0,4,147,2,153,0,5,172,12,189,296,4,300,489
07/19/2013,SGJ,FL,ASO,ES,Federal Contract Tower,0,3,25,8,36,0,12,155,4,171,0,15,180,12,207,253,0,253,460
07/20/2013,SGJ,FL,ASO,ES,Federal Contract Tower,0,0,23,3,26,0,11,126,0,137,0,11,149,3,163,180,0,180,343
07/21/2013,SGJ,FL,ASO,ES,Federal Contract Tower,0,5,26,1,32,0,16,174,3,193,0,21,200,4,225,314,4,318,543
07/22/2013,SGJ,FL,ASO,ES,Federal Contract Tower,0,0,20,0,20,0,18,116,4,138,0,18,136,4,158,246,16,262,420
07/23/2013,SGJ,FL,ASO,ES,Federal Contract Tower,0,3,23,7,33,0,7,111,10,128,0,10,134,17,161,250,24,274,435
07/24/2013,SGJ,FL,ASO,ES,Federal Contract Tower,0,5,24,0,29,0,0,60,4,64,0,5,84,4,93,125,8,133,226
07/25/2013,SGJ,FL,ASO,ES,Federal Contract Tower,0,4,28,7,39,0,5,132,11,148,0,9,160,18,187,124,0,124,311
07/26/2013,SGJ,FL,ASO,ES,Federal Contract Tower,0,2,23,0,25,0,4,158,7,169,0,6,181,7,194,328,0,328,522
07/27/2013,SGJ,FL,ASO,ES,Federal Contract Tower,0,1,27,0,28,0,11,142,0,153,0,12,169,0,181,134,0,134,315
07/28/2013,SGJ,FL,ASO,ES,Federal Contract Tower,0,4,25,0,29,0,5,135,0,140,0,9,160,0,169,138,0,138,307
07/29/2013,SGJ,FL,ASO,ES,Federal Contract Tower,0,3,20,2,25,0,6,100,4,110,0,9,120,6,135,154,10,164,299
07/30/2013,SGJ,FL,ASO,ES,Federal Contract Tower,0,2,20,8,30,0,9,96,19,124,0,11,116,27,154,174,16,190,344
07/31/2013,SGJ,FL,ASO,ES,Federal Contract Tower,0,3,19,1,23,0,0,98,6,104,0,3,117,7,127,115,0,115,242
08/01/2013,SGJ,FL,ASO,ES,Federal Contract Tower,0,2,16,2,20,0,6,109,0,115,0,8,125,2,135,134,0,134,269
08/02/2013,SGJ,FL,ASO,ES,Federal Contract Tower,0,2,31,6,39,0,15,185,10,210,0,17,216,16,249,249,0,249,498
08/03/2013,SGJ,FL,ASO,ES,Federal Contract Tower,0,0,22,1,23,0,3,127,2,132,0,3,149,3,155,190,0,190,345
08/04/2013,SGJ,FL,ASO,ES,Federal Contract Tower,0,8,23,1,32,0,13,168,0,181,0,21,191,1,213,146,0,146,359
08/05/2013,SGJ,FL,ASO,ES,Federal Contract Tower,0,5,19,0,24,0,22,139,0,161,0,27,158,0,185,138,0,138,323
08/06/2013,SGJ,FL,ASO,ES,Federal Contract Tower,0,0,21,4,25,0,19,130,3,152,0,19,151,7,177,214,0,214,391
08/07/2013,SGJ,FL,ASO,ES,Federal Contract Tower,0,3,34,3,40,0,16,126,9,151,0,19,160,12,191,212,8,220,411
08/08/2013,SGJ,FL,ASO,ES,Federal Contract Tower,0,4,22,6,32,0,8,161,11,180,0,12,183,17,212,262,6,268,480
08/09/2013,SGJ,FL,ASO,ES,Federal Contract Tower,0,3,25,2,30,0,13,106,3,122,0,16,131,5,152,108,0,108,260
08/10/2013,SGJ,FL,ASO,ES,Federal Contract Tower,0,3,26,2,31,0,28,143,0,171,0,31,169,2,202,237,2,239,441
08/11/2013,SGJ,FL,ASO,ES,Federal Contract Tower,0,11,24,1,36,0,16,171,0,187,0,27,195,1,223,230,0,230,453
08/12/2013,SGJ,FL,ASO,ES,Federal Contract Tower,0,5,17,1,23,0,12,122,2,136,0,17,139,3,159,182,0,182,341
08/13/2013,SGJ,FL,ASO,ES,Federal Contract Tower,0,4,12,7,23,0,11,108,16,135,0,15,120,23,158,162,0,162,320
08/14/2013,SGJ,FL,ASO,ES,Federal Contract Tower,0,1,19,0,20,0,2,99,5,106,0,3,118,5,126,181,12,193,319
08/15/2013,SGJ,FL,ASO,ES,Federal Contract Tower,0,12,18,1,31,0,7,129,9,145,0,19,147,10,176,220,8,228,404
08/16/2013,SGJ,FL,ASO,ES,Federal Contract Tower,0,3,12,2,17,0,2,121,14,137,0,5,133,16,154,120,22,142,296
08/17/2013,SGJ,FL,ASO,ES,Federal Contract Tower,0,0,16,0,16,0,20,80,0,100,0,20,96,0,116,140,0,140,256
08/18/2013,SGJ,FL,ASO,ES,Federal Contract Tower,0,4,24,0,28,0,14,179,0,193,0,18,203,0,221,198,0,198,419
08/19/2013,SGJ,FL,ASO,ES,Federal Contract Tower,0,2,18,2,22,0,2,90,2,94,0,4,108,4,116,96,4,100,216
08/20/2013,SGJ,FL,ASO,ES,Federal Contract Tower,0,7,15,8,30,0,0,165,10,175,0,7,180,18,205,172,0,172,377
08/21/2013,SGJ,FL,ASO,ES,Federal Contract Tower,0,4,20,2,26,0,7,90,5,102,0,11,110,7,128,182,24,206,334
08/22/2013,SGJ,FL,ASO,ES,Federal Contract Tower,0,5,10,3,18,0,0,52,4,56,0,5,62,7,74,54,2,56,130
08/23/2013,SGJ,FL,ASO,ES,Federal Contract Tower,0,4,18,5,27,0,0,79,2,81,0,4,97,7,108,130,6,136,244
08/24/2013,SGJ,FL,ASO,ES,Federal Contract Tower,0,0,17,2,19,0,4,73,1,78,0,4,90,3,97,64,0,64,161
08/25/2013,SGJ,FL,ASO,ES,Federal Contract Tower,0,5,13,0,18,0,6,86,0,92,0,11,99,0,110,88,0,88,198
08/26/2013,SGJ,FL,ASO,ES,Federal Contract Tower,0,3,25,2,30,0,14,123,14,151,0,17,148,16,181,112,0,112,293
08/27/2013,SGJ,FL,ASO,ES,Federal Contract Tower,0,1,20,5,26,0,7,137,2,146,0,8,157,7,172,148,4,152,324
08/28/2013,SGJ,FL,ASO,ES,Federal Contract Tower,0,0,23,1,24,0,13,165,5,183,0,13,188,6,207,110,0,110,317
08/29/2013,SGJ,FL,ASO,ES,Federal Contract Tower,0,5,13,2,20,0,9,123,7,139,0,14,136,9,159,195,0,195,354
08/30/2013,SGJ,FL,ASO,ES,Federal Contract Tower,0,3,25,4,32,0,19,145,1,165,0,22,170,5,197,356,0,356,553
08/31/2013,SGJ,FL,ASO,ES,Federal Contract Tower,0,0,13,0,13,0,13,151,0,164,0,13,164,0,177,130,0,130,307
09/01/2013,SGJ,FL,ASO,ES,Federal Contract Tower,0,5,17,0,22,0,39,166,3,208,0,44,183,3,230,66,0,66,296
09/02/2013,SGJ,FL,ASO,ES,Federal Contract Tower,0,6,23,1,30,0,12,187,2,201,0,18,210,3,231,298,0,298,529
09/03/2013,SGJ,FL,ASO,ES,Federal Contract Tower,0,1,21,3,25,0,5,113,1,119,0,6,134,4,144,178,6,184,328
09/04/2013,SGJ,FL,ASO,ES,Federal Contract Tower,0,0,17,2,19,0,2,152,9,163,0,2,169,11,182,198,4,202,384
09/05/2013,SGJ,FL,ASO,ES,Federal Contract Tower,0,8,16,0,24,0,3,118,1,122,0,11,134,1,146,219,0,219,365
09/06/2013,SGJ,FL,ASO,ES,Federal Contract Tower,0,7,15,3,25,0,5,105,6,116,0,12,120,9,141,162,0,162,303
09/07/2013,SGJ,FL,ASO,ES,Federal Contract Tower,0,1,18,0,19,0,24,106,0,130,0,25,124,0,149,208,0,208,357
09/08/2013,SGJ,FL,ASO,ES,Federal Contract Tower,0,11,18,6,35,0,14,164,0,178,0,25,182,6,213,146,6,152,365
09/09/2013,SGJ,FL,ASO,ES,Federal Contract Tower,0,8,17,10,35,0,10,130,19,159,0,18,147,29,194,230,12,242,436
09/10/2013,SGJ,FL,ASO,ES,Federal Contract Tower,0,8,17,7,32,0,1,143,6,150,0,9,160,13,182,266,4,270,452
09/11/2013,SGJ,FL,ASO,ES,Federal Contract Tower,0,5,17,2,24,0,2,104,1,107,0,7,121,3,131,116,0,116,247
09/12/2013,SGJ,FL,ASO,ES,Federal Contract Tower,0,7,29,4,40,0,8,93,7,108,0,15,122,11,148,126,2,128,276
09/13/2013,SGJ,FL,ASO,ES,Federal Contract Tower,0,4,26,3,33,0,18,166,2,186,0,22,192,5,219,282,2,284,503
09/14/2013,SGJ,FL,ASO,ES,Federal Contract Tower,0,3,12,2,17,0,8,118,1,127,0,11,130,3,144,108,0,108,252
09/15/2013,SGJ,FL,ASO,ES,Federal Contract Tower,0,4,12,0,16,0,20,138,0,158,0,24,150,0,174,132,0,132,306
09/16/2013,SGJ,FL,ASO,ES,Federal Contract Tower,0,9,21,2,32,0,22,141,0,163,0,31,162,2,195,250,0,250,445
09/17/2013,SGJ,FL,ASO,ES,Federal Contract Tower,0,4,22,0,26,0,5,158,4,167,0,9,180,4,193,256,12,268,461
09/18/2013,SGJ,FL,ASO,ES,Federal Contract Tower,0,0,14,0,14,0,0,21,0,21,0,0,35,0,35,6,6,12,47
09/19/2013,SGJ,FL,ASO,ES,Federal Contract Tower,0,2,21,2,25,0,5,129,5,139,0,7,150,7,164,249,26,275,439
09/20/2013,SGJ,FL,ASO,ES,Federal Contract Tower,0,10,21,6,37,0,17,196,7,220,0,27,217,13,257,330,6,336,593
09/21/2013,SGJ,FL,ASO,ES,Federal Contract Tower,0,2,21,2,25,0,29,211,0,240,0,31,232,2,265,236,0,236,501
09/22/2013,SGJ,FL,ASO,ES,Federal Contract Tower,0,4,13,2,19,0,0,115,2,117,0,4,128,4,136,110,0,110,246
09/23/2013,SGJ,FL,ASO,ES,Federal Contract Tower,0,4,22,1,27,0,0,124,1,125,0,4,146,2,152,246,0,246,398
09/24/2013,SGJ,FL,ASO,ES,Federal Contract Tower,0,1,33,0,34,0,2,9,2,13,0,3,42,2,47,4,0,4,51
09/25/2013,SGJ,FL,ASO,ES,Federal Contract Tower,0,4,37,3,44,0,3,92,5,100,0,7,129,8,144,158,0,158,302
09/26/2013,SGJ,FL,ASO,ES,Federal Contract Tower,0,6,47,6,59,0,6,61,2,69,0,12,108,8,128,74,2,76,204
09/27/2013,SGJ,FL,ASO,ES,Federal Contract Tower,0,5,38,6,49,0,6,149,0,155,0,11,187,6,204,198,2,200,404
09/28/2013,SGJ,FL,ASO,ES,Federal Contract Tower,0,4,20,0,24,0,4,52,0,56,0,8,72,0,80,26,0,26,106
09/29/2013,SGJ,FL,ASO,ES,Federal Contract Tower,0,8,31,1,40,0,20,140,1,161,0,28,171,2,201,136,0,136,337
09/30/2013,SGJ,FL,ASO,ES,Federal Contract Tower,0,4,24,0,28,0,19,191,0,210,0,23,215,0,238,302,0,302,540
10/01/2013,SGJ,FL,ASO,ES,Federal Contract Tower,0,2,18,0,20,0,10,165,3,178,0,12,183,3,198,288,0,288,486
10/02/2013,SGJ,FL,ASO,ES,Federal Contract Tower,0,4,16,1,21,0,5,187,6,198,0,9,203,7,219,234,14,248,467
10/03/2013,SGJ,FL,ASO,ES,Federal Contract Tower,0,7,22,4,33,0,14,137,0,151,0,21,159,4,184,252,0,252,436
10/04/2013,SGJ,FL,ASO,ES,Federal Contract Tower,0,0,14,0,14,0,4,139,3,146,0,4,153,3,160,252,0,252,412
10/05/2013,SGJ,FL,ASO,ES,Federal Contract Tower,0,1,27,0,28,0,28,144,0,172,0,29,171,0,200,202,0,202,402
10/06/2013,SGJ,FL,ASO,ES,Federal Contract Tower,0,3,19,0,22,0,19,194,0,213,0,22,213,0,235,262,0,262,497
10/07/2013,SGJ,FL,ASO,ES,Federal Contract Tower,0,1,15,5,21,0,6,108,2,116,0,7,123,7,137,190,2,192,329
10/08/2013,SGJ,FL,ASO,ES,Federal Contract Tower,0,3,21,4,28,0,0,27,0,27,0,3,48,4,55,84,2,86,141
10/09/2013,SGJ,FL,ASO,ES,Federal Contract Tower,0,0,30,2,32,0,0,15,2,17,0,0,45,4,49,4,0,4,53
10/10/2013,SGJ,FL,ASO,ES,Federal Contract Tower,0,1,27,11,39,0,12,165,6,183,0,13,192,17,222,288,20,308,530
10/11/2013,SGJ,FL,ASO,ES,Federal Contract Tower,0,11,32,0,43,0,9,186,2,197,0,20,218,2,240,448,0,448,688
10/12/2013,SGJ,FL,ASO,ES,Federal Contract Tower,0,2,26,0,28,0,34,202,0,236,0,36,228,0,264,266,0,266,530
10/13/2013,SGJ,FL,ASO,ES,Federal Contract Tower,0,5,30,0,35,0,6,169,0,175,0,11,199,0,210,108,0,108,318
10/14/2013,SGJ,FL,ASO,ES,Federal Contract Tower,0,2,43,0,45,0,2,17,0,19,0,4,60,0,64,8,0,8,72
10/15/2013,SGJ,FL,ASO,ES,Federal Contract Tower,0,0,27,1,28,0,0,2,6,8,0,0,29,7,36,0,0,0,36
10/16/2013,SGJ,FL,ASO,ES,Federal Contract Tower,0,2,22,0,24,0,9,133,7,149,0,11,155,7,173,314,4,318,491
10/17/2013,SGJ,FL,ASO,ES,Federal Contract Tower,0,4,27,0,31,0,19,156,26,201,0,23,183,26,232,256,10,266,498
10/18/2013,SGJ,FL,ASO,ES,Federal Contract Tower,0,13,33,0,46,0,6,191,8,205,0,19,224,8,251,410,2,412,663
10/19/2013,SGJ,FL,ASO,ES,Federal Contract Tower,0,1,21,0,22,0,20,171,2,193,0,21,192,2,215,294,0,294,509
10/20/2013,SGJ,FL,ASO,ES,Federal Contract Tower,0,7,29,0,36,0,12,126,4,142,0,19,155,4,178,209,0,209,387
10/21/2013,SGJ,FL,ASO,ES,Federal Contract Tower,0,5,22,4,31,0,0,60,4,64,0,5,82,8,95,73,2,75,170
10/22/2013,SGJ,FL,ASO,ES,Federal Contract Tower,0,2,28,0,30,0,0,10,4,14,0,2,38,4,44,16,2,18,62
10/23/2013,SGJ,FL,ASO,ES,Federal Contract Tower,0,1,22,4,27,0,3,173,7,183,0,4,195,11,210,188,14,202,412
10/24/2013,SGJ,FL,ASO,ES,Federal Contract Tower,0,10,29,3,42,0,2,218,12,232,0,12,247,15,274,318,14,332,606
10/25/2013,SGJ,FL,ASO,ES,Federal Contract Tower,0,3,20,13,36,0,11,226,5,242,0,14,246,18,278,360,8,368,646
10/26/2013,SGJ,FL,ASO,ES,Federal Contract Tower,0,1,10,3,14,0,19,231,0,250,0,20,241,3,264,244,6,250,514
10/27/2013,SGJ,FL,ASO,ES,Federal Contract Tower,0,0,26,4,30,0,13,165,1,179,0,13,191,5,209,288,5,293,502
10/28/2013,SGJ,FL,ASO,ES,Federal Contract Tower,0,3,15,0,18,0,10,142,3,155,0,13,157,3,173,164,18,182,355
10/29/2013,SGJ,FL,ASO,ES,Federal Contract Tower,0,1,36,2,39,0,2,127,6,135,0,3,163,8,174,202,12,214,388
10/30/2013,SGJ,FL,ASO,ES,Federal Contract Tower,0,5,33,2,40,0,0,155,5,160,0,5,188,7,200,273,4,277,477
10/31/2013,SGJ,FL,ASO,ES,Federal Contract Tower,0,3,21,3,27,0,16,185,13,214,0,19,206,16,241,288,2,290,531
11/01/2013,SGJ,FL,ASO,ES,Federal Contract Tower,0,14,17,8,39,0,16,160,1,177,0,30,177,9,216,242,6,248,464
11/02/2013,SGJ,FL,ASO,ES,Federal Contract Tower,0,3,29,0,32,0,6,55,0,61,0,9,84,0,93,118,0,118,211
11/03/2013,SGJ,FL,ASO,ES,Federal Contract Tower,0,4,27,5,36,0,12,153,5,170,0,16,180,10,206,104,14,118,324
11/04/2013,SGJ,FL,ASO,ES,Federal Contract Tower,0,3,26,2,31,0,1,90,12,103,0,4,116,14,134,45,0,45,179
11/05/2013,SGJ,FL,ASO,ES,Federal Contract Tower,0,5,28,8,41,0,3,33,3,39,0,8,61,11,80,66,0,66,146
11/06/2013,SGJ,FL,ASO,ES,Federal Contract Tower,0,6,30,2,38,0,8,150,2,160,0,14,180,4,198,338,0,338,536
11/07/2013,SGJ,FL,ASO,ES,Federal Contract Tower,0,8,23,9,40,0,12,168,9,189,0,20,191,18,229,402,6,408,637
11/08/2013,SGJ,FL,ASO,ES,Federal Contract Tower,0,6,34,13,53,0,22,92,3,117,0,28,126,16,170,58,4,62,232
11/09/2013,SGJ,FL,ASO,ES,Federal Contract Tower,0,2,18,0,20,0,32,1460,0,1492,0,34,1478,0,1512,214,0,214,1726
11/10/2013,SGJ,FL,ASO,ES,Federal Contract Tower,2,4,47,0,53,0,11,107,0,118,2,15,154,0,171,81,0,81,252
11/11/2013,SGJ,FL,ASO,ES,Federal Contract Tower,0,5,28,0,33,0,9,156,0,165,0,14,184,0,198,318,0,318,516
11/12/2013,SGJ,FL,ASO,ES,Federal Contract Tower,3,6,32,0,41,0,10,127,5,142,3,16,159,5,183,234,6,240,423
11/13/2013,SGJ,FL,ASO,ES,Federal Contract Tower,0,2,9,0,11,0,2,7,1,10,0,4,16,1,21,0,2,2,23
11/14/2013,SGJ,FL,ASO,ES,Federal Contract Tower,2,8,33,4,47,0,6,167,7,180,2,14,200,11,227,276,0,276,503
11/15/2013,SGJ,FL,ASO,ES,Federal Contract Tower,0,7,49,7,63,0,5,105,2,112,0,12,154,9,175,242,4,246,421
11/16/2013,SGJ,FL,ASO,ES,Federal Contract Tower,0,2,28,2,32,0,5,67,0,72,0,7,95,2,104,124,0,124,228
11/17/2013,SGJ,FL,ASO,ES,Federal Contract Tower,0,10,26,2,38,0,13,161,4,178,0,23,187,6,216,238,0,238,454
11/18/2013,SGJ,FL,ASO,ES,Federal Contract Tower,0,5,29,9,43,0,0,71,6,77,0,5,100,15,120,139,24,163,283
11/19/2013,SGJ,FL,ASO,ES,Federal Contract Tower,2,3,32,5,42,0,7,122,3,132,2,10,154,8,174,144,2,146,320
11/20/2013,SGJ,FL,ASO,ES,Federal Contract Tower,0,0,43,2,45,0,0,56,2,58,0,0,99,4,103,22,0,22,125
11/21/2013,SGJ,FL,ASO,ES,Federal Contract Tower,0,3,27,8,38,0,2,125,6,133,0,5,152,14,171,275,10,285,456
11/22/2013,SGJ,FL,ASO,ES,Federal Contract Tower,0,4,36,7,47,0,16,148,8,172,0,20,184,15,219,226,12,238,457
11/23/2013,SGJ,FL,ASO,ES,Federal Contract Tower,1,2,29,3,35,0,18,204,0,222,1,20,233,3,257,244,0,244,501
11/24/2013,SGJ,FL,ASO,ES,Federal Contract Tower,0,2,23,0,25,0,11,32,0,43,0,13,55,0,68,0,0,0,68
11/25/2013,SGJ,FL,ASO,ES,Federal Contract Tower,0,3,19,4,26,0,14,115,1,130,0,17,134,5,156,186,2,188,344
11/26/2013,SGJ,FL,ASO,ES,Federal Contract Tower,0,7,30,3,40,0,0,41,4,45,0,7,71,7,85,103,0,103,188
11/27/2013,SGJ,FL,ASO,ES,Federal Contract Tower,0,7,26,1,34,0,0,78,1,79,0,7,104,2,113,50,0,50,163
11/28/2013,SGJ,FL,ASO,ES,Federal Contract Tower,0,0,12,0,12,0,0,52,0,52,0,0,64,0,64,58,0,58,122
11/29/2013,SGJ,FL,ASO,ES,Federal Contract Tower,0,10,25,0,35,0,9,150,0,159,0,19,175,0,194,110,0,110,304
11/30/2013,SGJ,FL,ASO,ES,Federal Contract Tower,0,4,35,3,42,0,0,0,0,0,0,4,35,3,42,0,0,0,42
12/01/2013,SGJ,FL,ASO,ES,Federal Contract Tower,0,8,29,0,37,0,1,3,0,4,0,9,32,0,41,0,0,0,41
12/02/2013,SGJ,FL,ASO,ES,Federal Contract Tower,0,6,43,2,51,0,14,138,0,152,0,20,181,2,203,249,6,255,458
12/03/2013,SGJ,FL,ASO,ES,Federal Contract Tower,0,5,19,4,28,0,3,130,5,138,0,8,149,9,166,267,16,283,449
12/04/2013,SGJ,FL,ASO,ES,Federal Contract Tower,0,13,38,14,65,0,13,214,2,229,0,26,252,16,294,326,0,326,620
12/05/2013,SGJ,FL,ASO,ES,Federal Contract Tower,0,3,29,13,45,0,18,243,2,263,0,21,272,15,308,325,6,331,639
12/06/2013,SGJ,FL,ASO,ES,Federal Contract Tower,0,10,31,15,56,0,9,173,1,183,0,19,204,16,239,322,0,322,561
12/07/2013,SGJ,FL,ASO,ES,Federal Contract Tower,0,5,22,6,33,0,21,163,4,188,0,26,185,10,221,258,2,260,481
12/08/2013,SGJ,FL,ASO,ES,Federal Contract Tower,0,2,19,2,23,0,0,0,0,0,0,2,19,2,23,0,0,0,23
12/09/2013,SGJ,FL,ASO,ES,Federal Contract Tower,0,2,21,4,27,0,5,116,10,131,0,7,137,14,158,255,0,255,413
12/10/2013,SGJ,FL,ASO,ES,Federal Contract Tower,0,4,23,2,29,0,5,120,2,127,0,9,143,4,156,230,0,230,386
12/11/2013,SGJ,FL,ASO,ES,Federal Contract Tower,0,3,36,5,44,0,11,95,3,109,0,14,131,8,153,263,4,267,420
12/12/2013,SGJ,FL,ASO,ES,Federal Contract Tower,0,6,35,1,42,0,2,184,2,188,0,8,219,3,230,330,0,330,560
12/13/2013,SGJ,FL,ASO,ES,Federal Contract Tower,0,8,27,9,44,0,8,198,2,208,0,16,225,11,252,318,6,324,576
12/14/2013,SGJ,FL,ASO,ES,Federal Contract Tower,0,2,11,0,13,0,17,140,5,162,0,19,151,5,175,238,2,240,415
12/15/2013,SGJ,FL,ASO,ES,Federal Contract Tower,0,3,27,0,30,0,2,111,0,113,0,5,138,0,143,150,0,150,293
12/16/2013,SGJ,FL,ASO,ES,Federal Contract Tower,0,9,37,8,54,0,4,141,7,152,0,13,178,15,206,278,2,280,486
12/17/2013,SGJ,FL,ASO,ES,Federal Contract Tower,0,5,37,9,51,0,1,192,9,202,0,6,229,18,253,250,8,258,511
12/18/2013,SGJ,FL,ASO,ES,Federal Contract Tower,0,2,29,2,33,0,4,188,1,193,0,6,217,3,226,252,0,252,478
12/19/2013,SGJ,FL,ASO,ES,Federal Contract Tower,0,7,21,6,34,0,6,216,0,222,0,13,237,6,256,348,2,350,606
12/20/2013,SGJ,FL,ASO,ES,Federal Contract Tower,0,4,28,4,36,0,10,192,0,202,0,14,220,4,238,354,0,354,592
12/21/2013,SGJ,FL,ASO,ES,Federal Contract Tower,0,4,24,0,28,0,18,173,0,191,0,22,197,0,219,210,0,210,429
12/22/2013,SGJ,FL,ASO,ES,Federal Contract Tower,2,17,3,0,22,0,9,108,1,118,2,26,111,1,140,164,0,164,304
12/23/2013,SGJ,FL,ASO,ES,Federal Contract Tower,0,5,20,0,25,0,14,49,5,68,0,19,69,5,93,87,2,89,182
12/24/2013,SGJ,FL,ASO,ES,Federal Contract Tower,0,2,25,0,27,0,11,71,0,82,0,13,96,0,109,173,10,183,292
12/25/2013,SGJ,FL,ASO,ES,Federal Contract Tower,0,7,5,0,12,0,0,7,0,7,0,7,12,0,19,0,0,0,19
12/26/2013,SGJ,FL,ASO,ES,Federal Contract Tower,0,11,46,0,57,0,0,3,0,3,0,11,49,0,60,0,0,0,60
12/27/2013,SGJ,FL,ASO,ES,Federal Contract Tower,0,3,35,7,45,0,0,16,0,16,0,3,51,7,61,40,0,40,101
12/28/2013,SGJ,FL,ASO,ES,Federal Contract Tower,0,10,30,0,40,0,26,34,0,60,0,36,64,0,100,80,0,80,180
12/29/2013,SGJ,FL,ASO,ES,Federal Contract Tower,0,6,14,0,20,0,1,35,0,36,0,7,49,0,56,25,0,25,81
12/30/2013,SGJ,FL,ASO,ES,Federal Contract Tower,0,11,39,1,51,0,47,216,0,263,0,58,255,1,314,319,0,319,633
12/31/2013,SGJ,FL,ASO,ES,Federal Contract Tower,0,1,14,0,15,0,25,183,0,208,0,26,197,0,223,194,0,194,417
01/01/2014,SGJ,FL,ASO,ES,Federal Contract Tower,0,5,15,0,20,0,0,5,0,5,0,5,20,0,25,2,0,2,27
01/02/2014,SGJ,FL,ASO,ES,Federal Contract Tower,0,1,18,0,19,0,0,0,0,0,0,1,18,0,19,0,0,0,19
01/03/2014,SGJ,FL,ASO,ES,Federal Contract Tower,0,6,26,4,36,0,17,122,0,139,0,23,148,4,175,107,0,107,282
01/04/2014,SGJ,FL,ASO,ES,Federal Contract Tower,0,2,63,0,65,0,0,0,0,0,0,2,63,0,65,0,0,0,65
01/05/2014,SGJ,FL,ASO,ES,Federal Contract Tower,0,3,59,0,62,0,10,56,0,66,0,13,115,0,128,72,0,72,200
01/06/2014,SGJ,FL,ASO,ES,Federal Contract Tower,0,4,21,8,33,0,0,26,0,26,0,4,47,8,59,56,3,59,118
01/07/2014,SGJ,FL,ASO,ES,Federal Contract Tower,0,3,15,4,22,0,2,105,4,111,0,5,120,8,133,222,6,228,361
01/08/2014,SGJ,FL,ASO,ES,Federal Contract Tower,0,1,38,2,41,0,2,137,0,139,0,3,175,2,180,232,4,236,416
01/09/2014,SGJ,FL,ASO,ES,Federal Contract Tower,0,1,50,5,56,0,3,75,0,78,0,4,125,5,134,210,0,210,344
01/10/2014,SGJ,FL,ASO,ES,Federal Contract Tower,0,4,33,7,44,0,10,107,0,117,0,14,140,7,161,154,0,154,315
01/11/2014,SGJ,FL,ASO,ES,Federal Contract Tower,0,2,26,1,29,0,0,13,0,13,0,2,39,1,42,14,0,14,56
01/12/2014,SGJ,FL,ASO,ES,Federal Contract Tower,0,7,37,0,44,0,23,306,0,329,0,30,343,0,373,224,0,224,597
01/13/2014,SGJ,FL,ASO,ES,Federal Contract Tower,0,6,11,4,21,0,14,219,5,238,0,20,230,9,259,416,18,434,693
01/14/2014,SGJ,FL,ASO,ES,Federal Contract Tower,0,5,30,2,37,0,1,108,10,119,0,6,138,12,156,294,6,300,456
01/15/2014,SGJ,FL,ASO,ES,Federal Contract Tower,0,5,26,1,32,0,16,224,16,256,0,21,250,17,288,357,2,359,647
01/16/2014,SGJ,FL,ASO,ES,Federal Contract Tower,0,0,16,4,20,0,7,171,3,181,0,7,187,7,201,378,0,378,579
01/17/2014,SGJ,FL,ASO,ES,Federal Contract Tower,0,2,17,8,27,0,25,202,1,228,0,27,219,9,255,330,16,346,601
01/18/2014,SGJ,FL,ASO,ES,Federal Contract Tower,0,0,35,0,35,0,22,157,0,179,0,22,192,0,214,236,0,236,450
01/19/2014,SGJ,FL,ASO,ES,Federal Contract Tower,0,0,13,0,13,0,18,114,1,133,0,18,127,1,146,118,0,118,264
01/20/2014,SGJ,FL,ASO,ES,Federal Contract Tower,0,6,33,3,42,0,6,186,0,192,0,12,219,3,234,318,0,318,552
01/21/2014,SGJ,FL,ASO,ES,Federal Contract Tower,0,4,27,1,32,0,6,62,0,68,0,10,89,1,100,235,0,235,335
01/22/2014,SGJ,FL,ASO,ES,Federal Contract Tower,0,0,33,2,35,0,0,122,12,134,0,0,155,14,169,374,2,376,545
01/23/2014,SGJ,FL,ASO,ES,Federal Contract Tower,0,8,31,3,42,0,4,142,4,150,0,12,173,7,192,320,0,320,512
01/24/2014,SGJ,FL,ASO,ES,Federal Contract Tower,0,5,30,4,39,0,5,146,4,155,0,10,176,8,194,132,6,138,332
01/25/2014,SGJ,FL,ASO,ES,Federal Contract Tower,1,6,40,0,47,0,31,199,1,231,1,37,239,1,278,328,0,328,606
01/26/2014,SGJ,FL,ASO,ES,Federal Contract Tower,1,10,34,6,51,0,16,174,2,192,1,26,208,8,243,278,2,280,523
01/27/2014,SGJ,FL,ASO,ES,Federal Contract Tower,0,3,31,1,35,0,3,125,8,136,0,6,156,9,171,384,2,386,557
01/28/2014,SGJ,FL,ASO,ES,Federal Contract Tower,0,7,36,1,44,0,0,12,0,12,0,7,48,1,56,4,0,4,60
01/29/2014,SGJ,FL,ASO,ES,Federal Contract Tower,0,3,12,0,15,0,0,3,0,3,0,3,15,0,18,0,0,0,18
01/30/2014,SGJ,FL,ASO,ES,Federal Contract Tower,0,4,30,5,39,0,0,0,0,0,0,4,30,5,39,0,0,0,39
01/31/2014,SGJ,FL,ASO,ES,Federal Contract Tower,0,6,38,23,67,0,0,0,0,0,0,6,38,23,67,0,0,0,67
02/01/2014,SGJ,FL,ASO,ES,Federal Contract Tower,0,5,39,0,44,0,14,62,0,76,0,19,101,0,120,118,0,118,238
02/02/2014,SGJ,FL,ASO,ES,Federal Contract Tower,0,6,31,1,38,0,0,0,0,0,0,6,31,1,38,0,0,0,38
02/03/2014,SGJ,FL,ASO,ES,Federal Contract Tower,0,2,34,3,39,0,21,195,6,222,0,23,229,9,261,213,6,219,480
02/04/2014,SGJ,FL,ASO,ES,Federal Contract Tower,0,0,24,2,26,0,0,6,0,6,0,0,30,2,32,0,0,0,32
02/05/2014,SGJ,FL,ASO,ES,Federal Contract Tower,0,4,26,4,34,0,1,108,7,116,0,5,134,11,150,174,20,194,344
02/06/2014,SGJ,FL,ASO,ES,Federal Contract Tower,0,3,32,1,36,0,15,177,2,194,0,18,209,3,230,196,4,200,430
02/07/2014,SGJ,FL,ASO,ES,Federal Contract Tower,0,4,39,5,48,0,0,0,0,0,0,4,39,5,48,0,0,0,48
02/08/2014,SGJ,FL,ASO,ES,Federal Contract Tower,0,0,31,2,33,0,4,51,1,56,0,4,82,3,89,108,0,108,197
02/09/2014,SGJ,FL,ASO,ES,Federal Contract Tower,0,2,31,5,38,0,44,302,1,347,0,46,333,6,385,222,0,222,607
02/10/2014,SGJ,FL,ASO,ES,Federal Contract Tower,0,5,29,5,39,0,12,194,1,207,0,17,223,6,246,345,0,345,591
02/11/2014,SGJ,FL,ASO,ES,Federal Contract Tower,0,2,34,0,36,0,4,73,1,78,0,6,107,1,114,108,0,108,222
02/12/2014,SGJ,FL,ASO,ES,Federal Contract Tower,0,3,22,0,25,0,0,0,0,0,0,3,22,0,25,0,0,0,25
02/13/2014,SGJ,FL,ASO,ES,Federal Contract Tower,0,4,21,1,26,0,2,61,4,67,0,6,82,5,93,88,0,88,181
02/14/2014,SGJ,FL,ASO,ES,Federal Contract Tower,0,1,33,3,37,0,22,268,3,293,0,23,301,6,330,352,2,354,684
02/15/2014,SGJ,FL,ASO,ES,Federal Contract Tower,0,8,18,0,26,0,32,159,0,191,0,40,177,0,217,234,0,234,451
02/16/2014,SGJ,FL,ASO,ES,Federal Contract Tower,0,9,25,0,34,0,35,257,0,292,0,44,282,0,326,230,0,230,556
02/17/2014,SGJ,FL,ASO,ES,Federal Contract Tower,0,2,24,2,28,0,23,213,0,236,0,25,237,2,264,326,0,326,590
02/18/2014,SGJ,FL,ASO,ES,Federal Contract Tower,0,3,29,7,39,0,12,151,10,173,0,15,180,17,212,177,3,180,392
02/19/2014,SGJ,FL,ASO,ES,Federal Contract Tower,0,2,28,4,34,0,17,230,5,252,0,19,258,9,286,268,4,272,558
02/20/2014,SGJ,FL,ASO,ES,Federal Contract Tower,0,3,31,1,35,0,23,162,8,193,0,26,193,9,228,216,0,216,444
02/21/2014,SGJ,FL,ASO,ES,Federal Contract Tower,0,3,30,6,39,0,0,10,0,10,0,3,40,6,49,68,0,68,117
02/22/2014,SGJ,FL,ASO,ES,Federal Contract Tower,0,5,37,2,44,0,29,98,0,127,0,34,135,2,171,144,0,144,315
02/23/2014,SGJ,FL,ASO,ES,Federal Contract Tower,0,4,27,0,31,0,0,3,0,3,0,4,30,0,34,0,0,0,34
02/24/2014,SGJ,FL,ASO,ES,Federal Contract Tower,0,14,42,6,62,0,2,41,2,45,0,16,83,8,107,180,0,180,287
02/25/2014,SGJ,FL,ASO,ES,Federal Contract Tower,0,4,33,0,37,0,9,161,6,176,0,13,194,6,213,250,0,250,463
02/26/2014,SGJ,FL,ASO,ES,Federal Contract Tower,0,4,24,0,28,0,0,24,0,24,0,4,48,0,52,9,0,9,61
02/27/2014,SGJ,FL,ASO,ES,Federal Contract Tower,0,8,30,2,40,0,13,161,2,176,0,21,191,4,216,298,8,306,522
02/28/2014,SGJ,FL,ASO,ES,Federal Contract Tower,0,7,25,8,40,0,18,254,4,276,0,25,279,12,316,244,0,244,560
03/01/2014,SGJ,FL,ASO,ES,Federal Contract Tower,0,3,49,0,52,0,22,85,3,110,0,25,134,3,162,12,0,12,174
03/02/2014,SGJ,FL,ASO,ES,Federal Contract Tower,0,4,36,1,41,0,9,89,0,98,0,13,125,1,139,121,0,121,260
03/03/2014,SGJ,FL,ASO,ES,Federal Contract Tower,0,9,15,2,26,0,18,122,8,148,0,27,137,10,174,62,4,66,240
03/04/2014,SGJ,FL,ASO,ES,Federal Contract Tower,0,4,26,2,32,0,0,0,0,0,0,4,26,2,32,0,0,0,32
03/05/2014,SGJ,FL,ASO,ES,Federal Contract Tower,0,1,24,1,26,0,0,0,0,0,0,1,24,1,26,0,0,0,26
03/06/2014,SGJ,FL,ASO,ES,Federal Contract Tower,0,5,14,1,20,0,0,0,0,0,0,5,14,1,20,0,0,0,20
03/07/2014,SGJ,FL,ASO,ES,Federal Contract Tower,0,11,27,10,48,0,2,49,3,54,0,13,76,13,102,80,0,80,182
03/08/2014,SGJ,FL,ASO,ES,Federal Contract Tower,0,1,26,1,28,0,33,255,1,289,0,34,281,2,317,284,0,284,601
03/09/2014,SGJ,FL,ASO,ES,Federal Contract Tower,0,2,21,1,24,0,30,254,2,286,0,32,275,3,310,206,4,210,520
03/10/2014,SGJ,FL,ASO,ES,Federal Contract Tower,0,3,24,1,28,0,10,209,15,234,0,13,233,16,262,352,0,352,614
03/11/2014,SGJ,FL,ASO,ES,Federal Contract Tower,0,2,34,5,41,0,5,153,14,172,0,7,187,19,213,235,10,245,458
03/12/2014,SGJ,FL,ASO,ES,Federal Contract Tower,0,2,22,0,24,0,12,84,2,98,0,14,106,2,122,38,2,40,162
03/13/2014,SGJ,FL,ASO,ES,Federal Contract Tower,0,4,19,3,26,0,16,169,2,187,0,20,188,5,213,280,2,282,495
03/14/2014,SGJ,FL,ASO,ES,Federal Contract Tower,0,4,29,17,50,0,33,221,3,257,0,37,250,20,307,354,2,356,663
03/15/2014,SGJ,FL,ASO,ES,Federal Contract Tower,0,4,19,2,25,0,29,194,2,225,0,33,213,4,250,270,0,270,520
03/16/2014,SGJ,FL,ASO,ES,Federal Contract Tower,0,13,25,4,42,0,8,61,0,69,0,21,86,4,111,108,0,108,219
03/17/2014,SGJ,FL,ASO,ES,Federal Contract Tower,0,7,14,0,21,0,0,0,0,0,0,7,14,0,21,2,0,2,23
03/18/2014,SGJ,FL,ASO,ES,Federal Contract Tower,0,4,39,3,46,0,0,2,0,2,0,4,41,3,48,0,0,0,48
03/19/2014,SGJ,FL,ASO,ES,Federal Contract Tower,0,6,48,1,55,0,6,53,4,63,0,12,101,5,118,134,0,134,252
03/20/2014,SGJ,FL,ASO,ES,Federal Contract Tower,0,3,32,0,35,0,10,238,2,250,0,13,270,2,285,478,0,478,763
03/21/2014,SGJ,FL,ASO,ES,Federal Contract Tower,0,3,37,1,41,0,2,242,2,246,0,5,279,3,287,418,0,418,705
03/22/2014,SGJ,FL,ASO,ES,Federal Contract Tower,0,5,23,0,28,0,13,184,0,197,0,18,207,0,225,302,0,302,527
03/23/2014,SGJ,FL,ASO,ES,Federal Contract Tower,0,7,27,0,34,0,22,186,0,208,0,29,213,0,242,336,0,336,578
03/24/2014,SGJ,FL,ASO,ES,Federal Contract Tower,0,6,31,0,37,0,0,27,0,27,0,6,58,0,64,30,0,30,94
03/25/2014,SGJ,FL,ASO,ES,Federal Contract Tower,0,1,27,9,37,0,2,93,3,98,0,3,120,12,135,92,2,94,229
03/26/2014,SGJ,FL,ASO,ES,Federal Contract Tower,0,4,50,1,55,0,11,211,1,223,0,15,261,2,278,298,0,298,576
03/27/2014,SGJ,FL,ASO,ES,Federal Contract Tower,0,3,21,3,27,0,11,220,6,237,0,14,241,9,264,306,0,306,570
03/28/2014,SGJ,FL,ASO,ES,Federal Contract Tower,0,4,38,1,43,0,8,123,4,135,0,12,161,5,178,140,0,140,318
03/29/2014,SGJ,FL,ASO,ES,Federal Contract Tower,0,4,31,0,35,0,6,47,0,53,0,10,78,0,88,100,0,100,188
03/30/2014,SGJ,FL,ASO,ES,Federal Contract Tower,0,4,22,1,27,0,22,176,0,198,0,26,198,1,225,189,0,189,414
03/31/2014,SGJ,FL,ASO,ES,Federal Contract Tower,0,7,21,0,28,0,11,205,2,218,0,18,226,2,246,343,0,343,589
04/01/2014,SGJ,FL,ASO,ES,Federal Contract Tower,0,5,25,8,38,0,1,194,8,203,0,6,219,16,241,212,2,214,455
04/02/2014,SGJ,FL,ASO,ES,Federal Contract Tower,0,4,40,2,46,0,4,224,0,228,0,8,264,2,274,354,0,354,628
04/03/2014,SGJ,FL,ASO,ES,Federal Contract Tower,0,9,34,2,45,0,16,247,2,265,0,25,281,4,310,218,0,218,528
04/04/2014,SGJ,FL,ASO,ES,Federal Contract Tower,0,6,25,2,33,0,36,316,4,356,0,42,341,6,389,280,4,284,673
04/05/2014,SGJ,FL,ASO,ES,Federal Contract Tower,0,2,27,5,34,0,9,121,1,131,0,11,148,6,165,246,0,246,411
04/06/2014,SGJ,FL,ASO,ES,Federal Contract Tower,0,3,39,2,44,0,17,122,1,140,0,20,161,3,184,170,2,172,356
04/07/2014,SGJ,FL,ASO,ES,Federal Contract Tower,0,5,12,2,19,0,1,112,0,113,0,6,124,2,132,204,0,204,336
04/08/2014,SGJ,FL,ASO,ES,Federal Contract Tower,0,2,23,2,27,0,0,61,7,68,0,2,84,9,95,216,6,222,317
04/09/2014,SGJ,FL,ASO,ES,Federal Contract Tower,0,3,23,4,30,0,9,217,9,235,0,12,240,13,265,280,16,296,561
04/10/2014,SGJ,FL,ASO,ES,Federal Contract Tower,0,4,38,1,43,0,4,278,4,286,0,8,316,5,329,385,0,385,714
04/11/2014,SGJ,FL,ASO,ES,Federal Contract Tower,0,9,34,9,52,0,23,290,16,329,0,32,324,25,381,406,4,410,791
04/12/2014,SGJ,FL,ASO,ES,Federal Contract Tower,0,3,35,6,44,0,16,219,0,235,0,19,254,6,279,192,16,208,487
04/13/2014,SGJ,FL,ASO,ES,Federal Contract Tower,0,5,23,4,32,0,19,181,0,200,0,24,204,4,232,136,4,140,372
04/14/2014,SGJ,FL,ASO,ES,Federal Contract Tower,0,7,26,0,33,0,31,142,7,180,0,38,168,7,213,278,0,278,491
04/15/2014,SGJ,FL,ASO,ES,Federal Contract Tower,0,0,14,2,16,0,6,54,0,60,0,6,68,2,76,52,0,52,128
04/16/2014,SGJ,FL,ASO,ES,Federal Contract Tower,0,4,38,5,47,0,1,84,9,94,0,5,122,14,141,100,15,115,256
04/17/2014,SGJ,FL,ASO,ES,Federal Contract Tower,0,5,43,5,53,0,3,120,9,132,0,8,163,14,185,92,2,94,279
04/18/2014,SGJ,FL,ASO,ES,Federal Contract Tower,0,9,25,5,39,0,0,46,0,46,0,9,71,5,85,76,0,76,161
04/19/2014,SGJ,FL,ASO,ES,Federal Contract Tower,0,2,52,0,54,0,27,91,0,118,0,29,143,0,172,152,0,152,324
04/20/2014,SGJ,FL,ASO,ES,Federal Contract Tower,0,2,22,0,24,0,6,23,0,29,0,8,45,0,53,17,0,17,70
04/21/2014,SGJ,FL,ASO,ES,Federal Contract Tower,0,8,39,12,59,0,11,125,9,145,0,19,164,21,204,208,0,208,412
04/22/2014,SGJ,FL,ASO,ES,Federal Contract Tower,0,8,29,9,46,0,25,188,9,222,0,33,217,18,268,294,0,294,562
04/23/2014,SGJ,FL,ASO,ES,Federal Contract Tower,0,6,24,2,32,0,14,249,5,268,0,20,273,7,300,394,4,398,698
04/24/2014,SGJ,FL,ASO,ES,Federal Contract Tower,0,4,33,0,37,0,14,214,3,231,0,18,247,3,268,500,0,500,768
04/25/2014,SGJ,FL,ASO,ES,Federal Contract Tower,0,3,37,5,45,0,14,192,7,213,0,17,229,12,258,236,30,266,524
04/26/2014,SGJ,FL,ASO,ES,Federal Contract Tower,0,4,30,0,34,0,26,214,0,240,0,30,244,0,274,248,0,248,522
04/27/2014,SGJ,FL,ASO,ES,Federal Contract Tower,0,5,49,15,69,0,24,179,7,210,0,29,228,22,279,258,0,258,537
04/28/2014,SGJ,FL,ASO,ES,Federal Contract Tower,0,5,28,3,36,0,19,211,3,233,0,24,239,6,269,328,0,328,597
04/29/2014,SGJ,FL,ASO,ES,Federal Contract Tower,0,2,21,5,28,0,13,87,5,105,0,15,108,10,133,164,6,170,303
04/30/2014,SGJ,FL,ASO,ES,Federal Contract Tower,0,2,20,4,26,0,2,19,5,26,0,4,39,9,52,44,0,44,96
05/01/2014,SGJ,FL,ASO,ES,Federal Contract Tower,0,7,19,1,27,0,0,103,5,108,0,7,122,6,135,276,0,276,411
05/02/2014,SGJ,FL,ASO,ES,Federal Contract Tower,2,5,42,3,52,0,0,0,0,0,2,5,42,3,52,0,0,0,52
05/03/2014,SGJ,FL,ASO,ES,Federal Contract Tower,0,4,27,2,33,0,0,26,1,27,0,4,53,3,60,138,4,142,202
05/04/2014,SGJ,FL,ASO,ES,Federal Contract Tower,0,6,35,11,52,0,22,177,8,207,0,28,212,19,259,174,4,178,437
05/05/2014,SGJ,FL,ASO,ES,Federal Contract Tower,2,11,39,1,53,0,13,200,10,223,2,24,239,11,276,224,2,226,502
05/06/2014,SGJ,FL,ASO,ES,Federal Contract Tower,0,13,41,3,57,0,9,178,8,195,0,22,219,11,252,305,0,305,557
05/07/2014,SGJ,FL,ASO,ES,Federal Contract Tower,2,6,35,2,45,0,13,198,2,213,2,19,233,4,258,258,0,258,516
05/08/2014,SGJ,FL,ASO,ES,Federal Contract Tower,0,7,36,2,45,0,24,202,4,230,0,31,238,6,275,252,30,282,557
05/09/2014,SGJ,FL,ASO,ES,Federal Contract Tower,2,17,28,1,48,0,16,230,1,247,2,33,258,2,295,364,0,364,659
05/10/2014,SGJ,FL,ASO,ES,Federal Contract Tower,0,7,18,0,25,0,28,144,0,172,0,35,162,0,197,232,0,232,429
05/11/2014,SGJ,FL,ASO,ES,Federal Contract Tower,0,17,27,0,44,0,20,90,0,110,0,37,117,0,154,132,0,132,286
05/12/2014,SGJ,FL,ASO,ES,Federal Contract Tower,2,8,15,7,32,0,17,148,7,172,2,25,163,14,204,188,0,188,392
05/13/2014,SGJ,FL,ASO,ES,Federal Contract Tower,0,6,15,1,22,0,16,131,8,155,0,22,146,9,177,277,0,277,454
05/14/2014,SGJ,FL,ASO,ES,Federal Contract Tower,2,10,26,2,40,0,17,88,3,108,2,27,114,5,148,175,0,175,323
05/15/2014,SGJ,FL,ASO,ES,Federal Contract Tower,0,11,7,2,20,0,8,39,0,47,0,19,46,2,67,86,0,86,153
05/16/2014,SGJ,FL,ASO,ES,Federal Contract Tower,2,10,24,12,48,0,18,240,4,262,2,28,264,16,310,312,0,312,622
05/17/2014,SGJ,FL,ASO,ES,Federal Contract Tower,0,4,27,3,34,0,27,188,4,219,0,31,215,7,253,210,8,218,471
05/18/2014,SGJ,FL,ASO,ES,Federal Contract Tower,0,7,23,0,30,0,12,176,0,188,0,19,199,0,218,250,0,250,468
05/19/2014,SGJ,FL,ASO,ES,Federal Contract Tower,4,6,14,0,24,0,14,182,6,202,4,20,196,6,226,280,22,302,528
05/20/2014,SGJ,FL,ASO,ES,Federal Contract Tower,0,8,23,4,35,0,16,129,3,148,0,24,152,7,183,217,8,225,408
05/21/2014,SGJ,FL,ASO,ES,Federal Contract Tower,2,10,26,3,41,0,25,172,6,203,2,35,198,9,244,300,8,308,552
05/22/2014,SGJ,FL,ASO,ES,Federal Contract Tower,0,11,23,0,34,0,30,166,3,199,0,41,189,3,233,310,0,310,543
05/23/2014,SGJ,FL,ASO,ES,Federal Contract Tower,2,2,52,0,56,0,32,175,1,208,2,34,227,1,264,295,0,295,559
05/24/2014,SGJ,FL,ASO,ES,Federal Contract Tower,0,1,16,0,17,0,19,168,0,187,0,20,184,0,204,252,0,252,456
05/25/2014,SGJ,FL,ASO,ES,Federal Contract Tower,0,1,24,0,25,0,26,90,0,116,0,27,114,0,141,212,0,212,353
05/26/2014,SGJ,FL,ASO,ES,Federal Contract Tower,2,2,44,0,48,0,14,134,0,148,2,16,178,0,196,180,0,180,376
05/27/2014,SGJ,FL,ASO,ES,Federal Contract Tower,0,4,26,3,33,0,8,151,8,167,0,12,177,11,200,244,22,266,466
05/28/2014,SGJ,FL,ASO,ES,Federal Contract Tower,2,4,21,5,32,0,20,130,12,162,2,24,151,17,194,266,0,266,460
05/29/2014,SGJ,FL,ASO,ES,Federal Contract Tower,0,11,23,2,36,0,11,126,11,148,0,22,149,13,184,166,0,166,350
05/30/2014,SGJ,FL,ASO,ES,Federal Contract Tower,2,6,20,2,30,0,22,173,7,202,2,28,193,9,232,194,16,210,442
05/31/2014,SGJ,FL,ASO,ES,Federal Contract Tower,0,2,21,0,23,0,27,85,5,117,0,29,106,5,140,108,0,108,248
06/01/2014,SGJ,FL,ASO,ES,Federal Contract Tower,0,10,24,0,34,0,4,39,0,43,0,14,63,0,77,40,0,40,117
06/02/2014,SGJ,FL,ASO,ES,Federal Contract Tower,2,0,15,14,31,0,4,148,3,155,2,4,163,17,186,192,2,194,380
06/03/2014,SGJ,FL,ASO,ES,Federal Contract Tower,0,2,14,0,16,0,23,188,2,213,0,25,202,2,229,246,12,258,487
06/04/2014,SGJ,FL,ASO,ES,Federal Contract Tower,2,3,30,4,39,0,6,172,2,180,2,9,202,6,219,164,0,164,383
06/05/2014,SGJ,FL,ASO,ES,Federal Contract Tower,0,5,26,0,31,0,21,188,6,215,0,26,214,6,246,138,0,138,384
06/06/2014,SGJ,FL,ASO,ES,Federal Contract Tower,2,3,18,4,27,0,12,203,13,228,2,15,221,17,255,162,4,166,421
06/07/2014,SGJ,FL,ASO,ES,Federal Contract Tower,0,6,28,3,37,0,15,68,0,83,0,21,96,3,120,206,0,206,326
06/08/2014,SGJ,FL,ASO,ES,Federal Contract Tower,0,6,42,3,51,0,17,114,0,131,0,23,156,3,182,276,2,278,460
06/09/2014,SGJ,FL,ASO,ES,Federal Contract Tower,2,11,23,0,36,0,20,127,7,154,2,31,150,7,190,301,2,303,493
06/10/2014,SGJ,FL,ASO,ES,Federal Contract Tower,0,8,28,7,43,0,10,113,8,131,0,18,141,15,174,200,0,200,374
06/11/2014,SGJ,FL,ASO,ES,Federal Contract Tower,2,9,26,4,41,0,23,112,7,142,2,32,138,11,183,239,8,247,430
06/12/2014,SGJ,FL,ASO,ES,Federal Contract Tower,0,8,28,1,37,0,6,110,10,126,0,14,138,11,163,173,12,185,348
06/13/2014,SGJ,FL,ASO,ES,Federal Contract Tower,2,8,33,4,47,0,12,91,2,105,2,20,124,6,152,56,0,56,208
06/14/2014,SGJ,FL,ASO,ES,Federal Contract Tower,0,4,21,0,25,0,32,75,0,107,0,36,96,0,132,118,2,120,252
06/15/2014,SGJ,FL,ASO,ES,Federal Contract Tower,0,7,26,0,33,0,44,123,0,167,0,51,149,0,200,130,0,130,330
06/16/2014,SGJ,FL,ASO,ES,Federal Contract Tower,2,5,25,2,34,0,17,134,3,154,2,22,159,5,188,167,14,181,369
06/17/2014,SGJ,FL,ASO,ES,Federal Contract Tower,0,4,27,5,36,0,10,135,4,149,0,14,162,9,185,248,0,248,433
06/18/2014,SGJ,FL,ASO,ES,Federal Contract Tower,2,2,26,3,33,0,10,172,5,187,2,12,198,8,220,216,0,216,436
06/19/2014,SGJ,FL,ASO,ES,Federal Contract Tower,0,1,26,2,29,0,6,155,6,167,0,7,181,8,196,258,16,274,470
06/20/2014,SGJ,FL,ASO,ES,Federal Contract Tower,2,2,36,5,45,0,28,157,6,191,2,30,193,11,236,218,0,218,454
06/21/2014,SGJ,FL,ASO,ES,Federal Contract Tower,0,9,19,1,29,0,28,1,146,175,0,37,20,147,204,164,2,166,370
06/22/2014,SGJ,FL,ASO,ES,Federal Contract Tower,0,3,29,10,42,0,16,59,0,75,0,19,88,10,117,88,0,88,205
06/23/2014,SGJ,FL,ASO,ES,Federal Contract Tower,2,5,10,3,20,0,8,100,1,109,2,13,110,4,129,200,0,200,329
06/24/2014,SGJ,FL,ASO,ES,Federal Contract Tower,0,9,21,4,34,0,21,112,11,144,0,30,133,15,178,150,2,152,330
06/25/2014,SGJ,FL,ASO,ES,Federal Contract Tower,2,4,44,5,55,0,17,150,10,177,2,21,194,15,232,188,16,204,436
06/26/2014,SGJ,FL,ASO,ES,Federal Contract Tower,0,3,29,3,35,0,11,131,4,146,0,14,160,7,181,162,2,164,345
06/27/2014,SGJ,FL,ASO,ES,Federal Contract Tower,2,3,24,7,36,0,9,138,5,152,2,12,162,12,188,88,4,92,280
06/28/2014,SGJ,FL,ASO,ES,Federal Contract Tower,0,5,21,3,29,0,23,144,0,167,0,28,165,3,196,122,0,122,318
06/29/2014,SGJ,FL,ASO,ES,Federal Contract Tower,0,7,6,0,13,0,20,116,0,136,0,27,122,0,149,239,0,239,388
06/30/2014,SGJ,FL,ASO,ES,Federal Contract Tower,2,4,45,5,56,0,16,79,0,95,2,20,124,5,151,118,2,120,271
07/01/2014,SGJ,FL,ASO,ES,Federal Contract Tower,0,3,33,3,39,0,16,67,10,93,0,19,100,13,132,76,0,76,208
07/02/2014,SGJ,FL,ASO,ES,Federal Contract Tower,2,3,17,0,22,0,2,61,6,69,2,5,78,6,91,78,8,86,177
07/03/2014,SGJ,FL,ASO,ES,Federal Contract Tower,0,2,20,2,24,0,0,93,8,101,0,2,113,10,125,76,4,80,205
07/04/2014,SGJ,FL,ASO,ES,Federal Contract Tower,2,1,13,0,16,0,10,76,0,86,2,11,89,0,102,44,0,44,146
07/05/2014,SGJ,FL,ASO,ES,Federal Contract Tower,0,5,22,0,27,0,27,97,0,124,0,32,119,0,151,82,0,82,233
07/06/2014,SGJ,FL,ASO,ES,Federal Contract Tower,0,6,24,0,30,0,28,123,0,151,0,34,147,0,181,240,0,240,421
07/07/2014,SGJ,FL,ASO,ES,Federal Contract Tower,2,11,18,0,31,0,22,125,0,147,2,33,143,0,178,186,0,186,364
07/08/2014,SGJ,FL,ASO,ES,Federal Contract Tower,0,6,16,2,24,0,8,120,2,130,0,14,136,4,154,273,0,273,427
07/09/2014,SGJ,FL,ASO,ES,Federal Contract Tower,2,7,21,2,32,0,10,148,3,161,2,17,169,5,193,206,10,216,409
07/10/2014,SGJ,FL,ASO,ES,Federal Contract Tower,0,4,40,1,45,0,17,117,6,140,0,21,157,7,185,173,8,181,366
07/11/2014,SGJ,FL,ASO,ES,Federal Contract Tower,2,5,19,2,28,0,14,158,2,174,2,19,177,4,202,116,14,130,332
07/12/2014,SGJ,FL,ASO,ES,Federal Contract Tower,0,0,24,0,24,0,6,53,0,59,0,6,77,0,83,58,0,58,141
07/13/2014,SGJ,FL,ASO,ES,Federal Contract Tower,0,4,30,0,34,0,10,67,0,77,0,14,97,0,111,82,0,82,193
07/14/2014,SGJ,FL,ASO,ES,Federal Contract Tower,2,5,22,3,32,0,15,123,2,140,2,20,145,5,172,182,0,182,354
07/15/2014,SGJ,FL,ASO,ES,Federal Contract Tower,0,5,29,0,34,0,12,145,6,163,0,17,174,6,197,126,4,130,327
07/16/2014,SGJ,FL,ASO,ES,Federal Contract Tower,2,2,10,2,16,0,2,40,7,49,2,4,50,9,65,101,8,109,174
07/17/2014,SGJ,FL,ASO,ES,Federal Contract Tower,0,1,23,3,27,0,28,179,8,215,0,29,202,11,242,306,20,326,568
07/18/2014,SGJ,FL,ASO,ES,Federal Contract Tower,2,3,25,0,30,0,29,154,9,192,2,32,179,9,222,292,0,292,514
07/19/2014,SGJ,FL,ASO,ES,Federal Contract Tower,0,1,15,0,16,0,42,165,2,209,0,43,180,2,225,190,0,190,415
07/20/2014,SGJ,FL,ASO,ES,Federal Contract Tower,0,1,21,0,22,0,11,127,0,138,0,12,148,0,160,130,0,130,290
07/21/2014,SGJ,FL,ASO,ES,Federal Contract Tower,2,3,23,2,30,0,7,108,3,118,2,10,131,5,148,107,2,109,257
07/22/2014,SGJ,FL,ASO,ES,Federal Contract Tower,0,4,32,0,36,0,20,106,3,129,0,24,138,3,165,252,0,252,417
07/23/2014,SGJ,FL,ASO,ES,Federal Contract Tower,2,0,23,2,27,0,28,124,0,152,2,28,147,2,179,272,0,272,451
07/24/2014,SGJ,FL,ASO,ES,Federal Contract Tower,0,9,27,4,40,0,8,160,6,174,0,17,187,10,214,234,12,246,460
07/25/2014,SGJ,FL,ASO,ES,Federal Contract Tower,2,8,22,3,35,0,25,132,2,159,2,33,154,5,194,164,0,164,358
07/26/2014,SGJ,FL,ASO,ES,Federal Contract Tower,0,5,18,0,23,0,26,134,0,160,0,31,152,0,183,212,0,212,395
07/27/2014,SGJ,FL,ASO,ES,Federal Contract Tower,0,6,36,7,49,0,26,103,3,132,0,32,139,10,181,216,0,216,397
07/28/2014,SGJ,FL,ASO,ES,Federal Contract Tower,2,8,24,0,34,0,14,103,1,118,2,22,127,1,152,171,2,173,325
07/29/2014,SGJ,FL,ASO,ES,Federal Contract Tower,0,0,17,4,21,0,20,99,10,129,0,20,116,14,150,250,0,250,400
07/30/2014,SGJ,FL,ASO,ES,Federal Contract Tower,2,2,30,2,36,0,11,156,7,174,2,13,186,9,210,144,22,166,376
07/31/2014,SGJ,FL,ASO,ES,Federal Contract Tower,0,6,28,5,39,0,4,157,6,167,0,10,185,11,206,262,10,272,478
08/01/2014,SGJ,FL,ASO,ES,Federal Contract Tower,2,1,15,3,21,0,24,147,8,179,2,25,162,11,200,186,0,186,386
08/02/2014,SGJ,FL,ASO,ES,Federal Contract Tower,0,5,31,2,38,0,31,126,0,157,0,36,157,2,195,186,0,186,381
08/03/2014,SGJ,FL,ASO,ES,Federal Contract Tower,0,5,27,0,32,0,24,70,0,94,0,29,97,0,126,168,0,168,294
08/04/2014,SGJ,FL,ASO,ES,Federal Contract Tower,2,2,21,4,29,0,6,52,2,60,2,8,73,6,89,32,6,38,127
08/05/2014,SGJ,FL,ASO,ES,Federal Contract Tower,0,4,28,3,35,0,6,83,5,94,0,10,111,8,129,215,4,219,348
08/06/2014,SGJ,FL,ASO,ES,Federal Contract Tower,2,4,19,4,29,0,31,168,7,206,2,35,187,11,235,194,18,212,447
08/07/2014,SGJ,FL,ASO,ES,Federal Contract Tower,0,5,27,5,37,0,6,148,4,158,0,11,175,9,195,176,10,186,381
08/08/2014,SGJ,FL,ASO,ES,Federal Contract Tower,2,6,30,4,42,0,16,157,4,177,2,22,187,8,219,202,0,202,421
08/09/2014,SGJ,FL,ASO,ES,Federal Contract Tower,0,4,33,0,37,0,26,175,2,203,0,30,208,2,240,306,0,306,546
08/10/2014,SGJ,FL,ASO,ES,Federal Contract Tower,0,0,21,0,21,0,11,116,0,127,0,11,137,0,148,158,0,158,306
08/11/2014,SGJ,FL,ASO,ES,Federal Contract Tower,2,7,15,1,25,0,10,101,2,113,2,17,116,3,138,127,2,129,267
08/12/2014,SGJ,FL,ASO,ES,Federal Contract Tower,0,1,14,2,17,0,10,105,9,124,0,11,119,11,141,138,4,142,283
08/13/2014,SGJ,FL,ASO,ES,Federal Contract Tower,2,3,14,1,20,0,12,126,1,139,2,15,140,2,159,186,22,208,367
08/14/2014,SGJ,FL,ASO,ES,Federal Contract Tower,0,2,30,7,39,0,10,146,4,160,0,12,176,11,199,232,0,232,431
08/15/2014,SGJ,FL,ASO,ES,Federal Contract Tower,2,0,24,3,29,0,12,125,3,140,2,12,149,6,169,228,2,230,399
08/16/2014,SGJ,FL,ASO,ES,Federal Contract Tower,0,2,22,2,26,0,18,141,3,162,0,20,163,5,188,280,0,280,468
08/17/2014,SGJ,FL,ASO,ES,Federal Contract Tower,0,6,30,1,37,0,18,113,0,131,0,24,143,1,168,148,0,148,316
08/18/2014,SGJ,FL,ASO,ES,Federal Contract Tower,2,4,31,0,37,0,5,125,0,130,2,9,156,0,167,159,2,161,328
08/19/2014,SGJ,FL,ASO,ES,Federal Contract Tower,0,3,17,2,22,0,7,108,2,117,0,10,125,4,139,236,0,236,375
08/20/2014,SGJ,FL,ASO,ES,Federal Contract Tower,2,4,28,0,34,0,12,149,6,167,2,16,177,6,201,214,0,214,415
08/21/2014,SGJ,FL,ASO,ES,Federal Contract Tower,0,3,18,3,24,0,6,178,3,187,0,9,196,6,211,286,0,286,497
08/22/2014,SGJ,FL,ASO,ES,Federal Contract Tower,2,5,37,7,51,0,20,217,7,244,2,25,254,14,295,276,2,278,573
08/23/2014,SGJ,FL,ASO,ES,Federal Contract Tower,0,1,29,0,30,0,26,149,2,177,0,27,178,2,207,242,0,242,449
08/24/2014,SGJ,FL,ASO,ES,Federal Contract Tower,0,2,22,0,24,0,35,110,0,145,0,37,132,0,169,130,0,130,299
08/25/2014,SGJ,FL,ASO,ES,Federal Contract Tower,2,4,19,0,25,0,0,17,0,17,2,4,36,0,42,4,6,10,52
08/26/2014,SGJ,FL,ASO,ES,Federal Contract Tower,0,3,22,2,27,0,10,68,4,82,0,13,90,6,109,100,4,104,213
08/27/2014,SGJ,FL,ASO,ES,Federal Contract Tower,2,6,28,1,37,0,6,101,3,110,2,12,129,4,147,144,6,150,297
08/28/2014,SGJ,FL,ASO,ES,Federal Contract Tower,0,8,33,2,43,0,16,212,0,228,0,24,245,2,271,316,0,316,587
08/29/2014,SGJ,FL,ASO,ES,Federal Contract Tower,2,1,41,0,44,0,12,228,6,246,2,13,269,6,290,286,0,286,576
08/30/2014,SGJ,FL,ASO,ES,Federal Contract Tower,0,2,16,0,18,0,20,149,0,169,0,22,165,0,187,316,0,316,503
08/31/2014,SGJ,FL,ASO,ES,Federal Contract Tower,0,4,18,4,26,0,41,131,0,172,0,45,149,4,198,170,0,170,368
09/01/2014,SGJ,FL,ASO,ES,Federal Contract Tower,2,5,31,0,38,0,26,168,0,194,2,31,199,0,232,224,0,224,456
09/02/2014,SGJ,FL,ASO,ES,Federal Contract Tower,0,2,27,2,31,0,6,109,4,119,0,8,136,6,150,294,11,305,455
09/03/2014,SGJ,FL,ASO,ES,Federal Contract Tower,2,3,16,10,31,0,2,109,2,113,2,5,125,12,144,215,2,217,361
09/04/2014,SGJ,FL,ASO,ES,Federal Contract Tower,0,0,11,3,14,0,4,130,2,136,0,4,141,5,150,228,0,228,378
09/05/2014,SGJ,FL,ASO,ES,Federal Contract Tower,2,7,30,8,47,0,3,142,0,145,2,10,172,8,192,170,6,176,368
09/06/2014,SGJ,FL,ASO,ES,Federal Contract Tower,0,0,24,3,27,0,17,126,1,144,0,17,150,4,171,298,0,298,469
09/07/2014,SGJ,FL,ASO,ES,Federal Contract Tower,0,2,27,0,29,0,0,42,0,42,0,2,69,0,71,260,0,260,331
09/08/2014,SGJ,FL,ASO,ES,Federal Contract Tower,4,6,17,0,27,0,10,94,5,109,4,16,111,5,136,162,4,166,302
09/09/2014,SGJ,FL,ASO,ES,Federal Contract Tower,2,8,31,4,45,0,11,69,1,81,2,19,100,5,126,204,16,220,346
09/10/2014,SGJ,FL,ASO,ES,Federal Contract Tower,4,0,25,5,34,0,8,171,0,179,4,8,196,5,213,178,12,190,403
09/11/2014,SGJ,FL,ASO,ES,Federal Contract Tower,2,2,28,6,38,0,16,144,15,175,2,18,172,21,213,115,8,123,336
09/12/2014,SGJ,FL,ASO,ES,Federal Contract Tower,2,6,24,3,35,0,14,148,1,163,2,20,172,4,198,286,4,290,488
09/13/2014,SGJ,FL,ASO,ES,Federal Contract Tower,2,8,24,1,35,0,17,160,1,178,2,25,184,2,213,246,0,246,459
09/14/2014,SGJ,FL,ASO,ES,Federal Contract Tower,0,6,20,3,29,0,19,120,5,144,0,25,140,8,173,171,0,171,344
09/15/2014,SGJ,FL,ASO,ES,Federal Contract Tower,4,4,22,1,31,0,6,132,4,142,4,10,154,5,173,257,0,257,430
09/16/2014,SGJ,FL,ASO,ES,Federal Contract Tower,2,2,22,1,27,0,2,79,0,81,2,4,101,1,108,314,0,314,422
09/17/2014,SGJ,FL,ASO,ES,Federal Contract Tower,4,3,20,4,31,0,6,136,1,143,4,9,156,5,174,290,3,293,467
09/18/2014,SGJ,FL,ASO,ES,Federal Contract Tower,2,1,21,2,26,0,5,142,2,149,2,6,163,4,175,311,0,311,486
09/19/2014,SGJ,FL,ASO,ES,Federal Contract Tower,2,7,37,2,48,0,11,103,0,114,2,18,140,2,162,203,0,203,365
09/20/2014,SGJ,FL,ASO,ES,Federal Contract Tower,0,2,25,0,27,0,4,39,2,45,0,6,64,2,72,138,0,138,210
09/21/2014,SGJ,FL,ASO,ES,Federal Contract Tower,0,5,17,4,26,0,24,165,2,191,0,29,182,6,217,197,0,197,414
09/22/2014,SGJ,FL,ASO,ES,Federal Contract Tower,4,0,19,6,29,0,4,162,4,170,4,4,181,10,199,270,2,272,471
09/23/2014,SGJ,FL,ASO,ES,Federal Contract Tower,2,2,45,5,54,0,0,33,1,34,2,2,78,6,88,52,2,54,142
09/24/2014,SGJ,FL,ASO,ES,Federal Contract Tower,4,1,46,2,53,0,0,3,0,3,4,1,49,2,56,0,0,0,56
09/25/2014,SGJ,FL,ASO,ES,Federal Contract Tower,0,3,46,3,52,0,13,59,3,75,0,16,105,6,127,142,30,172,299
09/26/2014,SGJ,FL,ASO,ES,Federal Contract Tower,2,2,32,2,38,0,0,8,0,8,2,2,40,2,46,11,0,11,57
09/27/2014,SGJ,FL,ASO,ES,Federal Contract Tower,2,2,34,0,38,0,0,31,0,31,2,2,65,0,69,98,0,98,167
09/28/2014,SGJ,FL,ASO,ES,Federal Contract Tower,0,2,32,2,36,0,26,84,0,110,0,28,116,2,146,324,0,324,470
09/29/2014,SGJ,FL,ASO,ES,Federal Contract Tower,4,7,22,1,34,0,0,73,0,73,4,7,95,1,107,152,0,152,259
09/30/2014,SGJ,FL,ASO,ES,Federal Contract Tower,2,0,39,2,43,0,0,6,0,6,2,0,45,2,49,0,0,0,49
10/01/2014,SGJ,FL,ASO,ES,Federal Contract Tower,4,6,32,3,45,0,2,132,2,136,4,8,164,5,181,272,0,272,453
10/02/2014,SGJ,FL,ASO,ES,Federal Contract Tower,2,4,33,4,43,0,3,159,0,162,2,7,192,4,205,222,6,228,433
10/03/2014,SGJ,FL,ASO,ES,Federal Contract Tower,2,1,30,3,36,0,0,156,6,162,2,1,186,9,198,126,0,126,324
10/04/2014,SGJ,FL,ASO,ES,Federal Contract Tower,2,3,28,0,33,0,24,107,0,131,2,27,135,0,164,230,0,230,394
10/05/2014,SGJ,FL,ASO,ES,Federal Contract Tower,0,9,29,0,38,0,14,178,0,192,0,23,207,0,230,196,0,196,426
10/06/2014,SGJ,FL,ASO,ES,Federal Contract Tower,4,2,25,6,37,0,6,166,7,179,4,8,191,13,216,186,0,186,402
10/07/2014,SGJ,FL,ASO,ES,Federal Contract Tower,2,0,28,5,35,0,5,167,11,183,2,5,195,16,218,253,4,257,475
10/08/2014,SGJ,FL,ASO,ES,Federal Contract Tower,4,4,28,1,37,0,2,202,2,206,4,6,230,3,243,234,0,234,477
10/09/2014,SGJ,FL,ASO,ES,Federal Contract Tower,2,5,31,4,42,0,6,187,4,197,2,11,218,8,239,321,6,327,566
10/10/2014,SGJ,FL,ASO,ES,Federal Contract Tower,2,5,43,0,50,0,2,193,1,196,2,7,236,1,246,170,0,170,416
10/11/2014,SGJ,FL,ASO,ES,Federal Contract Tower,2,17,24,0,43,0,15,144,0,159,2,32,168,0,202,178,0,178,380
10/12/2014,SGJ,FL,ASO,ES,Federal Contract Tower,0,0,38,0,38,0,48,157,2,207,0,48,195,2,245,170,2,172,417
10/13/2014,SGJ,FL,ASO,ES,Federal Contract Tower,4,11,50,0,65,0,6,125,0,131,4,17,175,0,196,116,0,116,312
10/14/2014,SGJ,FL,ASO,ES,Federal Contract Tower,2,2,25,0,29,0,2,84,0,86,2,4,109,0,115,124,0,124,239
10/15/2014,SGJ,FL,ASO,ES,Federal Contract Tower,4,4,36,3,47,0,8,160,6,174,4,12,196,9,221,204,0,204,425
10/16/2014,SGJ,FL,ASO,ES,Federal Contract Tower,2,8,42,4,56,0,13,173,7,193,2,21,215,11,249,164,8,172,421
10/17/2014,SGJ,FL,ASO,ES,Federal Contract Tower,2,3,33,5,43,0,20,214,9,243,2,23,247,14,286,254,0,254,540
10/18/2014,SGJ,FL,ASO,ES,Federal Contract Tower,2,5,19,0,26,0,31,183,0,214,2,36,202,0,240,134,0,134,374
10/19/2014,SGJ,FL,ASO,ES,Federal Contract Tower,0,2,27,4,33,0,14,146,1,161,0,16,173,5,194,156,3,159,353
10/20/2014,SGJ,FL,ASO,ES,Federal Contract Tower,4,6,38,2,50,0,13,147,10,170,4,19,185,12,220,226,5,231,451
10/21/2014,SGJ,FL,ASO,ES,Federal Contract Tower,2,3,40,6,51,0,4,143,10,157,2,7,183,16,208,247,2,249,457
10/22/2014,SGJ,FL,ASO,ES,Federal Contract Tower,4,8,39,1,52,0,13,156,5,174,4,21,195,6,226,258,0,258,484
10/23/2014,SGJ,FL,ASO,ES,Federal Contract Tower,2,6,56,0,64,0,6,203,2,211,2,12,259,2,275,276,4,280,555
10/24/2014,SGJ,FL,ASO,ES,Federal Contract Tower,2,3,46,7,58,0,20,218,7,245,2,23,264,14,303,214,2,216,519
10/25/2014,SGJ,FL,ASO,ES,Federal Contract Tower,2,4,23,0,29,0,28,210,0,238,2,32,233,0,267,200,0,200,467
10/26/2014,SGJ,FL,ASO,ES,Federal Contract Tower,0,10,42,3,55,0,22,164,0,186,0,32,206,3,241,282,0,282,523
10/27/2014,SGJ,FL,ASO,ES,Federal Contract Tower,4,3,31,0,38,0,9,175,6,190,4,12,206,6,228,302,0,302,530
10/28/2014,SGJ,FL,ASO,ES,Federal Contract Tower,0,4,43,3,50,0,12,140,6,158,0,16,183,9,208,364,0,364,572
10/29/2014,SGJ,FL,ASO,ES,Federal Contract Tower,4,3,28,2,37,0,3,173,2,178,4,6,201,4,215,282,10,292,507
10/30/2014,SGJ,FL,ASO,ES,Federal Contract Tower,2,5,38,3,48,0,2,160,4,166,2,7,198,7,214,294,6,300,514
10/31/2014,SGJ,FL,ASO,ES,Federal Contract Tower,4,1,37,5,47,0,2,221,8,231,4,3,258,13,278,282,0,282,560
11/01/2014,SGJ,FL,ASO,ES,Federal Contract Tower,2,0,18,0,20,0,4,50,0,54,2,4,68,0,74,126,0,126,200
11/02/2014,SGJ,FL,ASO,ES,Federal Contract Tower,2,4,40,0,46,0,8,184,0,192,2,12,224,0,238,316,0,316,554
11/03/2014,SGJ,FL,ASO,ES,Federal Contract Tower,4,6,26,0,36,0,11,160,7,178,4,17,186,7,214,380,0,380,594
11/04/2014,SGJ,FL,ASO,ES,Federal Contract Tower,2,5,47,5,59,0,6,166,13,185,2,11,213,18,244,312,0,312,556
11/05/2014,SGJ,FL,ASO,ES,Federal Contract Tower,4,3,44,12,63,0,0,154,10,164,4,3,198,22,227,205,6,211,438
11/06/2014,SGJ,FL,ASO,ES,Federal Contract Tower,2,11,44,4,61,0,8,210,4,222,2,19,254,8,283,356,4,360,643
11/07/2014,SGJ,FL,ASO,ES,Federal Contract Tower,2,9,40,4,55,0,14,234,0,248,2,23,274,4,303,224,0,224,527
11/08/2014,SGJ,FL,ASO,ES,Federal Contract Tower,2,2,34,1,39,0,35,186,0,221,2,37,220,1,260,202,0,202,462
11/09/2014,SGJ,FL,ASO,ES,Federal Contract Tower,0,1,54,0,55,0,22,139,0,161,0,23,193,0,216,282,0,282,498
11/10/2014,SGJ,FL,ASO,ES,Federal Contract Tower,4,3,38,0,45,0,0,30,0,30,4,3,68,0,75,2,0,2,77
11/11/2014,SGJ,FL,ASO,ES,Federal Contract Tower,2,2,53,3,60,0,2,213,3,218,2,4,266,6,278,219,6,225,503
11/12/2014,SGJ,FL,ASO,ES,Federal Contract Tower,4,0,31,4,39,0,15,178,20,213,4,15,209,24,252,292,0,292,544
11/13/2014,SGJ,FL,ASO,ES,Federal Contract Tower,2,5,51,9,67,0,2,172,4,178,2,7,223,13,245,320,4,324,569
11/14/2014,SGJ,FL,ASO,ES,Federal Contract Tower,2,6,50,6,64,0,14,263,3,280,2,20,313,9,344,266,0,266,610
11/15/2014,SGJ,FL,ASO,ES,Federal Contract Tower,2,4,45,0,51,0,16,113,0,129,2,20,158,0,180,72,0,72,252
11/16/2014,SGJ,FL,ASO,ES,Federal Contract Tower,0,2,30,3,35,0,24,187,5,216,0,26,217,8,251,247,0,247,498
11/17/2014,SGJ,FL,ASO,ES,Federal Contract Tower,4,5,30,0,39,0,0,17,0,17,4,5,47,0,56,2,0,2,58
11/18/2014,SGJ,FL,ASO,ES,Federal Contract Tower,2,6,36,2,46,0,4,132,4,140,2,10,168,6,186,282,0,282,468
11/19/2014,SGJ,FL,ASO,ES,Federal Contract Tower,4,1,42,4,51,0,1,214,1,216,4,2,256,5,267,364,0,364,631
11/20/2014,SGJ,FL,ASO,ES,Federal Contract Tower,0,10,36,1,47,0,0,209,4,213,0,10,245,5,260,316,14,330,590
11/21/2014,SGJ,FL,ASO,ES,Federal Contract Tower,2,8,57,6,73,0,12,213,6,231,2,20,270,12,304,160,4,164,468
11/22/2014,SGJ,FL,ASO,ES,Federal Contract Tower,0,0,19,4,23,0,20,102,3,125,0,20,121,7,148,212,0,212,360
11/23/2014,SGJ,FL,ASO,ES,Federal Contract Tower,0,4,26,0,30,0,0,16,0,16,0,4,42,0,46,64,0,64,110
11/24/2014,SGJ,FL,ASO,ES,Federal Contract Tower,2,1,53,1,57,0,11,59,9,79,2,12,112,10,136,131,0,131,267
11/25/2014,SGJ,FL,ASO,ES,Federal Contract Tower,2,3,22,2,29,0,0,0,0,0,2,3,22,2,29,0,0,0,29
11/26/2014,SGJ,FL,ASO,ES,Federal Contract Tower,2,5,50,0,57,0,0,106,0,106,2,5,156,0,163,230,0,230,393
11/27/2014,SGJ,FL,ASO,ES,Federal Contract Tower,2,2,4,0,8,0,0,76,0,76,2,2,80,0,84,46,0,46,130
11/28/2014,SGJ,FL,ASO,ES,Federal Contract Tower,2,3,28,0,33,0,11,196,0,207,2,14,224,0,240,198,0,198,438
11/29/2014,SGJ,FL,ASO,ES,Federal Contract Tower,2,3,24,0,29,0,17,222,0,239,2,20,246,0,268,276,0,276,544
11/30/2014,SGJ,FL,ASO,ES,Federal Contract Tower,0,13,35,0,48,0,12,258,0,270,0,25,293,0,318,219,0,219,537
12/01/2014,SGJ,FL,ASO,ES,Federal Contract Tower,2,7,23,13,45,0,9,152,1,162,2,16,175,14,207,192,20,212,419
12/02/2014,SGJ,FL,ASO,ES,Federal Contract Tower,2,9,39,5,55,0,8,104,6,118,2,17,143,11,173,232,4,236,409
12/03/2014,SGJ,FL,ASO,ES,Federal Contract Tower,1,1,30,0,32,0,0,4,0,4,1,1,34,0,36,0,0,0,36
12/04/2014,SGJ,FL,ASO,ES,Federal Contract Tower,2,4,34,5,45,0,2,146,0,148,2,6,180,5,193,192,6,198,391
12/05/2014,SGJ,FL,ASO,ES,Federal Contract Tower,8,0,52,2,62,0,0,4,0,4,8,0,56,2,66,0,0,0,66
12/06/2014,SGJ,FL,ASO,ES,Federal Contract Tower,2,4,40,3,49,0,28,106,2,136,2,32,146,5,185,164,4,168,353
12/07/2014,SGJ,FL,ASO,ES,Federal Contract Tower,0,6,84,7,97,0,0,4,0,4,0,6,88,7,101,4,0,4,105
12/08/2014,SGJ,FL,ASO,ES,Federal Contract Tower,2,13,41,4,60,0,0,1,0,1,2,13,42,4,61,0,0,0,61
12/09/2014,SGJ,FL,ASO,ES,Federal Contract Tower,2,5,45,2,54,0,14,196,0,210,2,19,241,2,264,230,0,230,494
12/10/2014,SGJ,FL,ASO,ES,Federal Contract Tower,2,4,45,6,57,0,4,176,4,184,2,8,221,10,241,264,4,268,509
12/11/2014,SGJ,FL,ASO,ES,Federal Contract Tower,2,2,57,8,69,0,4,194,0,198,2,6,251,8,267,288,2,290,557
12/12/2014,SGJ,FL,ASO,ES,Federal Contract Tower,2,8,60,10,80,0,16,259,0,275,2,24,319,10,355,234,0,234,589
12/13/2014,SGJ,FL,ASO,ES,Federal Contract Tower,2,5,47,2,56,0,22,227,2,251,2,27,274,4,307,273,0,273,580
12/14/2014,SGJ,FL,ASO,ES,Federal Contract Tower,0,1,39,0,40,0,11,196,0,207,0,12,235,0,247,203,0,203,450
12/15/2014,SGJ,FL,ASO,ES,Federal Contract Tower,2,9,31,1,43,0,6,188,1,195,2,15,219,2,238,268,0,268,506
12/16/2014,SGJ,FL,ASO,ES,Federal Contract Tower,2,10,42,2,56,0,2,186,6,194,2,12,228,8,250,250,0,250,500
12/17/2014,SGJ,FL,ASO,ES,Federal Contract Tower,2,8,35,4,49,0,2,213,3,218,2,10,248,7,267,273,8,281,548
12/18/2014,SGJ,FL,ASO,ES,Federal Contract Tower,2,5,37,2,46,0,2,188,4,194,2,7,225,6,240,282,2,284,524
12/19/2014,SGJ,FL,ASO,ES,Federal Contract Tower,4,10,38,3,55,0,14,195,2,211,4,24,233,5,266,260,4,264,530
12/20/2014,SGJ,FL,ASO,ES,Federal Contract Tower,2,8,43,0,53,0,15,147,0,162,2,23,190,0,215,228,0,228,443
12/21/2014,SGJ,FL,ASO,ES,Federal Contract Tower,0,7,20,0,27,0,0,0,0,0,0,7,20,0,27,0,0,0,27
12/22/2014,SGJ,FL,ASO,ES,Federal Contract Tower,2,3,28,0,33,0,4,83,0,87,2,7,111,0,120,186,0,186,306
12/23/2014,SGJ,FL,ASO,ES,Federal Contract Tower,4,7,28,0,39,0,8,15,2,25,4,15,43,2,64,18,0,18,82
12/24/2014,SGJ,FL,ASO,ES,Federal Contract Tower,2,9,9,0,20,0,10,43,0,53,2,19,52,0,73,42,0,42,115
12/25/2014,SGJ,FL,ASO,ES,Federal Contract Tower,2,2,7,0,11,0,6,38,0,44,2,8,45,0,55,22,0,22,77
12/26/2014,SGJ,FL,ASO,ES,Federal Contract Tower,2,5,43,2,52,0,52,244,0,296,2,57,287,2,348,270,0,270,618
12/27/2014,SGJ,FL,ASO,ES,Federal Contract Tower,4,12,59,0,75,0,42,223,0,265,4,54,282,0,340,290,0,290,630
12/28/2014,SGJ,FL,ASO,ES,Federal Contract Tower,2,4,34,0,40,0,15,80,0,95,2,19,114,0,135,102,0,102,237
12/29/2014,SGJ,FL,ASO,ES,Federal Contract Tower,2,11,37,0,50,0,28,110,2,140,2,39,147,2,190,170,2,172,362
12/30/2014,SGJ,FL,ASO,ES,Federal Contract Tower,2,4,40,0,46,0,3,50,2,55,2,7,90,2,101,32,0,32,133
12/31/2014,SGJ,FL,ASO,ES,Federal Contract Tower,2,7,41,0,50,0,2,30,0,32,2,9,71,0,82,76,0,76,158
01/01/2015,SGJ,FL,ASO,ES,Federal Contract Tower,2,8,26,2,38,0,20,55,0,75,2,28,81,2,113,38,0,38,151
01/02/2015,SGJ,FL,ASO,ES,Federal Contract Tower,2,8,61,6,77,0,0,6,0,6,2,8,67,6,83,6,0,6,89
01/03/2015,SGJ,FL,ASO,ES,Federal Contract Tower,2,8,58,3,71,0,53,186,0,239,2,61,244,3,310,270,0,270,580
01/04/2015,SGJ,FL,ASO,ES,Federal Contract Tower,0,8,32,0,40,0,15,58,0,73,0,23,90,0,113,83,0,83,196
01/05/2015,SGJ,FL,ASO,ES,Federal Contract Tower,3,8,29,0,40,0,9,161,6,176,3,17,190,6,216,270,0,270,486
01/06/2015,SGJ,FL,ASO,ES,Federal Contract Tower,2,4,37,0,43,0,10,174,2,186,2,14,211,2,229,220,4,224,453
01/07/2015,SGJ,FL,ASO,ES,Federal Contract Tower,2,0,36,1,39,0,9,205,3,217,2,9,241,4,256,307,11,318,574
01/08/2015,SGJ,FL,ASO,ES,Federal Contract Tower,0,4,32,1,37,0,0,19,3,22,0,4,51,4,59,26,0,26,85
01/09/2015,SGJ,FL,ASO,ES,Federal Contract Tower,2,6,45,12,65,0,2,122,2,126,2,8,167,14,191,222,0,222,413
01/10/2015,SGJ,FL,ASO,ES,Federal Contract Tower,0,7,30,9,46,0,21,178,0,199,0,28,208,9,245,320,0,320,565
01/11/2015,SGJ,FL,ASO,ES,Federal Contract Tower,0,5,40,0,45,0,0,5,0,5,0,5,45,0,50,0,0,0,50
01/12/2015,SGJ,FL,ASO,ES,Federal Contract Tower,2,6,20,0,28,0,0,21,0,21,2,6,41,0,49,56,0,56,105
01/13/2015,SGJ,FL,ASO,ES,Federal Contract Tower,0,2,15,2,19,0,0,0,0,0,0,2,15,2,19,0,0,0,19
01/14/2015,SGJ,FL,ASO,ES,Federal Contract Tower,2,0,31,2,35,0,0,0,0,0,2,0,31,2,35,0,0,0,35
01/15/2015,SGJ,FL,ASO,ES,Federal Contract Tower,2,1,71,0,74,0,0,23,2,25,2,1,94,2,99,50,18,68,167
01/16/2015,SGJ,FL,ASO,ES,Federal Contract Tower,3,4,53,22,82,0,0,245,3,248,3,4,298,25,330,274,12,286,616
01/17/2015,SGJ,FL,ASO,ES,Federal Contract Tower,0,2,42,0,44,0,25,238,0,263,0,27,280,0,307,324,0,324,631
01/18/2015,SGJ,FL,ASO,ES,Federal Contract Tower,0,3,37,16,56,0,19,218,0,237,0,22,255,16,293,254,0,254,547
01/19/2015,SGJ,FL,ASO,ES,Federal Contract Tower,2,18,22,0,42,0,17,221,0,238,2,35,243,0,280,300,0,300,580
01/20/2015,SGJ,FL,ASO,ES,Federal Contract Tower,0,4,41,3,48,0,1,160,4,165,0,5,201,7,213,339,2,341,554
01/21/2015,SGJ,FL,ASO,ES,Federal Contract Tower,2,0,25,1,28,0,6,225,7,238,2,6,250,8,266,386,0,386,652
01/22/2015,SGJ,FL,ASO,ES,Federal Contract Tower,0,2,48,4,54,0,12,218,10,240,0,14,266,14,294,274,6,280,574
01/23/2015,SGJ,FL,ASO,ES,Federal Contract Tower,2,3,28,1,34,0,0,58,0,58,2,3,86,1,92,98,0,98,190
01/24/2015,SGJ,FL,ASO,ES,Federal Contract Tower,0,0,15,1,16,0,4,15,0,19,0,4,30,1,35,18,2,20,55
01/25/2015,SGJ,FL,ASO,ES,Federal Contract Tower,0,8,27,0,35,0,23,238,3,264,0,31,265,3,299,267,0,267,566
01/26/2015,SGJ,FL,ASO,ES,Federal Contract Tower,2,3,23,2,30,0,2,89,10,101,2,5,112,12,131,130,5,135,266
01/27/2015,SGJ,FL,ASO,ES,Federal Contract Tower,0,7,33,4,44,0,6,155,5,166,0,13,188,9,210,267,2,269,479
01/28/2015,SGJ,FL,ASO,ES,Federal Contract Tower,2,4,41,4,51,0,2,194,5,201,2,6,235,9,252,304,0,304,556
01/29/2015,SGJ,FL,ASO,ES,Federal Contract Tower,0,2,46,1,49,0,6,287,4,297,0,8,333,5,346,392,0,392,738
01/30/2015,SGJ,FL,ASO,ES,Federal Contract Tower,2,9,29,2,42,0,6,157,0,163,2,15,186,2,205,328,4,332,537
01/31/2015,SGJ,FL,ASO,ES,Federal Contract Tower,0,3,18,2,23,0,20,168,1,189,0,23,186,3,212,320,0,320,532
02/01/2015,SGJ,FL,ASO,ES,Federal Contract Tower,0,1,22,0,23,0,18,172,0,190,0,19,194,0,213,219,0,219,432
02/02/2015,SGJ,FL,ASO,ES,Federal Contract Tower,2,7,9,2,20,0,8,21,0,29,2,15,30,2,49,12,5,17,66
02/03/2015,SGJ,FL,ASO,ES,Federal Contract Tower,0,4,24,2,30,0,14,164,3,181,0,18,188,5,211,222,8,230,441
02/04/2015,SGJ,FL,ASO,ES,Federal Contract Tower,0,1,25,1,27,0,0,51,0,51,0,1,76,1,78,166,0,166,244
02/05/2015,SGJ,FL,ASO,ES,Federal Contract Tower,0,2,38,12,52,0,10,91,5,106,0,12,129,17,158,198,7,205,363
02/06/2015,SGJ,FL,ASO,ES,Federal Contract Tower,2,11,41,19,73,0,2,167,0,169,2,13,208,19,242,238,2,240,482
02/07/2015,SGJ,FL,ASO,ES,Federal Contract Tower,0,3,26,3,32,0,23,218,0,241,0,26,244,3,273,276,2,278,551
02/08/2015,SGJ,FL,ASO,ES,Federal Contract Tower,0,3,29,0,32,0,25,184,2,211,0,28,213,2,243,154,0,154,397
02/09/2015,SGJ,FL,ASO,ES,Federal Contract Tower,2,4,31,1,38,0,10,144,2,156,2,14,175,3,194,210,0,210,404
02/10/2015,SGJ,FL,ASO,ES,Federal Contract Tower,0,2,35,2,39,0,7,46,5,58,0,9,81,7,97,105,8,113,210
02/11/2015,SGJ,FL,ASO,ES,Federal Contract Tower,0,0,25,6,31,0,8,177,0,185,0,8,202,6,216,346,2,348,564
02/12/2015,SGJ,FL,ASO,ES,Federal Contract Tower,0,2,38,4,44,0,15,145,0,160,0,17,183,4,204,218,2,220,424
02/13/2015,SGJ,FL,ASO,ES,Federal Contract Tower,4,3,45,7,59,0,18,152,2,172,4,21,197,9,231,232,0,232,463
02/14/2015,SGJ,FL,ASO,ES,Federal Contract Tower,0,4,14,1,19,0,63,194,0,257,0,67,208,1,276,270,0,270,546
02/15/2015,SGJ,FL,ASO,ES,Federal Contract Tower,0,5,30,1,36,0,35,112,0,147,0,40,142,1,183,166,0,166,349
02/16/2015,SGJ,FL,ASO,ES,Federal Contract Tower,2,7,34,2,45,0,16,157,0,173,2,23,191,2,218,230,3,233,451
02/17/2015,SGJ,FL,ASO,ES,Federal Contract Tower,0,3,30,1,34,0,0,3,0,3,0,3,33,1,37,0,0,0,37
02/18/2015,SGJ,FL,ASO,ES,Federal Contract Tower,2,10,26,1,39,0,2,147,5,154,2,12,173,6,193,214,0,214,407
02/19/2015,SGJ,FL,ASO,ES,Federal Contract Tower,0,7,29,2,38,0,13,158,7,178,0,20,187,9,216,206,0,206,422
02/20/2015,SGJ,FL,ASO,ES,Federal Contract Tower,4,12,36,11,63,0,8,196,2,206,4,20,232,13,269,238,22,260,529
02/21/2015,SGJ,FL,ASO,ES,Federal Contract Tower,0,5,20,0,25,0,30,195,0,225,0,35,215,0,250,222,0,222,472
02/22/2015,SGJ,FL,ASO,ES,Federal Contract Tower,0,8,27,4,39,0,18,161,4,183,0,26,188,8,222,159,19,178,400
02/23/2015,SGJ,FL,ASO,ES,Federal Contract Tower,2,7,35,2,46,0,3,39,8,50,2,10,74,10,96,15,10,25,121
02/24/2015,SGJ,FL,ASO,ES,Federal Contract Tower,0,5,38,0,43,0,0,9,4,13,0,5,47,4,56,0,0,0,56
02/25/2015,SGJ,FL,ASO,ES,Federal Contract Tower,2,7,37,2,48,0,6,10,3,19,2,13,47,5,67,16,0,16,83
02/26/2015,SGJ,FL,ASO,ES,Federal Contract Tower,0,8,36,2,46,0,3,78,10,91,0,11,114,12,137,250,2,252,389
02/27/2015,SGJ,FL,ASO,ES,Federal Contract Tower,2,8,74,13,97,0,6,101,0,107,2,14,175,13,204,86,0,86,290
02/28/2015,SGJ,FL,ASO,ES,Federal Contract Tower,0,1,24,1,26,0,0,10,0,10,0,1,34,1,36,46,0,46,82
03/01/2015,SGJ,FL,ASO,ES,Federal Contract Tower,0,4,33,0,37,0,0,2,0,2,0,4,35,0,39,0,0,0,39
03/02/2015,SGJ,FL,ASO,ES,Federal Contract Tower,2,0,19,0,21,0,4,72,8,84,2,4,91,8,105,122,4,126,231
03/03/2015,SGJ,FL,ASO,ES,Federal Contract Tower,0,3,29,3,35,0,14,136,11,161,0,17,165,14,196,294,8,302,498
03/04/2015,SGJ,FL,ASO,ES,Federal Contract Tower,2,2,33,4,41,0,15,163,5,183,2,17,196,9,224,288,0,288,512
03/05/2015,SGJ,FL,ASO,ES,Federal Contract Tower,0,6,45,5,56,0,16,142,6,164,0,22,187,11,220,104,27,131,351
03/06/2015,SGJ,FL,ASO,ES,Federal Contract Tower,2,8,29,2,41,0,0,0,0,0,2,8,29,2,41,0,0,0,41
03/07/2015,SGJ,FL,ASO,ES,Federal Contract Tower,0,3,32,1,36,0,24,147,8,179,0,27,179,9,215,154,2,156,371
03/08/2015,SGJ,FL,ASO,ES,Federal Contract Tower,0,9,29,0,38,0,26,220,0,246,0,35,249,0,284,226,0,226,510
03/09/2015,SGJ,FL,ASO,ES,Federal Contract Tower,2,6,32,5,45,0,16,155,10,181,2,22,187,15,226,241,6,247,473
03/10/2015,SGJ,FL,ASO,ES,Federal Contract Tower,0,4,32,1,37,0,24,184,8,216,0,28,216,9,253,252,0,252,505
03/11/2015,SGJ,FL,ASO,ES,Federal Contract Tower,2,12,27,3,44,0,10,77,0,87,2,22,104,3,131,14,0,14,145
03/12/2015,SGJ,FL,ASO,ES,Federal Contract Tower,0,8,63,0,71,0,2,64,0,66,0,10,127,0,137,12,0,12,149
03/13/2015,SGJ,FL,ASO,ES,Federal Contract Tower,2,5,43,3,53,0,24,164,1,189,2,29,207,4,242,298,8,306,548
03/14/2015,SGJ,FL,ASO,ES,Federal Contract Tower,0,7,35,4,46,0,16,144,2,162,0,23,179,6,208,258,8,266,474
03/15/2015,SGJ,FL,ASO,ES,Federal Contract Tower,0,14,32,0,46,0,19,151,0,170,0,33,183,0,216,243,0,243,459
03/16/2015,SGJ,FL,ASO,ES,Federal Contract Tower,2,11,20,0,33,0,12,207,4,223,2,23,227,4,256,395,6,401,657
03/17/2015,SGJ,FL,ASO,ES,Federal Contract Tower,0,1,31,8,40,0,19,141,3,163,0,20,172,11,203,252,4,256,459
03/18/2015,SGJ,FL,ASO,ES,Federal Contract Tower,2,9,42,2,55,0,17,128,6,151,2,26,170,8,206,192,0,192,398
03/19/2015,SGJ,FL,ASO,ES,Federal Contract Tower,0,8,39,1,48,0,8,109,4,121,0,16,148,5,169,199,2,201,370
03/20/2015,SGJ,FL,ASO,ES,Federal Contract Tower,0,8,24,12,44,0,0,0,0,0,0,8,24,12,44,0,0,0,44
03/21/2015,SGJ,FL,ASO,ES,Federal Contract Tower,0,11,43,4,58,0,9,19,0,28,0,20,62,4,86,12,0,12,98
03/22/2015,SGJ,FL,ASO,ES,Federal Contract Tower,0,7,39,0,46,0,0,3,0,3,0,7,42,0,49,12,0,12,61
03/23/2015,SGJ,FL,ASO,ES,Federal Contract Tower,2,8,27,0,37,0,0,2,0,2,2,8,29,0,39,0,0,0,39
03/24/2015,SGJ,FL,ASO,ES,Federal Contract Tower,0,1,28,3,32,0,0,0,0,0,0,1,28,3,32,0,0,0,32
03/25/2015,SGJ,FL,ASO,ES,Federal Contract Tower,2,6,55,5,68,0,16,121,8,145,2,22,176,13,213,180,6,186,399
03/26/2015,SGJ,FL,ASO,ES,Federal Contract Tower,0,7,35,0,42,0,6,122,4,132,0,13,157,4,174,240,2,242,416
03/27/2015,SGJ,FL,ASO,ES,Federal Contract Tower,2,2,70,6,80,0,0,61,0,61,2,2,131,6,141,30,0,30,171
03/28/2015,SGJ,FL,ASO,ES,Federal Contract Tower,0,0,51,0,51,0,38,214,3,255,0,38,265,3,306,278,0,278,584
03/29/2015,SGJ,FL,ASO,ES,Federal Contract Tower,0,5,30,10,45,0,24,188,3,215,0,29,218,13,260,292,0,292,552
03/30/2015,SGJ,FL,ASO,ES,Federal Contract Tower,2,10,34,1,47,0,37,202,2,241,2,47,236,3,288,289,4,293,581
03/31/2015,SGJ,FL,ASO,ES,Federal Contract Tower,0,3,41,5,49,0,27,167,8,202,0,30,208,13,251,284,16,300,551
04/01/2015,SGJ,FL,ASO,ES,Federal Contract Tower,2,5,37,1,45,0,0,129,2,131,2,5,166,3,176,214,2,216,392
04/02/2015,SGJ,FL,ASO,ES,Federal Contract Tower,0,7,46,0,53,0,13,223,0,236,0,20,269,0,289,306,0,306,595
04/03/2015,SGJ,FL,ASO,ES,Federal Contract Tower,2,2,55,0,59,0,37,208,0,245,2,39,263,0,304,194,0,194,498
04/04/2015,SGJ,FL,ASO,ES,Federal Contract Tower,0,2,48,0,50,0,21,205,1,227,0,23,253,1,277,197,0,197,474
04/05/2015,SGJ,FL,ASO,ES,Federal Contract Tower,0,12,21,0,33,0,10,69,0,79,0,22,90,0,112,128,0,128,240
04/06/2015,SGJ,FL,ASO,ES,Federal Contract Tower,2,6,41,8,57,0,22,134,8,164,2,28,175,16,221,228,8,236,457
04/07/2015,SGJ,FL,ASO,ES,Federal Contract Tower,0,7,55,6,68,0,8,171,2,181,0,15,226,8,249,262,0,262,511
04/08/2015,SGJ,FL,ASO,ES,Federal Contract Tower,2,8,44,8,62,0,20,182,0,202,2,28,226,8,264,308,0,308,572
04/09/2015,SGJ,FL,ASO,ES,Federal Contract Tower,0,7,50,1,58,0,18,200,3,221,0,25,250,4,279,242,6,248,527
04/10/2015,SGJ,FL,ASO,ES,Federal Contract Tower,2,3,39,15,59,0,10,199,2,211,2,13,238,17,270,252,6,258,528
04/11/2015,SGJ,FL,ASO,ES,Federal Contract Tower,0,3,40,0,43,0,37,174,1,212,0,40,214,1,255,168,4,172,427
04/12/2015,SGJ,FL,ASO,ES,Federal Contract Tower,0,6,40,2,48,0,7,84,0,91,0,13,124,2,139,136,2,138,277
04/13/2015,SGJ,FL,ASO,ES,Federal Contract Tower,2,2,29,0,33,0,4,50,0,54,2,6,79,0,87,76,6,82,169
04/14/2015,SGJ,FL,ASO,ES,Federal Contract Tower,0,3,49,1,53,0,4,130,3,137,0,7,179,4,190,248,0,248,438
04/15/2015,SGJ,FL,ASO,ES,Federal Contract Tower,2,6,29,4,41,0,5,160,5,170,2,11,189,9,211,174,0,174,385
04/16/2015,SGJ,FL,ASO,ES,Federal Contract Tower,0,7,82,3,92,0,0,0,0,0,0,7,82,3,92,0,0,0,92
04/17/2015,SGJ,FL,ASO,ES,Federal Contract Tower,2,2,36,14,54,0,0,2,0,2,2,2,38,14,56,2,0,2,58
04/18/2015,SGJ,FL,ASO,ES,Federal Contract Tower,0,1,25,0,26,0,35,151,1,187,0,36,176,1,213,178,0,178,391
04/19/2015,SGJ,FL,ASO,ES,Federal Contract Tower,0,5,52,0,57,0,14,86,4,104,0,19,138,4,161,86,1,87,248
04/20/2015,SGJ,FL,ASO,ES,Federal Contract Tower,2,12,42,2,58,0,12,90,11,113,2,24,132,13,171,152,4,156,327
04/21/2015,SGJ,FL,ASO,ES,Federal Contract Tower,0,6,51,2,59,0,6,143,13,162,0,12,194,15,221,194,2,196,417
04/22/2015,SGJ,FL,ASO,ES,Federal Contract Tower,0,0,33,7,40,0,10,238,3,251,0,10,271,10,291,256,2,258,549
04/23/2015,SGJ,FL,ASO,ES,Federal Contract Tower,0,12,42,1,55,0,16,235,5,256,0,28,277,6,311,300,4,304,615
04/24/2015,SGJ,FL,ASO,ES,Federal Contract Tower,1,4,46,5,56,0,14,177,2,193,1,18,223,7,249,176,0,176,425
04/25/2015,SGJ,FL,ASO,ES,Federal Contract Tower,1,3,31,0,35,0,24,97,2,123,1,27,128,2,158,64,0,64,222
04/26/2015,SGJ,FL,ASO,ES,Federal Contract Tower,0,5,45,0,50,0,13,92,0,105,0,18,137,0,155,86,0,86,241
04/27/2015,SGJ,FL,ASO,ES,Federal Contract Tower,2,9,54,2,67,0,14,118,0,132,2,23,172,2,199,136,0,136,335
04/28/2015,SGJ,FL,ASO,ES,Federal Contract Tower,0,1,42,2,45,0,13,74,7,94,0,14,116,9,139,184,12,196,335
04/29/2015,SGJ,FL,ASO,ES,Federal Contract Tower,2,6,41,3,52,0,0,48,1,49,2,6,89,4,101,49,8,57,158
04/30/2015,SGJ,FL,ASO,ES,Federal Contract Tower,2,11,47,8,68,0,16,141,14,171,2,27,188,22,239,283,10,293,532
05/01/2015,SGJ,FL,ASO,ES,Federal Contract Tower,1,5,49,11,66,0,44,191,2,237,1,49,240,13,303,216,0,216,519
05/02/2015,SGJ,FL,ASO,ES,Federal Contract Tower,0,5,33,0,38,0,25,164,0,189,0,30,197,0,227,222,0,222,449
05/03/2015,SGJ,FL,ASO,ES,Federal Contract Tower,2,10,51,3,66,0,23,203,4,230,2,33,254,7,296,159,0,159,455
05/04/2015,SGJ,FL,ASO,ES,Federal Contract Tower,0,13,24,1,38,0,16,111,7,134,0,29,135,8,172,114,0,114,286
05/05/2015,SGJ,FL,ASO,ES,Federal Contract Tower,2,12,52,1,67,0,15,103,6,124,2,27,155,7,191,108,22,130,321
05/06/2015,SGJ,FL,ASO,ES,Federal Contract Tower,0,10,47,7,64,0,2,27,8,37,0,12,74,15,101,22,2,24,125
05/07/2015,SGJ,FL,ASO,ES,Federal Contract Tower,1,11,45,4,61,0,2,197,1,200,1,13,242,5,261,194,0,194,455
05/08/2015,SGJ,FL,ASO,ES,Federal Contract Tower,0,19,57,12,88,0,13,215,0,228,0,32,272,12,316,174,0,174,490
05/09/2015,SGJ,FL,ASO,ES,Federal Contract Tower,0,6,36,0,42,0,38,174,1,213,0,44,210,1,255,222,0,222,477
05/10/2015,SGJ,FL,ASO,ES,Federal Contract Tower,0,27,48,0,75,0,38,160,2,200,0,65,208,2,275,132,0,132,407
05/11/2015,SGJ,FL,ASO,ES,Federal Contract Tower,0,7,37,6,50,0,11,155,9,175,0,18,192,15,225,258,4,262,487
05/12/2015,SGJ,FL,ASO,ES,Federal Contract Tower,2,6,34,2,44,0,10,121,12,143,2,16,155,14,187,138,4,142,329
05/13/2015,SGJ,FL,ASO,ES,Federal Contract Tower,0,6,30,3,39,0,18,128,0,146,0,24,158,3,185,114,4,118,303
05/14/2015,SGJ,FL,ASO,ES,Federal Contract Tower,2,11,41,2,56,0,13,89,0,102,2,24,130,2,158,98,0,98,256
05/15/2015,SGJ,FL,ASO,ES,Federal Contract Tower,0,8,44,16,68,0,20,143,0,163,0,28,187,16,231,318,0,318,549
05/16/2015,SGJ,FL,ASO,ES,Federal Contract Tower,0,3,32,0,35,0,36,173,0,209,0,39,205,0,244,118,6,124,368
05/17/2015,SGJ,FL,ASO,ES,Federal Contract Tower,2,7,38,5,52,0,42,111,0,153,2,49,149,5,205,108,12,120,325
05/18/2015,SGJ,FL,ASO,ES,Federal Contract Tower,0,2,41,3,46,0,4,132,10,146,0,6,173,13,192,247,2,249,441
05/19/2015,SGJ,FL,ASO,ES,Federal Contract Tower,2,2,30,6,40,0,9,85,1,95,2,11,115,7,135,151,2,153,288
05/20/2015,SGJ,FL,ASO,ES,Federal Contract Tower,0,8,41,6,55,0,17,108,9,134,0,25,149,15,189,188,2,190,379
05/21/2015,SGJ,FL,ASO,ES,Federal Contract Tower,2,7,40,2,51,0,6,148,3,157,2,13,188,5,208,148,6,154,362
05/22/2015,SGJ,FL,ASO,ES,Federal Contract Tower,0,3,44,4,51,0,26,138,0,164,0,29,182,4,215,166,0,166,381
05/23/2015,SGJ,FL,ASO,ES,Federal Contract Tower,0,1,30,2,33,0,39,123,0,162,0,40,153,2,195,118,0,118,313
05/24/2015,SGJ,FL,ASO,ES,Federal Contract Tower,2,2,25,0,29,0,35,84,0,119,2,37,109,0,148,168,0,168,316
05/25/2015,SGJ,FL,ASO,ES,Federal Contract Tower,0,6,25,0,31,0,32,113,0,145,0,38,138,0,176,228,0,228,404
05/26/2015,SGJ,FL,ASO,ES,Federal Contract Tower,2,3,39,1,45,0,11,90,8,109,2,14,129,9,154,174,0,174,328
05/27/2015,SGJ,FL,ASO,ES,Federal Contract Tower,0,1,37,5,43,0,28,113,6,147,0,29,150,11,190,240,2,242,432
05/28/2015,SGJ,FL,ASO,ES,Federal Contract Tower,2,11,31,1,45,0,17,160,7,184,2,28,191,8,229,242,0,242,471
05/29/2015,SGJ,FL,ASO,ES,Federal Contract Tower,0,14,25,3,42,0,24,142,1,167,0,38,167,4,209,162,0,162,371
05/30/2015,SGJ,FL,ASO,ES,Federal Contract Tower,0,4,32,0,36,0,23,92,1,116,0,27,124,1,152,240,8,248,400
05/31/2015,SGJ,FL,ASO,ES,Federal Contract Tower,1,18,36,5,60,0,31,118,0,149,1,49,154,5,209,170,0,170,379
06/01/2015,SGJ,FL,ASO,ES,Federal Contract Tower,0,7,22,2,31,0,26,94,2,122,0,33,116,4,153,129,2,131,284
06/02/2015,SGJ,FL,ASO,ES,Federal Contract Tower,2,5,41,0,48,0,12,98,2,112,2,17,139,2,160,87,0,87,247
06/03/2015,SGJ,FL,ASO,ES,Federal Contract Tower,0,3,32,5,40,0,11,168,5,184,0,14,200,10,224,250,8,258,482
06/04/2015,SGJ,FL,ASO,ES,Federal Contract Tower,2,3,31,4,40,0,25,174,5,204,2,28,205,9,244,228,16,244,488
06/05/2015,SGJ,FL,ASO,ES,Federal Contract Tower,0,6,36,6,48,0,31,157,2,190,0,37,193,8,238,102,0,102,340
06/06/2015,SGJ,FL,ASO,ES,Federal Contract Tower,0,0,22,0,22,0,42,139,4,185,0,42,161,4,207,215,2,217,424
06/07/2015,SGJ,FL,ASO,ES,Federal Contract Tower,2,8,40,0,50,0,29,135,0,164,2,37,175,0,214,167,0,167,381
06/08/2015,SGJ,FL,ASO,ES,Federal Contract Tower,0,5,23,2,30,0,15,141,2,158,0,20,164,4,188,139,0,139,327
06/09/2015,SGJ,FL,ASO,ES,Federal Contract Tower,2,4,26,3,35,0,8,86,2,96,2,12,112,5,131,152,0,152,283
06/10/2015,SGJ,FL,ASO,ES,Federal Contract Tower,0,6,25,0,31,0,2,79,2,83,0,8,104,2,114,102,5,107,221
06/11/2015,SGJ,FL,ASO,ES,Federal Contract Tower,2,16,34,3,55,0,2,127,6,135,2,18,161,9,190,86,0,86,276
06/12/2015,SGJ,FL,ASO,ES,Federal Contract Tower,0,8,48,3,59,0,20,192,3,215,0,28,240,6,274,194,2,196,470
06/13/2015,SGJ,FL,ASO,ES,Federal Contract Tower,0,1,41,1,43,0,35,155,2,192,0,36,196,3,235,108,0,108,343
06/14/2015,SGJ,FL,ASO,ES,Federal Contract Tower,2,6,29,2,39,0,0,42,158,200,2,6,71,160,239,0,124,124,363
06/15/2015,SGJ,FL,ASO,ES,Federal Contract Tower,0,8,21,0,29,0,25,151,4,180,0,33,172,4,209,184,6,190,399
06/16/2015,SGJ,FL,ASO,ES,Federal Contract Tower,2,3,26,3,34,0,0,160,7,167,2,3,186,10,201,141,6,147,348
06/17/2015,SGJ,FL,ASO,ES,Federal Contract Tower,0,2,21,3,26,0,18,145,3,166,0,20,166,6,192,146,6,152,344
06/18/2015,SGJ,FL,ASO,ES,Federal Contract Tower,0,7,33,0,40,0,40,167,2,209,0,47,200,2,249,199,0,199,448
06/19/2015,SGJ,FL,ASO,ES,Federal Contract Tower,0,0,39,1,40,0,8,124,6,138,0,8,163,7,178,100,0,100,278
06/20/2015,SGJ,FL,ASO,ES,Federal Contract Tower,0,1,29,0,30,0,41,184,0,225,0,42,213,0,255,188,0,188,443
06/21/2015,SGJ,FL,ASO,ES,Federal Contract Tower,2,5,35,2,44,0,46,111,4,161,2,51,146,6,205,58,8,66,271
06/22/2015,SGJ,FL,ASO,ES,Federal Contract Tower,0,7,31,3,41,0,29,135,0,164,0,36,166,3,205,156,2,158,363
06/23/2015,SGJ,FL,ASO,ES,Federal Contract Tower,0,3,31,4,38,0,9,87,3,99,0,12,118,7,137,68,4,72,209
06/24/2015,SGJ,FL,ASO,ES,Federal Contract Tower,0,3,44,0,47,0,29,141,8,178,0,32,185,8,225,206,0,206,431
06/25/2015,SGJ,FL,ASO,ES,Federal Contract Tower,2,9,39,1,51,0,21,106,3,130,2,30,145,4,181,62,0,62,243
06/26/2015,SGJ,FL,ASO,ES,Federal Contract Tower,1,3,38,1,43,0,22,131,6,159,1,25,169,7,202,212,0,212,414
06/27/2015,SGJ,FL,ASO,ES,Federal Contract Tower,0,5,43,0,48,0,47,100,0,147,0,52,143,0,195,56,0,56,251
06/28/2015,SGJ,FL,ASO,ES,Federal Contract Tower,2,14,41,0,57,0,35,97,0,132,2,49,138,0,189,142,0,142,331
06/29/2015,SGJ,FL,ASO,ES,Federal Contract Tower,0,6,34,4,44,0,17,71,10,98,0,23,105,14,142,55,8,63,205
06/30/2015,SGJ,FL,ASO,ES,Federal Contract Tower,1,5,33,1,40,0,28,98,3,129,1,33,131,4,169,152,2,154,323
07/01/2015,SGJ,FL,ASO,ES,Federal Contract Tower,0,1,32,4,37,0,27,158,9,194,0,28,190,13,231,252,0,252,483
07/02/2015,SGJ,FL,ASO,ES,Federal Contract Tower,2,10,52,0,64,0,17,142,2,161,2,27,194,2,225,214,10,224,449
07/03/2015,SGJ,FL,ASO,ES,Federal Contract Tower,0,3,42,2,47,0,61,192,0,253,0,64,234,2,300,166,0,166,466
07/04/2015,SGJ,FL,ASO,ES,Federal Contract Tower,0,4,11,0,15,0,26,86,0,112,0,30,97,0,127,38,0,38,165
07/05/2015,SGJ,FL,ASO,ES,Federal Contract Tower,2,6,32,0,40,0,24,73,0,97,2,30,105,0,137,84,0,84,221
07/06/2015,SGJ,FL,ASO,ES,Federal Contract Tower,0,5,28,0,33,0,11,104,0,115,0,16,132,0,148,264,0,264,412
07/07/2015,SGJ,FL,ASO,ES,Federal Contract Tower,2,1,40,3,46,0,25,164,3,192,2,26,204,6,238,216,6,222,460
07/08/2015,SGJ,FL,ASO,ES,Federal Contract Tower,0,3,43,2,48,0,9,106,3,118,0,12,149,5,166,208,14,222,388
07/09/2015,SGJ,FL,ASO,ES,Federal Contract Tower,1,4,34,4,43,0,17,169,6,192,1,21,203,10,235,229,12,241,476
07/10/2015,SGJ,FL,ASO,ES,Federal Contract Tower,0,6,45,1,52,0,54,211,8,273,0,60,256,9,325,256,18,274,599
07/11/2015,SGJ,FL,ASO,ES,Federal Contract Tower,1,1,31,1,34,0,41,149,0,190,1,42,180,1,224,272,0,272,496
07/12/2015,SGJ,FL,ASO,ES,Federal Contract Tower,2,9,36,2,49,0,26,163,2,191,2,35,199,4,240,253,4,257,497
07/13/2015,SGJ,FL,ASO,ES,Federal Contract Tower,0,8,19,4,31,0,18,132,0,150,0,26,151,4,181,317,0,317,498
07/14/2015,SGJ,FL,ASO,ES,Federal Contract Tower,2,2,22,3,29,0,28,95,2,125,2,30,117,5,154,198,0,198,352
07/15/2015,SGJ,FL,ASO,ES,Federal Contract Tower,0,7,24,0,31,0,22,103,4,129,0,29,127,4,160,152,6,158,318
07/16/2015,SGJ,FL,ASO,ES,Federal Contract Tower,2,3,36,2,43,0,22,135,5,162,2,25,171,7,205,224,0,224,429
07/17/2015,SGJ,FL,ASO,ES,Federal Contract Tower,0,4,28,2,34,0,30,139,0,169,0,34,167,2,203,242,10,252,455
07/18/2015,SGJ,FL,ASO,ES,Federal Contract Tower,0,1,52,3,56,0,32,73,0,105,0,33,125,3,161,208,0,208,369
07/19/2015,SGJ,FL,ASO,ES,Federal Contract Tower,2,4,39,0,45,0,50,118,0,168,2,54,157,0,213,244,0,244,457
07/20/2015,SGJ,FL,ASO,ES,Federal Contract Tower,0,1,27,11,39,0,14,78,2,94,0,15,105,13,133,94,8,102,235
07/21/2015,SGJ,FL,ASO,ES,Federal Contract Tower,2,1,39,11,53,0,4,98,4,106,2,5,137,15,159,162,8,170,329
07/22/2015,SGJ,FL,ASO,ES,Federal Contract Tower,0,10,45,1,56,0,15,143,1,159,0,25,188,2,215,116,0,116,331
07/23/2015,SGJ,FL,ASO,ES,Federal Contract Tower,2,3,31,1,37,0,18,140,4,162,2,21,171,5,199,224,4,228,427
07/24/2015,SGJ,FL,ASO,ES,Federal Contract Tower,0,4,19,5,28,0,20,130,4,154,0,24,149,9,182,166,2,168,350
07/25/2015,SGJ,FL,ASO,ES,Federal Contract Tower,0,7,40,1,48,0,40,47,0,87,0,47,87,1,135,54,7,61,196
07/26/2015,SGJ,FL,ASO,ES,Federal Contract Tower,2,4,41,1,48,0,22,98,2,122,2,26,139,3,170,241,0,241,411
07/27/2015,SGJ,FL,ASO,ES,Federal Contract Tower,0,5,22,2,29,0,25,111,5,141,0,30,133,7,170,181,3,184,354
07/28/2015,SGJ,FL,ASO,ES,Federal Contract Tower,2,11,45,2,60,0,18,98,13,129,2,29,143,15,189,141,2,143,332
07/29/2015,SGJ,FL,ASO,ES,Federal Contract Tower,0,9,26,2,37,0,34,198,5,237,0,43,224,7,274,234,0,234,508
07/30/2015,SGJ,FL,ASO,ES,Federal Contract Tower,0,10,32,4,46,0,15,113,0,128,0,25,145,4,174,250,14,264,438
07/31/2015,SGJ,FL,ASO,ES,Federal Contract Tower,0,4,27,0,31,0,42,167,0,209,0,46,194,0,240,242,0,242,482
08/01/2015,SGJ,FL,ASO,ES,Federal Contract Tower,0,2,28,0,30,0,18,46,0,64,0,20,74,0,94,62,0,62,156
08/02/2015,SGJ,FL,ASO,ES,Federal Contract Tower,2,7,26,1,36,0,30,85,0,115,2,37,111,1,151,129,0,129,280
08/03/2015,SGJ,FL,ASO,ES,Federal Contract Tower,0,5,26,0,31,0,0,20,0,20,0,5,46,0,51,20,0,20,71
08/04/2015,SGJ,FL,ASO,ES,Federal Contract Tower,2,2,30,0,34,0,6,25,2,33,2,8,55,2,67,84,0,84,151
08/05/2015,SGJ,FL,ASO,ES,Federal Contract Tower,0,1,27,1,29,0,44,189,3,236,0,45,216,4,265,303,0,303,568
08/06/2015,SGJ,FL,ASO,ES,Federal Contract Tower,1,5,23,2,31,0,32,177,1,210,1,37,200,3,241,278,0,278,519
08/07/2015,SGJ,FL,ASO,ES,Federal Contract Tower,1,0,30,7,38,0,10,105,2,117,1,10,135,9,155,92,2,94,249
08/08/2015,SGJ,FL,ASO,ES,Federal Contract Tower,0,3,39,0,42,0,53,192,0,245,0,56,231,0,287,306,0,306,593
08/09/2015,SGJ,FL,ASO,ES,Federal Contract Tower,2,4,29,1,36,0,44,120,1,165,2,48,149,2,201,257,0,257,458
08/10/2015,SGJ,FL,ASO,ES,Federal Contract Tower,0,4,39,5,48,0,26,186,2,214,0,30,225,7,262,212,0,212,474
08/11/2015,SGJ,FL,ASO,ES,Federal Contract Tower,1,1,36,0,38,0,21,133,3,157,1,22,169,3,195,336,2,338,533
08/12/2015,SGJ,FL,ASO,ES,Federal Contract Tower,0,1,19,0,20,0,17,165,4,186,0,18,184,4,206,225,0,225,431
08/13/2015,SGJ,FL,ASO,ES,Federal Contract Tower,2,7,26,2,37,0,8,96,3,107,2,15,122,5,144,264,0,264,408
08/14/2015,SGJ,FL,ASO,ES,Federal Contract Tower,0,4,25,4,33,0,23,153,4,180,0,27,178,8,213,218,20,238,451
08/15/2015,SGJ,FL,ASO,ES,Federal Contract Tower,0,4,21,0,25,0,28,129,0,157,0,32,150,0,182,252,0,252,434
08/16/2015,SGJ,FL,ASO,ES,Federal Contract Tower,2,5,29,0,36,0,14,47,0,61,2,19,76,0,97,60,0,60,157
08/17/2015,SGJ,FL,ASO,ES,Federal Contract Tower,0,7,32,0,39,0,7,80,0,87,0,14,112,0,126,119,0,119,245
08/18/2015,SGJ,FL,ASO,ES,Federal Contract Tower,2,0,38,1,41,0,26,131,3,160,2,26,169,4,201,310,0,310,511
08/19/2015,SGJ,FL,ASO,ES,Federal Contract Tower,0,5,60,3,68,0,7,131,0,138,0,12,191,3,206,180,2,182,388
08/20/2015,SGJ,FL,ASO,ES,Federal Contract Tower,1,10,47,2,60,0,16,146,4,166,1,26,193,6,226,248,8,256,482
08/21/2015,SGJ,FL,ASO,ES,Federal Contract Tower,0,3,44,0,47,0,14,177,2,193,0,17,221,2,240,134,0,134,374
08/22/2015,SGJ,FL,ASO,ES,Federal Contract Tower,0,3,23,0,26,0,34,155,2,191,0,37,178,2,217,204,6,210,427
08/23/2015,SGJ,FL,ASO,ES,Federal Contract Tower,2,3,28,2,35,0,17,121,1,139,2,20,149,3,174,141,18,159,333
08/24/2015,SGJ,FL,ASO,ES,Federal Contract Tower,0,3,33,1,37,0,6,121,3,130,0,9,154,4,167,217,2,219,386
08/25/2015,SGJ,FL,ASO,ES,Federal Contract Tower,1,4,27,1,33,0,10,123,2,135,1,14,150,3,168,124,0,124,292
08/26/2015,SGJ,FL,ASO,ES,Federal Contract Tower,0,1,6,2,9,0,12,94,7,113,0,13,100,9,122,192,4,196,318
08/27/2015,SGJ,FL,ASO,ES,Federal Contract Tower,2,7,27,4,40,0,24,122,6,152,2,31,149,10,192,254,7,261,453
08/28/2015,SGJ,FL,ASO,ES,Federal Contract Tower,0,0,29,10,39,0,13,107,3,123,0,13,136,13,162,158,2,160,322
08/29/2015,SGJ,FL,ASO,ES,Federal Contract Tower,0,0,21,0,21,0,29,88,0,117,0,29,109,0,138,148,0,148,286
08/30/2015,SGJ,FL,ASO,ES,Federal Contract Tower,2,7,12,2,23,0,0,16,0,16,2,7,28,2,39,14,0,14,53
08/31/2015,SGJ,FL,ASO,ES,Federal Contract Tower,0,2,35,0,37,0,16,40,2,58,0,18,75,2,95,84,0,84,179
09/01/2015,SGJ,FL,ASO,ES,Federal Contract Tower,2,4,34,4,44,0,6,85,0,91,2,10,119,4,135,142,6,148,283
09/02/2015,SGJ,FL,ASO,ES,Federal Contract Tower,0,1,23,4,28,0,5,87,5,97,0,6,110,9,125,86,10,96,221
09/03/2015,SGJ,FL,ASO,ES,Federal Contract Tower,2,6,50,6,64,0,6,103,8,117,2,12,153,14,181,215,4,219,400
09/04/2015,SGJ,FL,ASO,ES,Federal Contract Tower,0,4,28,5,37,0,20,133,1,154,0,24,161,6,191,175,2,177,368
09/05/2015,SGJ,FL,ASO,ES,Federal Contract Tower,0,1,8,0,9,0,27,72,1,100,0,28,80,1,109,74,0,74,183
09/06/2015,SGJ,FL,ASO,ES,Federal Contract Tower,2,2,13,0,17,0,34,82,0,116,2,36,95,0,133,140,0,140,273
09/07/2015,SGJ,FL,ASO,ES,Federal Contract Tower,0,8,30,0,38,0,21,108,0,129,0,29,138,0,167,150,0,150,317
09/08/2015,SGJ,FL,ASO,ES,Federal Contract Tower,2,6,19,0,27,0,12,85,4,101,2,18,104,4,128,130,10,140,268
09/09/2015,SGJ,FL,ASO,ES,Federal Contract Tower,0,0,37,5,42,0,22,138,5,165,0,22,175,10,207,128,5,133,340
09/10/2015,SGJ,FL,ASO,ES,Federal Contract Tower,0,6,38,1,45,0,6,92,4,102,0,12,130,5,147,152,2,154,301
09/11/2015,SGJ,FL,ASO,ES,Federal Contract Tower,0,2,46,4,52,0,16,82,0,98,0,18,128,4,150,176,0,176,326
09/12/2015,SGJ,FL,ASO,ES,Federal Contract Tower,0,0,14,0,14,0,2,42,0,44,0,2,56,0,58,50,0,50,108
09/13/2015,SGJ,FL,ASO,ES,Federal Contract Tower,2,8,35,0,45,0,10,122,4,136,2,18,157,4,181,114,0,114,295
09/14/2015,SGJ,FL,ASO,ES,Federal Contract Tower,0,5,32,8,45,0,16,120,8,144,0,21,152,16,189,102,10,112,301
09/15/2015,SGJ,FL,ASO,ES,Federal Contract Tower,2,2,23,1,28,0,0,37,0,37,2,2,60,1,65,84,2,86,151
09/16/2015,SGJ,FL,ASO,ES,Federal Contract Tower,0,2,33,6,41,0,4,50,0,54,0,6,83,6,95,90,2,92,187
09/17/2015,SGJ,FL,ASO,ES,Federal Contract Tower,2,9,31,8,50,0,0,34,2,36,2,9,65,10,86,50,0,50,136
09/18/2015,SGJ,FL,ASO,ES,Federal Contract Tower,0,5,50,5,60,0,0,50,0,50,0,5,100,5,110,154,0,154,264
09/19/2015,SGJ,FL,ASO,ES,Federal Contract Tower,0,2,33,0,35,0,20,43,0,63,0,22,76,0,98,48,0,48,146
09/20/2015,SGJ,FL,ASO,ES,Federal Contract Tower,0,4,17,4,25,0,24,178,0,202,0,28,195,4,227,222,0,222,449
09/21/2015,SGJ,FL,ASO,ES,Federal Contract Tower,0,6,28,1,35,0,12,121,4,137,0,18,149,5,172,166,0,166,338
09/22/2015,SGJ,FL,ASO,ES,Federal Contract Tower,1,1,32,2,36,0,12,113,2,127,1,13,145,4,163,227,0,227,390
09/23/2015,SGJ,FL,ASO,ES,Federal Contract Tower,0,1,42,2,45,0,4,24,0,28,0,5,66,2,73,18,0,18,91
09/24/2015,SGJ,FL,ASO,ES,Federal Contract Tower,2,9,43,0,54,0,4,49,0,53,2,13,92,0,107,66,4,70,177
09/25/2015,SGJ,FL,ASO,ES,Federal Contract Tower,0,0,32,3,35,0,14,67,0,81,0,14,99,3,116,128,0,128,244
09/26/2015,SGJ,FL,ASO,ES,Federal Contract Tower,0,2,31,0,33,0,33,135,0,168,0,35,166,0,201,196,0,196,397
09/27/2015,SGJ,FL,ASO,ES,Federal Contract Tower,2,2,24,9,37,0,2,35,1,38,2,4,59,10,75,44,0,44,119
09/28/2015,SGJ,FL,ASO,ES,Federal Contract Tower,0,2,32,0,34,0,10,48,14,72,0,12,80,14,106,142,4,146,252
09/29/2015,SGJ,FL,ASO,ES,Federal Contract Tower,2,3,15,0,20,0,9,88,3,100,2,12,103,3,120,246,2,248,368
09/30/2015,SGJ,FL,ASO,ES,Federal Contract Tower,0,4,26,6,36,0,4,62,2,68,0,8,88,8,104,140,2,142,246
10/01/2015,SGJ,FL,ASO,ES,Federal Contract Tower,2,9,28,3,42,0,4,35,10,49,2,13,63,13,91,76,0,76,167
10/02/2015,SGJ,FL,ASO,ES,Federal Contract Tower,0,6,20,6,32,0,2,0,1,3,0,8,20,7,35,2,10,12,47
10/03/2015,SGJ,FL,ASO,ES,Federal Contract Tower,0,0,36,0,36,0,30,45,0,75,0,30,81,0,111,50,0,50,161
10/04/2015,SGJ,FL,ASO,ES,Federal Contract Tower,2,7,25,1,35,0,26,106,0,132,2,33,131,1,167,70,0,70,237
10/05/2015,SGJ,FL,ASO,ES,Federal Contract Tower,0,2,50,0,52,0,4,66,18,88,0,6,116,18,140,96,0,96,236
10/06/2015,SGJ,FL,ASO,ES,Federal Contract Tower,2,4,52,4,62,0,6,53,2,61,2,10,105,6,123,73,2,75,198
10/07/2015,SGJ,FL,ASO,ES,Federal Contract Tower,0,2,51,4,57,0,26,172,1,199,0,28,223,5,256,294,6,300,556
10/08/2015,SGJ,FL,ASO,ES,Federal Contract Tower,2,6,37,0,45,0,8,126,2,136,2,14,163,2,181,145,10,155,336
10/09/2015,SGJ,FL,ASO,ES,Federal Contract Tower,0,0,35,0,35,0,17,130,2,149,0,17,165,2,184,200,0,200,384
10/10/2015,SGJ,FL,ASO,ES,Federal Contract Tower,0,2,22,0,24,0,34,83,0,117,0,36,105,0,141,92,0,92,233
10/11/2015,SGJ,FL,ASO,ES,Federal Contract Tower,2,5,31,2,40,0,31,82,0,113,2,36,113,2,153,156,6,162,315
10/12/2015,SGJ,FL,ASO,ES,Federal Contract Tower,0,1,30,0,31,0,19,146,2,167,0,20,176,2,198,206,0,206,404
10/13/2015,SGJ,FL,ASO,ES,Federal Contract Tower,2,3,25,1,31,0,12,134,3,149,2,15,159,4,180,196,0,196,376
10/14/2015,SGJ,FL,ASO,ES,Federal Contract Tower,0,11,34,2,47,0,9,123,0,132,0,20,157,2,179,208,0,208,387
10/15/2015,SGJ,FL,ASO,ES,Federal Contract Tower,2,8,28,0,38,0,18,135,0,153,2,26,163,0,191,240,18,258,449
10/16/2015,SGJ,FL,ASO,ES,Federal Contract Tower,0,7,30,2,39,0,15,167,8,190,0,22,197,10,229,231,0,231,460
10/17/2015,SGJ,FL,ASO,ES,Federal Contract Tower,0,1,24,0,25,0,31,135,1,167,0,32,159,1,192,116,2,118,310
10/18/2015,SGJ,FL,ASO,ES,Federal Contract Tower,2,6,23,0,31,0,6,55,4,65,2,12,78,4,96,20,0,20,116
10/19/2015,SGJ,FL,ASO,ES,Federal Contract Tower,0,9,31,1,41,0,0,57,5,62,0,9,88,6,103,128,0,128,231
10/20/2015,SGJ,FL,ASO,ES,Federal Contract Tower,2,4,27,4,37,0,8,88,5,101,2,12,115,9,138,30,2,32,170
10/21/2015,SGJ,FL,ASO,ES,Federal Contract Tower,0,4,32,0,36,0,2,101,2,105,0,6,133,2,141,198,14,212,353
10/22/2015,SGJ,FL,ASO,ES,Federal Contract Tower,1,15,35,6,57,0,16,142,3,161,1,31,177,9,218,240,2,242,460
10/23/2015,SGJ,FL,ASO,ES,Federal Contract Tower,0,10,33,0,43,0,18,134,3,155,0,28,167,3,198,210,0,210,408
10/24/2015,SGJ,FL,ASO,ES,Federal Contract Tower,0,4,22,0,26,0,32,128,0,160,0,36,150,0,186,276,0,276,462
10/25/2015,SGJ,FL,ASO,ES,Federal Contract Tower,0,9,23,1,33,0,19,134,0,153,0,28,157,1,186,208,0,208,394
10/26/2015,SGJ,FL,ASO,ES,Federal Contract Tower,2,6,26,1,35,0,2,106,2,110,2,8,132,3,145,242,12,254,399
10/27/2015,SGJ,FL,ASO,ES,Federal Contract Tower,0,9,29,1,39,0,0,85,2,87,0,9,114,3,126,178,6,184,310
10/28/2015,SGJ,FL,ASO,ES,Federal Contract Tower,2,4,52,1,59,0,8,86,0,94,2,12,138,1,153,134,0,134,287
10/29/2015,SGJ,FL,ASO,ES,Federal Contract Tower,1,8,44,0,53,0,12,108,4,124,1,20,152,4,177,178,4,182,359
10/30/2015,SGJ,FL,ASO,ES,Federal Contract Tower,2,4,32,9,47,0,24,151,3,178,2,28,183,12,225,298,4,302,527
10/31/2015,SGJ,FL,ASO,ES,Federal Contract Tower,2,7,27,0,36,0,33,192,3,228,2,40,219,3,264,314,0,314,578
11/01/2015,SGJ,FL,ASO,ES,Federal Contract Tower,0,6,28,4,38,0,17,160,1,178,0,23,188,5,216,164,0,164,380
11/02/2015,SGJ,FL,ASO,ES,Federal Contract Tower,2,4,29,1,36,0,22,91,2,115,2,26,120,3,151,104,0,104,255
11/03/2015,SGJ,FL,ASO,ES,Federal Contract Tower,0,0,29,0,29,0,11,135,0,146,0,11,164,0,175,366,0,366,541
11/04/2015,SGJ,FL,ASO,ES,Federal Contract Tower,2,3,36,9,50,0,23,133,3,159,2,26,169,12,209,306,10,316,525
11/05/2015,SGJ,FL,ASO,ES,Federal Contract Tower,0,8,35,1,44,0,10,140,0,150,0,18,175,1,194,264,0,264,458
11/06/2015,SGJ,FL,ASO,ES,Federal Contract Tower,2,6,42,13,63,0,25,165,13,203,2,31,207,26,266,314,20,334,600
11/07/2015,SGJ,FL,ASO,ES,Federal Contract Tower,2,0,16,0,18,0,26,150,3,179,2,26,166,3,197,282,4,286,483
11/08/2015,SGJ,FL,ASO,ES,Federal Contract Tower,0,5,34,4,43,0,0,24,3,27,0,5,58,7,70,2,0,2,72
11/09/2015,SGJ,FL,ASO,ES,Federal Contract Tower,2,4,30,5,41,0,15,71,1,87,2,19,101,6,128,202,0,202,330
11/10/2015,SGJ,FL,ASO,ES,Federal Contract Tower,0,6,46,3,55,0,9,49,4,62,0,15,95,7,117,84,2,86,203
11/11/2015,SGJ,FL,ASO,ES,Federal Contract Tower,2,8,33,1,44,0,12,222,4,238,2,20,255,5,282,332,0,332,614
11/12/2015,SGJ,FL,ASO,ES,Federal Contract Tower,0,12,26,3,41,0,13,175,6,194,0,25,201,9,235,188,4,192,427
11/13/2015,SGJ,FL,ASO,ES,Federal Contract Tower,2,6,26,3,37,0,11,196,4,211,2,17,222,7,248,256,6,262,510
11/14/2015,SGJ,FL,ASO,ES,Federal Contract Tower,2,2,20,1,25,0,28,134,0,162,2,30,154,1,187,186,2,188,375
11/15/2015,SGJ,FL,ASO,ES,Federal Contract Tower,0,11,30,0,41,0,32,119,0,151,0,43,149,0,192,216,0,216,408
11/16/2015,SGJ,FL,ASO,ES,Federal Contract Tower,2,6,21,8,37,0,10,152,9,171,2,16,173,17,208,192,10,202,410
11/17/2015,SGJ,FL,ASO,ES,Federal Contract Tower,0,7,35,6,48,0,36,192,9,237,0,43,227,15,285,222,2,224,509
11/18/2015,SGJ,FL,ASO,ES,Federal Contract Tower,2,6,52,2,62,0,3,80,13,96,2,9,132,15,158,194,0,194,352
11/19/2015,SGJ,FL,ASO,ES,Federal Contract Tower,0,17,45,6,68,0,4,99,10,113,0,21,144,16,181,252,0,252,433
11/20/2015,SGJ,FL,ASO,ES,Federal Contract Tower,2,20,42,1,65,0,12,153,18,183,2,32,195,19,248,214,14,228,476
11/21/2015,SGJ,FL,ASO,ES,Federal Contract Tower,2,8,39,0,49,0,18,114,0,132,2,26,153,0,181,174,0,174,355
11/22/2015,SGJ,FL,ASO,ES,Federal Contract Tower,0,9,45,1,55,0,2,24,0,26,0,11,69,1,81,38,0,38,119
11/23/2015,SGJ,FL,ASO,ES,Federal Contract Tower,2,17,32,3,54,0,16,169,2,187,2,33,201,5,241,160,0,160,401
11/24/2015,SGJ,FL,ASO,ES,Federal Contract Tower,0,8,39,5,52,0,9,141,2,152,0,17,180,7,204,170,10,180,384
11/25/2015,SGJ,FL,ASO,ES,Federal Contract Tower,2,7,45,2,56,0,8,156,6,170,2,15,201,8,226,182,0,182,408
11/26/2015,SGJ,FL,ASO,ES,Federal Contract Tower,0,4,17,0,21,0,0,30,0,30,0,4,47,0,51,2,0,2,53
11/27/2015,SGJ,FL,ASO,ES,Federal Contract Tower,2,4,26,0,32,0,18,128,0,146,2,22,154,0,178,196,0,196,374
11/28/2015,SGJ,FL,ASO,ES,Federal Contract Tower,2,15,43,0,60,0,15,79,0,94,2,30,122,0,154,46,0,46,200
11/29/2015,SGJ,FL,ASO,ES,Federal Contract Tower,0,11,32,0,43,0,27,158,0,185,0,38,190,0,228,196,0,196,424
11/30/2015,SGJ,FL,ASO,ES,Federal Contract Tower,2,4,34,3,43,0,13,160,4,177,2,17,194,7,220,219,0,219,439
12/01/2015,SGJ,FL,ASO,ES,Federal Contract Tower,0,3,36,6,45,0,5,146,11,162,0,8,182,17,207,208,4,212,419
12/02/2015,SGJ,FL,ASO,ES,Federal Contract Tower,2,4,38,1,45,0,0,157,3,160,2,4,195,4,205,256,6,262,467
12/03/2015,SGJ,FL,ASO,ES,Federal Contract Tower,0,6,41,0,47,0,0,134,11,145,0,6,175,11,192,248,10,258,450
12/04/2015,SGJ,FL,ASO,ES,Federal Contract Tower,2,10,45,1,58,0,1,10,3,14,2,11,55,4,72,4,0,4,76
12/05/2015,SGJ,FL,ASO,ES,Federal Contract Tower,2,0,29,1,32,0,0,0,0,0,2,0,29,1,32,0,0,0,32
12/06/2015,SGJ,FL,ASO,ES,Federal Contract Tower,0,5,37,0,42,0,0,19,2,21,0,5,56,2,63,6,0,6,69
12/07/2015,SGJ,FL,ASO,ES,Federal Contract Tower,2,20,22,2,46,0,8,79,8,95,2,28,101,10,141,102,4,106,247
12/08/2015,SGJ,FL,ASO,ES,Federal Contract Tower,0,5,33,1,39,0,10,188,7,205,0,15,221,8,244,236,2,238,482
12/09/2015,SGJ,FL,ASO,ES,Federal Contract Tower,2,3,26,2,33,0,12,178,2,192,2,15,204,4,225,268,8,276,501
12/10/2015,SGJ,FL,ASO,ES,Federal Contract Tower,0,4,31,0,35,0,16,222,4,242,0,20,253,4,277,301,8,309,586
12/11/2015,SGJ,FL,ASO,ES,Federal Contract Tower,2,5,39,2,48,0,12,241,0,253,2,17,280,2,301,262,0,262,563
12/12/2015,SGJ,FL,ASO,ES,Federal Contract Tower,2,6,27,0,35,0,52,200,1,253,2,58,227,1,288,217,0,217,505
12/13/2015,SGJ,FL,ASO,ES,Federal Contract Tower,0,8,24,0,32,0,29,141,0,170,0,37,165,0,202,148,0,148,350
12/14/2015,SGJ,FL,ASO,ES,Federal Contract Tower,2,5,29,3,39,0,10,67,6,83,2,15,96,9,122,168,0,168,290
12/15/2015,SGJ,FL,ASO,ES,Federal Contract Tower,0,2,58,0,60,0,0,0,0,0,0,2,58,0,60,0,0,0,60
12/16/2015,SGJ,FL,ASO,ES,Federal Contract Tower,2,4,30,4,40,0,8,103,3,114,2,12,133,7,154,118,4,122,276
12/17/2015,SGJ,FL,ASO,ES,Federal Contract Tower,0,7,42,2,51,0,12,140,0,152,0,19,182,2,203,300,0,300,503
12/18/2015,SGJ,FL,ASO,ES,Federal Contract Tower,2,2,44,3,51,0,27,98,0,125,2,29,142,3,176,228,4,232,408
12/19/2015,SGJ,FL,ASO,ES,Federal Contract Tower,2,10,15,0,27,0,41,157,0,198,2,51,172,0,225,180,0,180,405
12/20/2015,SGJ,FL,ASO,ES,Federal Contract Tower,0,2,22,0,24,0,16,139,1,156,0,18,161,1,180,178,0,178,358
12/21/2015,SGJ,FL,ASO,ES,Federal Contract Tower,2,5,41,3,51,0,15,125,3,143,2,20,166,6,194,136,2,138,332
12/22/2015,SGJ,FL,ASO,ES,Federal Contract Tower,0,2,32,6,40,0,14,70,5,89,0,16,102,11,129,162,2,164,293
12/23/2015,SGJ,FL,ASO,ES,Federal Contract Tower,2,7,30,4,43,0,24,73,2,99,2,31,103,6,142,192,8,200,342
12/24/2015,SGJ,FL,ASO,ES,Federal Contract Tower,0,0,24,0,24,0,18,25,0,43,0,18,49,0,67,6,0,6,73
12/25/2015,SGJ,FL,ASO,ES,Federal Contract Tower,2,2,10,1,15,0,0,5,0,5,2,2,15,1,20,10,0,10,30
12/26/2015,SGJ,FL,ASO,ES,Federal Contract Tower,2,10,40,0,52,0,39,105,0,144,2,49,145,0,196,190,0,190,386
12/27/2015,SGJ,FL,ASO,ES,Federal Contract Tower,0,5,44,0,49,0,36,131,0,167,0,41,175,0,216,178,0,178,394
12/28/2015,SGJ,FL,ASO,ES,Federal Contract Tower,2,3,36,1,42,0,28,94,0,122,2,31,130,1,164,118,0,118,282
12/29/2015,SGJ,FL,ASO,ES,Federal Contract Tower,0,16,37,0,53,0,29,115,13,157,0,45,152,13,210,218,0,218,428
12/30/2015,SGJ,FL,ASO,ES,Federal Contract Tower,2,7,27,1,37,0,30,109,0,139,2,37,136,1,176,112,0,112,288
12/31/2015,SGJ,FL,ASO,ES,Federal Contract Tower,4,2,20,0,26,0,43,88,0,131,4,45,108,0,157,189,0,189,346
01/01/2016,SGJ,FL,ASO,ES,Federal Contract Tower,2,2,11,0,15,0,2,1,0,3,2,4,12,0,18,0,0,0,18
01/02/2016,SGJ,FL,ASO,ES,Federal Contract Tower,2,6,38,0,46,0,12,36,0,48,2,18,74,0,94,132,0,132,226
01/03/2016,SGJ,FL,ASO,ES,Federal Contract Tower,0,4,24,0,28,0,0,4,0,4,0,4,28,0,32,0,0,0,32
01/04/2016,SGJ,FL,ASO,ES,Federal Contract Tower,3,7,23,2,35,0,4,160,5,169,3,11,183,7,204,198,0,198,402
01/05/2016,SGJ,FL,ASO,ES,Federal Contract Tower,0,1,22,0,23,0,4,38,0,42,0,5,60,0,65,70,10,80,145
01/06/2016,SGJ,FL,ASO,ES,Federal Contract Tower,0,1,25,3,29,0,0,0,0,0,0,1,25,3,29,0,0,0,29
01/07/2016,SGJ,FL,ASO,ES,Federal Contract Tower,2,6,24,4,36,0,0,1,0,1,2,6,25,4,37,0,0,0,37
01/08/2016,SGJ,FL,ASO,ES,Federal Contract Tower,0,3,41,1,45,0,12,53,0,65,0,15,94,1,110,108,0,108,218
01/09/2016,SGJ,FL,ASO,ES,Federal Contract Tower,0,1,18,0,19,0,0,0,0,0,0,1,18,0,19,0,0,0,19
01/10/2016,SGJ,FL,ASO,ES,Federal Contract Tower,0,6,27,2,35,0,24,172,3,199,0,30,199,5,234,216,0,216,450
01/11/2016,SGJ,FL,ASO,ES,Federal Contract Tower,0,3,34,6,43,0,30,172,21,223,0,33,206,27,266,273,0,273,539
01/12/2016,SGJ,FL,ASO,ES,Federal Contract Tower,0,1,42,2,45,0,17,192,2,211,0,18,234,4,256,284,0,284,540
01/13/2016,SGJ,FL,ASO,ES,Federal Contract Tower,1,1,27,6,35,0,4,188,9,201,1,5,215,15,236,250,2,252,488
01/14/2016,SGJ,FL,ASO,ES,Federal Contract Tower,2,4,38,8,52,0,10,186,6,202,2,14,224,14,254,193,2,195,449
01/15/2016,SGJ,FL,ASO,ES,Federal Contract Tower,0,1,11,0,12,0,0,52,9,61,0,1,63,9,73,58,0,58,131
01/16/2016,SGJ,FL,ASO,ES,Federal Contract Tower,0,11,39,0,50,0,20,119,0,139,0,31,158,0,189,208,0,208,397
01/17/2016,SGJ,FL,ASO,ES,Federal Contract Tower,1,4,17,0,22,0,4,76,0,80,1,8,93,0,102,154,0,154,256
01/18/2016,SGJ,FL,ASO,ES,Federal Contract Tower,0,4,40,1,45,0,9,194,0,203,0,13,234,1,248,291,0,291,539
01/19/2016,SGJ,FL,ASO,ES,Federal Contract Tower,0,8,18,1,27,0,0,143,7,150,0,8,161,8,177,280,0,280,457
01/20/2016,SGJ,FL,ASO,ES,Federal Contract Tower,0,3,20,5,28,0,19,185,2,206,0,22,205,7,234,270,4,274,508
01/21/2016,SGJ,FL,ASO,ES,Federal Contract Tower,0,3,22,3,28,0,13,222,11,246,0,16,244,14,274,304,7,311,585
01/22/2016,SGJ,FL,ASO,ES,Federal Contract Tower,0,2,21,1,24,0,0,10,1,11,0,2,31,2,35,48,0,48,83
01/23/2016,SGJ,FL,ASO,ES,Federal Contract Tower,0,5,8,0,13,0,4,5,0,9,0,9,13,0,22,26,0,26,48
01/24/2016,SGJ,FL,ASO,ES,Federal Contract Tower,0,4,43,0,47,0,28,210,0,238,0,32,253,0,285,141,0,141,426
01/25/2016,SGJ,FL,ASO,ES,Federal Contract Tower,0,3,31,2,36,0,8,164,10,182,0,11,195,12,218,242,0,242,460
01/26/2016,SGJ,FL,ASO,ES,Federal Contract Tower,0,5,34,0,39,0,15,170,12,197,0,20,204,12,236,291,0,291,527
01/27/2016,SGJ,FL,ASO,ES,Federal Contract Tower,0,4,21,1,26,0,2,21,0,23,0,6,42,1,49,118,4,122,171
01/28/2016,SGJ,FL,ASO,ES,Federal Contract Tower,0,3,11,0,14,0,0,0,0,0,0,3,11,0,14,0,0,0,14
01/29/2016,SGJ,FL,ASO,ES,Federal Contract Tower,0,10,44,2,56,0,22,192,8,222,0,32,236,10,278,250,16,266,544
01/30/2016,SGJ,FL,ASO,ES,Federal Contract Tower,0,7,19,0,26,0,25,291,1,317,0,32,310,1,343,302,0,302,645
01/31/2016,SGJ,FL,ASO,ES,Federal Contract Tower,0,7,47,0,54,0,22,253,0,275,0,29,300,0,329,258,0,258,587
02/01/2016,SGJ,FL,ASO,ES,Federal Contract Tower,0,3,33,1,37,0,8,203,12,223,0,11,236,13,260,205,0,205,465
02/02/2016,SGJ,FL,ASO,ES,Federal Contract Tower,0,7,35,2,44,0,1,110,8,119,0,8,145,10,163,162,8,170,333
02/03/2016,SGJ,FL,ASO,ES,Federal Contract Tower,0,4,41,2,47,0,9,102,10,121,0,13,143,12,168,156,38,194,362
02/04/2016,SGJ,FL,ASO,ES,Federal Contract Tower,0,5,19,1,25,0,0,46,0,46,0,5,65,1,71,42,10,52,123
02/05/2016,SGJ,FL,ASO,ES,Federal Contract Tower,0,7,34,2,43,0,5,166,8,179,0,12,200,10,222,104,8,112,334
02/06/2016,SGJ,FL,ASO,ES,Federal Contract Tower,0,0,23,1,24,0,8,68,0,76,0,8,91,1,100,146,0,146,246
02/07/2016,SGJ,FL,ASO,ES,Federal Contract Tower,0,8,20,0,28,0,14,66,0,80,0,22,86,0,108,143,0,143,251
02/08/2016,SGJ,FL,ASO,ES,Federal Contract Tower,0,4,16,4,24,0,3,135,7,145,0,7,151,11,169,80,6,86,255
02/09/2016,SGJ,FL,ASO,ES,Federal Contract Tower,0,2,17,0,19,0,0,39,3,42,0,2,56,3,61,6,3,9,70
02/10/2016,SGJ,FL,ASO,ES,Federal Contract Tower,0,4,42,5,51,0,4,149,7,160,0,8,191,12,211,206,18,224,435
02/11/2016,SGJ,FL,ASO,ES,Federal Contract Tower,0,7,31,6,44,0,16,218,1,235,0,23,249,7,279,263,0,263,542
02/12/2016,SGJ,FL,ASO,ES,Federal Contract Tower,0,5,48,1,54,0,11,176,2,189,0,16,224,3,243,104,2,106,349
02/13/2016,SGJ,FL,ASO,ES,Federal Contract Tower,0,0,20,3,23,0,66,206,1,273,0,66,226,4,296,354,0,354,650
02/14/2016,SGJ,FL,ASO,ES,Federal Contract Tower,0,11,29,1,41,0,72,155,0,227,0,83,184,1,268,235,0,235,503
02/15/2016,SGJ,FL,ASO,ES,Federal Contract Tower,0,7,27,9,43,0,22,159,2,183,0,29,186,11,226,280,0,280,506
02/16/2016,SGJ,FL,ASO,ES,Federal Contract Tower,0,6,34,2,42,0,26,136,6,168,0,32,170,8,210,201,9,210,420
02/17/2016,SGJ,FL,ASO,ES,Federal Contract Tower,0,4,37,3,44,0,13,214,11,238,0,17,251,14,282,188,12,200,482
02/18/2016,SGJ,FL,ASO,ES,Federal Contract Tower,0,7,49,4,60,0,6,205,13,224,0,13,254,17,284,229,0,229,513
02/19/2016,SGJ,FL,ASO,ES,Federal Contract Tower,0,1,50,1,52,0,11,201,4,216,0,12,251,5,268,130,2,132,400
02/20/2016,SGJ,FL,ASO,ES,Federal Contract Tower,0,2,30,0,32,0,28,246,2,276,0,30,276,2,308,181,0,181,489
02/21/2016,SGJ,FL,ASO,ES,Federal Contract Tower,0,6,35,5,46,0,28,214,5,247,0,34,249,10,293,300,2,302,595
02/22/2016,SGJ,FL,ASO,ES,Federal Contract Tower,0,3,43,9,55,0,10,214,10,234,0,13,257,19,289,277,18,295,584
02/23/2016,SGJ,FL,ASO,ES,Federal Contract Tower,0,4,37,5,46,0,4,154,11,169,0,8,191,16,215,247,9,256,471
02/24/2016,SGJ,FL,ASO,ES,Federal Contract Tower,0,2,16,0,18,0,1,13,10,24,0,3,29,10,42,0,2,2,44
02/25/2016,SGJ,FL,ASO,ES,Federal Contract Tower,0,4,44,4,52,0,0,148,9,157,0,4,192,13,209,63,2,65,274
02/26/2016,SGJ,FL,ASO,ES,Federal Contract Tower,0,5,42,1,48,0,16,191,5,212,0,21,233,6,260,226,0,226,486
02/27/2016,SGJ,FL,ASO,ES,Federal Contract Tower,0,7,42,0,49,0,29,215,0,244,0,36,257,0,293,313,0,313,606
02/28/2016,SGJ,FL,ASO,ES,Federal Contract Tower,0,7,54,3,64,0,14,248,0,262,0,21,302,3,326,254,0,254,580
02/29/2016,SGJ,FL,ASO,ES,Federal Contract Tower,0,8,48,0,56,0,8,172,6,186,0,16,220,6,242,163,4,167,409
03/01/2016,SGJ,FL,ASO,ES,Federal Contract Tower,0,6,21,4,31,0,8,189,6,203,0,14,210,10,234,254,6,260,494
03/02/2016,SGJ,FL,ASO,ES,Federal Contract Tower,0,1,42,1,44,0,0,150,8,158,0,1,192,9,202,256,8,264,466
03/03/2016,SGJ,FL,ASO,ES,Federal Contract Tower,0,3,42,4,49,0,9,178,6,193,0,12,220,10,242,301,8,309,551
03/04/2016,SGJ,FL,ASO,ES,Federal Contract Tower,0,5,50,4,59,0,10,61,2,73,0,15,111,6,132,141,4,145,277
03/05/2016,SGJ,FL,ASO,ES,Federal Contract Tower,0,2,29,0,31,0,24,194,2,220,0,26,223,2,251,136,0,136,387
03/06/2016,SGJ,FL,ASO,ES,Federal Contract Tower,0,6,34,2,42,0,28,168,0,196,0,34,202,2,238,260,0,260,498
03/07/2016,SGJ,FL,ASO,ES,Federal Contract Tower,0,12,38,4,54,0,21,178,5,204,0,33,216,9,258,293,2,295,553
03/08/2016,SGJ,FL,ASO,ES,Federal Contract Tower,0,9,45,9,63,0,6,171,9,186,0,15,216,18,249,264,8,272,521
03/09/2016,SGJ,FL,ASO,ES,Federal Contract Tower,0,6,35,1,42,0,22,184,5,211,0,28,219,6,253,313,0,313,566
03/10/2016,SGJ,FL,ASO,ES,Federal Contract Tower,0,10,43,3,56,0,26,161,4,191,0,36,204,7,247,192,6,198,445
03/11/2016,SGJ,FL,ASO,ES,Federal Contract Tower,0,5,56,7,68,0,26,218,3,247,0,31,274,10,315,327,0,327,642
03/12/2016,SGJ,FL,ASO,ES,Federal Contract Tower,0,35,2,0,37,0,0,0,0,0,0,35,2,0,37,180,0,180,217
03/13/2016,SGJ,FL,ASO,ES,Federal Contract Tower,0,10,39,0,49,0,18,97,0,115,0,28,136,0,164,216,0,216,380
03/14/2016,SGJ,FL,ASO,ES,Federal Contract Tower,0,7,54,5,66,0,6,55,8,69,0,13,109,13,135,40,0,40,175
03/15/2016,SGJ,FL,ASO,ES,Federal Contract Tower,1,6,41,3,51,0,3,174,8,185,1,9,215,11,236,192,0,192,428
03/16/2016,SGJ,FL,ASO,ES,Federal Contract Tower,0,4,54,0,58,0,23,149,9,181,0,27,203,9,239,213,4,217,456
03/17/2016,SGJ,FL,ASO,ES,Federal Contract Tower,0,9,37,0,46,0,2,80,1,83,0,11,117,1,129,167,0,167,296
03/18/2016,SGJ,FL,ASO,ES,Federal Contract Tower,0,5,58,1,64,0,22,162,0,184,0,27,220,1,248,275,0,275,523
03/19/2016,SGJ,FL,ASO,ES,Federal Contract Tower,0,5,36,0,41,0,26,52,0,78,0,31,88,0,119,104,0,104,223
03/20/2016,SGJ,FL,ASO,ES,Federal Contract Tower,0,10,38,0,48,0,27,148,3,178,0,37,186,3,226,188,18,206,432
03/21/2016,SGJ,FL,ASO,ES,Federal Contract Tower,0,9,55,0,64,0,39,187,2,228,0,48,242,2,292,238,0,238,530
03/22/2016,SGJ,FL,ASO,ES,Federal Contract Tower,0,5,39,1,45,0,28,260,4,292,0,33,299,5,337,316,0,316,653
03/23/2016,SGJ,FL,ASO,ES,Federal Contract Tower,0,3,35,2,40,0,50,222,10,282,0,53,257,12,322,252,20,272,594
03/24/2016,SGJ,FL,ASO,ES,Federal Contract Tower,0,12,49,0,61,0,49,212,1,262,0,61,261,1,323,268,0,268,591
03/25/2016,SGJ,FL,ASO,ES,Federal Contract Tower,0,2,50,2,54,0,17,94,2,113,0,19,144,4,167,236,0,236,403
03/26/2016,SGJ,FL,ASO,ES,Federal Contract Tower,0,5,26,0,31,0,28,75,0,103,0,33,101,0,134,186,0,186,320
03/27/2016,SGJ,FL,ASO,ES,Federal Contract Tower,0,9,28,0,37,0,22,15,0,37,0,31,43,0,74,37,0,37,111
03/28/2016,SGJ,FL,ASO,ES,Federal Contract Tower,0,8,54,0,62,0,24,165,4,193,0,32,219,4,255,245,0,245,500
03/29/2016,SGJ,FL,ASO,ES,Federal Contract Tower,0,7,58,1,66,0,23,220,4,247,0,30,278,5,313,265,0,265,578
03/30/2016,SGJ,FL,ASO,ES,Federal Contract Tower,0,6,35,1,42,0,25,237,3,265,0,31,272,4,307,348,2,350,657
03/31/2016,SGJ,FL,ASO,ES,Federal Contract Tower,0,6,46,0,52,0,33,176,0,209,0,39,222,0,261,338,2,340,601
04/01/2016,SGJ,FL,ASO,ES,Federal Contract Tower,0,3,41,0,44,0,18,136,11,165,0,21,177,11,209,269,0,269,478
04/02/2016,SGJ,FL,ASO,ES,Federal Contract Tower,0,3,24,1,28,0,30,14,0,44,0,33,38,1,72,18,0,18,90
04/03/2016,SGJ,FL,ASO,ES,Federal Contract Tower,0,14,53,0,67,0,56,216,1,273,0,70,269,1,340,199,0,199,539
04/04/2016,SGJ,FL,ASO,ES,Federal Contract Tower,0,5,33,1,39,0,30,204,6,240,0,35,237,7,279,311,2,313,592
04/05/2016,SGJ,FL,ASO,ES,Federal Contract Tower,0,7,30,2,39,0,17,178,8,203,0,24,208,10,242,176,4,180,422
04/06/2016,SGJ,FL,ASO,ES,Federal Contract Tower,0,2,53,2,57,0,28,210,8,246,0,30,263,10,303,382,16,398,701
04/07/2016,SGJ,FL,ASO,ES,Federal Contract Tower,0,7,41,1,49,0,13,166,4,183,0,20,207,5,232,248,0,248,480
04/08/2016,SGJ,FL,ASO,ES,Federal Contract Tower,0,4,40,3,47,0,18,185,5,208,0,22,225,8,255,232,0,232,487
04/09/2016,SGJ,FL,ASO,ES,Federal Contract Tower,0,2,29,0,31,0,41,183,5,229,0,43,212,5,260,254,4,258,518
04/10/2016,SGJ,FL,ASO,ES,Federal Contract Tower,0,10,37,1,48,0,29,168,2,199,0,39,205,3,247,232,0,232,479
04/11/2016,SGJ,FL,ASO,ES,Federal Contract Tower,0,4,61,2,67,0,18,151,7,176,0,22,212,9,243,255,2,257,500
04/12/2016,SGJ,FL,ASO,ES,Federal Contract Tower,0,4,49,4,57,0,16,167,8,191,0,20,216,12,248,222,4,226,474
04/13/2016,SGJ,FL,ASO,ES,Federal Contract Tower,0,9,47,6,62,0,6,20,2,28,0,15,67,8,90,24,2,26,116
04/14/2016,SGJ,FL,ASO,ES,Federal Contract Tower,1,6,47,0,54,0,0,4,0,4,1,6,51,0,58,4,0,4,62
04/15/2016,SGJ,FL,ASO,ES,Federal Contract Tower,2,8,31,5,46,0,0,4,0,4,2,8,35,5,50,0,0,0,50
04/16/2016,SGJ,FL,ASO,ES,Federal Contract Tower,2,7,54,0,63,0,22,107,15,144,2,29,161,15,207,36,0,36,243
04/17/2016,SGJ,FL,ASO,ES,Federal Contract Tower,2,5,20,1,28,0,18,119,0,137,2,23,139,1,165,72,0,72,237
04/18/2016,SGJ,FL,ASO,ES,Federal Contract Tower,2,7,21,1,31,0,6,178,10,194,2,13,199,11,225,108,0,108,333
04/19/2016,SGJ,FL,ASO,ES,Federal Contract Tower,2,12,32,4,50,0,22,248,3,273,2,34,280,7,323,375,0,375,698
04/20/2016,SGJ,FL,ASO,ES,Federal Contract Tower,2,1,50,2,55,0,20,252,15,287,2,21,302,17,342,350,4,354,696
04/21/2016,SGJ,FL,ASO,ES,Federal Contract Tower,2,5,38,3,48,0,16,228,9,253,2,21,266,12,301,254,16,270,571
04/22/2016,SGJ,FL,ASO,ES,Federal Contract Tower,2,4,46,0,52,0,9,141,2,152,2,13,187,2,204,232,0,232,436
04/23/2016,SGJ,FL,ASO,ES,Federal Contract Tower,2,8,40,1,51,0,48,138,0,186,2,56,178,1,237,172,0,172,409
04/24/2016,SGJ,FL,ASO,ES,Federal Contract Tower,2,4,41,0,47,0,30,210,0,240,2,34,251,0,287,233,0,233,520
04/25/2016,SGJ,FL,ASO,ES,Federal Contract Tower,2,1,43,11,57,0,14,195,0,209,2,15,238,11,266,245,0,245,511
04/26/2016,SGJ,FL,ASO,ES,Federal Contract Tower,2,6,51,5,64,0,17,246,3,266,2,23,297,8,330,327,2,329,659
04/27/2016,SGJ,FL,ASO,ES,Federal Contract Tower,2,4,43,1,50,0,20,228,1,249,2,24,271,2,299,296,6,302,601
04/28/2016,SGJ,FL,ASO,ES,Federal Contract Tower,1,6,38,0,45,0,12,189,11,212,1,18,227,11,257,212,0,212,469
04/29/2016,SGJ,FL,ASO,ES,Federal Contract Tower,2,10,48,20,80,0,13,148,3,164,2,23,196,23,244,255,6,261,505
04/30/2016,SGJ,FL,ASO,ES,Federal Contract Tower,2,9,60,0,71,0,37,157,1,195,2,46,217,1,266,208,0,208,474
05/01/2016,SGJ,FL,ASO,ES,Federal Contract Tower,2,6,34,2,44,0,28,175,2,205,2,34,209,4,249,158,0,158,407
05/02/2016,SGJ,FL,ASO,ES,Federal Contract Tower,2,6,50,2,60,0,15,149,12,176,2,21,199,14,236,296,2,298,534
05/03/2016,SGJ,FL,ASO,ES,Federal Contract Tower,0,6,46,6,58,0,5,107,4,116,0,11,153,10,174,213,14,227,401
05/04/2016,SGJ,FL,ASO,ES,Federal Contract Tower,2,0,21,0,23,0,0,20,0,20,2,0,41,0,43,56,0,56,99
05/05/2016,SGJ,FL,ASO,ES,Federal Contract Tower,1,4,36,6,47,0,11,130,8,149,1,15,166,14,196,200,14,214,410
05/06/2016,SGJ,FL,ASO,ES,Federal Contract Tower,2,3,40,4,49,0,21,203,2,226,2,24,243,6,275,287,0,287,562
05/07/2016,SGJ,FL,ASO,ES,Federal Contract Tower,2,1,31,0,34,0,27,213,1,241,2,28,244,1,275,183,0,183,458
05/08/2016,SGJ,FL,ASO,ES,Federal Contract Tower,1,20,25,0,46,0,12,157,0,169,1,32,182,0,215,269,0,269,484
05/09/2016,SGJ,FL,ASO,ES,Federal Contract Tower,2,18,38,2,60,0,4,205,11,220,2,22,243,13,280,205,0,205,485
05/10/2016,SGJ,FL,ASO,ES,Federal Contract Tower,1,12,53,4,70,0,7,175,10,192,1,19,228,14,262,282,9,291,553
05/11/2016,SGJ,FL,ASO,ES,Federal Contract Tower,2,15,50,0,67,0,24,160,4,188,2,39,210,4,255,246,0,246,501
05/12/2016,SGJ,FL,ASO,ES,Federal Contract Tower,1,24,51,4,80,0,13,177,4,194,1,37,228,8,274,292,0,292,566
05/13/2016,SGJ,FL,ASO,ES,Federal Contract Tower,2,13,48,5,68,0,30,126,5,161,2,43,174,10,229,207,0,207,436
05/14/2016,SGJ,FL,ASO,ES,Federal Contract Tower,2,11,38,0,51,0,34,178,1,213,2,45,216,1,264,206,0,206,470
05/15/2016,SGJ,FL,ASO,ES,Federal Contract Tower,1,31,39,2,73,0,22,193,5,220,1,53,232,7,293,289,0,289,582
05/16/2016,SGJ,FL,ASO,ES,Federal Contract Tower,2,23,47,0,72,0,23,157,2,182,2,46,204,2,254,226,0,226,480
05/17/2016,SGJ,FL,ASO,ES,Federal Contract Tower,1,10,23,6,40,0,2,46,3,51,1,12,69,9,91,140,2,142,233
05/18/2016,SGJ,FL,ASO,ES,Federal Contract Tower,2,3,32,0,37,0,7,73,1,81,2,10,105,1,118,142,0,142,260
05/19/2016,SGJ,FL,ASO,ES,Federal Contract Tower,1,6,56,1,64,0,5,12,4,21,1,11,68,5,85,27,0,27,112
05/20/2016,SGJ,FL,ASO,ES,Federal Contract Tower,2,3,35,4,44,0,6,62,1,69,2,9,97,5,113,42,0,42,155
05/21/2016,SGJ,FL,ASO,ES,Federal Contract Tower,2,2,33,3,40,0,40,141,4,185,2,42,174,7,225,292,0,292,517
05/22/2016,SGJ,FL,ASO,ES,Federal Contract Tower,1,5,34,9,49,0,28,133,2,163,1,33,167,11,212,130,0,130,342
05/23/2016,SGJ,FL,ASO,ES,Federal Contract Tower,2,2,46,0,50,0,19,180,2,201,2,21,226,2,251,226,2,228,479
05/24/2016,SGJ,FL,ASO,ES,Federal Contract Tower,1,6,43,0,50,0,18,184,4,206,1,24,227,4,256,322,0,322,578
05/25/2016,SGJ,FL,ASO,ES,Federal Contract Tower,2,6,37,3,48,0,17,184,8,209,2,23,221,11,257,308,8,316,573
05/26/2016,SGJ,FL,ASO,ES,Federal Contract Tower,1,8,46,2,57,0,24,144,5,173,1,32,190,7,230,248,2,250,480
05/27/2016,SGJ,FL,ASO,ES,Federal Contract Tower,2,12,49,0,63,0,32,167,0,199,2,44,216,0,262,287,0,287,549
05/28/2016,SGJ,FL,ASO,ES,Federal Contract Tower,2,6,28,0,36,0,39,98,1,138,2,45,126,1,174,120,0,120,294
05/29/2016,SGJ,FL,ASO,ES,Federal Contract Tower,1,3,11,0,15,0,34,109,0,143,1,37,120,0,158,192,0,192,350
05/30/2016,SGJ,FL,ASO,ES,Federal Contract Tower,0,5,36,1,42,0,23,142,0,165,0,28,178,1,207,140,0,140,347
05/31/2016,SGJ,FL,ASO,ES,Federal Contract Tower,0,4,37,2,43,0,22,143,11,176,0,26,180,13,219,160,14,174,393
06/01/2016,SGJ,FL,ASO,ES,Federal Contract Tower,0,1,27,0,28,0,2,154,1,157,0,3,181,1,185,250,0,250,435
06/02/2016,SGJ,FL,ASO,ES,Federal Contract Tower,1,5,39,3,48,0,18,181,9,208,1,23,220,12,256,212,0,212,468
06/03/2016,SGJ,FL,ASO,ES,Federal Contract Tower,2,7,39,2,50,0,52,158,6,216,2,59,197,8,266,245,0,245,511
06/04/2016,SGJ,FL,ASO,ES,Federal Contract Tower,2,2,33,2,39,0,44,159,0,203,2,46,192,2,242,199,0,199,441
06/05/2016,SGJ,FL,ASO,ES,Federal Contract Tower,2,9,43,2,56,0,28,122,6,156,2,37,165,8,212,210,0,210,422
06/06/2016,SGJ,FL,ASO,ES,Federal Contract Tower,2,4,19,3,28,0,0,15,2,17,2,4,34,5,45,30,0,30,75
06/07/2016,SGJ,FL,ASO,ES,Federal Contract Tower,2,3,30,3,38,0,6,48,4,58,2,9,78,7,96,112,12,124,220
06/08/2016,SGJ,FL,ASO,ES,Federal Contract Tower,2,3,29,2,36,0,25,184,3,212,2,28,213,5,248,312,6,318,566
06/09/2016,SGJ,FL,ASO,ES,Federal Contract Tower,1,4,28,6,39,0,11,139,9,159,1,15,167,15,198,308,0,308,506
06/10/2016,SGJ,FL,ASO,ES,Federal Contract Tower,2,14,38,3,57,0,12,128,5,145,2,26,166,8,202,210,0,210,412
06/11/2016,SGJ,FL,ASO,ES,Federal Contract Tower,2,9,30,1,42,0,37,143,3,183,2,46,173,4,225,236,0,236,461
06/12/2016,SGJ,FL,ASO,ES,Federal Contract Tower,2,7,33,4,46,0,42,166,0,208,2,49,199,4,254,239,0,239,493
06/13/2016,SGJ,FL,ASO,ES,Federal Contract Tower,2,8,46,0,56,0,27,143,7,177,2,35,189,7,233,286,0,286,519
06/14/2016,SGJ,FL,ASO,ES,Federal Contract Tower,1,4,43,0,48,0,29,137,6,172,1,33,180,6,220,204,0,204,424
06/15/2016,SGJ,FL,ASO,ES,Federal Contract Tower,2,6,31,3,42,0,31,161,0,192,2,37,192,3,234,269,0,269,503
06/16/2016,SGJ,FL,ASO,ES,Federal Contract Tower,2,10,43,0,55,0,8,77,4,89,2,18,120,4,144,136,0,136,280
06/17/2016,SGJ,FL,ASO,ES,Federal Contract Tower,2,12,46,0,60,0,30,98,4,132,2,42,144,4,192,108,0,108,300
06/18/2016,SGJ,FL,ASO,ES,Federal Contract Tower,2,4,25,0,31,0,24,36,0,60,2,28,61,0,91,78,0,78,169
06/19/2016,SGJ,FL,ASO,ES,Federal Contract Tower,2,10,28,0,40,0,33,68,0,101,2,43,96,0,141,28,0,28,169
06/20/2016,SGJ,FL,ASO,ES,Federal Contract Tower,2,8,32,2,44,0,10,146,14,170,2,18,178,16,214,115,6,121,335
06/21/2016,SGJ,FL,ASO,ES,Federal Contract Tower,2,14,24,1,41,0,26,164,12,202,2,40,188,13,243,213,4,217,460
06/22/2016,SGJ,FL,ASO,ES,Federal Contract Tower,2,9,37,1,49,0,46,174,16,236,2,55,211,17,285,271,2,273,558
06/23/2016,SGJ,FL,ASO,ES,Federal Contract Tower,2,5,50,4,61,0,8,190,9,207,2,13,240,13,268,241,0,241,509
06/24/2016,SGJ,FL,ASO,ES,Federal Contract Tower,2,9,44,2,57,0,44,175,7,226,2,53,219,9,283,185,0,185,468
06/25/2016,SGJ,FL,ASO,ES,Federal Contract Tower,2,18,24,0,44,0,38,149,4,191,2,56,173,4,235,152,0,152,387
06/26/2016,SGJ,FL,ASO,ES,Federal Contract Tower,1,9,25,3,38,0,28,77,0,105,1,37,102,3,143,207,0,207,350
06/27/2016,SGJ,FL,ASO,ES,Federal Contract Tower,2,8,27,2,39,0,6,109,9,124,2,14,136,11,163,180,0,180,343
06/28/2016,SGJ,FL,ASO,ES,Federal Contract Tower,1,2,31,2,36,0,11,135,0,146,1,13,166,2,182,270,8,278,460
06/29/2016,SGJ,FL,ASO,ES,Federal Contract Tower,2,3,40,2,47,0,0,151,2,153,2,3,191,4,200,200,0,200,400
06/30/2016,SGJ,FL,ASO,ES,Federal Contract Tower,1,8,39,0,48,0,7,138,2,147,1,15,177,2,195,285,0,285,480
07/01/2016,SGJ,FL,ASO,ES,Federal Contract Tower,0,9,40,3,52,0,21,105,0,126,0,30,145,3,178,121,0,121,299
07/02/2016,SGJ,FL,ASO,ES,Federal Contract Tower,2,13,25,0,40,0,28,107,0,135,2,41,132,0,175,164,0,164,339
07/03/2016,SGJ,FL,ASO,ES,Federal Contract Tower,2,7,26,0,35,0,37,117,0,154,2,44,143,0,189,172,0,172,361
07/04/2016,SGJ,FL,ASO,ES,Federal Contract Tower,0,4,15,0,19,0,55,91,0,146,0,59,106,0,165,103,0,103,268
07/05/2016,SGJ,FL,ASO,ES,Federal Contract Tower,1,5,31,3,40,0,47,122,7,176,1,52,153,10,216,246,0,246,462
07/06/2016,SGJ,FL,ASO,ES,Federal Contract Tower,2,2,19,2,25,0,37,139,3,179,2,39,158,5,204,203,0,203,407
07/07/2016,SGJ,FL,ASO,ES,Federal Contract Tower,1,6,45,0,52,0,28,152,2,182,1,34,197,2,234,313,0,313,547
07/08/2016,SGJ,FL,ASO,ES,Federal Contract Tower,2,4,40,5,51,0,37,212,5,254,2,41,252,10,305,254,0,254,559
07/09/2016,SGJ,FL,ASO,ES,Federal Contract Tower,2,2,35,0,39,0,31,173,0,204,2,33,208,0,243,58,0,58,301
07/10/2016,SGJ,FL,ASO,ES,Federal Contract Tower,1,4,52,0,57,0,22,153,0,175,1,26,205,0,232,122,0,122,354
07/11/2016,SGJ,FL,ASO,ES,Federal Contract Tower,2,22,5,0,29,0,10,128,2,140,2,32,133,2,169,175,0,175,344
07/12/2016,SGJ,FL,ASO,ES,Federal Contract Tower,1,3,32,1,37,0,16,160,4,180,1,19,192,5,217,294,0,294,511
07/13/2016,SGJ,FL,ASO,ES,Federal Contract Tower,2,3,34,1,40,0,28,139,12,179,2,31,173,13,219,310,2,312,531
07/14/2016,SGJ,FL,ASO,ES,Federal Contract Tower,1,3,39,0,43,0,23,193,6,222,1,26,232,6,265,236,20,256,521
07/15/2016,SGJ,FL,ASO,ES,Federal Contract Tower,2,0,21,3,26,0,14,144,5,163,2,14,165,8,189,143,7,150,339
07/16/2016,SGJ,FL,ASO,ES,Federal Contract Tower,2,2,28,1,33,0,40,163,1,204,2,42,191,2,237,326,0,326,563
07/17/2016,SGJ,FL,ASO,ES,Federal Contract Tower,0,6,22,0,28,0,23,124,0,147,0,29,146,0,175,134,0,134,309
07/18/2016,SGJ,FL,ASO,ES,Federal Contract Tower,2,1,47,2,52,0,19,130,10,159,2,20,177,12,211,262,4,266,477
07/19/2016,SGJ,FL,ASO,ES,Federal Contract Tower,1,9,36,7,53,0,18,140,4,162,1,27,176,11,215,202,6,208,423
07/20/2016,SGJ,FL,ASO,ES,Federal Contract Tower,2,1,39,3,45,0,36,155,15,206,2,37,194,18,251,169,4,173,424
07/21/2016,SGJ,FL,ASO,ES,Federal Contract Tower,0,9,37,2,48,0,41,171,4,216,0,50,208,6,264,272,0,272,536
07/22/2016,SGJ,FL,ASO,ES,Federal Contract Tower,2,13,30,6,51,0,31,195,9,235,2,44,225,15,286,308,2,310,596
07/23/2016,SGJ,FL,ASO,ES,Federal Contract Tower,2,5,38,0,45,0,47,180,0,227,2,52,218,0,272,228,0,228,500
07/24/2016,SGJ,FL,ASO,ES,Federal Contract Tower,1,10,38,1,50,0,48,153,0,201,1,58,191,1,251,226,0,226,477
07/25/2016,SGJ,FL,ASO,ES,Federal Contract Tower,2,8,43,2,55,0,30,136,3,169,2,38,179,5,224,168,0,168,392
07/26/2016,SGJ,FL,ASO,ES,Federal Contract Tower,1,3,23,9,36,0,26,129,5,160,1,29,152,14,196,262,16,278,474
07/27/2016,SGJ,FL,ASO,ES,Federal Contract Tower,2,9,29,4,44,0,28,145,1,174,2,37,174,5,218,252,0,252,470
07/28/2016,SGJ,FL,ASO,ES,Federal Contract Tower,0,15,23,1,39,0,26,133,3,162,0,41,156,4,201,240,0,240,441
07/29/2016,SGJ,FL,ASO,ES,Federal Contract Tower,2,3,46,6,57,0,37,134,3,174,2,40,180,9,231,212,6,218,449
07/30/2016,SGJ,FL,ASO,ES,Federal Contract Tower,2,2,27,0,31,0,35,127,0,162,2,37,154,0,193,152,0,152,345
07/31/2016,SGJ,FL,ASO,ES,Federal Contract Tower,1,6,25,0,32,0,0,24,126,150,1,6,49,126,182,146,0,146,328
08/01/2016,SGJ,FL,ASO,ES,Federal Contract Tower,0,5,22,3,30,0,12,133,2,147,0,17,155,5,177,162,6,168,345
08/02/2016,SGJ,FL,ASO,ES,Federal Contract Tower,1,1,32,6,40,0,11,152,0,163,1,12,184,6,203,234,0,234,437
08/03/2016,SGJ,FL,ASO,ES,Federal Contract Tower,2,1,17,1,21,0,23,103,2,128,2,24,120,3,149,148,8,156,305
08/04/2016,SGJ,FL,ASO,ES,Federal Contract Tower,1,3,27,0,31,0,24,101,2,127,1,27,128,2,158,102,0,102,260
08/05/2016,SGJ,FL,ASO,ES,Federal Contract Tower,2,1,35,1,39,0,33,125,1,159,2,34,160,2,198,221,0,221,419
08/06/2016,SGJ,FL,ASO,ES,Federal Contract Tower,2,0,24,1,27,0,45,154,0,199,2,45,178,1,226,264,0,264,490
08/07/2016,SGJ,FL,ASO,ES,Federal Contract Tower,1,5,28,0,34,0,19,62,0,81,1,24,90,0,115,119,0,119,234
08/08/2016,SGJ,FL,ASO,ES,Federal Contract Tower,2,7,27,2,38,0,18,104,8,130,2,25,131,10,168,180,2,182,350
08/09/2016,SGJ,FL,ASO,ES,Federal Contract Tower,1,1,33,7,42,0,0,134,9,143,1,1,167,16,185,253,17,270,455
08/10/2016,SGJ,FL,ASO,ES,Federal Contract Tower,2,4,21,6,33,0,20,155,4,179,2,24,176,10,212,280,35,315,527
08/11/2016,SGJ,FL,ASO,ES,Federal Contract Tower,1,5,48,5,59,0,18,90,5,113,1,23,138,10,172,223,10,233,405
08/12/2016,SGJ,FL,ASO,ES,Federal Contract Tower,2,5,43,3,53,0,24,191,5,220,2,29,234,8,273,274,0,274,547
08/13/2016,SGJ,FL,ASO,ES,Federal Contract Tower,2,0,17,0,19,0,28,131,0,159,2,28,148,0,178,120,0,120,298
08/14/2016,SGJ,FL,ASO,ES,Federal Contract Tower,1,10,31,1,43,0,26,97,0,123,1,36,128,1,166,129,0,129,295
08/15/2016,SGJ,FL,ASO,ES,Federal Contract Tower,2,9,17,1,29,0,19,157,3,179,2,28,174,4,208,185,0,185,393
08/16/2016,SGJ,FL,ASO,ES,Federal Contract Tower,1,2,28,4,35,0,3,104,1,108,1,5,132,5,143,210,0,210,353
08/17/2016,SGJ,FL,ASO,ES,Federal Contract Tower,2,4,42,0,48,0,22,130,9,161,2,26,172,9,209,196,0,196,405
08/18/2016,SGJ,FL,ASO,ES,Federal Contract Tower,0,4,36,6,46,0,10,172,10,192,0,14,208,16,238,240,2,242,480
08/19/2016,SGJ,FL,ASO,ES,Federal Contract Tower,2,8,25,10,45,0,31,143,4,178,2,39,168,14,223,282,0,282,505
08/20/2016,SGJ,FL,ASO,ES,Federal Contract Tower,2,4,20,0,26,0,40,156,2,198,2,44,176,2,224,248,0,248,472
08/21/2016,SGJ,FL,ASO,ES,Federal Contract Tower,0,6,35,0,41,0,32,183,0,215,0,38,218,0,256,215,0,215,471
08/22/2016,SGJ,FL,ASO,ES,Federal Contract Tower,2,3,22,5,32,0,14,138,1,153,2,17,160,6,185,173,0,173,358
08/23/2016,SGJ,FL,ASO,ES,Federal Contract Tower,1,1,26,0,28,0,25,124,10,159,1,26,150,10,187,190,0,190,377
08/24/2016,SGJ,FL,ASO,ES,Federal Contract Tower,2,2,21,5,30,0,18,97,12,127,2,20,118,17,157,149,6,155,312
08/25/2016,SGJ,FL,ASO,ES,Federal Contract Tower,1,4,35,1,41,0,6,102,3,111,1,10,137,4,152,128,5,133,285
08/26/2016,SGJ,FL,ASO,ES,Federal Contract Tower,2,2,40,4,48,0,13,131,2,146,2,15,171,6,194,122,0,122,316
08/27/2016,SGJ,FL,ASO,ES,Federal Contract Tower,2,0,46,1,49,0,36,88,0,124,2,36,134,1,173,74,0,74,247
08/28/2016,SGJ,FL,ASO,ES,Federal Contract Tower,1,4,30,2,37,0,20,89,0,109,1,24,119,2,146,92,0,92,238
08/29/2016,SGJ,FL,ASO,ES,Federal Contract Tower,2,3,21,2,28,0,4,65,4,73,2,7,86,6,101,150,0,150,251
08/30/2016,SGJ,FL,ASO,ES,Federal Contract Tower,0,4,23,1,28,0,0,48,0,48,0,4,71,1,76,46,0,46,122
08/31/2016,SGJ,FL,ASO,ES,Federal Contract Tower,2,5,47,2,56,0,6,18,1,25,2,11,65,3,81,54,0,54,135
09/01/2016,SGJ,FL,ASO,ES,Federal Contract Tower,1,2,19,0,22,0,6,55,10,71,1,8,74,10,93,92,0,92,185
09/02/2016,SGJ,FL,ASO,ES,Federal Contract Tower,2,2,6,0,10,0,0,2,0,2,2,2,8,0,12,0,0,0,12
09/03/2016,SGJ,FL,ASO,ES,Federal Contract Tower,2,0,35,0,37,0,16,59,0,75,2,16,94,0,112,64,0,64,176
09/04/2016,SGJ,FL,ASO,ES,Federal Contract Tower,1,3,22,0,26,0,24,81,0,105,1,27,103,0,131,107,0,107,238
09/05/2016,SGJ,FL,ASO,ES,Federal Contract Tower,0,5,36,0,41,0,24,138,0,162,0,29,174,0,203,116,0,116,319
09/06/2016,SGJ,FL,ASO,ES,Federal Contract Tower,1,5,28,3,37,0,19,127,14,160,1,24,155,17,197,182,2,184,381
09/07/2016,SGJ,FL,ASO,ES,Federal Contract Tower,2,1,34,2,39,0,8,125,7,140,2,9,159,9,179,190,8,198,377
09/08/2016,SGJ,FL,ASO,ES,Federal Contract Tower,2,3,30,3,38,0,16,136,4,156,2,19,166,7,194,188,0,188,382
09/09/2016,SGJ,FL,ASO,ES,Federal Contract Tower,2,1,35,8,46,0,9,167,8,184,2,10,202,16,230,182,0,182,412
09/10/2016,SGJ,FL,ASO,ES,Federal Contract Tower,2,7,33,0,42,0,33,123,0,156,2,40,156,0,198,164,0,164,362
09/11/2016,SGJ,FL,ASO,ES,Federal Contract Tower,0,4,37,10,51,0,14,145,0,159,0,18,182,10,210,170,0,170,380
09/12/2016,SGJ,FL,ASO,ES,Federal Contract Tower,2,7,26,4,39,0,12,120,3,135,2,19,146,7,174,143,7,150,324
09/13/2016,SGJ,FL,ASO,ES,Federal Contract Tower,2,3,18,0,23,0,0,8,0,8,2,3,26,0,31,6,1,7,38
09/14/2016,SGJ,FL,ASO,ES,Federal Contract Tower,2,5,49,1,57,0,0,32,5,37,2,5,81,6,94,30,0,30,124
09/15/2016,SGJ,FL,ASO,ES,Federal Contract Tower,2,8,37,1,48,0,8,124,4,136,2,16,161,5,184,140,0,140,324
09/16/2016,SGJ,FL,ASO,ES,Federal Contract Tower,2,6,47,3,58,0,31,145,2,178,2,37,192,5,236,174,0,174,410
09/17/2016,SGJ,FL,ASO,ES,Federal Contract Tower,2,7,30,0,39,0,19,101,0,120,2,26,131,0,159,188,0,188,347
09/18/2016,SGJ,FL,ASO,ES,Federal Contract Tower,2,6,26,1,35,0,13,131,1,145,2,19,157,2,180,251,0,251,431
09/19/2016,SGJ,FL,ASO,ES,Federal Contract Tower,2,4,36,0,42,0,25,133,2,160,2,29,169,2,202,249,0,249,451
09/20/2016,SGJ,FL,ASO,ES,Federal Contract Tower,0,3,42,1,46,0,12,95,2,109,0,15,137,3,155,181,2,183,338
09/21/2016,SGJ,FL,ASO,ES,Federal Contract Tower,2,2,41,4,49,0,16,135,5,156,2,18,176,9,205,194,0,194,399
09/22/2016,SGJ,FL,ASO,ES,Federal Contract Tower,2,5,48,5,60,0,12,129,11,152,2,17,177,16,212,240,8,248,460
09/23/2016,SGJ,FL,ASO,ES,Federal Contract Tower,2,2,51,2,57,0,20,177,6,203,2,22,228,8,260,230,0,230,490
09/24/2016,SGJ,FL,ASO,ES,Federal Contract Tower,2,0,21,0,23,0,38,170,0,208,2,38,191,0,231,249,0,249,480
09/25/2016,SGJ,FL,ASO,ES,Federal Contract Tower,2,6,27,4,39,0,17,122,1,140,2,23,149,5,179,153,0,153,332
09/26/2016,SGJ,FL,ASO,ES,Federal Contract Tower,2,1,37,2,42,0,5,91,1,97,2,6,128,3,139,105,0,105,244
09/27/2016,SGJ,FL,ASO,ES,Federal Contract Tower,2,3,42,3,50,0,6,131,2,139,2,9,173,5,189,145,0,145,334
09/28/2016,SGJ,FL,ASO,ES,Federal Contract Tower,2,2,26,2,32,0,1,79,5,85,2,3,105,7,117,99,0,99,216
09/29/2016,SGJ,FL,ASO,ES,Federal Contract Tower,2,5,24,5,36,0,6,97,1,104,2,11,121,6,140,139,2,141,281
09/30/2016,SGJ,FL,ASO,ES,Federal Contract Tower,2,5,37,3,47,0,2,147,4,153,2,7,184,7,200,252,0,252,452
10/01/2016,SGJ,FL,ASO,ES,Federal Contract Tower,0,6,20,4,30,0,18,177,0,195,0,24,197,4,225,276,0,276,501
10/02/2016,SGJ,FL,ASO,ES,Federal Contract Tower,1,8,32,1,42,0,2,140,1,143,1,10,172,2,185,273,0,273,458
10/03/2016,SGJ,FL,ASO,ES,Federal Contract Tower,2,4,22,1,29,0,13,57,4,74,2,17,79,5,103,90,0,90,193
10/04/2016,SGJ,FL,ASO,ES,Federal Contract Tower,1,10,38,2,51,0,9,49,2,60,1,19,87,4,111,62,5,67,178
10/05/2016,SGJ,FL,ASO,ES,Federal Contract Tower,2,2,24,4,32,0,0,4,0,4,2,2,28,4,36,0,0,0,36
10/06/2016,SGJ,FL,ASO,ES,Federal Contract Tower,0,3,14,1,18,0,0,1,0,1,0,3,15,1,19,0,0,0,19
10/07/2016,SGJ,FL,ASO,ES,Federal Contract Tower,0,0,0,0,0,0,0,0,0,0,0,0,0,0,0,0,0,0,0
10/08/2016,SGJ,FL,ASO,ES,Federal Contract Tower,0,0,0,0,0,0,8,58,0,66,0,8,58,0,66,4,0,4,70
10/09/2016,SGJ,FL,ASO,ES,Federal Contract Tower,2,3,17,0,22,0,2,100,2,104,2,5,117,2,126,49,0,49,175
10/10/2016,SGJ,FL,ASO,ES,Federal Contract Tower,2,2,34,0,38,0,2,118,1,121,2,4,152,1,159,68,2,70,229
10/11/2016,SGJ,FL,ASO,ES,Federal Contract Tower,2,3,36,2,43,0,10,68,2,80,2,13,104,4,123,36,0,36,159
10/12/2016,SGJ,FL,ASO,ES,Federal Contract Tower,2,3,26,0,31,0,2,89,1,92,2,5,115,1,123,89,4,93,216
10/13/2016,SGJ,FL,ASO,ES,Federal Contract Tower,1,6,44,2,53,0,5,135,1,141,1,11,179,3,194,146,0,146,340
10/14/2016,SGJ,FL,ASO,ES,Federal Contract Tower,2,5,35,5,47,0,6,151,12,169,2,11,186,17,216,234,6,240,456
10/15/2016,SGJ,FL,ASO,ES,Federal Contract Tower,2,2,11,2,17,0,24,144,0,168,2,26,155,2,185,242,0,242,427
10/16/2016,SGJ,FL,ASO,ES,Federal Contract Tower,1,3,20,0,24,0,14,147,0,161,1,17,167,0,185,142,0,142,327
10/17/2016,SGJ,FL,ASO,ES,Federal Contract Tower,2,4,30,2,38,0,5,125,2,132,2,9,155,4,170,172,0,172,342
10/18/2016,SGJ,FL,ASO,ES,Federal Contract Tower,1,0,23,1,25,0,6,138,16,160,1,6,161,17,185,241,10,251,436
10/19/2016,SGJ,FL,ASO,ES,Federal Contract Tower,2,1,44,3,50,0,11,156,3,170,2,12,200,6,220,129,0,129,349
10/20/2016,SGJ,FL,ASO,ES,Federal Contract Tower,1,4,55,3,63,0,8,180,8,196,1,12,235,11,259,222,0,222,481
10/21/2016,SGJ,FL,ASO,ES,Federal Contract Tower,2,8,40,1,51,0,20,154,0,174,2,28,194,1,225,267,0,267,492
10/22/2016,SGJ,FL,ASO,ES,Federal Contract Tower,2,1,17,6,26,0,28,176,0,204,2,29,193,6,230,217,0,217,447
10/23/2016,SGJ,FL,ASO,ES,Federal Contract Tower,2,10,28,0,40,0,28,204,1,233,2,38,232,1,273,262,0,262,535
10/24/2016,SGJ,FL,ASO,ES,Federal Contract Tower,6,1,42,1,50,0,12,146,0,158,6,13,188,1,208,161,8,169,377
10/25/2016,SGJ,FL,ASO,ES,Federal Contract Tower,0,6,50,0,56,0,8,121,8,137,0,14,171,8,193,154,0,154,347
10/26/2016,SGJ,FL,ASO,ES,Federal Contract Tower,2,0,37,2,41,0,17,136,2,155,2,17,173,4,196,244,0,244,440
10/27/2016,SGJ,FL,ASO,ES,Federal Contract Tower,2,9,38,0,49,0,9,123,2,134,2,18,161,2,183,152,0,152,335
10/28/2016,SGJ,FL,ASO,ES,Federal Contract Tower,2,8,46,6,62,0,15,131,9,155,2,23,177,15,217,110,0,110,327
10/29/2016,SGJ,FL,ASO,ES,Federal Contract Tower,2,10,24,0,36,0,36,120,2,158,2,46,144,2,194,190,0,190,384
10/30/2016,SGJ,FL,ASO,ES,Federal Contract Tower,0,11,42,0,53,0,23,120,0,143,0,34,162,0,196,149,0,149,345
10/31/2016,SGJ,FL,ASO,ES,Federal Contract Tower,0,1,39,2,42,0,6,132,18,156,0,7,171,20,198,162,1,163,361
11/01/2016,SGJ,FL,ASO,ES,Federal Contract Tower,0,5,49,0,54,0,2,128,6,136,0,7,177,6,190,132,0,132,322
11/02/2016,SGJ,FL,ASO,ES,Federal Contract Tower,0,3,40,2,45,0,1,146,6,153,0,4,186,8,198,274,6,280,478
11/03/2016,SGJ,FL,ASO,ES,Federal Contract Tower,0,7,36,4,47,0,0,57,1,58,0,7,93,5,105,56,0,56,161
11/04/2016,SGJ,FL,ASO,ES,Federal Contract Tower,0,2,38,7,47,0,15,182,6,203,0,17,220,13,250,269,8,277,527
11/05/2016,SGJ,FL,ASO,ES,Federal Contract Tower,0,4,16,0,20,0,10,127,0,137,0,14,143,0,157,114,0,114,271
11/06/2016,SGJ,FL,ASO,ES,Federal Contract Tower,0,8,43,1,52,0,16,65,0,81,0,24,108,1,133,88,10,98,231
11/07/2016,SGJ,FL,ASO,ES,Federal Contract Tower,0,3,38,0,41,0,24,143,0,167,0,27,181,0,208,133,0,133,341
11/08/2016,SGJ,FL,ASO,ES,Federal Contract Tower,0,4,26,4,34,0,4,97,6,107,0,8,123,10,141,161,2,163,304
11/09/2016,SGJ,FL,ASO,ES,Federal Contract Tower,0,1,39,0,40,0,2,106,6,114,0,3,145,6,154,252,14,266,420
11/10/2016,SGJ,FL,ASO,ES,Federal Contract Tower,0,8,41,9,58,0,10,166,9,185,0,18,207,18,243,306,0,306,549
11/11/2016,SGJ,FL,ASO,ES,Federal Contract Tower,0,6,62,0,68,0,26,243,2,271,0,32,305,2,339,344,0,344,683
11/12/2016,SGJ,FL,ASO,ES,Federal Contract Tower,0,6,30,0,36,0,36,132,2,170,0,42,162,2,206,70,0,70,276
11/13/2016,SGJ,FL,ASO,ES,Federal Contract Tower,0,10,51,0,61,0,12,61,0,73,0,22,112,0,134,94,0,94,228
11/14/2016,SGJ,FL,ASO,ES,Federal Contract Tower,0,3,37,8,48,0,10,82,2,94,0,13,119,10,142,295,16,311,453
11/15/2016,SGJ,FL,ASO,ES,Federal Contract Tower,0,9,32,3,44,0,30,146,4,180,0,39,178,7,224,302,0,302,526
11/16/2016,SGJ,FL,ASO,ES,Federal Contract Tower,0,0,36,4,40,0,14,171,7,192,0,14,207,11,232,349,10,359,591
11/17/2016,SGJ,FL,ASO,ES,Federal Contract Tower,0,5,25,2,32,0,15,153,4,172,0,20,178,6,204,221,0,221,425
11/18/2016,SGJ,FL,ASO,ES,Federal Contract Tower,0,8,48,5,61,0,14,194,7,215,0,22,242,12,276,328,0,328,604
11/19/2016,SGJ,FL,ASO,ES,Federal Contract Tower,0,3,29,0,32,0,23,200,0,223,0,26,229,0,255,257,0,257,512
11/20/2016,SGJ,FL,ASO,ES,Federal Contract Tower,0,7,29,4,40,0,16,166,4,186,0,23,195,8,226,299,0,299,525
11/21/2016,SGJ,FL,ASO,ES,Federal Contract Tower,0,10,21,3,34,0,6,154,0,160,0,16,175,3,194,206,0,206,400
11/22/2016,SGJ,FL,ASO,ES,Federal Contract Tower,0,3,30,3,36,0,6,129,1,136,0,9,159,4,172,196,0,196,368
11/23/2016,SGJ,FL,ASO,ES,Federal Contract Tower,0,7,50,0,57,0,19,179,0,198,0,26,229,0,255,346,3,349,604
11/24/2016,SGJ,FL,ASO,ES,Federal Contract Tower,0,10,13,0,23,0,2,51,0,53,0,12,64,0,76,13,0,13,89
11/25/2016,SGJ,FL,ASO,ES,Federal Contract Tower,0,0,21,1,22,0,38,171,0,209,0,38,192,1,231,256,0,256,487
11/26/2016,SGJ,FL,ASO,ES,Federal Contract Tower,0,5,35,0,40,0,22,138,0,160,0,27,173,0,200,230,0,230,430
11/27/2016,SGJ,FL,ASO,ES,Federal Contract Tower,0,9,41,0,50,0,12,83,1,96,0,21,124,1,146,114,0,114,260
11/28/2016,SGJ,FL,ASO,ES,Federal Contract Tower,0,6,41,0,47,0,12,163,2,177,0,18,204,2,224,250,0,250,474
11/29/2016,SGJ,FL,ASO,ES,Federal Contract Tower,0,8,43,6,57,0,8,84,0,92,0,16,127,6,149,183,8,191,340
11/30/2016,SGJ,FL,ASO,ES,Federal Contract Tower,0,6,44,0,50,0,2,78,2,82,0,8,122,2,132,179,0,179,311
12/01/2016,SGJ,FL,ASO,ES,Federal Contract Tower,0,7,43,2,52,0,2,65,2,69,0,9,108,4,121,230,0,230,351
12/02/2016,SGJ,FL,ASO,ES,Federal Contract Tower,0,6,36,4,46,0,30,178,1,209,0,36,214,5,255,276,0,276,531
12/03/2016,SGJ,FL,ASO,ES,Federal Contract Tower,0,2,15,0,17,0,18,182,2,202,0,20,197,2,219,260,0,260,479
12/04/2016,SGJ,FL,ASO,ES,Federal Contract Tower,0,3,17,2,22,0,4,118,0,122,0,7,135,2,144,275,4,279,423
12/05/2016,SGJ,FL,ASO,ES,Federal Contract Tower,0,6,38,4,48,0,8,130,1,139,0,14,168,5,187,213,10,223,410
12/06/2016,SGJ,FL,ASO,ES,Federal Contract Tower,0,1,23,1,25,0,4,44,3,51,0,5,67,4,76,42,0,42,118
12/07/2016,SGJ,FL,ASO,ES,Federal Contract Tower,0,4,26,0,30,0,20,155,4,179,0,24,181,4,209,315,0,315,524
12/08/2016,SGJ,FL,ASO,ES,Federal Contract Tower,0,2,37,2,41,0,20,146,4,170,0,22,183,6,211,245,0,245,456
12/09/2016,SGJ,FL,ASO,ES,Federal Contract Tower,0,4,37,2,43,0,2,146,0,148,0,6,183,2,191,202,0,202,393
12/10/2016,SGJ,FL,ASO,ES,Federal Contract Tower,0,6,27,0,33,0,24,108,0,132,0,30,135,0,165,224,0,224,389
12/11/2016,SGJ,FL,ASO,ES,Federal Contract Tower,0,8,27,0,35,0,10,145,4,159,0,18,172,4,194,347,0,347,541
12/12/2016,SGJ,FL,ASO,ES,Federal Contract Tower,0,5,32,2,39,0,7,65,12,84,0,12,97,14,123,151,3,154,277
12/13/2016,SGJ,FL,ASO,ES,Federal Contract Tower,0,8,27,5,40,0,14,142,4,160,0,22,169,9,200,318,0,318,518
12/14/2016,SGJ,FL,ASO,ES,Federal Contract Tower,0,4,38,5,47,0,13,134,5,152,0,17,172,10,199,496,2,498,697
12/15/2016,SGJ,FL,ASO,ES,Federal Contract Tower,0,7,45,4,56,0,20,121,7,148,0,27,166,11,204,222,0,222,426
12/16/2016,SGJ,FL,ASO,ES,Federal Contract Tower,0,7,39,3,49,0,24,191,0,215,0,31,230,3,264,257,0,257,521
12/17/2016,SGJ,FL,ASO,ES,Federal Contract Tower,0,1,35,4,40,0,24,143,2,169,0,25,178,6,209,210,4,214,423
12/18/2016,SGJ,FL,ASO,ES,Federal Contract Tower,0,1,31,2,34,0,33,55,0,88,0,34,86,2,122,90,0,90,212
12/19/2016,SGJ,FL,ASO,ES,Federal Contract Tower,0,3,19,4,26,0,0,0,0,0,0,3,19,4,26,0,0,0,26
12/20/2016,SGJ,FL,ASO,ES,Federal Contract Tower,0,5,19,3,27,0,0,0,0,0,0,5,19,3,27,0,0,0,27
12/21/2016,SGJ,FL,ASO,ES,Federal Contract Tower,0,3,38,0,41,0,6,49,4,59,0,9,87,4,100,138,0,138,238
12/22/2016,SGJ,FL,ASO,ES,Federal Contract Tower,0,6,43,3,52,0,4,155,4,163,0,10,198,7,215,233,2,235,450
12/23/2016,SGJ,FL,ASO,ES,Federal Contract Tower,0,1,24,4,29,0,16,106,2,124,0,17,130,6,153,172,0,172,325
12/24/2016,SGJ,FL,ASO,ES,Federal Contract Tower,0,3,11,0,14,0,26,95,0,121,0,29,106,0,135,126,0,126,261
12/25/2016,SGJ,FL,ASO,ES,Federal Contract Tower,0,11,9,0,20,0,0,21,0,21,0,11,30,0,41,13,0,13,54
12/26/2016,SGJ,FL,ASO,ES,Federal Contract Tower,0,4,45,0,49,0,12,87,0,99,0,16,132,0,148,128,0,128,276
12/27/2016,SGJ,FL,ASO,ES,Federal Contract Tower,0,2,21,3,26,0,0,0,0,0,0,2,21,3,26,0,0,0,26
12/28/2016,SGJ,FL,ASO,ES,Federal Contract Tower,0,11,39,2,52,0,38,155,4,197,0,49,194,6,249,270,2,272,521
12/29/2016,SGJ,FL,ASO,ES,Federal Contract Tower,0,11,24,0,35,0,22,50,2,74,0,33,74,2,109,90,0,90,199
12/30/2016,SGJ,FL,ASO,ES,Federal Contract Tower,0,7,30,1,38,0,47,139,0,186,0,54,169,1,224,192,0,192,416
12/31/2016,SGJ,FL,ASO,ES,Federal Contract Tower,0,2,14,0,16,0,22,154,0,176,0,24,168,0,192,214,0,214,406
01/01/2017,SGJ,FL,ASO,ES,Federal Contract Tower,0,5,18,0,23,0,39,55,0,94,0,44,73,0,117,68,0,68,185
01/02/2017,SGJ,FL,ASO,ES,Federal Contract Tower,1,5,34,0,40,0,26,116,0,142,1,31,150,0,182,201,0,201,383
01/03/2017,SGJ,FL,ASO,ES,Federal Contract Tower,0,4,27,0,31,0,4,5,4,13,0,8,32,4,44,5,0,5,49
01/04/2017,SGJ,FL,ASO,ES,Federal Contract Tower,0,0,34,3,37,0,19,129,5,153,0,19,163,8,190,248,17,265,455
01/05/2017,SGJ,FL,ASO,ES,Federal Contract Tower,0,7,34,11,52,0,16,200,0,216,0,23,234,11,268,344,8,352,620
01/06/2017,SGJ,FL,ASO,ES,Federal Contract Tower,0,4,29,3,36,0,10,179,5,194,0,14,208,8,230,260,12,272,502
01/07/2017,SGJ,FL,ASO,ES,Federal Contract Tower,0,2,14,1,17,0,4,3,4,11,0,6,17,5,28,6,0,6,34
01/08/2017,SGJ,FL,ASO,ES,Federal Contract Tower,0,6,25,2,33,0,9,119,6,134,0,15,144,8,167,140,4,144,311
01/09/2017,SGJ,FL,ASO,ES,Federal Contract Tower,0,8,32,6,46,0,6,100,2,108,0,14,132,8,154,179,3,182,336
01/10/2017,SGJ,FL,ASO,ES,Federal Contract Tower,0,1,29,4,34,0,133,11,0,144,0,134,40,4,178,326,0,326,504
01/11/2017,SGJ,FL,ASO,ES,Federal Contract Tower,0,3,30,7,40,0,4,132,8,144,0,7,162,15,184,260,0,260,444
01/12/2017,SGJ,FL,ASO,ES,Federal Contract Tower,0,3,41,10,54,0,0,165,16,181,0,3,206,26,235,303,9,312,547
01/13/2017,SGJ,FL,ASO,ES,Federal Contract Tower,0,6,32,1,39,0,17,178,2,197,0,23,210,3,236,260,0,260,496
01/14/2017,SGJ,FL,ASO,ES,Federal Contract Tower,0,5,26,1,32,0,29,109,1,139,0,34,135,2,171,195,0,195,366
01/15/2017,SGJ,FL,ASO,ES,Federal Contract Tower,0,7,26,6,39,0,26,128,6,160,0,33,154,12,199,272,2,274,473
01/16/2017,SGJ,FL,ASO,ES,Federal Contract Tower,0,5,25,3,33,0,30,252,4,286,0,35,277,7,319,416,0,416,735
01/17/2017,SGJ,FL,ASO,ES,Federal Contract Tower,0,9,47,1,57,0,12,162,6,180,0,21,209,7,237,246,0,246,483
01/18/2017,SGJ,FL,ASO,ES,Federal Contract Tower,0,16,29,3,48,0,3,177,4,184,0,19,206,7,232,75,0,75,307
01/19/2017,SGJ,FL,ASO,ES,Federal Contract Tower,0,6,25,2,33,0,8,107,1,116,0,14,132,3,149,76,0,76,225
01/20/2017,SGJ,FL,ASO,ES,Federal Contract Tower,0,0,45,5,50,0,8,156,0,164,0,8,201,5,214,182,0,182,396
01/21/2017,SGJ,FL,ASO,ES,Federal Contract Tower,0,1,17,0,18,0,38,120,5,163,0,39,137,5,181,84,0,84,265
01/22/2017,SGJ,FL,ASO,ES,Federal Contract Tower,0,10,13,0,23,0,4,7,0,11,0,14,20,0,34,22,0,22,56
01/23/2017,SGJ,FL,ASO,ES,Federal Contract Tower,0,5,32,7,44,0,1,51,2,54,0,6,83,9,98,50,0,50,148
01/24/2017,SGJ,FL,ASO,ES,Federal Contract Tower,0,7,33,4,44,0,12,171,5,188,0,19,204,9,232,264,0,264,496
01/25/2017,SGJ,FL,ASO,ES,Federal Contract Tower,0,2,41,5,48,0,12,217,9,238,0,14,258,14,286,266,8,274,560
01/26/2017,SGJ,FL,ASO,ES,Federal Contract Tower,0,4,52,3,59,0,0,67,1,68,0,4,119,4,127,40,0,40,167
01/27/2017,SGJ,FL,ASO,ES,Federal Contract Tower,0,8,39,2,49,0,10,170,3,183,0,18,209,5,232,270,8,278,510
01/28/2017,SGJ,FL,ASO,ES,Federal Contract Tower,0,6,21,3,30,0,20,170,2,192,0,26,191,5,222,296,0,296,518
01/29/2017,SGJ,FL,ASO,ES,Federal Contract Tower,0,7,34,2,43,0,26,111,5,142,0,33,145,7,185,122,0,122,307
01/30/2017,SGJ,FL,ASO,ES,Federal Contract Tower,0,5,29,1,35,0,3,159,1,163,0,8,188,2,198,236,0,236,434
01/31/2017,SGJ,FL,ASO,ES,Federal Contract Tower,0,5,44,0,49,0,3,209,13,225,0,8,253,13,274,355,2,357,631
02/01/2017,SGJ,FL,ASO,ES,Federal Contract Tower,0,1,35,0,36,0,14,190,3,207,0,15,225,3,243,398,0,398,641
02/02/2017,SGJ,FL,ASO,ES,Federal Contract Tower,0,5,23,3,31,0,10,181,11,202,0,15,204,14,233,281,14,295,528
02/03/2017,SGJ,FL,ASO,ES,Federal Contract Tower,0,9,34,6,49,0,0,213,4,217,0,9,247,10,266,272,0,272,538
02/04/2017,SGJ,FL,ASO,ES,Federal Contract Tower,0,4,17,0,21,0,6,7,0,13,0,10,24,0,34,8,0,8,42
02/05/2017,SGJ,FL,ASO,ES,Federal Contract Tower,0,7,29,0,36,0,20,62,0,82,0,27,91,0,118,96,0,96,214
02/06/2017,SGJ,FL,ASO,ES,Federal Contract Tower,0,6,29,1,36,0,7,171,0,178,0,13,200,1,214,250,0,250,464
02/07/2017,SGJ,FL,ASO,ES,Federal Contract Tower,0,5,23,4,32,0,10,155,18,183,0,15,178,22,215,208,4,212,427
02/08/2017,SGJ,FL,ASO,ES,Federal Contract Tower,0,7,41,4,52,0,7,82,8,97,0,14,123,12,149,189,0,189,338
02/09/2017,SGJ,FL,ASO,ES,Federal Contract Tower,0,3,43,4,50,0,0,0,0,0,0,3,43,4,50,104,0,104,154
02/10/2017,SGJ,FL,ASO,ES,Federal Contract Tower,0,4,40,3,47,0,20,201,6,227,0,24,241,9,274,262,0,262,536
02/11/2017,SGJ,FL,ASO,ES,Federal Contract Tower,0,1,30,1,32,0,36,193,0,229,0,37,223,1,261,182,0,182,443
02/12/2017,SGJ,FL,ASO,ES,Federal Contract Tower,0,9,40,2,51,0,40,171,2,213,0,49,211,4,264,173,0,173,437
02/13/2017,SGJ,FL,ASO,ES,Federal Contract Tower,0,3,49,4,56,0,16,127,9,152,0,19,176,13,208,165,0,165,373
02/14/2017,SGJ,FL,ASO,ES,Federal Contract Tower,0,3,34,1,38,0,29,108,5,142,0,32,142,6,180,190,0,190,370
02/15/2017,SGJ,FL,ASO,ES,Federal Contract Tower,0,13,27,2,42,0,8,9,0,17,0,21,36,2,59,0,14,14,73
02/16/2017,SGJ,FL,ASO,ES,Federal Contract Tower,0,13,53,1,67,0,26,204,8,238,0,39,257,9,305,292,0,292,597
02/17/2017,SGJ,FL,ASO,ES,Federal Contract Tower,0,5,40,5,50,0,25,218,2,245,0,30,258,7,295,193,0,193,488
02/18/2017,SGJ,FL,ASO,ES,Federal Contract Tower,0,0,31,1,32,0,28,117,5,150,0,28,148,6,182,202,2,204,386
02/19/2017,SGJ,FL,ASO,ES,Federal Contract Tower,0,5,44,0,49,0,33,160,0,193,0,38,204,0,242,134,0,134,376
02/20/2017,SGJ,FL,ASO,ES,Federal Contract Tower,0,5,49,6,60,0,23,187,0,210,0,28,236,6,270,163,0,163,433
02/21/2017,SGJ,FL,ASO,ES,Federal Contract Tower,0,3,32,3,38,0,8,161,23,192,0,11,193,26,230,253,0,253,483
02/22/2017,SGJ,FL,ASO,ES,Federal Contract Tower,0,6,43,2,51,0,0,34,0,34,0,6,77,2,85,62,0,62,147
02/23/2017,SGJ,FL,ASO,ES,Federal Contract Tower,0,9,55,2,66,0,0,50,8,58,0,9,105,10,124,2,12,14,138
02/24/2017,SGJ,FL,ASO,ES,Federal Contract Tower,0,8,52,2,62,0,22,135,2,159,0,30,187,4,221,234,0,234,455
02/25/2017,SGJ,FL,ASO,ES,Federal Contract Tower,0,1,47,0,48,0,32,116,0,148,0,33,163,0,196,142,0,142,338
02/26/2017,SGJ,FL,ASO,ES,Federal Contract Tower,0,5,46,3,54,0,27,221,0,248,0,32,267,3,302,254,0,254,556
02/27/2017,SGJ,FL,ASO,ES,Federal Contract Tower,0,3,35,4,42,0,12,139,6,157,0,15,174,10,199,159,0,159,358
02/28/2017,SGJ,FL,ASO,ES,Federal Contract Tower,0,4,54,8,66,0,11,156,9,176,0,15,210,17,242,268,0,268,510
03/01/2017,SGJ,FL,ASO,ES,Federal Contract Tower,0,2,40,2,44,0,1,154,9,164,0,3,194,11,208,237,12,249,457
03/02/2017,SGJ,FL,ASO,ES,Federal Contract Tower,0,6,47,2,55,0,0,26,2,28,0,6,73,4,83,52,0,52,135
03/03/2017,SGJ,FL,ASO,ES,Federal Contract Tower,0,9,43,4,56,0,30,176,1,207,0,39,219,5,263,180,4,184,447
03/04/2017,SGJ,FL,ASO,ES,Federal Contract Tower,0,6,17,0,23,0,36,109,0,145,0,42,126,0,168,113,0,113,281
03/05/2017,SGJ,FL,ASO,ES,Federal Contract Tower,0,8,35,1,44,0,29,123,0,152,0,37,158,1,196,113,0,113,309
03/06/2017,SGJ,FL,ASO,ES,Federal Contract Tower,0,7,33,1,41,0,0,151,5,156,0,7,184,6,197,304,0,304,501
03/07/2017,SGJ,FL,ASO,ES,Federal Contract Tower,0,8,25,2,35,0,0,177,10,187,0,8,202,12,222,165,0,165,387
03/08/2017,SGJ,FL,ASO,ES,Federal Contract Tower,0,2,34,0,36,0,8,137,10,155,0,10,171,10,191,312,0,312,503
03/09/2017,SGJ,FL,ASO,ES,Federal Contract Tower,0,16,38,2,56,0,6,182,5,193,0,22,220,7,249,193,0,193,442
03/10/2017,SGJ,FL,ASO,ES,Federal Contract Tower,0,8,34,1,43,0,32,179,1,212,0,40,213,2,255,202,0,202,457
03/11/2017,SGJ,FL,ASO,ES,Federal Contract Tower,0,9,37,3,49,0,37,125,0,162,0,46,162,3,211,106,0,106,317
03/12/2017,SGJ,FL,ASO,ES,Federal Contract Tower,0,11,35,0,46,0,10,58,0,68,0,21,93,0,114,152,16,168,282
03/13/2017,SGJ,FL,ASO,ES,Federal Contract Tower,0,10,20,2,32,0,0,13,0,13,0,10,33,2,45,12,0,12,57
03/14/2017,SGJ,FL,ASO,ES,Federal Contract Tower,0,1,24,3,28,0,2,87,8,97,0,3,111,11,125,181,11,192,317
03/15/2017,SGJ,FL,ASO,ES,Federal Contract Tower,0,2,32,3,37,0,22,166,5,193,0,24,198,8,230,268,4,272,502
03/16/2017,SGJ,FL,ASO,ES,Federal Contract Tower,0,4,37,1,42,0,7,145,3,155,0,11,182,4,197,238,6,244,441
03/17/2017,SGJ,FL,ASO,ES,Federal Contract Tower,0,8,38,0,46,0,26,184,9,219,0,34,222,9,265,258,0,258,523
03/18/2017,SGJ,FL,ASO,ES,Federal Contract Tower,0,7,39,0,46,0,43,199,0,242,0,50,238,0,288,222,0,222,510
03/19/2017,SGJ,FL,ASO,ES,Federal Contract Tower,0,5,44,3,52,0,40,153,4,197,0,45,197,7,249,156,20,176,425
03/20/2017,SGJ,FL,ASO,ES,Federal Contract Tower,0,6,36,9,51,0,18,209,3,230,0,24,245,12,281,180,6,186,467
03/21/2017,SGJ,FL,ASO,ES,Federal Contract Tower,0,8,32,5,45,0,16,181,5,202,0,24,213,10,247,266,3,269,516
03/22/2017,SGJ,FL,ASO,ES,Federal Contract Tower,0,6,37,0,43,0,22,150,3,175,0,28,187,3,218,206,0,206,424
03/23/2017,SGJ,FL,ASO,ES,Federal Contract Tower,0,6,42,0,48,0,8,68,5,81,0,14,110,5,129,166,0,166,295
03/24/2017,SGJ,FL,ASO,ES,Federal Contract Tower,0,13,32,3,48,0,20,196,4,220,0,33,228,7,268,240,0,240,508
03/25/2017,SGJ,FL,ASO,ES,Federal Contract Tower,0,9,41,0,50,0,32,182,0,214,0,41,223,0,264,242,0,242,506
03/26/2017,SGJ,FL,ASO,ES,Federal Contract Tower,0,10,49,0,59,0,24,175,0,199,0,34,224,0,258,201,0,201,459
03/27/2017,SGJ,FL,ASO,ES,Federal Contract Tower,0,11,30,4,45,0,16,162,3,181,0,27,192,7,226,187,0,187,413
03/28/2017,SGJ,FL,ASO,ES,Federal Contract Tower,0,11,43,1,55,0,8,146,3,157,0,19,189,4,212,207,2,209,421
03/29/2017,SGJ,FL,ASO,ES,Federal Contract Tower,0,3,38,2,43,0,14,174,4,192,0,17,212,6,235,234,11,245,480
03/30/2017,SGJ,FL,ASO,ES,Federal Contract Tower,0,13,45,0,58,0,22,185,3,210,0,35,230,3,268,238,0,238,506
03/31/2017,SGJ,FL,ASO,ES,Federal Contract Tower,0,8,47,7,62,0,28,130,12,170,0,36,177,19,232,98,0,98,330
04/01/2017,SGJ,FL,ASO,ES,Federal Contract Tower,0,8,50,3,61,0,56,178,0,234,0,64,228,3,295,136,0,136,431
04/02/2017,SGJ,FL,ASO,ES,Federal Contract Tower,0,10,36,0,46,0,48,157,0,205,0,58,193,0,251,159,0,159,410
04/03/2017,SGJ,FL,ASO,ES,Federal Contract Tower,0,10,37,1,48,0,12,75,2,89,0,22,112,3,137,92,0,92,229
04/04/2017,SGJ,FL,ASO,ES,Federal Contract Tower,0,5,31,0,36,0,6,40,0,46,0,11,71,0,82,42,0,42,124
04/05/2017,SGJ,FL,ASO,ES,Federal Contract Tower,0,2,35,0,37,0,22,132,2,156,0,24,167,2,193,128,4,132,325
04/06/2017,SGJ,FL,ASO,ES,Federal Contract Tower,0,4,53,6,63,0,16,83,4,103,0,20,136,10,166,74,0,74,240
04/07/2017,SGJ,FL,ASO,ES,Federal Contract Tower,0,5,35,2,42,0,18,152,3,173,0,23,187,5,215,126,0,126,341
04/08/2017,SGJ,FL,ASO,ES,Federal Contract Tower,0,3,30,5,38,0,24,175,2,201,0,27,205,7,239,134,2,136,375
04/09/2017,SGJ,FL,ASO,ES,Federal Contract Tower,0,5,46,2,53,0,18,152,3,173,0,23,198,5,226,76,2,78,304
04/10/2017,SGJ,FL,ASO,ES,Federal Contract Tower,0,7,26,8,41,0,17,170,4,191,0,24,196,12,232,135,0,135,367
04/11/2017,SGJ,FL,ASO,ES,Federal Contract Tower,0,5,39,9,53,0,13,159,9,181,0,18,198,18,234,204,0,204,438
04/12/2017,SGJ,FL,ASO,ES,Federal Contract Tower,0,0,58,6,64,0,28,158,4,190,0,28,216,10,254,182,0,182,436
04/13/2017,SGJ,FL,ASO,ES,Federal Contract Tower,0,8,31,6,45,0,16,160,12,188,0,24,191,18,233,272,4,276,509
04/14/2017,SGJ,FL,ASO,ES,Federal Contract Tower,0,9,49,0,58,0,40,175,2,217,0,49,224,2,275,242,0,242,517
04/15/2017,SGJ,FL,ASO,ES,Federal Contract Tower,0,5,28,0,33,0,34,156,0,190,0,39,184,0,223,184,0,184,407
04/16/2017,SGJ,FL,ASO,ES,Federal Contract Tower,0,10,26,4,40,0,22,93,3,118,0,32,119,7,158,33,0,33,191
04/17/2017,SGJ,FL,ASO,ES,Federal Contract Tower,0,18,55,1,74,0,26,178,5,209,0,44,233,6,283,180,9,189,472
04/18/2017,SGJ,FL,ASO,ES,Federal Contract Tower,0,7,39,9,55,0,15,178,10,203,0,22,217,19,258,172,0,172,430
04/19/2017,SGJ,FL,ASO,ES,Federal Contract Tower,0,5,32,1,38,0,14,169,4,187,0,19,201,5,225,258,0,258,483
04/20/2017,SGJ,FL,ASO,ES,Federal Contract Tower,0,6,39,4,49,0,17,154,5,176,0,23,193,9,225,139,0,139,364
04/21/2017,SGJ,FL,ASO,ES,Federal Contract Tower,2,9,35,5,51,0,14,194,11,219,2,23,229,16,270,212,1,213,483
04/22/2017,SGJ,FL,ASO,ES,Federal Contract Tower,2,3,35,0,40,0,51,152,3,206,2,54,187,3,246,212,0,212,458
04/23/2017,SGJ,FL,ASO,ES,Federal Contract Tower,0,14,36,13,63,0,21,111,5,137,0,35,147,18,200,174,3,177,377
04/24/2017,SGJ,FL,ASO,ES,Federal Contract Tower,1,7,52,0,60,0,8,90,12,110,1,15,142,12,170,100,0,100,270
04/25/2017,SGJ,FL,ASO,ES,Federal Contract Tower,0,6,34,0,40,0,19,120,3,142,0,25,154,3,182,160,0,160,342
04/26/2017,SGJ,FL,ASO,ES,Federal Contract Tower,2,2,49,1,54,0,3,161,8,172,2,5,210,9,226,150,4,154,380
04/27/2017,SGJ,FL,ASO,ES,Federal Contract Tower,0,5,32,2,39,0,6,135,7,148,0,11,167,9,187,276,0,276,463
04/28/2017,SGJ,FL,ASO,ES,Federal Contract Tower,2,11,24,2,39,0,13,111,0,124,2,24,135,2,163,182,0,182,345
04/29/2017,SGJ,FL,ASO,ES,Federal Contract Tower,1,0,57,0,58,0,34,120,1,155,1,34,177,1,213,108,0,108,321
04/30/2017,SGJ,FL,ASO,ES,Federal Contract Tower,1,13,44,0,58,0,22,65,0,87,1,35,109,0,145,90,0,90,235
05/01/2017,SGJ,FL,ASO,ES,Federal Contract Tower,1,4,26,6,37,0,0,65,8,73,1,4,91,14,110,63,0,63,173
05/02/2017,SGJ,FL,ASO,ES,Federal Contract Tower,0,8,44,1,53,0,10,132,5,147,0,18,176,6,200,195,2,197,397
05/03/2017,SGJ,FL,ASO,ES,Federal Contract Tower,1,5,36,4,46,0,4,189,8,201,1,9,225,12,247,216,10,226,473
05/04/2017,SGJ,FL,ASO,ES,Federal Contract Tower,0,12,30,3,45,0,0,76,3,79,0,12,106,6,124,81,12,93,217
05/05/2017,SGJ,FL,ASO,ES,Federal Contract Tower,1,4,34,0,39,0,0,79,0,79,1,4,113,0,118,12,0,12,130
05/06/2017,SGJ,FL,ASO,ES,Federal Contract Tower,2,8,32,0,42,0,28,122,4,154,2,36,154,4,196,130,0,130,326
05/07/2017,SGJ,FL,ASO,ES,Federal Contract Tower,0,17,44,2,63,0,20,169,5,194,0,37,213,7,257,147,0,147,404
05/08/2017,SGJ,FL,ASO,ES,Federal Contract Tower,2,15,36,1,54,0,12,131,13,156,2,27,167,14,210,121,0,121,331
05/09/2017,SGJ,FL,ASO,ES,Federal Contract Tower,0,9,22,5,36,0,22,131,19,172,0,31,153,24,208,139,6,145,353
05/10/2017,SGJ,FL,ASO,ES,Federal Contract Tower,2,15,37,3,57,0,8,144,5,157,2,23,181,8,214,195,0,195,409
05/11/2017,SGJ,FL,ASO,ES,Federal Contract Tower,0,20,41,5,66,0,18,133,9,160,0,38,174,14,226,186,0,186,412
05/12/2017,SGJ,FL,ASO,ES,Federal Contract Tower,2,19,44,2,67,0,10,134,8,152,2,29,178,10,219,132,12,144,363
05/13/2017,SGJ,FL,ASO,ES,Federal Contract Tower,1,14,22,0,37,0,18,47,1,66,1,32,69,1,103,48,0,48,151
05/14/2017,SGJ,FL,ASO,ES,Federal Contract Tower,0,28,61,5,94,0,32,50,0,82,0,60,111,5,176,69,0,69,245
05/15/2017,SGJ,FL,ASO,ES,Federal Contract Tower,2,10,44,1,57,0,7,152,6,165,2,17,196,7,222,116,0,116,338
05/16/2017,SGJ,FL,ASO,ES,Federal Contract Tower,0,5,33,0,38,0,18,182,0,200,0,23,215,0,238,181,0,181,419
05/17/2017,SGJ,FL,ASO,ES,Federal Contract Tower,2,7,40,1,50,0,14,124,4,142,2,21,164,5,192,218,0,218,410
05/18/2017,SGJ,FL,ASO,ES,Federal Contract Tower,0,15,45,0,60,0,19,132,6,157,0,34,177,6,217,152,0,152,369
05/19/2017,SGJ,FL,ASO,ES,Federal Contract Tower,1,4,53,1,59,0,17,125,1,143,1,21,178,2,202,157,0,157,359
05/20/2017,SGJ,FL,ASO,ES,Federal Contract Tower,2,3,29,1,35,0,29,121,0,150,2,32,150,1,185,150,0,150,335
05/21/2017,SGJ,FL,ASO,ES,Federal Contract Tower,0,9,35,0,44,0,15,90,0,105,0,24,125,0,149,84,0,84,233
05/22/2017,SGJ,FL,ASO,ES,Federal Contract Tower,1,7,38,0,46,0,6,111,9,126,1,13,149,9,172,84,0,84,256
05/23/2017,SGJ,FL,ASO,ES,Federal Contract Tower,0,1,45,2,48,0,0,82,6,88,0,1,127,8,136,70,0,70,206
05/24/2017,SGJ,FL,ASO,ES,Federal Contract Tower,1,5,13,0,19,0,0,6,0,6,1,5,19,0,25,0,0,0,25
05/25/2017,SGJ,FL,ASO,ES,Federal Contract Tower,0,12,47,0,59,0,0,154,2,156,0,12,201,2,215,157,16,173,388
05/26/2017,SGJ,FL,ASO,ES,Federal Contract Tower,2,2,55,2,61,0,2,247,1,250,2,4,302,3,311,228,20,248,559
05/27/2017,SGJ,FL,ASO,ES,Federal Contract Tower,2,2,27,0,31,0,34,149,0,183,2,36,176,0,214,168,0,168,382
05/28/2017,SGJ,FL,ASO,ES,Federal Contract Tower,0,3,33,0,36,0,44,100,2,146,0,47,133,2,182,108,0,108,290
05/29/2017,SGJ,FL,ASO,ES,Federal Contract Tower,2,3,35,0,40,0,30,158,0,188,2,33,193,0,228,101,0,101,329
05/30/2017,SGJ,FL,ASO,ES,Federal Contract Tower,0,7,33,0,40,0,10,95,1,106,0,17,128,1,146,82,0,82,228
05/31/2017,SGJ,FL,ASO,ES,Federal Contract Tower,1,2,30,0,33,0,12,83,10,105,1,14,113,10,138,118,4,122,260
06/01/2017,SGJ,FL,ASO,ES,Federal Contract Tower,0,11,24,0,35,0,11,94,1,106,0,22,118,1,141,98,0,98,239
06/02/2017,SGJ,FL,ASO,ES,Federal Contract Tower,2,3,29,7,41,0,14,86,0,100,2,17,115,7,141,132,0,132,273
06/03/2017,SGJ,FL,ASO,ES,Federal Contract Tower,2,0,31,4,37,0,22,131,0,153,2,22,162,4,190,235,0,235,425
06/04/2017,SGJ,FL,ASO,ES,Federal Contract Tower,0,10,29,0,39,0,14,92,0,106,0,24,121,0,145,164,0,164,309
06/05/2017,SGJ,FL,ASO,ES,Federal Contract Tower,1,9,22,2,34,0,12,101,2,115,1,21,123,4,149,126,0,126,275
06/06/2017,SGJ,FL,ASO,ES,Federal Contract Tower,0,3,11,0,14,0,2,38,10,50,0,5,49,10,64,68,0,68,132
06/07/2017,SGJ,FL,ASO,ES,Federal Contract Tower,2,4,17,0,23,0,0,1,0,1,2,4,18,0,24,0,0,0,24
06/08/2017,SGJ,FL,ASO,ES,Federal Contract Tower,0,7,31,3,41,0,2,26,0,28,0,9,57,3,69,12,0,12,81
06/09/2017,SGJ,FL,ASO,ES,Federal Contract Tower,0,10,29,1,40,0,30,223,6,259,0,40,252,7,299,314,0,314,613
06/10/2017,SGJ,FL,ASO,ES,Federal Contract Tower,0,3,22,5,30,0,22,137,0,159,0,25,159,5,189,227,8,235,424
06/11/2017,SGJ,FL,ASO,ES,Federal Contract Tower,0,10,29,4,43,0,20,121,11,152,0,30,150,15,195,294,0,294,489
06/12/2017,SGJ,FL,ASO,ES,Federal Contract Tower,1,12,31,0,44,0,0,34,4,38,1,12,65,4,82,68,0,68,150
06/13/2017,SGJ,FL,ASO,ES,Federal Contract Tower,0,8,25,0,33,0,3,63,4,70,0,11,88,4,103,162,0,162,265
06/14/2017,SGJ,FL,ASO,ES,Federal Contract Tower,2,4,39,2,47,0,7,102,8,117,2,11,141,10,164,126,12,138,302
06/15/2017,SGJ,FL,ASO,ES,Federal Contract Tower,0,11,35,0,46,0,3,128,1,132,0,14,163,1,178,230,12,242,420
06/16/2017,SGJ,FL,ASO,ES,Federal Contract Tower,1,5,49,0,55,0,0,39,0,39,1,5,88,0,94,54,0,54,148
06/17/2017,SGJ,FL,ASO,ES,Federal Contract Tower,1,6,38,2,47,0,30,141,0,171,1,36,179,2,218,190,0,190,408
06/18/2017,SGJ,FL,ASO,ES,Federal Contract Tower,0,6,29,0,35,0,32,130,0,162,0,38,159,0,197,157,0,157,354
06/19/2017,SGJ,FL,ASO,ES,Federal Contract Tower,0,6,23,0,29,0,6,103,0,109,0,12,126,0,138,166,0,166,304
06/20/2017,SGJ,FL,ASO,ES,Federal Contract Tower,0,10,20,2,32,0,12,147,8,167,0,22,167,10,199,268,0,268,467
06/21/2017,SGJ,FL,ASO,ES,Federal Contract Tower,2,3,27,1,33,0,28,95,14,137,2,31,122,15,170,112,6,118,288
06/22/2017,SGJ,FL,ASO,ES,Federal Contract Tower,0,5,34,2,41,0,28,155,8,191,0,33,189,10,232,277,0,277,509
06/23/2017,SGJ,FL,ASO,ES,Federal Contract Tower,1,3,28,1,33,0,20,199,2,221,1,23,227,3,254,220,0,220,474
06/24/2017,SGJ,FL,ASO,ES,Federal Contract Tower,0,1,29,5,35,0,18,198,0,216,0,19,227,5,251,232,0,232,483
06/25/2017,SGJ,FL,ASO,ES,Federal Contract Tower,0,12,29,0,41,0,24,108,0,132,0,36,137,0,173,77,0,77,250
06/26/2017,SGJ,FL,ASO,ES,Federal Contract Tower,2,1,28,4,35,0,7,107,4,118,2,8,135,8,153,135,8,143,296
06/27/2017,SGJ,FL,ASO,ES,Federal Contract Tower,0,5,19,4,28,0,14,64,14,92,0,19,83,18,120,114,8,122,242
06/28/2017,SGJ,FL,ASO,ES,Federal Contract Tower,1,7,36,0,44,0,6,85,2,93,1,13,121,2,137,201,0,201,338
06/29/2017,SGJ,FL,ASO,ES,Federal Contract Tower,0,8,28,0,36,0,20,146,0,166,0,28,174,0,202,194,6,200,402
06/30/2017,SGJ,FL,ASO,ES,Federal Contract Tower,1,3,40,9,53,0,19,163,0,182,1,22,203,9,235,116,0,116,351
07/01/2017,SGJ,FL,ASO,ES,Federal Contract Tower,0,4,28,0,32,0,37,126,0,163,0,41,154,0,195,148,0,148,343
07/02/2017,SGJ,FL,ASO,ES,Federal Contract Tower,0,7,21,0,28,0,29,139,0,168,0,36,160,0,196,265,0,265,461
07/03/2017,SGJ,FL,ASO,ES,Federal Contract Tower,2,3,25,0,30,0,24,117,0,141,2,27,142,0,171,96,0,96,267
07/04/2017,SGJ,FL,ASO,ES,Federal Contract Tower,0,2,23,0,25,0,31,63,0,94,0,33,86,0,119,28,0,28,147
07/05/2017,SGJ,FL,ASO,ES,Federal Contract Tower,2,4,19,0,25,0,33,128,20,181,2,37,147,20,206,228,0,228,434
07/06/2017,SGJ,FL,ASO,ES,Federal Contract Tower,0,6,28,1,35,0,20,163,26,209,0,26,191,27,244,280,0,280,524
07/07/2017,SGJ,FL,ASO,ES,Federal Contract Tower,2,6,29,0,37,0,16,213,1,230,2,22,242,1,267,325,0,325,592
07/08/2017,SGJ,FL,ASO,ES,Federal Contract Tower,2,5,30,0,37,0,33,168,0,201,2,38,198,0,238,216,0,216,454
07/09/2017,SGJ,FL,ASO,ES,Federal Contract Tower,0,11,24,0,35,0,20,142,0,162,0,31,166,0,197,192,0,192,389
07/10/2017,SGJ,FL,ASO,ES,Federal Contract Tower,0,6,39,1,46,0,0,146,5,151,0,6,185,6,197,148,10,158,355
07/11/2017,SGJ,FL,ASO,ES,Federal Contract Tower,0,7,30,4,41,0,2,187,0,189,0,9,217,4,230,260,0,260,490
07/12/2017,SGJ,FL,ASO,ES,Federal Contract Tower,2,4,39,0,45,0,2,147,6,155,2,6,186,6,200,216,4,220,420
07/13/2017,SGJ,FL,ASO,ES,Federal Contract Tower,0,2,34,5,41,0,12,146,2,160,0,14,180,7,201,325,0,325,526
07/14/2017,SGJ,FL,ASO,ES,Federal Contract Tower,0,8,34,2,44,0,23,115,3,141,0,31,149,5,185,166,0,166,351
07/15/2017,SGJ,FL,ASO,ES,Federal Contract Tower,2,1,25,0,28,0,47,163,1,211,2,48,188,1,239,282,0,282,521
07/16/2017,SGJ,FL,ASO,ES,Federal Contract Tower,0,8,29,0,37,0,32,125,0,157,0,40,154,0,194,148,0,148,342
07/17/2017,SGJ,FL,ASO,ES,Federal Contract Tower,0,5,27,0,32,0,10,95,3,108,0,15,122,3,140,152,0,152,292
07/18/2017,SGJ,FL,ASO,ES,Federal Contract Tower,0,7,46,0,53,0,38,156,9,203,0,45,202,9,256,280,4,284,540
07/19/2017,SGJ,FL,ASO,ES,Federal Contract Tower,2,0,34,1,37,0,16,158,0,174,2,16,192,1,211,244,0,244,455
07/20/2017,SGJ,FL,ASO,ES,Federal Contract Tower,0,2,37,1,40,0,21,175,6,202,0,23,212,7,242,275,0,275,517
07/21/2017,SGJ,FL,ASO,ES,Federal Contract Tower,2,2,35,1,40,0,9,182,4,195,2,11,217,5,235,306,4,310,545
07/22/2017,SGJ,FL,ASO,ES,Federal Contract Tower,1,2,29,0,32,0,2,124,3,129,1,4,153,3,161,164,0,164,325
07/23/2017,SGJ,FL,ASO,ES,Federal Contract Tower,0,3,19,0,22,0,7,59,0,66,0,10,78,0,88,110,1,111,199
07/24/2017,SGJ,FL,ASO,ES,Federal Contract Tower,2,4,22,2,30,0,3,86,7,96,2,7,108,9,126,171,4,175,301
07/25/2017,SGJ,FL,ASO,ES,Federal Contract Tower,0,4,26,1,31,0,1,128,6,135,0,5,154,7,166,217,0,217,383
07/26/2017,SGJ,FL,ASO,ES,Federal Contract Tower,2,3,38,0,43,0,8,143,7,158,2,11,181,7,201,190,0,190,391
07/27/2017,SGJ,FL,ASO,ES,Federal Contract Tower,0,3,18,4,25,0,26,104,5,135,0,29,122,9,160,234,22,256,416
07/28/2017,SGJ,FL,ASO,ES,Federal Contract Tower,1,6,25,2,34,0,34,154,0,188,1,40,179,2,222,220,0,220,442
07/29/2017,SGJ,FL,ASO,ES,Federal Contract Tower,2,7,31,0,40,0,43,92,0,135,2,50,123,0,175,181,0,181,356
07/30/2017,SGJ,FL,ASO,ES,Federal Contract Tower,0,8,18,0,26,0,4,10,0,14,0,12,28,0,40,0,0,0,40
07/31/2017,SGJ,FL,ASO,ES,Federal Contract Tower,2,1,39,1,43,0,16,94,10,120,2,17,133,11,163,63,0,63,226
08/01/2017,SGJ,FL,ASO,ES,Federal Contract Tower,0,2,31,3,36,0,22,106,8,136,0,24,137,11,172,169,2,171,343
08/02/2017,SGJ,FL,ASO,ES,Federal Contract Tower,0,3,25,0,28,0,0,93,0,93,0,3,118,0,121,166,2,168,289
08/03/2017,SGJ,FL,ASO,ES,Federal Contract Tower,0,10,36,2,48,0,18,58,0,76,0,28,94,2,124,114,0,114,238
08/04/2017,SGJ,FL,ASO,ES,Federal Contract Tower,0,2,37,0,39,0,48,154,2,204,0,50,191,2,243,396,0,396,639
08/05/2017,SGJ,FL,ASO,ES,Federal Contract Tower,2,7,14,0,23,0,36,132,2,170,2,43,146,2,193,224,0,224,417
08/06/2017,SGJ,FL,ASO,ES,Federal Contract Tower,0,9,21,0,30,0,20,145,2,167,0,29,166,2,197,294,0,294,491
08/07/2017,SGJ,FL,ASO,ES,Federal Contract Tower,2,6,33,3,44,0,28,158,2,188,2,34,191,5,232,216,0,216,448
08/08/2017,SGJ,FL,ASO,ES,Federal Contract Tower,0,6,31,0,37,0,21,160,0,181,0,27,191,0,218,229,0,229,447
08/09/2017,SGJ,FL,ASO,ES,Federal Contract Tower,2,11,34,0,47,0,8,135,0,143,2,19,169,0,190,203,10,213,403
08/10/2017,SGJ,FL,ASO,ES,Federal Contract Tower,0,4,37,0,41,0,15,146,2,163,0,19,183,2,204,236,0,236,440
08/11/2017,SGJ,FL,ASO,ES,Federal Contract Tower,2,6,45,0,53,0,39,118,1,158,2,45,163,1,211,222,0,222,433
08/12/2017,SGJ,FL,ASO,ES,Federal Contract Tower,2,0,29,2,33,0,45,139,0,184,2,45,168,2,217,184,1,185,402
08/13/2017,SGJ,FL,ASO,ES,Federal Contract Tower,0,6,30,0,36,0,16,135,0,151,0,22,165,0,187,204,0,204,391
08/14/2017,SGJ,FL,ASO,ES,Federal Contract Tower,0,6,36,4,46,0,20,130,0,150,0,26,166,4,196,202,0,202,398
08/15/2017,SGJ,FL,ASO,ES,Federal Contract Tower,0,5,23,1,29,0,21,171,6,198,0,26,194,7,227,381,10,391,618
08/16/2017,SGJ,FL,ASO,ES,Federal Contract Tower,0,3,26,1,30,0,6,146,3,155,0,9,172,4,185,243,0,243,428
08/17/2017,SGJ,FL,ASO,ES,Federal Contract Tower,0,4,38,3,45,0,9,119,0,128,0,13,157,3,173,206,0,206,379
08/18/2017,SGJ,FL,ASO,ES,Federal Contract Tower,0,5,35,1,41,0,17,170,4,191,0,22,205,5,232,236,6,242,474
08/19/2017,SGJ,FL,ASO,ES,Federal Contract Tower,0,6,38,0,44,0,39,164,1,204,0,45,202,1,248,280,0,280,528
08/20/2017,SGJ,FL,ASO,ES,Federal Contract Tower,0,5,30,0,35,0,23,146,0,169,0,28,176,0,204,126,0,126,330
08/21/2017,SGJ,FL,ASO,ES,Federal Contract Tower,0,3,29,4,36,0,3,149,6,158,0,6,178,10,194,200,0,200,394
08/22/2017,SGJ,FL,ASO,ES,Federal Contract Tower,0,2,25,4,31,0,8,185,3,196,0,10,210,7,227,226,0,226,453
08/23/2017,SGJ,FL,ASO,ES,Federal Contract Tower,0,4,30,2,36,0,11,161,3,175,0,15,191,5,211,346,0,346,557
08/24/2017,SGJ,FL,ASO,ES,Federal Contract Tower,0,4,28,0,32,0,6,165,0,171,0,10,193,0,203,280,0,280,483
08/25/2017,SGJ,FL,ASO,ES,Federal Contract Tower,0,2,33,1,36,0,0,152,0,152,0,2,185,1,188,282,0,282,470
08/26/2017,SGJ,FL,ASO,ES,Federal Contract Tower,0,1,24,0,25,0,40,89,0,129,0,41,113,0,154,266,0,266,420
08/27/2017,SGJ,FL,ASO,ES,Federal Contract Tower,0,5,29,0,34,0,8,37,0,45,0,13,66,0,79,55,0,55,134
08/28/2017,SGJ,FL,ASO,ES,Federal Contract Tower,0,3,33,0,36,0,4,42,0,46,0,7,75,0,82,148,0,148,230
08/29/2017,SGJ,FL,ASO,ES,Federal Contract Tower,0,10,19,4,33,0,15,109,3,127,0,25,128,7,160,307,2,309,469
08/30/2017,SGJ,FL,ASO,ES,Federal Contract Tower,0,6,29,2,37,0,22,121,1,144,0,28,150,3,181,252,0,252,433
08/31/2017,SGJ,FL,ASO,ES,Federal Contract Tower,0,2,47,1,50,0,23,140,0,163,0,25,187,1,213,249,0,249,462
09/01/2017,SGJ,FL,ASO,ES,Federal Contract Tower,0,1,28,0,29,0,6,82,0,88,0,7,110,0,117,132,0,132,249
09/02/2017,SGJ,FL,ASO,ES,Federal Contract Tower,0,3,28,0,31,0,23,156,0,179,0,26,184,0,210,214,0,214,424
09/03/2017,SGJ,FL,ASO,ES,Federal Contract Tower,0,4,25,0,29,0,30,120,1,151,0,34,145,1,180,219,0,219,399
09/04/2017,SGJ,FL,ASO,ES,Federal Contract Tower,1,8,30,0,39,0,15,143,0,158,1,23,173,0,197,258,0,258,455
09/05/2017,SGJ,FL,ASO,ES,Federal Contract Tower,0,3,34,0,37,0,17,111,0,128,0,20,145,0,165,247,0,247,412
09/06/2017,SGJ,FL,ASO,ES,Federal Contract Tower,0,1,32,0,33,0,2,71,5,78,0,3,103,5,111,193,11,204,315
09/07/2017,SGJ,FL,ASO,ES,Federal Contract Tower,0,13,40,3,56,0,2,129,0,131,0,15,169,3,187,231,0,231,418
09/08/2017,SGJ,FL,ASO,ES,Federal Contract Tower,0,11,41,1,53,0,0,58,0,58,0,11,99,1,111,14,0,14,125
09/09/2017,SGJ,FL,ASO,ES,Federal Contract Tower,0,0,8,0,8,0,0,0,0,0,0,0,8,0,8,0,0,0,8
09/10/2017,SGJ,FL,ASO,ES,Federal Contract Tower,0,0,0,0,0,0,0,0,0,0,0,0,0,0,0,0,0,0,0
09/11/2017,SGJ,FL,ASO,ES,Federal Contract Tower,0,0,0,0,0,0,0,0,0,0,0,0,0,0,0,0,0,0,0
09/12/2017,SGJ,FL,ASO,ES,Federal Contract Tower,0,0,0,0,0,0,0,11,0,11,0,0,11,0,11,0,0,0,11
09/13/2017,SGJ,FL,ASO,ES,Federal Contract Tower,0,8,23,1,32,0,0,89,4,93,0,8,112,5,125,29,0,29,154
09/14/2017,SGJ,FL,ASO,ES,Federal Contract Tower,0,5,20,1,26,2,93,1,0,96,2,98,21,1,122,140,0,140,262
09/15/2017,SGJ,FL,ASO,ES,Federal Contract Tower,0,3,24,1,28,0,2,89,1,92,0,5,113,2,120,179,0,179,299
09/16/2017,SGJ,FL,ASO,ES,Federal Contract Tower,0,3,29,3,35,0,19,128,2,149,0,22,157,5,184,74,2,76,260
09/17/2017,SGJ,FL,ASO,ES,Federal Contract Tower,0,4,27,0,31,0,12,139,2,153,0,16,166,2,184,33,0,33,217
09/18/2017,SGJ,FL,ASO,ES,Federal Contract Tower,0,3,24,5,32,0,0,112,0,112,0,3,136,5,144,156,0,156,300
09/19/2017,SGJ,FL,ASO,ES,Federal Contract Tower,0,12,30,3,45,0,2,176,6,184,0,14,206,9,229,218,10,228,457
09/20/2017,SGJ,FL,ASO,ES,Federal Contract Tower,0,2,31,1,34,0,2,118,6,126,0,4,149,7,160,250,2,252,412
09/21/2017,SGJ,FL,ASO,ES,Federal Contract Tower,0,4,27,2,33,0,12,138,2,152,0,16,165,4,185,169,2,171,356
09/22/2017,SGJ,FL,ASO,ES,Federal Contract Tower,0,2,30,3,35,0,3,113,1,117,0,5,143,4,152,208,4,212,364
09/23/2017,SGJ,FL,ASO,ES,Federal Contract Tower,0,0,19,0,19,0,12,57,2,71,0,12,76,2,90,86,0,86,176
09/24/2017,SGJ,FL,ASO,ES,Federal Contract Tower,0,4,28,1,33,0,16,106,0,122,0,20,134,1,155,189,0,189,344
09/25/2017,SGJ,FL,ASO,ES,Federal Contract Tower,0,3,20,2,25,0,9,142,6,157,0,12,162,8,182,244,0,244,426
09/26/2017,SGJ,FL,ASO,ES,Federal Contract Tower,0,6,26,2,34,0,19,161,5,185,0,25,187,7,219,252,0,252,471
09/27/2017,SGJ,FL,ASO,ES,Federal Contract Tower,0,2,24,2,28,0,22,125,2,149,0,24,149,4,177,322,2,324,501
09/28/2017,SGJ,FL,ASO,ES,Federal Contract Tower,0,6,42,5,53,0,6,143,2,151,0,12,185,7,204,276,0,276,480
09/29/2017,SGJ,FL,ASO,ES,Federal Contract Tower,0,7,26,0,33,0,10,137,4,151,0,17,163,4,184,192,0,192,376
09/30/2017,SGJ,FL,ASO,ES,Federal Contract Tower,0,2,10,0,12,0,0,13,0,13,0,2,23,0,25,8,0,8,33
10/01/2017,SGJ,FL,ASO,ES,Federal Contract Tower,0,7,6,0,13,0,0,0,0,0,0,7,6,0,13,0,0,0,13
10/02/2017,SGJ,FL,ASO,ES,Federal Contract Tower,0,11,30,1,42,0,8,97,6,111,0,19,127,7,153,95,0,95,248
10/03/2017,SGJ,FL,ASO,ES,Federal Contract Tower,0,7,41,2,50,0,23,75,0,98,0,30,116,2,148,38,0,38,186
10/04/2017,SGJ,FL,ASO,ES,Federal Contract Tower,0,10,21,1,32,0,4,87,2,93,0,14,108,3,125,40,0,40,165
10/05/2017,SGJ,FL,ASO,ES,Federal Contract Tower,0,4,31,7,42,0,0,56,0,56,0,4,87,7,98,40,0,40,138
10/06/2017,SGJ,FL,ASO,ES,Federal Contract Tower,0,12,35,1,48,0,12,117,2,131,0,24,152,3,179,244,0,244,423
10/07/2017,SGJ,FL,ASO,ES,Federal Contract Tower,0,8,42,0,50,0,28,76,0,104,0,36,118,0,154,90,0,90,244
10/08/2017,SGJ,FL,ASO,ES,Federal Contract Tower,0,11,17,0,28,0,18,112,2,132,0,29,129,2,160,179,0,179,339
10/09/2017,SGJ,FL,ASO,ES,Federal Contract Tower,0,12,38,0,50,0,16,139,2,157,0,28,177,2,207,256,0,256,463
10/10/2017,SGJ,FL,ASO,ES,Federal Contract Tower,0,6,21,2,29,0,2,165,9,176,0,8,186,11,205,214,4,218,423
10/11/2017,SGJ,FL,ASO,ES,Federal Contract Tower,0,5,30,1,36,0,8,147,7,162,0,13,177,8,198,340,0,340,538
10/12/2017,SGJ,FL,ASO,ES,Federal Contract Tower,0,0,35,2,37,0,20,155,4,179,0,20,190,6,216,342,0,342,558
10/13/2017,SGJ,FL,ASO,ES,Federal Contract Tower,0,3,50,2,55,0,3,126,2,131,0,6,176,4,186,100,38,138,324
10/14/2017,SGJ,FL,ASO,ES,Federal Contract Tower,0,4,38,1,43,0,39,185,2,226,0,43,223,3,269,282,0,282,551
10/15/2017,SGJ,FL,ASO,ES,Federal Contract Tower,0,7,42,5,54,0,10,72,0,82,0,17,114,5,136,175,2,177,313
10/16/2017,SGJ,FL,ASO,ES,Federal Contract Tower,0,3,37,4,44,0,6,152,0,158,0,9,189,4,202,286,0,286,488
10/17/2017,SGJ,FL,ASO,ES,Federal Contract Tower,0,7,42,2,51,0,5,12,5,22,0,12,54,7,73,2,0,2,75
10/18/2017,SGJ,FL,ASO,ES,Federal Contract Tower,0,7,34,2,43,0,3,73,7,83,0,10,107,9,126,44,0,44,170
10/19/2017,SGJ,FL,ASO,ES,Federal Contract Tower,0,8,34,2,44,0,6,30,0,36,0,14,64,2,80,50,10,60,140
10/20/2017,SGJ,FL,ASO,ES,Federal Contract Tower,0,6,25,3,34,0,29,137,0,166,0,35,162,3,200,214,0,214,414
10/21/2017,SGJ,FL,ASO,ES,Federal Contract Tower,0,11,28,0,39,0,18,160,0,178,0,29,188,0,217,168,0,168,385
10/22/2017,SGJ,FL,ASO,ES,Federal Contract Tower,0,5,48,2,55,0,12,70,0,82,0,17,118,2,137,98,0,98,235
10/23/2017,SGJ,FL,ASO,ES,Federal Contract Tower,0,2,31,0,33,0,2,61,0,63,0,4,92,0,96,180,0,180,276
10/24/2017,SGJ,FL,ASO,ES,Federal Contract Tower,0,5,31,5,41,0,12,174,2,188,0,17,205,7,229,275,0,275,504
10/25/2017,SGJ,FL,ASO,ES,Federal Contract Tower,0,3,37,0,40,0,6,132,7,145,0,9,169,7,185,242,0,242,427
10/26/2017,SGJ,FL,ASO,ES,Federal Contract Tower,0,6,56,0,62,0,21,177,1,199,0,27,233,1,261,307,0,307,568
10/27/2017,SGJ,FL,ASO,ES,Federal Contract Tower,0,12,35,4,51,0,18,272,3,293,0,30,307,7,344,276,6,282,626
10/28/2017,SGJ,FL,ASO,ES,Federal Contract Tower,0,5,23,0,28,0,29,163,0,192,0,34,186,0,220,302,0,302,522
10/29/2017,SGJ,FL,ASO,ES,Federal Contract Tower,0,8,36,8,52,0,5,75,0,80,0,13,111,8,132,44,0,44,176
10/30/2017,SGJ,FL,ASO,ES,Federal Contract Tower,0,13,50,1,64,0,12,229,2,243,0,25,279,3,307,228,0,228,535
10/31/2017,SGJ,FL,ASO,ES,Federal Contract Tower,1,6,35,0,42,0,7,189,2,198,1,13,224,2,240,253,0,253,493
11/01/2017,SGJ,FL,ASO,ES,Federal Contract Tower,0,4,27,2,33,0,15,167,10,192,0,19,194,12,225,292,0,292,517
11/02/2017,SGJ,FL,ASO,ES,Federal Contract Tower,0,5,37,3,45,0,13,171,2,186,0,18,208,5,231,341,10,351,582
11/03/2017,SGJ,FL,ASO,ES,Federal Contract Tower,0,9,57,7,73,0,8,150,0,158,0,17,207,7,231,192,6,198,429
11/04/2017,SGJ,FL,ASO,ES,Federal Contract Tower,0,4,18,0,22,0,20,175,0,195,0,24,193,0,217,216,0,216,433
11/05/2017,SGJ,FL,ASO,ES,Federal Contract Tower,1,14,72,1,88,0,2,4,0,6,1,16,76,1,94,0,0,0,94
11/06/2017,SGJ,FL,ASO,ES,Federal Contract Tower,0,12,27,1,40,0,10,121,4,135,0,22,148,5,175,166,0,166,341
11/07/2017,SGJ,FL,ASO,ES,Federal Contract Tower,0,1,43,4,48,0,6,178,8,192,0,7,221,12,240,267,0,267,507
11/08/2017,SGJ,FL,ASO,ES,Federal Contract Tower,0,2,41,2,45,0,18,192,12,222,0,20,233,14,267,318,2,320,587
11/09/2017,SGJ,FL,ASO,ES,Federal Contract Tower,0,6,46,1,53,0,14,126,2,142,0,20,172,3,195,271,0,271,466
11/10/2017,SGJ,FL,ASO,ES,Federal Contract Tower,0,3,54,0,57,0,9,64,0,73,0,12,118,0,130,182,0,182,312
11/11/2017,SGJ,FL,ASO,ES,Federal Contract Tower,0,0,40,0,40,0,20,71,0,91,0,20,111,0,131,118,0,118,249
11/12/2017,SGJ,FL,ASO,ES,Federal Contract Tower,0,9,48,1,58,0,32,181,0,213,0,41,229,1,271,303,0,303,574
11/13/2017,SGJ,FL,ASO,ES,Federal Contract Tower,0,6,33,1,40,0,4,39,0,43,0,10,72,1,83,14,0,14,97
11/14/2017,SGJ,FL,ASO,ES,Federal Contract Tower,1,6,64,4,75,0,2,62,0,64,1,8,126,4,139,58,0,58,197
11/15/2017,SGJ,FL,ASO,ES,Federal Contract Tower,0,6,53,1,60,0,0,6,0,6,0,6,59,1,66,0,0,0,66
11/16/2017,SGJ,FL,ASO,ES,Federal Contract Tower,0,5,48,2,55,0,4,245,2,251,0,9,293,4,306,334,0,334,640
11/17/2017,SGJ,FL,ASO,ES,Federal Contract Tower,0,5,37,4,46,0,10,206,4,220,0,15,243,8,266,322,0,322,588
11/18/2017,SGJ,FL,ASO,ES,Federal Contract Tower,0,7,27,0,34,0,43,202,3,248,0,50,229,3,282,270,0,270,552
11/19/2017,SGJ,FL,ASO,ES,Federal Contract Tower,0,7,51,2,60,0,10,74,0,84,0,17,125,2,144,79,0,79,223
11/20/2017,SGJ,FL,ASO,ES,Federal Contract Tower,0,8,30,1,39,0,11,143,5,159,0,19,173,6,198,142,0,142,340
11/21/2017,SGJ,FL,ASO,ES,Federal Contract Tower,0,4,38,1,43,0,6,81,0,87,0,10,119,1,130,161,0,161,291
11/22/2017,SGJ,FL,ASO,ES,Federal Contract Tower,0,2,39,3,44,0,8,137,1,146,0,10,176,4,190,177,4,181,371
11/23/2017,SGJ,FL,ASO,ES,Federal Contract Tower,0,5,6,0,11,0,0,0,0,0,0,5,6,0,11,0,0,0,11
11/24/2017,SGJ,FL,ASO,ES,Federal Contract Tower,0,5,26,0,31,0,21,59,0,80,0,26,85,0,111,84,0,84,195
11/25/2017,SGJ,FL,ASO,ES,Federal Contract Tower,0,3,34,2,39,0,27,191,0,218,0,30,225,2,257,270,0,270,527
11/26/2017,SGJ,FL,ASO,ES,Federal Contract Tower,0,5,46,0,51,0,28,206,2,236,0,33,252,2,287,206,0,206,493
11/27/2017,SGJ,FL,ASO,ES,Federal Contract Tower,0,0,40,1,41,0,6,158,3,167,0,6,198,4,208,256,0,256,464
11/28/2017,SGJ,FL,ASO,ES,Federal Contract Tower,0,6,30,9,45,0,18,127,4,149,0,24,157,13,194,323,0,323,517
11/29/2017,SGJ,FL,ASO,ES,Federal Contract Tower,0,3,39,0,42,0,6,155,1,162,0,9,194,1,204,292,0,292,496
11/30/2017,SGJ,FL,ASO,ES,Federal Contract Tower,0,13,23,12,48,0,2,173,8,183,0,15,196,20,231,326,2,328,559
12/01/2017,SGJ,FL,ASO,ES,Federal Contract Tower,0,1,49,2,52,0,4,152,1,157,0,5,201,3,209,316,0,316,525
12/02/2017,SGJ,FL,ASO,ES,Federal Contract Tower,0,6,27,0,33,0,42,208,0,250,0,48,235,0,283,240,0,240,523
12/03/2017,SGJ,FL,ASO,ES,Federal Contract Tower,0,6,24,1,31,0,0,6,0,6,0,6,30,1,37,0,0,0,37
12/04/2017,SGJ,FL,ASO,ES,Federal Contract Tower,0,12,32,3,47,0,18,181,1,200,0,30,213,4,247,235,0,235,482
12/05/2017,SGJ,FL,ASO,ES,Federal Contract Tower,0,3,47,2,52,0,6,185,6,197,0,9,232,8,249,322,0,322,571
12/06/2017,SGJ,FL,ASO,ES,Federal Contract Tower,0,5,49,1,55,0,6,156,4,166,0,11,205,5,221,294,2,296,517
12/07/2017,SGJ,FL,ASO,ES,Federal Contract Tower,0,6,23,1,30,0,0,0,0,0,0,6,23,1,30,0,0,0,30
12/08/2017,SGJ,FL,ASO,ES,Federal Contract Tower,0,11,20,2,33,0,0,2,0,2,0,11,22,2,35,0,0,0,35
12/09/2017,SGJ,FL,ASO,ES,Federal Contract Tower,0,6,29,2,37,0,0,49,0,49,0,6,78,2,86,76,0,76,162
12/10/2017,SGJ,FL,ASO,ES,Federal Contract Tower,0,8,33,1,42,0,11,208,2,221,0,19,241,3,263,245,0,245,508
12/11/2017,SGJ,FL,ASO,ES,Federal Contract Tower,0,4,38,7,49,0,4,184,12,200,0,8,222,19,249,162,16,178,427
12/12/2017,SGJ,FL,ASO,ES,Federal Contract Tower,0,5,17,0,22,0,2,101,8,111,0,7,118,8,133,140,2,142,275
12/13/2017,SGJ,FL,ASO,ES,Federal Contract Tower,0,1,37,1,39,0,14,180,6,200,0,15,217,7,239,317,6,323,562
12/14/2017,SGJ,FL,ASO,ES,Federal Contract Tower,0,5,45,0,50,0,2,197,0,199,0,7,242,0,249,330,0,330,579
12/15/2017,SGJ,FL,ASO,ES,Federal Contract Tower,0,6,54,3,63,0,2,203,0,205,0,8,257,3,268,456,0,456,724
12/16/2017,SGJ,FL,ASO,ES,Federal Contract Tower,0,5,29,0,34,0,30,225,0,255,0,35,254,0,289,298,0,298,587
12/17/2017,SGJ,FL,ASO,ES,Federal Contract Tower,0,8,34,0,42,0,30,203,0,233,0,38,237,0,275,224,0,224,499
12/18/2017,SGJ,FL,ASO,ES,Federal Contract Tower,0,6,53,6,65,0,12,186,15,213,0,18,239,21,278,213,0,213,491
12/19/2017,SGJ,FL,ASO,ES,Federal Contract Tower,0,1,35,1,37,0,5,90,4,99,0,6,125,5,136,225,0,225,361
12/20/2017,SGJ,FL,ASO,ES,Federal Contract Tower,0,2,43,1,46,0,16,148,1,165,0,18,191,2,211,348,0,348,559
12/21/2017,SGJ,FL,ASO,ES,Federal Contract Tower,0,8,50,0,58,0,2,47,5,54,0,10,97,5,112,47,12,59,171
12/22/2017,SGJ,FL,ASO,ES,Federal Contract Tower,0,5,71,2,78,0,12,89,3,104,0,17,160,5,182,106,0,106,288
12/23/2017,SGJ,FL,ASO,ES,Federal Contract Tower,0,6,40,1,47,0,38,191,0,229,0,44,231,1,276,232,0,232,508
12/24/2017,SGJ,FL,ASO,ES,Federal Contract Tower,0,4,19,0,23,0,16,14,0,30,0,20,33,0,53,0,0,0,53
12/25/2017,SGJ,FL,ASO,ES,Federal Contract Tower,0,0,2,0,2,0,0,19,0,19,0,0,21,0,21,0,0,0,21
12/26/2017,SGJ,FL,ASO,ES,Federal Contract Tower,0,7,44,0,51,0,18,150,0,168,0,25,194,0,219,218,0,218,437
12/27/2017,SGJ,FL,ASO,ES,Federal Contract Tower,0,7,31,2,40,0,4,34,1,39,0,11,65,3,79,54,2,56,135
12/28/2017,SGJ,FL,ASO,ES,Federal Contract Tower,0,6,35,1,42,0,0,0,0,0,0,6,35,1,42,0,0,0,42
12/29/2017,SGJ,FL,ASO,ES,Federal Contract Tower,0,1,25,0,26,0,0,0,0,0,0,1,25,0,26,0,0,0,26
12/30/2017,SGJ,FL,ASO,ES,Federal Contract Tower,0,2,69,0,71,0,48,99,4,151,0,50,168,4,222,104,0,104,326
12/31/2017,SGJ,FL,ASO,ES,Federal Contract Tower,0,8,17,0,25,0,32,133,0,165,0,40,150,0,190,202,0,202,392
01/01/2018,SGJ,FL,ASO,ES,Federal Contract Tower,0,4,13,0,17,0,0,0,0,0,0,4,13,0,17,0,0,0,17
01/02/2018,SGJ,FL,ASO,ES,Federal Contract Tower,0,7,29,2,38,0,0,0,2,2,0,7,29,4,40,0,0,0,40
01/03/2018,SGJ,FL,ASO,ES,Federal Contract Tower,0,4,17,0,21,0,4,0,0,4,0,8,17,0,25,34,0,34,59
01/04/2018,SGJ,FL,ASO,ES,Federal Contract Tower,0,3,33,3,39,0,18,135,1,154,0,21,168,4,193,212,3,215,408
01/05/2018,SGJ,FL,ASO,ES,Federal Contract Tower,0,2,23,1,26,0,18,182,0,200,0,20,205,1,226,357,0,357,583
01/06/2018,SGJ,FL,ASO,ES,Federal Contract Tower,0,4,44,2,50,0,37,149,0,186,0,41,193,2,236,332,0,332,568
01/07/2018,SGJ,FL,ASO,ES,Federal Contract Tower,0,7,18,8,33,0,4,147,5,156,0,11,165,13,189,108,0,108,297
01/08/2018,SGJ,FL,ASO,ES,Federal Contract Tower,0,1,34,7,42,0,0,27,0,27,0,1,61,7,69,38,0,38,107
01/09/2018,SGJ,FL,ASO,ES,Federal Contract Tower,0,5,30,2,37,0,0,16,0,16,0,5,46,2,53,46,0,46,99
01/10/2018,SGJ,FL,ASO,ES,Federal Contract Tower,0,8,25,3,36,0,0,2,0,2,0,8,27,3,38,0,0,0,38
01/11/2018,SGJ,FL,ASO,ES,Federal Contract Tower,0,10,45,9,64,0,2,40,0,42,0,12,85,9,106,102,0,102,208
01/12/2018,SGJ,FL,ASO,ES,Federal Contract Tower,0,7,19,5,31,0,4,35,1,40,0,11,54,6,71,26,8,34,105
01/13/2018,SGJ,FL,ASO,ES,Federal Contract Tower,0,4,54,0,58,0,28,145,0,173,0,32,199,0,231,310,0,310,541
01/14/2018,SGJ,FL,ASO,ES,Federal Contract Tower,0,5,36,3,44,0,10,100,3,113,0,15,136,6,157,74,0,74,231
01/15/2018,SGJ,FL,ASO,ES,Federal Contract Tower,0,4,38,0,42,0,2,184,0,186,0,6,222,0,228,140,0,140,368
01/16/2018,SGJ,FL,ASO,ES,Federal Contract Tower,0,2,54,2,58,0,4,194,11,209,0,6,248,13,267,372,6,378,645
01/17/2018,SGJ,FL,ASO,ES,Federal Contract Tower,0,9,43,4,56,0,4,217,1,222,0,13,260,5,278,384,0,384,662
01/18/2018,SGJ,FL,ASO,ES,Federal Contract Tower,0,3,51,1,55,0,12,182,1,195,0,15,233,2,250,192,4,196,446
01/19/2018,SGJ,FL,ASO,ES,Federal Contract Tower,0,4,39,5,48,0,1,168,1,170,0,5,207,6,218,288,12,300,518
01/20/2018,SGJ,FL,ASO,ES,Federal Contract Tower,0,3,43,0,46,0,11,199,1,211,0,14,242,1,257,280,0,280,537
01/21/2018,SGJ,FL,ASO,ES,Federal Contract Tower,0,6,28,0,34,0,14,145,5,164,0,20,173,5,198,200,0,200,398
01/22/2018,SGJ,FL,ASO,ES,Federal Contract Tower,0,6,37,0,43,0,10,153,2,165,0,16,190,2,208,296,0,296,504
01/23/2018,SGJ,FL,ASO,ES,Federal Contract Tower,0,0,54,10,64,0,14,41,6,61,0,14,95,16,125,64,6,70,195
01/24/2018,SGJ,FL,ASO,ES,Federal Contract Tower,0,2,36,4,42,0,15,167,0,182,0,17,203,4,224,294,8,302,526
01/25/2018,SGJ,FL,ASO,ES,Federal Contract Tower,0,5,45,2,52,0,4,132,8,144,0,9,177,10,196,104,2,106,302
01/26/2018,SGJ,FL,ASO,ES,Federal Contract Tower,0,6,39,1,46,0,13,184,1,198,0,19,223,2,244,288,2,290,534
01/27/2018,SGJ,FL,ASO,ES,Federal Contract Tower,0,2,41,0,43,0,36,121,2,159,0,38,162,2,202,186,0,186,388
01/28/2018,SGJ,FL,ASO,ES,Federal Contract Tower,0,5,39,0,44,0,10,55,0,65,0,15,94,0,109,128,0,128,237
01/29/2018,SGJ,FL,ASO,ES,Federal Contract Tower,0,3,63,2,68,0,2,17,0,19,0,5,80,2,87,14,0,14,101
01/30/2018,SGJ,FL,ASO,ES,Federal Contract Tower,0,3,36,0,39,0,4,150,0,154,0,7,186,0,193,191,2,193,386
01/31/2018,SGJ,FL,ASO,ES,Federal Contract Tower,0,4,30,1,35,0,6,164,3,173,0,10,194,4,208,159,0,159,367
02/01/2018,SGJ,FL,ASO,ES,Federal Contract Tower,0,9,57,3,69,0,9,190,0,199,0,18,247,3,268,280,6,286,554
02/02/2018,SGJ,FL,ASO,ES,Federal Contract Tower,0,4,35,7,46,0,14,130,18,162,0,18,165,25,208,252,2,254,462
02/03/2018,SGJ,FL,ASO,ES,Federal Contract Tower,0,2,46,3,51,0,17,129,0,146,0,19,175,3,197,174,0,174,371
02/04/2018,SGJ,FL,ASO,ES,Federal Contract Tower,0,12,26,7,45,0,2,43,12,57,0,14,69,19,102,44,0,44,146
02/05/2018,SGJ,FL,ASO,ES,Federal Contract Tower,0,13,35,3,51,0,10,191,5,206,0,23,226,8,257,237,0,237,494
02/06/2018,SGJ,FL,ASO,ES,Federal Contract Tower,0,5,42,13,60,0,0,155,6,161,0,5,197,19,221,257,2,259,480
02/07/2018,SGJ,FL,ASO,ES,Federal Contract Tower,0,8,30,3,41,0,18,130,2,150,0,26,160,5,191,190,2,192,383
02/08/2018,SGJ,FL,ASO,ES,Federal Contract Tower,0,12,36,5,53,0,6,16,2,24,0,18,52,7,77,26,0,26,103
02/09/2018,SGJ,FL,ASO,ES,Federal Contract Tower,0,5,51,6,62,0,6,48,3,57,0,11,99,9,119,90,4,94,213
02/10/2018,SGJ,FL,ASO,ES,Federal Contract Tower,0,1,49,4,54,0,41,124,0,165,0,42,173,4,219,180,0,180,399
02/11/2018,SGJ,FL,ASO,ES,Federal Contract Tower,0,6,29,0,35,0,26,123,5,154,0,32,152,5,189,142,6,148,337
02/12/2018,SGJ,FL,ASO,ES,Federal Contract Tower,0,4,28,0,32,0,0,15,0,15,0,4,43,0,47,16,0,16,63
02/13/2018,SGJ,FL,ASO,ES,Federal Contract Tower,0,3,19,2,24,0,0,0,0,0,0,3,19,2,24,0,0,0,24
02/14/2018,SGJ,FL,ASO,ES,Federal Contract Tower,0,1,24,0,25,0,4,9,0,13,0,5,33,0,38,8,0,8,46
02/15/2018,SGJ,FL,ASO,ES,Federal Contract Tower,0,10,49,4,63,0,12,200,2,214,0,22,249,6,277,313,4,317,594
02/16/2018,SGJ,FL,ASO,ES,Federal Contract Tower,0,6,39,1,46,0,31,149,0,180,0,37,188,1,226,148,0,148,374
02/17/2018,SGJ,FL,ASO,ES,Federal Contract Tower,0,6,47,0,53,0,40,198,2,240,0,46,245,2,293,336,0,336,629
02/18/2018,SGJ,FL,ASO,ES,Federal Contract Tower,0,4,31,0,35,0,34,124,0,158,0,38,155,0,193,228,0,228,421
02/19/2018,SGJ,FL,ASO,ES,Federal Contract Tower,0,9,48,0,57,0,20,167,0,187,0,29,215,0,244,236,0,236,480
02/20/2018,SGJ,FL,ASO,ES,Federal Contract Tower,0,3,54,0,57,0,22,192,2,216,0,25,246,2,273,350,6,356,629
02/21/2018,SGJ,FL,ASO,ES,Federal Contract Tower,0,12,48,6,66,0,10,196,2,208,0,22,244,8,274,388,6,394,668
02/22/2018,SGJ,FL,ASO,ES,Federal Contract Tower,0,9,41,2,52,0,10,193,2,205,0,19,234,4,257,360,2,362,619
02/23/2018,SGJ,FL,ASO,ES,Federal Contract Tower,0,5,34,7,46,0,2,194,4,200,0,7,228,11,246,484,10,494,740
02/24/2018,SGJ,FL,ASO,ES,Federal Contract Tower,0,7,31,0,38,0,36,193,0,229,0,43,224,0,267,324,0,324,591
02/25/2018,SGJ,FL,ASO,ES,Federal Contract Tower,0,13,26,4,43,0,26,153,6,185,0,39,179,10,228,341,0,341,569
02/26/2018,SGJ,FL,ASO,ES,Federal Contract Tower,0,9,43,8,60,0,12,175,5,192,0,21,218,13,252,194,8,202,454
02/27/2018,SGJ,FL,ASO,ES,Federal Contract Tower,0,2,57,7,66,0,16,64,1,81,0,18,121,8,147,68,0,68,215
02/28/2018,SGJ,FL,ASO,ES,Federal Contract Tower,0,3,37,9,49,0,8,175,17,200,0,11,212,26,249,372,14,386,635
03/01/2018,SGJ,FL,ASO,ES,Federal Contract Tower,0,6,37,6,49,0,10,135,5,150,0,16,172,11,199,105,11,116,315
03/02/2018,SGJ,FL,ASO,ES,Federal Contract Tower,0,4,41,2,47,0,16,226,10,252,0,20,267,12,299,336,10,346,645
03/03/2018,SGJ,FL,ASO,ES,Federal Contract Tower,0,2,35,4,41,0,28,157,4,189,0,30,192,8,230,174,4,178,408
03/04/2018,SGJ,FL,ASO,ES,Federal Contract Tower,0,6,42,8,56,0,34,111,0,145,0,40,153,8,201,42,0,42,243
03/05/2018,SGJ,FL,ASO,ES,Federal Contract Tower,0,6,35,0,41,0,36,161,0,197,0,42,196,0,238,283,0,283,521
03/06/2018,SGJ,FL,ASO,ES,Federal Contract Tower,0,4,44,4,52,0,6,154,11,171,0,10,198,15,223,212,6,218,441
03/07/2018,SGJ,FL,ASO,ES,Federal Contract Tower,0,13,33,18,64,0,26,155,7,188,0,39,188,25,252,248,22,270,522
03/08/2018,SGJ,FL,ASO,ES,Federal Contract Tower,0,8,43,8,59,0,6,157,6,169,0,14,200,14,228,266,6,272,500
03/09/2018,SGJ,FL,ASO,ES,Federal Contract Tower,0,7,28,3,38,0,36,275,4,315,0,43,303,7,353,361,0,361,714
03/10/2018,SGJ,FL,ASO,ES,Federal Contract Tower,0,3,48,0,51,0,48,225,3,276,0,51,273,3,327,378,0,378,705
03/11/2018,SGJ,FL,ASO,ES,Federal Contract Tower,0,10,37,3,50,0,14,155,4,173,0,24,192,7,223,320,0,320,543
03/12/2018,SGJ,FL,ASO,ES,Federal Contract Tower,0,3,22,2,27,0,2,36,1,39,0,5,58,3,66,18,0,18,84
03/13/2018,SGJ,FL,ASO,ES,Federal Contract Tower,0,6,46,5,57,0,4,206,1,211,0,10,252,6,268,353,4,357,625
03/14/2018,SGJ,FL,ASO,ES,Federal Contract Tower,0,8,54,8,70,0,4,208,1,213,0,12,262,9,283,294,0,294,577
03/15/2018,SGJ,FL,ASO,ES,Federal Contract Tower,0,6,42,5,53,0,16,189,5,210,0,22,231,10,263,383,8,391,654
03/16/2018,SGJ,FL,ASO,ES,Federal Contract Tower,0,3,46,2,51,0,6,244,0,250,0,9,290,2,301,436,0,436,737
03/17/2018,SGJ,FL,ASO,ES,Federal Contract Tower,0,3,59,0,62,0,37,254,0,291,0,40,313,0,353,497,0,497,850
03/18/2018,SGJ,FL,ASO,ES,Federal Contract Tower,0,5,42,1,48,0,32,131,2,165,0,37,173,3,213,318,0,318,531
03/19/2018,SGJ,FL,ASO,ES,Federal Contract Tower,0,6,40,1,47,0,4,107,0,111,0,10,147,1,158,222,0,222,380
03/20/2018,SGJ,FL,ASO,ES,Federal Contract Tower,0,4,24,2,30,0,0,2,0,2,0,4,26,2,32,0,0,0,32
03/21/2018,SGJ,FL,ASO,ES,Federal Contract Tower,0,5,26,3,34,0,2,81,1,84,0,7,107,4,118,24,4,28,146
03/22/2018,SGJ,FL,ASO,ES,Federal Contract Tower,0,6,48,4,58,0,16,208,4,228,0,22,256,8,286,412,2,414,700
03/23/2018,SGJ,FL,ASO,ES,Federal Contract Tower,0,5,41,5,51,0,18,194,6,218,0,23,235,11,269,399,4,403,672
03/24/2018,SGJ,FL,ASO,ES,Federal Contract Tower,0,5,41,0,46,0,22,253,0,275,0,27,294,0,321,402,0,402,723
03/25/2018,SGJ,FL,ASO,ES,Federal Contract Tower,0,10,61,10,81,0,12,135,0,147,0,22,196,10,228,136,0,136,364
03/26/2018,SGJ,FL,ASO,ES,Federal Contract Tower,0,4,29,2,35,0,0,0,0,0,0,4,29,2,35,0,0,0,35
03/27/2018,SGJ,FL,ASO,ES,Federal Contract Tower,0,2,27,3,32,0,20,193,3,216,0,22,220,6,248,328,2,330,578
03/28/2018,SGJ,FL,ASO,ES,Federal Contract Tower,0,5,57,8,70,0,20,224,0,244,0,25,281,8,314,404,0,404,718
03/29/2018,SGJ,FL,ASO,ES,Federal Contract Tower,0,7,33,2,42,0,38,208,0,246,0,45,241,2,288,306,0,306,594
03/30/2018,SGJ,FL,ASO,ES,Federal Contract Tower,0,8,41,0,49,0,16,100,0,116,0,24,141,0,165,171,0,171,336
03/31/2018,SGJ,FL,ASO,ES,Federal Contract Tower,0,5,40,0,45,0,38,151,0,189,0,43,191,0,234,182,0,182,416
04/01/2018,SGJ,FL,ASO,ES,Federal Contract Tower,0,16,20,0,36,0,14,25,4,43,0,30,45,4,79,34,0,34,113
04/02/2018,SGJ,FL,ASO,ES,Federal Contract Tower,0,7,50,0,57,0,12,159,6,177,0,19,209,6,234,372,6,378,612
04/03/2018,SGJ,FL,ASO,ES,Federal Contract Tower,0,6,40,3,49,0,2,200,0,202,0,8,240,3,251,350,0,350,601
04/04/2018,SGJ,FL,ASO,ES,Federal Contract Tower,0,1,44,1,46,0,1,157,0,158,0,2,201,1,204,373,0,373,577
04/05/2018,SGJ,FL,ASO,ES,Federal Contract Tower,0,5,48,0,53,0,0,151,2,153,0,5,199,2,206,308,0,308,514
04/06/2018,SGJ,FL,ASO,ES,Federal Contract Tower,0,2,48,4,54,0,0,262,3,265,0,2,310,7,319,378,0,378,697
04/07/2018,SGJ,FL,ASO,ES,Federal Contract Tower,0,2,33,4,39,0,32,95,1,128,0,34,128,5,167,174,20,194,361
04/08/2018,SGJ,FL,ASO,ES,Federal Contract Tower,0,10,56,2,68,0,24,55,2,81,0,34,111,4,149,128,0,128,277
04/09/2018,SGJ,FL,ASO,ES,Federal Contract Tower,0,6,27,0,33,0,0,8,0,8,0,6,35,0,41,0,0,0,41
04/10/2018,SGJ,FL,ASO,ES,Federal Contract Tower,0,5,20,1,26,0,0,0,0,0,0,5,20,1,26,0,0,0,26
04/11/2018,SGJ,FL,ASO,ES,Federal Contract Tower,0,13,40,3,56,0,16,197,10,223,0,29,237,13,279,358,0,358,637
04/12/2018,SGJ,FL,ASO,ES,Federal Contract Tower,0,5,42,5,52,0,4,205,0,209,0,9,247,5,261,356,0,356,617
04/13/2018,SGJ,FL,ASO,ES,Federal Contract Tower,0,5,39,4,48,0,24,230,4,258,0,29,269,8,306,368,22,390,696
04/14/2018,SGJ,FL,ASO,ES,Federal Contract Tower,0,5,37,0,42,0,36,199,1,236,0,41,236,1,278,360,0,360,638
04/15/2018,SGJ,FL,ASO,ES,Federal Contract Tower,0,4,21,0,25,0,12,19,0,31,0,16,40,0,56,50,0,50,106
04/16/2018,SGJ,FL,ASO,ES,Federal Contract Tower,0,2,35,2,39,0,4,133,14,151,0,6,168,16,190,180,0,180,370
04/17/2018,SGJ,FL,ASO,ES,Federal Contract Tower,0,4,42,6,52,0,8,163,2,173,0,12,205,8,225,348,0,348,573
04/18/2018,SGJ,FL,ASO,ES,Federal Contract Tower,0,9,52,2,63,0,22,215,7,244,0,31,267,9,307,355,2,357,664
04/19/2018,SGJ,FL,ASO,ES,Federal Contract Tower,0,3,45,0,48,0,17,102,1,120,0,20,147,1,168,66,0,66,234
04/20/2018,SGJ,FL,ASO,ES,Federal Contract Tower,0,11,29,3,43,0,0,30,5,35,0,11,59,8,78,0,0,0,78
04/21/2018,SGJ,FL,ASO,ES,Federal Contract Tower,0,9,28,0,37,0,30,66,0,96,0,39,94,0,133,178,0,178,311
04/22/2018,SGJ,FL,ASO,ES,Federal Contract Tower,0,10,36,0,46,0,22,89,0,111,0,32,125,0,157,212,0,212,369
04/23/2018,SGJ,FL,ASO,ES,Federal Contract Tower,0,7,28,7,42,0,0,3,16,19,0,7,31,23,61,20,3,23,84
04/24/2018,SGJ,FL,ASO,ES,Federal Contract Tower,0,8,35,3,46,0,20,168,1,189,0,28,203,4,235,283,0,283,518
04/25/2018,SGJ,FL,ASO,ES,Federal Contract Tower,0,9,40,5,54,0,8,212,0,220,0,17,252,5,274,426,6,432,706
04/26/2018,SGJ,FL,ASO,ES,Federal Contract Tower,0,13,50,2,65,0,26,199,3,228,0,39,249,5,293,461,0,461,754
04/27/2018,SGJ,FL,ASO,ES,Federal Contract Tower,0,9,40,2,51,0,11,194,0,205,0,20,234,2,256,272,0,272,528
04/28/2018,SGJ,FL,ASO,ES,Federal Contract Tower,0,11,39,0,50,0,40,216,2,258,0,51,255,2,308,448,0,448,756
04/29/2018,SGJ,FL,ASO,ES,Federal Contract Tower,0,15,35,0,50,0,30,214,0,244,0,45,249,0,294,342,0,342,636
04/30/2018,SGJ,FL,ASO,ES,Federal Contract Tower,0,8,36,12,56,0,4,181,8,193,0,12,217,20,249,242,0,242,491
05/01/2018,SGJ,FL,ASO,ES,Federal Contract Tower,0,6,41,0,47,0,12,154,4,170,0,18,195,4,217,267,8,275,492
05/02/2018,SGJ,FL,ASO,ES,Federal Contract Tower,0,4,50,0,54,0,17,200,4,221,0,21,250,4,275,438,0,438,713
05/03/2018,SGJ,FL,ASO,ES,Federal Contract Tower,0,4,54,4,62,0,18,225,3,246,0,22,279,7,308,433,0,433,741
05/04/2018,SGJ,FL,ASO,ES,Federal Contract Tower,0,3,35,1,39,0,37,243,1,281,0,40,278,2,320,492,0,492,812
05/05/2018,SGJ,FL,ASO,ES,Federal Contract Tower,0,9,29,3,41,0,16,124,1,141,0,25,153,4,182,232,0,232,414
05/06/2018,SGJ,FL,ASO,ES,Federal Contract Tower,0,16,42,4,62,0,8,90,0,98,0,24,132,4,160,89,0,89,249
05/07/2018,SGJ,FL,ASO,ES,Federal Contract Tower,0,15,49,1,65,0,12,189,10,211,0,27,238,11,276,416,0,416,692
05/08/2018,SGJ,FL,ASO,ES,Federal Contract Tower,0,22,39,2,63,0,13,148,7,168,0,35,187,9,231,230,0,230,461
05/09/2018,SGJ,FL,ASO,ES,Federal Contract Tower,0,18,44,2,64,0,23,197,6,226,0,41,241,8,290,390,14,404,694
05/10/2018,SGJ,FL,ASO,ES,Federal Contract Tower,0,8,61,6,75,0,2,153,4,159,0,10,214,10,234,359,2,361,595
05/11/2018,SGJ,FL,ASO,ES,Federal Contract Tower,0,23,54,3,80,0,34,270,0,304,0,57,324,3,384,516,0,516,900
05/12/2018,SGJ,FL,ASO,ES,Federal Contract Tower,0,16,47,0,63,0,36,227,0,263,0,52,274,0,326,370,0,370,696
05/13/2018,SGJ,FL,ASO,ES,Federal Contract Tower,0,28,45,2,75,0,28,147,0,175,0,56,192,2,250,299,0,299,549
05/14/2018,SGJ,FL,ASO,ES,Federal Contract Tower,0,10,23,0,33,0,0,0,0,0,0,10,23,0,33,2,0,2,35
05/15/2018,SGJ,FL,ASO,ES,Federal Contract Tower,0,5,32,2,39,0,2,22,0,24,0,7,54,2,63,10,0,10,73
05/16/2018,SGJ,FL,ASO,ES,Federal Contract Tower,0,5,42,0,47,0,18,62,1,81,0,23,104,1,128,84,4,88,216
05/17/2018,SGJ,FL,ASO,ES,Federal Contract Tower,0,5,24,1,30,0,6,44,3,53,0,11,68,4,83,54,12,66,149
05/18/2018,SGJ,FL,ASO,ES,Federal Contract Tower,0,8,24,1,33,0,21,104,1,126,0,29,128,2,159,210,0,210,369
05/19/2018,SGJ,FL,ASO,ES,Federal Contract Tower,0,5,40,0,45,0,5,50,0,55,0,10,90,0,100,50,0,50,150
05/20/2018,SGJ,FL,ASO,ES,Federal Contract Tower,0,12,33,0,45,0,0,25,0,25,0,12,58,0,70,68,0,68,138
05/21/2018,SGJ,FL,ASO,ES,Federal Contract Tower,0,4,37,0,41,0,0,51,0,51,0,4,88,0,92,134,0,134,226
05/22/2018,SGJ,FL,ASO,ES,Federal Contract Tower,0,11,49,2,62,0,4,138,0,142,0,15,187,2,204,272,0,272,476
05/23/2018,SGJ,FL,ASO,ES,Federal Contract Tower,0,12,43,0,55,0,14,186,4,204,0,26,229,4,259,288,0,288,547
05/24/2018,SGJ,FL,ASO,ES,Federal Contract Tower,0,12,45,7,64,0,18,216,8,242,0,30,261,15,306,398,0,398,704
05/25/2018,SGJ,FL,ASO,ES,Federal Contract Tower,0,5,41,0,46,0,14,144,0,158,0,19,185,0,204,190,0,190,394
05/26/2018,SGJ,FL,ASO,ES,Federal Contract Tower,0,6,44,0,50,0,42,154,10,206,0,48,198,10,256,304,0,304,560
05/27/2018,SGJ,FL,ASO,ES,Federal Contract Tower,0,3,14,0,17,0,0,0,0,0,0,3,14,0,17,6,0,6,23
05/28/2018,SGJ,FL,ASO,ES,Federal Contract Tower,0,8,31,0,39,0,14,102,2,118,0,22,133,2,157,254,0,254,411
05/29/2018,SGJ,FL,ASO,ES,Federal Contract Tower,0,4,37,1,42,0,0,109,0,109,0,4,146,1,151,168,0,168,319
05/30/2018,SGJ,FL,ASO,ES,Federal Contract Tower,0,4,31,3,38,0,2,59,3,64,0,6,90,6,102,158,0,158,260
05/31/2018,SGJ,FL,ASO,ES,Federal Contract Tower,0,4,38,3,45,0,8,96,0,104,0,12,134,3,149,273,6,279,428
06/01/2018,SGJ,FL,ASO,ES,Federal Contract Tower,0,9,44,1,54,0,14,123,0,137,0,23,167,1,191,156,4,160,351
06/02/2018,SGJ,FL,ASO,ES,Federal Contract Tower,0,9,40,2,51,0,26,143,2,171,0,35,183,4,222,296,1,297,519
06/03/2018,SGJ,FL,ASO,ES,Federal Contract Tower,0,12,46,4,62,0,6,85,1,92,0,18,131,5,154,176,0,176,330
06/04/2018,SGJ,FL,ASO,ES,Federal Contract Tower,0,6,34,10,50,0,0,182,2,184,0,6,216,12,234,267,2,269,503
06/05/2018,SGJ,FL,ASO,ES,Federal Contract Tower,0,5,39,2,46,0,4,205,7,216,0,9,244,9,262,344,0,344,606
06/06/2018,SGJ,FL,ASO,ES,Federal Contract Tower,0,8,22,4,34,0,0,84,2,86,0,8,106,6,120,343,0,343,463
06/07/2018,SGJ,FL,ASO,ES,Federal Contract Tower,0,3,41,0,44,0,8,205,6,219,0,11,246,6,263,468,0,468,731
06/08/2018,SGJ,FL,ASO,ES,Federal Contract Tower,0,3,36,1,40,0,14,189,0,203,0,17,225,1,243,299,0,299,542
06/09/2018,SGJ,FL,ASO,ES,Federal Contract Tower,0,3,41,0,44,0,16,175,0,191,0,19,216,0,235,334,0,334,569
06/10/2018,SGJ,FL,ASO,ES,Federal Contract Tower,0,11,36,0,47,0,0,143,0,143,0,11,179,0,190,256,0,256,446
06/11/2018,SGJ,FL,ASO,ES,Federal Contract Tower,0,6,43,0,49,0,0,124,4,128,0,6,167,4,177,154,6,160,337
06/12/2018,SGJ,FL,ASO,ES,Federal Contract Tower,0,5,23,0,28,0,16,146,2,164,0,21,169,2,192,272,4,276,468
06/13/2018,SGJ,FL,ASO,ES,Federal Contract Tower,0,6,45,0,51,0,11,178,1,190,0,17,223,1,241,401,0,401,642
06/14/2018,SGJ,FL,ASO,ES,Federal Contract Tower,0,13,40,0,53,0,14,151,3,168,0,27,191,3,221,184,0,184,405
06/15/2018,SGJ,FL,ASO,ES,Federal Contract Tower,0,7,29,2,38,0,10,169,1,180,0,17,198,3,218,260,0,260,478
06/16/2018,SGJ,FL,ASO,ES,Federal Contract Tower,0,6,34,0,40,0,20,167,0,187,0,26,201,0,227,224,0,224,451
06/17/2018,SGJ,FL,ASO,ES,Federal Contract Tower,0,12,23,2,37,0,20,191,1,212,0,32,214,3,249,288,0,288,537
06/18/2018,SGJ,FL,ASO,ES,Federal Contract Tower,0,11,32,2,45,0,10,189,8,207,0,21,221,10,252,354,2,356,608
06/19/2018,SGJ,FL,ASO,ES,Federal Contract Tower,0,4,44,4,52,0,24,183,3,210,0,28,227,7,262,426,0,426,688
06/20/2018,SGJ,FL,ASO,ES,Federal Contract Tower,0,15,39,0,54,0,6,120,3,129,0,21,159,3,183,213,6,219,402
06/21/2018,SGJ,FL,ASO,ES,Federal Contract Tower,0,11,38,0,49,0,14,123,1,138,0,25,161,1,187,201,0,201,388
06/22/2018,SGJ,FL,ASO,ES,Federal Contract Tower,0,10,29,0,39,0,20,188,6,214,0,30,217,6,253,340,0,340,593
06/23/2018,SGJ,FL,ASO,ES,Federal Contract Tower,0,3,38,0,41,0,54,189,0,243,0,57,227,0,284,341,0,341,625
06/24/2018,SGJ,FL,ASO,ES,Federal Contract Tower,0,8,30,2,40,0,24,143,0,167,0,32,173,2,207,330,0,330,537
06/25/2018,SGJ,FL,ASO,ES,Federal Contract Tower,0,1,36,1,38,0,20,159,0,179,0,21,195,1,217,289,0,289,506
06/26/2018,SGJ,FL,ASO,ES,Federal Contract Tower,0,5,27,0,32,0,20,135,8,163,0,25,162,8,195,322,0,322,517
06/27/2018,SGJ,FL,ASO,ES,Federal Contract Tower,0,7,30,4,41,0,32,171,4,207,0,39,201,8,248,453,0,453,701
06/28/2018,SGJ,FL,ASO,ES,Federal Contract Tower,0,8,34,0,42,0,22,136,0,158,0,30,170,0,200,226,0,226,426
06/29/2018,SGJ,FL,ASO,ES,Federal Contract Tower,0,7,46,3,56,0,6,149,1,156,0,13,195,4,212,302,10,312,524
06/30/2018,SGJ,FL,ASO,ES,Federal Contract Tower,0,8,36,0,44,0,10,105,1,116,0,18,141,1,160,184,0,184,344
07/01/2018,SGJ,FL,ASO,ES,Federal Contract Tower,0,13,25,0,38,0,0,94,0,94,0,13,119,0,132,246,0,246,378
07/02/2018,SGJ,FL,ASO,ES,Federal Contract Tower,0,1,31,0,32,0,4,165,0,169,0,5,196,0,201,367,0,367,568
07/03/2018,SGJ,FL,ASO,ES,Federal Contract Tower,0,12,35,4,51,0,14,114,2,130,0,26,149,6,181,225,0,225,406
07/04/2018,SGJ,FL,ASO,ES,Federal Contract Tower,0,3,24,0,27,0,16,80,2,98,0,19,104,2,125,60,0,60,185
07/05/2018,SGJ,FL,ASO,ES,Federal Contract Tower,0,13,47,0,60,0,26,145,3,174,0,39,192,3,234,338,6,344,578
07/06/2018,SGJ,FL,ASO,ES,Federal Contract Tower,0,14,31,3,48,0,6,138,0,144,0,20,169,3,192,272,0,272,464
07/07/2018,SGJ,FL,ASO,ES,Federal Contract Tower,0,7,28,0,35,0,16,174,0,190,0,23,202,0,225,275,0,275,500
07/08/2018,SGJ,FL,ASO,ES,Federal Contract Tower,0,10,33,3,46,0,18,168,0,186,0,28,201,3,232,439,0,439,671
07/09/2018,SGJ,FL,ASO,ES,Federal Contract Tower,0,3,42,8,53,0,0,154,12,166,0,3,196,20,219,318,0,318,537
07/10/2018,SGJ,FL,ASO,ES,Federal Contract Tower,0,11,26,0,37,0,16,166,2,184,0,27,192,2,221,339,0,339,560
07/11/2018,SGJ,FL,ASO,ES,Federal Contract Tower,0,4,44,5,53,0,8,205,3,216,0,12,249,8,269,429,0,429,698
07/12/2018,SGJ,FL,ASO,ES,Federal Contract Tower,0,14,36,0,50,0,18,201,1,220,0,32,237,1,270,483,0,483,753
07/13/2018,SGJ,FL,ASO,ES,Federal Contract Tower,0,7,29,1,37,0,24,187,1,212,0,31,216,2,249,268,0,268,517
07/14/2018,SGJ,FL,ASO,ES,Federal Contract Tower,0,1,35,0,36,0,36,109,0,145,0,37,144,0,181,208,0,208,389
07/15/2018,SGJ,FL,ASO,ES,Federal Contract Tower,0,8,15,0,23,0,24,108,0,132,0,32,123,0,155,208,0,208,363
07/16/2018,SGJ,FL,ASO,ES,Federal Contract Tower,0,4,29,4,37,0,10,105,0,115,0,14,134,4,152,250,0,250,402
07/17/2018,SGJ,FL,ASO,ES,Federal Contract Tower,0,1,34,10,45,0,10,117,3,130,0,11,151,13,175,235,0,235,410
07/18/2018,SGJ,FL,ASO,ES,Federal Contract Tower,0,7,28,1,36,0,18,105,1,124,0,25,133,2,160,233,0,233,393
07/19/2018,SGJ,FL,ASO,ES,Federal Contract Tower,0,5,33,4,42,0,12,87,0,99,0,17,120,4,141,158,0,158,299
07/20/2018,SGJ,FL,ASO,ES,Federal Contract Tower,0,12,28,0,40,0,12,67,0,79,0,24,95,0,119,98,0,98,217
07/21/2018,SGJ,FL,ASO,ES,Federal Contract Tower,0,7,42,0,49,0,26,75,2,103,0,33,117,2,152,142,0,142,294
07/22/2018,SGJ,FL,ASO,ES,Federal Contract Tower,0,3,31,4,38,0,0,42,0,42,0,3,73,4,80,48,0,48,128
07/23/2018,SGJ,FL,ASO,ES,Federal Contract Tower,0,4,25,1,30,0,16,95,0,111,0,20,120,1,141,204,0,204,345
07/24/2018,SGJ,FL,ASO,ES,Federal Contract Tower,0,1,19,3,23,0,12,91,0,103,0,13,110,3,126,250,16,266,392
07/25/2018,SGJ,FL,ASO,ES,Federal Contract Tower,0,3,29,1,33,0,16,132,5,153,0,19,161,6,186,364,2,366,552
07/26/2018,SGJ,FL,ASO,ES,Federal Contract Tower,0,13,29,1,43,0,6,140,1,147,0,19,169,2,190,246,0,246,436
07/27/2018,SGJ,FL,ASO,ES,Federal Contract Tower,0,6,45,0,51,0,34,168,1,203,0,40,213,1,254,256,0,256,510
07/28/2018,SGJ,FL,ASO,ES,Federal Contract Tower,0,4,25,0,29,0,34,154,0,188,0,38,179,0,217,212,0,212,429
07/29/2018,SGJ,FL,ASO,ES,Federal Contract Tower,0,3,28,0,31,0,8,140,0,148,0,11,168,0,179,264,0,264,443
07/30/2018,SGJ,FL,ASO,ES,Federal Contract Tower,0,3,35,1,39,0,2,80,3,85,0,5,115,4,124,162,6,168,292
07/31/2018,SGJ,FL,ASO,ES,Federal Contract Tower,0,0,36,0,36,0,6,74,5,85,0,6,110,5,121,176,10,186,307
08/01/2018,SGJ,FL,ASO,ES,Federal Contract Tower,0,5,34,1,40,0,20,132,4,156,0,25,166,5,196,282,12,294,490
08/02/2018,SGJ,FL,ASO,ES,Federal Contract Tower,0,4,36,3,43,0,6,103,9,118,0,10,139,12,161,151,16,167,328
08/03/2018,SGJ,FL,ASO,ES,Federal Contract Tower,0,2,36,6,44,0,22,153,1,176,0,24,189,7,220,292,8,300,520
08/04/2018,SGJ,FL,ASO,ES,Federal Contract Tower,0,4,35,0,39,0,44,201,2,247,0,48,236,2,286,397,0,397,683
08/05/2018,SGJ,FL,ASO,ES,Federal Contract Tower,0,6,44,0,50,0,32,198,2,232,0,38,242,2,282,495,0,495,777
08/06/2018,SGJ,FL,ASO,ES,Federal Contract Tower,0,4,41,5,50,0,32,182,2,216,0,36,223,7,266,453,6,459,725
08/07/2018,SGJ,FL,ASO,ES,Federal Contract Tower,0,1,48,2,51,0,16,198,7,221,0,17,246,9,272,395,6,401,673
08/08/2018,SGJ,FL,ASO,ES,Federal Contract Tower,0,2,36,2,40,0,14,156,2,172,0,16,192,4,212,266,2,268,480
08/09/2018,SGJ,FL,ASO,ES,Federal Contract Tower,0,6,32,3,41,0,13,144,4,161,0,19,176,7,202,240,0,240,442
08/10/2018,SGJ,FL,ASO,ES,Federal Contract Tower,0,7,32,4,43,0,24,190,0,214,0,31,222,4,257,411,6,417,674
08/11/2018,SGJ,FL,ASO,ES,Federal Contract Tower,0,4,39,0,43,0,34,188,0,222,0,38,227,0,265,404,0,404,669
08/12/2018,SGJ,FL,ASO,ES,Federal Contract Tower,0,13,28,0,41,0,12,126,2,140,0,25,154,2,181,240,0,240,421
08/13/2018,SGJ,FL,ASO,ES,Federal Contract Tower,0,0,37,3,40,0,6,92,5,103,0,6,129,8,143,208,10,218,361
08/14/2018,SGJ,FL,ASO,ES,Federal Contract Tower,0,6,36,1,43,0,0,119,3,122,0,6,155,4,165,284,0,284,449
08/15/2018,SGJ,FL,ASO,ES,Federal Contract Tower,0,1,26,0,27,0,12,135,6,153,0,13,161,6,180,313,17,330,510
08/16/2018,SGJ,FL,ASO,ES,Federal Contract Tower,0,6,34,6,46,0,8,132,3,143,0,14,166,9,189,283,14,297,486
08/17/2018,SGJ,FL,ASO,ES,Federal Contract Tower,0,4,30,5,39,0,20,161,0,181,0,24,191,5,220,280,0,280,500
08/18/2018,SGJ,FL,ASO,ES,Federal Contract Tower,0,0,34,2,36,0,32,170,8,210,0,32,204,10,246,182,2,184,430
08/19/2018,SGJ,FL,ASO,ES,Federal Contract Tower,0,8,29,3,40,0,38,165,3,206,0,46,194,6,246,278,0,278,524
08/20/2018,SGJ,FL,ASO,ES,Federal Contract Tower,0,5,29,2,36,0,16,129,4,149,0,21,158,6,185,311,0,311,496
08/21/2018,SGJ,FL,ASO,ES,Federal Contract Tower,0,3,33,1,37,0,6,140,5,151,0,9,173,6,188,254,0,254,442
08/22/2018,SGJ,FL,ASO,ES,Federal Contract Tower,0,5,35,0,40,0,18,100,0,118,0,23,135,0,158,185,11,196,354
08/23/2018,SGJ,FL,ASO,ES,Federal Contract Tower,0,8,36,2,46,0,0,123,3,126,0,8,159,5,172,354,0,354,526
08/24/2018,SGJ,FL,ASO,ES,Federal Contract Tower,0,5,25,1,31,0,16,113,1,130,0,21,138,2,161,218,0,218,379
08/25/2018,SGJ,FL,ASO,ES,Federal Contract Tower,0,9,42,0,51,0,30,121,0,151,0,39,163,0,202,184,0,184,386
08/26/2018,SGJ,FL,ASO,ES,Federal Contract Tower,0,3,27,0,30,0,24,121,0,145,0,27,148,0,175,170,0,170,345
08/27/2018,SGJ,FL,ASO,ES,Federal Contract Tower,0,3,42,1,46,0,8,130,3,141,0,11,172,4,187,312,0,312,499
08/28/2018,SGJ,FL,ASO,ES,Federal Contract Tower,1,3,27,0,31,0,5,103,0,108,1,8,130,0,139,145,0,145,284
08/29/2018,SGJ,FL,ASO,ES,Federal Contract Tower,0,5,35,1,41,0,20,133,6,159,0,25,168,7,200,222,6,228,428
08/30/2018,SGJ,FL,ASO,ES,Federal Contract Tower,0,9,50,1,60,0,2,133,5,140,0,11,183,6,200,311,6,317,517
08/31/2018,SGJ,FL,ASO,ES,Federal Contract Tower,0,16,41,0,57,0,8,180,0,188,0,24,221,0,245,326,0,326,571
09/01/2018,SGJ,FL,ASO,ES,Federal Contract Tower,0,4,23,0,27,0,18,127,0,145,0,22,150,0,172,300,0,300,472
09/02/2018,SGJ,FL,ASO,ES,Federal Contract Tower,0,8,28,0,36,0,2,98,0,100,0,10,126,0,136,262,0,262,398
09/03/2018,SGJ,FL,ASO,ES,Federal Contract Tower,0,7,30,0,37,0,8,38,2,48,0,15,68,2,85,66,0,66,151
09/04/2018,SGJ,FL,ASO,ES,Federal Contract Tower,0,13,41,1,55,0,4,107,0,111,0,17,148,1,166,257,0,257,423
09/05/2018,SGJ,FL,ASO,ES,Federal Contract Tower,0,4,41,15,60,0,16,139,4,159,0,20,180,19,219,426,2,428,647
09/06/2018,SGJ,FL,ASO,ES,Federal Contract Tower,0,8,28,2,38,0,4,154,2,160,0,12,182,4,198,308,29,337,535
09/07/2018,SGJ,FL,ASO,ES,Federal Contract Tower,0,8,32,3,43,0,10,155,5,170,0,18,187,8,213,286,0,286,499
09/08/2018,SGJ,FL,ASO,ES,Federal Contract Tower,0,5,31,0,36,0,12,186,0,198,0,17,217,0,234,362,0,362,596
09/09/2018,SGJ,FL,ASO,ES,Federal Contract Tower,0,7,26,0,33,0,18,154,14,186,0,25,180,14,219,234,0,234,453
09/10/2018,SGJ,FL,ASO,ES,Federal Contract Tower,0,2,24,4,30,0,6,148,0,154,0,8,172,4,184,298,0,298,482
09/11/2018,SGJ,FL,ASO,ES,Federal Contract Tower,0,6,26,5,37,0,0,162,4,166,0,6,188,9,203,334,0,334,537
09/12/2018,SGJ,FL,ASO,ES,Federal Contract Tower,0,6,39,2,47,0,10,158,0,168,0,16,197,2,215,384,6,390,605
09/13/2018,SGJ,FL,ASO,ES,Federal Contract Tower,0,8,39,2,49,0,12,143,0,155,0,20,182,2,204,276,0,276,480
09/14/2018,SGJ,FL,ASO,ES,Federal Contract Tower,0,8,30,4,42,0,4,183,2,189,0,12,213,6,231,301,0,301,532
09/15/2018,SGJ,FL,ASO,ES,Federal Contract Tower,0,5,23,2,30,0,20,193,2,215,0,25,216,4,245,268,0,268,513
09/16/2018,SGJ,FL,ASO,ES,Federal Contract Tower,0,6,33,0,39,0,10,96,1,107,0,16,129,1,146,126,0,126,272
09/17/2018,SGJ,FL,ASO,ES,Federal Contract Tower,0,2,27,2,31,0,2,91,0,93,0,4,118,2,124,286,0,286,410
09/18/2018,SGJ,FL,ASO,ES,Federal Contract Tower,0,2,31,0,33,0,14,111,4,129,0,16,142,4,162,198,0,198,360
09/19/2018,SGJ,FL,ASO,ES,Federal Contract Tower,0,6,35,4,45,0,6,150,2,158,0,12,185,6,203,383,0,383,586
09/20/2018,SGJ,FL,ASO,ES,Federal Contract Tower,0,9,34,1,44,0,0,164,2,166,0,9,198,3,210,270,0,270,480
09/21/2018,SGJ,FL,ASO,ES,Federal Contract Tower,0,1,39,5,45,0,8,141,2,151,0,9,180,7,196,326,0,326,522
09/22/2018,SGJ,FL,ASO,ES,Federal Contract Tower,0,1,27,0,28,0,24,149,0,173,0,25,176,0,201,374,0,374,575
09/23/2018,SGJ,FL,ASO,ES,Federal Contract Tower,0,5,45,1,51,0,18,149,0,167,0,23,194,1,218,384,0,384,602
09/24/2018,SGJ,FL,ASO,ES,Federal Contract Tower,0,2,44,0,46,0,24,124,0,148,0,26,168,0,194,272,10,282,476
09/25/2018,SGJ,FL,ASO,ES,Federal Contract Tower,0,2,41,0,43,0,10,136,9,155,0,12,177,9,198,361,11,372,570
09/26/2018,SGJ,FL,ASO,ES,Federal Contract Tower,0,4,54,1,59,0,4,174,5,183,0,8,228,6,242,298,0,298,540
09/27/2018,SGJ,FL,ASO,ES,Federal Contract Tower,0,3,53,4,60,0,20,148,2,170,0,23,201,6,230,370,0,370,600
09/28/2018,SGJ,FL,ASO,ES,Federal Contract Tower,0,1,55,1,57,0,26,176,0,202,0,27,231,1,259,382,0,382,641
09/29/2018,SGJ,FL,ASO,ES,Federal Contract Tower,0,2,35,2,39,0,30,163,0,193,0,32,198,2,232,263,0,263,495
09/30/2018,SGJ,FL,ASO,ES,Federal Contract Tower,0,6,42,2,50,0,22,139,0,161,0,28,181,2,211,211,5,216,427
10/01/2018,SGJ,FL,ASO,ES,Federal Contract Tower,0,0,26,2,28,0,0,11,0,11,0,0,37,2,39,24,0,24,63
10/02/2018,SGJ,FL,ASO,ES,Federal Contract Tower,0,2,35,5,42,0,4,123,4,131,0,6,158,9,173,256,32,288,461
10/03/2018,SGJ,FL,ASO,ES,Federal Contract Tower,0,4,31,3,38,0,0,137,8,145,0,4,168,11,183,221,16,237,420
10/04/2018,SGJ,FL,ASO,ES,Federal Contract Tower,0,8,47,3,58,0,9,141,5,155,0,17,188,8,213,176,0,176,389
10/05/2018,SGJ,FL,ASO,ES,Federal Contract Tower,0,3,44,0,47,0,16,197,4,217,0,19,241,4,264,240,0,240,504
10/06/2018,SGJ,FL,ASO,ES,Federal Contract Tower,0,4,32,0,36,0,24,176,0,200,0,28,208,0,236,271,0,271,507
10/07/2018,SGJ,FL,ASO,ES,Federal Contract Tower,0,7,39,0,46,0,19,121,0,140,0,26,160,0,186,96,0,96,282
10/08/2018,SGJ,FL,ASO,ES,Federal Contract Tower,0,3,33,1,37,0,4,56,0,60,0,7,89,1,97,20,0,20,117
10/09/2018,SGJ,FL,ASO,ES,Federal Contract Tower,0,3,18,0,21,0,0,2,2,4,0,3,20,2,25,0,0,0,25
10/10/2018,SGJ,FL,ASO,ES,Federal Contract Tower,0,0,17,2,19,0,2,26,1,29,0,2,43,3,48,36,0,36,84
10/11/2018,SGJ,FL,ASO,ES,Federal Contract Tower,0,3,19,4,26,0,0,72,0,72,0,3,91,4,98,54,0,54,152
10/12/2018,SGJ,FL,ASO,ES,Federal Contract Tower,0,4,41,2,47,0,16,211,2,229,0,20,252,4,276,350,0,350,626
10/13/2018,SGJ,FL,ASO,ES,Federal Contract Tower,0,4,30,2,36,0,20,193,2,215,0,24,223,4,251,304,0,304,555
10/14/2018,SGJ,FL,ASO,ES,Federal Contract Tower,0,7,31,3,41,0,18,150,0,168,0,25,181,3,209,194,0,194,403
10/15/2018,SGJ,FL,ASO,ES,Federal Contract Tower,0,3,20,1,24,0,8,91,6,105,0,11,111,7,129,164,4,168,297
10/16/2018,SGJ,FL,ASO,ES,Federal Contract Tower,0,5,29,2,36,0,10,132,4,146,0,15,161,6,182,375,6,381,563
10/17/2018,SGJ,FL,ASO,ES,Federal Contract Tower,0,11,40,2,53,0,12,177,1,190,0,23,217,3,243,323,4,327,570
10/18/2018,SGJ,FL,ASO,ES,Federal Contract Tower,0,8,47,2,57,0,2,101,0,103,0,10,148,2,160,171,0,171,331
10/19/2018,SGJ,FL,ASO,ES,Federal Contract Tower,0,3,33,2,38,0,4,114,2,120,0,7,147,4,158,204,0,204,362
10/20/2018,SGJ,FL,ASO,ES,Federal Contract Tower,0,1,25,1,27,0,21,188,0,209,0,22,213,1,236,348,0,348,584
10/21/2018,SGJ,FL,ASO,ES,Federal Contract Tower,0,2,30,2,34,0,8,120,0,128,0,10,150,2,162,176,0,176,338
10/22/2018,SGJ,FL,ASO,ES,Federal Contract Tower,0,1,36,4,41,0,6,148,12,166,0,7,184,16,207,196,0,196,403
10/23/2018,SGJ,FL,ASO,ES,Federal Contract Tower,0,1,39,4,44,0,2,93,1,96,0,3,132,5,140,277,8,285,425
10/24/2018,SGJ,FL,ASO,ES,Federal Contract Tower,0,8,35,0,43,0,8,97,4,109,0,16,132,4,152,147,0,147,299
10/25/2018,SGJ,FL,ASO,ES,Federal Contract Tower,0,12,38,1,51,0,2,51,8,61,0,14,89,9,112,50,0,50,162
10/26/2018,SGJ,FL,ASO,ES,Federal Contract Tower,0,4,29,3,36,0,0,71,3,74,0,4,100,6,110,92,6,98,208
10/27/2018,SGJ,FL,ASO,ES,Federal Contract Tower,0,0,37,1,38,0,24,170,0,194,0,24,207,1,232,208,0,208,440
10/28/2018,SGJ,FL,ASO,ES,Federal Contract Tower,0,8,44,2,54,0,18,193,2,213,0,26,237,4,267,243,0,243,510
10/29/2018,SGJ,FL,ASO,ES,Federal Contract Tower,0,9,42,11,62,0,14,197,12,223,0,23,239,23,285,329,6,335,620
10/30/2018,SGJ,FL,ASO,ES,Federal Contract Tower,0,8,41,6,55,0,14,172,6,192,0,22,213,12,247,358,7,365,612
10/31/2018,SGJ,FL,ASO,ES,Federal Contract Tower,0,6,39,5,50,0,4,190,3,197,0,10,229,8,247,362,3,365,612
11/01/2018,SGJ,FL,ASO,ES,Federal Contract Tower,0,9,45,0,54,0,8,154,4,166,0,17,199,4,220,232,4,236,456
11/02/2018,SGJ,FL,ASO,ES,Federal Contract Tower,0,6,19,4,29,0,0,84,0,84,0,6,103,4,113,107,0,107,220
11/03/2018,SGJ,FL,ASO,ES,Federal Contract Tower,0,4,39,0,43,0,14,197,0,211,0,18,236,0,254,309,0,309,563
11/04/2018,SGJ,FL,ASO,ES,Federal Contract Tower,1,14,41,0,56,0,10,50,0,60,1,24,91,0,116,76,0,76,192
11/05/2018,SGJ,FL,ASO,ES,Federal Contract Tower,0,2,35,0,37,0,2,139,2,143,0,4,174,2,180,352,8,360,540
11/06/2018,SGJ,FL,ASO,ES,Federal Contract Tower,0,2,52,4,58,0,0,147,2,149,0,2,199,6,207,342,0,342,549
11/07/2018,SGJ,FL,ASO,ES,Federal Contract Tower,0,8,37,5,50,0,10,180,0,190,0,18,217,5,240,385,4,389,629
11/08/2018,SGJ,FL,ASO,ES,Federal Contract Tower,0,6,40,0,46,0,0,79,1,80,0,6,119,1,126,81,0,81,207
11/09/2018,SGJ,FL,ASO,ES,Federal Contract Tower,0,12,48,13,73,0,10,128,4,142,0,22,176,17,215,350,0,350,565
11/10/2018,SGJ,FL,ASO,ES,Federal Contract Tower,0,5,34,0,39,0,20,63,0,83,0,25,97,0,122,122,0,122,244
11/11/2018,SGJ,FL,ASO,ES,Federal Contract Tower,1,6,50,1,58,0,16,63,0,79,1,22,113,1,137,50,2,52,189
11/12/2018,SGJ,FL,ASO,ES,Federal Contract Tower,0,4,28,0,32,0,4,55,0,59,0,8,83,0,91,178,0,178,269
11/13/2018,SGJ,FL,ASO,ES,Federal Contract Tower,0,7,28,3,38,0,4,101,0,105,0,11,129,3,143,262,0,262,405
11/14/2018,SGJ,FL,ASO,ES,Federal Contract Tower,0,9,26,2,37,0,2,9,0,11,0,11,35,2,48,0,0,0,48
11/15/2018,SGJ,FL,ASO,ES,Federal Contract Tower,0,5,54,0,59,0,2,50,0,52,0,7,104,0,111,152,0,152,263
11/16/2018,SGJ,FL,ASO,ES,Federal Contract Tower,0,8,36,6,50,0,2,187,2,191,0,10,223,8,241,322,0,322,563
11/17/2018,SGJ,FL,ASO,ES,Federal Contract Tower,0,11,29,0,40,0,32,185,0,217,0,43,214,0,257,344,0,344,601
11/18/2018,SGJ,FL,ASO,ES,Federal Contract Tower,0,6,35,1,42,0,8,95,0,103,0,14,130,1,145,158,0,158,303
11/19/2018,SGJ,FL,ASO,ES,Federal Contract Tower,0,7,41,2,50,0,10,80,0,90,0,17,121,2,140,182,0,182,322
11/20/2018,SGJ,FL,ASO,ES,Federal Contract Tower,0,5,37,5,47,0,6,94,5,105,0,11,131,10,152,253,8,261,413
11/21/2018,SGJ,FL,ASO,ES,Federal Contract Tower,0,6,37,1,44,0,0,197,0,197,0,6,234,1,241,403,0,403,644
11/22/2018,SGJ,FL,ASO,ES,Federal Contract Tower,0,3,7,0,10,0,0,24,0,24,0,3,31,0,34,22,0,22,56
11/23/2018,SGJ,FL,ASO,ES,Federal Contract Tower,0,2,23,0,25,0,0,35,0,35,0,2,58,0,60,30,0,30,90
11/24/2018,SGJ,FL,ASO,ES,Federal Contract Tower,0,7,36,0,43,0,26,142,1,169,0,33,178,1,212,250,0,250,462
11/25/2018,SGJ,FL,ASO,ES,Federal Contract Tower,0,4,63,0,67,0,12,76,0,88,0,16,139,0,155,82,0,82,237
11/26/2018,SGJ,FL,ASO,ES,Federal Contract Tower,0,4,20,6,30,0,0,2,2,4,0,4,22,8,34,0,0,0,34
11/27/2018,SGJ,FL,ASO,ES,Federal Contract Tower,0,7,35,6,48,0,8,142,11,161,0,15,177,17,209,298,5,303,512
11/28/2018,SGJ,FL,ASO,ES,Federal Contract Tower,0,1,34,0,35,0,16,149,3,168,0,17,183,3,203,406,7,413,616
11/29/2018,SGJ,FL,ASO,ES,Federal Contract Tower,0,3,27,1,31,0,6,193,4,203,0,9,220,5,234,412,4,416,650
11/30/2018,SGJ,FL,ASO,ES,Federal Contract Tower,0,4,47,0,51,0,18,156,3,177,0,22,203,3,228,248,2,250,478
12/01/2018,SGJ,FL,ASO,ES,Federal Contract Tower,0,0,12,0,12,0,0,33,0,33,0,0,45,0,45,156,0,156,201
12/02/2018,SGJ,FL,ASO,ES,Federal Contract Tower,0,11,29,0,40,0,14,55,0,69,0,25,84,0,109,142,0,142,251
12/03/2018,SGJ,FL,ASO,ES,Federal Contract Tower,0,7,8,0,15,0,0,25,2,27,0,7,33,2,42,14,0,14,56
12/05/2018,SGJ,FL,ASO,ES,Federal Contract Tower,0,15,30,2,47,0,4,157,0,161,0,19,187,2,208,193,0,193,401
12/06/2018,SGJ,FL,ASO,ES,Federal Contract Tower,0,7,38,2,47,0,4,181,0,185,0,11,219,2,232,278,2,280,512
12/07/2018,SGJ,FL,ASO,ES,Federal Contract Tower,0,7,29,0,36,0,13,148,0,161,0,20,177,0,197,168,0,168,365
12/08/2018,SGJ,FL,ASO,ES,Federal Contract Tower,0,10,25,0,35,0,28,146,0,174,0,38,171,0,209,292,0,292,501
12/09/2018,SGJ,FL,ASO,ES,Federal Contract Tower,0,5,10,0,15,0,4,5,0,9,0,9,15,0,24,0,0,0,24
12/10/2018,SGJ,FL,ASO,ES,Federal Contract Tower,0,6,33,1,40,0,0,25,0,25,0,6,58,1,65,74,0,74,139
12/11/2018,SGJ,FL,ASO,ES,Federal Contract Tower,0,3,31,2,36,0,0,113,3,116,0,3,144,5,152,178,0,178,330
12/12/2018,SGJ,FL,ASO,ES,Federal Contract Tower,0,5,30,0,35,0,0,179,4,183,0,5,209,4,218,292,0,292,510
12/13/2018,SGJ,FL,ASO,ES,Federal Contract Tower,0,4,46,7,57,0,2,113,3,118,0,6,159,10,175,192,6,198,373
12/14/2018,SGJ,FL,ASO,ES,Federal Contract Tower,0,7,20,2,29,0,0,10,0,10,0,7,30,2,39,57,0,57,96
12/15/2018,SGJ,FL,ASO,ES,Federal Contract Tower,0,1,32,0,33,0,10,68,0,78,0,11,100,0,111,123,0,123,234
12/16/2018,SGJ,FL,ASO,ES,Federal Contract Tower,0,7,20,0,27,0,16,161,0,177,0,23,181,0,204,196,0,196,400
12/17/2018,SGJ,FL,ASO,ES,Federal Contract Tower,0,1,46,4,51,0,0,165,2,167,0,1,211,6,218,251,0,251,469
12/18/2018,SGJ,FL,ASO,ES,Federal Contract Tower,0,4,37,5,46,0,4,136,0,140,0,8,173,5,186,362,0,362,548
12/19/2018,SGJ,FL,ASO,ES,Federal Contract Tower,0,3,56,6,65,0,9,158,9,176,0,12,214,15,241,355,24,379,620
12/20/2018,SGJ,FL,ASO,ES,Federal Contract Tower,0,2,18,0,20,0,0,2,2,4,0,2,20,2,24,0,0,0,24
12/21/2018,SGJ,FL,ASO,ES,Federal Contract Tower,0,11,20,0,31,0,2,2,0,4,0,13,22,0,35,6,0,6,41
12/22/2018,SGJ,FL,ASO,ES,Federal Contract Tower,0,8,58,0,66,0,26,142,0,168,0,34,200,0,234,236,0,236,470
12/23/2018,SGJ,FL,ASO,ES,Federal Contract Tower,0,7,31,0,38,0,31,148,0,179,0,38,179,0,217,236,0,236,453
12/24/2018,SGJ,FL,ASO,ES,Federal Contract Tower,0,1,19,0,20,0,24,122,0,146,0,25,141,0,166,298,0,298,464
12/25/2018,SGJ,FL,ASO,ES,Federal Contract Tower,0,3,5,0,8,0,2,56,0,58,0,5,61,0,66,58,0,58,124
12/26/2018,SGJ,FL,ASO,ES,Federal Contract Tower,0,13,51,0,64,0,10,95,0,105,0,23,146,0,169,105,0,105,274
12/27/2018,SGJ,FL,ASO,ES,Federal Contract Tower,0,4,40,0,44,0,23,58,0,81,0,27,98,0,125,123,0,123,248
12/28/2018,SGJ,FL,ASO,ES,Federal Contract Tower,0,3,17,2,22,0,29,47,0,76,0,32,64,2,98,87,0,87,185
12/29/2018,SGJ,FL,ASO,ES,Federal Contract Tower,0,4,45,0,49,0,10,51,0,61,0,14,96,0,110,113,0,113,223
12/30/2018,SGJ,FL,ASO,ES,Federal Contract Tower,0,2,42,0,44,0,0,0,0,0,0,2,42,0,44,0,0,0,44
12/31/2018,SGJ,FL,ASO,ES,Federal Contract Tower,0,3,16,0,19,0,34,69,1,104,0,37,85,1,123,106,0,106,229
01/01/2019,SGJ,FL,ASO,ES,Federal Contract Tower,0,1,23,0,24,0,35,92,2,129,0,36,115,2,153,68,0,68,221
01/02/2019,SGJ,FL,ASO,ES,Federal Contract Tower,0,4,56,7,67,0,18,118,0,136,0,22,174,7,203,206,11,217,420
01/03/2019,SGJ,FL,ASO,ES,Federal Contract Tower,0,3,29,11,43,0,18,140,0,158,0,21,169,11,201,268,11,279,480
01/04/2019,SGJ,FL,ASO,ES,Federal Contract Tower,0,6,24,0,30,0,1,3,0,4,0,7,27,0,34,0,0,0,34
01/05/2019,SGJ,FL,ASO,ES,Federal Contract Tower,0,4,36,0,40,0,28,152,0,180,0,32,188,0,220,231,0,231,451
01/06/2019,SGJ,FL,ASO,ES,Federal Contract Tower,0,5,35,0,40,0,33,173,4,210,0,38,208,4,250,277,0,277,527
01/07/2019,SGJ,FL,ASO,ES,Federal Contract Tower,0,1,32,0,33,0,6,119,0,125,0,7,151,0,158,365,0,365,523
01/08/2019,SGJ,FL,ASO,ES,Federal Contract Tower,0,8,50,2,60,0,6,134,0,140,0,14,184,2,200,323,0,323,523
01/09/2019,SGJ,FL,ASO,ES,Federal Contract Tower,0,4,38,1,43,0,5,150,6,161,0,9,188,7,204,322,10,332,536
01/10/2019,SGJ,FL,ASO,ES,Federal Contract Tower,0,2,43,0,45,0,0,145,6,151,0,2,188,6,196,203,0,203,399
01/11/2019,SGJ,FL,ASO,ES,Federal Contract Tower,0,5,33,8,46,0,2,143,1,146,0,7,176,9,192,269,8,277,469
01/12/2019,SGJ,FL,ASO,ES,Federal Contract Tower,0,2,24,3,29,0,21,150,3,174,0,23,174,6,203,293,0,293,496
01/13/2019,SGJ,FL,ASO,ES,Federal Contract Tower,0,3,32,1,36,0,6,101,2,109,0,9,133,3,145,122,0,122,267
01/14/2019,SGJ,FL,ASO,ES,Federal Contract Tower,0,4,48,5,57,0,10,111,4,125,0,14,159,9,182,338,6,344,526
01/15/2019,SGJ,FL,ASO,ES,Federal Contract Tower,0,1,37,3,41,0,4,128,8,140,0,5,165,11,181,317,4,321,502
01/16/2019,SGJ,FL,ASO,ES,Federal Contract Tower,0,0,38,2,40,0,4,154,0,158,0,4,192,2,198,265,0,265,463
01/17/2019,SGJ,FL,ASO,ES,Federal Contract Tower,0,5,47,5,57,0,0,177,7,184,0,5,224,12,241,304,0,304,545
01/18/2019,SGJ,FL,ASO,ES,Federal Contract Tower,0,2,36,3,41,0,24,142,1,167,0,26,178,4,208,218,10,228,436
01/19/2019,SGJ,FL,ASO,ES,Federal Contract Tower,0,2,42,0,44,0,34,143,0,177,0,36,185,0,221,181,0,181,402
01/20/2019,SGJ,FL,ASO,ES,Federal Contract Tower,0,2,22,1,25,0,12,30,0,42,0,14,52,1,67,12,0,12,79
01/21/2019,SGJ,FL,ASO,ES,Federal Contract Tower,0,5,40,0,45,0,4,134,0,138,0,9,174,0,183,152,0,152,335
01/22/2019,SGJ,FL,ASO,ES,Federal Contract Tower,0,2,45,4,51,0,10,142,3,155,0,12,187,7,206,350,2,352,558
01/23/2019,SGJ,FL,ASO,ES,Federal Contract Tower,0,5,37,2,44,0,0,105,0,105,0,5,142,2,149,182,0,182,331
01/24/2019,SGJ,FL,ASO,ES,Federal Contract Tower,0,2,21,4,27,0,4,43,0,47,0,6,64,4,74,40,0,40,114
01/25/2019,SGJ,FL,ASO,ES,Federal Contract Tower,0,4,46,2,52,0,12,192,0,204,0,16,238,2,256,320,0,320,576
01/26/2019,SGJ,FL,ASO,ES,Federal Contract Tower,0,2,33,0,35,0,24,133,0,157,0,26,166,0,192,288,0,288,480
01/27/2019,SGJ,FL,ASO,ES,Federal Contract Tower,0,6,17,5,28,0,0,1,0,1,0,6,18,5,29,0,0,0,29
01/28/2019,SGJ,FL,ASO,ES,Federal Contract Tower,0,4,21,0,25,0,6,139,4,149,0,10,160,4,174,334,0,334,508
01/29/2019,SGJ,FL,ASO,ES,Federal Contract Tower,0,1,24,0,25,0,6,124,12,142,0,7,148,12,167,225,2,227,394
01/30/2019,SGJ,FL,ASO,ES,Federal Contract Tower,0,7,45,2,54,0,0,167,2,169,0,7,212,4,223,340,29,369,592
01/31/2019,SGJ,FL,ASO,ES,Federal Contract Tower,0,3,52,0,55,0,9,110,6,125,0,12,162,6,180,111,12,123,303
02/01/2019,SGJ,FL,ASO,ES,Federal Contract Tower,0,3,25,1,29,0,0,67,5,72,0,3,92,6,101,130,0,130,231
02/02/2019,SGJ,FL,ASO,ES,Federal Contract Tower,0,5,29,0,34,0,5,9,0,14,0,10,38,0,48,8,0,8,56
02/03/2019,SGJ,FL,ASO,ES,Federal Contract Tower,0,0,15,0,15,0,2,2,0,4,0,2,17,0,19,0,0,0,19
02/04/2019,SGJ,FL,ASO,ES,Federal Contract Tower,0,12,43,0,55,0,4,82,0,86,0,16,125,0,141,170,0,170,311
02/05/2019,SGJ,FL,ASO,ES,Federal Contract Tower,0,0,57,0,57,0,6,186,0,192,0,6,243,0,249,374,2,376,625
02/06/2019,SGJ,FL,ASO,ES,Federal Contract Tower,0,1,28,6,35,0,2,199,9,210,0,3,227,15,245,351,4,355,600
02/07/2019,SGJ,FL,ASO,ES,Federal Contract Tower,0,6,37,2,45,0,0,225,9,234,0,6,262,11,279,318,8,326,605
02/08/2019,SGJ,FL,ASO,ES,Federal Contract Tower,0,4,54,13,71,0,30,231,8,269,0,34,285,21,340,359,4,363,703
02/09/2019,SGJ,FL,ASO,ES,Federal Contract Tower,0,3,20,4,27,0,10,35,4,49,0,13,55,8,76,36,8,44,120
02/10/2019,SGJ,FL,ASO,ES,Federal Contract Tower,0,7,30,1,38,0,14,45,0,59,0,21,75,1,97,114,0,114,211
02/11/2019,SGJ,FL,ASO,ES,Federal Contract Tower,0,10,34,0,44,0,12,83,12,107,0,22,117,12,151,197,4,201,352
02/12/2019,SGJ,FL,ASO,ES,Federal Contract Tower,0,0,44,4,48,0,4,54,2,60,0,4,98,6,108,153,0,153,261
02/13/2019,SGJ,FL,ASO,ES,Federal Contract Tower,0,16,60,0,76,0,0,97,0,97,0,16,157,0,173,230,0,230,403
02/14/2019,SGJ,FL,ASO,ES,Federal Contract Tower,0,6,46,7,59,0,36,181,0,217,0,42,227,7,276,284,0,284,560
02/15/2019,SGJ,FL,ASO,ES,Federal Contract Tower,0,4,31,4,39,0,31,149,3,183,0,35,180,7,222,304,0,304,526
02/16/2019,SGJ,FL,ASO,ES,Federal Contract Tower,0,0,40,0,40,0,30,147,6,183,0,30,187,6,223,202,0,202,425
02/17/2019,SGJ,FL,ASO,ES,Federal Contract Tower,0,3,27,3,33,0,30,95,3,128,0,33,122,6,161,265,0,265,426
02/18/2019,SGJ,FL,ASO,ES,Federal Contract Tower,0,5,35,0,40,0,0,134,2,136,0,5,169,2,176,176,0,176,352
02/19/2019,SGJ,FL,ASO,ES,Federal Contract Tower,0,3,32,2,37,0,0,67,0,67,0,3,99,2,104,138,0,138,242
02/20/2019,SGJ,FL,ASO,ES,Federal Contract Tower,0,4,50,6,60,0,5,58,0,63,0,9,108,6,123,185,0,185,308
02/21/2019,SGJ,FL,ASO,ES,Federal Contract Tower,0,12,46,4,62,0,12,149,1,162,0,24,195,5,224,259,0,259,483
02/22/2019,SGJ,FL,ASO,ES,Federal Contract Tower,0,6,53,4,63,0,18,179,7,204,0,24,232,11,267,289,0,289,556
02/23/2019,SGJ,FL,ASO,ES,Federal Contract Tower,0,4,31,0,35,0,30,88,0,118,0,34,119,0,153,132,0,132,285
02/24/2019,SGJ,FL,ASO,ES,Federal Contract Tower,0,6,19,2,27,0,22,26,6,54,0,28,45,8,81,10,0,10,91
02/25/2019,SGJ,FL,ASO,ES,Federal Contract Tower,0,8,56,3,67,0,10,162,8,180,0,18,218,11,247,315,0,315,562
02/26/2019,SGJ,FL,ASO,ES,Federal Contract Tower,0,0,50,4,54,0,0,117,8,125,0,0,167,12,179,301,16,317,496
02/27/2019,SGJ,FL,ASO,ES,Federal Contract Tower,0,3,43,3,49,0,0,118,1,119,0,3,161,4,168,282,0,282,450
02/28/2019,SGJ,FL,ASO,ES,Federal Contract Tower,0,15,51,0,66,0,0,157,0,157,0,15,208,0,223,161,0,161,384
03/01/2019,SGJ,FL,ASO,ES,Federal Contract Tower,0,16,35,1,52,0,6,111,2,119,0,22,146,3,171,168,0,168,339
03/02/2019,SGJ,FL,ASO,ES,Federal Contract Tower,0,2,38,0,40,0,10,102,0,112,0,12,140,0,152,124,0,124,276
03/03/2019,SGJ,FL,ASO,ES,Federal Contract Tower,0,10,43,0,53,0,26,101,0,127,0,36,144,0,180,151,0,151,331
03/04/2019,SGJ,FL,ASO,ES,Federal Contract Tower,0,9,36,2,47,0,12,43,16,71,0,21,79,18,118,31,0,31,149
03/05/2019,SGJ,FL,ASO,ES,Federal Contract Tower,0,6,45,1,52,0,0,73,1,74,0,6,118,2,126,124,0,124,250
03/06/2019,SGJ,FL,ASO,ES,Federal Contract Tower,0,6,61,3,70,0,0,215,15,230,0,6,276,18,300,326,11,337,637
03/07/2019,SGJ,FL,ASO,ES,Federal Contract Tower,0,3,52,7,62,0,10,225,3,238,0,13,277,10,300,286,4,290,590
03/08/2019,SGJ,FL,ASO,ES,Federal Contract Tower,0,6,42,2,50,0,12,234,6,252,0,18,276,8,302,322,8,330,632
03/09/2019,SGJ,FL,ASO,ES,Federal Contract Tower,0,2,44,2,48,0,29,188,0,217,0,31,232,2,265,333,0,333,598
03/10/2019,SGJ,FL,ASO,ES,Federal Contract Tower,0,3,32,3,38,0,14,136,1,151,0,17,168,4,189,243,2,245,434
03/11/2019,SGJ,FL,ASO,ES,Federal Contract Tower,0,23,42,11,76,0,12,106,11,129,0,35,148,22,205,260,4,264,469
03/12/2019,SGJ,FL,ASO,ES,Federal Contract Tower,0,11,41,7,59,0,16,89,21,126,0,27,130,28,185,76,12,88,273
03/13/2019,SGJ,FL,ASO,ES,Federal Contract Tower,0,15,59,3,77,0,6,150,2,158,0,21,209,5,235,291,0,291,526
03/14/2019,SGJ,FL,ASO,ES,Federal Contract Tower,0,10,57,1,68,0,20,184,0,204,0,30,241,1,272,239,8,247,519
03/15/2019,SGJ,FL,ASO,ES,Federal Contract Tower,0,15,39,9,63,0,18,167,15,200,0,33,206,24,263,235,0,235,498
03/16/2019,SGJ,FL,ASO,ES,Federal Contract Tower,0,26,46,0,72,0,22,71,8,101,0,48,117,8,173,148,0,148,321
03/17/2019,SGJ,FL,ASO,ES,Federal Contract Tower,0,20,43,4,67,0,8,21,1,30,0,28,64,5,97,8,0,8,105
03/18/2019,SGJ,FL,ASO,ES,Federal Contract Tower,0,28,20,2,50,0,14,103,2,119,0,42,123,4,169,160,0,160,329
03/19/2019,SGJ,FL,ASO,ES,Federal Contract Tower,0,3,19,5,27,0,2,54,6,62,0,5,73,11,89,84,14,98,187
03/20/2019,SGJ,FL,ASO,ES,Federal Contract Tower,0,6,31,1,38,0,2,134,2,138,0,8,165,3,176,233,2,235,411
03/21/2019,SGJ,FL,ASO,ES,Federal Contract Tower,0,4,44,3,51,0,8,171,0,179,0,12,215,3,230,187,0,187,417
03/22/2019,SGJ,FL,ASO,ES,Federal Contract Tower,0,2,38,4,44,0,33,210,1,244,0,35,248,5,288,309,2,311,599
03/23/2019,SGJ,FL,ASO,ES,Federal Contract Tower,0,1,45,0,46,0,42,230,0,272,0,43,275,0,318,246,0,246,564
03/24/2019,SGJ,FL,ASO,ES,Federal Contract Tower,0,4,33,5,42,0,32,183,0,215,0,36,216,5,257,367,0,367,624
03/25/2019,SGJ,FL,ASO,ES,Federal Contract Tower,0,6,37,1,44,0,16,162,2,180,0,22,199,3,224,204,0,204,428
03/26/2019,SGJ,FL,ASO,ES,Federal Contract Tower,0,9,51,2,62,0,7,115,11,133,0,16,166,13,195,157,10,167,362
03/27/2019,SGJ,FL,ASO,ES,Federal Contract Tower,0,5,21,1,27,0,0,2,0,2,0,5,23,1,29,0,2,2,31
03/28/2019,SGJ,FL,ASO,ES,Federal Contract Tower,0,4,30,3,37,0,10,28,0,38,0,14,58,3,75,7,0,7,82
03/29/2019,SGJ,FL,ASO,ES,Federal Contract Tower,0,0,43,5,48,0,18,203,0,221,0,18,246,5,269,363,4,367,636
03/30/2019,SGJ,FL,ASO,ES,Federal Contract Tower,0,9,55,2,66,0,27,186,2,215,0,36,241,4,281,324,0,324,605
03/31/2019,SGJ,FL,ASO,ES,Federal Contract Tower,0,10,28,0,38,0,20,144,4,168,0,30,172,4,206,285,0,285,491
04/01/2019,SGJ,FL,ASO,ES,Federal Contract Tower,0,11,28,3,42,0,0,4,0,4,0,11,32,3,46,0,0,0,46
04/02/2019,SGJ,FL,ASO,ES,Federal Contract Tower,0,2,33,1,36,0,4,41,4,49,0,6,74,5,85,76,0,76,161
04/03/2019,SGJ,FL,ASO,ES,Federal Contract Tower,0,7,39,1,47,0,17,168,6,191,0,24,207,7,238,228,4,232,470
04/04/2019,SGJ,FL,ASO,ES,Federal Contract Tower,0,6,39,3,48,0,18,189,3,210,0,24,228,6,258,454,0,454,712
04/05/2019,SGJ,FL,ASO,ES,Federal Contract Tower,0,3,59,10,72,0,17,104,0,121,0,20,163,10,193,149,0,149,342
04/06/2019,SGJ,FL,ASO,ES,Federal Contract Tower,0,1,29,2,32,0,22,142,0,164,0,23,171,2,196,323,0,323,519
04/07/2019,SGJ,FL,ASO,ES,Federal Contract Tower,0,10,47,3,60,0,16,165,0,181,0,26,212,3,241,378,0,378,619
04/08/2019,SGJ,FL,ASO,ES,Federal Contract Tower,0,4,32,1,37,0,26,116,9,151,0,30,148,10,188,360,12,372,560
04/09/2019,SGJ,FL,ASO,ES,Federal Contract Tower,0,5,20,4,29,0,8,25,0,33,0,13,45,4,62,2,0,2,64
04/10/2019,SGJ,FL,ASO,ES,Federal Contract Tower,0,1,57,3,61,0,8,186,3,197,0,9,243,6,258,403,8,411,669
04/11/2019,SGJ,FL,ASO,ES,Federal Contract Tower,0,5,65,1,71,0,6,174,2,182,0,11,239,3,253,329,0,329,582
04/12/2019,SGJ,FL,ASO,ES,Federal Contract Tower,0,2,40,1,43,0,6,152,2,160,0,8,192,3,203,340,1,341,544
04/13/2019,SGJ,FL,ASO,ES,Federal Contract Tower,0,0,41,2,43,0,39,158,0,197,0,39,199,2,240,354,0,354,594
04/14/2019,SGJ,FL,ASO,ES,Federal Contract Tower,0,11,27,0,38,0,16,52,0,68,0,27,79,0,106,90,0,90,196
04/15/2019,SGJ,FL,ASO,ES,Federal Contract Tower,0,4,33,0,37,0,10,130,2,142,0,14,163,2,179,409,6,415,594
04/16/2019,SGJ,FL,ASO,ES,Federal Contract Tower,0,1,41,3,45,0,12,223,4,239,0,13,264,7,284,302,0,302,586
04/17/2019,SGJ,FL,ASO,ES,Federal Contract Tower,0,5,46,1,52,0,0,176,2,178,0,5,222,3,230,350,0,350,580
04/18/2019,SGJ,FL,ASO,ES,Federal Contract Tower,0,16,67,1,84,0,26,190,4,220,0,42,257,5,304,283,2,285,589
04/19/2019,SGJ,FL,ASO,ES,Federal Contract Tower,0,0,19,1,20,0,4,9,0,13,0,4,28,1,33,0,0,0,33
04/20/2019,SGJ,FL,ASO,ES,Federal Contract Tower,0,2,26,1,29,0,28,97,0,125,0,30,123,1,154,67,0,67,221
04/21/2019,SGJ,FL,ASO,ES,Federal Contract Tower,0,6,34,2,42,0,18,98,0,116,0,24,132,2,158,114,0,114,272
04/22/2019,SGJ,FL,ASO,ES,Federal Contract Tower,0,10,43,0,53,0,2,129,1,132,0,12,172,1,185,349,0,349,534
04/23/2019,SGJ,FL,ASO,ES,Federal Contract Tower,0,8,58,3,69,0,6,194,8,208,0,14,252,11,277,362,4,366,643
04/24/2019,SGJ,FL,ASO,ES,Federal Contract Tower,0,10,43,8,61,0,14,180,13,207,0,24,223,21,268,393,41,434,702
04/25/2019,SGJ,FL,ASO,ES,Federal Contract Tower,0,13,51,4,68,0,20,191,4,215,0,33,242,8,283,377,4,381,664
04/26/2019,SGJ,FL,ASO,ES,Federal Contract Tower,0,13,29,1,43,0,6,44,1,51,0,19,73,2,94,43,0,43,137
04/27/2019,SGJ,FL,ASO,ES,Federal Contract Tower,0,15,42,1,58,0,33,173,0,206,0,48,215,1,264,336,0,336,600
04/28/2019,SGJ,FL,ASO,ES,Federal Contract Tower,0,23,42,0,65,0,26,170,0,196,0,49,212,0,261,386,0,386,647
04/29/2019,SGJ,FL,ASO,ES,Federal Contract Tower,0,7,49,2,58,0,2,176,0,178,0,9,225,2,236,352,0,352,588
04/30/2019,SGJ,FL,ASO,ES,Federal Contract Tower,0,7,59,4,70,0,6,139,3,148,0,13,198,7,218,388,9,397,615
05/01/2019,SGJ,FL,ASO,ES,Federal Contract Tower,0,6,57,0,63,0,8,154,4,166,0,14,211,4,229,392,8,400,629
05/02/2019,SGJ,FL,ASO,ES,Federal Contract Tower,0,6,37,5,48,0,4,58,0,62,0,10,95,5,110,182,10,192,302
05/03/2019,SGJ,FL,ASO,ES,Federal Contract Tower,0,2,34,2,38,0,0,12,0,12,0,2,46,2,50,0,0,0,50
05/04/2019,SGJ,FL,ASO,ES,Federal Contract Tower,0,2,32,3,37,0,32,141,2,175,0,34,173,5,212,312,0,312,524
05/05/2019,SGJ,FL,ASO,ES,Federal Contract Tower,0,8,32,0,40,0,0,6,0,6,0,8,38,0,46,4,0,4,50
05/06/2019,SGJ,FL,ASO,ES,Federal Contract Tower,0,9,43,0,52,0,16,144,0,160,0,25,187,0,212,279,0,279,491
05/07/2019,SGJ,FL,ASO,ES,Federal Contract Tower,0,7,45,0,52,0,6,190,0,196,0,13,235,0,248,296,0,296,544
05/08/2019,SGJ,FL,ASO,ES,Federal Contract Tower,0,11,46,8,65,0,8,146,3,157,0,19,192,11,222,357,16,373,595
05/09/2019,SGJ,FL,ASO,ES,Federal Contract Tower,0,9,30,8,47,0,12,136,3,151,0,21,166,11,198,365,10,375,573
05/10/2019,SGJ,FL,ASO,ES,Federal Contract Tower,0,9,42,2,53,0,6,177,0,183,0,15,219,2,236,420,6,426,662
05/11/2019,SGJ,FL,ASO,ES,Federal Contract Tower,0,10,39,2,51,0,12,153,2,167,0,22,192,4,218,414,0,414,632
05/12/2019,SGJ,FL,ASO,ES,Federal Contract Tower,0,2,31,0,33,0,12,67,0,79,0,14,98,0,112,151,0,151,263
05/13/2019,SGJ,FL,ASO,ES,Federal Contract Tower,0,9,26,0,35,0,0,21,2,23,0,9,47,2,58,73,0,73,131
05/14/2019,SGJ,FL,ASO,ES,Federal Contract Tower,0,2,54,2,58,0,2,131,4,137,0,4,185,6,195,240,0,240,435
05/15/2019,SGJ,FL,ASO,ES,Federal Contract Tower,0,8,40,2,50,0,4,187,2,193,0,12,227,4,243,403,0,403,646
05/16/2019,SGJ,FL,ASO,ES,Federal Contract Tower,0,12,49,5,66,0,2,153,2,157,0,14,202,7,223,330,4,334,557
05/17/2019,SGJ,FL,ASO,ES,Federal Contract Tower,0,2,40,4,46,0,11,233,1,245,0,13,273,5,291,419,0,419,710
05/18/2019,SGJ,FL,ASO,ES,Federal Contract Tower,0,7,33,0,40,0,32,189,0,221,0,39,222,0,261,457,4,461,722
05/19/2019,SGJ,FL,ASO,ES,Federal Contract Tower,0,0,30,0,30,0,16,137,0,153,0,16,167,0,183,290,0,290,473
05/20/2019,SGJ,FL,ASO,ES,Federal Contract Tower,0,10,53,0,63,0,2,127,2,131,0,12,180,2,194,289,0,289,483
05/21/2019,SGJ,FL,ASO,ES,Federal Contract Tower,0,9,38,1,48,0,8,169,4,181,0,17,207,5,229,339,0,339,568
05/22/2019,SGJ,FL,ASO,ES,Federal Contract Tower,0,4,33,4,41,0,2,136,0,138,0,6,169,4,179,313,0,313,492
05/23/2019,SGJ,FL,ASO,ES,Federal Contract Tower,0,10,67,0,77,0,12,163,0,175,0,22,230,0,252,283,0,283,535
05/24/2019,SGJ,FL,ASO,ES,Federal Contract Tower,0,8,47,2,57,0,20,170,0,190,0,28,217,2,247,399,0,399,646
05/25/2019,SGJ,FL,ASO,ES,Federal Contract Tower,0,5,33,0,38,0,36,192,0,228,0,41,225,0,266,306,0,306,572
05/26/2019,SGJ,FL,ASO,ES,Federal Contract Tower,0,2,26,0,28,0,34,120,2,156,0,36,146,2,184,216,0,216,400
05/27/2019,SGJ,FL,ASO,ES,Federal Contract Tower,0,5,50,1,56,0,26,146,2,174,0,31,196,3,230,264,0,264,494
05/28/2019,SGJ,FL,ASO,ES,Federal Contract Tower,0,3,37,2,42,0,14,95,0,109,0,17,132,2,151,264,0,264,415
05/29/2019,SGJ,FL,ASO,ES,Federal Contract Tower,0,4,42,3,49,0,10,149,2,161,0,14,191,5,210,296,5,301,511
05/30/2019,SGJ,FL,ASO,ES,Federal Contract Tower,0,7,38,4,49,0,2,122,6,130,0,9,160,10,179,279,4,283,462
05/31/2019,SGJ,FL,ASO,ES,Federal Contract Tower,0,2,19,0,21,0,30,160,2,192,0,32,179,2,213,244,0,244,457
06/01/2019,SGJ,FL,ASO,ES,Federal Contract Tower,0,6,26,0,32,0,32,106,0,138,0,38,132,0,170,218,0,218,388
06/02/2019,SGJ,FL,ASO,ES,Federal Contract Tower,0,2,29,0,31,0,10,91,0,101,0,12,120,0,132,147,0,147,279
06/03/2019,SGJ,FL,ASO,ES,Federal Contract Tower,0,4,24,3,31,0,14,131,1,146,0,18,155,4,177,310,9,319,496
06/04/2019,SGJ,FL,ASO,ES,Federal Contract Tower,0,0,33,0,33,0,12,114,2,128,0,12,147,2,161,248,0,248,409
06/05/2019,SGJ,FL,ASO,ES,Federal Contract Tower,0,3,34,7,44,0,22,130,4,156,0,25,164,11,200,213,0,213,413
06/06/2019,SGJ,FL,ASO,ES,Federal Contract Tower,0,2,28,1,31,0,10,99,3,112,0,12,127,4,143,243,2,245,388
06/07/2019,SGJ,FL,ASO,ES,Federal Contract Tower,0,12,32,1,45,0,12,89,2,103,0,24,121,3,148,199,0,199,347
06/08/2019,SGJ,FL,ASO,ES,Federal Contract Tower,0,1,16,1,18,0,10,57,0,67,0,11,73,1,85,196,0,196,281
06/09/2019,SGJ,FL,ASO,ES,Federal Contract Tower,0,2,20,2,24,0,2,45,0,47,0,4,65,2,71,118,0,118,189
06/10/2019,SGJ,FL,ASO,ES,Federal Contract Tower,0,4,22,0,26,0,8,105,2,115,0,12,127,2,141,225,0,225,366
06/11/2019,SGJ,FL,ASO,ES,Federal Contract Tower,0,12,33,3,48,0,11,74,0,85,0,23,107,3,133,165,0,165,298
06/12/2019,SGJ,FL,ASO,ES,Federal Contract Tower,0,6,25,1,32,0,2,82,7,91,0,8,107,8,123,186,2,188,311
06/13/2019,SGJ,FL,ASO,ES,Federal Contract Tower,0,4,38,3,45,0,6,68,0,74,0,10,106,3,119,162,0,162,281
06/14/2019,SGJ,FL,ASO,ES,Federal Contract Tower,0,5,34,6,45,0,28,249,2,279,0,33,283,8,324,384,0,384,708
06/15/2019,SGJ,FL,ASO,ES,Federal Contract Tower,0,5,38,0,43,0,30,122,0,152,0,35,160,0,195,256,0,256,451
06/16/2019,SGJ,FL,ASO,ES,Federal Contract Tower,0,5,25,0,30,0,44,108,10,162,0,49,133,10,192,274,0,274,466
06/17/2019,SGJ,FL,ASO,ES,Federal Contract Tower,0,4,39,0,43,0,20,92,6,118,0,24,131,6,161,231,0,231,392
06/18/2019,SGJ,FL,ASO,ES,Federal Contract Tower,0,1,36,1,38,0,0,26,0,26,0,1,62,1,64,91,0,91,155
06/19/2019,SGJ,FL,ASO,ES,Federal Contract Tower,0,8,35,8,51,0,4,50,2,56,0,12,85,10,107,93,0,93,200
06/20/2019,SGJ,FL,ASO,ES,Federal Contract Tower,0,5,34,3,42,0,8,38,0,46,0,13,72,3,88,80,0,80,168
06/21/2019,SGJ,FL,ASO,ES,Federal Contract Tower,0,11,36,3,50,0,34,141,0,175,0,45,177,3,225,234,0,234,459
06/22/2019,SGJ,FL,ASO,ES,Federal Contract Tower,0,4,35,0,39,0,25,185,0,210,0,29,220,0,249,381,0,381,630
06/23/2019,SGJ,FL,ASO,ES,Federal Contract Tower,0,9,30,2,41,0,23,185,0,208,0,32,215,2,249,293,0,293,542
06/24/2019,SGJ,FL,ASO,ES,Federal Contract Tower,0,7,37,4,48,0,10,162,2,174,0,17,199,6,222,345,0,345,567
06/25/2019,SGJ,FL,ASO,ES,Federal Contract Tower,0,5,46,3,54,0,10,111,4,125,0,15,157,7,179,250,15,265,444
06/26/2019,SGJ,FL,ASO,ES,Federal Contract Tower,0,11,36,1,48,0,20,180,4,204,0,31,216,5,252,424,0,424,676
06/27/2019,SGJ,FL,ASO,ES,Federal Contract Tower,0,7,34,2,43,0,14,183,0,197,0,21,217,2,240,441,2,443,683
06/28/2019,SGJ,FL,ASO,ES,Federal Contract Tower,0,5,40,5,50,0,24,118,6,148,0,29,158,11,198,338,6,344,542
06/29/2019,SGJ,FL,ASO,ES,Federal Contract Tower,0,9,35,0,44,0,26,103,0,129,0,35,138,0,173,224,0,224,397
06/30/2019,SGJ,FL,ASO,ES,Federal Contract Tower,0,11,28,0,39,0,22,122,6,150,0,33,150,6,189,283,0,283,472
07/01/2019,SGJ,FL,ASO,ES,Federal Contract Tower,0,7,23,3,33,0,30,156,0,186,0,37,179,3,219,410,0,410,629
07/02/2019,SGJ,FL,ASO,ES,Federal Contract Tower,0,8,28,5,41,0,18,112,0,130,0,26,140,5,171,318,2,320,491
07/03/2019,SGJ,FL,ASO,ES,Federal Contract Tower,0,8,37,0,45,0,18,147,3,168,0,26,184,3,213,282,0,282,495
07/04/2019,SGJ,FL,ASO,ES,Federal Contract Tower,0,3,22,0,25,0,22,63,0,85,0,25,85,0,110,69,0,69,179
07/05/2019,SGJ,FL,ASO,ES,Federal Contract Tower,0,7,20,0,27,0,36,102,0,138,0,43,122,0,165,229,0,229,394
07/06/2019,SGJ,FL,ASO,ES,Federal Contract Tower,0,7,26,0,33,0,15,94,0,109,0,22,120,0,142,150,0,150,292
07/07/2019,SGJ,FL,ASO,ES,Federal Contract Tower,0,8,44,0,52,0,10,55,0,65,0,18,99,0,117,118,0,118,235
07/08/2019,SGJ,FL,ASO,ES,Federal Contract Tower,0,8,36,1,45,0,28,138,0,166,0,36,174,1,211,356,0,356,567
07/09/2019,SGJ,FL,ASO,ES,Federal Contract Tower,0,9,42,3,54,0,17,117,1,135,0,26,159,4,189,323,0,323,512
07/10/2019,SGJ,FL,ASO,ES,Federal Contract Tower,0,7,34,0,41,0,3,110,0,113,0,10,144,0,154,265,0,265,419
07/11/2019,SGJ,FL,ASO,ES,Federal Contract Tower,0,5,29,2,36,0,12,167,0,179,0,17,196,2,215,351,0,351,566
07/12/2019,SGJ,FL,ASO,ES,Federal Contract Tower,0,2,25,3,30,0,28,124,1,153,0,30,149,4,183,291,0,291,474
07/13/2019,SGJ,FL,ASO,ES,Federal Contract Tower,0,4,38,1,43,0,24,198,0,222,0,28,236,1,265,440,0,440,705
07/14/2019,SGJ,FL,ASO,ES,Federal Contract Tower,0,3,34,1,38,0,21,149,0,170,0,24,183,1,208,260,0,260,468
07/15/2019,SGJ,FL,ASO,ES,Federal Contract Tower,0,4,26,0,30,0,24,147,2,173,0,28,173,2,203,309,0,309,512
07/16/2019,SGJ,FL,ASO,ES,Federal Contract Tower,0,1,30,2,33,0,14,141,0,155,0,15,171,2,188,182,0,182,370
07/17/2019,SGJ,FL,ASO,ES,Federal Contract Tower,0,3,22,6,31,0,6,121,5,132,0,9,143,11,163,247,16,263,426
07/18/2019,SGJ,FL,ASO,ES,Federal Contract Tower,0,3,13,1,17,0,14,138,1,153,0,17,151,2,170,379,2,381,551
07/19/2019,SGJ,FL,ASO,ES,Federal Contract Tower,0,9,21,2,32,0,14,113,6,133,0,23,134,8,165,257,0,257,422
07/20/2019,SGJ,FL,ASO,ES,Federal Contract Tower,0,2,51,1,54,0,38,199,0,237,0,40,250,1,291,292,0,292,583
07/21/2019,SGJ,FL,ASO,ES,Federal Contract Tower,0,2,33,0,35,0,30,127,0,157,0,32,160,0,192,329,0,329,521
07/22/2019,SGJ,FL,ASO,ES,Federal Contract Tower,0,9,23,6,38,0,12,93,0,105,0,21,116,6,143,288,0,288,431
07/23/2019,SGJ,FL,ASO,ES,Federal Contract Tower,0,2,24,2,28,0,6,102,4,112,0,8,126,6,140,205,6,211,351
07/24/2019,SGJ,FL,ASO,ES,Federal Contract Tower,0,11,22,3,36,0,10,35,2,47,0,21,57,5,83,77,3,80,163
07/25/2019,SGJ,FL,ASO,ES,Federal Contract Tower,0,13,29,1,43,0,18,110,2,130,0,31,139,3,173,275,0,275,448
07/26/2019,SGJ,FL,ASO,ES,Federal Contract Tower,0,3,30,3,36,0,16,119,0,135,0,19,149,3,171,262,0,262,433
07/27/2019,SGJ,FL,ASO,ES,Federal Contract Tower,0,1,40,1,42,0,28,108,7,143,0,29,148,8,185,225,0,225,410
07/28/2019,SGJ,FL,ASO,ES,Federal Contract Tower,0,4,34,0,38,0,4,47,0,51,0,8,81,0,89,20,0,20,109
07/29/2019,SGJ,FL,ASO,ES,Federal Contract Tower,0,8,25,0,33,0,20,110,0,130,0,28,135,0,163,325,0,325,488
07/30/2019,SGJ,FL,ASO,ES,Federal Contract Tower,0,3,41,1,45,0,4,170,0,174,0,7,211,1,219,312,0,312,531
07/31/2019,SGJ,FL,ASO,ES,Federal Contract Tower,0,5,32,4,41,0,24,167,2,193,0,29,199,6,234,349,0,349,583
08/01/2019,SGJ,FL,ASO,ES,Federal Contract Tower,0,9,24,4,37,0,14,72,0,86,0,23,96,4,123,179,0,179,302
08/02/2019,SGJ,FL,ASO,ES,Federal Contract Tower,0,4,18,0,22,0,18,35,0,53,0,22,53,0,75,73,0,73,148
08/03/2019,SGJ,FL,ASO,ES,Federal Contract Tower,0,5,32,0,37,0,24,115,0,139,0,29,147,0,176,255,0,255,431
08/04/2019,SGJ,FL,ASO,ES,Federal Contract Tower,0,5,26,0,31,0,26,144,0,170,0,31,170,0,201,193,0,193,394
08/05/2019,SGJ,FL,ASO,ES,Federal Contract Tower,0,8,34,2,44,0,14,148,0,162,0,22,182,2,206,302,0,302,508
08/06/2019,SGJ,FL,ASO,ES,Federal Contract Tower,0,7,41,0,48,0,31,112,6,149,0,38,153,6,197,271,4,275,472
08/07/2019,SGJ,FL,ASO,ES,Federal Contract Tower,0,9,32,1,42,0,22,106,0,128,0,31,138,1,170,311,0,311,481
08/08/2019,SGJ,FL,ASO,ES,Federal Contract Tower,0,4,31,5,40,0,12,86,0,98,0,16,117,5,138,188,8,196,334
08/09/2019,SGJ,FL,ASO,ES,Federal Contract Tower,0,8,31,3,42,0,12,108,2,122,0,20,139,5,164,234,0,234,398
08/10/2019,SGJ,FL,ASO,ES,Federal Contract Tower,0,5,42,0,47,0,20,150,6,176,0,25,192,6,223,233,0,233,456
08/11/2019,SGJ,FL,ASO,ES,Federal Contract Tower,0,8,36,0,44,0,18,137,0,155,0,26,173,0,199,264,0,264,463
08/12/2019,SGJ,FL,ASO,ES,Federal Contract Tower,0,5,23,0,28,0,12,127,0,139,0,17,150,0,167,261,4,265,432
08/13/2019,SGJ,FL,ASO,ES,Federal Contract Tower,0,1,49,0,50,0,6,122,4,132,0,7,171,4,182,215,0,215,397
08/14/2019,SGJ,FL,ASO,ES,Federal Contract Tower,0,3,25,1,29,0,16,104,3,123,0,19,129,4,152,175,0,175,327
08/15/2019,SGJ,FL,ASO,ES,Federal Contract Tower,0,9,42,2,53,0,0,78,1,79,0,9,120,3,132,93,0,93,225
08/16/2019,SGJ,FL,ASO,ES,Federal Contract Tower,0,4,51,7,62,0,4,46,2,52,0,8,97,9,114,64,0,64,178
08/17/2019,SGJ,FL,ASO,ES,Federal Contract Tower,0,0,23,0,23,0,2,20,2,24,0,2,43,2,47,52,0,52,99
08/18/2019,SGJ,FL,ASO,ES,Federal Contract Tower,0,2,30,14,46,0,18,122,4,144,0,20,152,18,190,226,8,234,424
08/19/2019,SGJ,FL,ASO,ES,Federal Contract Tower,0,1,33,6,40,0,6,133,6,145,0,7,166,12,185,292,0,292,477
08/20/2019,SGJ,FL,ASO,ES,Federal Contract Tower,0,2,25,3,30,0,9,136,2,147,0,11,161,5,177,299,0,299,476
08/21/2019,SGJ,FL,ASO,ES,Federal Contract Tower,0,2,35,6,43,0,10,165,3,178,0,12,200,9,221,332,13,345,566
08/22/2019,SGJ,FL,ASO,ES,Federal Contract Tower,0,3,41,4,48,0,13,155,1,169,0,16,196,5,217,231,0,231,448
08/23/2019,SGJ,FL,ASO,ES,Federal Contract Tower,0,3,33,1,37,0,14,151,14,179,0,17,184,15,216,302,0,302,518
08/24/2019,SGJ,FL,ASO,ES,Federal Contract Tower,0,3,36,0,39,0,30,113,0,143,0,33,149,0,182,226,0,226,408
08/25/2019,SGJ,FL,ASO,ES,Federal Contract Tower,0,7,30,2,39,0,11,45,0,56,0,18,75,2,95,88,0,88,183
08/26/2019,SGJ,FL,ASO,ES,Federal Contract Tower,0,2,40,0,42,0,6,93,3,102,0,8,133,3,144,268,0,268,412
08/27/2019,SGJ,FL,ASO,ES,Federal Contract Tower,0,4,36,3,43,0,7,144,0,151,0,11,180,3,194,161,0,161,355
08/28/2019,SGJ,FL,ASO,ES,Federal Contract Tower,0,4,42,1,47,0,0,89,2,91,0,4,131,3,138,142,3,145,283
08/29/2019,SGJ,FL,ASO,ES,Federal Contract Tower,0,8,28,0,36,0,2,97,0,99,0,10,125,0,135,58,0,58,193
08/30/2019,SGJ,FL,ASO,ES,Federal Contract Tower,0,2,23,0,25,0,0,45,0,45,0,2,68,0,70,80,0,80,150
08/31/2019,SGJ,FL,ASO,ES,Federal Contract Tower,0,6,31,1,38,0,14,72,0,86,0,20,103,1,124,179,0,179,303
09/01/2019,SGJ,FL,ASO,ES,Federal Contract Tower,0,2,9,0,11,0,4,10,0,14,0,6,19,0,25,22,0,22,47
09/02/2019,SGJ,FL,ASO,ES,Federal Contract Tower,0,3,15,0,18,0,0,4,0,4,0,3,19,0,22,0,0,0,22
09/03/2019,SGJ,FL,ASO,ES,Federal Contract Tower,0,0,0,0,0,0,0,0,0,0,0,0,0,0,0,0,0,0,0
09/04/2019,SGJ,FL,ASO,ES,Federal Contract Tower,0,0,0,0,0,0,0,0,0,0,0,0,0,0,0,0,0,0,0
09/05/2019,SGJ,FL,ASO,ES,Federal Contract Tower,0,2,14,2,18,0,0,49,0,49,0,2,63,2,67,39,0,39,106
09/06/2019,SGJ,FL,ASO,ES,Federal Contract Tower,0,7,40,0,47,0,4,126,7,137,0,11,166,7,184,269,0,269,453
09/07/2019,SGJ,FL,ASO,ES,Federal Contract Tower,0,4,21,4,29,0,20,159,0,179,0,24,180,4,208,338,0,338,546
09/08/2019,SGJ,FL,ASO,ES,Federal Contract Tower,0,6,18,0,24,0,8,121,3,132,0,14,139,3,156,349,8,357,513
09/09/2019,SGJ,FL,ASO,ES,Federal Contract Tower,0,7,29,0,36,0,2,118,2,122,0,9,147,2,158,322,0,322,480
09/10/2019,SGJ,FL,ASO,ES,Federal Contract Tower,0,5,38,2,45,0,4,145,4,153,0,9,183,6,198,269,0,269,467
09/11/2019,SGJ,FL,ASO,ES,Federal Contract Tower,0,4,25,1,30,0,8,110,4,122,0,12,135,5,152,155,9,164,316
09/12/2019,SGJ,FL,ASO,ES,Federal Contract Tower,0,5,30,2,37,0,17,116,2,135,0,22,146,4,172,163,0,163,335
09/13/2019,SGJ,FL,ASO,ES,Federal Contract Tower,0,3,40,1,44,0,6,67,1,74,0,9,107,2,118,84,0,84,202
09/14/2019,SGJ,FL,ASO,ES,Federal Contract Tower,0,2,19,0,21,0,14,33,2,49,0,16,52,2,70,10,0,10,80
09/15/2019,SGJ,FL,ASO,ES,Federal Contract Tower,0,3,13,0,16,0,18,10,0,28,0,21,23,0,44,14,0,14,58
09/16/2019,SGJ,FL,ASO,ES,Federal Contract Tower,0,1,19,5,25,0,4,87,4,95,0,5,106,9,120,247,16,263,383
09/17/2019,SGJ,FL,ASO,ES,Federal Contract Tower,0,1,55,2,58,0,11,185,2,198,0,12,240,4,256,301,2,303,559
09/18/2019,SGJ,FL,ASO,ES,Federal Contract Tower,0,3,35,0,38,0,6,95,0,101,0,9,130,0,139,305,0,305,444
09/19/2019,SGJ,FL,ASO,ES,Federal Contract Tower,0,7,37,5,49,0,7,52,6,65,0,14,89,11,114,85,20,105,219
09/20/2019,SGJ,FL,ASO,ES,Federal Contract Tower,0,4,44,1,49,0,8,103,1,112,0,12,147,2,161,193,0,193,354
09/21/2019,SGJ,FL,ASO,ES,Federal Contract Tower,0,5,42,0,47,0,30,146,4,180,0,35,188,4,227,184,0,184,411
09/22/2019,SGJ,FL,ASO,ES,Federal Contract Tower,0,7,28,0,35,0,2,120,5,127,0,9,148,5,162,185,0,185,347
09/23/2019,SGJ,FL,ASO,ES,Federal Contract Tower,0,2,37,0,39,0,8,139,14,161,0,10,176,14,200,409,0,409,609
09/24/2019,SGJ,FL,ASO,ES,Federal Contract Tower,0,4,32,3,39,0,6,139,2,147,0,10,171,5,186,147,0,147,333
09/25/2019,SGJ,FL,ASO,ES,Federal Contract Tower,0,3,37,0,40,0,9,178,2,189,0,12,215,2,229,434,2,436,665
09/26/2019,SGJ,FL,ASO,ES,Federal Contract Tower,0,3,47,3,53,0,4,160,5,169,0,7,207,8,222,383,10,393,615
09/27/2019,SGJ,FL,ASO,ES,Federal Contract Tower,0,5,31,4,40,0,4,172,6,182,0,9,203,10,222,336,0,336,558
09/28/2019,SGJ,FL,ASO,ES,Federal Contract Tower,0,1,32,0,33,0,34,136,0,170,0,35,168,0,203,270,0,270,473
09/29/2019,SGJ,FL,ASO,ES,Federal Contract Tower,0,5,25,0,30,0,4,124,0,128,0,9,149,0,158,236,0,236,394
09/30/2019,SGJ,FL,ASO,ES,Federal Contract Tower,0,7,33,2,42,0,34,110,14,158,0,41,143,16,200,262,0,262,462
10/01/2019,SGJ,FL,ASO,ES,Federal Contract Tower,0,4,35,3,42,0,0,84,6,90,0,4,119,9,132,171,16,187,319
10/02/2019,SGJ,FL,ASO,ES,Federal Contract Tower,0,2,45,2,49,0,0,140,10,150,0,2,185,12,199,274,13,287,486
10/03/2019,SGJ,FL,ASO,ES,Federal Contract Tower,0,11,35,4,50,0,6,145,4,155,0,17,180,8,205,380,8,388,593
10/04/2019,SGJ,FL,ASO,ES,Federal Contract Tower,0,11,43,5,59,0,8,215,4,227,0,19,258,9,286,424,2,426,712
10/05/2019,SGJ,FL,ASO,ES,Federal Contract Tower,0,6,18,0,24,0,22,99,0,121,0,28,117,0,145,217,0,217,362
10/06/2019,SGJ,FL,ASO,ES,Federal Contract Tower,0,7,26,0,33,0,16,50,0,66,0,23,76,0,99,20,2,22,121
10/07/2019,SGJ,FL,ASO,ES,Federal Contract Tower,0,8,31,0,39,0,0,3,0,3,0,8,34,0,42,4,0,4,46
10/08/2019,SGJ,FL,ASO,ES,Federal Contract Tower,0,7,33,5,45,0,14,63,4,81,0,21,96,9,126,98,8,106,232
10/09/2019,SGJ,FL,ASO,ES,Federal Contract Tower,0,7,38,4,49,0,2,48,4,54,0,9,86,8,103,104,2,106,209
10/10/2019,SGJ,FL,ASO,ES,Federal Contract Tower,0,7,37,2,46,0,2,64,0,66,0,9,101,2,112,36,8,44,156
10/11/2019,SGJ,FL,ASO,ES,Federal Contract Tower,0,15,36,2,53,0,4,198,2,204,0,19,234,4,257,295,0,295,552
10/12/2019,SGJ,FL,ASO,ES,Federal Contract Tower,0,1,33,1,35,0,22,145,4,171,0,23,178,5,206,419,0,419,625
10/13/2019,SGJ,FL,ASO,ES,Federal Contract Tower,0,5,24,0,29,0,22,129,2,153,0,27,153,2,182,246,0,246,428
10/14/2019,SGJ,FL,ASO,ES,Federal Contract Tower,0,2,45,0,47,0,4,184,0,188,0,6,229,0,235,418,0,418,653
10/15/2019,SGJ,FL,ASO,ES,Federal Contract Tower,0,4,45,2,51,0,4,131,6,141,0,8,176,8,192,221,0,221,413
10/16/2019,SGJ,FL,ASO,ES,Federal Contract Tower,0,3,24,0,27,0,0,51,3,54,0,3,75,3,81,38,10,48,129
10/17/2019,SGJ,FL,ASO,ES,Federal Contract Tower,0,9,48,2,59,0,8,170,2,180,0,17,218,4,239,363,12,375,614
10/18/2019,SGJ,FL,ASO,ES,Federal Contract Tower,0,5,45,4,54,0,7,123,1,131,0,12,168,5,185,358,6,364,549
10/19/2019,SGJ,FL,ASO,ES,Federal Contract Tower,0,0,10,1,11,0,6,13,0,19,0,6,23,1,30,50,0,50,80
10/20/2019,SGJ,FL,ASO,ES,Federal Contract Tower,0,7,37,0,44,0,20,112,0,132,0,27,149,0,176,137,0,137,313
10/21/2019,SGJ,FL,ASO,ES,Federal Contract Tower,0,2,43,1,46,0,0,47,6,53,0,2,90,7,99,96,0,96,195
10/22/2019,SGJ,FL,ASO,ES,Federal Contract Tower,0,7,35,0,42,0,4,58,2,64,0,11,93,2,106,84,12,96,202
10/23/2019,SGJ,FL,ASO,ES,Federal Contract Tower,0,7,51,5,63,0,14,160,2,176,0,21,211,7,239,263,0,263,502
10/24/2019,SGJ,FL,ASO,ES,Federal Contract Tower,0,7,46,1,54,0,2,144,9,155,0,9,190,10,209,244,2,246,455
10/25/2019,SGJ,FL,ASO,ES,Federal Contract Tower,0,1,37,10,48,0,12,108,8,128,0,13,145,18,176,318,0,318,494
10/26/2019,SGJ,FL,ASO,ES,Federal Contract Tower,0,3,20,0,23,0,12,60,0,72,0,15,80,0,95,141,0,141,236
10/27/2019,SGJ,FL,ASO,ES,Federal Contract Tower,0,4,36,0,40,0,4,55,0,59,0,8,91,0,99,174,0,174,273
10/28/2019,SGJ,FL,ASO,ES,Federal Contract Tower,0,5,30,1,36,0,2,140,6,148,0,7,170,7,184,375,8,383,567
10/29/2019,SGJ,FL,ASO,ES,Federal Contract Tower,0,7,29,3,39,0,6,62,1,69,0,13,91,4,108,150,0,150,258
10/30/2019,SGJ,FL,ASO,ES,Federal Contract Tower,0,6,49,3,58,0,2,150,8,160,0,8,199,11,218,269,6,275,493
10/31/2019,SGJ,FL,ASO,ES,Federal Contract Tower,0,7,45,5,57,0,6,156,8,170,0,13,201,13,227,262,22,284,511
11/01/2019,SGJ,FL,ASO,ES,Federal Contract Tower,0,5,55,4,64,0,0,91,0,91,0,5,146,4,155,212,0,212,367
11/02/2019,SGJ,FL,ASO,ES,Federal Contract Tower,0,4,55,0,59,0,14,70,2,86,0,18,125,2,145,126,0,126,271
11/03/2019,SGJ,FL,ASO,ES,Federal Contract Tower,0,8,42,8,58,0,12,102,0,114,0,20,144,8,172,158,0,158,330
11/04/2019,SGJ,FL,ASO,ES,Federal Contract Tower,0,8,35,1,44,0,10,112,6,128,0,18,147,7,172,391,0,391,563
11/05/2019,SGJ,FL,ASO,ES,Federal Contract Tower,0,9,32,10,51,0,0,15,0,15,0,9,47,10,66,4,6,10,76
11/06/2019,SGJ,FL,ASO,ES,Federal Contract Tower,0,5,61,5,71,0,6,76,1,83,0,11,137,6,154,76,2,78,232
11/07/2019,SGJ,FL,ASO,ES,Federal Contract Tower,0,11,44,8,63,0,2,205,2,209,0,13,249,10,272,302,4,306,578
11/08/2019,SGJ,FL,ASO,ES,Federal Contract Tower,0,5,26,0,31,0,0,7,0,7,0,5,33,0,38,0,0,0,38
11/09/2019,SGJ,FL,ASO,ES,Federal Contract Tower,0,14,21,0,35,0,22,107,0,129,0,36,128,0,164,54,0,54,218
11/10/2019,SGJ,FL,ASO,ES,Federal Contract Tower,0,7,40,0,47,0,0,166,0,166,0,7,206,0,213,268,0,268,481
11/11/2019,SGJ,FL,ASO,ES,Federal Contract Tower,0,8,35,2,45,0,10,205,4,219,0,18,240,6,264,382,0,382,646
11/12/2019,SGJ,FL,ASO,ES,Federal Contract Tower,0,1,31,3,35,0,6,104,13,123,0,7,135,16,158,179,4,183,341
11/13/2019,SGJ,FL,ASO,ES,Federal Contract Tower,0,3,50,0,53,0,1,36,0,37,0,4,86,0,90,2,10,12,102
11/14/2019,SGJ,FL,ASO,ES,Federal Contract Tower,0,9,50,1,60,0,0,4,0,4,0,9,54,1,64,72,0,72,136
11/15/2019,SGJ,FL,ASO,ES,Federal Contract Tower,0,8,29,2,39,0,0,0,0,0,0,8,29,2,39,0,0,0,39
11/16/2019,SGJ,FL,ASO,ES,Federal Contract Tower,0,8,37,1,46,0,0,6,0,6,0,8,43,1,52,12,0,12,64
11/17/2019,SGJ,FL,ASO,ES,Federal Contract Tower,0,8,52,0,60,0,0,21,0,21,0,8,73,0,81,63,0,63,144
11/18/2019,SGJ,FL,ASO,ES,Federal Contract Tower,0,7,41,1,49,0,4,190,11,205,0,11,231,12,254,371,8,379,633
11/19/2019,SGJ,FL,ASO,ES,Federal Contract Tower,0,1,42,9,52,0,0,167,10,177,0,1,209,19,229,253,12,265,494
11/20/2019,SGJ,FL,ASO,ES,Federal Contract Tower,0,12,41,2,55,0,0,156,2,158,0,12,197,4,213,251,4,255,468
11/21/2019,SGJ,FL,ASO,ES,Federal Contract Tower,0,4,46,4,54,0,0,163,5,168,0,4,209,9,222,240,0,240,462
11/22/2019,SGJ,FL,ASO,ES,Federal Contract Tower,0,6,53,1,60,0,0,155,1,156,0,6,208,2,216,314,0,314,530
11/23/2019,SGJ,FL,ASO,ES,Federal Contract Tower,0,9,31,0,40,0,0,160,0,160,0,9,191,0,200,209,0,209,409
11/24/2019,SGJ,FL,ASO,ES,Federal Contract Tower,0,5,41,0,46,0,2,138,0,140,0,7,179,0,186,308,0,308,494
11/25/2019,SGJ,FL,ASO,ES,Federal Contract Tower,0,7,35,4,46,0,4,166,2,172,0,11,201,6,218,350,0,350,568
11/26/2019,SGJ,FL,ASO,ES,Federal Contract Tower,0,5,48,3,56,0,4,159,1,164,0,9,207,4,220,308,0,308,528
11/27/2019,SGJ,FL,ASO,ES,Federal Contract Tower,0,13,40,0,53,0,12,160,0,172,0,25,200,0,225,257,0,257,482
11/28/2019,SGJ,FL,ASO,ES,Federal Contract Tower,0,4,15,0,19,0,0,58,0,58,0,4,73,0,77,10,0,10,87
11/29/2019,SGJ,FL,ASO,ES,Federal Contract Tower,0,9,25,0,34,0,24,149,0,173,0,33,174,0,207,112,0,112,319
11/30/2019,SGJ,FL,ASO,ES,Federal Contract Tower,0,6,34,0,40,0,44,148,4,196,0,50,182,4,236,284,0,284,520
12/01/2019,SGJ,FL,ASO,ES,Federal Contract Tower,0,3,42,0,45,0,10,46,0,56,0,13,88,0,101,8,0,8,109
12/02/2019,SGJ,FL,ASO,ES,Federal Contract Tower,0,8,28,0,36,0,10,114,1,125,0,18,142,1,161,154,0,154,315
12/03/2019,SGJ,FL,ASO,ES,Federal Contract Tower,0,8,34,1,43,0,8,183,7,198,0,16,217,8,241,294,4,298,539
12/04/2019,SGJ,FL,ASO,ES,Federal Contract Tower,0,4,25,0,29,0,6,153,0,159,0,10,178,0,188,332,0,332,520
12/05/2019,SGJ,FL,ASO,ES,Federal Contract Tower,0,4,27,1,32,0,9,186,1,196,0,13,213,2,228,321,0,321,549
12/06/2019,SGJ,FL,ASO,ES,Federal Contract Tower,0,10,22,12,44,0,14,230,0,244,0,24,252,12,288,330,0,330,618
12/07/2019,SGJ,FL,ASO,ES,Federal Contract Tower,0,4,35,0,39,0,8,190,0,198,0,12,225,0,237,193,0,193,430
12/08/2019,SGJ,FL,ASO,ES,Federal Contract Tower,0,5,45,2,52,0,2,19,0,21,0,7,64,2,73,12,0,12,85
12/09/2019,SGJ,FL,ASO,ES,Federal Contract Tower,0,4,36,3,43,0,2,123,0,125,0,6,159,3,168,280,6,286,454
12/10/2019,SGJ,FL,ASO,ES,Federal Contract Tower,0,7,48,1,56,0,2,176,0,178,0,9,224,1,234,245,0,245,479
12/11/2019,SGJ,FL,ASO,ES,Federal Contract Tower,0,3,41,1,45,0,0,3,0,3,0,3,44,1,48,0,0,0,48
12/12/2019,SGJ,FL,ASO,ES,Federal Contract Tower,0,4,42,2,48,0,0,22,0,22,0,4,64,2,70,116,0,116,186
12/13/2019,SGJ,FL,ASO,ES,Federal Contract Tower,0,6,28,3,37,0,0,31,2,33,0,6,59,5,70,146,0,146,216
12/14/2019,SGJ,FL,ASO,ES,Federal Contract Tower,0,11,31,0,42,0,18,137,0,155,0,29,168,0,197,125,0,125,322
12/15/2019,SGJ,FL,ASO,ES,Federal Contract Tower,0,7,38,0,45,0,18,190,0,208,0,25,228,0,253,289,0,289,542
12/16/2019,SGJ,FL,ASO,ES,Federal Contract Tower,0,9,36,4,49,0,10,224,4,238,0,19,260,8,287,378,0,378,665
12/17/2019,SGJ,FL,ASO,ES,Federal Contract Tower,0,2,41,2,45,0,4,27,0,31,0,6,68,2,76,64,0,64,140
12/18/2019,SGJ,FL,ASO,ES,Federal Contract Tower,0,10,37,0,47,0,6,140,1,147,0,16,177,1,194,268,0,268,462
12/19/2019,SGJ,FL,ASO,ES,Federal Contract Tower,0,6,32,5,43,0,12,118,5,135,0,18,150,10,178,54,0,54,232
12/20/2019,SGJ,FL,ASO,ES,Federal Contract Tower,0,3,44,6,53,0,0,15,0,15,0,3,59,6,68,60,0,60,128
12/21/2019,SGJ,FL,ASO,ES,Federal Contract Tower,0,7,35,0,42,0,27,137,4,168,0,34,172,4,210,245,0,245,455
12/22/2019,SGJ,FL,ASO,ES,Federal Contract Tower,0,0,7,0,7,0,0,0,0,0,0,0,7,0,7,0,0,0,7
12/23/2019,SGJ,FL,ASO,ES,Federal Contract Tower,0,5,31,2,38,0,10,91,9,110,0,15,122,11,148,252,0,252,400
12/24/2019,SGJ,FL,ASO,ES,Federal Contract Tower,0,1,16,0,17,0,4,2,0,6,0,5,18,0,23,0,0,0,23
12/25/2019,SGJ,FL,ASO,ES,Federal Contract Tower,0,1,7,0,8,0,0,14,0,14,0,1,21,0,22,18,0,18,40
12/26/2019,SGJ,FL,ASO,ES,Federal Contract Tower,0,5,48,0,53,0,10,39,2,51,0,15,87,2,104,84,0,84,188
12/27/2019,SGJ,FL,ASO,ES,Federal Contract Tower,0,9,53,2,64,0,32,145,4,181,0,41,198,6,245,269,4,273,518
12/28/2019,SGJ,FL,ASO,ES,Federal Contract Tower,0,7,42,0,49,0,20,74,0,94,0,27,116,0,143,182,0,182,325
12/29/2019,SGJ,FL,ASO,ES,Federal Contract Tower,0,1,34,0,35,0,0,11,0,11,0,1,45,0,46,10,0,10,56
12/30/2019,SGJ,FL,ASO,ES,Federal Contract Tower,0,10,43,0,53,0,0,58,0,58,0,10,101,0,111,128,0,128,239
12/31/2019,SGJ,FL,ASO,ES,Federal Contract Tower,0,11,37,0,48,0,16,146,0,162,0,27,183,0,210,238,0,238,448
01/01/2020,SGJ,FL,ASO,ES,Federal Contract Tower,0,5,19,0,24,0,10,87,0,97,0,15,106,0,121,50,0,50,171
01/02/2020,SGJ,FL,ASO,ES,Federal Contract Tower,0,0,34,0,34,0,12,170,0,182,0,12,204,0,216,215,0,215,431
01/03/2020,SGJ,FL,ASO,ES,Federal Contract Tower,0,9,37,2,48,0,22,91,0,113,0,31,128,2,161,138,0,138,299
01/04/2020,SGJ,FL,ASO,ES,Federal Contract Tower,0,4,22,0,26,0,4,19,0,23,0,8,41,0,49,38,0,38,87
01/05/2020,SGJ,FL,ASO,ES,Federal Contract Tower,0,5,43,0,48,0,22,188,0,210,0,27,231,0,258,295,0,295,553
01/06/2020,SGJ,FL,ASO,ES,Federal Contract Tower,0,3,28,1,32,0,6,182,0,188,0,9,210,1,220,346,0,346,566
01/07/2020,SGJ,FL,ASO,ES,Federal Contract Tower,0,1,53,2,56,0,0,169,0,169,0,1,222,2,225,238,0,238,463
01/08/2020,SGJ,FL,ASO,ES,Federal Contract Tower,0,7,36,0,43,0,191,2,0,193,0,198,38,0,236,365,0,365,601
01/09/2020,SGJ,FL,ASO,ES,Federal Contract Tower,0,6,37,3,46,0,6,146,2,154,0,12,183,5,200,318,0,318,518
01/10/2020,SGJ,FL,ASO,ES,Federal Contract Tower,0,7,36,4,47,0,10,168,0,178,0,17,204,4,225,330,0,330,555
01/11/2020,SGJ,FL,ASO,ES,Federal Contract Tower,0,1,29,0,30,0,8,55,0,63,0,9,84,0,93,92,0,92,185
01/12/2020,SGJ,FL,ASO,ES,Federal Contract Tower,0,10,30,0,40,0,10,77,0,87,0,20,107,0,127,202,0,202,329
01/13/2020,SGJ,FL,ASO,ES,Federal Contract Tower,0,14,29,0,43,0,6,115,4,125,0,20,144,4,168,317,0,317,485
01/14/2020,SGJ,FL,ASO,ES,Federal Contract Tower,0,5,35,0,40,0,6,116,7,129,0,11,151,7,169,354,0,354,523
01/15/2020,SGJ,FL,ASO,ES,Federal Contract Tower,0,1,38,3,42,0,18,207,1,226,0,19,245,4,268,384,0,384,652
01/16/2020,SGJ,FL,ASO,ES,Federal Contract Tower,0,6,53,4,63,0,4,114,0,118,0,10,167,4,181,404,2,406,587
01/17/2020,SGJ,FL,ASO,ES,Federal Contract Tower,0,20,20,0,40,0,3,85,2,90,0,23,105,2,130,42,0,42,172
01/18/2020,SGJ,FL,ASO,ES,Federal Contract Tower,0,0,40,0,40,0,19,221,0,240,0,19,261,0,280,320,0,320,600
01/19/2020,SGJ,FL,ASO,ES,Federal Contract Tower,0,3,20,0,23,0,4,17,0,21,0,7,37,0,44,24,0,24,68
01/20/2020,SGJ,FL,ASO,ES,Federal Contract Tower,0,7,40,4,51,0,8,133,0,141,0,15,173,4,192,272,0,272,464
01/21/2020,SGJ,FL,ASO,ES,Federal Contract Tower,0,4,34,0,38,0,0,98,1,99,0,4,132,1,137,122,0,122,259
01/22/2020,SGJ,FL,ASO,ES,Federal Contract Tower,0,13,28,1,42,0,0,7,0,7,0,13,35,1,49,0,0,0,49
01/23/2020,SGJ,FL,ASO,ES,Federal Contract Tower,0,2,36,0,38,0,0,5,0,5,0,2,41,0,43,6,0,6,49
01/24/2020,SGJ,FL,ASO,ES,Federal Contract Tower,0,7,62,1,70,0,2,125,4,131,0,9,187,5,201,376,8,384,585
01/25/2020,SGJ,FL,ASO,ES,Federal Contract Tower,0,9,48,0,57,0,16,222,0,238,0,25,270,0,295,370,0,370,665
01/26/2020,SGJ,FL,ASO,ES,Federal Contract Tower,0,6,41,0,47,0,8,199,0,207,0,14,240,0,254,281,0,281,535
01/27/2020,SGJ,FL,ASO,ES,Federal Contract Tower,0,5,38,2,45,0,0,176,4,180,0,5,214,6,225,365,0,365,590
01/28/2020,SGJ,FL,ASO,ES,Federal Contract Tower,0,9,36,3,48,0,4,194,15,213,0,13,230,18,261,437,12,449,710
01/29/2020,SGJ,FL,ASO,ES,Federal Contract Tower,0,5,40,3,48,0,12,148,0,160,0,17,188,3,208,220,0,220,428
01/30/2020,SGJ,FL,ASO,ES,Federal Contract Tower,0,4,39,4,47,0,0,5,1,6,0,4,44,5,53,0,0,0,53
01/31/2020,SGJ,FL,ASO,ES,Federal Contract Tower,0,14,49,2,65,0,2,82,2,86,0,16,131,4,151,342,0,342,493
02/01/2020,SGJ,FL,ASO,ES,Federal Contract Tower,0,0,32,0,32,0,0,6,0,6,0,0,38,0,38,94,0,94,132
02/02/2020,SGJ,FL,ASO,ES,Federal Contract Tower,0,4,36,2,42,0,8,153,0,161,0,12,189,2,203,242,0,242,445
02/03/2020,SGJ,FL,ASO,ES,Federal Contract Tower,0,2,36,2,40,0,2,191,0,193,0,4,227,2,233,458,0,458,691
02/04/2020,SGJ,FL,ASO,ES,Federal Contract Tower,0,3,36,9,48,0,2,171,5,178,0,5,207,14,226,404,0,404,630
02/05/2020,SGJ,FL,ASO,ES,Federal Contract Tower,0,4,46,1,51,0,0,185,3,188,0,4,231,4,239,360,0,360,599
02/06/2020,SGJ,FL,ASO,ES,Federal Contract Tower,0,0,23,5,28,0,0,11,2,13,0,0,34,7,41,6,4,10,51
02/07/2020,SGJ,FL,ASO,ES,Federal Contract Tower,0,6,35,1,42,0,6,67,0,73,0,12,102,1,115,52,2,54,169
02/08/2020,SGJ,FL,ASO,ES,Federal Contract Tower,0,3,54,1,58,0,8,242,2,252,0,11,296,3,310,394,6,400,710
02/09/2020,SGJ,FL,ASO,ES,Federal Contract Tower,0,8,46,0,54,0,14,162,0,176,0,22,208,0,230,352,0,352,582
02/10/2020,SGJ,FL,ASO,ES,Federal Contract Tower,0,3,41,0,44,0,2,138,0,140,0,5,179,0,184,304,0,304,488
02/11/2020,SGJ,FL,ASO,ES,Federal Contract Tower,0,3,49,1,53,0,12,124,6,142,0,15,173,7,195,274,12,286,481
02/12/2020,SGJ,FL,ASO,ES,Federal Contract Tower,0,9,40,2,51,0,6,82,10,98,0,15,122,12,149,236,8,244,393
02/13/2020,SGJ,FL,ASO,ES,Federal Contract Tower,0,5,54,2,61,0,0,83,3,86,0,5,137,5,147,80,4,84,231
02/14/2020,SGJ,FL,ASO,ES,Federal Contract Tower,0,9,53,0,62,0,12,13,0,25,0,21,66,0,87,0,0,0,87
02/15/2020,SGJ,FL,ASO,ES,Federal Contract Tower,0,5,50,0,55,0,24,151,4,179,0,29,201,4,234,184,0,184,418
02/16/2020,SGJ,FL,ASO,ES,Federal Contract Tower,0,12,29,0,41,0,12,103,0,115,0,24,132,0,156,340,0,340,496
02/17/2020,SGJ,FL,ASO,ES,Federal Contract Tower,0,12,32,0,44,0,0,0,0,0,0,12,32,0,44,0,0,0,44
02/18/2020,SGJ,FL,ASO,ES,Federal Contract Tower,0,1,34,3,38,0,4,134,4,142,0,5,168,7,180,348,0,348,528
02/19/2020,SGJ,FL,ASO,ES,Federal Contract Tower,0,3,49,4,56,0,0,126,2,128,0,3,175,6,184,298,4,302,486
02/20/2020,SGJ,FL,ASO,ES,Federal Contract Tower,0,8,69,0,77,0,0,0,0,0,0,8,69,0,77,0,0,0,77
02/21/2020,SGJ,FL,ASO,ES,Federal Contract Tower,0,2,30,3,35,0,6,7,0,13,0,8,37,3,48,2,0,2,50
02/22/2020,SGJ,FL,ASO,ES,Federal Contract Tower,0,5,34,0,39,0,14,83,2,99,0,19,117,2,138,72,2,74,212
02/23/2020,SGJ,FL,ASO,ES,Federal Contract Tower,0,5,51,0,56,0,8,271,0,279,0,13,322,0,335,388,0,388,723
02/24/2020,SGJ,FL,ASO,ES,Federal Contract Tower,0,8,42,0,50,0,4,162,3,169,0,12,204,3,219,302,0,302,521
02/25/2020,SGJ,FL,ASO,ES,Federal Contract Tower,0,10,34,3,47,0,0,29,0,29,0,10,63,3,76,94,4,98,174
02/26/2020,SGJ,FL,ASO,ES,Federal Contract Tower,0,0,28,2,30,0,0,59,2,61,0,0,87,4,91,86,6,92,183
02/27/2020,SGJ,FL,ASO,ES,Federal Contract Tower,0,2,46,2,50,0,3,214,2,219,0,5,260,4,269,424,2,426,695
02/28/2020,SGJ,FL,ASO,ES,Federal Contract Tower,0,3,46,3,52,0,0,232,4,236,0,3,278,7,288,360,4,364,652
02/29/2020,SGJ,FL,ASO,ES,Federal Contract Tower,0,6,32,0,38,0,10,98,0,108,0,16,130,0,146,140,0,140,286
03/01/2020,SGJ,FL,ASO,ES,Federal Contract Tower,0,0,32,0,32,0,6,217,1,224,0,6,249,1,256,276,0,276,532
03/02/2020,SGJ,FL,ASO,ES,Federal Contract Tower,0,3,46,6,55,0,2,142,0,144,0,5,188,6,199,266,0,266,465
03/03/2020,SGJ,FL,ASO,ES,Federal Contract Tower,0,3,20,0,23,0,2,110,5,117,0,5,130,5,140,188,2,190,330
03/04/2020,SGJ,FL,ASO,ES,Federal Contract Tower,0,5,41,4,50,0,2,129,2,133,0,7,170,6,183,272,4,276,459
03/05/2020,SGJ,FL,ASO,ES,Federal Contract Tower,0,4,35,2,41,0,4,24,0,28,0,8,59,2,69,6,8,14,83
03/06/2020,SGJ,FL,ASO,ES,Federal Contract Tower,0,2,55,4,61,0,0,173,3,176,0,2,228,7,237,398,0,398,635
03/07/2020,SGJ,FL,ASO,ES,Federal Contract Tower,0,3,33,5,41,0,0,111,0,111,0,3,144,5,152,116,0,116,268
03/08/2020,SGJ,FL,ASO,ES,Federal Contract Tower,0,1,29,0,30,0,0,96,0,96,0,1,125,0,126,136,0,136,262
03/09/2020,SGJ,FL,ASO,ES,Federal Contract Tower,0,10,52,4,66,0,2,180,0,182,0,12,232,4,248,446,0,446,694
03/10/2020,SGJ,FL,ASO,ES,Federal Contract Tower,0,19,53,3,75,0,10,185,4,199,0,29,238,7,274,392,0,392,666
03/11/2020,SGJ,FL,ASO,ES,Federal Contract Tower,0,13,34,3,50,0,8,214,1,223,0,21,248,4,273,446,0,446,719
03/12/2020,SGJ,FL,ASO,ES,Federal Contract Tower,0,9,53,4,66,0,0,183,0,183,0,9,236,4,249,368,0,368,617
03/13/2020,SGJ,FL,ASO,ES,Federal Contract Tower,0,26,63,1,90,0,7,250,1,258,0,33,313,2,348,430,0,430,778
03/14/2020,SGJ,FL,ASO,ES,Federal Contract Tower,0,7,33,0,40,0,14,187,1,202,0,21,220,1,242,440,0,440,682
03/15/2020,SGJ,FL,ASO,ES,Federal Contract Tower,0,8,41,2,51,0,6,156,0,162,0,14,197,2,213,360,0,360,573
03/16/2020,SGJ,FL,ASO,ES,Federal Contract Tower,0,6,48,1,55,0,4,94,0,98,0,10,142,1,153,389,0,389,542
03/17/2020,SGJ,FL,ASO,ES,Federal Contract Tower,0,3,40,3,46,0,10,130,0,140,0,13,170,3,186,323,0,323,509
03/18/2020,SGJ,FL,ASO,ES,Federal Contract Tower,0,5,29,8,42,0,4,181,4,189,0,9,210,12,231,376,14,390,621
03/19/2020,SGJ,FL,ASO,ES,Federal Contract Tower,0,5,27,0,32,0,10,171,1,182,0,15,198,1,214,282,0,282,496
03/20/2020,SGJ,FL,ASO,ES,Federal Contract Tower,0,4,43,3,50,0,2,126,1,129,0,6,169,4,179,235,0,235,414
03/21/2020,SGJ,FL,ASO,ES,Federal Contract Tower,0,2,37,0,39,0,6,150,0,156,0,8,187,0,195,388,0,388,583
03/22/2020,SGJ,FL,ASO,ES,Federal Contract Tower,0,2,24,0,26,0,0,128,0,128,0,2,152,0,154,280,0,280,434
03/23/2020,SGJ,FL,ASO,ES,Federal Contract Tower,0,2,15,1,18,0,2,153,2,157,0,4,168,3,175,298,0,298,473
03/24/2020,SGJ,FL,ASO,ES,Federal Contract Tower,0,1,29,7,37,0,0,134,2,136,0,1,163,9,173,337,2,339,512
03/25/2020,SGJ,FL,ASO,ES,Federal Contract Tower,0,2,26,4,32,0,0,37,2,39,0,2,63,6,71,18,0,18,89
03/26/2020,SGJ,FL,ASO,ES,Federal Contract Tower,0,0,39,1,40,0,2,104,1,107,0,2,143,2,147,338,20,358,505
03/27/2020,SGJ,FL,ASO,ES,Federal Contract Tower,0,3,36,4,43,0,4,103,2,109,0,7,139,6,152,176,0,176,328
03/28/2020,SGJ,FL,ASO,ES,Federal Contract Tower,0,0,17,2,19,0,0,180,0,180,0,0,197,2,199,312,0,312,511
03/29/2020,SGJ,FL,ASO,ES,Federal Contract Tower,0,2,11,0,13,0,2,134,0,136,0,4,145,0,149,266,0,266,415
03/30/2020,SGJ,FL,ASO,ES,Federal Contract Tower,0,0,11,0,11,0,0,114,2,116,0,0,125,2,127,294,0,294,421
04/01/2020,SGJ,FL,ASO,ES,Federal Contract Tower,0,0,23,1,24,0,2,104,2,108,0,2,127,3,132,220,4,224,356
04/02/2020,SGJ,FL,ASO,ES,Federal Contract Tower,0,9,14,1,24,0,0,166,2,168,0,9,180,3,192,483,8,491,683
04/03/2020,SGJ,FL,ASO,ES,Federal Contract Tower,0,0,15,0,15,0,0,115,0,115,0,0,130,0,130,279,0,279,409
04/04/2020,SGJ,FL,ASO,ES,Federal Contract Tower,0,0,10,0,10,0,0,120,0,120,0,0,130,0,130,271,0,271,401
04/05/2020,SGJ,FL,ASO,ES,Federal Contract Tower,0,2,20,0,22,0,0,40,0,40,0,2,60,0,62,184,0,184,246
04/06/2020,SGJ,FL,ASO,ES,Federal Contract Tower,0,2,16,0,18,0,0,126,1,127,0,2,142,1,145,214,2,216,361
04/07/2020,SGJ,FL,ASO,ES,Federal Contract Tower,0,2,31,0,33,0,6,202,0,208,0,8,233,0,241,303,0,303,544
04/08/2020,SGJ,FL,ASO,ES,Federal Contract Tower,0,1,23,5,29,0,0,50,4,54,0,1,73,9,83,88,22,110,193
04/09/2020,SGJ,FL,ASO,ES,Federal Contract Tower,0,1,18,1,20,0,0,66,2,68,0,1,84,3,88,129,8,137,225
04/10/2020,SGJ,FL,ASO,ES,Federal Contract Tower,0,2,15,0,17,0,0,93,0,93,0,2,108,0,110,380,0,380,490
04/11/2020,SGJ,FL,ASO,ES,Federal Contract Tower,0,0,26,0,26,0,4,194,0,198,0,4,220,0,224,470,0,470,694
04/12/2020,SGJ,FL,ASO,ES,Federal Contract Tower,0,2,3,0,5,0,0,3,0,3,0,2,6,0,8,0,0,0,8
04/13/2020,SGJ,FL,ASO,ES,Federal Contract Tower,0,0,8,0,8,0,0,7,0,7,0,0,15,0,15,10,0,10,25
04/14/2020,SGJ,FL,ASO,ES,Federal Contract Tower,0,0,0,2,2,0,0,5,0,5,0,0,5,2,7,33,0,33,40
04/15/2020,SGJ,FL,ASO,ES,Federal Contract Tower,0,4,7,0,11,0,0,2,0,2,0,4,9,0,13,0,0,0,13
04/16/2020,SGJ,FL,ASO,ES,Federal Contract Tower,0,1,13,0,14,0,2,44,3,49,0,3,57,3,63,6,0,6,69
04/17/2020,SGJ,FL,ASO,ES,Federal Contract Tower,0,2,23,4,29,0,0,95,0,95,0,2,118,4,124,399,8,407,531
04/18/2020,SGJ,FL,ASO,ES,Federal Contract Tower,0,2,9,0,11,0,0,42,6,48,0,2,51,6,59,218,0,218,277
04/19/2020,SGJ,FL,ASO,ES,Federal Contract Tower,0,1,7,0,8,0,0,79,0,79,0,1,86,0,87,152,0,152,239
04/20/2020,SGJ,FL,ASO,ES,Federal Contract Tower,0,2,8,0,10,0,0,22,3,25,0,2,30,3,35,58,18,76,111
04/21/2020,SGJ,FL,ASO,ES,Federal Contract Tower,0,2,12,7,21,0,0,213,2,215,0,2,225,9,236,361,0,361,597
04/22/2020,SGJ,FL,ASO,ES,Federal Contract Tower,0,2,7,5,14,0,0,176,0,176,0,2,183,5,190,330,0,330,520
04/23/2020,SGJ,FL,ASO,ES,Federal Contract Tower,0,0,9,2,11,0,2,57,6,65,0,2,66,8,76,86,10,96,172
04/24/2020,SGJ,FL,ASO,ES,Federal Contract Tower,0,0,16,0,16,0,0,19,2,21,0,0,35,2,37,10,0,10,47
04/25/2020,SGJ,FL,ASO,ES,Federal Contract Tower,0,4,22,0,26,0,2,68,0,70,0,6,90,0,96,292,0,292,388
04/26/2020,SGJ,FL,ASO,ES,Federal Contract Tower,0,0,14,0,14,0,8,92,0,100,0,8,106,0,114,246,0,246,360
04/27/2020,SGJ,FL,ASO,ES,Federal Contract Tower,0,0,28,1,29,0,6,114,3,123,0,6,142,4,152,188,0,188,340
04/28/2020,SGJ,FL,ASO,ES,Federal Contract Tower,0,1,22,1,24,0,6,147,3,156,0,7,169,4,180,273,28,301,481
04/29/2020,SGJ,FL,ASO,ES,Federal Contract Tower,0,3,17,0,20,0,0,67,1,68,0,3,84,1,88,85,0,85,173
04/30/2020,SGJ,FL,ASO,ES,Federal Contract Tower,0,2,25,1,28,0,2,69,3,74,0,4,94,4,102,206,18,224,326
05/01/2020,SGJ,FL,ASO,ES,Federal Contract Tower,0,1,24,4,29,0,0,94,0,94,0,1,118,4,123,128,4,132,255
05/02/2020,SGJ,FL,ASO,ES,Federal Contract Tower,0,0,15,0,15,0,4,123,0,127,0,4,138,0,142,326,0,326,468
05/03/2020,SGJ,FL,ASO,ES,Federal Contract Tower,0,0,17,0,17,0,2,106,0,108,0,2,123,0,125,134,0,134,259
05/04/2020,SGJ,FL,ASO,ES,Federal Contract Tower,0,4,23,2,29,0,0,126,2,128,0,4,149,4,157,200,0,200,357
05/05/2020,SGJ,FL,ASO,ES,Federal Contract Tower,0,5,14,1,20,0,0,116,4,120,0,5,130,5,140,160,6,166,306
05/06/2020,SGJ,FL,ASO,ES,Federal Contract Tower,0,6,17,2,25,0,0,78,0,78,0,6,95,2,103,144,0,144,247
05/07/2020,SGJ,FL,ASO,ES,Federal Contract Tower,0,2,42,0,44,0,7,161,2,170,0,9,203,2,214,88,3,91,305
05/08/2020,SGJ,FL,ASO,ES,Federal Contract Tower,0,2,25,0,27,0,5,74,2,81,0,7,99,2,108,171,0,171,279
05/09/2020,SGJ,FL,ASO,ES,Federal Contract Tower,0,1,18,0,19,0,4,33,0,37,0,5,51,0,56,78,0,78,134
05/10/2020,SGJ,FL,ASO,ES,Federal Contract Tower,0,3,15,0,18,0,2,16,0,18,0,5,31,0,36,32,0,32,68
05/11/2020,SGJ,FL,ASO,ES,Federal Contract Tower,0,2,25,2,29,0,10,120,5,135,0,12,145,7,164,277,0,277,441
05/12/2020,SGJ,FL,ASO,ES,Federal Contract Tower,0,0,29,1,30,0,6,131,0,137,0,6,160,1,167,223,0,223,390
05/13/2020,SGJ,FL,ASO,ES,Federal Contract Tower,0,2,23,4,29,0,0,118,0,118,0,2,141,4,147,298,0,298,445
05/14/2020,SGJ,FL,ASO,ES,Federal Contract Tower,0,7,21,0,28,0,0,100,0,100,0,7,121,0,128,122,0,122,250
05/15/2020,SGJ,FL,ASO,ES,Federal Contract Tower,0,6,19,1,26,0,2,117,0,119,0,8,136,1,145,258,0,258,403
05/16/2020,SGJ,FL,ASO,ES,Federal Contract Tower,0,2,23,0,25,0,4,58,0,62,0,6,81,0,87,84,0,84,171
05/17/2020,SGJ,FL,ASO,ES,Federal Contract Tower,0,0,33,0,33,0,8,47,0,55,0,8,80,0,88,94,0,94,182
05/18/2020,SGJ,FL,ASO,ES,Federal Contract Tower,0,4,22,0,26,0,0,82,0,82,0,4,104,0,108,114,0,114,222
05/19/2020,SGJ,FL,ASO,ES,Federal Contract Tower,0,1,38,1,40,0,10,130,5,145,0,11,168,6,185,270,6,276,461
05/20/2020,SGJ,FL,ASO,ES,Federal Contract Tower,0,6,33,0,39,0,2,118,0,120,0,8,151,0,159,216,10,226,385
05/21/2020,SGJ,FL,ASO,ES,Federal Contract Tower,0,3,27,0,30,0,0,140,6,146,0,3,167,6,176,348,0,348,524
05/22/2020,SGJ,FL,ASO,ES,Federal Contract Tower,0,2,41,2,45,0,2,183,0,185,0,4,224,2,230,324,14,338,568
05/23/2020,SGJ,FL,ASO,ES,Federal Contract Tower,0,3,33,0,36,0,9,112,5,126,0,12,145,5,162,230,0,230,392
05/24/2020,SGJ,FL,ASO,ES,Federal Contract Tower,0,7,21,0,28,0,8,100,0,108,0,15,121,0,136,121,0,121,257
05/25/2020,SGJ,FL,ASO,ES,Federal Contract Tower,0,10,14,0,24,0,0,25,0,25,0,10,39,0,49,30,0,30,79
05/26/2020,SGJ,FL,ASO,ES,Federal Contract Tower,0,7,11,0,18,0,0,0,0,0,0,7,11,0,18,0,0,0,18
05/27/2020,SGJ,FL,ASO,ES,Federal Contract Tower,0,4,33,1,38,0,0,19,0,19,0,4,52,1,57,2,0,2,59
05/28/2020,SGJ,FL,ASO,ES,Federal Contract Tower,0,4,35,8,47,0,0,71,0,71,0,4,106,8,118,190,0,190,308
05/29/2020,SGJ,FL,ASO,ES,Federal Contract Tower,0,1,17,0,18,0,10,106,1,117,0,11,123,1,135,198,0,198,333
05/30/2020,SGJ,FL,ASO,ES,Federal Contract Tower,0,3,36,0,39,0,14,87,0,101,0,17,123,0,140,158,0,158,298
05/31/2020,SGJ,FL,ASO,ES,Federal Contract Tower,0,4,32,2,38,0,17,76,2,95,0,21,108,4,133,74,0,74,207
06/01/2020,SGJ,FL,ASO,ES,Federal Contract Tower,0,3,33,2,38,0,2,63,2,67,0,5,96,4,105,102,0,102,207
06/02/2020,SGJ,FL,ASO,ES,Federal Contract Tower,0,5,41,1,47,0,3,122,0,125,0,8,163,1,172,200,4,204,376
06/03/2020,SGJ,FL,ASO,ES,Federal Contract Tower,0,5,28,1,34,0,0,129,0,129,0,5,157,1,163,169,0,169,332
06/04/2020,SGJ,FL,ASO,ES,Federal Contract Tower,0,5,10,0,15,0,0,7,2,9,0,5,17,2,24,32,8,40,64
06/05/2020,SGJ,FL,ASO,ES,Federal Contract Tower,0,4,31,4,39,0,2,74,0,76,0,6,105,4,115,100,0,100,215
06/06/2020,SGJ,FL,ASO,ES,Federal Contract Tower,0,3,9,0,12,0,0,21,0,21,0,3,30,0,33,36,0,36,69
06/07/2020,SGJ,FL,ASO,ES,Federal Contract Tower,0,7,13,0,20,0,0,0,0,0,0,7,13,0,20,0,0,0,20
06/08/2020,SGJ,FL,ASO,ES,Federal Contract Tower,0,4,28,1,33,0,2,42,0,44,0,6,70,1,77,40,0,40,117
06/09/2020,SGJ,FL,ASO,ES,Federal Contract Tower,0,1,28,3,32,0,2,94,2,98,0,3,122,5,130,168,6,174,304
06/10/2020,SGJ,FL,ASO,ES,Federal Contract Tower,0,4,41,3,48,0,8,105,6,119,0,12,146,9,167,200,6,206,373
06/11/2020,SGJ,FL,ASO,ES,Federal Contract Tower,0,1,41,3,45,0,18,151,3,172,0,19,192,6,217,298,16,314,531
06/12/2020,SGJ,FL,ASO,ES,Federal Contract Tower,0,4,26,0,30,0,6,150,0,156,0,10,176,0,186,236,0,236,422
06/13/2020,SGJ,FL,ASO,ES,Federal Contract Tower,0,1,19,4,24,0,20,53,0,73,0,21,72,4,97,102,2,104,201
06/14/2020,SGJ,FL,ASO,ES,Federal Contract Tower,0,2,15,0,17,0,4,38,2,44,0,6,53,2,61,34,0,34,95
06/15/2020,SGJ,FL,ASO,ES,Federal Contract Tower,0,4,29,5,38,0,22,104,0,126,0,26,133,5,164,186,0,186,350
06/16/2020,SGJ,FL,ASO,ES,Federal Contract Tower,0,7,45,11,63,0,3,175,8,186,0,10,220,19,249,281,0,281,530
06/17/2020,SGJ,FL,ASO,ES,Federal Contract Tower,0,4,37,5,46,0,2,117,3,122,0,6,154,8,168,284,28,312,480
06/18/2020,SGJ,FL,ASO,ES,Federal Contract Tower,0,6,31,7,44,0,11,122,2,135,0,17,153,9,179,205,2,207,386
06/19/2020,SGJ,FL,ASO,ES,Federal Contract Tower,0,2,31,2,35,0,6,84,0,90,0,8,115,2,125,112,4,116,241
06/20/2020,SGJ,FL,ASO,ES,Federal Contract Tower,0,3,20,0,23,0,20,56,0,76,0,23,76,0,99,72,0,72,171
06/21/2020,SGJ,FL,ASO,ES,Federal Contract Tower,0,4,29,0,33,0,20,75,0,95,0,24,104,0,128,66,0,66,194
06/22/2020,SGJ,FL,ASO,ES,Federal Contract Tower,0,3,29,3,35,0,8,133,6,147,0,11,162,9,182,165,0,165,347
06/23/2020,SGJ,FL,ASO,ES,Federal Contract Tower,0,5,31,0,36,0,1,84,0,85,0,6,115,0,121,124,0,124,245
06/24/2020,SGJ,FL,ASO,ES,Federal Contract Tower,0,7,30,2,39,0,0,115,1,116,0,7,145,3,155,162,0,162,317
06/25/2020,SGJ,FL,ASO,ES,Federal Contract Tower,0,8,29,0,37,0,32,161,0,193,0,40,190,0,230,250,6,256,486
06/26/2020,SGJ,FL,ASO,ES,Federal Contract Tower,0,5,55,3,63,0,10,105,3,118,0,15,160,6,181,172,0,172,353
06/27/2020,SGJ,FL,ASO,ES,Federal Contract Tower,0,7,40,2,49,0,8,79,0,87,0,15,119,2,136,116,2,118,254
06/28/2020,SGJ,FL,ASO,ES,Federal Contract Tower,0,3,26,1,30,0,18,56,0,74,0,21,82,1,104,28,0,28,132
06/29/2020,SGJ,FL,ASO,ES,Federal Contract Tower,0,5,30,4,39,0,8,106,0,114,0,13,136,4,153,178,0,178,331
06/30/2020,SGJ,FL,ASO,ES,Federal Contract Tower,0,5,31,3,39,0,1,99,10,110,0,6,130,13,149,156,8,164,313
07/01/2020,SGJ,FL,ASO,ES,Federal Contract Tower,0,5,34,0,39,0,0,119,0,119,0,5,153,0,158,172,10,182,340
07/02/2020,SGJ,FL,ASO,ES,Federal Contract Tower,0,2,29,2,33,0,16,69,4,89,0,18,98,6,122,162,6,168,290
07/03/2020,SGJ,FL,ASO,ES,Federal Contract Tower,0,4,24,0,28,0,0,81,0,81,0,4,105,0,109,120,0,120,229
07/04/2020,SGJ,FL,ASO,ES,Federal Contract Tower,0,2,11,0,13,0,14,47,0,61,0,16,58,0,74,52,0,52,126
07/05/2020,SGJ,FL,ASO,ES,Federal Contract Tower,0,2,21,0,23,0,8,30,0,38,0,10,51,0,61,22,0,22,83
07/06/2020,SGJ,FL,ASO,ES,Federal Contract Tower,0,3,29,2,34,0,4,50,2,56,0,7,79,4,90,72,4,76,166
07/07/2020,SGJ,FL,ASO,ES,Federal Contract Tower,0,5,19,4,28,0,0,60,0,60,0,5,79,4,88,78,0,78,166
07/08/2020,SGJ,FL,ASO,ES,Federal Contract Tower,0,4,21,0,25,0,0,46,0,46,0,4,67,0,71,110,0,110,181
07/09/2020,SGJ,FL,ASO,ES,Federal Contract Tower,0,5,22,3,30,0,6,101,4,111,0,11,123,7,141,80,14,94,235
07/10/2020,SGJ,FL,ASO,ES,Federal Contract Tower,0,3,28,0,31,0,14,80,0,94,0,17,108,0,125,90,0,90,215
07/11/2020,SGJ,FL,ASO,ES,Federal Contract Tower,0,1,21,4,26,0,12,79,1,92,0,13,100,5,118,102,0,102,220
07/12/2020,SGJ,FL,ASO,ES,Federal Contract Tower,0,5,28,0,33,0,20,91,0,111,0,25,119,0,144,108,0,108,252
07/13/2020,SGJ,FL,ASO,ES,Federal Contract Tower,0,3,27,0,30,0,10,88,0,98,0,13,115,0,128,166,0,166,294
07/14/2020,SGJ,FL,ASO,ES,Federal Contract Tower,0,3,39,1,43,0,4,86,0,90,0,7,125,1,133,110,0,110,243
07/15/2020,SGJ,FL,ASO,ES,Federal Contract Tower,0,3,37,3,43,0,2,96,2,100,0,5,133,5,143,106,20,126,269
07/16/2020,SGJ,FL,ASO,ES,Federal Contract Tower,0,8,46,0,54,0,10,120,0,130,0,18,166,0,184,206,0,206,390
07/17/2020,SGJ,FL,ASO,ES,Federal Contract Tower,0,4,47,0,51,0,4,87,0,91,0,8,134,0,142,186,0,186,328
07/18/2020,SGJ,FL,ASO,ES,Federal Contract Tower,0,0,29,3,32,0,22,120,2,144,0,22,149,5,176,122,6,128,304
07/19/2020,SGJ,FL,ASO,ES,Federal Contract Tower,0,6,21,9,36,0,6,75,1,82,0,12,96,10,118,82,0,82,200
07/20/2020,SGJ,FL,ASO,ES,Federal Contract Tower,0,2,26,2,30,0,4,81,2,87,0,6,107,4,117,152,0,152,269
07/21/2020,SGJ,FL,ASO,ES,Federal Contract Tower,0,5,46,1,52,0,0,120,4,124,0,5,166,5,176,310,2,312,488
07/22/2020,SGJ,FL,ASO,ES,Federal Contract Tower,0,9,21,0,30,0,0,44,2,46,0,9,65,2,76,62,8,70,146
07/23/2020,SGJ,FL,ASO,ES,Federal Contract Tower,0,5,26,0,31,0,0,46,2,48,0,5,72,2,79,102,2,104,183
07/24/2020,SGJ,FL,ASO,ES,Federal Contract Tower,0,4,33,3,40,0,10,130,0,140,0,14,163,3,180,186,0,186,366
07/25/2020,SGJ,FL,ASO,ES,Federal Contract Tower,0,11,33,3,47,0,12,88,1,101,0,23,121,4,148,140,0,140,288
07/26/2020,SGJ,FL,ASO,ES,Federal Contract Tower,0,3,13,0,16,0,24,67,0,91,0,27,80,0,107,126,0,126,233
07/27/2020,SGJ,FL,ASO,ES,Federal Contract Tower,0,3,24,0,27,0,2,58,0,60,0,5,82,0,87,172,2,174,261
07/28/2020,SGJ,FL,ASO,ES,Federal Contract Tower,0,10,40,0,50,0,2,71,6,79,0,12,111,6,129,74,0,74,203
07/29/2020,SGJ,FL,ASO,ES,Federal Contract Tower,0,6,20,0,26,0,0,89,2,91,0,6,109,2,117,148,8,156,273
07/30/2020,SGJ,FL,ASO,ES,Federal Contract Tower,0,5,41,0,46,0,6,94,4,104,0,11,135,4,150,87,0,87,237
07/31/2020,SGJ,FL,ASO,ES,Federal Contract Tower,0,6,50,0,56,0,6,89,0,95,0,12,139,0,151,88,0,88,239
08/01/2020,SGJ,FL,ASO,ES,Federal Contract Tower,0,8,23,0,31,0,4,74,0,78,0,12,97,0,109,79,0,79,188
08/02/2020,SGJ,FL,ASO,ES,Federal Contract Tower,0,2,16,0,18,0,0,6,0,6,0,2,22,0,24,18,0,18,42
08/03/2020,SGJ,FL,ASO,ES,Federal Contract Tower,0,4,9,0,13,0,0,17,0,17,0,4,26,0,30,20,0,20,50
08/04/2020,SGJ,FL,ASO,ES,Federal Contract Tower,0,6,34,0,40,0,0,101,8,109,0,6,135,8,149,142,0,142,291
08/05/2020,SGJ,FL,ASO,ES,Federal Contract Tower,0,5,25,5,35,0,0,117,6,123,0,5,142,11,158,281,0,281,439
08/06/2020,SGJ,FL,ASO,ES,Federal Contract Tower,0,9,22,0,31,0,12,78,8,98,0,21,100,8,129,141,10,151,280
08/07/2020,SGJ,FL,ASO,ES,Federal Contract Tower,0,2,30,0,32,0,7,94,0,101,0,9,124,0,133,178,0,178,311
08/08/2020,SGJ,FL,ASO,ES,Federal Contract Tower,0,4,31,0,35,0,32,116,0,148,0,36,147,0,183,204,0,204,387
08/09/2020,SGJ,FL,ASO,ES,Federal Contract Tower,0,4,16,0,20,0,18,55,0,73,0,22,71,0,93,104,0,104,197
08/10/2020,SGJ,FL,ASO,ES,Federal Contract Tower,0,3,19,0,22,0,4,70,2,76,0,7,89,2,98,122,0,122,220
08/11/2020,SGJ,FL,ASO,ES,Federal Contract Tower,0,5,23,1,29,0,58,0,0,58,0,63,23,1,87,88,0,88,175
08/12/2020,SGJ,FL,ASO,ES,Federal Contract Tower,0,14,32,3,49,0,0,79,0,79,0,14,111,3,128,114,1,115,243
08/13/2020,SGJ,FL,ASO,ES,Federal Contract Tower,0,8,21,0,29,0,20,126,2,148,0,28,147,2,177,220,2,222,399
08/14/2020,SGJ,FL,ASO,ES,Federal Contract Tower,0,2,19,0,21,0,6,86,0,92,0,8,105,0,113,162,0,162,275
08/15/2020,SGJ,FL,ASO,ES,Federal Contract Tower,0,1,29,0,30,0,2,71,2,75,0,3,100,2,105,100,0,100,205
08/16/2020,SGJ,FL,ASO,ES,Federal Contract Tower,0,2,22,0,24,0,14,63,0,77,0,16,85,0,101,118,8,126,227
08/17/2020,SGJ,FL,ASO,ES,Federal Contract Tower,0,2,12,2,16,0,20,55,2,77,0,22,67,4,93,144,2,146,239
08/18/2020,SGJ,FL,ASO,ES,Federal Contract Tower,0,6,21,4,31,0,0,49,1,50,0,6,70,5,81,128,0,128,209
08/19/2020,SGJ,FL,ASO,ES,Federal Contract Tower,0,8,25,0,33,0,0,92,4,96,0,8,117,4,129,189,12,201,330
08/20/2020,SGJ,FL,ASO,ES,Federal Contract Tower,0,5,16,1,22,0,10,103,17,130,0,15,119,18,152,216,22,238,390
08/21/2020,SGJ,FL,ASO,ES,Federal Contract Tower,0,1,28,0,29,0,4,81,0,85,0,5,109,0,114,246,0,246,360
08/22/2020,SGJ,FL,ASO,ES,Federal Contract Tower,0,2,28,0,30,0,14,66,0,80,0,16,94,0,110,159,0,159,269
08/23/2020,SGJ,FL,ASO,ES,Federal Contract Tower,0,9,38,1,48,0,20,86,0,106,0,29,124,1,154,126,0,126,280
08/24/2020,SGJ,FL,ASO,ES,Federal Contract Tower,0,1,27,1,29,0,4,25,0,29,0,5,52,1,58,62,0,62,120
08/25/2020,SGJ,FL,ASO,ES,Federal Contract Tower,0,0,53,5,58,0,0,77,0,77,0,0,130,5,135,180,8,188,323
08/26/2020,SGJ,FL,ASO,ES,Federal Contract Tower,0,5,47,2,54,0,0,83,0,83,0,5,130,2,137,166,22,188,325
08/27/2020,SGJ,FL,ASO,ES,Federal Contract Tower,0,7,47,6,60,0,12,96,1,109,0,19,143,7,169,162,18,180,349
08/28/2020,SGJ,FL,ASO,ES,Federal Contract Tower,0,2,36,1,39,0,15,99,0,114,0,17,135,1,153,154,0,154,307
08/29/2020,SGJ,FL,ASO,ES,Federal Contract Tower,0,4,22,0,26,0,8,53,0,61,0,12,75,0,87,106,0,106,193
08/30/2020,SGJ,FL,ASO,ES,Federal Contract Tower,0,9,16,0,25,0,5,13,2,20,0,14,29,2,45,16,0,16,61
08/31/2020,SGJ,FL,ASO,ES,Federal Contract Tower,0,2,27,1,30,0,2,14,4,20,0,4,41,5,50,10,2,12,62
09/01/2020,SGJ,FL,ASO,ES,Federal Contract Tower,0,11,34,0,45,0,0,28,6,34,0,11,62,6,79,42,0,42,121
09/02/2020,SGJ,FL,ASO,ES,Federal Contract Tower,0,0,38,0,38,0,0,55,8,63,0,0,93,8,101,144,0,144,245
09/03/2020,SGJ,FL,ASO,ES,Federal Contract Tower,0,0,26,2,28,0,0,112,0,112,0,0,138,2,140,230,0,230,370
09/04/2020,SGJ,FL,ASO,ES,Federal Contract Tower,0,10,39,0,49,0,10,119,2,131,0,20,158,2,180,234,0,234,414
09/05/2020,SGJ,FL,ASO,ES,Federal Contract Tower,0,7,20,0,27,0,16,127,0,143,0,23,147,0,170,222,0,222,392
09/06/2020,SGJ,FL,ASO,ES,Federal Contract Tower,0,6,15,0,21,0,26,68,0,94,0,32,83,0,115,84,0,84,199
09/07/2020,SGJ,FL,ASO,ES,Federal Contract Tower,0,6,35,0,41,0,16,68,0,84,0,22,103,0,125,122,0,122,247
09/08/2020,SGJ,FL,ASO,ES,Federal Contract Tower,0,3,17,1,21,0,4,66,17,87,0,7,83,18,108,112,0,112,220
09/09/2020,SGJ,FL,ASO,ES,Federal Contract Tower,0,8,27,4,39,0,0,73,1,74,0,8,100,5,113,58,2,60,173
09/10/2020,SGJ,FL,ASO,ES,Federal Contract Tower,0,4,37,1,42,0,10,73,2,85,0,14,110,3,127,151,6,157,284
09/11/2020,SGJ,FL,ASO,ES,Federal Contract Tower,0,1,27,6,34,0,0,62,6,68,0,1,89,12,102,57,33,90,192
09/12/2020,SGJ,FL,ASO,ES,Federal Contract Tower,0,4,25,1,30,0,0,23,0,23,0,4,48,1,53,46,0,46,99
09/13/2020,SGJ,FL,ASO,ES,Federal Contract Tower,0,7,11,2,20,0,6,3,0,9,0,13,14,2,29,26,0,26,55
09/14/2020,SGJ,FL,ASO,ES,Federal Contract Tower,0,6,32,1,39,0,10,72,0,82,0,16,104,1,121,152,0,152,273
09/15/2020,SGJ,FL,ASO,ES,Federal Contract Tower,0,4,49,0,53,0,4,78,16,98,0,8,127,16,151,196,6,202,353
09/16/2020,SGJ,FL,ASO,ES,Federal Contract Tower,0,6,41,0,47,0,11,68,0,79,0,17,109,0,126,158,12,170,296
09/17/2020,SGJ,FL,ASO,ES,Federal Contract Tower,0,6,17,3,26,0,6,42,2,50,0,12,59,5,76,44,8,52,128
09/18/2020,SGJ,FL,ASO,ES,Federal Contract Tower,0,3,45,3,51,0,12,107,1,120,0,15,152,4,171,172,6,178,349
09/19/2020,SGJ,FL,ASO,ES,Federal Contract Tower,0,6,15,0,21,0,2,3,0,5,0,8,18,0,26,0,0,0,26
09/20/2020,SGJ,FL,ASO,ES,Federal Contract Tower,0,0,8,0,8,0,5,2,1,8,0,5,10,1,16,0,0,0,16
09/21/2020,SGJ,FL,ASO,ES,Federal Contract Tower,0,5,10,0,15,0,7,6,0,13,0,12,16,0,28,0,2,2,30
09/22/2020,SGJ,FL,ASO,ES,Federal Contract Tower,0,8,24,0,32,0,2,74,6,82,0,10,98,6,114,78,2,80,194
09/23/2020,SGJ,FL,ASO,ES,Federal Contract Tower,0,6,37,0,43,0,0,149,7,156,0,6,186,7,199,236,0,236,435
09/24/2020,SGJ,FL,ASO,ES,Federal Contract Tower,0,9,34,0,43,0,16,111,0,127,0,25,145,0,170,212,0,212,382
09/25/2020,SGJ,FL,ASO,ES,Federal Contract Tower,0,12,43,4,59,0,10,85,0,95,0,22,128,4,154,224,0,224,378
09/26/2020,SGJ,FL,ASO,ES,Federal Contract Tower,0,8,36,0,44,0,22,171,2,195,0,30,207,2,239,326,0,326,565
09/27/2020,SGJ,FL,ASO,ES,Federal Contract Tower,0,4,25,0,29,0,0,19,0,19,0,4,44,0,48,32,0,32,80
09/28/2020,SGJ,FL,ASO,ES,Federal Contract Tower,0,3,17,1,21,0,2,33,0,35,0,5,50,1,56,68,0,68,124
09/29/2020,SGJ,FL,ASO,ES,Federal Contract Tower,0,2,22,2,26,0,0,25,0,25,0,2,47,2,51,50,2,52,103
09/30/2020,SGJ,FL,ASO,ES,Federal Contract Tower,0,5,59,0,64,0,0,113,1,114,0,5,172,1,178,182,0,182,360
10/01/2020,SGJ,FL,ASO,ES,Federal Contract Tower,0,3,49,1,53,0,4,163,1,168,0,7,212,2,221,323,0,323,544
10/02/2020,SGJ,FL,ASO,ES,Federal Contract Tower,0,9,44,9,62,0,12,133,4,149,0,21,177,13,211,174,4,178,389
10/03/2020,SGJ,FL,ASO,ES,Federal Contract Tower,0,5,28,0,33,0,20,51,0,71,0,25,79,0,104,76,0,76,180
10/04/2020,SGJ,FL,ASO,ES,Federal Contract Tower,0,8,47,0,55,0,0,1,0,1,0,8,48,0,56,0,0,0,56
10/05/2020,SGJ,FL,ASO,ES,Federal Contract Tower,0,4,24,0,28,0,2,0,0,2,0,6,24,0,30,0,0,0,30
10/06/2020,SGJ,FL,ASO,ES,Federal Contract Tower,0,12,45,0,57,0,10,99,4,113,0,22,144,4,170,210,6,216,386
10/07/2020,SGJ,FL,ASO,ES,Federal Contract Tower,0,2,42,2,46,0,0,0,0,0,0,2,42,2,46,6,0,6,52
10/08/2020,SGJ,FL,ASO,ES,Federal Contract Tower,0,6,50,4,60,0,6,50,0,56,0,12,100,4,116,124,0,124,240
10/09/2020,SGJ,FL,ASO,ES,Federal Contract Tower,0,3,30,0,33,0,4,29,6,39,0,7,59,6,72,32,0,32,104
10/10/2020,SGJ,FL,ASO,ES,Federal Contract Tower,0,4,31,0,35,0,8,92,2,102,0,12,123,2,137,132,0,132,269
10/11/2020,SGJ,FL,ASO,ES,Federal Contract Tower,0,7,28,0,35,0,2,30,0,32,0,9,58,0,67,50,0,50,117
10/12/2020,SGJ,FL,ASO,ES,Federal Contract Tower,0,8,44,0,52,0,4,111,0,115,0,12,155,0,167,312,0,312,479
10/13/2020,SGJ,FL,ASO,ES,Federal Contract Tower,0,9,33,0,42,0,0,177,5,182,0,9,210,5,224,330,0,330,554
10/14/2020,SGJ,FL,ASO,ES,Federal Contract Tower,0,5,44,1,50,0,0,161,3,164,0,5,205,4,214,300,0,300,514
10/15/2020,SGJ,FL,ASO,ES,Federal Contract Tower,0,10,34,2,46,0,4,97,2,103,0,14,131,4,149,172,0,172,321
10/16/2020,SGJ,FL,ASO,ES,Federal Contract Tower,0,10,40,0,50,0,5,101,0,106,0,15,141,0,156,138,6,144,300
10/17/2020,SGJ,FL,ASO,ES,Federal Contract Tower,0,8,19,0,27,0,20,68,0,88,0,28,87,0,115,116,0,116,231
10/18/2020,SGJ,FL,ASO,ES,Federal Contract Tower,0,11,17,0,28,0,22,44,0,66,0,33,61,0,94,12,0,12,106
10/19/2020,SGJ,FL,ASO,ES,Federal Contract Tower,0,2,18,2,22,0,8,28,0,36,0,10,46,2,58,32,0,32,90
10/20/2020,SGJ,FL,ASO,ES,Federal Contract Tower,0,25,29,0,54,0,0,81,4,85,0,25,110,4,139,188,4,192,331
10/21/2020,SGJ,FL,ASO,ES,Federal Contract Tower,0,3,39,0,42,0,0,60,7,67,0,3,99,7,109,136,14,150,259
10/22/2020,SGJ,FL,ASO,ES,Federal Contract Tower,0,6,30,1,37,0,0,75,1,76,0,6,105,2,113,106,6,112,225
10/23/2020,SGJ,FL,ASO,ES,Federal Contract Tower,0,0,45,0,45,0,0,65,0,65,0,0,110,0,110,246,0,246,356
10/24/2020,SGJ,FL,ASO,ES,Federal Contract Tower,0,10,34,0,44,0,0,114,1,115,0,10,148,1,159,142,4,146,305
10/25/2020,SGJ,FL,ASO,ES,Federal Contract Tower,0,6,40,0,46,0,0,111,0,111,0,6,151,0,157,120,0,120,277
10/26/2020,SGJ,FL,ASO,ES,Federal Contract Tower,0,9,45,0,54,0,0,70,0,70,0,9,115,0,124,118,0,118,242
10/27/2020,SGJ,FL,ASO,ES,Federal Contract Tower,0,11,29,0,40,0,16,88,0,104,0,27,117,0,144,170,0,170,314
10/28/2020,SGJ,FL,ASO,ES,Federal Contract Tower,0,7,49,2,58,0,12,106,7,125,0,19,155,9,183,280,0,280,463
10/29/2020,SGJ,FL,ASO,ES,Federal Contract Tower,0,8,38,0,46,0,8,22,0,30,0,16,60,0,76,6,10,16,92
10/30/2020,SGJ,FL,ASO,ES,Federal Contract Tower,0,12,40,3,55,0,6,159,1,166,0,18,199,4,221,270,2,272,493
10/31/2020,SGJ,FL,ASO,ES,Federal Contract Tower,0,6,25,0,31,0,24,89,0,113,0,30,114,0,144,64,0,64,208
11/01/2020,SGJ,FL,ASO,ES,Federal Contract Tower,0,1,33,0,34,0,10,44,0,54,0,11,77,0,88,74,0,74,162
11/02/2020,SGJ,FL,ASO,ES,Federal Contract Tower,0,4,19,0,23,0,8,31,0,39,0,12,50,0,62,4,0,4,66
11/03/2020,SGJ,FL,ASO,ES,Federal Contract Tower,0,3,33,3,39,0,0,136,2,138,0,3,169,5,177,206,0,206,383
11/04/2020,SGJ,FL,ASO,ES,Federal Contract Tower,0,10,43,0,53,0,0,118,2,120,0,10,161,2,173,234,2,236,409
11/05/2020,SGJ,FL,ASO,ES,Federal Contract Tower,0,5,34,2,41,0,4,71,0,75,0,9,105,2,116,132,8,140,256
11/06/2020,SGJ,FL,ASO,ES,Federal Contract Tower,0,3,53,2,58,0,0,54,0,54,0,3,107,2,112,64,0,64,176
11/07/2020,SGJ,FL,ASO,ES,Federal Contract Tower,0,3,20,0,23,0,6,54,0,60,0,9,74,0,83,76,0,76,159
11/08/2020,SGJ,FL,ASO,ES,Federal Contract Tower,0,6,25,0,31,0,2,23,0,25,0,8,48,0,56,14,0,14,70
11/09/2020,SGJ,FL,ASO,ES,Federal Contract Tower,0,7,21,1,29,0,0,1,0,1,0,7,22,1,30,0,0,0,30
11/10/2020,SGJ,FL,ASO,ES,Federal Contract Tower,0,1,21,4,26,0,2,20,0,22,0,3,41,4,48,12,0,12,60
11/11/2020,SGJ,FL,ASO,ES,Federal Contract Tower,0,2,37,0,39,0,1,10,0,11,0,3,47,0,50,8,0,8,58
11/12/2020,SGJ,FL,ASO,ES,Federal Contract Tower,0,4,6,0,10,0,0,5,0,5,0,4,11,0,15,2,0,2,17
11/13/2020,SGJ,FL,ASO,ES,Federal Contract Tower,0,11,38,4,53,0,0,57,1,58,0,11,95,5,111,130,0,130,241
11/14/2020,SGJ,FL,ASO,ES,Federal Contract Tower,0,9,41,0,50,0,28,139,0,167,0,37,180,0,217,282,0,282,499
11/15/2020,SGJ,FL,ASO,ES,Federal Contract Tower,0,4,39,1,44,0,32,125,0,157,0,36,164,1,201,197,0,197,398
11/16/2020,SGJ,FL,ASO,ES,Federal Contract Tower,0,15,33,0,48,0,6,133,11,150,0,21,166,11,198,346,6,352,550
11/17/2020,SGJ,FL,ASO,ES,Federal Contract Tower,0,7,52,2,61,0,10,153,1,164,0,17,205,3,225,286,6,292,517
11/18/2020,SGJ,FL,ASO,ES,Federal Contract Tower,0,3,23,2,28,0,0,72,4,76,0,3,95,6,104,80,4,84,188
11/19/2020,SGJ,FL,ASO,ES,Federal Contract Tower,0,14,47,0,61,0,4,102,4,110,0,18,149,4,171,179,8,187,358
11/20/2020,SGJ,FL,ASO,ES,Federal Contract Tower,0,6,53,1,60,0,0,100,1,101,0,6,153,2,161,172,0,172,333
11/21/2020,SGJ,FL,ASO,ES,Federal Contract Tower,0,4,34,0,38,0,12,85,0,97,0,16,119,0,135,124,0,124,259
11/22/2020,SGJ,FL,ASO,ES,Federal Contract Tower,0,2,32,0,34,0,0,0,0,0,0,2,32,0,34,0,0,0,34
11/23/2020,SGJ,FL,ASO,ES,Federal Contract Tower,0,13,44,0,57,0,20,152,8,180,0,33,196,8,237,325,4,329,566
11/24/2020,SGJ,FL,ASO,ES,Federal Contract Tower,0,9,46,1,56,0,11,158,4,173,0,20,204,5,229,265,4,269,498
11/25/2020,SGJ,FL,ASO,ES,Federal Contract Tower,0,11,54,0,65,0,0,170,2,172,0,11,224,2,237,299,0,299,536
11/26/2020,SGJ,FL,ASO,ES,Federal Contract Tower,0,0,4,0,4,0,0,35,0,35,0,0,39,0,39,89,0,89,128
11/27/2020,SGJ,FL,ASO,ES,Federal Contract Tower,0,9,40,0,49,0,24,112,0,136,0,33,152,0,185,164,0,164,349
11/28/2020,SGJ,FL,ASO,ES,Federal Contract Tower,0,2,32,0,34,0,18,64,0,82,0,20,96,0,116,146,0,146,262
11/29/2020,SGJ,FL,ASO,ES,Federal Contract Tower,0,6,45,0,51,0,24,25,0,49,0,30,70,0,100,24,0,24,124
11/30/2020,SGJ,FL,ASO,ES,Federal Contract Tower,0,10,33,1,44,0,24,48,3,75,0,34,81,4,119,86,0,86,205
12/01/2020,SGJ,FL,ASO,ES,Federal Contract Tower,0,9,43,0,52,0,6,113,4,123,0,15,156,4,175,147,0,147,322
12/02/2020,SGJ,FL,ASO,ES,Federal Contract Tower,0,22,53,2,77,0,3,150,4,157,0,25,203,6,234,298,0,298,532
12/03/2020,SGJ,FL,ASO,ES,Federal Contract Tower,0,11,43,0,54,0,12,129,2,143,0,23,172,2,197,314,0,314,511
12/04/2020,SGJ,FL,ASO,ES,Federal Contract Tower,0,6,37,2,45,0,14,83,2,99,0,20,120,4,144,199,2,201,345
12/05/2020,SGJ,FL,ASO,ES,Federal Contract Tower,0,8,23,1,32,0,32,129,0,161,0,40,152,1,193,280,0,280,473
12/06/2020,SGJ,FL,ASO,ES,Federal Contract Tower,0,4,23,0,27,0,18,105,0,123,0,22,128,0,150,84,0,84,234
12/07/2020,SGJ,FL,ASO,ES,Federal Contract Tower,0,8,42,0,50,0,6,68,0,74,0,14,110,0,124,190,0,190,314
12/08/2020,SGJ,FL,ASO,ES,Federal Contract Tower,0,9,36,4,49,0,2,117,1,120,0,11,153,5,169,254,0,254,423
12/09/2020,SGJ,FL,ASO,ES,Federal Contract Tower,0,4,38,0,42,0,0,172,1,173,0,4,210,1,215,360,0,360,575
12/10/2020,SGJ,FL,ASO,ES,Federal Contract Tower,0,12,29,0,41,0,0,130,9,139,0,12,159,9,180,152,30,182,362
12/11/2020,SGJ,FL,ASO,ES,Federal Contract Tower,0,5,28,0,33,0,16,148,0,164,0,21,176,0,197,322,0,322,519
12/12/2020,SGJ,FL,ASO,ES,Federal Contract Tower,0,8,25,2,35,0,18,61,0,79,0,26,86,2,114,154,0,154,268
12/13/2020,SGJ,FL,ASO,ES,Federal Contract Tower,0,2,47,2,51,0,0,4,0,4,0,2,51,2,55,0,0,0,55
12/14/2020,SGJ,FL,ASO,ES,Federal Contract Tower,0,6,23,0,29,2,5,38,0,45,2,11,61,0,74,22,6,28,102
12/15/2020,SGJ,FL,ASO,ES,Federal Contract Tower,0,17,46,4,67,0,0,44,6,50,0,17,90,10,117,108,8,116,233
12/16/2020,SGJ,FL,ASO,ES,Federal Contract Tower,0,4,20,1,25,0,0,0,0,0,0,4,20,1,25,0,0,0,25
12/17/2020,SGJ,FL,ASO,ES,Federal Contract Tower,0,3,45,2,50,0,6,58,0,64,0,9,103,2,114,150,8,158,272
12/18/2020,SGJ,FL,ASO,ES,Federal Contract Tower,0,6,22,0,28,0,10,140,0,150,0,16,162,0,178,242,22,264,442
12/19/2020,SGJ,FL,ASO,ES,Federal Contract Tower,0,8,39,0,47,0,20,90,0,110,0,28,129,0,157,72,0,72,229
12/20/2020,SGJ,FL,ASO,ES,Federal Contract Tower,0,3,17,0,20,0,10,29,0,39,0,13,46,0,59,18,0,18,77
12/21/2020,SGJ,FL,ASO,ES,Federal Contract Tower,0,6,31,1,38,0,26,110,3,139,0,32,141,4,177,182,8,190,367
12/22/2020,SGJ,FL,ASO,ES,Federal Contract Tower,0,11,36,0,47,0,10,125,2,137,0,21,161,2,184,182,0,182,366
12/23/2020,SGJ,FL,ASO,ES,Federal Contract Tower,0,7,24,0,31,0,4,129,0,133,0,11,153,0,164,235,0,235,399
12/24/2020,SGJ,FL,ASO,ES,Federal Contract Tower,0,9,13,0,22,0,24,32,0,56,0,33,45,0,78,50,0,50,128
12/25/2020,SGJ,FL,ASO,ES,Federal Contract Tower,0,6,5,0,11,0,0,5,0,5,0,6,10,0,16,0,0,0,16
12/26/2020,SGJ,FL,ASO,ES,Federal Contract Tower,0,4,34,0,38,0,10,91,0,101,0,14,125,0,139,127,0,127,266
12/27/2020,SGJ,FL,ASO,ES,Federal Contract Tower,0,17,23,0,40,0,0,99,0,99,0,17,122,0,139,110,0,110,249
12/28/2020,SGJ,FL,ASO,ES,Federal Contract Tower,0,1,21,0,22,0,2,117,0,119,0,3,138,0,141,200,0,200,341
12/29/2020,SGJ,FL,ASO,ES,Federal Contract Tower,0,1,25,0,26,0,20,142,2,164,0,21,167,2,190,230,4,234,424
12/30/2020,SGJ,FL,ASO,ES,Federal Contract Tower,0,15,45,0,60,0,16,92,4,112,0,31,137,4,172,172,0,172,344
12/31/2020,SGJ,FL,ASO,ES,Federal Contract Tower,0,3,13,0,16,0,36,64,1,101,0,39,77,1,117,38,0,38,155
01/01/2021,SGJ,FL,ASO,ES,Federal Contract Tower,0,4,14,0,18,0,0,38,0,38,0,4,52,0,56,102,0,102,158
01/02/2021,SGJ,FL,ASO,ES,Federal Contract Tower,0,7,70,2,79,0,28,48,0,76,0,35,118,2,155,70,0,70,225
01/03/2021,SGJ,FL,ASO,ES,Federal Contract Tower,0,8,41,0,49,0,16,66,0,82,0,24,107,0,131,82,0,82,213
01/04/2021,SGJ,FL,ASO,ES,Federal Contract Tower,0,10,25,0,35,0,16,128,6,150,0,26,153,6,185,226,0,226,411
01/05/2021,SGJ,FL,ASO,ES,Federal Contract Tower,0,11,34,2,47,0,0,136,0,136,0,11,170,2,183,134,0,134,317
01/06/2021,SGJ,FL,ASO,ES,Federal Contract Tower,0,12,38,0,50,0,2,114,0,116,0,14,152,0,166,226,14,240,406
01/07/2021,SGJ,FL,ASO,ES,Federal Contract Tower,0,4,22,3,29,0,8,106,4,118,0,12,128,7,147,192,8,200,347
01/08/2021,SGJ,FL,ASO,ES,Federal Contract Tower,0,12,36,7,55,0,7,60,2,69,0,19,96,9,124,46,0,46,170
01/09/2021,SGJ,FL,ASO,ES,Federal Contract Tower,0,2,32,4,38,0,16,50,0,66,0,18,82,4,104,54,0,54,158
01/10/2021,SGJ,FL,ASO,ES,Federal Contract Tower,0,12,14,4,30,0,14,106,5,125,0,26,120,9,155,122,15,137,292
01/11/2021,SGJ,FL,ASO,ES,Federal Contract Tower,0,6,24,2,32,0,6,110,6,122,0,12,134,8,154,202,4,206,360
01/12/2021,SGJ,FL,ASO,ES,Federal Contract Tower,0,18,40,3,61,0,0,50,4,54,0,18,90,7,115,221,4,225,340
01/13/2021,SGJ,FL,ASO,ES,Federal Contract Tower,0,8,34,2,44,0,0,68,0,68,0,8,102,2,112,146,32,178,290
01/14/2021,SGJ,FL,ASO,ES,Federal Contract Tower,0,4,38,0,42,0,8,143,1,152,0,12,181,1,194,316,0,316,510
01/15/2021,SGJ,FL,ASO,ES,Federal Contract Tower,0,3,32,0,35,0,6,77,0,83,0,9,109,0,118,129,0,129,247
01/16/2021,SGJ,FL,ASO,ES,Federal Contract Tower,0,4,25,1,30,0,20,69,0,89,0,24,94,1,119,42,0,42,161
01/17/2021,SGJ,FL,ASO,ES,Federal Contract Tower,0,0,40,0,40,0,18,113,0,131,0,18,153,0,171,82,0,82,253
01/18/2021,SGJ,FL,ASO,ES,Federal Contract Tower,0,5,26,0,31,0,16,150,0,166,0,21,176,0,197,276,0,276,473
01/19/2021,SGJ,FL,ASO,ES,Federal Contract Tower,0,9,33,0,42,0,2,130,14,146,0,11,163,14,188,185,16,201,389
01/20/2021,SGJ,FL,ASO,ES,Federal Contract Tower,0,5,47,2,54,0,0,134,7,141,0,5,181,9,195,192,10,202,397
01/21/2021,SGJ,FL,ASO,ES,Federal Contract Tower,0,8,43,7,58,0,10,134,5,149,0,18,177,12,207,146,2,148,355
01/22/2021,SGJ,FL,ASO,ES,Federal Contract Tower,0,3,39,12,54,0,2,11,0,13,0,5,50,12,67,38,0,38,105
01/23/2021,SGJ,FL,ASO,ES,Federal Contract Tower,0,5,59,0,64,0,0,19,0,19,0,5,78,0,83,20,0,20,103
01/24/2021,SGJ,FL,ASO,ES,Federal Contract Tower,0,8,66,2,76,0,8,28,1,37,0,16,94,3,113,62,0,62,175
01/25/2021,SGJ,FL,ASO,ES,Federal Contract Tower,0,8,56,2,66,0,0,65,2,67,0,8,121,4,133,112,0,112,245
01/26/2021,SGJ,FL,ASO,ES,Federal Contract Tower,0,11,50,2,63,0,0,142,8,150,0,11,192,10,213,298,14,312,525
01/27/2021,SGJ,FL,ASO,ES,Federal Contract Tower,0,8,43,2,53,0,0,7,0,7,0,8,50,2,60,24,4,28,88
01/28/2021,SGJ,FL,ASO,ES,Federal Contract Tower,0,5,37,0,42,0,8,85,0,93,0,13,122,0,135,96,8,104,239
01/29/2021,SGJ,FL,ASO,ES,Federal Contract Tower,0,2,43,0,45,0,8,174,0,182,0,10,217,0,227,318,0,318,545
01/30/2021,SGJ,FL,ASO,ES,Federal Contract Tower,0,6,31,0,37,0,12,162,0,174,0,18,193,0,211,184,0,184,395
01/31/2021,SGJ,FL,ASO,ES,Federal Contract Tower,0,9,27,3,39,0,2,52,0,54,0,11,79,3,93,26,0,26,119
02/01/2021,SGJ,FL,ASO,ES,Federal Contract Tower,0,4,12,1,17,0,0,17,0,17,0,4,29,1,34,58,0,58,92
02/02/2021,SGJ,FL,ASO,ES,Federal Contract Tower,0,5,39,1,45,0,4,43,2,49,0,9,82,3,94,78,4,82,176
02/03/2021,SGJ,FL,ASO,ES,Federal Contract Tower,0,8,48,4,60,0,0,150,1,151,0,8,198,5,211,242,0,242,453
02/04/2021,SGJ,FL,ASO,ES,Federal Contract Tower,0,7,34,0,41,0,4,123,0,127,0,11,157,0,168,173,0,173,341
02/05/2021,SGJ,FL,ASO,ES,Federal Contract Tower,0,7,42,3,52,0,0,70,6,76,0,7,112,9,128,146,6,152,280
02/06/2021,SGJ,FL,ASO,ES,Federal Contract Tower,0,7,35,0,42,0,2,0,0,2,0,9,35,0,44,2,0,2,46
02/07/2021,SGJ,FL,ASO,ES,Federal Contract Tower,0,9,17,0,26,0,4,37,0,41,0,13,54,0,67,64,0,64,131
02/08/2021,SGJ,FL,ASO,ES,Federal Contract Tower,0,8,45,1,54,0,4,98,0,102,0,12,143,1,156,204,0,204,360
02/09/2021,SGJ,FL,ASO,ES,Federal Contract Tower,0,10,21,0,31,0,0,11,0,11,0,10,32,0,42,0,0,0,42
02/10/2021,SGJ,FL,ASO,ES,Federal Contract Tower,0,10,23,3,36,0,0,0,0,0,0,10,23,3,36,0,0,0,36
02/11/2021,SGJ,FL,ASO,ES,Federal Contract Tower,0,9,30,3,42,0,8,112,0,120,0,17,142,3,162,206,14,220,382
02/12/2021,SGJ,FL,ASO,ES,Federal Contract Tower,0,13,28,5,46,0,0,21,0,21,0,13,49,5,67,67,20,87,154
02/13/2021,SGJ,FL,ASO,ES,Federal Contract Tower,0,6,17,0,23,0,4,4,0,8,0,10,21,0,31,0,0,0,31
02/14/2021,SGJ,FL,ASO,ES,Federal Contract Tower,0,4,16,0,20,0,0,0,0,0,0,4,16,0,20,0,0,0,20
02/15/2021,SGJ,FL,ASO,ES,Federal Contract Tower,0,10,29,0,39,0,10,8,0,18,0,20,37,0,57,16,0,16,73
02/16/2021,SGJ,FL,ASO,ES,Federal Contract Tower,0,24,46,0,70,0,6,156,0,162,0,30,202,0,232,184,0,184,416
02/17/2021,SGJ,FL,ASO,ES,Federal Contract Tower,0,9,49,1,59,0,0,51,0,51,0,9,100,1,110,112,2,114,224
02/18/2021,SGJ,FL,ASO,ES,Federal Contract Tower,0,3,18,0,21,0,8,80,0,88,0,11,98,0,109,148,8,156,265
02/19/2021,SGJ,FL,ASO,ES,Federal Contract Tower,0,6,20,0,26,0,0,0,0,0,0,6,20,0,26,0,0,0,26
02/20/2021,SGJ,FL,ASO,ES,Federal Contract Tower,0,5,40,4,49,0,24,187,0,211,0,29,227,4,260,240,0,240,500
02/21/2021,SGJ,FL,ASO,ES,Federal Contract Tower,0,12,34,0,46,0,26,107,0,133,0,38,141,0,179,74,0,74,253
02/22/2021,SGJ,FL,ASO,ES,Federal Contract Tower,0,7,26,6,39,0,0,106,2,108,0,7,132,8,147,236,0,236,383
02/23/2021,SGJ,FL,ASO,ES,Federal Contract Tower,0,8,46,0,54,0,10,156,3,169,0,18,202,3,223,326,2,328,551
02/24/2021,SGJ,FL,ASO,ES,Federal Contract Tower,0,13,52,1,66,0,19,183,0,202,0,32,235,1,268,352,0,352,620
02/25/2021,SGJ,FL,ASO,ES,Federal Contract Tower,0,5,47,2,54,0,23,189,0,212,0,28,236,2,266,405,26,431,697
02/26/2021,SGJ,FL,ASO,ES,Federal Contract Tower,0,11,55,5,71,0,14,171,0,185,0,25,226,5,256,331,0,331,587
02/27/2021,SGJ,FL,ASO,ES,Federal Contract Tower,0,10,32,0,42,0,20,191,0,211,0,30,223,0,253,199,0,199,452
02/28/2021,SGJ,FL,ASO,ES,Federal Contract Tower,0,6,38,4,48,0,16,84,0,100,0,22,122,4,148,80,8,88,236
03/01/2021,SGJ,FL,ASO,ES,Federal Contract Tower,0,8,27,1,36,0,8,57,2,67,0,16,84,3,103,26,14,40,143
03/02/2021,SGJ,FL,ASO,ES,Federal Contract Tower,0,3,28,9,40,0,0,0,0,0,0,3,28,9,40,0,0,0,40
03/03/2021,SGJ,FL,ASO,ES,Federal Contract Tower,0,4,39,4,47,0,0,15,0,15,0,4,54,4,62,76,16,92,154
03/04/2021,SGJ,FL,ASO,ES,Federal Contract Tower,0,6,44,1,51,0,18,240,8,266,0,24,284,9,317,386,0,386,703
03/05/2021,SGJ,FL,ASO,ES,Federal Contract Tower,0,6,28,4,38,0,12,175,0,187,0,18,203,4,225,218,4,222,447
03/06/2021,SGJ,FL,ASO,ES,Federal Contract Tower,0,7,32,0,39,0,2,10,0,12,0,9,42,0,51,4,0,4,55
03/07/2021,SGJ,FL,ASO,ES,Federal Contract Tower,0,9,43,0,52,0,24,68,0,92,0,33,111,0,144,44,0,44,188
03/08/2021,SGJ,FL,ASO,ES,Federal Contract Tower,0,17,44,2,63,0,4,100,5,109,0,21,144,7,172,74,0,74,246
03/09/2021,SGJ,FL,ASO,ES,Federal Contract Tower,0,8,45,2,55,0,8,153,12,173,0,16,198,14,228,284,13,297,525
03/10/2021,SGJ,FL,ASO,ES,Federal Contract Tower,0,18,42,2,62,0,6,173,6,185,0,24,215,8,247,431,12,443,690
03/11/2021,SGJ,FL,ASO,ES,Federal Contract Tower,0,14,52,1,67,0,22,202,8,232,0,36,254,9,299,382,7,389,688
03/12/2021,SGJ,FL,ASO,ES,Federal Contract Tower,0,15,43,4,62,0,8,200,2,210,0,23,243,6,272,293,0,293,565
03/13/2021,SGJ,FL,ASO,ES,Federal Contract Tower,0,18,39,8,65,0,22,143,1,166,0,40,182,9,231,122,0,122,353
03/14/2021,SGJ,FL,ASO,ES,Federal Contract Tower,0,24,52,6,82,0,22,124,4,150,0,46,176,10,232,100,0,100,332
03/15/2021,SGJ,FL,ASO,ES,Federal Contract Tower,0,14,55,5,74,0,20,140,0,160,0,34,195,5,234,232,0,232,466
03/16/2021,SGJ,FL,ASO,ES,Federal Contract Tower,0,6,40,5,51,0,4,125,6,135,0,10,165,11,186,246,12,258,444
03/17/2021,SGJ,FL,ASO,ES,Federal Contract Tower,0,19,32,0,51,0,2,100,0,102,0,21,132,0,153,250,0,250,403
03/18/2021,SGJ,FL,ASO,ES,Federal Contract Tower,0,6,27,2,35,0,0,30,0,30,0,6,57,2,65,48,16,64,129
03/19/2021,SGJ,FL,ASO,ES,Federal Contract Tower,0,10,40,5,55,0,18,103,5,126,0,28,143,10,181,122,0,122,303
03/20/2021,SGJ,FL,ASO,ES,Federal Contract Tower,0,2,29,0,31,0,4,3,0,7,0,6,32,0,38,0,0,0,38
03/21/2021,SGJ,FL,ASO,ES,Federal Contract Tower,0,16,43,2,61,0,0,0,0,0,0,16,43,2,61,0,0,0,61
03/22/2021,SGJ,FL,ASO,ES,Federal Contract Tower,0,11,32,0,43,0,0,9,0,9,0,11,41,0,52,0,0,0,52
03/23/2021,SGJ,FL,ASO,ES,Federal Contract Tower,0,9,69,2,80,0,8,129,7,144,0,17,198,9,224,222,14,236,460
03/24/2021,SGJ,FL,ASO,ES,Federal Contract Tower,0,7,48,2,57,0,4,173,3,180,0,11,221,5,237,302,10,312,549
03/25/2021,SGJ,FL,ASO,ES,Federal Contract Tower,0,18,46,0,64,0,2,145,4,151,0,20,191,4,215,182,12,194,409
03/26/2021,SGJ,FL,ASO,ES,Federal Contract Tower,0,14,47,6,67,0,0,109,2,111,0,14,156,8,178,228,0,228,406
03/27/2021,SGJ,FL,ASO,ES,Federal Contract Tower,0,4,46,2,52,0,4,113,1,118,0,8,159,3,170,98,0,98,268
03/28/2021,SGJ,FL,ASO,ES,Federal Contract Tower,0,5,29,13,47,0,18,83,2,103,0,23,112,15,150,56,0,56,206
03/29/2021,SGJ,FL,ASO,ES,Federal Contract Tower,0,4,43,0,47,0,4,98,0,102,0,8,141,0,149,188,0,188,337
03/30/2021,SGJ,FL,ASO,ES,Federal Contract Tower,0,13,28,2,43,0,0,137,0,137,0,13,165,2,180,308,0,308,488
03/31/2021,SGJ,FL,ASO,ES,Federal Contract Tower,0,9,40,0,49,0,0,111,0,111,0,9,151,0,160,150,0,150,310
04/01/2021,SGJ,FL,ASO,ES,Federal Contract Tower,0,18,60,0,78,0,0,82,0,82,0,18,142,0,160,88,0,88,248
04/02/2021,SGJ,FL,ASO,ES,Federal Contract Tower,0,5,37,2,44,0,12,59,0,71,0,17,96,2,115,27,0,27,142
04/03/2021,SGJ,FL,ASO,ES,Federal Contract Tower,0,3,30,0,33,0,6,107,0,113,0,9,137,0,146,118,0,118,264
04/04/2021,SGJ,FL,ASO,ES,Federal Contract Tower,0,9,19,0,28,0,28,97,0,125,0,37,116,0,153,104,0,104,257
04/05/2021,SGJ,FL,ASO,ES,Federal Contract Tower,0,4,46,2,52,0,19,149,5,173,0,23,195,7,225,212,0,212,437
04/06/2021,SGJ,FL,ASO,ES,Federal Contract Tower,0,10,41,4,55,0,4,169,5,178,0,14,210,9,233,156,10,166,399
04/07/2021,SGJ,FL,ASO,ES,Federal Contract Tower,0,12,51,5,68,0,0,206,1,207,0,12,257,6,275,271,12,283,558
04/08/2021,SGJ,FL,ASO,ES,Federal Contract Tower,0,8,46,5,59,0,0,219,0,219,0,8,265,5,278,280,10,290,568
04/09/2021,SGJ,FL,ASO,ES,Federal Contract Tower,0,5,34,0,39,0,26,155,0,181,0,31,189,0,220,202,0,202,422
04/10/2021,SGJ,FL,ASO,ES,Federal Contract Tower,0,6,28,0,34,0,12,71,0,83,0,18,99,0,117,128,0,128,245
04/11/2021,SGJ,FL,ASO,ES,Federal Contract Tower,0,13,25,0,38,0,1,13,0,14,0,14,38,0,52,4,0,4,56
04/12/2021,SGJ,FL,ASO,ES,Federal Contract Tower,0,10,52,6,68,0,11,187,2,200,0,21,239,8,268,238,0,238,506
04/13/2021,SGJ,FL,ASO,ES,Federal Contract Tower,0,5,64,7,76,0,6,191,3,200,0,11,255,10,276,160,4,164,440
04/14/2021,SGJ,FL,ASO,ES,Federal Contract Tower,0,7,41,10,58,2,205,2,0,209,2,212,43,10,267,248,0,248,515
04/15/2021,SGJ,FL,ASO,ES,Federal Contract Tower,0,6,53,5,64,0,0,108,4,112,0,6,161,9,176,64,0,64,240
04/16/2021,SGJ,FL,ASO,ES,Federal Contract Tower,0,7,47,6,60,0,10,134,0,144,0,17,181,6,204,154,0,154,358
04/17/2021,SGJ,FL,ASO,ES,Federal Contract Tower,0,4,25,0,29,0,12,20,2,34,0,16,45,2,63,4,0,4,67
04/18/2021,SGJ,FL,ASO,ES,Federal Contract Tower,0,13,20,0,33,0,2,16,0,18,0,15,36,0,51,0,0,0,51
04/19/2021,SGJ,FL,ASO,ES,Federal Contract Tower,0,12,25,0,37,0,12,90,6,108,0,24,115,6,145,172,0,172,317
04/20/2021,SGJ,FL,ASO,ES,Federal Contract Tower,0,12,17,0,29,0,2,93,4,99,0,14,110,4,128,176,4,180,308
04/21/2021,SGJ,FL,ASO,ES,Federal Contract Tower,0,13,52,1,66,0,0,227,0,227,0,13,279,1,293,379,0,379,672
04/22/2021,SGJ,FL,ASO,ES,Federal Contract Tower,0,16,59,0,75,0,0,150,6,156,0,16,209,6,231,244,8,252,483
04/23/2021,SGJ,FL,ASO,ES,Federal Contract Tower,0,13,21,0,34,0,8,165,0,173,0,21,186,0,207,217,0,217,424
04/24/2021,SGJ,FL,ASO,ES,Federal Contract Tower,0,14,30,0,44,0,9,49,0,58,0,23,79,0,102,42,0,42,144
04/25/2021,SGJ,FL,ASO,ES,Federal Contract Tower,0,7,42,2,51,0,10,71,0,81,0,17,113,2,132,122,0,122,254
04/26/2021,SGJ,FL,ASO,ES,Federal Contract Tower,0,9,33,0,42,0,20,103,2,125,0,29,136,2,167,196,0,196,363
04/27/2021,SGJ,FL,ASO,ES,Federal Contract Tower,0,13,44,1,58,0,6,216,1,223,0,19,260,2,281,210,0,210,491
04/28/2021,SGJ,FL,ASO,ES,Federal Contract Tower,0,19,47,1,67,0,8,162,3,173,0,27,209,4,240,298,0,298,538
04/29/2021,SGJ,FL,ASO,ES,Federal Contract Tower,0,9,55,3,67,0,5,142,2,149,0,14,197,5,216,150,0,150,366
04/30/2021,SGJ,FL,ASO,ES,Federal Contract Tower,0,11,42,0,53,0,8,132,5,145,0,19,174,5,198,188,2,190,388
05/01/2021,SGJ,FL,ASO,ES,Federal Contract Tower,0,9,41,2,52,0,16,130,0,146,0,25,171,2,198,154,0,154,352
05/02/2021,SGJ,FL,ASO,ES,Federal Contract Tower,0,10,47,0,57,0,28,75,0,103,0,38,122,0,160,74,0,74,234
05/03/2021,SGJ,FL,ASO,ES,Federal Contract Tower,0,9,38,5,52,0,18,97,0,115,0,27,135,5,167,262,4,266,433
05/04/2021,SGJ,FL,ASO,ES,Federal Contract Tower,0,11,40,3,54,0,0,151,0,151,0,11,191,3,205,210,0,210,415
05/05/2021,SGJ,FL,ASO,ES,Federal Contract Tower,0,8,48,1,57,0,4,105,0,109,0,12,153,1,166,110,0,110,276
05/06/2021,SGJ,FL,ASO,ES,Federal Contract Tower,0,4,37,0,41,0,0,25,0,25,0,4,62,0,66,50,0,50,116
05/07/2021,SGJ,FL,ASO,ES,Federal Contract Tower,0,6,42,3,51,0,11,158,2,171,0,17,200,5,222,225,6,231,453
05/08/2021,SGJ,FL,ASO,ES,Federal Contract Tower,0,5,30,2,37,0,20,195,0,215,0,25,225,2,252,222,0,222,474
05/09/2021,SGJ,FL,ASO,ES,Federal Contract Tower,0,5,30,3,38,0,31,75,4,110,0,36,105,7,148,86,0,86,234
05/10/2021,SGJ,FL,ASO,ES,Federal Contract Tower,0,11,47,0,58,0,6,64,2,72,0,17,111,2,130,136,0,136,266
05/11/2021,SGJ,FL,ASO,ES,Federal Contract Tower,0,14,43,1,58,0,2,134,1,137,0,16,177,2,195,142,2,144,339
05/12/2021,SGJ,FL,ASO,ES,Federal Contract Tower,0,8,25,0,33,0,10,138,4,152,0,18,163,4,185,206,18,224,409
05/13/2021,SGJ,FL,ASO,ES,Federal Contract Tower,0,14,48,0,62,0,0,5,0,5,0,14,53,0,67,0,14,14,81
05/14/2021,SGJ,FL,ASO,ES,Federal Contract Tower,0,5,44,4,53,0,15,94,2,111,0,20,138,6,164,38,6,44,208
05/15/2021,SGJ,FL,ASO,ES,Federal Contract Tower,0,9,44,0,53,0,21,71,0,92,0,30,115,0,145,36,0,36,181
05/16/2021,SGJ,FL,ASO,ES,Federal Contract Tower,0,13,27,2,42,0,18,100,0,118,0,31,127,2,160,116,0,116,276
05/17/2021,SGJ,FL,ASO,ES,Federal Contract Tower,0,7,32,0,39,0,14,170,6,190,0,21,202,6,229,348,10,358,587
05/18/2021,SGJ,FL,ASO,ES,Federal Contract Tower,0,9,46,5,60,0,16,176,4,196,0,25,222,9,256,272,2,274,530
05/19/2021,SGJ,FL,ASO,ES,Federal Contract Tower,0,12,60,1,73,0,0,134,0,134,0,12,194,1,207,254,0,254,461
05/20/2021,SGJ,FL,ASO,ES,Federal Contract Tower,0,5,41,1,47,0,18,126,2,146,0,23,167,3,193,324,0,324,517
05/21/2021,SGJ,FL,ASO,ES,Federal Contract Tower,0,9,40,5,54,0,8,152,8,168,0,17,192,13,222,212,2,214,436
05/22/2021,SGJ,FL,ASO,ES,Federal Contract Tower,0,5,38,0,43,0,24,176,0,200,0,29,214,0,243,394,0,394,637
05/23/2021,SGJ,FL,ASO,ES,Federal Contract Tower,0,14,45,5,64,0,26,154,0,180,0,40,199,5,244,306,2,308,552
05/24/2021,SGJ,FL,ASO,ES,Federal Contract Tower,0,11,29,2,42,0,16,139,7,162,0,27,168,9,204,362,2,364,568
05/25/2021,SGJ,FL,ASO,ES,Federal Contract Tower,0,13,55,4,72,0,16,242,5,263,0,29,297,9,335,332,6,338,673
05/26/2021,SGJ,FL,ASO,ES,Federal Contract Tower,0,11,58,4,73,0,9,208,2,219,0,20,266,6,292,366,0,366,658
05/27/2021,SGJ,FL,ASO,ES,Federal Contract Tower,0,6,51,5,62,0,7,203,1,211,0,13,254,6,273,348,12,360,633
05/28/2021,SGJ,FL,ASO,ES,Federal Contract Tower,0,13,45,0,58,0,18,191,5,214,0,31,236,5,272,238,4,242,514
05/29/2021,SGJ,FL,ASO,ES,Federal Contract Tower,0,3,19,0,22,0,23,118,0,141,0,26,137,0,163,184,0,184,347
05/30/2021,SGJ,FL,ASO,ES,Federal Contract Tower,0,4,18,0,22,0,35,88,6,129,0,39,106,6,151,202,0,202,353
05/31/2021,SGJ,FL,ASO,ES,Federal Contract Tower,0,8,37,0,45,0,32,106,0,138,0,40,143,0,183,162,0,162,345
06/01/2021,SGJ,FL,ASO,ES,Federal Contract Tower,0,12,47,0,59,0,16,110,8,134,0,28,157,8,193,180,0,180,373
06/02/2021,SGJ,FL,ASO,ES,Federal Contract Tower,0,6,59,0,65,0,8,102,4,114,0,14,161,4,179,232,0,232,411
06/03/2021,SGJ,FL,ASO,ES,Federal Contract Tower,0,20,48,0,68,0,6,53,2,61,0,26,101,2,129,64,2,66,195
06/04/2021,SGJ,FL,ASO,ES,Federal Contract Tower,0,9,41,7,57,0,18,60,4,82,0,27,101,11,139,188,0,188,327
06/05/2021,SGJ,FL,ASO,ES,Federal Contract Tower,0,8,36,0,44,0,20,42,0,62,0,28,78,0,106,80,0,80,186
06/06/2021,SGJ,FL,ASO,ES,Federal Contract Tower,0,8,35,0,43,0,28,90,1,119,0,36,125,1,162,258,0,258,420
06/07/2021,SGJ,FL,ASO,ES,Federal Contract Tower,0,11,38,5,54,0,12,62,1,75,0,23,100,6,129,172,4,176,305
06/08/2021,SGJ,FL,ASO,ES,Federal Contract Tower,0,17,38,2,57,0,18,159,0,177,0,35,197,2,234,396,0,396,630
06/09/2021,SGJ,FL,ASO,ES,Federal Contract Tower,0,12,51,6,69,0,17,239,8,264,0,29,290,14,333,344,16,360,693
06/10/2021,SGJ,FL,ASO,ES,Federal Contract Tower,0,9,47,1,57,0,8,176,2,186,0,17,223,3,243,250,12,262,505
06/11/2021,SGJ,FL,ASO,ES,Federal Contract Tower,0,17,48,3,68,0,13,170,2,185,0,30,218,5,253,309,0,309,562
06/12/2021,SGJ,FL,ASO,ES,Federal Contract Tower,0,5,31,0,36,0,36,116,1,153,0,41,147,1,189,180,0,180,369
06/13/2021,SGJ,FL,ASO,ES,Federal Contract Tower,0,9,34,1,44,0,4,46,1,51,0,13,80,2,95,108,0,108,203
06/14/2021,SGJ,FL,ASO,ES,Federal Contract Tower,0,2,24,0,26,0,2,35,0,37,0,4,59,0,63,94,0,94,157
06/15/2021,SGJ,FL,ASO,ES,Federal Contract Tower,0,15,41,6,62,0,0,72,0,72,0,15,113,6,134,152,0,152,286
06/16/2021,SGJ,FL,ASO,ES,Federal Contract Tower,0,14,45,0,59,0,2,124,3,129,0,16,169,3,188,188,8,196,384
06/17/2021,SGJ,FL,ASO,ES,Federal Contract Tower,0,18,57,0,75,0,15,147,2,164,0,33,204,2,239,278,2,280,519
06/18/2021,SGJ,FL,ASO,ES,Federal Contract Tower,0,6,34,3,43,0,16,146,0,162,0,22,180,3,205,222,0,222,427
06/19/2021,SGJ,FL,ASO,ES,Federal Contract Tower,0,10,50,0,60,0,28,156,0,184,0,38,206,0,244,268,0,268,512
06/20/2021,SGJ,FL,ASO,ES,Federal Contract Tower,0,5,22,0,27,0,24,30,0,54,0,29,52,0,81,62,0,62,143
06/21/2021,SGJ,FL,ASO,ES,Federal Contract Tower,0,6,39,0,45,0,2,43,1,46,0,8,82,1,91,158,8,166,257
06/22/2021,SGJ,FL,ASO,ES,Federal Contract Tower,0,2,33,1,36,0,10,42,0,52,0,12,75,1,88,80,4,84,172
06/23/2021,SGJ,FL,ASO,ES,Federal Contract Tower,0,16,53,10,79,0,8,44,4,56,0,24,97,14,135,160,0,160,295
06/24/2021,SGJ,FL,ASO,ES,Federal Contract Tower,0,13,34,0,47,0,9,120,0,129,0,22,154,0,176,242,0,242,418
06/25/2021,SGJ,FL,ASO,ES,Federal Contract Tower,0,7,36,0,43,0,6,62,3,71,0,13,98,3,114,117,4,121,235
06/26/2021,SGJ,FL,ASO,ES,Federal Contract Tower,0,8,27,0,35,0,20,112,0,132,0,28,139,0,167,216,0,216,383
06/27/2021,SGJ,FL,ASO,ES,Federal Contract Tower,0,19,47,4,70,0,24,117,5,146,0,43,164,9,216,180,0,180,396
06/28/2021,SGJ,FL,ASO,ES,Federal Contract Tower,0,10,30,1,41,0,16,78,1,95,0,26,108,2,136,208,10,218,354
06/29/2021,SGJ,FL,ASO,ES,Federal Contract Tower,0,7,12,3,22,0,2,91,1,94,0,9,103,4,116,167,0,167,283
06/30/2021,SGJ,FL,ASO,ES,Federal Contract Tower,0,0,13,0,13,0,1,2,0,3,0,1,15,0,16,2,0,2,18
07/01/2021,SGJ,FL,ASO,ES,Federal Contract Tower,0,4,39,0,43,0,3,50,1,54,0,7,89,1,97,72,0,72,169
07/02/2021,SGJ,FL,ASO,ES,Federal Contract Tower,0,7,41,0,48,0,7,35,2,44,0,14,76,2,92,74,0,74,166
07/03/2021,SGJ,FL,ASO,ES,Federal Contract Tower,0,6,35,0,41,0,24,66,0,90,0,30,101,0,131,118,0,118,249
07/04/2021,SGJ,FL,ASO,ES,Federal Contract Tower,0,5,11,2,18,0,0,7,2,9,0,5,18,4,27,2,0,2,29
07/05/2021,SGJ,FL,ASO,ES,Federal Contract Tower,0,2,50,0,52,0,6,63,2,71,0,8,113,2,123,138,0,138,261
07/06/2021,SGJ,FL,ASO,ES,Federal Contract Tower,0,5,44,0,49,0,11,98,2,111,0,16,142,2,160,192,0,192,352
07/07/2021,SGJ,FL,ASO,ES,Federal Contract Tower,0,1,3,0,4,0,0,0,0,0,0,1,3,0,4,0,0,0,4
07/08/2021,SGJ,FL,ASO,ES,Federal Contract Tower,0,17,50,0,67,0,8,60,2,70,0,25,110,2,137,37,2,39,176
07/09/2021,SGJ,FL,ASO,ES,Federal Contract Tower,0,14,54,1,69,0,8,24,0,32,0,22,78,1,101,94,10,104,205
07/10/2021,SGJ,FL,ASO,ES,Federal Contract Tower,0,1,67,0,68,0,18,148,0,166,0,19,215,0,234,196,0,196,430
07/11/2021,SGJ,FL,ASO,ES,Federal Contract Tower,0,7,49,6,62,0,0,86,1,87,0,7,135,7,149,116,0,116,265
07/12/2021,SGJ,FL,ASO,ES,Federal Contract Tower,0,5,19,2,26,0,0,91,4,95,0,5,110,6,121,144,0,144,265
07/13/2021,SGJ,FL,ASO,ES,Federal Contract Tower,0,15,51,2,68,0,0,136,1,137,0,15,187,3,205,188,2,190,395
07/14/2021,SGJ,FL,ASO,ES,Federal Contract Tower,0,4,52,0,56,0,5,147,8,160,0,9,199,8,216,248,2,250,466
07/15/2021,SGJ,FL,ASO,ES,Federal Contract Tower,0,9,44,0,53,0,2,190,1,193,0,11,234,1,246,340,0,340,586
07/16/2021,SGJ,FL,ASO,ES,Federal Contract Tower,0,8,63,15,86,0,27,171,1,199,0,35,234,16,285,234,0,234,519
07/17/2021,SGJ,FL,ASO,ES,Federal Contract Tower,0,1,27,1,29,0,11,84,0,95,0,12,111,1,124,98,0,98,222
07/18/2021,SGJ,FL,ASO,ES,Federal Contract Tower,0,4,27,2,33,0,9,80,2,91,0,13,107,4,124,156,0,156,280
07/19/2021,SGJ,FL,ASO,ES,Federal Contract Tower,0,10,23,1,34,0,12,60,0,72,0,22,83,1,106,220,0,220,326
07/20/2021,SGJ,FL,ASO,ES,Federal Contract Tower,0,21,34,2,57,0,0,121,1,122,0,21,155,3,179,224,0,224,403
07/21/2021,SGJ,FL,ASO,ES,Federal Contract Tower,0,16,36,3,55,0,6,132,6,144,0,22,168,9,199,294,16,310,509
07/22/2021,SGJ,FL,ASO,ES,Federal Contract Tower,0,13,45,1,59,0,8,159,3,170,0,21,204,4,229,240,2,242,471
07/23/2021,SGJ,FL,ASO,ES,Federal Contract Tower,0,9,37,1,47,0,15,103,0,118,0,24,140,1,165,166,0,166,331
07/24/2021,SGJ,FL,ASO,ES,Federal Contract Tower,0,6,39,2,47,0,21,108,0,129,0,27,147,2,176,134,0,134,310
07/25/2021,SGJ,FL,ASO,ES,Federal Contract Tower,0,6,27,0,33,0,20,43,0,63,0,26,70,0,96,154,0,154,250
07/26/2021,SGJ,FL,ASO,ES,Federal Contract Tower,0,8,31,0,39,0,0,11,0,11,0,8,42,0,50,10,0,10,60
07/27/2021,SGJ,FL,ASO,ES,Federal Contract Tower,0,9,35,6,50,0,8,71,1,80,0,17,106,7,130,152,0,152,282
07/28/2021,SGJ,FL,ASO,ES,Federal Contract Tower,0,6,43,0,49,0,2,105,4,111,0,8,148,4,160,242,2,244,404
07/29/2021,SGJ,FL,ASO,ES,Federal Contract Tower,0,11,49,0,60,0,13,145,3,161,0,24,194,3,221,310,4,314,535
07/30/2021,SGJ,FL,ASO,ES,Federal Contract Tower,0,17,24,0,41,0,2,80,0,82,0,19,104,0,123,182,0,182,305
07/31/2021,SGJ,FL,ASO,ES,Federal Contract Tower,0,8,28,0,36,0,0,130,0,130,0,8,158,0,166,218,0,218,384
08/01/2021,SGJ,FL,ASO,ES,Federal Contract Tower,0,6,30,2,38,0,8,73,0,81,0,14,103,2,119,168,0,168,287
08/02/2021,SGJ,FL,ASO,ES,Federal Contract Tower,0,5,25,0,30,0,4,65,0,69,0,9,90,0,99,280,0,280,379
08/03/2021,SGJ,FL,ASO,ES,Federal Contract Tower,0,16,25,0,41,0,0,29,2,31,0,16,54,2,72,48,16,64,136
08/04/2021,SGJ,FL,ASO,ES,Federal Contract Tower,0,6,48,0,54,0,0,32,0,32,0,6,80,0,86,56,8,64,150
08/05/2021,SGJ,FL,ASO,ES,Federal Contract Tower,0,10,45,1,56,0,0,94,0,94,0,10,139,1,150,284,8,292,442
08/06/2021,SGJ,FL,ASO,ES,Federal Contract Tower,0,8,58,3,69,0,130,5,0,135,0,138,63,3,204,250,14,264,468
08/07/2021,SGJ,FL,ASO,ES,Federal Contract Tower,0,8,14,0,22,0,2,132,0,134,0,10,146,0,156,196,0,196,352
08/08/2021,SGJ,FL,ASO,ES,Federal Contract Tower,0,17,33,0,50,0,4,105,0,109,0,21,138,0,159,162,0,162,321
08/09/2021,SGJ,FL,ASO,ES,Federal Contract Tower,0,17,35,5,57,0,0,87,0,87,0,17,122,5,144,258,0,258,402
08/10/2021,SGJ,FL,ASO,ES,Federal Contract Tower,0,11,42,4,57,0,12,107,16,135,0,23,149,20,192,218,16,234,426
08/11/2021,SGJ,FL,ASO,ES,Federal Contract Tower,0,8,57,1,66,0,0,127,7,134,0,8,184,8,200,266,12,278,478
08/12/2021,SGJ,FL,ASO,ES,Federal Contract Tower,0,3,41,1,45,0,16,128,3,147,0,19,169,4,192,232,2,234,426
08/13/2021,SGJ,FL,ASO,ES,Federal Contract Tower,0,7,36,0,43,0,16,124,0,140,0,23,160,0,183,206,0,206,389
08/14/2021,SGJ,FL,ASO,ES,Federal Contract Tower,0,5,12,0,17,0,0,4,0,4,0,5,16,0,21,18,0,18,39
08/15/2021,SGJ,FL,ASO,ES,Federal Contract Tower,0,10,21,0,31,0,0,41,0,41,0,10,62,0,72,54,0,54,126
08/16/2021,SGJ,FL,ASO,ES,Federal Contract Tower,0,7,11,2,20,0,0,8,0,8,0,7,19,2,28,96,0,96,124
08/17/2021,SGJ,FL,ASO,ES,Federal Contract Tower,0,7,29,0,36,0,8,80,4,92,0,15,109,4,128,178,0,178,306
08/18/2021,SGJ,FL,ASO,ES,Federal Contract Tower,0,7,48,1,56,0,2,179,6,187,0,9,227,7,243,278,2,280,523
08/19/2021,SGJ,FL,ASO,ES,Federal Contract Tower,0,10,58,1,69,0,4,178,6,188,0,14,236,7,257,268,5,273,530
08/20/2021,SGJ,FL,ASO,ES,Federal Contract Tower,0,3,43,0,46,0,18,137,0,155,0,21,180,0,201,202,0,202,403
08/21/2021,SGJ,FL,ASO,ES,Federal Contract Tower,0,0,22,0,22,0,24,121,0,145,0,24,143,0,167,256,0,256,423
08/22/2021,SGJ,FL,ASO,ES,Federal Contract Tower,0,11,36,0,47,0,10,50,1,61,0,21,86,1,108,55,0,55,163
08/23/2021,SGJ,FL,ASO,ES,Federal Contract Tower,0,9,38,0,47,0,3,57,0,60,0,12,95,0,107,156,0,156,263
08/24/2021,SGJ,FL,ASO,ES,Federal Contract Tower,0,3,27,2,32,0,5,80,1,86,0,8,107,3,118,164,2,166,284
08/25/2021,SGJ,FL,ASO,ES,Federal Contract Tower,0,2,61,2,65,0,4,140,8,152,0,6,201,10,217,275,14,289,506
08/26/2021,SGJ,FL,ASO,ES,Federal Contract Tower,0,13,24,1,38,0,0,43,6,49,0,13,67,7,87,74,6,80,167
08/27/2021,SGJ,FL,ASO,ES,Federal Contract Tower,0,10,35,0,45,0,6,35,0,41,0,16,70,0,86,60,0,60,146
08/28/2021,SGJ,FL,ASO,ES,Federal Contract Tower,0,2,24,0,26,0,10,79,0,89,0,12,103,0,115,112,0,112,227
08/29/2021,SGJ,FL,ASO,ES,Federal Contract Tower,0,11,28,0,39,0,2,66,0,68,0,13,94,0,107,118,0,118,225
08/30/2021,SGJ,FL,ASO,ES,Federal Contract Tower,0,4,33,0,37,0,0,84,4,88,0,4,117,4,125,141,0,141,266
08/31/2021,SGJ,FL,ASO,ES,Federal Contract Tower,0,7,43,2,52,0,6,110,7,123,0,13,153,9,175,173,14,187,362
09/01/2021,SGJ,FL,ASO,ES,Federal Contract Tower,0,5,32,0,37,0,0,17,2,19,0,5,49,2,56,20,0,20,76
09/02/2021,SGJ,FL,ASO,ES,Federal Contract Tower,0,5,44,6,55,0,2,45,0,47,0,7,89,6,102,20,0,20,122
09/03/2021,SGJ,FL,ASO,ES,Federal Contract Tower,0,10,50,2,62,0,8,100,0,108,0,18,150,2,170,222,0,222,392
09/04/2021,SGJ,FL,ASO,ES,Federal Contract Tower,0,4,31,3,38,0,32,94,0,126,0,36,125,3,164,150,0,150,314
09/05/2021,SGJ,FL,ASO,ES,Federal Contract Tower,0,4,28,0,32,0,18,77,0,95,0,22,105,0,127,104,0,104,231
09/06/2021,SGJ,FL,ASO,ES,Federal Contract Tower,0,9,53,0,62,0,20,114,2,136,0,29,167,2,198,210,0,210,408
09/07/2021,SGJ,FL,ASO,ES,Federal Contract Tower,0,9,46,2,57,0,6,51,7,64,0,15,97,9,121,110,0,110,231
09/08/2021,SGJ,FL,ASO,ES,Federal Contract Tower,0,10,47,4,61,0,6,77,6,89,0,16,124,10,150,166,0,166,316
09/09/2021,SGJ,FL,ASO,ES,Federal Contract Tower,0,2,35,0,37,0,14,26,0,40,0,16,61,0,77,74,0,74,151
09/10/2021,SGJ,FL,ASO,ES,Federal Contract Tower,0,9,39,2,50,0,2,66,6,74,0,11,105,8,124,118,2,120,244
09/11/2021,SGJ,FL,ASO,ES,Federal Contract Tower,0,3,32,2,37,0,20,106,0,126,0,23,138,2,163,260,0,260,423
09/12/2021,SGJ,FL,ASO,ES,Federal Contract Tower,0,5,20,0,25,0,14,56,0,70,0,19,76,0,95,60,0,60,155
09/13/2021,SGJ,FL,ASO,ES,Federal Contract Tower,0,12,27,1,40,0,6,92,1,99,0,18,119,2,139,122,0,122,261
09/14/2021,SGJ,FL,ASO,ES,Federal Contract Tower,0,5,27,1,33,0,4,72,6,82,0,9,99,7,115,138,4,142,257
09/15/2021,SGJ,FL,ASO,ES,Federal Contract Tower,0,12,40,2,54,0,0,120,5,125,0,12,160,7,179,244,10,254,433
09/16/2021,SGJ,FL,ASO,ES,Federal Contract Tower,0,14,45,2,61,0,10,83,0,93,0,24,128,2,154,170,12,182,336
09/17/2021,SGJ,FL,ASO,ES,Federal Contract Tower,0,3,41,3,47,0,4,84,4,92,0,7,125,7,139,160,4,164,303
09/18/2021,SGJ,FL,ASO,ES,Federal Contract Tower,0,4,19,0,23,0,26,78,0,104,0,30,97,0,127,132,0,132,259
09/19/2021,SGJ,FL,ASO,ES,Federal Contract Tower,0,3,23,0,26,0,4,14,0,18,0,7,37,0,44,2,0,2,46
09/20/2021,SGJ,FL,ASO,ES,Federal Contract Tower,0,5,30,4,39,0,3,36,0,39,0,8,66,4,78,84,0,84,162
09/21/2021,SGJ,FL,ASO,ES,Federal Contract Tower,0,7,40,3,50,0,8,94,1,103,0,15,134,4,153,184,26,210,363
09/22/2021,SGJ,FL,ASO,ES,Federal Contract Tower,0,9,72,5,86,0,2,124,6,132,0,11,196,11,218,226,8,234,452
09/23/2021,SGJ,FL,ASO,ES,Federal Contract Tower,0,15,65,4,84,0,12,139,1,152,0,27,204,5,236,178,10,188,424
09/24/2021,SGJ,FL,ASO,ES,Federal Contract Tower,0,13,66,7,86,0,17,142,9,168,0,30,208,16,254,235,2,237,491
09/25/2021,SGJ,FL,ASO,ES,Federal Contract Tower,0,6,47,0,53,0,22,133,0,155,0,28,180,0,208,160,0,160,368
09/26/2021,SGJ,FL,ASO,ES,Federal Contract Tower,0,11,40,0,51,0,24,103,0,127,0,35,143,0,178,134,0,134,312
09/27/2021,SGJ,FL,ASO,ES,Federal Contract Tower,0,14,29,11,54,0,12,100,14,126,0,26,129,25,180,209,0,209,389
09/28/2021,SGJ,FL,ASO,ES,Federal Contract Tower,0,9,21,8,38,0,4,154,16,174,0,13,175,24,212,176,0,176,388
09/29/2021,SGJ,FL,ASO,ES,Federal Contract Tower,0,8,46,7,61,0,6,178,13,197,0,14,224,20,258,224,6,230,488
09/30/2021,SGJ,FL,ASO,ES,Federal Contract Tower,0,20,41,2,63,0,8,147,0,155,0,28,188,2,218,114,0,114,332
10/01/2021,SGJ,FL,ASO,ES,Federal Contract Tower,0,12,55,3,70,0,2,120,12,134,0,14,175,15,204,255,0,255,459
10/02/2021,SGJ,FL,ASO,ES,Federal Contract Tower,0,5,30,0,35,0,12,109,0,121,0,17,139,0,156,136,0,136,292
10/03/2021,SGJ,FL,ASO,ES,Federal Contract Tower,0,12,64,8,84,0,16,48,2,66,0,28,112,10,150,60,0,60,210
10/04/2021,SGJ,FL,ASO,ES,Federal Contract Tower,0,18,54,2,74,0,13,105,3,121,0,31,159,5,195,246,0,246,441
10/05/2021,SGJ,FL,ASO,ES,Federal Contract Tower,0,9,55,3,67,0,7,107,14,128,0,16,162,17,195,222,0,222,417
10/06/2021,SGJ,FL,ASO,ES,Federal Contract Tower,0,7,36,4,47,0,4,92,15,111,0,11,128,19,158,172,18,190,348
10/07/2021,SGJ,FL,ASO,ES,Federal Contract Tower,0,13,52,2,67,0,4,79,1,84,0,17,131,3,151,192,0,192,343
10/08/2021,SGJ,FL,ASO,ES,Federal Contract Tower,0,2,52,1,55,0,0,48,4,52,0,2,100,5,107,120,0,120,227
10/09/2021,SGJ,FL,ASO,ES,Federal Contract Tower,0,7,47,0,54,0,14,99,0,113,0,21,146,0,167,74,0,74,241
10/10/2021,SGJ,FL,ASO,ES,Federal Contract Tower,0,4,35,0,39,0,8,42,0,50,0,12,77,0,89,46,0,46,135
10/11/2021,SGJ,FL,ASO,ES,Federal Contract Tower,0,9,55,0,64,0,12,97,0,109,0,21,152,0,173,310,0,310,483
10/12/2021,SGJ,FL,ASO,ES,Federal Contract Tower,2,13,33,8,56,0,0,76,2,78,2,13,109,10,134,168,10,178,312
10/13/2021,SGJ,FL,ASO,ES,Federal Contract Tower,0,9,36,4,49,0,3,93,6,102,0,12,129,10,151,158,10,168,319
10/14/2021,SGJ,FL,ASO,ES,Federal Contract Tower,0,11,78,5,94,0,0,128,0,128,0,11,206,5,222,268,0,268,490
10/15/2021,SGJ,FL,ASO,ES,Federal Contract Tower,0,12,63,4,79,0,13,105,3,121,0,25,168,7,200,166,0,166,366
10/16/2021,SGJ,FL,ASO,ES,Federal Contract Tower,0,6,51,1,58,0,23,106,0,129,0,29,157,1,187,192,0,192,379
10/17/2021,SGJ,FL,ASO,ES,Federal Contract Tower,0,10,27,0,37,0,0,79,0,79,0,10,106,0,116,58,0,58,174
10/18/2021,SGJ,FL,ASO,ES,Federal Contract Tower,0,9,30,5,44,0,1,79,0,80,0,10,109,5,124,175,0,175,299
10/19/2021,SGJ,FL,ASO,ES,Federal Contract Tower,0,13,27,5,45,0,8,67,2,77,0,21,94,7,122,78,6,84,206
10/20/2021,SGJ,FL,ASO,ES,Federal Contract Tower,0,4,30,4,38,0,6,152,8,166,0,10,182,12,204,176,12,188,392
10/21/2021,SGJ,FL,ASO,ES,Federal Contract Tower,0,23,32,3,58,0,0,108,0,108,0,23,140,3,166,264,4,268,434
10/22/2021,SGJ,FL,ASO,ES,Federal Contract Tower,0,8,56,0,64,0,10,113,0,123,0,18,169,0,187,252,0,252,439
10/23/2021,SGJ,FL,ASO,ES,Federal Contract Tower,0,2,33,0,35,0,30,111,0,141,0,32,144,0,176,200,0,200,376
10/24/2021,SGJ,FL,ASO,ES,Federal Contract Tower,0,12,48,0,60,0,12,83,0,95,0,24,131,0,155,98,0,98,253
10/25/2021,SGJ,FL,ASO,ES,Federal Contract Tower,0,9,37,2,48,0,14,82,0,96,0,23,119,2,144,302,0,302,446
10/26/2021,SGJ,FL,ASO,ES,Federal Contract Tower,0,6,62,1,69,0,8,156,8,172,0,14,218,9,241,262,0,262,503
10/27/2021,SGJ,FL,ASO,ES,Federal Contract Tower,0,8,60,2,70,0,2,177,4,183,0,10,237,6,253,322,12,334,587
10/28/2021,SGJ,FL,ASO,ES,Federal Contract Tower,0,7,37,1,45,0,0,15,0,15,0,7,52,1,60,24,8,32,92
10/29/2021,SGJ,FL,ASO,ES,Federal Contract Tower,0,12,52,4,68,0,10,116,6,132,0,22,168,10,200,282,0,282,482
10/30/2021,SGJ,FL,ASO,ES,Federal Contract Tower,0,8,32,0,40,0,22,95,0,117,0,30,127,0,157,140,0,140,297
10/31/2021,SGJ,FL,ASO,ES,Federal Contract Tower,0,4,40,0,44,0,8,107,0,115,0,12,147,0,159,138,0,138,297
11/01/2021,SGJ,FL,ASO,ES,Federal Contract Tower,0,16,44,3,63,0,8,107,1,116,0,24,151,4,179,308,0,308,487
11/02/2021,SGJ,FL,ASO,ES,Federal Contract Tower,0,10,65,2,77,0,4,173,5,182,0,14,238,7,259,266,14,280,539
11/03/2021,SGJ,FL,ASO,ES,Federal Contract Tower,0,13,66,0,79,0,6,164,9,179,0,19,230,9,258,182,24,206,464
11/04/2021,SGJ,FL,ASO,ES,Federal Contract Tower,0,8,56,6,70,0,0,55,0,55,0,8,111,6,125,154,18,172,297
11/05/2021,SGJ,FL,ASO,ES,Federal Contract Tower,0,5,19,0,24,0,0,0,0,0,0,5,19,0,24,0,0,0,24
11/06/2021,SGJ,FL,ASO,ES,Federal Contract Tower,0,4,10,1,15,0,0,0,0,0,0,4,10,1,15,0,0,0,15
11/07/2021,SGJ,FL,ASO,ES,Federal Contract Tower,0,9,56,0,65,0,16,49,0,65,0,25,105,0,130,66,0,66,196
11/08/2021,SGJ,FL,ASO,ES,Federal Contract Tower,0,14,51,2,67,0,7,114,8,129,0,21,165,10,196,190,18,208,404
11/09/2021,SGJ,FL,ASO,ES,Federal Contract Tower,0,5,54,0,59,0,8,172,13,193,0,13,226,13,252,322,6,328,580
11/10/2021,SGJ,FL,ASO,ES,Federal Contract Tower,0,6,58,6,70,0,10,180,7,197,0,16,238,13,267,396,8,404,671
11/11/2021,SGJ,FL,ASO,ES,Federal Contract Tower,0,10,69,0,79,0,0,143,0,143,0,10,212,0,222,350,0,350,572
11/12/2021,SGJ,FL,ASO,ES,Federal Contract Tower,0,12,62,4,78,0,6,81,0,87,0,18,143,4,165,180,0,180,345
11/13/2021,SGJ,FL,ASO,ES,Federal Contract Tower,0,8,48,0,56,0,6,45,0,51,0,14,93,0,107,82,0,82,189
11/14/2021,SGJ,FL,ASO,ES,Federal Contract Tower,0,6,61,6,73,0,4,125,1,130,0,10,186,7,203,168,0,168,371
11/15/2021,SGJ,FL,ASO,ES,Federal Contract Tower,0,7,48,4,59,0,14,133,0,147,0,21,181,4,206,176,2,178,384
11/16/2021,SGJ,FL,ASO,ES,Federal Contract Tower,0,1,57,6,64,0,18,186,12,216,0,19,243,18,280,288,18,306,586
11/17/2021,SGJ,FL,ASO,ES,Federal Contract Tower,0,6,57,8,71,0,0,201,0,201,0,6,258,8,272,424,2,426,698
11/18/2021,SGJ,FL,ASO,ES,Federal Contract Tower,0,9,63,7,79,0,0,159,2,161,0,9,222,9,240,412,6,418,658
11/19/2021,SGJ,FL,ASO,ES,Federal Contract Tower,2,4,52,12,70,0,0,49,6,55,2,4,101,18,125,8,6,14,139
11/20/2021,SGJ,FL,ASO,ES,Federal Contract Tower,0,12,50,2,64,0,24,48,2,74,0,36,98,4,138,168,38,206,344
11/21/2021,SGJ,FL,ASO,ES,Federal Contract Tower,0,8,57,0,65,0,16,71,0,87,0,24,128,0,152,246,0,246,398
11/22/2021,SGJ,FL,ASO,ES,Federal Contract Tower,2,11,71,1,85,0,22,92,0,114,2,33,163,1,199,208,0,208,407
11/23/2021,SGJ,FL,ASO,ES,Federal Contract Tower,0,6,63,5,74,0,8,99,7,114,0,14,162,12,188,32,10,42,230
11/24/2021,SGJ,FL,ASO,ES,Federal Contract Tower,0,18,47,4,69,0,4,139,5,148,0,22,186,9,217,56,6,62,279
11/25/2021,SGJ,FL,ASO,ES,Federal Contract Tower,0,2,18,0,20,0,1,65,0,66,0,3,83,0,86,114,0,114,200
11/26/2021,SGJ,FL,ASO,ES,Federal Contract Tower,2,5,47,0,54,0,23,80,0,103,2,28,127,0,157,191,0,191,348
11/27/2021,SGJ,FL,ASO,ES,Federal Contract Tower,0,12,46,0,58,0,26,146,0,172,0,38,192,0,230,320,0,320,550
11/28/2021,SGJ,FL,ASO,ES,Federal Contract Tower,0,22,54,0,76,0,20,142,0,162,0,42,196,0,238,258,2,260,498
11/29/2021,SGJ,FL,ASO,ES,Federal Contract Tower,2,10,71,5,88,0,19,130,0,149,2,29,201,5,237,366,0,366,603
11/30/2021,SGJ,FL,ASO,ES,Federal Contract Tower,0,10,41,1,52,0,4,126,8,138,0,14,167,9,190,226,8,234,424
12/01/2021,SGJ,FL,ASO,ES,Federal Contract Tower,0,11,69,1,81,0,7,167,2,176,0,18,236,3,257,308,2,310,567
12/02/2021,SGJ,FL,ASO,ES,Federal Contract Tower,0,11,49,5,65,0,2,174,7,183,0,13,223,12,248,340,2,342,590
12/03/2021,SGJ,FL,ASO,ES,Federal Contract Tower,1,13,50,4,68,0,22,118,1,141,1,35,168,5,209,316,0,316,525
12/04/2021,SGJ,FL,ASO,ES,Federal Contract Tower,1,4,31,1,37,0,6,79,2,87,1,10,110,3,124,116,0,116,240
12/05/2021,SGJ,FL,ASO,ES,Federal Contract Tower,0,15,32,4,51,0,8,112,0,120,0,23,144,4,171,222,0,222,393
12/06/2021,SGJ,FL,ASO,ES,Federal Contract Tower,1,6,43,1,51,0,10,103,6,119,1,16,146,7,170,368,16,384,554
12/07/2021,SGJ,FL,ASO,ES,Federal Contract Tower,1,4,47,2,54,0,0,74,10,84,1,4,121,12,138,156,20,176,314
12/08/2021,SGJ,FL,ASO,ES,Federal Contract Tower,0,9,34,2,45,0,2,67,4,73,0,11,101,6,118,88,0,88,206
12/09/2021,SGJ,FL,ASO,ES,Federal Contract Tower,0,13,75,5,93,0,0,115,2,117,0,13,190,7,210,358,0,358,568
12/10/2021,SGJ,FL,ASO,ES,Federal Contract Tower,1,5,33,16,55,0,10,169,1,180,1,15,202,17,235,312,4,316,551
12/11/2021,SGJ,FL,ASO,ES,Federal Contract Tower,0,7,33,6,46,0,28,160,0,188,0,35,193,6,234,168,0,168,402
12/12/2021,SGJ,FL,ASO,ES,Federal Contract Tower,0,10,67,1,78,0,8,3,0,11,0,18,70,1,89,0,0,0,89
12/13/2021,SGJ,FL,ASO,ES,Federal Contract Tower,1,10,41,13,65,0,2,40,2,44,1,12,81,15,109,92,0,92,201
12/14/2021,SGJ,FL,ASO,ES,Federal Contract Tower,1,21,45,7,74,0,2,16,0,18,1,23,61,7,92,50,0,50,142
12/15/2021,SGJ,FL,ASO,ES,Federal Contract Tower,0,10,42,4,56,0,0,149,4,153,0,10,191,8,209,304,2,306,515
12/16/2021,SGJ,FL,ASO,ES,Federal Contract Tower,0,13,31,5,49,0,0,126,2,128,0,13,157,7,177,299,0,299,476
12/17/2021,SGJ,FL,ASO,ES,Federal Contract Tower,1,11,31,7,50,0,4,118,1,123,1,15,149,8,173,222,0,222,395
12/18/2021,SGJ,FL,ASO,ES,Federal Contract Tower,1,9,40,2,52,0,18,129,0,147,1,27,169,2,199,200,0,200,399
12/19/2021,SGJ,FL,ASO,ES,Federal Contract Tower,0,13,29,1,43,0,9,13,2,24,0,22,42,3,67,6,0,6,73
12/20/2021,SGJ,FL,ASO,ES,Federal Contract Tower,0,5,27,5,37,0,0,1,0,1,0,5,28,5,38,0,0,0,38
12/21/2021,SGJ,FL,ASO,ES,Federal Contract Tower,1,7,12,0,20,0,0,0,0,0,1,7,12,0,20,0,0,0,20
12/22/2021,SGJ,FL,ASO,ES,Federal Contract Tower,0,6,40,2,48,0,4,156,8,168,0,10,196,10,216,158,6,164,380
12/23/2021,SGJ,FL,ASO,ES,Federal Contract Tower,0,8,58,0,66,0,0,128,0,128,0,8,186,0,194,242,0,242,436
12/24/2021,SGJ,FL,ASO,ES,Federal Contract Tower,2,2,15,0,19,0,0,74,2,76,2,2,89,2,95,158,4,162,257
12/25/2021,SGJ,FL,ASO,ES,Federal Contract Tower,0,1,7,0,8,0,0,32,0,32,0,1,39,0,40,20,0,20,60
12/26/2021,SGJ,FL,ASO,ES,Federal Contract Tower,0,7,51,0,58,0,24,50,2,76,0,31,101,2,134,68,0,68,202
12/27/2021,SGJ,FL,ASO,ES,Federal Contract Tower,1,17,50,0,68,0,23,98,5,126,1,40,148,5,194,246,0,246,440
12/28/2021,SGJ,FL,ASO,ES,Federal Contract Tower,1,13,52,0,66,0,2,174,6,182,1,15,226,6,248,268,4,272,520
12/29/2021,SGJ,FL,ASO,ES,Federal Contract Tower,0,11,55,3,69,0,11,182,4,197,0,22,237,7,266,194,8,202,468
12/30/2021,SGJ,FL,ASO,ES,Federal Contract Tower,0,10,57,0,67,0,2,150,0,152,0,12,207,0,219,216,0,216,435
12/31/2021,SGJ,FL,ASO,ES,Federal Contract Tower,2,2,31,0,35,0,18,33,0,51,2,20,64,0,86,30,0,30,116
01/01/2022,SGJ,FL,ASO,ES,Federal Contract Tower,0,8,31,0,39,0,0,41,0,41,0,8,72,0,80,46,0,46,126
01/02/2022,SGJ,FL,ASO,ES,Federal Contract Tower,0,7,37,0,44,0,26,53,0,79,0,33,90,0,123,26,0,26,149
01/03/2022,SGJ,FL,ASO,ES,Federal Contract Tower,1,1,36,0,38,0,10,53,0,63,1,11,89,0,101,98,0,98,199
01/04/2022,SGJ,FL,ASO,ES,Federal Contract Tower,2,7,34,5,48,0,4,82,0,86,2,11,116,5,134,142,0,142,276
01/05/2022,SGJ,FL,ASO,ES,Federal Contract Tower,0,14,38,7,59,0,0,64,10,74,0,14,102,17,133,122,30,152,285
01/06/2022,SGJ,FL,ASO,ES,Federal Contract Tower,0,9,27,0,36,0,0,126,0,126,0,9,153,0,162,218,0,218,380
01/07/2022,SGJ,FL,ASO,ES,Federal Contract Tower,1,17,37,5,60,0,4,129,0,133,1,21,166,5,193,288,0,288,481
01/08/2022,SGJ,FL,ASO,ES,Federal Contract Tower,1,5,35,0,41,0,18,132,1,151,1,23,167,1,192,268,0,268,460
01/09/2022,SGJ,FL,ASO,ES,Federal Contract Tower,0,12,24,2,38,0,31,78,4,113,0,43,102,6,151,110,0,110,261
01/10/2022,SGJ,FL,ASO,ES,Federal Contract Tower,1,5,23,0,29,0,2,13,0,15,1,7,36,0,44,30,0,30,74
01/11/2022,SGJ,FL,ASO,ES,Federal Contract Tower,1,4,47,3,55,0,3,102,3,108,1,7,149,6,163,90,6,96,259
01/12/2022,SGJ,FL,ASO,ES,Federal Contract Tower,0,11,59,3,73,0,8,128,15,151,0,19,187,18,224,218,38,256,480
01/13/2022,SGJ,FL,ASO,ES,Federal Contract Tower,0,4,49,0,53,0,5,133,18,156,0,9,182,18,209,282,0,282,491
01/14/2022,SGJ,FL,ASO,ES,Federal Contract Tower,2,8,39,3,52,0,9,98,0,107,2,17,137,3,159,127,0,127,286
01/15/2022,SGJ,FL,ASO,ES,Federal Contract Tower,0,8,41,0,49,0,13,116,0,129,0,21,157,0,178,200,0,200,378
01/16/2022,SGJ,FL,ASO,ES,Federal Contract Tower,0,2,12,0,14,0,0,5,0,5,0,2,17,0,19,0,0,0,19
01/17/2022,SGJ,FL,ASO,ES,Federal Contract Tower,1,1,36,0,38,0,12,74,8,94,1,13,110,8,132,132,0,132,264
01/18/2022,SGJ,FL,ASO,ES,Federal Contract Tower,1,7,36,5,49,0,4,147,10,161,1,11,183,15,210,210,0,210,420
01/19/2022,SGJ,FL,ASO,ES,Federal Contract Tower,0,11,58,4,73,0,0,170,4,174,0,11,228,8,247,210,6,216,463
01/20/2022,SGJ,FL,ASO,ES,Federal Contract Tower,0,4,30,0,34,0,5,159,6,170,0,9,189,6,204,223,4,227,431
01/21/2022,SGJ,FL,ASO,ES,Federal Contract Tower,0,14,55,0,69,0,0,0,0,0,0,14,55,0,69,0,0,0,69
01/22/2022,SGJ,FL,ASO,ES,Federal Contract Tower,0,4,11,0,15,0,0,0,0,0,0,4,11,0,15,0,0,0,15
01/23/2022,SGJ,FL,ASO,ES,Federal Contract Tower,0,18,37,3,58,0,24,79,4,107,0,42,116,7,165,78,6,84,249
01/24/2022,SGJ,FL,ASO,ES,Federal Contract Tower,2,19,29,4,54,0,2,145,4,151,2,21,174,8,205,300,4,304,509
01/25/2022,SGJ,FL,ASO,ES,Federal Contract Tower,1,11,25,3,40,0,4,82,4,90,1,15,107,7,130,273,6,279,409
01/26/2022,SGJ,FL,ASO,ES,Federal Contract Tower,0,7,63,5,75,0,2,114,0,116,0,9,177,5,191,298,0,298,489
01/27/2022,SGJ,FL,ASO,ES,Federal Contract Tower,0,9,46,12,67,0,0,0,0,0,0,9,46,12,67,0,0,0,67
01/28/2022,SGJ,FL,ASO,ES,Federal Contract Tower,0,15,38,4,57,0,3,69,0,72,0,18,107,4,129,198,0,198,327
01/29/2022,SGJ,FL,ASO,ES,Federal Contract Tower,0,5,21,0,26,0,12,52,0,64,0,17,73,0,90,60,2,62,152
01/30/2022,SGJ,FL,ASO,ES,Federal Contract Tower,0,2,37,0,39,0,14,148,0,162,0,16,185,0,201,110,0,110,311
01/31/2022,SGJ,FL,ASO,ES,Federal Contract Tower,1,11,18,2,32,0,10,128,1,139,1,21,146,3,171,154,0,154,325
02/01/2022,SGJ,FL,ASO,ES,Federal Contract Tower,1,8,31,5,45,0,8,152,8,168,1,16,183,13,213,224,18,242,455
02/02/2022,SGJ,FL,ASO,ES,Federal Contract Tower,0,6,44,3,53,0,0,104,0,104,0,6,148,3,157,302,4,306,463
02/03/2022,SGJ,FL,ASO,ES,Federal Contract Tower,0,10,23,9,42,0,2,99,7,108,0,12,122,16,150,218,0,218,368
02/04/2022,SGJ,FL,ASO,ES,Federal Contract Tower,0,9,47,4,60,0,6,99,1,106,0,15,146,5,166,164,0,164,330
02/05/2022,SGJ,FL,ASO,ES,Federal Contract Tower,0,5,31,15,51,0,10,20,0,30,0,15,51,15,81,20,0,20,101
02/06/2022,SGJ,FL,ASO,ES,Federal Contract Tower,0,4,31,1,36,0,0,0,0,0,0,4,31,1,36,0,0,0,36
02/07/2022,SGJ,FL,ASO,ES,Federal Contract Tower,1,8,24,2,35,0,4,1,0,5,1,12,25,2,40,0,0,0,40
02/08/2022,SGJ,FL,ASO,ES,Federal Contract Tower,1,9,23,4,37,0,0,13,2,15,1,9,36,6,52,8,2,10,62
02/09/2022,SGJ,FL,ASO,ES,Federal Contract Tower,0,8,56,4,68,0,2,124,2,128,0,10,180,6,196,190,6,196,392
02/10/2022,SGJ,FL,ASO,ES,Federal Contract Tower,0,9,57,0,66,0,0,155,4,159,0,9,212,4,225,300,0,300,525
02/11/2022,SGJ,FL,ASO,ES,Federal Contract Tower,1,10,45,10,66,0,14,168,1,183,1,24,213,11,249,198,0,198,447
02/12/2022,SGJ,FL,ASO,ES,Federal Contract Tower,1,8,44,1,54,0,18,143,0,161,1,26,187,1,215,184,0,184,399
02/13/2022,SGJ,FL,ASO,ES,Federal Contract Tower,0,1,47,1,49,0,26,42,2,70,0,27,89,3,119,104,0,104,223
02/14/2022,SGJ,FL,ASO,ES,Federal Contract Tower,1,11,45,4,61,0,17,73,4,94,1,28,118,8,155,90,0,90,245
02/15/2022,SGJ,FL,ASO,ES,Federal Contract Tower,1,11,46,4,62,0,0,123,8,131,1,11,169,12,193,164,4,168,361
02/16/2022,SGJ,FL,ASO,ES,Federal Contract Tower,0,12,41,0,53,0,5,150,2,157,0,17,191,2,210,224,6,230,440
02/17/2022,SGJ,FL,ASO,ES,Federal Contract Tower,0,14,61,4,79,0,1,89,3,93,0,15,150,7,172,194,0,194,366
02/18/2022,SGJ,FL,ASO,ES,Federal Contract Tower,1,7,49,2,59,0,0,20,0,20,1,7,69,2,79,32,0,32,111
02/19/2022,SGJ,FL,ASO,ES,Federal Contract Tower,1,6,46,4,57,0,1,167,0,168,1,7,213,4,225,262,0,262,487
02/20/2022,SGJ,FL,ASO,ES,Federal Contract Tower,0,11,44,1,56,0,2,111,0,113,0,13,155,1,169,148,0,148,317
02/21/2022,SGJ,FL,ASO,ES,Federal Contract Tower,1,16,54,0,71,0,2,137,0,139,1,18,191,0,210,260,0,260,470
02/22/2022,SGJ,FL,ASO,ES,Federal Contract Tower,1,19,46,7,73,0,1,127,5,133,1,20,173,12,206,188,8,196,402
02/23/2022,SGJ,FL,ASO,ES,Federal Contract Tower,0,16,46,6,68,0,0,105,7,112,0,16,151,13,180,130,8,138,318
02/24/2022,SGJ,FL,ASO,ES,Federal Contract Tower,0,17,60,3,80,0,99,8,0,107,0,116,68,3,187,124,8,132,319
02/25/2022,SGJ,FL,ASO,ES,Federal Contract Tower,1,16,58,17,92,0,2,101,5,108,1,18,159,22,200,158,12,170,370
02/26/2022,SGJ,FL,ASO,ES,Federal Contract Tower,1,10,32,4,47,0,8,126,0,134,1,18,158,4,181,124,0,124,305
02/27/2022,SGJ,FL,ASO,ES,Federal Contract Tower,0,17,49,3,69,0,16,76,10,102,0,33,125,13,171,104,0,104,275
02/28/2022,SGJ,FL,ASO,ES,Federal Contract Tower,1,10,28,1,40,0,0,0,0,0,1,10,28,1,40,0,0,0,40
03/01/2022,SGJ,FL,ASO,ES,Federal Contract Tower,1,8,40,5,54,0,6,105,8,119,1,14,145,13,173,184,4,188,361
03/02/2022,SGJ,FL,ASO,ES,Federal Contract Tower,0,6,43,2,51,0,4,159,8,171,0,10,202,10,222,224,8,232,454
03/03/2022,SGJ,FL,ASO,ES,Federal Contract Tower,0,22,39,2,63,0,2,137,4,143,0,24,176,6,206,246,12,258,464
03/04/2022,SGJ,FL,ASO,ES,Federal Contract Tower,1,17,27,0,45,0,2,90,0,92,1,19,117,0,137,114,0,114,251
03/05/2022,SGJ,FL,ASO,ES,Federal Contract Tower,1,12,49,2,64,0,20,95,0,115,1,32,144,2,179,170,0,170,349
03/06/2022,SGJ,FL,ASO,ES,Federal Contract Tower,0,17,34,0,51,0,18,96,2,116,0,35,130,2,167,124,0,124,291
03/07/2022,SGJ,FL,ASO,ES,Federal Contract Tower,3,25,41,2,71,0,6,81,2,89,3,31,122,4,160,146,6,152,312
03/08/2022,SGJ,FL,ASO,ES,Federal Contract Tower,1,26,53,3,83,0,8,71,4,83,1,34,124,7,166,152,12,164,330
03/09/2022,SGJ,FL,ASO,ES,Federal Contract Tower,0,33,78,2,113,0,4,34,1,39,0,37,112,3,152,32,0,32,184
03/10/2022,SGJ,FL,ASO,ES,Federal Contract Tower,0,27,53,0,80,0,0,9,0,9,0,27,62,0,89,28,0,28,117
03/11/2022,SGJ,FL,ASO,ES,Federal Contract Tower,1,14,32,0,47,0,0,2,1,3,1,14,34,1,50,0,0,0,50
03/12/2022,SGJ,FL,ASO,ES,Federal Contract Tower,1,13,30,0,44,0,0,1,0,1,1,13,31,0,45,20,0,20,65
03/13/2022,SGJ,FL,ASO,ES,Federal Contract Tower,0,31,48,4,83,0,21,128,6,155,0,52,176,10,238,150,0,150,388
03/14/2022,SGJ,FL,ASO,ES,Federal Contract Tower,2,18,48,2,70,0,16,118,4,138,2,34,166,6,208,306,0,306,514
03/15/2022,SGJ,FL,ASO,ES,Federal Contract Tower,1,20,38,5,64,0,6,84,4,94,1,26,122,9,158,144,0,144,302
03/16/2022,SGJ,FL,ASO,ES,Federal Contract Tower,0,14,46,3,63,0,0,80,8,88,0,14,126,11,151,120,2,122,273
03/17/2022,SGJ,FL,ASO,ES,Federal Contract Tower,0,14,64,5,83,0,0,193,0,193,0,14,257,5,276,342,0,342,618
03/18/2022,SGJ,FL,ASO,ES,Federal Contract Tower,1,16,63,3,83,0,9,113,0,122,1,25,176,3,205,214,0,214,419
03/19/2022,SGJ,FL,ASO,ES,Federal Contract Tower,1,18,50,0,69,0,16,135,0,151,1,34,185,0,220,210,0,210,430
03/20/2022,SGJ,FL,ASO,ES,Federal Contract Tower,0,20,35,0,55,0,16,94,0,110,0,36,129,0,165,112,0,112,277
03/21/2022,SGJ,FL,ASO,ES,Federal Contract Tower,1,13,38,0,52,0,29,136,6,171,1,42,174,6,223,214,0,214,437
03/22/2022,SGJ,FL,ASO,ES,Federal Contract Tower,1,11,49,4,65,0,4,148,6,158,1,15,197,10,223,212,10,222,445
03/23/2022,SGJ,FL,ASO,ES,Federal Contract Tower,0,11,46,2,59,0,0,42,2,44,0,11,88,4,103,56,6,62,165
03/24/2022,SGJ,FL,ASO,ES,Federal Contract Tower,0,11,36,0,47,0,0,0,0,0,0,11,36,0,47,0,0,0,47
03/25/2022,SGJ,FL,ASO,ES,Federal Contract Tower,2,21,41,15,79,0,18,175,0,193,2,39,216,15,272,214,0,214,486
03/26/2022,SGJ,FL,ASO,ES,Federal Contract Tower,3,17,42,0,62,0,17,138,0,155,3,34,180,0,217,200,0,200,417
03/27/2022,SGJ,FL,ASO,ES,Federal Contract Tower,1,18,39,5,63,0,26,130,0,156,1,44,169,5,219,128,0,128,347
03/28/2022,SGJ,FL,ASO,ES,Federal Contract Tower,1,12,57,3,73,0,28,151,0,179,1,40,208,3,252,276,0,276,528
03/29/2022,SGJ,FL,ASO,ES,Federal Contract Tower,0,7,58,2,67,0,0,197,13,210,0,7,255,15,277,296,0,296,573
03/30/2022,SGJ,FL,ASO,ES,Federal Contract Tower,0,9,66,15,90,0,0,131,7,138,0,9,197,22,228,148,6,154,382
03/31/2022,SGJ,FL,ASO,ES,Federal Contract Tower,0,7,36,2,45,0,0,33,0,33,0,7,69,2,78,24,0,24,102
04/01/2022,SGJ,FL,ASO,ES,Federal Contract Tower,0,5,77,4,86,0,2,143,0,145,0,7,220,4,231,336,0,336,567
04/02/2022,SGJ,FL,ASO,ES,Federal Contract Tower,0,3,41,0,44,0,2,10,0,12,0,5,51,0,56,10,0,10,66
04/03/2022,SGJ,FL,ASO,ES,Federal Contract Tower,2,5,50,3,60,0,20,132,0,152,2,25,182,3,212,126,0,126,338
04/04/2022,SGJ,FL,ASO,ES,Federal Contract Tower,1,15,49,2,67,0,16,158,0,174,1,31,207,2,241,260,0,260,501
04/05/2022,SGJ,FL,ASO,ES,Federal Contract Tower,1,11,20,2,34,0,4,65,0,69,1,15,85,2,103,134,0,134,237
04/06/2022,SGJ,FL,ASO,ES,Federal Contract Tower,0,9,41,5,55,0,0,45,7,52,0,9,86,12,107,74,34,108,215
04/07/2022,SGJ,FL,ASO,ES,Federal Contract Tower,1,13,41,0,55,0,0,34,0,34,1,13,75,0,89,12,0,12,101
04/08/2022,SGJ,FL,ASO,ES,Federal Contract Tower,1,10,47,2,60,0,10,139,6,155,1,20,186,8,215,202,0,202,417
04/09/2022,SGJ,FL,ASO,ES,Federal Contract Tower,3,18,28,0,49,0,12,77,0,89,3,30,105,0,138,98,0,98,236
04/10/2022,SGJ,FL,ASO,ES,Federal Contract Tower,1,21,52,2,76,0,24,136,6,166,1,45,188,8,242,296,0,296,538
04/11/2022,SGJ,FL,ASO,ES,Federal Contract Tower,1,14,43,1,59,0,14,120,6,140,1,28,163,7,199,296,0,296,495
04/12/2022,SGJ,FL,ASO,ES,Federal Contract Tower,1,10,28,2,41,0,8,132,6,146,1,18,160,8,187,250,2,252,439
04/13/2022,SGJ,FL,ASO,ES,Federal Contract Tower,0,16,45,2,63,0,1,156,7,164,0,17,201,9,227,328,8,336,563
04/14/2022,SGJ,FL,ASO,ES,Federal Contract Tower,0,26,65,7,98,0,6,103,4,113,0,32,168,11,211,208,10,218,429
04/15/2022,SGJ,FL,ASO,ES,Federal Contract Tower,2,4,47,0,53,0,13,103,1,117,2,17,150,1,170,236,0,236,406
04/16/2022,SGJ,FL,ASO,ES,Federal Contract Tower,2,10,35,0,47,0,26,124,0,150,2,36,159,0,197,242,0,242,439
04/17/2022,SGJ,FL,ASO,ES,Federal Contract Tower,1,12,23,0,36,0,8,44,1,53,1,20,67,1,89,90,0,90,179
04/18/2022,SGJ,FL,ASO,ES,Federal Contract Tower,1,27,56,0,84,0,8,110,2,120,1,35,166,2,204,300,0,300,504
04/19/2022,SGJ,FL,ASO,ES,Federal Contract Tower,1,16,58,6,81,0,4,144,10,158,1,20,202,16,239,258,0,258,497
04/20/2022,SGJ,FL,ASO,ES,Federal Contract Tower,0,8,62,2,72,0,3,103,7,113,0,11,165,9,185,178,6,184,369
04/21/2022,SGJ,FL,ASO,ES,Federal Contract Tower,1,16,66,3,86,0,0,127,9,136,1,16,193,12,222,180,40,220,442
04/22/2022,SGJ,FL,ASO,ES,Federal Contract Tower,1,13,40,0,54,0,0,100,0,100,1,13,140,0,154,144,0,144,298
04/23/2022,SGJ,FL,ASO,ES,Federal Contract Tower,0,8,28,0,36,0,0,131,0,131,0,8,159,0,167,254,0,254,421
04/24/2022,SGJ,FL,ASO,ES,Federal Contract Tower,1,17,36,0,54,0,2,123,4,129,1,19,159,4,183,124,0,124,307
04/25/2022,SGJ,FL,ASO,ES,Federal Contract Tower,1,22,35,1,59,0,8,137,8,153,1,30,172,9,212,282,0,282,494
04/26/2022,SGJ,FL,ASO,ES,Federal Contract Tower,1,16,62,2,81,0,2,176,9,187,1,18,238,11,268,316,6,322,590
04/27/2022,SGJ,FL,ASO,ES,Federal Contract Tower,0,20,49,3,72,0,0,123,6,129,0,20,172,9,201,196,10,206,407
04/28/2022,SGJ,FL,ASO,ES,Federal Contract Tower,0,24,62,0,86,0,0,98,6,104,0,24,160,6,190,18,34,52,242
04/29/2022,SGJ,FL,ASO,ES,Federal Contract Tower,0,8,36,0,44,0,0,106,0,106,0,8,142,0,150,224,0,224,374
04/30/2022,SGJ,FL,ASO,ES,Federal Contract Tower,0,15,47,0,62,0,4,96,0,100,0,19,143,0,162,106,0,106,268
05/01/2022,SGJ,FL,ASO,ES,Federal Contract Tower,0,32,54,9,95,0,0,99,0,99,0,32,153,9,194,124,0,124,318
05/02/2022,SGJ,FL,ASO,ES,Federal Contract Tower,1,18,42,3,64,0,0,102,2,104,1,18,144,5,168,230,0,230,398
05/03/2022,SGJ,FL,ASO,ES,Federal Contract Tower,1,25,49,0,75,0,0,126,10,136,1,25,175,10,211,286,6,292,503
05/04/2022,SGJ,FL,ASO,ES,Federal Contract Tower,0,23,42,4,69,0,6,170,5,181,0,29,212,9,250,278,0,278,528
05/05/2022,SGJ,FL,ASO,ES,Federal Contract Tower,0,9,71,0,80,0,8,172,6,186,0,17,243,6,266,206,4,210,476
05/06/2022,SGJ,FL,ASO,ES,Federal Contract Tower,0,12,44,3,59,0,10,100,0,110,0,22,144,3,169,100,0,100,269
05/07/2022,SGJ,FL,ASO,ES,Federal Contract Tower,11,32,1,0,44,0,8,25,0,33,11,40,26,0,77,42,0,42,119
05/08/2022,SGJ,FL,ASO,ES,Federal Contract Tower,1,13,39,0,53,0,32,100,6,138,1,45,139,6,191,102,0,102,293
05/09/2022,SGJ,FL,ASO,ES,Federal Contract Tower,2,8,25,3,38,0,16,65,4,85,2,24,90,7,123,120,14,134,257
05/10/2022,SGJ,FL,ASO,ES,Federal Contract Tower,2,15,24,2,43,0,4,106,3,113,2,19,130,5,156,90,0,90,246
05/11/2022,SGJ,FL,ASO,ES,Federal Contract Tower,0,17,46,4,67,0,2,96,5,103,0,19,142,9,170,80,6,86,256
05/12/2022,SGJ,FL,ASO,ES,Federal Contract Tower,2,12,40,2,56,0,0,118,9,127,2,12,158,11,183,204,10,214,397
05/13/2022,SGJ,FL,ASO,ES,Federal Contract Tower,2,18,36,3,59,0,4,78,2,84,2,22,114,5,143,238,0,238,381
05/14/2022,SGJ,FL,ASO,ES,Federal Contract Tower,0,10,29,2,41,0,18,158,2,178,0,28,187,4,219,188,0,188,407
05/15/2022,SGJ,FL,ASO,ES,Federal Contract Tower,0,18,22,0,40,0,7,82,0,89,0,25,104,0,129,78,0,78,207
05/16/2022,SGJ,FL,ASO,ES,Federal Contract Tower,2,15,44,0,61,0,18,131,1,150,2,33,175,1,211,150,0,150,361
05/17/2022,SGJ,FL,ASO,ES,Federal Contract Tower,2,7,52,3,64,0,7,133,10,150,2,14,185,13,214,138,6,144,358
05/18/2022,SGJ,FL,ASO,ES,Federal Contract Tower,0,17,41,0,58,0,0,114,0,114,0,17,155,0,172,186,0,186,358
05/19/2022,SGJ,FL,ASO,ES,Federal Contract Tower,1,15,57,3,76,0,0,154,3,157,1,15,211,6,233,340,0,340,573
05/20/2022,SGJ,FL,ASO,ES,Federal Contract Tower,1,16,39,1,57,0,0,94,0,94,1,16,133,1,151,208,0,208,359
05/21/2022,SGJ,FL,ASO,ES,Federal Contract Tower,0,7,33,3,43,0,10,71,0,81,0,17,104,3,124,120,2,122,246
05/22/2022,SGJ,FL,ASO,ES,Federal Contract Tower,2,13,38,0,53,0,2,27,0,29,2,15,65,0,82,0,0,0,82
05/23/2022,SGJ,FL,ASO,ES,Federal Contract Tower,1,22,46,3,72,0,18,76,0,94,1,40,122,3,166,194,0,194,360
05/24/2022,SGJ,FL,ASO,ES,Federal Contract Tower,2,29,47,3,81,0,8,102,1,111,2,37,149,4,192,148,0,148,340
05/25/2022,SGJ,FL,ASO,ES,Federal Contract Tower,0,9,51,5,65,0,1,151,0,152,0,10,202,5,217,328,0,328,545
05/26/2022,SGJ,FL,ASO,ES,Federal Contract Tower,1,12,55,1,69,0,2,121,4,127,1,14,176,5,196,252,0,252,448
05/27/2022,SGJ,FL,ASO,ES,Federal Contract Tower,3,10,46,0,59,0,10,82,0,92,3,20,128,0,151,168,0,168,319
05/28/2022,SGJ,FL,ASO,ES,Federal Contract Tower,1,14,33,0,48,0,20,113,0,133,1,34,146,0,181,269,0,269,450
05/29/2022,SGJ,FL,ASO,ES,Federal Contract Tower,1,9,25,0,35,0,27,93,2,122,1,36,118,2,157,146,0,146,303
05/30/2022,SGJ,FL,ASO,ES,Federal Contract Tower,1,15,42,1,59,0,14,81,0,95,1,29,123,1,154,162,0,162,316
05/31/2022,SGJ,FL,ASO,ES,Federal Contract Tower,1,19,28,4,52,0,0,69,4,73,1,19,97,8,125,234,0,234,359
06/01/2022,SGJ,FL,ASO,ES,Federal Contract Tower,0,14,47,1,62,0,0,139,10,149,0,14,186,11,211,278,0,278,489
06/02/2022,SGJ,FL,ASO,ES,Federal Contract Tower,1,18,42,5,66,0,0,127,9,136,1,18,169,14,202,254,0,254,456
06/03/2022,SGJ,FL,ASO,ES,Federal Contract Tower,1,18,47,11,77,0,8,139,0,147,1,26,186,11,224,262,0,262,486
06/04/2022,SGJ,FL,ASO,ES,Federal Contract Tower,1,11,20,0,32,0,14,52,0,66,1,25,72,0,98,118,0,118,216
06/05/2022,SGJ,FL,ASO,ES,Federal Contract Tower,1,10,36,0,47,0,3,60,1,64,1,13,96,1,111,104,0,104,215
06/06/2022,SGJ,FL,ASO,ES,Federal Contract Tower,1,11,22,5,39,0,8,43,1,52,1,19,65,6,91,118,2,120,211
06/07/2022,SGJ,FL,ASO,ES,Federal Contract Tower,0,19,38,6,63,0,12,167,8,187,0,31,205,14,250,324,4,328,578
06/08/2022,SGJ,FL,ASO,ES,Federal Contract Tower,0,7,39,6,52,0,1,120,14,135,0,8,159,20,187,200,24,224,411
06/09/2022,SGJ,FL,ASO,ES,Federal Contract Tower,0,9,44,4,57,0,0,115,7,122,0,9,159,11,179,280,0,280,459
06/10/2022,SGJ,FL,ASO,ES,Federal Contract Tower,0,9,43,2,54,0,16,95,2,113,0,25,138,4,167,218,0,218,385
06/11/2022,SGJ,FL,ASO,ES,Federal Contract Tower,0,12,26,3,41,0,14,10,0,24,0,26,36,3,65,28,0,28,93
06/12/2022,SGJ,FL,ASO,ES,Federal Contract Tower,0,15,27,0,42,0,18,75,0,93,0,33,102,0,135,92,0,92,227
06/13/2022,SGJ,FL,ASO,ES,Federal Contract Tower,0,6,35,0,41,0,14,108,8,130,0,20,143,8,171,210,0,210,381
06/14/2022,SGJ,FL,ASO,ES,Federal Contract Tower,1,18,43,5,67,0,2,130,3,135,1,20,173,8,202,236,0,236,438
06/15/2022,SGJ,FL,ASO,ES,Federal Contract Tower,0,11,55,7,73,0,4,165,2,171,0,15,220,9,244,304,0,304,548
06/16/2022,SGJ,FL,ASO,ES,Federal Contract Tower,0,11,45,1,57,0,0,119,6,125,0,11,164,7,182,264,8,272,454
06/17/2022,SGJ,FL,ASO,ES,Federal Contract Tower,0,19,32,5,56,0,14,136,2,152,0,33,168,7,208,290,0,290,498
06/18/2022,SGJ,FL,ASO,ES,Federal Contract Tower,0,9,20,0,29,0,10,41,0,51,0,19,61,0,80,64,0,64,144
06/19/2022,SGJ,FL,ASO,ES,Federal Contract Tower,0,14,23,0,37,0,22,106,0,128,0,36,129,0,165,52,0,52,217
06/20/2022,SGJ,FL,ASO,ES,Federal Contract Tower,0,14,30,1,45,0,24,93,6,123,0,38,123,7,168,178,0,178,346
06/21/2022,SGJ,FL,ASO,ES,Federal Contract Tower,0,15,15,2,32,0,2,128,7,137,0,17,143,9,169,262,2,264,433
06/22/2022,SGJ,FL,ASO,ES,Federal Contract Tower,0,6,41,3,50,0,3,127,4,134,0,9,168,7,184,256,0,256,440
06/23/2022,SGJ,FL,ASO,ES,Federal Contract Tower,0,15,50,0,65,0,0,127,2,129,0,15,177,2,194,172,0,172,366
06/24/2022,SGJ,FL,ASO,ES,Federal Contract Tower,0,14,55,1,70,0,12,68,0,80,0,26,123,1,150,67,0,67,217
06/25/2022,SGJ,FL,ASO,ES,Federal Contract Tower,1,7,39,0,47,0,16,127,0,143,1,23,166,0,190,270,0,270,460
06/26/2022,SGJ,FL,ASO,ES,Federal Contract Tower,1,18,23,0,42,0,18,96,0,114,1,36,119,0,156,128,0,128,284
06/27/2022,SGJ,FL,ASO,ES,Federal Contract Tower,0,16,32,0,48,0,6,43,6,55,0,22,75,6,103,106,0,106,209
06/28/2022,SGJ,FL,ASO,ES,Federal Contract Tower,0,12,18,0,30,0,8,125,6,139,0,20,143,6,169,254,8,262,431
06/29/2022,SGJ,FL,ASO,ES,Federal Contract Tower,0,20,34,6,60,0,1,175,8,184,0,21,209,14,244,324,0,324,568
06/30/2022,SGJ,FL,ASO,ES,Federal Contract Tower,0,11,56,2,69,0,3,101,4,108,0,14,157,6,177,218,0,218,395
07/01/2022,SGJ,FL,ASO,ES,Federal Contract Tower,0,11,33,1,45,0,4,70,2,76,0,15,103,3,121,114,0,114,235
07/02/2022,SGJ,FL,ASO,ES,Federal Contract Tower,0,17,43,0,60,0,10,80,0,90,0,27,123,0,150,92,0,92,242
07/03/2022,SGJ,FL,ASO,ES,Federal Contract Tower,0,3,12,0,15,0,6,41,0,47,0,9,53,0,62,80,0,80,142
07/04/2022,SGJ,FL,ASO,ES,Federal Contract Tower,0,9,20,0,29,0,28,56,2,86,0,37,76,2,115,108,0,108,223
07/05/2022,SGJ,FL,ASO,ES,Federal Contract Tower,0,7,46,2,55,0,0,120,2,122,0,7,166,4,177,194,0,194,371
07/06/2022,SGJ,FL,ASO,ES,Federal Contract Tower,0,17,65,5,87,0,6,142,6,154,0,23,207,11,241,312,0,312,553
07/07/2022,SGJ,FL,ASO,ES,Federal Contract Tower,0,5,52,1,58,0,0,100,0,100,0,5,152,1,158,290,0,290,448
07/08/2022,SGJ,FL,ASO,ES,Federal Contract Tower,0,6,38,0,44,0,13,109,0,122,0,19,147,0,166,230,0,230,396
07/09/2022,SGJ,FL,ASO,ES,Federal Contract Tower,0,3,23,3,29,0,17,60,0,77,0,20,83,3,106,74,0,74,180
07/10/2022,SGJ,FL,ASO,ES,Federal Contract Tower,0,17,28,0,45,0,8,79,0,87,0,25,107,0,132,56,0,56,188
07/11/2022,SGJ,FL,ASO,ES,Federal Contract Tower,0,9,27,0,36,0,4,26,0,30,0,13,53,0,66,136,0,136,202
07/12/2022,SGJ,FL,ASO,ES,Federal Contract Tower,0,9,39,1,49,0,0,101,0,101,0,9,140,1,150,172,2,174,324
07/13/2022,SGJ,FL,ASO,ES,Federal Contract Tower,0,13,30,2,45,0,5,143,4,152,0,18,173,6,197,338,8,346,543
07/14/2022,SGJ,FL,ASO,ES,Federal Contract Tower,0,7,39,2,48,0,2,117,0,119,0,9,156,2,167,340,24,364,531
07/15/2022,SGJ,FL,ASO,ES,Federal Contract Tower,0,8,33,0,41,0,14,118,2,134,0,22,151,2,175,302,0,302,477
07/16/2022,SGJ,FL,ASO,ES,Federal Contract Tower,0,7,23,0,30,0,10,56,0,66,0,17,79,0,96,46,0,46,142
07/17/2022,SGJ,FL,ASO,ES,Federal Contract Tower,0,11,30,0,41,0,22,64,0,86,0,33,94,0,127,172,0,172,299
07/18/2022,SGJ,FL,ASO,ES,Federal Contract Tower,0,4,22,0,26,0,0,40,0,40,0,4,62,0,66,120,0,120,186
07/19/2022,SGJ,FL,ASO,ES,Federal Contract Tower,0,14,20,1,35,0,0,68,6,74,0,14,88,7,109,210,12,222,331
07/20/2022,SGJ,FL,ASO,ES,Federal Contract Tower,0,11,38,3,52,0,0,43,2,45,0,11,81,5,97,106,0,106,203
07/21/2022,SGJ,FL,ASO,ES,Federal Contract Tower,0,11,35,2,48,0,6,134,5,145,0,17,169,7,193,330,0,330,523
07/22/2022,SGJ,FL,ASO,ES,Federal Contract Tower,0,12,30,6,48,0,18,125,0,143,0,30,155,6,191,294,0,294,485
07/23/2022,SGJ,FL,ASO,ES,Federal Contract Tower,0,7,38,2,47,0,15,73,0,88,0,22,111,2,135,104,0,104,239
07/24/2022,SGJ,FL,ASO,ES,Federal Contract Tower,0,9,35,2,46,0,15,80,0,95,0,24,115,2,141,200,0,200,341
07/25/2022,SGJ,FL,ASO,ES,Federal Contract Tower,0,11,37,1,49,0,12,120,10,142,0,23,157,11,191,326,0,326,517
07/26/2022,SGJ,FL,ASO,ES,Federal Contract Tower,0,7,29,7,43,0,2,112,11,125,0,9,141,18,168,254,6,260,428
07/27/2022,SGJ,FL,ASO,ES,Federal Contract Tower,0,22,28,1,51,0,4,109,10,123,0,26,137,11,174,236,36,272,446
07/28/2022,SGJ,FL,ASO,ES,Federal Contract Tower,0,14,37,0,51,0,2,133,0,135,0,16,170,0,186,298,0,298,484
07/29/2022,SGJ,FL,ASO,ES,Federal Contract Tower,0,11,43,1,55,0,18,145,3,166,0,29,188,4,221,232,0,232,453
07/30/2022,SGJ,FL,ASO,ES,Federal Contract Tower,0,11,32,1,44,0,22,143,1,166,0,33,175,2,210,212,0,212,422
07/31/2022,SGJ,FL,ASO,ES,Federal Contract Tower,0,10,28,0,38,0,24,129,0,153,0,34,157,0,191,216,0,216,407
08/01/2022,SGJ,FL,ASO,ES,Federal Contract Tower,0,16,39,2,57,0,14,105,8,127,0,30,144,10,184,162,6,168,352
08/02/2022,SGJ,FL,ASO,ES,Federal Contract Tower,0,15,35,1,51,0,7,127,16,150,0,22,162,17,201,304,2,306,507
08/03/2022,SGJ,FL,ASO,ES,Federal Contract Tower,0,7,60,0,67,0,23,167,14,204,0,30,227,14,271,392,22,414,685
08/04/2022,SGJ,FL,ASO,ES,Federal Contract Tower,0,16,57,3,76,0,11,115,9,135,0,27,172,12,211,254,0,254,465
08/05/2022,SGJ,FL,ASO,ES,Federal Contract Tower,0,12,44,1,57,0,10,123,0,133,0,22,167,1,190,296,0,296,486
08/06/2022,SGJ,FL,ASO,ES,Federal Contract Tower,0,6,48,2,56,0,15,139,2,156,0,21,187,4,212,310,0,310,522
08/07/2022,SGJ,FL,ASO,ES,Federal Contract Tower,0,10,38,0,48,0,2,92,0,94,0,12,130,0,142,224,0,224,366
08/08/2022,SGJ,FL,ASO,ES,Federal Contract Tower,0,16,29,0,45,0,10,83,1,94,0,26,112,1,139,316,0,316,455
08/09/2022,SGJ,FL,ASO,ES,Federal Contract Tower,0,9,27,3,39,0,10,130,6,146,0,19,157,9,185,394,0,394,579
08/10/2022,SGJ,FL,ASO,ES,Federal Contract Tower,0,18,53,2,73,0,9,147,2,158,0,27,200,4,231,306,0,306,537
08/11/2022,SGJ,FL,ASO,ES,Federal Contract Tower,0,16,32,3,51,0,0,84,2,86,0,16,116,5,137,218,0,218,355
08/12/2022,SGJ,FL,ASO,ES,Federal Contract Tower,0,18,31,2,51,0,0,97,3,100,0,18,128,5,151,300,0,300,451
08/13/2022,SGJ,FL,ASO,ES,Federal Contract Tower,0,11,30,4,45,0,10,69,0,79,0,21,99,4,124,146,0,146,270
08/14/2022,SGJ,FL,ASO,ES,Federal Contract Tower,0,12,30,1,43,0,20,95,1,116,0,32,125,2,159,76,0,76,235
08/15/2022,SGJ,FL,ASO,ES,Federal Contract Tower,0,9,30,2,41,0,8,162,10,180,0,17,192,12,221,384,0,384,605
08/16/2022,SGJ,FL,ASO,ES,Federal Contract Tower,0,22,21,3,46,0,8,131,8,147,0,30,152,11,193,314,0,314,507
08/17/2022,SGJ,FL,ASO,ES,Federal Contract Tower,0,8,37,3,48,0,0,117,3,120,0,8,154,6,168,312,4,316,484
08/18/2022,SGJ,FL,ASO,ES,Federal Contract Tower,0,14,37,1,52,0,10,60,8,78,0,24,97,9,130,200,0,200,330
08/19/2022,SGJ,FL,ASO,ES,Federal Contract Tower,0,18,39,3,60,0,5,101,0,106,0,23,140,3,166,222,0,222,388
08/20/2022,SGJ,FL,ASO,ES,Federal Contract Tower,0,6,39,0,45,0,22,117,0,139,0,28,156,0,184,258,0,258,442
08/21/2022,SGJ,FL,ASO,ES,Federal Contract Tower,0,12,23,0,35,0,18,56,6,80,0,30,79,6,115,138,0,138,253
08/22/2022,SGJ,FL,ASO,ES,Federal Contract Tower,0,9,24,0,33,0,10,61,4,75,0,19,85,4,108,172,0,172,280
08/23/2022,SGJ,FL,ASO,ES,Federal Contract Tower,0,9,29,2,40,0,4,74,10,88,0,13,103,12,128,186,8,194,322
08/24/2022,SGJ,FL,ASO,ES,Federal Contract Tower,0,10,30,0,40,0,10,107,8,125,0,20,137,8,165,202,14,216,381
08/25/2022,SGJ,FL,ASO,ES,Federal Contract Tower,0,11,45,2,58,0,4,54,1,59,0,15,99,3,117,160,0,160,277
08/26/2022,SGJ,FL,ASO,ES,Federal Contract Tower,0,10,52,3,65,0,1,87,0,88,0,11,139,3,153,172,0,172,325
08/27/2022,SGJ,FL,ASO,ES,Federal Contract Tower,0,5,41,0,46,0,10,28,0,38,0,15,69,0,84,22,0,22,106
08/28/2022,SGJ,FL,ASO,ES,Federal Contract Tower,0,10,37,0,47,0,16,67,2,85,0,26,104,2,132,126,0,126,258
08/29/2022,SGJ,FL,ASO,ES,Federal Contract Tower,0,10,11,3,24,0,2,21,4,27,0,12,32,7,51,138,20,158,209
08/30/2022,SGJ,FL,ASO,ES,Federal Contract Tower,0,10,32,1,43,0,0,65,2,67,0,10,97,3,110,186,0,186,296
08/31/2022,SGJ,FL,ASO,ES,Federal Contract Tower,0,3,58,0,61,0,2,67,2,71,0,5,125,2,132,130,0,130,262
09/01/2022,SGJ,FL,ASO,ES,Federal Contract Tower,0,16,30,2,48,0,0,66,0,66,0,16,96,2,114,115,16,131,245
09/02/2022,SGJ,FL,ASO,ES,Federal Contract Tower,0,13,49,0,62,0,2,90,0,92,0,15,139,0,154,150,0,150,304
09/03/2022,SGJ,FL,ASO,ES,Federal Contract Tower,0,4,41,0,45,0,16,83,0,99,0,20,124,0,144,162,0,162,306
09/04/2022,SGJ,FL,ASO,ES,Federal Contract Tower,0,7,14,0,21,0,20,49,0,69,0,27,63,0,90,136,0,136,226
09/05/2022,SGJ,FL,ASO,ES,Federal Contract Tower,0,12,32,0,44,0,14,91,0,105,0,26,123,0,149,202,0,202,351
09/06/2022,SGJ,FL,ASO,ES,Federal Contract Tower,0,9,59,5,73,0,0,101,6,107,0,9,160,11,180,196,10,206,386
09/07/2022,SGJ,FL,ASO,ES,Federal Contract Tower,0,14,55,1,70,0,0,130,0,130,0,14,185,1,200,210,0,210,410
09/08/2022,SGJ,FL,ASO,ES,Federal Contract Tower,0,7,28,3,38,0,4,63,3,70,0,11,91,6,108,232,18,250,358
09/09/2022,SGJ,FL,ASO,ES,Federal Contract Tower,0,16,65,2,83,0,0,49,0,49,0,16,114,2,132,66,0,66,198
09/10/2022,SGJ,FL,ASO,ES,Federal Contract Tower,0,6,31,0,37,0,10,93,0,103,0,16,124,0,140,128,0,128,268
09/11/2022,SGJ,FL,ASO,ES,Federal Contract Tower,0,22,26,0,48,0,16,75,4,95,0,38,101,4,143,106,0,106,249
09/12/2022,SGJ,FL,ASO,ES,Federal Contract Tower,0,14,21,3,38,0,0,63,10,73,0,14,84,13,111,108,0,108,219
09/13/2022,SGJ,FL,ASO,ES,Federal Contract Tower,0,15,43,1,59,0,8,78,1,87,0,23,121,2,146,100,0,100,246
09/14/2022,SGJ,FL,ASO,ES,Federal Contract Tower,0,17,41,1,59,0,2,89,6,97,0,19,130,7,156,156,0,156,312
09/15/2022,SGJ,FL,ASO,ES,Federal Contract Tower,0,14,33,0,47,0,0,31,1,32,0,14,64,1,79,102,0,102,181
09/16/2022,SGJ,FL,ASO,ES,Federal Contract Tower,0,13,30,3,46,0,0,10,35,45,0,13,40,38,91,54,2,56,147
09/17/2022,SGJ,FL,ASO,ES,Federal Contract Tower,0,7,18,2,27,0,4,30,2,36,0,11,48,4,63,61,0,61,124
09/18/2022,SGJ,FL,ASO,ES,Federal Contract Tower,0,5,38,4,47,0,10,16,0,26,0,15,54,4,73,12,0,12,85
09/19/2022,SGJ,FL,ASO,ES,Federal Contract Tower,0,10,39,0,49,0,0,111,0,111,0,10,150,0,160,120,22,142,302
09/20/2022,SGJ,FL,ASO,ES,Federal Contract Tower,0,16,40,4,60,0,10,92,6,108,0,26,132,10,168,143,0,143,311
09/21/2022,SGJ,FL,ASO,ES,Federal Contract Tower,0,13,34,4,51,0,13,122,4,139,0,26,156,8,190,178,0,178,368
09/22/2022,SGJ,FL,ASO,ES,Federal Contract Tower,0,11,44,2,57,0,12,175,3,190,0,23,219,5,247,408,2,410,657
09/23/2022,SGJ,FL,ASO,ES,Federal Contract Tower,0,7,50,2,59,0,3,59,0,62,0,10,109,2,121,25,0,25,146
09/24/2022,SGJ,FL,ASO,ES,Federal Contract Tower,0,15,22,0,37,0,16,126,0,142,0,31,148,0,179,180,0,180,359
09/25/2022,SGJ,FL,ASO,ES,Federal Contract Tower,0,13,40,3,56,0,8,96,0,104,0,21,136,3,160,125,0,125,285
09/26/2022,SGJ,FL,ASO,ES,Federal Contract Tower,0,12,47,2,61,0,20,156,8,184,0,32,203,10,245,446,0,446,691
09/27/2022,SGJ,FL,ASO,ES,Federal Contract Tower,0,19,25,1,45,0,8,51,0,59,0,27,76,1,104,106,0,106,210
09/28/2022,SGJ,FL,ASO,ES,Federal Contract Tower,0,1,7,0,8,0,0,0,0,0,0,1,7,0,8,0,0,0,8
09/30/2022,SGJ,FL,ASO,ES,Federal Contract Tower,0,0,4,0,4,0,0,0,2,2,0,0,4,2,6,0,0,0,6
10/01/2022,SGJ,FL,ASO,ES,Federal Contract Tower,0,7,18,1,26,0,8,42,0,50,0,15,60,1,76,14,0,14,90
10/02/2022,SGJ,FL,ASO,ES,Federal Contract Tower,0,5,18,0,23,0,12,73,0,85,0,17,91,0,108,118,0,118,226
10/03/2022,SGJ,FL,ASO,ES,Federal Contract Tower,0,11,24,2,37,0,2,76,6,84,0,13,100,8,121,86,4,90,211
10/04/2022,SGJ,FL,ASO,ES,Federal Contract Tower,0,19,27,2,48,0,0,125,4,129,0,19,152,6,177,84,0,84,261
10/05/2022,SGJ,FL,ASO,ES,Federal Contract Tower,0,17,56,4,77,0,4,190,0,194,0,21,246,4,271,404,0,404,675
10/06/2022,SGJ,FL,ASO,ES,Federal Contract Tower,0,13,38,0,51,0,2,188,6,196,0,15,226,6,247,342,0,342,589
10/07/2022,SGJ,FL,ASO,ES,Federal Contract Tower,0,13,34,5,52,0,0,119,2,121,0,13,153,7,173,360,0,360,533
10/08/2022,SGJ,FL,ASO,ES,Federal Contract Tower,0,0,5,46,51,0,18,143,0,161,0,18,148,46,212,214,0,214,426
10/09/2022,SGJ,FL,ASO,ES,Federal Contract Tower,0,18,29,0,47,0,8,113,4,125,0,26,142,4,172,184,6,190,362
10/10/2022,SGJ,FL,ASO,ES,Federal Contract Tower,0,16,31,0,47,0,2,62,2,66,0,18,93,2,113,188,0,188,301
10/11/2022,SGJ,FL,ASO,ES,Federal Contract Tower,0,17,52,2,71,0,1,90,4,95,0,18,142,6,166,220,8,228,394
10/12/2022,SGJ,FL,ASO,ES,Federal Contract Tower,0,11,64,0,75,0,0,105,9,114,0,11,169,9,189,268,14,282,471
10/13/2022,SGJ,FL,ASO,ES,Federal Contract Tower,0,11,49,1,61,0,4,128,4,136,0,15,177,5,197,268,6,274,471
10/14/2022,SGJ,FL,ASO,ES,Federal Contract Tower,0,9,57,1,67,0,6,128,0,134,0,15,185,1,201,286,0,286,487
10/15/2022,SGJ,FL,ASO,ES,Federal Contract Tower,0,4,30,0,34,0,10,183,0,193,0,14,213,0,227,272,0,272,499
10/16/2022,SGJ,FL,ASO,ES,Federal Contract Tower,0,11,43,1,55,0,0,111,0,111,0,11,154,1,166,174,0,174,340
10/17/2022,SGJ,FL,ASO,ES,Federal Contract Tower,0,17,34,2,53,0,6,104,0,110,0,23,138,2,163,202,0,202,365
10/18/2022,SGJ,FL,ASO,ES,Federal Contract Tower,0,17,37,5,59,0,0,127,2,129,0,17,164,7,188,272,0,272,460
10/19/2022,SGJ,FL,ASO,ES,Federal Contract Tower,0,11,81,0,92,0,1,139,1,141,0,12,220,1,233,236,28,264,497
10/20/2022,SGJ,FL,ASO,ES,Federal Contract Tower,0,12,63,5,80,0,6,138,0,144,0,18,201,5,224,316,0,316,540
10/21/2022,SGJ,FL,ASO,ES,Federal Contract Tower,0,10,73,15,98,0,14,195,3,212,0,24,268,18,310,252,0,252,562
10/22/2022,SGJ,FL,ASO,ES,Federal Contract Tower,0,7,17,0,24,0,10,143,0,153,0,17,160,0,177,80,0,80,257
10/23/2022,SGJ,FL,ASO,ES,Federal Contract Tower,0,12,40,4,56,0,16,62,1,79,0,28,102,5,135,125,0,125,260
10/24/2022,SGJ,FL,ASO,ES,Federal Contract Tower,0,11,30,7,48,0,2,153,1,156,0,13,183,8,204,316,0,316,520
10/25/2022,SGJ,FL,ASO,ES,Federal Contract Tower,0,8,39,3,50,0,18,193,5,216,0,26,232,8,266,378,0,378,644
10/26/2022,SGJ,FL,ASO,ES,Federal Contract Tower,0,11,67,1,79,0,2,158,4,164,0,13,225,5,243,302,2,304,547
10/27/2022,SGJ,FL,ASO,ES,Federal Contract Tower,0,11,70,3,84,0,2,118,1,121,0,13,188,4,205,278,0,278,483
10/28/2022,SGJ,FL,ASO,ES,Federal Contract Tower,0,15,43,2,60,0,0,47,0,47,0,15,90,2,107,96,0,96,203
10/29/2022,SGJ,FL,ASO,ES,Federal Contract Tower,0,5,23,0,28,0,0,0,0,0,0,5,23,0,28,0,0,0,28
10/30/2022,SGJ,FL,ASO,ES,Federal Contract Tower,0,15,40,0,55,0,2,20,2,24,0,17,60,2,79,44,0,44,123
10/31/2022,SGJ,FL,ASO,ES,Federal Contract Tower,0,12,43,1,56,0,16,135,4,155,0,28,178,5,211,434,0,434,645
11/01/2022,SGJ,FL,ASO,ES,Federal Contract Tower,0,8,65,22,95,0,15,172,8,195,0,23,237,30,290,436,6,442,732
11/02/2022,SGJ,FL,ASO,ES,Federal Contract Tower,0,9,60,1,70,0,4,202,4,210,0,13,262,5,280,402,0,402,682
11/03/2022,SGJ,FL,ASO,ES,Federal Contract Tower,0,11,87,2,100,0,2,34,2,38,0,13,121,4,138,40,0,40,178
11/04/2022,SGJ,FL,ASO,ES,Federal Contract Tower,0,13,84,11,108,0,2,100,0,102,0,15,184,11,210,170,0,170,380
11/05/2022,SGJ,FL,ASO,ES,Federal Contract Tower,0,5,42,9,56,0,0,162,0,162,0,5,204,9,218,290,0,290,508
11/06/2022,SGJ,FL,ASO,ES,Federal Contract Tower,0,12,56,1,69,0,10,58,1,69,0,22,114,2,138,124,0,124,262
11/07/2022,SGJ,FL,ASO,ES,Federal Contract Tower,0,15,45,0,60,0,0,48,2,50,0,15,93,2,110,52,12,64,174
11/08/2022,SGJ,FL,ASO,ES,Federal Contract Tower,0,11,16,0,27,0,6,30,0,36,0,17,46,0,63,16,0,16,79
11/09/2022,SGJ,FL,ASO,ES,Federal Contract Tower,0,4,4,0,8,0,0,0,0,0,0,4,4,0,8,0,0,0,8
11/12/2022,SGJ,FL,ASO,ES,Federal Contract Tower,0,5,41,2,48,0,12,69,0,81,0,17,110,2,129,144,0,144,273
11/13/2022,SGJ,FL,ASO,ES,Federal Contract Tower,0,11,55,0,66,0,0,51,0,51,0,11,106,0,117,172,0,172,289
11/14/2022,SGJ,FL,ASO,ES,Federal Contract Tower,0,11,51,2,64,0,8,119,2,129,0,19,170,4,193,156,0,156,349
11/15/2022,SGJ,FL,ASO,ES,Federal Contract Tower,0,14,44,2,60,0,8,154,2,164,0,22,198,4,224,158,0,158,382
11/16/2022,SGJ,FL,ASO,ES,Federal Contract Tower,0,14,59,4,77,0,6,62,0,68,0,20,121,4,145,146,0,146,291
11/17/2022,SGJ,FL,ASO,ES,Federal Contract Tower,0,17,85,4,106,0,24,164,4,192,0,41,249,8,298,328,4,332,630
11/18/2022,SGJ,FL,ASO,ES,Federal Contract Tower,0,25,81,0,106,0,6,142,0,148,0,31,223,0,254,208,0,208,462
11/19/2022,SGJ,FL,ASO,ES,Federal Contract Tower,0,16,38,0,54,0,12,109,0,121,0,28,147,0,175,222,0,222,397
11/20/2022,SGJ,FL,ASO,ES,Federal Contract Tower,0,13,44,0,57,0,0,60,0,60,0,13,104,0,117,150,0,150,267
11/21/2022,SGJ,FL,ASO,ES,Federal Contract Tower,0,14,44,3,61,0,10,42,0,52,0,24,86,3,113,140,0,140,253
11/22/2022,SGJ,FL,ASO,ES,Federal Contract Tower,0,23,42,0,65,0,0,0,0,0,0,23,42,0,65,0,0,0,65
11/23/2022,SGJ,FL,ASO,ES,Federal Contract Tower,0,11,74,0,85,0,0,0,0,0,0,11,74,0,85,0,0,0,85
11/24/2022,SGJ,FL,ASO,ES,Federal Contract Tower,0,7,6,0,13,0,0,2,0,2,0,7,8,0,15,0,0,0,15
11/25/2022,SGJ,FL,ASO,ES,Federal Contract Tower,0,14,29,0,43,0,0,0,0,0,0,14,29,0,43,0,0,0,43
11/26/2022,SGJ,FL,ASO,ES,Federal Contract Tower,0,15,49,0,64,0,16,52,0,68,0,31,101,0,132,230,0,230,362
11/27/2022,SGJ,FL,ASO,ES,Federal Contract Tower,0,13,62,0,75,0,18,51,0,69,0,31,113,0,144,24,0,24,168
11/28/2022,SGJ,FL,ASO,ES,Federal Contract Tower,0,20,52,3,75,0,12,201,2,215,0,32,253,5,290,348,0,348,638
11/29/2022,SGJ,FL,ASO,ES,Federal Contract Tower,0,10,45,3,58,0,10,189,6,205,0,20,234,9,263,372,0,372,635
11/30/2022,SGJ,FL,ASO,ES,Federal Contract Tower,0,13,38,0,51,0,2,88,0,90,0,15,126,0,141,170,4,174,315
12/01/2022,SGJ,FL,ASO,ES,Federal Contract Tower,0,8,76,2,86,0,0,115,2,117,0,8,191,4,203,106,0,106,309
12/02/2022,SGJ,FL,ASO,ES,Federal Contract Tower,0,17,46,3,66,0,4,138,0,142,0,21,184,3,208,316,0,316,524
12/03/2022,SGJ,FL,ASO,ES,Federal Contract Tower,0,5,46,0,51,0,8,114,0,122,0,13,160,0,173,170,0,170,343
12/04/2022,SGJ,FL,ASO,ES,Federal Contract Tower,0,15,49,12,76,0,10,102,0,112,0,25,151,12,188,208,0,208,396
12/05/2022,SGJ,FL,ASO,ES,Federal Contract Tower,0,11,49,0,60,0,10,116,2,128,0,21,165,2,188,252,0,252,440
12/06/2022,SGJ,FL,ASO,ES,Federal Contract Tower,0,12,41,2,55,0,6,166,7,179,0,18,207,9,234,138,0,138,372
12/07/2022,SGJ,FL,ASO,ES,Federal Contract Tower,0,15,50,5,70,0,2,134,0,136,0,17,184,5,206,88,0,88,294
12/08/2022,SGJ,FL,ASO,ES,Federal Contract Tower,0,20,53,10,83,0,8,143,6,157,0,28,196,16,240,249,12,261,501
12/09/2022,SGJ,FL,ASO,ES,Federal Contract Tower,0,19,48,1,68,0,14,204,0,218,0,33,252,1,286,304,8,312,598
12/10/2022,SGJ,FL,ASO,ES,Federal Contract Tower,0,16,29,0,45,0,0,0,0,0,0,16,29,0,45,0,0,0,45
12/11/2022,SGJ,FL,ASO,ES,Federal Contract Tower,0,16,48,3,67,0,6,1,0,7,0,22,49,3,74,0,0,0,74
12/12/2022,SGJ,FL,ASO,ES,Federal Contract Tower,0,21,35,2,58,0,4,91,6,101,0,25,126,8,159,246,10,256,415
12/13/2022,SGJ,FL,ASO,ES,Federal Contract Tower,0,22,50,5,77,0,0,28,3,31,0,22,78,8,108,32,12,44,152
12/14/2022,SGJ,FL,ASO,ES,Federal Contract Tower,0,22,44,1,67,0,2,122,12,136,0,24,166,13,203,194,0,194,397
12/15/2022,SGJ,FL,ASO,ES,Federal Contract Tower,0,7,22,0,29,0,2,10,0,12,0,9,32,0,41,24,0,24,65
12/16/2022,SGJ,FL,ASO,ES,Federal Contract Tower,0,17,40,6,63,0,8,185,1,194,0,25,225,7,257,324,0,324,581
12/17/2022,SGJ,FL,ASO,ES,Federal Contract Tower,0,16,36,1,53,0,30,168,0,198,0,46,204,1,251,210,0,210,461
12/18/2022,SGJ,FL,ASO,ES,Federal Contract Tower,0,9,42,0,51,0,18,89,5,112,0,27,131,5,163,34,0,34,197
12/19/2022,SGJ,FL,ASO,ES,Federal Contract Tower,0,17,42,2,61,0,2,154,6,162,0,19,196,8,223,317,8,325,548
12/20/2022,SGJ,FL,ASO,ES,Federal Contract Tower,0,12,39,2,53,0,0,49,7,56,0,12,88,9,109,136,0,136,245
12/21/2022,SGJ,FL,ASO,ES,Federal Contract Tower,0,19,37,0,56,0,0,0,0,0,0,19,37,0,56,0,0,0,56
12/22/2022,SGJ,FL,ASO,ES,Federal Contract Tower,0,7,29,5,41,0,1,61,3,65,0,8,90,8,106,124,6,130,236
12/23/2022,SGJ,FL,ASO,ES,Federal Contract Tower,0,11,25,0,36,0,28,64,0,92,0,39,89,0,128,68,0,68,196
12/24/2022,SGJ,FL,ASO,ES,Federal Contract Tower,0,3,6,0,9,0,2,20,0,22,0,5,26,0,31,14,0,14,45
12/25/2022,SGJ,FL,ASO,ES,Federal Contract Tower,0,7,6,0,13,0,0,20,0,20,0,7,26,0,33,4,0,4,37
12/26/2022,SGJ,FL,ASO,ES,Federal Contract Tower,0,12,43,0,55,0,22,134,6,162,0,34,177,6,217,206,0,206,423
12/27/2022,SGJ,FL,ASO,ES,Federal Contract Tower,0,17,44,2,63,0,16,130,8,154,0,33,174,10,217,176,8,184,401
12/28/2022,SGJ,FL,ASO,ES,Federal Contract Tower,0,8,40,2,50,0,10,176,0,186,0,18,216,2,236,212,0,212,448
12/29/2022,SGJ,FL,ASO,ES,Federal Contract Tower,0,9,54,1,64,0,10,152,0,162,0,19,206,1,226,232,2,234,460
12/30/2022,SGJ,FL,ASO,ES,Federal Contract Tower,0,15,37,0,52,0,16,158,1,175,0,31,195,1,227,328,0,328,555
12/31/2022,SGJ,FL,ASO,ES,Federal Contract Tower,0,17,19,0,36,0,10,11,0,21,0,27,30,0,57,0,0,0,57
01/01/2023,SGJ,FL,ASO,ES,Federal Contract Tower,0,8,32,0,40,0,20,11,0,31,0,28,43,0,71,6,0,6,77
01/02/2023,SGJ,FL,ASO,ES,Federal Contract Tower,0,7,41,0,48,0,4,2,4,10,0,11,43,4,58,0,0,0,58
01/03/2023,SGJ,FL,ASO,ES,Federal Contract Tower,0,17,37,1,55,0,22,128,2,152,0,39,165,3,207,210,0,210,417
01/04/2023,SGJ,FL,ASO,ES,Federal Contract Tower,0,12,35,0,47,0,2,33,1,36,0,14,68,1,83,48,0,48,131
01/05/2023,SGJ,FL,ASO,ES,Federal Contract Tower,0,10,28,1,39,0,2,93,0,95,0,12,121,1,134,272,6,278,412
01/06/2023,SGJ,FL,ASO,ES,Federal Contract Tower,0,12,55,5,72,0,2,145,3,150,0,14,200,8,222,226,2,228,450
01/07/2023,SGJ,FL,ASO,ES,Federal Contract Tower,0,13,33,2,48,0,14,152,0,166,0,27,185,2,214,138,0,138,352
01/08/2023,SGJ,FL,ASO,ES,Federal Contract Tower,0,15,37,27,79,0,6,81,0,87,0,21,118,27,166,48,0,48,214
01/09/2023,SGJ,FL,ASO,ES,Federal Contract Tower,0,18,25,8,51,0,8,131,22,161,0,26,156,30,212,246,0,246,458
01/10/2023,SGJ,FL,ASO,ES,Federal Contract Tower,0,11,54,4,69,0,8,140,9,157,0,19,194,13,226,222,0,222,448
01/11/2023,SGJ,FL,ASO,ES,Federal Contract Tower,0,4,40,1,45,0,4,185,0,189,0,8,225,1,234,308,10,318,552
01/12/2023,SGJ,FL,ASO,ES,Federal Contract Tower,0,13,30,4,47,0,10,144,2,156,0,23,174,6,203,280,0,280,483
01/13/2023,SGJ,FL,ASO,ES,Federal Contract Tower,0,12,25,6,43,0,3,51,4,58,0,15,76,10,101,60,0,60,161
01/14/2023,SGJ,FL,ASO,ES,Federal Contract Tower,0,14,28,0,42,0,5,38,0,43,0,19,66,0,85,58,0,58,143
01/15/2023,SGJ,FL,ASO,ES,Federal Contract Tower,0,13,46,1,60,0,14,137,6,157,0,27,183,7,217,148,4,152,369
01/16/2023,SGJ,FL,ASO,ES,Federal Contract Tower,0,12,43,0,55,0,2,164,0,166,0,14,207,0,221,278,0,278,499
01/17/2023,SGJ,FL,ASO,ES,Federal Contract Tower,0,13,28,5,46,0,6,100,8,114,0,19,128,13,160,64,0,64,224
01/18/2023,SGJ,FL,ASO,ES,Federal Contract Tower,0,17,39,7,63,0,4,141,3,148,0,21,180,10,211,30,4,34,245
01/19/2023,SGJ,FL,ASO,ES,Federal Contract Tower,0,10,31,2,43,0,1,89,2,92,0,11,120,4,135,8,0,8,143
01/20/2023,SGJ,FL,ASO,ES,Federal Contract Tower,0,19,26,1,46,0,6,88,1,95,0,25,114,2,141,28,0,28,169
01/21/2023,SGJ,FL,ASO,ES,Federal Contract Tower,0,10,38,0,48,0,10,74,0,84,0,20,112,0,132,58,0,58,190
01/22/2023,SGJ,FL,ASO,ES,Federal Contract Tower,0,13,28,1,42,0,4,50,1,55,0,17,78,2,97,12,0,12,109
01/23/2023,SGJ,FL,ASO,ES,Federal Contract Tower,0,12,35,0,47,0,1,110,6,117,0,13,145,6,164,8,0,8,172
01/24/2023,SGJ,FL,ASO,ES,Federal Contract Tower,0,12,49,4,65,0,4,129,4,137,0,16,178,8,202,40,0,40,242
01/25/2023,SGJ,FL,ASO,ES,Federal Contract Tower,0,5,20,0,25,0,1,36,6,43,0,6,56,6,68,29,14,43,111
01/26/2023,SGJ,FL,ASO,ES,Federal Contract Tower,0,15,30,3,48,0,5,114,2,121,0,20,144,5,169,84,0,84,253
01/27/2023,SGJ,FL,ASO,ES,Federal Contract Tower,0,18,34,2,54,0,0,120,2,122,0,18,154,4,176,60,0,60,236
01/28/2023,SGJ,FL,ASO,ES,Federal Contract Tower,0,6,29,0,35,0,8,171,2,181,0,14,200,2,216,51,0,51,267
01/29/2023,SGJ,FL,ASO,ES,Federal Contract Tower,0,15,24,1,40,0,2,97,2,101,0,17,121,3,141,90,0,90,231
01/30/2023,SGJ,FL,ASO,ES,Federal Contract Tower,0,10,34,0,44,0,0,107,0,107,0,10,141,0,151,102,0,102,253
01/31/2023,SGJ,FL,ASO,ES,Federal Contract Tower,0,10,22,4,36,0,0,106,0,106,0,10,128,4,142,84,0,84,226
02/01/2023,SGJ,FL,ASO,ES,Federal Contract Tower,0,11,45,2,58,0,2,124,0,126,0,13,169,2,184,216,0,216,400
02/02/2023,SGJ,FL,ASO,ES,Federal Contract Tower,0,13,47,6,66,0,8,143,0,151,0,21,190,6,217,130,0,130,347
02/03/2023,SGJ,FL,ASO,ES,Federal Contract Tower,0,5,22,9,36,0,0,3,0,3,0,5,25,9,39,0,0,0,39
02/04/2023,SGJ,FL,ASO,ES,Federal Contract Tower,0,7,31,2,40,0,16,40,0,56,0,23,71,2,96,28,0,28,124
02/05/2023,SGJ,FL,ASO,ES,Federal Contract Tower,0,8,24,7,39,0,0,2,0,2,0,8,26,7,41,0,0,0,41
02/06/2023,SGJ,FL,ASO,ES,Federal Contract Tower,0,14,34,0,48,0,18,112,8,138,0,32,146,8,186,186,0,186,372
02/07/2023,SGJ,FL,ASO,ES,Federal Contract Tower,0,17,34,7,58,0,6,167,0,173,0,23,201,7,231,186,0,186,417
02/08/2023,SGJ,FL,ASO,ES,Federal Contract Tower,0,25,30,6,61,0,10,146,0,156,0,35,176,6,217,186,0,186,403
02/09/2023,SGJ,FL,ASO,ES,Federal Contract Tower,0,26,42,6,74,0,5,127,2,134,0,31,169,8,208,220,0,220,428
02/10/2023,SGJ,FL,ASO,ES,Federal Contract Tower,0,6,55,7,68,0,4,61,0,65,0,10,116,7,133,112,0,112,245
02/11/2023,SGJ,FL,ASO,ES,Federal Contract Tower,0,3,15,0,18,0,2,3,0,5,0,5,18,0,23,22,0,22,45
02/12/2023,SGJ,FL,ASO,ES,Federal Contract Tower,0,8,15,3,26,0,12,21,1,34,0,20,36,4,60,36,0,36,96
02/13/2023,SGJ,FL,ASO,ES,Federal Contract Tower,0,12,37,0,49,0,6,153,0,159,0,18,190,0,208,236,0,236,444
02/14/2023,SGJ,FL,ASO,ES,Federal Contract Tower,0,14,40,0,54,0,19,145,1,165,0,33,185,1,219,272,0,272,491
02/15/2023,SGJ,FL,ASO,ES,Federal Contract Tower,0,18,56,0,74,0,2,153,4,159,0,20,209,4,233,210,14,224,457
02/16/2023,SGJ,FL,ASO,ES,Federal Contract Tower,0,24,63,0,87,0,4,124,4,132,0,28,187,4,219,188,14,202,421
02/17/2023,SGJ,FL,ASO,ES,Federal Contract Tower,0,10,63,3,76,0,2,95,0,97,0,12,158,3,173,22,0,22,195
02/18/2023,SGJ,FL,ASO,ES,Federal Contract Tower,0,11,43,0,54,0,22,80,0,102,0,33,123,0,156,22,0,22,178
02/19/2023,SGJ,FL,ASO,ES,Federal Contract Tower,0,11,39,0,50,0,22,110,2,134,0,33,149,2,184,150,0,150,334
02/20/2023,SGJ,FL,ASO,ES,Federal Contract Tower,0,17,59,0,76,0,6,163,0,169,0,23,222,0,245,228,0,228,473
02/21/2023,SGJ,FL,ASO,ES,Federal Contract Tower,0,14,54,5,73,0,12,60,4,76,0,26,114,9,149,32,0,32,181
02/22/2023,SGJ,FL,ASO,ES,Federal Contract Tower,0,9,55,0,64,0,10,128,0,138,0,19,183,0,202,272,0,272,474
02/23/2023,SGJ,FL,ASO,ES,Federal Contract Tower,0,17,61,0,78,0,4,109,0,113,0,21,170,0,191,214,0,214,405
02/24/2023,SGJ,FL,ASO,ES,Federal Contract Tower,0,11,67,15,93,0,0,137,0,137,0,11,204,15,230,214,14,228,458
02/25/2023,SGJ,FL,ASO,ES,Federal Contract Tower,0,8,42,1,51,0,10,121,0,131,0,18,163,1,182,166,0,166,348
02/26/2023,SGJ,FL,ASO,ES,Federal Contract Tower,0,15,53,5,73,0,12,154,2,168,0,27,207,7,241,212,0,212,453
02/27/2023,SGJ,FL,ASO,ES,Federal Contract Tower,0,16,42,8,66,0,0,114,10,124,0,16,156,18,190,176,0,176,366
02/28/2023,SGJ,FL,ASO,ES,Federal Contract Tower,0,7,26,3,36,0,8,93,0,101,0,15,119,3,137,103,0,103,240
03/01/2023,SGJ,FL,ASO,ES,Federal Contract Tower,0,23,56,3,82,0,8,107,3,118,0,31,163,6,200,178,2,180,380
03/02/2023,SGJ,FL,ASO,ES,Federal Contract Tower,0,18,57,4,79,0,4,63,1,68,0,22,120,5,147,54,0,54,201
03/03/2023,SGJ,FL,ASO,ES,Federal Contract Tower,0,18,28,3,49,0,6,69,1,76,0,24,97,4,125,30,0,30,155
03/04/2023,SGJ,FL,ASO,ES,Federal Contract Tower,0,11,30,3,44,0,15,32,0,47,0,26,62,3,91,8,0,8,99
03/05/2023,SGJ,FL,ASO,ES,Federal Contract Tower,0,14,30,4,48,0,0,89,4,93,0,14,119,8,141,72,0,72,213
03/06/2023,SGJ,FL,ASO,ES,Federal Contract Tower,0,23,45,0,68,0,2,170,0,172,0,25,215,0,240,246,0,246,486
03/07/2023,SGJ,FL,ASO,ES,Federal Contract Tower,0,24,62,5,91,0,4,126,4,134,0,28,188,9,225,218,0,218,443
03/08/2023,SGJ,FL,ASO,ES,Federal Contract Tower,0,25,42,5,72,0,0,46,6,52,0,25,88,11,124,4,0,4,128
03/09/2023,SGJ,FL,ASO,ES,Federal Contract Tower,0,31,38,3,72,0,16,117,6,139,0,47,155,9,211,152,2,154,365
03/10/2023,SGJ,FL,ASO,ES,Federal Contract Tower,0,24,47,1,72,0,10,40,1,51,0,34,87,2,123,28,6,34,157
03/11/2023,SGJ,FL,ASO,ES,Federal Contract Tower,0,20,43,0,63,0,8,127,0,135,0,28,170,0,198,138,0,138,336
03/12/2023,SGJ,FL,ASO,ES,Federal Contract Tower,0,34,32,5,71,0,5,76,0,81,0,39,108,5,152,38,0,38,190
03/13/2023,SGJ,FL,ASO,ES,Federal Contract Tower,0,35,23,1,59,0,0,2,4,6,0,35,25,5,65,0,0,0,65
03/14/2023,SGJ,FL,ASO,ES,Federal Contract Tower,0,15,50,2,67,0,12,109,12,133,0,27,159,14,200,190,10,200,400
03/15/2023,SGJ,FL,ASO,ES,Federal Contract Tower,0,8,31,0,39,0,6,132,2,140,0,14,163,2,179,228,0,228,407
03/16/2023,SGJ,FL,ASO,ES,Federal Contract Tower,0,13,37,1,51,0,10,122,0,132,0,23,159,1,183,230,0,230,413
03/17/2023,SGJ,FL,ASO,ES,Federal Contract Tower,0,19,46,1,66,0,8,112,6,126,0,27,158,7,192,116,14,130,322
03/18/2023,SGJ,FL,ASO,ES,Federal Contract Tower,0,15,32,7,54,0,1,9,0,10,0,16,41,7,64,4,0,4,68
03/19/2023,SGJ,FL,ASO,ES,Federal Contract Tower,0,17,43,0,60,0,12,102,0,114,0,29,145,0,174,136,0,136,310
03/20/2023,SGJ,FL,ASO,ES,Federal Contract Tower,0,17,33,9,59,0,14,131,6,151,0,31,164,15,210,206,0,206,416
03/21/2023,SGJ,FL,ASO,ES,Federal Contract Tower,0,15,35,8,58,0,6,39,4,49,0,21,74,12,107,6,6,12,119
03/22/2023,SGJ,FL,ASO,ES,Federal Contract Tower,0,21,39,4,64,0,6,147,8,161,0,27,186,12,225,258,16,274,499
03/23/2023,SGJ,FL,ASO,ES,Federal Contract Tower,0,29,43,3,75,0,6,96,2,104,0,35,139,5,179,186,6,192,371
03/24/2023,SGJ,FL,ASO,ES,Federal Contract Tower,0,22,53,7,82,0,1,169,11,181,0,23,222,18,263,256,14,270,533
03/25/2023,SGJ,FL,ASO,ES,Federal Contract Tower,0,7,49,0,56,0,14,37,0,51,0,21,86,0,107,88,0,88,195
03/26/2023,SGJ,FL,ASO,ES,Federal Contract Tower,0,19,49,2,70,0,14,65,4,83,0,33,114,6,153,82,0,82,235
03/27/2023,SGJ,FL,ASO,ES,Federal Contract Tower,0,16,51,4,71,0,16,97,11,124,0,32,148,15,195,202,10,212,407
03/28/2023,SGJ,FL,ASO,ES,Federal Contract Tower,0,8,45,2,55,0,0,13,0,13,0,8,58,2,68,0,0,0,68
03/29/2023,SGJ,FL,ASO,ES,Federal Contract Tower,0,10,68,2,80,0,4,114,4,122,0,14,182,6,202,134,10,144,346
03/30/2023,SGJ,FL,ASO,ES,Federal Contract Tower,0,11,46,5,62,0,4,116,13,133,0,15,162,18,195,162,18,180,375
03/31/2023,SGJ,FL,ASO,ES,Federal Contract Tower,0,10,53,9,72,0,10,140,0,150,0,20,193,9,222,190,0,190,412
04/01/2023,SGJ,FL,ASO,ES,Federal Contract Tower,0,13,38,4,55,0,16,121,4,141,0,29,159,8,196,178,0,178,374
04/02/2023,SGJ,FL,ASO,ES,Federal Contract Tower,0,11,33,2,46,0,14,99,6,119,0,25,132,8,165,198,8,206,371
04/03/2023,SGJ,FL,ASO,ES,Federal Contract Tower,0,15,37,1,53,0,4,53,2,59,0,19,90,3,112,136,0,136,248
04/04/2023,SGJ,FL,ASO,ES,Federal Contract Tower,0,14,62,2,78,0,12,166,4,182,0,26,228,6,260,334,0,334,594
04/05/2023,SGJ,FL,ASO,ES,Federal Contract Tower,0,13,58,4,75,0,6,128,0,134,0,19,186,4,209,158,0,158,367
04/06/2023,SGJ,FL,ASO,ES,Federal Contract Tower,0,20,47,1,68,0,6,165,9,180,0,26,212,10,248,192,8,200,448
04/07/2023,SGJ,FL,ASO,ES,Federal Contract Tower,0,17,54,3,74,0,6,130,0,136,0,23,184,3,210,296,0,296,506
04/08/2023,SGJ,FL,ASO,ES,Federal Contract Tower,0,10,47,0,57,0,16,106,1,123,0,26,153,1,180,258,0,258,438
04/09/2023,SGJ,FL,ASO,ES,Federal Contract Tower,0,9,14,0,23,0,0,0,0,0,0,9,14,0,23,0,0,0,23
04/10/2023,SGJ,FL,ASO,ES,Federal Contract Tower,0,6,26,0,32,0,0,0,0,0,0,6,26,0,32,0,0,0,32
04/11/2023,SGJ,FL,ASO,ES,Federal Contract Tower,0,13,39,5,57,0,16,55,1,72,0,29,94,6,129,64,0,64,193
04/12/2023,SGJ,FL,ASO,ES,Federal Contract Tower,0,12,62,2,76,0,14,141,8,163,0,26,203,10,239,148,0,148,387
04/13/2023,SGJ,FL,ASO,ES,Federal Contract Tower,0,20,55,4,79,0,0,3,30,33,0,20,58,34,112,88,16,104,216
04/14/2023,SGJ,FL,ASO,ES,Federal Contract Tower,0,5,59,6,70,0,19,151,6,176,0,24,210,12,246,360,0,360,606
04/15/2023,SGJ,FL,ASO,ES,Federal Contract Tower,0,9,33,0,42,0,32,128,0,160,0,41,161,0,202,240,10,250,452
04/16/2023,SGJ,FL,ASO,ES,Federal Contract Tower,0,10,32,3,45,0,8,67,0,75,0,18,99,3,120,102,0,102,222
04/17/2023,SGJ,FL,ASO,ES,Federal Contract Tower,0,15,41,4,60,0,6,120,7,133,0,21,161,11,193,310,0,310,503
04/18/2023,SGJ,FL,ASO,ES,Federal Contract Tower,0,5,42,8,55,0,8,154,0,162,0,13,196,8,217,314,0,314,531
04/19/2023,SGJ,FL,ASO,ES,Federal Contract Tower,0,10,30,3,43,0,2,185,4,191,0,12,215,7,234,320,0,320,554
04/20/2023,SGJ,FL,ASO,ES,Federal Contract Tower,0,22,59,1,82,0,12,195,1,208,0,34,254,2,290,359,0,359,649
04/21/2023,SGJ,FL,ASO,ES,Federal Contract Tower,0,13,70,0,83,0,0,144,0,144,0,13,214,0,227,294,0,294,521
04/22/2023,SGJ,FL,ASO,ES,Federal Contract Tower,0,10,28,1,39,0,10,98,1,109,0,20,126,2,148,220,0,220,368
04/23/2023,SGJ,FL,ASO,ES,Federal Contract Tower,0,24,40,2,66,0,10,75,0,85,0,34,115,2,151,36,0,36,187
04/24/2023,SGJ,FL,ASO,ES,Federal Contract Tower,0,11,26,0,37,0,6,108,4,118,0,17,134,4,155,292,0,292,447
04/25/2023,SGJ,FL,ASO,ES,Federal Contract Tower,0,20,36,0,56,0,4,106,8,118,0,24,142,8,174,328,0,328,502
04/26/2023,SGJ,FL,ASO,ES,Federal Contract Tower,0,13,54,1,68,0,14,153,10,177,0,27,207,11,245,356,0,356,601
04/27/2023,SGJ,FL,ASO,ES,Federal Contract Tower,0,15,59,0,74,0,2,97,3,102,0,17,156,3,176,242,0,242,418
04/28/2023,SGJ,FL,ASO,ES,Federal Contract Tower,0,12,67,0,79,0,12,104,0,116,0,24,171,0,195,320,0,320,515
04/29/2023,SGJ,FL,ASO,ES,Federal Contract Tower,0,9,36,0,45,0,6,103,0,109,0,15,139,0,154,232,0,232,386
04/30/2023,SGJ,FL,ASO,ES,Federal Contract Tower,0,14,45,0,59,0,16,16,0,32,0,30,61,0,91,6,0,6,97
05/01/2023,SGJ,FL,ASO,ES,Federal Contract Tower,0,16,41,3,60,0,14,81,0,95,0,30,122,3,155,206,0,206,361
05/02/2023,SGJ,FL,ASO,ES,Federal Contract Tower,0,17,53,0,70,0,10,132,7,149,0,27,185,7,219,286,0,286,505
05/03/2023,SGJ,FL,ASO,ES,Federal Contract Tower,0,16,62,0,78,0,10,121,2,133,0,26,183,2,211,276,0,276,487
05/04/2023,SGJ,FL,ASO,ES,Federal Contract Tower,0,23,56,1,80,0,6,216,5,227,0,29,272,6,307,316,0,316,623
05/05/2023,SGJ,FL,ASO,ES,Federal Contract Tower,0,16,55,6,77,0,11,170,7,188,0,27,225,13,265,398,0,398,663
05/06/2023,SGJ,FL,ASO,ES,Federal Contract Tower,0,13,55,0,68,0,0,17,0,17,0,13,72,0,85,0,0,0,85
05/07/2023,SGJ,FL,ASO,ES,Federal Contract Tower,0,19,53,2,74,0,16,124,0,140,0,35,177,2,214,112,0,112,326
05/08/2023,SGJ,FL,ASO,ES,Federal Contract Tower,0,23,35,5,63,0,4,107,0,111,0,27,142,5,174,350,0,350,524
05/09/2023,SGJ,FL,ASO,ES,Federal Contract Tower,0,14,47,0,61,0,6,188,8,202,0,20,235,8,263,348,30,378,641
05/10/2023,SGJ,FL,ASO,ES,Federal Contract Tower,0,9,40,0,49,0,6,128,2,136,0,15,168,2,185,294,0,294,479
05/11/2023,SGJ,FL,ASO,ES,Federal Contract Tower,0,27,62,2,91,0,28,141,4,173,0,55,203,6,264,378,20,398,662
05/12/2023,SGJ,FL,ASO,ES,Federal Contract Tower,0,14,49,6,69,0,18,125,3,146,0,32,174,9,215,352,0,352,567
05/13/2023,SGJ,FL,ASO,ES,Federal Contract Tower,0,12,41,4,57,0,8,101,0,109,0,20,142,4,166,254,0,254,420
05/14/2023,SGJ,FL,ASO,ES,Federal Contract Tower,0,30,32,2,64,0,12,108,0,120,0,42,140,2,184,266,2,268,452
05/15/2023,SGJ,FL,ASO,ES,Federal Contract Tower,0,13,32,2,47,0,6,107,0,113,0,19,139,2,160,367,0,367,527
05/16/2023,SGJ,FL,ASO,ES,Federal Contract Tower,0,16,30,3,49,0,4,162,12,178,0,20,192,15,227,364,6,370,597
05/17/2023,SGJ,FL,ASO,ES,Federal Contract Tower,0,10,37,1,48,0,1,101,4,106,0,11,138,5,154,212,10,222,376
05/18/2023,SGJ,FL,ASO,ES,Federal Contract Tower,0,24,49,2,75,0,0,102,2,104,0,24,151,4,179,210,0,210,389
05/19/2023,SGJ,FL,ASO,ES,Federal Contract Tower,0,19,57,2,78,0,9,116,3,128,0,28,173,5,206,242,0,242,448
05/20/2023,SGJ,FL,ASO,ES,Federal Contract Tower,0,23,33,3,59,0,14,128,1,143,0,37,161,4,202,146,0,146,348
05/21/2023,SGJ,FL,ASO,ES,Federal Contract Tower,0,15,42,2,59,0,0,77,1,78,0,15,119,3,137,90,0,90,227
05/22/2023,SGJ,FL,ASO,ES,Federal Contract Tower,0,23,18,0,41,0,0,16,0,16,0,23,34,0,57,90,0,90,147
05/23/2023,SGJ,FL,ASO,ES,Federal Contract Tower,0,12,47,2,61,0,2,44,2,48,0,14,91,4,109,214,0,214,323
05/24/2023,SGJ,FL,ASO,ES,Federal Contract Tower,0,16,46,2,64,0,0,46,0,46,0,16,92,2,110,140,0,140,250
05/25/2023,SGJ,FL,ASO,ES,Federal Contract Tower,0,12,37,0,49,0,9,90,0,99,0,21,127,0,148,182,0,182,330
05/26/2023,SGJ,FL,ASO,ES,Federal Contract Tower,0,6,35,1,42,0,0,0,0,0,0,6,35,1,42,0,0,0,42
05/27/2023,SGJ,FL,ASO,ES,Federal Contract Tower,0,6,56,0,62,0,9,42,0,51,0,15,98,0,113,102,0,102,215
05/28/2023,SGJ,FL,ASO,ES,Federal Contract Tower,0,1,44,0,45,0,6,103,4,113,0,7,147,4,158,112,0,112,270
05/29/2023,SGJ,FL,ASO,ES,Federal Contract Tower,0,10,35,0,45,0,10,120,8,138,0,20,155,8,183,202,0,202,385
05/31/2023,SGJ,FL,ASO,ES,Federal Contract Tower,0,16,54,5,75,0,7,147,8,162,0,23,201,13,237,286,6,292,529
06/01/2023,SGJ,FL,ASO,ES,Federal Contract Tower,0,14,49,1,64,0,2,48,8,58,0,16,97,9,122,60,18,78,200
06/02/2023,SGJ,FL,ASO,ES,Federal Contract Tower,0,10,69,2,81,0,10,77,0,87,0,20,146,2,168,146,0,146,314
06/03/2023,SGJ,FL,ASO,ES,Federal Contract Tower,0,10,58,0,68,0,16,44,0,60,0,26,102,0,128,46,0,46,174
06/04/2023,SGJ,FL,ASO,ES,Federal Contract Tower,0,11,31,0,42,0,2,31,4,37,0,13,62,4,79,20,0,20,99
06/05/2023,SGJ,FL,ASO,ES,Federal Contract Tower,0,25,42,3,70,0,6,94,7,107,0,31,136,10,177,148,0,148,325
06/06/2023,SGJ,FL,ASO,ES,Federal Contract Tower,0,21,34,4,59,0,15,205,10,230,0,36,239,14,289,392,8,400,689
06/07/2023,SGJ,FL,ASO,ES,Federal Contract Tower,0,16,25,0,41,0,2,98,6,106,0,18,123,6,147,212,4,216,363
06/08/2023,SGJ,FL,ASO,ES,Federal Contract Tower,0,14,39,8,61,0,6,136,0,142,0,20,175,8,203,270,0,270,473
06/09/2023,SGJ,FL,ASO,ES,Federal Contract Tower,0,13,55,4,72,0,4,108,0,112,0,17,163,4,184,258,0,258,442
06/10/2023,SGJ,FL,ASO,ES,Federal Contract Tower,0,14,43,1,58,0,16,122,0,138,0,30,165,1,196,248,0,248,444
06/11/2023,SGJ,FL,ASO,ES,Federal Contract Tower,0,18,40,0,58,0,20,80,1,101,0,38,120,1,159,96,0,96,255
06/12/2023,SGJ,FL,ASO,ES,Federal Contract Tower,0,6,31,2,39,0,10,107,0,117,0,16,138,2,156,288,0,288,444
06/13/2023,SGJ,FL,ASO,ES,Federal Contract Tower,0,6,30,2,38,0,10,108,6,124,0,16,138,8,162,276,0,276,438
06/14/2023,SGJ,FL,ASO,ES,Federal Contract Tower,0,16,56,4,76,0,14,145,4,163,0,30,201,8,239,302,0,302,541
06/15/2023,SGJ,FL,ASO,ES,Federal Contract Tower,0,8,32,1,41,0,8,64,4,76,0,16,96,5,117,122,0,122,239
06/16/2023,SGJ,FL,ASO,ES,Federal Contract Tower,0,15,41,1,57,0,12,36,0,48,0,27,77,1,105,68,0,68,173
06/17/2023,SGJ,FL,ASO,ES,Federal Contract Tower,0,10,21,0,31,0,16,71,0,87,0,26,92,0,118,70,0,70,188
06/18/2023,SGJ,FL,ASO,ES,Federal Contract Tower,0,14,42,2,58,0,20,58,0,78,0,34,100,2,136,110,0,110,246
06/19/2023,SGJ,FL,ASO,ES,Federal Contract Tower,0,7,28,0,35,0,8,79,0,87,0,15,107,0,122,106,0,106,228
06/20/2023,SGJ,FL,ASO,ES,Federal Contract Tower,0,5,39,0,44,0,4,53,8,65,0,9,92,8,109,86,0,86,195
06/21/2023,SGJ,FL,ASO,ES,Federal Contract Tower,0,7,45,2,54,0,6,90,4,100,0,13,135,6,154,128,8,136,290
06/22/2023,SGJ,FL,ASO,ES,Federal Contract Tower,0,9,41,0,50,0,14,57,0,71,0,23,98,0,121,130,0,130,251
06/23/2023,SGJ,FL,ASO,ES,Federal Contract Tower,0,8,38,0,46,0,12,80,3,95,0,20,118,3,141,126,0,126,267
06/24/2023,SGJ,FL,ASO,ES,Federal Contract Tower,0,13,42,3,58,0,20,114,0,134,0,33,156,3,192,150,0,150,342
06/25/2023,SGJ,FL,ASO,ES,Federal Contract Tower,0,5,29,2,36,0,14,125,0,139,0,19,154,2,175,222,0,222,397
06/26/2023,SGJ,FL,ASO,ES,Federal Contract Tower,0,14,52,5,71,0,12,126,4,142,0,26,178,9,213,269,0,269,482
06/27/2023,SGJ,FL,ASO,ES,Federal Contract Tower,0,8,42,7,57,0,6,83,8,97,0,14,125,15,154,214,0,214,368
06/28/2023,SGJ,FL,ASO,ES,Federal Contract Tower,0,13,39,2,54,0,13,118,0,131,0,26,157,2,185,212,0,212,397
06/29/2023,SGJ,FL,ASO,ES,Federal Contract Tower,0,10,39,5,54,0,6,168,0,174,0,16,207,5,228,298,0,298,526
06/30/2023,SGJ,FL,ASO,ES,Federal Contract Tower,0,16,77,2,95,0,11,153,5,169,0,27,230,7,264,380,2,382,646
07/01/2023,SGJ,FL,ASO,ES,Federal Contract Tower,0,11,56,0,67,0,6,130,1,137,0,17,186,1,204,206,0,206,410
07/02/2023,SGJ,FL,ASO,ES,Federal Contract Tower,0,7,31,0,38,0,4,120,0,124,0,11,151,0,162,78,0,78,240
07/03/2023,SGJ,FL,ASO,ES,Federal Contract Tower,0,7,28,0,35,0,16,117,2,135,0,23,145,2,170,308,0,308,478
07/04/2023,SGJ,FL,ASO,ES,Federal Contract Tower,0,5,11,0,16,0,20,52,6,78,0,25,63,6,94,42,0,42,136
07/05/2023,SGJ,FL,ASO,ES,Federal Contract Tower,0,12,34,2,48,0,10,119,4,133,0,22,153,6,181,244,0,244,425
07/06/2023,SGJ,FL,ASO,ES,Federal Contract Tower,0,3,37,0,40,0,9,93,2,104,0,12,130,2,144,194,0,194,338
07/07/2023,SGJ,FL,ASO,ES,Federal Contract Tower,0,15,36,13,64,0,18,149,0,167,0,33,185,13,231,186,0,186,417
07/08/2023,SGJ,FL,ASO,ES,Federal Contract Tower,0,10,45,0,55,0,22,102,2,126,0,32,147,2,181,156,0,156,337
07/09/2023,SGJ,FL,ASO,ES,Federal Contract Tower,0,6,25,0,31,0,6,37,0,43,0,12,62,0,74,40,0,40,114
07/10/2023,SGJ,FL,ASO,ES,Federal Contract Tower,0,10,22,0,32,0,8,41,1,50,0,18,63,1,82,80,2,82,164
07/11/2023,SGJ,FL,ASO,ES,Federal Contract Tower,0,12,27,6,45,0,14,97,4,115,0,26,124,10,160,240,0,240,400
07/12/2023,SGJ,FL,ASO,ES,Federal Contract Tower,0,12,44,3,59,0,2,136,4,142,0,14,180,7,201,278,0,278,479
07/13/2023,SGJ,FL,ASO,ES,Federal Contract Tower,0,5,29,4,38,0,14,153,0,167,0,19,182,4,205,300,0,300,505
07/14/2023,SGJ,FL,ASO,ES,Federal Contract Tower,0,14,57,0,71,0,0,72,1,73,0,14,129,1,144,124,0,124,268
07/15/2023,SGJ,FL,ASO,ES,Federal Contract Tower,0,7,48,6,61,0,8,124,0,132,0,15,172,6,193,228,0,228,421
07/16/2023,SGJ,FL,ASO,ES,Federal Contract Tower,0,9,59,1,69,0,0,39,0,39,0,9,98,1,108,128,0,128,236
07/17/2023,SGJ,FL,ASO,ES,Federal Contract Tower,0,7,32,0,39,0,10,43,2,55,0,17,75,2,94,116,8,124,218
07/18/2023,SGJ,FL,ASO,ES,Federal Contract Tower,0,9,56,2,67,0,2,123,4,129,0,11,179,6,196,270,0,270,466
07/19/2023,SGJ,FL,ASO,ES,Federal Contract Tower,0,9,48,1,58,0,12,162,2,176,0,21,210,3,234,308,0,308,542
07/20/2023,SGJ,FL,ASO,ES,Federal Contract Tower,0,12,38,0,50,0,12,144,0,156,0,24,182,0,206,246,0,246,452
07/21/2023,SGJ,FL,ASO,ES,Federal Contract Tower,0,13,38,0,51,0,12,134,1,147,0,25,172,1,198,238,0,238,436
07/22/2023,SGJ,FL,ASO,ES,Federal Contract Tower,0,4,47,0,51,0,18,112,0,130,0,22,159,0,181,96,0,96,277
07/23/2023,SGJ,FL,ASO,ES,Federal Contract Tower,0,5,18,1,24,0,6,22,0,28,0,11,40,1,52,40,0,40,92
07/24/2023,SGJ,FL,ASO,ES,Federal Contract Tower,0,15,25,0,40,0,10,53,0,63,0,25,78,0,103,70,0,70,173
07/25/2023,SGJ,FL,ASO,ES,Federal Contract Tower,0,16,43,2,61,0,14,122,6,142,0,30,165,8,203,150,2,152,355
07/26/2023,SGJ,FL,ASO,ES,Federal Contract Tower,0,10,36,1,47,0,10,180,7,197,0,20,216,8,244,338,2,340,584
07/27/2023,SGJ,FL,ASO,ES,Federal Contract Tower,0,14,47,0,61,0,14,127,2,143,0,28,174,2,204,262,10,272,476
07/28/2023,SGJ,FL,ASO,ES,Federal Contract Tower,0,8,43,0,51,0,10,36,0,46,0,18,79,0,97,26,0,26,123
07/29/2023,SGJ,FL,ASO,ES,Federal Contract Tower,0,7,33,0,40,0,8,133,0,141,0,15,166,0,181,270,0,270,451
07/30/2023,SGJ,FL,ASO,ES,Federal Contract Tower,0,9,31,0,40,0,2,86,0,88,0,11,117,0,128,60,0,60,188
07/31/2023,SGJ,FL,ASO,ES,Federal Contract Tower,0,10,37,0,47,0,4,94,0,98,0,14,131,0,145,156,0,156,301
08/01/2023,SGJ,FL,ASO,ES,Federal Contract Tower,0,12,37,2,51,0,10,134,13,157,0,22,171,15,208,288,0,288,496
08/02/2023,SGJ,FL,ASO,ES,Federal Contract Tower,0,7,41,0,48,0,7,146,4,157,0,14,187,4,205,289,0,289,494
08/03/2023,SGJ,FL,ASO,ES,Federal Contract Tower,0,9,32,3,44,0,8,146,4,158,0,17,178,7,202,216,2,218,420
08/04/2023,SGJ,FL,ASO,ES,Federal Contract Tower,0,13,34,2,49,0,10,91,0,101,0,23,125,2,150,190,0,190,340
08/05/2023,SGJ,FL,ASO,ES,Federal Contract Tower,0,8,39,0,47,0,2,97,0,99,0,10,136,0,146,142,6,148,294
08/06/2023,SGJ,FL,ASO,ES,Federal Contract Tower,0,14,41,0,55,0,6,82,0,88,0,20,123,0,143,50,0,50,193
08/07/2023,SGJ,FL,ASO,ES,Federal Contract Tower,0,17,42,0,59,0,18,151,0,169,0,35,193,0,228,198,0,198,426
08/08/2023,SGJ,FL,ASO,ES,Federal Contract Tower,0,12,54,1,67,0,14,164,8,186,0,26,218,9,253,278,8,286,539
08/09/2023,SGJ,FL,ASO,ES,Federal Contract Tower,0,11,35,2,48,0,0,173,6,179,0,11,208,8,227,346,6,352,579
08/10/2023,SGJ,FL,ASO,ES,Federal Contract Tower,0,20,33,2,55,0,1,146,0,147,0,21,179,2,202,251,0,251,453
08/11/2023,SGJ,FL,ASO,ES,Federal Contract Tower,0,12,53,11,76,0,0,132,2,134,0,12,185,13,210,250,0,250,460
08/12/2023,SGJ,FL,ASO,ES,Federal Contract Tower,0,4,34,0,38,0,0,112,0,112,0,4,146,0,150,196,0,196,346
08/13/2023,SGJ,FL,ASO,ES,Federal Contract Tower,0,8,27,2,37,0,0,95,0,95,0,8,122,2,132,96,0,96,228
08/14/2023,SGJ,FL,ASO,ES,Federal Contract Tower,0,7,29,0,36,0,103,4,0,107,0,110,33,0,143,252,11,263,406
08/15/2023,SGJ,FL,ASO,ES,Federal Contract Tower,0,11,33,3,47,0,2,110,4,116,0,13,143,7,163,226,10,236,399
08/16/2023,SGJ,FL,ASO,ES,Federal Contract Tower,0,12,56,2,70,0,14,101,4,119,0,26,157,6,189,176,0,176,365
08/17/2023,SGJ,FL,ASO,ES,Federal Contract Tower,0,12,53,1,66,0,4,106,6,116,0,16,159,7,182,181,12,193,375
08/18/2023,SGJ,FL,ASO,ES,Federal Contract Tower,0,10,47,1,58,0,10,129,0,139,0,20,176,1,197,202,0,202,399
08/19/2023,SGJ,FL,ASO,ES,Federal Contract Tower,0,7,37,0,44,0,20,120,0,140,0,27,157,0,184,192,0,192,376
08/20/2023,SGJ,FL,ASO,ES,Federal Contract Tower,0,9,41,0,50,0,12,71,0,83,0,21,112,0,133,82,0,82,215
08/21/2023,SGJ,FL,ASO,ES,Federal Contract Tower,0,17,31,0,48,0,4,109,2,115,0,21,140,2,163,222,0,222,385
08/22/2023,SGJ,FL,ASO,ES,Federal Contract Tower,0,7,34,0,41,0,16,162,4,182,0,23,196,4,223,304,0,304,527
08/23/2023,SGJ,FL,ASO,ES,Federal Contract Tower,0,5,36,2,43,0,4,123,4,131,0,9,159,6,174,156,0,156,330
08/24/2023,SGJ,FL,ASO,ES,Federal Contract Tower,0,11,51,0,62,0,2,158,0,160,0,13,209,0,222,244,0,244,466
08/25/2023,SGJ,FL,ASO,ES,Federal Contract Tower,0,19,48,8,75,0,1,155,6,162,0,20,203,14,237,188,2,190,427
08/26/2023,SGJ,FL,ASO,ES,Federal Contract Tower,0,10,35,1,46,0,12,115,2,129,0,22,150,3,175,158,10,168,343
08/27/2023,SGJ,FL,ASO,ES,Federal Contract Tower,0,10,39,1,50,0,6,113,2,121,0,16,152,3,171,176,0,176,347
08/28/2023,SGJ,FL,ASO,ES,Federal Contract Tower,0,7,23,4,34,0,0,44,8,52,0,7,67,12,86,118,0,118,204
08/29/2023,SGJ,FL,ASO,ES,Federal Contract Tower,0,8,29,3,40,0,4,82,0,86,0,12,111,3,126,180,0,180,306
08/31/2023,SGJ,FL,ASO,ES,Federal Contract Tower,0,2,19,1,22,0,9,91,0,100,0,11,110,1,122,224,0,224,346
