08/01/2001,SGR,TX,ASW,CE,Federal Contract Tower,0,4,20,0,24,0,3,118,2,123,0,7,138,2,147,158,2,160,307
08/02/2001,SGR,TX,ASW,CE,Federal Contract Tower,0,2,33,0,35,0,0,79,0,79,0,2,112,0,114,166,0,166,280
08/03/2001,SGR,TX,ASW,CE,Federal Contract Tower,0,6,33,0,39,0,7,94,0,101,0,13,127,0,140,146,0,146,286
08/04/2001,SGR,TX,ASW,CE,Federal Contract Tower,0,3,14,0,17,0,14,126,0,140,0,17,140,0,157,244,4,248,405
08/05/2001,SGR,TX,ASW,CE,Federal Contract Tower,0,6,28,0,34,0,2,87,0,89,0,8,115,0,123,172,0,172,295
08/06/2001,SGR,TX,ASW,CE,Federal Contract Tower,0,5,28,0,33,0,1,60,0,61,0,6,88,0,94,140,2,142,236
08/07/2001,SGR,TX,ASW,CE,Federal Contract Tower,0,2,26,0,28,0,0,69,0,69,0,2,95,0,97,162,0,162,259
08/08/2001,SGR,TX,ASW,CE,Federal Contract Tower,0,6,41,1,48,0,0,93,5,98,0,6,134,6,146,146,0,146,292
08/09/2001,SGR,TX,ASW,CE,Federal Contract Tower,0,5,28,0,33,0,4,101,0,105,0,9,129,0,138,182,0,182,320
08/10/2001,SGR,TX,ASW,CE,Federal Contract Tower,0,6,37,0,43,0,6,95,0,101,0,12,132,0,144,206,0,206,350
08/11/2001,SGR,TX,ASW,CE,Federal Contract Tower,0,2,14,0,16,0,3,168,0,171,0,5,182,0,187,334,2,336,523
08/12/2001,SGR,TX,ASW,CE,Federal Contract Tower,0,4,23,0,27,0,0,125,0,125,0,4,148,0,152,228,0,228,380
08/13/2001,SGR,TX,ASW,CE,Federal Contract Tower,0,3,22,1,26,0,0,47,1,48,0,3,69,2,74,108,0,108,182
08/14/2001,SGR,TX,ASW,CE,Federal Contract Tower,0,4,40,0,44,0,0,110,0,110,0,4,150,0,154,200,0,200,354
08/15/2001,SGR,TX,ASW,CE,Federal Contract Tower,0,4,24,0,28,0,8,98,0,106,0,12,122,0,134,224,0,224,358
08/16/2001,SGR,TX,ASW,CE,Federal Contract Tower,0,3,27,0,30,0,0,81,0,81,0,3,108,0,111,138,0,138,249
08/17/2001,SGR,TX,ASW,CE,Federal Contract Tower,0,5,34,0,39,0,3,88,0,91,0,8,122,0,130,204,0,204,334
08/18/2001,SGR,TX,ASW,CE,Federal Contract Tower,0,1,23,0,24,0,0,134,0,134,0,1,157,0,158,320,16,336,494
08/19/2001,SGR,TX,ASW,CE,Federal Contract Tower,0,6,47,0,53,0,0,64,0,64,0,6,111,0,117,130,0,130,247
08/20/2001,SGR,TX,ASW,CE,Federal Contract Tower,0,4,26,0,30,0,12,75,0,87,0,16,101,0,117,118,0,118,235
08/21/2001,SGR,TX,ASW,CE,Federal Contract Tower,0,5,35,0,40,0,1,111,0,112,0,6,146,0,152,172,2,174,326
08/22/2001,SGR,TX,ASW,CE,Federal Contract Tower,0,7,43,0,50,0,0,106,2,108,0,7,149,2,158,178,6,184,342
08/23/2001,SGR,TX,ASW,CE,Federal Contract Tower,0,9,42,0,51,0,1,135,0,136,0,10,177,0,187,152,0,152,339
08/24/2001,SGR,TX,ASW,CE,Federal Contract Tower,0,7,27,0,34,0,0,95,0,95,0,7,122,0,129,128,0,128,257
08/25/2001,SGR,TX,ASW,CE,Federal Contract Tower,0,0,14,0,14,0,0,82,0,82,0,0,96,0,96,132,0,132,228
08/26/2001,SGR,TX,ASW,CE,Federal Contract Tower,0,3,18,0,21,0,1,74,0,75,0,4,92,0,96,148,0,148,244
08/27/2001,SGR,TX,ASW,CE,Federal Contract Tower,0,6,20,0,26,0,0,44,0,44,0,6,64,0,70,66,0,66,136
08/28/2001,SGR,TX,ASW,CE,Federal Contract Tower,0,2,53,0,55,0,0,33,0,33,0,2,86,0,88,34,0,34,122
08/29/2001,SGR,TX,ASW,CE,Federal Contract Tower,0,4,35,1,40,0,0,3,1,4,0,4,38,2,44,6,0,6,50
08/30/2001,SGR,TX,ASW,CE,Federal Contract Tower,0,0,25,0,25,0,0,16,0,16,0,0,41,0,41,44,0,44,85
08/31/2001,SGR,TX,ASW,CE,Federal Contract Tower,0,6,38,0,44,0,0,0,0,0,0,6,38,0,44,6,0,6,50
09/01/2001,SGR,TX,ASW,CE,Federal Contract Tower,0,2,7,0,9,0,3,15,0,18,0,5,22,0,27,12,0,12,39
09/02/2001,SGR,TX,ASW,CE,Federal Contract Tower,0,1,29,0,30,0,0,14,0,14,0,1,43,0,44,32,0,32,76
09/03/2001,SGR,TX,ASW,CE,Federal Contract Tower,0,4,35,0,39,0,2,55,0,57,0,6,90,0,96,138,0,138,234
09/04/2001,SGR,TX,ASW,CE,Federal Contract Tower,0,5,28,0,33,0,0,57,0,57,0,5,85,0,90,148,0,148,238
09/05/2001,SGR,TX,ASW,CE,Federal Contract Tower,0,3,24,0,27,0,1,50,0,51,0,4,74,0,78,124,0,124,202
09/06/2001,SGR,TX,ASW,CE,Federal Contract Tower,0,6,42,0,48,0,3,95,2,100,0,9,137,2,148,176,2,178,326
09/07/2001,SGR,TX,ASW,CE,Federal Contract Tower,0,7,35,0,42,0,2,122,0,124,0,9,157,0,166,170,0,170,336
09/08/2001,SGR,TX,ASW,CE,Federal Contract Tower,0,2,22,0,24,0,0,119,0,119,0,2,141,0,143,186,0,186,329
09/09/2001,SGR,TX,ASW,CE,Federal Contract Tower,0,1,16,0,17,0,2,35,0,37,0,3,51,0,54,90,0,90,144
09/10/2001,SGR,TX,ASW,CE,Federal Contract Tower,0,5,10,0,15,0,0,131,0,131,0,5,141,0,146,182,0,182,328
09/11/2001,SGR,TX,ASW,CE,Federal Contract Tower,0,0,11,0,11,0,0,11,0,11,0,0,22,0,22,0,0,0,22
09/12/2001,SGR,TX,ASW,CE,Federal Contract Tower,0,0,0,0,0,0,0,0,0,0,0,0,0,0,0,0,0,0,0
09/13/2001,SGR,TX,ASW,CE,Federal Contract Tower,0,7,0,0,7,0,6,0,0,6,0,13,0,0,13,0,0,0,13
09/14/2001,SGR,TX,ASW,CE,Federal Contract Tower,0,13,7,0,20,0,0,0,0,0,0,13,7,0,20,0,0,0,20
09/15/2001,SGR,TX,ASW,CE,Federal Contract Tower,0,0,38,0,38,0,4,2,0,6,0,4,40,0,44,0,0,0,44
09/16/2001,SGR,TX,ASW,CE,Federal Contract Tower,0,2,32,0,34,0,0,0,0,0,0,2,32,0,34,0,0,0,34
09/17/2001,SGR,TX,ASW,CE,Federal Contract Tower,0,5,50,0,55,0,7,2,0,9,0,12,52,0,64,0,0,0,64
09/18/2001,SGR,TX,ASW,CE,Federal Contract Tower,0,2,51,0,53,0,0,5,0,5,0,2,56,0,58,0,0,0,58
09/19/2001,SGR,TX,ASW,CE,Federal Contract Tower,0,10,46,0,56,0,0,6,0,6,0,10,52,0,62,0,0,0,62
09/20/2001,SGR,TX,ASW,CE,Federal Contract Tower,0,9,60,0,69,0,0,6,0,6,0,9,66,0,75,0,0,0,75
09/21/2001,SGR,TX,ASW,CE,Federal Contract Tower,0,13,67,0,80,0,0,2,0,2,0,13,69,0,82,0,0,0,82
09/22/2001,SGR,TX,ASW,CE,Federal Contract Tower,0,2,22,0,24,0,3,16,0,19,0,5,38,0,43,34,0,34,77
09/23/2001,SGR,TX,ASW,CE,Federal Contract Tower,0,13,43,0,56,0,0,6,0,6,0,13,49,0,62,36,0,36,98
09/24/2001,SGR,TX,ASW,CE,Federal Contract Tower,0,9,37,0,46,0,0,8,0,8,0,9,45,0,54,46,0,46,100
09/25/2001,SGR,TX,ASW,CE,Federal Contract Tower,0,8,59,0,67,0,2,88,1,91,0,10,147,1,158,108,2,110,268
09/26/2001,SGR,TX,ASW,CE,Federal Contract Tower,0,16,57,0,73,0,4,63,0,67,0,20,120,0,140,76,0,76,216
09/27/2001,SGR,TX,ASW,CE,Federal Contract Tower,0,11,56,0,67,0,11,67,0,78,0,22,123,0,145,112,0,112,257
09/28/2001,SGR,TX,ASW,CE,Federal Contract Tower,0,9,50,0,59,0,1,65,0,66,0,10,115,0,125,148,0,148,273
09/29/2001,SGR,TX,ASW,CE,Federal Contract Tower,0,0,45,0,45,0,0,81,0,81,0,0,126,0,126,244,0,244,370
09/30/2001,SGR,TX,ASW,CE,Federal Contract Tower,0,10,65,2,77,0,0,115,0,115,0,10,180,2,192,206,0,206,398
10/01/2001,SGR,TX,ASW,CE,Federal Contract Tower,0,5,58,0,63,0,7,82,0,89,0,12,140,0,152,112,0,112,264
10/02/2001,SGR,TX,ASW,CE,Federal Contract Tower,0,5,43,0,48,0,0,82,0,82,0,5,125,0,130,170,0,170,300
10/03/2001,SGR,TX,ASW,CE,Federal Contract Tower,0,12,51,0,63,0,4,71,0,75,0,16,122,0,138,144,0,144,282
10/04/2001,SGR,TX,ASW,CE,Federal Contract Tower,0,6,49,0,55,0,2,50,0,52,0,8,99,0,107,90,0,90,197
10/05/2001,SGR,TX,ASW,CE,Federal Contract Tower,0,9,43,0,52,0,0,27,0,27,0,9,70,0,79,48,0,48,127
10/06/2001,SGR,TX,ASW,CE,Federal Contract Tower,0,2,54,0,56,0,0,32,0,32,0,2,86,0,88,76,0,76,164
10/07/2001,SGR,TX,ASW,CE,Federal Contract Tower,0,6,55,0,61,0,1,111,0,112,0,7,166,0,173,146,0,146,319
10/08/2001,SGR,TX,ASW,CE,Federal Contract Tower,0,6,36,0,42,0,0,77,0,77,0,6,113,0,119,108,0,108,227
10/09/2001,SGR,TX,ASW,CE,Federal Contract Tower,0,3,53,0,56,0,2,30,0,32,0,5,83,0,88,70,0,70,158
10/10/2001,SGR,TX,ASW,CE,Federal Contract Tower,0,8,59,0,67,0,0,37,0,37,0,8,96,0,104,116,0,116,220
10/11/2001,SGR,TX,ASW,CE,Federal Contract Tower,0,2,44,0,46,0,0,30,0,30,0,2,74,0,76,2,0,2,78
10/12/2001,SGR,TX,ASW,CE,Federal Contract Tower,0,11,49,0,60,0,0,5,0,5,0,11,54,0,65,6,0,6,71
10/13/2001,SGR,TX,ASW,CE,Federal Contract Tower,0,1,30,0,31,0,0,4,0,4,0,1,34,0,35,6,0,6,41
10/14/2001,SGR,TX,ASW,CE,Federal Contract Tower,0,9,52,0,61,0,0,105,0,105,0,9,157,0,166,150,0,150,316
10/15/2001,SGR,TX,ASW,CE,Federal Contract Tower,0,3,24,0,27,0,1,101,0,102,0,4,125,0,129,302,0,302,431
10/16/2001,SGR,TX,ASW,CE,Federal Contract Tower,0,2,41,0,43,0,0,86,0,86,0,2,127,0,129,92,0,92,221
10/17/2001,SGR,TX,ASW,CE,Federal Contract Tower,0,8,37,0,45,0,0,109,0,109,0,8,146,0,154,158,0,158,312
10/18/2001,SGR,TX,ASW,CE,Federal Contract Tower,0,2,42,0,44,0,0,108,0,108,0,2,150,0,152,132,0,132,284
10/19/2001,SGR,TX,ASW,CE,Federal Contract Tower,0,12,30,1,43,0,0,130,0,130,0,12,160,1,173,180,0,180,353
10/20/2001,SGR,TX,ASW,CE,Federal Contract Tower,0,3,27,0,30,0,2,101,0,103,0,5,128,0,133,196,0,196,329
10/21/2001,SGR,TX,ASW,CE,Federal Contract Tower,0,2,40,1,43,0,0,116,0,116,0,2,156,1,159,190,0,190,349
10/22/2001,SGR,TX,ASW,CE,Federal Contract Tower,0,5,38,0,43,0,4,54,0,58,0,9,92,0,101,108,0,108,209
10/23/2001,SGR,TX,ASW,CE,Federal Contract Tower,0,3,42,0,45,0,0,68,0,68,0,3,110,0,113,180,0,180,293
10/24/2001,SGR,TX,ASW,CE,Federal Contract Tower,0,11,56,0,67,0,2,42,0,44,0,13,98,0,111,78,0,78,189
10/25/2001,SGR,TX,ASW,CE,Federal Contract Tower,0,8,40,0,48,0,8,106,0,114,0,16,146,0,162,90,0,90,252
10/26/2001,SGR,TX,ASW,CE,Federal Contract Tower,0,7,54,0,61,0,0,119,0,119,0,7,173,0,180,134,0,134,314
10/27/2001,SGR,TX,ASW,CE,Federal Contract Tower,0,1,20,0,21,0,0,197,0,197,0,1,217,0,218,288,0,288,506
10/28/2001,SGR,TX,ASW,CE,Federal Contract Tower,0,6,44,0,50,0,8,174,0,182,0,14,218,0,232,220,0,220,452
10/29/2001,SGR,TX,ASW,CE,Federal Contract Tower,0,4,32,0,36,0,4,78,0,82,0,8,110,0,118,88,0,88,206
10/30/2001,SGR,TX,ASW,CE,Federal Contract Tower,0,2,33,0,35,0,0,125,0,125,0,2,158,0,160,198,0,198,358
10/31/2001,SGR,TX,ASW,CE,Federal Contract Tower,0,12,42,0,54,0,0,79,0,79,0,12,121,0,133,92,0,92,225
11/01/2001,SGR,TX,ASW,CE,Federal Contract Tower,0,7,53,0,60,0,1,123,0,124,0,8,176,0,184,168,0,168,352
11/02/2001,SGR,TX,ASW,CE,Federal Contract Tower,0,6,52,0,58,0,7,100,4,111,0,13,152,4,169,106,20,126,295
11/03/2001,SGR,TX,ASW,CE,Federal Contract Tower,0,2,27,0,29,0,5,155,0,160,0,7,182,0,189,258,0,258,447
11/04/2001,SGR,TX,ASW,CE,Federal Contract Tower,0,5,44,0,49,0,5,118,0,123,0,10,162,0,172,150,0,150,322
11/05/2001,SGR,TX,ASW,CE,Federal Contract Tower,0,9,34,0,43,0,4,120,0,124,0,13,154,0,167,146,0,146,313
11/06/2001,SGR,TX,ASW,CE,Federal Contract Tower,0,3,37,0,40,0,2,92,0,94,0,5,129,0,134,216,0,216,350
11/07/2001,SGR,TX,ASW,CE,Federal Contract Tower,0,5,43,0,48,0,2,104,0,106,0,7,147,0,154,92,0,92,246
11/08/2001,SGR,TX,ASW,CE,Federal Contract Tower,0,3,47,0,50,0,0,87,0,87,0,3,134,0,137,110,0,110,247
11/09/2001,SGR,TX,ASW,CE,Federal Contract Tower,0,13,58,0,71,0,0,58,0,58,0,13,116,0,129,114,10,124,253
11/10/2001,SGR,TX,ASW,CE,Federal Contract Tower,0,5,37,0,42,0,4,112,0,116,0,9,149,0,158,176,0,176,334
11/11/2001,SGR,TX,ASW,CE,Federal Contract Tower,0,6,65,0,71,0,0,163,0,163,0,6,228,0,234,206,0,206,440
11/12/2001,SGR,TX,ASW,CE,Federal Contract Tower,0,4,15,0,19,0,4,51,0,55,0,8,66,0,74,100,0,100,174
11/13/2001,SGR,TX,ASW,CE,Federal Contract Tower,0,5,52,0,57,0,0,88,0,88,0,5,140,0,145,190,6,196,341
11/14/2001,SGR,TX,ASW,CE,Federal Contract Tower,0,9,40,0,49,0,4,77,0,81,0,13,117,0,130,146,0,146,276
11/15/2001,SGR,TX,ASW,CE,Federal Contract Tower,0,8,46,0,54,0,0,49,0,49,0,8,95,0,103,54,0,54,157
11/16/2001,SGR,TX,ASW,CE,Federal Contract Tower,0,14,42,0,56,0,3,40,0,43,0,17,82,0,99,72,0,72,171
11/17/2001,SGR,TX,ASW,CE,Federal Contract Tower,0,2,26,0,28,0,0,103,0,103,0,2,129,0,131,172,0,172,303
11/18/2001,SGR,TX,ASW,CE,Federal Contract Tower,0,3,39,0,42,0,0,132,0,132,0,3,171,0,174,178,0,178,352
11/19/2001,SGR,TX,ASW,CE,Federal Contract Tower,0,5,29,0,34,0,2,37,0,39,0,7,66,0,73,112,0,112,185
11/20/2001,SGR,TX,ASW,CE,Federal Contract Tower,0,10,46,0,56,0,2,91,0,93,0,12,137,0,149,140,0,140,289
11/21/2001,SGR,TX,ASW,CE,Federal Contract Tower,0,6,50,0,56,0,0,125,0,125,0,6,175,0,181,236,0,236,417
11/22/2001,SGR,TX,ASW,CE,Federal Contract Tower,0,1,11,0,12,0,0,22,0,22,0,1,33,0,34,12,0,12,46
11/23/2001,SGR,TX,ASW,CE,Federal Contract Tower,0,0,23,0,23,0,0,50,0,50,0,0,73,0,73,34,0,34,107
11/24/2001,SGR,TX,ASW,CE,Federal Contract Tower,0,3,20,0,23,0,12,123,0,135,0,15,143,0,158,134,0,134,292
11/25/2001,SGR,TX,ASW,CE,Federal Contract Tower,0,6,58,0,64,0,6,169,0,175,0,12,227,0,239,186,0,186,425
11/26/2001,SGR,TX,ASW,CE,Federal Contract Tower,0,6,46,1,53,0,2,8,1,11,0,8,54,2,64,22,0,22,86
11/27/2001,SGR,TX,ASW,CE,Federal Contract Tower,0,2,22,0,24,0,0,15,0,15,0,2,37,0,39,18,0,18,57
11/28/2001,SGR,TX,ASW,CE,Federal Contract Tower,0,5,39,0,44,0,0,2,0,2,0,5,41,0,46,0,0,0,46
11/29/2001,SGR,TX,ASW,CE,Federal Contract Tower,0,5,40,0,45,0,0,53,0,53,0,5,93,0,98,84,0,84,182
11/30/2001,SGR,TX,ASW,CE,Federal Contract Tower,0,5,34,0,39,0,0,164,0,164,0,5,198,0,203,262,0,262,465
12/01/2001,SGR,TX,ASW,CE,Federal Contract Tower,0,5,23,0,28,0,0,124,0,124,0,5,147,0,152,288,0,288,440
12/02/2001,SGR,TX,ASW,CE,Federal Contract Tower,0,4,29,2,35,0,0,7,0,7,0,4,36,2,42,0,0,0,42
12/03/2001,SGR,TX,ASW,CE,Federal Contract Tower,0,7,40,0,47,0,0,52,0,52,0,7,92,0,99,154,0,154,253
12/04/2001,SGR,TX,ASW,CE,Federal Contract Tower,0,6,50,0,56,0,11,69,0,80,0,17,119,0,136,186,0,186,322
12/05/2001,SGR,TX,ASW,CE,Federal Contract Tower,0,18,43,0,61,0,2,54,0,56,0,20,97,0,117,92,0,92,209
12/06/2001,SGR,TX,ASW,CE,Federal Contract Tower,0,3,52,0,55,0,0,41,0,41,0,3,93,0,96,42,2,44,140
12/07/2001,SGR,TX,ASW,CE,Federal Contract Tower,0,6,50,0,56,0,1,52,2,55,0,7,102,2,111,62,0,62,173
12/08/2001,SGR,TX,ASW,CE,Federal Contract Tower,0,4,29,0,33,0,0,12,0,12,0,4,41,0,45,24,0,24,69
12/09/2001,SGR,TX,ASW,CE,Federal Contract Tower,0,4,44,0,48,0,0,151,0,151,0,4,195,0,199,210,0,210,409
12/10/2001,SGR,TX,ASW,CE,Federal Contract Tower,0,9,40,0,49,0,8,130,0,138,0,17,170,0,187,128,0,128,315
12/11/2001,SGR,TX,ASW,CE,Federal Contract Tower,0,4,32,2,38,0,0,24,0,24,0,4,56,2,62,72,0,72,134
12/12/2001,SGR,TX,ASW,CE,Federal Contract Tower,0,6,57,0,63,0,0,12,0,12,0,6,69,0,75,8,0,8,83
12/13/2001,SGR,TX,ASW,CE,Federal Contract Tower,0,3,45,0,48,0,0,13,0,13,0,3,58,0,61,6,0,6,67
12/14/2001,SGR,TX,ASW,CE,Federal Contract Tower,0,6,34,0,40,0,0,169,0,169,0,6,203,0,209,204,0,204,413
12/15/2001,SGR,TX,ASW,CE,Federal Contract Tower,0,0,35,0,35,0,0,41,0,41,0,0,76,0,76,92,0,92,168
12/16/2001,SGR,TX,ASW,CE,Federal Contract Tower,0,5,32,0,37,0,0,8,0,8,0,5,40,0,45,16,0,16,61
12/17/2001,SGR,TX,ASW,CE,Federal Contract Tower,0,5,44,0,49,0,6,71,0,77,0,11,115,0,126,128,0,128,254
12/18/2001,SGR,TX,ASW,CE,Federal Contract Tower,0,0,30,0,30,0,2,123,0,125,0,2,153,0,155,278,0,278,433
12/19/2001,SGR,TX,ASW,CE,Federal Contract Tower,0,4,33,0,37,0,2,107,0,109,0,6,140,0,146,70,0,70,216
12/20/2001,SGR,TX,ASW,CE,Federal Contract Tower,0,2,27,0,29,0,0,132,0,132,0,2,159,0,161,116,0,116,277
12/21/2001,SGR,TX,ASW,CE,Federal Contract Tower,0,4,51,0,55,0,0,137,0,137,0,4,188,0,192,154,0,154,346
12/22/2001,SGR,TX,ASW,CE,Federal Contract Tower,0,2,36,0,38,0,0,47,0,47,0,2,83,0,85,86,0,86,171
12/23/2001,SGR,TX,ASW,CE,Federal Contract Tower,0,5,31,0,36,0,4,161,0,165,0,9,192,0,201,166,0,166,367
12/24/2001,SGR,TX,ASW,CE,Federal Contract Tower,0,4,20,0,24,0,0,71,0,71,0,4,91,0,95,48,0,48,143
12/25/2001,SGR,TX,ASW,CE,Federal Contract Tower,0,3,9,0,12,0,0,23,0,23,0,3,32,0,35,20,0,20,55
12/26/2001,SGR,TX,ASW,CE,Federal Contract Tower,0,4,46,0,50,0,0,114,0,114,0,4,160,0,164,102,0,102,266
12/27/2001,SGR,TX,ASW,CE,Federal Contract Tower,0,3,33,0,36,0,0,134,0,134,0,3,167,0,170,140,0,140,310
12/28/2001,SGR,TX,ASW,CE,Federal Contract Tower,0,2,23,0,25,0,0,139,0,139,0,2,162,0,164,146,0,146,310
12/29/2001,SGR,TX,ASW,CE,Federal Contract Tower,0,1,25,0,26,0,4,111,0,115,0,5,136,0,141,166,0,166,307
12/30/2001,SGR,TX,ASW,CE,Federal Contract Tower,0,3,21,0,24,0,0,111,0,111,0,3,132,0,135,124,0,124,259
12/31/2001,SGR,TX,ASW,CE,Federal Contract Tower,0,4,13,0,17,0,8,50,0,58,0,12,63,0,75,102,0,102,177
01/01/2002,SGR,TX,ASW,CE,Federal Contract Tower,0,8,10,0,18,0,0,6,0,6,0,8,16,0,24,18,0,18,42
01/02/2002,SGR,TX,ASW,CE,Federal Contract Tower,0,3,22,0,25,0,0,52,0,52,0,3,74,0,77,40,0,40,117
01/03/2002,SGR,TX,ASW,CE,Federal Contract Tower,0,0,34,0,34,0,0,91,0,91,0,0,125,0,125,94,6,100,225
01/04/2002,SGR,TX,ASW,CE,Federal Contract Tower,0,6,33,0,39,0,0,74,0,74,0,6,107,0,113,34,0,34,147
01/05/2002,SGR,TX,ASW,CE,Federal Contract Tower,0,3,33,0,36,0,0,8,0,8,0,3,41,0,44,18,0,18,62
01/06/2002,SGR,TX,ASW,CE,Federal Contract Tower,0,2,27,0,29,0,0,172,0,172,0,2,199,0,201,168,0,168,369
01/07/2002,SGR,TX,ASW,CE,Federal Contract Tower,0,5,36,0,41,0,0,63,0,63,0,5,99,0,104,88,0,88,192
01/08/2002,SGR,TX,ASW,CE,Federal Contract Tower,0,4,42,0,46,0,0,80,0,80,0,4,122,0,126,172,0,172,298
01/09/2002,SGR,TX,ASW,CE,Federal Contract Tower,0,12,37,0,49,0,0,76,0,76,0,12,113,0,125,110,0,110,235
01/10/2002,SGR,TX,ASW,CE,Federal Contract Tower,0,6,52,0,58,0,0,88,0,88,0,6,140,0,146,120,0,120,266
01/11/2002,SGR,TX,ASW,CE,Federal Contract Tower,0,8,52,0,60,0,0,68,0,68,0,8,120,0,128,124,0,124,252
01/12/2002,SGR,TX,ASW,CE,Federal Contract Tower,0,1,10,0,11,0,0,144,0,144,0,1,154,0,155,150,0,150,305
01/13/2002,SGR,TX,ASW,CE,Federal Contract Tower,0,3,38,0,41,0,0,173,0,173,0,3,211,0,214,212,0,212,426
01/14/2002,SGR,TX,ASW,CE,Federal Contract Tower,0,4,29,0,33,0,0,86,0,86,0,4,115,0,119,106,0,106,225
01/15/2002,SGR,TX,ASW,CE,Federal Contract Tower,0,3,33,0,36,0,0,76,0,76,0,3,109,0,112,108,0,108,220
01/16/2002,SGR,TX,ASW,CE,Federal Contract Tower,0,9,51,0,60,0,0,85,2,87,0,9,136,2,147,122,0,122,269
01/17/2002,SGR,TX,ASW,CE,Federal Contract Tower,0,3,34,0,37,0,0,41,0,41,0,3,75,0,78,98,2,100,178
01/18/2002,SGR,TX,ASW,CE,Federal Contract Tower,0,11,59,0,70,0,0,0,0,0,0,11,59,0,70,0,0,0,70
01/19/2002,SGR,TX,ASW,CE,Federal Contract Tower,0,0,28,0,28,0,0,30,0,30,0,0,58,0,58,48,0,48,106
01/20/2002,SGR,TX,ASW,CE,Federal Contract Tower,0,2,29,0,31,0,0,133,0,133,0,2,162,0,164,184,0,184,348
01/21/2002,SGR,TX,ASW,CE,Federal Contract Tower,0,5,35,0,40,0,0,89,0,89,0,5,124,0,129,104,0,104,233
01/22/2002,SGR,TX,ASW,CE,Federal Contract Tower,0,8,38,0,46,0,0,9,0,9,0,8,47,0,55,44,0,44,99
01/23/2002,SGR,TX,ASW,CE,Federal Contract Tower,0,7,46,0,53,0,0,19,0,19,0,7,65,0,72,60,0,60,132
01/24/2002,SGR,TX,ASW,CE,Federal Contract Tower,0,1,50,2,53,0,0,2,0,2,0,1,52,2,55,2,0,2,57
01/25/2002,SGR,TX,ASW,CE,Federal Contract Tower,0,9,34,0,43,0,0,143,0,143,0,9,177,0,186,152,0,152,338
01/26/2002,SGR,TX,ASW,CE,Federal Contract Tower,0,3,19,0,22,0,0,159,0,159,0,3,178,0,181,278,0,278,459
01/27/2002,SGR,TX,ASW,CE,Federal Contract Tower,0,2,29,0,31,0,0,163,4,167,0,2,192,4,198,204,2,206,404
01/28/2002,SGR,TX,ASW,CE,Federal Contract Tower,0,6,52,0,58,0,0,30,0,30,0,6,82,0,88,28,0,28,116
01/29/2002,SGR,TX,ASW,CE,Federal Contract Tower,0,2,46,0,48,0,0,60,0,60,0,2,106,0,108,118,0,118,226
01/30/2002,SGR,TX,ASW,CE,Federal Contract Tower,0,5,46,0,51,0,0,36,0,36,0,5,82,0,87,36,0,36,123
01/31/2002,SGR,TX,ASW,CE,Federal Contract Tower,0,5,33,0,38,0,0,32,0,32,0,5,65,0,70,10,0,10,80
02/01/2002,SGR,TX,ASW,CE,Federal Contract Tower,0,9,38,0,47,0,0,77,0,77,0,9,115,0,124,88,0,88,212
02/02/2002,SGR,TX,ASW,CE,Federal Contract Tower,0,3,24,0,27,0,0,100,0,100,0,3,124,0,127,222,0,222,349
02/03/2002,SGR,TX,ASW,CE,Federal Contract Tower,0,7,30,0,37,0,0,64,0,64,0,7,94,0,101,172,0,172,273
02/04/2002,SGR,TX,ASW,CE,Federal Contract Tower,0,5,25,0,30,0,0,87,0,87,0,5,112,0,117,98,0,98,215
02/05/2002,SGR,TX,ASW,CE,Federal Contract Tower,0,0,20,0,20,0,0,0,0,0,0,0,20,0,20,0,0,0,20
02/06/2002,SGR,TX,ASW,CE,Federal Contract Tower,0,5,47,0,52,0,0,10,0,10,0,5,57,0,62,8,0,8,70
02/07/2002,SGR,TX,ASW,CE,Federal Contract Tower,0,6,32,0,38,0,0,130,0,130,0,6,162,0,168,178,0,178,346
02/08/2002,SGR,TX,ASW,CE,Federal Contract Tower,0,5,34,0,39,0,0,138,0,138,0,5,172,0,177,146,0,146,323
02/09/2002,SGR,TX,ASW,CE,Federal Contract Tower,0,2,13,0,15,0,0,121,0,121,0,2,134,0,136,150,0,150,286
02/10/2002,SGR,TX,ASW,CE,Federal Contract Tower,0,0,20,0,20,0,2,34,0,36,0,2,54,0,56,68,0,68,124
02/11/2002,SGR,TX,ASW,CE,Federal Contract Tower,0,4,34,0,38,0,2,79,0,81,0,6,113,0,119,154,0,154,273
02/12/2002,SGR,TX,ASW,CE,Federal Contract Tower,0,13,39,0,52,0,0,114,0,114,0,13,153,0,166,250,0,250,416
02/13/2002,SGR,TX,ASW,CE,Federal Contract Tower,0,10,43,0,53,0,0,112,0,112,0,10,155,0,165,94,0,94,259
02/14/2002,SGR,TX,ASW,CE,Federal Contract Tower,0,4,44,0,48,0,1,117,0,118,0,5,161,0,166,172,0,172,338
02/15/2002,SGR,TX,ASW,CE,Federal Contract Tower,0,7,44,0,51,0,1,77,0,78,0,8,121,0,129,104,0,104,233
02/16/2002,SGR,TX,ASW,CE,Federal Contract Tower,0,1,21,0,22,0,0,215,0,215,0,1,236,0,237,234,0,234,471
02/17/2002,SGR,TX,ASW,CE,Federal Contract Tower,0,2,35,0,37,0,2,159,0,161,0,4,194,0,198,196,0,196,394
02/18/2002,SGR,TX,ASW,CE,Federal Contract Tower,0,8,40,0,48,0,4,85,0,89,0,12,125,0,137,82,0,82,219
02/19/2002,SGR,TX,ASW,CE,Federal Contract Tower,0,4,34,0,38,0,2,8,0,10,0,6,42,0,48,8,0,8,56
02/20/2002,SGR,TX,ASW,CE,Federal Contract Tower,0,10,39,0,49,0,0,151,0,151,0,10,190,0,200,114,0,114,314
02/21/2002,SGR,TX,ASW,CE,Federal Contract Tower,0,2,43,2,47,0,0,147,7,154,0,2,190,9,201,134,0,134,335
02/22/2002,SGR,TX,ASW,CE,Federal Contract Tower,0,6,33,0,39,0,0,119,0,119,0,6,152,0,158,124,0,124,282
02/23/2002,SGR,TX,ASW,CE,Federal Contract Tower,0,4,25,0,29,0,0,204,4,208,0,4,229,4,237,256,0,256,493
02/24/2002,SGR,TX,ASW,CE,Federal Contract Tower,0,3,27,0,30,0,2,146,0,148,0,5,173,0,178,118,0,118,296
02/25/2002,SGR,TX,ASW,CE,Federal Contract Tower,0,6,27,0,33,0,4,67,0,71,0,10,94,0,104,126,2,128,232
02/26/2002,SGR,TX,ASW,CE,Federal Contract Tower,0,0,38,0,38,0,0,24,0,24,0,0,62,0,62,12,0,12,74
02/27/2002,SGR,TX,ASW,CE,Federal Contract Tower,0,6,43,0,49,0,0,102,0,102,0,6,145,0,151,134,0,134,285
02/28/2002,SGR,TX,ASW,CE,Federal Contract Tower,0,1,46,0,47,0,0,88,2,90,0,1,134,2,137,118,0,118,255
03/01/2002,SGR,TX,ASW,CE,Federal Contract Tower,0,8,39,0,47,0,0,4,0,4,0,8,43,0,51,4,0,4,55
03/02/2002,SGR,TX,ASW,CE,Federal Contract Tower,0,3,10,0,13,0,0,17,0,17,0,3,27,0,30,14,0,14,44
03/03/2002,SGR,TX,ASW,CE,Federal Contract Tower,0,3,18,0,21,0,3,79,0,82,0,6,97,0,103,70,0,70,173
03/04/2002,SGR,TX,ASW,CE,Federal Contract Tower,0,7,25,2,34,0,1,101,0,102,0,8,126,2,136,90,0,90,226
03/05/2002,SGR,TX,ASW,CE,Federal Contract Tower,0,3,24,0,27,0,0,99,0,99,0,3,123,0,126,166,0,166,292
03/06/2002,SGR,TX,ASW,CE,Federal Contract Tower,0,6,36,0,42,0,6,59,0,65,0,12,95,0,107,130,0,130,237
03/07/2002,SGR,TX,ASW,CE,Federal Contract Tower,0,9,47,0,56,0,0,100,0,100,0,9,147,0,156,106,0,106,262
03/08/2002,SGR,TX,ASW,CE,Federal Contract Tower,0,5,30,2,37,0,0,21,0,21,0,5,51,2,58,22,0,22,80
03/09/2002,SGR,TX,ASW,CE,Federal Contract Tower,0,3,22,0,25,0,6,45,0,51,0,9,67,0,76,62,0,62,138
03/10/2002,SGR,TX,ASW,CE,Federal Contract Tower,0,3,16,0,19,0,0,155,0,155,0,3,171,0,174,140,0,140,314
03/11/2002,SGR,TX,ASW,CE,Federal Contract Tower,0,5,38,0,43,0,0,33,0,33,0,5,71,0,76,54,0,54,130
03/12/2002,SGR,TX,ASW,CE,Federal Contract Tower,0,5,30,0,35,0,2,86,0,88,0,7,116,0,123,144,2,146,269
03/13/2002,SGR,TX,ASW,CE,Federal Contract Tower,0,5,45,1,51,0,2,96,0,98,0,7,141,1,149,136,0,136,285
03/14/2002,SGR,TX,ASW,CE,Federal Contract Tower,0,3,51,0,54,0,0,58,0,58,0,3,109,0,112,96,0,96,208
03/15/2002,SGR,TX,ASW,CE,Federal Contract Tower,0,11,45,0,56,0,0,41,2,43,0,11,86,2,99,40,0,40,139
03/16/2002,SGR,TX,ASW,CE,Federal Contract Tower,0,2,46,0,48,0,2,37,0,39,0,4,83,0,87,56,0,56,143
03/17/2002,SGR,TX,ASW,CE,Federal Contract Tower,0,1,30,0,31,0,0,28,0,28,0,1,58,0,59,88,0,88,147
03/18/2002,SGR,TX,ASW,CE,Federal Contract Tower,0,7,34,0,41,0,2,53,0,55,0,9,87,0,96,48,0,48,144
03/19/2002,SGR,TX,ASW,CE,Federal Contract Tower,0,3,30,1,34,0,0,19,1,20,0,3,49,2,54,26,0,26,80
03/20/2002,SGR,TX,ASW,CE,Federal Contract Tower,0,12,54,0,66,0,0,17,0,17,0,12,71,0,83,2,0,2,85
03/21/2002,SGR,TX,ASW,CE,Federal Contract Tower,0,5,35,0,40,0,0,173,6,179,0,5,208,6,219,134,16,150,369
03/22/2002,SGR,TX,ASW,CE,Federal Contract Tower,0,11,40,0,51,0,0,128,0,128,0,11,168,0,179,184,2,186,365
03/23/2002,SGR,TX,ASW,CE,Federal Contract Tower,0,4,40,0,44,0,0,146,0,146,0,4,186,0,190,162,0,162,352
03/24/2002,SGR,TX,ASW,CE,Federal Contract Tower,0,3,30,0,33,0,0,76,0,76,0,3,106,0,109,118,0,118,227
03/25/2002,SGR,TX,ASW,CE,Federal Contract Tower,0,3,37,0,40,0,0,25,0,25,0,3,62,0,65,48,0,48,113
03/26/2002,SGR,TX,ASW,CE,Federal Contract Tower,0,2,27,0,29,0,0,88,0,88,0,2,115,0,117,120,0,120,237
03/27/2002,SGR,TX,ASW,CE,Federal Contract Tower,0,8,35,0,43,0,0,116,2,118,0,8,151,2,161,210,0,210,371
03/28/2002,SGR,TX,ASW,CE,Federal Contract Tower,0,12,64,0,76,0,1,106,2,109,0,13,170,2,185,146,10,156,341
03/29/2002,SGR,TX,ASW,CE,Federal Contract Tower,0,1,33,0,34,0,0,46,0,46,0,1,79,0,80,160,0,160,240
03/30/2002,SGR,TX,ASW,CE,Federal Contract Tower,0,4,15,0,19,0,0,70,0,70,0,4,85,0,89,124,0,124,213
03/31/2002,SGR,TX,ASW,CE,Federal Contract Tower,0,3,26,0,29,0,2,62,0,64,0,5,88,0,93,68,0,68,161
04/01/2002,SGR,TX,ASW,CE,Federal Contract Tower,0,8,37,0,45,0,1,114,0,115,0,9,151,0,160,148,2,150,310
04/02/2002,SGR,TX,ASW,CE,Federal Contract Tower,0,4,31,0,35,0,0,89,0,89,0,4,120,0,124,194,0,194,318
04/03/2002,SGR,TX,ASW,CE,Federal Contract Tower,0,8,42,0,50,0,0,75,0,75,0,8,117,0,125,100,0,100,225
04/04/2002,SGR,TX,ASW,CE,Federal Contract Tower,0,2,24,0,26,0,6,103,0,109,0,8,127,0,135,148,0,148,283
04/05/2002,SGR,TX,ASW,CE,Federal Contract Tower,0,8,26,0,34,0,0,135,0,135,0,8,161,0,169,172,0,172,341
04/06/2002,SGR,TX,ASW,CE,Federal Contract Tower,0,0,18,0,18,0,0,74,0,74,0,0,92,0,92,90,0,90,182
04/07/2002,SGR,TX,ASW,CE,Federal Contract Tower,0,6,30,0,36,0,0,32,0,32,0,6,62,0,68,70,0,70,138
04/08/2002,SGR,TX,ASW,CE,Federal Contract Tower,0,7,10,0,17,0,0,45,0,45,0,7,55,0,62,30,0,30,92
04/09/2002,SGR,TX,ASW,CE,Federal Contract Tower,0,0,50,2,52,0,0,79,3,82,0,0,129,5,134,156,0,156,290
04/10/2002,SGR,TX,ASW,CE,Federal Contract Tower,0,9,63,2,74,0,0,99,8,107,0,9,162,10,181,198,0,198,379
04/11/2002,SGR,TX,ASW,CE,Federal Contract Tower,0,5,47,0,52,0,0,169,1,170,0,5,216,1,222,180,0,180,402
04/12/2002,SGR,TX,ASW,CE,Federal Contract Tower,0,7,50,0,57,0,0,136,3,139,0,7,186,3,196,176,0,176,372
04/13/2002,SGR,TX,ASW,CE,Federal Contract Tower,0,2,25,0,27,0,0,121,0,121,0,2,146,0,148,244,2,246,394
04/14/2002,SGR,TX,ASW,CE,Federal Contract Tower,0,3,38,2,43,0,0,129,0,129,0,3,167,2,172,172,2,174,346
04/15/2002,SGR,TX,ASW,CE,Federal Contract Tower,0,8,33,0,41,0,0,70,0,70,0,8,103,0,111,98,10,108,219
04/16/2002,SGR,TX,ASW,CE,Federal Contract Tower,0,5,50,0,55,0,4,46,0,50,0,9,96,0,105,128,0,128,233
04/17/2002,SGR,TX,ASW,CE,Federal Contract Tower,0,11,56,0,67,0,0,99,0,99,0,11,155,0,166,132,0,132,298
04/18/2002,SGR,TX,ASW,CE,Federal Contract Tower,0,4,42,0,46,0,0,105,0,105,0,4,147,0,151,120,0,120,271
04/19/2002,SGR,TX,ASW,CE,Federal Contract Tower,0,14,58,0,72,0,5,110,0,115,0,19,168,0,187,190,0,190,377
04/20/2002,SGR,TX,ASW,CE,Federal Contract Tower,0,1,35,0,36,0,8,85,0,93,0,9,120,0,129,250,0,250,379
04/21/2002,SGR,TX,ASW,CE,Federal Contract Tower,0,1,43,0,44,0,0,96,0,96,0,1,139,0,140,254,0,254,394
04/22/2002,SGR,TX,ASW,CE,Federal Contract Tower,0,5,27,0,32,0,3,72,0,75,0,8,99,0,107,110,0,110,217
04/23/2002,SGR,TX,ASW,CE,Federal Contract Tower,0,3,35,0,38,0,0,81,0,81,0,3,116,0,119,202,0,202,321
04/24/2002,SGR,TX,ASW,CE,Federal Contract Tower,0,9,68,0,77,0,4,64,0,68,0,13,132,0,145,100,0,100,245
04/25/2002,SGR,TX,ASW,CE,Federal Contract Tower,0,8,38,0,46,0,0,101,0,101,0,8,139,0,147,138,0,138,285
04/26/2002,SGR,TX,ASW,CE,Federal Contract Tower,0,1,42,0,43,0,4,98,4,106,0,5,140,4,149,100,0,100,249
04/27/2002,SGR,TX,ASW,CE,Federal Contract Tower,0,2,27,0,29,0,0,73,0,73,0,2,100,0,102,104,0,104,206
04/28/2002,SGR,TX,ASW,CE,Federal Contract Tower,0,1,37,0,38,0,0,130,0,130,0,1,167,0,168,262,0,262,430
04/29/2002,SGR,TX,ASW,CE,Federal Contract Tower,0,10,33,0,43,0,4,88,0,92,0,14,121,0,135,260,0,260,395
04/30/2002,SGR,TX,ASW,CE,Federal Contract Tower,0,2,44,0,46,0,6,66,0,72,0,8,110,0,118,122,0,122,240
05/01/2002,SGR,TX,ASW,CE,Federal Contract Tower,0,3,50,0,53,0,7,76,0,83,0,10,126,0,136,90,0,90,226
05/02/2002,SGR,TX,ASW,CE,Federal Contract Tower,0,3,51,0,54,0,1,92,0,93,0,4,143,0,147,170,2,172,319
05/03/2002,SGR,TX,ASW,CE,Federal Contract Tower,0,10,51,0,61,0,0,65,0,65,0,10,116,0,126,62,0,62,188
05/04/2002,SGR,TX,ASW,CE,Federal Contract Tower,0,2,34,0,36,0,0,39,0,39,0,2,73,0,75,96,0,96,171
05/05/2002,SGR,TX,ASW,CE,Federal Contract Tower,0,6,29,0,35,0,2,123,0,125,0,8,152,0,160,102,0,102,262
05/06/2002,SGR,TX,ASW,CE,Federal Contract Tower,0,4,22,0,26,0,8,109,0,117,0,12,131,0,143,166,0,166,309
05/07/2002,SGR,TX,ASW,CE,Federal Contract Tower,0,2,42,0,44,0,2,56,0,58,0,4,98,0,102,112,0,112,214
05/08/2002,SGR,TX,ASW,CE,Federal Contract Tower,0,10,53,0,63,0,0,77,2,79,0,10,130,2,142,116,4,120,262
05/09/2002,SGR,TX,ASW,CE,Federal Contract Tower,0,7,54,0,61,0,0,102,2,104,0,7,156,2,165,130,0,130,295
05/10/2002,SGR,TX,ASW,CE,Federal Contract Tower,0,10,32,0,42,0,3,112,0,115,0,13,144,0,157,148,0,148,305
05/11/2002,SGR,TX,ASW,CE,Federal Contract Tower,0,4,26,0,30,0,6,117,0,123,0,10,143,0,153,224,0,224,377
05/12/2002,SGR,TX,ASW,CE,Federal Contract Tower,0,6,30,0,36,0,0,71,0,71,0,6,101,0,107,78,0,78,185
05/13/2002,SGR,TX,ASW,CE,Federal Contract Tower,0,13,32,0,45,0,0,72,0,72,0,13,104,0,117,170,0,170,287
05/14/2002,SGR,TX,ASW,CE,Federal Contract Tower,0,7,40,0,47,0,0,101,0,101,0,7,141,0,148,242,2,244,392
05/15/2002,SGR,TX,ASW,CE,Federal Contract Tower,0,13,50,1,64,0,0,147,3,150,0,13,197,4,214,182,0,182,396
05/16/2002,SGR,TX,ASW,CE,Federal Contract Tower,0,5,38,0,43,0,0,87,2,89,0,5,125,2,132,186,0,186,318
05/17/2002,SGR,TX,ASW,CE,Federal Contract Tower,0,8,34,0,42,0,0,2,0,2,0,8,36,0,44,8,0,8,52
05/18/2002,SGR,TX,ASW,CE,Federal Contract Tower,0,3,29,0,32,0,0,97,0,97,0,3,126,0,129,290,0,290,419
05/19/2002,SGR,TX,ASW,CE,Federal Contract Tower,0,8,23,0,31,0,0,174,0,174,0,8,197,0,205,202,0,202,407
05/20/2002,SGR,TX,ASW,CE,Federal Contract Tower,0,7,27,0,34,0,0,96,0,96,0,7,123,0,130,202,0,202,332
05/21/2002,SGR,TX,ASW,CE,Federal Contract Tower,0,3,34,0,37,0,0,100,2,102,0,3,134,2,139,186,0,186,325
05/22/2002,SGR,TX,ASW,CE,Federal Contract Tower,0,6,52,0,58,0,0,106,0,106,0,6,158,0,164,140,0,140,304
05/23/2002,SGR,TX,ASW,CE,Federal Contract Tower,0,4,40,0,44,0,0,105,0,105,0,4,145,0,149,202,0,202,351
05/24/2002,SGR,TX,ASW,CE,Federal Contract Tower,0,13,42,0,55,0,0,120,0,120,0,13,162,0,175,252,0,252,427
05/25/2002,SGR,TX,ASW,CE,Federal Contract Tower,0,1,23,0,24,0,4,123,0,127,0,5,146,0,151,164,0,164,315
05/26/2002,SGR,TX,ASW,CE,Federal Contract Tower,0,4,15,0,19,0,8,113,0,121,0,12,128,0,140,154,0,154,294
05/27/2002,SGR,TX,ASW,CE,Federal Contract Tower,0,5,20,0,25,0,0,116,0,116,0,5,136,0,141,188,0,188,329
05/28/2002,SGR,TX,ASW,CE,Federal Contract Tower,0,5,22,0,27,0,0,61,0,61,0,5,83,0,88,134,0,134,222
05/29/2002,SGR,TX,ASW,CE,Federal Contract Tower,0,8,48,0,56,0,0,73,0,73,0,8,121,0,129,120,0,120,249
05/30/2002,SGR,TX,ASW,CE,Federal Contract Tower,0,7,44,0,51,0,0,104,0,104,0,7,148,0,155,94,0,94,249
05/31/2002,SGR,TX,ASW,CE,Federal Contract Tower,0,8,35,0,43,0,0,84,0,84,0,8,119,0,127,116,0,116,243
06/01/2002,SGR,TX,ASW,CE,Federal Contract Tower,0,3,15,0,18,0,5,1,0,6,0,8,16,0,24,18,0,18,42
06/02/2002,SGR,TX,ASW,CE,Federal Contract Tower,0,3,22,0,25,0,0,52,0,52,0,3,74,0,77,40,0,40,117
06/03/2002,SGR,TX,ASW,CE,Federal Contract Tower,0,0,30,0,30,0,0,95,0,95,0,0,125,0,125,94,6,100,225
06/04/2002,SGR,TX,ASW,CE,Federal Contract Tower,0,3,36,0,39,0,3,71,0,74,0,6,107,0,113,34,0,34,147
06/05/2002,SGR,TX,ASW,CE,Federal Contract Tower,0,3,31,0,34,0,0,10,0,10,0,3,41,0,44,18,0,18,62
06/06/2002,SGR,TX,ASW,CE,Federal Contract Tower,0,2,25,0,27,0,0,174,0,174,0,2,199,0,201,168,0,168,369
06/07/2002,SGR,TX,ASW,CE,Federal Contract Tower,0,5,36,0,41,0,0,63,0,63,0,5,99,0,104,88,0,88,192
06/08/2002,SGR,TX,ASW,CE,Federal Contract Tower,0,4,40,0,44,0,0,82,0,82,0,4,122,0,126,172,0,172,298
06/09/2002,SGR,TX,ASW,CE,Federal Contract Tower,0,6,43,0,49,0,6,70,0,76,0,12,113,0,125,110,0,110,235
06/10/2002,SGR,TX,ASW,CE,Federal Contract Tower,0,6,51,0,57,0,0,89,0,89,0,6,140,0,146,120,0,120,266
06/11/2002,SGR,TX,ASW,CE,Federal Contract Tower,0,7,53,0,60,0,1,67,0,68,0,8,120,0,128,124,0,124,252
06/12/2002,SGR,TX,ASW,CE,Federal Contract Tower,0,1,9,0,10,0,0,145,0,145,0,1,154,0,155,150,0,150,305
06/13/2002,SGR,TX,ASW,CE,Federal Contract Tower,0,3,36,0,39,0,0,175,0,175,0,3,211,0,214,212,0,212,426
06/14/2002,SGR,TX,ASW,CE,Federal Contract Tower,0,4,29,0,33,0,0,86,0,86,0,4,115,0,119,106,0,106,225
06/15/2002,SGR,TX,ASW,CE,Federal Contract Tower,0,3,31,0,34,0,0,78,0,78,0,3,109,0,112,108,0,108,220
06/16/2002,SGR,TX,ASW,CE,Federal Contract Tower,0,7,53,0,60,0,2,83,2,87,0,9,136,2,147,122,0,122,269
06/17/2002,SGR,TX,ASW,CE,Federal Contract Tower,0,3,32,0,35,0,0,43,0,43,0,3,75,0,78,98,2,100,178
06/18/2002,SGR,TX,ASW,CE,Federal Contract Tower,0,8,59,0,67,0,3,0,0,3,0,11,59,0,70,0,0,0,70
06/19/2002,SGR,TX,ASW,CE,Federal Contract Tower,0,0,25,0,25,0,0,33,0,33,0,0,58,0,58,48,0,48,106
06/20/2002,SGR,TX,ASW,CE,Federal Contract Tower,0,2,28,0,30,0,0,134,0,134,0,2,162,0,164,184,0,184,348
06/21/2002,SGR,TX,ASW,CE,Federal Contract Tower,0,4,36,0,40,0,1,88,0,89,0,5,124,0,129,104,0,104,233
06/22/2002,SGR,TX,ASW,CE,Federal Contract Tower,0,5,41,0,46,0,3,6,0,9,0,8,47,0,55,44,0,44,99
06/23/2002,SGR,TX,ASW,CE,Federal Contract Tower,0,6,47,0,53,0,1,18,0,19,0,7,65,0,72,60,0,60,132
06/24/2002,SGR,TX,ASW,CE,Federal Contract Tower,0,1,47,0,48,0,0,5,2,7,0,1,52,2,55,2,0,2,57
06/25/2002,SGR,TX,ASW,CE,Federal Contract Tower,0,5,38,0,43,0,4,139,0,143,0,9,177,0,186,152,0,152,338
06/26/2002,SGR,TX,ASW,CE,Federal Contract Tower,0,2,20,0,22,0,1,158,0,159,0,3,178,0,181,278,0,278,459
06/27/2002,SGR,TX,ASW,CE,Federal Contract Tower,0,2,28,0,30,0,0,164,4,168,0,2,192,4,198,204,2,206,404
06/28/2002,SGR,TX,ASW,CE,Federal Contract Tower,0,6,52,0,58,0,0,30,0,30,0,6,82,0,88,28,0,28,116
06/29/2002,SGR,TX,ASW,CE,Federal Contract Tower,0,2,43,0,45,0,0,63,0,63,0,2,106,0,108,118,0,118,226
06/30/2002,SGR,TX,ASW,CE,Federal Contract Tower,0,5,46,0,51,0,0,36,0,36,0,5,82,0,87,36,0,36,123
07/01/2002,SGR,TX,ASW,CE,Federal Contract Tower,0,5,15,0,20,0,1,62,0,63,0,6,77,0,83,194,0,194,277
07/02/2002,SGR,TX,ASW,CE,Federal Contract Tower,0,12,30,0,42,0,6,57,0,63,0,18,87,0,105,146,0,146,251
07/03/2002,SGR,TX,ASW,CE,Federal Contract Tower,0,14,31,0,45,0,1,112,0,113,0,15,143,0,158,154,0,154,312
07/04/2002,SGR,TX,ASW,CE,Federal Contract Tower,0,1,8,0,9,0,2,50,0,52,0,3,58,0,61,62,0,62,123
07/05/2002,SGR,TX,ASW,CE,Federal Contract Tower,0,6,12,0,18,0,0,102,0,102,0,6,114,0,120,160,0,160,280
07/06/2002,SGR,TX,ASW,CE,Federal Contract Tower,0,2,7,0,9,0,8,111,0,119,0,10,118,0,128,166,0,166,294
07/07/2002,SGR,TX,ASW,CE,Federal Contract Tower,0,6,21,0,27,0,4,126,0,130,0,10,147,0,157,208,0,208,365
07/08/2002,SGR,TX,ASW,CE,Federal Contract Tower,0,6,20,0,26,0,2,79,0,81,0,8,99,0,107,224,0,224,331
07/09/2002,SGR,TX,ASW,CE,Federal Contract Tower,0,3,29,0,32,0,0,64,0,64,0,3,93,0,96,168,0,168,264
07/10/2002,SGR,TX,ASW,CE,Federal Contract Tower,0,3,29,0,32,0,0,104,0,104,0,3,133,0,136,136,0,136,272
07/11/2002,SGR,TX,ASW,CE,Federal Contract Tower,0,6,36,0,42,0,2,101,0,103,0,8,137,0,145,162,0,162,307
07/12/2002,SGR,TX,ASW,CE,Federal Contract Tower,0,1,40,0,41,0,0,146,2,148,0,1,186,2,189,152,0,152,341
07/13/2002,SGR,TX,ASW,CE,Federal Contract Tower,0,4,15,0,19,0,0,134,0,134,0,4,149,0,153,164,0,164,317
07/14/2002,SGR,TX,ASW,CE,Federal Contract Tower,0,4,24,0,28,0,1,101,0,102,0,5,125,0,130,120,0,120,250
07/15/2002,SGR,TX,ASW,CE,Federal Contract Tower,0,5,23,0,28,0,4,7,0,11,0,9,30,0,39,14,0,14,53
07/16/2002,SGR,TX,ASW,CE,Federal Contract Tower,0,0,25,0,25,0,8,17,0,25,0,8,42,0,50,40,0,40,90
07/17/2002,SGR,TX,ASW,CE,Federal Contract Tower,0,3,39,0,42,0,4,92,0,96,0,7,131,0,138,172,0,172,310
07/18/2002,SGR,TX,ASW,CE,Federal Contract Tower,0,8,43,0,51,0,4,97,0,101,0,12,140,0,152,164,0,164,316
07/19/2002,SGR,TX,ASW,CE,Federal Contract Tower,0,3,24,0,27,0,0,156,0,156,0,3,180,0,183,262,0,262,445
07/20/2002,SGR,TX,ASW,CE,Federal Contract Tower,0,1,33,0,34,0,0,163,0,163,0,1,196,0,197,342,0,342,539
07/21/2002,SGR,TX,ASW,CE,Federal Contract Tower,0,3,36,0,39,0,4,149,0,153,0,7,185,0,192,214,0,214,406
07/22/2002,SGR,TX,ASW,CE,Federal Contract Tower,0,1,15,0,16,0,1,103,0,104,0,2,118,0,120,228,2,230,350
07/23/2002,SGR,TX,ASW,CE,Federal Contract Tower,0,3,33,0,36,0,2,94,0,96,0,5,127,0,132,148,4,152,284
07/24/2002,SGR,TX,ASW,CE,Federal Contract Tower,0,4,28,0,32,0,3,107,0,110,0,7,135,0,142,266,0,266,408
07/25/2002,SGR,TX,ASW,CE,Federal Contract Tower,0,6,27,0,33,0,1,111,0,112,0,7,138,0,145,204,0,204,349
07/26/2002,SGR,TX,ASW,CE,Federal Contract Tower,0,6,34,0,40,0,1,96,0,97,0,7,130,0,137,126,0,126,263
07/27/2002,SGR,TX,ASW,CE,Federal Contract Tower,0,2,30,0,32,0,6,135,0,141,0,8,165,0,173,196,2,198,371
07/28/2002,SGR,TX,ASW,CE,Federal Contract Tower,0,4,27,0,31,0,8,107,0,115,0,12,134,0,146,132,0,132,278
07/29/2002,SGR,TX,ASW,CE,Federal Contract Tower,0,3,33,0,36,0,10,69,0,79,0,13,102,0,115,138,0,138,253
07/30/2002,SGR,TX,ASW,CE,Federal Contract Tower,0,4,28,0,32,0,0,70,0,70,0,4,98,0,102,148,2,150,252
07/31/2002,SGR,TX,ASW,CE,Federal Contract Tower,0,4,31,0,35,0,0,113,0,113,0,4,144,0,148,310,0,310,458
08/01/2002,SGR,TX,ASW,CE,Federal Contract Tower,0,2,34,0,36,0,8,120,0,128,0,10,154,0,164,186,0,186,350
08/02/2002,SGR,TX,ASW,CE,Federal Contract Tower,0,3,23,0,26,0,2,118,0,120,0,5,141,0,146,186,0,186,332
08/03/2002,SGR,TX,ASW,CE,Federal Contract Tower,0,0,19,0,19,0,5,105,0,110,0,5,124,0,129,150,0,150,279
08/04/2002,SGR,TX,ASW,CE,Federal Contract Tower,0,8,25,0,33,0,0,115,0,115,0,8,140,0,148,176,0,176,324
08/05/2002,SGR,TX,ASW,CE,Federal Contract Tower,0,0,18,0,18,0,0,83,0,83,0,0,101,0,101,142,0,142,243
08/06/2002,SGR,TX,ASW,CE,Federal Contract Tower,0,3,31,0,34,0,0,97,0,97,0,3,128,0,131,146,0,146,277
08/07/2002,SGR,TX,ASW,CE,Federal Contract Tower,0,6,28,0,34,0,8,101,0,109,0,14,129,0,143,134,0,134,277
08/08/2002,SGR,TX,ASW,CE,Federal Contract Tower,0,7,28,0,35,0,1,89,0,90,0,8,117,0,125,256,0,256,381
08/09/2002,SGR,TX,ASW,CE,Federal Contract Tower,0,2,30,0,32,0,6,99,0,105,0,8,129,0,137,158,0,158,295
08/10/2002,SGR,TX,ASW,CE,Federal Contract Tower,0,2,20,0,22,0,1,119,0,120,0,3,139,0,142,174,0,174,316
08/11/2002,SGR,TX,ASW,CE,Federal Contract Tower,0,3,29,0,32,0,4,97,0,101,0,7,126,0,133,176,0,176,309
08/12/2002,SGR,TX,ASW,CE,Federal Contract Tower,0,8,26,0,34,0,9,61,0,70,0,17,87,0,104,110,0,110,214
08/13/2002,SGR,TX,ASW,CE,Federal Contract Tower,0,1,27,0,28,0,11,59,0,70,0,12,86,0,98,156,0,156,254
08/14/2002,SGR,TX,ASW,CE,Federal Contract Tower,0,8,30,0,38,0,10,66,2,78,0,18,96,2,116,144,2,146,262
08/15/2002,SGR,TX,ASW,CE,Federal Contract Tower,0,6,29,0,35,0,0,6,0,6,0,6,35,0,41,0,0,0,41
08/16/2002,SGR,TX,ASW,CE,Federal Contract Tower,0,7,37,0,44,0,2,100,0,102,0,9,137,0,146,174,0,174,320
08/17/2002,SGR,TX,ASW,CE,Federal Contract Tower,0,0,23,0,23,0,2,106,0,108,0,2,129,0,131,200,0,200,331
08/18/2002,SGR,TX,ASW,CE,Federal Contract Tower,0,5,23,0,28,0,1,128,0,129,0,6,151,0,157,246,0,246,403
08/19/2002,SGR,TX,ASW,CE,Federal Contract Tower,0,2,25,0,27,0,6,100,0,106,0,8,125,0,133,274,0,274,407
08/20/2002,SGR,TX,ASW,CE,Federal Contract Tower,0,2,46,0,48,0,2,104,0,106,0,4,150,0,154,190,0,190,344
08/21/2002,SGR,TX,ASW,CE,Federal Contract Tower,0,3,49,0,52,0,3,90,0,93,0,6,139,0,145,110,0,110,255
08/22/2002,SGR,TX,ASW,CE,Federal Contract Tower,0,8,54,0,62,0,6,101,0,107,0,14,155,0,169,186,0,186,355
08/23/2002,SGR,TX,ASW,CE,Federal Contract Tower,0,11,38,0,49,0,2,123,0,125,0,13,161,0,174,136,0,136,310
08/24/2002,SGR,TX,ASW,CE,Federal Contract Tower,0,3,22,0,25,0,8,141,0,149,0,11,163,0,174,276,0,276,450
08/25/2002,SGR,TX,ASW,CE,Federal Contract Tower,0,0,20,0,20,0,6,138,0,144,0,6,158,0,164,236,0,236,400
08/26/2002,SGR,TX,ASW,CE,Federal Contract Tower,0,2,30,0,32,0,6,95,0,101,0,8,125,0,133,212,0,212,345
08/27/2002,SGR,TX,ASW,CE,Federal Contract Tower,0,8,62,0,70,0,9,51,0,60,0,17,113,0,130,196,0,196,326
08/28/2002,SGR,TX,ASW,CE,Federal Contract Tower,0,1,37,0,38,0,10,89,0,99,0,11,126,0,137,200,0,200,337
08/29/2002,SGR,TX,ASW,CE,Federal Contract Tower,0,5,43,0,48,0,2,109,0,111,0,7,152,0,159,184,0,184,343
08/30/2002,SGR,TX,ASW,CE,Federal Contract Tower,0,11,29,0,40,0,17,123,0,140,0,28,152,0,180,228,0,228,408
08/31/2002,SGR,TX,ASW,CE,Federal Contract Tower,0,3,30,0,33,0,4,123,0,127,0,7,153,0,160,200,0,200,360
09/01/2002,SGR,TX,ASW,CE,Federal Contract Tower,0,1,16,0,17,0,3,95,0,98,0,4,111,0,115,118,0,118,233
09/02/2002,SGR,TX,ASW,CE,Federal Contract Tower,0,6,26,0,32,0,4,76,0,80,0,10,102,0,112,116,2,118,230
09/03/2002,SGR,TX,ASW,CE,Federal Contract Tower,0,3,28,0,31,0,3,58,0,61,0,6,86,0,92,100,0,100,192
09/04/2002,SGR,TX,ASW,CE,Federal Contract Tower,0,5,34,0,39,0,6,56,0,62,0,11,90,0,101,70,0,70,171
09/05/2002,SGR,TX,ASW,CE,Federal Contract Tower,0,3,39,0,42,0,4,39,0,43,0,7,78,0,85,36,0,36,121
09/06/2002,SGR,TX,ASW,CE,Federal Contract Tower,0,2,28,0,30,0,7,32,0,39,0,9,60,0,69,28,0,28,97
09/07/2002,SGR,TX,ASW,CE,Federal Contract Tower,0,0,18,0,18,0,10,28,0,38,0,10,46,0,56,22,0,22,78
09/08/2002,SGR,TX,ASW,CE,Federal Contract Tower,0,2,27,0,29,0,6,23,0,29,0,8,50,0,58,32,0,32,90
09/09/2002,SGR,TX,ASW,CE,Federal Contract Tower,0,2,36,0,38,0,3,10,0,13,0,5,46,0,51,32,0,32,83
09/10/2002,SGR,TX,ASW,CE,Federal Contract Tower,0,4,40,0,44,0,8,54,0,62,0,12,94,0,106,72,0,72,178
09/11/2002,SGR,TX,ASW,CE,Federal Contract Tower,0,2,37,0,39,0,8,136,2,146,0,10,173,2,185,158,6,164,349
09/12/2002,SGR,TX,ASW,CE,Federal Contract Tower,0,2,56,0,58,0,5,101,0,106,0,7,157,0,164,166,0,166,330
09/13/2002,SGR,TX,ASW,CE,Federal Contract Tower,0,3,51,0,54,0,7,72,0,79,0,10,123,0,133,104,0,104,237
09/14/2002,SGR,TX,ASW,CE,Federal Contract Tower,0,5,30,0,35,0,10,119,2,131,0,15,149,2,166,200,0,200,366
09/15/2002,SGR,TX,ASW,CE,Federal Contract Tower,0,1,66,0,67,0,0,5,0,5,0,1,71,0,72,2,0,2,74
09/16/2002,SGR,TX,ASW,CE,Federal Contract Tower,0,2,34,0,36,0,7,10,0,17,0,9,44,0,53,34,0,34,87
09/17/2002,SGR,TX,ASW,CE,Federal Contract Tower,0,2,35,0,37,0,4,58,0,62,0,6,93,0,99,104,0,104,203
09/18/2002,SGR,TX,ASW,CE,Federal Contract Tower,0,10,56,0,66,0,14,79,0,93,0,24,135,0,159,190,0,190,349
09/19/2002,SGR,TX,ASW,CE,Federal Contract Tower,0,4,35,0,39,0,6,34,0,40,0,10,69,0,79,40,0,40,119
09/20/2002,SGR,TX,ASW,CE,Federal Contract Tower,0,7,36,0,43,0,4,185,0,189,0,11,221,0,232,176,0,176,408
09/21/2002,SGR,TX,ASW,CE,Federal Contract Tower,0,2,22,0,24,0,3,134,0,137,0,5,156,0,161,224,0,224,385
09/22/2002,SGR,TX,ASW,CE,Federal Contract Tower,0,6,41,0,47,0,11,124,0,135,0,17,165,0,182,164,0,164,346
09/23/2002,SGR,TX,ASW,CE,Federal Contract Tower,0,8,21,0,29,0,5,78,0,83,0,13,99,0,112,94,0,94,206
09/24/2002,SGR,TX,ASW,CE,Federal Contract Tower,0,3,35,0,38,0,5,95,0,100,0,8,130,0,138,130,0,130,268
09/25/2002,SGR,TX,ASW,CE,Federal Contract Tower,0,7,24,0,31,0,3,92,0,95,0,10,116,0,126,90,0,90,216
09/26/2002,SGR,TX,ASW,CE,Federal Contract Tower,0,13,32,0,45,0,7,130,0,137,0,20,162,0,182,106,0,106,288
09/27/2002,SGR,TX,ASW,CE,Federal Contract Tower,0,2,47,0,49,0,11,137,0,148,0,13,184,0,197,170,0,170,367
09/28/2002,SGR,TX,ASW,CE,Federal Contract Tower,0,3,15,0,18,0,2,139,0,141,0,5,154,0,159,180,0,180,339
09/29/2002,SGR,TX,ASW,CE,Federal Contract Tower,0,4,39,0,43,0,8,157,2,167,0,12,196,2,210,192,0,192,402
09/30/2002,SGR,TX,ASW,CE,Federal Contract Tower,0,2,25,0,27,0,9,84,0,93,0,11,109,0,120,156,0,156,276
10/01/2002,SGR,TX,ASW,CE,Federal Contract Tower,0,7,43,0,50,0,10,73,0,83,0,17,116,0,133,162,0,162,295
10/02/2002,SGR,TX,ASW,CE,Federal Contract Tower,0,4,53,1,58,0,4,77,5,86,0,8,130,6,144,132,0,132,276
10/03/2002,SGR,TX,ASW,CE,Federal Contract Tower,0,4,20,0,24,0,1,47,6,54,0,5,67,6,78,48,0,48,126
10/04/2002,SGR,TX,ASW,CE,Federal Contract Tower,0,4,34,0,38,0,8,109,0,117,0,12,143,0,155,188,0,188,343
10/05/2002,SGR,TX,ASW,CE,Federal Contract Tower,0,2,14,0,16,0,11,111,0,122,0,13,125,0,138,226,0,226,364
10/06/2002,SGR,TX,ASW,CE,Federal Contract Tower,0,6,32,0,38,0,6,72,0,78,0,12,104,0,116,108,0,108,224
10/07/2002,SGR,TX,ASW,CE,Federal Contract Tower,0,6,30,0,36,0,2,35,0,37,0,8,65,0,73,34,0,34,107
10/08/2002,SGR,TX,ASW,CE,Federal Contract Tower,0,5,62,0,67,0,12,19,0,31,0,17,81,0,98,16,0,16,114
10/09/2002,SGR,TX,ASW,CE,Federal Contract Tower,0,7,54,0,61,0,0,11,0,11,0,7,65,0,72,10,0,10,82
10/10/2002,SGR,TX,ASW,CE,Federal Contract Tower,0,5,57,0,62,0,3,66,0,69,0,8,123,0,131,86,0,86,217
10/11/2002,SGR,TX,ASW,CE,Federal Contract Tower,0,2,34,0,36,0,8,143,0,151,0,10,177,0,187,148,0,148,335
10/12/2002,SGR,TX,ASW,CE,Federal Contract Tower,0,4,30,0,34,0,8,117,0,125,0,12,147,0,159,222,0,222,381
10/13/2002,SGR,TX,ASW,CE,Federal Contract Tower,0,2,49,2,53,0,8,20,0,28,0,10,69,2,81,32,0,32,113
10/14/2002,SGR,TX,ASW,CE,Federal Contract Tower,0,3,39,0,42,0,5,50,0,55,0,8,89,0,97,84,0,84,181
10/15/2002,SGR,TX,ASW,CE,Federal Contract Tower,0,6,28,0,34,0,9,114,0,123,0,15,142,0,157,196,0,196,353
10/16/2002,SGR,TX,ASW,CE,Federal Contract Tower,0,5,45,0,50,0,4,142,0,146,0,9,187,0,196,186,0,186,382
10/17/2002,SGR,TX,ASW,CE,Federal Contract Tower,0,5,28,0,33,0,4,108,0,112,0,9,136,0,145,138,0,138,283
10/18/2002,SGR,TX,ASW,CE,Federal Contract Tower,0,4,37,0,41,0,8,45,0,53,0,12,82,0,94,106,0,106,200
10/19/2002,SGR,TX,ASW,CE,Federal Contract Tower,0,6,21,0,27,0,2,19,0,21,0,8,40,0,48,14,0,14,62
10/20/2002,SGR,TX,ASW,CE,Federal Contract Tower,0,9,46,0,55,0,3,64,0,67,0,12,110,0,122,138,0,138,260
10/21/2002,SGR,TX,ASW,CE,Federal Contract Tower,0,5,31,0,36,0,3,10,0,13,0,8,41,0,49,2,0,2,51
10/22/2002,SGR,TX,ASW,CE,Federal Contract Tower,0,11,43,0,54,0,8,9,0,17,0,19,52,0,71,40,0,40,111
10/23/2002,SGR,TX,ASW,CE,Federal Contract Tower,0,14,57,0,71,0,2,48,0,50,0,16,105,0,121,90,0,90,211
10/24/2002,SGR,TX,ASW,CE,Federal Contract Tower,0,4,37,0,41,0,0,0,0,0,0,4,37,0,41,0,0,0,41
10/25/2002,SGR,TX,ASW,CE,Federal Contract Tower,0,4,61,0,65,0,0,1,0,1,0,4,62,0,66,2,0,2,68
10/26/2002,SGR,TX,ASW,CE,Federal Contract Tower,0,5,21,0,26,0,0,0,0,0,0,5,21,0,26,0,0,0,26
10/27/2002,SGR,TX,ASW,CE,Federal Contract Tower,0,8,62,0,70,0,0,0,0,0,0,8,62,0,70,0,0,0,70
10/28/2002,SGR,TX,ASW,CE,Federal Contract Tower,0,1,28,0,29,0,0,0,0,0,0,1,28,0,29,0,0,0,29
10/29/2002,SGR,TX,ASW,CE,Federal Contract Tower,0,4,30,0,34,0,6,96,0,102,0,10,126,0,136,194,0,194,330
10/30/2002,SGR,TX,ASW,CE,Federal Contract Tower,0,4,40,0,44,0,8,149,1,158,0,12,189,1,202,310,8,318,520
10/31/2002,SGR,TX,ASW,CE,Federal Contract Tower,0,5,44,0,49,0,5,85,0,90,0,10,129,0,139,200,0,200,339
11/01/2002,SGR,TX,ASW,CE,Federal Contract Tower,0,4,50,0,54,0,5,129,0,134,0,9,179,0,188,158,0,158,346
11/02/2002,SGR,TX,ASW,CE,Federal Contract Tower,0,3,31,0,34,0,4,43,2,49,0,7,74,2,83,86,0,86,169
11/03/2002,SGR,TX,ASW,CE,Federal Contract Tower,0,9,29,0,38,0,0,1,0,1,0,9,30,0,39,0,0,0,39
11/04/2002,SGR,TX,ASW,CE,Federal Contract Tower,0,8,24,0,32,0,1,1,0,2,0,9,25,0,34,2,0,2,36
11/05/2002,SGR,TX,ASW,CE,Federal Contract Tower,0,7,43,0,50,0,1,37,0,38,0,8,80,0,88,54,0,54,142
11/06/2002,SGR,TX,ASW,CE,Federal Contract Tower,0,7,31,0,38,0,12,152,0,164,0,19,183,0,202,178,0,178,380
11/07/2002,SGR,TX,ASW,CE,Federal Contract Tower,0,11,52,0,63,0,5,141,0,146,0,16,193,0,209,210,0,210,419
11/08/2002,SGR,TX,ASW,CE,Federal Contract Tower,0,8,53,0,61,0,15,118,0,133,0,23,171,0,194,220,0,220,414
11/09/2002,SGR,TX,ASW,CE,Federal Contract Tower,0,2,38,0,40,0,8,104,0,112,0,10,142,0,152,188,0,188,340
11/10/2002,SGR,TX,ASW,CE,Federal Contract Tower,0,7,52,0,59,0,8,72,0,80,0,15,124,0,139,128,0,128,267
11/11/2002,SGR,TX,ASW,CE,Federal Contract Tower,0,2,22,0,24,0,4,95,8,107,0,6,117,8,131,130,0,130,261
11/12/2002,SGR,TX,ASW,CE,Federal Contract Tower,0,8,29,0,37,0,9,98,0,107,0,17,127,0,144,148,0,148,292
11/13/2002,SGR,TX,ASW,CE,Federal Contract Tower,0,4,26,0,30,0,7,132,0,139,0,11,158,0,169,228,0,228,397
11/14/2002,SGR,TX,ASW,CE,Federal Contract Tower,0,4,37,0,41,0,6,109,0,115,0,10,146,0,156,122,0,122,278
11/15/2002,SGR,TX,ASW,CE,Federal Contract Tower,0,6,33,0,39,0,4,98,2,104,0,10,131,2,143,124,2,126,269
11/16/2002,SGR,TX,ASW,CE,Federal Contract Tower,0,6,14,0,20,0,4,149,0,153,0,10,163,0,173,218,0,218,391
11/17/2002,SGR,TX,ASW,CE,Federal Contract Tower,0,5,25,0,30,0,5,148,0,153,0,10,173,0,183,180,0,180,363
11/18/2002,SGR,TX,ASW,CE,Federal Contract Tower,0,3,24,0,27,0,2,81,0,83,0,5,105,0,110,110,0,110,220
11/19/2002,SGR,TX,ASW,CE,Federal Contract Tower,0,3,35,0,38,0,11,103,0,114,0,14,138,0,152,158,0,158,310
11/20/2002,SGR,TX,ASW,CE,Federal Contract Tower,0,6,33,0,39,0,6,122,0,128,0,12,155,0,167,240,0,240,407
11/21/2002,SGR,TX,ASW,CE,Federal Contract Tower,0,3,36,0,39,0,4,113,0,117,0,7,149,0,156,240,0,240,396
11/22/2002,SGR,TX,ASW,CE,Federal Contract Tower,0,2,34,0,36,0,9,141,0,150,0,11,175,0,186,136,2,138,324
11/23/2002,SGR,TX,ASW,CE,Federal Contract Tower,0,1,13,0,14,0,7,175,0,182,0,8,188,0,196,240,0,240,436
11/24/2002,SGR,TX,ASW,CE,Federal Contract Tower,0,4,34,0,38,0,4,110,0,114,0,8,144,0,152,152,0,152,304
11/25/2002,SGR,TX,ASW,CE,Federal Contract Tower,0,3,36,0,39,0,13,64,0,77,0,16,100,0,116,138,4,142,258
11/26/2002,SGR,TX,ASW,CE,Federal Contract Tower,0,11,44,0,55,0,2,2,0,4,0,13,46,0,59,2,0,2,61
11/27/2002,SGR,TX,ASW,CE,Federal Contract Tower,0,3,54,0,57,0,7,73,0,80,0,10,127,0,137,112,0,112,249
11/28/2002,SGR,TX,ASW,CE,Federal Contract Tower,0,3,13,0,16,0,1,42,0,43,0,4,55,0,59,30,0,30,89
11/29/2002,SGR,TX,ASW,CE,Federal Contract Tower,0,3,31,0,34,0,3,77,0,80,0,6,108,0,114,96,0,96,210
11/30/2002,SGR,TX,ASW,CE,Federal Contract Tower,0,5,19,0,24,0,4,79,0,83,0,9,98,0,107,226,0,226,333
12/01/2002,SGR,TX,ASW,CE,Federal Contract Tower,0,7,65,0,72,0,7,97,0,104,0,14,162,0,176,156,0,156,332
12/02/2002,SGR,TX,ASW,CE,Federal Contract Tower,0,8,31,0,39,0,6,63,0,69,0,14,94,0,108,160,0,160,268
12/03/2002,SGR,TX,ASW,CE,Federal Contract Tower,0,4,31,0,35,0,0,1,0,1,0,4,32,0,36,0,0,0,36
12/04/2002,SGR,TX,ASW,CE,Federal Contract Tower,0,4,40,0,44,0,6,2,0,8,0,10,42,0,52,2,0,2,54
12/05/2002,SGR,TX,ASW,CE,Federal Contract Tower,0,3,71,0,74,0,8,40,0,48,0,11,111,0,122,52,0,52,174
12/06/2002,SGR,TX,ASW,CE,Federal Contract Tower,0,2,33,0,35,0,5,141,0,146,0,7,174,0,181,202,0,202,383
12/07/2002,SGR,TX,ASW,CE,Federal Contract Tower,0,1,23,0,24,0,6,165,0,171,0,7,188,0,195,324,0,324,519
12/08/2002,SGR,TX,ASW,CE,Federal Contract Tower,0,5,48,0,53,0,5,102,0,107,0,10,150,0,160,132,0,132,292
12/09/2002,SGR,TX,ASW,CE,Federal Contract Tower,0,10,36,0,46,0,1,9,0,10,0,11,45,0,56,0,0,0,56
12/10/2002,SGR,TX,ASW,CE,Federal Contract Tower,0,2,57,0,59,0,7,46,0,53,0,9,103,0,112,168,2,170,282
12/11/2002,SGR,TX,ASW,CE,Federal Contract Tower,0,5,56,0,61,0,5,78,0,83,0,10,134,0,144,230,0,230,374
12/12/2002,SGR,TX,ASW,CE,Federal Contract Tower,0,5,37,0,42,0,0,9,0,9,0,5,46,0,51,0,0,0,51
12/13/2002,SGR,TX,ASW,CE,Federal Contract Tower,0,5,35,0,40,0,20,138,0,158,0,25,173,0,198,150,2,152,350
12/14/2002,SGR,TX,ASW,CE,Federal Contract Tower,0,5,23,0,28,0,8,147,0,155,0,13,170,0,183,266,0,266,449
12/15/2002,SGR,TX,ASW,CE,Federal Contract Tower,0,5,36,0,41,0,6,117,0,123,0,11,153,0,164,156,0,156,320
12/16/2002,SGR,TX,ASW,CE,Federal Contract Tower,0,1,23,0,24,0,10,88,0,98,0,11,111,0,122,204,0,204,326
12/17/2002,SGR,TX,ASW,CE,Federal Contract Tower,0,0,29,0,29,0,8,79,0,87,0,8,108,0,116,194,0,194,310
12/18/2002,SGR,TX,ASW,CE,Federal Contract Tower,0,5,48,0,53,0,9,63,0,72,0,14,111,0,125,50,0,50,175
12/19/2002,SGR,TX,ASW,CE,Federal Contract Tower,0,2,31,0,33,0,5,94,0,99,0,7,125,0,132,112,0,112,244
12/20/2002,SGR,TX,ASW,CE,Federal Contract Tower,0,0,31,0,31,0,4,153,0,157,0,4,184,0,188,196,0,196,384
12/21/2002,SGR,TX,ASW,CE,Federal Contract Tower,0,0,42,0,42,0,2,100,0,102,0,2,142,0,144,146,0,146,290
12/22/2002,SGR,TX,ASW,CE,Federal Contract Tower,0,5,36,0,41,0,5,118,0,123,0,10,154,0,164,142,0,142,306
12/23/2002,SGR,TX,ASW,CE,Federal Contract Tower,0,6,24,0,30,0,6,4,0,10,0,12,28,0,40,6,0,6,46
12/24/2002,SGR,TX,ASW,CE,Federal Contract Tower,0,3,28,0,31,0,3,13,0,16,0,6,41,0,47,18,0,18,65
12/25/2002,SGR,TX,ASW,CE,Federal Contract Tower,0,0,12,0,12,0,6,34,0,40,0,6,46,0,52,24,0,24,76
12/26/2002,SGR,TX,ASW,CE,Federal Contract Tower,0,0,33,0,33,0,0,94,0,94,0,0,127,0,127,114,0,114,241
12/27/2002,SGR,TX,ASW,CE,Federal Contract Tower,0,8,22,0,30,0,11,131,0,142,0,19,153,0,172,162,0,162,334
12/28/2002,SGR,TX,ASW,CE,Federal Contract Tower,0,8,27,0,35,0,1,101,0,102,0,9,128,0,137,116,0,116,253
12/29/2002,SGR,TX,ASW,CE,Federal Contract Tower,0,2,34,0,36,0,1,23,0,24,0,3,57,0,60,30,0,30,90
12/30/2002,SGR,TX,ASW,CE,Federal Contract Tower,0,4,23,0,27,0,7,9,0,16,0,11,32,0,43,14,0,14,57
12/31/2002,SGR,TX,ASW,CE,Federal Contract Tower,0,1,19,0,20,0,11,36,0,47,0,12,55,0,67,108,0,108,175
01/01/2003,SGR,TX,ASW,CE,Federal Contract Tower,0,0,13,0,13,0,3,58,0,61,0,3,71,0,74,50,0,50,124
01/02/2003,SGR,TX,ASW,CE,Federal Contract Tower,0,3,44,0,47,0,3,59,0,62,0,6,103,0,109,28,0,28,137
01/03/2003,SGR,TX,ASW,CE,Federal Contract Tower,0,2,42,0,44,0,2,118,0,120,0,4,160,0,164,220,0,220,384
01/04/2003,SGR,TX,ASW,CE,Federal Contract Tower,0,2,18,0,20,0,5,122,0,127,0,7,140,0,147,196,0,196,343
01/05/2003,SGR,TX,ASW,CE,Federal Contract Tower,0,0,39,0,39,0,4,116,0,120,0,4,155,0,159,140,0,140,299
01/06/2003,SGR,TX,ASW,CE,Federal Contract Tower,0,3,31,0,34,0,0,77,0,77,0,3,108,0,111,90,2,92,203
01/07/2003,SGR,TX,ASW,CE,Federal Contract Tower,0,2,37,0,39,0,18,81,0,99,0,20,118,0,138,144,0,144,282
01/08/2003,SGR,TX,ASW,CE,Federal Contract Tower,0,6,28,0,34,0,5,123,0,128,0,11,151,0,162,134,0,134,296
01/09/2003,SGR,TX,ASW,CE,Federal Contract Tower,0,9,36,0,45,0,7,96,0,103,0,16,132,0,148,96,2,98,246
01/10/2003,SGR,TX,ASW,CE,Federal Contract Tower,0,5,33,0,38,0,2,128,0,130,0,7,161,0,168,144,0,144,312
01/11/2003,SGR,TX,ASW,CE,Federal Contract Tower,0,2,18,1,21,0,3,75,1,79,0,5,93,2,100,180,16,196,296
01/12/2003,SGR,TX,ASW,CE,Federal Contract Tower,0,6,33,0,39,0,0,1,0,1,0,6,34,0,40,0,0,0,40
01/13/2003,SGR,TX,ASW,CE,Federal Contract Tower,0,1,29,0,30,0,12,61,0,73,0,13,90,0,103,74,0,74,177
01/14/2003,SGR,TX,ASW,CE,Federal Contract Tower,0,4,46,0,50,0,1,49,0,50,0,5,95,0,100,104,0,104,204
01/15/2003,SGR,TX,ASW,CE,Federal Contract Tower,0,3,60,0,63,0,9,49,0,58,0,12,109,0,121,102,4,106,227
01/16/2003,SGR,TX,ASW,CE,Federal Contract Tower,0,4,13,0,17,0,5,43,0,48,0,9,56,0,65,40,0,40,105
01/17/2003,SGR,TX,ASW,CE,Federal Contract Tower,0,5,36,0,41,0,3,118,0,121,0,8,154,0,162,152,0,152,314
01/18/2003,SGR,TX,ASW,CE,Federal Contract Tower,0,1,17,0,18,0,13,117,0,130,0,14,134,0,148,190,0,190,338
01/19/2003,SGR,TX,ASW,CE,Federal Contract Tower,0,0,26,0,26,0,7,115,0,122,0,7,141,0,148,132,0,132,280
01/20/2003,SGR,TX,ASW,CE,Federal Contract Tower,0,2,39,0,41,0,3,97,0,100,0,5,136,0,141,166,0,166,307
01/21/2003,SGR,TX,ASW,CE,Federal Contract Tower,0,2,35,0,37,0,1,38,0,39,0,3,73,0,76,58,0,58,134
01/22/2003,SGR,TX,ASW,CE,Federal Contract Tower,0,3,41,0,44,0,2,36,0,38,0,5,77,0,82,80,0,80,162
01/23/2003,SGR,TX,ASW,CE,Federal Contract Tower,0,3,33,0,36,0,4,95,0,99,0,7,128,0,135,116,0,116,251
01/24/2003,SGR,TX,ASW,CE,Federal Contract Tower,0,5,44,0,49,0,5,86,0,91,0,10,130,0,140,112,0,112,252
01/25/2003,SGR,TX,ASW,CE,Federal Contract Tower,0,5,19,0,24,0,1,59,0,60,0,6,78,0,84,68,0,68,152
01/26/2003,SGR,TX,ASW,CE,Federal Contract Tower,0,2,44,0,46,0,0,1,0,1,0,2,45,0,47,6,0,6,53
01/27/2003,SGR,TX,ASW,CE,Federal Contract Tower,0,0,29,0,29,0,5,44,0,49,0,5,73,0,78,64,0,64,142
01/28/2003,SGR,TX,ASW,CE,Federal Contract Tower,0,7,55,0,62,0,4,18,0,22,0,11,73,0,84,24,0,24,108
01/29/2003,SGR,TX,ASW,CE,Federal Contract Tower,0,7,54,0,61,0,4,23,0,27,0,11,77,0,88,46,0,46,134
01/30/2003,SGR,TX,ASW,CE,Federal Contract Tower,0,5,69,0,74,0,10,24,0,34,0,15,93,0,108,20,0,20,128
01/31/2003,SGR,TX,ASW,CE,Federal Contract Tower,0,6,48,0,54,0,2,131,0,133,0,8,179,0,187,136,0,136,323
02/01/2003,SGR,TX,ASW,CE,Federal Contract Tower,0,2,13,0,15,0,1,137,0,138,0,3,150,0,153,250,0,250,403
02/02/2003,SGR,TX,ASW,CE,Federal Contract Tower,0,8,25,0,33,0,8,70,0,78,0,16,95,0,111,108,0,108,219
02/03/2003,SGR,TX,ASW,CE,Federal Contract Tower,0,6,49,0,55,0,7,39,0,46,0,13,88,0,101,56,2,58,159
02/04/2003,SGR,TX,ASW,CE,Federal Contract Tower,0,4,31,0,35,0,8,101,0,109,0,12,132,0,144,152,0,152,296
02/05/2003,SGR,TX,ASW,CE,Federal Contract Tower,0,12,61,0,73,0,3,77,0,80,0,15,138,0,153,132,0,132,285
02/06/2003,SGR,TX,ASW,CE,Federal Contract Tower,0,3,39,0,42,0,0,1,0,1,0,3,40,0,43,0,0,0,43
02/07/2003,SGR,TX,ASW,CE,Federal Contract Tower,0,6,37,0,43,0,12,48,0,60,0,18,85,0,103,142,2,144,247
02/08/2003,SGR,TX,ASW,CE,Federal Contract Tower,0,0,25,0,25,0,3,77,0,80,0,3,102,0,105,134,0,134,239
02/09/2003,SGR,TX,ASW,CE,Federal Contract Tower,0,1,45,0,46,0,0,15,0,15,0,1,60,0,61,40,0,40,101
02/10/2003,SGR,TX,ASW,CE,Federal Contract Tower,0,2,44,0,46,0,4,117,0,121,0,6,161,0,167,228,0,228,395
02/11/2003,SGR,TX,ASW,CE,Federal Contract Tower,0,2,35,0,37,0,2,76,0,78,0,4,111,0,115,188,2,190,305
02/12/2003,SGR,TX,ASW,CE,Federal Contract Tower,0,3,49,0,52,0,11,86,0,97,0,14,135,0,149,274,0,274,423
02/13/2003,SGR,TX,ASW,CE,Federal Contract Tower,0,2,68,0,70,0,0,41,0,41,0,2,109,0,111,74,0,74,185
02/14/2003,SGR,TX,ASW,CE,Federal Contract Tower,0,0,36,0,36,0,0,33,0,33,0,0,69,0,69,30,0,30,99
02/15/2003,SGR,TX,ASW,CE,Federal Contract Tower,0,1,20,0,21,0,8,33,0,41,0,9,53,0,62,24,0,24,86
02/16/2003,SGR,TX,ASW,CE,Federal Contract Tower,0,3,33,0,36,0,13,85,0,98,0,16,118,0,134,82,0,82,216
02/17/2003,SGR,TX,ASW,CE,Federal Contract Tower,0,0,29,0,29,0,3,176,0,179,0,3,205,0,208,272,0,272,480
02/18/2003,SGR,TX,ASW,CE,Federal Contract Tower,0,1,46,0,47,0,4,83,0,87,0,5,129,0,134,170,0,170,304
02/19/2003,SGR,TX,ASW,CE,Federal Contract Tower,0,0,38,0,38,0,11,48,0,59,0,11,86,0,97,110,0,110,207
02/20/2003,SGR,TX,ASW,CE,Federal Contract Tower,0,2,33,0,35,0,0,6,0,6,0,2,39,0,41,0,0,0,41
02/21/2003,SGR,TX,ASW,CE,Federal Contract Tower,0,8,37,0,45,0,0,4,0,4,0,8,41,0,49,4,0,4,53
02/22/2003,SGR,TX,ASW,CE,Federal Contract Tower,0,0,19,0,19,0,3,115,0,118,0,3,134,0,137,120,0,120,257
02/23/2003,SGR,TX,ASW,CE,Federal Contract Tower,0,12,22,0,34,0,7,107,0,114,0,19,129,0,148,66,0,66,214
02/24/2003,SGR,TX,ASW,CE,Federal Contract Tower,0,5,27,0,32,0,13,79,0,92,0,18,106,0,124,156,0,156,280
02/25/2003,SGR,TX,ASW,CE,Federal Contract Tower,0,8,49,0,57,0,0,0,0,0,0,8,49,0,57,0,0,0,57
02/26/2003,SGR,TX,ASW,CE,Federal Contract Tower,0,6,24,0,30,0,0,0,0,0,0,6,24,0,30,0,0,0,30
02/27/2003,SGR,TX,ASW,CE,Federal Contract Tower,0,9,60,0,69,0,6,37,0,43,0,15,97,0,112,70,0,70,182
02/28/2003,SGR,TX,ASW,CE,Federal Contract Tower,0,2,46,0,48,0,3,50,0,53,0,5,96,0,101,98,0,98,199
03/01/2003,SGR,TX,ASW,CE,Federal Contract Tower,0,0,32,0,32,0,4,56,0,60,0,4,88,0,92,118,0,118,210
03/02/2003,SGR,TX,ASW,CE,Federal Contract Tower,0,4,32,0,36,0,7,101,0,108,0,11,133,0,144,148,0,148,292
03/03/2003,SGR,TX,ASW,CE,Federal Contract Tower,0,0,22,0,22,0,13,28,0,41,0,13,50,0,63,32,0,32,95
03/04/2003,SGR,TX,ASW,CE,Federal Contract Tower,0,5,62,0,67,0,0,2,0,2,0,5,64,0,69,0,0,0,69
03/05/2003,SGR,TX,ASW,CE,Federal Contract Tower,0,1,35,0,36,0,0,0,0,0,0,1,35,0,36,0,0,0,36
03/06/2003,SGR,TX,ASW,CE,Federal Contract Tower,0,4,39,0,43,0,6,99,0,105,0,10,138,0,148,144,0,144,292
03/07/2003,SGR,TX,ASW,CE,Federal Contract Tower,0,1,30,0,31,0,1,119,0,120,0,2,149,0,151,164,0,164,315
03/08/2003,SGR,TX,ASW,CE,Federal Contract Tower,0,1,38,0,39,0,2,81,0,83,0,3,119,0,122,320,0,320,442
03/09/2003,SGR,TX,ASW,CE,Federal Contract Tower,0,1,29,0,30,0,4,129,0,133,0,5,158,0,163,200,0,200,363
03/10/2003,SGR,TX,ASW,CE,Federal Contract Tower,0,5,44,0,49,0,7,72,0,79,0,12,116,0,128,184,0,184,312
03/11/2003,SGR,TX,ASW,CE,Federal Contract Tower,0,1,46,0,47,0,6,56,0,62,0,7,102,0,109,40,0,40,149
03/12/2003,SGR,TX,ASW,CE,Federal Contract Tower,0,4,49,0,53,0,2,36,0,38,0,6,85,0,91,38,0,38,129
03/13/2003,SGR,TX,ASW,CE,Federal Contract Tower,0,1,36,0,37,0,2,32,0,34,0,3,68,0,71,44,0,44,115
03/14/2003,SGR,TX,ASW,CE,Federal Contract Tower,0,9,54,0,63,0,5,106,0,111,0,14,160,0,174,130,0,130,304
03/15/2003,SGR,TX,ASW,CE,Federal Contract Tower,0,5,31,0,36,0,4,82,0,86,0,9,113,0,122,142,0,142,264
03/16/2003,SGR,TX,ASW,CE,Federal Contract Tower,0,0,36,0,36,0,8,103,0,111,0,8,139,0,147,190,0,190,337
03/17/2003,SGR,TX,ASW,CE,Federal Contract Tower,0,2,32,0,34,0,5,61,0,66,0,7,93,0,100,142,0,142,242
03/18/2003,SGR,TX,ASW,CE,Federal Contract Tower,0,4,28,0,32,0,7,28,0,35,0,11,56,0,67,92,2,94,161
03/19/2003,SGR,TX,ASW,CE,Federal Contract Tower,0,5,50,0,55,0,1,96,0,97,0,6,146,0,152,98,0,98,250
03/20/2003,SGR,TX,ASW,CE,Federal Contract Tower,0,6,33,0,39,0,2,123,2,127,0,8,156,2,166,132,0,132,298
03/21/2003,SGR,TX,ASW,CE,Federal Contract Tower,0,2,27,0,29,0,5,134,0,139,0,7,161,0,168,128,0,128,296
03/22/2003,SGR,TX,ASW,CE,Federal Contract Tower,0,6,27,0,33,0,3,52,0,55,0,9,79,0,88,130,0,130,218
03/23/2003,SGR,TX,ASW,CE,Federal Contract Tower,0,9,30,0,39,0,8,129,0,137,0,17,159,0,176,204,0,204,380
03/24/2003,SGR,TX,ASW,CE,Federal Contract Tower,0,2,25,0,27,0,3,142,5,150,0,5,167,5,177,200,2,202,379
03/25/2003,SGR,TX,ASW,CE,Federal Contract Tower,0,3,56,0,59,0,7,56,0,63,0,10,112,0,122,168,0,168,290
03/26/2003,SGR,TX,ASW,CE,Federal Contract Tower,0,5,68,0,73,0,8,41,0,49,0,13,109,0,122,60,0,60,182
03/27/2003,SGR,TX,ASW,CE,Federal Contract Tower,0,3,41,0,44,0,2,103,1,106,0,5,144,1,150,148,0,148,298
03/28/2003,SGR,TX,ASW,CE,Federal Contract Tower,0,3,37,0,40,0,1,47,0,48,0,4,84,0,88,60,0,60,148
03/29/2003,SGR,TX,ASW,CE,Federal Contract Tower,0,2,27,0,29,0,0,136,0,136,0,2,163,0,165,178,0,178,343
03/30/2003,SGR,TX,ASW,CE,Federal Contract Tower,0,2,28,0,30,0,6,167,0,173,0,8,195,0,203,200,0,200,403
03/31/2003,SGR,TX,ASW,CE,Federal Contract Tower,0,6,28,0,34,0,15,105,0,120,0,21,133,0,154,116,0,116,270
04/01/2003,SGR,TX,ASW,CE,Federal Contract Tower,0,1,21,0,22,0,6,73,0,79,0,7,94,0,101,156,0,156,257
04/02/2003,SGR,TX,ASW,CE,Federal Contract Tower,0,2,44,0,46,0,10,113,0,123,0,12,157,0,169,172,0,172,341
04/03/2003,SGR,TX,ASW,CE,Federal Contract Tower,0,7,39,0,46,0,10,108,0,118,0,17,147,0,164,124,0,124,288
04/04/2003,SGR,TX,ASW,CE,Federal Contract Tower,0,0,50,2,52,0,7,114,0,121,0,7,164,2,173,178,0,178,351
04/05/2003,SGR,TX,ASW,CE,Federal Contract Tower,0,4,24,0,28,0,8,131,0,139,0,12,155,0,167,178,0,178,345
04/06/2003,SGR,TX,ASW,CE,Federal Contract Tower,0,3,42,0,45,0,0,0,0,0,0,3,42,0,45,0,0,0,45
04/07/2003,SGR,TX,ASW,CE,Federal Contract Tower,0,14,34,0,48,0,3,15,0,18,0,17,49,0,66,32,0,32,98
04/08/2003,SGR,TX,ASW,CE,Federal Contract Tower,0,4,21,0,25,0,13,70,0,83,0,17,91,0,108,118,0,118,226
04/09/2003,SGR,TX,ASW,CE,Federal Contract Tower,0,8,49,0,57,0,7,118,0,125,0,15,167,0,182,116,2,118,300
04/10/2003,SGR,TX,ASW,CE,Federal Contract Tower,0,7,36,0,43,0,5,156,0,161,0,12,192,0,204,204,0,204,408
04/11/2003,SGR,TX,ASW,CE,Federal Contract Tower,0,5,27,0,32,0,4,127,0,131,0,9,154,0,163,204,0,204,367
04/12/2003,SGR,TX,ASW,CE,Federal Contract Tower,0,2,28,0,30,0,4,131,0,135,0,6,159,0,165,196,0,196,361
04/13/2003,SGR,TX,ASW,CE,Federal Contract Tower,0,8,35,0,43,0,7,109,0,116,0,15,144,0,159,210,0,210,369
04/14/2003,SGR,TX,ASW,CE,Federal Contract Tower,0,6,37,0,43,0,5,88,0,93,0,11,125,0,136,178,0,178,314
04/15/2003,SGR,TX,ASW,CE,Federal Contract Tower,0,1,33,0,34,0,16,62,0,78,0,17,95,0,112,112,0,112,224
04/16/2003,SGR,TX,ASW,CE,Federal Contract Tower,0,2,67,0,69,0,13,29,0,42,0,15,96,0,111,72,0,72,183
04/17/2003,SGR,TX,ASW,CE,Federal Contract Tower,0,4,60,0,64,0,4,74,0,78,0,8,134,0,142,94,0,94,236
04/18/2003,SGR,TX,ASW,CE,Federal Contract Tower,0,2,41,2,45,0,3,106,1,110,0,5,147,3,155,134,12,146,301
04/19/2003,SGR,TX,ASW,CE,Federal Contract Tower,0,1,22,0,23,0,8,58,0,66,0,9,80,0,89,136,0,136,225
04/20/2003,SGR,TX,ASW,CE,Federal Contract Tower,0,6,45,0,51,0,1,14,0,15,0,7,59,0,66,14,0,14,80
04/21/2003,SGR,TX,ASW,CE,Federal Contract Tower,0,7,39,1,47,0,3,139,0,142,0,10,178,1,189,200,10,210,399
04/22/2003,SGR,TX,ASW,CE,Federal Contract Tower,0,6,35,0,41,0,6,55,0,61,0,12,90,0,102,172,12,184,286
04/23/2003,SGR,TX,ASW,CE,Federal Contract Tower,0,4,49,0,53,0,9,29,0,38,0,13,78,0,91,76,0,76,167
04/24/2003,SGR,TX,ASW,CE,Federal Contract Tower,0,2,56,0,58,0,3,66,0,69,0,5,122,0,127,58,0,58,185
04/25/2003,SGR,TX,ASW,CE,Federal Contract Tower,0,5,47,0,52,0,5,119,0,124,0,10,166,0,176,152,0,152,328
04/26/2003,SGR,TX,ASW,CE,Federal Contract Tower,0,1,17,0,18,0,6,145,0,151,0,7,162,0,169,258,0,258,427
04/27/2003,SGR,TX,ASW,CE,Federal Contract Tower,0,6,33,0,39,0,8,146,0,154,0,14,179,0,193,222,0,222,415
04/28/2003,SGR,TX,ASW,CE,Federal Contract Tower,0,2,42,1,45,0,6,86,0,92,0,8,128,1,137,182,0,182,319
04/29/2003,SGR,TX,ASW,CE,Federal Contract Tower,0,3,61,0,64,0,7,75,0,82,0,10,136,0,146,210,0,210,356
04/30/2003,SGR,TX,ASW,CE,Federal Contract Tower,0,8,47,0,55,0,5,65,0,70,0,13,112,0,125,182,0,182,307
05/01/2003,SGR,TX,ASW,CE,Federal Contract Tower,0,3,39,0,42,0,9,77,4,90,0,12,116,4,132,152,2,154,286
05/02/2003,SGR,TX,ASW,CE,Federal Contract Tower,0,3,30,0,33,0,5,94,0,99,0,8,124,0,132,156,0,156,288
05/03/2003,SGR,TX,ASW,CE,Federal Contract Tower,0,0,29,0,29,0,3,87,0,90,0,3,116,0,119,194,0,194,313
05/04/2003,SGR,TX,ASW,CE,Federal Contract Tower,0,0,43,0,43,0,3,26,0,29,0,3,69,0,72,66,0,66,138
05/05/2003,SGR,TX,ASW,CE,Federal Contract Tower,0,4,36,0,40,0,10,83,0,93,0,14,119,0,133,150,0,150,283
05/06/2003,SGR,TX,ASW,CE,Federal Contract Tower,0,4,48,0,52,0,13,69,0,82,0,17,117,0,134,200,0,200,334
05/07/2003,SGR,TX,ASW,CE,Federal Contract Tower,0,3,48,0,51,0,5,90,2,97,0,8,138,2,148,242,2,244,392
05/08/2003,SGR,TX,ASW,CE,Federal Contract Tower,0,1,54,0,55,0,4,126,0,130,0,5,180,0,185,180,0,180,365
05/09/2003,SGR,TX,ASW,CE,Federal Contract Tower,0,6,53,0,59,0,3,125,0,128,0,9,178,0,187,162,6,168,355
05/10/2003,SGR,TX,ASW,CE,Federal Contract Tower,0,1,35,0,36,0,7,76,0,83,0,8,111,0,119,184,0,184,303
05/11/2003,SGR,TX,ASW,CE,Federal Contract Tower,0,3,32,0,35,0,4,27,0,31,0,7,59,0,66,90,0,90,156
05/12/2003,SGR,TX,ASW,CE,Federal Contract Tower,0,3,35,0,38,0,7,95,0,102,0,10,130,0,140,158,0,158,298
05/13/2003,SGR,TX,ASW,CE,Federal Contract Tower,0,9,52,0,61,0,10,89,0,99,0,19,141,0,160,180,2,182,342
05/14/2003,SGR,TX,ASW,CE,Federal Contract Tower,0,8,48,0,56,0,10,98,2,110,0,18,146,2,166,152,4,156,322
05/15/2003,SGR,TX,ASW,CE,Federal Contract Tower,0,12,39,0,51,0,9,110,0,119,0,21,149,0,170,162,0,162,332
05/16/2003,SGR,TX,ASW,CE,Federal Contract Tower,0,3,33,0,36,0,5,95,0,100,0,8,128,0,136,180,0,180,316
05/17/2003,SGR,TX,ASW,CE,Federal Contract Tower,0,2,11,0,13,0,2,134,0,136,0,4,145,0,149,188,0,188,337
05/18/2003,SGR,TX,ASW,CE,Federal Contract Tower,0,0,20,0,20,0,4,154,0,158,0,4,174,0,178,204,0,204,382
05/19/2003,SGR,TX,ASW,CE,Federal Contract Tower,0,9,29,0,38,0,4,92,0,96,0,13,121,0,134,182,0,182,316
05/20/2003,SGR,TX,ASW,CE,Federal Contract Tower,0,5,43,0,48,0,9,70,0,79,0,14,113,0,127,128,0,128,255
05/21/2003,SGR,TX,ASW,CE,Federal Contract Tower,0,3,52,0,55,0,10,115,0,125,0,13,167,0,180,202,0,202,382
05/22/2003,SGR,TX,ASW,CE,Federal Contract Tower,0,2,66,0,68,0,3,108,0,111,0,5,174,0,179,128,0,128,307
05/23/2003,SGR,TX,ASW,CE,Federal Contract Tower,0,2,38,0,40,0,4,143,0,147,0,6,181,0,187,216,0,216,403
05/24/2003,SGR,TX,ASW,CE,Federal Contract Tower,0,1,20,0,21,0,7,127,0,134,0,8,147,0,155,134,0,134,289
05/25/2003,SGR,TX,ASW,CE,Federal Contract Tower,0,2,13,2,17,0,7,103,0,110,0,9,116,2,127,142,2,144,271
05/26/2003,SGR,TX,ASW,CE,Federal Contract Tower,0,0,38,0,38,0,3,135,0,138,0,3,173,0,176,136,0,136,312
05/27/2003,SGR,TX,ASW,CE,Federal Contract Tower,0,5,32,0,37,0,22,76,0,98,0,27,108,0,135,112,0,112,247
05/28/2003,SGR,TX,ASW,CE,Federal Contract Tower,0,3,46,0,49,0,16,103,0,119,0,19,149,0,168,136,0,136,304
05/29/2003,SGR,TX,ASW,CE,Federal Contract Tower,0,12,39,2,53,0,0,110,4,114,0,12,149,6,167,142,0,142,309
05/30/2003,SGR,TX,ASW,CE,Federal Contract Tower,0,8,39,0,47,0,2,143,0,145,0,10,182,0,192,176,0,176,368
05/31/2003,SGR,TX,ASW,CE,Federal Contract Tower,0,12,20,0,32,0,5,116,0,121,0,17,136,0,153,158,0,158,311
06/01/2003,SGR,TX,ASW,CE,Federal Contract Tower,0,7,28,0,35,0,15,144,0,159,0,22,172,0,194,160,0,160,354
06/02/2003,SGR,TX,ASW,CE,Federal Contract Tower,0,2,50,0,52,0,6,71,0,77,0,8,121,0,129,112,0,112,241
06/03/2003,SGR,TX,ASW,CE,Federal Contract Tower,0,7,26,0,33,0,7,64,0,71,0,14,90,0,104,116,0,116,220
06/04/2003,SGR,TX,ASW,CE,Federal Contract Tower,0,14,36,0,50,0,9,48,0,57,0,23,84,0,107,104,0,104,211
06/05/2003,SGR,TX,ASW,CE,Federal Contract Tower,0,6,31,0,37,0,2,58,0,60,0,8,89,0,97,104,0,104,201
06/06/2003,SGR,TX,ASW,CE,Federal Contract Tower,0,5,36,4,45,0,2,95,0,97,0,7,131,4,142,110,0,110,252
06/07/2003,SGR,TX,ASW,CE,Federal Contract Tower,0,2,28,0,30,0,6,124,0,130,0,8,152,0,160,132,0,132,292
06/08/2003,SGR,TX,ASW,CE,Federal Contract Tower,0,0,27,0,27,0,4,122,0,126,0,4,149,0,153,154,0,154,307
06/09/2003,SGR,TX,ASW,CE,Federal Contract Tower,0,7,35,0,42,0,4,122,0,126,0,11,157,0,168,182,0,182,350
06/10/2003,SGR,TX,ASW,CE,Federal Contract Tower,0,3,50,0,53,0,11,62,0,73,0,14,112,0,126,150,0,150,276
06/11/2003,SGR,TX,ASW,CE,Federal Contract Tower,0,6,49,0,55,0,4,82,0,86,0,10,131,0,141,220,0,220,361
06/12/2003,SGR,TX,ASW,CE,Federal Contract Tower,0,3,35,0,38,0,7,104,0,111,0,10,139,0,149,154,0,154,303
06/13/2003,SGR,TX,ASW,CE,Federal Contract Tower,0,2,38,0,40,0,5,68,0,73,0,7,106,0,113,178,0,178,291
06/14/2003,SGR,TX,ASW,CE,Federal Contract Tower,0,6,13,0,19,0,4,149,0,153,0,10,162,0,172,156,0,156,328
06/15/2003,SGR,TX,ASW,CE,Federal Contract Tower,0,3,30,0,33,0,3,69,0,72,0,6,99,0,105,88,0,88,193
06/16/2003,SGR,TX,ASW,CE,Federal Contract Tower,0,5,33,0,38,0,8,61,0,69,0,13,94,0,107,126,4,130,237
06/17/2003,SGR,TX,ASW,CE,Federal Contract Tower,0,4,32,0,36,0,7,74,0,81,0,11,106,0,117,120,0,120,237
06/18/2003,SGR,TX,ASW,CE,Federal Contract Tower,0,8,40,2,50,0,6,112,0,118,0,14,152,2,168,184,0,184,352
06/19/2003,SGR,TX,ASW,CE,Federal Contract Tower,0,6,36,0,42,0,6,79,0,85,0,12,115,0,127,116,0,116,243
06/20/2003,SGR,TX,ASW,CE,Federal Contract Tower,0,3,43,0,46,0,1,122,0,123,0,4,165,0,169,166,2,168,337
06/21/2003,SGR,TX,ASW,CE,Federal Contract Tower,0,5,20,0,25,0,5,108,0,113,0,10,128,0,138,166,0,166,304
06/22/2003,SGR,TX,ASW,CE,Federal Contract Tower,0,4,34,0,38,0,4,103,0,107,0,8,137,0,145,160,0,160,305
06/23/2003,SGR,TX,ASW,CE,Federal Contract Tower,0,7,22,0,29,0,7,56,0,63,0,14,78,0,92,64,0,64,156
06/24/2003,SGR,TX,ASW,CE,Federal Contract Tower,0,10,41,0,51,0,9,53,0,62,0,19,94,0,113,110,0,110,223
06/25/2003,SGR,TX,ASW,CE,Federal Contract Tower,0,7,53,0,60,0,11,85,0,96,0,18,138,0,156,188,0,188,344
06/26/2003,SGR,TX,ASW,CE,Federal Contract Tower,0,2,34,0,36,0,3,76,0,79,0,5,110,0,115,138,2,140,255
06/27/2003,SGR,TX,ASW,CE,Federal Contract Tower,0,2,53,8,63,0,0,55,0,55,0,2,108,8,118,72,0,72,190
06/28/2003,SGR,TX,ASW,CE,Federal Contract Tower,0,0,20,0,20,0,6,136,0,142,0,6,156,0,162,188,0,188,350
06/29/2003,SGR,TX,ASW,CE,Federal Contract Tower,0,0,30,0,30,0,2,137,0,139,0,2,167,0,169,208,0,208,377
06/30/2003,SGR,TX,ASW,CE,Federal Contract Tower,0,2,18,0,20,0,4,50,0,54,0,6,68,0,74,134,0,134,208
07/01/2003,SGR,TX,ASW,CE,Federal Contract Tower,0,3,44,0,47,0,15,45,0,60,0,18,89,0,107,78,0,78,185
07/02/2003,SGR,TX,ASW,CE,Federal Contract Tower,0,9,37,0,46,0,12,107,0,119,0,21,144,0,165,270,0,270,435
07/03/2003,SGR,TX,ASW,CE,Federal Contract Tower,0,4,45,0,49,0,4,83,0,87,0,8,128,0,136,178,0,178,314
07/04/2003,SGR,TX,ASW,CE,Federal Contract Tower,0,1,21,0,22,0,7,35,0,42,0,8,56,0,64,66,0,66,130
07/05/2003,SGR,TX,ASW,CE,Federal Contract Tower,0,2,7,0,9,0,8,48,0,56,0,10,55,0,65,128,0,128,193
07/06/2003,SGR,TX,ASW,CE,Federal Contract Tower,0,5,24,0,29,0,8,82,0,90,0,13,106,0,119,214,0,214,333
07/07/2003,SGR,TX,ASW,CE,Federal Contract Tower,0,1,29,0,30,0,5,51,0,56,0,6,80,0,86,140,0,140,226
07/08/2003,SGR,TX,ASW,CE,Federal Contract Tower,0,4,39,0,43,0,6,50,0,56,0,10,89,0,99,150,0,150,249
07/09/2003,SGR,TX,ASW,CE,Federal Contract Tower,0,4,36,0,40,0,12,57,0,69,0,16,93,0,109,176,0,176,285
07/10/2003,SGR,TX,ASW,CE,Federal Contract Tower,0,11,36,0,47,0,2,92,0,94,0,13,128,0,141,142,0,142,283
07/11/2003,SGR,TX,ASW,CE,Federal Contract Tower,0,5,35,0,40,0,2,84,0,86,0,7,119,0,126,98,0,98,224
07/12/2003,SGR,TX,ASW,CE,Federal Contract Tower,0,2,17,0,19,0,2,175,0,177,0,4,192,0,196,236,0,236,432
07/13/2003,SGR,TX,ASW,CE,Federal Contract Tower,0,1,28,0,29,0,3,134,0,137,0,4,162,0,166,250,0,250,416
07/14/2003,SGR,TX,ASW,CE,Federal Contract Tower,0,5,22,0,27,0,8,89,0,97,0,13,111,0,124,132,0,132,256
07/15/2003,SGR,TX,ASW,CE,Federal Contract Tower,0,1,13,0,14,0,2,10,0,12,0,3,23,0,26,8,0,8,34
07/16/2003,SGR,TX,ASW,CE,Federal Contract Tower,0,5,35,0,40,0,8,30,0,38,0,13,65,0,78,66,0,66,144
07/17/2003,SGR,TX,ASW,CE,Federal Contract Tower,0,4,37,0,41,0,2,105,0,107,0,6,142,0,148,214,0,214,362
07/18/2003,SGR,TX,ASW,CE,Federal Contract Tower,0,4,53,0,57,0,2,64,0,66,0,6,117,0,123,72,0,72,195
07/19/2003,SGR,TX,ASW,CE,Federal Contract Tower,0,5,30,0,35,0,2,91,0,93,0,7,121,0,128,114,0,114,242
07/20/2003,SGR,TX,ASW,CE,Federal Contract Tower,0,4,33,0,37,0,1,131,0,132,0,5,164,0,169,192,0,192,361
07/21/2003,SGR,TX,ASW,CE,Federal Contract Tower,0,1,33,0,34,0,4,92,0,96,0,5,125,0,130,228,0,228,358
07/22/2003,SGR,TX,ASW,CE,Federal Contract Tower,0,2,46,0,48,0,16,114,0,130,0,18,160,0,178,130,0,130,308
07/23/2003,SGR,TX,ASW,CE,Federal Contract Tower,0,0,31,0,31,0,8,108,0,116,0,8,139,0,147,128,0,128,275
07/24/2003,SGR,TX,ASW,CE,Federal Contract Tower,0,2,41,0,43,0,1,94,0,95,0,3,135,0,138,126,0,126,264
07/25/2003,SGR,TX,ASW,CE,Federal Contract Tower,0,5,37,0,42,0,4,101,0,105,0,9,138,0,147,156,0,156,303
07/26/2003,SGR,TX,ASW,CE,Federal Contract Tower,0,4,28,0,32,0,0,105,0,105,0,4,133,0,137,192,0,192,329
07/27/2003,SGR,TX,ASW,CE,Federal Contract Tower,0,3,28,0,31,0,3,116,0,119,0,6,144,0,150,214,0,214,364
07/28/2003,SGR,TX,ASW,CE,Federal Contract Tower,0,3,28,0,31,0,1,86,0,87,0,4,114,0,118,178,0,178,296
07/29/2003,SGR,TX,ASW,CE,Federal Contract Tower,0,3,43,0,46,0,7,90,0,97,0,10,133,0,143,132,0,132,275
07/30/2003,SGR,TX,ASW,CE,Federal Contract Tower,0,5,46,0,51,0,3,124,6,133,0,8,170,6,184,100,0,100,284
07/31/2003,SGR,TX,ASW,CE,Federal Contract Tower,0,1,38,0,39,0,5,148,0,153,0,6,186,0,192,148,0,148,340
08/01/2003,SGR,TX,ASW,CE,Federal Contract Tower,0,8,36,0,44,0,7,100,0,107,0,15,136,0,151,136,0,136,287
08/02/2003,SGR,TX,ASW,CE,Federal Contract Tower,0,1,22,0,23,0,5,100,0,105,0,6,122,0,128,112,0,112,240
08/03/2003,SGR,TX,ASW,CE,Federal Contract Tower,0,1,26,0,27,0,6,129,0,135,0,7,155,0,162,188,0,188,350
08/04/2003,SGR,TX,ASW,CE,Federal Contract Tower,0,2,36,0,38,0,6,85,0,91,0,8,121,0,129,202,0,202,331
08/05/2003,SGR,TX,ASW,CE,Federal Contract Tower,0,6,39,0,45,0,11,108,0,119,0,17,147,0,164,232,0,232,396
08/06/2003,SGR,TX,ASW,CE,Federal Contract Tower,0,5,56,0,61,0,4,96,0,100,0,9,152,0,161,208,0,208,369
08/07/2003,SGR,TX,ASW,CE,Federal Contract Tower,0,6,52,0,58,0,15,92,0,107,0,21,144,0,165,174,0,174,339
08/08/2003,SGR,TX,ASW,CE,Federal Contract Tower,0,12,44,0,56,0,8,106,0,114,0,20,150,0,170,122,0,122,292
08/09/2003,SGR,TX,ASW,CE,Federal Contract Tower,0,2,34,0,36,0,1,109,0,110,0,3,143,0,146,226,0,226,372
08/10/2003,SGR,TX,ASW,CE,Federal Contract Tower,0,5,37,0,42,0,2,87,0,89,0,7,124,0,131,160,0,160,291
08/11/2003,SGR,TX,ASW,CE,Federal Contract Tower,0,4,31,1,36,0,8,57,1,66,0,12,88,2,102,122,24,146,248
08/12/2003,SGR,TX,ASW,CE,Federal Contract Tower,0,4,31,0,35,0,5,53,0,58,0,9,84,0,93,104,0,104,197
08/13/2003,SGR,TX,ASW,CE,Federal Contract Tower,0,9,38,5,52,0,11,54,1,66,0,20,92,6,118,132,28,160,278
08/14/2003,SGR,TX,ASW,CE,Federal Contract Tower,0,3,33,0,36,0,5,83,0,88,0,8,116,0,124,198,0,198,322
08/15/2003,SGR,TX,ASW,CE,Federal Contract Tower,0,8,19,0,27,0,10,82,0,92,0,18,101,0,119,110,0,110,229
08/16/2003,SGR,TX,ASW,CE,Federal Contract Tower,0,4,19,0,23,0,6,67,0,73,0,10,86,0,96,110,0,110,206
08/17/2003,SGR,TX,ASW,CE,Federal Contract Tower,0,3,39,0,42,0,5,133,0,138,0,8,172,0,180,138,0,138,318
08/18/2003,SGR,TX,ASW,CE,Federal Contract Tower,0,3,36,0,39,0,5,57,0,62,0,8,93,0,101,132,0,132,233
08/19/2003,SGR,TX,ASW,CE,Federal Contract Tower,0,5,40,0,45,0,6,82,0,88,0,11,122,0,133,146,0,146,279
08/20/2003,SGR,TX,ASW,CE,Federal Contract Tower,0,10,41,0,51,0,7,72,0,79,0,17,113,0,130,148,0,148,278
08/21/2003,SGR,TX,ASW,CE,Federal Contract Tower,0,6,48,0,54,0,2,111,0,113,0,8,159,0,167,140,0,140,307
08/22/2003,SGR,TX,ASW,CE,Federal Contract Tower,0,0,35,0,35,0,2,90,0,92,0,2,125,0,127,196,0,196,323
08/23/2003,SGR,TX,ASW,CE,Federal Contract Tower,0,3,30,0,33,0,6,108,0,114,0,9,138,0,147,220,0,220,367
08/24/2003,SGR,TX,ASW,CE,Federal Contract Tower,0,2,26,0,28,0,2,119,0,121,0,4,145,0,149,164,0,164,313
08/25/2003,SGR,TX,ASW,CE,Federal Contract Tower,0,4,29,0,33,0,5,59,0,64,0,9,88,0,97,106,0,106,203
08/26/2003,SGR,TX,ASW,CE,Federal Contract Tower,0,8,42,0,50,0,7,60,0,67,0,15,102,0,117,126,0,126,243
08/27/2003,SGR,TX,ASW,CE,Federal Contract Tower,0,10,57,0,67,0,5,100,0,105,0,15,157,0,172,114,0,114,286
08/28/2003,SGR,TX,ASW,CE,Federal Contract Tower,0,4,42,0,46,0,6,87,0,93,0,10,129,0,139,140,0,140,279
08/29/2003,SGR,TX,ASW,CE,Federal Contract Tower,0,6,48,2,56,0,1,113,0,114,0,7,161,2,170,110,0,110,280
08/30/2003,SGR,TX,ASW,CE,Federal Contract Tower,0,2,19,0,21,0,5,67,0,72,0,7,86,0,93,166,0,166,259
08/31/2003,SGR,TX,ASW,CE,Federal Contract Tower,0,1,12,0,13,0,2,2,0,4,0,3,14,0,17,0,0,0,17
09/01/2003,SGR,TX,ASW,CE,Federal Contract Tower,0,8,27,0,35,0,0,3,0,3,0,8,30,0,38,8,0,8,46
09/02/2003,SGR,TX,ASW,CE,Federal Contract Tower,0,3,62,0,65,0,8,12,0,20,0,11,74,0,85,80,0,80,165
09/03/2003,SGR,TX,ASW,CE,Federal Contract Tower,0,3,50,0,53,0,15,50,0,65,0,18,100,0,118,144,0,144,262
09/04/2003,SGR,TX,ASW,CE,Federal Contract Tower,0,10,50,0,60,0,8,68,0,76,0,18,118,0,136,142,0,142,278
09/05/2003,SGR,TX,ASW,CE,Federal Contract Tower,0,6,46,0,52,0,6,74,0,80,0,12,120,0,132,164,2,166,298
09/06/2003,SGR,TX,ASW,CE,Federal Contract Tower,0,0,19,0,19,0,3,161,0,164,0,3,180,0,183,278,0,278,461
09/07/2003,SGR,TX,ASW,CE,Federal Contract Tower,0,1,30,0,31,0,2,153,0,155,0,3,183,0,186,220,0,220,406
09/08/2003,SGR,TX,ASW,CE,Federal Contract Tower,0,2,29,0,31,0,3,87,0,90,0,5,116,0,121,196,0,196,317
09/09/2003,SGR,TX,ASW,CE,Federal Contract Tower,0,1,45,0,46,0,12,85,0,97,0,13,130,0,143,176,0,176,319
09/10/2003,SGR,TX,ASW,CE,Federal Contract Tower,0,14,62,0,76,0,9,74,0,83,0,23,136,0,159,120,0,120,279
09/11/2003,SGR,TX,ASW,CE,Federal Contract Tower,0,1,27,0,28,0,5,48,0,53,0,6,75,0,81,72,0,72,153
09/12/2003,SGR,TX,ASW,CE,Federal Contract Tower,0,8,30,2,40,0,2,30,0,32,0,10,60,2,72,24,0,24,96
09/13/2003,SGR,TX,ASW,CE,Federal Contract Tower,0,2,16,0,18,0,6,156,0,162,0,8,172,0,180,184,0,184,364
09/14/2003,SGR,TX,ASW,CE,Federal Contract Tower,0,3,36,1,40,0,5,136,2,143,0,8,172,3,183,168,0,168,351
09/15/2003,SGR,TX,ASW,CE,Federal Contract Tower,0,5,33,0,38,0,4,91,0,95,0,9,124,0,133,128,0,128,261
09/16/2003,SGR,TX,ASW,CE,Federal Contract Tower,0,8,50,0,58,0,4,88,0,92,0,12,138,0,150,114,0,114,264
09/17/2003,SGR,TX,ASW,CE,Federal Contract Tower,0,1,33,0,34,0,5,102,0,107,0,6,135,0,141,82,0,82,223
09/18/2003,SGR,TX,ASW,CE,Federal Contract Tower,0,8,37,0,45,0,8,48,0,56,0,16,85,0,101,96,0,96,197
09/19/2003,SGR,TX,ASW,CE,Federal Contract Tower,0,0,40,0,40,0,5,109,0,114,0,5,149,0,154,96,0,96,250
09/20/2003,SGR,TX,ASW,CE,Federal Contract Tower,0,4,40,0,44,0,2,56,0,58,0,6,96,0,102,114,0,114,216
09/21/2003,SGR,TX,ASW,CE,Federal Contract Tower,0,4,59,0,63,0,0,1,0,1,0,4,60,0,64,0,0,0,64
09/22/2003,SGR,TX,ASW,CE,Federal Contract Tower,0,9,38,0,47,0,2,70,0,72,0,11,108,0,119,96,0,96,215
09/23/2003,SGR,TX,ASW,CE,Federal Contract Tower,0,7,45,0,52,0,1,70,4,75,0,8,115,4,127,106,6,112,239
09/24/2003,SGR,TX,ASW,CE,Federal Contract Tower,0,11,57,0,68,0,4,106,0,110,0,15,163,0,178,114,0,114,292
09/25/2003,SGR,TX,ASW,CE,Federal Contract Tower,0,10,45,0,55,0,4,87,0,91,0,14,132,0,146,144,0,144,290
09/26/2003,SGR,TX,ASW,CE,Federal Contract Tower,0,6,44,0,50,0,3,92,2,97,0,9,136,2,147,166,2,168,315
09/27/2003,SGR,TX,ASW,CE,Federal Contract Tower,0,2,22,0,24,0,2,112,0,114,0,4,134,0,138,156,0,156,294
09/28/2003,SGR,TX,ASW,CE,Federal Contract Tower,0,10,40,0,50,0,12,160,0,172,0,22,200,0,222,160,2,162,384
09/29/2003,SGR,TX,ASW,CE,Federal Contract Tower,0,7,24,0,31,0,15,78,0,93,0,22,102,0,124,200,0,200,324
09/30/2003,SGR,TX,ASW,CE,Federal Contract Tower,0,4,29,0,33,0,8,80,0,88,0,12,109,0,121,150,0,150,271
10/01/2003,SGR,TX,ASW,CE,Federal Contract Tower,0,6,45,0,51,0,10,101,0,111,0,16,146,0,162,162,0,162,324
10/02/2003,SGR,TX,ASW,CE,Federal Contract Tower,0,5,39,0,44,0,5,139,0,144,0,10,178,0,188,138,0,138,326
10/03/2003,SGR,TX,ASW,CE,Federal Contract Tower,0,5,38,0,43,0,4,127,2,133,0,9,165,2,176,206,0,206,382
10/04/2003,SGR,TX,ASW,CE,Federal Contract Tower,0,3,17,0,20,0,0,123,0,123,0,3,140,0,143,148,2,150,293
10/05/2003,SGR,TX,ASW,CE,Federal Contract Tower,0,5,33,0,38,0,5,109,2,116,0,10,142,2,154,134,0,134,288
10/06/2003,SGR,TX,ASW,CE,Federal Contract Tower,0,5,33,0,38,0,1,33,0,34,0,6,66,0,72,28,0,28,100
10/07/2003,SGR,TX,ASW,CE,Federal Contract Tower,0,5,37,0,42,0,11,53,0,64,0,16,90,0,106,150,0,150,256
10/08/2003,SGR,TX,ASW,CE,Federal Contract Tower,0,8,57,0,65,0,7,55,0,62,0,15,112,0,127,98,0,98,225
10/09/2003,SGR,TX,ASW,CE,Federal Contract Tower,0,6,43,0,49,0,2,3,0,5,0,8,46,0,54,28,0,28,82
10/10/2003,SGR,TX,ASW,CE,Federal Contract Tower,0,8,61,0,69,0,0,33,0,33,0,8,94,0,102,40,0,40,142
10/11/2003,SGR,TX,ASW,CE,Federal Contract Tower,0,4,25,0,29,0,4,88,0,92,0,8,113,0,121,164,0,164,285
10/12/2003,SGR,TX,ASW,CE,Federal Contract Tower,0,6,43,0,49,0,6,88,0,94,0,12,131,0,143,174,0,174,317
10/13/2003,SGR,TX,ASW,CE,Federal Contract Tower,0,6,48,0,54,0,10,58,0,68,0,16,106,0,122,194,0,194,316
10/14/2003,SGR,TX,ASW,CE,Federal Contract Tower,0,5,46,0,51,0,10,78,0,88,0,15,124,0,139,108,0,108,247
10/15/2003,SGR,TX,ASW,CE,Federal Contract Tower,0,7,62,0,69,0,8,112,0,120,0,15,174,0,189,172,2,174,363
10/16/2003,SGR,TX,ASW,CE,Federal Contract Tower,0,5,42,0,47,0,0,117,0,117,0,5,159,0,164,172,0,172,336
10/17/2003,SGR,TX,ASW,CE,Federal Contract Tower,0,7,57,0,64,0,2,105,0,107,0,9,162,0,171,94,0,94,265
10/18/2003,SGR,TX,ASW,CE,Federal Contract Tower,0,1,13,0,14,0,6,110,0,116,0,7,123,0,130,182,0,182,312
10/19/2003,SGR,TX,ASW,CE,Federal Contract Tower,0,4,35,0,39,0,6,127,0,133,0,10,162,0,172,186,0,186,358
10/20/2003,SGR,TX,ASW,CE,Federal Contract Tower,0,4,37,0,41,0,9,93,0,102,0,13,130,0,143,222,0,222,365
10/21/2003,SGR,TX,ASW,CE,Federal Contract Tower,0,6,50,0,56,0,5,63,2,70,0,11,113,2,126,92,2,94,220
10/22/2003,SGR,TX,ASW,CE,Federal Contract Tower,0,6,49,0,55,0,18,97,0,115,0,24,146,0,170,90,0,90,260
10/23/2003,SGR,TX,ASW,CE,Federal Contract Tower,0,5,48,0,53,0,19,120,2,141,0,24,168,2,194,198,0,198,392
10/24/2003,SGR,TX,ASW,CE,Federal Contract Tower,0,4,39,0,43,0,9,93,0,102,0,13,132,0,145,184,0,184,329
10/25/2003,SGR,TX,ASW,CE,Federal Contract Tower,0,2,23,0,25,0,7,11,0,18,0,9,34,0,43,36,0,36,79
10/26/2003,SGR,TX,ASW,CE,Federal Contract Tower,0,7,57,0,64,0,16,29,0,45,0,23,86,0,109,62,0,62,171
10/27/2003,SGR,TX,ASW,CE,Federal Contract Tower,0,4,35,0,39,0,9,84,0,93,0,13,119,0,132,158,0,158,290
10/28/2003,SGR,TX,ASW,CE,Federal Contract Tower,0,6,50,0,56,0,12,100,0,112,0,18,150,0,168,174,2,176,344
10/29/2003,SGR,TX,ASW,CE,Federal Contract Tower,0,5,48,0,53,0,7,122,0,129,0,12,170,0,182,150,0,150,332
10/30/2003,SGR,TX,ASW,CE,Federal Contract Tower,0,4,44,0,48,0,0,84,0,84,0,4,128,0,132,136,0,136,268
10/31/2003,SGR,TX,ASW,CE,Federal Contract Tower,0,6,54,0,60,0,8,53,0,61,0,14,107,0,121,128,0,128,249
11/01/2003,SGR,TX,ASW,CE,Federal Contract Tower,0,4,28,0,32,0,0,101,0,101,0,4,129,0,133,124,0,124,257
11/02/2003,SGR,TX,ASW,CE,Federal Contract Tower,0,6,41,0,47,0,7,101,0,108,0,13,142,0,155,170,0,170,325
11/03/2003,SGR,TX,ASW,CE,Federal Contract Tower,0,6,41,0,47,0,6,58,0,64,0,12,99,0,111,120,0,120,231
11/04/2003,SGR,TX,ASW,CE,Federal Contract Tower,0,6,41,0,47,0,14,78,0,92,0,20,119,0,139,180,0,180,319
11/05/2003,SGR,TX,ASW,CE,Federal Contract Tower,0,6,45,0,51,0,5,74,0,79,0,11,119,0,130,148,0,148,278
11/06/2003,SGR,TX,ASW,CE,Federal Contract Tower,0,9,70,0,79,0,6,59,0,65,0,15,129,0,144,112,0,112,256
11/07/2003,SGR,TX,ASW,CE,Federal Contract Tower,0,10,76,0,86,0,12,0,0,12,0,22,76,0,98,8,0,8,106
11/08/2003,SGR,TX,ASW,CE,Federal Contract Tower,0,5,37,0,42,0,2,49,0,51,0,7,86,0,93,70,0,70,163
11/09/2003,SGR,TX,ASW,CE,Federal Contract Tower,0,6,43,0,49,0,6,135,0,141,0,12,178,0,190,192,0,192,382
11/10/2003,SGR,TX,ASW,CE,Federal Contract Tower,0,7,50,0,57,0,10,68,0,78,0,17,118,0,135,204,0,204,339
11/11/2003,SGR,TX,ASW,CE,Federal Contract Tower,0,4,39,0,43,0,6,77,0,83,0,10,116,0,126,196,0,196,322
11/12/2003,SGR,TX,ASW,CE,Federal Contract Tower,0,7,58,1,66,0,11,109,1,121,0,18,167,2,187,140,6,146,333
11/13/2003,SGR,TX,ASW,CE,Federal Contract Tower,0,6,55,0,61,0,6,86,0,92,0,12,141,0,153,100,0,100,253
11/14/2003,SGR,TX,ASW,CE,Federal Contract Tower,0,6,57,0,63,0,6,106,0,112,0,12,163,0,175,114,0,114,289
11/15/2003,SGR,TX,ASW,CE,Federal Contract Tower,0,3,33,0,36,0,4,87,0,91,0,7,120,0,127,221,0,221,348
11/16/2003,SGR,TX,ASW,CE,Federal Contract Tower,0,5,49,0,54,0,1,21,0,22,0,6,70,0,76,50,0,50,126
11/17/2003,SGR,TX,ASW,CE,Federal Contract Tower,0,2,19,0,21,0,5,11,0,16,0,7,30,0,37,24,0,24,61
11/18/2003,SGR,TX,ASW,CE,Federal Contract Tower,0,5,42,0,47,0,8,53,0,61,0,13,95,0,108,62,0,62,170
11/19/2003,SGR,TX,ASW,CE,Federal Contract Tower,0,4,42,0,46,0,5,139,0,144,0,9,181,0,190,126,0,126,316
11/20/2003,SGR,TX,ASW,CE,Federal Contract Tower,0,2,44,0,46,0,0,139,0,139,0,2,183,0,185,162,0,162,347
11/21/2003,SGR,TX,ASW,CE,Federal Contract Tower,0,5,46,0,51,0,5,147,0,152,0,10,193,0,203,174,0,174,377
11/22/2003,SGR,TX,ASW,CE,Federal Contract Tower,0,3,27,0,30,0,10,109,0,119,0,13,136,0,149,133,0,133,282
11/23/2003,SGR,TX,ASW,CE,Federal Contract Tower,0,5,48,0,53,0,10,67,0,77,0,15,115,0,130,72,4,76,206
11/24/2003,SGR,TX,ASW,CE,Federal Contract Tower,0,3,26,0,29,0,7,103,0,110,0,10,129,0,139,210,0,210,349
11/25/2003,SGR,TX,ASW,CE,Federal Contract Tower,0,5,46,0,51,0,16,94,0,110,0,21,140,0,161,200,0,200,361
11/26/2003,SGR,TX,ASW,CE,Federal Contract Tower,0,5,43,0,48,0,7,72,0,79,0,12,115,0,127,128,0,128,255
11/27/2003,SGR,TX,ASW,CE,Federal Contract Tower,0,1,16,0,17,0,2,24,0,26,0,3,40,0,43,20,0,20,63
11/28/2003,SGR,TX,ASW,CE,Federal Contract Tower,0,3,28,0,31,0,0,100,0,100,0,3,128,0,131,132,0,132,263
11/29/2003,SGR,TX,ASW,CE,Federal Contract Tower,0,2,22,0,24,0,10,109,0,119,0,12,131,0,143,216,0,216,359
11/30/2003,SGR,TX,ASW,CE,Federal Contract Tower,0,4,40,0,44,0,5,121,0,126,0,9,161,0,170,176,0,176,346
12/01/2003,SGR,TX,ASW,CE,Federal Contract Tower,0,2,28,0,30,0,7,87,0,94,0,9,115,0,124,148,0,148,272
12/02/2003,SGR,TX,ASW,CE,Federal Contract Tower,0,1,25,0,26,0,2,79,0,81,0,3,104,0,107,122,0,122,229
12/03/2003,SGR,TX,ASW,CE,Federal Contract Tower,0,5,56,0,61,0,3,100,0,103,0,8,156,0,164,184,0,184,348
12/04/2003,SGR,TX,ASW,CE,Federal Contract Tower,0,9,50,0,59,0,19,123,0,142,0,28,173,0,201,184,0,184,385
12/05/2003,SGR,TX,ASW,CE,Federal Contract Tower,0,0,48,0,48,0,3,100,0,103,0,3,148,0,151,138,0,138,289
12/06/2003,SGR,TX,ASW,CE,Federal Contract Tower,0,0,18,0,18,0,2,145,0,147,0,2,163,0,165,166,0,166,331
12/07/2003,SGR,TX,ASW,CE,Federal Contract Tower,0,3,26,0,29,0,3,152,0,155,0,6,178,0,184,210,0,210,394
12/08/2003,SGR,TX,ASW,CE,Federal Contract Tower,0,5,39,2,46,0,9,75,0,84,0,14,114,2,130,190,0,190,320
12/09/2003,SGR,TX,ASW,CE,Federal Contract Tower,0,3,45,0,48,0,6,36,0,42,0,9,81,0,90,46,0,46,136
12/10/2003,SGR,TX,ASW,CE,Federal Contract Tower,0,2,42,0,44,0,13,81,0,94,0,15,123,0,138,58,0,58,196
12/11/2003,SGR,TX,ASW,CE,Federal Contract Tower,0,1,41,0,42,0,8,94,0,102,0,9,135,0,144,120,0,120,264
12/12/2003,SGR,TX,ASW,CE,Federal Contract Tower,0,7,46,0,53,0,4,35,0,39,0,11,81,0,92,46,0,46,138
12/13/2003,SGR,TX,ASW,CE,Federal Contract Tower,0,5,38,0,43,0,4,37,0,41,0,9,75,0,84,34,0,34,118
12/14/2003,SGR,TX,ASW,CE,Federal Contract Tower,0,5,27,0,32,0,3,158,0,161,0,8,185,0,193,328,0,328,521
12/15/2003,SGR,TX,ASW,CE,Federal Contract Tower,0,4,43,0,47,0,9,63,0,72,0,13,106,0,119,130,0,130,249
12/16/2003,SGR,TX,ASW,CE,Federal Contract Tower,0,5,41,0,46,0,11,61,0,72,0,16,102,0,118,70,2,72,190
12/17/2003,SGR,TX,ASW,CE,Federal Contract Tower,0,5,59,0,64,0,16,138,0,154,0,21,197,0,218,206,8,214,432
12/18/2003,SGR,TX,ASW,CE,Federal Contract Tower,0,4,42,0,46,0,17,135,0,152,0,21,177,0,198,282,0,282,480
12/19/2003,SGR,TX,ASW,CE,Federal Contract Tower,0,8,36,0,44,0,5,137,0,142,0,13,173,0,186,250,0,250,436
12/20/2003,SGR,TX,ASW,CE,Federal Contract Tower,0,6,31,0,37,0,8,127,0,135,0,14,158,0,172,222,0,222,394
12/21/2003,SGR,TX,ASW,CE,Federal Contract Tower,0,1,26,0,27,0,3,106,0,109,0,4,132,0,136,158,0,158,294
12/22/2003,SGR,TX,ASW,CE,Federal Contract Tower,0,3,31,0,34,0,12,75,0,87,0,15,106,0,121,140,0,140,261
12/23/2003,SGR,TX,ASW,CE,Federal Contract Tower,0,8,35,0,43,0,4,60,0,64,0,12,95,0,107,74,0,74,181
12/24/2003,SGR,TX,ASW,CE,Federal Contract Tower,0,5,17,0,22,0,5,62,0,67,0,10,79,0,89,76,0,76,165
12/25/2003,SGR,TX,ASW,CE,Federal Contract Tower,0,5,18,0,23,0,8,28,0,36,0,13,46,0,59,20,0,20,79
12/26/2003,SGR,TX,ASW,CE,Federal Contract Tower,0,12,53,0,65,0,0,41,0,41,0,12,94,0,106,48,0,48,154
12/27/2003,SGR,TX,ASW,CE,Federal Contract Tower,0,5,44,0,49,0,2,62,0,64,0,7,106,0,113,108,0,108,221
12/28/2003,SGR,TX,ASW,CE,Federal Contract Tower,0,7,20,0,27,0,2,24,0,26,0,9,44,0,53,26,0,26,79
12/29/2003,SGR,TX,ASW,CE,Federal Contract Tower,0,10,22,2,34,0,6,100,0,106,0,16,122,2,140,120,0,120,260
12/30/2003,SGR,TX,ASW,CE,Federal Contract Tower,0,6,25,0,31,0,7,123,0,130,0,13,148,0,161,226,0,226,387
12/31/2003,SGR,TX,ASW,CE,Federal Contract Tower,0,3,29,0,32,0,3,51,0,54,0,6,80,0,86,120,0,120,206
01/01/2004,SGR,TX,ASW,CE,Federal Contract Tower,0,4,26,0,30,0,0,0,0,0,0,4,26,0,30,18,0,18,48
01/02/2004,SGR,TX,ASW,CE,Federal Contract Tower,0,7,50,0,57,0,0,27,0,27,0,7,77,0,84,52,0,52,136
01/03/2004,SGR,TX,ASW,CE,Federal Contract Tower,0,6,55,0,61,0,0,22,0,22,0,6,77,0,83,92,0,92,175
01/04/2004,SGR,TX,ASW,CE,Federal Contract Tower,0,3,14,0,17,0,2,85,0,87,0,5,99,0,104,74,0,74,178
01/05/2004,SGR,TX,ASW,CE,Federal Contract Tower,0,3,11,0,14,0,8,77,0,85,0,11,88,0,99,110,0,110,209
01/06/2004,SGR,TX,ASW,CE,Federal Contract Tower,0,6,32,0,38,0,0,57,0,57,0,6,89,0,95,102,4,106,201
01/07/2004,SGR,TX,ASW,CE,Federal Contract Tower,0,8,41,0,49,0,4,83,0,87,0,12,124,0,136,122,0,122,258
01/08/2004,SGR,TX,ASW,CE,Federal Contract Tower,0,4,44,0,48,0,0,0,0,0,0,4,44,0,48,0,0,0,48
01/09/2004,SGR,TX,ASW,CE,Federal Contract Tower,0,7,37,0,44,0,3,147,0,150,0,10,184,0,194,220,2,222,416
01/10/2004,SGR,TX,ASW,CE,Federal Contract Tower,0,4,59,0,63,0,0,110,0,110,0,4,169,0,173,192,0,192,365
01/11/2004,SGR,TX,ASW,CE,Federal Contract Tower,0,4,26,1,31,0,4,166,1,171,0,8,192,2,202,212,2,214,416
01/12/2004,SGR,TX,ASW,CE,Federal Contract Tower,0,7,41,0,48,0,1,71,0,72,0,8,112,0,120,108,0,108,228
01/13/2004,SGR,TX,ASW,CE,Federal Contract Tower,0,6,36,0,42,0,12,58,0,70,0,18,94,0,112,100,0,100,212
01/14/2004,SGR,TX,ASW,CE,Federal Contract Tower,0,6,45,0,51,0,0,69,0,69,0,6,114,0,120,148,0,148,268
01/15/2004,SGR,TX,ASW,CE,Federal Contract Tower,0,7,43,0,50,0,2,23,0,25,0,9,66,0,75,28,0,28,103
01/16/2004,SGR,TX,ASW,CE,Federal Contract Tower,0,6,38,0,44,0,6,12,0,18,0,12,50,0,62,4,0,4,66
01/17/2004,SGR,TX,ASW,CE,Federal Contract Tower,0,6,36,0,42,0,0,38,0,38,0,6,74,0,80,68,0,68,148
01/18/2004,SGR,TX,ASW,CE,Federal Contract Tower,0,4,28,0,32,0,12,114,0,126,0,16,142,0,158,82,0,82,240
01/19/2004,SGR,TX,ASW,CE,Federal Contract Tower,0,6,40,0,46,0,14,160,0,174,0,20,200,0,220,214,0,214,434
01/20/2004,SGR,TX,ASW,CE,Federal Contract Tower,0,4,24,0,28,0,5,128,0,133,0,9,152,0,161,192,0,192,353
01/21/2004,SGR,TX,ASW,CE,Federal Contract Tower,0,7,41,0,48,0,9,92,0,101,0,16,133,0,149,150,0,150,299
01/22/2004,SGR,TX,ASW,CE,Federal Contract Tower,0,8,70,0,78,0,0,75,0,75,0,8,145,0,153,154,0,154,307
01/23/2004,SGR,TX,ASW,CE,Federal Contract Tower,0,6,39,0,45,0,2,100,0,102,0,8,139,0,147,118,0,118,265
01/24/2004,SGR,TX,ASW,CE,Federal Contract Tower,0,4,24,0,28,0,4,10,0,14,0,8,34,0,42,18,0,18,60
01/25/2004,SGR,TX,ASW,CE,Federal Contract Tower,0,5,32,0,37,0,9,128,0,137,0,14,160,0,174,178,0,178,352
01/26/2004,SGR,TX,ASW,CE,Federal Contract Tower,0,3,24,0,27,0,11,84,0,95,0,14,108,0,122,110,0,110,232
01/27/2004,SGR,TX,ASW,CE,Federal Contract Tower,0,3,22,0,25,0,14,88,0,102,0,17,110,0,127,146,0,146,273
01/28/2004,SGR,TX,ASW,CE,Federal Contract Tower,0,5,32,0,37,0,7,96,0,103,0,12,128,0,140,128,0,128,268
01/29/2004,SGR,TX,ASW,CE,Federal Contract Tower,0,8,50,0,58,0,1,46,0,47,0,9,96,0,105,38,0,38,143
01/30/2004,SGR,TX,ASW,CE,Federal Contract Tower,0,6,38,0,44,0,17,47,0,64,0,23,85,0,108,8,0,8,116
01/31/2004,SGR,TX,ASW,CE,Federal Contract Tower,0,0,0,0,0,0,18,54,0,72,0,18,54,0,72,10,0,10,82
02/01/2004,SGR,TX,ASW,CE,Federal Contract Tower,0,56,68,0,124,0,14,17,0,31,0,70,85,0,155,40,0,40,195
02/02/2004,SGR,TX,ASW,CE,Federal Contract Tower,0,28,96,0,124,0,9,59,2,70,0,37,155,2,194,62,2,64,258
02/03/2004,SGR,TX,ASW,CE,Federal Contract Tower,0,6,45,0,51,0,14,75,0,89,0,20,120,0,140,134,0,134,274
02/04/2004,SGR,TX,ASW,CE,Federal Contract Tower,0,6,31,0,37,0,5,10,0,15,0,11,41,0,52,20,0,20,72
02/05/2004,SGR,TX,ASW,CE,Federal Contract Tower,0,7,57,0,64,0,7,51,0,58,0,14,108,0,122,68,0,68,190
02/06/2004,SGR,TX,ASW,CE,Federal Contract Tower,0,5,37,0,42,0,7,90,0,97,0,12,127,0,139,170,0,170,309
02/07/2004,SGR,TX,ASW,CE,Federal Contract Tower,0,1,24,0,25,0,11,153,0,164,0,12,177,0,189,246,0,246,435
02/08/2004,SGR,TX,ASW,CE,Federal Contract Tower,0,4,54,0,58,0,2,102,0,104,0,6,156,0,162,96,0,96,258
02/09/2004,SGR,TX,ASW,CE,Federal Contract Tower,0,6,54,0,60,0,4,46,0,50,0,10,100,0,110,72,0,72,182
02/10/2004,SGR,TX,ASW,CE,Federal Contract Tower,0,13,43,0,56,0,0,0,0,0,0,13,43,0,56,0,0,0,56
02/11/2004,SGR,TX,ASW,CE,Federal Contract Tower,0,4,50,0,54,0,0,0,0,0,0,4,50,0,54,0,0,0,54
02/12/2004,SGR,TX,ASW,CE,Federal Contract Tower,0,6,71,0,77,0,2,45,0,47,0,8,116,0,124,80,0,80,204
02/13/2004,SGR,TX,ASW,CE,Federal Contract Tower,0,5,63,2,70,0,0,5,0,5,0,5,68,2,75,2,0,2,77
02/14/2004,SGR,TX,ASW,CE,Federal Contract Tower,0,5,25,0,30,0,4,54,0,58,0,9,79,0,88,48,0,48,136
02/15/2004,SGR,TX,ASW,CE,Federal Contract Tower,0,8,27,0,35,0,6,189,0,195,0,14,216,0,230,216,0,216,446
02/16/2004,SGR,TX,ASW,CE,Federal Contract Tower,0,2,21,0,23,0,4,119,0,123,0,6,140,0,146,244,0,244,390
02/17/2004,SGR,TX,ASW,CE,Federal Contract Tower,0,3,48,4,55,0,6,109,2,117,0,9,157,6,172,186,0,186,358
02/18/2004,SGR,TX,ASW,CE,Federal Contract Tower,0,6,61,0,67,0,7,117,0,124,0,13,178,0,191,100,0,100,291
02/19/2004,SGR,TX,ASW,CE,Federal Contract Tower,0,4,37,0,41,0,9,96,0,105,0,13,133,0,146,82,0,82,228
02/20/2004,SGR,TX,ASW,CE,Federal Contract Tower,0,8,46,0,54,0,9,131,0,140,0,17,177,0,194,112,0,112,306
02/21/2004,SGR,TX,ASW,CE,Federal Contract Tower,0,1,26,0,27,0,0,192,0,192,0,1,218,0,219,210,0,210,429
02/22/2004,SGR,TX,ASW,CE,Federal Contract Tower,0,9,46,0,55,0,4,104,0,108,0,13,150,0,163,166,0,166,329
02/23/2004,SGR,TX,ASW,CE,Federal Contract Tower,0,5,37,0,42,0,4,4,0,8,0,9,41,0,50,10,0,10,60
02/24/2004,SGR,TX,ASW,CE,Federal Contract Tower,0,6,34,0,40,0,4,22,0,26,0,10,56,0,66,16,0,16,82
02/25/2004,SGR,TX,ASW,CE,Federal Contract Tower,0,7,58,0,65,0,12,23,0,35,0,19,81,0,100,20,0,20,120
02/26/2004,SGR,TX,ASW,CE,Federal Contract Tower,0,0,42,0,42,0,7,151,0,158,0,7,193,0,200,162,0,162,362
02/27/2004,SGR,TX,ASW,CE,Federal Contract Tower,0,3,38,0,41,0,9,151,1,161,0,12,189,1,202,146,0,146,348
02/28/2004,SGR,TX,ASW,CE,Federal Contract Tower,0,1,24,0,25,0,11,100,0,111,0,12,124,0,136,176,0,176,312
02/29/2004,SGR,TX,ASW,CE,Federal Contract Tower,0,6,44,0,50,0,6,20,0,26,0,12,64,0,76,36,0,36,112
03/01/2004,SGR,TX,ASW,CE,Federal Contract Tower,0,5,29,0,34,0,10,64,0,74,0,15,93,0,108,120,0,120,228
03/02/2004,SGR,TX,ASW,CE,Federal Contract Tower,0,0,59,0,59,0,2,16,0,18,0,2,75,0,77,26,0,26,103
03/03/2004,SGR,TX,ASW,CE,Federal Contract Tower,0,6,68,2,76,0,10,14,0,24,0,16,82,2,100,32,0,32,132
03/04/2004,SGR,TX,ASW,CE,Federal Contract Tower,0,5,34,0,39,0,11,3,0,14,0,16,37,0,53,4,0,4,57
03/05/2004,SGR,TX,ASW,CE,Federal Contract Tower,0,7,33,0,40,0,1,92,0,93,0,8,125,0,133,194,0,194,327
03/06/2004,SGR,TX,ASW,CE,Federal Contract Tower,0,4,21,0,25,0,8,123,0,131,0,12,144,0,156,142,0,142,298
03/07/2004,SGR,TX,ASW,CE,Federal Contract Tower,0,3,22,0,25,0,11,162,0,173,0,14,184,0,198,174,0,174,372
03/08/2004,SGR,TX,ASW,CE,Federal Contract Tower,0,8,45,0,53,0,3,78,0,81,0,11,123,0,134,78,0,78,212
03/09/2004,SGR,TX,ASW,CE,Federal Contract Tower,0,6,44,0,50,0,8,101,6,115,0,14,145,6,165,156,6,162,327
03/10/2004,SGR,TX,ASW,CE,Federal Contract Tower,0,8,56,2,66,0,15,89,0,104,0,23,145,2,170,114,0,114,284
03/11/2004,SGR,TX,ASW,CE,Federal Contract Tower,0,14,58,0,72,0,11,94,0,105,0,25,152,0,177,186,0,186,363
03/12/2004,SGR,TX,ASW,CE,Federal Contract Tower,0,10,44,0,54,0,7,99,0,106,0,17,143,0,160,174,0,174,334
03/13/2004,SGR,TX,ASW,CE,Federal Contract Tower,0,7,35,0,42,0,6,31,0,37,0,13,66,0,79,46,0,46,125
03/14/2004,SGR,TX,ASW,CE,Federal Contract Tower,0,5,38,0,43,0,6,0,0,6,0,11,38,0,49,0,0,0,49
03/15/2004,SGR,TX,ASW,CE,Federal Contract Tower,0,4,61,0,65,0,11,31,0,42,0,15,92,0,107,68,0,68,175
03/16/2004,SGR,TX,ASW,CE,Federal Contract Tower,0,5,69,0,74,0,3,82,0,85,0,8,151,0,159,198,0,198,357
03/17/2004,SGR,TX,ASW,CE,Federal Contract Tower,0,2,50,0,52,0,11,101,0,112,0,13,151,0,164,104,0,104,268
03/18/2004,SGR,TX,ASW,CE,Federal Contract Tower,0,15,48,0,63,0,4,86,2,92,0,19,134,2,155,170,2,172,327
03/19/2004,SGR,TX,ASW,CE,Federal Contract Tower,0,10,52,0,62,0,13,81,0,94,0,23,133,0,156,226,0,226,382
03/20/2004,SGR,TX,ASW,CE,Federal Contract Tower,0,9,34,0,43,0,8,129,0,137,0,17,163,0,180,296,0,296,476
03/21/2004,SGR,TX,ASW,CE,Federal Contract Tower,0,13,30,0,43,0,5,72,0,77,0,18,102,0,120,96,0,96,216
03/22/2004,SGR,TX,ASW,CE,Federal Contract Tower,0,2,27,0,29,0,8,86,0,94,0,10,113,0,123,146,0,146,269
03/23/2004,SGR,TX,ASW,CE,Federal Contract Tower,0,3,38,0,41,0,13,85,2,100,0,16,123,2,141,152,6,158,299
03/24/2004,SGR,TX,ASW,CE,Federal Contract Tower,0,8,63,0,71,0,7,44,0,51,0,15,107,0,122,66,0,66,188
03/25/2004,SGR,TX,ASW,CE,Federal Contract Tower,0,5,71,0,76,0,5,67,1,73,0,10,138,1,149,88,0,88,237
03/26/2004,SGR,TX,ASW,CE,Federal Contract Tower,0,7,33,0,40,0,0,59,0,59,0,7,92,0,99,100,0,100,199
03/27/2004,SGR,TX,ASW,CE,Federal Contract Tower,0,6,29,0,35,0,8,76,0,84,0,14,105,0,119,124,0,124,243
03/28/2004,SGR,TX,ASW,CE,Federal Contract Tower,0,1,37,0,38,0,5,98,0,103,0,6,135,0,141,116,0,116,257
03/29/2004,SGR,TX,ASW,CE,Federal Contract Tower,0,1,41,0,42,0,7,46,0,53,0,8,87,0,95,78,0,78,173
03/30/2004,SGR,TX,ASW,CE,Federal Contract Tower,0,11,34,0,45,0,10,134,0,144,0,21,168,0,189,202,0,202,391
03/31/2004,SGR,TX,ASW,CE,Federal Contract Tower,0,3,31,0,34,0,22,152,0,174,0,25,183,0,208,178,0,178,386
04/01/2004,SGR,TX,ASW,CE,Federal Contract Tower,0,8,32,0,40,0,11,112,2,125,0,19,144,2,165,150,0,150,315
04/02/2004,SGR,TX,ASW,CE,Federal Contract Tower,0,9,26,0,35,0,6,80,0,86,0,15,106,0,121,188,0,188,309
04/03/2004,SGR,TX,ASW,CE,Federal Contract Tower,0,4,20,0,24,0,11,126,0,137,0,15,146,0,161,234,0,234,395
04/04/2004,SGR,TX,ASW,CE,Federal Contract Tower,0,7,30,0,37,0,0,76,0,76,0,7,106,0,113,114,0,114,227
04/05/2004,SGR,TX,ASW,CE,Federal Contract Tower,0,2,21,0,23,0,3,72,0,75,0,5,93,0,98,120,4,124,222
04/06/2004,SGR,TX,ASW,CE,Federal Contract Tower,0,1,50,0,51,0,4,28,0,32,0,5,78,0,83,42,0,42,125
04/07/2004,SGR,TX,ASW,CE,Federal Contract Tower,0,14,66,0,80,0,3,86,2,91,0,17,152,2,171,90,0,90,261
04/08/2004,SGR,TX,ASW,CE,Federal Contract Tower,0,2,59,0,61,0,7,131,4,142,0,9,190,4,203,176,8,184,387
04/09/2004,SGR,TX,ASW,CE,Federal Contract Tower,0,5,29,0,34,0,10,151,0,161,0,15,180,0,195,238,0,238,433
04/10/2004,SGR,TX,ASW,CE,Federal Contract Tower,0,0,29,0,29,0,3,65,0,68,0,3,94,0,97,140,0,140,237
04/11/2004,SGR,TX,ASW,CE,Federal Contract Tower,0,4,31,0,35,0,3,0,0,3,0,7,31,0,38,4,0,4,42
04/12/2004,SGR,TX,ASW,CE,Federal Contract Tower,0,8,55,0,63,0,0,23,0,23,0,8,78,0,86,30,0,30,116
04/13/2004,SGR,TX,ASW,CE,Federal Contract Tower,0,11,47,0,58,0,9,88,0,97,0,20,135,0,155,54,0,54,209
04/14/2004,SGR,TX,ASW,CE,Federal Contract Tower,0,8,67,0,75,0,3,120,0,123,0,11,187,0,198,178,0,178,376
04/15/2004,SGR,TX,ASW,CE,Federal Contract Tower,0,12,38,0,50,0,10,121,1,132,0,22,159,1,182,178,2,180,362
04/16/2004,SGR,TX,ASW,CE,Federal Contract Tower,0,9,48,0,57,0,13,129,0,142,0,22,177,0,199,170,0,170,369
04/17/2004,SGR,TX,ASW,CE,Federal Contract Tower,0,5,21,0,26,0,9,124,1,134,0,14,145,1,160,244,2,246,406
04/18/2004,SGR,TX,ASW,CE,Federal Contract Tower,0,6,38,0,44,0,8,89,0,97,0,14,127,0,141,94,0,94,235
04/19/2004,SGR,TX,ASW,CE,Federal Contract Tower,0,7,43,0,50,0,3,64,0,67,0,10,107,0,117,110,0,110,227
04/20/2004,SGR,TX,ASW,CE,Federal Contract Tower,0,8,42,0,50,0,13,47,0,60,0,21,89,0,110,102,2,104,214
04/21/2004,SGR,TX,ASW,CE,Federal Contract Tower,0,20,48,0,68,0,8,90,0,98,0,28,138,0,166,140,0,140,306
04/22/2004,SGR,TX,ASW,CE,Federal Contract Tower,0,9,51,0,60,0,9,83,0,92,0,18,134,0,152,150,0,150,302
04/23/2004,SGR,TX,ASW,CE,Federal Contract Tower,0,9,58,0,67,0,10,58,0,68,0,19,116,0,135,84,6,90,225
04/24/2004,SGR,TX,ASW,CE,Federal Contract Tower,0,4,24,0,28,0,0,33,0,33,0,4,57,0,61,64,0,64,125
04/25/2004,SGR,TX,ASW,CE,Federal Contract Tower,0,12,40,0,52,0,7,11,0,18,0,19,51,0,70,18,0,18,88
04/26/2004,SGR,TX,ASW,CE,Federal Contract Tower,0,9,25,0,34,0,2,100,0,102,0,11,125,0,136,192,0,192,328
04/27/2004,SGR,TX,ASW,CE,Federal Contract Tower,0,5,72,0,77,0,13,91,2,106,0,18,163,2,183,194,0,194,377
04/28/2004,SGR,TX,ASW,CE,Federal Contract Tower,0,13,58,0,71,0,17,110,0,127,0,30,168,0,198,128,0,128,326
04/29/2004,SGR,TX,ASW,CE,Federal Contract Tower,0,3,56,0,59,0,12,70,0,82,0,15,126,0,141,160,0,160,301
04/30/2004,SGR,TX,ASW,CE,Federal Contract Tower,0,5,54,0,59,0,14,70,0,84,0,19,124,0,143,76,0,76,219
05/01/2004,SGR,TX,ASW,CE,Federal Contract Tower,0,4,15,0,19,0,3,1,0,4,0,7,16,0,23,14,0,14,37
05/02/2004,SGR,TX,ASW,CE,Federal Contract Tower,0,2,44,0,46,0,3,143,0,146,0,5,187,0,192,174,0,174,366
05/03/2004,SGR,TX,ASW,CE,Federal Contract Tower,0,4,22,0,26,0,14,119,0,133,0,18,141,0,159,218,0,218,377
05/04/2004,SGR,TX,ASW,CE,Federal Contract Tower,0,7,56,0,63,0,10,117,0,127,0,17,173,0,190,186,0,186,376
05/05/2004,SGR,TX,ASW,CE,Federal Contract Tower,0,4,53,0,57,0,8,106,0,114,0,12,159,0,171,102,0,102,273
05/06/2004,SGR,TX,ASW,CE,Federal Contract Tower,0,2,53,0,55,0,12,116,0,128,0,14,169,0,183,128,0,128,311
05/07/2004,SGR,TX,ASW,CE,Federal Contract Tower,0,5,48,0,53,0,6,99,0,105,0,11,147,0,158,120,0,120,278
05/08/2004,SGR,TX,ASW,CE,Federal Contract Tower,0,2,15,0,17,0,11,55,1,67,0,13,70,1,84,146,0,146,230
05/09/2004,SGR,TX,ASW,CE,Federal Contract Tower,0,2,44,0,46,0,0,74,0,74,0,2,118,0,120,120,0,120,240
05/10/2004,SGR,TX,ASW,CE,Federal Contract Tower,0,6,33,0,39,0,4,25,0,29,0,10,58,0,68,68,0,68,136
05/11/2004,SGR,TX,ASW,CE,Federal Contract Tower,0,3,40,0,43,0,8,9,6,23,0,11,49,6,66,20,10,30,96
05/12/2004,SGR,TX,ASW,CE,Federal Contract Tower,0,8,86,0,94,0,4,54,2,60,0,12,140,2,154,124,4,128,282
05/13/2004,SGR,TX,ASW,CE,Federal Contract Tower,0,4,40,0,44,0,0,12,0,12,0,4,52,0,56,18,0,18,74
05/14/2004,SGR,TX,ASW,CE,Federal Contract Tower,0,3,53,0,56,0,1,43,0,44,0,4,96,0,100,50,0,50,150
05/15/2004,SGR,TX,ASW,CE,Federal Contract Tower,0,7,15,0,22,0,14,117,0,131,0,21,132,0,153,242,0,242,395
05/16/2004,SGR,TX,ASW,CE,Federal Contract Tower,0,5,26,0,31,0,2,122,0,124,0,7,148,0,155,154,0,154,309
05/17/2004,SGR,TX,ASW,CE,Federal Contract Tower,0,1,48,0,49,0,4,40,0,44,0,5,88,0,93,66,0,66,159
05/18/2004,SGR,TX,ASW,CE,Federal Contract Tower,0,8,43,0,51,0,7,59,0,66,0,15,102,0,117,50,0,50,167
05/19/2004,SGR,TX,ASW,CE,Federal Contract Tower,0,2,61,0,63,0,5,90,0,95,0,7,151,0,158,130,2,132,290
05/20/2004,SGR,TX,ASW,CE,Federal Contract Tower,0,2,39,0,41,0,5,100,0,105,0,7,139,0,146,176,0,176,322
05/21/2004,SGR,TX,ASW,CE,Federal Contract Tower,0,3,40,0,43,0,3,107,2,112,0,6,147,2,155,156,0,156,311
05/22/2004,SGR,TX,ASW,CE,Federal Contract Tower,0,3,27,0,30,0,14,132,0,146,0,17,159,0,176,184,0,184,360
05/23/2004,SGR,TX,ASW,CE,Federal Contract Tower,0,7,29,0,36,0,2,108,0,110,0,9,137,0,146,112,0,112,258
05/24/2004,SGR,TX,ASW,CE,Federal Contract Tower,0,5,37,0,42,0,8,81,0,89,0,13,118,0,131,194,0,194,325
05/25/2004,SGR,TX,ASW,CE,Federal Contract Tower,0,1,40,0,41,0,10,73,0,83,0,11,113,0,124,116,0,116,240
05/26/2004,SGR,TX,ASW,CE,Federal Contract Tower,0,1,49,2,52,0,15,87,0,102,0,16,136,2,154,88,0,88,242
05/27/2004,SGR,TX,ASW,CE,Federal Contract Tower,0,7,74,0,81,0,8,111,0,119,0,15,185,0,200,164,0,164,364
05/28/2004,SGR,TX,ASW,CE,Federal Contract Tower,0,8,51,0,59,0,11,75,0,86,0,19,126,0,145,106,0,106,251
05/29/2004,SGR,TX,ASW,CE,Federal Contract Tower,0,2,22,0,24,0,12,78,0,90,0,14,100,0,114,106,2,108,222
05/30/2004,SGR,TX,ASW,CE,Federal Contract Tower,0,1,23,0,24,0,6,25,0,31,0,7,48,0,55,50,0,50,105
05/31/2004,SGR,TX,ASW,CE,Federal Contract Tower,0,4,43,0,47,0,7,67,2,76,0,11,110,2,123,174,4,178,301
06/01/2004,SGR,TX,ASW,CE,Federal Contract Tower,0,5,29,0,34,0,13,65,2,80,0,18,94,2,114,154,0,154,268
06/02/2004,SGR,TX,ASW,CE,Federal Contract Tower,0,7,50,0,57,0,11,88,2,101,0,18,138,2,158,108,0,108,266
06/03/2004,SGR,TX,ASW,CE,Federal Contract Tower,0,6,41,0,47,0,15,87,0,102,0,21,128,0,149,154,0,154,303
06/04/2004,SGR,TX,ASW,CE,Federal Contract Tower,0,6,50,1,57,0,12,83,1,96,0,18,133,2,153,156,0,156,309
06/05/2004,SGR,TX,ASW,CE,Federal Contract Tower,0,3,26,0,29,0,15,96,0,111,0,18,122,0,140,246,0,246,386
06/06/2004,SGR,TX,ASW,CE,Federal Contract Tower,0,5,39,0,44,0,9,90,0,99,0,14,129,0,143,98,0,98,241
06/07/2004,SGR,TX,ASW,CE,Federal Contract Tower,0,5,43,0,48,0,17,62,0,79,0,22,105,0,127,168,0,168,295
06/08/2004,SGR,TX,ASW,CE,Federal Contract Tower,0,1,11,0,12,0,7,2,0,9,0,8,13,0,21,26,0,26,47
06/09/2004,SGR,TX,ASW,CE,Federal Contract Tower,0,4,32,0,36,0,11,56,0,67,0,15,88,0,103,82,0,82,185
06/10/2004,SGR,TX,ASW,CE,Federal Contract Tower,0,5,42,0,47,0,14,98,0,112,0,19,140,0,159,212,0,212,371
06/11/2004,SGR,TX,ASW,CE,Federal Contract Tower,0,4,36,0,40,0,17,118,0,135,0,21,154,0,175,160,0,160,335
06/12/2004,SGR,TX,ASW,CE,Federal Contract Tower,0,2,19,0,21,0,5,104,0,109,0,7,123,0,130,136,4,140,270
06/13/2004,SGR,TX,ASW,CE,Federal Contract Tower,0,6,55,0,61,0,0,154,0,154,0,6,209,0,215,204,0,204,419
06/14/2004,SGR,TX,ASW,CE,Federal Contract Tower,0,5,40,0,45,0,8,102,0,110,0,13,142,0,155,80,0,80,235
06/15/2004,SGR,TX,ASW,CE,Federal Contract Tower,0,4,33,0,37,0,18,37,0,55,0,22,70,0,92,84,0,84,176
06/16/2004,SGR,TX,ASW,CE,Federal Contract Tower,0,7,53,0,60,0,2,40,2,44,0,9,93,2,104,56,0,56,160
06/17/2004,SGR,TX,ASW,CE,Federal Contract Tower,0,6,46,0,52,0,15,96,0,111,0,21,142,0,163,160,0,160,323
06/18/2004,SGR,TX,ASW,CE,Federal Contract Tower,0,7,58,0,65,0,10,135,0,145,0,17,193,0,210,172,0,172,382
06/19/2004,SGR,TX,ASW,CE,Federal Contract Tower,0,2,15,0,17,0,2,111,0,113,0,4,126,0,130,190,0,190,320
06/20/2004,SGR,TX,ASW,CE,Federal Contract Tower,0,4,34,0,38,0,13,118,0,131,0,17,152,0,169,154,0,154,323
06/21/2004,SGR,TX,ASW,CE,Federal Contract Tower,0,6,50,0,56,0,7,82,0,89,0,13,132,0,145,150,4,154,299
06/22/2004,SGR,TX,ASW,CE,Federal Contract Tower,0,5,37,0,42,0,5,56,0,61,0,10,93,0,103,62,0,62,165
06/23/2004,SGR,TX,ASW,CE,Federal Contract Tower,0,5,44,0,49,0,14,18,0,32,0,19,62,0,81,68,0,68,149
06/24/2004,SGR,TX,ASW,CE,Federal Contract Tower,0,7,56,0,63,0,8,19,4,31,0,15,75,4,94,38,0,38,132
06/25/2004,SGR,TX,ASW,CE,Federal Contract Tower,0,6,49,0,55,0,0,17,0,17,0,6,66,0,72,24,0,24,96
06/26/2004,SGR,TX,ASW,CE,Federal Contract Tower,0,2,18,0,20,0,4,48,0,52,0,6,66,0,72,180,0,180,252
06/27/2004,SGR,TX,ASW,CE,Federal Contract Tower,0,5,45,0,50,0,6,33,0,39,0,11,78,0,89,72,0,72,161
06/28/2004,SGR,TX,ASW,CE,Federal Contract Tower,0,5,37,0,42,0,10,58,0,68,0,15,95,0,110,190,0,190,300
06/29/2004,SGR,TX,ASW,CE,Federal Contract Tower,0,5,39,0,44,0,7,50,0,57,0,12,89,0,101,92,0,92,193
06/30/2004,SGR,TX,ASW,CE,Federal Contract Tower,0,4,34,0,38,0,11,25,2,38,0,15,59,2,76,36,0,36,112
07/01/2004,SGR,TX,ASW,CE,Federal Contract Tower,0,7,43,0,50,0,5,130,0,135,0,12,173,0,185,158,0,158,343
07/02/2004,SGR,TX,ASW,CE,Federal Contract Tower,0,5,41,0,46,0,22,104,0,126,0,27,145,0,172,180,0,180,352
07/03/2004,SGR,TX,ASW,CE,Federal Contract Tower,0,3,23,0,26,0,1,129,0,130,0,4,152,0,156,190,0,190,346
07/04/2004,SGR,TX,ASW,CE,Federal Contract Tower,0,1,9,1,11,0,11,73,1,85,0,12,82,2,96,56,12,68,164
07/05/2004,SGR,TX,ASW,CE,Federal Contract Tower,0,4,34,0,38,0,1,79,0,80,0,5,113,0,118,122,0,122,240
07/06/2004,SGR,TX,ASW,CE,Federal Contract Tower,0,5,36,0,41,0,12,58,0,70,0,17,94,0,111,138,0,138,249
07/07/2004,SGR,TX,ASW,CE,Federal Contract Tower,0,7,53,0,60,0,20,72,0,92,0,27,125,0,152,114,2,116,268
07/08/2004,SGR,TX,ASW,CE,Federal Contract Tower,0,4,42,1,47,0,0,97,1,98,0,4,139,2,145,78,0,78,223
07/09/2004,SGR,TX,ASW,CE,Federal Contract Tower,0,5,40,1,46,0,12,99,1,112,0,17,139,2,158,142,2,144,302
07/10/2004,SGR,TX,ASW,CE,Federal Contract Tower,0,3,21,1,25,0,3,98,1,102,0,6,119,2,127,144,0,144,271
07/11/2004,SGR,TX,ASW,CE,Federal Contract Tower,0,4,34,0,38,0,1,85,0,86,0,5,119,0,124,120,0,120,244
07/12/2004,SGR,TX,ASW,CE,Federal Contract Tower,0,4,28,1,33,0,11,85,1,97,0,15,113,2,130,194,2,196,326
07/13/2004,SGR,TX,ASW,CE,Federal Contract Tower,0,6,45,0,51,0,10,93,0,103,0,16,138,0,154,142,2,144,298
07/14/2004,SGR,TX,ASW,CE,Federal Contract Tower,0,6,58,0,64,0,0,133,0,133,0,6,191,0,197,250,0,250,447
07/15/2004,SGR,TX,ASW,CE,Federal Contract Tower,0,4,30,0,34,0,6,109,1,116,0,10,139,1,150,130,0,130,280
07/16/2004,SGR,TX,ASW,CE,Federal Contract Tower,0,4,29,0,33,0,0,121,0,121,0,4,150,0,154,194,0,194,348
07/17/2004,SGR,TX,ASW,CE,Federal Contract Tower,0,2,21,0,23,0,4,124,0,128,0,6,145,0,151,196,0,196,347
07/18/2004,SGR,TX,ASW,CE,Federal Contract Tower,0,3,29,0,32,0,4,75,0,79,0,7,104,0,111,90,0,90,201
07/19/2004,SGR,TX,ASW,CE,Federal Contract Tower,0,3,22,0,25,0,8,92,0,100,0,11,114,0,125,188,0,188,313
07/20/2004,SGR,TX,ASW,CE,Federal Contract Tower,0,4,31,0,35,0,26,84,0,110,0,30,115,0,145,190,2,192,337
07/21/2004,SGR,TX,ASW,CE,Federal Contract Tower,0,7,50,0,57,0,11,90,0,101,0,18,140,0,158,138,0,138,296
07/22/2004,SGR,TX,ASW,CE,Federal Contract Tower,0,7,54,0,61,0,8,91,2,101,0,15,145,2,162,100,2,102,264
07/23/2004,SGR,TX,ASW,CE,Federal Contract Tower,0,6,49,0,55,0,9,116,2,127,0,15,165,2,182,138,2,140,322
07/24/2004,SGR,TX,ASW,CE,Federal Contract Tower,0,2,19,0,21,0,9,106,0,115,0,11,125,0,136,210,0,210,346
07/25/2004,SGR,TX,ASW,CE,Federal Contract Tower,0,4,33,0,37,0,8,90,0,98,0,12,123,0,135,120,0,120,255
07/26/2004,SGR,TX,ASW,CE,Federal Contract Tower,0,5,37,0,42,0,5,62,0,67,0,10,99,0,109,82,2,84,193
07/27/2004,SGR,TX,ASW,CE,Federal Contract Tower,0,4,30,0,34,0,11,80,2,93,0,15,110,2,127,138,0,138,265
07/28/2004,SGR,TX,ASW,CE,Federal Contract Tower,0,7,52,0,59,0,10,79,0,89,0,17,131,0,148,130,0,130,278
07/29/2004,SGR,TX,ASW,CE,Federal Contract Tower,0,4,33,0,37,0,6,66,0,72,0,10,99,0,109,80,2,82,191
07/30/2004,SGR,TX,ASW,CE,Federal Contract Tower,0,6,46,0,52,0,14,80,6,100,0,20,126,6,152,114,0,114,266
07/31/2004,SGR,TX,ASW,CE,Federal Contract Tower,0,4,29,0,33,0,23,115,2,140,0,27,144,2,173,162,0,162,335
08/01/2004,SGR,TX,ASW,CE,Federal Contract Tower,0,5,32,0,37,0,10,121,0,131,0,15,153,0,168,96,0,96,264
08/02/2004,SGR,TX,ASW,CE,Federal Contract Tower,0,5,32,0,37,0,10,65,0,75,0,15,97,0,112,160,0,160,272
08/03/2004,SGR,TX,ASW,CE,Federal Contract Tower,0,5,34,0,39,0,10,78,0,88,0,15,112,0,127,176,4,180,307
08/04/2004,SGR,TX,ASW,CE,Federal Contract Tower,0,5,31,0,36,0,5,97,0,102,0,10,128,0,138,112,0,112,250
08/05/2004,SGR,TX,ASW,CE,Federal Contract Tower,0,5,37,0,42,0,4,115,0,119,0,9,152,0,161,112,0,112,273
08/06/2004,SGR,TX,ASW,CE,Federal Contract Tower,0,6,38,0,44,0,4,88,2,94,0,10,126,2,138,102,0,102,240
08/07/2004,SGR,TX,ASW,CE,Federal Contract Tower,0,5,32,0,37,0,20,103,0,123,0,25,135,0,160,120,0,120,280
08/08/2004,SGR,TX,ASW,CE,Federal Contract Tower,0,4,22,0,26,0,6,116,0,122,0,10,138,0,148,156,0,156,304
08/09/2004,SGR,TX,ASW,CE,Federal Contract Tower,0,5,36,0,41,0,16,64,0,80,0,21,100,0,121,156,0,156,277
08/10/2004,SGR,TX,ASW,CE,Federal Contract Tower,0,4,28,0,32,0,7,57,0,64,0,11,85,0,96,126,2,128,224
08/11/2004,SGR,TX,ASW,CE,Federal Contract Tower,0,5,35,0,40,0,9,85,0,94,0,14,120,0,134,102,0,102,236
08/12/2004,SGR,TX,ASW,CE,Federal Contract Tower,0,6,40,0,46,0,9,98,0,107,0,15,138,0,153,98,0,98,251
08/13/2004,SGR,TX,ASW,CE,Federal Contract Tower,0,6,46,0,52,0,3,144,0,147,0,9,190,0,199,190,2,192,391
08/14/2004,SGR,TX,ASW,CE,Federal Contract Tower,0,3,23,0,26,0,7,104,0,111,0,10,127,0,137,174,0,174,311
08/15/2004,SGR,TX,ASW,CE,Federal Contract Tower,0,4,32,0,36,0,9,116,0,125,0,13,148,0,161,148,0,148,309
08/16/2004,SGR,TX,ASW,CE,Federal Contract Tower,0,4,36,0,40,0,5,75,0,80,0,9,111,0,120,126,2,128,248
08/17/2004,SGR,TX,ASW,CE,Federal Contract Tower,0,6,54,0,60,0,12,71,0,83,0,18,125,0,143,164,2,166,309
08/18/2004,SGR,TX,ASW,CE,Federal Contract Tower,0,6,54,0,60,0,7,30,0,37,0,13,84,0,97,106,2,108,205
08/19/2004,SGR,TX,ASW,CE,Federal Contract Tower,0,3,25,0,28,0,4,73,0,77,0,7,98,0,105,106,0,106,211
08/20/2004,SGR,TX,ASW,CE,Federal Contract Tower,0,6,50,0,56,0,17,63,0,80,0,23,113,0,136,154,0,154,290
08/21/2004,SGR,TX,ASW,CE,Federal Contract Tower,0,2,23,0,25,0,13,58,0,71,0,15,81,0,96,148,0,148,244
08/22/2004,SGR,TX,ASW,CE,Federal Contract Tower,0,3,29,0,32,0,13,63,0,76,0,16,92,0,108,102,0,102,210
08/23/2004,SGR,TX,ASW,CE,Federal Contract Tower,0,4,31,0,35,0,6,88,0,94,0,10,119,0,129,114,2,116,245
08/24/2004,SGR,TX,ASW,CE,Federal Contract Tower,0,8,62,0,70,0,5,76,0,81,0,13,138,0,151,116,2,118,269
08/25/2004,SGR,TX,ASW,CE,Federal Contract Tower,0,4,35,0,39,0,18,68,0,86,0,22,103,0,125,126,4,130,255
08/26/2004,SGR,TX,ASW,CE,Federal Contract Tower,0,6,48,0,54,0,13,106,0,119,0,19,154,0,173,178,0,178,351
08/27/2004,SGR,TX,ASW,CE,Federal Contract Tower,0,6,51,0,57,0,5,120,2,127,0,11,171,2,184,156,2,158,342
08/28/2004,SGR,TX,ASW,CE,Federal Contract Tower,0,4,38,0,42,0,1,89,0,90,0,5,127,0,132,98,0,98,230
08/29/2004,SGR,TX,ASW,CE,Federal Contract Tower,0,4,37,0,41,0,15,102,0,117,0,19,139,0,158,142,0,142,300
08/30/2004,SGR,TX,ASW,CE,Federal Contract Tower,0,4,39,0,43,0,11,57,0,68,0,15,96,0,111,116,0,116,227
08/31/2004,SGR,TX,ASW,CE,Federal Contract Tower,0,4,32,0,36,0,6,78,0,84,0,10,110,0,120,128,0,128,248
09/01/2004,SGR,TX,ASW,CE,Federal Contract Tower,0,6,33,0,39,0,18,87,2,107,0,24,120,2,146,130,4,134,280
09/02/2004,SGR,TX,ASW,CE,Federal Contract Tower,0,9,50,0,59,0,13,71,0,84,0,22,121,0,143,98,0,98,241
09/03/2004,SGR,TX,ASW,CE,Federal Contract Tower,0,10,55,0,65,0,1,80,1,82,0,11,135,1,147,112,0,112,259
09/04/2004,SGR,TX,ASW,CE,Federal Contract Tower,0,3,14,0,17,0,3,94,0,97,0,6,108,0,114,172,0,172,286
09/05/2004,SGR,TX,ASW,CE,Federal Contract Tower,0,0,11,0,11,0,0,47,0,47,0,0,58,0,58,96,0,96,154
09/06/2004,SGR,TX,ASW,CE,Federal Contract Tower,0,6,32,0,38,0,1,60,0,61,0,7,92,0,99,114,0,114,213
09/07/2004,SGR,TX,ASW,CE,Federal Contract Tower,0,8,41,0,49,0,5,65,0,70,0,13,106,0,119,114,0,114,233
09/08/2004,SGR,TX,ASW,CE,Federal Contract Tower,0,9,46,0,55,0,14,85,0,99,0,23,131,0,154,120,0,120,274
09/09/2004,SGR,TX,ASW,CE,Federal Contract Tower,0,7,37,0,44,0,13,120,6,139,0,20,157,6,183,162,6,168,351
09/10/2004,SGR,TX,ASW,CE,Federal Contract Tower,0,9,59,1,69,0,0,109,1,110,0,9,168,2,179,130,2,132,311
09/11/2004,SGR,TX,ASW,CE,Federal Contract Tower,0,4,26,1,31,0,18,83,3,104,0,22,109,4,135,164,0,164,299
09/12/2004,SGR,TX,ASW,CE,Federal Contract Tower,0,7,41,0,48,0,4,129,0,133,0,11,170,0,181,94,0,94,275
09/13/2004,SGR,TX,ASW,CE,Federal Contract Tower,0,6,36,0,42,0,8,67,0,75,0,14,103,0,117,102,0,102,219
09/14/2004,SGR,TX,ASW,CE,Federal Contract Tower,0,7,45,0,52,0,10,46,0,56,0,17,91,0,108,78,2,80,188
09/15/2004,SGR,TX,ASW,CE,Federal Contract Tower,0,7,43,0,50,0,4,55,0,59,0,11,98,0,109,74,0,74,183
09/16/2004,SGR,TX,ASW,CE,Federal Contract Tower,0,6,38,0,44,0,13,85,0,98,0,19,123,0,142,106,0,106,248
09/17/2004,SGR,TX,ASW,CE,Federal Contract Tower,0,6,36,0,42,0,7,90,0,97,0,13,126,0,139,90,0,90,229
09/18/2004,SGR,TX,ASW,CE,Federal Contract Tower,0,4,28,0,32,0,11,115,0,126,0,15,143,0,158,164,0,164,322
09/19/2004,SGR,TX,ASW,CE,Federal Contract Tower,0,6,40,0,46,0,7,108,0,115,0,13,148,0,161,132,0,132,293
09/20/2004,SGR,TX,ASW,CE,Federal Contract Tower,0,4,24,0,28,0,17,93,0,110,0,21,117,0,138,148,0,148,286
09/21/2004,SGR,TX,ASW,CE,Federal Contract Tower,0,7,41,0,48,0,9,90,0,99,0,16,131,0,147,110,0,110,257
09/22/2004,SGR,TX,ASW,CE,Federal Contract Tower,0,11,70,0,81,0,16,69,0,85,0,27,139,0,166,92,0,92,258
09/23/2004,SGR,TX,ASW,CE,Federal Contract Tower,0,6,39,0,45,0,3,90,0,93,0,9,129,0,138,110,0,110,248
09/24/2004,SGR,TX,ASW,CE,Federal Contract Tower,0,4,24,0,28,0,11,63,0,74,0,15,87,0,102,114,0,114,216
09/25/2004,SGR,TX,ASW,CE,Federal Contract Tower,0,5,32,0,37,0,7,40,0,47,0,12,72,0,84,38,0,38,122
09/26/2004,SGR,TX,ASW,CE,Federal Contract Tower,0,3,24,0,27,0,9,124,0,133,0,12,148,0,160,142,2,144,304
09/27/2004,SGR,TX,ASW,CE,Federal Contract Tower,0,3,22,0,25,0,8,69,0,77,0,11,91,0,102,102,0,102,204
09/28/2004,SGR,TX,ASW,CE,Federal Contract Tower,0,5,32,0,37,0,16,99,0,115,0,21,131,0,152,108,0,108,260
09/29/2004,SGR,TX,ASW,CE,Federal Contract Tower,0,8,50,0,58,0,11,77,0,88,0,19,127,0,146,100,0,100,246
09/30/2004,SGR,TX,ASW,CE,Federal Contract Tower,0,6,38,0,44,0,8,91,2,101,0,14,129,2,145,148,0,148,293
10/01/2004,SGR,TX,ASW,CE,Federal Contract Tower,0,8,35,0,43,0,8,107,2,117,0,16,142,2,160,158,4,162,322
10/02/2004,SGR,TX,ASW,CE,Federal Contract Tower,0,8,17,0,25,0,15,44,2,61,0,23,61,2,86,92,0,92,178
10/03/2004,SGR,TX,ASW,CE,Federal Contract Tower,0,7,35,0,42,0,2,112,0,114,0,9,147,0,156,180,0,180,336
10/04/2004,SGR,TX,ASW,CE,Federal Contract Tower,0,3,34,0,37,0,9,73,0,82,0,12,107,0,119,172,0,172,291
10/05/2004,SGR,TX,ASW,CE,Federal Contract Tower,0,4,38,0,42,0,7,56,0,63,0,11,94,0,105,70,0,70,175
10/06/2004,SGR,TX,ASW,CE,Federal Contract Tower,0,4,37,0,41,0,7,54,0,61,0,11,91,0,102,90,2,92,194
10/07/2004,SGR,TX,ASW,CE,Federal Contract Tower,0,6,14,0,20,0,4,32,0,36,0,10,46,0,56,46,0,46,102
10/08/2004,SGR,TX,ASW,CE,Federal Contract Tower,0,3,56,0,59,0,5,73,0,78,0,8,129,0,137,80,0,80,217
10/09/2004,SGR,TX,ASW,CE,Federal Contract Tower,0,0,22,0,22,0,14,49,0,63,0,14,71,0,85,136,0,136,221
10/10/2004,SGR,TX,ASW,CE,Federal Contract Tower,0,5,44,0,49,0,8,36,2,46,0,13,80,2,95,58,0,58,153
10/11/2004,SGR,TX,ASW,CE,Federal Contract Tower,0,0,44,0,44,0,3,68,0,71,0,3,112,0,115,102,0,102,217
10/12/2004,SGR,TX,ASW,CE,Federal Contract Tower,0,3,43,0,46,0,11,96,0,107,0,14,139,0,153,96,0,96,249
10/13/2004,SGR,TX,ASW,CE,Federal Contract Tower,0,7,56,0,63,0,4,40,0,44,0,11,96,0,107,60,0,60,167
10/14/2004,SGR,TX,ASW,CE,Federal Contract Tower,0,2,37,0,39,0,9,104,0,113,0,11,141,0,152,110,0,110,262
10/15/2004,SGR,TX,ASW,CE,Federal Contract Tower,0,7,36,0,43,0,16,158,0,174,0,23,194,0,217,230,0,230,447
10/16/2004,SGR,TX,ASW,CE,Federal Contract Tower,0,6,15,0,21,0,5,101,0,106,0,11,116,0,127,162,0,162,289
10/17/2004,SGR,TX,ASW,CE,Federal Contract Tower,0,7,54,0,61,0,4,84,2,90,0,11,138,2,151,92,0,92,243
10/18/2004,SGR,TX,ASW,CE,Federal Contract Tower,0,2,37,0,39,0,9,40,0,49,0,11,77,0,88,68,0,68,156
10/19/2004,SGR,TX,ASW,CE,Federal Contract Tower,0,0,38,0,38,0,4,76,0,80,0,4,114,0,118,94,0,94,212
10/20/2004,SGR,TX,ASW,CE,Federal Contract Tower,0,3,43,0,46,0,7,72,0,79,0,10,115,0,125,102,0,102,227
10/21/2004,SGR,TX,ASW,CE,Federal Contract Tower,0,8,56,0,64,0,2,71,0,73,0,10,127,0,137,92,0,92,229
10/22/2004,SGR,TX,ASW,CE,Federal Contract Tower,0,5,44,0,49,0,8,92,0,100,0,13,136,0,149,102,0,102,251
10/23/2004,SGR,TX,ASW,CE,Federal Contract Tower,0,7,26,0,33,0,8,41,0,49,0,15,67,0,82,76,0,76,158
10/24/2004,SGR,TX,ASW,CE,Federal Contract Tower,0,6,43,0,49,0,15,71,0,86,0,21,114,0,135,132,0,132,267
10/25/2004,SGR,TX,ASW,CE,Federal Contract Tower,0,18,34,0,52,0,9,50,0,59,0,27,84,0,111,122,0,122,233
10/26/2004,SGR,TX,ASW,CE,Federal Contract Tower,0,8,35,0,43,0,7,62,0,69,0,15,97,0,112,128,2,130,242
10/27/2004,SGR,TX,ASW,CE,Federal Contract Tower,0,6,41,0,47,0,4,90,0,94,0,10,131,0,141,90,2,92,233
10/28/2004,SGR,TX,ASW,CE,Federal Contract Tower,0,7,32,0,39,0,8,104,0,112,0,15,136,0,151,114,0,114,265
10/29/2004,SGR,TX,ASW,CE,Federal Contract Tower,0,7,63,0,70,0,1,79,0,80,0,8,142,0,150,116,0,116,266
10/30/2004,SGR,TX,ASW,CE,Federal Contract Tower,0,11,16,0,27,0,4,145,0,149,0,15,161,0,176,232,0,232,408
10/31/2004,SGR,TX,ASW,CE,Federal Contract Tower,0,4,20,0,24,0,9,75,0,84,0,13,95,0,108,98,0,98,206
11/01/2004,SGR,TX,ASW,CE,Federal Contract Tower,0,5,21,0,26,0,3,10,0,13,0,8,31,0,39,34,0,34,73
11/02/2004,SGR,TX,ASW,CE,Federal Contract Tower,0,4,49,0,53,0,6,21,0,27,0,10,70,0,80,36,0,36,116
11/03/2004,SGR,TX,ASW,CE,Federal Contract Tower,0,1,47,2,50,0,1,57,0,58,0,2,104,2,108,84,0,84,192
11/04/2004,SGR,TX,ASW,CE,Federal Contract Tower,0,7,43,0,50,0,8,120,0,128,0,15,163,0,178,150,0,150,328
11/05/2004,SGR,TX,ASW,CE,Federal Contract Tower,0,9,41,0,50,0,9,146,0,155,0,18,187,0,205,164,0,164,369
11/06/2004,SGR,TX,ASW,CE,Federal Contract Tower,0,6,11,0,17,0,13,145,0,158,0,19,156,0,175,228,2,230,405
11/07/2004,SGR,TX,ASW,CE,Federal Contract Tower,0,2,39,0,41,0,10,134,0,144,0,12,173,0,185,138,0,138,323
11/08/2004,SGR,TX,ASW,CE,Federal Contract Tower,0,1,25,2,28,0,13,49,0,62,0,14,74,2,90,76,0,76,166
11/09/2004,SGR,TX,ASW,CE,Federal Contract Tower,0,4,31,0,35,0,17,73,0,90,0,21,104,0,125,74,0,74,199
11/10/2004,SGR,TX,ASW,CE,Federal Contract Tower,0,3,47,0,50,0,4,66,0,70,0,7,113,0,120,98,8,106,226
11/11/2004,SGR,TX,ASW,CE,Federal Contract Tower,0,4,49,0,53,0,6,72,4,82,0,10,121,4,135,86,0,86,221
11/12/2004,SGR,TX,ASW,CE,Federal Contract Tower,0,8,66,0,74,0,10,90,0,100,0,18,156,0,174,120,0,120,294
11/13/2004,SGR,TX,ASW,CE,Federal Contract Tower,0,1,55,0,56,0,4,47,0,51,0,5,102,0,107,152,0,152,259
11/14/2004,SGR,TX,ASW,CE,Federal Contract Tower,0,6,50,0,56,0,9,24,0,33,0,15,74,0,89,28,0,28,117
11/15/2004,SGR,TX,ASW,CE,Federal Contract Tower,0,5,48,0,53,0,0,0,0,0,0,5,48,0,53,0,0,0,53
11/16/2004,SGR,TX,ASW,CE,Federal Contract Tower,0,7,35,0,42,0,3,6,0,9,0,10,41,0,51,6,0,6,57
11/17/2004,SGR,TX,ASW,CE,Federal Contract Tower,0,7,32,0,39,0,8,15,0,23,0,15,47,0,62,22,0,22,84
11/18/2004,SGR,TX,ASW,CE,Federal Contract Tower,0,4,42,0,46,0,5,79,0,84,0,9,121,0,130,104,0,104,234
11/19/2004,SGR,TX,ASW,CE,Federal Contract Tower,0,9,55,0,64,0,10,78,0,88,0,19,133,0,152,122,0,122,274
11/20/2004,SGR,TX,ASW,CE,Federal Contract Tower,0,5,16,0,21,0,9,8,0,17,0,14,24,0,38,10,0,10,48
11/21/2004,SGR,TX,ASW,CE,Federal Contract Tower,0,5,15,0,20,0,0,7,0,7,0,5,22,0,27,2,0,2,29
11/22/2004,SGR,TX,ASW,CE,Federal Contract Tower,0,4,21,0,25,0,4,18,0,22,0,8,39,0,47,10,0,10,57
11/23/2004,SGR,TX,ASW,CE,Federal Contract Tower,0,8,35,0,43,0,11,22,0,33,0,19,57,0,76,42,0,42,118
11/24/2004,SGR,TX,ASW,CE,Federal Contract Tower,0,5,57,0,62,0,5,86,0,91,0,10,143,0,153,66,0,66,219
11/25/2004,SGR,TX,ASW,CE,Federal Contract Tower,0,2,10,0,12,0,9,44,0,53,0,11,54,0,65,68,0,68,133
11/26/2004,SGR,TX,ASW,CE,Federal Contract Tower,0,3,28,0,31,0,1,98,0,99,0,4,126,0,130,176,0,176,306
11/27/2004,SGR,TX,ASW,CE,Federal Contract Tower,0,6,29,0,35,0,9,97,0,106,0,15,126,0,141,88,0,88,229
11/28/2004,SGR,TX,ASW,CE,Federal Contract Tower,0,10,57,0,67,0,4,106,0,110,0,14,163,0,177,124,0,124,301
11/29/2004,SGR,TX,ASW,CE,Federal Contract Tower,0,1,35,0,36,0,7,26,0,33,0,8,61,0,69,98,0,98,167
11/30/2004,SGR,TX,ASW,CE,Federal Contract Tower,0,4,21,0,25,0,15,32,0,47,0,19,53,0,72,46,0,46,118
12/01/2004,SGR,TX,ASW,CE,Federal Contract Tower,0,8,41,0,49,0,7,104,0,111,0,15,145,0,160,106,0,106,266
12/02/2004,SGR,TX,ASW,CE,Federal Contract Tower,0,8,29,0,37,0,10,88,2,100,0,18,117,2,137,100,2,102,239
12/03/2004,SGR,TX,ASW,CE,Federal Contract Tower,0,2,38,0,40,0,6,96,2,104,0,8,134,2,144,98,2,100,244
12/04/2004,SGR,TX,ASW,CE,Federal Contract Tower,0,4,32,0,36,0,4,90,0,94,0,8,122,0,130,128,0,128,258
12/05/2004,SGR,TX,ASW,CE,Federal Contract Tower,0,11,34,0,45,0,12,38,0,50,0,23,72,0,95,52,0,52,147
12/06/2004,SGR,TX,ASW,CE,Federal Contract Tower,0,0,40,0,40,0,4,6,0,10,0,4,46,0,50,0,0,0,50
12/07/2004,SGR,TX,ASW,CE,Federal Contract Tower,0,12,43,0,55,0,9,74,0,83,0,21,117,0,138,136,0,136,274
12/08/2004,SGR,TX,ASW,CE,Federal Contract Tower,0,3,55,0,58,0,6,64,0,70,0,9,119,0,128,140,0,140,268
12/09/2004,SGR,TX,ASW,CE,Federal Contract Tower,0,6,40,0,46,0,7,96,0,103,0,13,136,0,149,46,0,46,195
12/10/2004,SGR,TX,ASW,CE,Federal Contract Tower,0,7,28,4,39,0,9,107,0,116,0,16,135,4,155,98,0,98,253
12/11/2004,SGR,TX,ASW,CE,Federal Contract Tower,0,1,22,0,23,0,12,138,0,150,0,13,160,0,173,202,0,202,375
12/12/2004,SGR,TX,ASW,CE,Federal Contract Tower,0,4,37,0,41,0,13,92,0,105,0,17,129,0,146,138,0,138,284
12/13/2004,SGR,TX,ASW,CE,Federal Contract Tower,0,2,22,0,24,0,11,69,0,80,0,13,91,0,104,90,0,90,194
12/14/2004,SGR,TX,ASW,CE,Federal Contract Tower,0,4,42,0,46,0,16,63,0,79,0,20,105,0,125,122,0,122,247
12/15/2004,SGR,TX,ASW,CE,Federal Contract Tower,0,7,38,2,47,0,5,87,1,93,0,12,125,3,140,78,2,80,220
12/16/2004,SGR,TX,ASW,CE,Federal Contract Tower,0,15,44,0,59,0,1,3,0,4,0,16,47,0,63,0,0,0,63
12/17/2004,SGR,TX,ASW,CE,Federal Contract Tower,0,9,63,0,72,0,7,101,0,108,0,16,164,0,180,206,0,206,386
12/18/2004,SGR,TX,ASW,CE,Federal Contract Tower,0,3,28,0,31,0,4,122,0,126,0,7,150,0,157,104,0,104,261
12/19/2004,SGR,TX,ASW,CE,Federal Contract Tower,0,4,27,0,31,0,4,124,0,128,0,8,151,0,159,164,0,164,323
12/20/2004,SGR,TX,ASW,CE,Federal Contract Tower,0,6,36,0,42,0,9,70,0,79,0,15,106,0,121,80,0,80,201
12/21/2004,SGR,TX,ASW,CE,Federal Contract Tower,0,4,42,0,46,0,5,71,0,76,0,9,113,0,122,82,0,82,204
12/22/2004,SGR,TX,ASW,CE,Federal Contract Tower,0,11,25,0,36,0,4,14,0,18,0,15,39,0,54,4,2,6,60
12/23/2004,SGR,TX,ASW,CE,Federal Contract Tower,0,4,30,0,34,0,13,53,0,66,0,17,83,0,100,42,0,42,142
12/24/2004,SGR,TX,ASW,CE,Federal Contract Tower,0,0,3,0,3,0,8,32,0,40,0,8,35,0,43,50,0,50,93
12/25/2004,SGR,TX,ASW,CE,Federal Contract Tower,0,5,7,0,12,0,0,13,0,13,0,5,20,0,25,12,0,12,37
12/26/2004,SGR,TX,ASW,CE,Federal Contract Tower,0,5,28,0,33,0,3,77,0,80,0,8,105,0,113,114,0,114,227
12/27/2004,SGR,TX,ASW,CE,Federal Contract Tower,0,4,38,0,42,0,7,70,0,77,0,11,108,0,119,114,0,114,233
12/28/2004,SGR,TX,ASW,CE,Federal Contract Tower,0,4,28,0,32,0,4,66,0,70,0,8,94,0,102,124,0,124,226
12/29/2004,SGR,TX,ASW,CE,Federal Contract Tower,0,3,45,0,48,0,7,82,0,89,0,10,127,0,137,172,0,172,309
12/30/2004,SGR,TX,ASW,CE,Federal Contract Tower,0,1,45,0,46,0,9,80,0,89,0,10,125,0,135,136,0,136,271
12/31/2004,SGR,TX,ASW,CE,Federal Contract Tower,0,2,26,0,28,0,6,59,0,65,0,8,85,0,93,140,0,140,233
01/01/2005,SGR,TX,ASW,CE,Federal Contract Tower,0,3,18,0,21,0,5,28,0,33,0,8,46,0,54,78,0,78,132
01/02/2005,SGR,TX,ASW,CE,Federal Contract Tower,0,1,59,0,60,0,3,12,0,15,0,4,71,0,75,30,0,30,105
01/03/2005,SGR,TX,ASW,CE,Federal Contract Tower,0,6,24,0,30,0,6,21,0,27,0,12,45,0,57,36,0,36,93
01/04/2005,SGR,TX,ASW,CE,Federal Contract Tower,0,6,70,0,76,0,2,27,0,29,0,8,97,0,105,78,0,78,183
01/05/2005,SGR,TX,ASW,CE,Federal Contract Tower,0,7,50,0,57,0,2,36,0,38,0,9,86,0,95,62,0,62,157
01/06/2005,SGR,TX,ASW,CE,Federal Contract Tower,0,4,42,0,46,0,10,42,0,52,0,14,84,0,98,82,0,82,180
01/07/2005,SGR,TX,ASW,CE,Federal Contract Tower,0,3,61,0,64,0,2,3,0,5,0,5,64,0,69,0,0,0,69
01/08/2005,SGR,TX,ASW,CE,Federal Contract Tower,0,0,30,0,30,0,11,156,0,167,0,11,186,0,197,240,0,240,437
01/09/2005,SGR,TX,ASW,CE,Federal Contract Tower,0,3,42,0,45,0,5,114,0,119,0,8,156,0,164,134,0,134,298
01/10/2005,SGR,TX,ASW,CE,Federal Contract Tower,0,6,49,0,55,0,4,37,0,41,0,10,86,0,96,76,0,76,172
01/11/2005,SGR,TX,ASW,CE,Federal Contract Tower,0,8,43,0,51,0,2,42,0,44,0,10,85,0,95,116,0,116,211
01/12/2005,SGR,TX,ASW,CE,Federal Contract Tower,0,5,38,0,43,0,8,31,0,39,0,13,69,0,82,52,0,52,134
01/13/2005,SGR,TX,ASW,CE,Federal Contract Tower,0,7,36,0,43,0,7,57,0,64,0,14,93,0,107,70,0,70,177
01/14/2005,SGR,TX,ASW,CE,Federal Contract Tower,0,5,34,0,39,0,4,115,0,119,0,9,149,0,158,182,0,182,340
01/15/2005,SGR,TX,ASW,CE,Federal Contract Tower,0,3,20,0,23,0,16,165,0,181,0,19,185,0,204,230,0,230,434
01/16/2005,SGR,TX,ASW,CE,Federal Contract Tower,0,2,32,0,34,0,6,133,0,139,0,8,165,0,173,206,0,206,379
01/17/2005,SGR,TX,ASW,CE,Federal Contract Tower,0,0,38,0,38,0,4,71,0,75,0,4,109,0,113,150,2,152,265
01/18/2005,SGR,TX,ASW,CE,Federal Contract Tower,0,3,41,0,44,0,12,54,0,66,0,15,95,0,110,144,0,144,254
01/19/2005,SGR,TX,ASW,CE,Federal Contract Tower,0,4,47,0,51,0,5,83,0,88,0,9,130,0,139,126,0,126,265
01/20/2005,SGR,TX,ASW,CE,Federal Contract Tower,0,12,29,0,41,0,6,44,0,50,0,18,73,0,91,44,0,44,135
01/21/2005,SGR,TX,ASW,CE,Federal Contract Tower,0,3,41,0,44,0,9,68,0,77,0,12,109,0,121,98,0,98,219
01/22/2005,SGR,TX,ASW,CE,Federal Contract Tower,0,4,29,0,33,0,8,40,0,48,0,12,69,0,81,90,0,90,171
01/23/2005,SGR,TX,ASW,CE,Federal Contract Tower,0,3,33,0,36,0,2,88,2,92,0,5,121,2,128,148,8,156,284
01/24/2005,SGR,TX,ASW,CE,Federal Contract Tower,0,4,19,0,23,0,4,87,0,91,0,8,106,0,114,174,0,174,288
01/25/2005,SGR,TX,ASW,CE,Federal Contract Tower,0,14,42,0,56,0,0,89,0,89,0,14,131,0,145,178,0,178,323
01/26/2005,SGR,TX,ASW,CE,Federal Contract Tower,0,0,64,0,64,0,5,78,0,83,0,5,142,0,147,108,0,108,255
01/27/2005,SGR,TX,ASW,CE,Federal Contract Tower,0,8,61,0,69,0,4,18,0,22,0,12,79,0,91,20,0,20,111
01/28/2005,SGR,TX,ASW,CE,Federal Contract Tower,0,13,37,0,50,0,14,25,0,39,0,27,62,0,89,32,0,32,121
01/29/2005,SGR,TX,ASW,CE,Federal Contract Tower,0,3,27,0,30,0,3,13,0,16,0,6,40,0,46,22,0,22,68
01/30/2005,SGR,TX,ASW,CE,Federal Contract Tower,0,6,54,0,60,0,8,16,0,24,0,14,70,0,84,28,0,28,112
01/31/2005,SGR,TX,ASW,CE,Federal Contract Tower,0,3,45,0,48,0,3,2,0,5,0,6,47,0,53,0,0,0,53
02/01/2005,SGR,TX,ASW,CE,Federal Contract Tower,0,3,28,0,31,0,0,8,0,8,0,3,36,0,39,0,0,0,39
02/02/2005,SGR,TX,ASW,CE,Federal Contract Tower,0,7,66,0,73,0,6,32,0,38,0,13,98,0,111,40,0,40,151
02/03/2005,SGR,TX,ASW,CE,Federal Contract Tower,0,8,41,0,49,0,5,92,0,97,0,13,133,0,146,134,0,134,280
02/04/2005,SGR,TX,ASW,CE,Federal Contract Tower,0,8,57,0,65,0,12,121,0,133,0,20,178,0,198,166,0,166,364
02/05/2005,SGR,TX,ASW,CE,Federal Contract Tower,0,2,29,0,31,0,1,97,0,98,0,3,126,0,129,184,0,184,313
02/06/2005,SGR,TX,ASW,CE,Federal Contract Tower,0,2,37,0,39,0,6,42,0,48,0,8,79,0,87,56,0,56,143
02/07/2005,SGR,TX,ASW,CE,Federal Contract Tower,0,4,63,0,67,0,3,7,0,10,0,7,70,0,77,8,0,8,85
02/08/2005,SGR,TX,ASW,CE,Federal Contract Tower,0,5,54,0,59,0,1,7,0,8,0,6,61,0,67,4,0,4,71
02/09/2005,SGR,TX,ASW,CE,Federal Contract Tower,0,1,48,2,51,0,5,32,0,37,0,6,80,2,88,44,0,44,132
02/10/2005,SGR,TX,ASW,CE,Federal Contract Tower,0,6,40,0,46,0,4,116,0,120,0,10,156,0,166,96,0,96,262
02/11/2005,SGR,TX,ASW,CE,Federal Contract Tower,0,10,46,2,58,0,5,103,0,108,0,15,149,2,166,132,0,132,298
02/12/2005,SGR,TX,ASW,CE,Federal Contract Tower,0,3,18,0,21,0,4,107,0,111,0,7,125,0,132,116,0,116,248
02/13/2005,SGR,TX,ASW,CE,Federal Contract Tower,0,2,29,0,31,0,8,16,0,24,0,10,45,0,55,50,0,50,105
02/14/2005,SGR,TX,ASW,CE,Federal Contract Tower,0,0,27,0,27,0,7,81,0,88,0,7,108,0,115,144,0,144,259
02/15/2005,SGR,TX,ASW,CE,Federal Contract Tower,0,2,48,0,50,0,9,52,0,61,0,11,100,0,111,102,0,102,213
02/16/2005,SGR,TX,ASW,CE,Federal Contract Tower,0,3,51,0,54,0,3,64,0,67,0,6,115,0,121,86,0,86,207
02/17/2005,SGR,TX,ASW,CE,Federal Contract Tower,0,4,38,0,42,0,6,81,0,87,0,10,119,0,129,198,0,198,327
02/18/2005,SGR,TX,ASW,CE,Federal Contract Tower,0,3,53,0,56,0,4,95,0,99,0,7,148,0,155,114,0,114,269
02/19/2005,SGR,TX,ASW,CE,Federal Contract Tower,0,3,36,0,39,0,4,90,0,94,0,7,126,0,133,164,0,164,297
02/20/2005,SGR,TX,ASW,CE,Federal Contract Tower,0,2,62,0,64,0,3,64,0,67,0,5,126,0,131,94,0,94,225
02/21/2005,SGR,TX,ASW,CE,Federal Contract Tower,0,3,63,0,66,0,4,65,0,69,0,7,128,0,135,160,0,160,295
02/22/2005,SGR,TX,ASW,CE,Federal Contract Tower,0,4,81,0,85,0,2,42,0,44,0,6,123,0,129,142,0,142,271
02/23/2005,SGR,TX,ASW,CE,Federal Contract Tower,0,5,44,0,49,0,11,45,0,56,0,16,89,0,105,70,0,70,175
02/24/2005,SGR,TX,ASW,CE,Federal Contract Tower,0,3,69,0,72,0,6,13,0,19,0,9,82,0,91,8,0,8,99
02/25/2005,SGR,TX,ASW,CE,Federal Contract Tower,0,5,42,0,47,0,2,150,0,152,0,7,192,0,199,266,0,266,465
02/26/2005,SGR,TX,ASW,CE,Federal Contract Tower,0,7,39,0,46,0,7,40,0,47,0,14,79,0,93,26,0,26,119
02/27/2005,SGR,TX,ASW,CE,Federal Contract Tower,0,2,47,0,49,0,4,65,0,69,0,6,112,0,118,80,0,80,198
02/28/2005,SGR,TX,ASW,CE,Federal Contract Tower,0,4,27,0,31,0,6,103,0,109,0,10,130,0,140,104,2,106,246
03/01/2005,SGR,TX,ASW,CE,Federal Contract Tower,0,10,47,0,57,0,12,69,0,81,0,22,116,0,138,150,0,150,288
03/02/2005,SGR,TX,ASW,CE,Federal Contract Tower,0,6,51,0,57,0,0,12,0,12,0,6,63,0,69,12,0,12,81
03/03/2005,SGR,TX,ASW,CE,Federal Contract Tower,0,7,55,0,62,0,10,68,0,78,0,17,123,0,140,162,0,162,302
03/04/2005,SGR,TX,ASW,CE,Federal Contract Tower,0,12,58,0,70,0,11,133,0,144,0,23,191,0,214,162,0,162,376
03/05/2005,SGR,TX,ASW,CE,Federal Contract Tower,0,8,23,0,31,0,4,88,0,92,0,12,111,0,123,244,0,244,367
03/06/2005,SGR,TX,ASW,CE,Federal Contract Tower,0,7,24,0,31,0,15,16,0,31,0,22,40,0,62,26,0,26,88
03/07/2005,SGR,TX,ASW,CE,Federal Contract Tower,0,2,23,0,25,0,2,14,0,16,0,4,37,0,41,10,0,10,51
03/08/2005,SGR,TX,ASW,CE,Federal Contract Tower,0,3,49,0,52,0,3,77,0,80,0,6,126,0,132,170,0,170,302
03/09/2005,SGR,TX,ASW,CE,Federal Contract Tower,0,8,31,0,39,0,5,53,0,58,0,13,84,0,97,54,2,56,153
03/10/2005,SGR,TX,ASW,CE,Federal Contract Tower,0,7,27,0,34,0,7,118,0,125,0,14,145,0,159,92,0,92,251
03/11/2005,SGR,TX,ASW,CE,Federal Contract Tower,0,4,26,0,30,0,8,120,0,128,0,12,146,0,158,168,0,168,326
03/12/2005,SGR,TX,ASW,CE,Federal Contract Tower,0,3,18,0,21,0,14,112,0,126,0,17,130,0,147,154,2,156,303
03/13/2005,SGR,TX,ASW,CE,Federal Contract Tower,0,1,33,1,35,0,7,67,0,74,0,8,100,1,109,88,0,88,197
03/14/2005,SGR,TX,ASW,CE,Federal Contract Tower,0,2,25,0,27,0,3,67,0,70,0,5,92,0,97,98,0,98,195
03/15/2005,SGR,TX,ASW,CE,Federal Contract Tower,0,4,65,0,69,0,10,26,0,36,0,14,91,0,105,72,0,72,177
03/16/2005,SGR,TX,ASW,CE,Federal Contract Tower,0,3,32,4,39,0,3,25,0,28,0,6,57,4,67,22,0,22,89
03/17/2005,SGR,TX,ASW,CE,Federal Contract Tower,0,9,52,0,61,0,7,145,0,152,0,16,197,0,213,108,0,108,321
03/18/2005,SGR,TX,ASW,CE,Federal Contract Tower,0,3,41,0,44,0,15,132,2,149,0,18,173,2,193,144,4,148,341
03/19/2005,SGR,TX,ASW,CE,Federal Contract Tower,0,5,27,0,32,0,6,109,0,115,0,11,136,0,147,170,0,170,317
03/20/2005,SGR,TX,ASW,CE,Federal Contract Tower,0,5,37,0,42,0,3,96,0,99,0,8,133,0,141,164,0,164,305
03/21/2005,SGR,TX,ASW,CE,Federal Contract Tower,0,4,26,0,30,0,17,70,0,87,0,21,96,0,117,120,0,120,237
03/22/2005,SGR,TX,ASW,CE,Federal Contract Tower,0,0,39,0,39,0,8,103,0,111,0,8,142,0,150,88,0,88,238
03/23/2005,SGR,TX,ASW,CE,Federal Contract Tower,0,0,39,0,39,0,6,89,0,95,0,6,128,0,134,112,0,112,246
03/24/2005,SGR,TX,ASW,CE,Federal Contract Tower,0,0,48,0,48,0,6,113,0,119,0,6,161,0,167,116,0,116,283
03/25/2005,SGR,TX,ASW,CE,Federal Contract Tower,0,2,46,0,48,0,4,115,2,121,0,6,161,2,169,138,0,138,307
03/26/2005,SGR,TX,ASW,CE,Federal Contract Tower,0,2,25,0,27,0,11,49,0,60,0,13,74,0,87,88,0,88,175
03/27/2005,SGR,TX,ASW,CE,Federal Contract Tower,0,2,28,0,30,0,0,27,0,27,0,2,55,0,57,6,0,6,63
03/28/2005,SGR,TX,ASW,CE,Federal Contract Tower,0,5,28,0,33,0,5,124,0,129,0,10,152,0,162,160,0,160,322
03/29/2005,SGR,TX,ASW,CE,Federal Contract Tower,0,1,31,0,32,0,19,55,0,74,0,20,86,0,106,60,0,60,166
03/30/2005,SGR,TX,ASW,CE,Federal Contract Tower,0,7,54,0,61,0,16,79,0,95,0,23,133,0,156,124,0,124,280
03/31/2005,SGR,TX,ASW,CE,Federal Contract Tower,0,8,44,0,52,0,6,54,0,60,0,14,98,0,112,64,0,64,176
04/01/2005,SGR,TX,ASW,CE,Federal Contract Tower,0,3,34,0,37,0,8,68,0,76,0,11,102,0,113,42,0,42,155
04/02/2005,SGR,TX,ASW,CE,Federal Contract Tower,0,0,20,0,20,0,2,149,0,151,0,2,169,0,171,242,0,242,413
04/03/2005,SGR,TX,ASW,CE,Federal Contract Tower,0,4,32,0,36,0,5,148,0,153,0,9,180,0,189,162,0,162,351
04/04/2005,SGR,TX,ASW,CE,Federal Contract Tower,0,0,45,0,45,0,4,47,0,51,0,4,92,0,96,86,2,88,184
04/05/2005,SGR,TX,ASW,CE,Federal Contract Tower,0,1,38,0,39,0,10,25,0,35,0,11,63,0,74,52,0,52,126
04/06/2005,SGR,TX,ASW,CE,Federal Contract Tower,0,4,58,0,62,0,7,55,0,62,0,11,113,0,124,62,0,62,186
04/07/2005,SGR,TX,ASW,CE,Federal Contract Tower,0,4,34,0,38,0,7,82,0,89,0,11,116,0,127,100,0,100,227
04/08/2005,SGR,TX,ASW,CE,Federal Contract Tower,0,1,33,1,35,0,10,140,2,152,0,11,173,3,187,170,0,170,357
04/09/2005,SGR,TX,ASW,CE,Federal Contract Tower,0,3,23,0,26,0,3,90,0,93,0,6,113,0,119,126,0,126,245
04/10/2005,SGR,TX,ASW,CE,Federal Contract Tower,0,1,33,1,35,0,8,46,0,54,0,9,79,1,89,48,0,48,137
04/11/2005,SGR,TX,ASW,CE,Federal Contract Tower,0,0,25,0,25,0,4,21,0,25,0,4,46,0,50,28,0,28,78
04/12/2005,SGR,TX,ASW,CE,Federal Contract Tower,0,2,30,0,32,0,2,86,0,88,0,4,116,0,120,186,0,186,306
04/13/2005,SGR,TX,ASW,CE,Federal Contract Tower,0,5,44,0,49,0,5,88,0,93,0,10,132,0,142,62,0,62,204
04/14/2005,SGR,TX,ASW,CE,Federal Contract Tower,0,4,37,0,41,0,9,92,0,101,0,13,129,0,142,120,0,120,262
04/15/2005,SGR,TX,ASW,CE,Federal Contract Tower,0,1,63,0,64,0,8,98,0,106,0,9,161,0,170,180,0,180,350
04/16/2005,SGR,TX,ASW,CE,Federal Contract Tower,0,0,31,0,31,0,6,104,0,110,0,6,135,0,141,134,0,134,275
04/17/2005,SGR,TX,ASW,CE,Federal Contract Tower,0,3,37,0,40,0,8,110,0,118,0,11,147,0,158,148,0,148,306
04/18/2005,SGR,TX,ASW,CE,Federal Contract Tower,0,6,54,0,60,0,5,66,0,71,0,11,120,0,131,152,0,152,283
04/19/2005,SGR,TX,ASW,CE,Federal Contract Tower,0,4,65,0,69,0,7,57,0,64,0,11,122,0,133,100,0,100,233
04/20/2005,SGR,TX,ASW,CE,Federal Contract Tower,0,3,76,0,79,0,8,51,0,59,0,11,127,0,138,122,0,122,260
04/21/2005,SGR,TX,ASW,CE,Federal Contract Tower,0,6,68,0,74,0,4,77,0,81,0,10,145,0,155,118,0,118,273
04/22/2005,SGR,TX,ASW,CE,Federal Contract Tower,0,8,55,0,63,0,8,53,0,61,0,16,108,0,124,64,0,64,188
04/23/2005,SGR,TX,ASW,CE,Federal Contract Tower,0,1,26,0,27,0,9,119,0,128,0,10,145,0,155,186,0,186,341
04/24/2005,SGR,TX,ASW,CE,Federal Contract Tower,0,1,38,0,39,0,6,109,0,115,0,7,147,0,154,114,0,114,268
04/25/2005,SGR,TX,ASW,CE,Federal Contract Tower,0,8,37,0,45,0,6,21,0,27,0,14,58,0,72,16,0,16,88
04/26/2005,SGR,TX,ASW,CE,Federal Contract Tower,0,10,48,0,58,0,10,63,0,73,0,20,111,0,131,48,2,50,181
04/27/2005,SGR,TX,ASW,CE,Federal Contract Tower,0,9,56,0,65,0,12,87,2,101,0,21,143,2,166,162,2,164,330
04/28/2005,SGR,TX,ASW,CE,Federal Contract Tower,0,9,45,0,54,0,11,81,0,92,0,20,126,0,146,102,0,102,248
04/29/2005,SGR,TX,ASW,CE,Federal Contract Tower,0,2,59,0,61,0,4,71,0,75,0,6,130,0,136,184,0,184,320
04/30/2005,SGR,TX,ASW,CE,Federal Contract Tower,0,7,28,0,35,0,4,52,0,56,0,11,80,0,91,118,0,118,209
05/01/2005,SGR,TX,ASW,CE,Federal Contract Tower,0,9,38,0,47,0,0,132,0,132,0,9,170,0,179,122,0,122,301
05/02/2005,SGR,TX,ASW,CE,Federal Contract Tower,0,5,32,0,37,0,10,102,0,112,0,15,134,0,149,214,0,214,363
05/03/2005,SGR,TX,ASW,CE,Federal Contract Tower,0,0,47,0,47,0,7,81,0,88,0,7,128,0,135,94,0,94,229
05/04/2005,SGR,TX,ASW,CE,Federal Contract Tower,0,4,56,0,60,0,13,73,0,86,0,17,129,0,146,146,0,146,292
05/05/2005,SGR,TX,ASW,CE,Federal Contract Tower,0,7,58,0,65,0,10,86,0,96,0,17,144,0,161,110,0,110,271
05/06/2005,SGR,TX,ASW,CE,Federal Contract Tower,0,6,45,0,51,0,12,123,0,135,0,18,168,0,186,208,0,208,394
05/07/2005,SGR,TX,ASW,CE,Federal Contract Tower,0,4,30,0,34,0,7,105,0,112,0,11,135,0,146,170,0,170,316
05/08/2005,SGR,TX,ASW,CE,Federal Contract Tower,0,2,18,0,20,0,5,23,0,28,0,7,41,0,48,24,0,24,72
05/09/2005,SGR,TX,ASW,CE,Federal Contract Tower,0,10,46,0,56,0,6,55,0,61,0,16,101,0,117,96,0,96,213
05/10/2005,SGR,TX,ASW,CE,Federal Contract Tower,0,6,45,0,51,0,7,67,0,74,0,13,112,0,125,92,2,94,219
05/11/2005,SGR,TX,ASW,CE,Federal Contract Tower,0,13,45,0,58,0,5,69,0,74,0,18,114,0,132,76,0,76,208
05/12/2005,SGR,TX,ASW,CE,Federal Contract Tower,0,7,58,0,65,0,13,77,0,90,0,20,135,0,155,144,0,144,299
05/13/2005,SGR,TX,ASW,CE,Federal Contract Tower,0,3,55,0,58,0,10,75,0,85,0,13,130,0,143,96,0,96,239
05/14/2005,SGR,TX,ASW,CE,Federal Contract Tower,0,0,23,0,23,0,6,98,0,104,0,6,121,0,127,182,0,182,309
05/15/2005,SGR,TX,ASW,CE,Federal Contract Tower,0,4,50,0,54,0,0,110,0,110,0,4,160,0,164,190,0,190,354
05/16/2005,SGR,TX,ASW,CE,Federal Contract Tower,0,3,44,0,47,0,5,38,0,43,0,8,82,0,90,90,0,90,180
05/17/2005,SGR,TX,ASW,CE,Federal Contract Tower,0,8,48,0,56,0,5,42,0,47,0,13,90,0,103,64,0,64,167
05/18/2005,SGR,TX,ASW,CE,Federal Contract Tower,0,4,43,0,47,0,14,112,0,126,0,18,155,0,173,134,0,134,307
05/19/2005,SGR,TX,ASW,CE,Federal Contract Tower,0,8,41,0,49,0,26,87,0,113,0,34,128,0,162,90,0,90,252
05/20/2005,SGR,TX,ASW,CE,Federal Contract Tower,0,7,51,0,58,0,8,107,0,115,0,15,158,0,173,66,0,66,239
05/21/2005,SGR,TX,ASW,CE,Federal Contract Tower,0,3,35,0,38,0,5,97,0,102,0,8,132,0,140,126,0,126,266
05/22/2005,SGR,TX,ASW,CE,Federal Contract Tower,0,5,27,0,32,0,16,99,0,115,0,21,126,0,147,104,0,104,251
05/23/2005,SGR,TX,ASW,CE,Federal Contract Tower,0,6,41,0,47,0,10,62,0,72,0,16,103,0,119,118,0,118,237
05/24/2005,SGR,TX,ASW,CE,Federal Contract Tower,0,2,48,0,50,0,9,59,0,68,0,11,107,0,118,84,0,84,202
05/25/2005,SGR,TX,ASW,CE,Federal Contract Tower,0,0,56,0,56,0,5,59,0,64,0,5,115,0,120,100,0,100,220
05/26/2005,SGR,TX,ASW,CE,Federal Contract Tower,0,9,52,0,61,0,7,87,2,96,0,16,139,2,157,96,0,96,253
05/27/2005,SGR,TX,ASW,CE,Federal Contract Tower,0,2,35,0,37,0,7,82,0,89,0,9,117,0,126,125,0,125,251
05/28/2005,SGR,TX,ASW,CE,Federal Contract Tower,0,0,26,0,26,0,8,47,0,55,0,8,73,0,81,144,0,144,225
05/29/2005,SGR,TX,ASW,CE,Federal Contract Tower,0,1,19,0,20,0,12,58,0,70,0,13,77,0,90,74,0,74,164
05/30/2005,SGR,TX,ASW,CE,Federal Contract Tower,0,2,46,0,48,0,16,30,0,46,0,18,76,0,94,106,0,106,200
05/31/2005,SGR,TX,ASW,CE,Federal Contract Tower,0,2,40,0,42,0,9,53,0,62,0,11,93,0,104,72,14,86,190
06/01/2005,SGR,TX,ASW,CE,Federal Contract Tower,0,3,29,0,32,0,5,87,2,94,0,8,116,2,126,138,2,140,266
06/02/2005,SGR,TX,ASW,CE,Federal Contract Tower,0,5,49,0,54,0,6,103,0,109,0,11,152,0,163,144,0,144,307
06/03/2005,SGR,TX,ASW,CE,Federal Contract Tower,0,2,79,0,81,0,5,75,0,80,0,7,154,0,161,144,0,144,305
06/04/2005,SGR,TX,ASW,CE,Federal Contract Tower,0,2,27,0,29,0,11,121,0,132,0,13,148,0,161,214,0,214,375
06/05/2005,SGR,TX,ASW,CE,Federal Contract Tower,0,8,31,2,41,0,9,111,0,120,0,17,142,2,161,120,0,120,281
06/06/2005,SGR,TX,ASW,CE,Federal Contract Tower,0,4,42,0,46,0,3,62,0,65,0,7,104,0,111,172,0,172,283
06/07/2005,SGR,TX,ASW,CE,Federal Contract Tower,0,8,33,0,41,0,10,60,0,70,0,18,93,0,111,132,0,132,243
06/08/2005,SGR,TX,ASW,CE,Federal Contract Tower,0,7,33,0,40,0,7,75,0,82,0,14,108,0,122,210,0,210,332
06/09/2005,SGR,TX,ASW,CE,Federal Contract Tower,0,0,41,0,41,0,7,93,0,100,0,7,134,0,141,102,0,102,243
06/10/2005,SGR,TX,ASW,CE,Federal Contract Tower,0,8,43,0,51,0,2,112,0,114,0,10,155,0,165,184,0,184,349
06/11/2005,SGR,TX,ASW,CE,Federal Contract Tower,0,7,26,0,33,0,2,104,2,108,0,9,130,2,141,114,0,114,255
06/12/2005,SGR,TX,ASW,CE,Federal Contract Tower,0,3,19,0,22,0,4,115,0,119,0,7,134,0,141,130,0,130,271
06/13/2005,SGR,TX,ASW,CE,Federal Contract Tower,0,4,24,0,28,0,1,62,0,63,0,5,86,0,91,96,0,96,187
06/14/2005,SGR,TX,ASW,CE,Federal Contract Tower,0,4,33,0,37,0,14,53,0,67,0,18,86,0,104,104,0,104,208
06/15/2005,SGR,TX,ASW,CE,Federal Contract Tower,0,10,41,6,57,0,6,77,0,83,0,16,118,6,140,118,10,128,268
06/16/2005,SGR,TX,ASW,CE,Federal Contract Tower,0,13,53,0,66,0,6,76,0,82,0,19,129,0,148,82,0,82,230
06/17/2005,SGR,TX,ASW,CE,Federal Contract Tower,0,10,34,0,44,0,6,84,0,90,0,16,118,0,134,182,0,182,316
06/18/2005,SGR,TX,ASW,CE,Federal Contract Tower,0,2,23,0,25,0,9,91,0,100,0,11,114,0,125,124,0,124,249
06/19/2005,SGR,TX,ASW,CE,Federal Contract Tower,0,5,36,0,41,0,9,115,0,124,0,14,151,0,165,110,0,110,275
06/20/2005,SGR,TX,ASW,CE,Federal Contract Tower,0,5,29,0,34,0,11,67,0,78,0,16,96,0,112,92,0,92,204
06/21/2005,SGR,TX,ASW,CE,Federal Contract Tower,0,3,44,0,47,0,7,78,0,85,0,10,122,0,132,110,0,110,242
06/22/2005,SGR,TX,ASW,CE,Federal Contract Tower,0,4,45,2,51,0,3,96,0,99,0,7,141,2,150,140,0,140,290
06/23/2005,SGR,TX,ASW,CE,Federal Contract Tower,0,9,51,2,62,0,15,98,0,113,0,24,149,2,175,190,0,190,365
06/24/2005,SGR,TX,ASW,CE,Federal Contract Tower,0,1,54,0,55,0,5,92,0,97,0,6,146,0,152,184,0,184,336
06/25/2005,SGR,TX,ASW,CE,Federal Contract Tower,0,0,21,0,21,0,2,98,0,100,0,2,119,0,121,214,0,214,335
06/26/2005,SGR,TX,ASW,CE,Federal Contract Tower,0,8,37,0,45,0,12,103,0,115,0,20,140,0,160,146,0,146,306
06/27/2005,SGR,TX,ASW,CE,Federal Contract Tower,0,3,35,0,38,0,5,74,0,79,0,8,109,0,117,110,0,110,227
06/28/2005,SGR,TX,ASW,CE,Federal Contract Tower,0,5,54,0,59,0,5,82,0,87,0,10,136,0,146,138,0,138,284
06/29/2005,SGR,TX,ASW,CE,Federal Contract Tower,0,6,42,0,48,0,2,102,0,104,0,8,144,0,152,148,0,148,300
06/30/2005,SGR,TX,ASW,CE,Federal Contract Tower,0,6,39,0,45,0,7,91,0,98,0,13,130,0,143,128,0,128,271
07/01/2005,SGR,TX,ASW,CE,Federal Contract Tower,0,10,51,0,61,0,6,110,0,116,0,16,161,0,177,170,0,170,347
07/02/2005,SGR,TX,ASW,CE,Federal Contract Tower,0,2,12,0,14,0,10,87,0,97,0,12,99,0,111,84,0,84,195
07/03/2005,SGR,TX,ASW,CE,Federal Contract Tower,0,1,13,0,14,0,9,79,0,88,0,10,92,0,102,78,0,78,180
07/04/2005,SGR,TX,ASW,CE,Federal Contract Tower,0,4,17,0,21,0,7,42,0,49,0,11,59,0,70,70,0,70,140
07/05/2005,SGR,TX,ASW,CE,Federal Contract Tower,0,6,21,4,31,0,5,62,0,67,0,11,83,4,98,82,0,82,180
07/06/2005,SGR,TX,ASW,CE,Federal Contract Tower,0,6,18,0,24,0,6,75,0,81,0,12,93,0,105,194,0,194,299
07/07/2005,SGR,TX,ASW,CE,Federal Contract Tower,0,7,32,0,39,0,8,76,0,84,0,15,108,0,123,116,0,116,239
07/08/2005,SGR,TX,ASW,CE,Federal Contract Tower,0,4,37,0,41,0,3,127,2,132,0,7,164,2,173,216,4,220,393
07/09/2005,SGR,TX,ASW,CE,Federal Contract Tower,0,6,17,0,23,0,6,87,0,93,0,12,104,0,116,212,0,212,328
07/10/2005,SGR,TX,ASW,CE,Federal Contract Tower,0,7,26,0,33,0,3,108,0,111,0,10,134,0,144,86,0,86,230
07/11/2005,SGR,TX,ASW,CE,Federal Contract Tower,0,1,38,0,39,0,10,74,0,84,0,11,112,0,123,98,0,98,221
07/12/2005,SGR,TX,ASW,CE,Federal Contract Tower,0,7,34,0,41,0,4,48,0,52,0,11,82,0,93,100,0,100,193
07/13/2005,SGR,TX,ASW,CE,Federal Contract Tower,0,6,53,0,59,0,1,90,0,91,0,7,143,0,150,100,0,100,250
07/14/2005,SGR,TX,ASW,CE,Federal Contract Tower,0,2,58,0,60,0,7,45,0,52,0,9,103,0,112,70,0,70,182
07/15/2005,SGR,TX,ASW,CE,Federal Contract Tower,0,8,29,0,37,0,4,22,0,26,0,12,51,0,63,6,0,6,69
07/16/2005,SGR,TX,ASW,CE,Federal Contract Tower,0,6,19,0,25,0,8,30,0,38,0,14,49,0,63,60,0,60,123
07/17/2005,SGR,TX,ASW,CE,Federal Contract Tower,0,10,21,0,31,0,13,56,0,69,0,23,77,0,100,46,0,46,146
07/18/2005,SGR,TX,ASW,CE,Federal Contract Tower,0,7,35,0,42,0,11,65,0,76,0,18,100,0,118,176,0,176,294
07/19/2005,SGR,TX,ASW,CE,Federal Contract Tower,0,8,47,0,55,0,2,55,0,57,0,10,102,0,112,122,0,122,234
07/20/2005,SGR,TX,ASW,CE,Federal Contract Tower,0,5,46,0,51,0,3,41,0,44,0,8,87,0,95,82,0,82,177
07/21/2005,SGR,TX,ASW,CE,Federal Contract Tower,0,4,47,0,51,0,9,73,0,82,0,13,120,0,133,100,0,100,233
07/22/2005,SGR,TX,ASW,CE,Federal Contract Tower,0,2,36,0,38,0,2,67,0,69,0,4,103,0,107,116,0,116,223
07/23/2005,SGR,TX,ASW,CE,Federal Contract Tower,0,2,23,0,25,0,7,83,0,90,0,9,106,0,115,152,0,152,267
07/24/2005,SGR,TX,ASW,CE,Federal Contract Tower,0,2,27,0,29,0,2,98,0,100,0,4,125,0,129,132,0,132,261
07/25/2005,SGR,TX,ASW,CE,Federal Contract Tower,0,4,35,0,39,0,3,61,0,64,0,7,96,0,103,74,0,74,177
07/26/2005,SGR,TX,ASW,CE,Federal Contract Tower,0,3,44,0,47,0,6,59,0,65,0,9,103,0,112,146,0,146,258
07/27/2005,SGR,TX,ASW,CE,Federal Contract Tower,0,7,45,0,52,0,8,103,0,111,0,15,148,0,163,120,0,120,283
07/28/2005,SGR,TX,ASW,CE,Federal Contract Tower,0,9,37,0,46,0,3,94,0,97,0,12,131,0,143,114,0,114,257
07/29/2005,SGR,TX,ASW,CE,Federal Contract Tower,0,8,41,0,49,0,11,70,0,81,0,19,111,0,130,112,0,112,242
07/30/2005,SGR,TX,ASW,CE,Federal Contract Tower,0,6,35,0,41,0,13,116,0,129,0,19,151,0,170,136,0,136,306
07/31/2005,SGR,TX,ASW,CE,Federal Contract Tower,0,2,37,0,39,0,3,116,0,119,0,5,153,0,158,138,0,138,296
08/01/2005,SGR,TX,ASW,CE,Federal Contract Tower,0,2,25,0,27,0,4,74,0,78,0,6,99,0,105,124,0,124,229
08/02/2005,SGR,TX,ASW,CE,Federal Contract Tower,0,9,37,0,46,0,12,55,0,67,0,21,92,0,113,132,0,132,245
08/03/2005,SGR,TX,ASW,CE,Federal Contract Tower,0,3,40,0,43,0,8,84,0,92,0,11,124,0,135,146,0,146,281
08/04/2005,SGR,TX,ASW,CE,Federal Contract Tower,0,6,28,0,34,0,6,71,0,77,0,12,99,0,111,92,0,92,203
08/05/2005,SGR,TX,ASW,CE,Federal Contract Tower,0,6,34,0,40,0,7,73,0,80,0,13,107,0,120,134,0,134,254
08/06/2005,SGR,TX,ASW,CE,Federal Contract Tower,0,5,14,0,19,0,0,109,0,109,0,5,123,0,128,146,0,146,274
08/07/2005,SGR,TX,ASW,CE,Federal Contract Tower,0,7,38,0,45,0,11,88,0,99,0,18,126,0,144,126,0,126,270
08/08/2005,SGR,TX,ASW,CE,Federal Contract Tower,0,3,31,0,34,0,5,34,0,39,0,8,65,0,73,64,0,64,137
08/09/2005,SGR,TX,ASW,CE,Federal Contract Tower,0,6,37,0,43,0,12,34,0,46,0,18,71,0,89,82,0,82,171
08/10/2005,SGR,TX,ASW,CE,Federal Contract Tower,0,2,44,0,46,0,11,50,0,61,0,13,94,0,107,142,0,142,249
08/11/2005,SGR,TX,ASW,CE,Federal Contract Tower,0,4,42,0,46,0,7,83,0,90,0,11,125,0,136,172,0,172,308
08/12/2005,SGR,TX,ASW,CE,Federal Contract Tower,0,6,44,2,52,0,6,142,0,148,0,12,186,2,200,196,2,198,398
08/13/2005,SGR,TX,ASW,CE,Federal Contract Tower,0,2,27,0,29,0,7,91,0,98,0,9,118,0,127,256,2,258,385
08/14/2005,SGR,TX,ASW,CE,Federal Contract Tower,0,2,24,0,26,0,9,58,0,67,0,11,82,0,93,92,0,92,185
08/15/2005,SGR,TX,ASW,CE,Federal Contract Tower,0,3,29,0,32,0,4,48,0,52,0,7,77,0,84,110,2,112,196
08/16/2005,SGR,TX,ASW,CE,Federal Contract Tower,0,10,3,0,13,0,4,72,0,76,0,14,75,0,89,52,0,52,141
08/17/2005,SGR,TX,ASW,CE,Federal Contract Tower,0,8,52,0,60,0,12,77,0,89,0,20,129,0,149,120,0,120,269
08/18/2005,SGR,TX,ASW,CE,Federal Contract Tower,0,2,35,0,37,0,8,93,0,101,0,10,128,0,138,140,0,140,278
08/19/2005,SGR,TX,ASW,CE,Federal Contract Tower,0,8,37,0,45,0,8,87,0,95,0,16,124,0,140,98,2,100,240
08/20/2005,SGR,TX,ASW,CE,Federal Contract Tower,0,1,20,0,21,0,16,121,0,137,0,17,141,0,158,274,0,274,432
08/21/2005,SGR,TX,ASW,CE,Federal Contract Tower,0,0,22,0,22,0,12,126,0,138,0,12,148,0,160,174,0,174,334
08/22/2005,SGR,TX,ASW,CE,Federal Contract Tower,0,7,29,0,36,0,4,104,0,108,0,11,133,0,144,136,0,136,280
08/23/2005,SGR,TX,ASW,CE,Federal Contract Tower,0,8,67,2,77,0,4,75,0,79,0,12,142,2,156,110,0,110,266
08/24/2005,SGR,TX,ASW,CE,Federal Contract Tower,0,6,36,0,42,0,4,85,0,89,0,10,121,0,131,182,0,182,313
08/25/2005,SGR,TX,ASW,CE,Federal Contract Tower,0,5,35,0,40,0,8,52,0,60,0,13,87,0,100,112,0,112,212
08/26/2005,SGR,TX,ASW,CE,Federal Contract Tower,0,4,49,0,53,0,13,96,0,109,0,17,145,0,162,120,2,122,284
08/27/2005,SGR,TX,ASW,CE,Federal Contract Tower,0,0,24,0,24,0,4,83,0,87,0,4,107,0,111,190,0,190,301
08/28/2005,SGR,TX,ASW,CE,Federal Contract Tower,0,4,42,0,46,0,9,81,0,90,0,13,123,0,136,174,0,174,310
08/29/2005,SGR,TX,ASW,CE,Federal Contract Tower,0,5,29,0,34,0,7,39,2,48,0,12,68,2,82,98,4,102,184
08/30/2005,SGR,TX,ASW,CE,Federal Contract Tower,0,9,52,0,61,0,11,75,0,86,0,20,127,0,147,66,0,66,213
08/31/2005,SGR,TX,ASW,CE,Federal Contract Tower,0,5,51,0,56,0,5,71,4,80,0,10,122,4,136,102,4,106,242
09/01/2005,SGR,TX,ASW,CE,Federal Contract Tower,0,4,57,0,61,0,14,94,0,108,0,18,151,0,169,132,0,132,301
09/02/2005,SGR,TX,ASW,CE,Federal Contract Tower,0,8,56,2,66,0,6,59,2,67,0,14,115,4,133,124,4,128,261
09/03/2005,SGR,TX,ASW,CE,Federal Contract Tower,0,5,33,0,38,0,5,42,0,47,0,10,75,0,85,110,0,110,195
09/04/2005,SGR,TX,ASW,CE,Federal Contract Tower,0,2,35,0,37,0,9,71,0,80,0,11,106,0,117,148,0,148,265
09/05/2005,SGR,TX,ASW,CE,Federal Contract Tower,0,7,51,0,58,0,4,98,0,102,0,11,149,0,160,138,0,138,298
09/06/2005,SGR,TX,ASW,CE,Federal Contract Tower,0,6,51,0,57,0,3,56,0,59,0,9,107,0,116,102,0,102,218
09/07/2005,SGR,TX,ASW,CE,Federal Contract Tower,0,2,48,0,50,0,1,79,0,80,0,3,127,0,130,100,0,100,230
09/08/2005,SGR,TX,ASW,CE,Federal Contract Tower,0,5,61,0,66,0,8,87,2,97,0,13,148,2,163,112,4,116,279
09/09/2005,SGR,TX,ASW,CE,Federal Contract Tower,0,10,42,0,52,0,22,133,0,155,0,32,175,0,207,216,0,216,423
09/10/2005,SGR,TX,ASW,CE,Federal Contract Tower,0,6,32,0,38,0,11,79,0,90,0,17,111,0,128,146,0,146,274
09/11/2005,SGR,TX,ASW,CE,Federal Contract Tower,0,4,45,0,49,0,10,90,0,100,0,14,135,0,149,162,0,162,311
09/12/2005,SGR,TX,ASW,CE,Federal Contract Tower,0,2,41,0,43,0,10,67,0,77,0,12,108,0,120,102,0,102,222
09/13/2005,SGR,TX,ASW,CE,Federal Contract Tower,0,7,47,0,54,0,5,79,0,84,0,12,126,0,138,114,0,114,252
09/14/2005,SGR,TX,ASW,CE,Federal Contract Tower,0,10,70,0,80,0,6,78,0,84,0,16,148,0,164,144,0,144,308
09/15/2005,SGR,TX,ASW,CE,Federal Contract Tower,0,8,48,0,56,0,12,110,0,122,0,20,158,0,178,140,0,140,318
09/16/2005,SGR,TX,ASW,CE,Federal Contract Tower,0,10,56,0,66,0,7,75,0,82,0,17,131,0,148,90,0,90,238
09/17/2005,SGR,TX,ASW,CE,Federal Contract Tower,0,5,38,0,43,0,3,92,0,95,0,8,130,0,138,170,0,170,308
09/18/2005,SGR,TX,ASW,CE,Federal Contract Tower,0,4,21,0,25,0,14,103,0,117,0,18,124,0,142,208,0,208,350
09/19/2005,SGR,TX,ASW,CE,Federal Contract Tower,0,3,46,0,49,0,3,67,0,70,0,6,113,0,119,160,0,160,279
09/20/2005,SGR,TX,ASW,CE,Federal Contract Tower,0,7,40,0,47,0,3,61,0,64,0,10,101,0,111,144,0,144,255
09/21/2005,SGR,TX,ASW,CE,Federal Contract Tower,0,6,82,0,88,0,49,100,0,149,0,55,182,0,237,120,0,120,357
09/22/2005,SGR,TX,ASW,CE,Federal Contract Tower,0,44,171,0,215,0,7,155,0,162,0,51,326,0,377,136,0,136,513
09/23/2005,SGR,TX,ASW,CE,Federal Contract Tower,0,0,15,0,15,0,2,7,4,13,0,2,22,4,28,0,0,0,28
09/24/2005,SGR,TX,ASW,CE,Federal Contract Tower,0,0,6,0,6,0,8,14,7,29,0,8,20,7,35,6,0,6,41
09/25/2005,SGR,TX,ASW,CE,Federal Contract Tower,0,13,81,4,98,0,8,76,0,84,0,21,157,4,182,44,0,44,226
09/26/2005,SGR,TX,ASW,CE,Federal Contract Tower,0,21,75,0,96,0,10,45,0,55,0,31,120,0,151,110,0,110,261
09/27/2005,SGR,TX,ASW,CE,Federal Contract Tower,0,13,34,0,47,0,2,45,0,47,0,15,79,0,94,102,0,102,196
09/28/2005,SGR,TX,ASW,CE,Federal Contract Tower,0,8,46,0,54,0,5,68,0,73,0,13,114,0,127,104,0,104,231
09/29/2005,SGR,TX,ASW,CE,Federal Contract Tower,0,9,45,0,54,0,14,60,0,74,0,23,105,0,128,74,0,74,202
09/30/2005,SGR,TX,ASW,CE,Federal Contract Tower,0,10,63,0,73,0,7,102,0,109,0,17,165,0,182,126,0,126,308
10/01/2005,SGR,TX,ASW,CE,Federal Contract Tower,0,6,34,0,40,0,6,125,0,131,0,12,159,0,171,148,0,148,319
10/02/2005,SGR,TX,ASW,CE,Federal Contract Tower,0,4,38,0,42,0,3,49,0,52,0,7,87,0,94,96,0,96,190
10/03/2005,SGR,TX,ASW,CE,Federal Contract Tower,0,8,30,0,38,0,4,43,0,47,0,12,73,0,85,60,0,60,145
10/04/2005,SGR,TX,ASW,CE,Federal Contract Tower,0,8,55,0,63,0,10,47,0,57,0,18,102,0,120,68,0,68,188
10/05/2005,SGR,TX,ASW,CE,Federal Contract Tower,0,13,53,0,66,0,4,69,4,77,0,17,122,4,143,158,0,158,301
10/06/2005,SGR,TX,ASW,CE,Federal Contract Tower,0,11,45,0,56,0,6,91,0,97,0,17,136,0,153,112,0,112,265
10/07/2005,SGR,TX,ASW,CE,Federal Contract Tower,0,6,45,0,51,0,4,95,0,99,0,10,140,0,150,154,0,154,304
10/08/2005,SGR,TX,ASW,CE,Federal Contract Tower,0,2,20,0,22,0,12,83,0,95,0,14,103,0,117,198,0,198,315
10/09/2005,SGR,TX,ASW,CE,Federal Contract Tower,0,7,19,0,26,0,5,113,0,118,0,12,132,0,144,252,0,252,396
10/10/2005,SGR,TX,ASW,CE,Federal Contract Tower,0,2,39,1,42,0,9,12,3,24,0,11,51,4,66,16,12,28,94
10/11/2005,SGR,TX,ASW,CE,Federal Contract Tower,0,6,43,0,49,0,1,42,0,43,0,7,85,0,92,90,2,92,184
10/12/2005,SGR,TX,ASW,CE,Federal Contract Tower,0,11,53,1,65,0,6,74,2,82,0,17,127,3,147,192,10,202,349
10/13/2005,SGR,TX,ASW,CE,Federal Contract Tower,0,7,55,2,64,0,6,74,0,80,0,13,129,2,144,124,0,124,268
10/14/2005,SGR,TX,ASW,CE,Federal Contract Tower,0,3,43,0,46,0,3,113,0,116,0,6,156,0,162,146,0,146,308
10/15/2005,SGR,TX,ASW,CE,Federal Contract Tower,0,2,20,0,22,0,11,105,0,116,0,13,125,0,138,186,0,186,324
10/16/2005,SGR,TX,ASW,CE,Federal Contract Tower,0,4,28,0,32,0,3,88,0,91,0,7,116,0,123,164,0,164,287
10/17/2005,SGR,TX,ASW,CE,Federal Contract Tower,0,1,44,2,47,0,4,69,0,73,0,5,113,2,120,126,0,126,246
10/18/2005,SGR,TX,ASW,CE,Federal Contract Tower,0,16,81,0,97,0,8,116,0,124,0,24,197,0,221,158,0,158,379
10/19/2005,SGR,TX,ASW,CE,Federal Contract Tower,0,14,55,0,69,0,12,120,0,132,0,26,175,0,201,180,0,180,381
10/20/2005,SGR,TX,ASW,CE,Federal Contract Tower,0,10,58,0,68,0,12,98,0,110,0,22,156,0,178,146,0,146,324
10/21/2005,SGR,TX,ASW,CE,Federal Contract Tower,0,6,40,0,46,0,9,94,3,106,0,15,134,3,152,90,0,90,242
10/22/2005,SGR,TX,ASW,CE,Federal Contract Tower,0,6,22,0,28,0,7,94,0,101,0,13,116,0,129,128,0,128,257
10/23/2005,SGR,TX,ASW,CE,Federal Contract Tower,0,7,17,2,26,0,11,79,1,91,0,18,96,3,117,84,0,84,201
10/24/2005,SGR,TX,ASW,CE,Federal Contract Tower,0,4,38,0,42,0,11,82,0,93,0,15,120,0,135,146,0,146,281
10/25/2005,SGR,TX,ASW,CE,Federal Contract Tower,0,6,49,0,55,0,4,124,2,130,0,10,173,2,185,164,0,164,349
10/26/2005,SGR,TX,ASW,CE,Federal Contract Tower,0,5,65,0,70,0,11,108,0,119,0,16,173,0,189,126,0,126,315
10/27/2005,SGR,TX,ASW,CE,Federal Contract Tower,0,8,58,0,66,0,10,56,0,66,0,18,114,0,132,114,0,114,246
10/28/2005,SGR,TX,ASW,CE,Federal Contract Tower,0,6,44,0,50,0,5,127,0,132,0,11,171,0,182,122,0,122,304
10/29/2005,SGR,TX,ASW,CE,Federal Contract Tower,0,0,20,2,22,0,6,154,0,160,0,6,174,2,182,180,0,180,362
10/30/2005,SGR,TX,ASW,CE,Federal Contract Tower,0,5,33,0,38,0,4,98,0,102,0,9,131,0,140,90,0,90,230
10/31/2005,SGR,TX,ASW,CE,Federal Contract Tower,0,3,21,0,24,0,1,49,0,50,0,4,70,0,74,124,0,124,198
11/01/2005,SGR,TX,ASW,CE,Federal Contract Tower,0,10,44,0,54,0,3,95,0,98,0,13,139,0,152,120,0,120,272
11/02/2005,SGR,TX,ASW,CE,Federal Contract Tower,0,3,56,0,59,0,10,69,0,79,0,13,125,0,138,142,0,142,280
11/03/2005,SGR,TX,ASW,CE,Federal Contract Tower,0,2,39,0,41,0,16,61,0,77,0,18,100,0,118,110,0,110,228
11/04/2005,SGR,TX,ASW,CE,Federal Contract Tower,0,3,38,6,47,0,5,86,0,91,0,8,124,6,138,72,0,72,210
11/05/2005,SGR,TX,ASW,CE,Federal Contract Tower,0,4,23,0,27,0,5,95,0,100,0,9,118,0,127,208,0,208,335
11/06/2005,SGR,TX,ASW,CE,Federal Contract Tower,0,9,47,0,56,0,8,84,0,92,0,17,131,0,148,124,0,124,272
11/07/2005,SGR,TX,ASW,CE,Federal Contract Tower,0,6,75,1,82,0,2,48,0,50,0,8,123,1,132,103,0,103,235
11/08/2005,SGR,TX,ASW,CE,Federal Contract Tower,0,3,48,0,51,0,10,65,2,77,0,13,113,2,128,58,0,58,186
11/09/2005,SGR,TX,ASW,CE,Federal Contract Tower,0,9,60,0,69,0,6,58,0,64,0,15,118,0,133,52,0,52,185
11/10/2005,SGR,TX,ASW,CE,Federal Contract Tower,0,7,63,0,70,0,7,61,0,68,0,14,124,0,138,112,2,114,252
11/11/2005,SGR,TX,ASW,CE,Federal Contract Tower,0,11,61,0,72,0,4,88,0,92,0,15,149,0,164,190,0,190,354
11/12/2005,SGR,TX,ASW,CE,Federal Contract Tower,0,2,29,0,31,0,4,54,0,58,0,6,83,0,89,126,0,126,215
11/13/2005,SGR,TX,ASW,CE,Federal Contract Tower,0,5,51,0,56,0,3,93,0,96,0,8,144,0,152,186,0,186,338
11/14/2005,SGR,TX,ASW,CE,Federal Contract Tower,0,7,58,0,65,0,12,45,0,57,0,19,103,0,122,108,0,108,230
11/15/2005,SGR,TX,ASW,CE,Federal Contract Tower,0,9,46,0,55,0,3,32,0,35,0,12,78,0,90,74,0,74,164
11/16/2005,SGR,TX,ASW,CE,Federal Contract Tower,0,9,52,2,63,0,14,61,0,75,0,23,113,2,138,86,0,86,224
11/17/2005,SGR,TX,ASW,CE,Federal Contract Tower,0,7,35,0,42,0,1,84,0,85,0,8,119,0,127,124,0,124,251
11/18/2005,SGR,TX,ASW,CE,Federal Contract Tower,0,7,38,0,45,0,5,107,0,112,0,12,145,0,157,90,0,90,247
11/19/2005,SGR,TX,ASW,CE,Federal Contract Tower,0,0,30,0,30,0,9,92,0,101,0,9,122,0,131,214,0,214,345
11/20/2005,SGR,TX,ASW,CE,Federal Contract Tower,0,10,29,0,39,0,5,72,0,77,0,15,101,0,116,156,0,156,272
11/21/2005,SGR,TX,ASW,CE,Federal Contract Tower,0,2,26,0,28,0,11,78,0,89,0,13,104,0,117,108,0,108,225
11/22/2005,SGR,TX,ASW,CE,Federal Contract Tower,0,7,53,0,60,0,1,96,0,97,0,8,149,0,157,68,0,68,225
11/23/2005,SGR,TX,ASW,CE,Federal Contract Tower,0,14,58,0,72,0,6,95,0,101,0,20,153,0,173,126,0,126,299
11/24/2005,SGR,TX,ASW,CE,Federal Contract Tower,0,2,15,0,17,0,8,27,0,35,0,10,42,0,52,10,0,10,62
11/25/2005,SGR,TX,ASW,CE,Federal Contract Tower,0,4,47,0,51,0,4,15,0,19,0,8,62,0,70,46,0,46,116
11/26/2005,SGR,TX,ASW,CE,Federal Contract Tower,0,8,29,0,37,0,0,4,0,4,0,8,33,0,41,2,0,2,43
11/27/2005,SGR,TX,ASW,CE,Federal Contract Tower,0,11,60,0,71,0,1,49,0,50,0,12,109,0,121,60,0,60,181
11/28/2005,SGR,TX,ASW,CE,Federal Contract Tower,0,5,31,0,36,0,5,65,0,70,0,10,96,0,106,80,0,80,186
11/29/2005,SGR,TX,ASW,CE,Federal Contract Tower,0,9,36,0,45,0,5,106,0,111,0,14,142,0,156,164,0,164,320
11/30/2005,SGR,TX,ASW,CE,Federal Contract Tower,0,21,42,0,63,0,11,89,0,100,0,32,131,0,163,146,0,146,309
12/01/2005,SGR,TX,ASW,CE,Federal Contract Tower,0,8,47,0,55,0,10,73,0,83,0,18,120,0,138,92,0,92,230
12/02/2005,SGR,TX,ASW,CE,Federal Contract Tower,0,8,60,0,68,0,4,88,0,92,0,12,148,0,160,108,0,108,268
12/03/2005,SGR,TX,ASW,CE,Federal Contract Tower,0,3,37,0,40,0,15,60,0,75,0,18,97,0,115,114,0,114,229
12/04/2005,SGR,TX,ASW,CE,Federal Contract Tower,0,2,74,0,76,0,15,39,0,54,0,17,113,0,130,88,0,88,218
12/05/2005,SGR,TX,ASW,CE,Federal Contract Tower,0,2,50,2,54,0,3,85,0,88,0,5,135,2,142,112,0,112,254
12/06/2005,SGR,TX,ASW,CE,Federal Contract Tower,0,6,40,0,46,0,4,99,0,103,0,10,139,0,149,170,0,170,319
12/07/2005,SGR,TX,ASW,CE,Federal Contract Tower,0,11,47,0,58,0,1,25,0,26,0,12,72,0,84,32,0,32,116
12/08/2005,SGR,TX,ASW,CE,Federal Contract Tower,0,7,45,0,52,0,8,31,0,39,0,15,76,0,91,70,0,70,161
12/09/2005,SGR,TX,ASW,CE,Federal Contract Tower,0,8,55,0,63,0,10,89,2,101,0,18,144,2,164,164,0,164,328
12/10/2005,SGR,TX,ASW,CE,Federal Contract Tower,0,1,45,0,46,0,10,62,0,72,0,11,107,0,118,174,0,174,292
12/11/2005,SGR,TX,ASW,CE,Federal Contract Tower,0,9,36,0,45,0,6,83,0,89,0,15,119,0,134,202,2,204,338
12/12/2005,SGR,TX,ASW,CE,Federal Contract Tower,0,8,26,0,34,0,2,89,0,91,0,10,115,0,125,154,0,154,279
12/13/2005,SGR,TX,ASW,CE,Federal Contract Tower,0,4,37,0,41,0,4,119,0,123,0,8,156,0,164,248,0,248,412
12/14/2005,SGR,TX,ASW,CE,Federal Contract Tower,0,14,46,0,60,0,4,7,0,11,0,18,53,0,71,12,0,12,83
12/15/2005,SGR,TX,ASW,CE,Federal Contract Tower,0,9,52,0,61,0,2,111,0,113,0,11,163,0,174,206,0,206,380
12/16/2005,SGR,TX,ASW,CE,Federal Contract Tower,0,8,40,0,48,0,2,73,0,75,0,10,113,0,123,134,0,134,257
12/17/2005,SGR,TX,ASW,CE,Federal Contract Tower,0,5,32,0,37,0,8,4,0,12,0,13,36,0,49,76,0,76,125
12/18/2005,SGR,TX,ASW,CE,Federal Contract Tower,0,6,22,0,28,0,5,104,0,109,0,11,126,0,137,188,0,188,325
12/19/2005,SGR,TX,ASW,CE,Federal Contract Tower,0,7,35,0,42,0,2,67,0,69,0,9,102,0,111,154,0,154,265
12/20/2005,SGR,TX,ASW,CE,Federal Contract Tower,0,6,45,0,51,0,7,72,0,79,0,13,117,0,130,180,0,180,310
12/21/2005,SGR,TX,ASW,CE,Federal Contract Tower,0,9,41,0,50,0,8,94,0,102,0,17,135,0,152,162,0,162,314
12/22/2005,SGR,TX,ASW,CE,Federal Contract Tower,0,12,21,2,35,0,8,98,0,106,0,20,119,2,141,186,0,186,327
12/23/2005,SGR,TX,ASW,CE,Federal Contract Tower,0,2,17,0,19,0,8,96,0,104,0,10,113,0,123,188,0,188,311
12/24/2005,SGR,TX,ASW,CE,Federal Contract Tower,0,1,15,0,16,0,4,43,0,47,0,5,58,0,63,32,0,32,95
12/25/2005,SGR,TX,ASW,CE,Federal Contract Tower,0,2,9,0,11,0,3,48,0,51,0,5,57,0,62,42,0,42,104
12/26/2005,SGR,TX,ASW,CE,Federal Contract Tower,0,2,35,0,37,0,17,96,0,113,0,19,131,0,150,144,0,144,294
12/27/2005,SGR,TX,ASW,CE,Federal Contract Tower,0,4,29,0,33,0,10,46,0,56,0,14,75,0,89,74,0,74,163
12/28/2005,SGR,TX,ASW,CE,Federal Contract Tower,0,1,26,0,27,0,14,63,0,77,0,15,89,0,104,154,0,154,258
12/29/2005,SGR,TX,ASW,CE,Federal Contract Tower,0,3,36,0,39,0,5,134,0,139,0,8,170,0,178,182,0,182,360
12/30/2005,SGR,TX,ASW,CE,Federal Contract Tower,0,2,45,0,47,0,12,88,0,100,0,14,133,0,147,158,0,158,305
12/31/2005,SGR,TX,ASW,CE,Federal Contract Tower,0,1,24,0,25,0,0,92,0,92,0,1,116,0,117,188,0,188,305
01/01/2006,SGR,TX,ASW,CE,Federal Contract Tower,0,2,34,0,36,0,2,54,0,56,0,4,88,0,92,40,0,40,132
01/02/2006,SGR,TX,ASW,CE,Federal Contract Tower,0,6,27,0,33,0,7,113,0,120,0,13,140,0,153,192,0,192,345
01/03/2006,SGR,TX,ASW,CE,Federal Contract Tower,0,3,33,0,36,0,2,85,0,87,0,5,118,0,123,160,0,160,283
01/04/2006,SGR,TX,ASW,CE,Federal Contract Tower,0,6,41,0,47,0,4,56,0,60,0,10,97,0,107,94,0,94,201
01/05/2006,SGR,TX,ASW,CE,Federal Contract Tower,0,8,36,0,44,0,1,96,0,97,0,9,132,0,141,76,0,76,217
01/06/2006,SGR,TX,ASW,CE,Federal Contract Tower,0,2,34,0,36,0,2,103,0,105,0,4,137,0,141,134,0,134,275
01/07/2006,SGR,TX,ASW,CE,Federal Contract Tower,0,4,17,0,21,0,9,96,0,105,0,13,113,0,126,144,0,144,270
01/08/2006,SGR,TX,ASW,CE,Federal Contract Tower,0,2,24,0,26,0,5,94,0,99,0,7,118,0,125,70,0,70,195
01/09/2006,SGR,TX,ASW,CE,Federal Contract Tower,0,1,35,0,36,0,2,65,0,67,0,3,100,0,103,134,0,134,237
01/10/2006,SGR,TX,ASW,CE,Federal Contract Tower,0,5,35,2,42,0,9,93,0,102,0,14,128,2,144,148,0,148,292
01/11/2006,SGR,TX,ASW,CE,Federal Contract Tower,0,5,63,0,68,0,5,109,0,114,0,10,172,0,182,154,0,154,336
01/12/2006,SGR,TX,ASW,CE,Federal Contract Tower,0,6,62,0,68,0,1,53,2,56,0,7,115,2,124,84,0,84,208
01/13/2006,SGR,TX,ASW,CE,Federal Contract Tower,0,10,47,0,57,0,4,96,0,100,0,14,143,0,157,78,0,78,235
01/14/2006,SGR,TX,ASW,CE,Federal Contract Tower,0,3,10,0,13,0,7,144,0,151,0,10,154,0,164,224,0,224,388
01/15/2006,SGR,TX,ASW,CE,Federal Contract Tower,0,1,34,0,35,0,8,89,0,97,0,9,123,0,132,158,0,158,290
01/16/2006,SGR,TX,ASW,CE,Federal Contract Tower,0,6,55,0,61,0,5,27,0,32,0,11,82,0,93,60,0,60,153
01/17/2006,SGR,TX,ASW,CE,Federal Contract Tower,0,7,33,0,40,0,13,56,0,69,0,20,89,0,109,54,0,54,163
01/18/2006,SGR,TX,ASW,CE,Federal Contract Tower,0,7,42,0,49,0,11,85,0,96,0,18,127,0,145,156,0,156,301
01/19/2006,SGR,TX,ASW,CE,Federal Contract Tower,0,10,61,2,73,0,7,75,0,82,0,17,136,2,155,128,0,128,283
01/20/2006,SGR,TX,ASW,CE,Federal Contract Tower,0,6,44,0,50,0,13,86,0,99,0,19,130,0,149,148,0,148,297
01/21/2006,SGR,TX,ASW,CE,Federal Contract Tower,0,1,20,0,21,0,9,99,0,108,0,10,119,0,129,184,0,184,313
01/22/2006,SGR,TX,ASW,CE,Federal Contract Tower,0,5,34,0,39,0,0,0,0,0,0,5,34,0,39,2,0,2,41
01/23/2006,SGR,TX,ASW,CE,Federal Contract Tower,0,0,70,0,70,0,7,20,0,27,0,7,90,0,97,52,0,52,149
01/24/2006,SGR,TX,ASW,CE,Federal Contract Tower,0,4,57,0,61,0,15,101,0,116,0,19,158,0,177,172,0,172,349
01/25/2006,SGR,TX,ASW,CE,Federal Contract Tower,0,7,60,1,68,0,4,124,0,128,0,11,184,1,196,138,0,138,334
01/26/2006,SGR,TX,ASW,CE,Federal Contract Tower,0,4,50,0,54,0,8,76,0,84,0,12,126,0,138,144,0,144,282
01/27/2006,SGR,TX,ASW,CE,Federal Contract Tower,0,5,25,0,30,0,14,70,0,84,0,19,95,0,114,108,0,108,222
01/28/2006,SGR,TX,ASW,CE,Federal Contract Tower,0,0,10,0,10,0,2,49,0,51,0,2,59,0,61,58,0,58,119
01/29/2006,SGR,TX,ASW,CE,Federal Contract Tower,0,1,37,0,38,0,6,92,0,98,0,7,129,0,136,134,0,134,270
01/30/2006,SGR,TX,ASW,CE,Federal Contract Tower,0,10,32,0,42,0,6,76,0,82,0,16,108,0,124,94,0,94,218
01/31/2006,SGR,TX,ASW,CE,Federal Contract Tower,0,5,36,0,41,0,11,108,0,119,0,16,144,0,160,100,0,100,260
02/01/2006,SGR,TX,ASW,CE,Federal Contract Tower,0,4,45,0,49,0,3,31,0,34,0,7,76,0,83,82,0,82,165
02/02/2006,SGR,TX,ASW,CE,Federal Contract Tower,0,5,66,0,71,0,9,70,0,79,0,14,136,0,150,74,0,74,224
02/03/2006,SGR,TX,ASW,CE,Federal Contract Tower,0,5,68,0,73,0,0,88,0,88,0,5,156,0,161,118,0,118,279
02/04/2006,SGR,TX,ASW,CE,Federal Contract Tower,0,0,27,0,27,0,2,109,0,111,0,2,136,0,138,172,0,172,310
02/05/2006,SGR,TX,ASW,CE,Federal Contract Tower,0,4,28,0,32,0,6,67,0,73,0,10,95,0,105,108,0,108,213
02/06/2006,SGR,TX,ASW,CE,Federal Contract Tower,0,7,55,0,62,0,7,55,0,62,0,14,110,0,124,118,0,118,242
02/07/2006,SGR,TX,ASW,CE,Federal Contract Tower,0,5,29,0,34,0,16,108,0,124,0,21,137,0,158,200,0,200,358
02/08/2006,SGR,TX,ASW,CE,Federal Contract Tower,0,7,41,0,48,0,6,81,0,87,0,13,122,0,135,196,0,196,331
02/09/2006,SGR,TX,ASW,CE,Federal Contract Tower,0,9,52,2,63,0,7,89,0,96,0,16,141,2,159,122,0,122,281
02/10/2006,SGR,TX,ASW,CE,Federal Contract Tower,0,3,45,0,48,0,5,14,0,19,0,8,59,0,67,12,0,12,79
02/11/2006,SGR,TX,ASW,CE,Federal Contract Tower,0,1,22,0,23,0,2,70,0,72,0,3,92,0,95,138,0,138,233
02/12/2006,SGR,TX,ASW,CE,Federal Contract Tower,0,7,25,0,32,0,3,101,0,104,0,10,126,0,136,78,0,78,214
02/13/2006,SGR,TX,ASW,CE,Federal Contract Tower,0,4,28,0,32,0,8,79,0,87,0,12,107,0,119,190,0,190,309
02/14/2006,SGR,TX,ASW,CE,Federal Contract Tower,0,3,40,0,43,0,7,83,2,92,0,10,123,2,135,148,0,148,283
02/15/2006,SGR,TX,ASW,CE,Federal Contract Tower,0,5,52,0,57,0,3,74,0,77,0,8,126,0,134,122,0,122,256
02/16/2006,SGR,TX,ASW,CE,Federal Contract Tower,0,5,42,0,47,0,5,62,0,67,0,10,104,0,114,82,0,82,196
02/17/2006,SGR,TX,ASW,CE,Federal Contract Tower,0,7,78,0,85,0,0,5,0,5,0,7,83,0,90,0,0,0,90
02/18/2006,SGR,TX,ASW,CE,Federal Contract Tower,0,9,31,0,40,0,0,5,0,5,0,9,36,0,45,24,0,24,69
02/19/2006,SGR,TX,ASW,CE,Federal Contract Tower,0,4,27,4,35,0,2,2,0,4,0,6,29,4,39,0,0,0,39
02/20/2006,SGR,TX,ASW,CE,Federal Contract Tower,0,6,37,0,43,0,0,28,0,28,0,6,65,0,71,76,0,76,147
02/21/2006,SGR,TX,ASW,CE,Federal Contract Tower,0,11,41,1,53,0,1,4,0,5,0,12,45,1,58,0,0,0,58
02/22/2006,SGR,TX,ASW,CE,Federal Contract Tower,0,7,48,0,55,0,7,32,0,39,0,14,80,0,94,88,0,88,182
02/23/2006,SGR,TX,ASW,CE,Federal Contract Tower,0,6,58,0,64,0,8,82,0,90,0,14,140,0,154,100,0,100,254
02/24/2006,SGR,TX,ASW,CE,Federal Contract Tower,0,6,59,0,65,0,6,41,0,47,0,12,100,0,112,46,0,46,158
02/25/2006,SGR,TX,ASW,CE,Federal Contract Tower,0,1,43,0,44,0,1,0,0,1,0,2,43,0,45,24,0,24,69
02/26/2006,SGR,TX,ASW,CE,Federal Contract Tower,0,2,32,0,34,0,5,147,0,152,0,7,179,0,186,278,0,278,464
02/27/2006,SGR,TX,ASW,CE,Federal Contract Tower,0,3,47,0,50,0,6,72,0,78,0,9,119,0,128,138,0,138,266
02/28/2006,SGR,TX,ASW,CE,Federal Contract Tower,0,7,54,0,61,0,8,85,0,93,0,15,139,0,154,168,0,168,322
03/01/2006,SGR,TX,ASW,CE,Federal Contract Tower,0,7,57,0,64,0,4,116,0,120,0,11,173,0,184,222,0,222,406
03/02/2006,SGR,TX,ASW,CE,Federal Contract Tower,0,14,54,0,68,0,5,65,0,70,0,19,119,0,138,106,0,106,244
03/03/2006,SGR,TX,ASW,CE,Federal Contract Tower,0,13,38,0,51,0,6,75,0,81,0,19,113,0,132,100,0,100,232
03/04/2006,SGR,TX,ASW,CE,Federal Contract Tower,0,6,38,0,44,0,5,115,0,120,0,11,153,0,164,162,0,162,326
03/05/2006,SGR,TX,ASW,CE,Federal Contract Tower,0,8,42,0,50,0,3,76,0,79,0,11,118,0,129,170,2,172,301
03/06/2006,SGR,TX,ASW,CE,Federal Contract Tower,0,4,39,0,43,0,7,34,0,41,0,11,73,0,84,116,0,116,200
03/07/2006,SGR,TX,ASW,CE,Federal Contract Tower,0,4,70,0,74,0,5,30,0,35,0,9,100,0,109,56,0,56,165
03/08/2006,SGR,TX,ASW,CE,Federal Contract Tower,0,6,63,0,69,0,8,35,0,43,0,14,98,0,112,122,2,124,236
03/09/2006,SGR,TX,ASW,CE,Federal Contract Tower,0,4,45,0,49,0,8,32,0,40,0,12,77,0,89,84,0,84,173
03/10/2006,SGR,TX,ASW,CE,Federal Contract Tower,0,6,85,0,91,0,1,44,0,45,0,7,129,0,136,78,0,78,214
03/11/2006,SGR,TX,ASW,CE,Federal Contract Tower,0,3,37,0,40,0,4,65,0,69,0,7,102,0,109,98,0,98,207
03/12/2006,SGR,TX,ASW,CE,Federal Contract Tower,0,7,61,0,68,0,7,64,0,71,0,14,125,0,139,122,0,122,261
03/13/2006,SGR,TX,ASW,CE,Federal Contract Tower,0,6,58,0,64,0,4,30,0,34,0,10,88,0,98,122,0,122,220
03/14/2006,SGR,TX,ASW,CE,Federal Contract Tower,0,8,52,0,60,0,8,103,0,111,0,16,155,0,171,196,0,196,367
03/15/2006,SGR,TX,ASW,CE,Federal Contract Tower,0,8,53,2,63,0,6,67,0,73,0,14,120,2,136,112,0,112,248
03/16/2006,SGR,TX,ASW,CE,Federal Contract Tower,0,4,59,0,63,0,2,44,0,46,0,6,103,0,109,76,0,76,185
03/17/2006,SGR,TX,ASW,CE,Federal Contract Tower,0,9,57,0,66,0,4,65,0,69,0,13,122,0,135,74,0,74,209
03/18/2006,SGR,TX,ASW,CE,Federal Contract Tower,0,3,66,0,69,0,4,34,6,44,0,7,100,6,113,62,0,62,175
03/19/2006,SGR,TX,ASW,CE,Federal Contract Tower,0,0,26,0,26,0,3,41,0,44,0,3,67,0,70,138,0,138,208
03/20/2006,SGR,TX,ASW,CE,Federal Contract Tower,0,4,32,0,36,0,0,62,0,62,0,4,94,0,98,100,0,100,198
03/21/2006,SGR,TX,ASW,CE,Federal Contract Tower,0,4,30,0,34,0,9,112,0,121,0,13,142,0,155,192,0,192,347
03/22/2006,SGR,TX,ASW,CE,Federal Contract Tower,0,7,51,0,58,0,8,87,0,95,0,15,138,0,153,150,0,150,303
03/23/2006,SGR,TX,ASW,CE,Federal Contract Tower,0,6,40,0,46,0,15,82,0,97,0,21,122,0,143,134,2,136,279
03/24/2006,SGR,TX,ASW,CE,Federal Contract Tower,0,3,27,0,30,0,7,107,0,114,0,10,134,0,144,140,0,140,284
03/25/2006,SGR,TX,ASW,CE,Federal Contract Tower,0,3,19,0,22,0,3,148,0,151,0,6,167,0,173,262,0,262,435
03/26/2006,SGR,TX,ASW,CE,Federal Contract Tower,0,5,36,0,41,0,11,91,0,102,0,16,127,0,143,174,0,174,317
03/27/2006,SGR,TX,ASW,CE,Federal Contract Tower,0,2,36,0,38,0,3,56,0,59,0,5,92,0,97,96,0,96,193
03/28/2006,SGR,TX,ASW,CE,Federal Contract Tower,0,3,34,0,37,0,9,45,0,54,0,12,79,0,91,74,0,74,165
03/29/2006,SGR,TX,ASW,CE,Federal Contract Tower,0,8,48,0,56,0,8,14,0,22,0,16,62,0,78,12,0,12,90
03/30/2006,SGR,TX,ASW,CE,Federal Contract Tower,0,6,75,0,81,0,5,49,0,54,0,11,124,0,135,132,0,132,267
03/31/2006,SGR,TX,ASW,CE,Federal Contract Tower,0,5,49,0,54,0,4,74,0,78,0,9,123,0,132,208,0,208,340
04/01/2006,SGR,TX,ASW,CE,Federal Contract Tower,0,10,44,0,54,0,7,81,0,88,0,17,125,0,142,304,0,304,446
04/02/2006,SGR,TX,ASW,CE,Federal Contract Tower,0,10,40,0,50,0,8,91,0,99,0,18,131,0,149,164,0,164,313
04/03/2006,SGR,TX,ASW,CE,Federal Contract Tower,0,8,44,0,52,0,6,35,0,41,0,14,79,0,93,120,0,120,213
04/04/2006,SGR,TX,ASW,CE,Federal Contract Tower,0,7,47,2,56,0,14,71,0,85,0,21,118,2,141,128,0,128,269
04/05/2006,SGR,TX,ASW,CE,Federal Contract Tower,0,11,46,0,57,0,6,80,0,86,0,17,126,0,143,78,2,80,223
04/06/2006,SGR,TX,ASW,CE,Federal Contract Tower,0,8,45,0,53,0,5,66,0,71,0,13,111,0,124,110,0,110,234
04/07/2006,SGR,TX,ASW,CE,Federal Contract Tower,0,7,50,0,57,0,2,81,0,83,0,9,131,0,140,150,0,150,290
04/08/2006,SGR,TX,ASW,CE,Federal Contract Tower,0,5,23,0,28,0,7,102,0,109,0,12,125,0,137,168,0,168,305
04/09/2006,SGR,TX,ASW,CE,Federal Contract Tower,0,4,18,0,22,0,9,100,0,109,0,13,118,0,131,108,0,108,239
04/10/2006,SGR,TX,ASW,CE,Federal Contract Tower,0,4,18,0,22,0,8,81,0,89,0,12,99,0,111,188,0,188,299
04/11/2006,SGR,TX,ASW,CE,Federal Contract Tower,0,8,37,0,45,0,8,91,0,99,0,16,128,0,144,168,0,168,312
04/12/2006,SGR,TX,ASW,CE,Federal Contract Tower,0,3,46,0,49,0,0,105,0,105,0,3,151,0,154,116,0,116,270
04/13/2006,SGR,TX,ASW,CE,Federal Contract Tower,0,2,76,0,78,0,4,103,0,107,0,6,179,0,185,108,0,108,293
04/14/2006,SGR,TX,ASW,CE,Federal Contract Tower,0,4,34,0,38,0,7,87,0,94,0,11,121,0,132,216,0,216,348
04/15/2006,SGR,TX,ASW,CE,Federal Contract Tower,0,2,18,0,20,0,11,62,0,73,0,13,80,0,93,134,0,134,227
04/16/2006,SGR,TX,ASW,CE,Federal Contract Tower,0,5,35,2,42,0,14,45,0,59,0,19,80,2,101,62,2,64,165
04/17/2006,SGR,TX,ASW,CE,Federal Contract Tower,0,1,54,0,55,0,12,93,0,105,0,13,147,0,160,152,0,152,312
04/18/2006,SGR,TX,ASW,CE,Federal Contract Tower,0,9,49,0,58,0,6,76,0,82,0,15,125,0,140,140,0,140,280
04/19/2006,SGR,TX,ASW,CE,Federal Contract Tower,0,7,59,0,66,0,5,57,0,62,0,12,116,0,128,72,0,72,200
04/20/2006,SGR,TX,ASW,CE,Federal Contract Tower,0,11,58,0,69,0,8,62,0,70,0,19,120,0,139,136,0,136,275
04/21/2006,SGR,TX,ASW,CE,Federal Contract Tower,0,4,44,0,48,0,13,62,0,75,0,17,106,0,123,86,0,86,209
04/22/2006,SGR,TX,ASW,CE,Federal Contract Tower,0,5,18,0,23,0,11,117,0,128,0,16,135,0,151,204,0,204,355
04/23/2006,SGR,TX,ASW,CE,Federal Contract Tower,0,6,23,0,29,0,4,88,0,92,0,10,111,0,121,166,0,166,287
04/24/2006,SGR,TX,ASW,CE,Federal Contract Tower,0,3,29,0,32,0,16,53,0,69,0,19,82,0,101,50,0,50,151
04/25/2006,SGR,TX,ASW,CE,Federal Contract Tower,0,7,68,2,77,0,11,72,1,84,0,18,140,3,161,120,0,120,281
04/26/2006,SGR,TX,ASW,CE,Federal Contract Tower,0,9,56,0,65,0,7,44,0,51,0,16,100,0,116,102,0,102,218
04/27/2006,SGR,TX,ASW,CE,Federal Contract Tower,0,6,66,2,74,0,11,101,0,112,0,17,167,2,186,138,0,138,324
04/28/2006,SGR,TX,ASW,CE,Federal Contract Tower,0,4,67,0,71,0,8,38,0,46,0,12,105,0,117,64,0,64,181
04/29/2006,SGR,TX,ASW,CE,Federal Contract Tower,0,5,18,0,23,0,3,50,0,53,0,8,68,0,76,104,0,104,180
04/30/2006,SGR,TX,ASW,CE,Federal Contract Tower,0,7,39,0,46,0,4,123,0,127,0,11,162,0,173,206,0,206,379
05/01/2006,SGR,TX,ASW,CE,Federal Contract Tower,0,6,38,0,44,0,8,92,0,100,0,14,130,0,144,150,0,150,294
05/02/2006,SGR,TX,ASW,CE,Federal Contract Tower,0,10,63,0,73,0,16,60,0,76,0,26,123,0,149,176,0,176,325
05/03/2006,SGR,TX,ASW,CE,Federal Contract Tower,0,12,43,0,55,0,2,70,0,72,0,14,113,0,127,84,0,84,211
05/04/2006,SGR,TX,ASW,CE,Federal Contract Tower,0,18,57,0,75,0,8,66,0,74,0,26,123,0,149,108,0,108,257
05/05/2006,SGR,TX,ASW,CE,Federal Contract Tower,0,12,46,0,58,0,5,76,0,81,0,17,122,0,139,150,0,150,289
05/06/2006,SGR,TX,ASW,CE,Federal Contract Tower,0,4,15,0,19,0,5,57,0,62,0,9,72,0,81,158,0,158,239
05/07/2006,SGR,TX,ASW,CE,Federal Contract Tower,0,14,66,0,80,0,2,118,0,120,0,16,184,0,200,168,0,168,368
05/08/2006,SGR,TX,ASW,CE,Federal Contract Tower,0,8,48,0,56,0,4,43,0,47,0,12,91,0,103,104,0,104,207
05/09/2006,SGR,TX,ASW,CE,Federal Contract Tower,0,13,35,0,48,0,7,71,0,78,0,20,106,0,126,152,0,152,278
05/10/2006,SGR,TX,ASW,CE,Federal Contract Tower,0,14,62,0,76,0,5,43,0,48,0,19,105,0,124,90,0,90,214
05/11/2006,SGR,TX,ASW,CE,Federal Contract Tower,0,8,35,0,43,0,13,111,0,124,0,21,146,0,167,140,0,140,307
05/12/2006,SGR,TX,ASW,CE,Federal Contract Tower,0,4,42,0,46,0,5,147,0,152,0,9,189,0,198,176,0,176,374
05/13/2006,SGR,TX,ASW,CE,Federal Contract Tower,0,4,20,0,24,0,4,138,0,142,0,8,158,0,166,166,0,166,332
05/14/2006,SGR,TX,ASW,CE,Federal Contract Tower,0,6,30,0,36,0,0,45,0,45,0,6,75,0,81,72,0,72,153
05/15/2006,SGR,TX,ASW,CE,Federal Contract Tower,0,3,57,0,60,0,4,54,0,58,0,7,111,0,118,84,0,84,202
05/16/2006,SGR,TX,ASW,CE,Federal Contract Tower,0,9,52,0,61,0,6,132,0,138,0,15,184,0,199,160,0,160,359
05/17/2006,SGR,TX,ASW,CE,Federal Contract Tower,0,5,56,0,61,0,12,95,0,107,0,17,151,0,168,132,0,132,300
05/18/2006,SGR,TX,ASW,CE,Federal Contract Tower,0,2,55,2,59,0,8,106,0,114,0,10,161,2,173,106,0,106,279
05/19/2006,SGR,TX,ASW,CE,Federal Contract Tower,0,3,48,0,51,0,13,110,0,123,0,16,158,0,174,170,0,170,344
05/20/2006,SGR,TX,ASW,CE,Federal Contract Tower,0,6,20,0,26,0,8,97,0,105,0,14,117,0,131,182,0,182,313
05/21/2006,SGR,TX,ASW,CE,Federal Contract Tower,0,4,21,0,25,0,3,83,0,86,0,7,104,0,111,140,0,140,251
05/22/2006,SGR,TX,ASW,CE,Federal Contract Tower,0,10,49,0,59,0,3,72,0,75,0,13,121,0,134,188,0,188,322
05/23/2006,SGR,TX,ASW,CE,Federal Contract Tower,0,6,33,0,39,0,1,88,0,89,0,7,121,0,128,158,0,158,286
05/24/2006,SGR,TX,ASW,CE,Federal Contract Tower,0,9,57,0,66,0,7,107,0,114,0,16,164,0,180,174,0,174,354
05/25/2006,SGR,TX,ASW,CE,Federal Contract Tower,0,7,49,0,56,0,6,75,0,81,0,13,124,0,137,116,0,116,253
05/26/2006,SGR,TX,ASW,CE,Federal Contract Tower,0,3,20,0,23,0,10,112,0,122,0,13,132,0,145,134,0,134,279
05/27/2006,SGR,TX,ASW,CE,Federal Contract Tower,0,0,34,0,34,0,12,67,0,79,0,12,101,0,113,152,0,152,265
05/28/2006,SGR,TX,ASW,CE,Federal Contract Tower,0,0,15,0,15,0,4,30,0,34,0,4,45,0,49,66,0,66,115
05/29/2006,SGR,TX,ASW,CE,Federal Contract Tower,0,8,29,0,37,0,3,43,0,46,0,11,72,0,83,82,0,82,165
05/30/2006,SGR,TX,ASW,CE,Federal Contract Tower,0,4,67,0,71,0,10,26,0,36,0,14,93,0,107,60,0,60,167
05/31/2006,SGR,TX,ASW,CE,Federal Contract Tower,0,8,45,0,53,0,2,13,0,15,0,10,58,0,68,16,0,16,84
06/01/2006,SGR,TX,ASW,CE,Federal Contract Tower,0,10,41,0,51,0,9,48,0,57,0,19,89,0,108,44,0,44,152
06/02/2006,SGR,TX,ASW,CE,Federal Contract Tower,0,19,29,0,48,0,1,102,2,105,0,20,131,2,153,272,0,272,425
06/03/2006,SGR,TX,ASW,CE,Federal Contract Tower,0,0,14,0,14,0,4,124,0,128,0,4,138,0,142,236,0,236,378
06/04/2006,SGR,TX,ASW,CE,Federal Contract Tower,0,5,33,0,38,0,2,98,0,100,0,7,131,0,138,140,0,140,278
06/05/2006,SGR,TX,ASW,CE,Federal Contract Tower,0,9,25,0,34,0,10,72,0,82,0,19,97,0,116,110,0,110,226
06/06/2006,SGR,TX,ASW,CE,Federal Contract Tower,0,11,37,0,48,0,7,112,0,119,0,18,149,0,167,132,0,132,299
06/07/2006,SGR,TX,ASW,CE,Federal Contract Tower,0,5,37,4,46,0,4,88,0,92,0,9,125,4,138,108,0,108,246
06/08/2006,SGR,TX,ASW,CE,Federal Contract Tower,0,5,41,1,47,0,2,72,0,74,0,7,113,1,121,74,0,74,195
06/09/2006,SGR,TX,ASW,CE,Federal Contract Tower,0,4,51,0,55,0,6,124,0,130,0,10,175,0,185,128,0,128,313
06/10/2006,SGR,TX,ASW,CE,Federal Contract Tower,0,2,14,0,16,0,6,97,0,103,0,8,111,0,119,134,0,134,253
06/11/2006,SGR,TX,ASW,CE,Federal Contract Tower,0,6,44,1,51,0,8,85,0,93,0,14,129,1,144,146,0,146,290
06/12/2006,SGR,TX,ASW,CE,Federal Contract Tower,0,14,40,0,54,0,4,67,0,71,0,18,107,0,125,126,0,126,251
06/13/2006,SGR,TX,ASW,CE,Federal Contract Tower,0,9,45,0,54,0,5,72,0,77,0,14,117,0,131,138,0,138,269
06/14/2006,SGR,TX,ASW,CE,Federal Contract Tower,0,5,46,2,53,0,11,99,0,110,0,16,145,2,163,150,0,150,313
06/15/2006,SGR,TX,ASW,CE,Federal Contract Tower,0,12,68,0,80,0,6,72,0,78,0,18,140,0,158,80,0,80,238
06/16/2006,SGR,TX,ASW,CE,Federal Contract Tower,0,5,49,0,54,0,8,55,0,63,0,13,104,0,117,126,0,126,243
06/17/2006,SGR,TX,ASW,CE,Federal Contract Tower,0,4,11,0,15,0,7,36,0,43,0,11,47,0,58,68,0,68,126
06/18/2006,SGR,TX,ASW,CE,Federal Contract Tower,0,4,26,0,30,0,5,54,0,59,0,9,80,0,89,98,0,98,187
06/19/2006,SGR,TX,ASW,CE,Federal Contract Tower,0,1,52,0,53,0,9,35,0,44,0,10,87,0,97,54,0,54,151
06/20/2006,SGR,TX,ASW,CE,Federal Contract Tower,0,4,32,0,36,0,5,52,0,57,0,9,84,0,93,48,0,48,141
06/21/2006,SGR,TX,ASW,CE,Federal Contract Tower,0,5,38,0,43,0,12,65,0,77,0,17,103,0,120,134,0,134,254
06/22/2006,SGR,TX,ASW,CE,Federal Contract Tower,0,4,30,0,34,0,4,53,0,57,0,8,83,0,91,80,0,80,171
06/23/2006,SGR,TX,ASW,CE,Federal Contract Tower,0,4,41,0,45,0,1,98,0,99,0,5,139,0,144,158,0,158,302
06/24/2006,SGR,TX,ASW,CE,Federal Contract Tower,0,2,30,0,32,0,13,97,0,110,0,15,127,0,142,196,0,196,338
06/25/2006,SGR,TX,ASW,CE,Federal Contract Tower,0,3,38,0,41,0,9,84,0,93,0,12,122,0,134,148,0,148,282
06/26/2006,SGR,TX,ASW,CE,Federal Contract Tower,0,7,46,0,53,0,9,62,0,71,0,16,108,0,124,120,0,120,244
06/27/2006,SGR,TX,ASW,CE,Federal Contract Tower,0,8,45,0,53,0,9,110,0,119,0,17,155,0,172,142,0,142,314
06/28/2006,SGR,TX,ASW,CE,Federal Contract Tower,0,0,38,0,38,0,5,81,0,86,0,5,119,0,124,90,0,90,214
06/29/2006,SGR,TX,ASW,CE,Federal Contract Tower,0,6,30,0,36,0,8,96,0,104,0,14,126,0,140,110,0,110,250
06/30/2006,SGR,TX,ASW,CE,Federal Contract Tower,0,9,39,0,48,0,3,73,0,76,0,12,112,0,124,90,0,90,214
07/01/2006,SGR,TX,ASW,CE,Federal Contract Tower,0,7,27,0,34,0,9,60,0,69,0,16,87,0,103,122,0,122,225
07/02/2006,SGR,TX,ASW,CE,Federal Contract Tower,0,4,19,0,23,0,1,37,0,38,0,5,56,0,61,40,0,40,101
07/03/2006,SGR,TX,ASW,CE,Federal Contract Tower,0,1,27,0,28,0,4,10,0,14,0,5,37,0,42,38,0,38,80
07/04/2006,SGR,TX,ASW,CE,Federal Contract Tower,0,3,5,0,8,0,6,13,0,19,0,9,18,0,27,38,0,38,65
07/05/2006,SGR,TX,ASW,CE,Federal Contract Tower,0,5,51,0,56,0,3,20,0,23,0,8,71,0,79,22,0,22,101
07/06/2006,SGR,TX,ASW,CE,Federal Contract Tower,0,14,43,0,57,0,4,19,0,23,0,18,62,0,80,30,0,30,110
07/07/2006,SGR,TX,ASW,CE,Federal Contract Tower,0,12,46,0,58,0,11,64,0,75,0,23,110,0,133,116,0,116,249
07/08/2006,SGR,TX,ASW,CE,Federal Contract Tower,0,8,34,0,42,0,5,50,0,55,0,13,84,0,97,86,0,86,183
07/09/2006,SGR,TX,ASW,CE,Federal Contract Tower,0,8,33,0,41,0,6,66,0,72,0,14,99,0,113,150,0,150,263
07/10/2006,SGR,TX,ASW,CE,Federal Contract Tower,0,6,29,0,35,0,9,65,0,74,0,15,94,0,109,108,0,108,217
07/11/2006,SGR,TX,ASW,CE,Federal Contract Tower,0,7,29,0,36,0,6,88,2,96,0,13,117,2,132,172,0,172,304
07/12/2006,SGR,TX,ASW,CE,Federal Contract Tower,0,13,60,0,73,0,4,77,0,81,0,17,137,0,154,100,0,100,254
07/13/2006,SGR,TX,ASW,CE,Federal Contract Tower,0,8,50,0,58,0,4,87,0,91,0,12,137,0,149,86,0,86,235
07/14/2006,SGR,TX,ASW,CE,Federal Contract Tower,0,11,32,0,43,0,9,92,0,101,0,20,124,0,144,132,0,132,276
07/15/2006,SGR,TX,ASW,CE,Federal Contract Tower,0,10,18,0,28,0,16,117,0,133,0,26,135,0,161,206,0,206,367
07/16/2006,SGR,TX,ASW,CE,Federal Contract Tower,0,12,24,0,36,0,9,92,0,101,0,21,116,0,137,134,0,134,271
07/17/2006,SGR,TX,ASW,CE,Federal Contract Tower,0,2,28,0,30,0,4,55,0,59,0,6,83,0,89,58,0,58,147
07/18/2006,SGR,TX,ASW,CE,Federal Contract Tower,0,11,41,0,52,0,6,67,0,73,0,17,108,0,125,104,0,104,229
07/19/2006,SGR,TX,ASW,CE,Federal Contract Tower,0,3,44,0,47,0,13,61,0,74,0,16,105,0,121,184,0,184,305
07/20/2006,SGR,TX,ASW,CE,Federal Contract Tower,0,12,46,0,58,0,12,67,0,79,0,24,113,0,137,116,0,116,253
07/21/2006,SGR,TX,ASW,CE,Federal Contract Tower,0,9,30,0,39,0,6,95,0,101,0,15,125,0,140,144,0,144,284
07/22/2006,SGR,TX,ASW,CE,Federal Contract Tower,0,4,16,0,20,0,6,113,0,119,0,10,129,0,139,150,0,150,289
07/23/2006,SGR,TX,ASW,CE,Federal Contract Tower,0,4,26,0,30,0,4,87,0,91,0,8,113,0,121,120,0,120,241
07/24/2006,SGR,TX,ASW,CE,Federal Contract Tower,0,6,21,0,27,0,4,32,0,36,0,10,53,0,63,84,0,84,147
07/25/2006,SGR,TX,ASW,CE,Federal Contract Tower,0,13,37,0,50,0,7,38,0,45,0,20,75,0,95,76,0,76,171
07/26/2006,SGR,TX,ASW,CE,Federal Contract Tower,0,5,43,0,48,0,1,12,0,13,0,6,55,0,61,4,0,4,65
07/27/2006,SGR,TX,ASW,CE,Federal Contract Tower,0,12,36,0,48,0,3,64,0,67,0,15,100,0,115,100,0,100,215
07/28/2006,SGR,TX,ASW,CE,Federal Contract Tower,0,12,41,7,60,0,5,108,0,113,0,17,149,7,173,146,0,146,319
07/29/2006,SGR,TX,ASW,CE,Federal Contract Tower,0,7,15,0,22,0,8,130,0,138,0,15,145,0,160,146,0,146,306
07/30/2006,SGR,TX,ASW,CE,Federal Contract Tower,0,12,35,0,47,0,9,99,0,108,0,21,134,0,155,154,0,154,309
07/31/2006,SGR,TX,ASW,CE,Federal Contract Tower,0,6,24,0,30,0,11,83,0,94,0,17,107,0,124,114,0,114,238
08/01/2006,SGR,TX,ASW,CE,Federal Contract Tower,0,8,39,0,47,0,6,104,0,110,0,14,143,0,157,184,0,184,341
08/02/2006,SGR,TX,ASW,CE,Federal Contract Tower,0,6,50,0,56,0,10,76,0,86,0,16,126,0,142,158,0,158,300
08/03/2006,SGR,TX,ASW,CE,Federal Contract Tower,0,2,27,0,29,0,9,102,0,111,0,11,129,0,140,158,0,158,298
08/04/2006,SGR,TX,ASW,CE,Federal Contract Tower,0,10,45,4,59,0,13,83,0,96,0,23,128,4,155,136,0,136,291
08/05/2006,SGR,TX,ASW,CE,Federal Contract Tower,0,5,28,0,33,0,6,111,0,117,0,11,139,0,150,102,0,102,252
08/06/2006,SGR,TX,ASW,CE,Federal Contract Tower,0,8,23,0,31,0,5,64,0,69,0,13,87,0,100,124,0,124,224
08/07/2006,SGR,TX,ASW,CE,Federal Contract Tower,0,7,40,0,47,0,10,28,0,38,0,17,68,0,85,116,0,116,201
08/08/2006,SGR,TX,ASW,CE,Federal Contract Tower,0,3,50,0,53,0,11,105,0,116,0,14,155,0,169,134,0,134,303
08/09/2006,SGR,TX,ASW,CE,Federal Contract Tower,0,8,42,0,50,0,7,97,0,104,0,15,139,0,154,124,0,124,278
08/10/2006,SGR,TX,ASW,CE,Federal Contract Tower,0,10,42,0,52,0,6,66,0,72,0,16,108,0,124,66,0,66,190
08/11/2006,SGR,TX,ASW,CE,Federal Contract Tower,0,8,45,0,53,0,4,81,0,85,0,12,126,0,138,120,0,120,258
08/12/2006,SGR,TX,ASW,CE,Federal Contract Tower,0,6,14,0,20,0,8,106,0,114,0,14,120,0,134,96,0,96,230
08/13/2006,SGR,TX,ASW,CE,Federal Contract Tower,0,7,26,0,33,0,15,108,0,123,0,22,134,0,156,152,0,152,308
08/14/2006,SGR,TX,ASW,CE,Federal Contract Tower,0,14,28,0,42,0,15,70,0,85,0,29,98,0,127,128,0,128,255
08/15/2006,SGR,TX,ASW,CE,Federal Contract Tower,0,6,41,0,47,0,9,81,0,90,0,15,122,0,137,86,0,86,223
08/16/2006,SGR,TX,ASW,CE,Federal Contract Tower,0,15,43,0,58,0,10,100,0,110,0,25,143,0,168,114,0,114,282
08/17/2006,SGR,TX,ASW,CE,Federal Contract Tower,0,6,40,0,46,0,6,76,0,82,0,12,116,0,128,104,0,104,232
08/18/2006,SGR,TX,ASW,CE,Federal Contract Tower,0,13,41,0,54,0,8,113,0,121,0,21,154,0,175,170,0,170,345
08/19/2006,SGR,TX,ASW,CE,Federal Contract Tower,0,3,17,0,20,0,12,48,0,60,0,15,65,0,80,98,0,98,178
08/20/2006,SGR,TX,ASW,CE,Federal Contract Tower,0,5,14,0,19,0,9,104,0,113,0,14,118,0,132,168,0,168,300
08/21/2006,SGR,TX,ASW,CE,Federal Contract Tower,0,9,34,0,43,0,4,66,0,70,0,13,100,0,113,118,0,118,231
08/22/2006,SGR,TX,ASW,CE,Federal Contract Tower,0,3,63,0,66,0,7,76,0,83,0,10,139,0,149,140,0,140,289
08/23/2006,SGR,TX,ASW,CE,Federal Contract Tower,0,3,38,2,43,0,6,53,0,59,0,9,91,2,102,124,0,124,226
08/24/2006,SGR,TX,ASW,CE,Federal Contract Tower,0,1,53,0,54,0,6,78,2,86,0,7,131,2,140,96,4,100,240
08/25/2006,SGR,TX,ASW,CE,Federal Contract Tower,0,4,37,0,41,0,6,71,0,77,0,10,108,0,118,148,0,148,266
08/26/2006,SGR,TX,ASW,CE,Federal Contract Tower,0,0,42,0,42,0,7,82,0,89,0,7,124,0,131,174,0,174,305
08/27/2006,SGR,TX,ASW,CE,Federal Contract Tower,0,3,37,0,40,0,1,59,0,60,0,4,96,0,100,102,0,102,202
08/28/2006,SGR,TX,ASW,CE,Federal Contract Tower,0,6,29,0,35,0,2,52,0,54,0,8,81,0,89,110,0,110,199
08/29/2006,SGR,TX,ASW,CE,Federal Contract Tower,0,9,43,0,52,0,1,91,0,92,0,10,134,0,144,140,0,140,284
08/30/2006,SGR,TX,ASW,CE,Federal Contract Tower,0,12,50,0,62,0,8,100,0,108,0,20,150,0,170,122,0,122,292
08/31/2006,SGR,TX,ASW,CE,Federal Contract Tower,0,9,52,0,61,0,6,118,0,124,0,15,170,0,185,172,0,172,357
09/01/2006,SGR,TX,ASW,CE,Federal Contract Tower,0,11,51,0,62,0,5,96,0,101,0,16,147,0,163,120,0,120,283
09/02/2006,SGR,TX,ASW,CE,Federal Contract Tower,0,2,15,0,17,0,6,116,0,122,0,8,131,0,139,152,0,152,291
09/03/2006,SGR,TX,ASW,CE,Federal Contract Tower,0,2,21,0,23,0,7,60,0,67,0,9,81,0,90,80,0,80,170
09/04/2006,SGR,TX,ASW,CE,Federal Contract Tower,0,4,36,0,40,0,3,69,0,72,0,7,105,0,112,186,0,186,298
09/05/2006,SGR,TX,ASW,CE,Federal Contract Tower,0,13,49,0,62,0,5,56,0,61,0,18,105,0,123,104,0,104,227
09/06/2006,SGR,TX,ASW,CE,Federal Contract Tower,0,7,43,0,50,0,6,95,0,101,0,13,138,0,151,96,0,96,247
09/07/2006,SGR,TX,ASW,CE,Federal Contract Tower,0,9,57,0,66,0,8,96,0,104,0,17,153,0,170,160,0,160,330
09/08/2006,SGR,TX,ASW,CE,Federal Contract Tower,0,10,42,0,52,0,8,82,0,90,0,18,124,0,142,144,0,144,286
09/09/2006,SGR,TX,ASW,CE,Federal Contract Tower,0,10,55,0,65,0,2,25,0,27,0,12,80,0,92,58,0,58,150
09/10/2006,SGR,TX,ASW,CE,Federal Contract Tower,0,19,41,0,60,0,6,42,0,48,0,25,83,0,108,98,0,98,206
09/11/2006,SGR,TX,ASW,CE,Federal Contract Tower,0,12,30,0,42,0,5,44,0,49,0,17,74,0,91,64,0,64,155
09/12/2006,SGR,TX,ASW,CE,Federal Contract Tower,0,8,46,0,54,0,4,52,0,56,0,12,98,0,110,106,0,106,216
09/13/2006,SGR,TX,ASW,CE,Federal Contract Tower,0,4,56,0,60,0,10,86,2,98,0,14,142,2,158,154,2,156,314
09/14/2006,SGR,TX,ASW,CE,Federal Contract Tower,0,8,54,0,62,0,12,109,2,123,0,20,163,2,185,132,0,132,317
09/15/2006,SGR,TX,ASW,CE,Federal Contract Tower,0,3,48,0,51,0,6,112,0,118,0,9,160,0,169,156,0,156,325
09/16/2006,SGR,TX,ASW,CE,Federal Contract Tower,0,1,17,0,18,0,4,101,0,105,0,5,118,0,123,188,0,188,311
09/17/2006,SGR,TX,ASW,CE,Federal Contract Tower,0,2,33,0,35,0,4,52,0,56,0,6,85,0,91,108,0,108,199
09/18/2006,SGR,TX,ASW,CE,Federal Contract Tower,0,7,38,0,45,0,6,20,0,26,0,13,58,0,71,44,2,46,117
09/19/2006,SGR,TX,ASW,CE,Federal Contract Tower,0,11,53,2,66,0,17,107,0,124,0,28,160,2,190,140,0,140,330
09/20/2006,SGR,TX,ASW,CE,Federal Contract Tower,0,12,65,4,81,0,1,100,0,101,0,13,165,4,182,120,0,120,302
09/21/2006,SGR,TX,ASW,CE,Federal Contract Tower,0,9,45,0,54,0,2,75,0,77,0,11,120,0,131,114,0,114,245
09/22/2006,SGR,TX,ASW,CE,Federal Contract Tower,0,3,33,0,36,0,1,68,0,69,0,4,101,0,105,76,0,76,181
09/23/2006,SGR,TX,ASW,CE,Federal Contract Tower,0,2,28,0,30,0,7,85,0,92,0,9,113,0,122,110,0,110,232
09/24/2006,SGR,TX,ASW,CE,Federal Contract Tower,0,3,41,0,44,0,8,62,0,70,0,11,103,0,114,100,0,100,214
09/25/2006,SGR,TX,ASW,CE,Federal Contract Tower,0,5,32,0,37,0,6,123,0,129,0,11,155,0,166,140,0,140,306
09/26/2006,SGR,TX,ASW,CE,Federal Contract Tower,0,7,45,0,52,0,7,130,0,137,0,14,175,0,189,224,0,224,413
09/27/2006,SGR,TX,ASW,CE,Federal Contract Tower,0,8,63,0,71,0,6,102,0,108,0,14,165,0,179,122,2,124,303
09/28/2006,SGR,TX,ASW,CE,Federal Contract Tower,0,10,60,0,70,0,5,78,0,83,0,15,138,0,153,106,0,106,259
09/29/2006,SGR,TX,ASW,CE,Federal Contract Tower,0,11,39,2,52,0,11,74,0,85,0,22,113,2,137,96,0,96,233
09/30/2006,SGR,TX,ASW,CE,Federal Contract Tower,0,5,20,0,25,0,1,120,0,121,0,6,140,0,146,156,0,156,302
10/01/2006,SGR,TX,ASW,CE,Federal Contract Tower,0,8,45,0,53,0,8,69,0,77,0,16,114,0,130,88,0,88,218
10/02/2006,SGR,TX,ASW,CE,Federal Contract Tower,0,7,34,0,41,0,3,59,0,62,0,10,93,0,103,76,0,76,179
10/03/2006,SGR,TX,ASW,CE,Federal Contract Tower,0,12,71,0,83,0,9,89,0,98,0,21,160,0,181,122,0,122,303
10/04/2006,SGR,TX,ASW,CE,Federal Contract Tower,0,8,51,0,59,0,5,88,0,93,0,13,139,0,152,108,0,108,260
10/05/2006,SGR,TX,ASW,CE,Federal Contract Tower,0,3,36,0,39,0,6,99,0,105,0,9,135,0,144,112,0,112,256
10/06/2006,SGR,TX,ASW,CE,Federal Contract Tower,0,11,33,0,44,0,5,80,0,85,0,16,113,0,129,128,0,128,257
10/07/2006,SGR,TX,ASW,CE,Federal Contract Tower,0,8,26,0,34,0,5,135,0,140,0,13,161,0,174,182,0,182,356
10/08/2006,SGR,TX,ASW,CE,Federal Contract Tower,0,10,29,0,39,0,5,85,0,90,0,15,114,0,129,108,0,108,237
10/09/2006,SGR,TX,ASW,CE,Federal Contract Tower,0,8,41,0,49,0,3,38,0,41,0,11,79,0,90,34,0,34,124
10/10/2006,SGR,TX,ASW,CE,Federal Contract Tower,0,8,47,0,55,0,1,44,0,45,0,9,91,0,100,110,0,110,210
10/11/2006,SGR,TX,ASW,CE,Federal Contract Tower,0,5,61,0,66,0,1,41,0,42,0,6,102,0,108,80,0,80,188
10/12/2006,SGR,TX,ASW,CE,Federal Contract Tower,0,5,42,0,47,0,2,27,6,35,0,7,69,6,82,88,0,88,170
10/13/2006,SGR,TX,ASW,CE,Federal Contract Tower,0,3,47,2,52,0,6,63,0,69,0,9,110,2,121,116,0,116,237
10/14/2006,SGR,TX,ASW,CE,Federal Contract Tower,0,1,35,0,36,0,11,83,0,94,0,12,118,0,130,138,0,138,268
10/15/2006,SGR,TX,ASW,CE,Federal Contract Tower,0,7,48,0,55,0,2,4,0,6,0,9,52,0,61,0,0,0,61
10/16/2006,SGR,TX,ASW,CE,Federal Contract Tower,0,4,38,0,42,0,2,7,0,9,0,6,45,0,51,8,0,8,59
10/17/2006,SGR,TX,ASW,CE,Federal Contract Tower,0,4,72,0,76,0,8,64,0,72,0,12,136,0,148,96,0,96,244
10/18/2006,SGR,TX,ASW,CE,Federal Contract Tower,0,7,68,0,75,0,9,19,0,28,0,16,87,0,103,38,0,38,141
10/19/2006,SGR,TX,ASW,CE,Federal Contract Tower,0,5,41,0,46,0,8,49,0,57,0,13,90,0,103,32,0,32,135
10/20/2006,SGR,TX,ASW,CE,Federal Contract Tower,0,6,50,0,56,0,4,117,0,121,0,10,167,0,177,144,0,144,321
10/21/2006,SGR,TX,ASW,CE,Federal Contract Tower,0,6,35,0,41,0,6,41,0,47,0,12,76,0,88,146,0,146,234
10/22/2006,SGR,TX,ASW,CE,Federal Contract Tower,0,9,44,0,53,0,4,61,0,65,0,13,105,0,118,142,0,142,260
10/23/2006,SGR,TX,ASW,CE,Federal Contract Tower,0,3,43,0,46,0,1,63,0,64,0,4,106,0,110,114,0,114,224
10/24/2006,SGR,TX,ASW,CE,Federal Contract Tower,0,8,40,0,48,0,2,122,0,124,0,10,162,0,172,134,0,134,306
10/25/2006,SGR,TX,ASW,CE,Federal Contract Tower,0,5,61,0,66,0,14,37,0,51,0,19,98,0,117,66,0,66,183
10/26/2006,SGR,TX,ASW,CE,Federal Contract Tower,0,15,66,0,81,0,7,17,0,24,0,22,83,0,105,4,0,4,109
10/27/2006,SGR,TX,ASW,CE,Federal Contract Tower,0,16,61,0,77,0,2,76,0,78,0,18,137,0,155,86,10,96,251
10/28/2006,SGR,TX,ASW,CE,Federal Contract Tower,0,5,28,0,33,0,12,100,0,112,0,17,128,0,145,150,0,150,295
10/29/2006,SGR,TX,ASW,CE,Federal Contract Tower,0,6,33,0,39,0,5,89,0,94,0,11,122,0,133,168,0,168,301
10/30/2006,SGR,TX,ASW,CE,Federal Contract Tower,2,5,22,0,29,0,12,32,10,54,2,17,54,10,83,42,0,42,125
10/31/2006,SGR,TX,ASW,CE,Federal Contract Tower,0,9,34,0,43,0,9,103,0,112,0,18,137,0,155,126,0,126,281
11/01/2006,SGR,TX,ASW,CE,Federal Contract Tower,0,10,60,0,70,0,1,59,0,60,0,11,119,0,130,134,0,134,264
11/02/2006,SGR,TX,ASW,CE,Federal Contract Tower,0,20,58,0,78,0,5,85,0,90,0,25,143,0,168,122,0,122,290
11/03/2006,SGR,TX,ASW,CE,Federal Contract Tower,0,5,50,0,55,0,1,106,0,107,0,6,156,0,162,130,0,130,292
11/04/2006,SGR,TX,ASW,CE,Federal Contract Tower,0,8,28,0,36,0,2,85,2,89,0,10,113,2,125,112,2,114,239
11/05/2006,SGR,TX,ASW,CE,Federal Contract Tower,0,9,41,0,50,0,2,13,0,15,0,11,54,0,65,38,0,38,103
11/06/2006,SGR,TX,ASW,CE,Federal Contract Tower,0,3,41,0,44,0,4,40,0,44,0,7,81,0,88,44,0,44,132
11/07/2006,SGR,TX,ASW,CE,Federal Contract Tower,0,5,42,0,47,0,3,111,0,114,0,8,153,0,161,230,0,230,391
11/08/2006,SGR,TX,ASW,CE,Federal Contract Tower,0,6,53,0,59,0,4,73,0,77,0,10,126,0,136,190,0,190,326
11/09/2006,SGR,TX,ASW,CE,Federal Contract Tower,0,13,69,0,82,0,0,47,0,47,0,13,116,0,129,110,0,110,239
11/10/2006,SGR,TX,ASW,CE,Federal Contract Tower,0,12,63,0,75,0,1,63,0,64,0,13,126,0,139,192,0,192,331
11/11/2006,SGR,TX,ASW,CE,Federal Contract Tower,0,4,22,0,26,0,5,96,0,101,0,9,118,0,127,136,0,136,263
11/12/2006,SGR,TX,ASW,CE,Federal Contract Tower,0,13,54,0,67,0,8,104,0,112,0,21,158,0,179,132,0,132,311
11/13/2006,SGR,TX,ASW,CE,Federal Contract Tower,0,7,32,0,39,0,5,64,0,69,0,12,96,0,108,102,0,102,210
11/14/2006,SGR,TX,ASW,CE,Federal Contract Tower,0,4,75,0,79,0,5,43,0,48,0,9,118,0,127,56,0,56,183
11/15/2006,SGR,TX,ASW,CE,Federal Contract Tower,0,14,63,0,77,0,2,21,0,23,0,16,84,0,100,14,0,14,114
11/16/2006,SGR,TX,ASW,CE,Federal Contract Tower,0,11,50,0,61,0,6,59,0,65,0,17,109,0,126,62,0,62,188
11/17/2006,SGR,TX,ASW,CE,Federal Contract Tower,0,6,37,0,43,0,6,116,0,122,0,12,153,0,165,90,0,90,255
11/18/2006,SGR,TX,ASW,CE,Federal Contract Tower,0,2,28,0,30,0,8,92,0,100,0,10,120,0,130,186,0,186,316
11/19/2006,SGR,TX,ASW,CE,Federal Contract Tower,0,6,44,2,52,0,8,112,0,120,0,14,156,2,172,170,0,170,342
11/20/2006,SGR,TX,ASW,CE,Federal Contract Tower,0,8,43,0,51,0,9,87,0,96,0,17,130,0,147,170,0,170,317
11/21/2006,SGR,TX,ASW,CE,Federal Contract Tower,0,8,66,0,74,0,5,118,0,123,0,13,184,0,197,140,0,140,337
11/22/2006,SGR,TX,ASW,CE,Federal Contract Tower,0,9,62,0,71,0,8,91,0,99,0,17,153,0,170,184,0,184,354
11/23/2006,SGR,TX,ASW,CE,Federal Contract Tower,0,3,9,0,12,0,11,37,0,48,0,14,46,0,60,20,0,20,80
11/24/2006,SGR,TX,ASW,CE,Federal Contract Tower,0,3,25,0,28,0,1,66,0,67,0,4,91,0,95,94,0,94,189
11/25/2006,SGR,TX,ASW,CE,Federal Contract Tower,0,15,34,0,49,0,1,81,0,82,0,16,115,0,131,124,0,124,255
11/26/2006,SGR,TX,ASW,CE,Federal Contract Tower,0,6,63,0,69,0,13,62,0,75,0,19,125,0,144,94,0,94,238
11/27/2006,SGR,TX,ASW,CE,Federal Contract Tower,0,7,39,0,46,0,1,10,0,11,0,8,49,0,57,18,0,18,75
11/28/2006,SGR,TX,ASW,CE,Federal Contract Tower,0,6,66,0,72,0,1,54,0,55,0,7,120,0,127,126,0,126,253
11/29/2006,SGR,TX,ASW,CE,Federal Contract Tower,0,9,55,0,64,0,4,46,0,50,0,13,101,0,114,132,0,132,246
11/30/2006,SGR,TX,ASW,CE,Federal Contract Tower,0,7,42,0,49,0,2,15,0,17,0,9,57,0,66,8,0,8,74
12/01/2006,SGR,TX,ASW,CE,Federal Contract Tower,0,7,37,0,44,0,5,126,0,131,0,12,163,0,175,160,0,160,335
12/02/2006,SGR,TX,ASW,CE,Federal Contract Tower,0,1,46,0,47,0,8,78,0,86,0,9,124,0,133,174,0,174,307
12/03/2006,SGR,TX,ASW,CE,Federal Contract Tower,0,8,25,0,33,0,7,56,0,63,0,15,81,0,96,86,0,86,182
12/04/2006,SGR,TX,ASW,CE,Federal Contract Tower,0,9,55,0,64,0,9,53,0,62,0,18,108,0,126,146,0,146,272
12/05/2006,SGR,TX,ASW,CE,Federal Contract Tower,0,5,55,0,60,0,12,113,0,125,0,17,168,0,185,106,0,106,291
12/06/2006,SGR,TX,ASW,CE,Federal Contract Tower,0,11,84,0,95,0,8,53,0,61,0,19,137,0,156,92,0,92,248
12/07/2006,SGR,TX,ASW,CE,Federal Contract Tower,0,6,60,0,66,0,2,45,0,47,0,8,105,0,113,94,0,94,207
12/08/2006,SGR,TX,ASW,CE,Federal Contract Tower,0,10,47,0,57,0,4,109,0,113,0,14,156,0,170,132,0,132,302
12/09/2006,SGR,TX,ASW,CE,Federal Contract Tower,0,6,32,0,38,0,4,110,0,114,0,10,142,0,152,144,0,144,296
12/10/2006,SGR,TX,ASW,CE,Federal Contract Tower,0,11,51,0,62,0,5,0,0,5,0,16,51,0,67,8,0,8,75
12/11/2006,SGR,TX,ASW,CE,Federal Contract Tower,0,4,72,0,76,0,1,23,0,24,0,5,95,0,100,22,0,22,122
12/12/2006,SGR,TX,ASW,CE,Federal Contract Tower,0,7,60,0,67,0,12,69,0,81,0,19,129,0,148,138,0,138,286
12/13/2006,SGR,TX,ASW,CE,Federal Contract Tower,0,6,48,0,54,0,0,117,0,117,0,6,165,0,171,110,0,110,281
12/14/2006,SGR,TX,ASW,CE,Federal Contract Tower,0,11,80,0,91,0,0,48,0,48,0,11,128,0,139,42,0,42,181
12/15/2006,SGR,TX,ASW,CE,Federal Contract Tower,0,11,93,0,104,0,5,43,0,48,0,16,136,0,152,92,0,92,244
12/16/2006,SGR,TX,ASW,CE,Federal Contract Tower,0,9,34,0,43,0,7,84,0,91,0,16,118,0,134,222,0,222,356
12/17/2006,SGR,TX,ASW,CE,Federal Contract Tower,0,10,62,0,72,0,3,55,0,58,0,13,117,0,130,103,0,103,233
12/18/2006,SGR,TX,ASW,CE,Federal Contract Tower,0,13,47,0,60,0,0,8,0,8,0,13,55,0,68,6,0,6,74
12/19/2006,SGR,TX,ASW,CE,Federal Contract Tower,0,12,56,0,68,0,3,3,0,6,0,15,59,0,74,4,0,4,78
12/20/2006,SGR,TX,ASW,CE,Federal Contract Tower,0,7,45,2,54,0,9,12,0,21,0,16,57,2,75,34,0,34,109
12/21/2006,SGR,TX,ASW,CE,Federal Contract Tower,0,4,43,0,47,0,0,45,0,45,0,4,88,0,92,74,0,74,166
12/22/2006,SGR,TX,ASW,CE,Federal Contract Tower,0,5,51,0,56,0,6,137,0,143,0,11,188,0,199,202,0,202,401
12/23/2006,SGR,TX,ASW,CE,Federal Contract Tower,0,6,33,0,39,0,4,93,0,97,0,10,126,0,136,170,0,170,306
12/24/2006,SGR,TX,ASW,CE,Federal Contract Tower,0,6,22,0,28,0,2,5,0,7,0,8,27,0,35,8,0,8,43
12/25/2006,SGR,TX,ASW,CE,Federal Contract Tower,0,1,8,0,9,0,10,9,0,19,0,11,17,0,28,22,0,22,50
12/26/2006,SGR,TX,ASW,CE,Federal Contract Tower,0,5,43,0,48,0,2,64,0,66,0,7,107,0,114,136,0,136,250
12/27/2006,SGR,TX,ASW,CE,Federal Contract Tower,0,4,37,0,41,0,10,78,0,88,0,14,115,0,129,138,0,138,267
12/28/2006,SGR,TX,ASW,CE,Federal Contract Tower,0,7,35,0,42,0,7,60,1,68,0,14,95,1,110,144,0,144,254
12/29/2006,SGR,TX,ASW,CE,Federal Contract Tower,0,5,32,0,37,0,0,5,0,5,0,5,37,0,42,0,0,0,42
12/30/2006,SGR,TX,ASW,CE,Federal Contract Tower,0,3,22,0,25,0,2,93,0,95,0,5,115,0,120,140,0,140,260
12/31/2006,SGR,TX,ASW,CE,Federal Contract Tower,0,1,26,0,27,0,9,95,0,104,0,10,121,0,131,112,0,112,243
01/01/2007,SGR,TX,ASW,CE,Federal Contract Tower,0,5,19,0,24,0,2,68,0,70,0,7,87,0,94,58,0,58,152
01/02/2007,SGR,TX,ASW,CE,Federal Contract Tower,0,8,35,0,43,0,9,103,0,112,0,17,138,0,155,108,0,108,263
01/03/2007,SGR,TX,ASW,CE,Federal Contract Tower,0,2,46,0,48,0,6,66,0,72,0,8,112,0,120,72,0,72,192
01/04/2007,SGR,TX,ASW,CE,Federal Contract Tower,0,5,37,0,42,0,5,9,0,14,0,10,46,0,56,4,0,4,60
01/05/2007,SGR,TX,ASW,CE,Federal Contract Tower,0,3,55,0,58,0,4,89,2,95,0,7,144,2,153,120,0,120,273
01/06/2007,SGR,TX,ASW,CE,Federal Contract Tower,0,1,28,0,29,0,0,0,0,0,0,1,28,0,29,0,0,0,29
01/07/2007,SGR,TX,ASW,CE,Federal Contract Tower,0,3,49,0,52,0,10,83,0,93,0,13,132,0,145,126,0,126,271
01/08/2007,SGR,TX,ASW,CE,Federal Contract Tower,0,6,35,0,41,0,4,103,0,107,0,10,138,0,148,168,0,168,316
01/09/2007,SGR,TX,ASW,CE,Federal Contract Tower,0,6,53,0,59,0,8,92,0,100,0,14,145,0,159,176,0,176,335
01/10/2007,SGR,TX,ASW,CE,Federal Contract Tower,0,7,54,0,61,0,5,84,0,89,0,12,138,0,150,190,0,190,340
01/11/2007,SGR,TX,ASW,CE,Federal Contract Tower,0,6,47,0,53,0,8,76,0,84,0,14,123,0,137,110,0,110,247
01/12/2007,SGR,TX,ASW,CE,Federal Contract Tower,0,6,71,0,77,0,2,69,0,71,0,8,140,0,148,52,0,52,200
01/13/2007,SGR,TX,ASW,CE,Federal Contract Tower,0,4,35,0,39,0,7,21,0,28,0,11,56,0,67,64,0,64,131
01/14/2007,SGR,TX,ASW,CE,Federal Contract Tower,0,4,47,0,51,0,0,0,0,0,0,4,47,0,51,4,0,4,55
01/15/2007,SGR,TX,ASW,CE,Federal Contract Tower,0,9,26,0,35,0,1,5,0,6,0,10,31,0,41,2,0,2,43
01/16/2007,SGR,TX,ASW,CE,Federal Contract Tower,0,5,7,0,12,0,2,18,0,20,0,7,25,0,32,28,0,28,60
01/17/2007,SGR,TX,ASW,CE,Federal Contract Tower,0,5,25,0,30,0,7,8,0,15,0,12,33,0,45,0,0,0,45
01/18/2007,SGR,TX,ASW,CE,Federal Contract Tower,0,11,52,0,63,0,0,0,0,0,0,11,52,0,63,0,0,0,63
01/19/2007,SGR,TX,ASW,CE,Federal Contract Tower,0,8,70,0,78,0,9,32,0,41,0,17,102,0,119,36,0,36,155
01/20/2007,SGR,TX,ASW,CE,Federal Contract Tower,0,0,29,0,29,0,3,7,0,10,0,3,36,0,39,12,0,12,51
01/21/2007,SGR,TX,ASW,CE,Federal Contract Tower,0,6,24,0,30,0,3,79,0,82,0,9,103,0,112,118,0,118,230
01/22/2007,SGR,TX,ASW,CE,Federal Contract Tower,0,6,46,0,52,0,2,60,0,62,0,8,106,0,114,146,0,146,260
01/23/2007,SGR,TX,ASW,CE,Federal Contract Tower,0,8,34,0,42,0,2,22,0,24,0,10,56,0,66,48,0,48,114
01/24/2007,SGR,TX,ASW,CE,Federal Contract Tower,0,8,52,0,60,0,8,30,0,38,0,16,82,0,98,24,0,24,122
01/25/2007,SGR,TX,ASW,CE,Federal Contract Tower,0,9,62,0,71,0,4,91,0,95,0,13,153,0,166,210,0,210,376
01/26/2007,SGR,TX,ASW,CE,Federal Contract Tower,0,4,54,2,60,0,7,146,0,153,0,11,200,2,213,158,0,158,371
01/27/2007,SGR,TX,ASW,CE,Federal Contract Tower,0,5,28,0,33,0,4,50,0,54,0,9,78,0,87,38,0,38,125
01/28/2007,SGR,TX,ASW,CE,Federal Contract Tower,0,5,22,0,27,0,13,146,0,159,0,18,168,0,186,156,0,156,342
01/29/2007,SGR,TX,ASW,CE,Federal Contract Tower,0,2,40,0,42,0,4,86,0,90,0,6,126,0,132,134,0,134,266
01/30/2007,SGR,TX,ASW,CE,Federal Contract Tower,0,5,55,0,60,0,3,9,0,12,0,8,64,0,72,10,0,10,82
01/31/2007,SGR,TX,ASW,CE,Federal Contract Tower,0,9,84,0,93,0,7,8,0,15,0,16,92,0,108,40,0,40,148
02/01/2007,SGR,TX,ASW,CE,Federal Contract Tower,0,13,62,0,75,0,5,25,0,30,0,18,87,0,105,10,0,10,115
02/02/2007,SGR,TX,ASW,CE,Federal Contract Tower,0,6,73,0,79,0,4,68,0,72,0,10,141,0,151,146,0,146,297
02/03/2007,SGR,TX,ASW,CE,Federal Contract Tower,0,5,23,0,28,0,5,142,0,147,0,10,165,0,175,138,0,138,313
02/04/2007,SGR,TX,ASW,CE,Federal Contract Tower,0,8,36,0,44,0,5,89,0,94,0,13,125,0,138,164,0,164,302
02/05/2007,SGR,TX,ASW,CE,Federal Contract Tower,0,10,36,0,46,0,15,85,0,100,0,25,121,0,146,120,0,120,266
02/06/2007,SGR,TX,ASW,CE,Federal Contract Tower,0,10,62,0,72,0,8,79,0,87,0,18,141,0,159,206,0,206,365
02/07/2007,SGR,TX,ASW,CE,Federal Contract Tower,0,8,59,0,67,0,6,81,0,87,0,14,140,0,154,106,0,106,260
02/08/2007,SGR,TX,ASW,CE,Federal Contract Tower,0,6,70,0,76,0,13,72,0,85,0,19,142,0,161,102,0,102,263
02/09/2007,SGR,TX,ASW,CE,Federal Contract Tower,0,5,84,0,89,0,8,3,0,11,0,13,87,0,100,6,0,6,106
02/10/2007,SGR,TX,ASW,CE,Federal Contract Tower,0,12,42,0,54,0,6,66,0,72,0,18,108,0,126,172,0,172,298
02/11/2007,SGR,TX,ASW,CE,Federal Contract Tower,0,6,56,0,62,0,3,29,0,32,0,9,85,0,94,80,0,80,174
02/12/2007,SGR,TX,ASW,CE,Federal Contract Tower,0,3,39,0,42,0,3,11,0,14,0,6,50,0,56,20,0,20,76
02/13/2007,SGR,TX,ASW,CE,Federal Contract Tower,0,5,41,0,46,0,12,76,0,88,0,17,117,0,134,116,0,116,250
02/14/2007,SGR,TX,ASW,CE,Federal Contract Tower,0,6,69,2,77,0,4,83,0,87,0,10,152,2,164,148,0,148,312
02/15/2007,SGR,TX,ASW,CE,Federal Contract Tower,0,12,71,0,83,0,3,85,0,88,0,15,156,0,171,144,0,144,315
02/16/2007,SGR,TX,ASW,CE,Federal Contract Tower,0,6,56,0,62,0,7,131,0,138,0,13,187,0,200,80,0,80,280
02/17/2007,SGR,TX,ASW,CE,Federal Contract Tower,0,3,37,0,40,0,13,104,0,117,0,16,141,0,157,96,0,96,253
02/18/2007,SGR,TX,ASW,CE,Federal Contract Tower,0,10,39,0,49,0,17,120,0,137,0,27,159,0,186,140,0,140,326
02/19/2007,SGR,TX,ASW,CE,Federal Contract Tower,0,7,44,0,51,0,4,61,0,65,0,11,105,0,116,118,0,118,234
02/20/2007,SGR,TX,ASW,CE,Federal Contract Tower,0,13,49,0,62,0,15,47,0,62,0,28,96,0,124,122,0,122,246
02/21/2007,SGR,TX,ASW,CE,Federal Contract Tower,0,6,73,0,79,0,16,66,0,82,0,22,139,0,161,204,0,204,365
02/22/2007,SGR,TX,ASW,CE,Federal Contract Tower,0,7,50,0,57,0,8,76,0,84,0,15,126,0,141,84,0,84,225
02/23/2007,SGR,TX,ASW,CE,Federal Contract Tower,0,17,95,0,112,0,6,14,0,20,0,23,109,0,132,6,0,6,138
02/24/2007,SGR,TX,ASW,CE,Federal Contract Tower,0,6,17,0,23,0,2,13,0,15,0,8,30,0,38,14,0,14,52
02/25/2007,SGR,TX,ASW,CE,Federal Contract Tower,0,3,45,0,48,0,10,142,0,152,0,13,187,0,200,120,0,120,320
02/26/2007,SGR,TX,ASW,CE,Federal Contract Tower,0,7,80,0,87,0,6,79,0,85,0,13,159,0,172,122,0,122,294
02/27/2007,SGR,TX,ASW,CE,Federal Contract Tower,0,6,66,0,72,0,4,72,0,76,0,10,138,0,148,128,0,128,276
02/28/2007,SGR,TX,ASW,CE,Federal Contract Tower,0,6,86,0,92,0,7,28,1,36,0,13,114,1,128,56,0,56,184
03/01/2007,SGR,TX,ASW,CE,Federal Contract Tower,0,2,54,0,56,0,9,67,0,76,0,11,121,0,132,48,0,48,180
03/02/2007,SGR,TX,ASW,CE,Federal Contract Tower,0,7,44,0,51,0,9,115,0,124,0,16,159,0,175,142,0,142,317
03/03/2007,SGR,TX,ASW,CE,Federal Contract Tower,0,3,50,0,53,0,3,155,0,158,0,6,205,0,211,150,0,150,361
03/04/2007,SGR,TX,ASW,CE,Federal Contract Tower,0,5,56,0,61,0,4,96,0,100,0,9,152,0,161,174,0,174,335
03/05/2007,SGR,TX,ASW,CE,Federal Contract Tower,0,4,45,0,49,0,10,97,0,107,0,14,142,0,156,204,0,204,360
03/06/2007,SGR,TX,ASW,CE,Federal Contract Tower,0,7,45,0,52,0,11,99,0,110,0,18,144,0,162,174,0,174,336
03/07/2007,SGR,TX,ASW,CE,Federal Contract Tower,0,4,61,0,65,0,7,109,0,116,0,11,170,0,181,166,0,166,347
03/08/2007,SGR,TX,ASW,CE,Federal Contract Tower,0,12,59,2,73,0,11,100,0,111,0,23,159,2,184,70,0,70,254
03/09/2007,SGR,TX,ASW,CE,Federal Contract Tower,0,11,50,0,61,0,12,104,0,116,0,23,154,0,177,108,0,108,285
03/10/2007,SGR,TX,ASW,CE,Federal Contract Tower,0,15,46,0,61,0,2,76,0,78,0,17,122,0,139,74,0,74,213
03/11/2007,SGR,TX,ASW,CE,Federal Contract Tower,0,8,41,0,49,0,19,68,0,87,0,27,109,0,136,24,0,24,160
03/12/2007,SGR,TX,ASW,CE,Federal Contract Tower,0,4,31,0,35,0,6,39,0,45,0,10,70,0,80,106,0,106,186
03/13/2007,SGR,TX,ASW,CE,Federal Contract Tower,0,12,49,0,61,0,10,14,0,24,0,22,63,0,85,6,0,6,91
03/14/2007,SGR,TX,ASW,CE,Federal Contract Tower,0,5,31,0,36,0,9,18,0,27,0,14,49,0,63,18,0,18,81
03/15/2007,SGR,TX,ASW,CE,Federal Contract Tower,0,8,72,0,80,0,4,96,0,100,0,12,168,0,180,74,0,74,254
03/16/2007,SGR,TX,ASW,CE,Federal Contract Tower,0,5,60,0,65,0,11,75,0,86,0,16,135,0,151,96,0,96,247
03/17/2007,SGR,TX,ASW,CE,Federal Contract Tower,0,10,35,0,45,0,11,116,0,127,0,21,151,0,172,94,0,94,266
03/18/2007,SGR,TX,ASW,CE,Federal Contract Tower,0,7,60,0,67,0,5,96,0,101,0,12,156,0,168,144,0,144,312
03/19/2007,SGR,TX,ASW,CE,Federal Contract Tower,0,3,46,0,49,0,15,78,0,93,0,18,124,0,142,106,2,108,250
03/20/2007,SGR,TX,ASW,CE,Federal Contract Tower,0,3,76,0,79,0,12,66,0,78,0,15,142,0,157,148,0,148,305
03/21/2007,SGR,TX,ASW,CE,Federal Contract Tower,0,4,66,0,70,0,3,52,0,55,0,7,118,0,125,90,0,90,215
03/22/2007,SGR,TX,ASW,CE,Federal Contract Tower,0,5,80,0,85,0,1,45,0,46,0,6,125,0,131,30,0,30,161
03/23/2007,SGR,TX,ASW,CE,Federal Contract Tower,0,6,65,0,71,0,9,98,0,107,0,15,163,0,178,78,0,78,256
03/24/2007,SGR,TX,ASW,CE,Federal Contract Tower,0,0,31,0,31,0,6,54,0,60,0,6,85,0,91,70,0,70,161
03/25/2007,SGR,TX,ASW,CE,Federal Contract Tower,0,4,78,0,82,0,5,48,0,53,0,9,126,0,135,64,0,64,199
03/26/2007,SGR,TX,ASW,CE,Federal Contract Tower,0,5,38,0,43,0,4,45,0,49,0,9,83,0,92,102,0,102,194
03/27/2007,SGR,TX,ASW,CE,Federal Contract Tower,0,2,48,0,50,0,12,46,0,58,0,14,94,0,108,84,0,84,192
03/28/2007,SGR,TX,ASW,CE,Federal Contract Tower,0,5,73,4,82,0,20,65,0,85,0,25,138,4,167,100,0,100,267
03/29/2007,SGR,TX,ASW,CE,Federal Contract Tower,0,11,54,0,65,0,7,53,0,60,0,18,107,0,125,50,0,50,175
03/30/2007,SGR,TX,ASW,CE,Federal Contract Tower,0,9,72,0,81,0,6,48,0,54,0,15,120,0,135,48,0,48,183
03/31/2007,SGR,TX,ASW,CE,Federal Contract Tower,0,4,47,0,51,0,4,25,0,29,0,8,72,0,80,36,0,36,116
04/01/2007,SGR,TX,ASW,CE,Federal Contract Tower,0,11,58,0,69,0,4,86,0,90,0,15,144,0,159,114,0,114,273
04/02/2007,SGR,TX,ASW,CE,Federal Contract Tower,0,3,99,0,102,0,5,33,0,38,0,8,132,0,140,38,0,38,178
04/03/2007,SGR,TX,ASW,CE,Federal Contract Tower,0,11,68,0,79,0,0,76,0,76,0,11,144,0,155,166,0,166,321
04/04/2007,SGR,TX,ASW,CE,Federal Contract Tower,0,6,53,0,59,0,6,42,0,48,0,12,95,0,107,64,0,64,171
04/05/2007,SGR,TX,ASW,CE,Federal Contract Tower,0,20,74,0,94,0,8,122,2,132,0,28,196,2,226,136,0,136,362
04/06/2007,SGR,TX,ASW,CE,Federal Contract Tower,0,4,41,0,45,0,9,151,0,160,0,13,192,0,205,134,0,134,339
04/07/2007,SGR,TX,ASW,CE,Federal Contract Tower,0,7,15,0,22,0,4,29,0,33,0,11,44,0,55,44,0,44,99
04/08/2007,SGR,TX,ASW,CE,Federal Contract Tower,0,7,20,0,27,0,6,27,0,33,0,13,47,0,60,30,0,30,90
04/09/2007,SGR,TX,ASW,CE,Federal Contract Tower,0,1,65,0,66,0,9,69,0,78,0,10,134,0,144,116,0,116,260
04/10/2007,SGR,TX,ASW,CE,Federal Contract Tower,0,5,58,0,63,0,5,70,0,75,0,10,128,0,138,84,0,84,222
04/11/2007,SGR,TX,ASW,CE,Federal Contract Tower,0,1,55,0,56,0,0,115,0,115,0,1,170,0,171,92,0,92,263
04/12/2007,SGR,TX,ASW,CE,Federal Contract Tower,0,14,49,0,63,0,5,110,0,115,0,19,159,0,178,78,0,78,256
04/13/2007,SGR,TX,ASW,CE,Federal Contract Tower,0,8,44,0,52,0,2,2,0,4,0,10,46,0,56,2,0,2,58
04/14/2007,SGR,TX,ASW,CE,Federal Contract Tower,0,3,34,0,37,0,0,45,0,45,0,3,79,0,82,82,0,82,164
04/15/2007,SGR,TX,ASW,CE,Federal Contract Tower,0,6,56,0,62,0,8,120,0,128,0,14,176,0,190,158,0,158,348
04/16/2007,SGR,TX,ASW,CE,Federal Contract Tower,0,7,40,0,47,0,4,115,0,119,0,11,155,0,166,150,2,152,318
04/17/2007,SGR,TX,ASW,CE,Federal Contract Tower,0,3,74,0,77,0,3,42,0,45,0,6,116,0,122,102,0,102,224
04/18/2007,SGR,TX,ASW,CE,Federal Contract Tower,0,8,67,0,75,0,6,106,0,112,0,14,173,0,187,172,0,172,359
04/19/2007,SGR,TX,ASW,CE,Federal Contract Tower,0,4,45,0,49,0,7,113,0,120,0,11,158,0,169,140,0,140,309
04/20/2007,SGR,TX,ASW,CE,Federal Contract Tower,0,7,39,0,46,0,11,111,0,122,0,18,150,0,168,82,0,82,250
04/21/2007,SGR,TX,ASW,CE,Federal Contract Tower,0,8,18,0,26,0,16,91,0,107,0,24,109,0,133,126,2,128,261
04/22/2007,SGR,TX,ASW,CE,Federal Contract Tower,0,7,59,0,66,0,4,55,0,59,0,11,114,0,125,136,0,136,261
04/23/2007,SGR,TX,ASW,CE,Federal Contract Tower,0,6,32,0,38,0,8,63,0,71,0,14,95,0,109,134,0,134,243
04/24/2007,SGR,TX,ASW,CE,Federal Contract Tower,0,11,75,0,86,0,20,25,0,45,0,31,100,0,131,36,0,36,167
04/25/2007,SGR,TX,ASW,CE,Federal Contract Tower,0,3,47,0,50,0,7,50,0,57,0,10,97,0,107,28,0,28,135
04/26/2007,SGR,TX,ASW,CE,Federal Contract Tower,0,11,65,0,76,0,6,126,0,132,0,17,191,0,208,176,0,176,384
04/27/2007,SGR,TX,ASW,CE,Federal Contract Tower,0,9,44,0,53,0,6,132,0,138,0,15,176,0,191,130,0,130,321
04/28/2007,SGR,TX,ASW,CE,Federal Contract Tower,0,9,41,0,50,0,25,124,0,149,0,34,165,0,199,188,0,188,387
04/29/2007,SGR,TX,ASW,CE,Federal Contract Tower,0,7,43,0,50,0,4,100,0,104,0,11,143,0,154,150,0,150,304
04/30/2007,SGR,TX,ASW,CE,Federal Contract Tower,0,8,48,0,56,0,12,60,0,72,0,20,108,0,128,82,0,82,210
05/01/2007,SGR,TX,ASW,CE,Federal Contract Tower,0,13,84,0,97,0,21,77,4,102,0,34,161,4,199,116,4,120,319
05/02/2007,SGR,TX,ASW,CE,Federal Contract Tower,0,8,92,0,100,0,10,79,0,89,0,18,171,0,189,114,0,114,303
05/03/2007,SGR,TX,ASW,CE,Federal Contract Tower,0,9,53,0,62,0,18,45,0,63,0,27,98,0,125,64,2,66,191
05/04/2007,SGR,TX,ASW,CE,Federal Contract Tower,0,9,79,0,88,0,15,36,0,51,0,24,115,0,139,74,0,74,213
05/05/2007,SGR,TX,ASW,CE,Federal Contract Tower,0,4,39,0,43,0,4,68,0,72,0,8,107,0,115,138,0,138,253
05/06/2007,SGR,TX,ASW,CE,Federal Contract Tower,0,8,44,0,52,0,12,42,0,54,0,20,86,0,106,62,0,62,168
05/07/2007,SGR,TX,ASW,CE,Federal Contract Tower,0,11,63,2,76,0,13,74,0,87,0,24,137,2,163,154,0,154,317
05/08/2007,SGR,TX,ASW,CE,Federal Contract Tower,0,7,69,0,76,0,14,83,0,97,0,21,152,0,173,144,0,144,317
05/09/2007,SGR,TX,ASW,CE,Federal Contract Tower,0,11,76,0,87,0,12,83,0,95,0,23,159,0,182,150,0,150,332
05/10/2007,SGR,TX,ASW,CE,Federal Contract Tower,0,9,54,0,63,0,12,77,0,89,0,21,131,0,152,76,0,76,228
05/11/2007,SGR,TX,ASW,CE,Federal Contract Tower,0,12,65,0,77,0,9,90,0,99,0,21,155,0,176,72,0,72,248
05/12/2007,SGR,TX,ASW,CE,Federal Contract Tower,0,2,26,0,28,0,13,132,0,145,0,15,158,0,173,106,0,106,279
05/13/2007,SGR,TX,ASW,CE,Federal Contract Tower,0,6,22,0,28,0,12,67,0,79,0,18,89,0,107,56,0,56,163
05/14/2007,SGR,TX,ASW,CE,Federal Contract Tower,0,1,54,0,55,0,9,105,0,114,0,10,159,0,169,152,0,152,321
05/15/2007,SGR,TX,ASW,CE,Federal Contract Tower,0,14,59,0,73,0,12,103,0,115,0,26,162,0,188,170,0,170,358
05/16/2007,SGR,TX,ASW,CE,Federal Contract Tower,0,8,71,0,79,0,18,100,0,118,0,26,171,0,197,108,0,108,305
05/17/2007,SGR,TX,ASW,CE,Federal Contract Tower,0,19,57,0,76,0,6,121,0,127,0,25,178,0,203,76,0,76,279
05/18/2007,SGR,TX,ASW,CE,Federal Contract Tower,0,16,55,0,71,0,19,125,0,144,0,35,180,0,215,104,2,106,321
05/19/2007,SGR,TX,ASW,CE,Federal Contract Tower,0,9,18,0,27,0,12,137,0,149,0,21,155,0,176,126,0,126,302
05/20/2007,SGR,TX,ASW,CE,Federal Contract Tower,0,4,44,0,48,0,1,80,0,81,0,5,124,0,129,114,0,114,243
05/21/2007,SGR,TX,ASW,CE,Federal Contract Tower,0,6,34,0,40,0,10,46,0,56,0,16,80,0,96,58,0,58,154
05/22/2007,SGR,TX,ASW,CE,Federal Contract Tower,0,17,62,0,79,0,6,71,2,79,0,23,133,2,158,86,2,88,246
05/23/2007,SGR,TX,ASW,CE,Federal Contract Tower,0,11,69,0,80,0,11,88,0,99,0,22,157,0,179,122,0,122,301
05/24/2007,SGR,TX,ASW,CE,Federal Contract Tower,0,2,47,0,49,0,4,76,0,80,0,6,123,0,129,90,0,90,219
05/25/2007,SGR,TX,ASW,CE,Federal Contract Tower,0,4,41,0,45,0,8,54,0,62,0,12,95,0,107,44,0,44,151
05/26/2007,SGR,TX,ASW,CE,Federal Contract Tower,0,3,36,0,39,0,7,35,0,42,0,10,71,0,81,78,0,78,159
05/27/2007,SGR,TX,ASW,CE,Federal Contract Tower,0,3,18,0,21,0,8,37,0,45,0,11,55,0,66,44,0,44,110
05/28/2007,SGR,TX,ASW,CE,Federal Contract Tower,0,6,39,2,47,0,5,24,0,29,0,11,63,2,76,14,0,14,90
05/29/2007,SGR,TX,ASW,CE,Federal Contract Tower,0,14,78,0,92,0,8,71,0,79,0,22,149,0,171,150,0,150,321
05/30/2007,SGR,TX,ASW,CE,Federal Contract Tower,0,13,70,0,83,0,9,94,0,103,0,22,164,0,186,92,0,92,278
05/31/2007,SGR,TX,ASW,CE,Federal Contract Tower,0,7,68,0,75,0,4,117,0,121,0,11,185,0,196,146,0,146,342
06/01/2007,SGR,TX,ASW,CE,Federal Contract Tower,0,6,71,0,77,0,10,90,0,100,0,16,161,0,177,108,0,108,285
06/02/2007,SGR,TX,ASW,CE,Federal Contract Tower,0,3,46,0,49,0,12,77,0,89,0,15,123,0,138,102,0,102,240
06/03/2007,SGR,TX,ASW,CE,Federal Contract Tower,0,12,49,0,61,0,9,66,0,75,0,21,115,0,136,56,0,56,192
06/04/2007,SGR,TX,ASW,CE,Federal Contract Tower,0,7,30,0,37,0,14,83,0,97,0,21,113,0,134,96,0,96,230
06/05/2007,SGR,TX,ASW,CE,Federal Contract Tower,0,7,61,0,68,0,12,107,2,121,0,19,168,2,189,132,2,134,323
06/06/2007,SGR,TX,ASW,CE,Federal Contract Tower,0,10,69,0,79,0,11,87,0,98,0,21,156,0,177,122,0,122,299
06/07/2007,SGR,TX,ASW,CE,Federal Contract Tower,0,5,71,0,76,0,6,53,0,59,0,11,124,0,135,156,0,156,291
06/08/2007,SGR,TX,ASW,CE,Federal Contract Tower,0,7,54,0,61,0,23,74,0,97,0,30,128,0,158,84,0,84,242
06/09/2007,SGR,TX,ASW,CE,Federal Contract Tower,0,6,31,0,37,0,7,88,4,99,0,13,119,4,136,128,2,130,266
06/10/2007,SGR,TX,ASW,CE,Federal Contract Tower,0,6,62,0,68,0,24,76,0,100,0,30,138,0,168,100,0,100,268
06/11/2007,SGR,TX,ASW,CE,Federal Contract Tower,0,14,58,0,72,0,16,92,0,108,0,30,150,0,180,164,0,164,344
06/12/2007,SGR,TX,ASW,CE,Federal Contract Tower,0,4,65,0,69,0,20,90,0,110,0,24,155,0,179,136,0,136,315
06/13/2007,SGR,TX,ASW,CE,Federal Contract Tower,0,9,101,0,110,0,14,84,0,98,0,23,185,0,208,120,0,120,328
06/14/2007,SGR,TX,ASW,CE,Federal Contract Tower,0,7,74,0,81,0,15,87,0,102,0,22,161,0,183,120,0,120,303
06/15/2007,SGR,TX,ASW,CE,Federal Contract Tower,0,5,52,0,57,0,5,50,0,55,0,10,102,0,112,52,0,52,164
06/16/2007,SGR,TX,ASW,CE,Federal Contract Tower,0,3,50,0,53,0,9,39,0,48,0,12,89,0,101,58,0,58,159
06/17/2007,SGR,TX,ASW,CE,Federal Contract Tower,0,7,39,0,46,0,5,38,0,43,0,12,77,0,89,54,0,54,143
06/18/2007,SGR,TX,ASW,CE,Federal Contract Tower,0,9,58,0,67,0,4,66,2,72,0,13,124,2,139,116,2,118,257
06/19/2007,SGR,TX,ASW,CE,Federal Contract Tower,0,2,90,0,92,0,9,93,0,102,0,11,183,0,194,168,0,168,362
06/20/2007,SGR,TX,ASW,CE,Federal Contract Tower,0,10,73,0,83,0,9,92,0,101,0,19,165,0,184,114,0,114,298
06/21/2007,SGR,TX,ASW,CE,Federal Contract Tower,0,6,61,0,67,0,6,94,0,100,0,12,155,0,167,66,0,66,233
06/22/2007,SGR,TX,ASW,CE,Federal Contract Tower,0,25,31,4,60,0,8,61,0,69,0,33,92,4,129,90,14,104,233
06/23/2007,SGR,TX,ASW,CE,Federal Contract Tower,0,8,37,0,45,0,1,59,0,60,0,9,96,0,105,100,0,100,205
06/24/2007,SGR,TX,ASW,CE,Federal Contract Tower,0,20,56,0,76,0,25,54,0,79,0,45,110,0,155,108,0,108,263
06/25/2007,SGR,TX,ASW,CE,Federal Contract Tower,0,11,51,0,62,0,0,15,0,15,0,11,66,0,77,12,0,12,89
06/26/2007,SGR,TX,ASW,CE,Federal Contract Tower,0,6,51,0,57,0,7,43,0,50,0,13,94,0,107,88,0,88,195
06/27/2007,SGR,TX,ASW,CE,Federal Contract Tower,0,10,59,0,69,0,11,96,0,107,0,21,155,0,176,116,0,116,292
06/28/2007,SGR,TX,ASW,CE,Federal Contract Tower,0,5,42,0,47,0,5,82,0,87,0,10,124,0,134,128,0,128,262
06/29/2007,SGR,TX,ASW,CE,Federal Contract Tower,0,2,63,0,65,0,0,99,0,99,0,2,162,0,164,68,0,68,232
06/30/2007,SGR,TX,ASW,CE,Federal Contract Tower,0,5,33,0,38,0,11,72,0,83,0,16,105,0,121,70,0,70,191
07/01/2007,SGR,TX,ASW,CE,Federal Contract Tower,0,8,28,0,36,0,3,19,0,22,0,11,47,0,58,52,0,52,110
07/02/2007,SGR,TX,ASW,CE,Federal Contract Tower,0,7,49,0,56,0,2,31,0,33,0,9,80,0,89,48,0,48,137
07/03/2007,SGR,TX,ASW,CE,Federal Contract Tower,0,9,68,0,77,0,11,77,0,88,0,20,145,0,165,148,0,148,313
07/04/2007,SGR,TX,ASW,CE,Federal Contract Tower,0,7,14,0,21,0,10,5,2,17,0,17,19,2,38,12,8,20,58
07/05/2007,SGR,TX,ASW,CE,Federal Contract Tower,0,7,54,0,61,0,0,39,0,39,0,7,93,0,100,84,0,84,184
07/06/2007,SGR,TX,ASW,CE,Federal Contract Tower,0,10,58,0,68,0,12,16,0,28,0,22,74,0,96,24,0,24,120
07/07/2007,SGR,TX,ASW,CE,Federal Contract Tower,0,12,47,0,59,0,4,85,0,89,0,16,132,0,148,88,0,88,236
07/08/2007,SGR,TX,ASW,CE,Federal Contract Tower,0,11,49,0,60,0,6,73,0,79,0,17,122,0,139,84,0,84,223
07/09/2007,SGR,TX,ASW,CE,Federal Contract Tower,0,7,58,0,65,0,0,69,0,69,0,7,127,0,134,150,0,150,284
07/10/2007,SGR,TX,ASW,CE,Federal Contract Tower,0,7,48,0,55,0,11,85,0,96,0,18,133,0,151,188,0,188,339
07/11/2007,SGR,TX,ASW,CE,Federal Contract Tower,0,13,55,0,68,0,8,102,0,110,0,21,157,0,178,108,0,108,286
07/12/2007,SGR,TX,ASW,CE,Federal Contract Tower,0,5,53,0,58,0,6,65,0,71,0,11,118,0,129,58,4,62,191
07/13/2007,SGR,TX,ASW,CE,Federal Contract Tower,0,8,63,0,71,0,0,49,0,49,0,8,112,0,120,94,0,94,214
07/14/2007,SGR,TX,ASW,CE,Federal Contract Tower,0,1,34,0,35,0,4,71,0,75,0,5,105,0,110,58,0,58,168
07/15/2007,SGR,TX,ASW,CE,Federal Contract Tower,0,8,50,0,58,0,5,37,0,42,0,13,87,0,100,72,0,72,172
07/16/2007,SGR,TX,ASW,CE,Federal Contract Tower,0,7,56,0,63,0,13,60,0,73,0,20,116,0,136,120,0,120,256
07/17/2007,SGR,TX,ASW,CE,Federal Contract Tower,0,7,78,0,85,0,7,75,0,82,0,14,153,0,167,98,0,98,265
07/18/2007,SGR,TX,ASW,CE,Federal Contract Tower,0,6,72,0,78,0,8,104,0,112,0,14,176,0,190,102,0,102,292
07/19/2007,SGR,TX,ASW,CE,Federal Contract Tower,0,20,58,0,78,0,0,39,0,39,0,20,97,0,117,38,0,38,155
07/20/2007,SGR,TX,ASW,CE,Federal Contract Tower,0,8,41,0,49,0,8,25,0,33,0,16,66,0,82,40,0,40,122
07/21/2007,SGR,TX,ASW,CE,Federal Contract Tower,0,4,53,0,57,0,14,65,0,79,0,18,118,0,136,108,0,108,244
07/22/2007,SGR,TX,ASW,CE,Federal Contract Tower,0,5,43,0,48,0,8,79,0,87,0,13,122,0,135,116,0,116,251
07/23/2007,SGR,TX,ASW,CE,Federal Contract Tower,0,2,62,0,64,0,8,82,0,90,0,10,144,0,154,116,0,116,270
07/24/2007,SGR,TX,ASW,CE,Federal Contract Tower,0,5,91,0,96,0,6,70,0,76,0,11,161,0,172,122,0,122,294
07/25/2007,SGR,TX,ASW,CE,Federal Contract Tower,0,8,87,0,95,0,9,60,0,69,0,17,147,0,164,84,0,84,248
07/26/2007,SGR,TX,ASW,CE,Federal Contract Tower,0,9,52,0,61,0,27,40,0,67,0,36,92,0,128,76,0,76,204
07/27/2007,SGR,TX,ASW,CE,Federal Contract Tower,0,4,60,0,64,0,7,8,0,15,0,11,68,0,79,4,0,4,83
07/28/2007,SGR,TX,ASW,CE,Federal Contract Tower,0,6,67,0,73,0,8,47,0,55,0,14,114,0,128,86,0,86,214
07/29/2007,SGR,TX,ASW,CE,Federal Contract Tower,0,16,82,0,98,0,9,53,0,62,0,25,135,0,160,142,0,142,302
07/30/2007,SGR,TX,ASW,CE,Federal Contract Tower,0,4,75,0,79,0,10,86,0,96,0,14,161,0,175,114,0,114,289
07/31/2007,SGR,TX,ASW,CE,Federal Contract Tower,0,6,86,0,92,0,9,87,2,98,0,15,173,2,190,166,0,166,356
08/01/2007,SGR,TX,ASW,CE,Federal Contract Tower,0,12,81,0,93,0,3,112,0,115,0,15,193,0,208,150,0,150,358
08/02/2007,SGR,TX,ASW,CE,Federal Contract Tower,0,12,55,0,67,0,12,31,0,43,0,24,86,0,110,58,0,58,168
08/03/2007,SGR,TX,ASW,CE,Federal Contract Tower,0,15,71,0,86,0,18,62,0,80,0,33,133,0,166,50,0,50,216
08/04/2007,SGR,TX,ASW,CE,Federal Contract Tower,0,4,52,0,56,0,12,96,0,108,0,16,148,0,164,80,0,80,244
08/05/2007,SGR,TX,ASW,CE,Federal Contract Tower,0,18,49,0,67,0,0,83,0,83,0,18,132,0,150,158,0,158,308
08/06/2007,SGR,TX,ASW,CE,Federal Contract Tower,0,6,80,0,86,0,16,103,0,119,0,22,183,0,205,108,0,108,313
08/07/2007,SGR,TX,ASW,CE,Federal Contract Tower,0,7,91,0,98,0,15,84,0,99,0,22,175,0,197,162,0,162,359
08/08/2007,SGR,TX,ASW,CE,Federal Contract Tower,0,8,85,0,93,0,3,108,0,111,0,11,193,0,204,160,0,160,364
08/09/2007,SGR,TX,ASW,CE,Federal Contract Tower,0,6,42,0,48,0,6,78,0,84,0,12,120,0,132,66,0,66,198
08/10/2007,SGR,TX,ASW,CE,Federal Contract Tower,0,9,79,0,88,0,5,97,0,102,0,14,176,0,190,124,0,124,314
08/11/2007,SGR,TX,ASW,CE,Federal Contract Tower,0,5,36,0,41,0,9,115,0,124,0,14,151,0,165,102,0,102,267
08/12/2007,SGR,TX,ASW,CE,Federal Contract Tower,0,3,43,0,46,0,2,79,0,81,0,5,122,0,127,90,0,90,217
08/13/2007,SGR,TX,ASW,CE,Federal Contract Tower,0,7,49,0,56,0,11,79,0,90,0,18,128,0,146,100,0,100,246
08/14/2007,SGR,TX,ASW,CE,Federal Contract Tower,0,4,84,0,88,0,10,105,0,115,0,14,189,0,203,166,0,166,369
08/15/2007,SGR,TX,ASW,CE,Federal Contract Tower,0,3,72,0,75,0,8,68,0,76,0,11,140,0,151,166,0,166,317
08/16/2007,SGR,TX,ASW,CE,Federal Contract Tower,0,14,27,0,41,0,10,15,0,25,0,24,42,0,66,30,0,30,96
08/17/2007,SGR,TX,ASW,CE,Federal Contract Tower,0,11,39,0,50,0,4,53,0,57,0,15,92,0,107,76,0,76,183
08/18/2007,SGR,TX,ASW,CE,Federal Contract Tower,0,3,26,0,29,0,3,100,0,103,0,6,126,0,132,94,0,94,226
08/19/2007,SGR,TX,ASW,CE,Federal Contract Tower,0,8,55,0,63,0,11,91,0,102,0,19,146,0,165,178,0,178,343
08/20/2007,SGR,TX,ASW,CE,Federal Contract Tower,0,11,78,4,93,0,10,94,0,104,0,21,172,4,197,140,4,144,341
08/21/2007,SGR,TX,ASW,CE,Federal Contract Tower,0,5,79,0,84,0,8,86,0,94,0,13,165,0,178,136,0,136,314
08/22/2007,SGR,TX,ASW,CE,Federal Contract Tower,0,6,99,0,105,0,12,129,0,141,0,18,228,0,246,178,0,178,424
08/23/2007,SGR,TX,ASW,CE,Federal Contract Tower,0,13,72,0,85,0,14,90,0,104,0,27,162,0,189,90,0,90,279
08/24/2007,SGR,TX,ASW,CE,Federal Contract Tower,0,12,55,0,67,0,12,90,0,102,0,24,145,0,169,124,0,124,293
08/25/2007,SGR,TX,ASW,CE,Federal Contract Tower,0,1,24,0,25,0,5,99,0,104,0,6,123,0,129,102,0,102,231
08/26/2007,SGR,TX,ASW,CE,Federal Contract Tower,0,12,53,0,65,0,7,94,0,101,0,19,147,0,166,80,0,80,246
08/27/2007,SGR,TX,ASW,CE,Federal Contract Tower,0,6,65,0,71,0,19,71,0,90,0,25,136,0,161,66,0,66,227
08/28/2007,SGR,TX,ASW,CE,Federal Contract Tower,0,6,69,0,75,0,12,68,0,80,0,18,137,0,155,112,0,112,267
08/29/2007,SGR,TX,ASW,CE,Federal Contract Tower,0,13,66,0,79,0,4,33,0,37,0,17,99,0,116,78,0,78,194
08/30/2007,SGR,TX,ASW,CE,Federal Contract Tower,0,15,47,0,62,0,7,55,0,62,0,22,102,0,124,90,0,90,214
08/31/2007,SGR,TX,ASW,CE,Federal Contract Tower,0,5,57,0,62,0,2,60,0,62,0,7,117,0,124,76,0,76,200
09/01/2007,SGR,TX,ASW,CE,Federal Contract Tower,0,4,47,0,51,0,12,72,0,84,0,16,119,0,135,74,0,74,209
09/02/2007,SGR,TX,ASW,CE,Federal Contract Tower,0,6,30,0,36,0,6,20,0,26,0,12,50,0,62,88,0,88,150
09/03/2007,SGR,TX,ASW,CE,Federal Contract Tower,0,6,68,0,74,0,16,41,0,57,0,22,109,0,131,76,0,76,207
09/04/2007,SGR,TX,ASW,CE,Federal Contract Tower,0,8,73,0,81,0,4,45,0,49,0,12,118,0,130,96,0,96,226
09/05/2007,SGR,TX,ASW,CE,Federal Contract Tower,0,9,64,0,73,0,3,63,0,66,0,12,127,0,139,84,0,84,223
09/06/2007,SGR,TX,ASW,CE,Federal Contract Tower,0,19,59,0,78,0,2,94,0,96,0,21,153,0,174,104,0,104,278
09/07/2007,SGR,TX,ASW,CE,Federal Contract Tower,0,7,53,0,60,0,12,78,0,90,0,19,131,0,150,70,0,70,220
09/08/2007,SGR,TX,ASW,CE,Federal Contract Tower,0,2,32,0,34,0,10,99,0,109,0,12,131,0,143,94,0,94,237
09/09/2007,SGR,TX,ASW,CE,Federal Contract Tower,0,14,67,0,81,0,0,54,0,54,0,14,121,0,135,96,0,96,231
09/10/2007,SGR,TX,ASW,CE,Federal Contract Tower,0,15,90,0,105,0,18,93,0,111,0,33,183,0,216,158,0,158,374
09/11/2007,SGR,TX,ASW,CE,Federal Contract Tower,0,4,103,0,107,0,12,89,0,101,0,16,192,0,208,172,0,172,380
09/12/2007,SGR,TX,ASW,CE,Federal Contract Tower,0,4,76,0,80,0,8,24,0,32,0,12,100,0,112,24,0,24,136
09/13/2007,SGR,TX,ASW,CE,Federal Contract Tower,0,8,68,0,76,0,12,50,0,62,0,20,118,0,138,82,0,82,220
09/14/2007,SGR,TX,ASW,CE,Federal Contract Tower,0,7,44,2,53,0,15,106,0,121,0,22,150,2,174,88,0,88,262
09/15/2007,SGR,TX,ASW,CE,Federal Contract Tower,0,6,43,0,49,0,13,95,0,108,0,19,138,0,157,152,0,152,309
09/16/2007,SGR,TX,ASW,CE,Federal Contract Tower,0,8,63,0,71,0,14,73,0,87,0,22,136,0,158,148,0,148,306
09/17/2007,SGR,TX,ASW,CE,Federal Contract Tower,0,12,87,0,99,0,21,80,0,101,0,33,167,0,200,156,0,156,356
09/18/2007,SGR,TX,ASW,CE,Federal Contract Tower,0,11,82,0,93,0,12,90,0,102,0,23,172,0,195,142,0,142,337
09/19/2007,SGR,TX,ASW,CE,Federal Contract Tower,0,12,68,2,82,0,4,75,0,79,0,16,143,2,161,164,0,164,325
09/20/2007,SGR,TX,ASW,CE,Federal Contract Tower,0,6,61,0,67,0,15,113,0,128,0,21,174,0,195,138,0,138,333
09/21/2007,SGR,TX,ASW,CE,Federal Contract Tower,0,11,66,0,77,0,14,72,0,86,0,25,138,0,163,62,0,62,225
09/22/2007,SGR,TX,ASW,CE,Federal Contract Tower,0,4,40,0,44,0,2,115,0,117,0,6,155,0,161,108,0,108,269
09/23/2007,SGR,TX,ASW,CE,Federal Contract Tower,0,9,80,0,89,0,3,93,0,96,0,12,173,0,185,132,4,136,321
09/24/2007,SGR,TX,ASW,CE,Federal Contract Tower,0,7,68,0,75,0,17,89,0,106,0,24,157,0,181,98,0,98,279
09/25/2007,SGR,TX,ASW,CE,Federal Contract Tower,0,10,78,0,88,0,17,69,2,88,0,27,147,2,176,82,0,82,258
09/26/2007,SGR,TX,ASW,CE,Federal Contract Tower,0,13,81,0,94,0,7,68,0,75,0,20,149,0,169,116,0,116,285
09/27/2007,SGR,TX,ASW,CE,Federal Contract Tower,0,11,60,0,71,0,6,71,0,77,0,17,131,0,148,64,0,64,212
09/28/2007,SGR,TX,ASW,CE,Federal Contract Tower,0,6,63,0,69,0,4,69,0,73,0,10,132,0,142,116,0,116,258
09/29/2007,SGR,TX,ASW,CE,Federal Contract Tower,0,5,37,0,42,0,10,79,0,89,0,15,116,0,131,102,0,102,233
09/30/2007,SGR,TX,ASW,CE,Federal Contract Tower,0,2,47,0,49,0,16,44,0,60,0,18,91,0,109,40,0,40,149
10/01/2007,SGR,TX,ASW,CE,Federal Contract Tower,0,12,61,0,73,0,11,33,0,44,0,23,94,0,117,100,0,100,217
10/02/2007,SGR,TX,ASW,CE,Federal Contract Tower,0,9,45,0,54,0,9,85,0,94,0,18,130,0,148,98,0,98,246
10/03/2007,SGR,TX,ASW,CE,Federal Contract Tower,0,6,99,0,105,0,11,86,0,97,0,17,185,0,202,152,0,152,354
10/04/2007,SGR,TX,ASW,CE,Federal Contract Tower,0,8,77,0,85,0,13,63,0,76,0,21,140,0,161,68,0,68,229
10/05/2007,SGR,TX,ASW,CE,Federal Contract Tower,0,12,53,0,65,0,10,69,0,79,0,22,122,0,144,66,0,66,210
10/06/2007,SGR,TX,ASW,CE,Federal Contract Tower,0,14,27,0,41,0,13,34,0,47,0,27,61,0,88,70,0,70,158
10/07/2007,SGR,TX,ASW,CE,Federal Contract Tower,0,20,43,0,63,0,19,20,0,39,0,39,63,0,102,38,0,38,140
10/08/2007,SGR,TX,ASW,CE,Federal Contract Tower,0,6,72,0,78,0,11,44,0,55,0,17,116,0,133,100,0,100,233
10/09/2007,SGR,TX,ASW,CE,Federal Contract Tower,0,6,92,2,100,0,10,97,0,107,0,16,189,2,207,156,2,158,365
10/10/2007,SGR,TX,ASW,CE,Federal Contract Tower,0,9,96,0,105,0,13,113,0,126,0,22,209,0,231,116,0,116,347
10/11/2007,SGR,TX,ASW,CE,Federal Contract Tower,0,9,41,0,50,0,19,69,0,88,0,28,110,0,138,92,0,92,230
10/12/2007,SGR,TX,ASW,CE,Federal Contract Tower,0,7,60,0,67,0,25,96,0,121,0,32,156,0,188,78,0,78,266
10/13/2007,SGR,TX,ASW,CE,Federal Contract Tower,0,3,26,0,29,0,13,119,0,132,0,16,145,0,161,100,0,100,261
10/14/2007,SGR,TX,ASW,CE,Federal Contract Tower,0,14,62,0,76,0,13,69,0,82,0,27,131,0,158,84,0,84,242
10/15/2007,SGR,TX,ASW,CE,Federal Contract Tower,0,11,33,0,44,0,13,45,0,58,0,24,78,0,102,82,0,82,184
10/16/2007,SGR,TX,ASW,CE,Federal Contract Tower,0,12,75,0,87,0,13,55,0,68,0,25,130,0,155,54,0,54,209
10/17/2007,SGR,TX,ASW,CE,Federal Contract Tower,0,5,83,0,88,0,9,44,2,55,0,14,127,2,143,50,2,52,195
10/18/2007,SGR,TX,ASW,CE,Federal Contract Tower,0,11,63,0,74,0,0,63,0,63,0,11,126,0,137,52,0,52,189
10/19/2007,SGR,TX,ASW,CE,Federal Contract Tower,0,15,41,0,56,0,2,104,0,106,0,17,145,0,162,122,0,122,284
10/20/2007,SGR,TX,ASW,CE,Federal Contract Tower,0,7,30,0,37,0,9,96,0,105,0,16,126,0,142,126,0,126,268
10/21/2007,SGR,TX,ASW,CE,Federal Contract Tower,0,17,43,0,60,0,10,84,0,94,0,27,127,0,154,70,0,70,224
10/22/2007,SGR,TX,ASW,CE,Federal Contract Tower,0,4,33,0,37,0,8,18,0,26,0,12,51,0,63,20,0,20,83
10/23/2007,SGR,TX,ASW,CE,Federal Contract Tower,0,14,79,0,93,0,10,77,0,87,0,24,156,0,180,96,0,96,276
10/24/2007,SGR,TX,ASW,CE,Federal Contract Tower,0,11,87,0,98,0,14,107,0,121,0,25,194,0,219,118,0,118,337
10/25/2007,SGR,TX,ASW,CE,Federal Contract Tower,0,22,90,2,114,0,8,94,2,104,0,30,184,4,218,106,0,106,324
10/26/2007,SGR,TX,ASW,CE,Federal Contract Tower,0,6,87,0,93,0,5,93,0,98,0,11,180,0,191,136,0,136,327
10/27/2007,SGR,TX,ASW,CE,Federal Contract Tower,0,2,37,0,39,0,0,130,1,131,0,2,167,1,170,92,0,92,262
10/28/2007,SGR,TX,ASW,CE,Federal Contract Tower,0,11,60,0,71,0,15,99,0,114,0,26,159,0,185,98,0,98,283
10/29/2007,SGR,TX,ASW,CE,Federal Contract Tower,0,7,69,0,76,0,1,79,0,80,0,8,148,0,156,126,0,126,282
10/30/2007,SGR,TX,ASW,CE,Federal Contract Tower,0,4,79,0,83,0,11,147,2,160,0,15,226,2,243,146,6,152,395
10/31/2007,SGR,TX,ASW,CE,Federal Contract Tower,0,7,65,0,72,0,3,125,0,128,0,10,190,0,200,128,0,128,328
11/01/2007,SGR,TX,ASW,CE,Federal Contract Tower,0,9,67,0,76,0,0,76,0,76,0,9,143,0,152,94,0,94,246
11/02/2007,SGR,TX,ASW,CE,Federal Contract Tower,0,12,56,0,68,0,4,81,0,85,0,16,137,0,153,78,0,78,231
11/03/2007,SGR,TX,ASW,CE,Federal Contract Tower,0,2,41,0,43,0,11,67,0,78,0,13,108,0,121,96,0,96,217
11/04/2007,SGR,TX,ASW,CE,Federal Contract Tower,0,14,58,0,72,0,4,75,0,79,0,18,133,0,151,116,0,116,267
11/05/2007,SGR,TX,ASW,CE,Federal Contract Tower,0,5,53,0,58,0,5,91,0,96,0,10,144,0,154,112,0,112,266
11/06/2007,SGR,TX,ASW,CE,Federal Contract Tower,0,4,111,0,115,0,2,80,0,82,0,6,191,0,197,150,0,150,347
11/07/2007,SGR,TX,ASW,CE,Federal Contract Tower,0,6,88,0,94,0,5,74,0,79,0,11,162,0,173,100,0,100,273
11/08/2007,SGR,TX,ASW,CE,Federal Contract Tower,0,13,84,0,97,0,3,68,0,71,0,16,152,0,168,92,0,92,260
11/09/2007,SGR,TX,ASW,CE,Federal Contract Tower,0,15,53,0,68,0,1,60,0,61,0,16,113,0,129,126,0,126,255
11/10/2007,SGR,TX,ASW,CE,Federal Contract Tower,0,4,26,0,30,0,9,80,0,89,0,13,106,0,119,110,0,110,229
11/11/2007,SGR,TX,ASW,CE,Federal Contract Tower,0,5,42,0,47,0,2,26,0,28,0,7,68,0,75,48,0,48,123
11/12/2007,SGR,TX,ASW,CE,Federal Contract Tower,0,7,81,0,88,0,8,57,0,65,0,15,138,0,153,156,0,156,309
11/13/2007,SGR,TX,ASW,CE,Federal Contract Tower,0,11,95,0,106,0,6,52,0,58,0,17,147,0,164,70,0,70,234
11/14/2007,SGR,TX,ASW,CE,Federal Contract Tower,0,7,80,0,87,0,7,54,0,61,0,14,134,0,148,106,0,106,254
11/15/2007,SGR,TX,ASW,CE,Federal Contract Tower,0,7,70,0,77,0,13,66,0,79,0,20,136,0,156,106,2,108,264
11/16/2007,SGR,TX,ASW,CE,Federal Contract Tower,0,13,54,0,67,0,6,97,0,103,0,19,151,0,170,86,0,86,256
11/17/2007,SGR,TX,ASW,CE,Federal Contract Tower,0,8,36,4,48,0,2,89,0,91,0,10,125,4,139,80,2,82,221
11/18/2007,SGR,TX,ASW,CE,Federal Contract Tower,0,4,60,0,64,0,0,53,0,53,0,4,113,0,117,42,0,42,159
11/19/2007,SGR,TX,ASW,CE,Federal Contract Tower,0,12,55,0,67,0,4,57,0,61,0,16,112,0,128,104,0,104,232
11/20/2007,SGR,TX,ASW,CE,Federal Contract Tower,0,7,70,4,81,0,4,89,0,93,0,11,159,4,174,78,4,82,256
11/21/2007,SGR,TX,ASW,CE,Federal Contract Tower,0,10,66,0,76,0,11,64,0,75,0,21,130,0,151,46,0,46,197
11/22/2007,SGR,TX,ASW,CE,Federal Contract Tower,0,10,18,0,28,0,5,37,0,42,0,15,55,0,70,12,0,12,82
11/23/2007,SGR,TX,ASW,CE,Federal Contract Tower,0,8,70,0,78,0,3,37,0,40,0,11,107,0,118,122,0,122,240
11/24/2007,SGR,TX,ASW,CE,Federal Contract Tower,0,11,25,0,36,0,0,1,0,1,0,11,26,0,37,0,0,0,37
11/25/2007,SGR,TX,ASW,CE,Federal Contract Tower,0,15,78,0,93,0,0,0,0,0,0,15,78,0,93,4,0,4,97
11/26/2007,SGR,TX,ASW,CE,Federal Contract Tower,0,6,78,1,85,0,4,70,0,74,0,10,148,1,159,136,0,136,295
11/27/2007,SGR,TX,ASW,CE,Federal Contract Tower,0,11,72,0,83,0,2,89,0,91,0,13,161,0,174,116,0,116,290
11/28/2007,SGR,TX,ASW,CE,Federal Contract Tower,0,9,70,0,79,0,5,91,0,96,0,14,161,0,175,130,0,130,305
11/29/2007,SGR,TX,ASW,CE,Federal Contract Tower,0,13,71,0,84,0,4,62,0,66,0,17,133,0,150,92,0,92,242
11/30/2007,SGR,TX,ASW,CE,Federal Contract Tower,0,6,73,0,79,0,8,66,0,74,0,14,139,0,153,44,0,44,197
12/01/2007,SGR,TX,ASW,CE,Federal Contract Tower,0,2,35,0,37,0,9,78,0,87,0,11,113,0,124,82,0,82,206
12/02/2007,SGR,TX,ASW,CE,Federal Contract Tower,0,4,53,0,57,0,0,36,0,36,0,4,89,0,93,38,0,38,131
12/03/2007,SGR,TX,ASW,CE,Federal Contract Tower,0,3,58,0,61,0,4,68,0,72,0,7,126,0,133,76,0,76,209
12/04/2007,SGR,TX,ASW,CE,Federal Contract Tower,0,7,67,0,74,0,17,114,0,131,0,24,181,0,205,66,0,66,271
12/05/2007,SGR,TX,ASW,CE,Federal Contract Tower,0,7,58,1,66,0,7,145,1,153,0,14,203,2,219,158,0,158,377
12/06/2007,SGR,TX,ASW,CE,Federal Contract Tower,0,14,69,0,83,0,5,66,0,71,0,19,135,0,154,104,0,104,258
12/07/2007,SGR,TX,ASW,CE,Federal Contract Tower,0,8,63,0,71,0,2,45,0,47,0,10,108,0,118,68,0,68,186
12/08/2007,SGR,TX,ASW,CE,Federal Contract Tower,0,8,48,0,56,0,4,48,0,52,0,12,96,0,108,98,0,98,206
12/09/2007,SGR,TX,ASW,CE,Federal Contract Tower,0,8,82,0,90,0,9,52,0,61,0,17,134,0,151,100,0,100,251
12/10/2007,SGR,TX,ASW,CE,Federal Contract Tower,0,6,50,0,56,0,4,15,0,19,0,10,65,0,75,12,0,12,87
12/11/2007,SGR,TX,ASW,CE,Federal Contract Tower,0,8,67,0,75,0,10,56,0,66,0,18,123,0,141,44,0,44,185
12/12/2007,SGR,TX,ASW,CE,Federal Contract Tower,0,9,88,0,97,0,0,2,0,2,0,9,90,0,99,4,0,4,103
12/13/2007,SGR,TX,ASW,CE,Federal Contract Tower,0,7,77,0,84,0,2,33,0,35,0,9,110,0,119,94,0,94,213
12/14/2007,SGR,TX,ASW,CE,Federal Contract Tower,0,14,78,0,92,0,0,1,0,1,0,14,79,0,93,0,0,0,93
12/15/2007,SGR,TX,ASW,CE,Federal Contract Tower,0,4,23,0,27,0,0,31,0,31,0,4,54,0,58,24,0,24,82
12/16/2007,SGR,TX,ASW,CE,Federal Contract Tower,0,9,47,0,56,0,9,144,0,153,0,18,191,0,209,140,0,140,349
12/17/2007,SGR,TX,ASW,CE,Federal Contract Tower,0,11,63,0,74,0,4,119,0,123,0,15,182,0,197,162,0,162,359
12/18/2007,SGR,TX,ASW,CE,Federal Contract Tower,0,6,90,0,96,0,0,81,0,81,0,6,171,0,177,130,0,130,307
12/19/2007,SGR,TX,ASW,CE,Federal Contract Tower,0,4,80,0,84,0,0,28,0,28,0,4,108,0,112,50,0,50,162
12/20/2007,SGR,TX,ASW,CE,Federal Contract Tower,0,11,73,0,84,0,8,86,0,94,0,19,159,0,178,42,0,42,220
12/21/2007,SGR,TX,ASW,CE,Federal Contract Tower,0,4,50,0,54,0,4,115,0,119,0,8,165,0,173,100,0,100,273
12/22/2007,SGR,TX,ASW,CE,Federal Contract Tower,0,9,49,0,58,0,0,48,0,48,0,9,97,0,106,42,0,42,148
12/23/2007,SGR,TX,ASW,CE,Federal Contract Tower,0,7,30,0,37,0,8,90,0,98,0,15,120,0,135,112,0,112,247
12/24/2007,SGR,TX,ASW,CE,Federal Contract Tower,0,3,14,0,17,0,11,64,3,78,0,14,78,3,95,66,0,66,161
12/25/2007,SGR,TX,ASW,CE,Federal Contract Tower,0,4,9,0,13,0,9,22,0,31,0,13,31,0,44,18,0,18,62
12/26/2007,SGR,TX,ASW,CE,Federal Contract Tower,0,7,39,0,46,0,4,38,0,42,0,11,77,0,88,36,0,36,124
12/27/2007,SGR,TX,ASW,CE,Federal Contract Tower,0,7,57,0,64,0,4,86,0,90,0,11,143,0,154,116,0,116,270
12/28/2007,SGR,TX,ASW,CE,Federal Contract Tower,0,8,53,0,61,0,8,67,0,75,0,16,120,0,136,136,0,136,272
12/29/2007,SGR,TX,ASW,CE,Federal Contract Tower,0,8,35,0,43,0,8,92,0,100,0,16,127,0,143,114,0,114,257
12/30/2007,SGR,TX,ASW,CE,Federal Contract Tower,0,3,41,0,44,0,3,87,0,90,0,6,128,0,134,114,0,114,248
12/31/2007,SGR,TX,ASW,CE,Federal Contract Tower,0,2,17,0,19,0,7,94,0,101,0,9,111,0,120,80,0,80,200
01/01/2008,SGR,TX,ASW,CE,Federal Contract Tower,0,3,27,0,30,0,4,48,0,52,0,7,75,0,82,32,0,32,114
01/02/2008,SGR,TX,ASW,CE,Federal Contract Tower,0,9,38,0,47,0,4,100,0,104,0,13,138,0,151,62,0,62,213
01/03/2008,SGR,TX,ASW,CE,Federal Contract Tower,0,9,38,0,47,0,14,77,0,91,0,23,115,0,138,48,0,48,186
01/04/2008,SGR,TX,ASW,CE,Federal Contract Tower,0,8,69,0,77,0,4,51,0,55,0,12,120,0,132,42,0,42,174
01/05/2008,SGR,TX,ASW,CE,Federal Contract Tower,0,11,41,0,52,0,9,73,0,82,0,20,114,0,134,58,0,58,192
01/06/2008,SGR,TX,ASW,CE,Federal Contract Tower,0,12,57,0,69,0,4,45,0,49,0,16,102,0,118,60,0,60,178
01/07/2008,SGR,TX,ASW,CE,Federal Contract Tower,0,4,54,0,58,0,4,30,0,34,0,8,84,0,92,24,0,24,116
01/08/2008,SGR,TX,ASW,CE,Federal Contract Tower,0,4,63,0,67,0,8,31,0,39,0,12,94,0,106,28,0,28,134
01/09/2008,SGR,TX,ASW,CE,Federal Contract Tower,0,1,69,0,70,0,2,100,0,102,0,3,169,0,172,64,0,64,236
01/10/2008,SGR,TX,ASW,CE,Federal Contract Tower,0,7,47,0,54,0,4,54,0,58,0,11,101,0,112,34,0,34,146
01/11/2008,SGR,TX,ASW,CE,Federal Contract Tower,0,6,43,2,51,0,0,81,0,81,0,6,124,2,132,106,0,106,238
01/12/2008,SGR,TX,ASW,CE,Federal Contract Tower,0,10,38,0,48,0,5,111,0,116,0,15,149,0,164,168,0,168,332
01/13/2008,SGR,TX,ASW,CE,Federal Contract Tower,0,10,45,0,55,0,2,109,0,111,0,12,154,0,166,132,0,132,298
01/14/2008,SGR,TX,ASW,CE,Federal Contract Tower,0,2,55,0,57,0,7,93,2,102,0,9,148,2,159,102,0,102,261
01/15/2008,SGR,TX,ASW,CE,Federal Contract Tower,0,10,73,0,83,0,1,69,0,70,0,11,142,0,153,126,0,126,279
01/16/2008,SGR,TX,ASW,CE,Federal Contract Tower,0,11,88,0,99,0,0,13,0,13,0,11,101,0,112,30,0,30,142
01/17/2008,SGR,TX,ASW,CE,Federal Contract Tower,0,12,78,0,90,0,6,67,0,73,0,18,145,0,163,86,0,86,249
01/18/2008,SGR,TX,ASW,CE,Federal Contract Tower,0,10,84,0,94,0,2,11,0,13,0,12,95,0,107,16,0,16,123
01/19/2008,SGR,TX,ASW,CE,Federal Contract Tower,0,5,34,0,39,0,6,92,0,98,0,11,126,0,137,86,0,86,223
01/20/2008,SGR,TX,ASW,CE,Federal Contract Tower,0,8,32,0,40,0,4,74,0,78,0,12,106,0,118,76,0,76,194
01/21/2008,SGR,TX,ASW,CE,Federal Contract Tower,0,8,42,0,50,0,2,9,0,11,0,10,51,0,61,6,0,6,67
01/22/2008,SGR,TX,ASW,CE,Federal Contract Tower,0,5,68,0,73,0,0,14,0,14,0,5,82,0,87,42,0,42,129
01/23/2008,SGR,TX,ASW,CE,Federal Contract Tower,0,2,77,0,79,0,0,4,0,4,0,2,81,0,83,0,0,0,83
01/24/2008,SGR,TX,ASW,CE,Federal Contract Tower,0,12,67,0,79,0,2,51,0,53,0,14,118,0,132,70,0,70,202
01/25/2008,SGR,TX,ASW,CE,Federal Contract Tower,0,9,58,0,67,0,0,0,0,0,0,9,58,0,67,0,0,0,67
01/26/2008,SGR,TX,ASW,CE,Federal Contract Tower,0,4,50,0,54,0,8,66,0,74,0,12,116,0,128,152,0,152,280
01/27/2008,SGR,TX,ASW,CE,Federal Contract Tower,0,7,54,0,61,0,7,74,0,81,0,14,128,0,142,74,0,74,216
01/28/2008,SGR,TX,ASW,CE,Federal Contract Tower,0,5,67,0,72,0,4,60,0,64,0,9,127,0,136,52,0,52,188
01/29/2008,SGR,TX,ASW,CE,Federal Contract Tower,0,6,44,2,52,0,0,32,0,32,0,6,76,2,84,28,0,28,112
01/30/2008,SGR,TX,ASW,CE,Federal Contract Tower,0,4,108,0,112,0,4,84,0,88,0,8,192,0,200,94,0,94,294
01/31/2008,SGR,TX,ASW,CE,Federal Contract Tower,0,11,42,0,53,0,0,28,0,28,0,11,70,0,81,20,0,20,101
02/01/2008,SGR,TX,ASW,CE,Federal Contract Tower,0,4,69,0,73,0,1,126,0,127,0,5,195,0,200,162,0,162,362
02/02/2008,SGR,TX,ASW,CE,Federal Contract Tower,0,2,23,0,25,0,8,136,0,144,0,10,159,0,169,150,0,150,319
02/03/2008,SGR,TX,ASW,CE,Federal Contract Tower,0,4,48,0,52,0,7,12,0,19,0,11,60,0,71,28,0,28,99
02/04/2008,SGR,TX,ASW,CE,Federal Contract Tower,0,8,36,0,44,0,1,33,0,34,0,9,69,0,78,38,0,38,116
02/05/2008,SGR,TX,ASW,CE,Federal Contract Tower,0,6,75,6,87,0,0,12,0,12,0,6,87,6,99,42,0,42,141
02/06/2008,SGR,TX,ASW,CE,Federal Contract Tower,0,3,79,2,84,0,8,153,0,161,0,11,232,2,245,104,0,104,349
02/07/2008,SGR,TX,ASW,CE,Federal Contract Tower,0,4,78,0,82,0,4,95,0,99,0,8,173,0,181,84,0,84,265
02/08/2008,SGR,TX,ASW,CE,Federal Contract Tower,0,4,68,0,72,0,0,97,0,97,0,4,165,0,169,70,0,70,239
02/09/2008,SGR,TX,ASW,CE,Federal Contract Tower,0,3,22,0,25,0,0,88,0,88,0,3,110,0,113,110,0,110,223
02/10/2008,SGR,TX,ASW,CE,Federal Contract Tower,0,11,33,0,44,0,4,126,0,130,0,15,159,0,174,106,0,106,280
02/11/2008,SGR,TX,ASW,CE,Federal Contract Tower,0,12,39,0,51,0,7,36,0,43,0,19,75,0,94,42,0,42,136
02/12/2008,SGR,TX,ASW,CE,Federal Contract Tower,0,11,57,0,68,0,5,28,0,33,0,16,85,0,101,18,0,18,119
02/13/2008,SGR,TX,ASW,CE,Federal Contract Tower,0,7,78,0,85,0,4,123,0,127,0,11,201,0,212,160,0,160,372
02/14/2008,SGR,TX,ASW,CE,Federal Contract Tower,0,3,60,0,63,0,6,76,0,82,0,9,136,0,145,92,0,92,237
02/15/2008,SGR,TX,ASW,CE,Federal Contract Tower,0,7,73,0,80,0,4,22,0,26,0,11,95,0,106,28,0,28,134
02/16/2008,SGR,TX,ASW,CE,Federal Contract Tower,0,2,19,0,21,0,0,0,0,0,0,2,19,0,21,0,0,0,21
02/17/2008,SGR,TX,ASW,CE,Federal Contract Tower,0,6,40,0,46,0,0,97,0,97,0,6,137,0,143,110,0,110,253
02/18/2008,SGR,TX,ASW,CE,Federal Contract Tower,0,10,69,0,79,0,4,83,0,87,0,14,152,0,166,132,0,132,298
02/19/2008,SGR,TX,ASW,CE,Federal Contract Tower,0,6,64,0,70,0,3,73,0,76,0,9,137,0,146,144,0,144,290
02/20/2008,SGR,TX,ASW,CE,Federal Contract Tower,0,11,83,0,94,0,0,28,0,28,0,11,111,0,122,56,0,56,178
02/21/2008,SGR,TX,ASW,CE,Federal Contract Tower,0,12,54,0,66,0,2,4,0,6,0,14,58,0,72,0,0,0,72
02/22/2008,SGR,TX,ASW,CE,Federal Contract Tower,0,16,79,0,95,0,0,54,0,54,0,16,133,0,149,72,0,72,221
02/23/2008,SGR,TX,ASW,CE,Federal Contract Tower,0,1,47,0,48,0,2,85,0,87,0,3,132,0,135,146,0,146,281
02/24/2008,SGR,TX,ASW,CE,Federal Contract Tower,0,14,57,0,71,0,7,132,0,139,0,21,189,0,210,156,0,156,366
02/25/2008,SGR,TX,ASW,CE,Federal Contract Tower,0,2,74,0,76,0,8,42,0,50,0,10,116,0,126,60,0,60,186
02/26/2008,SGR,TX,ASW,CE,Federal Contract Tower,0,1,79,0,80,0,9,60,0,69,0,10,139,0,149,74,0,74,223
02/27/2008,SGR,TX,ASW,CE,Federal Contract Tower,0,16,76,0,92,0,2,103,0,105,0,18,179,0,197,128,2,130,327
02/28/2008,SGR,TX,ASW,CE,Federal Contract Tower,0,10,64,0,74,0,11,86,0,97,0,21,150,0,171,92,0,92,263
02/29/2008,SGR,TX,ASW,CE,Federal Contract Tower,0,9,61,2,72,0,9,84,0,93,0,18,145,2,165,114,0,114,279
03/01/2008,SGR,TX,ASW,CE,Federal Contract Tower,0,8,31,0,39,0,5,80,0,85,0,13,111,0,124,156,0,156,280
03/02/2008,SGR,TX,ASW,CE,Federal Contract Tower,0,2,39,0,41,0,6,42,0,48,0,8,81,0,89,64,0,64,153
03/03/2008,SGR,TX,ASW,CE,Federal Contract Tower,0,8,31,0,39,0,4,1,0,5,0,12,32,0,44,6,0,6,50
03/04/2008,SGR,TX,ASW,CE,Federal Contract Tower,0,13,105,4,122,0,2,77,0,79,0,15,182,4,201,150,0,150,351
03/05/2008,SGR,TX,ASW,CE,Federal Contract Tower,0,8,63,0,71,0,7,111,0,118,0,15,174,0,189,120,0,120,309
03/06/2008,SGR,TX,ASW,CE,Federal Contract Tower,0,8,54,0,62,0,4,22,0,26,0,12,76,0,88,18,0,18,106
03/07/2008,SGR,TX,ASW,CE,Federal Contract Tower,0,5,44,0,49,0,2,36,0,38,0,7,80,0,87,22,0,22,109
03/08/2008,SGR,TX,ASW,CE,Federal Contract Tower,0,5,58,0,63,0,11,116,0,127,0,16,174,0,190,172,0,172,362
03/09/2008,SGR,TX,ASW,CE,Federal Contract Tower,0,6,52,0,58,0,2,82,0,84,0,8,134,0,142,112,0,112,254
03/10/2008,SGR,TX,ASW,CE,Federal Contract Tower,0,5,36,0,41,0,5,22,0,27,0,10,58,0,68,12,0,12,80
03/11/2008,SGR,TX,ASW,CE,Federal Contract Tower,0,6,89,0,95,0,1,43,0,44,0,7,132,0,139,70,0,70,209
03/12/2008,SGR,TX,ASW,CE,Federal Contract Tower,0,8,48,0,56,0,4,93,0,97,0,12,141,0,153,96,0,96,249
03/13/2008,SGR,TX,ASW,CE,Federal Contract Tower,0,11,68,0,79,0,2,41,0,43,0,13,109,0,122,72,0,72,194
03/14/2008,SGR,TX,ASW,CE,Federal Contract Tower,0,15,69,0,84,0,9,53,0,62,0,24,122,0,146,64,0,64,210
03/15/2008,SGR,TX,ASW,CE,Federal Contract Tower,0,17,38,0,55,0,9,91,0,100,0,26,129,0,155,118,0,118,273
03/16/2008,SGR,TX,ASW,CE,Federal Contract Tower,0,7,52,0,59,0,6,32,2,40,0,13,84,2,99,42,0,42,141
03/17/2008,SGR,TX,ASW,CE,Federal Contract Tower,0,6,28,0,34,0,6,6,0,12,0,12,34,0,46,18,0,18,64
03/18/2008,SGR,TX,ASW,CE,Federal Contract Tower,0,8,16,0,24,0,2,0,0,2,0,10,16,0,26,0,0,0,26
03/19/2008,SGR,TX,ASW,CE,Federal Contract Tower,0,6,64,0,70,0,13,55,0,68,0,19,119,0,138,90,0,90,228
03/20/2008,SGR,TX,ASW,CE,Federal Contract Tower,0,14,77,0,91,0,1,100,0,101,0,15,177,0,192,128,0,128,320
03/21/2008,SGR,TX,ASW,CE,Federal Contract Tower,0,3,54,0,57,0,0,99,0,99,0,3,153,0,156,106,0,106,262
03/22/2008,SGR,TX,ASW,CE,Federal Contract Tower,0,3,33,0,36,0,10,95,0,105,0,13,128,0,141,128,0,128,269
03/23/2008,SGR,TX,ASW,CE,Federal Contract Tower,0,9,35,0,44,0,0,64,0,64,0,9,99,0,108,68,0,68,176
03/24/2008,SGR,TX,ASW,CE,Federal Contract Tower,0,9,86,0,95,0,7,72,0,79,0,16,158,0,174,106,0,106,280
03/25/2008,SGR,TX,ASW,CE,Federal Contract Tower,0,5,68,0,73,0,15,90,2,107,0,20,158,2,180,126,0,126,306
03/26/2008,SGR,TX,ASW,CE,Federal Contract Tower,0,15,62,0,77,0,17,62,0,79,0,32,124,0,156,94,0,94,250
03/27/2008,SGR,TX,ASW,CE,Federal Contract Tower,0,30,70,0,100,0,20,81,0,101,0,50,151,0,201,100,0,100,301
03/28/2008,SGR,TX,ASW,CE,Federal Contract Tower,0,13,91,0,104,0,0,71,0,71,0,13,162,0,175,62,0,62,237
03/29/2008,SGR,TX,ASW,CE,Federal Contract Tower,0,6,62,0,68,0,2,44,0,46,0,8,106,0,114,92,0,92,206
03/30/2008,SGR,TX,ASW,CE,Federal Contract Tower,0,9,59,0,68,0,8,56,0,64,0,17,115,0,132,84,0,84,216
03/31/2008,SGR,TX,ASW,CE,Federal Contract Tower,0,4,48,0,52,0,8,31,0,39,0,12,79,0,91,30,0,30,121
04/01/2008,SGR,TX,ASW,CE,Federal Contract Tower,0,5,84,0,89,0,7,43,0,50,0,12,127,0,139,100,0,100,239
04/02/2008,SGR,TX,ASW,CE,Federal Contract Tower,0,9,76,0,85,0,5,30,0,35,0,14,106,0,120,68,0,68,188
04/03/2008,SGR,TX,ASW,CE,Federal Contract Tower,0,12,78,0,90,0,6,34,0,40,0,18,112,0,130,112,0,112,242
04/04/2008,SGR,TX,ASW,CE,Federal Contract Tower,0,11,48,0,59,0,5,12,0,17,0,16,60,0,76,26,0,26,102
04/05/2008,SGR,TX,ASW,CE,Federal Contract Tower,0,7,52,0,59,0,2,96,0,98,0,9,148,0,157,150,0,150,307
04/06/2008,SGR,TX,ASW,CE,Federal Contract Tower,0,10,47,0,57,0,4,102,0,106,0,14,149,0,163,88,0,88,251
04/07/2008,SGR,TX,ASW,CE,Federal Contract Tower,0,10,70,0,80,0,6,45,0,51,0,16,115,0,131,92,0,92,223
04/08/2008,SGR,TX,ASW,CE,Federal Contract Tower,0,6,58,2,66,0,17,58,0,75,0,23,116,2,141,60,0,60,201
04/09/2008,SGR,TX,ASW,CE,Federal Contract Tower,0,8,71,0,79,0,6,32,0,38,0,14,103,0,117,52,0,52,169
04/10/2008,SGR,TX,ASW,CE,Federal Contract Tower,0,8,72,0,80,0,8,33,0,41,0,16,105,0,121,16,0,16,137
04/11/2008,SGR,TX,ASW,CE,Federal Contract Tower,0,20,75,0,95,0,1,50,0,51,0,21,125,0,146,68,0,68,214
04/12/2008,SGR,TX,ASW,CE,Federal Contract Tower,0,8,44,0,52,0,2,79,0,81,0,10,123,0,133,112,0,112,245
04/13/2008,SGR,TX,ASW,CE,Federal Contract Tower,0,6,60,0,66,0,14,79,0,93,0,20,139,0,159,80,0,80,239
04/14/2008,SGR,TX,ASW,CE,Federal Contract Tower,0,12,47,0,59,0,3,82,0,85,0,15,129,0,144,76,0,76,220
04/15/2008,SGR,TX,ASW,CE,Federal Contract Tower,0,5,48,0,53,0,7,82,0,89,0,12,130,0,142,84,0,84,226
04/16/2008,SGR,TX,ASW,CE,Federal Contract Tower,0,1,57,0,58,0,5,90,0,95,0,6,147,0,153,52,0,52,205
04/17/2008,SGR,TX,ASW,CE,Federal Contract Tower,0,12,63,4,79,0,0,66,0,66,0,12,129,4,145,90,0,90,235
04/18/2008,SGR,TX,ASW,CE,Federal Contract Tower,0,4,41,12,57,0,7,68,1,76,0,11,109,13,133,78,16,94,227
04/19/2008,SGR,TX,ASW,CE,Federal Contract Tower,0,7,26,0,33,0,6,134,0,140,0,13,160,0,173,164,0,164,337
04/20/2008,SGR,TX,ASW,CE,Federal Contract Tower,0,10,71,0,81,0,5,62,0,67,0,15,133,0,148,114,0,114,262
04/21/2008,SGR,TX,ASW,CE,Federal Contract Tower,0,1,74,0,75,0,23,34,0,57,0,24,108,0,132,50,0,50,182
04/22/2008,SGR,TX,ASW,CE,Federal Contract Tower,0,5,72,0,77,0,3,58,2,63,0,8,130,2,140,36,0,36,176
04/23/2008,SGR,TX,ASW,CE,Federal Contract Tower,0,4,77,4,85,0,9,56,0,65,0,13,133,4,150,108,2,110,260
04/24/2008,SGR,TX,ASW,CE,Federal Contract Tower,0,5,73,2,80,0,7,61,0,68,0,12,134,2,148,90,0,90,238
04/25/2008,SGR,TX,ASW,CE,Federal Contract Tower,0,12,41,0,53,0,8,52,0,60,0,20,93,0,113,70,0,70,183
04/26/2008,SGR,TX,ASW,CE,Federal Contract Tower,0,1,43,0,44,0,6,54,0,60,0,7,97,0,104,86,0,86,190
04/27/2008,SGR,TX,ASW,CE,Federal Contract Tower,0,8,49,0,57,0,6,25,0,31,0,14,74,0,88,24,0,24,112
04/28/2008,SGR,TX,ASW,CE,Federal Contract Tower,0,4,64,0,68,0,5,81,0,86,0,9,145,0,154,78,0,78,232
04/29/2008,SGR,TX,ASW,CE,Federal Contract Tower,0,3,62,4,69,0,2,114,0,116,0,5,176,4,185,130,0,130,315
04/30/2008,SGR,TX,ASW,CE,Federal Contract Tower,0,5,83,0,88,0,4,75,0,79,0,9,158,0,167,124,0,124,291
05/01/2008,SGR,TX,ASW,CE,Federal Contract Tower,0,1,76,0,77,0,0,29,0,29,0,1,105,0,106,48,0,48,154
05/02/2008,SGR,TX,ASW,CE,Federal Contract Tower,0,9,62,2,73,0,2,41,0,43,0,11,103,2,116,74,0,74,190
05/03/2008,SGR,TX,ASW,CE,Federal Contract Tower,0,6,48,0,54,0,2,78,0,80,0,8,126,0,134,76,0,76,210
05/04/2008,SGR,TX,ASW,CE,Federal Contract Tower,0,9,80,2,91,0,0,79,0,79,0,9,159,2,170,108,0,108,278
05/05/2008,SGR,TX,ASW,CE,Federal Contract Tower,0,7,66,0,73,0,7,13,0,20,0,14,79,0,93,28,0,28,121
05/06/2008,SGR,TX,ASW,CE,Federal Contract Tower,0,8,72,0,80,0,6,30,0,36,0,14,102,0,116,72,0,72,188
05/07/2008,SGR,TX,ASW,CE,Federal Contract Tower,0,4,51,0,55,0,0,44,0,44,0,4,95,0,99,60,0,60,159
05/08/2008,SGR,TX,ASW,CE,Federal Contract Tower,0,7,108,0,115,0,5,73,0,78,0,12,181,0,193,92,0,92,285
05/09/2008,SGR,TX,ASW,CE,Federal Contract Tower,0,11,56,0,67,0,0,90,0,90,0,11,146,0,157,50,0,50,207
05/10/2008,SGR,TX,ASW,CE,Federal Contract Tower,0,6,60,0,66,0,8,52,0,60,0,14,112,0,126,136,0,136,262
05/11/2008,SGR,TX,ASW,CE,Federal Contract Tower,0,11,43,0,54,0,7,70,0,77,0,18,113,0,131,76,0,76,207
05/12/2008,SGR,TX,ASW,CE,Federal Contract Tower,0,11,74,0,85,0,4,55,2,61,0,15,129,2,146,70,0,70,216
05/13/2008,SGR,TX,ASW,CE,Federal Contract Tower,0,10,75,0,85,0,3,35,0,38,0,13,110,0,123,100,0,100,223
05/14/2008,SGR,TX,ASW,CE,Federal Contract Tower,0,5,61,0,66,0,0,25,0,25,0,5,86,0,91,26,0,26,117
05/15/2008,SGR,TX,ASW,CE,Federal Contract Tower,0,10,64,0,74,0,0,56,0,56,0,10,120,0,130,66,0,66,196
05/16/2008,SGR,TX,ASW,CE,Federal Contract Tower,0,11,79,0,90,0,6,59,0,65,0,17,138,0,155,64,0,64,219
05/17/2008,SGR,TX,ASW,CE,Federal Contract Tower,0,4,40,0,44,0,0,60,0,60,0,4,100,0,104,136,0,136,240
05/18/2008,SGR,TX,ASW,CE,Federal Contract Tower,0,15,39,0,54,0,6,74,0,80,0,21,113,0,134,64,0,64,198
05/19/2008,SGR,TX,ASW,CE,Federal Contract Tower,0,13,61,2,76,0,1,89,0,90,0,14,150,2,166,130,2,132,298
05/20/2008,SGR,TX,ASW,CE,Federal Contract Tower,0,7,56,0,63,0,8,76,0,84,0,15,132,0,147,92,0,92,239
05/21/2008,SGR,TX,ASW,CE,Federal Contract Tower,0,7,61,0,68,0,2,63,0,65,0,9,124,0,133,136,0,136,269
05/22/2008,SGR,TX,ASW,CE,Federal Contract Tower,0,14,93,0,107,0,4,37,0,41,0,18,130,0,148,58,0,58,206
05/23/2008,SGR,TX,ASW,CE,Federal Contract Tower,0,6,74,0,80,0,4,70,0,74,0,10,144,0,154,84,0,84,238
05/24/2008,SGR,TX,ASW,CE,Federal Contract Tower,0,5,33,0,38,0,5,74,0,79,0,10,107,0,117,98,0,98,215
05/25/2008,SGR,TX,ASW,CE,Federal Contract Tower,0,2,32,0,34,0,6,55,0,61,0,8,87,0,95,88,0,88,183
05/26/2008,SGR,TX,ASW,CE,Federal Contract Tower,0,10,39,0,49,0,2,67,0,69,0,12,106,0,118,60,0,60,178
05/27/2008,SGR,TX,ASW,CE,Federal Contract Tower,0,16,65,0,81,0,3,54,0,57,0,19,119,0,138,110,0,110,248
05/28/2008,SGR,TX,ASW,CE,Federal Contract Tower,0,5,67,0,72,0,4,68,0,72,0,9,135,0,144,104,0,104,248
05/29/2008,SGR,TX,ASW,CE,Federal Contract Tower,0,5,84,0,89,0,1,74,0,75,0,6,158,0,164,150,0,150,314
05/30/2008,SGR,TX,ASW,CE,Federal Contract Tower,0,13,76,0,89,0,0,92,0,92,0,13,168,0,181,92,0,92,273
05/31/2008,SGR,TX,ASW,CE,Federal Contract Tower,0,5,38,0,43,0,2,83,0,85,0,7,121,0,128,100,2,102,230
06/01/2008,SGR,TX,ASW,CE,Federal Contract Tower,0,3,48,0,51,0,0,87,0,87,0,3,135,0,138,64,0,64,202
06/02/2008,SGR,TX,ASW,CE,Federal Contract Tower,0,8,69,2,79,0,1,65,0,66,0,9,134,2,145,40,0,40,185
06/03/2008,SGR,TX,ASW,CE,Federal Contract Tower,0,12,64,0,76,0,3,80,0,83,0,15,144,0,159,96,0,96,255
06/04/2008,SGR,TX,ASW,CE,Federal Contract Tower,0,7,84,0,91,0,6,48,2,56,0,13,132,2,147,82,12,94,241
06/05/2008,SGR,TX,ASW,CE,Federal Contract Tower,0,17,85,2,104,0,6,43,0,49,0,23,128,2,153,28,0,28,181
06/06/2008,SGR,TX,ASW,CE,Federal Contract Tower,0,6,60,0,66,0,4,52,0,56,0,10,112,0,122,42,0,42,164
06/07/2008,SGR,TX,ASW,CE,Federal Contract Tower,0,2,52,0,54,0,3,84,0,87,0,5,136,0,141,88,0,88,229
06/08/2008,SGR,TX,ASW,CE,Federal Contract Tower,0,11,64,0,75,0,2,61,0,63,0,13,125,0,138,78,0,78,216
06/09/2008,SGR,TX,ASW,CE,Federal Contract Tower,0,5,78,2,85,0,5,46,0,51,0,10,124,2,136,84,2,86,222
06/10/2008,SGR,TX,ASW,CE,Federal Contract Tower,0,8,77,0,85,0,1,96,0,97,0,9,173,0,182,84,0,84,266
06/11/2008,SGR,TX,ASW,CE,Federal Contract Tower,0,12,60,2,74,0,1,63,0,64,0,13,123,2,138,90,0,90,228
06/12/2008,SGR,TX,ASW,CE,Federal Contract Tower,0,7,76,0,83,0,0,66,0,66,0,7,142,0,149,120,0,120,269
06/13/2008,SGR,TX,ASW,CE,Federal Contract Tower,0,7,67,0,74,0,4,73,0,77,0,11,140,0,151,68,0,68,219
06/14/2008,SGR,TX,ASW,CE,Federal Contract Tower,0,11,30,0,41,0,7,88,0,95,0,18,118,0,136,106,0,106,242
06/15/2008,SGR,TX,ASW,CE,Federal Contract Tower,0,14,52,0,66,0,11,60,0,71,0,25,112,0,137,84,0,84,221
06/16/2008,SGR,TX,ASW,CE,Federal Contract Tower,0,13,92,2,107,0,4,59,0,63,0,17,151,2,170,126,2,128,298
06/17/2008,SGR,TX,ASW,CE,Federal Contract Tower,0,3,83,0,86,0,27,74,0,101,0,30,157,0,187,104,0,104,291
06/18/2008,SGR,TX,ASW,CE,Federal Contract Tower,0,15,64,0,79,0,8,85,0,93,0,23,149,0,172,100,0,100,272
06/19/2008,SGR,TX,ASW,CE,Federal Contract Tower,0,5,92,0,97,0,0,47,0,47,0,5,139,0,144,92,0,92,236
06/20/2008,SGR,TX,ASW,CE,Federal Contract Tower,0,6,63,0,69,0,0,53,0,53,0,6,116,0,122,114,0,114,236
06/21/2008,SGR,TX,ASW,CE,Federal Contract Tower,0,6,22,0,28,0,7,108,0,115,0,13,130,0,143,102,0,102,245
06/22/2008,SGR,TX,ASW,CE,Federal Contract Tower,0,8,61,0,69,0,4,95,0,99,0,12,156,0,168,90,0,90,258
06/23/2008,SGR,TX,ASW,CE,Federal Contract Tower,0,8,72,0,80,0,5,52,0,57,0,13,124,0,137,76,0,76,213
06/24/2008,SGR,TX,ASW,CE,Federal Contract Tower,0,14,100,2,116,0,4,100,0,104,0,18,200,2,220,154,0,154,374
06/25/2008,SGR,TX,ASW,CE,Federal Contract Tower,0,21,77,4,102,0,3,41,0,44,0,24,118,4,146,58,0,58,204
06/26/2008,SGR,TX,ASW,CE,Federal Contract Tower,0,9,85,0,94,0,6,62,0,68,0,15,147,0,162,70,0,70,232
06/27/2008,SGR,TX,ASW,CE,Federal Contract Tower,0,11,89,0,100,0,2,82,0,84,0,13,171,0,184,76,0,76,260
06/28/2008,SGR,TX,ASW,CE,Federal Contract Tower,0,1,46,0,47,0,11,72,0,83,0,12,118,0,130,142,0,142,272
06/29/2008,SGR,TX,ASW,CE,Federal Contract Tower,0,14,31,0,45,0,0,50,0,50,0,14,81,0,95,104,0,104,199
06/30/2008,SGR,TX,ASW,CE,Federal Contract Tower,0,5,70,0,75,0,1,57,0,58,0,6,127,0,133,112,0,112,245
07/01/2008,SGR,TX,ASW,CE,Federal Contract Tower,0,6,53,0,59,0,21,94,0,115,0,27,147,0,174,62,0,62,236
07/02/2008,SGR,TX,ASW,CE,Federal Contract Tower,0,9,74,0,83,0,8,67,0,75,0,17,141,0,158,72,0,72,230
07/03/2008,SGR,TX,ASW,CE,Federal Contract Tower,0,7,94,0,101,0,1,80,0,81,0,8,174,0,182,60,2,62,244
07/04/2008,SGR,TX,ASW,CE,Federal Contract Tower,0,1,10,0,11,0,0,60,0,60,0,1,70,0,71,50,0,50,121
07/05/2008,SGR,TX,ASW,CE,Federal Contract Tower,0,5,23,0,28,0,0,0,0,0,0,5,23,0,28,94,0,94,122
07/06/2008,SGR,TX,ASW,CE,Federal Contract Tower,0,8,64,0,72,0,6,63,0,69,0,14,127,0,141,104,0,104,245
07/07/2008,SGR,TX,ASW,CE,Federal Contract Tower,0,12,78,0,90,0,11,62,0,73,0,23,140,0,163,60,0,60,223
07/08/2008,SGR,TX,ASW,CE,Federal Contract Tower,0,10,53,0,63,0,4,45,0,49,0,14,98,0,112,48,0,48,160
07/09/2008,SGR,TX,ASW,CE,Federal Contract Tower,0,12,88,0,100,0,2,55,0,57,0,14,143,0,157,44,0,44,201
07/10/2008,SGR,TX,ASW,CE,Federal Contract Tower,0,6,55,0,61,0,4,75,0,79,0,10,130,0,140,92,0,92,232
07/11/2008,SGR,TX,ASW,CE,Federal Contract Tower,0,4,69,2,75,0,0,93,0,93,0,4,162,2,168,68,2,70,238
07/12/2008,SGR,TX,ASW,CE,Federal Contract Tower,0,4,34,0,38,0,2,99,0,101,0,6,133,0,139,94,0,94,233
07/13/2008,SGR,TX,ASW,CE,Federal Contract Tower,0,7,70,0,77,0,2,87,0,89,0,9,157,0,166,70,0,70,236
07/14/2008,SGR,TX,ASW,CE,Federal Contract Tower,0,9,50,0,59,0,9,64,0,73,0,18,114,0,132,82,0,82,214
07/15/2008,SGR,TX,ASW,CE,Federal Contract Tower,0,4,87,2,93,0,1,79,0,80,0,5,166,2,173,92,6,98,271
07/16/2008,SGR,TX,ASW,CE,Federal Contract Tower,0,9,72,0,81,0,5,58,0,63,0,14,130,0,144,20,0,20,164
07/17/2008,SGR,TX,ASW,CE,Federal Contract Tower,0,12,89,2,103,0,0,85,0,85,0,12,174,2,188,86,0,86,274
07/18/2008,SGR,TX,ASW,CE,Federal Contract Tower,0,18,79,0,97,0,0,62,0,62,0,18,141,0,159,88,0,88,247
07/19/2008,SGR,TX,ASW,CE,Federal Contract Tower,0,8,66,0,74,0,6,61,0,67,0,14,127,0,141,96,0,96,237
07/20/2008,SGR,TX,ASW,CE,Federal Contract Tower,0,6,61,0,67,0,9,49,0,58,0,15,110,0,125,46,0,46,171
07/21/2008,SGR,TX,ASW,CE,Federal Contract Tower,0,11,76,0,87,0,29,42,0,71,0,40,118,0,158,98,0,98,256
07/22/2008,SGR,TX,ASW,CE,Federal Contract Tower,0,12,59,0,71,0,0,46,0,46,0,12,105,0,117,96,0,96,213
07/23/2008,SGR,TX,ASW,CE,Federal Contract Tower,0,4,42,0,46,0,0,26,0,26,0,4,68,0,72,36,0,36,108
07/24/2008,SGR,TX,ASW,CE,Federal Contract Tower,0,4,57,0,61,0,0,13,0,13,0,4,70,0,74,0,0,0,74
07/25/2008,SGR,TX,ASW,CE,Federal Contract Tower,0,11,90,0,101,0,0,84,0,84,0,11,174,0,185,34,0,34,219
07/26/2008,SGR,TX,ASW,CE,Federal Contract Tower,0,5,52,0,57,0,3,75,0,78,0,8,127,0,135,102,0,102,237
07/27/2008,SGR,TX,ASW,CE,Federal Contract Tower,0,10,52,0,62,0,4,56,0,60,0,14,108,0,122,60,0,60,182
07/28/2008,SGR,TX,ASW,CE,Federal Contract Tower,0,9,74,0,83,0,2,74,0,76,0,11,148,0,159,90,0,90,249
07/29/2008,SGR,TX,ASW,CE,Federal Contract Tower,0,10,95,0,105,0,10,86,0,96,0,20,181,0,201,104,0,104,305
07/30/2008,SGR,TX,ASW,CE,Federal Contract Tower,0,12,68,0,80,0,0,106,0,106,0,12,174,0,186,88,0,88,274
07/31/2008,SGR,TX,ASW,CE,Federal Contract Tower,0,6,79,0,85,0,4,84,0,88,0,10,163,0,173,116,0,116,289
08/01/2008,SGR,TX,ASW,CE,Federal Contract Tower,0,8,63,0,71,0,0,84,0,84,0,8,147,0,155,100,2,102,257
08/02/2008,SGR,TX,ASW,CE,Federal Contract Tower,0,3,63,0,66,0,0,85,0,85,0,3,148,0,151,82,0,82,233
08/03/2008,SGR,TX,ASW,CE,Federal Contract Tower,0,8,47,0,55,0,0,54,0,54,0,8,101,0,109,66,0,66,175
08/04/2008,SGR,TX,ASW,CE,Federal Contract Tower,0,9,53,0,62,0,1,91,0,92,0,10,144,0,154,94,0,94,248
08/05/2008,SGR,TX,ASW,CE,Federal Contract Tower,0,1,12,0,13,0,0,0,0,0,0,1,12,0,13,0,0,0,13
08/06/2008,SGR,TX,ASW,CE,Federal Contract Tower,0,12,62,2,76,0,0,63,0,63,0,12,125,2,139,98,0,98,237
08/07/2008,SGR,TX,ASW,CE,Federal Contract Tower,0,9,91,0,100,0,1,50,0,51,0,10,141,0,151,100,0,100,251
08/08/2008,SGR,TX,ASW,CE,Federal Contract Tower,0,9,48,0,57,0,0,91,0,91,0,9,139,0,148,134,0,134,282
08/09/2008,SGR,TX,ASW,CE,Federal Contract Tower,0,5,31,0,36,0,0,97,0,97,0,5,128,0,133,118,0,118,251
08/10/2008,SGR,TX,ASW,CE,Federal Contract Tower,0,8,66,0,74,0,0,59,0,59,0,8,125,0,133,80,0,80,213
08/11/2008,SGR,TX,ASW,CE,Federal Contract Tower,0,7,94,0,101,0,8,32,0,40,0,15,126,0,141,100,0,100,241
08/12/2008,SGR,TX,ASW,CE,Federal Contract Tower,0,8,43,0,51,0,0,82,0,82,0,8,125,0,133,76,0,76,209
08/13/2008,SGR,TX,ASW,CE,Federal Contract Tower,0,6,66,0,72,0,3,57,0,60,0,9,123,0,132,56,0,56,188
08/14/2008,SGR,TX,ASW,CE,Federal Contract Tower,0,6,76,6,88,0,1,66,0,67,0,7,142,6,155,72,0,72,227
08/15/2008,SGR,TX,ASW,CE,Federal Contract Tower,0,14,51,0,65,0,4,42,0,46,0,18,93,0,111,60,0,60,171
08/16/2008,SGR,TX,ASW,CE,Federal Contract Tower,0,2,52,0,54,0,0,30,0,30,0,2,82,0,84,56,0,56,140
08/17/2008,SGR,TX,ASW,CE,Federal Contract Tower,0,6,45,0,51,0,2,57,0,59,0,8,102,0,110,84,0,84,194
08/18/2008,SGR,TX,ASW,CE,Federal Contract Tower,0,5,66,0,71,0,3,33,0,36,0,8,99,0,107,76,0,76,183
08/19/2008,SGR,TX,ASW,CE,Federal Contract Tower,0,0,74,0,74,0,0,24,0,24,0,0,98,0,98,62,0,62,160
08/20/2008,SGR,TX,ASW,CE,Federal Contract Tower,0,2,59,0,61,0,0,24,0,24,0,2,83,0,85,14,0,14,99
08/21/2008,SGR,TX,ASW,CE,Federal Contract Tower,0,12,60,0,72,0,0,7,0,7,0,12,67,0,79,6,0,6,85
08/22/2008,SGR,TX,ASW,CE,Federal Contract Tower,0,5,115,0,120,0,3,81,0,84,0,8,196,0,204,98,2,100,304
08/23/2008,SGR,TX,ASW,CE,Federal Contract Tower,0,5,40,3,48,0,1,76,0,77,0,6,116,3,125,146,0,146,271
08/24/2008,SGR,TX,ASW,CE,Federal Contract Tower,0,8,52,0,60,0,0,67,0,67,0,8,119,0,127,70,0,70,197
08/25/2008,SGR,TX,ASW,CE,Federal Contract Tower,0,4,56,2,62,0,4,54,0,58,0,8,110,2,120,94,4,98,218
08/26/2008,SGR,TX,ASW,CE,Federal Contract Tower,0,7,98,0,105,0,0,74,2,76,0,7,172,2,181,102,0,102,283
08/27/2008,SGR,TX,ASW,CE,Federal Contract Tower,0,8,90,0,98,0,0,71,0,71,0,8,161,0,169,92,0,92,261
08/28/2008,SGR,TX,ASW,CE,Federal Contract Tower,0,5,93,0,98,0,0,72,0,72,0,5,165,0,170,100,0,100,270
08/29/2008,SGR,TX,ASW,CE,Federal Contract Tower,0,13,56,0,69,0,0,89,0,89,0,13,145,0,158,112,0,112,270
08/30/2008,SGR,TX,ASW,CE,Federal Contract Tower,0,3,50,0,53,0,2,106,0,108,0,5,156,0,161,146,0,146,307
08/31/2008,SGR,TX,ASW,CE,Federal Contract Tower,0,2,41,0,43,0,12,47,1,60,0,14,88,1,103,36,0,36,139
09/01/2008,SGR,TX,ASW,CE,Federal Contract Tower,0,10,44,0,54,0,3,39,0,42,0,13,83,0,96,12,0,12,108
09/02/2008,SGR,TX,ASW,CE,Federal Contract Tower,0,7,70,0,77,0,0,72,0,72,0,7,142,0,149,98,4,102,251
09/03/2008,SGR,TX,ASW,CE,Federal Contract Tower,0,10,71,0,81,0,2,76,0,78,0,12,147,0,159,110,0,110,269
09/04/2008,SGR,TX,ASW,CE,Federal Contract Tower,0,6,61,0,67,0,2,72,0,74,0,8,133,0,141,0,56,56,197
09/05/2008,SGR,TX,ASW,CE,Federal Contract Tower,0,6,54,4,64,0,3,82,0,85,0,9,136,4,149,84,0,84,233
09/06/2008,SGR,TX,ASW,CE,Federal Contract Tower,0,3,51,0,54,0,6,80,0,86,0,9,131,0,140,108,0,108,248
09/07/2008,SGR,TX,ASW,CE,Federal Contract Tower,0,4,63,0,67,0,0,73,0,73,0,4,136,0,140,66,0,66,206
09/08/2008,SGR,TX,ASW,CE,Federal Contract Tower,0,3,93,0,96,0,6,66,0,72,0,9,159,0,168,42,0,42,210
09/09/2008,SGR,TX,ASW,CE,Federal Contract Tower,0,10,73,0,83,0,0,54,0,54,0,10,127,0,137,48,0,48,185
09/10/2008,SGR,TX,ASW,CE,Federal Contract Tower,0,11,73,0,84,0,0,52,0,52,0,11,125,0,136,90,0,90,226
09/11/2008,SGR,TX,ASW,CE,Federal Contract Tower,0,34,120,0,154,0,3,80,0,83,0,37,200,0,237,24,0,24,261
09/12/2008,SGR,TX,ASW,CE,Federal Contract Tower,0,2,32,0,34,0,0,2,0,2,0,2,34,0,36,0,0,0,36
09/13/2008,SGR,TX,ASW,CE,Federal Contract Tower,0,0,0,0,0,0,0,0,0,0,0,0,0,0,0,0,0,0,0
09/14/2008,SGR,TX,ASW,CE,Federal Contract Tower,0,1,14,0,15,0,0,14,0,14,0,1,28,0,29,0,6,6,35
09/15/2008,SGR,TX,ASW,CE,Federal Contract Tower,0,10,55,0,65,0,0,59,0,59,0,10,114,0,124,0,0,0,124
09/16/2008,SGR,TX,ASW,CE,Federal Contract Tower,0,17,34,0,51,0,58,0,0,58,0,75,34,0,109,16,0,16,125
09/17/2008,SGR,TX,ASW,CE,Federal Contract Tower,0,12,33,0,45,0,0,49,0,49,0,12,82,0,94,54,0,54,148
09/18/2008,SGR,TX,ASW,CE,Federal Contract Tower,0,3,53,0,56,0,1,78,2,81,0,4,131,2,137,34,0,34,171
09/19/2008,SGR,TX,ASW,CE,Federal Contract Tower,0,13,70,0,83,0,5,54,0,59,0,18,124,0,142,34,0,34,176
09/20/2008,SGR,TX,ASW,CE,Federal Contract Tower,0,4,33,0,37,0,3,64,0,67,0,7,97,0,104,76,0,76,180
09/21/2008,SGR,TX,ASW,CE,Federal Contract Tower,0,23,49,0,72,0,0,75,0,75,0,23,124,0,147,84,0,84,231
09/22/2008,SGR,TX,ASW,CE,Federal Contract Tower,0,14,47,6,67,0,2,62,0,64,0,16,109,6,131,72,0,72,203
09/23/2008,SGR,TX,ASW,CE,Federal Contract Tower,0,9,51,0,60,0,3,74,0,77,0,12,125,0,137,36,0,36,173
09/24/2008,SGR,TX,ASW,CE,Federal Contract Tower,0,6,57,0,63,0,0,62,0,62,0,6,119,0,125,34,0,34,159
09/25/2008,SGR,TX,ASW,CE,Federal Contract Tower,0,5,67,0,72,0,4,55,0,59,0,9,122,0,131,40,0,40,171
09/26/2008,SGR,TX,ASW,CE,Federal Contract Tower,0,5,78,0,83,0,1,76,0,77,0,6,154,0,160,84,0,84,244
09/27/2008,SGR,TX,ASW,CE,Federal Contract Tower,0,1,48,0,49,0,0,87,0,87,0,1,135,0,136,98,0,98,234
09/28/2008,SGR,TX,ASW,CE,Federal Contract Tower,0,20,74,0,94,0,0,85,0,85,0,20,159,0,179,92,0,92,271
09/29/2008,SGR,TX,ASW,CE,Federal Contract Tower,0,10,59,4,73,0,6,62,0,68,0,16,121,4,141,70,0,70,211
09/30/2008,SGR,TX,ASW,CE,Federal Contract Tower,0,7,62,0,69,0,0,86,0,86,0,7,148,0,155,54,2,56,211
10/01/2008,SGR,TX,ASW,CE,Federal Contract Tower,0,7,86,0,93,0,0,86,0,86,0,7,172,0,179,96,0,96,275
10/02/2008,SGR,TX,ASW,CE,Federal Contract Tower,0,4,80,0,84,0,0,82,0,82,0,4,162,0,166,64,0,64,230
10/03/2008,SGR,TX,ASW,CE,Federal Contract Tower,0,19,61,2,82,0,1,79,0,80,0,20,140,2,162,88,0,88,250
10/04/2008,SGR,TX,ASW,CE,Federal Contract Tower,0,4,52,0,56,0,0,75,0,75,0,4,127,0,131,156,0,156,287
10/05/2008,SGR,TX,ASW,CE,Federal Contract Tower,0,10,43,0,53,0,0,78,0,78,0,10,121,0,131,96,0,96,227
10/06/2008,SGR,TX,ASW,CE,Federal Contract Tower,0,4,91,0,95,0,2,54,0,56,0,6,145,0,151,72,0,72,223
10/07/2008,SGR,TX,ASW,CE,Federal Contract Tower,0,7,67,4,78,0,0,36,0,36,0,7,103,4,114,20,0,20,134
10/08/2008,SGR,TX,ASW,CE,Federal Contract Tower,0,6,111,0,117,0,0,90,0,90,0,6,201,0,207,86,0,86,293
10/09/2008,SGR,TX,ASW,CE,Federal Contract Tower,0,12,85,0,97,0,5,77,0,82,0,17,162,0,179,114,0,114,293
10/10/2008,SGR,TX,ASW,CE,Federal Contract Tower,0,6,59,0,65,0,3,70,0,73,0,9,129,0,138,82,0,82,220
10/11/2008,SGR,TX,ASW,CE,Federal Contract Tower,0,11,48,0,59,0,0,99,0,99,0,11,147,0,158,118,0,118,276
10/12/2008,SGR,TX,ASW,CE,Federal Contract Tower,0,6,74,0,80,0,2,59,0,61,0,8,133,0,141,86,0,86,227
10/13/2008,SGR,TX,ASW,CE,Federal Contract Tower,0,5,112,0,117,0,0,63,0,63,0,5,175,0,180,38,0,38,218
10/14/2008,SGR,TX,ASW,CE,Federal Contract Tower,0,11,52,0,63,0,0,36,0,36,0,11,88,0,99,36,0,36,135
10/15/2008,SGR,TX,ASW,CE,Federal Contract Tower,0,11,58,0,69,0,0,10,0,10,0,11,68,0,79,16,0,16,95
10/16/2008,SGR,TX,ASW,CE,Federal Contract Tower,0,12,105,0,117,0,0,14,0,14,0,12,119,0,131,26,0,26,157
10/17/2008,SGR,TX,ASW,CE,Federal Contract Tower,0,14,132,4,150,0,0,34,0,34,0,14,166,4,184,48,0,48,232
10/18/2008,SGR,TX,ASW,CE,Federal Contract Tower,0,13,62,0,75,0,2,111,3,116,0,15,173,3,191,132,0,132,323
10/19/2008,SGR,TX,ASW,CE,Federal Contract Tower,0,12,63,4,79,0,0,113,0,113,0,12,176,4,192,132,0,132,324
10/20/2008,SGR,TX,ASW,CE,Federal Contract Tower,0,6,82,2,90,0,0,46,0,46,0,6,128,2,136,44,0,44,180
10/21/2008,SGR,TX,ASW,CE,Federal Contract Tower,0,8,64,0,72,0,2,74,0,76,0,10,138,0,148,84,0,84,232
10/22/2008,SGR,TX,ASW,CE,Federal Contract Tower,0,10,81,0,91,0,0,38,0,38,0,10,119,0,129,54,0,54,183
10/23/2008,SGR,TX,ASW,CE,Federal Contract Tower,0,13,94,0,107,0,0,83,0,83,0,13,177,0,190,118,0,118,308
10/24/2008,SGR,TX,ASW,CE,Federal Contract Tower,0,8,78,0,86,0,4,104,0,108,0,12,182,0,194,162,0,162,356
10/25/2008,SGR,TX,ASW,CE,Federal Contract Tower,0,8,43,0,51,0,0,78,0,78,0,8,121,0,129,116,0,116,245
10/26/2008,SGR,TX,ASW,CE,Federal Contract Tower,0,12,61,0,73,0,1,61,0,62,0,13,122,0,135,62,0,62,197
10/27/2008,SGR,TX,ASW,CE,Federal Contract Tower,0,12,77,0,89,0,0,49,0,49,0,12,126,0,138,38,4,42,180
10/28/2008,SGR,TX,ASW,CE,Federal Contract Tower,0,3,96,0,99,0,2,63,0,65,0,5,159,0,164,110,0,110,274
10/29/2008,SGR,TX,ASW,CE,Federal Contract Tower,0,4,100,2,106,0,4,73,0,77,0,8,173,2,183,72,0,72,255
10/30/2008,SGR,TX,ASW,CE,Federal Contract Tower,0,5,118,0,123,0,2,55,0,57,0,7,173,0,180,84,0,84,264
10/31/2008,SGR,TX,ASW,CE,Federal Contract Tower,0,8,74,2,84,0,1,82,0,83,0,9,156,2,167,72,0,72,239
11/01/2008,SGR,TX,ASW,CE,Federal Contract Tower,0,5,59,0,64,0,1,104,0,105,0,6,163,0,169,112,0,112,281
11/02/2008,SGR,TX,ASW,CE,Federal Contract Tower,0,9,73,0,82,0,0,84,0,84,0,9,157,0,166,96,0,96,262
11/03/2008,SGR,TX,ASW,CE,Federal Contract Tower,0,7,57,2,66,0,0,62,0,62,0,7,119,2,128,120,0,120,248
11/04/2008,SGR,TX,ASW,CE,Federal Contract Tower,0,3,84,0,87,0,4,49,0,53,0,7,133,0,140,62,0,62,202
11/05/2008,SGR,TX,ASW,CE,Federal Contract Tower,0,4,57,0,61,0,2,70,1,73,0,6,127,1,134,94,0,94,228
11/06/2008,SGR,TX,ASW,CE,Federal Contract Tower,0,13,104,0,117,0,4,46,0,50,0,17,150,0,167,42,0,42,209
11/07/2008,SGR,TX,ASW,CE,Federal Contract Tower,0,11,93,14,118,0,3,82,0,85,0,14,175,14,203,56,0,56,259
11/08/2008,SGR,TX,ASW,CE,Federal Contract Tower,0,2,50,0,52,0,0,120,0,120,0,2,170,0,172,70,0,70,242
11/09/2008,SGR,TX,ASW,CE,Federal Contract Tower,0,5,79,0,84,0,0,73,0,73,0,5,152,0,157,74,0,74,231
11/10/2008,SGR,TX,ASW,CE,Federal Contract Tower,0,13,40,0,53,0,4,3,0,7,0,17,43,0,60,2,0,2,62
11/11/2008,SGR,TX,ASW,CE,Federal Contract Tower,0,11,57,0,68,0,2,25,0,27,0,13,82,0,95,18,0,18,113
11/12/2008,SGR,TX,ASW,CE,Federal Contract Tower,0,17,107,0,124,0,5,32,0,37,0,22,139,0,161,26,0,26,187
11/13/2008,SGR,TX,ASW,CE,Federal Contract Tower,0,10,93,6,109,0,2,30,0,32,0,12,123,6,141,48,0,48,189
11/14/2008,SGR,TX,ASW,CE,Federal Contract Tower,0,10,78,0,88,0,2,66,0,68,0,12,144,0,156,40,0,40,196
11/15/2008,SGR,TX,ASW,CE,Federal Contract Tower,0,2,44,0,46,0,12,60,0,72,0,14,104,0,118,54,0,54,172
11/16/2008,SGR,TX,ASW,CE,Federal Contract Tower,0,7,78,0,85,0,0,78,0,78,0,7,156,0,163,102,0,102,265
11/17/2008,SGR,TX,ASW,CE,Federal Contract Tower,0,9,80,0,89,0,3,66,0,69,0,12,146,0,158,78,0,78,236
11/18/2008,SGR,TX,ASW,CE,Federal Contract Tower,0,7,89,0,96,0,3,97,0,100,0,10,186,0,196,106,0,106,302
11/19/2008,SGR,TX,ASW,CE,Federal Contract Tower,0,7,78,6,91,0,0,81,0,81,0,7,159,6,172,118,0,118,290
11/20/2008,SGR,TX,ASW,CE,Federal Contract Tower,0,6,113,0,119,0,6,57,0,63,0,12,170,0,182,94,0,94,276
11/21/2008,SGR,TX,ASW,CE,Federal Contract Tower,0,12,88,0,100,0,1,102,0,103,0,13,190,0,203,110,0,110,313
11/22/2008,SGR,TX,ASW,CE,Federal Contract Tower,0,4,45,0,49,0,0,87,0,87,0,4,132,0,136,98,0,98,234
11/23/2008,SGR,TX,ASW,CE,Federal Contract Tower,0,8,84,2,94,0,0,38,0,38,0,8,122,2,132,24,0,24,156
11/24/2008,SGR,TX,ASW,CE,Federal Contract Tower,0,7,60,4,71,0,1,30,0,31,0,8,90,4,102,28,0,28,130
11/25/2008,SGR,TX,ASW,CE,Federal Contract Tower,0,8,78,0,86,0,0,90,0,90,0,8,168,0,176,86,0,86,262
11/26/2008,SGR,TX,ASW,CE,Federal Contract Tower,0,9,78,2,89,0,0,91,0,91,0,9,169,2,180,94,0,94,274
11/27/2008,SGR,TX,ASW,CE,Federal Contract Tower,0,3,11,0,14,0,3,6,0,9,0,6,17,0,23,0,0,0,23
11/28/2008,SGR,TX,ASW,CE,Federal Contract Tower,0,7,32,0,39,0,0,22,0,22,0,7,54,0,61,30,0,30,91
11/29/2008,SGR,TX,ASW,CE,Federal Contract Tower,0,6,78,0,84,0,2,21,0,23,0,8,99,0,107,60,0,60,167
11/30/2008,SGR,TX,ASW,CE,Federal Contract Tower,0,15,72,0,87,0,3,55,0,58,0,18,127,0,145,10,0,10,155
12/01/2008,SGR,TX,ASW,CE,Federal Contract Tower,0,4,60,0,64,0,1,53,0,54,0,5,113,0,118,42,0,42,160
12/02/2008,SGR,TX,ASW,CE,Federal Contract Tower,0,3,83,0,86,0,2,74,0,76,0,5,157,0,162,100,0,100,262
12/03/2008,SGR,TX,ASW,CE,Federal Contract Tower,0,6,43,0,49,0,0,15,0,15,0,6,58,0,64,0,0,0,64
12/04/2008,SGR,TX,ASW,CE,Federal Contract Tower,0,6,93,5,104,0,0,41,1,42,0,6,134,6,146,84,0,84,230
12/05/2008,SGR,TX,ASW,CE,Federal Contract Tower,0,10,91,1,102,0,0,50,0,50,0,10,141,1,152,48,0,48,200
12/06/2008,SGR,TX,ASW,CE,Federal Contract Tower,0,2,47,0,49,0,2,93,0,95,0,4,140,0,144,76,0,76,220
12/07/2008,SGR,TX,ASW,CE,Federal Contract Tower,0,12,61,5,78,0,0,95,0,95,0,12,156,5,173,70,0,70,243
12/08/2008,SGR,TX,ASW,CE,Federal Contract Tower,0,1,63,2,66,0,3,50,0,53,0,4,113,2,119,72,0,72,191
12/09/2008,SGR,TX,ASW,CE,Federal Contract Tower,0,4,36,0,40,0,0,11,0,11,0,4,47,0,51,10,0,10,61
12/10/2008,SGR,TX,ASW,CE,Federal Contract Tower,0,11,44,0,55,0,1,4,0,5,0,12,48,0,60,0,0,0,60
12/11/2008,SGR,TX,ASW,CE,Federal Contract Tower,0,4,82,0,86,0,2,74,0,76,0,6,156,0,162,44,0,44,206
12/12/2008,SGR,TX,ASW,CE,Federal Contract Tower,0,4,85,0,89,0,3,97,0,100,0,7,182,0,189,84,0,84,273
12/13/2008,SGR,TX,ASW,CE,Federal Contract Tower,0,6,45,0,51,0,0,53,0,53,0,6,98,0,104,90,0,90,194
12/14/2008,SGR,TX,ASW,CE,Federal Contract Tower,0,6,56,0,62,0,7,32,0,39,0,13,88,0,101,34,0,34,135
12/15/2008,SGR,TX,ASW,CE,Federal Contract Tower,0,7,65,0,72,0,0,7,0,7,0,7,72,0,79,6,0,6,85
12/16/2008,SGR,TX,ASW,CE,Federal Contract Tower,0,11,43,0,54,0,0,0,0,0,0,11,43,0,54,0,0,0,54
12/17/2008,SGR,TX,ASW,CE,Federal Contract Tower,0,9,96,0,105,0,0,0,0,0,0,9,96,0,105,0,0,0,105
12/18/2008,SGR,TX,ASW,CE,Federal Contract Tower,0,4,62,0,66,0,2,2,0,4,0,6,64,0,70,0,0,0,70
12/19/2008,SGR,TX,ASW,CE,Federal Contract Tower,0,11,87,0,98,0,0,38,0,38,0,11,125,0,136,78,0,78,214
12/20/2008,SGR,TX,ASW,CE,Federal Contract Tower,0,7,75,0,82,0,0,53,0,53,0,7,128,0,135,120,0,120,255
12/21/2008,SGR,TX,ASW,CE,Federal Contract Tower,0,9,42,0,51,0,33,0,0,33,0,42,42,0,84,48,0,48,132
12/22/2008,SGR,TX,ASW,CE,Federal Contract Tower,0,9,53,0,62,0,1,46,0,47,0,10,99,0,109,44,0,44,153
12/23/2008,SGR,TX,ASW,CE,Federal Contract Tower,0,6,62,0,68,0,0,21,0,21,0,6,83,0,89,44,0,44,133
12/24/2008,SGR,TX,ASW,CE,Federal Contract Tower,0,8,32,0,40,0,3,4,0,7,0,11,36,0,47,4,0,4,51
12/25/2008,SGR,TX,ASW,CE,Federal Contract Tower,0,5,17,0,22,0,0,2,0,2,0,5,19,0,24,0,0,0,24
12/26/2008,SGR,TX,ASW,CE,Federal Contract Tower,0,7,51,0,58,0,0,21,0,21,0,7,72,0,79,10,0,10,89
12/27/2008,SGR,TX,ASW,CE,Federal Contract Tower,0,8,28,0,36,0,0,11,0,11,0,8,39,0,47,2,0,2,49
12/28/2008,SGR,TX,ASW,CE,Federal Contract Tower,0,10,38,0,48,0,0,53,0,53,0,10,91,0,101,160,0,160,261
12/29/2008,SGR,TX,ASW,CE,Federal Contract Tower,0,8,46,0,54,0,0,98,0,98,0,8,144,0,152,128,0,128,280
12/30/2008,SGR,TX,ASW,CE,Federal Contract Tower,0,7,43,0,50,0,0,76,0,76,0,7,119,0,126,80,0,80,206
12/31/2008,SGR,TX,ASW,CE,Federal Contract Tower,0,3,30,0,33,0,0,43,0,43,0,3,73,0,76,62,0,62,138
01/01/2009,SGR,TX,ASW,CE,Federal Contract Tower,0,2,40,0,42,0,0,20,0,20,0,2,60,0,62,48,0,48,110
01/02/2009,SGR,TX,ASW,CE,Federal Contract Tower,0,10,49,0,59,0,0,26,0,26,0,10,75,0,85,58,0,58,143
01/03/2009,SGR,TX,ASW,CE,Federal Contract Tower,0,8,46,0,54,0,5,49,0,54,0,13,95,0,108,42,0,42,150
01/04/2009,SGR,TX,ASW,CE,Federal Contract Tower,0,15,68,0,83,0,0,9,0,9,0,15,77,0,92,8,0,8,100
01/05/2009,SGR,TX,ASW,CE,Federal Contract Tower,0,9,39,0,48,0,3,12,0,15,0,12,51,0,63,26,0,26,89
01/06/2009,SGR,TX,ASW,CE,Federal Contract Tower,0,6,53,0,59,0,0,10,0,10,0,6,63,0,69,10,0,10,79
01/07/2009,SGR,TX,ASW,CE,Federal Contract Tower,0,10,98,0,108,0,0,56,0,56,0,10,154,0,164,112,0,112,276
01/08/2009,SGR,TX,ASW,CE,Federal Contract Tower,0,9,81,2,92,0,2,93,1,96,0,11,174,3,188,122,0,122,310
01/09/2009,SGR,TX,ASW,CE,Federal Contract Tower,0,4,77,3,84,0,2,72,0,74,0,6,149,3,158,84,0,84,242
01/10/2009,SGR,TX,ASW,CE,Federal Contract Tower,0,3,39,0,42,0,0,27,0,27,0,3,66,0,69,54,0,54,123
01/11/2009,SGR,TX,ASW,CE,Federal Contract Tower,0,3,62,0,65,0,0,87,0,87,0,3,149,0,152,140,0,140,292
01/12/2009,SGR,TX,ASW,CE,Federal Contract Tower,0,8,92,0,100,0,0,80,0,80,0,8,172,0,180,112,0,112,292
01/13/2009,SGR,TX,ASW,CE,Federal Contract Tower,0,6,65,0,71,0,0,53,0,53,0,6,118,0,124,114,0,114,238
01/14/2009,SGR,TX,ASW,CE,Federal Contract Tower,0,9,87,2,98,0,1,78,0,79,0,10,165,2,177,84,0,84,261
01/15/2009,SGR,TX,ASW,CE,Federal Contract Tower,0,7,83,2,92,0,0,62,0,62,0,7,145,2,154,60,0,60,214
01/16/2009,SGR,TX,ASW,CE,Federal Contract Tower,0,7,66,0,73,0,0,92,0,92,0,7,158,0,165,114,0,114,279
01/17/2009,SGR,TX,ASW,CE,Federal Contract Tower,0,0,23,0,23,0,0,94,0,94,0,0,117,0,117,84,0,84,201
01/18/2009,SGR,TX,ASW,CE,Federal Contract Tower,0,3,48,0,51,0,0,96,0,96,0,3,144,0,147,92,0,92,239
01/19/2009,SGR,TX,ASW,CE,Federal Contract Tower,0,5,70,0,75,0,0,78,0,78,0,5,148,0,153,28,0,28,181
01/20/2009,SGR,TX,ASW,CE,Federal Contract Tower,0,2,76,0,78,0,0,66,0,66,0,2,142,0,144,36,0,36,180
01/21/2009,SGR,TX,ASW,CE,Federal Contract Tower,0,11,53,0,64,0,0,94,0,94,0,11,147,0,158,94,0,94,252
01/22/2009,SGR,TX,ASW,CE,Federal Contract Tower,0,8,81,0,89,0,0,92,1,93,0,8,173,1,182,86,0,86,268
01/23/2009,SGR,TX,ASW,CE,Federal Contract Tower,0,11,88,0,99,0,0,83,0,83,0,11,171,0,182,86,0,86,268
01/24/2009,SGR,TX,ASW,CE,Federal Contract Tower,0,1,63,0,64,0,0,42,0,42,0,1,105,0,106,104,0,104,210
01/25/2009,SGR,TX,ASW,CE,Federal Contract Tower,0,4,76,0,80,0,0,21,0,21,0,4,97,0,101,36,0,36,137
01/26/2009,SGR,TX,ASW,CE,Federal Contract Tower,0,6,62,0,68,0,2,18,0,20,0,8,80,0,88,20,0,20,108
01/27/2009,SGR,TX,ASW,CE,Federal Contract Tower,0,6,66,0,72,0,0,20,0,20,0,6,86,0,92,40,0,40,132
01/28/2009,SGR,TX,ASW,CE,Federal Contract Tower,0,7,65,0,72,0,0,55,0,55,0,7,120,0,127,50,0,50,177
01/29/2009,SGR,TX,ASW,CE,Federal Contract Tower,0,13,93,0,106,0,0,94,0,94,0,13,187,0,200,60,0,60,260
01/30/2009,SGR,TX,ASW,CE,Federal Contract Tower,0,9,54,2,65,0,4,111,0,115,0,13,165,2,180,106,0,106,286
01/31/2009,SGR,TX,ASW,CE,Federal Contract Tower,0,3,32,0,35,0,5,114,0,119,0,8,146,0,154,106,0,106,260
02/01/2009,SGR,TX,ASW,CE,Federal Contract Tower,0,10,41,0,51,0,0,48,0,48,0,10,89,0,99,96,0,96,195
02/02/2009,SGR,TX,ASW,CE,Federal Contract Tower,0,7,44,0,51,0,1,39,1,41,0,8,83,1,92,24,0,24,116
02/03/2009,SGR,TX,ASW,CE,Federal Contract Tower,0,7,53,0,60,0,0,95,0,95,0,7,148,0,155,108,0,108,263
02/04/2009,SGR,TX,ASW,CE,Federal Contract Tower,0,11,58,0,69,0,0,57,0,57,0,11,115,0,126,72,0,72,198
02/05/2009,SGR,TX,ASW,CE,Federal Contract Tower,0,13,61,3,77,0,0,44,1,45,0,13,105,4,122,94,0,94,216
02/06/2009,SGR,TX,ASW,CE,Federal Contract Tower,0,10,44,2,56,0,2,64,0,66,0,12,108,2,122,30,0,30,152
02/07/2009,SGR,TX,ASW,CE,Federal Contract Tower,0,6,31,0,37,0,0,58,0,58,0,6,89,0,95,64,0,64,159
02/08/2009,SGR,TX,ASW,CE,Federal Contract Tower,0,7,40,2,49,0,0,34,0,34,0,7,74,2,83,64,0,64,147
02/09/2009,SGR,TX,ASW,CE,Federal Contract Tower,0,13,39,2,54,0,1,31,0,32,0,14,70,2,86,38,0,38,124
02/10/2009,SGR,TX,ASW,CE,Federal Contract Tower,0,15,52,0,67,0,2,16,0,18,0,17,68,0,85,8,0,8,93
02/11/2009,SGR,TX,ASW,CE,Federal Contract Tower,0,17,87,0,104,0,3,88,0,91,0,20,175,0,195,64,0,64,259
02/12/2009,SGR,TX,ASW,CE,Federal Contract Tower,0,13,70,2,85,0,1,96,0,97,0,14,166,2,182,120,0,120,302
02/13/2009,SGR,TX,ASW,CE,Federal Contract Tower,0,14,68,0,82,0,0,0,0,0,0,14,68,0,82,0,0,0,82
02/14/2009,SGR,TX,ASW,CE,Federal Contract Tower,0,1,30,0,31,0,1,21,0,22,0,2,51,0,53,52,0,52,105
02/15/2009,SGR,TX,ASW,CE,Federal Contract Tower,0,6,58,0,64,0,51,0,0,51,0,57,58,0,115,30,0,30,145
02/16/2009,SGR,TX,ASW,CE,Federal Contract Tower,0,6,91,0,97,0,1,50,0,51,0,7,141,0,148,54,0,54,202
02/17/2009,SGR,TX,ASW,CE,Federal Contract Tower,0,10,64,2,76,0,3,6,0,9,0,13,70,2,85,22,0,22,107
02/18/2009,SGR,TX,ASW,CE,Federal Contract Tower,0,6,100,0,106,0,0,80,0,80,0,6,180,0,186,54,0,54,240
02/19/2009,SGR,TX,ASW,CE,Federal Contract Tower,0,8,67,2,77,0,4,115,0,119,0,12,182,2,196,108,0,108,304
02/20/2009,SGR,TX,ASW,CE,Federal Contract Tower,0,15,44,0,59,0,2,101,0,103,0,17,145,0,162,114,0,114,276
02/21/2009,SGR,TX,ASW,CE,Federal Contract Tower,0,4,51,0,55,0,0,58,0,58,0,4,109,0,113,110,0,110,223
02/22/2009,SGR,TX,ASW,CE,Federal Contract Tower,0,8,45,0,53,0,0,107,0,107,0,8,152,0,160,84,0,84,244
02/23/2009,SGR,TX,ASW,CE,Federal Contract Tower,0,4,39,2,45,0,1,54,0,55,0,5,93,2,100,66,0,66,166
02/24/2009,SGR,TX,ASW,CE,Federal Contract Tower,0,9,43,0,52,0,0,35,0,35,0,9,78,0,87,68,0,68,155
02/25/2009,SGR,TX,ASW,CE,Federal Contract Tower,0,9,68,0,77,0,0,45,0,45,0,9,113,0,122,84,0,84,206
02/26/2009,SGR,TX,ASW,CE,Federal Contract Tower,0,7,81,4,92,0,0,64,0,64,0,7,145,4,156,88,0,88,244
02/27/2009,SGR,TX,ASW,CE,Federal Contract Tower,0,12,55,0,67,0,0,39,0,39,0,12,94,0,106,58,0,58,164
02/28/2009,SGR,TX,ASW,CE,Federal Contract Tower,0,1,34,0,35,0,2,25,0,27,0,3,59,0,62,8,0,8,70
03/01/2009,SGR,TX,ASW,CE,Federal Contract Tower,0,10,31,0,41,0,0,94,0,94,0,10,125,0,135,98,0,98,233
03/02/2009,SGR,TX,ASW,CE,Federal Contract Tower,0,6,69,0,75,0,1,76,0,77,0,7,145,0,152,62,0,62,214
03/03/2009,SGR,TX,ASW,CE,Federal Contract Tower,0,9,56,0,65,0,73,0,0,73,0,82,56,0,138,130,0,130,268
03/04/2009,SGR,TX,ASW,CE,Federal Contract Tower,0,11,62,0,73,0,0,65,0,65,0,11,127,0,138,70,4,74,212
03/05/2009,SGR,TX,ASW,CE,Federal Contract Tower,0,6,55,0,61,0,4,42,0,46,0,10,97,0,107,48,0,48,155
03/06/2009,SGR,TX,ASW,CE,Federal Contract Tower,0,8,34,0,42,0,1,63,0,64,0,9,97,0,106,74,0,74,180
03/07/2009,SGR,TX,ASW,CE,Federal Contract Tower,0,9,52,0,61,0,0,62,0,62,0,9,114,0,123,100,0,100,223
03/08/2009,SGR,TX,ASW,CE,Federal Contract Tower,0,4,60,2,66,0,0,66,0,66,0,4,126,2,132,70,0,70,202
03/09/2009,SGR,TX,ASW,CE,Federal Contract Tower,0,6,67,0,73,0,1,62,0,63,0,7,129,0,136,90,0,90,226
03/10/2009,SGR,TX,ASW,CE,Federal Contract Tower,0,10,63,2,75,0,0,51,0,51,0,10,114,2,126,110,0,110,236
03/11/2009,SGR,TX,ASW,CE,Federal Contract Tower,0,14,64,0,78,0,0,39,0,39,0,14,103,0,117,50,0,50,167
03/12/2009,SGR,TX,ASW,CE,Federal Contract Tower,0,9,68,2,79,0,1,1,0,2,0,10,69,2,81,0,0,0,81
03/13/2009,SGR,TX,ASW,CE,Federal Contract Tower,0,10,69,0,79,0,0,0,0,0,0,10,69,0,79,0,0,0,79
03/14/2009,SGR,TX,ASW,CE,Federal Contract Tower,0,11,74,0,85,0,0,0,0,0,0,11,74,0,85,0,0,0,85
03/15/2009,SGR,TX,ASW,CE,Federal Contract Tower,0,12,41,0,53,0,0,1,0,1,0,12,42,0,54,0,0,0,54
03/16/2009,SGR,TX,ASW,CE,Federal Contract Tower,0,4,66,0,70,0,5,72,0,77,0,9,138,0,147,148,0,148,295
03/17/2009,SGR,TX,ASW,CE,Federal Contract Tower,0,5,62,1,68,0,0,66,0,66,0,5,128,1,134,82,0,82,216
03/18/2009,SGR,TX,ASW,CE,Federal Contract Tower,0,4,65,0,69,0,0,68,0,68,0,4,133,0,137,96,0,96,233
03/19/2009,SGR,TX,ASW,CE,Federal Contract Tower,0,9,38,0,47,0,2,75,0,77,0,11,113,0,124,126,0,126,250
03/20/2009,SGR,TX,ASW,CE,Federal Contract Tower,0,15,53,3,71,0,0,100,1,101,0,15,153,4,172,84,0,84,256
03/21/2009,SGR,TX,ASW,CE,Federal Contract Tower,0,8,62,0,70,0,3,55,0,58,0,11,117,0,128,56,0,56,184
03/22/2009,SGR,TX,ASW,CE,Federal Contract Tower,0,5,38,0,43,0,0,76,0,76,0,5,114,0,119,120,0,120,239
03/23/2009,SGR,TX,ASW,CE,Federal Contract Tower,0,13,61,1,75,0,0,30,1,31,0,13,91,2,106,62,0,62,168
03/24/2009,SGR,TX,ASW,CE,Federal Contract Tower,0,7,68,0,75,0,0,33,0,33,0,7,101,0,108,124,0,124,232
03/25/2009,SGR,TX,ASW,CE,Federal Contract Tower,0,4,67,0,71,0,0,33,0,33,0,4,100,0,104,94,0,94,198
03/26/2009,SGR,TX,ASW,CE,Federal Contract Tower,0,9,61,0,70,0,0,4,0,4,0,9,65,0,74,18,0,18,92
03/27/2009,SGR,TX,ASW,CE,Federal Contract Tower,0,9,54,0,63,0,1,32,0,33,0,10,86,0,96,58,0,58,154
03/28/2009,SGR,TX,ASW,CE,Federal Contract Tower,0,0,49,0,49,0,0,75,0,75,0,0,124,0,124,52,0,52,176
03/29/2009,SGR,TX,ASW,CE,Federal Contract Tower,0,5,54,0,59,0,0,115,0,115,0,5,169,0,174,180,0,180,354
03/30/2009,SGR,TX,ASW,CE,Federal Contract Tower,0,10,54,4,68,0,1,41,0,42,0,11,95,4,110,74,0,74,184
03/31/2009,SGR,TX,ASW,CE,Federal Contract Tower,0,4,80,0,84,0,4,56,0,60,0,8,136,0,144,24,0,24,168
04/01/2009,SGR,TX,ASW,CE,Federal Contract Tower,0,10,64,0,74,0,0,105,0,105,0,10,169,0,179,116,0,116,295
04/02/2009,SGR,TX,ASW,CE,Federal Contract Tower,0,7,74,0,81,0,0,43,0,43,0,7,117,0,124,54,0,54,178
04/03/2009,SGR,TX,ASW,CE,Federal Contract Tower,0,9,56,2,67,0,3,132,0,135,0,12,188,2,202,114,2,116,318
04/04/2009,SGR,TX,ASW,CE,Federal Contract Tower,0,10,42,0,52,0,0,59,0,59,0,10,101,0,111,76,0,76,187
04/05/2009,SGR,TX,ASW,CE,Federal Contract Tower,0,5,27,0,32,0,0,63,0,63,0,5,90,0,95,36,0,36,131
04/06/2009,SGR,TX,ASW,CE,Federal Contract Tower,0,11,39,0,50,0,1,43,0,44,0,12,82,0,94,60,0,60,154
04/07/2009,SGR,TX,ASW,CE,Federal Contract Tower,0,4,61,0,65,0,2,75,0,77,0,6,136,0,142,170,0,170,312
04/08/2009,SGR,TX,ASW,CE,Federal Contract Tower,0,9,75,0,84,0,2,95,0,97,0,11,170,0,181,106,0,106,287
04/09/2009,SGR,TX,ASW,CE,Federal Contract Tower,0,7,55,0,62,0,4,29,0,33,0,11,84,0,95,50,0,50,145
04/10/2009,SGR,TX,ASW,CE,Federal Contract Tower,0,9,65,0,74,0,2,64,0,66,0,11,129,0,140,118,0,118,258
04/11/2009,SGR,TX,ASW,CE,Federal Contract Tower,0,5,31,0,36,0,2,55,0,57,0,7,86,0,93,76,0,76,169
04/12/2009,SGR,TX,ASW,CE,Federal Contract Tower,0,11,18,0,29,0,0,33,0,33,0,11,51,0,62,50,0,50,112
04/13/2009,SGR,TX,ASW,CE,Federal Contract Tower,0,8,51,6,65,0,0,63,0,63,0,8,114,6,128,54,0,54,182
04/14/2009,SGR,TX,ASW,CE,Federal Contract Tower,0,9,73,0,82,0,1,86,0,87,0,10,159,0,169,116,0,116,285
04/15/2009,SGR,TX,ASW,CE,Federal Contract Tower,0,4,82,0,86,0,2,72,0,74,0,6,154,0,160,86,0,86,246
04/16/2009,SGR,TX,ASW,CE,Federal Contract Tower,0,5,63,0,68,0,3,19,0,22,0,8,82,0,90,46,0,46,136
04/17/2009,SGR,TX,ASW,CE,Federal Contract Tower,0,7,40,0,47,0,2,2,0,4,0,9,42,0,51,4,0,4,55
04/18/2009,SGR,TX,ASW,CE,Federal Contract Tower,0,3,9,0,12,0,0,1,0,1,0,3,10,0,13,0,0,0,13
04/19/2009,SGR,TX,ASW,CE,Federal Contract Tower,0,7,32,0,39,0,0,61,0,61,0,7,93,0,100,86,0,86,186
04/20/2009,SGR,TX,ASW,CE,Federal Contract Tower,0,5,45,0,50,0,2,91,0,93,0,7,136,0,143,52,0,52,195
04/21/2009,SGR,TX,ASW,CE,Federal Contract Tower,0,12,47,0,59,0,1,107,0,108,0,13,154,0,167,108,0,108,275
04/22/2009,SGR,TX,ASW,CE,Federal Contract Tower,0,7,59,0,66,0,0,86,0,86,0,7,145,0,152,66,0,66,218
04/23/2009,SGR,TX,ASW,CE,Federal Contract Tower,0,13,61,0,74,0,3,60,0,63,0,16,121,0,137,66,0,66,203
04/24/2009,SGR,TX,ASW,CE,Federal Contract Tower,0,8,65,0,73,0,0,51,0,51,0,8,116,0,124,50,0,50,174
04/25/2009,SGR,TX,ASW,CE,Federal Contract Tower,0,5,36,0,41,0,0,62,0,62,0,5,98,0,103,130,0,130,233
04/26/2009,SGR,TX,ASW,CE,Federal Contract Tower,0,5,47,1,53,0,2,52,1,55,0,7,99,2,108,70,0,70,178
04/27/2009,SGR,TX,ASW,CE,Federal Contract Tower,0,5,39,0,44,0,1,28,0,29,0,6,67,0,73,14,0,14,87
04/28/2009,SGR,TX,ASW,CE,Federal Contract Tower,0,10,42,0,52,0,2,20,0,22,0,12,62,0,74,22,0,22,96
04/29/2009,SGR,TX,ASW,CE,Federal Contract Tower,0,12,63,2,77,0,2,40,0,42,0,14,103,2,119,72,0,72,191
04/30/2009,SGR,TX,ASW,CE,Federal Contract Tower,0,11,78,0,89,0,3,48,0,51,0,14,126,0,140,66,0,66,206
05/01/2009,SGR,TX,ASW,CE,Federal Contract Tower,0,17,70,0,87,0,3,70,0,73,0,20,140,0,160,54,0,54,214
05/02/2009,SGR,TX,ASW,CE,Federal Contract Tower,0,4,41,0,45,0,2,66,0,68,0,6,107,0,113,68,0,68,181
05/03/2009,SGR,TX,ASW,CE,Federal Contract Tower,0,12,56,1,69,0,1,46,0,47,0,13,102,1,116,74,0,74,190
05/04/2009,SGR,TX,ASW,CE,Federal Contract Tower,0,3,48,0,51,0,2,58,0,60,0,5,106,0,111,46,0,46,157
05/05/2009,SGR,TX,ASW,CE,Federal Contract Tower,0,14,77,0,91,0,1,64,0,65,0,15,141,0,156,130,0,130,286
05/06/2009,SGR,TX,ASW,CE,Federal Contract Tower,0,13,67,0,80,0,2,57,0,59,0,15,124,0,139,54,0,54,193
05/07/2009,SGR,TX,ASW,CE,Federal Contract Tower,0,5,79,0,84,0,0,62,0,62,0,5,141,0,146,100,0,100,246
05/08/2009,SGR,TX,ASW,CE,Federal Contract Tower,0,9,75,0,84,0,0,84,0,84,0,9,159,0,168,74,0,74,242
05/09/2009,SGR,TX,ASW,CE,Federal Contract Tower,0,1,58,0,59,0,2,74,0,76,0,3,132,0,135,86,0,86,221
05/10/2009,SGR,TX,ASW,CE,Federal Contract Tower,0,4,37,0,41,0,0,55,0,55,0,4,92,0,96,54,0,54,150
05/11/2009,SGR,TX,ASW,CE,Federal Contract Tower,0,4,55,0,59,0,2,43,0,45,0,6,98,0,104,140,0,140,244
05/12/2009,SGR,TX,ASW,CE,Federal Contract Tower,0,3,87,2,92,0,3,25,0,28,0,6,112,2,120,0,0,0,120
05/13/2009,SGR,TX,ASW,CE,Federal Contract Tower,0,3,57,0,60,0,0,64,0,64,0,3,121,0,124,122,0,122,246
05/14/2009,SGR,TX,ASW,CE,Federal Contract Tower,0,2,63,0,65,0,5,68,2,75,0,7,131,2,140,80,0,80,220
05/15/2009,SGR,TX,ASW,CE,Federal Contract Tower,0,2,42,0,44,0,0,58,0,58,0,2,100,0,102,68,0,68,170
05/16/2009,SGR,TX,ASW,CE,Federal Contract Tower,0,3,21,0,24,0,0,69,0,69,0,3,90,0,93,130,0,130,223
05/17/2009,SGR,TX,ASW,CE,Federal Contract Tower,0,5,63,0,68,0,0,35,0,35,0,5,98,0,103,82,0,82,185
05/18/2009,SGR,TX,ASW,CE,Federal Contract Tower,0,10,45,0,55,0,3,78,0,81,0,13,123,0,136,96,0,96,232
05/19/2009,SGR,TX,ASW,CE,Federal Contract Tower,0,3,68,0,71,0,0,99,0,99,0,3,167,0,170,140,0,140,310
05/20/2009,SGR,TX,ASW,CE,Federal Contract Tower,0,7,63,0,70,0,2,135,0,137,0,9,198,0,207,136,0,136,343
05/21/2009,SGR,TX,ASW,CE,Federal Contract Tower,0,5,74,2,81,0,1,83,0,84,0,6,157,2,165,114,0,114,279
05/22/2009,SGR,TX,ASW,CE,Federal Contract Tower,0,9,51,2,62,0,6,20,0,26,0,15,71,2,88,0,0,0,88
05/23/2009,SGR,TX,ASW,CE,Federal Contract Tower,0,2,25,0,27,0,8,62,0,70,0,10,87,0,97,100,0,100,197
05/24/2009,SGR,TX,ASW,CE,Federal Contract Tower,0,3,17,0,20,0,0,20,0,20,0,3,37,0,40,58,0,58,98
05/25/2009,SGR,TX,ASW,CE,Federal Contract Tower,0,9,36,0,45,0,2,85,0,87,0,11,121,0,132,56,0,56,188
05/26/2009,SGR,TX,ASW,CE,Federal Contract Tower,69,2,38,0,109,0,3,69,0,72,69,5,107,0,181,88,0,88,269
05/27/2009,SGR,TX,ASW,CE,Federal Contract Tower,0,6,47,2,55,0,0,66,0,66,0,6,113,2,121,176,0,176,297
05/28/2009,SGR,TX,ASW,CE,Federal Contract Tower,0,6,68,0,74,0,4,91,0,95,0,10,159,0,169,104,0,104,273
05/29/2009,SGR,TX,ASW,CE,Federal Contract Tower,0,8,56,0,64,0,5,88,0,93,0,13,144,0,157,108,0,108,265
05/30/2009,SGR,TX,ASW,CE,Federal Contract Tower,0,0,31,0,31,0,5,80,0,85,0,5,111,0,116,94,0,94,210
05/31/2009,SGR,TX,ASW,CE,Federal Contract Tower,0,1,57,0,58,0,2,87,0,89,0,3,144,0,147,176,0,176,323
06/01/2009,SGR,TX,ASW,CE,Federal Contract Tower,0,5,39,2,46,0,5,28,1,34,0,10,67,3,80,0,0,0,80
06/02/2009,SGR,TX,ASW,CE,Federal Contract Tower,0,1,60,2,63,0,2,69,0,71,0,3,129,2,134,116,0,116,250
06/03/2009,SGR,TX,ASW,CE,Federal Contract Tower,0,2,76,0,78,0,1,35,0,36,0,3,111,0,114,54,0,54,168
06/04/2009,SGR,TX,ASW,CE,Federal Contract Tower,0,5,70,0,75,0,0,78,0,78,0,5,148,0,153,120,0,120,273
06/05/2009,SGR,TX,ASW,CE,Federal Contract Tower,0,2,50,2,54,0,3,42,1,46,0,5,92,3,100,0,0,0,100
06/06/2009,SGR,TX,ASW,CE,Federal Contract Tower,0,5,34,0,39,0,0,65,0,65,0,5,99,0,104,130,0,130,234
06/07/2009,SGR,TX,ASW,CE,Federal Contract Tower,0,4,33,0,37,0,0,75,0,75,0,4,108,0,112,118,0,118,230
06/08/2009,SGR,TX,ASW,CE,Federal Contract Tower,0,9,39,0,48,0,0,46,0,46,0,9,85,0,94,54,0,54,148
06/09/2009,SGR,TX,ASW,CE,Federal Contract Tower,0,1,53,0,54,0,2,67,0,69,0,3,120,0,123,108,0,108,231
06/10/2009,SGR,TX,ASW,CE,Federal Contract Tower,0,6,48,0,54,0,3,51,0,54,0,9,99,0,108,110,0,110,218
06/11/2009,SGR,TX,ASW,CE,Federal Contract Tower,0,10,60,2,72,0,0,79,0,79,0,10,139,2,151,74,0,74,225
06/12/2009,SGR,TX,ASW,CE,Federal Contract Tower,0,6,53,0,59,0,1,70,0,71,0,7,123,0,130,80,0,80,210
06/13/2009,SGR,TX,ASW,CE,Federal Contract Tower,0,5,32,0,37,0,2,48,0,50,0,7,80,0,87,64,8,72,159
06/14/2009,SGR,TX,ASW,CE,Federal Contract Tower,0,12,31,0,43,0,0,93,0,93,0,12,124,0,136,98,0,98,234
06/15/2009,SGR,TX,ASW,CE,Federal Contract Tower,0,3,51,0,54,0,4,71,0,75,0,7,122,0,129,100,0,100,229
06/16/2009,SGR,TX,ASW,CE,Federal Contract Tower,0,5,53,1,59,0,5,85,0,90,0,10,138,1,149,128,2,130,279
06/17/2009,SGR,TX,ASW,CE,Federal Contract Tower,0,6,40,0,46,0,0,90,0,90,0,6,130,0,136,78,0,78,214
06/18/2009,SGR,TX,ASW,CE,Federal Contract Tower,0,6,59,0,65,0,1,74,0,75,0,7,133,0,140,66,0,66,206
06/19/2009,SGR,TX,ASW,CE,Federal Contract Tower,0,10,46,0,56,0,0,101,0,101,0,10,147,0,157,62,0,62,219
06/20/2009,SGR,TX,ASW,CE,Federal Contract Tower,0,0,51,0,51,0,0,124,0,124,0,0,175,0,175,126,0,126,301
06/21/2009,SGR,TX,ASW,CE,Federal Contract Tower,0,7,49,0,56,0,0,69,0,69,0,7,118,0,125,64,0,64,189
06/22/2009,SGR,TX,ASW,CE,Federal Contract Tower,0,12,44,0,56,0,1,75,0,76,0,13,119,0,132,106,0,106,238
06/23/2009,SGR,TX,ASW,CE,Federal Contract Tower,0,6,50,0,56,0,1,77,0,78,0,7,127,0,134,62,0,62,196
06/24/2009,SGR,TX,ASW,CE,Federal Contract Tower,8,0,56,0,64,0,1,73,0,74,8,1,129,0,138,28,0,28,166
06/25/2009,SGR,TX,ASW,CE,Federal Contract Tower,0,11,54,0,65,0,1,52,0,53,0,12,106,0,118,56,0,56,174
06/26/2009,SGR,TX,ASW,CE,Federal Contract Tower,0,6,40,0,46,0,1,66,0,67,0,7,106,0,113,86,0,86,199
06/27/2009,SGR,TX,ASW,CE,Federal Contract Tower,0,5,23,0,28,0,0,88,0,88,0,5,111,0,116,72,0,72,188
06/28/2009,SGR,TX,ASW,CE,Federal Contract Tower,0,10,23,0,33,0,0,49,0,49,0,10,72,0,82,66,0,66,148
06/29/2009,SGR,TX,ASW,CE,Federal Contract Tower,0,3,47,0,50,0,2,50,0,52,0,5,97,0,102,52,0,52,154
06/30/2009,SGR,TX,ASW,CE,Federal Contract Tower,0,7,54,0,61,0,0,53,0,53,0,7,107,0,114,82,0,82,196
07/01/2009,SGR,TX,ASW,CE,Federal Contract Tower,0,6,66,0,72,0,1,74,0,75,0,7,140,0,147,134,0,134,281
07/02/2009,SGR,TX,ASW,CE,Federal Contract Tower,0,10,38,0,48,0,0,95,0,95,0,10,133,0,143,100,0,100,243
07/03/2009,SGR,TX,ASW,CE,Federal Contract Tower,0,5,42,0,47,0,0,59,0,59,0,5,101,0,106,78,0,78,184
07/04/2009,SGR,TX,ASW,CE,Federal Contract Tower,0,2,22,0,24,0,0,43,0,43,0,2,65,0,67,52,2,54,121
07/05/2009,SGR,TX,ASW,CE,Federal Contract Tower,0,1,29,0,30,0,0,63,0,63,0,1,92,0,93,108,0,108,201
07/06/2009,SGR,TX,ASW,CE,Federal Contract Tower,0,5,47,0,52,0,3,51,0,54,0,8,98,0,106,46,0,46,152
07/07/2009,SGR,TX,ASW,CE,Federal Contract Tower,0,5,30,0,35,0,5,35,0,40,0,10,65,0,75,46,0,46,121
07/08/2009,SGR,TX,ASW,CE,Federal Contract Tower,0,4,55,0,59,0,4,58,0,62,0,8,113,0,121,62,0,62,183
07/09/2009,SGR,TX,ASW,CE,Federal Contract Tower,0,6,70,0,76,0,2,76,0,78,0,8,146,0,154,44,0,44,198
07/10/2009,SGR,TX,ASW,CE,Federal Contract Tower,0,6,43,0,49,0,1,56,0,57,0,7,99,0,106,66,0,66,172
07/11/2009,SGR,TX,ASW,CE,Federal Contract Tower,0,5,29,0,34,0,0,71,0,71,0,5,100,0,105,124,0,124,229
07/12/2009,SGR,TX,ASW,CE,Federal Contract Tower,0,5,36,0,41,0,2,90,0,92,0,7,126,0,133,68,0,68,201
07/13/2009,SGR,TX,ASW,CE,Federal Contract Tower,0,1,53,0,54,0,2,81,0,83,0,3,134,0,137,76,0,76,213
07/14/2009,SGR,TX,ASW,CE,Federal Contract Tower,0,4,55,0,59,0,3,68,0,71,0,7,123,0,130,126,0,126,256
07/15/2009,SGR,TX,ASW,CE,Federal Contract Tower,0,6,60,0,66,0,0,76,0,76,0,6,136,0,142,62,0,62,204
07/16/2009,SGR,TX,ASW,CE,Federal Contract Tower,0,7,44,0,51,0,0,60,0,60,0,7,104,0,111,60,0,60,171
07/17/2009,SGR,TX,ASW,CE,Federal Contract Tower,0,14,51,0,65,0,0,68,0,68,0,14,119,0,133,52,0,52,185
07/18/2009,SGR,TX,ASW,CE,Federal Contract Tower,0,6,42,0,48,0,0,77,0,77,0,6,119,0,125,86,0,86,211
07/19/2009,SGR,TX,ASW,CE,Federal Contract Tower,0,13,33,0,46,0,0,66,0,66,0,13,99,0,112,104,0,104,216
07/20/2009,SGR,TX,ASW,CE,Federal Contract Tower,0,6,57,0,63,0,3,48,0,51,0,9,105,0,114,38,0,38,152
07/21/2009,SGR,TX,ASW,CE,Federal Contract Tower,0,7,60,0,67,0,2,65,0,67,0,9,125,0,134,52,0,52,186
07/22/2009,SGR,TX,ASW,CE,Federal Contract Tower,0,8,35,8,51,0,3,54,0,57,0,11,89,8,108,36,0,36,144
07/23/2009,SGR,TX,ASW,CE,Federal Contract Tower,0,11,88,0,99,0,0,83,0,83,0,11,171,0,182,14,0,14,196
07/24/2009,SGR,TX,ASW,CE,Federal Contract Tower,33,4,0,0,37,0,0,73,0,73,33,4,73,0,110,66,0,66,176
07/25/2009,SGR,TX,ASW,CE,Federal Contract Tower,0,8,45,0,53,0,2,90,0,92,0,10,135,0,145,66,0,66,211
07/26/2009,SGR,TX,ASW,CE,Federal Contract Tower,0,10,25,0,35,0,3,97,0,100,0,13,122,0,135,126,0,126,261
07/27/2009,SGR,TX,ASW,CE,Federal Contract Tower,0,4,39,0,43,0,2,62,0,64,0,6,101,0,107,66,0,66,173
07/28/2009,SGR,TX,ASW,CE,Federal Contract Tower,0,4,53,5,62,0,4,81,0,85,0,8,134,5,147,64,0,64,211
07/29/2009,SGR,TX,ASW,CE,Federal Contract Tower,56,4,0,0,60,0,1,45,0,46,56,5,45,0,106,66,0,66,172
07/30/2009,SGR,TX,ASW,CE,Federal Contract Tower,0,5,41,2,48,0,2,40,0,42,0,7,81,2,90,20,0,20,110
07/31/2009,SGR,TX,ASW,CE,Federal Contract Tower,0,6,39,0,45,0,1,50,0,51,0,7,89,0,96,114,0,114,210
08/01/2009,SGR,TX,ASW,CE,Federal Contract Tower,0,8,45,0,53,0,1,48,0,49,0,9,93,0,102,44,0,44,146
08/02/2009,SGR,TX,ASW,CE,Federal Contract Tower,0,8,43,0,51,0,0,53,0,53,0,8,96,0,104,46,0,46,150
08/03/2009,SGR,TX,ASW,CE,Federal Contract Tower,0,4,42,1,47,0,4,51,1,56,0,8,93,2,103,14,0,14,117
08/04/2009,SGR,TX,ASW,CE,Federal Contract Tower,0,1,64,0,65,0,3,64,0,67,0,4,128,0,132,40,0,40,172
08/05/2009,SGR,TX,ASW,CE,Federal Contract Tower,0,5,51,2,58,0,2,80,0,82,0,7,131,2,140,80,0,80,220
08/06/2009,SGR,TX,ASW,CE,Federal Contract Tower,0,13,51,0,64,0,0,70,0,70,0,13,121,0,134,116,0,116,250
08/07/2009,SGR,TX,ASW,CE,Federal Contract Tower,0,6,47,0,53,0,2,85,0,87,0,8,132,0,140,102,0,102,242
08/08/2009,SGR,TX,ASW,CE,Federal Contract Tower,0,4,38,0,42,0,5,61,0,66,0,9,99,0,108,56,0,56,164
08/09/2009,SGR,TX,ASW,CE,Federal Contract Tower,0,14,45,0,59,0,0,63,0,63,0,14,108,0,122,58,0,58,180
08/10/2009,SGR,TX,ASW,CE,Federal Contract Tower,0,7,44,0,51,0,2,33,0,35,0,9,77,0,86,28,0,28,114
08/11/2009,SGR,TX,ASW,CE,Federal Contract Tower,0,5,32,0,37,0,2,50,0,52,0,7,82,0,89,58,0,58,147
08/12/2009,SGR,TX,ASW,CE,Federal Contract Tower,0,6,75,4,85,0,2,80,0,82,0,8,155,4,167,44,16,60,227
08/13/2009,SGR,TX,ASW,CE,Federal Contract Tower,0,19,43,0,62,0,1,88,1,90,0,20,131,1,152,122,0,122,274
08/14/2009,SGR,TX,ASW,CE,Federal Contract Tower,0,9,38,0,47,0,2,71,0,73,0,11,109,0,120,44,0,44,164
08/15/2009,SGR,TX,ASW,CE,Federal Contract Tower,0,1,38,0,39,0,3,73,0,76,0,4,111,0,115,54,0,54,169
08/16/2009,SGR,TX,ASW,CE,Federal Contract Tower,0,7,31,0,38,0,0,60,0,60,0,7,91,0,98,68,0,68,166
08/17/2009,SGR,TX,ASW,CE,Federal Contract Tower,0,2,34,0,36,0,5,50,0,55,0,7,84,0,91,44,0,44,135
08/18/2009,SGR,TX,ASW,CE,Federal Contract Tower,0,4,58,2,64,0,1,32,0,33,0,5,90,2,97,80,0,80,177
08/19/2009,SGR,TX,ASW,CE,Federal Contract Tower,0,5,71,0,76,0,0,65,0,65,0,5,136,0,141,16,0,16,157
08/20/2009,SGR,TX,ASW,CE,Federal Contract Tower,0,7,50,0,57,0,1,64,0,65,0,8,114,0,122,66,0,66,188
08/21/2009,SGR,TX,ASW,CE,Federal Contract Tower,0,4,33,0,37,0,1,46,0,47,0,5,79,0,84,38,0,38,122
08/22/2009,SGR,TX,ASW,CE,Federal Contract Tower,0,1,46,0,47,0,2,74,0,76,0,3,120,0,123,112,0,112,235
08/23/2009,SGR,TX,ASW,CE,Federal Contract Tower,0,3,25,0,28,0,0,58,0,58,0,3,83,0,86,110,0,110,196
08/24/2009,SGR,TX,ASW,CE,Federal Contract Tower,0,6,53,0,59,0,0,58,0,58,0,6,111,0,117,64,0,64,181
08/25/2009,SGR,TX,ASW,CE,Federal Contract Tower,0,4,59,0,63,0,0,59,0,59,0,4,118,0,122,78,0,78,200
08/26/2009,SGR,TX,ASW,CE,Federal Contract Tower,0,3,82,0,85,0,0,53,0,53,0,3,135,0,138,90,0,90,228
08/27/2009,SGR,TX,ASW,CE,Federal Contract Tower,0,13,74,0,87,0,0,60,2,62,0,13,134,2,149,44,0,44,193
08/28/2009,SGR,TX,ASW,CE,Federal Contract Tower,0,4,41,0,45,0,2,51,0,53,0,6,92,0,98,78,0,78,176
08/29/2009,SGR,TX,ASW,CE,Federal Contract Tower,0,4,27,0,31,0,0,71,0,71,0,4,98,0,102,122,0,122,224
08/30/2009,SGR,TX,ASW,CE,Federal Contract Tower,0,2,40,0,42,0,2,72,0,74,0,4,112,0,116,46,0,46,162
08/31/2009,SGR,TX,ASW,CE,Federal Contract Tower,0,2,45,0,47,0,2,40,0,42,0,4,85,0,89,54,0,54,143
09/01/2009,SGR,TX,ASW,CE,Federal Contract Tower,0,2,85,0,87,0,3,68,0,71,0,5,153,0,158,44,0,44,202
09/02/2009,SGR,TX,ASW,CE,Federal Contract Tower,0,14,80,2,96,0,0,78,0,78,0,14,158,2,174,152,0,152,326
09/03/2009,SGR,TX,ASW,CE,Federal Contract Tower,0,14,72,0,86,0,2,70,0,72,0,16,142,0,158,102,0,102,260
09/04/2009,SGR,TX,ASW,CE,Federal Contract Tower,0,10,62,0,72,0,4,60,0,64,0,14,122,0,136,72,0,72,208
09/05/2009,SGR,TX,ASW,CE,Federal Contract Tower,0,4,51,0,55,0,0,56,0,56,0,4,107,0,111,40,0,40,151
09/06/2009,SGR,TX,ASW,CE,Federal Contract Tower,0,4,30,0,34,0,0,29,0,29,0,4,59,0,63,56,0,56,119
09/07/2009,SGR,TX,ASW,CE,Federal Contract Tower,0,9,48,0,57,0,0,67,0,67,0,9,115,0,124,50,0,50,174
09/08/2009,SGR,TX,ASW,CE,Federal Contract Tower,0,7,52,0,59,0,2,52,0,54,0,9,104,0,113,32,0,32,145
09/09/2009,SGR,TX,ASW,CE,Federal Contract Tower,0,7,52,0,59,0,0,10,0,10,0,7,62,0,69,22,0,22,91
09/10/2009,SGR,TX,ASW,CE,Federal Contract Tower,0,15,74,0,89,0,2,32,0,34,0,17,106,0,123,22,0,22,145
09/11/2009,SGR,TX,ASW,CE,Federal Contract Tower,0,7,31,0,38,0,3,12,0,15,0,10,43,0,53,36,0,36,89
09/12/2009,SGR,TX,ASW,CE,Federal Contract Tower,0,6,37,0,43,0,0,7,0,7,0,6,44,0,50,40,0,40,90
09/13/2009,SGR,TX,ASW,CE,Federal Contract Tower,0,12,53,0,65,0,6,45,0,51,0,18,98,0,116,80,0,80,196
09/14/2009,SGR,TX,ASW,CE,Federal Contract Tower,0,9,42,0,51,0,1,33,0,34,0,10,75,0,85,32,0,32,117
09/15/2009,SGR,TX,ASW,CE,Federal Contract Tower,0,12,68,2,82,0,0,60,0,60,0,12,128,2,142,108,0,108,250
09/16/2009,SGR,TX,ASW,CE,Federal Contract Tower,0,13,82,0,95,0,0,62,0,62,0,13,144,0,157,46,0,46,203
09/17/2009,SGR,TX,ASW,CE,Federal Contract Tower,0,9,76,2,87,0,0,59,0,59,0,9,135,2,146,74,0,74,220
09/18/2009,SGR,TX,ASW,CE,Federal Contract Tower,0,9,62,0,71,0,0,36,0,36,0,9,98,0,107,22,0,22,129
09/19/2009,SGR,TX,ASW,CE,Federal Contract Tower,0,7,54,0,61,0,0,25,0,25,0,7,79,0,86,54,0,54,140
09/20/2009,SGR,TX,ASW,CE,Federal Contract Tower,0,8,66,0,74,0,0,66,0,66,0,8,132,0,140,38,0,38,178
09/21/2009,SGR,TX,ASW,CE,Federal Contract Tower,0,5,50,2,57,0,0,4,54,58,0,5,54,56,115,54,0,54,169
09/22/2009,SGR,TX,ASW,CE,Federal Contract Tower,0,3,60,0,63,0,2,17,2,21,0,5,77,2,84,22,0,22,106
09/23/2009,SGR,TX,ASW,CE,Federal Contract Tower,0,11,50,0,61,0,0,38,0,38,0,11,88,0,99,42,0,42,141
09/24/2009,SGR,TX,ASW,CE,Federal Contract Tower,0,9,69,0,78,0,0,10,0,10,0,9,79,0,88,0,0,0,88
09/25/2009,SGR,TX,ASW,CE,Federal Contract Tower,0,13,68,0,81,0,0,0,0,0,0,13,68,0,81,40,0,40,121
09/26/2009,SGR,TX,ASW,CE,Federal Contract Tower,0,15,45,0,60,0,0,46,0,46,0,15,91,0,106,50,0,50,156
09/27/2009,SGR,TX,ASW,CE,Federal Contract Tower,0,17,47,0,64,0,0,63,0,63,0,17,110,0,127,68,0,68,195
09/28/2009,SGR,TX,ASW,CE,Federal Contract Tower,0,8,54,0,62,0,5,31,0,36,0,13,85,0,98,36,0,36,134
09/29/2009,SGR,TX,ASW,CE,Federal Contract Tower,0,12,81,0,93,0,2,79,0,81,0,14,160,0,174,86,0,86,260
09/30/2009,SGR,TX,ASW,CE,Federal Contract Tower,0,6,67,0,73,0,3,64,0,67,0,9,131,0,140,70,0,70,210
10/01/2009,SGR,TX,ASW,CE,Federal Contract Tower,0,8,48,0,56,0,1,51,0,52,0,9,99,0,108,78,0,78,186
10/02/2009,SGR,TX,ASW,CE,Federal Contract Tower,0,5,66,2,73,0,4,78,0,82,0,9,144,2,155,46,0,46,201
10/03/2009,SGR,TX,ASW,CE,Federal Contract Tower,0,5,33,4,42,0,0,41,6,47,0,5,74,10,89,58,12,70,159
10/04/2009,SGR,TX,ASW,CE,Federal Contract Tower,0,15,56,0,71,0,0,13,0,13,0,15,69,0,84,12,0,12,96
10/05/2009,SGR,TX,ASW,CE,Federal Contract Tower,0,8,64,0,72,0,0,31,0,31,0,8,95,0,103,34,0,34,137
10/06/2009,SGR,TX,ASW,CE,Federal Contract Tower,0,4,72,0,76,0,0,41,0,41,0,4,113,0,117,26,0,26,143
10/07/2009,SGR,TX,ASW,CE,Federal Contract Tower,0,8,57,0,65,0,2,55,0,57,0,10,112,0,122,70,0,70,192
10/08/2009,SGR,TX,ASW,CE,Federal Contract Tower,0,6,44,0,50,0,3,38,0,41,0,9,82,0,91,46,0,46,137
10/09/2009,SGR,TX,ASW,CE,Federal Contract Tower,0,11,46,0,57,0,0,4,0,4,0,11,50,0,61,0,0,0,61
10/10/2009,SGR,TX,ASW,CE,Federal Contract Tower,0,4,62,3,69,0,0,18,0,18,0,4,80,3,87,94,0,94,181
10/11/2009,SGR,TX,ASW,CE,Federal Contract Tower,0,16,46,0,62,0,0,0,0,0,0,16,46,0,62,0,0,0,62
10/12/2009,SGR,TX,ASW,CE,Federal Contract Tower,0,9,48,0,57,0,2,12,0,14,0,11,60,0,71,36,0,36,107
10/13/2009,SGR,TX,ASW,CE,Federal Contract Tower,0,10,46,0,56,0,0,18,0,18,0,10,64,0,74,68,0,68,142
10/14/2009,SGR,TX,ASW,CE,Federal Contract Tower,0,8,103,0,111,0,2,40,0,42,0,10,143,0,153,80,0,80,233
10/15/2009,SGR,TX,ASW,CE,Federal Contract Tower,0,8,69,0,77,0,7,52,0,59,0,15,121,0,136,114,0,114,250
10/16/2009,SGR,TX,ASW,CE,Federal Contract Tower,0,6,77,0,83,0,0,59,0,59,0,6,136,0,142,74,0,74,216
10/17/2009,SGR,TX,ASW,CE,Federal Contract Tower,0,9,72,0,81,0,0,94,0,94,0,9,166,0,175,128,0,128,303
10/18/2009,SGR,TX,ASW,CE,Federal Contract Tower,0,5,50,0,55,0,0,99,0,99,0,5,149,0,154,102,0,102,256
10/19/2009,SGR,TX,ASW,CE,Federal Contract Tower,0,5,45,0,50,0,3,58,0,61,0,8,103,0,111,54,0,54,165
10/20/2009,SGR,TX,ASW,CE,Federal Contract Tower,0,7,63,1,71,0,2,63,0,65,0,9,126,1,136,60,0,60,196
10/21/2009,SGR,TX,ASW,CE,Federal Contract Tower,0,12,69,0,81,0,0,31,0,31,0,12,100,0,112,74,0,74,186
10/22/2009,SGR,TX,ASW,CE,Federal Contract Tower,0,14,52,0,66,0,1,22,0,23,0,15,74,0,89,26,0,26,115
10/23/2009,SGR,TX,ASW,CE,Federal Contract Tower,0,10,75,0,85,0,0,146,0,146,0,10,221,0,231,106,0,106,337
10/24/2009,SGR,TX,ASW,CE,Federal Contract Tower,0,5,30,0,35,0,0,133,0,133,0,5,163,0,168,138,0,138,306
10/25/2009,SGR,TX,ASW,CE,Federal Contract Tower,0,10,58,0,68,0,0,74,0,74,0,10,132,0,142,44,0,44,186
10/26/2009,SGR,TX,ASW,CE,Federal Contract Tower,0,11,28,0,39,0,1,2,0,3,0,12,30,0,42,0,0,0,42
10/27/2009,SGR,TX,ASW,CE,Federal Contract Tower,0,7,95,0,102,0,0,64,0,64,0,7,159,0,166,130,0,130,296
10/28/2009,SGR,TX,ASW,CE,Federal Contract Tower,0,9,63,0,72,0,0,43,0,43,0,9,106,0,115,108,0,108,223
10/29/2009,SGR,TX,ASW,CE,Federal Contract Tower,0,9,33,0,42,0,2,7,0,9,0,11,40,0,51,42,0,42,93
10/30/2009,SGR,TX,ASW,CE,Federal Contract Tower,0,11,41,0,52,0,1,63,0,64,0,12,104,0,116,116,0,116,232
10/31/2009,SGR,TX,ASW,CE,Federal Contract Tower,0,2,36,0,38,0,0,98,0,98,0,2,134,0,136,110,0,110,246
11/01/2009,SGR,TX,ASW,CE,Federal Contract Tower,0,15,26,0,41,0,0,76,0,76,0,15,102,0,117,68,0,68,185
11/02/2009,SGR,TX,ASW,CE,Federal Contract Tower,0,5,49,4,58,0,3,62,0,65,0,8,111,4,123,66,0,66,189
11/03/2009,SGR,TX,ASW,CE,Federal Contract Tower,0,3,57,0,60,0,2,91,0,93,0,5,148,0,153,74,0,74,227
11/04/2009,SGR,TX,ASW,CE,Federal Contract Tower,0,11,89,0,100,0,0,136,0,136,0,11,225,0,236,122,0,122,358
11/05/2009,SGR,TX,ASW,CE,Federal Contract Tower,0,10,71,0,81,0,5,102,0,107,0,15,173,0,188,136,0,136,324
11/06/2009,SGR,TX,ASW,CE,Federal Contract Tower,0,11,59,0,70,0,1,100,0,101,0,12,159,0,171,66,0,66,237
11/07/2009,SGR,TX,ASW,CE,Federal Contract Tower,0,6,35,0,41,0,0,118,0,118,0,6,153,0,159,122,0,122,281
11/08/2009,SGR,TX,ASW,CE,Federal Contract Tower,0,9,73,0,82,0,0,14,0,14,0,9,87,0,96,62,0,62,158
11/09/2009,SGR,TX,ASW,CE,Federal Contract Tower,0,5,46,0,51,0,0,32,0,32,0,5,78,0,83,8,0,8,91
11/10/2009,SGR,TX,ASW,CE,Federal Contract Tower,0,6,62,0,68,0,4,87,0,91,0,10,149,0,159,62,0,62,221
11/11/2009,SGR,TX,ASW,CE,Federal Contract Tower,0,7,75,0,82,0,1,78,0,79,0,8,153,0,161,120,0,120,281
11/12/2009,SGR,TX,ASW,CE,Federal Contract Tower,0,14,75,2,91,0,1,75,0,76,0,15,150,2,167,154,0,154,321
11/13/2009,SGR,TX,ASW,CE,Federal Contract Tower,0,12,68,0,80,0,6,78,0,84,0,18,146,0,164,100,0,100,264
11/14/2009,SGR,TX,ASW,CE,Federal Contract Tower,0,3,25,0,28,0,0,59,0,59,0,3,84,0,87,118,0,118,205
11/15/2009,SGR,TX,ASW,CE,Federal Contract Tower,0,22,52,0,74,0,0,37,0,37,0,22,89,0,111,28,0,28,139
11/16/2009,SGR,TX,ASW,CE,Federal Contract Tower,0,6,48,0,54,0,2,26,0,28,0,8,74,0,82,12,0,12,94
11/17/2009,SGR,TX,ASW,CE,Federal Contract Tower,0,5,41,0,46,0,1,86,0,87,0,6,127,0,133,96,0,96,229
11/18/2009,SGR,TX,ASW,CE,Federal Contract Tower,0,9,52,2,63,0,4,108,0,112,0,13,160,2,175,146,0,146,321
11/19/2009,SGR,TX,ASW,CE,Federal Contract Tower,0,10,66,0,76,0,0,89,0,89,0,10,155,0,165,102,0,102,267
11/20/2009,SGR,TX,ASW,CE,Federal Contract Tower,0,17,47,0,64,0,0,11,0,11,0,17,58,0,75,14,0,14,89
11/21/2009,SGR,TX,ASW,CE,Federal Contract Tower,0,3,0,0,3,0,5,0,0,5,0,8,0,0,8,2,0,2,10
11/22/2009,SGR,TX,ASW,CE,Federal Contract Tower,0,11,44,0,55,0,0,110,0,110,0,11,154,0,165,68,0,68,233
11/23/2009,SGR,TX,ASW,CE,Federal Contract Tower,0,5,81,0,86,0,0,48,0,48,0,5,129,0,134,66,0,66,200
11/24/2009,SGR,TX,ASW,CE,Federal Contract Tower,0,6,68,2,76,0,1,21,0,22,0,7,89,2,98,52,0,52,150
11/25/2009,SGR,TX,ASW,CE,Federal Contract Tower,0,10,59,0,69,0,0,134,0,134,0,10,193,0,203,120,0,120,323
11/26/2009,SGR,TX,ASW,CE,Federal Contract Tower,0,2,20,0,22,0,0,38,0,38,0,2,58,0,60,0,0,0,60
11/27/2009,SGR,TX,ASW,CE,Federal Contract Tower,0,8,48,0,56,0,1,74,0,75,0,9,122,0,131,66,0,66,197
11/28/2009,SGR,TX,ASW,CE,Federal Contract Tower,0,11,65,0,76,0,0,74,0,74,0,11,139,0,150,50,0,50,200
11/29/2009,SGR,TX,ASW,CE,Federal Contract Tower,0,6,56,0,62,0,2,67,0,69,0,8,123,0,131,94,0,94,225
11/30/2009,SGR,TX,ASW,CE,Federal Contract Tower,0,8,51,0,59,0,0,4,0,4,0,8,55,0,63,4,0,4,67
12/01/2009,SGR,TX,ASW,CE,Federal Contract Tower,0,4,51,0,55,0,3,10,0,13,0,7,61,0,68,16,0,16,84
12/02/2009,SGR,TX,ASW,CE,Federal Contract Tower,0,14,55,0,69,0,0,56,0,56,0,14,111,0,125,36,0,36,161
12/03/2009,SGR,TX,ASW,CE,Federal Contract Tower,0,15,70,0,85,0,3,76,0,79,0,18,146,0,164,118,0,118,282
12/04/2009,SGR,TX,ASW,CE,Federal Contract Tower,0,4,24,0,28,0,1,0,0,1,0,5,24,0,29,0,0,0,29
12/05/2009,SGR,TX,ASW,CE,Federal Contract Tower,0,6,33,0,39,0,0,82,0,82,0,6,115,0,121,124,0,124,245
12/06/2009,SGR,TX,ASW,CE,Federal Contract Tower,0,17,64,0,81,0,1,1,0,2,0,18,65,0,83,0,0,0,83
12/07/2009,SGR,TX,ASW,CE,Federal Contract Tower,0,3,37,0,40,0,0,0,0,0,0,3,37,0,40,0,0,0,40
12/08/2009,SGR,TX,ASW,CE,Federal Contract Tower,0,8,40,0,48,0,0,4,0,4,0,8,44,0,52,10,0,10,62
12/09/2009,SGR,TX,ASW,CE,Federal Contract Tower,0,3,103,2,108,0,2,80,0,82,0,5,183,2,190,90,0,90,280
12/10/2009,SGR,TX,ASW,CE,Federal Contract Tower,0,8,84,0,92,0,1,83,0,84,0,9,167,0,176,80,0,80,256
12/11/2009,SGR,TX,ASW,CE,Federal Contract Tower,0,13,80,0,93,0,0,33,0,33,0,13,113,0,126,72,0,72,198
12/12/2009,SGR,TX,ASW,CE,Federal Contract Tower,0,3,10,0,13,0,0,0,0,0,0,3,10,0,13,0,0,0,13
12/13/2009,SGR,TX,ASW,CE,Federal Contract Tower,0,4,54,0,58,0,0,0,0,0,0,4,54,0,58,0,0,0,58
12/14/2009,SGR,TX,ASW,CE,Federal Contract Tower,0,4,23,0,27,0,0,0,0,0,0,4,23,0,27,0,0,0,27
12/15/2009,SGR,TX,ASW,CE,Federal Contract Tower,0,10,56,0,66,0,0,22,0,22,0,10,78,0,88,26,0,26,114
12/16/2009,SGR,TX,ASW,CE,Federal Contract Tower,0,12,82,4,98,0,2,47,0,49,0,14,129,4,147,92,0,92,239
12/17/2009,SGR,TX,ASW,CE,Federal Contract Tower,0,7,71,0,78,0,0,9,0,9,0,7,80,0,87,2,0,2,89
12/18/2009,SGR,TX,ASW,CE,Federal Contract Tower,0,11,53,2,66,0,1,102,0,103,0,12,155,2,169,88,0,88,257
12/19/2009,SGR,TX,ASW,CE,Federal Contract Tower,0,6,91,2,99,0,2,87,0,89,0,8,178,2,188,158,0,158,346
12/20/2009,SGR,TX,ASW,CE,Federal Contract Tower,0,5,41,0,46,0,0,96,0,96,0,5,137,0,142,126,0,126,268
12/21/2009,SGR,TX,ASW,CE,Federal Contract Tower,0,2,58,0,60,0,1,70,0,71,0,3,128,0,131,96,0,96,227
12/22/2009,SGR,TX,ASW,CE,Federal Contract Tower,0,5,55,0,60,0,1,42,0,43,0,6,97,0,103,52,0,52,155
12/23/2009,SGR,TX,ASW,CE,Federal Contract Tower,0,5,50,0,55,0,1,25,0,26,0,6,75,0,81,12,0,12,93
12/24/2009,SGR,TX,ASW,CE,Federal Contract Tower,0,4,12,0,16,0,0,7,0,7,0,4,19,0,23,4,0,4,27
12/25/2009,SGR,TX,ASW,CE,Federal Contract Tower,0,4,11,0,15,0,0,31,0,31,0,4,42,0,46,4,0,4,50
12/26/2009,SGR,TX,ASW,CE,Federal Contract Tower,0,12,55,0,67,0,0,65,0,65,0,12,120,0,132,76,0,76,208
12/27/2009,SGR,TX,ASW,CE,Federal Contract Tower,0,12,28,0,40,0,2,76,0,78,0,14,104,0,118,88,0,88,206
12/28/2009,SGR,TX,ASW,CE,Federal Contract Tower,0,6,57,0,63,0,1,56,0,57,0,7,113,0,120,34,0,34,154
12/29/2009,SGR,TX,ASW,CE,Federal Contract Tower,0,4,47,0,51,0,0,22,0,22,0,4,69,0,73,78,0,78,151
12/30/2009,SGR,TX,ASW,CE,Federal Contract Tower,0,7,57,0,64,0,0,0,0,0,0,7,57,0,64,0,0,0,64
12/31/2009,SGR,TX,ASW,CE,Federal Contract Tower,0,6,0,0,6,0,0,0,0,0,0,6,0,0,6,0,0,0,6
01/01/2010,SGR,TX,ASW,CE,Federal Contract Tower,0,2,16,0,18,0,2,45,0,47,0,4,61,0,65,50,0,50,115
01/02/2010,SGR,TX,ASW,CE,Federal Contract Tower,0,8,62,0,70,0,0,74,0,74,0,8,136,0,144,122,0,122,266
01/03/2010,SGR,TX,ASW,CE,Federal Contract Tower,0,12,70,0,82,0,68,0,0,68,0,80,70,0,150,70,0,70,220
01/04/2010,SGR,TX,ASW,CE,Federal Contract Tower,0,8,48,0,56,0,0,37,0,37,0,8,85,0,93,58,0,58,151
01/05/2010,SGR,TX,ASW,CE,Federal Contract Tower,0,5,53,0,58,0,2,81,0,83,0,7,134,0,141,92,0,92,233
01/06/2010,SGR,TX,ASW,CE,Federal Contract Tower,0,23,77,0,100,0,2,39,0,41,0,25,116,0,141,88,0,88,229
01/07/2010,SGR,TX,ASW,CE,Federal Contract Tower,0,7,53,0,60,0,2,5,0,7,0,9,58,0,67,8,0,8,75
01/08/2010,SGR,TX,ASW,CE,Federal Contract Tower,0,11,59,0,70,0,0,36,0,36,0,11,95,0,106,16,0,16,122
01/09/2010,SGR,TX,ASW,CE,Federal Contract Tower,0,14,54,0,68,0,86,0,0,86,0,100,54,0,154,106,0,106,260
01/10/2010,SGR,TX,ASW,CE,Federal Contract Tower,0,7,67,0,74,0,1,82,0,83,0,8,149,0,157,122,0,122,279
01/11/2010,SGR,TX,ASW,CE,Federal Contract Tower,0,6,53,0,59,0,2,69,0,71,0,8,122,0,130,66,0,66,196
01/12/2010,SGR,TX,ASW,CE,Federal Contract Tower,0,6,79,0,85,0,2,94,0,96,0,8,173,0,181,128,0,128,309
01/13/2010,SGR,TX,ASW,CE,Federal Contract Tower,0,7,80,0,87,0,4,53,0,57,0,11,133,0,144,88,0,88,232
01/14/2010,SGR,TX,ASW,CE,Federal Contract Tower,0,15,77,0,92,0,0,0,0,0,0,15,77,0,92,0,0,0,92
01/15/2010,SGR,TX,ASW,CE,Federal Contract Tower,0,9,69,0,78,0,7,8,0,15,0,16,77,0,93,26,0,26,119
01/16/2010,SGR,TX,ASW,CE,Federal Contract Tower,0,0,62,0,62,0,0,6,0,6,0,0,68,0,68,10,0,10,78
01/17/2010,SGR,TX,ASW,CE,Federal Contract Tower,0,7,76,0,83,0,2,104,0,106,0,9,180,0,189,68,0,68,257
01/18/2010,SGR,TX,ASW,CE,Federal Contract Tower,0,1,68,0,69,0,0,64,0,64,0,1,132,0,133,94,0,94,227
01/19/2010,SGR,TX,ASW,CE,Federal Contract Tower,0,9,53,0,62,0,2,34,0,36,0,11,87,0,98,64,0,64,162
01/20/2010,SGR,TX,ASW,CE,Federal Contract Tower,0,7,40,0,47,0,0,10,0,10,0,7,50,0,57,8,0,8,65
01/21/2010,SGR,TX,ASW,CE,Federal Contract Tower,0,3,71,0,74,0,1,63,0,64,0,4,134,0,138,66,0,66,204
01/22/2010,SGR,TX,ASW,CE,Federal Contract Tower,0,7,76,0,83,0,4,90,0,94,0,11,166,0,177,96,0,96,273
01/23/2010,SGR,TX,ASW,CE,Federal Contract Tower,0,1,51,0,52,0,0,41,0,41,0,1,92,0,93,122,0,122,215
01/24/2010,SGR,TX,ASW,CE,Federal Contract Tower,0,8,55,0,63,0,85,0,0,85,0,93,55,0,148,50,0,50,198
01/25/2010,SGR,TX,ASW,CE,Federal Contract Tower,0,1,59,0,60,0,1,63,0,64,0,2,122,0,124,102,0,102,226
01/26/2010,SGR,TX,ASW,CE,Federal Contract Tower,0,3,83,0,86,0,2,98,0,100,0,5,181,0,186,70,0,70,256
01/27/2010,SGR,TX,ASW,CE,Federal Contract Tower,0,4,49,0,53,0,5,73,3,81,0,9,122,3,134,110,4,114,248
01/28/2010,SGR,TX,ASW,CE,Federal Contract Tower,0,13,63,2,78,0,2,18,0,20,0,15,81,2,98,22,0,22,120
01/29/2010,SGR,TX,ASW,CE,Federal Contract Tower,0,11,38,0,49,0,0,5,0,5,0,11,43,0,54,2,0,2,56
01/30/2010,SGR,TX,ASW,CE,Federal Contract Tower,0,10,38,0,48,0,0,44,0,44,0,10,82,0,92,76,0,76,168
01/31/2010,SGR,TX,ASW,CE,Federal Contract Tower,0,11,74,0,85,0,0,53,0,53,0,11,127,0,138,104,0,104,242
02/01/2010,SGR,TX,ASW,CE,Federal Contract Tower,0,8,37,0,45,0,13,0,0,13,0,21,37,0,58,0,0,0,58
02/02/2010,SGR,TX,ASW,CE,Federal Contract Tower,0,8,49,2,59,0,0,15,0,15,0,8,64,2,74,24,0,24,98
02/03/2010,SGR,TX,ASW,CE,Federal Contract Tower,0,11,37,0,48,0,0,13,0,13,0,11,50,0,61,18,0,18,79
02/04/2010,SGR,TX,ASW,CE,Federal Contract Tower,0,14,63,0,77,0,0,2,0,2,0,14,65,0,79,0,0,0,79
02/05/2010,SGR,TX,ASW,CE,Federal Contract Tower,0,13,48,2,63,0,0,48,0,48,0,13,96,2,111,78,0,78,189
02/06/2010,SGR,TX,ASW,CE,Federal Contract Tower,0,2,74,0,76,0,0,92,0,92,0,2,166,0,168,98,0,98,266
02/07/2010,SGR,TX,ASW,CE,Federal Contract Tower,0,6,48,0,54,0,0,40,0,40,0,6,88,0,94,34,0,34,128
02/08/2010,SGR,TX,ASW,CE,Federal Contract Tower,0,6,48,0,54,0,0,26,0,26,0,6,74,0,80,12,0,12,92
02/09/2010,SGR,TX,ASW,CE,Federal Contract Tower,0,6,61,0,67,0,5,64,0,69,0,11,125,0,136,58,0,58,194
02/10/2010,SGR,TX,ASW,CE,Federal Contract Tower,0,9,81,0,90,0,1,56,0,57,0,10,137,0,147,76,0,76,223
02/11/2010,SGR,TX,ASW,CE,Federal Contract Tower,0,20,40,1,61,0,0,2,0,2,0,20,42,1,63,0,0,0,63
02/12/2010,SGR,TX,ASW,CE,Federal Contract Tower,0,25,60,0,85,0,0,31,1,32,0,25,91,1,117,26,0,26,143
02/13/2010,SGR,TX,ASW,CE,Federal Contract Tower,0,10,72,0,82,0,0,33,0,33,0,10,105,0,115,60,0,60,175
02/14/2010,SGR,TX,ASW,CE,Federal Contract Tower,0,8,38,0,46,0,0,70,0,70,0,8,108,0,116,62,0,62,178
02/15/2010,SGR,TX,ASW,CE,Federal Contract Tower,0,14,60,0,74,0,2,70,0,72,0,16,130,0,146,88,0,88,234
02/16/2010,SGR,TX,ASW,CE,Federal Contract Tower,0,14,60,0,74,0,1,103,0,104,0,15,163,0,178,148,0,148,326
02/17/2010,SGR,TX,ASW,CE,Federal Contract Tower,0,8,80,0,88,0,4,91,0,95,0,12,171,0,183,64,0,64,247
02/18/2010,SGR,TX,ASW,CE,Federal Contract Tower,0,9,44,2,55,0,2,78,0,80,0,11,122,2,135,36,0,36,171
02/19/2010,SGR,TX,ASW,CE,Federal Contract Tower,0,4,59,0,63,0,0,56,0,56,0,4,115,0,119,32,0,32,151
02/20/2010,SGR,TX,ASW,CE,Federal Contract Tower,0,4,71,0,75,0,0,64,0,64,0,4,135,0,139,86,0,86,225
02/21/2010,SGR,TX,ASW,CE,Federal Contract Tower,0,13,59,0,72,0,0,16,0,16,0,13,75,0,88,34,0,34,122
02/22/2010,SGR,TX,ASW,CE,Federal Contract Tower,0,6,80,0,86,0,3,36,0,39,0,9,116,0,125,60,0,60,185
02/23/2010,SGR,TX,ASW,CE,Federal Contract Tower,0,10,48,0,58,0,0,6,0,6,0,10,54,0,64,0,0,0,64
02/24/2010,SGR,TX,ASW,CE,Federal Contract Tower,0,10,53,0,63,0,2,73,0,75,0,12,126,0,138,12,0,12,150
02/25/2010,SGR,TX,ASW,CE,Federal Contract Tower,0,4,76,0,80,0,1,81,0,82,0,5,157,0,162,122,0,122,284
02/26/2010,SGR,TX,ASW,CE,Federal Contract Tower,0,10,61,0,71,0,0,53,0,53,0,10,114,0,124,60,0,60,184
02/27/2010,SGR,TX,ASW,CE,Federal Contract Tower,0,82,0,0,82,0,3,111,0,114,0,85,111,0,196,94,0,94,290
02/28/2010,SGR,TX,ASW,CE,Federal Contract Tower,0,5,55,0,60,0,1,95,0,96,0,6,150,0,156,52,0,52,208
03/01/2010,SGR,TX,ASW,CE,Federal Contract Tower,0,9,32,0,41,0,0,6,0,6,0,9,38,0,47,26,0,26,73
03/02/2010,SGR,TX,ASW,CE,Federal Contract Tower,0,8,78,2,88,0,0,66,0,66,0,8,144,2,154,46,0,46,200
03/03/2010,SGR,TX,ASW,CE,Federal Contract Tower,0,8,62,0,70,0,1,96,0,97,0,9,158,0,167,60,0,60,227
03/04/2010,SGR,TX,ASW,CE,Federal Contract Tower,0,10,59,0,69,0,111,0,0,111,0,121,59,0,180,66,0,66,246
03/05/2010,SGR,TX,ASW,CE,Federal Contract Tower,0,9,67,0,76,0,0,111,0,111,0,9,178,0,187,44,0,44,231
03/06/2010,SGR,TX,ASW,CE,Federal Contract Tower,0,6,46,0,52,0,0,106,0,106,0,6,152,0,158,120,0,120,278
03/07/2010,SGR,TX,ASW,CE,Federal Contract Tower,0,5,45,0,50,0,64,0,0,64,0,69,45,0,114,26,0,26,140
03/08/2010,SGR,TX,ASW,CE,Federal Contract Tower,0,7,36,0,43,0,0,3,0,3,0,7,39,0,46,2,0,2,48
03/09/2010,SGR,TX,ASW,CE,Federal Contract Tower,0,9,65,0,74,0,2,39,0,41,0,11,104,0,115,36,0,36,151
03/10/2010,SGR,TX,ASW,CE,Federal Contract Tower,0,5,55,0,60,0,1,41,0,42,0,6,96,0,102,118,0,118,220
03/11/2010,SGR,TX,ASW,CE,Federal Contract Tower,0,5,82,2,89,0,4,69,2,75,0,9,151,4,164,50,0,50,214
03/12/2010,SGR,TX,ASW,CE,Federal Contract Tower,0,21,67,0,88,0,1,87,0,88,0,22,154,0,176,48,0,48,224
03/13/2010,SGR,TX,ASW,CE,Federal Contract Tower,0,29,66,0,95,0,0,109,0,109,0,29,175,0,204,94,0,94,298
03/14/2010,SGR,TX,ASW,CE,Federal Contract Tower,0,12,56,0,68,0,1,81,0,82,0,13,137,0,150,96,0,96,246
03/15/2010,SGR,TX,ASW,CE,Federal Contract Tower,0,11,38,0,49,0,2,61,0,63,0,13,99,0,112,56,0,56,168
03/16/2010,SGR,TX,ASW,CE,Federal Contract Tower,0,12,64,0,76,0,5,22,0,27,0,17,86,0,103,80,0,80,183
03/17/2010,SGR,TX,ASW,CE,Federal Contract Tower,0,10,53,0,63,0,2,85,0,87,0,12,138,0,150,74,0,74,224
03/18/2010,SGR,TX,ASW,CE,Federal Contract Tower,0,10,63,0,73,0,2,84,0,86,0,12,147,0,159,84,0,84,243
03/19/2010,SGR,TX,ASW,CE,Federal Contract Tower,0,11,44,0,55,0,1,97,0,98,0,12,141,0,153,126,0,126,279
03/20/2010,SGR,TX,ASW,CE,Federal Contract Tower,0,12,38,0,50,0,18,0,0,18,0,30,38,0,68,10,0,10,78
03/21/2010,SGR,TX,ASW,CE,Federal Contract Tower,0,11,41,0,52,0,0,52,0,52,0,11,93,0,104,14,0,14,118
03/22/2010,SGR,TX,ASW,CE,Federal Contract Tower,0,8,38,0,46,0,2,86,0,88,0,10,124,0,134,106,0,106,240
03/23/2010,SGR,TX,ASW,CE,Federal Contract Tower,0,8,48,0,56,0,1,61,0,62,0,9,109,0,118,98,2,100,218
03/24/2010,SGR,TX,ASW,CE,Federal Contract Tower,0,13,75,0,88,0,0,14,0,14,0,13,89,0,102,40,0,40,142
03/25/2010,SGR,TX,ASW,CE,Federal Contract Tower,0,10,67,0,77,0,0,103,0,103,0,10,170,0,180,76,0,76,256
03/26/2010,SGR,TX,ASW,CE,Federal Contract Tower,0,6,54,0,60,0,2,97,0,99,0,8,151,0,159,44,0,44,203
03/27/2010,SGR,TX,ASW,CE,Federal Contract Tower,0,6,35,0,41,0,2,76,0,78,0,8,111,0,119,88,0,88,207
03/28/2010,SGR,TX,ASW,CE,Federal Contract Tower,0,8,38,0,46,0,0,70,0,70,0,8,108,0,116,4,0,4,120
03/29/2010,SGR,TX,ASW,CE,Federal Contract Tower,0,12,47,0,59,0,1,74,0,75,0,13,121,0,134,50,0,50,184
03/30/2010,SGR,TX,ASW,CE,Federal Contract Tower,0,6,44,2,52,0,1,81,0,82,0,7,125,2,134,52,0,52,186
03/31/2010,SGR,TX,ASW,CE,Federal Contract Tower,0,6,58,0,64,0,2,86,0,88,0,8,144,0,152,54,0,54,206
04/01/2010,SGR,TX,ASW,CE,Federal Contract Tower,0,8,83,0,91,0,3,100,0,103,0,11,183,0,194,124,0,124,318
04/02/2010,SGR,TX,ASW,CE,Federal Contract Tower,0,10,43,0,53,0,0,27,0,27,0,10,70,0,80,34,0,34,114
04/03/2010,SGR,TX,ASW,CE,Federal Contract Tower,0,5,31,0,36,0,0,113,0,113,0,5,144,0,149,178,0,178,327
04/04/2010,SGR,TX,ASW,CE,Federal Contract Tower,0,12,38,0,50,0,2,28,0,30,0,14,66,0,80,8,0,8,88
04/05/2010,SGR,TX,ASW,CE,Federal Contract Tower,0,8,98,0,106,0,6,40,0,46,0,14,138,0,152,82,0,82,234
04/06/2010,SGR,TX,ASW,CE,Federal Contract Tower,0,4,65,0,69,0,1,44,0,45,0,5,109,0,114,66,0,66,180
04/07/2010,SGR,TX,ASW,CE,Federal Contract Tower,0,7,67,3,77,0,1,41,0,42,0,8,108,3,119,80,0,80,199
04/08/2010,SGR,TX,ASW,CE,Federal Contract Tower,0,9,78,0,87,0,1,84,0,85,0,10,162,0,172,40,0,40,212
04/09/2010,SGR,TX,ASW,CE,Federal Contract Tower,0,9,43,0,52,0,2,102,0,104,0,11,145,0,156,58,0,58,214
04/10/2010,SGR,TX,ASW,CE,Federal Contract Tower,0,6,33,0,39,0,0,52,0,52,0,6,85,0,91,50,0,50,141
04/11/2010,SGR,TX,ASW,CE,Federal Contract Tower,0,10,66,0,76,0,88,0,0,88,0,98,66,0,164,40,0,40,204
04/12/2010,SGR,TX,ASW,CE,Federal Contract Tower,0,13,46,0,59,0,2,58,0,60,0,15,104,0,119,48,0,48,167
04/13/2010,SGR,TX,ASW,CE,Federal Contract Tower,0,12,56,0,68,0,4,60,0,64,0,16,116,0,132,38,0,38,170
04/14/2010,SGR,TX,ASW,CE,Federal Contract Tower,0,13,78,0,91,0,1,28,0,29,0,14,106,0,120,56,0,56,176
04/15/2010,SGR,TX,ASW,CE,Federal Contract Tower,0,29,56,0,85,0,2,13,0,15,0,31,69,0,100,14,0,14,114
04/16/2010,SGR,TX,ASW,CE,Federal Contract Tower,0,4,66,0,70,0,44,0,0,44,0,48,66,0,114,74,0,74,188
04/17/2010,SGR,TX,ASW,CE,Federal Contract Tower,0,5,45,0,50,0,0,55,0,55,0,5,100,0,105,80,0,80,185
04/18/2010,SGR,TX,ASW,CE,Federal Contract Tower,0,15,29,0,44,0,2,21,0,23,0,17,50,0,67,32,0,32,99
04/19/2010,SGR,TX,ASW,CE,Federal Contract Tower,0,13,62,2,77,0,0,14,0,14,0,13,76,2,91,4,4,8,99
04/20/2010,SGR,TX,ASW,CE,Federal Contract Tower,0,8,68,0,76,0,1,89,0,90,0,9,157,0,166,122,0,122,288
04/21/2010,SGR,TX,ASW,CE,Federal Contract Tower,0,16,61,2,79,0,2,74,0,76,0,18,135,2,155,94,0,94,249
04/22/2010,SGR,TX,ASW,CE,Federal Contract Tower,0,15,83,2,100,0,1,47,0,48,0,16,130,2,148,40,0,40,188
04/23/2010,SGR,TX,ASW,CE,Federal Contract Tower,0,21,70,0,91,0,0,30,0,30,0,21,100,0,121,42,0,42,163
04/24/2010,SGR,TX,ASW,CE,Federal Contract Tower,0,10,51,0,61,0,76,0,0,76,0,86,51,0,137,28,0,28,165
04/25/2010,SGR,TX,ASW,CE,Federal Contract Tower,0,10,45,0,55,0,0,116,0,116,0,10,161,0,171,56,0,56,227
04/26/2010,SGR,TX,ASW,CE,Federal Contract Tower,0,6,40,0,46,0,1,72,0,73,0,7,112,0,119,46,0,46,165
04/27/2010,SGR,TX,ASW,CE,Federal Contract Tower,0,3,72,0,75,0,2,93,0,95,0,5,165,0,170,146,0,146,316
04/28/2010,SGR,TX,ASW,CE,Federal Contract Tower,0,5,86,0,91,0,2,74,0,76,0,7,160,0,167,132,0,132,299
04/29/2010,SGR,TX,ASW,CE,Federal Contract Tower,0,13,66,0,79,0,4,77,0,81,0,17,143,0,160,62,0,62,222
04/30/2010,SGR,TX,ASW,CE,Federal Contract Tower,0,9,71,0,80,0,0,18,0,18,0,9,89,0,98,46,0,46,144
05/01/2010,SGR,TX,ASW,CE,Federal Contract Tower,0,10,38,0,48,0,0,56,0,56,0,10,94,0,104,130,0,130,234
05/02/2010,SGR,TX,ASW,CE,Federal Contract Tower,0,9,88,0,97,0,0,81,0,81,0,9,169,0,178,70,0,70,248
05/03/2010,SGR,TX,ASW,CE,Federal Contract Tower,0,11,86,0,97,0,2,81,0,83,0,13,167,0,180,78,0,78,258
05/04/2010,SGR,TX,ASW,CE,Federal Contract Tower,0,11,87,0,98,0,4,97,0,101,0,15,184,0,199,108,0,108,307
05/05/2010,SGR,TX,ASW,CE,Federal Contract Tower,0,11,94,0,105,0,2,69,0,71,0,13,163,0,176,102,0,102,278
05/06/2010,SGR,TX,ASW,CE,Federal Contract Tower,0,19,104,0,123,0,1,77,0,78,0,20,181,0,201,102,0,102,303
05/07/2010,SGR,TX,ASW,CE,Federal Contract Tower,0,22,74,0,96,0,1,82,4,87,0,23,156,4,183,44,0,44,227
05/08/2010,SGR,TX,ASW,CE,Federal Contract Tower,0,3,58,0,61,0,0,69,0,69,0,3,127,0,130,82,0,82,212
05/09/2010,SGR,TX,ASW,CE,Federal Contract Tower,0,17,59,0,76,0,6,44,0,50,0,23,103,0,126,44,0,44,170
05/10/2010,SGR,TX,ASW,CE,Federal Contract Tower,0,6,41,0,47,0,1,38,0,39,0,7,79,0,86,30,0,30,116
05/11/2010,SGR,TX,ASW,CE,Federal Contract Tower,0,7,84,0,91,0,4,46,0,50,0,11,130,0,141,52,0,52,193
05/12/2010,SGR,TX,ASW,CE,Federal Contract Tower,0,16,74,0,90,0,2,48,0,50,0,18,122,0,140,16,0,16,156
05/13/2010,SGR,TX,ASW,CE,Federal Contract Tower,0,17,68,0,85,0,4,22,0,26,0,21,90,0,111,70,0,70,181
05/14/2010,SGR,TX,ASW,CE,Federal Contract Tower,0,9,73,0,82,0,0,32,0,32,0,9,105,0,114,60,0,60,174
05/15/2010,SGR,TX,ASW,CE,Federal Contract Tower,0,7,23,0,30,0,0,23,0,23,0,7,46,0,53,56,0,56,109
05/16/2010,SGR,TX,ASW,CE,Federal Contract Tower,0,10,39,0,49,0,0,51,0,51,0,10,90,0,100,122,0,122,222
05/17/2010,SGR,TX,ASW,CE,Federal Contract Tower,0,9,54,0,63,0,1,46,0,47,0,10,100,0,110,70,0,70,180
05/18/2010,SGR,TX,ASW,CE,Federal Contract Tower,0,14,105,0,119,0,3,61,0,64,0,17,166,0,183,126,0,126,309
05/19/2010,SGR,TX,ASW,CE,Federal Contract Tower,0,6,78,0,84,0,1,90,0,91,0,7,168,0,175,122,0,122,297
05/20/2010,SGR,TX,ASW,CE,Federal Contract Tower,0,15,92,0,107,0,1,0,0,1,0,16,92,0,108,0,0,0,108
05/21/2010,SGR,TX,ASW,CE,Federal Contract Tower,0,13,76,0,89,0,0,82,0,82,0,13,158,0,171,108,0,108,279
05/22/2010,SGR,TX,ASW,CE,Federal Contract Tower,0,8,59,0,67,0,0,104,0,104,0,8,163,0,171,78,0,78,249
05/23/2010,SGR,TX,ASW,CE,Federal Contract Tower,0,15,67,0,82,0,0,64,0,64,0,15,131,0,146,50,0,50,196
05/24/2010,SGR,TX,ASW,CE,Federal Contract Tower,0,10,57,0,67,0,0,62,0,62,0,10,119,0,129,64,0,64,193
05/25/2010,SGR,TX,ASW,CE,Federal Contract Tower,0,12,85,0,97,0,2,79,0,81,0,14,164,0,178,104,0,104,282
05/26/2010,SGR,TX,ASW,CE,Federal Contract Tower,0,12,62,0,74,0,2,94,0,96,0,14,156,0,170,80,0,80,250
05/27/2010,SGR,TX,ASW,CE,Federal Contract Tower,0,20,60,0,80,0,1,79,0,80,0,21,139,0,160,80,0,80,240
05/28/2010,SGR,TX,ASW,CE,Federal Contract Tower,0,13,60,0,73,0,1,73,0,74,0,14,133,0,147,78,0,78,225
05/29/2010,SGR,TX,ASW,CE,Federal Contract Tower,0,6,34,0,40,0,0,76,0,76,0,6,110,0,116,56,0,56,172
05/30/2010,SGR,TX,ASW,CE,Federal Contract Tower,0,8,20,0,28,0,0,65,0,65,0,8,85,0,93,56,0,56,149
05/31/2010,SGR,TX,ASW,CE,Federal Contract Tower,0,10,52,0,62,0,0,82,0,82,0,10,134,0,144,72,0,72,216
06/01/2010,SGR,TX,ASW,CE,Federal Contract Tower,0,9,56,0,65,0,2,80,0,82,0,11,136,0,147,96,0,96,243
06/02/2010,SGR,TX,ASW,CE,Federal Contract Tower,0,14,57,0,71,0,1,41,0,42,0,15,98,0,113,92,0,92,205
06/03/2010,SGR,TX,ASW,CE,Federal Contract Tower,0,16,77,0,93,0,2,30,0,32,0,18,107,0,125,82,0,82,207
06/04/2010,SGR,TX,ASW,CE,Federal Contract Tower,0,5,71,0,76,0,0,95,0,95,0,5,166,0,171,122,0,122,293
06/05/2010,SGR,TX,ASW,CE,Federal Contract Tower,0,3,63,2,68,0,0,74,0,74,0,3,137,2,142,68,0,68,210
06/06/2010,SGR,TX,ASW,CE,Federal Contract Tower,0,11,51,0,62,0,0,60,0,60,0,11,111,0,122,56,0,56,178
06/07/2010,SGR,TX,ASW,CE,Federal Contract Tower,0,10,54,0,64,0,3,31,0,34,0,13,85,0,98,84,0,84,182
06/08/2010,SGR,TX,ASW,CE,Federal Contract Tower,0,15,65,0,80,0,4,37,0,41,0,19,102,0,121,76,0,76,197
06/09/2010,SGR,TX,ASW,CE,Federal Contract Tower,0,7,55,0,62,0,0,86,0,86,0,7,141,0,148,106,0,106,254
06/10/2010,SGR,TX,ASW,CE,Federal Contract Tower,0,14,102,0,116,0,2,65,0,67,0,16,167,0,183,46,0,46,229
06/11/2010,SGR,TX,ASW,CE,Federal Contract Tower,0,11,38,0,49,0,0,78,0,78,0,11,116,0,127,102,0,102,229
06/12/2010,SGR,TX,ASW,CE,Federal Contract Tower,0,2,31,0,33,0,0,56,0,56,0,2,87,0,89,0,44,44,133
06/13/2010,SGR,TX,ASW,CE,Federal Contract Tower,0,7,39,0,46,0,0,50,0,50,0,7,89,0,96,88,0,88,184
06/14/2010,SGR,TX,ASW,CE,Federal Contract Tower,0,10,53,2,65,0,0,46,0,46,0,10,99,2,111,72,0,72,183
06/15/2010,SGR,TX,ASW,CE,Federal Contract Tower,0,9,62,0,71,0,3,68,0,71,0,12,130,0,142,58,0,58,200
06/16/2010,SGR,TX,ASW,CE,Federal Contract Tower,0,10,56,0,66,0,3,93,0,96,0,13,149,0,162,104,2,106,268
06/17/2010,SGR,TX,ASW,CE,Federal Contract Tower,0,19,34,0,53,0,0,74,0,74,0,19,108,0,127,118,0,118,245
06/18/2010,SGR,TX,ASW,CE,Federal Contract Tower,0,12,60,0,72,0,2,66,0,68,0,14,126,0,140,80,0,80,220
06/19/2010,SGR,TX,ASW,CE,Federal Contract Tower,0,7,30,0,37,0,0,61,0,61,0,7,91,0,98,82,0,82,180
06/20/2010,SGR,TX,ASW,CE,Federal Contract Tower,0,7,37,0,44,0,0,65,0,65,0,7,102,0,109,92,0,92,201
06/21/2010,SGR,TX,ASW,CE,Federal Contract Tower,0,11,47,2,60,0,0,66,0,66,0,11,113,2,126,70,0,70,196
06/22/2010,SGR,TX,ASW,CE,Federal Contract Tower,0,17,60,4,81,0,6,74,0,80,0,23,134,4,161,58,0,58,219
06/23/2010,SGR,TX,ASW,CE,Federal Contract Tower,0,16,61,0,77,0,1,53,0,54,0,17,114,0,131,28,0,28,159
06/24/2010,SGR,TX,ASW,CE,Federal Contract Tower,0,14,88,1,103,0,2,65,0,67,0,16,153,1,170,60,0,60,230
06/25/2010,SGR,TX,ASW,CE,Federal Contract Tower,0,21,69,0,90,0,0,63,0,63,0,21,132,0,153,76,0,76,229
06/26/2010,SGR,TX,ASW,CE,Federal Contract Tower,0,10,35,0,45,0,0,75,0,75,0,10,110,0,120,62,0,62,182
06/27/2010,SGR,TX,ASW,CE,Federal Contract Tower,0,13,42,0,55,0,0,88,0,88,0,13,130,0,143,102,0,102,245
06/28/2010,SGR,TX,ASW,CE,Federal Contract Tower,0,10,49,0,59,0,1,39,0,40,0,11,88,0,99,130,0,130,229
06/29/2010,SGR,TX,ASW,CE,Federal Contract Tower,0,11,59,0,70,0,0,55,0,55,0,11,114,0,125,36,0,36,161
06/30/2010,SGR,TX,ASW,CE,Federal Contract Tower,0,10,46,0,56,0,0,42,0,42,0,10,88,0,98,94,0,94,192
07/01/2010,SGR,TX,ASW,CE,Federal Contract Tower,0,10,67,0,77,0,0,0,0,0,0,10,67,0,77,0,0,0,77
07/02/2010,SGR,TX,ASW,CE,Federal Contract Tower,0,22,31,0,53,0,0,1,0,1,0,22,32,0,54,0,0,0,54
07/03/2010,SGR,TX,ASW,CE,Federal Contract Tower,0,4,44,0,48,0,0,28,0,28,0,4,72,0,76,60,0,60,136
07/04/2010,SGR,TX,ASW,CE,Federal Contract Tower,0,8,10,0,18,0,0,45,2,47,0,8,55,2,65,44,2,46,111
07/05/2010,SGR,TX,ASW,CE,Federal Contract Tower,0,9,39,2,50,0,0,87,0,87,0,9,126,2,137,118,0,118,255
07/06/2010,SGR,TX,ASW,CE,Federal Contract Tower,0,14,51,2,67,0,0,65,0,65,0,14,116,2,132,58,0,58,190
07/07/2010,SGR,TX,ASW,CE,Federal Contract Tower,0,13,64,0,77,0,1,21,1,23,0,14,85,1,100,84,0,84,184
07/08/2010,SGR,TX,ASW,CE,Federal Contract Tower,0,16,41,0,57,0,13,1,0,14,0,29,42,0,71,32,0,32,103
07/09/2010,SGR,TX,ASW,CE,Federal Contract Tower,0,4,24,0,28,0,0,33,0,33,0,4,57,0,61,40,0,40,101
07/10/2010,SGR,TX,ASW,CE,Federal Contract Tower,0,7,50,0,57,0,0,85,0,85,0,7,135,0,142,172,0,172,314
07/11/2010,SGR,TX,ASW,CE,Federal Contract Tower,0,10,51,0,61,0,0,77,0,77,0,10,128,0,138,116,0,116,254
07/12/2010,SGR,TX,ASW,CE,Federal Contract Tower,0,20,57,0,77,0,0,53,0,53,0,20,110,0,130,68,0,68,198
07/13/2010,SGR,TX,ASW,CE,Federal Contract Tower,0,10,58,2,70,0,0,64,0,64,0,10,122,2,134,112,0,112,246
07/14/2010,SGR,TX,ASW,CE,Federal Contract Tower,0,18,69,4,91,0,0,91,2,93,0,18,160,6,184,116,0,116,300
07/15/2010,SGR,TX,ASW,CE,Federal Contract Tower,0,18,68,0,86,0,1,76,0,77,0,19,144,0,163,84,0,84,247
07/16/2010,SGR,TX,ASW,CE,Federal Contract Tower,0,14,72,0,86,0,0,78,0,78,0,14,150,0,164,78,0,78,242
07/17/2010,SGR,TX,ASW,CE,Federal Contract Tower,0,7,35,0,42,0,0,83,0,83,0,7,118,0,125,120,0,120,245
07/18/2010,SGR,TX,ASW,CE,Federal Contract Tower,0,7,45,0,52,0,1,42,0,43,0,8,87,0,95,52,0,52,147
07/19/2010,SGR,TX,ASW,CE,Federal Contract Tower,0,10,54,0,64,0,0,16,0,16,0,10,70,0,80,18,0,18,98
07/20/2010,SGR,TX,ASW,CE,Federal Contract Tower,0,11,56,0,67,0,2,41,0,43,0,13,97,0,110,66,0,66,176
07/21/2010,SGR,TX,ASW,CE,Federal Contract Tower,0,21,63,0,84,0,0,47,0,47,0,21,110,0,131,76,0,76,207
07/22/2010,SGR,TX,ASW,CE,Federal Contract Tower,0,20,74,1,95,0,1,60,0,61,0,21,134,1,156,186,0,186,342
07/23/2010,SGR,TX,ASW,CE,Federal Contract Tower,0,22,70,1,93,0,0,56,0,56,0,22,126,1,149,88,0,88,237
07/24/2010,SGR,TX,ASW,CE,Federal Contract Tower,0,4,35,0,39,0,0,79,0,79,0,4,114,0,118,152,0,152,270
07/25/2010,SGR,TX,ASW,CE,Federal Contract Tower,0,14,40,0,54,0,0,63,0,63,0,14,103,0,117,34,0,34,151
07/26/2010,SGR,TX,ASW,CE,Federal Contract Tower,0,5,41,0,46,0,0,19,0,19,0,5,60,0,65,20,0,20,85
07/27/2010,SGR,TX,ASW,CE,Federal Contract Tower,0,15,73,0,88,0,0,23,0,23,0,15,96,0,111,64,0,64,175
07/28/2010,SGR,TX,ASW,CE,Federal Contract Tower,0,19,56,0,75,0,0,46,0,46,0,19,102,0,121,86,0,86,207
07/29/2010,SGR,TX,ASW,CE,Federal Contract Tower,0,16,85,0,101,0,0,64,0,64,0,16,149,0,165,68,0,68,233
07/30/2010,SGR,TX,ASW,CE,Federal Contract Tower,0,8,68,0,76,0,0,56,0,56,0,8,124,0,132,68,0,68,200
07/31/2010,SGR,TX,ASW,CE,Federal Contract Tower,0,8,42,0,50,0,0,54,0,54,0,8,96,0,104,50,0,50,154
08/01/2010,SGR,TX,ASW,CE,Federal Contract Tower,0,11,52,0,63,0,1,72,0,73,0,12,124,0,136,66,0,66,202
08/02/2010,SGR,TX,ASW,CE,Federal Contract Tower,0,6,38,1,45,0,1,97,1,99,0,7,135,2,144,58,0,58,202
08/03/2010,SGR,TX,ASW,CE,Federal Contract Tower,0,13,68,0,81,0,0,80,2,82,0,13,148,2,163,54,0,54,217
08/04/2010,SGR,TX,ASW,CE,Federal Contract Tower,0,11,66,0,77,0,0,62,0,62,0,11,128,0,139,86,0,86,225
08/05/2010,SGR,TX,ASW,CE,Federal Contract Tower,0,13,65,0,78,0,0,68,0,68,0,13,133,0,146,38,0,38,184
08/06/2010,SGR,TX,ASW,CE,Federal Contract Tower,0,9,48,0,57,0,0,58,0,58,0,9,106,0,115,34,0,34,149
08/07/2010,SGR,TX,ASW,CE,Federal Contract Tower,0,8,34,0,42,0,0,77,0,77,0,8,111,0,119,104,0,104,223
08/08/2010,SGR,TX,ASW,CE,Federal Contract Tower,0,11,60,0,71,0,0,56,0,56,0,11,116,0,127,82,0,82,209
08/09/2010,SGR,TX,ASW,CE,Federal Contract Tower,0,11,29,0,40,0,1,52,0,53,0,12,81,0,93,54,0,54,147
08/10/2010,SGR,TX,ASW,CE,Federal Contract Tower,0,18,62,0,80,0,0,79,0,79,0,18,141,0,159,114,0,114,273
08/11/2010,SGR,TX,ASW,CE,Federal Contract Tower,0,15,82,0,97,0,0,79,0,79,0,15,161,0,176,84,0,84,260
08/12/2010,SGR,TX,ASW,CE,Federal Contract Tower,0,16,60,2,78,0,0,47,0,47,0,16,107,2,125,90,8,98,223
08/13/2010,SGR,TX,ASW,CE,Federal Contract Tower,0,13,51,0,64,0,1,74,0,75,0,14,125,0,139,38,0,38,177
08/14/2010,SGR,TX,ASW,CE,Federal Contract Tower,0,12,48,0,60,0,0,95,0,95,0,12,143,0,155,138,0,138,293
08/15/2010,SGR,TX,ASW,CE,Federal Contract Tower,0,10,53,0,63,0,0,73,0,73,0,10,126,0,136,70,0,70,206
08/16/2010,SGR,TX,ASW,CE,Federal Contract Tower,0,6,59,0,65,0,0,36,0,36,0,6,95,0,101,54,0,54,155
08/17/2010,SGR,TX,ASW,CE,Federal Contract Tower,0,13,52,0,65,0,0,44,0,44,0,13,96,0,109,38,0,38,147
08/18/2010,SGR,TX,ASW,CE,Federal Contract Tower,0,10,82,0,92,0,0,68,0,68,0,10,150,0,160,112,0,112,272
08/19/2010,SGR,TX,ASW,CE,Federal Contract Tower,0,8,85,0,93,0,0,78,0,78,0,8,163,0,171,66,0,66,237
08/20/2010,SGR,TX,ASW,CE,Federal Contract Tower,0,8,63,0,71,0,0,82,0,82,0,8,145,0,153,72,0,72,225
08/21/2010,SGR,TX,ASW,CE,Federal Contract Tower,0,4,40,0,44,0,0,78,0,78,0,4,118,0,122,60,0,60,182
08/22/2010,SGR,TX,ASW,CE,Federal Contract Tower,0,9,54,0,63,0,0,73,0,73,0,9,127,0,136,30,0,30,166
08/23/2010,SGR,TX,ASW,CE,Federal Contract Tower,0,6,46,0,52,0,1,53,0,54,0,7,99,0,106,24,0,24,130
08/24/2010,SGR,TX,ASW,CE,Federal Contract Tower,0,13,75,0,88,0,1,55,0,56,0,14,130,0,144,40,0,40,184
08/25/2010,SGR,TX,ASW,CE,Federal Contract Tower,0,14,79,0,93,0,0,78,0,78,0,14,157,0,171,78,0,78,249
08/26/2010,SGR,TX,ASW,CE,Federal Contract Tower,0,6,84,0,90,0,0,58,0,58,0,6,142,0,148,100,0,100,248
08/27/2010,SGR,TX,ASW,CE,Federal Contract Tower,0,2,58,0,60,0,0,69,0,69,0,2,127,0,129,78,0,78,207
08/28/2010,SGR,TX,ASW,CE,Federal Contract Tower,0,3,61,0,64,0,0,80,0,80,0,3,141,0,144,106,0,106,250
08/29/2010,SGR,TX,ASW,CE,Federal Contract Tower,0,9,47,0,56,0,0,53,0,53,0,9,100,0,109,44,0,44,153
08/30/2010,SGR,TX,ASW,CE,Federal Contract Tower,0,7,48,0,55,0,0,32,0,32,0,7,80,0,87,28,0,28,115
08/31/2010,SGR,TX,ASW,CE,Federal Contract Tower,0,9,72,2,83,0,0,45,0,45,0,9,117,2,128,70,0,70,198
09/01/2010,SGR,TX,ASW,CE,Federal Contract Tower,0,17,71,0,88,0,0,40,0,40,0,17,111,0,128,60,0,60,188
09/02/2010,SGR,TX,ASW,CE,Federal Contract Tower,0,12,81,0,93,0,1,54,0,55,0,13,135,0,148,28,0,28,176
09/03/2010,SGR,TX,ASW,CE,Federal Contract Tower,0,13,66,0,79,0,0,49,0,49,0,13,115,0,128,48,0,48,176
09/04/2010,SGR,TX,ASW,CE,Federal Contract Tower,0,2,29,0,31,0,0,61,0,61,0,2,90,0,92,62,0,62,154
09/05/2010,SGR,TX,ASW,CE,Federal Contract Tower,0,3,37,0,40,0,0,61,0,61,0,3,98,0,101,76,0,76,177
09/06/2010,SGR,TX,ASW,CE,Federal Contract Tower,0,11,49,0,60,0,0,38,0,38,0,11,87,0,98,26,0,26,124
09/07/2010,SGR,TX,ASW,CE,Federal Contract Tower,0,19,26,0,45,0,0,0,0,0,0,19,26,0,45,0,0,0,45
09/08/2010,SGR,TX,ASW,CE,Federal Contract Tower,0,5,62,0,67,0,0,34,0,34,0,5,96,0,101,60,0,60,161
09/09/2010,SGR,TX,ASW,CE,Federal Contract Tower,0,6,78,0,84,0,0,41,0,41,0,6,119,0,125,88,0,88,213
09/10/2010,SGR,TX,ASW,CE,Federal Contract Tower,0,15,61,0,76,0,2,73,0,75,0,17,134,0,151,60,0,60,211
09/11/2010,SGR,TX,ASW,CE,Federal Contract Tower,0,4,39,0,43,0,0,56,0,56,0,4,95,0,99,66,0,66,165
09/12/2010,SGR,TX,ASW,CE,Federal Contract Tower,0,10,71,0,81,0,0,64,0,64,0,10,135,0,145,76,0,76,221
09/13/2010,SGR,TX,ASW,CE,Federal Contract Tower,0,13,60,0,73,0,0,47,0,47,0,13,107,0,120,22,0,22,142
09/14/2010,SGR,TX,ASW,CE,Federal Contract Tower,0,8,72,0,80,0,7,42,0,49,0,15,114,0,129,40,0,40,169
09/15/2010,SGR,TX,ASW,CE,Federal Contract Tower,0,7,56,0,63,0,0,77,0,77,0,7,133,0,140,42,0,42,182
09/16/2010,SGR,TX,ASW,CE,Federal Contract Tower,0,21,71,0,92,0,0,38,0,38,0,21,109,0,130,0,0,0,130
09/17/2010,SGR,TX,ASW,CE,Federal Contract Tower,0,20,51,0,71,0,0,75,0,75,0,20,126,0,146,48,0,48,194
09/18/2010,SGR,TX,ASW,CE,Federal Contract Tower,0,4,22,0,26,0,0,21,0,21,0,4,43,0,47,44,0,44,91
09/19/2010,SGR,TX,ASW,CE,Federal Contract Tower,0,18,59,0,77,0,0,44,0,44,0,18,103,0,121,34,0,34,155
09/20/2010,SGR,TX,ASW,CE,Federal Contract Tower,0,8,47,0,55,0,0,31,0,31,0,8,78,0,86,32,0,32,118
09/21/2010,SGR,TX,ASW,CE,Federal Contract Tower,0,12,90,0,102,0,0,45,0,45,0,12,135,0,147,68,0,68,215
09/22/2010,SGR,TX,ASW,CE,Federal Contract Tower,0,15,68,0,83,0,0,41,0,41,0,15,109,0,124,32,0,32,156
09/23/2010,SGR,TX,ASW,CE,Federal Contract Tower,0,13,97,0,110,0,0,42,0,42,0,13,139,0,152,44,0,44,196
09/24/2010,SGR,TX,ASW,CE,Federal Contract Tower,0,11,55,0,66,0,0,56,0,56,0,11,111,0,122,44,0,44,166
09/25/2010,SGR,TX,ASW,CE,Federal Contract Tower,0,7,42,0,49,0,0,70,0,70,0,7,112,0,119,90,0,90,209
09/26/2010,SGR,TX,ASW,CE,Federal Contract Tower,0,8,48,0,56,0,0,65,0,65,0,8,113,0,121,48,0,48,169
09/27/2010,SGR,TX,ASW,CE,Federal Contract Tower,0,8,58,0,66,0,0,66,0,66,0,8,124,0,132,30,0,30,162
09/28/2010,SGR,TX,ASW,CE,Federal Contract Tower,0,3,65,0,68,0,0,71,0,71,0,3,136,0,139,68,0,68,207
09/29/2010,SGR,TX,ASW,CE,Federal Contract Tower,0,13,68,2,83,0,0,75,0,75,0,13,143,2,158,66,0,66,224
09/30/2010,SGR,TX,ASW,CE,Federal Contract Tower,0,9,60,0,69,0,2,89,0,91,0,11,149,0,160,116,0,116,276
10/01/2010,SGR,TX,ASW,CE,Federal Contract Tower,0,5,74,0,79,0,0,90,0,90,0,5,164,0,169,72,0,72,241
10/02/2010,SGR,TX,ASW,CE,Federal Contract Tower,0,8,74,0,82,0,0,99,0,99,0,8,173,0,181,138,2,140,321
10/03/2010,SGR,TX,ASW,CE,Federal Contract Tower,0,18,44,0,62,0,1,92,0,93,0,19,136,0,155,70,0,70,225
10/04/2010,SGR,TX,ASW,CE,Federal Contract Tower,0,9,47,0,56,0,0,65,0,65,0,9,112,0,121,32,0,32,153
10/05/2010,SGR,TX,ASW,CE,Federal Contract Tower,0,18,65,0,83,0,4,77,0,81,0,22,142,0,164,120,0,120,284
10/06/2010,SGR,TX,ASW,CE,Federal Contract Tower,0,14,73,0,87,0,2,62,0,64,0,16,135,0,151,54,0,54,205
10/07/2010,SGR,TX,ASW,CE,Federal Contract Tower,0,15,63,0,78,0,0,57,0,57,0,15,120,0,135,112,0,112,247
10/08/2010,SGR,TX,ASW,CE,Federal Contract Tower,0,11,50,0,61,0,0,68,0,68,0,11,118,0,129,94,0,94,223
10/09/2010,SGR,TX,ASW,CE,Federal Contract Tower,0,3,31,0,34,0,0,65,0,65,0,3,96,0,99,72,0,72,171
10/10/2010,SGR,TX,ASW,CE,Federal Contract Tower,0,10,36,0,46,0,0,64,0,64,0,10,100,0,110,60,0,60,170
10/11/2010,SGR,TX,ASW,CE,Federal Contract Tower,0,11,44,0,55,0,1,65,0,66,0,12,109,0,121,78,0,78,199
10/12/2010,SGR,TX,ASW,CE,Federal Contract Tower,0,17,55,0,72,0,1,63,0,64,0,18,118,0,136,40,0,40,176
10/13/2010,SGR,TX,ASW,CE,Federal Contract Tower,0,7,73,0,80,0,2,48,0,50,0,9,121,0,130,54,0,54,184
10/14/2010,SGR,TX,ASW,CE,Federal Contract Tower,0,14,64,0,78,0,1,78,0,79,0,15,142,0,157,36,0,36,193
10/15/2010,SGR,TX,ASW,CE,Federal Contract Tower,0,14,54,0,68,0,0,76,0,76,0,14,130,0,144,56,0,56,200
10/16/2010,SGR,TX,ASW,CE,Federal Contract Tower,0,5,38,0,43,0,0,66,0,66,0,5,104,0,109,62,0,62,171
10/17/2010,SGR,TX,ASW,CE,Federal Contract Tower,0,21,46,0,67,0,0,89,0,89,0,21,135,0,156,88,0,88,244
10/18/2010,SGR,TX,ASW,CE,Federal Contract Tower,0,12,70,0,82,0,0,51,0,51,0,12,121,0,133,60,0,60,193
10/19/2010,SGR,TX,ASW,CE,Federal Contract Tower,0,20,39,0,59,0,2,54,0,56,0,22,93,0,115,70,0,70,185
10/20/2010,SGR,TX,ASW,CE,Federal Contract Tower,0,16,68,0,84,0,0,78,0,78,0,16,146,0,162,58,0,58,220
10/21/2010,SGR,TX,ASW,CE,Federal Contract Tower,0,10,49,0,59,0,2,54,2,58,0,12,103,2,117,46,0,46,163
10/22/2010,SGR,TX,ASW,CE,Federal Contract Tower,0,15,61,0,76,0,0,83,0,83,0,15,144,0,159,92,0,92,251
10/23/2010,SGR,TX,ASW,CE,Federal Contract Tower,0,6,33,0,39,0,0,47,0,47,0,6,80,0,86,66,0,66,152
10/24/2010,SGR,TX,ASW,CE,Federal Contract Tower,0,7,41,0,48,0,0,51,0,51,0,7,92,0,99,28,0,28,127
10/25/2010,SGR,TX,ASW,CE,Federal Contract Tower,0,10,64,0,74,0,1,33,0,34,0,11,97,0,108,6,8,14,122
10/26/2010,SGR,TX,ASW,CE,Federal Contract Tower,0,14,77,0,91,0,1,49,0,50,0,15,126,0,141,60,0,60,201
10/27/2010,SGR,TX,ASW,CE,Federal Contract Tower,0,16,79,0,95,0,0,61,0,61,0,16,140,0,156,34,0,34,190
10/28/2010,SGR,TX,ASW,CE,Federal Contract Tower,0,14,70,0,84,0,1,70,0,71,0,15,140,0,155,8,0,8,163
10/29/2010,SGR,TX,ASW,CE,Federal Contract Tower,0,12,63,0,75,0,0,87,0,87,0,12,150,0,162,64,0,64,226
10/30/2010,SGR,TX,ASW,CE,Federal Contract Tower,0,3,51,0,54,0,0,89,0,89,0,3,140,0,143,84,0,84,227
10/31/2010,SGR,TX,ASW,CE,Federal Contract Tower,0,7,60,0,67,0,0,68,0,68,0,7,128,0,135,48,0,48,183
11/01/2010,SGR,TX,ASW,CE,Federal Contract Tower,0,14,46,4,64,0,0,21,0,21,0,14,67,4,85,18,0,18,103
11/02/2010,SGR,TX,ASW,CE,Federal Contract Tower,0,9,59,0,68,0,0,22,1,23,0,9,81,1,91,16,0,16,107
11/03/2010,SGR,TX,ASW,CE,Federal Contract Tower,0,17,103,0,120,0,0,2,0,2,0,17,105,0,122,0,0,0,122
11/04/2010,SGR,TX,ASW,CE,Federal Contract Tower,0,11,52,0,63,0,0,38,0,38,0,11,90,0,101,30,0,30,131
11/05/2010,SGR,TX,ASW,CE,Federal Contract Tower,0,8,66,0,74,0,0,73,0,73,0,8,139,0,147,32,0,32,179
11/06/2010,SGR,TX,ASW,CE,Federal Contract Tower,0,4,53,0,57,0,0,68,0,68,0,4,121,0,125,120,0,120,245
11/07/2010,SGR,TX,ASW,CE,Federal Contract Tower,0,5,50,0,55,0,0,85,0,85,0,5,135,0,140,46,0,46,186
11/08/2010,SGR,TX,ASW,CE,Federal Contract Tower,0,10,51,0,61,0,0,63,0,63,0,10,114,0,124,76,0,76,200
11/09/2010,SGR,TX,ASW,CE,Federal Contract Tower,0,15,69,0,84,0,1,54,0,55,0,16,123,0,139,68,0,68,207
11/10/2010,SGR,TX,ASW,CE,Federal Contract Tower,0,20,62,0,82,0,0,67,0,67,0,20,129,0,149,108,0,108,257
11/11/2010,SGR,TX,ASW,CE,Federal Contract Tower,0,8,75,0,83,0,0,43,0,43,0,8,118,0,126,72,0,72,198
11/12/2010,SGR,TX,ASW,CE,Federal Contract Tower,0,20,78,0,98,0,0,47,0,47,0,20,125,0,145,76,0,76,221
11/13/2010,SGR,TX,ASW,CE,Federal Contract Tower,0,4,32,0,36,0,0,54,0,54,0,4,86,0,90,64,0,64,154
11/14/2010,SGR,TX,ASW,CE,Federal Contract Tower,0,4,71,0,75,0,0,51,0,51,0,4,122,0,126,28,0,28,154
11/15/2010,SGR,TX,ASW,CE,Federal Contract Tower,0,5,61,0,66,0,0,3,0,3,0,5,64,0,69,0,0,0,69
11/16/2010,SGR,TX,ASW,CE,Federal Contract Tower,0,15,70,0,85,0,1,50,0,51,0,16,120,0,136,70,0,70,206
11/17/2010,SGR,TX,ASW,CE,Federal Contract Tower,0,20,86,0,106,0,0,76,0,76,0,20,162,0,182,112,0,112,294
11/18/2010,SGR,TX,ASW,CE,Federal Contract Tower,0,12,76,0,88,0,0,59,0,59,0,12,135,0,147,58,0,58,205
11/19/2010,SGR,TX,ASW,CE,Federal Contract Tower,0,11,63,0,74,0,0,110,0,110,0,11,173,0,184,0,90,90,274
11/20/2010,SGR,TX,ASW,CE,Federal Contract Tower,0,3,51,0,54,0,0,30,0,30,0,3,81,0,84,22,0,22,106
11/21/2010,SGR,TX,ASW,CE,Federal Contract Tower,0,6,60,0,66,0,0,69,0,69,0,6,129,0,135,82,0,82,217
11/22/2010,SGR,TX,ASW,CE,Federal Contract Tower,0,10,38,0,48,0,0,35,0,35,0,10,73,0,83,66,0,66,149
11/23/2010,SGR,TX,ASW,CE,Federal Contract Tower,0,13,71,0,84,0,1,45,0,46,0,14,116,0,130,54,0,54,184
11/24/2010,SGR,TX,ASW,CE,Federal Contract Tower,0,12,75,0,87,0,0,30,0,30,0,12,105,0,117,0,58,58,175
11/25/2010,SGR,TX,ASW,CE,Federal Contract Tower,0,6,18,0,24,0,0,6,0,6,0,6,24,0,30,4,0,4,34
11/26/2010,SGR,TX,ASW,CE,Federal Contract Tower,0,13,38,4,55,0,0,47,0,47,0,13,85,4,102,56,0,56,158
11/27/2010,SGR,TX,ASW,CE,Federal Contract Tower,0,13,25,0,38,0,0,72,0,72,0,13,97,0,110,44,0,44,154
11/28/2010,SGR,TX,ASW,CE,Federal Contract Tower,0,16,65,0,81,0,0,57,0,57,0,16,122,0,138,46,0,46,184
11/29/2010,SGR,TX,ASW,CE,Federal Contract Tower,0,7,38,0,45,0,0,26,0,26,0,7,64,0,71,24,0,24,95
11/30/2010,SGR,TX,ASW,CE,Federal Contract Tower,0,12,83,0,95,0,0,44,0,44,0,12,127,0,139,8,0,8,147
12/01/2010,SGR,TX,ASW,CE,Federal Contract Tower,0,12,73,0,85,0,0,63,0,63,0,12,136,0,148,66,0,66,214
12/02/2010,SGR,TX,ASW,CE,Federal Contract Tower,0,7,57,0,64,0,0,61,0,61,0,7,118,0,125,26,0,26,151
12/03/2010,SGR,TX,ASW,CE,Federal Contract Tower,0,11,66,0,77,0,0,82,2,84,0,11,148,2,161,92,2,94,255
12/04/2010,SGR,TX,ASW,CE,Federal Contract Tower,0,6,27,0,33,0,0,85,0,85,0,6,112,0,118,42,0,42,160
12/05/2010,SGR,TX,ASW,CE,Federal Contract Tower,0,9,50,0,59,0,0,50,0,50,0,9,100,0,109,42,0,42,151
12/06/2010,SGR,TX,ASW,CE,Federal Contract Tower,0,18,34,0,52,0,0,59,0,59,0,18,93,0,111,50,0,50,161
12/07/2010,SGR,TX,ASW,CE,Federal Contract Tower,0,17,62,0,79,0,2,67,0,69,0,19,129,0,148,82,0,82,230
12/08/2010,SGR,TX,ASW,CE,Federal Contract Tower,0,14,83,0,97,0,0,51,0,51,0,14,134,0,148,126,0,126,274
12/09/2010,SGR,TX,ASW,CE,Federal Contract Tower,0,12,58,0,70,0,0,81,0,81,0,12,139,0,151,34,2,36,187
12/10/2010,SGR,TX,ASW,CE,Federal Contract Tower,0,16,49,0,65,0,0,102,0,102,0,16,151,0,167,128,0,128,295
12/11/2010,SGR,TX,ASW,CE,Federal Contract Tower,0,1,20,0,21,0,0,61,0,61,0,1,81,0,82,10,0,10,92
12/12/2010,SGR,TX,ASW,CE,Federal Contract Tower,0,7,47,4,58,0,0,56,0,56,0,7,103,4,114,22,0,22,136
12/13/2010,SGR,TX,ASW,CE,Federal Contract Tower,0,9,50,0,59,0,0,66,0,66,0,9,116,0,125,80,0,80,205
12/14/2010,SGR,TX,ASW,CE,Federal Contract Tower,0,7,62,0,69,0,1,72,0,73,0,8,134,0,142,90,0,90,232
12/15/2010,SGR,TX,ASW,CE,Federal Contract Tower,0,11,62,0,73,0,0,53,0,53,0,11,115,0,126,46,0,46,172
12/16/2010,SGR,TX,ASW,CE,Federal Contract Tower,0,11,78,0,89,0,2,57,0,59,0,13,135,0,148,56,0,56,204
12/17/2010,SGR,TX,ASW,CE,Federal Contract Tower,0,13,104,0,117,0,0,57,0,57,0,13,161,0,174,74,0,74,248
12/18/2010,SGR,TX,ASW,CE,Federal Contract Tower,0,9,50,0,59,0,0,78,0,78,0,9,128,0,137,68,0,68,205
12/19/2010,SGR,TX,ASW,CE,Federal Contract Tower,0,9,55,0,64,0,0,71,0,71,0,9,126,0,135,78,0,78,213
12/20/2010,SGR,TX,ASW,CE,Federal Contract Tower,0,6,71,0,77,0,1,44,0,45,0,7,115,0,122,100,0,100,222
12/21/2010,SGR,TX,ASW,CE,Federal Contract Tower,0,17,62,0,79,0,0,53,0,53,0,17,115,0,132,82,0,82,214
12/22/2010,SGR,TX,ASW,CE,Federal Contract Tower,0,9,83,0,92,0,0,44,0,44,0,9,127,0,136,70,0,70,206
12/23/2010,SGR,TX,ASW,CE,Federal Contract Tower,0,10,58,0,68,0,0,61,0,61,0,10,119,0,129,120,0,120,249
12/24/2010,SGR,TX,ASW,CE,Federal Contract Tower,0,8,26,0,34,0,2,30,0,32,0,10,56,0,66,50,0,50,116
12/25/2010,SGR,TX,ASW,CE,Federal Contract Tower,0,7,13,0,20,0,0,7,0,7,0,7,20,0,27,0,0,0,27
12/26/2010,SGR,TX,ASW,CE,Federal Contract Tower,0,11,39,0,50,0,0,75,0,75,0,11,114,0,125,54,0,54,179
12/27/2010,SGR,TX,ASW,CE,Federal Contract Tower,0,12,51,0,63,0,0,68,0,68,0,12,119,0,131,24,0,24,155
12/28/2010,SGR,TX,ASW,CE,Federal Contract Tower,0,17,51,0,68,0,0,41,0,41,0,17,92,0,109,76,0,76,185
12/29/2010,SGR,TX,ASW,CE,Federal Contract Tower,0,16,38,0,54,0,0,5,0,5,0,16,43,0,59,0,0,0,59
12/30/2010,SGR,TX,ASW,CE,Federal Contract Tower,0,15,62,0,77,0,2,27,0,29,0,17,89,0,106,50,0,50,156
12/31/2010,SGR,TX,ASW,CE,Federal Contract Tower,0,4,62,0,66,0,0,14,0,14,0,4,76,0,80,60,0,60,140
01/01/2011,SGR,TX,ASW,CE,Federal Contract Tower,0,2,12,0,14,0,0,55,0,55,0,2,67,0,69,22,0,22,91
01/02/2011,SGR,TX,ASW,CE,Federal Contract Tower,0,15,63,0,78,0,0,74,0,74,0,15,137,0,152,88,0,88,240
01/03/2011,SGR,TX,ASW,CE,Federal Contract Tower,0,27,66,0,93,0,1,69,0,70,0,28,135,0,163,66,0,66,229
01/04/2011,SGR,TX,ASW,CE,Federal Contract Tower,0,10,58,0,68,0,0,4,0,4,0,10,62,0,72,0,0,0,72
01/05/2011,SGR,TX,ASW,CE,Federal Contract Tower,0,12,66,0,78,0,0,55,0,55,0,12,121,0,133,0,74,74,207
01/06/2011,SGR,TX,ASW,CE,Federal Contract Tower,0,9,79,0,88,0,0,106,0,106,0,9,185,0,194,104,0,104,298
01/07/2011,SGR,TX,ASW,CE,Federal Contract Tower,0,14,65,0,79,0,2,107,0,109,0,16,172,0,188,150,0,150,338
01/08/2011,SGR,TX,ASW,CE,Federal Contract Tower,0,7,50,0,57,0,1,101,0,102,0,8,151,0,159,128,0,128,287
01/09/2011,SGR,TX,ASW,CE,Federal Contract Tower,0,7,40,0,47,0,0,1,0,1,0,7,41,0,48,0,0,0,48
01/10/2011,SGR,TX,ASW,CE,Federal Contract Tower,0,8,52,0,60,0,0,5,0,5,0,8,57,0,65,0,0,0,65
01/11/2011,SGR,TX,ASW,CE,Federal Contract Tower,0,8,60,0,68,0,0,59,0,59,0,8,119,0,127,36,0,36,163
01/12/2011,SGR,TX,ASW,CE,Federal Contract Tower,0,10,56,0,66,0,0,59,0,59,0,10,115,0,125,50,0,50,175
01/13/2011,SGR,TX,ASW,CE,Federal Contract Tower,0,9,72,0,81,0,0,69,0,69,0,9,141,0,150,54,0,54,204
01/14/2011,SGR,TX,ASW,CE,Federal Contract Tower,0,12,70,0,82,0,4,61,1,66,0,16,131,1,148,56,0,56,204
01/15/2011,SGR,TX,ASW,CE,Federal Contract Tower,0,4,45,0,49,0,0,45,0,45,0,4,90,0,94,72,0,72,166
01/16/2011,SGR,TX,ASW,CE,Federal Contract Tower,0,5,34,0,39,0,0,4,0,4,0,5,38,0,43,14,0,14,57
01/17/2011,SGR,TX,ASW,CE,Federal Contract Tower,0,8,54,0,62,0,0,21,0,21,0,8,75,0,83,20,0,20,103
01/18/2011,SGR,TX,ASW,CE,Federal Contract Tower,0,21,74,6,101,0,0,16,0,16,0,21,90,6,117,26,0,26,143
01/19/2011,SGR,TX,ASW,CE,Federal Contract Tower,0,22,90,0,112,0,0,71,0,71,0,22,161,0,183,68,0,68,251
01/20/2011,SGR,TX,ASW,CE,Federal Contract Tower,0,9,82,0,91,0,0,2,0,2,0,9,84,0,93,4,0,4,97
01/21/2011,SGR,TX,ASW,CE,Federal Contract Tower,0,10,55,0,65,0,0,81,0,81,0,10,136,0,146,120,0,120,266
01/22/2011,SGR,TX,ASW,CE,Federal Contract Tower,0,1,48,0,49,0,0,114,0,114,0,1,162,0,163,110,0,110,273
01/23/2011,SGR,TX,ASW,CE,Federal Contract Tower,0,12,64,0,76,0,0,66,0,66,0,12,130,0,142,122,0,122,264
01/24/2011,SGR,TX,ASW,CE,Federal Contract Tower,0,14,43,0,57,0,0,0,0,0,0,14,43,0,57,0,0,0,57
01/25/2011,SGR,TX,ASW,CE,Federal Contract Tower,0,6,59,0,65,0,0,69,0,69,0,6,128,0,134,122,0,122,256
01/26/2011,SGR,TX,ASW,CE,Federal Contract Tower,0,6,53,0,59,0,0,100,0,100,0,6,153,0,159,74,0,74,233
01/27/2011,SGR,TX,ASW,CE,Federal Contract Tower,0,5,58,0,63,0,0,95,0,95,0,5,153,0,158,74,0,74,232
01/28/2011,SGR,TX,ASW,CE,Federal Contract Tower,0,13,60,0,73,0,0,87,0,87,0,13,147,0,160,114,0,114,274
01/29/2011,SGR,TX,ASW,CE,Federal Contract Tower,0,5,53,0,58,0,0,115,0,115,0,5,168,0,173,66,0,66,239
01/30/2011,SGR,TX,ASW,CE,Federal Contract Tower,0,8,54,0,62,0,0,28,0,28,0,8,82,0,90,18,0,18,108
01/31/2011,SGR,TX,ASW,CE,Federal Contract Tower,0,10,57,0,67,0,0,10,0,10,0,10,67,0,77,28,0,28,105
02/01/2011,SGR,TX,ASW,CE,Federal Contract Tower,0,12,33,0,45,0,0,11,0,11,0,12,44,0,56,4,0,4,60
02/02/2011,SGR,TX,ASW,CE,Federal Contract Tower,0,10,61,0,71,0,0,41,0,41,0,10,102,0,112,24,0,24,136
02/03/2011,SGR,TX,ASW,CE,Federal Contract Tower,0,16,64,0,80,0,0,27,0,27,0,16,91,0,107,40,0,40,147
02/04/2011,SGR,TX,ASW,CE,Federal Contract Tower,0,9,21,0,30,0,0,8,0,8,0,9,29,0,38,0,0,0,38
02/05/2011,SGR,TX,ASW,CE,Federal Contract Tower,0,8,37,0,45,0,0,66,0,66,0,8,103,0,111,78,0,78,189
02/06/2011,SGR,TX,ASW,CE,Federal Contract Tower,0,10,38,0,48,0,0,55,0,55,0,10,93,0,103,34,0,34,137
02/07/2011,SGR,TX,ASW,CE,Federal Contract Tower,0,13,40,0,53,0,0,52,0,52,0,13,92,0,105,26,0,26,131
02/08/2011,SGR,TX,ASW,CE,Federal Contract Tower,0,7,65,0,72,0,1,51,0,52,0,8,116,0,124,66,0,66,190
02/09/2011,SGR,TX,ASW,CE,Federal Contract Tower,0,8,31,0,39,0,0,1,0,1,0,8,32,0,40,0,0,0,40
02/10/2011,SGR,TX,ASW,CE,Federal Contract Tower,0,14,85,0,99,0,0,71,0,71,0,14,156,0,170,68,0,68,238
02/11/2011,SGR,TX,ASW,CE,Federal Contract Tower,0,25,77,0,102,0,0,74,0,74,0,25,151,0,176,88,0,88,264
02/12/2011,SGR,TX,ASW,CE,Federal Contract Tower,0,0,41,0,41,0,0,69,0,69,0,0,110,0,110,148,0,148,258
02/13/2011,SGR,TX,ASW,CE,Federal Contract Tower,0,16,70,0,86,0,0,107,0,107,0,16,177,0,193,108,0,108,301
02/14/2011,SGR,TX,ASW,CE,Federal Contract Tower,0,6,39,0,45,0,0,56,1,57,0,6,95,1,102,36,2,38,140
02/15/2011,SGR,TX,ASW,CE,Federal Contract Tower,0,8,80,0,88,0,0,57,0,57,0,8,137,0,145,40,0,40,185
02/16/2011,SGR,TX,ASW,CE,Federal Contract Tower,0,12,103,0,115,0,1,61,0,62,0,13,164,0,177,96,0,96,273
02/17/2011,SGR,TX,ASW,CE,Federal Contract Tower,0,13,89,0,102,0,0,49,0,49,0,13,138,0,151,36,0,36,187
02/18/2011,SGR,TX,ASW,CE,Federal Contract Tower,0,13,108,0,121,0,1,74,0,75,0,14,182,0,196,36,0,36,232
02/19/2011,SGR,TX,ASW,CE,Federal Contract Tower,0,6,43,0,49,0,0,27,0,27,0,6,70,0,76,48,0,48,124
02/20/2011,SGR,TX,ASW,CE,Federal Contract Tower,0,5,69,0,74,0,0,47,0,47,0,5,116,0,121,20,0,20,141
02/21/2011,SGR,TX,ASW,CE,Federal Contract Tower,0,11,51,0,62,0,0,73,0,73,0,11,124,0,135,30,0,30,165
02/22/2011,SGR,TX,ASW,CE,Federal Contract Tower,0,17,78,0,95,0,0,25,0,25,0,17,103,0,120,30,0,30,150
02/23/2011,SGR,TX,ASW,CE,Federal Contract Tower,0,13,68,0,81,0,0,51,0,51,0,13,119,0,132,64,0,64,196
02/24/2011,SGR,TX,ASW,CE,Federal Contract Tower,0,10,67,0,77,0,0,29,0,29,0,10,96,0,106,28,0,28,134
02/25/2011,SGR,TX,ASW,CE,Federal Contract Tower,0,13,68,0,81,0,0,109,0,109,0,13,177,0,190,108,0,108,298
02/26/2011,SGR,TX,ASW,CE,Federal Contract Tower,0,3,32,0,35,0,0,24,0,24,0,3,56,0,59,88,0,88,147
02/27/2011,SGR,TX,ASW,CE,Federal Contract Tower,0,13,58,0,71,0,2,48,0,50,0,15,106,0,121,64,0,64,185
02/28/2011,SGR,TX,ASW,CE,Federal Contract Tower,0,5,68,0,73,0,0,56,0,56,0,5,124,0,129,18,0,18,147
03/01/2011,SGR,TX,ASW,CE,Federal Contract Tower,0,10,69,0,79,0,0,74,0,74,0,10,143,0,153,48,0,48,201
03/02/2011,SGR,TX,ASW,CE,Federal Contract Tower,0,18,60,0,78,0,0,62,0,62,0,18,122,0,140,88,0,88,228
03/03/2011,SGR,TX,ASW,CE,Federal Contract Tower,0,11,79,0,90,0,1,61,0,62,0,12,140,0,152,78,0,78,230
03/04/2011,SGR,TX,ASW,CE,Federal Contract Tower,0,8,76,0,84,0,0,33,0,33,0,8,109,0,117,70,0,70,187
03/05/2011,SGR,TX,ASW,CE,Federal Contract Tower,0,4,20,0,24,0,0,15,0,15,0,4,35,0,39,22,0,22,61
03/06/2011,SGR,TX,ASW,CE,Federal Contract Tower,0,8,44,0,52,0,0,77,0,77,0,8,121,0,129,50,0,50,179
03/07/2011,SGR,TX,ASW,CE,Federal Contract Tower,0,10,77,0,87,0,0,42,0,42,0,10,119,0,129,40,0,40,169
03/08/2011,SGR,TX,ASW,CE,Federal Contract Tower,0,10,65,0,75,0,11,0,0,11,0,21,65,0,86,62,0,62,148
03/09/2011,SGR,TX,ASW,CE,Federal Contract Tower,0,15,66,0,81,0,0,47,0,47,0,15,113,0,128,46,0,46,174
03/10/2011,SGR,TX,ASW,CE,Federal Contract Tower,0,20,77,2,99,0,0,111,2,113,0,20,188,4,212,100,0,100,312
03/11/2011,SGR,TX,ASW,CE,Federal Contract Tower,0,19,60,0,79,0,3,84,0,87,0,22,144,0,166,88,0,88,254
03/12/2011,SGR,TX,ASW,CE,Federal Contract Tower,0,20,51,0,71,0,0,73,0,73,0,20,124,0,144,96,0,96,240
03/13/2011,SGR,TX,ASW,CE,Federal Contract Tower,0,7,63,0,70,0,0,54,0,54,0,7,117,0,124,64,0,64,188
03/14/2011,SGR,TX,ASW,CE,Federal Contract Tower,0,12,33,0,45,0,0,11,0,11,0,12,44,0,56,36,4,40,96
03/15/2011,SGR,TX,ASW,CE,Federal Contract Tower,0,9,68,0,77,0,1,54,0,55,0,10,122,0,132,76,0,76,208
03/16/2011,SGR,TX,ASW,CE,Federal Contract Tower,0,18,73,0,91,0,0,32,0,32,0,18,105,0,123,62,0,62,185
03/17/2011,SGR,TX,ASW,CE,Federal Contract Tower,0,20,68,0,88,0,2,53,0,55,0,22,121,0,143,68,68,136,279
03/18/2011,SGR,TX,ASW,CE,Federal Contract Tower,0,10,57,0,67,0,0,60,0,60,0,10,117,0,127,26,0,26,153
03/19/2011,SGR,TX,ASW,CE,Federal Contract Tower,0,10,35,0,45,0,2,53,0,55,0,12,88,0,100,28,0,28,128
03/20/2011,SGR,TX,ASW,CE,Federal Contract Tower,0,21,63,2,86,0,0,53,0,53,0,21,116,2,139,24,0,24,163
03/21/2011,SGR,TX,ASW,CE,Federal Contract Tower,0,18,73,0,91,0,0,23,0,23,0,18,96,0,114,18,0,18,132
03/22/2011,SGR,TX,ASW,CE,Federal Contract Tower,0,5,57,0,62,0,0,29,0,29,0,5,86,0,91,30,0,30,121
03/23/2011,SGR,TX,ASW,CE,Federal Contract Tower,0,13,49,0,62,0,0,59,0,59,0,13,108,0,121,88,0,88,209
03/24/2011,SGR,TX,ASW,CE,Federal Contract Tower,0,21,86,0,107,0,1,87,0,88,0,22,173,0,195,88,0,88,283
03/25/2011,SGR,TX,ASW,CE,Federal Contract Tower,0,9,70,0,79,0,0,63,0,63,0,9,133,0,142,102,0,102,244
03/26/2011,SGR,TX,ASW,CE,Federal Contract Tower,0,3,29,0,32,0,0,66,0,66,0,3,95,0,98,0,112,112,210
03/27/2011,SGR,TX,ASW,CE,Federal Contract Tower,0,4,57,0,61,0,0,66,0,66,0,4,123,0,127,144,0,144,271
03/28/2011,SGR,TX,ASW,CE,Federal Contract Tower,0,9,54,0,63,0,15,0,0,15,0,24,54,0,78,20,0,20,98
03/29/2011,SGR,TX,ASW,CE,Federal Contract Tower,0,6,74,0,80,0,0,14,0,14,0,6,88,0,94,42,0,42,136
03/30/2011,SGR,TX,ASW,CE,Federal Contract Tower,0,17,85,0,102,0,0,26,0,26,0,17,111,0,128,0,0,0,128
03/31/2011,SGR,TX,ASW,CE,Federal Contract Tower,0,6,58,0,64,0,0,76,0,76,0,6,134,0,140,0,78,78,218
04/01/2011,SGR,TX,ASW,CE,Federal Contract Tower,0,6,71,0,77,0,1,62,0,63,0,7,133,0,140,66,0,66,206
04/02/2011,SGR,TX,ASW,CE,Federal Contract Tower,0,14,41,0,55,0,1,41,0,42,0,15,82,0,97,120,0,120,217
04/03/2011,SGR,TX,ASW,CE,Federal Contract Tower,0,16,73,0,89,0,41,0,0,41,0,57,73,0,130,106,0,106,236
04/04/2011,SGR,TX,ASW,CE,Federal Contract Tower,0,14,46,0,60,0,23,0,0,23,0,37,46,0,83,20,0,20,103
04/05/2011,SGR,TX,ASW,CE,Federal Contract Tower,0,20,76,0,96,0,1,108,0,109,0,21,184,0,205,80,0,80,285
04/06/2011,SGR,TX,ASW,CE,Federal Contract Tower,0,12,49,0,61,0,1,60,0,61,0,13,109,0,122,40,0,40,162
04/07/2011,SGR,TX,ASW,CE,Federal Contract Tower,0,11,79,0,90,0,0,49,0,49,0,11,128,0,139,12,0,12,151
04/08/2011,SGR,TX,ASW,CE,Federal Contract Tower,0,11,57,3,71,0,0,53,0,53,0,11,110,3,124,42,0,42,166
04/09/2011,SGR,TX,ASW,CE,Federal Contract Tower,0,5,27,0,32,0,2,63,0,65,0,7,90,0,97,100,0,100,197
04/10/2011,SGR,TX,ASW,CE,Federal Contract Tower,0,16,45,0,61,0,0,46,0,46,0,16,91,0,107,28,0,28,135
04/11/2011,SGR,TX,ASW,CE,Federal Contract Tower,0,14,53,4,71,0,0,42,0,42,0,14,95,4,113,18,0,18,131
04/12/2011,SGR,TX,ASW,CE,Federal Contract Tower,0,16,46,4,66,0,2,60,0,62,0,18,106,4,128,14,0,14,142
04/13/2011,SGR,TX,ASW,CE,Federal Contract Tower,0,22,86,0,108,0,0,85,0,85,0,22,171,0,193,34,0,34,227
04/14/2011,SGR,TX,ASW,CE,Federal Contract Tower,0,19,77,0,96,0,0,27,0,27,0,19,104,0,123,32,0,32,155
04/15/2011,SGR,TX,ASW,CE,Federal Contract Tower,0,15,59,0,74,0,2,53,0,55,0,17,112,0,129,32,0,32,161
04/16/2011,SGR,TX,ASW,CE,Federal Contract Tower,0,6,44,0,50,0,0,86,0,86,0,6,130,0,136,114,0,114,250
04/17/2011,SGR,TX,ASW,CE,Federal Contract Tower,0,12,48,0,60,0,0,102,0,102,0,12,150,0,162,62,0,62,224
04/18/2011,SGR,TX,ASW,CE,Federal Contract Tower,0,14,61,0,75,0,0,43,0,43,0,14,104,0,118,26,0,26,144
04/19/2011,SGR,TX,ASW,CE,Federal Contract Tower,0,10,71,0,81,0,1,46,0,47,0,11,117,0,128,14,0,14,142
04/20/2011,SGR,TX,ASW,CE,Federal Contract Tower,0,21,92,0,113,0,0,55,0,55,0,21,147,0,168,48,0,48,216
04/21/2011,SGR,TX,ASW,CE,Federal Contract Tower,0,22,73,0,95,0,0,86,0,86,0,22,159,0,181,76,0,76,257
04/22/2011,SGR,TX,ASW,CE,Federal Contract Tower,0,6,42,0,48,0,0,55,0,55,0,6,97,0,103,60,0,60,163
04/23/2011,SGR,TX,ASW,CE,Federal Contract Tower,0,6,16,0,22,0,2,47,0,49,0,8,63,0,71,50,0,50,121
04/24/2011,SGR,TX,ASW,CE,Federal Contract Tower,0,11,24,0,35,0,0,23,0,23,0,11,47,0,58,16,0,16,74
04/25/2011,SGR,TX,ASW,CE,Federal Contract Tower,0,11,42,0,53,0,0,41,0,41,0,11,83,0,94,42,0,42,136
04/26/2011,SGR,TX,ASW,CE,Federal Contract Tower,0,19,70,0,89,0,0,27,0,27,0,19,97,0,116,28,0,28,144
04/27/2011,SGR,TX,ASW,CE,Federal Contract Tower,0,9,66,0,75,0,0,61,0,61,0,9,127,0,136,56,0,56,192
04/28/2011,SGR,TX,ASW,CE,Federal Contract Tower,0,13,74,0,87,0,0,100,0,100,0,13,174,0,187,104,0,104,291
04/29/2011,SGR,TX,ASW,CE,Federal Contract Tower,0,18,41,0,59,0,0,64,0,64,0,18,105,0,123,32,0,32,155
04/30/2011,SGR,TX,ASW,CE,Federal Contract Tower,0,5,40,0,45,0,0,45,0,45,0,5,85,0,90,118,2,120,210
05/01/2011,SGR,TX,ASW,CE,Federal Contract Tower,0,3,67,0,70,0,0,47,0,47,0,3,114,0,117,58,0,58,175
05/02/2011,SGR,TX,ASW,CE,Federal Contract Tower,0,8,60,0,68,0,0,33,0,33,0,8,93,0,101,34,0,34,135
05/03/2011,SGR,TX,ASW,CE,Federal Contract Tower,0,9,68,0,77,0,1,49,0,50,0,10,117,0,127,22,0,22,149
05/04/2011,SGR,TX,ASW,CE,Federal Contract Tower,0,25,68,0,93,0,0,88,0,88,0,25,156,0,181,62,0,62,243
05/05/2011,SGR,TX,ASW,CE,Federal Contract Tower,0,16,77,2,95,0,1,96,0,97,0,17,173,2,192,130,2,132,324
05/06/2011,SGR,TX,ASW,CE,Federal Contract Tower,0,20,72,0,92,0,0,121,0,121,0,20,193,0,213,46,0,46,259
05/07/2011,SGR,TX,ASW,CE,Federal Contract Tower,0,5,61,0,66,0,0,115,0,115,0,5,176,0,181,140,0,140,321
05/08/2011,SGR,TX,ASW,CE,Federal Contract Tower,0,18,35,0,53,0,0,65,0,65,0,18,100,0,118,50,0,50,168
05/09/2011,SGR,TX,ASW,CE,Federal Contract Tower,0,12,47,0,59,0,0,48,0,48,0,12,95,0,107,40,0,40,147
05/10/2011,SGR,TX,ASW,CE,Federal Contract Tower,0,10,63,0,73,0,1,64,0,65,0,11,127,0,138,30,0,30,168
05/11/2011,SGR,TX,ASW,CE,Federal Contract Tower,0,13,60,0,73,0,4,46,0,50,0,17,106,0,123,66,0,66,189
05/12/2011,SGR,TX,ASW,CE,Federal Contract Tower,0,16,55,0,71,0,0,15,0,15,0,16,70,0,86,30,0,30,116
05/13/2011,SGR,TX,ASW,CE,Federal Contract Tower,0,16,79,0,95,0,0,89,0,89,0,16,168,0,184,52,0,52,236
05/14/2011,SGR,TX,ASW,CE,Federal Contract Tower,0,5,59,0,64,0,2,73,0,75,0,7,132,0,139,74,0,74,213
05/15/2011,SGR,TX,ASW,CE,Federal Contract Tower,0,12,69,0,81,0,0,99,0,99,0,12,168,0,180,48,0,48,228
05/16/2011,SGR,TX,ASW,CE,Federal Contract Tower,0,8,57,0,65,0,1,83,0,84,0,9,140,0,149,48,0,48,197
05/17/2011,SGR,TX,ASW,CE,Federal Contract Tower,0,17,71,0,88,0,0,62,0,62,0,17,133,0,150,76,0,76,226
05/18/2011,SGR,TX,ASW,CE,Federal Contract Tower,0,17,73,0,90,0,0,50,0,50,0,17,123,0,140,36,0,36,176
05/19/2011,SGR,TX,ASW,CE,Federal Contract Tower,0,23,77,2,102,0,1,47,0,48,0,24,124,2,150,36,0,36,186
05/20/2011,SGR,TX,ASW,CE,Federal Contract Tower,0,2,55,0,57,0,0,29,0,29,0,2,84,0,86,24,0,24,110
05/21/2011,SGR,TX,ASW,CE,Federal Contract Tower,0,3,46,0,49,0,0,57,0,57,0,3,103,0,106,98,0,98,204
05/22/2011,SGR,TX,ASW,CE,Federal Contract Tower,0,14,30,0,44,0,0,75,0,75,0,14,105,0,119,74,0,74,193
05/23/2011,SGR,TX,ASW,CE,Federal Contract Tower,0,9,51,0,60,0,0,66,0,66,0,9,117,0,126,74,0,74,200
05/24/2011,SGR,TX,ASW,CE,Federal Contract Tower,0,19,52,0,71,0,1,72,0,73,0,20,124,0,144,56,0,56,200
05/25/2011,SGR,TX,ASW,CE,Federal Contract Tower,0,14,77,0,91,0,1,78,0,79,0,15,155,0,170,126,0,126,296
05/26/2011,SGR,TX,ASW,CE,Federal Contract Tower,0,19,89,0,108,0,0,83,0,83,0,19,172,0,191,80,0,80,271
05/27/2011,SGR,TX,ASW,CE,Federal Contract Tower,0,11,48,0,59,0,0,82,0,82,0,11,130,0,141,60,0,60,201
05/28/2011,SGR,TX,ASW,CE,Federal Contract Tower,0,2,17,0,19,0,0,39,0,39,0,2,56,0,58,78,0,78,136
05/29/2011,SGR,TX,ASW,CE,Federal Contract Tower,0,3,26,0,29,0,0,35,0,35,0,3,61,0,64,30,0,30,94
05/30/2011,SGR,TX,ASW,CE,Federal Contract Tower,0,11,37,0,48,0,0,59,0,59,0,11,96,0,107,48,0,48,155
05/31/2011,SGR,TX,ASW,CE,Federal Contract Tower,0,10,52,0,62,0,0,47,0,47,0,10,99,0,109,22,0,22,131
06/01/2011,SGR,TX,ASW,CE,Federal Contract Tower,0,12,74,0,86,0,1,81,0,82,0,13,155,0,168,82,0,82,250
06/02/2011,SGR,TX,ASW,CE,Federal Contract Tower,0,15,57,0,72,0,0,91,0,91,0,15,148,0,163,52,0,52,215
06/03/2011,SGR,TX,ASW,CE,Federal Contract Tower,0,12,62,0,74,0,1,70,0,71,0,13,132,0,145,80,0,80,225
06/04/2011,SGR,TX,ASW,CE,Federal Contract Tower,0,4,21,0,25,0,105,0,0,105,0,109,21,0,130,178,0,178,308
06/05/2011,SGR,TX,ASW,CE,Federal Contract Tower,0,17,30,0,47,0,0,74,0,74,0,17,104,0,121,84,0,84,205
06/06/2011,SGR,TX,ASW,CE,Federal Contract Tower,0,4,48,0,52,0,0,33,0,33,0,4,81,0,85,58,0,58,143
06/07/2011,SGR,TX,ASW,CE,Federal Contract Tower,0,30,69,0,99,0,1,65,0,66,0,31,134,0,165,78,0,78,243
06/08/2011,SGR,TX,ASW,CE,Federal Contract Tower,0,12,81,0,93,0,0,69,0,69,0,12,150,0,162,72,0,72,234
06/09/2011,SGR,TX,ASW,CE,Federal Contract Tower,0,15,55,4,74,0,0,63,0,63,0,15,118,4,137,48,0,48,185
06/10/2011,SGR,TX,ASW,CE,Federal Contract Tower,0,12,45,0,57,0,2,69,0,71,0,14,114,0,128,68,0,68,196
06/11/2011,SGR,TX,ASW,CE,Federal Contract Tower,0,6,32,0,38,0,3,74,0,77,0,9,106,0,115,44,0,44,159
06/12/2011,SGR,TX,ASW,CE,Federal Contract Tower,0,3,41,0,44,0,1,78,0,79,0,4,119,0,123,78,0,78,201
06/13/2011,SGR,TX,ASW,CE,Federal Contract Tower,0,10,52,0,62,0,2,63,0,65,0,12,115,0,127,56,0,56,183
06/14/2011,SGR,TX,ASW,CE,Federal Contract Tower,0,7,66,0,73,0,1,65,6,72,0,8,131,6,145,20,0,20,165
06/15/2011,SGR,TX,ASW,CE,Federal Contract Tower,0,5,61,2,68,0,1,93,0,94,0,6,154,2,162,118,0,118,280
06/16/2011,SGR,TX,ASW,CE,Federal Contract Tower,0,12,49,0,61,0,0,68,0,68,0,12,117,0,129,108,0,108,237
06/17/2011,SGR,TX,ASW,CE,Federal Contract Tower,0,21,50,0,71,0,0,89,0,89,0,21,139,0,160,94,0,94,254
06/18/2011,SGR,TX,ASW,CE,Federal Contract Tower,0,8,23,0,31,0,76,0,0,76,0,84,23,0,107,92,0,92,199
06/19/2011,SGR,TX,ASW,CE,Federal Contract Tower,0,17,41,0,58,0,0,53,0,53,0,17,94,0,111,62,0,62,173
06/20/2011,SGR,TX,ASW,CE,Federal Contract Tower,0,18,51,0,69,0,1,46,0,47,0,19,97,0,116,36,0,36,152
06/21/2011,SGR,TX,ASW,CE,Federal Contract Tower,0,14,74,0,88,0,0,51,0,51,0,14,125,0,139,70,0,70,209
06/22/2011,SGR,TX,ASW,CE,Federal Contract Tower,0,9,38,0,47,0,0,21,0,21,0,9,59,0,68,32,0,32,100
06/23/2011,SGR,TX,ASW,CE,Federal Contract Tower,0,5,78,0,83,0,0,69,0,69,0,5,147,0,152,78,0,78,230
06/24/2011,SGR,TX,ASW,CE,Federal Contract Tower,0,17,45,0,62,0,0,66,0,66,0,17,111,0,128,46,0,46,174
06/25/2011,SGR,TX,ASW,CE,Federal Contract Tower,0,8,56,0,64,0,0,67,0,67,0,8,123,0,131,132,0,132,263
06/26/2011,SGR,TX,ASW,CE,Federal Contract Tower,0,7,52,0,59,0,0,80,0,80,0,7,132,0,139,120,0,120,259
06/27/2011,SGR,TX,ASW,CE,Federal Contract Tower,0,8,50,0,58,0,0,58,0,58,0,8,108,0,116,88,0,88,204
06/28/2011,SGR,TX,ASW,CE,Federal Contract Tower,0,14,54,0,68,0,0,64,0,64,0,14,118,0,132,34,0,34,166
06/29/2011,SGR,TX,ASW,CE,Federal Contract Tower,0,10,72,0,82,0,4,75,0,79,0,14,147,0,161,94,0,94,255
06/30/2011,SGR,TX,ASW,CE,Federal Contract Tower,0,10,67,0,77,0,0,94,0,94,0,10,161,0,171,106,0,106,277
07/01/2011,SGR,TX,ASW,CE,Federal Contract Tower,0,8,67,0,75,0,0,52,0,52,0,8,119,0,127,28,0,28,155
07/02/2011,SGR,TX,ASW,CE,Federal Contract Tower,0,10,36,0,46,0,0,48,0,48,0,10,84,0,94,62,0,62,156
07/03/2011,SGR,TX,ASW,CE,Federal Contract Tower,0,4,27,0,31,0,0,33,0,33,0,4,60,0,64,60,0,60,124
07/04/2011,SGR,TX,ASW,CE,Federal Contract Tower,0,3,22,0,25,0,0,62,0,62,0,3,84,0,87,108,0,108,195
07/05/2011,SGR,TX,ASW,CE,Federal Contract Tower,0,11,43,2,56,0,0,52,0,52,0,11,95,2,108,122,0,122,230
07/06/2011,SGR,TX,ASW,CE,Federal Contract Tower,0,11,49,0,60,0,1,52,0,53,0,12,101,0,113,46,0,46,159
07/07/2011,SGR,TX,ASW,CE,Federal Contract Tower,0,9,51,0,60,0,0,60,0,60,0,9,111,0,120,78,0,78,198
07/08/2011,SGR,TX,ASW,CE,Federal Contract Tower,0,14,47,3,64,0,0,81,0,81,0,14,128,3,145,70,0,70,215
07/09/2011,SGR,TX,ASW,CE,Federal Contract Tower,0,7,44,0,51,0,1,78,0,79,0,8,122,0,130,70,0,70,200
07/10/2011,SGR,TX,ASW,CE,Federal Contract Tower,0,8,61,0,69,0,0,75,0,75,0,8,136,0,144,64,0,64,208
07/11/2011,SGR,TX,ASW,CE,Federal Contract Tower,0,18,72,0,90,0,1,74,0,75,0,19,146,0,165,70,2,72,237
07/12/2011,SGR,TX,ASW,CE,Federal Contract Tower,0,12,53,0,65,0,0,68,0,68,0,12,121,0,133,106,0,106,239
07/13/2011,SGR,TX,ASW,CE,Federal Contract Tower,0,17,55,0,72,0,0,80,0,80,0,17,135,0,152,56,0,56,208
07/14/2011,SGR,TX,ASW,CE,Federal Contract Tower,0,17,50,0,67,0,2,80,0,82,0,19,130,0,149,112,0,112,261
07/15/2011,SGR,TX,ASW,CE,Federal Contract Tower,0,19,36,0,55,0,1,71,0,72,0,20,107,0,127,98,0,98,225
07/16/2011,SGR,TX,ASW,CE,Federal Contract Tower,0,8,35,0,43,0,38,0,0,38,0,46,35,0,81,82,0,82,163
07/17/2011,SGR,TX,ASW,CE,Federal Contract Tower,0,16,79,0,95,0,0,92,0,92,0,16,171,0,187,100,0,100,287
07/18/2011,SGR,TX,ASW,CE,Federal Contract Tower,0,14,56,2,72,0,0,32,0,32,0,14,88,2,104,20,0,20,124
07/19/2011,SGR,TX,ASW,CE,Federal Contract Tower,0,23,50,0,73,0,39,0,0,39,0,62,50,0,112,12,0,12,124
07/20/2011,SGR,TX,ASW,CE,Federal Contract Tower,0,18,61,0,79,0,0,73,0,73,0,18,134,0,152,48,0,48,200
07/21/2011,SGR,TX,ASW,CE,Federal Contract Tower,0,12,54,0,66,0,0,65,0,65,0,12,119,0,131,122,0,122,253
07/22/2011,SGR,TX,ASW,CE,Federal Contract Tower,0,14,64,0,78,0,0,80,0,80,0,14,144,0,158,112,0,112,270
07/23/2011,SGR,TX,ASW,CE,Federal Contract Tower,0,6,31,0,37,0,0,80,0,80,0,6,111,0,117,170,0,170,287
07/24/2011,SGR,TX,ASW,CE,Federal Contract Tower,0,8,44,0,52,0,0,44,0,44,0,8,88,0,96,44,0,44,140
07/25/2011,SGR,TX,ASW,CE,Federal Contract Tower,0,6,55,0,61,0,0,58,0,58,0,6,113,0,119,104,0,104,223
07/26/2011,SGR,TX,ASW,CE,Federal Contract Tower,0,10,76,0,86,0,0,59,0,59,0,10,135,0,145,150,0,150,295
07/27/2011,SGR,TX,ASW,CE,Federal Contract Tower,0,19,50,0,69,0,2,54,0,56,0,21,104,0,125,64,0,64,189
07/28/2011,SGR,TX,ASW,CE,Federal Contract Tower,0,14,58,0,72,0,0,65,0,65,0,14,123,0,137,36,0,36,173
07/29/2011,SGR,TX,ASW,CE,Federal Contract Tower,0,14,44,0,58,0,1,25,0,26,0,15,69,0,84,22,0,22,106
07/30/2011,SGR,TX,ASW,CE,Federal Contract Tower,0,9,26,0,35,0,0,36,0,36,0,9,62,0,71,96,0,96,167
07/31/2011,SGR,TX,ASW,CE,Federal Contract Tower,0,13,40,0,53,0,0,84,0,84,0,13,124,0,137,190,0,190,327
08/01/2011,SGR,TX,ASW,CE,Federal Contract Tower,0,12,64,0,76,0,0,65,0,65,0,12,129,0,141,76,0,76,217
08/02/2011,SGR,TX,ASW,CE,Federal Contract Tower,0,5,69,0,74,0,0,74,0,74,0,5,143,0,148,62,0,62,210
08/03/2011,SGR,TX,ASW,CE,Federal Contract Tower,0,12,57,0,69,0,0,68,0,68,0,12,125,0,137,106,0,106,243
08/04/2011,SGR,TX,ASW,CE,Federal Contract Tower,0,10,57,0,67,0,0,64,0,64,0,10,121,0,131,90,0,90,221
08/05/2011,SGR,TX,ASW,CE,Federal Contract Tower,0,9,57,0,66,0,0,62,0,62,0,9,119,0,128,38,0,38,166
08/06/2011,SGR,TX,ASW,CE,Federal Contract Tower,0,6,41,0,47,0,1,86,0,87,0,7,127,0,134,72,0,72,206
08/07/2011,SGR,TX,ASW,CE,Federal Contract Tower,0,10,35,0,45,0,0,76,0,76,0,10,111,0,121,92,0,92,213
08/08/2011,SGR,TX,ASW,CE,Federal Contract Tower,0,14,30,0,44,0,0,74,0,74,0,14,104,0,118,72,0,72,190
08/09/2011,SGR,TX,ASW,CE,Federal Contract Tower,0,17,47,0,64,0,1,72,0,73,0,18,119,0,137,78,0,78,215
08/10/2011,SGR,TX,ASW,CE,Federal Contract Tower,0,19,68,0,87,0,0,53,0,53,0,19,121,0,140,68,0,68,208
08/11/2011,SGR,TX,ASW,CE,Federal Contract Tower,0,18,57,0,75,0,0,79,0,79,0,18,136,0,154,76,0,76,230
08/12/2011,SGR,TX,ASW,CE,Federal Contract Tower,0,8,41,6,55,0,1,61,0,62,0,9,102,6,117,90,0,90,207
08/13/2011,SGR,TX,ASW,CE,Federal Contract Tower,0,2,23,0,25,0,0,79,0,79,0,2,102,0,104,108,0,108,212
08/14/2011,SGR,TX,ASW,CE,Federal Contract Tower,0,11,33,1,45,0,0,78,0,78,0,11,111,1,123,56,0,56,179
08/15/2011,SGR,TX,ASW,CE,Federal Contract Tower,0,13,57,0,70,0,0,54,0,54,0,13,111,0,124,56,0,56,180
08/16/2011,SGR,TX,ASW,CE,Federal Contract Tower,0,22,64,0,86,0,0,68,0,68,0,22,132,0,154,24,0,24,178
08/17/2011,SGR,TX,ASW,CE,Federal Contract Tower,0,29,56,0,85,0,0,96,0,96,0,29,152,0,181,88,0,88,269
08/18/2011,SGR,TX,ASW,CE,Federal Contract Tower,0,23,61,0,84,0,1,45,0,46,0,24,106,0,130,16,0,16,146
08/19/2011,SGR,TX,ASW,CE,Federal Contract Tower,0,14,46,0,60,0,2,71,0,73,0,16,117,0,133,36,0,36,169
08/20/2011,SGR,TX,ASW,CE,Federal Contract Tower,0,3,28,0,31,0,70,0,0,70,0,73,28,0,101,86,0,86,187
08/21/2011,SGR,TX,ASW,CE,Federal Contract Tower,0,15,53,0,68,0,0,69,0,69,0,15,122,0,137,96,0,96,233
08/22/2011,SGR,TX,ASW,CE,Federal Contract Tower,0,7,54,0,61,0,0,82,0,82,0,7,136,0,143,64,0,64,207
08/23/2011,SGR,TX,ASW,CE,Federal Contract Tower,0,15,82,0,97,0,1,61,0,62,0,16,143,0,159,34,0,34,193
08/24/2011,SGR,TX,ASW,CE,Federal Contract Tower,0,20,53,2,75,0,0,65,2,67,0,20,118,4,142,26,0,26,168
08/25/2011,SGR,TX,ASW,CE,Federal Contract Tower,0,10,86,0,96,0,0,54,0,54,0,10,140,0,150,82,0,82,232
08/26/2011,SGR,TX,ASW,CE,Federal Contract Tower,0,9,71,0,80,0,0,103,0,103,0,9,174,0,183,106,0,106,289
08/27/2011,SGR,TX,ASW,CE,Federal Contract Tower,0,6,47,4,57,0,0,74,0,74,0,6,121,4,131,94,0,94,225
08/28/2011,SGR,TX,ASW,CE,Federal Contract Tower,0,10,30,0,40,0,0,67,0,67,0,10,97,0,107,98,0,98,205
08/29/2011,SGR,TX,ASW,CE,Federal Contract Tower,0,10,42,0,52,0,0,43,0,43,0,10,85,0,95,106,0,106,201
08/30/2011,SGR,TX,ASW,CE,Federal Contract Tower,0,11,50,0,61,0,0,55,0,55,0,11,105,0,116,64,0,64,180
08/31/2011,SGR,TX,ASW,CE,Federal Contract Tower,0,13,75,0,88,0,0,64,0,64,0,13,139,0,152,46,0,46,198
09/01/2011,SGR,TX,ASW,CE,Federal Contract Tower,0,11,58,0,69,0,2,64,0,66,0,13,122,0,135,64,0,64,199
09/02/2011,SGR,TX,ASW,CE,Federal Contract Tower,0,16,73,0,89,0,0,71,0,71,0,16,144,0,160,90,0,90,250
09/03/2011,SGR,TX,ASW,CE,Federal Contract Tower,0,2,37,0,39,0,0,65,0,65,0,2,102,0,104,86,0,86,190
09/04/2011,SGR,TX,ASW,CE,Federal Contract Tower,0,4,36,0,40,0,0,23,8,31,0,4,59,8,71,20,0,20,91
09/05/2011,SGR,TX,ASW,CE,Federal Contract Tower,0,15,53,0,68,0,4,63,0,67,0,19,116,0,135,10,0,10,145
09/06/2011,SGR,TX,ASW,CE,Federal Contract Tower,0,14,43,0,57,0,2,52,0,54,0,16,95,0,111,56,0,56,167
09/07/2011,SGR,TX,ASW,CE,Federal Contract Tower,0,12,57,0,69,0,0,62,0,62,0,12,119,0,131,46,0,46,177
09/08/2011,SGR,TX,ASW,CE,Federal Contract Tower,0,10,77,0,87,0,0,45,0,45,0,10,122,0,132,36,0,36,168
09/09/2011,SGR,TX,ASW,CE,Federal Contract Tower,0,10,64,0,74,0,0,107,0,107,0,10,171,0,181,124,0,124,305
09/10/2011,SGR,TX,ASW,CE,Federal Contract Tower,0,6,28,0,34,0,0,74,0,74,0,6,102,0,108,138,2,140,248
09/11/2011,SGR,TX,ASW,CE,Federal Contract Tower,0,16,55,0,71,0,0,64,0,64,0,16,119,0,135,46,0,46,181
09/12/2011,SGR,TX,ASW,CE,Federal Contract Tower,0,14,48,0,62,0,0,53,0,53,0,14,101,0,115,82,0,82,197
09/13/2011,SGR,TX,ASW,CE,Federal Contract Tower,0,19,70,0,89,0,2,63,0,65,0,21,133,0,154,22,0,22,176
09/14/2011,SGR,TX,ASW,CE,Federal Contract Tower,0,8,63,0,71,0,2,71,0,73,0,10,134,0,144,108,0,108,252
09/15/2011,SGR,TX,ASW,CE,Federal Contract Tower,0,22,75,0,97,0,0,79,0,79,0,22,154,0,176,52,0,52,228
09/16/2011,SGR,TX,ASW,CE,Federal Contract Tower,0,17,53,0,70,0,0,52,0,52,0,17,105,0,122,70,0,70,192
09/17/2011,SGR,TX,ASW,CE,Federal Contract Tower,0,4,23,0,27,0,0,44,0,44,0,4,67,0,71,78,0,78,149
09/18/2011,SGR,TX,ASW,CE,Federal Contract Tower,0,14,35,0,49,0,0,21,0,21,0,14,56,0,70,38,0,38,108
09/19/2011,SGR,TX,ASW,CE,Federal Contract Tower,0,16,45,0,61,0,0,43,0,43,0,16,88,0,104,34,0,34,138
09/20/2011,SGR,TX,ASW,CE,Federal Contract Tower,0,7,65,0,72,0,2,51,0,53,0,9,116,0,125,28,0,28,153
09/21/2011,SGR,TX,ASW,CE,Federal Contract Tower,0,11,75,1,87,0,3,87,0,90,0,14,162,1,177,82,0,82,259
09/22/2011,SGR,TX,ASW,CE,Federal Contract Tower,0,21,59,0,80,0,0,72,0,72,0,21,131,0,152,144,0,144,296
09/23/2011,SGR,TX,ASW,CE,Federal Contract Tower,0,14,67,0,81,0,0,83,0,83,0,14,150,0,164,38,0,38,202
09/24/2011,SGR,TX,ASW,CE,Federal Contract Tower,0,9,34,0,43,0,0,83,0,83,0,9,117,0,126,112,0,112,238
09/25/2011,SGR,TX,ASW,CE,Federal Contract Tower,0,14,57,0,71,0,0,72,0,72,0,14,129,0,143,70,0,70,213
09/26/2011,SGR,TX,ASW,CE,Federal Contract Tower,0,8,52,0,60,0,0,39,0,39,0,8,91,0,99,14,0,14,113
09/27/2011,SGR,TX,ASW,CE,Federal Contract Tower,0,7,72,0,79,0,2,71,0,73,0,9,143,0,152,74,2,76,228
09/28/2011,SGR,TX,ASW,CE,Federal Contract Tower,0,10,77,0,87,0,0,45,0,45,0,10,122,0,132,74,0,74,206
09/29/2011,SGR,TX,ASW,CE,Federal Contract Tower,0,17,78,0,95,0,0,38,0,38,0,17,116,0,133,52,0,52,185
09/30/2011,SGR,TX,ASW,CE,Federal Contract Tower,0,14,80,0,94,0,0,74,0,74,0,14,154,0,168,104,0,104,272
10/01/2011,SGR,TX,ASW,CE,Federal Contract Tower,0,9,55,0,64,0,0,82,0,82,0,9,137,0,146,106,0,106,252
10/02/2011,SGR,TX,ASW,CE,Federal Contract Tower,0,8,64,0,72,0,0,76,0,76,0,8,140,0,148,140,0,140,288
10/03/2011,SGR,TX,ASW,CE,Federal Contract Tower,0,8,43,0,51,0,0,59,0,59,0,8,102,0,110,42,0,42,152
10/04/2011,SGR,TX,ASW,CE,Federal Contract Tower,0,18,56,0,74,0,0,81,0,81,0,18,137,0,155,60,0,60,215
10/05/2011,SGR,TX,ASW,CE,Federal Contract Tower,0,11,65,0,76,0,0,68,2,70,0,11,133,2,146,64,0,64,210
10/06/2011,SGR,TX,ASW,CE,Federal Contract Tower,0,13,58,0,71,0,0,61,0,61,0,13,119,0,132,70,0,70,202
10/07/2011,SGR,TX,ASW,CE,Federal Contract Tower,0,18,82,0,100,0,2,81,0,83,0,20,163,0,183,44,0,44,227
10/08/2011,SGR,TX,ASW,CE,Federal Contract Tower,0,8,46,0,54,0,0,38,0,38,0,8,84,0,92,56,0,56,148
10/09/2011,SGR,TX,ASW,CE,Federal Contract Tower,0,12,38,0,50,0,1,8,0,9,0,13,46,0,59,12,0,12,71
10/10/2011,SGR,TX,ASW,CE,Federal Contract Tower,0,15,63,0,78,0,1,56,0,57,0,16,119,0,135,54,0,54,189
10/11/2011,SGR,TX,ASW,CE,Federal Contract Tower,0,12,80,0,92,0,2,83,0,85,0,14,163,0,177,88,0,88,265
10/12/2011,SGR,TX,ASW,CE,Federal Contract Tower,0,22,67,0,89,0,1,60,0,61,0,23,127,0,150,104,0,104,254
10/13/2011,SGR,TX,ASW,CE,Federal Contract Tower,0,13,63,0,76,0,0,81,0,81,0,13,144,0,157,44,4,48,205
10/14/2011,SGR,TX,ASW,CE,Federal Contract Tower,0,12,76,0,88,0,2,98,0,100,0,14,174,0,188,118,0,118,306
10/15/2011,SGR,TX,ASW,CE,Federal Contract Tower,0,9,39,0,48,0,0,77,0,77,0,9,116,0,125,118,0,118,243
10/16/2011,SGR,TX,ASW,CE,Federal Contract Tower,0,11,61,0,72,0,0,93,0,93,0,11,154,0,165,82,0,82,247
10/17/2011,SGR,TX,ASW,CE,Federal Contract Tower,0,15,62,0,77,0,0,38,0,38,0,15,100,0,115,34,0,34,149
10/18/2011,SGR,TX,ASW,CE,Federal Contract Tower,0,21,53,0,74,0,25,0,0,25,0,46,53,0,99,14,0,14,113
10/19/2011,SGR,TX,ASW,CE,Federal Contract Tower,0,15,93,0,108,0,1,56,0,57,0,16,149,0,165,50,0,50,215
10/20/2011,SGR,TX,ASW,CE,Federal Contract Tower,0,16,74,0,90,0,1,95,0,96,0,17,169,0,186,124,0,124,310
10/21/2011,SGR,TX,ASW,CE,Federal Contract Tower,0,17,54,0,71,0,1,88,0,89,0,18,142,0,160,48,0,48,208
10/22/2011,SGR,TX,ASW,CE,Federal Contract Tower,0,11,41,0,52,0,0,83,0,83,0,11,124,0,135,136,2,138,273
10/23/2011,SGR,TX,ASW,CE,Federal Contract Tower,0,18,86,0,104,0,0,62,0,62,0,18,148,0,166,62,0,62,228
10/24/2011,SGR,TX,ASW,CE,Federal Contract Tower,0,10,52,0,62,0,0,69,0,69,0,10,121,0,131,68,0,68,199
10/25/2011,SGR,TX,ASW,CE,Federal Contract Tower,0,12,73,0,85,0,1,61,0,62,0,13,134,0,147,44,0,44,191
10/26/2011,SGR,TX,ASW,CE,Federal Contract Tower,0,10,76,0,86,0,2,62,2,66,0,12,138,2,152,40,0,40,192
10/27/2011,SGR,TX,ASW,CE,Federal Contract Tower,0,8,69,0,77,0,2,40,0,42,0,10,109,0,119,24,0,24,143
10/28/2011,SGR,TX,ASW,CE,Federal Contract Tower,0,7,89,0,96,0,0,29,0,29,0,7,118,0,125,20,0,20,145
10/29/2011,SGR,TX,ASW,CE,Federal Contract Tower,0,4,44,0,48,0,0,92,0,92,0,4,136,0,140,122,0,122,262
10/30/2011,SGR,TX,ASW,CE,Federal Contract Tower,0,0,46,0,46,0,4,82,0,86,0,4,128,0,132,34,0,34,166
10/31/2011,SGR,TX,ASW,CE,Federal Contract Tower,0,8,46,0,54,0,3,55,0,58,0,11,101,0,112,32,0,32,144
11/01/2011,SGR,TX,ASW,CE,Federal Contract Tower,0,8,49,0,57,0,5,40,0,45,0,13,89,0,102,20,0,20,122
11/02/2011,SGR,TX,ASW,CE,Federal Contract Tower,0,24,49,0,73,0,1,42,0,43,0,25,91,0,116,10,0,10,126
11/03/2011,SGR,TX,ASW,CE,Federal Contract Tower,0,12,62,0,74,0,0,37,0,37,0,12,99,0,111,8,0,8,119
11/04/2011,SGR,TX,ASW,CE,Federal Contract Tower,0,11,67,0,78,0,3,107,0,110,0,14,174,0,188,54,0,54,242
11/05/2011,SGR,TX,ASW,CE,Federal Contract Tower,0,10,36,0,46,0,0,65,0,65,0,10,101,0,111,74,0,74,185
11/06/2011,SGR,TX,ASW,CE,Federal Contract Tower,0,13,55,0,68,0,0,55,0,55,0,13,110,0,123,68,0,68,191
11/07/2011,SGR,TX,ASW,CE,Federal Contract Tower,0,15,58,0,73,0,0,33,0,33,0,15,91,0,106,44,0,44,150
11/08/2011,SGR,TX,ASW,CE,Federal Contract Tower,0,8,81,0,89,0,0,36,0,36,0,8,117,0,125,20,0,20,145
11/09/2011,SGR,TX,ASW,CE,Federal Contract Tower,0,13,98,0,111,0,2,50,0,52,0,15,148,0,163,58,0,58,221
11/10/2011,SGR,TX,ASW,CE,Federal Contract Tower,0,17,111,0,128,0,1,91,0,92,0,18,202,0,220,102,0,102,322
11/11/2011,SGR,TX,ASW,CE,Federal Contract Tower,0,16,57,2,75,0,0,93,0,93,0,16,150,2,168,116,0,116,284
11/12/2011,SGR,TX,ASW,CE,Federal Contract Tower,0,4,38,0,42,0,0,81,0,81,0,4,119,0,123,124,0,124,247
11/13/2011,SGR,TX,ASW,CE,Federal Contract Tower,0,23,77,0,100,0,0,68,0,68,0,23,145,0,168,86,0,86,254
11/14/2011,SGR,TX,ASW,CE,Federal Contract Tower,0,15,47,0,62,0,0,31,0,31,0,15,78,0,93,36,0,36,129
11/15/2011,SGR,TX,ASW,CE,Federal Contract Tower,0,14,59,0,73,0,0,31,0,31,0,14,90,0,104,62,0,62,166
11/16/2011,SGR,TX,ASW,CE,Federal Contract Tower,0,16,96,0,112,0,0,90,0,90,0,16,186,0,202,102,0,102,304
11/17/2011,SGR,TX,ASW,CE,Federal Contract Tower,0,15,69,0,84,0,0,78,0,78,0,15,147,0,162,90,2,92,254
11/18/2011,SGR,TX,ASW,CE,Federal Contract Tower,0,15,84,0,99,0,0,123,0,123,0,15,207,0,222,46,0,46,268
11/19/2011,SGR,TX,ASW,CE,Federal Contract Tower,0,5,51,0,56,0,0,52,0,52,0,5,103,0,108,64,0,64,172
11/20/2011,SGR,TX,ASW,CE,Federal Contract Tower,0,16,76,1,93,0,0,53,0,53,0,16,129,1,146,98,0,98,244
11/21/2011,SGR,TX,ASW,CE,Federal Contract Tower,0,12,69,0,81,0,0,21,0,21,0,12,90,0,102,38,0,38,140
11/22/2011,SGR,TX,ASW,CE,Federal Contract Tower,0,30,71,0,101,0,0,25,0,25,0,30,96,0,126,24,0,24,150
11/23/2011,SGR,TX,ASW,CE,Federal Contract Tower,0,19,61,0,80,0,0,120,0,120,0,19,181,0,200,86,0,86,286
11/24/2011,SGR,TX,ASW,CE,Federal Contract Tower,0,11,20,0,31,0,0,14,0,14,0,11,34,0,45,8,0,8,53
11/25/2011,SGR,TX,ASW,CE,Federal Contract Tower,0,17,33,0,50,0,0,67,0,67,0,17,100,0,117,52,0,52,169
11/26/2011,SGR,TX,ASW,CE,Federal Contract Tower,0,13,25,0,38,0,2,8,0,10,0,15,33,0,48,44,0,44,92
11/27/2011,SGR,TX,ASW,CE,Federal Contract Tower,0,17,59,0,76,0,1,44,0,45,0,18,103,0,121,30,0,30,151
11/28/2011,SGR,TX,ASW,CE,Federal Contract Tower,0,14,50,0,64,0,1,64,0,65,0,15,114,0,129,44,0,44,173
11/29/2011,SGR,TX,ASW,CE,Federal Contract Tower,0,18,75,0,93,0,2,75,0,77,0,20,150,0,170,54,0,54,224
11/30/2011,SGR,TX,ASW,CE,Federal Contract Tower,0,17,75,0,92,0,2,91,0,93,0,19,166,0,185,94,0,94,279
12/01/2011,SGR,TX,ASW,CE,Federal Contract Tower,0,15,79,0,94,0,1,59,0,60,0,16,138,0,154,76,0,76,230
12/02/2011,SGR,TX,ASW,CE,Federal Contract Tower,0,17,75,0,92,0,3,43,0,46,0,20,118,0,138,38,0,38,176
12/03/2011,SGR,TX,ASW,CE,Federal Contract Tower,0,2,32,0,34,0,0,38,0,38,0,2,70,0,72,78,0,78,150
12/04/2011,SGR,TX,ASW,CE,Federal Contract Tower,0,10,47,0,57,0,4,0,0,4,0,14,47,0,61,14,0,14,75
12/05/2011,SGR,TX,ASW,CE,Federal Contract Tower,0,11,43,0,54,0,1,1,0,2,0,12,44,0,56,8,0,8,64
12/06/2011,SGR,TX,ASW,CE,Federal Contract Tower,0,13,69,0,82,0,0,20,0,20,0,13,89,0,102,40,0,40,142
12/07/2011,SGR,TX,ASW,CE,Federal Contract Tower,0,25,66,0,91,0,1,65,0,66,0,26,131,0,157,76,0,76,233
12/08/2011,SGR,TX,ASW,CE,Federal Contract Tower,0,15,72,0,87,0,2,84,0,86,0,17,156,0,173,64,0,64,237
12/09/2011,SGR,TX,ASW,CE,Federal Contract Tower,0,14,79,0,93,0,0,66,0,66,0,14,145,0,159,116,0,116,275
12/10/2011,SGR,TX,ASW,CE,Federal Contract Tower,0,19,49,0,68,0,0,70,0,70,0,19,119,0,138,92,0,92,230
12/11/2011,SGR,TX,ASW,CE,Federal Contract Tower,0,13,52,0,65,0,3,74,0,77,0,16,126,0,142,40,0,40,182
12/12/2011,SGR,TX,ASW,CE,Federal Contract Tower,0,11,43,0,54,0,0,44,0,44,0,11,87,0,98,82,0,82,180
12/13/2011,SGR,TX,ASW,CE,Federal Contract Tower,0,16,63,2,81,0,0,0,0,0,0,16,63,2,81,2,0,2,83
12/14/2011,SGR,TX,ASW,CE,Federal Contract Tower,0,22,93,0,115,0,0,24,0,24,0,22,117,0,139,24,0,24,163
12/15/2011,SGR,TX,ASW,CE,Federal Contract Tower,0,14,65,0,79,0,0,27,0,27,0,14,92,0,106,38,0,38,144
12/16/2011,SGR,TX,ASW,CE,Federal Contract Tower,0,12,81,2,95,0,0,11,0,11,0,12,92,2,106,16,0,16,122
12/17/2011,SGR,TX,ASW,CE,Federal Contract Tower,0,8,70,0,78,0,0,79,0,79,0,8,149,0,157,110,0,110,267
12/18/2011,SGR,TX,ASW,CE,Federal Contract Tower,0,17,52,0,69,0,4,86,0,90,0,21,138,0,159,80,0,80,239
12/19/2011,SGR,TX,ASW,CE,Federal Contract Tower,0,14,29,0,43,0,0,15,0,15,0,14,44,0,58,16,0,16,74
12/20/2011,SGR,TX,ASW,CE,Federal Contract Tower,0,21,75,0,96,0,0,50,0,50,0,21,125,0,146,102,0,102,248
12/21/2011,SGR,TX,ASW,CE,Federal Contract Tower,0,12,75,1,88,0,92,0,0,92,0,104,75,1,180,56,0,56,236
12/22/2011,SGR,TX,ASW,CE,Federal Contract Tower,0,11,57,2,70,0,0,9,0,9,0,11,66,2,79,22,0,22,101
12/23/2011,SGR,TX,ASW,CE,Federal Contract Tower,0,9,74,0,83,0,0,23,0,23,0,9,97,0,106,48,0,48,154
12/24/2011,SGR,TX,ASW,CE,Federal Contract Tower,0,4,10,0,14,0,0,2,0,2,0,4,12,0,16,0,0,0,16
12/25/2011,SGR,TX,ASW,CE,Federal Contract Tower,0,14,13,0,27,0,0,0,0,0,0,14,13,0,27,0,0,0,27
12/26/2011,SGR,TX,ASW,CE,Federal Contract Tower,0,10,25,0,35,0,0,11,0,11,0,10,36,0,46,0,0,0,46
12/27/2011,SGR,TX,ASW,CE,Federal Contract Tower,0,14,58,0,72,0,6,57,0,63,0,20,115,0,135,26,0,26,161
12/28/2011,SGR,TX,ASW,CE,Federal Contract Tower,0,13,42,0,55,0,1,65,0,66,0,14,107,0,121,72,0,72,193
12/29/2011,SGR,TX,ASW,CE,Federal Contract Tower,0,13,53,0,66,0,0,69,0,69,0,13,122,0,135,90,0,90,225
12/30/2011,SGR,TX,ASW,CE,Federal Contract Tower,0,10,55,2,67,0,1,41,0,42,0,11,96,2,109,16,0,16,125
12/31/2011,SGR,TX,ASW,CE,Federal Contract Tower,0,2,35,0,37,0,0,0,0,0,0,2,35,0,37,8,0,8,45
01/01/2012,SGR,TX,ASW,CE,Federal Contract Tower,0,11,26,0,37,0,0,35,0,35,0,11,61,0,72,36,0,36,108
01/02/2012,SGR,TX,ASW,CE,Federal Contract Tower,0,13,50,0,63,0,1,87,0,88,0,14,137,0,151,72,0,72,223
01/03/2012,SGR,TX,ASW,CE,Federal Contract Tower,0,19,57,0,76,0,1,54,0,55,0,20,111,0,131,60,0,60,191
01/04/2012,SGR,TX,ASW,CE,Federal Contract Tower,0,12,50,0,62,0,0,62,0,62,0,12,112,0,124,168,0,168,292
01/05/2012,SGR,TX,ASW,CE,Federal Contract Tower,0,13,59,0,72,0,0,86,0,86,0,13,145,0,158,108,0,108,266
01/06/2012,SGR,TX,ASW,CE,Federal Contract Tower,0,15,68,0,83,0,0,73,0,73,0,15,141,0,156,124,0,124,280
01/07/2012,SGR,TX,ASW,CE,Federal Contract Tower,0,5,43,0,48,0,0,53,0,53,0,5,96,0,101,100,0,100,201
01/08/2012,SGR,TX,ASW,CE,Federal Contract Tower,0,18,76,0,94,0,0,42,0,42,0,18,118,0,136,56,0,56,192
01/09/2012,SGR,TX,ASW,CE,Federal Contract Tower,0,7,21,0,28,0,0,1,0,1,0,7,22,0,29,0,0,0,29
01/10/2012,SGR,TX,ASW,CE,Federal Contract Tower,0,10,79,0,89,0,0,39,0,39,0,10,118,0,128,12,0,12,140
01/11/2012,SGR,TX,ASW,CE,Federal Contract Tower,0,10,91,0,101,0,3,72,0,75,0,13,163,0,176,40,0,40,216
01/12/2012,SGR,TX,ASW,CE,Federal Contract Tower,0,15,87,0,102,0,2,49,0,51,0,17,136,0,153,28,0,28,181
01/13/2012,SGR,TX,ASW,CE,Federal Contract Tower,0,6,65,0,71,0,0,77,0,77,0,6,142,0,148,54,0,54,202
01/14/2012,SGR,TX,ASW,CE,Federal Contract Tower,0,4,22,0,26,0,0,97,0,97,0,4,119,0,123,154,0,154,277
01/15/2012,SGR,TX,ASW,CE,Federal Contract Tower,0,5,51,0,56,0,1,77,0,78,0,6,128,0,134,62,0,62,196
01/16/2012,SGR,TX,ASW,CE,Federal Contract Tower,0,11,47,0,58,0,0,43,0,43,0,11,90,0,101,12,0,12,113
01/17/2012,SGR,TX,ASW,CE,Federal Contract Tower,0,4,67,0,71,0,0,11,0,11,0,4,78,0,82,24,0,24,106
01/18/2012,SGR,TX,ASW,CE,Federal Contract Tower,0,20,69,0,89,0,3,75,0,78,0,23,144,0,167,46,0,46,213
01/19/2012,SGR,TX,ASW,CE,Federal Contract Tower,0,10,77,0,87,0,0,21,0,21,0,10,98,0,108,24,0,24,132
01/20/2012,SGR,TX,ASW,CE,Federal Contract Tower,0,20,85,0,105,0,4,26,0,30,0,24,111,0,135,24,0,24,159
01/21/2012,SGR,TX,ASW,CE,Federal Contract Tower,0,3,58,0,61,0,0,24,0,24,0,3,82,0,85,62,0,62,147
01/22/2012,SGR,TX,ASW,CE,Federal Contract Tower,0,12,39,0,51,0,1,21,0,22,0,13,60,0,73,40,0,40,113
01/23/2012,SGR,TX,ASW,CE,Federal Contract Tower,0,13,68,0,81,0,3,67,0,70,0,16,135,0,151,158,0,158,309
01/24/2012,SGR,TX,ASW,CE,Federal Contract Tower,0,9,96,0,105,0,0,13,0,13,0,9,109,0,118,16,0,16,134
01/25/2012,SGR,TX,ASW,CE,Federal Contract Tower,0,13,42,0,55,0,0,1,0,1,0,13,43,0,56,0,0,0,56
01/26/2012,SGR,TX,ASW,CE,Federal Contract Tower,0,23,96,0,119,0,2,49,0,51,0,25,145,0,170,98,0,98,268
01/27/2012,SGR,TX,ASW,CE,Federal Contract Tower,0,14,75,0,89,0,1,91,0,92,0,15,166,0,181,130,0,130,311
01/28/2012,SGR,TX,ASW,CE,Federal Contract Tower,0,5,40,0,45,0,0,42,0,42,0,5,82,0,87,71,0,71,158
01/29/2012,SGR,TX,ASW,CE,Federal Contract Tower,0,12,81,0,93,0,1,99,0,100,0,13,180,0,193,118,0,118,311
01/30/2012,SGR,TX,ASW,CE,Federal Contract Tower,0,15,55,0,70,0,0,62,0,62,0,15,117,0,132,60,0,60,192
01/31/2012,SGR,TX,ASW,CE,Federal Contract Tower,0,14,65,0,79,0,0,5,0,5,0,14,70,0,84,2,0,2,86
02/01/2012,SGR,TX,ASW,CE,Federal Contract Tower,0,16,78,0,94,0,0,66,0,66,0,16,144,0,160,54,0,54,214
02/02/2012,SGR,TX,ASW,CE,Federal Contract Tower,0,16,78,0,94,0,1,47,0,48,0,17,125,0,142,61,1,62,204
02/03/2012,SGR,TX,ASW,CE,Federal Contract Tower,0,23,68,0,91,0,1,12,0,13,0,24,80,0,104,6,0,6,110
02/04/2012,SGR,TX,ASW,CE,Federal Contract Tower,0,8,22,0,30,0,0,5,0,5,0,8,27,0,35,14,0,14,49
02/05/2012,SGR,TX,ASW,CE,Federal Contract Tower,0,12,53,0,65,0,0,39,0,39,0,12,92,0,104,38,0,38,142
02/06/2012,SGR,TX,ASW,CE,Federal Contract Tower,0,17,49,0,66,0,0,61,0,61,0,17,110,0,127,46,0,46,173
02/07/2012,SGR,TX,ASW,CE,Federal Contract Tower,0,19,73,0,92,0,0,52,0,52,0,19,125,0,144,76,0,76,220
02/08/2012,SGR,TX,ASW,CE,Federal Contract Tower,0,21,87,0,108,0,0,64,0,64,0,21,151,0,172,112,0,112,284
02/09/2012,SGR,TX,ASW,CE,Federal Contract Tower,0,18,78,2,98,0,0,70,0,70,0,18,148,2,168,76,0,76,244
02/10/2012,SGR,TX,ASW,CE,Federal Contract Tower,0,19,61,0,80,0,0,35,0,35,0,19,96,0,115,42,0,42,157
02/11/2012,SGR,TX,ASW,CE,Federal Contract Tower,0,4,58,0,62,0,0,79,0,79,0,4,137,0,141,120,0,120,261
02/12/2012,SGR,TX,ASW,CE,Federal Contract Tower,0,13,58,0,71,0,0,47,0,47,0,13,105,0,118,66,0,66,184
02/13/2012,SGR,TX,ASW,CE,Federal Contract Tower,0,11,49,0,60,0,0,11,0,11,0,11,60,0,71,0,0,0,71
02/14/2012,SGR,TX,ASW,CE,Federal Contract Tower,0,21,75,0,96,0,2,55,0,57,0,23,130,0,153,114,0,114,267
02/15/2012,SGR,TX,ASW,CE,Federal Contract Tower,0,19,65,0,84,0,0,2,0,2,0,19,67,0,86,0,0,0,86
02/16/2012,SGR,TX,ASW,CE,Federal Contract Tower,0,15,79,0,94,0,0,49,2,51,0,15,128,2,145,76,8,84,229
02/17/2012,SGR,TX,ASW,CE,Federal Contract Tower,0,12,46,0,58,0,0,4,0,4,0,12,50,0,62,4,0,4,66
02/18/2012,SGR,TX,ASW,CE,Federal Contract Tower,0,0,42,0,42,0,0,0,0,0,0,0,42,0,42,0,0,0,42
02/19/2012,SGR,TX,ASW,CE,Federal Contract Tower,0,4,48,0,52,0,0,99,0,99,0,4,147,0,151,84,0,84,235
02/20/2012,SGR,TX,ASW,CE,Federal Contract Tower,0,16,43,0,59,0,0,44,0,44,0,16,87,0,103,48,0,48,151
02/21/2012,SGR,TX,ASW,CE,Federal Contract Tower,0,19,60,0,79,0,0,44,0,44,0,19,104,0,123,70,0,70,193
02/22/2012,SGR,TX,ASW,CE,Federal Contract Tower,0,19,101,0,120,0,0,28,0,28,0,19,129,0,148,38,0,38,186
02/23/2012,SGR,TX,ASW,CE,Federal Contract Tower,0,22,91,0,113,0,1,24,0,25,0,23,115,0,138,24,0,24,162
02/24/2012,SGR,TX,ASW,CE,Federal Contract Tower,0,19,84,0,103,0,1,30,0,31,0,20,114,0,134,4,0,4,138
02/25/2012,SGR,TX,ASW,CE,Federal Contract Tower,0,11,38,0,49,0,0,91,0,91,0,11,129,0,140,76,0,76,216
02/26/2012,SGR,TX,ASW,CE,Federal Contract Tower,0,23,40,0,63,0,2,71,0,73,0,25,111,0,136,68,0,68,204
02/27/2012,SGR,TX,ASW,CE,Federal Contract Tower,0,9,45,0,54,0,0,27,0,27,0,9,72,0,81,50,0,50,131
02/28/2012,SGR,TX,ASW,CE,Federal Contract Tower,0,13,86,0,99,0,13,0,0,13,0,26,86,0,112,54,0,54,166
02/29/2012,SGR,TX,ASW,CE,Federal Contract Tower,0,21,76,0,97,0,2,39,0,41,0,23,115,0,138,54,0,54,192
03/01/2012,SGR,TX,ASW,CE,Federal Contract Tower,0,11,58,0,69,0,0,25,0,25,0,11,83,0,94,54,0,54,148
03/02/2012,SGR,TX,ASW,CE,Federal Contract Tower,0,16,75,0,91,0,3,49,0,52,0,19,124,0,143,54,0,54,197
03/03/2012,SGR,TX,ASW,CE,Federal Contract Tower,0,15,47,0,62,0,0,59,0,59,0,15,106,0,121,108,0,108,229
03/04/2012,SGR,TX,ASW,CE,Federal Contract Tower,0,8,37,0,45,0,0,92,0,92,0,8,129,0,137,120,0,120,257
03/05/2012,SGR,TX,ASW,CE,Federal Contract Tower,0,9,72,0,81,0,3,72,0,75,0,12,144,0,156,66,0,66,222
03/06/2012,SGR,TX,ASW,CE,Federal Contract Tower,0,10,84,0,94,0,0,39,0,39,0,10,123,0,133,0,0,0,133
03/07/2012,SGR,TX,ASW,CE,Federal Contract Tower,0,6,74,2,82,0,0,27,2,29,0,6,101,4,111,10,18,28,139
03/08/2012,SGR,TX,ASW,CE,Federal Contract Tower,0,6,55,0,61,0,0,7,0,7,0,6,62,0,68,0,0,0,68
03/09/2012,SGR,TX,ASW,CE,Federal Contract Tower,0,33,78,0,111,0,0,6,0,6,0,33,84,0,117,0,0,0,117
03/10/2012,SGR,TX,ASW,CE,Federal Contract Tower,0,29,55,0,84,0,4,0,0,4,0,33,55,0,88,0,0,0,88
03/11/2012,SGR,TX,ASW,CE,Federal Contract Tower,0,16,45,0,61,0,1,0,0,1,0,17,45,0,62,0,0,0,62
03/12/2012,SGR,TX,ASW,CE,Federal Contract Tower,0,9,33,0,42,0,1,14,0,15,0,10,47,0,57,10,0,10,67
03/13/2012,SGR,TX,ASW,CE,Federal Contract Tower,0,15,80,0,95,0,0,25,0,25,0,15,105,0,120,36,0,36,156
03/14/2012,SGR,TX,ASW,CE,Federal Contract Tower,0,17,64,0,81,0,2,48,0,50,0,19,112,0,131,54,0,54,185
03/15/2012,SGR,TX,ASW,CE,Federal Contract Tower,0,19,93,0,112,0,0,39,0,39,0,19,132,0,151,50,0,50,201
03/16/2012,SGR,TX,ASW,CE,Federal Contract Tower,0,14,60,0,74,0,0,54,0,54,0,14,114,0,128,36,0,36,164
03/17/2012,SGR,TX,ASW,CE,Federal Contract Tower,0,18,44,0,62,0,0,60,0,60,0,18,104,0,122,60,0,60,182
03/18/2012,SGR,TX,ASW,CE,Federal Contract Tower,0,21,68,0,89,0,0,58,2,60,0,21,126,2,149,30,4,34,183
03/19/2012,SGR,TX,ASW,CE,Federal Contract Tower,0,17,68,0,85,0,0,25,0,25,0,17,93,0,110,18,0,18,128
03/20/2012,SGR,TX,ASW,CE,Federal Contract Tower,0,12,32,0,44,0,0,12,0,12,0,12,44,0,56,16,0,16,72
03/21/2012,SGR,TX,ASW,CE,Federal Contract Tower,0,13,54,0,67,0,0,41,0,41,0,13,95,0,108,34,0,34,142
03/22/2012,SGR,TX,ASW,CE,Federal Contract Tower,0,8,83,0,91,0,0,70,0,70,0,8,153,0,161,26,0,26,187
03/23/2012,SGR,TX,ASW,CE,Federal Contract Tower,0,11,71,0,82,0,0,94,0,94,0,11,165,0,176,106,0,106,282
03/24/2012,SGR,TX,ASW,CE,Federal Contract Tower,0,5,45,0,50,0,0,63,0,63,0,5,108,0,113,104,0,104,217
03/25/2012,SGR,TX,ASW,CE,Federal Contract Tower,0,4,35,0,39,0,2,95,0,97,0,6,130,0,136,92,0,92,228
03/26/2012,SGR,TX,ASW,CE,Federal Contract Tower,0,7,61,0,68,0,0,66,0,66,0,7,127,0,134,68,0,68,202
03/27/2012,SGR,TX,ASW,CE,Federal Contract Tower,0,7,46,0,53,0,0,68,0,68,0,7,114,0,121,74,0,74,195
03/28/2012,SGR,TX,ASW,CE,Federal Contract Tower,0,10,64,0,74,0,0,34,0,34,0,10,98,0,108,38,0,38,146
03/29/2012,SGR,TX,ASW,CE,Federal Contract Tower,0,20,69,0,89,0,1,24,0,25,0,21,93,0,114,48,0,48,162
03/30/2012,SGR,TX,ASW,CE,Federal Contract Tower,0,8,56,0,64,0,0,35,0,35,0,8,91,0,99,40,0,40,139
03/31/2012,SGR,TX,ASW,CE,Federal Contract Tower,0,7,29,0,36,0,0,62,0,62,0,7,91,0,98,44,0,44,142
04/01/2012,SGR,TX,ASW,CE,Federal Contract Tower,0,9,43,0,52,0,2,75,0,77,0,11,118,0,129,64,0,64,193
04/02/2012,SGR,TX,ASW,CE,Federal Contract Tower,0,6,74,0,80,0,2,45,0,47,0,8,119,0,127,40,0,40,167
04/03/2012,SGR,TX,ASW,CE,Federal Contract Tower,0,11,69,0,80,0,0,22,0,22,0,11,91,0,102,14,0,14,116
04/04/2012,SGR,TX,ASW,CE,Federal Contract Tower,0,16,82,0,98,0,0,39,0,39,0,16,121,0,137,14,0,14,151
04/05/2012,SGR,TX,ASW,CE,Federal Contract Tower,0,9,88,0,97,0,0,59,0,59,0,9,147,0,156,104,0,104,260
04/06/2012,SGR,TX,ASW,CE,Federal Contract Tower,0,23,38,0,61,0,0,101,0,101,0,23,139,0,162,118,0,118,280
04/07/2012,SGR,TX,ASW,CE,Federal Contract Tower,0,5,40,0,45,0,0,68,0,68,0,5,108,0,113,86,0,86,199
04/08/2012,SGR,TX,ASW,CE,Federal Contract Tower,0,10,33,2,45,0,0,45,0,45,0,10,78,2,90,20,16,36,126
04/09/2012,SGR,TX,ASW,CE,Federal Contract Tower,0,13,65,0,78,0,1,68,0,69,0,14,133,0,147,126,0,126,273
04/10/2012,SGR,TX,ASW,CE,Federal Contract Tower,0,11,53,0,64,0,0,56,0,56,0,11,109,0,120,54,0,54,174
04/11/2012,SGR,TX,ASW,CE,Federal Contract Tower,0,7,82,0,89,0,0,0,0,0,0,7,82,0,89,56,0,56,145
04/12/2012,SGR,TX,ASW,CE,Federal Contract Tower,0,14,75,0,89,0,1,56,0,57,0,15,131,0,146,128,0,128,274
04/13/2012,SGR,TX,ASW,CE,Federal Contract Tower,0,14,63,0,77,0,1,52,0,53,0,15,115,0,130,32,0,32,162
04/14/2012,SGR,TX,ASW,CE,Federal Contract Tower,0,11,44,0,55,0,0,48,0,48,0,11,92,0,103,14,0,14,117
04/15/2012,SGR,TX,ASW,CE,Federal Contract Tower,0,18,55,0,73,0,0,25,0,25,0,18,80,0,98,100,0,100,198
04/16/2012,SGR,TX,ASW,CE,Federal Contract Tower,0,10,56,0,66,0,0,8,0,8,0,10,64,0,74,20,0,20,94
04/17/2012,SGR,TX,ASW,CE,Federal Contract Tower,0,20,87,0,107,0,0,40,0,40,0,20,127,0,147,88,0,88,235
04/18/2012,SGR,TX,ASW,CE,Federal Contract Tower,0,26,74,4,104,0,0,90,0,90,0,26,164,4,194,68,0,68,262
04/19/2012,SGR,TX,ASW,CE,Federal Contract Tower,0,14,65,0,79,0,1,93,0,94,0,15,158,0,173,92,0,92,265
04/20/2012,SGR,TX,ASW,CE,Federal Contract Tower,0,14,43,0,57,0,3,23,0,26,0,17,66,0,83,50,0,50,133
04/21/2012,SGR,TX,ASW,CE,Federal Contract Tower,0,13,40,0,53,0,1,55,0,56,0,14,95,0,109,80,0,80,189
04/22/2012,SGR,TX,ASW,CE,Federal Contract Tower,0,14,51,0,65,0,1,103,0,104,0,15,154,0,169,98,0,98,267
04/23/2012,SGR,TX,ASW,CE,Federal Contract Tower,0,12,65,0,77,0,2,89,0,91,0,14,154,0,168,74,0,74,242
04/24/2012,SGR,TX,ASW,CE,Federal Contract Tower,0,11,78,0,89,0,2,75,0,77,0,13,153,0,166,58,0,58,224
04/25/2012,SGR,TX,ASW,CE,Federal Contract Tower,0,15,70,0,85,0,1,78,0,79,0,16,148,0,164,108,0,108,272
04/26/2012,SGR,TX,ASW,CE,Federal Contract Tower,0,10,63,0,73,0,0,51,0,51,0,10,114,0,124,16,0,16,140
04/27/2012,SGR,TX,ASW,CE,Federal Contract Tower,0,9,58,0,67,0,2,58,0,60,0,11,116,0,127,84,0,84,211
04/28/2012,SGR,TX,ASW,CE,Federal Contract Tower,0,9,39,0,48,0,0,56,0,56,0,9,95,0,104,69,0,69,173
04/29/2012,SGR,TX,ASW,CE,Federal Contract Tower,0,10,74,0,84,0,0,71,0,71,0,10,145,0,155,66,0,66,221
04/30/2012,SGR,TX,ASW,CE,Federal Contract Tower,0,8,67,0,75,0,1,50,0,51,0,9,117,0,126,80,0,80,206
05/01/2012,SGR,TX,ASW,CE,Federal Contract Tower,0,9,97,0,106,0,0,62,0,62,0,9,159,0,168,98,0,98,266
05/02/2012,SGR,TX,ASW,CE,Federal Contract Tower,0,5,60,0,65,0,0,54,0,54,0,5,114,0,119,128,0,128,247
05/03/2012,SGR,TX,ASW,CE,Federal Contract Tower,0,18,97,0,115,0,0,48,0,48,0,18,145,0,163,34,0,34,197
05/04/2012,SGR,TX,ASW,CE,Federal Contract Tower,0,16,71,0,87,0,1,58,0,59,0,17,129,0,146,94,0,94,240
05/05/2012,SGR,TX,ASW,CE,Federal Contract Tower,0,9,37,0,46,0,0,56,0,56,0,9,93,0,102,94,0,94,196
05/06/2012,SGR,TX,ASW,CE,Federal Contract Tower,0,20,79,0,99,0,0,70,0,70,0,20,149,0,169,90,0,90,259
05/07/2012,SGR,TX,ASW,CE,Federal Contract Tower,0,13,63,0,76,0,1,49,0,50,0,14,112,0,126,92,0,92,218
05/08/2012,SGR,TX,ASW,CE,Federal Contract Tower,0,17,67,0,84,0,3,45,0,48,0,20,112,0,132,24,0,24,156
05/09/2012,SGR,TX,ASW,CE,Federal Contract Tower,0,18,66,0,84,0,2,56,0,58,0,20,122,0,142,62,0,62,204
05/10/2012,SGR,TX,ASW,CE,Federal Contract Tower,0,13,46,0,59,0,1,59,0,60,0,14,105,0,119,68,0,68,187
05/11/2012,SGR,TX,ASW,CE,Federal Contract Tower,0,17,71,0,88,0,2,44,0,46,0,19,115,0,134,46,0,46,180
05/12/2012,SGR,TX,ASW,CE,Federal Contract Tower,0,7,30,0,37,0,0,36,0,36,0,7,66,0,73,68,0,68,141
05/13/2012,SGR,TX,ASW,CE,Federal Contract Tower,0,12,39,0,51,0,0,83,0,83,0,12,122,0,134,66,0,66,200
05/14/2012,SGR,TX,ASW,CE,Federal Contract Tower,0,12,32,0,44,0,1,84,0,85,0,13,116,0,129,72,0,72,201
05/15/2012,SGR,TX,ASW,CE,Federal Contract Tower,0,9,69,0,78,0,0,40,0,40,0,9,109,0,118,20,0,20,138
05/16/2012,SGR,TX,ASW,CE,Federal Contract Tower,0,13,73,0,86,0,0,84,0,84,0,13,157,0,170,32,0,32,202
05/17/2012,SGR,TX,ASW,CE,Federal Contract Tower,0,27,86,0,113,0,0,90,0,90,0,27,176,0,203,136,0,136,339
05/18/2012,SGR,TX,ASW,CE,Federal Contract Tower,0,25,76,1,102,0,0,77,0,77,0,25,153,1,179,82,0,82,261
05/19/2012,SGR,TX,ASW,CE,Federal Contract Tower,0,6,31,0,37,0,0,71,0,71,0,6,102,0,108,104,0,104,212
05/20/2012,SGR,TX,ASW,CE,Federal Contract Tower,0,6,53,0,59,0,0,102,0,102,0,6,155,0,161,68,0,68,229
05/21/2012,SGR,TX,ASW,CE,Federal Contract Tower,0,11,55,0,66,0,0,73,0,73,0,11,128,0,139,136,0,136,275
05/22/2012,SGR,TX,ASW,CE,Federal Contract Tower,0,24,87,0,111,0,0,79,0,79,0,24,166,0,190,84,0,84,274
05/23/2012,SGR,TX,ASW,CE,Federal Contract Tower,0,16,71,0,87,0,0,87,0,87,0,16,158,0,174,57,0,57,231
05/24/2012,SGR,TX,ASW,CE,Federal Contract Tower,0,16,58,0,74,0,0,59,0,59,0,16,117,0,133,46,0,46,179
05/25/2012,SGR,TX,ASW,CE,Federal Contract Tower,0,11,51,0,62,0,0,57,0,57,0,11,108,0,119,38,0,38,157
05/26/2012,SGR,TX,ASW,CE,Federal Contract Tower,0,9,27,0,36,0,0,54,0,54,0,9,81,0,90,74,0,74,164
05/27/2012,SGR,TX,ASW,CE,Federal Contract Tower,0,5,31,0,36,0,0,59,0,59,0,5,90,0,95,106,0,106,201
05/28/2012,SGR,TX,ASW,CE,Federal Contract Tower,0,5,41,0,46,0,0,79,0,79,0,5,120,0,125,80,0,80,205
05/29/2012,SGR,TX,ASW,CE,Federal Contract Tower,0,12,76,0,88,0,1,73,3,77,0,13,149,3,165,66,0,66,231
05/30/2012,SGR,TX,ASW,CE,Federal Contract Tower,0,11,92,0,103,0,1,51,0,52,0,12,143,0,155,18,0,18,173
05/31/2012,SGR,TX,ASW,CE,Federal Contract Tower,0,26,68,0,94,0,0,46,0,46,0,26,114,0,140,72,4,76,216
06/01/2012,SGR,TX,ASW,CE,Federal Contract Tower,0,21,69,0,90,0,0,73,0,73,0,21,142,0,163,84,0,84,247
06/02/2012,SGR,TX,ASW,CE,Federal Contract Tower,0,7,27,0,34,0,0,58,0,58,0,7,85,0,92,72,0,72,164
06/03/2012,SGR,TX,ASW,CE,Federal Contract Tower,0,13,66,0,79,0,0,62,0,62,0,13,128,0,141,74,0,74,215
06/04/2012,SGR,TX,ASW,CE,Federal Contract Tower,0,11,37,0,48,0,0,50,0,50,0,11,87,0,98,28,0,28,126
06/05/2012,SGR,TX,ASW,CE,Federal Contract Tower,0,16,62,0,78,0,1,55,0,56,0,17,117,0,134,44,0,44,178
06/06/2012,SGR,TX,ASW,CE,Federal Contract Tower,0,13,83,0,96,0,0,63,0,63,0,13,146,0,159,40,0,40,199
06/07/2012,SGR,TX,ASW,CE,Federal Contract Tower,0,17,65,0,82,0,1,51,0,52,0,18,116,0,134,48,0,48,182
06/08/2012,SGR,TX,ASW,CE,Federal Contract Tower,0,14,49,0,63,0,2,40,0,42,0,16,89,0,105,34,0,34,139
06/09/2012,SGR,TX,ASW,CE,Federal Contract Tower,0,9,31,0,40,0,0,47,0,47,0,9,78,0,87,100,0,100,187
06/10/2012,SGR,TX,ASW,CE,Federal Contract Tower,0,10,36,0,46,0,0,78,0,78,0,10,114,0,124,206,0,206,330
06/11/2012,SGR,TX,ASW,CE,Federal Contract Tower,0,11,48,0,59,0,0,69,0,69,0,11,117,0,128,66,0,66,194
06/12/2012,SGR,TX,ASW,CE,Federal Contract Tower,0,11,70,0,81,0,0,42,0,42,0,11,112,0,123,46,0,46,169
06/13/2012,SGR,TX,ASW,CE,Federal Contract Tower,0,15,63,0,78,0,0,51,0,51,0,15,114,0,129,92,0,92,221
06/14/2012,SGR,TX,ASW,CE,Federal Contract Tower,0,21,73,0,94,0,0,74,0,74,0,21,147,0,168,96,0,96,264
06/15/2012,SGR,TX,ASW,CE,Federal Contract Tower,0,13,52,0,65,0,0,47,0,47,0,13,99,0,112,48,0,48,160
06/16/2012,SGR,TX,ASW,CE,Federal Contract Tower,0,6,39,0,45,0,0,54,0,54,0,6,93,0,99,54,0,54,153
06/17/2012,SGR,TX,ASW,CE,Federal Contract Tower,0,12,37,0,49,0,0,87,0,87,0,12,124,0,136,110,0,110,246
06/18/2012,SGR,TX,ASW,CE,Federal Contract Tower,0,15,48,0,63,0,1,65,0,66,0,16,113,0,129,94,0,94,223
06/19/2012,SGR,TX,ASW,CE,Federal Contract Tower,0,29,67,0,96,0,4,26,0,30,0,33,93,0,126,12,0,12,138
06/20/2012,SGR,TX,ASW,CE,Federal Contract Tower,0,21,49,0,70,0,0,48,0,48,0,21,97,0,118,72,0,72,190
06/21/2012,SGR,TX,ASW,CE,Federal Contract Tower,0,18,72,0,90,0,2,77,0,79,0,20,149,0,169,72,0,72,241
06/22/2012,SGR,TX,ASW,CE,Federal Contract Tower,0,9,56,0,65,0,0,61,0,61,0,9,117,0,126,66,0,66,192
06/23/2012,SGR,TX,ASW,CE,Federal Contract Tower,0,1,51,0,52,0,0,82,0,82,0,1,133,0,134,124,0,124,258
06/24/2012,SGR,TX,ASW,CE,Federal Contract Tower,0,17,55,0,72,0,0,91,0,91,0,17,146,0,163,172,0,172,335
06/25/2012,SGR,TX,ASW,CE,Federal Contract Tower,0,12,57,0,69,0,0,58,0,58,0,12,115,0,127,102,0,102,229
06/26/2012,SGR,TX,ASW,CE,Federal Contract Tower,0,17,62,0,79,0,0,71,0,71,0,17,133,0,150,60,0,60,210
06/27/2012,SGR,TX,ASW,CE,Federal Contract Tower,0,13,85,0,98,0,0,62,0,62,0,13,147,0,160,44,0,44,204
06/28/2012,SGR,TX,ASW,CE,Federal Contract Tower,0,10,68,0,78,0,2,78,0,80,0,12,146,0,158,92,0,92,250
06/29/2012,SGR,TX,ASW,CE,Federal Contract Tower,0,15,45,0,60,0,0,75,0,75,0,15,120,0,135,60,0,60,195
06/30/2012,SGR,TX,ASW,CE,Federal Contract Tower,0,14,47,0,61,0,0,33,0,33,0,14,80,0,94,26,0,26,120
07/01/2012,SGR,TX,ASW,CE,Federal Contract Tower,0,6,30,0,36,0,0,32,0,32,0,6,62,0,68,78,0,78,146
07/02/2012,SGR,TX,ASW,CE,Federal Contract Tower,0,12,35,0,47,0,0,70,0,70,0,12,105,0,117,118,0,118,235
07/03/2012,SGR,TX,ASW,CE,Federal Contract Tower,0,13,36,0,49,0,0,71,0,71,0,13,107,0,120,44,0,44,164
07/04/2012,SGR,TX,ASW,CE,Federal Contract Tower,0,5,17,0,22,0,0,48,0,48,0,5,65,0,70,52,0,52,122
07/05/2012,SGR,TX,ASW,CE,Federal Contract Tower,0,17,66,0,83,0,1,60,0,61,0,18,126,0,144,84,0,84,228
07/06/2012,SGR,TX,ASW,CE,Federal Contract Tower,0,11,33,0,44,0,1,67,0,68,0,12,100,0,112,86,0,86,198
07/07/2012,SGR,TX,ASW,CE,Federal Contract Tower,0,10,41,0,51,0,73,0,0,73,0,83,41,0,124,58,0,58,182
07/08/2012,SGR,TX,ASW,CE,Federal Contract Tower,0,10,43,0,53,0,0,39,0,39,0,10,82,0,92,36,0,36,128
07/09/2012,SGR,TX,ASW,CE,Federal Contract Tower,0,10,42,0,52,0,2,24,0,26,0,12,66,0,78,12,0,12,90
07/10/2012,SGR,TX,ASW,CE,Federal Contract Tower,0,17,42,0,59,0,0,31,4,35,0,17,73,4,94,68,0,68,162
07/11/2012,SGR,TX,ASW,CE,Federal Contract Tower,0,8,49,0,57,0,0,21,0,21,0,8,70,0,78,40,0,40,118
07/12/2012,SGR,TX,ASW,CE,Federal Contract Tower,0,14,48,0,62,0,2,35,0,37,0,16,83,0,99,62,0,62,161
07/13/2012,SGR,TX,ASW,CE,Federal Contract Tower,0,14,54,0,68,0,0,38,0,38,0,14,92,0,106,106,0,106,212
07/14/2012,SGR,TX,ASW,CE,Federal Contract Tower,0,18,44,0,62,0,0,51,0,51,0,18,95,0,113,118,0,118,231
07/15/2012,SGR,TX,ASW,CE,Federal Contract Tower,0,17,31,0,48,0,0,47,0,47,0,17,78,0,95,98,0,98,193
07/16/2012,SGR,TX,ASW,CE,Federal Contract Tower,0,6,39,0,45,0,0,68,0,68,0,6,107,0,113,76,0,76,189
07/17/2012,SGR,TX,ASW,CE,Federal Contract Tower,0,17,62,0,79,0,0,53,0,53,0,17,115,0,132,54,0,54,186
07/18/2012,SGR,TX,ASW,CE,Federal Contract Tower,0,11,69,0,80,0,2,55,0,57,0,13,124,0,137,54,0,54,191
07/19/2012,SGR,TX,ASW,CE,Federal Contract Tower,0,19,70,0,89,0,0,49,0,49,0,19,119,0,138,120,0,120,258
07/20/2012,SGR,TX,ASW,CE,Federal Contract Tower,0,29,60,0,89,0,0,80,0,80,0,29,140,0,169,104,0,104,273
07/21/2012,SGR,TX,ASW,CE,Federal Contract Tower,0,2,45,0,47,0,0,73,0,73,0,2,118,0,120,96,0,96,216
07/22/2012,SGR,TX,ASW,CE,Federal Contract Tower,0,8,52,0,60,0,1,96,0,97,0,9,148,0,157,144,0,144,301
07/23/2012,SGR,TX,ASW,CE,Federal Contract Tower,0,16,46,3,65,0,0,51,0,51,0,16,97,3,116,66,0,66,182
07/24/2012,SGR,TX,ASW,CE,Federal Contract Tower,0,14,87,0,101,0,0,66,0,66,0,14,153,0,167,94,0,94,261
07/25/2012,SGR,TX,ASW,CE,Federal Contract Tower,0,14,69,0,83,0,2,52,0,54,0,16,121,0,137,78,0,78,215
07/26/2012,SGR,TX,ASW,CE,Federal Contract Tower,0,16,58,0,74,0,0,46,0,46,0,16,104,0,120,116,0,116,236
07/27/2012,SGR,TX,ASW,CE,Federal Contract Tower,0,11,55,0,66,0,0,73,0,73,0,11,128,0,139,84,0,84,223
07/28/2012,SGR,TX,ASW,CE,Federal Contract Tower,0,5,45,0,50,0,0,58,0,58,0,5,103,0,108,68,0,68,176
07/29/2012,SGR,TX,ASW,CE,Federal Contract Tower,0,8,52,0,60,0,0,58,0,58,0,8,110,0,118,94,0,94,212
07/30/2012,SGR,TX,ASW,CE,Federal Contract Tower,0,17,40,2,59,0,1,61,0,62,0,18,101,2,121,80,0,80,201
07/31/2012,SGR,TX,ASW,CE,Federal Contract Tower,0,14,50,0,64,0,2,69,0,71,0,16,119,0,135,68,0,68,203
08/01/2012,SGR,TX,ASW,CE,Federal Contract Tower,0,14,84,0,98,0,0,76,0,76,0,14,160,0,174,108,0,108,282
08/02/2012,SGR,TX,ASW,CE,Federal Contract Tower,0,21,74,0,95,0,2,72,0,74,0,23,146,0,169,66,0,66,235
08/03/2012,SGR,TX,ASW,CE,Federal Contract Tower,0,19,53,0,72,0,0,83,0,83,0,19,136,0,155,200,0,200,355
08/04/2012,SGR,TX,ASW,CE,Federal Contract Tower,0,10,27,0,37,0,0,73,0,73,0,10,100,0,110,132,0,132,242
08/05/2012,SGR,TX,ASW,CE,Federal Contract Tower,0,13,48,0,61,0,1,60,0,61,0,14,108,0,122,40,0,40,162
08/06/2012,SGR,TX,ASW,CE,Federal Contract Tower,0,15,33,2,50,0,1,65,0,66,0,16,98,2,116,18,0,18,134
08/07/2012,SGR,TX,ASW,CE,Federal Contract Tower,0,20,47,0,67,0,3,44,0,47,0,23,91,0,114,30,0,30,144
08/08/2012,SGR,TX,ASW,CE,Federal Contract Tower,0,14,66,0,80,0,2,48,0,50,0,16,114,0,130,20,0,20,150
08/09/2012,SGR,TX,ASW,CE,Federal Contract Tower,0,13,53,0,66,0,0,94,0,94,0,13,147,0,160,124,0,124,284
08/10/2012,SGR,TX,ASW,CE,Federal Contract Tower,0,16,40,0,56,0,2,62,0,64,0,18,102,0,120,48,0,48,168
08/11/2012,SGR,TX,ASW,CE,Federal Contract Tower,0,7,18,0,25,0,2,55,0,57,0,9,73,0,82,72,0,72,154
08/12/2012,SGR,TX,ASW,CE,Federal Contract Tower,0,9,62,0,71,0,73,0,0,73,0,82,62,0,144,134,0,134,278
08/13/2012,SGR,TX,ASW,CE,Federal Contract Tower,0,12,49,0,61,0,0,62,0,62,0,12,111,0,123,116,0,116,239
08/14/2012,SGR,TX,ASW,CE,Federal Contract Tower,0,16,55,0,71,0,0,58,0,58,0,16,113,0,129,20,0,20,149
08/15/2012,SGR,TX,ASW,CE,Federal Contract Tower,0,12,52,0,64,0,0,59,0,59,0,12,111,0,123,42,0,42,165
08/16/2012,SGR,TX,ASW,CE,Federal Contract Tower,0,14,92,0,106,0,0,72,0,72,0,14,164,0,178,82,0,82,260
08/17/2012,SGR,TX,ASW,CE,Federal Contract Tower,0,11,33,0,44,0,0,60,0,60,0,11,93,0,104,72,0,72,176
08/18/2012,SGR,TX,ASW,CE,Federal Contract Tower,0,3,26,0,29,0,48,0,0,48,0,51,26,0,77,88,0,88,165
08/19/2012,SGR,TX,ASW,CE,Federal Contract Tower,0,6,43,0,49,0,0,52,0,52,0,6,95,0,101,48,0,48,149
08/20/2012,SGR,TX,ASW,CE,Federal Contract Tower,0,10,68,0,78,0,0,84,0,84,0,10,152,0,162,82,0,82,244
08/21/2012,SGR,TX,ASW,CE,Federal Contract Tower,0,11,65,0,76,0,0,54,0,54,0,11,119,0,130,48,0,48,178
08/22/2012,SGR,TX,ASW,CE,Federal Contract Tower,0,15,62,0,77,0,0,66,0,66,0,15,128,0,143,62,0,62,205
08/23/2012,SGR,TX,ASW,CE,Federal Contract Tower,0,19,78,0,97,0,0,59,0,59,0,19,137,0,156,124,0,124,280
08/24/2012,SGR,TX,ASW,CE,Federal Contract Tower,0,13,53,0,66,0,0,43,0,43,0,13,96,0,109,98,0,98,207
08/25/2012,SGR,TX,ASW,CE,Federal Contract Tower,0,8,22,0,30,0,65,0,0,65,0,73,22,0,95,98,0,98,193
08/26/2012,SGR,TX,ASW,CE,Federal Contract Tower,0,11,43,0,54,0,0,75,0,75,0,11,118,0,129,122,0,122,251
08/27/2012,SGR,TX,ASW,CE,Federal Contract Tower,0,8,68,0,76,0,0,63,0,63,0,8,131,0,139,38,0,38,177
08/28/2012,SGR,TX,ASW,CE,Federal Contract Tower,0,10,58,0,68,0,0,49,0,49,0,10,107,0,117,106,0,106,223
08/29/2012,SGR,TX,ASW,CE,Federal Contract Tower,0,5,44,0,49,0,0,48,0,48,0,5,92,0,97,94,0,94,191
08/30/2012,SGR,TX,ASW,CE,Federal Contract Tower,0,13,70,0,83,0,0,55,0,55,0,13,125,0,138,26,0,26,164
08/31/2012,SGR,TX,ASW,CE,Federal Contract Tower,0,26,62,0,88,0,1,79,0,80,0,27,141,0,168,80,0,80,248
09/01/2012,SGR,TX,ASW,CE,Federal Contract Tower,0,11,18,0,29,0,3,47,0,50,0,14,65,0,79,44,0,44,123
09/02/2012,SGR,TX,ASW,CE,Federal Contract Tower,0,9,28,0,37,0,0,58,0,58,0,9,86,0,95,126,0,126,221
09/03/2012,SGR,TX,ASW,CE,Federal Contract Tower,0,14,48,0,62,0,97,0,0,97,0,111,48,0,159,88,0,88,247
09/04/2012,SGR,TX,ASW,CE,Federal Contract Tower,0,14,60,0,74,0,1,63,0,64,0,15,123,0,138,42,0,42,180
09/05/2012,SGR,TX,ASW,CE,Federal Contract Tower,0,12,53,0,65,0,0,68,0,68,0,12,121,0,133,36,0,36,169
09/06/2012,SGR,TX,ASW,CE,Federal Contract Tower,0,18,74,0,92,0,2,51,0,53,0,20,125,0,145,22,0,22,167
09/07/2012,SGR,TX,ASW,CE,Federal Contract Tower,0,24,72,0,96,0,0,65,0,65,0,24,137,0,161,52,0,52,213
09/08/2012,SGR,TX,ASW,CE,Federal Contract Tower,0,8,39,0,47,0,0,60,0,60,0,8,99,0,107,84,0,84,191
09/09/2012,SGR,TX,ASW,CE,Federal Contract Tower,0,12,76,0,88,0,0,111,0,111,0,12,187,0,199,108,0,108,307
09/10/2012,SGR,TX,ASW,CE,Federal Contract Tower,0,7,68,0,75,0,0,68,1,69,0,7,136,1,144,78,0,78,222
09/11/2012,SGR,TX,ASW,CE,Federal Contract Tower,0,18,83,0,101,0,0,56,1,57,0,18,139,1,158,72,0,72,230
09/12/2012,SGR,TX,ASW,CE,Federal Contract Tower,0,16,66,0,82,0,0,38,2,40,0,16,104,2,122,44,6,50,172
09/13/2012,SGR,TX,ASW,CE,Federal Contract Tower,0,14,58,0,72,0,0,39,0,39,0,14,97,0,111,10,16,26,137
09/14/2012,SGR,TX,ASW,CE,Federal Contract Tower,0,16,66,0,82,0,1,34,1,36,0,17,100,1,118,86,0,86,204
09/15/2012,SGR,TX,ASW,CE,Federal Contract Tower,0,11,34,0,45,0,0,37,0,37,0,11,71,0,82,26,0,26,108
09/16/2012,SGR,TX,ASW,CE,Federal Contract Tower,0,20,59,0,79,0,0,55,0,55,0,20,114,0,134,100,0,100,234
09/17/2012,SGR,TX,ASW,CE,Federal Contract Tower,0,14,72,0,86,0,0,25,0,25,0,14,97,0,111,24,0,24,135
09/18/2012,SGR,TX,ASW,CE,Federal Contract Tower,0,14,92,0,106,0,0,56,2,58,0,14,148,2,164,78,0,78,242
09/19/2012,SGR,TX,ASW,CE,Federal Contract Tower,0,18,103,0,121,0,0,84,0,84,0,18,187,0,205,50,0,50,255
09/20/2012,SGR,TX,ASW,CE,Federal Contract Tower,0,16,83,0,99,0,0,95,0,95,0,16,178,0,194,122,0,122,316
09/21/2012,SGR,TX,ASW,CE,Federal Contract Tower,0,23,62,0,85,0,0,112,0,112,0,23,174,0,197,94,0,94,291
09/22/2012,SGR,TX,ASW,CE,Federal Contract Tower,0,4,29,0,33,0,0,72,0,72,0,4,101,0,105,70,0,70,175
09/23/2012,SGR,TX,ASW,CE,Federal Contract Tower,0,25,50,0,75,0,0,74,0,74,0,25,124,0,149,112,0,112,261
09/24/2012,SGR,TX,ASW,CE,Federal Contract Tower,0,15,55,0,70,0,0,55,0,55,0,15,110,0,125,86,0,86,211
09/25/2012,SGR,TX,ASW,CE,Federal Contract Tower,0,11,55,0,66,0,1,62,0,63,0,12,117,0,129,54,0,54,183
09/26/2012,SGR,TX,ASW,CE,Federal Contract Tower,0,14,81,0,95,0,0,62,0,62,0,14,143,0,157,90,0,90,247
09/27/2012,SGR,TX,ASW,CE,Federal Contract Tower,0,19,77,0,96,0,2,65,0,67,0,21,142,0,163,60,0,60,223
09/28/2012,SGR,TX,ASW,CE,Federal Contract Tower,0,11,51,0,62,0,0,46,0,46,0,11,97,0,108,30,0,30,138
09/29/2012,SGR,TX,ASW,CE,Federal Contract Tower,0,2,28,0,30,0,0,8,0,8,0,2,36,0,38,18,0,18,56
09/30/2012,SGR,TX,ASW,CE,Federal Contract Tower,0,17,76,0,93,0,0,10,0,10,0,17,86,0,103,0,0,0,103
10/01/2012,SGR,TX,ASW,CE,Federal Contract Tower,0,8,64,0,72,0,0,63,0,63,0,8,127,0,135,2,0,2,137
10/02/2012,SGR,TX,ASW,CE,Federal Contract Tower,0,15,89,0,104,0,0,86,0,86,0,15,175,0,190,104,0,104,294
10/03/2012,SGR,TX,ASW,CE,Federal Contract Tower,0,16,94,0,110,0,0,91,0,91,0,16,185,0,201,140,0,140,341
10/04/2012,SGR,TX,ASW,CE,Federal Contract Tower,0,15,74,0,89,0,0,80,0,80,0,15,154,0,169,74,0,74,243
10/05/2012,SGR,TX,ASW,CE,Federal Contract Tower,0,20,57,0,77,0,3,63,0,66,0,23,120,0,143,48,0,48,191
10/06/2012,SGR,TX,ASW,CE,Federal Contract Tower,0,16,42,0,58,0,0,68,0,68,0,16,110,0,126,84,0,84,210
10/07/2012,SGR,TX,ASW,CE,Federal Contract Tower,0,15,76,0,91,0,0,57,0,57,0,15,133,0,148,102,0,102,250
10/08/2012,SGR,TX,ASW,CE,Federal Contract Tower,0,11,75,0,86,0,0,52,0,52,0,11,127,0,138,82,0,82,220
10/09/2012,SGR,TX,ASW,CE,Federal Contract Tower,0,16,82,0,98,0,1,63,0,64,0,17,145,0,162,46,0,46,208
10/10/2012,SGR,TX,ASW,CE,Federal Contract Tower,0,17,99,0,116,0,0,71,0,71,0,17,170,0,187,60,0,60,247
10/11/2012,SGR,TX,ASW,CE,Federal Contract Tower,0,11,64,0,75,0,0,55,0,55,0,11,119,0,130,72,0,72,202
10/12/2012,SGR,TX,ASW,CE,Federal Contract Tower,0,21,54,0,75,0,1,76,0,77,0,22,130,0,152,46,0,46,198
10/13/2012,SGR,TX,ASW,CE,Federal Contract Tower,0,10,29,0,39,0,0,58,0,58,0,10,87,0,97,48,0,48,145
10/14/2012,SGR,TX,ASW,CE,Federal Contract Tower,0,16,64,0,80,0,0,48,0,48,0,16,112,0,128,94,0,94,222
10/15/2012,SGR,TX,ASW,CE,Federal Contract Tower,0,12,88,0,100,0,0,80,0,80,0,12,168,0,180,66,0,66,246
10/16/2012,SGR,TX,ASW,CE,Federal Contract Tower,0,30,64,0,94,0,0,80,0,80,0,30,144,0,174,24,0,24,198
10/17/2012,SGR,TX,ASW,CE,Federal Contract Tower,0,17,69,0,86,0,0,82,0,82,0,17,151,0,168,48,0,48,216
10/18/2012,SGR,TX,ASW,CE,Federal Contract Tower,0,20,110,2,132,0,0,58,0,58,0,20,168,2,190,30,0,30,220
10/19/2012,SGR,TX,ASW,CE,Federal Contract Tower,0,15,63,2,80,0,0,115,0,115,0,15,178,2,195,98,0,98,293
10/20/2012,SGR,TX,ASW,CE,Federal Contract Tower,0,11,28,0,39,0,68,0,0,68,0,79,28,0,107,130,0,130,237
10/21/2012,SGR,TX,ASW,CE,Federal Contract Tower,0,11,52,0,63,0,0,78,0,78,0,11,130,0,141,28,0,28,169
10/22/2012,SGR,TX,ASW,CE,Federal Contract Tower,0,17,64,0,81,0,1,70,0,71,0,18,134,0,152,114,0,114,266
10/23/2012,SGR,TX,ASW,CE,Federal Contract Tower,0,6,71,5,82,0,1,67,0,68,0,7,138,5,150,96,0,96,246
10/24/2012,SGR,TX,ASW,CE,Federal Contract Tower,0,23,85,0,108,0,0,60,0,60,0,23,145,0,168,26,0,26,194
10/25/2012,SGR,TX,ASW,CE,Federal Contract Tower,0,19,88,0,107,0,0,47,0,47,0,19,135,0,154,24,0,24,178
10/26/2012,SGR,TX,ASW,CE,Federal Contract Tower,0,18,58,0,76,0,0,28,0,28,0,18,86,0,104,38,0,38,142
10/27/2012,SGR,TX,ASW,CE,Federal Contract Tower,0,3,42,0,45,0,0,70,0,70,0,3,112,0,115,58,0,58,173
10/28/2012,SGR,TX,ASW,CE,Federal Contract Tower,0,15,61,0,76,0,0,74,0,74,0,15,135,0,150,42,0,42,192
10/29/2012,SGR,TX,ASW,CE,Federal Contract Tower,0,10,45,4,59,0,0,68,0,68,0,10,113,4,127,60,0,60,187
10/30/2012,SGR,TX,ASW,CE,Federal Contract Tower,0,16,69,0,85,0,2,74,0,76,0,18,143,0,161,58,0,58,219
10/31/2012,SGR,TX,ASW,CE,Federal Contract Tower,0,7,64,0,71,0,0,75,0,75,0,7,139,0,146,42,0,42,188
11/01/2012,SGR,TX,ASW,CE,Federal Contract Tower,0,14,85,0,99,0,1,50,0,51,0,15,135,0,150,56,0,56,206
11/02/2012,SGR,TX,ASW,CE,Federal Contract Tower,0,10,73,0,83,0,0,78,0,78,0,10,151,0,161,108,0,108,269
11/03/2012,SGR,TX,ASW,CE,Federal Contract Tower,0,3,45,0,48,0,0,41,0,41,0,3,86,0,89,90,0,90,179
11/04/2012,SGR,TX,ASW,CE,Federal Contract Tower,0,7,80,0,87,0,0,66,0,66,0,7,146,0,153,160,0,160,313
11/05/2012,SGR,TX,ASW,CE,Federal Contract Tower,0,12,68,0,80,0,0,33,0,33,0,12,101,0,113,42,0,42,155
11/06/2012,SGR,TX,ASW,CE,Federal Contract Tower,0,9,54,0,63,0,1,93,0,94,0,10,147,0,157,50,0,50,207
11/07/2012,SGR,TX,ASW,CE,Federal Contract Tower,0,16,58,2,76,0,1,77,0,78,0,17,135,2,154,38,8,46,200
11/08/2012,SGR,TX,ASW,CE,Federal Contract Tower,0,19,69,0,88,0,2,66,0,68,0,21,135,0,156,78,0,78,234
11/09/2012,SGR,TX,ASW,CE,Federal Contract Tower,0,20,57,0,77,0,9,80,0,89,0,29,137,0,166,58,0,58,224
11/10/2012,SGR,TX,ASW,CE,Federal Contract Tower,0,15,55,0,70,0,0,69,0,69,0,15,124,0,139,92,0,92,231
11/11/2012,SGR,TX,ASW,CE,Federal Contract Tower,0,17,57,0,74,0,0,36,0,36,0,17,93,0,110,90,0,90,200
11/12/2012,SGR,TX,ASW,CE,Federal Contract Tower,0,15,56,0,71,0,1,54,0,55,0,16,110,0,126,66,0,66,192
11/13/2012,SGR,TX,ASW,CE,Federal Contract Tower,0,12,83,0,95,0,3,50,0,53,0,15,133,0,148,46,0,46,194
11/14/2012,SGR,TX,ASW,CE,Federal Contract Tower,0,19,86,0,105,0,0,53,0,53,0,19,139,0,158,30,0,30,188
11/15/2012,SGR,TX,ASW,CE,Federal Contract Tower,0,25,87,0,112,0,1,66,0,67,0,26,153,0,179,68,0,68,247
11/16/2012,SGR,TX,ASW,CE,Federal Contract Tower,0,12,76,0,88,0,2,60,0,62,0,14,136,0,150,6,0,6,156
11/17/2012,SGR,TX,ASW,CE,Federal Contract Tower,0,8,39,0,47,0,1,82,0,83,0,9,121,0,130,44,0,44,174
11/18/2012,SGR,TX,ASW,CE,Federal Contract Tower,0,11,67,0,78,0,0,98,0,98,0,11,165,0,176,80,0,80,256
11/19/2012,SGR,TX,ASW,CE,Federal Contract Tower,0,6,44,0,50,0,1,67,0,68,0,7,111,0,118,40,0,40,158
11/20/2012,SGR,TX,ASW,CE,Federal Contract Tower,0,15,58,0,73,0,1,82,0,83,0,16,140,0,156,46,0,46,202
11/21/2012,SGR,TX,ASW,CE,Federal Contract Tower,0,18,58,0,76,0,3,84,0,87,0,21,142,0,163,66,0,66,229
11/22/2012,SGR,TX,ASW,CE,Federal Contract Tower,0,4,23,0,27,0,0,21,0,21,0,4,44,0,48,0,0,0,48
11/23/2012,SGR,TX,ASW,CE,Federal Contract Tower,0,8,20,0,28,0,0,36,0,36,0,8,56,0,64,44,0,44,108
11/24/2012,SGR,TX,ASW,CE,Federal Contract Tower,0,13,47,0,60,0,0,73,0,73,0,13,120,0,133,100,0,100,233
11/25/2012,SGR,TX,ASW,CE,Federal Contract Tower,0,18,45,0,63,0,70,0,0,70,0,88,45,0,133,62,0,62,195
11/26/2012,SGR,TX,ASW,CE,Federal Contract Tower,0,24,47,2,73,0,0,29,0,29,0,24,76,2,102,2,0,2,104
11/27/2012,SGR,TX,ASW,CE,Federal Contract Tower,0,12,65,0,77,0,0,20,0,20,0,12,85,0,97,52,0,52,149
11/28/2012,SGR,TX,ASW,CE,Federal Contract Tower,0,14,83,0,97,0,0,84,0,84,0,14,167,0,181,68,0,68,249
11/29/2012,SGR,TX,ASW,CE,Federal Contract Tower,0,10,87,0,97,0,0,42,2,44,0,10,129,2,141,34,0,34,175
11/30/2012,SGR,TX,ASW,CE,Federal Contract Tower,0,8,71,2,81,0,1,63,0,64,0,9,134,2,145,86,0,86,231
12/01/2012,SGR,TX,ASW,CE,Federal Contract Tower,0,8,41,0,49,0,0,68,0,68,0,8,109,0,117,182,0,182,299
12/02/2012,SGR,TX,ASW,CE,Federal Contract Tower,0,13,71,0,84,0,68,0,0,68,0,81,71,0,152,62,0,62,214
12/03/2012,SGR,TX,ASW,CE,Federal Contract Tower,0,17,54,0,71,0,1,22,0,23,0,18,76,0,94,28,0,28,122
12/04/2012,SGR,TX,ASW,CE,Federal Contract Tower,0,16,54,0,70,0,1,8,0,9,0,17,62,0,79,8,0,8,87
12/05/2012,SGR,TX,ASW,CE,Federal Contract Tower,0,14,95,0,109,0,0,16,0,16,0,14,111,0,125,16,0,16,141
12/06/2012,SGR,TX,ASW,CE,Federal Contract Tower,0,17,87,0,104,0,0,37,0,37,0,17,124,0,141,38,0,38,179
12/07/2012,SGR,TX,ASW,CE,Federal Contract Tower,0,15,81,0,96,0,1,56,1,58,0,16,137,1,154,60,0,60,214
12/08/2012,SGR,TX,ASW,CE,Federal Contract Tower,0,0,45,6,51,0,0,59,1,60,0,0,104,7,111,110,14,124,235
12/09/2012,SGR,TX,ASW,CE,Federal Contract Tower,0,11,70,0,81,0,1,35,0,36,0,12,105,0,117,72,0,72,189
12/10/2012,SGR,TX,ASW,CE,Federal Contract Tower,0,11,54,0,65,0,4,26,0,30,0,15,80,0,95,14,0,14,109
12/11/2012,SGR,TX,ASW,CE,Federal Contract Tower,0,18,95,0,113,0,2,71,0,73,0,20,166,0,186,22,0,22,208
12/12/2012,SGR,TX,ASW,CE,Federal Contract Tower,0,22,105,0,127,0,1,60,1,62,0,23,165,1,189,54,0,54,243
12/13/2012,SGR,TX,ASW,CE,Federal Contract Tower,0,13,93,0,106,0,4,69,0,73,0,17,162,0,179,62,0,62,241
12/14/2012,SGR,TX,ASW,CE,Federal Contract Tower,0,15,92,0,107,0,2,68,0,70,0,17,160,0,177,58,0,58,235
12/15/2012,SGR,TX,ASW,CE,Federal Contract Tower,0,7,64,0,71,0,0,41,0,41,0,7,105,0,112,66,0,66,178
12/16/2012,SGR,TX,ASW,CE,Federal Contract Tower,0,13,47,0,60,0,0,24,0,24,0,13,71,0,84,8,0,8,92
12/17/2012,SGR,TX,ASW,CE,Federal Contract Tower,0,10,38,0,48,0,1,52,0,53,0,11,90,0,101,12,0,12,113
12/18/2012,SGR,TX,ASW,CE,Federal Contract Tower,0,13,75,0,88,0,2,72,0,74,0,15,147,0,162,46,0,46,208
12/19/2012,SGR,TX,ASW,CE,Federal Contract Tower,0,12,67,0,79,0,0,17,0,17,0,12,84,0,96,32,0,32,128
12/20/2012,SGR,TX,ASW,CE,Federal Contract Tower,0,13,58,0,71,0,1,33,0,34,0,14,91,0,105,6,0,6,111
12/21/2012,SGR,TX,ASW,CE,Federal Contract Tower,0,11,59,0,70,0,0,70,0,70,0,11,129,0,140,56,0,56,196
12/22/2012,SGR,TX,ASW,CE,Federal Contract Tower,0,9,43,0,52,0,1,77,0,78,0,10,120,0,130,58,0,58,188
12/23/2012,SGR,TX,ASW,CE,Federal Contract Tower,0,13,40,0,53,0,0,59,0,59,0,13,99,0,112,52,0,52,164
12/24/2012,SGR,TX,ASW,CE,Federal Contract Tower,0,3,18,0,21,0,1,41,0,42,0,4,59,0,63,30,0,30,93
12/25/2012,SGR,TX,ASW,CE,Federal Contract Tower,0,5,11,0,16,0,0,0,0,0,0,5,11,0,16,0,0,0,16
12/26/2012,SGR,TX,ASW,CE,Federal Contract Tower,0,11,52,0,63,0,1,32,0,33,0,12,84,0,96,40,0,40,136
12/27/2012,SGR,TX,ASW,CE,Federal Contract Tower,0,16,73,0,89,0,0,21,0,21,0,16,94,0,110,16,0,16,126
12/28/2012,SGR,TX,ASW,CE,Federal Contract Tower,0,14,48,0,62,0,0,17,0,17,0,14,65,0,79,20,0,20,99
12/29/2012,SGR,TX,ASW,CE,Federal Contract Tower,0,9,42,0,51,0,0,62,0,62,0,9,104,0,113,104,0,104,217
12/30/2012,SGR,TX,ASW,CE,Federal Contract Tower,0,12,42,0,54,0,0,66,0,66,0,12,108,0,120,58,0,58,178
12/31/2012,SGR,TX,ASW,CE,Federal Contract Tower,0,12,29,0,41,0,0,0,0,0,0,12,29,0,41,0,0,0,41
01/01/2013,SGR,TX,ASW,CE,Federal Contract Tower,0,5,21,0,26,0,0,9,0,9,0,5,30,0,35,0,0,0,35
01/02/2013,SGR,TX,ASW,CE,Federal Contract Tower,0,12,53,0,65,0,0,15,0,15,0,12,68,0,80,60,0,60,140
01/03/2013,SGR,TX,ASW,CE,Federal Contract Tower,0,18,52,0,70,0,0,65,0,65,0,18,117,0,135,48,0,48,183
01/04/2013,SGR,TX,ASW,CE,Federal Contract Tower,0,14,54,0,68,0,0,44,0,44,0,14,98,0,112,28,0,28,140
01/05/2013,SGR,TX,ASW,CE,Federal Contract Tower,0,4,59,0,63,0,0,2,0,2,0,4,61,0,65,0,0,0,65
01/06/2013,SGR,TX,ASW,CE,Federal Contract Tower,0,10,61,0,71,0,0,102,0,102,0,10,163,0,173,106,0,106,279
01/07/2013,SGR,TX,ASW,CE,Federal Contract Tower,0,13,50,0,63,0,0,56,0,56,0,13,106,0,119,20,0,20,139
01/08/2013,SGR,TX,ASW,CE,Federal Contract Tower,0,22,54,0,76,0,0,0,0,0,0,22,54,0,76,0,0,0,76
01/09/2013,SGR,TX,ASW,CE,Federal Contract Tower,0,9,30,0,39,0,0,0,0,0,0,9,30,0,39,0,0,0,39
01/10/2013,SGR,TX,ASW,CE,Federal Contract Tower,0,16,71,0,87,0,1,72,0,73,0,17,143,0,160,38,0,38,198
01/11/2013,SGR,TX,ASW,CE,Federal Contract Tower,0,19,73,0,92,0,0,42,0,42,0,19,115,0,134,44,0,44,178
01/12/2013,SGR,TX,ASW,CE,Federal Contract Tower,0,9,31,0,40,0,4,2,0,6,0,13,33,0,46,0,0,0,46
01/13/2013,SGR,TX,ASW,CE,Federal Contract Tower,0,11,35,0,46,0,0,33,0,33,0,11,68,0,79,24,0,24,103
01/14/2013,SGR,TX,ASW,CE,Federal Contract Tower,0,12,55,0,67,0,0,8,0,8,0,12,63,0,75,16,0,16,91
01/15/2013,SGR,TX,ASW,CE,Federal Contract Tower,0,8,68,0,76,0,0,1,0,1,0,8,69,0,77,0,0,0,77
01/16/2013,SGR,TX,ASW,CE,Federal Contract Tower,0,22,57,0,79,0,0,46,0,46,0,22,103,0,125,10,0,10,135
01/17/2013,SGR,TX,ASW,CE,Federal Contract Tower,0,16,81,0,97,0,1,56,0,57,0,17,137,0,154,58,0,58,212
01/18/2013,SGR,TX,ASW,CE,Federal Contract Tower,0,10,54,0,64,0,0,87,0,87,0,10,141,0,151,100,0,100,251
01/19/2013,SGR,TX,ASW,CE,Federal Contract Tower,0,6,35,0,41,0,0,94,0,94,0,6,129,0,135,122,0,122,257
01/20/2013,SGR,TX,ASW,CE,Federal Contract Tower,0,7,45,0,52,0,0,66,0,66,0,7,111,0,118,112,0,112,230
01/21/2013,SGR,TX,ASW,CE,Federal Contract Tower,0,15,66,0,81,0,1,78,0,79,0,16,144,0,160,94,0,94,254
01/22/2013,SGR,TX,ASW,CE,Federal Contract Tower,0,15,66,0,81,0,5,40,0,45,0,20,106,0,126,64,0,64,190
01/23/2013,SGR,TX,ASW,CE,Federal Contract Tower,0,23,70,0,93,0,6,65,0,71,0,29,135,0,164,92,0,92,256
01/24/2013,SGR,TX,ASW,CE,Federal Contract Tower,0,16,86,0,102,0,0,61,0,61,0,16,147,0,163,76,0,76,239
01/25/2013,SGR,TX,ASW,CE,Federal Contract Tower,0,14,67,7,88,0,0,81,0,81,0,14,148,7,169,108,0,108,277
01/26/2013,SGR,TX,ASW,CE,Federal Contract Tower,0,10,35,0,45,0,0,55,0,55,0,10,90,0,100,114,0,114,214
01/27/2013,SGR,TX,ASW,CE,Federal Contract Tower,0,4,53,0,57,0,0,39,0,39,0,4,92,0,96,102,0,102,198
01/28/2013,SGR,TX,ASW,CE,Federal Contract Tower,0,12,55,0,67,0,0,28,0,28,0,12,83,0,95,42,0,42,137
01/29/2013,SGR,TX,ASW,CE,Federal Contract Tower,0,14,58,0,72,0,0,5,0,5,0,14,63,0,77,2,0,2,79
01/30/2013,SGR,TX,ASW,CE,Federal Contract Tower,0,16,85,0,101,0,1,27,0,28,0,17,112,0,129,14,0,14,143
01/31/2013,SGR,TX,ASW,CE,Federal Contract Tower,0,8,78,0,86,0,2,71,0,73,0,10,149,0,159,154,0,154,313
02/01/2013,SGR,TX,ASW,CE,Federal Contract Tower,0,29,74,0,103,0,0,97,0,97,0,29,171,0,200,64,0,64,264
02/02/2013,SGR,TX,ASW,CE,Federal Contract Tower,0,7,45,0,52,0,2,79,0,81,0,9,124,0,133,84,0,84,217
02/03/2013,SGR,TX,ASW,CE,Federal Contract Tower,0,13,40,0,53,0,0,86,0,86,0,13,126,0,139,116,0,116,255
02/04/2013,SGR,TX,ASW,CE,Federal Contract Tower,0,13,54,0,67,0,12,33,0,45,0,25,87,0,112,106,0,106,218
02/05/2013,SGR,TX,ASW,CE,Federal Contract Tower,0,7,75,0,82,0,0,33,0,33,0,7,108,0,115,38,0,38,153
02/06/2013,SGR,TX,ASW,CE,Federal Contract Tower,0,22,103,0,125,0,0,8,0,8,0,22,111,0,133,0,0,0,133
02/07/2013,SGR,TX,ASW,CE,Federal Contract Tower,0,15,84,0,99,0,1,50,0,51,0,16,134,0,150,94,0,94,244
02/08/2013,SGR,TX,ASW,CE,Federal Contract Tower,0,16,76,0,92,0,1,105,0,106,0,17,181,0,198,150,0,150,348
02/09/2013,SGR,TX,ASW,CE,Federal Contract Tower,0,8,62,0,70,0,0,46,0,46,0,8,108,0,116,90,0,90,206
02/10/2013,SGR,TX,ASW,CE,Federal Contract Tower,0,7,42,0,49,0,0,27,0,27,0,7,69,0,76,16,0,16,92
02/11/2013,SGR,TX,ASW,CE,Federal Contract Tower,0,22,49,0,71,0,0,11,0,11,0,22,60,0,82,2,0,2,84
02/12/2013,SGR,TX,ASW,CE,Federal Contract Tower,0,21,57,0,78,0,0,11,0,11,0,21,68,0,89,4,0,4,93
02/13/2013,SGR,TX,ASW,CE,Federal Contract Tower,0,16,100,0,116,0,2,53,0,55,0,18,153,0,171,26,0,26,197
02/14/2013,SGR,TX,ASW,CE,Federal Contract Tower,0,17,59,0,76,0,0,70,0,70,0,17,129,0,146,60,0,60,206
02/15/2013,SGR,TX,ASW,CE,Federal Contract Tower,0,10,68,0,78,0,1,118,0,119,0,11,186,0,197,88,0,88,285
02/16/2013,SGR,TX,ASW,CE,Federal Contract Tower,0,5,44,0,49,0,0,88,0,88,0,5,132,0,137,84,0,84,221
02/17/2013,SGR,TX,ASW,CE,Federal Contract Tower,0,13,59,0,72,0,1,87,0,88,0,14,146,0,160,180,0,180,340
02/18/2013,SGR,TX,ASW,CE,Federal Contract Tower,0,9,65,0,74,0,0,13,0,13,0,9,78,0,87,18,0,18,105
02/19/2013,SGR,TX,ASW,CE,Federal Contract Tower,0,21,97,0,118,0,2,54,0,56,0,23,151,0,174,10,0,10,184
02/20/2013,SGR,TX,ASW,CE,Federal Contract Tower,0,19,78,0,97,0,0,10,0,10,0,19,88,0,107,0,0,0,107
02/21/2013,SGR,TX,ASW,CE,Federal Contract Tower,0,15,49,0,64,0,2,33,0,35,0,17,82,0,99,44,0,44,143
02/22/2013,SGR,TX,ASW,CE,Federal Contract Tower,0,17,67,0,84,0,0,68,4,72,0,17,135,4,156,54,4,58,214
02/23/2013,SGR,TX,ASW,CE,Federal Contract Tower,0,2,37,0,39,0,0,70,0,70,0,2,107,0,109,62,0,62,171
02/24/2013,SGR,TX,ASW,CE,Federal Contract Tower,0,11,44,0,55,0,0,87,0,87,0,11,131,0,142,58,0,58,200
02/25/2013,SGR,TX,ASW,CE,Federal Contract Tower,0,8,31,0,39,0,0,10,0,10,0,8,41,0,49,8,0,8,57
02/26/2013,SGR,TX,ASW,CE,Federal Contract Tower,0,10,83,0,93,0,2,65,0,67,0,12,148,0,160,44,0,44,204
02/27/2013,SGR,TX,ASW,CE,Federal Contract Tower,0,15,74,0,89,0,0,69,0,69,0,15,143,0,158,26,0,26,184
02/28/2013,SGR,TX,ASW,CE,Federal Contract Tower,0,11,94,0,105,0,0,92,0,92,0,11,186,0,197,102,0,102,299
03/01/2013,SGR,TX,ASW,CE,Federal Contract Tower,0,9,69,0,78,0,7,83,0,90,0,16,152,0,168,74,0,74,242
03/02/2013,SGR,TX,ASW,CE,Federal Contract Tower,0,2,63,0,65,0,91,0,0,91,0,93,63,0,156,34,0,34,190
03/03/2013,SGR,TX,ASW,CE,Federal Contract Tower,0,10,48,0,58,0,0,74,0,74,0,10,122,0,132,82,0,82,214
03/04/2013,SGR,TX,ASW,CE,Federal Contract Tower,0,13,25,0,38,0,0,36,0,36,0,13,61,0,74,4,0,4,78
03/05/2013,SGR,TX,ASW,CE,Federal Contract Tower,0,14,73,0,87,0,1,17,0,18,0,15,90,0,105,0,0,0,105
03/06/2013,SGR,TX,ASW,CE,Federal Contract Tower,0,17,80,0,97,0,2,87,0,89,0,19,167,0,186,78,0,78,264
03/07/2013,SGR,TX,ASW,CE,Federal Contract Tower,0,13,110,0,123,0,3,80,0,83,0,16,190,0,206,56,0,56,262
03/08/2013,SGR,TX,ASW,CE,Federal Contract Tower,0,11,59,0,70,0,0,60,0,60,0,11,119,0,130,78,0,78,208
03/09/2013,SGR,TX,ASW,CE,Federal Contract Tower,0,20,50,0,70,0,0,65,0,65,0,20,115,0,135,56,0,56,191
03/10/2013,SGR,TX,ASW,CE,Federal Contract Tower,0,16,69,0,85,0,0,37,1,38,0,16,106,1,123,32,0,32,155
03/11/2013,SGR,TX,ASW,CE,Federal Contract Tower,0,9,56,0,65,0,9,79,2,90,0,18,135,2,155,56,0,56,211
03/12/2013,SGR,TX,ASW,CE,Federal Contract Tower,0,14,56,0,70,0,1,62,0,63,0,15,118,0,133,50,0,50,183
03/13/2013,SGR,TX,ASW,CE,Federal Contract Tower,0,25,54,0,79,0,2,80,0,82,0,27,134,0,161,34,0,34,195
03/14/2013,SGR,TX,ASW,CE,Federal Contract Tower,0,14,54,0,68,0,0,82,0,82,0,14,136,0,150,90,0,90,240
03/15/2013,SGR,TX,ASW,CE,Federal Contract Tower,0,11,52,0,63,0,0,105,0,105,0,11,157,0,168,116,0,116,284
03/16/2013,SGR,TX,ASW,CE,Federal Contract Tower,0,13,42,0,55,0,0,85,0,85,0,13,127,0,140,46,0,46,186
03/17/2013,SGR,TX,ASW,CE,Federal Contract Tower,0,26,77,0,103,0,0,76,0,76,0,26,153,0,179,78,0,78,257
03/18/2013,SGR,TX,ASW,CE,Federal Contract Tower,0,10,61,0,71,0,0,66,0,66,0,10,127,0,137,52,0,52,189
03/19/2013,SGR,TX,ASW,CE,Federal Contract Tower,0,12,70,0,82,0,0,41,0,41,0,12,111,0,123,54,0,54,177
03/20/2013,SGR,TX,ASW,CE,Federal Contract Tower,0,15,89,0,104,0,1,35,0,36,0,16,124,0,140,18,0,18,158
03/21/2013,SGR,TX,ASW,CE,Federal Contract Tower,0,16,89,0,105,0,0,85,0,85,0,16,174,0,190,76,0,76,266
03/22/2013,SGR,TX,ASW,CE,Federal Contract Tower,0,13,53,0,66,0,0,47,0,47,0,13,100,0,113,82,0,82,195
03/23/2013,SGR,TX,ASW,CE,Federal Contract Tower,0,21,64,0,85,0,0,0,0,0,0,21,64,0,85,0,0,0,85
03/24/2013,SGR,TX,ASW,CE,Federal Contract Tower,0,14,39,2,55,0,0,45,0,45,0,14,84,2,100,14,0,14,114
03/25/2013,SGR,TX,ASW,CE,Federal Contract Tower,0,6,45,0,51,0,3,89,0,92,0,9,134,0,143,72,0,72,215
03/26/2013,SGR,TX,ASW,CE,Federal Contract Tower,0,12,96,0,108,0,3,92,0,95,0,15,188,0,203,62,0,62,265
03/27/2013,SGR,TX,ASW,CE,Federal Contract Tower,0,12,76,0,88,0,2,77,0,79,0,14,153,0,167,42,0,42,209
03/28/2013,SGR,TX,ASW,CE,Federal Contract Tower,0,10,80,0,90,0,1,102,0,103,0,11,182,0,193,84,2,86,279
03/29/2013,SGR,TX,ASW,CE,Federal Contract Tower,0,9,48,0,57,0,4,88,0,92,0,13,136,0,149,60,0,60,209
03/30/2013,SGR,TX,ASW,CE,Federal Contract Tower,0,2,34,0,36,0,0,82,0,82,0,2,116,0,118,116,0,116,234
03/31/2013,SGR,TX,ASW,CE,Federal Contract Tower,0,10,31,0,41,0,0,23,0,23,0,10,54,0,64,4,0,4,68
04/01/2013,SGR,TX,ASW,CE,Federal Contract Tower,0,9,64,0,73,0,0,50,0,50,0,9,114,0,123,24,0,24,147
04/02/2013,SGR,TX,ASW,CE,Federal Contract Tower,0,20,59,0,79,0,4,10,0,14,0,24,69,0,93,16,0,16,109
04/03/2013,SGR,TX,ASW,CE,Federal Contract Tower,0,12,63,0,75,0,0,6,0,6,0,12,69,0,81,0,0,0,81
04/04/2013,SGR,TX,ASW,CE,Federal Contract Tower,0,20,102,0,122,0,0,18,0,18,0,20,120,0,140,14,0,14,154
04/05/2013,SGR,TX,ASW,CE,Federal Contract Tower,0,23,53,5,81,0,5,118,0,123,0,28,171,5,204,98,0,98,302
04/06/2013,SGR,TX,ASW,CE,Federal Contract Tower,0,10,45,0,55,0,0,84,2,86,0,10,129,2,141,116,0,116,257
04/07/2013,SGR,TX,ASW,CE,Federal Contract Tower,0,18,65,0,83,0,0,61,0,61,0,18,126,0,144,46,0,46,190
04/08/2013,SGR,TX,ASW,CE,Federal Contract Tower,0,24,61,0,85,0,13,49,0,62,0,37,110,0,147,18,0,18,165
04/09/2013,SGR,TX,ASW,CE,Federal Contract Tower,0,20,75,0,95,0,0,23,0,23,0,20,98,0,118,6,2,8,126
04/10/2013,SGR,TX,ASW,CE,Federal Contract Tower,0,18,103,0,121,0,0,4,0,4,0,18,107,0,125,10,0,10,135
04/11/2013,SGR,TX,ASW,CE,Federal Contract Tower,0,30,74,0,104,0,3,55,0,58,0,33,129,0,162,54,0,54,216
04/12/2013,SGR,TX,ASW,CE,Federal Contract Tower,0,17,63,2,82,0,7,85,0,92,0,24,148,2,174,62,0,62,236
04/13/2013,SGR,TX,ASW,CE,Federal Contract Tower,0,8,29,0,37,0,0,72,0,72,0,8,101,0,109,54,0,54,163
04/14/2013,SGR,TX,ASW,CE,Federal Contract Tower,0,13,44,0,57,0,0,55,0,55,0,13,99,0,112,44,0,44,156
04/15/2013,SGR,TX,ASW,CE,Federal Contract Tower,0,10,49,0,59,0,0,43,0,43,0,10,92,0,102,68,0,68,170
04/16/2013,SGR,TX,ASW,CE,Federal Contract Tower,0,16,63,0,79,0,0,32,0,32,0,16,95,0,111,0,0,0,111
04/17/2013,SGR,TX,ASW,CE,Federal Contract Tower,0,14,71,0,85,0,2,17,0,19,0,16,88,0,104,0,0,0,104
04/18/2013,SGR,TX,ASW,CE,Federal Contract Tower,0,17,55,0,72,0,0,10,1,11,0,17,65,1,83,0,0,0,83
04/19/2013,SGR,TX,ASW,CE,Federal Contract Tower,0,13,91,0,104,0,0,80,0,80,0,13,171,0,184,44,0,44,228
04/20/2013,SGR,TX,ASW,CE,Federal Contract Tower,0,2,38,0,40,0,0,90,0,90,0,2,128,0,130,78,0,78,208
04/21/2013,SGR,TX,ASW,CE,Federal Contract Tower,0,11,40,0,51,0,0,96,0,96,0,11,136,0,147,66,0,66,213
04/22/2013,SGR,TX,ASW,CE,Federal Contract Tower,0,15,56,0,71,0,1,94,1,96,0,16,150,1,167,62,6,68,235
04/23/2013,SGR,TX,ASW,CE,Federal Contract Tower,0,24,76,0,100,0,1,64,0,65,0,25,140,0,165,80,0,80,245
04/24/2013,SGR,TX,ASW,CE,Federal Contract Tower,0,20,63,0,83,0,1,32,0,33,0,21,95,0,116,2,0,2,118
04/25/2013,SGR,TX,ASW,CE,Federal Contract Tower,0,13,94,0,107,0,0,74,0,74,0,13,168,0,181,42,0,42,223
04/26/2013,SGR,TX,ASW,CE,Federal Contract Tower,0,17,73,0,90,0,1,66,0,67,0,18,139,0,157,114,0,114,271
04/27/2013,SGR,TX,ASW,CE,Federal Contract Tower,0,15,45,0,60,0,0,34,0,34,0,15,79,0,94,34,0,34,128
04/28/2013,SGR,TX,ASW,CE,Federal Contract Tower,0,18,42,0,60,0,0,84,0,84,0,18,126,0,144,56,0,56,200
04/29/2013,SGR,TX,ASW,CE,Federal Contract Tower,0,12,68,0,80,0,0,43,0,43,0,12,111,0,123,68,0,68,191
04/30/2013,SGR,TX,ASW,CE,Federal Contract Tower,0,13,54,0,67,0,5,40,0,45,0,18,94,0,112,54,0,54,166
05/01/2013,SGR,TX,ASW,CE,Federal Contract Tower,0,16,82,0,98,0,0,72,0,72,0,16,154,0,170,106,0,106,276
05/02/2013,SGR,TX,ASW,CE,Federal Contract Tower,0,18,98,0,116,0,0,31,4,35,0,18,129,4,151,10,0,10,161
05/03/2013,SGR,TX,ASW,CE,Federal Contract Tower,0,17,47,0,64,0,7,70,2,79,0,24,117,2,143,20,0,20,163
05/04/2013,SGR,TX,ASW,CE,Federal Contract Tower,0,14,34,0,48,0,0,85,0,85,0,14,119,0,133,50,0,50,183
05/05/2013,SGR,TX,ASW,CE,Federal Contract Tower,0,22,40,0,62,0,10,81,0,91,0,32,121,0,153,40,0,40,193
05/06/2013,SGR,TX,ASW,CE,Federal Contract Tower,0,17,81,0,98,0,3,111,0,114,0,20,192,0,212,68,0,68,280
05/07/2013,SGR,TX,ASW,CE,Federal Contract Tower,0,21,92,0,113,0,3,63,0,66,0,24,155,0,179,36,0,36,215
05/08/2013,SGR,TX,ASW,CE,Federal Contract Tower,0,21,77,0,98,0,2,69,0,71,0,23,146,0,169,58,0,58,227
05/09/2013,SGR,TX,ASW,CE,Federal Contract Tower,0,22,126,0,148,0,0,35,0,35,0,22,161,0,183,86,0,86,269
05/10/2013,SGR,TX,ASW,CE,Federal Contract Tower,0,15,30,0,45,0,0,34,0,34,0,15,64,0,79,42,0,42,121
05/11/2013,SGR,TX,ASW,CE,Federal Contract Tower,0,4,44,0,48,0,0,76,0,76,0,4,120,0,124,100,0,100,224
05/12/2013,SGR,TX,ASW,CE,Federal Contract Tower,0,14,40,0,54,0,0,75,0,75,0,14,115,0,129,116,0,116,245
05/13/2013,SGR,TX,ASW,CE,Federal Contract Tower,0,8,78,0,86,0,4,90,0,94,0,12,168,0,180,120,0,120,300
05/14/2013,SGR,TX,ASW,CE,Federal Contract Tower,0,10,75,0,85,0,0,77,0,77,0,10,152,0,162,42,0,42,204
05/15/2013,SGR,TX,ASW,CE,Federal Contract Tower,0,23,61,0,84,0,0,28,0,28,0,23,89,0,112,30,0,30,142
05/16/2013,SGR,TX,ASW,CE,Federal Contract Tower,0,24,97,0,121,0,12,51,0,63,0,36,148,0,184,38,0,38,222
05/17/2013,SGR,TX,ASW,CE,Federal Contract Tower,0,11,50,0,61,0,0,65,0,65,0,11,115,0,126,56,0,56,182
05/18/2013,SGR,TX,ASW,CE,Federal Contract Tower,0,2,30,0,32,0,0,57,0,57,0,2,87,0,89,98,0,98,187
05/19/2013,SGR,TX,ASW,CE,Federal Contract Tower,0,15,53,0,68,0,14,79,0,93,0,29,132,0,161,90,0,90,251
05/20/2013,SGR,TX,ASW,CE,Federal Contract Tower,0,16,62,0,78,0,2,55,0,57,0,18,117,0,135,34,0,34,169
05/21/2013,SGR,TX,ASW,CE,Federal Contract Tower,0,10,62,0,72,0,3,37,0,40,0,13,99,0,112,76,0,76,188
05/22/2013,SGR,TX,ASW,CE,Federal Contract Tower,0,13,84,0,97,0,0,55,0,55,0,13,139,0,152,76,0,76,228
05/23/2013,SGR,TX,ASW,CE,Federal Contract Tower,0,20,88,0,108,0,0,68,0,68,0,20,156,0,176,88,0,88,264
05/24/2013,SGR,TX,ASW,CE,Federal Contract Tower,0,6,57,0,63,0,0,47,0,47,0,6,104,0,110,68,0,68,178
05/25/2013,SGR,TX,ASW,CE,Federal Contract Tower,0,5,17,0,22,0,0,45,0,45,0,5,62,0,67,74,0,74,141
05/26/2013,SGR,TX,ASW,CE,Federal Contract Tower,0,2,23,0,25,0,1,52,0,53,0,3,75,0,78,112,0,112,190
05/27/2013,SGR,TX,ASW,CE,Federal Contract Tower,0,14,27,0,41,0,2,68,0,70,0,16,95,0,111,102,0,102,213
05/28/2013,SGR,TX,ASW,CE,Federal Contract Tower,0,11,75,0,86,0,4,51,0,55,0,15,126,0,141,96,0,96,237
05/29/2013,SGR,TX,ASW,CE,Federal Contract Tower,0,13,77,0,90,0,0,36,0,36,0,13,113,0,126,116,0,116,242
05/30/2013,SGR,TX,ASW,CE,Federal Contract Tower,0,12,83,0,95,0,0,62,0,62,0,12,145,0,157,48,0,48,205
05/31/2013,SGR,TX,ASW,CE,Federal Contract Tower,0,12,41,0,53,0,1,62,0,63,0,13,103,0,116,108,0,108,224
06/01/2013,SGR,TX,ASW,CE,Federal Contract Tower,0,2,44,0,46,0,4,48,0,52,0,6,92,0,98,134,0,134,232
06/02/2013,SGR,TX,ASW,CE,Federal Contract Tower,0,4,43,0,47,0,1,53,0,54,0,5,96,0,101,60,0,60,161
06/03/2013,SGR,TX,ASW,CE,Federal Contract Tower,0,8,51,0,59,0,3,59,0,62,0,11,110,0,121,60,0,60,181
06/04/2013,SGR,TX,ASW,CE,Federal Contract Tower,0,14,55,0,69,0,0,62,0,62,0,14,117,0,131,54,0,54,185
06/05/2013,SGR,TX,ASW,CE,Federal Contract Tower,0,13,58,0,71,0,81,0,0,81,0,94,58,0,152,72,0,72,224
06/06/2013,SGR,TX,ASW,CE,Federal Contract Tower,0,11,71,0,82,0,0,61,0,61,0,11,132,0,143,46,0,46,189
06/07/2013,SGR,TX,ASW,CE,Federal Contract Tower,0,15,39,0,54,0,0,79,0,79,0,15,118,0,133,72,0,72,205
06/08/2013,SGR,TX,ASW,CE,Federal Contract Tower,0,10,36,0,46,0,0,72,0,72,0,10,108,0,118,86,0,86,204
06/09/2013,SGR,TX,ASW,CE,Federal Contract Tower,0,17,40,0,57,0,0,45,0,45,0,17,85,0,102,52,0,52,154
06/10/2013,SGR,TX,ASW,CE,Federal Contract Tower,0,13,45,0,58,0,1,69,0,70,0,14,114,0,128,66,0,66,194
06/11/2013,SGR,TX,ASW,CE,Federal Contract Tower,0,18,83,0,101,0,2,67,0,69,0,20,150,0,170,36,0,36,206
06/12/2013,SGR,TX,ASW,CE,Federal Contract Tower,0,19,78,0,97,0,3,58,0,61,0,22,136,0,158,26,0,26,184
06/13/2013,SGR,TX,ASW,CE,Federal Contract Tower,0,19,68,0,87,0,0,88,0,88,0,19,156,0,175,88,0,88,263
06/14/2013,SGR,TX,ASW,CE,Federal Contract Tower,0,13,51,0,64,0,4,74,0,78,0,17,125,0,142,50,0,50,192
06/15/2013,SGR,TX,ASW,CE,Federal Contract Tower,0,13,39,0,52,0,0,76,0,76,0,13,115,0,128,54,0,54,182
06/16/2013,SGR,TX,ASW,CE,Federal Contract Tower,0,14,46,0,60,0,0,93,0,93,0,14,139,0,153,72,0,72,225
06/17/2013,SGR,TX,ASW,CE,Federal Contract Tower,0,14,44,4,62,0,0,84,0,84,0,14,128,4,146,76,0,76,222
06/18/2013,SGR,TX,ASW,CE,Federal Contract Tower,0,13,64,0,77,0,0,46,0,46,0,13,110,0,123,58,0,58,181
06/19/2013,SGR,TX,ASW,CE,Federal Contract Tower,0,13,76,0,89,0,2,48,0,50,0,15,124,0,139,52,0,52,191
06/20/2013,SGR,TX,ASW,CE,Federal Contract Tower,0,20,64,0,84,0,0,70,0,70,0,20,134,0,154,94,0,94,248
06/21/2013,SGR,TX,ASW,CE,Federal Contract Tower,0,12,59,0,71,0,1,78,0,79,0,13,137,0,150,82,0,82,232
06/22/2013,SGR,TX,ASW,CE,Federal Contract Tower,0,12,36,0,48,0,0,68,0,68,0,12,104,0,116,116,0,116,232
06/23/2013,SGR,TX,ASW,CE,Federal Contract Tower,0,10,44,0,54,0,0,63,0,63,0,10,107,0,117,42,0,42,159
06/24/2013,SGR,TX,ASW,CE,Federal Contract Tower,0,15,54,0,69,0,5,53,0,58,0,20,107,0,127,36,0,36,163
06/25/2013,SGR,TX,ASW,CE,Federal Contract Tower,0,35,77,0,112,0,64,0,0,64,0,99,77,0,176,18,0,18,194
06/26/2013,SGR,TX,ASW,CE,Federal Contract Tower,0,18,67,0,85,0,3,67,0,70,0,21,134,0,155,58,0,58,213
06/27/2013,SGR,TX,ASW,CE,Federal Contract Tower,0,35,58,0,93,0,0,84,0,84,0,35,142,0,177,106,0,106,283
06/28/2013,SGR,TX,ASW,CE,Federal Contract Tower,0,20,53,0,73,0,0,70,0,70,0,20,123,0,143,78,0,78,221
06/29/2013,SGR,TX,ASW,CE,Federal Contract Tower,0,13,44,0,57,0,0,73,0,73,0,13,117,0,130,70,0,70,200
06/30/2013,SGR,TX,ASW,CE,Federal Contract Tower,0,6,67,0,73,0,0,83,0,83,0,6,150,0,156,52,0,52,208
07/01/2013,SGR,TX,ASW,CE,Federal Contract Tower,0,19,55,0,74,0,0,63,0,63,0,19,118,0,137,32,0,32,169
07/02/2013,SGR,TX,ASW,CE,Federal Contract Tower,0,9,69,0,78,0,2,87,0,89,0,11,156,0,167,58,0,58,225
07/03/2013,SGR,TX,ASW,CE,Federal Contract Tower,0,19,54,0,73,0,2,59,0,61,0,21,113,0,134,78,0,78,212
07/04/2013,SGR,TX,ASW,CE,Federal Contract Tower,0,0,20,0,20,0,1,38,0,39,0,1,58,0,59,68,0,68,127
07/05/2013,SGR,TX,ASW,CE,Federal Contract Tower,0,5,18,0,23,0,0,66,0,66,0,5,84,0,89,60,0,60,149
07/06/2013,SGR,TX,ASW,CE,Federal Contract Tower,0,7,24,0,31,0,0,52,0,52,0,7,76,0,83,82,0,82,165
07/07/2013,SGR,TX,ASW,CE,Federal Contract Tower,0,17,50,0,67,0,0,40,0,40,0,17,90,0,107,32,0,32,139
07/08/2013,SGR,TX,ASW,CE,Federal Contract Tower,0,11,37,0,48,0,0,34,0,34,0,11,71,0,82,44,0,44,126
07/09/2013,SGR,TX,ASW,CE,Federal Contract Tower,0,15,51,0,66,0,1,42,0,43,0,16,93,0,109,64,0,64,173
07/10/2013,SGR,TX,ASW,CE,Federal Contract Tower,0,21,82,0,103,0,1,66,0,67,0,22,148,0,170,20,0,20,190
07/11/2013,SGR,TX,ASW,CE,Federal Contract Tower,0,22,82,0,104,0,0,64,0,64,0,22,146,0,168,52,0,52,220
07/12/2013,SGR,TX,ASW,CE,Federal Contract Tower,0,10,53,0,63,0,4,58,0,62,0,14,111,0,125,48,0,48,173
07/13/2013,SGR,TX,ASW,CE,Federal Contract Tower,0,5,32,0,37,0,0,72,0,72,0,5,104,0,109,44,0,44,153
07/14/2013,SGR,TX,ASW,CE,Federal Contract Tower,0,14,101,0,115,0,0,81,0,81,0,14,182,0,196,96,0,96,292
07/15/2013,SGR,TX,ASW,CE,Federal Contract Tower,0,12,43,0,55,0,0,19,0,19,0,12,62,0,74,26,0,26,100
07/16/2013,SGR,TX,ASW,CE,Federal Contract Tower,0,7,64,0,71,0,2,44,0,46,0,9,108,0,117,36,0,36,153
07/17/2013,SGR,TX,ASW,CE,Federal Contract Tower,0,17,68,0,85,0,0,26,0,26,0,17,94,0,111,14,0,14,125
07/18/2013,SGR,TX,ASW,CE,Federal Contract Tower,0,12,62,0,74,0,0,39,0,39,0,12,101,0,113,46,0,46,159
07/19/2013,SGR,TX,ASW,CE,Federal Contract Tower,0,19,53,0,72,0,1,49,0,50,0,20,102,0,122,22,0,22,144
07/20/2013,SGR,TX,ASW,CE,Federal Contract Tower,0,9,38,0,47,0,0,37,0,37,0,9,75,0,84,106,0,106,190
07/21/2013,SGR,TX,ASW,CE,Federal Contract Tower,0,1,53,0,54,0,0,35,0,35,0,1,88,0,89,56,0,56,145
07/22/2013,SGR,TX,ASW,CE,Federal Contract Tower,0,12,38,0,50,0,3,50,0,53,0,15,88,0,103,56,0,56,159
07/23/2013,SGR,TX,ASW,CE,Federal Contract Tower,0,11,60,0,71,0,0,72,0,72,0,11,132,0,143,52,0,52,195
07/24/2013,SGR,TX,ASW,CE,Federal Contract Tower,0,10,77,0,87,0,2,54,0,56,0,12,131,0,143,46,0,46,189
07/25/2013,SGR,TX,ASW,CE,Federal Contract Tower,0,15,80,0,95,0,0,82,0,82,0,15,162,0,177,28,0,28,205
07/26/2013,SGR,TX,ASW,CE,Federal Contract Tower,0,11,70,0,81,0,0,39,0,39,0,11,109,0,120,42,0,42,162
07/27/2013,SGR,TX,ASW,CE,Federal Contract Tower,0,10,20,0,30,0,1,58,18,77,0,11,78,18,107,48,0,48,155
07/28/2013,SGR,TX,ASW,CE,Federal Contract Tower,0,14,62,0,76,0,0,45,0,45,0,14,107,0,121,70,0,70,191
07/29/2013,SGR,TX,ASW,CE,Federal Contract Tower,0,10,54,2,66,0,1,46,0,47,0,11,100,2,113,32,0,32,145
07/30/2013,SGR,TX,ASW,CE,Federal Contract Tower,0,21,68,0,89,0,2,48,0,50,0,23,116,0,139,58,0,58,197
07/31/2013,SGR,TX,ASW,CE,Federal Contract Tower,0,8,57,2,67,0,2,90,0,92,0,10,147,2,159,34,0,34,193
08/01/2013,SGR,TX,ASW,CE,Federal Contract Tower,0,19,65,0,84,0,0,56,0,56,0,19,121,0,140,78,0,78,218
08/02/2013,SGR,TX,ASW,CE,Federal Contract Tower,0,13,51,0,64,0,1,53,0,54,0,14,104,0,118,110,0,110,228
08/03/2013,SGR,TX,ASW,CE,Federal Contract Tower,0,8,38,0,46,0,0,74,0,74,0,8,112,0,120,92,0,92,212
08/04/2013,SGR,TX,ASW,CE,Federal Contract Tower,0,20,54,0,74,0,1,73,0,74,0,21,127,0,148,58,0,58,206
08/05/2013,SGR,TX,ASW,CE,Federal Contract Tower,0,13,40,0,53,0,0,43,0,43,0,13,83,0,96,16,0,16,112
08/06/2013,SGR,TX,ASW,CE,Federal Contract Tower,0,17,63,0,80,0,2,38,0,40,0,19,101,0,120,44,0,44,164
08/07/2013,SGR,TX,ASW,CE,Federal Contract Tower,0,14,67,0,81,0,0,65,0,65,0,14,132,0,146,96,0,96,242
08/08/2013,SGR,TX,ASW,CE,Federal Contract Tower,0,27,58,0,85,0,0,67,0,67,0,27,125,0,152,80,0,80,232
08/09/2013,SGR,TX,ASW,CE,Federal Contract Tower,0,18,60,0,78,0,1,62,0,63,0,19,122,0,141,86,0,86,227
08/10/2013,SGR,TX,ASW,CE,Federal Contract Tower,0,6,34,0,40,0,0,58,0,58,0,6,92,0,98,60,0,60,158
08/11/2013,SGR,TX,ASW,CE,Federal Contract Tower,0,12,39,0,51,0,1,71,0,72,0,13,110,0,123,104,0,104,227
08/12/2013,SGR,TX,ASW,CE,Federal Contract Tower,0,8,28,2,38,0,0,58,0,58,0,8,86,2,96,108,0,108,204
08/13/2013,SGR,TX,ASW,CE,Federal Contract Tower,0,7,60,0,67,0,2,48,0,50,0,9,108,0,117,52,0,52,169
08/14/2013,SGR,TX,ASW,CE,Federal Contract Tower,0,11,68,0,79,0,0,46,0,46,0,11,114,0,125,54,0,54,179
08/15/2013,SGR,TX,ASW,CE,Federal Contract Tower,0,10,83,0,93,0,1,57,0,58,0,11,140,0,151,84,0,84,235
08/16/2013,SGR,TX,ASW,CE,Federal Contract Tower,0,12,34,0,46,0,4,61,0,65,0,16,95,0,111,34,0,34,145
08/17/2013,SGR,TX,ASW,CE,Federal Contract Tower,0,3,48,0,51,0,1,82,0,83,0,4,130,0,134,102,0,102,236
08/18/2013,SGR,TX,ASW,CE,Federal Contract Tower,0,5,30,0,35,0,0,51,0,51,0,5,81,0,86,16,0,16,102
08/19/2013,SGR,TX,ASW,CE,Federal Contract Tower,0,7,34,0,41,0,0,60,0,60,0,7,94,0,101,72,0,72,173
08/20/2013,SGR,TX,ASW,CE,Federal Contract Tower,0,24,54,0,78,0,1,56,0,57,0,25,110,0,135,64,0,64,199
08/21/2013,SGR,TX,ASW,CE,Federal Contract Tower,0,9,66,0,75,0,0,57,0,57,0,9,123,0,132,76,0,76,208
08/22/2013,SGR,TX,ASW,CE,Federal Contract Tower,0,4,66,0,70,0,2,55,0,57,0,6,121,0,127,128,0,128,255
08/23/2013,SGR,TX,ASW,CE,Federal Contract Tower,0,13,40,0,53,0,2,75,0,77,0,15,115,0,130,100,0,100,230
08/24/2013,SGR,TX,ASW,CE,Federal Contract Tower,0,6,20,0,26,0,0,82,4,86,0,6,102,4,112,62,0,62,174
08/25/2013,SGR,TX,ASW,CE,Federal Contract Tower,0,6,28,0,34,0,0,27,0,27,0,6,55,0,61,14,0,14,75
08/26/2013,SGR,TX,ASW,CE,Federal Contract Tower,0,13,60,0,73,0,0,3,0,3,0,13,63,0,76,8,0,8,84
08/27/2013,SGR,TX,ASW,CE,Federal Contract Tower,0,16,73,0,89,0,7,52,0,59,0,23,125,0,148,36,0,36,184
08/28/2013,SGR,TX,ASW,CE,Federal Contract Tower,0,15,48,0,63,0,0,77,0,77,0,15,125,0,140,94,0,94,234
08/29/2013,SGR,TX,ASW,CE,Federal Contract Tower,0,4,75,0,79,0,1,98,0,99,0,5,173,0,178,68,0,68,246
08/30/2013,SGR,TX,ASW,CE,Federal Contract Tower,0,14,64,0,78,0,1,111,0,112,0,15,175,0,190,58,0,58,248
08/31/2013,SGR,TX,ASW,CE,Federal Contract Tower,0,5,43,0,48,0,0,92,0,92,0,5,135,0,140,150,0,150,290
09/01/2013,SGR,TX,ASW,CE,Federal Contract Tower,0,6,30,0,36,0,1,60,0,61,0,7,90,0,97,68,0,68,165
09/02/2013,SGR,TX,ASW,CE,Federal Contract Tower,0,11,46,0,57,0,3,60,0,63,0,14,106,0,120,90,0,90,210
09/03/2013,SGR,TX,ASW,CE,Federal Contract Tower,0,19,53,0,72,0,2,50,0,52,0,21,103,0,124,44,0,44,168
09/04/2013,SGR,TX,ASW,CE,Federal Contract Tower,0,15,42,0,57,0,3,69,0,72,0,18,111,0,129,102,0,102,231
09/05/2013,SGR,TX,ASW,CE,Federal Contract Tower,0,15,58,0,73,0,0,66,0,66,0,15,124,0,139,54,0,54,193
09/06/2013,SGR,TX,ASW,CE,Federal Contract Tower,0,18,48,0,66,0,2,62,0,64,0,20,110,0,130,52,0,52,182
09/07/2013,SGR,TX,ASW,CE,Federal Contract Tower,0,6,38,0,44,0,0,68,0,68,0,6,106,0,112,54,0,54,166
09/08/2013,SGR,TX,ASW,CE,Federal Contract Tower,0,11,38,0,49,0,1,57,0,58,0,12,95,0,107,60,0,60,167
09/09/2013,SGR,TX,ASW,CE,Federal Contract Tower,0,12,48,2,62,0,2,54,0,56,0,14,102,2,118,16,0,16,134
09/10/2013,SGR,TX,ASW,CE,Federal Contract Tower,0,11,54,0,65,0,1,51,0,52,0,12,105,0,117,2,0,2,119
09/11/2013,SGR,TX,ASW,CE,Federal Contract Tower,0,11,67,0,78,0,22,65,0,87,0,33,132,0,165,78,0,78,243
09/12/2013,SGR,TX,ASW,CE,Federal Contract Tower,0,8,74,0,82,0,17,76,0,93,0,25,150,0,175,110,0,110,285
09/13/2013,SGR,TX,ASW,CE,Federal Contract Tower,0,13,63,0,76,0,0,90,0,90,0,13,153,0,166,86,0,86,252
09/14/2013,SGR,TX,ASW,CE,Federal Contract Tower,0,10,39,0,49,0,1,61,0,62,0,11,100,0,111,82,0,82,193
09/15/2013,SGR,TX,ASW,CE,Federal Contract Tower,0,19,33,0,52,0,2,50,0,52,0,21,83,0,104,36,0,36,140
09/16/2013,SGR,TX,ASW,CE,Federal Contract Tower,0,9,54,0,63,0,2,56,0,58,0,11,110,0,121,56,0,56,177
09/17/2013,SGR,TX,ASW,CE,Federal Contract Tower,0,8,71,2,81,0,5,47,0,52,0,13,118,2,133,26,0,26,159
09/18/2013,SGR,TX,ASW,CE,Federal Contract Tower,0,14,62,0,76,0,0,35,0,35,0,14,97,0,111,32,0,32,143
09/19/2013,SGR,TX,ASW,CE,Federal Contract Tower,0,6,44,0,50,0,0,62,0,62,0,6,106,0,112,34,0,34,146
09/20/2013,SGR,TX,ASW,CE,Federal Contract Tower,0,14,44,0,58,0,1,19,0,20,0,15,63,0,78,52,0,52,130
09/21/2013,SGR,TX,ASW,CE,Federal Contract Tower,0,5,37,0,42,0,0,20,0,20,0,5,57,0,62,68,0,68,130
09/22/2013,SGR,TX,ASW,CE,Federal Contract Tower,0,19,41,0,60,0,2,79,0,81,0,21,120,0,141,116,0,116,257
09/23/2013,SGR,TX,ASW,CE,Federal Contract Tower,0,25,46,0,71,0,0,65,0,65,0,25,111,0,136,96,0,96,232
09/24/2013,SGR,TX,ASW,CE,Federal Contract Tower,0,18,92,0,110,0,3,50,0,53,0,21,142,0,163,74,0,74,237
09/25/2013,SGR,TX,ASW,CE,Federal Contract Tower,0,12,68,0,80,0,0,67,0,67,0,12,135,0,147,26,0,26,173
09/26/2013,SGR,TX,ASW,CE,Federal Contract Tower,0,14,92,0,106,0,0,89,0,89,0,14,181,0,195,128,0,128,323
09/27/2013,SGR,TX,ASW,CE,Federal Contract Tower,0,16,57,0,73,0,0,67,0,67,0,16,124,0,140,92,0,92,232
09/28/2013,SGR,TX,ASW,CE,Federal Contract Tower,0,7,37,0,44,0,0,41,0,41,0,7,78,0,85,88,0,88,173
09/29/2013,SGR,TX,ASW,CE,Federal Contract Tower,0,10,64,0,74,0,0,57,0,57,0,10,121,0,131,34,0,34,165
09/30/2013,SGR,TX,ASW,CE,Federal Contract Tower,0,12,56,0,68,0,0,31,0,31,0,12,87,0,99,18,0,18,117
10/01/2013,SGR,TX,ASW,CE,Federal Contract Tower,0,9,80,0,89,0,2,49,0,51,0,11,129,0,140,42,0,42,182
10/02/2013,SGR,TX,ASW,CE,Federal Contract Tower,0,14,69,0,83,0,0,30,0,30,0,14,99,0,113,34,0,34,147
10/03/2013,SGR,TX,ASW,CE,Federal Contract Tower,0,19,73,0,92,0,1,50,0,51,0,20,123,0,143,42,0,42,185
10/04/2013,SGR,TX,ASW,CE,Federal Contract Tower,0,9,56,0,65,0,3,68,0,71,0,12,124,0,136,52,0,52,188
10/05/2013,SGR,TX,ASW,CE,Federal Contract Tower,0,8,27,0,35,0,0,68,0,68,0,8,95,0,103,172,0,172,275
10/06/2013,SGR,TX,ASW,CE,Federal Contract Tower,0,9,44,0,53,0,0,63,0,63,0,9,107,0,116,92,0,92,208
10/07/2013,SGR,TX,ASW,CE,Federal Contract Tower,0,14,60,0,74,0,2,49,0,51,0,16,109,0,125,50,0,50,175
10/08/2013,SGR,TX,ASW,CE,Federal Contract Tower,0,15,85,0,100,0,3,69,0,72,0,18,154,0,172,112,0,112,284
10/09/2013,SGR,TX,ASW,CE,Federal Contract Tower,0,7,71,0,78,0,3,91,0,94,0,10,162,0,172,62,0,62,234
10/10/2013,SGR,TX,ASW,CE,Federal Contract Tower,0,11,62,0,73,0,0,84,0,84,0,11,146,0,157,88,0,88,245
10/11/2013,SGR,TX,ASW,CE,Federal Contract Tower,0,12,50,0,62,0,2,68,0,70,0,14,118,0,132,64,0,64,196
10/12/2013,SGR,TX,ASW,CE,Federal Contract Tower,0,8,40,0,48,0,2,28,0,30,0,10,68,0,78,82,0,82,160
10/13/2013,SGR,TX,ASW,CE,Federal Contract Tower,0,9,41,0,50,0,0,7,0,7,0,9,48,0,57,0,0,0,57
10/14/2013,SGR,TX,ASW,CE,Federal Contract Tower,0,7,52,0,59,0,0,66,0,66,0,7,118,0,125,86,0,86,211
10/15/2013,SGR,TX,ASW,CE,Federal Contract Tower,0,9,51,0,60,0,0,56,0,56,0,9,107,0,116,88,0,88,204
10/16/2013,SGR,TX,ASW,CE,Federal Contract Tower,0,18,106,0,124,0,0,4,0,4,0,18,110,0,128,20,0,20,148
10/17/2013,SGR,TX,ASW,CE,Federal Contract Tower,0,9,81,0,90,0,1,78,0,79,0,10,159,0,169,42,0,42,211
10/18/2013,SGR,TX,ASW,CE,Federal Contract Tower,0,14,81,0,95,0,2,80,0,82,0,16,161,0,177,80,0,80,257
10/19/2013,SGR,TX,ASW,CE,Federal Contract Tower,0,6,37,0,43,0,1,69,0,70,0,7,106,0,113,98,0,98,211
10/20/2013,SGR,TX,ASW,CE,Federal Contract Tower,0,8,51,0,59,0,2,91,0,93,0,10,142,0,152,102,0,102,254
10/21/2013,SGR,TX,ASW,CE,Federal Contract Tower,0,13,56,0,69,0,1,37,0,38,0,14,93,0,107,22,0,22,129
10/22/2013,SGR,TX,ASW,CE,Federal Contract Tower,0,14,91,0,105,0,6,51,0,57,0,20,142,0,162,10,0,10,172
10/23/2013,SGR,TX,ASW,CE,Federal Contract Tower,0,15,80,0,95,0,7,90,0,97,0,22,170,0,192,50,0,50,242
10/24/2013,SGR,TX,ASW,CE,Federal Contract Tower,0,9,79,0,88,0,0,76,0,76,0,9,155,0,164,158,0,158,322
10/25/2013,SGR,TX,ASW,CE,Federal Contract Tower,0,12,64,2,78,0,1,94,0,95,0,13,158,2,173,148,0,148,321
10/26/2013,SGR,TX,ASW,CE,Federal Contract Tower,0,5,36,0,41,0,2,89,0,91,0,7,125,0,132,92,0,92,224
10/27/2013,SGR,TX,ASW,CE,Federal Contract Tower,0,7,58,0,65,0,0,27,0,27,0,7,85,0,92,34,0,34,126
10/28/2013,SGR,TX,ASW,CE,Federal Contract Tower,0,13,80,0,93,0,9,65,0,74,0,22,145,0,167,92,0,92,259
10/29/2013,SGR,TX,ASW,CE,Federal Contract Tower,0,9,83,0,92,0,1,45,0,46,0,10,128,0,138,54,0,54,192
10/30/2013,SGR,TX,ASW,CE,Federal Contract Tower,0,10,102,0,112,0,2,10,0,12,0,12,112,0,124,14,0,14,138
10/31/2013,SGR,TX,ASW,CE,Federal Contract Tower,0,6,41,0,47,0,1,17,0,18,0,7,58,0,65,28,0,28,93
11/01/2013,SGR,TX,ASW,CE,Federal Contract Tower,0,11,67,0,78,0,5,77,0,82,0,16,144,0,160,82,0,82,242
11/02/2013,SGR,TX,ASW,CE,Federal Contract Tower,0,5,47,2,54,0,2,78,0,80,0,7,125,2,134,124,0,124,258
11/03/2013,SGR,TX,ASW,CE,Federal Contract Tower,0,16,37,0,53,0,2,80,0,82,0,18,117,0,135,66,0,66,201
11/04/2013,SGR,TX,ASW,CE,Federal Contract Tower,0,18,92,0,110,0,0,17,0,17,0,18,109,0,127,12,0,12,139
11/05/2013,SGR,TX,ASW,CE,Federal Contract Tower,0,12,82,0,94,0,3,39,0,42,0,15,121,0,136,20,0,20,156
11/06/2013,SGR,TX,ASW,CE,Federal Contract Tower,0,18,74,0,92,0,0,47,0,47,0,18,121,0,139,26,0,26,165
11/07/2013,SGR,TX,ASW,CE,Federal Contract Tower,0,14,77,0,91,0,0,66,0,66,0,14,143,0,157,82,0,82,239
11/08/2013,SGR,TX,ASW,CE,Federal Contract Tower,0,12,72,0,84,0,1,82,0,83,0,13,154,0,167,100,0,100,267
11/09/2013,SGR,TX,ASW,CE,Federal Contract Tower,0,9,54,0,63,0,1,78,0,79,0,10,132,0,142,152,0,152,294
11/10/2013,SGR,TX,ASW,CE,Federal Contract Tower,0,6,69,0,75,0,9,69,0,78,0,15,138,0,153,42,8,50,203
11/11/2013,SGR,TX,ASW,CE,Federal Contract Tower,0,13,58,0,71,0,2,60,0,62,0,15,118,0,133,48,0,48,181
11/12/2013,SGR,TX,ASW,CE,Federal Contract Tower,0,10,107,0,117,0,5,33,0,38,0,15,140,0,155,26,0,26,181
11/13/2013,SGR,TX,ASW,CE,Federal Contract Tower,0,19,81,0,100,0,1,70,0,71,0,20,151,0,171,46,0,46,217
11/14/2013,SGR,TX,ASW,CE,Federal Contract Tower,0,13,74,0,87,0,1,62,0,63,0,14,136,0,150,68,0,68,218
11/15/2013,SGR,TX,ASW,CE,Federal Contract Tower,0,16,78,0,94,0,0,94,5,99,0,16,172,5,193,116,30,146,339
11/16/2013,SGR,TX,ASW,CE,Federal Contract Tower,0,6,74,0,80,0,2,39,0,41,0,8,113,0,121,32,0,32,153
11/17/2013,SGR,TX,ASW,CE,Federal Contract Tower,0,12,64,0,76,0,1,81,0,82,0,13,145,0,158,70,0,70,228
11/18/2013,SGR,TX,ASW,CE,Federal Contract Tower,0,12,81,0,93,0,12,16,2,30,0,24,97,2,123,6,0,6,129
11/19/2013,SGR,TX,ASW,CE,Federal Contract Tower,0,21,81,0,102,0,6,72,0,78,0,27,153,0,180,44,0,44,224
11/20/2013,SGR,TX,ASW,CE,Federal Contract Tower,0,23,113,2,138,0,3,66,0,69,0,26,179,2,207,58,0,58,265
11/21/2013,SGR,TX,ASW,CE,Federal Contract Tower,0,13,91,0,104,0,0,20,2,22,0,13,111,2,126,14,0,14,140
11/22/2013,SGR,TX,ASW,CE,Federal Contract Tower,0,16,56,0,72,0,0,0,0,0,0,16,56,0,72,0,0,0,72
11/23/2013,SGR,TX,ASW,CE,Federal Contract Tower,0,10,63,0,73,0,3,0,0,3,0,13,63,0,76,0,0,0,76
11/24/2013,SGR,TX,ASW,CE,Federal Contract Tower,0,2,83,0,85,0,5,46,0,51,0,7,129,0,136,0,50,50,186
11/25/2013,SGR,TX,ASW,CE,Federal Contract Tower,0,6,31,0,37,0,0,0,0,0,0,6,31,0,37,0,0,0,37
11/26/2013,SGR,TX,ASW,CE,Federal Contract Tower,0,14,57,0,71,0,0,8,0,8,0,14,65,0,79,6,0,6,85
11/27/2013,SGR,TX,ASW,CE,Federal Contract Tower,0,13,77,0,90,0,2,76,0,78,0,15,153,0,168,74,0,74,242
11/28/2013,SGR,TX,ASW,CE,Federal Contract Tower,0,4,8,0,12,0,0,36,0,36,0,4,44,0,48,16,0,16,64
11/29/2013,SGR,TX,ASW,CE,Federal Contract Tower,0,11,32,0,43,0,2,70,0,72,0,13,102,0,115,72,0,72,187
11/30/2013,SGR,TX,ASW,CE,Federal Contract Tower,0,10,37,0,47,0,0,70,0,70,0,10,107,0,117,132,0,132,249
12/01/2013,SGR,TX,ASW,CE,Federal Contract Tower,0,21,80,0,101,0,0,59,2,61,0,21,139,2,162,140,6,146,308
12/02/2013,SGR,TX,ASW,CE,Federal Contract Tower,0,16,84,0,100,0,1,53,0,54,0,17,137,0,154,44,0,44,198
12/03/2013,SGR,TX,ASW,CE,Federal Contract Tower,0,15,85,4,104,0,2,49,0,51,0,17,134,4,155,68,2,70,225
12/04/2013,SGR,TX,ASW,CE,Federal Contract Tower,0,7,86,0,93,0,0,26,0,26,0,7,112,0,119,58,0,58,177
12/05/2013,SGR,TX,ASW,CE,Federal Contract Tower,0,10,64,0,74,0,0,2,0,2,0,10,66,0,76,12,0,12,88
12/06/2013,SGR,TX,ASW,CE,Federal Contract Tower,0,11,38,0,49,0,0,0,0,0,0,11,38,0,49,4,0,4,53
12/07/2013,SGR,TX,ASW,CE,Federal Contract Tower,0,4,24,0,28,0,0,6,0,6,0,4,30,0,34,4,0,4,38
12/08/2013,SGR,TX,ASW,CE,Federal Contract Tower,0,6,35,0,41,0,0,27,1,28,0,6,62,1,69,54,18,72,141
12/09/2013,SGR,TX,ASW,CE,Federal Contract Tower,0,2,55,0,57,0,0,0,0,0,0,2,55,0,57,0,0,0,57
12/10/2013,SGR,TX,ASW,CE,Federal Contract Tower,0,10,88,0,98,0,1,75,0,76,0,11,163,0,174,80,0,80,254
12/11/2013,SGR,TX,ASW,CE,Federal Contract Tower,0,18,96,2,116,0,1,67,0,68,0,19,163,2,184,70,0,70,254
12/12/2013,SGR,TX,ASW,CE,Federal Contract Tower,0,18,65,0,83,0,0,54,2,56,0,18,119,2,139,50,0,50,189
12/13/2013,SGR,TX,ASW,CE,Federal Contract Tower,0,13,77,0,90,0,0,14,0,14,0,13,91,0,104,8,0,8,112
12/14/2013,SGR,TX,ASW,CE,Federal Contract Tower,0,7,50,0,57,0,2,40,0,42,0,9,90,0,99,132,0,132,231
12/15/2013,SGR,TX,ASW,CE,Federal Contract Tower,0,11,51,0,62,0,28,98,0,126,0,39,149,0,188,194,0,194,382
12/16/2013,SGR,TX,ASW,CE,Federal Contract Tower,0,19,60,0,79,0,15,87,0,102,0,34,147,0,181,50,0,50,231
12/17/2013,SGR,TX,ASW,CE,Federal Contract Tower,0,17,95,0,112,0,5,86,0,91,0,22,181,0,203,102,0,102,305
12/18/2013,SGR,TX,ASW,CE,Federal Contract Tower,0,15,95,0,110,0,0,85,0,85,0,15,180,0,195,44,0,44,239
12/19/2013,SGR,TX,ASW,CE,Federal Contract Tower,0,20,84,0,104,0,4,56,0,60,0,24,140,0,164,44,0,44,208
12/20/2013,SGR,TX,ASW,CE,Federal Contract Tower,0,20,80,0,100,0,1,30,0,31,0,21,110,0,131,58,0,58,189
12/21/2013,SGR,TX,ASW,CE,Federal Contract Tower,0,14,37,0,51,0,15,6,0,21,0,29,43,0,72,2,0,2,74
12/22/2013,SGR,TX,ASW,CE,Federal Contract Tower,0,15,33,0,48,0,8,81,0,89,0,23,114,0,137,102,0,102,239
12/23/2013,SGR,TX,ASW,CE,Federal Contract Tower,0,12,61,0,73,0,5,105,0,110,0,17,166,0,183,100,0,100,283
12/24/2013,SGR,TX,ASW,CE,Federal Contract Tower,0,4,21,0,25,0,2,80,0,82,0,6,101,0,107,42,0,42,149
12/25/2013,SGR,TX,ASW,CE,Federal Contract Tower,0,1,0,0,1,0,1,9,0,10,0,2,9,0,11,0,0,0,11
12/26/2013,SGR,TX,ASW,CE,Federal Contract Tower,0,7,69,0,76,0,0,75,0,75,0,7,144,0,151,76,0,76,227
12/27/2013,SGR,TX,ASW,CE,Federal Contract Tower,0,19,58,0,77,0,1,65,0,66,0,20,123,0,143,96,0,96,239
12/28/2013,SGR,TX,ASW,CE,Federal Contract Tower,0,7,40,0,47,0,3,71,0,74,0,10,111,0,121,86,0,86,207
12/29/2013,SGR,TX,ASW,CE,Federal Contract Tower,0,10,70,0,80,0,7,72,0,79,0,17,142,0,159,92,0,92,251
12/30/2013,SGR,TX,ASW,CE,Federal Contract Tower,0,12,51,0,63,0,1,24,0,25,0,13,75,0,88,52,0,52,140
12/31/2013,SGR,TX,ASW,CE,Federal Contract Tower,0,17,28,0,45,0,3,53,0,56,0,20,81,0,101,84,0,84,185
01/01/2014,SGR,TX,ASW,CE,Federal Contract Tower,0,7,21,0,28,0,0,11,0,11,0,7,32,0,39,2,0,2,41
01/02/2014,SGR,TX,ASW,CE,Federal Contract Tower,0,8,31,0,39,0,0,47,0,47,0,8,78,0,86,38,0,38,124
01/03/2014,SGR,TX,ASW,CE,Federal Contract Tower,0,14,37,0,51,0,2,68,4,74,0,16,105,4,125,70,0,70,195
01/04/2014,SGR,TX,ASW,CE,Federal Contract Tower,0,5,59,0,64,0,10,66,0,76,0,15,125,0,140,86,0,86,226
01/05/2014,SGR,TX,ASW,CE,Federal Contract Tower,0,6,46,0,52,0,2,22,0,24,0,8,68,0,76,8,0,8,84
01/06/2014,SGR,TX,ASW,CE,Federal Contract Tower,0,10,49,10,69,0,0,42,0,42,0,10,91,10,111,48,0,48,159
01/07/2014,SGR,TX,ASW,CE,Federal Contract Tower,0,12,59,0,71,0,21,53,0,74,0,33,112,0,145,60,0,60,205
01/08/2014,SGR,TX,ASW,CE,Federal Contract Tower,0,9,81,0,90,0,0,8,0,8,0,9,89,0,98,46,0,46,144
01/09/2014,SGR,TX,ASW,CE,Federal Contract Tower,0,8,78,0,86,0,0,11,0,11,0,8,89,0,97,28,0,28,125
01/10/2014,SGR,TX,ASW,CE,Federal Contract Tower,0,12,68,0,80,0,0,38,0,38,0,12,106,0,118,38,0,38,156
01/11/2014,SGR,TX,ASW,CE,Federal Contract Tower,0,4,63,0,67,0,2,80,0,82,0,6,143,0,149,128,0,128,277
01/12/2014,SGR,TX,ASW,CE,Federal Contract Tower,0,15,56,0,71,0,9,103,0,112,0,24,159,0,183,94,0,94,277
01/13/2014,SGR,TX,ASW,CE,Federal Contract Tower,0,15,42,0,57,0,1,43,0,44,0,16,85,0,101,48,0,48,149
01/14/2014,SGR,TX,ASW,CE,Federal Contract Tower,0,8,80,0,88,0,5,57,0,62,0,13,137,0,150,76,0,76,226
01/15/2014,SGR,TX,ASW,CE,Federal Contract Tower,0,13,78,0,91,0,1,65,0,66,0,14,143,0,157,74,0,74,231
01/16/2014,SGR,TX,ASW,CE,Federal Contract Tower,0,11,70,2,83,0,0,72,0,72,0,11,142,2,155,34,0,34,189
01/17/2014,SGR,TX,ASW,CE,Federal Contract Tower,0,18,66,2,86,0,4,92,0,96,0,22,158,2,182,122,0,122,304
01/18/2014,SGR,TX,ASW,CE,Federal Contract Tower,0,3,35,0,38,0,3,98,0,101,0,6,133,0,139,70,0,70,209
01/19/2014,SGR,TX,ASW,CE,Federal Contract Tower,0,8,54,0,62,0,0,59,0,59,0,8,113,0,121,88,0,88,209
01/20/2014,SGR,TX,ASW,CE,Federal Contract Tower,0,12,88,0,100,0,2,61,0,63,0,14,149,0,163,36,0,36,199
01/21/2014,SGR,TX,ASW,CE,Federal Contract Tower,0,19,72,2,93,0,6,53,0,59,0,25,125,2,152,20,0,20,172
01/22/2014,SGR,TX,ASW,CE,Federal Contract Tower,0,20,81,2,103,0,10,68,0,78,0,30,149,2,181,46,0,46,227
01/23/2014,SGR,TX,ASW,CE,Federal Contract Tower,0,18,129,0,147,0,0,19,0,19,0,18,148,0,166,36,0,36,202
01/24/2014,SGR,TX,ASW,CE,Federal Contract Tower,0,17,32,0,49,0,0,19,0,19,0,17,51,0,68,20,0,20,88
01/25/2014,SGR,TX,ASW,CE,Federal Contract Tower,0,11,36,0,47,0,0,80,0,80,0,11,116,0,127,98,0,98,225
01/26/2014,SGR,TX,ASW,CE,Federal Contract Tower,0,17,57,0,74,0,6,93,0,99,0,23,150,0,173,70,0,70,243
01/27/2014,SGR,TX,ASW,CE,Federal Contract Tower,0,21,50,0,71,0,0,45,0,45,0,21,95,0,116,6,0,6,122
01/28/2014,SGR,TX,ASW,CE,Federal Contract Tower,0,11,20,0,31,0,0,0,0,0,0,11,20,0,31,0,0,0,31
01/29/2014,SGR,TX,ASW,CE,Federal Contract Tower,0,3,63,0,66,0,8,84,0,92,0,11,147,0,158,82,0,82,240
01/30/2014,SGR,TX,ASW,CE,Federal Contract Tower,0,7,101,0,108,0,9,82,0,91,0,16,183,0,199,68,0,68,267
01/31/2014,SGR,TX,ASW,CE,Federal Contract Tower,0,13,72,0,85,0,6,62,0,68,0,19,134,0,153,90,0,90,243
02/01/2014,SGR,TX,ASW,CE,Federal Contract Tower,0,1,51,2,54,0,1,62,0,63,0,2,113,2,117,126,0,126,243
02/02/2014,SGR,TX,ASW,CE,Federal Contract Tower,0,7,47,0,54,0,0,0,0,0,0,7,47,0,54,0,0,0,54
02/03/2014,SGR,TX,ASW,CE,Federal Contract Tower,0,7,62,0,69,0,0,0,0,0,0,7,62,0,69,14,0,14,83
02/04/2014,SGR,TX,ASW,CE,Federal Contract Tower,0,12,59,6,77,0,3,8,0,11,0,15,67,6,88,4,0,4,92
02/05/2014,SGR,TX,ASW,CE,Federal Contract Tower,0,22,93,3,118,0,1,61,0,62,0,23,154,3,180,28,2,30,210
02/06/2014,SGR,TX,ASW,CE,Federal Contract Tower,0,9,88,0,97,0,1,30,0,31,0,10,118,0,128,62,0,62,190
02/07/2014,SGR,TX,ASW,CE,Federal Contract Tower,0,20,83,0,103,0,4,22,0,26,0,24,105,0,129,10,0,10,139
02/08/2014,SGR,TX,ASW,CE,Federal Contract Tower,0,19,70,0,89,0,8,40,0,48,0,27,110,0,137,108,0,108,245
02/09/2014,SGR,TX,ASW,CE,Federal Contract Tower,0,13,90,0,103,0,15,51,0,66,0,28,141,0,169,80,0,80,249
02/10/2014,SGR,TX,ASW,CE,Federal Contract Tower,0,6,67,0,73,0,0,0,0,0,0,6,67,0,73,0,0,0,73
02/11/2014,SGR,TX,ASW,CE,Federal Contract Tower,0,11,77,0,88,0,0,7,0,7,0,11,84,0,95,24,0,24,119
02/12/2014,SGR,TX,ASW,CE,Federal Contract Tower,0,10,107,0,117,0,3,58,0,61,0,13,165,0,178,60,0,60,238
02/13/2014,SGR,TX,ASW,CE,Federal Contract Tower,0,6,87,0,93,0,14,77,0,91,0,20,164,0,184,48,0,48,232
02/14/2014,SGR,TX,ASW,CE,Federal Contract Tower,0,3,78,2,83,0,6,77,0,83,0,9,155,2,166,34,0,34,200
02/15/2014,SGR,TX,ASW,CE,Federal Contract Tower,0,6,44,2,52,0,2,81,0,83,0,8,125,2,135,72,0,72,207
02/16/2014,SGR,TX,ASW,CE,Federal Contract Tower,0,4,53,0,57,0,1,69,0,70,0,5,122,0,127,120,0,120,247
02/17/2014,SGR,TX,ASW,CE,Federal Contract Tower,0,11,60,0,71,0,0,34,0,34,0,11,94,0,105,68,0,68,173
02/18/2014,SGR,TX,ASW,CE,Federal Contract Tower,0,12,98,0,110,0,2,41,0,43,0,14,139,0,153,36,0,36,189
02/19/2014,SGR,TX,ASW,CE,Federal Contract Tower,0,23,122,0,145,0,1,46,0,47,0,24,168,0,192,62,0,62,254
02/20/2014,SGR,TX,ASW,CE,Federal Contract Tower,0,7,70,0,77,0,0,16,0,16,0,7,86,0,93,36,0,36,129
02/21/2014,SGR,TX,ASW,CE,Federal Contract Tower,0,15,49,0,64,0,10,84,0,94,0,25,133,0,158,84,0,84,242
02/22/2014,SGR,TX,ASW,CE,Federal Contract Tower,0,6,54,0,60,0,15,82,0,97,0,21,136,0,157,62,0,62,219
02/23/2014,SGR,TX,ASW,CE,Federal Contract Tower,0,6,55,0,61,0,0,24,0,24,0,6,79,0,85,18,0,18,103
02/24/2014,SGR,TX,ASW,CE,Federal Contract Tower,0,19,50,0,69,0,0,1,0,1,0,19,51,0,70,0,0,0,70
02/25/2014,SGR,TX,ASW,CE,Federal Contract Tower,0,7,82,0,89,0,0,17,0,17,0,7,99,0,106,26,0,26,132
02/26/2014,SGR,TX,ASW,CE,Federal Contract Tower,0,10,60,4,74,0,1,14,0,15,0,11,74,4,89,10,0,10,99
02/27/2014,SGR,TX,ASW,CE,Federal Contract Tower,0,13,90,0,103,0,0,153,0,153,0,13,243,0,256,120,0,120,376
02/28/2014,SGR,TX,ASW,CE,Federal Contract Tower,0,10,83,0,93,0,0,39,0,39,0,10,122,0,132,58,0,58,190
03/01/2014,SGR,TX,ASW,CE,Federal Contract Tower,0,13,41,0,54,0,2,51,0,53,0,15,92,0,107,106,0,106,213
03/02/2014,SGR,TX,ASW,CE,Federal Contract Tower,0,7,38,0,45,0,0,18,0,18,0,7,56,0,63,62,0,62,125
03/03/2014,SGR,TX,ASW,CE,Federal Contract Tower,0,13,58,2,73,0,2,44,0,46,0,15,102,2,119,86,0,86,205
03/04/2014,SGR,TX,ASW,CE,Federal Contract Tower,0,10,56,0,66,0,0,0,0,0,0,10,56,0,66,0,0,0,66
03/05/2014,SGR,TX,ASW,CE,Federal Contract Tower,0,13,93,0,106,0,13,3,0,16,0,26,96,0,122,28,0,28,150
03/06/2014,SGR,TX,ASW,CE,Federal Contract Tower,0,15,90,0,105,0,3,86,0,89,0,18,176,0,194,44,0,44,238
03/07/2014,SGR,TX,ASW,CE,Federal Contract Tower,0,10,90,0,100,0,0,77,0,77,0,10,167,0,177,122,0,122,299
03/08/2014,SGR,TX,ASW,CE,Federal Contract Tower,0,11,50,0,61,0,0,72,0,72,0,11,122,0,133,72,0,72,205
03/09/2014,SGR,TX,ASW,CE,Federal Contract Tower,0,10,56,0,66,0,0,1,0,1,0,10,57,0,67,0,0,0,67
03/10/2014,SGR,TX,ASW,CE,Federal Contract Tower,0,12,76,0,88,0,0,53,0,53,0,12,129,0,141,84,0,84,225
03/11/2014,SGR,TX,ASW,CE,Federal Contract Tower,0,16,61,0,77,0,0,56,0,56,0,16,117,0,133,80,0,80,213
03/12/2014,SGR,TX,ASW,CE,Federal Contract Tower,0,4,55,0,59,0,0,50,0,50,0,4,105,0,109,40,0,40,149
03/13/2014,SGR,TX,ASW,CE,Federal Contract Tower,0,16,67,0,83,0,2,101,0,103,0,18,168,0,186,136,0,136,322
03/14/2014,SGR,TX,ASW,CE,Federal Contract Tower,0,15,78,0,93,0,0,82,0,82,0,15,160,0,175,76,0,76,251
03/15/2014,SGR,TX,ASW,CE,Federal Contract Tower,0,11,59,0,70,0,0,0,0,0,0,11,59,0,70,0,0,0,70
03/16/2014,SGR,TX,ASW,CE,Federal Contract Tower,0,6,40,0,46,0,0,0,0,0,0,6,40,0,46,6,0,6,52
03/17/2014,SGR,TX,ASW,CE,Federal Contract Tower,0,19,45,0,64,0,2,62,0,64,0,21,107,0,128,32,0,32,160
03/18/2014,SGR,TX,ASW,CE,Federal Contract Tower,0,14,77,0,91,0,7,64,0,71,0,21,141,0,162,58,0,58,220
03/19/2014,SGR,TX,ASW,CE,Federal Contract Tower,0,8,108,0,116,0,2,46,0,48,0,10,154,0,164,36,0,36,200
03/20/2014,SGR,TX,ASW,CE,Federal Contract Tower,0,6,81,0,87,0,0,90,0,90,0,6,171,0,177,40,0,40,217
03/21/2014,SGR,TX,ASW,CE,Federal Contract Tower,0,10,77,0,87,0,0,47,0,47,0,10,124,0,134,62,0,62,196
03/22/2014,SGR,TX,ASW,CE,Federal Contract Tower,0,13,43,0,56,0,0,35,0,35,0,13,78,0,91,54,0,54,145
03/23/2014,SGR,TX,ASW,CE,Federal Contract Tower,0,18,73,0,91,0,0,18,0,18,0,18,91,0,109,20,0,20,129
03/24/2014,SGR,TX,ASW,CE,Federal Contract Tower,0,12,58,0,70,0,1,30,0,31,0,13,88,0,101,24,0,24,125
03/25/2014,SGR,TX,ASW,CE,Federal Contract Tower,0,10,72,0,82,0,0,60,0,60,0,10,132,0,142,52,0,52,194
03/26/2014,SGR,TX,ASW,CE,Federal Contract Tower,0,23,80,0,103,0,0,32,0,32,0,23,112,0,135,24,0,24,159
03/27/2014,SGR,TX,ASW,CE,Federal Contract Tower,0,11,74,0,85,0,0,6,0,6,0,11,80,0,91,4,0,4,95
03/28/2014,SGR,TX,ASW,CE,Federal Contract Tower,0,2,62,0,64,0,0,33,0,33,0,2,95,0,97,62,0,62,159
03/29/2014,SGR,TX,ASW,CE,Federal Contract Tower,0,3,68,0,71,0,85,0,0,85,0,88,68,0,156,88,0,88,244
03/30/2014,SGR,TX,ASW,CE,Federal Contract Tower,0,10,46,0,56,0,3,109,0,112,0,13,155,0,168,106,0,106,274
03/31/2014,SGR,TX,ASW,CE,Federal Contract Tower,0,10,49,0,59,0,0,80,0,80,0,10,129,0,139,14,0,14,153
04/01/2014,SGR,TX,ASW,CE,Federal Contract Tower,0,12,96,0,108,0,35,0,0,35,0,47,96,0,143,76,0,76,219
04/02/2014,SGR,TX,ASW,CE,Federal Contract Tower,0,14,75,0,89,0,0,48,0,48,0,14,123,0,137,50,0,50,187
04/03/2014,SGR,TX,ASW,CE,Federal Contract Tower,0,18,59,0,77,0,0,18,0,18,0,18,77,0,95,22,0,22,117
04/04/2014,SGR,TX,ASW,CE,Federal Contract Tower,0,10,66,0,76,0,4,100,0,104,0,14,166,0,180,72,0,72,252
04/05/2014,SGR,TX,ASW,CE,Federal Contract Tower,0,13,51,0,64,0,69,0,0,69,0,82,51,0,133,68,0,68,201
04/06/2014,SGR,TX,ASW,CE,Federal Contract Tower,0,13,35,0,48,0,0,0,0,0,0,13,35,0,48,0,0,0,48
04/07/2014,SGR,TX,ASW,CE,Federal Contract Tower,0,29,68,0,97,0,1,47,2,50,0,30,115,2,147,60,6,66,213
04/08/2014,SGR,TX,ASW,CE,Federal Contract Tower,0,19,83,0,102,0,0,50,2,52,0,19,133,2,154,18,12,30,184
04/09/2014,SGR,TX,ASW,CE,Federal Contract Tower,0,21,83,0,104,0,4,54,0,58,0,25,137,0,162,24,0,24,186
04/10/2014,SGR,TX,ASW,CE,Federal Contract Tower,0,15,65,0,80,0,0,54,0,54,0,15,119,0,134,36,0,36,170
04/11/2014,SGR,TX,ASW,CE,Federal Contract Tower,0,17,68,0,85,0,2,80,0,82,0,19,148,0,167,54,0,54,221
04/12/2014,SGR,TX,ASW,CE,Federal Contract Tower,0,5,47,0,52,0,1,87,0,88,0,6,134,0,140,116,0,116,256
04/13/2014,SGR,TX,ASW,CE,Federal Contract Tower,0,12,54,0,66,0,0,26,0,26,0,12,80,0,92,46,0,46,138
04/14/2014,SGR,TX,ASW,CE,Federal Contract Tower,0,7,39,0,46,0,0,0,0,0,0,7,39,0,46,4,0,4,50
04/15/2014,SGR,TX,ASW,CE,Federal Contract Tower,0,11,99,0,110,0,5,69,0,74,0,16,168,0,184,66,0,66,250
04/16/2014,SGR,TX,ASW,CE,Federal Contract Tower,0,11,84,0,95,0,2,90,0,92,0,13,174,0,187,56,0,56,243
04/17/2014,SGR,TX,ASW,CE,Federal Contract Tower,0,22,94,2,118,0,0,47,0,47,0,22,141,2,165,50,0,50,215
04/18/2014,SGR,TX,ASW,CE,Federal Contract Tower,0,4,38,0,42,0,3,83,0,86,0,7,121,0,128,88,0,88,216
04/19/2014,SGR,TX,ASW,CE,Federal Contract Tower,0,3,33,0,36,0,2,104,0,106,0,5,137,0,142,82,0,82,224
04/20/2014,SGR,TX,ASW,CE,Federal Contract Tower,0,18,29,0,47,0,0,38,0,38,0,18,67,0,85,30,0,30,115
04/21/2014,SGR,TX,ASW,CE,Federal Contract Tower,0,13,80,0,93,0,14,41,0,55,0,27,121,0,148,72,0,72,220
04/22/2014,SGR,TX,ASW,CE,Federal Contract Tower,0,14,89,0,103,0,0,57,0,57,0,14,146,0,160,38,0,38,198
04/23/2014,SGR,TX,ASW,CE,Federal Contract Tower,0,12,91,0,103,0,1,60,0,61,0,13,151,0,164,76,0,76,240
04/24/2014,SGR,TX,ASW,CE,Federal Contract Tower,0,11,87,0,98,0,3,68,0,71,0,14,155,0,169,100,0,100,269
04/25/2014,SGR,TX,ASW,CE,Federal Contract Tower,0,7,80,0,87,0,6,89,0,95,0,13,169,0,182,102,0,102,284
04/26/2014,SGR,TX,ASW,CE,Federal Contract Tower,0,8,47,0,55,0,0,20,0,20,0,8,67,0,75,8,0,8,83
04/27/2014,SGR,TX,ASW,CE,Federal Contract Tower,0,12,40,0,52,0,1,44,0,45,0,13,84,0,97,38,0,38,135
04/28/2014,SGR,TX,ASW,CE,Federal Contract Tower,0,7,50,2,59,0,3,53,2,58,0,10,103,4,117,80,0,80,197
04/29/2014,SGR,TX,ASW,CE,Federal Contract Tower,0,14,114,0,128,0,7,44,0,51,0,21,158,0,179,22,0,22,201
04/30/2014,SGR,TX,ASW,CE,Federal Contract Tower,0,10,87,0,97,0,2,77,0,79,0,12,164,0,176,82,0,82,258
05/01/2014,SGR,TX,ASW,CE,Federal Contract Tower,0,20,84,0,104,0,3,80,0,83,0,23,164,0,187,112,0,112,299
05/02/2014,SGR,TX,ASW,CE,Federal Contract Tower,0,5,47,0,52,0,2,82,0,84,0,7,129,0,136,138,0,138,274
05/03/2014,SGR,TX,ASW,CE,Federal Contract Tower,0,5,29,0,34,0,4,86,0,90,0,9,115,0,124,60,0,60,184
05/04/2014,SGR,TX,ASW,CE,Federal Contract Tower,0,6,71,0,77,0,9,77,0,86,0,15,148,0,163,74,0,74,237
05/05/2014,SGR,TX,ASW,CE,Federal Contract Tower,0,11,59,0,70,0,4,48,0,52,0,15,107,0,122,78,0,78,200
05/06/2014,SGR,TX,ASW,CE,Federal Contract Tower,0,20,74,0,94,0,2,66,0,68,0,22,140,0,162,94,0,94,256
05/07/2014,SGR,TX,ASW,CE,Federal Contract Tower,0,17,97,0,114,0,2,45,0,47,0,19,142,0,161,42,0,42,203
05/08/2014,SGR,TX,ASW,CE,Federal Contract Tower,0,3,91,0,94,0,1,8,0,9,0,4,99,0,103,22,0,22,125
05/09/2014,SGR,TX,ASW,CE,Federal Contract Tower,0,3,56,2,61,0,0,27,0,27,0,3,83,2,88,36,0,36,124
05/10/2014,SGR,TX,ASW,CE,Federal Contract Tower,0,7,51,0,58,0,1,40,0,41,0,8,91,0,99,68,0,68,167
05/11/2014,SGR,TX,ASW,CE,Federal Contract Tower,0,5,47,0,52,0,3,49,0,52,0,8,96,0,104,36,0,36,140
05/12/2014,SGR,TX,ASW,CE,Federal Contract Tower,0,10,50,0,60,0,4,19,0,23,0,14,69,0,83,34,0,34,117
05/13/2014,SGR,TX,ASW,CE,Federal Contract Tower,0,11,87,0,98,0,0,12,0,12,0,11,99,0,110,12,0,12,122
05/14/2014,SGR,TX,ASW,CE,Federal Contract Tower,0,18,89,0,107,0,6,57,0,63,0,24,146,0,170,34,0,34,204
05/15/2014,SGR,TX,ASW,CE,Federal Contract Tower,0,16,77,0,93,0,1,110,0,111,0,17,187,0,204,176,0,176,380
05/16/2014,SGR,TX,ASW,CE,Federal Contract Tower,0,19,71,0,90,0,4,113,0,117,0,23,184,0,207,66,0,66,273
05/17/2014,SGR,TX,ASW,CE,Federal Contract Tower,0,3,49,0,52,0,2,80,0,82,0,5,129,0,134,74,0,74,208
05/18/2014,SGR,TX,ASW,CE,Federal Contract Tower,0,17,54,0,71,0,5,80,0,85,0,22,134,0,156,60,0,60,216
05/19/2014,SGR,TX,ASW,CE,Federal Contract Tower,0,16,55,0,71,0,0,66,0,66,0,16,121,0,137,80,0,80,217
05/20/2014,SGR,TX,ASW,CE,Federal Contract Tower,0,12,84,0,96,0,1,84,0,85,0,13,168,0,181,150,0,150,331
05/21/2014,SGR,TX,ASW,CE,Federal Contract Tower,0,23,94,0,117,0,0,80,0,80,0,23,174,0,197,16,22,38,235
05/22/2014,SGR,TX,ASW,CE,Federal Contract Tower,0,18,83,0,101,0,3,79,0,82,0,21,162,0,183,18,22,40,223
05/23/2014,SGR,TX,ASW,CE,Federal Contract Tower,0,16,74,0,90,0,0,75,0,75,0,16,149,0,165,124,0,124,289
05/24/2014,SGR,TX,ASW,CE,Federal Contract Tower,0,5,43,0,48,0,4,69,0,73,0,9,112,0,121,96,0,96,217
05/25/2014,SGR,TX,ASW,CE,Federal Contract Tower,0,7,22,0,29,0,0,65,0,65,0,7,87,0,94,114,0,114,208
05/26/2014,SGR,TX,ASW,CE,Federal Contract Tower,0,15,44,0,59,0,0,9,0,9,0,15,53,0,68,14,0,14,82
05/27/2014,SGR,TX,ASW,CE,Federal Contract Tower,0,32,55,0,87,0,0,12,0,12,0,32,67,0,99,10,0,10,109
05/28/2014,SGR,TX,ASW,CE,Federal Contract Tower,0,13,82,0,95,0,0,29,0,29,0,13,111,0,124,8,0,8,132
05/29/2014,SGR,TX,ASW,CE,Federal Contract Tower,0,13,83,0,96,0,86,0,0,86,0,99,83,0,182,100,0,100,282
05/30/2014,SGR,TX,ASW,CE,Federal Contract Tower,0,19,69,0,88,0,0,77,0,77,0,19,146,0,165,104,0,104,269
05/31/2014,SGR,TX,ASW,CE,Federal Contract Tower,0,4,25,0,29,0,0,30,0,30,0,4,55,0,59,68,0,68,127
06/01/2014,SGR,TX,ASW,CE,Federal Contract Tower,0,12,40,0,52,0,0,76,0,76,0,12,116,0,128,114,0,114,242
06/02/2014,SGR,TX,ASW,CE,Federal Contract Tower,0,16,43,2,61,0,1,68,0,69,0,17,111,2,130,64,0,64,194
06/03/2014,SGR,TX,ASW,CE,Federal Contract Tower,0,22,89,0,111,0,4,47,0,51,0,26,136,0,162,40,0,40,202
06/04/2014,SGR,TX,ASW,CE,Federal Contract Tower,0,27,76,0,103,0,0,64,0,64,0,27,140,0,167,70,0,70,237
06/05/2014,SGR,TX,ASW,CE,Federal Contract Tower,0,17,102,0,119,0,0,57,0,57,0,17,159,0,176,76,0,76,252
06/06/2014,SGR,TX,ASW,CE,Federal Contract Tower,0,10,68,0,78,0,0,94,0,94,0,10,162,0,172,100,0,100,272
06/07/2014,SGR,TX,ASW,CE,Federal Contract Tower,0,4,59,0,63,0,0,96,0,96,0,4,155,0,159,104,0,104,263
06/08/2014,SGR,TX,ASW,CE,Federal Contract Tower,0,8,72,0,80,0,0,100,0,100,0,8,172,0,180,58,0,58,238
06/09/2014,SGR,TX,ASW,CE,Federal Contract Tower,0,10,82,0,92,0,4,22,0,26,0,14,104,0,118,18,0,18,136
06/10/2014,SGR,TX,ASW,CE,Federal Contract Tower,0,16,89,0,105,0,0,83,2,85,0,16,172,2,190,52,0,52,242
06/11/2014,SGR,TX,ASW,CE,Federal Contract Tower,0,8,74,0,82,0,0,53,0,53,0,8,127,0,135,36,6,42,177
06/12/2014,SGR,TX,ASW,CE,Federal Contract Tower,0,8,84,0,92,0,0,63,0,63,0,8,147,0,155,98,0,98,253
06/13/2014,SGR,TX,ASW,CE,Federal Contract Tower,0,14,55,0,69,0,2,73,0,75,0,16,128,0,144,14,0,14,158
06/14/2014,SGR,TX,ASW,CE,Federal Contract Tower,0,9,49,0,58,0,0,71,0,71,0,9,120,0,129,84,0,84,213
06/15/2014,SGR,TX,ASW,CE,Federal Contract Tower,0,11,41,0,52,0,1,56,0,57,0,12,97,0,109,48,0,48,157
06/16/2014,SGR,TX,ASW,CE,Federal Contract Tower,0,10,46,0,56,0,2,58,0,60,0,12,104,0,116,66,0,66,182
06/17/2014,SGR,TX,ASW,CE,Federal Contract Tower,0,12,82,0,94,0,0,63,0,63,0,12,145,0,157,54,0,54,211
06/18/2014,SGR,TX,ASW,CE,Federal Contract Tower,0,29,81,0,110,0,0,51,0,51,0,29,132,0,161,42,0,42,203
06/19/2014,SGR,TX,ASW,CE,Federal Contract Tower,0,0,79,0,79,0,2,73,0,75,0,2,152,0,154,84,0,84,238
06/20/2014,SGR,TX,ASW,CE,Federal Contract Tower,0,15,55,0,70,0,2,61,0,63,0,17,116,0,133,92,0,92,225
06/21/2014,SGR,TX,ASW,CE,Federal Contract Tower,0,8,26,0,34,0,1,63,0,64,0,9,89,0,98,120,0,120,218
06/22/2014,SGR,TX,ASW,CE,Federal Contract Tower,0,17,63,0,80,0,3,49,0,52,0,20,112,0,132,46,0,46,178
06/23/2014,SGR,TX,ASW,CE,Federal Contract Tower,0,5,47,0,52,0,0,36,0,36,0,5,83,0,88,26,0,26,114
06/24/2014,SGR,TX,ASW,CE,Federal Contract Tower,0,12,46,0,58,0,0,19,0,19,0,12,65,0,77,12,0,12,89
06/25/2014,SGR,TX,ASW,CE,Federal Contract Tower,0,18,63,0,81,0,0,27,0,27,0,18,90,0,108,6,6,12,120
06/26/2014,SGR,TX,ASW,CE,Federal Contract Tower,0,23,81,0,104,0,0,39,0,39,0,23,120,0,143,62,0,62,205
06/27/2014,SGR,TX,ASW,CE,Federal Contract Tower,0,11,96,0,107,0,0,67,0,67,0,11,163,0,174,84,0,84,258
06/28/2014,SGR,TX,ASW,CE,Federal Contract Tower,0,12,51,0,63,0,1,58,0,59,0,13,109,0,122,134,0,134,256
06/29/2014,SGR,TX,ASW,CE,Federal Contract Tower,0,11,57,0,68,0,4,81,0,85,0,15,138,0,153,92,0,92,245
06/30/2014,SGR,TX,ASW,CE,Federal Contract Tower,0,11,60,0,71,0,2,79,0,81,0,13,139,0,152,118,0,118,270
07/01/2014,SGR,TX,ASW,CE,Federal Contract Tower,0,7,70,0,77,0,0,58,0,58,0,7,128,0,135,42,0,42,177
07/02/2014,SGR,TX,ASW,CE,Federal Contract Tower,0,12,63,0,75,0,0,54,0,54,0,12,117,0,129,16,18,34,163
07/03/2014,SGR,TX,ASW,CE,Federal Contract Tower,0,8,58,0,66,0,0,65,0,65,0,8,123,0,131,142,0,142,273
07/04/2014,SGR,TX,ASW,CE,Federal Contract Tower,0,1,28,0,29,0,0,63,0,63,0,1,91,0,92,82,0,82,174
07/05/2014,SGR,TX,ASW,CE,Federal Contract Tower,0,5,29,0,34,0,0,48,0,48,0,5,77,0,82,134,0,134,216
07/06/2014,SGR,TX,ASW,CE,Federal Contract Tower,0,17,69,0,86,0,0,89,0,89,0,17,158,0,175,148,0,148,323
07/07/2014,SGR,TX,ASW,CE,Federal Contract Tower,0,6,58,0,64,0,9,67,0,76,0,15,125,0,140,64,0,64,204
07/08/2014,SGR,TX,ASW,CE,Federal Contract Tower,0,3,79,0,82,0,2,64,0,66,0,5,143,0,148,80,0,80,228
07/09/2014,SGR,TX,ASW,CE,Federal Contract Tower,0,9,70,0,79,0,0,89,0,89,0,9,159,0,168,56,0,56,224
07/10/2014,SGR,TX,ASW,CE,Federal Contract Tower,0,0,0,0,0,0,0,81,0,81,0,0,81,0,81,108,0,108,189
07/11/2014,SGR,TX,ASW,CE,Federal Contract Tower,0,15,69,0,84,0,2,93,0,95,0,17,162,0,179,114,0,114,293
07/12/2014,SGR,TX,ASW,CE,Federal Contract Tower,0,6,22,0,28,0,0,80,0,80,0,6,102,0,108,120,0,120,228
07/13/2014,SGR,TX,ASW,CE,Federal Contract Tower,0,13,53,0,66,0,0,76,0,76,0,13,129,0,142,80,0,80,222
07/14/2014,SGR,TX,ASW,CE,Federal Contract Tower,0,7,43,0,50,0,1,43,0,44,0,8,86,0,94,48,0,48,142
07/15/2014,SGR,TX,ASW,CE,Federal Contract Tower,0,13,82,0,95,0,4,60,2,66,0,17,142,2,161,120,0,120,281
07/16/2014,SGR,TX,ASW,CE,Federal Contract Tower,0,7,77,0,84,0,0,77,0,77,0,7,154,0,161,86,0,86,247
07/17/2014,SGR,TX,ASW,CE,Federal Contract Tower,0,17,67,0,84,0,0,44,0,44,0,17,111,0,128,48,0,48,176
07/18/2014,SGR,TX,ASW,CE,Federal Contract Tower,0,9,67,0,76,0,0,40,0,40,0,9,107,0,116,76,0,76,192
07/19/2014,SGR,TX,ASW,CE,Federal Contract Tower,0,5,69,0,74,0,0,71,0,71,0,5,140,0,145,106,0,106,251
07/20/2014,SGR,TX,ASW,CE,Federal Contract Tower,0,7,50,0,57,0,0,69,0,69,0,7,119,0,126,110,0,110,236
07/21/2014,SGR,TX,ASW,CE,Federal Contract Tower,0,6,40,0,46,0,1,78,0,79,0,7,118,0,125,88,0,88,213
07/22/2014,SGR,TX,ASW,CE,Federal Contract Tower,0,11,70,0,81,0,1,60,0,61,0,12,130,0,142,70,0,70,212
07/23/2014,SGR,TX,ASW,CE,Federal Contract Tower,0,21,76,0,97,0,0,35,0,35,0,21,111,0,132,50,0,50,182
07/24/2014,SGR,TX,ASW,CE,Federal Contract Tower,0,22,83,0,105,0,1,79,0,80,0,23,162,0,185,70,0,70,255
07/25/2014,SGR,TX,ASW,CE,Federal Contract Tower,0,7,73,0,80,0,0,107,0,107,0,7,180,0,187,88,0,88,275
07/26/2014,SGR,TX,ASW,CE,Federal Contract Tower,0,3,24,0,27,0,3,93,0,96,0,6,117,0,123,118,0,118,241
07/27/2014,SGR,TX,ASW,CE,Federal Contract Tower,0,15,40,0,55,0,6,100,0,106,0,21,140,0,161,94,0,94,255
07/28/2014,SGR,TX,ASW,CE,Federal Contract Tower,0,8,44,0,52,0,0,61,0,61,0,8,105,0,113,46,0,46,159
07/29/2014,SGR,TX,ASW,CE,Federal Contract Tower,0,13,68,0,81,0,0,63,0,63,0,13,131,0,144,66,0,66,210
07/30/2014,SGR,TX,ASW,CE,Federal Contract Tower,0,15,74,0,89,0,0,91,0,91,0,15,165,0,180,112,0,112,292
07/31/2014,SGR,TX,ASW,CE,Federal Contract Tower,0,12,63,0,75,0,0,62,0,62,0,12,125,0,137,50,0,50,187
08/01/2014,SGR,TX,ASW,CE,Federal Contract Tower,0,7,67,0,74,0,0,36,0,36,0,7,103,0,110,90,0,90,200
08/02/2014,SGR,TX,ASW,CE,Federal Contract Tower,0,6,43,0,49,0,0,60,2,62,0,6,103,2,111,148,0,148,259
08/03/2014,SGR,TX,ASW,CE,Federal Contract Tower,0,6,62,0,68,0,0,65,0,65,0,6,127,0,133,132,0,132,265
08/04/2014,SGR,TX,ASW,CE,Federal Contract Tower,0,11,41,0,52,0,0,33,2,35,0,11,74,2,87,28,0,28,115
08/05/2014,SGR,TX,ASW,CE,Federal Contract Tower,0,13,54,4,71,0,0,72,0,72,0,13,126,4,143,42,0,42,185
08/06/2014,SGR,TX,ASW,CE,Federal Contract Tower,0,23,61,0,84,0,0,76,0,76,0,23,137,0,160,82,0,82,242
08/07/2014,SGR,TX,ASW,CE,Federal Contract Tower,0,18,75,0,93,0,0,68,2,70,0,18,143,2,163,106,8,114,277
08/08/2014,SGR,TX,ASW,CE,Federal Contract Tower,0,15,64,0,79,0,1,69,0,70,0,16,133,0,149,164,0,164,313
08/09/2014,SGR,TX,ASW,CE,Federal Contract Tower,0,5,39,0,44,0,1,66,0,67,0,6,105,0,111,120,0,120,231
08/10/2014,SGR,TX,ASW,CE,Federal Contract Tower,0,18,53,0,71,0,3,55,0,58,0,21,108,0,129,114,0,114,243
08/11/2014,SGR,TX,ASW,CE,Federal Contract Tower,0,7,39,0,46,0,1,38,0,39,0,8,77,0,85,40,0,40,125
08/12/2014,SGR,TX,ASW,CE,Federal Contract Tower,0,12,78,2,92,0,2,76,0,78,0,14,154,2,170,44,0,44,214
08/13/2014,SGR,TX,ASW,CE,Federal Contract Tower,0,21,71,0,92,0,0,79,0,79,0,21,150,0,171,82,0,82,253
08/14/2014,SGR,TX,ASW,CE,Federal Contract Tower,0,15,48,0,63,0,0,68,0,68,0,15,116,0,131,62,0,62,193
08/15/2014,SGR,TX,ASW,CE,Federal Contract Tower,0,3,53,0,56,0,0,101,0,101,0,3,154,0,157,106,0,106,263
08/16/2014,SGR,TX,ASW,CE,Federal Contract Tower,0,11,22,0,33,0,0,77,0,77,0,11,99,0,110,96,0,96,206
08/17/2014,SGR,TX,ASW,CE,Federal Contract Tower,0,14,39,0,53,0,2,59,0,61,0,16,98,0,114,54,0,54,168
08/18/2014,SGR,TX,ASW,CE,Federal Contract Tower,0,13,66,1,80,0,1,49,3,53,0,14,115,4,133,38,0,38,171
08/19/2014,SGR,TX,ASW,CE,Federal Contract Tower,0,14,63,0,77,0,25,63,0,88,0,39,126,0,165,80,0,80,245
08/20/2014,SGR,TX,ASW,CE,Federal Contract Tower,0,17,107,0,124,0,94,55,0,149,0,111,162,0,273,94,0,94,367
08/21/2014,SGR,TX,ASW,CE,Federal Contract Tower,0,9,69,0,78,0,0,76,0,76,0,9,145,0,154,96,0,96,250
08/22/2014,SGR,TX,ASW,CE,Federal Contract Tower,0,8,72,0,80,0,0,80,0,80,0,8,152,0,160,70,0,70,230
08/23/2014,SGR,TX,ASW,CE,Federal Contract Tower,0,0,37,0,37,0,2,59,0,61,0,2,96,0,98,64,0,64,162
08/24/2014,SGR,TX,ASW,CE,Federal Contract Tower,0,5,32,0,37,0,5,91,0,96,0,10,123,0,133,118,0,118,251
08/25/2014,SGR,TX,ASW,CE,Federal Contract Tower,0,4,64,0,68,0,4,58,0,62,0,8,122,0,130,64,0,64,194
08/26/2014,SGR,TX,ASW,CE,Federal Contract Tower,0,16,79,0,95,0,0,62,0,62,0,16,141,0,157,72,0,72,229
08/27/2014,SGR,TX,ASW,CE,Federal Contract Tower,0,10,81,0,91,0,2,47,0,49,0,12,128,0,140,10,16,26,166
08/28/2014,SGR,TX,ASW,CE,Federal Contract Tower,0,22,63,0,85,0,2,56,0,58,0,24,119,0,143,86,0,86,229
08/29/2014,SGR,TX,ASW,CE,Federal Contract Tower,0,16,45,0,61,0,0,32,0,32,0,16,77,0,93,96,0,96,189
08/30/2014,SGR,TX,ASW,CE,Federal Contract Tower,0,9,40,0,49,0,18,56,0,74,0,27,96,0,123,122,0,122,245
08/31/2014,SGR,TX,ASW,CE,Federal Contract Tower,0,9,44,0,53,0,2,28,0,30,0,11,72,0,83,34,0,34,117
09/01/2014,SGR,TX,ASW,CE,Federal Contract Tower,0,20,56,0,76,0,0,75,0,75,0,20,131,0,151,100,0,100,251
09/02/2014,SGR,TX,ASW,CE,Federal Contract Tower,0,20,46,0,66,0,8,57,0,65,0,28,103,0,131,60,6,66,197
09/03/2014,SGR,TX,ASW,CE,Federal Contract Tower,0,18,60,0,78,0,0,66,0,66,0,18,126,0,144,82,0,82,226
09/04/2014,SGR,TX,ASW,CE,Federal Contract Tower,0,22,72,0,94,0,0,91,2,93,0,22,163,2,187,52,0,52,239
09/05/2014,SGR,TX,ASW,CE,Federal Contract Tower,0,16,63,0,79,0,1,87,0,88,0,17,150,0,167,70,0,70,237
09/06/2014,SGR,TX,ASW,CE,Federal Contract Tower,0,3,25,0,28,0,1,55,0,56,0,4,80,0,84,70,0,70,154
09/07/2014,SGR,TX,ASW,CE,Federal Contract Tower,0,13,36,0,49,0,0,34,0,34,0,13,70,0,83,76,0,76,159
09/08/2014,SGR,TX,ASW,CE,Federal Contract Tower,0,10,49,0,59,0,7,53,4,64,0,17,102,4,123,62,2,64,187
09/09/2014,SGR,TX,ASW,CE,Federal Contract Tower,0,18,94,0,112,0,8,59,0,67,0,26,153,0,179,68,0,68,247
09/10/2014,SGR,TX,ASW,CE,Federal Contract Tower,0,13,75,0,88,0,12,73,0,85,0,25,148,0,173,46,26,72,245
09/11/2014,SGR,TX,ASW,CE,Federal Contract Tower,0,16,85,0,101,0,0,66,0,66,0,16,151,0,167,64,0,64,231
09/12/2014,SGR,TX,ASW,CE,Federal Contract Tower,0,12,57,0,69,0,1,35,0,36,0,13,92,0,105,20,0,20,125
09/13/2014,SGR,TX,ASW,CE,Federal Contract Tower,0,10,35,0,45,0,0,17,0,17,0,10,52,0,62,30,0,30,92
09/14/2014,SGR,TX,ASW,CE,Federal Contract Tower,0,18,68,0,86,0,0,24,0,24,0,18,92,0,110,38,0,38,148
09/15/2014,SGR,TX,ASW,CE,Federal Contract Tower,0,10,47,0,57,0,1,59,0,60,0,11,106,0,117,46,0,46,163
09/16/2014,SGR,TX,ASW,CE,Federal Contract Tower,0,11,61,0,72,0,1,17,0,18,0,12,78,0,90,6,0,6,96
09/17/2014,SGR,TX,ASW,CE,Federal Contract Tower,0,8,82,0,90,0,0,28,0,28,0,8,110,0,118,18,0,18,136
09/18/2014,SGR,TX,ASW,CE,Federal Contract Tower,0,14,59,0,73,0,0,14,0,14,0,14,73,0,87,0,0,0,87
09/19/2014,SGR,TX,ASW,CE,Federal Contract Tower,0,10,39,0,49,0,0,29,0,29,0,10,68,0,78,106,0,106,184
09/20/2014,SGR,TX,ASW,CE,Federal Contract Tower,0,5,45,0,50,0,0,64,0,64,0,5,109,0,114,114,0,114,228
09/21/2014,SGR,TX,ASW,CE,Federal Contract Tower,0,9,63,0,72,0,0,84,0,84,0,9,147,0,156,130,0,130,286
09/22/2014,SGR,TX,ASW,CE,Federal Contract Tower,0,26,61,0,87,0,2,61,0,63,0,28,122,0,150,32,0,32,182
09/23/2014,SGR,TX,ASW,CE,Federal Contract Tower,0,22,81,0,103,0,0,65,0,65,0,22,146,0,168,36,0,36,204
09/24/2014,SGR,TX,ASW,CE,Federal Contract Tower,0,23,86,0,109,0,3,83,0,86,0,26,169,0,195,60,0,60,255
09/25/2014,SGR,TX,ASW,CE,Federal Contract Tower,0,22,71,0,93,0,1,52,0,53,0,23,123,0,146,64,0,64,210
09/26/2014,SGR,TX,ASW,CE,Federal Contract Tower,0,14,76,2,92,0,0,102,0,102,0,14,178,2,194,86,0,86,280
09/27/2014,SGR,TX,ASW,CE,Federal Contract Tower,0,5,31,0,36,0,1,63,0,64,0,6,94,0,100,168,0,168,268
09/28/2014,SGR,TX,ASW,CE,Federal Contract Tower,0,22,57,0,79,0,0,80,0,80,0,22,137,0,159,132,0,132,291
09/29/2014,SGR,TX,ASW,CE,Federal Contract Tower,0,6,63,0,69,0,1,73,0,74,0,7,136,0,143,130,0,130,273
09/30/2014,SGR,TX,ASW,CE,Federal Contract Tower,0,13,75,0,88,0,0,46,0,46,0,13,121,0,134,66,0,66,200
10/01/2014,SGR,TX,ASW,CE,Federal Contract Tower,0,17,100,0,117,0,2,51,0,53,0,19,151,0,170,62,0,62,232
10/02/2014,SGR,TX,ASW,CE,Federal Contract Tower,0,18,68,0,86,0,0,48,0,48,0,18,116,0,134,32,0,32,166
10/03/2014,SGR,TX,ASW,CE,Federal Contract Tower,0,23,82,0,105,0,0,97,0,97,0,23,179,0,202,62,0,62,264
10/04/2014,SGR,TX,ASW,CE,Federal Contract Tower,0,3,44,0,47,0,0,95,0,95,0,3,139,0,142,152,0,152,294
10/05/2014,SGR,TX,ASW,CE,Federal Contract Tower,0,23,53,0,76,0,0,98,0,98,0,23,151,0,174,72,0,72,246
10/06/2014,SGR,TX,ASW,CE,Federal Contract Tower,0,13,48,0,61,0,0,73,0,73,0,13,121,0,134,72,0,72,206
10/07/2014,SGR,TX,ASW,CE,Federal Contract Tower,0,11,62,0,73,0,0,81,0,81,0,11,143,0,154,66,0,66,220
10/08/2014,SGR,TX,ASW,CE,Federal Contract Tower,0,12,81,0,93,0,1,77,0,78,0,13,158,0,171,90,0,90,261
10/09/2014,SGR,TX,ASW,CE,Federal Contract Tower,0,9,71,0,80,0,2,95,0,97,0,11,166,0,177,24,12,36,213
10/10/2014,SGR,TX,ASW,CE,Federal Contract Tower,0,10,53,0,63,0,0,78,0,78,0,10,131,0,141,98,0,98,239
10/11/2014,SGR,TX,ASW,CE,Federal Contract Tower,0,3,30,0,33,0,0,45,0,45,0,3,75,0,78,82,0,82,160
10/12/2014,SGR,TX,ASW,CE,Federal Contract Tower,0,8,49,0,57,0,0,40,0,40,0,8,89,0,97,48,0,48,145
10/13/2014,SGR,TX,ASW,CE,Federal Contract Tower,0,19,45,0,64,0,0,25,0,25,0,19,70,0,89,8,0,8,97
10/14/2014,SGR,TX,ASW,CE,Federal Contract Tower,0,18,84,0,102,0,2,94,0,96,0,20,178,0,198,90,0,90,288
10/15/2014,SGR,TX,ASW,CE,Federal Contract Tower,0,24,88,0,112,0,1,117,0,118,0,25,205,0,230,102,0,102,332
10/16/2014,SGR,TX,ASW,CE,Federal Contract Tower,0,19,66,0,85,0,2,95,0,97,0,21,161,0,182,134,0,134,316
10/17/2014,SGR,TX,ASW,CE,Federal Contract Tower,0,15,73,0,88,0,0,124,0,124,0,15,197,0,212,96,0,96,308
10/18/2014,SGR,TX,ASW,CE,Federal Contract Tower,0,9,42,0,51,0,1,82,0,83,0,10,124,0,134,182,0,182,316
10/19/2014,SGR,TX,ASW,CE,Federal Contract Tower,0,9,76,0,85,0,0,110,0,110,0,9,186,0,195,104,0,104,299
10/20/2014,SGR,TX,ASW,CE,Federal Contract Tower,0,11,79,0,90,0,0,87,0,87,0,11,166,0,177,100,0,100,277
10/21/2014,SGR,TX,ASW,CE,Federal Contract Tower,0,6,75,0,81,0,0,86,0,86,0,6,161,0,167,126,0,126,293
10/22/2014,SGR,TX,ASW,CE,Federal Contract Tower,0,15,70,2,87,0,2,95,0,97,0,17,165,2,184,122,0,122,306
10/23/2014,SGR,TX,ASW,CE,Federal Contract Tower,0,13,82,0,95,0,2,98,0,100,0,15,180,0,195,146,0,146,341
10/24/2014,SGR,TX,ASW,CE,Federal Contract Tower,0,11,59,0,70,0,0,92,0,92,0,11,151,0,162,118,0,118,280
10/25/2014,SGR,TX,ASW,CE,Federal Contract Tower,0,11,32,0,43,0,1,148,0,149,0,12,180,0,192,140,0,140,332
10/26/2014,SGR,TX,ASW,CE,Federal Contract Tower,0,17,51,0,68,0,0,90,0,90,0,17,141,0,158,88,0,88,246
10/27/2014,SGR,TX,ASW,CE,Federal Contract Tower,0,11,34,0,45,0,0,59,0,59,0,11,93,0,104,128,0,128,232
10/28/2014,SGR,TX,ASW,CE,Federal Contract Tower,0,11,72,0,83,0,0,90,0,90,0,11,162,0,173,146,0,146,319
10/29/2014,SGR,TX,ASW,CE,Federal Contract Tower,0,11,72,0,83,0,0,77,0,77,0,11,149,0,160,42,0,42,202
10/30/2014,SGR,TX,ASW,CE,Federal Contract Tower,0,16,97,0,113,0,0,74,0,74,0,16,171,0,187,136,0,136,323
10/31/2014,SGR,TX,ASW,CE,Federal Contract Tower,0,14,54,0,68,0,2,88,0,90,0,16,142,0,158,150,0,150,308
11/01/2014,SGR,TX,ASW,CE,Federal Contract Tower,0,7,45,0,52,0,0,83,0,83,0,7,128,0,135,120,0,120,255
11/02/2014,SGR,TX,ASW,CE,Federal Contract Tower,0,8,61,0,69,0,0,81,0,81,0,8,142,0,150,120,0,120,270
11/03/2014,SGR,TX,ASW,CE,Federal Contract Tower,0,24,52,0,76,0,0,57,0,57,0,24,109,0,133,76,0,76,209
11/04/2014,SGR,TX,ASW,CE,Federal Contract Tower,0,19,61,0,80,0,2,31,0,33,0,21,92,0,113,10,0,10,123
11/05/2014,SGR,TX,ASW,CE,Federal Contract Tower,0,11,66,4,81,0,0,2,0,2,0,11,68,4,83,0,0,0,83
11/06/2014,SGR,TX,ASW,CE,Federal Contract Tower,0,22,90,0,112,0,0,31,0,31,0,22,121,0,143,48,0,48,191
11/07/2014,SGR,TX,ASW,CE,Federal Contract Tower,0,16,80,0,96,0,0,122,0,122,0,16,202,0,218,148,0,148,366
11/08/2014,SGR,TX,ASW,CE,Federal Contract Tower,0,2,37,0,39,0,0,77,0,77,0,2,114,0,116,92,0,92,208
11/09/2014,SGR,TX,ASW,CE,Federal Contract Tower,0,15,37,0,52,0,0,103,0,103,0,15,140,0,155,104,0,104,259
11/10/2014,SGR,TX,ASW,CE,Federal Contract Tower,0,13,58,0,71,0,0,59,0,59,0,13,117,0,130,80,0,80,210
11/11/2014,SGR,TX,ASW,CE,Federal Contract Tower,0,11,77,0,88,0,0,34,0,34,0,11,111,0,122,30,0,30,152
11/12/2014,SGR,TX,ASW,CE,Federal Contract Tower,0,21,112,0,133,0,14,86,0,100,0,35,198,0,233,76,0,76,309
11/13/2014,SGR,TX,ASW,CE,Federal Contract Tower,0,19,123,0,142,0,6,74,2,82,0,25,197,2,224,82,4,86,310
11/14/2014,SGR,TX,ASW,CE,Federal Contract Tower,0,14,86,0,100,0,1,82,0,83,0,15,168,0,183,172,0,172,355
11/15/2014,SGR,TX,ASW,CE,Federal Contract Tower,0,8,34,0,42,0,0,42,0,42,0,8,76,0,84,122,0,122,206
11/16/2014,SGR,TX,ASW,CE,Federal Contract Tower,0,22,64,0,86,0,0,0,0,0,0,22,64,0,86,0,0,0,86
11/17/2014,SGR,TX,ASW,CE,Federal Contract Tower,0,17,74,0,91,0,0,52,0,52,0,17,126,0,143,64,0,64,207
11/18/2014,SGR,TX,ASW,CE,Federal Contract Tower,0,13,47,0,60,0,3,101,0,104,0,16,148,0,164,98,0,98,262
11/19/2014,SGR,TX,ASW,CE,Federal Contract Tower,0,15,65,0,80,0,6,105,0,111,0,21,170,0,191,152,0,152,343
11/20/2014,SGR,TX,ASW,CE,Federal Contract Tower,0,16,69,0,85,0,2,59,0,61,0,18,128,0,146,98,0,98,244
11/21/2014,SGR,TX,ASW,CE,Federal Contract Tower,0,7,37,0,44,0,0,2,0,2,0,7,39,0,46,0,0,0,46
11/22/2014,SGR,TX,ASW,CE,Federal Contract Tower,0,0,28,0,28,0,0,9,0,9,0,0,37,0,37,10,0,10,47
11/23/2014,SGR,TX,ASW,CE,Federal Contract Tower,0,12,46,0,58,0,0,80,0,80,0,12,126,0,138,84,0,84,222
11/24/2014,SGR,TX,ASW,CE,Federal Contract Tower,0,15,59,0,74,0,5,104,0,109,0,20,163,0,183,134,0,134,317
11/25/2014,SGR,TX,ASW,CE,Federal Contract Tower,0,15,69,0,84,0,11,94,0,105,0,26,163,0,189,110,0,110,299
11/26/2014,SGR,TX,ASW,CE,Federal Contract Tower,0,14,68,0,82,0,8,74,0,82,0,22,142,0,164,44,4,48,212
11/27/2014,SGR,TX,ASW,CE,Federal Contract Tower,0,1,13,0,14,0,0,50,0,50,0,1,63,0,64,6,0,6,70
11/28/2014,SGR,TX,ASW,CE,Federal Contract Tower,0,6,49,0,55,0,8,114,0,122,0,14,163,0,177,150,0,150,327
11/29/2014,SGR,TX,ASW,CE,Federal Contract Tower,0,9,38,0,47,0,2,61,0,63,0,11,99,0,110,60,0,60,170
11/30/2014,SGR,TX,ASW,CE,Federal Contract Tower,0,18,65,0,83,0,8,94,0,102,0,26,159,0,185,108,0,108,293
12/01/2014,SGR,TX,ASW,CE,Federal Contract Tower,0,11,59,0,70,0,0,3,0,3,0,11,62,0,73,8,0,8,81
12/02/2014,SGR,TX,ASW,CE,Federal Contract Tower,0,15,66,0,81,0,7,25,0,32,0,22,91,0,113,92,0,92,205
12/03/2014,SGR,TX,ASW,CE,Federal Contract Tower,0,0,0,0,0,0,0,65,0,65,0,0,65,0,65,122,0,122,187
12/04/2014,SGR,TX,ASW,CE,Federal Contract Tower,11,87,0,0,98,0,16,0,0,16,11,103,0,0,114,0,0,0,114
12/05/2014,SGR,TX,ASW,CE,Federal Contract Tower,0,7,58,0,65,0,0,24,0,24,0,7,82,0,89,56,0,56,145
12/06/2014,SGR,TX,ASW,CE,Federal Contract Tower,0,1,68,0,69,0,0,2,0,2,0,1,70,0,71,0,0,0,71
12/07/2014,SGR,TX,ASW,CE,Federal Contract Tower,0,11,68,0,79,0,0,22,0,22,0,11,90,0,101,28,0,28,129
12/08/2014,SGR,TX,ASW,CE,Federal Contract Tower,0,15,62,0,77,0,2,84,0,86,0,17,146,0,163,106,0,106,269
12/09/2014,SGR,TX,ASW,CE,Federal Contract Tower,0,11,58,0,69,0,6,87,0,93,0,17,145,0,162,116,0,116,278
12/10/2014,SGR,TX,ASW,CE,Federal Contract Tower,0,23,63,0,86,0,6,78,0,84,0,29,141,0,170,108,0,108,278
12/11/2014,SGR,TX,ASW,CE,Federal Contract Tower,0,27,86,0,113,0,3,78,0,81,0,30,164,0,194,110,0,110,304
12/12/2014,SGR,TX,ASW,CE,Federal Contract Tower,0,16,62,0,78,0,3,81,2,86,0,19,143,2,164,70,0,70,234
12/13/2014,SGR,TX,ASW,CE,Federal Contract Tower,0,6,45,0,51,0,17,72,0,89,0,23,117,0,140,172,0,172,312
12/14/2014,SGR,TX,ASW,CE,Federal Contract Tower,0,12,45,0,57,0,2,45,0,47,0,14,90,0,104,58,0,58,162
12/15/2014,SGR,TX,ASW,CE,Federal Contract Tower,0,13,43,0,56,0,15,22,0,37,0,28,65,0,93,10,0,10,103
12/16/2014,SGR,TX,ASW,CE,Federal Contract Tower,0,14,88,0,102,0,9,84,0,93,0,23,172,0,195,58,0,58,253
12/17/2014,SGR,TX,ASW,CE,Federal Contract Tower,0,26,157,0,183,0,0,48,0,48,0,26,205,0,231,62,0,62,293
12/18/2014,SGR,TX,ASW,CE,Federal Contract Tower,0,15,69,0,84,0,0,16,0,16,0,15,85,0,100,20,2,22,122
12/19/2014,SGR,TX,ASW,CE,Federal Contract Tower,0,13,78,0,91,0,0,4,0,4,0,13,82,0,95,0,0,0,95
12/20/2014,SGR,TX,ASW,CE,Federal Contract Tower,0,15,70,0,85,0,0,10,0,10,0,15,80,0,95,0,0,0,95
12/21/2014,SGR,TX,ASW,CE,Federal Contract Tower,0,23,46,0,69,0,3,86,0,89,0,26,132,0,158,202,0,202,360
12/22/2014,SGR,TX,ASW,CE,Federal Contract Tower,0,8,63,0,71,0,4,64,0,68,0,12,127,0,139,66,0,66,205
12/23/2014,SGR,TX,ASW,CE,Federal Contract Tower,0,13,42,0,55,0,0,31,0,31,0,13,73,0,86,6,0,6,92
12/24/2014,SGR,TX,ASW,CE,Federal Contract Tower,0,5,23,0,28,0,1,42,0,43,0,6,65,0,71,42,0,42,113
12/25/2014,SGR,TX,ASW,CE,Federal Contract Tower,0,7,6,0,13,0,0,17,0,17,0,7,23,0,30,18,0,18,48
12/26/2014,SGR,TX,ASW,CE,Federal Contract Tower,0,18,52,0,70,0,0,20,0,20,0,18,72,0,90,46,0,46,136
12/27/2014,SGR,TX,ASW,CE,Federal Contract Tower,0,22,53,0,75,0,0,0,0,0,0,22,53,0,75,0,0,0,75
12/28/2014,SGR,TX,ASW,CE,Federal Contract Tower,0,11,46,0,57,0,0,0,0,0,0,11,46,0,57,0,0,0,57
12/29/2014,SGR,TX,ASW,CE,Federal Contract Tower,0,29,51,0,80,0,1,2,0,3,0,30,53,0,83,0,0,0,83
12/30/2014,SGR,TX,ASW,CE,Federal Contract Tower,0,13,46,0,59,0,2,37,0,39,0,15,83,0,98,46,0,46,144
12/31/2014,SGR,TX,ASW,CE,Federal Contract Tower,0,16,38,0,54,0,8,47,0,55,0,24,85,0,109,42,0,42,151
01/01/2015,SGR,TX,ASW,CE,Federal Contract Tower,0,7,17,0,24,0,0,0,0,0,0,7,17,0,24,0,0,0,24
01/02/2015,SGR,TX,ASW,CE,Federal Contract Tower,0,22,46,0,68,0,0,0,0,0,0,22,46,0,68,0,0,0,68
01/03/2015,SGR,TX,ASW,CE,Federal Contract Tower,0,15,48,0,63,0,0,16,0,16,0,15,64,0,79,2,0,2,81
01/04/2015,SGR,TX,ASW,CE,Federal Contract Tower,0,13,67,0,80,0,106,0,0,106,0,119,67,0,186,74,0,74,260
01/05/2015,SGR,TX,ASW,CE,Federal Contract Tower,0,6,48,0,54,0,2,60,0,62,0,8,108,0,116,140,0,140,256
01/06/2015,SGR,TX,ASW,CE,Federal Contract Tower,0,3,44,0,47,0,2,107,0,109,0,5,151,0,156,106,0,106,262
01/07/2015,SGR,TX,ASW,CE,Federal Contract Tower,0,10,70,0,80,0,2,59,0,61,0,12,129,0,141,34,0,34,175
01/08/2015,SGR,TX,ASW,CE,Federal Contract Tower,0,8,64,0,72,0,2,69,0,71,0,10,133,0,143,32,8,40,183
01/09/2015,SGR,TX,ASW,CE,Federal Contract Tower,0,11,62,0,73,0,0,0,0,0,0,11,62,0,73,0,0,0,73
01/10/2015,SGR,TX,ASW,CE,Federal Contract Tower,0,9,22,0,31,0,0,0,0,0,0,9,22,0,31,14,0,14,45
01/11/2015,SGR,TX,ASW,CE,Federal Contract Tower,0,5,52,2,59,0,0,0,0,0,0,5,52,2,59,0,0,0,59
01/12/2015,SGR,TX,ASW,CE,Federal Contract Tower,0,12,64,0,76,0,0,0,0,0,0,12,64,0,76,0,0,0,76
01/13/2015,SGR,TX,ASW,CE,Federal Contract Tower,0,11,75,2,88,0,0,2,0,2,0,11,77,2,90,0,0,0,90
01/14/2015,SGR,TX,ASW,CE,Federal Contract Tower,0,17,58,0,75,0,0,30,0,30,0,17,88,0,105,88,0,88,193
01/15/2015,SGR,TX,ASW,CE,Federal Contract Tower,0,21,79,0,100,0,0,91,0,91,0,21,170,0,191,168,0,168,359
01/16/2015,SGR,TX,ASW,CE,Federal Contract Tower,0,13,63,0,76,0,4,98,0,102,0,17,161,0,178,134,0,134,312
01/17/2015,SGR,TX,ASW,CE,Federal Contract Tower,0,5,29,0,34,0,2,92,0,94,0,7,121,0,128,184,0,184,312
01/18/2015,SGR,TX,ASW,CE,Federal Contract Tower,0,17,35,0,52,0,5,102,0,107,0,22,137,0,159,164,0,164,323
01/19/2015,SGR,TX,ASW,CE,Federal Contract Tower,0,23,51,0,74,0,0,92,0,92,0,23,143,0,166,52,0,52,218
01/20/2015,SGR,TX,ASW,CE,Federal Contract Tower,0,13,83,0,96,0,2,51,0,53,0,15,134,0,149,48,0,48,197
01/21/2015,SGR,TX,ASW,CE,Federal Contract Tower,0,16,61,0,77,0,0,1,0,1,0,16,62,0,78,0,0,0,78
01/22/2015,SGR,TX,ASW,CE,Federal Contract Tower,0,13,46,0,59,0,0,5,0,5,0,13,51,0,64,0,0,0,64
01/23/2015,SGR,TX,ASW,CE,Federal Contract Tower,0,3,54,0,57,0,0,12,0,12,0,3,66,0,69,0,0,0,69
01/24/2015,SGR,TX,ASW,CE,Federal Contract Tower,0,10,31,0,41,0,4,124,0,128,0,14,155,0,169,196,0,196,365
01/25/2015,SGR,TX,ASW,CE,Federal Contract Tower,0,12,27,0,39,0,5,105,0,110,0,17,132,0,149,102,0,102,251
01/26/2015,SGR,TX,ASW,CE,Federal Contract Tower,0,13,44,8,65,0,1,87,0,88,0,14,131,8,153,114,0,114,267
01/27/2015,SGR,TX,ASW,CE,Federal Contract Tower,0,15,92,0,107,0,6,103,0,109,0,21,195,0,216,72,0,72,288
01/28/2015,SGR,TX,ASW,CE,Federal Contract Tower,0,12,63,0,75,0,1,89,2,92,0,13,152,2,167,112,0,112,279
01/29/2015,SGR,TX,ASW,CE,Federal Contract Tower,0,21,89,0,110,0,0,53,0,53,0,21,142,0,163,46,0,46,209
01/30/2015,SGR,TX,ASW,CE,Federal Contract Tower,0,7,66,0,73,0,0,79,0,79,0,7,145,0,152,84,0,84,236
01/31/2015,SGR,TX,ASW,CE,Federal Contract Tower,0,10,37,0,47,0,0,64,0,64,0,10,101,0,111,118,0,118,229
02/01/2015,SGR,TX,ASW,CE,Federal Contract Tower,0,9,33,0,42,0,28,0,0,28,0,37,33,0,70,22,0,22,92
02/02/2015,SGR,TX,ASW,CE,Federal Contract Tower,0,5,63,0,68,0,0,64,0,64,0,5,127,0,132,96,0,96,228
02/03/2015,SGR,TX,ASW,CE,Federal Contract Tower,0,16,63,0,79,0,0,24,0,24,0,16,87,0,103,46,0,46,149
02/04/2015,SGR,TX,ASW,CE,Federal Contract Tower,0,6,53,2,61,0,0,13,0,13,0,6,66,2,74,36,0,36,110
02/05/2015,SGR,TX,ASW,CE,Federal Contract Tower,0,17,96,0,113,0,0,10,0,10,0,17,106,0,123,0,0,0,123
02/06/2015,SGR,TX,ASW,CE,Federal Contract Tower,0,20,77,0,97,0,2,127,0,129,0,22,204,0,226,124,0,124,350
02/07/2015,SGR,TX,ASW,CE,Federal Contract Tower,0,13,41,0,54,0,4,93,0,97,0,17,134,0,151,114,0,114,265
02/08/2015,SGR,TX,ASW,CE,Federal Contract Tower,0,15,50,0,65,0,10,83,0,93,0,25,133,0,158,48,0,48,206
02/09/2015,SGR,TX,ASW,CE,Federal Contract Tower,0,13,73,0,86,0,1,92,0,93,0,14,165,0,179,62,0,62,241
02/10/2015,SGR,TX,ASW,CE,Federal Contract Tower,0,12,62,0,74,0,6,89,0,95,0,18,151,0,169,90,0,90,259
02/11/2015,SGR,TX,ASW,CE,Federal Contract Tower,0,16,97,0,113,0,0,54,0,54,0,16,151,0,167,30,0,30,197
02/12/2015,SGR,TX,ASW,CE,Federal Contract Tower,0,20,99,0,119,0,1,96,0,97,0,21,195,0,216,114,0,114,330
02/13/2015,SGR,TX,ASW,CE,Federal Contract Tower,0,13,72,0,85,0,2,104,0,106,0,15,176,0,191,128,0,128,319
02/14/2015,SGR,TX,ASW,CE,Federal Contract Tower,0,5,42,0,47,0,2,87,0,89,0,7,129,0,136,74,0,74,210
02/15/2015,SGR,TX,ASW,CE,Federal Contract Tower,0,7,51,0,58,0,43,0,0,43,0,50,51,0,101,96,0,96,197
02/16/2015,SGR,TX,ASW,CE,Federal Contract Tower,0,14,39,0,53,0,0,2,0,2,0,14,41,0,55,0,0,0,55
02/17/2015,SGR,TX,ASW,CE,Federal Contract Tower,0,18,77,8,103,0,0,41,0,41,0,18,118,8,144,56,0,56,200
02/18/2015,SGR,TX,ASW,CE,Federal Contract Tower,0,0,17,0,17,0,10,80,0,90,0,10,97,0,107,86,0,86,193
02/19/2015,SGR,TX,ASW,CE,Federal Contract Tower,0,30,81,0,111,0,3,97,0,100,0,33,178,0,211,104,0,104,315
02/20/2015,SGR,TX,ASW,CE,Federal Contract Tower,0,13,64,0,77,0,0,17,0,17,0,13,81,0,94,28,0,28,122
02/21/2015,SGR,TX,ASW,CE,Federal Contract Tower,0,6,41,0,47,0,0,21,0,21,0,6,62,0,68,52,0,52,120
02/22/2015,SGR,TX,ASW,CE,Federal Contract Tower,0,13,60,0,73,0,0,45,0,45,0,13,105,0,118,104,0,104,222
02/23/2015,SGR,TX,ASW,CE,Federal Contract Tower,0,8,35,0,43,0,0,0,0,0,0,8,35,0,43,0,0,0,43
02/24/2015,SGR,TX,ASW,CE,Federal Contract Tower,0,11,35,2,48,0,10,4,0,14,0,21,39,2,62,4,0,4,66
02/25/2015,SGR,TX,ASW,CE,Federal Contract Tower,0,19,54,0,73,0,0,33,5,38,0,19,87,5,111,54,0,54,165
02/26/2015,SGR,TX,ASW,CE,Federal Contract Tower,0,16,67,0,83,0,2,76,0,78,0,18,143,0,161,82,0,82,243
02/27/2015,SGR,TX,ASW,CE,Federal Contract Tower,0,8,63,0,71,0,0,47,2,49,0,8,110,2,120,118,6,124,244
02/28/2015,SGR,TX,ASW,CE,Federal Contract Tower,0,6,43,0,49,0,0,33,0,33,0,6,76,0,82,68,0,68,150
03/01/2015,SGR,TX,ASW,CE,Federal Contract Tower,0,6,44,0,50,0,0,0,0,0,0,6,44,0,50,0,0,0,50
03/02/2015,SGR,TX,ASW,CE,Federal Contract Tower,0,11,56,0,67,0,0,1,0,1,0,11,57,0,68,0,0,0,68
03/03/2015,SGR,TX,ASW,CE,Federal Contract Tower,0,5,54,0,59,0,1,1,0,2,0,6,55,0,61,0,0,0,61
03/04/2015,SGR,TX,ASW,CE,Federal Contract Tower,0,13,47,0,60,0,0,37,0,37,0,13,84,0,97,38,0,38,135
03/05/2015,SGR,TX,ASW,CE,Federal Contract Tower,0,7,61,0,68,0,0,25,0,25,0,7,86,0,93,20,4,24,117
03/06/2015,SGR,TX,ASW,CE,Federal Contract Tower,0,19,77,0,96,0,0,104,0,104,0,19,181,0,200,80,0,80,280
03/07/2015,SGR,TX,ASW,CE,Federal Contract Tower,0,14,36,0,50,0,0,81,0,81,0,14,117,0,131,124,0,124,255
03/08/2015,SGR,TX,ASW,CE,Federal Contract Tower,0,8,37,0,45,0,0,3,0,3,0,8,40,0,48,0,0,0,48
03/09/2015,SGR,TX,ASW,CE,Federal Contract Tower,0,9,41,0,50,0,0,0,0,0,0,9,41,0,50,0,0,0,50
03/10/2015,SGR,TX,ASW,CE,Federal Contract Tower,0,13,68,0,81,0,1,8,0,9,0,14,76,0,90,8,8,16,106
03/11/2015,SGR,TX,ASW,CE,Federal Contract Tower,0,26,73,0,99,0,0,12,0,12,0,26,85,0,111,16,0,16,127
03/12/2015,SGR,TX,ASW,CE,Federal Contract Tower,0,14,75,0,89,0,0,0,0,0,0,14,75,0,89,0,0,0,89
03/13/2015,SGR,TX,ASW,CE,Federal Contract Tower,0,11,73,0,84,0,0,21,2,23,0,11,94,2,107,26,4,30,137
03/14/2015,SGR,TX,ASW,CE,Federal Contract Tower,0,16,72,0,88,0,0,78,0,78,0,16,150,0,166,168,0,168,334
03/15/2015,SGR,TX,ASW,CE,Federal Contract Tower,0,15,93,0,108,0,4,79,0,83,0,19,172,0,191,150,0,150,341
03/16/2015,SGR,TX,ASW,CE,Federal Contract Tower,0,10,52,0,62,0,1,66,0,67,0,11,118,0,129,100,0,100,229
03/17/2015,SGR,TX,ASW,CE,Federal Contract Tower,0,15,59,8,82,0,0,35,0,35,0,15,94,8,117,46,0,46,163
03/18/2015,SGR,TX,ASW,CE,Federal Contract Tower,0,12,46,0,58,0,0,43,0,43,0,12,89,0,101,56,0,56,157
03/19/2015,SGR,TX,ASW,CE,Federal Contract Tower,0,23,64,0,87,0,0,17,0,17,0,23,81,0,104,18,0,18,122
03/20/2015,SGR,TX,ASW,CE,Federal Contract Tower,0,17,42,0,59,0,0,47,0,47,0,17,89,0,106,96,0,96,202
03/21/2015,SGR,TX,ASW,CE,Federal Contract Tower,0,13,29,0,42,0,0,0,0,0,0,13,29,0,42,0,0,0,42
03/22/2015,SGR,TX,ASW,CE,Federal Contract Tower,0,27,80,0,107,0,7,77,0,84,0,34,157,0,191,128,0,128,319
03/23/2015,SGR,TX,ASW,CE,Federal Contract Tower,0,13,59,0,72,0,4,106,0,110,0,17,165,0,182,104,0,104,286
03/24/2015,SGR,TX,ASW,CE,Federal Contract Tower,0,7,58,0,65,0,6,63,1,70,0,13,121,1,135,46,0,46,181
03/25/2015,SGR,TX,ASW,CE,Federal Contract Tower,0,17,81,2,100,0,1,93,1,95,0,18,174,3,195,98,0,98,293
03/26/2015,SGR,TX,ASW,CE,Federal Contract Tower,0,14,73,0,87,0,0,20,0,20,0,14,93,0,107,10,0,10,117
03/27/2015,SGR,TX,ASW,CE,Federal Contract Tower,0,20,36,0,56,0,0,124,1,125,0,20,160,1,181,106,0,106,287
03/28/2015,SGR,TX,ASW,CE,Federal Contract Tower,0,3,25,0,28,0,4,121,0,125,0,7,146,0,153,114,0,114,267
03/29/2015,SGR,TX,ASW,CE,Federal Contract Tower,0,15,53,0,68,0,2,66,0,68,0,17,119,0,136,40,0,40,176
03/30/2015,SGR,TX,ASW,CE,Federal Contract Tower,0,13,53,0,66,0,3,76,0,79,0,16,129,0,145,84,0,84,229
03/31/2015,SGR,TX,ASW,CE,Federal Contract Tower,0,18,57,0,75,0,5,53,0,58,0,23,110,0,133,64,0,64,197
04/01/2015,SGR,TX,ASW,CE,Federal Contract Tower,0,16,53,0,69,0,2,10,0,12,0,18,63,0,81,8,0,8,89
04/02/2015,SGR,TX,ASW,CE,Federal Contract Tower,0,10,92,0,102,0,0,26,0,26,0,10,118,0,128,58,0,58,186
04/03/2015,SGR,TX,ASW,CE,Federal Contract Tower,0,2,48,0,50,0,0,57,0,57,0,2,105,0,107,116,0,116,223
04/04/2015,SGR,TX,ASW,CE,Federal Contract Tower,0,2,38,0,40,0,5,70,0,75,0,7,108,0,115,124,0,124,239
04/05/2015,SGR,TX,ASW,CE,Federal Contract Tower,0,12,39,0,51,0,0,0,0,0,0,12,39,0,51,0,0,0,51
04/06/2015,SGR,TX,ASW,CE,Federal Contract Tower,0,16,79,1,96,0,1,45,0,46,0,17,124,1,142,44,6,50,192
04/07/2015,SGR,TX,ASW,CE,Federal Contract Tower,0,20,60,2,82,0,4,47,0,51,0,24,107,2,133,64,0,64,197
04/08/2015,SGR,TX,ASW,CE,Federal Contract Tower,0,13,86,0,99,0,0,47,0,47,0,13,133,0,146,82,0,82,228
04/09/2015,SGR,TX,ASW,CE,Federal Contract Tower,0,17,67,0,84,0,0,50,0,50,0,17,117,0,134,156,0,156,290
04/10/2015,SGR,TX,ASW,CE,Federal Contract Tower,0,13,64,0,77,0,0,1,0,1,0,13,65,0,78,0,0,0,78
04/11/2015,SGR,TX,ASW,CE,Federal Contract Tower,0,18,22,0,40,0,1,9,0,10,0,19,31,0,50,58,0,58,108
04/12/2015,SGR,TX,ASW,CE,Federal Contract Tower,0,19,41,0,60,0,0,15,0,15,0,19,56,0,75,30,0,30,105
04/13/2015,SGR,TX,ASW,CE,Federal Contract Tower,0,22,26,0,48,0,4,49,0,53,0,26,75,0,101,66,0,66,167
04/14/2015,SGR,TX,ASW,CE,Federal Contract Tower,0,11,41,0,52,0,0,8,0,8,0,11,49,0,60,8,0,8,68
04/15/2015,SGR,TX,ASW,CE,Federal Contract Tower,0,11,57,2,70,0,0,89,0,89,0,11,146,2,159,180,0,180,339
04/16/2015,SGR,TX,ASW,CE,Federal Contract Tower,0,12,44,0,56,0,0,23,0,23,0,12,67,0,79,28,0,28,107
04/17/2015,SGR,TX,ASW,CE,Federal Contract Tower,0,14,50,0,64,0,1,39,0,40,0,15,89,0,104,34,0,34,138
04/18/2015,SGR,TX,ASW,CE,Federal Contract Tower,0,8,37,0,45,0,0,51,0,51,0,8,88,0,96,118,0,118,214
04/19/2015,SGR,TX,ASW,CE,Federal Contract Tower,0,20,37,0,57,0,0,74,0,74,0,20,111,0,131,110,0,110,241
04/20/2015,SGR,TX,ASW,CE,Federal Contract Tower,0,25,66,0,91,0,0,103,0,103,0,25,169,0,194,78,0,78,272
04/21/2015,SGR,TX,ASW,CE,Federal Contract Tower,0,14,75,2,91,0,0,71,0,71,0,14,146,2,162,92,0,92,254
04/22/2015,SGR,TX,ASW,CE,Federal Contract Tower,0,31,80,0,111,0,0,33,0,33,0,31,113,0,144,18,6,24,168
04/23/2015,SGR,TX,ASW,CE,Federal Contract Tower,0,20,76,0,96,0,0,45,0,45,0,20,121,0,141,181,0,181,322
04/24/2015,SGR,TX,ASW,CE,Federal Contract Tower,0,14,55,0,69,0,0,51,10,61,0,14,106,10,130,64,0,64,194
04/25/2015,SGR,TX,ASW,CE,Federal Contract Tower,0,5,24,0,29,0,0,57,0,57,0,5,81,0,86,108,0,108,194
04/26/2015,SGR,TX,ASW,CE,Federal Contract Tower,0,10,46,0,56,0,0,48,0,48,0,10,94,0,104,100,0,100,204
04/27/2015,SGR,TX,ASW,CE,Federal Contract Tower,0,7,40,0,47,0,0,55,0,55,0,7,95,0,102,82,0,82,184
04/28/2015,SGR,TX,ASW,CE,Federal Contract Tower,0,5,81,2,88,0,6,33,0,39,0,11,114,2,127,16,0,16,143
04/29/2015,SGR,TX,ASW,CE,Federal Contract Tower,0,14,98,0,112,0,0,89,0,89,0,14,187,0,201,90,0,90,291
04/30/2015,SGR,TX,ASW,CE,Federal Contract Tower,0,24,96,0,120,0,4,101,0,105,0,28,197,0,225,92,0,92,317
05/01/2015,SGR,TX,ASW,CE,Federal Contract Tower,0,16,74,0,90,0,3,141,2,146,0,19,215,2,236,198,2,200,436
05/02/2015,SGR,TX,ASW,CE,Federal Contract Tower,0,10,41,0,51,0,0,121,0,121,0,10,162,0,172,72,0,72,244
05/03/2015,SGR,TX,ASW,CE,Federal Contract Tower,0,14,74,0,88,0,1,93,0,94,0,15,167,0,182,78,0,78,260
05/04/2015,SGR,TX,ASW,CE,Federal Contract Tower,0,9,67,0,76,0,5,84,0,89,0,14,151,0,165,32,0,32,197
05/05/2015,SGR,TX,ASW,CE,Federal Contract Tower,0,10,56,0,66,0,0,18,0,18,0,10,74,0,84,12,0,12,96
05/06/2015,SGR,TX,ASW,CE,Federal Contract Tower,0,14,58,0,72,0,0,36,0,36,0,14,94,0,108,76,0,76,184
05/07/2015,SGR,TX,ASW,CE,Federal Contract Tower,0,13,80,0,93,0,0,50,0,50,0,13,130,0,143,70,0,70,213
05/08/2015,SGR,TX,ASW,CE,Federal Contract Tower,0,4,51,0,55,0,0,0,0,0,0,4,51,0,55,152,0,152,207
05/09/2015,SGR,TX,ASW,CE,Federal Contract Tower,0,5,35,0,40,0,0,36,0,36,0,5,71,0,76,62,0,62,138
05/10/2015,SGR,TX,ASW,CE,Federal Contract Tower,0,7,31,0,38,0,1,20,0,21,0,8,51,0,59,38,0,38,97
05/11/2015,SGR,TX,ASW,CE,Federal Contract Tower,0,6,51,1,58,0,1,19,0,20,0,7,70,1,78,42,0,42,120
05/12/2015,SGR,TX,ASW,CE,Federal Contract Tower,0,26,79,0,105,0,6,0,0,6,0,32,79,0,111,6,0,6,117
05/13/2015,SGR,TX,ASW,CE,Federal Contract Tower,0,15,76,0,91,0,0,16,0,16,0,15,92,0,107,36,0,36,143
05/14/2015,SGR,TX,ASW,CE,Federal Contract Tower,0,23,73,0,96,0,0,12,0,12,0,23,85,0,108,30,0,30,138
05/15/2015,SGR,TX,ASW,CE,Federal Contract Tower,0,15,47,0,62,0,0,24,0,24,0,15,71,0,86,70,0,70,156
05/16/2015,SGR,TX,ASW,CE,Federal Contract Tower,0,5,33,0,38,0,55,0,0,55,0,60,33,0,93,144,0,144,237
05/17/2015,SGR,TX,ASW,CE,Federal Contract Tower,0,4,37,0,41,0,0,14,0,14,0,4,51,0,55,40,0,40,95
05/18/2015,SGR,TX,ASW,CE,Federal Contract Tower,0,12,46,0,58,0,0,41,0,41,0,12,87,0,99,86,0,86,185
05/19/2015,SGR,TX,ASW,CE,Federal Contract Tower,0,10,46,0,56,0,1,33,0,34,0,11,79,0,90,60,0,60,150
05/20/2015,SGR,TX,ASW,CE,Federal Contract Tower,0,15,94,0,109,0,0,75,0,75,0,15,169,0,184,194,0,194,378
05/21/2015,SGR,TX,ASW,CE,Federal Contract Tower,0,24,73,0,97,0,0,37,0,37,0,24,110,0,134,100,0,100,234
05/22/2015,SGR,TX,ASW,CE,Federal Contract Tower,0,14,84,0,98,0,2,44,0,46,0,16,128,0,144,58,0,58,202
05/23/2015,SGR,TX,ASW,CE,Federal Contract Tower,0,6,27,0,33,0,0,64,0,64,0,6,91,0,97,110,0,110,207
05/24/2015,SGR,TX,ASW,CE,Federal Contract Tower,0,13,36,0,49,0,0,43,0,43,0,13,79,0,92,70,0,70,162
05/25/2015,SGR,TX,ASW,CE,Federal Contract Tower,0,9,44,0,53,0,0,47,0,47,0,9,91,0,100,40,0,40,140
05/26/2015,SGR,TX,ASW,CE,Federal Contract Tower,0,7,38,0,45,0,4,33,0,37,0,11,71,0,82,58,0,58,140
05/27/2015,SGR,TX,ASW,CE,Federal Contract Tower,0,21,43,0,64,0,0,64,0,64,0,21,107,0,128,126,0,126,254
05/28/2015,SGR,TX,ASW,CE,Federal Contract Tower,0,6,69,0,75,0,2,55,0,57,0,8,124,0,132,96,0,96,228
05/29/2015,SGR,TX,ASW,CE,Federal Contract Tower,0,14,60,0,74,0,0,88,0,88,0,14,148,0,162,8,12,20,182
05/30/2015,SGR,TX,ASW,CE,Federal Contract Tower,0,4,35,0,39,0,2,57,0,59,0,6,92,0,98,80,0,80,178
05/31/2015,SGR,TX,ASW,CE,Federal Contract Tower,0,9,50,0,59,0,4,100,0,104,0,13,150,0,163,112,0,112,275
06/01/2015,SGR,TX,ASW,CE,Federal Contract Tower,0,12,58,0,70,0,2,102,0,104,0,14,160,0,174,126,0,126,300
06/02/2015,SGR,TX,ASW,CE,Federal Contract Tower,0,3,52,0,55,0,0,81,4,85,0,3,133,4,140,118,0,118,258
06/03/2015,SGR,TX,ASW,CE,Federal Contract Tower,0,16,58,0,74,0,0,100,2,102,0,16,158,2,176,88,0,88,264
06/04/2015,SGR,TX,ASW,CE,Federal Contract Tower,0,17,71,0,88,0,0,108,0,108,0,17,179,0,196,126,0,126,322
06/05/2015,SGR,TX,ASW,CE,Federal Contract Tower,0,6,59,0,65,0,0,130,0,130,0,6,189,0,195,90,0,90,285
06/06/2015,SGR,TX,ASW,CE,Federal Contract Tower,0,2,38,0,40,0,0,97,0,97,0,2,135,0,137,80,0,80,217
06/07/2015,SGR,TX,ASW,CE,Federal Contract Tower,0,9,42,0,51,0,0,86,0,86,0,9,128,0,137,100,0,100,237
06/08/2015,SGR,TX,ASW,CE,Federal Contract Tower,0,11,32,0,43,0,1,89,0,90,0,12,121,0,133,100,0,100,233
06/09/2015,SGR,TX,ASW,CE,Federal Contract Tower,0,8,57,0,65,0,0,71,0,71,0,8,128,0,136,44,0,44,180
06/10/2015,SGR,TX,ASW,CE,Federal Contract Tower,0,19,83,0,102,0,0,83,0,83,0,19,166,0,185,86,0,86,271
06/11/2015,SGR,TX,ASW,CE,Federal Contract Tower,0,10,75,0,85,0,0,98,0,98,0,10,173,0,183,88,0,88,271
06/12/2015,SGR,TX,ASW,CE,Federal Contract Tower,0,4,52,0,56,0,0,74,0,74,0,4,126,0,130,94,0,94,224
06/14/2015,SGR,TX,ASW,CE,Federal Contract Tower,0,4,34,0,38,0,0,38,0,38,0,4,72,0,76,142,0,142,218
06/15/2015,SGR,TX,ASW,CE,Federal Contract Tower,0,15,44,0,59,0,1,19,0,20,0,16,63,0,79,28,0,28,107
06/16/2015,SGR,TX,ASW,CE,Federal Contract Tower,0,2,19,0,21,0,0,0,0,0,0,2,19,0,21,0,0,0,21
06/17/2015,SGR,TX,ASW,CE,Federal Contract Tower,0,1,22,0,23,0,0,2,0,2,0,1,24,0,25,0,0,0,25
06/18/2015,SGR,TX,ASW,CE,Federal Contract Tower,0,13,47,0,60,0,2,30,0,32,0,15,77,0,92,80,0,80,172
06/19/2015,SGR,TX,ASW,CE,Federal Contract Tower,0,19,50,0,69,0,0,73,0,73,0,19,123,0,142,106,0,106,248
06/20/2015,SGR,TX,ASW,CE,Federal Contract Tower,0,5,50,0,55,0,2,61,0,63,0,7,111,0,118,100,0,100,218
06/21/2015,SGR,TX,ASW,CE,Federal Contract Tower,0,11,47,0,58,0,0,52,0,52,0,11,99,0,110,62,0,62,172
06/22/2015,SGR,TX,ASW,CE,Federal Contract Tower,0,19,61,4,84,0,0,80,0,80,0,19,141,4,164,56,0,56,220
06/23/2015,SGR,TX,ASW,CE,Federal Contract Tower,0,16,44,3,63,0,82,0,0,82,0,98,44,3,145,56,26,82,227
06/24/2015,SGR,TX,ASW,CE,Federal Contract Tower,0,20,49,0,69,0,0,85,0,85,0,20,134,0,154,36,16,52,206
06/25/2015,SGR,TX,ASW,CE,Federal Contract Tower,0,5,70,0,75,0,0,99,0,99,0,5,169,0,174,178,0,178,352
06/26/2015,SGR,TX,ASW,CE,Federal Contract Tower,0,11,52,0,63,0,0,68,0,68,0,11,120,0,131,108,0,108,239
06/27/2015,SGR,TX,ASW,CE,Federal Contract Tower,0,13,34,0,47,0,0,91,0,91,0,13,125,0,138,126,0,126,264
06/28/2015,SGR,TX,ASW,CE,Federal Contract Tower,0,7,34,0,41,0,0,44,0,44,0,7,78,0,85,36,0,36,121
06/29/2015,SGR,TX,ASW,CE,Federal Contract Tower,0,10,56,0,66,0,1,54,0,55,0,11,110,0,121,76,0,76,197
06/30/2015,SGR,TX,ASW,CE,Federal Contract Tower,0,13,69,0,82,0,0,51,0,51,0,13,120,0,133,52,0,52,185
07/01/2015,SGR,TX,ASW,CE,Federal Contract Tower,0,16,66,0,82,0,0,50,0,50,0,16,116,0,132,38,0,38,170
07/02/2015,SGR,TX,ASW,CE,Federal Contract Tower,0,9,53,0,62,0,1,70,0,71,0,10,123,0,133,84,0,84,217
07/03/2015,SGR,TX,ASW,CE,Federal Contract Tower,0,10,36,0,46,0,0,84,0,84,0,10,120,0,130,66,0,66,196
07/04/2015,SGR,TX,ASW,CE,Federal Contract Tower,0,1,12,0,13,0,0,47,0,47,0,1,59,0,60,60,0,60,120
07/05/2015,SGR,TX,ASW,CE,Federal Contract Tower,0,9,40,0,49,0,0,58,0,58,0,9,98,0,107,32,0,32,139
07/06/2015,SGR,TX,ASW,CE,Federal Contract Tower,0,7,47,0,54,0,3,38,0,41,0,10,85,0,95,14,0,14,109
07/07/2015,SGR,TX,ASW,CE,Federal Contract Tower,0,14,52,0,66,0,3,74,0,77,0,17,126,0,143,60,0,60,203
07/08/2015,SGR,TX,ASW,CE,Federal Contract Tower,0,1,57,0,58,0,0,61,0,61,0,1,118,0,119,80,0,80,199
07/09/2015,SGR,TX,ASW,CE,Federal Contract Tower,0,20,51,0,71,0,0,84,0,84,0,20,135,0,155,72,0,72,227
07/10/2015,SGR,TX,ASW,CE,Federal Contract Tower,0,15,62,0,77,0,2,84,0,86,0,17,146,0,163,66,0,66,229
07/11/2015,SGR,TX,ASW,CE,Federal Contract Tower,0,6,35,0,41,0,0,81,0,81,0,6,116,0,122,108,0,108,230
07/12/2015,SGR,TX,ASW,CE,Federal Contract Tower,0,16,43,0,59,0,1,101,0,102,0,17,144,0,161,72,16,88,249
07/13/2015,SGR,TX,ASW,CE,Federal Contract Tower,0,7,51,0,58,0,2,84,0,86,0,9,135,0,144,98,0,98,242
07/14/2015,SGR,TX,ASW,CE,Federal Contract Tower,0,12,47,0,59,0,0,75,0,75,0,12,122,0,134,58,0,58,192
07/15/2015,SGR,TX,ASW,CE,Federal Contract Tower,0,9,74,0,83,0,0,109,0,109,0,9,183,0,192,116,0,116,308
07/16/2015,SGR,TX,ASW,CE,Federal Contract Tower,0,12,54,0,66,0,0,84,0,84,0,12,138,0,150,90,0,90,240
07/17/2015,SGR,TX,ASW,CE,Federal Contract Tower,0,16,49,0,65,0,0,63,0,63,0,16,112,0,128,44,0,44,172
07/18/2015,SGR,TX,ASW,CE,Federal Contract Tower,0,11,32,0,43,0,0,79,0,79,0,11,111,0,122,46,0,46,168
07/19/2015,SGR,TX,ASW,CE,Federal Contract Tower,0,13,42,0,55,0,4,79,0,83,0,17,121,0,138,66,0,66,204
07/20/2015,SGR,TX,ASW,CE,Federal Contract Tower,0,5,46,0,51,0,0,0,0,0,0,5,46,0,51,22,0,22,73
07/21/2015,SGR,TX,ASW,CE,Federal Contract Tower,0,3,59,0,62,0,1,48,0,49,0,4,107,0,111,4,0,4,115
07/22/2015,SGR,TX,ASW,CE,Federal Contract Tower,0,5,55,0,60,0,0,59,0,59,0,5,114,0,119,50,0,50,169
07/23/2015,SGR,TX,ASW,CE,Federal Contract Tower,0,10,54,0,64,0,0,54,0,54,0,10,108,0,118,58,0,58,176
07/24/2015,SGR,TX,ASW,CE,Federal Contract Tower,0,11,43,0,54,0,0,47,0,47,0,11,90,0,101,80,0,80,181
07/25/2015,SGR,TX,ASW,CE,Federal Contract Tower,0,16,33,0,49,0,0,66,0,66,0,16,99,0,115,110,0,110,225
07/26/2015,SGR,TX,ASW,CE,Federal Contract Tower,0,10,42,0,52,0,1,93,0,94,0,11,135,0,146,112,0,112,258
07/27/2015,SGR,TX,ASW,CE,Federal Contract Tower,0,5,43,0,48,0,2,66,0,68,0,7,109,0,116,92,0,92,208
07/28/2015,SGR,TX,ASW,CE,Federal Contract Tower,0,9,44,0,53,0,0,75,0,75,0,9,119,0,128,122,0,122,250
07/29/2015,SGR,TX,ASW,CE,Federal Contract Tower,0,10,32,0,42,0,0,72,0,72,0,10,104,0,114,80,0,80,194
07/30/2015,SGR,TX,ASW,CE,Federal Contract Tower,0,16,59,0,75,0,0,77,0,77,0,16,136,0,152,84,0,84,236
07/31/2015,SGR,TX,ASW,CE,Federal Contract Tower,0,4,49,0,53,0,2,102,0,104,0,6,151,0,157,108,0,108,265
08/01/2015,SGR,TX,ASW,CE,Federal Contract Tower,0,6,32,0,38,0,4,85,0,89,0,10,117,0,127,42,0,42,169
08/02/2015,SGR,TX,ASW,CE,Federal Contract Tower,0,6,34,0,40,0,0,87,0,87,0,6,121,0,127,90,0,90,217
08/03/2015,SGR,TX,ASW,CE,Federal Contract Tower,0,16,42,0,58,0,0,70,4,74,0,16,112,4,132,12,0,12,144
08/04/2015,SGR,TX,ASW,CE,Federal Contract Tower,0,11,48,0,59,0,1,50,0,51,0,12,98,0,110,52,0,52,162
08/05/2015,SGR,TX,ASW,CE,Federal Contract Tower,0,23,69,0,92,0,1,78,0,79,0,24,147,0,171,34,0,34,205
08/06/2015,SGR,TX,ASW,CE,Federal Contract Tower,0,17,47,2,66,0,2,65,0,67,0,19,112,2,133,18,0,18,151
08/07/2015,SGR,TX,ASW,CE,Federal Contract Tower,0,12,40,0,52,0,3,65,0,68,0,15,105,0,120,68,0,68,188
08/08/2015,SGR,TX,ASW,CE,Federal Contract Tower,0,12,27,0,39,0,0,71,0,71,0,12,98,0,110,42,0,42,152
08/09/2015,SGR,TX,ASW,CE,Federal Contract Tower,0,15,36,0,51,0,2,76,0,78,0,17,112,0,129,56,0,56,185
08/10/2015,SGR,TX,ASW,CE,Federal Contract Tower,0,15,47,0,62,0,6,61,0,67,0,21,108,0,129,24,0,24,153
08/11/2015,SGR,TX,ASW,CE,Federal Contract Tower,0,7,59,0,66,0,44,0,0,44,0,51,59,0,110,34,0,34,144
08/12/2015,SGR,TX,ASW,CE,Federal Contract Tower,0,14,52,0,66,0,0,69,0,69,0,14,121,0,135,66,0,66,201
08/13/2015,SGR,TX,ASW,CE,Federal Contract Tower,0,14,49,0,63,0,0,59,0,59,0,14,108,0,122,52,0,52,174
08/14/2015,SGR,TX,ASW,CE,Federal Contract Tower,0,7,64,0,71,0,0,86,2,88,0,7,150,2,159,56,16,72,231
08/15/2015,SGR,TX,ASW,CE,Federal Contract Tower,0,8,26,0,34,0,0,82,0,82,0,8,108,0,116,54,0,54,170
08/16/2015,SGR,TX,ASW,CE,Federal Contract Tower,0,10,44,0,54,0,0,71,0,71,0,10,115,0,125,78,0,78,203
08/17/2015,SGR,TX,ASW,CE,Federal Contract Tower,0,12,46,0,58,0,0,74,0,74,0,12,120,0,132,94,0,94,226
08/18/2015,SGR,TX,ASW,CE,Federal Contract Tower,0,7,62,0,69,0,0,67,0,67,0,7,129,0,136,42,0,42,178
08/19/2015,SGR,TX,ASW,CE,Federal Contract Tower,0,20,56,0,76,0,1,42,2,45,0,21,98,2,121,42,0,42,163
08/20/2015,SGR,TX,ASW,CE,Federal Contract Tower,0,8,59,0,67,0,0,3,0,3,0,8,62,0,70,0,0,0,70
08/21/2015,SGR,TX,ASW,CE,Federal Contract Tower,0,27,52,0,79,0,1,48,0,49,0,28,100,0,128,80,0,80,208
08/22/2015,SGR,TX,ASW,CE,Federal Contract Tower,0,7,38,0,45,0,0,69,0,69,0,7,107,0,114,90,0,90,204
08/23/2015,SGR,TX,ASW,CE,Federal Contract Tower,0,12,45,0,57,0,5,61,0,66,0,17,106,0,123,26,0,26,149
08/24/2015,SGR,TX,ASW,CE,Federal Contract Tower,0,12,39,0,51,0,7,46,0,53,0,19,85,0,104,46,2,48,152
08/25/2015,SGR,TX,ASW,CE,Federal Contract Tower,0,11,48,0,59,0,3,38,0,41,0,14,86,0,100,6,0,6,106
08/26/2015,SGR,TX,ASW,CE,Federal Contract Tower,0,19,59,0,78,0,2,82,0,84,0,21,141,0,162,32,2,34,196
08/27/2015,SGR,TX,ASW,CE,Federal Contract Tower,0,16,63,0,79,0,6,88,0,94,0,22,151,0,173,64,2,66,239
08/28/2015,SGR,TX,ASW,CE,Federal Contract Tower,0,10,55,0,65,0,0,85,0,85,0,10,140,0,150,54,0,54,204
08/29/2015,SGR,TX,ASW,CE,Federal Contract Tower,0,8,26,0,34,0,0,83,0,83,0,8,109,0,117,88,0,88,205
08/30/2015,SGR,TX,ASW,CE,Federal Contract Tower,0,11,42,0,53,0,0,88,0,88,0,11,130,0,141,82,0,82,223
08/31/2015,SGR,TX,ASW,CE,Federal Contract Tower,0,13,64,0,77,0,0,33,0,33,0,13,97,0,110,46,0,46,156
09/01/2015,SGR,TX,ASW,CE,Federal Contract Tower,0,21,57,0,78,0,0,26,0,26,0,21,83,0,104,10,0,10,114
09/02/2015,SGR,TX,ASW,CE,Federal Contract Tower,0,22,41,0,63,0,2,62,0,64,0,24,103,0,127,80,0,80,207
09/03/2015,SGR,TX,ASW,CE,Federal Contract Tower,0,32,74,0,106,0,2,46,0,48,0,34,120,0,154,78,0,78,232
09/04/2015,SGR,TX,ASW,CE,Federal Contract Tower,0,19,63,0,82,0,2,65,0,67,0,21,128,0,149,84,0,84,233
09/05/2015,SGR,TX,ASW,CE,Federal Contract Tower,0,3,32,0,35,0,0,67,0,67,0,3,99,0,102,58,0,58,160
09/06/2015,SGR,TX,ASW,CE,Federal Contract Tower,0,12,45,0,57,0,5,88,0,93,0,17,133,0,150,70,0,70,220
09/07/2015,SGR,TX,ASW,CE,Federal Contract Tower,0,19,53,0,72,0,0,75,0,75,0,19,128,0,147,38,0,38,185
09/08/2015,SGR,TX,ASW,CE,Federal Contract Tower,0,11,52,0,63,0,0,60,0,60,0,11,112,0,123,42,0,42,165
09/09/2015,SGR,TX,ASW,CE,Federal Contract Tower,0,21,71,0,92,0,2,48,0,50,0,23,119,0,142,28,0,28,170
09/10/2015,SGR,TX,ASW,CE,Federal Contract Tower,0,27,51,0,78,0,0,41,0,41,0,27,92,0,119,18,0,18,137
09/11/2015,SGR,TX,ASW,CE,Federal Contract Tower,0,12,45,0,57,0,2,2,0,4,0,14,47,0,61,0,0,0,61
09/12/2015,SGR,TX,ASW,CE,Federal Contract Tower,0,3,50,0,53,0,0,82,0,82,0,3,132,0,135,66,0,66,201
09/13/2015,SGR,TX,ASW,CE,Federal Contract Tower,0,10,52,0,62,0,0,128,0,128,0,10,180,0,190,116,0,116,306
09/14/2015,SGR,TX,ASW,CE,Federal Contract Tower,0,10,55,2,67,0,0,70,0,70,0,10,125,2,137,94,0,94,231
09/15/2015,SGR,TX,ASW,CE,Federal Contract Tower,0,16,64,0,80,0,48,0,0,48,0,64,64,0,128,38,0,38,166
09/16/2015,SGR,TX,ASW,CE,Federal Contract Tower,0,12,57,2,71,0,2,79,0,81,0,14,136,2,152,86,0,86,238
09/17/2015,SGR,TX,ASW,CE,Federal Contract Tower,0,4,58,0,62,0,0,75,0,75,0,4,133,0,137,88,0,88,225
09/18/2015,SGR,TX,ASW,CE,Federal Contract Tower,0,10,45,0,55,0,0,86,0,86,0,10,131,0,141,118,0,118,259
09/19/2015,SGR,TX,ASW,CE,Federal Contract Tower,0,7,45,0,52,0,0,123,0,123,0,7,168,0,175,96,0,96,271
09/20/2015,SGR,TX,ASW,CE,Federal Contract Tower,0,6,48,0,54,0,1,68,0,69,0,7,116,0,123,56,0,56,179
09/21/2015,SGR,TX,ASW,CE,Federal Contract Tower,0,9,43,0,52,0,0,66,0,66,0,9,109,0,118,134,0,134,252
09/22/2015,SGR,TX,ASW,CE,Federal Contract Tower,0,8,54,0,62,0,0,76,0,76,0,8,130,0,138,128,0,128,266
09/23/2015,SGR,TX,ASW,CE,Federal Contract Tower,0,17,44,0,61,0,0,83,0,83,0,17,127,0,144,74,0,74,218
09/24/2015,SGR,TX,ASW,CE,Federal Contract Tower,0,14,72,0,86,0,0,83,0,83,0,14,155,0,169,100,0,100,269
09/25/2015,SGR,TX,ASW,CE,Federal Contract Tower,0,13,57,3,73,0,0,57,0,57,0,13,114,3,130,46,0,46,176
09/26/2015,SGR,TX,ASW,CE,Federal Contract Tower,0,12,37,0,49,0,0,88,0,88,0,12,125,0,137,80,0,80,217
09/27/2015,SGR,TX,ASW,CE,Federal Contract Tower,0,17,75,1,93,0,0,36,0,36,0,17,111,1,129,86,0,86,215
09/28/2015,SGR,TX,ASW,CE,Federal Contract Tower,0,16,55,0,71,0,0,25,0,25,0,16,80,0,96,16,0,16,112
09/29/2015,SGR,TX,ASW,CE,Federal Contract Tower,0,16,71,0,87,0,0,58,0,58,0,16,129,0,145,62,0,62,207
09/30/2015,SGR,TX,ASW,CE,Federal Contract Tower,0,16,60,0,76,0,0,53,0,53,0,16,113,0,129,72,0,72,201
10/01/2015,SGR,TX,ASW,CE,Federal Contract Tower,0,26,54,0,80,0,0,78,0,78,0,26,132,0,158,122,0,122,280
10/02/2015,SGR,TX,ASW,CE,Federal Contract Tower,0,15,47,0,62,0,0,69,0,69,0,15,116,0,131,80,0,80,211
10/03/2015,SGR,TX,ASW,CE,Federal Contract Tower,0,10,46,2,58,0,0,84,2,86,0,10,130,4,144,134,0,134,278
10/04/2015,SGR,TX,ASW,CE,Federal Contract Tower,0,16,40,0,56,0,0,79,0,79,0,16,119,0,135,122,0,122,257
10/05/2015,SGR,TX,ASW,CE,Federal Contract Tower,0,7,56,0,63,0,0,84,0,84,0,7,140,0,147,72,0,72,219
10/06/2015,SGR,TX,ASW,CE,Federal Contract Tower,0,16,74,2,92,0,0,80,0,80,0,16,154,2,172,80,0,80,252
10/07/2015,SGR,TX,ASW,CE,Federal Contract Tower,0,9,71,0,80,0,1,70,0,71,0,10,141,0,151,94,0,94,245
10/08/2015,SGR,TX,ASW,CE,Federal Contract Tower,0,26,73,0,99,0,0,74,0,74,0,26,147,0,173,80,0,80,253
10/09/2015,SGR,TX,ASW,CE,Federal Contract Tower,0,20,74,0,94,0,0,78,0,78,0,20,152,0,172,118,0,118,290
10/10/2015,SGR,TX,ASW,CE,Federal Contract Tower,0,13,62,0,75,0,0,101,0,101,0,13,163,0,176,122,0,122,298
10/11/2015,SGR,TX,ASW,CE,Federal Contract Tower,0,16,50,0,66,0,3,79,0,82,0,19,129,0,148,64,0,64,212
10/12/2015,SGR,TX,ASW,CE,Federal Contract Tower,0,19,54,0,73,0,2,48,0,50,0,21,102,0,123,26,0,26,149
10/13/2015,SGR,TX,ASW,CE,Federal Contract Tower,0,10,76,0,86,0,2,53,0,55,0,12,129,0,141,20,0,20,161
10/14/2015,SGR,TX,ASW,CE,Federal Contract Tower,0,29,67,0,96,0,0,78,0,78,0,29,145,0,174,34,0,34,208
10/15/2015,SGR,TX,ASW,CE,Federal Contract Tower,0,13,72,0,85,0,0,86,0,86,0,13,158,0,171,86,0,86,257
10/16/2015,SGR,TX,ASW,CE,Federal Contract Tower,0,6,70,0,76,0,3,116,0,119,0,9,186,0,195,122,0,122,317
10/17/2015,SGR,TX,ASW,CE,Federal Contract Tower,0,5,30,0,35,0,0,88,0,88,0,5,118,0,123,74,0,74,197
10/18/2015,SGR,TX,ASW,CE,Federal Contract Tower,0,8,66,0,74,0,0,83,0,83,0,8,149,0,157,48,6,54,211
10/19/2015,SGR,TX,ASW,CE,Federal Contract Tower,0,6,48,0,54,0,2,66,0,68,0,8,114,0,122,116,0,116,238
10/20/2015,SGR,TX,ASW,CE,Federal Contract Tower,0,15,94,0,109,0,2,56,0,58,0,17,150,0,167,102,0,102,269
10/21/2015,SGR,TX,ASW,CE,Federal Contract Tower,0,8,65,0,73,0,0,29,0,29,0,8,94,0,102,8,0,8,110
10/22/2015,SGR,TX,ASW,CE,Federal Contract Tower,0,21,59,0,80,0,0,24,0,24,0,21,83,0,104,6,0,6,110
10/23/2015,SGR,TX,ASW,CE,Federal Contract Tower,0,11,30,0,41,0,0,38,0,38,0,11,68,0,79,60,0,60,139
10/24/2015,SGR,TX,ASW,CE,Federal Contract Tower,0,4,18,0,22,0,0,7,0,7,0,4,25,0,29,20,0,20,49
10/25/2015,SGR,TX,ASW,CE,Federal Contract Tower,0,18,21,0,39,0,0,0,0,0,0,18,21,0,39,0,0,0,39
10/26/2015,SGR,TX,ASW,CE,Federal Contract Tower,0,12,60,4,76,0,2,27,0,29,0,14,87,4,105,56,0,56,161
10/27/2015,SGR,TX,ASW,CE,Federal Contract Tower,0,9,63,0,72,0,3,63,0,66,0,12,126,0,138,80,0,80,218
10/28/2015,SGR,TX,ASW,CE,Federal Contract Tower,0,12,62,0,74,0,0,86,0,86,0,12,148,0,160,44,0,44,204
10/29/2015,SGR,TX,ASW,CE,Federal Contract Tower,0,29,80,0,109,0,2,88,0,90,0,31,168,0,199,82,0,82,281
10/30/2015,SGR,TX,ASW,CE,Federal Contract Tower,0,17,55,0,72,0,0,10,0,10,0,17,65,0,82,10,0,10,92
10/31/2015,SGR,TX,ASW,CE,Federal Contract Tower,0,6,29,0,35,0,0,0,0,0,0,6,29,0,35,0,0,0,35
11/01/2015,SGR,TX,ASW,CE,Federal Contract Tower,0,9,61,0,70,0,0,5,0,5,0,9,66,0,75,10,0,10,85
11/02/2015,SGR,TX,ASW,CE,Federal Contract Tower,0,12,54,0,66,0,3,50,0,53,0,15,104,0,119,90,0,90,209
11/03/2015,SGR,TX,ASW,CE,Federal Contract Tower,0,7,68,0,75,0,0,62,0,62,0,7,130,0,137,208,0,208,345
11/04/2015,SGR,TX,ASW,CE,Federal Contract Tower,0,17,78,0,95,0,0,56,0,56,0,17,134,0,151,82,0,82,233
11/05/2015,SGR,TX,ASW,CE,Federal Contract Tower,0,29,60,0,89,0,0,39,0,39,0,29,99,0,128,54,0,54,182
11/06/2015,SGR,TX,ASW,CE,Federal Contract Tower,0,6,56,2,64,0,0,60,0,60,0,6,116,2,124,118,0,118,242
11/07/2015,SGR,TX,ASW,CE,Federal Contract Tower,0,4,49,0,53,0,0,0,0,0,0,4,49,0,53,0,0,0,53
11/08/2015,SGR,TX,ASW,CE,Federal Contract Tower,0,19,54,0,73,0,0,97,0,97,0,19,151,0,170,74,0,74,244
11/09/2015,SGR,TX,ASW,CE,Federal Contract Tower,0,20,70,0,90,0,13,100,0,113,0,33,170,0,203,102,0,102,305
11/10/2015,SGR,TX,ASW,CE,Federal Contract Tower,0,16,81,0,97,0,2,71,0,73,0,18,152,0,170,104,0,104,274
11/11/2015,SGR,TX,ASW,CE,Federal Contract Tower,0,12,69,0,81,0,0,66,0,66,0,12,135,0,147,156,0,156,303
11/12/2015,SGR,TX,ASW,CE,Federal Contract Tower,0,21,99,0,120,0,2,110,0,112,0,23,209,0,232,98,0,98,330
11/13/2015,SGR,TX,ASW,CE,Federal Contract Tower,0,9,85,0,94,0,0,84,0,84,0,9,169,0,178,84,0,84,262
11/14/2015,SGR,TX,ASW,CE,Federal Contract Tower,0,2,35,0,37,0,0,101,0,101,0,2,136,0,138,82,0,82,220
11/15/2015,SGR,TX,ASW,CE,Federal Contract Tower,0,15,73,0,88,0,0,82,0,82,0,15,155,0,170,98,0,98,268
11/16/2015,SGR,TX,ASW,CE,Federal Contract Tower,0,14,47,0,61,0,5,11,0,16,0,19,58,0,77,6,0,6,83
11/17/2015,SGR,TX,ASW,CE,Federal Contract Tower,0,7,35,0,42,0,0,7,0,7,0,7,42,0,49,6,0,6,55
11/18/2015,SGR,TX,ASW,CE,Federal Contract Tower,0,16,37,3,56,0,0,85,0,85,0,16,122,3,141,96,0,96,237
11/19/2015,SGR,TX,ASW,CE,Federal Contract Tower,0,19,49,0,68,0,5,91,0,96,0,24,140,0,164,76,0,76,240
11/20/2015,SGR,TX,ASW,CE,Federal Contract Tower,0,21,73,0,94,0,0,92,0,92,0,21,165,0,186,150,0,150,336
11/21/2015,SGR,TX,ASW,CE,Federal Contract Tower,0,9,55,0,64,0,0,12,0,12,0,9,67,0,76,0,0,0,76
11/22/2015,SGR,TX,ASW,CE,Federal Contract Tower,0,14,79,0,93,0,0,0,0,0,0,14,79,0,93,86,0,86,179
11/23/2015,SGR,TX,ASW,CE,Federal Contract Tower,0,9,45,0,54,0,4,91,0,95,0,13,136,0,149,126,0,126,275
11/24/2015,SGR,TX,ASW,CE,Federal Contract Tower,0,16,62,0,78,0,71,0,0,71,0,87,62,0,149,64,0,64,213
11/25/2015,SGR,TX,ASW,CE,Federal Contract Tower,0,21,58,0,79,0,0,47,0,47,0,21,105,0,126,32,0,32,158
11/26/2015,SGR,TX,ASW,CE,Federal Contract Tower,0,6,11,0,17,0,3,2,0,5,0,9,13,0,22,0,0,0,22
11/27/2015,SGR,TX,ASW,CE,Federal Contract Tower,0,5,25,0,30,0,0,19,0,19,0,5,44,0,49,58,0,58,107
11/28/2015,SGR,TX,ASW,CE,Federal Contract Tower,0,11,41,0,52,0,0,0,0,0,0,11,41,0,52,0,0,0,52
11/29/2015,SGR,TX,ASW,CE,Federal Contract Tower,0,25,70,0,95,0,0,0,0,0,0,25,70,0,95,0,0,0,95
11/30/2015,SGR,TX,ASW,CE,Federal Contract Tower,0,14,41,0,55,0,0,5,0,5,0,14,46,0,60,0,0,0,60
12/01/2015,SGR,TX,ASW,CE,Federal Contract Tower,0,19,53,0,72,0,0,12,0,12,0,19,65,0,84,8,0,8,92
12/02/2015,SGR,TX,ASW,CE,Federal Contract Tower,0,19,50,0,69,0,0,82,0,82,0,19,132,0,151,76,0,76,227
12/03/2015,SGR,TX,ASW,CE,Federal Contract Tower,0,22,82,4,108,0,6,97,0,103,0,28,179,4,211,140,0,140,351
12/04/2015,SGR,TX,ASW,CE,Federal Contract Tower,0,5,64,0,69,0,10,73,0,83,0,15,137,0,152,126,0,126,278
12/05/2015,SGR,TX,ASW,CE,Federal Contract Tower,0,6,36,0,42,0,1,105,0,106,0,7,141,0,148,82,0,82,230
12/06/2015,SGR,TX,ASW,CE,Federal Contract Tower,0,12,52,0,64,0,4,105,0,109,0,16,157,0,173,104,0,104,277
12/07/2015,SGR,TX,ASW,CE,Federal Contract Tower,0,11,69,0,80,0,8,79,0,87,0,19,148,0,167,64,0,64,231
12/08/2015,SGR,TX,ASW,CE,Federal Contract Tower,0,9,74,0,83,0,2,59,0,61,0,11,133,0,144,52,4,56,200
12/09/2015,SGR,TX,ASW,CE,Federal Contract Tower,0,23,77,0,100,0,6,57,0,63,0,29,134,0,163,52,6,58,221
12/10/2015,SGR,TX,ASW,CE,Federal Contract Tower,0,14,62,0,76,0,1,44,0,45,0,15,106,0,121,18,0,18,139
12/11/2015,SGR,TX,ASW,CE,Federal Contract Tower,0,15,56,0,71,0,0,36,0,36,0,15,92,0,107,42,0,42,149
12/12/2015,SGR,TX,ASW,CE,Federal Contract Tower,0,4,38,0,42,0,0,8,0,8,0,4,46,0,50,0,0,0,50
12/13/2015,SGR,TX,ASW,CE,Federal Contract Tower,0,7,38,0,45,0,0,19,0,19,0,7,57,0,64,30,0,30,94
12/14/2015,SGR,TX,ASW,CE,Federal Contract Tower,0,14,63,0,77,0,0,85,0,85,0,14,148,0,162,132,0,132,294
12/15/2015,SGR,TX,ASW,CE,Federal Contract Tower,0,14,67,2,83,0,3,41,0,44,0,17,108,2,127,30,0,30,157
12/16/2015,SGR,TX,ASW,CE,Federal Contract Tower,0,22,65,4,91,0,0,61,2,63,0,22,126,6,154,64,0,64,218
12/17/2015,SGR,TX,ASW,CE,Federal Contract Tower,0,28,73,0,101,0,5,97,0,102,0,33,170,0,203,54,0,54,257
12/18/2015,SGR,TX,ASW,CE,Federal Contract Tower,0,14,75,0,89,0,8,139,0,147,0,22,214,0,236,84,0,84,320
12/19/2015,SGR,TX,ASW,CE,Federal Contract Tower,0,11,49,0,60,0,0,120,0,120,0,11,169,0,180,22,0,22,202
12/20/2015,SGR,TX,ASW,CE,Federal Contract Tower,0,19,50,0,69,0,0,55,0,55,0,19,105,0,124,42,0,42,166
12/21/2015,SGR,TX,ASW,CE,Federal Contract Tower,0,7,42,0,49,0,3,5,0,8,0,10,47,0,57,0,0,0,57
12/22/2015,SGR,TX,ASW,CE,Federal Contract Tower,0,17,55,0,72,0,4,13,0,17,0,21,68,0,89,14,0,14,103
12/23/2015,SGR,TX,ASW,CE,Federal Contract Tower,0,13,44,0,57,0,0,60,2,62,0,13,104,2,119,42,0,42,161
12/24/2015,SGR,TX,ASW,CE,Federal Contract Tower,0,2,24,0,26,0,0,23,0,23,0,2,47,0,49,56,0,56,105
12/25/2015,SGR,TX,ASW,CE,Federal Contract Tower,0,8,9,0,17,0,1,6,0,7,0,9,15,0,24,8,0,8,32
12/26/2015,SGR,TX,ASW,CE,Federal Contract Tower,0,10,50,0,60,0,0,6,0,6,0,10,56,0,66,0,0,0,66
12/27/2015,SGR,TX,ASW,CE,Federal Contract Tower,0,12,21,0,33,0,0,0,0,0,0,12,21,0,33,0,0,0,33
12/28/2015,SGR,TX,ASW,CE,Federal Contract Tower,0,11,53,0,64,0,1,68,0,69,0,12,121,0,133,12,0,12,145
12/29/2015,SGR,TX,ASW,CE,Federal Contract Tower,0,9,56,0,65,0,2,90,0,92,0,11,146,0,157,96,0,96,253
12/30/2015,SGR,TX,ASW,CE,Federal Contract Tower,0,7,37,0,44,0,0,10,0,10,0,7,47,0,54,0,16,16,70
12/31/2015,SGR,TX,ASW,CE,Federal Contract Tower,0,11,29,0,40,0,0,53,0,53,0,11,82,0,93,46,0,46,139
01/01/2016,SGR,TX,ASW,CE,Federal Contract Tower,0,12,17,0,29,0,0,6,0,6,0,12,23,0,35,36,0,36,71
01/02/2016,SGR,TX,ASW,CE,Federal Contract Tower,0,15,45,0,60,0,1,68,0,69,0,16,113,0,129,148,0,148,277
01/03/2016,SGR,TX,ASW,CE,Federal Contract Tower,0,10,38,0,48,0,0,81,0,81,0,10,119,0,129,142,0,142,271
01/04/2016,SGR,TX,ASW,CE,Federal Contract Tower,0,19,66,0,85,0,2,112,0,114,0,21,178,0,199,58,0,58,257
01/05/2016,SGR,TX,ASW,CE,Federal Contract Tower,0,7,28,0,35,0,0,68,0,68,0,7,96,0,103,76,0,76,179
01/06/2016,SGR,TX,ASW,CE,Federal Contract Tower,0,12,46,0,58,0,1,3,0,4,0,13,49,0,62,2,0,2,64
01/07/2016,SGR,TX,ASW,CE,Federal Contract Tower,0,10,63,0,73,0,1,29,0,30,0,11,92,0,103,42,0,42,145
01/08/2016,SGR,TX,ASW,CE,Federal Contract Tower,0,5,74,0,79,0,0,25,0,25,0,5,99,0,104,58,0,58,162
01/09/2016,SGR,TX,ASW,CE,Federal Contract Tower,0,2,46,0,48,0,0,61,0,61,0,2,107,0,109,42,0,42,151
01/10/2016,SGR,TX,ASW,CE,Federal Contract Tower,0,15,71,0,86,0,3,124,0,127,0,18,195,0,213,108,0,108,321
01/11/2016,SGR,TX,ASW,CE,Federal Contract Tower,0,12,41,0,53,0,3,58,0,61,0,15,99,0,114,82,0,82,196
01/12/2016,SGR,TX,ASW,CE,Federal Contract Tower,0,14,78,0,92,0,0,72,0,72,0,14,150,0,164,88,0,88,252
01/13/2016,SGR,TX,ASW,CE,Federal Contract Tower,0,15,50,0,65,0,5,74,0,79,0,20,124,0,144,82,0,82,226
01/14/2016,SGR,TX,ASW,CE,Federal Contract Tower,0,20,85,0,105,0,0,10,0,10,0,20,95,0,115,26,0,26,141
01/15/2016,SGR,TX,ASW,CE,Federal Contract Tower,0,16,68,0,84,0,1,80,0,81,0,17,148,0,165,96,0,96,261
01/16/2016,SGR,TX,ASW,CE,Federal Contract Tower,0,10,35,0,45,0,0,48,0,48,0,10,83,0,93,96,0,96,189
01/17/2016,SGR,TX,ASW,CE,Federal Contract Tower,0,8,43,0,51,0,4,115,0,119,0,12,158,0,170,160,0,160,330
01/18/2016,SGR,TX,ASW,CE,Federal Contract Tower,0,13,68,0,81,0,0,86,0,86,0,13,154,0,167,80,0,80,247
01/19/2016,SGR,TX,ASW,CE,Federal Contract Tower,0,14,49,0,63,0,1,62,0,63,0,15,111,0,126,70,0,70,196
01/20/2016,SGR,TX,ASW,CE,Federal Contract Tower,0,9,75,0,84,0,4,46,0,50,0,13,121,0,134,90,0,90,224
01/21/2016,SGR,TX,ASW,CE,Federal Contract Tower,0,10,59,0,69,0,0,23,0,23,0,10,82,0,92,2,0,2,94
01/22/2016,SGR,TX,ASW,CE,Federal Contract Tower,0,15,57,5,77,0,53,0,0,53,0,68,57,5,130,4,0,4,134
01/23/2016,SGR,TX,ASW,CE,Federal Contract Tower,0,6,33,0,39,0,11,83,0,94,0,17,116,0,133,146,0,146,279
01/24/2016,SGR,TX,ASW,CE,Federal Contract Tower,0,9,50,0,59,0,2,90,0,92,0,11,140,0,151,108,0,108,259
01/25/2016,SGR,TX,ASW,CE,Federal Contract Tower,0,18,45,0,63,0,6,43,0,49,0,24,88,0,112,60,0,60,172
01/26/2016,SGR,TX,ASW,CE,Federal Contract Tower,0,18,73,0,91,0,0,1,16,17,0,18,74,16,108,16,0,16,124
01/27/2016,SGR,TX,ASW,CE,Federal Contract Tower,0,18,68,0,86,0,2,77,0,79,0,20,145,0,165,106,0,106,271
01/28/2016,SGR,TX,ASW,CE,Federal Contract Tower,0,18,65,0,83,0,0,78,0,78,0,18,143,0,161,118,0,118,279
01/29/2016,SGR,TX,ASW,CE,Federal Contract Tower,0,16,54,2,72,0,11,75,2,88,0,27,129,4,160,58,0,58,218
01/30/2016,SGR,TX,ASW,CE,Federal Contract Tower,0,9,29,0,38,0,0,75,0,75,0,9,104,0,113,138,0,138,251
01/31/2016,SGR,TX,ASW,CE,Federal Contract Tower,0,10,44,0,54,0,0,55,0,55,0,10,99,0,109,52,0,52,161
02/01/2016,SGR,TX,ASW,CE,Federal Contract Tower,0,8,37,0,45,0,0,20,0,20,0,8,57,0,65,28,0,28,93
02/02/2016,SGR,TX,ASW,CE,Federal Contract Tower,0,9,63,0,72,0,4,55,0,59,0,13,118,0,131,28,0,28,159
02/03/2016,SGR,TX,ASW,CE,Federal Contract Tower,0,12,60,0,72,0,5,88,0,93,0,17,148,0,165,122,0,122,287
02/05/2016,SGR,TX,ASW,CE,Federal Contract Tower,0,39,64,0,103,0,0,73,0,73,0,39,137,0,176,106,0,106,282
02/06/2016,SGR,TX,ASW,CE,Federal Contract Tower,0,8,60,0,68,0,15,75,0,90,0,23,135,0,158,94,0,94,252
02/07/2016,SGR,TX,ASW,CE,Federal Contract Tower,0,8,46,0,54,0,3,66,0,69,0,11,112,0,123,114,0,114,237
02/08/2016,SGR,TX,ASW,CE,Federal Contract Tower,0,9,48,0,57,0,7,44,0,51,0,16,92,0,108,34,0,34,142
02/09/2016,SGR,TX,ASW,CE,Federal Contract Tower,0,9,50,0,59,0,3,57,0,60,0,12,107,0,119,62,0,62,181
02/10/2016,SGR,TX,ASW,CE,Federal Contract Tower,0,8,71,0,79,0,4,74,0,78,0,12,145,0,157,62,0,62,219
02/11/2016,SGR,TX,ASW,CE,Federal Contract Tower,0,16,72,0,88,0,2,69,0,71,0,18,141,0,159,100,0,100,259
02/12/2016,SGR,TX,ASW,CE,Federal Contract Tower,0,11,95,0,106,0,4,79,0,83,0,15,174,0,189,84,0,84,273
02/13/2016,SGR,TX,ASW,CE,Federal Contract Tower,0,6,17,0,23,0,1,80,0,81,0,7,97,0,104,96,0,96,200
02/14/2016,SGR,TX,ASW,CE,Federal Contract Tower,0,12,34,0,46,0,0,77,0,77,0,12,111,0,123,68,22,90,213
02/15/2016,SGR,TX,ASW,CE,Federal Contract Tower,0,9,66,0,75,0,0,40,0,40,0,9,106,0,115,20,0,20,135
02/16/2016,SGR,TX,ASW,CE,Federal Contract Tower,0,15,52,0,67,0,8,78,0,86,0,23,130,0,153,50,0,50,203
02/17/2016,SGR,TX,ASW,CE,Federal Contract Tower,0,31,60,1,92,0,10,79,0,89,0,41,139,1,181,62,0,62,243
02/18/2016,SGR,TX,ASW,CE,Federal Contract Tower,0,22,82,0,104,0,3,59,0,62,0,25,141,0,166,42,0,42,208
02/19/2016,SGR,TX,ASW,CE,Federal Contract Tower,0,14,55,0,69,0,25,95,0,120,0,39,150,0,189,126,0,126,315
02/20/2016,SGR,TX,ASW,CE,Federal Contract Tower,0,11,40,0,51,0,10,73,0,83,0,21,113,0,134,148,0,148,282
02/21/2016,SGR,TX,ASW,CE,Federal Contract Tower,0,16,59,0,75,0,0,36,0,36,0,16,95,0,111,58,0,58,169
02/22/2016,SGR,TX,ASW,CE,Federal Contract Tower,0,3,58,0,61,0,0,13,0,13,0,3,71,0,74,16,0,16,90
02/23/2016,SGR,TX,ASW,CE,Federal Contract Tower,0,8,49,0,57,0,0,13,0,13,0,8,62,0,70,2,0,2,72
02/24/2016,SGR,TX,ASW,CE,Federal Contract Tower,0,19,48,0,67,0,0,44,0,44,0,19,92,0,111,14,0,14,125
02/25/2016,SGR,TX,ASW,CE,Federal Contract Tower,0,30,78,0,108,0,3,90,0,93,0,33,168,0,201,112,0,112,313
02/26/2016,SGR,TX,ASW,CE,Federal Contract Tower,0,18,53,1,72,0,3,62,1,66,0,21,115,2,138,60,0,60,198
02/27/2016,SGR,TX,ASW,CE,Federal Contract Tower,0,2,45,0,47,0,1,102,0,103,0,3,147,0,150,122,0,122,272
02/28/2016,SGR,TX,ASW,CE,Federal Contract Tower,0,14,26,0,40,0,1,61,0,62,0,15,87,0,102,80,0,80,182
02/29/2016,SGR,TX,ASW,CE,Federal Contract Tower,0,9,62,0,71,0,0,52,0,52,0,9,114,0,123,88,0,88,211
03/01/2016,SGR,TX,ASW,CE,Federal Contract Tower,0,8,52,4,64,0,0,29,0,29,0,8,81,4,93,38,0,38,131
03/02/2016,SGR,TX,ASW,CE,Federal Contract Tower,0,9,44,0,53,0,0,63,0,63,0,9,107,0,116,12,0,12,128
03/03/2016,SGR,TX,ASW,CE,Federal Contract Tower,0,14,61,0,75,0,0,53,0,53,0,14,114,0,128,130,0,130,258
03/04/2016,SGR,TX,ASW,CE,Federal Contract Tower,0,7,57,0,64,0,0,72,0,72,0,7,129,0,136,94,0,94,230
03/05/2016,SGR,TX,ASW,CE,Federal Contract Tower,0,8,32,0,40,0,10,79,0,89,0,18,111,0,129,106,0,106,235
03/07/2016,SGR,TX,ASW,CE,Federal Contract Tower,0,11,39,0,50,0,0,9,0,9,0,11,48,0,59,52,0,52,111
03/08/2016,SGR,TX,ASW,CE,Federal Contract Tower,0,14,43,0,57,0,0,1,0,1,0,14,44,0,58,0,0,0,58
03/09/2016,SGR,TX,ASW,CE,Federal Contract Tower,0,14,24,0,38,0,0,3,0,3,0,14,27,0,41,10,0,10,51
03/10/2016,SGR,TX,ASW,CE,Federal Contract Tower,0,16,47,0,63,0,0,27,0,27,0,16,74,0,90,38,0,38,128
03/11/2016,SGR,TX,ASW,CE,Federal Contract Tower,0,13,45,0,58,0,3,53,0,56,0,16,98,0,114,128,0,128,242
03/12/2016,SGR,TX,ASW,CE,Federal Contract Tower,0,13,29,0,42,0,1,83,0,84,0,14,112,0,126,114,0,114,240
03/13/2016,SGR,TX,ASW,CE,Federal Contract Tower,0,19,41,0,60,0,2,58,0,60,0,21,99,0,120,40,0,40,160
03/14/2016,SGR,TX,ASW,CE,Federal Contract Tower,0,16,25,0,41,0,5,52,0,57,0,21,77,0,98,44,0,44,142
03/15/2016,SGR,TX,ASW,CE,Federal Contract Tower,0,9,60,0,69,0,4,52,2,58,0,13,112,2,127,44,0,44,171
03/16/2016,SGR,TX,ASW,CE,Federal Contract Tower,0,10,47,0,57,0,1,36,0,37,0,11,83,0,94,16,0,16,110
03/17/2016,SGR,TX,ASW,CE,Federal Contract Tower,0,31,58,0,89,0,0,0,0,0,0,31,58,0,89,96,0,96,185
03/18/2016,SGR,TX,ASW,CE,Federal Contract Tower,0,14,34,0,48,0,0,29,0,29,0,14,63,0,77,36,0,36,113
03/19/2016,SGR,TX,ASW,CE,Federal Contract Tower,0,17,32,0,49,0,1,58,0,59,0,18,90,0,108,130,0,130,238
03/20/2016,SGR,TX,ASW,CE,Federal Contract Tower,0,12,56,0,68,0,11,113,0,124,0,23,169,0,192,98,0,98,290
03/21/2016,SGR,TX,ASW,CE,Federal Contract Tower,0,12,48,0,60,0,8,89,0,97,0,20,137,0,157,166,0,166,323
03/22/2016,SGR,TX,ASW,CE,Federal Contract Tower,0,19,49,0,68,0,4,73,0,77,0,23,122,0,145,78,0,78,223
03/23/2016,SGR,TX,ASW,CE,Federal Contract Tower,0,13,58,1,72,0,0,27,1,28,0,13,85,2,100,34,0,34,134
03/24/2016,SGR,TX,ASW,CE,Federal Contract Tower,0,18,63,0,81,0,7,73,0,80,0,25,136,0,161,42,0,42,203
03/25/2016,SGR,TX,ASW,CE,Federal Contract Tower,0,15,41,0,56,0,5,109,0,114,0,20,150,0,170,124,0,124,294
03/26/2016,SGR,TX,ASW,CE,Federal Contract Tower,0,7,34,0,41,0,5,102,0,107,0,12,136,0,148,142,0,142,290
03/27/2016,SGR,TX,ASW,CE,Federal Contract Tower,0,11,45,0,56,0,0,25,0,25,0,11,70,0,81,4,0,4,85
03/28/2016,SGR,TX,ASW,CE,Federal Contract Tower,0,10,66,0,76,0,12,101,0,113,0,22,167,0,189,166,0,166,355
03/29/2016,SGR,TX,ASW,CE,Federal Contract Tower,0,12,67,0,79,0,0,2,0,2,0,12,69,0,81,0,0,0,81
03/30/2016,SGR,TX,ASW,CE,Federal Contract Tower,0,12,60,2,74,0,0,6,0,6,0,12,66,2,80,0,0,0,80
03/31/2016,SGR,TX,ASW,CE,Federal Contract Tower,0,12,68,2,82,0,0,62,0,62,0,12,130,2,144,146,0,146,290
04/01/2016,SGR,TX,ASW,CE,Federal Contract Tower,0,10,84,0,94,0,2,52,7,61,0,12,136,7,155,54,12,66,221
04/02/2016,SGR,TX,ASW,CE,Federal Contract Tower,0,15,60,0,75,0,0,94,0,94,0,15,154,0,169,84,0,84,253
04/03/2016,SGR,TX,ASW,CE,Federal Contract Tower,0,23,47,0,70,0,1,125,0,126,0,24,172,0,196,160,0,160,356
04/04/2016,SGR,TX,ASW,CE,Federal Contract Tower,0,14,52,0,66,0,5,100,0,105,0,19,152,0,171,118,0,118,289
04/05/2016,SGR,TX,ASW,CE,Federal Contract Tower,0,18,64,0,82,0,9,107,0,116,0,27,171,0,198,74,0,74,272
04/06/2016,SGR,TX,ASW,CE,Federal Contract Tower,0,27,79,0,106,0,0,78,0,78,0,27,157,0,184,98,0,98,282
04/07/2016,SGR,TX,ASW,CE,Federal Contract Tower,0,9,52,0,61,0,1,77,0,78,0,10,129,0,139,82,0,82,221
04/08/2016,SGR,TX,ASW,CE,Federal Contract Tower,0,6,52,0,58,0,2,79,0,81,0,8,131,0,139,52,0,52,191
04/09/2016,SGR,TX,ASW,CE,Federal Contract Tower,0,8,29,0,37,0,1,81,0,82,0,9,110,0,119,166,0,166,285
04/10/2016,SGR,TX,ASW,CE,Federal Contract Tower,0,16,63,0,79,0,6,72,0,78,0,22,135,0,157,92,0,92,249
04/11/2016,SGR,TX,ASW,CE,Federal Contract Tower,0,8,55,0,63,0,0,12,0,12,0,8,67,0,75,46,0,46,121
04/12/2016,SGR,TX,ASW,CE,Federal Contract Tower,0,17,67,0,84,0,2,42,0,44,0,19,109,0,128,48,0,48,176
04/13/2016,SGR,TX,ASW,CE,Federal Contract Tower,0,14,53,0,67,0,0,4,0,4,0,14,57,0,71,0,0,0,71
04/14/2016,SGR,TX,ASW,CE,Federal Contract Tower,0,12,88,3,103,0,2,50,2,54,0,14,138,5,157,70,0,70,227
04/15/2016,SGR,TX,ASW,CE,Federal Contract Tower,0,12,60,0,72,0,2,77,0,79,0,14,137,0,151,116,0,116,267
04/16/2016,SGR,TX,ASW,CE,Federal Contract Tower,0,14,26,0,40,0,7,26,0,33,0,21,52,0,73,86,0,86,159
04/17/2016,SGR,TX,ASW,CE,Federal Contract Tower,0,16,29,0,45,0,0,11,0,11,0,16,40,0,56,34,0,34,90
04/18/2016,SGR,TX,ASW,CE,Federal Contract Tower,0,0,8,0,8,0,2,6,0,8,0,2,14,0,16,18,0,18,34
04/19/2016,SGR,TX,ASW,CE,Federal Contract Tower,0,12,49,0,61,0,1,20,0,21,0,13,69,0,82,26,0,26,108
04/20/2016,SGR,TX,ASW,CE,Federal Contract Tower,0,15,35,0,50,0,2,33,0,35,0,17,68,0,85,46,0,46,131
04/21/2016,SGR,TX,ASW,CE,Federal Contract Tower,0,14,37,2,53,0,6,40,0,46,0,20,77,2,99,76,0,76,175
04/22/2016,SGR,TX,ASW,CE,Federal Contract Tower,0,12,73,0,85,0,11,115,3,129,0,23,188,3,214,106,0,106,320
04/23/2016,SGR,TX,ASW,CE,Federal Contract Tower,0,7,22,0,29,0,26,118,0,144,0,33,140,0,173,148,0,148,321
04/24/2016,SGR,TX,ASW,CE,Federal Contract Tower,0,13,52,0,65,0,17,29,2,48,0,30,81,2,113,66,6,72,185
04/25/2016,SGR,TX,ASW,CE,Federal Contract Tower,0,17,46,0,63,0,5,31,0,36,0,22,77,0,99,68,0,68,167
04/26/2016,SGR,TX,ASW,CE,Federal Contract Tower,0,12,67,1,80,0,7,58,2,67,0,19,125,3,147,36,0,36,183
04/27/2016,SGR,TX,ASW,CE,Federal Contract Tower,0,21,38,0,59,0,1,68,0,69,0,22,106,0,128,62,0,62,190
04/28/2016,SGR,TX,ASW,CE,Federal Contract Tower,0,17,53,2,72,0,5,28,6,39,0,22,81,8,111,30,0,30,141
04/29/2016,SGR,TX,ASW,CE,Federal Contract Tower,0,7,42,0,49,0,0,33,0,33,0,7,75,0,82,62,0,62,144
04/30/2016,SGR,TX,ASW,CE,Federal Contract Tower,0,3,19,0,22,0,5,62,0,67,0,8,81,0,89,66,0,66,155
05/01/2016,SGR,TX,ASW,CE,Federal Contract Tower,0,12,52,0,64,0,2,45,0,47,0,14,97,0,111,122,0,122,233
05/02/2016,SGR,TX,ASW,CE,Federal Contract Tower,0,14,54,0,68,0,0,24,0,24,0,14,78,0,92,18,0,18,110
05/03/2016,SGR,TX,ASW,CE,Federal Contract Tower,0,17,103,0,120,0,10,88,4,102,0,27,191,4,222,140,0,140,362
05/04/2016,SGR,TX,ASW,CE,Federal Contract Tower,0,12,96,0,108,0,1,96,0,97,0,13,192,0,205,104,0,104,309
05/05/2016,SGR,TX,ASW,CE,Federal Contract Tower,0,19,60,2,81,0,4,89,0,93,0,23,149,2,174,58,0,58,232
05/06/2016,SGR,TX,ASW,CE,Federal Contract Tower,0,17,51,0,68,0,3,111,0,114,0,20,162,0,182,172,0,172,354
05/07/2016,SGR,TX,ASW,CE,Federal Contract Tower,0,4,27,0,31,0,11,107,0,118,0,15,134,0,149,110,0,110,259
05/08/2016,SGR,TX,ASW,CE,Federal Contract Tower,0,14,48,0,62,0,0,61,0,61,0,14,109,0,123,132,0,132,255
05/09/2016,SGR,TX,ASW,CE,Federal Contract Tower,0,11,36,1,48,0,1,29,4,34,0,12,65,5,82,12,0,12,94
05/10/2016,SGR,TX,ASW,CE,Federal Contract Tower,0,23,57,0,80,0,6,63,0,69,0,29,120,0,149,124,0,124,273
05/11/2016,SGR,TX,ASW,CE,Federal Contract Tower,0,11,81,3,95,0,2,61,0,63,0,13,142,3,158,66,0,66,224
05/12/2016,SGR,TX,ASW,CE,Federal Contract Tower,0,13,58,1,72,0,2,41,1,44,0,15,99,2,116,84,0,84,200
05/14/2016,SGR,TX,ASW,CE,Federal Contract Tower,0,5,26,0,31,0,47,95,0,142,0,52,121,0,173,84,0,84,257
05/15/2016,SGR,TX,ASW,CE,Federal Contract Tower,0,8,36,1,45,0,0,25,0,25,0,8,61,1,70,20,14,34,104
05/16/2016,SGR,TX,ASW,CE,Federal Contract Tower,0,11,54,0,65,0,0,10,10,20,0,11,64,10,85,36,0,36,121
05/17/2016,SGR,TX,ASW,CE,Federal Contract Tower,0,14,56,0,70,0,0,37,0,37,0,14,93,0,107,76,0,76,183
05/18/2016,SGR,TX,ASW,CE,Federal Contract Tower,0,15,79,0,94,0,3,61,0,64,0,18,140,0,158,142,0,142,300
05/19/2016,SGR,TX,ASW,CE,Federal Contract Tower,0,21,44,0,65,0,4,0,0,4,0,25,44,0,69,10,0,10,79
05/20/2016,SGR,TX,ASW,CE,Federal Contract Tower,0,7,51,0,58,0,4,82,0,86,0,11,133,0,144,94,0,94,238
05/21/2016,SGR,TX,ASW,CE,Federal Contract Tower,0,4,37,1,42,0,12,56,0,68,0,16,93,1,110,158,0,158,268
05/22/2016,SGR,TX,ASW,CE,Federal Contract Tower,0,11,46,0,57,0,0,27,0,27,0,11,73,0,84,36,0,36,120
05/23/2016,SGR,TX,ASW,CE,Federal Contract Tower,0,14,40,0,54,0,10,45,0,55,0,24,85,0,109,90,0,90,199
05/24/2016,SGR,TX,ASW,CE,Federal Contract Tower,0,11,79,0,90,0,0,54,0,54,0,11,133,0,144,102,0,102,246
05/25/2016,SGR,TX,ASW,CE,Federal Contract Tower,0,14,84,0,98,0,1,69,0,70,0,15,153,0,168,42,0,42,210
05/26/2016,SGR,TX,ASW,CE,Federal Contract Tower,0,14,52,0,66,0,0,21,0,21,0,14,73,0,87,40,0,40,127
05/27/2016,SGR,TX,ASW,CE,Federal Contract Tower,0,11,28,0,39,0,0,34,0,34,0,11,62,0,73,30,0,30,103
05/28/2016,SGR,TX,ASW,CE,Federal Contract Tower,0,5,35,0,40,0,3,74,0,77,0,8,109,0,117,146,0,146,263
05/29/2016,SGR,TX,ASW,CE,Federal Contract Tower,0,2,41,0,43,0,4,66,0,70,0,6,107,0,113,122,0,122,235
05/30/2016,SGR,TX,ASW,CE,Federal Contract Tower,0,11,56,0,67,0,4,68,0,72,0,15,124,0,139,134,0,134,273
05/31/2016,SGR,TX,ASW,CE,Federal Contract Tower,0,19,51,0,70,0,6,76,0,82,0,25,127,0,152,86,0,86,238
06/01/2016,SGR,TX,ASW,CE,Federal Contract Tower,0,8,49,0,57,0,4,46,0,50,0,12,95,0,107,40,0,40,147
06/02/2016,SGR,TX,ASW,CE,Federal Contract Tower,0,16,46,0,62,0,0,21,0,21,0,16,67,0,83,18,0,18,101
06/03/2016,SGR,TX,ASW,CE,Federal Contract Tower,0,9,30,0,39,0,0,41,0,41,0,9,71,0,80,70,0,70,150
06/04/2016,SGR,TX,ASW,CE,Federal Contract Tower,0,4,39,0,43,0,3,12,0,15,0,7,51,0,58,12,0,12,70
06/05/2016,SGR,TX,ASW,CE,Federal Contract Tower,0,12,38,0,50,0,10,42,0,52,0,22,80,0,102,56,0,56,158
06/06/2016,SGR,TX,ASW,CE,Federal Contract Tower,0,10,59,0,69,0,11,46,0,57,0,21,105,0,126,24,0,24,150
06/07/2016,SGR,TX,ASW,CE,Federal Contract Tower,0,19,86,0,105,0,11,121,0,132,0,30,207,0,237,98,0,98,335
06/08/2016,SGR,TX,ASW,CE,Federal Contract Tower,0,19,79,0,98,0,13,101,0,114,0,32,180,0,212,114,0,114,326
06/09/2016,SGR,TX,ASW,CE,Federal Contract Tower,0,25,95,0,120,0,11,69,1,81,0,36,164,1,201,74,0,74,275
06/10/2016,SGR,TX,ASW,CE,Federal Contract Tower,0,12,84,0,96,0,14,93,0,107,0,26,177,0,203,112,0,112,315
06/11/2016,SGR,TX,ASW,CE,Federal Contract Tower,0,6,39,0,45,0,3,95,0,98,0,9,134,0,143,152,0,152,295
06/12/2016,SGR,TX,ASW,CE,Federal Contract Tower,0,12,41,0,53,0,1,26,0,27,0,13,67,0,80,78,0,78,158
06/13/2016,SGR,TX,ASW,CE,Federal Contract Tower,0,17,40,2,59,0,0,57,0,57,0,17,97,2,116,40,0,40,156
06/14/2016,SGR,TX,ASW,CE,Federal Contract Tower,0,12,74,0,86,0,2,101,0,103,0,14,175,0,189,136,0,136,325
06/15/2016,SGR,TX,ASW,CE,Federal Contract Tower,0,23,64,0,87,0,1,76,0,77,0,24,140,0,164,126,0,126,290
06/16/2016,SGR,TX,ASW,CE,Federal Contract Tower,0,13,63,0,76,0,0,121,0,121,0,13,184,0,197,122,0,122,319
06/17/2016,SGR,TX,ASW,CE,Federal Contract Tower,0,17,44,0,61,0,1,99,0,100,0,18,143,0,161,132,0,132,293
06/18/2016,SGR,TX,ASW,CE,Federal Contract Tower,0,14,29,0,43,0,0,92,0,92,0,14,121,0,135,130,0,130,265
06/19/2016,SGR,TX,ASW,CE,Federal Contract Tower,0,9,35,0,44,0,0,59,0,59,0,9,94,0,103,102,0,102,205
06/20/2016,SGR,TX,ASW,CE,Federal Contract Tower,0,15,31,4,50,0,0,48,0,48,0,15,79,4,98,56,0,56,154
06/21/2016,SGR,TX,ASW,CE,Federal Contract Tower,0,13,48,0,61,0,59,0,0,59,0,72,48,0,120,88,0,88,208
06/22/2016,SGR,TX,ASW,CE,Federal Contract Tower,0,13,72,0,85,0,0,61,0,61,0,13,133,0,146,52,0,52,198
06/23/2016,SGR,TX,ASW,CE,Federal Contract Tower,0,15,39,2,56,0,4,97,0,101,0,19,136,2,157,116,0,116,273
06/24/2016,SGR,TX,ASW,CE,Federal Contract Tower,0,12,31,0,43,0,2,74,0,76,0,14,105,0,119,76,0,76,195
06/25/2016,SGR,TX,ASW,CE,Federal Contract Tower,0,15,29,0,44,0,7,92,0,99,0,22,121,0,143,52,0,52,195
06/26/2016,SGR,TX,ASW,CE,Federal Contract Tower,0,21,32,0,53,0,0,77,0,77,0,21,109,0,130,130,0,130,260
06/27/2016,SGR,TX,ASW,CE,Federal Contract Tower,0,6,47,0,53,0,6,55,0,61,0,12,102,0,114,44,0,44,158
06/28/2016,SGR,TX,ASW,CE,Federal Contract Tower,0,11,39,0,50,0,2,48,0,50,0,13,87,0,100,150,0,150,250
06/29/2016,SGR,TX,ASW,CE,Federal Contract Tower,0,19,63,0,82,0,6,73,0,79,0,25,136,0,161,34,0,34,195
06/30/2016,SGR,TX,ASW,CE,Federal Contract Tower,0,31,73,0,104,0,9,109,0,118,0,40,182,0,222,106,0,106,328
07/01/2016,SGR,TX,ASW,CE,Federal Contract Tower,0,11,47,0,58,0,5,102,0,107,0,16,149,0,165,136,0,136,301
07/02/2016,SGR,TX,ASW,CE,Federal Contract Tower,0,12,30,0,42,0,4,95,0,99,0,16,125,0,141,126,0,126,267
07/03/2016,SGR,TX,ASW,CE,Federal Contract Tower,0,9,28,0,37,0,0,49,0,49,0,9,77,0,86,34,0,34,120
07/04/2016,SGR,TX,ASW,CE,Federal Contract Tower,0,6,29,0,35,0,2,62,0,64,0,8,91,0,99,60,0,60,159
07/05/2016,SGR,TX,ASW,CE,Federal Contract Tower,0,16,30,0,46,0,0,54,0,54,0,16,84,0,100,82,0,82,182
07/06/2016,SGR,TX,ASW,CE,Federal Contract Tower,0,15,44,0,59,0,5,50,0,55,0,20,94,0,114,54,0,54,168
07/07/2016,SGR,TX,ASW,CE,Federal Contract Tower,0,11,52,0,63,0,1,63,0,64,0,12,115,0,127,54,0,54,181
07/08/2016,SGR,TX,ASW,CE,Federal Contract Tower,0,12,34,0,46,0,6,55,0,61,0,18,89,0,107,148,0,148,255
07/09/2016,SGR,TX,ASW,CE,Federal Contract Tower,0,7,24,0,31,0,0,85,0,85,0,7,109,0,116,96,0,96,212
07/10/2016,SGR,TX,ASW,CE,Federal Contract Tower,0,14,49,0,63,0,1,51,0,52,0,15,100,0,115,70,0,70,185
07/11/2016,SGR,TX,ASW,CE,Federal Contract Tower,0,14,36,0,50,0,3,59,0,62,0,17,95,0,112,26,0,26,138
07/12/2016,SGR,TX,ASW,CE,Federal Contract Tower,0,9,44,0,53,0,2,72,0,74,0,11,116,0,127,54,0,54,181
07/13/2016,SGR,TX,ASW,CE,Federal Contract Tower,0,22,74,0,96,0,0,54,0,54,0,22,128,0,150,64,0,64,214
07/14/2016,SGR,TX,ASW,CE,Federal Contract Tower,0,23,70,0,93,0,2,73,0,75,0,25,143,0,168,88,0,88,256
07/15/2016,SGR,TX,ASW,CE,Federal Contract Tower,0,16,36,0,52,0,0,55,0,55,0,16,91,0,107,80,0,80,187
07/16/2016,SGR,TX,ASW,CE,Federal Contract Tower,0,11,19,0,30,0,8,79,0,87,0,19,98,0,117,150,0,150,267
07/17/2016,SGR,TX,ASW,CE,Federal Contract Tower,0,13,32,0,45,0,0,66,0,66,0,13,98,0,111,68,0,68,179
07/18/2016,SGR,TX,ASW,CE,Federal Contract Tower,0,15,38,0,53,0,0,49,0,49,0,15,87,0,102,48,0,48,150
07/19/2016,SGR,TX,ASW,CE,Federal Contract Tower,0,12,49,0,61,0,2,68,0,70,0,14,117,0,131,48,0,48,179
07/20/2016,SGR,TX,ASW,CE,Federal Contract Tower,0,18,61,0,79,0,0,64,0,64,0,18,125,0,143,120,0,120,263
07/21/2016,SGR,TX,ASW,CE,Federal Contract Tower,0,18,73,0,91,0,0,105,0,105,0,18,178,0,196,130,0,130,326
07/22/2016,SGR,TX,ASW,CE,Federal Contract Tower,0,8,38,0,46,0,5,84,0,89,0,13,122,0,135,78,0,78,213
07/23/2016,SGR,TX,ASW,CE,Federal Contract Tower,0,3,35,0,38,0,2,59,0,61,0,5,94,0,99,36,0,36,135
07/24/2016,SGR,TX,ASW,CE,Federal Contract Tower,0,15,42,0,57,0,4,58,0,62,0,19,100,0,119,80,0,80,199
07/25/2016,SGR,TX,ASW,CE,Federal Contract Tower,0,8,35,0,43,0,4,38,0,42,0,12,73,0,85,2,0,2,87
07/26/2016,SGR,TX,ASW,CE,Federal Contract Tower,0,17,30,0,47,0,0,18,1,19,0,17,48,1,66,66,0,66,132
07/27/2016,SGR,TX,ASW,CE,Federal Contract Tower,0,8,39,0,47,0,0,34,1,35,0,8,73,1,82,18,0,18,100
07/28/2016,SGR,TX,ASW,CE,Federal Contract Tower,0,13,55,0,68,0,1,59,0,60,0,14,114,0,128,92,0,92,220
07/29/2016,SGR,TX,ASW,CE,Federal Contract Tower,0,13,32,0,45,0,1,67,0,68,0,14,99,0,113,118,0,118,231
07/30/2016,SGR,TX,ASW,CE,Federal Contract Tower,0,5,36,0,41,0,0,58,0,58,0,5,94,0,99,44,0,44,143
07/31/2016,SGR,TX,ASW,CE,Federal Contract Tower,0,18,26,0,44,0,0,52,2,54,0,18,78,2,98,70,0,70,168
08/01/2016,SGR,TX,ASW,CE,Federal Contract Tower,0,18,29,0,47,0,1,53,0,54,0,19,82,0,101,36,0,36,137
08/02/2016,SGR,TX,ASW,CE,Federal Contract Tower,0,12,35,0,47,0,3,64,0,67,0,15,99,0,114,160,0,160,274
08/03/2016,SGR,TX,ASW,CE,Federal Contract Tower,0,23,48,0,71,0,1,86,0,87,0,24,134,0,158,88,0,88,246
08/04/2016,SGR,TX,ASW,CE,Federal Contract Tower,0,18,55,0,73,0,4,85,0,89,0,22,140,0,162,68,0,68,230
08/05/2016,SGR,TX,ASW,CE,Federal Contract Tower,0,5,31,0,36,0,4,100,0,104,0,9,131,0,140,108,0,108,248
08/06/2016,SGR,TX,ASW,CE,Federal Contract Tower,0,12,43,0,55,0,7,100,0,107,0,19,143,0,162,122,0,122,284
08/07/2016,SGR,TX,ASW,CE,Federal Contract Tower,0,17,28,0,45,0,9,62,0,71,0,26,90,0,116,44,0,44,160
08/08/2016,SGR,TX,ASW,CE,Federal Contract Tower,0,11,36,0,47,0,6,54,0,60,0,17,90,0,107,36,0,36,143
08/09/2016,SGR,TX,ASW,CE,Federal Contract Tower,0,15,57,0,72,0,3,56,0,59,0,18,113,0,131,56,0,56,187
08/10/2016,SGR,TX,ASW,CE,Federal Contract Tower,0,19,49,0,68,0,7,62,0,69,0,26,111,0,137,76,2,78,215
08/11/2016,SGR,TX,ASW,CE,Federal Contract Tower,0,12,42,0,54,0,0,76,0,76,0,12,118,0,130,84,0,84,214
08/12/2016,SGR,TX,ASW,CE,Federal Contract Tower,0,3,50,0,53,0,0,66,0,66,0,3,116,0,119,40,0,40,159
08/13/2016,SGR,TX,ASW,CE,Federal Contract Tower,0,2,31,0,33,0,8,36,0,44,0,10,67,0,77,40,0,40,117
08/14/2016,SGR,TX,ASW,CE,Federal Contract Tower,0,10,40,0,50,0,0,36,0,36,0,10,76,0,86,12,0,12,98
08/15/2016,SGR,TX,ASW,CE,Federal Contract Tower,0,9,40,0,49,0,0,19,0,19,0,9,59,0,68,2,0,2,70
08/16/2016,SGR,TX,ASW,CE,Federal Contract Tower,0,14,51,0,65,0,0,6,0,6,0,14,57,0,71,0,0,0,71
08/17/2016,SGR,TX,ASW,CE,Federal Contract Tower,0,9,90,0,99,0,1,22,0,23,0,10,112,0,122,0,0,0,122
08/18/2016,SGR,TX,ASW,CE,Federal Contract Tower,0,18,49,0,67,0,2,28,0,30,0,20,77,0,97,32,0,32,129
08/19/2016,SGR,TX,ASW,CE,Federal Contract Tower,0,7,62,0,69,0,0,52,0,52,0,7,114,0,121,74,0,74,195
08/20/2016,SGR,TX,ASW,CE,Federal Contract Tower,0,10,19,0,29,0,2,53,0,55,0,12,72,0,84,70,0,70,154
08/21/2016,SGR,TX,ASW,CE,Federal Contract Tower,0,12,32,0,44,0,0,16,0,16,0,12,48,0,60,22,0,22,82
08/22/2016,SGR,TX,ASW,CE,Federal Contract Tower,0,17,42,0,59,0,2,40,2,44,0,19,82,2,103,50,6,56,159
08/23/2016,SGR,TX,ASW,CE,Federal Contract Tower,0,13,55,0,68,0,0,58,0,58,0,13,113,0,126,8,0,8,134
08/24/2016,SGR,TX,ASW,CE,Federal Contract Tower,0,8,46,0,54,0,0,56,0,56,0,8,102,0,110,34,0,34,144
08/25/2016,SGR,TX,ASW,CE,Federal Contract Tower,0,11,60,0,71,0,1,78,0,79,0,12,138,0,150,70,4,74,224
08/26/2016,SGR,TX,ASW,CE,Federal Contract Tower,0,8,55,0,63,0,0,49,0,49,0,8,104,0,112,54,0,54,166
08/27/2016,SGR,TX,ASW,CE,Federal Contract Tower,0,6,31,0,37,0,3,66,0,69,0,9,97,0,106,102,0,102,208
08/28/2016,SGR,TX,ASW,CE,Federal Contract Tower,0,15,45,0,60,0,3,55,0,58,0,18,100,0,118,36,0,36,154
08/29/2016,SGR,TX,ASW,CE,Federal Contract Tower,0,7,61,0,68,0,2,37,4,43,0,9,98,4,111,14,0,14,125
08/30/2016,SGR,TX,ASW,CE,Federal Contract Tower,0,10,51,0,61,0,5,92,0,97,0,15,143,0,158,88,4,92,250
08/31/2016,SGR,TX,ASW,CE,Federal Contract Tower,0,15,57,0,72,0,0,55,0,55,0,15,112,0,127,52,0,52,179
09/01/2016,SGR,TX,ASW,CE,Federal Contract Tower,0,26,59,0,85,0,0,100,0,100,0,26,159,0,185,96,0,96,281
09/02/2016,SGR,TX,ASW,CE,Federal Contract Tower,0,18,67,0,85,0,0,79,0,79,0,18,146,0,164,84,0,84,248
09/03/2016,SGR,TX,ASW,CE,Federal Contract Tower,0,7,40,0,47,0,3,75,0,78,0,10,115,0,125,74,0,74,199
09/04/2016,SGR,TX,ASW,CE,Federal Contract Tower,0,9,20,0,29,0,0,76,0,76,0,9,96,0,105,48,0,48,153
09/05/2016,SGR,TX,ASW,CE,Federal Contract Tower,0,15,47,0,62,0,2,65,0,67,0,17,112,0,129,68,0,68,197
09/06/2016,SGR,TX,ASW,CE,Federal Contract Tower,0,11,47,0,58,0,0,76,0,76,0,11,123,0,134,124,0,124,258
09/07/2016,SGR,TX,ASW,CE,Federal Contract Tower,0,13,50,0,63,0,2,56,0,58,0,15,106,0,121,60,0,60,181
09/08/2016,SGR,TX,ASW,CE,Federal Contract Tower,0,19,58,0,77,0,1,84,0,85,0,20,142,0,162,94,0,94,256
09/09/2016,SGR,TX,ASW,CE,Federal Contract Tower,0,9,39,0,48,0,3,52,0,55,0,12,91,0,103,44,0,44,147
09/10/2016,SGR,TX,ASW,CE,Federal Contract Tower,0,3,21,0,24,0,5,48,0,53,0,8,69,0,77,114,0,114,191
09/11/2016,SGR,TX,ASW,CE,Federal Contract Tower,0,7,28,0,35,0,0,81,0,81,0,7,109,0,116,68,0,68,184
09/12/2016,SGR,TX,ASW,CE,Federal Contract Tower,0,13,46,0,59,0,7,65,0,72,0,20,111,0,131,14,0,14,145
09/13/2016,SGR,TX,ASW,CE,Federal Contract Tower,0,11,56,0,67,0,0,45,0,45,0,11,101,0,112,20,0,20,132
09/14/2016,SGR,TX,ASW,CE,Federal Contract Tower,0,5,55,0,60,0,4,74,0,78,0,9,129,0,138,90,4,94,232
09/15/2016,SGR,TX,ASW,CE,Federal Contract Tower,0,16,57,0,73,0,1,72,0,73,0,17,129,0,146,62,0,62,208
09/16/2016,SGR,TX,ASW,CE,Federal Contract Tower,0,17,80,0,97,0,0,53,0,53,0,17,133,0,150,60,0,60,210
09/17/2016,SGR,TX,ASW,CE,Federal Contract Tower,0,5,29,0,34,0,13,67,0,80,0,18,96,0,114,58,0,58,172
09/18/2016,SGR,TX,ASW,CE,Federal Contract Tower,0,18,52,0,70,0,0,76,0,76,0,18,128,0,146,66,0,66,212
09/19/2016,SGR,TX,ASW,CE,Federal Contract Tower,0,19,56,0,75,0,2,58,0,60,0,21,114,0,135,44,0,44,179
09/20/2016,SGR,TX,ASW,CE,Federal Contract Tower,0,16,57,0,73,0,4,56,0,60,0,20,113,0,133,14,0,14,147
09/21/2016,SGR,TX,ASW,CE,Federal Contract Tower,0,13,74,0,87,0,2,68,0,70,0,15,142,0,157,46,0,46,203
09/22/2016,SGR,TX,ASW,CE,Federal Contract Tower,0,22,56,0,78,0,3,61,0,64,0,25,117,0,142,64,0,64,206
09/23/2016,SGR,TX,ASW,CE,Federal Contract Tower,0,13,54,0,67,0,8,54,0,62,0,21,108,0,129,64,0,64,193
09/24/2016,SGR,TX,ASW,CE,Federal Contract Tower,0,5,26,0,31,0,9,49,0,58,0,14,75,0,89,78,0,78,167
09/25/2016,SGR,TX,ASW,CE,Federal Contract Tower,0,15,32,0,47,0,0,26,0,26,0,15,58,0,73,62,0,62,135
09/26/2016,SGR,TX,ASW,CE,Federal Contract Tower,0,8,41,0,49,0,2,22,0,24,0,10,63,0,73,22,0,22,95
09/27/2016,SGR,TX,ASW,CE,Federal Contract Tower,0,9,62,4,75,0,7,64,0,71,0,16,126,4,146,46,0,46,192
09/28/2016,SGR,TX,ASW,CE,Federal Contract Tower,0,16,65,0,81,0,0,86,0,86,0,16,151,0,167,50,0,50,217
09/29/2016,SGR,TX,ASW,CE,Federal Contract Tower,0,15,47,0,62,0,0,92,0,92,0,15,139,0,154,96,0,96,250
09/30/2016,SGR,TX,ASW,CE,Federal Contract Tower,0,18,66,0,84,0,0,101,0,101,0,18,167,0,185,92,0,92,277
10/01/2016,SGR,TX,ASW,CE,Federal Contract Tower,0,7,31,0,38,0,2,123,0,125,0,9,154,0,163,127,0,127,290
10/02/2016,SGR,TX,ASW,CE,Federal Contract Tower,0,22,55,0,77,0,0,110,0,110,0,22,165,0,187,54,0,54,241
10/03/2016,SGR,TX,ASW,CE,Federal Contract Tower,0,8,44,0,52,0,4,96,0,100,0,12,140,0,152,106,0,106,258
10/04/2016,SGR,TX,ASW,CE,Federal Contract Tower,0,16,70,0,86,0,4,72,0,76,0,20,142,0,162,104,0,104,266
10/05/2016,SGR,TX,ASW,CE,Federal Contract Tower,0,20,73,0,93,0,2,64,0,66,0,22,137,0,159,64,0,64,223
10/06/2016,SGR,TX,ASW,CE,Federal Contract Tower,0,11,72,2,85,0,0,67,0,67,0,11,139,2,152,94,0,94,246
10/07/2016,SGR,TX,ASW,CE,Federal Contract Tower,0,22,81,0,103,0,2,97,0,99,0,24,178,0,202,108,0,108,310
10/08/2016,SGR,TX,ASW,CE,Federal Contract Tower,0,12,25,0,37,0,2,104,0,106,0,14,129,0,143,70,0,70,213
10/09/2016,SGR,TX,ASW,CE,Federal Contract Tower,0,8,51,0,59,0,0,99,0,99,0,8,150,0,158,126,0,126,284
10/10/2016,SGR,TX,ASW,CE,Federal Contract Tower,0,12,62,0,74,0,0,102,0,102,0,12,164,0,176,158,0,158,334
10/11/2016,SGR,TX,ASW,CE,Federal Contract Tower,0,13,74,0,87,0,2,49,0,51,0,15,123,0,138,66,0,66,204
10/12/2016,SGR,TX,ASW,CE,Federal Contract Tower,0,9,76,0,85,0,2,64,0,66,0,11,140,0,151,58,0,58,209
10/13/2016,SGR,TX,ASW,CE,Federal Contract Tower,0,16,71,0,87,0,0,77,0,77,0,16,148,0,164,100,0,100,264
10/14/2016,SGR,TX,ASW,CE,Federal Contract Tower,0,12,62,0,74,0,1,55,0,56,0,13,117,0,130,68,0,68,198
10/15/2016,SGR,TX,ASW,CE,Federal Contract Tower,0,5,34,0,39,0,2,94,0,96,0,7,128,0,135,94,0,94,229
10/16/2016,SGR,TX,ASW,CE,Federal Contract Tower,0,12,45,0,57,0,0,95,0,95,0,12,140,0,152,116,0,116,268
10/17/2016,SGR,TX,ASW,CE,Federal Contract Tower,0,18,38,0,56,0,1,74,0,75,0,19,112,0,131,76,0,76,207
10/18/2016,SGR,TX,ASW,CE,Federal Contract Tower,0,19,44,0,63,0,0,92,0,92,0,19,136,0,155,62,0,62,217
10/19/2016,SGR,TX,ASW,CE,Federal Contract Tower,0,17,78,0,95,0,0,73,0,73,0,17,151,0,168,8,2,10,178
10/20/2016,SGR,TX,ASW,CE,Federal Contract Tower,0,10,62,1,73,0,2,32,0,34,0,12,94,1,107,56,0,56,163
10/21/2016,SGR,TX,ASW,CE,Federal Contract Tower,0,24,68,0,92,0,0,78,0,78,0,24,146,0,170,98,0,98,268
10/22/2016,SGR,TX,ASW,CE,Federal Contract Tower,0,3,34,0,37,0,4,100,0,104,0,7,134,0,141,78,0,78,219
10/23/2016,SGR,TX,ASW,CE,Federal Contract Tower,0,15,48,0,63,0,0,71,0,71,0,15,119,0,134,60,0,60,194
10/24/2016,SGR,TX,ASW,CE,Federal Contract Tower,0,12,55,0,67,0,2,85,0,87,0,14,140,0,154,110,0,110,264
10/25/2016,SGR,TX,ASW,CE,Federal Contract Tower,0,12,50,1,63,0,2,97,0,99,0,14,147,1,162,144,0,144,306
10/26/2016,SGR,TX,ASW,CE,Federal Contract Tower,0,7,59,0,66,0,2,76,0,78,0,9,135,0,144,24,0,24,168
10/27/2016,SGR,TX,ASW,CE,Federal Contract Tower,0,13,58,0,71,0,2,65,0,67,0,15,123,0,138,50,0,50,188
10/28/2016,SGR,TX,ASW,CE,Federal Contract Tower,0,24,45,0,69,0,2,114,0,116,0,26,159,0,185,70,0,70,255
10/29/2016,SGR,TX,ASW,CE,Federal Contract Tower,0,8,25,0,33,0,4,74,0,78,0,12,99,0,111,102,0,102,213
10/30/2016,SGR,TX,ASW,CE,Federal Contract Tower,0,15,50,0,65,0,0,72,0,72,0,15,122,0,137,58,0,58,195
10/31/2016,SGR,TX,ASW,CE,Federal Contract Tower,0,12,39,0,51,0,1,52,0,53,0,13,91,0,104,66,0,66,170
11/01/2016,SGR,TX,ASW,CE,Federal Contract Tower,0,22,49,2,73,0,3,55,0,58,0,25,104,2,131,124,0,124,255
11/02/2016,SGR,TX,ASW,CE,Federal Contract Tower,0,24,55,0,79,0,0,57,0,57,0,24,112,0,136,116,0,116,252
11/03/2016,SGR,TX,ASW,CE,Federal Contract Tower,0,27,68,0,95,0,0,60,0,60,0,27,128,0,155,98,0,98,253
11/04/2016,SGR,TX,ASW,CE,Federal Contract Tower,0,17,62,0,79,0,21,61,0,82,0,38,123,0,161,76,0,76,237
11/05/2016,SGR,TX,ASW,CE,Federal Contract Tower,0,4,33,0,37,0,6,60,0,66,0,10,93,0,103,68,0,68,171
11/06/2016,SGR,TX,ASW,CE,Federal Contract Tower,0,16,43,0,59,0,0,29,0,29,0,16,72,0,88,44,0,44,132
11/07/2016,SGR,TX,ASW,CE,Federal Contract Tower,0,11,71,0,82,0,1,26,0,27,0,12,97,0,109,40,0,40,149
11/08/2016,SGR,TX,ASW,CE,Federal Contract Tower,0,8,65,0,73,0,0,21,0,21,0,8,86,0,94,56,0,56,150
11/09/2016,SGR,TX,ASW,CE,Federal Contract Tower,0,14,53,0,67,0,2,42,0,44,0,16,95,0,111,94,0,94,205
11/10/2016,SGR,TX,ASW,CE,Federal Contract Tower,0,14,77,0,91,0,0,90,0,90,0,14,167,0,181,66,0,66,247
11/11/2016,SGR,TX,ASW,CE,Federal Contract Tower,0,26,82,0,108,0,11,72,0,83,0,37,154,0,191,76,0,76,267
11/12/2016,SGR,TX,ASW,CE,Federal Contract Tower,0,11,42,0,53,0,1,69,0,70,0,12,111,0,123,154,0,154,277
11/13/2016,SGR,TX,ASW,CE,Federal Contract Tower,0,20,53,0,73,0,7,81,0,88,0,27,134,0,161,96,2,98,259
11/14/2016,SGR,TX,ASW,CE,Federal Contract Tower,0,21,45,0,66,0,1,98,0,99,0,22,143,0,165,82,0,82,247
11/15/2016,SGR,TX,ASW,CE,Federal Contract Tower,0,11,64,2,77,0,0,90,0,90,0,11,154,2,167,76,0,76,243
11/16/2016,SGR,TX,ASW,CE,Federal Contract Tower,0,13,64,0,77,0,1,77,0,78,0,14,141,0,155,86,0,86,241
11/17/2016,SGR,TX,ASW,CE,Federal Contract Tower,0,15,59,0,74,0,0,72,0,72,0,15,131,0,146,90,0,90,236
11/18/2016,SGR,TX,ASW,CE,Federal Contract Tower,0,20,51,0,71,0,0,29,0,29,0,20,80,0,100,40,0,40,140
11/19/2016,SGR,TX,ASW,CE,Federal Contract Tower,0,8,44,0,52,0,2,103,0,105,0,10,147,0,157,162,0,162,319
11/20/2016,SGR,TX,ASW,CE,Federal Contract Tower,0,10,35,0,45,0,0,123,0,123,0,10,158,0,168,80,0,80,248
11/21/2016,SGR,TX,ASW,CE,Federal Contract Tower,0,15,49,0,64,0,1,93,0,94,0,16,142,0,158,148,0,148,306
11/22/2016,SGR,TX,ASW,CE,Federal Contract Tower,0,23,77,0,100,0,0,86,0,86,0,23,163,0,186,138,0,138,324
11/23/2016,SGR,TX,ASW,CE,Federal Contract Tower,0,21,55,0,76,0,1,75,0,76,0,22,130,0,152,104,0,104,256
11/24/2016,SGR,TX,ASW,CE,Federal Contract Tower,0,8,15,0,23,0,2,31,0,33,0,10,46,0,56,8,0,8,64
11/25/2016,SGR,TX,ASW,CE,Federal Contract Tower,0,7,27,0,34,0,0,71,0,71,0,7,98,0,105,46,0,46,151
11/26/2016,SGR,TX,ASW,CE,Federal Contract Tower,0,18,58,0,76,0,5,79,0,84,0,23,137,0,160,100,0,100,260
11/27/2016,SGR,TX,ASW,CE,Federal Contract Tower,0,22,52,0,74,0,3,46,0,49,0,25,98,0,123,74,0,74,197
11/28/2016,SGR,TX,ASW,CE,Federal Contract Tower,0,17,39,0,56,0,0,11,0,11,0,17,50,0,67,12,0,12,79
11/29/2016,SGR,TX,ASW,CE,Federal Contract Tower,0,2,101,0,103,0,0,39,0,39,0,2,140,0,142,84,0,84,226
11/30/2016,SGR,TX,ASW,CE,Federal Contract Tower,0,12,74,0,86,0,2,83,3,88,0,14,157,3,174,94,6,100,274
12/01/2016,SGR,TX,ASW,CE,Federal Contract Tower,0,16,73,1,90,0,1,110,4,115,0,17,183,5,205,92,0,92,297
12/02/2016,SGR,TX,ASW,CE,Federal Contract Tower,0,11,56,0,67,0,0,32,0,32,0,11,88,0,99,46,0,46,145
12/03/2016,SGR,TX,ASW,CE,Federal Contract Tower,0,5,21,0,26,0,0,0,0,0,0,5,21,0,26,0,0,0,26
12/04/2016,SGR,TX,ASW,CE,Federal Contract Tower,0,11,42,0,53,0,0,0,0,0,0,11,42,0,53,0,0,0,53
12/05/2016,SGR,TX,ASW,CE,Federal Contract Tower,0,9,51,0,60,0,1,0,0,1,0,10,51,0,61,0,0,0,61
12/06/2016,SGR,TX,ASW,CE,Federal Contract Tower,0,19,98,0,117,0,11,108,0,119,0,30,206,0,236,108,0,108,344
12/07/2016,SGR,TX,ASW,CE,Federal Contract Tower,0,19,76,0,95,0,0,9,0,9,0,19,85,0,104,0,0,0,104
12/08/2016,SGR,TX,ASW,CE,Federal Contract Tower,0,18,82,0,100,0,1,18,1,20,0,19,100,1,120,8,0,8,128
12/09/2016,SGR,TX,ASW,CE,Federal Contract Tower,0,27,76,0,103,0,0,66,3,69,0,27,142,3,172,92,0,92,264
12/10/2016,SGR,TX,ASW,CE,Federal Contract Tower,0,5,32,0,37,0,3,61,0,64,0,8,93,0,101,99,0,99,200
12/11/2016,SGR,TX,ASW,CE,Federal Contract Tower,0,14,55,0,69,0,1,36,0,37,0,15,91,0,106,76,0,76,182
12/12/2016,SGR,TX,ASW,CE,Federal Contract Tower,0,36,51,0,87,0,0,3,0,3,0,36,54,0,90,10,0,10,100
12/13/2016,SGR,TX,ASW,CE,Federal Contract Tower,0,15,58,6,79,0,3,18,0,21,0,18,76,6,100,20,0,20,120
12/14/2016,SGR,TX,ASW,CE,Federal Contract Tower,0,25,76,6,107,0,1,10,0,11,0,26,86,6,118,0,0,0,118
12/15/2016,SGR,TX,ASW,CE,Federal Contract Tower,0,23,83,0,106,0,0,84,0,84,0,23,167,0,190,116,0,116,306
12/16/2016,SGR,TX,ASW,CE,Federal Contract Tower,0,21,66,0,87,0,0,2,0,2,0,21,68,0,89,0,0,0,89
12/17/2016,SGR,TX,ASW,CE,Federal Contract Tower,0,4,32,0,36,0,2,14,0,16,0,6,46,0,52,44,0,44,96
12/18/2016,SGR,TX,ASW,CE,Federal Contract Tower,0,6,28,0,34,0,0,50,0,50,0,6,78,0,84,30,0,30,114
12/19/2016,SGR,TX,ASW,CE,Federal Contract Tower,0,14,49,0,63,0,1,67,1,69,0,15,116,1,132,106,2,108,240
12/20/2016,SGR,TX,ASW,CE,Federal Contract Tower,0,13,47,0,60,0,0,0,0,0,0,13,47,0,60,0,0,0,60
12/21/2016,SGR,TX,ASW,CE,Federal Contract Tower,0,18,39,0,57,0,9,96,0,105,0,27,135,0,162,88,0,88,250
12/22/2016,SGR,TX,ASW,CE,Federal Contract Tower,0,14,59,0,73,0,74,0,0,74,0,88,59,0,147,106,0,106,253
12/23/2016,SGR,TX,ASW,CE,Federal Contract Tower,0,10,58,0,68,0,0,30,0,30,0,10,88,0,98,26,0,26,124
12/24/2016,SGR,TX,ASW,CE,Federal Contract Tower,0,9,17,0,26,0,0,22,0,22,0,9,39,0,48,22,0,22,70
12/25/2016,SGR,TX,ASW,CE,Federal Contract Tower,0,11,10,0,21,0,0,8,0,8,0,11,18,0,29,0,0,0,29
12/26/2016,SGR,TX,ASW,CE,Federal Contract Tower,0,24,53,0,77,0,0,24,0,24,0,24,77,0,101,60,0,60,161
12/27/2016,SGR,TX,ASW,CE,Federal Contract Tower,0,18,55,0,73,0,4,54,0,58,0,22,109,0,131,68,0,68,199
12/28/2016,SGR,TX,ASW,CE,Federal Contract Tower,0,19,55,0,74,0,0,55,0,55,0,19,110,0,129,46,0,46,175
12/29/2016,SGR,TX,ASW,CE,Federal Contract Tower,0,9,45,0,54,0,1,35,0,36,0,10,80,0,90,16,0,16,106
12/30/2016,SGR,TX,ASW,CE,Federal Contract Tower,0,9,38,0,47,0,6,65,0,71,0,15,103,0,118,70,0,70,188
12/31/2016,SGR,TX,ASW,CE,Federal Contract Tower,0,5,15,0,20,0,0,0,0,0,0,5,15,0,20,0,0,0,20
01/01/2017,SGR,TX,ASW,CE,Federal Contract Tower,0,8,36,0,44,0,0,10,0,10,0,8,46,0,54,8,0,8,62
01/02/2017,SGR,TX,ASW,CE,Federal Contract Tower,0,13,70,0,83,0,3,50,0,53,0,16,120,0,136,28,0,28,164
01/03/2017,SGR,TX,ASW,CE,Federal Contract Tower,0,15,52,0,67,0,1,70,2,73,0,16,122,2,140,68,0,68,208
01/04/2017,SGR,TX,ASW,CE,Federal Contract Tower,0,13,44,0,57,0,0,57,0,57,0,13,101,0,114,76,0,76,190
01/05/2017,SGR,TX,ASW,CE,Federal Contract Tower,0,6,69,3,78,0,1,6,2,9,0,7,75,5,87,0,0,0,87
01/06/2017,SGR,TX,ASW,CE,Federal Contract Tower,0,11,29,4,44,0,2,2,0,4,0,13,31,4,48,0,0,0,48
01/07/2017,SGR,TX,ASW,CE,Federal Contract Tower,0,5,45,6,56,0,1,90,0,91,0,6,135,6,147,136,0,136,283
01/08/2017,SGR,TX,ASW,CE,Federal Contract Tower,0,7,45,4,56,0,0,92,0,92,0,7,137,4,148,134,0,134,282
01/09/2017,SGR,TX,ASW,CE,Federal Contract Tower,0,17,36,0,53,0,9,39,0,48,0,26,75,0,101,84,0,84,185
01/10/2017,SGR,TX,ASW,CE,Federal Contract Tower,0,15,53,2,70,0,0,42,0,42,0,15,95,2,112,40,0,40,152
01/11/2017,SGR,TX,ASW,CE,Federal Contract Tower,0,26,48,0,74,0,1,38,0,39,0,27,86,0,113,32,0,32,145
01/12/2017,SGR,TX,ASW,CE,Federal Contract Tower,0,17,46,0,63,0,0,79,0,79,0,17,125,0,142,112,0,112,254
01/13/2017,SGR,TX,ASW,CE,Federal Contract Tower,0,6,67,0,73,0,2,43,0,45,0,8,110,0,118,64,0,64,182
01/14/2017,SGR,TX,ASW,CE,Federal Contract Tower,0,10,31,0,41,0,0,40,0,40,0,10,71,0,81,94,0,94,175
01/15/2017,SGR,TX,ASW,CE,Federal Contract Tower,0,8,46,2,56,0,0,15,0,15,0,8,61,2,71,10,0,10,81
01/16/2017,SGR,TX,ASW,CE,Federal Contract Tower,0,14,54,0,68,0,1,31,0,32,0,15,85,0,100,36,0,36,136
01/17/2017,SGR,TX,ASW,CE,Federal Contract Tower,0,13,45,0,58,0,0,0,0,0,0,13,45,0,58,0,0,0,58
01/18/2017,SGR,TX,ASW,CE,Federal Contract Tower,0,21,51,0,72,0,0,0,0,0,0,21,51,0,72,6,2,8,80
01/19/2017,SGR,TX,ASW,CE,Federal Contract Tower,0,8,63,0,71,0,0,2,0,2,0,8,65,0,73,0,0,0,73
01/20/2017,SGR,TX,ASW,CE,Federal Contract Tower,0,9,55,0,64,0,0,46,0,46,0,9,101,0,110,114,0,114,224
01/21/2017,SGR,TX,ASW,CE,Federal Contract Tower,0,17,20,0,37,0,19,75,0,94,0,36,95,0,131,194,0,194,325
01/22/2017,SGR,TX,ASW,CE,Federal Contract Tower,0,8,27,0,35,0,0,11,0,11,0,8,38,0,46,0,0,0,46
01/23/2017,SGR,TX,ASW,CE,Federal Contract Tower,0,9,57,0,66,0,0,108,0,108,0,9,165,0,174,102,0,102,276
01/24/2017,SGR,TX,ASW,CE,Federal Contract Tower,0,13,57,0,70,0,4,86,0,90,0,17,143,0,160,74,0,74,234
01/25/2017,SGR,TX,ASW,CE,Federal Contract Tower,0,22,91,0,113,0,6,71,0,77,0,28,162,0,190,90,0,90,280
01/26/2017,SGR,TX,ASW,CE,Federal Contract Tower,0,18,69,0,87,0,14,113,0,127,0,32,182,0,214,166,0,166,380
01/27/2017,SGR,TX,ASW,CE,Federal Contract Tower,0,28,50,0,78,0,4,82,0,86,0,32,132,0,164,108,0,108,272
01/28/2017,SGR,TX,ASW,CE,Federal Contract Tower,0,11,47,0,58,0,20,100,0,120,0,31,147,0,178,154,0,154,332
01/29/2017,SGR,TX,ASW,CE,Federal Contract Tower,0,24,49,0,73,0,0,96,0,96,0,24,145,0,169,76,0,76,245
01/30/2017,SGR,TX,ASW,CE,Federal Contract Tower,0,10,36,1,47,0,4,65,0,69,0,14,101,1,116,116,0,116,232
01/31/2017,SGR,TX,ASW,CE,Federal Contract Tower,0,15,54,0,69,0,9,100,0,109,0,24,154,0,178,106,0,106,284
02/01/2017,SGR,TX,ASW,CE,Federal Contract Tower,0,14,65,0,79,0,6,78,0,84,0,20,143,0,163,60,0,60,223
02/02/2017,SGR,TX,ASW,CE,Federal Contract Tower,0,23,61,0,84,0,2,15,2,19,0,25,76,2,103,38,0,38,141
02/03/2017,SGR,TX,ASW,CE,Federal Contract Tower,0,20,58,0,78,0,1,34,0,35,0,21,92,0,113,42,0,42,155
02/04/2017,SGR,TX,ASW,CE,Federal Contract Tower,0,16,39,0,55,0,3,19,0,22,0,19,58,0,77,26,0,26,103
02/05/2017,SGR,TX,ASW,CE,Federal Contract Tower,0,30,67,0,97,0,2,3,0,5,0,32,70,0,102,0,0,0,102
02/06/2017,SGR,TX,ASW,CE,Federal Contract Tower,0,35,96,0,131,0,3,24,0,27,0,38,120,0,158,2,0,2,160
02/07/2017,SGR,TX,ASW,CE,Federal Contract Tower,0,11,71,0,82,0,67,0,0,67,0,78,71,0,149,96,0,96,245
02/08/2017,SGR,TX,ASW,CE,Federal Contract Tower,0,11,70,0,81,0,2,56,0,58,0,13,126,0,139,26,0,26,165
02/09/2017,SGR,TX,ASW,CE,Federal Contract Tower,0,18,54,2,74,0,8,94,0,102,0,26,148,2,176,124,0,124,300
02/11/2017,SGR,TX,ASW,CE,Federal Contract Tower,0,6,33,0,39,0,0,43,0,43,0,6,76,0,82,70,0,70,152
02/12/2017,SGR,TX,ASW,CE,Federal Contract Tower,0,19,52,3,74,0,2,80,1,83,0,21,132,4,157,126,0,126,283
02/13/2017,SGR,TX,ASW,CE,Federal Contract Tower,0,16,48,0,64,0,1,38,0,39,0,17,86,0,103,18,0,18,121
02/14/2017,SGR,TX,ASW,CE,Federal Contract Tower,0,16,32,0,48,0,0,11,0,11,0,16,43,0,59,4,0,4,63
02/15/2017,SGR,TX,ASW,CE,Federal Contract Tower,0,13,99,0,112,0,0,76,0,76,0,13,175,0,188,98,0,98,286
02/16/2017,SGR,TX,ASW,CE,Federal Contract Tower,0,14,97,0,111,0,2,121,0,123,0,16,218,0,234,92,0,92,326
02/17/2017,SGR,TX,ASW,CE,Federal Contract Tower,0,17,79,0,96,0,0,59,0,59,0,17,138,0,155,62,0,62,217
02/18/2017,SGR,TX,ASW,CE,Federal Contract Tower,0,10,36,0,46,0,2,81,0,83,0,12,117,0,129,188,0,188,317
02/19/2017,SGR,TX,ASW,CE,Federal Contract Tower,0,12,55,0,67,0,1,26,0,27,0,13,81,0,94,60,0,60,154
02/20/2017,SGR,TX,ASW,CE,Federal Contract Tower,0,27,47,0,74,0,2,6,0,8,0,29,53,0,82,0,0,0,82
02/21/2017,SGR,TX,ASW,CE,Federal Contract Tower,0,16,78,0,94,0,2,55,2,59,0,18,133,2,153,52,6,58,211
02/22/2017,SGR,TX,ASW,CE,Federal Contract Tower,0,16,72,0,88,0,0,111,0,111,0,16,183,0,199,142,0,142,341
02/23/2017,SGR,TX,ASW,CE,Federal Contract Tower,0,23,60,1,84,0,1,100,0,101,0,24,160,1,185,166,0,166,351
02/24/2017,SGR,TX,ASW,CE,Federal Contract Tower,0,28,69,0,97,0,3,75,3,81,0,31,144,3,178,124,0,124,302
02/25/2017,SGR,TX,ASW,CE,Federal Contract Tower,0,5,43,0,48,0,1,121,0,122,0,6,164,0,170,166,0,166,336
02/26/2017,SGR,TX,ASW,CE,Federal Contract Tower,0,16,47,0,63,0,2,64,0,66,0,18,111,0,129,90,0,90,219
02/27/2017,SGR,TX,ASW,CE,Federal Contract Tower,0,16,39,0,55,0,2,31,0,33,0,18,70,0,88,72,0,72,160
02/28/2017,SGR,TX,ASW,CE,Federal Contract Tower,0,14,46,0,60,0,2,50,0,52,0,16,96,0,112,62,0,62,174
03/01/2017,SGR,TX,ASW,CE,Federal Contract Tower,0,12,68,0,80,0,0,62,0,62,0,12,130,0,142,96,0,96,238
03/02/2017,SGR,TX,ASW,CE,Federal Contract Tower,0,19,54,0,73,0,2,82,0,84,0,21,136,0,157,138,0,138,295
03/03/2017,SGR,TX,ASW,CE,Federal Contract Tower,0,12,52,0,64,0,0,55,0,55,0,12,107,0,119,50,0,50,169
03/04/2017,SGR,TX,ASW,CE,Federal Contract Tower,0,9,44,0,53,0,16,46,0,62,0,25,90,0,115,88,0,88,203
03/05/2017,SGR,TX,ASW,CE,Federal Contract Tower,0,14,32,0,46,0,0,3,0,3,0,14,35,0,49,0,0,0,49
03/06/2017,SGR,TX,ASW,CE,Federal Contract Tower,0,9,54,2,65,0,2,6,0,8,0,11,60,2,73,10,0,10,83
03/07/2017,SGR,TX,ASW,CE,Federal Contract Tower,0,9,45,0,54,0,0,11,0,11,0,9,56,0,65,30,0,30,95
03/08/2017,SGR,TX,ASW,CE,Federal Contract Tower,0,21,78,0,99,0,0,56,0,56,0,21,134,0,155,82,0,82,237
03/09/2017,SGR,TX,ASW,CE,Federal Contract Tower,0,16,64,0,80,0,0,34,0,34,0,16,98,0,114,78,0,78,192
03/10/2017,SGR,TX,ASW,CE,Federal Contract Tower,0,25,54,0,79,0,4,37,0,41,0,29,91,0,120,64,0,64,184
03/11/2017,SGR,TX,ASW,CE,Federal Contract Tower,0,12,44,0,56,0,0,14,0,14,0,12,58,0,70,36,0,36,106
03/12/2017,SGR,TX,ASW,CE,Federal Contract Tower,0,14,69,0,83,0,1,33,0,34,0,15,102,0,117,34,0,34,151
03/13/2017,SGR,TX,ASW,CE,Federal Contract Tower,0,8,60,0,68,0,1,61,0,62,0,9,121,0,130,108,0,108,238
03/14/2017,SGR,TX,ASW,CE,Federal Contract Tower,0,7,53,0,60,0,0,111,0,111,0,7,164,0,171,94,0,94,265
03/15/2017,SGR,TX,ASW,CE,Federal Contract Tower,0,6,40,0,46,0,7,83,0,90,0,13,123,0,136,74,0,74,210
03/16/2017,SGR,TX,ASW,CE,Federal Contract Tower,0,6,46,1,53,0,3,50,1,54,0,9,96,2,107,96,0,96,203
03/17/2017,SGR,TX,ASW,CE,Federal Contract Tower,0,2,56,0,58,0,0,66,0,66,0,2,122,0,124,52,0,52,176
03/18/2017,SGR,TX,ASW,CE,Federal Contract Tower,0,9,41,0,50,0,1,48,0,49,0,10,89,0,99,64,0,64,163
03/19/2017,SGR,TX,ASW,CE,Federal Contract Tower,0,17,63,0,80,0,1,68,0,69,0,18,131,0,149,138,0,138,287
03/20/2017,SGR,TX,ASW,CE,Federal Contract Tower,0,14,67,0,81,0,7,63,0,70,0,21,130,0,151,84,0,84,235
03/21/2017,SGR,TX,ASW,CE,Federal Contract Tower,0,17,57,5,79,0,3,91,4,98,0,20,148,9,177,92,0,92,269
03/22/2017,SGR,TX,ASW,CE,Federal Contract Tower,0,11,58,0,69,0,0,67,0,67,0,11,125,0,136,64,0,64,200
03/23/2017,SGR,TX,ASW,CE,Federal Contract Tower,0,5,66,0,71,0,3,71,1,75,0,8,137,1,146,48,0,48,194
03/24/2017,SGR,TX,ASW,CE,Federal Contract Tower,0,20,43,0,63,0,0,45,0,45,0,20,88,0,108,52,0,52,160
03/25/2017,SGR,TX,ASW,CE,Federal Contract Tower,0,8,39,1,48,0,3,94,0,97,0,11,133,1,145,140,0,140,285
03/26/2017,SGR,TX,ASW,CE,Federal Contract Tower,0,7,41,0,48,0,4,62,0,66,0,11,103,0,114,98,0,98,212
03/27/2017,SGR,TX,ASW,CE,Federal Contract Tower,0,13,64,1,78,0,9,52,0,61,0,22,116,1,139,42,0,42,181
03/28/2017,SGR,TX,ASW,CE,Federal Contract Tower,0,9,63,0,72,0,4,65,0,69,0,13,128,0,141,74,0,74,215
03/29/2017,SGR,TX,ASW,CE,Federal Contract Tower,0,24,58,0,82,0,3,25,0,28,0,27,83,0,110,32,0,32,142
03/30/2017,SGR,TX,ASW,CE,Federal Contract Tower,0,14,64,0,78,0,15,84,0,99,0,29,148,0,177,86,0,86,263
03/31/2017,SGR,TX,ASW,CE,Federal Contract Tower,0,10,51,0,61,0,6,91,0,97,0,16,142,0,158,96,0,96,254
04/01/2017,SGR,TX,ASW,CE,Federal Contract Tower,0,2,34,0,36,0,2,40,0,42,0,4,74,0,78,88,0,88,166
04/02/2017,SGR,TX,ASW,CE,Federal Contract Tower,0,12,16,0,28,0,0,8,0,8,0,12,24,0,36,22,0,22,58
04/03/2017,SGR,TX,ASW,CE,Federal Contract Tower,0,15,39,0,54,0,4,70,0,74,0,19,109,0,128,50,0,50,178
04/04/2017,SGR,TX,ASW,CE,Federal Contract Tower,0,8,49,0,57,0,0,93,0,93,0,8,142,0,150,110,0,110,260
04/05/2017,SGR,TX,ASW,CE,Federal Contract Tower,0,16,64,0,80,0,0,49,0,49,0,16,113,0,129,50,0,50,179
04/06/2017,SGR,TX,ASW,CE,Federal Contract Tower,0,19,76,0,95,0,1,101,0,102,0,20,177,0,197,122,0,122,319
04/07/2017,SGR,TX,ASW,CE,Federal Contract Tower,0,19,50,0,69,0,1,80,0,81,0,20,130,0,150,86,14,100,250
04/08/2017,SGR,TX,ASW,CE,Federal Contract Tower,0,6,32,0,38,0,0,76,0,76,0,6,108,0,114,92,0,92,206
04/09/2017,SGR,TX,ASW,CE,Federal Contract Tower,0,11,49,0,60,0,3,58,0,61,0,14,107,0,121,68,0,68,189
04/10/2017,SGR,TX,ASW,CE,Federal Contract Tower,0,13,30,0,43,0,0,28,0,28,0,13,58,0,71,54,0,54,125
04/11/2017,SGR,TX,ASW,CE,Federal Contract Tower,0,8,48,0,56,0,0,11,0,11,0,8,59,0,67,10,0,10,77
04/12/2017,SGR,TX,ASW,CE,Federal Contract Tower,0,16,71,2,89,0,12,28,0,40,0,28,99,2,129,84,0,84,213
04/13/2017,SGR,TX,ASW,CE,Federal Contract Tower,0,20,88,1,109,0,0,88,1,89,0,20,176,2,198,72,0,72,270
04/14/2017,SGR,TX,ASW,CE,Federal Contract Tower,0,5,41,0,46,0,0,80,0,80,0,5,121,0,126,96,0,96,222
04/15/2017,SGR,TX,ASW,CE,Federal Contract Tower,0,5,29,0,34,0,4,62,0,66,0,9,91,0,100,132,0,132,232
04/16/2017,SGR,TX,ASW,CE,Federal Contract Tower,0,16,35,0,51,0,0,23,0,23,0,16,58,0,74,18,0,18,92
04/17/2017,SGR,TX,ASW,CE,Federal Contract Tower,0,13,48,0,61,0,1,36,0,37,0,14,84,0,98,82,0,82,180
04/18/2017,SGR,TX,ASW,CE,Federal Contract Tower,0,16,59,0,75,0,0,13,0,13,0,16,72,0,88,0,0,0,88
04/19/2017,SGR,TX,ASW,CE,Federal Contract Tower,0,8,95,0,103,0,2,61,0,63,0,10,156,0,166,62,0,62,228
04/20/2017,SGR,TX,ASW,CE,Federal Contract Tower,0,17,64,2,83,0,3,62,0,65,0,20,126,2,148,84,0,84,232
04/21/2017,SGR,TX,ASW,CE,Federal Contract Tower,0,16,71,0,87,0,0,63,0,63,0,16,134,0,150,134,0,134,284
04/22/2017,SGR,TX,ASW,CE,Federal Contract Tower,0,5,41,0,46,0,1,53,0,54,0,6,94,0,100,152,0,152,252
04/23/2017,SGR,TX,ASW,CE,Federal Contract Tower,0,23,50,0,73,0,5,84,0,89,0,28,134,0,162,74,0,74,236
04/24/2017,SGR,TX,ASW,CE,Federal Contract Tower,0,8,54,1,63,0,9,91,3,103,0,17,145,4,166,104,0,104,270
04/25/2017,SGR,TX,ASW,CE,Federal Contract Tower,0,8,46,0,54,0,11,70,0,81,0,19,116,0,135,18,0,18,153
04/26/2017,SGR,TX,ASW,CE,Federal Contract Tower,0,10,53,0,63,0,0,35,0,35,0,10,88,0,98,112,0,112,210
04/27/2017,SGR,TX,ASW,CE,Federal Contract Tower,0,19,44,0,63,0,2,86,0,88,0,21,130,0,151,74,0,74,225
04/28/2017,SGR,TX,ASW,CE,Federal Contract Tower,0,10,52,0,62,0,1,36,0,37,0,11,88,0,99,58,0,58,157
04/29/2017,SGR,TX,ASW,CE,Federal Contract Tower,0,3,30,0,33,0,0,14,0,14,0,3,44,0,47,22,0,22,69
04/30/2017,SGR,TX,ASW,CE,Federal Contract Tower,0,21,42,0,63,0,1,67,0,68,0,22,109,0,131,88,0,88,219
05/01/2017,SGR,TX,ASW,CE,Federal Contract Tower,0,13,46,0,59,0,1,83,0,84,0,14,129,0,143,86,0,86,229
05/02/2017,SGR,TX,ASW,CE,Federal Contract Tower,0,16,60,1,77,0,8,84,0,92,0,24,144,1,169,74,0,74,243
05/03/2017,SGR,TX,ASW,CE,Federal Contract Tower,0,18,54,0,72,0,0,8,0,8,0,18,62,0,80,4,0,4,84
05/04/2017,SGR,TX,ASW,CE,Federal Contract Tower,0,19,68,1,88,0,0,67,1,68,0,19,135,2,156,36,0,36,192
05/05/2017,SGR,TX,ASW,CE,Federal Contract Tower,0,15,61,0,76,0,0,74,0,74,0,15,135,0,150,46,0,46,196
05/07/2017,SGR,TX,ASW,CE,Federal Contract Tower,0,9,41,0,50,0,0,94,0,94,0,9,135,0,144,96,0,96,240
05/08/2017,SGR,TX,ASW,CE,Federal Contract Tower,0,12,43,2,57,0,7,52,0,59,0,19,95,2,116,50,0,50,166
05/09/2017,SGR,TX,ASW,CE,Federal Contract Tower,0,16,67,1,84,0,10,60,1,71,0,26,127,2,155,74,0,74,229
05/10/2017,SGR,TX,ASW,CE,Federal Contract Tower,0,10,74,0,84,0,0,46,4,50,0,10,120,4,134,38,0,38,172
05/11/2017,SGR,TX,ASW,CE,Federal Contract Tower,0,23,57,0,80,0,0,49,2,51,0,23,106,2,131,18,2,20,151
05/12/2017,SGR,TX,ASW,CE,Federal Contract Tower,0,10,41,2,53,0,0,81,0,81,0,10,122,2,134,70,0,70,204
05/13/2017,SGR,TX,ASW,CE,Federal Contract Tower,0,9,32,0,41,0,2,123,0,125,0,11,155,0,166,106,0,106,272
05/14/2017,SGR,TX,ASW,CE,Federal Contract Tower,0,7,31,0,38,0,0,72,0,72,0,7,103,0,110,86,0,86,196
05/15/2017,SGR,TX,ASW,CE,Federal Contract Tower,0,7,51,3,61,0,3,61,0,64,0,10,112,3,125,98,0,98,223
05/16/2017,SGR,TX,ASW,CE,Federal Contract Tower,0,13,68,0,81,0,1,65,0,66,0,14,133,0,147,88,0,88,235
05/17/2017,SGR,TX,ASW,CE,Federal Contract Tower,0,16,73,0,89,0,0,64,0,64,0,16,137,0,153,110,0,110,263
05/18/2017,SGR,TX,ASW,CE,Federal Contract Tower,0,20,60,0,80,0,0,43,0,43,0,20,103,0,123,22,0,22,145
05/19/2017,SGR,TX,ASW,CE,Federal Contract Tower,0,10,56,0,66,0,3,60,0,63,0,13,116,0,129,60,0,60,189
05/20/2017,SGR,TX,ASW,CE,Federal Contract Tower,0,7,41,0,48,0,6,49,0,55,0,13,90,0,103,82,0,82,185
05/21/2017,SGR,TX,ASW,CE,Federal Contract Tower,0,9,47,0,56,0,0,22,0,22,0,9,69,0,78,54,0,54,132
05/22/2017,SGR,TX,ASW,CE,Federal Contract Tower,0,13,31,0,44,0,0,14,0,14,0,13,45,0,58,16,0,16,74
05/23/2017,SGR,TX,ASW,CE,Federal Contract Tower,0,18,63,0,81,0,8,66,0,74,0,26,129,0,155,102,0,102,257
05/24/2017,SGR,TX,ASW,CE,Federal Contract Tower,0,15,66,0,81,0,0,94,0,94,0,15,160,0,175,72,0,72,247
05/25/2017,SGR,TX,ASW,CE,Federal Contract Tower,0,22,75,0,97,0,2,83,0,85,0,24,158,0,182,62,0,62,244
05/26/2017,SGR,TX,ASW,CE,Federal Contract Tower,0,20,55,0,75,0,0,56,0,56,0,20,111,0,131,98,0,98,229
05/27/2017,SGR,TX,ASW,CE,Federal Contract Tower,0,9,32,0,41,0,10,62,0,72,0,19,94,0,113,102,0,102,215
05/28/2017,SGR,TX,ASW,CE,Federal Contract Tower,0,7,30,0,37,0,0,45,0,45,0,7,75,0,82,58,0,58,140
05/29/2017,SGR,TX,ASW,CE,Federal Contract Tower,0,14,42,0,56,0,0,23,0,23,0,14,65,0,79,28,0,28,107
05/30/2017,SGR,TX,ASW,CE,Federal Contract Tower,0,15,67,0,82,0,1,82,2,85,0,16,149,2,167,80,0,80,247
05/31/2017,SGR,TX,ASW,CE,Federal Contract Tower,0,16,56,0,72,0,0,64,0,64,0,16,120,0,136,76,0,76,212
06/01/2017,SGR,TX,ASW,CE,Federal Contract Tower,0,12,63,0,75,0,4,51,0,55,0,16,114,0,130,28,0,28,158
06/03/2017,SGR,TX,ASW,CE,Federal Contract Tower,0,8,22,0,30,0,0,62,0,62,0,8,84,0,92,130,0,130,222
06/04/2017,SGR,TX,ASW,CE,Federal Contract Tower,0,8,25,0,33,0,2,23,0,25,0,10,48,0,58,58,0,58,116
06/05/2017,SGR,TX,ASW,CE,Federal Contract Tower,0,8,40,0,48,0,0,23,0,23,0,8,63,0,71,26,0,26,97
06/06/2017,SGR,TX,ASW,CE,Federal Contract Tower,0,7,63,0,70,0,1,77,2,80,0,8,140,2,150,94,0,94,244
06/07/2017,SGR,TX,ASW,CE,Federal Contract Tower,0,11,59,0,70,0,0,88,3,91,0,11,147,3,161,84,0,84,245
06/08/2017,SGR,TX,ASW,CE,Federal Contract Tower,0,16,63,0,79,0,1,102,0,103,0,17,165,0,182,114,0,114,296
06/09/2017,SGR,TX,ASW,CE,Federal Contract Tower,0,19,54,0,73,0,6,103,1,110,0,25,157,1,183,122,0,122,305
06/10/2017,SGR,TX,ASW,CE,Federal Contract Tower,0,6,26,0,32,0,8,93,0,101,0,14,119,0,133,146,0,146,279
06/11/2017,SGR,TX,ASW,CE,Federal Contract Tower,0,15,38,0,53,0,0,65,0,65,0,15,103,0,118,58,0,58,176
06/12/2017,SGR,TX,ASW,CE,Federal Contract Tower,0,16,64,0,80,0,5,52,0,57,0,21,116,0,137,76,0,76,213
06/13/2017,SGR,TX,ASW,CE,Federal Contract Tower,0,16,41,4,61,0,1,72,0,73,0,17,113,4,134,72,0,72,206
06/14/2017,SGR,TX,ASW,CE,Federal Contract Tower,0,17,61,0,78,0,1,70,0,71,0,18,131,0,149,36,0,36,185
06/15/2017,SGR,TX,ASW,CE,Federal Contract Tower,0,27,56,0,83,0,0,77,0,77,0,27,133,0,160,96,0,96,256
06/16/2017,SGR,TX,ASW,CE,Federal Contract Tower,0,13,50,0,63,0,4,78,0,82,0,17,128,0,145,130,0,130,275
06/17/2017,SGR,TX,ASW,CE,Federal Contract Tower,0,9,29,0,38,0,0,95,0,95,0,9,124,0,133,158,0,158,291
06/18/2017,SGR,TX,ASW,CE,Federal Contract Tower,0,8,30,0,38,0,0,66,0,66,0,8,96,0,104,114,0,114,218
06/19/2017,SGR,TX,ASW,CE,Federal Contract Tower,0,11,67,0,78,0,3,46,0,49,0,14,113,0,127,36,0,36,163
06/20/2017,SGR,TX,ASW,CE,Federal Contract Tower,0,15,45,0,60,0,3,76,0,79,0,18,121,0,139,44,0,44,183
06/21/2017,SGR,TX,ASW,CE,Federal Contract Tower,0,10,77,0,87,0,9,66,0,75,0,19,143,0,162,60,0,60,222
06/22/2017,SGR,TX,ASW,CE,Federal Contract Tower,0,16,27,0,43,0,0,48,0,48,0,16,75,0,91,66,0,66,157
06/23/2017,SGR,TX,ASW,CE,Federal Contract Tower,0,14,37,0,51,0,1,64,0,65,0,15,101,0,116,82,0,82,198
06/24/2017,SGR,TX,ASW,CE,Federal Contract Tower,0,9,33,0,42,0,0,14,0,14,0,9,47,0,56,56,0,56,112
06/25/2017,SGR,TX,ASW,CE,Federal Contract Tower,0,8,29,0,37,0,0,52,0,52,0,8,81,0,89,82,0,82,171
06/26/2017,SGR,TX,ASW,CE,Federal Contract Tower,0,19,41,0,60,0,16,40,0,56,0,35,81,0,116,42,0,42,158
06/27/2017,SGR,TX,ASW,CE,Federal Contract Tower,0,15,67,0,82,0,2,44,2,48,0,17,111,2,130,74,2,76,206
06/28/2017,SGR,TX,ASW,CE,Federal Contract Tower,0,23,72,0,95,0,0,79,0,79,0,23,151,0,174,102,0,102,276
06/29/2017,SGR,TX,ASW,CE,Federal Contract Tower,0,23,52,0,75,0,2,67,0,69,0,25,119,0,144,66,0,66,210
06/30/2017,SGR,TX,ASW,CE,Federal Contract Tower,0,25,61,0,86,0,1,80,0,81,0,26,141,0,167,108,0,108,275
07/01/2017,SGR,TX,ASW,CE,Federal Contract Tower,0,17,41,0,58,0,1,100,0,101,0,18,141,0,159,156,0,156,315
07/02/2017,SGR,TX,ASW,CE,Federal Contract Tower,0,8,34,0,42,0,0,64,0,64,0,8,98,0,106,82,0,82,188
07/03/2017,SGR,TX,ASW,CE,Federal Contract Tower,0,8,28,0,36,0,1,43,0,44,0,9,71,0,80,44,0,44,124
07/04/2017,SGR,TX,ASW,CE,Federal Contract Tower,0,3,14,0,17,0,0,69,0,69,0,3,83,0,86,82,0,82,168
07/05/2017,SGR,TX,ASW,CE,Federal Contract Tower,0,23,45,2,70,0,0,74,1,75,0,23,119,3,145,60,0,60,205
07/06/2017,SGR,TX,ASW,CE,Federal Contract Tower,0,16,54,0,70,0,0,54,0,54,0,16,108,0,124,72,0,72,196
07/07/2017,SGR,TX,ASW,CE,Federal Contract Tower,0,9,36,0,45,0,0,60,0,60,0,9,96,0,105,76,0,76,181
07/08/2017,SGR,TX,ASW,CE,Federal Contract Tower,0,15,30,0,45,0,0,63,0,63,0,15,93,0,108,88,0,88,196
07/09/2017,SGR,TX,ASW,CE,Federal Contract Tower,0,17,53,0,70,0,0,69,0,69,0,17,122,0,139,62,0,62,201
07/10/2017,SGR,TX,ASW,CE,Federal Contract Tower,0,11,33,0,44,0,5,37,0,42,0,16,70,0,86,58,0,58,144
07/11/2017,SGR,TX,ASW,CE,Federal Contract Tower,0,15,54,0,69,0,0,45,0,45,0,15,99,0,114,64,0,64,178
07/12/2017,SGR,TX,ASW,CE,Federal Contract Tower,0,13,35,0,48,0,0,55,0,55,0,13,90,0,103,72,0,72,175
07/13/2017,SGR,TX,ASW,CE,Federal Contract Tower,0,16,53,0,69,0,1,70,2,73,0,17,123,2,142,60,2,62,204
07/14/2017,SGR,TX,ASW,CE,Federal Contract Tower,0,11,58,0,69,0,1,79,0,80,0,12,137,0,149,124,0,124,273
07/15/2017,SGR,TX,ASW,CE,Federal Contract Tower,0,8,25,0,33,0,2,48,0,50,0,10,73,0,83,70,0,70,153
07/16/2017,SGR,TX,ASW,CE,Federal Contract Tower,0,14,46,0,60,0,1,67,0,68,0,15,113,0,128,88,0,88,216
07/17/2017,SGR,TX,ASW,CE,Federal Contract Tower,0,9,53,0,62,0,1,37,0,38,0,10,90,0,100,38,0,38,138
07/18/2017,SGR,TX,ASW,CE,Federal Contract Tower,0,13,38,0,51,0,6,64,0,70,0,19,102,0,121,58,0,58,179
07/19/2017,SGR,TX,ASW,CE,Federal Contract Tower,0,24,53,0,77,0,0,74,0,74,0,24,127,0,151,92,0,92,243
07/20/2017,SGR,TX,ASW,CE,Federal Contract Tower,0,13,69,1,83,0,1,79,0,80,0,14,148,1,163,96,0,96,259
07/21/2017,SGR,TX,ASW,CE,Federal Contract Tower,0,19,35,0,54,0,0,95,0,95,0,19,130,0,149,112,0,112,261
07/22/2017,SGR,TX,ASW,CE,Federal Contract Tower,0,7,27,0,34,0,0,74,0,74,0,7,101,0,108,112,0,112,220
07/23/2017,SGR,TX,ASW,CE,Federal Contract Tower,0,14,38,0,52,0,1,79,0,80,0,15,117,0,132,58,0,58,190
07/24/2017,SGR,TX,ASW,CE,Federal Contract Tower,0,15,39,0,54,0,1,87,0,88,0,16,126,0,142,120,0,120,262
07/25/2017,SGR,TX,ASW,CE,Federal Contract Tower,0,9,68,0,77,0,5,94,0,99,0,14,162,0,176,44,0,44,220
07/26/2017,SGR,TX,ASW,CE,Federal Contract Tower,0,18,66,0,84,0,3,69,0,72,0,21,135,0,156,40,0,40,196
07/27/2017,SGR,TX,ASW,CE,Federal Contract Tower,0,17,47,0,64,0,0,68,0,68,0,17,115,0,132,54,0,54,186
07/28/2017,SGR,TX,ASW,CE,Federal Contract Tower,0,15,40,0,55,0,2,60,0,62,0,17,100,0,117,30,0,30,147
07/29/2017,SGR,TX,ASW,CE,Federal Contract Tower,0,7,29,0,36,0,0,70,0,70,0,7,99,0,106,64,0,64,170
07/30/2017,SGR,TX,ASW,CE,Federal Contract Tower,0,10,36,0,46,0,1,58,0,59,0,11,94,0,105,62,0,62,167
07/31/2017,SGR,TX,ASW,CE,Federal Contract Tower,0,9,42,0,51,0,2,56,0,58,0,11,98,0,109,50,0,50,159
08/01/2017,SGR,TX,ASW,CE,Federal Contract Tower,0,13,49,0,62,0,1,66,0,67,0,14,115,0,129,60,0,60,189
08/02/2017,SGR,TX,ASW,CE,Federal Contract Tower,0,22,47,0,69,0,0,33,0,33,0,22,80,0,102,36,0,36,138
08/03/2017,SGR,TX,ASW,CE,Federal Contract Tower,0,15,48,0,63,0,0,69,0,69,0,15,117,0,132,70,0,70,202
08/04/2017,SGR,TX,ASW,CE,Federal Contract Tower,0,7,44,0,51,0,1,68,0,69,0,8,112,0,120,88,0,88,208
08/05/2017,SGR,TX,ASW,CE,Federal Contract Tower,0,10,30,0,40,0,0,88,0,88,0,10,118,0,128,112,0,112,240
08/06/2017,SGR,TX,ASW,CE,Federal Contract Tower,0,7,27,0,34,0,0,53,0,53,0,7,80,0,87,66,0,66,153
08/07/2017,SGR,TX,ASW,CE,Federal Contract Tower,0,5,29,0,34,0,0,21,0,21,0,5,50,0,55,56,0,56,111
08/08/2017,SGR,TX,ASW,CE,Federal Contract Tower,0,19,70,0,89,0,2,25,0,27,0,21,95,0,116,18,0,18,134
08/09/2017,SGR,TX,ASW,CE,Federal Contract Tower,0,16,46,0,62,0,1,59,0,60,0,17,105,0,122,50,0,50,172
08/10/2017,SGR,TX,ASW,CE,Federal Contract Tower,0,13,49,2,64,0,0,77,0,77,0,13,126,2,141,54,0,54,195
08/11/2017,SGR,TX,ASW,CE,Federal Contract Tower,0,11,37,0,48,0,0,62,0,62,0,11,99,0,110,32,0,32,142
08/12/2017,SGR,TX,ASW,CE,Federal Contract Tower,0,12,30,0,42,0,0,72,0,72,0,12,102,0,114,114,0,114,228
08/13/2017,SGR,TX,ASW,CE,Federal Contract Tower,0,12,44,0,56,0,0,79,0,79,0,12,123,0,135,86,0,86,221
08/14/2017,SGR,TX,ASW,CE,Federal Contract Tower,0,15,57,0,72,0,5,67,0,72,0,20,124,0,144,78,0,78,222
08/15/2017,SGR,TX,ASW,CE,Federal Contract Tower,0,15,48,3,66,0,4,62,1,67,0,19,110,4,133,32,0,32,165
08/16/2017,SGR,TX,ASW,CE,Federal Contract Tower,0,12,60,0,72,0,0,74,0,74,0,12,134,0,146,114,0,114,260
08/17/2017,SGR,TX,ASW,CE,Federal Contract Tower,0,13,65,0,78,0,0,97,0,97,0,13,162,0,175,122,0,122,297
08/18/2017,SGR,TX,ASW,CE,Federal Contract Tower,0,15,64,0,79,0,0,100,0,100,0,15,164,0,179,122,0,122,301
08/19/2017,SGR,TX,ASW,CE,Federal Contract Tower,0,5,35,0,40,0,0,79,0,79,0,5,114,0,119,88,0,88,207
08/20/2017,SGR,TX,ASW,CE,Federal Contract Tower,0,15,55,0,70,0,2,92,0,94,0,17,147,0,164,88,0,88,252
08/21/2017,SGR,TX,ASW,CE,Federal Contract Tower,0,11,52,0,63,0,2,77,4,83,0,13,129,4,146,54,0,54,200
08/22/2017,SGR,TX,ASW,CE,Federal Contract Tower,0,11,39,0,50,0,3,65,0,68,0,14,104,0,118,66,0,66,184
08/23/2017,SGR,TX,ASW,CE,Federal Contract Tower,0,19,77,0,96,0,0,71,0,71,0,19,148,0,167,62,0,62,229
08/24/2017,SGR,TX,ASW,CE,Federal Contract Tower,0,12,75,0,87,0,0,47,0,47,0,12,122,0,134,48,0,48,182
08/25/2017,SGR,TX,ASW,CE,Federal Contract Tower,0,9,17,0,26,0,0,0,0,0,0,9,17,0,26,4,0,4,30
08/26/2017,SGR,TX,ASW,CE,Federal Contract Tower,0,0,2,0,2,0,0,0,0,0,0,0,2,0,2,0,2,2,4
08/27/2017,SGR,TX,ASW,CE,Federal Contract Tower,0,0,0,2,2,0,9,0,13,22,0,9,0,15,24,0,0,0,24
08/28/2017,SGR,TX,ASW,CE,Federal Contract Tower,0,0,2,8,10,0,0,2,1,3,0,0,4,9,13,0,0,0,13
08/29/2017,SGR,TX,ASW,CE,Federal Contract Tower,0,7,0,0,7,0,26,9,100,135,0,33,9,100,142,0,0,0,142
08/30/2017,SGR,TX,ASW,CE,Federal Contract Tower,0,0,0,1,1,0,93,15,30,138,0,93,15,31,139,0,0,0,139
08/31/2017,SGR,TX,ASW,CE,Federal Contract Tower,0,0,3,3,6,0,106,5,88,199,0,106,8,91,205,0,0,0,205
09/01/2017,SGR,TX,ASW,CE,Federal Contract Tower,0,6,22,0,28,0,91,2,108,201,0,97,24,108,229,0,0,0,229
09/02/2017,SGR,TX,ASW,CE,Federal Contract Tower,0,2,37,0,39,0,3,56,48,107,0,5,93,48,146,4,2,6,152
09/03/2017,SGR,TX,ASW,CE,Federal Contract Tower,0,6,16,3,25,0,11,58,48,117,0,17,74,51,142,0,0,0,142
09/04/2017,SGR,TX,ASW,CE,Federal Contract Tower,0,13,28,0,41,0,6,75,67,148,0,19,103,67,189,14,0,14,203
09/05/2017,SGR,TX,ASW,CE,Federal Contract Tower,0,12,25,1,38,0,5,70,48,123,0,17,95,49,161,32,0,32,193
09/06/2017,SGR,TX,ASW,CE,Federal Contract Tower,0,19,59,0,78,0,3,83,25,111,0,22,142,25,189,60,0,60,249
09/07/2017,SGR,TX,ASW,CE,Federal Contract Tower,0,26,72,2,100,0,4,84,1,89,0,30,156,3,189,74,0,74,263
09/08/2017,SGR,TX,ASW,CE,Federal Contract Tower,0,19,46,0,65,0,2,79,13,94,0,21,125,13,159,56,0,56,215
09/09/2017,SGR,TX,ASW,CE,Federal Contract Tower,0,1,41,0,42,0,4,106,0,110,0,5,147,0,152,50,0,50,202
09/10/2017,SGR,TX,ASW,CE,Federal Contract Tower,0,14,33,0,47,0,8,86,0,94,0,22,119,0,141,44,20,64,205
09/11/2017,SGR,TX,ASW,CE,Federal Contract Tower,0,8,36,0,44,0,9,93,0,102,0,17,129,0,146,56,0,56,202
09/12/2017,SGR,TX,ASW,CE,Federal Contract Tower,0,13,43,1,57,0,2,86,1,89,0,15,129,2,146,52,0,52,198
09/13/2017,SGR,TX,ASW,CE,Federal Contract Tower,0,13,60,0,73,0,91,0,4,95,0,104,60,4,168,92,0,92,260
09/14/2017,SGR,TX,ASW,CE,Federal Contract Tower,0,32,48,0,80,0,2,96,2,100,0,34,144,2,180,96,2,98,278
09/15/2017,SGR,TX,ASW,CE,Federal Contract Tower,0,17,28,0,45,0,0,76,0,76,0,17,104,0,121,60,0,60,181
09/16/2017,SGR,TX,ASW,CE,Federal Contract Tower,0,5,33,0,38,0,0,94,0,94,0,5,127,0,132,154,0,154,286
09/17/2017,SGR,TX,ASW,CE,Federal Contract Tower,0,13,54,0,67,0,0,63,0,63,0,13,117,0,130,6,0,6,136
09/18/2017,SGR,TX,ASW,CE,Federal Contract Tower,0,10,48,0,58,0,7,32,0,39,0,17,80,0,97,56,0,56,153
09/19/2017,SGR,TX,ASW,CE,Federal Contract Tower,0,17,58,0,75,0,1,89,0,90,0,18,147,0,165,64,0,64,229
09/20/2017,SGR,TX,ASW,CE,Federal Contract Tower,0,10,75,0,85,0,5,56,0,61,0,15,131,0,146,44,0,44,190
09/21/2017,SGR,TX,ASW,CE,Federal Contract Tower,0,16,71,0,87,0,0,32,2,34,0,16,103,2,121,36,0,36,157
09/22/2017,SGR,TX,ASW,CE,Federal Contract Tower,0,20,44,1,65,0,0,73,0,73,0,20,117,1,138,70,0,70,208
09/23/2017,SGR,TX,ASW,CE,Federal Contract Tower,0,8,30,0,38,0,0,86,0,86,0,8,116,0,124,62,6,68,192
09/24/2017,SGR,TX,ASW,CE,Federal Contract Tower,0,16,35,0,51,0,0,63,0,63,0,16,98,0,114,100,0,100,214
09/25/2017,SGR,TX,ASW,CE,Federal Contract Tower,0,9,32,0,41,0,3,68,6,77,0,12,100,6,118,48,0,48,166
09/26/2017,SGR,TX,ASW,CE,Federal Contract Tower,0,23,66,0,89,0,3,65,0,68,0,26,131,0,157,42,0,42,199
09/27/2017,SGR,TX,ASW,CE,Federal Contract Tower,0,26,68,0,94,0,0,52,0,52,0,26,120,0,146,64,0,64,210
09/28/2017,SGR,TX,ASW,CE,Federal Contract Tower,0,19,65,0,84,0,0,66,0,66,0,19,131,0,150,26,0,26,176
09/29/2017,SGR,TX,ASW,CE,Federal Contract Tower,0,21,66,0,87,0,5,71,0,76,0,26,137,0,163,50,0,50,213
09/30/2017,SGR,TX,ASW,CE,Federal Contract Tower,0,8,43,2,53,0,4,89,0,93,0,12,132,2,146,146,0,146,292
10/01/2017,SGR,TX,ASW,CE,Federal Contract Tower,0,19,49,0,68,0,0,86,0,86,0,19,135,0,154,68,0,68,222
10/02/2017,SGR,TX,ASW,CE,Federal Contract Tower,0,18,51,0,69,0,6,60,0,66,0,24,111,0,135,40,0,40,175
10/03/2017,SGR,TX,ASW,CE,Federal Contract Tower,0,12,57,0,69,0,2,22,0,24,0,14,79,0,93,36,0,36,129
10/04/2017,SGR,TX,ASW,CE,Federal Contract Tower,0,14,57,0,71,0,0,62,0,62,0,14,119,0,133,74,0,74,207
10/05/2017,SGR,TX,ASW,CE,Federal Contract Tower,0,12,52,2,66,0,0,89,0,89,0,12,141,2,155,112,0,112,267
10/06/2017,SGR,TX,ASW,CE,Federal Contract Tower,0,14,63,0,77,0,0,69,0,69,0,14,132,0,146,54,0,54,200
10/07/2017,SGR,TX,ASW,CE,Federal Contract Tower,0,8,39,0,47,0,5,65,0,70,0,13,104,0,117,90,0,90,207
10/08/2017,SGR,TX,ASW,CE,Federal Contract Tower,0,10,56,0,66,0,0,90,0,90,0,10,146,0,156,50,0,50,206
10/09/2017,SGR,TX,ASW,CE,Federal Contract Tower,0,23,42,0,65,0,0,69,0,69,0,23,111,0,134,28,0,28,162
10/10/2017,SGR,TX,ASW,CE,Federal Contract Tower,0,15,62,0,77,0,1,48,0,49,0,16,110,0,126,26,0,26,152
10/11/2017,SGR,TX,ASW,CE,Federal Contract Tower,0,17,71,1,89,0,2,92,0,94,0,19,163,1,183,56,0,56,239
10/12/2017,SGR,TX,ASW,CE,Federal Contract Tower,0,17,72,0,89,0,7,118,0,125,0,24,190,0,214,54,0,54,268
10/13/2017,SGR,TX,ASW,CE,Federal Contract Tower,0,13,67,0,80,0,0,70,0,70,0,13,137,0,150,62,0,62,212
10/14/2017,SGR,TX,ASW,CE,Federal Contract Tower,0,12,41,0,53,0,1,77,0,78,0,13,118,0,131,28,0,28,159
10/15/2017,SGR,TX,ASW,CE,Federal Contract Tower,0,11,40,0,51,0,0,68,0,68,0,11,108,0,119,28,0,28,147
10/16/2017,SGR,TX,ASW,CE,Federal Contract Tower,0,15,70,0,85,0,5,66,2,73,0,20,136,2,158,6,0,6,164
10/17/2017,SGR,TX,ASW,CE,Federal Contract Tower,0,7,60,0,67,0,3,82,0,85,0,10,142,0,152,68,0,68,220
10/18/2017,SGR,TX,ASW,CE,Federal Contract Tower,0,14,50,0,64,0,0,97,0,97,0,14,147,0,161,56,0,56,217
10/19/2017,SGR,TX,ASW,CE,Federal Contract Tower,0,20,57,1,78,0,2,96,0,98,0,22,153,1,176,98,0,98,274
10/20/2017,SGR,TX,ASW,CE,Federal Contract Tower,0,20,53,0,73,0,0,19,0,19,0,20,72,0,92,42,0,42,134
10/21/2017,SGR,TX,ASW,CE,Federal Contract Tower,0,9,40,0,49,0,0,70,0,70,0,9,110,0,119,68,0,68,187
10/22/2017,SGR,TX,ASW,CE,Federal Contract Tower,0,18,51,0,69,0,0,30,0,30,0,18,81,0,99,32,0,32,131
10/23/2017,SGR,TX,ASW,CE,Federal Contract Tower,0,19,70,0,89,0,13,93,0,106,0,32,163,0,195,62,0,62,257
10/24/2017,SGR,TX,ASW,CE,Federal Contract Tower,0,16,60,0,76,0,6,77,0,83,0,22,137,0,159,54,0,54,213
10/26/2017,SGR,TX,ASW,CE,Federal Contract Tower,0,11,58,0,69,0,6,98,0,104,0,17,156,0,173,62,0,62,235
10/27/2017,SGR,TX,ASW,CE,Federal Contract Tower,0,21,46,0,67,0,3,52,0,55,0,24,98,0,122,28,0,28,150
10/28/2017,SGR,TX,ASW,CE,Federal Contract Tower,0,12,43,0,55,0,3,90,0,93,0,15,133,0,148,44,0,44,192
10/29/2017,SGR,TX,ASW,CE,Federal Contract Tower,0,18,39,0,57,0,0,107,0,107,0,18,146,0,164,80,0,80,244
10/30/2017,SGR,TX,ASW,CE,Federal Contract Tower,0,11,36,0,47,0,0,104,0,104,0,11,140,0,151,52,0,52,203
10/31/2017,SGR,TX,ASW,CE,Federal Contract Tower,0,11,33,0,44,0,2,33,0,35,0,13,66,0,79,50,0,50,129
11/01/2017,SGR,TX,ASW,CE,Federal Contract Tower,0,23,67,2,92,0,0,40,0,40,0,23,107,2,132,48,0,48,180
11/02/2017,SGR,TX,ASW,CE,Federal Contract Tower,0,24,62,0,86,0,0,59,2,61,0,24,121,2,147,70,0,70,217
11/03/2017,SGR,TX,ASW,CE,Federal Contract Tower,0,18,70,0,88,0,0,70,0,70,0,18,140,0,158,58,0,58,216
11/04/2017,SGR,TX,ASW,CE,Federal Contract Tower,0,1,26,2,29,0,0,84,0,84,0,1,110,2,113,94,0,94,207
11/05/2017,SGR,TX,ASW,CE,Federal Contract Tower,0,15,37,0,52,0,2,69,0,71,0,17,106,0,123,14,0,14,137
11/06/2017,SGR,TX,ASW,CE,Federal Contract Tower,0,10,50,0,60,0,0,68,1,69,0,10,118,1,129,64,0,64,193
11/07/2017,SGR,TX,ASW,CE,Federal Contract Tower,0,8,44,0,52,0,4,71,0,75,0,12,115,0,127,60,0,60,187
11/08/2017,SGR,TX,ASW,CE,Federal Contract Tower,0,11,89,0,100,0,0,19,0,19,0,11,108,0,119,10,0,10,129
11/09/2017,SGR,TX,ASW,CE,Federal Contract Tower,0,15,87,1,103,0,0,48,1,49,0,15,135,2,152,46,0,46,198
11/10/2017,SGR,TX,ASW,CE,Federal Contract Tower,0,17,60,0,77,0,10,68,0,78,0,27,128,0,155,74,0,74,229
11/11/2017,SGR,TX,ASW,CE,Federal Contract Tower,0,3,30,0,33,0,4,97,0,101,0,7,127,0,134,58,0,58,192
11/12/2017,SGR,TX,ASW,CE,Federal Contract Tower,0,15,50,0,65,0,3,84,0,87,0,18,134,0,152,98,0,98,250
11/13/2017,SGR,TX,ASW,CE,Federal Contract Tower,0,29,68,0,97,0,5,77,0,82,0,34,145,0,179,70,0,70,249
11/14/2017,SGR,TX,ASW,CE,Federal Contract Tower,0,22,74,0,96,0,2,90,4,96,0,24,164,4,192,72,0,72,264
11/15/2017,SGR,TX,ASW,CE,Federal Contract Tower,0,35,77,0,112,0,1,68,0,69,0,36,145,0,181,22,0,22,203
11/16/2017,SGR,TX,ASW,CE,Federal Contract Tower,0,29,51,1,81,0,7,70,2,79,0,36,121,3,160,86,0,86,246
11/17/2017,SGR,TX,ASW,CE,Federal Contract Tower,0,28,60,0,88,0,0,79,0,79,0,28,139,0,167,88,0,88,255
11/18/2017,SGR,TX,ASW,CE,Federal Contract Tower,0,10,49,0,59,0,1,54,0,55,0,11,103,0,114,44,0,44,158
11/19/2017,SGR,TX,ASW,CE,Federal Contract Tower,0,17,41,0,58,0,3,89,0,92,0,20,130,0,150,108,0,108,258
11/20/2017,SGR,TX,ASW,CE,Federal Contract Tower,0,10,53,0,63,0,2,81,0,83,0,12,134,0,146,72,0,72,218
11/21/2017,SGR,TX,ASW,CE,Federal Contract Tower,0,25,61,0,86,0,6,70,0,76,0,31,131,0,162,72,0,72,234
11/22/2017,SGR,TX,ASW,CE,Federal Contract Tower,0,10,47,0,57,0,0,94,0,94,0,10,141,0,151,8,0,8,159
11/23/2017,SGR,TX,ASW,CE,Federal Contract Tower,0,8,11,0,19,0,0,22,0,22,0,8,33,0,41,0,0,0,41
11/24/2017,SGR,TX,ASW,CE,Federal Contract Tower,0,9,25,0,34,0,1,72,0,73,0,10,97,0,107,114,0,114,221
11/25/2017,SGR,TX,ASW,CE,Federal Contract Tower,0,21,41,0,62,0,0,105,0,105,0,21,146,0,167,74,0,74,241
11/26/2017,SGR,TX,ASW,CE,Federal Contract Tower,0,28,55,0,83,0,0,113,0,113,0,28,168,0,196,90,0,90,286
11/27/2017,SGR,TX,ASW,CE,Federal Contract Tower,0,9,41,0,50,0,0,79,0,79,0,9,120,0,129,76,0,76,205
11/28/2017,SGR,TX,ASW,CE,Federal Contract Tower,0,19,71,0,90,0,6,83,0,89,0,25,154,0,179,44,0,44,223
11/29/2017,SGR,TX,ASW,CE,Federal Contract Tower,0,17,60,0,77,0,6,42,0,48,0,23,102,0,125,12,0,12,137
11/30/2017,SGR,TX,ASW,CE,Federal Contract Tower,0,26,52,0,78,0,1,77,4,82,0,27,129,4,160,64,0,64,224
12/01/2017,SGR,TX,ASW,CE,Federal Contract Tower,0,28,69,0,97,0,1,79,0,80,0,29,148,0,177,32,0,32,209
12/02/2017,SGR,TX,ASW,CE,Federal Contract Tower,0,7,52,0,59,0,1,74,0,75,0,8,126,0,134,62,0,62,196
12/03/2017,SGR,TX,ASW,CE,Federal Contract Tower,0,18,51,0,69,0,0,20,0,20,0,18,71,0,89,28,0,28,117
12/04/2017,SGR,TX,ASW,CE,Federal Contract Tower,0,16,62,0,78,0,6,60,4,70,0,22,122,4,148,32,0,32,180
12/06/2017,SGR,TX,ASW,CE,Federal Contract Tower,0,20,78,0,98,0,0,16,0,16,0,20,94,0,114,6,0,6,120
12/07/2017,SGR,TX,ASW,CE,Federal Contract Tower,0,28,57,0,85,0,0,12,0,12,0,28,69,0,97,8,0,8,105
12/08/2017,SGR,TX,ASW,CE,Federal Contract Tower,0,11,63,0,74,0,2,71,2,75,0,13,134,2,149,44,0,44,193
12/09/2017,SGR,TX,ASW,CE,Federal Contract Tower,0,1,40,0,41,0,0,100,0,100,0,1,140,0,141,94,0,94,235
12/10/2017,SGR,TX,ASW,CE,Federal Contract Tower,0,13,48,0,61,0,4,101,0,105,0,17,149,0,166,112,0,112,278
12/11/2017,SGR,TX,ASW,CE,Federal Contract Tower,0,10,58,0,68,0,3,104,0,107,0,13,162,0,175,50,0,50,225
12/12/2017,SGR,TX,ASW,CE,Federal Contract Tower,0,3,52,5,60,0,0,70,0,70,0,3,122,5,130,38,0,38,168
12/13/2017,SGR,TX,ASW,CE,Federal Contract Tower,0,13,71,0,84,0,3,92,0,95,0,16,163,0,179,54,0,54,233
12/14/2017,SGR,TX,ASW,CE,Federal Contract Tower,0,14,64,0,78,0,1,87,0,88,0,15,151,0,166,54,0,54,220
12/15/2017,SGR,TX,ASW,CE,Federal Contract Tower,0,9,69,0,78,0,1,66,0,67,0,10,135,0,145,94,0,94,239
12/16/2017,SGR,TX,ASW,CE,Federal Contract Tower,0,11,14,0,25,0,0,53,0,53,0,11,67,0,78,74,0,74,152
12/17/2017,SGR,TX,ASW,CE,Federal Contract Tower,0,18,58,0,76,0,0,38,0,38,0,18,96,0,114,60,0,60,174
12/18/2017,SGR,TX,ASW,CE,Federal Contract Tower,0,15,55,0,70,0,0,3,0,3,0,15,58,0,73,0,0,0,73
12/19/2017,SGR,TX,ASW,CE,Federal Contract Tower,0,16,48,0,64,0,8,16,2,26,0,24,64,2,90,38,2,40,130
12/20/2017,SGR,TX,ASW,CE,Federal Contract Tower,0,18,51,0,69,0,2,19,0,21,0,20,70,0,90,38,0,38,128
12/21/2017,SGR,TX,ASW,CE,Federal Contract Tower,0,21,39,0,60,0,0,41,1,42,0,21,80,1,102,58,0,58,160
12/22/2017,SGR,TX,ASW,CE,Federal Contract Tower,0,18,51,0,69,0,0,27,0,27,0,18,78,0,96,36,0,36,132
12/23/2017,SGR,TX,ASW,CE,Federal Contract Tower,0,8,27,0,35,0,0,64,0,64,0,8,91,0,99,78,0,78,177
12/24/2017,SGR,TX,ASW,CE,Federal Contract Tower,0,6,11,0,17,0,0,47,0,47,0,6,58,0,64,30,0,30,94
12/25/2017,SGR,TX,ASW,CE,Federal Contract Tower,0,11,13,0,24,0,0,25,0,25,0,11,38,0,49,8,0,8,57
12/26/2017,SGR,TX,ASW,CE,Federal Contract Tower,0,19,50,0,69,0,2,1,0,3,0,21,51,0,72,0,0,0,72
12/27/2017,SGR,TX,ASW,CE,Federal Contract Tower,0,28,47,0,75,0,0,0,0,0,0,28,47,0,75,0,0,0,75
12/28/2017,SGR,TX,ASW,CE,Federal Contract Tower,0,20,57,0,77,0,0,13,0,13,0,20,70,0,90,0,0,0,90
12/29/2017,SGR,TX,ASW,CE,Federal Contract Tower,0,4,38,0,42,0,2,57,0,59,0,6,95,0,101,76,0,76,177
12/31/2017,SGR,TX,ASW,CE,Federal Contract Tower,0,2,18,0,20,0,2,3,0,5,0,4,21,0,25,0,0,0,25
01/01/2018,SGR,TX,ASW,CE,Federal Contract Tower,0,11,14,0,25,0,0,19,0,19,0,11,33,0,44,0,0,0,44
01/02/2018,SGR,TX,ASW,CE,Federal Contract Tower,0,16,24,0,40,0,0,26,0,26,0,16,50,0,66,14,0,14,80
01/03/2018,SGR,TX,ASW,CE,Federal Contract Tower,0,19,37,0,56,0,0,43,0,43,0,19,80,0,99,50,0,50,149
01/04/2018,SGR,TX,ASW,CE,Federal Contract Tower,0,14,38,0,52,0,0,83,4,87,0,14,121,4,139,52,0,52,191
01/05/2018,SGR,TX,ASW,CE,Federal Contract Tower,0,11,37,0,48,0,0,89,0,89,0,11,126,0,137,62,0,62,199
01/06/2018,SGR,TX,ASW,CE,Federal Contract Tower,0,6,31,2,39,0,0,97,0,97,0,6,128,2,136,110,0,110,246
01/07/2018,SGR,TX,ASW,CE,Federal Contract Tower,0,21,46,0,67,0,0,40,0,40,0,21,86,0,107,52,0,52,159
01/08/2018,SGR,TX,ASW,CE,Federal Contract Tower,0,14,44,0,58,0,10,63,0,73,0,24,107,0,131,18,0,18,149
01/09/2018,SGR,TX,ASW,CE,Federal Contract Tower,0,25,68,0,93,0,3,1,0,4,0,28,69,0,97,0,0,0,97
01/10/2018,SGR,TX,ASW,CE,Federal Contract Tower,0,17,79,0,96,0,2,32,0,34,0,19,111,0,130,30,0,30,160
01/11/2018,SGR,TX,ASW,CE,Federal Contract Tower,0,29,57,0,86,0,1,29,0,30,0,30,86,0,116,0,0,0,116
01/12/2018,SGR,TX,ASW,CE,Federal Contract Tower,0,16,47,0,63,0,0,80,1,81,0,16,127,1,144,32,0,32,176
01/13/2018,SGR,TX,ASW,CE,Federal Contract Tower,0,3,33,0,36,0,1,114,0,115,0,4,147,0,151,78,0,78,229
01/14/2018,SGR,TX,ASW,CE,Federal Contract Tower,0,7,43,0,50,0,1,81,0,82,0,8,124,0,132,76,0,76,208
01/15/2018,SGR,TX,ASW,CE,Federal Contract Tower,0,19,70,0,89,0,5,91,0,96,0,24,161,0,185,76,0,76,261
01/16/2018,SGR,TX,ASW,CE,Federal Contract Tower,0,3,12,0,15,0,0,0,0,0,0,3,12,0,15,0,0,0,15
01/17/2018,SGR,TX,ASW,CE,Federal Contract Tower,0,17,36,0,53,0,1,38,0,39,0,18,74,0,92,16,0,16,108
01/18/2018,SGR,TX,ASW,CE,Federal Contract Tower,0,24,57,0,81,0,0,56,0,56,0,24,113,0,137,70,0,70,207
01/19/2018,SGR,TX,ASW,CE,Federal Contract Tower,0,7,61,0,68,0,0,22,0,22,0,7,83,0,90,30,0,30,120
01/20/2018,SGR,TX,ASW,CE,Federal Contract Tower,0,9,45,0,54,0,10,22,0,32,0,19,67,0,86,44,0,44,130
01/21/2018,SGR,TX,ASW,CE,Federal Contract Tower,0,11,51,0,62,0,4,12,0,16,0,15,63,0,78,30,0,30,108
01/22/2018,SGR,TX,ASW,CE,Federal Contract Tower,0,18,45,0,63,0,0,74,0,74,0,18,119,0,137,54,0,54,191
01/23/2018,SGR,TX,ASW,CE,Federal Contract Tower,0,8,51,0,59,0,0,111,0,111,0,8,162,0,170,128,0,128,298
01/24/2018,SGR,TX,ASW,CE,Federal Contract Tower,0,18,60,0,78,0,1,126,0,127,0,19,186,0,205,68,0,68,273
01/25/2018,SGR,TX,ASW,CE,Federal Contract Tower,0,24,57,0,81,0,2,86,0,88,0,26,143,0,169,94,0,94,263
01/26/2018,SGR,TX,ASW,CE,Federal Contract Tower,0,17,86,0,103,0,2,16,0,18,0,19,102,0,121,26,0,26,147
01/27/2018,SGR,TX,ASW,CE,Federal Contract Tower,0,8,18,0,26,0,0,0,0,0,0,8,18,0,26,0,0,0,26
01/28/2018,SGR,TX,ASW,CE,Federal Contract Tower,0,22,76,0,98,0,0,79,0,79,0,22,155,0,177,48,0,48,225
01/29/2018,SGR,TX,ASW,CE,Federal Contract Tower,0,23,42,0,65,0,8,88,0,96,0,31,130,0,161,42,0,42,203
01/30/2018,SGR,TX,ASW,CE,Federal Contract Tower,0,16,53,0,69,0,3,91,1,95,0,19,144,1,164,82,0,82,246
01/31/2018,SGR,TX,ASW,CE,Federal Contract Tower,0,13,60,0,73,0,0,95,1,96,0,13,155,1,169,58,0,58,227
02/01/2018,SGR,TX,ASW,CE,Federal Contract Tower,0,31,65,0,96,0,2,56,0,58,0,33,121,0,154,30,0,30,184
02/02/2018,SGR,TX,ASW,CE,Federal Contract Tower,0,17,60,0,77,0,0,78,5,83,0,17,138,5,160,104,0,104,264
02/03/2018,SGR,TX,ASW,CE,Federal Contract Tower,0,13,26,0,39,0,0,10,0,10,0,13,36,0,49,32,0,32,81
02/04/2018,SGR,TX,ASW,CE,Federal Contract Tower,0,10,64,0,74,0,0,33,0,33,0,10,97,0,107,70,0,70,177
02/05/2018,SGR,TX,ASW,CE,Federal Contract Tower,0,27,63,0,90,0,5,31,0,36,0,32,94,0,126,54,0,54,180
02/06/2018,SGR,TX,ASW,CE,Federal Contract Tower,0,19,44,0,63,0,3,5,0,8,0,22,49,0,71,18,0,18,89
02/07/2018,SGR,TX,ASW,CE,Federal Contract Tower,0,18,85,0,103,0,0,2,0,2,0,18,87,0,105,0,0,0,105
02/08/2018,SGR,TX,ASW,CE,Federal Contract Tower,0,12,79,0,91,0,3,99,2,104,0,15,178,2,195,54,0,54,249
02/09/2018,SGR,TX,ASW,CE,Federal Contract Tower,0,10,94,0,104,0,1,14,0,15,0,11,108,0,119,6,0,6,125
02/10/2018,SGR,TX,ASW,CE,Federal Contract Tower,0,10,25,0,35,0,0,5,0,5,0,10,30,0,40,8,0,8,48
02/11/2018,SGR,TX,ASW,CE,Federal Contract Tower,0,17,40,0,57,0,0,22,0,22,0,17,62,0,79,26,0,26,105
02/12/2018,SGR,TX,ASW,CE,Federal Contract Tower,0,14,89,0,103,0,4,13,0,17,0,18,102,0,120,20,0,20,140
02/13/2018,SGR,TX,ASW,CE,Federal Contract Tower,0,17,76,0,93,0,0,0,0,0,0,17,76,0,93,0,0,0,93
02/14/2018,SGR,TX,ASW,CE,Federal Contract Tower,0,12,54,0,66,0,3,53,0,56,0,15,107,0,122,40,0,40,162
02/15/2018,SGR,TX,ASW,CE,Federal Contract Tower,0,15,55,0,70,0,3,61,0,64,0,18,116,0,134,46,0,46,180
02/16/2018,SGR,TX,ASW,CE,Federal Contract Tower,0,17,92,0,109,0,0,57,0,57,0,17,149,0,166,18,0,18,184
02/17/2018,SGR,TX,ASW,CE,Federal Contract Tower,0,5,43,0,48,0,0,48,0,48,0,5,91,0,96,92,0,92,188
02/18/2018,SGR,TX,ASW,CE,Federal Contract Tower,0,11,65,0,76,0,2,46,0,48,0,13,111,0,124,76,0,76,200
02/19/2018,SGR,TX,ASW,CE,Federal Contract Tower,0,10,51,0,61,0,3,48,0,51,0,13,99,0,112,68,0,68,180
02/20/2018,SGR,TX,ASW,CE,Federal Contract Tower,0,11,56,0,67,0,2,11,0,13,0,13,67,0,80,2,0,2,82
02/21/2018,SGR,TX,ASW,CE,Federal Contract Tower,0,31,46,0,77,0,0,0,0,0,0,31,46,0,77,0,0,0,77
02/22/2018,SGR,TX,ASW,CE,Federal Contract Tower,0,11,50,0,61,0,0,0,0,0,0,11,50,0,61,0,0,0,61
02/24/2018,SGR,TX,ASW,CE,Federal Contract Tower,0,5,24,0,29,0,0,30,0,30,0,5,54,0,59,116,0,116,175
02/25/2018,SGR,TX,ASW,CE,Federal Contract Tower,0,22,30,0,52,0,0,3,0,3,0,22,33,0,55,0,0,0,55
02/26/2018,SGR,TX,ASW,CE,Federal Contract Tower,0,15,57,0,72,0,3,78,0,81,0,18,135,0,153,128,0,128,281
02/27/2018,SGR,TX,ASW,CE,Federal Contract Tower,0,9,61,0,70,0,0,41,0,41,0,9,102,0,111,52,0,52,163
03/01/2018,SGR,TX,ASW,CE,Federal Contract Tower,0,12,71,0,83,0,2,96,0,98,0,14,167,0,181,82,0,82,263
03/02/2018,SGR,TX,ASW,CE,Federal Contract Tower,0,9,61,0,70,0,1,91,0,92,0,10,152,0,162,96,0,96,258
03/03/2018,SGR,TX,ASW,CE,Federal Contract Tower,0,11,34,0,45,0,3,75,0,78,0,14,109,0,123,58,0,58,181
03/04/2018,SGR,TX,ASW,CE,Federal Contract Tower,0,5,40,0,45,0,0,19,0,19,0,5,59,0,64,12,0,12,76
03/05/2018,SGR,TX,ASW,CE,Federal Contract Tower,0,18,41,0,59,0,1,17,0,18,0,19,58,0,77,22,0,22,99
03/06/2018,SGR,TX,ASW,CE,Federal Contract Tower,0,19,86,1,106,0,3,89,0,92,0,22,175,1,198,48,0,48,246
03/07/2018,SGR,TX,ASW,CE,Federal Contract Tower,0,13,99,0,112,0,0,82,0,82,0,13,181,0,194,52,0,52,246
03/08/2018,SGR,TX,ASW,CE,Federal Contract Tower,0,22,50,0,72,0,0,86,1,87,0,22,136,1,159,32,0,32,191
03/09/2018,SGR,TX,ASW,CE,Federal Contract Tower,0,20,77,0,97,0,2,93,0,95,0,22,170,0,192,40,0,40,232
03/10/2018,SGR,TX,ASW,CE,Federal Contract Tower,0,18,43,0,61,0,6,46,0,52,0,24,89,0,113,26,0,26,139
03/11/2018,SGR,TX,ASW,CE,Federal Contract Tower,0,17,34,0,51,0,0,10,0,10,0,17,44,0,61,18,0,18,79
03/12/2018,SGR,TX,ASW,CE,Federal Contract Tower,0,11,68,0,79,0,11,83,9,103,0,22,151,9,182,54,0,54,236
03/13/2018,SGR,TX,ASW,CE,Federal Contract Tower,0,13,45,2,60,0,2,84,2,88,0,15,129,4,148,26,0,26,174
03/14/2018,SGR,TX,ASW,CE,Federal Contract Tower,0,16,71,0,87,0,4,75,0,79,0,20,146,0,166,38,0,38,204
03/15/2018,SGR,TX,ASW,CE,Federal Contract Tower,0,15,49,0,64,0,0,71,0,71,0,15,120,0,135,86,0,86,221
03/16/2018,SGR,TX,ASW,CE,Federal Contract Tower,0,16,52,0,68,0,3,57,0,60,0,19,109,0,128,18,0,18,146
03/17/2018,SGR,TX,ASW,CE,Federal Contract Tower,0,19,47,0,66,0,2,39,0,41,0,21,86,0,107,86,0,86,193
03/18/2018,SGR,TX,ASW,CE,Federal Contract Tower,0,22,58,0,80,0,1,32,0,33,0,23,90,0,113,12,0,12,125
03/19/2018,SGR,TX,ASW,CE,Federal Contract Tower,0,8,56,1,65,0,5,74,1,80,0,13,130,2,145,32,0,32,177
03/20/2018,SGR,TX,ASW,CE,Federal Contract Tower,0,4,62,0,66,0,4,86,0,90,0,8,148,0,156,78,0,78,234
03/21/2018,SGR,TX,ASW,CE,Federal Contract Tower,0,20,50,0,70,0,2,122,0,124,0,22,172,0,194,56,0,56,250
03/22/2018,SGR,TX,ASW,CE,Federal Contract Tower,0,18,71,0,89,0,2,113,0,115,0,20,184,0,204,52,0,52,256
03/23/2018,SGR,TX,ASW,CE,Federal Contract Tower,0,12,59,0,71,0,4,68,0,72,0,16,127,0,143,82,0,82,225
03/24/2018,SGR,TX,ASW,CE,Federal Contract Tower,0,6,17,0,23,0,0,49,0,49,0,6,66,0,72,90,0,90,162
03/25/2018,SGR,TX,ASW,CE,Federal Contract Tower,0,19,48,0,67,0,0,60,0,60,0,19,108,0,127,68,0,68,195
03/26/2018,SGR,TX,ASW,CE,Federal Contract Tower,0,8,50,0,58,0,4,53,0,57,0,12,103,0,115,36,0,36,151
03/27/2018,SGR,TX,ASW,CE,Federal Contract Tower,0,20,79,0,99,0,1,33,0,34,0,21,112,0,133,14,0,14,147
03/28/2018,SGR,TX,ASW,CE,Federal Contract Tower,0,13,47,0,60,0,0,0,0,0,0,13,47,0,60,0,4,4,64
03/29/2018,SGR,TX,ASW,CE,Federal Contract Tower,0,19,43,1,63,0,3,73,1,77,0,22,116,2,140,98,0,98,238
03/30/2018,SGR,TX,ASW,CE,Federal Contract Tower,0,15,52,0,67,0,0,89,0,89,0,15,141,0,156,84,0,84,240
03/31/2018,SGR,TX,ASW,CE,Federal Contract Tower,0,8,25,0,33,0,0,81,0,81,0,8,106,0,114,98,0,98,212
04/01/2018,SGR,TX,ASW,CE,Federal Contract Tower,0,13,31,0,44,0,2,26,0,28,0,15,57,0,72,0,0,0,72
04/02/2018,SGR,TX,ASW,CE,Federal Contract Tower,0,15,49,0,64,0,3,64,0,67,0,18,113,0,131,58,0,58,189
04/03/2018,SGR,TX,ASW,CE,Federal Contract Tower,12,60,0,0,72,0,5,47,0,52,12,65,47,0,124,0,0,0,124
04/04/2018,SGR,TX,ASW,CE,Federal Contract Tower,0,17,54,0,71,0,0,48,0,48,0,17,102,0,119,14,0,14,133
04/05/2018,SGR,TX,ASW,CE,Federal Contract Tower,0,0,0,0,0,0,2,89,0,91,0,2,89,0,91,124,0,124,215
04/06/2018,SGR,TX,ASW,CE,Federal Contract Tower,0,10,50,0,60,0,0,28,0,28,0,10,78,0,88,12,0,12,100
04/07/2018,SGR,TX,ASW,CE,Federal Contract Tower,0,4,35,0,39,0,0,0,0,0,0,4,35,0,39,0,0,0,39
04/08/2018,SGR,TX,ASW,CE,Federal Contract Tower,0,22,51,0,73,0,1,25,0,26,0,23,76,0,99,22,0,22,121
04/09/2018,SGR,TX,ASW,CE,Federal Contract Tower,0,17,55,0,72,0,0,4,0,4,0,17,59,0,76,0,0,0,76
04/10/2018,SGR,TX,ASW,CE,Federal Contract Tower,0,9,79,0,88,0,2,95,0,97,0,11,174,0,185,70,0,70,255
04/11/2018,SGR,TX,ASW,CE,Federal Contract Tower,0,13,66,0,79,0,3,129,0,132,0,16,195,0,211,90,0,90,301
04/12/2018,SGR,TX,ASW,CE,Federal Contract Tower,0,13,61,0,74,0,0,71,2,73,0,13,132,2,147,146,2,148,295
04/13/2018,SGR,TX,ASW,CE,Federal Contract Tower,0,11,46,0,57,0,0,9,0,9,0,11,55,0,66,0,0,0,66
04/14/2018,SGR,TX,ASW,CE,Federal Contract Tower,0,2,28,0,30,0,5,52,0,57,0,7,80,0,87,66,0,66,153
04/15/2018,SGR,TX,ASW,CE,Federal Contract Tower,0,11,53,0,64,0,1,97,2,100,0,12,150,2,164,64,0,64,228
04/16/2018,SGR,TX,ASW,CE,Federal Contract Tower,0,14,53,0,67,0,3,100,2,105,0,17,153,2,172,102,2,104,276
04/17/2018,SGR,TX,ASW,CE,Federal Contract Tower,0,20,49,2,71,0,3,84,0,87,0,23,133,2,158,70,0,70,228
04/18/2018,SGR,TX,ASW,CE,Federal Contract Tower,0,14,78,0,92,0,0,77,0,77,0,14,155,0,169,74,0,74,243
04/19/2018,SGR,TX,ASW,CE,Federal Contract Tower,0,30,71,0,101,0,2,71,0,73,0,32,142,0,174,94,0,94,268
04/20/2018,SGR,TX,ASW,CE,Federal Contract Tower,0,13,68,0,81,0,73,0,0,73,0,86,68,0,154,122,0,122,276
04/21/2018,SGR,TX,ASW,CE,Federal Contract Tower,0,8,23,0,31,0,2,21,0,23,0,10,44,0,54,70,0,70,124
04/22/2018,SGR,TX,ASW,CE,Federal Contract Tower,0,19,46,0,65,0,2,65,0,67,0,21,111,0,132,22,0,22,154
04/23/2018,SGR,TX,ASW,CE,Federal Contract Tower,0,20,56,0,76,0,4,72,0,76,0,24,128,0,152,96,0,96,248
04/24/2018,SGR,TX,ASW,CE,Federal Contract Tower,0,21,45,0,66,0,6,105,0,111,0,27,150,0,177,72,0,72,249
04/25/2018,SGR,TX,ASW,CE,Federal Contract Tower,0,16,67,0,83,0,2,55,0,57,0,18,122,0,140,40,0,40,180
04/26/2018,SGR,TX,ASW,CE,Federal Contract Tower,0,14,86,0,100,0,2,109,0,111,0,16,195,0,211,136,0,136,347
04/27/2018,SGR,TX,ASW,CE,Federal Contract Tower,0,11,65,0,76,0,6,66,0,72,0,17,131,0,148,34,0,34,182
04/28/2018,SGR,TX,ASW,CE,Federal Contract Tower,0,6,34,0,40,0,2,81,0,83,0,8,115,0,123,72,0,72,195
04/29/2018,SGR,TX,ASW,CE,Federal Contract Tower,0,19,35,0,54,0,5,107,0,112,0,24,142,0,166,76,0,76,242
04/30/2018,SGR,TX,ASW,CE,Federal Contract Tower,0,9,42,0,51,0,3,87,0,90,0,12,129,0,141,78,0,78,219
05/01/2018,SGR,TX,ASW,CE,Federal Contract Tower,0,9,73,0,82,0,8,27,0,35,0,17,100,0,117,46,0,46,163
05/02/2018,SGR,TX,ASW,CE,Federal Contract Tower,0,12,85,0,97,0,1,40,0,41,0,13,125,0,138,22,0,22,160
05/03/2018,SGR,TX,ASW,CE,Federal Contract Tower,0,13,75,0,88,0,3,61,0,64,0,16,136,0,152,128,0,128,280
05/04/2018,SGR,TX,ASW,CE,Federal Contract Tower,0,10,48,2,60,0,5,14,0,19,0,15,62,2,79,58,0,58,137
05/05/2018,SGR,TX,ASW,CE,Federal Contract Tower,0,4,34,0,38,0,6,75,0,81,0,10,109,0,119,112,0,112,231
05/06/2018,SGR,TX,ASW,CE,Federal Contract Tower,0,9,62,0,71,0,5,82,0,87,0,14,144,0,158,56,0,56,214
05/07/2018,SGR,TX,ASW,CE,Federal Contract Tower,0,15,45,0,60,0,3,81,0,84,0,18,126,0,144,34,0,34,178
05/08/2018,SGR,TX,ASW,CE,Federal Contract Tower,0,19,56,0,75,0,4,107,0,111,0,23,163,0,186,82,0,82,268
05/09/2018,SGR,TX,ASW,CE,Federal Contract Tower,0,23,91,0,114,0,6,85,0,91,0,29,176,0,205,88,0,88,293
05/10/2018,SGR,TX,ASW,CE,Federal Contract Tower,0,13,71,0,84,0,2,96,0,98,0,15,167,0,182,120,0,120,302
05/11/2018,SGR,TX,ASW,CE,Federal Contract Tower,0,13,61,0,74,0,2,70,0,72,0,15,131,0,146,110,0,110,256
05/13/2018,SGR,TX,ASW,CE,Federal Contract Tower,0,12,38,0,50,0,0,69,0,69,0,12,107,0,119,76,0,76,195
05/14/2018,SGR,TX,ASW,CE,Federal Contract Tower,0,29,54,0,83,0,2,52,0,54,0,31,106,0,137,62,0,62,199
05/15/2018,SGR,TX,ASW,CE,Federal Contract Tower,0,26,58,2,86,0,5,105,0,110,0,31,163,2,196,92,0,92,288
05/16/2018,SGR,TX,ASW,CE,Federal Contract Tower,0,18,69,0,87,0,4,88,0,92,0,22,157,0,179,92,0,92,271
05/17/2018,SGR,TX,ASW,CE,Federal Contract Tower,0,30,71,0,101,0,78,0,0,78,0,108,71,0,179,80,0,80,259
05/18/2018,SGR,TX,ASW,CE,Federal Contract Tower,0,11,63,0,74,0,1,77,0,78,0,12,140,0,152,60,0,60,212
05/19/2018,SGR,TX,ASW,CE,Federal Contract Tower,0,2,29,0,31,0,1,67,0,68,0,3,96,0,99,118,0,118,217
05/20/2018,SGR,TX,ASW,CE,Federal Contract Tower,0,19,41,0,60,0,1,58,0,59,0,20,99,0,119,86,0,86,205
05/21/2018,SGR,TX,ASW,CE,Federal Contract Tower,0,16,39,0,55,0,0,36,0,36,0,16,75,0,91,48,0,48,139
05/22/2018,SGR,TX,ASW,CE,Federal Contract Tower,0,28,46,2,76,0,2,34,0,36,0,30,80,2,112,40,0,40,152
05/23/2018,SGR,TX,ASW,CE,Federal Contract Tower,0,30,54,0,84,0,0,61,0,61,0,30,115,0,145,32,0,32,177
05/24/2018,SGR,TX,ASW,CE,Federal Contract Tower,0,26,62,0,88,0,0,82,0,82,0,26,144,0,170,72,0,72,242
05/25/2018,SGR,TX,ASW,CE,Federal Contract Tower,0,19,54,0,73,0,0,66,0,66,0,19,120,0,139,60,0,60,199
05/26/2018,SGR,TX,ASW,CE,Federal Contract Tower,0,6,25,0,31,0,3,62,0,65,0,9,87,0,96,82,0,82,178
05/27/2018,SGR,TX,ASW,CE,Federal Contract Tower,0,4,20,0,24,0,3,75,0,78,0,7,95,0,102,92,0,92,194
05/28/2018,SGR,TX,ASW,CE,Federal Contract Tower,0,7,29,0,36,0,0,53,0,53,0,7,82,0,89,50,0,50,139
05/29/2018,SGR,TX,ASW,CE,Federal Contract Tower,0,12,41,0,53,0,3,78,0,81,0,15,119,0,134,50,0,50,184
05/30/2018,SGR,TX,ASW,CE,Federal Contract Tower,0,28,64,0,92,0,3,73,0,76,0,31,137,0,168,16,16,32,200
05/31/2018,SGR,TX,ASW,CE,Federal Contract Tower,0,14,67,0,81,0,0,45,0,45,0,14,112,0,126,30,0,30,156
06/01/2018,SGR,TX,ASW,CE,Federal Contract Tower,0,18,67,0,85,0,1,68,0,69,0,19,135,0,154,32,0,32,186
06/02/2018,SGR,TX,ASW,CE,Federal Contract Tower,0,15,26,0,41,0,0,73,0,73,0,15,99,0,114,110,0,110,224
06/03/2018,SGR,TX,ASW,CE,Federal Contract Tower,0,7,36,0,43,0,2,52,0,54,0,9,88,0,97,76,0,76,173
06/04/2018,SGR,TX,ASW,CE,Federal Contract Tower,0,14,49,0,63,0,4,76,0,80,0,18,125,0,143,76,0,76,219
06/05/2018,SGR,TX,ASW,CE,Federal Contract Tower,0,18,43,0,61,0,1,72,0,73,0,19,115,0,134,84,0,84,218
06/06/2018,SGR,TX,ASW,CE,Federal Contract Tower,0,19,54,0,73,0,3,62,0,65,0,22,116,0,138,38,0,38,176
06/07/2018,SGR,TX,ASW,CE,Federal Contract Tower,0,18,52,0,70,0,1,82,0,83,0,19,134,0,153,86,0,86,239
06/09/2018,SGR,TX,ASW,CE,Federal Contract Tower,0,12,18,0,30,0,2,50,0,52,0,14,68,0,82,84,0,84,166
06/10/2018,SGR,TX,ASW,CE,Federal Contract Tower,0,17,43,0,60,0,2,51,0,53,0,19,94,0,113,36,0,36,149
06/11/2018,SGR,TX,ASW,CE,Federal Contract Tower,0,19,38,0,57,0,5,66,2,73,0,24,104,2,130,22,0,22,152
06/12/2018,SGR,TX,ASW,CE,Federal Contract Tower,0,16,62,0,78,0,4,66,0,70,0,20,128,0,148,58,0,58,206
06/13/2018,SGR,TX,ASW,CE,Federal Contract Tower,0,12,46,0,58,0,0,79,0,79,0,12,125,0,137,54,0,54,191
06/14/2018,SGR,TX,ASW,CE,Federal Contract Tower,0,26,52,0,78,0,15,80,0,95,0,41,132,0,173,94,0,94,267
06/15/2018,SGR,TX,ASW,CE,Federal Contract Tower,0,16,42,0,58,0,4,57,0,61,0,20,99,0,119,28,0,28,147
06/16/2018,SGR,TX,ASW,CE,Federal Contract Tower,0,9,23,0,32,0,0,48,0,48,0,9,71,0,80,86,0,86,166
06/17/2018,SGR,TX,ASW,CE,Federal Contract Tower,0,3,29,0,32,0,0,29,0,29,0,3,58,0,61,46,0,46,107
06/18/2018,SGR,TX,ASW,CE,Federal Contract Tower,0,10,30,0,40,0,0,7,0,7,0,10,37,0,47,6,2,8,55
06/19/2018,SGR,TX,ASW,CE,Federal Contract Tower,0,9,42,0,51,0,0,5,0,5,0,9,47,0,56,2,0,2,58
06/20/2018,SGR,TX,ASW,CE,Federal Contract Tower,0,13,28,0,41,0,0,8,0,8,0,13,36,0,49,24,0,24,73
06/22/2018,SGR,TX,ASW,CE,Federal Contract Tower,0,14,61,0,75,0,1,67,0,68,0,15,128,0,143,94,0,94,237
06/23/2018,SGR,TX,ASW,CE,Federal Contract Tower,0,12,30,0,42,0,2,70,2,74,0,14,100,2,116,122,0,122,238
06/24/2018,SGR,TX,ASW,CE,Federal Contract Tower,0,12,46,0,58,0,0,89,0,89,0,12,135,0,147,64,0,64,211
06/25/2018,SGR,TX,ASW,CE,Federal Contract Tower,0,14,58,0,72,0,7,50,0,57,0,21,108,0,129,48,0,48,177
06/26/2018,SGR,TX,ASW,CE,Federal Contract Tower,0,14,63,0,77,0,1,98,0,99,0,15,161,0,176,74,10,84,260
06/27/2018,SGR,TX,ASW,CE,Federal Contract Tower,0,16,76,0,92,0,1,81,0,82,0,17,157,0,174,72,0,72,246
06/28/2018,SGR,TX,ASW,CE,Federal Contract Tower,0,13,69,0,82,0,0,82,0,82,0,13,151,0,164,98,0,98,262
06/29/2018,SGR,TX,ASW,CE,Federal Contract Tower,0,19,41,0,60,0,4,78,0,82,0,23,119,0,142,72,0,72,214
06/30/2018,SGR,TX,ASW,CE,Federal Contract Tower,0,12,40,0,52,0,0,34,0,34,0,12,74,0,86,104,0,104,190
07/01/2018,SGR,TX,ASW,CE,Federal Contract Tower,0,13,31,0,44,0,3,63,0,66,0,16,94,0,110,80,0,80,190
07/02/2018,SGR,TX,ASW,CE,Federal Contract Tower,0,15,42,0,57,0,12,78,0,90,0,27,120,0,147,80,0,80,227
07/03/2018,SGR,TX,ASW,CE,Federal Contract Tower,0,12,51,4,67,0,9,87,5,101,0,21,138,9,168,44,0,44,212
07/04/2018,SGR,TX,ASW,CE,Federal Contract Tower,0,0,11,0,11,0,2,2,0,4,0,2,13,0,15,16,0,16,31
07/05/2018,SGR,TX,ASW,CE,Federal Contract Tower,0,5,53,0,58,0,3,60,0,63,0,8,113,0,121,72,0,72,193
07/06/2018,SGR,TX,ASW,CE,Federal Contract Tower,0,12,34,0,46,0,4,65,0,69,0,16,99,0,115,104,0,104,219
07/07/2018,SGR,TX,ASW,CE,Federal Contract Tower,0,9,31,0,40,0,0,56,0,56,0,9,87,0,96,66,0,66,162
07/08/2018,SGR,TX,ASW,CE,Federal Contract Tower,0,12,35,0,47,0,2,31,0,33,0,14,66,0,80,44,0,44,124
07/09/2018,SGR,TX,ASW,CE,Federal Contract Tower,0,15,49,0,64,0,4,48,0,52,0,19,97,0,116,60,0,60,176
07/10/2018,SGR,TX,ASW,CE,Federal Contract Tower,0,18,46,0,64,0,0,76,0,76,0,18,122,0,140,72,0,72,212
07/11/2018,SGR,TX,ASW,CE,Federal Contract Tower,0,13,56,0,69,0,6,83,0,89,0,19,139,0,158,80,0,80,238
07/12/2018,SGR,TX,ASW,CE,Federal Contract Tower,0,24,60,0,84,0,0,92,2,94,0,24,152,2,178,64,0,64,242
07/13/2018,SGR,TX,ASW,CE,Federal Contract Tower,0,19,37,0,56,0,0,93,0,93,0,19,130,0,149,120,0,120,269
07/14/2018,SGR,TX,ASW,CE,Federal Contract Tower,0,9,27,0,36,0,0,75,0,75,0,9,102,0,111,108,0,108,219
07/15/2018,SGR,TX,ASW,CE,Federal Contract Tower,0,7,39,0,46,0,6,45,0,51,0,13,84,0,97,40,0,40,137
07/16/2018,SGR,TX,ASW,CE,Federal Contract Tower,0,16,44,0,60,0,0,83,1,84,0,16,127,1,144,60,0,60,204
07/17/2018,SGR,TX,ASW,CE,Federal Contract Tower,0,11,53,0,64,0,0,78,0,78,0,11,131,0,142,70,0,70,212
07/18/2018,SGR,TX,ASW,CE,Federal Contract Tower,0,12,39,0,51,0,4,69,0,73,0,16,108,0,124,66,0,66,190
07/19/2018,SGR,TX,ASW,CE,Federal Contract Tower,0,20,53,0,73,0,2,92,0,94,0,22,145,0,167,46,0,46,213
07/20/2018,SGR,TX,ASW,CE,Federal Contract Tower,0,29,49,0,78,0,2,90,0,92,0,31,139,0,170,46,0,46,216
07/21/2018,SGR,TX,ASW,CE,Federal Contract Tower,0,7,26,0,33,0,3,78,0,81,0,10,104,0,114,38,0,38,152
07/22/2018,SGR,TX,ASW,CE,Federal Contract Tower,0,14,29,0,43,0,0,75,0,75,0,14,104,0,118,86,0,86,204
07/23/2018,SGR,TX,ASW,CE,Federal Contract Tower,0,20,48,0,68,0,4,69,1,74,0,24,117,1,142,48,0,48,190
07/24/2018,SGR,TX,ASW,CE,Federal Contract Tower,0,17,59,0,76,0,10,57,0,67,0,27,116,0,143,56,0,56,199
07/25/2018,SGR,TX,ASW,CE,Federal Contract Tower,0,24,60,0,84,0,0,72,0,72,0,24,132,0,156,82,0,82,238
07/26/2018,SGR,TX,ASW,CE,Federal Contract Tower,0,8,67,0,75,0,0,108,0,108,0,8,175,0,183,52,0,52,235
07/27/2018,SGR,TX,ASW,CE,Federal Contract Tower,0,25,53,0,78,0,0,65,0,65,0,25,118,0,143,70,0,70,213
07/28/2018,SGR,TX,ASW,CE,Federal Contract Tower,0,9,39,0,48,0,0,72,0,72,0,9,111,0,120,50,0,50,170
07/29/2018,SGR,TX,ASW,CE,Federal Contract Tower,0,10,37,0,47,0,0,79,0,79,0,10,116,0,126,62,0,62,188
07/30/2018,SGR,TX,ASW,CE,Federal Contract Tower,0,15,37,0,52,0,6,66,0,72,0,21,103,0,124,44,0,44,168
07/31/2018,SGR,TX,ASW,CE,Federal Contract Tower,0,16,52,0,68,0,4,33,0,37,0,20,85,0,105,28,0,28,133
08/01/2018,SGR,TX,ASW,CE,Federal Contract Tower,0,13,57,0,70,0,1,96,0,97,0,14,153,0,167,108,0,108,275
08/02/2018,SGR,TX,ASW,CE,Federal Contract Tower,0,13,45,0,58,0,2,80,2,84,0,15,125,2,142,82,0,82,224
08/03/2018,SGR,TX,ASW,CE,Federal Contract Tower,0,14,28,2,44,0,4,65,0,69,0,18,93,2,113,52,0,52,165
08/04/2018,SGR,TX,ASW,CE,Federal Contract Tower,0,5,31,0,36,0,2,34,0,36,0,7,65,0,72,66,0,66,138
08/05/2018,SGR,TX,ASW,CE,Federal Contract Tower,0,9,41,0,50,0,1,58,0,59,0,10,99,0,109,32,0,32,141
08/06/2018,SGR,TX,ASW,CE,Federal Contract Tower,0,15,43,0,58,0,3,57,0,60,0,18,100,0,118,44,0,44,162
08/07/2018,SGR,TX,ASW,CE,Federal Contract Tower,0,17,63,0,80,0,5,49,0,54,0,22,112,0,134,42,0,42,176
08/08/2018,SGR,TX,ASW,CE,Federal Contract Tower,0,9,43,0,52,0,10,62,0,72,0,19,105,0,124,56,0,56,180
08/09/2018,SGR,TX,ASW,CE,Federal Contract Tower,0,15,71,0,86,0,0,86,0,86,0,15,157,0,172,62,0,62,234
08/10/2018,SGR,TX,ASW,CE,Federal Contract Tower,0,6,29,0,35,0,0,70,0,70,0,6,99,0,105,36,0,36,141
08/11/2018,SGR,TX,ASW,CE,Federal Contract Tower,0,9,19,0,28,0,0,33,0,33,0,9,52,0,61,72,0,72,133
08/12/2018,SGR,TX,ASW,CE,Federal Contract Tower,0,4,30,0,34,0,9,40,0,49,0,13,70,0,83,68,0,68,151
08/13/2018,SGR,TX,ASW,CE,Federal Contract Tower,0,8,49,0,57,0,9,77,0,86,0,17,126,0,143,74,0,74,217
08/14/2018,SGR,TX,ASW,CE,Federal Contract Tower,0,19,49,0,68,0,9,94,0,103,0,28,143,0,171,68,0,68,239
08/15/2018,SGR,TX,ASW,CE,Federal Contract Tower,0,22,70,0,92,0,4,92,0,96,0,26,162,0,188,76,0,76,264
08/16/2018,SGR,TX,ASW,CE,Federal Contract Tower,0,12,76,2,90,0,0,69,0,69,0,12,145,2,159,44,0,44,203
08/17/2018,SGR,TX,ASW,CE,Federal Contract Tower,0,11,26,3,40,0,2,69,6,77,0,13,95,9,117,44,0,44,161
08/18/2018,SGR,TX,ASW,CE,Federal Contract Tower,0,5,17,0,22,0,3,80,0,83,0,8,97,0,105,100,0,100,205
08/19/2018,SGR,TX,ASW,CE,Federal Contract Tower,0,18,43,0,61,0,0,75,0,75,0,18,118,0,136,48,0,48,184
08/20/2018,SGR,TX,ASW,CE,Federal Contract Tower,0,15,36,0,51,0,4,42,0,46,0,19,78,0,97,34,0,34,131
08/21/2018,SGR,TX,ASW,CE,Federal Contract Tower,0,23,61,2,86,0,4,58,0,62,0,27,119,2,148,42,0,42,190
08/23/2018,SGR,TX,ASW,CE,Federal Contract Tower,0,24,71,0,95,0,0,79,0,79,0,24,150,0,174,50,0,50,224
08/24/2018,SGR,TX,ASW,CE,Federal Contract Tower,0,10,37,0,47,0,1,87,0,88,0,11,124,0,135,98,0,98,233
08/25/2018,SGR,TX,ASW,CE,Federal Contract Tower,0,6,31,0,37,0,10,108,0,118,0,16,139,0,155,82,0,82,237
08/26/2018,SGR,TX,ASW,CE,Federal Contract Tower,0,18,36,0,54,0,4,53,0,57,0,22,89,0,111,48,0,48,159
08/29/2018,SGR,TX,ASW,CE,Federal Contract Tower,0,23,66,0,89,0,0,56,0,56,0,23,122,0,145,32,0,32,177
08/30/2018,SGR,TX,ASW,CE,Federal Contract Tower,0,28,65,0,93,0,8,97,1,106,0,36,162,1,199,118,0,118,317
08/31/2018,SGR,TX,ASW,CE,Federal Contract Tower,0,10,44,0,54,0,0,89,0,89,0,10,133,0,143,82,0,82,225
09/01/2018,SGR,TX,ASW,CE,Federal Contract Tower,0,4,32,0,36,0,0,64,0,64,0,4,96,0,100,118,0,118,218
09/02/2018,SGR,TX,ASW,CE,Federal Contract Tower,0,12,23,0,35,0,1,10,0,11,0,13,33,0,46,22,0,22,68
09/03/2018,SGR,TX,ASW,CE,Federal Contract Tower,0,31,40,0,71,0,0,21,0,21,0,31,61,0,92,6,0,6,98
09/04/2018,SGR,TX,ASW,CE,Federal Contract Tower,0,24,52,0,76,0,5,46,0,51,0,29,98,0,127,42,0,42,169
09/05/2018,SGR,TX,ASW,CE,Federal Contract Tower,0,33,63,0,96,0,0,54,0,54,0,33,117,0,150,30,2,32,182
09/06/2018,SGR,TX,ASW,CE,Federal Contract Tower,0,22,62,0,84,0,1,65,1,67,0,23,127,1,151,90,0,90,241
09/07/2018,SGR,TX,ASW,CE,Federal Contract Tower,0,14,51,0,65,0,3,102,2,107,0,17,153,2,172,128,0,128,300
09/08/2018,SGR,TX,ASW,CE,Federal Contract Tower,0,6,27,0,33,0,2,67,0,69,0,8,94,0,102,86,0,86,188
09/09/2018,SGR,TX,ASW,CE,Federal Contract Tower,0,8,42,0,50,0,2,43,0,45,0,10,85,0,95,92,0,92,187
09/10/2018,SGR,TX,ASW,CE,Federal Contract Tower,0,11,50,2,63,0,0,23,0,23,0,11,73,2,86,4,0,4,90
09/11/2018,SGR,TX,ASW,CE,Federal Contract Tower,0,26,63,0,89,0,2,5,0,7,0,28,68,0,96,2,0,2,98
09/12/2018,SGR,TX,ASW,CE,Federal Contract Tower,0,25,56,0,81,0,0,42,0,42,0,25,98,0,123,68,0,68,191
09/13/2018,SGR,TX,ASW,CE,Federal Contract Tower,0,13,52,2,67,0,0,58,0,58,0,13,110,2,125,18,0,18,143
09/14/2018,SGR,TX,ASW,CE,Federal Contract Tower,0,12,47,0,59,0,0,5,0,5,0,12,52,0,64,0,0,0,64
09/15/2018,SGR,TX,ASW,CE,Federal Contract Tower,0,9,35,0,44,0,0,29,0,29,0,9,64,0,73,46,0,46,119
09/16/2018,SGR,TX,ASW,CE,Federal Contract Tower,0,16,40,0,56,0,2,72,0,74,0,18,112,0,130,102,0,102,232
09/17/2018,SGR,TX,ASW,CE,Federal Contract Tower,0,21,55,0,76,0,3,84,0,87,0,24,139,0,163,134,0,134,297
09/18/2018,SGR,TX,ASW,CE,Federal Contract Tower,0,23,47,3,73,0,2,90,0,92,0,25,137,3,165,70,0,70,235
09/19/2018,SGR,TX,ASW,CE,Federal Contract Tower,0,16,51,0,67,0,25,79,0,104,0,41,130,0,171,52,0,52,223
09/20/2018,SGR,TX,ASW,CE,Federal Contract Tower,0,24,65,0,89,0,4,67,0,71,0,28,132,0,160,76,0,76,236
09/21/2018,SGR,TX,ASW,CE,Federal Contract Tower,0,15,51,0,66,0,2,66,0,68,0,17,117,0,134,108,0,108,242
09/22/2018,SGR,TX,ASW,CE,Federal Contract Tower,0,9,25,0,34,0,1,25,0,26,0,10,50,0,60,50,0,50,110
09/23/2018,SGR,TX,ASW,CE,Federal Contract Tower,0,19,48,0,67,0,0,79,0,79,0,19,127,0,146,96,0,96,242
09/24/2018,SGR,TX,ASW,CE,Federal Contract Tower,0,8,65,0,73,0,2,79,0,81,0,10,144,0,154,110,0,110,264
09/25/2018,SGR,TX,ASW,CE,Federal Contract Tower,0,13,83,0,96,0,1,60,0,61,0,14,143,0,157,92,0,92,249
09/26/2018,SGR,TX,ASW,CE,Federal Contract Tower,0,17,59,0,76,0,0,37,0,37,0,17,96,0,113,66,0,66,179
09/27/2018,SGR,TX,ASW,CE,Federal Contract Tower,0,18,73,0,91,0,0,30,0,30,0,18,103,0,121,26,0,26,147
09/28/2018,SGR,TX,ASW,CE,Federal Contract Tower,0,17,63,0,80,0,4,31,0,35,0,21,94,0,115,24,0,24,139
09/29/2018,SGR,TX,ASW,CE,Federal Contract Tower,0,15,37,0,52,0,0,35,0,35,0,15,72,0,87,56,0,56,143
09/30/2018,SGR,TX,ASW,CE,Federal Contract Tower,0,20,55,0,75,0,0,55,0,55,0,20,110,0,130,60,0,60,190
10/01/2018,SGR,TX,ASW,CE,Federal Contract Tower,0,20,59,0,79,0,5,59,2,66,0,25,118,2,145,86,2,88,233
10/02/2018,SGR,TX,ASW,CE,Federal Contract Tower,0,12,60,0,72,0,0,34,0,34,0,12,94,0,106,38,0,38,144
10/03/2018,SGR,TX,ASW,CE,Federal Contract Tower,0,24,66,0,90,0,0,57,0,57,0,24,123,0,147,108,0,108,255
10/04/2018,SGR,TX,ASW,CE,Federal Contract Tower,0,37,71,0,108,0,0,89,0,89,0,37,160,0,197,90,0,90,287
10/05/2018,SGR,TX,ASW,CE,Federal Contract Tower,0,18,57,0,75,0,0,96,0,96,0,18,153,0,171,100,0,100,271
10/06/2018,SGR,TX,ASW,CE,Federal Contract Tower,0,9,29,0,38,0,0,80,0,80,0,9,109,0,118,156,0,156,274
10/07/2018,SGR,TX,ASW,CE,Federal Contract Tower,0,21,40,0,61,0,0,60,0,60,0,21,100,0,121,64,8,72,193
10/08/2018,SGR,TX,ASW,CE,Federal Contract Tower,0,16,61,0,77,0,10,76,0,86,0,26,137,0,163,52,0,52,215
10/09/2018,SGR,TX,ASW,CE,Federal Contract Tower,0,17,49,0,66,0,5,65,0,70,0,22,114,0,136,64,0,64,200
10/10/2018,SGR,TX,ASW,CE,Federal Contract Tower,0,13,65,0,78,0,0,108,0,108,0,13,173,0,186,104,0,104,290
10/11/2018,SGR,TX,ASW,CE,Federal Contract Tower,0,26,87,0,113,0,5,97,1,103,0,31,184,1,216,140,0,140,356
10/12/2018,SGR,TX,ASW,CE,Federal Contract Tower,0,17,51,0,68,0,0,92,4,96,0,17,143,4,164,130,0,130,294
10/13/2018,SGR,TX,ASW,CE,Federal Contract Tower,0,5,38,0,43,0,2,73,0,75,0,7,111,0,118,102,0,102,220
10/14/2018,SGR,TX,ASW,CE,Federal Contract Tower,0,14,56,0,70,0,3,89,0,92,0,17,145,0,162,100,0,100,262
10/15/2018,SGR,TX,ASW,CE,Federal Contract Tower,0,21,37,0,58,0,3,0,0,3,0,24,37,0,61,0,0,0,61
10/16/2018,SGR,TX,ASW,CE,Federal Contract Tower,0,12,75,0,87,0,0,2,0,2,0,12,77,0,89,0,0,0,89
10/17/2018,SGR,TX,ASW,CE,Federal Contract Tower,0,13,70,0,83,0,0,2,0,2,0,13,72,0,85,0,0,0,85
10/18/2018,SGR,TX,ASW,CE,Federal Contract Tower,0,15,61,0,76,0,0,23,0,23,0,15,84,0,99,40,0,40,139
10/19/2018,SGR,TX,ASW,CE,Federal Contract Tower,0,20,61,0,81,0,2,37,0,39,0,22,98,0,120,86,0,86,206
10/20/2018,SGR,TX,ASW,CE,Federal Contract Tower,0,8,40,4,52,0,2,6,0,8,0,10,46,4,60,4,2,6,66
10/21/2018,SGR,TX,ASW,CE,Federal Contract Tower,0,8,51,0,59,0,2,99,0,101,0,10,150,0,160,66,0,66,226
10/22/2018,SGR,TX,ASW,CE,Federal Contract Tower,0,15,67,0,82,0,2,48,0,50,0,17,115,0,132,80,0,80,212
10/23/2018,SGR,TX,ASW,CE,Federal Contract Tower,0,19,74,2,95,0,0,28,0,28,0,19,102,2,123,52,0,52,175
10/24/2018,SGR,TX,ASW,CE,Federal Contract Tower,0,19,58,0,77,0,0,2,0,2,0,19,60,0,79,4,0,4,83
10/25/2018,SGR,TX,ASW,CE,Federal Contract Tower,0,30,66,0,96,0,2,49,0,51,0,32,115,0,147,108,0,108,255
10/26/2018,SGR,TX,ASW,CE,Federal Contract Tower,0,27,65,0,92,0,5,85,0,90,0,32,150,0,182,138,0,138,320
10/27/2018,SGR,TX,ASW,CE,Federal Contract Tower,0,7,28,0,35,0,5,107,2,114,0,12,135,2,149,88,0,88,237
10/28/2018,SGR,TX,ASW,CE,Federal Contract Tower,0,14,33,0,47,0,0,98,0,98,0,14,131,0,145,106,0,106,251
10/29/2018,SGR,TX,ASW,CE,Federal Contract Tower,0,13,53,0,66,0,6,70,0,76,0,19,123,0,142,102,0,102,244
10/30/2018,SGR,TX,ASW,CE,Federal Contract Tower,0,15,78,2,95,0,0,89,0,89,0,15,167,2,184,112,0,112,296
10/31/2018,SGR,TX,ASW,CE,Federal Contract Tower,0,12,30,0,42,0,2,11,0,13,0,14,41,0,55,0,0,0,55
11/01/2018,SGR,TX,ASW,CE,Federal Contract Tower,0,32,82,0,114,0,9,87,0,96,0,41,169,0,210,112,0,112,322
11/02/2018,SGR,TX,ASW,CE,Federal Contract Tower,0,16,69,0,85,0,112,0,0,112,0,128,69,0,197,134,0,134,331
11/04/2018,SGR,TX,ASW,CE,Federal Contract Tower,0,20,58,0,78,0,0,71,0,71,0,20,129,0,149,38,0,38,187
11/05/2018,SGR,TX,ASW,CE,Federal Contract Tower,0,20,73,0,93,0,2,43,0,45,0,22,116,0,138,22,2,24,162
11/06/2018,SGR,TX,ASW,CE,Federal Contract Tower,0,9,109,0,118,0,6,63,6,75,0,15,172,6,193,36,0,36,229
11/07/2018,SGR,TX,ASW,CE,Federal Contract Tower,0,20,86,0,106,0,4,38,0,42,0,24,124,0,148,24,0,24,172
11/08/2018,SGR,TX,ASW,CE,Federal Contract Tower,0,18,75,0,93,0,0,0,0,0,0,18,75,0,93,0,0,0,93
11/09/2018,SGR,TX,ASW,CE,Federal Contract Tower,0,19,64,0,83,0,0,10,0,10,0,19,74,0,93,26,0,26,119
11/10/2018,SGR,TX,ASW,CE,Federal Contract Tower,0,9,45,0,54,0,4,81,0,85,0,13,126,0,139,122,0,122,261
11/11/2018,SGR,TX,ASW,CE,Federal Contract Tower,0,22,58,0,80,0,1,14,0,15,0,23,72,0,95,12,0,12,107
11/12/2018,SGR,TX,ASW,CE,Federal Contract Tower,0,23,69,0,92,0,3,3,0,6,0,26,72,0,98,4,0,4,102
11/13/2018,SGR,TX,ASW,CE,Federal Contract Tower,0,21,69,0,90,0,4,47,0,51,0,25,116,0,141,38,0,38,179
11/14/2018,SGR,TX,ASW,CE,Federal Contract Tower,0,14,96,0,110,0,0,100,0,100,0,14,196,0,210,70,0,70,280
11/15/2018,SGR,TX,ASW,CE,Federal Contract Tower,0,20,61,0,81,0,0,131,0,131,0,20,192,0,212,140,0,140,352
11/16/2018,SGR,TX,ASW,CE,Federal Contract Tower,0,34,100,0,134,0,7,122,0,129,0,41,222,0,263,102,0,102,365
11/17/2018,SGR,TX,ASW,CE,Federal Contract Tower,0,13,46,0,59,0,0,124,0,124,0,13,170,0,183,132,0,132,315
11/18/2018,SGR,TX,ASW,CE,Federal Contract Tower,0,13,50,0,63,0,0,20,0,20,0,13,70,0,83,26,0,26,109
11/19/2018,SGR,TX,ASW,CE,Federal Contract Tower,0,16,59,0,75,0,0,0,0,0,0,16,59,0,75,0,0,0,75
11/20/2018,SGR,TX,ASW,CE,Federal Contract Tower,0,24,61,0,85,0,3,102,0,105,0,27,163,0,190,142,0,142,332
11/21/2018,SGR,TX,ASW,CE,Federal Contract Tower,0,23,61,0,84,0,4,71,0,75,0,27,132,0,159,108,0,108,267
11/22/2018,SGR,TX,ASW,CE,Federal Contract Tower,0,6,13,0,19,0,0,16,0,16,0,6,29,0,35,0,0,0,35
11/23/2018,SGR,TX,ASW,CE,Federal Contract Tower,0,11,36,0,47,0,0,55,0,55,0,11,91,0,102,96,0,96,198
11/24/2018,SGR,TX,ASW,CE,Federal Contract Tower,0,23,46,0,69,0,3,116,0,119,0,26,162,0,188,128,0,128,316
11/25/2018,SGR,TX,ASW,CE,Federal Contract Tower,0,24,83,2,109,0,3,51,0,54,0,27,134,2,163,42,0,42,205
11/26/2018,SGR,TX,ASW,CE,Federal Contract Tower,0,10,67,0,77,0,5,75,0,80,0,15,142,0,157,136,0,136,293
11/27/2018,SGR,TX,ASW,CE,Federal Contract Tower,0,20,68,0,88,0,1,99,1,101,0,21,167,1,189,62,0,62,251
11/28/2018,SGR,TX,ASW,CE,Federal Contract Tower,0,20,69,0,89,0,0,89,0,89,0,20,158,0,178,90,0,90,268
11/29/2018,SGR,TX,ASW,CE,Federal Contract Tower,0,18,88,3,109,0,1,29,3,33,0,19,117,6,142,22,0,22,164
11/30/2018,SGR,TX,ASW,CE,Federal Contract Tower,0,13,47,0,60,0,1,54,0,55,0,14,101,0,115,42,0,42,157
12/01/2018,SGR,TX,ASW,CE,Federal Contract Tower,0,10,44,0,54,0,3,86,0,89,0,13,130,0,143,60,0,60,203
12/02/2018,SGR,TX,ASW,CE,Federal Contract Tower,0,15,56,0,71,0,0,89,0,89,0,15,145,0,160,138,0,138,298
12/03/2018,SGR,TX,ASW,CE,Federal Contract Tower,0,12,51,0,63,0,10,75,2,87,0,22,126,2,150,84,2,86,236
12/04/2018,SGR,TX,ASW,CE,Federal Contract Tower,0,20,77,0,97,0,5,103,0,108,0,25,180,0,205,52,0,52,257
12/05/2018,SGR,TX,ASW,CE,Federal Contract Tower,0,22,67,0,89,0,0,87,0,87,0,22,154,0,176,126,0,126,302
12/06/2018,SGR,TX,ASW,CE,Federal Contract Tower,0,24,59,0,83,0,4,62,2,68,0,28,121,2,151,54,2,56,207
12/07/2018,SGR,TX,ASW,CE,Federal Contract Tower,0,24,44,0,68,0,1,31,0,32,0,25,75,0,100,72,0,72,172
12/08/2018,SGR,TX,ASW,CE,Federal Contract Tower,0,9,37,0,46,0,0,2,0,2,0,9,39,0,48,0,0,0,48
12/09/2018,SGR,TX,ASW,CE,Federal Contract Tower,0,15,44,0,59,0,1,39,0,40,0,16,83,0,99,68,0,68,167
12/10/2018,SGR,TX,ASW,CE,Federal Contract Tower,0,16,50,0,66,0,1,99,0,100,0,17,149,0,166,88,0,88,254
12/11/2018,SGR,TX,ASW,CE,Federal Contract Tower,0,20,55,0,75,0,2,87,0,89,0,22,142,0,164,76,0,76,240
12/12/2018,SGR,TX,ASW,CE,Federal Contract Tower,0,19,55,0,74,0,0,65,0,65,0,19,120,0,139,140,0,140,279
12/13/2018,SGR,TX,ASW,CE,Federal Contract Tower,0,16,55,2,73,0,0,47,0,47,0,16,102,2,120,26,0,26,146
12/14/2018,SGR,TX,ASW,CE,Federal Contract Tower,0,9,48,4,61,0,1,14,2,17,0,10,62,6,78,8,0,8,86
12/15/2018,SGR,TX,ASW,CE,Federal Contract Tower,0,10,59,0,69,0,0,112,0,112,0,10,171,0,181,62,0,62,243
12/16/2018,SGR,TX,ASW,CE,Federal Contract Tower,0,13,45,0,58,0,2,102,0,104,0,15,147,0,162,98,0,98,260
12/17/2018,SGR,TX,ASW,CE,Federal Contract Tower,0,19,52,0,71,0,1,100,0,101,0,20,152,0,172,112,0,112,284
12/18/2018,SGR,TX,ASW,CE,Federal Contract Tower,0,16,71,2,89,0,0,16,0,16,0,16,87,2,105,18,0,18,123
12/19/2018,SGR,TX,ASW,CE,Federal Contract Tower,0,18,61,0,79,0,0,5,0,5,0,18,66,0,84,0,6,6,90
12/20/2018,SGR,TX,ASW,CE,Federal Contract Tower,0,11,39,0,50,0,2,44,0,46,0,13,83,0,96,38,0,38,134
12/21/2018,SGR,TX,ASW,CE,Federal Contract Tower,0,22,46,0,68,0,1,96,0,97,0,23,142,0,165,120,0,120,285
12/22/2018,SGR,TX,ASW,CE,Federal Contract Tower,0,29,24,0,53,0,0,93,0,93,0,29,117,0,146,56,0,56,202
12/23/2018,SGR,TX,ASW,CE,Federal Contract Tower,0,14,34,0,48,0,0,81,0,81,0,14,115,0,129,66,0,66,195
12/24/2018,SGR,TX,ASW,CE,Federal Contract Tower,0,4,12,0,16,0,2,42,0,44,0,6,54,0,60,66,0,66,126
12/25/2018,SGR,TX,ASW,CE,Federal Contract Tower,0,11,11,0,22,0,0,7,0,7,0,11,18,0,29,0,0,0,29
12/26/2018,SGR,TX,ASW,CE,Federal Contract Tower,0,24,45,0,69,0,0,2,0,2,0,24,47,0,71,0,0,0,71
12/28/2018,SGR,TX,ASW,CE,Federal Contract Tower,0,18,57,0,75,0,0,124,0,124,0,18,181,0,199,112,0,112,311
12/29/2018,SGR,TX,ASW,CE,Federal Contract Tower,0,14,25,0,39,0,2,57,0,59,0,16,82,0,98,166,0,166,264
12/30/2018,SGR,TX,ASW,CE,Federal Contract Tower,0,8,25,0,33,0,0,0,0,0,0,8,25,0,33,0,0,0,33
12/31/2018,SGR,TX,ASW,CE,Federal Contract Tower,0,12,28,0,40,0,7,61,0,68,0,19,89,0,108,120,0,120,228
01/01/2019,SGR,TX,ASW,CE,Federal Contract Tower,0,9,34,0,43,0,4,31,0,35,0,13,65,0,78,32,0,32,110
01/02/2019,SGR,TX,ASW,CE,Federal Contract Tower,0,12,40,0,52,0,2,0,0,2,0,14,40,0,54,0,0,0,54
01/03/2019,SGR,TX,ASW,CE,Federal Contract Tower,0,19,39,0,58,0,0,5,0,5,0,19,44,0,63,0,0,0,63
01/04/2019,SGR,TX,ASW,CE,Federal Contract Tower,0,16,60,0,76,0,0,120,0,120,0,16,180,0,196,146,0,146,342
01/05/2019,SGR,TX,ASW,CE,Federal Contract Tower,0,13,29,0,42,0,4,95,0,99,0,17,124,0,141,182,0,182,323
01/06/2019,SGR,TX,ASW,CE,Federal Contract Tower,0,22,40,0,62,0,0,96,0,96,0,22,136,0,158,118,0,118,276
01/07/2019,SGR,TX,ASW,CE,Federal Contract Tower,0,10,60,0,70,0,2,76,2,80,0,12,136,2,150,96,2,98,248
01/08/2019,SGR,TX,ASW,CE,Federal Contract Tower,0,10,76,0,86,0,10,83,1,94,0,20,159,1,180,102,0,102,282
01/09/2019,SGR,TX,ASW,CE,Federal Contract Tower,0,17,70,0,87,0,0,102,0,102,0,17,172,0,189,100,0,100,289
01/10/2019,SGR,TX,ASW,CE,Federal Contract Tower,0,6,73,0,79,0,0,102,0,102,0,6,175,0,181,100,0,100,281
01/11/2019,SGR,TX,ASW,CE,Federal Contract Tower,0,16,58,2,76,0,1,78,0,79,0,17,136,2,155,64,0,64,219
01/12/2019,SGR,TX,ASW,CE,Federal Contract Tower,0,5,33,0,38,0,0,66,0,66,0,5,99,0,104,96,0,96,200
01/13/2019,SGR,TX,ASW,CE,Federal Contract Tower,0,13,46,0,59,0,4,93,0,97,0,17,139,0,156,92,0,92,248
01/14/2019,SGR,TX,ASW,CE,Federal Contract Tower,0,9,81,0,90,0,3,78,0,81,0,12,159,0,171,94,0,94,265
01/15/2019,SGR,TX,ASW,CE,Federal Contract Tower,0,3,77,2,82,0,5,80,2,87,0,8,157,4,169,128,0,128,297
01/16/2019,SGR,TX,ASW,CE,Federal Contract Tower,0,15,86,0,101,0,0,13,0,13,0,15,99,0,114,6,0,6,120
01/17/2019,SGR,TX,ASW,CE,Federal Contract Tower,0,17,70,1,88,0,3,62,1,66,0,20,132,2,154,52,0,52,206
01/18/2019,SGR,TX,ASW,CE,Federal Contract Tower,0,11,59,0,70,0,3,0,0,3,0,14,59,0,73,0,0,0,73
01/19/2019,SGR,TX,ASW,CE,Federal Contract Tower,0,1,21,0,22,0,0,13,0,13,0,1,34,0,35,20,0,20,55
01/20/2019,SGR,TX,ASW,CE,Federal Contract Tower,0,12,61,0,73,0,1,109,0,110,0,13,170,0,183,90,0,90,273
01/21/2019,SGR,TX,ASW,CE,Federal Contract Tower,0,14,51,0,65,0,2,75,0,77,0,16,126,0,142,96,0,96,238
01/22/2019,SGR,TX,ASW,CE,Federal Contract Tower,0,11,48,0,59,0,4,13,0,17,0,15,61,0,76,20,0,20,96
01/23/2019,SGR,TX,ASW,CE,Federal Contract Tower,0,26,51,0,77,0,0,43,0,43,0,26,94,0,120,44,0,44,164
01/24/2019,SGR,TX,ASW,CE,Federal Contract Tower,0,19,69,0,88,0,0,104,0,104,0,19,173,0,192,134,0,134,326
01/25/2019,SGR,TX,ASW,CE,Federal Contract Tower,0,11,43,1,55,0,1,97,0,98,0,12,140,1,153,88,0,88,241
01/26/2019,SGR,TX,ASW,CE,Federal Contract Tower,0,9,12,0,21,0,6,57,0,63,0,15,69,0,84,74,0,74,158
01/27/2019,SGR,TX,ASW,CE,Federal Contract Tower,0,10,68,0,78,0,3,106,0,109,0,13,174,0,187,156,0,156,343
01/28/2019,SGR,TX,ASW,CE,Federal Contract Tower,0,13,52,0,65,0,2,84,0,86,0,15,136,0,151,102,0,102,253
01/29/2019,SGR,TX,ASW,CE,Federal Contract Tower,0,12,58,1,71,0,1,77,0,78,0,13,135,1,149,76,0,76,225
01/30/2019,SGR,TX,ASW,CE,Federal Contract Tower,0,18,52,0,70,0,3,88,0,91,0,21,140,0,161,88,0,88,249
01/31/2019,SGR,TX,ASW,CE,Federal Contract Tower,0,18,72,0,90,0,0,16,1,17,0,18,88,1,107,18,0,18,125
02/01/2019,SGR,TX,ASW,CE,Federal Contract Tower,0,25,46,0,71,0,1,6,0,7,0,26,52,0,78,18,0,18,96
02/02/2019,SGR,TX,ASW,CE,Federal Contract Tower,0,11,37,0,48,0,0,4,0,4,0,11,41,0,52,0,0,0,52
02/03/2019,SGR,TX,ASW,CE,Federal Contract Tower,0,13,40,0,53,0,0,2,0,2,0,13,42,0,55,0,0,0,55
02/04/2019,SGR,TX,ASW,CE,Federal Contract Tower,0,12,50,0,62,0,8,18,0,26,0,20,68,0,88,42,0,42,130
02/05/2019,SGR,TX,ASW,CE,Federal Contract Tower,0,15,58,2,75,0,0,29,0,29,0,15,87,2,104,52,0,52,156
02/06/2019,SGR,TX,ASW,CE,Federal Contract Tower,0,19,87,0,106,0,6,42,0,48,0,25,129,0,154,62,0,62,216
02/07/2019,SGR,TX,ASW,CE,Federal Contract Tower,0,12,65,0,77,0,3,42,0,45,0,15,107,0,122,40,0,40,162
02/08/2019,SGR,TX,ASW,CE,Federal Contract Tower,0,17,65,0,82,0,0,74,0,74,0,17,139,0,156,82,0,82,238
02/09/2019,SGR,TX,ASW,CE,Federal Contract Tower,0,3,22,0,25,0,2,58,0,60,0,5,80,0,85,122,4,126,211
02/10/2019,SGR,TX,ASW,CE,Federal Contract Tower,0,18,45,0,63,0,0,4,0,4,0,18,49,0,67,0,0,0,67
02/11/2019,SGR,TX,ASW,CE,Federal Contract Tower,0,20,54,0,74,0,4,28,0,32,0,24,82,0,106,58,0,58,164
02/12/2019,SGR,TX,ASW,CE,Federal Contract Tower,0,19,90,0,109,0,6,112,0,118,0,25,202,0,227,88,0,88,315
02/13/2019,SGR,TX,ASW,CE,Federal Contract Tower,0,15,71,0,86,0,10,130,0,140,0,25,201,0,226,102,0,102,328
02/14/2019,SGR,TX,ASW,CE,Federal Contract Tower,0,11,60,0,71,0,3,78,0,81,0,14,138,0,152,50,0,50,202
02/15/2019,SGR,TX,ASW,CE,Federal Contract Tower,0,24,87,1,112,0,2,58,0,60,0,26,145,1,172,30,0,30,202
02/16/2019,SGR,TX,ASW,CE,Federal Contract Tower,0,12,45,0,57,0,1,2,0,3,0,13,47,0,60,6,0,6,66
02/17/2019,SGR,TX,ASW,CE,Federal Contract Tower,0,23,64,0,87,0,2,42,0,44,0,25,106,0,131,94,0,94,225
02/18/2019,SGR,TX,ASW,CE,Federal Contract Tower,0,15,54,0,69,0,2,99,0,101,0,17,153,0,170,136,0,136,306
02/19/2019,SGR,TX,ASW,CE,Federal Contract Tower,0,16,53,0,69,0,0,0,0,0,0,16,53,0,69,0,0,0,69
02/20/2019,SGR,TX,ASW,CE,Federal Contract Tower,0,23,75,0,98,0,0,81,0,81,0,23,156,0,179,80,0,80,259
02/21/2019,SGR,TX,ASW,CE,Federal Contract Tower,0,21,72,0,93,0,0,0,0,0,0,21,72,0,93,0,0,0,93
02/22/2019,SGR,TX,ASW,CE,Federal Contract Tower,0,25,41,0,66,0,0,0,0,0,0,25,41,0,66,0,0,0,66
02/23/2019,SGR,TX,ASW,CE,Federal Contract Tower,0,10,34,0,44,0,3,85,0,88,0,13,119,0,132,68,0,68,200
02/24/2019,SGR,TX,ASW,CE,Federal Contract Tower,0,12,54,3,69,0,5,102,0,107,0,17,156,3,176,134,0,134,310
02/25/2019,SGR,TX,ASW,CE,Federal Contract Tower,0,10,71,0,81,0,2,62,0,64,0,12,133,0,145,92,0,92,237
02/26/2019,SGR,TX,ASW,CE,Federal Contract Tower,0,20,43,0,63,0,0,0,0,0,0,20,43,0,63,0,0,0,63
02/27/2019,SGR,TX,ASW,CE,Federal Contract Tower,0,18,59,0,77,0,0,22,0,22,0,18,81,0,99,58,0,58,157
02/28/2019,SGR,TX,ASW,CE,Federal Contract Tower,0,21,69,0,90,0,0,0,0,0,0,21,69,0,90,0,0,0,90
03/01/2019,SGR,TX,ASW,CE,Federal Contract Tower,0,18,58,0,76,0,1,5,0,6,0,19,63,0,82,20,0,20,102
03/02/2019,SGR,TX,ASW,CE,Federal Contract Tower,0,9,30,0,39,0,2,14,0,16,0,11,44,0,55,70,0,70,125
03/03/2019,SGR,TX,ASW,CE,Federal Contract Tower,0,12,45,0,57,0,0,7,0,7,0,12,52,0,64,44,0,44,108
03/04/2019,SGR,TX,ASW,CE,Federal Contract Tower,0,20,35,2,57,0,8,51,2,61,0,28,86,4,118,200,0,200,318
03/05/2019,SGR,TX,ASW,CE,Federal Contract Tower,0,15,77,2,94,0,0,110,0,110,0,15,187,2,204,140,0,140,344
03/06/2019,SGR,TX,ASW,CE,Federal Contract Tower,0,18,56,2,76,0,0,105,2,107,0,18,161,4,183,144,2,146,329
03/07/2019,SGR,TX,ASW,CE,Federal Contract Tower,0,25,66,0,91,0,0,8,0,8,0,25,74,0,99,2,0,2,101
03/08/2019,SGR,TX,ASW,CE,Federal Contract Tower,0,21,88,0,109,0,0,22,0,22,0,21,110,0,131,60,0,60,191
03/09/2019,SGR,TX,ASW,CE,Federal Contract Tower,0,22,45,0,67,0,1,46,0,47,0,23,91,0,114,86,0,86,200
03/10/2019,SGR,TX,ASW,CE,Federal Contract Tower,0,17,47,0,64,0,0,30,0,30,0,17,77,0,94,62,0,62,156
03/11/2019,SGR,TX,ASW,CE,Federal Contract Tower,0,24,57,0,81,0,4,47,0,51,0,28,104,0,132,100,0,100,232
03/12/2019,SGR,TX,ASW,CE,Federal Contract Tower,0,11,49,0,60,0,4,10,0,14,0,15,59,0,74,36,0,36,110
03/13/2019,SGR,TX,ASW,CE,Federal Contract Tower,0,25,51,0,76,0,4,17,0,21,0,29,68,0,97,68,0,68,165
03/14/2019,SGR,TX,ASW,CE,Federal Contract Tower,0,17,67,2,86,0,4,85,0,89,0,21,152,2,175,146,0,146,321
03/15/2019,SGR,TX,ASW,CE,Federal Contract Tower,0,24,52,1,77,0,2,82,1,85,0,26,134,2,162,94,0,94,256
03/16/2019,SGR,TX,ASW,CE,Federal Contract Tower,0,21,45,0,66,0,1,109,0,110,0,22,154,0,176,192,0,192,368
03/17/2019,SGR,TX,ASW,CE,Federal Contract Tower,0,34,77,0,111,0,2,99,0,101,0,36,176,0,212,160,0,160,372
03/18/2019,SGR,TX,ASW,CE,Federal Contract Tower,0,25,59,0,84,0,7,91,0,98,0,32,150,0,182,68,0,68,250
03/19/2019,SGR,TX,ASW,CE,Federal Contract Tower,0,15,63,2,80,0,5,101,1,107,0,20,164,3,187,70,0,70,257
03/20/2019,SGR,TX,ASW,CE,Federal Contract Tower,0,14,70,0,84,0,1,116,0,117,0,15,186,0,201,176,0,176,377
03/21/2019,SGR,TX,ASW,CE,Federal Contract Tower,0,16,55,0,71,0,3,103,0,106,0,19,158,0,177,136,0,136,313
03/22/2019,SGR,TX,ASW,CE,Federal Contract Tower,0,9,60,0,69,0,0,87,0,87,0,9,147,0,156,92,0,92,248
03/23/2019,SGR,TX,ASW,CE,Federal Contract Tower,0,14,24,0,38,0,15,79,0,94,0,29,103,0,132,208,0,208,340
03/24/2019,SGR,TX,ASW,CE,Federal Contract Tower,0,14,55,0,69,0,2,49,0,51,0,16,104,0,120,108,0,108,228
03/25/2019,SGR,TX,ASW,CE,Federal Contract Tower,0,7,67,0,74,0,0,72,0,72,0,7,139,0,146,46,0,46,192
03/26/2019,SGR,TX,ASW,CE,Federal Contract Tower,0,10,77,0,87,0,5,102,2,109,0,15,179,2,196,48,0,48,244
03/28/2019,SGR,TX,ASW,CE,Federal Contract Tower,0,23,67,1,91,0,5,82,2,89,0,28,149,3,180,124,0,124,304
03/29/2019,SGR,TX,ASW,CE,Federal Contract Tower,0,18,68,0,86,0,1,79,0,80,0,19,147,0,166,74,0,74,240
03/30/2019,SGR,TX,ASW,CE,Federal Contract Tower,0,8,42,0,50,0,0,38,0,38,0,8,80,0,88,62,0,62,150
03/31/2019,SGR,TX,ASW,CE,Federal Contract Tower,0,20,42,0,62,0,2,64,0,66,0,22,106,0,128,74,0,74,202
04/01/2019,SGR,TX,ASW,CE,Federal Contract Tower,0,24,62,0,86,0,4,94,0,98,0,28,156,0,184,128,0,128,312
04/02/2019,SGR,TX,ASW,CE,Federal Contract Tower,0,14,57,0,71,0,4,97,0,101,0,18,154,0,172,68,0,68,240
04/03/2019,SGR,TX,ASW,CE,Federal Contract Tower,0,12,70,0,82,0,1,90,0,91,0,13,160,0,173,104,2,106,279
04/04/2019,SGR,TX,ASW,CE,Federal Contract Tower,0,18,64,0,82,0,2,32,0,34,0,20,96,0,116,54,0,54,170
04/05/2019,SGR,TX,ASW,CE,Federal Contract Tower,0,15,56,0,71,0,1,36,0,37,0,16,92,0,108,104,0,104,212
04/06/2019,SGR,TX,ASW,CE,Federal Contract Tower,0,7,26,0,33,0,0,38,0,38,0,7,64,0,71,52,0,52,123
04/07/2019,SGR,TX,ASW,CE,Federal Contract Tower,0,11,26,0,37,0,0,4,0,4,0,11,30,0,41,0,0,0,41
04/08/2019,SGR,TX,ASW,CE,Federal Contract Tower,0,18,69,0,87,0,3,91,0,94,0,21,160,0,181,116,0,116,297
04/09/2019,SGR,TX,ASW,CE,Federal Contract Tower,0,23,76,1,100,0,9,149,1,159,0,32,225,2,259,96,0,96,355
04/10/2019,SGR,TX,ASW,CE,Federal Contract Tower,0,23,91,0,114,0,3,69,0,72,0,26,160,0,186,54,0,54,240
04/11/2019,SGR,TX,ASW,CE,Federal Contract Tower,0,23,78,0,101,0,1,65,0,66,0,24,143,0,167,130,0,130,297
04/12/2019,SGR,TX,ASW,CE,Federal Contract Tower,0,28,64,0,92,0,4,89,7,100,0,32,153,7,192,92,0,92,284
04/13/2019,SGR,TX,ASW,CE,Federal Contract Tower,0,13,15,1,29,0,10,11,0,21,0,23,26,1,50,6,0,6,56
04/14/2019,SGR,TX,ASW,CE,Federal Contract Tower,0,17,40,0,57,0,5,79,4,88,0,22,119,4,145,66,0,66,211
04/15/2019,SGR,TX,ASW,CE,Federal Contract Tower,0,12,45,0,57,0,10,102,0,112,0,22,147,0,169,164,0,164,333
04/16/2019,SGR,TX,ASW,CE,Federal Contract Tower,0,18,76,0,94,0,4,90,0,94,0,22,166,0,188,86,0,86,274
04/17/2019,SGR,TX,ASW,CE,Federal Contract Tower,0,17,72,0,89,0,1,7,0,8,0,18,79,0,97,10,2,12,109
04/18/2019,SGR,TX,ASW,CE,Federal Contract Tower,0,9,67,0,76,0,0,27,2,29,0,9,94,2,105,18,0,18,123
04/19/2019,SGR,TX,ASW,CE,Federal Contract Tower,0,16,47,0,63,0,0,60,0,60,0,16,107,0,123,86,0,86,209
04/20/2019,SGR,TX,ASW,CE,Federal Contract Tower,0,7,34,0,41,0,14,110,0,124,0,21,144,0,165,142,0,142,307
04/21/2019,SGR,TX,ASW,CE,Federal Contract Tower,0,19,32,0,51,0,0,41,0,41,0,19,73,0,92,16,0,16,108
04/22/2019,SGR,TX,ASW,CE,Federal Contract Tower,0,27,59,0,86,0,11,101,0,112,0,38,160,0,198,136,0,136,334
04/23/2019,SGR,TX,ASW,CE,Federal Contract Tower,0,12,71,0,83,0,1,43,0,44,0,13,114,0,127,94,0,94,221
04/24/2019,SGR,TX,ASW,CE,Federal Contract Tower,0,13,79,0,92,0,2,20,0,22,0,15,99,0,114,49,0,49,163
04/25/2019,SGR,TX,ASW,CE,Federal Contract Tower,0,24,75,0,99,0,0,100,0,100,0,24,175,0,199,164,0,164,363
04/26/2019,SGR,TX,ASW,CE,Federal Contract Tower,0,10,52,2,64,0,3,99,2,104,0,13,151,4,168,108,0,108,276
04/27/2019,SGR,TX,ASW,CE,Federal Contract Tower,0,6,27,0,33,0,0,113,0,113,0,6,140,0,146,126,0,126,272
04/28/2019,SGR,TX,ASW,CE,Federal Contract Tower,0,17,46,0,63,0,1,97,0,98,0,18,143,0,161,170,0,170,331
04/29/2019,SGR,TX,ASW,CE,Federal Contract Tower,0,11,54,0,65,0,7,54,0,61,0,18,108,0,126,84,0,84,210
04/30/2019,SGR,TX,ASW,CE,Federal Contract Tower,0,10,57,0,67,0,3,23,0,26,0,13,80,0,93,32,0,32,125
05/01/2019,SGR,TX,ASW,CE,Federal Contract Tower,0,29,68,0,97,0,10,36,0,46,0,39,104,0,143,50,0,50,193
05/02/2019,SGR,TX,ASW,CE,Federal Contract Tower,0,20,65,0,85,0,0,53,0,53,0,20,118,0,138,28,0,28,166
05/03/2019,SGR,TX,ASW,CE,Federal Contract Tower,0,22,45,0,67,0,0,14,0,14,0,22,59,0,81,44,0,44,125
05/04/2019,SGR,TX,ASW,CE,Federal Contract Tower,0,5,36,0,41,0,0,69,0,69,0,5,105,0,110,84,0,84,194
05/05/2019,SGR,TX,ASW,CE,Federal Contract Tower,0,9,56,0,65,0,1,103,0,104,0,10,159,0,169,118,0,118,287
05/06/2019,SGR,TX,ASW,CE,Federal Contract Tower,0,26,51,0,77,0,5,80,0,85,0,31,131,0,162,112,0,112,274
05/07/2019,SGR,TX,ASW,CE,Federal Contract Tower,0,8,48,0,56,0,4,9,0,13,0,12,57,0,69,22,0,22,91
05/08/2019,SGR,TX,ASW,CE,Federal Contract Tower,0,26,81,0,107,0,3,28,0,31,0,29,109,0,138,26,0,26,164
05/10/2019,SGR,TX,ASW,CE,Federal Contract Tower,0,14,45,0,59,0,10,3,0,13,0,24,48,0,72,0,0,0,72
05/11/2019,SGR,TX,ASW,CE,Federal Contract Tower,0,10,19,0,29,0,0,0,0,0,0,10,19,0,29,0,0,0,29
05/12/2019,SGR,TX,ASW,CE,Federal Contract Tower,0,15,51,0,66,0,0,66,0,66,0,15,117,0,132,138,0,138,270
05/13/2019,SGR,TX,ASW,CE,Federal Contract Tower,0,13,56,0,69,0,6,101,2,109,0,19,157,2,178,148,0,148,326
05/14/2019,SGR,TX,ASW,CE,Federal Contract Tower,0,11,61,0,72,0,1,89,0,90,0,12,150,0,162,120,0,120,282
05/15/2019,SGR,TX,ASW,CE,Federal Contract Tower,0,31,33,0,64,0,5,85,0,90,0,36,118,0,154,144,0,144,298
05/16/2019,SGR,TX,ASW,CE,Federal Contract Tower,0,25,72,0,97,0,0,78,0,78,0,25,150,0,175,124,0,124,299
05/17/2019,SGR,TX,ASW,CE,Federal Contract Tower,0,14,73,0,87,0,0,67,0,67,0,14,140,0,154,94,0,94,248
05/18/2019,SGR,TX,ASW,CE,Federal Contract Tower,0,2,22,0,24,0,0,36,0,36,0,2,58,0,60,74,0,74,134
05/19/2019,SGR,TX,ASW,CE,Federal Contract Tower,0,25,48,0,73,0,0,66,0,66,0,25,114,0,139,58,0,58,197
05/20/2019,SGR,TX,ASW,CE,Federal Contract Tower,0,28,57,0,85,0,6,48,4,58,0,34,105,4,143,80,8,88,231
05/21/2019,SGR,TX,ASW,CE,Federal Contract Tower,0,24,55,0,79,0,0,34,0,34,0,24,89,0,113,68,0,68,181
05/22/2019,SGR,TX,ASW,CE,Federal Contract Tower,0,19,86,0,105,0,6,65,0,71,0,25,151,0,176,64,0,64,240
05/23/2019,SGR,TX,ASW,CE,Federal Contract Tower,0,21,80,0,101,0,4,68,0,72,0,25,148,0,173,64,0,64,237
05/24/2019,SGR,TX,ASW,CE,Federal Contract Tower,0,23,66,0,89,0,2,86,0,88,0,25,152,0,177,110,0,110,287
05/25/2019,SGR,TX,ASW,CE,Federal Contract Tower,0,16,29,0,45,0,2,88,0,90,0,18,117,0,135,86,0,86,221
05/26/2019,SGR,TX,ASW,CE,Federal Contract Tower,0,8,28,0,36,0,2,62,0,64,0,10,90,0,100,74,0,74,174
05/27/2019,SGR,TX,ASW,CE,Federal Contract Tower,0,6,60,0,66,0,0,75,0,75,0,6,135,0,141,88,0,88,229
05/28/2019,SGR,TX,ASW,CE,Federal Contract Tower,0,15,68,0,83,0,4,60,0,64,0,19,128,0,147,68,0,68,215
05/29/2019,SGR,TX,ASW,CE,Federal Contract Tower,0,16,60,0,76,0,0,92,0,92,0,16,152,0,168,170,0,170,338
05/30/2019,SGR,TX,ASW,CE,Federal Contract Tower,0,9,41,0,50,0,0,36,0,36,0,9,77,0,86,94,0,94,180
05/31/2019,SGR,TX,ASW,CE,Federal Contract Tower,0,12,48,0,60,0,0,67,0,67,0,12,115,0,127,114,0,114,241
06/01/2019,SGR,TX,ASW,CE,Federal Contract Tower,0,14,30,0,44,0,0,92,0,92,0,14,122,0,136,126,0,126,262
06/02/2019,SGR,TX,ASW,CE,Federal Contract Tower,0,19,39,0,58,0,2,68,0,70,0,21,107,0,128,68,0,68,196
06/03/2019,SGR,TX,ASW,CE,Federal Contract Tower,0,18,61,0,79,0,12,103,0,115,0,30,164,0,194,156,0,156,350
06/04/2019,SGR,TX,ASW,CE,Federal Contract Tower,0,27,69,0,96,0,1,72,2,75,0,28,141,2,171,86,0,86,257
06/05/2019,SGR,TX,ASW,CE,Federal Contract Tower,0,12,43,0,55,0,0,3,0,3,0,12,46,0,58,0,0,0,58
06/06/2019,SGR,TX,ASW,CE,Federal Contract Tower,0,23,48,0,71,0,3,55,1,59,0,26,103,1,130,40,0,40,170
06/07/2019,SGR,TX,ASW,CE,Federal Contract Tower,0,25,57,0,82,0,0,71,0,71,0,25,128,0,153,98,0,98,251
06/08/2019,SGR,TX,ASW,CE,Federal Contract Tower,0,10,24,0,34,0,0,90,0,90,0,10,114,0,124,136,0,136,260
06/09/2019,SGR,TX,ASW,CE,Federal Contract Tower,0,19,42,0,61,0,0,102,0,102,0,19,144,0,163,114,0,114,277
06/10/2019,SGR,TX,ASW,CE,Federal Contract Tower,0,21,47,0,68,0,11,95,0,106,0,32,142,0,174,122,0,122,296
06/11/2019,SGR,TX,ASW,CE,Federal Contract Tower,0,11,75,0,86,0,14,111,0,125,0,25,186,0,211,126,0,126,337
06/12/2019,SGR,TX,ASW,CE,Federal Contract Tower,0,17,43,0,60,0,2,83,0,85,0,19,126,0,145,122,0,122,267
06/13/2019,SGR,TX,ASW,CE,Federal Contract Tower,0,15,59,0,74,0,1,108,0,109,0,16,167,0,183,104,0,104,287
06/14/2019,SGR,TX,ASW,CE,Federal Contract Tower,0,34,48,0,82,0,3,107,0,110,0,37,155,0,192,168,0,168,360
06/15/2019,SGR,TX,ASW,CE,Federal Contract Tower,0,20,26,0,46,0,0,61,0,61,0,20,87,0,107,100,0,100,207
06/16/2019,SGR,TX,ASW,CE,Federal Contract Tower,0,10,36,0,46,0,0,33,0,33,0,10,69,0,79,28,0,28,107
06/17/2019,SGR,TX,ASW,CE,Federal Contract Tower,0,20,48,0,68,0,3,81,0,84,0,23,129,0,152,88,0,88,240
06/18/2019,SGR,TX,ASW,CE,Federal Contract Tower,0,20,52,1,73,0,2,80,1,83,0,22,132,2,156,128,0,128,284
06/19/2019,SGR,TX,ASW,CE,Federal Contract Tower,0,20,71,0,91,0,12,91,0,103,0,32,162,0,194,116,0,116,310
06/20/2019,SGR,TX,ASW,CE,Federal Contract Tower,0,16,43,0,59,0,5,92,0,97,0,21,135,0,156,142,0,142,298
06/21/2019,SGR,TX,ASW,CE,Federal Contract Tower,0,9,57,0,66,0,7,79,0,86,0,16,136,0,152,180,0,180,332
06/22/2019,SGR,TX,ASW,CE,Federal Contract Tower,0,14,23,0,37,0,2,71,0,73,0,16,94,0,110,130,0,130,240
06/23/2019,SGR,TX,ASW,CE,Federal Contract Tower,0,13,31,1,45,0,1,52,1,54,0,14,83,2,99,94,0,94,193
06/24/2019,SGR,TX,ASW,CE,Federal Contract Tower,0,12,36,0,48,0,1,41,2,44,0,13,77,2,92,96,0,96,188
06/25/2019,SGR,TX,ASW,CE,Federal Contract Tower,0,18,43,0,61,0,3,55,0,58,0,21,98,0,119,80,0,80,199
06/26/2019,SGR,TX,ASW,CE,Federal Contract Tower,0,25,74,0,99,0,0,74,0,74,0,25,148,0,173,120,0,120,293
06/27/2019,SGR,TX,ASW,CE,Federal Contract Tower,0,24,78,0,102,0,4,48,0,52,0,28,126,0,154,58,0,58,212
06/28/2019,SGR,TX,ASW,CE,Federal Contract Tower,0,13,50,0,63,0,0,73,0,73,0,13,123,0,136,108,0,108,244
06/29/2019,SGR,TX,ASW,CE,Federal Contract Tower,0,17,48,0,65,0,0,52,0,52,0,17,100,0,117,72,0,72,189
06/30/2019,SGR,TX,ASW,CE,Federal Contract Tower,0,14,44,0,58,0,0,55,0,55,0,14,99,0,113,44,0,44,157
07/01/2019,SGR,TX,ASW,CE,Federal Contract Tower,0,11,39,0,50,0,0,93,0,93,0,11,132,0,143,96,0,96,239
07/02/2019,SGR,TX,ASW,CE,Federal Contract Tower,0,13,47,0,60,0,4,50,0,54,0,17,97,0,114,90,0,90,204
07/03/2019,SGR,TX,ASW,CE,Federal Contract Tower,0,18,45,0,63,0,0,50,0,50,0,18,95,0,113,74,0,74,187
07/04/2019,SGR,TX,ASW,CE,Federal Contract Tower,0,7,21,0,28,0,4,89,0,93,0,11,110,0,121,120,0,120,241
07/05/2019,SGR,TX,ASW,CE,Federal Contract Tower,0,8,23,0,31,0,0,81,0,81,0,8,104,0,112,122,0,122,234
07/06/2019,SGR,TX,ASW,CE,Federal Contract Tower,0,15,18,0,33,0,1,81,0,82,0,16,99,0,115,102,0,102,217
07/07/2019,SGR,TX,ASW,CE,Federal Contract Tower,0,24,46,0,70,0,0,80,0,80,0,24,126,0,150,84,0,84,234
07/08/2019,SGR,TX,ASW,CE,Federal Contract Tower,0,13,44,0,57,0,5,76,0,81,0,18,120,0,138,88,0,88,226
07/09/2019,SGR,TX,ASW,CE,Federal Contract Tower,0,10,52,0,62,0,1,92,0,93,0,11,144,0,155,72,0,72,227
07/10/2019,SGR,TX,ASW,CE,Federal Contract Tower,0,16,58,0,74,0,0,74,2,76,0,16,132,2,150,92,0,92,242
07/11/2019,SGR,TX,ASW,CE,Federal Contract Tower,0,20,54,0,74,0,0,76,0,76,0,20,130,0,150,72,0,72,222
07/12/2019,SGR,TX,ASW,CE,Federal Contract Tower,0,15,55,0,70,0,2,82,0,84,0,17,137,0,154,176,0,176,330
07/13/2019,SGR,TX,ASW,CE,Federal Contract Tower,0,13,34,0,47,0,0,75,0,75,0,13,109,0,122,114,0,114,236
07/14/2019,SGR,TX,ASW,CE,Federal Contract Tower,0,13,33,0,46,0,0,52,0,52,0,13,85,0,98,106,0,106,204
07/15/2019,SGR,TX,ASW,CE,Federal Contract Tower,0,19,41,0,60,0,4,47,2,53,0,23,88,2,113,58,10,68,181
07/16/2019,SGR,TX,ASW,CE,Federal Contract Tower,0,14,63,0,77,0,2,88,2,92,0,16,151,2,169,126,4,130,299
07/17/2019,SGR,TX,ASW,CE,Federal Contract Tower,0,12,56,0,68,0,6,97,0,103,0,18,153,0,171,112,0,112,283
07/18/2019,SGR,TX,ASW,CE,Federal Contract Tower,0,23,49,0,72,0,3,98,0,101,0,26,147,0,173,138,0,138,311
07/19/2019,SGR,TX,ASW,CE,Federal Contract Tower,0,14,38,0,52,0,2,73,0,75,0,16,111,0,127,116,0,116,243
07/20/2019,SGR,TX,ASW,CE,Federal Contract Tower,0,15,23,0,38,0,4,81,0,85,0,19,104,0,123,152,0,152,275
07/21/2019,SGR,TX,ASW,CE,Federal Contract Tower,0,12,37,0,49,0,3,57,0,60,0,15,94,0,109,80,0,80,189
07/22/2019,SGR,TX,ASW,CE,Federal Contract Tower,0,9,39,1,49,0,3,46,1,50,0,12,85,2,99,62,0,62,161
07/23/2019,SGR,TX,ASW,CE,Federal Contract Tower,0,7,76,0,83,0,0,61,0,61,0,7,137,0,144,102,0,102,246
07/24/2019,SGR,TX,ASW,CE,Federal Contract Tower,0,18,80,0,98,0,2,96,0,98,0,20,176,0,196,120,0,120,316
07/25/2019,SGR,TX,ASW,CE,Federal Contract Tower,0,16,73,0,89,0,0,73,0,73,0,16,146,0,162,62,0,62,224
07/26/2019,SGR,TX,ASW,CE,Federal Contract Tower,0,16,49,0,65,0,0,92,0,92,0,16,141,0,157,98,0,98,255
07/27/2019,SGR,TX,ASW,CE,Federal Contract Tower,0,7,41,0,48,0,1,52,0,53,0,8,93,0,101,80,0,80,181
07/28/2019,SGR,TX,ASW,CE,Federal Contract Tower,0,13,34,0,47,0,4,49,0,53,0,17,83,0,100,64,0,64,164
07/29/2019,SGR,TX,ASW,CE,Federal Contract Tower,0,19,40,0,59,0,0,67,0,67,0,19,107,0,126,104,0,104,230
07/30/2019,SGR,TX,ASW,CE,Federal Contract Tower,0,16,50,0,66,0,2,69,0,71,0,18,119,0,137,78,0,78,215
07/31/2019,SGR,TX,ASW,CE,Federal Contract Tower,0,19,62,0,81,0,0,58,0,58,0,19,120,0,139,66,0,66,205
08/02/2019,SGR,TX,ASW,CE,Federal Contract Tower,0,10,35,0,45,0,1,64,0,65,0,11,99,0,110,54,0,54,164
08/03/2019,SGR,TX,ASW,CE,Federal Contract Tower,0,3,32,0,35,0,2,69,0,71,0,5,101,0,106,56,0,56,162
08/04/2019,SGR,TX,ASW,CE,Federal Contract Tower,0,19,26,0,45,0,6,47,0,53,0,25,73,0,98,50,0,50,148
08/05/2019,SGR,TX,ASW,CE,Federal Contract Tower,0,14,40,0,54,0,3,63,0,66,0,17,103,0,120,46,0,46,166
08/06/2019,SGR,TX,ASW,CE,Federal Contract Tower,0,13,70,0,83,0,1,102,0,103,0,14,172,0,186,86,0,86,272
08/07/2019,SGR,TX,ASW,CE,Federal Contract Tower,0,11,46,0,57,0,2,78,0,80,0,13,124,0,137,186,0,186,323
08/08/2019,SGR,TX,ASW,CE,Federal Contract Tower,0,14,47,0,61,0,2,108,0,110,0,16,155,0,171,126,0,126,297
08/09/2019,SGR,TX,ASW,CE,Federal Contract Tower,0,16,54,0,70,0,1,93,0,94,0,17,147,0,164,78,0,78,242
08/10/2019,SGR,TX,ASW,CE,Federal Contract Tower,0,6,30,0,36,0,8,95,0,103,0,14,125,0,139,100,0,100,239
08/11/2019,SGR,TX,ASW,CE,Federal Contract Tower,0,13,39,0,52,0,0,54,0,54,0,13,93,0,106,96,0,96,202
08/12/2019,SGR,TX,ASW,CE,Federal Contract Tower,0,15,53,0,68,0,3,74,0,77,0,18,127,0,145,64,0,64,209
08/13/2019,SGR,TX,ASW,CE,Federal Contract Tower,0,16,57,0,73,0,0,91,0,91,0,16,148,0,164,90,0,90,254
08/14/2019,SGR,TX,ASW,CE,Federal Contract Tower,0,16,61,0,77,0,1,36,0,37,0,17,97,0,114,38,0,38,152
08/15/2019,SGR,TX,ASW,CE,Federal Contract Tower,0,20,45,0,65,0,2,76,0,78,0,22,121,0,143,124,0,124,267
08/16/2019,SGR,TX,ASW,CE,Federal Contract Tower,0,11,35,0,46,0,1,49,0,50,0,12,84,0,96,78,0,78,174
08/17/2019,SGR,TX,ASW,CE,Federal Contract Tower,0,7,25,0,32,0,0,62,0,62,0,7,87,0,94,92,0,92,186
08/18/2019,SGR,TX,ASW,CE,Federal Contract Tower,0,11,34,0,45,0,2,57,0,59,0,13,91,0,104,42,0,42,146
08/19/2019,SGR,TX,ASW,CE,Federal Contract Tower,0,8,51,0,59,0,5,41,0,46,0,13,92,0,105,34,0,34,139
08/20/2019,SGR,TX,ASW,CE,Federal Contract Tower,0,12,66,0,78,0,2,58,0,60,0,14,124,0,138,58,0,58,196
08/21/2019,SGR,TX,ASW,CE,Federal Contract Tower,0,14,60,2,76,0,1,64,0,65,0,15,124,2,141,40,0,40,181
08/22/2019,SGR,TX,ASW,CE,Federal Contract Tower,0,16,61,0,77,0,5,75,0,80,0,21,136,0,157,62,0,62,219
08/23/2019,SGR,TX,ASW,CE,Federal Contract Tower,0,17,49,0,66,0,1,63,0,64,0,18,112,0,130,52,0,52,182
08/24/2019,SGR,TX,ASW,CE,Federal Contract Tower,0,11,33,0,44,0,0,73,0,73,0,11,106,0,117,98,0,98,215
08/25/2019,SGR,TX,ASW,CE,Federal Contract Tower,0,14,57,0,71,0,0,33,0,33,0,14,90,0,104,28,0,28,132
08/26/2019,SGR,TX,ASW,CE,Federal Contract Tower,0,13,67,0,80,0,3,49,0,52,0,16,116,0,132,80,0,80,212
08/27/2019,SGR,TX,ASW,CE,Federal Contract Tower,0,9,67,0,76,0,1,69,0,70,0,10,136,0,146,70,0,70,216
08/28/2019,SGR,TX,ASW,CE,Federal Contract Tower,0,21,62,0,83,0,0,41,0,41,0,21,103,0,124,38,0,38,162
08/29/2019,SGR,TX,ASW,CE,Federal Contract Tower,0,18,68,0,86,0,1,86,0,87,0,19,154,0,173,102,0,102,275
08/30/2019,SGR,TX,ASW,CE,Federal Contract Tower,0,14,59,0,73,0,2,78,0,80,0,16,137,0,153,104,0,104,257
08/31/2019,SGR,TX,ASW,CE,Federal Contract Tower,0,12,29,0,41,0,15,68,0,83,0,27,97,0,124,118,0,118,242
09/01/2019,SGR,TX,ASW,CE,Federal Contract Tower,0,10,28,0,38,0,0,76,0,76,0,10,104,0,114,88,0,88,202
09/02/2019,SGR,TX,ASW,CE,Federal Contract Tower,0,13,46,0,59,0,2,73,0,75,0,15,119,0,134,58,0,58,192
09/03/2019,SGR,TX,ASW,CE,Federal Contract Tower,0,22,45,0,67,0,7,70,0,77,0,29,115,0,144,34,0,34,178
09/04/2019,SGR,TX,ASW,CE,Federal Contract Tower,0,17,65,0,82,0,5,77,0,82,0,22,142,0,164,28,0,28,192
09/05/2019,SGR,TX,ASW,CE,Federal Contract Tower,0,13,66,1,80,0,3,91,1,95,0,16,157,2,175,130,0,130,305
09/06/2019,SGR,TX,ASW,CE,Federal Contract Tower,0,13,48,0,61,0,0,90,0,90,0,13,138,0,151,126,0,126,277
09/07/2019,SGR,TX,ASW,CE,Federal Contract Tower,0,14,26,0,40,0,0,76,0,76,0,14,102,0,116,64,0,64,180
09/08/2019,SGR,TX,ASW,CE,Federal Contract Tower,0,18,45,0,63,0,0,71,0,71,0,18,116,0,134,68,0,68,202
09/09/2019,SGR,TX,ASW,CE,Federal Contract Tower,0,9,58,0,67,0,1,57,0,58,0,10,115,0,125,40,0,40,165
09/10/2019,SGR,TX,ASW,CE,Federal Contract Tower,0,15,53,0,68,0,4,67,0,71,0,19,120,0,139,70,0,70,209
09/11/2019,SGR,TX,ASW,CE,Federal Contract Tower,0,20,58,0,78,0,2,39,0,41,0,22,97,0,119,38,0,38,157
09/13/2019,SGR,TX,ASW,CE,Federal Contract Tower,0,24,41,0,65,0,1,70,0,71,0,25,111,0,136,132,0,132,268
09/14/2019,SGR,TX,ASW,CE,Federal Contract Tower,0,10,17,0,27,0,8,76,0,84,0,18,93,0,111,96,0,96,207
09/15/2019,SGR,TX,ASW,CE,Federal Contract Tower,0,13,46,0,59,0,2,74,0,76,0,15,120,0,135,82,0,82,217
09/16/2019,SGR,TX,ASW,CE,Federal Contract Tower,0,26,58,0,84,0,6,45,0,51,0,32,103,0,135,42,0,42,177
09/17/2019,SGR,TX,ASW,CE,Federal Contract Tower,0,20,36,0,56,0,0,0,0,0,0,20,36,0,56,0,0,0,56
09/18/2019,SGR,TX,ASW,CE,Federal Contract Tower,0,11,23,0,34,0,0,16,0,16,0,11,39,0,50,30,0,30,80
09/19/2019,SGR,TX,ASW,CE,Federal Contract Tower,0,27,46,0,73,0,4,3,0,7,0,31,49,0,80,0,0,0,80
09/20/2019,SGR,TX,ASW,CE,Federal Contract Tower,0,30,68,0,98,0,13,51,0,64,0,43,119,0,162,100,0,100,262
09/21/2019,SGR,TX,ASW,CE,Federal Contract Tower,0,19,27,0,46,0,3,61,0,64,0,22,88,0,110,120,0,120,230
09/22/2019,SGR,TX,ASW,CE,Federal Contract Tower,0,45,71,0,116,0,0,50,0,50,0,45,121,0,166,40,0,40,206
09/23/2019,SGR,TX,ASW,CE,Federal Contract Tower,0,18,36,0,54,0,2,59,0,61,0,20,95,0,115,72,0,72,187
09/24/2019,SGR,TX,ASW,CE,Federal Contract Tower,0,26,73,0,99,0,4,91,3,98,0,30,164,3,197,78,0,78,275
09/25/2019,SGR,TX,ASW,CE,Federal Contract Tower,0,25,72,0,97,0,2,66,0,68,0,27,138,0,165,70,0,70,235
09/26/2019,SGR,TX,ASW,CE,Federal Contract Tower,0,8,73,0,81,0,2,91,0,93,0,10,164,0,174,118,0,118,292
09/27/2019,SGR,TX,ASW,CE,Federal Contract Tower,0,25,81,0,106,0,0,72,0,72,0,25,153,0,178,70,0,70,248
09/28/2019,SGR,TX,ASW,CE,Federal Contract Tower,0,14,25,0,39,0,0,58,0,58,0,14,83,0,97,102,0,102,199
09/29/2019,SGR,TX,ASW,CE,Federal Contract Tower,0,21,56,0,77,0,0,97,0,97,0,21,153,0,174,66,0,66,240
09/30/2019,SGR,TX,ASW,CE,Federal Contract Tower,0,14,38,0,52,0,6,49,0,55,0,20,87,0,107,64,0,64,171
10/01/2019,SGR,TX,ASW,CE,Federal Contract Tower,0,11,57,0,68,0,4,70,0,74,0,15,127,0,142,80,0,80,222
10/02/2019,SGR,TX,ASW,CE,Federal Contract Tower,0,16,48,0,64,0,1,60,0,61,0,17,108,0,125,50,0,50,175
10/03/2019,SGR,TX,ASW,CE,Federal Contract Tower,0,23,55,0,78,0,2,65,2,69,0,25,120,2,147,94,0,94,241
10/04/2019,SGR,TX,ASW,CE,Federal Contract Tower,0,19,52,0,71,0,6,77,0,83,0,25,129,0,154,74,0,74,228
10/05/2019,SGR,TX,ASW,CE,Federal Contract Tower,0,15,33,0,48,0,0,70,0,70,0,15,103,0,118,98,0,98,216
10/06/2019,SGR,TX,ASW,CE,Federal Contract Tower,0,23,36,0,59,0,1,80,0,81,0,24,116,0,140,104,0,104,244
10/07/2019,SGR,TX,ASW,CE,Federal Contract Tower,0,16,77,0,93,0,8,48,0,56,0,24,125,0,149,38,0,38,187
10/08/2019,SGR,TX,ASW,CE,Federal Contract Tower,0,11,70,0,81,0,10,72,0,82,0,21,142,0,163,90,0,90,253
10/09/2019,SGR,TX,ASW,CE,Federal Contract Tower,0,11,79,0,90,0,4,73,2,79,0,15,152,2,169,64,0,64,233
10/10/2019,SGR,TX,ASW,CE,Federal Contract Tower,0,16,58,0,74,0,5,80,0,85,0,21,138,0,159,54,0,54,213
10/11/2019,SGR,TX,ASW,CE,Federal Contract Tower,0,17,63,0,80,0,3,13,0,16,0,20,76,0,96,20,0,20,116
10/12/2019,SGR,TX,ASW,CE,Federal Contract Tower,0,15,49,0,64,0,7,99,0,106,0,22,148,0,170,120,0,120,290
10/13/2019,SGR,TX,ASW,CE,Federal Contract Tower,0,21,65,0,86,0,0,76,0,76,0,21,141,0,162,74,0,74,236
10/14/2019,SGR,TX,ASW,CE,Federal Contract Tower,0,15,65,0,80,0,0,0,0,0,0,15,65,0,80,54,0,54,134
10/15/2019,SGR,TX,ASW,CE,Federal Contract Tower,0,17,60,0,77,0,0,0,0,0,0,17,60,0,77,72,0,72,149
10/16/2019,SGR,TX,ASW,CE,Federal Contract Tower,0,34,79,0,113,0,2,13,0,15,0,36,92,0,128,10,8,18,146
10/18/2019,SGR,TX,ASW,CE,Federal Contract Tower,0,16,52,0,68,0,0,100,0,100,0,16,152,0,168,100,0,100,268
10/19/2019,SGR,TX,ASW,CE,Federal Contract Tower,0,10,25,0,35,0,2,74,0,76,0,12,99,0,111,102,0,102,213
10/20/2019,SGR,TX,ASW,CE,Federal Contract Tower,0,21,58,0,79,0,9,52,0,61,0,30,110,0,140,38,0,38,178
10/21/2019,SGR,TX,ASW,CE,Federal Contract Tower,0,22,49,0,71,0,3,42,0,45,0,25,91,0,116,50,0,50,166
10/22/2019,SGR,TX,ASW,CE,Federal Contract Tower,0,12,68,0,80,0,5,97,0,102,0,17,165,0,182,62,0,62,244
10/23/2019,SGR,TX,ASW,CE,Federal Contract Tower,0,25,79,0,104,0,10,95,0,105,0,35,174,0,209,56,0,56,265
10/24/2019,SGR,TX,ASW,CE,Federal Contract Tower,0,36,60,0,96,0,2,65,0,67,0,38,125,0,163,58,0,58,221
10/25/2019,SGR,TX,ASW,CE,Federal Contract Tower,0,28,69,0,97,0,0,3,0,3,0,28,72,0,100,6,0,6,106
10/26/2019,SGR,TX,ASW,CE,Federal Contract Tower,0,5,47,0,52,0,2,49,0,51,0,7,96,0,103,54,0,54,157
10/27/2019,SGR,TX,ASW,CE,Federal Contract Tower,0,19,43,0,62,0,2,124,0,126,0,21,167,0,188,110,0,110,298
10/28/2019,SGR,TX,ASW,CE,Federal Contract Tower,0,15,63,0,78,0,6,53,0,59,0,21,116,0,137,44,0,44,181
10/29/2019,SGR,TX,ASW,CE,Federal Contract Tower,0,14,72,0,86,0,0,1,0,1,0,14,73,0,87,0,0,0,87
10/30/2019,SGR,TX,ASW,CE,Federal Contract Tower,0,13,79,0,92,0,0,0,0,0,0,13,79,0,92,0,0,0,92
10/31/2019,SGR,TX,ASW,CE,Federal Contract Tower,0,14,56,0,70,0,4,65,2,71,0,18,121,2,141,62,8,70,211
11/01/2019,SGR,TX,ASW,CE,Federal Contract Tower,0,12,56,0,68,0,5,75,0,80,0,17,131,0,148,82,0,82,230
11/02/2019,SGR,TX,ASW,CE,Federal Contract Tower,0,8,29,0,37,0,4,87,0,91,0,12,116,0,128,144,0,144,272
11/03/2019,SGR,TX,ASW,CE,Federal Contract Tower,0,21,56,0,77,0,0,79,0,79,0,21,135,0,156,82,0,82,238
11/04/2019,SGR,TX,ASW,CE,Federal Contract Tower,0,15,59,0,74,0,6,49,0,55,0,21,108,0,129,30,0,30,159
11/05/2019,SGR,TX,ASW,CE,Federal Contract Tower,0,16,64,0,80,0,5,60,0,65,0,21,124,0,145,36,0,36,181
11/06/2019,SGR,TX,ASW,CE,Federal Contract Tower,0,20,70,0,90,0,10,79,3,92,0,30,149,3,182,66,0,66,248
11/07/2019,SGR,TX,ASW,CE,Federal Contract Tower,0,21,42,0,63,0,3,0,0,3,0,24,42,0,66,0,0,0,66
11/15/2019,SGR,TX,ASW,CE,Federal Contract Tower,0,21,87,4,112,0,4,91,0,95,0,25,178,4,207,76,0,76,283
11/16/2019,SGR,TX,ASW,CE,Federal Contract Tower,0,13,25,0,38,0,0,71,0,71,0,13,96,0,109,64,0,64,173
11/17/2019,SGR,TX,ASW,CE,Federal Contract Tower,0,28,55,0,83,0,2,83,0,85,0,30,138,0,168,72,0,72,240
11/18/2019,SGR,TX,ASW,CE,Federal Contract Tower,0,27,52,0,79,0,6,74,0,80,0,33,126,0,159,62,0,62,221
11/19/2019,SGR,TX,ASW,CE,Federal Contract Tower,0,16,70,0,86,0,4,91,0,95,0,20,161,0,181,98,0,98,279
11/20/2019,SGR,TX,ASW,CE,Federal Contract Tower,0,18,86,0,104,0,8,52,0,60,0,26,138,0,164,68,0,68,232
11/21/2019,SGR,TX,ASW,CE,Federal Contract Tower,0,17,68,0,85,0,2,62,0,64,0,19,130,0,149,10,0,10,159
11/22/2019,SGR,TX,ASW,CE,Federal Contract Tower,0,17,42,0,59,0,0,24,0,24,0,17,66,0,83,44,0,44,127
11/23/2019,SGR,TX,ASW,CE,Federal Contract Tower,0,12,40,0,52,0,0,108,0,108,0,12,148,0,160,90,0,90,250
11/24/2019,SGR,TX,ASW,CE,Federal Contract Tower,0,13,40,0,53,0,3,85,0,88,0,16,125,0,141,126,0,126,267
11/25/2019,SGR,TX,ASW,CE,Federal Contract Tower,0,18,64,0,82,0,4,77,0,81,0,22,141,0,163,50,0,50,213
11/26/2019,SGR,TX,ASW,CE,Federal Contract Tower,0,27,75,0,102,0,0,8,0,8,0,27,83,0,110,0,0,0,110
11/27/2019,SGR,TX,ASW,CE,Federal Contract Tower,0,16,59,3,78,0,0,59,0,59,0,16,118,3,137,60,0,60,197
11/28/2019,SGR,TX,ASW,CE,Federal Contract Tower,0,4,21,0,25,0,0,6,0,6,0,4,27,0,31,0,0,0,31
11/29/2019,SGR,TX,ASW,CE,Federal Contract Tower,0,12,23,0,35,0,0,0,0,0,0,12,23,0,35,0,0,0,35
11/30/2019,SGR,TX,ASW,CE,Federal Contract Tower,0,29,31,0,60,0,0,5,0,5,0,29,36,0,65,8,0,8,73
12/01/2019,SGR,TX,ASW,CE,Federal Contract Tower,0,29,64,0,93,0,0,89,0,89,0,29,153,0,182,66,0,66,248
12/02/2019,SGR,TX,ASW,CE,Federal Contract Tower,0,14,55,0,69,0,3,84,0,87,0,17,139,0,156,44,0,44,200
12/03/2019,SGR,TX,ASW,CE,Federal Contract Tower,0,17,66,0,83,0,1,85,0,86,0,18,151,0,169,72,0,72,241
12/05/2019,SGR,TX,ASW,CE,Federal Contract Tower,0,22,72,0,94,0,5,74,0,79,0,27,146,0,173,72,0,72,245
12/06/2019,SGR,TX,ASW,CE,Federal Contract Tower,0,19,61,0,80,0,2,75,0,77,0,21,136,0,157,104,0,104,261
12/07/2019,SGR,TX,ASW,CE,Federal Contract Tower,0,11,33,0,44,0,10,102,0,112,0,21,135,0,156,112,0,112,268
12/08/2019,SGR,TX,ASW,CE,Federal Contract Tower,0,20,45,0,65,0,9,77,0,86,0,29,122,0,151,104,0,104,255
12/09/2019,SGR,TX,ASW,CE,Federal Contract Tower,0,19,62,0,81,0,4,26,0,30,0,23,88,0,111,12,0,12,123
12/10/2019,SGR,TX,ASW,CE,Federal Contract Tower,0,6,53,0,59,0,0,3,0,3,0,6,56,0,62,0,0,0,62
12/11/2019,SGR,TX,ASW,CE,Federal Contract Tower,0,14,92,0,106,0,4,61,0,65,0,18,153,0,171,42,0,42,213
12/12/2019,SGR,TX,ASW,CE,Federal Contract Tower,0,15,70,0,85,0,4,78,0,82,0,19,148,0,167,78,0,78,245
12/13/2019,SGR,TX,ASW,CE,Federal Contract Tower,0,11,49,0,60,0,0,83,0,83,0,11,132,0,143,90,0,90,233
12/14/2019,SGR,TX,ASW,CE,Federal Contract Tower,0,10,27,0,37,0,0,73,0,73,0,10,100,0,110,52,0,52,162
12/15/2019,SGR,TX,ASW,CE,Federal Contract Tower,0,17,57,0,74,0,0,50,0,50,0,17,107,0,124,58,0,58,182
12/16/2019,SGR,TX,ASW,CE,Federal Contract Tower,0,18,57,0,75,0,0,5,0,5,0,18,62,0,80,16,0,16,96
12/17/2019,SGR,TX,ASW,CE,Federal Contract Tower,0,18,87,0,105,0,11,75,0,86,0,29,162,0,191,80,0,80,271
12/18/2019,SGR,TX,ASW,CE,Federal Contract Tower,0,10,71,0,81,0,4,98,6,108,0,14,169,6,189,118,0,118,307
12/19/2019,SGR,TX,ASW,CE,Federal Contract Tower,0,15,52,0,67,0,1,91,0,92,0,16,143,0,159,94,0,94,253
12/20/2019,SGR,TX,ASW,CE,Federal Contract Tower,0,31,50,0,81,0,0,61,0,61,0,31,111,0,142,64,0,64,206
12/21/2019,SGR,TX,ASW,CE,Federal Contract Tower,0,11,41,0,52,0,0,56,0,56,0,11,97,0,108,36,0,36,144
12/22/2019,SGR,TX,ASW,CE,Federal Contract Tower,0,10,45,0,55,0,2,86,0,88,0,12,131,0,143,98,0,98,241
12/23/2019,SGR,TX,ASW,CE,Federal Contract Tower,0,15,34,0,49,0,4,98,0,102,0,19,132,0,151,64,0,64,215
12/24/2019,SGR,TX,ASW,CE,Federal Contract Tower,0,7,20,0,27,0,0,69,0,69,0,7,89,0,96,60,0,60,156
12/25/2019,SGR,TX,ASW,CE,Federal Contract Tower,0,16,16,0,32,0,0,7,0,7,0,16,23,0,39,10,0,10,49
12/26/2019,SGR,TX,ASW,CE,Federal Contract Tower,0,13,41,0,54,0,0,75,0,75,0,13,116,0,129,60,0,60,189
12/27/2019,SGR,TX,ASW,CE,Federal Contract Tower,0,20,40,0,60,0,0,13,0,13,0,20,53,0,73,24,0,24,97
12/28/2019,SGR,TX,ASW,CE,Federal Contract Tower,0,21,41,0,62,0,1,25,0,26,0,22,66,0,88,10,0,10,98
12/29/2019,SGR,TX,ASW,CE,Federal Contract Tower,0,13,33,0,46,0,4,45,0,49,0,17,78,0,95,52,0,52,147
12/30/2019,SGR,TX,ASW,CE,Federal Contract Tower,0,19,41,0,60,0,3,105,0,108,0,22,146,0,168,90,0,90,258
12/31/2019,SGR,TX,ASW,CE,Federal Contract Tower,0,13,29,0,42,0,0,0,0,0,0,13,29,0,42,68,0,68,110
01/01/2020,SGR,TX,ASW,CE,Federal Contract Tower,0,11,22,0,33,0,0,9,0,9,0,11,31,0,42,0,0,0,42
01/02/2020,SGR,TX,ASW,CE,Federal Contract Tower,0,20,34,0,54,0,0,7,0,7,0,20,41,0,61,10,0,10,71
01/03/2020,SGR,TX,ASW,CE,Federal Contract Tower,0,15,31,0,46,0,0,46,0,46,0,15,77,0,92,50,0,50,142
01/04/2020,SGR,TX,ASW,CE,Federal Contract Tower,0,22,48,0,70,0,0,83,0,83,0,22,131,0,153,118,0,118,271
01/05/2020,SGR,TX,ASW,CE,Federal Contract Tower,0,25,46,0,71,0,2,70,0,72,0,27,116,0,143,112,0,112,255
01/06/2020,SGR,TX,ASW,CE,Federal Contract Tower,0,13,41,0,54,0,7,65,0,72,0,20,106,0,126,90,0,90,216
01/07/2020,SGR,TX,ASW,CE,Federal Contract Tower,0,15,72,1,88,0,8,73,0,81,0,23,145,1,169,38,0,38,207
01/08/2020,SGR,TX,ASW,CE,Federal Contract Tower,0,18,50,0,68,0,4,83,0,87,0,22,133,0,155,86,0,86,241
01/09/2020,SGR,TX,ASW,CE,Federal Contract Tower,0,8,52,0,60,0,2,29,0,31,0,10,81,0,91,34,0,34,125
01/10/2020,SGR,TX,ASW,CE,Federal Contract Tower,0,10,54,0,64,0,2,4,0,6,0,12,58,0,70,12,0,12,82
01/11/2020,SGR,TX,ASW,CE,Federal Contract Tower,0,10,29,0,39,0,0,52,0,52,0,10,81,0,91,68,0,68,159
01/12/2020,SGR,TX,ASW,CE,Federal Contract Tower,0,14,60,0,74,0,0,94,0,94,0,14,154,0,168,76,0,76,244
01/13/2020,SGR,TX,ASW,CE,Federal Contract Tower,0,14,33,0,47,0,0,0,0,0,0,14,33,0,47,0,0,0,47
01/14/2020,SGR,TX,ASW,CE,Federal Contract Tower,0,25,46,0,71,0,0,9,0,9,0,25,55,0,80,10,0,10,90
01/15/2020,SGR,TX,ASW,CE,Federal Contract Tower,0,18,48,0,66,0,7,35,0,42,0,25,83,0,108,56,0,56,164
01/16/2020,SGR,TX,ASW,CE,Federal Contract Tower,0,21,63,0,84,0,2,4,0,6,0,23,67,0,90,14,0,14,104
01/17/2020,SGR,TX,ASW,CE,Federal Contract Tower,0,24,79,0,103,0,1,5,0,6,0,25,84,0,109,6,0,6,115
01/18/2020,SGR,TX,ASW,CE,Federal Contract Tower,0,5,37,0,42,0,0,19,0,19,0,5,56,0,61,18,0,18,79
01/19/2020,SGR,TX,ASW,CE,Federal Contract Tower,0,8,49,0,57,0,0,82,0,82,0,8,131,0,139,112,0,112,251
01/20/2020,SGR,TX,ASW,CE,Federal Contract Tower,0,14,63,0,77,0,8,118,0,126,0,22,181,0,203,110,0,110,313
01/21/2020,SGR,TX,ASW,CE,Federal Contract Tower,0,8,67,3,78,0,2,83,1,86,0,10,150,4,164,110,0,110,274
01/22/2020,SGR,TX,ASW,CE,Federal Contract Tower,0,24,39,0,63,0,1,0,0,1,0,25,39,0,64,0,0,0,64
01/23/2020,SGR,TX,ASW,CE,Federal Contract Tower,0,26,82,0,108,0,0,57,1,58,0,26,139,1,166,82,0,82,248
01/24/2020,SGR,TX,ASW,CE,Federal Contract Tower,0,6,52,0,58,0,0,98,0,98,0,6,150,0,156,130,0,130,286
01/25/2020,SGR,TX,ASW,CE,Federal Contract Tower,0,10,34,0,44,0,0,67,0,67,0,10,101,0,111,100,0,100,211
01/26/2020,SGR,TX,ASW,CE,Federal Contract Tower,0,15,47,0,62,0,0,50,0,50,0,15,97,0,112,50,0,50,162
01/27/2020,SGR,TX,ASW,CE,Federal Contract Tower,0,14,74,4,92,0,2,45,0,47,0,16,119,4,139,114,0,114,253
01/28/2020,SGR,TX,ASW,CE,Federal Contract Tower,0,16,60,0,76,0,0,25,0,25,0,16,85,0,101,18,0,18,119
01/29/2020,SGR,TX,ASW,CE,Federal Contract Tower,0,22,79,0,101,0,6,65,0,71,0,28,144,0,172,74,2,76,248
01/30/2020,SGR,TX,ASW,CE,Federal Contract Tower,0,26,90,0,116,0,6,29,0,35,0,32,119,0,151,48,0,48,199
01/31/2020,SGR,TX,ASW,CE,Federal Contract Tower,0,21,79,0,100,0,5,56,0,61,0,26,135,0,161,100,0,100,261
02/01/2020,SGR,TX,ASW,CE,Federal Contract Tower,0,11,29,0,40,0,8,105,0,113,0,19,134,0,153,124,0,124,277
02/02/2020,SGR,TX,ASW,CE,Federal Contract Tower,0,10,30,0,40,0,3,84,0,87,0,13,114,0,127,158,0,158,285
02/03/2020,SGR,TX,ASW,CE,Federal Contract Tower,0,13,64,0,77,0,1,57,0,58,0,14,121,0,135,26,0,26,161
02/04/2020,SGR,TX,ASW,CE,Federal Contract Tower,0,13,67,0,80,0,7,37,0,44,0,20,104,0,124,86,0,86,210
02/05/2020,SGR,TX,ASW,CE,Federal Contract Tower,0,25,63,0,88,0,0,4,0,4,0,25,67,0,92,0,0,0,92
02/06/2020,SGR,TX,ASW,CE,Federal Contract Tower,0,19,58,0,77,0,8,64,0,72,0,27,122,0,149,62,0,62,211
02/07/2020,SGR,TX,ASW,CE,Federal Contract Tower,0,26,81,0,107,0,2,58,0,60,0,28,139,0,167,80,0,80,247
02/08/2020,SGR,TX,ASW,CE,Federal Contract Tower,0,9,40,0,49,0,0,65,0,65,0,9,105,0,114,124,0,124,238
02/09/2020,SGR,TX,ASW,CE,Federal Contract Tower,0,23,40,0,63,0,0,15,0,15,0,23,55,0,78,22,0,22,100
02/10/2020,SGR,TX,ASW,CE,Federal Contract Tower,0,15,52,0,67,0,13,15,0,28,0,28,67,0,95,34,0,34,129
02/11/2020,SGR,TX,ASW,CE,Federal Contract Tower,0,13,85,0,98,0,0,0,0,0,0,13,85,0,98,0,0,0,98
02/12/2020,SGR,TX,ASW,CE,Federal Contract Tower,0,8,72,0,80,0,3,0,0,3,0,11,72,0,83,0,0,0,83
02/13/2020,SGR,TX,ASW,CE,Federal Contract Tower,0,23,67,1,91,0,4,86,0,90,0,27,153,1,181,110,0,110,291
02/14/2020,SGR,TX,ASW,CE,Federal Contract Tower,0,25,43,2,70,0,4,94,0,98,0,29,137,2,168,98,0,98,266
02/15/2020,SGR,TX,ASW,CE,Federal Contract Tower,0,12,14,0,26,0,0,86,0,86,0,12,100,0,112,110,0,110,222
02/16/2020,SGR,TX,ASW,CE,Federal Contract Tower,0,15,31,0,46,0,0,62,0,62,0,15,93,0,108,66,0,66,174
02/17/2020,SGR,TX,ASW,CE,Federal Contract Tower,0,25,54,0,79,0,7,33,0,40,0,32,87,0,119,6,0,6,125
02/18/2020,SGR,TX,ASW,CE,Federal Contract Tower,0,7,64,0,71,0,1,27,0,28,0,8,91,0,99,40,0,40,139
02/19/2020,SGR,TX,ASW,CE,Federal Contract Tower,0,21,66,0,87,0,4,14,0,18,0,25,80,0,105,26,0,26,131
02/20/2020,SGR,TX,ASW,CE,Federal Contract Tower,0,15,70,0,85,0,0,4,0,4,0,15,74,0,89,0,0,0,89
02/21/2020,SGR,TX,ASW,CE,Federal Contract Tower,0,14,70,0,84,0,0,101,0,101,0,14,171,0,185,114,0,114,299
02/22/2020,SGR,TX,ASW,CE,Federal Contract Tower,0,9,29,0,38,0,1,82,1,84,0,10,111,1,122,134,0,134,256
02/23/2020,SGR,TX,ASW,CE,Federal Contract Tower,0,14,42,0,56,0,2,74,0,76,0,16,116,0,132,72,0,72,204
02/24/2020,SGR,TX,ASW,CE,Federal Contract Tower,0,6,43,1,50,0,7,47,1,55,0,13,90,2,105,78,0,78,183
02/25/2020,SGR,TX,ASW,CE,Federal Contract Tower,0,10,65,0,75,0,6,81,3,90,0,16,146,3,165,130,0,130,295
02/26/2020,SGR,TX,ASW,CE,Federal Contract Tower,0,14,59,0,73,0,1,45,4,50,0,15,104,4,123,40,0,40,163
02/27/2020,SGR,TX,ASW,CE,Federal Contract Tower,0,20,61,0,81,0,4,109,0,113,0,24,170,0,194,188,0,188,382
02/28/2020,SGR,TX,ASW,CE,Federal Contract Tower,0,14,52,0,66,0,0,86,0,86,0,14,138,0,152,128,0,128,280
03/01/2020,SGR,TX,ASW,CE,Federal Contract Tower,0,8,43,0,51,0,0,47,0,47,0,8,90,0,98,72,0,72,170
03/02/2020,SGR,TX,ASW,CE,Federal Contract Tower,0,14,62,0,76,0,4,45,0,49,0,18,107,0,125,72,0,72,197
03/03/2020,SGR,TX,ASW,CE,Federal Contract Tower,0,14,59,0,73,0,3,37,0,40,0,17,96,0,113,28,0,28,141
03/04/2020,SGR,TX,ASW,CE,Federal Contract Tower,0,11,37,0,48,0,2,13,0,15,0,13,50,0,63,46,0,46,109
03/05/2020,SGR,TX,ASW,CE,Federal Contract Tower,0,26,82,4,112,0,8,100,2,110,0,34,182,6,222,102,0,102,324
03/06/2020,SGR,TX,ASW,CE,Federal Contract Tower,0,12,57,0,69,0,3,125,3,131,0,15,182,3,200,98,0,98,298
03/07/2020,SGR,TX,ASW,CE,Federal Contract Tower,0,21,38,1,60,0,6,83,0,89,0,27,121,1,149,156,0,156,305
03/08/2020,SGR,TX,ASW,CE,Federal Contract Tower,0,13,47,0,60,0,0,60,0,60,0,13,107,0,120,42,0,42,162
03/09/2020,SGR,TX,ASW,CE,Federal Contract Tower,0,13,73,0,86,0,4,43,0,47,0,17,116,0,133,58,0,58,191
03/10/2020,SGR,TX,ASW,CE,Federal Contract Tower,0,17,48,0,65,0,6,36,0,42,0,23,84,0,107,62,0,62,169
03/11/2020,SGR,TX,ASW,CE,Federal Contract Tower,0,11,71,0,82,0,5,54,0,59,0,16,125,0,141,68,0,68,209
03/12/2020,SGR,TX,ASW,CE,Federal Contract Tower,0,16,69,0,85,0,4,68,0,72,0,20,137,0,157,94,0,94,251
03/13/2020,SGR,TX,ASW,CE,Federal Contract Tower,0,18,51,0,69,0,4,57,8,69,0,22,108,8,138,128,0,128,266
03/14/2020,SGR,TX,ASW,CE,Federal Contract Tower,0,12,46,0,58,0,0,62,0,62,0,12,108,0,120,158,0,158,278
03/15/2020,SGR,TX,ASW,CE,Federal Contract Tower,0,12,38,0,50,0,0,30,0,30,0,12,68,0,80,70,0,70,150
03/16/2020,SGR,TX,ASW,CE,Federal Contract Tower,0,7,33,0,40,0,4,35,0,39,0,11,68,0,79,96,0,96,175
03/17/2020,SGR,TX,ASW,CE,Federal Contract Tower,0,7,37,0,44,0,0,32,0,32,0,7,69,0,76,14,0,14,90
03/18/2020,SGR,TX,ASW,CE,Federal Contract Tower,0,24,31,0,55,0,2,52,2,56,0,26,83,2,111,72,2,74,185
03/19/2020,SGR,TX,ASW,CE,Federal Contract Tower,0,2,17,0,19,0,2,44,0,46,0,4,61,0,65,74,0,74,139
03/20/2020,SGR,TX,ASW,CE,Federal Contract Tower,0,6,15,0,21,0,0,1,0,1,0,6,16,0,22,0,0,0,22
03/21/2020,SGR,TX,ASW,CE,Federal Contract Tower,0,4,17,0,21,0,0,0,0,0,0,4,17,0,21,0,0,0,21
03/22/2020,SGR,TX,ASW,CE,Federal Contract Tower,0,4,26,0,30,0,0,0,0,0,0,4,26,0,30,0,0,0,30
03/23/2020,SGR,TX,ASW,CE,Federal Contract Tower,0,6,24,0,30,0,4,50,0,54,0,10,74,0,84,70,0,70,154
03/24/2020,SGR,TX,ASW,CE,Federal Contract Tower,0,0,23,0,23,0,9,59,0,68,0,9,82,0,91,64,0,64,155
03/25/2020,SGR,TX,ASW,CE,Federal Contract Tower,0,6,12,0,18,0,5,75,0,80,0,11,87,0,98,128,0,128,226
03/26/2020,SGR,TX,ASW,CE,Federal Contract Tower,0,2,17,0,19,0,3,56,0,59,0,5,73,0,78,82,0,82,160
03/27/2020,SGR,TX,ASW,CE,Federal Contract Tower,0,2,14,0,16,0,0,63,0,63,0,2,77,0,79,142,0,142,221
03/28/2020,SGR,TX,ASW,CE,Federal Contract Tower,0,4,9,0,13,0,0,35,0,35,0,4,44,0,48,44,0,44,92
03/29/2020,SGR,TX,ASW,CE,Federal Contract Tower,0,3,15,0,18,0,0,65,0,65,0,3,80,0,83,134,0,134,217
03/30/2020,SGR,TX,ASW,CE,Federal Contract Tower,0,0,6,0,6,0,5,33,0,38,0,5,39,0,44,30,0,30,74
03/31/2020,SGR,TX,ASW,CE,Federal Contract Tower,0,1,17,0,18,0,3,48,0,51,0,4,65,0,69,82,0,82,151
04/01/2020,SGR,TX,ASW,CE,Federal Contract Tower,0,2,9,0,11,0,3,57,0,60,0,5,66,0,71,102,0,102,173
04/02/2020,SGR,TX,ASW,CE,Federal Contract Tower,0,2,16,0,18,0,2,23,0,25,0,4,39,0,43,48,0,48,91
04/03/2020,SGR,TX,ASW,CE,Federal Contract Tower,0,2,7,0,9,0,0,21,0,21,0,2,28,0,30,102,0,102,132
04/04/2020,SGR,TX,ASW,CE,Federal Contract Tower,0,5,0,0,5,0,0,0,0,0,0,5,0,0,5,0,0,0,5
04/05/2020,SGR,TX,ASW,CE,Federal Contract Tower,0,0,16,0,16,0,0,16,0,16,0,0,32,0,32,36,0,36,68
04/06/2020,SGR,TX,ASW,CE,Federal Contract Tower,0,0,18,0,18,0,6,6,0,12,0,6,24,0,30,0,0,0,30
04/07/2020,SGR,TX,ASW,CE,Federal Contract Tower,0,0,6,0,6,0,3,40,0,43,0,3,46,0,49,64,0,64,113
04/08/2020,SGR,TX,ASW,CE,Federal Contract Tower,0,4,21,0,25,0,7,41,0,48,0,11,62,0,73,78,0,78,151
04/09/2020,SGR,TX,ASW,CE,Federal Contract Tower,0,2,13,0,15,0,2,31,0,33,0,4,44,0,48,42,0,42,90
04/10/2020,SGR,TX,ASW,CE,Federal Contract Tower,0,0,22,0,22,0,2,19,2,23,0,2,41,2,45,12,8,20,65
04/11/2020,SGR,TX,ASW,CE,Federal Contract Tower,0,0,11,0,11,0,0,13,0,13,0,0,24,0,24,34,0,34,58
04/12/2020,SGR,TX,ASW,CE,Federal Contract Tower,0,0,4,0,4,0,0,6,0,6,0,0,10,0,10,2,0,2,12
04/13/2020,SGR,TX,ASW,CE,Federal Contract Tower,0,0,29,0,29,0,4,67,0,71,0,4,96,0,100,48,0,48,148
04/14/2020,SGR,TX,ASW,CE,Federal Contract Tower,0,1,23,0,24,0,10,65,0,75,0,11,88,0,99,102,0,102,201
04/15/2020,SGR,TX,ASW,CE,Federal Contract Tower,0,0,33,0,33,0,1,60,0,61,0,1,93,0,94,110,0,110,204
04/16/2020,SGR,TX,ASW,CE,Federal Contract Tower,0,1,17,0,18,0,3,51,0,54,0,4,68,0,72,46,0,46,118
04/17/2020,SGR,TX,ASW,CE,Federal Contract Tower,0,4,26,0,30,0,0,38,0,38,0,4,64,0,68,84,0,84,152
04/18/2020,SGR,TX,ASW,CE,Federal Contract Tower,0,1,19,0,20,0,0,13,0,13,0,1,32,0,33,40,0,40,73
04/19/2020,SGR,TX,ASW,CE,Federal Contract Tower,0,3,5,0,8,0,0,7,0,7,0,3,12,0,15,6,0,6,21
04/20/2020,SGR,TX,ASW,CE,Federal Contract Tower,0,8,32,0,40,0,2,29,0,31,0,10,61,0,71,14,0,14,85
04/21/2020,SGR,TX,ASW,CE,Federal Contract Tower,0,1,35,0,36,0,3,68,0,71,0,4,103,0,107,76,0,76,183
04/22/2020,SGR,TX,ASW,CE,Federal Contract Tower,0,0,10,0,10,0,2,17,0,19,0,2,27,0,29,54,0,54,83
04/23/2020,SGR,TX,ASW,CE,Federal Contract Tower,0,5,26,0,31,0,7,68,0,75,0,12,94,0,106,146,0,146,252
04/24/2020,SGR,TX,ASW,CE,Federal Contract Tower,0,1,14,0,15,0,3,87,0,90,0,4,101,0,105,118,0,118,223
04/25/2020,SGR,TX,ASW,CE,Federal Contract Tower,0,4,8,0,12,0,0,65,0,65,0,4,73,0,77,122,0,122,199
04/26/2020,SGR,TX,ASW,CE,Federal Contract Tower,0,6,20,13,39,0,2,70,0,72,0,8,90,13,111,68,0,68,179
04/27/2020,SGR,TX,ASW,CE,Federal Contract Tower,0,2,17,0,19,0,5,49,0,54,0,7,66,0,73,50,0,50,123
04/28/2020,SGR,TX,ASW,CE,Federal Contract Tower,0,5,18,0,23,0,2,7,0,9,0,7,25,0,32,22,0,22,54
04/29/2020,SGR,TX,ASW,CE,Federal Contract Tower,0,5,26,0,31,0,0,34,0,34,0,5,60,0,65,90,0,90,155
04/30/2020,SGR,TX,ASW,CE,Federal Contract Tower,0,3,23,1,27,0,2,94,3,99,0,5,117,4,126,106,2,108,234
05/01/2020,SGR,TX,ASW,CE,Federal Contract Tower,0,3,27,0,30,0,6,94,0,100,0,9,121,0,130,198,0,198,328
05/02/2020,SGR,TX,ASW,CE,Federal Contract Tower,0,0,21,0,21,0,3,73,0,76,0,3,94,0,97,104,0,104,201
05/03/2020,SGR,TX,ASW,CE,Federal Contract Tower,0,8,24,0,32,0,1,50,0,51,0,9,74,0,83,44,0,44,127
05/04/2020,SGR,TX,ASW,CE,Federal Contract Tower,0,4,24,1,29,0,5,60,0,65,0,9,84,1,94,62,0,62,156
05/05/2020,SGR,TX,ASW,CE,Federal Contract Tower,0,6,27,0,33,0,4,67,0,71,0,10,94,0,104,96,0,96,200
05/06/2020,SGR,TX,ASW,CE,Federal Contract Tower,0,6,43,0,49,0,10,67,0,77,0,16,110,0,126,40,0,40,166
05/07/2020,SGR,TX,ASW,CE,Federal Contract Tower,0,6,29,0,35,0,7,73,0,80,0,13,102,0,115,116,0,116,231
05/08/2020,SGR,TX,ASW,CE,Federal Contract Tower,0,7,28,0,35,0,3,22,0,25,0,10,50,0,60,14,0,14,74
05/09/2020,SGR,TX,ASW,CE,Federal Contract Tower,0,1,34,0,35,0,5,56,0,61,0,6,90,0,96,84,0,84,180
05/10/2020,SGR,TX,ASW,CE,Federal Contract Tower,0,2,41,0,43,0,2,75,0,77,0,4,116,0,120,88,0,88,208
05/11/2020,SGR,TX,ASW,CE,Federal Contract Tower,0,9,31,0,40,0,6,80,0,86,0,15,111,0,126,58,0,58,184
05/12/2020,SGR,TX,ASW,CE,Federal Contract Tower,0,5,31,0,36,0,12,70,0,82,0,17,101,0,118,88,0,88,206
05/13/2020,SGR,TX,ASW,CE,Federal Contract Tower,0,5,53,0,58,0,0,85,0,85,0,5,138,0,143,76,0,76,219
05/14/2020,SGR,TX,ASW,CE,Federal Contract Tower,0,6,23,0,29,0,5,53,0,58,0,11,76,0,87,72,0,72,159
05/15/2020,SGR,TX,ASW,CE,Federal Contract Tower,0,7,29,0,36,0,2,29,0,31,0,9,58,0,67,16,0,16,83
05/16/2020,SGR,TX,ASW,CE,Federal Contract Tower,0,4,13,0,17,0,1,14,0,15,0,5,27,0,32,60,0,60,92
05/17/2020,SGR,TX,ASW,CE,Federal Contract Tower,0,2,25,0,27,0,1,67,0,68,0,3,92,0,95,94,0,94,189
05/18/2020,SGR,TX,ASW,CE,Federal Contract Tower,0,6,39,0,45,0,6,86,0,92,0,12,125,0,137,142,0,142,279
05/19/2020,SGR,TX,ASW,CE,Federal Contract Tower,0,11,32,0,43,0,6,88,0,94,0,17,120,0,137,74,0,74,211
05/20/2020,SGR,TX,ASW,CE,Federal Contract Tower,0,12,64,0,76,0,7,71,0,78,0,19,135,0,154,98,0,98,252
05/21/2020,SGR,TX,ASW,CE,Federal Contract Tower,0,19,59,0,78,0,4,70,0,74,0,23,129,0,152,110,0,110,262
05/22/2020,SGR,TX,ASW,CE,Federal Contract Tower,0,17,38,0,55,0,5,53,0,58,0,22,91,0,113,124,0,124,237
05/23/2020,SGR,TX,ASW,CE,Federal Contract Tower,0,18,37,0,55,0,1,69,0,70,0,19,106,0,125,64,0,64,189
05/24/2020,SGR,TX,ASW,CE,Federal Contract Tower,0,3,8,0,11,0,2,15,0,17,0,5,23,0,28,12,0,12,40
05/25/2020,SGR,TX,ASW,CE,Federal Contract Tower,0,14,29,0,43,0,0,35,0,35,0,14,64,0,78,64,0,64,142
05/26/2020,SGR,TX,ASW,CE,Federal Contract Tower,0,5,27,0,32,0,6,81,0,87,0,11,108,0,119,64,0,64,183
05/27/2020,SGR,TX,ASW,CE,Federal Contract Tower,0,9,41,0,50,0,5,79,0,84,0,14,120,0,134,54,0,54,188
05/28/2020,SGR,TX,ASW,CE,Federal Contract Tower,0,11,48,0,59,0,3,68,0,71,0,14,116,0,130,112,0,112,242
05/29/2020,SGR,TX,ASW,CE,Federal Contract Tower,0,10,60,2,72,0,2,90,0,92,0,12,150,2,164,126,0,126,290
05/30/2020,SGR,TX,ASW,CE,Federal Contract Tower,0,5,33,0,38,0,0,74,0,74,0,5,107,0,112,108,0,108,220
05/31/2020,SGR,TX,ASW,CE,Federal Contract Tower,0,14,34,0,48,0,0,39,0,39,0,14,73,0,87,64,0,64,151
06/01/2020,SGR,TX,ASW,CE,Federal Contract Tower,0,5,52,0,57,0,9,54,0,63,0,14,106,0,120,44,0,44,164
06/02/2020,SGR,TX,ASW,CE,Federal Contract Tower,0,8,37,0,45,0,7,103,0,110,0,15,140,0,155,114,0,114,269
06/03/2020,SGR,TX,ASW,CE,Federal Contract Tower,0,16,44,0,60,0,11,63,0,74,0,27,107,0,134,62,2,64,198
06/05/2020,SGR,TX,ASW,CE,Federal Contract Tower,0,10,45,0,55,0,7,90,0,97,0,17,135,0,152,124,0,124,276
06/07/2020,SGR,TX,ASW,CE,Federal Contract Tower,0,7,28,0,35,0,8,60,0,68,0,15,88,0,103,76,0,76,179
06/08/2020,SGR,TX,ASW,CE,Federal Contract Tower,0,12,32,0,44,0,7,65,0,72,0,19,97,0,116,46,0,46,162
06/09/2020,SGR,TX,ASW,CE,Federal Contract Tower,0,10,60,0,70,0,6,72,0,78,0,16,132,0,148,70,0,70,218
06/10/2020,SGR,TX,ASW,CE,Federal Contract Tower,0,14,69,0,83,0,2,86,0,88,0,16,155,0,171,140,0,140,311
06/11/2020,SGR,TX,ASW,CE,Federal Contract Tower,0,12,56,0,68,0,3,105,2,110,0,15,161,2,178,90,0,90,268
06/12/2020,SGR,TX,ASW,CE,Federal Contract Tower,0,5,55,0,60,0,2,104,0,106,0,7,159,0,166,132,0,132,298
06/13/2020,SGR,TX,ASW,CE,Federal Contract Tower,0,10,29,0,39,0,0,76,0,76,0,10,105,0,115,108,0,108,223
06/14/2020,SGR,TX,ASW,CE,Federal Contract Tower,0,15,26,0,41,0,0,65,0,65,0,15,91,0,106,48,0,48,154
06/15/2020,SGR,TX,ASW,CE,Federal Contract Tower,0,16,41,0,57,0,0,78,0,78,0,16,119,0,135,112,0,112,247
06/16/2020,SGR,TX,ASW,CE,Federal Contract Tower,0,13,43,0,56,0,6,94,0,100,0,19,137,0,156,168,0,168,324
06/17/2020,SGR,TX,ASW,CE,Federal Contract Tower,0,24,52,0,76,0,7,97,2,106,0,31,149,2,182,82,0,82,264
06/18/2020,SGR,TX,ASW,CE,Federal Contract Tower,0,14,39,0,53,0,4,113,2,119,0,18,152,2,172,128,2,130,302
06/19/2020,SGR,TX,ASW,CE,Federal Contract Tower,0,11,43,0,54,0,1,78,0,79,0,12,121,0,133,94,0,94,227
06/20/2020,SGR,TX,ASW,CE,Federal Contract Tower,0,11,40,0,51,0,1,55,0,56,0,12,95,0,107,86,0,86,193
06/21/2020,SGR,TX,ASW,CE,Federal Contract Tower,0,12,28,0,40,0,0,32,0,32,0,12,60,0,72,48,0,48,120
06/22/2020,SGR,TX,ASW,CE,Federal Contract Tower,0,18,43,0,61,0,0,31,2,33,0,18,74,2,94,80,4,84,178
06/23/2020,SGR,TX,ASW,CE,Federal Contract Tower,0,13,40,0,53,0,8,60,0,68,0,21,100,0,121,86,0,86,207
06/24/2020,SGR,TX,ASW,CE,Federal Contract Tower,0,18,44,0,62,0,2,28,2,32,0,20,72,2,94,92,2,94,188
06/25/2020,SGR,TX,ASW,CE,Federal Contract Tower,0,15,40,0,55,0,6,17,0,23,0,21,57,0,78,24,0,24,102
06/26/2020,SGR,TX,ASW,CE,Federal Contract Tower,0,16,33,0,49,0,0,17,0,17,0,16,50,0,66,40,0,40,106
06/27/2020,SGR,TX,ASW,CE,Federal Contract Tower,0,11,43,0,54,0,2,60,0,62,0,13,103,0,116,142,0,142,258
06/28/2020,SGR,TX,ASW,CE,Federal Contract Tower,0,23,26,0,49,0,3,36,0,39,0,26,62,0,88,72,0,72,160
06/29/2020,SGR,TX,ASW,CE,Federal Contract Tower,0,16,33,0,49,0,8,97,0,105,0,24,130,0,154,74,0,74,228
06/30/2020,SGR,TX,ASW,CE,Federal Contract Tower,0,16,48,0,64,0,5,78,0,83,0,21,126,0,147,114,0,114,261
07/01/2020,SGR,TX,ASW,CE,Federal Contract Tower,0,17,56,0,73,0,0,69,0,69,0,17,125,0,142,106,0,106,248
07/02/2020,SGR,TX,ASW,CE,Federal Contract Tower,0,14,48,1,63,0,3,86,0,89,0,17,134,1,152,110,0,110,262
07/03/2020,SGR,TX,ASW,CE,Federal Contract Tower,0,13,33,0,46,0,0,100,0,100,0,13,133,0,146,142,0,142,288
07/04/2020,SGR,TX,ASW,CE,Federal Contract Tower,0,2,22,0,24,0,1,59,0,60,0,3,81,0,84,64,0,64,148
07/05/2020,SGR,TX,ASW,CE,Federal Contract Tower,0,12,34,0,46,0,0,43,0,43,0,12,77,0,89,52,0,52,141
07/06/2020,SGR,TX,ASW,CE,Federal Contract Tower,0,15,25,2,42,0,2,65,0,67,0,17,90,2,109,112,0,112,221
07/07/2020,SGR,TX,ASW,CE,Federal Contract Tower,0,13,36,0,49,0,12,86,0,98,0,25,122,0,147,70,0,70,217
07/08/2020,SGR,TX,ASW,CE,Federal Contract Tower,0,9,41,0,50,0,2,70,0,72,0,11,111,0,122,94,0,94,216
07/09/2020,SGR,TX,ASW,CE,Federal Contract Tower,0,9,42,0,51,0,3,85,0,88,0,12,127,0,139,84,0,84,223
07/10/2020,SGR,TX,ASW,CE,Federal Contract Tower,0,14,26,0,40,0,2,59,0,61,0,16,85,0,101,64,0,64,165
07/11/2020,SGR,TX,ASW,CE,Federal Contract Tower,0,14,21,0,35,0,0,70,0,70,0,14,91,0,105,132,0,132,237
07/12/2020,SGR,TX,ASW,CE,Federal Contract Tower,0,15,25,0,40,0,1,53,0,54,0,16,78,0,94,54,0,54,148
07/13/2020,SGR,TX,ASW,CE,Federal Contract Tower,0,9,30,0,39,0,5,48,0,53,0,14,78,0,92,56,0,56,148
07/14/2020,SGR,TX,ASW,CE,Federal Contract Tower,0,7,22,0,29,0,5,79,0,84,0,12,101,0,113,86,0,86,199
07/15/2020,SGR,TX,ASW,CE,Federal Contract Tower,0,12,41,0,53,0,8,79,2,89,0,20,120,2,142,126,0,126,268
07/16/2020,SGR,TX,ASW,CE,Federal Contract Tower,0,9,45,0,54,0,5,81,0,86,0,14,126,0,140,92,0,92,232
07/18/2020,SGR,TX,ASW,CE,Federal Contract Tower,0,8,16,0,24,0,2,68,0,70,0,10,84,0,94,90,0,90,184
07/19/2020,SGR,TX,ASW,CE,Federal Contract Tower,0,11,41,0,52,0,4,66,0,70,0,15,107,0,122,86,0,86,208
07/20/2020,SGR,TX,ASW,CE,Federal Contract Tower,0,8,35,0,43,0,3,54,0,57,0,11,89,0,100,58,0,58,158
07/21/2020,SGR,TX,ASW,CE,Federal Contract Tower,0,20,14,0,34,0,3,32,0,35,0,23,46,0,69,86,0,86,155
07/22/2020,SGR,TX,ASW,CE,Federal Contract Tower,0,7,32,0,39,0,2,42,0,44,0,9,74,0,83,24,0,24,107
07/23/2020,SGR,TX,ASW,CE,Federal Contract Tower,0,11,45,0,56,0,3,81,0,84,0,14,126,0,140,76,0,76,216
07/24/2020,SGR,TX,ASW,CE,Federal Contract Tower,0,6,35,0,41,0,0,40,0,40,0,6,75,0,81,54,0,54,135
07/25/2020,SGR,TX,ASW,CE,Federal Contract Tower,0,6,9,0,15,0,0,2,0,2,0,6,11,0,17,0,0,0,17
07/26/2020,SGR,TX,ASW,CE,Federal Contract Tower,0,20,26,0,46,0,1,13,0,14,0,21,39,0,60,34,0,34,94
07/27/2020,SGR,TX,ASW,CE,Federal Contract Tower,0,16,34,0,50,0,3,26,0,29,0,19,60,0,79,16,0,16,95
07/28/2020,SGR,TX,ASW,CE,Federal Contract Tower,0,15,29,2,46,0,1,24,0,25,0,16,53,2,71,28,0,28,99
07/29/2020,SGR,TX,ASW,CE,Federal Contract Tower,0,8,38,0,46,0,2,33,0,35,0,10,71,0,81,30,0,30,111
07/30/2020,SGR,TX,ASW,CE,Federal Contract Tower,0,16,25,0,41,0,4,109,0,113,0,20,134,0,154,138,0,138,292
07/31/2020,SGR,TX,ASW,CE,Federal Contract Tower,0,8,34,0,42,0,6,75,0,81,0,14,109,0,123,110,0,110,233
08/01/2020,SGR,TX,ASW,CE,Federal Contract Tower,0,18,14,0,32,0,1,40,0,41,0,19,54,0,73,74,0,74,147
08/02/2020,SGR,TX,ASW,CE,Federal Contract Tower,0,13,27,0,40,0,0,70,0,70,0,13,97,0,110,52,0,52,162
08/03/2020,SGR,TX,ASW,CE,Federal Contract Tower,0,11,29,0,40,0,1,76,0,77,0,12,105,0,117,68,0,68,185
08/04/2020,SGR,TX,ASW,CE,Federal Contract Tower,0,12,38,0,50,0,2,83,0,85,0,14,121,0,135,74,0,74,209
08/05/2020,SGR,TX,ASW,CE,Federal Contract Tower,0,17,39,0,56,0,0,71,0,71,0,17,110,0,127,46,0,46,173
08/06/2020,SGR,TX,ASW,CE,Federal Contract Tower,0,15,41,0,56,0,0,90,2,92,0,15,131,2,148,104,2,106,254
08/07/2020,SGR,TX,ASW,CE,Federal Contract Tower,0,10,42,0,52,0,2,74,0,76,0,12,116,0,128,34,0,34,162
08/08/2020,SGR,TX,ASW,CE,Federal Contract Tower,0,10,19,0,29,0,8,77,0,85,0,18,96,0,114,126,0,126,240
08/09/2020,SGR,TX,ASW,CE,Federal Contract Tower,0,15,30,0,45,0,2,46,0,48,0,17,76,0,93,58,0,58,151
08/10/2020,SGR,TX,ASW,CE,Federal Contract Tower,0,16,42,0,58,0,3,63,0,66,0,19,105,0,124,38,0,38,162
08/11/2020,SGR,TX,ASW,CE,Federal Contract Tower,0,13,44,0,57,0,6,70,0,76,0,19,114,0,133,92,0,92,225
08/12/2020,SGR,TX,ASW,CE,Federal Contract Tower,0,14,33,0,47,0,1,87,0,88,0,15,120,0,135,118,0,118,253
08/13/2020,SGR,TX,ASW,CE,Federal Contract Tower,0,15,48,2,65,0,1,103,8,112,0,16,151,10,177,106,2,108,285
08/14/2020,SGR,TX,ASW,CE,Federal Contract Tower,0,20,48,0,68,0,0,75,0,75,0,20,123,0,143,62,0,62,205
08/15/2020,SGR,TX,ASW,CE,Federal Contract Tower,0,12,26,0,38,0,0,73,0,73,0,12,99,0,111,86,0,86,197
08/16/2020,SGR,TX,ASW,CE,Federal Contract Tower,0,28,39,0,67,0,0,58,0,58,0,28,97,0,125,62,0,62,187
08/17/2020,SGR,TX,ASW,CE,Federal Contract Tower,0,17,34,0,51,0,4,42,0,46,0,21,76,0,97,52,0,52,149
08/18/2020,SGR,TX,ASW,CE,Federal Contract Tower,0,16,40,0,56,0,4,64,0,68,0,20,104,0,124,82,0,82,206
08/19/2020,SGR,TX,ASW,CE,Federal Contract Tower,0,13,43,0,56,0,0,86,0,86,0,13,129,0,142,48,0,48,190
08/20/2020,SGR,TX,ASW,CE,Federal Contract Tower,0,14,43,2,59,0,3,69,0,72,0,17,112,2,131,48,0,48,179
08/21/2020,SGR,TX,ASW,CE,Federal Contract Tower,0,9,29,0,38,0,1,65,0,66,0,10,94,0,104,88,0,88,192
08/22/2020,SGR,TX,ASW,CE,Federal Contract Tower,0,7,20,0,27,0,3,51,0,54,0,10,71,0,81,80,0,80,161
08/23/2020,SGR,TX,ASW,CE,Federal Contract Tower,0,17,36,0,53,0,2,73,0,75,0,19,109,0,128,50,0,50,178
08/24/2020,SGR,TX,ASW,CE,Federal Contract Tower,0,16,29,0,45,0,2,51,0,53,0,18,80,0,98,62,0,62,160
08/25/2020,SGR,TX,ASW,CE,Federal Contract Tower,0,19,31,0,50,0,6,69,0,75,0,25,100,0,125,68,0,68,193
08/26/2020,SGR,TX,ASW,CE,Federal Contract Tower,0,6,22,0,28,0,3,3,0,6,0,9,25,0,34,8,0,8,42
08/27/2020,SGR,TX,ASW,CE,Federal Contract Tower,0,8,11,1,20,0,7,58,0,65,0,15,69,1,85,44,0,44,129
08/28/2020,SGR,TX,ASW,CE,Federal Contract Tower,0,14,38,0,52,0,5,65,0,70,0,19,103,0,122,58,0,58,180
08/29/2020,SGR,TX,ASW,CE,Federal Contract Tower,0,13,26,0,39,0,0,71,3,74,0,13,97,3,113,81,0,81,194
08/30/2020,SGR,TX,ASW,CE,Federal Contract Tower,0,19,48,0,67,0,2,70,0,72,0,21,118,0,139,62,0,62,201
08/31/2020,SGR,TX,ASW,CE,Federal Contract Tower,0,8,21,0,29,0,7,50,0,57,0,15,71,0,86,58,0,58,144
09/01/2020,SGR,TX,ASW,CE,Federal Contract Tower,0,8,58,0,66,0,5,74,0,79,0,13,132,0,145,56,0,56,201
09/02/2020,SGR,TX,ASW,CE,Federal Contract Tower,0,17,63,0,80,0,2,61,0,63,0,19,124,0,143,38,0,38,181
09/03/2020,SGR,TX,ASW,CE,Federal Contract Tower,0,33,50,1,84,0,7,63,0,70,0,40,113,1,154,136,0,136,290
09/04/2020,SGR,TX,ASW,CE,Federal Contract Tower,0,25,40,0,65,0,2,42,0,44,0,27,82,0,109,20,0,20,129
09/05/2020,SGR,TX,ASW,CE,Federal Contract Tower,0,13,40,0,53,0,0,76,0,76,0,13,116,0,129,74,0,74,203
09/06/2020,SGR,TX,ASW,CE,Federal Contract Tower,0,7,18,0,25,0,0,63,0,63,0,7,81,0,88,52,0,52,140
09/07/2020,SGR,TX,ASW,CE,Federal Contract Tower,0,22,48,0,70,0,1,58,0,59,0,23,106,0,129,80,0,80,209
09/08/2020,SGR,TX,ASW,CE,Federal Contract Tower,0,7,34,0,41,0,2,24,2,28,0,9,58,2,69,0,0,0,69
09/09/2020,SGR,TX,ASW,CE,Federal Contract Tower,0,13,39,0,52,0,11,36,0,47,0,24,75,0,99,66,0,66,165
09/10/2020,SGR,TX,ASW,CE,Federal Contract Tower,0,12,42,0,54,0,5,19,0,24,0,17,61,0,78,4,0,4,82
09/11/2020,SGR,TX,ASW,CE,Federal Contract Tower,0,15,80,0,95,0,1,71,0,72,0,16,151,0,167,84,0,84,251
09/12/2020,SGR,TX,ASW,CE,Federal Contract Tower,0,18,38,0,56,0,0,80,0,80,0,18,118,0,136,82,0,82,218
09/13/2020,SGR,TX,ASW,CE,Federal Contract Tower,0,16,36,0,52,0,0,56,0,56,0,16,92,0,108,34,0,34,142
09/14/2020,SGR,TX,ASW,CE,Federal Contract Tower,0,13,40,0,53,0,6,47,0,53,0,19,87,0,106,14,0,14,120
09/15/2020,SGR,TX,ASW,CE,Federal Contract Tower,0,19,47,0,66,0,4,63,0,67,0,23,110,0,133,64,0,64,197
09/16/2020,SGR,TX,ASW,CE,Federal Contract Tower,0,13,47,0,60,0,7,66,0,73,0,20,113,0,133,38,0,38,171
09/17/2020,SGR,TX,ASW,CE,Federal Contract Tower,0,11,55,0,66,0,17,77,2,96,0,28,132,2,162,118,2,120,282
09/18/2020,SGR,TX,ASW,CE,Federal Contract Tower,0,13,54,0,67,0,0,65,0,65,0,13,119,0,132,76,0,76,208
09/19/2020,SGR,TX,ASW,CE,Federal Contract Tower,0,13,41,0,54,0,0,68,0,68,0,13,109,0,122,44,0,44,166
09/20/2020,SGR,TX,ASW,CE,Federal Contract Tower,0,20,61,0,81,0,0,35,0,35,0,20,96,0,116,42,0,42,158
09/21/2020,SGR,TX,ASW,CE,Federal Contract Tower,0,6,21,0,27,0,0,1,0,1,0,6,22,0,28,0,0,0,28
09/22/2020,SGR,TX,ASW,CE,Federal Contract Tower,0,9,24,0,33,0,0,0,0,0,0,9,24,0,33,0,0,0,33
09/23/2020,SGR,TX,ASW,CE,Federal Contract Tower,0,14,37,4,55,0,5,19,0,24,0,19,56,4,79,0,0,0,79
09/24/2020,SGR,TX,ASW,CE,Federal Contract Tower,0,23,67,2,92,0,2,48,0,50,0,25,115,2,142,48,0,48,190
09/25/2020,SGR,TX,ASW,CE,Federal Contract Tower,0,21,56,0,77,0,0,86,0,86,0,21,142,0,163,104,0,104,267
09/26/2020,SGR,TX,ASW,CE,Federal Contract Tower,0,16,24,0,40,0,2,79,0,81,0,18,103,0,121,126,0,126,247
09/27/2020,SGR,TX,ASW,CE,Federal Contract Tower,0,15,48,0,63,0,0,68,0,68,0,15,116,0,131,70,0,70,201
09/28/2020,SGR,TX,ASW,CE,Federal Contract Tower,0,16,61,0,77,0,3,31,2,36,0,19,92,2,113,18,0,18,131
09/29/2020,SGR,TX,ASW,CE,Federal Contract Tower,0,21,69,2,92,0,4,88,2,94,0,25,157,4,186,76,0,76,262
09/30/2020,SGR,TX,ASW,CE,Federal Contract Tower,0,20,36,0,56,0,6,91,2,99,0,26,127,2,155,96,0,96,251
10/01/2020,SGR,TX,ASW,CE,Federal Contract Tower,0,8,53,2,63,0,3,86,0,89,0,11,139,2,152,124,0,124,276
10/02/2020,SGR,TX,ASW,CE,Federal Contract Tower,0,19,51,0,70,0,1,84,0,85,0,20,135,0,155,112,0,112,267
10/04/2020,SGR,TX,ASW,CE,Federal Contract Tower,0,22,32,0,54,0,0,69,0,69,0,22,101,0,123,64,0,64,187
10/05/2020,SGR,TX,ASW,CE,Federal Contract Tower,0,23,49,0,72,0,2,74,0,76,0,25,123,0,148,68,0,68,216
10/06/2020,SGR,TX,ASW,CE,Federal Contract Tower,0,15,38,0,53,0,8,76,0,84,0,23,114,0,137,84,0,84,221
10/07/2020,SGR,TX,ASW,CE,Federal Contract Tower,0,17,50,0,67,0,2,84,0,86,0,19,134,0,153,64,0,64,217
10/08/2020,SGR,TX,ASW,CE,Federal Contract Tower,0,24,53,0,77,0,2,73,0,75,0,26,126,0,152,112,0,112,264
10/09/2020,SGR,TX,ASW,CE,Federal Contract Tower,0,5,33,0,38,0,0,8,0,8,0,5,41,0,46,22,0,22,68
10/10/2020,SGR,TX,ASW,CE,Federal Contract Tower,0,8,28,0,36,0,0,93,0,93,0,8,121,0,129,110,0,110,239
10/11/2020,SGR,TX,ASW,CE,Federal Contract Tower,0,10,39,0,49,0,0,84,0,84,0,10,123,0,133,86,0,86,219
10/12/2020,SGR,TX,ASW,CE,Federal Contract Tower,0,13,57,0,70,0,0,42,0,42,0,13,99,0,112,60,0,60,172
10/13/2020,SGR,TX,ASW,CE,Federal Contract Tower,0,29,55,0,84,0,21,59,0,80,0,50,114,0,164,74,0,74,238
10/15/2020,SGR,TX,ASW,CE,Federal Contract Tower,0,17,57,0,74,0,2,78,0,80,0,19,135,0,154,114,0,114,268
10/16/2020,SGR,TX,ASW,CE,Federal Contract Tower,0,19,87,0,106,0,2,8,0,10,0,21,95,0,116,2,0,2,118
10/17/2020,SGR,TX,ASW,CE,Federal Contract Tower,0,15,43,0,58,0,0,79,0,79,0,15,122,0,137,104,0,104,241
10/18/2020,SGR,TX,ASW,CE,Federal Contract Tower,0,15,39,0,54,0,0,69,0,69,0,15,108,0,123,78,0,78,201
10/19/2020,SGR,TX,ASW,CE,Federal Contract Tower,0,15,46,0,61,0,4,32,0,36,0,19,78,0,97,38,0,38,135
10/20/2020,SGR,TX,ASW,CE,Federal Contract Tower,0,13,43,0,56,0,7,63,0,70,0,20,106,0,126,112,0,112,238
10/21/2020,SGR,TX,ASW,CE,Federal Contract Tower,0,12,65,0,77,0,3,62,0,65,0,15,127,0,142,53,0,53,195
10/22/2020,SGR,TX,ASW,CE,Federal Contract Tower,0,17,59,0,76,0,33,74,0,107,0,50,133,0,183,120,0,120,303
10/23/2020,SGR,TX,ASW,CE,Federal Contract Tower,0,9,54,0,63,0,1,48,0,49,0,10,102,0,112,50,0,50,162
10/24/2020,SGR,TX,ASW,CE,Federal Contract Tower,0,9,49,0,58,0,2,82,0,84,0,11,131,0,142,160,0,160,302
10/25/2020,SGR,TX,ASW,CE,Federal Contract Tower,0,12,59,0,71,0,0,32,0,32,0,12,91,0,103,80,0,80,183
10/26/2020,SGR,TX,ASW,CE,Federal Contract Tower,0,10,43,0,53,0,8,48,1,57,0,18,91,1,110,64,0,64,174
10/27/2020,SGR,TX,ASW,CE,Federal Contract Tower,0,17,43,0,60,0,2,5,0,7,0,19,48,0,67,0,0,0,67
10/28/2020,SGR,TX,ASW,CE,Federal Contract Tower,0,11,56,0,67,0,0,11,0,11,0,11,67,0,78,38,0,38,116
10/29/2020,SGR,TX,ASW,CE,Federal Contract Tower,0,11,49,0,60,0,0,85,0,85,0,11,134,0,145,88,0,88,233
10/30/2020,SGR,TX,ASW,CE,Federal Contract Tower,0,14,61,0,75,0,0,128,0,128,0,14,189,0,203,102,0,102,305
10/31/2020,SGR,TX,ASW,CE,Federal Contract Tower,0,12,17,0,29,0,0,95,0,95,0,12,112,0,124,148,0,148,272
11/01/2020,SGR,TX,ASW,CE,Federal Contract Tower,0,11,33,0,44,0,0,83,0,83,0,11,116,0,127,94,0,94,221
11/02/2020,SGR,TX,ASW,CE,Federal Contract Tower,0,10,35,0,45,0,0,81,0,81,0,10,116,0,126,90,0,90,216
11/03/2020,SGR,TX,ASW,CE,Federal Contract Tower,0,9,46,0,55,0,5,77,0,82,0,14,123,0,137,118,0,118,255
11/04/2020,SGR,TX,ASW,CE,Federal Contract Tower,0,24,50,0,74,0,0,72,0,72,0,24,122,0,146,102,0,102,248
11/05/2020,SGR,TX,ASW,CE,Federal Contract Tower,0,29,60,0,89,0,0,70,6,76,0,29,130,6,165,98,4,102,267
11/06/2020,SGR,TX,ASW,CE,Federal Contract Tower,0,22,36,0,58,0,0,68,0,68,0,22,104,0,126,104,0,104,230
11/07/2020,SGR,TX,ASW,CE,Federal Contract Tower,0,10,30,0,40,0,0,90,0,90,0,10,120,0,130,116,0,116,246
11/08/2020,SGR,TX,ASW,CE,Federal Contract Tower,0,13,48,0,61,0,0,51,0,51,0,13,99,0,112,96,0,96,208
11/09/2020,SGR,TX,ASW,CE,Federal Contract Tower,0,20,45,1,66,0,2,44,0,46,0,22,89,1,112,66,0,66,178
11/10/2020,SGR,TX,ASW,CE,Federal Contract Tower,0,17,63,0,80,0,4,67,0,71,0,21,130,0,151,94,0,94,245
11/11/2020,SGR,TX,ASW,CE,Federal Contract Tower,0,10,80,0,90,0,7,74,0,81,0,17,154,0,171,76,0,76,247
11/12/2020,SGR,TX,ASW,CE,Federal Contract Tower,0,15,65,0,80,0,15,103,0,118,0,30,168,0,198,98,0,98,296
11/13/2020,SGR,TX,ASW,CE,Federal Contract Tower,0,20,55,0,75,0,1,23,1,25,0,21,78,1,100,30,0,30,130
11/14/2020,SGR,TX,ASW,CE,Federal Contract Tower,0,3,28,0,31,0,0,54,0,54,0,3,82,0,85,104,0,104,189
11/15/2020,SGR,TX,ASW,CE,Federal Contract Tower,0,16,42,0,58,0,0,72,2,74,0,16,114,2,132,72,0,72,204
11/16/2020,SGR,TX,ASW,CE,Federal Contract Tower,0,13,57,0,70,0,3,70,2,75,0,16,127,2,145,110,0,110,255
11/17/2020,SGR,TX,ASW,CE,Federal Contract Tower,0,2,48,0,50,0,4,108,3,115,0,6,156,3,165,156,0,156,321
11/18/2020,SGR,TX,ASW,CE,Federal Contract Tower,0,11,50,0,61,0,6,94,0,100,0,17,144,0,161,112,0,112,273
11/19/2020,SGR,TX,ASW,CE,Federal Contract Tower,0,17,54,0,71,0,3,74,1,78,0,20,128,1,149,88,0,88,237
11/20/2020,SGR,TX,ASW,CE,Federal Contract Tower,0,25,55,0,80,0,4,58,0,62,0,29,113,0,142,98,0,98,240
11/21/2020,SGR,TX,ASW,CE,Federal Contract Tower,0,18,46,0,64,0,0,70,0,70,0,18,116,0,134,106,0,106,240
11/22/2020,SGR,TX,ASW,CE,Federal Contract Tower,0,12,49,0,61,0,0,77,0,77,0,12,126,0,138,142,0,142,280
11/23/2020,SGR,TX,ASW,CE,Federal Contract Tower,0,11,65,0,76,0,1,21,0,22,0,12,86,0,98,58,0,58,156
11/24/2020,SGR,TX,ASW,CE,Federal Contract Tower,0,10,31,1,42,0,2,46,1,49,0,12,77,2,91,72,0,72,163
11/25/2020,SGR,TX,ASW,CE,Federal Contract Tower,0,10,46,0,56,0,2,58,0,60,0,12,104,0,116,88,0,88,204
11/26/2020,SGR,TX,ASW,CE,Federal Contract Tower,0,4,16,0,20,0,0,5,0,5,0,4,21,0,25,0,0,0,25
11/27/2020,SGR,TX,ASW,CE,Federal Contract Tower,0,16,17,0,33,0,0,0,0,0,0,16,17,0,33,0,0,0,33
11/28/2020,SGR,TX,ASW,CE,Federal Contract Tower,0,15,18,0,33,0,0,0,0,0,0,15,18,0,33,0,0,0,33
11/29/2020,SGR,TX,ASW,CE,Federal Contract Tower,0,27,99,0,126,0,0,16,0,16,0,27,115,0,142,0,0,0,142
11/30/2020,SGR,TX,ASW,CE,Federal Contract Tower,0,8,60,1,69,0,6,90,1,97,0,14,150,2,166,84,0,84,250
12/01/2020,SGR,TX,ASW,CE,Federal Contract Tower,0,13,47,0,60,0,4,100,0,104,0,17,147,0,164,124,0,124,288
12/02/2020,SGR,TX,ASW,CE,Federal Contract Tower,0,10,25,0,35,0,0,3,0,3,0,10,28,0,38,4,0,4,42
12/03/2020,SGR,TX,ASW,CE,Federal Contract Tower,0,14,73,0,87,0,4,84,0,88,0,18,157,0,175,134,0,134,309
12/04/2020,SGR,TX,ASW,CE,Federal Contract Tower,0,10,50,0,60,0,2,95,0,97,0,12,145,0,157,88,0,88,245
12/05/2020,SGR,TX,ASW,CE,Federal Contract Tower,0,17,21,0,38,0,0,84,0,84,0,17,105,0,122,118,0,118,240
12/06/2020,SGR,TX,ASW,CE,Federal Contract Tower,0,24,53,0,77,0,1,82,0,83,0,25,135,0,160,98,0,98,258
12/07/2020,SGR,TX,ASW,CE,Federal Contract Tower,0,16,36,0,52,0,4,76,0,80,0,20,112,0,132,78,0,78,210
12/08/2020,SGR,TX,ASW,CE,Federal Contract Tower,0,12,52,3,67,0,6,88,0,94,0,18,140,3,161,120,0,120,281
12/09/2020,SGR,TX,ASW,CE,Federal Contract Tower,0,9,60,0,69,0,4,96,2,102,0,13,156,2,171,106,0,106,277
12/10/2020,SGR,TX,ASW,CE,Federal Contract Tower,0,13,57,0,70,0,2,71,0,73,0,15,128,0,143,142,0,142,285
12/11/2020,SGR,TX,ASW,CE,Federal Contract Tower,0,14,32,0,46,0,0,24,0,24,0,14,56,0,70,60,0,60,130
12/12/2020,SGR,TX,ASW,CE,Federal Contract Tower,0,15,32,0,47,0,0,21,0,21,0,15,53,0,68,12,0,12,80
12/13/2020,SGR,TX,ASW,CE,Federal Contract Tower,0,18,30,0,48,0,0,1,0,1,0,18,31,0,49,0,0,0,49
12/14/2020,SGR,TX,ASW,CE,Federal Contract Tower,0,8,42,0,50,0,0,46,0,46,0,8,88,0,96,86,0,86,182
12/15/2020,SGR,TX,ASW,CE,Federal Contract Tower,0,14,78,0,92,0,5,0,0,5,0,19,78,0,97,0,0,0,97
12/16/2020,SGR,TX,ASW,CE,Federal Contract Tower,0,58,58,0,116,0,8,86,0,94,0,66,144,0,210,70,0,70,280
12/17/2020,SGR,TX,ASW,CE,Federal Contract Tower,0,14,56,1,71,0,6,107,1,114,0,20,163,2,185,118,0,118,303
12/18/2020,SGR,TX,ASW,CE,Federal Contract Tower,0,17,62,0,79,0,2,83,0,85,0,19,145,0,164,40,0,40,204
12/19/2020,SGR,TX,ASW,CE,Federal Contract Tower,0,21,17,0,38,0,0,5,0,5,0,21,22,0,43,0,0,0,43
12/20/2020,SGR,TX,ASW,CE,Federal Contract Tower,0,27,56,0,83,0,0,109,0,109,0,27,165,0,192,96,0,96,288
12/21/2020,SGR,TX,ASW,CE,Federal Contract Tower,0,10,32,0,42,0,2,73,0,75,0,12,105,0,117,66,0,66,183
12/22/2020,SGR,TX,ASW,CE,Federal Contract Tower,0,15,57,2,74,0,1,92,0,93,0,16,149,2,167,96,0,96,263
12/23/2020,SGR,TX,ASW,CE,Federal Contract Tower,0,14,48,0,62,0,2,18,0,20,0,16,66,0,82,40,0,40,122
12/24/2020,SGR,TX,ASW,CE,Federal Contract Tower,0,7,12,0,19,0,0,26,0,26,0,7,38,0,45,10,0,10,55
12/25/2020,SGR,TX,ASW,CE,Federal Contract Tower,0,7,6,0,13,0,0,18,0,18,0,7,24,0,31,2,0,2,33
12/26/2020,SGR,TX,ASW,CE,Federal Contract Tower,0,14,29,0,43,0,0,80,0,80,0,14,109,0,123,110,0,110,233
12/27/2020,SGR,TX,ASW,CE,Federal Contract Tower,0,19,39,0,58,0,0,55,0,55,0,19,94,0,113,92,0,92,205
12/28/2020,SGR,TX,ASW,CE,Federal Contract Tower,0,22,32,0,54,0,4,59,0,63,0,26,91,0,117,80,0,80,197
12/29/2020,SGR,TX,ASW,CE,Federal Contract Tower,0,11,32,0,43,0,2,29,0,31,0,13,61,0,74,22,0,22,96
12/30/2020,SGR,TX,ASW,CE,Federal Contract Tower,0,16,41,0,57,0,0,16,2,18,0,16,57,2,75,12,0,12,87
12/31/2020,SGR,TX,ASW,CE,Federal Contract Tower,0,9,14,0,23,0,0,0,0,0,0,9,14,0,23,0,0,0,23
01/01/2021,SGR,TX,ASW,CE,Federal Contract Tower,0,16,30,0,46,0,0,26,0,26,0,16,56,0,72,8,0,8,80
01/02/2021,SGR,TX,ASW,CE,Federal Contract Tower,0,27,37,0,64,0,0,112,0,112,0,27,149,0,176,108,0,108,284
01/03/2021,SGR,TX,ASW,CE,Federal Contract Tower,0,22,45,0,67,0,0,92,0,92,0,22,137,0,159,34,0,34,193
01/04/2021,SGR,TX,ASW,CE,Federal Contract Tower,0,14,45,0,59,0,8,69,0,77,0,22,114,0,136,32,0,32,168
01/05/2021,SGR,TX,ASW,CE,Federal Contract Tower,0,22,53,1,76,0,7,82,1,90,0,29,135,2,166,62,0,62,228
01/06/2021,SGR,TX,ASW,CE,Federal Contract Tower,0,17,18,0,35,0,1,32,0,33,0,18,50,0,68,50,0,50,118
01/07/2021,SGR,TX,ASW,CE,Federal Contract Tower,0,16,50,0,66,0,4,65,0,69,0,20,115,0,135,42,0,42,177
01/08/2021,SGR,TX,ASW,CE,Federal Contract Tower,0,19,53,0,72,0,0,62,0,62,0,19,115,0,134,74,0,74,208
01/09/2021,SGR,TX,ASW,CE,Federal Contract Tower,0,6,29,0,35,0,1,103,0,104,0,7,132,0,139,140,0,140,279
01/10/2021,SGR,TX,ASW,CE,Federal Contract Tower,0,17,21,0,38,0,0,0,0,0,0,17,21,0,38,0,0,0,38
01/11/2021,SGR,TX,ASW,CE,Federal Contract Tower,0,15,36,0,51,0,2,27,0,29,0,17,63,0,80,80,0,80,160
01/12/2021,SGR,TX,ASW,CE,Federal Contract Tower,0,21,55,0,76,0,5,57,2,64,0,26,112,2,140,74,0,74,214
01/13/2021,SGR,TX,ASW,CE,Federal Contract Tower,0,10,53,0,63,0,3,82,0,85,0,13,135,0,148,60,0,60,208
01/14/2021,SGR,TX,ASW,CE,Federal Contract Tower,0,21,40,1,62,0,3,79,2,84,0,24,119,3,146,22,0,22,168
01/15/2021,SGR,TX,ASW,CE,Federal Contract Tower,0,16,57,1,74,0,6,67,2,75,0,22,124,3,149,10,0,10,159
01/16/2021,SGR,TX,ASW,CE,Federal Contract Tower,0,9,31,0,40,0,0,73,0,73,0,9,104,0,113,102,0,102,215
01/17/2021,SGR,TX,ASW,CE,Federal Contract Tower,0,16,39,0,55,0,0,88,0,88,0,16,127,0,143,82,0,82,225
01/18/2021,SGR,TX,ASW,CE,Federal Contract Tower,0,17,52,0,69,0,2,89,0,91,0,19,141,0,160,88,0,88,248
01/19/2021,SGR,TX,ASW,CE,Federal Contract Tower,0,5,40,0,45,0,4,53,0,57,0,9,93,0,102,34,0,34,136
01/20/2021,SGR,TX,ASW,CE,Federal Contract Tower,0,20,71,0,91,0,0,0,0,0,0,20,71,0,91,0,0,0,91
01/21/2021,SGR,TX,ASW,CE,Federal Contract Tower,0,23,51,0,74,0,0,0,0,0,0,23,51,0,74,0,0,0,74
01/22/2021,SGR,TX,ASW,CE,Federal Contract Tower,0,14,30,0,44,0,0,14,0,14,0,14,44,0,58,24,0,24,82
01/23/2021,SGR,TX,ASW,CE,Federal Contract Tower,0,8,42,0,50,0,0,0,0,0,0,8,42,0,50,0,0,0,50
01/24/2021,SGR,TX,ASW,CE,Federal Contract Tower,0,16,40,0,56,0,0,12,0,12,0,16,52,0,68,42,0,42,110
01/25/2021,SGR,TX,ASW,CE,Federal Contract Tower,0,11,33,0,44,0,2,49,0,51,0,13,82,0,95,26,0,26,121
01/26/2021,SGR,TX,ASW,CE,Federal Contract Tower,0,12,64,0,76,0,7,114,0,121,0,19,178,0,197,70,0,70,267
01/27/2021,SGR,TX,ASW,CE,Federal Contract Tower,0,19,65,0,84,0,2,68,0,70,0,21,133,0,154,58,0,58,212
01/28/2021,SGR,TX,ASW,CE,Federal Contract Tower,0,17,73,0,90,0,4,101,0,105,0,21,174,0,195,160,0,160,355
01/29/2021,SGR,TX,ASW,CE,Federal Contract Tower,0,13,52,0,65,0,0,116,10,126,0,13,168,10,191,130,8,138,329
01/30/2021,SGR,TX,ASW,CE,Federal Contract Tower,0,4,28,0,32,0,0,40,0,40,0,4,68,0,72,72,0,72,144
01/31/2021,SGR,TX,ASW,CE,Federal Contract Tower,0,13,52,0,65,0,0,112,0,112,0,13,164,0,177,40,0,40,217
02/01/2021,SGR,TX,ASW,CE,Federal Contract Tower,0,12,44,0,56,0,6,91,0,97,0,18,135,0,153,72,0,72,225
02/02/2021,SGR,TX,ASW,CE,Federal Contract Tower,0,14,49,0,63,0,2,87,0,89,0,16,136,0,152,104,0,104,256
02/03/2021,SGR,TX,ASW,CE,Federal Contract Tower,0,17,37,0,54,0,4,72,0,76,0,21,109,0,130,106,0,106,236
02/04/2021,SGR,TX,ASW,CE,Federal Contract Tower,0,18,52,0,70,0,2,56,0,58,0,20,108,0,128,62,0,62,190
02/05/2021,SGR,TX,ASW,CE,Federal Contract Tower,0,13,48,0,61,0,0,37,0,37,0,13,85,0,98,38,0,38,136
02/06/2021,SGR,TX,ASW,CE,Federal Contract Tower,0,13,34,0,47,0,0,26,0,26,0,13,60,0,73,22,0,22,95
02/07/2021,SGR,TX,ASW,CE,Federal Contract Tower,0,12,25,0,37,0,0,88,0,88,0,12,113,0,125,42,0,42,167
02/08/2021,SGR,TX,ASW,CE,Federal Contract Tower,0,22,41,0,63,0,1,66,0,67,0,23,107,0,130,78,0,78,208
02/09/2021,SGR,TX,ASW,CE,Federal Contract Tower,0,12,65,0,77,0,4,7,0,11,0,16,72,0,88,6,0,6,94
02/10/2021,SGR,TX,ASW,CE,Federal Contract Tower,0,0,0,0,0,0,0,0,0,0,0,0,0,0,0,0,0,0,0
02/11/2021,SGR,TX,ASW,CE,Federal Contract Tower,0,19,47,0,66,0,0,0,0,0,0,19,47,0,66,0,0,0,66
02/13/2021,SGR,TX,ASW,CE,Federal Contract Tower,0,17,17,0,34,0,0,4,0,4,0,17,21,0,38,4,0,4,42
02/14/2021,SGR,TX,ASW,CE,Federal Contract Tower,0,18,15,0,33,0,0,0,0,0,0,18,15,0,33,0,0,0,33
02/15/2021,SGR,TX,ASW,CE,Federal Contract Tower,0,0,0,0,0,0,0,0,0,0,0,0,0,0,0,0,0,0,0
02/16/2021,SGR,TX,ASW,CE,Federal Contract Tower,0,0,0,0,0,0,0,0,0,0,0,0,0,0,0,0,0,0,0
02/17/2021,SGR,TX,ASW,CE,Federal Contract Tower,0,4,4,0,8,0,0,0,0,0,0,4,4,0,8,0,0,0,8
02/18/2021,SGR,TX,ASW,CE,Federal Contract Tower,0,17,18,0,35,0,2,3,0,5,0,19,21,0,40,16,4,20,60
02/19/2021,SGR,TX,ASW,CE,Federal Contract Tower,0,9,21,0,30,0,0,69,0,69,0,9,90,0,99,134,0,134,233
02/20/2021,SGR,TX,ASW,CE,Federal Contract Tower,0,3,25,0,28,0,1,96,0,97,0,4,121,0,125,120,0,120,245
02/21/2021,SGR,TX,ASW,CE,Federal Contract Tower,0,9,35,0,44,0,0,46,0,46,0,9,81,0,90,70,0,70,160
02/22/2021,SGR,TX,ASW,CE,Federal Contract Tower,0,14,55,0,69,0,2,91,0,93,0,16,146,0,162,84,0,84,246
02/23/2021,SGR,TX,ASW,CE,Federal Contract Tower,0,22,68,0,90,0,3,106,0,109,0,25,174,0,199,62,0,62,261
02/24/2021,SGR,TX,ASW,CE,Federal Contract Tower,0,16,59,0,75,0,5,38,0,43,0,21,97,0,118,58,0,58,176
02/25/2021,SGR,TX,ASW,CE,Federal Contract Tower,0,21,48,0,69,0,0,5,0,5,0,21,53,0,74,18,0,18,92
02/26/2021,SGR,TX,ASW,CE,Federal Contract Tower,0,49,92,0,141,0,0,7,0,7,0,49,99,0,148,4,0,4,152
02/27/2021,SGR,TX,ASW,CE,Federal Contract Tower,0,11,46,0,57,0,0,32,0,32,0,11,78,0,89,64,0,64,153
02/28/2021,SGR,TX,ASW,CE,Federal Contract Tower,0,37,50,0,87,0,0,21,0,21,0,37,71,0,108,14,0,14,122
03/01/2021,SGR,TX,ASW,CE,Federal Contract Tower,0,19,34,0,53,0,2,0,0,2,0,21,34,0,55,0,0,0,55
03/02/2021,SGR,TX,ASW,CE,Federal Contract Tower,0,16,60,0,76,0,3,53,0,56,0,19,113,0,132,52,0,52,184
03/03/2021,SGR,TX,ASW,CE,Federal Contract Tower,0,23,54,0,77,0,0,97,0,97,0,23,151,0,174,40,0,40,214
03/04/2021,SGR,TX,ASW,CE,Federal Contract Tower,0,15,57,0,72,0,4,106,0,110,0,19,163,0,182,128,0,128,310
03/05/2021,SGR,TX,ASW,CE,Federal Contract Tower,0,15,47,0,62,0,1,59,0,60,0,16,106,0,122,126,0,126,248
03/06/2021,SGR,TX,ASW,CE,Federal Contract Tower,0,4,27,0,31,0,0,93,0,93,0,4,120,0,124,78,0,78,202
03/07/2021,SGR,TX,ASW,CE,Federal Contract Tower,0,23,59,0,82,0,0,93,0,93,0,23,152,0,175,48,0,48,223
03/08/2021,SGR,TX,ASW,CE,Federal Contract Tower,0,13,43,0,56,0,1,85,0,86,0,14,128,0,142,110,0,110,252
03/09/2021,SGR,TX,ASW,CE,Federal Contract Tower,0,13,35,0,48,0,8,52,0,60,0,21,87,0,108,26,0,26,134
03/10/2021,SGR,TX,ASW,CE,Federal Contract Tower,0,12,52,0,64,0,1,21,0,22,0,13,73,0,86,12,0,12,98
03/11/2021,SGR,TX,ASW,CE,Federal Contract Tower,0,21,84,5,110,0,1,51,0,52,0,22,135,5,162,102,0,102,264
03/12/2021,SGR,TX,ASW,CE,Federal Contract Tower,0,40,64,0,104,0,1,68,9,78,0,41,132,9,182,74,0,74,256
03/13/2021,SGR,TX,ASW,CE,Federal Contract Tower,0,33,58,0,91,0,0,57,0,57,0,33,115,0,148,80,0,80,228
03/14/2021,SGR,TX,ASW,CE,Federal Contract Tower,0,16,46,0,62,0,0,0,0,0,0,16,46,0,62,10,0,10,72
03/15/2021,SGR,TX,ASW,CE,Federal Contract Tower,0,21,58,0,79,0,0,9,0,9,0,21,67,0,88,6,0,6,94
03/16/2021,SGR,TX,ASW,CE,Federal Contract Tower,0,21,35,0,56,0,4,5,0,9,0,25,40,0,65,2,0,2,67
03/17/2021,SGR,TX,ASW,CE,Federal Contract Tower,0,18,41,0,59,0,1,19,0,20,0,19,60,0,79,6,0,6,85
03/18/2021,SGR,TX,ASW,CE,Federal Contract Tower,0,12,59,0,71,0,1,74,0,75,0,13,133,0,146,44,0,44,190
03/19/2021,SGR,TX,ASW,CE,Federal Contract Tower,0,27,85,0,112,0,0,114,0,114,0,27,199,0,226,122,0,122,348
03/20/2021,SGR,TX,ASW,CE,Federal Contract Tower,0,22,55,2,79,0,2,112,0,114,0,24,167,2,193,124,0,124,317
03/21/2021,SGR,TX,ASW,CE,Federal Contract Tower,0,22,65,0,87,0,2,90,0,92,0,24,155,0,179,70,0,70,249
03/22/2021,SGR,TX,ASW,CE,Federal Contract Tower,0,12,39,0,51,0,1,42,0,43,0,13,81,0,94,22,0,22,116
03/23/2021,SGR,TX,ASW,CE,Federal Contract Tower,0,15,59,0,74,0,1,68,0,69,0,16,127,0,143,36,0,36,179
03/24/2021,SGR,TX,ASW,CE,Federal Contract Tower,0,13,80,0,93,0,0,0,0,0,0,13,80,0,93,0,0,0,93
03/25/2021,SGR,TX,ASW,CE,Federal Contract Tower,0,13,60,0,73,0,5,63,0,68,0,18,123,0,141,56,0,56,197
03/26/2021,SGR,TX,ASW,CE,Federal Contract Tower,0,18,42,0,60,0,3,117,0,120,0,21,159,0,180,156,0,156,336
03/27/2021,SGR,TX,ASW,CE,Federal Contract Tower,0,14,54,0,68,0,0,14,0,14,0,14,68,0,82,36,0,36,118
03/28/2021,SGR,TX,ASW,CE,Federal Contract Tower,0,17,29,0,46,0,0,39,0,39,0,17,68,0,85,70,0,70,155
03/29/2021,SGR,TX,ASW,CE,Federal Contract Tower,0,8,41,0,49,0,11,89,0,100,0,19,130,0,149,120,0,120,269
03/30/2021,SGR,TX,ASW,CE,Federal Contract Tower,0,13,54,0,67,0,2,22,0,24,0,15,76,0,91,32,0,32,123
03/31/2021,SGR,TX,ASW,CE,Federal Contract Tower,0,21,41,0,62,0,0,2,0,2,0,21,43,0,64,0,0,0,64
04/01/2021,SGR,TX,ASW,CE,Federal Contract Tower,0,18,72,0,90,0,4,98,0,102,0,22,170,0,192,112,0,112,304
04/02/2021,SGR,TX,ASW,CE,Federal Contract Tower,0,26,39,0,65,0,0,80,0,80,0,26,119,0,145,94,0,94,239
04/03/2021,SGR,TX,ASW,CE,Federal Contract Tower,0,9,29,0,38,0,0,65,0,65,0,9,94,0,103,106,0,106,209
04/04/2021,SGR,TX,ASW,CE,Federal Contract Tower,0,23,53,0,76,0,0,24,0,24,0,23,77,0,100,32,0,32,132
04/05/2021,SGR,TX,ASW,CE,Federal Contract Tower,0,21,41,0,62,0,5,79,0,84,0,26,120,0,146,108,0,108,254
04/06/2021,SGR,TX,ASW,CE,Federal Contract Tower,0,40,54,2,96,0,4,41,0,45,0,44,95,2,141,60,0,60,201
04/08/2021,SGR,TX,ASW,CE,Federal Contract Tower,0,12,63,0,75,0,0,65,0,65,0,12,128,0,140,120,0,120,260
04/09/2021,SGR,TX,ASW,CE,Federal Contract Tower,0,15,78,0,93,0,0,36,0,36,0,15,114,0,129,106,0,106,235
04/10/2021,SGR,TX,ASW,CE,Federal Contract Tower,0,15,35,0,50,0,0,65,0,65,0,15,100,0,115,86,0,86,201
04/11/2021,SGR,TX,ASW,CE,Federal Contract Tower,0,20,60,0,80,0,4,95,0,99,0,24,155,0,179,104,0,104,283
04/12/2021,SGR,TX,ASW,CE,Federal Contract Tower,0,24,46,0,70,0,0,81,0,81,0,24,127,0,151,134,0,134,285
04/13/2021,SGR,TX,ASW,CE,Federal Contract Tower,0,12,57,0,69,0,0,14,0,14,0,12,71,0,83,22,0,22,105
04/14/2021,SGR,TX,ASW,CE,Federal Contract Tower,0,30,77,0,107,0,2,1,1,4,0,32,78,1,111,0,0,0,111
04/15/2021,SGR,TX,ASW,CE,Federal Contract Tower,0,21,75,0,96,0,0,8,0,8,0,21,83,0,104,8,0,8,112
04/16/2021,SGR,TX,ASW,CE,Federal Contract Tower,0,16,34,0,50,0,0,0,0,0,0,16,34,0,50,0,0,0,50
04/17/2021,SGR,TX,ASW,CE,Federal Contract Tower,0,10,44,0,54,0,2,17,0,19,0,12,61,0,73,60,0,60,133
04/18/2021,SGR,TX,ASW,CE,Federal Contract Tower,0,28,50,0,78,0,1,111,0,112,0,29,161,0,190,142,0,142,332
04/19/2021,SGR,TX,ASW,CE,Federal Contract Tower,0,18,61,0,79,0,8,69,0,77,0,26,130,0,156,136,0,136,292
04/20/2021,SGR,TX,ASW,CE,Federal Contract Tower,0,14,51,0,65,0,1,96,2,99,0,15,147,2,164,92,0,92,256
04/21/2021,SGR,TX,ASW,CE,Federal Contract Tower,0,24,82,0,106,0,6,102,0,108,0,30,184,0,214,68,0,68,282
04/22/2021,SGR,TX,ASW,CE,Federal Contract Tower,0,21,58,0,79,0,2,64,2,68,0,23,122,2,147,90,0,90,237
04/23/2021,SGR,TX,ASW,CE,Federal Contract Tower,0,22,49,0,71,0,0,0,0,0,0,22,49,0,71,0,0,0,71
04/24/2021,SGR,TX,ASW,CE,Federal Contract Tower,0,20,45,0,65,0,2,104,0,106,0,22,149,0,171,30,0,30,201
04/25/2021,SGR,TX,ASW,CE,Federal Contract Tower,0,29,48,0,77,0,0,96,0,96,0,29,144,0,173,92,0,92,265
04/26/2021,SGR,TX,ASW,CE,Federal Contract Tower,0,12,42,2,56,0,1,91,0,92,0,13,133,2,148,52,0,52,200
04/27/2021,SGR,TX,ASW,CE,Federal Contract Tower,0,12,74,0,86,0,0,12,0,12,0,12,86,0,98,22,0,22,120
04/28/2021,SGR,TX,ASW,CE,Federal Contract Tower,0,12,50,0,62,0,10,31,0,41,0,22,81,0,103,54,0,54,157
04/30/2021,SGR,TX,ASW,CE,Federal Contract Tower,0,9,20,0,29,0,0,0,0,0,0,9,20,0,29,0,0,0,29
05/01/2021,SGR,TX,ASW,CE,Federal Contract Tower,0,16,12,0,28,0,2,0,0,2,0,18,12,0,30,0,0,0,30
05/02/2021,SGR,TX,ASW,CE,Federal Contract Tower,0,18,36,0,54,0,0,60,0,60,0,18,96,0,114,72,2,74,188
05/03/2021,SGR,TX,ASW,CE,Federal Contract Tower,0,16,72,0,88,0,6,45,2,53,0,22,117,2,141,100,2,102,243
05/04/2021,SGR,TX,ASW,CE,Federal Contract Tower,0,26,53,0,79,0,2,43,0,45,0,28,96,0,124,82,0,82,206
05/05/2021,SGR,TX,ASW,CE,Federal Contract Tower,0,19,94,4,117,0,3,120,1,124,0,22,214,5,241,16,24,40,281
05/06/2021,SGR,TX,ASW,CE,Federal Contract Tower,0,30,83,0,113,0,7,118,0,125,0,37,201,0,238,144,0,144,382
05/07/2021,SGR,TX,ASW,CE,Federal Contract Tower,0,17,46,0,63,0,1,123,2,126,0,18,169,2,189,164,0,164,353
05/08/2021,SGR,TX,ASW,CE,Federal Contract Tower,0,15,51,0,66,0,2,79,0,81,0,17,130,0,147,138,0,138,285
05/09/2021,SGR,TX,ASW,CE,Federal Contract Tower,0,21,49,0,70,0,0,36,0,36,0,21,85,0,106,70,0,70,176
05/10/2021,SGR,TX,ASW,CE,Federal Contract Tower,0,26,48,2,76,0,0,63,0,63,0,26,111,2,139,90,0,90,229
05/11/2021,SGR,TX,ASW,CE,Federal Contract Tower,0,11,39,0,50,0,2,27,0,29,0,13,66,0,79,30,0,30,109
05/12/2021,SGR,TX,ASW,CE,Federal Contract Tower,0,24,47,0,71,0,5,5,0,10,0,29,52,0,81,16,6,22,103
05/13/2021,SGR,TX,ASW,CE,Federal Contract Tower,0,22,104,0,126,0,9,56,0,65,0,31,160,0,191,114,0,114,305
05/14/2021,SGR,TX,ASW,CE,Federal Contract Tower,0,28,56,0,84,0,0,71,0,71,0,28,127,0,155,58,0,58,213
05/15/2021,SGR,TX,ASW,CE,Federal Contract Tower,0,9,35,0,44,0,0,78,4,82,0,9,113,4,126,160,0,160,286
05/16/2021,SGR,TX,ASW,CE,Federal Contract Tower,0,28,39,0,67,0,0,1,0,1,0,28,40,0,68,0,0,0,68
05/17/2021,SGR,TX,ASW,CE,Federal Contract Tower,0,18,28,2,48,0,7,35,2,44,0,25,63,4,92,52,10,62,154
05/18/2021,SGR,TX,ASW,CE,Federal Contract Tower,0,17,47,0,64,0,4,48,0,52,0,21,95,0,116,52,0,52,168
05/19/2021,SGR,TX,ASW,CE,Federal Contract Tower,0,22,35,0,57,0,0,11,0,11,0,22,46,0,68,16,0,16,84
05/20/2021,SGR,TX,ASW,CE,Federal Contract Tower,0,21,50,2,73,0,1,28,0,29,0,22,78,2,102,62,0,62,164
05/21/2021,SGR,TX,ASW,CE,Federal Contract Tower,0,14,56,0,70,0,0,14,0,14,0,14,70,0,84,36,0,36,120
05/22/2021,SGR,TX,ASW,CE,Federal Contract Tower,0,12,24,0,36,0,0,10,0,10,0,12,34,0,46,22,0,22,68
05/23/2021,SGR,TX,ASW,CE,Federal Contract Tower,0,19,43,0,62,0,1,8,0,9,0,20,51,0,71,10,0,10,81
05/24/2021,SGR,TX,ASW,CE,Federal Contract Tower,0,27,49,0,76,0,0,19,0,19,0,27,68,0,95,16,0,16,111
05/25/2021,SGR,TX,ASW,CE,Federal Contract Tower,0,25,52,0,77,0,5,36,0,41,0,30,88,0,118,86,0,86,204
05/26/2021,SGR,TX,ASW,CE,Federal Contract Tower,0,18,61,0,79,0,2,59,2,63,0,20,120,2,142,122,8,130,272
05/27/2021,SGR,TX,ASW,CE,Federal Contract Tower,0,17,107,0,124,0,4,76,0,80,0,21,183,0,204,122,0,122,326
05/28/2021,SGR,TX,ASW,CE,Federal Contract Tower,0,21,41,5,67,0,2,43,2,47,0,23,84,7,114,66,4,70,184
05/29/2021,SGR,TX,ASW,CE,Federal Contract Tower,0,12,32,0,44,0,2,95,0,97,0,14,127,0,141,164,0,164,305
05/30/2021,SGR,TX,ASW,CE,Federal Contract Tower,0,12,35,1,48,0,2,53,0,55,0,14,88,1,103,88,0,88,191
05/31/2021,SGR,TX,ASW,CE,Federal Contract Tower,0,21,60,0,81,0,0,88,0,88,0,21,148,0,169,140,0,140,309
06/01/2021,SGR,TX,ASW,CE,Federal Contract Tower,0,25,45,0,70,0,2,47,0,49,0,27,92,0,119,126,0,126,245
06/02/2021,SGR,TX,ASW,CE,Federal Contract Tower,0,15,48,0,63,0,3,63,0,66,0,18,111,0,129,144,0,144,273
06/03/2021,SGR,TX,ASW,CE,Federal Contract Tower,0,19,57,0,76,0,3,45,0,48,0,22,102,0,124,86,0,86,210
06/04/2021,SGR,TX,ASW,CE,Federal Contract Tower,0,29,42,0,71,0,0,22,0,22,0,29,64,0,93,42,0,42,135
06/05/2021,SGR,TX,ASW,CE,Federal Contract Tower,0,17,27,0,44,0,0,65,0,65,0,17,92,0,109,142,0,142,251
06/06/2021,SGR,TX,ASW,CE,Federal Contract Tower,0,20,53,0,73,0,3,81,0,84,0,23,134,0,157,106,0,106,263
06/07/2021,SGR,TX,ASW,CE,Federal Contract Tower,0,20,62,0,82,0,4,66,0,70,0,24,128,0,152,72,0,72,224
06/08/2021,SGR,TX,ASW,CE,Federal Contract Tower,0,33,69,0,102,0,5,82,0,87,0,38,151,0,189,88,0,88,277
06/09/2021,SGR,TX,ASW,CE,Federal Contract Tower,0,17,78,2,97,0,6,70,0,76,0,23,148,2,173,132,0,132,305
06/10/2021,SGR,TX,ASW,CE,Federal Contract Tower,0,27,71,0,98,0,3,79,0,82,0,30,150,0,180,122,0,122,302
06/11/2021,SGR,TX,ASW,CE,Federal Contract Tower,0,22,59,0,81,0,3,118,0,121,0,25,177,0,202,126,0,126,328
06/12/2021,SGR,TX,ASW,CE,Federal Contract Tower,0,13,33,0,46,0,2,101,0,103,0,15,134,0,149,80,0,80,229
06/13/2021,SGR,TX,ASW,CE,Federal Contract Tower,0,14,33,0,47,0,0,85,0,85,0,14,118,0,132,106,0,106,238
06/14/2021,SGR,TX,ASW,CE,Federal Contract Tower,0,16,43,0,59,0,3,66,0,69,0,19,109,0,128,66,0,66,194
06/15/2021,SGR,TX,ASW,CE,Federal Contract Tower,0,22,41,0,63,0,5,80,1,86,0,27,121,1,149,74,0,74,223
06/16/2021,SGR,TX,ASW,CE,Federal Contract Tower,0,17,53,0,70,0,6,98,0,104,0,23,151,0,174,106,0,106,280
06/17/2021,SGR,TX,ASW,CE,Federal Contract Tower,0,19,50,0,69,0,1,107,0,108,0,20,157,0,177,98,0,98,275
06/18/2021,SGR,TX,ASW,CE,Federal Contract Tower,0,18,65,0,83,0,4,101,0,105,0,22,166,0,188,97,0,97,285
06/19/2021,SGR,TX,ASW,CE,Federal Contract Tower,0,20,32,0,52,0,0,96,0,96,0,20,128,0,148,94,0,94,242
06/20/2021,SGR,TX,ASW,CE,Federal Contract Tower,0,28,39,0,67,0,1,66,0,67,0,29,105,0,134,48,0,48,182
06/21/2021,SGR,TX,ASW,CE,Federal Contract Tower,0,31,48,0,79,0,2,55,0,57,0,33,103,0,136,112,0,112,248
06/22/2021,SGR,TX,ASW,CE,Federal Contract Tower,0,34,58,2,94,0,2,53,0,55,0,36,111,2,149,86,0,86,235
06/23/2021,SGR,TX,ASW,CE,Federal Contract Tower,0,29,70,0,99,0,0,90,0,90,0,29,160,0,189,98,0,98,287
06/24/2021,SGR,TX,ASW,CE,Federal Contract Tower,0,33,69,0,102,0,2,77,0,79,0,35,146,0,181,106,0,106,287
06/25/2021,SGR,TX,ASW,CE,Federal Contract Tower,0,10,39,0,49,0,2,94,0,96,0,12,133,0,145,134,0,134,279
06/26/2021,SGR,TX,ASW,CE,Federal Contract Tower,0,20,31,0,51,0,0,39,0,39,0,20,70,0,90,66,0,66,156
06/27/2021,SGR,TX,ASW,CE,Federal Contract Tower,0,25,32,0,57,0,0,56,0,56,0,25,88,0,113,54,0,54,167
06/28/2021,SGR,TX,ASW,CE,Federal Contract Tower,0,18,33,0,51,0,1,5,0,6,0,19,38,0,57,4,0,4,61
06/29/2021,SGR,TX,ASW,CE,Federal Contract Tower,0,14,54,0,68,0,4,37,0,41,0,18,91,0,109,64,0,64,173
06/30/2021,SGR,TX,ASW,CE,Federal Contract Tower,0,29,80,0,109,0,4,73,0,77,0,33,153,0,186,116,0,116,302
07/01/2021,SGR,TX,ASW,CE,Federal Contract Tower,0,18,60,1,79,0,2,80,2,84,0,20,140,3,163,122,0,122,285
07/02/2021,SGR,TX,ASW,CE,Federal Contract Tower,0,17,50,0,67,0,4,105,0,109,0,21,155,0,176,185,0,185,361
07/03/2021,SGR,TX,ASW,CE,Federal Contract Tower,0,9,9,0,18,0,0,35,0,35,0,9,44,0,53,60,0,60,113
07/04/2021,SGR,TX,ASW,CE,Federal Contract Tower,0,3,24,0,27,0,0,30,0,30,0,3,54,0,57,116,0,116,173
07/05/2021,SGR,TX,ASW,CE,Federal Contract Tower,0,13,45,0,58,0,1,54,0,55,0,14,99,0,113,128,0,128,241
07/06/2021,SGR,TX,ASW,CE,Federal Contract Tower,0,12,52,0,64,0,5,18,0,23,0,17,70,0,87,40,0,40,127
07/07/2021,SGR,TX,ASW,CE,Federal Contract Tower,0,20,71,0,91,0,2,51,0,53,0,22,122,0,144,114,0,114,258
07/08/2021,SGR,TX,ASW,CE,Federal Contract Tower,0,18,52,0,70,0,2,62,0,64,0,20,114,0,134,96,0,96,230
07/09/2021,SGR,TX,ASW,CE,Federal Contract Tower,0,20,36,0,56,0,0,15,0,15,0,20,51,0,71,56,0,56,127
07/10/2021,SGR,TX,ASW,CE,Federal Contract Tower,0,25,31,0,56,0,3,82,0,85,0,28,113,0,141,88,0,88,229
07/11/2021,SGR,TX,ASW,CE,Federal Contract Tower,0,24,59,0,83,0,0,78,0,78,0,24,137,0,161,100,0,100,261
07/12/2021,SGR,TX,ASW,CE,Federal Contract Tower,0,24,56,2,82,0,3,76,0,79,0,27,132,2,161,102,0,102,263
07/13/2021,SGR,TX,ASW,CE,Federal Contract Tower,0,19,59,0,78,0,4,62,0,66,0,23,121,0,144,66,0,66,210
07/14/2021,SGR,TX,ASW,CE,Federal Contract Tower,0,25,67,0,92,0,3,89,0,92,0,28,156,0,184,76,0,76,260
07/15/2021,SGR,TX,ASW,CE,Federal Contract Tower,0,21,65,0,86,0,2,82,0,84,0,23,147,0,170,108,0,108,278
07/16/2021,SGR,TX,ASW,CE,Federal Contract Tower,0,18,44,0,62,0,5,89,0,94,0,23,133,0,156,96,0,96,252
07/17/2021,SGR,TX,ASW,CE,Federal Contract Tower,0,18,27,0,45,0,2,81,0,83,0,20,108,0,128,136,0,136,264
07/18/2021,SGR,TX,ASW,CE,Federal Contract Tower,0,23,40,0,63,0,0,58,0,58,0,23,98,0,121,62,0,62,183
07/19/2021,SGR,TX,ASW,CE,Federal Contract Tower,0,17,38,0,55,0,4,59,0,63,0,21,97,0,118,86,0,86,204
07/20/2021,SGR,TX,ASW,CE,Federal Contract Tower,0,25,47,0,72,0,3,57,0,60,0,28,104,0,132,52,0,52,184
07/21/2021,SGR,TX,ASW,CE,Federal Contract Tower,0,10,60,0,70,0,5,74,0,79,0,15,134,0,149,100,0,100,249
07/22/2021,SGR,TX,ASW,CE,Federal Contract Tower,0,18,51,0,69,0,8,77,0,85,0,26,128,0,154,98,0,98,252
07/23/2021,SGR,TX,ASW,CE,Federal Contract Tower,0,20,52,0,72,0,7,75,0,82,0,27,127,0,154,86,0,86,240
07/24/2021,SGR,TX,ASW,CE,Federal Contract Tower,0,12,39,0,51,0,1,101,0,102,0,13,140,0,153,124,0,124,277
07/25/2021,SGR,TX,ASW,CE,Federal Contract Tower,0,24,53,0,77,0,0,61,0,61,0,24,114,0,138,62,0,62,200
07/26/2021,SGR,TX,ASW,CE,Federal Contract Tower,0,16,49,0,65,0,2,70,0,72,0,18,119,0,137,100,0,100,237
07/27/2021,SGR,TX,ASW,CE,Federal Contract Tower,0,13,48,0,61,0,2,94,0,96,0,15,142,0,157,72,0,72,229
07/28/2021,SGR,TX,ASW,CE,Federal Contract Tower,0,17,52,0,69,0,2,85,0,87,0,19,137,0,156,96,0,96,252
07/29/2021,SGR,TX,ASW,CE,Federal Contract Tower,0,18,43,0,61,0,5,112,0,117,0,23,155,0,178,112,0,112,290
07/30/2021,SGR,TX,ASW,CE,Federal Contract Tower,0,26,38,0,64,0,1,57,0,58,0,27,95,0,122,72,0,72,194
07/31/2021,SGR,TX,ASW,CE,Federal Contract Tower,0,15,26,0,41,0,1,80,0,81,0,16,106,0,122,106,0,106,228
08/01/2021,SGR,TX,ASW,CE,Federal Contract Tower,0,21,32,0,53,0,0,69,0,69,0,21,101,0,122,104,0,104,226
08/02/2021,SGR,TX,ASW,CE,Federal Contract Tower,0,20,54,0,74,0,4,55,0,59,0,24,109,0,133,64,0,64,197
08/03/2021,SGR,TX,ASW,CE,Federal Contract Tower,0,16,58,0,74,0,4,33,0,37,0,20,91,0,111,62,0,62,173
08/04/2021,SGR,TX,ASW,CE,Federal Contract Tower,0,24,84,0,108,0,6,78,0,84,0,30,162,0,192,80,0,80,272
08/05/2021,SGR,TX,ASW,CE,Federal Contract Tower,0,20,43,0,63,0,2,53,0,55,0,22,96,0,118,34,0,34,152
08/06/2021,SGR,TX,ASW,CE,Federal Contract Tower,0,27,40,0,67,0,3,55,0,58,0,30,95,0,125,94,0,94,219
08/07/2021,SGR,TX,ASW,CE,Federal Contract Tower,0,19,23,0,42,0,1,82,0,83,0,20,105,0,125,162,0,162,287
08/08/2021,SGR,TX,ASW,CE,Federal Contract Tower,0,25,56,0,81,0,0,81,0,81,0,25,137,0,162,58,0,58,220
08/09/2021,SGR,TX,ASW,CE,Federal Contract Tower,0,21,41,0,62,0,8,70,0,78,0,29,111,0,140,78,0,78,218
08/10/2021,SGR,TX,ASW,CE,Federal Contract Tower,0,6,58,0,64,0,2,74,0,76,0,8,132,0,140,44,0,44,184
08/11/2021,SGR,TX,ASW,CE,Federal Contract Tower,0,16,45,0,61,0,7,72,0,79,0,23,117,0,140,18,12,30,170
08/12/2021,SGR,TX,ASW,CE,Federal Contract Tower,0,27,46,0,73,0,6,101,0,107,0,33,147,0,180,78,0,78,258
08/13/2021,SGR,TX,ASW,CE,Federal Contract Tower,0,20,30,0,50,0,1,55,0,56,0,21,85,0,106,78,0,78,184
08/14/2021,SGR,TX,ASW,CE,Federal Contract Tower,0,10,24,0,34,0,2,71,10,83,0,12,95,10,117,106,0,106,223
08/15/2021,SGR,TX,ASW,CE,Federal Contract Tower,0,12,28,0,40,0,0,42,0,42,0,12,70,0,82,34,0,34,116
08/16/2021,SGR,TX,ASW,CE,Federal Contract Tower,0,24,65,0,89,0,8,67,0,75,0,32,132,0,164,36,0,36,200
08/17/2021,SGR,TX,ASW,CE,Federal Contract Tower,0,27,55,0,82,0,4,66,0,70,0,31,121,0,152,60,0,60,212
08/18/2021,SGR,TX,ASW,CE,Federal Contract Tower,0,26,65,0,91,0,0,37,0,37,0,26,102,0,128,84,0,84,212
08/19/2021,SGR,TX,ASW,CE,Federal Contract Tower,0,17,59,0,76,0,5,84,2,91,0,22,143,2,167,82,0,82,249
08/20/2021,SGR,TX,ASW,CE,Federal Contract Tower,0,20,40,0,60,0,2,72,0,74,0,22,112,0,134,94,0,94,228
08/21/2021,SGR,TX,ASW,CE,Federal Contract Tower,0,20,23,0,43,0,2,97,0,99,0,22,120,0,142,108,0,108,250
08/22/2021,SGR,TX,ASW,CE,Federal Contract Tower,0,14,51,1,66,0,69,1,0,70,0,83,52,1,136,82,0,82,218
08/23/2021,SGR,TX,ASW,CE,Federal Contract Tower,0,21,40,0,61,0,2,72,0,74,0,23,112,0,135,90,0,90,225
08/24/2021,SGR,TX,ASW,CE,Federal Contract Tower,0,22,41,0,63,0,5,65,0,70,0,27,106,0,133,72,0,72,205
08/25/2021,SGR,TX,ASW,CE,Federal Contract Tower,0,25,56,0,81,0,3,87,0,90,0,28,143,0,171,70,2,72,243
08/26/2021,SGR,TX,ASW,CE,Federal Contract Tower,0,21,60,0,81,0,8,70,0,78,0,29,130,0,159,86,0,86,245
08/27/2021,SGR,TX,ASW,CE,Federal Contract Tower,0,14,49,0,63,0,0,39,0,39,0,14,88,0,102,48,0,48,150
08/28/2021,SGR,TX,ASW,CE,Federal Contract Tower,0,22,29,0,51,0,2,45,0,47,0,24,74,0,98,106,0,106,204
08/29/2021,SGR,TX,ASW,CE,Federal Contract Tower,0,11,48,0,59,0,0,70,0,70,0,11,118,0,129,78,0,78,207
08/30/2021,SGR,TX,ASW,CE,Federal Contract Tower,0,15,37,0,52,0,7,88,0,95,0,22,125,0,147,70,0,70,217
08/31/2021,SGR,TX,ASW,CE,Federal Contract Tower,0,21,63,0,84,0,3,77,0,80,0,24,140,0,164,106,0,106,270
09/01/2021,SGR,TX,ASW,CE,Federal Contract Tower,0,15,43,0,58,0,4,64,0,68,0,19,107,0,126,86,0,86,212
09/02/2021,SGR,TX,ASW,CE,Federal Contract Tower,0,17,49,0,66,0,2,50,0,52,0,19,99,0,118,46,0,46,164
09/03/2021,SGR,TX,ASW,CE,Federal Contract Tower,0,22,66,2,90,0,4,58,2,64,0,26,124,4,154,130,0,130,284
09/04/2021,SGR,TX,ASW,CE,Federal Contract Tower,0,8,25,0,33,0,1,74,0,75,0,9,99,0,108,120,0,120,228
09/05/2021,SGR,TX,ASW,CE,Federal Contract Tower,0,13,26,0,39,0,0,63,0,63,0,13,89,0,102,52,0,52,154
09/06/2021,SGR,TX,ASW,CE,Federal Contract Tower,0,25,45,0,70,0,44,0,0,44,0,69,45,0,114,60,0,60,174
09/07/2021,SGR,TX,ASW,CE,Federal Contract Tower,0,23,50,0,73,0,2,63,0,65,0,25,113,0,138,60,0,60,198
09/08/2021,SGR,TX,ASW,CE,Federal Contract Tower,0,16,70,0,86,0,3,73,0,76,0,19,143,0,162,88,0,88,250
09/09/2021,SGR,TX,ASW,CE,Federal Contract Tower,0,20,56,0,76,0,3,79,0,82,0,23,135,0,158,92,0,92,250
09/10/2021,SGR,TX,ASW,CE,Federal Contract Tower,0,17,65,0,82,0,3,59,0,62,0,20,124,0,144,74,0,74,218
09/11/2021,SGR,TX,ASW,CE,Federal Contract Tower,0,15,38,0,53,0,4,92,0,96,0,19,130,0,149,140,0,140,289
09/12/2021,SGR,TX,ASW,CE,Federal Contract Tower,0,21,52,0,73,0,0,69,0,69,0,21,121,0,142,56,0,56,198
09/13/2021,SGR,TX,ASW,CE,Federal Contract Tower,0,15,21,0,36,0,0,11,0,11,0,15,32,0,47,2,0,2,49
09/14/2021,SGR,TX,ASW,CE,Federal Contract Tower,0,20,11,0,31,0,5,0,0,5,0,25,11,0,36,0,0,0,36
09/15/2021,SGR,TX,ASW,CE,Federal Contract Tower,0,26,74,0,100,0,2,19,0,21,0,28,93,0,121,26,0,26,147
09/16/2021,SGR,TX,ASW,CE,Federal Contract Tower,0,24,63,0,87,0,2,51,0,53,0,26,114,0,140,78,0,78,218
09/17/2021,SGR,TX,ASW,CE,Federal Contract Tower,0,23,74,0,97,0,3,88,0,91,0,26,162,0,188,118,0,118,306
09/18/2021,SGR,TX,ASW,CE,Federal Contract Tower,0,22,25,0,47,0,0,70,0,70,0,22,95,0,117,140,0,140,257
09/19/2021,SGR,TX,ASW,CE,Federal Contract Tower,0,21,65,0,86,0,0,69,0,69,0,21,134,0,155,62,0,62,217
09/20/2021,SGR,TX,ASW,CE,Federal Contract Tower,0,13,50,0,63,0,3,81,3,87,0,16,131,3,150,110,0,110,260
09/21/2021,SGR,TX,ASW,CE,Federal Contract Tower,0,29,52,0,81,0,2,61,0,63,0,31,113,0,144,68,0,68,212
09/22/2021,SGR,TX,ASW,CE,Federal Contract Tower,0,29,57,0,86,0,2,83,0,85,0,31,140,0,171,106,0,106,277
09/23/2021,SGR,TX,ASW,CE,Federal Contract Tower,0,30,49,0,79,0,10,100,0,110,0,40,149,0,189,104,0,104,293
09/24/2021,SGR,TX,ASW,CE,Federal Contract Tower,0,16,72,0,88,0,1,101,0,102,0,17,173,0,190,120,0,120,310
09/25/2021,SGR,TX,ASW,CE,Federal Contract Tower,0,28,27,0,55,0,0,90,0,90,0,28,117,0,145,78,0,78,223
09/26/2021,SGR,TX,ASW,CE,Federal Contract Tower,0,31,43,0,74,0,4,77,0,81,0,35,120,0,155,78,0,78,233
09/27/2021,SGR,TX,ASW,CE,Federal Contract Tower,0,29,53,0,82,0,6,56,0,62,0,35,109,0,144,50,0,50,194
09/28/2021,SGR,TX,ASW,CE,Federal Contract Tower,0,21,58,0,79,0,1,7,0,8,0,22,65,0,87,8,0,8,95
09/29/2021,SGR,TX,ASW,CE,Federal Contract Tower,0,18,57,0,75,0,6,49,0,55,0,24,106,0,130,86,0,86,216
09/30/2021,SGR,TX,ASW,CE,Federal Contract Tower,0,30,57,0,87,0,6,32,0,38,0,36,89,0,125,56,0,56,181
10/01/2021,SGR,TX,ASW,CE,Federal Contract Tower,0,30,40,0,70,0,0,4,0,4,0,30,44,0,74,14,0,14,88
10/02/2021,SGR,TX,ASW,CE,Federal Contract Tower,0,14,18,0,32,0,0,46,0,46,0,14,64,0,78,98,0,98,176
10/03/2021,SGR,TX,ASW,CE,Federal Contract Tower,0,35,72,0,107,0,0,43,0,43,0,35,115,0,150,74,0,74,224
10/04/2021,SGR,TX,ASW,CE,Federal Contract Tower,0,16,43,0,59,0,0,73,0,73,0,16,116,0,132,78,0,78,210
10/05/2021,SGR,TX,ASW,CE,Federal Contract Tower,0,32,68,0,100,0,13,73,0,86,0,45,141,0,186,96,0,96,282
10/06/2021,SGR,TX,ASW,CE,Federal Contract Tower,0,14,59,0,73,0,1,88,0,89,0,15,147,0,162,90,0,90,252
10/07/2021,SGR,TX,ASW,CE,Federal Contract Tower,0,25,56,2,83,0,5,69,0,74,0,30,125,2,157,92,0,92,249
10/08/2021,SGR,TX,ASW,CE,Federal Contract Tower,0,27,49,0,76,0,2,83,0,85,0,29,132,0,161,124,0,124,285
10/09/2021,SGR,TX,ASW,CE,Federal Contract Tower,0,10,46,0,56,0,0,85,0,85,0,10,131,0,141,144,0,144,285
10/10/2021,SGR,TX,ASW,CE,Federal Contract Tower,0,21,67,0,88,0,0,49,0,49,0,21,116,0,137,62,0,62,199
10/11/2021,SGR,TX,ASW,CE,Federal Contract Tower,0,29,56,0,85,0,13,62,0,75,0,42,118,0,160,86,0,86,246
10/12/2021,SGR,TX,ASW,CE,Federal Contract Tower,0,16,61,0,77,0,3,48,0,51,0,19,109,0,128,100,0,100,228
10/13/2021,SGR,TX,ASW,CE,Federal Contract Tower,0,16,53,0,69,0,4,71,0,75,0,20,124,0,144,116,0,116,260
10/14/2021,SGR,TX,ASW,CE,Federal Contract Tower,0,29,67,0,96,0,0,22,0,22,0,29,89,0,118,38,0,38,156
10/15/2021,SGR,TX,ASW,CE,Federal Contract Tower,0,39,59,0,98,0,4,57,0,61,0,43,116,0,159,142,0,142,301
10/16/2021,SGR,TX,ASW,CE,Federal Contract Tower,0,12,31,0,43,0,2,68,0,70,0,14,99,0,113,84,0,84,197
10/17/2021,SGR,TX,ASW,CE,Federal Contract Tower,0,32,61,0,93,0,1,103,0,104,0,33,164,0,197,48,0,48,245
10/18/2021,SGR,TX,ASW,CE,Federal Contract Tower,0,17,73,0,90,0,2,84,0,86,0,19,157,0,176,82,0,82,258
10/19/2021,SGR,TX,ASW,CE,Federal Contract Tower,0,21,57,0,78,0,7,82,0,89,0,28,139,0,167,78,0,78,245
10/20/2021,SGR,TX,ASW,CE,Federal Contract Tower,0,17,74,0,91,0,7,68,0,75,0,24,142,0,166,82,0,82,248
10/21/2021,SGR,TX,ASW,CE,Federal Contract Tower,0,28,73,0,101,0,6,70,2,78,0,34,143,2,179,106,0,106,285
10/22/2021,SGR,TX,ASW,CE,Federal Contract Tower,0,20,65,1,86,0,0,66,0,66,0,20,131,1,152,54,0,54,206
10/23/2021,SGR,TX,ASW,CE,Federal Contract Tower,0,11,30,0,41,0,1,47,0,48,0,12,77,0,89,68,0,68,157
10/24/2021,SGR,TX,ASW,CE,Federal Contract Tower,0,24,38,0,62,0,0,77,0,77,0,24,115,0,139,142,0,142,281
10/25/2021,SGR,TX,ASW,CE,Federal Contract Tower,0,26,67,0,93,0,2,40,0,42,0,28,107,0,135,32,0,32,167
10/26/2021,SGR,TX,ASW,CE,Federal Contract Tower,0,26,77,2,105,0,0,87,0,87,0,26,164,2,192,46,0,46,238
10/27/2021,SGR,TX,ASW,CE,Federal Contract Tower,0,18,50,0,68,0,0,45,0,45,0,18,95,0,113,30,0,30,143
10/28/2021,SGR,TX,ASW,CE,Federal Contract Tower,0,30,64,2,96,0,0,15,0,15,0,30,79,2,111,0,0,0,111
10/29/2021,SGR,TX,ASW,CE,Federal Contract Tower,0,23,59,1,83,0,0,38,0,38,0,23,97,1,121,38,0,38,159
10/30/2021,SGR,TX,ASW,CE,Federal Contract Tower,0,13,31,0,44,0,2,109,0,111,0,15,140,0,155,156,0,156,311
10/31/2021,SGR,TX,ASW,CE,Federal Contract Tower,0,22,37,0,59,0,1,85,0,86,0,23,122,0,145,90,0,90,235
11/01/2021,SGR,TX,ASW,CE,Federal Contract Tower,0,15,45,0,60,0,0,83,0,83,0,15,128,0,143,76,0,76,219
11/02/2021,SGR,TX,ASW,CE,Federal Contract Tower,0,13,70,0,83,0,58,0,0,58,0,71,70,0,141,82,0,82,223
11/03/2021,SGR,TX,ASW,CE,Federal Contract Tower,0,29,56,0,85,0,0,39,0,39,0,29,95,0,124,70,0,70,194
11/04/2021,SGR,TX,ASW,CE,Federal Contract Tower,0,24,76,0,100,0,0,3,0,3,0,24,79,0,103,18,0,18,121
11/05/2021,SGR,TX,ASW,CE,Federal Contract Tower,0,23,81,0,104,0,1,69,0,70,0,24,150,0,174,122,0,122,296
11/06/2021,SGR,TX,ASW,CE,Federal Contract Tower,0,10,30,0,40,0,0,87,0,87,0,10,117,0,127,106,0,106,233
11/07/2021,SGR,TX,ASW,CE,Federal Contract Tower,0,31,68,0,99,0,3,108,0,111,0,34,176,0,210,32,4,36,246
11/08/2021,SGR,TX,ASW,CE,Federal Contract Tower,0,31,37,0,68,0,4,75,0,79,0,35,112,0,147,78,0,78,225
11/09/2021,SGR,TX,ASW,CE,Federal Contract Tower,0,24,53,0,77,0,6,79,0,85,0,30,132,0,162,48,0,48,210
11/10/2021,SGR,TX,ASW,CE,Federal Contract Tower,0,25,71,0,96,0,2,72,0,74,0,27,143,0,170,58,0,58,228
11/11/2021,SGR,TX,ASW,CE,Federal Contract Tower,0,23,89,0,112,0,0,75,0,75,0,23,164,0,187,102,0,102,289
11/12/2021,SGR,TX,ASW,CE,Federal Contract Tower,0,18,68,0,86,0,9,107,0,116,0,27,175,0,202,92,0,92,294
11/13/2021,SGR,TX,ASW,CE,Federal Contract Tower,0,11,44,0,55,0,0,72,0,72,0,11,116,0,127,104,0,104,231
11/14/2021,SGR,TX,ASW,CE,Federal Contract Tower,0,27,51,0,78,0,1,77,0,78,0,28,128,0,156,78,0,78,234
11/15/2021,SGR,TX,ASW,CE,Federal Contract Tower,0,21,65,0,86,0,1,53,0,54,0,22,118,0,140,46,0,46,186
11/16/2021,SGR,TX,ASW,CE,Federal Contract Tower,0,28,74,0,102,0,2,45,0,47,0,30,119,0,149,60,0,60,209
11/17/2021,SGR,TX,ASW,CE,Federal Contract Tower,0,27,72,0,99,0,2,50,0,52,0,29,122,0,151,26,0,26,177
11/18/2021,SGR,TX,ASW,CE,Federal Contract Tower,0,31,73,1,105,0,6,70,1,77,0,37,143,2,182,82,0,82,264
11/19/2021,SGR,TX,ASW,CE,Federal Contract Tower,0,30,70,0,100,0,0,90,0,90,0,30,160,0,190,92,0,92,282
11/20/2021,SGR,TX,ASW,CE,Federal Contract Tower,0,22,50,0,72,0,0,96,0,96,0,22,146,0,168,100,0,100,268
11/21/2021,SGR,TX,ASW,CE,Federal Contract Tower,0,25,47,0,72,0,0,61,0,61,0,25,108,0,133,76,0,76,209
11/22/2021,SGR,TX,ASW,CE,Federal Contract Tower,0,12,71,2,85,0,1,60,0,61,0,13,131,2,146,46,0,46,192
11/23/2021,SGR,TX,ASW,CE,Federal Contract Tower,0,19,73,0,92,0,8,72,0,80,0,27,145,0,172,86,0,86,258
11/24/2021,SGR,TX,ASW,CE,Federal Contract Tower,0,10,54,0,64,0,2,39,0,41,0,12,93,0,105,32,0,32,137
11/25/2021,SGR,TX,ASW,CE,Federal Contract Tower,0,5,11,0,16,0,0,0,0,0,0,5,11,0,16,0,0,0,16
11/26/2021,SGR,TX,ASW,CE,Federal Contract Tower,0,11,23,0,34,0,3,57,0,60,0,14,80,0,94,58,0,58,152
11/27/2021,SGR,TX,ASW,CE,Federal Contract Tower,0,14,43,0,57,0,2,22,0,24,0,16,65,0,81,44,0,44,125
11/28/2021,SGR,TX,ASW,CE,Federal Contract Tower,0,25,84,0,109,0,0,15,0,15,0,25,99,0,124,0,0,0,124
11/29/2021,SGR,TX,ASW,CE,Federal Contract Tower,0,30,62,0,92,0,3,63,0,66,0,33,125,0,158,48,0,48,206
11/30/2021,SGR,TX,ASW,CE,Federal Contract Tower,0,31,50,0,81,0,11,89,0,100,0,42,139,0,181,120,0,120,301
12/01/2021,SGR,TX,ASW,CE,Federal Contract Tower,0,22,82,0,104,0,2,67,0,69,0,24,149,0,173,50,0,50,223
12/02/2021,SGR,TX,ASW,CE,Federal Contract Tower,0,36,56,2,94,0,3,66,0,69,0,39,122,2,163,62,0,62,225
12/03/2021,SGR,TX,ASW,CE,Federal Contract Tower,0,26,40,0,66,0,10,53,0,63,0,36,93,0,129,68,0,68,197
12/04/2021,SGR,TX,ASW,CE,Federal Contract Tower,0,18,29,0,47,0,0,27,0,27,0,18,56,0,74,32,0,32,106
12/05/2021,SGR,TX,ASW,CE,Federal Contract Tower,0,32,57,0,89,0,0,45,0,45,0,32,102,0,134,28,0,28,162
12/06/2021,SGR,TX,ASW,CE,Federal Contract Tower,0,18,51,0,69,0,0,12,0,12,0,18,63,0,81,26,0,26,107
12/07/2021,SGR,TX,ASW,CE,Federal Contract Tower,0,23,100,0,123,0,8,54,0,62,0,31,154,0,185,88,0,88,273
12/08/2021,SGR,TX,ASW,CE,Federal Contract Tower,0,26,76,0,102,0,1,19,0,20,0,27,95,0,122,30,0,30,152
12/09/2021,SGR,TX,ASW,CE,Federal Contract Tower,0,18,72,0,90,0,3,25,0,28,0,21,97,0,118,16,0,16,134
12/10/2021,SGR,TX,ASW,CE,Federal Contract Tower,0,19,65,0,84,0,4,23,0,27,0,23,88,0,111,12,0,12,123
12/11/2021,SGR,TX,ASW,CE,Federal Contract Tower,0,12,42,0,54,0,0,49,0,49,0,12,91,0,103,54,0,54,157
12/12/2021,SGR,TX,ASW,CE,Federal Contract Tower,0,12,56,0,68,0,2,99,0,101,0,14,155,0,169,130,0,130,299
12/13/2021,SGR,TX,ASW,CE,Federal Contract Tower,0,34,50,0,84,0,9,24,0,33,0,43,74,0,117,6,0,6,123
12/14/2021,SGR,TX,ASW,CE,Federal Contract Tower,0,33,84,0,117,0,2,35,0,37,0,35,119,0,154,72,0,72,226
12/15/2021,SGR,TX,ASW,CE,Federal Contract Tower,0,29,64,2,95,0,2,37,0,39,0,31,101,2,134,22,0,22,156
12/16/2021,SGR,TX,ASW,CE,Federal Contract Tower,0,36,72,0,108,0,4,67,0,71,0,40,139,0,179,64,0,64,243
12/17/2021,SGR,TX,ASW,CE,Federal Contract Tower,0,44,61,0,105,0,4,40,0,44,0,48,101,0,149,42,0,42,191
12/18/2021,SGR,TX,ASW,CE,Federal Contract Tower,0,12,16,0,28,0,0,5,0,5,0,12,21,0,33,4,0,4,37
12/19/2021,SGR,TX,ASW,CE,Federal Contract Tower,0,29,50,0,79,0,8,70,0,78,0,37,120,0,157,84,0,84,241
12/20/2021,SGR,TX,ASW,CE,Federal Contract Tower,0,21,53,0,74,0,15,80,0,95,0,36,133,0,169,88,0,88,257
12/21/2021,SGR,TX,ASW,CE,Federal Contract Tower,0,23,54,0,77,0,8,71,0,79,0,31,125,0,156,48,0,48,204
12/22/2021,SGR,TX,ASW,CE,Federal Contract Tower,0,6,54,2,62,0,2,88,0,90,0,8,142,2,152,58,0,58,210
12/23/2021,SGR,TX,ASW,CE,Federal Contract Tower,0,26,39,0,65,0,2,71,0,73,0,28,110,0,138,38,0,38,176
12/24/2021,SGR,TX,ASW,CE,Federal Contract Tower,0,7,11,0,18,0,0,28,0,28,0,7,39,0,46,20,0,20,66
12/25/2021,SGR,TX,ASW,CE,Federal Contract Tower,0,14,12,0,26,0,0,9,0,9,0,14,21,0,35,0,0,0,35
12/26/2021,SGR,TX,ASW,CE,Federal Contract Tower,0,20,50,0,70,0,1,26,0,27,0,21,76,0,97,28,0,28,125
12/27/2021,SGR,TX,ASW,CE,Federal Contract Tower,0,29,47,0,76,0,1,57,0,58,0,30,104,0,134,62,0,62,196
12/28/2021,SGR,TX,ASW,CE,Federal Contract Tower,0,10,46,2,58,0,40,0,0,40,0,50,46,2,98,40,0,40,138
12/29/2021,SGR,TX,ASW,CE,Federal Contract Tower,0,17,47,0,64,0,9,33,0,42,0,26,80,0,106,48,0,48,154
12/30/2021,SGR,TX,ASW,CE,Federal Contract Tower,0,23,36,0,59,0,2,38,0,40,0,25,74,0,99,38,0,38,137
12/31/2021,SGR,TX,ASW,CE,Federal Contract Tower,0,14,39,0,53,0,0,13,0,13,0,14,52,0,66,2,0,2,68
01/01/2022,SGR,TX,ASW,CE,Federal Contract Tower,0,13,15,0,28,0,0,15,0,15,0,13,30,0,43,2,0,2,45
01/02/2022,SGR,TX,ASW,CE,Federal Contract Tower,0,21,41,0,62,0,0,10,0,10,0,21,51,0,72,0,0,0,72
01/03/2022,SGR,TX,ASW,CE,Federal Contract Tower,0,19,32,0,51,0,4,72,0,76,0,23,104,0,127,80,0,80,207
01/04/2022,SGR,TX,ASW,CE,Federal Contract Tower,0,22,43,0,65,0,7,67,0,74,0,29,110,0,139,68,0,68,207
01/05/2022,SGR,TX,ASW,CE,Federal Contract Tower,0,20,44,0,64,0,4,53,0,57,0,24,97,0,121,40,0,40,161
01/06/2022,SGR,TX,ASW,CE,Federal Contract Tower,0,11,57,0,68,0,0,44,0,44,0,11,101,0,112,40,0,40,152
01/07/2022,SGR,TX,ASW,CE,Federal Contract Tower,0,23,71,0,94,0,0,38,0,38,0,23,109,0,132,88,0,88,220
01/08/2022,SGR,TX,ASW,CE,Federal Contract Tower,0,20,23,0,43,0,0,4,0,4,0,20,27,0,47,10,0,10,57
01/09/2022,SGR,TX,ASW,CE,Federal Contract Tower,0,18,56,0,74,0,0,20,0,20,0,18,76,0,94,10,0,10,104
01/10/2022,SGR,TX,ASW,CE,Federal Contract Tower,0,16,35,0,51,0,2,51,0,53,0,18,86,0,104,42,0,42,146
01/11/2022,SGR,TX,ASW,CE,Federal Contract Tower,0,7,62,0,69,0,1,46,0,47,0,8,108,0,116,36,0,36,152
01/12/2022,SGR,TX,ASW,CE,Federal Contract Tower,0,22,83,0,105,0,5,56,0,61,0,27,139,0,166,48,0,48,214
01/13/2022,SGR,TX,ASW,CE,Federal Contract Tower,0,19,61,0,80,0,4,75,0,79,0,23,136,0,159,72,0,72,231
01/14/2022,SGR,TX,ASW,CE,Federal Contract Tower,0,24,44,0,68,0,1,100,0,101,0,25,144,0,169,136,0,136,305
01/15/2022,SGR,TX,ASW,CE,Federal Contract Tower,0,6,11,0,17,0,0,12,0,12,0,6,23,0,29,0,0,0,29
01/16/2022,SGR,TX,ASW,CE,Federal Contract Tower,0,20,37,0,57,0,2,86,0,88,0,22,123,0,145,50,0,50,195
01/17/2022,SGR,TX,ASW,CE,Federal Contract Tower,0,34,51,0,85,0,1,90,0,91,0,35,141,0,176,128,0,128,304
01/18/2022,SGR,TX,ASW,CE,Federal Contract Tower,0,16,53,0,69,0,6,67,0,73,0,22,120,0,142,50,0,50,192
01/19/2022,SGR,TX,ASW,CE,Federal Contract Tower,0,18,43,2,63,0,2,51,0,53,0,20,94,2,116,20,4,24,140
01/20/2022,SGR,TX,ASW,CE,Federal Contract Tower,0,27,39,0,66,0,0,32,0,32,0,27,71,0,98,24,0,24,122
01/21/2022,SGR,TX,ASW,CE,Federal Contract Tower,0,19,48,0,67,0,2,82,0,84,0,21,130,0,151,128,0,128,279
01/22/2022,SGR,TX,ASW,CE,Federal Contract Tower,0,7,28,0,35,0,0,108,0,108,0,7,136,0,143,72,0,72,215
01/23/2022,SGR,TX,ASW,CE,Federal Contract Tower,0,25,32,0,57,0,0,91,0,91,0,25,123,0,148,106,0,106,254
01/24/2022,SGR,TX,ASW,CE,Federal Contract Tower,0,22,37,0,59,0,0,1,0,1,0,22,38,0,60,0,0,0,60
01/25/2022,SGR,TX,ASW,CE,Federal Contract Tower,0,14,101,0,115,0,0,22,0,22,0,14,123,0,137,2,0,2,139
01/26/2022,SGR,TX,ASW,CE,Federal Contract Tower,0,22,75,0,97,0,0,87,0,87,0,22,162,0,184,64,0,64,248
01/27/2022,SGR,TX,ASW,CE,Federal Contract Tower,0,31,67,0,98,0,1,94,0,95,0,32,161,0,193,84,0,84,277
01/28/2022,SGR,TX,ASW,CE,Federal Contract Tower,0,25,56,0,81,0,0,68,0,68,0,25,124,0,149,62,0,62,211
01/29/2022,SGR,TX,ASW,CE,Federal Contract Tower,0,13,24,0,37,0,0,103,0,103,0,13,127,0,140,102,0,102,242
01/30/2022,SGR,TX,ASW,CE,Federal Contract Tower,0,32,44,0,76,0,4,100,9,113,0,36,144,9,189,94,0,94,283
01/31/2022,SGR,TX,ASW,CE,Federal Contract Tower,0,10,37,0,47,0,0,2,0,2,0,10,39,0,49,2,0,2,51
02/01/2022,SGR,TX,ASW,CE,Federal Contract Tower,0,14,65,0,79,0,2,23,0,25,0,16,88,0,104,22,0,22,126
02/02/2022,SGR,TX,ASW,CE,Federal Contract Tower,0,13,56,0,69,0,1,1,0,2,0,14,57,0,71,0,0,0,71
02/03/2022,SGR,TX,ASW,CE,Federal Contract Tower,0,12,14,0,26,0,0,0,0,0,0,12,14,0,26,0,0,0,26
02/04/2022,SGR,TX,ASW,CE,Federal Contract Tower,0,14,42,0,56,0,0,15,0,15,0,14,57,0,71,0,8,8,79
02/05/2022,SGR,TX,ASW,CE,Federal Contract Tower,0,16,27,0,43,0,0,110,0,110,0,16,137,0,153,132,0,132,285
02/06/2022,SGR,TX,ASW,CE,Federal Contract Tower,0,16,54,0,70,0,0,117,4,121,0,16,171,4,191,82,0,82,273
02/07/2022,SGR,TX,ASW,CE,Federal Contract Tower,0,28,50,0,78,0,9,104,0,113,0,37,154,0,191,76,0,76,267
02/08/2022,SGR,TX,ASW,CE,Federal Contract Tower,0,25,59,0,84,0,4,107,0,111,0,29,166,0,195,100,0,100,295
02/09/2022,SGR,TX,ASW,CE,Federal Contract Tower,0,31,68,0,99,0,8,145,0,153,0,39,213,0,252,134,0,134,386
02/10/2022,SGR,TX,ASW,CE,Federal Contract Tower,0,38,69,0,107,0,2,141,0,143,0,40,210,0,250,112,0,112,362
02/11/2022,SGR,TX,ASW,CE,Federal Contract Tower,0,27,64,0,91,0,0,135,0,135,0,27,199,0,226,126,0,126,352
02/12/2022,SGR,TX,ASW,CE,Federal Contract Tower,0,5,47,0,52,0,0,1,0,1,0,5,48,0,53,0,0,0,53
02/13/2022,SGR,TX,ASW,CE,Federal Contract Tower,0,21,44,0,65,0,4,99,0,103,0,25,143,0,168,102,0,102,270
02/14/2022,SGR,TX,ASW,CE,Federal Contract Tower,0,18,42,0,60,0,7,82,2,91,0,25,124,2,151,72,0,72,223
02/15/2022,SGR,TX,ASW,CE,Federal Contract Tower,0,16,85,0,101,0,7,61,0,68,0,23,146,0,169,46,0,46,215
02/16/2022,SGR,TX,ASW,CE,Federal Contract Tower,0,25,60,0,85,0,3,29,0,32,0,28,89,0,117,52,0,52,169
02/17/2022,SGR,TX,ASW,CE,Federal Contract Tower,0,31,59,0,90,0,4,31,0,35,0,35,90,0,125,32,0,32,157
02/18/2022,SGR,TX,ASW,CE,Federal Contract Tower,0,36,68,0,104,0,4,113,0,117,0,40,181,0,221,174,0,174,395
02/19/2022,SGR,TX,ASW,CE,Federal Contract Tower,0,6,38,0,44,0,1,87,0,88,0,7,125,0,132,142,0,142,274
02/20/2022,SGR,TX,ASW,CE,Federal Contract Tower,0,19,39,0,58,0,1,68,0,69,0,20,107,0,127,90,0,90,217
02/21/2022,SGR,TX,ASW,CE,Federal Contract Tower,0,15,40,0,55,0,3,18,0,21,0,18,58,0,76,0,0,0,76
02/22/2022,SGR,TX,ASW,CE,Federal Contract Tower,0,22,57,0,79,0,4,39,0,43,0,26,96,0,122,72,0,72,194
02/23/2022,SGR,TX,ASW,CE,Federal Contract Tower,0,35,67,0,102,0,8,0,0,8,0,43,67,0,110,0,0,0,110
02/24/2022,SGR,TX,ASW,CE,Federal Contract Tower,0,26,44,0,70,0,0,0,0,0,0,26,44,0,70,0,0,0,70
02/25/2022,SGR,TX,ASW,CE,Federal Contract Tower,0,41,58,0,99,0,1,61,0,62,0,42,119,0,161,80,0,80,241
02/26/2022,SGR,TX,ASW,CE,Federal Contract Tower,0,13,32,0,45,0,0,0,0,0,0,13,32,0,45,0,0,0,45
02/27/2022,SGR,TX,ASW,CE,Federal Contract Tower,0,19,54,0,73,0,3,55,0,58,0,22,109,0,131,42,0,42,173
02/28/2022,SGR,TX,ASW,CE,Federal Contract Tower,0,13,78,0,91,0,5,140,2,147,0,18,218,2,238,94,4,98,336
03/01/2022,SGR,TX,ASW,CE,Federal Contract Tower,0,17,62,0,79,0,6,71,0,77,0,23,133,0,156,78,0,78,234
03/02/2022,SGR,TX,ASW,CE,Federal Contract Tower,0,21,75,0,96,0,3,83,0,86,0,24,158,0,182,76,0,76,258
03/03/2022,SGR,TX,ASW,CE,Federal Contract Tower,0,29,73,0,102,0,7,108,0,115,0,36,181,0,217,164,0,164,381
03/04/2022,SGR,TX,ASW,CE,Federal Contract Tower,0,21,55,0,76,0,0,77,0,77,0,21,132,0,153,148,0,148,301
03/05/2022,SGR,TX,ASW,CE,Federal Contract Tower,0,7,31,0,38,0,4,88,0,92,0,11,119,0,130,56,0,56,186
03/06/2022,SGR,TX,ASW,CE,Federal Contract Tower,0,24,69,2,95,0,0,32,2,34,0,24,101,4,129,12,0,12,141
03/07/2022,SGR,TX,ASW,CE,Federal Contract Tower,0,26,58,0,84,0,6,32,0,38,0,32,90,0,122,70,0,70,192
03/08/2022,SGR,TX,ASW,CE,Federal Contract Tower,0,17,51,0,68,0,0,2,0,2,0,17,53,0,70,0,0,0,70
03/09/2022,SGR,TX,ASW,CE,Federal Contract Tower,0,28,65,2,95,0,10,91,0,101,0,38,156,2,196,108,0,108,304
03/10/2022,SGR,TX,ASW,CE,Federal Contract Tower,0,21,55,1,77,0,8,121,0,129,0,29,176,1,206,112,0,112,318
03/11/2022,SGR,TX,ASW,CE,Federal Contract Tower,0,30,58,0,88,0,7,8,0,15,0,37,66,0,103,8,0,8,111
03/12/2022,SGR,TX,ASW,CE,Federal Contract Tower,0,30,49,0,79,0,0,130,0,130,0,30,179,0,209,126,0,126,335
03/13/2022,SGR,TX,ASW,CE,Federal Contract Tower,0,24,48,0,72,0,0,92,0,92,0,24,140,0,164,108,0,108,272
03/14/2022,SGR,TX,ASW,CE,Federal Contract Tower,0,20,45,0,65,0,0,60,0,60,0,20,105,0,125,102,0,102,227
03/15/2022,SGR,TX,ASW,CE,Federal Contract Tower,0,7,47,0,54,0,1,66,0,67,0,8,113,0,121,58,0,58,179
03/16/2022,SGR,TX,ASW,CE,Federal Contract Tower,0,14,93,0,107,0,5,114,0,119,0,19,207,0,226,102,0,102,328
03/17/2022,SGR,TX,ASW,CE,Federal Contract Tower,0,26,40,0,66,0,0,31,0,31,0,26,71,0,97,10,0,10,107
03/18/2022,SGR,TX,ASW,CE,Federal Contract Tower,0,19,43,0,62,0,0,66,0,66,0,19,109,0,128,20,0,20,148
03/19/2022,SGR,TX,ASW,CE,Federal Contract Tower,0,21,52,0,73,0,0,137,0,137,0,21,189,0,210,140,0,140,350
03/20/2022,SGR,TX,ASW,CE,Federal Contract Tower,0,22,63,0,85,0,0,97,0,97,0,22,160,0,182,54,0,54,236
03/21/2022,SGR,TX,ASW,CE,Federal Contract Tower,0,24,50,0,74,0,0,2,0,2,0,24,52,0,76,0,0,0,76
03/22/2022,SGR,TX,ASW,CE,Federal Contract Tower,0,20,36,0,56,0,5,42,0,47,0,25,78,0,103,34,0,34,137
03/23/2022,SGR,TX,ASW,CE,Federal Contract Tower,0,15,53,0,68,0,10,80,0,90,0,25,133,0,158,68,0,68,226
03/24/2022,SGR,TX,ASW,CE,Federal Contract Tower,0,27,56,0,83,0,6,114,0,120,0,33,170,0,203,116,0,116,319
03/25/2022,SGR,TX,ASW,CE,Federal Contract Tower,0,17,59,2,78,0,6,108,0,114,0,23,167,2,192,180,0,180,372
03/26/2022,SGR,TX,ASW,CE,Federal Contract Tower,0,11,31,0,42,0,0,100,0,100,0,11,131,0,142,166,0,166,308
03/27/2022,SGR,TX,ASW,CE,Federal Contract Tower,0,22,45,0,67,0,3,98,0,101,0,25,143,0,168,106,0,106,274
03/28/2022,SGR,TX,ASW,CE,Federal Contract Tower,0,30,58,0,88,0,3,92,0,95,0,33,150,0,183,106,0,106,289
03/29/2022,SGR,TX,ASW,CE,Federal Contract Tower,0,25,58,0,83,0,4,6,2,12,0,29,64,2,95,12,0,12,107
03/30/2022,SGR,TX,ASW,CE,Federal Contract Tower,0,25,58,0,83,0,2,31,0,33,0,27,89,0,116,28,0,28,144
03/31/2022,SGR,TX,ASW,CE,Federal Contract Tower,0,17,64,0,81,0,6,113,1,120,0,23,177,1,201,132,0,132,333
04/01/2022,SGR,TX,ASW,CE,Federal Contract Tower,0,19,58,0,77,0,2,97,0,99,0,21,155,0,176,92,0,92,268
04/02/2022,SGR,TX,ASW,CE,Federal Contract Tower,0,6,31,0,37,0,0,91,0,91,0,6,122,0,128,158,0,158,286
04/03/2022,SGR,TX,ASW,CE,Federal Contract Tower,0,25,49,0,74,0,4,80,1,85,0,29,129,1,159,104,0,104,263
04/04/2022,SGR,TX,ASW,CE,Federal Contract Tower,0,36,74,0,110,0,5,14,0,19,0,41,88,0,129,10,0,10,139
04/05/2022,SGR,TX,ASW,CE,Federal Contract Tower,0,39,62,0,101,0,6,41,0,47,0,45,103,0,148,74,0,74,222
04/06/2022,SGR,TX,ASW,CE,Federal Contract Tower,0,34,68,0,102,0,29,31,0,60,0,63,99,0,162,18,0,18,180
04/07/2022,SGR,TX,ASW,CE,Federal Contract Tower,0,27,76,0,103,0,4,88,0,92,0,31,164,0,195,134,0,134,329
04/08/2022,SGR,TX,ASW,CE,Federal Contract Tower,0,19,50,0,69,0,4,72,0,76,0,23,122,0,145,62,2,64,209
04/09/2022,SGR,TX,ASW,CE,Federal Contract Tower,0,15,31,0,46,0,6,95,0,101,0,21,126,0,147,180,0,180,327
04/10/2022,SGR,TX,ASW,CE,Federal Contract Tower,0,13,46,0,59,0,0,35,0,35,0,13,81,0,94,28,0,28,122
04/11/2022,SGR,TX,ASW,CE,Federal Contract Tower,0,25,50,0,75,0,8,44,0,52,0,33,94,0,127,120,0,120,247
04/12/2022,SGR,TX,ASW,CE,Federal Contract Tower,0,13,73,0,86,0,2,12,0,14,0,15,85,0,100,44,0,44,144
04/13/2022,SGR,TX,ASW,CE,Federal Contract Tower,0,29,73,0,102,0,2,17,0,19,0,31,90,0,121,46,0,46,167
04/14/2022,SGR,TX,ASW,CE,Federal Contract Tower,0,32,78,1,111,0,3,100,1,104,0,35,178,2,215,78,8,86,301
04/15/2022,SGR,TX,ASW,CE,Federal Contract Tower,0,24,58,0,82,0,1,21,0,22,0,25,79,0,104,74,0,74,178
04/16/2022,SGR,TX,ASW,CE,Federal Contract Tower,0,7,36,0,43,0,0,61,0,61,0,7,97,0,104,138,0,138,242
04/17/2022,SGR,TX,ASW,CE,Federal Contract Tower,0,14,36,0,50,0,0,23,0,23,0,14,59,0,73,10,0,10,83
04/18/2022,SGR,TX,ASW,CE,Federal Contract Tower,0,29,68,0,97,0,4,102,0,106,0,33,170,0,203,102,0,102,305
04/19/2022,SGR,TX,ASW,CE,Federal Contract Tower,0,33,68,0,101,0,6,43,0,49,0,39,111,0,150,0,0,0,150
04/20/2022,SGR,TX,ASW,CE,Federal Contract Tower,0,19,79,0,98,0,2,23,0,25,0,21,102,0,123,26,0,26,149
04/21/2022,SGR,TX,ASW,CE,Federal Contract Tower,0,21,60,0,81,0,0,34,0,34,0,21,94,0,115,72,0,72,187
04/22/2022,SGR,TX,ASW,CE,Federal Contract Tower,0,21,50,0,71,0,5,63,0,68,0,26,113,0,139,96,0,96,235
04/23/2022,SGR,TX,ASW,CE,Federal Contract Tower,0,11,25,0,36,0,5,67,0,72,0,16,92,0,108,56,0,56,164
04/24/2022,SGR,TX,ASW,CE,Federal Contract Tower,0,27,56,0,83,0,1,59,0,60,0,28,115,0,143,72,0,72,215
04/25/2022,SGR,TX,ASW,CE,Federal Contract Tower,0,22,42,0,64,0,3,26,0,29,0,25,68,0,93,74,0,74,167
04/26/2022,SGR,TX,ASW,CE,Federal Contract Tower,0,26,63,3,92,0,0,66,1,67,0,26,129,4,159,158,0,158,317
04/27/2022,SGR,TX,ASW,CE,Federal Contract Tower,0,42,81,0,123,0,2,87,0,89,0,44,168,0,212,122,0,122,334
04/28/2022,SGR,TX,ASW,CE,Federal Contract Tower,0,25,54,0,79,0,4,86,0,90,0,29,140,0,169,130,0,130,299
04/29/2022,SGR,TX,ASW,CE,Federal Contract Tower,0,21,55,0,76,0,4,81,0,85,0,25,136,0,161,146,0,146,307
04/30/2022,SGR,TX,ASW,CE,Federal Contract Tower,0,14,35,0,49,0,2,84,0,86,0,16,119,0,135,162,8,170,305
05/01/2022,SGR,TX,ASW,CE,Federal Contract Tower,0,20,34,0,54,0,0,59,0,59,0,20,93,0,113,106,0,106,219
05/02/2022,SGR,TX,ASW,CE,Federal Contract Tower,0,22,39,0,61,0,0,40,0,40,0,22,79,0,101,42,0,42,143
05/03/2022,SGR,TX,ASW,CE,Federal Contract Tower,0,25,51,0,76,0,10,59,0,69,0,35,110,0,145,86,0,86,231
05/04/2022,SGR,TX,ASW,CE,Federal Contract Tower,0,30,74,0,104,0,6,93,0,99,0,36,167,0,203,68,0,68,271
05/05/2022,SGR,TX,ASW,CE,Federal Contract Tower,0,27,56,0,83,0,0,15,0,15,0,27,71,0,98,22,0,22,120
05/06/2022,SGR,TX,ASW,CE,Federal Contract Tower,0,37,64,0,101,0,8,86,0,94,0,45,150,0,195,136,0,136,331
05/07/2022,SGR,TX,ASW,CE,Federal Contract Tower,0,18,65,0,83,0,1,80,0,81,0,19,145,0,164,126,0,126,290
05/08/2022,SGR,TX,ASW,CE,Federal Contract Tower,0,28,39,0,67,0,10,78,0,88,0,38,117,0,155,92,0,92,247
05/09/2022,SGR,TX,ASW,CE,Federal Contract Tower,0,21,42,0,63,0,3,43,0,46,0,24,85,0,109,60,0,60,169
05/10/2022,SGR,TX,ASW,CE,Federal Contract Tower,0,18,66,0,84,0,5,79,3,87,0,23,145,3,171,104,0,104,275
05/11/2022,SGR,TX,ASW,CE,Federal Contract Tower,0,17,70,0,87,0,0,62,0,62,0,17,132,0,149,20,0,20,169
05/12/2022,SGR,TX,ASW,CE,Federal Contract Tower,0,20,57,0,77,0,10,70,0,80,0,30,127,0,157,112,0,112,269
05/13/2022,SGR,TX,ASW,CE,Federal Contract Tower,0,13,69,0,82,0,0,64,0,64,0,13,133,0,146,82,0,82,228
05/14/2022,SGR,TX,ASW,CE,Federal Contract Tower,0,12,31,0,43,0,6,78,2,86,0,18,109,2,129,134,0,134,263
05/15/2022,SGR,TX,ASW,CE,Federal Contract Tower,0,23,56,0,79,0,1,84,0,85,0,24,140,0,164,146,0,146,310
05/16/2022,SGR,TX,ASW,CE,Federal Contract Tower,0,27,40,2,69,0,4,68,0,72,0,31,108,2,141,124,0,124,265
05/17/2022,SGR,TX,ASW,CE,Federal Contract Tower,0,17,58,0,75,0,7,80,0,87,0,24,138,0,162,32,0,32,194
05/18/2022,SGR,TX,ASW,CE,Federal Contract Tower,0,21,68,0,89,0,5,87,0,92,0,26,155,0,181,122,0,122,303
05/19/2022,SGR,TX,ASW,CE,Federal Contract Tower,0,25,61,0,86,0,4,70,0,74,0,29,131,0,160,86,0,86,246
05/20/2022,SGR,TX,ASW,CE,Federal Contract Tower,0,12,63,0,75,0,4,61,0,65,0,16,124,0,140,68,0,68,208
05/21/2022,SGR,TX,ASW,CE,Federal Contract Tower,0,12,37,0,49,0,0,78,0,78,0,12,115,0,127,118,0,118,245
05/22/2022,SGR,TX,ASW,CE,Federal Contract Tower,0,26,50,0,76,0,5,56,0,61,0,31,106,0,137,114,0,114,251
05/23/2022,SGR,TX,ASW,CE,Federal Contract Tower,0,17,43,0,60,0,2,49,0,51,0,19,92,0,111,90,0,90,201
05/24/2022,SGR,TX,ASW,CE,Federal Contract Tower,0,11,47,0,58,0,2,21,0,23,0,13,68,0,81,62,0,62,143
05/25/2022,SGR,TX,ASW,CE,Federal Contract Tower,0,17,53,0,70,0,5,57,0,62,0,22,110,0,132,18,8,26,158
05/26/2022,SGR,TX,ASW,CE,Federal Contract Tower,0,25,56,0,81,0,2,84,0,86,0,27,140,0,167,100,0,100,267
05/27/2022,SGR,TX,ASW,CE,Federal Contract Tower,0,25,57,0,82,0,4,80,0,84,0,29,137,0,166,126,0,126,292
05/28/2022,SGR,TX,ASW,CE,Federal Contract Tower,0,10,46,1,57,0,0,60,1,61,0,10,106,2,118,112,0,112,230
05/29/2022,SGR,TX,ASW,CE,Federal Contract Tower,0,9,30,0,39,0,0,66,0,66,0,9,96,0,105,94,0,94,199
05/30/2022,SGR,TX,ASW,CE,Federal Contract Tower,0,23,48,0,71,0,0,49,0,49,0,23,97,0,120,58,0,58,178
05/31/2022,SGR,TX,ASW,CE,Federal Contract Tower,0,24,59,0,83,0,3,57,0,60,0,27,116,0,143,62,0,62,205
06/01/2022,SGR,TX,ASW,CE,Federal Contract Tower,0,17,65,0,82,0,0,79,0,79,0,17,144,0,161,98,0,98,259
06/02/2022,SGR,TX,ASW,CE,Federal Contract Tower,0,33,59,0,92,0,2,61,0,63,0,35,120,0,155,66,0,66,221
06/03/2022,SGR,TX,ASW,CE,Federal Contract Tower,0,25,47,0,72,0,2,86,0,88,0,27,133,0,160,98,0,98,258
06/04/2022,SGR,TX,ASW,CE,Federal Contract Tower,0,28,36,0,64,0,0,104,0,104,0,28,140,0,168,200,0,200,368
06/05/2022,SGR,TX,ASW,CE,Federal Contract Tower,0,16,62,0,78,0,0,85,0,85,0,16,147,0,163,106,0,106,269
06/06/2022,SGR,TX,ASW,CE,Federal Contract Tower,0,21,50,0,71,0,0,50,0,50,0,21,100,0,121,100,0,100,221
06/07/2022,SGR,TX,ASW,CE,Federal Contract Tower,0,23,53,0,76,0,3,64,0,67,0,26,117,0,143,34,0,34,177
06/08/2022,SGR,TX,ASW,CE,Federal Contract Tower,0,28,58,0,86,0,4,85,0,89,0,32,143,0,175,142,0,142,317
06/09/2022,SGR,TX,ASW,CE,Federal Contract Tower,0,37,60,0,97,0,8,85,2,95,0,45,145,2,192,92,0,92,284
06/10/2022,SGR,TX,ASW,CE,Federal Contract Tower,0,23,67,0,90,0,2,79,0,81,0,25,146,0,171,84,0,84,255
06/11/2022,SGR,TX,ASW,CE,Federal Contract Tower,0,17,43,0,60,0,0,61,0,61,0,17,104,0,121,78,0,78,199
06/12/2022,SGR,TX,ASW,CE,Federal Contract Tower,0,27,71,0,98,0,0,102,0,102,0,27,173,0,200,148,0,148,348
06/13/2022,SGR,TX,ASW,CE,Federal Contract Tower,0,20,48,0,68,0,6,39,2,47,0,26,87,2,115,28,0,28,143
06/14/2022,SGR,TX,ASW,CE,Federal Contract Tower,0,28,57,1,86,0,7,68,3,78,0,35,125,4,164,86,0,86,250
06/15/2022,SGR,TX,ASW,CE,Federal Contract Tower,0,31,63,0,94,0,2,82,0,84,0,33,145,0,178,110,0,110,288
06/16/2022,SGR,TX,ASW,CE,Federal Contract Tower,0,36,56,0,92,0,5,58,0,63,0,41,114,0,155,106,0,106,261
06/17/2022,SGR,TX,ASW,CE,Federal Contract Tower,0,35,56,0,91,0,0,96,0,96,0,35,152,0,187,142,0,142,329
06/18/2022,SGR,TX,ASW,CE,Federal Contract Tower,0,23,45,0,68,0,0,81,0,81,0,23,126,0,149,106,0,106,255
06/19/2022,SGR,TX,ASW,CE,Federal Contract Tower,0,19,33,0,52,0,0,73,0,73,0,19,106,0,125,64,0,64,189
06/20/2022,SGR,TX,ASW,CE,Federal Contract Tower,0,16,37,1,54,0,2,68,1,71,0,18,105,2,125,104,0,104,229
06/21/2022,SGR,TX,ASW,CE,Federal Contract Tower,0,33,47,0,80,0,5,57,0,62,0,38,104,0,142,140,0,140,282
06/22/2022,SGR,TX,ASW,CE,Federal Contract Tower,0,18,53,0,71,0,7,76,0,83,0,25,129,0,154,112,0,112,266
06/23/2022,SGR,TX,ASW,CE,Federal Contract Tower,0,24,69,0,93,0,6,74,0,80,0,30,143,0,173,82,0,82,255
06/24/2022,SGR,TX,ASW,CE,Federal Contract Tower,0,20,38,0,58,0,0,61,0,61,0,20,99,0,119,94,0,94,213
06/25/2022,SGR,TX,ASW,CE,Federal Contract Tower,0,20,35,0,55,0,2,61,0,63,0,22,96,0,118,28,0,28,146
06/26/2022,SGR,TX,ASW,CE,Federal Contract Tower,0,20,51,0,71,0,2,77,0,79,0,22,128,0,150,94,0,94,244
06/27/2022,SGR,TX,ASW,CE,Federal Contract Tower,0,14,53,0,67,0,2,49,0,51,0,16,102,0,118,70,0,70,188
06/28/2022,SGR,TX,ASW,CE,Federal Contract Tower,0,20,60,0,80,0,2,56,0,58,0,22,116,0,138,52,0,52,190
06/29/2022,SGR,TX,ASW,CE,Federal Contract Tower,0,24,35,0,59,0,2,58,0,60,0,26,93,0,119,90,0,90,209
06/30/2022,SGR,TX,ASW,CE,Federal Contract Tower,0,16,48,0,64,0,2,46,0,48,0,18,94,0,112,92,0,92,204
07/01/2022,SGR,TX,ASW,CE,Federal Contract Tower,0,20,37,0,57,0,10,33,0,43,0,30,70,0,100,26,0,26,126
07/02/2022,SGR,TX,ASW,CE,Federal Contract Tower,0,16,24,0,40,0,0,56,0,56,0,16,80,0,96,110,0,110,206
07/03/2022,SGR,TX,ASW,CE,Federal Contract Tower,0,11,14,0,25,0,0,56,0,56,0,11,70,0,81,78,0,78,159
07/04/2022,SGR,TX,ASW,CE,Federal Contract Tower,0,7,20,0,27,0,3,39,1,43,0,10,59,1,70,60,0,60,130
07/05/2022,SGR,TX,ASW,CE,Federal Contract Tower,0,15,53,0,68,0,10,66,0,76,0,25,119,0,144,112,0,112,256
07/06/2022,SGR,TX,ASW,CE,Federal Contract Tower,0,19,48,0,67,0,2,69,0,71,0,21,117,0,138,92,0,92,230
07/07/2022,SGR,TX,ASW,CE,Federal Contract Tower,0,15,50,0,65,0,5,59,0,64,0,20,109,0,129,96,0,96,225
07/08/2022,SGR,TX,ASW,CE,Federal Contract Tower,0,14,38,0,52,0,2,75,0,77,0,16,113,0,129,90,0,90,219
07/09/2022,SGR,TX,ASW,CE,Federal Contract Tower,0,22,31,0,53,0,2,83,0,85,0,24,114,0,138,134,0,134,272
07/10/2022,SGR,TX,ASW,CE,Federal Contract Tower,0,14,44,0,58,0,1,66,0,67,0,15,110,0,125,92,0,92,217
07/11/2022,SGR,TX,ASW,CE,Federal Contract Tower,0,22,50,0,72,0,3,63,0,66,0,25,113,0,138,74,0,74,212
07/12/2022,SGR,TX,ASW,CE,Federal Contract Tower,0,17,67,0,84,0,2,48,0,50,0,19,115,0,134,78,0,78,212
07/13/2022,SGR,TX,ASW,CE,Federal Contract Tower,0,9,61,0,70,0,3,58,0,61,0,12,119,0,131,62,0,62,193
07/14/2022,SGR,TX,ASW,CE,Federal Contract Tower,0,24,40,0,64,0,13,60,0,73,0,37,100,0,137,48,0,48,185
07/15/2022,SGR,TX,ASW,CE,Federal Contract Tower,0,21,39,0,60,0,0,61,0,61,0,21,100,0,121,98,0,98,219
07/16/2022,SGR,TX,ASW,CE,Federal Contract Tower,0,18,22,0,40,0,4,81,0,85,0,22,103,0,125,94,0,94,219
07/17/2022,SGR,TX,ASW,CE,Federal Contract Tower,0,14,39,0,53,0,0,75,0,75,0,14,114,0,128,106,0,106,234
07/18/2022,SGR,TX,ASW,CE,Federal Contract Tower,0,15,48,0,63,0,9,94,0,103,0,24,142,0,166,128,0,128,294
07/19/2022,SGR,TX,ASW,CE,Federal Contract Tower,0,12,46,0,58,0,4,55,0,59,0,16,101,0,117,44,0,44,161
07/20/2022,SGR,TX,ASW,CE,Federal Contract Tower,0,16,43,2,61,0,2,71,0,73,0,18,114,2,134,124,0,124,258
07/21/2022,SGR,TX,ASW,CE,Federal Contract Tower,0,17,65,0,82,0,3,80,0,83,0,20,145,0,165,90,0,90,255
07/22/2022,SGR,TX,ASW,CE,Federal Contract Tower,0,20,44,0,64,0,0,73,0,73,0,20,117,0,137,68,0,68,205
07/23/2022,SGR,TX,ASW,CE,Federal Contract Tower,0,15,45,0,60,0,1,72,0,73,0,16,117,0,133,126,0,126,259
07/24/2022,SGR,TX,ASW,CE,Federal Contract Tower,0,17,44,0,61,0,0,66,0,66,0,17,110,0,127,60,0,60,187
07/25/2022,SGR,TX,ASW,CE,Federal Contract Tower,0,9,50,0,59,0,6,50,0,56,0,15,100,0,115,100,0,100,215
07/26/2022,SGR,TX,ASW,CE,Federal Contract Tower,0,9,59,0,68,0,2,62,0,64,0,11,121,0,132,92,0,92,224
07/27/2022,SGR,TX,ASW,CE,Federal Contract Tower,0,21,57,0,78,0,6,63,0,69,0,27,120,0,147,102,0,102,249
07/28/2022,SGR,TX,ASW,CE,Federal Contract Tower,0,16,64,0,80,0,2,76,0,78,0,18,140,0,158,90,0,90,248
07/29/2022,SGR,TX,ASW,CE,Federal Contract Tower,0,22,40,0,62,0,1,44,0,45,0,23,84,0,107,54,0,54,161
07/30/2022,SGR,TX,ASW,CE,Federal Contract Tower,0,23,34,0,57,0,5,77,0,82,0,28,111,0,139,128,0,128,267
07/31/2022,SGR,TX,ASW,CE,Federal Contract Tower,0,22,42,0,64,0,2,52,0,54,0,24,94,0,118,66,0,66,184
08/01/2022,SGR,TX,ASW,CE,Federal Contract Tower,0,29,53,0,82,0,0,68,0,68,0,29,121,0,150,128,0,128,278
08/02/2022,SGR,TX,ASW,CE,Federal Contract Tower,0,11,45,0,56,0,2,62,0,64,0,13,107,0,120,134,0,134,254
08/03/2022,SGR,TX,ASW,CE,Federal Contract Tower,0,19,60,0,79,0,12,4,0,16,0,31,64,0,95,134,0,134,229
08/04/2022,SGR,TX,ASW,CE,Federal Contract Tower,0,14,58,0,72,0,10,84,0,94,0,24,142,0,166,154,0,154,320
08/05/2022,SGR,TX,ASW,CE,Federal Contract Tower,0,26,53,0,79,0,0,61,0,61,0,26,114,0,140,94,0,94,234
08/06/2022,SGR,TX,ASW,CE,Federal Contract Tower,0,14,19,0,33,0,2,58,0,60,0,16,77,0,93,68,0,68,161
08/07/2022,SGR,TX,ASW,CE,Federal Contract Tower,0,16,34,0,50,0,2,85,0,87,0,18,119,0,137,94,0,94,231
08/08/2022,SGR,TX,ASW,CE,Federal Contract Tower,0,10,49,0,59,0,6,67,1,74,0,16,116,1,133,36,0,36,169
08/09/2022,SGR,TX,ASW,CE,Federal Contract Tower,0,18,53,0,71,0,3,58,2,63,0,21,111,2,134,68,0,68,202
08/10/2022,SGR,TX,ASW,CE,Federal Contract Tower,0,21,51,0,72,0,2,59,1,62,0,23,110,1,134,52,0,52,186
08/11/2022,SGR,TX,ASW,CE,Federal Contract Tower,0,31,59,0,90,0,6,83,1,90,0,37,142,1,180,126,2,128,308
08/12/2022,SGR,TX,ASW,CE,Federal Contract Tower,0,16,39,0,55,0,1,55,0,56,0,17,94,0,111,62,0,62,173
08/13/2022,SGR,TX,ASW,CE,Federal Contract Tower,0,10,47,0,57,0,1,64,0,65,0,11,111,0,122,94,0,94,216
08/14/2022,SGR,TX,ASW,CE,Federal Contract Tower,0,43,33,0,76,0,4,68,0,72,0,47,101,0,148,136,0,136,284
08/15/2022,SGR,TX,ASW,CE,Federal Contract Tower,0,18,55,0,73,0,1,76,0,77,0,19,131,0,150,140,0,140,290
08/16/2022,SGR,TX,ASW,CE,Federal Contract Tower,0,21,57,0,78,0,3,63,0,66,0,24,120,0,144,40,0,40,184
08/17/2022,SGR,TX,ASW,CE,Federal Contract Tower,0,22,77,0,99,0,5,52,0,57,0,27,129,0,156,90,0,90,246
08/18/2022,SGR,TX,ASW,CE,Federal Contract Tower,0,15,52,0,67,0,1,55,0,56,0,16,107,0,123,86,0,86,209
08/19/2022,SGR,TX,ASW,CE,Federal Contract Tower,0,17,54,0,71,0,0,20,0,20,0,17,74,0,91,20,0,20,111
08/20/2022,SGR,TX,ASW,CE,Federal Contract Tower,0,15,32,0,47,0,22,69,0,91,0,37,101,0,138,78,0,78,216
08/21/2022,SGR,TX,ASW,CE,Federal Contract Tower,0,16,51,0,67,0,4,73,0,77,0,20,124,0,144,102,0,102,246
08/22/2022,SGR,TX,ASW,CE,Federal Contract Tower,0,20,33,0,53,0,6,58,0,64,0,26,91,0,117,108,0,108,225
08/23/2022,SGR,TX,ASW,CE,Federal Contract Tower,0,24,36,0,60,0,4,53,0,57,0,28,89,0,117,94,0,94,211
08/24/2022,SGR,TX,ASW,CE,Federal Contract Tower,0,22,33,0,55,0,0,21,0,21,0,22,54,0,76,8,2,10,86
08/25/2022,SGR,TX,ASW,CE,Federal Contract Tower,0,33,77,0,110,0,1,62,0,63,0,34,139,0,173,142,0,142,315
08/26/2022,SGR,TX,ASW,CE,Federal Contract Tower,0,24,42,0,66,0,2,73,0,75,0,26,115,0,141,150,0,150,291
08/27/2022,SGR,TX,ASW,CE,Federal Contract Tower,0,6,33,0,39,0,1,70,0,71,0,7,103,0,110,98,0,98,208
08/28/2022,SGR,TX,ASW,CE,Federal Contract Tower,0,18,42,0,60,0,0,99,0,99,0,18,141,0,159,158,0,158,317
08/29/2022,SGR,TX,ASW,CE,Federal Contract Tower,0,17,38,0,55,0,2,32,0,34,0,19,70,0,89,60,0,60,149
08/30/2022,SGR,TX,ASW,CE,Federal Contract Tower,0,13,47,0,60,0,11,40,0,51,0,24,87,0,111,4,0,4,115
08/31/2022,SGR,TX,ASW,CE,Federal Contract Tower,0,26,63,0,89,0,2,59,0,61,0,28,122,0,150,52,0,52,202
09/01/2022,SGR,TX,ASW,CE,Federal Contract Tower,0,22,78,0,100,0,2,65,0,67,0,24,143,0,167,134,0,134,301
09/02/2022,SGR,TX,ASW,CE,Federal Contract Tower,0,26,50,0,76,0,0,79,0,79,0,26,129,0,155,100,0,100,255
09/03/2022,SGR,TX,ASW,CE,Federal Contract Tower,0,12,19,0,31,0,0,51,0,51,0,12,70,0,82,70,0,70,152
09/04/2022,SGR,TX,ASW,CE,Federal Contract Tower,0,10,28,0,38,0,0,59,0,59,0,10,87,0,97,132,0,132,229
09/05/2022,SGR,TX,ASW,CE,Federal Contract Tower,0,16,41,0,57,0,0,74,0,74,0,16,115,0,131,48,0,48,179
09/06/2022,SGR,TX,ASW,CE,Federal Contract Tower,0,28,54,0,82,0,5,56,0,61,0,33,110,0,143,58,0,58,201
09/07/2022,SGR,TX,ASW,CE,Federal Contract Tower,0,18,69,0,87,0,1,64,0,65,0,19,133,0,152,62,0,62,214
09/08/2022,SGR,TX,ASW,CE,Federal Contract Tower,0,19,50,0,69,0,1,79,0,80,0,20,129,0,149,102,0,102,251
09/09/2022,SGR,TX,ASW,CE,Federal Contract Tower,0,22,65,0,87,0,0,84,0,84,0,22,149,0,171,84,0,84,255
09/10/2022,SGR,TX,ASW,CE,Federal Contract Tower,0,15,50,0,65,0,1,92,0,93,0,16,142,0,158,90,0,90,248
09/11/2022,SGR,TX,ASW,CE,Federal Contract Tower,0,16,47,0,63,0,0,81,0,81,0,16,128,0,144,90,0,90,234
09/12/2022,SGR,TX,ASW,CE,Federal Contract Tower,0,16,58,1,75,0,0,51,1,52,0,16,109,2,127,46,0,46,173
09/13/2022,SGR,TX,ASW,CE,Federal Contract Tower,0,12,45,0,57,0,0,0,0,0,0,12,45,0,57,38,0,38,95
09/14/2022,SGR,TX,ASW,CE,Federal Contract Tower,0,24,64,0,88,0,2,73,0,75,0,26,137,0,163,64,0,64,227
09/15/2022,SGR,TX,ASW,CE,Federal Contract Tower,0,16,76,0,92,0,2,87,0,89,0,18,163,0,181,122,0,122,303
09/16/2022,SGR,TX,ASW,CE,Federal Contract Tower,0,22,38,0,60,0,0,84,0,84,0,22,122,0,144,80,0,80,224
09/17/2022,SGR,TX,ASW,CE,Federal Contract Tower,0,9,30,0,39,0,0,87,0,87,0,9,117,0,126,120,0,120,246
09/18/2022,SGR,TX,ASW,CE,Federal Contract Tower,0,25,63,0,88,0,1,80,1,82,0,26,143,1,170,102,0,102,272
09/19/2022,SGR,TX,ASW,CE,Federal Contract Tower,0,23,52,0,75,0,3,37,0,40,0,26,89,0,115,22,0,22,137
09/20/2022,SGR,TX,ASW,CE,Federal Contract Tower,0,21,52,0,73,0,5,95,0,100,0,26,147,0,173,82,0,82,255
09/21/2022,SGR,TX,ASW,CE,Federal Contract Tower,0,30,56,0,86,0,7,72,0,79,0,37,128,0,165,64,0,64,229
09/22/2022,SGR,TX,ASW,CE,Federal Contract Tower,0,24,56,0,80,0,3,84,0,87,0,27,140,0,167,102,0,102,269
09/23/2022,SGR,TX,ASW,CE,Federal Contract Tower,0,29,50,1,80,0,0,82,0,82,0,29,132,1,162,112,0,112,274
09/24/2022,SGR,TX,ASW,CE,Federal Contract Tower,0,14,27,0,41,0,0,59,0,59,0,14,86,0,100,66,0,66,166
09/25/2022,SGR,TX,ASW,CE,Federal Contract Tower,0,44,64,0,108,0,2,72,0,74,0,46,136,0,182,86,0,86,268
09/26/2022,SGR,TX,ASW,CE,Federal Contract Tower,0,20,37,0,57,0,4,60,0,64,0,24,97,0,121,90,0,90,211
09/27/2022,SGR,TX,ASW,CE,Federal Contract Tower,0,30,59,0,89,0,3,84,0,87,0,33,143,0,176,54,0,54,230
09/28/2022,SGR,TX,ASW,CE,Federal Contract Tower,0,28,63,0,91,0,2,71,0,73,0,30,134,0,164,68,0,68,232
09/29/2022,SGR,TX,ASW,CE,Federal Contract Tower,0,25,65,0,90,0,0,114,0,114,0,25,179,0,204,98,0,98,302
09/30/2022,SGR,TX,ASW,CE,Federal Contract Tower,0,28,79,0,107,0,0,94,0,94,0,28,173,0,201,100,0,100,301
10/01/2022,SGR,TX,ASW,CE,Federal Contract Tower,0,18,27,0,45,0,0,88,0,88,0,18,115,0,133,84,0,84,217
10/02/2022,SGR,TX,ASW,CE,Federal Contract Tower,0,25,58,0,83,0,0,93,0,93,0,25,151,0,176,54,0,54,230
10/03/2022,SGR,TX,ASW,CE,Federal Contract Tower,0,35,34,0,69,0,3,59,0,62,0,38,93,0,131,66,0,66,197
10/04/2022,SGR,TX,ASW,CE,Federal Contract Tower,0,25,54,0,79,0,1,68,0,69,0,26,122,0,148,50,0,50,198
10/05/2022,SGR,TX,ASW,CE,Federal Contract Tower,0,21,54,0,75,0,3,61,0,64,0,24,115,0,139,48,0,48,187
10/06/2022,SGR,TX,ASW,CE,Federal Contract Tower,0,34,77,0,111,0,0,89,1,90,0,34,166,1,201,122,0,122,323
10/07/2022,SGR,TX,ASW,CE,Federal Contract Tower,0,39,51,0,90,0,0,73,0,73,0,39,124,0,163,102,0,102,265
10/08/2022,SGR,TX,ASW,CE,Federal Contract Tower,0,17,50,0,67,0,1,96,0,97,0,18,146,0,164,86,0,86,250
10/09/2022,SGR,TX,ASW,CE,Federal Contract Tower,0,34,61,0,95,0,1,77,0,78,0,35,138,0,173,106,0,106,279
10/10/2022,SGR,TX,ASW,CE,Federal Contract Tower,0,26,76,0,102,0,3,55,0,58,0,29,131,0,160,46,0,46,206
10/11/2022,SGR,TX,ASW,CE,Federal Contract Tower,0,15,65,0,80,0,2,68,0,70,0,17,133,0,150,70,0,70,220
10/12/2022,SGR,TX,ASW,CE,Federal Contract Tower,0,15,53,0,68,0,4,70,0,74,0,19,123,0,142,124,0,124,266
10/13/2022,SGR,TX,ASW,CE,Federal Contract Tower,0,21,70,0,91,0,2,60,0,62,0,23,130,0,153,70,0,70,223
10/14/2022,SGR,TX,ASW,CE,Federal Contract Tower,0,19,60,0,79,0,4,95,0,99,0,23,155,0,178,138,0,138,316
10/15/2022,SGR,TX,ASW,CE,Federal Contract Tower,0,16,35,0,51,0,0,81,0,81,0,16,116,0,132,126,0,126,258
10/16/2022,SGR,TX,ASW,CE,Federal Contract Tower,0,28,61,0,89,0,3,52,0,55,0,31,113,0,144,98,0,98,242
10/17/2022,SGR,TX,ASW,CE,Federal Contract Tower,0,14,77,0,91,0,0,24,0,24,0,14,101,0,115,14,0,14,129
10/18/2022,SGR,TX,ASW,CE,Federal Contract Tower,0,19,64,0,83,0,10,83,0,93,0,29,147,0,176,64,0,64,240
10/19/2022,SGR,TX,ASW,CE,Federal Contract Tower,0,24,57,0,81,0,4,78,0,82,0,28,135,0,163,104,0,104,267
10/20/2022,SGR,TX,ASW,CE,Federal Contract Tower,0,30,59,0,89,0,4,94,0,98,0,34,153,0,187,74,0,74,261
10/21/2022,SGR,TX,ASW,CE,Federal Contract Tower,0,41,44,0,85,0,3,64,0,67,0,44,108,0,152,86,0,86,238
10/22/2022,SGR,TX,ASW,CE,Federal Contract Tower,0,20,33,0,53,0,0,78,0,78,0,20,111,0,131,116,0,116,247
10/23/2022,SGR,TX,ASW,CE,Federal Contract Tower,0,28,70,0,98,0,0,65,0,65,0,28,135,0,163,48,0,48,211
10/24/2022,SGR,TX,ASW,CE,Federal Contract Tower,0,32,57,0,89,0,0,16,2,18,0,32,73,2,107,20,0,20,127
10/25/2022,SGR,TX,ASW,CE,Federal Contract Tower,0,17,50,0,67,0,2,38,0,40,0,19,88,0,107,14,0,14,121
10/26/2022,SGR,TX,ASW,CE,Federal Contract Tower,0,28,81,5,114,0,2,73,0,75,0,30,154,5,189,142,0,142,331
10/27/2022,SGR,TX,ASW,CE,Federal Contract Tower,0,25,58,1,84,0,3,90,1,94,0,28,148,2,178,108,0,108,286
10/28/2022,SGR,TX,ASW,CE,Federal Contract Tower,0,22,47,0,69,0,0,6,0,6,0,22,53,0,75,18,0,18,93
10/29/2022,SGR,TX,ASW,CE,Federal Contract Tower,0,16,53,0,69,0,0,66,0,66,0,16,119,0,135,150,0,150,285
10/30/2022,SGR,TX,ASW,CE,Federal Contract Tower,0,31,50,0,81,0,1,89,0,90,0,32,139,0,171,72,0,72,243
10/31/2022,SGR,TX,ASW,CE,Federal Contract Tower,0,8,25,0,33,0,4,88,0,92,0,12,113,0,125,144,0,144,269
11/01/2022,SGR,TX,ASW,CE,Federal Contract Tower,0,23,50,0,73,0,0,4,0,4,0,23,54,0,77,10,0,10,87
11/02/2022,SGR,TX,ASW,CE,Federal Contract Tower,0,25,59,0,84,0,0,73,0,73,0,25,132,0,157,144,0,144,301
11/03/2022,SGR,TX,ASW,CE,Federal Contract Tower,0,30,60,2,92,0,1,35,0,36,0,31,95,2,128,58,0,58,186
11/04/2022,SGR,TX,ASW,CE,Federal Contract Tower,0,42,53,0,95,0,1,20,0,21,0,43,73,0,116,22,0,22,138
11/05/2022,SGR,TX,ASW,CE,Federal Contract Tower,0,15,33,0,48,0,0,110,0,110,0,15,143,0,158,168,0,168,326
11/06/2022,SGR,TX,ASW,CE,Federal Contract Tower,0,32,58,0,90,0,0,55,0,55,0,32,113,0,145,120,0,120,265
11/07/2022,SGR,TX,ASW,CE,Federal Contract Tower,0,25,65,0,90,0,0,50,0,50,0,25,115,0,140,90,0,90,230
11/08/2022,SGR,TX,ASW,CE,Federal Contract Tower,0,21,73,0,94,0,2,66,0,68,0,23,139,0,162,102,0,102,264
11/09/2022,SGR,TX,ASW,CE,Federal Contract Tower,0,37,67,0,104,0,3,63,0,66,0,40,130,0,170,100,0,100,270
11/10/2022,SGR,TX,ASW,CE,Federal Contract Tower,0,28,70,0,98,0,6,78,0,84,0,34,148,0,182,168,0,168,350
11/11/2022,SGR,TX,ASW,CE,Federal Contract Tower,0,20,36,0,56,0,0,49,0,49,0,20,85,0,105,60,0,60,165
11/12/2022,SGR,TX,ASW,CE,Federal Contract Tower,0,20,18,0,38,0,10,83,0,93,0,30,101,0,131,74,0,74,205
11/13/2022,SGR,TX,ASW,CE,Federal Contract Tower,0,42,52,0,94,0,0,94,0,94,0,42,146,0,188,130,0,130,318
11/14/2022,SGR,TX,ASW,CE,Federal Contract Tower,0,25,35,0,60,0,0,11,0,11,0,25,46,0,71,36,0,36,107
11/15/2022,SGR,TX,ASW,CE,Federal Contract Tower,0,57,51,0,108,0,11,59,0,70,0,68,110,0,178,86,0,86,264
11/16/2022,SGR,TX,ASW,CE,Federal Contract Tower,0,18,57,0,75,0,5,85,0,90,0,23,142,0,165,166,0,166,331
11/17/2022,SGR,TX,ASW,CE,Federal Contract Tower,0,28,59,0,87,0,0,95,0,95,0,28,154,0,182,176,0,176,358
11/18/2022,SGR,TX,ASW,CE,Federal Contract Tower,0,35,73,0,108,0,0,70,0,70,0,35,143,0,178,138,0,138,316
11/19/2022,SGR,TX,ASW,CE,Federal Contract Tower,0,21,22,1,44,0,0,0,0,0,0,21,22,1,44,0,0,0,44
11/20/2022,SGR,TX,ASW,CE,Federal Contract Tower,0,25,43,0,68,0,0,79,3,82,0,25,122,3,150,118,0,118,268
11/21/2022,SGR,TX,ASW,CE,Federal Contract Tower,0,14,44,0,58,0,0,2,0,2,0,14,46,0,60,0,0,0,60
11/22/2022,SGR,TX,ASW,CE,Federal Contract Tower,0,12,67,0,79,0,3,75,0,78,0,15,142,0,157,122,0,122,279
11/23/2022,SGR,TX,ASW,CE,Federal Contract Tower,0,27,53,0,80,0,1,69,0,70,0,28,122,0,150,106,0,106,256
11/24/2022,SGR,TX,ASW,CE,Federal Contract Tower,0,5,5,0,10,0,0,0,0,0,0,5,5,0,10,0,0,0,10
11/25/2022,SGR,TX,ASW,CE,Federal Contract Tower,0,10,24,0,34,0,0,0,0,0,0,10,24,0,34,0,0,0,34
11/26/2022,SGR,TX,ASW,CE,Federal Contract Tower,0,35,25,0,60,0,0,38,0,38,0,35,63,0,98,54,0,54,152
11/27/2022,SGR,TX,ASW,CE,Federal Contract Tower,0,25,60,0,85,0,0,88,0,88,0,25,148,0,173,74,0,74,247
11/28/2022,SGR,TX,ASW,CE,Federal Contract Tower,0,22,59,0,81,0,15,78,0,93,0,37,137,0,174,126,0,126,300
11/29/2022,SGR,TX,ASW,CE,Federal Contract Tower,0,24,45,0,69,0,0,7,0,7,0,24,52,0,76,6,0,6,82
11/30/2022,SGR,TX,ASW,CE,Federal Contract Tower,0,21,65,0,86,0,4,69,0,73,0,25,134,0,159,66,0,66,225
12/01/2022,SGR,TX,ASW,CE,Federal Contract Tower,0,27,71,0,98,0,4,79,0,83,0,31,150,0,181,172,0,172,353
12/02/2022,SGR,TX,ASW,CE,Federal Contract Tower,0,24,36,0,60,0,0,22,0,22,0,24,58,0,82,56,0,56,138
12/03/2022,SGR,TX,ASW,CE,Federal Contract Tower,0,21,45,0,66,0,0,31,0,31,0,21,76,0,97,76,0,76,173
12/04/2022,SGR,TX,ASW,CE,Federal Contract Tower,0,24,67,0,91,0,0,44,0,44,0,24,111,0,135,70,0,70,205
12/05/2022,SGR,TX,ASW,CE,Federal Contract Tower,0,18,64,2,84,0,0,27,0,27,0,18,91,2,111,20,0,20,131
12/06/2022,SGR,TX,ASW,CE,Federal Contract Tower,0,23,82,0,105,0,3,66,0,69,0,26,148,0,174,36,0,36,210
12/07/2022,SGR,TX,ASW,CE,Federal Contract Tower,0,22,65,2,89,0,4,46,0,50,0,26,111,2,139,80,0,80,219
12/08/2022,SGR,TX,ASW,CE,Federal Contract Tower,0,24,77,0,101,0,3,45,0,48,0,27,122,0,149,72,0,72,221
12/09/2022,SGR,TX,ASW,CE,Federal Contract Tower,0,23,63,0,86,0,0,45,0,45,0,23,108,0,131,98,0,98,229
12/10/2022,SGR,TX,ASW,CE,Federal Contract Tower,0,20,34,0,54,0,0,47,0,47,0,20,81,0,101,152,0,152,253
12/11/2022,SGR,TX,ASW,CE,Federal Contract Tower,0,28,48,0,76,0,0,37,0,37,0,28,85,0,113,48,0,48,161
12/12/2022,SGR,TX,ASW,CE,Federal Contract Tower,0,25,57,0,82,0,0,7,0,7,0,25,64,0,89,0,0,0,89
12/13/2022,SGR,TX,ASW,CE,Federal Contract Tower,0,17,37,0,54,0,2,12,0,14,0,19,49,0,68,26,0,26,94
12/14/2022,SGR,TX,ASW,CE,Federal Contract Tower,0,29,68,0,97,0,2,81,0,83,0,31,149,0,180,86,0,86,266
12/15/2022,SGR,TX,ASW,CE,Federal Contract Tower,0,28,58,0,86,0,3,101,0,104,0,31,159,0,190,184,0,184,374
12/16/2022,SGR,TX,ASW,CE,Federal Contract Tower,0,31,62,0,93,0,0,82,0,82,0,31,144,0,175,90,0,90,265
12/17/2022,SGR,TX,ASW,CE,Federal Contract Tower,0,16,44,0,60,0,0,87,0,87,0,16,131,0,147,172,0,172,319
12/18/2022,SGR,TX,ASW,CE,Federal Contract Tower,0,25,55,0,80,0,0,70,0,70,0,25,125,0,150,76,0,76,226
12/19/2022,SGR,TX,ASW,CE,Federal Contract Tower,0,13,28,0,41,0,0,2,0,2,0,13,30,0,43,4,0,4,47
12/20/2022,SGR,TX,ASW,CE,Federal Contract Tower,0,16,51,1,68,0,2,15,0,17,0,18,66,1,85,38,0,38,123
12/21/2022,SGR,TX,ASW,CE,Federal Contract Tower,0,15,57,0,72,0,1,47,0,48,0,16,104,0,120,80,0,80,200
12/22/2022,SGR,TX,ASW,CE,Federal Contract Tower,0,15,32,0,47,0,2,9,0,11,0,17,41,0,58,16,0,16,74
12/23/2022,SGR,TX,ASW,CE,Federal Contract Tower,0,14,20,0,34,0,0,35,0,35,0,14,55,0,69,38,0,38,107
12/24/2022,SGR,TX,ASW,CE,Federal Contract Tower,0,7,8,0,15,0,0,54,0,54,0,7,62,0,69,112,0,112,181
12/25/2022,SGR,TX,ASW,CE,Federal Contract Tower,0,24,8,0,32,0,2,16,0,18,0,26,24,0,50,0,0,0,50
12/26/2022,SGR,TX,ASW,CE,Federal Contract Tower,0,30,72,0,102,0,0,54,0,54,0,30,126,0,156,42,0,42,198
12/27/2022,SGR,TX,ASW,CE,Federal Contract Tower,0,28,66,0,94,0,5,77,0,82,0,33,143,0,176,88,0,88,264
12/28/2022,SGR,TX,ASW,CE,Federal Contract Tower,0,15,57,0,72,0,1,45,0,46,0,16,102,0,118,26,0,26,144
12/29/2022,SGR,TX,ASW,CE,Federal Contract Tower,0,22,43,0,65,0,0,18,0,18,0,22,61,0,83,52,0,52,135
12/30/2022,SGR,TX,ASW,CE,Federal Contract Tower,0,12,48,0,60,0,0,40,0,40,0,12,88,0,100,60,0,60,160
12/31/2022,SGR,TX,ASW,CE,Federal Contract Tower,0,8,14,0,22,0,0,49,0,49,0,8,63,0,71,44,0,44,115
01/01/2023,SGR,TX,ASW,CE,Federal Contract Tower,0,19,24,0,43,0,0,18,0,18,0,19,42,0,61,28,0,28,89
01/02/2023,SGR,TX,ASW,CE,Federal Contract Tower,0,15,36,0,51,0,0,3,0,3,0,15,39,0,54,4,0,4,58
01/03/2023,SGR,TX,ASW,CE,Federal Contract Tower,0,24,63,0,87,0,2,65,0,67,0,26,128,0,154,92,0,92,246
01/04/2023,SGR,TX,ASW,CE,Federal Contract Tower,0,23,50,0,73,0,8,72,0,80,0,31,122,0,153,110,0,110,263
01/05/2023,SGR,TX,ASW,CE,Federal Contract Tower,0,7,40,0,47,0,7,90,0,97,0,14,130,0,144,128,0,128,272
01/06/2023,SGR,TX,ASW,CE,Federal Contract Tower,0,17,40,0,57,0,0,75,0,75,0,17,115,0,132,84,0,84,216
01/07/2023,SGR,TX,ASW,CE,Federal Contract Tower,0,12,33,0,45,0,0,57,0,57,0,12,90,0,102,146,0,146,248
01/08/2023,SGR,TX,ASW,CE,Federal Contract Tower,0,20,40,0,60,0,1,88,1,90,0,21,128,1,150,100,6,106,256
01/09/2023,SGR,TX,ASW,CE,Federal Contract Tower,0,20,38,0,58,0,6,81,0,87,0,26,119,0,145,128,0,128,273
01/10/2023,SGR,TX,ASW,CE,Federal Contract Tower,0,10,60,0,70,0,3,39,0,42,0,13,99,0,112,48,0,48,160
01/11/2023,SGR,TX,ASW,CE,Federal Contract Tower,0,29,81,0,110,0,4,28,0,32,0,33,109,0,142,36,0,36,178
01/12/2023,SGR,TX,ASW,CE,Federal Contract Tower,0,26,63,0,89,0,0,56,0,56,0,26,119,0,145,76,0,76,221
01/13/2023,SGR,TX,ASW,CE,Federal Contract Tower,0,24,50,0,74,0,2,100,0,102,0,26,150,0,176,126,0,126,302
01/14/2023,SGR,TX,ASW,CE,Federal Contract Tower,0,14,28,0,42,0,1,105,0,106,0,15,133,0,148,182,0,182,330
01/15/2023,SGR,TX,ASW,CE,Federal Contract Tower,0,11,40,0,51,0,0,65,0,65,0,11,105,0,116,94,0,94,210
01/16/2023,SGR,TX,ASW,CE,Federal Contract Tower,0,19,51,0,70,0,0,36,0,36,0,19,87,0,106,88,0,88,194
01/17/2023,SGR,TX,ASW,CE,Federal Contract Tower,0,24,46,0,70,0,4,44,0,48,0,28,90,0,118,62,0,62,180
01/18/2023,SGR,TX,ASW,CE,Federal Contract Tower,0,31,65,0,96,0,5,46,0,51,0,36,111,0,147,96,0,96,243
01/19/2023,SGR,TX,ASW,CE,Federal Contract Tower,0,22,63,0,85,0,2,113,0,115,0,24,176,0,200,114,0,114,314
01/20/2023,SGR,TX,ASW,CE,Federal Contract Tower,0,15,43,0,58,0,4,57,0,61,0,19,100,0,119,0,108,108,227
01/21/2023,SGR,TX,ASW,CE,Federal Contract Tower,0,7,18,0,25,0,0,11,0,11,0,7,29,0,36,60,0,60,96
01/22/2023,SGR,TX,ASW,CE,Federal Contract Tower,0,17,37,0,54,0,5,102,0,107,0,22,139,0,161,92,0,92,253
01/23/2023,SGR,TX,ASW,CE,Federal Contract Tower,0,26,46,0,72,0,6,88,0,94,0,32,134,0,166,112,0,112,278
01/24/2023,SGR,TX,ASW,CE,Federal Contract Tower,0,11,33,0,44,0,0,2,0,2,0,11,35,0,46,2,0,2,48
01/25/2023,SGR,TX,ASW,CE,Federal Contract Tower,0,22,68,0,90,0,2,65,0,67,0,24,133,0,157,108,0,108,265
01/26/2023,SGR,TX,ASW,CE,Federal Contract Tower,0,20,61,0,81,0,7,102,0,109,0,27,163,0,190,122,0,122,312
01/27/2023,SGR,TX,ASW,CE,Federal Contract Tower,0,21,66,0,87,0,0,75,0,75,0,21,141,0,162,128,0,128,290
01/28/2023,SGR,TX,ASW,CE,Federal Contract Tower,0,19,24,1,44,0,2,5,0,7,0,21,29,1,51,12,0,12,63
01/29/2023,SGR,TX,ASW,CE,Federal Contract Tower,0,26,33,0,59,0,0,8,0,8,0,26,41,0,67,18,0,18,85
01/30/2023,SGR,TX,ASW,CE,Federal Contract Tower,0,13,44,0,57,0,0,0,0,0,0,13,44,0,57,0,0,0,57
01/31/2023,SGR,TX,ASW,CE,Federal Contract Tower,0,13,35,0,48,0,0,0,0,0,0,13,35,0,48,0,0,0,48
02/01/2023,SGR,TX,ASW,CE,Federal Contract Tower,0,11,27,0,38,0,0,0,0,0,0,11,27,0,38,0,0,0,38
02/02/2023,SGR,TX,ASW,CE,Federal Contract Tower,0,25,51,0,76,0,0,0,0,0,0,25,51,0,76,0,0,0,76
02/03/2023,SGR,TX,ASW,CE,Federal Contract Tower,0,21,81,0,102,0,7,90,0,97,0,28,171,0,199,104,0,104,303
02/04/2023,SGR,TX,ASW,CE,Federal Contract Tower,0,7,35,0,42,0,1,92,0,93,0,8,127,0,135,192,0,192,327
02/05/2023,SGR,TX,ASW,CE,Federal Contract Tower,0,10,43,0,53,0,0,112,1,113,0,10,155,1,166,136,0,136,302
02/06/2023,SGR,TX,ASW,CE,Federal Contract Tower,0,26,60,0,86,0,7,89,0,96,0,33,149,0,182,108,0,108,290
02/07/2023,SGR,TX,ASW,CE,Federal Contract Tower,0,22,53,0,75,0,1,54,0,55,0,23,107,0,130,82,0,82,212
02/08/2023,SGR,TX,ASW,CE,Federal Contract Tower,0,27,59,0,86,0,3,10,0,13,0,30,69,0,99,66,0,66,165
02/09/2023,SGR,TX,ASW,CE,Federal Contract Tower,0,23,75,0,98,0,4,113,0,117,0,27,188,0,215,186,0,186,401
02/10/2023,SGR,TX,ASW,CE,Federal Contract Tower,0,22,76,3,101,0,0,93,0,93,0,22,169,3,194,124,0,124,318
02/11/2023,SGR,TX,ASW,CE,Federal Contract Tower,0,8,42,0,50,0,0,123,0,123,0,8,165,0,173,140,0,140,313
02/12/2023,SGR,TX,ASW,CE,Federal Contract Tower,0,16,38,0,54,0,0,86,0,86,0,16,124,0,140,104,0,104,244
02/13/2023,SGR,TX,ASW,CE,Federal Contract Tower,0,21,56,0,77,0,6,83,0,89,0,27,139,0,166,132,0,132,298
02/14/2023,SGR,TX,ASW,CE,Federal Contract Tower,0,10,39,0,49,0,2,37,0,39,0,12,76,0,88,46,0,46,134
02/16/2023,SGR,TX,ASW,CE,Federal Contract Tower,0,21,56,0,77,0,0,21,0,21,0,21,77,0,98,4,0,4,102
02/17/2023,SGR,TX,ASW,CE,Federal Contract Tower,0,41,82,0,123,0,3,101,2,106,0,44,183,2,229,112,0,112,341
02/18/2023,SGR,TX,ASW,CE,Federal Contract Tower,0,10,43,0,53,0,1,109,0,110,0,11,152,0,163,190,0,190,353
02/19/2023,SGR,TX,ASW,CE,Federal Contract Tower,0,20,50,0,70,0,1,88,0,89,0,21,138,0,159,142,0,142,301
02/20/2023,SGR,TX,ASW,CE,Federal Contract Tower,0,27,80,0,107,0,6,14,0,20,0,33,94,0,127,20,0,20,147
02/21/2023,SGR,TX,ASW,CE,Federal Contract Tower,0,20,58,1,79,0,2,20,0,22,0,22,78,1,101,40,0,40,141
02/22/2023,SGR,TX,ASW,CE,Federal Contract Tower,0,37,73,0,110,0,6,35,1,42,0,43,108,1,152,46,0,46,198
02/23/2023,SGR,TX,ASW,CE,Federal Contract Tower,0,19,54,0,73,0,5,58,1,64,0,24,112,1,137,124,0,124,261
02/24/2023,SGR,TX,ASW,CE,Federal Contract Tower,0,26,54,0,80,0,1,49,0,50,0,27,103,0,130,158,0,158,288
02/25/2023,SGR,TX,ASW,CE,Federal Contract Tower,0,16,45,0,61,0,0,67,0,67,0,16,112,0,128,156,0,156,284
02/26/2023,SGR,TX,ASW,CE,Federal Contract Tower,0,36,34,0,70,0,0,34,0,34,0,36,68,0,104,14,0,14,118
02/27/2023,SGR,TX,ASW,CE,Federal Contract Tower,0,23,72,0,95,0,3,90,0,93,0,26,162,0,188,112,0,112,300
02/28/2023,SGR,TX,ASW,CE,Federal Contract Tower,0,14,76,5,95,0,3,76,0,79,0,17,152,5,174,114,0,114,288
03/01/2023,SGR,TX,ASW,CE,Federal Contract Tower,0,14,75,0,89,0,3,45,0,48,0,17,120,0,137,14,0,14,151
03/02/2023,SGR,TX,ASW,CE,Federal Contract Tower,0,24,35,0,59,0,2,8,0,10,0,26,43,0,69,0,0,0,69
03/03/2023,SGR,TX,ASW,CE,Federal Contract Tower,0,21,52,0,73,0,3,91,0,94,0,24,143,0,167,98,0,98,265
03/04/2023,SGR,TX,ASW,CE,Federal Contract Tower,0,20,26,2,48,0,4,103,0,107,0,24,129,2,155,182,0,182,337
03/05/2023,SGR,TX,ASW,CE,Federal Contract Tower,0,26,52,0,78,0,0,95,0,95,0,26,147,0,173,136,0,136,309
03/06/2023,SGR,TX,ASW,CE,Federal Contract Tower,0,19,64,0,83,0,2,46,0,48,0,21,110,0,131,100,0,100,231
03/07/2023,SGR,TX,ASW,CE,Federal Contract Tower,0,23,69,0,92,0,4,59,0,63,0,27,128,0,155,58,0,58,213
03/08/2023,SGR,TX,ASW,CE,Federal Contract Tower,23,0,60,2,85,0,4,54,0,58,23,4,114,2,143,66,0,66,209
03/09/2023,SGR,TX,ASW,CE,Federal Contract Tower,0,21,80,0,101,0,0,75,0,75,0,21,155,0,176,88,0,88,264
03/10/2023,SGR,TX,ASW,CE,Federal Contract Tower,0,23,51,0,74,0,0,57,0,57,0,23,108,0,131,52,0,52,183
03/11/2023,SGR,TX,ASW,CE,Federal Contract Tower,0,34,44,0,78,0,0,53,0,53,0,34,97,0,131,62,0,62,193
03/12/2023,SGR,TX,ASW,CE,Federal Contract Tower,0,19,42,0,61,0,2,45,0,47,0,21,87,0,108,52,0,52,160
03/13/2023,SGR,TX,ASW,CE,Federal Contract Tower,0,24,44,2,70,0,3,69,0,72,0,27,113,2,142,66,0,66,208
03/14/2023,SGR,TX,ASW,CE,Federal Contract Tower,0,8,48,2,58,0,1,63,0,64,0,9,111,2,122,118,0,118,240
03/15/2023,SGR,TX,ASW,CE,Federal Contract Tower,0,15,52,0,67,0,0,92,0,92,0,15,144,0,159,134,0,134,293
03/16/2023,SGR,TX,ASW,CE,Federal Contract Tower,0,22,55,0,77,0,0,16,0,16,0,22,71,0,93,42,0,42,135
03/17/2023,SGR,TX,ASW,CE,Federal Contract Tower,0,21,41,0,62,0,1,43,0,44,0,22,84,0,106,30,0,30,136
03/18/2023,SGR,TX,ASW,CE,Federal Contract Tower,0,24,49,0,73,0,2,81,0,83,0,26,130,0,156,180,0,180,336
03/19/2023,SGR,TX,ASW,CE,Federal Contract Tower,0,35,70,0,105,0,7,86,0,93,0,42,156,0,198,126,0,126,324
03/20/2023,SGR,TX,ASW,CE,Federal Contract Tower,0,17,46,0,63,0,5,102,0,107,0,22,148,0,170,146,0,146,316
03/21/2023,SGR,TX,ASW,CE,Federal Contract Tower,0,20,68,0,88,0,1,33,0,34,0,21,101,0,122,38,0,38,160
03/22/2023,SGR,TX,ASW,CE,Federal Contract Tower,0,22,61,0,83,0,2,51,0,53,0,24,112,0,136,78,0,78,214
03/23/2023,SGR,TX,ASW,CE,Federal Contract Tower,0,32,78,0,110,0,2,47,0,49,0,34,125,0,159,112,0,112,271
03/24/2023,SGR,TX,ASW,CE,Federal Contract Tower,0,26,47,0,73,0,2,17,0,19,0,28,64,0,92,32,0,32,124
03/25/2023,SGR,TX,ASW,CE,Federal Contract Tower,0,10,42,0,52,0,0,113,0,113,0,10,155,0,165,142,0,142,307
03/26/2023,SGR,TX,ASW,CE,Federal Contract Tower,0,21,39,0,60,0,0,9,0,9,0,21,48,0,69,22,0,22,91
03/27/2023,SGR,TX,ASW,CE,Federal Contract Tower,0,25,77,0,102,0,0,10,0,10,0,25,87,0,112,0,0,0,112
03/28/2023,SGR,TX,ASW,CE,Federal Contract Tower,0,27,61,0,88,0,0,0,0,0,0,27,61,0,88,62,0,62,150
03/29/2023,SGR,TX,ASW,CE,Federal Contract Tower,0,38,69,0,107,0,5,92,0,97,0,43,161,0,204,100,0,100,304
03/30/2023,SGR,TX,ASW,CE,Federal Contract Tower,0,24,57,0,81,0,1,2,0,3,0,25,59,0,84,8,0,8,92
03/31/2023,SGR,TX,ASW,CE,Federal Contract Tower,0,21,75,0,96,0,0,44,0,44,0,21,119,0,140,62,0,62,202
04/01/2023,SGR,TX,ASW,CE,Federal Contract Tower,0,12,59,4,75,0,1,103,0,104,0,13,162,4,179,152,0,152,331
04/02/2023,SGR,TX,ASW,CE,Federal Contract Tower,0,28,88,0,116,0,0,26,0,26,0,28,114,0,142,14,0,14,156
04/03/2023,SGR,TX,ASW,CE,Federal Contract Tower,0,15,62,0,77,0,2,71,0,73,0,17,133,0,150,114,0,114,264
04/04/2023,SGR,TX,ASW,CE,Federal Contract Tower,0,39,62,0,101,0,7,27,0,34,0,46,89,0,135,30,0,30,165
04/05/2023,SGR,TX,ASW,CE,Federal Contract Tower,0,41,99,0,140,0,5,7,0,12,0,46,106,0,152,22,0,22,174
04/06/2023,SGR,TX,ASW,CE,Federal Contract Tower,0,32,32,0,64,0,3,0,0,3,0,35,32,0,67,0,0,0,67
04/07/2023,SGR,TX,ASW,CE,Federal Contract Tower,0,21,41,0,62,0,0,0,0,0,0,21,41,0,62,0,0,0,62
04/08/2023,SGR,TX,ASW,CE,Federal Contract Tower,0,12,43,0,55,0,1,6,0,7,0,13,49,0,62,24,0,24,86
04/09/2023,SGR,TX,ASW,CE,Federal Contract Tower,0,19,32,0,51,0,6,20,0,26,0,25,52,0,77,4,0,4,81
04/10/2023,SGR,TX,ASW,CE,Federal Contract Tower,0,33,73,0,106,0,3,100,0,103,0,36,173,0,209,96,0,96,305
04/11/2023,SGR,TX,ASW,CE,Federal Contract Tower,0,14,43,0,57,0,6,78,0,84,0,20,121,0,141,110,0,110,251
04/12/2023,SGR,TX,ASW,CE,Federal Contract Tower,0,17,91,0,108,0,2,68,0,70,0,19,159,0,178,110,0,110,288
04/13/2023,SGR,TX,ASW,CE,Federal Contract Tower,0,31,60,0,91,0,2,118,0,120,0,33,178,0,211,134,0,134,345
04/14/2023,SGR,TX,ASW,CE,Federal Contract Tower,0,26,63,0,89,0,0,46,0,46,0,26,109,0,135,130,0,130,265
04/15/2023,SGR,TX,ASW,CE,Federal Contract Tower,0,19,29,0,48,0,2,59,0,61,0,21,88,0,109,162,0,162,271
04/16/2023,SGR,TX,ASW,CE,Federal Contract Tower,0,31,47,0,78,0,0,95,0,95,0,31,142,0,173,138,0,138,311
04/17/2023,SGR,TX,ASW,CE,Federal Contract Tower,0,14,46,0,60,0,2,96,0,98,0,16,142,0,158,126,0,126,284
04/18/2023,SGR,TX,ASW,CE,Federal Contract Tower,0,17,59,0,76,0,0,59,0,59,0,17,118,0,135,68,0,68,203
04/19/2023,SGR,TX,ASW,CE,Federal Contract Tower,0,37,90,0,127,0,0,67,0,67,0,37,157,0,194,96,0,96,290
04/20/2023,SGR,TX,ASW,CE,Federal Contract Tower,0,30,78,0,108,0,0,27,0,27,0,30,105,0,135,84,0,84,219
04/21/2023,SGR,TX,ASW,CE,Federal Contract Tower,0,22,60,0,82,0,0,92,0,92,0,22,152,0,174,162,0,162,336
04/22/2023,SGR,TX,ASW,CE,Federal Contract Tower,0,19,33,0,52,0,0,112,0,112,0,19,145,0,164,122,0,122,286
04/23/2023,SGR,TX,ASW,CE,Federal Contract Tower,0,28,37,0,65,0,0,21,0,21,0,28,58,0,86,18,0,18,104
04/24/2023,SGR,TX,ASW,CE,Federal Contract Tower,0,26,66,0,92,0,0,92,0,92,0,26,158,0,184,176,0,176,360
04/25/2023,SGR,TX,ASW,CE,Federal Contract Tower,0,18,65,0,83,0,0,76,0,76,0,18,141,0,159,116,0,116,275
04/26/2023,SGR,TX,ASW,CE,Federal Contract Tower,0,24,79,0,103,0,2,33,0,35,0,26,112,0,138,108,0,108,246
04/27/2023,SGR,TX,ASW,CE,Federal Contract Tower,0,25,76,0,101,0,1,31,0,32,0,26,107,0,133,50,0,50,183
04/28/2023,SGR,TX,ASW,CE,Federal Contract Tower,0,17,48,0,65,0,0,72,0,72,0,17,120,0,137,84,0,84,221
04/29/2023,SGR,TX,ASW,CE,Federal Contract Tower,0,12,31,0,43,0,0,23,0,23,0,12,54,0,66,32,0,32,98
04/30/2023,SGR,TX,ASW,CE,Federal Contract Tower,0,13,47,0,60,0,0,111,0,111,0,13,158,0,171,132,0,132,303
05/01/2023,SGR,TX,ASW,CE,Federal Contract Tower,0,15,42,0,57,0,1,112,0,113,0,16,154,0,170,112,0,112,282
05/02/2023,SGR,TX,ASW,CE,Federal Contract Tower,0,18,79,0,97,0,4,79,0,83,0,22,158,0,180,110,0,110,290
05/03/2023,SGR,TX,ASW,CE,Federal Contract Tower,0,21,72,0,93,0,0,102,0,102,0,21,174,0,195,142,0,142,337
05/04/2023,SGR,TX,ASW,CE,Federal Contract Tower,0,23,72,0,95,0,0,49,0,49,0,23,121,0,144,136,0,136,280
05/05/2023,SGR,TX,ASW,CE,Federal Contract Tower,0,21,71,0,92,0,0,45,0,45,0,21,116,0,137,96,0,96,233
05/06/2023,SGR,TX,ASW,CE,Federal Contract Tower,0,13,32,0,45,0,0,60,0,60,0,13,92,0,105,116,0,116,221
05/07/2023,SGR,TX,ASW,CE,Federal Contract Tower,0,15,52,0,67,0,0,10,0,10,0,15,62,0,77,2,0,2,79
05/08/2023,SGR,TX,ASW,CE,Federal Contract Tower,0,20,66,0,86,0,0,24,0,24,0,20,90,0,110,78,0,78,188
05/09/2023,SGR,TX,ASW,CE,Federal Contract Tower,0,12,48,0,60,0,2,7,0,9,0,14,55,0,69,14,0,14,83
05/10/2023,SGR,TX,ASW,CE,Federal Contract Tower,0,21,49,0,70,0,1,9,0,10,0,22,58,0,80,4,0,4,84
05/11/2023,SGR,TX,ASW,CE,Federal Contract Tower,0,10,52,0,62,0,0,39,0,39,0,10,91,0,101,104,0,104,205
05/12/2023,SGR,TX,ASW,CE,Federal Contract Tower,0,27,49,0,76,0,1,59,0,60,0,28,108,0,136,99,0,99,235
05/13/2023,SGR,TX,ASW,CE,Federal Contract Tower,0,16,19,0,35,0,0,9,0,9,0,16,28,0,44,32,0,32,76
05/14/2023,SGR,TX,ASW,CE,Federal Contract Tower,0,26,31,0,57,0,0,20,0,20,0,26,51,0,77,22,0,22,99
05/15/2023,SGR,TX,ASW,CE,Federal Contract Tower,0,18,57,2,77,0,2,67,0,69,0,20,124,2,146,112,0,112,258
05/16/2023,SGR,TX,ASW,CE,Federal Contract Tower,0,11,62,0,73,0,3,80,1,84,0,14,142,1,157,112,0,112,269
05/17/2023,SGR,TX,ASW,CE,Federal Contract Tower,0,31,82,0,113,0,0,106,0,106,0,31,188,0,219,124,0,124,343
05/18/2023,SGR,TX,ASW,CE,Federal Contract Tower,0,19,66,0,85,0,7,111,0,118,0,26,177,0,203,130,0,130,333
05/19/2023,SGR,TX,ASW,CE,Federal Contract Tower,0,18,46,0,64,0,2,116,0,118,0,20,162,0,182,186,0,186,368
05/20/2023,SGR,TX,ASW,CE,Federal Contract Tower,0,22,45,0,67,0,0,104,0,104,0,22,149,0,171,176,0,176,347
05/21/2023,SGR,TX,ASW,CE,Federal Contract Tower,0,12,59,0,71,0,0,77,0,77,0,12,136,0,148,138,0,138,286
05/22/2023,SGR,TX,ASW,CE,Federal Contract Tower,0,28,50,0,78,0,2,94,0,96,0,30,144,0,174,136,0,136,310
05/23/2023,SGR,TX,ASW,CE,Federal Contract Tower,0,27,67,2,96,0,6,110,0,116,0,33,177,2,212,144,0,144,356
05/24/2023,SGR,TX,ASW,CE,Federal Contract Tower,0,22,67,0,89,0,6,68,0,74,0,28,135,0,163,48,0,48,211
05/25/2023,SGR,TX,ASW,CE,Federal Contract Tower,0,23,74,0,97,0,6,103,0,109,0,29,177,0,206,150,0,150,356
05/26/2023,SGR,TX,ASW,CE,Federal Contract Tower,0,29,69,0,98,0,4,114,0,118,0,33,183,0,216,120,0,120,336
05/27/2023,SGR,TX,ASW,CE,Federal Contract Tower,0,13,24,0,37,0,2,69,0,71,0,15,93,0,108,122,0,122,230
05/28/2023,SGR,TX,ASW,CE,Federal Contract Tower,0,13,29,0,42,0,0,78,0,78,0,13,107,0,120,102,0,102,222
05/29/2023,SGR,TX,ASW,CE,Federal Contract Tower,0,22,35,0,57,0,0,52,0,52,0,22,87,0,109,136,0,136,245
05/30/2023,SGR,TX,ASW,CE,Federal Contract Tower,0,31,45,0,76,0,4,83,0,87,0,35,128,0,163,148,0,148,311
05/31/2023,SGR,TX,ASW,CE,Federal Contract Tower,0,27,44,0,71,0,2,100,0,102,0,29,144,0,173,178,0,178,351
06/01/2023,SGR,TX,ASW,CE,Federal Contract Tower,0,24,55,0,79,0,5,128,0,133,0,29,183,0,212,220,0,220,432
06/02/2023,SGR,TX,ASW,CE,Federal Contract Tower,0,16,47,1,64,0,1,97,0,98,0,17,144,1,162,104,0,104,266
06/03/2023,SGR,TX,ASW,CE,Federal Contract Tower,0,22,19,1,42,0,0,112,0,112,0,22,131,1,154,174,0,174,328
06/04/2023,SGR,TX,ASW,CE,Federal Contract Tower,0,17,35,0,52,0,0,76,0,76,0,17,111,0,128,146,0,146,274
06/05/2023,SGR,TX,ASW,CE,Federal Contract Tower,0,25,40,0,65,0,4,40,0,44,0,29,80,0,109,82,0,82,191
06/06/2023,SGR,TX,ASW,CE,Federal Contract Tower,0,16,55,0,71,0,0,56,0,56,0,16,111,0,127,52,0,52,179
06/07/2023,SGR,TX,ASW,CE,Federal Contract Tower,0,29,70,0,99,0,1,123,0,124,0,30,193,0,223,230,0,230,453
06/08/2023,SGR,TX,ASW,CE,Federal Contract Tower,0,31,76,0,107,0,2,105,0,107,0,33,181,0,214,182,0,182,396
06/09/2023,SGR,TX,ASW,CE,Federal Contract Tower,0,24,49,0,73,0,1,88,0,89,0,25,137,0,162,254,0,254,416
06/10/2023,SGR,TX,ASW,CE,Federal Contract Tower,0,12,34,0,46,0,0,93,0,93,0,12,127,0,139,152,0,152,291
06/11/2023,SGR,TX,ASW,CE,Federal Contract Tower,0,31,45,0,76,0,0,80,0,80,0,31,125,0,156,84,0,84,240
06/12/2023,SGR,TX,ASW,CE,Federal Contract Tower,0,20,52,0,72,0,8,117,2,127,0,28,169,2,199,210,2,212,411
06/13/2023,SGR,TX,ASW,CE,Federal Contract Tower,0,19,54,0,73,0,1,94,0,95,0,20,148,0,168,156,0,156,324
06/14/2023,SGR,TX,ASW,CE,Federal Contract Tower,0,30,62,0,92,0,2,95,0,97,0,32,157,0,189,202,0,202,391
06/15/2023,SGR,TX,ASW,CE,Federal Contract Tower,0,11,57,0,68,0,1,79,0,80,0,12,136,0,148,180,0,180,328
06/16/2023,SGR,TX,ASW,CE,Federal Contract Tower,0,15,38,2,55,0,0,83,0,83,0,15,121,2,138,140,0,140,278
06/17/2023,SGR,TX,ASW,CE,Federal Contract Tower,0,13,35,0,48,0,1,85,0,86,0,14,120,0,134,236,0,236,370
06/18/2023,SGR,TX,ASW,CE,Federal Contract Tower,0,23,36,0,59,0,0,56,2,58,0,23,92,2,117,66,0,66,183
06/19/2023,SGR,TX,ASW,CE,Federal Contract Tower,0,16,39,0,55,0,0,77,0,77,0,16,116,0,132,122,0,122,254
06/20/2023,SGR,TX,ASW,CE,Federal Contract Tower,0,25,56,0,81,0,3,83,0,86,0,28,139,0,167,144,0,144,311
06/21/2023,SGR,TX,ASW,CE,Federal Contract Tower,0,26,53,0,79,0,2,87,0,89,0,28,140,0,168,158,0,158,326
06/22/2023,SGR,TX,ASW,CE,Federal Contract Tower,0,16,28,2,46,0,3,71,0,74,0,19,99,2,120,104,0,104,224
06/23/2023,SGR,TX,ASW,CE,Federal Contract Tower,0,24,60,0,84,0,0,93,2,95,0,24,153,2,179,168,0,168,347
06/24/2023,SGR,TX,ASW,CE,Federal Contract Tower,0,17,37,0,54,0,3,87,0,90,0,20,124,0,144,158,0,158,302
06/25/2023,SGR,TX,ASW,CE,Federal Contract Tower,0,21,42,0,63,0,3,62,0,65,0,24,104,0,128,120,0,120,248
06/26/2023,SGR,TX,ASW,CE,Federal Contract Tower,0,25,28,0,53,0,5,80,0,85,0,30,108,0,138,100,0,100,238
06/27/2023,SGR,TX,ASW,CE,Federal Contract Tower,0,24,52,0,76,0,1,81,0,82,0,25,133,0,158,172,0,172,330
06/28/2023,SGR,TX,ASW,CE,Federal Contract Tower,0,23,42,0,65,0,2,85,0,87,0,25,127,0,152,144,0,144,296
06/29/2023,SGR,TX,ASW,CE,Federal Contract Tower,0,16,66,1,83,0,4,82,1,87,0,20,148,2,170,104,0,104,274
07/01/2023,SGR,TX,ASW,CE,Federal Contract Tower,0,33,26,0,59,0,0,79,0,79,0,33,105,0,138,108,0,108,246
07/02/2023,SGR,TX,ASW,CE,Federal Contract Tower,0,11,26,0,37,0,0,36,0,36,0,11,62,0,73,68,0,68,141
07/03/2023,SGR,TX,ASW,CE,Federal Contract Tower,0,7,16,0,23,0,1,63,0,64,0,8,79,0,87,164,0,164,251
07/05/2023,SGR,TX,ASW,CE,Federal Contract Tower,0,19,59,0,78,0,2,61,0,63,0,21,120,0,141,84,0,84,225
07/06/2023,SGR,TX,ASW,CE,Federal Contract Tower,0,11,49,0,60,0,2,34,0,36,0,13,83,0,96,68,0,68,164
07/07/2023,SGR,TX,ASW,CE,Federal Contract Tower,0,14,54,0,68,0,0,58,0,58,0,14,112,0,126,130,0,130,256
07/08/2023,SGR,TX,ASW,CE,Federal Contract Tower,0,19,32,1,52,0,0,75,0,75,0,19,107,1,127,136,0,136,263
07/09/2023,SGR,TX,ASW,CE,Federal Contract Tower,0,23,42,2,67,0,0,73,0,73,0,23,115,2,140,122,0,122,262
07/10/2023,SGR,TX,ASW,CE,Federal Contract Tower,0,17,42,0,59,0,3,87,0,90,0,20,129,0,149,142,0,142,291
07/11/2023,SGR,TX,ASW,CE,Federal Contract Tower,0,15,50,2,67,0,2,65,0,67,0,17,115,2,134,96,0,96,230
07/12/2023,SGR,TX,ASW,CE,Federal Contract Tower,0,9,57,0,66,0,0,91,0,91,0,9,148,0,157,138,0,138,295
07/13/2023,SGR,TX,ASW,CE,Federal Contract Tower,0,14,57,0,71,0,1,109,0,110,0,15,166,0,181,210,0,210,391
07/14/2023,SGR,TX,ASW,CE,Federal Contract Tower,0,21,37,0,58,0,1,96,2,99,0,22,133,2,157,206,0,206,363
07/15/2023,SGR,TX,ASW,CE,Federal Contract Tower,0,14,40,0,54,0,14,96,0,110,0,28,136,0,164,202,0,202,366
07/16/2023,SGR,TX,ASW,CE,Federal Contract Tower,0,11,33,0,44,0,16,76,0,92,0,27,109,0,136,110,0,110,246
07/17/2023,SGR,TX,ASW,CE,Federal Contract Tower,0,20,41,2,63,0,0,104,0,104,0,20,145,2,167,160,0,160,327
07/18/2023,SGR,TX,ASW,CE,Federal Contract Tower,0,14,47,0,61,0,5,90,0,95,0,19,137,0,156,120,0,120,276
07/19/2023,SGR,TX,ASW,CE,Federal Contract Tower,0,15,55,0,70,0,2,81,0,83,0,17,136,0,153,150,0,150,303
07/20/2023,SGR,TX,ASW,CE,Federal Contract Tower,0,18,63,0,81,0,2,96,0,98,0,20,159,0,179,154,0,154,333
07/21/2023,SGR,TX,ASW,CE,Federal Contract Tower,0,23,25,0,48,0,3,76,0,79,0,26,101,0,127,218,0,218,345
07/22/2023,SGR,TX,ASW,CE,Federal Contract Tower,0,16,28,0,44,0,0,86,0,86,0,16,114,0,130,180,0,180,310
07/23/2023,SGR,TX,ASW,CE,Federal Contract Tower,0,13,43,3,59,0,4,68,0,72,0,17,111,3,131,120,0,120,251
07/24/2023,SGR,TX,ASW,CE,Federal Contract Tower,0,16,40,0,56,0,3,90,0,93,0,19,130,0,149,138,0,138,287
07/25/2023,SGR,TX,ASW,CE,Federal Contract Tower,0,39,57,0,96,0,3,98,0,101,0,42,155,0,197,132,0,132,329
07/26/2023,SGR,TX,ASW,CE,Federal Contract Tower,0,24,42,0,66,0,2,78,0,80,0,26,120,0,146,77,2,79,225
07/27/2023,SGR,TX,ASW,CE,Federal Contract Tower,0,17,50,0,67,0,2,77,0,79,0,19,127,0,146,140,0,140,286
07/28/2023,SGR,TX,ASW,CE,Federal Contract Tower,0,15,53,0,68,0,0,94,0,94,0,15,147,0,162,198,0,198,360
07/29/2023,SGR,TX,ASW,CE,Federal Contract Tower,0,10,21,0,31,0,0,67,0,67,0,10,88,0,98,190,0,190,288
07/30/2023,SGR,TX,ASW,CE,Federal Contract Tower,0,22,34,0,56,0,6,78,1,85,0,28,112,1,141,96,0,96,237
07/31/2023,SGR,TX,ASW,CE,Federal Contract Tower,0,20,38,0,58,0,3,67,0,70,0,23,105,0,128,100,0,100,228
08/01/2023,SGR,TX,ASW,CE,Federal Contract Tower,0,16,37,0,53,0,3,103,0,106,0,19,140,0,159,188,0,188,347
08/02/2023,SGR,TX,ASW,CE,Federal Contract Tower,0,24,47,0,71,0,0,84,0,84,0,24,131,0,155,86,0,86,241
08/03/2023,SGR,TX,ASW,CE,Federal Contract Tower,0,20,57,0,77,0,1,110,0,111,0,21,167,0,188,188,0,188,376
08/04/2023,SGR,TX,ASW,CE,Federal Contract Tower,0,13,36,0,49,0,3,66,0,69,0,16,102,0,118,130,0,130,248
08/05/2023,SGR,TX,ASW,CE,Federal Contract Tower,0,12,17,0,29,0,0,75,0,75,0,12,92,0,104,168,0,168,272
08/06/2023,SGR,TX,ASW,CE,Federal Contract Tower,0,31,32,0,63,0,1,84,0,85,0,32,116,0,148,116,0,116,264
08/07/2023,SGR,TX,ASW,CE,Federal Contract Tower,0,23,45,0,68,0,7,78,0,85,0,30,123,0,153,188,0,188,341
08/08/2023,SGR,TX,ASW,CE,Federal Contract Tower,0,16,63,0,79,0,4,83,0,87,0,20,146,0,166,82,0,82,248
08/10/2023,SGR,TX,ASW,CE,Federal Contract Tower,0,23,46,0,69,0,0,60,0,60,0,23,106,0,129,32,0,32,161
08/11/2023,SGR,TX,ASW,CE,Federal Contract Tower,0,16,46,0,62,0,1,78,1,80,0,17,124,1,142,72,0,72,214
08/12/2023,SGR,TX,ASW,CE,Federal Contract Tower,0,16,25,1,42,0,0,74,0,74,0,16,99,1,116,138,0,138,254
08/13/2023,SGR,TX,ASW,CE,Federal Contract Tower,0,36,31,0,67,0,2,76,0,78,0,38,107,0,145,96,0,96,241
08/14/2023,SGR,TX,ASW,CE,Federal Contract Tower,0,17,31,4,52,0,8,68,0,76,0,25,99,4,128,80,0,80,208
08/15/2023,SGR,TX,ASW,CE,Federal Contract Tower,0,14,40,2,56,0,1,71,0,72,0,15,111,2,128,126,0,126,254
08/16/2023,SGR,TX,ASW,CE,Federal Contract Tower,0,17,54,0,71,0,3,72,0,75,0,20,126,0,146,86,8,94,240
08/17/2023,SGR,TX,ASW,CE,Federal Contract Tower,0,26,61,0,87,0,2,72,0,74,0,28,133,0,161,106,2,108,269
08/18/2023,SGR,TX,ASW,CE,Federal Contract Tower,0,13,47,0,60,0,0,74,0,74,0,13,121,0,134,168,0,168,302
08/19/2023,SGR,TX,ASW,CE,Federal Contract Tower,0,7,25,0,32,0,0,85,0,85,0,7,110,0,117,166,0,166,283
08/20/2023,SGR,TX,ASW,CE,Federal Contract Tower,0,13,41,0,54,0,0,84,0,84,0,13,125,0,138,118,0,118,256
08/21/2023,SGR,TX,ASW,CE,Federal Contract Tower,0,18,48,2,68,0,4,82,0,86,0,22,130,2,154,90,0,90,244
08/22/2023,SGR,TX,ASW,CE,Federal Contract Tower,0,25,46,0,71,0,1,51,0,52,0,26,97,0,123,86,0,86,209
08/23/2023,SGR,TX,ASW,CE,Federal Contract Tower,0,16,44,0,60,0,0,0,0,0,0,16,44,0,60,122,0,122,182
08/24/2023,SGR,TX,ASW,CE,Federal Contract Tower,0,20,56,0,76,0,1,87,0,88,0,21,143,0,164,152,0,152,316
08/25/2023,SGR,TX,ASW,CE,Federal Contract Tower,0,23,52,0,75,0,2,80,13,95,0,25,132,13,170,92,0,92,262
08/26/2023,SGR,TX,ASW,CE,Federal Contract Tower,0,14,41,1,56,0,1,90,0,91,0,15,131,1,147,136,0,136,283
08/27/2023,SGR,TX,ASW,CE,Federal Contract Tower,0,22,41,0,63,0,0,77,0,77,0,22,118,0,140,118,0,118,258
08/28/2023,SGR,TX,ASW,CE,Federal Contract Tower,0,15,44,0,59,0,0,120,0,120,0,15,164,0,179,148,0,148,327
08/29/2023,SGR,TX,ASW,CE,Federal Contract Tower,0,15,64,0,79,0,0,63,0,63,0,15,127,0,142,90,0,90,232
08/30/2023,SGR,TX,ASW,CE,Federal Contract Tower,0,22,65,0,87,0,0,86,0,86,0,22,151,0,173,136,0,136,309
08/31/2023,SGR,TX,ASW,CE,Federal Contract Tower,0,27,83,0,110,0,2,87,0,89,0,29,170,0,199,112,0,112,311
