01/01/2000,SHV,LA,ASW,CE,Towers with Radar,13,48,35,1,97,3,0,48,0,51,16,48,83,1,148,0,0,0,148
01/02/2000,SHV,LA,ASW,CE,Towers with Radar,15,55,39,4,113,16,0,8,0,24,31,55,47,4,137,14,0,14,151
01/03/2000,SHV,LA,ASW,CE,Towers with Radar,37,87,66,0,190,1,0,8,0,9,38,87,74,0,199,6,0,6,205
01/04/2000,SHV,LA,ASW,CE,Towers with Radar,29,100,48,4,181,0,0,8,1,9,29,100,56,5,190,0,0,0,190
01/05/2000,SHV,LA,ASW,CE,Towers with Radar,33,97,82,26,238,0,0,19,5,24,33,97,101,31,262,20,6,26,288
01/06/2000,SHV,LA,ASW,CE,Towers with Radar,23,95,84,1,203,0,0,9,5,14,23,95,93,6,217,0,0,0,217
01/07/2000,SHV,LA,ASW,CE,Towers with Radar,30,114,78,30,252,0,0,4,1,5,30,114,82,31,257,60,26,86,343
01/08/2000,SHV,LA,ASW,CE,Towers with Radar,27,65,30,7,129,0,0,2,1,3,27,65,32,8,132,4,18,22,154
01/09/2000,SHV,LA,ASW,CE,Towers with Radar,19,60,46,15,140,0,0,10,6,16,19,60,56,21,156,14,16,30,186
01/10/2000,SHV,LA,ASW,CE,Towers with Radar,22,71,58,9,160,0,0,1,30,31,22,71,59,39,191,26,46,72,263
01/11/2000,SHV,LA,ASW,CE,Towers with Radar,24,98,89,16,227,0,1,12,2,15,24,99,101,18,242,6,34,40,282
01/12/2000,SHV,LA,ASW,CE,Towers with Radar,33,92,88,2,215,0,0,14,2,16,33,92,102,4,231,16,2,18,249
01/13/2000,SHV,LA,ASW,CE,Towers with Radar,35,123,101,16,275,0,0,7,3,10,35,123,108,19,285,26,0,26,311
01/14/2000,SHV,LA,ASW,CE,Towers with Radar,32,125,90,8,255,0,0,8,7,15,32,125,98,15,270,28,0,28,298
01/15/2000,SHV,LA,ASW,CE,Towers with Radar,28,74,48,4,154,0,0,15,0,15,28,74,63,4,169,68,0,68,237
01/16/2000,SHV,LA,ASW,CE,Towers with Radar,24,77,55,4,160,0,0,15,2,17,24,77,70,6,177,44,10,54,231
01/17/2000,SHV,LA,ASW,CE,Towers with Radar,22,88,31,10,151,0,0,11,1,12,22,88,42,11,163,24,0,24,187
01/18/2000,SHV,LA,ASW,CE,Towers with Radar,35,99,67,7,208,0,0,14,0,14,35,99,81,7,222,16,20,36,258
01/19/2000,SHV,LA,ASW,CE,Towers with Radar,34,104,105,17,260,0,0,13,3,16,34,104,118,20,276,18,18,36,312
01/20/2000,SHV,LA,ASW,CE,Towers with Radar,22,121,116,1,260,0,0,7,0,7,22,121,123,1,267,12,0,12,279
01/21/2000,SHV,LA,ASW,CE,Towers with Radar,23,101,89,17,230,0,0,24,7,31,23,101,113,24,261,50,12,62,323
01/22/2000,SHV,LA,ASW,CE,Towers with Radar,34,80,28,18,160,0,0,7,0,7,34,80,35,18,167,46,8,54,221
01/23/2000,SHV,LA,ASW,CE,Towers with Radar,21,61,41,14,137,0,0,4,1,5,21,61,45,15,142,30,4,34,176
01/24/2000,SHV,LA,ASW,CE,Towers with Radar,21,84,60,2,167,0,4,8,0,12,21,88,68,2,179,0,0,0,179
01/25/2000,SHV,LA,ASW,CE,Towers with Radar,22,99,91,43,255,0,0,10,3,13,22,99,101,46,268,30,60,90,358
01/26/2000,SHV,LA,ASW,CE,Towers with Radar,30,112,76,5,223,0,0,7,3,10,30,112,83,8,233,20,10,30,263
01/27/2000,SHV,LA,ASW,CE,Towers with Radar,16,28,6,0,50,0,0,2,0,2,16,28,8,0,52,0,0,0,52
01/28/2000,SHV,LA,ASW,CE,Towers with Radar,14,71,29,2,116,0,0,0,0,0,14,71,29,2,116,0,0,0,116
01/29/2000,SHV,LA,ASW,CE,Towers with Radar,17,94,7,0,118,0,0,0,0,0,17,94,7,0,118,0,0,0,118
01/30/2000,SHV,LA,ASW,CE,Towers with Radar,13,46,33,3,95,0,10,0,0,10,13,56,33,3,105,14,2,16,121
01/31/2000,SHV,LA,ASW,CE,Towers with Radar,29,81,44,23,177,0,0,3,3,6,29,81,47,26,183,12,54,66,249
02/01/2000,SHV,LA,ASW,CE,Towers with Radar,32,101,79,8,220,7,5,20,0,32,39,106,99,8,252,0,0,0,252
02/02/2000,SHV,LA,ASW,CE,Towers with Radar,31,102,80,13,226,0,27,4,24,55,31,129,84,37,281,0,0,0,281
02/03/2000,SHV,LA,ASW,CE,Towers with Radar,24,108,84,36,252,0,0,2,3,5,24,108,86,39,257,0,60,60,317
02/04/2000,SHV,LA,ASW,CE,Towers with Radar,27,107,80,52,266,0,0,15,7,22,27,107,95,59,288,64,74,138,426
02/05/2000,SHV,LA,ASW,CE,Towers with Radar,18,59,46,6,129,5,5,8,9,27,23,64,54,15,156,32,4,36,192
02/06/2000,SHV,LA,ASW,CE,Towers with Radar,22,53,77,6,158,0,0,4,1,5,22,53,81,7,163,36,0,36,199
02/07/2000,SHV,LA,ASW,CE,Towers with Radar,22,81,71,13,187,0,0,13,4,17,22,81,84,17,204,24,32,56,260
02/08/2000,SHV,LA,ASW,CE,Towers with Radar,24,114,69,11,218,0,0,0,2,2,24,114,69,13,220,0,4,4,224
02/09/2000,SHV,LA,ASW,CE,Towers with Radar,25,90,78,1,194,0,0,5,1,6,25,90,83,2,200,0,10,10,210
02/10/2000,SHV,LA,ASW,CE,Towers with Radar,33,103,108,1,245,0,0,7,3,10,33,103,115,4,255,10,2,12,267
02/11/2000,SHV,LA,ASW,CE,Towers with Radar,31,92,68,19,210,0,0,3,5,8,31,92,71,24,218,12,32,44,262
02/12/2000,SHV,LA,ASW,CE,Towers with Radar,34,71,24,2,131,0,0,5,2,7,34,71,29,4,138,18,6,24,162
02/13/2000,SHV,LA,ASW,CE,Towers with Radar,23,51,31,0,105,0,0,5,2,7,23,51,36,2,112,4,0,4,116
02/14/2000,SHV,LA,ASW,CE,Towers with Radar,25,81,62,9,177,3,0,20,3,26,28,81,82,12,203,8,28,36,239
02/15/2000,SHV,LA,ASW,CE,Towers with Radar,30,107,99,19,255,0,0,13,3,16,30,107,112,22,271,0,0,0,271
02/16/2000,SHV,LA,ASW,CE,Towers with Radar,27,100,84,33,244,0,0,7,2,9,27,100,91,35,253,0,64,64,317
02/17/2000,SHV,LA,ASW,CE,Towers with Radar,29,103,61,13,206,0,0,7,4,11,29,103,68,17,217,10,20,30,247
02/18/2000,SHV,LA,ASW,CE,Towers with Radar,33,107,86,10,236,0,0,7,4,11,33,107,93,14,247,12,18,30,277
02/19/2000,SHV,LA,ASW,CE,Towers with Radar,30,62,48,13,153,0,0,8,6,14,30,62,56,19,167,14,18,32,199
02/20/2000,SHV,LA,ASW,CE,Towers with Radar,20,55,54,0,129,0,0,20,0,20,20,55,74,0,149,30,0,30,179
02/21/2000,SHV,LA,ASW,CE,Towers with Radar,25,77,68,3,173,0,0,12,1,13,25,77,80,4,186,16,8,24,210
02/22/2000,SHV,LA,ASW,CE,Towers with Radar,19,87,63,11,180,0,0,22,2,24,19,87,85,13,204,26,0,26,230
02/23/2000,SHV,LA,ASW,CE,Towers with Radar,25,100,58,11,194,0,0,4,4,8,25,100,62,15,202,0,34,34,236
02/24/2000,SHV,LA,ASW,CE,Towers with Radar,25,100,86,33,244,0,0,14,6,20,25,100,100,39,264,44,56,100,364
02/25/2000,SHV,LA,ASW,CE,Towers with Radar,38,92,64,10,204,0,0,13,8,21,38,92,77,18,225,16,2,18,243
02/26/2000,SHV,LA,ASW,CE,Towers with Radar,28,40,30,0,98,0,0,0,0,0,28,40,30,0,98,2,0,2,100
02/27/2000,SHV,LA,ASW,CE,Towers with Radar,20,61,54,2,137,0,0,8,4,12,20,61,62,6,149,34,2,36,185
02/28/2000,SHV,LA,ASW,CE,Towers with Radar,31,76,67,10,184,0,0,18,2,20,31,76,85,12,204,0,0,0,204
02/29/2000,SHV,LA,ASW,CE,Towers with Radar,28,99,82,1,210,0,0,12,7,19,28,99,94,8,229,14,0,14,243
03/01/2000,SHV,LA,ASW,CE,Towers with Radar,31,93,66,9,199,1,3,31,6,41,32,96,97,15,240,60,0,60,300
03/02/2000,SHV,LA,ASW,CE,Towers with Radar,29,91,60,1,181,14,5,0,0,19,43,96,60,1,200,14,0,14,214
03/03/2000,SHV,LA,ASW,CE,Towers with Radar,27,85,57,20,189,1,0,6,3,10,28,85,63,23,199,2,26,28,227
03/04/2000,SHV,LA,ASW,CE,Towers with Radar,33,68,40,6,147,1,1,15,3,20,34,69,55,9,167,14,12,26,193
03/05/2000,SHV,LA,ASW,CE,Towers with Radar,16,58,60,4,138,1,0,13,1,15,17,58,73,5,153,12,2,14,167
03/06/2000,SHV,LA,ASW,CE,Towers with Radar,19,88,60,8,175,1,1,10,9,21,20,89,70,17,196,44,0,44,240
03/07/2000,SHV,LA,ASW,CE,Towers with Radar,27,119,72,24,242,1,0,10,2,13,28,119,82,26,255,4,36,40,295
03/08/2000,SHV,LA,ASW,CE,Towers with Radar,29,98,62,23,212,1,0,8,1,10,30,98,70,24,222,18,14,32,254
03/09/2000,SHV,LA,ASW,CE,Towers with Radar,29,90,97,10,226,1,0,18,3,22,30,90,115,13,248,20,0,20,268
03/10/2000,SHV,LA,ASW,CE,Towers with Radar,31,85,30,13,159,1,0,4,1,6,32,85,34,14,165,0,0,0,165
03/11/2000,SHV,LA,ASW,CE,Towers with Radar,28,68,44,13,153,1,0,5,2,8,29,68,49,15,161,18,0,18,179
03/12/2000,SHV,LA,ASW,CE,Towers with Radar,21,66,65,2,154,1,0,12,2,15,22,66,77,4,169,10,0,10,179
03/13/2000,SHV,LA,ASW,CE,Towers with Radar,23,76,60,6,165,1,0,7,3,11,24,76,67,9,176,18,0,18,194
03/14/2000,SHV,LA,ASW,CE,Towers with Radar,18,100,55,1,174,1,0,12,2,15,19,100,67,3,189,2,0,2,191
03/15/2000,SHV,LA,ASW,CE,Towers with Radar,27,91,61,0,179,1,0,0,0,1,28,91,61,0,180,0,0,0,180
03/16/2000,SHV,LA,ASW,CE,Towers with Radar,33,101,66,3,203,2,7,0,0,9,35,108,66,3,212,0,0,0,212
03/17/2000,SHV,LA,ASW,CE,Towers with Radar,32,92,58,0,182,1,0,6,0,7,33,92,64,0,189,0,0,0,189
03/18/2000,SHV,LA,ASW,CE,Towers with Radar,24,69,25,4,122,1,0,4,4,9,25,69,29,8,131,10,0,10,141
03/19/2000,SHV,LA,ASW,CE,Towers with Radar,15,49,38,2,104,1,0,6,1,8,16,49,44,3,112,8,0,8,120
03/20/2000,SHV,LA,ASW,CE,Towers with Radar,17,67,67,7,158,1,0,18,1,20,18,67,85,8,178,0,0,0,178
03/21/2000,SHV,LA,ASW,CE,Towers with Radar,49,83,77,8,217,1,0,11,3,15,50,83,88,11,232,4,6,10,242
03/22/2000,SHV,LA,ASW,CE,Towers with Radar,29,108,94,9,240,1,0,11,2,14,30,108,105,11,254,8,0,8,262
03/23/2000,SHV,LA,ASW,CE,Towers with Radar,43,100,85,3,231,1,0,6,0,7,44,100,91,3,238,2,0,2,240
03/24/2000,SHV,LA,ASW,CE,Towers with Radar,36,84,69,10,199,1,0,10,1,12,37,84,79,11,211,2,0,2,213
03/25/2000,SHV,LA,ASW,CE,Towers with Radar,36,67,46,5,154,1,0,5,3,9,37,67,51,8,163,0,0,0,163
03/26/2000,SHV,LA,ASW,CE,Towers with Radar,17,58,41,7,123,1,0,7,0,8,18,58,48,7,131,10,6,16,147
03/27/2000,SHV,LA,ASW,CE,Towers with Radar,19,81,63,8,171,0,0,12,11,23,19,81,75,19,194,2,46,48,242
03/28/2000,SHV,LA,ASW,CE,Towers with Radar,34,92,87,2,215,1,0,18,0,19,35,92,105,2,234,2,0,2,236
03/29/2000,SHV,LA,ASW,CE,Towers with Radar,34,94,58,10,196,0,0,1,0,1,34,94,59,10,197,0,6,6,203
03/30/2000,SHV,LA,ASW,CE,Towers with Radar,36,98,74,13,221,0,0,7,2,9,36,98,81,15,230,2,14,16,246
03/31/2000,SHV,LA,ASW,CE,Towers with Radar,37,88,55,14,194,0,0,9,0,9,37,88,64,14,203,4,0,4,207
04/01/2000,SHV,LA,ASW,CE,Towers with Radar,15,43,31,4,93,15,17,5,0,37,30,60,36,4,130,0,0,0,130
04/02/2000,SHV,LA,ASW,CE,Towers with Radar,24,55,19,0,98,1,0,1,0,2,25,55,20,0,100,0,0,0,100
04/03/2000,SHV,LA,ASW,CE,Towers with Radar,19,88,44,5,156,1,0,3,0,4,20,88,47,5,160,0,0,0,160
04/04/2000,SHV,LA,ASW,CE,Towers with Radar,39,113,92,33,277,1,0,22,1,24,40,113,114,34,301,8,40,48,349
04/05/2000,SHV,LA,ASW,CE,Towers with Radar,38,107,82,15,242,12,6,14,11,43,50,113,96,26,285,24,0,24,309
04/06/2000,SHV,LA,ASW,CE,Towers with Radar,36,134,90,20,280,1,2,10,2,15,37,136,100,22,295,54,6,60,355
04/07/2000,SHV,LA,ASW,CE,Towers with Radar,25,97,82,12,216,1,6,5,3,15,26,103,87,15,231,66,16,82,313
04/08/2000,SHV,LA,ASW,CE,Towers with Radar,32,65,63,7,167,1,0,13,1,15,33,65,76,8,182,30,0,30,212
04/09/2000,SHV,LA,ASW,CE,Towers with Radar,26,60,74,11,171,1,0,22,2,25,27,60,96,13,196,30,8,38,234
04/10/2000,SHV,LA,ASW,CE,Towers with Radar,23,70,59,12,164,0,0,0,6,6,23,70,59,18,170,4,0,4,174
04/11/2000,SHV,LA,ASW,CE,Towers with Radar,27,91,55,10,183,1,0,6,2,9,28,91,61,12,192,6,12,18,210
04/12/2000,SHV,LA,ASW,CE,Towers with Radar,27,76,58,3,164,1,0,1,0,2,28,76,59,3,166,0,0,0,166
04/13/2000,SHV,LA,ASW,CE,Towers with Radar,38,85,93,13,229,1,0,1,0,2,39,85,94,13,231,10,12,22,253
04/14/2000,SHV,LA,ASW,CE,Towers with Radar,32,97,58,23,210,1,0,10,2,13,33,97,68,25,223,0,36,36,259
04/15/2000,SHV,LA,ASW,CE,Towers with Radar,42,57,48,8,155,1,0,15,1,17,43,57,63,9,172,2,0,2,174
04/16/2000,SHV,LA,ASW,CE,Towers with Radar,36,68,46,13,163,0,0,4,1,5,36,68,50,14,168,0,0,0,168
04/17/2000,SHV,LA,ASW,CE,Towers with Radar,24,94,74,32,224,0,1,9,3,13,24,95,83,35,237,14,48,62,299
04/18/2000,SHV,LA,ASW,CE,Towers with Radar,35,99,84,16,234,0,0,3,7,10,35,99,87,23,244,0,0,0,244
04/19/2000,SHV,LA,ASW,CE,Towers with Radar,46,105,101,7,259,0,0,19,7,26,46,105,120,14,285,2,2,4,289
04/20/2000,SHV,LA,ASW,CE,Towers with Radar,34,102,72,3,211,0,0,12,8,20,34,102,84,11,231,2,0,2,233
04/21/2000,SHV,LA,ASW,CE,Towers with Radar,32,79,83,9,203,0,0,11,2,13,32,79,94,11,216,22,14,36,252
04/22/2000,SHV,LA,ASW,CE,Towers with Radar,32,54,42,2,130,0,0,10,1,11,32,54,52,3,141,6,0,6,147
04/23/2000,SHV,LA,ASW,CE,Towers with Radar,12,33,16,0,61,3,8,0,0,11,15,41,16,0,72,0,0,0,72
04/24/2000,SHV,LA,ASW,CE,Towers with Radar,24,72,50,11,157,0,0,7,4,11,24,72,57,15,168,0,0,0,168
04/25/2000,SHV,LA,ASW,CE,Towers with Radar,31,105,75,9,220,0,0,14,2,16,31,105,89,11,236,48,0,48,284
04/26/2000,SHV,LA,ASW,CE,Towers with Radar,25,86,109,37,257,0,0,12,6,18,25,86,121,43,275,0,56,56,331
04/27/2000,SHV,LA,ASW,CE,Towers with Radar,32,86,48,7,173,0,0,7,1,8,32,86,55,8,181,6,6,12,193
04/28/2000,SHV,LA,ASW,CE,Towers with Radar,36,93,70,16,215,0,0,17,1,18,36,93,87,17,233,28,14,42,275
04/29/2000,SHV,LA,ASW,CE,Towers with Radar,31,54,53,1,139,0,0,29,1,30,31,54,82,2,169,60,0,60,229
04/30/2000,SHV,LA,ASW,CE,Towers with Radar,17,58,27,1,103,0,0,12,0,12,17,58,39,1,115,4,22,26,141
05/01/2000,SHV,LA,ASW,CE,Towers with Radar,23,76,43,2,144,0,0,0,0,0,23,76,43,2,144,0,0,0,144
05/02/2000,SHV,LA,ASW,CE,Towers with Radar,30,89,60,9,188,10,16,0,11,37,40,105,60,20,225,0,4,4,229
05/03/2000,SHV,LA,ASW,CE,Towers with Radar,31,97,74,11,213,1,1,5,1,8,32,98,79,12,221,2,0,2,223
05/04/2000,SHV,LA,ASW,CE,Towers with Radar,28,85,43,0,156,1,1,1,2,5,29,86,44,2,161,2,0,2,163
05/05/2000,SHV,LA,ASW,CE,Towers with Radar,34,75,56,0,165,1,1,2,0,4,35,76,58,0,169,6,0,6,175
05/06/2000,SHV,LA,ASW,CE,Towers with Radar,20,61,35,0,116,1,1,7,0,9,21,62,42,0,125,8,0,8,133
05/07/2000,SHV,LA,ASW,CE,Towers with Radar,19,52,44,2,117,2,0,3,0,5,21,52,47,2,122,14,0,14,136
05/08/2000,SHV,LA,ASW,CE,Towers with Radar,16,62,61,6,145,1,1,7,3,12,17,63,68,9,157,4,12,16,173
05/09/2000,SHV,LA,ASW,CE,Towers with Radar,28,93,58,7,186,1,1,8,2,12,29,94,66,9,198,2,8,10,208
05/10/2000,SHV,LA,ASW,CE,Towers with Radar,33,86,76,5,200,1,1,5,5,12,34,87,81,10,212,2,0,2,214
05/11/2000,SHV,LA,ASW,CE,Towers with Radar,35,100,65,2,202,1,1,12,2,16,36,101,77,4,218,8,2,10,228
05/12/2000,SHV,LA,ASW,CE,Towers with Radar,27,110,87,6,230,1,1,8,3,13,28,111,95,9,243,6,4,10,253
05/13/2000,SHV,LA,ASW,CE,Towers with Radar,35,78,41,0,154,1,0,6,1,8,36,78,47,1,162,8,0,8,170
05/14/2000,SHV,LA,ASW,CE,Towers with Radar,20,59,32,0,111,1,0,4,2,7,21,59,36,2,118,0,0,0,118
05/15/2000,SHV,LA,ASW,CE,Towers with Radar,16,77,57,7,157,0,1,14,6,21,16,78,71,13,178,10,12,22,200
05/16/2000,SHV,LA,ASW,CE,Towers with Radar,21,94,82,2,199,1,0,10,3,14,22,94,92,5,213,32,2,34,247
05/17/2000,SHV,LA,ASW,CE,Towers with Radar,33,110,63,39,245,1,0,5,8,14,34,110,68,47,259,2,86,88,347
05/18/2000,SHV,LA,ASW,CE,Towers with Radar,39,106,108,5,258,1,0,17,3,21,40,106,125,8,279,8,0,8,287
05/19/2000,SHV,LA,ASW,CE,Towers with Radar,54,77,43,0,174,1,0,2,2,5,55,77,45,2,179,0,0,0,179
05/20/2000,SHV,LA,ASW,CE,Towers with Radar,28,64,24,0,116,1,0,6,1,8,29,64,30,1,124,0,0,0,124
05/21/2000,SHV,LA,ASW,CE,Towers with Radar,22,57,60,0,139,1,0,8,5,14,23,57,68,5,153,10,0,10,163
05/22/2000,SHV,LA,ASW,CE,Towers with Radar,23,80,47,7,157,0,1,6,6,13,23,81,53,13,170,0,0,0,170
05/23/2000,SHV,LA,ASW,CE,Towers with Radar,30,104,89,49,272,0,1,12,9,22,30,105,101,58,294,6,20,26,320
05/24/2000,SHV,LA,ASW,CE,Towers with Radar,20,98,76,18,212,0,1,24,4,29,20,99,100,22,241,50,20,70,311
05/25/2000,SHV,LA,ASW,CE,Towers with Radar,32,98,89,4,223,0,0,61,0,61,32,98,150,4,284,24,0,24,308
05/26/2000,SHV,LA,ASW,CE,Towers with Radar,31,100,67,30,228,0,1,10,8,19,31,101,77,38,247,4,34,38,285
05/27/2000,SHV,LA,ASW,CE,Towers with Radar,23,46,45,0,114,0,1,11,1,13,23,47,56,1,127,38,2,40,167
05/28/2000,SHV,LA,ASW,CE,Towers with Radar,15,41,40,0,96,0,1,8,2,11,15,42,48,2,107,2,0,2,109
05/29/2000,SHV,LA,ASW,CE,Towers with Radar,21,56,55,0,132,0,1,14,1,16,21,57,69,1,148,4,0,4,152
05/30/2000,SHV,LA,ASW,CE,Towers with Radar,27,80,55,40,202,0,1,13,5,19,27,81,68,45,221,8,4,12,233
05/31/2000,SHV,LA,ASW,CE,Towers with Radar,32,93,65,35,225,0,1,13,3,17,32,94,78,38,242,32,8,40,282
06/01/2000,SHV,LA,ASW,CE,Towers with Radar,31,94,71,14,210,12,0,28,0,40,43,94,99,14,250,20,24,44,294
06/02/2000,SHV,LA,ASW,CE,Towers with Radar,26,92,72,14,204,0,0,15,8,23,26,92,87,22,227,22,8,30,257
06/03/2000,SHV,LA,ASW,CE,Towers with Radar,34,65,35,0,134,1,0,7,5,13,35,65,42,5,147,32,0,32,179
06/04/2000,SHV,LA,ASW,CE,Towers with Radar,13,42,25,5,85,5,6,0,2,13,18,48,25,7,98,0,0,0,98
06/05/2000,SHV,LA,ASW,CE,Towers with Radar,23,80,51,6,160,0,0,0,0,0,23,80,51,6,160,0,0,0,160
06/06/2000,SHV,LA,ASW,CE,Towers with Radar,34,107,65,8,214,1,0,20,9,30,35,107,85,17,244,60,6,66,310
06/07/2000,SHV,LA,ASW,CE,Towers with Radar,32,115,97,3,247,1,0,27,2,30,33,115,124,5,277,14,4,18,295
06/08/2000,SHV,LA,ASW,CE,Towers with Radar,43,90,94,2,229,1,0,13,2,16,44,90,107,4,245,0,0,0,245
06/09/2000,SHV,LA,ASW,CE,Towers with Radar,38,81,88,30,237,1,0,9,3,13,39,81,97,33,250,12,8,20,270
06/10/2000,SHV,LA,ASW,CE,Towers with Radar,40,73,29,1,143,1,0,7,4,12,41,73,36,5,155,0,0,0,155
06/11/2000,SHV,LA,ASW,CE,Towers with Radar,19,60,47,6,132,1,1,12,1,15,20,61,59,7,147,0,0,0,147
06/12/2000,SHV,LA,ASW,CE,Towers with Radar,18,97,68,21,204,1,0,8,3,12,19,97,76,24,216,0,0,0,216
06/13/2000,SHV,LA,ASW,CE,Towers with Radar,31,104,62,22,219,1,0,9,6,16,32,104,71,28,235,18,34,52,287
06/14/2000,SHV,LA,ASW,CE,Towers with Radar,30,103,75,33,241,1,0,20,3,24,31,103,95,36,265,14,32,46,311
06/15/2000,SHV,LA,ASW,CE,Towers with Radar,44,104,102,3,253,1,0,7,2,10,45,104,109,5,263,0,0,0,263
06/16/2000,SHV,LA,ASW,CE,Towers with Radar,40,93,62,66,261,1,0,5,7,13,41,93,67,73,274,6,90,96,370
06/17/2000,SHV,LA,ASW,CE,Towers with Radar,24,51,16,11,102,1,2,2,2,7,25,53,18,13,109,2,0,2,111
06/18/2000,SHV,LA,ASW,CE,Towers with Radar,15,64,34,11,124,1,0,8,4,13,16,64,42,15,137,0,4,4,141
06/19/2000,SHV,LA,ASW,CE,Towers with Radar,17,82,53,4,156,1,0,11,3,15,18,82,64,7,171,0,0,0,171
06/20/2000,SHV,LA,ASW,CE,Towers with Radar,24,108,84,13,229,1,0,12,3,16,25,108,96,16,245,0,0,0,245
06/21/2000,SHV,LA,ASW,CE,Towers with Radar,22,105,76,13,216,0,1,13,3,17,22,106,89,16,233,20,4,24,257
06/22/2000,SHV,LA,ASW,CE,Towers with Radar,36,122,88,4,250,0,1,12,1,14,36,123,100,5,264,0,38,38,302
06/23/2000,SHV,LA,ASW,CE,Towers with Radar,32,106,90,6,234,0,2,24,5,31,32,108,114,11,265,12,4,16,281
06/24/2000,SHV,LA,ASW,CE,Towers with Radar,29,73,54,3,159,0,1,18,4,23,29,74,72,7,182,28,18,46,228
06/25/2000,SHV,LA,ASW,CE,Towers with Radar,19,61,71,15,166,0,2,10,5,17,19,63,81,20,183,20,2,22,205
06/26/2000,SHV,LA,ASW,CE,Towers with Radar,23,78,58,16,175,0,1,16,4,21,23,79,74,20,196,22,8,30,226
06/27/2000,SHV,LA,ASW,CE,Towers with Radar,39,101,73,33,246,0,0,29,4,33,39,101,102,37,279,54,46,100,379
06/28/2000,SHV,LA,ASW,CE,Towers with Radar,39,119,71,7,236,0,0,13,2,15,39,119,84,9,251,16,0,16,267
06/29/2000,SHV,LA,ASW,CE,Towers with Radar,30,116,74,18,238,0,0,10,0,10,30,116,84,18,248,32,20,52,300
06/30/2000,SHV,LA,ASW,CE,Towers with Radar,26,104,68,11,209,0,0,10,1,11,26,104,78,12,220,0,0,0,220
07/01/2000,SHV,LA,ASW,CE,Towers with Radar,13,46,35,2,96,21,12,6,0,39,34,58,41,2,135,20,0,20,155
07/02/2000,SHV,LA,ASW,CE,Towers with Radar,12,46,35,6,99,6,10,18,0,34,18,56,53,6,133,12,0,12,145
07/03/2000,SHV,LA,ASW,CE,Towers with Radar,21,60,39,1,121,0,0,8,0,8,21,60,47,1,129,52,0,52,181
07/04/2000,SHV,LA,ASW,CE,Towers with Radar,16,60,35,2,113,0,0,2,0,2,16,60,37,2,115,0,0,0,115
07/05/2000,SHV,LA,ASW,CE,Towers with Radar,16,95,57,3,171,0,0,14,3,17,16,95,71,6,188,14,0,14,202
07/06/2000,SHV,LA,ASW,CE,Towers with Radar,29,97,72,58,256,0,0,20,7,27,29,97,92,65,283,26,82,108,391
07/07/2000,SHV,LA,ASW,CE,Towers with Radar,22,109,76,32,239,0,0,10,3,13,22,109,86,35,252,2,16,18,270
07/08/2000,SHV,LA,ASW,CE,Towers with Radar,27,67,60,13,167,0,0,17,2,19,27,67,77,15,186,12,0,12,198
07/09/2000,SHV,LA,ASW,CE,Towers with Radar,17,70,47,10,144,0,0,4,1,5,17,70,51,11,149,0,0,0,149
07/10/2000,SHV,LA,ASW,CE,Towers with Radar,15,91,62,4,172,0,0,12,0,12,15,91,74,4,184,28,6,34,218
07/11/2000,SHV,LA,ASW,CE,Towers with Radar,20,112,72,46,250,0,0,15,4,19,20,112,87,50,269,42,48,90,359
07/12/2000,SHV,LA,ASW,CE,Towers with Radar,28,113,82,32,255,0,0,15,2,17,28,113,97,34,272,20,32,52,324
07/13/2000,SHV,LA,ASW,CE,Towers with Radar,30,109,88,23,250,0,0,10,4,14,30,109,98,27,264,4,0,4,268
07/14/2000,SHV,LA,ASW,CE,Towers with Radar,36,97,83,37,253,0,0,20,2,22,36,97,103,39,275,16,26,42,317
07/15/2000,SHV,LA,ASW,CE,Towers with Radar,20,68,70,12,170,0,0,16,6,22,20,68,86,18,192,12,26,38,230
07/16/2000,SHV,LA,ASW,CE,Towers with Radar,14,54,43,9,120,0,0,10,1,11,14,54,53,10,131,2,0,2,133
07/17/2000,SHV,LA,ASW,CE,Towers with Radar,14,71,65,23,173,0,0,0,33,33,14,71,65,56,206,10,36,46,252
07/18/2000,SHV,LA,ASW,CE,Towers with Radar,30,100,87,19,236,0,0,22,2,24,30,100,109,21,260,14,26,40,300
07/19/2000,SHV,LA,ASW,CE,Towers with Radar,27,80,97,31,235,0,0,26,8,34,27,80,123,39,269,0,64,64,333
07/20/2000,SHV,LA,ASW,CE,Towers with Radar,26,97,73,2,198,0,1,15,1,17,26,98,88,3,215,28,6,34,249
07/21/2000,SHV,LA,ASW,CE,Towers with Radar,26,88,86,37,237,0,0,15,4,19,26,88,101,41,256,8,54,62,318
07/22/2000,SHV,LA,ASW,CE,Towers with Radar,14,51,35,6,106,13,8,0,0,21,27,59,35,6,127,10,20,30,157
07/23/2000,SHV,LA,ASW,CE,Towers with Radar,16,52,46,22,136,0,0,13,2,15,16,52,59,24,151,20,0,20,171
07/24/2000,SHV,LA,ASW,CE,Towers with Radar,20,74,66,14,174,0,1,15,4,20,20,75,81,18,194,0,0,0,194
07/25/2000,SHV,LA,ASW,CE,Towers with Radar,24,99,80,28,231,0,0,17,4,21,24,99,97,32,252,16,40,56,308
07/26/2000,SHV,LA,ASW,CE,Towers with Radar,26,97,103,21,247,0,0,15,0,15,26,97,118,21,262,6,4,10,272
07/27/2000,SHV,LA,ASW,CE,Towers with Radar,25,111,96,23,255,0,0,8,2,10,25,111,104,25,265,8,8,16,281
07/28/2000,SHV,LA,ASW,CE,Towers with Radar,24,93,79,55,251,0,0,11,4,15,24,93,90,59,266,0,0,0,266
07/29/2000,SHV,LA,ASW,CE,Towers with Radar,33,80,52,21,186,0,0,26,7,33,33,80,78,28,219,46,6,52,271
07/30/2000,SHV,LA,ASW,CE,Towers with Radar,18,67,40,10,135,0,0,2,2,4,18,67,42,12,139,0,4,4,143
07/31/2000,SHV,LA,ASW,CE,Towers with Radar,17,87,63,45,212,0,0,10,13,23,17,87,73,58,235,10,16,26,261
08/01/2000,SHV,LA,ASW,CE,Towers with Radar,27,102,77,10,216,0,0,20,0,20,27,102,97,10,236,0,0,0,236
08/02/2000,SHV,LA,ASW,CE,Towers with Radar,30,104,77,15,226,15,8,3,6,32,45,112,80,21,258,0,22,22,280
08/03/2000,SHV,LA,ASW,CE,Towers with Radar,29,117,93,10,249,1,3,13,4,21,30,120,106,14,270,0,28,28,298
08/04/2000,SHV,LA,ASW,CE,Towers with Radar,30,104,64,6,204,1,0,13,3,17,31,104,77,9,221,12,0,12,233
08/05/2000,SHV,LA,ASW,CE,Towers with Radar,33,83,73,13,202,1,0,12,2,15,34,83,85,15,217,28,16,44,261
08/06/2000,SHV,LA,ASW,CE,Towers with Radar,20,61,58,1,140,0,0,13,0,13,20,61,71,1,153,4,0,4,157
08/07/2000,SHV,LA,ASW,CE,Towers with Radar,15,67,43,10,135,1,1,3,1,6,16,68,46,11,141,18,10,28,169
08/08/2000,SHV,LA,ASW,CE,Towers with Radar,33,107,50,13,203,1,0,12,6,19,34,107,62,19,222,0,0,0,222
08/09/2000,SHV,LA,ASW,CE,Towers with Radar,31,106,77,30,244,1,0,14,3,18,32,106,91,33,262,6,26,32,294
08/10/2000,SHV,LA,ASW,CE,Towers with Radar,26,115,62,1,204,1,0,14,4,19,27,115,76,5,223,12,0,12,235
08/11/2000,SHV,LA,ASW,CE,Towers with Radar,23,97,71,13,204,0,12,23,0,35,23,109,94,13,239,16,0,16,255
08/12/2000,SHV,LA,ASW,CE,Towers with Radar,18,63,47,4,132,1,6,8,0,15,19,69,55,4,147,26,2,28,175
08/13/2000,SHV,LA,ASW,CE,Towers with Radar,28,65,58,0,151,1,0,8,1,10,29,65,66,1,161,0,0,0,161
08/14/2000,SHV,LA,ASW,CE,Towers with Radar,20,88,69,4,181,1,0,11,4,16,21,88,80,8,197,0,0,0,197
08/15/2000,SHV,LA,ASW,CE,Towers with Radar,27,101,60,41,229,1,0,27,3,31,28,101,87,44,260,0,0,0,260
08/16/2000,SHV,LA,ASW,CE,Towers with Radar,23,111,68,33,235,1,0,19,5,25,24,111,87,38,260,22,54,76,336
08/17/2000,SHV,LA,ASW,CE,Towers with Radar,24,101,83,7,215,0,1,8,3,12,24,102,91,10,227,16,0,16,243
08/18/2000,SHV,LA,ASW,CE,Towers with Radar,32,113,57,57,259,0,1,12,4,17,32,114,69,61,276,28,76,104,380
08/19/2000,SHV,LA,ASW,CE,Towers with Radar,28,85,44,11,168,0,1,8,1,10,28,86,52,12,178,0,18,18,196
08/20/2000,SHV,LA,ASW,CE,Towers with Radar,18,69,58,10,155,0,1,5,1,7,18,70,63,11,162,0,0,0,162
08/21/2000,SHV,LA,ASW,CE,Towers with Radar,22,91,59,2,174,0,2,1,0,3,22,93,60,2,177,0,0,0,177
08/22/2000,SHV,LA,ASW,CE,Towers with Radar,36,114,90,5,245,0,1,16,0,17,36,115,106,5,262,48,0,48,310
08/23/2000,SHV,LA,ASW,CE,Towers with Radar,38,127,92,20,277,0,1,16,9,26,38,128,108,29,303,30,0,30,333
08/24/2000,SHV,LA,ASW,CE,Towers with Radar,31,99,97,26,253,0,2,19,1,22,31,101,116,27,275,20,26,46,321
08/25/2000,SHV,LA,ASW,CE,Towers with Radar,29,97,84,17,227,0,0,12,31,43,29,97,96,48,270,8,36,44,314
08/26/2000,SHV,LA,ASW,CE,Towers with Radar,29,73,54,11,167,0,1,20,1,22,29,74,74,12,189,46,22,68,257
08/27/2000,SHV,LA,ASW,CE,Towers with Radar,17,51,58,13,139,0,1,7,3,11,17,52,65,16,150,0,0,0,150
08/28/2000,SHV,LA,ASW,CE,Towers with Radar,26,78,51,25,180,0,1,4,9,14,26,79,55,34,194,0,0,0,194
08/29/2000,SHV,LA,ASW,CE,Towers with Radar,50,96,76,2,224,0,1,13,1,15,50,97,89,3,239,0,0,0,239
08/30/2000,SHV,LA,ASW,CE,Towers with Radar,36,103,85,5,229,0,1,15,4,20,36,104,100,9,249,0,0,0,249
08/31/2000,SHV,LA,ASW,CE,Towers with Radar,30,98,79,13,220,0,1,13,0,14,30,99,92,13,234,28,16,44,278
09/01/2000,SHV,LA,ASW,CE,Towers with Radar,23,85,79,16,203,0,0,20,0,20,23,85,99,16,223,0,52,52,275
09/02/2000,SHV,LA,ASW,CE,Towers with Radar,21,72,42,0,135,1,1,17,1,20,22,73,59,1,155,24,0,24,179
09/03/2000,SHV,LA,ASW,CE,Towers with Radar,15,58,58,11,142,1,1,16,4,22,16,59,74,15,164,32,12,44,208
09/04/2000,SHV,LA,ASW,CE,Towers with Radar,15,55,42,7,119,1,1,10,3,15,16,56,52,10,134,0,0,0,134
09/05/2000,SHV,LA,ASW,CE,Towers with Radar,15,88,59,9,171,1,1,13,4,19,16,89,72,13,190,16,6,22,212
09/06/2000,SHV,LA,ASW,CE,Towers with Radar,33,123,76,39,271,1,0,20,7,28,34,123,96,46,299,62,28,90,389
09/07/2000,SHV,LA,ASW,CE,Towers with Radar,27,97,95,36,255,1,0,42,4,47,28,97,137,40,302,48,82,130,432
09/08/2000,SHV,LA,ASW,CE,Towers with Radar,28,112,69,29,238,1,0,8,3,12,29,112,77,32,250,18,22,40,290
09/09/2000,SHV,LA,ASW,CE,Towers with Radar,24,73,58,4,159,1,0,9,6,16,25,73,67,10,175,24,22,46,221
09/10/2000,SHV,LA,ASW,CE,Towers with Radar,19,55,50,4,128,1,0,8,2,11,20,55,58,6,139,0,0,0,139
09/11/2000,SHV,LA,ASW,CE,Towers with Radar,17,85,76,12,190,1,0,10,3,14,18,85,86,15,204,2,8,10,214
09/12/2000,SHV,LA,ASW,CE,Towers with Radar,26,114,65,4,209,1,1,17,2,21,27,115,82,6,230,24,0,24,254
09/13/2000,SHV,LA,ASW,CE,Towers with Radar,35,99,102,13,249,1,0,7,2,10,36,99,109,15,259,2,0,2,261
09/14/2000,SHV,LA,ASW,CE,Towers with Radar,22,98,79,23,222,1,0,21,0,22,23,98,100,23,244,22,22,44,288
09/15/2000,SHV,LA,ASW,CE,Towers with Radar,36,100,87,5,228,1,0,17,0,18,37,100,104,5,246,26,0,26,272
09/16/2000,SHV,LA,ASW,CE,Towers with Radar,24,65,53,4,146,1,0,27,2,30,25,65,80,6,176,52,24,76,252
09/17/2000,SHV,LA,ASW,CE,Towers with Radar,11,57,57,3,128,1,0,14,5,20,12,57,71,8,148,0,0,0,148
09/18/2000,SHV,LA,ASW,CE,Towers with Radar,12,100,78,25,215,1,0,12,6,19,13,100,90,31,234,18,58,76,310
09/19/2000,SHV,LA,ASW,CE,Towers with Radar,32,112,97,14,255,1,0,14,3,18,33,112,111,17,273,20,30,50,323
09/20/2000,SHV,LA,ASW,CE,Towers with Radar,25,95,84,34,238,1,0,10,3,14,26,95,94,37,252,36,38,74,326
09/21/2000,SHV,LA,ASW,CE,Towers with Radar,26,113,67,30,236,1,0,11,4,16,27,113,78,34,252,18,28,46,298
09/22/2000,SHV,LA,ASW,CE,Towers with Radar,35,109,81,45,270,1,0,10,1,12,36,109,91,46,282,44,18,62,344
09/23/2000,SHV,LA,ASW,CE,Towers with Radar,31,76,62,10,179,1,0,8,0,9,32,76,70,10,188,0,2,2,190
09/24/2000,SHV,LA,ASW,CE,Towers with Radar,15,58,38,6,117,1,0,8,2,11,16,58,46,8,128,28,0,28,156
09/25/2000,SHV,LA,ASW,CE,Towers with Radar,20,79,53,36,188,1,2,4,1,8,21,81,57,37,196,8,50,58,254
09/26/2000,SHV,LA,ASW,CE,Towers with Radar,31,92,88,9,220,1,0,17,1,19,32,92,105,10,239,0,0,0,239
09/27/2000,SHV,LA,ASW,CE,Towers with Radar,27,97,119,24,267,0,1,20,6,27,27,98,139,30,294,62,36,98,392
09/28/2000,SHV,LA,ASW,CE,Towers with Radar,29,103,86,19,237,0,1,17,2,20,29,104,103,21,257,14,10,24,281
09/29/2000,SHV,LA,ASW,CE,Towers with Radar,29,104,102,7,242,0,1,22,0,23,29,105,124,7,265,48,0,48,313
09/30/2000,SHV,LA,ASW,CE,Towers with Radar,22,66,79,0,167,0,1,12,0,13,22,67,91,0,180,2,0,2,182
10/01/2000,SHV,LA,ASW,CE,Towers with Radar,14,70,51,10,145,0,5,24,0,29,14,75,75,10,174,4,4,8,182
10/02/2000,SHV,LA,ASW,CE,Towers with Radar,23,80,59,5,167,0,10,13,0,23,23,90,72,5,190,34,14,48,238
10/03/2000,SHV,LA,ASW,CE,Towers with Radar,33,108,75,4,220,1,0,6,1,8,34,108,81,5,228,4,0,4,232
10/04/2000,SHV,LA,ASW,CE,Towers with Radar,36,116,68,34,254,1,0,18,4,23,37,116,86,38,277,48,22,70,347
10/05/2000,SHV,LA,ASW,CE,Towers with Radar,33,103,89,18,243,1,0,3,2,6,34,103,92,20,249,0,0,0,249
10/06/2000,SHV,LA,ASW,CE,Towers with Radar,39,101,46,11,197,1,0,7,3,11,40,101,53,14,208,2,0,2,210
10/07/2000,SHV,LA,ASW,CE,Towers with Radar,24,81,60,14,179,1,0,5,5,11,25,81,65,19,190,62,40,102,292
10/08/2000,SHV,LA,ASW,CE,Towers with Radar,23,68,47,8,146,1,0,3,2,6,24,68,50,10,152,0,0,0,152
10/09/2000,SHV,LA,ASW,CE,Towers with Radar,20,73,42,4,139,1,0,6,1,8,21,73,48,5,147,56,0,56,203
10/10/2000,SHV,LA,ASW,CE,Towers with Radar,35,86,64,26,211,1,0,11,2,14,36,86,75,28,225,30,46,76,301
10/11/2000,SHV,LA,ASW,CE,Towers with Radar,28,103,86,40,257,1,1,20,7,29,29,104,106,47,286,24,84,108,394
10/12/2000,SHV,LA,ASW,CE,Towers with Radar,35,103,91,7,236,1,0,12,2,15,36,103,103,9,251,6,0,6,257
10/13/2000,SHV,LA,ASW,CE,Towers with Radar,37,95,92,34,258,1,0,2,5,8,38,95,94,39,266,10,36,46,312
10/14/2000,SHV,LA,ASW,CE,Towers with Radar,35,56,50,0,141,1,0,5,1,7,36,56,55,1,148,12,0,12,160
10/15/2000,SHV,LA,ASW,CE,Towers with Radar,37,51,47,27,162,1,0,12,6,19,38,51,59,33,181,14,28,42,223
10/16/2000,SHV,LA,ASW,CE,Towers with Radar,24,77,50,11,162,1,0,1,1,3,25,77,51,12,165,2,22,24,189
10/17/2000,SHV,LA,ASW,CE,Towers with Radar,37,92,70,20,219,1,0,11,2,14,38,92,81,22,233,34,60,94,327
10/18/2000,SHV,LA,ASW,CE,Towers with Radar,25,106,77,20,228,1,0,12,3,16,26,106,89,23,244,2,0,2,246
10/19/2000,SHV,LA,ASW,CE,Towers with Radar,35,105,76,20,236,1,0,14,1,16,36,105,90,21,252,24,8,32,284
10/20/2000,SHV,LA,ASW,CE,Towers with Radar,37,105,82,36,260,1,0,19,13,33,38,105,101,49,293,20,16,36,329
10/21/2000,SHV,LA,ASW,CE,Towers with Radar,34,78,56,26,194,1,0,5,5,11,35,78,61,31,205,32,58,90,295
10/22/2000,SHV,LA,ASW,CE,Towers with Radar,22,61,32,41,156,1,0,5,4,10,23,61,37,45,166,0,0,0,166
10/23/2000,SHV,LA,ASW,CE,Towers with Radar,24,75,55,14,168,0,13,22,15,50,24,88,77,29,218,8,36,44,262
10/24/2000,SHV,LA,ASW,CE,Towers with Radar,38,109,80,26,253,0,0,8,5,13,38,109,88,31,266,0,30,30,296
10/25/2000,SHV,LA,ASW,CE,Towers with Radar,32,106,79,13,230,0,0,13,6,19,32,106,92,19,249,8,0,8,257
10/26/2000,SHV,LA,ASW,CE,Towers with Radar,23,99,82,14,218,0,0,9,4,13,23,99,91,18,231,14,24,38,269
10/27/2000,SHV,LA,ASW,CE,Towers with Radar,35,86,79,9,209,0,0,10,3,13,35,86,89,12,222,6,16,22,244
10/28/2000,SHV,LA,ASW,CE,Towers with Radar,32,67,46,5,150,0,0,10,4,14,32,67,56,9,164,10,4,14,178
10/29/2000,SHV,LA,ASW,CE,Towers with Radar,19,54,40,5,118,6,6,6,0,18,25,60,46,5,136,0,0,0,136
10/30/2000,SHV,LA,ASW,CE,Towers with Radar,27,82,53,31,193,0,0,8,6,14,27,82,61,37,207,2,88,90,297
10/31/2000,SHV,LA,ASW,CE,Towers with Radar,37,91,72,23,223,0,0,4,4,8,37,91,76,27,231,22,42,64,295
11/01/2000,SHV,LA,ASW,CE,Towers with Radar,34,95,77,10,216,4,0,11,14,29,38,95,88,24,245,36,50,86,331
11/02/2000,SHV,LA,ASW,CE,Towers with Radar,31,90,59,10,190,11,0,0,21,32,42,90,59,31,222,0,36,36,258
11/03/2000,SHV,LA,ASW,CE,Towers with Radar,22,99,48,25,194,0,0,3,1,4,22,99,51,26,198,0,20,20,218
11/04/2000,SHV,LA,ASW,CE,Towers with Radar,23,51,37,0,111,0,1,2,0,3,23,52,39,0,114,0,0,0,114
11/05/2000,SHV,LA,ASW,CE,Towers with Radar,19,49,32,6,106,0,0,2,0,2,19,49,34,6,108,0,0,0,108
11/06/2000,SHV,LA,ASW,CE,Towers with Radar,19,81,43,11,154,0,0,8,0,8,19,81,51,11,162,0,0,0,162
11/07/2000,SHV,LA,ASW,CE,Towers with Radar,25,98,62,4,189,0,0,14,0,14,25,98,76,4,203,0,0,0,203
11/08/2000,SHV,LA,ASW,CE,Towers with Radar,28,87,35,0,150,0,0,2,0,2,28,87,37,0,152,0,0,0,152
11/09/2000,SHV,LA,ASW,CE,Towers with Radar,31,101,60,6,198,0,0,17,0,17,31,101,77,6,215,48,0,48,263
11/10/2000,SHV,LA,ASW,CE,Towers with Radar,24,87,73,19,203,0,0,9,0,9,24,87,82,19,212,0,0,0,212
11/11/2000,SHV,LA,ASW,CE,Towers with Radar,21,59,39,11,130,0,0,8,2,10,21,59,47,13,140,4,8,12,152
11/12/2000,SHV,LA,ASW,CE,Towers with Radar,17,49,37,6,109,14,6,2,7,29,31,55,39,13,138,12,0,12,150
11/13/2000,SHV,LA,ASW,CE,Towers with Radar,19,75,62,7,163,0,0,24,0,24,19,75,86,7,187,0,0,0,187
11/14/2000,SHV,LA,ASW,CE,Towers with Radar,26,87,114,17,244,0,1,30,3,34,26,88,144,20,278,12,30,42,320
11/15/2000,SHV,LA,ASW,CE,Towers with Radar,27,98,99,16,240,0,0,28,1,29,27,98,127,17,269,74,2,76,345
11/16/2000,SHV,LA,ASW,CE,Towers with Radar,26,96,90,6,218,0,0,2,2,4,26,96,92,8,222,2,0,2,224
11/17/2000,SHV,LA,ASW,CE,Towers with Radar,24,106,100,11,241,0,0,27,6,33,24,106,127,17,274,48,2,50,324
11/18/2000,SHV,LA,ASW,CE,Towers with Radar,15,45,33,4,97,4,16,3,0,23,19,61,36,4,120,26,0,26,146
11/19/2000,SHV,LA,ASW,CE,Towers with Radar,24,60,52,0,136,0,0,23,2,25,24,60,75,2,161,0,0,0,161
11/20/2000,SHV,LA,ASW,CE,Towers with Radar,17,87,65,0,169,0,0,13,1,14,17,87,78,1,183,26,0,26,209
11/21/2000,SHV,LA,ASW,CE,Towers with Radar,35,101,100,3,239,0,0,22,2,24,35,101,122,5,263,0,0,0,263
11/22/2000,SHV,LA,ASW,CE,Towers with Radar,39,101,92,23,255,0,0,21,5,26,39,101,113,28,281,0,0,0,281
11/23/2000,SHV,LA,ASW,CE,Towers with Radar,26,63,17,0,106,0,0,1,0,1,26,63,18,0,107,0,0,0,107
11/24/2000,SHV,LA,ASW,CE,Towers with Radar,16,48,34,0,98,3,0,1,0,4,19,48,35,0,102,0,0,0,102
11/25/2000,SHV,LA,ASW,CE,Towers with Radar,26,66,51,1,144,0,0,25,3,28,26,66,76,4,172,0,0,0,172
11/26/2000,SHV,LA,ASW,CE,Towers with Radar,21,56,77,0,154,0,0,16,1,17,21,56,93,1,171,0,0,0,171
11/27/2000,SHV,LA,ASW,CE,Towers with Radar,22,82,52,15,171,0,0,16,0,16,22,82,68,15,187,18,0,18,205
11/28/2000,SHV,LA,ASW,CE,Towers with Radar,24,91,57,22,194,0,0,13,2,15,24,91,70,24,209,34,0,34,243
11/29/2000,SHV,LA,ASW,CE,Towers with Radar,33,114,77,8,232,0,0,16,6,22,33,114,93,14,254,60,20,80,334
11/30/2000,SHV,LA,ASW,CE,Towers with Radar,33,114,84,35,266,0,0,16,3,19,33,114,100,38,285,50,32,82,367
12/01/2000,SHV,LA,ASW,CE,Towers with Radar,24,100,72,12,208,0,0,0,20,20,24,100,72,32,228,14,0,14,242
12/02/2000,SHV,LA,ASW,CE,Towers with Radar,17,55,44,8,124,9,0,20,0,29,26,55,64,8,153,60,0,60,213
12/03/2000,SHV,LA,ASW,CE,Towers with Radar,21,64,67,1,153,1,0,9,0,10,22,64,76,1,163,0,0,0,163
12/04/2000,SHV,LA,ASW,CE,Towers with Radar,13,89,65,21,188,1,0,10,2,13,14,89,75,23,201,0,0,0,201
12/05/2000,SHV,LA,ASW,CE,Towers with Radar,35,90,68,24,217,1,0,9,3,13,36,90,77,27,230,18,26,44,274
12/06/2000,SHV,LA,ASW,CE,Towers with Radar,21,100,63,13,197,1,0,4,1,6,22,100,67,14,203,0,6,6,209
12/07/2000,SHV,LA,ASW,CE,Towers with Radar,22,85,89,19,215,1,0,14,5,20,23,85,103,24,235,12,56,68,303
12/08/2000,SHV,LA,ASW,CE,Towers with Radar,25,93,83,49,250,1,0,16,3,20,26,93,99,52,270,10,34,44,314
12/09/2000,SHV,LA,ASW,CE,Towers with Radar,25,53,57,8,143,1,1,17,2,21,26,54,74,10,164,18,0,18,182
12/10/2000,SHV,LA,ASW,CE,Towers with Radar,11,64,41,3,119,1,0,13,2,16,12,64,54,5,135,4,0,4,139
12/11/2000,SHV,LA,ASW,CE,Towers with Radar,19,72,60,0,151,0,1,5,0,6,19,73,65,0,157,32,0,32,189
12/12/2000,SHV,LA,ASW,CE,Towers with Radar,23,93,70,6,192,0,0,0,0,0,23,93,70,6,192,12,0,12,204
12/13/2000,SHV,LA,ASW,CE,Towers with Radar,7,63,22,0,92,0,0,2,0,2,7,63,24,0,94,0,0,0,94
12/14/2000,SHV,LA,ASW,CE,Towers with Radar,25,88,43,9,165,2,15,0,7,24,27,103,43,16,189,0,0,0,189
12/15/2000,SHV,LA,ASW,CE,Towers with Radar,26,98,48,12,184,0,0,1,0,1,26,98,49,12,185,0,0,0,185
12/16/2000,SHV,LA,ASW,CE,Towers with Radar,16,52,29,13,110,0,0,6,1,7,16,52,35,14,117,0,16,16,133
12/17/2000,SHV,LA,ASW,CE,Towers with Radar,13,58,68,13,152,0,0,9,4,13,13,58,77,17,165,0,0,0,165
12/18/2000,SHV,LA,ASW,CE,Towers with Radar,19,72,52,2,145,0,0,5,0,5,19,72,57,2,150,0,0,0,150
12/19/2000,SHV,LA,ASW,CE,Towers with Radar,31,97,79,7,214,0,0,9,0,9,31,97,88,7,223,0,0,0,223
12/20/2000,SHV,LA,ASW,CE,Towers with Radar,32,97,61,4,194,0,0,13,2,15,32,97,74,6,209,8,0,8,217
12/21/2000,SHV,LA,ASW,CE,Towers with Radar,22,98,61,0,181,0,0,10,0,10,22,98,71,0,191,0,0,0,191
12/22/2000,SHV,LA,ASW,CE,Towers with Radar,38,118,92,0,248,0,0,10,3,13,38,118,102,3,261,0,0,0,261
12/23/2000,SHV,LA,ASW,CE,Towers with Radar,30,60,42,2,134,0,0,10,3,13,30,60,52,5,147,0,0,0,147
12/24/2000,SHV,LA,ASW,CE,Towers with Radar,8,28,13,0,49,4,21,0,0,25,12,49,13,0,74,0,0,0,74
12/25/2000,SHV,LA,ASW,CE,Towers with Radar,9,50,1,0,60,0,0,1,0,1,9,50,2,0,61,0,0,0,61
12/26/2000,SHV,LA,ASW,CE,Towers with Radar,9,60,21,0,90,0,0,2,1,3,9,60,23,1,93,0,0,0,93
12/27/2000,SHV,LA,ASW,CE,Towers with Radar,22,81,34,3,140,0,0,1,0,1,22,81,35,3,141,0,0,0,141
12/28/2000,SHV,LA,ASW,CE,Towers with Radar,23,68,49,0,140,0,1,4,0,5,23,69,53,0,145,0,0,0,145
12/29/2000,SHV,LA,ASW,CE,Towers with Radar,31,86,56,0,173,0,0,15,1,16,31,86,71,1,189,8,0,8,197
12/30/2000,SHV,LA,ASW,CE,Towers with Radar,17,54,41,0,112,5,0,40,0,45,22,54,81,0,157,36,0,36,193
12/31/2000,SHV,LA,ASW,CE,Towers with Radar,7,43,44,0,94,0,4,14,0,18,7,47,58,0,112,0,0,0,112
01/01/2001,SHV,LA,ASW,CE,Towers with Radar,8,28,21,1,58,2,18,16,0,36,10,46,37,1,94,0,0,0,94
01/02/2001,SHV,LA,ASW,CE,Towers with Radar,13,45,34,3,95,0,28,18,0,46,13,73,52,3,141,0,0,0,141
01/03/2001,SHV,LA,ASW,CE,Towers with Radar,24,105,58,0,187,0,0,8,2,10,24,105,66,2,197,0,0,0,197
01/04/2001,SHV,LA,ASW,CE,Towers with Radar,27,97,75,19,218,0,0,11,6,17,27,97,86,25,235,14,28,42,277
01/05/2001,SHV,LA,ASW,CE,Towers with Radar,26,89,65,13,193,0,0,25,6,31,26,89,90,19,224,50,40,90,314
01/06/2001,SHV,LA,ASW,CE,Towers with Radar,19,56,53,6,134,0,1,30,4,35,19,57,83,10,169,10,0,10,179
01/07/2001,SHV,LA,ASW,CE,Towers with Radar,16,55,50,7,128,0,0,2,2,4,16,55,52,9,132,6,0,6,138
01/08/2001,SHV,LA,ASW,CE,Towers with Radar,17,71,71,2,161,0,0,11,1,12,17,71,82,3,173,0,0,0,173
01/09/2001,SHV,LA,ASW,CE,Towers with Radar,33,89,96,14,232,0,0,6,5,11,33,89,102,19,243,16,38,54,297
01/10/2001,SHV,LA,ASW,CE,Towers with Radar,25,95,70,29,219,0,0,10,0,10,25,95,80,29,229,14,52,66,295
01/11/2001,SHV,LA,ASW,CE,Towers with Radar,22,92,72,6,192,0,0,2,0,2,22,92,74,6,194,6,0,6,200
01/12/2001,SHV,LA,ASW,CE,Towers with Radar,25,100,64,23,212,0,1,5,1,7,25,101,69,24,219,0,0,0,219
01/13/2001,SHV,LA,ASW,CE,Towers with Radar,26,59,19,14,118,0,0,0,0,0,26,59,19,14,118,0,0,0,118
01/14/2001,SHV,LA,ASW,CE,Towers with Radar,21,63,66,7,157,0,0,13,2,15,21,63,79,9,172,0,0,0,172
01/15/2001,SHV,LA,ASW,CE,Towers with Radar,18,80,69,3,170,0,1,26,0,27,18,81,95,3,197,0,0,0,197
01/16/2001,SHV,LA,ASW,CE,Towers with Radar,28,89,61,0,178,0,0,0,0,0,28,89,61,0,178,0,0,0,178
01/17/2001,SHV,LA,ASW,CE,Towers with Radar,28,78,62,0,168,0,0,0,0,0,28,78,62,0,168,0,0,0,168
01/18/2001,SHV,LA,ASW,CE,Towers with Radar,25,77,50,0,152,0,0,1,0,1,25,77,51,0,153,0,0,0,153
01/19/2001,SHV,LA,ASW,CE,Towers with Radar,26,82,48,6,162,0,0,4,0,4,26,82,52,6,166,8,4,12,178
01/20/2001,SHV,LA,ASW,CE,Towers with Radar,22,56,55,11,144,5,0,6,7,18,27,56,61,18,162,6,0,6,168
01/21/2001,SHV,LA,ASW,CE,Towers with Radar,13,53,23,16,105,0,0,10,1,11,13,53,33,17,116,18,6,24,140
01/22/2001,SHV,LA,ASW,CE,Towers with Radar,22,62,48,21,153,0,0,10,2,12,22,62,58,23,165,0,0,0,165
01/23/2001,SHV,LA,ASW,CE,Towers with Radar,20,104,59,13,196,0,0,13,1,14,20,104,72,14,210,64,34,98,308
01/24/2001,SHV,LA,ASW,CE,Towers with Radar,26,79,83,15,203,0,0,19,2,21,26,79,102,17,224,0,8,8,232
01/25/2001,SHV,LA,ASW,CE,Towers with Radar,26,85,83,9,203,0,0,16,2,18,26,85,99,11,221,6,10,16,237
01/26/2001,SHV,LA,ASW,CE,Towers with Radar,20,91,54,61,226,0,0,8,6,14,20,91,62,67,240,0,70,70,310
01/27/2001,SHV,LA,ASW,CE,Towers with Radar,24,66,31,18,139,0,1,24,5,30,24,67,55,23,169,10,12,22,191
01/28/2001,SHV,LA,ASW,CE,Towers with Radar,19,62,19,6,106,0,0,2,0,2,19,62,21,6,108,0,0,0,108
01/29/2001,SHV,LA,ASW,CE,Towers with Radar,16,72,34,4,126,0,0,0,0,0,16,72,34,4,126,6,0,6,132
01/30/2001,SHV,LA,ASW,CE,Towers with Radar,29,78,70,16,193,0,0,10,1,11,29,78,80,17,204,0,0,0,204
01/31/2001,SHV,LA,ASW,CE,Towers with Radar,24,109,92,16,241,0,0,14,2,16,24,109,106,18,257,46,0,46,303
02/01/2001,SHV,LA,ASW,CE,Towers with Radar,23,98,71,10,202,4,0,13,13,30,27,98,84,23,232,0,0,0,232
02/02/2001,SHV,LA,ASW,CE,Towers with Radar,23,93,71,9,196,0,0,11,18,29,23,93,82,27,225,12,0,12,237
02/03/2001,SHV,LA,ASW,CE,Towers with Radar,17,67,67,7,158,1,0,20,5,26,18,67,87,12,184,102,64,166,350
02/04/2001,SHV,LA,ASW,CE,Towers with Radar,16,73,61,22,172,1,0,23,2,26,17,73,84,24,198,0,0,0,198
02/05/2001,SHV,LA,ASW,CE,Towers with Radar,12,75,70,2,159,1,0,12,1,14,13,75,82,3,173,0,0,0,173
02/06/2001,SHV,LA,ASW,CE,Towers with Radar,21,92,43,3,159,1,0,16,0,17,22,92,59,3,176,12,2,14,190
02/07/2001,SHV,LA,ASW,CE,Towers with Radar,24,105,76,5,210,0,1,11,0,12,24,106,87,5,222,22,2,24,246
02/08/2001,SHV,LA,ASW,CE,Towers with Radar,20,98,77,18,213,0,1,8,7,16,20,99,85,25,229,0,16,16,245
02/09/2001,SHV,LA,ASW,CE,Towers with Radar,20,89,36,7,152,0,2,5,0,7,20,91,41,7,159,4,16,20,179
02/10/2001,SHV,LA,ASW,CE,Towers with Radar,20,73,55,5,153,0,1,15,2,18,20,74,70,7,171,4,0,4,175
02/11/2001,SHV,LA,ASW,CE,Towers with Radar,11,63,49,3,126,0,1,0,5,6,11,64,49,8,132,0,0,0,132
02/12/2001,SHV,LA,ASW,CE,Towers with Radar,10,68,47,3,128,0,1,0,0,1,10,69,47,3,129,0,0,0,129
02/13/2001,SHV,LA,ASW,CE,Towers with Radar,19,76,59,2,156,0,0,0,0,0,19,76,59,2,156,0,0,0,156
02/14/2001,SHV,LA,ASW,CE,Towers with Radar,21,104,64,4,193,0,1,10,0,11,21,105,74,4,204,8,2,10,214
02/15/2001,SHV,LA,ASW,CE,Towers with Radar,24,94,66,0,184,0,2,4,0,6,24,96,70,0,190,0,0,0,190
02/16/2001,SHV,LA,ASW,CE,Towers with Radar,17,82,41,1,141,0,1,1,0,2,17,83,42,1,143,0,0,0,143
02/17/2001,SHV,LA,ASW,CE,Towers with Radar,19,66,59,2,146,0,1,7,0,8,19,67,66,2,154,0,0,0,154
02/18/2001,SHV,LA,ASW,CE,Towers with Radar,16,78,47,2,143,0,1,15,1,17,16,79,62,3,160,0,0,0,160
02/19/2001,SHV,LA,ASW,CE,Towers with Radar,15,88,64,15,182,0,1,12,1,14,15,89,76,16,196,26,6,32,228
02/20/2001,SHV,LA,ASW,CE,Towers with Radar,30,86,65,22,203,0,1,7,2,10,30,87,72,24,213,20,12,32,245
02/21/2001,SHV,LA,ASW,CE,Towers with Radar,27,87,86,32,232,0,1,12,3,16,27,88,98,35,248,28,44,72,320
02/22/2001,SHV,LA,ASW,CE,Towers with Radar,25,105,84,24,238,0,1,2,1,4,25,106,86,25,242,0,0,0,242
02/23/2001,SHV,LA,ASW,CE,Towers with Radar,20,95,58,17,190,0,0,5,1,6,20,95,63,18,196,2,0,2,198
02/24/2001,SHV,LA,ASW,CE,Towers with Radar,39,80,24,0,143,0,0,1,0,1,39,80,25,0,144,0,0,0,144
02/25/2001,SHV,LA,ASW,CE,Towers with Radar,18,62,62,9,151,0,0,24,3,27,18,62,86,12,178,0,0,0,178
02/26/2001,SHV,LA,ASW,CE,Towers with Radar,18,69,58,5,150,0,0,7,0,7,18,69,65,5,157,0,0,0,157
02/27/2001,SHV,LA,ASW,CE,Towers with Radar,28,88,38,0,154,0,0,1,0,1,28,88,39,0,155,0,0,0,155
02/28/2001,SHV,LA,ASW,CE,Towers with Radar,16,102,63,1,182,0,0,2,0,2,16,102,65,1,184,0,0,0,184
03/01/2001,SHV,LA,ASW,CE,Towers with Radar,11,53,42,0,106,14,35,10,0,59,25,88,52,0,165,0,0,0,165
03/02/2001,SHV,LA,ASW,CE,Towers with Radar,18,86,47,1,152,1,2,4,0,7,19,88,51,1,159,2,0,2,161
03/03/2001,SHV,LA,ASW,CE,Towers with Radar,15,60,14,0,89,1,2,0,0,3,16,62,14,0,92,0,0,0,92
03/04/2001,SHV,LA,ASW,CE,Towers with Radar,11,71,64,12,158,1,2,16,5,24,12,73,80,17,182,14,0,14,196
03/05/2001,SHV,LA,ASW,CE,Towers with Radar,15,76,86,1,178,1,3,21,0,25,16,79,107,1,203,0,0,0,203
03/06/2001,SHV,LA,ASW,CE,Towers with Radar,23,89,83,15,210,5,0,26,10,41,28,89,109,25,251,34,0,34,285
03/07/2001,SHV,LA,ASW,CE,Towers with Radar,24,94,93,17,228,0,0,0,12,12,24,94,93,29,240,6,14,20,260
03/08/2001,SHV,LA,ASW,CE,Towers with Radar,18,100,67,27,212,1,2,8,0,11,19,102,75,27,223,18,0,18,241
03/09/2001,SHV,LA,ASW,CE,Towers with Radar,22,87,80,5,194,1,2,11,3,17,23,89,91,8,211,30,0,30,241
03/10/2001,SHV,LA,ASW,CE,Towers with Radar,15,57,64,11,147,0,0,51,13,64,15,57,115,24,211,10,44,54,265
03/11/2001,SHV,LA,ASW,CE,Towers with Radar,18,51,28,3,100,1,2,9,2,14,19,53,37,5,114,20,0,20,134
03/12/2001,SHV,LA,ASW,CE,Towers with Radar,15,84,36,22,157,1,2,8,1,12,16,86,44,23,169,0,32,32,201
03/13/2001,SHV,LA,ASW,CE,Towers with Radar,27,104,76,23,230,1,2,16,1,20,28,106,92,24,250,40,70,110,360
03/14/2001,SHV,LA,ASW,CE,Towers with Radar,28,98,65,1,192,1,2,9,1,13,29,100,74,2,205,24,0,24,229
03/15/2001,SHV,LA,ASW,CE,Towers with Radar,26,82,65,9,182,1,2,11,0,14,27,84,76,9,196,8,6,14,210
03/16/2001,SHV,LA,ASW,CE,Towers with Radar,22,105,92,12,231,1,2,19,1,23,23,107,111,13,254,10,4,14,268
03/17/2001,SHV,LA,ASW,CE,Towers with Radar,16,72,61,13,162,1,2,21,1,25,17,74,82,14,187,26,20,46,233
03/18/2001,SHV,LA,ASW,CE,Towers with Radar,10,60,52,12,134,1,2,8,0,11,11,62,60,12,145,14,0,14,159
03/19/2001,SHV,LA,ASW,CE,Towers with Radar,10,71,54,8,143,1,2,18,0,21,11,73,72,8,164,66,0,66,230
03/20/2001,SHV,LA,ASW,CE,Towers with Radar,16,103,69,31,219,1,2,8,0,11,17,105,77,31,230,0,40,40,270
03/21/2001,SHV,LA,ASW,CE,Towers with Radar,25,93,91,6,215,1,2,19,1,23,26,95,110,7,238,24,44,68,306
03/22/2001,SHV,LA,ASW,CE,Towers with Radar,17,110,100,13,240,1,2,13,0,16,18,112,113,13,256,14,0,14,270
03/23/2001,SHV,LA,ASW,CE,Towers with Radar,18,115,73,12,218,1,2,18,1,22,19,117,91,13,240,30,0,30,270
03/24/2001,SHV,LA,ASW,CE,Towers with Radar,13,78,39,3,133,1,2,0,0,3,14,80,39,3,136,0,0,0,136
03/25/2001,SHV,LA,ASW,CE,Towers with Radar,12,57,46,6,121,0,0,3,0,3,12,57,49,6,124,6,0,6,130
03/26/2001,SHV,LA,ASW,CE,Towers with Radar,11,81,62,11,165,0,0,0,8,8,11,81,62,19,173,16,0,16,189
03/27/2001,SHV,LA,ASW,CE,Towers with Radar,17,99,73,12,201,1,2,8,0,11,18,101,81,12,212,22,0,22,234
03/28/2001,SHV,LA,ASW,CE,Towers with Radar,25,115,64,7,211,0,3,0,0,3,25,118,64,7,214,0,0,0,214
03/29/2001,SHV,LA,ASW,CE,Towers with Radar,19,88,74,0,181,0,3,1,0,4,19,91,75,0,185,0,0,0,185
03/30/2001,SHV,LA,ASW,CE,Towers with Radar,26,93,64,22,205,0,3,10,0,13,26,96,74,22,218,0,6,6,224
03/31/2001,SHV,LA,ASW,CE,Towers with Radar,18,69,49,6,142,0,3,19,3,25,18,72,68,9,167,46,26,72,239
04/01/2001,SHV,LA,ASW,CE,Towers with Radar,16,67,52,9,144,0,1,11,6,18,16,68,63,15,162,0,0,0,162
04/02/2001,SHV,LA,ASW,CE,Towers with Radar,15,77,60,12,164,0,5,9,3,17,15,82,69,15,181,4,18,22,203
04/03/2001,SHV,LA,ASW,CE,Towers with Radar,20,85,66,13,184,0,16,11,5,32,20,101,77,18,216,0,0,0,216
04/04/2001,SHV,LA,ASW,CE,Towers with Radar,17,85,68,12,182,0,0,29,0,29,17,85,97,12,211,20,0,20,231
04/05/2001,SHV,LA,ASW,CE,Towers with Radar,27,104,85,15,231,0,0,9,0,9,27,104,94,15,240,10,18,28,268
04/06/2001,SHV,LA,ASW,CE,Towers with Radar,26,86,84,15,211,0,0,1,29,30,26,86,85,44,241,10,12,22,263
04/07/2001,SHV,LA,ASW,CE,Towers with Radar,17,68,52,5,142,8,5,19,0,32,25,73,71,5,174,6,0,6,180
04/08/2001,SHV,LA,ASW,CE,Towers with Radar,15,55,44,6,120,2,0,7,0,9,17,55,51,6,129,0,0,0,129
04/09/2001,SHV,LA,ASW,CE,Towers with Radar,14,80,70,12,176,0,0,5,0,5,14,80,75,12,181,0,0,0,181
04/10/2001,SHV,LA,ASW,CE,Towers with Radar,25,88,73,13,199,0,0,2,0,2,25,88,75,13,201,2,8,10,211
04/11/2001,SHV,LA,ASW,CE,Towers with Radar,30,105,85,7,227,0,0,16,1,17,30,105,101,8,244,12,0,12,256
04/12/2001,SHV,LA,ASW,CE,Towers with Radar,28,101,97,4,230,0,0,13,0,13,28,101,110,4,243,16,0,16,259
04/13/2001,SHV,LA,ASW,CE,Towers with Radar,22,86,66,11,185,11,15,0,8,34,33,101,66,19,219,2,18,20,239
04/14/2001,SHV,LA,ASW,CE,Towers with Radar,11,42,29,4,86,9,18,0,0,27,20,60,29,4,113,0,0,0,113
04/15/2001,SHV,LA,ASW,CE,Towers with Radar,12,45,34,6,97,5,17,4,2,28,17,62,38,8,125,8,0,8,133
04/16/2001,SHV,LA,ASW,CE,Towers with Radar,17,72,54,3,146,0,0,9,0,9,17,72,63,3,155,0,0,0,155
04/17/2001,SHV,LA,ASW,CE,Towers with Radar,28,91,63,9,191,0,7,13,2,22,28,98,76,11,213,38,0,38,251
04/18/2001,SHV,LA,ASW,CE,Towers with Radar,28,99,85,12,224,0,0,15,1,16,28,99,100,13,240,44,0,44,284
04/19/2001,SHV,LA,ASW,CE,Towers with Radar,23,96,71,23,213,0,0,14,3,17,23,96,85,26,230,12,0,12,242
04/20/2001,SHV,LA,ASW,CE,Towers with Radar,34,92,88,14,228,0,0,14,3,17,34,92,102,17,245,8,0,8,253
04/21/2001,SHV,LA,ASW,CE,Towers with Radar,18,67,39,5,129,0,0,8,1,9,18,67,47,6,138,0,0,0,138
04/22/2001,SHV,LA,ASW,CE,Towers with Radar,22,77,59,12,170,0,0,11,2,13,22,77,70,14,183,24,32,56,239
04/23/2001,SHV,LA,ASW,CE,Towers with Radar,16,76,40,3,135,0,0,3,0,3,16,76,43,3,138,0,0,0,138
04/24/2001,SHV,LA,ASW,CE,Towers with Radar,27,103,91,31,252,0,0,14,2,16,27,103,105,33,268,72,2,74,342
04/25/2001,SHV,LA,ASW,CE,Towers with Radar,32,98,100,29,259,0,0,13,8,21,32,98,113,37,280,0,26,26,306
04/26/2001,SHV,LA,ASW,CE,Towers with Radar,31,94,84,1,210,0,0,16,1,17,31,94,100,2,227,16,0,16,243
04/27/2001,SHV,LA,ASW,CE,Towers with Radar,24,99,81,14,218,0,0,0,5,5,24,99,81,19,223,6,2,8,231
04/28/2001,SHV,LA,ASW,CE,Towers with Radar,16,65,50,8,139,3,5,17,13,38,19,70,67,21,177,20,42,62,239
04/29/2001,SHV,LA,ASW,CE,Towers with Radar,11,65,51,5,132,0,2,19,0,21,11,67,70,5,153,14,30,44,197
04/30/2001,SHV,LA,ASW,CE,Towers with Radar,16,74,85,19,194,0,0,7,2,9,16,74,92,21,203,18,42,60,263
05/01/2001,SHV,LA,ASW,CE,Towers with Radar,23,96,61,20,200,0,0,0,1,1,23,96,61,21,201,54,4,58,259
05/02/2001,SHV,LA,ASW,CE,Towers with Radar,29,91,82,22,224,0,0,1,0,1,29,91,83,22,225,0,62,62,287
05/03/2001,SHV,LA,ASW,CE,Towers with Radar,24,92,60,18,194,1,0,19,7,27,25,92,79,25,221,30,4,34,255
05/04/2001,SHV,LA,ASW,CE,Towers with Radar,27,98,54,46,225,1,0,16,8,25,28,98,70,54,250,4,82,86,336
05/05/2001,SHV,LA,ASW,CE,Towers with Radar,17,66,20,7,110,1,0,6,3,10,18,66,26,10,120,2,104,106,226
05/06/2001,SHV,LA,ASW,CE,Towers with Radar,12,46,26,7,91,6,13,0,0,19,18,59,26,7,110,12,0,12,122
05/07/2001,SHV,LA,ASW,CE,Towers with Radar,13,48,33,1,95,0,24,15,0,39,13,72,48,1,134,12,8,20,154
05/08/2001,SHV,LA,ASW,CE,Towers with Radar,24,95,48,22,189,0,1,5,7,13,24,96,53,29,202,2,8,10,212
05/09/2001,SHV,LA,ASW,CE,Towers with Radar,28,94,59,23,204,0,1,27,3,31,28,95,86,26,235,36,26,62,297
05/10/2001,SHV,LA,ASW,CE,Towers with Radar,24,99,73,6,202,0,1,18,3,22,24,100,91,9,224,0,26,26,250
05/11/2001,SHV,LA,ASW,CE,Towers with Radar,19,99,69,54,241,0,1,19,5,25,19,100,88,59,266,26,20,46,312
05/12/2001,SHV,LA,ASW,CE,Towers with Radar,13,47,33,8,101,2,13,11,6,32,15,60,44,14,133,36,42,78,211
05/13/2001,SHV,LA,ASW,CE,Towers with Radar,17,54,48,24,143,0,1,6,4,11,17,55,54,28,154,0,0,0,154
05/14/2001,SHV,LA,ASW,CE,Towers with Radar,17,71,55,7,150,0,1,12,3,16,17,72,67,10,166,0,0,0,166
05/15/2001,SHV,LA,ASW,CE,Towers with Radar,25,88,71,16,200,0,0,16,0,16,25,88,87,16,216,22,8,30,246
05/16/2001,SHV,LA,ASW,CE,Towers with Radar,26,97,77,25,225,0,1,14,2,17,26,98,91,27,242,26,38,64,306
05/17/2001,SHV,LA,ASW,CE,Towers with Radar,17,80,92,14,203,0,1,8,2,11,17,81,100,16,214,24,12,36,250
05/18/2001,SHV,LA,ASW,CE,Towers with Radar,23,86,98,21,228,0,0,21,2,23,23,86,119,23,251,36,10,46,297
05/19/2001,SHV,LA,ASW,CE,Towers with Radar,25,58,47,22,152,0,0,14,4,18,25,58,61,26,170,14,30,44,214
05/20/2001,SHV,LA,ASW,CE,Towers with Radar,16,65,38,37,156,0,0,16,2,18,16,65,54,39,174,0,0,0,174
05/21/2001,SHV,LA,ASW,CE,Towers with Radar,15,69,34,1,119,0,0,8,4,12,15,69,42,5,131,0,0,0,131
05/22/2001,SHV,LA,ASW,CE,Towers with Radar,22,111,86,14,233,0,0,20,3,23,22,111,106,17,256,50,34,84,340
05/23/2001,SHV,LA,ASW,CE,Towers with Radar,24,94,95,50,263,0,0,18,3,21,24,94,113,53,284,22,38,60,344
05/24/2001,SHV,LA,ASW,CE,Towers with Radar,18,110,90,9,227,0,0,10,3,13,18,110,100,12,240,0,4,4,244
05/25/2001,SHV,LA,ASW,CE,Towers with Radar,25,84,56,6,171,0,0,19,5,24,25,84,75,11,195,14,0,14,209
05/26/2001,SHV,LA,ASW,CE,Towers with Radar,15,61,34,1,111,0,0,9,2,11,15,61,43,3,122,6,0,6,128
05/27/2001,SHV,LA,ASW,CE,Towers with Radar,17,52,9,4,82,0,3,2,4,9,17,55,11,8,91,0,0,0,91
05/28/2001,SHV,LA,ASW,CE,Towers with Radar,23,62,41,0,126,0,0,13,1,14,23,62,54,1,140,24,0,24,164
05/29/2001,SHV,LA,ASW,CE,Towers with Radar,16,74,47,5,142,0,0,10,4,14,16,74,57,9,156,14,0,14,170
05/30/2001,SHV,LA,ASW,CE,Towers with Radar,29,108,70,14,221,0,0,13,2,15,29,108,83,16,236,18,2,20,256
05/31/2001,SHV,LA,ASW,CE,Towers with Radar,27,79,34,6,146,0,0,9,4,13,27,79,43,10,159,16,0,16,175
06/01/2001,SHV,LA,ASW,CE,Towers with Radar,22,102,76,12,212,4,0,11,24,39,26,102,87,36,251,26,9,35,286
06/02/2001,SHV,LA,ASW,CE,Towers with Radar,13,68,44,2,127,7,0,34,0,41,20,68,78,2,168,30,12,42,210
06/03/2001,SHV,LA,ASW,CE,Towers with Radar,10,57,42,20,129,1,0,17,1,19,11,57,59,21,148,74,74,148,296
06/04/2001,SHV,LA,ASW,CE,Towers with Radar,9,101,66,6,182,1,0,23,2,26,10,101,89,8,208,0,0,0,208
06/05/2001,SHV,LA,ASW,CE,Towers with Radar,21,93,58,7,179,1,0,5,4,10,22,93,63,11,189,28,0,28,217
06/06/2001,SHV,LA,ASW,CE,Towers with Radar,17,95,37,0,149,1,0,0,0,1,18,95,37,0,150,0,0,0,150
06/07/2001,SHV,LA,ASW,CE,Towers with Radar,21,90,50,9,170,1,0,3,1,5,22,90,53,10,175,0,10,10,185
06/08/2001,SHV,LA,ASW,CE,Towers with Radar,16,90,35,4,145,1,1,2,1,5,17,91,37,5,150,0,0,0,150
06/09/2001,SHV,LA,ASW,CE,Towers with Radar,11,68,25,1,105,1,0,6,2,9,12,68,31,3,114,22,40,62,176
06/10/2001,SHV,LA,ASW,CE,Towers with Radar,8,74,42,15,139,1,0,7,1,9,9,74,49,16,148,8,20,28,176
06/11/2001,SHV,LA,ASW,CE,Towers with Radar,12,86,54,6,158,1,0,8,4,13,13,86,62,10,171,33,0,33,204
06/12/2001,SHV,LA,ASW,CE,Towers with Radar,16,104,67,14,201,1,0,24,0,25,17,104,91,14,226,72,0,72,298
06/13/2001,SHV,LA,ASW,CE,Towers with Radar,17,101,67,41,226,1,0,11,2,14,18,101,78,43,240,74,8,82,322
06/14/2001,SHV,LA,ASW,CE,Towers with Radar,19,95,66,11,191,1,1,17,5,24,20,96,83,16,215,20,6,26,241
06/15/2001,SHV,LA,ASW,CE,Towers with Radar,19,103,68,12,202,1,0,4,0,5,20,103,72,12,207,0,4,4,211
06/16/2001,SHV,LA,ASW,CE,Towers with Radar,13,81,49,8,151,1,0,11,5,17,14,81,60,13,168,28,0,28,196
06/17/2001,SHV,LA,ASW,CE,Towers with Radar,9,71,48,3,131,1,0,15,0,16,10,71,63,3,147,21,0,21,168
06/18/2001,SHV,LA,ASW,CE,Towers with Radar,7,79,50,8,144,1,0,14,0,15,8,79,64,8,159,10,0,10,169
06/19/2001,SHV,LA,ASW,CE,Towers with Radar,18,102,74,8,202,1,0,12,2,15,19,102,86,10,217,0,0,0,217
06/20/2001,SHV,LA,ASW,CE,Towers with Radar,19,104,60,5,188,0,1,6,0,7,19,105,66,5,195,4,0,4,199
06/21/2001,SHV,LA,ASW,CE,Towers with Radar,22,86,62,4,174,0,1,3,3,7,22,87,65,7,181,4,0,4,185
06/22/2001,SHV,LA,ASW,CE,Towers with Radar,21,91,90,13,215,0,3,8,4,15,21,94,98,17,230,10,0,10,240
06/23/2001,SHV,LA,ASW,CE,Towers with Radar,23,71,60,3,157,0,1,15,1,17,23,72,75,4,174,10,0,10,184
06/24/2001,SHV,LA,ASW,CE,Towers with Radar,12,65,69,4,150,0,1,12,3,16,12,66,81,7,166,34,6,40,206
06/25/2001,SHV,LA,ASW,CE,Towers with Radar,11,76,47,7,141,0,7,10,0,17,11,83,57,7,158,22,0,22,180
06/26/2001,SHV,LA,ASW,CE,Towers with Radar,26,93,50,3,172,0,1,9,2,12,26,94,59,5,184,18,0,18,202
06/27/2001,SHV,LA,ASW,CE,Towers with Radar,25,101,55,25,206,0,1,2,0,3,25,102,57,25,209,10,34,44,253
06/28/2001,SHV,LA,ASW,CE,Towers with Radar,21,96,53,19,189,0,1,8,1,10,21,97,61,20,199,18,28,46,245
06/29/2001,SHV,LA,ASW,CE,Towers with Radar,26,105,50,6,187,0,3,8,2,13,26,108,58,8,200,0,0,0,200
06/30/2001,SHV,LA,ASW,CE,Towers with Radar,17,72,23,0,112,0,1,2,3,6,17,73,25,3,118,0,0,0,118
07/01/2001,SHV,LA,ASW,CE,Towers with Radar,6,42,28,4,80,4,18,8,3,33,10,60,36,7,113,28,0,28,141
07/02/2001,SHV,LA,ASW,CE,Towers with Radar,12,70,50,6,138,1,0,2,0,3,13,70,52,6,141,6,10,16,157
07/03/2001,SHV,LA,ASW,CE,Towers with Radar,16,97,52,17,182,1,0,10,4,15,17,97,62,21,197,10,28,38,235
07/04/2001,SHV,LA,ASW,CE,Towers with Radar,12,65,32,10,119,1,0,5,2,8,13,65,37,12,127,0,26,26,153
07/05/2001,SHV,LA,ASW,CE,Towers with Radar,13,90,57,4,164,0,0,27,0,27,13,90,84,4,191,2,0,2,193
07/06/2001,SHV,LA,ASW,CE,Towers with Radar,21,104,79,21,225,1,1,14,1,17,22,105,93,22,242,22,16,38,280
07/07/2001,SHV,LA,ASW,CE,Towers with Radar,15,78,60,12,165,1,0,14,1,16,16,78,74,13,181,2,20,22,203
07/08/2001,SHV,LA,ASW,CE,Towers with Radar,7,69,44,3,123,0,4,23,0,27,7,73,67,3,150,10,0,10,160
07/09/2001,SHV,LA,ASW,CE,Towers with Radar,9,88,41,24,162,0,0,14,3,17,9,88,55,27,179,16,38,54,233
07/10/2001,SHV,LA,ASW,CE,Towers with Radar,18,106,56,6,186,0,0,13,3,16,18,106,69,9,202,14,0,14,216
07/11/2001,SHV,LA,ASW,CE,Towers with Radar,19,119,60,10,208,0,0,11,1,12,19,119,71,11,220,146,0,146,366
07/12/2001,SHV,LA,ASW,CE,Towers with Radar,22,110,76,9,217,0,0,4,3,7,22,110,80,12,224,0,0,0,224
07/13/2001,SHV,LA,ASW,CE,Towers with Radar,18,103,91,10,222,0,0,13,1,14,18,103,104,11,236,14,2,16,252
07/14/2001,SHV,LA,ASW,CE,Towers with Radar,16,74,55,2,147,0,0,10,3,13,16,74,65,5,160,22,0,22,182
07/15/2001,SHV,LA,ASW,CE,Towers with Radar,9,64,44,2,119,0,0,19,0,19,9,64,63,2,138,22,0,22,160
07/16/2001,SHV,LA,ASW,CE,Towers with Radar,8,85,52,18,163,0,0,4,5,9,8,85,56,23,172,8,52,60,232
07/17/2001,SHV,LA,ASW,CE,Towers with Radar,14,110,88,18,230,0,0,11,4,15,14,110,99,22,245,10,34,44,289
07/18/2001,SHV,LA,ASW,CE,Towers with Radar,20,100,63,16,199,0,0,10,4,14,20,100,73,20,213,32,2,34,247
07/19/2001,SHV,LA,ASW,CE,Towers with Radar,25,112,76,1,214,0,0,17,3,20,25,112,93,4,234,22,0,22,256
07/20/2001,SHV,LA,ASW,CE,Towers with Radar,21,99,62,30,212,0,1,12,3,16,21,100,74,33,228,32,46,78,306
07/21/2001,SHV,LA,ASW,CE,Towers with Radar,18,78,54,9,159,0,0,5,5,10,18,78,59,14,169,0,0,0,169
07/22/2001,SHV,LA,ASW,CE,Towers with Radar,10,77,50,19,156,0,0,6,2,8,10,77,56,21,164,0,14,14,178
07/23/2001,SHV,LA,ASW,CE,Towers with Radar,7,89,50,29,175,0,0,9,3,12,7,89,59,32,187,0,66,66,253
07/24/2001,SHV,LA,ASW,CE,Towers with Radar,16,110,80,20,226,0,0,9,3,12,16,110,89,23,238,0,34,34,272
07/25/2001,SHV,LA,ASW,CE,Towers with Radar,22,116,79,4,221,0,2,12,3,17,22,118,91,7,238,32,2,34,272
07/26/2001,SHV,LA,ASW,CE,Towers with Radar,20,99,70,45,234,0,0,8,9,17,20,99,78,54,251,14,56,70,321
07/27/2001,SHV,LA,ASW,CE,Towers with Radar,18,105,55,2,180,0,0,9,1,10,18,105,64,3,190,10,0,10,200
07/28/2001,SHV,LA,ASW,CE,Towers with Radar,15,74,36,0,125,0,0,7,2,9,15,74,43,2,134,22,2,24,158
07/29/2001,SHV,LA,ASW,CE,Towers with Radar,7,55,25,5,92,0,0,6,1,7,7,55,31,6,99,8,0,8,107
07/30/2001,SHV,LA,ASW,CE,Towers with Radar,6,86,45,2,139,0,0,17,4,21,6,86,62,6,160,8,0,8,168
07/31/2001,SHV,LA,ASW,CE,Towers with Radar,16,100,79,0,195,0,0,11,4,15,16,100,90,4,210,6,0,6,216
08/01/2001,SHV,LA,ASW,CE,Towers with Radar,14,94,56,18,182,1,2,22,21,46,15,96,78,39,228,6,38,44,272
08/02/2001,SHV,LA,ASW,CE,Towers with Radar,17,100,69,6,192,0,0,15,0,15,17,100,84,6,207,14,16,30,237
08/03/2001,SHV,LA,ASW,CE,Towers with Radar,15,89,58,11,173,1,1,6,1,9,16,90,64,12,182,0,6,6,188
08/04/2001,SHV,LA,ASW,CE,Towers with Radar,17,84,26,11,138,1,1,6,1,9,18,85,32,12,147,12,0,12,159
08/05/2001,SHV,LA,ASW,CE,Towers with Radar,10,68,43,3,124,1,0,20,0,21,11,68,63,3,145,14,0,14,159
08/06/2001,SHV,LA,ASW,CE,Towers with Radar,9,96,47,16,168,1,1,4,0,6,10,97,51,16,174,36,6,42,216
08/07/2001,SHV,LA,ASW,CE,Towers with Radar,19,120,47,16,202,1,1,5,1,8,20,121,52,17,210,10,44,54,264
08/08/2001,SHV,LA,ASW,CE,Towers with Radar,24,112,69,26,231,1,0,16,1,18,25,112,85,27,249,22,66,88,337
08/09/2001,SHV,LA,ASW,CE,Towers with Radar,17,104,83,20,224,0,1,14,5,20,17,105,97,25,244,10,28,38,282
08/10/2001,SHV,LA,ASW,CE,Towers with Radar,17,107,62,19,205,3,2,0,39,44,20,109,62,58,249,0,44,44,293
08/11/2001,SHV,LA,ASW,CE,Towers with Radar,22,73,47,27,169,0,1,12,1,14,22,74,59,28,183,8,6,14,197
08/12/2001,SHV,LA,ASW,CE,Towers with Radar,8,73,26,11,118,0,1,5,1,7,8,74,31,12,125,12,0,12,137
08/13/2001,SHV,LA,ASW,CE,Towers with Radar,10,93,23,22,148,0,1,5,1,7,10,94,28,23,155,0,4,4,159
08/14/2001,SHV,LA,ASW,CE,Towers with Radar,17,122,50,25,214,0,1,5,3,9,17,123,55,28,223,2,30,32,255
08/15/2001,SHV,LA,ASW,CE,Towers with Radar,17,110,88,32,247,0,1,22,0,23,17,111,110,32,270,54,50,104,374
08/16/2001,SHV,LA,ASW,CE,Towers with Radar,16,106,55,12,189,0,1,1,0,2,16,107,56,12,191,0,2,2,193
08/17/2001,SHV,LA,ASW,CE,Towers with Radar,17,108,50,20,195,0,1,2,2,5,17,109,52,22,200,0,4,4,204
08/18/2001,SHV,LA,ASW,CE,Towers with Radar,15,74,35,30,154,0,1,2,1,4,15,75,37,31,158,0,0,0,158
08/19/2001,SHV,LA,ASW,CE,Towers with Radar,9,68,50,16,143,0,1,6,0,7,9,69,56,16,150,20,0,20,170
08/20/2001,SHV,LA,ASW,CE,Towers with Radar,9,89,51,26,175,0,1,15,2,18,9,90,66,28,193,20,48,68,261
08/21/2001,SHV,LA,ASW,CE,Towers with Radar,14,98,55,3,170,0,1,13,0,14,14,99,68,3,184,28,0,28,212
08/22/2001,SHV,LA,ASW,CE,Towers with Radar,12,91,60,12,175,0,1,9,4,14,12,92,69,16,189,0,16,16,205
08/23/2001,SHV,LA,ASW,CE,Towers with Radar,21,107,80,24,232,0,1,16,0,17,21,108,96,24,249,48,12,60,309
08/24/2001,SHV,LA,ASW,CE,Towers with Radar,14,105,64,27,210,0,1,7,0,8,14,106,71,27,218,14,40,54,272
08/25/2001,SHV,LA,ASW,CE,Towers with Radar,15,64,75,22,176,0,1,6,1,8,15,65,81,23,184,24,0,24,208
08/26/2001,SHV,LA,ASW,CE,Towers with Radar,11,58,38,13,120,0,0,10,7,17,11,58,48,20,137,0,0,0,137
08/27/2001,SHV,LA,ASW,CE,Towers with Radar,9,94,38,0,141,0,1,1,0,2,9,95,39,0,143,0,0,0,143
08/28/2001,SHV,LA,ASW,CE,Towers with Radar,25,103,44,7,179,0,2,13,0,15,25,105,57,7,194,12,16,28,222
08/29/2001,SHV,LA,ASW,CE,Towers with Radar,18,92,68,7,185,0,2,3,0,5,18,94,71,7,190,4,0,4,194
08/30/2001,SHV,LA,ASW,CE,Towers with Radar,22,104,50,16,192,0,1,5,2,8,22,105,55,18,200,0,0,0,200
08/31/2001,SHV,LA,ASW,CE,Towers with Radar,13,101,46,1,161,0,2,4,0,6,13,103,50,1,167,2,0,2,169
09/01/2001,SHV,LA,ASW,CE,Towers with Radar,6,40,19,0,65,5,36,0,0,41,11,76,19,0,106,6,0,6,112
09/02/2001,SHV,LA,ASW,CE,Towers with Radar,8,49,22,0,79,1,0,6,0,7,9,49,28,0,86,6,0,6,92
09/03/2001,SHV,LA,ASW,CE,Towers with Radar,4,61,19,7,91,1,0,4,2,7,5,61,23,9,98,4,12,16,114
09/04/2001,SHV,LA,ASW,CE,Towers with Radar,9,79,40,6,134,0,8,0,0,8,9,87,40,6,142,0,0,0,142
09/05/2001,SHV,LA,ASW,CE,Towers with Radar,18,89,52,0,159,1,0,17,0,18,19,89,69,0,177,10,0,10,187
09/06/2001,SHV,LA,ASW,CE,Towers with Radar,16,95,40,6,157,1,0,6,3,10,17,95,46,9,167,14,8,22,189
09/07/2001,SHV,LA,ASW,CE,Towers with Radar,15,90,53,9,167,0,0,12,8,20,15,90,65,17,187,16,24,40,227
09/08/2001,SHV,LA,ASW,CE,Towers with Radar,12,91,27,31,161,1,0,8,3,12,13,91,35,34,173,10,10,20,193
09/09/2001,SHV,LA,ASW,CE,Towers with Radar,9,87,47,13,156,1,11,12,2,26,10,98,59,15,182,0,0,0,182
09/10/2001,SHV,LA,ASW,CE,Towers with Radar,7,110,61,9,187,1,0,8,1,10,8,110,69,10,197,14,12,26,223
09/11/2001,SHV,LA,ASW,CE,Towers with Radar,13,35,21,0,69,1,0,5,0,6,14,35,26,0,75,4,0,4,79
09/12/2001,SHV,LA,ASW,CE,Towers with Radar,0,0,2,0,2,0,0,1,1,2,0,0,3,1,4,0,0,0,4
09/13/2001,SHV,LA,ASW,CE,Towers with Radar,1,22,3,0,26,1,0,0,1,2,2,22,3,1,28,0,0,0,28
09/14/2001,SHV,LA,ASW,CE,Towers with Radar,20,84,11,17,132,1,0,0,1,2,21,84,11,18,134,0,0,0,134
09/15/2001,SHV,LA,ASW,CE,Towers with Radar,10,68,40,9,127,1,0,0,3,4,11,68,40,12,131,0,0,0,131
09/16/2001,SHV,LA,ASW,CE,Towers with Radar,13,69,17,15,114,1,0,1,0,2,14,69,18,15,116,0,0,0,116
09/17/2001,SHV,LA,ASW,CE,Towers with Radar,10,85,35,4,134,0,0,0,0,0,10,85,35,4,134,0,0,0,134
09/18/2001,SHV,LA,ASW,CE,Towers with Radar,25,111,39,2,177,1,0,0,0,1,26,111,39,2,178,0,0,0,178
09/19/2001,SHV,LA,ASW,CE,Towers with Radar,28,120,43,8,199,1,0,0,2,3,29,120,43,10,202,14,2,16,218
09/20/2001,SHV,LA,ASW,CE,Towers with Radar,24,93,43,3,163,1,0,7,1,9,25,93,50,4,172,0,0,0,172
09/21/2001,SHV,LA,ASW,CE,Towers with Radar,17,94,41,3,155,1,0,12,0,13,18,94,53,3,168,0,0,0,168
09/22/2001,SHV,LA,ASW,CE,Towers with Radar,11,60,41,0,112,1,0,7,3,11,12,60,48,3,123,0,6,6,129
09/23/2001,SHV,LA,ASW,CE,Towers with Radar,13,64,27,3,107,1,0,1,0,2,14,64,28,3,109,0,12,12,121
09/24/2001,SHV,LA,ASW,CE,Towers with Radar,9,67,47,0,123,1,0,9,0,10,10,67,56,0,133,2,0,2,135
09/25/2001,SHV,LA,ASW,CE,Towers with Radar,18,90,41,30,179,0,0,10,0,10,18,90,51,30,189,50,22,72,261
09/26/2001,SHV,LA,ASW,CE,Towers with Radar,23,89,70,19,201,0,0,10,1,11,23,89,80,20,212,30,4,34,246
09/27/2001,SHV,LA,ASW,CE,Towers with Radar,23,83,89,3,198,0,0,17,2,19,23,83,106,5,217,18,8,26,243
09/28/2001,SHV,LA,ASW,CE,Towers with Radar,25,100,70,2,197,0,0,7,0,7,25,100,77,2,204,0,2,2,206
09/29/2001,SHV,LA,ASW,CE,Towers with Radar,11,65,57,0,133,0,0,7,0,7,11,65,64,0,140,24,0,24,164
09/30/2001,SHV,LA,ASW,CE,Towers with Radar,14,46,54,2,116,0,0,5,1,6,14,46,59,3,122,6,0,6,128
10/01/2001,SHV,LA,ASW,CE,Towers with Radar,10,70,57,11,148,0,0,4,3,7,10,70,61,14,155,8,36,44,199
10/02/2001,SHV,LA,ASW,CE,Towers with Radar,21,75,53,10,159,0,27,15,16,58,21,102,68,26,217,54,34,88,305
10/03/2001,SHV,LA,ASW,CE,Towers with Radar,18,89,75,6,188,0,0,6,3,9,18,89,81,9,197,22,8,30,227
10/04/2001,SHV,LA,ASW,CE,Towers with Radar,25,101,61,29,216,0,0,10,2,12,25,101,71,31,228,32,24,56,284
10/05/2001,SHV,LA,ASW,CE,Towers with Radar,24,81,35,0,140,0,0,5,2,7,24,81,40,2,147,8,0,8,155
10/06/2001,SHV,LA,ASW,CE,Towers with Radar,16,66,60,3,145,0,0,7,2,9,16,66,67,5,154,0,0,0,154
10/07/2001,SHV,LA,ASW,CE,Towers with Radar,13,62,44,1,120,0,0,7,0,7,13,62,51,1,127,0,0,0,127
10/08/2001,SHV,LA,ASW,CE,Towers with Radar,9,63,50,13,135,0,0,19,3,22,9,63,69,16,157,24,6,30,187
10/09/2001,SHV,LA,ASW,CE,Towers with Radar,26,88,58,9,181,0,0,7,2,9,26,88,65,11,190,0,14,14,204
10/10/2001,SHV,LA,ASW,CE,Towers with Radar,21,121,64,4,210,0,0,5,1,6,21,121,69,5,216,4,14,18,234
10/11/2001,SHV,LA,ASW,CE,Towers with Radar,17,95,32,0,144,0,0,2,1,3,17,95,34,1,147,0,0,0,147
10/12/2001,SHV,LA,ASW,CE,Towers with Radar,19,116,66,5,206,0,0,5,2,7,19,116,71,7,213,0,0,0,213
10/13/2001,SHV,LA,ASW,CE,Towers with Radar,11,41,18,4,74,26,24,0,0,50,37,65,18,4,124,0,0,0,124
10/14/2001,SHV,LA,ASW,CE,Towers with Radar,16,55,46,0,117,0,0,16,5,21,16,55,62,5,138,68,49,117,255
10/15/2001,SHV,LA,ASW,CE,Towers with Radar,13,86,52,19,170,0,0,8,5,13,13,86,60,24,183,6,26,32,215
10/16/2001,SHV,LA,ASW,CE,Towers with Radar,27,98,64,19,208,0,0,16,7,23,27,98,80,26,231,2,34,36,267
10/17/2001,SHV,LA,ASW,CE,Towers with Radar,28,95,86,51,260,0,0,6,3,9,28,95,92,54,269,4,90,94,363
10/18/2001,SHV,LA,ASW,CE,Towers with Radar,21,89,69,3,182,0,0,9,1,10,21,89,78,4,192,0,10,10,202
10/19/2001,SHV,LA,ASW,CE,Towers with Radar,24,103,79,41,247,0,0,10,6,16,24,103,89,47,263,42,20,62,325
10/20/2001,SHV,LA,ASW,CE,Towers with Radar,16,69,41,15,141,0,0,7,5,12,16,69,48,20,153,4,6,10,163
10/21/2001,SHV,LA,ASW,CE,Towers with Radar,14,67,54,1,136,0,0,8,2,10,14,67,62,3,146,8,8,16,162
10/22/2001,SHV,LA,ASW,CE,Towers with Radar,15,75,71,2,163,0,0,5,6,11,15,75,76,8,174,2,0,2,176
10/23/2001,SHV,LA,ASW,CE,Towers with Radar,24,93,78,3,198,0,0,11,1,12,24,93,89,4,210,8,14,22,232
10/24/2001,SHV,LA,ASW,CE,Towers with Radar,27,92,79,7,205,0,0,6,5,11,27,92,85,12,216,0,4,4,220
10/25/2001,SHV,LA,ASW,CE,Towers with Radar,28,88,76,8,200,0,0,7,2,9,28,88,83,10,209,4,24,28,237
10/26/2001,SHV,LA,ASW,CE,Towers with Radar,24,86,61,13,184,0,0,15,6,21,24,86,76,19,205,10,16,26,231
10/27/2001,SHV,LA,ASW,CE,Towers with Radar,16,56,45,8,125,3,0,22,3,28,19,56,67,11,153,24,0,24,177
10/28/2001,SHV,LA,ASW,CE,Towers with Radar,15,44,54,31,144,0,0,15,7,22,15,44,69,38,166,12,0,12,178
10/29/2001,SHV,LA,ASW,CE,Towers with Radar,10,66,66,23,165,0,0,18,5,23,10,66,84,28,188,48,0,48,236
10/30/2001,SHV,LA,ASW,CE,Towers with Radar,25,90,70,2,187,0,0,13,0,13,25,90,83,2,200,50,0,50,250
10/31/2001,SHV,LA,ASW,CE,Towers with Radar,20,95,56,22,193,0,0,6,6,12,20,95,62,28,205,10,28,38,243
11/01/2001,SHV,LA,ASW,CE,Towers with Radar,24,98,49,12,183,5,0,0,42,47,29,98,49,54,230,2,64,66,296
11/02/2001,SHV,LA,ASW,CE,Towers with Radar,20,97,41,10,168,2,0,0,16,18,22,97,41,26,186,0,0,0,186
11/03/2001,SHV,LA,ASW,CE,Towers with Radar,12,63,28,14,117,0,1,20,8,29,12,64,48,22,146,8,2,10,156
11/04/2001,SHV,LA,ASW,CE,Towers with Radar,12,69,31,8,120,0,1,7,2,10,12,70,38,10,130,14,12,26,156
11/05/2001,SHV,LA,ASW,CE,Towers with Radar,9,91,55,47,202,0,1,7,9,17,9,92,62,56,219,148,16,164,383
11/06/2001,SHV,LA,ASW,CE,Towers with Radar,16,99,71,6,192,0,1,13,0,14,16,100,84,6,206,6,6,12,218
11/07/2001,SHV,LA,ASW,CE,Towers with Radar,19,80,75,14,188,0,1,8,0,9,19,81,83,14,197,52,34,86,283
11/08/2001,SHV,LA,ASW,CE,Towers with Radar,32,99,70,11,212,0,1,14,0,15,32,100,84,11,227,0,0,0,227
11/09/2001,SHV,LA,ASW,CE,Towers with Radar,20,109,65,10,204,0,1,16,0,17,20,110,81,10,221,20,6,26,247
11/10/2001,SHV,LA,ASW,CE,Towers with Radar,13,71,32,1,117,0,1,4,0,5,13,72,36,1,122,14,0,14,136
11/11/2001,SHV,LA,ASW,CE,Towers with Radar,8,55,44,7,114,0,2,8,1,11,8,57,52,8,125,16,0,16,141
11/12/2001,SHV,LA,ASW,CE,Towers with Radar,7,61,35,4,107,0,1,17,1,19,7,62,52,5,126,0,8,8,134
11/13/2001,SHV,LA,ASW,CE,Towers with Radar,19,86,42,12,159,0,1,9,2,12,19,87,51,14,171,4,18,22,193
11/14/2001,SHV,LA,ASW,CE,Towers with Radar,24,91,67,13,195,0,1,13,2,16,24,92,80,15,211,4,22,26,237
11/15/2001,SHV,LA,ASW,CE,Towers with Radar,20,111,66,13,210,0,6,9,2,17,20,117,75,15,227,18,38,56,283
11/16/2001,SHV,LA,ASW,CE,Towers with Radar,22,96,84,10,212,0,3,9,4,16,22,99,93,14,228,10,8,18,246
11/17/2001,SHV,LA,ASW,CE,Towers with Radar,15,59,51,1,126,0,0,13,0,13,15,59,64,1,139,0,0,0,139
11/18/2001,SHV,LA,ASW,CE,Towers with Radar,10,72,39,8,129,0,0,10,3,13,10,72,49,11,142,12,0,12,154
11/19/2001,SHV,LA,ASW,CE,Towers with Radar,4,74,56,3,137,0,0,7,0,7,4,74,63,3,144,6,0,6,150
11/20/2001,SHV,LA,ASW,CE,Towers with Radar,22,89,61,6,178,1,1,18,0,20,23,90,79,6,198,28,0,28,226
11/21/2001,SHV,LA,ASW,CE,Towers with Radar,22,91,82,3,198,0,0,13,2,15,22,91,95,5,213,0,32,32,245
11/22/2001,SHV,LA,ASW,CE,Towers with Radar,15,67,32,0,114,0,0,4,0,4,15,67,36,0,118,16,0,16,134
11/23/2001,SHV,LA,ASW,CE,Towers with Radar,13,52,46,1,112,0,0,5,1,6,13,52,51,2,118,0,0,0,118
11/24/2001,SHV,LA,ASW,CE,Towers with Radar,16,54,24,0,94,0,2,13,0,15,16,56,37,0,109,4,0,4,113
11/25/2001,SHV,LA,ASW,CE,Towers with Radar,13,67,38,1,119,0,0,10,0,10,13,67,48,1,129,8,0,8,137
11/26/2001,SHV,LA,ASW,CE,Towers with Radar,6,76,50,16,148,0,0,8,1,9,6,76,58,17,157,4,18,22,179
11/27/2001,SHV,LA,ASW,CE,Towers with Radar,20,105,33,2,160,0,0,4,0,4,20,105,37,2,164,4,6,10,174
11/28/2001,SHV,LA,ASW,CE,Towers with Radar,20,80,21,0,121,0,0,2,0,2,20,80,23,0,123,0,0,0,123
11/29/2001,SHV,LA,ASW,CE,Towers with Radar,20,90,28,0,138,0,0,3,0,3,20,90,31,0,141,0,0,0,141
11/30/2001,SHV,LA,ASW,CE,Towers with Radar,21,108,61,14,204,0,0,8,3,11,21,108,69,17,215,0,8,8,223
12/01/2001,SHV,LA,ASW,CE,Towers with Radar,15,83,60,8,166,0,0,19,5,24,15,83,79,13,190,0,20,20,210
12/02/2001,SHV,LA,ASW,CE,Towers with Radar,13,70,45,6,134,0,3,25,25,53,13,73,70,31,187,0,12,12,199
12/03/2001,SHV,LA,ASW,CE,Towers with Radar,5,75,65,11,156,0,2,15,5,22,5,77,80,16,178,4,14,18,196
12/04/2001,SHV,LA,ASW,CE,Towers with Radar,23,80,66,21,190,0,2,10,1,13,23,82,76,22,203,18,38,56,259
12/05/2001,SHV,LA,ASW,CE,Towers with Radar,20,83,65,10,178,0,0,8,8,16,20,83,73,18,194,2,0,2,196
12/06/2001,SHV,LA,ASW,CE,Towers with Radar,20,94,48,4,166,0,1,7,1,9,20,95,55,5,175,0,12,12,187
12/07/2001,SHV,LA,ASW,CE,Towers with Radar,19,93,30,12,154,0,1,5,1,7,19,94,35,13,161,0,4,4,165
12/08/2001,SHV,LA,ASW,CE,Towers with Radar,16,56,27,2,101,0,1,4,0,5,16,57,31,2,106,0,0,0,106
12/09/2001,SHV,LA,ASW,CE,Towers with Radar,13,59,42,21,135,1,1,14,5,21,14,60,56,26,156,12,12,24,180
12/10/2001,SHV,LA,ASW,CE,Towers with Radar,10,87,65,6,168,0,1,12,7,20,10,88,77,13,188,20,24,44,232
12/11/2001,SHV,LA,ASW,CE,Towers with Radar,17,79,60,5,161,0,0,0,0,0,17,79,60,5,161,6,0,6,167
12/12/2001,SHV,LA,ASW,CE,Towers with Radar,20,79,33,0,132,0,1,1,0,2,20,80,34,0,134,0,0,0,134
12/13/2001,SHV,LA,ASW,CE,Towers with Radar,19,91,48,2,160,0,1,1,0,2,19,92,49,2,162,0,0,0,162
12/14/2001,SHV,LA,ASW,CE,Towers with Radar,18,98,58,64,238,0,1,15,8,24,18,99,73,72,262,74,18,92,354
12/15/2001,SHV,LA,ASW,CE,Towers with Radar,12,59,36,3,110,8,11,0,0,19,20,70,36,3,129,18,0,18,147
12/16/2001,SHV,LA,ASW,CE,Towers with Radar,14,50,11,0,75,0,1,0,1,2,14,51,11,1,77,0,0,0,77
12/17/2001,SHV,LA,ASW,CE,Towers with Radar,6,69,38,0,113,0,1,1,1,3,6,70,39,1,116,0,0,0,116
12/18/2001,SHV,LA,ASW,CE,Towers with Radar,19,91,55,8,173,2,7,0,0,9,21,98,55,8,182,2,0,2,184
12/19/2001,SHV,LA,ASW,CE,Towers with Radar,24,90,72,14,200,0,1,9,4,14,24,91,81,18,214,0,28,28,242
12/20/2001,SHV,LA,ASW,CE,Towers with Radar,22,98,90,11,221,0,1,5,4,10,22,99,95,15,231,0,22,22,253
12/21/2001,SHV,LA,ASW,CE,Towers with Radar,18,105,77,6,206,0,1,10,1,12,18,106,87,7,218,10,14,24,242
12/22/2001,SHV,LA,ASW,CE,Towers with Radar,23,62,30,0,115,0,1,4,1,6,23,63,34,1,121,0,0,0,121
12/23/2001,SHV,LA,ASW,CE,Towers with Radar,17,50,26,3,96,0,1,7,2,10,17,51,33,5,106,0,0,0,106
12/24/2001,SHV,LA,ASW,CE,Towers with Radar,7,63,29,0,99,0,1,12,6,19,7,64,41,6,118,0,0,0,118
12/25/2001,SHV,LA,ASW,CE,Towers with Radar,7,62,27,0,96,0,2,3,0,5,7,64,30,0,101,0,0,0,101
12/26/2001,SHV,LA,ASW,CE,Towers with Radar,20,94,62,4,180,0,1,12,5,18,20,95,74,9,198,0,0,0,198
12/27/2001,SHV,LA,ASW,CE,Towers with Radar,17,86,68,3,174,0,1,20,4,25,17,87,88,7,199,12,20,32,231
12/28/2001,SHV,LA,ASW,CE,Towers with Radar,23,98,93,15,229,0,1,16,3,20,23,99,109,18,249,24,8,32,281
12/29/2001,SHV,LA,ASW,CE,Towers with Radar,15,61,31,0,107,0,2,8,1,11,15,63,39,1,118,14,2,16,134
12/30/2001,SHV,LA,ASW,CE,Towers with Radar,12,52,31,2,97,0,1,3,3,7,12,53,34,5,104,8,0,8,112
12/31/2001,SHV,LA,ASW,CE,Towers with Radar,6,48,26,1,81,0,1,4,3,8,6,49,30,4,89,0,0,0,89
01/01/2002,SHV,LA,ASW,CE,Towers with Radar,8,44,27,1,80,1,21,7,0,29,9,65,34,1,109,0,0,0,109
01/02/2002,SHV,LA,ASW,CE,Towers with Radar,8,52,31,6,97,0,22,4,8,34,8,74,35,14,131,4,20,24,155
01/03/2002,SHV,LA,ASW,CE,Towers with Radar,15,89,54,6,164,0,0,9,2,11,15,89,63,8,175,6,6,12,187
01/04/2002,SHV,LA,ASW,CE,Towers with Radar,20,89,57,13,179,0,0,9,7,16,20,89,66,20,195,14,18,32,227
01/05/2002,SHV,LA,ASW,CE,Towers with Radar,16,70,16,0,102,0,0,0,4,4,16,70,16,4,106,12,0,12,118
01/06/2002,SHV,LA,ASW,CE,Towers with Radar,13,70,45,15,143,1,0,7,2,10,14,70,52,17,153,0,2,2,155
01/07/2002,SHV,LA,ASW,CE,Towers with Radar,7,79,71,0,157,0,0,5,4,9,7,79,76,4,166,0,0,0,166
01/08/2002,SHV,LA,ASW,CE,Towers with Radar,21,88,64,13,186,0,0,8,3,11,21,88,72,16,197,12,12,24,221
01/09/2002,SHV,LA,ASW,CE,Towers with Radar,16,103,62,23,204,0,0,1,6,7,16,103,63,29,211,18,12,30,241
01/10/2002,SHV,LA,ASW,CE,Towers with Radar,23,101,51,2,177,0,0,6,1,7,23,101,57,3,184,16,0,16,200
01/11/2002,SHV,LA,ASW,CE,Towers with Radar,18,97,60,4,179,0,0,13,1,14,18,97,73,5,193,18,0,18,211
01/12/2002,SHV,LA,ASW,CE,Towers with Radar,14,76,46,1,137,0,0,13,0,13,14,76,59,1,150,14,8,22,172
01/13/2002,SHV,LA,ASW,CE,Towers with Radar,12,60,44,7,123,0,0,16,14,30,12,60,60,21,153,48,8,56,209
01/14/2002,SHV,LA,ASW,CE,Towers with Radar,5,69,44,10,128,0,0,14,3,17,5,69,58,13,145,18,2,20,165
01/15/2002,SHV,LA,ASW,CE,Towers with Radar,17,84,57,30,188,0,0,18,3,21,17,84,75,33,209,8,83,91,300
01/16/2002,SHV,LA,ASW,CE,Towers with Radar,23,83,59,26,191,0,0,6,6,12,23,83,65,32,203,0,36,36,239
01/17/2002,SHV,LA,ASW,CE,Towers with Radar,19,97,68,11,195,0,0,3,0,3,19,97,71,11,198,0,0,0,198
01/18/2002,SHV,LA,ASW,CE,Towers with Radar,13,78,38,6,135,0,0,1,0,1,13,78,39,6,136,0,0,0,136
01/19/2002,SHV,LA,ASW,CE,Towers with Radar,12,53,31,0,96,0,0,1,4,5,12,53,32,4,101,6,0,6,107
01/20/2002,SHV,LA,ASW,CE,Towers with Radar,9,68,42,5,124,0,0,10,8,18,9,68,52,13,142,28,6,34,176
01/21/2002,SHV,LA,ASW,CE,Towers with Radar,6,69,53,16,144,0,0,17,5,22,6,69,70,21,166,36,0,36,202
01/22/2002,SHV,LA,ASW,CE,Towers with Radar,23,76,46,25,170,0,0,2,3,5,23,76,48,28,175,18,48,66,241
01/23/2002,SHV,LA,ASW,CE,Towers with Radar,23,96,59,9,187,0,0,5,0,5,23,96,64,9,192,0,0,0,192
01/24/2002,SHV,LA,ASW,CE,Towers with Radar,21,100,37,0,158,0,0,0,0,0,21,100,37,0,158,0,0,0,158
01/25/2002,SHV,LA,ASW,CE,Towers with Radar,19,82,48,1,150,0,0,11,5,16,19,82,59,6,166,18,0,18,184
01/26/2002,SHV,LA,ASW,CE,Towers with Radar,14,78,45,4,141,0,0,5,4,9,14,78,50,8,150,18,2,20,170
01/27/2002,SHV,LA,ASW,CE,Towers with Radar,7,63,61,10,141,0,0,10,4,14,7,63,71,14,155,22,2,24,179
01/28/2002,SHV,LA,ASW,CE,Towers with Radar,7,95,43,0,145,0,0,3,0,3,7,95,46,0,148,0,0,0,148
01/29/2002,SHV,LA,ASW,CE,Towers with Radar,21,89,50,15,175,0,0,3,4,7,21,89,53,19,182,8,2,10,192
01/30/2002,SHV,LA,ASW,CE,Towers with Radar,18,107,49,8,182,0,0,9,6,15,18,107,58,14,197,18,6,24,221
01/31/2002,SHV,LA,ASW,CE,Towers with Radar,19,100,48,4,171,0,0,0,4,4,19,100,48,8,175,20,0,20,195
02/01/2002,SHV,LA,ASW,CE,Towers with Radar,16,93,58,6,173,10,1,10,0,21,26,94,68,6,194,10,0,10,204
02/02/2002,SHV,LA,ASW,CE,Towers with Radar,11,64,36,6,117,2,3,0,0,5,13,67,36,6,122,10,0,10,132
02/03/2002,SHV,LA,ASW,CE,Towers with Radar,13,56,42,4,115,1,2,5,1,9,14,58,47,5,124,8,0,8,132
02/04/2002,SHV,LA,ASW,CE,Towers with Radar,7,73,53,20,153,1,3,4,2,10,8,76,57,22,163,28,16,44,207
02/05/2002,SHV,LA,ASW,CE,Towers with Radar,17,81,15,3,116,1,2,0,1,4,18,83,15,4,120,0,0,0,120
02/06/2002,SHV,LA,ASW,CE,Towers with Radar,18,93,38,18,167,1,2,0,2,5,19,95,38,20,172,0,0,0,172
02/07/2002,SHV,LA,ASW,CE,Towers with Radar,20,97,66,17,200,1,2,15,2,20,21,99,81,19,220,60,24,84,304
02/08/2002,SHV,LA,ASW,CE,Towers with Radar,22,105,69,20,216,1,2,12,3,18,23,107,81,23,234,32,14,46,280
02/09/2002,SHV,LA,ASW,CE,Towers with Radar,12,88,35,2,137,1,2,4,4,11,13,90,39,6,148,64,12,76,224
02/10/2002,SHV,LA,ASW,CE,Towers with Radar,12,61,51,0,124,1,2,8,2,13,13,63,59,2,137,8,0,8,145
02/11/2002,SHV,LA,ASW,CE,Towers with Radar,8,73,56,14,151,1,2,15,4,22,9,75,71,18,173,64,0,64,237
02/12/2002,SHV,LA,ASW,CE,Towers with Radar,27,90,72,18,207,0,3,11,4,18,27,93,83,22,225,56,22,78,303
02/13/2002,SHV,LA,ASW,CE,Towers with Radar,21,99,63,2,185,0,3,8,5,16,21,102,71,7,201,62,12,74,275
02/14/2002,SHV,LA,ASW,CE,Towers with Radar,24,104,78,7,213,0,0,13,0,13,24,104,91,7,226,10,4,14,240
02/15/2002,SHV,LA,ASW,CE,Towers with Radar,21,106,70,14,211,0,4,13,2,19,21,110,83,16,230,18,2,20,250
02/16/2002,SHV,LA,ASW,CE,Towers with Radar,13,84,48,15,160,0,3,6,7,16,13,87,54,22,176,12,0,12,188
02/17/2002,SHV,LA,ASW,CE,Towers with Radar,15,75,57,3,150,0,3,18,4,25,15,78,75,7,175,14,0,14,189
02/18/2002,SHV,LA,ASW,CE,Towers with Radar,8,87,45,10,150,0,3,12,7,22,8,90,57,17,172,12,0,12,184
02/19/2002,SHV,LA,ASW,CE,Towers with Radar,16,93,32,4,145,0,4,0,1,5,16,97,32,5,150,12,0,12,162
02/20/2002,SHV,LA,ASW,CE,Towers with Radar,17,91,50,22,180,0,4,10,2,16,17,95,60,24,196,12,44,56,252
02/21/2002,SHV,LA,ASW,CE,Towers with Radar,22,96,71,17,206,1,0,23,11,35,23,96,94,28,241,2,52,54,295
02/22/2002,SHV,LA,ASW,CE,Towers with Radar,15,112,59,19,205,0,5,9,2,16,15,117,68,21,221,12,10,22,243
02/23/2002,SHV,LA,ASW,CE,Towers with Radar,12,69,62,4,147,0,3,30,0,33,12,72,92,4,180,32,8,40,220
02/24/2002,SHV,LA,ASW,CE,Towers with Radar,13,67,43,10,133,1,3,7,19,30,14,70,50,29,163,0,0,0,163
02/25/2002,SHV,LA,ASW,CE,Towers with Radar,6,74,34,0,114,0,4,4,0,8,6,78,38,0,122,0,0,0,122
02/26/2002,SHV,LA,ASW,CE,Towers with Radar,20,81,44,28,173,0,2,5,6,13,20,83,49,34,186,2,80,82,268
02/27/2002,SHV,LA,ASW,CE,Towers with Radar,25,88,60,35,208,0,2,10,12,24,25,90,70,47,232,2,92,94,326
02/28/2002,SHV,LA,ASW,CE,Towers with Radar,19,81,62,8,170,0,0,10,0,10,19,81,72,8,180,2,12,14,194
03/01/2002,SHV,LA,ASW,CE,Towers with Radar,11,56,33,1,101,6,31,5,0,42,17,87,38,1,143,8,2,10,153
03/02/2002,SHV,LA,ASW,CE,Towers with Radar,6,35,12,1,54,9,15,0,0,24,15,50,12,1,78,6,0,6,84
03/03/2002,SHV,LA,ASW,CE,Towers with Radar,11,56,31,9,107,1,0,12,0,13,12,56,43,9,120,6,4,10,130
03/04/2002,SHV,LA,ASW,CE,Towers with Radar,6,64,44,10,124,1,0,15,3,19,7,64,59,13,143,6,6,12,155
03/05/2002,SHV,LA,ASW,CE,Towers with Radar,21,86,66,1,174,1,0,14,1,16,22,86,80,2,190,14,2,16,206
03/06/2002,SHV,LA,ASW,CE,Towers with Radar,18,95,71,4,188,1,0,6,2,9,19,95,77,6,197,0,0,0,197
03/07/2002,SHV,LA,ASW,CE,Towers with Radar,19,79,53,9,160,0,0,0,6,6,19,79,53,15,166,0,24,24,190
03/08/2002,SHV,LA,ASW,CE,Towers with Radar,21,95,51,38,205,1,0,6,4,11,22,95,57,42,216,0,6,6,222
03/09/2002,SHV,LA,ASW,CE,Towers with Radar,10,54,30,9,103,1,0,4,2,7,11,54,34,11,110,2,20,22,132
03/10/2002,SHV,LA,ASW,CE,Towers with Radar,11,57,39,6,113,0,0,7,17,24,11,57,46,23,137,12,14,26,163
03/11/2002,SHV,LA,ASW,CE,Towers with Radar,7,70,29,10,116,0,0,6,2,8,7,70,35,12,124,6,30,36,160
03/12/2002,SHV,LA,ASW,CE,Towers with Radar,19,77,57,10,163,0,0,8,2,10,19,77,65,12,173,0,0,0,173
03/13/2002,SHV,LA,ASW,CE,Towers with Radar,25,86,88,18,217,0,0,14,4,18,25,86,102,22,235,14,50,64,299
03/14/2002,SHV,LA,ASW,CE,Towers with Radar,25,85,67,6,183,0,0,9,0,9,25,85,76,6,192,0,0,0,192
03/15/2002,SHV,LA,ASW,CE,Towers with Radar,20,116,45,5,186,0,0,9,3,12,20,116,54,8,198,16,0,16,214
03/16/2002,SHV,LA,ASW,CE,Towers with Radar,13,60,42,3,118,0,0,4,1,5,13,60,46,4,123,0,0,0,123
03/17/2002,SHV,LA,ASW,CE,Towers with Radar,13,56,25,0,94,0,0,2,0,2,13,56,27,0,96,0,0,0,96
03/18/2002,SHV,LA,ASW,CE,Towers with Radar,4,83,35,5,127,0,0,7,1,8,4,83,42,6,135,0,0,0,135
03/19/2002,SHV,LA,ASW,CE,Towers with Radar,37,93,63,5,198,0,0,7,1,8,37,93,70,6,206,12,0,12,218
03/20/2002,SHV,LA,ASW,CE,Towers with Radar,26,86,56,3,171,0,0,2,0,2,26,86,58,3,173,0,0,0,173
03/21/2002,SHV,LA,ASW,CE,Towers with Radar,25,106,81,2,214,0,1,12,0,13,25,107,93,2,227,18,2,20,247
03/22/2002,SHV,LA,ASW,CE,Towers with Radar,25,95,73,5,198,0,0,15,5,20,25,95,88,10,218,14,0,14,232
03/23/2002,SHV,LA,ASW,CE,Towers with Radar,12,54,39,4,109,0,0,15,5,20,12,54,54,9,129,24,0,24,153
03/24/2002,SHV,LA,ASW,CE,Towers with Radar,12,55,38,5,110,0,0,7,0,7,12,55,45,5,117,8,0,8,125
03/25/2002,SHV,LA,ASW,CE,Towers with Radar,8,75,35,13,131,0,0,3,0,3,8,75,38,13,134,8,0,8,142
03/26/2002,SHV,LA,ASW,CE,Towers with Radar,24,102,37,15,178,0,0,3,0,3,24,102,40,15,181,2,34,36,217
03/27/2002,SHV,LA,ASW,CE,Towers with Radar,21,87,66,8,182,0,0,14,5,19,21,87,80,13,201,2,0,2,203
03/28/2002,SHV,LA,ASW,CE,Towers with Radar,20,82,53,1,156,0,0,13,0,13,20,82,66,1,169,14,0,14,183
03/29/2002,SHV,LA,ASW,CE,Towers with Radar,19,76,33,5,133,0,0,5,3,8,19,76,38,8,141,14,4,18,159
03/30/2002,SHV,LA,ASW,CE,Towers with Radar,12,50,9,1,72,0,0,1,2,3,12,50,10,3,75,0,4,4,79
03/31/2002,SHV,LA,ASW,CE,Towers with Radar,8,55,18,1,82,0,0,1,0,1,8,55,19,1,83,16,6,22,105
04/01/2002,SHV,LA,ASW,CE,Towers with Radar,6,83,66,14,169,0,0,2,0,2,6,83,68,14,171,0,0,0,171
04/02/2002,SHV,LA,ASW,CE,Towers with Radar,17,83,58,14,172,0,0,5,6,11,17,83,63,20,183,18,20,38,221
04/03/2002,SHV,LA,ASW,CE,Towers with Radar,21,95,71,2,189,1,1,10,7,19,22,96,81,9,208,18,0,18,226
04/04/2002,SHV,LA,ASW,CE,Towers with Radar,20,76,46,4,146,1,1,7,6,15,21,77,53,10,161,26,5,31,192
04/05/2002,SHV,LA,ASW,CE,Towers with Radar,18,81,54,7,160,1,0,4,0,5,19,81,58,7,165,0,0,0,165
04/06/2002,SHV,LA,ASW,CE,Towers with Radar,12,50,47,19,128,1,1,7,6,15,13,51,54,25,143,14,32,46,189
04/07/2002,SHV,LA,ASW,CE,Towers with Radar,24,59,29,2,114,1,1,10,5,17,25,60,39,7,131,0,0,0,131
04/08/2002,SHV,LA,ASW,CE,Towers with Radar,8,67,25,1,101,1,1,2,1,5,9,68,27,2,106,0,0,0,106
04/09/2002,SHV,LA,ASW,CE,Towers with Radar,20,87,70,4,181,1,4,9,1,15,21,91,79,5,196,0,0,0,196
04/10/2002,SHV,LA,ASW,CE,Towers with Radar,19,87,71,12,189,0,2,21,5,28,19,89,92,17,217,18,6,24,241
04/11/2002,SHV,LA,ASW,CE,Towers with Radar,23,90,60,26,199,0,2,11,2,15,23,92,71,28,214,4,12,16,230
04/12/2002,SHV,LA,ASW,CE,Towers with Radar,17,85,66,6,174,0,2,10,3,15,17,87,76,9,189,2,4,6,195
04/13/2002,SHV,LA,ASW,CE,Towers with Radar,11,41,27,12,91,0,2,19,3,24,11,43,46,15,115,6,6,12,127
04/14/2002,SHV,LA,ASW,CE,Towers with Radar,10,64,44,5,123,0,2,13,4,19,10,66,57,9,142,4,2,6,148
04/15/2002,SHV,LA,ASW,CE,Towers with Radar,6,96,38,11,151,0,2,8,11,21,6,98,46,22,172,10,7,17,189
04/16/2002,SHV,LA,ASW,CE,Towers with Radar,25,90,60,38,213,0,2,4,4,10,25,92,64,42,223,4,76,80,303
04/17/2002,SHV,LA,ASW,CE,Towers with Radar,32,111,51,23,217,0,2,8,9,19,32,113,59,32,236,16,42,58,294
04/18/2002,SHV,LA,ASW,CE,Towers with Radar,21,94,99,31,245,0,2,11,4,17,21,96,110,35,262,2,60,62,324
04/19/2002,SHV,LA,ASW,CE,Towers with Radar,24,75,63,20,182,0,1,13,3,17,24,76,76,23,199,12,32,44,243
04/20/2002,SHV,LA,ASW,CE,Towers with Radar,18,59,40,9,126,0,1,16,4,21,18,60,56,13,147,38,6,44,191
04/21/2002,SHV,LA,ASW,CE,Towers with Radar,11,61,43,8,123,0,1,11,5,17,11,62,54,13,140,0,0,0,140
04/22/2002,SHV,LA,ASW,CE,Towers with Radar,9,78,33,24,144,0,1,5,5,11,9,79,38,29,155,0,36,36,191
04/23/2002,SHV,LA,ASW,CE,Towers with Radar,22,99,58,10,189,0,1,6,4,11,22,100,64,14,200,0,0,0,200
04/24/2002,SHV,LA,ASW,CE,Towers with Radar,24,88,55,1,168,0,1,11,5,17,24,89,66,6,185,14,0,14,199
04/25/2002,SHV,LA,ASW,CE,Towers with Radar,27,103,38,10,178,0,1,12,3,16,27,104,50,13,194,26,0,26,220
04/26/2002,SHV,LA,ASW,CE,Towers with Radar,17,81,67,32,197,0,1,13,4,18,17,82,80,36,215,27,46,73,288
04/27/2002,SHV,LA,ASW,CE,Towers with Radar,14,51,22,17,104,0,1,13,1,15,14,52,35,18,119,30,12,42,161
04/28/2002,SHV,LA,ASW,CE,Towers with Radar,17,58,31,6,112,0,1,11,3,15,17,59,42,9,127,0,0,0,127
04/29/2002,SHV,LA,ASW,CE,Towers with Radar,8,68,39,2,117,0,1,6,2,9,8,69,45,4,126,38,0,38,164
04/30/2002,SHV,LA,ASW,CE,Towers with Radar,18,91,42,15,166,0,1,12,3,16,18,92,54,18,182,0,16,16,198
05/01/2002,SHV,LA,ASW,CE,Towers with Radar,15,85,57,5,162,9,15,17,1,42,24,100,74,6,204,8,16,24,228
05/02/2002,SHV,LA,ASW,CE,Towers with Radar,17,95,63,6,181,4,10,25,0,39,21,105,88,6,220,6,0,6,226
05/03/2002,SHV,LA,ASW,CE,Towers with Radar,20,78,36,2,136,1,0,3,1,5,21,78,39,3,141,0,0,0,141
05/04/2002,SHV,LA,ASW,CE,Towers with Radar,13,56,44,3,116,1,0,3,1,5,14,56,47,4,121,0,0,0,121
05/05/2002,SHV,LA,ASW,CE,Towers with Radar,11,69,62,8,150,1,0,5,3,9,12,69,67,11,159,0,4,4,163
05/06/2002,SHV,LA,ASW,CE,Towers with Radar,6,86,59,0,151,1,0,11,0,12,7,86,70,0,163,2,0,2,165
05/07/2002,SHV,LA,ASW,CE,Towers with Radar,22,82,66,9,179,1,0,8,7,16,23,82,74,16,195,4,0,4,199
05/08/2002,SHV,LA,ASW,CE,Towers with Radar,16,78,56,0,150,1,0,4,1,6,17,78,60,1,156,4,0,4,160
05/09/2002,SHV,LA,ASW,CE,Towers with Radar,26,97,67,14,204,1,2,9,4,16,27,99,76,18,220,4,16,20,240
05/10/2002,SHV,LA,ASW,CE,Towers with Radar,27,122,47,23,219,1,1,4,3,9,28,123,51,26,228,4,22,26,254
05/11/2002,SHV,LA,ASW,CE,Towers with Radar,7,55,45,7,114,1,1,5,6,13,8,56,50,13,127,4,0,4,131
05/12/2002,SHV,LA,ASW,CE,Towers with Radar,10,55,50,11,126,1,0,3,0,4,11,55,53,11,130,0,6,6,136
05/13/2002,SHV,LA,ASW,CE,Towers with Radar,7,75,72,7,161,0,0,7,1,8,7,75,79,8,169,5,0,5,174
05/14/2002,SHV,LA,ASW,CE,Towers with Radar,17,91,67,2,177,0,0,13,0,13,17,91,80,2,190,14,2,16,206
05/15/2002,SHV,LA,ASW,CE,Towers with Radar,21,109,54,8,192,0,9,0,8,17,21,118,54,16,209,28,12,40,249
05/16/2002,SHV,LA,ASW,CE,Towers with Radar,23,100,57,12,192,0,0,5,5,10,23,100,62,17,202,21,10,31,233
05/17/2002,SHV,LA,ASW,CE,Towers with Radar,32,79,34,5,150,0,0,1,3,4,32,79,35,8,154,0,8,8,162
05/18/2002,SHV,LA,ASW,CE,Towers with Radar,15,57,40,8,120,0,0,4,1,5,15,57,44,9,125,0,8,8,133
05/19/2002,SHV,LA,ASW,CE,Towers with Radar,14,56,52,1,123,0,0,5,4,9,14,56,57,5,132,0,0,0,132
05/20/2002,SHV,LA,ASW,CE,Towers with Radar,6,62,57,0,125,0,0,19,2,21,6,62,76,2,146,24,0,24,170
05/21/2002,SHV,LA,ASW,CE,Towers with Radar,22,84,58,6,170,0,0,14,4,18,22,84,72,10,188,22,6,28,216
05/22/2002,SHV,LA,ASW,CE,Towers with Radar,19,98,76,0,193,0,0,17,1,18,19,98,93,1,211,14,2,16,227
05/23/2002,SHV,LA,ASW,CE,Towers with Radar,15,91,74,6,186,0,0,12,4,16,15,91,86,10,202,25,0,25,227
05/24/2002,SHV,LA,ASW,CE,Towers with Radar,22,89,58,20,189,0,0,10,5,15,22,89,68,25,204,4,24,28,232
05/25/2002,SHV,LA,ASW,CE,Towers with Radar,12,52,35,0,99,0,0,8,0,8,12,52,43,0,107,26,0,26,133
05/26/2002,SHV,LA,ASW,CE,Towers with Radar,10,43,41,3,97,0,0,5,4,9,10,43,46,7,106,0,0,0,106
05/27/2002,SHV,LA,ASW,CE,Towers with Radar,4,55,25,2,86,0,0,9,4,13,4,55,34,6,99,10,20,30,129
05/28/2002,SHV,LA,ASW,CE,Towers with Radar,8,73,58,2,141,0,0,12,3,15,8,73,70,5,156,0,0,0,156
05/29/2002,SHV,LA,ASW,CE,Towers with Radar,19,89,53,0,161,0,0,4,2,6,19,89,57,2,167,10,0,10,177
05/30/2002,SHV,LA,ASW,CE,Towers with Radar,14,74,49,3,140,0,4,0,0,4,14,78,49,3,144,0,6,6,150
05/31/2002,SHV,LA,ASW,CE,Towers with Radar,19,89,46,10,164,0,0,9,4,13,19,89,55,14,177,20,12,32,209
06/01/2002,SHV,LA,ASW,CE,Towers with Radar,13,58,43,5,119,0,0,24,0,24,13,58,67,5,143,8,7,15,158
06/02/2002,SHV,LA,ASW,CE,Towers with Radar,12,57,50,0,119,1,2,5,0,8,13,59,55,0,127,6,0,6,133
06/03/2002,SHV,LA,ASW,CE,Towers with Radar,7,74,42,5,128,1,0,6,1,8,8,74,48,6,136,10,4,14,150
06/04/2002,SHV,LA,ASW,CE,Towers with Radar,18,77,61,9,165,1,0,12,1,14,19,77,73,10,179,0,24,24,203
06/05/2002,SHV,LA,ASW,CE,Towers with Radar,18,78,52,10,158,1,0,9,8,18,19,78,61,18,176,2,10,12,188
06/06/2002,SHV,LA,ASW,CE,Towers with Radar,13,94,55,26,188,1,0,10,6,17,14,94,65,32,205,1,2,3,208
06/07/2002,SHV,LA,ASW,CE,Towers with Radar,17,82,69,57,225,1,0,13,7,21,18,82,82,64,246,22,88,110,356
06/08/2002,SHV,LA,ASW,CE,Towers with Radar,10,63,34,7,114,1,0,6,5,12,11,63,40,12,126,2,6,8,134
06/09/2002,SHV,LA,ASW,CE,Towers with Radar,13,61,34,0,108,1,0,3,0,4,14,61,37,0,112,7,0,7,119
06/10/2002,SHV,LA,ASW,CE,Towers with Radar,5,89,43,7,144,1,0,5,2,8,6,89,48,9,152,7,24,31,183
06/11/2002,SHV,LA,ASW,CE,Towers with Radar,22,77,62,7,168,1,0,4,3,8,23,77,66,10,176,10,0,10,186
06/12/2002,SHV,LA,ASW,CE,Towers with Radar,18,94,77,12,201,1,0,15,6,22,19,94,92,18,223,14,12,26,249
06/13/2002,SHV,LA,ASW,CE,Towers with Radar,28,105,65,8,206,2,0,8,7,17,30,105,73,15,223,0,0,0,223
06/14/2002,SHV,LA,ASW,CE,Towers with Radar,19,115,51,37,222,1,0,9,12,22,20,115,60,49,244,14,32,46,290
06/15/2002,SHV,LA,ASW,CE,Towers with Radar,12,66,49,6,133,0,3,9,4,16,12,69,58,10,149,18,0,18,167
06/16/2002,SHV,LA,ASW,CE,Towers with Radar,13,56,40,20,129,0,1,4,7,12,13,57,44,27,141,0,0,0,141
06/17/2002,SHV,LA,ASW,CE,Towers with Radar,6,77,54,8,145,0,1,8,4,13,6,78,62,12,158,46,0,46,204
06/18/2002,SHV,LA,ASW,CE,Towers with Radar,18,70,65,3,156,0,1,16,0,17,18,71,81,3,173,3,0,3,176
06/19/2002,SHV,LA,ASW,CE,Towers with Radar,19,101,60,1,181,0,2,15,13,30,19,103,75,14,211,24,0,24,235
06/20/2002,SHV,LA,ASW,CE,Towers with Radar,24,102,74,38,238,0,1,4,9,14,24,103,78,47,252,10,30,40,292
06/21/2002,SHV,LA,ASW,CE,Towers with Radar,25,83,62,34,204,0,1,15,6,22,25,84,77,40,226,4,16,20,246
06/22/2002,SHV,LA,ASW,CE,Towers with Radar,14,51,48,6,119,0,3,10,3,16,14,54,58,9,135,6,0,6,141
06/23/2002,SHV,LA,ASW,CE,Towers with Radar,15,56,34,18,123,0,0,5,4,9,15,56,39,22,132,4,10,14,146
06/24/2002,SHV,LA,ASW,CE,Towers with Radar,7,68,38,0,113,0,3,8,5,16,7,71,46,5,129,4,0,4,133
06/25/2002,SHV,LA,ASW,CE,Towers with Radar,14,85,33,14,146,0,0,8,5,13,14,85,41,19,159,6,20,26,185
06/26/2002,SHV,LA,ASW,CE,Towers with Radar,18,77,43,1,139,0,1,6,7,14,18,78,49,8,153,6,0,6,159
06/27/2002,SHV,LA,ASW,CE,Towers with Radar,24,101,52,0,177,1,0,6,6,13,25,101,58,6,190,0,0,0,190
06/28/2002,SHV,LA,ASW,CE,Towers with Radar,19,99,46,14,178,0,1,4,2,7,19,100,50,16,185,0,0,0,185
06/29/2002,SHV,LA,ASW,CE,Towers with Radar,15,68,23,10,116,0,0,3,2,5,15,68,26,12,121,0,0,0,121
06/30/2002,SHV,LA,ASW,CE,Towers with Radar,18,62,28,3,111,0,1,8,1,10,18,63,36,4,121,2,0,2,123
07/01/2002,SHV,LA,ASW,CE,Towers with Radar,15,72,48,7,142,3,4,2,25,34,18,76,50,32,176,6,52,58,234
07/02/2002,SHV,LA,ASW,CE,Towers with Radar,17,81,57,6,161,1,0,20,0,21,18,81,77,6,182,0,0,0,182
07/03/2002,SHV,LA,ASW,CE,Towers with Radar,21,86,57,1,165,0,3,4,6,13,21,89,61,7,178,12,0,12,190
07/04/2002,SHV,LA,ASW,CE,Towers with Radar,9,54,34,2,99,0,1,10,3,14,9,55,44,5,113,7,0,7,120
07/05/2002,SHV,LA,ASW,CE,Towers with Radar,11,53,49,0,113,0,0,7,0,7,11,53,56,0,120,12,0,12,132
07/06/2002,SHV,LA,ASW,CE,Towers with Radar,14,54,29,3,100,0,0,10,0,10,14,54,39,3,110,10,14,24,134
07/07/2002,SHV,LA,ASW,CE,Towers with Radar,13,70,54,1,138,0,2,13,1,16,13,72,67,2,154,4,2,6,160
07/08/2002,SHV,LA,ASW,CE,Towers with Radar,7,77,58,21,163,0,0,14,8,22,7,77,72,29,185,16,36,52,237
07/09/2002,SHV,LA,ASW,CE,Towers with Radar,17,82,52,4,155,0,0,13,1,14,17,82,65,5,169,4,0,4,173
07/10/2002,SHV,LA,ASW,CE,Towers with Radar,26,96,64,10,196,0,1,10,5,16,26,97,74,15,212,0,6,6,218
07/11/2002,SHV,LA,ASW,CE,Towers with Radar,16,86,62,21,185,0,2,8,6,16,16,88,70,27,201,8,0,8,209
07/12/2002,SHV,LA,ASW,CE,Towers with Radar,30,100,45,22,197,0,0,6,2,8,30,100,51,24,205,9,12,21,226
07/13/2002,SHV,LA,ASW,CE,Towers with Radar,10,49,32,5,96,7,12,0,0,19,17,61,32,5,115,0,0,0,115
07/14/2002,SHV,LA,ASW,CE,Towers with Radar,12,63,38,13,126,0,0,6,3,9,12,63,44,16,135,0,0,0,135
07/15/2002,SHV,LA,ASW,CE,Towers with Radar,7,79,46,6,138,0,0,4,0,4,7,79,50,6,142,0,0,0,142
07/16/2002,SHV,LA,ASW,CE,Towers with Radar,22,101,47,11,181,0,0,5,0,5,22,101,52,11,186,0,0,0,186
07/17/2002,SHV,LA,ASW,CE,Towers with Radar,23,91,54,6,174,0,0,6,6,12,23,91,60,12,186,0,0,0,186
07/18/2002,SHV,LA,ASW,CE,Towers with Radar,18,92,65,8,183,0,0,11,19,30,18,92,76,27,213,24,2,26,239
07/19/2002,SHV,LA,ASW,CE,Towers with Radar,21,79,38,18,156,0,0,13,5,18,21,79,51,23,174,6,0,6,180
07/20/2002,SHV,LA,ASW,CE,Towers with Radar,13,65,49,6,133,0,0,10,2,12,13,65,59,8,145,4,0,4,149
07/21/2002,SHV,LA,ASW,CE,Towers with Radar,8,60,37,3,108,0,0,8,2,10,8,60,45,5,118,4,0,4,122
07/22/2002,SHV,LA,ASW,CE,Towers with Radar,4,70,38,2,114,0,0,10,0,10,4,70,48,2,124,6,0,6,130
07/23/2002,SHV,LA,ASW,CE,Towers with Radar,17,81,61,6,165,0,0,11,4,15,17,81,72,10,180,14,0,14,194
07/24/2002,SHV,LA,ASW,CE,Towers with Radar,17,91,78,2,188,0,0,11,0,11,17,91,89,2,199,2,20,22,221
07/25/2002,SHV,LA,ASW,CE,Towers with Radar,16,100,74,10,200,0,0,10,0,10,16,100,84,10,210,2,0,2,212
07/26/2002,SHV,LA,ASW,CE,Towers with Radar,21,90,76,11,198,0,0,14,0,14,21,90,90,11,212,12,0,12,224
07/27/2002,SHV,LA,ASW,CE,Towers with Radar,13,64,52,7,136,0,0,16,0,16,13,64,68,7,152,0,0,0,152
07/28/2002,SHV,LA,ASW,CE,Towers with Radar,9,66,38,8,121,0,2,8,2,12,9,68,46,10,133,16,0,16,149
07/29/2002,SHV,LA,ASW,CE,Towers with Radar,7,80,50,1,138,0,0,15,5,20,7,80,65,6,158,0,0,0,158
07/30/2002,SHV,LA,ASW,CE,Towers with Radar,19,97,49,2,167,0,0,11,4,15,19,97,60,6,182,12,0,12,194
07/31/2002,SHV,LA,ASW,CE,Towers with Radar,20,99,65,9,193,8,13,8,4,33,28,112,73,13,226,10,0,10,236
08/01/2002,SHV,LA,ASW,CE,Towers with Radar,18,93,62,13,186,0,0,8,6,14,18,93,70,19,200,6,0,6,206
08/02/2002,SHV,LA,ASW,CE,Towers with Radar,19,94,58,12,183,3,0,23,4,30,22,94,81,16,213,28,11,39,252
08/03/2002,SHV,LA,ASW,CE,Towers with Radar,15,56,30,21,122,1,1,4,4,10,16,57,34,25,132,0,12,12,144
08/04/2002,SHV,LA,ASW,CE,Towers with Radar,10,61,35,12,118,1,1,4,1,7,11,62,39,13,125,6,0,6,131
08/05/2002,SHV,LA,ASW,CE,Towers with Radar,7,79,40,27,153,1,1,8,3,13,8,80,48,30,166,13,44,57,223
08/06/2002,SHV,LA,ASW,CE,Towers with Radar,17,97,63,4,181,1,1,16,3,21,18,98,79,7,202,0,12,12,214
08/07/2002,SHV,LA,ASW,CE,Towers with Radar,20,109,40,5,174,1,1,1,3,6,21,110,41,8,180,0,0,0,180
08/08/2002,SHV,LA,ASW,CE,Towers with Radar,20,99,64,5,188,1,1,9,6,17,21,100,73,11,205,6,0,6,211
08/09/2002,SHV,LA,ASW,CE,Towers with Radar,19,91,45,29,184,1,1,4,2,8,20,92,49,31,192,6,44,50,242
08/10/2002,SHV,LA,ASW,CE,Towers with Radar,22,75,40,24,161,0,4,5,2,11,22,79,45,26,172,14,7,21,193
08/11/2002,SHV,LA,ASW,CE,Towers with Radar,15,75,46,11,147,0,0,0,9,9,15,75,46,20,156,4,2,6,162
08/12/2002,SHV,LA,ASW,CE,Towers with Radar,7,87,24,4,122,0,2,4,1,7,7,89,28,5,129,8,6,14,143
08/13/2002,SHV,LA,ASW,CE,Towers with Radar,25,109,43,0,177,0,2,3,1,6,25,111,46,1,183,0,0,0,183
08/14/2002,SHV,LA,ASW,CE,Towers with Radar,17,109,49,1,176,0,2,5,2,9,17,111,54,3,185,0,0,0,185
08/15/2002,SHV,LA,ASW,CE,Towers with Radar,19,105,53,0,177,0,2,10,1,13,19,107,63,1,190,10,0,10,200
08/16/2002,SHV,LA,ASW,CE,Towers with Radar,24,103,48,4,179,0,2,2,0,4,24,105,50,4,183,4,0,4,187
08/17/2002,SHV,LA,ASW,CE,Towers with Radar,14,69,29,12,124,0,2,5,5,12,14,71,34,17,136,22,56,78,214
08/18/2002,SHV,LA,ASW,CE,Towers with Radar,12,63,35,7,117,0,5,15,2,22,12,68,50,9,139,0,0,0,139
08/19/2002,SHV,LA,ASW,CE,Towers with Radar,7,64,38,19,128,0,3,8,11,22,7,67,46,30,150,0,20,20,170
08/20/2002,SHV,LA,ASW,CE,Towers with Radar,14,74,49,6,143,0,2,4,9,15,14,76,53,15,158,14,0,14,172
08/21/2002,SHV,LA,ASW,CE,Towers with Radar,20,88,43,1,152,0,3,11,3,17,20,91,54,4,169,30,0,30,199
08/22/2002,SHV,LA,ASW,CE,Towers with Radar,20,89,49,28,186,0,2,10,10,22,20,91,59,38,208,20,26,46,254
08/23/2002,SHV,LA,ASW,CE,Towers with Radar,19,92,56,16,183,0,2,10,3,15,19,94,66,19,198,0,8,8,206
08/24/2002,SHV,LA,ASW,CE,Towers with Radar,13,62,41,10,126,0,2,6,1,9,13,64,47,11,135,0,10,10,145
08/25/2002,SHV,LA,ASW,CE,Towers with Radar,10,63,34,9,116,0,2,13,0,15,10,65,47,9,131,2,0,2,133
08/26/2002,SHV,LA,ASW,CE,Towers with Radar,7,82,29,5,123,0,4,10,3,17,7,86,39,8,140,4,0,4,144
08/27/2002,SHV,LA,ASW,CE,Towers with Radar,22,94,44,13,173,0,2,19,7,28,22,96,63,20,201,16,8,24,225
08/28/2002,SHV,LA,ASW,CE,Towers with Radar,16,88,60,3,167,0,2,4,3,9,16,90,64,6,176,4,0,4,180
08/29/2002,SHV,LA,ASW,CE,Towers with Radar,24,96,61,12,193,0,1,17,3,21,24,97,78,15,214,0,12,12,226
08/30/2002,SHV,LA,ASW,CE,Towers with Radar,26,108,61,9,204,0,1,13,3,17,26,109,74,12,221,4,0,4,225
08/31/2002,SHV,LA,ASW,CE,Towers with Radar,12,62,54,7,135,0,1,14,3,18,12,63,68,10,153,30,0,30,183
09/01/2002,SHV,LA,ASW,CE,Towers with Radar,6,53,27,1,87,5,2,14,0,21,11,55,41,1,108,12,0,12,120
09/02/2002,SHV,LA,ASW,CE,Towers with Radar,4,54,46,0,104,1,0,13,5,19,5,54,59,5,123,17,0,17,140
09/03/2002,SHV,LA,ASW,CE,Towers with Radar,3,96,40,17,156,1,0,12,11,24,4,96,52,28,180,20,36,56,236
09/04/2002,SHV,LA,ASW,CE,Towers with Radar,19,103,61,5,188,1,0,11,10,22,20,103,72,15,210,12,0,12,222
09/05/2002,SHV,LA,ASW,CE,Towers with Radar,17,92,52,31,192,1,0,9,7,17,18,92,61,38,209,4,32,36,245
09/06/2002,SHV,LA,ASW,CE,Towers with Radar,15,101,53,15,184,1,0,12,4,17,16,101,65,19,201,10,6,16,217
09/07/2002,SHV,LA,ASW,CE,Towers with Radar,13,71,29,15,128,1,0,5,8,14,14,71,34,23,142,18,6,24,166
09/08/2002,SHV,LA,ASW,CE,Towers with Radar,7,57,16,21,101,0,0,4,3,7,7,57,20,24,108,2,0,2,110
09/09/2002,SHV,LA,ASW,CE,Towers with Radar,4,84,26,22,136,0,0,14,5,19,4,84,40,27,155,10,32,42,197
09/10/2002,SHV,LA,ASW,CE,Towers with Radar,20,101,49,18,188,0,0,17,2,19,20,101,66,20,207,4,24,28,235
09/11/2002,SHV,LA,ASW,CE,Towers with Radar,15,76,51,29,171,0,0,8,0,8,15,76,59,29,179,0,56,56,235
09/12/2002,SHV,LA,ASW,CE,Towers with Radar,19,95,70,45,229,0,0,18,4,22,19,95,88,49,251,0,42,42,293
09/13/2002,SHV,LA,ASW,CE,Towers with Radar,15,97,49,34,195,0,0,8,7,15,15,97,57,41,210,23,53,76,286
09/14/2002,SHV,LA,ASW,CE,Towers with Radar,13,69,43,18,143,0,0,8,8,16,13,69,51,26,159,40,16,56,215
09/15/2002,SHV,LA,ASW,CE,Towers with Radar,12,58,25,24,119,0,0,10,3,13,12,58,35,27,132,24,18,42,174
09/16/2002,SHV,LA,ASW,CE,Towers with Radar,2,78,38,15,133,0,0,15,3,18,2,78,53,18,151,6,0,6,157
09/17/2002,SHV,LA,ASW,CE,Towers with Radar,24,36,40,7,107,0,58,0,1,59,24,94,40,8,166,11,0,11,177
09/18/2002,SHV,LA,ASW,CE,Towers with Radar,20,98,45,0,163,0,0,9,2,11,20,98,54,2,174,0,0,0,174
09/19/2002,SHV,LA,ASW,CE,Towers with Radar,18,105,38,3,164,0,0,3,0,3,18,105,41,3,167,4,0,4,171
09/20/2002,SHV,LA,ASW,CE,Towers with Radar,16,96,61,10,183,0,0,11,4,15,16,96,72,14,198,2,6,8,206
09/21/2002,SHV,LA,ASW,CE,Towers with Radar,13,90,47,2,152,1,0,20,2,23,14,90,67,4,175,60,0,60,235
09/22/2002,SHV,LA,ASW,CE,Towers with Radar,13,73,67,5,158,0,0,17,1,18,13,73,84,6,176,6,6,12,188
09/23/2002,SHV,LA,ASW,CE,Towers with Radar,5,82,50,6,143,0,0,17,4,21,5,82,67,10,164,89,0,89,253
09/24/2002,SHV,LA,ASW,CE,Towers with Radar,18,100,64,4,186,0,0,10,5,15,18,100,74,9,201,0,0,0,201
09/25/2002,SHV,LA,ASW,CE,Towers with Radar,22,88,48,5,163,0,0,13,6,19,22,88,61,11,182,24,0,24,206
09/26/2002,SHV,LA,ASW,CE,Towers with Radar,17,104,32,7,160,0,0,5,1,6,17,104,37,8,166,2,6,8,174
09/27/2002,SHV,LA,ASW,CE,Towers with Radar,17,109,58,14,198,0,0,19,6,25,17,109,77,20,223,32,0,32,255
09/28/2002,SHV,LA,ASW,CE,Towers with Radar,9,75,56,3,143,0,0,12,5,17,9,75,68,8,160,30,0,30,190
09/29/2002,SHV,LA,ASW,CE,Towers with Radar,11,59,51,13,134,0,0,11,3,14,11,59,62,16,148,4,0,4,152
09/30/2002,SHV,LA,ASW,CE,Towers with Radar,6,83,40,1,130,0,0,12,1,13,6,83,52,2,143,7,0,7,150
10/01/2002,SHV,LA,ASW,CE,Towers with Radar,14,80,46,10,150,3,12,31,3,49,17,92,77,13,199,14,0,14,213
10/02/2002,SHV,LA,ASW,CE,Towers with Radar,14,80,46,10,150,1,15,22,12,50,15,95,68,22,200,10,0,10,210
10/03/2002,SHV,LA,ASW,CE,Towers with Radar,17,88,24,5,134,0,0,1,1,2,17,88,25,6,136,6,4,10,146
10/04/2002,SHV,LA,ASW,CE,Towers with Radar,14,85,50,5,154,0,1,8,4,13,14,86,58,9,167,4,0,4,171
10/05/2002,SHV,LA,ASW,CE,Towers with Radar,11,65,40,21,137,0,0,21,10,31,11,65,61,31,168,10,8,18,186
10/06/2002,SHV,LA,ASW,CE,Towers with Radar,11,59,37,5,112,0,0,5,1,6,11,59,42,6,118,12,0,12,130
10/07/2002,SHV,LA,ASW,CE,Towers with Radar,3,84,36,11,134,0,0,4,1,5,3,84,40,12,139,10,0,10,149
10/08/2002,SHV,LA,ASW,CE,Towers with Radar,16,89,49,14,168,0,0,7,2,9,16,89,56,16,177,17,0,17,194
10/09/2002,SHV,LA,ASW,CE,Towers with Radar,20,106,54,13,193,0,0,8,1,9,20,106,62,14,202,24,0,24,226
10/10/2002,SHV,LA,ASW,CE,Towers with Radar,16,104,57,13,190,0,0,1,1,2,16,104,58,14,192,6,0,6,198
10/11/2002,SHV,LA,ASW,CE,Towers with Radar,18,99,54,7,178,0,0,14,3,17,18,99,68,10,195,3,0,3,198
10/12/2002,SHV,LA,ASW,CE,Towers with Radar,13,66,34,0,113,0,0,7,2,9,13,66,41,2,122,10,0,10,132
10/13/2002,SHV,LA,ASW,CE,Towers with Radar,9,67,40,3,119,0,0,0,1,1,9,67,40,4,120,0,0,0,120
10/14/2002,SHV,LA,ASW,CE,Towers with Radar,7,75,41,17,140,0,0,15,5,20,7,75,56,22,160,0,0,0,160
10/15/2002,SHV,LA,ASW,CE,Towers with Radar,27,94,64,6,191,0,0,7,7,14,27,94,71,13,205,22,0,22,227
10/16/2002,SHV,LA,ASW,CE,Towers with Radar,18,94,89,3,204,0,0,11,5,16,18,94,100,8,220,22,4,26,246
10/17/2002,SHV,LA,ASW,CE,Towers with Radar,17,87,66,20,190,0,0,14,2,16,17,87,80,22,206,2,34,36,242
10/18/2002,SHV,LA,ASW,CE,Towers with Radar,20,102,72,49,243,0,0,6,3,9,20,102,78,52,252,0,42,42,294
10/19/2002,SHV,LA,ASW,CE,Towers with Radar,7,42,22,1,72,0,0,0,0,0,7,42,22,1,72,0,0,0,72
10/20/2002,SHV,LA,ASW,CE,Towers with Radar,8,90,63,11,172,0,0,4,3,7,8,90,67,14,179,0,0,0,179
10/21/2002,SHV,LA,ASW,CE,Towers with Radar,4,96,48,0,148,0,0,3,0,3,4,96,51,0,151,0,0,0,151
10/22/2002,SHV,LA,ASW,CE,Towers with Radar,16,85,49,6,156,0,0,2,2,4,16,85,51,8,160,0,0,0,160
10/23/2002,SHV,LA,ASW,CE,Towers with Radar,17,92,59,18,186,0,0,5,3,8,17,92,64,21,194,10,10,20,214
10/24/2002,SHV,LA,ASW,CE,Towers with Radar,16,91,42,23,172,0,0,2,3,5,16,91,44,26,177,6,6,12,189
10/25/2002,SHV,LA,ASW,CE,Towers with Radar,17,87,45,1,150,0,0,1,0,1,17,87,46,1,151,3,2,5,156
10/26/2002,SHV,LA,ASW,CE,Towers with Radar,13,75,35,3,126,0,0,3,1,4,13,75,38,4,130,2,2,4,134
10/27/2002,SHV,LA,ASW,CE,Towers with Radar,7,46,25,3,81,8,29,1,0,38,15,75,26,3,119,6,0,6,125
10/28/2002,SHV,LA,ASW,CE,Towers with Radar,4,83,39,4,130,0,0,1,0,1,4,83,40,4,131,0,0,0,131
10/29/2002,SHV,LA,ASW,CE,Towers with Radar,19,104,48,14,185,0,0,0,32,32,19,104,48,46,217,9,50,59,276
10/30/2002,SHV,LA,ASW,CE,Towers with Radar,20,88,62,1,171,0,0,6,0,6,20,88,68,1,177,0,0,0,177
10/31/2002,SHV,LA,ASW,CE,Towers with Radar,22,105,55,14,196,0,0,3,1,4,22,105,58,15,200,10,0,10,210
11/01/2002,SHV,LA,ASW,CE,Towers with Radar,17,84,45,10,156,2,0,0,22,24,19,84,45,32,180,4,2,6,186
11/02/2002,SHV,LA,ASW,CE,Towers with Radar,8,48,23,5,84,0,17,0,4,21,8,65,23,9,105,8,0,8,113
11/03/2002,SHV,LA,ASW,CE,Towers with Radar,9,47,17,5,78,2,17,0,9,28,11,64,17,14,106,4,0,4,110
11/04/2002,SHV,LA,ASW,CE,Towers with Radar,5,75,33,6,119,0,1,2,0,3,5,76,35,6,122,2,0,2,124
11/05/2002,SHV,LA,ASW,CE,Towers with Radar,17,76,33,12,138,0,1,1,0,2,17,77,34,12,140,2,0,2,142
11/06/2002,SHV,LA,ASW,CE,Towers with Radar,19,87,47,5,158,0,1,17,0,18,19,88,64,5,176,18,0,18,194
11/07/2002,SHV,LA,ASW,CE,Towers with Radar,20,99,81,33,233,0,1,19,5,25,20,100,100,38,258,24,0,24,282
11/08/2002,SHV,LA,ASW,CE,Towers with Radar,24,96,71,13,204,0,1,10,4,15,24,97,81,17,219,16,0,16,235
11/09/2002,SHV,LA,ASW,CE,Towers with Radar,10,74,53,18,155,0,1,6,0,7,10,75,59,18,162,12,0,12,174
11/10/2002,SHV,LA,ASW,CE,Towers with Radar,11,69,43,2,125,0,1,6,2,9,11,70,49,4,134,0,0,0,134
11/11/2002,SHV,LA,ASW,CE,Towers with Radar,4,69,41,4,118,0,3,15,0,18,4,72,56,4,136,9,0,9,145
11/12/2002,SHV,LA,ASW,CE,Towers with Radar,15,86,56,15,172,0,1,8,3,12,15,87,64,18,184,18,0,18,202
11/13/2002,SHV,LA,ASW,CE,Towers with Radar,18,87,74,2,181,0,2,14,3,19,18,89,88,5,200,30,0,30,230
11/14/2002,SHV,LA,ASW,CE,Towers with Radar,15,78,55,30,178,0,1,10,4,15,15,79,65,34,193,14,30,44,237
11/15/2002,SHV,LA,ASW,CE,Towers with Radar,17,86,67,11,181,4,0,20,9,33,21,86,87,20,214,18,18,36,250
11/16/2002,SHV,LA,ASW,CE,Towers with Radar,10,60,39,7,116,2,4,17,3,26,12,64,56,10,142,6,10,16,158
11/17/2002,SHV,LA,ASW,CE,Towers with Radar,16,66,60,0,142,0,0,9,0,9,16,66,69,0,151,6,0,6,157
11/18/2002,SHV,LA,ASW,CE,Towers with Radar,4,83,51,4,142,0,0,5,0,5,4,83,56,4,147,4,0,4,151
11/19/2002,SHV,LA,ASW,CE,Towers with Radar,22,79,84,3,188,0,0,13,2,15,22,79,97,5,203,26,0,26,229
11/20/2002,SHV,LA,ASW,CE,Towers with Radar,15,76,56,7,154,1,0,8,0,9,16,76,64,7,163,8,10,18,181
11/21/2002,SHV,LA,ASW,CE,Towers with Radar,18,90,73,6,187,0,0,10,2,12,18,90,83,8,199,8,2,10,209
11/22/2002,SHV,LA,ASW,CE,Towers with Radar,21,81,56,4,162,0,0,12,2,14,21,81,68,6,176,16,0,16,192
11/23/2002,SHV,LA,ASW,CE,Towers with Radar,10,67,40,0,117,0,0,12,0,12,10,67,52,0,129,17,0,17,146
11/24/2002,SHV,LA,ASW,CE,Towers with Radar,9,61,42,5,117,0,0,10,0,10,9,61,52,5,127,16,2,18,145
11/25/2002,SHV,LA,ASW,CE,Towers with Radar,4,78,30,0,112,0,0,1,0,1,4,78,31,0,113,0,1,1,114
11/26/2002,SHV,LA,ASW,CE,Towers with Radar,17,80,27,0,124,0,0,4,0,4,17,80,31,0,128,0,0,0,128
11/27/2002,SHV,LA,ASW,CE,Towers with Radar,18,85,66,11,180,4,0,16,15,35,22,85,82,26,215,6,62,68,283
11/28/2002,SHV,LA,ASW,CE,Towers with Radar,7,57,29,1,94,0,0,4,0,4,7,57,33,1,98,4,4,8,106
11/29/2002,SHV,LA,ASW,CE,Towers with Radar,12,48,48,1,109,0,0,10,4,14,12,48,58,5,123,6,4,10,133
11/30/2002,SHV,LA,ASW,CE,Towers with Radar,8,62,32,0,102,0,0,11,0,11,8,62,43,0,113,2,10,12,125
12/01/2002,SHV,LA,ASW,CE,Towers with Radar,9,69,48,1,127,0,0,0,0,0,9,69,48,1,127,2,0,2,129
12/02/2002,SHV,LA,ASW,CE,Towers with Radar,4,73,42,4,123,0,3,2,7,12,4,76,44,11,135,11,0,11,146
12/03/2002,SHV,LA,ASW,CE,Towers with Radar,18,99,51,7,175,1,1,3,0,5,19,100,54,7,180,0,0,0,180
12/04/2002,SHV,LA,ASW,CE,Towers with Radar,13,89,23,0,125,1,1,0,0,2,14,90,23,0,127,2,0,2,129
12/05/2002,SHV,LA,ASW,CE,Towers with Radar,13,89,43,11,156,1,1,5,4,11,14,90,48,15,167,1,16,17,184
12/06/2002,SHV,LA,ASW,CE,Towers with Radar,15,82,52,2,151,0,2,3,7,12,15,84,55,9,163,9,0,9,172
12/07/2002,SHV,LA,ASW,CE,Towers with Radar,9,57,31,1,98,0,2,3,4,9,9,59,34,5,107,7,0,7,114
12/08/2002,SHV,LA,ASW,CE,Towers with Radar,5,58,34,1,98,0,2,3,0,5,5,60,37,1,103,3,0,3,106
12/09/2002,SHV,LA,ASW,CE,Towers with Radar,5,81,27,3,116,0,2,1,1,4,5,83,28,4,120,20,0,20,140
12/10/2002,SHV,LA,ASW,CE,Towers with Radar,14,85,36,37,172,0,2,5,2,9,14,87,41,39,181,5,26,31,212
12/11/2002,SHV,LA,ASW,CE,Towers with Radar,14,80,45,4,143,0,2,1,3,6,14,82,46,7,149,28,0,28,177
12/12/2002,SHV,LA,ASW,CE,Towers with Radar,14,86,64,4,168,0,2,0,0,2,14,88,64,4,170,1,0,1,171
12/13/2002,SHV,LA,ASW,CE,Towers with Radar,16,83,46,22,167,0,1,1,6,8,16,84,47,28,175,6,32,38,213
12/14/2002,SHV,LA,ASW,CE,Towers with Radar,10,59,36,4,109,3,0,0,4,7,13,59,36,8,116,20,42,62,178
12/15/2002,SHV,LA,ASW,CE,Towers with Radar,5,59,45,0,109,0,1,5,4,10,5,60,50,4,119,16,2,18,137
12/16/2002,SHV,LA,ASW,CE,Towers with Radar,4,74,50,35,163,0,1,8,4,13,4,75,58,39,176,19,30,49,225
12/17/2002,SHV,LA,ASW,CE,Towers with Radar,14,78,50,7,149,0,1,2,2,5,14,79,52,9,154,0,0,0,154
12/18/2002,SHV,LA,ASW,CE,Towers with Radar,16,81,47,1,145,0,1,7,3,11,16,82,54,4,156,17,0,17,173
12/19/2002,SHV,LA,ASW,CE,Towers with Radar,12,92,50,5,159,0,1,2,8,11,12,93,52,13,170,20,0,20,190
12/20/2002,SHV,LA,ASW,CE,Towers with Radar,16,92,61,9,178,0,1,15,7,23,16,93,76,16,201,25,0,25,226
12/21/2002,SHV,LA,ASW,CE,Towers with Radar,13,60,35,0,108,0,2,3,4,9,13,62,38,4,117,28,0,28,145
12/22/2002,SHV,LA,ASW,CE,Towers with Radar,5,71,49,0,125,0,2,6,4,12,5,73,55,4,137,18,0,18,155
12/23/2002,SHV,LA,ASW,CE,Towers with Radar,5,78,22,1,106,0,1,0,2,3,5,79,22,3,109,0,0,0,109
12/24/2002,SHV,LA,ASW,CE,Towers with Radar,17,75,17,0,109,0,1,1,0,2,17,76,18,0,111,0,0,0,111
12/25/2002,SHV,LA,ASW,CE,Towers with Radar,3,53,17,0,73,0,1,5,2,8,3,54,22,2,81,8,0,8,89
12/26/2002,SHV,LA,ASW,CE,Towers with Radar,6,64,39,1,110,0,1,4,3,8,6,65,43,4,118,14,0,14,132
12/27/2002,SHV,LA,ASW,CE,Towers with Radar,11,91,103,3,208,0,1,8,8,17,11,92,111,11,225,25,0,25,250
12/28/2002,SHV,LA,ASW,CE,Towers with Radar,9,61,37,3,110,0,0,22,1,23,9,61,59,4,133,16,0,16,149
12/29/2002,SHV,LA,ASW,CE,Towers with Radar,5,70,41,0,116,0,1,3,4,8,5,71,44,4,124,27,0,27,151
12/30/2002,SHV,LA,ASW,CE,Towers with Radar,11,72,35,7,125,0,1,2,2,5,11,73,37,9,130,0,0,0,130
12/31/2002,SHV,LA,ASW,CE,Towers with Radar,11,68,21,0,100,0,1,1,0,2,11,69,22,0,102,0,0,0,102
01/01/2003,SHV,LA,ASW,CE,Towers with Radar,5,42,25,3,75,1,15,9,0,25,6,57,34,3,100,8,0,8,108
01/02/2003,SHV,LA,ASW,CE,Towers with Radar,7,57,28,8,100,1,16,0,0,17,8,73,28,8,117,10,0,10,127
01/03/2003,SHV,LA,ASW,CE,Towers with Radar,13,82,48,55,198,1,0,15,9,25,14,82,63,64,223,20,40,60,283
01/04/2003,SHV,LA,ASW,CE,Towers with Radar,8,60,37,3,108,1,0,7,3,11,9,60,44,6,119,24,0,24,143
01/05/2003,SHV,LA,ASW,CE,Towers with Radar,7,57,48,6,118,0,0,5,3,8,7,57,53,9,126,8,0,8,134
01/06/2003,SHV,LA,ASW,CE,Towers with Radar,6,75,39,32,152,0,0,8,4,12,6,75,47,36,164,14,52,66,230
01/07/2003,SHV,LA,ASW,CE,Towers with Radar,16,83,53,14,166,0,0,6,5,11,16,83,59,19,177,12,22,34,211
01/08/2003,SHV,LA,ASW,CE,Towers with Radar,16,76,54,16,162,0,0,15,7,22,16,76,69,23,184,11,4,15,199
01/09/2003,SHV,LA,ASW,CE,Towers with Radar,16,84,59,5,164,0,0,8,8,16,16,84,67,13,180,18,0,18,198
01/10/2003,SHV,LA,ASW,CE,Towers with Radar,16,83,50,16,165,0,0,7,3,10,16,83,57,19,175,2,24,26,201
01/11/2003,SHV,LA,ASW,CE,Towers with Radar,10,62,25,43,140,0,0,5,7,12,10,62,30,50,152,14,20,34,186
01/12/2003,SHV,LA,ASW,CE,Towers with Radar,7,47,16,4,74,0,0,2,2,4,7,47,18,6,78,4,2,6,84
01/13/2003,SHV,LA,ASW,CE,Towers with Radar,4,72,40,1,117,0,0,9,4,13,4,72,49,5,130,8,0,8,138
01/14/2003,SHV,LA,ASW,CE,Towers with Radar,16,81,52,0,149,0,0,0,2,2,16,81,52,2,151,0,0,0,151
01/15/2003,SHV,LA,ASW,CE,Towers with Radar,16,90,16,16,138,0,0,45,0,45,16,90,61,16,183,10,30,40,223
01/16/2003,SHV,LA,ASW,CE,Towers with Radar,17,72,51,0,140,0,0,5,2,7,17,72,56,2,147,3,0,3,150
01/17/2003,SHV,LA,ASW,CE,Towers with Radar,17,86,35,46,184,0,0,5,6,11,17,86,40,52,195,2,32,34,229
01/18/2003,SHV,LA,ASW,CE,Towers with Radar,9,59,42,0,110,0,0,9,1,10,9,59,51,1,120,1,0,1,121
01/19/2003,SHV,LA,ASW,CE,Towers with Radar,7,58,43,3,111,0,0,3,3,6,7,58,46,6,117,22,10,32,149
01/20/2003,SHV,LA,ASW,CE,Towers with Radar,4,71,53,0,128,0,0,2,3,5,4,71,55,3,133,0,0,0,133
01/21/2003,SHV,LA,ASW,CE,Towers with Radar,16,86,57,11,170,0,0,10,8,18,16,86,67,19,188,10,30,40,228
01/22/2003,SHV,LA,ASW,CE,Towers with Radar,16,91,71,24,202,0,0,0,6,6,16,91,71,30,208,0,42,42,250
01/23/2003,SHV,LA,ASW,CE,Towers with Radar,19,98,59,21,197,0,0,10,6,16,19,98,69,27,213,26,14,40,253
01/24/2003,SHV,LA,ASW,CE,Towers with Radar,15,86,50,34,185,0,0,3,4,7,15,86,53,38,192,18,10,28,220
01/25/2003,SHV,LA,ASW,CE,Towers with Radar,9,56,24,0,89,0,0,6,2,8,9,56,30,2,97,6,0,6,103
01/26/2003,SHV,LA,ASW,CE,Towers with Radar,7,57,31,11,106,0,0,5,5,10,7,57,36,16,116,0,12,12,128
01/27/2003,SHV,LA,ASW,CE,Towers with Radar,4,76,60,7,147,0,0,10,7,17,4,76,70,14,164,8,14,22,186
01/28/2003,SHV,LA,ASW,CE,Towers with Radar,15,83,53,7,158,0,0,2,4,6,15,83,55,11,164,4,0,4,168
01/29/2003,SHV,LA,ASW,CE,Towers with Radar,15,81,57,10,163,0,0,4,5,9,15,81,61,15,172,23,14,37,209
01/30/2003,SHV,LA,ASW,CE,Towers with Radar,17,83,61,12,173,0,0,0,4,4,17,83,61,16,177,8,0,8,185
01/31/2003,SHV,LA,ASW,CE,Towers with Radar,12,91,41,28,172,0,0,2,8,10,12,91,43,36,182,0,24,24,206
02/01/2003,SHV,LA,ASW,CE,Towers with Radar,5,62,44,9,120,0,0,11,9,20,5,62,55,18,140,29,0,29,169
02/02/2003,SHV,LA,ASW,CE,Towers with Radar,5,69,46,9,129,0,0,18,6,24,5,69,64,15,153,20,11,31,184
02/03/2003,SHV,LA,ASW,CE,Towers with Radar,0,79,33,5,117,0,2,1,0,3,0,81,34,5,120,30,4,34,154
02/04/2003,SHV,LA,ASW,CE,Towers with Radar,12,89,58,14,173,1,1,12,1,15,13,90,70,15,188,7,8,15,203
02/05/2003,SHV,LA,ASW,CE,Towers with Radar,11,86,50,44,191,1,1,10,3,15,12,87,60,47,206,26,40,66,272
02/06/2003,SHV,LA,ASW,CE,Towers with Radar,12,85,50,0,147,0,2,0,2,4,12,87,50,2,151,0,0,0,151
02/07/2003,SHV,LA,ASW,CE,Towers with Radar,12,87,44,22,165,0,2,1,2,5,12,89,45,24,170,6,0,6,176
02/08/2003,SHV,LA,ASW,CE,Towers with Radar,5,60,21,9,95,0,2,3,1,6,5,62,24,10,101,2,0,2,103
02/09/2003,SHV,LA,ASW,CE,Towers with Radar,5,60,26,4,95,0,2,0,0,2,5,62,26,4,97,0,0,0,97
02/10/2003,SHV,LA,ASW,CE,Towers with Radar,0,81,37,5,123,0,2,5,4,11,0,83,42,9,134,30,0,30,164
02/11/2003,SHV,LA,ASW,CE,Towers with Radar,12,88,63,17,180,0,2,12,3,17,12,90,75,20,197,26,0,26,223
02/12/2003,SHV,LA,ASW,CE,Towers with Radar,12,86,61,8,167,0,2,9,2,13,12,88,70,10,180,18,3,21,201
02/13/2003,SHV,LA,ASW,CE,Towers with Radar,12,91,48,6,157,0,2,2,1,5,12,93,50,7,162,2,0,2,164
02/14/2003,SHV,LA,ASW,CE,Towers with Radar,12,95,39,14,160,0,2,0,1,3,12,97,39,15,163,0,0,0,163
02/15/2003,SHV,LA,ASW,CE,Towers with Radar,5,59,9,0,73,0,2,1,0,3,5,61,10,0,76,0,0,0,76
02/16/2003,SHV,LA,ASW,CE,Towers with Radar,4,57,17,2,80,0,2,2,0,4,4,59,19,2,84,0,0,0,84
02/17/2003,SHV,LA,ASW,CE,Towers with Radar,1,77,42,2,122,0,1,9,6,16,1,78,51,8,138,34,7,41,179
02/18/2003,SHV,LA,ASW,CE,Towers with Radar,12,88,51,5,156,0,1,15,3,19,12,89,66,8,175,26,0,26,201
02/19/2003,SHV,LA,ASW,CE,Towers with Radar,12,82,7,4,105,0,1,0,5,6,12,83,7,9,111,16,0,16,127
02/20/2003,SHV,LA,ASW,CE,Towers with Radar,12,90,52,5,159,0,1,0,1,2,12,91,52,6,161,2,0,2,163
02/21/2003,SHV,LA,ASW,CE,Towers with Radar,14,74,19,0,107,0,1,0,0,1,14,75,19,0,108,0,0,0,108
02/22/2003,SHV,LA,ASW,CE,Towers with Radar,5,62,35,4,106,0,1,4,1,6,5,63,39,5,112,24,0,24,136
02/23/2003,SHV,LA,ASW,CE,Towers with Radar,5,59,35,2,101,0,2,8,5,15,5,61,43,7,116,6,0,6,122
02/24/2003,SHV,LA,ASW,CE,Towers with Radar,1,81,33,30,145,0,1,9,6,16,1,82,42,36,161,12,30,42,203
02/25/2003,SHV,LA,ASW,CE,Towers with Radar,15,72,28,0,115,0,1,0,0,1,15,73,28,0,116,0,0,0,116
02/26/2003,SHV,LA,ASW,CE,Towers with Radar,12,74,27,1,114,0,1,0,1,2,12,75,27,2,116,0,0,0,116
02/27/2003,SHV,LA,ASW,CE,Towers with Radar,17,101,47,8,173,0,1,0,1,2,17,102,47,9,175,0,0,0,175
02/28/2003,SHV,LA,ASW,CE,Towers with Radar,12,88,55,11,166,0,1,0,0,1,12,89,55,11,167,0,0,0,167
03/01/2003,SHV,LA,ASW,CE,Towers with Radar,5,62,43,9,119,0,0,12,9,21,5,62,55,18,140,29,0,29,169
03/02/2003,SHV,LA,ASW,CE,Towers with Radar,5,69,45,9,128,0,0,18,6,24,5,69,63,15,152,20,11,31,183
03/03/2003,SHV,LA,ASW,CE,Towers with Radar,0,81,34,5,120,0,0,0,0,0,0,81,34,5,120,30,4,34,154
03/04/2003,SHV,LA,ASW,CE,Towers with Radar,13,90,59,12,174,0,0,11,3,14,13,90,70,15,188,7,8,15,203
03/05/2003,SHV,LA,ASW,CE,Towers with Radar,12,87,55,12,166,0,0,5,35,40,12,87,60,47,206,26,40,66,272
03/06/2003,SHV,LA,ASW,CE,Towers with Radar,7,70,36,2,115,5,17,14,0,36,12,87,50,2,151,0,0,0,151
03/07/2003,SHV,LA,ASW,CE,Towers with Radar,10,89,45,11,155,2,0,0,13,15,12,89,45,24,170,6,0,6,176
03/08/2003,SHV,LA,ASW,CE,Towers with Radar,5,49,24,6,84,0,13,0,4,17,5,62,24,10,101,2,0,2,103
03/09/2003,SHV,LA,ASW,CE,Towers with Radar,5,48,25,4,82,0,14,1,0,15,5,62,26,4,97,0,0,0,97
03/10/2003,SHV,LA,ASW,CE,Towers with Radar,0,83,42,9,134,0,0,0,0,0,0,83,42,9,134,30,0,30,164
03/11/2003,SHV,LA,ASW,CE,Towers with Radar,12,90,57,13,172,0,0,18,7,25,12,90,75,20,197,26,0,26,223
03/12/2003,SHV,LA,ASW,CE,Towers with Radar,12,88,64,10,174,0,0,6,0,6,12,88,70,10,180,18,3,21,201
03/13/2003,SHV,LA,ASW,CE,Towers with Radar,12,93,50,7,162,0,0,0,0,0,12,93,50,7,162,2,0,2,164
03/14/2003,SHV,LA,ASW,CE,Towers with Radar,8,77,39,9,133,4,20,0,6,30,12,97,39,15,163,0,0,0,163
03/15/2003,SHV,LA,ASW,CE,Towers with Radar,4,32,10,0,46,1,29,0,0,30,5,61,10,0,76,0,0,0,76
03/16/2003,SHV,LA,ASW,CE,Towers with Radar,4,38,19,2,63,0,21,0,0,21,4,59,19,2,84,0,0,0,84
03/17/2003,SHV,LA,ASW,CE,Towers with Radar,1,78,42,8,129,0,0,9,0,9,1,78,51,8,138,34,7,41,179
03/18/2003,SHV,LA,ASW,CE,Towers with Radar,11,89,51,8,159,1,0,15,0,16,12,89,66,8,175,26,0,26,201
03/19/2003,SHV,LA,ASW,CE,Towers with Radar,10,83,45,9,147,2,0,22,0,24,12,83,67,9,171,16,0,16,187
03/20/2003,SHV,LA,ASW,CE,Towers with Radar,9,87,44,6,146,3,4,8,0,15,12,91,52,6,161,2,0,2,163
03/21/2003,SHV,LA,ASW,CE,Towers with Radar,5,50,19,0,74,9,25,0,0,34,14,75,19,0,108,0,0,0,108
03/22/2003,SHV,LA,ASW,CE,Towers with Radar,5,63,32,5,105,0,0,7,0,7,5,63,39,5,112,24,0,24,136
03/23/2003,SHV,LA,ASW,CE,Towers with Radar,5,56,28,6,95,0,5,15,1,21,5,61,43,7,116,6,0,6,122
03/24/2003,SHV,LA,ASW,CE,Towers with Radar,1,81,41,8,131,0,1,0,28,29,1,82,41,36,160,12,30,42,202
03/25/2003,SHV,LA,ASW,CE,Towers with Radar,6,54,27,0,87,9,19,1,0,29,15,73,28,0,116,0,0,0,116
03/26/2003,SHV,LA,ASW,CE,Towers with Radar,6,51,25,2,84,6,24,2,0,32,12,75,27,2,116,0,0,0,116
03/27/2003,SHV,LA,ASW,CE,Towers with Radar,11,91,46,9,157,6,11,1,0,18,17,102,47,9,175,0,0,0,175
03/28/2003,SHV,LA,ASW,CE,Towers with Radar,10,89,47,9,155,2,0,8,2,12,12,89,55,11,167,0,0,0,167
03/29/2003,SHV,LA,ASW,CE,Towers with Radar,0,0,0,0,0,0,0,0,0,0,0,0,0,0,0,0,0,0,0
03/30/2003,SHV,LA,ASW,CE,Towers with Radar,0,0,0,0,0,0,0,0,0,0,0,0,0,0,0,0,0,0,0
03/31/2003,SHV,LA,ASW,CE,Towers with Radar,0,0,0,0,0,0,0,0,0,0,0,0,0,0,0,0,0,0,0
04/01/2003,SHV,LA,ASW,CE,Towers with Radar,5,95,70,4,174,9,0,4,1,14,14,95,74,5,188,8,0,8,196
04/02/2003,SHV,LA,ASW,CE,Towers with Radar,12,89,66,0,167,0,0,8,10,18,12,89,74,10,185,6,8,14,199
04/03/2003,SHV,LA,ASW,CE,Towers with Radar,12,91,48,0,151,0,0,1,3,4,12,91,49,3,155,0,0,0,155
04/04/2003,SHV,LA,ASW,CE,Towers with Radar,18,95,40,3,156,0,0,6,2,8,18,95,46,5,164,0,0,0,164
04/05/2003,SHV,LA,ASW,CE,Towers with Radar,8,65,36,8,117,0,0,9,2,11,8,65,45,10,128,12,16,28,156
04/06/2003,SHV,LA,ASW,CE,Towers with Radar,9,58,9,3,79,0,0,3,1,4,9,58,12,4,83,2,0,2,85
04/07/2003,SHV,LA,ASW,CE,Towers with Radar,0,67,46,6,119,0,0,1,2,3,0,67,47,8,122,22,0,22,144
04/08/2003,SHV,LA,ASW,CE,Towers with Radar,15,84,71,13,183,0,0,5,2,7,15,84,76,15,190,6,4,10,200
04/09/2003,SHV,LA,ASW,CE,Towers with Radar,14,83,44,18,159,0,0,6,7,13,14,83,50,25,172,28,50,78,250
04/10/2003,SHV,LA,ASW,CE,Towers with Radar,12,97,78,5,192,0,0,16,6,22,12,97,94,11,214,50,0,50,264
04/11/2003,SHV,LA,ASW,CE,Towers with Radar,12,85,52,13,162,0,0,13,1,14,12,85,65,14,176,40,0,40,216
04/12/2003,SHV,LA,ASW,CE,Towers with Radar,5,73,54,11,143,0,0,15,4,19,5,73,69,15,162,2,12,14,176
04/13/2003,SHV,LA,ASW,CE,Towers with Radar,5,62,42,18,127,0,0,9,7,16,5,62,51,25,143,16,14,30,173
04/14/2003,SHV,LA,ASW,CE,Towers with Radar,0,83,50,20,153,0,0,11,5,16,0,83,61,25,169,38,44,82,251
04/15/2003,SHV,LA,ASW,CE,Towers with Radar,14,93,47,8,162,0,0,7,3,10,14,93,54,11,172,24,2,26,198
04/16/2003,SHV,LA,ASW,CE,Towers with Radar,14,99,57,1,171,0,2,10,6,18,14,101,67,7,189,22,0,22,211
04/17/2003,SHV,LA,ASW,CE,Towers with Radar,15,88,54,26,183,0,0,12,4,16,15,88,66,30,199,1,26,27,226
04/18/2003,SHV,LA,ASW,CE,Towers with Radar,12,86,38,19,155,0,0,16,2,18,12,86,54,21,173,4,12,16,189
04/19/2003,SHV,LA,ASW,CE,Towers with Radar,6,63,25,1,95,0,0,4,2,6,6,63,29,3,101,20,0,20,121
04/20/2003,SHV,LA,ASW,CE,Towers with Radar,5,57,28,13,103,0,0,4,3,7,5,57,32,16,110,4,0,4,114
04/21/2003,SHV,LA,ASW,CE,Towers with Radar,0,75,52,7,134,0,0,8,0,8,0,75,60,7,142,20,0,20,162
04/22/2003,SHV,LA,ASW,CE,Towers with Radar,14,96,71,12,193,0,0,13,10,23,14,96,84,22,216,38,6,44,260
04/23/2003,SHV,LA,ASW,CE,Towers with Radar,12,87,47,15,161,0,0,4,4,8,12,87,51,19,169,22,4,26,195
04/24/2003,SHV,LA,ASW,CE,Towers with Radar,12,90,27,5,134,0,0,2,3,5,12,90,29,8,139,0,0,0,139
04/25/2003,SHV,LA,ASW,CE,Towers with Radar,12,92,67,36,207,0,0,10,2,12,12,92,77,38,219,8,54,62,281
04/26/2003,SHV,LA,ASW,CE,Towers with Radar,5,66,48,52,171,0,0,11,1,12,5,66,59,53,183,39,10,49,232
04/27/2003,SHV,LA,ASW,CE,Towers with Radar,5,62,60,39,166,0,0,7,0,7,5,62,67,39,173,22,0,22,195
04/28/2003,SHV,LA,ASW,CE,Towers with Radar,0,84,47,25,156,0,0,8,2,10,0,84,55,27,166,10,4,14,180
04/29/2003,SHV,LA,ASW,CE,Towers with Radar,12,83,82,2,179,0,0,18,2,20,12,83,100,4,199,2,0,2,201
04/30/2003,SHV,LA,ASW,CE,Towers with Radar,14,98,77,3,192,0,0,7,3,10,14,98,84,6,202,26,0,26,228
05/01/2003,SHV,LA,ASW,CE,Towers with Radar,0,115,73,3,191,20,0,4,6,30,20,115,77,9,221,28,0,28,249
05/02/2003,SHV,LA,ASW,CE,Towers with Radar,12,106,54,0,172,0,0,4,6,10,12,106,58,6,182,6,0,6,188
05/03/2003,SHV,LA,ASW,CE,Towers with Radar,5,72,37,25,139,0,0,11,0,11,5,72,48,25,150,30,20,50,200
05/04/2003,SHV,LA,ASW,CE,Towers with Radar,5,69,29,20,123,0,0,7,3,10,5,69,36,23,133,18,12,30,163
05/05/2003,SHV,LA,ASW,CE,Towers with Radar,0,93,50,1,144,0,0,2,0,2,0,93,52,1,146,2,0,2,148
05/06/2003,SHV,LA,ASW,CE,Towers with Radar,12,92,50,6,160,0,0,2,4,6,12,92,52,10,166,10,0,10,176
05/07/2003,SHV,LA,ASW,CE,Towers with Radar,12,99,58,36,205,0,0,3,0,3,12,99,61,36,208,0,30,30,238
05/08/2003,SHV,LA,ASW,CE,Towers with Radar,14,100,42,23,179,0,0,11,1,12,14,100,53,24,191,2,6,8,199
05/09/2003,SHV,LA,ASW,CE,Towers with Radar,14,98,47,23,182,0,0,8,0,8,14,98,55,23,190,10,1,11,201
05/10/2003,SHV,LA,ASW,CE,Towers with Radar,7,71,40,2,120,0,0,7,0,7,7,71,47,2,127,6,0,6,133
05/11/2003,SHV,LA,ASW,CE,Towers with Radar,5,67,38,20,130,0,0,10,2,12,5,67,48,22,142,6,26,32,174
05/12/2003,SHV,LA,ASW,CE,Towers with Radar,0,93,61,9,163,0,0,7,4,11,0,93,68,13,174,11,2,13,187
05/13/2003,SHV,LA,ASW,CE,Towers with Radar,12,95,44,9,160,0,0,10,7,17,12,95,54,16,177,12,0,12,189
05/14/2003,SHV,LA,ASW,CE,Towers with Radar,12,103,38,2,155,0,0,4,6,10,12,103,42,8,165,29,0,29,194
05/15/2003,SHV,LA,ASW,CE,Towers with Radar,13,106,53,4,176,0,0,9,5,14,13,106,62,9,190,10,4,14,204
05/16/2003,SHV,LA,ASW,CE,Towers with Radar,12,97,55,12,176,0,0,9,11,20,12,97,64,23,196,4,2,6,202
05/17/2003,SHV,LA,ASW,CE,Towers with Radar,7,75,29,7,118,0,0,2,2,4,7,75,31,9,122,14,2,16,138
05/18/2003,SHV,LA,ASW,CE,Towers with Radar,7,65,50,6,128,0,0,13,7,20,7,65,63,13,148,26,0,26,174
05/19/2003,SHV,LA,ASW,CE,Towers with Radar,0,95,54,9,158,0,0,16,6,22,0,95,70,15,180,14,0,14,194
05/20/2003,SHV,LA,ASW,CE,Towers with Radar,12,97,45,4,158,0,0,2,2,4,12,97,47,6,162,4,0,4,166
05/21/2003,SHV,LA,ASW,CE,Towers with Radar,12,115,54,1,182,0,0,6,8,14,12,115,60,9,196,18,6,24,220
05/22/2003,SHV,LA,ASW,CE,Towers with Radar,16,103,75,15,209,0,2,9,8,19,16,105,84,23,228,34,4,38,266
05/23/2003,SHV,LA,ASW,CE,Towers with Radar,13,121,51,23,208,0,0,8,8,16,13,121,59,31,224,38,52,90,314
05/24/2003,SHV,LA,ASW,CE,Towers with Radar,5,84,41,16,146,0,0,13,3,16,5,84,54,19,162,30,21,51,213
05/25/2003,SHV,LA,ASW,CE,Towers with Radar,4,59,25,13,101,0,0,2,1,3,4,59,27,14,104,3,4,7,111
05/26/2003,SHV,LA,ASW,CE,Towers with Radar,0,70,27,6,103,0,0,3,1,4,0,70,30,7,107,8,0,8,115
05/27/2003,SHV,LA,ASW,CE,Towers with Radar,1,88,47,14,150,0,0,10,2,12,1,88,57,16,162,14,36,50,212
05/28/2003,SHV,LA,ASW,CE,Towers with Radar,14,105,73,8,200,0,0,9,6,15,14,105,82,14,215,6,32,38,253
05/29/2003,SHV,LA,ASW,CE,Towers with Radar,8,88,60,3,159,0,0,9,2,11,8,88,69,5,170,11,2,13,183
05/30/2003,SHV,LA,ASW,CE,Towers with Radar,12,99,68,15,194,0,0,8,2,10,12,99,76,17,204,28,0,28,232
05/31/2003,SHV,LA,ASW,CE,Towers with Radar,5,80,52,9,146,0,0,10,3,13,5,80,62,12,159,14,4,18,177
06/01/2003,SHV,LA,ASW,CE,Towers with Radar,0,70,44,8,122,5,0,4,1,10,5,70,48,9,132,12,0,12,144
06/02/2003,SHV,LA,ASW,CE,Towers with Radar,0,85,48,0,133,0,0,5,3,8,0,85,53,3,141,12,0,12,153
06/03/2003,SHV,LA,ASW,CE,Towers with Radar,19,102,63,22,206,0,0,14,4,18,19,102,77,26,224,34,14,48,272
06/04/2003,SHV,LA,ASW,CE,Towers with Radar,13,99,45,11,168,0,0,9,4,13,13,99,54,15,181,38,6,44,225
06/05/2003,SHV,LA,ASW,CE,Towers with Radar,13,105,43,5,166,0,0,2,4,6,13,105,45,9,172,16,0,16,188
06/06/2003,SHV,LA,ASW,CE,Towers with Radar,12,102,42,40,196,0,0,4,1,5,12,102,46,41,201,40,8,48,249
06/07/2003,SHV,LA,ASW,CE,Towers with Radar,5,82,44,37,168,0,0,3,1,4,5,82,47,38,172,4,4,8,180
06/08/2003,SHV,LA,ASW,CE,Towers with Radar,5,77,52,12,146,0,0,4,2,6,5,77,56,14,152,31,0,31,183
06/09/2003,SHV,LA,ASW,CE,Towers with Radar,0,96,56,31,183,0,0,10,6,16,0,96,66,37,199,35,0,35,234
06/10/2003,SHV,LA,ASW,CE,Towers with Radar,13,100,35,30,178,0,0,10,0,10,13,100,45,30,188,14,34,48,236
06/11/2003,SHV,LA,ASW,CE,Towers with Radar,12,96,63,13,184,0,0,6,2,8,12,96,69,15,192,16,0,16,208
06/12/2003,SHV,LA,ASW,CE,Towers with Radar,18,104,31,2,155,0,0,2,0,2,18,104,33,2,157,6,0,6,163
06/13/2003,SHV,LA,ASW,CE,Towers with Radar,12,101,24,2,139,0,0,2,1,3,12,101,26,3,142,0,0,0,142
06/14/2003,SHV,LA,ASW,CE,Towers with Radar,5,78,26,8,117,0,0,5,1,6,5,78,31,9,123,35,0,35,158
06/15/2003,SHV,LA,ASW,CE,Towers with Radar,7,71,23,8,109,0,0,6,0,6,7,71,29,8,115,8,0,8,123
06/16/2003,SHV,LA,ASW,CE,Towers with Radar,2,87,38,6,133,0,0,4,0,4,2,87,42,6,137,4,6,10,147
06/17/2003,SHV,LA,ASW,CE,Towers with Radar,12,101,35,2,150,0,0,2,1,3,12,101,37,3,153,14,2,16,169
06/18/2003,SHV,LA,ASW,CE,Towers with Radar,13,96,44,13,166,0,0,4,1,5,13,96,48,14,171,23,3,26,197
06/19/2003,SHV,LA,ASW,CE,Towers with Radar,14,103,64,8,189,0,0,11,3,14,14,103,75,11,203,13,0,13,216
06/20/2003,SHV,LA,ASW,CE,Towers with Radar,12,97,54,30,193,0,0,13,3,16,12,97,67,33,209,24,30,54,263
06/21/2003,SHV,LA,ASW,CE,Towers with Radar,5,74,29,22,130,0,0,8,5,13,5,74,37,27,143,9,16,25,168
06/22/2003,SHV,LA,ASW,CE,Towers with Radar,5,70,33,39,147,0,0,6,9,15,5,70,39,48,162,10,18,28,190
06/23/2003,SHV,LA,ASW,CE,Towers with Radar,1,91,47,30,169,0,0,22,17,39,1,91,69,47,208,41,1,42,250
06/24/2003,SHV,LA,ASW,CE,Towers with Radar,14,98,47,4,163,0,0,21,5,26,14,98,68,9,189,10,0,10,199
06/25/2003,SHV,LA,ASW,CE,Towers with Radar,12,93,50,14,169,0,0,11,3,14,12,93,61,17,183,24,0,24,207
06/26/2003,SHV,LA,ASW,CE,Towers with Radar,12,104,55,0,171,0,0,4,6,10,12,104,59,6,181,3,0,3,184
06/27/2003,SHV,LA,ASW,CE,Towers with Radar,12,107,48,9,176,0,0,8,6,14,12,107,56,15,190,26,2,28,218
06/28/2003,SHV,LA,ASW,CE,Towers with Radar,4,72,46,30,152,0,0,15,6,21,4,72,61,36,173,8,16,24,197
06/29/2003,SHV,LA,ASW,CE,Towers with Radar,5,94,46,20,165,0,0,8,3,11,5,94,54,23,176,48,2,50,226
06/30/2003,SHV,LA,ASW,CE,Towers with Radar,0,87,35,60,182,0,0,10,1,11,0,87,45,61,193,10,58,68,261
07/01/2003,SHV,LA,ASW,CE,Towers with Radar,14,105,45,39,203,0,0,6,2,8,14,105,51,41,211,12,3,15,226
07/02/2003,SHV,LA,ASW,CE,Towers with Radar,12,109,34,0,155,0,2,11,24,37,12,111,45,24,192,16,10,26,218
07/03/2003,SHV,LA,ASW,CE,Towers with Radar,12,95,45,3,155,0,0,6,5,11,12,95,51,8,166,6,0,6,172
07/04/2003,SHV,LA,ASW,CE,Towers with Radar,2,69,12,0,83,0,0,3,2,5,2,69,15,2,88,2,0,2,90
07/05/2003,SHV,LA,ASW,CE,Towers with Radar,3,71,19,0,93,0,0,8,0,8,3,71,27,0,101,6,0,6,107
07/06/2003,SHV,LA,ASW,CE,Towers with Radar,7,71,20,2,100,0,0,3,1,4,7,71,23,3,104,8,1,9,113
07/07/2003,SHV,LA,ASW,CE,Towers with Radar,1,81,50,15,147,0,0,3,0,3,1,81,53,15,150,10,4,14,164
07/08/2003,SHV,LA,ASW,CE,Towers with Radar,17,101,29,1,148,0,0,3,6,9,17,101,32,7,157,12,6,18,175
07/09/2003,SHV,LA,ASW,CE,Towers with Radar,12,92,52,3,159,0,0,11,4,15,12,92,63,7,174,18,0,18,192
07/10/2003,SHV,LA,ASW,CE,Towers with Radar,11,98,48,2,159,0,0,6,4,10,11,98,54,6,169,6,4,10,179
07/11/2003,SHV,LA,ASW,CE,Towers with Radar,12,96,27,16,151,0,0,5,2,7,12,96,32,18,158,18,6,24,182
07/12/2003,SHV,LA,ASW,CE,Towers with Radar,5,77,30,45,157,0,0,11,3,14,5,77,41,48,171,10,62,72,243
07/13/2003,SHV,LA,ASW,CE,Towers with Radar,7,72,29,12,120,0,0,2,4,6,7,72,31,16,126,14,0,14,140
07/14/2003,SHV,LA,ASW,CE,Towers with Radar,0,89,32,7,128,0,0,13,7,20,0,89,45,14,148,8,0,8,156
07/15/2003,SHV,LA,ASW,CE,Towers with Radar,14,105,54,9,182,0,0,5,2,7,14,105,59,11,189,12,5,17,206
07/16/2003,SHV,LA,ASW,CE,Towers with Radar,14,96,44,33,187,0,0,8,4,12,14,96,52,37,199,20,6,26,225
07/17/2003,SHV,LA,ASW,CE,Towers with Radar,18,100,45,19,182,0,0,12,3,15,18,100,57,22,197,22,2,24,221
07/18/2003,SHV,LA,ASW,CE,Towers with Radar,13,93,39,15,160,0,0,3,5,8,13,93,42,20,168,10,12,22,190
07/19/2003,SHV,LA,ASW,CE,Towers with Radar,6,66,41,18,131,0,1,4,2,7,6,67,45,20,138,26,20,46,184
07/20/2003,SHV,LA,ASW,CE,Towers with Radar,5,68,39,5,117,0,0,5,2,7,5,68,44,7,124,6,12,18,142
07/21/2003,SHV,LA,ASW,CE,Towers with Radar,0,84,43,32,159,0,0,7,4,11,0,84,50,36,170,28,42,70,240
07/22/2003,SHV,LA,ASW,CE,Towers with Radar,14,84,42,9,149,0,0,6,1,7,14,84,48,10,156,11,0,11,167
07/23/2003,SHV,LA,ASW,CE,Towers with Radar,12,94,49,12,167,0,0,11,2,13,12,94,60,14,180,0,0,0,180
07/24/2003,SHV,LA,ASW,CE,Towers with Radar,12,98,69,12,191,0,0,15,3,18,12,98,84,15,209,24,2,26,235
07/25/2003,SHV,LA,ASW,CE,Towers with Radar,14,97,70,16,197,0,0,16,2,18,14,97,86,18,215,42,20,62,277
07/26/2003,SHV,LA,ASW,CE,Towers with Radar,5,69,27,21,122,0,0,5,4,9,5,69,32,25,131,28,6,34,165
07/27/2003,SHV,LA,ASW,CE,Towers with Radar,5,71,33,17,126,0,0,8,1,9,5,71,41,18,135,20,8,28,163
07/28/2003,SHV,LA,ASW,CE,Towers with Radar,0,90,35,21,146,0,0,12,2,14,0,90,47,23,160,4,22,26,186
07/29/2003,SHV,LA,ASW,CE,Towers with Radar,12,93,46,21,172,0,0,10,8,18,12,93,56,29,190,13,0,13,203
07/30/2003,SHV,LA,ASW,CE,Towers with Radar,9,88,42,5,144,0,0,9,3,12,9,88,51,8,156,9,0,9,165
07/31/2003,SHV,LA,ASW,CE,Towers with Radar,12,104,49,4,169,0,0,4,3,7,12,104,53,7,176,10,0,10,186
08/01/2003,SHV,LA,ASW,CE,Towers with Radar,12,103,57,11,183,0,0,9,6,15,12,103,66,17,198,16,0,16,214
08/02/2003,SHV,LA,ASW,CE,Towers with Radar,5,71,40,0,116,0,0,6,21,27,5,71,46,21,143,13,0,13,156
08/03/2003,SHV,LA,ASW,CE,Towers with Radar,5,67,31,4,107,0,0,4,1,5,5,67,35,5,112,8,0,8,120
08/04/2003,SHV,LA,ASW,CE,Towers with Radar,0,87,42,21,150,0,0,6,0,6,0,87,48,21,156,28,6,34,190
08/05/2003,SHV,LA,ASW,CE,Towers with Radar,14,101,43,38,196,0,0,3,4,7,14,101,46,42,203,11,48,59,262
08/06/2003,SHV,LA,ASW,CE,Towers with Radar,12,102,77,23,214,0,0,11,8,19,12,102,88,31,233,22,0,22,255
08/07/2003,SHV,LA,ASW,CE,Towers with Radar,12,123,64,13,212,0,0,9,2,11,12,123,73,15,223,32,10,42,265
08/08/2003,SHV,LA,ASW,CE,Towers with Radar,15,104,49,8,176,0,0,10,3,13,15,104,59,11,189,22,2,24,213
08/09/2003,SHV,LA,ASW,CE,Towers with Radar,13,73,47,34,167,0,0,5,3,8,13,73,52,37,175,18,15,33,208
08/10/2003,SHV,LA,ASW,CE,Towers with Radar,6,68,37,1,112,0,0,6,4,10,6,68,43,5,122,12,0,12,134
08/11/2003,SHV,LA,ASW,CE,Towers with Radar,0,81,29,7,117,0,0,3,0,3,0,81,32,7,120,0,0,0,120
08/12/2003,SHV,LA,ASW,CE,Towers with Radar,12,99,41,0,152,0,0,4,3,7,12,99,45,3,159,3,0,3,162
08/13/2003,SHV,LA,ASW,CE,Towers with Radar,12,118,32,1,163,0,0,2,4,6,12,118,34,5,169,18,14,32,201
08/14/2003,SHV,LA,ASW,CE,Towers with Radar,12,102,62,23,199,0,0,7,11,18,12,102,69,34,217,9,0,9,226
08/15/2003,SHV,LA,ASW,CE,Towers with Radar,12,101,64,43,220,0,0,13,2,15,12,101,77,45,235,44,0,44,279
08/16/2003,SHV,LA,ASW,CE,Towers with Radar,4,68,27,90,189,0,0,7,5,12,4,68,34,95,201,6,27,33,234
08/17/2003,SHV,LA,ASW,CE,Towers with Radar,5,66,56,45,172,0,0,5,6,11,5,66,61,51,183,18,38,56,239
08/18/2003,SHV,LA,ASW,CE,Towers with Radar,0,80,32,18,130,0,0,6,3,9,0,80,38,21,139,0,6,6,145
08/19/2003,SHV,LA,ASW,CE,Towers with Radar,13,97,66,1,177,0,0,16,8,24,13,97,82,9,201,2,4,6,207
08/20/2003,SHV,LA,ASW,CE,Towers with Radar,12,99,40,12,163,0,0,4,3,7,12,99,44,15,170,20,24,44,214
08/21/2003,SHV,LA,ASW,CE,Towers with Radar,12,102,53,31,198,0,0,4,5,9,12,102,57,36,207,0,34,34,241
08/22/2003,SHV,LA,ASW,CE,Towers with Radar,14,103,52,37,206,0,0,7,5,12,14,103,59,42,218,8,20,28,246
08/23/2003,SHV,LA,ASW,CE,Towers with Radar,5,80,48,7,140,0,0,15,1,16,5,80,63,8,156,15,2,17,173
08/24/2003,SHV,LA,ASW,CE,Towers with Radar,5,69,69,7,150,0,0,3,1,4,5,69,72,8,154,22,0,22,176
08/25/2003,SHV,LA,ASW,CE,Towers with Radar,0,80,41,35,156,0,0,6,4,10,0,80,47,39,166,6,8,14,180
08/26/2003,SHV,LA,ASW,CE,Towers with Radar,14,95,45,9,163,0,0,5,10,15,14,95,50,19,178,16,5,21,199
08/27/2003,SHV,LA,ASW,CE,Towers with Radar,14,99,54,5,172,0,0,8,5,13,14,99,62,10,185,13,0,13,198
08/28/2003,SHV,LA,ASW,CE,Towers with Radar,12,106,52,10,180,0,0,12,6,18,12,106,64,16,198,18,0,18,216
08/29/2003,SHV,LA,ASW,CE,Towers with Radar,15,108,65,5,193,0,0,14,6,20,15,108,79,11,213,24,20,44,257
08/30/2003,SHV,LA,ASW,CE,Towers with Radar,5,67,32,2,106,0,0,5,4,9,5,67,37,6,115,16,0,16,131
08/31/2003,SHV,LA,ASW,CE,Towers with Radar,4,58,22,0,84,0,0,4,2,6,4,58,26,2,90,1,0,1,91
09/01/2003,SHV,LA,ASW,CE,Towers with Radar,0,66,18,0,84,0,0,2,1,3,0,66,20,1,87,0,0,0,87
09/02/2003,SHV,LA,ASW,CE,Towers with Radar,1,85,45,0,131,0,0,9,23,32,1,85,54,23,163,28,4,32,195
09/03/2003,SHV,LA,ASW,CE,Towers with Radar,14,98,52,28,192,0,0,1,5,6,14,98,53,33,198,28,2,30,228
09/04/2003,SHV,LA,ASW,CE,Towers with Radar,14,106,47,39,206,0,0,5,1,6,14,106,52,40,212,5,36,41,253
09/05/2003,SHV,LA,ASW,CE,Towers with Radar,14,103,63,41,221,0,0,7,6,13,14,103,70,47,234,44,36,80,314
09/06/2003,SHV,LA,ASW,CE,Towers with Radar,5,67,31,31,134,0,0,6,2,8,5,67,37,33,142,8,12,20,162
09/07/2003,SHV,LA,ASW,CE,Towers with Radar,5,76,59,27,167,0,0,12,2,14,5,76,71,29,181,48,24,72,253
09/08/2003,SHV,LA,ASW,CE,Towers with Radar,0,90,49,22,161,0,0,4,3,7,0,90,53,25,168,16,36,52,220
09/09/2003,SHV,LA,ASW,CE,Towers with Radar,12,104,45,9,170,0,0,16,2,18,12,104,61,11,188,0,0,0,188
09/10/2003,SHV,LA,ASW,CE,Towers with Radar,12,98,64,2,176,0,0,2,0,2,12,98,66,2,178,15,0,15,193
09/11/2003,SHV,LA,ASW,CE,Towers with Radar,12,80,47,8,147,0,0,4,0,4,12,80,51,8,151,0,1,1,152
09/12/2003,SHV,LA,ASW,CE,Towers with Radar,16,96,42,4,158,0,0,1,0,1,16,96,43,4,159,0,0,0,159
09/13/2003,SHV,LA,ASW,CE,Towers with Radar,6,76,26,7,115,0,0,7,1,8,6,76,33,8,123,2,10,12,135
09/14/2003,SHV,LA,ASW,CE,Towers with Radar,8,76,17,34,135,0,0,2,2,4,8,76,19,36,139,4,0,4,143
09/15/2003,SHV,LA,ASW,CE,Towers with Radar,1,84,33,9,127,0,0,4,4,8,1,84,37,13,135,0,38,38,173
09/16/2003,SHV,LA,ASW,CE,Towers with Radar,16,99,42,4,161,0,0,9,5,14,16,99,51,9,175,12,0,12,187
09/17/2003,SHV,LA,ASW,CE,Towers with Radar,12,97,40,6,155,0,0,4,2,6,12,97,44,8,161,18,0,18,179
09/18/2003,SHV,LA,ASW,CE,Towers with Radar,18,106,45,9,178,0,0,3,8,11,18,106,48,17,189,4,3,7,196
09/19/2003,SHV,LA,ASW,CE,Towers with Radar,14,153,44,0,211,0,0,11,4,15,14,153,55,4,226,12,4,16,242
09/20/2003,SHV,LA,ASW,CE,Towers with Radar,6,84,39,7,136,0,0,5,0,5,6,84,44,7,141,12,4,16,157
09/21/2003,SHV,LA,ASW,CE,Towers with Radar,7,86,36,1,130,0,0,1,0,1,7,86,37,1,131,0,0,0,131
09/22/2003,SHV,LA,ASW,CE,Towers with Radar,0,90,52,31,173,0,0,7,4,11,0,90,59,35,184,4,44,48,232
09/23/2003,SHV,LA,ASW,CE,Towers with Radar,15,98,61,41,215,0,0,3,3,6,15,98,64,44,221,15,22,37,258
09/24/2003,SHV,LA,ASW,CE,Towers with Radar,16,105,62,9,192,0,0,7,8,15,16,105,69,17,207,15,0,15,222
09/25/2003,SHV,LA,ASW,CE,Towers with Radar,19,108,62,10,199,0,0,7,2,9,19,108,69,12,208,26,0,26,234
09/26/2003,SHV,LA,ASW,CE,Towers with Radar,13,92,60,5,170,0,0,8,7,15,13,92,68,12,185,12,0,12,197
09/27/2003,SHV,LA,ASW,CE,Towers with Radar,4,68,46,1,119,0,0,6,4,10,4,68,52,5,129,8,0,8,137
09/28/2003,SHV,LA,ASW,CE,Towers with Radar,5,77,61,1,144,0,0,14,1,15,5,77,75,2,159,26,0,26,185
09/29/2003,SHV,LA,ASW,CE,Towers with Radar,0,80,46,0,126,0,0,5,3,8,0,80,51,3,134,4,0,4,138
09/30/2003,SHV,LA,ASW,CE,Towers with Radar,16,103,48,1,168,0,0,6,2,8,16,103,54,3,176,26,0,26,202
10/01/2003,SHV,LA,ASW,CE,Towers with Radar,16,96,55,6,173,0,0,5,4,9,16,96,60,10,182,4,25,29,211
10/02/2003,SHV,LA,ASW,CE,Towers with Radar,16,107,54,0,177,0,0,9,27,36,16,107,63,27,213,1,0,1,214
10/03/2003,SHV,LA,ASW,CE,Towers with Radar,14,118,45,7,184,0,0,13,5,18,14,118,58,12,202,10,1,11,213
10/04/2003,SHV,LA,ASW,CE,Towers with Radar,5,67,36,9,117,0,1,6,2,9,5,68,42,11,126,8,2,10,136
10/05/2003,SHV,LA,ASW,CE,Towers with Radar,3,75,32,23,133,0,0,1,2,3,3,75,33,25,136,4,6,10,146
10/06/2003,SHV,LA,ASW,CE,Towers with Radar,0,81,50,35,166,0,0,5,4,9,0,81,55,39,175,6,24,30,205
10/07/2003,SHV,LA,ASW,CE,Towers with Radar,12,89,52,19,172,0,0,10,0,10,12,89,62,19,182,24,16,40,222
10/08/2003,SHV,LA,ASW,CE,Towers with Radar,15,105,50,29,199,0,0,1,1,2,15,105,51,30,201,10,10,20,221
10/09/2003,SHV,LA,ASW,CE,Towers with Radar,14,102,35,16,167,0,0,2,1,3,14,102,37,17,170,0,0,0,170
10/10/2003,SHV,LA,ASW,CE,Towers with Radar,19,106,58,52,235,0,0,6,6,12,19,106,64,58,247,2,54,56,303
10/11/2003,SHV,LA,ASW,CE,Towers with Radar,7,75,26,34,142,0,0,3,1,4,7,75,29,35,146,32,64,96,242
10/12/2003,SHV,LA,ASW,CE,Towers with Radar,8,67,37,9,121,0,0,5,0,5,8,67,42,9,126,16,10,26,152
10/13/2003,SHV,LA,ASW,CE,Towers with Radar,0,84,43,7,134,0,0,11,1,12,0,84,54,8,146,3,0,3,149
10/14/2003,SHV,LA,ASW,CE,Towers with Radar,12,97,42,17,168,0,0,7,0,7,12,97,49,17,175,7,6,13,188
10/15/2003,SHV,LA,ASW,CE,Towers with Radar,15,102,49,0,166,0,0,14,2,16,15,102,63,2,182,12,6,18,200
10/16/2003,SHV,LA,ASW,CE,Towers with Radar,20,100,34,11,165,0,0,9,3,12,20,100,43,14,177,6,4,10,187
10/17/2003,SHV,LA,ASW,CE,Towers with Radar,14,107,50,31,202,0,0,16,3,19,14,107,66,34,221,120,11,131,352
10/18/2003,SHV,LA,ASW,CE,Towers with Radar,6,67,45,11,129,0,0,9,6,15,6,67,54,17,144,338,4,342,486
10/19/2003,SHV,LA,ASW,CE,Towers with Radar,5,67,53,7,132,0,1,3,3,7,5,68,56,10,139,256,2,258,397
10/20/2003,SHV,LA,ASW,CE,Towers with Radar,1,90,36,22,149,0,0,7,2,9,1,90,43,24,158,48,0,48,206
10/21/2003,SHV,LA,ASW,CE,Towers with Radar,14,112,42,30,198,0,0,7,4,11,14,112,49,34,209,74,2,76,285
10/22/2003,SHV,LA,ASW,CE,Towers with Radar,12,105,59,14,190,0,0,15,4,19,12,105,74,18,209,80,8,88,297
10/23/2003,SHV,LA,ASW,CE,Towers with Radar,14,101,63,23,201,0,0,10,9,19,14,101,73,32,220,56,2,58,278
10/24/2003,SHV,LA,ASW,CE,Towers with Radar,17,94,70,39,220,0,0,32,4,36,17,94,102,43,256,231,10,241,497
10/25/2003,SHV,LA,ASW,CE,Towers with Radar,5,69,17,5,96,0,0,54,0,54,5,69,71,5,150,128,0,128,278
10/26/2003,SHV,LA,ASW,CE,Towers with Radar,7,62,41,26,136,0,0,16,2,18,7,62,57,28,154,139,0,139,293
10/27/2003,SHV,LA,ASW,CE,Towers with Radar,0,84,50,48,182,0,0,6,3,9,0,84,56,51,191,51,52,103,294
10/28/2003,SHV,LA,ASW,CE,Towers with Radar,11,92,55,14,172,0,0,10,2,12,11,92,65,16,184,40,0,40,224
10/29/2003,SHV,LA,ASW,CE,Towers with Radar,12,110,63,30,215,0,0,17,6,23,12,110,80,36,238,158,2,160,398
10/30/2003,SHV,LA,ASW,CE,Towers with Radar,15,108,62,13,198,0,0,8,5,13,15,108,70,18,211,66,8,74,285
10/31/2003,SHV,LA,ASW,CE,Towers with Radar,15,106,53,30,204,0,0,1,3,4,15,106,54,33,208,41,16,57,265
11/01/2003,SHV,LA,ASW,CE,Towers with Radar,5,62,22,25,114,0,0,36,4,40,5,62,58,29,154,368,14,382,536
11/02/2003,SHV,LA,ASW,CE,Towers with Radar,5,64,39,0,108,0,0,63,50,113,5,64,102,50,221,270,28,298,519
11/03/2003,SHV,LA,ASW,CE,Towers with Radar,0,81,42,31,154,0,0,2,0,2,0,81,44,31,156,10,50,60,216
11/04/2003,SHV,LA,ASW,CE,Towers with Radar,12,94,49,28,183,0,0,11,1,12,12,94,60,29,195,4,40,44,239
11/05/2003,SHV,LA,ASW,CE,Towers with Radar,13,94,56,57,220,0,0,9,3,12,13,94,65,60,232,46,24,70,302
11/06/2003,SHV,LA,ASW,CE,Towers with Radar,13,90,51,13,167,0,0,0,2,2,13,90,51,15,169,0,0,0,169
11/07/2003,SHV,LA,ASW,CE,Towers with Radar,12,108,40,12,172,0,0,0,0,0,12,108,40,12,172,0,0,0,172
11/08/2003,SHV,LA,ASW,CE,Towers with Radar,4,63,25,5,97,0,0,0,1,1,4,63,25,6,98,0,0,0,98
11/09/2003,SHV,LA,ASW,CE,Towers with Radar,5,60,35,6,106,0,0,1,1,2,5,60,36,7,108,12,4,16,124
11/10/2003,SHV,LA,ASW,CE,Towers with Radar,0,78,51,15,144,0,0,16,5,21,0,78,67,20,165,18,0,18,183
11/11/2003,SHV,LA,ASW,CE,Towers with Radar,14,99,69,13,195,0,0,5,5,10,14,99,74,18,205,3,15,18,223
11/12/2003,SHV,LA,ASW,CE,Towers with Radar,18,114,49,15,196,0,0,2,1,3,18,114,51,16,199,3,0,3,202
11/13/2003,SHV,LA,ASW,CE,Towers with Radar,13,111,57,13,194,0,0,11,3,14,13,111,68,16,208,4,0,4,212
11/14/2003,SHV,LA,ASW,CE,Towers with Radar,11,97,56,31,195,0,0,10,6,16,11,97,66,37,211,10,8,18,229
11/15/2003,SHV,LA,ASW,CE,Towers with Radar,5,61,29,2,97,0,0,6,2,8,5,61,35,4,105,10,0,10,115
11/16/2003,SHV,LA,ASW,CE,Towers with Radar,7,79,26,8,120,0,0,1,0,1,7,79,27,8,121,0,0,0,121
11/17/2003,SHV,LA,ASW,CE,Towers with Radar,3,84,29,7,123,0,0,1,0,1,3,84,30,7,124,0,0,0,124
11/18/2003,SHV,LA,ASW,CE,Towers with Radar,15,79,34,40,168,0,0,10,4,14,15,79,44,44,182,2,56,58,240
11/19/2003,SHV,LA,ASW,CE,Towers with Radar,19,96,46,12,173,0,0,16,1,17,19,96,62,13,190,24,0,24,214
11/20/2003,SHV,LA,ASW,CE,Towers with Radar,18,105,84,9,216,0,0,14,1,15,18,105,98,10,231,2,0,2,233
11/21/2003,SHV,LA,ASW,CE,Towers with Radar,13,106,78,36,233,0,0,10,9,19,13,106,88,45,252,10,20,30,282
11/22/2003,SHV,LA,ASW,CE,Towers with Radar,5,66,46,16,133,0,0,10,0,10,5,66,56,16,143,3,10,13,156
11/23/2003,SHV,LA,ASW,CE,Towers with Radar,5,64,40,7,116,0,0,0,2,2,5,64,40,9,118,2,0,2,120
11/24/2003,SHV,LA,ASW,CE,Towers with Radar,2,89,48,13,152,0,0,6,2,8,2,89,54,15,160,2,0,2,162
11/25/2003,SHV,LA,ASW,CE,Towers with Radar,13,107,69,7,196,0,0,12,5,17,13,107,81,12,213,8,0,8,221
11/26/2003,SHV,LA,ASW,CE,Towers with Radar,13,107,55,1,176,0,0,5,1,6,13,107,60,2,182,1,0,1,183
11/27/2003,SHV,LA,ASW,CE,Towers with Radar,4,68,10,0,82,0,0,2,0,2,4,68,12,0,84,4,0,4,88
11/28/2003,SHV,LA,ASW,CE,Towers with Radar,9,65,51,2,127,0,0,9,3,12,9,65,60,5,139,24,0,24,163
11/29/2003,SHV,LA,ASW,CE,Towers with Radar,11,59,50,6,126,0,0,21,9,30,11,59,71,15,156,18,0,18,174
11/30/2003,SHV,LA,ASW,CE,Towers with Radar,5,62,69,0,136,0,0,5,1,6,5,62,74,1,142,12,0,12,154
12/01/2003,SHV,LA,ASW,CE,Towers with Radar,0,83,42,25,150,0,0,12,4,16,0,83,54,29,166,0,4,4,170
12/02/2003,SHV,LA,ASW,CE,Towers with Radar,12,90,50,0,152,0,0,16,22,38,12,90,66,22,190,14,18,32,222
12/03/2003,SHV,LA,ASW,CE,Towers with Radar,10,92,53,23,178,0,0,3,5,8,10,92,56,28,186,7,20,27,213
12/04/2003,SHV,LA,ASW,CE,Towers with Radar,10,95,47,61,213,0,0,7,3,10,10,95,54,64,223,6,33,39,262
12/05/2003,SHV,LA,ASW,CE,Towers with Radar,12,105,47,33,197,0,0,15,2,17,12,105,62,35,214,6,12,18,232
12/06/2003,SHV,LA,ASW,CE,Towers with Radar,6,66,43,13,128,0,0,16,3,19,6,66,59,16,147,30,4,34,181
12/07/2003,SHV,LA,ASW,CE,Towers with Radar,5,61,46,21,133,0,0,17,3,20,5,61,63,24,153,14,16,30,183
12/08/2003,SHV,LA,ASW,CE,Towers with Radar,0,78,46,19,143,0,0,3,5,8,0,78,49,24,151,8,12,20,171
12/09/2003,SHV,LA,ASW,CE,Towers with Radar,14,91,46,5,156,0,0,3,5,8,14,91,49,10,164,4,0,4,168
12/10/2003,SHV,LA,ASW,CE,Towers with Radar,16,108,62,30,216,0,0,5,5,10,16,108,67,35,226,10,30,40,266
12/11/2003,SHV,LA,ASW,CE,Towers with Radar,12,103,73,8,196,0,0,14,0,14,12,103,87,8,210,20,3,23,233
12/12/2003,SHV,LA,ASW,CE,Towers with Radar,16,107,47,28,198,0,0,9,2,11,16,107,56,30,209,32,0,32,241
12/13/2003,SHV,LA,ASW,CE,Towers with Radar,7,72,34,1,114,0,0,2,1,3,7,72,36,2,117,8,0,8,125
12/14/2003,SHV,LA,ASW,CE,Towers with Radar,3,66,46,16,131,0,0,2,4,6,3,66,48,20,137,12,14,26,163
12/15/2003,SHV,LA,ASW,CE,Towers with Radar,0,97,40,6,143,0,0,4,2,6,0,97,44,8,149,4,0,4,153
12/16/2003,SHV,LA,ASW,CE,Towers with Radar,18,97,41,11,167,0,0,3,2,5,18,97,44,13,172,6,2,8,180
12/17/2003,SHV,LA,ASW,CE,Towers with Radar,16,97,52,7,172,0,0,11,0,11,16,97,63,7,183,12,0,12,195
12/18/2003,SHV,LA,ASW,CE,Towers with Radar,17,109,66,6,198,0,0,13,4,17,17,109,79,10,215,6,0,6,221
12/19/2003,SHV,LA,ASW,CE,Towers with Radar,21,108,68,5,202,0,0,6,5,11,21,108,74,10,213,14,10,24,237
12/20/2003,SHV,LA,ASW,CE,Towers with Radar,22,91,42,0,155,0,0,15,1,16,22,91,57,1,171,14,0,14,185
12/21/2003,SHV,LA,ASW,CE,Towers with Radar,5,83,47,1,136,0,0,4,0,4,5,83,51,1,140,14,0,14,154
12/22/2003,SHV,LA,ASW,CE,Towers with Radar,0,85,32,0,117,0,0,4,2,6,0,85,36,2,123,0,1,1,124
12/23/2003,SHV,LA,ASW,CE,Towers with Radar,20,104,39,0,163,0,0,5,0,5,20,104,44,0,168,2,0,2,170
12/24/2003,SHV,LA,ASW,CE,Towers with Radar,14,83,23,2,122,0,0,7,1,8,14,83,30,3,130,0,0,0,130
12/25/2003,SHV,LA,ASW,CE,Towers with Radar,2,56,14,0,72,0,0,3,2,5,2,56,17,2,77,0,0,0,77
12/26/2003,SHV,LA,ASW,CE,Towers with Radar,4,73,45,0,122,0,0,5,4,9,4,73,50,4,131,3,0,3,134
12/27/2003,SHV,LA,ASW,CE,Towers with Radar,5,64,31,1,101,0,0,1,4,5,5,64,32,5,106,10,0,10,116
12/28/2003,SHV,LA,ASW,CE,Towers with Radar,3,62,20,0,85,0,0,0,0,0,3,62,20,0,85,0,0,0,85
12/29/2003,SHV,LA,ASW,CE,Towers with Radar,0,79,36,0,115,0,0,9,0,9,0,79,45,0,124,6,0,6,130
12/30/2003,SHV,LA,ASW,CE,Towers with Radar,13,90,51,1,155,0,0,8,4,12,13,90,59,5,167,16,2,18,185
12/31/2003,SHV,LA,ASW,CE,Towers with Radar,12,69,54,0,135,0,0,11,4,15,12,69,65,4,150,8,12,20,170
01/01/2004,SHV,LA,ASW,CE,Towers with Radar,1,58,53,0,112,4,0,3,0,7,5,58,56,0,119,0,0,0,119
01/02/2004,SHV,LA,ASW,CE,Towers with Radar,5,78,41,0,124,0,0,3,5,8,5,78,44,5,132,4,4,8,140
01/03/2004,SHV,LA,ASW,CE,Towers with Radar,6,62,39,0,107,0,0,4,0,4,6,62,43,0,111,27,3,30,141
01/04/2004,SHV,LA,ASW,CE,Towers with Radar,5,59,26,2,92,0,0,1,0,1,5,59,27,2,93,0,0,0,93
01/05/2004,SHV,LA,ASW,CE,Towers with Radar,0,77,40,0,117,0,0,6,1,7,0,77,46,1,124,0,2,2,126
01/06/2004,SHV,LA,ASW,CE,Towers with Radar,14,96,56,4,170,0,0,11,3,14,14,96,67,7,184,12,0,12,196
01/07/2004,SHV,LA,ASW,CE,Towers with Radar,11,91,49,8,159,0,0,17,0,17,11,91,66,8,176,2,14,16,192
01/08/2004,SHV,LA,ASW,CE,Towers with Radar,12,98,37,2,149,0,0,0,2,2,12,98,37,4,151,1,0,1,152
01/09/2004,SHV,LA,ASW,CE,Towers with Radar,14,92,54,20,180,0,0,11,4,15,14,92,65,24,195,6,30,36,231
01/10/2004,SHV,LA,ASW,CE,Towers with Radar,6,58,39,25,128,0,0,5,7,12,6,58,44,32,140,32,0,32,172
01/11/2004,SHV,LA,ASW,CE,Towers with Radar,5,61,50,25,141,0,0,9,7,16,5,61,59,32,157,8,6,14,171
01/12/2004,SHV,LA,ASW,CE,Towers with Radar,0,81,31,0,112,0,0,5,1,6,0,81,36,1,118,1,0,1,119
01/13/2004,SHV,LA,ASW,CE,Towers with Radar,12,92,66,6,176,0,0,2,1,3,12,92,68,7,179,2,0,2,181
01/14/2004,SHV,LA,ASW,CE,Towers with Radar,11,76,66,7,160,0,0,5,6,11,11,76,71,13,171,4,0,4,175
01/15/2004,SHV,LA,ASW,CE,Towers with Radar,10,95,49,1,155,0,0,9,4,13,10,95,58,5,168,14,0,14,182
01/16/2004,SHV,LA,ASW,CE,Towers with Radar,14,97,34,3,148,0,0,1,3,4,14,97,35,6,152,0,4,4,156
01/17/2004,SHV,LA,ASW,CE,Towers with Radar,6,61,21,0,88,0,0,1,0,1,6,61,22,0,89,0,0,0,89
01/18/2004,SHV,LA,ASW,CE,Towers with Radar,5,64,19,0,88,0,0,0,0,0,5,64,19,0,88,2,0,2,90
01/19/2004,SHV,LA,ASW,CE,Towers with Radar,0,69,30,8,107,0,0,18,0,18,0,69,48,8,125,4,22,26,151
01/20/2004,SHV,LA,ASW,CE,Towers with Radar,10,81,51,8,150,0,0,4,8,12,10,81,55,16,162,13,0,13,175
01/21/2004,SHV,LA,ASW,CE,Towers with Radar,10,93,51,2,156,0,0,9,2,11,10,93,60,4,167,7,6,13,180
01/22/2004,SHV,LA,ASW,CE,Towers with Radar,13,93,56,7,169,0,0,6,0,6,13,93,62,7,175,17,20,37,212
01/23/2004,SHV,LA,ASW,CE,Towers with Radar,13,93,46,34,186,0,0,3,5,8,13,93,49,39,194,4,14,18,212
01/24/2004,SHV,LA,ASW,CE,Towers with Radar,6,63,21,0,90,0,0,0,0,0,6,63,21,0,90,0,0,0,90
01/25/2004,SHV,LA,ASW,CE,Towers with Radar,4,60,25,5,94,0,0,5,2,7,4,60,30,7,101,4,0,4,105
01/26/2004,SHV,LA,ASW,CE,Towers with Radar,7,76,43,19,145,0,0,3,4,7,7,76,46,23,152,14,6,20,172
01/27/2004,SHV,LA,ASW,CE,Towers with Radar,12,91,49,29,181,0,0,6,1,7,12,91,55,30,188,2,35,37,225
01/28/2004,SHV,LA,ASW,CE,Towers with Radar,13,98,51,4,166,0,0,9,1,10,13,98,60,5,176,2,5,7,183
01/29/2004,SHV,LA,ASW,CE,Towers with Radar,10,103,31,35,179,0,0,2,1,3,10,103,33,36,182,28,10,38,220
01/30/2004,SHV,LA,ASW,CE,Towers with Radar,12,102,48,20,182,0,0,2,0,2,12,102,50,20,184,0,0,0,184
01/31/2004,SHV,LA,ASW,CE,Towers with Radar,6,70,22,17,115,0,0,2,2,4,6,70,24,19,119,1,0,1,120
02/01/2004,SHV,LA,ASW,CE,Towers with Radar,3,51,25,5,84,0,0,7,4,11,3,51,32,9,95,20,0,20,115
02/02/2004,SHV,LA,ASW,CE,Towers with Radar,0,79,33,0,112,0,0,4,22,26,0,79,37,22,138,1,4,5,143
02/03/2004,SHV,LA,ASW,CE,Towers with Radar,12,82,52,13,159,0,0,8,5,13,12,82,60,18,172,15,2,17,189
02/04/2004,SHV,LA,ASW,CE,Towers with Radar,10,97,48,26,181,0,0,2,1,3,10,97,50,27,184,2,28,30,214
02/05/2004,SHV,LA,ASW,CE,Towers with Radar,10,93,44,3,150,0,0,0,0,0,10,93,44,3,150,2,0,2,152
02/06/2004,SHV,LA,ASW,CE,Towers with Radar,8,96,65,45,214,0,0,12,6,18,8,96,77,51,232,8,44,52,284
02/07/2004,SHV,LA,ASW,CE,Towers with Radar,5,62,45,28,140,0,0,7,4,11,5,62,52,32,151,0,14,14,165
02/08/2004,SHV,LA,ASW,CE,Towers with Radar,3,58,41,4,106,0,0,5,6,11,3,58,46,10,117,8,0,8,125
02/09/2004,SHV,LA,ASW,CE,Towers with Radar,0,72,32,0,104,0,0,0,0,0,0,72,32,0,104,12,0,12,116
02/10/2004,SHV,LA,ASW,CE,Towers with Radar,12,92,49,21,174,0,0,1,2,3,12,92,50,23,177,2,14,16,193
02/11/2004,SHV,LA,ASW,CE,Towers with Radar,10,93,39,3,145,0,0,0,0,0,10,93,39,3,145,0,0,0,145
02/12/2004,SHV,LA,ASW,CE,Towers with Radar,12,89,61,5,167,0,0,3,4,7,12,89,64,9,174,10,3,13,187
02/13/2004,SHV,LA,ASW,CE,Towers with Radar,14,94,45,14,167,0,0,4,4,8,14,94,49,18,175,6,22,28,203
02/14/2004,SHV,LA,ASW,CE,Towers with Radar,5,49,21,6,81,0,0,0,0,0,5,49,21,6,81,0,0,0,81
02/15/2004,SHV,LA,ASW,CE,Towers with Radar,3,59,37,0,99,0,0,7,1,8,3,59,44,1,107,6,0,6,113
02/16/2004,SHV,LA,ASW,CE,Towers with Radar,0,80,73,7,160,0,0,10,2,12,0,80,83,9,172,20,0,20,192
02/17/2004,SHV,LA,ASW,CE,Towers with Radar,10,88,48,14,160,0,0,9,0,9,10,88,57,14,169,41,6,47,216
02/18/2004,SHV,LA,ASW,CE,Towers with Radar,16,88,77,21,202,0,0,44,6,50,16,88,121,27,252,38,26,64,316
02/19/2004,SHV,LA,ASW,CE,Towers with Radar,5,59,28,21,113,0,0,8,2,10,5,59,36,23,123,4,0,4,127
02/20/2004,SHV,LA,ASW,CE,Towers with Radar,10,95,51,19,175,0,0,5,1,6,10,95,56,20,181,7,18,25,206
02/21/2004,SHV,LA,ASW,CE,Towers with Radar,5,56,51,26,138,0,0,9,7,16,5,56,60,33,154,27,3,30,184
02/22/2004,SHV,LA,ASW,CE,Towers with Radar,3,61,49,15,128,0,0,3,2,5,3,61,52,17,133,9,5,14,147
02/23/2004,SHV,LA,ASW,CE,Towers with Radar,2,74,34,7,117,0,0,2,0,2,2,74,36,7,119,0,0,0,119
02/24/2004,SHV,LA,ASW,CE,Towers with Radar,10,94,32,5,141,0,0,0,0,0,10,94,32,5,141,0,2,2,143
02/25/2004,SHV,LA,ASW,CE,Towers with Radar,10,94,43,1,148,0,0,0,0,0,10,94,43,1,148,0,0,0,148
02/26/2004,SHV,LA,ASW,CE,Towers with Radar,9,89,52,9,159,0,0,9,4,13,9,89,61,13,172,14,0,14,186
02/27/2004,SHV,LA,ASW,CE,Towers with Radar,10,99,59,30,198,0,0,11,3,14,10,99,70,33,212,22,1,23,235
02/28/2004,SHV,LA,ASW,CE,Towers with Radar,5,59,28,21,113,0,0,8,2,10,5,59,36,23,123,5,6,11,134
02/29/2004,SHV,LA,ASW,CE,Towers with Radar,3,75,18,3,99,0,0,1,1,2,3,75,19,4,101,4,0,4,105
03/01/2004,SHV,LA,ASW,CE,Towers with Radar,0,71,42,9,122,0,0,9,0,9,0,71,51,9,131,0,1,1,132
03/02/2004,SHV,LA,ASW,CE,Towers with Radar,11,95,48,0,154,0,0,4,15,19,11,95,52,15,173,3,22,25,198
03/03/2004,SHV,LA,ASW,CE,Towers with Radar,12,103,48,5,168,0,0,2,4,6,12,103,50,9,174,4,18,22,196
03/04/2004,SHV,LA,ASW,CE,Towers with Radar,18,96,25,0,139,0,0,1,1,2,18,96,26,1,141,4,18,22,163
03/05/2004,SHV,LA,ASW,CE,Towers with Radar,10,94,42,26,172,0,0,4,2,6,10,94,46,28,178,3,12,15,193
03/06/2004,SHV,LA,ASW,CE,Towers with Radar,5,56,38,27,126,0,0,11,3,14,5,56,49,30,140,16,47,63,203
03/07/2004,SHV,LA,ASW,CE,Towers with Radar,3,66,41,4,114,0,0,7,1,8,3,66,48,5,122,30,0,30,152
03/08/2004,SHV,LA,ASW,CE,Towers with Radar,0,59,32,11,102,0,0,6,0,6,0,59,38,11,108,4,16,20,128
03/09/2004,SHV,LA,ASW,CE,Towers with Radar,10,82,58,8,158,0,0,8,5,13,10,82,66,13,171,7,0,7,178
03/10/2004,SHV,LA,ASW,CE,Towers with Radar,8,94,55,4,161,0,0,13,4,17,8,94,68,8,178,16,1,17,195
03/11/2004,SHV,LA,ASW,CE,Towers with Radar,8,88,53,39,188,0,0,8,3,11,8,88,61,42,199,14,32,46,245
03/12/2004,SHV,LA,ASW,CE,Towers with Radar,10,92,50,23,175,0,0,5,1,6,10,92,55,24,181,4,0,4,185
03/13/2004,SHV,LA,ASW,CE,Towers with Radar,5,58,24,30,117,0,0,5,5,10,5,58,29,35,127,8,0,8,135
03/14/2004,SHV,LA,ASW,CE,Towers with Radar,3,56,19,15,93,0,0,0,0,0,3,56,19,15,93,0,0,0,93
03/15/2004,SHV,LA,ASW,CE,Towers with Radar,0,62,50,2,114,0,0,2,0,2,0,62,52,2,116,12,0,12,128
03/16/2004,SHV,LA,ASW,CE,Towers with Radar,10,87,68,45,210,0,0,10,2,12,10,87,78,47,222,30,44,74,296
03/17/2004,SHV,LA,ASW,CE,Towers with Radar,10,79,56,7,152,0,0,4,2,6,10,79,60,9,158,8,2,10,168
03/18/2004,SHV,LA,ASW,CE,Towers with Radar,10,78,54,56,198,0,0,11,3,14,10,78,65,59,212,26,64,90,302
03/19/2004,SHV,LA,ASW,CE,Towers with Radar,10,84,74,14,182,0,0,7,2,9,10,84,81,16,191,34,6,40,231
03/20/2004,SHV,LA,ASW,CE,Towers with Radar,6,61,42,9,118,0,0,7,0,7,6,61,49,9,125,4,4,8,133
03/21/2004,SHV,LA,ASW,CE,Towers with Radar,3,55,42,7,107,0,0,7,2,9,3,55,49,9,116,21,6,27,143
03/22/2004,SHV,LA,ASW,CE,Towers with Radar,0,68,47,25,140,0,0,3,2,5,0,68,50,27,145,4,37,41,186
03/23/2004,SHV,LA,ASW,CE,Towers with Radar,11,81,53,12,157,0,0,10,2,12,11,81,63,14,169,12,2,14,183
03/24/2004,SHV,LA,ASW,CE,Towers with Radar,0,81,51,28,160,0,0,7,1,8,0,81,58,29,168,8,28,36,204
03/25/2004,SHV,LA,ASW,CE,Towers with Radar,10,84,63,6,163,0,0,4,1,5,10,84,67,7,168,15,0,15,183
03/26/2004,SHV,LA,ASW,CE,Towers with Radar,12,82,63,28,185,0,0,9,5,14,12,82,72,33,199,4,25,29,228
03/27/2004,SHV,LA,ASW,CE,Towers with Radar,5,52,29,26,112,0,0,4,0,4,5,52,33,26,116,15,25,40,156
03/28/2004,SHV,LA,ASW,CE,Towers with Radar,6,60,33,12,111,0,0,4,7,11,6,60,37,19,122,28,0,28,150
03/29/2004,SHV,LA,ASW,CE,Towers with Radar,1,70,29,15,115,0,0,8,4,12,1,70,37,19,127,12,16,28,155
03/30/2004,SHV,LA,ASW,CE,Towers with Radar,9,76,56,2,143,0,0,12,2,14,9,76,68,4,157,42,0,42,199
03/31/2004,SHV,LA,ASW,CE,Towers with Radar,17,102,66,15,200,0,0,19,3,22,17,102,85,18,222,16,2,18,240
04/01/2004,SHV,LA,ASW,CE,Towers with Radar,10,74,54,33,171,0,0,9,3,12,10,74,63,36,183,10,50,60,243
04/02/2004,SHV,LA,ASW,CE,Towers with Radar,8,77,49,0,134,0,0,7,26,33,8,77,56,26,167,15,18,33,200
04/03/2004,SHV,LA,ASW,CE,Towers with Radar,5,53,23,14,95,0,0,9,4,13,5,53,32,18,108,10,22,32,140
04/04/2004,SHV,LA,ASW,CE,Towers with Radar,3,53,42,35,133,0,0,15,3,18,3,53,57,38,151,18,0,18,169
04/05/2004,SHV,LA,ASW,CE,Towers with Radar,1,69,48,31,149,0,0,2,0,2,1,69,50,31,151,8,6,14,165
04/06/2004,SHV,LA,ASW,CE,Towers with Radar,11,77,66,25,179,0,0,6,2,8,11,77,72,27,187,6,22,28,215
04/07/2004,SHV,LA,ASW,CE,Towers with Radar,11,74,56,3,144,0,0,6,3,9,11,74,62,6,153,4,1,5,158
04/08/2004,SHV,LA,ASW,CE,Towers with Radar,13,81,69,6,169,0,0,9,2,11,13,81,78,8,180,8,0,8,188
04/09/2004,SHV,LA,ASW,CE,Towers with Radar,14,76,47,47,184,0,0,3,5,8,14,76,50,52,192,11,44,55,247
04/10/2004,SHV,LA,ASW,CE,Towers with Radar,5,50,13,3,71,0,0,4,4,8,5,50,17,7,79,22,0,22,101
04/11/2004,SHV,LA,ASW,CE,Towers with Radar,4,57,21,2,84,0,0,2,0,2,4,57,23,2,86,1,0,1,87
04/12/2004,SHV,LA,ASW,CE,Towers with Radar,0,66,35,10,111,0,0,1,0,1,0,66,36,10,112,1,0,1,113
04/13/2004,SHV,LA,ASW,CE,Towers with Radar,11,76,61,4,152,0,0,7,4,11,11,76,68,8,163,5,3,8,171
04/14/2004,SHV,LA,ASW,CE,Towers with Radar,12,77,87,23,199,0,0,8,6,14,12,77,95,29,213,12,16,28,241
04/15/2004,SHV,LA,ASW,CE,Towers with Radar,12,79,66,10,167,0,0,11,5,16,12,79,77,15,183,31,14,45,228
04/16/2004,SHV,LA,ASW,CE,Towers with Radar,8,84,42,4,138,0,0,10,4,14,8,84,52,8,152,6,0,6,158
04/17/2004,SHV,LA,ASW,CE,Towers with Radar,7,52,33,7,99,0,0,8,2,10,7,52,41,9,109,41,0,41,150
04/18/2004,SHV,LA,ASW,CE,Towers with Radar,3,57,33,6,99,0,0,4,1,5,3,57,37,7,104,39,0,39,143
04/19/2004,SHV,LA,ASW,CE,Towers with Radar,0,65,46,5,116,0,0,3,1,4,0,65,49,6,120,1,0,1,121
04/20/2004,SHV,LA,ASW,CE,Towers with Radar,9,74,60,5,148,0,0,3,1,4,9,74,63,6,152,9,1,10,162
04/21/2004,SHV,LA,ASW,CE,Towers with Radar,10,77,42,1,130,0,0,6,5,11,10,77,48,6,141,4,0,4,145
04/22/2004,SHV,LA,ASW,CE,Towers with Radar,12,82,67,6,167,0,0,1,8,9,12,82,68,14,176,6,3,9,185
04/23/2004,SHV,LA,ASW,CE,Towers with Radar,5,58,34,1,98,0,0,3,1,4,5,58,37,2,102,9,0,9,111
04/24/2004,SHV,LA,ASW,CE,Towers with Radar,10,56,8,3,77,0,0,0,2,2,10,56,8,5,79,2,0,2,81
04/25/2004,SHV,LA,ASW,CE,Towers with Radar,5,62,26,4,97,0,0,1,0,1,5,62,27,4,98,0,0,0,98
04/26/2004,SHV,LA,ASW,CE,Towers with Radar,0,65,38,2,105,0,0,5,4,9,0,65,43,6,114,5,0,5,119
04/27/2004,SHV,LA,ASW,CE,Towers with Radar,8,81,57,4,150,0,0,6,1,7,8,81,63,5,157,6,1,7,164
04/28/2004,SHV,LA,ASW,CE,Towers with Radar,8,83,64,2,157,0,0,12,3,15,8,83,76,5,172,8,0,8,180
04/29/2004,SHV,LA,ASW,CE,Towers with Radar,8,98,40,0,146,0,0,1,4,5,8,98,41,4,151,0,0,0,151
04/30/2004,SHV,LA,ASW,CE,Towers with Radar,9,87,52,6,154,0,0,1,2,3,9,87,53,8,157,2,8,10,167
05/01/2004,SHV,LA,ASW,CE,Towers with Radar,3,63,13,1,80,2,0,1,3,6,5,63,14,4,86,0,0,0,86
05/02/2004,SHV,LA,ASW,CE,Towers with Radar,3,60,42,0,105,0,0,7,5,12,3,60,49,5,117,16,4,20,137
05/03/2004,SHV,LA,ASW,CE,Towers with Radar,0,76,38,7,121,0,0,11,4,15,0,76,49,11,136,43,0,43,179
05/04/2004,SHV,LA,ASW,CE,Towers with Radar,6,83,61,3,153,0,0,11,2,13,6,83,72,5,166,3,0,3,169
05/05/2004,SHV,LA,ASW,CE,Towers with Radar,10,79,53,0,142,0,0,8,1,9,10,79,61,1,151,7,0,7,158
05/06/2004,SHV,LA,ASW,CE,Towers with Radar,12,81,57,1,151,0,0,12,1,13,12,81,69,2,164,7,0,7,171
05/07/2004,SHV,LA,ASW,CE,Towers with Radar,12,87,54,1,154,0,0,7,3,10,12,87,61,4,164,19,0,19,183
05/08/2004,SHV,LA,ASW,CE,Towers with Radar,7,67,26,4,104,0,0,4,2,6,7,67,30,6,110,9,32,41,151
05/09/2004,SHV,LA,ASW,CE,Towers with Radar,5,65,34,5,109,0,0,5,2,7,5,65,39,7,116,8,0,8,124
05/10/2004,SHV,LA,ASW,CE,Towers with Radar,0,75,60,4,139,0,0,13,4,17,0,75,73,8,156,3,0,3,159
05/11/2004,SHV,LA,ASW,CE,Towers with Radar,8,79,45,2,134,0,0,4,3,7,8,79,49,5,141,5,0,5,146
05/12/2004,SHV,LA,ASW,CE,Towers with Radar,7,90,43,0,140,0,0,2,2,4,7,90,45,2,144,3,0,3,147
05/13/2004,SHV,LA,ASW,CE,Towers with Radar,10,80,38,0,128,0,0,3,2,5,10,80,41,2,133,4,0,4,137
05/14/2004,SHV,LA,ASW,CE,Towers with Radar,10,91,40,2,143,0,0,5,1,6,10,91,45,3,149,22,0,22,171
05/15/2004,SHV,LA,ASW,CE,Towers with Radar,5,66,25,2,98,0,0,3,2,5,5,66,28,4,103,8,0,8,111
05/16/2004,SHV,LA,ASW,CE,Towers with Radar,5,60,39,19,123,0,0,8,1,9,5,60,47,20,132,38,0,38,170
05/17/2004,SHV,LA,ASW,CE,Towers with Radar,4,79,47,7,137,0,0,7,3,10,4,79,54,10,147,18,4,22,169
05/18/2004,SHV,LA,ASW,CE,Towers with Radar,6,88,49,60,203,0,0,6,4,10,6,88,55,64,213,32,66,98,311
05/19/2004,SHV,LA,ASW,CE,Towers with Radar,7,83,47,21,158,0,0,7,6,13,7,83,54,27,171,7,20,27,198
05/20/2004,SHV,LA,ASW,CE,Towers with Radar,8,86,63,24,181,0,0,11,6,17,8,86,74,30,198,25,25,50,248
05/21/2004,SHV,LA,ASW,CE,Towers with Radar,6,86,41,22,155,0,0,5,4,9,6,86,46,26,164,3,24,27,191
05/22/2004,SHV,LA,ASW,CE,Towers with Radar,5,64,34,5,108,0,0,5,0,5,5,64,39,5,113,22,2,24,137
05/23/2004,SHV,LA,ASW,CE,Towers with Radar,3,66,30,35,134,0,0,7,7,14,3,66,37,42,148,33,3,36,184
05/24/2004,SHV,LA,ASW,CE,Towers with Radar,0,82,30,10,122,0,0,4,1,5,0,82,34,11,127,15,10,25,152
05/25/2004,SHV,LA,ASW,CE,Towers with Radar,8,86,42,6,142,0,0,9,7,16,8,86,51,13,158,12,2,14,172
05/26/2004,SHV,LA,ASW,CE,Towers with Radar,10,93,36,5,144,0,0,5,2,7,10,93,41,7,151,0,0,0,151
05/27/2004,SHV,LA,ASW,CE,Towers with Radar,12,98,56,15,181,0,0,4,3,7,12,98,60,18,188,5,22,27,215
05/28/2004,SHV,LA,ASW,CE,Towers with Radar,11,85,55,22,173,0,0,7,3,10,11,85,62,25,183,56,22,78,261
05/29/2004,SHV,LA,ASW,CE,Towers with Radar,5,59,17,6,87,0,0,3,4,7,5,59,20,10,94,8,0,8,102
05/30/2004,SHV,LA,ASW,CE,Towers with Radar,2,56,25,2,85,0,0,2,0,2,2,56,27,2,87,0,0,0,87
05/31/2004,SHV,LA,ASW,CE,Towers with Radar,0,67,36,0,103,0,0,5,0,5,0,67,41,0,108,4,0,4,112
06/01/2004,SHV,LA,ASW,CE,Towers with Radar,3,72,43,5,123,0,0,14,0,14,3,72,57,5,137,4,0,4,141
06/02/2004,SHV,LA,ASW,CE,Towers with Radar,9,77,51,4,141,12,0,1,0,13,21,77,52,4,154,8,0,8,162
06/03/2004,SHV,LA,ASW,CE,Towers with Radar,7,83,53,6,149,0,0,8,17,25,7,83,61,23,174,31,2,33,207
06/04/2004,SHV,LA,ASW,CE,Towers with Radar,10,108,58,4,180,1,0,1,0,2,11,108,59,4,182,28,0,28,210
06/05/2004,SHV,LA,ASW,CE,Towers with Radar,6,59,31,2,98,2,8,3,0,13,8,67,34,2,111,22,0,22,133
06/06/2004,SHV,LA,ASW,CE,Towers with Radar,3,55,29,3,90,0,10,2,2,14,3,65,31,5,104,12,0,12,116
06/07/2004,SHV,LA,ASW,CE,Towers with Radar,0,68,27,4,99,0,5,0,12,17,0,73,27,16,116,6,10,16,132
06/08/2004,SHV,LA,ASW,CE,Towers with Radar,7,70,38,4,119,3,22,2,0,27,10,92,40,4,146,4,0,4,150
06/09/2004,SHV,LA,ASW,CE,Towers with Radar,8,88,47,2,145,6,7,9,0,22,14,95,56,2,167,5,0,5,172
06/10/2004,SHV,LA,ASW,CE,Towers with Radar,7,83,55,7,152,0,0,14,9,23,7,83,69,16,175,3,0,3,178
06/11/2004,SHV,LA,ASW,CE,Towers with Radar,6,74,40,5,125,0,0,16,5,21,6,74,56,10,146,7,9,16,162
06/12/2004,SHV,LA,ASW,CE,Towers with Radar,5,60,41,5,111,0,0,4,22,26,5,60,45,27,137,5,29,34,171
06/13/2004,SHV,LA,ASW,CE,Towers with Radar,2,61,37,5,105,0,0,4,26,30,2,61,41,31,135,34,0,34,169
06/14/2004,SHV,LA,ASW,CE,Towers with Radar,2,76,49,6,133,0,0,4,4,8,2,76,53,10,141,14,0,14,155
06/15/2004,SHV,LA,ASW,CE,Towers with Radar,6,73,37,4,120,2,7,0,0,9,8,80,37,4,129,3,0,3,132
06/16/2004,SHV,LA,ASW,CE,Towers with Radar,7,82,39,6,134,5,13,0,3,21,12,95,39,9,155,10,0,10,165
06/17/2004,SHV,LA,ASW,CE,Towers with Radar,8,86,53,6,153,0,0,24,0,24,8,86,77,6,177,4,6,10,187
06/18/2004,SHV,LA,ASW,CE,Towers with Radar,8,101,61,9,179,0,0,0,2,2,8,101,61,11,181,20,0,20,201
06/19/2004,SHV,LA,ASW,CE,Towers with Radar,5,57,29,0,91,0,19,8,0,27,5,76,37,0,118,8,0,8,126
06/20/2004,SHV,LA,ASW,CE,Towers with Radar,3,62,33,2,100,0,0,28,0,28,3,62,61,2,128,6,0,6,134
06/21/2004,SHV,LA,ASW,CE,Towers with Radar,2,70,46,6,124,0,0,8,2,10,2,70,54,8,134,10,0,10,144
06/22/2004,SHV,LA,ASW,CE,Towers with Radar,6,75,39,4,124,2,15,1,0,18,8,90,40,4,142,12,0,12,154
06/23/2004,SHV,LA,ASW,CE,Towers with Radar,6,83,42,6,137,0,16,0,1,17,6,99,42,7,154,4,0,4,158
06/24/2004,SHV,LA,ASW,CE,Towers with Radar,10,97,51,4,162,0,0,7,0,7,10,97,58,4,169,3,0,3,172
06/25/2004,SHV,LA,ASW,CE,Towers with Radar,8,90,50,6,154,2,0,0,1,3,10,90,50,7,157,1,0,1,158
06/26/2004,SHV,LA,ASW,CE,Towers with Radar,4,44,21,2,71,1,29,0,5,35,5,73,21,7,106,7,0,7,113
06/27/2004,SHV,LA,ASW,CE,Towers with Radar,3,36,18,2,59,0,26,7,2,35,3,62,25,4,94,10,0,10,104
06/28/2004,SHV,LA,ASW,CE,Towers with Radar,4,79,43,5,131,0,0,7,0,7,4,79,50,5,138,10,0,10,148
06/29/2004,SHV,LA,ASW,CE,Towers with Radar,8,90,49,5,152,11,0,11,0,22,19,90,60,5,174,2,0,2,176
06/30/2004,SHV,LA,ASW,CE,Towers with Radar,7,83,43,4,137,4,9,4,0,17,11,92,47,4,154,2,0,2,156
07/01/2004,SHV,LA,ASW,CE,Towers with Radar,7,84,46,21,158,1,11,4,5,21,8,95,50,26,179,5,2,7,186
07/02/2004,SHV,LA,ASW,CE,Towers with Radar,7,86,47,17,157,1,18,22,0,41,8,104,69,17,198,38,8,46,244
07/03/2004,SHV,LA,ASW,CE,Towers with Radar,4,47,25,4,80,1,18,7,0,26,5,65,32,4,106,35,0,35,141
07/04/2004,SHV,LA,ASW,CE,Towers with Radar,2,35,19,3,59,0,18,13,0,31,2,53,32,3,90,13,8,21,111
07/05/2004,SHV,LA,ASW,CE,Towers with Radar,0,54,30,3,87,0,5,15,0,20,0,59,45,3,107,23,0,23,130
07/06/2004,SHV,LA,ASW,CE,Towers with Radar,1,66,42,11,120,0,0,17,0,17,1,66,59,11,137,8,16,24,161
07/07/2004,SHV,LA,ASW,CE,Towers with Radar,6,90,50,14,160,0,4,4,0,8,6,94,54,14,168,26,14,40,208
07/08/2004,SHV,LA,ASW,CE,Towers with Radar,6,88,58,27,179,0,0,1,25,26,6,88,59,52,205,35,33,68,273
07/09/2004,SHV,LA,ASW,CE,Towers with Radar,6,84,52,19,161,0,0,1,0,1,6,84,53,19,162,7,0,7,169
07/10/2004,SHV,LA,ASW,CE,Towers with Radar,4,57,42,20,123,0,0,0,22,22,4,57,42,42,145,20,65,85,230
07/11/2004,SHV,LA,ASW,CE,Towers with Radar,3,59,37,18,117,0,0,0,36,36,3,59,37,54,153,10,40,50,203
07/12/2004,SHV,LA,ASW,CE,Towers with Radar,0,66,41,19,126,0,0,0,7,7,0,66,41,26,133,13,0,13,146
07/13/2004,SHV,LA,ASW,CE,Towers with Radar,7,84,47,7,145,0,1,9,0,10,7,85,56,7,155,14,0,14,169
07/14/2004,SHV,LA,ASW,CE,Towers with Radar,6,85,53,12,156,0,0,17,0,17,6,85,70,12,173,31,0,31,204
07/15/2004,SHV,LA,ASW,CE,Towers with Radar,8,86,57,26,177,0,0,13,10,23,8,86,70,36,200,9,51,60,260
07/16/2004,SHV,LA,ASW,CE,Towers with Radar,6,83,43,22,154,2,6,0,18,26,8,89,43,40,180,9,46,55,235
07/17/2004,SHV,LA,ASW,CE,Towers with Radar,3,49,28,13,93,1,10,5,3,19,4,59,33,16,112,13,11,24,136
07/18/2004,SHV,LA,ASW,CE,Towers with Radar,3,61,36,13,113,0,0,24,0,24,3,61,60,13,137,14,0,14,151
07/19/2004,SHV,LA,ASW,CE,Towers with Radar,0,67,40,11,118,0,0,10,0,10,0,67,50,11,128,16,0,16,144
07/20/2004,SHV,LA,ASW,CE,Towers with Radar,6,81,44,15,146,2,8,34,0,44,8,89,78,15,190,20,16,36,226
07/21/2004,SHV,LA,ASW,CE,Towers with Radar,6,89,57,27,179,0,0,9,17,26,6,89,66,44,205,10,60,70,275
07/22/2004,SHV,LA,ASW,CE,Towers with Radar,6,90,40,24,160,0,1,0,7,8,6,91,40,31,168,20,2,22,190
07/23/2004,SHV,LA,ASW,CE,Towers with Radar,6,90,52,24,172,0,0,4,14,18,6,90,56,38,190,23,29,52,242
07/24/2004,SHV,LA,ASW,CE,Towers with Radar,4,58,32,16,110,1,0,12,10,23,5,58,44,26,133,13,20,33,166
07/25/2004,SHV,LA,ASW,CE,Towers with Radar,4,64,34,17,119,1,3,3,21,28,5,67,37,38,147,20,14,34,181
07/26/2004,SHV,LA,ASW,CE,Towers with Radar,0,73,40,14,127,0,0,4,0,4,0,73,44,14,131,1,0,1,132
07/27/2004,SHV,LA,ASW,CE,Towers with Radar,6,79,42,12,139,0,5,6,0,11,6,84,48,12,150,6,6,12,162
07/28/2004,SHV,LA,ASW,CE,Towers with Radar,6,87,46,17,156,13,11,0,0,24,19,98,46,17,180,5,2,7,187
07/29/2004,SHV,LA,ASW,CE,Towers with Radar,7,94,51,9,161,23,4,2,0,29,30,98,53,9,190,10,0,10,200
07/30/2004,SHV,LA,ASW,CE,Towers with Radar,6,77,41,20,144,0,10,0,23,33,6,87,41,43,177,22,19,41,218
07/31/2004,SHV,LA,ASW,CE,Towers with Radar,4,58,32,15,109,1,0,11,23,35,5,58,43,38,144,9,2,11,155
08/01/2004,SHV,LA,ASW,CE,Towers with Radar,4,61,31,18,114,0,0,0,29,29,4,61,31,47,143,7,26,33,176
08/02/2004,SHV,LA,ASW,CE,Towers with Radar,0,68,34,16,118,0,0,0,0,0,0,68,34,16,118,6,12,18,136
08/03/2004,SHV,LA,ASW,CE,Towers with Radar,8,77,43,5,133,0,16,0,0,16,8,93,43,5,149,17,0,17,166
08/04/2004,SHV,LA,ASW,CE,Towers with Radar,7,81,48,11,147,0,3,32,0,35,7,84,80,11,182,28,0,28,210
08/05/2004,SHV,LA,ASW,CE,Towers with Radar,6,90,52,7,155,0,0,12,0,12,6,90,64,7,167,13,0,13,180
08/06/2004,SHV,LA,ASW,CE,Towers with Radar,6,87,43,25,161,0,0,0,21,21,6,87,43,46,182,12,17,29,211
08/07/2004,SHV,LA,ASW,CE,Towers with Radar,5,66,40,18,129,0,0,8,10,18,5,66,48,28,147,30,15,45,192
08/08/2004,SHV,LA,ASW,CE,Towers with Radar,3,66,40,17,126,0,0,2,19,21,3,66,42,36,147,16,1,17,164
08/09/2004,SHV,LA,ASW,CE,Towers with Radar,0,76,44,17,137,0,2,3,0,5,0,78,47,17,142,8,12,20,162
08/10/2004,SHV,LA,ASW,CE,Towers with Radar,7,72,42,18,139,1,18,7,0,26,8,90,49,18,165,0,4,4,169
08/11/2004,SHV,LA,ASW,CE,Towers with Radar,6,79,50,23,158,0,0,24,42,66,6,79,74,65,224,2,68,70,294
08/12/2004,SHV,LA,ASW,CE,Towers with Radar,8,83,51,13,155,4,0,17,0,21,12,83,68,13,176,7,15,22,198
08/13/2004,SHV,LA,ASW,CE,Towers with Radar,10,97,58,26,191,4,0,1,45,50,14,97,59,71,241,15,87,102,343
08/14/2004,SHV,LA,ASW,CE,Towers with Radar,5,57,37,18,117,0,0,10,16,26,5,57,47,34,143,18,34,52,195
08/15/2004,SHV,LA,ASW,CE,Towers with Radar,3,59,37,10,109,0,0,2,0,2,3,59,39,10,111,14,0,14,125
08/16/2004,SHV,LA,ASW,CE,Towers with Radar,0,71,40,12,123,0,2,1,0,3,0,73,41,12,126,6,1,7,133
08/17/2004,SHV,LA,ASW,CE,Towers with Radar,8,78,55,26,167,5,0,16,15,36,13,78,71,41,203,9,44,53,256
08/18/2004,SHV,LA,ASW,CE,Towers with Radar,8,94,53,17,172,4,0,25,0,29,12,94,78,17,201,20,16,36,237
08/19/2004,SHV,LA,ASW,CE,Towers with Radar,5,58,33,2,98,7,16,14,0,37,12,74,47,2,135,8,0,8,143
08/20/2004,SHV,LA,ASW,CE,Towers with Radar,6,70,40,4,120,6,10,14,0,30,12,80,54,4,150,2,0,2,152
08/21/2004,SHV,LA,ASW,CE,Towers with Radar,3,53,23,14,93,0,7,0,0,7,3,60,23,14,100,38,2,40,140
08/22/2004,SHV,LA,ASW,CE,Towers with Radar,3,53,23,14,93,0,7,0,0,7,3,60,23,14,100,3,0,3,103
08/23/2004,SHV,LA,ASW,CE,Towers with Radar,3,62,35,5,105,0,6,1,0,7,3,68,36,5,112,0,0,0,112
08/24/2004,SHV,LA,ASW,CE,Towers with Radar,9,91,58,25,183,5,0,9,0,14,14,91,67,25,197,9,19,28,225
08/25/2004,SHV,LA,ASW,CE,Towers with Radar,10,97,63,29,199,5,0,0,21,26,15,97,63,50,225,11,52,63,288
08/26/2004,SHV,LA,ASW,CE,Towers with Radar,9,101,57,21,188,3,0,0,0,3,12,101,57,21,191,4,16,20,211
08/27/2004,SHV,LA,ASW,CE,Towers with Radar,8,89,51,23,171,6,0,27,1,34,14,89,78,24,205,42,0,42,247
08/28/2004,SHV,LA,ASW,CE,Towers with Radar,3,43,22,10,78,2,26,0,3,31,5,69,22,13,109,20,10,30,139
08/29/2004,SHV,LA,ASW,CE,Towers with Radar,3,57,32,13,105,0,6,18,0,24,3,63,50,13,129,16,0,16,145
08/30/2004,SHV,LA,ASW,CE,Towers with Radar,2,73,45,21,141,0,0,1,2,3,2,73,46,23,144,5,24,29,173
08/31/2004,SHV,LA,ASW,CE,Towers with Radar,8,93,54,14,169,1,0,18,0,19,9,93,72,14,188,4,2,6,194
09/01/2004,SHV,LA,ASW,CE,Towers with Radar,8,88,54,4,154,0,0,0,0,0,8,88,54,4,154,6,0,6,160
09/02/2004,SHV,LA,ASW,CE,Towers with Radar,10,90,58,21,179,0,0,0,12,12,10,90,58,33,191,8,2,10,201
09/03/2004,SHV,LA,ASW,CE,Towers with Radar,9,84,42,17,152,3,0,0,16,19,12,84,42,33,171,7,46,53,224
09/04/2004,SHV,LA,ASW,CE,Towers with Radar,5,50,13,9,77,0,15,0,17,32,5,65,13,26,109,0,0,0,109
09/05/2004,SHV,LA,ASW,CE,Towers with Radar,2,39,24,7,72,0,10,11,16,37,2,49,35,23,109,18,1,19,128
09/06/2004,SHV,LA,ASW,CE,Towers with Radar,0,47,29,9,85,0,10,6,3,19,0,57,35,12,104,10,20,30,134
09/07/2004,SHV,LA,ASW,CE,Towers with Radar,1,76,46,16,139,0,0,0,6,6,1,76,46,22,145,12,8,20,165
09/08/2004,SHV,LA,ASW,CE,Towers with Radar,9,84,54,17,164,1,0,10,3,14,10,84,64,20,178,17,1,18,196
09/09/2004,SHV,LA,ASW,CE,Towers with Radar,8,86,57,18,169,0,0,27,3,30,8,86,84,21,199,38,0,38,237
09/10/2004,SHV,LA,ASW,CE,Towers with Radar,8,88,64,20,180,0,0,22,11,33,8,88,86,31,213,23,24,47,260
09/11/2004,SHV,LA,ASW,CE,Towers with Radar,7,59,40,12,118,2,0,5,16,23,9,59,45,28,141,14,4,18,159
09/12/2004,SHV,LA,ASW,CE,Towers with Radar,3,58,43,13,117,0,0,20,9,29,3,58,63,22,146,18,2,20,166
09/13/2004,SHV,LA,ASW,CE,Towers with Radar,0,71,46,8,125,0,0,0,0,0,0,71,46,8,125,19,0,19,144
09/14/2004,SHV,LA,ASW,CE,Towers with Radar,11,92,61,21,185,1,0,0,8,9,12,92,61,29,194,6,10,16,210
09/15/2004,SHV,LA,ASW,CE,Towers with Radar,7,79,49,16,151,7,1,5,14,27,14,80,54,30,178,5,22,27,205
09/16/2004,SHV,LA,ASW,CE,Towers with Radar,7,78,48,16,149,1,1,3,0,5,8,79,51,16,154,8,8,16,170
09/17/2004,SHV,LA,ASW,CE,Towers with Radar,7,76,35,15,133,7,9,0,0,16,14,85,35,15,149,17,10,27,176
09/18/2004,SHV,LA,ASW,CE,Towers with Radar,5,54,27,11,97,1,11,0,5,17,6,65,27,16,114,5,0,5,119
09/19/2004,SHV,LA,ASW,CE,Towers with Radar,6,65,42,14,127,2,0,11,6,19,8,65,53,20,146,13,22,35,181
09/20/2004,SHV,LA,ASW,CE,Towers with Radar,0,75,45,5,125,0,1,15,0,16,0,76,60,5,141,1,0,1,142
09/21/2004,SHV,LA,ASW,CE,Towers with Radar,8,75,56,14,153,0,0,7,0,7,8,75,63,14,160,0,0,0,160
09/22/2004,SHV,LA,ASW,CE,Towers with Radar,8,84,55,19,166,0,0,13,18,31,8,84,68,37,197,4,26,30,227
09/23/2004,SHV,LA,ASW,CE,Towers with Radar,8,89,53,8,158,2,0,0,0,2,10,89,53,8,160,1,0,1,161
09/24/2004,SHV,LA,ASW,CE,Towers with Radar,6,68,37,3,114,8,21,0,0,29,14,89,37,3,143,3,0,3,146
09/25/2004,SHV,LA,ASW,CE,Towers with Radar,4,44,26,1,75,2,17,15,0,34,6,61,41,1,109,9,0,9,118
09/26/2004,SHV,LA,ASW,CE,Towers with Radar,5,55,33,10,103,0,12,12,0,24,5,67,45,10,127,9,0,9,136
09/27/2004,SHV,LA,ASW,CE,Towers with Radar,0,72,43,14,129,0,2,13,30,45,0,74,56,44,174,12,45,57,231
09/28/2004,SHV,LA,ASW,CE,Towers with Radar,7,74,44,14,139,0,3,33,0,36,7,77,77,14,175,7,0,7,182
09/29/2004,SHV,LA,ASW,CE,Towers with Radar,7,78,46,3,134,4,7,32,0,43,11,85,78,3,177,22,0,22,199
09/30/2004,SHV,LA,ASW,CE,Towers with Radar,7,78,46,5,136,6,13,22,0,41,13,91,68,5,177,13,2,15,192
10/01/2004,SHV,LA,ASW,CE,Combined TRACON& Tower with Radar,8,94,44,24,170,0,0,7,5,12,8,94,51,29,182,8,26,34,216
10/02/2004,SHV,LA,ASW,CE,Combined TRACON& Tower with Radar,5,58,27,15,105,0,0,0,4,4,5,58,27,19,109,14,12,26,135
10/03/2004,SHV,LA,ASW,CE,Combined TRACON& Tower with Radar,3,61,59,3,126,0,0,12,0,12,3,61,71,3,138,10,0,10,148
10/04/2004,SHV,LA,ASW,CE,Combined TRACON& Tower with Radar,0,64,24,1,89,0,0,4,1,5,0,64,28,2,94,0,0,0,94
10/05/2004,SHV,LA,ASW,CE,Combined TRACON& Tower with Radar,8,85,58,27,178,0,0,9,3,12,8,85,67,30,190,56,16,72,262
10/06/2004,SHV,LA,ASW,CE,Combined TRACON& Tower with Radar,8,87,47,58,200,0,0,10,1,11,8,87,57,59,211,34,66,100,311
10/07/2004,SHV,LA,ASW,CE,Combined TRACON& Tower with Radar,8,100,53,3,164,0,0,5,4,9,8,100,58,7,173,0,0,0,173
10/08/2004,SHV,LA,ASW,CE,Combined TRACON& Tower with Radar,9,90,44,2,145,0,0,0,1,1,9,90,44,3,146,0,0,0,146
10/09/2004,SHV,LA,ASW,CE,Combined TRACON& Tower with Radar,5,56,19,0,80,0,0,0,0,0,5,56,19,0,80,0,0,0,80
10/10/2004,SHV,LA,ASW,CE,Combined TRACON& Tower with Radar,4,62,16,3,85,0,0,0,0,0,4,62,16,3,85,0,0,0,85
10/11/2004,SHV,LA,ASW,CE,Combined TRACON& Tower with Radar,0,76,26,4,106,0,0,6,0,6,0,76,32,4,112,0,0,0,112
10/12/2004,SHV,LA,ASW,CE,Combined TRACON& Tower with Radar,12,86,75,7,180,0,0,3,6,9,12,86,78,13,189,6,0,6,195
10/13/2004,SHV,LA,ASW,CE,Combined TRACON& Tower with Radar,11,83,68,19,181,0,0,10,4,14,11,83,78,23,195,14,38,52,247
10/14/2004,SHV,LA,ASW,CE,Combined TRACON& Tower with Radar,9,92,73,21,195,0,0,9,6,15,9,92,82,27,210,9,20,29,239
10/15/2004,SHV,LA,ASW,CE,Combined TRACON& Tower with Radar,11,90,61,16,178,0,0,10,4,14,11,90,71,20,192,2,3,5,197
10/16/2004,SHV,LA,ASW,CE,Combined TRACON& Tower with Radar,8,60,43,28,139,0,0,10,6,16,8,60,53,34,155,15,8,23,178
10/17/2004,SHV,LA,ASW,CE,Combined TRACON& Tower with Radar,6,60,45,17,128,0,2,7,2,11,6,62,52,19,139,0,0,0,139
10/18/2004,SHV,LA,ASW,CE,Combined TRACON& Tower with Radar,0,75,55,11,141,0,0,4,1,5,0,75,59,12,146,0,0,0,146
10/19/2004,SHV,LA,ASW,CE,Combined TRACON& Tower with Radar,8,89,56,13,166,0,0,5,4,9,8,89,61,17,175,3,0,3,178
10/20/2004,SHV,LA,ASW,CE,Combined TRACON& Tower with Radar,9,75,56,15,155,0,0,3,5,8,9,75,59,20,163,0,0,0,163
10/21/2004,SHV,LA,ASW,CE,Combined TRACON& Tower with Radar,8,84,64,20,176,0,0,6,3,9,8,84,70,23,185,16,12,28,213
10/22/2004,SHV,LA,ASW,CE,Combined TRACON& Tower with Radar,15,84,73,61,233,0,0,4,3,7,15,84,77,64,240,78,66,144,384
10/23/2004,SHV,LA,ASW,CE,Combined TRACON& Tower with Radar,4,66,21,10,101,0,0,6,3,9,4,66,27,13,110,202,12,214,324
10/24/2004,SHV,LA,ASW,CE,Combined TRACON& Tower with Radar,3,67,88,3,161,0,0,5,5,10,3,67,93,8,171,0,0,0,171
10/25/2004,SHV,LA,ASW,CE,Combined TRACON& Tower with Radar,0,66,44,10,120,0,0,8,0,8,0,66,52,10,128,4,0,4,132
10/26/2004,SHV,LA,ASW,CE,Combined TRACON& Tower with Radar,10,88,55,26,179,0,0,8,1,9,10,88,63,27,188,38,6,44,232
10/27/2004,SHV,LA,ASW,CE,Combined TRACON& Tower with Radar,8,79,76,23,186,0,0,14,6,20,8,79,90,29,206,109,28,137,343
10/28/2004,SHV,LA,ASW,CE,Combined TRACON& Tower with Radar,10,95,55,17,177,0,1,11,3,15,10,96,66,20,192,38,13,51,243
10/29/2004,SHV,LA,ASW,CE,Combined TRACON& Tower with Radar,12,105,68,39,224,0,0,8,1,9,12,105,76,40,233,72,8,80,313
10/30/2004,SHV,LA,ASW,CE,Combined TRACON& Tower with Radar,5,56,58,24,143,0,0,5,1,6,5,56,63,25,149,531,41,572,721
10/31/2004,SHV,LA,ASW,CE,Combined TRACON& Tower with Radar,3,64,60,10,137,0,0,12,5,17,3,64,72,15,154,0,22,22,176
11/01/2004,SHV,LA,ASW,CE,Combined TRACON& Tower with Radar,0,63,20,0,83,0,0,0,0,0,0,63,20,0,83,0,0,0,83
11/02/2004,SHV,LA,ASW,CE,Combined TRACON& Tower with Radar,10,83,36,3,132,0,0,0,0,0,10,83,36,3,132,0,0,0,132
11/03/2004,SHV,LA,ASW,CE,Combined TRACON& Tower with Radar,7,77,55,28,167,0,0,1,0,1,7,77,56,28,168,4,12,16,184
11/04/2004,SHV,LA,ASW,CE,Combined TRACON& Tower with Radar,9,84,85,8,186,0,0,14,2,16,9,84,99,10,202,58,1,59,261
11/05/2004,SHV,LA,ASW,CE,Combined TRACON& Tower with Radar,9,86,56,26,177,0,0,12,1,13,9,86,68,27,190,75,32,107,297
11/06/2004,SHV,LA,ASW,CE,Combined TRACON& Tower with Radar,6,53,107,15,181,0,0,15,2,17,6,53,122,17,198,385,53,438,636
11/07/2004,SHV,LA,ASW,CE,Combined TRACON& Tower with Radar,3,56,74,24,157,0,0,10,1,11,3,56,84,25,168,132,0,132,300
11/08/2004,SHV,LA,ASW,CE,Combined TRACON& Tower with Radar,0,68,52,9,129,0,0,3,2,5,0,68,55,11,134,8,0,8,142
11/09/2004,SHV,LA,ASW,CE,Combined TRACON& Tower with Radar,8,87,64,9,168,0,0,8,0,8,8,87,72,9,176,1,10,11,187
11/10/2004,SHV,LA,ASW,CE,Combined TRACON& Tower with Radar,11,87,65,54,217,0,0,5,2,7,11,87,70,56,224,4,42,46,270
11/11/2004,SHV,LA,ASW,CE,Combined TRACON& Tower with Radar,11,89,48,16,164,0,0,2,1,3,11,89,50,17,167,13,14,27,194
11/12/2004,SHV,LA,ASW,CE,Combined TRACON& Tower with Radar,10,88,50,34,182,0,0,3,0,3,10,88,53,34,185,0,40,40,225
11/13/2004,SHV,LA,ASW,CE,Combined TRACON& Tower with Radar,7,54,44,10,115,0,0,3,4,7,7,54,47,14,122,34,16,50,172
11/14/2004,SHV,LA,ASW,CE,Combined TRACON& Tower with Radar,4,57,47,9,117,0,0,1,0,1,4,57,48,9,118,10,0,10,128
11/15/2004,SHV,LA,ASW,CE,Combined TRACON& Tower with Radar,0,73,58,18,149,0,0,6,0,6,0,73,64,18,155,14,0,14,169
11/16/2004,SHV,LA,ASW,CE,Combined TRACON& Tower with Radar,8,88,40,18,154,0,0,7,2,9,8,88,47,20,163,5,10,15,178
11/17/2004,SHV,LA,ASW,CE,Combined TRACON& Tower with Radar,8,90,52,17,167,0,0,11,2,13,8,90,63,19,180,44,14,58,238
11/18/2004,SHV,LA,ASW,CE,Combined TRACON& Tower with Radar,8,86,53,6,153,0,0,1,0,1,8,86,54,6,154,0,0,0,154
11/19/2004,SHV,LA,ASW,CE,Combined TRACON& Tower with Radar,10,101,57,4,172,0,0,6,0,6,10,101,63,4,178,7,0,7,185
11/20/2004,SHV,LA,ASW,CE,Combined TRACON& Tower with Radar,5,55,42,3,105,0,0,3,1,4,5,55,45,4,109,17,0,17,126
11/21/2004,SHV,LA,ASW,CE,Combined TRACON& Tower with Radar,5,59,26,6,96,0,0,0,0,0,5,59,26,6,96,0,0,0,96
11/22/2004,SHV,LA,ASW,CE,Combined TRACON& Tower with Radar,0,74,38,0,112,0,0,0,0,0,0,74,38,0,112,0,0,0,112
11/23/2004,SHV,LA,ASW,CE,Combined TRACON& Tower with Radar,10,82,30,5,127,0,0,3,0,3,10,82,33,5,130,0,0,0,130
11/24/2004,SHV,LA,ASW,CE,Combined TRACON& Tower with Radar,11,89,55,2,157,0,0,3,0,3,11,89,58,2,160,0,0,0,160
11/25/2004,SHV,LA,ASW,CE,Combined TRACON& Tower with Radar,3,61,22,2,88,0,0,4,2,6,3,61,26,4,94,0,0,0,94
11/26/2004,SHV,LA,ASW,CE,Combined TRACON& Tower with Radar,6,59,30,0,95,0,0,7,0,7,6,59,37,0,102,7,0,7,109
11/27/2004,SHV,LA,ASW,CE,Combined TRACON& Tower with Radar,6,52,22,4,84,0,0,0,4,4,6,52,22,8,88,6,0,6,94
11/28/2004,SHV,LA,ASW,CE,Combined TRACON& Tower with Radar,4,57,45,0,106,0,0,7,5,12,4,57,52,5,118,10,0,10,128
11/29/2004,SHV,LA,ASW,CE,Combined TRACON& Tower with Radar,1,78,41,7,127,0,0,0,4,4,1,78,41,11,131,0,0,0,131
11/30/2004,SHV,LA,ASW,CE,Combined TRACON& Tower with Radar,8,94,37,5,144,0,0,0,2,2,8,94,37,7,146,0,0,0,146
12/01/2004,SHV,LA,ASW,CE,Combined TRACON& Tower with Radar,8,87,65,36,196,0,0,8,8,16,8,87,73,44,212,22,41,63,275
12/02/2004,SHV,LA,ASW,CE,Combined TRACON& Tower with Radar,10,80,79,28,197,0,0,6,5,11,10,80,85,33,208,37,44,81,289
12/03/2004,SHV,LA,ASW,CE,Combined TRACON& Tower with Radar,12,87,62,6,167,0,0,7,9,16,12,87,69,15,183,11,0,11,194
12/04/2004,SHV,LA,ASW,CE,Combined TRACON& Tower with Radar,7,67,30,14,118,0,0,10,5,15,7,67,40,19,133,15,0,15,148
12/05/2004,SHV,LA,ASW,CE,Combined TRACON& Tower with Radar,2,59,20,2,83,0,0,2,0,2,2,59,22,2,85,0,0,0,85
12/06/2004,SHV,LA,ASW,CE,Combined TRACON& Tower with Radar,2,65,38,1,106,0,0,1,2,3,2,65,39,3,109,0,0,0,109
12/07/2004,SHV,LA,ASW,CE,Combined TRACON& Tower with Radar,9,95,58,6,168,0,0,8,2,10,9,95,66,8,178,17,0,17,195
12/08/2004,SHV,LA,ASW,CE,Combined TRACON& Tower with Radar,10,91,70,2,173,0,0,5,6,11,10,91,75,8,184,8,0,8,192
12/09/2004,SHV,LA,ASW,CE,Combined TRACON& Tower with Radar,13,81,49,3,146,0,0,10,7,17,13,81,59,10,163,5,0,5,168
12/10/2004,SHV,LA,ASW,CE,Combined TRACON& Tower with Radar,12,84,56,12,164,0,0,7,3,10,12,84,63,15,174,22,0,22,196
12/11/2004,SHV,LA,ASW,CE,Combined TRACON& Tower with Radar,5,56,25,9,95,0,0,14,3,17,5,56,39,12,112,29,16,45,157
12/12/2004,SHV,LA,ASW,CE,Combined TRACON& Tower with Radar,5,57,41,3,106,0,0,11,4,15,5,57,52,7,121,24,0,24,145
12/13/2004,SHV,LA,ASW,CE,Combined TRACON& Tower with Radar,0,57,46,1,104,5,0,6,6,17,5,57,52,7,121,8,0,8,129
12/14/2004,SHV,LA,ASW,CE,Combined TRACON& Tower with Radar,8,79,67,7,161,0,0,2,4,6,8,79,69,11,167,9,2,11,178
12/15/2004,SHV,LA,ASW,CE,Combined TRACON& Tower with Radar,9,76,65,0,150,0,0,12,5,17,9,76,77,5,167,0,0,0,167
12/16/2004,SHV,LA,ASW,CE,Combined TRACON& Tower with Radar,9,79,48,0,136,0,0,5,1,6,9,79,53,1,142,0,0,0,142
12/17/2004,SHV,LA,ASW,CE,Combined TRACON& Tower with Radar,7,83,51,15,156,0,0,10,2,12,7,83,61,17,168,18,1,19,187
12/18/2004,SHV,LA,ASW,CE,Combined TRACON& Tower with Radar,6,54,32,6,98,0,0,14,7,21,6,54,46,13,119,46,22,68,187
12/19/2004,SHV,LA,ASW,CE,Combined TRACON& Tower with Radar,6,54,33,3,96,0,0,4,3,7,6,54,37,6,103,21,0,21,124
12/20/2004,SHV,LA,ASW,CE,Combined TRACON& Tower with Radar,0,65,42,22,129,0,0,4,7,11,0,65,46,29,140,6,16,22,162
12/21/2004,SHV,LA,ASW,CE,Combined TRACON& Tower with Radar,11,82,58,2,153,0,0,3,4,7,11,82,61,6,160,0,0,0,160
12/22/2004,SHV,LA,ASW,CE,Combined TRACON& Tower with Radar,11,70,28,0,109,0,0,0,1,1,11,70,28,1,110,0,0,0,110
12/23/2004,SHV,LA,ASW,CE,Combined TRACON& Tower with Radar,6,77,41,5,129,0,0,3,4,7,6,77,44,9,136,8,0,8,144
12/24/2004,SHV,LA,ASW,CE,Combined TRACON& Tower with Radar,7,71,38,0,116,0,0,4,1,5,7,71,42,1,121,0,0,0,121
12/25/2004,SHV,LA,ASW,CE,Combined TRACON& Tower with Radar,0,44,8,0,52,0,0,2,0,2,0,44,10,0,54,4,0,4,58
12/26/2004,SHV,LA,ASW,CE,Combined TRACON& Tower with Radar,3,56,35,3,97,0,0,8,4,12,3,56,43,7,109,27,0,27,136
12/27/2004,SHV,LA,ASW,CE,Combined TRACON& Tower with Radar,8,65,32,1,106,0,1,31,6,38,8,66,63,7,144,44,0,44,188
12/28/2004,SHV,LA,ASW,CE,Combined TRACON& Tower with Radar,11,78,46,4,139,0,0,13,0,13,11,78,59,4,152,12,0,12,164
12/29/2004,SHV,LA,ASW,CE,Combined TRACON& Tower with Radar,12,87,89,2,190,0,0,14,5,19,12,87,103,7,209,17,0,17,226
12/30/2004,SHV,LA,ASW,CE,Combined TRACON& Tower with Radar,10,77,36,4,127,0,0,2,0,2,10,77,38,4,129,0,0,0,129
12/31/2004,SHV,LA,ASW,CE,Combined TRACON& Tower with Radar,10,66,35,0,111,0,0,1,0,1,10,66,36,0,112,1,0,1,113
01/01/2005,SHV,LA,ASW,CE,Combined TRACON& Tower with Radar,0,43,16,0,59,0,0,6,0,6,0,43,22,0,65,3,0,3,68
01/02/2005,SHV,LA,ASW,CE,Combined TRACON& Tower with Radar,2,53,27,0,82,0,0,2,0,2,2,53,29,0,84,0,0,0,84
01/03/2005,SHV,LA,ASW,CE,Combined TRACON& Tower with Radar,2,68,34,5,109,0,0,13,0,13,2,68,47,5,122,18,8,26,148
01/04/2005,SHV,LA,ASW,CE,Combined TRACON& Tower with Radar,18,81,50,0,149,0,0,7,0,7,18,81,57,0,156,0,0,0,156
01/05/2005,SHV,LA,ASW,CE,Combined TRACON& Tower with Radar,15,75,52,5,147,0,1,6,5,12,15,76,58,10,159,0,0,0,159
01/06/2005,SHV,LA,ASW,CE,Combined TRACON& Tower with Radar,16,77,46,17,156,0,2,15,0,17,16,79,61,17,173,4,0,4,177
01/07/2005,SHV,LA,ASW,CE,Combined TRACON& Tower with Radar,15,75,31,13,134,0,0,3,0,3,15,75,34,13,137,3,0,3,140
01/08/2005,SHV,LA,ASW,CE,Combined TRACON& Tower with Radar,9,49,21,3,82,0,0,14,0,14,9,49,35,3,96,52,0,52,148
01/09/2005,SHV,LA,ASW,CE,Combined TRACON& Tower with Radar,3,58,27,1,89,0,0,19,0,19,3,58,46,1,108,21,0,21,129
01/10/2005,SHV,LA,ASW,CE,Combined TRACON& Tower with Radar,2,57,22,3,84,0,0,4,0,4,2,57,26,3,88,0,0,0,88
01/11/2005,SHV,LA,ASW,CE,Combined TRACON& Tower with Radar,16,74,29,18,137,0,0,14,0,14,16,74,43,18,151,0,0,0,151
01/12/2005,SHV,LA,ASW,CE,Combined TRACON& Tower with Radar,28,76,45,25,174,0,0,8,1,9,28,76,53,26,183,0,2,2,185
01/13/2005,SHV,LA,ASW,CE,Combined TRACON& Tower with Radar,14,77,49,19,159,0,0,10,1,11,14,77,59,20,170,0,8,8,178
01/14/2005,SHV,LA,ASW,CE,Combined TRACON& Tower with Radar,14,80,26,25,145,0,0,29,3,32,14,80,55,28,177,18,14,32,209
01/15/2005,SHV,LA,ASW,CE,Combined TRACON& Tower with Radar,8,53,20,21,102,0,0,27,4,31,8,53,47,25,133,6,8,14,147
01/16/2005,SHV,LA,ASW,CE,Combined TRACON& Tower with Radar,3,56,28,22,109,0,0,31,0,31,3,56,59,22,140,11,8,19,159
01/17/2005,SHV,LA,ASW,CE,Combined TRACON& Tower with Radar,0,67,34,7,108,0,0,22,0,22,0,67,56,7,130,2,0,2,132
01/18/2005,SHV,LA,ASW,CE,Combined TRACON& Tower with Radar,11,79,48,5,143,0,0,5,0,5,11,79,53,5,148,20,2,22,170
01/19/2005,SHV,LA,ASW,CE,Combined TRACON& Tower with Radar,17,75,36,13,141,0,1,29,4,34,17,76,65,17,175,8,4,12,187
01/20/2005,SHV,LA,ASW,CE,Combined TRACON& Tower with Radar,14,75,52,7,148,0,0,26,2,28,14,75,78,9,176,4,7,11,187
01/21/2005,SHV,LA,ASW,CE,Combined TRACON& Tower with Radar,14,81,31,22,148,0,0,43,15,58,14,81,74,37,206,45,33,78,284
01/22/2005,SHV,LA,ASW,CE,Combined TRACON& Tower with Radar,9,53,12,7,81,0,0,23,1,24,9,53,35,8,105,4,0,4,109
01/23/2005,SHV,LA,ASW,CE,Combined TRACON& Tower with Radar,5,52,10,3,70,0,0,16,1,17,5,52,26,4,87,25,10,35,122
01/24/2005,SHV,LA,ASW,CE,Combined TRACON& Tower with Radar,2,67,18,1,88,0,0,22,1,23,2,67,40,2,111,0,0,0,111
01/25/2005,SHV,LA,ASW,CE,Combined TRACON& Tower with Radar,17,83,26,9,135,0,0,24,4,28,17,83,50,13,163,4,0,4,167
01/26/2005,SHV,LA,ASW,CE,Combined TRACON& Tower with Radar,15,82,37,2,136,0,0,31,0,31,15,82,68,2,167,0,0,0,167
01/27/2005,SHV,LA,ASW,CE,Combined TRACON& Tower with Radar,16,87,43,0,146,0,0,13,2,15,16,87,56,2,161,0,0,0,161
01/28/2005,SHV,LA,ASW,CE,Combined TRACON& Tower with Radar,14,77,43,2,136,0,0,2,0,2,14,77,45,2,138,0,0,0,138
01/29/2005,SHV,LA,ASW,CE,Combined TRACON& Tower with Radar,9,42,31,5,87,0,0,0,0,0,9,42,31,5,87,0,0,0,87
01/30/2005,SHV,LA,ASW,CE,Combined TRACON& Tower with Radar,3,52,28,2,85,0,0,11,4,15,3,52,39,6,100,6,0,6,106
01/31/2005,SHV,LA,ASW,CE,Combined TRACON& Tower with Radar,0,59,23,0,82,0,0,0,0,0,0,59,23,0,82,0,0,0,82
02/01/2005,SHV,LA,ASW,CE,Combined TRACON& Tower with Radar,14,78,42,0,134,0,0,0,0,0,14,78,42,0,134,0,0,0,134
02/02/2005,SHV,LA,ASW,CE,Combined TRACON& Tower with Radar,14,78,34,9,135,0,0,0,1,1,14,78,34,10,136,0,0,0,136
02/03/2005,SHV,LA,ASW,CE,Combined TRACON& Tower with Radar,14,82,64,7,167,0,2,8,6,16,14,84,72,13,183,4,0,4,187
02/04/2005,SHV,LA,ASW,CE,Combined TRACON& Tower with Radar,16,74,46,10,146,0,2,23,3,28,16,76,69,13,174,20,23,43,217
02/05/2005,SHV,LA,ASW,CE,Combined TRACON& Tower with Radar,10,49,29,8,96,0,0,36,10,46,10,49,65,18,142,11,4,15,157
02/06/2005,SHV,LA,ASW,CE,Combined TRACON& Tower with Radar,3,58,15,10,86,0,0,5,0,5,3,58,20,10,91,10,8,18,109
02/07/2005,SHV,LA,ASW,CE,Combined TRACON& Tower with Radar,0,69,22,5,96,0,0,3,0,3,0,69,25,5,99,0,4,4,103
02/08/2005,SHV,LA,ASW,CE,Combined TRACON& Tower with Radar,15,83,31,0,129,0,0,0,0,0,15,83,31,0,129,0,0,0,129
02/09/2005,SHV,LA,ASW,CE,Combined TRACON& Tower with Radar,15,81,70,9,175,0,0,4,1,5,15,81,74,10,180,0,6,6,186
02/10/2005,SHV,LA,ASW,CE,Combined TRACON& Tower with Radar,14,85,25,7,131,0,0,27,2,29,14,85,52,9,160,0,0,0,160
02/11/2005,SHV,LA,ASW,CE,Combined TRACON& Tower with Radar,22,78,29,43,172,0,1,21,21,43,22,79,50,64,215,10,42,52,267
02/12/2005,SHV,LA,ASW,CE,Combined TRACON& Tower with Radar,12,50,31,42,135,0,0,35,2,37,12,50,66,44,172,8,49,57,229
02/13/2005,SHV,LA,ASW,CE,Combined TRACON& Tower with Radar,3,55,11,13,82,0,0,4,0,4,3,55,15,13,86,0,0,0,86
02/14/2005,SHV,LA,ASW,CE,Combined TRACON& Tower with Radar,2,68,21,6,97,0,0,21,4,25,2,68,42,10,122,23,0,23,145
02/15/2005,SHV,LA,ASW,CE,Combined TRACON& Tower with Radar,15,74,34,19,142,0,7,19,0,26,15,81,53,19,168,0,14,14,182
02/16/2005,SHV,LA,ASW,CE,Combined TRACON& Tower with Radar,24,79,54,3,160,0,0,25,8,33,24,79,79,11,193,22,0,22,215
02/17/2005,SHV,LA,ASW,CE,Combined TRACON& Tower with Radar,18,76,45,26,165,0,0,34,2,36,18,76,79,28,201,12,18,30,231
02/18/2005,SHV,LA,ASW,CE,Combined TRACON& Tower with Radar,19,78,37,5,139,0,0,23,11,34,19,78,60,16,173,14,14,28,201
02/19/2005,SHV,LA,ASW,CE,Combined TRACON& Tower with Radar,9,52,23,18,102,0,0,14,2,16,9,52,37,20,118,1,18,19,137
02/20/2005,SHV,LA,ASW,CE,Combined TRACON& Tower with Radar,3,57,26,0,86,0,0,3,1,4,3,57,29,1,90,14,0,14,104
02/21/2005,SHV,LA,ASW,CE,Combined TRACON& Tower with Radar,1,69,34,6,110,0,0,18,9,27,1,69,52,15,137,8,4,12,149
02/22/2005,SHV,LA,ASW,CE,Combined TRACON& Tower with Radar,14,68,57,17,156,0,0,11,5,16,14,68,68,22,172,8,0,8,180
02/23/2005,SHV,LA,ASW,CE,Combined TRACON& Tower with Radar,17,75,29,3,124,0,0,3,0,3,17,75,32,3,127,0,0,0,127
02/24/2005,SHV,LA,ASW,CE,Combined TRACON& Tower with Radar,13,81,29,3,126,0,0,1,0,1,13,81,30,3,127,0,0,0,127
02/25/2005,SHV,LA,ASW,CE,Combined TRACON& Tower with Radar,15,78,41,16,150,0,0,28,7,35,15,78,69,23,185,14,22,36,221
02/26/2005,SHV,LA,ASW,CE,Combined TRACON& Tower with Radar,12,54,18,22,106,0,0,32,3,35,12,54,50,25,141,18,16,34,175
02/27/2005,SHV,LA,ASW,CE,Combined TRACON& Tower with Radar,3,53,20,17,93,0,1,2,0,3,3,54,22,17,96,0,0,0,96
02/28/2005,SHV,LA,ASW,CE,Combined TRACON& Tower with Radar,0,66,24,26,116,0,0,31,4,35,0,66,55,30,151,13,6,19,170
03/01/2005,SHV,LA,ASW,CE,Combined TRACON& Tower with Radar,15,81,47,9,152,0,1,28,5,34,15,82,75,14,186,6,4,10,196
03/02/2005,SHV,LA,ASW,CE,Combined TRACON& Tower with Radar,16,79,27,3,125,0,1,10,0,11,16,80,37,3,136,0,0,0,136
03/03/2005,SHV,LA,ASW,CE,Combined TRACON& Tower with Radar,13,77,39,30,159,0,0,12,0,12,13,77,51,30,171,0,14,14,185
03/04/2005,SHV,LA,ASW,CE,Combined TRACON& Tower with Radar,19,73,36,17,145,0,1,15,6,22,19,74,51,23,167,2,32,34,201
03/05/2005,SHV,LA,ASW,CE,Combined TRACON& Tower with Radar,12,54,18,19,103,0,0,13,2,15,12,54,31,21,118,4,20,24,142
03/06/2005,SHV,LA,ASW,CE,Combined TRACON& Tower with Radar,3,55,30,21,109,0,0,37,4,41,3,55,67,25,150,8,8,16,166
03/07/2005,SHV,LA,ASW,CE,Combined TRACON& Tower with Radar,0,68,19,0,87,0,0,3,0,3,0,68,22,0,90,0,0,0,90
03/08/2005,SHV,LA,ASW,CE,Combined TRACON& Tower with Radar,17,78,48,10,153,0,0,33,0,33,17,78,81,10,186,0,2,2,188
03/09/2005,SHV,LA,ASW,CE,Combined TRACON& Tower with Radar,16,75,37,1,129,0,0,17,0,17,16,75,54,1,146,0,0,0,146
03/10/2005,SHV,LA,ASW,CE,Combined TRACON& Tower with Radar,13,78,38,20,149,0,0,29,4,33,13,78,67,24,182,4,2,6,188
03/11/2005,SHV,LA,ASW,CE,Combined TRACON& Tower with Radar,17,76,33,13,139,0,0,18,0,18,17,76,51,13,157,6,22,28,185
03/12/2005,SHV,LA,ASW,CE,Combined TRACON& Tower with Radar,9,44,27,12,92,0,0,33,0,33,9,44,60,12,125,13,0,13,138
03/13/2005,SHV,LA,ASW,CE,Combined TRACON& Tower with Radar,3,53,25,31,112,0,0,21,0,21,3,53,46,31,133,7,9,16,149
03/14/2005,SHV,LA,ASW,CE,Combined TRACON& Tower with Radar,0,66,23,14,103,0,0,27,2,29,0,66,50,16,132,30,8,38,170
03/15/2005,SHV,LA,ASW,CE,Combined TRACON& Tower with Radar,17,77,43,0,137,0,0,13,0,13,17,77,56,0,150,0,0,0,150
03/16/2005,SHV,LA,ASW,CE,Combined TRACON& Tower with Radar,16,76,46,22,160,0,0,7,0,7,16,76,53,22,167,0,14,14,181
03/17/2005,SHV,LA,ASW,CE,Combined TRACON& Tower with Radar,14,77,66,8,165,0,0,33,5,38,14,77,99,13,203,4,14,18,221
03/18/2005,SHV,LA,ASW,CE,Combined TRACON& Tower with Radar,14,77,58,2,151,0,1,24,2,27,14,78,82,4,178,4,0,4,182
03/19/2005,SHV,LA,ASW,CE,Combined TRACON& Tower with Radar,11,46,21,18,96,0,0,20,12,32,11,46,41,30,128,12,14,26,154
03/20/2005,SHV,LA,ASW,CE,Combined TRACON& Tower with Radar,3,57,37,10,107,0,0,5,0,5,3,57,42,10,112,7,0,7,119
03/21/2005,SHV,LA,ASW,CE,Combined TRACON& Tower with Radar,0,75,18,0,93,0,0,2,0,2,0,75,20,0,95,0,0,0,95
03/22/2005,SHV,LA,ASW,CE,Combined TRACON& Tower with Radar,15,76,55,14,160,0,0,21,5,26,15,76,76,19,186,0,12,12,198
03/23/2005,SHV,LA,ASW,CE,Combined TRACON& Tower with Radar,17,76,35,19,147,0,0,31,4,35,17,76,66,23,182,10,6,16,198
03/24/2005,SHV,LA,ASW,CE,Combined TRACON& Tower with Radar,17,70,53,5,145,0,2,36,14,52,17,72,89,19,197,10,0,10,207
03/25/2005,SHV,LA,ASW,CE,Combined TRACON& Tower with Radar,14,69,32,8,123,0,0,28,7,35,14,69,60,15,158,13,10,23,181
03/26/2005,SHV,LA,ASW,CE,Combined TRACON& Tower with Radar,9,45,14,4,72,0,0,12,8,20,9,45,26,12,92,22,0,22,114
03/27/2005,SHV,LA,ASW,CE,Combined TRACON& Tower with Radar,3,45,12,3,63,0,0,0,0,0,3,45,12,3,63,4,0,4,67
03/28/2005,SHV,LA,ASW,CE,Combined TRACON& Tower with Radar,0,65,32,15,112,0,0,39,4,43,0,65,71,19,155,11,10,21,176
03/29/2005,SHV,LA,ASW,CE,Combined TRACON& Tower with Radar,14,81,38,2,135,0,0,24,0,24,14,81,62,2,159,2,0,2,161
03/30/2005,SHV,LA,ASW,CE,Combined TRACON& Tower with Radar,14,71,46,6,137,0,0,25,6,31,14,71,71,12,168,22,0,22,190
03/31/2005,SHV,LA,ASW,CE,Combined TRACON& Tower with Radar,18,70,42,4,134,0,0,12,14,26,18,70,54,18,160,16,0,16,176
04/01/2005,SHV,LA,ASW,CE,Combined TRACON& Tower with Radar,16,81,42,20,159,0,0,16,6,22,16,81,58,26,181,8,2,10,191
04/02/2005,SHV,LA,ASW,CE,Combined TRACON& Tower with Radar,10,52,31,14,107,0,0,19,13,32,10,52,50,27,139,56,8,64,203
04/03/2005,SHV,LA,ASW,CE,Combined TRACON& Tower with Radar,5,68,36,6,115,0,0,21,1,22,5,68,57,7,137,11,6,17,154
04/04/2005,SHV,LA,ASW,CE,Combined TRACON& Tower with Radar,0,69,19,0,88,0,0,15,0,15,0,69,34,0,103,0,0,0,103
04/05/2005,SHV,LA,ASW,CE,Combined TRACON& Tower with Radar,19,82,59,5,165,0,0,15,0,15,19,82,74,5,180,0,0,0,180
04/06/2005,SHV,LA,ASW,CE,Combined TRACON& Tower with Radar,12,86,37,9,144,0,0,11,1,12,12,86,48,10,156,0,0,0,156
04/07/2005,SHV,LA,ASW,CE,Combined TRACON& Tower with Radar,17,82,62,11,172,0,1,20,2,23,17,83,82,13,195,19,0,19,214
04/08/2005,SHV,LA,ASW,CE,Combined TRACON& Tower with Radar,14,86,53,25,178,0,0,36,6,42,14,86,89,31,220,24,2,26,246
04/09/2005,SHV,LA,ASW,CE,Combined TRACON& Tower with Radar,8,55,13,2,78,0,0,35,3,38,8,55,48,5,116,7,8,15,131
04/10/2005,SHV,LA,ASW,CE,Combined TRACON& Tower with Radar,2,65,45,21,133,0,0,15,0,15,2,65,60,21,148,8,18,26,174
04/11/2005,SHV,LA,ASW,CE,Combined TRACON& Tower with Radar,2,65,26,7,100,0,0,6,0,6,2,65,32,7,106,0,0,0,106
04/12/2005,SHV,LA,ASW,CE,Combined TRACON& Tower with Radar,14,79,41,10,144,0,0,35,2,37,14,79,76,12,181,26,0,26,207
04/13/2005,SHV,LA,ASW,CE,Combined TRACON& Tower with Radar,12,82,42,13,149,0,1,28,0,29,12,83,70,13,178,0,34,34,212
04/14/2005,SHV,LA,ASW,CE,Combined TRACON& Tower with Radar,12,84,46,18,160,0,2,42,7,51,12,86,88,25,211,14,39,53,264
04/15/2005,SHV,LA,ASW,CE,Combined TRACON& Tower with Radar,17,85,36,15,153,0,2,24,0,26,17,87,60,15,179,0,8,8,187
04/16/2005,SHV,LA,ASW,CE,Combined TRACON& Tower with Radar,7,61,18,28,114,0,0,23,1,24,7,61,41,29,138,3,12,15,153
04/17/2005,SHV,LA,ASW,CE,Combined TRACON& Tower with Radar,3,61,34,17,115,0,0,9,0,9,3,61,43,17,124,13,0,13,137
04/18/2005,SHV,LA,ASW,CE,Combined TRACON& Tower with Radar,6,69,23,9,107,0,0,16,3,19,6,69,39,12,126,8,10,18,144
04/19/2005,SHV,LA,ASW,CE,Combined TRACON& Tower with Radar,14,80,37,4,135,0,0,26,5,31,14,80,63,9,166,0,0,0,166
04/20/2005,SHV,LA,ASW,CE,Combined TRACON& Tower with Radar,12,79,52,8,151,0,0,18,1,19,12,79,70,9,170,8,18,26,196
04/21/2005,SHV,LA,ASW,CE,Combined TRACON& Tower with Radar,12,82,30,19,143,0,0,23,6,29,12,82,53,25,172,19,0,19,191
04/22/2005,SHV,LA,ASW,CE,Combined TRACON& Tower with Radar,14,79,43,11,147,0,0,13,0,13,14,79,56,11,160,0,18,18,178
04/23/2005,SHV,LA,ASW,CE,Combined TRACON& Tower with Radar,9,57,17,40,123,0,0,29,1,30,9,57,46,41,153,9,54,63,216
04/24/2005,SHV,LA,ASW,CE,Combined TRACON& Tower with Radar,2,64,43,21,130,0,1,26,9,36,2,65,69,30,166,18,30,48,214
04/25/2005,SHV,LA,ASW,CE,Combined TRACON& Tower with Radar,2,79,28,3,112,0,0,10,0,10,2,79,38,3,122,0,0,0,122
04/26/2005,SHV,LA,ASW,CE,Combined TRACON& Tower with Radar,12,79,50,10,151,0,0,10,0,10,12,79,60,10,161,4,0,4,165
04/27/2005,SHV,LA,ASW,CE,Combined TRACON& Tower with Radar,14,79,40,4,137,0,0,31,3,34,14,79,71,7,171,5,0,5,176
04/28/2005,SHV,LA,ASW,CE,Combined TRACON& Tower with Radar,14,79,40,4,137,0,0,31,3,34,14,79,71,7,171,12,2,14,185
04/29/2005,SHV,LA,ASW,CE,Combined TRACON& Tower with Radar,17,89,37,16,159,0,0,15,0,15,17,89,52,16,174,2,0,2,176
04/30/2005,SHV,LA,ASW,CE,Combined TRACON& Tower with Radar,9,60,21,7,97,0,0,10,0,10,9,60,31,7,107,5,0,5,112
05/01/2005,SHV,LA,ASW,CE,Combined TRACON& Tower with Radar,2,58,32,15,107,0,0,15,1,16,2,58,47,16,123,6,0,6,129
05/02/2005,SHV,LA,ASW,CE,Combined TRACON& Tower with Radar,5,65,37,8,115,0,0,17,4,21,5,65,54,12,136,0,14,14,150
05/03/2005,SHV,LA,ASW,CE,Combined TRACON& Tower with Radar,20,69,56,4,149,0,0,24,3,27,20,69,80,7,176,6,0,6,182
05/04/2005,SHV,LA,ASW,CE,Combined TRACON& Tower with Radar,26,77,33,3,139,0,0,12,4,16,26,77,45,7,155,0,4,4,159
05/05/2005,SHV,LA,ASW,CE,Combined TRACON& Tower with Radar,22,76,48,22,168,0,0,26,2,28,22,76,74,24,196,18,6,24,220
05/06/2005,SHV,LA,ASW,CE,Combined TRACON& Tower with Radar,22,75,34,25,156,0,0,34,5,39,22,75,68,30,195,0,20,20,215
05/07/2005,SHV,LA,ASW,CE,Combined TRACON& Tower with Radar,12,57,19,6,94,0,0,20,11,31,12,57,39,17,125,26,26,52,177
05/08/2005,SHV,LA,ASW,CE,Combined TRACON& Tower with Radar,12,61,28,12,113,0,0,12,0,12,12,61,40,12,125,0,0,0,125
05/09/2005,SHV,LA,ASW,CE,Combined TRACON& Tower with Radar,10,66,48,5,129,0,0,8,0,8,10,66,56,5,137,0,0,0,137
05/10/2005,SHV,LA,ASW,CE,Combined TRACON& Tower with Radar,22,77,57,2,158,0,0,19,0,19,22,77,76,2,177,15,2,17,194
05/11/2005,SHV,LA,ASW,CE,Combined TRACON& Tower with Radar,20,80,47,2,149,0,0,23,0,23,20,80,70,2,172,25,4,29,201
05/12/2005,SHV,LA,ASW,CE,Combined TRACON& Tower with Radar,18,71,61,19,169,0,0,37,0,37,18,71,98,19,206,22,0,22,228
05/13/2005,SHV,LA,ASW,CE,Combined TRACON& Tower with Radar,20,71,35,47,173,0,0,20,4,24,20,71,55,51,197,20,18,38,235
05/14/2005,SHV,LA,ASW,CE,Combined TRACON& Tower with Radar,15,50,30,3,98,0,0,10,1,11,15,50,40,4,109,20,0,20,129
05/15/2005,SHV,LA,ASW,CE,Combined TRACON& Tower with Radar,6,53,36,16,111,0,0,21,0,21,6,53,57,16,132,8,0,8,140
05/16/2005,SHV,LA,ASW,CE,Combined TRACON& Tower with Radar,9,73,27,6,115,0,0,16,0,16,9,73,43,6,131,0,0,0,131
05/17/2005,SHV,LA,ASW,CE,Combined TRACON& Tower with Radar,18,67,45,1,131,0,0,33,0,33,18,67,78,1,164,0,0,0,164
05/18/2005,SHV,LA,ASW,CE,Combined TRACON& Tower with Radar,20,75,53,7,155,0,0,20,4,24,20,75,73,11,179,36,16,52,231
05/19/2005,SHV,LA,ASW,CE,Combined TRACON& Tower with Radar,22,80,49,1,152,0,0,20,0,20,22,80,69,1,172,30,0,30,202
05/20/2005,SHV,LA,ASW,CE,Combined TRACON& Tower with Radar,22,72,26,10,130,0,0,5,0,5,22,72,31,10,135,4,8,12,147
05/21/2005,SHV,LA,ASW,CE,Combined TRACON& Tower with Radar,15,57,23,15,110,0,0,0,0,0,15,57,23,15,110,16,0,16,126
05/22/2005,SHV,LA,ASW,CE,Combined TRACON& Tower with Radar,6,54,15,9,84,0,0,18,3,21,6,54,33,12,105,0,0,0,105
05/23/2005,SHV,LA,ASW,CE,Combined TRACON& Tower with Radar,6,66,24,0,96,0,2,14,0,16,6,68,38,0,112,0,0,0,112
05/24/2005,SHV,LA,ASW,CE,Combined TRACON& Tower with Radar,0,0,0,0,0,0,0,0,0,0,0,0,0,0,0,26,0,26,26
05/25/2005,SHV,LA,ASW,CE,Combined TRACON& Tower with Radar,19,80,47,26,172,0,0,16,1,17,19,80,63,27,189,8,1,9,198
05/26/2005,SHV,LA,ASW,CE,Combined TRACON& Tower with Radar,18,80,47,6,151,0,1,16,1,18,18,81,63,7,169,0,2,2,171
05/27/2005,SHV,LA,ASW,CE,Combined TRACON& Tower with Radar,18,80,43,7,148,0,2,26,1,29,18,82,69,8,177,10,6,16,193
05/28/2005,SHV,LA,ASW,CE,Combined TRACON& Tower with Radar,15,47,21,7,90,0,0,19,0,19,15,47,40,7,109,12,0,12,121
05/29/2005,SHV,LA,ASW,CE,Combined TRACON& Tower with Radar,5,45,28,0,78,0,0,1,0,1,5,45,29,0,79,0,0,0,79
05/30/2005,SHV,LA,ASW,CE,Combined TRACON& Tower with Radar,6,22,28,5,61,0,30,0,3,33,6,52,28,8,94,0,0,0,94
05/31/2005,SHV,LA,ASW,CE,Combined TRACON& Tower with Radar,9,73,48,7,137,0,0,5,0,5,9,73,53,7,142,0,0,0,142
06/01/2005,SHV,LA,ASW,CE,Combined TRACON& Tower with Radar,20,87,51,8,166,0,0,8,0,8,20,87,59,8,174,26,0,26,200
06/02/2005,SHV,LA,ASW,CE,Combined TRACON& Tower with Radar,18,91,54,10,173,0,0,19,2,21,18,91,73,12,194,34,21,55,249
06/03/2005,SHV,LA,ASW,CE,Combined TRACON& Tower with Radar,20,79,37,24,160,0,0,23,3,26,20,79,60,27,186,14,18,32,218
06/04/2005,SHV,LA,ASW,CE,Combined TRACON& Tower with Radar,15,47,24,24,110,0,0,15,1,16,15,47,39,25,126,0,16,16,142
06/05/2005,SHV,LA,ASW,CE,Combined TRACON& Tower with Radar,6,53,26,27,112,0,0,14,0,14,6,53,40,27,126,0,5,5,131
06/06/2005,SHV,LA,ASW,CE,Combined TRACON& Tower with Radar,6,53,26,27,112,0,0,14,0,14,6,53,40,27,126,8,4,12,138
06/07/2005,SHV,LA,ASW,CE,Combined TRACON& Tower with Radar,18,76,44,3,141,0,0,13,2,15,18,76,57,5,156,0,0,0,156
06/08/2005,SHV,LA,ASW,CE,Combined TRACON& Tower with Radar,18,75,67,8,168,0,0,12,0,12,18,75,79,8,180,0,6,6,186
06/09/2005,SHV,LA,ASW,CE,Combined TRACON& Tower with Radar,19,76,49,9,153,0,0,23,11,34,19,76,72,20,187,18,16,34,221
06/10/2005,SHV,LA,ASW,CE,Combined TRACON& Tower with Radar,20,74,47,17,158,0,2,29,0,31,20,76,76,17,189,6,14,20,209
06/11/2005,SHV,LA,ASW,CE,Combined TRACON& Tower with Radar,14,55,28,17,114,0,0,15,17,32,14,55,43,34,146,4,38,42,188
06/12/2005,SHV,LA,ASW,CE,Combined TRACON& Tower with Radar,8,53,22,9,92,0,0,12,0,12,8,53,34,9,104,0,0,0,104
06/13/2005,SHV,LA,ASW,CE,Combined TRACON& Tower with Radar,10,73,30,7,120,0,0,33,2,35,10,73,63,9,155,4,48,52,207
06/14/2005,SHV,LA,ASW,CE,Combined TRACON& Tower with Radar,19,78,45,17,159,0,2,35,2,39,19,80,80,19,198,4,12,16,214
06/15/2005,SHV,LA,ASW,CE,Combined TRACON& Tower with Radar,20,79,46,2,147,0,1,22,0,23,20,80,68,2,170,0,0,0,170
06/16/2005,SHV,LA,ASW,CE,Combined TRACON& Tower with Radar,22,76,46,12,156,0,0,21,0,21,22,76,67,12,177,0,17,17,194
06/17/2005,SHV,LA,ASW,CE,Combined TRACON& Tower with Radar,33,79,47,5,164,0,0,0,0,0,33,79,47,5,164,20,0,20,184
06/18/2005,SHV,LA,ASW,CE,Combined TRACON& Tower with Radar,16,60,38,14,128,0,0,25,0,25,16,60,63,14,153,36,12,48,201
06/19/2005,SHV,LA,ASW,CE,Combined TRACON& Tower with Radar,8,54,32,32,126,0,0,27,1,28,8,54,59,33,154,14,0,14,168
06/20/2005,SHV,LA,ASW,CE,Combined TRACON& Tower with Radar,6,73,35,19,133,0,0,14,3,17,6,73,49,22,150,12,24,36,186
06/21/2005,SHV,LA,ASW,CE,Combined TRACON& Tower with Radar,19,80,28,7,134,0,0,30,0,30,19,80,58,7,164,12,8,20,184
06/22/2005,SHV,LA,ASW,CE,Combined TRACON& Tower with Radar,26,78,54,4,162,0,0,33,2,35,26,78,87,6,197,10,10,20,217
06/23/2005,SHV,LA,ASW,CE,Combined TRACON& Tower with Radar,21,80,43,12,156,0,0,28,0,28,21,80,71,12,184,7,2,9,193
06/24/2005,SHV,LA,ASW,CE,Combined TRACON& Tower with Radar,24,73,33,7,137,0,0,42,1,43,24,73,75,8,180,20,2,22,202
06/25/2005,SHV,LA,ASW,CE,Combined TRACON& Tower with Radar,18,53,16,15,102,0,0,22,1,23,18,53,38,16,125,18,28,46,171
06/26/2005,SHV,LA,ASW,CE,Combined TRACON& Tower with Radar,8,53,10,1,72,0,0,19,1,20,8,53,29,2,92,0,0,0,92
06/27/2005,SHV,LA,ASW,CE,Combined TRACON& Tower with Radar,6,69,55,13,143,0,0,19,0,19,6,69,74,13,162,6,0,6,168
06/28/2005,SHV,LA,ASW,CE,Combined TRACON& Tower with Radar,22,79,40,11,152,0,0,27,5,32,22,79,67,16,184,5,16,21,205
06/29/2005,SHV,LA,ASW,CE,Combined TRACON& Tower with Radar,26,95,57,9,187,0,0,26,0,26,26,95,83,9,213,4,12,16,229
06/30/2005,SHV,LA,ASW,CE,Combined TRACON& Tower with Radar,25,80,53,3,161,0,0,36,0,36,25,80,89,3,197,8,0,8,205
07/01/2005,SHV,LA,ASW,CE,Combined TRACON& Tower with Radar,24,66,45,0,135,0,2,27,0,29,24,68,72,0,164,8,0,8,172
07/02/2005,SHV,LA,ASW,CE,Combined TRACON& Tower with Radar,14,51,22,0,87,0,0,9,0,9,14,51,31,0,96,0,0,0,96
07/03/2005,SHV,LA,ASW,CE,Combined TRACON& Tower with Radar,8,46,9,7,70,0,0,13,4,17,8,46,22,11,87,7,4,11,98
07/04/2005,SHV,LA,ASW,CE,Combined TRACON& Tower with Radar,8,46,9,7,70,0,0,13,4,17,8,46,22,11,87,0,0,0,87
07/05/2005,SHV,LA,ASW,CE,Combined TRACON& Tower with Radar,7,51,31,4,93,0,1,14,0,15,7,52,45,4,108,0,2,2,110
07/06/2005,SHV,LA,ASW,CE,Combined TRACON& Tower with Radar,23,77,51,8,159,0,2,11,2,15,23,79,62,10,174,0,0,0,174
07/07/2005,SHV,LA,ASW,CE,Combined TRACON& Tower with Radar,33,74,54,2,163,0,0,17,0,17,33,74,71,2,180,0,0,0,180
07/08/2005,SHV,LA,ASW,CE,Combined TRACON& Tower with Radar,21,70,47,48,186,0,0,34,5,39,21,70,81,53,225,0,38,38,263
07/09/2005,SHV,LA,ASW,CE,Combined TRACON& Tower with Radar,14,50,22,15,101,0,0,28,1,29,14,50,50,16,130,0,40,40,170
07/10/2005,SHV,LA,ASW,CE,Combined TRACON& Tower with Radar,11,45,35,18,109,0,0,14,3,17,11,45,49,21,126,8,12,20,146
07/11/2005,SHV,LA,ASW,CE,Combined TRACON& Tower with Radar,9,59,36,10,114,0,0,14,4,18,9,59,50,14,132,1,10,11,143
07/12/2005,SHV,LA,ASW,CE,Combined TRACON& Tower with Radar,19,63,37,27,146,0,0,12,10,22,19,63,49,37,168,4,4,8,176
07/13/2005,SHV,LA,ASW,CE,Combined TRACON& Tower with Radar,17,66,34,0,117,0,0,15,0,15,17,66,49,0,132,0,26,26,158
07/14/2005,SHV,LA,ASW,CE,Combined TRACON& Tower with Radar,20,67,48,2,137,0,0,13,0,13,20,67,61,2,150,4,0,4,154
07/15/2005,SHV,LA,ASW,CE,Combined TRACON& Tower with Radar,5,22,15,7,49,0,0,0,0,0,5,22,15,7,49,2,2,4,53
07/16/2005,SHV,LA,ASW,CE,Combined TRACON& Tower with Radar,15,54,22,4,95,0,0,11,3,14,15,54,33,7,109,16,0,16,125
07/17/2005,SHV,LA,ASW,CE,Combined TRACON& Tower with Radar,7,51,19,8,85,0,0,3,3,6,7,51,22,11,91,0,18,18,109
07/18/2005,SHV,LA,ASW,CE,Combined TRACON& Tower with Radar,9,70,39,2,120,0,0,6,0,6,9,70,45,2,126,0,0,0,126
07/19/2005,SHV,LA,ASW,CE,Combined TRACON& Tower with Radar,24,62,35,5,126,0,0,12,1,13,24,62,47,6,139,10,14,24,163
07/20/2005,SHV,LA,ASW,CE,Combined TRACON& Tower with Radar,28,74,39,6,147,0,0,24,4,28,28,74,63,10,175,0,0,0,175
07/21/2005,SHV,LA,ASW,CE,Combined TRACON& Tower with Radar,27,81,44,2,154,0,2,15,0,17,27,83,59,2,171,0,0,0,171
07/22/2005,SHV,LA,ASW,CE,Combined TRACON& Tower with Radar,18,74,49,7,148,0,1,25,0,26,18,75,74,7,174,0,0,0,174
07/23/2005,SHV,LA,ASW,CE,Combined TRACON& Tower with Radar,20,58,31,24,133,0,0,0,0,0,20,58,31,24,133,10,18,28,161
07/24/2005,SHV,LA,ASW,CE,Combined TRACON& Tower with Radar,8,46,17,13,84,0,0,32,1,33,8,46,49,14,117,0,16,16,133
07/25/2005,SHV,LA,ASW,CE,Combined TRACON& Tower with Radar,6,66,33,14,119,0,0,20,0,20,6,66,53,14,139,10,64,74,213
07/26/2005,SHV,LA,ASW,CE,Combined TRACON& Tower with Radar,20,82,43,24,169,0,0,24,11,35,20,82,67,35,204,20,8,28,232
07/27/2005,SHV,LA,ASW,CE,Combined TRACON& Tower with Radar,21,81,46,4,152,0,0,16,0,16,21,81,62,4,168,0,0,0,168
07/28/2005,SHV,LA,ASW,CE,Combined TRACON& Tower with Radar,17,77,56,0,150,0,0,13,0,13,17,77,69,0,163,0,0,0,163
07/29/2005,SHV,LA,ASW,CE,Combined TRACON& Tower with Radar,22,82,40,10,154,0,0,18,0,18,22,82,58,10,172,4,0,4,176
07/30/2005,SHV,LA,ASW,CE,Combined TRACON& Tower with Radar,15,53,28,9,105,0,1,29,0,30,15,54,57,9,135,0,40,40,175
07/31/2005,SHV,LA,ASW,CE,Combined TRACON& Tower with Radar,9,50,25,30,114,0,0,11,2,13,9,50,36,32,127,4,20,24,151
08/01/2005,SHV,LA,ASW,CE,Combined TRACON& Tower with Radar,6,78,24,13,121,0,0,28,2,30,6,78,52,15,151,10,0,10,161
08/02/2005,SHV,LA,ASW,CE,Combined TRACON& Tower with Radar,20,80,63,6,169,0,0,19,0,19,20,80,82,6,188,22,0,22,210
08/03/2005,SHV,LA,ASW,CE,Combined TRACON& Tower with Radar,20,79,57,7,163,2,3,1,3,9,22,82,58,10,172,8,2,10,182
08/04/2005,SHV,LA,ASW,CE,Combined TRACON& Tower with Radar,24,70,55,6,155,0,2,22,0,24,24,72,77,6,179,0,0,0,179
08/05/2005,SHV,LA,ASW,CE,Combined TRACON& Tower with Radar,20,78,35,30,163,0,0,24,2,26,20,78,59,32,189,6,10,16,205
08/06/2005,SHV,LA,ASW,CE,Combined TRACON& Tower with Radar,16,47,15,22,100,0,0,30,1,31,16,47,45,23,131,6,6,12,143
08/07/2005,SHV,LA,ASW,CE,Combined TRACON& Tower with Radar,10,46,33,22,111,0,0,6,3,9,10,46,39,25,120,0,6,6,126
08/08/2005,SHV,LA,ASW,CE,Combined TRACON& Tower with Radar,6,67,37,2,112,0,2,17,0,19,6,69,54,2,131,0,6,6,137
08/09/2005,SHV,LA,ASW,CE,Combined TRACON& Tower with Radar,20,76,56,4,156,0,1,9,0,10,20,77,65,4,166,3,0,3,169
08/10/2005,SHV,LA,ASW,CE,Combined TRACON& Tower with Radar,17,78,50,3,148,0,2,9,0,11,17,80,59,3,159,0,2,2,161
08/11/2005,SHV,LA,ASW,CE,Combined TRACON& Tower with Radar,18,76,38,24,156,0,0,25,2,27,18,76,63,26,183,26,46,72,255
08/12/2005,SHV,LA,ASW,CE,Combined TRACON& Tower with Radar,21,79,47,10,157,0,0,28,2,30,21,79,75,12,187,18,22,40,227
08/13/2005,SHV,LA,ASW,CE,Combined TRACON& Tower with Radar,14,54,18,15,101,0,0,30,0,30,14,54,48,15,131,14,30,44,175
08/14/2005,SHV,LA,ASW,CE,Combined TRACON& Tower with Radar,9,48,18,11,86,0,0,15,0,15,9,48,33,11,101,2,18,20,121
08/15/2005,SHV,LA,ASW,CE,Combined TRACON& Tower with Radar,9,48,20,11,88,0,0,13,0,13,9,48,33,11,101,4,14,18,119
08/16/2005,SHV,LA,ASW,CE,Combined TRACON& Tower with Radar,24,72,41,8,145,0,0,0,0,0,24,72,41,8,145,22,8,30,175
08/17/2005,SHV,LA,ASW,CE,Combined TRACON& Tower with Radar,21,76,61,24,182,0,0,23,2,25,21,76,84,26,207,2,48,50,257
08/18/2005,SHV,LA,ASW,CE,Combined TRACON& Tower with Radar,21,85,36,13,155,0,0,22,1,23,21,85,58,14,178,6,0,6,184
08/19/2005,SHV,LA,ASW,CE,Combined TRACON& Tower with Radar,24,74,41,20,159,0,0,0,0,0,24,74,41,20,159,14,6,20,179
08/20/2005,SHV,LA,ASW,CE,Combined TRACON& Tower with Radar,14,55,26,27,122,0,0,19,7,26,14,55,45,34,148,0,69,69,217
08/21/2005,SHV,LA,ASW,CE,Combined TRACON& Tower with Radar,8,58,38,28,132,0,0,0,13,13,8,58,38,41,145,8,2,10,155
08/22/2005,SHV,LA,ASW,CE,Combined TRACON& Tower with Radar,6,70,21,8,105,0,0,16,1,17,6,70,37,9,122,0,42,42,164
08/23/2005,SHV,LA,ASW,CE,Combined TRACON& Tower with Radar,20,71,47,5,143,0,0,25,0,25,20,71,72,5,168,12,4,16,184
08/24/2005,SHV,LA,ASW,CE,Combined TRACON& Tower with Radar,24,78,36,0,138,0,0,24,2,26,24,78,60,2,164,2,0,2,166
08/25/2005,SHV,LA,ASW,CE,Combined TRACON& Tower with Radar,25,76,56,13,170,0,1,15,0,16,25,77,71,13,186,0,0,0,186
08/26/2005,SHV,LA,ASW,CE,Combined TRACON& Tower with Radar,21,83,45,14,163,0,0,29,0,29,21,83,74,14,192,8,8,16,208
08/27/2005,SHV,LA,ASW,CE,Combined TRACON& Tower with Radar,15,55,25,2,97,0,0,15,1,16,15,55,40,3,113,4,0,4,117
08/28/2005,SHV,LA,ASW,CE,Combined TRACON& Tower with Radar,10,52,43,13,118,0,0,18,1,19,10,52,61,14,137,0,12,12,149
08/29/2005,SHV,LA,ASW,CE,Combined TRACON& Tower with Radar,11,57,12,4,84,0,0,10,2,12,11,57,22,6,96,0,0,0,96
08/30/2005,SHV,LA,ASW,CE,Combined TRACON& Tower with Radar,21,86,38,2,147,0,0,28,7,35,21,86,66,9,182,2,0,2,184
08/31/2005,SHV,LA,ASW,CE,Combined TRACON& Tower with Radar,26,78,46,18,168,0,2,30,2,34,26,80,76,20,202,0,36,36,238
09/01/2005,SHV,LA,ASW,CE,Combined TRACON& Tower with Radar,21,76,65,9,171,0,2,22,3,27,21,78,87,12,198,0,0,0,198
09/02/2005,SHV,LA,ASW,CE,Combined TRACON& Tower with Radar,33,77,47,8,165,0,1,36,1,38,33,78,83,9,203,21,0,21,224
09/03/2005,SHV,LA,ASW,CE,Combined TRACON& Tower with Radar,14,56,23,1,94,0,0,17,3,20,14,56,40,4,114,2,0,2,116
09/04/2005,SHV,LA,ASW,CE,Combined TRACON& Tower with Radar,8,41,19,12,80,0,0,19,0,19,8,41,38,12,99,8,0,8,107
09/05/2005,SHV,LA,ASW,CE,Combined TRACON& Tower with Radar,5,56,30,2,93,0,0,18,1,19,5,56,48,3,112,10,6,16,128
09/06/2005,SHV,LA,ASW,CE,Combined TRACON& Tower with Radar,7,81,32,6,126,0,1,21,0,22,7,82,53,6,148,4,4,8,156
09/07/2005,SHV,LA,ASW,CE,Combined TRACON& Tower with Radar,27,81,75,2,185,0,2,25,1,28,27,83,100,3,213,12,0,12,225
09/08/2005,SHV,LA,ASW,CE,Combined TRACON& Tower with Radar,36,78,61,5,180,0,0,25,0,25,36,78,86,5,205,2,0,2,207
09/09/2005,SHV,LA,ASW,CE,Combined TRACON& Tower with Radar,27,88,68,5,188,0,1,28,2,31,27,89,96,7,219,3,0,3,222
09/10/2005,SHV,LA,ASW,CE,Combined TRACON& Tower with Radar,14,55,23,1,93,0,1,24,0,25,14,56,47,1,118,4,8,12,130
09/11/2005,SHV,LA,ASW,CE,Combined TRACON& Tower with Radar,13,59,31,10,113,0,1,10,3,14,13,60,41,13,127,0,13,13,140
09/12/2005,SHV,LA,ASW,CE,Combined TRACON& Tower with Radar,8,69,29,7,113,0,0,17,0,17,8,69,46,7,130,4,24,28,158
09/13/2005,SHV,LA,ASW,CE,Combined TRACON& Tower with Radar,18,68,49,3,138,0,0,21,0,21,18,68,70,3,159,0,0,0,159
09/14/2005,SHV,LA,ASW,CE,Combined TRACON& Tower with Radar,22,81,57,0,160,0,1,22,0,23,22,82,79,0,183,0,0,0,183
09/15/2005,SHV,LA,ASW,CE,Combined TRACON& Tower with Radar,29,89,56,4,178,0,0,18,3,21,29,89,74,7,199,0,0,0,199
09/16/2005,SHV,LA,ASW,CE,Combined TRACON& Tower with Radar,36,73,55,4,168,0,0,22,0,22,36,73,77,4,190,22,0,22,212
09/17/2005,SHV,LA,ASW,CE,Combined TRACON& Tower with Radar,16,61,34,0,111,0,0,10,0,10,16,61,44,0,121,0,0,0,121
09/18/2005,SHV,LA,ASW,CE,Combined TRACON& Tower with Radar,14,50,34,5,103,0,0,32,1,33,14,50,66,6,136,26,0,26,162
09/19/2005,SHV,LA,ASW,CE,Combined TRACON& Tower with Radar,9,70,32,7,118,0,1,20,5,26,9,71,52,12,144,4,6,10,154
09/20/2005,SHV,LA,ASW,CE,Combined TRACON& Tower with Radar,27,74,59,2,162,0,1,29,6,36,27,75,88,8,198,6,0,6,204
09/21/2005,SHV,LA,ASW,CE,Combined TRACON& Tower with Radar,30,63,43,6,142,0,1,36,4,41,30,64,79,10,183,8,0,8,191
09/22/2005,SHV,LA,ASW,CE,Combined TRACON& Tower with Radar,26,70,72,3,171,0,4,57,4,65,26,74,129,7,236,17,0,17,253
09/23/2005,SHV,LA,ASW,CE,Combined TRACON& Tower with Radar,31,65,56,6,158,0,1,22,0,23,31,66,78,6,181,0,0,0,181
09/24/2005,SHV,LA,ASW,CE,Combined TRACON& Tower with Radar,6,8,3,0,17,0,0,0,0,0,6,8,3,0,17,0,0,0,17
09/25/2005,SHV,LA,ASW,CE,Combined TRACON& Tower with Radar,14,30,15,9,68,0,0,18,3,21,14,30,33,12,89,0,0,0,89
09/26/2005,SHV,LA,ASW,CE,Combined TRACON& Tower with Radar,4,66,28,9,107,0,2,31,1,34,4,68,59,10,141,0,0,0,141
09/27/2005,SHV,LA,ASW,CE,Combined TRACON& Tower with Radar,24,87,54,5,170,0,2,25,6,33,24,89,79,11,203,24,0,24,227
09/28/2005,SHV,LA,ASW,CE,Combined TRACON& Tower with Radar,32,83,54,0,169,0,2,14,5,21,32,85,68,5,190,2,0,2,192
09/29/2005,SHV,LA,ASW,CE,Combined TRACON& Tower with Radar,33,77,54,6,170,0,2,14,4,20,33,79,68,10,190,8,0,8,198
09/30/2005,SHV,LA,ASW,CE,Combined TRACON& Tower with Radar,33,74,33,13,153,0,1,32,2,35,33,75,65,15,188,8,0,8,196
10/01/2005,SHV,LA,ASW,CE,Combined TRACON& Tower with Radar,14,74,32,2,122,0,0,21,2,23,14,74,53,4,145,0,0,0,145
10/02/2005,SHV,LA,ASW,CE,Combined TRACON& Tower with Radar,10,56,40,2,108,0,0,11,5,16,10,56,51,7,124,0,0,0,124
10/03/2005,SHV,LA,ASW,CE,Combined TRACON& Tower with Radar,6,71,27,2,106,0,0,19,1,20,6,71,46,3,126,0,0,0,126
10/04/2005,SHV,LA,ASW,CE,Combined TRACON& Tower with Radar,31,75,29,0,135,0,1,34,3,38,31,76,63,3,173,2,0,2,175
10/05/2005,SHV,LA,ASW,CE,Combined TRACON& Tower with Radar,35,85,39,10,169,0,0,34,0,34,35,85,73,10,203,0,0,0,203
10/06/2005,SHV,LA,ASW,CE,Combined TRACON& Tower with Radar,26,64,45,8,143,0,0,16,0,16,26,64,61,8,159,2,0,2,161
10/07/2005,SHV,LA,ASW,CE,Combined TRACON& Tower with Radar,26,77,70,6,179,0,0,17,1,18,26,77,87,7,197,12,0,12,209
10/08/2005,SHV,LA,ASW,CE,Combined TRACON& Tower with Radar,16,49,55,2,122,0,0,35,2,37,16,49,90,4,159,16,0,16,175
10/09/2005,SHV,LA,ASW,CE,Combined TRACON& Tower with Radar,12,53,65,3,133,1,0,44,0,45,13,53,109,3,178,14,0,14,192
10/10/2005,SHV,LA,ASW,CE,Combined TRACON& Tower with Radar,7,67,29,11,114,0,0,13,0,13,7,67,42,11,127,0,0,0,127
10/11/2005,SHV,LA,ASW,CE,Combined TRACON& Tower with Radar,26,65,55,2,148,0,0,26,0,26,26,65,81,2,174,0,0,0,174
10/12/2005,SHV,LA,ASW,CE,Combined TRACON& Tower with Radar,28,82,41,11,162,0,0,34,0,34,28,82,75,11,196,18,0,18,214
10/13/2005,SHV,LA,ASW,CE,Combined TRACON& Tower with Radar,27,74,61,6,168,0,0,26,4,30,27,74,87,10,198,6,0,6,204
10/14/2005,SHV,LA,ASW,CE,Combined TRACON& Tower with Radar,28,72,60,3,163,0,0,27,1,28,28,72,87,4,191,0,0,0,191
10/15/2005,SHV,LA,ASW,CE,Combined TRACON& Tower with Radar,15,48,31,5,99,0,0,15,4,19,15,48,46,9,118,1,10,11,129
10/16/2005,SHV,LA,ASW,CE,Combined TRACON& Tower with Radar,12,55,29,7,103,0,1,21,4,26,12,56,50,11,129,0,2,2,131
10/17/2005,SHV,LA,ASW,CE,Combined TRACON& Tower with Radar,11,63,33,10,117,0,0,15,0,15,11,63,48,10,132,0,0,0,132
10/18/2005,SHV,LA,ASW,CE,Combined TRACON& Tower with Radar,28,74,43,6,151,0,0,24,0,24,28,74,67,6,175,0,0,0,175
10/19/2005,SHV,LA,ASW,CE,Combined TRACON& Tower with Radar,29,66,31,12,138,0,2,33,0,35,29,68,64,12,173,0,4,4,177
10/20/2005,SHV,LA,ASW,CE,Combined TRACON& Tower with Radar,31,73,49,12,165,0,0,32,0,32,31,73,81,12,197,2,0,2,199
10/21/2005,SHV,LA,ASW,CE,Combined TRACON& Tower with Radar,32,71,58,7,168,0,0,37,5,42,32,71,95,12,210,7,24,31,241
10/22/2005,SHV,LA,ASW,CE,Combined TRACON& Tower with Radar,13,52,21,16,102,0,1,10,0,11,13,53,31,16,113,0,12,12,125
10/23/2005,SHV,LA,ASW,CE,Combined TRACON& Tower with Radar,10,55,43,2,110,0,0,23,1,24,10,55,66,3,134,4,0,4,138
10/24/2005,SHV,LA,ASW,CE,Combined TRACON& Tower with Radar,11,59,38,4,112,0,0,25,0,25,11,59,63,4,137,0,0,0,137
10/25/2005,SHV,LA,ASW,CE,Combined TRACON& Tower with Radar,18,63,43,0,124,0,0,20,0,20,18,63,63,0,144,0,0,0,144
10/26/2005,SHV,LA,ASW,CE,Combined TRACON& Tower with Radar,22,80,53,2,157,0,0,24,0,24,22,80,77,2,181,0,0,0,181
10/27/2005,SHV,LA,ASW,CE,Combined TRACON& Tower with Radar,23,67,73,1,164,0,2,24,1,27,23,69,97,2,191,0,0,0,191
10/28/2005,SHV,LA,ASW,CE,Combined TRACON& Tower with Radar,24,78,29,5,136,0,1,36,3,40,24,79,65,8,176,24,0,24,200
10/29/2005,SHV,LA,ASW,CE,Combined TRACON& Tower with Radar,14,52,24,12,102,0,0,27,4,31,14,52,51,16,133,8,0,8,141
10/30/2005,SHV,LA,ASW,CE,Combined TRACON& Tower with Radar,10,47,29,7,93,0,0,19,1,20,10,47,48,8,113,0,0,0,113
10/31/2005,SHV,LA,ASW,CE,Combined TRACON& Tower with Radar,12,47,26,3,88,0,0,12,1,13,12,47,38,4,101,0,0,0,101
11/01/2005,SHV,LA,ASW,CE,Combined TRACON& Tower with Radar,22,77,50,5,154,0,0,18,3,21,22,77,68,8,175,32,6,38,213
11/02/2005,SHV,LA,ASW,CE,Combined TRACON& Tower with Radar,28,71,35,1,135,0,0,36,7,43,28,71,71,8,178,12,0,12,190
11/03/2005,SHV,LA,ASW,CE,Combined TRACON& Tower with Radar,27,73,36,14,150,0,0,45,6,51,27,73,81,20,201,15,4,19,220
11/04/2005,SHV,LA,ASW,CE,Combined TRACON& Tower with Radar,33,71,50,7,161,0,0,39,0,39,33,71,89,7,200,28,4,32,232
11/05/2005,SHV,LA,ASW,CE,Combined TRACON& Tower with Radar,16,47,22,14,99,0,0,19,0,19,16,47,41,14,118,226,3,229,347
11/06/2005,SHV,LA,ASW,CE,Combined TRACON& Tower with Radar,14,54,35,8,111,0,0,8,3,11,14,54,43,11,122,210,0,210,332
11/07/2005,SHV,LA,ASW,CE,Combined TRACON& Tower with Radar,10,64,59,15,148,0,0,14,1,15,10,64,73,16,163,8,10,18,181
11/08/2005,SHV,LA,ASW,CE,Combined TRACON& Tower with Radar,23,76,45,2,146,0,0,17,2,19,23,76,62,4,165,17,18,35,200
11/09/2005,SHV,LA,ASW,CE,Combined TRACON& Tower with Radar,28,70,51,0,149,0,0,17,0,17,28,70,68,0,166,21,0,21,187
11/10/2005,SHV,LA,ASW,CE,Combined TRACON& Tower with Radar,25,74,56,17,172,0,0,26,8,34,25,74,82,25,206,40,12,52,258
11/11/2005,SHV,LA,ASW,CE,Combined TRACON& Tower with Radar,26,65,39,1,131,0,0,44,1,45,26,65,83,2,176,68,0,68,244
11/12/2005,SHV,LA,ASW,CE,Combined TRACON& Tower with Radar,26,65,48,1,140,0,0,35,1,36,26,65,83,2,176,71,2,73,249
11/13/2005,SHV,LA,ASW,CE,Combined TRACON& Tower with Radar,9,58,48,5,120,0,0,11,0,11,9,58,59,5,131,31,0,31,162
11/14/2005,SHV,LA,ASW,CE,Combined TRACON& Tower with Radar,9,58,48,5,120,0,0,11,0,11,9,58,59,5,131,8,4,12,143
11/15/2005,SHV,LA,ASW,CE,Combined TRACON& Tower with Radar,18,70,30,1,119,0,0,5,0,5,18,70,35,1,124,4,0,4,128
11/16/2005,SHV,LA,ASW,CE,Combined TRACON& Tower with Radar,21,69,37,12,139,0,0,37,3,40,21,69,74,15,179,0,0,0,179
11/17/2005,SHV,LA,ASW,CE,Combined TRACON& Tower with Radar,20,80,41,16,157,0,0,55,2,57,20,80,96,18,214,18,12,30,244
11/18/2005,SHV,LA,ASW,CE,Combined TRACON& Tower with Radar,20,72,50,2,144,0,0,37,2,39,20,72,87,4,183,10,8,18,201
11/19/2005,SHV,LA,ASW,CE,Combined TRACON& Tower with Radar,14,60,16,16,106,0,0,16,0,16,14,60,32,16,122,6,20,26,148
11/20/2005,SHV,LA,ASW,CE,Combined TRACON& Tower with Radar,10,46,26,3,85,0,0,15,0,15,10,46,41,3,100,0,0,0,100
11/21/2005,SHV,LA,ASW,CE,Combined TRACON& Tower with Radar,7,59,51,3,120,0,0,18,2,20,7,59,69,5,140,0,0,0,140
11/22/2005,SHV,LA,ASW,CE,Combined TRACON& Tower with Radar,20,70,61,3,154,0,0,34,2,36,20,70,95,5,190,0,0,0,190
11/23/2005,SHV,LA,ASW,CE,Combined TRACON& Tower with Radar,22,74,44,2,142,0,0,29,13,42,22,74,73,15,184,30,0,30,214
11/24/2005,SHV,LA,ASW,CE,Combined TRACON& Tower with Radar,9,44,5,0,58,0,1,8,5,14,9,45,13,5,72,0,0,0,72
11/25/2005,SHV,LA,ASW,CE,Combined TRACON& Tower with Radar,18,46,48,0,112,0,0,16,0,16,18,46,64,0,128,0,0,0,128
11/26/2005,SHV,LA,ASW,CE,Combined TRACON& Tower with Radar,14,47,19,0,80,0,0,1,0,1,14,47,20,0,81,0,0,0,81
11/27/2005,SHV,LA,ASW,CE,Combined TRACON& Tower with Radar,7,40,55,2,104,0,0,4,0,4,7,40,59,2,108,0,0,0,108
11/28/2005,SHV,LA,ASW,CE,Combined TRACON& Tower with Radar,9,60,15,5,89,0,0,13,0,13,9,60,28,5,102,0,0,0,102
11/29/2005,SHV,LA,ASW,CE,Combined TRACON& Tower with Radar,20,62,40,9,131,0,0,24,0,24,20,62,64,9,155,12,0,12,167
11/30/2005,SHV,LA,ASW,CE,Combined TRACON& Tower with Radar,20,73,44,0,137,0,0,33,6,39,20,73,77,6,176,20,0,20,196
12/01/2005,SHV,LA,ASW,CE,Combined TRACON& Tower with Radar,21,70,45,4,140,0,0,35,2,37,21,70,80,6,177,0,0,0,177
12/02/2005,SHV,LA,ASW,CE,Combined TRACON& Tower with Radar,19,84,37,3,143,0,0,24,0,24,19,84,61,3,167,0,0,0,167
12/03/2005,SHV,LA,ASW,CE,Combined TRACON& Tower with Radar,16,49,24,7,96,0,0,8,0,8,16,49,32,7,104,2,4,6,110
12/04/2005,SHV,LA,ASW,CE,Combined TRACON& Tower with Radar,5,54,59,8,126,0,0,2,0,2,5,54,61,8,128,0,10,10,138
12/05/2005,SHV,LA,ASW,CE,Combined TRACON& Tower with Radar,10,66,27,2,105,0,0,17,0,17,10,66,44,2,122,0,0,0,122
12/06/2005,SHV,LA,ASW,CE,Combined TRACON& Tower with Radar,17,69,35,10,131,0,0,39,0,39,17,69,74,10,170,0,0,0,170
12/07/2005,SHV,LA,ASW,CE,Combined TRACON& Tower with Radar,21,61,62,0,144,0,0,16,0,16,21,61,78,0,160,0,0,0,160
12/08/2005,SHV,LA,ASW,CE,Combined TRACON& Tower with Radar,21,73,41,1,136,0,0,9,0,9,21,73,50,1,145,0,0,0,145
12/09/2005,SHV,LA,ASW,CE,Combined TRACON& Tower with Radar,25,72,56,14,167,0,0,27,1,28,25,72,83,15,195,0,0,0,195
12/10/2005,SHV,LA,ASW,CE,Combined TRACON& Tower with Radar,15,48,17,13,93,0,0,22,5,27,15,48,39,18,120,0,0,0,120
12/11/2005,SHV,LA,ASW,CE,Combined TRACON& Tower with Radar,8,42,40,2,92,0,0,18,1,19,8,42,58,3,111,6,0,6,117
12/12/2005,SHV,LA,ASW,CE,Combined TRACON& Tower with Radar,7,62,32,4,105,0,0,23,0,23,7,62,55,4,128,12,0,12,140
12/13/2005,SHV,LA,ASW,CE,Combined TRACON& Tower with Radar,0,0,0,0,0,0,0,0,0,0,0,0,0,0,0,6,0,6,6
12/14/2005,SHV,LA,ASW,CE,Combined TRACON& Tower with Radar,25,63,60,2,150,0,0,4,0,4,25,63,64,2,154,0,0,0,154
12/15/2005,SHV,LA,ASW,CE,Combined TRACON& Tower with Radar,22,72,64,0,158,0,0,36,2,38,22,72,100,2,196,0,0,0,196
12/16/2005,SHV,LA,ASW,CE,Combined TRACON& Tower with Radar,21,72,47,5,145,0,1,37,1,39,21,73,84,6,184,0,0,0,184
12/17/2005,SHV,LA,ASW,CE,Combined TRACON& Tower with Radar,16,54,30,0,100,0,0,6,0,6,16,54,36,0,106,0,0,0,106
12/18/2005,SHV,LA,ASW,CE,Combined TRACON& Tower with Radar,5,50,27,0,82,0,0,26,0,26,5,50,53,0,108,0,0,0,108
12/19/2005,SHV,LA,ASW,CE,Combined TRACON& Tower with Radar,5,50,27,0,82,1,19,42,8,70,6,69,69,8,152,33,0,33,185
12/20/2005,SHV,LA,ASW,CE,Combined TRACON& Tower with Radar,23,74,27,4,128,0,0,11,0,11,23,74,38,4,139,4,0,4,143
12/21/2005,SHV,LA,ASW,CE,Combined TRACON& Tower with Radar,21,67,49,1,138,0,0,6,0,6,21,67,55,1,144,0,0,0,144
12/22/2005,SHV,LA,ASW,CE,Combined TRACON& Tower with Radar,21,73,31,1,126,0,2,21,3,26,21,75,52,4,152,4,0,4,156
12/23/2005,SHV,LA,ASW,CE,Combined TRACON& Tower with Radar,19,74,22,2,117,0,0,29,6,35,19,74,51,8,152,0,0,0,152
12/24/2005,SHV,LA,ASW,CE,Combined TRACON& Tower with Radar,19,42,15,0,76,0,0,13,0,13,19,42,28,0,89,0,0,0,89
12/25/2005,SHV,LA,ASW,CE,Combined TRACON& Tower with Radar,4,41,4,0,49,0,0,7,0,7,4,41,11,0,56,6,0,6,62
12/26/2005,SHV,LA,ASW,CE,Combined TRACON& Tower with Radar,6,63,32,0,101,0,0,24,0,24,6,63,56,0,125,10,0,10,135
12/27/2005,SHV,LA,ASW,CE,Combined TRACON& Tower with Radar,9,59,32,0,100,0,0,15,2,17,9,59,47,2,117,2,0,2,119
12/28/2005,SHV,LA,ASW,CE,Combined TRACON& Tower with Radar,17,67,35,2,121,0,0,29,2,31,17,67,64,4,152,12,0,12,164
12/29/2005,SHV,LA,ASW,CE,Combined TRACON& Tower with Radar,18,65,42,11,136,0,0,27,5,32,18,65,69,16,168,0,20,20,188
12/30/2005,SHV,LA,ASW,CE,Combined TRACON& Tower with Radar,25,67,49,6,147,0,0,14,0,14,25,67,63,6,161,0,0,0,161
12/31/2005,SHV,LA,ASW,CE,Combined TRACON& Tower with Radar,23,49,34,0,106,0,1,6,2,9,23,50,40,2,115,0,0,0,115
01/01/2006,SHV,LA,ASW,CE,Combined TRACON& Tower with Radar,3,33,25,0,61,0,0,3,0,3,3,33,28,0,64,0,0,0,64
01/02/2006,SHV,LA,ASW,CE,Combined TRACON& Tower with Radar,6,55,19,2,82,0,0,16,2,18,6,55,35,4,100,2,0,2,102
01/03/2006,SHV,LA,ASW,CE,Combined TRACON& Tower with Radar,7,61,24,2,94,0,0,19,8,27,7,61,43,10,121,32,0,32,153
01/04/2006,SHV,LA,ASW,CE,Combined TRACON& Tower with Radar,13,69,34,3,119,0,0,20,2,22,13,69,54,5,141,8,0,8,149
01/05/2006,SHV,LA,ASW,CE,Combined TRACON& Tower with Radar,14,74,43,6,137,0,0,35,7,42,14,74,78,13,179,0,10,10,189
01/06/2006,SHV,LA,ASW,CE,Combined TRACON& Tower with Radar,0,0,0,0,0,0,0,0,0,0,0,0,0,0,0,0,2,2,2
01/07/2006,SHV,LA,ASW,CE,Combined TRACON& Tower with Radar,8,53,15,15,91,0,0,7,5,12,8,53,22,20,103,0,0,0,103
01/08/2006,SHV,LA,ASW,CE,Combined TRACON& Tower with Radar,2,56,23,6,87,0,0,4,1,5,2,56,27,7,92,0,0,0,92
01/09/2006,SHV,LA,ASW,CE,Combined TRACON& Tower with Radar,0,26,7,0,33,0,33,39,7,79,0,59,46,7,112,4,0,4,116
01/10/2006,SHV,LA,ASW,CE,Combined TRACON& Tower with Radar,16,69,55,3,143,0,0,16,1,17,16,69,71,4,160,12,0,12,172
01/11/2006,SHV,LA,ASW,CE,Combined TRACON& Tower with Radar,14,70,50,2,136,0,0,44,7,51,14,70,94,9,187,20,0,20,207
01/12/2006,SHV,LA,ASW,CE,Combined TRACON& Tower with Radar,12,63,51,3,129,0,0,6,0,6,12,63,57,3,135,4,0,4,139
01/13/2006,SHV,LA,ASW,CE,Combined TRACON& Tower with Radar,13,60,32,31,136,0,0,26,2,28,13,60,58,33,164,2,56,58,222
01/14/2006,SHV,LA,ASW,CE,Combined TRACON& Tower with Radar,7,52,25,13,97,0,0,23,4,27,7,52,48,17,124,16,0,16,140
01/15/2006,SHV,LA,ASW,CE,Combined TRACON& Tower with Radar,3,49,31,6,89,0,0,8,0,8,3,49,39,6,97,0,0,0,97
01/16/2006,SHV,LA,ASW,CE,Combined TRACON& Tower with Radar,1,59,34,4,98,0,0,2,1,3,1,59,36,5,101,0,0,0,101
01/17/2006,SHV,LA,ASW,CE,Combined TRACON& Tower with Radar,15,65,26,12,118,0,0,16,1,17,15,65,42,13,135,0,12,12,147
01/18/2006,SHV,LA,ASW,CE,Combined TRACON& Tower with Radar,14,66,48,3,131,0,0,43,0,43,14,66,91,3,174,0,0,0,174
01/19/2006,SHV,LA,ASW,CE,Combined TRACON& Tower with Radar,12,71,46,5,134,0,0,30,8,38,12,71,76,13,172,18,4,22,194
01/20/2006,SHV,LA,ASW,CE,Combined TRACON& Tower with Radar,12,64,39,1,116,0,0,20,0,20,12,64,59,1,136,12,0,12,148
01/21/2006,SHV,LA,ASW,CE,Combined TRACON& Tower with Radar,10,47,20,4,81,0,0,0,0,0,10,47,20,4,81,6,14,20,101
01/22/2006,SHV,LA,ASW,CE,Combined TRACON& Tower with Radar,2,43,16,0,61,0,0,2,0,2,2,43,18,0,63,0,0,0,63
01/23/2006,SHV,LA,ASW,CE,Combined TRACON& Tower with Radar,2,62,40,13,117,0,0,3,0,3,2,62,43,13,120,6,0,6,126
01/24/2006,SHV,LA,ASW,CE,Combined TRACON& Tower with Radar,12,64,33,4,113,0,0,11,0,11,12,64,44,4,124,2,0,2,126
01/25/2006,SHV,LA,ASW,CE,Combined TRACON& Tower with Radar,18,63,29,8,118,0,0,42,0,42,18,63,71,8,160,0,2,2,162
01/26/2006,SHV,LA,ASW,CE,Combined TRACON& Tower with Radar,14,66,63,10,153,0,0,19,0,19,14,66,82,10,172,6,0,6,178
01/27/2006,SHV,LA,ASW,CE,Combined TRACON& Tower with Radar,18,73,50,33,174,0,0,25,0,25,18,73,75,33,199,26,16,42,241
01/28/2006,SHV,LA,ASW,CE,Combined TRACON& Tower with Radar,9,53,7,4,73,0,0,3,0,3,9,53,10,4,76,2,0,2,78
01/29/2006,SHV,LA,ASW,CE,Combined TRACON& Tower with Radar,2,56,32,7,97,0,0,14,1,15,2,56,46,8,112,2,0,2,114
01/30/2006,SHV,LA,ASW,CE,Combined TRACON& Tower with Radar,0,70,25,5,100,0,0,16,5,21,0,70,41,10,121,20,0,20,141
01/31/2006,SHV,LA,ASW,CE,Combined TRACON& Tower with Radar,12,63,48,5,128,0,0,31,9,40,12,63,79,14,168,14,10,24,192
02/01/2006,SHV,LA,ASW,CE,Combined TRACON& Tower with Radar,17,61,53,0,131,0,0,23,3,26,17,61,76,3,157,8,0,8,165
02/02/2006,SHV,LA,ASW,CE,Combined TRACON& Tower with Radar,12,69,65,9,155,0,0,20,0,20,12,69,85,9,175,2,0,2,177
02/03/2006,SHV,LA,ASW,CE,Combined TRACON& Tower with Radar,0,0,0,0,0,0,0,0,0,0,0,0,0,0,0,6,0,6,6
02/04/2006,SHV,LA,ASW,CE,Combined TRACON& Tower with Radar,9,46,31,20,106,0,0,26,2,28,9,46,57,22,134,0,6,6,140
02/05/2006,SHV,LA,ASW,CE,Combined TRACON& Tower with Radar,2,49,20,9,80,0,0,17,1,18,2,49,37,10,98,0,0,0,98
02/06/2006,SHV,LA,ASW,CE,Combined TRACON& Tower with Radar,0,70,35,11,116,0,0,13,1,14,0,70,48,12,130,4,4,8,138
02/07/2006,SHV,LA,ASW,CE,Combined TRACON& Tower with Radar,12,60,45,1,118,0,0,27,7,34,12,60,72,8,152,10,0,10,162
02/08/2006,SHV,LA,ASW,CE,Combined TRACON& Tower with Radar,14,56,42,4,116,0,0,16,0,16,14,56,58,4,132,0,0,0,132
02/09/2006,SHV,LA,ASW,CE,Combined TRACON& Tower with Radar,12,70,51,0,133,0,0,27,0,27,12,70,78,0,160,6,0,6,166
02/10/2006,SHV,LA,ASW,CE,Combined TRACON& Tower with Radar,13,66,37,0,116,0,0,6,0,6,13,66,43,0,122,0,0,0,122
02/11/2006,SHV,LA,ASW,CE,Combined TRACON& Tower with Radar,11,41,24,2,78,0,0,13,2,15,11,41,37,4,93,12,0,12,105
02/12/2006,SHV,LA,ASW,CE,Combined TRACON& Tower with Radar,2,51,22,2,77,0,0,16,0,16,2,51,38,2,93,0,0,0,93
02/13/2006,SHV,LA,ASW,CE,Combined TRACON& Tower with Radar,0,67,31,2,100,0,0,25,0,25,0,67,56,2,125,0,0,0,125
02/14/2006,SHV,LA,ASW,CE,Combined TRACON& Tower with Radar,15,58,30,7,110,0,0,18,1,19,15,58,48,8,129,15,18,33,162
02/15/2006,SHV,LA,ASW,CE,Combined TRACON& Tower with Radar,15,67,51,0,133,0,0,22,0,22,15,67,73,0,155,0,0,0,155
02/16/2006,SHV,LA,ASW,CE,Combined TRACON& Tower with Radar,12,66,59,29,166,0,0,14,1,15,12,66,73,30,181,4,12,16,197
02/17/2006,SHV,LA,ASW,CE,Combined TRACON& Tower with Radar,12,71,49,9,141,0,0,14,3,17,12,71,63,12,158,4,0,4,162
02/18/2006,SHV,LA,ASW,CE,Combined TRACON& Tower with Radar,8,36,11,0,55,0,0,0,0,0,8,36,11,0,55,0,0,0,55
02/19/2006,SHV,LA,ASW,CE,Combined TRACON& Tower with Radar,6,44,16,0,66,0,0,3,0,3,6,44,19,0,69,6,0,6,75
02/20/2006,SHV,LA,ASW,CE,Combined TRACON& Tower with Radar,2,51,27,7,87,0,0,0,0,0,2,51,27,7,87,0,0,0,87
02/21/2006,SHV,LA,ASW,CE,Combined TRACON& Tower with Radar,2,51,27,7,87,0,0,0,0,0,2,51,27,7,87,0,0,0,87
02/22/2006,SHV,LA,ASW,CE,Combined TRACON& Tower with Radar,14,56,46,0,116,0,0,0,0,0,14,56,46,0,116,0,0,0,116
02/23/2006,SHV,LA,ASW,CE,Combined TRACON& Tower with Radar,16,65,62,9,152,0,0,27,7,34,16,65,89,16,186,12,4,16,202
02/24/2006,SHV,LA,ASW,CE,Combined TRACON& Tower with Radar,12,72,43,20,147,0,0,34,0,34,12,72,77,20,181,0,8,8,189
02/25/2006,SHV,LA,ASW,CE,Combined TRACON& Tower with Radar,10,49,13,4,76,0,0,2,0,2,10,49,15,4,78,0,16,16,94
02/26/2006,SHV,LA,ASW,CE,Combined TRACON& Tower with Radar,2,59,35,8,104,0,0,16,3,19,2,59,51,11,123,4,0,4,127
02/27/2006,SHV,LA,ASW,CE,Combined TRACON& Tower with Radar,0,0,0,0,0,0,0,0,0,0,0,0,0,0,0,14,2,16,16
02/28/2006,SHV,LA,ASW,CE,Combined TRACON& Tower with Radar,15,62,50,5,132,0,0,19,1,20,15,62,69,6,152,8,0,8,160
03/01/2006,SHV,LA,ASW,CE,Combined TRACON& Tower with Radar,16,62,42,5,125,0,0,25,2,27,16,62,67,7,152,0,0,0,152
03/02/2006,SHV,LA,ASW,CE,Combined TRACON& Tower with Radar,16,69,41,14,140,0,1,17,0,18,16,70,58,14,158,8,34,42,200
03/03/2006,SHV,LA,ASW,CE,Combined TRACON& Tower with Radar,16,66,43,28,153,0,0,28,3,31,16,66,71,31,184,26,10,36,220
03/04/2006,SHV,LA,ASW,CE,Combined TRACON& Tower with Radar,10,57,16,11,94,0,3,21,4,28,10,60,37,15,122,36,0,36,158
03/05/2006,SHV,LA,ASW,CE,Combined TRACON& Tower with Radar,2,52,25,2,81,0,3,3,0,6,2,55,28,2,87,24,11,35,122
03/06/2006,SHV,LA,ASW,CE,Combined TRACON& Tower with Radar,0,62,28,7,97,0,0,20,4,24,0,62,48,11,121,4,6,10,131
03/07/2006,SHV,LA,ASW,CE,Combined TRACON& Tower with Radar,12,65,52,2,131,0,0,17,0,17,12,65,69,2,148,0,0,0,148
03/08/2006,SHV,LA,ASW,CE,Combined TRACON& Tower with Radar,15,68,51,19,153,0,0,7,0,7,15,68,58,19,160,0,8,8,168
03/09/2006,SHV,LA,ASW,CE,Combined TRACON& Tower with Radar,12,59,17,4,92,0,3,16,0,19,12,62,33,4,111,0,0,0,111
03/10/2006,SHV,LA,ASW,CE,Combined TRACON& Tower with Radar,14,68,47,12,141,0,0,32,0,32,14,68,79,12,173,0,16,16,189
03/11/2006,SHV,LA,ASW,CE,Combined TRACON& Tower with Radar,12,50,20,4,86,0,0,5,5,10,12,50,25,9,96,14,0,14,110
03/12/2006,SHV,LA,ASW,CE,Combined TRACON& Tower with Radar,2,52,17,6,77,0,0,5,3,8,2,52,22,9,85,0,0,0,85
03/13/2006,SHV,LA,ASW,CE,Combined TRACON& Tower with Radar,0,67,19,4,90,0,0,11,4,15,0,67,30,8,105,0,0,0,105
03/14/2006,SHV,LA,ASW,CE,Combined TRACON& Tower with Radar,15,70,61,5,151,0,1,34,3,38,15,71,95,8,189,16,0,16,205
03/15/2006,SHV,LA,ASW,CE,Combined TRACON& Tower with Radar,21,76,43,6,146,0,0,17,5,22,21,76,60,11,168,1,6,7,175
03/16/2006,SHV,LA,ASW,CE,Combined TRACON& Tower with Radar,16,62,72,9,159,0,1,10,1,12,16,63,82,10,171,0,0,0,171
03/17/2006,SHV,LA,ASW,CE,Combined TRACON& Tower with Radar,14,68,35,21,138,0,0,39,7,46,14,68,74,28,184,14,10,24,208
03/18/2006,SHV,LA,ASW,CE,Combined TRACON& Tower with Radar,12,48,22,0,82,0,0,2,0,2,12,48,24,0,84,0,0,0,84
03/19/2006,SHV,LA,ASW,CE,Combined TRACON& Tower with Radar,8,51,16,1,76,0,0,2,1,3,8,51,18,2,79,0,0,0,79
03/20/2006,SHV,LA,ASW,CE,Combined TRACON& Tower with Radar,12,54,35,1,102,0,0,1,0,1,12,54,36,1,103,0,0,0,103
03/21/2006,SHV,LA,ASW,CE,Combined TRACON& Tower with Radar,16,62,40,20,138,0,0,29,5,34,16,62,69,25,172,22,10,32,204
03/22/2006,SHV,LA,ASW,CE,Combined TRACON& Tower with Radar,14,70,38,12,134,0,3,20,0,23,14,73,58,12,157,2,33,35,192
03/23/2006,SHV,LA,ASW,CE,Combined TRACON& Tower with Radar,12,59,49,10,130,0,2,14,4,20,12,61,63,14,150,8,18,26,176
03/24/2006,SHV,LA,ASW,CE,Combined TRACON& Tower with Radar,12,70,43,23,148,0,2,29,0,31,12,72,72,23,179,0,30,30,209
03/25/2006,SHV,LA,ASW,CE,Combined TRACON& Tower with Radar,10,50,26,27,113,0,3,32,2,37,10,53,58,29,150,12,12,24,174
03/26/2006,SHV,LA,ASW,CE,Combined TRACON& Tower with Radar,4,47,32,18,101,0,0,15,3,18,4,47,47,21,119,14,14,28,147
03/27/2006,SHV,LA,ASW,CE,Combined TRACON& Tower with Radar,1,65,28,5,99,0,1,12,1,14,1,66,40,6,113,2,18,20,133
03/28/2006,SHV,LA,ASW,CE,Combined TRACON& Tower with Radar,14,70,31,2,117,0,1,6,0,7,14,71,37,2,124,0,0,0,124
03/29/2006,SHV,LA,ASW,CE,Combined TRACON& Tower with Radar,14,70,52,4,140,0,2,10,0,12,14,72,62,4,152,0,6,6,158
03/30/2006,SHV,LA,ASW,CE,Combined TRACON& Tower with Radar,13,62,44,18,137,0,1,9,2,12,13,63,53,20,149,6,4,10,159
03/31/2006,SHV,LA,ASW,CE,Combined TRACON& Tower with Radar,15,69,54,20,158,0,0,22,1,23,15,69,76,21,181,12,4,16,197
04/01/2006,SHV,LA,ASW,CE,Combined TRACON& Tower with Radar,12,51,28,18,109,0,0,12,1,13,12,51,40,19,122,6,0,6,128
04/02/2006,SHV,LA,ASW,CE,Combined TRACON& Tower with Radar,2,54,21,9,86,0,0,3,0,3,2,54,24,9,89,0,8,8,97
04/03/2006,SHV,LA,ASW,CE,Combined TRACON& Tower with Radar,0,70,35,0,105,0,0,21,2,23,0,70,56,2,128,0,0,0,128
04/04/2006,SHV,LA,ASW,CE,Combined TRACON& Tower with Radar,14,70,40,2,126,0,1,22,2,25,14,71,62,4,151,0,0,0,151
04/05/2006,SHV,LA,ASW,CE,Combined TRACON& Tower with Radar,20,68,49,8,145,0,1,21,1,23,20,69,70,9,168,2,0,2,170
04/06/2006,SHV,LA,ASW,CE,Combined TRACON& Tower with Radar,14,63,38,2,117,0,0,14,0,14,14,63,52,2,131,13,0,13,144
04/07/2006,SHV,LA,ASW,CE,Combined TRACON& Tower with Radar,14,63,43,9,129,0,0,18,1,19,14,63,61,10,148,8,6,14,162
04/08/2006,SHV,LA,ASW,CE,Combined TRACON& Tower with Radar,12,55,28,17,112,0,1,14,1,16,12,56,42,18,128,2,6,8,136
04/09/2006,SHV,LA,ASW,CE,Combined TRACON& Tower with Radar,2,55,26,3,86,0,1,22,0,23,2,56,48,3,109,2,0,2,111
04/10/2006,SHV,LA,ASW,CE,Combined TRACON& Tower with Radar,0,57,25,7,89,0,1,17,1,19,0,58,42,8,108,0,0,0,108
04/11/2006,SHV,LA,ASW,CE,Combined TRACON& Tower with Radar,16,60,39,22,137,0,0,28,2,30,16,60,67,24,167,8,10,18,185
04/12/2006,SHV,LA,ASW,CE,Combined TRACON& Tower with Radar,14,67,43,2,126,0,1,22,0,23,14,68,65,2,149,0,0,0,149
04/13/2006,SHV,LA,ASW,CE,Combined TRACON& Tower with Radar,14,61,59,3,137,0,0,24,0,24,14,61,83,3,161,13,0,13,174
04/14/2006,SHV,LA,ASW,CE,Combined TRACON& Tower with Radar,12,66,33,2,113,0,0,21,1,22,12,66,54,3,135,0,0,0,135
04/15/2006,SHV,LA,ASW,CE,Combined TRACON& Tower with Radar,10,49,20,4,83,0,2,16,1,19,10,51,36,5,102,0,8,8,110
04/16/2006,SHV,LA,ASW,CE,Combined TRACON& Tower with Radar,4,46,23,8,81,0,1,18,0,19,4,47,41,8,100,0,0,0,100
04/17/2006,SHV,LA,ASW,CE,Combined TRACON& Tower with Radar,0,57,34,3,94,0,0,15,0,15,0,57,49,3,109,24,0,24,133
04/18/2006,SHV,LA,ASW,CE,Combined TRACON& Tower with Radar,16,61,44,5,126,0,1,27,2,30,16,62,71,7,156,0,0,0,156
04/19/2006,SHV,LA,ASW,CE,Combined TRACON& Tower with Radar,16,67,43,1,127,0,0,28,3,31,16,67,71,4,158,7,0,7,165
04/20/2006,SHV,LA,ASW,CE,Combined TRACON& Tower with Radar,14,69,50,18,151,0,1,21,0,22,14,70,71,18,173,34,6,40,213
04/21/2006,SHV,LA,ASW,CE,Combined TRACON& Tower with Radar,12,63,50,24,149,0,0,12,0,12,12,63,62,24,161,6,0,6,167
04/22/2006,SHV,LA,ASW,CE,Combined TRACON& Tower with Radar,10,53,17,9,89,0,0,19,0,19,10,53,36,9,108,64,14,78,186
04/23/2006,SHV,LA,ASW,CE,Combined TRACON& Tower with Radar,2,58,31,18,109,0,0,11,0,11,2,58,42,18,120,12,0,12,132
04/24/2006,SHV,LA,ASW,CE,Combined TRACON& Tower with Radar,0,64,34,2,100,0,2,21,0,23,0,66,55,2,123,0,2,2,125
04/25/2006,SHV,LA,ASW,CE,Combined TRACON& Tower with Radar,12,67,42,4,125,0,0,5,0,5,12,67,47,4,130,10,0,10,140
04/26/2006,SHV,LA,ASW,CE,Combined TRACON& Tower with Radar,14,66,38,2,120,0,0,5,2,7,14,66,43,4,127,0,0,0,127
04/27/2006,SHV,LA,ASW,CE,Combined TRACON& Tower with Radar,12,63,53,4,132,0,0,36,6,42,12,63,89,10,174,8,0,8,182
04/28/2006,SHV,LA,ASW,CE,Combined TRACON& Tower with Radar,14,68,45,3,130,0,0,17,3,20,14,68,62,6,150,28,0,28,178
04/29/2006,SHV,LA,ASW,CE,Combined TRACON& Tower with Radar,14,51,16,0,81,0,1,3,0,4,14,52,19,0,85,2,0,2,87
04/30/2006,SHV,LA,ASW,CE,Combined TRACON& Tower with Radar,4,53,25,9,91,0,2,26,3,31,4,55,51,12,122,0,0,0,122
05/01/2006,SHV,LA,ASW,CE,Combined TRACON& Tower with Radar,0,64,33,13,110,0,0,29,0,29,0,64,62,13,139,2,18,20,159
05/02/2006,SHV,LA,ASW,CE,Combined TRACON& Tower with Radar,13,57,41,0,111,0,0,16,3,19,13,57,57,3,130,8,0,8,138
05/03/2006,SHV,LA,ASW,CE,Combined TRACON& Tower with Radar,15,70,38,2,125,0,0,15,2,17,15,70,53,4,142,0,2,2,144
05/04/2006,SHV,LA,ASW,CE,Combined TRACON& Tower with Radar,12,65,49,7,133,0,0,10,0,10,12,65,59,7,143,0,12,12,155
05/05/2006,SHV,LA,ASW,CE,Combined TRACON& Tower with Radar,14,61,56,12,143,0,0,6,2,8,14,61,62,14,151,0,4,4,155
05/06/2006,SHV,LA,ASW,CE,Combined TRACON& Tower with Radar,10,50,22,1,83,0,2,1,0,3,10,52,23,1,86,0,0,0,86
05/07/2006,SHV,LA,ASW,CE,Combined TRACON& Tower with Radar,2,53,57,9,121,0,0,2,3,5,2,53,59,12,126,0,6,6,132
05/08/2006,SHV,LA,ASW,CE,Combined TRACON& Tower with Radar,1,57,21,1,80,0,0,12,2,14,1,57,33,3,94,0,0,0,94
05/09/2006,SHV,LA,ASW,CE,Combined TRACON& Tower with Radar,12,65,34,2,113,0,0,13,4,17,12,65,47,6,130,8,0,8,138
05/10/2006,SHV,LA,ASW,CE,Combined TRACON& Tower with Radar,15,62,47,0,124,0,0,16,2,18,15,62,63,2,142,0,0,0,142
05/11/2006,SHV,LA,ASW,CE,Combined TRACON& Tower with Radar,14,74,36,7,131,0,1,35,4,40,14,75,71,11,171,2,2,4,175
05/12/2006,SHV,LA,ASW,CE,Combined TRACON& Tower with Radar,18,72,40,32,162,0,2,24,1,27,18,74,64,33,189,6,2,8,197
05/13/2006,SHV,LA,ASW,CE,Combined TRACON& Tower with Radar,12,49,22,8,91,0,3,19,6,28,12,52,41,14,119,18,0,18,137
05/14/2006,SHV,LA,ASW,CE,Combined TRACON& Tower with Radar,4,64,25,19,112,0,0,13,0,13,4,64,38,19,125,22,0,22,147
05/15/2006,SHV,LA,ASW,CE,Combined TRACON& Tower with Radar,0,62,40,3,105,0,0,35,5,40,0,62,75,8,145,10,0,10,155
05/16/2006,SHV,LA,ASW,CE,Combined TRACON& Tower with Radar,12,72,45,7,136,0,1,23,2,26,12,73,68,9,162,22,0,22,184
05/17/2006,SHV,LA,ASW,CE,Combined TRACON& Tower with Radar,14,66,37,0,117,0,0,33,0,33,14,66,70,0,150,10,0,10,160
05/18/2006,SHV,LA,ASW,CE,Combined TRACON& Tower with Radar,14,75,50,22,161,0,0,22,5,27,14,75,72,27,188,18,8,26,214
05/19/2006,SHV,LA,ASW,CE,Combined TRACON& Tower with Radar,12,64,45,15,136,0,3,28,2,33,12,67,73,17,169,4,4,8,177
05/20/2006,SHV,LA,ASW,CE,Combined TRACON& Tower with Radar,10,51,23,36,120,0,4,24,6,34,10,55,47,42,154,36,20,56,210
05/21/2006,SHV,LA,ASW,CE,Combined TRACON& Tower with Radar,4,60,28,11,103,0,0,24,1,25,4,60,52,12,128,0,0,0,128
05/22/2006,SHV,LA,ASW,CE,Combined TRACON& Tower with Radar,0,68,42,0,110,0,0,12,0,12,0,68,54,0,122,0,0,0,122
05/23/2006,SHV,LA,ASW,CE,Combined TRACON& Tower with Radar,14,62,39,0,115,0,1,20,0,21,14,63,59,0,136,0,0,0,136
05/24/2006,SHV,LA,ASW,CE,Combined TRACON& Tower with Radar,16,68,54,2,140,0,0,34,3,37,16,68,88,5,177,20,0,20,197
05/25/2006,SHV,LA,ASW,CE,Combined TRACON& Tower with Radar,14,72,38,10,134,0,0,18,2,20,14,72,56,12,154,10,8,18,172
05/26/2006,SHV,LA,ASW,CE,Combined TRACON& Tower with Radar,12,73,45,3,133,0,3,24,2,29,12,76,69,5,162,0,0,0,162
05/27/2006,SHV,LA,ASW,CE,Combined TRACON& Tower with Radar,10,51,13,1,75,0,1,13,0,14,10,52,26,1,89,14,0,14,103
05/28/2006,SHV,LA,ASW,CE,Combined TRACON& Tower with Radar,1,55,10,2,68,0,2,7,0,9,1,57,17,2,77,0,0,0,77
05/29/2006,SHV,LA,ASW,CE,Combined TRACON& Tower with Radar,2,50,18,4,74,0,0,11,0,11,2,50,29,4,85,10,0,10,95
05/30/2006,SHV,LA,ASW,CE,Combined TRACON& Tower with Radar,1,63,35,8,107,0,0,14,0,14,1,63,49,8,121,0,6,6,127
05/31/2006,SHV,LA,ASW,CE,Combined TRACON& Tower with Radar,14,68,53,12,147,0,0,18,0,18,14,68,71,12,165,14,12,26,191
06/01/2006,SHV,LA,ASW,CE,Combined TRACON& Tower with Radar,14,72,45,5,136,0,0,13,1,14,14,72,58,6,150,14,4,18,168
06/02/2006,SHV,LA,ASW,CE,Combined TRACON& Tower with Radar,18,65,48,7,138,0,1,27,1,29,18,66,75,8,167,20,14,34,201
06/03/2006,SHV,LA,ASW,CE,Combined TRACON& Tower with Radar,10,48,33,8,99,0,0,18,1,19,10,48,51,9,118,16,0,16,134
06/04/2006,SHV,LA,ASW,CE,Combined TRACON& Tower with Radar,5,54,34,4,97,0,1,28,1,30,5,55,62,5,127,20,6,26,153
06/05/2006,SHV,LA,ASW,CE,Combined TRACON& Tower with Radar,8,62,23,2,95,0,4,17,5,26,8,66,40,7,121,0,0,0,121
06/06/2006,SHV,LA,ASW,CE,Combined TRACON& Tower with Radar,14,69,32,5,120,0,2,18,4,24,14,71,50,9,144,28,0,28,172
06/07/2006,SHV,LA,ASW,CE,Combined TRACON& Tower with Radar,19,71,33,8,131,0,2,18,2,22,19,73,51,10,153,11,8,19,172
06/08/2006,SHV,LA,ASW,CE,Combined TRACON& Tower with Radar,12,64,39,11,126,0,6,28,1,35,12,70,67,12,161,32,14,46,207
06/09/2006,SHV,LA,ASW,CE,Combined TRACON& Tower with Radar,12,64,45,23,144,0,4,18,10,32,12,68,63,33,176,28,4,32,208
06/10/2006,SHV,LA,ASW,CE,Combined TRACON& Tower with Radar,8,53,16,31,108,0,1,11,3,15,8,54,27,34,123,18,40,58,181
06/11/2006,SHV,LA,ASW,CE,Combined TRACON& Tower with Radar,2,53,18,28,101,0,0,8,0,8,2,53,26,28,109,0,4,4,113
06/12/2006,SHV,LA,ASW,CE,Combined TRACON& Tower with Radar,10,61,20,2,93,0,5,21,4,30,10,66,41,6,123,14,14,28,151
06/13/2006,SHV,LA,ASW,CE,Combined TRACON& Tower with Radar,12,70,29,16,127,0,5,17,6,28,12,75,46,22,155,40,6,46,201
06/14/2006,SHV,LA,ASW,CE,Combined TRACON& Tower with Radar,14,77,40,13,144,0,5,16,1,22,14,82,56,14,166,0,6,6,172
06/15/2006,SHV,LA,ASW,CE,Combined TRACON& Tower with Radar,12,71,39,23,145,0,4,20,4,28,12,75,59,27,173,36,4,40,213
06/16/2006,SHV,LA,ASW,CE,Combined TRACON& Tower with Radar,13,73,30,14,130,0,5,15,0,20,13,78,45,14,150,26,6,32,182
06/17/2006,SHV,LA,ASW,CE,Combined TRACON& Tower with Radar,7,52,28,0,87,0,1,0,0,1,7,53,28,0,88,0,0,0,88
06/18/2006,SHV,LA,ASW,CE,Combined TRACON& Tower with Radar,2,55,18,4,79,0,0,7,0,7,2,55,25,4,86,6,0,6,92
06/19/2006,SHV,LA,ASW,CE,Combined TRACON& Tower with Radar,4,71,33,11,119,0,0,16,2,18,4,71,49,13,137,2,4,6,143
06/20/2006,SHV,LA,ASW,CE,Combined TRACON& Tower with Radar,16,77,46,13,152,0,5,21,3,29,16,82,67,16,181,0,0,0,181
06/21/2006,SHV,LA,ASW,CE,Combined TRACON& Tower with Radar,18,78,51,10,157,0,5,14,0,19,18,83,65,10,176,26,18,44,220
06/22/2006,SHV,LA,ASW,CE,Combined TRACON& Tower with Radar,16,75,44,4,139,0,4,14,1,19,16,79,58,5,158,10,0,10,168
06/23/2006,SHV,LA,ASW,CE,Combined TRACON& Tower with Radar,12,73,33,6,124,0,4,19,4,27,12,77,52,10,151,8,8,16,167
06/24/2006,SHV,LA,ASW,CE,Combined TRACON& Tower with Radar,6,60,12,17,95,0,1,6,8,15,6,61,18,25,110,14,24,38,148
06/25/2006,SHV,LA,ASW,CE,Combined TRACON& Tower with Radar,2,56,22,7,87,0,1,11,0,12,2,57,33,7,99,0,0,0,99
06/26/2006,SHV,LA,ASW,CE,Combined TRACON& Tower with Radar,6,65,23,3,97,0,6,17,1,24,6,71,40,4,121,6,0,6,127
06/27/2006,SHV,LA,ASW,CE,Combined TRACON& Tower with Radar,12,78,53,7,150,0,8,19,2,29,12,86,72,9,179,10,6,16,195
06/28/2006,SHV,LA,ASW,CE,Combined TRACON& Tower with Radar,18,64,37,7,126,0,6,13,2,21,18,70,50,9,147,0,0,0,147
06/29/2006,SHV,LA,ASW,CE,Combined TRACON& Tower with Radar,14,65,55,2,136,0,6,19,2,27,14,71,74,4,163,0,0,0,163
06/30/2006,SHV,LA,ASW,CE,Combined TRACON& Tower with Radar,15,79,33,3,130,0,6,14,0,20,15,85,47,3,150,2,0,2,152
07/01/2006,SHV,LA,ASW,CE,Combined TRACON& Tower with Radar,10,54,15,0,79,0,0,18,0,18,10,54,33,0,97,0,0,0,97
07/02/2006,SHV,LA,ASW,CE,Combined TRACON& Tower with Radar,4,52,27,0,83,0,0,12,0,12,4,52,39,0,95,20,0,20,115
07/03/2006,SHV,LA,ASW,CE,Combined TRACON& Tower with Radar,4,61,17,2,84,0,2,7,0,9,4,63,24,2,93,0,0,0,93
07/04/2006,SHV,LA,ASW,CE,Combined TRACON& Tower with Radar,20,53,18,0,91,0,0,3,0,3,20,53,21,0,94,0,0,0,94
07/05/2006,SHV,LA,ASW,CE,Combined TRACON& Tower with Radar,19,62,28,2,111,0,1,8,2,11,19,63,36,4,122,0,22,22,144
07/06/2006,SHV,LA,ASW,CE,Combined TRACON& Tower with Radar,15,68,47,8,138,0,1,11,3,15,15,69,58,11,153,8,0,8,161
07/07/2006,SHV,LA,ASW,CE,Combined TRACON& Tower with Radar,12,61,25,25,123,0,5,22,0,27,12,66,47,25,150,22,49,71,221
07/08/2006,SHV,LA,ASW,CE,Combined TRACON& Tower with Radar,6,62,25,18,111,0,0,22,3,25,6,62,47,21,136,20,0,20,156
07/09/2006,SHV,LA,ASW,CE,Combined TRACON& Tower with Radar,2,57,18,7,84,0,0,9,2,11,2,57,27,9,95,30,0,30,125
07/10/2006,SHV,LA,ASW,CE,Combined TRACON& Tower with Radar,4,61,37,17,119,0,3,8,3,14,4,64,45,20,133,8,6,14,147
07/11/2006,SHV,LA,ASW,CE,Combined TRACON& Tower with Radar,12,72,37,0,121,0,5,15,3,23,12,77,52,3,144,10,0,10,154
07/12/2006,SHV,LA,ASW,CE,Combined TRACON& Tower with Radar,14,70,44,9,137,0,4,26,2,32,14,74,70,11,169,10,4,14,183
07/13/2006,SHV,LA,ASW,CE,Combined TRACON& Tower with Radar,12,69,45,3,129,0,4,11,1,16,12,73,56,4,145,12,10,22,167
07/14/2006,SHV,LA,ASW,CE,Combined TRACON& Tower with Radar,13,70,35,25,143,0,7,39,7,53,13,77,74,32,196,14,22,36,232
07/15/2006,SHV,LA,ASW,CE,Combined TRACON& Tower with Radar,9,64,16,16,105,0,0,7,1,8,9,64,23,17,113,2,15,17,130
07/16/2006,SHV,LA,ASW,CE,Combined TRACON& Tower with Radar,4,67,32,7,110,0,0,19,1,20,4,67,51,8,130,0,0,0,130
07/17/2006,SHV,LA,ASW,CE,Combined TRACON& Tower with Radar,6,77,39,11,133,0,6,24,0,30,6,83,63,11,163,2,4,6,169
07/18/2006,SHV,LA,ASW,CE,Combined TRACON& Tower with Radar,14,77,45,3,139,0,7,23,2,32,14,84,68,5,171,12,0,12,183
07/19/2006,SHV,LA,ASW,CE,Combined TRACON& Tower with Radar,14,88,55,16,173,0,4,17,0,21,14,92,72,16,194,0,0,0,194
07/20/2006,SHV,LA,ASW,CE,Combined TRACON& Tower with Radar,14,86,42,2,144,0,5,25,0,30,14,91,67,2,174,0,0,0,174
07/21/2006,SHV,LA,ASW,CE,Combined TRACON& Tower with Radar,17,80,48,15,160,0,7,21,3,31,17,87,69,18,191,20,0,20,211
07/22/2006,SHV,LA,ASW,CE,Combined TRACON& Tower with Radar,8,55,26,14,103,0,1,14,0,15,8,56,40,14,118,6,14,20,138
07/23/2006,SHV,LA,ASW,CE,Combined TRACON& Tower with Radar,2,58,29,9,98,0,2,16,0,18,2,60,45,9,116,0,0,0,116
07/24/2006,SHV,LA,ASW,CE,Combined TRACON& Tower with Radar,4,68,22,4,98,0,7,15,0,22,4,75,37,4,120,8,0,8,128
07/25/2006,SHV,LA,ASW,CE,Combined TRACON& Tower with Radar,12,72,33,0,117,0,4,9,0,13,12,76,42,0,130,6,0,6,136
07/26/2006,SHV,LA,ASW,CE,Combined TRACON& Tower with Radar,14,68,39,0,121,0,1,5,0,6,14,69,44,0,127,24,0,24,151
07/27/2006,SHV,LA,ASW,CE,Combined TRACON& Tower with Radar,14,79,25,3,121,0,0,2,2,4,14,79,27,5,125,0,0,0,125
07/28/2006,SHV,LA,ASW,CE,Combined TRACON& Tower with Radar,12,67,45,24,148,0,2,20,0,22,12,69,65,24,170,4,31,35,205
07/29/2006,SHV,LA,ASW,CE,Combined TRACON& Tower with Radar,6,54,28,24,112,0,1,12,29,42,6,55,40,53,154,0,26,26,180
07/30/2006,SHV,LA,ASW,CE,Combined TRACON& Tower with Radar,2,53,15,5,75,0,0,25,0,25,2,53,40,5,100,12,6,18,118
07/31/2006,SHV,LA,ASW,CE,Combined TRACON& Tower with Radar,4,76,34,0,114,0,6,25,0,31,4,82,59,0,145,0,0,0,145
08/01/2006,SHV,LA,ASW,CE,Combined TRACON& Tower with Radar,12,71,30,2,115,0,4,25,2,31,12,75,55,4,146,26,0,26,172
08/02/2006,SHV,LA,ASW,CE,Combined TRACON& Tower with Radar,14,79,31,4,128,0,2,23,0,25,14,81,54,4,153,22,0,22,175
08/03/2006,SHV,LA,ASW,CE,Combined TRACON& Tower with Radar,13,65,31,16,125,0,4,28,0,32,13,69,59,16,157,42,0,42,199
08/04/2006,SHV,LA,ASW,CE,Combined TRACON& Tower with Radar,12,61,31,7,111,0,9,35,3,47,12,70,66,10,158,0,0,0,158
08/05/2006,SHV,LA,ASW,CE,Combined TRACON& Tower with Radar,8,57,14,12,91,0,2,8,0,10,8,59,22,12,101,0,24,24,125
08/06/2006,SHV,LA,ASW,CE,Combined TRACON& Tower with Radar,4,56,21,15,96,0,0,9,0,9,4,56,30,15,105,0,8,8,113
08/07/2006,SHV,LA,ASW,CE,Combined TRACON& Tower with Radar,8,61,19,4,92,0,3,9,1,13,8,64,28,5,105,8,0,8,113
08/08/2006,SHV,LA,ASW,CE,Combined TRACON& Tower with Radar,12,70,33,11,126,0,5,20,3,28,12,75,53,14,154,0,4,4,158
08/09/2006,SHV,LA,ASW,CE,Combined TRACON& Tower with Radar,15,69,30,0,114,0,6,27,0,33,15,75,57,0,147,25,0,25,172
08/10/2006,SHV,LA,ASW,CE,Combined TRACON& Tower with Radar,14,61,37,24,136,0,4,25,4,33,14,65,62,28,169,20,22,42,211
08/11/2006,SHV,LA,ASW,CE,Combined TRACON& Tower with Radar,14,69,47,26,156,0,4,17,2,23,14,73,64,28,179,36,30,66,245
08/12/2006,SHV,LA,ASW,CE,Combined TRACON& Tower with Radar,12,53,21,2,88,0,0,5,2,7,12,53,26,4,95,6,0,6,101
08/13/2006,SHV,LA,ASW,CE,Combined TRACON& Tower with Radar,2,53,17,4,76,0,0,14,2,16,2,53,31,6,92,41,0,41,133
08/14/2006,SHV,LA,ASW,CE,Combined TRACON& Tower with Radar,6,66,30,5,107,0,4,16,2,22,6,70,46,7,129,32,10,42,171
08/15/2006,SHV,LA,ASW,CE,Combined TRACON& Tower with Radar,12,66,36,9,123,0,6,29,3,38,12,72,65,12,161,34,2,36,197
08/16/2006,SHV,LA,ASW,CE,Combined TRACON& Tower with Radar,14,72,47,0,133,0,4,23,2,29,14,76,70,2,162,26,0,26,188
08/17/2006,SHV,LA,ASW,CE,Combined TRACON& Tower with Radar,12,66,38,7,123,0,5,21,3,29,12,71,59,10,152,20,6,26,178
08/18/2006,SHV,LA,ASW,CE,Combined TRACON& Tower with Radar,14,70,25,31,140,0,3,22,1,26,14,73,47,32,166,50,0,50,216
08/19/2006,SHV,LA,ASW,CE,Combined TRACON& Tower with Radar,6,53,19,30,108,0,1,22,1,24,6,54,41,31,132,0,40,40,172
08/20/2006,SHV,LA,ASW,CE,Combined TRACON& Tower with Radar,6,52,38,9,105,0,0,11,0,11,6,52,49,9,116,8,0,8,124
08/21/2006,SHV,LA,ASW,CE,Combined TRACON& Tower with Radar,11,74,38,7,130,0,2,18,0,20,11,76,56,7,150,7,18,25,175
08/22/2006,SHV,LA,ASW,CE,Combined TRACON& Tower with Radar,17,70,45,1,133,0,3,18,0,21,17,73,63,1,154,0,0,0,154
08/23/2006,SHV,LA,ASW,CE,Combined TRACON& Tower with Radar,16,64,52,2,134,0,4,17,0,21,16,68,69,2,155,4,0,4,159
08/24/2006,SHV,LA,ASW,CE,Combined TRACON& Tower with Radar,14,60,48,0,122,0,5,8,0,13,14,65,56,0,135,5,0,5,140
08/25/2006,SHV,LA,ASW,CE,Combined TRACON& Tower with Radar,14,73,51,18,156,0,4,14,1,19,14,77,65,19,175,20,10,30,205
08/26/2006,SHV,LA,ASW,CE,Combined TRACON& Tower with Radar,8,57,25,1,91,0,0,1,2,3,8,57,26,3,94,6,0,6,100
08/27/2006,SHV,LA,ASW,CE,Combined TRACON& Tower with Radar,18,59,34,2,113,0,0,8,0,8,18,59,42,2,121,6,0,6,127
08/28/2006,SHV,LA,ASW,CE,Combined TRACON& Tower with Radar,8,61,24,0,93,0,1,7,0,8,8,62,31,0,101,0,0,0,101
08/29/2006,SHV,LA,ASW,CE,Combined TRACON& Tower with Radar,12,71,38,2,123,0,2,8,0,10,12,73,46,2,133,8,0,8,141
08/30/2006,SHV,LA,ASW,CE,Combined TRACON& Tower with Radar,14,71,50,3,138,0,1,22,0,23,14,72,72,3,161,0,0,0,161
08/31/2006,SHV,LA,ASW,CE,Combined TRACON& Tower with Radar,12,70,32,0,114,0,3,28,3,34,12,73,60,3,148,12,0,12,160
09/01/2006,SHV,LA,ASW,CE,Combined TRACON& Tower with Radar,14,69,32,15,130,0,6,16,2,24,14,75,48,17,154,12,12,24,178
09/02/2006,SHV,LA,ASW,CE,Combined TRACON& Tower with Radar,8,47,19,2,76,0,2,14,0,16,8,49,33,2,92,8,0,8,100
09/03/2006,SHV,LA,ASW,CE,Combined TRACON& Tower with Radar,1,41,19,3,64,0,0,13,0,13,1,41,32,3,77,0,10,10,87
09/04/2006,SHV,LA,ASW,CE,Combined TRACON& Tower with Radar,0,53,23,0,76,0,0,14,5,19,0,53,37,5,95,0,0,0,95
09/05/2006,SHV,LA,ASW,CE,Combined TRACON& Tower with Radar,5,72,28,6,111,0,1,16,1,18,5,73,44,7,129,0,6,6,135
09/06/2006,SHV,LA,ASW,CE,Combined TRACON& Tower with Radar,14,70,38,3,125,0,4,19,0,23,14,74,57,3,148,39,0,39,187
09/07/2006,SHV,LA,ASW,CE,Combined TRACON& Tower with Radar,14,74,38,3,129,0,2,41,0,43,14,76,79,3,172,8,0,8,180
09/08/2006,SHV,LA,ASW,CE,Combined TRACON& Tower with Radar,14,71,36,22,143,0,7,22,3,32,14,78,58,25,175,0,36,36,211
09/09/2006,SHV,LA,ASW,CE,Combined TRACON& Tower with Radar,5,52,24,17,98,0,0,12,3,15,5,52,36,20,113,6,22,28,141
09/10/2006,SHV,LA,ASW,CE,Combined TRACON& Tower with Radar,4,56,28,17,105,0,0,7,0,7,4,56,35,17,112,12,0,12,124
09/11/2006,SHV,LA,ASW,CE,Combined TRACON& Tower with Radar,25,74,26,2,127,0,4,13,0,17,25,78,39,2,144,0,0,0,144
09/12/2006,SHV,LA,ASW,CE,Combined TRACON& Tower with Radar,15,74,50,2,141,0,3,10,1,14,15,77,60,3,155,16,0,16,171
09/13/2006,SHV,LA,ASW,CE,Combined TRACON& Tower with Radar,17,72,52,10,151,0,2,31,2,35,17,74,83,12,186,16,50,66,252
09/14/2006,SHV,LA,ASW,CE,Combined TRACON& Tower with Radar,15,73,40,8,136,0,7,14,0,21,15,80,54,8,157,0,16,16,173
09/15/2006,SHV,LA,ASW,CE,Combined TRACON& Tower with Radar,19,73,36,11,139,0,8,32,1,41,19,81,68,12,180,0,28,28,208
09/16/2006,SHV,LA,ASW,CE,Combined TRACON& Tower with Radar,8,48,17,6,79,0,2,7,2,11,8,50,24,8,90,0,0,0,90
09/17/2006,SHV,LA,ASW,CE,Combined TRACON& Tower with Radar,15,60,41,13,129,0,0,6,3,9,15,60,47,16,138,12,0,12,150
09/18/2006,SHV,LA,ASW,CE,Combined TRACON& Tower with Radar,5,62,44,3,114,0,3,6,0,9,5,65,50,3,123,6,0,6,129
09/19/2006,SHV,LA,ASW,CE,Combined TRACON& Tower with Radar,13,67,36,4,120,0,6,36,0,42,13,73,72,4,162,14,6,20,182
09/20/2006,SHV,LA,ASW,CE,Combined TRACON& Tower with Radar,16,72,31,2,121,1,6,16,1,24,17,78,47,3,145,10,0,10,155
09/21/2006,SHV,LA,ASW,CE,Combined TRACON& Tower with Radar,16,74,35,6,131,0,3,16,3,22,16,77,51,9,153,4,0,4,157
09/22/2006,SHV,LA,ASW,CE,Combined TRACON& Tower with Radar,14,73,42,6,135,0,2,13,0,15,14,75,55,6,150,0,0,0,150
09/23/2006,SHV,LA,ASW,CE,Combined TRACON& Tower with Radar,13,37,24,1,75,0,2,9,5,16,13,39,33,6,91,0,2,2,93
09/24/2006,SHV,LA,ASW,CE,Combined TRACON& Tower with Radar,5,50,38,2,95,0,0,19,1,20,5,50,57,3,115,0,0,0,115
09/25/2006,SHV,LA,ASW,CE,Combined TRACON& Tower with Radar,6,77,28,1,112,0,6,26,0,32,6,83,54,1,144,0,0,0,144
09/26/2006,SHV,LA,ASW,CE,Combined TRACON& Tower with Radar,16,77,36,2,131,0,5,19,1,25,16,82,55,3,156,0,0,0,156
09/27/2006,SHV,LA,ASW,CE,Combined TRACON& Tower with Radar,18,69,35,1,123,0,7,19,0,26,18,76,54,1,149,0,0,0,149
09/28/2006,SHV,LA,ASW,CE,Combined TRACON& Tower with Radar,14,79,35,0,128,0,5,13,2,20,14,84,48,2,148,10,0,10,158
09/29/2006,SHV,LA,ASW,CE,Combined TRACON& Tower with Radar,19,69,47,2,137,0,5,22,0,27,19,74,69,2,164,0,0,0,164
09/30/2006,SHV,LA,ASW,CE,Combined TRACON& Tower with Radar,6,46,24,0,76,0,1,15,0,16,6,47,39,0,92,6,0,6,98
10/01/2006,SHV,LA,ASW,CE,Combined TRACON& Tower with Radar,5,58,19,3,85,0,0,15,1,16,5,58,34,4,101,0,0,0,101
10/02/2006,SHV,LA,ASW,CE,Combined TRACON& Tower with Radar,4,73,11,2,90,0,4,12,0,16,4,77,23,2,106,0,0,0,106
10/03/2006,SHV,LA,ASW,CE,Combined TRACON& Tower with Radar,14,73,30,2,119,0,9,26,0,35,14,82,56,2,154,0,0,0,154
10/04/2006,SHV,LA,ASW,CE,Combined TRACON& Tower with Radar,17,72,44,0,133,0,4,19,0,23,17,76,63,0,156,10,0,10,166
10/05/2006,SHV,LA,ASW,CE,Combined TRACON& Tower with Radar,17,73,41,10,141,0,8,22,0,30,17,81,63,10,171,8,6,14,185
10/06/2006,SHV,LA,ASW,CE,Combined TRACON& Tower with Radar,16,66,39,4,125,0,5,31,0,36,16,71,70,4,161,14,8,22,183
10/07/2006,SHV,LA,ASW,CE,Combined TRACON& Tower with Radar,6,52,20,5,83,0,0,12,0,12,6,52,32,5,95,0,0,0,95
10/08/2006,SHV,LA,ASW,CE,Combined TRACON& Tower with Radar,4,56,24,16,100,0,1,17,2,20,4,57,41,18,120,0,0,0,120
10/09/2006,SHV,LA,ASW,CE,Combined TRACON& Tower with Radar,6,65,30,16,117,0,3,27,0,30,6,68,57,16,147,63,30,93,240
10/10/2006,SHV,LA,ASW,CE,Combined TRACON& Tower with Radar,30,72,35,4,141,0,1,9,0,10,30,73,44,4,151,2,0,2,153
10/11/2006,SHV,LA,ASW,CE,Combined TRACON& Tower with Radar,16,79,50,4,149,0,6,16,2,24,16,85,66,6,173,6,0,6,179
10/12/2006,SHV,LA,ASW,CE,Combined TRACON& Tower with Radar,16,81,47,14,158,0,4,20,1,25,16,85,67,15,183,0,0,0,183
10/13/2006,SHV,LA,ASW,CE,Combined TRACON& Tower with Radar,12,74,34,22,142,0,7,20,0,27,12,81,54,22,169,10,24,34,203
10/14/2006,SHV,LA,ASW,CE,Combined TRACON& Tower with Radar,8,55,28,1,92,0,0,16,3,19,8,55,44,4,111,14,0,14,125
10/15/2006,SHV,LA,ASW,CE,Combined TRACON& Tower with Radar,4,65,43,7,119,0,0,2,0,2,4,65,45,7,121,10,2,12,133
10/16/2006,SHV,LA,ASW,CE,Combined TRACON& Tower with Radar,6,65,22,0,93,0,0,1,0,1,6,65,23,0,94,0,0,0,94
10/17/2006,SHV,LA,ASW,CE,Combined TRACON& Tower with Radar,16,67,50,8,141,0,4,10,0,14,16,71,60,8,155,40,12,52,207
10/18/2006,SHV,LA,ASW,CE,Combined TRACON& Tower with Radar,20,80,39,2,141,0,1,14,0,15,20,81,53,2,156,21,8,29,185
10/19/2006,SHV,LA,ASW,CE,Combined TRACON& Tower with Radar,15,74,58,11,158,0,2,7,1,10,15,76,65,12,168,0,0,0,168
10/20/2006,SHV,LA,ASW,CE,Combined TRACON& Tower with Radar,14,72,50,29,165,0,7,28,5,40,14,79,78,34,205,0,90,90,295
10/21/2006,SHV,LA,ASW,CE,Combined TRACON& Tower with Radar,8,59,34,7,108,0,0,34,3,37,8,59,68,10,145,0,12,12,157
10/22/2006,SHV,LA,ASW,CE,Combined TRACON& Tower with Radar,8,58,41,8,115,0,0,51,4,55,8,58,92,12,170,12,0,12,182
10/23/2006,SHV,LA,ASW,CE,Combined TRACON& Tower with Radar,4,65,30,10,109,0,7,26,1,34,4,72,56,11,143,0,0,0,143
10/24/2006,SHV,LA,ASW,CE,Combined TRACON& Tower with Radar,12,65,45,10,132,0,6,12,2,20,12,71,57,12,152,10,4,14,166
10/25/2006,SHV,LA,ASW,CE,Combined TRACON& Tower with Radar,16,77,36,5,134,0,0,2,0,2,16,77,38,5,136,0,0,0,136
10/26/2006,SHV,LA,ASW,CE,Combined TRACON& Tower with Radar,16,75,47,6,144,0,0,0,1,1,16,75,47,7,145,0,0,0,145
10/27/2006,SHV,LA,ASW,CE,Combined TRACON& Tower with Radar,14,76,38,16,144,0,6,14,1,21,14,82,52,17,165,0,12,12,177
10/28/2006,SHV,LA,ASW,CE,Combined TRACON& Tower with Radar,6,56,18,24,104,0,0,27,1,28,6,56,45,25,132,0,24,24,156
10/29/2006,SHV,LA,ASW,CE,Combined TRACON& Tower with Radar,4,54,29,18,105,0,5,26,3,34,4,59,55,21,139,2,0,2,141
10/30/2006,SHV,LA,ASW,CE,Combined TRACON& Tower with Radar,6,68,49,2,125,0,6,25,1,32,6,74,74,3,157,0,0,0,157
10/31/2006,SHV,LA,ASW,CE,Combined TRACON& Tower with Radar,14,67,30,2,113,0,2,25,0,27,14,69,55,2,140,30,0,30,170
11/01/2006,SHV,LA,ASW,CE,Combined TRACON& Tower with Radar,14,75,50,0,139,0,1,1,0,2,14,76,51,0,141,4,0,4,145
11/02/2006,SHV,LA,ASW,CE,Combined TRACON& Tower with Radar,14,65,54,4,137,0,3,30,4,37,14,68,84,8,174,4,0,4,178
11/03/2006,SHV,LA,ASW,CE,Combined TRACON& Tower with Radar,14,68,35,17,134,0,4,53,9,66,14,72,88,26,200,20,24,44,244
11/04/2006,SHV,LA,ASW,CE,Combined TRACON& Tower with Radar,6,47,20,28,101,0,1,14,3,18,6,48,34,31,119,0,16,16,135
11/05/2006,SHV,LA,ASW,CE,Combined TRACON& Tower with Radar,11,68,36,16,131,0,0,19,3,22,11,68,55,19,153,0,0,0,153
11/06/2006,SHV,LA,ASW,CE,Combined TRACON& Tower with Radar,5,71,33,3,112,0,0,1,0,1,5,71,34,3,113,0,0,0,113
11/07/2006,SHV,LA,ASW,CE,Combined TRACON& Tower with Radar,12,69,39,1,121,0,2,15,0,17,12,71,54,1,138,0,0,0,138
11/08/2006,SHV,LA,ASW,CE,Combined TRACON& Tower with Radar,14,67,43,5,129,0,6,15,0,21,14,73,58,5,150,0,0,0,150
11/09/2006,SHV,LA,ASW,CE,Combined TRACON& Tower with Radar,12,77,38,3,130,0,3,17,1,21,12,80,55,4,151,0,0,0,151
11/10/2006,SHV,LA,ASW,CE,Combined TRACON& Tower with Radar,12,71,47,13,143,0,2,9,1,12,12,73,56,14,155,0,0,0,155
11/11/2006,SHV,LA,ASW,CE,Combined TRACON& Tower with Radar,6,56,22,6,90,0,3,15,0,18,6,59,37,6,108,0,0,0,108
11/12/2006,SHV,LA,ASW,CE,Combined TRACON& Tower with Radar,4,55,35,0,94,0,4,20,2,26,4,59,55,2,120,54,0,54,174
11/13/2006,SHV,LA,ASW,CE,Combined TRACON& Tower with Radar,4,75,36,0,115,0,7,23,1,31,4,82,59,1,146,0,0,0,146
11/14/2006,SHV,LA,ASW,CE,Combined TRACON& Tower with Radar,15,81,46,0,142,0,2,8,0,10,15,83,54,0,152,0,0,0,152
11/15/2006,SHV,LA,ASW,CE,Combined TRACON& Tower with Radar,19,68,35,2,124,0,5,4,0,9,19,73,39,2,133,10,0,10,143
11/16/2006,SHV,LA,ASW,CE,Combined TRACON& Tower with Radar,20,73,59,16,168,0,5,35,43,83,20,78,94,59,251,0,28,28,279
11/17/2006,SHV,LA,ASW,CE,Combined TRACON& Tower with Radar,13,82,41,8,144,0,8,31,9,48,13,90,72,17,192,18,34,52,244
11/18/2006,SHV,LA,ASW,CE,Combined TRACON& Tower with Radar,9,61,36,4,110,0,2,38,0,40,9,63,74,4,150,58,0,58,208
11/19/2006,SHV,LA,ASW,CE,Combined TRACON& Tower with Radar,4,60,30,0,94,0,3,26,0,29,4,63,56,0,123,10,0,10,133
11/20/2006,SHV,LA,ASW,CE,Combined TRACON& Tower with Radar,4,66,36,4,110,0,3,26,0,29,4,69,62,4,139,0,0,0,139
11/21/2006,SHV,LA,ASW,CE,Combined TRACON& Tower with Radar,18,72,31,1,122,0,5,12,0,17,18,77,43,1,139,0,0,0,139
11/22/2006,SHV,LA,ASW,CE,Combined TRACON& Tower with Radar,19,76,38,0,133,0,4,53,0,57,19,80,91,0,190,32,0,32,222
11/23/2006,SHV,LA,ASW,CE,Combined TRACON& Tower with Radar,1,42,8,0,51,0,7,18,0,25,1,49,26,0,76,0,0,0,76
11/24/2006,SHV,LA,ASW,CE,Combined TRACON& Tower with Radar,13,54,31,0,98,0,5,34,0,39,13,59,65,0,137,26,0,26,163
11/25/2006,SHV,LA,ASW,CE,Combined TRACON& Tower with Radar,11,59,15,0,85,0,7,23,0,30,11,66,38,0,115,0,0,0,115
11/26/2006,SHV,LA,ASW,CE,Combined TRACON& Tower with Radar,2,60,40,2,104,0,3,7,1,11,2,63,47,3,115,0,0,0,115
11/27/2006,SHV,LA,ASW,CE,Combined TRACON& Tower with Radar,4,72,31,3,110,0,4,15,0,19,4,76,46,3,129,4,6,10,139
11/28/2006,SHV,LA,ASW,CE,Combined TRACON& Tower with Radar,17,80,51,10,158,0,4,9,0,13,17,84,60,10,171,2,0,2,173
11/29/2006,SHV,LA,ASW,CE,Combined TRACON& Tower with Radar,22,91,58,11,182,0,4,5,2,11,22,95,63,13,193,0,0,0,193
11/30/2006,SHV,LA,ASW,CE,Combined TRACON& Tower with Radar,17,68,31,5,121,0,2,2,0,4,17,70,33,5,125,0,0,0,125
12/01/2006,SHV,LA,ASW,CE,Combined TRACON& Tower with Radar,18,72,35,12,137,0,4,29,2,35,18,76,64,14,172,0,6,6,178
12/02/2006,SHV,LA,ASW,CE,Combined TRACON& Tower with Radar,12,51,23,5,91,0,4,45,3,52,12,55,68,8,143,54,26,80,223
12/03/2006,SHV,LA,ASW,CE,Combined TRACON& Tower with Radar,2,60,19,5,86,0,2,11,0,13,2,62,30,5,99,0,0,0,99
12/04/2006,SHV,LA,ASW,CE,Combined TRACON& Tower with Radar,4,69,28,0,101,0,6,37,0,43,4,75,65,0,144,0,0,0,144
12/05/2006,SHV,LA,ASW,CE,Combined TRACON& Tower with Radar,15,77,40,12,144,1,10,21,3,35,16,87,61,15,179,6,18,24,203
12/06/2006,SHV,LA,ASW,CE,Combined TRACON& Tower with Radar,19,81,57,4,161,0,4,27,0,31,19,85,84,4,192,9,0,9,201
12/07/2006,SHV,LA,ASW,CE,Combined TRACON& Tower with Radar,14,81,39,2,136,0,11,26,2,39,14,92,65,4,175,0,0,0,175
12/08/2006,SHV,LA,ASW,CE,Combined TRACON& Tower with Radar,14,88,32,7,141,0,5,29,3,37,14,93,61,10,178,48,0,48,226
12/09/2006,SHV,LA,ASW,CE,Combined TRACON& Tower with Radar,9,48,30,7,94,0,2,23,3,28,9,50,53,10,122,0,10,10,132
12/10/2006,SHV,LA,ASW,CE,Combined TRACON& Tower with Radar,2,60,29,4,95,0,3,16,0,19,2,63,45,4,114,30,6,36,150
12/11/2006,SHV,LA,ASW,CE,Combined TRACON& Tower with Radar,6,73,35,0,114,0,0,2,0,2,6,73,37,0,116,0,0,0,116
12/12/2006,SHV,LA,ASW,CE,Combined TRACON& Tower with Radar,15,73,44,9,141,0,9,35,1,45,15,82,79,10,186,10,12,22,208
12/13/2006,SHV,LA,ASW,CE,Combined TRACON& Tower with Radar,22,78,36,2,138,0,6,27,0,33,22,84,63,2,171,2,0,2,173
12/14/2006,SHV,LA,ASW,CE,Combined TRACON& Tower with Radar,18,102,36,6,162,0,5,20,1,26,18,107,56,7,188,0,0,0,188
12/15/2006,SHV,LA,ASW,CE,Combined TRACON& Tower with Radar,21,91,45,2,159,0,0,7,0,7,21,91,52,2,166,0,0,0,166
12/16/2006,SHV,LA,ASW,CE,Combined TRACON& Tower with Radar,11,56,40,0,107,0,1,15,0,16,11,57,55,0,123,52,0,52,175
12/17/2006,SHV,LA,ASW,CE,Combined TRACON& Tower with Radar,4,64,31,12,111,0,2,11,6,19,4,66,42,18,130,3,14,17,147
12/18/2006,SHV,LA,ASW,CE,Combined TRACON& Tower with Radar,6,80,38,5,129,0,0,4,0,4,6,80,42,5,133,0,0,0,133
12/19/2006,SHV,LA,ASW,CE,Combined TRACON& Tower with Radar,16,78,37,2,133,0,1,0,0,1,16,79,37,2,134,0,0,0,134
12/20/2006,SHV,LA,ASW,CE,Combined TRACON& Tower with Radar,20,75,37,2,134,0,0,2,0,2,20,75,39,2,136,0,0,0,136
12/21/2006,SHV,LA,ASW,CE,Combined TRACON& Tower with Radar,14,91,59,4,168,0,4,26,6,36,14,95,85,10,204,0,0,0,204
12/22/2006,SHV,LA,ASW,CE,Combined TRACON& Tower with Radar,16,74,44,0,134,0,4,34,0,38,16,78,78,0,172,0,0,0,172
12/23/2006,SHV,LA,ASW,CE,Combined TRACON& Tower with Radar,10,57,36,0,103,0,0,20,0,20,10,57,56,0,123,0,0,0,123
12/24/2006,SHV,LA,ASW,CE,Combined TRACON& Tower with Radar,1,40,11,0,52,0,0,5,0,5,1,40,16,0,57,0,0,0,57
12/25/2006,SHV,LA,ASW,CE,Combined TRACON& Tower with Radar,0,41,6,0,47,0,1,5,3,9,0,42,11,3,56,0,0,0,56
12/26/2006,SHV,LA,ASW,CE,Combined TRACON& Tower with Radar,5,66,27,0,98,0,6,24,0,30,5,72,51,0,128,0,0,0,128
12/27/2006,SHV,LA,ASW,CE,Combined TRACON& Tower with Radar,15,70,41,0,126,0,5,29,0,34,15,75,70,0,160,0,0,0,160
12/28/2006,SHV,LA,ASW,CE,Combined TRACON& Tower with Radar,13,77,99,0,189,0,2,18,0,20,13,79,117,0,209,0,0,0,209
12/29/2006,SHV,LA,ASW,CE,Combined TRACON& Tower with Radar,43,65,43,0,151,0,1,8,0,9,43,66,51,0,160,0,0,0,160
12/30/2006,SHV,LA,ASW,CE,Combined TRACON& Tower with Radar,17,55,26,0,98,0,2,5,0,7,17,57,31,0,105,0,0,0,105
12/31/2006,SHV,LA,ASW,CE,Combined TRACON& Tower with Radar,1,52,20,0,73,0,5,18,0,23,1,57,38,0,96,0,0,0,96
01/01/2007,SHV,LA,ASW,CE,Combined TRACON& Tower with Radar,0,48,17,2,67,0,1,28,3,32,0,49,45,5,99,6,0,6,105
01/02/2007,SHV,LA,ASW,CE,Combined TRACON& Tower with Radar,7,70,37,0,114,0,10,17,0,27,7,80,54,0,141,10,0,10,151
01/03/2007,SHV,LA,ASW,CE,Combined TRACON& Tower with Radar,18,79,43,0,140,0,10,14,0,24,18,89,57,0,164,0,0,0,164
01/04/2007,SHV,LA,ASW,CE,Combined TRACON& Tower with Radar,14,77,47,4,142,0,1,0,0,1,14,78,47,4,143,0,0,0,143
01/05/2007,SHV,LA,ASW,CE,Combined TRACON& Tower with Radar,14,69,52,15,150,0,7,14,1,22,14,76,66,16,172,14,0,14,186
01/06/2007,SHV,LA,ASW,CE,Combined TRACON& Tower with Radar,10,51,21,27,109,0,2,12,2,16,10,53,33,29,125,18,18,36,161
01/07/2007,SHV,LA,ASW,CE,Combined TRACON& Tower with Radar,2,60,29,4,95,0,1,12,0,13,2,61,41,4,108,34,0,34,142
01/08/2007,SHV,LA,ASW,CE,Combined TRACON& Tower with Radar,6,69,15,2,92,0,5,28,4,37,6,74,43,6,129,6,26,32,161
01/09/2007,SHV,LA,ASW,CE,Combined TRACON& Tower with Radar,12,73,39,3,127,0,5,38,5,48,12,78,77,8,175,0,0,0,175
01/10/2007,SHV,LA,ASW,CE,Combined TRACON& Tower with Radar,16,63,42,2,123,0,8,28,0,36,16,71,70,2,159,0,0,0,159
01/11/2007,SHV,LA,ASW,CE,Combined TRACON& Tower with Radar,12,71,54,0,137,0,3,7,2,12,12,74,61,2,149,0,0,0,149
01/12/2007,SHV,LA,ASW,CE,Combined TRACON& Tower with Radar,27,95,35,2,159,0,2,6,0,8,27,97,41,2,167,12,6,18,185
01/13/2007,SHV,LA,ASW,CE,Combined TRACON& Tower with Radar,9,48,14,2,73,0,0,3,3,6,9,48,17,5,79,6,20,26,105
01/14/2007,SHV,LA,ASW,CE,Combined TRACON& Tower with Radar,3,43,16,2,64,0,0,0,0,0,3,43,16,2,64,0,0,0,64
01/15/2007,SHV,LA,ASW,CE,Combined TRACON& Tower with Radar,5,53,14,0,72,0,0,0,0,0,5,53,14,0,72,0,0,0,72
01/16/2007,SHV,LA,ASW,CE,Combined TRACON& Tower with Radar,12,70,19,2,103,0,3,9,0,12,12,73,28,2,115,0,0,0,115
01/17/2007,SHV,LA,ASW,CE,Combined TRACON& Tower with Radar,16,60,25,1,102,0,0,5,1,6,16,60,30,2,108,0,0,0,108
01/18/2007,SHV,LA,ASW,CE,Combined TRACON& Tower with Radar,14,72,44,10,140,0,5,5,1,11,14,77,49,11,151,0,0,0,151
01/19/2007,SHV,LA,ASW,CE,Combined TRACON& Tower with Radar,12,74,30,7,123,0,4,9,0,13,12,78,39,7,136,6,0,6,142
01/20/2007,SHV,LA,ASW,CE,Combined TRACON& Tower with Radar,8,49,12,2,71,0,0,8,0,8,8,49,20,2,79,6,0,6,85
01/21/2007,SHV,LA,ASW,CE,Combined TRACON& Tower with Radar,2,56,15,2,75,0,0,15,0,15,2,56,30,2,90,6,0,6,96
01/22/2007,SHV,LA,ASW,CE,Combined TRACON& Tower with Radar,6,74,34,8,122,0,9,13,1,23,6,83,47,9,145,0,8,8,153
01/23/2007,SHV,LA,ASW,CE,Combined TRACON& Tower with Radar,14,74,35,15,138,0,4,24,17,45,14,78,59,32,183,8,60,68,251
01/24/2007,SHV,LA,ASW,CE,Combined TRACON& Tower with Radar,18,76,51,9,154,0,8,27,1,36,18,84,78,10,190,0,0,0,190
01/25/2007,SHV,LA,ASW,CE,Combined TRACON& Tower with Radar,9,72,38,13,132,1,2,33,0,36,10,74,71,13,168,8,14,22,190
01/26/2007,SHV,LA,ASW,CE,Combined TRACON& Tower with Radar,15,78,53,11,157,0,7,22,6,35,15,85,75,17,192,15,8,23,215
01/27/2007,SHV,LA,ASW,CE,Combined TRACON& Tower with Radar,8,65,28,3,104,0,1,3,0,4,8,66,31,3,108,0,0,0,108
01/28/2007,SHV,LA,ASW,CE,Combined TRACON& Tower with Radar,2,58,29,6,95,0,2,23,6,31,2,60,52,12,126,26,22,48,174
01/29/2007,SHV,LA,ASW,CE,Combined TRACON& Tower with Radar,4,79,34,0,117,0,11,25,1,37,4,90,59,1,154,0,0,0,154
01/30/2007,SHV,LA,ASW,CE,Combined TRACON& Tower with Radar,16,66,28,5,115,0,7,16,2,25,16,73,44,7,140,6,2,8,148
01/31/2007,SHV,LA,ASW,CE,Combined TRACON& Tower with Radar,16,75,44,5,140,0,3,18,7,28,16,78,62,12,168,12,12,24,192
02/01/2007,SHV,LA,ASW,CE,Combined TRACON& Tower with Radar,13,70,37,0,120,0,0,0,0,0,13,70,37,0,120,0,0,0,120
02/02/2007,SHV,LA,ASW,CE,Combined TRACON& Tower with Radar,20,66,36,11,133,0,4,11,1,16,20,70,47,12,149,0,0,0,149
02/03/2007,SHV,LA,ASW,CE,Combined TRACON& Tower with Radar,12,55,22,0,89,0,1,31,0,32,12,56,53,0,121,16,6,22,143
02/04/2007,SHV,LA,ASW,CE,Combined TRACON& Tower with Radar,2,62,23,10,97,0,3,18,0,21,2,65,41,10,118,16,0,16,134
02/05/2007,SHV,LA,ASW,CE,Combined TRACON& Tower with Radar,4,65,27,2,98,0,6,24,0,30,4,71,51,2,128,0,0,0,128
02/06/2007,SHV,LA,ASW,CE,Combined TRACON& Tower with Radar,12,71,37,4,124,0,8,15,1,24,12,79,52,5,148,0,0,0,148
02/07/2007,SHV,LA,ASW,CE,Combined TRACON& Tower with Radar,18,74,43,4,139,0,3,15,2,20,18,77,58,6,159,6,22,28,187
02/08/2007,SHV,LA,ASW,CE,Combined TRACON& Tower with Radar,14,80,41,3,138,0,0,2,1,3,14,80,43,4,141,0,0,0,141
02/09/2007,SHV,LA,ASW,CE,Combined TRACON& Tower with Radar,14,70,29,27,140,1,2,1,0,4,15,72,30,27,144,0,23,23,167
02/10/2007,SHV,LA,ASW,CE,Combined TRACON& Tower with Radar,8,53,22,22,105,0,5,10,8,23,8,58,32,30,128,0,18,18,146
02/11/2007,SHV,LA,ASW,CE,Combined TRACON& Tower with Radar,2,61,27,7,97,0,1,10,4,15,2,62,37,11,112,8,14,22,134
02/12/2007,SHV,LA,ASW,CE,Combined TRACON& Tower with Radar,6,73,32,5,116,0,1,9,2,12,6,74,41,7,128,0,0,0,128
02/13/2007,SHV,LA,ASW,CE,Combined TRACON& Tower with Radar,14,73,30,2,119,0,5,4,0,9,14,78,34,2,128,0,0,0,128
02/14/2007,SHV,LA,ASW,CE,Combined TRACON& Tower with Radar,19,74,35,2,130,0,3,21,0,24,19,77,56,2,154,0,0,0,154
02/15/2007,SHV,LA,ASW,CE,Combined TRACON& Tower with Radar,16,75,55,8,154,0,7,20,0,27,16,82,75,8,181,0,0,0,181
02/16/2007,SHV,LA,ASW,CE,Combined TRACON& Tower with Radar,17,69,30,13,129,0,4,46,10,60,17,73,76,23,189,11,34,45,234
02/17/2007,SHV,LA,ASW,CE,Combined TRACON& Tower with Radar,8,53,22,1,84,0,5,17,0,22,8,58,39,1,106,32,30,62,168
02/18/2007,SHV,LA,ASW,CE,Combined TRACON& Tower with Radar,2,51,22,4,79,0,5,34,11,50,2,56,56,15,129,20,20,40,169
02/19/2007,SHV,LA,ASW,CE,Combined TRACON& Tower with Radar,4,65,21,10,100,0,3,14,0,17,4,68,35,10,117,0,0,0,117
02/20/2007,SHV,LA,ASW,CE,Combined TRACON& Tower with Radar,12,78,33,2,125,0,6,12,1,19,12,84,45,3,144,0,0,0,144
02/21/2007,SHV,LA,ASW,CE,Combined TRACON& Tower with Radar,20,75,32,7,134,0,7,20,1,28,20,82,52,8,162,14,0,14,176
02/22/2007,SHV,LA,ASW,CE,Combined TRACON& Tower with Radar,12,88,35,7,142,0,8,41,2,51,12,96,76,9,193,0,0,0,193
02/23/2007,SHV,LA,ASW,CE,Combined TRACON& Tower with Radar,12,71,44,16,143,0,5,29,8,42,12,76,73,24,185,24,50,74,259
02/24/2007,SHV,LA,ASW,CE,Combined TRACON& Tower with Radar,8,44,7,0,59,0,1,1,0,2,8,45,8,0,61,0,0,0,61
02/25/2007,SHV,LA,ASW,CE,Combined TRACON& Tower with Radar,4,58,33,7,102,0,3,31,0,34,4,61,64,7,136,26,22,48,184
02/26/2007,SHV,LA,ASW,CE,Combined TRACON& Tower with Radar,4,73,36,18,131,0,11,21,12,44,4,84,57,30,175,0,24,24,199
02/27/2007,SHV,LA,ASW,CE,Combined TRACON& Tower with Radar,12,80,35,6,133,0,13,32,0,45,12,93,67,6,178,4,6,10,188
02/28/2007,SHV,LA,ASW,CE,Combined TRACON& Tower with Radar,12,75,58,6,151,0,5,12,4,21,12,80,70,10,172,6,16,22,194
03/01/2007,SHV,LA,ASW,CE,Combined TRACON& Tower with Radar,18,71,47,0,136,12,2,11,0,25,30,73,58,0,161,0,0,0,161
03/02/2007,SHV,LA,ASW,CE,Combined TRACON& Tower with Radar,12,67,28,30,137,0,6,20,14,40,12,73,48,44,177,0,46,46,223
03/03/2007,SHV,LA,ASW,CE,Combined TRACON& Tower with Radar,4,48,15,12,79,0,4,26,0,30,4,52,41,12,109,20,4,24,133
03/04/2007,SHV,LA,ASW,CE,Combined TRACON& Tower with Radar,6,54,28,0,88,0,0,25,2,27,6,54,53,2,115,8,0,8,123
03/05/2007,SHV,LA,ASW,CE,Combined TRACON& Tower with Radar,4,70,29,3,106,0,6,34,0,40,4,76,63,3,146,26,4,30,176
03/06/2007,SHV,LA,ASW,CE,Combined TRACON& Tower with Radar,12,68,37,5,122,0,6,23,0,29,12,74,60,5,151,0,0,0,151
03/07/2007,SHV,LA,ASW,CE,Combined TRACON& Tower with Radar,12,70,43,0,125,0,9,26,2,37,12,79,69,2,162,6,0,6,168
03/08/2007,SHV,LA,ASW,CE,Combined TRACON& Tower with Radar,20,68,41,0,129,0,9,38,3,50,20,77,79,3,179,27,0,27,206
03/09/2007,SHV,LA,ASW,CE,Combined TRACON& Tower with Radar,12,74,22,13,121,0,9,58,27,94,12,83,80,40,215,0,0,0,215
03/10/2007,SHV,LA,ASW,CE,Combined TRACON& Tower with Radar,4,48,14,6,72,0,2,26,3,31,4,50,40,9,103,36,10,46,149
03/11/2007,SHV,LA,ASW,CE,Combined TRACON& Tower with Radar,6,54,12,1,73,0,4,19,0,23,6,58,31,1,96,22,0,22,118
03/12/2007,SHV,LA,ASW,CE,Combined TRACON& Tower with Radar,4,68,32,2,106,0,5,9,0,14,4,73,41,2,120,14,0,14,134
03/13/2007,SHV,LA,ASW,CE,Combined TRACON& Tower with Radar,26,73,48,0,147,0,0,7,0,7,26,73,55,0,154,6,0,6,160
03/14/2007,SHV,LA,ASW,CE,Combined TRACON& Tower with Radar,12,81,35,4,132,0,1,7,0,8,12,82,42,4,140,0,0,0,140
03/15/2007,SHV,LA,ASW,CE,Combined TRACON& Tower with Radar,16,64,47,6,133,0,5,27,0,32,16,69,74,6,165,19,0,19,184
03/16/2007,SHV,LA,ASW,CE,Combined TRACON& Tower with Radar,16,71,53,5,145,0,5,14,3,22,16,76,67,8,167,8,0,8,175
03/17/2007,SHV,LA,ASW,CE,Combined TRACON& Tower with Radar,4,54,19,9,86,0,6,22,8,36,4,60,41,17,122,5,42,47,169
03/18/2007,SHV,LA,ASW,CE,Combined TRACON& Tower with Radar,8,57,27,7,99,0,7,16,0,23,8,64,43,7,122,0,0,0,122
03/19/2007,SHV,LA,ASW,CE,Combined TRACON& Tower with Radar,6,70,33,0,109,0,6,12,0,18,6,76,45,0,127,12,0,12,139
03/20/2007,SHV,LA,ASW,CE,Combined TRACON& Tower with Radar,12,72,51,2,137,0,8,20,0,28,12,80,71,2,165,0,0,0,165
03/21/2007,SHV,LA,ASW,CE,Combined TRACON& Tower with Radar,12,71,47,2,132,0,2,34,3,39,12,73,81,5,171,26,4,30,201
03/22/2007,SHV,LA,ASW,CE,Combined TRACON& Tower with Radar,22,78,46,16,162,0,6,26,1,33,22,84,72,17,195,0,0,0,195
03/23/2007,SHV,LA,ASW,CE,Combined TRACON& Tower with Radar,12,71,33,44,160,0,2,20,4,26,12,73,53,48,186,4,35,39,225
03/24/2007,SHV,LA,ASW,CE,Combined TRACON& Tower with Radar,4,52,20,0,76,0,2,37,1,40,4,54,57,1,116,58,0,58,174
03/25/2007,SHV,LA,ASW,CE,Combined TRACON& Tower with Radar,8,55,23,21,107,0,0,6,0,6,8,55,29,21,113,0,8,8,121
03/26/2007,SHV,LA,ASW,CE,Combined TRACON& Tower with Radar,4,74,35,0,113,0,1,10,0,11,4,75,45,0,124,8,0,8,132
03/27/2007,SHV,LA,ASW,CE,Combined TRACON& Tower with Radar,12,74,37,0,123,0,5,14,2,21,12,79,51,2,144,28,0,28,172
03/28/2007,SHV,LA,ASW,CE,Combined TRACON& Tower with Radar,15,74,40,2,131,0,7,24,4,35,15,81,64,6,166,26,0,26,192
03/29/2007,SHV,LA,ASW,CE,Combined TRACON& Tower with Radar,23,74,43,7,147,0,4,28,5,37,23,78,71,12,184,22,16,38,222
03/30/2007,SHV,LA,ASW,CE,Combined TRACON& Tower with Radar,29,82,37,10,158,0,5,18,7,30,29,87,55,17,188,2,6,8,196
03/31/2007,SHV,LA,ASW,CE,Combined TRACON& Tower with Radar,5,53,27,0,85,0,0,6,0,6,5,53,33,0,91,0,0,0,91
04/01/2007,SHV,LA,ASW,CE,Combined TRACON& Tower with Radar,6,64,36,1,107,0,0,21,0,21,6,64,57,1,128,0,0,0,128
04/02/2007,SHV,LA,ASW,CE,Combined TRACON& Tower with Radar,4,69,40,4,117,0,7,19,0,26,4,76,59,4,143,0,0,0,143
04/03/2007,SHV,LA,ASW,CE,Combined TRACON& Tower with Radar,15,77,37,2,131,0,3,3,1,7,15,80,40,3,138,0,0,0,138
04/04/2007,SHV,LA,ASW,CE,Combined TRACON& Tower with Radar,15,70,35,10,130,0,10,14,2,26,15,80,49,12,156,0,0,0,156
04/05/2007,SHV,LA,ASW,CE,Combined TRACON& Tower with Radar,16,67,46,8,137,0,5,45,4,54,16,72,91,12,191,30,0,30,221
04/06/2007,SHV,LA,ASW,CE,Combined TRACON& Tower with Radar,12,70,26,14,122,0,6,33,1,40,12,76,59,15,162,10,0,10,172
04/07/2007,SHV,LA,ASW,CE,Combined TRACON& Tower with Radar,4,49,8,0,61,0,3,7,0,10,4,52,15,0,71,0,0,0,71
04/08/2007,SHV,LA,ASW,CE,Combined TRACON& Tower with Radar,6,58,23,2,89,8,5,15,0,28,14,63,38,2,117,0,0,0,117
04/09/2007,SHV,LA,ASW,CE,Combined TRACON& Tower with Radar,4,70,36,6,116,0,9,11,1,21,4,79,47,7,137,0,0,0,137
04/10/2007,SHV,LA,ASW,CE,Combined TRACON& Tower with Radar,12,72,29,5,118,0,3,2,0,5,12,75,31,5,123,0,0,0,123
04/11/2007,SHV,LA,ASW,CE,Combined TRACON& Tower with Radar,12,71,49,6,138,0,7,42,2,51,12,78,91,8,189,26,2,28,217
04/12/2007,SHV,LA,ASW,CE,Combined TRACON& Tower with Radar,16,73,39,8,136,0,8,47,5,60,16,81,86,13,196,0,0,0,196
04/13/2007,SHV,LA,ASW,CE,Combined TRACON& Tower with Radar,13,74,54,24,165,0,1,15,9,25,13,75,69,33,190,16,34,50,240
04/14/2007,SHV,LA,ASW,CE,Combined TRACON& Tower with Radar,5,58,26,0,89,0,5,5,2,12,5,63,31,2,101,6,0,6,107
04/15/2007,SHV,LA,ASW,CE,Combined TRACON& Tower with Radar,6,57,32,5,100,0,4,55,1,60,6,61,87,6,160,0,0,0,160
04/16/2007,SHV,LA,ASW,CE,Combined TRACON& Tower with Radar,6,66,26,11,109,0,13,22,7,42,6,79,48,18,151,30,20,50,201
04/17/2007,SHV,LA,ASW,CE,Combined TRACON& Tower with Radar,15,75,36,4,130,1,9,15,1,26,16,84,51,5,156,0,0,0,156
04/18/2007,SHV,LA,ASW,CE,Combined TRACON& Tower with Radar,14,74,53,13,154,0,1,8,7,16,14,75,61,20,170,0,10,10,180
04/19/2007,SHV,LA,ASW,CE,Combined TRACON& Tower with Radar,18,68,58,4,148,0,7,36,8,51,18,75,94,12,199,34,5,39,238
04/20/2007,SHV,LA,ASW,CE,Combined TRACON& Tower with Radar,14,67,41,24,146,0,5,32,13,50,14,72,73,37,196,0,34,34,230
04/21/2007,SHV,LA,ASW,CE,Combined TRACON& Tower with Radar,8,74,27,10,119,0,5,18,0,23,8,79,45,10,142,0,0,0,142
04/22/2007,SHV,LA,ASW,CE,Combined TRACON& Tower with Radar,6,61,54,3,124,0,1,15,0,16,6,62,69,3,140,10,0,10,150
04/23/2007,SHV,LA,ASW,CE,Combined TRACON& Tower with Radar,5,77,45,4,131,0,4,19,0,23,5,81,64,4,154,0,0,0,154
04/24/2007,SHV,LA,ASW,CE,Combined TRACON& Tower with Radar,31,73,44,3,151,0,2,8,0,10,31,75,52,3,161,0,0,0,161
04/25/2007,SHV,LA,ASW,CE,Combined TRACON& Tower with Radar,14,66,31,6,117,0,0,9,2,11,14,66,40,8,128,0,10,10,138
04/26/2007,SHV,LA,ASW,CE,Combined TRACON& Tower with Radar,20,68,46,10,144,0,9,38,27,74,20,77,84,37,218,0,68,68,286
04/27/2007,SHV,LA,ASW,CE,Combined TRACON& Tower with Radar,16,69,34,20,139,0,2,27,0,29,16,71,61,20,168,0,0,0,168
04/28/2007,SHV,LA,ASW,CE,Combined TRACON& Tower with Radar,4,61,19,5,89,0,5,36,2,43,4,66,55,7,132,28,0,28,160
04/29/2007,SHV,LA,ASW,CE,Combined TRACON& Tower with Radar,6,59,23,17,105,0,2,18,3,23,6,61,41,20,128,10,20,30,158
04/30/2007,SHV,LA,ASW,CE,Combined TRACON& Tower with Radar,4,65,54,0,123,0,12,21,0,33,4,77,75,0,156,6,0,6,162
05/01/2007,SHV,LA,ASW,CE,Combined TRACON& Tower with Radar,12,68,38,7,125,0,1,13,0,14,12,69,51,7,139,0,0,0,139
05/02/2007,SHV,LA,ASW,CE,Combined TRACON& Tower with Radar,18,77,30,5,130,0,3,4,0,7,18,80,34,5,137,0,0,0,137
05/03/2007,SHV,LA,ASW,CE,Combined TRACON& Tower with Radar,16,73,36,2,127,0,2,5,0,7,16,75,41,2,134,0,0,0,134
05/04/2007,SHV,LA,ASW,CE,Combined TRACON& Tower with Radar,14,85,35,0,134,0,2,10,0,12,14,87,45,0,146,8,0,8,154
05/05/2007,SHV,LA,ASW,CE,Combined TRACON& Tower with Radar,4,55,17,6,82,0,4,10,0,14,4,59,27,6,96,0,0,0,96
05/06/2007,SHV,LA,ASW,CE,Combined TRACON& Tower with Radar,6,63,33,6,108,0,1,18,4,23,6,64,51,10,131,0,26,26,157
05/07/2007,SHV,LA,ASW,CE,Combined TRACON& Tower with Radar,6,72,32,3,113,0,5,18,1,24,6,77,50,4,137,4,0,4,141
05/08/2007,SHV,LA,ASW,CE,Combined TRACON& Tower with Radar,15,76,43,2,136,0,0,22,2,24,15,76,65,4,160,0,0,0,160
05/09/2007,SHV,LA,ASW,CE,Combined TRACON& Tower with Radar,17,76,56,2,151,0,2,16,0,18,17,78,72,2,169,0,0,0,169
05/10/2007,SHV,LA,ASW,CE,Combined TRACON& Tower with Radar,20,74,53,3,150,0,6,18,1,25,20,80,71,4,175,0,0,0,175
05/11/2007,SHV,LA,ASW,CE,Combined TRACON& Tower with Radar,14,69,41,0,124,0,5,24,0,29,14,74,65,0,153,0,0,0,153
05/12/2007,SHV,LA,ASW,CE,Combined TRACON& Tower with Radar,5,60,39,0,104,1,3,29,0,33,6,63,68,0,137,0,0,0,137
05/13/2007,SHV,LA,ASW,CE,Combined TRACON& Tower with Radar,6,62,31,1,100,0,3,16,1,20,6,65,47,2,120,4,0,4,124
05/14/2007,SHV,LA,ASW,CE,Combined TRACON& Tower with Radar,6,69,32,0,107,0,14,28,0,42,6,83,60,0,149,0,0,0,149
05/15/2007,SHV,LA,ASW,CE,Combined TRACON& Tower with Radar,12,76,40,3,131,0,5,13,0,18,12,81,53,3,149,0,0,0,149
05/16/2007,SHV,LA,ASW,CE,Combined TRACON& Tower with Radar,12,75,63,3,153,0,6,15,0,21,12,81,78,3,174,0,0,0,174
05/17/2007,SHV,LA,ASW,CE,Combined TRACON& Tower with Radar,18,67,38,1,124,0,10,46,0,56,18,77,84,1,180,0,0,0,180
05/18/2007,SHV,LA,ASW,CE,Combined TRACON& Tower with Radar,14,71,35,48,168,0,4,36,8,48,14,75,71,56,216,12,87,99,315
05/19/2007,SHV,LA,ASW,CE,Combined TRACON& Tower with Radar,4,52,43,16,115,0,7,32,6,45,4,59,75,22,160,10,0,10,170
05/20/2007,SHV,LA,ASW,CE,Combined TRACON& Tower with Radar,6,55,38,30,129,0,4,14,2,20,6,59,52,32,149,0,2,2,151
05/21/2007,SHV,LA,ASW,CE,Combined TRACON& Tower with Radar,9,79,26,5,119,0,6,19,0,25,9,85,45,5,144,8,0,8,152
05/22/2007,SHV,LA,ASW,CE,Combined TRACON& Tower with Radar,12,70,43,0,125,0,0,13,0,13,12,70,56,0,138,6,0,6,144
05/23/2007,SHV,LA,ASW,CE,Combined TRACON& Tower with Radar,13,75,62,16,166,0,9,15,3,27,13,84,77,19,193,0,0,0,193
05/24/2007,SHV,LA,ASW,CE,Combined TRACON& Tower with Radar,25,67,51,2,145,0,3,17,0,20,25,70,68,2,165,0,0,0,165
05/25/2007,SHV,LA,ASW,CE,Combined TRACON& Tower with Radar,12,76,32,0,120,0,6,25,0,31,12,82,57,0,151,0,0,0,151
05/26/2007,SHV,LA,ASW,CE,Combined TRACON& Tower with Radar,8,60,30,0,98,0,5,22,1,28,8,65,52,1,126,0,0,0,126
05/27/2007,SHV,LA,ASW,CE,Combined TRACON& Tower with Radar,13,49,19,0,81,0,1,10,1,12,13,50,29,1,93,0,0,0,93
05/28/2007,SHV,LA,ASW,CE,Combined TRACON& Tower with Radar,2,58,17,5,82,0,3,18,2,23,2,61,35,7,105,0,0,0,105
05/29/2007,SHV,LA,ASW,CE,Combined TRACON& Tower with Radar,9,82,28,2,121,0,2,5,0,7,9,84,33,2,128,0,0,0,128
05/30/2007,SHV,LA,ASW,CE,Combined TRACON& Tower with Radar,20,72,27,0,119,0,5,9,0,14,20,77,36,0,133,6,0,6,139
05/31/2007,SHV,LA,ASW,CE,Combined TRACON& Tower with Radar,19,75,41,8,143,0,4,36,3,43,19,79,77,11,186,0,2,2,188
06/01/2007,SHV,LA,ASW,CE,Combined TRACON& Tower with Radar,13,76,42,10,141,0,5,13,0,18,13,81,55,10,159,4,2,6,165
06/02/2007,SHV,LA,ASW,CE,Combined TRACON& Tower with Radar,4,54,38,13,109,0,1,20,4,25,4,55,58,17,134,14,8,22,156
06/03/2007,SHV,LA,ASW,CE,Combined TRACON& Tower with Radar,8,56,26,0,90,0,0,7,0,7,8,56,33,0,97,0,0,0,97
06/04/2007,SHV,LA,ASW,CE,Combined TRACON& Tower with Radar,14,64,36,1,115,0,8,16,4,28,14,72,52,5,143,4,4,8,151
06/05/2007,SHV,LA,ASW,CE,Combined TRACON& Tower with Radar,15,89,53,0,157,0,8,42,0,50,15,97,95,0,207,12,0,12,219
06/06/2007,SHV,LA,ASW,CE,Combined TRACON& Tower with Radar,15,76,45,3,139,0,12,26,0,38,15,88,71,3,177,14,0,14,191
06/07/2007,SHV,LA,ASW,CE,Combined TRACON& Tower with Radar,19,66,42,5,132,0,3,7,3,13,19,69,49,8,145,0,0,0,145
06/08/2007,SHV,LA,ASW,CE,Combined TRACON& Tower with Radar,19,68,40,11,138,0,3,18,6,27,19,71,58,17,165,0,18,18,183
06/09/2007,SHV,LA,ASW,CE,Combined TRACON& Tower with Radar,6,59,19,0,84,0,2,4,1,7,6,61,23,1,91,0,0,0,91
06/10/2007,SHV,LA,ASW,CE,Combined TRACON& Tower with Radar,6,54,22,5,87,0,6,10,2,18,6,60,32,7,105,0,0,0,105
06/11/2007,SHV,LA,ASW,CE,Combined TRACON& Tower with Radar,6,67,26,3,102,0,10,20,10,40,6,77,46,13,142,8,6,14,156
06/12/2007,SHV,LA,ASW,CE,Combined TRACON& Tower with Radar,16,67,50,5,138,0,12,20,6,38,16,79,70,11,176,20,12,32,208
06/13/2007,SHV,LA,ASW,CE,Combined TRACON& Tower with Radar,16,76,52,11,155,0,6,30,4,40,16,82,82,15,195,0,0,0,195
06/14/2007,SHV,LA,ASW,CE,Combined TRACON& Tower with Radar,18,67,42,2,129,0,4,22,0,26,18,71,64,2,155,0,0,0,155
06/15/2007,SHV,LA,ASW,CE,Combined TRACON& Tower with Radar,14,66,26,2,108,0,1,5,0,6,14,67,31,2,114,0,0,0,114
06/16/2007,SHV,LA,ASW,CE,Combined TRACON& Tower with Radar,4,56,31,0,91,0,0,4,0,4,4,56,35,0,95,0,0,0,95
06/17/2007,SHV,LA,ASW,CE,Combined TRACON& Tower with Radar,8,53,23,5,89,0,0,7,0,7,8,53,30,5,96,0,0,0,96
06/18/2007,SHV,LA,ASW,CE,Combined TRACON& Tower with Radar,4,73,34,9,120,0,7,10,1,18,4,80,44,10,138,0,0,0,138
06/19/2007,SHV,LA,ASW,CE,Combined TRACON& Tower with Radar,17,72,29,13,131,0,1,22,0,23,17,73,51,13,154,0,0,0,154
06/20/2007,SHV,LA,ASW,CE,Combined TRACON& Tower with Radar,17,70,51,0,138,0,0,9,0,9,17,70,60,0,147,0,0,0,147
06/21/2007,SHV,LA,ASW,CE,Combined TRACON& Tower with Radar,23,78,36,3,140,0,2,34,4,40,23,80,70,7,180,26,4,30,210
06/22/2007,SHV,LA,ASW,CE,Combined TRACON& Tower with Radar,22,76,35,10,143,0,7,27,2,36,22,83,62,12,179,14,2,16,195
06/23/2007,SHV,LA,ASW,CE,Combined TRACON& Tower with Radar,4,57,22,14,97,0,4,10,8,22,4,61,32,22,119,0,0,0,119
06/24/2007,SHV,LA,ASW,CE,Combined TRACON& Tower with Radar,7,56,22,1,86,0,2,13,10,25,7,58,35,11,111,0,0,0,111
06/25/2007,SHV,LA,ASW,CE,Combined TRACON& Tower with Radar,22,75,38,0,135,0,4,13,0,17,22,79,51,0,152,0,0,0,152
06/26/2007,SHV,LA,ASW,CE,Combined TRACON& Tower with Radar,15,58,31,8,112,0,1,13,0,14,15,59,44,8,126,4,10,14,140
06/27/2007,SHV,LA,ASW,CE,Combined TRACON& Tower with Radar,34,73,45,6,158,0,4,14,2,20,34,77,59,8,178,8,14,22,200
06/28/2007,SHV,LA,ASW,CE,Combined TRACON& Tower with Radar,19,70,46,17,152,0,8,34,2,44,19,78,80,19,196,26,14,40,236
06/29/2007,SHV,LA,ASW,CE,Combined TRACON& Tower with Radar,17,67,52,35,171,0,6,19,2,27,17,73,71,37,198,12,8,20,218
06/30/2007,SHV,LA,ASW,CE,Combined TRACON& Tower with Radar,5,55,42,14,116,0,9,11,7,27,5,64,53,21,143,4,18,22,165
07/01/2007,SHV,LA,ASW,CE,Combined TRACON& Tower with Radar,9,44,15,16,84,0,4,9,0,13,9,48,24,16,97,0,0,0,97
07/02/2007,SHV,LA,ASW,CE,Combined TRACON& Tower with Radar,6,50,20,0,76,0,4,10,0,14,6,54,30,0,90,0,0,0,90
07/03/2007,SHV,LA,ASW,CE,Combined TRACON& Tower with Radar,14,52,17,0,83,0,10,17,0,27,14,62,34,0,110,4,0,4,114
07/04/2007,SHV,LA,ASW,CE,Combined TRACON& Tower with Radar,0,42,6,0,48,0,1,8,0,9,0,43,14,0,57,0,0,0,57
07/05/2007,SHV,LA,ASW,CE,Combined TRACON& Tower with Radar,20,71,23,0,114,0,3,5,0,8,20,74,28,0,122,0,0,0,122
07/06/2007,SHV,LA,ASW,CE,Combined TRACON& Tower with Radar,12,61,33,3,109,0,0,3,0,3,12,61,36,3,112,0,0,0,112
07/07/2007,SHV,LA,ASW,CE,Combined TRACON& Tower with Radar,4,55,21,0,80,0,1,14,0,15,4,56,35,0,95,0,0,0,95
07/08/2007,SHV,LA,ASW,CE,Combined TRACON& Tower with Radar,8,56,31,2,97,0,3,7,1,11,8,59,38,3,108,0,0,0,108
07/09/2007,SHV,LA,ASW,CE,Combined TRACON& Tower with Radar,6,68,19,3,96,0,7,13,0,20,6,75,32,3,116,0,0,0,116
07/10/2007,SHV,LA,ASW,CE,Combined TRACON& Tower with Radar,14,69,39,3,125,0,4,14,4,22,14,73,53,7,147,0,0,0,147
07/11/2007,SHV,LA,ASW,CE,Combined TRACON& Tower with Radar,19,80,41,4,144,0,7,24,1,32,19,87,65,5,176,18,0,18,194
07/12/2007,SHV,LA,ASW,CE,Combined TRACON& Tower with Radar,16,68,44,12,140,0,4,25,9,38,16,72,69,21,178,4,26,30,208
07/13/2007,SHV,LA,ASW,CE,Combined TRACON& Tower with Radar,12,70,33,10,125,0,2,21,5,28,12,72,54,15,153,10,22,32,185
07/14/2007,SHV,LA,ASW,CE,Combined TRACON& Tower with Radar,4,54,19,9,86,0,0,9,1,10,4,54,28,10,96,0,0,0,96
07/15/2007,SHV,LA,ASW,CE,Combined TRACON& Tower with Radar,6,58,46,3,113,0,4,17,0,21,6,62,63,3,134,16,0,16,150
07/16/2007,SHV,LA,ASW,CE,Combined TRACON& Tower with Radar,4,67,29,9,109,0,8,30,3,41,4,75,59,12,150,14,8,22,172
07/17/2007,SHV,LA,ASW,CE,Combined TRACON& Tower with Radar,16,67,41,2,126,0,4,15,3,22,16,71,56,5,148,0,0,0,148
07/18/2007,SHV,LA,ASW,CE,Combined TRACON& Tower with Radar,12,67,50,4,133,0,7,35,5,47,12,74,85,9,180,0,4,4,184
07/19/2007,SHV,LA,ASW,CE,Combined TRACON& Tower with Radar,20,66,32,5,123,0,17,16,2,35,20,83,48,7,158,0,0,0,158
07/20/2007,SHV,LA,ASW,CE,Combined TRACON& Tower with Radar,12,74,45,6,137,0,6,14,2,22,12,80,59,8,159,0,0,0,159
07/21/2007,SHV,LA,ASW,CE,Combined TRACON& Tower with Radar,4,55,29,2,90,0,5,12,1,18,4,60,41,3,108,0,0,0,108
07/22/2007,SHV,LA,ASW,CE,Combined TRACON& Tower with Radar,13,54,25,14,106,0,2,11,0,13,13,56,36,14,119,14,4,18,137
07/23/2007,SHV,LA,ASW,CE,Combined TRACON& Tower with Radar,5,66,25,6,102,0,7,24,3,34,5,73,49,9,136,0,0,0,136
07/24/2007,SHV,LA,ASW,CE,Combined TRACON& Tower with Radar,14,62,49,0,125,0,10,24,3,37,14,72,73,3,162,0,0,0,162
07/25/2007,SHV,LA,ASW,CE,Combined TRACON& Tower with Radar,12,69,47,4,132,0,5,52,11,68,12,74,99,15,200,0,0,0,200
07/26/2007,SHV,LA,ASW,CE,Combined TRACON& Tower with Radar,18,62,50,7,137,0,2,20,2,24,18,64,70,9,161,0,0,0,161
07/27/2007,SHV,LA,ASW,CE,Combined TRACON& Tower with Radar,14,64,21,21,120,0,4,12,0,16,14,68,33,21,136,12,16,28,164
07/28/2007,SHV,LA,ASW,CE,Combined TRACON& Tower with Radar,6,55,17,14,92,0,0,14,0,14,6,55,31,14,106,0,0,0,106
07/29/2007,SHV,LA,ASW,CE,Combined TRACON& Tower with Radar,26,51,26,10,113,0,0,10,0,10,26,51,36,10,123,0,0,0,123
07/30/2007,SHV,LA,ASW,CE,Combined TRACON& Tower with Radar,4,67,22,9,102,0,8,12,1,21,4,75,34,10,123,8,0,8,131
07/31/2007,SHV,LA,ASW,CE,Combined TRACON& Tower with Radar,23,76,30,8,137,0,1,4,0,5,23,77,34,8,142,0,0,0,142
08/01/2007,SHV,LA,ASW,CE,Combined TRACON& Tower with Radar,23,76,50,8,157,0,2,14,0,16,23,78,64,8,173,2,0,2,175
08/02/2007,SHV,LA,ASW,CE,Combined TRACON& Tower with Radar,16,78,39,11,144,0,15,14,1,30,16,93,53,12,174,0,0,0,174
08/03/2007,SHV,LA,ASW,CE,Combined TRACON& Tower with Radar,12,58,44,12,126,0,6,21,0,27,12,64,65,12,153,0,0,0,153
08/04/2007,SHV,LA,ASW,CE,Combined TRACON& Tower with Radar,4,54,24,7,89,0,4,17,3,24,4,58,41,10,113,34,14,48,161
08/05/2007,SHV,LA,ASW,CE,Combined TRACON& Tower with Radar,6,58,30,4,98,0,0,14,3,17,6,58,44,7,115,0,0,0,115
08/06/2007,SHV,LA,ASW,CE,Combined TRACON& Tower with Radar,4,63,26,1,94,0,10,12,0,22,4,73,38,1,116,8,0,8,124
08/07/2007,SHV,LA,ASW,CE,Combined TRACON& Tower with Radar,16,70,27,9,122,0,7,14,1,22,16,77,41,10,144,2,14,16,160
08/08/2007,SHV,LA,ASW,CE,Combined TRACON& Tower with Radar,14,74,41,6,135,0,11,24,3,38,14,85,65,9,173,4,0,4,177
08/09/2007,SHV,LA,ASW,CE,Combined TRACON& Tower with Radar,14,69,41,2,126,0,9,23,0,32,14,78,64,2,158,6,0,6,164
08/10/2007,SHV,LA,ASW,CE,Combined TRACON& Tower with Radar,17,69,44,17,147,0,9,33,0,42,17,78,77,17,189,6,0,6,195
08/11/2007,SHV,LA,ASW,CE,Combined TRACON& Tower with Radar,4,53,15,4,76,0,7,14,1,22,4,60,29,5,98,6,0,6,104
08/12/2007,SHV,LA,ASW,CE,Combined TRACON& Tower with Radar,5,58,32,10,105,0,5,15,2,22,5,63,47,12,127,8,4,12,139
08/13/2007,SHV,LA,ASW,CE,Combined TRACON& Tower with Radar,7,70,25,7,109,0,13,18,4,35,7,83,43,11,144,12,8,20,164
08/14/2007,SHV,LA,ASW,CE,Combined TRACON& Tower with Radar,14,66,32,4,116,0,5,13,2,20,14,71,45,6,136,0,6,6,142
08/15/2007,SHV,LA,ASW,CE,Combined TRACON& Tower with Radar,15,79,31,8,133,0,6,27,6,39,15,85,58,14,172,28,0,28,200
08/16/2007,SHV,LA,ASW,CE,Combined TRACON& Tower with Radar,23,76,38,0,137,0,6,29,3,38,23,82,67,3,175,0,0,0,175
08/17/2007,SHV,LA,ASW,CE,Combined TRACON& Tower with Radar,17,68,55,15,155,0,5,14,0,19,17,73,69,15,174,28,0,28,202
08/18/2007,SHV,LA,ASW,CE,Combined TRACON& Tower with Radar,8,55,23,2,88,0,2,10,0,12,8,57,33,2,100,18,10,28,128
08/19/2007,SHV,LA,ASW,CE,Combined TRACON& Tower with Radar,6,56,32,13,107,0,6,4,3,13,6,62,36,16,120,0,0,0,120
08/20/2007,SHV,LA,ASW,CE,Combined TRACON& Tower with Radar,4,70,19,2,95,0,10,20,2,32,4,80,39,4,127,10,0,10,137
08/21/2007,SHV,LA,ASW,CE,Combined TRACON& Tower with Radar,12,73,44,0,129,0,10,24,4,38,12,83,68,4,167,0,0,0,167
08/22/2007,SHV,LA,ASW,CE,Combined TRACON& Tower with Radar,16,70,41,16,143,0,5,21,0,26,16,75,62,16,169,6,24,30,199
08/23/2007,SHV,LA,ASW,CE,Combined TRACON& Tower with Radar,14,79,47,8,148,0,9,23,3,35,14,88,70,11,183,6,0,6,189
08/24/2007,SHV,LA,ASW,CE,Combined TRACON& Tower with Radar,12,71,34,15,132,0,9,15,0,24,12,80,49,15,156,14,6,20,176
08/25/2007,SHV,LA,ASW,CE,Combined TRACON& Tower with Radar,4,57,30,14,105,0,2,32,0,34,4,59,62,14,139,10,6,16,155
08/26/2007,SHV,LA,ASW,CE,Combined TRACON& Tower with Radar,6,59,31,3,99,0,6,18,2,26,6,65,49,5,125,0,0,0,125
08/27/2007,SHV,LA,ASW,CE,Combined TRACON& Tower with Radar,8,72,31,0,111,0,17,12,0,29,8,89,43,0,140,0,0,0,140
08/28/2007,SHV,LA,ASW,CE,Combined TRACON& Tower with Radar,16,75,53,3,147,0,8,17,1,26,16,83,70,4,173,0,0,0,173
08/29/2007,SHV,LA,ASW,CE,Combined TRACON& Tower with Radar,16,69,37,8,130,0,5,7,0,12,16,74,44,8,142,4,4,8,150
08/30/2007,SHV,LA,ASW,CE,Combined TRACON& Tower with Radar,26,67,25,0,118,0,8,8,1,17,26,75,33,1,135,0,0,0,135
08/31/2007,SHV,LA,ASW,CE,Combined TRACON& Tower with Radar,12,62,39,13,126,0,10,26,0,36,12,72,65,13,162,0,0,0,162
09/01/2007,SHV,LA,ASW,CE,Combined TRACON& Tower with Radar,4,47,8,0,59,0,9,14,4,27,4,56,22,4,86,0,0,0,86
09/02/2007,SHV,LA,ASW,CE,Combined TRACON& Tower with Radar,3,43,12,5,63,0,0,7,1,8,3,43,19,6,71,0,0,0,71
09/03/2007,SHV,LA,ASW,CE,Combined TRACON& Tower with Radar,1,57,19,1,78,0,2,6,0,8,1,59,25,1,86,2,0,2,88
09/04/2007,SHV,LA,ASW,CE,Combined TRACON& Tower with Radar,6,69,55,7,137,0,9,11,4,24,6,78,66,11,161,8,0,8,169
09/05/2007,SHV,LA,ASW,CE,Combined TRACON& Tower with Radar,12,60,27,2,101,0,5,7,0,12,12,65,34,2,113,0,0,0,113
09/06/2007,SHV,LA,ASW,CE,Combined TRACON& Tower with Radar,14,77,43,8,142,0,8,15,1,24,14,85,58,9,166,12,0,12,178
09/07/2007,SHV,LA,ASW,CE,Combined TRACON& Tower with Radar,0,0,0,0,0,20,77,64,29,190,20,77,64,29,190,2,4,6,196
09/08/2007,SHV,LA,ASW,CE,Combined TRACON& Tower with Radar,7,52,32,11,102,0,8,15,1,24,7,60,47,12,126,0,24,24,150
09/09/2007,SHV,LA,ASW,CE,Combined TRACON& Tower with Radar,6,66,29,6,107,0,0,12,0,12,6,66,41,6,119,0,0,0,119
09/10/2007,SHV,LA,ASW,CE,Combined TRACON& Tower with Radar,18,69,29,6,122,0,8,6,2,16,18,77,35,8,138,6,4,10,148
09/11/2007,SHV,LA,ASW,CE,Combined TRACON& Tower with Radar,13,70,31,2,116,0,6,5,0,11,13,76,36,2,127,4,0,4,131
09/12/2007,SHV,LA,ASW,CE,Combined TRACON& Tower with Radar,16,71,48,4,139,0,10,24,0,34,16,81,72,4,173,0,0,0,173
09/13/2007,SHV,LA,ASW,CE,Combined TRACON& Tower with Radar,19,70,40,3,132,0,8,7,1,16,19,78,47,4,148,0,0,0,148
09/14/2007,SHV,LA,ASW,CE,Combined TRACON& Tower with Radar,20,63,39,5,127,0,16,14,0,30,20,79,53,5,157,0,0,0,157
09/15/2007,SHV,LA,ASW,CE,Combined TRACON& Tower with Radar,6,52,28,0,86,0,9,36,0,45,6,61,64,0,131,0,0,0,131
09/16/2007,SHV,LA,ASW,CE,Combined TRACON& Tower with Radar,6,58,36,4,104,0,14,22,2,38,6,72,58,6,142,8,0,8,150
09/17/2007,SHV,LA,ASW,CE,Combined TRACON& Tower with Radar,6,65,38,7,116,0,18,16,2,36,6,83,54,9,152,0,0,0,152
09/18/2007,SHV,LA,ASW,CE,Combined TRACON& Tower with Radar,18,64,37,14,133,0,11,17,2,30,18,75,54,16,163,18,8,26,189
09/19/2007,SHV,LA,ASW,CE,Combined TRACON& Tower with Radar,14,68,33,12,127,0,8,21,2,31,14,76,54,14,158,6,12,18,176
09/20/2007,SHV,LA,ASW,CE,Combined TRACON& Tower with Radar,14,69,53,5,141,0,9,23,2,34,14,78,76,7,175,0,0,0,175
09/21/2007,SHV,LA,ASW,CE,Combined TRACON& Tower with Radar,15,71,41,8,135,0,9,15,2,26,15,80,56,10,161,6,0,6,167
09/22/2007,SHV,LA,ASW,CE,Combined TRACON& Tower with Radar,7,55,42,5,109,0,14,14,2,30,7,69,56,7,139,0,0,0,139
09/23/2007,SHV,LA,ASW,CE,Combined TRACON& Tower with Radar,11,58,25,13,107,0,0,11,1,12,11,58,36,14,119,0,0,0,119
09/24/2007,SHV,LA,ASW,CE,Combined TRACON& Tower with Radar,5,68,35,2,110,0,10,16,2,28,5,78,51,4,138,0,0,0,138
09/25/2007,SHV,LA,ASW,CE,Combined TRACON& Tower with Radar,16,70,48,2,136,0,0,9,0,9,16,70,57,2,145,0,0,0,145
09/26/2007,SHV,LA,ASW,CE,Combined TRACON& Tower with Radar,13,75,40,6,134,0,2,8,0,10,13,77,48,6,144,4,0,4,148
09/27/2007,SHV,LA,ASW,CE,Combined TRACON& Tower with Radar,14,67,45,2,128,0,1,26,1,28,14,68,71,3,156,0,0,0,156
09/28/2007,SHV,LA,ASW,CE,Combined TRACON& Tower with Radar,15,63,33,2,113,0,15,36,1,52,15,78,69,3,165,8,0,8,173
09/29/2007,SHV,LA,ASW,CE,Combined TRACON& Tower with Radar,8,55,27,3,93,0,6,16,0,22,8,61,43,3,115,0,0,0,115
09/30/2007,SHV,LA,ASW,CE,Combined TRACON& Tower with Radar,6,59,17,4,86,0,3,12,2,17,6,62,29,6,103,0,0,0,103
10/01/2007,SHV,LA,ASW,CE,Combined TRACON& Tower with Radar,8,70,30,15,123,0,7,8,0,15,8,77,38,15,138,0,38,38,176
10/02/2007,SHV,LA,ASW,CE,Combined TRACON& Tower with Radar,13,67,32,10,122,0,5,29,0,34,13,72,61,10,156,2,12,14,170
10/03/2007,SHV,LA,ASW,CE,Combined TRACON& Tower with Radar,16,79,30,10,135,0,17,27,2,46,16,96,57,12,181,0,0,0,181
10/04/2007,SHV,LA,ASW,CE,Combined TRACON& Tower with Radar,16,75,54,7,152,0,10,20,2,32,16,85,74,9,184,6,0,6,190
10/05/2007,SHV,LA,ASW,CE,Combined TRACON& Tower with Radar,16,77,46,30,169,0,13,13,0,26,16,90,59,30,195,0,0,0,195
10/06/2007,SHV,LA,ASW,CE,Combined TRACON& Tower with Radar,6,53,23,11,93,0,4,7,1,12,6,57,30,12,105,0,14,14,119
10/07/2007,SHV,LA,ASW,CE,Combined TRACON& Tower with Radar,9,59,45,10,123,0,6,14,1,21,9,65,59,11,144,0,4,4,148
10/08/2007,SHV,LA,ASW,CE,Combined TRACON& Tower with Radar,6,68,26,7,107,0,4,17,0,21,6,72,43,7,128,0,0,0,128
10/09/2007,SHV,LA,ASW,CE,Combined TRACON& Tower with Radar,12,78,58,7,155,0,4,16,1,21,12,82,74,8,176,0,0,0,176
10/10/2007,SHV,LA,ASW,CE,Combined TRACON& Tower with Radar,14,67,40,2,123,0,9,22,0,31,14,76,62,2,154,30,0,30,184
10/11/2007,SHV,LA,ASW,CE,Combined TRACON& Tower with Radar,14,72,46,8,140,0,4,24,2,30,14,76,70,10,170,0,0,0,170
10/12/2007,SHV,LA,ASW,CE,Combined TRACON& Tower with Radar,14,76,40,31,161,0,10,21,3,34,14,86,61,34,195,6,64,70,265
10/13/2007,SHV,LA,ASW,CE,Combined TRACON& Tower with Radar,6,45,14,7,72,0,2,18,0,20,6,47,32,7,92,0,4,4,96
10/14/2007,SHV,LA,ASW,CE,Combined TRACON& Tower with Radar,6,60,22,6,94,0,8,19,0,27,6,68,41,6,121,0,0,0,121
10/15/2007,SHV,LA,ASW,CE,Combined TRACON& Tower with Radar,14,72,30,6,122,0,2,5,1,8,14,74,35,7,130,0,0,0,130
10/16/2007,SHV,LA,ASW,CE,Combined TRACON& Tower with Radar,14,71,28,6,119,0,4,17,1,22,14,75,45,7,141,2,0,2,143
10/17/2007,SHV,LA,ASW,CE,Combined TRACON& Tower with Radar,13,74,34,7,128,0,6,1,0,7,13,80,35,7,135,0,0,0,135
10/18/2007,SHV,LA,ASW,CE,Combined TRACON& Tower with Radar,15,81,37,21,154,0,4,25,0,29,15,85,62,21,183,6,4,10,193
10/19/2007,SHV,LA,ASW,CE,Combined TRACON& Tower with Radar,16,78,35,33,162,0,18,35,7,60,16,96,70,40,222,10,66,76,298
10/20/2007,SHV,LA,ASW,CE,Combined TRACON& Tower with Radar,4,47,25,8,84,0,13,21,4,38,4,60,46,12,122,0,0,0,122
10/21/2007,SHV,LA,ASW,CE,Combined TRACON& Tower with Radar,6,66,31,8,111,0,9,16,0,25,6,75,47,8,136,0,0,0,136
10/22/2007,SHV,LA,ASW,CE,Combined TRACON& Tower with Radar,9,76,30,7,122,0,0,3,0,3,9,76,33,7,125,0,22,22,147
10/23/2007,SHV,LA,ASW,CE,Combined TRACON& Tower with Radar,19,74,47,8,148,0,2,5,1,8,19,76,52,9,156,0,2,2,158
10/24/2007,SHV,LA,ASW,CE,Combined TRACON& Tower with Radar,12,76,30,9,127,0,5,22,4,31,12,81,52,13,158,0,0,0,158
10/25/2007,SHV,LA,ASW,CE,Combined TRACON& Tower with Radar,16,80,58,42,196,0,7,24,2,33,16,87,82,44,229,0,28,28,257
10/26/2007,SHV,LA,ASW,CE,Combined TRACON& Tower with Radar,14,74,66,28,182,0,9,43,5,57,14,83,109,33,239,2,13,15,254
10/27/2007,SHV,LA,ASW,CE,Combined TRACON& Tower with Radar,6,47,37,4,94,0,4,49,1,54,6,51,86,5,148,18,0,18,166
10/28/2007,SHV,LA,ASW,CE,Combined TRACON& Tower with Radar,7,67,50,15,139,0,4,47,2,53,7,71,97,17,192,12,16,28,220
10/29/2007,SHV,LA,ASW,CE,Combined TRACON& Tower with Radar,8,67,28,8,111,0,15,16,0,31,8,82,44,8,142,0,0,0,142
10/30/2007,SHV,LA,ASW,CE,Combined TRACON& Tower with Radar,15,69,40,4,128,0,8,29,0,37,15,77,69,4,165,0,6,6,171
10/31/2007,SHV,LA,ASW,CE,Combined TRACON& Tower with Radar,16,68,34,4,122,0,6,36,0,42,16,74,70,4,164,0,4,4,168
11/01/2007,SHV,LA,ASW,CE,Combined TRACON& Tower with Radar,18,73,41,0,132,0,11,23,2,36,18,84,64,2,168,12,0,12,180
11/02/2007,SHV,LA,ASW,CE,Combined TRACON& Tower with Radar,14,68,52,30,164,0,8,35,2,45,14,76,87,32,209,0,34,34,243
11/03/2007,SHV,LA,ASW,CE,Combined TRACON& Tower with Radar,6,50,28,14,98,0,7,11,3,21,6,57,39,17,119,0,0,0,119
11/04/2007,SHV,LA,ASW,CE,Combined TRACON& Tower with Radar,8,67,36,10,121,0,6,18,2,26,8,73,54,12,147,0,0,0,147
11/05/2007,SHV,LA,ASW,CE,Combined TRACON& Tower with Radar,8,69,24,1,102,0,9,11,3,23,8,78,35,4,125,10,4,14,139
11/06/2007,SHV,LA,ASW,CE,Combined TRACON& Tower with Radar,14,63,35,2,114,0,12,15,2,29,14,75,50,4,143,0,0,0,143
11/07/2007,SHV,LA,ASW,CE,Combined TRACON& Tower with Radar,13,65,39,4,121,0,11,24,2,37,13,76,63,6,158,6,0,6,164
11/08/2007,SHV,LA,ASW,CE,Combined TRACON& Tower with Radar,19,82,39,1,141,0,6,34,2,42,19,88,73,3,183,40,0,40,223
11/09/2007,SHV,LA,ASW,CE,Combined TRACON& Tower with Radar,12,72,37,6,127,0,14,19,0,33,12,86,56,6,160,4,36,40,200
11/10/2007,SHV,LA,ASW,CE,Combined TRACON& Tower with Radar,4,51,28,5,88,0,7,12,0,19,4,58,40,5,107,28,0,28,135
11/11/2007,SHV,LA,ASW,CE,Combined TRACON& Tower with Radar,8,61,34,3,106,0,0,12,0,12,8,61,46,3,118,6,14,20,138
11/12/2007,SHV,LA,ASW,CE,Combined TRACON& Tower with Radar,8,76,27,8,119,0,2,5,0,7,8,78,32,8,126,14,0,14,140
11/13/2007,SHV,LA,ASW,CE,Combined TRACON& Tower with Radar,14,68,37,5,124,0,5,9,0,14,14,73,46,5,138,14,0,14,152
11/14/2007,SHV,LA,ASW,CE,Combined TRACON& Tower with Radar,15,67,44,0,126,0,5,13,2,20,15,72,57,2,146,0,0,0,146
11/15/2007,SHV,LA,ASW,CE,Combined TRACON& Tower with Radar,16,79,54,18,167,0,5,37,3,45,16,84,91,21,212,0,0,0,212
11/16/2007,SHV,LA,ASW,CE,Combined TRACON& Tower with Radar,14,68,48,20,150,0,4,28,7,39,14,72,76,27,189,0,0,0,189
11/17/2007,SHV,LA,ASW,CE,Combined TRACON& Tower with Radar,5,50,21,13,89,0,2,18,1,21,5,52,39,14,110,0,0,0,110
11/18/2007,SHV,LA,ASW,CE,Combined TRACON& Tower with Radar,6,65,35,1,107,0,3,10,2,15,6,68,45,3,122,10,0,10,132
11/19/2007,SHV,LA,ASW,CE,Combined TRACON& Tower with Radar,4,62,45,8,119,0,5,8,0,13,4,67,53,8,132,0,0,0,132
11/20/2007,SHV,LA,ASW,CE,Combined TRACON& Tower with Radar,13,81,66,5,165,0,2,10,2,14,13,83,76,7,179,0,0,0,179
11/21/2007,SHV,LA,ASW,CE,Combined TRACON& Tower with Radar,13,77,23,2,115,0,1,6,0,7,13,78,29,2,122,0,0,0,122
11/22/2007,SHV,LA,ASW,CE,Combined TRACON& Tower with Radar,4,40,7,0,51,0,0,9,0,9,4,40,16,0,60,0,0,0,60
11/23/2007,SHV,LA,ASW,CE,Combined TRACON& Tower with Radar,16,52,43,0,111,0,5,15,0,20,16,57,58,0,131,0,0,0,131
11/24/2007,SHV,LA,ASW,CE,Combined TRACON& Tower with Radar,4,51,21,0,76,0,0,0,0,0,4,51,21,0,76,0,0,0,76
11/25/2007,SHV,LA,ASW,CE,Combined TRACON& Tower with Radar,6,62,28,0,96,0,0,0,0,0,6,62,28,0,96,0,0,0,96
11/26/2007,SHV,LA,ASW,CE,Combined TRACON& Tower with Radar,4,73,35,2,114,0,2,10,0,12,4,75,45,2,126,12,0,12,138
11/27/2007,SHV,LA,ASW,CE,Combined TRACON& Tower with Radar,14,76,40,0,130,0,2,17,0,19,14,78,57,0,149,10,0,10,159
11/28/2007,SHV,LA,ASW,CE,Combined TRACON& Tower with Radar,16,70,38,0,124,0,3,17,2,22,16,73,55,2,146,6,0,6,152
11/29/2007,SHV,LA,ASW,CE,Combined TRACON& Tower with Radar,18,76,40,10,144,0,1,24,3,28,18,77,64,13,172,0,0,0,172
11/30/2007,SHV,LA,ASW,CE,Combined TRACON& Tower with Radar,18,80,36,17,151,0,1,8,0,9,18,81,44,17,160,0,0,0,160
12/01/2007,SHV,LA,ASW,CE,Combined TRACON& Tower with Radar,5,53,23,10,91,0,0,14,4,18,5,53,37,14,109,0,0,0,109
12/02/2007,SHV,LA,ASW,CE,Combined TRACON& Tower with Radar,9,62,16,17,104,0,1,6,0,7,9,63,22,17,111,0,0,0,111
12/03/2007,SHV,LA,ASW,CE,Combined TRACON& Tower with Radar,4,66,25,46,141,0,14,25,0,39,4,80,50,46,180,6,8,14,194
12/04/2007,SHV,LA,ASW,CE,Combined TRACON& Tower with Radar,16,76,53,11,156,0,23,27,5,55,16,99,80,16,211,2,2,4,215
12/05/2007,SHV,LA,ASW,CE,Combined TRACON& Tower with Radar,16,73,35,6,130,0,9,33,0,42,16,82,68,6,172,12,0,12,184
12/06/2007,SHV,LA,ASW,CE,Combined TRACON& Tower with Radar,18,70,45,3,136,0,13,21,2,36,18,83,66,5,172,6,0,6,178
12/07/2007,SHV,LA,ASW,CE,Combined TRACON& Tower with Radar,16,82,47,0,145,0,0,6,2,8,16,82,53,2,153,2,0,2,155
12/08/2007,SHV,LA,ASW,CE,Combined TRACON& Tower with Radar,6,52,16,6,80,0,0,11,0,11,6,52,27,6,91,0,0,0,91
12/09/2007,SHV,LA,ASW,CE,Combined TRACON& Tower with Radar,8,65,28,4,105,0,14,3,0,17,8,79,31,4,122,0,0,0,122
12/10/2007,SHV,LA,ASW,CE,Combined TRACON& Tower with Radar,7,83,42,0,132,0,4,4,0,8,7,87,46,0,140,8,0,8,148
12/11/2007,SHV,LA,ASW,CE,Combined TRACON& Tower with Radar,30,68,57,0,155,0,2,4,0,6,30,70,61,0,161,0,0,0,161
12/12/2007,SHV,LA,ASW,CE,Combined TRACON& Tower with Radar,15,64,57,0,136,0,0,0,0,0,15,64,57,0,136,0,0,0,136
12/13/2007,SHV,LA,ASW,CE,Combined TRACON& Tower with Radar,22,67,62,14,165,0,0,3,0,3,22,67,65,14,168,0,0,0,168
12/14/2007,SHV,LA,ASW,CE,Combined TRACON& Tower with Radar,22,77,55,5,159,0,2,6,0,8,22,79,61,5,167,0,0,0,167
12/15/2007,SHV,LA,ASW,CE,Combined TRACON& Tower with Radar,8,47,9,0,64,0,8,0,1,9,8,55,9,1,73,0,0,0,73
12/16/2007,SHV,LA,ASW,CE,Combined TRACON& Tower with Radar,11,53,20,0,84,0,5,16,4,25,11,58,36,4,109,16,0,16,125
12/17/2007,SHV,LA,ASW,CE,Combined TRACON& Tower with Radar,7,57,35,0,99,0,16,28,1,45,7,73,63,1,144,2,0,2,146
12/18/2007,SHV,LA,ASW,CE,Combined TRACON& Tower with Radar,18,62,35,3,118,0,7,17,3,27,18,69,52,6,145,0,0,0,145
12/19/2007,SHV,LA,ASW,CE,Combined TRACON& Tower with Radar,22,77,47,5,151,0,10,13,2,25,22,87,60,7,176,0,0,0,176
12/20/2007,SHV,LA,ASW,CE,Combined TRACON& Tower with Radar,22,73,25,10,130,0,6,23,3,32,22,79,48,13,162,0,32,32,194
12/21/2007,SHV,LA,ASW,CE,Combined TRACON& Tower with Radar,22,69,49,0,140,0,9,25,3,37,22,78,74,3,177,4,0,4,181
12/22/2007,SHV,LA,ASW,CE,Combined TRACON& Tower with Radar,10,41,23,2,76,0,6,3,5,14,10,47,26,7,90,0,0,0,90
12/23/2007,SHV,LA,ASW,CE,Combined TRACON& Tower with Radar,7,58,26,0,91,0,6,17,0,23,7,64,43,0,114,0,0,0,114
12/24/2007,SHV,LA,ASW,CE,Combined TRACON& Tower with Radar,5,43,15,0,63,0,10,18,0,28,5,53,33,0,91,0,0,0,91
12/25/2007,SHV,LA,ASW,CE,Combined TRACON& Tower with Radar,2,44,5,0,51,0,6,6,2,14,2,50,11,2,65,0,0,0,65
12/26/2007,SHV,LA,ASW,CE,Combined TRACON& Tower with Radar,12,62,25,0,99,0,2,0,0,2,12,64,25,0,101,0,0,0,101
12/27/2007,SHV,LA,ASW,CE,Combined TRACON& Tower with Radar,17,63,41,8,129,0,0,7,0,7,17,63,48,8,136,0,0,0,136
12/28/2007,SHV,LA,ASW,CE,Combined TRACON& Tower with Radar,17,61,31,4,113,0,8,11,0,19,17,69,42,4,132,0,0,0,132
12/29/2007,SHV,LA,ASW,CE,Combined TRACON& Tower with Radar,10,46,22,0,78,0,2,19,0,21,10,48,41,0,99,0,0,0,99
12/30/2007,SHV,LA,ASW,CE,Combined TRACON& Tower with Radar,7,61,53,0,121,0,0,19,0,19,7,61,72,0,140,16,0,16,156
12/31/2007,SHV,LA,ASW,CE,Combined TRACON& Tower with Radar,13,51,29,0,93,0,18,11,0,29,13,69,40,0,122,10,0,10,132
01/01/2008,SHV,LA,ASW,CE,Combined TRACON& Tower with Radar,4,42,16,0,62,0,5,10,1,16,4,47,26,1,78,12,0,12,90
01/02/2008,SHV,LA,ASW,CE,Combined TRACON& Tower with Radar,12,62,26,0,100,0,7,11,0,18,12,69,37,0,118,0,0,0,118
01/03/2008,SHV,LA,ASW,CE,Combined TRACON& Tower with Radar,20,70,21,0,111,0,8,9,2,19,20,78,30,2,130,0,0,0,130
01/04/2008,SHV,LA,ASW,CE,Combined TRACON& Tower with Radar,15,73,37,8,133,0,2,23,0,25,15,75,60,8,158,0,0,0,158
01/05/2008,SHV,LA,ASW,CE,Combined TRACON& Tower with Radar,5,56,29,0,90,0,2,4,0,6,5,58,33,0,96,0,0,0,96
01/06/2008,SHV,LA,ASW,CE,Combined TRACON& Tower with Radar,8,60,23,3,94,0,3,4,1,8,8,63,27,4,102,0,6,6,108
01/07/2008,SHV,LA,ASW,CE,Combined TRACON& Tower with Radar,6,64,24,16,110,0,6,6,0,12,6,70,30,16,122,0,14,14,136
01/08/2008,SHV,LA,ASW,CE,Combined TRACON& Tower with Radar,14,66,49,14,143,0,6,6,0,12,14,72,55,14,155,0,14,14,169
01/09/2008,SHV,LA,ASW,CE,Combined TRACON& Tower with Radar,14,65,50,7,136,0,5,20,2,27,14,70,70,9,163,0,0,0,163
01/10/2008,SHV,LA,ASW,CE,Combined TRACON& Tower with Radar,18,59,48,0,125,0,12,34,0,46,18,71,82,0,171,8,0,8,179
01/11/2008,SHV,LA,ASW,CE,Combined TRACON& Tower with Radar,14,61,41,55,171,0,11,28,1,40,14,72,69,56,211,14,34,48,259
01/12/2008,SHV,LA,ASW,CE,Combined TRACON& Tower with Radar,4,46,23,13,86,0,3,4,1,8,4,49,27,14,94,6,0,6,100
01/13/2008,SHV,LA,ASW,CE,Combined TRACON& Tower with Radar,8,51,27,34,120,0,6,27,0,33,8,57,54,34,153,0,0,0,153
01/14/2008,SHV,LA,ASW,CE,Combined TRACON& Tower with Radar,6,70,42,4,122,0,10,28,0,38,6,80,70,4,160,10,6,16,176
01/15/2008,SHV,LA,ASW,CE,Combined TRACON& Tower with Radar,16,63,14,0,93,0,4,19,0,23,16,67,33,0,116,0,0,0,116
01/16/2008,SHV,LA,ASW,CE,Combined TRACON& Tower with Radar,16,59,29,0,104,0,2,0,0,2,16,61,29,0,106,0,0,0,106
01/17/2008,SHV,LA,ASW,CE,Combined TRACON& Tower with Radar,16,64,48,7,135,0,2,9,0,11,16,66,57,7,146,0,0,0,146
01/18/2008,SHV,LA,ASW,CE,Combined TRACON& Tower with Radar,14,60,43,1,118,0,5,15,1,21,14,65,58,2,139,0,0,0,139
01/19/2008,SHV,LA,ASW,CE,Combined TRACON& Tower with Radar,6,41,27,1,75,0,8,7,0,15,6,49,34,1,90,0,0,0,90
01/20/2008,SHV,LA,ASW,CE,Combined TRACON& Tower with Radar,8,55,19,2,84,0,10,12,0,22,8,65,31,2,106,12,12,24,130
01/21/2008,SHV,LA,ASW,CE,Combined TRACON& Tower with Radar,6,54,44,3,107,0,5,12,3,20,6,59,56,6,127,0,0,0,127
01/22/2008,SHV,LA,ASW,CE,Combined TRACON& Tower with Radar,17,69,35,4,125,0,0,0,0,0,17,69,35,4,125,0,0,0,125
01/23/2008,SHV,LA,ASW,CE,Combined TRACON& Tower with Radar,20,73,37,3,133,0,0,2,0,2,20,73,39,3,135,0,0,0,135
01/24/2008,SHV,LA,ASW,CE,Combined TRACON& Tower with Radar,20,55,36,4,115,0,4,21,4,29,20,59,57,8,144,0,0,0,144
01/25/2008,SHV,LA,ASW,CE,Combined TRACON& Tower with Radar,16,60,24,5,105,0,1,3,2,6,16,61,27,7,111,0,0,0,111
01/26/2008,SHV,LA,ASW,CE,Combined TRACON& Tower with Radar,4,47,12,3,66,0,0,0,0,0,4,47,12,3,66,0,0,0,66
01/27/2008,SHV,LA,ASW,CE,Combined TRACON& Tower with Radar,8,62,18,0,88,0,2,10,0,12,8,64,28,0,100,8,0,8,108
01/28/2008,SHV,LA,ASW,CE,Combined TRACON& Tower with Radar,6,66,38,2,112,0,2,7,2,11,6,68,45,4,123,0,0,0,123
01/29/2008,SHV,LA,ASW,CE,Combined TRACON& Tower with Radar,16,68,24,14,122,0,5,8,2,15,16,73,32,16,137,0,0,0,137
01/30/2008,SHV,LA,ASW,CE,Combined TRACON& Tower with Radar,12,60,53,3,128,0,5,28,1,34,12,65,81,4,162,14,14,28,190
01/31/2008,SHV,LA,ASW,CE,Combined TRACON& Tower with Radar,21,57,29,2,109,0,3,2,0,5,21,60,31,2,114,2,0,2,116
02/01/2008,SHV,LA,ASW,CE,Combined TRACON& Tower with Radar,18,54,46,7,125,0,13,42,0,55,18,67,88,7,180,14,0,14,194
02/02/2008,SHV,LA,ASW,CE,Combined TRACON& Tower with Radar,6,52,31,3,92,0,3,27,1,31,6,55,58,4,123,30,14,44,167
02/03/2008,SHV,LA,ASW,CE,Combined TRACON& Tower with Radar,8,46,31,6,91,0,10,5,2,17,8,56,36,8,108,0,0,0,108
02/04/2008,SHV,LA,ASW,CE,Combined TRACON& Tower with Radar,9,63,37,7,116,0,2,21,1,24,9,65,58,8,140,0,0,0,140
02/05/2008,SHV,LA,ASW,CE,Combined TRACON& Tower with Radar,17,52,27,4,100,0,2,3,0,5,17,54,30,4,105,0,0,0,105
02/06/2008,SHV,LA,ASW,CE,Combined TRACON& Tower with Radar,18,58,38,16,130,0,7,22,1,30,18,65,60,17,160,0,0,0,160
02/07/2008,SHV,LA,ASW,CE,Combined TRACON& Tower with Radar,24,62,43,2,131,0,2,29,0,31,24,64,72,2,162,0,0,0,162
02/08/2008,SHV,LA,ASW,CE,Combined TRACON& Tower with Radar,18,53,26,36,133,0,10,20,3,33,18,63,46,39,166,0,40,40,206
02/09/2008,SHV,LA,ASW,CE,Combined TRACON& Tower with Radar,8,43,24,0,75,0,2,24,0,26,8,45,48,0,101,0,0,0,101
02/10/2008,SHV,LA,ASW,CE,Combined TRACON& Tower with Radar,13,48,22,10,93,0,8,23,0,31,13,56,45,10,124,4,8,12,136
02/11/2008,SHV,LA,ASW,CE,Combined TRACON& Tower with Radar,9,60,40,2,111,0,13,16,1,30,9,73,56,3,141,0,0,0,141
02/12/2008,SHV,LA,ASW,CE,Combined TRACON& Tower with Radar,20,49,27,4,100,0,1,9,0,10,20,50,36,4,110,0,0,0,110
02/13/2008,SHV,LA,ASW,CE,Combined TRACON& Tower with Radar,15,65,40,12,132,0,4,19,6,29,15,69,59,18,161,4,6,10,171
02/14/2008,SHV,LA,ASW,CE,Combined TRACON& Tower with Radar,21,58,28,26,133,0,5,23,0,28,21,63,51,26,161,0,10,10,171
02/15/2008,SHV,LA,ASW,CE,Combined TRACON& Tower with Radar,18,67,43,0,128,0,4,10,0,14,18,71,53,0,142,0,0,0,142
02/16/2008,SHV,LA,ASW,CE,Combined TRACON& Tower with Radar,17,44,5,0,66,0,0,0,0,0,17,44,5,0,66,0,0,0,66
02/17/2008,SHV,LA,ASW,CE,Combined TRACON& Tower with Radar,16,49,20,0,85,0,10,16,1,27,16,59,36,1,112,12,0,12,124
02/18/2008,SHV,LA,ASW,CE,Combined TRACON& Tower with Radar,12,57,35,12,116,0,17,32,4,53,12,74,67,16,169,12,0,12,181
02/19/2008,SHV,LA,ASW,CE,Combined TRACON& Tower with Radar,23,65,44,0,132,0,6,29,2,37,23,71,73,2,169,0,0,0,169
02/20/2008,SHV,LA,ASW,CE,Combined TRACON& Tower with Radar,18,66,48,2,134,0,2,18,0,20,18,68,66,2,154,20,0,20,174
02/21/2008,SHV,LA,ASW,CE,Combined TRACON& Tower with Radar,21,63,40,0,124,0,0,0,0,0,21,63,40,0,124,0,0,0,124
02/22/2008,SHV,LA,ASW,CE,Combined TRACON& Tower with Radar,21,62,41,17,141,0,9,2,0,11,21,71,43,17,152,0,0,0,152
02/23/2008,SHV,LA,ASW,CE,Combined TRACON& Tower with Radar,8,49,13,9,79,0,9,11,8,28,8,58,24,17,107,0,0,0,107
02/24/2008,SHV,LA,ASW,CE,Combined TRACON& Tower with Radar,10,56,27,2,95,0,4,13,0,17,10,60,40,2,112,34,2,36,148
02/25/2008,SHV,LA,ASW,CE,Combined TRACON& Tower with Radar,7,69,30,30,136,0,11,13,1,25,7,80,43,31,161,36,44,80,241
02/26/2008,SHV,LA,ASW,CE,Combined TRACON& Tower with Radar,19,60,23,17,119,0,5,10,3,18,19,65,33,20,137,0,0,0,137
02/27/2008,SHV,LA,ASW,CE,Combined TRACON& Tower with Radar,18,56,35,0,109,0,12,24,0,36,18,68,59,0,145,2,0,2,147
02/28/2008,SHV,LA,ASW,CE,Combined TRACON& Tower with Radar,21,54,31,15,121,0,7,19,0,26,21,61,50,15,147,0,0,0,147
02/29/2008,SHV,LA,ASW,CE,Combined TRACON& Tower with Radar,21,71,27,6,125,0,5,11,2,18,21,76,38,8,143,0,8,8,151
03/01/2008,SHV,LA,ASW,CE,Combined TRACON& Tower with Radar,7,40,24,4,75,0,2,12,2,16,7,42,36,6,91,0,22,22,113
03/02/2008,SHV,LA,ASW,CE,Combined TRACON& Tower with Radar,12,53,31,14,110,0,0,14,0,14,12,53,45,14,124,2,16,18,142
03/03/2008,SHV,LA,ASW,CE,Combined TRACON& Tower with Radar,6,54,15,0,75,0,0,0,0,0,6,54,15,0,75,0,0,0,75
03/04/2008,SHV,LA,ASW,CE,Combined TRACON& Tower with Radar,21,75,38,0,134,0,0,20,0,20,21,75,58,0,154,56,0,56,210
03/05/2008,SHV,LA,ASW,CE,Combined TRACON& Tower with Radar,23,64,49,4,140,0,3,33,0,36,23,67,82,4,176,16,0,16,192
03/06/2008,SHV,LA,ASW,CE,Combined TRACON& Tower with Radar,21,47,51,0,119,0,1,16,0,17,21,48,67,0,136,0,0,0,136
03/07/2008,SHV,LA,ASW,CE,Combined TRACON& Tower with Radar,17,64,31,4,116,0,4,7,0,11,17,68,38,4,127,0,0,0,127
03/08/2008,SHV,LA,ASW,CE,Combined TRACON& Tower with Radar,8,45,28,0,81,0,1,36,0,37,8,46,64,0,118,2,0,2,120
03/09/2008,SHV,LA,ASW,CE,Combined TRACON& Tower with Radar,16,59,19,6,100,0,12,23,2,37,16,71,42,8,137,10,4,14,151
03/10/2008,SHV,LA,ASW,CE,Combined TRACON& Tower with Radar,9,66,32,0,107,0,1,5,0,6,9,67,37,0,113,0,0,0,113
03/11/2008,SHV,LA,ASW,CE,Combined TRACON& Tower with Radar,19,57,46,6,128,0,2,14,2,18,19,59,60,8,146,0,0,0,146
03/12/2008,SHV,LA,ASW,CE,Combined TRACON& Tower with Radar,18,65,27,2,112,0,14,35,4,53,18,79,62,6,165,4,0,4,169
03/13/2008,SHV,LA,ASW,CE,Combined TRACON& Tower with Radar,17,63,46,3,129,0,5,25,1,31,17,68,71,4,160,0,0,0,160
03/14/2008,SHV,LA,ASW,CE,Combined TRACON& Tower with Radar,18,61,39,3,121,0,4,19,0,23,18,65,58,3,144,16,22,38,182
03/15/2008,SHV,LA,ASW,CE,Combined TRACON& Tower with Radar,5,48,19,0,72,0,4,17,2,23,5,52,36,2,95,0,0,0,95
03/16/2008,SHV,LA,ASW,CE,Combined TRACON& Tower with Radar,6,30,16,4,56,0,0,9,0,9,6,30,25,4,65,0,0,0,65
03/17/2008,SHV,LA,ASW,CE,Combined TRACON& Tower with Radar,8,64,23,8,103,0,6,14,0,20,8,70,37,8,123,24,0,24,147
03/18/2008,SHV,LA,ASW,CE,Combined TRACON& Tower with Radar,32,56,21,0,109,0,1,2,0,3,32,57,23,0,112,0,0,0,112
03/19/2008,SHV,LA,ASW,CE,Combined TRACON& Tower with Radar,22,59,53,8,142,0,5,16,0,21,22,64,69,8,163,0,0,0,163
03/20/2008,SHV,LA,ASW,CE,Combined TRACON& Tower with Radar,26,66,44,8,144,0,7,49,3,59,26,73,93,11,203,0,0,0,203
03/21/2008,SHV,LA,ASW,CE,Combined TRACON& Tower with Radar,17,54,22,0,93,0,8,25,0,33,17,62,47,0,126,20,18,38,164
03/22/2008,SHV,LA,ASW,CE,Combined TRACON& Tower with Radar,5,46,17,5,73,0,7,19,1,27,5,53,36,6,100,0,0,0,100
03/23/2008,SHV,LA,ASW,CE,Combined TRACON& Tower with Radar,13,48,15,0,76,0,4,16,0,20,13,52,31,0,96,4,0,4,100
03/24/2008,SHV,LA,ASW,CE,Combined TRACON& Tower with Radar,9,58,26,8,101,0,15,33,2,50,9,73,59,10,151,6,7,13,164
03/25/2008,SHV,LA,ASW,CE,Combined TRACON& Tower with Radar,19,61,30,13,123,0,6,19,0,25,19,67,49,13,148,6,0,6,154
03/26/2008,SHV,LA,ASW,CE,Combined TRACON& Tower with Radar,18,65,44,14,141,0,5,12,8,25,18,70,56,22,166,0,16,16,182
03/27/2008,SHV,LA,ASW,CE,Combined TRACON& Tower with Radar,19,67,46,3,135,0,7,17,5,29,19,74,63,8,164,0,4,4,168
03/28/2008,SHV,LA,ASW,CE,Combined TRACON& Tower with Radar,21,56,27,29,133,0,2,7,0,9,21,58,34,29,142,0,0,0,142
03/29/2008,SHV,LA,ASW,CE,Combined TRACON& Tower with Radar,6,44,25,4,79,0,0,1,0,1,6,44,26,4,80,20,0,20,100
03/30/2008,SHV,LA,ASW,CE,Combined TRACON& Tower with Radar,12,43,20,2,77,0,0,0,0,0,12,43,20,2,77,0,0,0,77
03/31/2008,SHV,LA,ASW,CE,Combined TRACON& Tower with Radar,11,61,23,6,101,0,5,9,0,14,11,66,32,6,115,0,0,0,115
04/01/2008,SHV,LA,ASW,CE,Combined TRACON& Tower with Radar,27,56,35,24,142,0,10,5,0,15,27,66,40,24,157,8,0,8,165
04/02/2008,SHV,LA,ASW,CE,Combined TRACON& Tower with Radar,18,60,62,28,168,0,3,6,0,9,18,63,68,28,177,0,0,0,177
04/03/2008,SHV,LA,ASW,CE,Combined TRACON& Tower with Radar,24,73,47,4,148,0,7,21,0,28,24,80,68,4,176,0,0,0,176
04/04/2008,SHV,LA,ASW,CE,Combined TRACON& Tower with Radar,16,59,30,0,105,0,0,1,0,1,16,59,31,0,106,0,0,0,106
04/05/2008,SHV,LA,ASW,CE,Combined TRACON& Tower with Radar,5,61,34,10,110,0,11,18,0,29,5,72,52,10,139,14,8,22,161
04/06/2008,SHV,LA,ASW,CE,Combined TRACON& Tower with Radar,11,54,29,2,96,0,4,25,4,33,11,58,54,6,129,0,0,0,129
04/07/2008,SHV,LA,ASW,CE,Combined TRACON& Tower with Radar,7,56,25,0,88,0,16,27,2,45,7,72,52,2,133,26,0,26,159
04/08/2008,SHV,LA,ASW,CE,Combined TRACON& Tower with Radar,19,64,53,9,145,0,5,12,0,17,19,69,65,9,162,8,0,8,170
04/09/2008,SHV,LA,ASW,CE,Combined TRACON& Tower with Radar,16,61,31,8,116,0,4,8,3,15,16,65,39,11,131,0,0,0,131
04/10/2008,SHV,LA,ASW,CE,Combined TRACON& Tower with Radar,22,60,27,2,111,0,6,9,1,16,22,66,36,3,127,4,0,4,131
04/11/2008,SHV,LA,ASW,CE,Combined TRACON& Tower with Radar,31,74,47,19,171,0,8,28,0,36,31,82,75,19,207,0,6,6,213
04/12/2008,SHV,LA,ASW,CE,Combined TRACON& Tower with Radar,7,45,24,5,81,0,3,28,3,34,7,48,52,8,115,8,0,8,123
04/13/2008,SHV,LA,ASW,CE,Combined TRACON& Tower with Radar,10,59,21,2,92,0,9,14,0,23,10,68,35,2,115,0,51,51,166
04/14/2008,SHV,LA,ASW,CE,Combined TRACON& Tower with Radar,16,58,36,18,128,0,13,19,11,43,16,71,55,29,171,0,50,50,221
04/15/2008,SHV,LA,ASW,CE,Combined TRACON& Tower with Radar,16,57,41,3,117,0,13,34,6,53,16,70,75,9,170,18,10,28,198
04/16/2008,SHV,LA,ASW,CE,Combined TRACON& Tower with Radar,16,58,40,6,120,0,17,17,2,36,16,75,57,8,156,6,0,6,162
04/17/2008,SHV,LA,ASW,CE,Combined TRACON& Tower with Radar,27,65,43,14,149,0,9,11,0,20,27,74,54,14,169,2,6,8,177
04/18/2008,SHV,LA,ASW,CE,Combined TRACON& Tower with Radar,16,75,31,15,137,0,15,8,0,23,16,90,39,15,160,0,6,6,166
04/19/2008,SHV,LA,ASW,CE,Combined TRACON& Tower with Radar,7,46,24,1,78,0,26,30,3,59,7,72,54,4,137,20,0,20,157
04/20/2008,SHV,LA,ASW,CE,Combined TRACON& Tower with Radar,10,56,26,3,95,0,7,23,5,35,10,63,49,8,130,0,0,0,130
04/21/2008,SHV,LA,ASW,CE,Combined TRACON& Tower with Radar,8,60,41,16,125,0,10,15,7,32,8,70,56,23,157,0,0,0,157
04/22/2008,SHV,LA,ASW,CE,Combined TRACON& Tower with Radar,16,65,48,17,146,0,6,7,0,13,16,71,55,17,159,0,14,14,173
04/23/2008,SHV,LA,ASW,CE,Combined TRACON& Tower with Radar,21,61,61,51,194,0,11,21,0,32,21,72,82,51,226,0,64,64,290
04/24/2008,SHV,LA,ASW,CE,Combined TRACON& Tower with Radar,23,66,59,24,172,0,15,28,3,46,23,81,87,27,218,0,0,0,218
04/25/2008,SHV,LA,ASW,CE,Combined TRACON& Tower with Radar,18,57,43,14,132,0,17,12,5,34,18,74,55,19,166,0,26,26,192
04/26/2008,SHV,LA,ASW,CE,Combined TRACON& Tower with Radar,11,43,20,0,74,0,12,6,2,20,11,55,26,2,94,0,0,0,94
04/27/2008,SHV,LA,ASW,CE,Combined TRACON& Tower with Radar,12,51,35,2,100,0,8,2,0,10,12,59,37,2,110,0,0,0,110
04/28/2008,SHV,LA,ASW,CE,Combined TRACON& Tower with Radar,10,62,26,25,123,0,16,15,4,35,10,78,41,29,158,2,50,52,210
04/29/2008,SHV,LA,ASW,CE,Combined TRACON& Tower with Radar,20,74,40,9,143,0,7,28,1,36,20,81,68,10,179,0,0,0,179
04/30/2008,SHV,LA,ASW,CE,Combined TRACON& Tower with Radar,19,64,38,4,125,0,2,28,0,30,19,66,66,4,155,0,12,12,167
05/01/2008,SHV,LA,ASW,CE,Combined TRACON& Tower with Radar,26,82,53,2,163,0,5,9,5,19,26,87,62,7,182,0,0,0,182
05/02/2008,SHV,LA,ASW,CE,Combined TRACON& Tower with Radar,17,55,30,0,102,0,9,15,0,24,17,64,45,0,126,0,0,0,126
05/03/2008,SHV,LA,ASW,CE,Combined TRACON& Tower with Radar,8,45,17,4,74,0,2,10,6,18,8,47,27,10,92,0,6,6,98
05/04/2008,SHV,LA,ASW,CE,Combined TRACON& Tower with Radar,10,54,36,6,106,0,2,9,0,11,10,56,45,6,117,0,0,0,117
05/05/2008,SHV,LA,ASW,CE,Combined TRACON& Tower with Radar,10,60,31,1,102,0,14,20,0,34,10,74,51,1,136,14,0,14,150
05/06/2008,SHV,LA,ASW,CE,Combined TRACON& Tower with Radar,15,64,48,7,134,0,2,10,1,13,15,66,58,8,147,0,8,8,155
05/07/2008,SHV,LA,ASW,CE,Combined TRACON& Tower with Radar,15,61,37,2,115,0,8,18,0,26,15,69,55,2,141,0,0,0,141
05/08/2008,SHV,LA,ASW,CE,Combined TRACON& Tower with Radar,18,59,46,8,131,0,6,29,3,38,18,65,75,11,169,6,6,12,181
05/09/2008,SHV,LA,ASW,CE,Combined TRACON& Tower with Radar,17,67,55,18,157,0,8,35,1,44,17,75,90,19,201,0,0,0,201
05/10/2008,SHV,LA,ASW,CE,Combined TRACON& Tower with Radar,7,45,46,8,106,0,1,5,1,7,7,46,51,9,113,24,52,76,189
05/11/2008,SHV,LA,ASW,CE,Combined TRACON& Tower with Radar,8,56,27,1,92,0,0,22,2,24,8,56,49,3,116,0,0,0,116
05/12/2008,SHV,LA,ASW,CE,Combined TRACON& Tower with Radar,8,62,29,0,99,0,10,33,0,43,8,72,62,0,142,5,0,5,147
05/13/2008,SHV,LA,ASW,CE,Combined TRACON& Tower with Radar,17,68,56,0,141,0,2,4,0,6,17,70,60,0,147,0,0,0,147
05/14/2008,SHV,LA,ASW,CE,Combined TRACON& Tower with Radar,21,57,32,3,113,0,0,2,0,2,21,57,34,3,115,0,12,12,127
05/15/2008,SHV,LA,ASW,CE,Combined TRACON& Tower with Radar,20,80,33,4,137,0,9,11,0,20,20,89,44,4,157,0,0,0,157
05/16/2008,SHV,LA,ASW,CE,Combined TRACON& Tower with Radar,18,62,34,20,134,0,3,22,8,33,18,65,56,28,167,0,13,13,180
05/17/2008,SHV,LA,ASW,CE,Combined TRACON& Tower with Radar,4,44,21,13,82,0,0,28,2,30,4,44,49,15,112,20,28,48,160
05/18/2008,SHV,LA,ASW,CE,Combined TRACON& Tower with Radar,9,53,19,2,83,0,2,21,5,28,9,55,40,7,111,28,0,28,139
05/19/2008,SHV,LA,ASW,CE,Combined TRACON& Tower with Radar,9,64,34,27,134,0,12,26,1,39,9,76,60,28,173,16,20,36,209
05/20/2008,SHV,LA,ASW,CE,Combined TRACON& Tower with Radar,15,62,37,14,128,0,3,26,5,34,15,65,63,19,162,10,0,10,172
05/21/2008,SHV,LA,ASW,CE,Combined TRACON& Tower with Radar,13,63,49,2,127,0,7,42,0,49,13,70,91,2,176,6,0,6,182
05/22/2008,SHV,LA,ASW,CE,Combined TRACON& Tower with Radar,20,72,52,2,146,0,2,14,0,16,20,74,66,2,162,0,0,0,162
05/23/2008,SHV,LA,ASW,CE,Combined TRACON& Tower with Radar,14,63,29,15,121,0,5,18,2,25,14,68,47,17,146,8,0,8,154
05/24/2008,SHV,LA,ASW,CE,Combined TRACON& Tower with Radar,8,46,24,3,81,0,2,0,0,2,8,48,24,3,83,0,8,8,91
05/25/2008,SHV,LA,ASW,CE,Combined TRACON& Tower with Radar,8,45,13,0,66,0,1,7,0,8,8,46,20,0,74,0,0,0,74
05/26/2008,SHV,LA,ASW,CE,Combined TRACON& Tower with Radar,6,59,13,1,79,0,4,16,1,21,6,63,29,2,100,0,0,0,100
05/27/2008,SHV,LA,ASW,CE,Combined TRACON& Tower with Radar,21,66,27,7,121,0,6,13,0,19,21,72,40,7,140,16,6,22,162
05/28/2008,SHV,LA,ASW,CE,Combined TRACON& Tower with Radar,17,84,52,6,159,0,8,19,3,30,17,92,71,9,189,36,6,42,231
05/29/2008,SHV,LA,ASW,CE,Combined TRACON& Tower with Radar,21,70,44,2,137,0,15,15,2,32,21,85,59,4,169,5,0,5,174
05/30/2008,SHV,LA,ASW,CE,Combined TRACON& Tower with Radar,20,58,32,24,134,0,9,34,5,48,20,67,66,29,182,4,28,32,214
05/31/2008,SHV,LA,ASW,CE,Combined TRACON& Tower with Radar,14,42,26,0,82,0,1,15,0,16,14,43,41,0,98,17,0,17,115
06/01/2008,SHV,LA,ASW,CE,Combined TRACON& Tower with Radar,8,58,28,17,111,0,13,12,1,26,8,71,40,18,137,0,16,16,153
06/02/2008,SHV,LA,ASW,CE,Combined TRACON& Tower with Radar,8,59,30,14,111,0,8,15,0,23,8,67,45,14,134,0,34,34,168
06/03/2008,SHV,LA,ASW,CE,Combined TRACON& Tower with Radar,18,64,30,1,113,0,2,18,1,21,18,66,48,2,134,4,0,4,138
06/04/2008,SHV,LA,ASW,CE,Combined TRACON& Tower with Radar,14,67,36,12,129,0,12,8,2,22,14,79,44,14,151,0,0,0,151
06/05/2008,SHV,LA,ASW,CE,Combined TRACON& Tower with Radar,19,69,36,10,134,0,7,11,3,21,19,76,47,13,155,0,4,4,159
06/06/2008,SHV,LA,ASW,CE,Combined TRACON& Tower with Radar,14,65,26,33,138,0,12,18,4,34,14,77,44,37,172,0,8,8,180
06/07/2008,SHV,LA,ASW,CE,Combined TRACON& Tower with Radar,10,52,22,3,87,0,8,18,2,28,10,60,40,5,115,0,0,0,115
06/08/2008,SHV,LA,ASW,CE,Combined TRACON& Tower with Radar,9,61,27,33,130,0,12,20,1,33,9,73,47,34,163,0,0,0,163
06/09/2008,SHV,LA,ASW,CE,Combined TRACON& Tower with Radar,15,67,28,1,111,0,16,13,1,30,15,83,41,2,141,10,0,10,151
06/10/2008,SHV,LA,ASW,CE,Combined TRACON& Tower with Radar,18,72,34,3,127,0,14,15,0,29,18,86,49,3,156,0,0,0,156
06/11/2008,SHV,LA,ASW,CE,Combined TRACON& Tower with Radar,16,67,62,7,152,0,5,19,1,25,16,72,81,8,177,0,4,4,181
06/12/2008,SHV,LA,ASW,CE,Combined TRACON& Tower with Radar,18,66,35,20,139,0,11,22,0,33,18,77,57,20,172,8,22,30,202
06/13/2008,SHV,LA,ASW,CE,Combined TRACON& Tower with Radar,16,62,32,12,122,0,10,22,2,34,16,72,54,14,156,8,0,8,164
06/14/2008,SHV,LA,ASW,CE,Combined TRACON& Tower with Radar,15,50,25,8,98,0,2,3,2,7,15,52,28,10,105,8,0,8,113
06/15/2008,SHV,LA,ASW,CE,Combined TRACON& Tower with Radar,8,57,16,8,89,0,6,31,4,41,8,63,47,12,130,0,22,22,152
06/16/2008,SHV,LA,ASW,CE,Combined TRACON& Tower with Radar,11,63,31,10,115,0,16,19,2,37,11,79,50,12,152,2,20,22,174
06/17/2008,SHV,LA,ASW,CE,Combined TRACON& Tower with Radar,30,56,39,4,129,0,7,15,0,22,30,63,54,4,151,6,0,6,157
06/18/2008,SHV,LA,ASW,CE,Combined TRACON& Tower with Radar,17,64,40,1,122,0,19,35,3,57,17,83,75,4,179,2,0,2,181
06/19/2008,SHV,LA,ASW,CE,Combined TRACON& Tower with Radar,22,69,32,0,123,0,7,20,0,27,22,76,52,0,150,4,0,4,154
06/20/2008,SHV,LA,ASW,CE,Combined TRACON& Tower with Radar,20,71,40,10,141,0,21,22,2,45,20,92,62,12,186,8,12,20,206
06/21/2008,SHV,LA,ASW,CE,Combined TRACON& Tower with Radar,11,46,16,0,73,0,11,14,0,25,11,57,30,0,98,0,0,0,98
06/22/2008,SHV,LA,ASW,CE,Combined TRACON& Tower with Radar,10,52,23,4,89,0,3,19,0,22,10,55,42,4,111,4,0,4,115
06/23/2008,SHV,LA,ASW,CE,Combined TRACON& Tower with Radar,13,62,38,18,131,0,13,32,2,47,13,75,70,20,178,6,6,12,190
06/24/2008,SHV,LA,ASW,CE,Combined TRACON& Tower with Radar,17,72,27,8,124,0,5,26,2,33,17,77,53,10,157,4,0,4,161
06/25/2008,SHV,LA,ASW,CE,Combined TRACON& Tower with Radar,16,64,32,9,121,0,6,19,0,25,16,70,51,9,146,0,0,0,146
06/26/2008,SHV,LA,ASW,CE,Combined TRACON& Tower with Radar,21,67,31,9,128,0,5,22,0,27,21,72,53,9,155,0,0,0,155
06/27/2008,SHV,LA,ASW,CE,Combined TRACON& Tower with Radar,14,65,24,12,115,0,10,28,2,40,14,75,52,14,155,12,16,28,183
06/28/2008,SHV,LA,ASW,CE,Combined TRACON& Tower with Radar,18,58,37,10,123,0,10,14,0,24,18,68,51,10,147,6,6,12,159
06/29/2008,SHV,LA,ASW,CE,Combined TRACON& Tower with Radar,10,55,21,1,87,0,7,16,0,23,10,62,37,1,110,0,0,0,110
06/30/2008,SHV,LA,ASW,CE,Combined TRACON& Tower with Radar,8,66,27,4,105,0,22,24,0,46,8,88,51,4,151,4,0,4,155
07/01/2008,SHV,LA,ASW,CE,Combined TRACON& Tower with Radar,20,62,31,22,135,0,13,28,0,41,20,75,59,22,176,0,26,26,202
07/02/2008,SHV,LA,ASW,CE,Combined TRACON& Tower with Radar,19,67,48,2,136,0,10,24,1,35,19,77,72,3,171,4,16,20,191
07/03/2008,SHV,LA,ASW,CE,Combined TRACON& Tower with Radar,18,56,29,0,103,0,5,16,0,21,18,61,45,0,124,0,0,0,124
07/04/2008,SHV,LA,ASW,CE,Combined TRACON& Tower with Radar,4,45,5,0,54,0,12,21,2,35,4,57,26,2,89,0,0,0,89
07/05/2008,SHV,LA,ASW,CE,Combined TRACON& Tower with Radar,9,39,11,0,59,0,9,18,0,27,9,48,29,0,86,0,0,0,86
07/06/2008,SHV,LA,ASW,CE,Combined TRACON& Tower with Radar,11,58,30,2,101,0,12,13,0,25,11,70,43,2,126,0,0,0,126
07/07/2008,SHV,LA,ASW,CE,Combined TRACON& Tower with Radar,10,60,34,0,104,0,15,15,0,30,10,75,49,0,134,0,0,0,134
07/08/2008,SHV,LA,ASW,CE,Combined TRACON& Tower with Radar,25,72,30,17,144,0,7,15,0,22,25,79,45,17,166,0,24,24,190
07/09/2008,SHV,LA,ASW,CE,Combined TRACON& Tower with Radar,16,59,38,10,123,0,10,12,0,22,16,69,50,10,145,0,10,10,155
07/10/2008,SHV,LA,ASW,CE,Combined TRACON& Tower with Radar,22,59,20,8,109,0,10,24,0,34,22,69,44,8,143,4,0,4,147
07/11/2008,SHV,LA,ASW,CE,Combined TRACON& Tower with Radar,18,65,19,13,115,0,8,25,5,38,18,73,44,18,153,38,0,38,191
07/12/2008,SHV,LA,ASW,CE,Combined TRACON& Tower with Radar,8,59,18,7,92,0,16,26,0,42,8,75,44,7,134,0,0,0,134
07/13/2008,SHV,LA,ASW,CE,Combined TRACON& Tower with Radar,12,48,35,1,96,0,0,12,0,12,12,48,47,1,108,0,0,0,108
07/14/2008,SHV,LA,ASW,CE,Combined TRACON& Tower with Radar,11,67,25,1,104,0,8,10,0,18,11,75,35,1,122,8,0,8,130
07/15/2008,SHV,LA,ASW,CE,Combined TRACON& Tower with Radar,17,62,27,15,121,0,13,25,2,40,17,75,52,17,161,2,0,2,163
07/16/2008,SHV,LA,ASW,CE,Combined TRACON& Tower with Radar,14,59,51,9,133,0,10,22,1,33,14,69,73,10,166,0,0,0,166
07/17/2008,SHV,LA,ASW,CE,Combined TRACON& Tower with Radar,17,60,33,7,117,0,5,27,2,34,17,65,60,9,151,16,6,22,173
07/18/2008,SHV,LA,ASW,CE,Combined TRACON& Tower with Radar,13,60,45,48,166,0,9,11,0,20,13,69,56,48,186,14,44,58,244
07/19/2008,SHV,LA,ASW,CE,Combined TRACON& Tower with Radar,6,54,25,27,112,0,10,21,1,32,6,64,46,28,144,20,0,20,164
07/20/2008,SHV,LA,ASW,CE,Combined TRACON& Tower with Radar,6,59,14,4,83,0,8,27,0,35,6,67,41,4,118,6,0,6,124
07/21/2008,SHV,LA,ASW,CE,Combined TRACON& Tower with Radar,10,57,26,11,104,0,8,31,1,40,10,65,57,12,144,0,0,0,144
07/22/2008,SHV,LA,ASW,CE,Combined TRACON& Tower with Radar,16,60,33,28,137,0,17,25,0,42,16,77,58,28,179,6,18,24,203
07/23/2008,SHV,LA,ASW,CE,Combined TRACON& Tower with Radar,16,56,29,25,126,0,7,15,0,22,16,63,44,25,148,2,18,20,168
07/24/2008,SHV,LA,ASW,CE,Combined TRACON& Tower with Radar,19,71,37,40,167,0,4,20,2,26,19,75,57,42,193,0,8,8,201
07/25/2008,SHV,LA,ASW,CE,Combined TRACON& Tower with Radar,15,72,43,7,137,0,14,32,2,48,15,86,75,9,185,22,10,32,217
07/26/2008,SHV,LA,ASW,CE,Combined TRACON& Tower with Radar,4,55,28,24,111,0,1,26,2,29,4,56,54,26,140,0,32,32,172
07/27/2008,SHV,LA,ASW,CE,Combined TRACON& Tower with Radar,11,52,31,2,96,0,2,24,0,26,11,54,55,2,122,12,6,18,140
07/28/2008,SHV,LA,ASW,CE,Combined TRACON& Tower with Radar,12,60,28,2,102,0,14,24,0,38,12,74,52,2,140,10,0,10,150
07/29/2008,SHV,LA,ASW,CE,Combined TRACON& Tower with Radar,15,61,40,1,117,0,14,19,3,36,15,75,59,4,153,0,0,0,153
07/30/2008,SHV,LA,ASW,CE,Combined TRACON& Tower with Radar,26,67,39,16,148,0,14,21,0,35,26,81,60,16,183,0,0,0,183
07/31/2008,SHV,LA,ASW,CE,Combined TRACON& Tower with Radar,20,60,20,11,111,0,14,23,5,42,20,74,43,16,153,12,26,38,191
08/01/2008,SHV,LA,ASW,CE,Combined TRACON& Tower with Radar,12,63,30,0,105,0,17,28,0,45,12,80,58,0,150,16,0,16,166
08/02/2008,SHV,LA,ASW,CE,Combined TRACON& Tower with Radar,7,45,22,8,82,0,28,15,0,43,7,73,37,8,125,18,0,18,143
08/03/2008,SHV,LA,ASW,CE,Combined TRACON& Tower with Radar,11,56,34,6,107,0,3,11,0,14,11,59,45,6,121,6,0,6,127
08/04/2008,SHV,LA,ASW,CE,Combined TRACON& Tower with Radar,8,69,29,0,106,0,19,20,0,39,8,88,49,0,145,0,0,0,145
08/05/2008,SHV,LA,ASW,CE,Combined TRACON& Tower with Radar,16,53,27,0,96,0,11,19,0,30,16,64,46,0,126,8,0,8,134
08/06/2008,SHV,LA,ASW,CE,Combined TRACON& Tower with Radar,12,59,37,2,110,0,10,21,0,31,12,69,58,2,141,0,0,0,141
08/07/2008,SHV,LA,ASW,CE,Combined TRACON& Tower with Radar,26,67,33,5,131,0,22,10,1,33,26,89,43,6,164,0,8,8,172
08/08/2008,SHV,LA,ASW,CE,Combined TRACON& Tower with Radar,14,62,30,4,110,0,13,16,2,31,14,75,46,6,141,0,0,0,141
08/09/2008,SHV,LA,ASW,CE,Combined TRACON& Tower with Radar,9,48,20,15,92,0,12,12,4,28,9,60,32,19,120,2,30,32,152
08/10/2008,SHV,LA,ASW,CE,Combined TRACON& Tower with Radar,9,61,14,9,93,0,3,18,0,21,9,64,32,9,114,8,12,20,134
08/11/2008,SHV,LA,ASW,CE,Combined TRACON& Tower with Radar,10,62,22,1,95,0,8,6,1,15,10,70,28,2,110,0,0,0,110
08/12/2008,SHV,LA,ASW,CE,Combined TRACON& Tower with Radar,14,63,29,4,110,0,2,4,0,6,14,65,33,4,116,4,0,4,120
08/13/2008,SHV,LA,ASW,CE,Combined TRACON& Tower with Radar,14,62,49,7,132,0,7,22,2,31,14,69,71,9,163,0,0,0,163
08/14/2008,SHV,LA,ASW,CE,Combined TRACON& Tower with Radar,18,59,33,15,125,0,14,34,6,54,18,73,67,21,179,22,12,34,213
08/15/2008,SHV,LA,ASW,CE,Combined TRACON& Tower with Radar,16,47,42,8,113,0,8,15,0,23,16,55,57,8,136,18,0,18,154
08/16/2008,SHV,LA,ASW,CE,Combined TRACON& Tower with Radar,8,52,30,25,115,0,5,9,0,14,8,57,39,25,129,0,18,18,147
08/17/2008,SHV,LA,ASW,CE,Combined TRACON& Tower with Radar,11,58,29,2,100,0,1,13,0,14,11,59,42,2,114,0,0,0,114
08/18/2008,SHV,LA,ASW,CE,Combined TRACON& Tower with Radar,11,63,19,3,96,0,7,17,0,24,11,70,36,3,120,12,0,12,132
08/19/2008,SHV,LA,ASW,CE,Combined TRACON& Tower with Radar,12,81,34,6,133,0,0,4,0,4,12,81,38,6,137,12,0,12,149
08/20/2008,SHV,LA,ASW,CE,Combined TRACON& Tower with Radar,14,67,45,1,127,0,6,2,0,8,14,73,47,1,135,10,0,10,145
08/21/2008,SHV,LA,ASW,CE,Combined TRACON& Tower with Radar,14,66,45,2,127,0,4,6,1,11,14,70,51,3,138,2,4,6,144
08/22/2008,SHV,LA,ASW,CE,Combined TRACON& Tower with Radar,18,63,28,5,114,0,19,7,4,30,18,82,35,9,144,4,0,4,148
08/23/2008,SHV,LA,ASW,CE,Combined TRACON& Tower with Radar,5,49,25,2,81,0,10,33,0,43,5,59,58,2,124,0,0,0,124
08/24/2008,SHV,LA,ASW,CE,Combined TRACON& Tower with Radar,8,56,31,0,95,0,2,5,0,7,8,58,36,0,102,0,0,0,102
08/25/2008,SHV,LA,ASW,CE,Combined TRACON& Tower with Radar,6,64,23,4,97,0,10,9,1,20,6,74,32,5,117,4,2,6,123
08/26/2008,SHV,LA,ASW,CE,Combined TRACON& Tower with Radar,16,65,44,6,131,0,13,10,3,26,16,78,54,9,157,6,0,6,163
08/27/2008,SHV,LA,ASW,CE,Combined TRACON& Tower with Radar,16,66,35,8,125,0,9,9,6,24,16,75,44,14,149,0,0,0,149
08/28/2008,SHV,LA,ASW,CE,Combined TRACON& Tower with Radar,18,69,29,0,116,0,22,16,0,38,18,91,45,0,154,6,0,6,160
08/29/2008,SHV,LA,ASW,CE,Combined TRACON& Tower with Radar,35,64,36,1,136,0,10,40,4,54,35,74,76,5,190,34,0,34,224
08/30/2008,SHV,LA,ASW,CE,Combined TRACON& Tower with Radar,8,52,54,0,114,0,12,19,2,33,8,64,73,2,147,0,0,0,147
08/31/2008,SHV,LA,ASW,CE,Combined TRACON& Tower with Radar,8,49,31,1,89,0,9,18,7,34,8,58,49,8,123,0,0,0,123
09/01/2008,SHV,LA,ASW,CE,Combined TRACON& Tower with Radar,3,54,14,0,71,0,5,6,0,11,3,59,20,0,82,6,0,6,88
09/02/2008,SHV,LA,ASW,CE,Combined TRACON& Tower with Radar,9,70,3,0,82,0,0,0,0,0,9,70,3,0,82,0,0,0,82
09/03/2008,SHV,LA,ASW,CE,Combined TRACON& Tower with Radar,11,77,19,0,107,0,2,2,2,6,11,79,21,2,113,0,0,0,113
09/04/2008,SHV,LA,ASW,CE,Combined TRACON& Tower with Radar,17,75,46,1,139,0,6,12,2,20,17,81,58,3,159,22,0,22,181
09/05/2008,SHV,LA,ASW,CE,Combined TRACON& Tower with Radar,22,57,35,24,138,0,8,33,5,46,22,65,68,29,184,0,52,52,236
09/06/2008,SHV,LA,ASW,CE,Combined TRACON& Tower with Radar,8,45,20,0,73,0,4,27,2,33,8,49,47,2,106,0,0,0,106
09/07/2008,SHV,LA,ASW,CE,Combined TRACON& Tower with Radar,7,53,16,1,77,0,14,19,5,38,7,67,35,6,115,10,0,10,125
09/08/2008,SHV,LA,ASW,CE,Combined TRACON& Tower with Radar,8,65,26,17,116,0,11,18,5,34,8,76,44,22,150,0,14,14,164
09/09/2008,SHV,LA,ASW,CE,Combined TRACON& Tower with Radar,12,69,42,6,129,0,10,11,1,22,12,79,53,7,151,6,0,6,157
09/10/2008,SHV,LA,ASW,CE,Combined TRACON& Tower with Radar,15,62,66,15,158,0,6,19,3,28,15,68,85,18,186,0,18,18,204
09/11/2008,SHV,LA,ASW,CE,Combined TRACON& Tower with Radar,23,66,47,16,152,0,16,23,0,39,23,82,70,16,191,12,0,12,203
09/12/2008,SHV,LA,ASW,CE,Combined TRACON& Tower with Radar,15,59,25,2,101,0,11,9,2,22,15,70,34,4,123,0,0,0,123
09/13/2008,SHV,LA,ASW,CE,Combined TRACON& Tower with Radar,7,15,2,0,24,0,0,0,0,0,7,15,2,0,24,0,0,0,24
09/14/2008,SHV,LA,ASW,CE,Combined TRACON& Tower with Radar,12,47,18,0,77,0,5,7,0,12,12,52,25,0,89,0,0,0,89
09/15/2008,SHV,LA,ASW,CE,Combined TRACON& Tower with Radar,7,64,30,0,101,0,18,16,3,37,7,82,46,3,138,6,0,6,144
09/16/2008,SHV,LA,ASW,CE,Combined TRACON& Tower with Radar,17,63,32,0,112,0,9,17,5,31,17,72,49,5,143,0,0,0,143
09/17/2008,SHV,LA,ASW,CE,Combined TRACON& Tower with Radar,19,66,33,6,124,0,7,10,2,19,19,73,43,8,143,8,10,18,161
09/18/2008,SHV,LA,ASW,CE,Combined TRACON& Tower with Radar,17,66,33,5,121,0,8,30,10,48,17,74,63,15,169,0,0,0,169
09/19/2008,SHV,LA,ASW,CE,Combined TRACON& Tower with Radar,15,73,34,7,129,0,11,17,6,34,15,84,51,13,163,0,0,0,163
09/20/2008,SHV,LA,ASW,CE,Combined TRACON& Tower with Radar,5,51,19,15,90,0,3,17,8,28,5,54,36,23,118,24,18,42,160
09/21/2008,SHV,LA,ASW,CE,Combined TRACON& Tower with Radar,11,62,33,5,111,0,2,16,2,20,11,64,49,7,131,0,0,0,131
09/22/2008,SHV,LA,ASW,CE,Combined TRACON& Tower with Radar,9,62,25,7,103,0,11,20,4,35,9,73,45,11,138,0,0,0,138
09/23/2008,SHV,LA,ASW,CE,Combined TRACON& Tower with Radar,16,73,34,6,129,0,11,39,2,52,16,84,73,8,181,8,0,8,189
09/24/2008,SHV,LA,ASW,CE,Combined TRACON& Tower with Radar,11,78,76,0,165,0,18,25,8,51,11,96,101,8,216,0,0,0,216
09/25/2008,SHV,LA,ASW,CE,Combined TRACON& Tower with Radar,13,73,65,0,151,0,13,43,4,60,13,86,108,4,211,0,0,0,211
09/26/2008,SHV,LA,ASW,CE,Combined TRACON& Tower with Radar,13,64,30,1,108,0,17,30,4,51,13,81,60,5,159,0,0,0,159
09/27/2008,SHV,LA,ASW,CE,Combined TRACON& Tower with Radar,8,54,37,0,99,0,12,20,2,34,8,66,57,2,133,0,0,0,133
09/28/2008,SHV,LA,ASW,CE,Combined TRACON& Tower with Radar,11,52,28,0,91,0,5,15,0,20,11,57,43,0,111,0,0,0,111
09/29/2008,SHV,LA,ASW,CE,Combined TRACON& Tower with Radar,8,67,36,7,118,0,23,21,3,47,8,90,57,10,165,0,0,0,165
09/30/2008,SHV,LA,ASW,CE,Combined TRACON& Tower with Radar,17,58,43,6,124,0,13,29,8,50,17,71,72,14,174,10,0,10,184
10/01/2008,SHV,LA,ASW,CE,Combined TRACON& Tower with Radar,18,59,29,2,108,0,10,35,10,55,18,69,64,12,163,18,0,18,181
10/02/2008,SHV,LA,ASW,CE,Combined TRACON& Tower with Radar,19,62,35,1,117,0,8,34,4,46,19,70,69,5,163,21,8,29,192
10/03/2008,SHV,LA,ASW,CE,Combined TRACON& Tower with Radar,20,51,52,9,132,0,12,25,1,38,20,63,77,10,170,0,10,10,180
10/04/2008,SHV,LA,ASW,CE,Combined TRACON& Tower with Radar,14,39,20,11,84,0,5,20,9,34,14,44,40,20,118,10,24,34,152
10/05/2008,SHV,LA,ASW,CE,Combined TRACON& Tower with Radar,10,56,32,5,103,0,7,12,0,19,10,63,44,5,122,12,0,12,134
10/06/2008,SHV,LA,ASW,CE,Combined TRACON& Tower with Radar,7,57,33,6,103,0,10,7,1,18,7,67,40,7,121,0,6,6,127
10/07/2008,SHV,LA,ASW,CE,Combined TRACON& Tower with Radar,17,79,31,6,133,0,2,16,0,18,17,81,47,6,151,8,6,14,165
10/08/2008,SHV,LA,ASW,CE,Combined TRACON& Tower with Radar,14,52,52,12,130,0,6,28,1,35,14,58,80,13,165,0,7,7,172
10/09/2008,SHV,LA,ASW,CE,Combined TRACON& Tower with Radar,16,61,35,0,112,0,5,14,4,23,16,66,49,4,135,0,0,0,135
10/10/2008,SHV,LA,ASW,CE,Combined TRACON& Tower with Radar,13,60,26,2,101,0,8,24,3,35,13,68,50,5,136,8,0,8,144
10/11/2008,SHV,LA,ASW,CE,Combined TRACON& Tower with Radar,6,48,14,0,68,0,3,15,2,20,6,51,29,2,88,0,0,0,88
10/12/2008,SHV,LA,ASW,CE,Combined TRACON& Tower with Radar,13,50,24,14,101,0,0,11,0,11,13,50,35,14,112,0,0,0,112
10/13/2008,SHV,LA,ASW,CE,Combined TRACON& Tower with Radar,9,62,40,16,127,0,7,15,0,22,9,69,55,16,149,0,0,0,149
10/14/2008,SHV,LA,ASW,CE,Combined TRACON& Tower with Radar,17,68,40,10,135,0,5,16,0,21,17,73,56,10,156,14,12,26,182
10/15/2008,SHV,LA,ASW,CE,Combined TRACON& Tower with Radar,20,55,38,0,113,0,8,5,0,13,20,63,43,0,126,0,0,0,126
10/16/2008,SHV,LA,ASW,CE,Combined TRACON& Tower with Radar,20,70,46,4,140,0,0,0,0,0,20,70,46,4,140,0,0,0,140
10/17/2008,SHV,LA,ASW,CE,Combined TRACON& Tower with Radar,21,54,59,11,145,0,9,18,0,27,21,63,77,11,172,12,8,20,192
10/18/2008,SHV,LA,ASW,CE,Combined TRACON& Tower with Radar,15,40,26,2,83,0,2,26,0,28,15,42,52,2,111,60,0,60,171
10/19/2008,SHV,LA,ASW,CE,Combined TRACON& Tower with Radar,12,51,35,0,98,0,3,20,2,25,12,54,55,2,123,34,0,34,157
10/20/2008,SHV,LA,ASW,CE,Combined TRACON& Tower with Radar,12,60,31,14,117,0,11,26,3,40,12,71,57,17,157,2,20,22,179
10/21/2008,SHV,LA,ASW,CE,Combined TRACON& Tower with Radar,20,59,38,6,123,0,8,33,2,43,20,67,71,8,166,8,0,8,174
10/22/2008,SHV,LA,ASW,CE,Combined TRACON& Tower with Radar,18,54,36,0,108,0,6,21,3,30,18,60,57,3,138,14,0,14,152
10/23/2008,SHV,LA,ASW,CE,Combined TRACON& Tower with Radar,23,55,55,0,133,0,5,5,1,11,23,60,60,1,144,40,0,40,184
10/24/2008,SHV,LA,ASW,CE,Combined TRACON& Tower with Radar,19,59,40,42,160,0,4,27,1,32,19,63,67,43,192,94,34,128,320
10/25/2008,SHV,LA,ASW,CE,Combined TRACON& Tower with Radar,11,51,61,24,147,0,2,54,8,64,11,53,115,32,211,152,0,152,363
10/26/2008,SHV,LA,ASW,CE,Combined TRACON& Tower with Radar,7,61,55,0,123,0,0,85,0,85,7,61,140,0,208,180,0,180,388
10/27/2008,SHV,LA,ASW,CE,Combined TRACON& Tower with Radar,9,64,39,2,114,0,0,14,1,15,9,64,53,3,129,0,0,0,129
10/28/2008,SHV,LA,ASW,CE,Combined TRACON& Tower with Radar,19,57,28,0,104,0,4,15,0,19,19,61,43,0,123,10,0,10,133
10/29/2008,SHV,LA,ASW,CE,Combined TRACON& Tower with Radar,18,67,40,10,135,0,3,24,0,27,18,70,64,10,162,90,0,90,252
10/30/2008,SHV,LA,ASW,CE,Combined TRACON& Tower with Radar,20,67,51,0,138,0,2,27,1,30,20,69,78,1,168,76,0,76,244
10/31/2008,SHV,LA,ASW,CE,Combined TRACON& Tower with Radar,18,70,35,3,126,0,5,25,1,31,18,75,60,4,157,88,0,88,245
11/01/2008,SHV,LA,ASW,CE,Combined TRACON& Tower with Radar,15,39,37,0,91,0,2,17,0,19,15,41,54,0,110,249,0,249,359
11/02/2008,SHV,LA,ASW,CE,Combined TRACON& Tower with Radar,15,49,29,4,97,0,8,14,2,24,15,57,43,6,121,216,0,216,337
11/03/2008,SHV,LA,ASW,CE,Combined TRACON& Tower with Radar,16,53,30,2,101,0,2,18,3,23,16,55,48,5,124,2,4,6,130
11/04/2008,SHV,LA,ASW,CE,Combined TRACON& Tower with Radar,22,53,43,0,118,0,3,33,0,36,22,56,76,0,154,0,0,0,154
11/05/2008,SHV,LA,ASW,CE,Combined TRACON& Tower with Radar,24,53,36,21,134,0,2,12,0,14,24,55,48,21,148,2,0,2,150
11/06/2008,SHV,LA,ASW,CE,Combined TRACON& Tower with Radar,23,67,38,13,141,0,6,23,0,29,23,73,61,13,170,36,0,36,206
11/07/2008,SHV,LA,ASW,CE,Combined TRACON& Tower with Radar,20,61,53,4,138,0,6,35,3,44,20,67,88,7,182,138,0,138,320
11/08/2008,SHV,LA,ASW,CE,Combined TRACON& Tower with Radar,13,39,47,10,109,0,1,25,2,28,13,40,72,12,137,250,12,262,399
11/09/2008,SHV,LA,ASW,CE,Combined TRACON& Tower with Radar,18,52,39,8,117,0,0,24,0,24,18,52,63,8,141,92,0,92,233
11/10/2008,SHV,LA,ASW,CE,Combined TRACON& Tower with Radar,19,78,30,0,127,0,4,13,0,17,19,82,43,0,144,0,0,0,144
11/11/2008,SHV,LA,ASW,CE,Combined TRACON& Tower with Radar,19,43,18,0,80,0,0,0,0,0,19,43,18,0,80,0,0,0,80
11/12/2008,SHV,LA,ASW,CE,Combined TRACON& Tower with Radar,22,60,35,2,119,0,0,2,0,2,22,60,37,2,121,0,0,0,121
11/13/2008,SHV,LA,ASW,CE,Combined TRACON& Tower with Radar,21,67,51,5,144,0,0,14,0,14,21,67,65,5,158,14,0,14,172
11/14/2008,SHV,LA,ASW,CE,Combined TRACON& Tower with Radar,20,62,47,5,134,0,1,12,1,14,20,63,59,6,148,6,2,8,156
11/15/2008,SHV,LA,ASW,CE,Combined TRACON& Tower with Radar,10,39,29,18,96,0,7,13,0,20,10,46,42,18,116,8,0,8,124
11/16/2008,SHV,LA,ASW,CE,Combined TRACON& Tower with Radar,12,54,33,9,108,0,5,20,2,27,12,59,53,11,135,18,6,24,159
11/17/2008,SHV,LA,ASW,CE,Combined TRACON& Tower with Radar,16,55,31,5,107,0,1,14,3,18,16,56,45,8,125,2,0,2,127
11/18/2008,SHV,LA,ASW,CE,Combined TRACON& Tower with Radar,18,62,50,8,138,0,6,24,0,30,18,68,74,8,168,0,0,0,168
11/19/2008,SHV,LA,ASW,CE,Combined TRACON& Tower with Radar,16,60,44,1,121,0,4,39,1,44,16,64,83,2,165,4,0,4,169
11/20/2008,SHV,LA,ASW,CE,Combined TRACON& Tower with Radar,22,71,47,7,147,0,3,15,3,21,22,74,62,10,168,12,2,14,182
11/21/2008,SHV,LA,ASW,CE,Combined TRACON& Tower with Radar,21,61,60,1,143,0,1,21,2,24,21,62,81,3,167,0,0,0,167
11/22/2008,SHV,LA,ASW,CE,Combined TRACON& Tower with Radar,17,37,33,18,105,0,3,17,0,20,17,40,50,18,125,10,0,10,135
11/23/2008,SHV,LA,ASW,CE,Combined TRACON& Tower with Radar,15,47,21,0,83,0,0,11,2,13,15,47,32,2,96,0,0,0,96
11/24/2008,SHV,LA,ASW,CE,Combined TRACON& Tower with Radar,16,53,21,2,92,0,2,11,0,13,16,55,32,2,105,0,0,0,105
11/25/2008,SHV,LA,ASW,CE,Combined TRACON& Tower with Radar,22,58,38,4,122,0,1,20,0,21,22,59,58,4,143,0,0,0,143
11/26/2008,SHV,LA,ASW,CE,Combined TRACON& Tower with Radar,26,58,39,0,123,0,4,6,2,12,26,62,45,2,135,4,0,4,139
11/27/2008,SHV,LA,ASW,CE,Combined TRACON& Tower with Radar,4,28,8,0,40,0,0,2,0,2,4,28,10,0,42,0,0,0,42
11/28/2008,SHV,LA,ASW,CE,Combined TRACON& Tower with Radar,20,42,27,0,89,0,0,2,0,2,20,42,29,0,91,0,0,0,91
11/29/2008,SHV,LA,ASW,CE,Combined TRACON& Tower with Radar,15,40,24,2,81,0,0,0,0,0,15,40,24,2,81,0,0,0,81
11/30/2008,SHV,LA,ASW,CE,Combined TRACON& Tower with Radar,17,56,32,0,105,0,3,5,0,8,17,59,37,0,113,0,0,0,113
12/01/2008,SHV,LA,ASW,CE,Combined TRACON& Tower with Radar,14,55,35,24,128,0,1,14,2,17,14,56,49,26,145,8,30,38,183
12/02/2008,SHV,LA,ASW,CE,Combined TRACON& Tower with Radar,10,66,25,11,112,0,6,16,2,24,10,72,41,13,136,0,0,0,136
12/03/2008,SHV,LA,ASW,CE,Combined TRACON& Tower with Radar,14,60,27,14,115,0,0,3,0,3,14,60,30,14,118,0,2,2,120
12/04/2008,SHV,LA,ASW,CE,Combined TRACON& Tower with Radar,14,73,34,0,121,0,2,13,0,15,14,75,47,0,136,0,0,0,136
12/05/2008,SHV,LA,ASW,CE,Combined TRACON& Tower with Radar,16,62,28,18,124,0,2,16,1,19,16,64,44,19,143,0,4,4,147
12/06/2008,SHV,LA,ASW,CE,Combined TRACON& Tower with Radar,9,33,26,0,68,0,3,32,0,35,9,36,58,0,103,0,0,0,103
12/07/2008,SHV,LA,ASW,CE,Combined TRACON& Tower with Radar,15,51,21,10,97,0,5,26,2,33,15,56,47,12,130,0,0,0,130
12/08/2008,SHV,LA,ASW,CE,Combined TRACON& Tower with Radar,12,62,39,7,120,0,3,17,0,20,12,65,56,7,140,6,0,6,146
12/09/2008,SHV,LA,ASW,CE,Combined TRACON& Tower with Radar,13,50,29,0,92,0,0,2,0,2,13,50,31,0,94,0,0,0,94
12/10/2008,SHV,LA,ASW,CE,Combined TRACON& Tower with Radar,16,57,35,0,108,0,0,1,0,1,16,57,36,0,109,0,0,0,109
12/11/2008,SHV,LA,ASW,CE,Combined TRACON& Tower with Radar,24,57,41,17,139,0,0,18,0,18,24,57,59,17,157,0,12,12,169
12/12/2008,SHV,LA,ASW,CE,Combined TRACON& Tower with Radar,19,59,45,19,142,0,3,42,4,49,19,62,87,23,191,8,12,20,211
12/13/2008,SHV,LA,ASW,CE,Combined TRACON& Tower with Radar,10,42,21,15,88,0,4,12,3,19,10,46,33,18,107,16,0,16,123
12/14/2008,SHV,LA,ASW,CE,Combined TRACON& Tower with Radar,16,45,35,0,96,0,3,5,2,10,16,48,40,2,106,0,0,0,106
12/15/2008,SHV,LA,ASW,CE,Combined TRACON& Tower with Radar,5,50,30,2,87,0,0,1,0,1,5,50,31,2,88,0,0,0,88
12/16/2008,SHV,LA,ASW,CE,Combined TRACON& Tower with Radar,12,58,28,0,98,0,0,0,0,0,12,58,28,0,98,0,0,0,98
12/17/2008,SHV,LA,ASW,CE,Combined TRACON& Tower with Radar,16,64,24,0,104,0,0,0,0,0,16,64,24,0,104,0,0,0,104
12/18/2008,SHV,LA,ASW,CE,Combined TRACON& Tower with Radar,12,42,27,8,89,0,0,4,0,4,12,42,31,8,93,6,0,6,99
12/19/2008,SHV,LA,ASW,CE,Combined TRACON& Tower with Radar,13,60,35,2,110,0,1,10,2,13,13,61,45,4,123,0,0,0,123
12/20/2008,SHV,LA,ASW,CE,Combined TRACON& Tower with Radar,8,34,21,0,63,0,2,10,0,12,8,36,31,0,75,0,0,0,75
12/21/2008,SHV,LA,ASW,CE,Combined TRACON& Tower with Radar,12,43,27,0,82,0,0,13,0,13,12,43,40,0,95,0,0,0,95
12/22/2008,SHV,LA,ASW,CE,Combined TRACON& Tower with Radar,9,63,39,1,112,0,1,12,0,13,9,64,51,1,125,0,0,0,125
12/23/2008,SHV,LA,ASW,CE,Combined TRACON& Tower with Radar,14,58,28,5,105,0,0,1,0,1,14,58,29,5,106,0,0,0,106
12/24/2008,SHV,LA,ASW,CE,Combined TRACON& Tower with Radar,12,41,14,0,67,0,0,10,0,10,12,41,24,0,77,0,0,0,77
12/25/2008,SHV,LA,ASW,CE,Combined TRACON& Tower with Radar,5,33,5,0,43,0,6,2,0,8,5,39,7,0,51,0,0,0,51
12/26/2008,SHV,LA,ASW,CE,Combined TRACON& Tower with Radar,11,55,24,0,90,0,0,4,0,4,11,55,28,0,94,0,0,0,94
12/27/2008,SHV,LA,ASW,CE,Combined TRACON& Tower with Radar,12,36,17,0,65,0,1,3,0,4,12,37,20,0,69,0,0,0,69
12/28/2008,SHV,LA,ASW,CE,Combined TRACON& Tower with Radar,9,46,25,0,80,0,4,14,0,18,9,50,39,0,98,20,0,20,118
12/29/2008,SHV,LA,ASW,CE,Combined TRACON& Tower with Radar,10,60,24,0,94,0,3,22,0,25,10,63,46,0,119,4,0,4,123
12/30/2008,SHV,LA,ASW,CE,Combined TRACON& Tower with Radar,13,58,36,2,109,0,2,18,6,26,13,60,54,8,135,18,0,18,153
12/31/2008,SHV,LA,ASW,CE,Combined TRACON& Tower with Radar,12,44,20,0,76,0,3,18,0,21,12,47,38,0,97,6,0,6,103
01/01/2009,SHV,LA,ASW,CE,Combined TRACON& Tower with Radar,8,37,11,0,56,0,2,15,2,19,8,39,26,2,75,4,0,4,79
01/02/2009,SHV,LA,ASW,CE,Combined TRACON& Tower with Radar,12,54,29,0,95,0,1,11,0,12,12,55,40,0,107,0,0,0,107
01/03/2009,SHV,LA,ASW,CE,Combined TRACON& Tower with Radar,8,33,17,0,58,0,1,6,0,7,8,34,23,0,65,0,0,0,65
01/04/2009,SHV,LA,ASW,CE,Combined TRACON& Tower with Radar,10,48,25,0,83,0,0,1,0,1,10,48,26,0,84,8,0,8,92
01/05/2009,SHV,LA,ASW,CE,Combined TRACON& Tower with Radar,6,54,22,2,84,0,0,0,0,0,6,54,22,2,84,0,0,0,84
01/06/2009,SHV,LA,ASW,CE,Combined TRACON& Tower with Radar,11,56,15,6,88,0,0,5,0,5,11,56,20,6,93,0,0,0,93
01/07/2009,SHV,LA,ASW,CE,Combined TRACON& Tower with Radar,13,59,53,6,131,0,1,29,0,30,13,60,82,6,161,0,27,27,188
01/08/2009,SHV,LA,ASW,CE,Combined TRACON& Tower with Radar,15,64,36,4,119,0,2,30,6,38,15,66,66,10,157,4,0,4,161
01/09/2009,SHV,LA,ASW,CE,Combined TRACON& Tower with Radar,15,57,33,17,122,0,0,26,4,30,15,57,59,21,152,16,20,36,188
01/10/2009,SHV,LA,ASW,CE,Combined TRACON& Tower with Radar,11,41,16,10,78,0,0,12,0,12,11,41,28,10,90,0,6,6,96
01/11/2009,SHV,LA,ASW,CE,Combined TRACON& Tower with Radar,11,54,23,6,94,0,5,19,0,24,11,59,42,6,118,0,0,0,118
01/12/2009,SHV,LA,ASW,CE,Combined TRACON& Tower with Radar,9,53,27,13,102,0,0,26,0,26,9,53,53,13,128,0,20,20,148
01/13/2009,SHV,LA,ASW,CE,Combined TRACON& Tower with Radar,15,52,27,0,94,0,0,18,5,23,15,52,45,5,117,6,0,6,123
01/14/2009,SHV,LA,ASW,CE,Combined TRACON& Tower with Radar,14,48,17,2,81,0,2,28,1,31,14,50,45,3,112,16,0,16,128
01/15/2009,SHV,LA,ASW,CE,Combined TRACON& Tower with Radar,14,53,20,3,90,0,2,26,3,31,14,55,46,6,121,24,0,24,145
01/16/2009,SHV,LA,ASW,CE,Combined TRACON& Tower with Radar,12,55,35,24,126,0,1,29,4,34,12,56,64,28,160,36,14,50,210
01/17/2009,SHV,LA,ASW,CE,Combined TRACON& Tower with Radar,7,36,17,8,68,0,2,11,2,15,7,38,28,10,83,27,0,27,110
01/18/2009,SHV,LA,ASW,CE,Combined TRACON& Tower with Radar,10,48,13,5,76,0,6,13,1,20,10,54,26,6,96,27,0,27,123
01/19/2009,SHV,LA,ASW,CE,Combined TRACON& Tower with Radar,9,50,25,1,85,0,4,16,0,20,9,54,41,1,105,0,0,0,105
01/20/2009,SHV,LA,ASW,CE,Combined TRACON& Tower with Radar,11,54,27,7,99,0,2,25,0,27,11,56,52,7,126,0,0,0,126
01/21/2009,SHV,LA,ASW,CE,Combined TRACON& Tower with Radar,10,59,36,2,107,0,1,28,0,29,10,60,64,2,136,0,0,0,136
01/22/2009,SHV,LA,ASW,CE,Combined TRACON& Tower with Radar,15,54,27,25,121,0,1,39,3,43,15,55,66,28,164,0,38,38,202
01/23/2009,SHV,LA,ASW,CE,Combined TRACON& Tower with Radar,10,60,34,20,124,0,4,23,3,30,10,64,57,23,154,0,16,16,170
01/24/2009,SHV,LA,ASW,CE,Combined TRACON& Tower with Radar,5,43,8,10,66,0,0,9,0,9,5,43,17,10,75,8,0,8,83
01/25/2009,SHV,LA,ASW,CE,Combined TRACON& Tower with Radar,7,51,27,12,97,0,0,13,1,14,7,51,40,13,111,6,0,6,117
01/26/2009,SHV,LA,ASW,CE,Combined TRACON& Tower with Radar,7,57,28,0,92,0,0,5,0,5,7,57,33,0,97,0,0,0,97
01/27/2009,SHV,LA,ASW,CE,Combined TRACON& Tower with Radar,7,52,19,0,78,0,0,10,0,10,7,52,29,0,88,0,0,0,88
01/28/2009,SHV,LA,ASW,CE,Combined TRACON& Tower with Radar,9,47,23,2,81,0,2,21,0,23,9,49,44,2,104,8,16,24,128
01/29/2009,SHV,LA,ASW,CE,Combined TRACON& Tower with Radar,8,60,36,6,110,0,1,24,0,25,8,61,60,6,135,16,0,16,151
01/30/2009,SHV,LA,ASW,CE,Combined TRACON& Tower with Radar,9,42,24,11,86,0,0,34,1,35,9,42,58,12,121,22,4,26,147
01/31/2009,SHV,LA,ASW,CE,Combined TRACON& Tower with Radar,4,21,14,13,52,0,0,30,1,31,4,21,44,14,83,26,12,38,121
02/01/2009,SHV,LA,ASW,CE,Combined TRACON& Tower with Radar,9,54,17,2,82,0,2,15,0,17,9,56,32,2,99,0,0,0,99
02/02/2009,SHV,LA,ASW,CE,Combined TRACON& Tower with Radar,9,60,26,8,103,0,0,36,0,36,9,60,62,8,139,26,12,38,177
02/03/2009,SHV,LA,ASW,CE,Combined TRACON& Tower with Radar,8,55,43,1,107,0,0,33,2,35,8,55,76,3,142,26,0,26,168
02/04/2009,SHV,LA,ASW,CE,Combined TRACON& Tower with Radar,8,61,49,13,131,0,6,47,3,56,8,67,96,16,187,19,7,26,213
02/05/2009,SHV,LA,ASW,CE,Combined TRACON& Tower with Radar,11,55,40,0,106,0,0,31,2,33,11,55,71,2,139,0,0,0,139
02/06/2009,SHV,LA,ASW,CE,Combined TRACON& Tower with Radar,8,63,62,0,133,0,2,24,0,26,8,65,86,0,159,10,0,10,169
02/07/2009,SHV,LA,ASW,CE,Combined TRACON& Tower with Radar,6,36,22,10,74,0,2,13,0,15,6,38,35,10,89,2,8,10,99
02/08/2009,SHV,LA,ASW,CE,Combined TRACON& Tower with Radar,10,48,45,12,115,0,7,16,1,24,10,55,61,13,139,26,16,42,181
02/09/2009,SHV,LA,ASW,CE,Combined TRACON& Tower with Radar,6,57,29,0,92,0,0,11,0,11,6,57,40,0,103,14,0,14,117
02/10/2009,SHV,LA,ASW,CE,Combined TRACON& Tower with Radar,9,58,33,0,100,0,0,0,0,0,9,58,33,0,100,0,0,0,100
02/11/2009,SHV,LA,ASW,CE,Combined TRACON& Tower with Radar,11,76,41,4,132,0,2,23,2,27,11,78,64,6,159,2,0,2,161
02/12/2009,SHV,LA,ASW,CE,Combined TRACON& Tower with Radar,12,59,45,4,120,0,1,42,4,47,12,60,87,8,167,48,0,48,215
02/13/2009,SHV,LA,ASW,CE,Combined TRACON& Tower with Radar,14,61,44,4,123,0,1,6,0,7,14,62,50,4,130,18,0,18,148
02/14/2009,SHV,LA,ASW,CE,Combined TRACON& Tower with Radar,7,43,50,2,102,0,1,0,0,1,7,44,50,2,103,38,0,38,141
02/15/2009,SHV,LA,ASW,CE,Combined TRACON& Tower with Radar,9,54,55,5,123,0,1,0,0,1,9,55,55,5,124,14,0,14,138
02/16/2009,SHV,LA,ASW,CE,Combined TRACON& Tower with Radar,8,55,43,3,109,0,0,0,0,0,8,55,43,3,109,57,0,57,166
02/17/2009,SHV,LA,ASW,CE,Combined TRACON& Tower with Radar,8,55,40,0,103,0,1,0,0,1,8,56,40,0,104,0,0,0,104
02/18/2009,SHV,LA,ASW,CE,Combined TRACON& Tower with Radar,13,63,70,13,159,0,1,0,0,1,13,64,70,13,160,4,12,16,176
02/19/2009,SHV,LA,ASW,CE,Combined TRACON& Tower with Radar,15,58,68,6,147,0,2,0,0,2,15,60,68,6,149,14,6,20,169
02/20/2009,SHV,LA,ASW,CE,Combined TRACON& Tower with Radar,12,58,80,16,166,0,3,0,0,3,12,61,80,16,169,22,26,48,217
02/21/2009,SHV,LA,ASW,CE,Combined TRACON& Tower with Radar,10,33,38,0,81,0,0,0,0,0,10,33,38,0,81,14,0,14,95
02/22/2009,SHV,LA,ASW,CE,Combined TRACON& Tower with Radar,12,42,43,2,99,0,0,0,0,0,12,42,43,2,99,16,0,16,115
02/23/2009,SHV,LA,ASW,CE,Combined TRACON& Tower with Radar,8,58,39,6,111,0,2,0,0,2,8,60,39,6,113,12,0,12,125
02/24/2009,SHV,LA,ASW,CE,Combined TRACON& Tower with Radar,12,52,48,2,114,0,1,0,0,1,12,53,48,2,115,0,0,0,115
02/25/2009,SHV,LA,ASW,CE,Combined TRACON& Tower with Radar,14,51,49,2,116,0,0,0,0,0,14,51,49,2,116,24,0,24,140
02/26/2009,SHV,LA,ASW,CE,Combined TRACON& Tower with Radar,14,59,47,1,121,0,1,0,0,1,14,60,47,1,122,0,0,0,122
02/27/2009,SHV,LA,ASW,CE,Combined TRACON& Tower with Radar,16,61,50,3,130,0,2,0,0,2,16,63,50,3,132,8,0,8,140
02/28/2009,SHV,LA,ASW,CE,Combined TRACON& Tower with Radar,9,41,24,0,74,0,1,0,0,1,9,42,24,0,75,0,0,0,75
03/01/2009,SHV,LA,ASW,CE,Combined TRACON& Tower with Radar,9,45,57,4,115,0,3,0,0,3,9,48,57,4,118,12,0,12,130
03/02/2009,SHV,LA,ASW,CE,Combined TRACON& Tower with Radar,9,64,56,27,156,0,3,0,0,3,9,67,56,27,159,36,30,66,225
03/03/2009,SHV,LA,ASW,CE,Combined TRACON& Tower with Radar,17,62,47,18,144,0,0,0,0,0,17,62,47,18,144,12,0,12,156
03/04/2009,SHV,LA,ASW,CE,Combined TRACON& Tower with Radar,16,52,45,0,113,0,0,0,0,0,16,52,45,0,113,10,0,10,123
03/05/2009,SHV,LA,ASW,CE,Combined TRACON& Tower with Radar,16,59,51,5,131,0,4,0,0,4,16,63,51,5,135,8,0,8,143
03/06/2009,SHV,LA,ASW,CE,Combined TRACON& Tower with Radar,13,64,55,9,141,0,0,0,0,0,13,64,55,9,141,24,0,24,165
03/07/2009,SHV,LA,ASW,CE,Combined TRACON& Tower with Radar,11,37,30,15,93,0,0,0,0,0,11,37,30,15,93,18,0,18,111
03/08/2009,SHV,LA,ASW,CE,Combined TRACON& Tower with Radar,12,44,17,6,79,0,1,0,0,1,12,45,17,6,80,11,0,11,91
03/09/2009,SHV,LA,ASW,CE,Combined TRACON& Tower with Radar,10,57,55,0,122,0,0,0,0,0,10,57,55,0,122,8,0,8,130
03/10/2009,SHV,LA,ASW,CE,Combined TRACON& Tower with Radar,17,60,36,5,118,0,0,0,0,0,17,60,36,5,118,0,0,0,118
03/11/2009,SHV,LA,ASW,CE,Combined TRACON& Tower with Radar,14,60,30,1,105,0,0,0,0,0,14,60,30,1,105,0,0,0,105
03/12/2009,SHV,LA,ASW,CE,Combined TRACON& Tower with Radar,15,56,32,6,109,0,0,0,0,0,15,56,32,6,109,0,0,0,109
03/13/2009,SHV,LA,ASW,CE,Combined TRACON& Tower with Radar,10,60,29,0,99,0,0,0,0,0,10,60,29,0,99,0,0,0,99
03/14/2009,SHV,LA,ASW,CE,Combined TRACON& Tower with Radar,8,41,20,0,69,0,0,0,0,0,8,41,20,0,69,0,0,0,69
03/15/2009,SHV,LA,ASW,CE,Combined TRACON& Tower with Radar,9,54,28,2,93,0,0,0,0,0,9,54,28,2,93,41,0,41,134
03/16/2009,SHV,LA,ASW,CE,Combined TRACON& Tower with Radar,8,73,47,9,137,0,0,0,0,0,8,73,47,9,137,20,0,20,157
03/17/2009,SHV,LA,ASW,CE,Combined TRACON& Tower with Radar,14,60,65,5,144,0,0,0,0,0,14,60,65,5,144,14,0,14,158
03/18/2009,SHV,LA,ASW,CE,Combined TRACON& Tower with Radar,18,54,68,11,151,0,0,0,0,0,18,54,68,11,151,64,0,64,215
03/19/2009,SHV,LA,ASW,CE,Combined TRACON& Tower with Radar,19,51,78,11,159,0,0,0,0,0,19,51,78,11,159,16,0,16,175
03/20/2009,SHV,LA,ASW,CE,Combined TRACON& Tower with Radar,12,59,80,39,190,0,0,0,0,0,12,59,80,39,190,26,28,54,244
03/21/2009,SHV,LA,ASW,CE,Combined TRACON& Tower with Radar,13,52,74,5,144,0,1,0,0,1,13,53,74,5,145,46,0,46,191
03/22/2009,SHV,LA,ASW,CE,Combined TRACON& Tower with Radar,8,53,69,14,144,0,1,0,0,1,8,54,69,14,145,48,12,60,205
03/23/2009,SHV,LA,ASW,CE,Combined TRACON& Tower with Radar,11,60,50,4,125,0,1,0,0,1,11,61,50,4,126,0,0,0,126
03/24/2009,SHV,LA,ASW,CE,Combined TRACON& Tower with Radar,12,58,34,12,116,0,0,0,0,0,12,58,34,12,116,0,16,16,132
03/25/2009,SHV,LA,ASW,CE,Combined TRACON& Tower with Radar,24,59,51,6,140,0,0,0,0,0,24,59,51,6,140,44,20,64,204
03/26/2009,SHV,LA,ASW,CE,Combined TRACON& Tower with Radar,15,61,58,2,136,0,0,0,0,0,15,61,58,2,136,16,20,36,172
03/27/2009,SHV,LA,ASW,CE,Combined TRACON& Tower with Radar,13,45,37,2,97,0,0,0,0,0,13,45,37,2,97,0,0,0,97
03/28/2009,SHV,LA,ASW,CE,Combined TRACON& Tower with Radar,7,37,19,6,69,0,1,0,0,1,7,38,19,6,70,0,0,0,70
03/29/2009,SHV,LA,ASW,CE,Combined TRACON& Tower with Radar,8,56,46,4,114,0,0,0,0,0,8,56,46,4,114,14,0,14,128
03/30/2009,SHV,LA,ASW,CE,Combined TRACON& Tower with Radar,7,69,62,9,147,0,0,0,0,0,7,69,62,9,147,10,0,10,157
03/31/2009,SHV,LA,ASW,CE,Combined TRACON& Tower with Radar,12,65,35,13,125,0,0,0,0,0,12,65,35,13,125,0,0,0,125
04/01/2009,SHV,LA,ASW,CE,Combined TRACON& Tower with Radar,16,52,51,2,121,0,0,0,0,0,16,52,51,2,121,2,0,2,123
04/02/2009,SHV,LA,ASW,CE,Combined TRACON& Tower with Radar,16,55,22,0,93,0,1,0,0,1,16,56,22,0,94,0,0,0,94
04/03/2009,SHV,LA,ASW,CE,Combined TRACON& Tower with Radar,10,63,78,53,204,0,0,0,0,0,10,63,78,53,204,24,16,40,244
04/04/2009,SHV,LA,ASW,CE,Combined TRACON& Tower with Radar,11,38,35,16,100,0,2,0,0,2,11,40,35,16,102,18,4,22,124
04/05/2009,SHV,LA,ASW,CE,Combined TRACON& Tower with Radar,11,42,22,20,95,0,0,0,0,0,11,42,22,20,95,0,0,0,95
04/06/2009,SHV,LA,ASW,CE,Combined TRACON& Tower with Radar,10,59,30,6,105,0,0,0,0,0,10,59,30,6,105,4,0,4,109
04/07/2009,SHV,LA,ASW,CE,Combined TRACON& Tower with Radar,12,62,55,0,129,0,0,0,0,0,12,62,55,0,129,10,0,10,139
04/08/2009,SHV,LA,ASW,CE,Combined TRACON& Tower with Radar,22,56,79,6,163,0,1,0,0,1,22,57,79,6,164,46,0,46,210
04/09/2009,SHV,LA,ASW,CE,Combined TRACON& Tower with Radar,19,54,46,2,121,0,0,0,0,0,19,54,46,2,121,36,0,36,157
04/10/2009,SHV,LA,ASW,CE,Combined TRACON& Tower with Radar,14,59,79,17,169,0,0,0,0,0,14,59,79,17,169,109,16,125,294
04/11/2009,SHV,LA,ASW,CE,Combined TRACON& Tower with Radar,17,37,43,2,99,0,0,0,0,0,17,37,43,2,99,68,0,68,167
04/12/2009,SHV,LA,ASW,CE,Combined TRACON& Tower with Radar,14,39,34,0,87,0,0,0,0,0,14,39,34,0,87,0,0,0,87
04/13/2009,SHV,LA,ASW,CE,Combined TRACON& Tower with Radar,14,50,27,22,113,0,2,0,0,2,14,52,27,22,115,2,16,18,133
04/14/2009,SHV,LA,ASW,CE,Combined TRACON& Tower with Radar,14,56,42,0,112,0,0,0,0,0,14,56,42,0,112,10,0,10,122
04/15/2009,SHV,LA,ASW,CE,Combined TRACON& Tower with Radar,18,55,95,11,179,0,0,0,0,0,18,55,95,11,179,30,2,32,211
04/16/2009,SHV,LA,ASW,CE,Combined TRACON& Tower with Radar,20,58,57,2,137,0,2,0,0,2,20,60,57,2,139,10,0,10,149
04/17/2009,SHV,LA,ASW,CE,Combined TRACON& Tower with Radar,17,35,30,0,82,0,0,0,0,0,17,35,30,0,82,14,0,14,96
04/18/2009,SHV,LA,ASW,CE,Combined TRACON& Tower with Radar,13,32,23,0,68,0,0,0,0,0,13,32,23,0,68,18,0,18,86
04/19/2009,SHV,LA,ASW,CE,Combined TRACON& Tower with Radar,14,50,44,6,114,0,0,0,0,0,14,50,44,6,114,14,2,16,130
04/20/2009,SHV,LA,ASW,CE,Combined TRACON& Tower with Radar,14,61,69,15,159,0,0,0,0,0,14,61,69,15,159,30,28,58,217
04/21/2009,SHV,LA,ASW,CE,Combined TRACON& Tower with Radar,18,49,82,10,159,0,0,0,0,0,18,49,82,10,159,36,0,36,195
04/22/2009,SHV,LA,ASW,CE,Combined TRACON& Tower with Radar,17,56,42,19,134,0,3,0,0,3,17,59,42,19,137,6,22,28,165
04/23/2009,SHV,LA,ASW,CE,Combined TRACON& Tower with Radar,16,62,70,30,178,0,0,0,0,0,16,62,70,30,178,0,6,6,184
04/24/2009,SHV,LA,ASW,CE,Combined TRACON& Tower with Radar,14,69,35,33,151,0,1,0,0,1,14,70,35,33,152,8,10,18,170
04/25/2009,SHV,LA,ASW,CE,Combined TRACON& Tower with Radar,17,34,26,11,88,0,0,0,0,0,17,34,26,11,88,4,0,4,92
04/26/2009,SHV,LA,ASW,CE,Combined TRACON& Tower with Radar,12,45,39,10,106,0,0,0,0,0,12,45,39,10,106,0,0,0,106
04/27/2009,SHV,LA,ASW,CE,Combined TRACON& Tower with Radar,12,55,29,0,96,0,0,0,0,0,12,55,29,0,96,0,0,0,96
04/28/2009,SHV,LA,ASW,CE,Combined TRACON& Tower with Radar,15,60,38,4,117,0,1,0,0,1,15,61,38,4,118,0,0,0,118
04/29/2009,SHV,LA,ASW,CE,Combined TRACON& Tower with Radar,16,64,45,14,139,0,0,0,0,0,16,64,45,14,139,8,20,28,167
04/30/2009,SHV,LA,ASW,CE,Combined TRACON& Tower with Radar,20,61,58,9,148,0,0,0,0,0,20,61,58,9,148,8,16,24,172
05/01/2009,SHV,LA,ASW,CE,Combined TRACON& Tower with Radar,14,55,44,36,149,0,0,0,0,0,14,55,44,36,149,2,26,28,177
05/02/2009,SHV,LA,ASW,CE,Combined TRACON& Tower with Radar,11,35,33,4,83,0,1,0,0,1,11,36,33,4,84,2,0,2,86
05/03/2009,SHV,LA,ASW,CE,Combined TRACON& Tower with Radar,8,37,32,5,82,0,3,0,0,3,8,40,32,5,85,0,0,0,85
05/04/2009,SHV,LA,ASW,CE,Combined TRACON& Tower with Radar,13,46,46,13,118,0,1,0,0,1,13,47,46,13,119,15,0,15,134
05/05/2009,SHV,LA,ASW,CE,Combined TRACON& Tower with Radar,19,46,43,4,112,0,1,0,0,1,19,47,43,4,113,26,0,26,139
05/06/2009,SHV,LA,ASW,CE,Combined TRACON& Tower with Radar,20,53,38,0,111,0,0,0,0,0,20,53,38,0,111,0,0,0,111
05/07/2009,SHV,LA,ASW,CE,Combined TRACON& Tower with Radar,22,39,70,21,152,0,0,0,0,0,22,39,70,21,152,0,4,4,156
05/08/2009,SHV,LA,ASW,CE,Combined TRACON& Tower with Radar,16,52,73,9,150,0,0,1,0,1,16,52,74,9,151,0,22,22,173
05/09/2009,SHV,LA,ASW,CE,Combined TRACON& Tower with Radar,16,37,34,0,87,0,2,0,0,2,16,39,34,0,89,0,0,0,89
05/10/2009,SHV,LA,ASW,CE,Combined TRACON& Tower with Radar,13,38,36,5,92,0,0,0,0,0,13,38,36,5,92,0,0,0,92
05/11/2009,SHV,LA,ASW,CE,Combined TRACON& Tower with Radar,9,48,67,0,124,0,0,0,0,0,9,48,67,0,124,0,0,0,124
05/12/2009,SHV,LA,ASW,CE,Combined TRACON& Tower with Radar,18,46,53,2,119,0,0,0,0,0,18,46,53,2,119,12,0,12,131
05/13/2009,SHV,LA,ASW,CE,Combined TRACON& Tower with Radar,19,53,62,4,138,0,1,0,0,1,19,54,62,4,139,0,0,0,139
05/14/2009,SHV,LA,ASW,CE,Combined TRACON& Tower with Radar,22,50,53,0,125,0,0,0,0,0,22,50,53,0,125,0,0,0,125
05/15/2009,SHV,LA,ASW,CE,Combined TRACON& Tower with Radar,14,44,58,19,135,0,2,0,0,2,14,46,58,19,137,6,12,18,155
05/16/2009,SHV,LA,ASW,CE,Combined TRACON& Tower with Radar,22,29,39,2,92,0,0,0,0,0,22,29,39,2,92,34,0,34,126
05/17/2009,SHV,LA,ASW,CE,Combined TRACON& Tower with Radar,14,34,41,15,104,0,1,0,0,1,14,35,41,15,105,10,12,22,127
05/18/2009,SHV,LA,ASW,CE,Combined TRACON& Tower with Radar,14,48,59,5,126,0,0,0,0,0,14,48,59,5,126,40,6,46,172
05/19/2009,SHV,LA,ASW,CE,Combined TRACON& Tower with Radar,22,49,69,10,150,0,1,0,0,1,22,50,69,10,151,26,0,26,177
05/20/2009,SHV,LA,ASW,CE,Combined TRACON& Tower with Radar,20,55,85,11,171,0,0,0,0,0,20,55,85,11,171,20,0,20,191
05/21/2009,SHV,LA,ASW,CE,Combined TRACON& Tower with Radar,22,48,57,12,139,0,0,0,0,0,22,48,57,12,139,6,8,14,153
05/22/2009,SHV,LA,ASW,CE,Combined TRACON& Tower with Radar,20,47,47,5,119,0,1,0,0,1,20,48,47,5,120,0,0,0,120
05/23/2009,SHV,LA,ASW,CE,Combined TRACON& Tower with Radar,20,36,29,0,85,0,0,0,0,0,20,36,29,0,85,0,0,0,85
05/24/2009,SHV,LA,ASW,CE,Combined TRACON& Tower with Radar,11,29,21,2,63,0,0,0,0,0,11,29,21,2,63,10,0,10,73
05/25/2009,SHV,LA,ASW,CE,Combined TRACON& Tower with Radar,16,34,38,0,88,0,0,0,0,0,16,34,38,0,88,22,0,22,110
05/26/2009,SHV,LA,ASW,CE,Combined TRACON& Tower with Radar,21,45,41,2,109,0,1,0,0,1,21,46,41,2,110,0,0,0,110
05/27/2009,SHV,LA,ASW,CE,Combined TRACON& Tower with Radar,24,48,68,3,143,0,1,0,0,1,24,49,68,3,144,20,0,20,164
05/28/2009,SHV,LA,ASW,CE,Combined TRACON& Tower with Radar,26,49,49,5,129,0,0,0,0,0,26,49,49,5,129,2,34,36,165
05/29/2009,SHV,LA,ASW,CE,Combined TRACON& Tower with Radar,23,48,87,25,183,0,0,0,0,0,23,48,87,25,183,22,14,36,219
05/30/2009,SHV,LA,ASW,CE,Combined TRACON& Tower with Radar,12,31,48,10,101,0,0,0,0,0,12,31,48,10,101,0,8,8,109
05/31/2009,SHV,LA,ASW,CE,Combined TRACON& Tower with Radar,12,41,80,2,135,0,0,0,0,0,12,41,80,2,135,20,0,20,155
06/01/2009,SHV,LA,ASW,CE,Combined TRACON& Tower with Radar,16,43,45,0,104,0,0,0,0,0,16,43,45,0,104,42,0,42,146
06/02/2009,SHV,LA,ASW,CE,Combined TRACON& Tower with Radar,22,51,51,5,129,0,0,0,0,0,22,51,51,5,129,26,0,26,155
06/03/2009,SHV,LA,ASW,CE,Combined TRACON& Tower with Radar,20,42,57,2,121,0,2,0,0,2,20,44,57,2,123,0,0,0,123
06/04/2009,SHV,LA,ASW,CE,Combined TRACON& Tower with Radar,24,51,60,3,138,0,0,0,0,0,24,51,60,3,138,14,0,14,152
06/05/2009,SHV,LA,ASW,CE,Combined TRACON& Tower with Radar,24,47,82,29,182,0,3,0,0,3,24,50,82,29,185,14,14,28,213
06/06/2009,SHV,LA,ASW,CE,Combined TRACON& Tower with Radar,18,34,65,37,154,0,4,0,0,4,18,38,65,37,158,18,12,30,188
06/07/2009,SHV,LA,ASW,CE,Combined TRACON& Tower with Radar,18,36,53,10,117,0,0,0,0,0,18,36,53,10,117,4,2,6,123
06/08/2009,SHV,LA,ASW,CE,Combined TRACON& Tower with Radar,20,43,47,20,130,0,0,0,0,0,20,43,47,20,130,18,8,26,156
06/09/2009,SHV,LA,ASW,CE,Combined TRACON& Tower with Radar,20,49,48,9,126,0,0,0,0,0,20,49,48,9,126,16,8,24,150
06/10/2009,SHV,LA,ASW,CE,Combined TRACON& Tower with Radar,25,49,58,15,147,0,0,0,0,0,25,49,58,15,147,12,4,16,163
06/11/2009,SHV,LA,ASW,CE,Combined TRACON& Tower with Radar,12,45,35,3,95,0,0,0,0,0,12,45,35,3,95,4,0,4,99
06/12/2009,SHV,LA,ASW,CE,Combined TRACON& Tower with Radar,23,64,71,4,162,0,1,0,0,1,23,65,71,4,163,4,0,4,167
06/13/2009,SHV,LA,ASW,CE,Combined TRACON& Tower with Radar,15,35,55,3,108,0,1,0,0,1,15,36,55,3,109,32,0,32,141
06/14/2009,SHV,LA,ASW,CE,Combined TRACON& Tower with Radar,15,44,54,7,120,0,1,0,0,1,15,45,54,7,121,20,0,20,141
06/15/2009,SHV,LA,ASW,CE,Combined TRACON& Tower with Radar,18,48,26,3,95,0,1,0,0,1,18,49,26,3,96,12,2,14,110
06/16/2009,SHV,LA,ASW,CE,Combined TRACON& Tower with Radar,16,49,63,7,135,0,2,0,0,2,16,51,63,7,137,22,2,24,161
06/17/2009,SHV,LA,ASW,CE,Combined TRACON& Tower with Radar,20,45,54,4,123,0,1,0,0,1,20,46,54,4,124,24,4,28,152
06/18/2009,SHV,LA,ASW,CE,Combined TRACON& Tower with Radar,22,46,52,4,124,0,0,0,0,0,22,46,52,4,124,4,4,8,132
06/19/2009,SHV,LA,ASW,CE,Combined TRACON& Tower with Radar,22,61,33,2,118,0,0,0,0,0,22,61,33,2,118,44,0,44,162
06/20/2009,SHV,LA,ASW,CE,Combined TRACON& Tower with Radar,16,41,43,44,144,0,0,0,0,0,16,41,43,44,144,36,28,64,208
06/21/2009,SHV,LA,ASW,CE,Combined TRACON& Tower with Radar,20,44,34,4,102,0,0,0,0,0,20,44,34,4,102,0,0,0,102
06/22/2009,SHV,LA,ASW,CE,Combined TRACON& Tower with Radar,16,48,45,6,115,0,2,0,0,2,16,50,45,6,117,30,20,50,167
06/23/2009,SHV,LA,ASW,CE,Combined TRACON& Tower with Radar,15,51,55,2,123,0,1,0,0,1,15,52,55,2,124,0,2,2,126
06/24/2009,SHV,LA,ASW,CE,Combined TRACON& Tower with Radar,22,48,65,0,135,0,1,0,0,1,22,49,65,0,136,0,0,0,136
06/25/2009,SHV,LA,ASW,CE,Combined TRACON& Tower with Radar,12,52,69,5,138,0,0,0,0,0,12,52,69,5,138,34,0,34,172
06/26/2009,SHV,LA,ASW,CE,Combined TRACON& Tower with Radar,19,50,59,13,141,0,0,0,0,0,19,50,59,13,141,22,0,22,163
06/27/2009,SHV,LA,ASW,CE,Combined TRACON& Tower with Radar,12,36,57,22,127,0,0,0,0,0,12,36,57,22,127,30,34,64,191
06/28/2009,SHV,LA,ASW,CE,Combined TRACON& Tower with Radar,18,37,30,9,94,0,1,0,0,1,18,38,30,9,95,14,0,14,109
06/29/2009,SHV,LA,ASW,CE,Combined TRACON& Tower with Radar,16,47,27,0,90,0,0,0,0,0,16,47,27,0,90,10,0,10,100
06/30/2009,SHV,LA,ASW,CE,Combined TRACON& Tower with Radar,14,51,65,3,133,0,0,0,0,0,14,51,65,3,133,42,0,42,175
07/01/2009,SHV,LA,ASW,CE,Combined TRACON& Tower with Radar,16,49,60,4,129,0,0,0,0,0,16,49,60,4,129,4,0,4,133
07/02/2009,SHV,LA,ASW,CE,Combined TRACON& Tower with Radar,18,59,60,4,141,0,1,0,0,1,18,60,60,4,142,0,0,0,142
07/03/2009,SHV,LA,ASW,CE,Combined TRACON& Tower with Radar,18,47,32,0,97,0,0,0,0,0,18,47,32,0,97,6,0,6,103
07/04/2009,SHV,LA,ASW,CE,Combined TRACON& Tower with Radar,10,24,16,0,50,0,0,0,0,0,10,24,16,0,50,0,0,0,50
07/05/2009,SHV,LA,ASW,CE,Combined TRACON& Tower with Radar,18,44,22,0,84,0,0,0,0,0,18,44,22,0,84,0,0,0,84
07/06/2009,SHV,LA,ASW,CE,Combined TRACON& Tower with Radar,17,47,31,2,97,0,0,0,0,0,17,47,31,2,97,0,0,0,97
07/07/2009,SHV,LA,ASW,CE,Combined TRACON& Tower with Radar,31,52,46,5,134,0,0,0,0,0,31,52,46,5,134,0,0,0,134
07/08/2009,SHV,LA,ASW,CE,Combined TRACON& Tower with Radar,20,49,43,3,115,0,0,0,0,0,20,49,43,3,115,0,0,0,115
07/09/2009,SHV,LA,ASW,CE,Combined TRACON& Tower with Radar,17,53,49,10,129,0,1,0,0,1,17,54,49,10,130,0,10,10,140
07/10/2009,SHV,LA,ASW,CE,Combined TRACON& Tower with Radar,24,53,41,21,139,0,0,0,0,0,24,53,41,21,139,16,12,28,167
07/11/2009,SHV,LA,ASW,CE,Combined TRACON& Tower with Radar,14,36,45,37,132,0,0,0,0,0,14,36,45,37,132,14,0,14,146
07/12/2009,SHV,LA,ASW,CE,Combined TRACON& Tower with Radar,17,38,32,15,102,0,0,0,0,0,17,38,32,15,102,8,18,26,128
07/13/2009,SHV,LA,ASW,CE,Combined TRACON& Tower with Radar,18,44,64,13,139,0,0,0,0,0,18,44,64,13,139,10,30,40,179
07/14/2009,SHV,LA,ASW,CE,Combined TRACON& Tower with Radar,20,54,42,1,117,0,2,0,0,2,20,56,42,1,119,0,0,0,119
07/15/2009,SHV,LA,ASW,CE,Combined TRACON& Tower with Radar,20,53,63,0,136,0,0,0,0,0,20,53,63,0,136,0,0,0,136
07/16/2009,SHV,LA,ASW,CE,Combined TRACON& Tower with Radar,18,49,67,22,156,0,1,0,0,1,18,50,67,22,157,0,14,14,171
07/17/2009,SHV,LA,ASW,CE,Combined TRACON& Tower with Radar,23,49,44,8,124,0,0,1,0,1,23,49,45,8,125,2,18,20,145
07/18/2009,SHV,LA,ASW,CE,Combined TRACON& Tower with Radar,16,34,35,11,96,0,0,0,0,0,16,34,35,11,96,16,14,30,126
07/19/2009,SHV,LA,ASW,CE,Combined TRACON& Tower with Radar,23,39,35,4,101,0,0,0,0,0,23,39,35,4,101,6,52,58,159
07/20/2009,SHV,LA,ASW,CE,Combined TRACON& Tower with Radar,19,49,39,3,110,0,0,0,0,0,19,49,39,3,110,0,12,12,122
07/21/2009,SHV,LA,ASW,CE,Combined TRACON& Tower with Radar,18,55,34,5,112,0,2,0,0,2,18,57,34,5,114,0,0,0,114
07/22/2009,SHV,LA,ASW,CE,Combined TRACON& Tower with Radar,20,52,35,18,125,0,1,0,0,1,20,53,35,18,126,6,0,6,132
07/23/2009,SHV,LA,ASW,CE,Combined TRACON& Tower with Radar,22,55,48,7,132,0,0,0,0,0,22,55,48,7,132,0,6,6,138
07/24/2009,SHV,LA,ASW,CE,Combined TRACON& Tower with Radar,22,55,62,21,160,0,0,0,0,0,22,55,62,21,160,10,0,10,170
07/25/2009,SHV,LA,ASW,CE,Combined TRACON& Tower with Radar,18,41,48,16,123,0,0,0,0,0,18,41,48,16,123,12,30,42,165
07/26/2009,SHV,LA,ASW,CE,Combined TRACON& Tower with Radar,15,47,37,6,105,0,0,0,0,0,15,47,37,6,105,4,0,4,109
07/27/2009,SHV,LA,ASW,CE,Combined TRACON& Tower with Radar,18,43,26,2,89,0,0,0,0,0,18,43,26,2,89,0,0,0,89
07/28/2009,SHV,LA,ASW,CE,Combined TRACON& Tower with Radar,18,44,28,0,90,0,0,0,0,0,18,44,28,0,90,0,0,0,90
07/29/2009,SHV,LA,ASW,CE,Combined TRACON& Tower with Radar,21,43,43,4,111,0,0,0,0,0,21,43,43,4,111,0,0,0,111
07/30/2009,SHV,LA,ASW,CE,Combined TRACON& Tower with Radar,18,47,36,6,107,0,1,0,0,1,18,48,36,6,108,0,0,0,108
07/31/2009,SHV,LA,ASW,CE,Combined TRACON& Tower with Radar,20,43,46,18,127,0,0,0,0,0,20,43,46,18,127,26,0,26,153
08/01/2009,SHV,LA,ASW,CE,Combined TRACON& Tower with Radar,14,36,21,1,72,0,0,0,0,0,14,36,21,1,72,0,0,0,72
08/02/2009,SHV,LA,ASW,CE,Combined TRACON& Tower with Radar,16,39,34,6,95,0,0,0,0,0,16,39,34,6,95,4,0,4,99
08/03/2009,SHV,LA,ASW,CE,Combined TRACON& Tower with Radar,15,51,46,3,115,0,0,0,0,0,15,51,46,3,115,0,0,0,115
08/04/2009,SHV,LA,ASW,CE,Combined TRACON& Tower with Radar,14,50,77,3,144,0,1,0,0,1,14,51,77,3,145,6,0,6,151
08/05/2009,SHV,LA,ASW,CE,Combined TRACON& Tower with Radar,24,51,51,2,128,0,0,0,0,0,24,51,51,2,128,0,0,0,128
08/06/2009,SHV,LA,ASW,CE,Combined TRACON& Tower with Radar,17,49,65,6,137,0,0,0,0,0,17,49,65,6,137,0,6,6,143
08/07/2009,SHV,LA,ASW,CE,Combined TRACON& Tower with Radar,18,47,60,13,138,0,1,0,0,1,18,48,60,13,139,2,16,18,157
08/08/2009,SHV,LA,ASW,CE,Combined TRACON& Tower with Radar,14,39,38,0,91,0,0,0,0,0,14,39,38,0,91,0,0,0,91
08/09/2009,SHV,LA,ASW,CE,Combined TRACON& Tower with Radar,16,40,29,11,96,0,0,0,0,0,16,40,29,11,96,16,0,16,112
08/10/2009,SHV,LA,ASW,CE,Combined TRACON& Tower with Radar,14,52,37,6,109,0,1,0,0,1,14,53,37,6,110,0,0,0,110
08/11/2009,SHV,LA,ASW,CE,Combined TRACON& Tower with Radar,16,47,51,5,119,0,1,0,0,1,16,48,51,5,120,0,0,0,120
08/12/2009,SHV,LA,ASW,CE,Combined TRACON& Tower with Radar,22,41,40,2,105,0,1,0,0,1,22,42,40,2,106,0,0,0,106
08/13/2009,SHV,LA,ASW,CE,Combined TRACON& Tower with Radar,18,45,52,2,117,0,2,0,0,2,18,47,52,2,119,4,0,4,123
08/14/2009,SHV,LA,ASW,CE,Combined TRACON& Tower with Radar,15,48,37,6,106,0,0,0,0,0,15,48,37,6,106,4,0,4,110
08/15/2009,SHV,LA,ASW,CE,Combined TRACON& Tower with Radar,13,44,25,3,85,0,3,0,0,3,13,47,25,3,88,0,0,0,88
08/16/2009,SHV,LA,ASW,CE,Combined TRACON& Tower with Radar,14,41,38,10,103,0,0,0,0,0,14,41,38,10,103,0,0,0,103
08/17/2009,SHV,LA,ASW,CE,Combined TRACON& Tower with Radar,10,49,50,6,115,0,0,0,0,0,10,49,50,6,115,6,0,6,121
08/18/2009,SHV,LA,ASW,CE,Combined TRACON& Tower with Radar,16,50,42,2,110,0,0,0,0,0,16,50,42,2,110,0,0,0,110
08/19/2009,SHV,LA,ASW,CE,Combined TRACON& Tower with Radar,16,55,46,6,123,0,0,0,0,0,16,55,46,6,123,0,0,0,123
08/20/2009,SHV,LA,ASW,CE,Combined TRACON& Tower with Radar,22,52,59,3,136,0,0,0,0,0,22,52,59,3,136,22,0,22,158
08/21/2009,SHV,LA,ASW,CE,Combined TRACON& Tower with Radar,14,46,45,5,110,0,0,0,0,0,14,46,45,5,110,6,0,6,116
08/22/2009,SHV,LA,ASW,CE,Combined TRACON& Tower with Radar,13,30,41,8,92,0,0,0,0,0,13,30,41,8,92,0,34,34,126
08/23/2009,SHV,LA,ASW,CE,Combined TRACON& Tower with Radar,16,40,46,17,119,0,0,0,0,0,16,40,46,17,119,0,10,10,129
08/24/2009,SHV,LA,ASW,CE,Combined TRACON& Tower with Radar,11,52,36,0,99,0,0,0,0,0,11,52,36,0,99,18,0,18,117
08/25/2009,SHV,LA,ASW,CE,Combined TRACON& Tower with Radar,18,50,38,0,106,0,0,0,0,0,18,50,38,0,106,18,0,18,124
08/26/2009,SHV,LA,ASW,CE,Combined TRACON& Tower with Radar,16,48,52,4,120,0,4,0,0,4,16,52,52,4,124,0,0,0,124
08/27/2009,SHV,LA,ASW,CE,Combined TRACON& Tower with Radar,20,51,42,7,120,0,0,0,0,0,20,51,42,7,120,0,0,0,120
08/28/2009,SHV,LA,ASW,CE,Combined TRACON& Tower with Radar,20,44,40,1,105,0,1,0,0,1,20,45,40,1,106,12,0,12,118
08/29/2009,SHV,LA,ASW,CE,Combined TRACON& Tower with Radar,14,32,36,0,82,0,1,0,0,1,14,33,36,0,83,14,0,14,97
08/30/2009,SHV,LA,ASW,CE,Combined TRACON& Tower with Radar,16,34,29,2,81,0,0,0,0,0,16,34,29,2,81,0,0,0,81
08/31/2009,SHV,LA,ASW,CE,Combined TRACON& Tower with Radar,15,51,59,2,127,0,5,0,0,5,15,56,59,2,132,6,0,6,138
09/01/2009,SHV,LA,ASW,CE,Combined TRACON& Tower with Radar,17,50,43,2,112,0,2,0,0,2,17,52,43,2,114,0,0,0,114
09/02/2009,SHV,LA,ASW,CE,Combined TRACON& Tower with Radar,22,55,42,1,120,0,0,0,0,0,22,55,42,1,120,16,0,16,136
09/03/2009,SHV,LA,ASW,CE,Combined TRACON& Tower with Radar,22,47,23,0,92,0,0,0,0,0,22,47,23,0,92,16,0,16,108
09/04/2009,SHV,LA,ASW,CE,Combined TRACON& Tower with Radar,20,48,36,2,106,0,0,0,0,0,20,48,36,2,106,0,0,0,106
09/05/2009,SHV,LA,ASW,CE,Combined TRACON& Tower with Radar,14,39,24,1,78,0,2,0,0,2,14,41,24,1,80,0,0,0,80
09/06/2009,SHV,LA,ASW,CE,Combined TRACON& Tower with Radar,13,29,21,3,66,0,0,0,0,0,13,29,21,3,66,14,0,14,80
09/07/2009,SHV,LA,ASW,CE,Combined TRACON& Tower with Radar,8,49,41,5,103,0,0,0,0,0,8,49,41,5,103,0,0,0,103
09/08/2009,SHV,LA,ASW,CE,Combined TRACON& Tower with Radar,17,45,45,2,109,0,0,0,0,0,17,45,45,2,109,0,0,0,109
09/09/2009,SHV,LA,ASW,CE,Combined TRACON& Tower with Radar,20,43,39,4,106,0,1,0,0,1,20,44,39,4,107,0,0,0,107
09/10/2009,SHV,LA,ASW,CE,Combined TRACON& Tower with Radar,25,46,44,2,117,0,3,0,0,3,25,49,44,2,120,0,0,0,120
09/11/2009,SHV,LA,ASW,CE,Combined TRACON& Tower with Radar,20,61,52,6,139,0,0,0,0,0,20,61,52,6,139,0,0,0,139
09/12/2009,SHV,LA,ASW,CE,Combined TRACON& Tower with Radar,14,31,15,0,60,0,0,0,0,0,14,31,15,0,60,0,0,0,60
09/13/2009,SHV,LA,ASW,CE,Combined TRACON& Tower with Radar,19,44,27,5,95,0,0,0,0,0,19,44,27,5,95,0,0,0,95
09/14/2009,SHV,LA,ASW,CE,Combined TRACON& Tower with Radar,14,47,29,1,91,0,0,0,0,0,14,47,29,1,91,0,0,0,91
09/15/2009,SHV,LA,ASW,CE,Combined TRACON& Tower with Radar,28,52,52,0,132,0,0,0,0,0,28,52,52,0,132,0,0,0,132
09/16/2009,SHV,LA,ASW,CE,Combined TRACON& Tower with Radar,15,56,36,6,113,0,0,0,0,0,15,56,36,6,113,0,0,0,113
09/17/2009,SHV,LA,ASW,CE,Combined TRACON& Tower with Radar,20,54,51,2,127,0,0,0,0,0,20,54,51,2,127,2,0,2,129
09/18/2009,SHV,LA,ASW,CE,Combined TRACON& Tower with Radar,19,70,50,4,143,0,1,0,0,1,19,71,50,4,144,0,0,0,144
09/19/2009,SHV,LA,ASW,CE,Combined TRACON& Tower with Radar,13,33,29,1,76,0,1,0,0,1,13,34,29,1,77,0,0,0,77
09/20/2009,SHV,LA,ASW,CE,Combined TRACON& Tower with Radar,17,43,30,1,91,0,7,10,0,17,17,50,40,1,108,0,0,0,108
09/21/2009,SHV,LA,ASW,CE,Combined TRACON& Tower with Radar,13,45,22,0,80,0,1,13,2,16,13,46,35,2,96,4,0,4,100
09/22/2009,SHV,LA,ASW,CE,Combined TRACON& Tower with Radar,19,47,22,2,90,0,0,4,1,5,19,47,26,3,95,10,0,10,105
09/23/2009,SHV,LA,ASW,CE,Combined TRACON& Tower with Radar,16,44,41,4,105,0,2,8,3,13,16,46,49,7,118,7,0,7,125
09/24/2009,SHV,LA,ASW,CE,Combined TRACON& Tower with Radar,22,57,35,2,116,0,1,2,0,3,22,58,37,2,119,8,0,8,127
09/25/2009,SHV,LA,ASW,CE,Combined TRACON& Tower with Radar,19,54,37,5,115,0,1,15,2,18,19,55,52,7,133,0,0,0,133
09/26/2009,SHV,LA,ASW,CE,Combined TRACON& Tower with Radar,19,30,27,2,78,0,0,12,4,16,19,30,39,6,94,4,0,4,98
09/27/2009,SHV,LA,ASW,CE,Combined TRACON& Tower with Radar,17,40,25,7,89,0,2,25,7,34,17,42,50,14,123,12,16,28,151
09/28/2009,SHV,LA,ASW,CE,Combined TRACON& Tower with Radar,14,45,34,0,93,0,7,19,1,27,14,52,53,1,120,14,0,14,134
09/29/2009,SHV,LA,ASW,CE,Combined TRACON& Tower with Radar,18,49,21,0,88,0,2,12,0,14,18,51,33,0,102,0,0,0,102
09/30/2009,SHV,LA,ASW,CE,Combined TRACON& Tower with Radar,18,44,52,0,114,0,3,25,3,31,18,47,77,3,145,0,0,0,145
10/01/2009,SHV,LA,ASW,CE,Combined TRACON& Tower with Radar,20,50,39,1,110,0,3,10,1,14,20,53,49,2,124,11,0,11,135
10/02/2009,SHV,LA,ASW,CE,Combined TRACON& Tower with Radar,18,58,33,0,109,0,2,22,0,24,18,60,55,0,133,8,0,8,141
10/03/2009,SHV,LA,ASW,CE,Combined TRACON& Tower with Radar,14,35,20,5,74,0,3,14,3,20,14,38,34,8,94,0,18,18,112
10/04/2009,SHV,LA,ASW,CE,Combined TRACON& Tower with Radar,14,46,21,2,83,0,0,0,0,0,14,46,21,2,83,0,0,0,83
10/05/2009,SHV,LA,ASW,CE,Combined TRACON& Tower with Radar,12,53,24,2,91,0,0,4,0,4,12,53,28,2,95,0,0,0,95
10/06/2009,SHV,LA,ASW,CE,Combined TRACON& Tower with Radar,12,58,21,2,93,0,0,2,0,2,12,58,23,2,95,0,0,0,95
10/07/2009,SHV,LA,ASW,CE,Combined TRACON& Tower with Radar,18,55,19,0,92,0,0,8,0,8,18,55,27,0,100,0,0,0,100
10/08/2009,SHV,LA,ASW,CE,Combined TRACON& Tower with Radar,22,58,39,0,119,0,0,7,1,8,22,58,46,1,127,0,0,0,127
10/09/2009,SHV,LA,ASW,CE,Combined TRACON& Tower with Radar,10,66,8,2,86,0,0,1,0,1,10,66,9,2,87,0,0,0,87
10/10/2009,SHV,LA,ASW,CE,Combined TRACON& Tower with Radar,12,37,40,0,89,0,0,0,0,0,12,37,40,0,89,0,0,0,89
10/11/2009,SHV,LA,ASW,CE,Combined TRACON& Tower with Radar,14,43,41,0,98,0,1,1,0,2,14,44,42,0,100,0,0,0,100
10/12/2009,SHV,LA,ASW,CE,Combined TRACON& Tower with Radar,10,62,33,0,105,0,0,0,0,0,10,62,33,0,105,0,0,0,105
10/13/2009,SHV,LA,ASW,CE,Combined TRACON& Tower with Radar,12,34,43,0,89,0,0,4,0,4,12,34,47,0,93,0,0,0,93
10/14/2009,SHV,LA,ASW,CE,Combined TRACON& Tower with Radar,24,55,49,2,130,0,0,0,0,0,24,55,49,2,130,0,0,0,130
10/15/2009,SHV,LA,ASW,CE,Combined TRACON& Tower with Radar,19,51,31,3,104,0,0,4,0,4,19,51,35,3,108,0,8,8,116
10/16/2009,SHV,LA,ASW,CE,Combined TRACON& Tower with Radar,17,55,45,2,119,0,2,17,2,21,17,57,62,4,140,18,0,18,158
10/17/2009,SHV,LA,ASW,CE,Combined TRACON& Tower with Radar,11,30,16,1,58,0,1,12,0,13,11,31,28,1,71,0,10,10,81
10/18/2009,SHV,LA,ASW,CE,Combined TRACON& Tower with Radar,14,44,17,3,78,0,5,20,2,27,14,49,37,5,105,4,0,4,109
10/19/2009,SHV,LA,ASW,CE,Combined TRACON& Tower with Radar,14,46,25,2,87,0,1,28,1,30,14,47,53,3,117,22,0,22,139
10/20/2009,SHV,LA,ASW,CE,Combined TRACON& Tower with Radar,18,53,39,10,120,0,2,19,0,21,18,55,58,10,141,52,8,60,201
10/21/2009,SHV,LA,ASW,CE,Combined TRACON& Tower with Radar,16,49,38,5,108,0,0,10,0,10,16,49,48,5,118,0,8,8,126
10/22/2009,SHV,LA,ASW,CE,Combined TRACON& Tower with Radar,20,61,29,1,111,0,0,1,1,2,20,61,30,2,113,0,0,0,113
10/23/2009,SHV,LA,ASW,CE,Combined TRACON& Tower with Radar,16,60,46,1,123,0,3,18,2,23,16,63,64,3,146,0,0,0,146
10/24/2009,SHV,LA,ASW,CE,Combined TRACON& Tower with Radar,15,36,39,6,96,0,5,50,4,59,15,41,89,10,155,202,16,218,373
10/25/2009,SHV,LA,ASW,CE,Combined TRACON& Tower with Radar,14,43,41,0,98,0,8,54,0,62,14,51,95,0,160,96,0,96,256
10/26/2009,SHV,LA,ASW,CE,Combined TRACON& Tower with Radar,8,52,24,0,84,0,0,0,0,0,8,52,24,0,84,0,0,0,84
10/27/2009,SHV,LA,ASW,CE,Combined TRACON& Tower with Radar,21,50,26,4,101,0,0,4,0,4,21,50,30,4,105,16,0,16,121
10/28/2009,SHV,LA,ASW,CE,Combined TRACON& Tower with Radar,16,65,48,2,131,0,2,17,0,19,16,67,65,2,150,52,0,52,202
10/29/2009,SHV,LA,ASW,CE,Combined TRACON& Tower with Radar,11,36,25,0,72,0,0,0,0,0,11,36,25,0,72,0,0,0,72
10/30/2009,SHV,LA,ASW,CE,Combined TRACON& Tower with Radar,17,56,34,8,115,0,0,16,0,16,17,56,50,8,131,0,0,0,131
10/31/2009,SHV,LA,ASW,CE,Combined TRACON& Tower with Radar,14,36,19,0,69,0,3,28,6,37,14,39,47,6,106,168,0,168,274
11/01/2009,SHV,LA,ASW,CE,Combined TRACON& Tower with Radar,16,49,27,0,92,0,3,38,2,43,16,52,65,2,135,138,0,138,273
11/02/2009,SHV,LA,ASW,CE,Combined TRACON& Tower with Radar,14,53,27,6,100,0,2,31,2,35,14,55,58,8,135,6,0,6,141
11/03/2009,SHV,LA,ASW,CE,Combined TRACON& Tower with Radar,16,53,32,2,103,0,3,22,0,25,16,56,54,2,128,4,0,4,132
11/04/2009,SHV,LA,ASW,CE,Combined TRACON& Tower with Radar,16,49,22,8,95,0,2,38,0,40,16,51,60,8,135,68,0,68,203
11/05/2009,SHV,LA,ASW,CE,Combined TRACON& Tower with Radar,18,53,42,6,119,0,4,30,2,36,18,57,72,8,155,82,0,82,237
11/06/2009,SHV,LA,ASW,CE,Combined TRACON& Tower with Radar,16,61,39,0,116,0,2,82,2,86,16,63,121,2,202,82,0,82,284
11/07/2009,SHV,LA,ASW,CE,Combined TRACON& Tower with Radar,12,54,24,0,90,0,5,19,2,26,12,59,43,2,116,232,0,232,348
11/08/2009,SHV,LA,ASW,CE,Combined TRACON& Tower with Radar,16,44,36,2,98,0,1,19,0,20,16,45,55,2,118,172,0,172,290
11/09/2009,SHV,LA,ASW,CE,Combined TRACON& Tower with Radar,12,60,24,3,99,0,2,14,0,16,12,62,38,3,115,10,0,10,125
11/10/2009,SHV,LA,ASW,CE,Combined TRACON& Tower with Radar,20,49,43,1,113,0,1,14,1,16,20,50,57,2,129,0,0,0,129
11/11/2009,SHV,LA,ASW,CE,Combined TRACON& Tower with Radar,18,59,37,0,114,0,3,19,0,22,18,62,56,0,136,5,0,5,141
11/12/2009,SHV,LA,ASW,CE,Combined TRACON& Tower with Radar,23,59,25,4,111,0,6,14,0,20,23,65,39,4,131,16,0,16,147
11/13/2009,SHV,LA,ASW,CE,Combined TRACON& Tower with Radar,21,57,28,16,122,0,6,18,0,24,21,63,46,16,146,4,4,8,154
11/14/2009,SHV,LA,ASW,CE,Combined TRACON& Tower with Radar,14,41,29,2,86,0,6,16,4,26,14,47,45,6,112,7,0,7,119
11/15/2009,SHV,LA,ASW,CE,Combined TRACON& Tower with Radar,14,50,36,0,100,0,1,7,0,8,14,51,43,0,108,7,0,7,115
11/16/2009,SHV,LA,ASW,CE,Combined TRACON& Tower with Radar,9,54,39,1,103,0,0,2,1,3,9,54,41,2,106,2,0,2,108
11/17/2009,SHV,LA,ASW,CE,Combined TRACON& Tower with Radar,17,56,40,0,113,0,2,13,3,18,17,58,53,3,131,12,0,12,143
11/18/2009,SHV,LA,ASW,CE,Combined TRACON& Tower with Radar,16,61,43,2,122,0,4,27,0,31,16,65,70,2,153,6,0,6,159
11/19/2009,SHV,LA,ASW,CE,Combined TRACON& Tower with Radar,18,60,35,3,116,0,1,16,1,18,18,61,51,4,134,4,0,4,138
11/20/2009,SHV,LA,ASW,CE,Combined TRACON& Tower with Radar,10,66,52,0,128,0,0,25,0,25,10,66,77,0,153,0,0,0,153
11/21/2009,SHV,LA,ASW,CE,Combined TRACON& Tower with Radar,11,47,15,3,76,0,0,2,1,3,11,47,17,4,79,0,4,4,83
11/22/2009,SHV,LA,ASW,CE,Combined TRACON& Tower with Radar,14,44,31,0,89,0,0,12,0,12,14,44,43,0,101,0,0,0,101
11/23/2009,SHV,LA,ASW,CE,Combined TRACON& Tower with Radar,12,52,35,1,100,0,3,8,1,12,12,55,43,2,112,0,0,0,112
11/24/2009,SHV,LA,ASW,CE,Combined TRACON& Tower with Radar,20,58,33,0,111,0,0,15,0,15,20,58,48,0,126,0,0,0,126
11/25/2009,SHV,LA,ASW,CE,Combined TRACON& Tower with Radar,19,59,44,0,122,0,0,20,1,21,19,59,64,1,143,4,0,4,147
11/26/2009,SHV,LA,ASW,CE,Combined TRACON& Tower with Radar,7,23,14,0,44,0,0,7,0,7,7,23,21,0,51,0,0,0,51
11/27/2009,SHV,LA,ASW,CE,Combined TRACON& Tower with Radar,14,31,18,0,63,0,1,20,0,21,14,32,38,0,84,4,0,4,88
11/28/2009,SHV,LA,ASW,CE,Combined TRACON& Tower with Radar,9,52,14,0,75,0,1,18,0,19,9,53,32,0,94,0,0,0,94
11/29/2009,SHV,LA,ASW,CE,Combined TRACON& Tower with Radar,13,50,35,0,98,0,0,4,0,4,13,50,39,0,102,0,0,0,102
11/30/2009,SHV,LA,ASW,CE,Combined TRACON& Tower with Radar,10,52,35,2,99,0,2,4,0,6,10,54,39,2,105,14,0,14,119
12/01/2009,SHV,LA,ASW,CE,Combined TRACON& Tower with Radar,16,63,28,1,108,0,4,8,0,12,16,67,36,1,120,0,0,0,120
12/02/2009,SHV,LA,ASW,CE,Combined TRACON& Tower with Radar,16,56,36,1,109,0,1,0,1,2,16,57,36,2,111,0,0,0,111
12/03/2009,SHV,LA,ASW,CE,Combined TRACON& Tower with Radar,23,63,23,0,109,0,1,17,0,18,23,64,40,0,127,28,0,28,155
12/04/2009,SHV,LA,ASW,CE,Combined TRACON& Tower with Radar,16,51,26,2,95,0,2,8,5,15,16,53,34,7,110,0,0,0,110
12/05/2009,SHV,LA,ASW,CE,Combined TRACON& Tower with Radar,13,44,15,5,77,0,2,21,0,23,13,46,36,5,100,10,0,10,110
12/06/2009,SHV,LA,ASW,CE,Combined TRACON& Tower with Radar,13,48,27,1,89,0,6,9,0,15,13,54,36,1,104,0,0,0,104
12/07/2009,SHV,LA,ASW,CE,Combined TRACON& Tower with Radar,9,55,23,0,87,0,0,0,0,0,9,55,23,0,87,0,0,0,87
12/08/2009,SHV,LA,ASW,CE,Combined TRACON& Tower with Radar,16,36,12,1,65,0,0,0,2,2,16,36,12,3,67,0,0,0,67
12/09/2009,SHV,LA,ASW,CE,Combined TRACON& Tower with Radar,22,56,34,18,130,0,0,24,5,29,22,56,58,23,159,2,0,2,161
12/10/2009,SHV,LA,ASW,CE,Combined TRACON& Tower with Radar,19,63,36,5,123,0,3,21,3,27,19,66,57,8,150,0,0,0,150
12/11/2009,SHV,LA,ASW,CE,Combined TRACON& Tower with Radar,15,73,22,0,110,0,1,13,0,14,15,74,35,0,124,28,0,28,152
12/12/2009,SHV,LA,ASW,CE,Combined TRACON& Tower with Radar,9,32,11,0,52,0,0,0,0,0,9,32,11,0,52,0,0,0,52
12/13/2009,SHV,LA,ASW,CE,Combined TRACON& Tower with Radar,11,32,36,1,80,0,0,0,0,0,11,32,36,1,80,0,0,0,80
12/14/2009,SHV,LA,ASW,CE,Combined TRACON& Tower with Radar,13,68,25,3,109,0,0,11,0,11,13,68,36,3,120,8,0,8,128
12/15/2009,SHV,LA,ASW,CE,Combined TRACON& Tower with Radar,14,66,39,2,121,0,2,8,0,10,14,68,47,2,131,0,0,0,131
12/16/2009,SHV,LA,ASW,CE,Combined TRACON& Tower with Radar,15,70,35,9,129,0,6,25,1,32,15,76,60,10,161,14,0,14,175
12/17/2009,SHV,LA,ASW,CE,Combined TRACON& Tower with Radar,18,63,48,5,134,0,1,12,0,13,18,64,60,5,147,0,0,0,147
12/18/2009,SHV,LA,ASW,CE,Combined TRACON& Tower with Radar,14,60,28,6,108,0,3,24,0,27,14,63,52,6,135,18,0,18,153
12/19/2009,SHV,LA,ASW,CE,Combined TRACON& Tower with Radar,14,35,19,5,73,0,1,12,0,13,14,36,31,5,86,0,0,0,86
12/20/2009,SHV,LA,ASW,CE,Combined TRACON& Tower with Radar,10,47,23,4,84,0,2,16,1,19,10,49,39,5,103,0,0,0,103
12/21/2009,SHV,LA,ASW,CE,Combined TRACON& Tower with Radar,14,58,20,3,95,0,1,17,0,18,14,59,37,3,113,8,4,12,125
12/22/2009,SHV,LA,ASW,CE,Combined TRACON& Tower with Radar,22,56,36,0,114,0,0,4,0,4,22,56,40,0,118,0,0,0,118
12/23/2009,SHV,LA,ASW,CE,Combined TRACON& Tower with Radar,18,50,23,0,91,0,0,0,0,0,18,50,23,0,91,0,0,0,91
12/24/2009,SHV,LA,ASW,CE,Combined TRACON& Tower with Radar,16,31,12,0,59,0,1,2,0,3,16,32,14,0,62,0,0,0,62
12/25/2009,SHV,LA,ASW,CE,Combined TRACON& Tower with Radar,8,26,5,0,39,0,2,7,0,9,8,28,12,0,48,0,0,0,48
12/26/2009,SHV,LA,ASW,CE,Combined TRACON& Tower with Radar,10,44,22,0,76,0,0,22,0,22,10,44,44,0,98,0,0,0,98
12/27/2009,SHV,LA,ASW,CE,Combined TRACON& Tower with Radar,12,56,26,0,94,0,1,21,0,22,12,57,47,0,116,4,0,4,120
12/28/2009,SHV,LA,ASW,CE,Combined TRACON& Tower with Radar,10,51,48,2,111,0,2,42,0,44,10,53,90,2,155,10,0,10,165
12/29/2009,SHV,LA,ASW,CE,Combined TRACON& Tower with Radar,9,47,21,0,77,0,1,8,0,9,9,48,29,0,86,0,0,0,86
12/30/2009,SHV,LA,ASW,CE,Combined TRACON& Tower with Radar,19,59,21,0,99,0,1,0,0,1,19,60,21,0,100,0,0,0,100
12/31/2009,SHV,LA,ASW,CE,Combined TRACON& Tower with Radar,31,34,17,0,82,0,0,0,0,0,31,34,17,0,82,0,0,0,82
01/01/2010,SHV,LA,ASW,CE,Combined TRACON& Tower with Radar,6,34,11,0,51,0,0,17,0,17,6,34,28,0,68,6,0,6,74
01/02/2010,SHV,LA,ASW,CE,Combined TRACON& Tower with Radar,8,39,20,0,67,0,1,18,1,20,8,40,38,1,87,0,0,0,87
01/03/2010,SHV,LA,ASW,CE,Combined TRACON& Tower with Radar,12,39,23,1,75,0,0,10,1,11,12,39,33,2,86,0,0,0,86
01/04/2010,SHV,LA,ASW,CE,Combined TRACON& Tower with Radar,6,53,18,1,78,0,0,2,0,2,6,53,20,1,80,0,0,0,80
01/05/2010,SHV,LA,ASW,CE,Combined TRACON& Tower with Radar,14,48,40,11,113,0,0,20,1,21,14,48,60,12,134,12,8,20,154
01/06/2010,SHV,LA,ASW,CE,Combined TRACON& Tower with Radar,14,45,21,3,83,0,1,13,1,15,14,46,34,4,98,12,0,12,110
01/07/2010,SHV,LA,ASW,CE,Combined TRACON& Tower with Radar,14,36,13,0,63,0,0,4,0,4,14,36,17,0,67,4,0,4,71
01/08/2010,SHV,LA,ASW,CE,Combined TRACON& Tower with Radar,14,51,21,7,93,0,0,19,2,21,14,51,40,9,114,22,0,22,136
01/09/2010,SHV,LA,ASW,CE,Combined TRACON& Tower with Radar,8,36,21,4,69,0,1,27,3,31,8,37,48,7,100,4,0,4,104
01/10/2010,SHV,LA,ASW,CE,Combined TRACON& Tower with Radar,12,46,29,0,87,0,2,21,0,23,12,48,50,0,110,20,0,20,130
01/11/2010,SHV,LA,ASW,CE,Combined TRACON& Tower with Radar,10,48,24,1,83,0,6,21,1,28,10,54,45,2,111,20,0,20,131
01/12/2010,SHV,LA,ASW,CE,Combined TRACON& Tower with Radar,14,46,39,0,99,0,2,21,0,23,14,48,60,0,122,0,0,0,122
01/13/2010,SHV,LA,ASW,CE,Combined TRACON& Tower with Radar,13,57,47,2,119,0,2,19,0,21,13,59,66,2,140,0,0,0,140
01/14/2010,SHV,LA,ASW,CE,Combined TRACON& Tower with Radar,13,50,33,4,100,0,0,10,0,10,13,50,43,4,110,0,0,0,110
01/15/2010,SHV,LA,ASW,CE,Combined TRACON& Tower with Radar,15,48,25,2,90,0,2,6,0,8,15,50,31,2,98,0,0,0,98
01/16/2010,SHV,LA,ASW,CE,Combined TRACON& Tower with Radar,11,35,16,0,62,0,0,1,0,1,11,35,17,0,63,0,0,0,63
01/17/2010,SHV,LA,ASW,CE,Combined TRACON& Tower with Radar,12,36,22,0,70,0,0,10,0,10,12,36,32,0,80,0,0,0,80
01/18/2010,SHV,LA,ASW,CE,Combined TRACON& Tower with Radar,10,48,41,0,99,0,0,25,0,25,10,48,66,0,124,4,0,4,128
01/19/2010,SHV,LA,ASW,CE,Combined TRACON& Tower with Radar,18,46,42,2,108,0,0,3,0,3,18,46,45,2,111,0,0,0,111
01/20/2010,SHV,LA,ASW,CE,Combined TRACON& Tower with Radar,12,53,22,2,89,0,0,3,1,4,12,53,25,3,93,0,0,0,93
01/21/2010,SHV,LA,ASW,CE,Combined TRACON& Tower with Radar,17,58,27,2,104,0,5,26,3,34,17,63,53,5,138,52,0,52,190
01/22/2010,SHV,LA,ASW,CE,Combined TRACON& Tower with Radar,14,50,36,5,105,0,1,32,1,34,14,51,68,6,139,24,18,42,181
01/23/2010,SHV,LA,ASW,CE,Combined TRACON& Tower with Radar,12,37,8,3,60,0,0,1,0,1,12,37,9,3,61,0,0,0,61
01/24/2010,SHV,LA,ASW,CE,Combined TRACON& Tower with Radar,12,44,23,0,79,0,3,18,0,21,12,47,41,0,100,18,0,18,118
01/25/2010,SHV,LA,ASW,CE,Combined TRACON& Tower with Radar,10,50,20,6,86,0,1,9,0,10,10,51,29,6,96,12,0,12,108
01/26/2010,SHV,LA,ASW,CE,Combined TRACON& Tower with Radar,16,52,30,4,102,0,0,27,0,27,16,52,57,4,129,0,0,0,129
01/27/2010,SHV,LA,ASW,CE,Combined TRACON& Tower with Radar,12,45,33,2,92,0,2,9,0,11,12,47,42,2,103,2,0,2,105
01/28/2010,SHV,LA,ASW,CE,Combined TRACON& Tower with Radar,15,54,28,6,103,0,0,9,0,9,15,54,37,6,112,0,4,4,116
01/29/2010,SHV,LA,ASW,CE,Combined TRACON& Tower with Radar,13,44,14,0,71,0,0,0,0,0,13,44,14,0,71,0,0,0,71
01/30/2010,SHV,LA,ASW,CE,Combined TRACON& Tower with Radar,8,37,14,0,59,0,0,1,0,1,8,37,15,0,60,0,0,0,60
01/31/2010,SHV,LA,ASW,CE,Combined TRACON& Tower with Radar,15,44,27,0,86,0,0,26,0,26,15,44,53,0,112,0,0,0,112
02/01/2010,SHV,LA,ASW,CE,Combined TRACON& Tower with Radar,8,52,14,0,74,0,1,14,1,16,8,53,28,1,90,24,0,24,114
02/02/2010,SHV,LA,ASW,CE,Combined TRACON& Tower with Radar,20,47,25,8,100,0,1,12,2,15,20,48,37,10,115,22,0,22,137
02/03/2010,SHV,LA,ASW,CE,Combined TRACON& Tower with Radar,18,50,43,5,116,0,0,10,0,10,18,50,53,5,126,10,0,10,136
02/04/2010,SHV,LA,ASW,CE,Combined TRACON& Tower with Radar,20,43,23,0,86,0,0,0,0,0,20,43,23,0,86,0,0,0,86
02/05/2010,SHV,LA,ASW,CE,Combined TRACON& Tower with Radar,21,46,21,23,111,0,0,6,0,6,21,46,27,23,117,4,4,8,125
02/06/2010,SHV,LA,ASW,CE,Combined TRACON& Tower with Radar,12,36,17,5,70,0,1,14,0,15,12,37,31,5,85,12,0,12,97
02/07/2010,SHV,LA,ASW,CE,Combined TRACON& Tower with Radar,16,44,15,13,88,0,2,12,0,14,16,46,27,13,102,2,0,2,104
02/08/2010,SHV,LA,ASW,CE,Combined TRACON& Tower with Radar,11,47,30,4,92,0,1,2,0,3,11,48,32,4,95,0,0,0,95
02/09/2010,SHV,LA,ASW,CE,Combined TRACON& Tower with Radar,21,42,36,4,103,0,0,10,0,10,21,42,46,4,113,0,0,0,113
02/10/2010,SHV,LA,ASW,CE,Combined TRACON& Tower with Radar,18,50,44,1,113,0,1,15,1,17,18,51,59,2,130,0,0,0,130
02/11/2010,SHV,LA,ASW,CE,Combined TRACON& Tower with Radar,8,27,16,0,51,0,0,0,0,0,8,27,16,0,51,0,0,0,51
02/12/2010,SHV,LA,ASW,CE,Combined TRACON& Tower with Radar,10,38,34,2,84,0,0,0,0,0,10,38,34,2,84,0,0,0,84
02/13/2010,SHV,LA,ASW,CE,Combined TRACON& Tower with Radar,12,34,15,0,61,0,1,17,0,18,12,35,32,0,79,2,0,2,81
02/14/2010,SHV,LA,ASW,CE,Combined TRACON& Tower with Radar,14,36,24,0,74,0,0,7,0,7,14,36,31,0,81,2,0,2,83
02/15/2010,SHV,LA,ASW,CE,Combined TRACON& Tower with Radar,12,50,22,2,86,0,0,22,0,22,12,50,44,2,108,0,0,0,108
02/16/2010,SHV,LA,ASW,CE,Combined TRACON& Tower with Radar,18,56,37,0,111,0,0,30,0,30,18,56,67,0,141,0,0,0,141
02/17/2010,SHV,LA,ASW,CE,Combined TRACON& Tower with Radar,18,52,29,2,101,0,2,25,0,27,18,54,54,2,128,0,0,0,128
02/18/2010,SHV,LA,ASW,CE,Combined TRACON& Tower with Radar,22,48,35,2,107,0,3,30,0,33,22,51,65,2,140,0,9,9,149
02/19/2010,SHV,LA,ASW,CE,Combined TRACON& Tower with Radar,18,46,25,9,98,0,2,15,2,19,18,48,40,11,117,0,28,28,145
02/20/2010,SHV,LA,ASW,CE,Combined TRACON& Tower with Radar,12,31,23,3,69,0,1,13,0,14,12,32,36,3,83,0,0,0,83
02/21/2010,SHV,LA,ASW,CE,Combined TRACON& Tower with Radar,22,44,24,4,94,0,0,3,0,3,22,44,27,4,97,0,10,10,107
02/22/2010,SHV,LA,ASW,CE,Combined TRACON& Tower with Radar,12,44,37,6,99,0,2,6,0,8,12,46,43,6,107,0,0,0,107
02/23/2010,SHV,LA,ASW,CE,Combined TRACON& Tower with Radar,15,46,16,0,77,0,0,1,0,1,15,46,17,0,78,0,0,0,78
02/24/2010,SHV,LA,ASW,CE,Combined TRACON& Tower with Radar,17,55,52,2,126,0,0,25,0,25,17,55,77,2,151,22,0,22,173
02/25/2010,SHV,LA,ASW,CE,Combined TRACON& Tower with Radar,22,56,40,0,118,0,3,28,2,33,22,59,68,2,151,46,0,46,197
02/26/2010,SHV,LA,ASW,CE,Combined TRACON& Tower with Radar,18,50,26,4,98,0,0,0,0,0,18,50,26,4,98,0,0,0,98
02/27/2010,SHV,LA,ASW,CE,Combined TRACON& Tower with Radar,12,35,18,4,69,0,2,25,4,31,12,37,43,8,100,0,0,0,100
02/28/2010,SHV,LA,ASW,CE,Combined TRACON& Tower with Radar,12,39,11,0,62,0,1,18,0,19,12,40,29,0,81,6,0,6,87
03/01/2010,SHV,LA,ASW,CE,Combined TRACON& Tower with Radar,15,54,24,0,93,0,0,2,0,2,15,54,26,0,95,0,0,0,95
03/02/2010,SHV,LA,ASW,CE,Combined TRACON& Tower with Radar,13,55,37,7,112,0,2,22,0,24,13,57,59,7,136,18,0,18,154
03/03/2010,SHV,LA,ASW,CE,Combined TRACON& Tower with Radar,18,51,44,11,124,0,2,25,2,29,18,53,69,13,153,0,0,0,153
03/04/2010,SHV,LA,ASW,CE,Combined TRACON& Tower with Radar,24,63,41,7,135,0,1,23,0,24,24,64,64,7,159,0,0,0,159
03/05/2010,SHV,LA,ASW,CE,Combined TRACON& Tower with Radar,15,54,37,6,112,0,1,36,5,42,15,55,73,11,154,4,8,12,166
03/06/2010,SHV,LA,ASW,CE,Combined TRACON& Tower with Radar,10,40,13,9,72,0,3,25,0,28,10,43,38,9,100,18,6,24,124
03/07/2010,SHV,LA,ASW,CE,Combined TRACON& Tower with Radar,11,44,16,0,71,0,2,5,0,7,11,46,21,0,78,20,0,20,98
03/08/2010,SHV,LA,ASW,CE,Combined TRACON& Tower with Radar,9,49,29,0,87,0,3,2,0,5,9,52,31,0,92,0,0,0,92
03/09/2010,SHV,LA,ASW,CE,Combined TRACON& Tower with Radar,18,54,27,0,99,0,0,11,7,18,18,54,38,7,117,0,0,0,117
03/10/2010,SHV,LA,ASW,CE,Combined TRACON& Tower with Radar,16,48,37,6,107,0,1,10,0,11,16,49,47,6,118,0,0,0,118
03/11/2010,SHV,LA,ASW,CE,Combined TRACON& Tower with Radar,18,57,55,14,144,0,2,24,1,27,18,59,79,15,171,11,0,11,182
03/12/2010,SHV,LA,ASW,CE,Combined TRACON& Tower with Radar,19,49,50,8,126,0,1,13,9,23,19,50,63,17,149,36,20,56,205
03/13/2010,SHV,LA,ASW,CE,Combined TRACON& Tower with Radar,9,38,20,7,74,0,3,16,1,20,9,41,36,8,94,0,4,4,98
03/14/2010,SHV,LA,ASW,CE,Combined TRACON& Tower with Radar,16,37,26,0,79,0,2,31,0,33,16,39,57,0,112,10,0,10,122
03/15/2010,SHV,LA,ASW,CE,Combined TRACON& Tower with Radar,12,47,29,6,94,0,2,36,0,38,12,49,65,6,132,18,4,22,154
03/16/2010,SHV,LA,ASW,CE,Combined TRACON& Tower with Radar,18,53,39,0,110,0,3,16,1,20,18,56,55,1,130,0,0,0,130
03/17/2010,SHV,LA,ASW,CE,Combined TRACON& Tower with Radar,16,57,29,0,102,0,2,37,0,39,16,59,66,0,141,6,0,6,147
03/18/2010,SHV,LA,ASW,CE,Combined TRACON& Tower with Radar,16,59,53,5,133,0,2,40,3,45,16,61,93,8,178,6,0,6,184
03/19/2010,SHV,LA,ASW,CE,Combined TRACON& Tower with Radar,13,53,26,8,100,0,2,26,4,32,13,55,52,12,132,38,8,46,178
03/20/2010,SHV,LA,ASW,CE,Combined TRACON& Tower with Radar,7,36,20,0,63,0,1,2,0,3,7,37,22,0,66,8,0,8,74
03/21/2010,SHV,LA,ASW,CE,Combined TRACON& Tower with Radar,8,37,21,6,72,0,0,4,0,4,8,37,25,6,76,0,0,0,76
03/22/2010,SHV,LA,ASW,CE,Combined TRACON& Tower with Radar,14,58,41,1,114,0,3,18,1,22,14,61,59,2,136,0,0,0,136
03/23/2010,SHV,LA,ASW,CE,Combined TRACON& Tower with Radar,20,48,44,0,112,0,0,29,2,31,20,48,73,2,143,14,0,14,157
03/24/2010,SHV,LA,ASW,CE,Combined TRACON& Tower with Radar,25,53,45,6,129,0,0,16,2,18,25,53,61,8,147,0,0,0,147
03/25/2010,SHV,LA,ASW,CE,Combined TRACON& Tower with Radar,19,56,33,2,110,0,0,6,0,6,19,56,39,2,116,18,0,18,134
03/26/2010,SHV,LA,ASW,CE,Combined TRACON& Tower with Radar,17,47,30,46,140,0,1,24,0,25,17,48,54,46,165,6,4,10,175
03/27/2010,SHV,LA,ASW,CE,Combined TRACON& Tower with Radar,9,36,29,8,82,0,0,8,2,10,9,36,37,10,92,0,0,0,92
03/28/2010,SHV,LA,ASW,CE,Combined TRACON& Tower with Radar,12,42,27,4,85,0,0,9,3,12,12,42,36,7,97,0,0,0,97
03/29/2010,SHV,LA,ASW,CE,Combined TRACON& Tower with Radar,10,52,36,1,99,0,2,24,3,29,10,54,60,4,128,0,0,0,128
03/30/2010,SHV,LA,ASW,CE,Combined TRACON& Tower with Radar,16,53,43,3,115,0,0,29,1,30,16,53,72,4,145,8,0,8,153
03/31/2010,SHV,LA,ASW,CE,Combined TRACON& Tower with Radar,18,45,24,5,92,0,0,27,0,27,18,45,51,5,119,8,0,8,127
04/01/2010,SHV,LA,ASW,CE,Combined TRACON& Tower with Radar,20,49,51,1,121,0,4,26,2,32,20,53,77,3,153,24,0,24,177
04/02/2010,SHV,LA,ASW,CE,Combined TRACON& Tower with Radar,16,47,15,0,78,0,1,12,0,13,16,48,27,0,91,0,0,0,91
04/03/2010,SHV,LA,ASW,CE,Combined TRACON& Tower with Radar,12,33,20,1,66,0,0,19,0,19,12,33,39,1,85,0,0,0,85
04/04/2010,SHV,LA,ASW,CE,Combined TRACON& Tower with Radar,14,40,14,1,69,0,4,7,1,12,14,44,21,2,81,4,0,4,85
04/05/2010,SHV,LA,ASW,CE,Combined TRACON& Tower with Radar,16,47,19,4,86,0,2,4,1,7,16,49,23,5,93,8,0,8,101
04/06/2010,SHV,LA,ASW,CE,Combined TRACON& Tower with Radar,15,54,32,2,103,0,1,5,1,7,15,55,37,3,110,6,0,6,116
04/07/2010,SHV,LA,ASW,CE,Combined TRACON& Tower with Radar,20,57,43,0,120,0,1,2,0,3,20,58,45,0,123,6,0,6,129
04/08/2010,SHV,LA,ASW,CE,Combined TRACON& Tower with Radar,20,60,44,2,126,0,1,14,3,18,20,61,58,5,144,10,0,10,154
04/09/2010,SHV,LA,ASW,CE,Combined TRACON& Tower with Radar,18,58,30,52,158,0,0,18,3,21,18,58,48,55,179,10,0,10,189
04/10/2010,SHV,LA,ASW,CE,Combined TRACON& Tower with Radar,10,38,30,5,83,0,0,22,4,26,10,38,52,9,109,20,0,20,129
04/11/2010,SHV,LA,ASW,CE,Combined TRACON& Tower with Radar,12,42,37,4,95,0,1,26,1,28,12,43,63,5,123,10,0,10,133
04/12/2010,SHV,LA,ASW,CE,Combined TRACON& Tower with Radar,12,58,33,1,104,0,2,22,1,25,12,60,55,2,129,0,0,0,129
04/13/2010,SHV,LA,ASW,CE,Combined TRACON& Tower with Radar,16,55,33,0,104,0,3,31,2,36,16,58,64,2,140,6,0,6,146
04/14/2010,SHV,LA,ASW,CE,Combined TRACON& Tower with Radar,18,50,31,8,107,0,2,26,0,28,18,52,57,8,135,20,4,24,159
04/15/2010,SHV,LA,ASW,CE,Combined TRACON& Tower with Radar,23,59,37,0,119,0,2,17,2,21,23,61,54,2,140,0,0,0,140
04/16/2010,SHV,LA,ASW,CE,Combined TRACON& Tower with Radar,17,53,39,24,133,0,3,16,4,23,17,56,55,28,156,8,0,8,164
04/17/2010,SHV,LA,ASW,CE,Combined TRACON& Tower with Radar,10,31,20,9,70,0,1,13,0,14,10,32,33,9,84,18,0,18,102
04/18/2010,SHV,LA,ASW,CE,Combined TRACON& Tower with Radar,10,49,33,3,95,0,0,7,2,9,10,49,40,5,104,10,0,10,114
04/19/2010,SHV,LA,ASW,CE,Combined TRACON& Tower with Radar,13,48,50,6,117,0,0,21,0,21,13,48,71,6,138,26,0,26,164
04/20/2010,SHV,LA,ASW,CE,Combined TRACON& Tower with Radar,18,48,43,3,112,0,1,28,4,33,18,49,71,7,145,8,6,14,159
04/21/2010,SHV,LA,ASW,CE,Combined TRACON& Tower with Radar,16,54,44,7,121,0,3,35,3,41,16,57,79,10,162,16,0,16,178
04/22/2010,SHV,LA,ASW,CE,Combined TRACON& Tower with Radar,22,58,61,6,147,0,0,17,3,20,22,58,78,9,167,0,0,0,167
04/23/2010,SHV,LA,ASW,CE,Combined TRACON& Tower with Radar,16,55,43,8,122,0,1,1,1,3,16,56,44,9,125,30,0,30,155
04/24/2010,SHV,LA,ASW,CE,Combined TRACON& Tower with Radar,10,29,23,2,64,0,1,10,2,13,10,30,33,4,77,0,0,0,77
04/25/2010,SHV,LA,ASW,CE,Combined TRACON& Tower with Radar,12,49,25,12,98,0,1,33,2,36,12,50,58,14,134,2,12,14,148
04/26/2010,SHV,LA,ASW,CE,Combined TRACON& Tower with Radar,12,47,51,7,117,0,4,30,5,39,12,51,81,12,156,24,0,24,180
04/27/2010,SHV,LA,ASW,CE,Combined TRACON& Tower with Radar,18,51,38,2,109,0,7,20,3,30,18,58,58,5,139,32,0,32,171
04/28/2010,SHV,LA,ASW,CE,Combined TRACON& Tower with Radar,16,52,30,6,104,0,3,27,0,30,16,55,57,6,134,10,0,10,144
04/29/2010,SHV,LA,ASW,CE,Combined TRACON& Tower with Radar,18,50,35,2,105,0,3,25,0,28,18,53,60,2,133,10,0,10,143
04/30/2010,SHV,LA,ASW,CE,Combined TRACON& Tower with Radar,16,50,36,2,104,0,0,5,0,5,16,50,41,2,109,0,0,0,109
05/01/2010,SHV,LA,ASW,CE,Combined TRACON& Tower with Radar,15,33,9,0,57,0,2,1,0,3,15,35,10,0,60,0,0,0,60
05/02/2010,SHV,LA,ASW,CE,Combined TRACON& Tower with Radar,20,33,36,11,100,0,2,11,0,13,20,35,47,11,113,14,0,14,127
05/03/2010,SHV,LA,ASW,CE,Combined TRACON& Tower with Radar,20,43,32,1,96,0,1,22,0,23,20,44,54,1,119,0,0,0,119
05/04/2010,SHV,LA,ASW,CE,Combined TRACON& Tower with Radar,22,41,48,4,115,0,2,25,0,27,22,43,73,4,142,0,0,0,142
05/05/2010,SHV,LA,ASW,CE,Combined TRACON& Tower with Radar,24,44,46,11,125,0,3,27,1,31,24,47,73,12,156,18,2,20,176
05/06/2010,SHV,LA,ASW,CE,Combined TRACON& Tower with Radar,26,51,32,10,119,0,6,34,0,40,26,57,66,10,159,14,0,14,173
05/07/2010,SHV,LA,ASW,CE,Combined TRACON& Tower with Radar,22,54,57,19,152,0,4,31,0,35,22,58,88,19,187,46,0,46,233
05/08/2010,SHV,LA,ASW,CE,Combined TRACON& Tower with Radar,16,39,30,17,102,0,0,15,0,15,16,39,45,17,117,6,0,6,123
05/09/2010,SHV,LA,ASW,CE,Combined TRACON& Tower with Radar,16,43,28,3,90,0,0,5,1,6,16,43,33,4,96,18,0,18,114
05/10/2010,SHV,LA,ASW,CE,Combined TRACON& Tower with Radar,14,49,28,2,93,0,2,14,0,16,14,51,42,2,109,12,0,12,121
05/11/2010,SHV,LA,ASW,CE,Combined TRACON& Tower with Radar,25,45,46,2,118,0,2,11,0,13,25,47,57,2,131,10,6,16,147
05/12/2010,SHV,LA,ASW,CE,Combined TRACON& Tower with Radar,24,52,52,0,128,0,2,15,0,17,24,54,67,0,145,2,0,2,147
05/13/2010,SHV,LA,ASW,CE,Combined TRACON& Tower with Radar,31,57,34,2,124,0,2,15,0,17,31,59,49,2,141,16,0,16,157
05/14/2010,SHV,LA,ASW,CE,Combined TRACON& Tower with Radar,39,41,50,0,130,0,1,20,0,21,39,42,70,0,151,24,0,24,175
05/15/2010,SHV,LA,ASW,CE,Combined TRACON& Tower with Radar,17,25,26,0,68,0,1,5,0,6,17,26,31,0,74,0,0,0,74
05/16/2010,SHV,LA,ASW,CE,Combined TRACON& Tower with Radar,16,35,32,0,83,0,2,12,0,14,16,37,44,0,97,0,0,0,97
05/17/2010,SHV,LA,ASW,CE,Combined TRACON& Tower with Radar,16,44,33,18,111,0,0,27,2,29,16,44,60,20,140,8,10,18,158
05/18/2010,SHV,LA,ASW,CE,Combined TRACON& Tower with Radar,24,43,35,0,102,0,2,22,1,25,24,45,57,1,127,4,0,4,131
05/19/2010,SHV,LA,ASW,CE,Combined TRACON& Tower with Radar,22,45,60,12,139,0,0,14,3,17,22,45,74,15,156,0,0,0,156
05/20/2010,SHV,LA,ASW,CE,Combined TRACON& Tower with Radar,26,50,41,4,121,0,0,4,0,4,26,50,45,4,125,0,0,0,125
05/21/2010,SHV,LA,ASW,CE,Combined TRACON& Tower with Radar,18,44,56,28,146,0,1,30,1,32,18,45,86,29,178,12,12,24,202
05/22/2010,SHV,LA,ASW,CE,Combined TRACON& Tower with Radar,18,37,28,0,83,0,0,21,5,26,18,37,49,5,109,12,0,12,121
05/23/2010,SHV,LA,ASW,CE,Combined TRACON& Tower with Radar,18,36,21,2,77,0,0,25,0,25,18,36,46,2,102,14,0,14,116
05/24/2010,SHV,LA,ASW,CE,Combined TRACON& Tower with Radar,14,56,26,2,98,0,2,11,0,13,14,58,37,2,111,19,0,19,130
05/25/2010,SHV,LA,ASW,CE,Combined TRACON& Tower with Radar,21,44,37,27,129,1,2,17,4,24,22,46,54,31,153,22,20,42,195
05/26/2010,SHV,LA,ASW,CE,Combined TRACON& Tower with Radar,23,47,37,0,107,0,3,10,8,21,23,50,47,8,128,0,0,0,128
05/27/2010,SHV,LA,ASW,CE,Combined TRACON& Tower with Radar,24,47,45,2,118,0,2,34,1,37,24,49,79,3,155,8,8,16,171
05/28/2010,SHV,LA,ASW,CE,Combined TRACON& Tower with Radar,23,51,50,29,153,0,3,32,0,35,23,54,82,29,188,8,8,16,204
05/29/2010,SHV,LA,ASW,CE,Combined TRACON& Tower with Radar,16,33,27,0,76,0,1,27,0,28,16,34,54,0,104,0,12,12,116
05/30/2010,SHV,LA,ASW,CE,Combined TRACON& Tower with Radar,25,28,23,0,76,0,1,13,0,14,25,29,36,0,90,0,0,0,90
05/31/2010,SHV,LA,ASW,CE,Combined TRACON& Tower with Radar,12,40,18,0,70,0,0,12,0,12,12,40,30,0,82,0,0,0,82
06/01/2010,SHV,LA,ASW,CE,Combined TRACON& Tower with Radar,17,59,34,24,134,0,1,34,3,38,17,60,68,27,172,0,0,0,172
06/02/2010,SHV,LA,ASW,CE,Combined TRACON& Tower with Radar,27,58,45,4,134,0,0,27,0,27,27,58,72,4,161,0,0,0,161
06/03/2010,SHV,LA,ASW,CE,Combined TRACON& Tower with Radar,23,41,37,4,105,0,1,12,4,17,23,42,49,8,122,12,0,12,134
06/04/2010,SHV,LA,ASW,CE,Combined TRACON& Tower with Radar,24,42,24,30,120,0,4,13,0,17,24,46,37,30,137,0,24,24,161
06/05/2010,SHV,LA,ASW,CE,Combined TRACON& Tower with Radar,20,36,39,26,121,0,1,15,1,17,20,37,54,27,138,0,36,36,174
06/06/2010,SHV,LA,ASW,CE,Combined TRACON& Tower with Radar,18,41,37,14,110,0,0,21,1,22,18,41,58,15,132,12,0,12,144
06/07/2010,SHV,LA,ASW,CE,Combined TRACON& Tower with Radar,18,42,29,9,98,0,1,16,0,17,18,43,45,9,115,0,0,0,115
06/08/2010,SHV,LA,ASW,CE,Combined TRACON& Tower with Radar,24,52,35,8,119,0,0,16,0,16,24,52,51,8,135,14,0,14,149
06/09/2010,SHV,LA,ASW,CE,Combined TRACON& Tower with Radar,26,47,42,0,115,0,2,3,0,5,26,49,45,0,120,0,0,0,120
06/10/2010,SHV,LA,ASW,CE,Combined TRACON& Tower with Radar,26,47,29,0,102,0,1,9,0,10,26,48,38,0,112,2,0,2,114
06/11/2010,SHV,LA,ASW,CE,Combined TRACON& Tower with Radar,30,55,38,22,145,0,3,26,1,30,30,58,64,23,175,34,0,34,209
06/12/2010,SHV,LA,ASW,CE,Combined TRACON& Tower with Radar,14,41,20,35,110,0,2,11,4,17,14,43,31,39,127,2,8,10,137
06/13/2010,SHV,LA,ASW,CE,Combined TRACON& Tower with Radar,22,42,30,29,123,0,1,6,2,9,22,43,36,31,132,18,4,22,154
06/14/2010,SHV,LA,ASW,CE,Combined TRACON& Tower with Radar,22,44,32,5,103,0,4,40,1,45,22,48,72,6,148,12,0,12,160
06/15/2010,SHV,LA,ASW,CE,Combined TRACON& Tower with Radar,22,55,34,9,120,0,1,16,3,20,22,56,50,12,140,20,0,20,160
06/16/2010,SHV,LA,ASW,CE,Combined TRACON& Tower with Radar,29,53,50,9,141,0,1,21,1,23,29,54,71,10,164,22,4,26,190
06/17/2010,SHV,LA,ASW,CE,Combined TRACON& Tower with Radar,23,64,44,23,154,0,4,36,0,40,23,68,80,23,194,10,24,34,228
06/18/2010,SHV,LA,ASW,CE,Combined TRACON& Tower with Radar,29,49,33,4,115,0,0,23,5,28,29,49,56,9,143,0,2,2,145
06/19/2010,SHV,LA,ASW,CE,Combined TRACON& Tower with Radar,16,28,33,8,85,0,1,27,4,32,16,29,60,12,117,0,6,6,123
06/20/2010,SHV,LA,ASW,CE,Combined TRACON& Tower with Radar,22,33,20,5,80,0,1,23,1,25,22,34,43,6,105,12,0,12,117
06/21/2010,SHV,LA,ASW,CE,Combined TRACON& Tower with Radar,20,49,18,3,90,0,4,38,2,44,20,53,56,5,134,10,0,10,144
06/22/2010,SHV,LA,ASW,CE,Combined TRACON& Tower with Radar,33,47,43,7,130,0,2,28,1,31,33,49,71,8,161,0,0,0,161
06/23/2010,SHV,LA,ASW,CE,Combined TRACON& Tower with Radar,29,58,40,0,127,0,2,36,0,38,29,60,76,0,165,4,0,4,169
06/24/2010,SHV,LA,ASW,CE,Combined TRACON& Tower with Radar,25,62,51,8,146,0,3,18,0,21,25,65,69,8,167,6,0,6,173
06/25/2010,SHV,LA,ASW,CE,Combined TRACON& Tower with Radar,29,45,49,14,137,0,5,39,5,49,29,50,88,19,186,0,0,0,186
06/26/2010,SHV,LA,ASW,CE,Combined TRACON& Tower with Radar,14,38,25,3,80,0,4,18,1,23,14,42,43,4,103,2,8,10,113
06/27/2010,SHV,LA,ASW,CE,Combined TRACON& Tower with Radar,22,37,35,7,101,0,2,16,0,18,22,39,51,7,119,18,0,18,137
06/28/2010,SHV,LA,ASW,CE,Combined TRACON& Tower with Radar,21,54,25,23,123,0,3,21,3,27,21,57,46,26,150,4,10,14,164
06/29/2010,SHV,LA,ASW,CE,Combined TRACON& Tower with Radar,27,45,32,2,106,0,6,24,0,30,27,51,56,2,136,0,0,0,136
06/30/2010,SHV,LA,ASW,CE,Combined TRACON& Tower with Radar,26,47,31,4,108,0,0,2,2,4,26,47,33,6,112,0,0,0,112
07/01/2010,SHV,LA,ASW,CE,Combined TRACON& Tower with Radar,30,52,40,0,122,0,1,11,0,12,30,53,51,0,134,6,0,6,140
07/02/2010,SHV,LA,ASW,CE,Combined TRACON& Tower with Radar,38,44,40,0,122,0,2,6,1,9,38,46,46,1,131,0,2,2,133
07/03/2010,SHV,LA,ASW,CE,Combined TRACON& Tower with Radar,15,31,13,1,60,0,0,10,2,12,15,31,23,3,72,0,0,0,72
07/04/2010,SHV,LA,ASW,CE,Combined TRACON& Tower with Radar,16,26,18,0,60,0,1,16,0,17,16,27,34,0,77,0,0,0,77
07/05/2010,SHV,LA,ASW,CE,Combined TRACON& Tower with Radar,18,40,32,2,92,0,2,13,0,15,18,42,45,2,107,0,4,4,111
07/06/2010,SHV,LA,ASW,CE,Combined TRACON& Tower with Radar,20,43,31,3,97,0,1,11,0,12,20,44,42,3,109,8,0,8,117
07/07/2010,SHV,LA,ASW,CE,Combined TRACON& Tower with Radar,23,52,34,0,109,0,2,9,1,12,23,54,43,1,121,0,0,0,121
07/08/2010,SHV,LA,ASW,CE,Combined TRACON& Tower with Radar,32,50,31,4,117,0,2,12,0,14,32,52,43,4,131,4,0,4,135
07/09/2010,SHV,LA,ASW,CE,Combined TRACON& Tower with Radar,24,50,24,23,121,0,0,11,3,14,24,50,35,26,135,12,4,16,151
07/10/2010,SHV,LA,ASW,CE,Combined TRACON& Tower with Radar,16,33,25,13,87,0,0,10,2,12,16,33,35,15,99,0,10,10,109
07/11/2010,SHV,LA,ASW,CE,Combined TRACON& Tower with Radar,20,35,17,6,78,0,2,9,0,11,20,37,26,6,89,18,6,24,113
07/12/2010,SHV,LA,ASW,CE,Combined TRACON& Tower with Radar,22,53,30,38,143,0,1,26,0,27,22,54,56,38,170,28,0,28,198
07/13/2010,SHV,LA,ASW,CE,Combined TRACON& Tower with Radar,28,45,36,2,111,0,1,21,0,22,28,46,57,2,133,0,0,0,133
07/14/2010,SHV,LA,ASW,CE,Combined TRACON& Tower with Radar,24,56,37,14,131,0,2,27,2,31,24,58,64,16,162,24,0,24,186
07/15/2010,SHV,LA,ASW,CE,Combined TRACON& Tower with Radar,24,48,27,6,105,0,2,26,0,28,24,50,53,6,133,12,0,12,145
07/16/2010,SHV,LA,ASW,CE,Combined TRACON& Tower with Radar,30,45,29,10,114,0,2,17,4,23,30,47,46,14,137,26,4,30,167
07/17/2010,SHV,LA,ASW,CE,Combined TRACON& Tower with Radar,18,34,27,0,79,0,1,10,0,11,18,35,37,0,90,0,0,0,90
07/18/2010,SHV,LA,ASW,CE,Combined TRACON& Tower with Radar,18,35,30,2,85,0,1,14,3,18,18,36,44,5,103,10,0,10,113
07/19/2010,SHV,LA,ASW,CE,Combined TRACON& Tower with Radar,23,45,28,4,100,0,2,13,0,15,23,47,41,4,115,0,0,0,115
07/20/2010,SHV,LA,ASW,CE,Combined TRACON& Tower with Radar,25,49,27,4,105,0,6,20,1,27,25,55,47,5,132,0,0,0,132
07/21/2010,SHV,LA,ASW,CE,Combined TRACON& Tower with Radar,25,55,38,6,124,0,6,33,0,39,25,61,71,6,163,2,0,2,165
07/22/2010,SHV,LA,ASW,CE,Combined TRACON& Tower with Radar,25,49,51,6,131,0,5,12,0,17,25,54,63,6,148,0,0,0,148
07/23/2010,SHV,LA,ASW,CE,Combined TRACON& Tower with Radar,30,55,53,25,163,0,5,32,1,38,30,60,85,26,201,20,4,24,225
07/24/2010,SHV,LA,ASW,CE,Combined TRACON& Tower with Radar,18,41,23,1,83,0,1,18,0,19,18,42,41,1,102,28,0,28,130
07/25/2010,SHV,LA,ASW,CE,Combined TRACON& Tower with Radar,17,33,26,8,84,0,0,7,4,11,17,33,33,12,95,0,0,0,95
07/26/2010,SHV,LA,ASW,CE,Combined TRACON& Tower with Radar,18,45,29,0,92,0,4,11,0,15,18,49,40,0,107,0,0,0,107
07/27/2010,SHV,LA,ASW,CE,Combined TRACON& Tower with Radar,22,50,40,0,112,0,2,15,0,17,22,52,55,0,129,0,0,0,129
07/28/2010,SHV,LA,ASW,CE,Combined TRACON& Tower with Radar,24,47,40,0,111,0,2,5,2,9,24,49,45,2,120,6,0,6,126
07/29/2010,SHV,LA,ASW,CE,Combined TRACON& Tower with Radar,24,48,37,9,118,0,4,27,1,32,24,52,64,10,150,17,8,25,175
07/30/2010,SHV,LA,ASW,CE,Combined TRACON& Tower with Radar,29,46,33,11,119,0,2,22,3,27,29,48,55,14,146,0,6,6,152
07/31/2010,SHV,LA,ASW,CE,Combined TRACON& Tower with Radar,17,34,31,1,83,0,0,23,4,27,17,34,54,5,110,2,0,2,112
08/01/2010,SHV,LA,ASW,CE,Combined TRACON& Tower with Radar,24,39,19,6,88,0,0,19,0,19,24,39,38,6,107,4,2,6,113
08/02/2010,SHV,LA,ASW,CE,Combined TRACON& Tower with Radar,22,44,25,20,111,0,2,25,0,27,22,46,50,20,138,6,4,10,148
08/03/2010,SHV,LA,ASW,CE,Combined TRACON& Tower with Radar,26,53,25,1,105,0,5,15,1,21,26,58,40,2,126,0,0,0,126
08/04/2010,SHV,LA,ASW,CE,Combined TRACON& Tower with Radar,26,54,39,8,127,0,2,25,1,28,26,56,64,9,155,4,0,4,159
08/05/2010,SHV,LA,ASW,CE,Combined TRACON& Tower with Radar,26,44,40,10,120,0,2,22,8,32,26,46,62,18,152,12,0,12,164
08/06/2010,SHV,LA,ASW,CE,Combined TRACON& Tower with Radar,31,47,30,5,113,0,0,10,0,10,31,47,40,5,123,0,0,0,123
08/07/2010,SHV,LA,ASW,CE,Combined TRACON& Tower with Radar,18,34,27,1,80,0,0,11,1,12,18,34,38,2,92,0,0,0,92
08/08/2010,SHV,LA,ASW,CE,Combined TRACON& Tower with Radar,21,33,33,2,89,0,0,11,1,12,21,33,44,3,101,4,0,4,105
08/09/2010,SHV,LA,ASW,CE,Combined TRACON& Tower with Radar,20,44,20,4,88,0,0,16,3,19,20,44,36,7,107,10,0,10,117
08/10/2010,SHV,LA,ASW,CE,Combined TRACON& Tower with Radar,24,43,26,3,96,0,1,12,0,13,24,44,38,3,109,2,0,2,111
08/11/2010,SHV,LA,ASW,CE,Combined TRACON& Tower with Radar,24,38,28,3,93,0,0,19,2,21,24,38,47,5,114,18,0,18,132
08/12/2010,SHV,LA,ASW,CE,Combined TRACON& Tower with Radar,26,46,41,21,134,0,0,17,1,18,26,46,58,22,152,0,27,27,179
08/13/2010,SHV,LA,ASW,CE,Combined TRACON& Tower with Radar,28,42,26,36,132,0,1,15,3,19,28,43,41,39,151,0,22,22,173
08/14/2010,SHV,LA,ASW,CE,Combined TRACON& Tower with Radar,17,32,11,13,73,0,0,18,3,21,17,32,29,16,94,10,0,10,104
08/15/2010,SHV,LA,ASW,CE,Combined TRACON& Tower with Radar,21,37,18,4,80,0,1,12,4,17,21,38,30,8,97,0,0,0,97
08/16/2010,SHV,LA,ASW,CE,Combined TRACON& Tower with Radar,20,43,40,7,110,0,2,13,1,16,20,45,53,8,126,2,0,2,128
08/17/2010,SHV,LA,ASW,CE,Combined TRACON& Tower with Radar,26,49,37,2,114,0,1,33,0,34,26,50,70,2,148,28,0,28,176
08/18/2010,SHV,LA,ASW,CE,Combined TRACON& Tower with Radar,30,42,51,0,123,0,0,13,0,13,30,42,64,0,136,28,0,28,164
08/19/2010,SHV,LA,ASW,CE,Combined TRACON& Tower with Radar,26,59,35,12,132,0,0,11,0,11,26,59,46,12,143,28,0,28,171
08/20/2010,SHV,LA,ASW,CE,Combined TRACON& Tower with Radar,26,46,47,25,144,0,4,13,1,18,26,50,60,26,162,20,4,24,186
08/21/2010,SHV,LA,ASW,CE,Combined TRACON& Tower with Radar,19,29,20,2,70,0,2,24,3,29,19,31,44,5,99,20,4,24,123
08/22/2010,SHV,LA,ASW,CE,Combined TRACON& Tower with Radar,15,34,20,1,70,0,2,12,0,14,15,36,32,1,84,6,0,6,90
08/23/2010,SHV,LA,ASW,CE,Combined TRACON& Tower with Radar,18,41,35,2,96,0,1,30,2,33,18,42,65,4,129,12,0,12,141
08/24/2010,SHV,LA,ASW,CE,Combined TRACON& Tower with Radar,19,50,22,0,91,0,1,25,2,28,19,51,47,2,119,0,0,0,119
08/25/2010,SHV,LA,ASW,CE,Combined TRACON& Tower with Radar,22,45,44,2,113,0,0,23,0,23,22,45,67,2,136,4,0,4,140
08/26/2010,SHV,LA,ASW,CE,Combined TRACON& Tower with Radar,20,54,34,10,118,0,1,26,2,29,20,55,60,12,147,16,0,16,163
08/27/2010,SHV,LA,ASW,CE,Combined TRACON& Tower with Radar,20,48,30,24,122,0,0,20,4,24,20,48,50,28,146,4,0,4,150
08/28/2010,SHV,LA,ASW,CE,Combined TRACON& Tower with Radar,13,30,21,18,82,0,0,27,4,31,13,30,48,22,113,2,0,2,115
08/29/2010,SHV,LA,ASW,CE,Combined TRACON& Tower with Radar,15,44,26,3,88,0,0,7,0,7,15,44,33,3,95,0,0,0,95
08/30/2010,SHV,LA,ASW,CE,Combined TRACON& Tower with Radar,16,45,50,12,123,0,1,9,1,11,16,46,59,13,134,0,0,0,134
08/31/2010,SHV,LA,ASW,CE,Combined TRACON& Tower with Radar,19,58,29,0,106,0,1,9,0,10,19,59,38,0,116,0,0,0,116
09/01/2010,SHV,LA,ASW,CE,Combined TRACON& Tower with Radar,23,50,48,4,125,0,0,15,0,15,23,50,63,4,140,22,0,22,162
09/02/2010,SHV,LA,ASW,CE,Combined TRACON& Tower with Radar,16,54,46,2,118,0,0,16,0,16,16,54,62,2,134,22,0,22,156
09/03/2010,SHV,LA,ASW,CE,Combined TRACON& Tower with Radar,20,55,42,3,120,0,0,19,0,19,20,55,61,3,139,6,0,6,145
09/04/2010,SHV,LA,ASW,CE,Combined TRACON& Tower with Radar,14,33,20,1,68,0,2,21,0,23,14,35,41,1,91,0,0,0,91
09/05/2010,SHV,LA,ASW,CE,Combined TRACON& Tower with Radar,9,28,18,0,55,0,4,9,0,13,9,32,27,0,68,0,0,0,68
09/06/2010,SHV,LA,ASW,CE,Combined TRACON& Tower with Radar,12,39,23,0,74,0,0,20,0,20,12,39,43,0,94,14,0,14,108
09/07/2010,SHV,LA,ASW,CE,Combined TRACON& Tower with Radar,21,50,38,16,125,0,0,5,0,5,21,50,43,16,130,0,0,0,130
09/08/2010,SHV,LA,ASW,CE,Combined TRACON& Tower with Radar,20,50,38,2,110,0,0,7,0,7,20,50,45,2,117,2,0,2,119
09/09/2010,SHV,LA,ASW,CE,Combined TRACON& Tower with Radar,22,62,31,2,117,0,1,9,2,12,22,63,40,4,129,0,0,0,129
09/10/2010,SHV,LA,ASW,CE,Combined TRACON& Tower with Radar,24,55,49,46,174,0,1,14,0,15,24,56,63,46,189,0,8,8,197
09/11/2010,SHV,LA,ASW,CE,Combined TRACON& Tower with Radar,11,28,20,5,64,0,6,16,3,25,11,34,36,8,89,6,0,6,95
09/12/2010,SHV,LA,ASW,CE,Combined TRACON& Tower with Radar,14,50,27,7,98,0,7,8,0,15,14,57,35,7,113,0,0,0,113
09/13/2010,SHV,LA,ASW,CE,Combined TRACON& Tower with Radar,14,56,30,1,101,0,0,16,1,17,14,56,46,2,118,18,0,18,136
09/14/2010,SHV,LA,ASW,CE,Combined TRACON& Tower with Radar,24,59,37,8,128,0,2,16,2,20,24,61,53,10,148,2,18,20,168
09/15/2010,SHV,LA,ASW,CE,Combined TRACON& Tower with Radar,18,55,42,8,123,0,3,17,0,20,18,58,59,8,143,4,0,4,147
09/16/2010,SHV,LA,ASW,CE,Combined TRACON& Tower with Radar,20,59,29,9,117,0,0,20,2,22,20,59,49,11,139,2,0,2,141
09/17/2010,SHV,LA,ASW,CE,Combined TRACON& Tower with Radar,30,54,24,8,116,0,1,19,0,20,30,55,43,8,136,0,0,0,136
09/18/2010,SHV,LA,ASW,CE,Combined TRACON& Tower with Radar,15,35,35,0,85,0,1,9,0,10,15,36,44,0,95,0,0,0,95
09/19/2010,SHV,LA,ASW,CE,Combined TRACON& Tower with Radar,16,44,43,0,103,0,1,12,1,14,16,45,55,1,117,0,0,0,117
09/20/2010,SHV,LA,ASW,CE,Combined TRACON& Tower with Radar,17,48,25,11,101,0,0,8,0,8,17,48,33,11,109,6,0,6,115
09/21/2010,SHV,LA,ASW,CE,Combined TRACON& Tower with Radar,19,56,47,6,128,0,2,25,0,27,19,58,72,6,155,0,0,0,155
09/22/2010,SHV,LA,ASW,CE,Combined TRACON& Tower with Radar,25,51,44,11,131,0,0,15,0,15,25,51,59,11,146,0,0,0,146
09/23/2010,SHV,LA,ASW,CE,Combined TRACON& Tower with Radar,19,60,44,5,128,0,2,18,1,21,19,62,62,6,149,2,0,2,151
09/24/2010,SHV,LA,ASW,CE,Combined TRACON& Tower with Radar,22,53,32,9,116,0,0,15,1,16,22,53,47,10,132,0,2,2,134
09/25/2010,SHV,LA,ASW,CE,Combined TRACON& Tower with Radar,12,42,20,0,74,0,2,10,0,12,12,44,30,0,86,24,0,24,110
09/26/2010,SHV,LA,ASW,CE,Combined TRACON& Tower with Radar,17,48,32,5,102,0,0,13,1,14,17,48,45,6,116,36,0,36,152
09/27/2010,SHV,LA,ASW,CE,Combined TRACON& Tower with Radar,14,47,18,12,91,0,0,27,4,31,14,47,45,16,122,0,0,0,122
09/28/2010,SHV,LA,ASW,CE,Combined TRACON& Tower with Radar,22,58,39,2,121,0,0,31,4,35,22,58,70,6,156,4,0,4,160
09/29/2010,SHV,LA,ASW,CE,Combined TRACON& Tower with Radar,20,56,29,2,107,0,4,30,0,34,20,60,59,2,141,0,0,0,141
09/30/2010,SHV,LA,ASW,CE,Combined TRACON& Tower with Radar,22,55,25,4,106,0,3,47,0,50,22,58,72,4,156,48,0,48,204
10/01/2010,SHV,LA,ASW,CE,Combined TRACON& Tower with Radar,18,52,38,13,121,0,1,42,0,43,18,53,80,13,164,24,0,24,188
10/02/2010,SHV,LA,ASW,CE,Combined TRACON& Tower with Radar,14,37,35,3,89,0,3,28,0,31,14,40,63,3,120,16,0,16,136
10/03/2010,SHV,LA,ASW,CE,Combined TRACON& Tower with Radar,14,41,28,0,83,0,0,18,0,18,14,41,46,0,101,26,0,26,127
10/04/2010,SHV,LA,ASW,CE,Combined TRACON& Tower with Radar,16,48,27,16,107,0,1,27,0,28,16,49,54,16,135,8,0,8,143
10/05/2010,SHV,LA,ASW,CE,Combined TRACON& Tower with Radar,23,61,39,2,125,0,1,24,0,25,23,62,63,2,150,6,0,6,156
10/06/2010,SHV,LA,ASW,CE,Combined TRACON& Tower with Radar,19,52,33,2,106,0,1,17,3,21,19,53,50,5,127,8,0,8,135
10/07/2010,SHV,LA,ASW,CE,Combined TRACON& Tower with Radar,24,46,43,6,119,0,1,31,1,33,24,47,74,7,152,0,0,0,152
10/08/2010,SHV,LA,ASW,CE,Combined TRACON& Tower with Radar,20,59,34,19,132,0,0,23,3,26,20,59,57,22,158,8,12,20,178
10/09/2010,SHV,LA,ASW,CE,Combined TRACON& Tower with Radar,16,32,22,4,74,0,5,14,1,20,16,37,36,5,94,4,2,6,100
10/10/2010,SHV,LA,ASW,CE,Combined TRACON& Tower with Radar,16,48,33,0,97,0,0,17,0,17,16,48,50,0,114,0,0,0,114
10/11/2010,SHV,LA,ASW,CE,Combined TRACON& Tower with Radar,17,53,24,0,94,0,0,9,0,9,17,53,33,0,103,6,0,6,109
10/12/2010,SHV,LA,ASW,CE,Combined TRACON& Tower with Radar,19,49,29,5,102,0,3,4,1,8,19,52,33,6,110,8,0,8,118
10/13/2010,SHV,LA,ASW,CE,Combined TRACON& Tower with Radar,20,51,28,8,107,0,0,20,2,22,20,51,48,10,129,8,0,8,137
10/14/2010,SHV,LA,ASW,CE,Combined TRACON& Tower with Radar,20,66,46,5,137,0,0,30,2,32,20,66,76,7,169,4,4,8,177
10/15/2010,SHV,LA,ASW,CE,Combined TRACON& Tower with Radar,26,58,46,49,179,0,2,37,7,46,26,60,83,56,225,14,42,56,281
10/16/2010,SHV,LA,ASW,CE,Combined TRACON& Tower with Radar,11,28,22,15,76,0,1,20,2,23,11,29,42,17,99,20,0,20,119
10/17/2010,SHV,LA,ASW,CE,Combined TRACON& Tower with Radar,15,41,25,2,83,0,0,19,0,19,15,41,44,2,102,20,0,20,122
10/18/2010,SHV,LA,ASW,CE,Combined TRACON& Tower with Radar,14,49,51,0,114,0,0,26,0,26,14,49,77,0,140,0,0,0,140
10/19/2010,SHV,LA,ASW,CE,Combined TRACON& Tower with Radar,18,63,41,4,126,0,0,21,2,23,18,63,62,6,149,10,2,12,161
10/20/2010,SHV,LA,ASW,CE,Combined TRACON& Tower with Radar,18,55,45,10,128,0,0,21,0,21,18,55,66,10,149,28,2,30,179
10/21/2010,SHV,LA,ASW,CE,Combined TRACON& Tower with Radar,26,70,45,18,159,0,0,27,1,28,26,70,72,19,187,36,2,38,225
10/22/2010,SHV,LA,ASW,CE,Combined TRACON& Tower with Radar,18,50,35,25,128,0,0,14,3,17,18,50,49,28,145,20,0,20,165
10/23/2010,SHV,LA,ASW,CE,Combined TRACON& Tower with Radar,22,34,28,11,95,0,4,8,0,12,22,38,36,11,107,32,0,32,139
10/24/2010,SHV,LA,ASW,CE,Combined TRACON& Tower with Radar,14,40,33,0,87,0,0,13,0,13,14,40,46,0,100,0,0,0,100
10/25/2010,SHV,LA,ASW,CE,Combined TRACON& Tower with Radar,16,49,37,2,104,0,0,13,0,13,16,49,50,2,117,6,0,6,123
10/26/2010,SHV,LA,ASW,CE,Combined TRACON& Tower with Radar,22,55,47,24,148,0,0,16,0,16,22,55,63,24,164,10,0,10,174
10/27/2010,SHV,LA,ASW,CE,Combined TRACON& Tower with Radar,20,51,50,19,140,0,0,31,5,36,20,51,81,24,176,20,0,20,196
10/28/2010,SHV,LA,ASW,CE,Combined TRACON& Tower with Radar,20,61,31,4,116,0,2,27,2,31,20,63,58,6,147,30,0,30,177
10/29/2010,SHV,LA,ASW,CE,Combined TRACON& Tower with Radar,19,51,38,11,119,0,0,14,7,21,19,51,52,18,140,14,0,14,154
10/30/2010,SHV,LA,ASW,CE,Combined TRACON& Tower with Radar,13,32,30,0,75,0,3,28,2,33,13,35,58,2,108,278,6,284,392
10/31/2010,SHV,LA,ASW,CE,Combined TRACON& Tower with Radar,14,40,29,0,83,0,0,16,0,16,14,40,45,0,99,120,0,120,219
11/01/2010,SHV,LA,ASW,CE,Combined TRACON& Tower with Radar,10,48,30,0,88,0,0,6,0,6,10,48,36,0,94,0,0,0,94
11/02/2010,SHV,LA,ASW,CE,Combined TRACON& Tower with Radar,18,46,18,12,94,0,0,0,1,1,18,46,18,13,95,0,0,0,95
11/03/2010,SHV,LA,ASW,CE,Combined TRACON& Tower with Radar,18,44,34,0,96,0,0,0,0,0,18,44,34,0,96,2,0,2,98
11/04/2010,SHV,LA,ASW,CE,Combined TRACON& Tower with Radar,24,62,23,4,113,0,0,21,5,26,24,62,44,9,139,4,0,4,143
11/05/2010,SHV,LA,ASW,CE,Combined TRACON& Tower with Radar,18,58,29,20,125,0,0,16,2,18,18,58,45,22,143,6,0,6,149
11/06/2010,SHV,LA,ASW,CE,Combined TRACON& Tower with Radar,14,38,23,7,82,0,1,22,5,28,14,39,45,12,110,246,0,246,356
11/07/2010,SHV,LA,ASW,CE,Combined TRACON& Tower with Radar,14,40,25,0,79,0,0,35,0,35,14,40,60,0,114,176,0,176,290
11/08/2010,SHV,LA,ASW,CE,Combined TRACON& Tower with Radar,14,59,22,0,95,0,3,20,0,23,14,62,42,0,118,14,0,14,132
11/09/2010,SHV,LA,ASW,CE,Combined TRACON& Tower with Radar,18,53,36,4,111,0,0,32,0,32,18,53,68,4,143,8,0,8,151
11/10/2010,SHV,LA,ASW,CE,Combined TRACON& Tower with Radar,22,48,48,6,124,0,1,16,1,18,22,49,64,7,142,0,8,8,150
11/11/2010,SHV,LA,ASW,CE,Combined TRACON& Tower with Radar,20,65,38,8,131,0,0,11,2,13,20,65,49,10,144,14,0,14,158
11/12/2010,SHV,LA,ASW,CE,Combined TRACON& Tower with Radar,26,44,36,6,112,0,0,29,1,30,26,44,65,7,142,28,0,28,170
11/13/2010,SHV,LA,ASW,CE,Combined TRACON& Tower with Radar,14,42,38,11,105,0,1,1,0,2,14,43,39,11,107,0,0,0,107
11/14/2010,SHV,LA,ASW,CE,Combined TRACON& Tower with Radar,12,43,20,3,78,0,0,5,3,8,12,43,25,6,86,0,4,4,90
11/15/2010,SHV,LA,ASW,CE,Combined TRACON& Tower with Radar,10,42,18,6,76,0,0,0,0,0,10,42,18,6,76,0,0,0,76
11/16/2010,SHV,LA,ASW,CE,Combined TRACON& Tower with Radar,18,52,58,4,132,0,1,16,2,19,18,53,74,6,151,2,0,2,153
11/17/2010,SHV,LA,ASW,CE,Combined TRACON& Tower with Radar,20,55,33,8,116,0,2,21,2,25,20,57,54,10,141,10,0,10,151
11/18/2010,SHV,LA,ASW,CE,Combined TRACON& Tower with Radar,22,52,60,14,148,0,0,15,0,15,22,52,75,14,163,4,0,4,167
11/19/2010,SHV,LA,ASW,CE,Combined TRACON& Tower with Radar,19,47,51,6,123,0,0,5,0,5,19,47,56,6,128,10,0,10,138
11/20/2010,SHV,LA,ASW,CE,Combined TRACON& Tower with Radar,12,32,25,0,69,0,0,10,0,10,12,32,35,0,79,0,0,0,79
11/21/2010,SHV,LA,ASW,CE,Combined TRACON& Tower with Radar,12,39,35,6,92,0,1,10,0,11,12,40,45,6,103,20,0,20,123
11/22/2010,SHV,LA,ASW,CE,Combined TRACON& Tower with Radar,14,48,34,2,98,0,2,9,0,11,14,50,43,2,109,6,0,6,115
11/23/2010,SHV,LA,ASW,CE,Combined TRACON& Tower with Radar,24,56,44,0,124,0,6,19,0,25,24,62,63,0,149,20,0,20,169
11/24/2010,SHV,LA,ASW,CE,Combined TRACON& Tower with Radar,20,49,29,0,98,0,1,9,0,10,20,50,38,0,108,16,0,16,124
11/25/2010,SHV,LA,ASW,CE,Combined TRACON& Tower with Radar,12,33,5,0,50,0,1,1,0,2,12,34,6,0,52,16,0,16,68
11/26/2010,SHV,LA,ASW,CE,Combined TRACON& Tower with Radar,16,29,16,0,61,0,0,19,0,19,16,29,35,0,80,6,0,6,86
11/27/2010,SHV,LA,ASW,CE,Combined TRACON& Tower with Radar,12,41,17,0,70,0,0,23,0,23,12,41,40,0,93,0,0,0,93
11/28/2010,SHV,LA,ASW,CE,Combined TRACON& Tower with Radar,18,47,45,0,110,0,0,12,0,12,18,47,57,0,122,13,0,13,135
11/29/2010,SHV,LA,ASW,CE,Combined TRACON& Tower with Radar,12,53,24,0,89,0,0,3,0,3,12,53,27,0,92,0,0,0,92
11/30/2010,SHV,LA,ASW,CE,Combined TRACON& Tower with Radar,22,58,37,6,123,0,0,11,0,11,22,58,48,6,134,0,4,4,138
12/01/2010,SHV,LA,ASW,CE,Combined TRACON& Tower with Radar,24,63,28,10,125,0,0,26,0,26,24,63,54,10,151,6,4,10,161
12/02/2010,SHV,LA,ASW,CE,Combined TRACON& Tower with Radar,28,64,44,6,142,0,1,8,2,11,28,65,52,8,153,0,0,0,153
12/03/2010,SHV,LA,ASW,CE,Combined TRACON& Tower with Radar,18,62,46,7,133,0,0,16,0,16,18,62,62,7,149,28,0,28,177
12/04/2010,SHV,LA,ASW,CE,Combined TRACON& Tower with Radar,16,35,36,16,103,0,1,12,1,14,16,36,48,17,117,28,12,40,157
12/05/2010,SHV,LA,ASW,CE,Combined TRACON& Tower with Radar,15,43,32,8,98,0,1,17,1,19,15,44,49,9,117,10,0,10,127
12/06/2010,SHV,LA,ASW,CE,Combined TRACON& Tower with Radar,17,46,26,2,91,0,6,18,0,24,17,52,44,2,115,0,0,0,115
12/07/2010,SHV,LA,ASW,CE,Combined TRACON& Tower with Radar,22,59,44,9,134,0,1,15,0,16,22,60,59,9,150,10,8,18,168
12/08/2010,SHV,LA,ASW,CE,Combined TRACON& Tower with Radar,20,54,34,6,114,0,0,6,1,7,20,54,40,7,121,0,0,0,121
12/09/2010,SHV,LA,ASW,CE,Combined TRACON& Tower with Radar,22,59,23,10,114,0,0,19,1,20,22,59,42,11,134,0,0,0,134
12/10/2010,SHV,LA,ASW,CE,Combined TRACON& Tower with Radar,20,54,39,17,130,0,1,11,1,13,20,55,50,18,143,5,4,9,152
12/11/2010,SHV,LA,ASW,CE,Combined TRACON& Tower with Radar,14,30,20,1,65,0,1,2,0,3,14,31,22,1,68,0,0,0,68
12/12/2010,SHV,LA,ASW,CE,Combined TRACON& Tower with Radar,17,34,24,0,75,0,1,8,1,10,17,35,32,1,85,0,0,0,85
12/13/2010,SHV,LA,ASW,CE,Combined TRACON& Tower with Radar,14,50,27,8,99,0,3,13,0,16,14,53,40,8,115,14,0,14,129
12/14/2010,SHV,LA,ASW,CE,Combined TRACON& Tower with Radar,25,64,43,0,132,0,0,32,0,32,25,64,75,0,164,0,0,0,164
12/15/2010,SHV,LA,ASW,CE,Combined TRACON& Tower with Radar,24,45,52,1,122,0,0,11,5,16,24,45,63,6,138,0,0,0,138
12/16/2010,SHV,LA,ASW,CE,Combined TRACON& Tower with Radar,26,54,34,15,129,0,0,16,1,17,26,54,50,16,146,6,4,10,156
12/17/2010,SHV,LA,ASW,CE,Combined TRACON& Tower with Radar,18,50,33,29,130,0,0,22,0,22,18,50,55,29,152,0,14,14,166
12/18/2010,SHV,LA,ASW,CE,Combined TRACON& Tower with Radar,8,34,23,2,67,0,1,14,0,15,8,35,37,2,82,2,0,2,84
12/19/2010,SHV,LA,ASW,CE,Combined TRACON& Tower with Radar,14,33,31,5,83,0,0,18,1,19,14,33,49,6,102,0,0,0,102
12/20/2010,SHV,LA,ASW,CE,Combined TRACON& Tower with Radar,21,44,30,1,96,0,3,9,0,12,21,47,39,1,108,0,0,0,108
12/21/2010,SHV,LA,ASW,CE,Combined TRACON& Tower with Radar,29,54,41,2,126,0,0,10,0,10,29,54,51,2,136,4,0,4,140
12/22/2010,SHV,LA,ASW,CE,Combined TRACON& Tower with Radar,26,57,44,2,129,0,1,11,0,12,26,58,55,2,141,0,0,0,141
12/23/2010,SHV,LA,ASW,CE,Combined TRACON& Tower with Radar,30,57,43,0,130,0,1,17,0,18,30,58,60,0,148,2,2,4,152
12/24/2010,SHV,LA,ASW,CE,Combined TRACON& Tower with Radar,17,33,8,0,58,0,1,10,0,11,17,34,18,0,69,0,0,0,69
12/25/2010,SHV,LA,ASW,CE,Combined TRACON& Tower with Radar,8,20,3,0,31,0,0,1,0,1,8,20,4,0,32,0,0,0,32
12/26/2010,SHV,LA,ASW,CE,Combined TRACON& Tower with Radar,15,39,20,0,74,0,6,10,1,17,15,45,30,1,91,6,0,6,97
12/27/2010,SHV,LA,ASW,CE,Combined TRACON& Tower with Radar,16,38,24,0,78,0,0,18,4,22,16,38,42,4,100,4,0,4,104
12/28/2010,SHV,LA,ASW,CE,Combined TRACON& Tower with Radar,18,45,31,1,95,0,0,3,2,5,18,45,34,3,100,0,0,0,100
12/29/2010,SHV,LA,ASW,CE,Combined TRACON& Tower with Radar,18,43,21,0,82,0,0,0,0,0,18,43,21,0,82,6,0,6,88
12/30/2010,SHV,LA,ASW,CE,Combined TRACON& Tower with Radar,20,54,32,0,106,0,0,3,0,3,20,54,35,0,109,0,0,0,109
12/31/2010,SHV,LA,ASW,CE,Combined TRACON& Tower with Radar,15,36,30,0,81,0,0,3,0,3,15,36,33,0,84,0,0,0,84
01/01/2011,SHV,LA,ASW,CE,Combined TRACON& Tower with Radar,8,21,14,0,43,0,0,5,0,5,8,21,19,0,48,0,0,0,48
01/02/2011,SHV,LA,ASW,CE,Combined TRACON& Tower with Radar,14,47,30,0,91,0,2,18,0,20,14,49,48,0,111,0,0,0,111
01/03/2011,SHV,LA,ASW,CE,Combined TRACON& Tower with Radar,17,47,31,2,97,0,1,13,0,14,17,48,44,2,111,10,0,10,121
01/04/2011,SHV,LA,ASW,CE,Combined TRACON& Tower with Radar,20,43,44,0,107,0,0,11,0,11,20,43,55,0,118,4,0,4,122
01/05/2011,SHV,LA,ASW,CE,Combined TRACON& Tower with Radar,22,40,38,14,114,0,0,12,0,12,22,40,50,14,126,2,0,2,128
01/06/2011,SHV,LA,ASW,CE,Combined TRACON& Tower with Radar,20,50,47,7,124,0,1,18,1,20,20,51,65,8,144,16,0,16,160
01/07/2011,SHV,LA,ASW,CE,Combined TRACON& Tower with Radar,18,42,34,4,98,0,0,43,0,43,18,42,77,4,141,4,0,4,145
01/08/2011,SHV,LA,ASW,CE,Combined TRACON& Tower with Radar,14,35,27,3,79,0,2,26,1,29,14,37,53,4,108,20,0,20,128
01/09/2011,SHV,LA,ASW,CE,Combined TRACON& Tower with Radar,8,18,6,0,32,0,0,0,0,0,8,18,6,0,32,0,0,0,32
01/10/2011,SHV,LA,ASW,CE,Combined TRACON& Tower with Radar,12,32,21,0,65,0,0,0,0,0,12,32,21,0,65,0,0,0,65
01/11/2011,SHV,LA,ASW,CE,Combined TRACON& Tower with Radar,18,36,35,4,93,0,0,12,2,14,18,36,47,6,107,0,0,0,107
01/12/2011,SHV,LA,ASW,CE,Combined TRACON& Tower with Radar,20,46,40,9,115,0,0,17,1,18,20,46,57,10,133,0,0,0,133
01/13/2011,SHV,LA,ASW,CE,Combined TRACON& Tower with Radar,20,45,40,11,116,0,1,19,3,23,20,46,59,14,139,14,0,14,153
01/14/2011,SHV,LA,ASW,CE,Combined TRACON& Tower with Radar,20,43,34,11,108,0,2,6,1,9,20,45,40,12,117,4,6,10,127
01/15/2011,SHV,LA,ASW,CE,Combined TRACON& Tower with Radar,11,26,18,0,55,0,0,1,0,1,11,26,19,0,56,0,0,0,56
01/16/2011,SHV,LA,ASW,CE,Combined TRACON& Tower with Radar,16,31,25,0,72,0,0,0,0,0,16,31,25,0,72,0,0,0,72
01/17/2011,SHV,LA,ASW,CE,Combined TRACON& Tower with Radar,13,39,34,0,86,0,0,0,0,0,13,39,34,0,86,0,0,0,86
01/18/2011,SHV,LA,ASW,CE,Combined TRACON& Tower with Radar,21,44,33,9,107,0,2,7,0,9,21,46,40,9,116,0,0,0,116
01/19/2011,SHV,LA,ASW,CE,Combined TRACON& Tower with Radar,19,44,53,1,117,0,1,14,0,15,19,45,67,1,132,14,0,14,146
01/20/2011,SHV,LA,ASW,CE,Combined TRACON& Tower with Radar,20,55,27,0,102,0,0,0,0,0,20,55,27,0,102,0,0,0,102
01/21/2011,SHV,LA,ASW,CE,Combined TRACON& Tower with Radar,18,49,34,8,109,0,2,17,4,23,18,51,51,12,132,4,0,4,136
01/22/2011,SHV,LA,ASW,CE,Combined TRACON& Tower with Radar,12,26,25,5,68,0,0,37,2,39,12,26,62,7,107,0,0,0,107
01/23/2011,SHV,LA,ASW,CE,Combined TRACON& Tower with Radar,16,36,29,0,81,0,0,22,0,22,16,36,51,0,103,20,0,20,123
01/24/2011,SHV,LA,ASW,CE,Combined TRACON& Tower with Radar,24,39,31,6,100,0,0,4,0,4,24,39,35,6,104,0,0,0,104
01/25/2011,SHV,LA,ASW,CE,Combined TRACON& Tower with Radar,30,46,40,6,122,0,1,16,0,17,30,47,56,6,139,6,0,6,145
01/26/2011,SHV,LA,ASW,CE,Combined TRACON& Tower with Radar,20,46,43,11,120,0,0,25,3,28,20,46,68,14,148,6,0,6,154
01/27/2011,SHV,LA,ASW,CE,Combined TRACON& Tower with Radar,18,44,38,13,113,0,3,20,3,26,18,47,58,16,139,0,0,0,139
01/28/2011,SHV,LA,ASW,CE,Combined TRACON& Tower with Radar,20,41,34,10,105,0,0,43,1,44,20,41,77,11,149,20,0,20,169
01/29/2011,SHV,LA,ASW,CE,Combined TRACON& Tower with Radar,12,24,9,2,47,0,2,16,0,18,12,26,25,2,65,18,4,22,87
01/30/2011,SHV,LA,ASW,CE,Combined TRACON& Tower with Radar,12,37,19,0,68,0,0,0,0,0,12,37,19,0,68,0,0,0,68
01/31/2011,SHV,LA,ASW,CE,Combined TRACON& Tower with Radar,9,41,34,0,84,0,0,0,2,2,9,41,34,2,86,0,0,0,86
02/01/2011,SHV,LA,ASW,CE,Combined TRACON& Tower with Radar,9,41,10,0,60,0,0,0,0,0,9,41,10,0,60,0,0,0,60
02/02/2011,SHV,LA,ASW,CE,Combined TRACON& Tower with Radar,10,37,27,13,87,0,0,13,1,14,10,37,40,14,101,20,14,34,135
02/03/2011,SHV,LA,ASW,CE,Combined TRACON& Tower with Radar,10,51,38,13,112,0,0,11,0,11,10,51,49,13,123,0,0,0,123
02/04/2011,SHV,LA,ASW,CE,Combined TRACON& Tower with Radar,6,15,16,2,39,0,0,0,0,0,6,15,16,2,39,18,0,18,57
02/05/2011,SHV,LA,ASW,CE,Combined TRACON& Tower with Radar,13,27,39,1,80,0,0,21,1,22,13,27,60,2,102,18,0,18,120
02/06/2011,SHV,LA,ASW,CE,Combined TRACON& Tower with Radar,17,32,29,1,79,0,0,16,3,19,17,32,45,4,98,8,0,8,106
02/07/2011,SHV,LA,ASW,CE,Combined TRACON& Tower with Radar,14,46,40,13,113,0,0,1,0,1,14,46,41,13,114,18,0,18,132
02/08/2011,SHV,LA,ASW,CE,Combined TRACON& Tower with Radar,22,42,42,5,111,0,3,19,3,25,22,45,61,8,136,10,0,10,146
02/09/2011,SHV,LA,ASW,CE,Combined TRACON& Tower with Radar,10,32,13,4,59,0,0,0,0,0,10,32,13,4,59,0,0,0,59
02/10/2011,SHV,LA,ASW,CE,Combined TRACON& Tower with Radar,18,63,35,17,133,0,0,8,0,8,18,63,43,17,141,0,0,0,141
02/11/2011,SHV,LA,ASW,CE,Combined TRACON& Tower with Radar,16,42,20,14,92,0,2,35,0,37,16,44,55,14,129,0,0,0,129
02/12/2011,SHV,LA,ASW,CE,Combined TRACON& Tower with Radar,16,31,24,2,73,0,0,23,0,23,16,31,47,2,96,6,12,18,114
02/13/2011,SHV,LA,ASW,CE,Combined TRACON& Tower with Radar,14,36,26,22,98,0,0,17,2,19,14,36,43,24,117,30,0,30,147
02/14/2011,SHV,LA,ASW,CE,Combined TRACON& Tower with Radar,12,47,29,1,89,0,1,20,3,24,12,48,49,4,113,8,0,8,121
02/15/2011,SHV,LA,ASW,CE,Combined TRACON& Tower with Radar,18,43,44,0,105,0,2,15,2,19,18,45,59,2,124,25,0,25,149
02/16/2011,SHV,LA,ASW,CE,Combined TRACON& Tower with Radar,16,48,33,4,101,0,0,4,0,4,16,48,37,4,105,0,0,0,105
02/17/2011,SHV,LA,ASW,CE,Combined TRACON& Tower with Radar,20,46,46,2,114,0,1,6,0,7,20,47,52,2,121,0,0,0,121
02/18/2011,SHV,LA,ASW,CE,Combined TRACON& Tower with Radar,16,47,66,36,165,0,0,19,0,19,16,47,85,36,184,6,20,26,210
02/19/2011,SHV,LA,ASW,CE,Combined TRACON& Tower with Radar,10,30,23,13,76,0,2,9,0,11,10,32,32,13,87,24,0,24,111
02/20/2011,SHV,LA,ASW,CE,Combined TRACON& Tower with Radar,12,35,30,1,78,0,0,9,0,9,12,35,39,1,87,15,0,15,102
02/21/2011,SHV,LA,ASW,CE,Combined TRACON& Tower with Radar,15,47,39,1,102,0,0,6,0,6,15,47,45,1,108,16,0,16,124
02/22/2011,SHV,LA,ASW,CE,Combined TRACON& Tower with Radar,19,49,33,8,109,0,9,26,0,35,19,58,59,8,144,34,0,34,178
02/23/2011,SHV,LA,ASW,CE,Combined TRACON& Tower with Radar,22,48,40,2,112,0,0,11,0,11,22,48,51,2,123,6,0,6,129
02/24/2011,SHV,LA,ASW,CE,Combined TRACON& Tower with Radar,26,44,22,0,92,0,0,5,0,5,26,44,27,0,97,0,0,0,97
02/25/2011,SHV,LA,ASW,CE,Combined TRACON& Tower with Radar,20,44,38,25,127,0,0,16,0,16,20,44,54,25,143,14,10,24,167
02/26/2011,SHV,LA,ASW,CE,Combined TRACON& Tower with Radar,10,37,44,12,103,0,0,9,2,11,10,37,53,14,114,0,0,0,114
02/27/2011,SHV,LA,ASW,CE,Combined TRACON& Tower with Radar,15,46,35,7,103,0,0,4,0,4,15,46,39,7,107,0,14,14,121
02/28/2011,SHV,LA,ASW,CE,Combined TRACON& Tower with Radar,13,50,25,11,99,0,0,7,2,9,13,50,32,13,108,0,14,14,122
03/01/2011,SHV,LA,ASW,CE,Combined TRACON& Tower with Radar,18,44,31,4,97,0,0,26,0,26,18,44,57,4,123,20,0,20,143
03/02/2011,SHV,LA,ASW,CE,Combined TRACON& Tower with Radar,18,39,28,3,88,0,1,19,0,20,18,40,47,3,108,2,0,2,110
03/03/2011,SHV,LA,ASW,CE,Combined TRACON& Tower with Radar,26,65,51,1,143,0,10,17,1,28,26,75,68,2,171,8,0,8,179
03/04/2011,SHV,LA,ASW,CE,Combined TRACON& Tower with Radar,20,49,52,31,152,0,0,2,0,2,20,49,54,31,154,0,4,4,158
03/05/2011,SHV,LA,ASW,CE,Combined TRACON& Tower with Radar,14,35,15,0,64,0,0,1,0,1,14,35,16,0,65,0,0,0,65
03/06/2011,SHV,LA,ASW,CE,Combined TRACON& Tower with Radar,14,41,14,14,83,0,1,15,0,16,14,42,29,14,99,11,0,11,110
03/07/2011,SHV,LA,ASW,CE,Combined TRACON& Tower with Radar,12,42,22,4,80,0,0,23,0,23,12,42,45,4,103,12,0,12,115
03/08/2011,SHV,LA,ASW,CE,Combined TRACON& Tower with Radar,49,48,18,8,123,0,3,0,0,3,49,51,18,8,126,0,0,0,126
03/09/2011,SHV,LA,ASW,CE,Combined TRACON& Tower with Radar,21,53,38,2,114,0,5,23,2,30,21,58,61,4,144,16,0,16,160
03/10/2011,SHV,LA,ASW,CE,Combined TRACON& Tower with Radar,20,52,28,5,105,0,1,29,0,30,20,53,57,5,135,2,14,16,151
03/11/2011,SHV,LA,ASW,CE,Combined TRACON& Tower with Radar,12,50,26,42,130,0,2,28,0,30,12,52,54,42,160,28,12,40,200
03/12/2011,SHV,LA,ASW,CE,Combined TRACON& Tower with Radar,12,34,14,2,62,0,3,20,2,25,12,37,34,4,87,26,0,26,113
03/13/2011,SHV,LA,ASW,CE,Combined TRACON& Tower with Radar,14,34,27,1,76,0,1,9,1,11,14,35,36,2,87,8,0,8,95
03/14/2011,SHV,LA,ASW,CE,Combined TRACON& Tower with Radar,13,37,14,0,64,0,3,9,1,13,13,40,23,1,77,27,0,27,104
03/15/2011,SHV,LA,ASW,CE,Combined TRACON& Tower with Radar,27,56,45,6,134,10,2,23,1,36,37,58,68,7,170,19,0,19,189
03/16/2011,SHV,LA,ASW,CE,Combined TRACON& Tower with Radar,18,47,39,0,104,0,2,37,0,39,18,49,76,0,143,6,0,6,149
03/17/2011,SHV,LA,ASW,CE,Combined TRACON& Tower with Radar,20,52,36,0,108,0,5,15,0,20,20,57,51,0,128,22,0,22,150
03/18/2011,SHV,LA,ASW,CE,Combined TRACON& Tower with Radar,22,52,32,19,125,0,2,18,2,22,22,54,50,21,147,50,4,54,201
03/19/2011,SHV,LA,ASW,CE,Combined TRACON& Tower with Radar,14,39,34,0,87,0,2,16,0,18,14,41,50,0,105,18,0,18,123
03/20/2011,SHV,LA,ASW,CE,Combined TRACON& Tower with Radar,15,46,33,4,98,0,2,9,0,11,15,48,42,4,109,0,0,0,109
03/21/2011,SHV,LA,ASW,CE,Combined TRACON& Tower with Radar,11,46,26,0,83,0,0,13,0,13,11,46,39,0,96,0,0,0,96
03/22/2011,SHV,LA,ASW,CE,Combined TRACON& Tower with Radar,22,49,30,2,103,0,0,14,0,14,22,49,44,2,117,0,0,0,117
03/23/2011,SHV,LA,ASW,CE,Combined TRACON& Tower with Radar,24,49,33,0,106,0,2,23,0,25,24,51,56,0,131,0,0,0,131
03/24/2011,SHV,LA,ASW,CE,Combined TRACON& Tower with Radar,20,43,47,2,112,0,3,31,0,34,20,46,78,2,146,4,0,4,150
03/25/2011,SHV,LA,ASW,CE,Combined TRACON& Tower with Radar,18,56,39,10,123,0,1,13,4,18,18,57,52,14,141,0,2,2,143
03/26/2011,SHV,LA,ASW,CE,Combined TRACON& Tower with Radar,14,32,19,2,67,0,2,4,3,9,14,34,23,5,76,0,6,6,82
03/27/2011,SHV,LA,ASW,CE,Combined TRACON& Tower with Radar,14,32,38,23,107,0,0,6,0,6,14,32,44,23,113,22,2,24,137
03/28/2011,SHV,LA,ASW,CE,Combined TRACON& Tower with Radar,12,56,42,4,114,0,0,5,0,5,12,56,47,4,119,0,0,0,119
03/29/2011,SHV,LA,ASW,CE,Combined TRACON& Tower with Radar,22,58,28,2,110,0,1,3,0,4,22,59,31,2,114,0,0,0,114
03/30/2011,SHV,LA,ASW,CE,Combined TRACON& Tower with Radar,20,46,48,2,116,0,1,10,0,11,20,47,58,2,127,0,0,0,127
03/31/2011,SHV,LA,ASW,CE,Combined TRACON& Tower with Radar,22,47,42,6,117,0,3,15,2,20,22,50,57,8,137,2,0,2,139
04/01/2011,SHV,LA,ASW,CE,Combined TRACON& Tower with Radar,18,53,36,6,113,0,2,28,0,30,18,55,64,6,143,0,8,8,151
04/02/2011,SHV,LA,ASW,CE,Combined TRACON& Tower with Radar,16,33,29,2,80,0,0,17,2,19,16,33,46,4,99,0,0,0,99
04/03/2011,SHV,LA,ASW,CE,Combined TRACON& Tower with Radar,14,48,40,2,104,0,1,14,0,15,14,49,54,2,119,12,0,12,131
04/04/2011,SHV,LA,ASW,CE,Combined TRACON& Tower with Radar,10,35,19,0,64,0,0,4,0,4,10,35,23,0,68,0,0,0,68
04/05/2011,SHV,LA,ASW,CE,Combined TRACON& Tower with Radar,25,49,34,2,110,0,2,28,0,30,25,51,62,2,140,46,0,46,186
04/06/2011,SHV,LA,ASW,CE,Combined TRACON& Tower with Radar,22,40,26,10,98,0,3,16,4,23,22,43,42,14,121,53,0,53,174
04/07/2011,SHV,LA,ASW,CE,Combined TRACON& Tower with Radar,24,51,45,11,131,0,0,17,0,17,24,51,62,11,148,30,20,50,198
04/08/2011,SHV,LA,ASW,CE,Combined TRACON& Tower with Radar,23,37,32,4,96,0,2,17,1,20,23,39,49,5,116,24,0,24,140
04/09/2011,SHV,LA,ASW,CE,Combined TRACON& Tower with Radar,15,34,19,1,69,0,5,6,0,11,15,39,25,1,80,28,0,28,108
04/10/2011,SHV,LA,ASW,CE,Combined TRACON& Tower with Radar,16,33,32,20,101,0,0,6,0,6,16,33,38,20,107,0,0,0,107
04/11/2011,SHV,LA,ASW,CE,Combined TRACON& Tower with Radar,15,45,16,1,77,0,1,8,4,13,15,46,24,5,90,0,0,0,90
04/12/2011,SHV,LA,ASW,CE,Combined TRACON& Tower with Radar,24,36,42,2,104,0,6,41,5,52,24,42,83,7,156,16,6,22,178
04/13/2011,SHV,LA,ASW,CE,Combined TRACON& Tower with Radar,28,41,44,8,121,0,0,23,0,23,28,41,67,8,144,18,0,18,162
04/14/2011,SHV,LA,ASW,CE,Combined TRACON& Tower with Radar,24,54,45,4,127,0,0,15,0,15,24,54,60,4,142,8,0,8,150
04/15/2011,SHV,LA,ASW,CE,Combined TRACON& Tower with Radar,23,43,29,15,110,0,2,8,4,14,23,45,37,19,124,6,0,6,130
04/16/2011,SHV,LA,ASW,CE,Combined TRACON& Tower with Radar,14,25,27,3,69,0,0,9,1,10,14,25,36,4,79,4,0,4,83
04/17/2011,SHV,LA,ASW,CE,Combined TRACON& Tower with Radar,14,34,21,0,69,0,1,23,0,24,14,35,44,0,93,0,0,0,93
04/18/2011,SHV,LA,ASW,CE,Combined TRACON& Tower with Radar,16,37,43,8,104,0,0,7,4,11,16,37,50,12,115,0,0,0,115
04/19/2011,SHV,LA,ASW,CE,Combined TRACON& Tower with Radar,36,43,30,13,122,0,0,11,3,14,36,43,41,16,136,4,9,13,149
04/20/2011,SHV,LA,ASW,CE,Combined TRACON& Tower with Radar,22,44,56,0,122,0,0,9,0,9,22,44,65,0,131,4,0,4,135
04/21/2011,SHV,LA,ASW,CE,Combined TRACON& Tower with Radar,27,38,52,3,120,0,1,5,2,8,27,39,57,5,128,0,10,10,138
04/22/2011,SHV,LA,ASW,CE,Combined TRACON& Tower with Radar,20,39,29,8,96,0,0,8,1,9,20,39,37,9,105,0,6,6,111
04/23/2011,SHV,LA,ASW,CE,Combined TRACON& Tower with Radar,14,21,11,2,48,0,0,8,0,8,14,21,19,2,56,0,0,0,56
04/24/2011,SHV,LA,ASW,CE,Combined TRACON& Tower with Radar,18,30,22,0,70,0,0,8,0,8,18,30,30,0,78,0,0,0,78
04/25/2011,SHV,LA,ASW,CE,Combined TRACON& Tower with Radar,22,41,44,0,107,0,3,4,0,7,22,44,48,0,114,22,0,22,136
04/26/2011,SHV,LA,ASW,CE,Combined TRACON& Tower with Radar,21,43,48,0,112,0,2,3,0,5,21,45,51,0,117,16,0,16,133
04/27/2011,SHV,LA,ASW,CE,Combined TRACON& Tower with Radar,27,41,39,4,111,0,0,10,0,10,27,41,49,4,121,8,0,8,129
04/28/2011,SHV,LA,ASW,CE,Combined TRACON& Tower with Radar,30,52,57,0,139,0,2,23,0,25,30,54,80,0,164,28,0,28,192
04/29/2011,SHV,LA,ASW,CE,Combined TRACON& Tower with Radar,25,46,41,13,125,0,4,45,0,49,25,50,86,13,174,34,10,44,218
04/30/2011,SHV,LA,ASW,CE,Combined TRACON& Tower with Radar,14,33,53,5,105,0,1,1,0,2,14,34,54,5,107,0,0,0,107
05/01/2011,SHV,LA,ASW,CE,Combined TRACON& Tower with Radar,15,33,44,0,92,0,0,12,0,12,15,33,56,0,104,32,0,32,136
05/02/2011,SHV,LA,ASW,CE,Combined TRACON& Tower with Radar,14,41,19,0,74,0,0,0,0,0,14,41,19,0,74,0,0,0,74
05/03/2011,SHV,LA,ASW,CE,Combined TRACON& Tower with Radar,24,42,45,0,111,0,1,22,0,23,24,43,67,0,134,0,0,0,134
05/04/2011,SHV,LA,ASW,CE,Combined TRACON& Tower with Radar,21,37,39,4,101,0,1,23,2,26,21,38,62,6,127,0,0,0,127
05/05/2011,SHV,LA,ASW,CE,Combined TRACON& Tower with Radar,28,44,41,0,113,0,0,40,2,42,28,44,81,2,155,4,0,4,159
05/06/2011,SHV,LA,ASW,CE,Combined TRACON& Tower with Radar,30,36,44,2,112,0,1,32,2,35,30,37,76,4,147,34,0,34,181
05/07/2011,SHV,LA,ASW,CE,Combined TRACON& Tower with Radar,16,26,26,9,77,0,0,18,0,18,16,26,44,9,95,0,0,0,95
05/08/2011,SHV,LA,ASW,CE,Combined TRACON& Tower with Radar,16,29,31,2,78,0,4,10,0,14,16,33,41,2,92,8,0,8,100
05/09/2011,SHV,LA,ASW,CE,Combined TRACON& Tower with Radar,18,40,25,0,83,0,0,9,0,9,18,40,34,0,92,8,0,8,100
05/10/2011,SHV,LA,ASW,CE,Combined TRACON& Tower with Radar,29,34,48,0,111,0,1,15,0,16,29,35,63,0,127,9,0,9,136
05/11/2011,SHV,LA,ASW,CE,Combined TRACON& Tower with Radar,19,42,44,0,105,0,1,13,4,18,19,43,57,4,123,2,0,2,125
05/12/2011,SHV,LA,ASW,CE,Combined TRACON& Tower with Radar,26,38,41,2,107,0,0,15,0,15,26,38,56,2,122,0,0,0,122
05/13/2011,SHV,LA,ASW,CE,Combined TRACON& Tower with Radar,25,43,37,10,115,0,0,17,2,19,25,43,54,12,134,4,2,6,140
05/14/2011,SHV,LA,ASW,CE,Combined TRACON& Tower with Radar,14,26,33,1,74,0,0,16,0,16,14,26,49,1,90,6,0,6,96
05/15/2011,SHV,LA,ASW,CE,Combined TRACON& Tower with Radar,16,39,26,2,83,0,3,13,1,17,16,42,39,3,100,12,0,12,112
05/16/2011,SHV,LA,ASW,CE,Combined TRACON& Tower with Radar,16,47,34,9,106,0,1,23,6,30,16,48,57,15,136,14,0,14,150
05/17/2011,SHV,LA,ASW,CE,Combined TRACON& Tower with Radar,24,38,44,0,106,0,0,35,2,37,24,38,79,2,143,0,0,0,143
05/18/2011,SHV,LA,ASW,CE,Combined TRACON& Tower with Radar,22,38,41,4,105,0,0,15,0,15,22,38,56,4,120,0,0,0,120
05/19/2011,SHV,LA,ASW,CE,Combined TRACON& Tower with Radar,26,42,57,9,134,0,0,9,1,10,26,42,66,10,144,6,0,6,150
05/20/2011,SHV,LA,ASW,CE,Combined TRACON& Tower with Radar,23,35,26,2,86,0,1,6,0,7,23,36,32,2,93,0,0,0,93
05/21/2011,SHV,LA,ASW,CE,Combined TRACON& Tower with Radar,13,24,27,0,64,0,1,9,0,10,13,25,36,0,74,24,0,24,98
05/22/2011,SHV,LA,ASW,CE,Combined TRACON& Tower with Radar,30,33,32,6,101,0,0,7,0,7,30,33,39,6,108,0,0,0,108
05/23/2011,SHV,LA,ASW,CE,Combined TRACON& Tower with Radar,24,45,32,1,102,0,0,15,1,16,24,45,47,2,118,16,0,16,134
05/24/2011,SHV,LA,ASW,CE,Combined TRACON& Tower with Radar,26,44,38,17,125,0,0,18,2,20,26,44,56,19,145,16,0,16,161
05/25/2011,SHV,LA,ASW,CE,Combined TRACON& Tower with Radar,26,42,38,0,106,0,0,10,4,14,26,42,48,4,120,6,0,6,126
05/26/2011,SHV,LA,ASW,CE,Combined TRACON& Tower with Radar,27,50,60,0,137,0,0,13,0,13,27,50,73,0,150,12,0,12,162
05/27/2011,SHV,LA,ASW,CE,Combined TRACON& Tower with Radar,25,44,36,0,105,0,0,36,0,36,25,44,72,0,141,24,0,24,165
05/28/2011,SHV,LA,ASW,CE,Combined TRACON& Tower with Radar,12,22,21,0,55,0,3,19,0,22,12,25,40,0,77,32,0,32,109
05/29/2011,SHV,LA,ASW,CE,Combined TRACON& Tower with Radar,17,17,20,6,60,0,3,17,0,20,17,20,37,6,80,10,0,10,90
05/30/2011,SHV,LA,ASW,CE,Combined TRACON& Tower with Radar,12,25,22,0,59,0,2,7,0,9,12,27,29,0,68,6,0,6,74
05/31/2011,SHV,LA,ASW,CE,Combined TRACON& Tower with Radar,19,40,27,4,90,0,0,14,0,14,19,40,41,4,104,13,0,13,117
06/01/2011,SHV,LA,ASW,CE,Combined TRACON& Tower with Radar,24,31,27,4,86,0,2,20,0,22,24,33,47,4,108,6,0,6,114
06/02/2011,SHV,LA,ASW,CE,Combined TRACON& Tower with Radar,27,42,53,23,145,0,0,17,2,19,27,42,70,25,164,0,0,0,164
06/03/2011,SHV,LA,ASW,CE,Combined TRACON& Tower with Radar,22,37,26,20,105,0,5,23,3,31,22,42,49,23,136,2,0,2,138
06/04/2011,SHV,LA,ASW,CE,Combined TRACON& Tower with Radar,13,22,27,4,66,0,0,15,1,16,13,22,42,5,82,28,4,32,114
06/05/2011,SHV,LA,ASW,CE,Combined TRACON& Tower with Radar,19,32,19,3,73,0,0,11,0,11,19,32,30,3,84,0,6,6,90
06/06/2011,SHV,LA,ASW,CE,Combined TRACON& Tower with Radar,16,45,23,2,86,0,0,16,0,16,16,45,39,2,102,11,0,11,113
06/07/2011,SHV,LA,ASW,CE,Combined TRACON& Tower with Radar,24,40,47,6,117,0,0,23,0,23,24,40,70,6,140,46,0,46,186
06/08/2011,SHV,LA,ASW,CE,Combined TRACON& Tower with Radar,22,36,48,0,106,0,1,17,0,18,22,37,65,0,124,28,0,28,152
06/09/2011,SHV,LA,ASW,CE,Combined TRACON& Tower with Radar,28,56,34,0,118,0,0,26,0,26,28,56,60,0,144,8,0,8,152
06/10/2011,SHV,LA,ASW,CE,Combined TRACON& Tower with Radar,26,41,28,55,150,0,0,22,6,28,26,41,50,61,178,24,40,64,242
06/11/2011,SHV,LA,ASW,CE,Combined TRACON& Tower with Radar,12,22,27,27,88,0,1,13,9,23,12,23,40,36,111,0,34,34,145
06/12/2011,SHV,LA,ASW,CE,Combined TRACON& Tower with Radar,20,33,26,3,82,0,2,9,3,14,20,35,35,6,96,0,4,4,100
06/13/2011,SHV,LA,ASW,CE,Combined TRACON& Tower with Radar,22,36,22,7,87,0,5,19,0,24,22,41,41,7,111,0,0,0,111
06/14/2011,SHV,LA,ASW,CE,Combined TRACON& Tower with Radar,24,47,56,0,127,0,3,17,2,22,24,50,73,2,149,0,0,0,149
06/15/2011,SHV,LA,ASW,CE,Combined TRACON& Tower with Radar,24,42,50,0,116,0,1,9,0,10,24,43,59,0,126,0,0,0,126
06/16/2011,SHV,LA,ASW,CE,Combined TRACON& Tower with Radar,30,37,44,4,115,0,2,26,4,32,30,39,70,8,147,4,0,4,151
06/17/2011,SHV,LA,ASW,CE,Combined TRACON& Tower with Radar,28,39,28,12,107,0,0,21,4,25,28,39,49,16,132,0,0,0,132
06/18/2011,SHV,LA,ASW,CE,Combined TRACON& Tower with Radar,13,32,25,9,79,0,4,5,2,11,13,36,30,11,90,0,0,0,90
06/19/2011,SHV,LA,ASW,CE,Combined TRACON& Tower with Radar,21,30,18,3,72,0,1,10,1,12,21,31,28,4,84,6,2,8,92
06/20/2011,SHV,LA,ASW,CE,Combined TRACON& Tower with Radar,20,34,40,2,96,0,0,13,0,13,20,34,53,2,109,6,2,8,117
06/21/2011,SHV,LA,ASW,CE,Combined TRACON& Tower with Radar,29,42,48,0,119,0,0,4,0,4,29,42,52,0,123,0,0,0,123
06/22/2011,SHV,LA,ASW,CE,Combined TRACON& Tower with Radar,21,32,41,4,98,0,0,16,2,18,21,32,57,6,116,2,0,2,118
06/23/2011,SHV,LA,ASW,CE,Combined TRACON& Tower with Radar,28,47,46,2,123,0,5,16,0,21,28,52,62,2,144,10,0,10,154
06/24/2011,SHV,LA,ASW,CE,Combined TRACON& Tower with Radar,24,41,26,11,102,0,1,23,5,29,24,42,49,16,131,0,4,4,135
06/25/2011,SHV,LA,ASW,CE,Combined TRACON& Tower with Radar,17,32,31,1,81,0,5,15,0,20,17,37,46,1,101,12,0,12,113
06/26/2011,SHV,LA,ASW,CE,Combined TRACON& Tower with Radar,19,30,36,1,86,0,1,13,3,17,19,31,49,4,103,18,0,18,121
06/27/2011,SHV,LA,ASW,CE,Combined TRACON& Tower with Radar,18,42,32,0,92,0,2,13,0,15,18,44,45,0,107,8,0,8,115
06/28/2011,SHV,LA,ASW,CE,Combined TRACON& Tower with Radar,28,41,32,2,103,0,0,24,4,28,28,41,56,6,131,12,0,12,143
06/29/2011,SHV,LA,ASW,CE,Combined TRACON& Tower with Radar,30,46,39,8,123,0,1,11,4,16,30,47,50,12,139,0,20,20,159
06/30/2011,SHV,LA,ASW,CE,Combined TRACON& Tower with Radar,24,41,51,0,116,0,0,11,2,13,24,41,62,2,129,0,0,0,129
07/01/2011,SHV,LA,ASW,CE,Combined TRACON& Tower with Radar,24,45,30,0,99,0,0,21,0,21,24,45,51,0,120,6,0,6,126
07/02/2011,SHV,LA,ASW,CE,Combined TRACON& Tower with Radar,13,23,18,2,56,0,1,14,0,15,13,24,32,2,71,0,0,0,71
07/03/2011,SHV,LA,ASW,CE,Combined TRACON& Tower with Radar,20,26,10,0,56,0,2,10,0,12,20,28,20,0,68,0,0,0,68
07/04/2011,SHV,LA,ASW,CE,Combined TRACON& Tower with Radar,15,27,10,0,52,0,0,11,0,11,15,27,21,0,63,0,0,0,63
07/05/2011,SHV,LA,ASW,CE,Combined TRACON& Tower with Radar,19,48,38,1,106,0,5,21,1,27,19,53,59,2,133,17,0,17,150
07/06/2011,SHV,LA,ASW,CE,Combined TRACON& Tower with Radar,28,47,25,3,103,0,1,21,1,23,28,48,46,4,126,0,0,0,126
07/07/2011,SHV,LA,ASW,CE,Combined TRACON& Tower with Radar,26,46,29,7,108,0,2,16,3,21,26,48,45,10,129,0,4,4,133
07/08/2011,SHV,LA,ASW,CE,Combined TRACON& Tower with Radar,24,43,35,29,131,0,1,19,3,23,24,44,54,32,154,2,10,12,166
07/09/2011,SHV,LA,ASW,CE,Combined TRACON& Tower with Radar,15,25,20,24,84,0,0,7,3,10,15,25,27,27,94,0,40,40,134
07/10/2011,SHV,LA,ASW,CE,Combined TRACON& Tower with Radar,23,32,21,4,80,0,1,14,0,15,23,33,35,4,95,6,0,6,101
07/11/2011,SHV,LA,ASW,CE,Combined TRACON& Tower with Radar,18,37,33,0,88,0,0,10,1,11,18,37,43,1,99,0,0,0,99
07/12/2011,SHV,LA,ASW,CE,Combined TRACON& Tower with Radar,26,41,43,5,115,0,0,14,6,20,26,41,57,11,135,2,2,4,139
07/13/2011,SHV,LA,ASW,CE,Combined TRACON& Tower with Radar,26,44,36,2,108,0,1,27,0,28,26,45,63,2,136,4,0,4,140
07/14/2011,SHV,LA,ASW,CE,Combined TRACON& Tower with Radar,30,38,46,7,121,0,0,14,3,17,30,38,60,10,138,2,0,2,140
07/15/2011,SHV,LA,ASW,CE,Combined TRACON& Tower with Radar,24,47,40,10,121,0,2,14,2,18,24,49,54,12,139,2,0,2,141
07/16/2011,SHV,LA,ASW,CE,Combined TRACON& Tower with Radar,13,27,16,15,71,0,1,14,2,17,13,28,30,17,88,0,6,6,94
07/17/2011,SHV,LA,ASW,CE,Combined TRACON& Tower with Radar,18,31,32,18,99,0,0,10,3,13,18,31,42,21,112,8,0,8,120
07/18/2011,SHV,LA,ASW,CE,Combined TRACON& Tower with Radar,21,37,29,0,87,0,0,23,2,25,21,37,52,2,112,6,0,6,118
07/19/2011,SHV,LA,ASW,CE,Combined TRACON& Tower with Radar,24,46,43,6,119,0,0,11,0,11,24,46,54,6,130,6,0,6,136
07/20/2011,SHV,LA,ASW,CE,Combined TRACON& Tower with Radar,24,40,40,2,106,0,4,23,0,27,24,44,63,2,133,0,0,0,133
07/21/2011,SHV,LA,ASW,CE,Combined TRACON& Tower with Radar,28,54,63,2,147,0,3,20,2,25,28,57,83,4,172,37,0,37,209
07/22/2011,SHV,LA,ASW,CE,Combined TRACON& Tower with Radar,26,40,33,16,115,0,5,13,3,21,26,45,46,19,136,16,0,16,152
07/23/2011,SHV,LA,ASW,CE,Combined TRACON& Tower with Radar,13,32,18,10,73,0,4,11,2,17,13,36,29,12,90,14,0,14,104
07/24/2011,SHV,LA,ASW,CE,Combined TRACON& Tower with Radar,19,31,15,8,73,0,5,18,1,24,19,36,33,9,97,10,0,10,107
07/25/2011,SHV,LA,ASW,CE,Combined TRACON& Tower with Radar,18,42,26,5,91,0,7,12,0,19,18,49,38,5,110,2,0,2,112
07/26/2011,SHV,LA,ASW,CE,Combined TRACON& Tower with Radar,23,48,33,0,104,0,0,12,0,12,23,48,45,0,116,0,0,0,116
07/27/2011,SHV,LA,ASW,CE,Combined TRACON& Tower with Radar,24,43,35,0,102,0,0,8,0,8,24,43,43,0,110,6,0,6,116
07/28/2011,SHV,LA,ASW,CE,Combined TRACON& Tower with Radar,27,42,40,3,112,0,0,10,2,12,27,42,50,5,124,0,0,0,124
07/29/2011,SHV,LA,ASW,CE,Combined TRACON& Tower with Radar,22,52,27,10,111,0,0,10,2,12,22,52,37,12,123,0,0,0,123
07/30/2011,SHV,LA,ASW,CE,Combined TRACON& Tower with Radar,13,23,18,2,56,0,1,19,1,21,13,24,37,3,77,8,0,8,85
07/31/2011,SHV,LA,ASW,CE,Combined TRACON& Tower with Radar,18,34,23,0,75,0,5,5,3,13,18,39,28,3,88,10,0,10,98
08/01/2011,SHV,LA,ASW,CE,Combined TRACON& Tower with Radar,17,43,28,8,96,0,0,21,1,22,17,43,49,9,118,4,0,4,122
08/02/2011,SHV,LA,ASW,CE,Combined TRACON& Tower with Radar,24,36,45,1,106,0,4,14,3,21,24,40,59,4,127,28,0,28,155
08/03/2011,SHV,LA,ASW,CE,Combined TRACON& Tower with Radar,25,44,33,6,108,0,4,10,0,14,25,48,43,6,122,8,0,8,130
08/04/2011,SHV,LA,ASW,CE,Combined TRACON& Tower with Radar,29,43,36,12,120,0,0,21,3,24,29,43,57,15,144,6,8,14,158
08/05/2011,SHV,LA,ASW,CE,Combined TRACON& Tower with Radar,24,39,31,31,125,0,1,19,2,22,24,40,50,33,147,8,0,8,155
08/06/2011,SHV,LA,ASW,CE,Combined TRACON& Tower with Radar,10,24,22,12,68,0,0,14,2,16,10,24,36,14,84,0,0,0,84
08/07/2011,SHV,LA,ASW,CE,Combined TRACON& Tower with Radar,18,34,22,4,78,0,1,13,1,15,18,35,35,5,93,2,0,2,95
08/08/2011,SHV,LA,ASW,CE,Combined TRACON& Tower with Radar,16,39,20,20,95,0,0,29,0,29,16,39,49,20,124,6,0,6,130
08/09/2011,SHV,LA,ASW,CE,Combined TRACON& Tower with Radar,26,51,39,12,128,0,1,20,0,21,26,52,59,12,149,0,0,0,149
08/10/2011,SHV,LA,ASW,CE,Combined TRACON& Tower with Radar,26,53,37,5,121,0,0,11,1,12,26,53,48,6,133,0,0,0,133
08/11/2011,SHV,LA,ASW,CE,Combined TRACON& Tower with Radar,28,55,45,0,128,0,0,16,2,18,28,55,61,2,146,0,0,0,146
08/12/2011,SHV,LA,ASW,CE,Combined TRACON& Tower with Radar,24,40,20,26,110,0,1,16,2,19,24,41,36,28,129,10,0,10,139
08/13/2011,SHV,LA,ASW,CE,Combined TRACON& Tower with Radar,15,26,28,20,89,0,0,14,3,17,15,26,42,23,106,20,6,26,132
08/14/2011,SHV,LA,ASW,CE,Combined TRACON& Tower with Radar,19,29,26,2,76,0,0,4,3,7,19,29,30,5,83,0,0,0,83
08/15/2011,SHV,LA,ASW,CE,Combined TRACON& Tower with Radar,22,43,25,0,90,0,0,17,2,19,22,43,42,2,109,0,0,0,109
08/16/2011,SHV,LA,ASW,CE,Combined TRACON& Tower with Radar,26,45,31,0,102,0,2,6,0,8,26,47,37,0,110,0,0,0,110
08/17/2011,SHV,LA,ASW,CE,Combined TRACON& Tower with Radar,26,41,28,0,95,0,0,11,0,11,26,41,39,0,106,4,0,4,110
08/18/2011,SHV,LA,ASW,CE,Combined TRACON& Tower with Radar,24,51,31,1,107,0,0,15,3,18,24,51,46,4,125,0,0,0,125
08/19/2011,SHV,LA,ASW,CE,Combined TRACON& Tower with Radar,24,48,28,5,105,0,1,21,0,22,24,49,49,5,127,2,0,2,129
08/20/2011,SHV,LA,ASW,CE,Combined TRACON& Tower with Radar,12,31,13,4,60,0,1,17,1,19,12,32,30,5,79,0,0,0,79
08/21/2011,SHV,LA,ASW,CE,Combined TRACON& Tower with Radar,17,30,18,10,75,0,1,12,0,13,17,31,30,10,88,0,0,0,88
08/22/2011,SHV,LA,ASW,CE,Combined TRACON& Tower with Radar,20,42,26,0,88,0,0,10,0,10,20,42,36,0,98,6,0,6,104
08/23/2011,SHV,LA,ASW,CE,Combined TRACON& Tower with Radar,22,43,32,24,121,0,0,9,3,12,22,43,41,27,133,0,20,20,153
08/24/2011,SHV,LA,ASW,CE,Combined TRACON& Tower with Radar,24,39,39,4,106,0,0,12,0,12,24,39,51,4,118,0,0,0,118
08/25/2011,SHV,LA,ASW,CE,Combined TRACON& Tower with Radar,24,49,46,2,121,0,0,12,0,12,24,49,58,2,133,4,0,4,137
08/26/2011,SHV,LA,ASW,CE,Combined TRACON& Tower with Radar,24,46,31,10,111,0,1,20,4,25,24,47,51,14,136,16,2,18,154
08/27/2011,SHV,LA,ASW,CE,Combined TRACON& Tower with Radar,15,26,22,0,63,0,2,22,2,26,15,28,44,2,89,26,0,26,115
08/28/2011,SHV,LA,ASW,CE,Combined TRACON& Tower with Radar,19,27,25,0,71,0,1,10,0,11,19,28,35,0,82,18,0,18,100
08/29/2011,SHV,LA,ASW,CE,Combined TRACON& Tower with Radar,20,43,20,1,84,0,1,21,3,25,20,44,41,4,109,0,0,0,109
08/30/2011,SHV,LA,ASW,CE,Combined TRACON& Tower with Radar,22,45,35,0,102,0,0,14,2,16,22,45,49,2,118,2,0,2,120
08/31/2011,SHV,LA,ASW,CE,Combined TRACON& Tower with Radar,64,40,30,0,134,0,0,24,0,24,64,40,54,0,158,44,0,44,202
09/01/2011,SHV,LA,ASW,CE,Combined TRACON& Tower with Radar,22,47,39,3,111,0,2,12,1,15,22,49,51,4,126,2,12,14,140
09/02/2011,SHV,LA,ASW,CE,Combined TRACON& Tower with Radar,24,42,29,2,97,0,0,26,0,26,24,42,55,2,123,0,0,0,123
09/03/2011,SHV,LA,ASW,CE,Combined TRACON& Tower with Radar,7,24,14,0,45,0,3,4,0,7,7,27,18,0,52,0,0,0,52
09/04/2011,SHV,LA,ASW,CE,Combined TRACON& Tower with Radar,15,20,16,0,51,0,0,2,0,2,15,20,18,0,53,0,0,0,53
09/05/2011,SHV,LA,ASW,CE,Combined TRACON& Tower with Radar,14,29,14,0,57,0,0,4,0,4,14,29,18,0,61,0,0,0,61
09/06/2011,SHV,LA,ASW,CE,Combined TRACON& Tower with Radar,17,44,20,1,82,0,0,20,5,25,17,44,40,6,107,6,0,6,113
09/07/2011,SHV,LA,ASW,CE,Combined TRACON& Tower with Radar,22,51,25,11,109,0,2,20,2,24,22,53,45,13,133,0,4,4,137
09/08/2011,SHV,LA,ASW,CE,Combined TRACON& Tower with Radar,24,51,35,2,112,0,0,9,3,12,24,51,44,5,124,0,0,0,124
09/09/2011,SHV,LA,ASW,CE,Combined TRACON& Tower with Radar,23,58,35,8,124,1,2,17,2,22,24,60,52,10,146,6,0,6,152
09/10/2011,SHV,LA,ASW,CE,Combined TRACON& Tower with Radar,12,28,21,2,63,0,1,30,2,33,12,29,51,4,96,18,5,23,119
09/11/2011,SHV,LA,ASW,CE,Combined TRACON& Tower with Radar,17,40,26,11,94,0,6,17,5,28,17,46,43,16,122,10,0,10,132
09/12/2011,SHV,LA,ASW,CE,Combined TRACON& Tower with Radar,19,35,21,4,79,0,2,9,6,17,19,37,30,10,96,8,0,8,104
09/13/2011,SHV,LA,ASW,CE,Combined TRACON& Tower with Radar,20,44,14,0,78,0,0,22,3,25,20,44,36,3,103,5,0,5,108
09/14/2011,SHV,LA,ASW,CE,Combined TRACON& Tower with Radar,21,42,34,0,97,0,0,20,6,26,21,42,54,6,123,0,0,0,123
09/15/2011,SHV,LA,ASW,CE,Combined TRACON& Tower with Radar,23,47,38,6,114,0,1,15,2,18,23,48,53,8,132,0,0,0,132
09/16/2011,SHV,LA,ASW,CE,Combined TRACON& Tower with Radar,48,49,35,11,143,0,2,27,4,33,48,51,62,15,176,6,20,26,202
09/17/2011,SHV,LA,ASW,CE,Combined TRACON& Tower with Radar,11,25,15,3,54,0,5,23,1,29,11,30,38,4,83,32,2,34,117
09/18/2011,SHV,LA,ASW,CE,Combined TRACON& Tower with Radar,20,30,25,0,75,0,0,8,0,8,20,30,33,0,83,0,0,0,83
09/19/2011,SHV,LA,ASW,CE,Combined TRACON& Tower with Radar,21,44,36,2,103,0,0,5,3,8,21,44,41,5,111,2,0,2,113
09/20/2011,SHV,LA,ASW,CE,Combined TRACON& Tower with Radar,20,44,33,0,97,0,1,12,7,20,20,45,45,7,117,0,0,0,117
09/21/2011,SHV,LA,ASW,CE,Combined TRACON& Tower with Radar,24,39,41,2,106,0,0,11,0,11,24,39,52,2,117,26,4,30,147
09/22/2011,SHV,LA,ASW,CE,Combined TRACON& Tower with Radar,22,43,25,1,91,0,0,14,1,15,22,43,39,2,106,0,0,0,106
09/23/2011,SHV,LA,ASW,CE,Combined TRACON& Tower with Radar,26,45,38,44,153,0,0,18,5,23,26,45,56,49,176,0,22,22,198
09/24/2011,SHV,LA,ASW,CE,Combined TRACON& Tower with Radar,13,25,25,10,73,0,0,18,0,18,13,25,43,10,91,0,0,0,91
09/25/2011,SHV,LA,ASW,CE,Combined TRACON& Tower with Radar,17,36,28,0,81,0,4,6,0,10,17,40,34,0,91,20,0,20,111
09/26/2011,SHV,LA,ASW,CE,Combined TRACON& Tower with Radar,20,41,22,8,91,0,0,21,0,21,20,41,43,8,112,8,0,8,120
09/27/2011,SHV,LA,ASW,CE,Combined TRACON& Tower with Radar,22,36,37,5,100,0,1,11,0,12,22,37,48,5,112,0,0,0,112
09/28/2011,SHV,LA,ASW,CE,Combined TRACON& Tower with Radar,28,44,43,3,118,0,0,10,1,11,28,44,53,4,129,6,0,6,135
09/29/2011,SHV,LA,ASW,CE,Combined TRACON& Tower with Radar,37,47,42,9,135,0,0,12,3,15,37,47,54,12,150,12,0,12,162
09/30/2011,SHV,LA,ASW,CE,Combined TRACON& Tower with Radar,36,51,27,0,114,0,2,13,0,15,36,53,40,0,129,24,0,24,153
10/01/2011,SHV,LA,ASW,CE,Combined TRACON& Tower with Radar,15,25,33,1,74,0,6,30,2,38,15,31,63,3,112,24,0,24,136
10/02/2011,SHV,LA,ASW,CE,Combined TRACON& Tower with Radar,13,32,31,8,84,0,0,25,0,25,13,32,56,8,109,0,4,4,113
10/03/2011,SHV,LA,ASW,CE,Combined TRACON& Tower with Radar,22,40,26,5,93,0,1,24,0,25,22,41,50,5,118,11,0,11,129
10/04/2011,SHV,LA,ASW,CE,Combined TRACON& Tower with Radar,22,37,27,0,86,0,4,16,0,20,22,41,43,0,106,40,0,40,146
10/05/2011,SHV,LA,ASW,CE,Combined TRACON& Tower with Radar,24,38,36,2,100,0,2,11,0,13,24,40,47,2,113,2,6,8,121
10/06/2011,SHV,LA,ASW,CE,Combined TRACON& Tower with Radar,26,44,38,7,115,0,4,14,6,24,26,48,52,13,139,8,0,8,147
10/07/2011,SHV,LA,ASW,CE,Combined TRACON& Tower with Radar,28,47,44,0,119,0,2,16,0,18,28,49,60,0,137,0,0,0,137
10/08/2011,SHV,LA,ASW,CE,Combined TRACON& Tower with Radar,11,24,35,12,82,0,3,19,4,26,11,27,54,16,108,8,20,28,136
10/09/2011,SHV,LA,ASW,CE,Combined TRACON& Tower with Radar,14,32,27,10,83,0,0,12,0,12,14,32,39,10,95,14,10,24,119
10/10/2011,SHV,LA,ASW,CE,Combined TRACON& Tower with Radar,19,40,38,0,97,0,2,6,0,8,19,42,44,0,105,0,0,0,105
10/11/2011,SHV,LA,ASW,CE,Combined TRACON& Tower with Radar,24,42,33,0,99,0,2,6,2,10,24,44,39,2,109,14,0,14,123
10/12/2011,SHV,LA,ASW,CE,Combined TRACON& Tower with Radar,22,42,43,0,107,0,0,8,0,8,22,42,51,0,115,0,0,0,115
10/13/2011,SHV,LA,ASW,CE,Combined TRACON& Tower with Radar,24,52,36,7,119,0,0,19,1,20,24,52,55,8,139,22,0,22,161
10/14/2011,SHV,LA,ASW,CE,Combined TRACON& Tower with Radar,36,43,30,4,113,0,0,21,0,21,36,43,51,4,134,6,0,6,140
10/15/2011,SHV,LA,ASW,CE,Combined TRACON& Tower with Radar,11,23,18,13,65,0,1,9,0,10,11,24,27,13,75,4,0,4,79
10/16/2011,SHV,LA,ASW,CE,Combined TRACON& Tower with Radar,15,35,40,1,91,0,0,20,0,20,15,35,60,1,111,0,0,0,111
10/17/2011,SHV,LA,ASW,CE,Combined TRACON& Tower with Radar,20,45,45,0,110,0,1,8,0,9,20,46,53,0,119,6,0,6,125
10/18/2011,SHV,LA,ASW,CE,Combined TRACON& Tower with Radar,20,49,46,0,115,0,1,4,2,7,20,50,50,2,122,4,0,4,126
10/19/2011,SHV,LA,ASW,CE,Combined TRACON& Tower with Radar,22,44,35,0,101,0,0,19,0,19,22,44,54,0,120,20,0,20,140
10/20/2011,SHV,LA,ASW,CE,Combined TRACON& Tower with Radar,24,46,43,0,113,0,0,30,8,38,24,46,73,8,151,0,0,0,151
10/21/2011,SHV,LA,ASW,CE,Combined TRACON& Tower with Radar,24,44,32,11,111,0,0,36,2,38,24,44,68,13,149,0,6,6,155
10/22/2011,SHV,LA,ASW,CE,Combined TRACON& Tower with Radar,11,33,49,3,96,0,0,11,1,12,11,33,60,4,108,6,0,6,114
10/23/2011,SHV,LA,ASW,CE,Combined TRACON& Tower with Radar,15,28,33,4,80,0,0,10,1,11,15,28,43,5,91,10,0,10,101
10/24/2011,SHV,LA,ASW,CE,Combined TRACON& Tower with Radar,17,54,37,6,114,0,4,13,0,17,17,58,50,6,131,0,4,4,135
10/25/2011,SHV,LA,ASW,CE,Combined TRACON& Tower with Radar,19,44,29,4,96,0,3,17,0,20,19,47,46,4,116,0,8,8,124
10/26/2011,SHV,LA,ASW,CE,Combined TRACON& Tower with Radar,24,47,36,14,121,0,2,11,2,15,24,49,47,16,136,20,0,20,156
10/27/2011,SHV,LA,ASW,CE,Combined TRACON& Tower with Radar,24,49,38,0,111,0,0,2,0,2,24,49,40,0,113,0,0,0,113
10/28/2011,SHV,LA,ASW,CE,Combined TRACON& Tower with Radar,27,39,35,7,108,0,2,6,0,8,27,41,41,7,116,8,0,8,124
10/29/2011,SHV,LA,ASW,CE,Combined TRACON& Tower with Radar,12,21,24,10,67,0,1,129,3,133,12,22,153,13,200,187,18,205,405
10/30/2011,SHV,LA,ASW,CE,Combined TRACON& Tower with Radar,16,33,34,3,86,0,0,128,1,129,16,33,162,4,215,234,6,240,455
10/31/2011,SHV,LA,ASW,CE,Combined TRACON& Tower with Radar,17,37,19,7,80,0,2,16,0,18,17,39,35,7,98,12,0,12,110
11/01/2011,SHV,LA,ASW,CE,Combined TRACON& Tower with Radar,20,36,38,0,94,0,2,14,1,17,20,38,52,1,111,0,0,0,111
11/02/2011,SHV,LA,ASW,CE,Combined TRACON& Tower with Radar,22,37,28,1,88,0,1,24,1,26,22,38,52,2,114,4,0,4,118
11/03/2011,SHV,LA,ASW,CE,Combined TRACON& Tower with Radar,22,41,28,0,91,0,2,10,0,12,22,43,38,0,103,17,0,17,120
11/04/2011,SHV,LA,ASW,CE,Combined TRACON& Tower with Radar,25,38,31,0,94,0,5,27,2,34,25,43,58,2,128,0,0,0,128
11/05/2011,SHV,LA,ASW,CE,Combined TRACON& Tower with Radar,12,23,38,42,115,0,4,32,8,44,12,27,70,50,159,198,2,200,359
11/06/2011,SHV,LA,ASW,CE,Combined TRACON& Tower with Radar,15,31,42,11,99,0,1,14,0,15,15,32,56,11,114,116,0,116,230
11/07/2011,SHV,LA,ASW,CE,Combined TRACON& Tower with Radar,18,42,32,2,94,0,2,8,0,10,18,44,40,2,104,10,0,10,114
11/08/2011,SHV,LA,ASW,CE,Combined TRACON& Tower with Radar,18,34,21,0,73,0,0,3,0,3,18,34,24,0,76,0,0,0,76
11/09/2011,SHV,LA,ASW,CE,Combined TRACON& Tower with Radar,22,35,40,9,106,0,2,12,1,15,22,37,52,10,121,0,0,0,121
11/10/2011,SHV,LA,ASW,CE,Combined TRACON& Tower with Radar,24,50,47,6,127,0,2,36,1,39,24,52,83,7,166,15,0,15,181
11/11/2011,SHV,LA,ASW,CE,Combined TRACON& Tower with Radar,24,48,41,0,113,0,0,24,0,24,24,48,65,0,137,8,0,8,145
11/12/2011,SHV,LA,ASW,CE,Combined TRACON& Tower with Radar,11,26,27,0,64,0,3,11,0,14,11,29,38,0,78,0,0,0,78
11/13/2011,SHV,LA,ASW,CE,Combined TRACON& Tower with Radar,18,29,30,0,77,0,0,7,4,11,18,29,37,4,88,7,0,7,95
11/14/2011,SHV,LA,ASW,CE,Combined TRACON& Tower with Radar,18,46,32,2,98,0,1,11,3,15,18,47,43,5,113,0,0,0,113
11/15/2011,SHV,LA,ASW,CE,Combined TRACON& Tower with Radar,21,44,26,6,97,0,0,0,1,1,21,44,26,7,98,0,0,0,98
11/16/2011,SHV,LA,ASW,CE,Combined TRACON& Tower with Radar,27,35,54,2,118,0,0,1,0,1,27,35,55,2,119,0,0,0,119
11/17/2011,SHV,LA,ASW,CE,Combined TRACON& Tower with Radar,24,46,51,8,129,0,3,27,1,31,24,49,78,9,160,18,0,18,178
11/18/2011,SHV,LA,ASW,CE,Combined TRACON& Tower with Radar,26,45,40,2,113,0,0,36,0,36,26,45,76,2,149,26,0,26,175
11/19/2011,SHV,LA,ASW,CE,Combined TRACON& Tower with Radar,15,29,25,6,75,0,0,15,4,19,15,29,40,10,94,55,0,55,149
11/20/2011,SHV,LA,ASW,CE,Combined TRACON& Tower with Radar,17,31,22,34,104,0,0,19,0,19,17,31,41,34,123,42,6,48,171
11/21/2011,SHV,LA,ASW,CE,Combined TRACON& Tower with Radar,25,41,51,22,139,0,0,14,0,14,25,41,65,22,153,14,16,30,183
11/22/2011,SHV,LA,ASW,CE,Combined TRACON& Tower with Radar,27,37,43,2,109,0,0,1,0,1,27,37,44,2,110,0,0,0,110
11/23/2011,SHV,LA,ASW,CE,Combined TRACON& Tower with Radar,28,49,41,0,118,0,0,27,0,27,28,49,68,0,145,10,0,10,155
11/24/2011,SHV,LA,ASW,CE,Combined TRACON& Tower with Radar,10,22,7,0,39,0,0,12,0,12,10,22,19,0,51,0,0,0,51
11/25/2011,SHV,LA,ASW,CE,Combined TRACON& Tower with Radar,22,24,52,0,98,0,3,21,0,24,22,27,73,0,122,38,0,38,160
11/26/2011,SHV,LA,ASW,CE,Combined TRACON& Tower with Radar,15,30,22,0,67,0,0,0,0,0,15,30,22,0,67,0,0,0,67
11/27/2011,SHV,LA,ASW,CE,Combined TRACON& Tower with Radar,17,34,48,0,99,0,1,4,0,5,17,35,52,0,104,6,0,6,110
11/28/2011,SHV,LA,ASW,CE,Combined TRACON& Tower with Radar,24,44,28,2,98,0,2,33,2,37,24,46,61,4,135,66,0,66,201
11/29/2011,SHV,LA,ASW,CE,Combined TRACON& Tower with Radar,24,47,29,4,104,0,3,20,0,23,24,50,49,4,127,26,0,26,153
11/30/2011,SHV,LA,ASW,CE,Combined TRACON& Tower with Radar,26,34,37,16,113,0,1,36,0,37,26,35,73,16,150,38,0,38,188
12/01/2011,SHV,LA,ASW,CE,Combined TRACON& Tower with Radar,24,47,33,0,104,0,1,22,0,23,24,48,55,0,127,32,0,32,159
12/02/2011,SHV,LA,ASW,CE,Combined TRACON& Tower with Radar,26,51,48,1,126,0,1,38,1,40,26,52,86,2,166,50,0,50,216
12/03/2011,SHV,LA,ASW,CE,Combined TRACON& Tower with Radar,13,31,30,0,74,0,0,13,0,13,13,31,43,0,87,22,0,22,109
12/04/2011,SHV,LA,ASW,CE,Combined TRACON& Tower with Radar,17,32,18,0,67,0,0,0,0,0,17,32,18,0,67,0,0,0,67
12/05/2011,SHV,LA,ASW,CE,Combined TRACON& Tower with Radar,20,45,21,0,86,0,0,0,0,0,20,45,21,0,86,0,0,0,86
12/06/2011,SHV,LA,ASW,CE,Combined TRACON& Tower with Radar,25,41,27,0,93,0,0,0,0,0,25,41,27,0,93,0,0,0,93
12/07/2011,SHV,LA,ASW,CE,Combined TRACON& Tower with Radar,25,45,41,1,112,0,0,16,3,19,25,45,57,4,131,6,0,6,137
12/08/2011,SHV,LA,ASW,CE,Combined TRACON& Tower with Radar,28,49,44,0,121,0,1,18,0,19,28,50,62,0,140,0,0,0,140
12/09/2011,SHV,LA,ASW,CE,Combined TRACON& Tower with Radar,25,46,33,14,118,0,1,7,1,9,25,47,40,15,127,14,0,14,141
12/10/2011,SHV,LA,ASW,CE,Combined TRACON& Tower with Radar,13,23,19,0,55,0,3,22,1,26,13,26,41,1,81,50,0,50,131
12/11/2011,SHV,LA,ASW,CE,Combined TRACON& Tower with Radar,17,27,22,6,72,0,1,19,1,21,17,28,41,7,93,4,0,4,97
12/12/2011,SHV,LA,ASW,CE,Combined TRACON& Tower with Radar,18,42,33,9,102,0,1,13,0,14,18,43,46,9,116,6,0,6,122
12/13/2011,SHV,LA,ASW,CE,Combined TRACON& Tower with Radar,26,53,47,14,140,0,0,4,2,6,26,53,51,16,146,2,0,2,148
12/14/2011,SHV,LA,ASW,CE,Combined TRACON& Tower with Radar,30,36,27,4,97,0,0,7,0,7,30,36,34,4,104,0,0,0,104
12/15/2011,SHV,LA,ASW,CE,Combined TRACON& Tower with Radar,24,38,32,2,96,0,0,0,0,0,24,38,32,2,96,0,0,0,96
12/16/2011,SHV,LA,ASW,CE,Combined TRACON& Tower with Radar,28,50,45,3,126,0,0,4,1,5,28,50,49,4,131,8,0,8,139
12/17/2011,SHV,LA,ASW,CE,Combined TRACON& Tower with Radar,15,30,18,0,63,0,4,30,2,36,15,34,48,2,99,72,0,72,171
12/18/2011,SHV,LA,ASW,CE,Combined TRACON& Tower with Radar,17,46,18,19,100,0,2,28,5,35,17,48,46,24,135,46,12,58,193
12/19/2011,SHV,LA,ASW,CE,Combined TRACON& Tower with Radar,34,41,22,0,97,0,0,10,0,10,34,41,32,0,107,14,0,14,121
12/20/2011,SHV,LA,ASW,CE,Combined TRACON& Tower with Radar,26,48,54,0,128,0,0,16,0,16,26,48,70,0,144,34,0,34,178
12/21/2011,SHV,LA,ASW,CE,Combined TRACON& Tower with Radar,34,53,35,3,125,0,0,25,0,25,34,53,60,3,150,64,0,64,214
12/22/2011,SHV,LA,ASW,CE,Combined TRACON& Tower with Radar,33,49,42,0,124,0,0,0,0,0,33,49,42,0,124,0,0,0,124
12/23/2011,SHV,LA,ASW,CE,Combined TRACON& Tower with Radar,31,45,41,0,117,0,0,10,0,10,31,45,51,0,127,12,0,12,139
12/24/2011,SHV,LA,ASW,CE,Combined TRACON& Tower with Radar,12,18,11,0,41,0,0,8,0,8,12,18,19,0,49,26,0,26,75
12/25/2011,SHV,LA,ASW,CE,Combined TRACON& Tower with Radar,10,19,2,0,31,0,0,2,0,2,10,19,4,0,33,0,0,0,33
12/26/2011,SHV,LA,ASW,CE,Combined TRACON& Tower with Radar,21,37,48,0,106,0,0,0,0,0,21,37,48,0,106,0,0,0,106
12/27/2011,SHV,LA,ASW,CE,Combined TRACON& Tower with Radar,27,39,36,0,102,0,0,25,0,25,27,39,61,0,127,0,0,0,127
12/28/2011,SHV,LA,ASW,CE,Combined TRACON& Tower with Radar,26,40,45,0,111,0,1,16,0,17,26,41,61,0,128,12,0,12,140
12/29/2011,SHV,LA,ASW,CE,Combined TRACON& Tower with Radar,24,33,22,0,79,0,0,25,0,25,24,33,47,0,104,22,0,22,126
12/30/2011,SHV,LA,ASW,CE,Combined TRACON& Tower with Radar,24,35,29,0,88,0,1,20,3,24,24,36,49,3,112,62,0,62,174
12/31/2011,SHV,LA,ASW,CE,Combined TRACON& Tower with Radar,9,22,34,0,65,0,0,23,3,26,9,22,57,3,91,86,0,86,177
01/01/2012,SHV,LA,ASW,CE,Combined TRACON& Tower with Radar,8,27,27,0,62,0,0,19,0,19,8,27,46,0,81,14,0,14,95
01/02/2012,SHV,LA,ASW,CE,Combined TRACON& Tower with Radar,18,39,25,0,82,0,0,15,0,15,18,39,40,0,97,10,0,10,107
01/03/2012,SHV,LA,ASW,CE,Combined TRACON& Tower with Radar,17,38,30,0,85,0,0,15,0,15,17,38,45,0,100,0,0,0,100
01/04/2012,SHV,LA,ASW,CE,Combined TRACON& Tower with Radar,22,49,19,2,92,0,0,20,2,22,22,49,39,4,114,26,0,26,140
01/05/2012,SHV,LA,ASW,CE,Combined TRACON& Tower with Radar,23,40,32,8,103,0,0,22,0,22,23,40,54,8,125,14,40,54,179
01/06/2012,SHV,LA,ASW,CE,Combined TRACON& Tower with Radar,26,44,33,60,163,0,0,15,1,16,26,44,48,61,179,78,14,92,271
01/07/2012,SHV,LA,ASW,CE,Combined TRACON& Tower with Radar,13,20,43,4,80,0,2,12,5,19,13,22,55,9,99,18,0,18,117
01/08/2012,SHV,LA,ASW,CE,Combined TRACON& Tower with Radar,17,38,44,9,108,0,0,2,0,2,17,38,46,9,110,0,0,0,110
01/09/2012,SHV,LA,ASW,CE,Combined TRACON& Tower with Radar,16,34,21,18,89,0,0,0,0,0,16,34,21,18,89,0,0,0,89
01/10/2012,SHV,LA,ASW,CE,Combined TRACON& Tower with Radar,22,34,44,0,100,0,0,2,0,2,22,34,46,0,102,0,0,0,102
01/11/2012,SHV,LA,ASW,CE,Combined TRACON& Tower with Radar,26,35,21,15,97,0,0,23,0,23,26,35,44,15,120,42,14,56,176
01/12/2012,SHV,LA,ASW,CE,Combined TRACON& Tower with Radar,24,42,25,4,95,0,0,13,4,17,24,42,38,8,112,6,0,6,118
01/13/2012,SHV,LA,ASW,CE,Combined TRACON& Tower with Radar,27,39,35,45,146,0,3,20,1,24,27,42,55,46,170,38,0,38,208
01/14/2012,SHV,LA,ASW,CE,Combined TRACON& Tower with Radar,13,15,21,8,57,0,0,30,2,32,13,15,51,10,89,80,0,80,169
01/15/2012,SHV,LA,ASW,CE,Combined TRACON& Tower with Radar,12,34,27,8,81,0,0,24,2,26,12,34,51,10,107,26,0,26,133
01/16/2012,SHV,LA,ASW,CE,Combined TRACON& Tower with Radar,20,32,39,4,95,0,0,12,0,12,20,32,51,4,107,6,0,6,113
01/17/2012,SHV,LA,ASW,CE,Combined TRACON& Tower with Radar,22,42,42,6,112,0,0,19,2,21,22,42,61,8,133,16,0,16,149
01/18/2012,SHV,LA,ASW,CE,Combined TRACON& Tower with Radar,22,46,43,14,125,0,0,35,0,35,22,46,78,14,160,44,0,44,204
01/19/2012,SHV,LA,ASW,CE,Combined TRACON& Tower with Radar,24,43,42,22,131,0,0,9,3,12,24,43,51,25,143,20,0,20,163
01/20/2012,SHV,LA,ASW,CE,Combined TRACON& Tower with Radar,26,36,54,15,131,0,0,12,0,12,26,36,66,15,143,12,0,12,155
01/21/2012,SHV,LA,ASW,CE,Combined TRACON& Tower with Radar,15,20,30,2,67,0,0,1,0,1,15,20,31,2,68,0,0,0,68
01/22/2012,SHV,LA,ASW,CE,Combined TRACON& Tower with Radar,19,33,26,0,78,0,0,5,0,5,19,33,31,0,83,54,0,54,137
01/23/2012,SHV,LA,ASW,CE,Combined TRACON& Tower with Radar,20,36,28,0,84,0,1,28,0,29,20,37,56,0,113,36,0,36,149
01/24/2012,SHV,LA,ASW,CE,Combined TRACON& Tower with Radar,24,39,43,0,106,0,0,26,1,27,24,39,69,1,133,13,0,13,146
01/25/2012,SHV,LA,ASW,CE,Combined TRACON& Tower with Radar,21,31,12,1,65,0,0,1,0,1,21,31,13,1,66,0,0,0,66
01/26/2012,SHV,LA,ASW,CE,Combined TRACON& Tower with Radar,22,48,52,5,127,0,0,6,1,7,22,48,58,6,134,0,0,0,134
01/27/2012,SHV,LA,ASW,CE,Combined TRACON& Tower with Radar,30,37,41,44,152,0,0,23,2,25,30,37,64,46,177,16,14,30,207
01/28/2012,SHV,LA,ASW,CE,Combined TRACON& Tower with Radar,15,20,25,20,80,0,0,16,5,21,15,20,41,25,101,2,12,14,115
01/29/2012,SHV,LA,ASW,CE,Combined TRACON& Tower with Radar,19,30,22,4,75,0,2,24,1,27,19,32,46,5,102,4,0,4,106
01/30/2012,SHV,LA,ASW,CE,Combined TRACON& Tower with Radar,21,39,36,0,96,0,3,19,3,25,21,42,55,3,121,2,0,2,123
01/31/2012,SHV,LA,ASW,CE,Combined TRACON& Tower with Radar,8,40,33,0,81,0,0,4,0,4,8,40,37,0,85,0,0,0,85
02/01/2012,SHV,LA,ASW,CE,Combined TRACON& Tower with Radar,10,44,36,0,90,0,0,9,1,10,10,44,45,1,100,0,0,0,100
02/02/2012,SHV,LA,ASW,CE,Combined TRACON& Tower with Radar,10,54,40,2,106,0,0,3,1,4,10,54,43,3,110,6,0,6,116
02/03/2012,SHV,LA,ASW,CE,Combined TRACON& Tower with Radar,10,67,23,6,106,0,0,3,0,3,10,67,26,6,109,0,0,0,109
02/04/2012,SHV,LA,ASW,CE,Combined TRACON& Tower with Radar,3,30,24,2,59,0,1,2,0,3,3,31,26,2,62,0,0,0,62
02/05/2012,SHV,LA,ASW,CE,Combined TRACON& Tower with Radar,3,46,24,2,75,0,0,15,3,18,3,46,39,5,93,6,0,6,99
02/06/2012,SHV,LA,ASW,CE,Combined TRACON& Tower with Radar,6,49,32,6,93,0,0,25,3,28,6,49,57,9,121,22,0,22,143
02/07/2012,SHV,LA,ASW,CE,Combined TRACON& Tower with Radar,8,50,31,2,91,0,1,21,0,22,8,51,52,2,113,0,0,0,113
02/08/2012,SHV,LA,ASW,CE,Combined TRACON& Tower with Radar,10,52,31,1,94,0,0,24,0,24,10,52,55,1,118,8,0,8,126
02/09/2012,SHV,LA,ASW,CE,Combined TRACON& Tower with Radar,8,59,42,7,116,0,1,30,0,31,8,60,72,7,147,6,2,8,155
02/10/2012,SHV,LA,ASW,CE,Combined TRACON& Tower with Radar,10,51,38,34,133,0,0,4,3,7,10,51,42,37,140,0,0,0,140
02/11/2012,SHV,LA,ASW,CE,Combined TRACON& Tower with Radar,1,26,24,1,52,0,0,14,1,15,1,26,38,2,67,2,6,8,75
02/12/2012,SHV,LA,ASW,CE,Combined TRACON& Tower with Radar,3,40,33,4,80,0,0,15,0,15,3,40,48,4,95,0,0,0,95
02/13/2012,SHV,LA,ASW,CE,Combined TRACON& Tower with Radar,4,46,34,4,88,0,0,2,0,2,4,46,36,4,90,0,0,0,90
02/14/2012,SHV,LA,ASW,CE,Combined TRACON& Tower with Radar,8,45,42,0,95,0,0,2,0,2,8,45,44,0,97,0,0,0,97
02/15/2012,SHV,LA,ASW,CE,Combined TRACON& Tower with Radar,10,47,23,0,80,0,0,3,0,3,10,47,26,0,83,0,0,0,83
02/16/2012,SHV,LA,ASW,CE,Combined TRACON& Tower with Radar,8,64,52,2,126,0,0,14,2,16,8,64,66,4,142,6,2,8,150
02/17/2012,SHV,LA,ASW,CE,Combined TRACON& Tower with Radar,12,54,34,0,100,0,0,16,0,16,12,54,50,0,116,6,0,6,122
02/18/2012,SHV,LA,ASW,CE,Combined TRACON& Tower with Radar,1,29,12,6,48,0,0,0,0,0,1,29,12,6,48,0,0,0,48
02/19/2012,SHV,LA,ASW,CE,Combined TRACON& Tower with Radar,3,43,38,0,84,0,0,18,0,18,3,43,56,0,102,10,0,10,112
02/20/2012,SHV,LA,ASW,CE,Combined TRACON& Tower with Radar,4,47,41,1,93,0,1,27,0,28,4,48,68,1,121,14,0,14,135
02/21/2012,SHV,LA,ASW,CE,Combined TRACON& Tower with Radar,8,53,32,1,94,0,2,24,0,26,8,55,56,1,120,0,0,0,120
02/22/2012,SHV,LA,ASW,CE,Combined TRACON& Tower with Radar,10,50,29,2,91,0,0,6,0,6,10,50,35,2,97,6,0,6,103
02/23/2012,SHV,LA,ASW,CE,Combined TRACON& Tower with Radar,13,61,35,7,116,0,0,12,0,12,13,61,47,7,128,0,0,0,128
02/24/2012,SHV,LA,ASW,CE,Combined TRACON& Tower with Radar,11,55,65,1,132,0,0,7,0,7,11,55,72,1,139,0,0,0,139
02/25/2012,SHV,LA,ASW,CE,Combined TRACON& Tower with Radar,1,38,30,1,70,0,7,31,2,40,1,45,61,3,110,34,0,34,144
02/26/2012,SHV,LA,ASW,CE,Combined TRACON& Tower with Radar,4,47,28,8,87,0,2,5,0,7,4,49,33,8,94,0,0,0,94
02/27/2012,SHV,LA,ASW,CE,Combined TRACON& Tower with Radar,9,55,32,27,123,0,0,14,0,14,9,55,46,27,137,6,0,6,143
02/28/2012,SHV,LA,ASW,CE,Combined TRACON& Tower with Radar,8,52,41,0,101,0,0,6,0,6,8,52,47,0,107,4,0,4,111
02/29/2012,SHV,LA,ASW,CE,Combined TRACON& Tower with Radar,8,58,34,1,101,0,0,9,0,9,8,58,43,1,110,2,0,2,112
03/01/2012,SHV,LA,ASW,CE,Combined TRACON& Tower with Radar,8,58,43,9,118,0,4,21,3,28,8,62,64,12,146,0,8,8,154
03/02/2012,SHV,LA,ASW,CE,Combined TRACON& Tower with Radar,26,54,54,5,139,0,0,10,0,10,26,54,64,5,149,6,6,12,161
03/03/2012,SHV,LA,ASW,CE,Combined TRACON& Tower with Radar,3,29,30,2,64,0,0,27,0,27,3,29,57,2,91,18,0,18,109
03/04/2012,SHV,LA,ASW,CE,Combined TRACON& Tower with Radar,5,55,33,5,98,0,4,21,0,25,5,59,54,5,123,0,6,6,129
03/05/2012,SHV,LA,ASW,CE,Combined TRACON& Tower with Radar,13,57,24,0,94,0,2,24,0,26,13,59,48,0,120,0,0,0,120
03/06/2012,SHV,LA,ASW,CE,Combined TRACON& Tower with Radar,8,52,25,0,85,0,0,18,1,19,8,52,43,1,104,0,0,0,104
03/07/2012,SHV,LA,ASW,CE,Combined TRACON& Tower with Radar,10,54,37,0,101,0,0,2,1,3,10,54,39,1,104,0,0,0,104
03/08/2012,SHV,LA,ASW,CE,Combined TRACON& Tower with Radar,12,49,26,3,90,0,0,0,2,2,12,49,26,5,92,2,0,2,94
03/09/2012,SHV,LA,ASW,CE,Combined TRACON& Tower with Radar,13,60,32,3,108,0,1,9,7,17,13,61,41,10,125,22,0,22,147
03/10/2012,SHV,LA,ASW,CE,Combined TRACON& Tower with Radar,1,36,24,1,62,0,0,19,1,20,1,36,43,2,82,14,0,14,96
03/11/2012,SHV,LA,ASW,CE,Combined TRACON& Tower with Radar,3,48,9,0,60,0,0,0,0,0,3,48,9,0,60,0,0,0,60
03/12/2012,SHV,LA,ASW,CE,Combined TRACON& Tower with Radar,6,57,24,4,91,0,3,17,9,29,6,60,41,13,120,14,0,14,134
03/13/2012,SHV,LA,ASW,CE,Combined TRACON& Tower with Radar,12,63,29,8,112,0,2,7,4,13,12,65,36,12,125,8,0,8,133
03/14/2012,SHV,LA,ASW,CE,Combined TRACON& Tower with Radar,11,58,31,10,110,0,3,23,5,31,11,61,54,15,141,12,0,12,153
03/15/2012,SHV,LA,ASW,CE,Combined TRACON& Tower with Radar,11,59,40,6,116,0,1,13,2,16,11,60,53,8,132,8,0,8,140
03/16/2012,SHV,LA,ASW,CE,Combined TRACON& Tower with Radar,10,57,43,47,157,0,1,25,3,29,10,58,68,50,186,52,0,52,238
03/17/2012,SHV,LA,ASW,CE,Combined TRACON& Tower with Radar,5,32,26,4,67,0,2,7,6,15,5,34,33,10,82,0,0,0,82
03/18/2012,SHV,LA,ASW,CE,Combined TRACON& Tower with Radar,5,42,31,4,82,0,1,9,0,10,5,43,40,4,92,12,4,16,108
03/19/2012,SHV,LA,ASW,CE,Combined TRACON& Tower with Radar,11,60,23,4,98,0,0,11,0,11,11,60,34,4,109,4,0,4,113
03/20/2012,SHV,LA,ASW,CE,Combined TRACON& Tower with Radar,9,48,11,2,70,0,0,0,0,0,9,48,11,2,70,0,0,0,70
03/21/2012,SHV,LA,ASW,CE,Combined TRACON& Tower with Radar,9,54,33,2,98,0,2,17,1,20,9,56,50,3,118,4,0,4,122
03/22/2012,SHV,LA,ASW,CE,Combined TRACON& Tower with Radar,10,56,41,0,107,0,1,25,5,31,10,57,66,5,138,2,0,2,140
03/23/2012,SHV,LA,ASW,CE,Combined TRACON& Tower with Radar,12,58,45,15,130,0,0,22,0,22,12,58,67,15,152,0,4,4,156
03/24/2012,SHV,LA,ASW,CE,Combined TRACON& Tower with Radar,4,45,25,11,85,0,0,17,1,18,4,45,42,12,103,0,0,0,103
03/25/2012,SHV,LA,ASW,CE,Combined TRACON& Tower with Radar,5,62,31,21,119,0,4,19,0,23,5,66,50,21,142,18,0,18,160
03/26/2012,SHV,LA,ASW,CE,Combined TRACON& Tower with Radar,7,55,23,8,93,0,1,21,0,22,7,56,44,8,115,0,0,0,115
03/27/2012,SHV,LA,ASW,CE,Combined TRACON& Tower with Radar,8,53,36,5,102,0,2,12,0,14,8,55,48,5,116,6,0,6,122
03/28/2012,SHV,LA,ASW,CE,Combined TRACON& Tower with Radar,8,63,29,3,103,0,2,14,2,18,8,65,43,5,121,16,0,16,137
03/29/2012,SHV,LA,ASW,CE,Combined TRACON& Tower with Radar,12,74,31,10,127,0,0,3,1,4,12,74,34,11,131,0,0,0,131
03/30/2012,SHV,LA,ASW,CE,Combined TRACON& Tower with Radar,11,56,30,30,127,0,0,12,6,18,11,56,42,36,145,0,0,0,145
03/31/2012,SHV,LA,ASW,CE,Combined TRACON& Tower with Radar,1,45,29,25,100,0,0,12,1,13,1,45,41,26,113,0,20,20,133
04/01/2012,SHV,LA,ASW,CE,Combined TRACON& Tower with Radar,5,48,34,1,88,0,0,13,0,13,5,48,47,1,101,2,0,2,103
04/02/2012,SHV,LA,ASW,CE,Combined TRACON& Tower with Radar,9,54,30,4,97,0,0,5,0,5,9,54,35,4,102,10,0,10,112
04/03/2012,SHV,LA,ASW,CE,Combined TRACON& Tower with Radar,7,50,22,4,83,0,0,6,1,7,7,50,28,5,90,0,0,0,90
04/04/2012,SHV,LA,ASW,CE,Combined TRACON& Tower with Radar,13,49,36,2,100,0,0,13,3,16,13,49,49,5,116,0,0,0,116
04/05/2012,SHV,LA,ASW,CE,Combined TRACON& Tower with Radar,10,63,34,8,115,0,1,30,0,31,10,64,64,8,146,30,4,34,180
04/06/2012,SHV,LA,ASW,CE,Combined TRACON& Tower with Radar,9,56,20,0,85,0,1,14,0,15,9,57,34,0,100,0,0,0,100
04/07/2012,SHV,LA,ASW,CE,Combined TRACON& Tower with Radar,1,33,13,0,47,0,0,24,0,24,1,33,37,0,71,4,0,4,75
04/08/2012,SHV,LA,ASW,CE,Combined TRACON& Tower with Radar,9,48,11,0,68,0,0,13,2,15,9,48,24,2,83,2,0,2,85
04/09/2012,SHV,LA,ASW,CE,Combined TRACON& Tower with Radar,7,61,39,0,107,0,0,9,0,9,7,61,48,0,116,30,0,30,146
04/10/2012,SHV,LA,ASW,CE,Combined TRACON& Tower with Radar,8,53,27,0,88,0,0,11,0,11,8,53,38,0,99,0,0,0,99
04/11/2012,SHV,LA,ASW,CE,Combined TRACON& Tower with Radar,8,64,54,0,126,0,0,17,0,17,8,64,71,0,143,0,0,0,143
04/12/2012,SHV,LA,ASW,CE,Combined TRACON& Tower with Radar,10,74,44,6,134,0,0,11,2,13,10,74,55,8,147,0,0,0,147
04/13/2012,SHV,LA,ASW,CE,Combined TRACON& Tower with Radar,9,58,37,42,146,0,0,14,0,14,9,58,51,42,160,16,12,28,188
04/14/2012,SHV,LA,ASW,CE,Combined TRACON& Tower with Radar,1,42,10,18,71,0,2,6,1,9,1,44,16,19,80,4,0,4,84
04/15/2012,SHV,LA,ASW,CE,Combined TRACON& Tower with Radar,9,56,29,0,94,0,0,3,0,3,9,56,32,0,97,0,0,0,97
04/16/2012,SHV,LA,ASW,CE,Combined TRACON& Tower with Radar,5,61,40,0,106,0,0,7,2,9,5,61,47,2,115,8,0,8,123
04/17/2012,SHV,LA,ASW,CE,Combined TRACON& Tower with Radar,8,61,28,0,97,0,0,11,0,11,8,61,39,0,108,6,0,6,114
04/18/2012,SHV,LA,ASW,CE,Combined TRACON& Tower with Radar,9,59,48,2,118,0,1,26,0,27,9,60,74,2,145,14,0,14,159
04/19/2012,SHV,LA,ASW,CE,Combined TRACON& Tower with Radar,10,61,44,2,117,0,2,35,1,38,10,63,79,3,155,0,0,0,155
04/20/2012,SHV,LA,ASW,CE,Combined TRACON& Tower with Radar,10,62,37,16,125,0,0,6,0,6,10,62,43,16,131,0,0,0,131
04/21/2012,SHV,LA,ASW,CE,Combined TRACON& Tower with Radar,1,37,24,4,66,0,0,10,0,10,1,37,34,4,76,0,0,0,76
04/22/2012,SHV,LA,ASW,CE,Combined TRACON& Tower with Radar,5,48,38,2,93,0,0,37,2,39,5,48,75,4,132,0,0,0,132
04/23/2012,SHV,LA,ASW,CE,Combined TRACON& Tower with Radar,5,57,30,0,92,0,2,17,0,19,5,59,47,0,111,0,0,0,111
04/24/2012,SHV,LA,ASW,CE,Combined TRACON& Tower with Radar,8,58,25,6,97,0,0,12,0,12,8,58,37,6,109,0,10,10,119
04/25/2012,SHV,LA,ASW,CE,Combined TRACON& Tower with Radar,8,63,19,0,90,0,0,8,0,8,8,63,27,0,98,12,0,12,110
04/26/2012,SHV,LA,ASW,CE,Combined TRACON& Tower with Radar,10,55,37,13,115,0,1,21,3,25,10,56,58,16,140,8,0,8,148
04/27/2012,SHV,LA,ASW,CE,Combined TRACON& Tower with Radar,9,58,35,30,132,0,1,6,0,7,9,59,41,30,139,2,0,2,141
04/28/2012,SHV,LA,ASW,CE,Combined TRACON& Tower with Radar,5,40,21,25,91,0,0,12,1,13,5,40,33,26,104,8,12,20,124
04/29/2012,SHV,LA,ASW,CE,Combined TRACON& Tower with Radar,5,53,32,0,90,0,3,12,0,15,5,56,44,0,105,0,0,0,105
04/30/2012,SHV,LA,ASW,CE,Combined TRACON& Tower with Radar,5,60,44,26,135,0,0,9,1,10,5,60,53,27,145,0,8,8,153
05/01/2012,SHV,LA,ASW,CE,Combined TRACON& Tower with Radar,8,46,27,16,97,0,0,19,0,19,8,46,46,16,116,0,4,4,120
05/02/2012,SHV,LA,ASW,CE,Combined TRACON& Tower with Radar,8,52,36,3,99,0,0,20,0,20,8,52,56,3,119,0,0,0,119
05/03/2012,SHV,LA,ASW,CE,Combined TRACON& Tower with Radar,10,51,45,4,110,0,2,22,0,24,10,53,67,4,134,32,0,32,166
05/04/2012,SHV,LA,ASW,CE,Combined TRACON& Tower with Radar,9,54,33,25,121,0,1,18,2,21,9,55,51,27,142,2,8,10,152
05/05/2012,SHV,LA,ASW,CE,Combined TRACON& Tower with Radar,1,37,15,32,85,0,2,14,1,17,1,39,29,33,102,4,10,14,116
05/06/2012,SHV,LA,ASW,CE,Combined TRACON& Tower with Radar,5,52,24,4,85,0,0,4,1,5,5,52,28,5,90,0,0,0,90
05/07/2012,SHV,LA,ASW,CE,Combined TRACON& Tower with Radar,4,51,37,7,99,0,2,10,3,15,4,53,47,10,114,0,12,12,126
05/08/2012,SHV,LA,ASW,CE,Combined TRACON& Tower with Radar,9,54,34,5,102,0,0,13,2,15,9,54,47,7,117,0,0,0,117
05/09/2012,SHV,LA,ASW,CE,Combined TRACON& Tower with Radar,10,54,34,2,100,0,0,15,0,15,10,54,49,2,115,0,0,0,115
05/10/2012,SHV,LA,ASW,CE,Combined TRACON& Tower with Radar,16,53,39,2,110,0,0,29,0,29,16,53,68,2,139,0,0,0,139
05/11/2012,SHV,LA,ASW,CE,Combined TRACON& Tower with Radar,15,52,39,12,118,0,0,10,1,11,15,52,49,13,129,0,0,0,129
05/12/2012,SHV,LA,ASW,CE,Combined TRACON& Tower with Radar,1,36,28,2,67,0,1,1,2,4,1,37,29,4,71,0,4,4,75
05/13/2012,SHV,LA,ASW,CE,Combined TRACON& Tower with Radar,5,43,25,1,74,0,1,10,0,11,5,44,35,1,85,20,0,20,105
05/14/2012,SHV,LA,ASW,CE,Combined TRACON& Tower with Radar,5,51,37,16,109,0,0,16,1,17,5,51,53,17,126,8,20,28,154
05/15/2012,SHV,LA,ASW,CE,Combined TRACON& Tower with Radar,12,55,39,0,106,0,0,9,6,15,12,55,48,6,121,12,0,12,133
05/16/2012,SHV,LA,ASW,CE,Combined TRACON& Tower with Radar,8,57,32,4,101,0,0,23,0,23,8,57,55,4,124,6,0,6,130
05/17/2012,SHV,LA,ASW,CE,Combined TRACON& Tower with Radar,14,60,35,4,113,0,4,26,0,30,14,64,61,4,143,10,37,47,190
05/18/2012,SHV,LA,ASW,CE,Combined TRACON& Tower with Radar,9,56,41,28,134,0,2,24,3,29,9,58,65,31,163,0,6,6,169
05/19/2012,SHV,LA,ASW,CE,Combined TRACON& Tower with Radar,1,36,18,25,80,0,0,17,9,26,1,36,35,34,106,10,37,47,153
05/20/2012,SHV,LA,ASW,CE,Combined TRACON& Tower with Radar,7,46,26,14,93,0,2,13,2,17,7,48,39,16,110,0,6,6,116
05/21/2012,SHV,LA,ASW,CE,Combined TRACON& Tower with Radar,5,50,30,4,89,0,2,14,0,16,5,52,44,4,105,10,0,10,115
05/22/2012,SHV,LA,ASW,CE,Combined TRACON& Tower with Radar,8,51,30,4,93,0,3,19,3,25,8,54,49,7,118,10,0,10,128
05/23/2012,SHV,LA,ASW,CE,Combined TRACON& Tower with Radar,8,52,32,11,103,0,3,21,2,26,8,55,53,13,129,16,8,24,153
05/24/2012,SHV,LA,ASW,CE,Combined TRACON& Tower with Radar,12,57,40,0,109,0,4,10,0,14,12,61,50,0,123,8,0,8,131
05/25/2012,SHV,LA,ASW,CE,Combined TRACON& Tower with Radar,9,62,37,0,108,0,2,12,0,14,9,64,49,0,122,6,0,6,128
05/26/2012,SHV,LA,ASW,CE,Combined TRACON& Tower with Radar,1,36,21,0,58,0,0,17,0,17,1,36,38,0,75,4,0,4,79
05/27/2012,SHV,LA,ASW,CE,Combined TRACON& Tower with Radar,6,33,13,4,56,0,0,17,0,17,6,33,30,4,73,0,0,0,73
05/28/2012,SHV,LA,ASW,CE,Combined TRACON& Tower with Radar,2,50,16,3,71,0,0,18,0,18,2,50,34,3,89,10,0,10,99
05/29/2012,SHV,LA,ASW,CE,Combined TRACON& Tower with Radar,10,51,29,3,93,0,1,13,2,16,10,52,42,5,109,0,0,0,109
05/30/2012,SHV,LA,ASW,CE,Combined TRACON& Tower with Radar,8,54,30,7,99,0,0,10,3,13,8,54,40,10,112,10,0,10,122
05/31/2012,SHV,LA,ASW,CE,Combined TRACON& Tower with Radar,11,49,41,0,101,0,2,17,0,19,11,51,58,0,120,4,0,4,124
06/01/2012,SHV,LA,ASW,CE,Combined TRACON& Tower with Radar,11,53,23,36,123,0,0,21,0,21,11,53,44,36,144,0,0,0,144
06/02/2012,SHV,LA,ASW,CE,Combined TRACON& Tower with Radar,1,37,11,10,59,0,1,10,4,15,1,38,21,14,74,8,0,8,82
06/03/2012,SHV,LA,ASW,CE,Combined TRACON& Tower with Radar,7,46,24,9,86,0,0,4,0,4,7,46,28,9,90,0,0,0,90
06/04/2012,SHV,LA,ASW,CE,Combined TRACON& Tower with Radar,5,57,24,2,88,0,2,16,0,18,5,59,40,2,106,4,0,4,110
06/05/2012,SHV,LA,ASW,CE,Combined TRACON& Tower with Radar,11,67,35,0,113,0,0,37,0,37,11,67,72,0,150,32,0,32,182
06/06/2012,SHV,LA,ASW,CE,Combined TRACON& Tower with Radar,20,55,42,0,117,0,1,16,0,17,20,56,58,0,134,14,0,14,148
06/07/2012,SHV,LA,ASW,CE,Combined TRACON& Tower with Radar,21,61,32,4,118,0,0,21,2,23,21,61,53,6,141,6,0,6,147
06/08/2012,SHV,LA,ASW,CE,Combined TRACON& Tower with Radar,10,55,31,37,133,0,0,20,2,22,10,55,51,39,155,0,8,8,163
06/09/2012,SHV,LA,ASW,CE,Combined TRACON& Tower with Radar,5,43,19,17,84,0,1,16,5,22,5,44,35,22,106,16,8,24,130
06/10/2012,SHV,LA,ASW,CE,Combined TRACON& Tower with Radar,8,59,24,10,101,0,2,3,2,7,8,61,27,12,108,8,0,8,116
06/11/2012,SHV,LA,ASW,CE,Combined TRACON& Tower with Radar,5,60,31,8,104,0,2,10,0,12,5,62,41,8,116,0,16,16,132
06/12/2012,SHV,LA,ASW,CE,Combined TRACON& Tower with Radar,10,58,35,13,116,0,0,10,0,10,10,58,45,13,126,10,6,16,142
06/13/2012,SHV,LA,ASW,CE,Combined TRACON& Tower with Radar,12,54,43,4,113,0,0,11,1,12,12,54,54,5,125,27,0,27,152
06/14/2012,SHV,LA,ASW,CE,Combined TRACON& Tower with Radar,14,63,34,8,119,0,0,12,1,13,14,63,46,9,132,28,4,32,164
06/15/2012,SHV,LA,ASW,CE,Combined TRACON& Tower with Radar,9,51,37,3,100,0,0,6,2,8,9,51,43,5,108,18,0,18,126
06/16/2012,SHV,LA,ASW,CE,Combined TRACON& Tower with Radar,1,43,32,3,79,0,0,12,0,12,1,43,44,3,91,8,0,8,99
06/17/2012,SHV,LA,ASW,CE,Combined TRACON& Tower with Radar,7,46,26,8,87,0,0,12,0,12,7,46,38,8,99,0,0,0,99
06/18/2012,SHV,LA,ASW,CE,Combined TRACON& Tower with Radar,5,59,27,8,99,0,2,11,0,13,5,61,38,8,112,14,18,32,144
06/19/2012,SHV,LA,ASW,CE,Combined TRACON& Tower with Radar,12,51,30,2,95,0,0,5,0,5,12,51,35,2,100,0,0,0,100
06/20/2012,SHV,LA,ASW,CE,Combined TRACON& Tower with Radar,8,51,38,0,97,0,0,17,1,18,8,51,55,1,115,0,0,0,115
06/21/2012,SHV,LA,ASW,CE,Combined TRACON& Tower with Radar,12,61,32,1,106,0,2,18,3,23,12,63,50,4,129,14,0,14,143
06/22/2012,SHV,LA,ASW,CE,Combined TRACON& Tower with Radar,9,54,40,17,120,0,0,17,1,18,9,54,57,18,138,9,0,9,147
06/23/2012,SHV,LA,ASW,CE,Combined TRACON& Tower with Radar,3,39,22,0,64,0,2,15,0,17,3,41,37,0,81,0,0,0,81
06/24/2012,SHV,LA,ASW,CE,Combined TRACON& Tower with Radar,7,44,24,2,77,0,0,15,0,15,7,44,39,2,92,2,2,4,96
06/25/2012,SHV,LA,ASW,CE,Combined TRACON& Tower with Radar,5,53,32,5,95,0,1,22,0,23,5,54,54,5,118,12,0,12,130
06/26/2012,SHV,LA,ASW,CE,Combined TRACON& Tower with Radar,10,56,21,3,90,0,0,16,0,16,10,56,37,3,106,26,0,26,132
06/27/2012,SHV,LA,ASW,CE,Combined TRACON& Tower with Radar,8,54,33,0,95,0,0,20,0,20,8,54,53,0,115,4,0,4,119
06/28/2012,SHV,LA,ASW,CE,Combined TRACON& Tower with Radar,14,60,39,2,115,0,4,26,0,30,14,64,65,2,145,0,0,0,145
06/29/2012,SHV,LA,ASW,CE,Combined TRACON& Tower with Radar,9,53,57,16,135,0,0,21,1,22,9,53,78,17,157,4,10,14,171
06/30/2012,SHV,LA,ASW,CE,Combined TRACON& Tower with Radar,1,42,27,15,85,0,0,26,0,26,1,42,53,15,111,18,0,18,129
07/01/2012,SHV,LA,ASW,CE,Combined TRACON& Tower with Radar,9,44,19,0,72,0,2,12,0,14,9,46,31,0,86,6,0,6,92
07/02/2012,SHV,LA,ASW,CE,Combined TRACON& Tower with Radar,6,52,37,2,97,0,0,15,0,15,6,52,52,2,112,0,0,0,112
07/03/2012,SHV,LA,ASW,CE,Combined TRACON& Tower with Radar,11,42,14,18,85,0,0,21,1,22,11,42,35,19,107,0,0,0,107
07/04/2012,SHV,LA,ASW,CE,Combined TRACON& Tower with Radar,4,32,2,0,38,0,0,15,0,15,4,32,17,0,53,0,0,0,53
07/05/2012,SHV,LA,ASW,CE,Combined TRACON& Tower with Radar,12,43,21,0,76,0,0,17,0,17,12,43,38,0,93,0,0,0,93
07/06/2012,SHV,LA,ASW,CE,Combined TRACON& Tower with Radar,11,45,32,14,102,0,2,26,1,29,11,47,58,15,131,0,20,20,151
07/07/2012,SHV,LA,ASW,CE,Combined TRACON& Tower with Radar,15,38,16,3,72,0,2,15,0,17,15,40,31,3,89,16,0,16,105
07/08/2012,SHV,LA,ASW,CE,Combined TRACON& Tower with Radar,7,48,14,4,73,0,1,6,0,7,7,49,20,4,80,6,0,6,86
07/09/2012,SHV,LA,ASW,CE,Combined TRACON& Tower with Radar,7,45,27,0,79,0,0,4,0,4,7,45,31,0,83,0,0,0,83
07/10/2012,SHV,LA,ASW,CE,Combined TRACON& Tower with Radar,10,59,43,0,112,0,0,13,0,13,10,59,56,0,125,0,0,0,125
07/11/2012,SHV,LA,ASW,CE,Combined TRACON& Tower with Radar,10,56,20,0,86,0,0,1,0,1,10,56,21,0,87,2,0,2,89
07/12/2012,SHV,LA,ASW,CE,Combined TRACON& Tower with Radar,12,45,17,0,74,0,0,10,0,10,12,45,27,0,84,8,0,8,92
07/13/2012,SHV,LA,ASW,CE,Combined TRACON& Tower with Radar,9,52,58,0,119,0,0,11,2,13,9,52,69,2,132,0,0,0,132
07/14/2012,SHV,LA,ASW,CE,Combined TRACON& Tower with Radar,3,39,42,0,84,0,0,10,0,10,3,39,52,0,94,0,0,0,94
07/15/2012,SHV,LA,ASW,CE,Combined TRACON& Tower with Radar,7,43,25,0,75,0,0,8,0,8,7,43,33,0,83,12,0,12,95
07/16/2012,SHV,LA,ASW,CE,Combined TRACON& Tower with Radar,5,56,42,6,109,0,0,24,4,28,5,56,66,10,137,30,4,34,171
07/17/2012,SHV,LA,ASW,CE,Combined TRACON& Tower with Radar,10,52,56,6,124,0,0,17,4,21,10,52,73,10,145,4,6,10,155
07/18/2012,SHV,LA,ASW,CE,Combined TRACON& Tower with Radar,8,54,50,0,112,0,0,9,0,9,8,54,59,0,121,0,0,0,121
07/19/2012,SHV,LA,ASW,CE,Combined TRACON& Tower with Radar,14,64,30,0,108,0,0,7,1,8,14,64,37,1,116,30,0,30,146
07/20/2012,SHV,LA,ASW,CE,Combined TRACON& Tower with Radar,17,51,33,21,122,0,0,19,4,23,17,51,52,25,145,34,28,62,207
07/21/2012,SHV,LA,ASW,CE,Combined TRACON& Tower with Radar,1,50,21,3,75,0,1,15,3,19,1,51,36,6,94,0,10,10,104
07/22/2012,SHV,LA,ASW,CE,Combined TRACON& Tower with Radar,9,49,27,5,90,0,0,17,0,17,9,49,44,5,107,14,0,14,121
07/23/2012,SHV,LA,ASW,CE,Combined TRACON& Tower with Radar,5,53,35,0,93,0,0,18,0,18,5,53,53,0,111,8,0,8,119
07/24/2012,SHV,LA,ASW,CE,Combined TRACON& Tower with Radar,11,58,27,0,96,0,2,10,0,12,11,60,37,0,108,0,0,0,108
07/25/2012,SHV,LA,ASW,CE,Combined TRACON& Tower with Radar,7,72,27,2,108,0,0,5,1,6,7,72,32,3,114,0,0,0,114
07/26/2012,SHV,LA,ASW,CE,Combined TRACON& Tower with Radar,14,71,42,6,133,0,0,14,0,14,14,71,56,6,147,8,0,8,155
07/27/2012,SHV,LA,ASW,CE,Combined TRACON& Tower with Radar,9,55,34,25,123,0,0,14,0,14,9,55,48,25,137,12,0,12,149
07/28/2012,SHV,LA,ASW,CE,Combined TRACON& Tower with Radar,1,44,17,13,75,0,2,14,0,16,1,46,31,13,91,0,0,0,91
07/29/2012,SHV,LA,ASW,CE,Combined TRACON& Tower with Radar,7,49,32,0,88,0,0,17,0,17,7,49,49,0,105,2,0,2,107
07/30/2012,SHV,LA,ASW,CE,Combined TRACON& Tower with Radar,6,64,31,2,103,0,0,20,0,20,6,64,51,2,123,16,0,16,139
07/31/2012,SHV,LA,ASW,CE,Combined TRACON& Tower with Radar,8,54,22,2,86,0,0,18,0,18,8,54,40,2,104,16,0,16,120
08/01/2012,SHV,LA,ASW,CE,Combined TRACON& Tower with Radar,8,59,35,0,102,0,0,22,0,22,8,59,57,0,124,12,0,12,136
08/02/2012,SHV,LA,ASW,CE,Combined TRACON& Tower with Radar,12,50,38,0,100,0,0,18,2,20,12,50,56,2,120,2,0,2,122
08/03/2012,SHV,LA,ASW,CE,Combined TRACON& Tower with Radar,9,55,28,3,95,0,1,12,2,15,9,56,40,5,110,0,0,0,110
08/04/2012,SHV,LA,ASW,CE,Combined TRACON& Tower with Radar,1,42,16,13,72,0,3,23,0,26,1,45,39,13,98,6,0,6,104
08/05/2012,SHV,LA,ASW,CE,Combined TRACON& Tower with Radar,7,48,17,4,76,0,3,8,0,11,7,51,25,4,87,0,0,0,87
08/06/2012,SHV,LA,ASW,CE,Combined TRACON& Tower with Radar,5,50,24,0,79,0,2,14,0,16,5,52,38,0,95,4,0,4,99
08/07/2012,SHV,LA,ASW,CE,Combined TRACON& Tower with Radar,8,58,19,0,85,0,0,23,1,24,8,58,42,1,109,12,0,12,121
08/08/2012,SHV,LA,ASW,CE,Combined TRACON& Tower with Radar,12,51,28,3,94,0,0,14,2,16,12,51,42,5,110,20,2,22,132
08/09/2012,SHV,LA,ASW,CE,Combined TRACON& Tower with Radar,12,56,26,4,98,0,0,11,0,11,12,56,37,4,109,12,4,16,125
08/10/2012,SHV,LA,ASW,CE,Combined TRACON& Tower with Radar,11,52,44,21,128,0,0,24,0,24,11,52,68,21,152,8,10,18,170
08/11/2012,SHV,LA,ASW,CE,Combined TRACON& Tower with Radar,1,39,22,21,83,0,0,21,0,21,1,39,43,21,104,28,0,28,132
08/12/2012,SHV,LA,ASW,CE,Combined TRACON& Tower with Radar,7,52,36,7,102,0,0,16,0,16,7,52,52,7,118,10,0,10,128
08/13/2012,SHV,LA,ASW,CE,Combined TRACON& Tower with Radar,7,54,46,6,113,0,1,32,4,37,7,55,78,10,150,18,4,22,172
08/14/2012,SHV,LA,ASW,CE,Combined TRACON& Tower with Radar,10,53,30,13,106,0,0,19,0,19,10,53,49,13,125,8,0,8,133
08/15/2012,SHV,LA,ASW,CE,Combined TRACON& Tower with Radar,11,54,22,5,92,0,1,13,1,15,11,55,35,6,107,6,12,18,125
08/16/2012,SHV,LA,ASW,CE,Combined TRACON& Tower with Radar,10,49,40,8,107,0,0,17,2,19,10,49,57,10,126,6,0,6,132
08/17/2012,SHV,LA,ASW,CE,Combined TRACON& Tower with Radar,9,61,30,1,101,0,0,22,5,27,9,61,52,6,128,22,0,22,150
08/18/2012,SHV,LA,ASW,CE,Combined TRACON& Tower with Radar,5,50,34,8,97,0,0,9,0,9,5,50,43,8,106,0,0,0,106
08/19/2012,SHV,LA,ASW,CE,Combined TRACON& Tower with Radar,5,43,30,37,115,0,0,14,1,15,5,43,44,38,130,0,0,0,130
08/20/2012,SHV,LA,ASW,CE,Combined TRACON& Tower with Radar,7,56,46,3,112,0,0,24,1,25,7,56,70,4,137,0,0,0,137
08/21/2012,SHV,LA,ASW,CE,Combined TRACON& Tower with Radar,10,65,51,3,129,0,3,25,5,33,10,68,76,8,162,8,20,28,190
08/22/2012,SHV,LA,ASW,CE,Combined TRACON& Tower with Radar,10,65,42,1,118,0,2,20,0,22,10,67,62,1,140,6,0,6,146
08/23/2012,SHV,LA,ASW,CE,Combined TRACON& Tower with Radar,12,58,47,7,124,0,0,27,1,28,12,58,74,8,152,14,0,14,166
08/24/2012,SHV,LA,ASW,CE,Combined TRACON& Tower with Radar,8,54,37,8,107,0,2,9,0,11,8,56,46,8,118,0,0,0,118
08/25/2012,SHV,LA,ASW,CE,Combined TRACON& Tower with Radar,1,48,39,21,109,0,1,4,2,7,1,49,43,23,116,4,0,4,120
08/26/2012,SHV,LA,ASW,CE,Combined TRACON& Tower with Radar,6,44,38,7,95,0,2,6,0,8,6,46,44,7,103,0,0,0,103
08/27/2012,SHV,LA,ASW,CE,Combined TRACON& Tower with Radar,6,54,33,5,98,0,0,13,1,14,6,54,46,6,112,2,0,2,114
08/28/2012,SHV,LA,ASW,CE,Combined TRACON& Tower with Radar,14,63,41,2,120,0,0,11,2,13,14,63,52,4,133,4,0,4,137
08/29/2012,SHV,LA,ASW,CE,Combined TRACON& Tower with Radar,8,56,21,0,85,0,1,5,2,8,8,57,26,2,93,0,0,0,93
08/30/2012,SHV,LA,ASW,CE,Combined TRACON& Tower with Radar,10,34,9,0,53,0,0,0,0,0,10,34,9,0,53,0,0,0,53
08/31/2012,SHV,LA,ASW,CE,Combined TRACON& Tower with Radar,10,50,32,0,92,0,0,4,2,6,10,50,36,2,98,0,0,0,98
09/01/2012,SHV,LA,ASW,CE,Combined TRACON& Tower with Radar,3,35,12,0,50,0,2,0,0,2,3,37,12,0,52,14,0,14,66
09/02/2012,SHV,LA,ASW,CE,Combined TRACON& Tower with Radar,6,33,13,4,56,0,3,11,0,14,6,36,24,4,70,0,0,0,70
09/03/2012,SHV,LA,ASW,CE,Combined TRACON& Tower with Radar,4,51,28,0,83,0,2,14,0,16,4,53,42,0,99,0,0,0,99
09/04/2012,SHV,LA,ASW,CE,Combined TRACON& Tower with Radar,4,63,26,0,93,0,5,17,0,22,4,68,43,0,115,0,0,0,115
09/05/2012,SHV,LA,ASW,CE,Combined TRACON& Tower with Radar,11,61,36,2,110,0,0,33,0,33,11,61,69,2,143,30,0,30,173
09/06/2012,SHV,LA,ASW,CE,Combined TRACON& Tower with Radar,12,59,37,12,120,0,2,9,0,11,12,61,46,12,131,0,0,0,131
09/07/2012,SHV,LA,ASW,CE,Combined TRACON& Tower with Radar,10,52,37,30,129,0,1,16,2,19,10,53,53,32,148,0,0,0,148
09/08/2012,SHV,LA,ASW,CE,Combined TRACON& Tower with Radar,3,43,28,5,79,0,0,10,0,10,3,43,38,5,89,4,0,4,93
09/09/2012,SHV,LA,ASW,CE,Combined TRACON& Tower with Radar,8,47,35,20,110,0,0,19,0,19,8,47,54,20,129,4,6,10,139
09/10/2012,SHV,LA,ASW,CE,Combined TRACON& Tower with Radar,10,61,35,6,112,0,4,28,0,32,10,65,63,6,144,0,0,0,144
09/11/2012,SHV,LA,ASW,CE,Combined TRACON& Tower with Radar,12,48,31,0,91,0,1,22,0,23,12,49,53,0,114,0,0,0,114
09/12/2012,SHV,LA,ASW,CE,Combined TRACON& Tower with Radar,8,52,48,6,114,0,4,14,2,20,8,56,62,8,134,16,0,16,150
09/13/2012,SHV,LA,ASW,CE,Combined TRACON& Tower with Radar,12,52,15,0,79,0,0,15,0,15,12,52,30,0,94,0,0,0,94
09/14/2012,SHV,LA,ASW,CE,Combined TRACON& Tower with Radar,15,58,33,0,106,0,1,10,0,11,15,59,43,0,117,0,0,0,117
09/15/2012,SHV,LA,ASW,CE,Combined TRACON& Tower with Radar,2,34,24,0,60,0,1,0,0,1,2,35,24,0,61,0,0,0,61
09/16/2012,SHV,LA,ASW,CE,Combined TRACON& Tower with Radar,6,59,25,2,92,0,0,2,1,3,6,59,27,3,95,2,0,2,97
09/17/2012,SHV,LA,ASW,CE,Combined TRACON& Tower with Radar,8,63,42,2,115,0,0,0,0,0,8,63,42,2,115,0,0,0,115
09/18/2012,SHV,LA,ASW,CE,Combined TRACON& Tower with Radar,10,53,47,7,117,0,0,18,1,19,10,53,65,8,136,0,0,0,136
09/19/2012,SHV,LA,ASW,CE,Combined TRACON& Tower with Radar,8,53,47,0,108,0,3,12,0,15,8,56,59,0,123,22,2,24,147
09/20/2012,SHV,LA,ASW,CE,Combined TRACON& Tower with Radar,12,53,31,0,96,0,0,12,0,12,12,53,43,0,108,0,0,0,108
09/21/2012,SHV,LA,ASW,CE,Combined TRACON& Tower with Radar,9,55,42,3,109,0,2,21,3,26,9,57,63,6,135,0,10,10,145
09/22/2012,SHV,LA,ASW,CE,Combined TRACON& Tower with Radar,1,31,12,3,47,0,5,15,2,22,1,36,27,5,69,2,2,4,73
09/23/2012,SHV,LA,ASW,CE,Combined TRACON& Tower with Radar,5,47,33,12,97,0,0,18,0,18,5,47,51,12,115,0,0,0,115
09/24/2012,SHV,LA,ASW,CE,Combined TRACON& Tower with Radar,5,56,22,2,85,0,2,13,2,17,5,58,35,4,102,14,0,14,116
09/25/2012,SHV,LA,ASW,CE,Combined TRACON& Tower with Radar,12,59,33,3,107,0,1,9,0,10,12,60,42,3,117,2,10,12,129
09/26/2012,SHV,LA,ASW,CE,Combined TRACON& Tower with Radar,8,59,40,6,113,0,1,30,0,31,8,60,70,6,144,22,0,22,166
09/27/2012,SHV,LA,ASW,CE,Combined TRACON& Tower with Radar,10,56,41,0,107,0,1,17,0,18,10,57,58,0,125,0,0,0,125
09/28/2012,SHV,LA,ASW,CE,Combined TRACON& Tower with Radar,15,68,27,4,114,0,1,19,0,20,15,69,46,4,134,0,0,0,134
09/29/2012,SHV,LA,ASW,CE,Combined TRACON& Tower with Radar,3,36,25,0,64,0,1,2,0,3,3,37,27,0,67,2,0,2,69
09/30/2012,SHV,LA,ASW,CE,Combined TRACON& Tower with Radar,5,62,53,0,120,0,0,0,0,0,5,62,53,0,120,0,0,0,120
10/01/2012,SHV,LA,ASW,CE,Combined TRACON& Tower with Radar,7,59,38,15,119,0,1,21,1,23,7,60,59,16,142,4,2,6,148
10/02/2012,SHV,LA,ASW,CE,Combined TRACON& Tower with Radar,8,60,23,0,91,0,2,29,0,31,8,62,52,0,122,0,0,0,122
10/03/2012,SHV,LA,ASW,CE,Combined TRACON& Tower with Radar,8,59,35,1,103,0,1,17,3,21,8,60,52,4,124,0,0,0,124
10/04/2012,SHV,LA,ASW,CE,Combined TRACON& Tower with Radar,14,54,36,0,104,0,2,22,0,24,14,56,58,0,128,271,34,305,433
10/05/2012,SHV,LA,ASW,CE,Combined TRACON& Tower with Radar,13,63,28,8,112,0,0,28,0,28,13,63,56,8,140,74,0,74,214
10/06/2012,SHV,LA,ASW,CE,Combined TRACON& Tower with Radar,4,39,45,2,90,0,0,2,0,2,4,39,47,2,92,185,34,219,311
10/07/2012,SHV,LA,ASW,CE,Combined TRACON& Tower with Radar,4,48,34,6,92,0,4,27,0,31,4,52,61,6,123,150,34,184,307
10/08/2012,SHV,LA,ASW,CE,Combined TRACON& Tower with Radar,5,57,37,0,99,0,0,20,0,20,5,57,57,0,119,109,34,143,262
10/09/2012,SHV,LA,ASW,CE,Combined TRACON& Tower with Radar,11,65,42,4,122,0,2,12,5,19,11,67,54,9,141,0,0,0,141
10/10/2012,SHV,LA,ASW,CE,Combined TRACON& Tower with Radar,14,54,48,4,120,0,0,9,0,9,14,54,57,4,129,0,0,0,129
10/11/2012,SHV,LA,ASW,CE,Combined TRACON& Tower with Radar,7,61,40,6,114,0,2,25,2,29,7,63,65,8,143,101,34,135,278
10/12/2012,SHV,LA,ASW,CE,Combined TRACON& Tower with Radar,14,53,43,32,142,0,2,14,0,16,14,55,57,32,158,95,34,129,287
10/13/2012,SHV,LA,ASW,CE,Combined TRACON& Tower with Radar,2,46,36,7,91,0,1,15,3,19,2,47,51,10,110,95,28,123,233
10/14/2012,SHV,LA,ASW,CE,Combined TRACON& Tower with Radar,7,52,32,0,91,0,0,5,0,5,7,52,37,0,96,0,0,0,96
10/15/2012,SHV,LA,ASW,CE,Combined TRACON& Tower with Radar,7,58,31,8,104,0,3,18,1,22,7,61,49,9,126,4,0,4,130
10/16/2012,SHV,LA,ASW,CE,Combined TRACON& Tower with Radar,8,62,29,0,99,0,3,16,2,21,8,65,45,2,120,2,0,2,122
10/17/2012,SHV,LA,ASW,CE,Combined TRACON& Tower with Radar,8,54,35,0,97,0,0,6,0,6,8,54,41,0,103,0,0,0,103
10/18/2012,SHV,LA,ASW,CE,Combined TRACON& Tower with Radar,10,59,43,2,114,0,7,23,4,34,10,66,66,6,148,83,28,111,259
10/19/2012,SHV,LA,ASW,CE,Combined TRACON& Tower with Radar,10,51,25,75,161,0,0,24,4,28,10,51,49,79,189,0,4,4,193
10/20/2012,SHV,LA,ASW,CE,Combined TRACON& Tower with Radar,3,33,27,18,81,0,3,11,2,16,3,36,38,20,97,8,0,8,105
10/21/2012,SHV,LA,ASW,CE,Combined TRACON& Tower with Radar,4,49,28,1,82,0,1,13,0,14,4,50,41,1,96,0,0,0,96
10/22/2012,SHV,LA,ASW,CE,Combined TRACON& Tower with Radar,5,55,26,6,92,0,0,26,0,26,5,55,52,6,118,0,0,0,118
10/23/2012,SHV,LA,ASW,CE,Combined TRACON& Tower with Radar,8,58,34,2,102,0,0,10,2,12,8,58,44,4,114,0,0,0,114
10/24/2012,SHV,LA,ASW,CE,Combined TRACON& Tower with Radar,10,56,32,1,99,0,0,4,1,5,10,56,36,2,104,0,0,0,104
10/25/2012,SHV,LA,ASW,CE,Combined TRACON& Tower with Radar,8,57,57,2,124,0,2,42,2,46,8,59,99,4,170,69,24,93,263
10/26/2012,SHV,LA,ASW,CE,Combined TRACON& Tower with Radar,12,62,45,3,122,0,0,0,0,0,12,62,45,3,122,25,24,49,171
10/27/2012,SHV,LA,ASW,CE,Combined TRACON& Tower with Radar,2,33,15,2,52,0,2,17,2,21,2,35,32,4,73,0,0,0,73
10/28/2012,SHV,LA,ASW,CE,Combined TRACON& Tower with Radar,4,48,26,11,89,0,0,10,5,15,4,48,36,16,104,0,24,24,128
10/29/2012,SHV,LA,ASW,CE,Combined TRACON& Tower with Radar,7,49,40,3,99,0,1,26,0,27,7,50,66,3,126,75,0,75,201
10/30/2012,SHV,LA,ASW,CE,Combined TRACON& Tower with Radar,8,54,26,0,88,0,0,7,0,7,8,54,33,0,95,25,0,25,120
10/31/2012,SHV,LA,ASW,CE,Combined TRACON& Tower with Radar,8,48,27,0,83,0,3,20,0,23,8,51,47,0,106,0,0,0,106
11/01/2012,SHV,LA,ASW,CE,Combined TRACON& Tower with Radar,8,55,48,0,111,0,0,22,0,22,8,55,70,0,133,106,0,106,239
11/02/2012,SHV,LA,ASW,CE,Combined TRACON& Tower with Radar,13,62,23,0,98,0,3,78,0,81,13,65,101,0,179,92,0,92,271
11/03/2012,SHV,LA,ASW,CE,Combined TRACON& Tower with Radar,5,40,23,1,69,0,0,10,0,10,5,40,33,1,79,86,6,92,171
11/04/2012,SHV,LA,ASW,CE,Combined TRACON& Tower with Radar,3,47,34,1,85,0,0,6,0,6,3,47,40,1,91,22,0,22,113
11/05/2012,SHV,LA,ASW,CE,Combined TRACON& Tower with Radar,9,57,28,8,102,0,5,5,0,10,9,62,33,8,112,14,0,14,126
11/06/2012,SHV,LA,ASW,CE,Combined TRACON& Tower with Radar,10,44,25,7,86,0,2,14,1,17,10,46,39,8,103,8,0,8,111
11/07/2012,SHV,LA,ASW,CE,Combined TRACON& Tower with Radar,16,52,16,4,88,0,1,24,0,25,16,53,40,4,113,25,10,35,148
11/08/2012,SHV,LA,ASW,CE,Combined TRACON& Tower with Radar,12,62,46,2,122,0,0,30,0,30,12,62,76,2,152,86,0,86,238
11/09/2012,SHV,LA,ASW,CE,Combined TRACON& Tower with Radar,11,47,28,4,90,0,4,24,2,30,11,51,52,6,120,89,0,89,209
11/10/2012,SHV,LA,ASW,CE,Combined TRACON& Tower with Radar,3,35,25,1,64,0,2,17,0,19,3,37,42,1,83,52,0,52,135
11/11/2012,SHV,LA,ASW,CE,Combined TRACON& Tower with Radar,11,54,22,0,87,0,0,0,0,0,11,54,22,0,87,0,0,0,87
11/12/2012,SHV,LA,ASW,CE,Combined TRACON& Tower with Radar,7,53,32,1,93,0,0,17,2,19,7,53,49,3,112,28,0,28,140
11/13/2012,SHV,LA,ASW,CE,Combined TRACON& Tower with Radar,8,52,38,21,119,0,6,17,1,24,8,58,55,22,143,12,2,14,157
11/14/2012,SHV,LA,ASW,CE,Combined TRACON& Tower with Radar,8,49,37,3,97,0,2,11,0,13,8,51,48,3,110,0,0,0,110
11/15/2012,SHV,LA,ASW,CE,Combined TRACON& Tower with Radar,10,51,42,9,112,0,0,19,2,21,10,51,61,11,133,4,0,4,137
11/16/2012,SHV,LA,ASW,CE,Combined TRACON& Tower with Radar,13,65,35,0,113,0,0,18,0,18,13,65,53,0,131,4,0,4,135
11/17/2012,SHV,LA,ASW,CE,Combined TRACON& Tower with Radar,1,36,32,13,82,0,2,25,2,29,1,38,57,15,111,14,0,14,125
11/18/2012,SHV,LA,ASW,CE,Combined TRACON& Tower with Radar,5,47,32,6,90,0,1,15,0,16,5,48,47,6,106,22,0,22,128
11/19/2012,SHV,LA,ASW,CE,Combined TRACON& Tower with Radar,5,46,26,2,79,0,7,25,0,32,5,53,51,2,111,6,0,6,117
11/20/2012,SHV,LA,ASW,CE,Combined TRACON& Tower with Radar,13,53,29,4,99,0,3,22,0,25,13,56,51,4,124,6,0,6,130
11/21/2012,SHV,LA,ASW,CE,Combined TRACON& Tower with Radar,14,60,36,7,117,0,1,19,1,21,14,61,55,8,138,10,12,22,160
11/22/2012,SHV,LA,ASW,CE,Combined TRACON& Tower with Radar,0,24,9,0,33,0,3,46,0,49,0,27,55,0,82,0,0,0,82
11/23/2012,SHV,LA,ASW,CE,Combined TRACON& Tower with Radar,8,35,22,0,65,0,0,1,0,1,8,35,23,0,66,2,0,2,68
11/24/2012,SHV,LA,ASW,CE,Combined TRACON& Tower with Radar,3,50,19,0,72,0,2,11,0,13,3,52,30,0,85,0,0,0,85
11/25/2012,SHV,LA,ASW,CE,Combined TRACON& Tower with Radar,5,55,25,0,85,0,0,21,0,21,5,55,46,0,106,8,0,8,114
11/26/2012,SHV,LA,ASW,CE,Combined TRACON& Tower with Radar,5,53,30,4,92,0,2,7,0,9,5,55,37,4,101,8,0,8,109
11/27/2012,SHV,LA,ASW,CE,Combined TRACON& Tower with Radar,10,49,34,4,97,0,0,38,0,38,10,49,72,4,135,6,0,6,141
11/28/2012,SHV,LA,ASW,CE,Combined TRACON& Tower with Radar,10,46,33,0,89,0,0,31,1,32,10,46,64,1,121,10,0,10,131
11/29/2012,SHV,LA,ASW,CE,Combined TRACON& Tower with Radar,12,46,33,3,94,0,0,18,2,20,12,46,51,5,114,8,4,12,126
11/30/2012,SHV,LA,ASW,CE,Combined TRACON& Tower with Radar,7,58,50,14,129,0,0,20,0,20,7,58,70,14,149,18,4,22,171
12/01/2012,SHV,LA,ASW,CE,Combined TRACON& Tower with Radar,1,32,22,16,71,0,5,24,1,30,1,37,46,17,101,28,6,34,135
12/02/2012,SHV,LA,ASW,CE,Combined TRACON& Tower with Radar,3,50,44,3,100,0,2,12,0,14,3,52,56,3,114,10,0,10,124
12/03/2012,SHV,LA,ASW,CE,Combined TRACON& Tower with Radar,7,49,39,0,95,0,1,10,0,11,7,50,49,0,106,8,0,8,114
12/04/2012,SHV,LA,ASW,CE,Combined TRACON& Tower with Radar,14,50,39,0,103,0,0,4,0,4,14,50,43,0,107,0,0,0,107
12/05/2012,SHV,LA,ASW,CE,Combined TRACON& Tower with Radar,10,47,52,2,111,0,0,9,0,9,10,47,61,2,120,0,0,0,120
12/06/2012,SHV,LA,ASW,CE,Combined TRACON& Tower with Radar,10,60,40,2,112,0,0,2,0,2,10,60,42,2,114,0,0,0,114
12/07/2012,SHV,LA,ASW,CE,Combined TRACON& Tower with Radar,9,52,39,29,129,0,0,6,0,6,9,52,45,29,135,0,0,0,135
12/08/2012,SHV,LA,ASW,CE,Combined TRACON& Tower with Radar,3,33,23,5,64,0,0,8,2,10,3,33,31,7,74,0,0,0,74
12/09/2012,SHV,LA,ASW,CE,Combined TRACON& Tower with Radar,3,46,18,2,69,0,0,3,2,5,3,46,21,4,74,0,0,0,74
12/10/2012,SHV,LA,ASW,CE,Combined TRACON& Tower with Radar,7,49,28,7,91,0,3,17,3,23,7,52,45,10,114,2,0,2,116
12/11/2012,SHV,LA,ASW,CE,Combined TRACON& Tower with Radar,15,63,23,5,106,0,5,18,0,23,15,68,41,5,129,0,0,0,129
12/12/2012,SHV,LA,ASW,CE,Combined TRACON& Tower with Radar,13,52,43,5,113,0,0,15,0,15,13,52,58,5,128,12,0,12,140
12/13/2012,SHV,LA,ASW,CE,Combined TRACON& Tower with Radar,10,56,38,13,117,0,0,27,0,27,10,56,65,13,144,0,22,22,166
12/14/2012,SHV,LA,ASW,CE,Combined TRACON& Tower with Radar,9,60,25,21,115,0,1,16,0,17,9,61,41,21,132,8,0,8,140
12/15/2012,SHV,LA,ASW,CE,Combined TRACON& Tower with Radar,3,36,11,0,50,0,0,9,1,10,3,36,20,1,60,2,0,2,62
12/16/2012,SHV,LA,ASW,CE,Combined TRACON& Tower with Radar,7,46,36,2,91,0,0,3,0,3,7,46,39,2,94,0,0,0,94
12/17/2012,SHV,LA,ASW,CE,Combined TRACON& Tower with Radar,5,50,37,17,109,0,4,22,2,28,5,54,59,19,137,5,0,5,142
12/18/2012,SHV,LA,ASW,CE,Combined TRACON& Tower with Radar,12,63,49,7,131,0,6,15,0,21,12,69,64,7,152,0,6,6,158
12/19/2012,SHV,LA,ASW,CE,Combined TRACON& Tower with Radar,24,60,53,2,139,0,2,2,0,4,24,62,55,2,143,0,0,0,143
12/20/2012,SHV,LA,ASW,CE,Combined TRACON& Tower with Radar,12,53,29,3,97,0,0,9,0,9,12,53,38,3,106,0,0,0,106
12/21/2012,SHV,LA,ASW,CE,Combined TRACON& Tower with Radar,14,51,35,2,102,0,4,20,1,25,14,55,55,3,127,8,0,8,135
12/22/2012,SHV,LA,ASW,CE,Combined TRACON& Tower with Radar,7,55,24,0,86,0,2,5,0,7,7,57,29,0,93,0,0,0,93
12/23/2012,SHV,LA,ASW,CE,Combined TRACON& Tower with Radar,8,40,36,0,84,0,1,9,0,10,8,41,45,0,94,0,0,0,94
12/24/2012,SHV,LA,ASW,CE,Combined TRACON& Tower with Radar,7,29,11,0,47,0,2,8,0,10,7,31,19,0,57,0,0,0,57
12/25/2012,SHV,LA,ASW,CE,Combined TRACON& Tower with Radar,0,19,1,0,20,0,0,0,0,0,0,19,1,0,20,0,0,0,20
12/26/2012,SHV,LA,ASW,CE,Combined TRACON& Tower with Radar,8,39,30,0,77,0,0,5,0,5,8,39,35,0,82,0,0,0,82
12/27/2012,SHV,LA,ASW,CE,Combined TRACON& Tower with Radar,10,40,30,0,80,0,0,9,0,9,10,40,39,0,89,0,0,0,89
12/28/2012,SHV,LA,ASW,CE,Combined TRACON& Tower with Radar,13,43,21,0,77,0,0,0,0,0,13,43,21,0,77,0,0,0,77
12/29/2012,SHV,LA,ASW,CE,Combined TRACON& Tower with Radar,1,39,17,2,59,0,2,17,0,19,1,41,34,2,78,0,0,0,78
12/30/2012,SHV,LA,ASW,CE,Combined TRACON& Tower with Radar,5,42,20,0,67,0,0,21,0,21,5,42,41,0,88,14,0,14,102
12/31/2012,SHV,LA,ASW,CE,Combined TRACON& Tower with Radar,4,34,11,0,49,0,1,0,0,1,4,35,11,0,50,12,0,12,62
01/01/2013,SHV,LA,ASW,CE,Combined TRACON& Tower with Radar,0,34,12,0,46,0,0,5,0,5,0,34,17,0,51,0,0,0,51
01/02/2013,SHV,LA,ASW,CE,Combined TRACON& Tower with Radar,7,53,28,2,90,0,0,2,0,2,7,53,30,2,92,0,0,0,92
01/03/2013,SHV,LA,ASW,CE,Combined TRACON& Tower with Radar,12,40,32,0,84,0,0,10,0,10,12,40,42,0,94,29,0,29,123
01/04/2013,SHV,LA,ASW,CE,Combined TRACON& Tower with Radar,9,50,24,7,90,0,0,8,1,9,9,50,32,8,99,6,5,11,110
01/05/2013,SHV,LA,ASW,CE,Combined TRACON& Tower with Radar,1,38,24,7,70,0,1,1,0,2,1,39,25,7,72,0,12,12,84
01/06/2013,SHV,LA,ASW,CE,Combined TRACON& Tower with Radar,5,39,18,4,66,0,0,8,0,8,5,39,26,4,74,0,0,0,74
01/07/2013,SHV,LA,ASW,CE,Combined TRACON& Tower with Radar,5,46,23,0,74,0,2,17,0,19,5,48,40,0,93,9,0,9,102
01/08/2013,SHV,LA,ASW,CE,Combined TRACON& Tower with Radar,8,51,20,0,79,0,0,1,3,4,8,51,21,3,83,0,0,0,83
01/09/2013,SHV,LA,ASW,CE,Combined TRACON& Tower with Radar,8,47,15,0,70,0,0,0,0,0,8,47,15,0,70,0,0,0,70
01/10/2013,SHV,LA,ASW,CE,Combined TRACON& Tower with Radar,8,47,36,2,93,0,4,4,5,13,8,51,40,7,106,0,0,0,106
01/11/2013,SHV,LA,ASW,CE,Combined TRACON& Tower with Radar,9,55,35,25,124,0,0,23,6,29,9,55,58,31,153,0,16,16,169
01/12/2013,SHV,LA,ASW,CE,Combined TRACON& Tower with Radar,5,41,14,5,65,0,0,0,0,0,5,41,14,5,65,0,0,0,65
01/13/2013,SHV,LA,ASW,CE,Combined TRACON& Tower with Radar,3,44,21,0,68,0,0,3,0,3,3,44,24,0,71,0,0,0,71
01/14/2013,SHV,LA,ASW,CE,Combined TRACON& Tower with Radar,5,50,16,0,71,0,1,3,0,4,5,51,19,0,75,0,0,0,75
01/15/2013,SHV,LA,ASW,CE,Combined TRACON& Tower with Radar,7,25,12,0,44,0,0,0,0,0,7,25,12,0,44,0,0,0,44
01/16/2013,SHV,LA,ASW,CE,Combined TRACON& Tower with Radar,9,53,49,14,125,0,0,15,0,15,9,53,64,14,140,2,0,2,142
01/17/2013,SHV,LA,ASW,CE,Combined TRACON& Tower with Radar,8,61,24,10,103,0,0,18,3,21,8,61,42,13,124,14,0,14,138
01/18/2013,SHV,LA,ASW,CE,Combined TRACON& Tower with Radar,9,55,32,3,99,0,0,23,3,26,9,55,55,6,125,0,0,0,125
01/19/2013,SHV,LA,ASW,CE,Combined TRACON& Tower with Radar,1,35,15,0,51,0,2,17,0,19,1,37,32,0,70,4,0,4,74
01/20/2013,SHV,LA,ASW,CE,Combined TRACON& Tower with Radar,5,35,10,2,52,0,3,16,1,20,5,38,26,3,72,2,0,2,74
01/21/2013,SHV,LA,ASW,CE,Combined TRACON& Tower with Radar,5,46,24,2,77,0,0,9,0,9,5,46,33,2,86,10,0,10,96
01/22/2013,SHV,LA,ASW,CE,Combined TRACON& Tower with Radar,10,50,31,0,91,0,2,15,0,17,10,52,46,0,108,10,0,10,118
01/23/2013,SHV,LA,ASW,CE,Combined TRACON& Tower with Radar,10,42,22,1,75,0,0,14,1,15,10,42,36,2,90,2,0,2,92
01/24/2013,SHV,LA,ASW,CE,Combined TRACON& Tower with Radar,10,47,40,1,98,0,0,1,1,2,10,47,41,2,100,0,0,0,100
01/25/2013,SHV,LA,ASW,CE,Combined TRACON& Tower with Radar,9,54,38,12,113,0,0,2,0,2,9,54,40,12,115,0,0,0,115
01/26/2013,SHV,LA,ASW,CE,Combined TRACON& Tower with Radar,1,37,13,6,57,0,0,2,0,2,1,37,15,6,59,14,0,14,73
01/27/2013,SHV,LA,ASW,CE,Combined TRACON& Tower with Radar,3,47,43,9,102,0,1,18,1,20,3,48,61,10,122,0,0,0,122
01/28/2013,SHV,LA,ASW,CE,Combined TRACON& Tower with Radar,5,58,18,13,94,0,2,6,2,10,5,60,24,15,104,6,0,6,110
01/29/2013,SHV,LA,ASW,CE,Combined TRACON& Tower with Radar,7,45,18,0,70,0,0,0,0,0,7,45,18,0,70,0,0,0,70
01/30/2013,SHV,LA,ASW,CE,Combined TRACON& Tower with Radar,9,48,26,13,96,0,0,3,0,3,9,48,29,13,99,0,0,0,99
01/31/2013,SHV,LA,ASW,CE,Combined TRACON& Tower with Radar,10,57,31,0,98,0,0,30,0,30,10,57,61,0,128,4,0,4,132
02/01/2013,SHV,LA,ASW,CE,Combined TRACON& Tower with Radar,9,47,24,6,86,0,0,17,0,17,9,47,41,6,103,0,0,0,103
02/02/2013,SHV,LA,ASW,CE,Combined TRACON& Tower with Radar,1,36,16,0,53,0,5,19,0,24,1,41,35,0,77,14,0,14,91
02/03/2013,SHV,LA,ASW,CE,Combined TRACON& Tower with Radar,3,41,13,2,59,0,2,23,0,25,3,43,36,2,84,8,0,8,92
02/04/2013,SHV,LA,ASW,CE,Combined TRACON& Tower with Radar,7,49,27,2,85,0,2,2,0,4,7,51,29,2,89,0,0,0,89
02/05/2013,SHV,LA,ASW,CE,Combined TRACON& Tower with Radar,9,43,42,13,107,0,0,5,2,7,9,43,47,15,114,0,4,4,118
02/06/2013,SHV,LA,ASW,CE,Combined TRACON& Tower with Radar,9,41,36,5,91,0,0,0,0,0,9,41,36,5,91,0,0,0,91
02/07/2013,SHV,LA,ASW,CE,Combined TRACON& Tower with Radar,8,42,26,0,76,0,0,2,3,5,8,42,28,3,81,0,0,0,81
02/08/2013,SHV,LA,ASW,CE,Combined TRACON& Tower with Radar,9,49,32,30,120,0,2,18,10,30,9,51,50,40,150,0,22,22,172
02/09/2013,SHV,LA,ASW,CE,Combined TRACON& Tower with Radar,1,41,15,10,67,0,0,3,0,3,1,41,18,10,70,0,0,0,70
02/10/2013,SHV,LA,ASW,CE,Combined TRACON& Tower with Radar,3,41,19,1,64,0,1,13,0,14,3,42,32,1,78,0,0,0,78
02/11/2013,SHV,LA,ASW,CE,Combined TRACON& Tower with Radar,5,49,23,2,79,0,1,11,0,12,5,50,34,2,91,8,0,8,99
02/12/2013,SHV,LA,ASW,CE,Combined TRACON& Tower with Radar,12,45,12,2,71,0,0,1,0,1,12,45,13,2,72,0,0,0,72
02/13/2013,SHV,LA,ASW,CE,Combined TRACON& Tower with Radar,12,45,35,2,94,0,0,19,0,19,12,45,54,2,113,26,0,26,139
02/14/2013,SHV,LA,ASW,CE,Combined TRACON& Tower with Radar,12,57,38,2,109,0,0,30,2,32,12,57,68,4,141,0,0,0,141
02/15/2013,SHV,LA,ASW,CE,Combined TRACON& Tower with Radar,11,54,37,0,102,0,3,19,2,24,11,57,56,2,126,0,0,0,126
02/16/2013,SHV,LA,ASW,CE,Combined TRACON& Tower with Radar,5,38,19,0,62,0,1,13,0,14,5,39,32,0,76,12,0,12,88
02/17/2013,SHV,LA,ASW,CE,Combined TRACON& Tower with Radar,3,36,16,1,56,0,1,8,1,10,3,37,24,2,66,12,0,12,78
02/18/2013,SHV,LA,ASW,CE,Combined TRACON& Tower with Radar,9,46,22,0,77,0,0,4,0,4,9,46,26,0,81,0,0,0,81
02/19/2013,SHV,LA,ASW,CE,Combined TRACON& Tower with Radar,8,53,28,12,101,0,1,16,0,17,8,54,44,12,118,6,4,10,128
02/20/2013,SHV,LA,ASW,CE,Combined TRACON& Tower with Radar,12,62,28,4,106,0,0,7,0,7,12,62,35,4,113,0,4,4,117
02/21/2013,SHV,LA,ASW,CE,Combined TRACON& Tower with Radar,12,65,25,1,103,0,0,1,0,1,12,65,26,1,104,4,0,4,108
02/22/2013,SHV,LA,ASW,CE,Combined TRACON& Tower with Radar,11,54,28,3,96,0,0,3,0,3,11,54,31,3,99,0,0,0,99
02/23/2013,SHV,LA,ASW,CE,Combined TRACON& Tower with Radar,1,34,18,5,58,0,4,20,1,25,1,38,38,6,83,0,6,6,89
02/24/2013,SHV,LA,ASW,CE,Combined TRACON& Tower with Radar,3,55,12,1,71,0,0,13,0,13,3,55,25,1,84,8,0,8,92
02/25/2013,SHV,LA,ASW,CE,Combined TRACON& Tower with Radar,7,46,20,1,74,0,2,0,0,2,7,48,20,1,76,0,0,0,76
02/26/2013,SHV,LA,ASW,CE,Combined TRACON& Tower with Radar,10,58,25,1,94,0,1,4,2,7,10,59,29,3,101,0,0,0,101
02/27/2013,SHV,LA,ASW,CE,Combined TRACON& Tower with Radar,11,56,34,2,103,0,1,21,0,22,11,57,55,2,125,2,0,2,127
02/28/2013,SHV,LA,ASW,CE,Combined TRACON& Tower with Radar,9,51,40,0,100,0,1,23,3,27,9,52,63,3,127,20,0,20,147
03/01/2013,SHV,LA,ASW,CE,Combined TRACON& Tower with Radar,13,50,33,0,96,0,0,12,2,14,13,50,45,2,110,0,0,0,110
03/02/2013,SHV,LA,ASW,CE,Combined TRACON& Tower with Radar,5,36,19,4,64,0,0,12,1,13,5,36,31,5,77,6,0,6,83
03/03/2013,SHV,LA,ASW,CE,Combined TRACON& Tower with Radar,3,48,16,0,67,0,0,10,1,11,3,48,26,1,78,0,0,0,78
03/04/2013,SHV,LA,ASW,CE,Combined TRACON& Tower with Radar,6,53,16,7,82,0,2,14,2,18,6,55,30,9,100,0,0,0,100
03/05/2013,SHV,LA,ASW,CE,Combined TRACON& Tower with Radar,10,51,29,15,105,0,0,10,1,11,10,51,39,16,116,0,0,0,116
03/06/2013,SHV,LA,ASW,CE,Combined TRACON& Tower with Radar,10,47,44,6,107,0,1,17,0,18,10,48,61,6,125,0,0,0,125
03/07/2013,SHV,LA,ASW,CE,Combined TRACON& Tower with Radar,12,53,31,16,112,0,1,15,2,18,12,54,46,18,130,0,2,2,132
03/08/2013,SHV,LA,ASW,CE,Combined TRACON& Tower with Radar,9,48,30,44,131,0,0,22,0,22,9,48,52,44,153,0,0,0,153
03/09/2013,SHV,LA,ASW,CE,Combined TRACON& Tower with Radar,8,36,19,3,66,0,2,4,2,8,8,38,23,5,74,0,0,0,74
03/10/2013,SHV,LA,ASW,CE,Combined TRACON& Tower with Radar,3,48,10,1,62,0,0,7,0,7,3,48,17,1,69,0,0,0,69
03/11/2013,SHV,LA,ASW,CE,Combined TRACON& Tower with Radar,7,52,28,6,93,0,1,11,0,12,7,53,39,6,105,4,4,8,113
03/12/2013,SHV,LA,ASW,CE,Combined TRACON& Tower with Radar,12,61,29,2,104,0,0,24,2,26,12,61,53,4,130,4,0,4,134
03/13/2013,SHV,LA,ASW,CE,Combined TRACON& Tower with Radar,8,48,40,0,96,0,1,21,1,23,8,49,61,1,119,0,0,0,119
03/14/2013,SHV,LA,ASW,CE,Combined TRACON& Tower with Radar,8,55,30,0,93,0,4,9,2,15,8,59,39,2,108,4,0,4,112
03/15/2013,SHV,LA,ASW,CE,Combined TRACON& Tower with Radar,9,56,38,0,103,0,1,25,2,28,9,57,63,2,131,0,0,0,131
03/16/2013,SHV,LA,ASW,CE,Combined TRACON& Tower with Radar,1,33,21,8,63,0,1,10,0,11,1,34,31,8,74,0,0,0,74
03/17/2013,SHV,LA,ASW,CE,Combined TRACON& Tower with Radar,5,49,30,16,100,0,2,4,0,6,5,51,34,16,106,8,0,8,114
03/18/2013,SHV,LA,ASW,CE,Combined TRACON& Tower with Radar,9,48,34,0,91,0,1,6,1,8,9,49,40,1,99,6,0,6,105
03/19/2013,SHV,LA,ASW,CE,Combined TRACON& Tower with Radar,10,52,30,0,92,0,2,19,2,23,10,54,49,2,115,12,0,12,127
03/20/2013,SHV,LA,ASW,CE,Combined TRACON& Tower with Radar,16,47,40,6,109,0,0,10,2,12,16,47,50,8,121,0,0,0,121
03/21/2013,SHV,LA,ASW,CE,Combined TRACON& Tower with Radar,18,51,35,8,112,0,2,20,1,23,18,53,55,9,135,2,0,2,137
03/22/2013,SHV,LA,ASW,CE,Combined TRACON& Tower with Radar,12,52,30,18,112,0,1,1,1,3,12,53,31,19,115,0,2,2,117
03/23/2013,SHV,LA,ASW,CE,Combined TRACON& Tower with Radar,5,42,17,0,64,0,0,0,0,0,5,42,17,0,64,0,0,0,64
03/24/2013,SHV,LA,ASW,CE,Combined TRACON& Tower with Radar,3,46,22,4,75,0,2,5,3,10,3,48,27,7,85,0,6,6,91
03/25/2013,SHV,LA,ASW,CE,Combined TRACON& Tower with Radar,5,56,31,4,96,0,4,11,5,20,5,60,42,9,116,2,0,2,118
03/26/2013,SHV,LA,ASW,CE,Combined TRACON& Tower with Radar,19,51,29,9,108,0,0,19,3,22,19,51,48,12,130,2,0,2,132
03/27/2013,SHV,LA,ASW,CE,Combined TRACON& Tower with Radar,10,47,33,2,92,0,2,28,0,30,10,49,61,2,122,8,0,8,130
03/28/2013,SHV,LA,ASW,CE,Combined TRACON& Tower with Radar,8,50,30,2,90,0,1,26,0,27,8,51,56,2,117,2,0,2,119
03/29/2013,SHV,LA,ASW,CE,Combined TRACON& Tower with Radar,10,51,37,0,98,0,2,16,0,18,10,53,53,0,116,0,0,0,116
03/30/2013,SHV,LA,ASW,CE,Combined TRACON& Tower with Radar,1,40,15,6,62,0,2,9,0,11,1,42,24,6,73,0,0,0,73
03/31/2013,SHV,LA,ASW,CE,Combined TRACON& Tower with Radar,3,44,8,0,55,0,4,2,0,6,3,48,10,0,61,10,0,10,71
04/01/2013,SHV,LA,ASW,CE,Combined TRACON& Tower with Radar,7,61,40,13,121,0,2,20,2,24,7,63,60,15,145,0,0,0,145
04/02/2013,SHV,LA,ASW,CE,Combined TRACON& Tower with Radar,12,50,30,6,98,0,3,3,0,6,12,53,33,6,104,0,20,20,124
04/03/2013,SHV,LA,ASW,CE,Combined TRACON& Tower with Radar,8,53,33,0,94,0,0,0,0,0,8,53,33,0,94,0,0,0,94
04/04/2013,SHV,LA,ASW,CE,Combined TRACON& Tower with Radar,8,53,44,0,105,0,0,0,0,0,8,53,44,0,105,0,0,0,105
04/05/2013,SHV,LA,ASW,CE,Combined TRACON& Tower with Radar,15,53,38,21,127,0,0,27,3,30,15,53,65,24,157,0,0,0,157
04/06/2013,SHV,LA,ASW,CE,Combined TRACON& Tower with Radar,1,45,22,2,70,0,6,18,0,24,1,51,40,2,94,0,0,0,94
04/07/2013,SHV,LA,ASW,CE,Combined TRACON& Tower with Radar,3,44,22,0,69,0,1,12,2,15,3,45,34,2,84,2,0,2,86
04/08/2013,SHV,LA,ASW,CE,Combined TRACON& Tower with Radar,5,47,22,4,78,0,3,17,2,22,5,50,39,6,100,0,0,0,100
04/09/2013,SHV,LA,ASW,CE,Combined TRACON& Tower with Radar,8,55,36,6,105,0,0,8,2,10,8,55,44,8,115,0,0,0,115
04/10/2013,SHV,LA,ASW,CE,Combined TRACON& Tower with Radar,15,48,18,2,83,0,0,0,0,0,15,48,18,2,83,0,0,0,83
04/11/2013,SHV,LA,ASW,CE,Combined TRACON& Tower with Radar,13,60,28,3,104,0,0,16,1,17,13,60,44,4,121,0,0,0,121
04/12/2013,SHV,LA,ASW,CE,Combined TRACON& Tower with Radar,9,53,48,31,141,0,1,22,0,23,9,54,70,31,164,6,6,12,176
04/13/2013,SHV,LA,ASW,CE,Combined TRACON& Tower with Radar,1,36,15,4,56,0,5,25,0,30,1,41,40,4,86,2,0,2,88
04/14/2013,SHV,LA,ASW,CE,Combined TRACON& Tower with Radar,3,54,24,6,87,0,1,23,0,24,3,55,47,6,111,0,2,2,113
04/15/2013,SHV,LA,ASW,CE,Combined TRACON& Tower with Radar,5,58,26,3,92,0,1,7,1,9,5,59,33,4,101,4,2,6,107
04/16/2013,SHV,LA,ASW,CE,Combined TRACON& Tower with Radar,10,42,42,0,94,0,0,14,0,14,10,42,56,0,108,0,0,0,108
04/17/2013,SHV,LA,ASW,CE,Combined TRACON& Tower with Radar,12,56,28,5,101,0,2,5,2,9,12,58,33,7,110,0,0,0,110
04/18/2013,SHV,LA,ASW,CE,Combined TRACON& Tower with Radar,8,49,19,0,76,0,1,0,0,1,8,50,19,0,77,0,0,0,77
04/19/2013,SHV,LA,ASW,CE,Combined TRACON& Tower with Radar,10,60,33,2,105,0,1,19,2,22,10,61,52,4,127,12,4,16,143
04/20/2013,SHV,LA,ASW,CE,Combined TRACON& Tower with Radar,2,37,21,0,60,0,2,26,0,28,2,39,47,0,88,4,0,4,92
04/21/2013,SHV,LA,ASW,CE,Combined TRACON& Tower with Radar,3,47,24,22,96,0,0,18,0,18,3,47,42,22,114,0,0,0,114
04/22/2013,SHV,LA,ASW,CE,Combined TRACON& Tower with Radar,9,50,31,4,94,0,2,23,1,26,9,52,54,5,120,6,0,6,126
04/23/2013,SHV,LA,ASW,CE,Combined TRACON& Tower with Radar,8,59,27,8,102,0,2,13,3,18,8,61,40,11,120,0,0,0,120
04/24/2013,SHV,LA,ASW,CE,Combined TRACON& Tower with Radar,10,61,43,4,118,0,0,4,0,4,10,61,47,4,122,0,0,0,122
04/25/2013,SHV,LA,ASW,CE,Combined TRACON& Tower with Radar,7,50,27,2,86,0,2,15,3,20,7,52,42,5,106,0,0,0,106
04/26/2013,SHV,LA,ASW,CE,Combined TRACON& Tower with Radar,12,55,28,2,97,0,4,9,4,17,12,59,37,6,114,0,0,0,114
04/27/2013,SHV,LA,ASW,CE,Combined TRACON& Tower with Radar,3,35,15,0,53,0,0,4,2,6,3,35,19,2,59,0,0,0,59
04/28/2013,SHV,LA,ASW,CE,Combined TRACON& Tower with Radar,5,51,15,0,71,0,0,20,0,20,5,51,35,0,91,0,0,0,91
04/29/2013,SHV,LA,ASW,CE,Combined TRACON& Tower with Radar,7,57,22,0,86,0,1,25,3,29,7,58,47,3,115,4,0,4,119
04/30/2013,SHV,LA,ASW,CE,Combined TRACON& Tower with Radar,11,55,24,2,92,0,0,16,2,18,11,55,40,4,110,0,0,0,110
05/01/2013,SHV,LA,ASW,CE,Combined TRACON& Tower with Radar,8,51,28,4,91,0,3,9,2,14,8,54,37,6,105,0,0,0,105
05/02/2013,SHV,LA,ASW,CE,Combined TRACON& Tower with Radar,10,46,40,0,96,0,0,2,0,2,10,46,42,0,98,0,0,0,98
05/03/2013,SHV,LA,ASW,CE,Combined TRACON& Tower with Radar,11,57,37,19,124,0,3,15,3,21,11,60,52,22,145,12,4,16,161
05/04/2013,SHV,LA,ASW,CE,Combined TRACON& Tower with Radar,4,44,18,13,79,0,4,15,1,20,4,48,33,14,99,0,0,0,99
05/05/2013,SHV,LA,ASW,CE,Combined TRACON& Tower with Radar,3,50,22,2,77,0,1,18,0,19,3,51,40,2,96,0,0,0,96
05/06/2013,SHV,LA,ASW,CE,Combined TRACON& Tower with Radar,7,53,29,13,102,0,2,27,1,30,7,55,56,14,132,4,0,4,136
05/07/2013,SHV,LA,ASW,CE,Combined TRACON& Tower with Radar,8,62,18,0,88,0,0,26,0,26,8,62,44,0,114,6,0,6,120
05/08/2013,SHV,LA,ASW,CE,Combined TRACON& Tower with Radar,8,50,42,18,118,0,5,15,0,20,8,55,57,18,138,4,0,4,142
05/09/2013,SHV,LA,ASW,CE,Combined TRACON& Tower with Radar,8,55,42,0,105,0,1,4,1,6,8,56,46,1,111,4,0,4,115
05/10/2013,SHV,LA,ASW,CE,Combined TRACON& Tower with Radar,13,50,40,14,117,0,0,3,2,5,13,50,43,16,122,0,0,0,122
05/11/2013,SHV,LA,ASW,CE,Combined TRACON& Tower with Radar,1,40,16,0,57,0,1,17,2,20,1,41,33,2,77,0,0,0,77
05/12/2013,SHV,LA,ASW,CE,Combined TRACON& Tower with Radar,3,44,20,1,68,0,2,9,3,14,3,46,29,4,82,0,0,0,82
05/13/2013,SHV,LA,ASW,CE,Combined TRACON& Tower with Radar,7,48,31,0,86,0,2,19,0,21,7,50,50,0,107,20,0,20,127
05/14/2013,SHV,LA,ASW,CE,Combined TRACON& Tower with Radar,10,58,39,0,107,0,0,14,0,14,10,58,53,0,121,4,0,4,125
05/15/2013,SHV,LA,ASW,CE,Combined TRACON& Tower with Radar,9,62,26,0,97,0,0,7,0,7,9,62,33,0,104,4,0,4,108
05/16/2013,SHV,LA,ASW,CE,Combined TRACON& Tower with Radar,15,53,32,0,100,0,1,7,0,8,15,54,39,0,108,0,0,0,108
05/17/2013,SHV,LA,ASW,CE,Combined TRACON& Tower with Radar,11,48,31,45,135,0,0,19,0,19,11,48,50,45,154,10,14,24,178
05/18/2013,SHV,LA,ASW,CE,Combined TRACON& Tower with Radar,4,41,20,8,73,0,0,14,1,15,4,41,34,9,88,0,0,0,88
05/19/2013,SHV,LA,ASW,CE,Combined TRACON& Tower with Radar,9,47,18,0,74,0,1,10,0,11,9,48,28,0,85,16,0,16,101
05/20/2013,SHV,LA,ASW,CE,Combined TRACON& Tower with Radar,12,56,30,0,98,0,3,9,0,12,12,59,39,0,110,8,0,8,118
05/21/2013,SHV,LA,ASW,CE,Combined TRACON& Tower with Radar,13,50,30,6,99,0,0,9,0,9,13,50,39,6,108,2,0,2,110
05/22/2013,SHV,LA,ASW,CE,Combined TRACON& Tower with Radar,12,46,47,4,109,0,0,16,0,16,12,46,63,4,125,0,4,4,129
05/23/2013,SHV,LA,ASW,CE,Combined TRACON& Tower with Radar,17,57,34,0,108,0,0,11,0,11,17,57,45,0,119,10,0,10,129
05/24/2013,SHV,LA,ASW,CE,Combined TRACON& Tower with Radar,30,57,24,0,111,0,4,11,0,15,30,61,35,0,126,0,0,0,126
05/25/2013,SHV,LA,ASW,CE,Combined TRACON& Tower with Radar,8,34,9,0,51,0,2,5,0,7,8,36,14,0,58,8,0,8,66
05/26/2013,SHV,LA,ASW,CE,Combined TRACON& Tower with Radar,8,36,12,0,56,0,1,5,0,6,8,37,17,0,62,0,0,0,62
05/27/2013,SHV,LA,ASW,CE,Combined TRACON& Tower with Radar,6,48,17,0,71,0,2,9,0,11,6,50,26,0,82,0,0,0,82
05/28/2013,SHV,LA,ASW,CE,Combined TRACON& Tower with Radar,6,56,28,0,90,0,6,5,2,13,6,62,33,2,103,0,0,0,103
05/29/2013,SHV,LA,ASW,CE,Combined TRACON& Tower with Radar,17,70,29,0,116,0,2,11,0,13,17,72,40,0,129,4,0,4,133
05/30/2013,SHV,LA,ASW,CE,Combined TRACON& Tower with Radar,15,54,28,2,99,0,0,3,0,3,15,54,31,2,102,0,0,0,102
05/31/2013,SHV,LA,ASW,CE,Combined TRACON& Tower with Radar,15,57,28,12,112,0,1,9,0,10,15,58,37,12,122,0,0,0,122
06/01/2013,SHV,LA,ASW,CE,Combined TRACON& Tower with Radar,1,44,21,6,72,0,6,10,0,16,1,50,31,6,88,0,0,0,88
06/02/2013,SHV,LA,ASW,CE,Combined TRACON& Tower with Radar,7,44,15,20,86,0,0,6,0,6,7,44,21,20,92,4,0,4,96
06/03/2013,SHV,LA,ASW,CE,Combined TRACON& Tower with Radar,7,51,26,10,94,0,1,7,2,10,7,52,33,12,104,4,0,4,108
06/04/2013,SHV,LA,ASW,CE,Combined TRACON& Tower with Radar,11,53,22,10,96,0,0,4,2,6,11,53,26,12,102,0,0,0,102
06/05/2013,SHV,LA,ASW,CE,Combined TRACON& Tower with Radar,11,53,33,8,105,0,2,11,0,13,11,55,44,8,118,0,4,4,122
06/06/2013,SHV,LA,ASW,CE,Combined TRACON& Tower with Radar,12,54,24,0,90,0,0,5,0,5,12,54,29,0,95,0,0,0,95
06/07/2013,SHV,LA,ASW,CE,Combined TRACON& Tower with Radar,9,57,21,11,98,0,4,25,2,31,9,61,46,13,129,2,0,2,131
06/08/2013,SHV,LA,ASW,CE,Combined TRACON& Tower with Radar,2,39,10,6,57,0,3,27,0,30,2,42,37,6,87,0,0,0,87
06/09/2013,SHV,LA,ASW,CE,Combined TRACON& Tower with Radar,15,47,16,0,78,0,0,0,0,0,15,47,16,0,78,0,0,0,78
06/10/2013,SHV,LA,ASW,CE,Combined TRACON& Tower with Radar,8,48,20,0,76,0,5,25,0,30,8,53,45,0,106,4,0,4,110
06/11/2013,SHV,LA,ASW,CE,Combined TRACON& Tower with Radar,9,56,16,0,81,0,0,25,2,27,9,56,41,2,108,0,0,0,108
06/12/2013,SHV,LA,ASW,CE,Combined TRACON& Tower with Radar,8,53,28,0,89,0,3,19,0,22,8,56,47,0,111,0,0,0,111
06/13/2013,SHV,LA,ASW,CE,Combined TRACON& Tower with Radar,13,54,30,0,97,0,1,13,0,14,13,55,43,0,111,0,0,0,111
06/14/2013,SHV,LA,ASW,CE,Combined TRACON& Tower with Radar,12,53,20,11,96,0,4,8,0,12,12,57,28,11,108,0,0,0,108
06/15/2013,SHV,LA,ASW,CE,Combined TRACON& Tower with Radar,1,41,22,8,72,0,8,20,2,30,1,49,42,10,102,0,0,0,102
06/16/2013,SHV,LA,ASW,CE,Combined TRACON& Tower with Radar,7,45,14,1,67,0,0,9,1,10,7,45,23,2,77,0,0,0,77
06/17/2013,SHV,LA,ASW,CE,Combined TRACON& Tower with Radar,8,45,20,0,73,0,2,7,0,9,8,47,27,0,82,0,0,0,82
06/18/2013,SHV,LA,ASW,CE,Combined TRACON& Tower with Radar,10,47,29,0,86,0,0,0,0,0,10,47,29,0,86,0,0,0,86
06/19/2013,SHV,LA,ASW,CE,Combined TRACON& Tower with Radar,12,58,41,0,111,0,2,10,0,12,12,60,51,0,123,0,0,0,123
06/20/2013,SHV,LA,ASW,CE,Combined TRACON& Tower with Radar,15,59,43,0,117,0,2,15,4,21,15,61,58,4,138,16,0,16,154
06/21/2013,SHV,LA,ASW,CE,Combined TRACON& Tower with Radar,12,64,29,16,121,0,8,11,0,19,12,72,40,16,140,26,0,26,166
06/22/2013,SHV,LA,ASW,CE,Combined TRACON& Tower with Radar,1,38,12,13,64,0,2,15,2,19,1,40,27,15,83,0,0,0,83
06/23/2013,SHV,LA,ASW,CE,Combined TRACON& Tower with Radar,9,48,17,0,74,0,2,12,0,14,9,50,29,0,88,0,0,0,88
06/24/2013,SHV,LA,ASW,CE,Combined TRACON& Tower with Radar,6,51,17,2,76,0,1,32,0,33,6,52,49,2,109,0,0,0,109
06/25/2013,SHV,LA,ASW,CE,Combined TRACON& Tower with Radar,13,51,32,1,97,0,0,11,1,12,13,51,43,2,109,0,0,0,109
06/26/2013,SHV,LA,ASW,CE,Combined TRACON& Tower with Radar,12,54,30,4,100,0,0,9,1,10,12,54,39,5,110,0,0,0,110
06/27/2013,SHV,LA,ASW,CE,Combined TRACON& Tower with Radar,13,49,29,11,102,0,0,19,0,19,13,49,48,11,121,0,0,0,121
06/28/2013,SHV,LA,ASW,CE,Combined TRACON& Tower with Radar,14,56,26,40,136,0,4,17,0,21,14,60,43,40,157,10,6,16,173
06/29/2013,SHV,LA,ASW,CE,Combined TRACON& Tower with Radar,3,41,24,14,82,0,3,19,8,30,3,44,43,22,112,0,8,8,120
06/30/2013,SHV,LA,ASW,CE,Combined TRACON& Tower with Radar,8,42,30,12,92,0,4,17,0,21,8,46,47,12,113,8,0,8,121
07/01/2013,SHV,LA,ASW,CE,Combined TRACON& Tower with Radar,7,46,25,0,78,0,1,9,0,10,7,47,34,0,88,8,0,8,96
07/02/2013,SHV,LA,ASW,CE,Combined TRACON& Tower with Radar,17,51,21,1,90,0,2,22,1,25,17,53,43,2,115,0,0,0,115
07/03/2013,SHV,LA,ASW,CE,Combined TRACON& Tower with Radar,11,50,25,2,88,0,3,29,0,32,11,53,54,2,120,0,0,0,120
07/04/2013,SHV,LA,ASW,CE,Combined TRACON& Tower with Radar,9,33,7,0,49,0,0,6,0,6,9,33,13,0,55,0,0,0,55
07/05/2013,SHV,LA,ASW,CE,Combined TRACON& Tower with Radar,10,36,10,1,57,0,3,14,1,18,10,39,24,2,75,16,6,22,97
07/06/2013,SHV,LA,ASW,CE,Combined TRACON& Tower with Radar,1,41,8,0,50,0,2,9,0,11,1,43,17,0,61,0,0,0,61
07/07/2013,SHV,LA,ASW,CE,Combined TRACON& Tower with Radar,7,52,14,0,73,0,0,10,0,10,7,52,24,0,83,8,0,8,91
07/08/2013,SHV,LA,ASW,CE,Combined TRACON& Tower with Radar,7,46,35,2,90,0,3,12,2,17,7,49,47,4,107,0,0,0,107
07/09/2013,SHV,LA,ASW,CE,Combined TRACON& Tower with Radar,10,53,26,2,91,0,4,13,0,17,10,57,39,2,108,8,0,8,116
07/10/2013,SHV,LA,ASW,CE,Combined TRACON& Tower with Radar,11,58,37,8,114,0,2,26,0,28,11,60,63,8,142,24,0,24,166
07/11/2013,SHV,LA,ASW,CE,Combined TRACON& Tower with Radar,15,46,38,0,99,0,2,8,4,14,15,48,46,4,113,0,4,4,117
07/12/2013,SHV,LA,ASW,CE,Combined TRACON& Tower with Radar,13,56,23,29,121,0,2,16,0,18,13,58,39,29,139,0,4,4,143
07/13/2013,SHV,LA,ASW,CE,Combined TRACON& Tower with Radar,1,39,15,9,64,0,4,23,0,27,1,43,38,9,91,0,6,6,97
07/14/2013,SHV,LA,ASW,CE,Combined TRACON& Tower with Radar,9,52,19,5,85,0,4,17,0,21,9,56,36,5,106,6,0,6,112
07/15/2013,SHV,LA,ASW,CE,Combined TRACON& Tower with Radar,5,51,17,0,73,0,1,5,2,8,5,52,22,2,81,4,0,4,85
07/16/2013,SHV,LA,ASW,CE,Combined TRACON& Tower with Radar,30,47,24,0,101,0,1,11,7,19,30,48,35,7,120,0,0,0,120
07/17/2013,SHV,LA,ASW,CE,Combined TRACON& Tower with Radar,8,52,28,0,88,0,2,26,0,28,8,54,54,0,116,4,0,4,120
07/18/2013,SHV,LA,ASW,CE,Combined TRACON& Tower with Radar,18,52,19,0,89,0,5,6,0,11,18,57,25,0,100,0,0,0,100
07/19/2013,SHV,LA,ASW,CE,Combined TRACON& Tower with Radar,16,53,28,6,103,0,0,18,0,18,16,53,46,6,121,2,0,2,123
07/20/2013,SHV,LA,ASW,CE,Combined TRACON& Tower with Radar,3,38,22,10,73,0,1,18,0,19,3,39,40,10,92,0,0,0,92
07/21/2013,SHV,LA,ASW,CE,Combined TRACON& Tower with Radar,8,53,19,7,87,0,0,8,1,9,8,53,27,8,96,0,0,0,96
07/22/2013,SHV,LA,ASW,CE,Combined TRACON& Tower with Radar,6,53,20,2,81,0,3,21,0,24,6,56,41,2,105,16,0,16,121
07/23/2013,SHV,LA,ASW,CE,Combined TRACON& Tower with Radar,8,47,28,5,88,0,2,26,0,28,8,49,54,5,116,18,6,24,140
07/24/2013,SHV,LA,ASW,CE,Combined TRACON& Tower with Radar,9,54,34,0,97,0,0,30,2,32,9,54,64,2,129,0,0,0,129
07/25/2013,SHV,LA,ASW,CE,Combined TRACON& Tower with Radar,14,53,36,17,120,0,1,25,2,28,14,54,61,19,148,26,0,26,174
07/26/2013,SHV,LA,ASW,CE,Combined TRACON& Tower with Radar,11,47,27,10,95,0,0,17,0,17,11,47,44,10,112,34,0,34,146
07/27/2013,SHV,LA,ASW,CE,Combined TRACON& Tower with Radar,1,46,27,11,85,0,0,13,0,13,1,46,40,11,98,0,0,0,98
07/28/2013,SHV,LA,ASW,CE,Combined TRACON& Tower with Radar,7,52,21,0,80,0,1,25,2,28,7,53,46,2,108,0,0,0,108
07/29/2013,SHV,LA,ASW,CE,Combined TRACON& Tower with Radar,5,57,25,6,93,0,1,26,0,27,5,58,51,6,120,20,0,20,140
07/30/2013,SHV,LA,ASW,CE,Combined TRACON& Tower with Radar,8,53,25,11,97,0,2,17,3,22,8,55,42,14,119,4,0,4,123
07/31/2013,SHV,LA,ASW,CE,Combined TRACON& Tower with Radar,10,65,23,20,118,0,5,9,2,16,10,70,32,22,134,0,4,4,138
08/01/2013,SHV,LA,ASW,CE,Combined TRACON& Tower with Radar,14,47,23,18,102,0,0,23,6,29,14,47,46,24,131,10,24,34,165
08/02/2013,SHV,LA,ASW,CE,Combined TRACON& Tower with Radar,11,62,32,17,122,0,1,18,0,19,11,63,50,17,141,0,0,0,141
08/03/2013,SHV,LA,ASW,CE,Combined TRACON& Tower with Radar,1,49,9,0,59,0,2,11,0,13,1,51,20,0,72,0,0,0,72
08/04/2013,SHV,LA,ASW,CE,Combined TRACON& Tower with Radar,9,52,7,0,68,0,0,11,0,11,9,52,18,0,79,0,0,0,79
08/05/2013,SHV,LA,ASW,CE,Combined TRACON& Tower with Radar,6,50,16,4,76,0,7,15,2,24,6,57,31,6,100,0,0,0,100
08/06/2013,SHV,LA,ASW,CE,Combined TRACON& Tower with Radar,10,53,24,17,104,0,3,7,0,10,10,56,31,17,114,0,0,0,114
08/07/2013,SHV,LA,ASW,CE,Combined TRACON& Tower with Radar,9,55,34,4,102,0,0,5,0,5,9,55,39,4,107,0,0,0,107
08/08/2013,SHV,LA,ASW,CE,Combined TRACON& Tower with Radar,15,61,35,10,121,0,0,13,1,14,15,61,48,11,135,0,0,0,135
08/09/2013,SHV,LA,ASW,CE,Combined TRACON& Tower with Radar,18,50,17,35,120,0,1,12,0,13,18,51,29,35,133,0,0,0,133
08/10/2013,SHV,LA,ASW,CE,Combined TRACON& Tower with Radar,1,40,11,11,63,0,1,10,0,11,1,41,21,11,74,0,4,4,78
08/11/2013,SHV,LA,ASW,CE,Combined TRACON& Tower with Radar,9,49,23,22,103,0,0,19,0,19,9,49,42,22,122,0,8,8,130
08/12/2013,SHV,LA,ASW,CE,Combined TRACON& Tower with Radar,7,59,30,6,102,0,3,9,0,12,7,62,39,6,114,6,0,6,120
08/13/2013,SHV,LA,ASW,CE,Combined TRACON& Tower with Radar,11,55,33,0,99,0,0,8,0,8,11,55,41,0,107,0,0,0,107
08/14/2013,SHV,LA,ASW,CE,Combined TRACON& Tower with Radar,17,50,37,3,107,0,0,1,3,4,17,50,38,6,111,0,0,0,111
08/15/2013,SHV,LA,ASW,CE,Combined TRACON& Tower with Radar,11,61,44,1,117,0,0,25,1,26,11,61,69,2,143,4,0,4,147
08/16/2013,SHV,LA,ASW,CE,Combined TRACON& Tower with Radar,15,51,24,2,92,0,0,14,2,16,15,51,38,4,108,10,0,10,118
08/17/2013,SHV,LA,ASW,CE,Combined TRACON& Tower with Radar,0,38,20,11,69,0,2,22,1,25,0,40,42,12,94,4,4,8,102
08/18/2013,SHV,LA,ASW,CE,Combined TRACON& Tower with Radar,3,55,24,5,87,0,2,13,0,15,3,57,37,5,102,29,0,29,131
08/19/2013,SHV,LA,ASW,CE,Combined TRACON& Tower with Radar,5,56,28,5,94,0,2,15,0,17,5,58,43,5,111,2,0,2,113
08/20/2013,SHV,LA,ASW,CE,Combined TRACON& Tower with Radar,11,59,15,4,89,0,2,12,0,14,11,61,27,4,103,0,0,0,103
08/21/2013,SHV,LA,ASW,CE,Combined TRACON& Tower with Radar,15,54,25,11,105,0,3,7,0,10,15,57,32,11,115,0,0,0,115
08/22/2013,SHV,LA,ASW,CE,Combined TRACON& Tower with Radar,10,51,27,0,88,0,1,13,0,14,10,52,40,0,102,0,0,0,102
08/23/2013,SHV,LA,ASW,CE,Combined TRACON& Tower with Radar,9,48,22,2,81,0,0,26,2,28,9,48,48,4,109,14,0,14,123
08/24/2013,SHV,LA,ASW,CE,Combined TRACON& Tower with Radar,5,36,21,4,66,0,3,18,0,21,5,39,39,4,87,0,0,0,87
08/25/2013,SHV,LA,ASW,CE,Combined TRACON& Tower with Radar,3,56,22,10,91,0,7,25,0,32,3,63,47,10,123,4,0,4,127
08/26/2013,SHV,LA,ASW,CE,Combined TRACON& Tower with Radar,7,53,21,8,89,0,13,18,0,31,7,66,39,8,120,18,0,18,138
08/27/2013,SHV,LA,ASW,CE,Combined TRACON& Tower with Radar,8,53,46,0,107,0,2,8,0,10,8,55,54,0,117,8,0,8,125
08/28/2013,SHV,LA,ASW,CE,Combined TRACON& Tower with Radar,8,50,23,25,106,0,3,8,1,12,8,53,31,26,118,6,0,6,124
08/29/2013,SHV,LA,ASW,CE,Combined TRACON& Tower with Radar,8,50,34,26,118,0,4,14,0,18,8,54,48,26,136,14,10,24,160
08/30/2013,SHV,LA,ASW,CE,Combined TRACON& Tower with Radar,10,61,33,0,104,0,0,23,0,23,10,61,56,0,127,0,0,0,127
08/31/2013,SHV,LA,ASW,CE,Combined TRACON& Tower with Radar,2,33,15,0,50,0,2,11,0,13,2,35,26,0,63,0,0,0,63
09/01/2013,SHV,LA,ASW,CE,Combined TRACON& Tower with Radar,6,31,16,0,53,0,3,13,0,16,6,34,29,0,69,0,0,0,69
09/02/2013,SHV,LA,ASW,CE,Combined TRACON& Tower with Radar,4,46,26,0,76,0,2,19,0,21,4,48,45,0,97,0,0,0,97
09/03/2013,SHV,LA,ASW,CE,Combined TRACON& Tower with Radar,6,48,32,23,109,0,2,10,1,13,6,50,42,24,122,0,6,6,128
09/04/2013,SHV,LA,ASW,CE,Combined TRACON& Tower with Radar,8,55,24,8,95,0,2,23,0,25,8,57,47,8,120,0,18,18,138
09/05/2013,SHV,LA,ASW,CE,Combined TRACON& Tower with Radar,14,69,27,0,110,0,1,19,0,20,14,70,46,0,130,0,0,0,130
09/06/2013,SHV,LA,ASW,CE,Combined TRACON& Tower with Radar,14,68,27,12,121,0,0,14,0,14,14,68,41,12,135,0,4,4,139
09/07/2013,SHV,LA,ASW,CE,Combined TRACON& Tower with Radar,5,42,17,7,71,0,7,22,5,34,5,49,39,12,105,10,0,10,115
09/08/2013,SHV,LA,ASW,CE,Combined TRACON& Tower with Radar,4,53,14,8,79,0,14,5,0,19,4,67,19,8,98,0,0,0,98
09/09/2013,SHV,LA,ASW,CE,Combined TRACON& Tower with Radar,5,53,23,9,90,0,9,13,2,24,5,62,36,11,114,0,0,0,114
09/10/2013,SHV,LA,ASW,CE,Combined TRACON& Tower with Radar,8,55,20,0,83,0,0,15,0,15,8,55,35,0,98,2,0,2,100
09/11/2013,SHV,LA,ASW,CE,Combined TRACON& Tower with Radar,8,47,25,8,88,0,0,18,0,18,8,47,43,8,106,4,0,4,110
09/12/2013,SHV,LA,ASW,CE,Combined TRACON& Tower with Radar,8,59,29,0,96,0,0,13,4,17,8,59,42,4,113,6,0,6,119
09/13/2013,SHV,LA,ASW,CE,Combined TRACON& Tower with Radar,10,54,28,5,97,0,0,12,1,13,10,54,40,6,110,0,0,0,110
09/14/2013,SHV,LA,ASW,CE,Combined TRACON& Tower with Radar,1,36,32,7,76,0,2,23,3,28,1,38,55,10,104,8,6,14,118
09/15/2013,SHV,LA,ASW,CE,Combined TRACON& Tower with Radar,5,44,14,2,65,0,0,12,0,12,5,44,26,2,77,0,0,0,77
09/16/2013,SHV,LA,ASW,CE,Combined TRACON& Tower with Radar,5,42,27,6,80,0,3,13,0,16,5,45,40,6,96,8,0,8,104
09/17/2013,SHV,LA,ASW,CE,Combined TRACON& Tower with Radar,8,52,21,12,93,0,1,25,0,26,8,53,46,12,119,0,0,0,119
09/18/2013,SHV,LA,ASW,CE,Combined TRACON& Tower with Radar,8,53,27,0,88,0,0,8,0,8,8,53,35,0,96,0,0,0,96
09/19/2013,SHV,LA,ASW,CE,Combined TRACON& Tower with Radar,8,51,41,2,102,0,1,13,0,14,8,52,54,2,116,0,0,0,116
09/20/2013,SHV,LA,ASW,CE,Combined TRACON& Tower with Radar,14,49,28,0,91,0,0,0,0,0,14,49,28,0,91,0,0,0,91
09/21/2013,SHV,LA,ASW,CE,Combined TRACON& Tower with Radar,4,45,40,0,89,0,4,12,0,16,4,49,52,0,105,0,0,0,105
09/22/2013,SHV,LA,ASW,CE,Combined TRACON& Tower with Radar,4,49,25,0,78,0,1,27,1,29,4,50,52,1,107,10,0,10,117
09/23/2013,SHV,LA,ASW,CE,Combined TRACON& Tower with Radar,3,46,16,0,65,0,2,15,1,18,3,48,31,1,83,0,0,0,83
09/24/2013,SHV,LA,ASW,CE,Combined TRACON& Tower with Radar,10,53,33,1,97,0,0,14,2,16,10,53,47,3,113,0,0,0,113
09/25/2013,SHV,LA,ASW,CE,Combined TRACON& Tower with Radar,12,52,17,8,89,0,1,17,4,22,12,53,34,12,111,0,0,0,111
09/26/2013,SHV,LA,ASW,CE,Combined TRACON& Tower with Radar,8,55,26,0,89,0,3,33,4,40,8,58,59,4,129,4,0,4,133
09/27/2013,SHV,LA,ASW,CE,Combined TRACON& Tower with Radar,10,54,24,3,91,0,5,20,4,29,10,59,44,7,120,4,0,4,124
09/28/2013,SHV,LA,ASW,CE,Combined TRACON& Tower with Radar,9,45,18,3,75,0,1,7,3,11,9,46,25,6,86,0,0,0,86
09/29/2013,SHV,LA,ASW,CE,Combined TRACON& Tower with Radar,5,58,31,2,96,0,0,0,0,0,5,58,31,2,96,0,0,0,96
09/30/2013,SHV,LA,ASW,CE,Combined TRACON& Tower with Radar,5,53,27,0,85,0,7,4,0,11,5,60,31,0,96,0,0,0,96
10/01/2013,SHV,LA,ASW,CE,Combined TRACON& Tower with Radar,14,54,43,0,111,0,3,4,0,7,14,57,47,0,118,10,0,10,128
10/02/2013,SHV,LA,ASW,CE,Combined TRACON& Tower with Radar,8,53,27,5,93,0,4,3,1,8,8,57,30,6,101,0,0,0,101
10/03/2013,SHV,LA,ASW,CE,Combined TRACON& Tower with Radar,12,64,58,18,152,0,3,5,0,8,12,67,63,18,160,16,0,16,176
10/04/2013,SHV,LA,ASW,CE,Combined TRACON& Tower with Radar,13,63,29,1,106,0,3,13,1,17,13,66,42,2,123,4,0,4,127
10/05/2013,SHV,LA,ASW,CE,Combined TRACON& Tower with Radar,6,34,21,2,63,0,1,1,0,2,6,35,22,2,65,0,0,0,65
10/06/2013,SHV,LA,ASW,CE,Combined TRACON& Tower with Radar,5,50,19,0,74,0,1,20,0,21,5,51,39,0,95,0,0,0,95
10/07/2013,SHV,LA,ASW,CE,Combined TRACON& Tower with Radar,6,49,11,10,76,0,2,21,0,23,6,51,32,10,99,14,0,14,113
10/08/2013,SHV,LA,ASW,CE,Combined TRACON& Tower with Radar,10,49,39,0,98,0,5,25,0,30,10,54,64,0,128,12,0,12,140
10/09/2013,SHV,LA,ASW,CE,Combined TRACON& Tower with Radar,8,49,40,4,101,0,4,12,2,18,8,53,52,6,119,2,8,10,129
10/10/2013,SHV,LA,ASW,CE,Combined TRACON& Tower with Radar,8,59,31,0,98,0,2,24,0,26,8,61,55,0,124,36,0,36,160
10/11/2013,SHV,LA,ASW,CE,Combined TRACON& Tower with Radar,11,55,22,0,88,0,0,8,0,8,11,55,30,0,96,2,0,2,98
10/12/2013,SHV,LA,ASW,CE,Combined TRACON& Tower with Radar,2,36,35,0,73,0,1,0,0,1,2,37,35,0,74,0,0,0,74
10/13/2013,SHV,LA,ASW,CE,Combined TRACON& Tower with Radar,2,45,36,0,83,0,0,5,0,5,2,45,41,0,88,0,0,0,88
10/14/2013,SHV,LA,ASW,CE,Combined TRACON& Tower with Radar,7,52,28,0,87,0,2,18,0,20,7,54,46,0,107,16,0,16,123
10/15/2013,SHV,LA,ASW,CE,Combined TRACON& Tower with Radar,8,53,21,0,82,0,0,1,1,2,8,53,22,1,84,16,0,16,100
10/16/2013,SHV,LA,ASW,CE,Combined TRACON& Tower with Radar,10,53,31,0,94,0,0,0,0,0,10,53,31,0,94,0,0,0,94
10/17/2013,SHV,LA,ASW,CE,Combined TRACON& Tower with Radar,8,62,35,2,107,0,0,22,0,22,8,62,57,2,129,2,0,2,131
10/18/2013,SHV,LA,ASW,CE,Combined TRACON& Tower with Radar,11,57,39,9,116,0,2,12,1,15,11,59,51,10,131,15,0,15,146
10/19/2013,SHV,LA,ASW,CE,Combined TRACON& Tower with Radar,4,40,17,14,75,0,1,1,7,9,4,41,18,21,84,0,10,10,94
10/20/2013,SHV,LA,ASW,CE,Combined TRACON& Tower with Radar,2,51,28,6,87,0,2,14,0,16,2,53,42,6,103,0,0,0,103
10/21/2013,SHV,LA,ASW,CE,Combined TRACON& Tower with Radar,5,47,26,2,80,0,3,8,2,13,5,50,34,4,93,15,0,15,108
10/22/2013,SHV,LA,ASW,CE,Combined TRACON& Tower with Radar,10,46,40,0,96,0,4,6,0,10,10,50,46,0,106,8,0,8,114
10/23/2013,SHV,LA,ASW,CE,Combined TRACON& Tower with Radar,10,48,24,0,82,0,0,19,0,19,10,48,43,0,101,5,0,5,106
10/24/2013,SHV,LA,ASW,CE,Combined TRACON& Tower with Radar,7,60,32,4,103,0,0,16,0,16,7,60,48,4,119,6,0,6,125
10/25/2013,SHV,LA,ASW,CE,Combined TRACON& Tower with Radar,8,60,22,19,109,0,2,20,0,22,8,62,42,19,131,22,0,22,153
10/26/2013,SHV,LA,ASW,CE,Combined TRACON& Tower with Radar,2,41,14,2,59,0,4,16,3,23,2,45,30,5,82,0,0,0,82
10/27/2013,SHV,LA,ASW,CE,Combined TRACON& Tower with Radar,2,45,51,0,98,0,0,3,0,3,2,45,54,0,101,8,0,8,109
10/28/2013,SHV,LA,ASW,CE,Combined TRACON& Tower with Radar,5,57,20,0,82,0,2,4,0,6,5,59,24,0,88,6,0,6,94
10/29/2013,SHV,LA,ASW,CE,Combined TRACON& Tower with Radar,12,54,57,0,123,0,0,8,0,8,12,54,65,0,131,0,0,0,131
10/30/2013,SHV,LA,ASW,CE,Combined TRACON& Tower with Radar,8,49,25,0,82,0,1,3,0,4,8,50,28,0,86,0,0,0,86
10/31/2013,SHV,LA,ASW,CE,Combined TRACON& Tower with Radar,8,51,20,4,83,0,0,5,1,6,8,51,25,5,89,0,0,0,89
11/01/2013,SHV,LA,ASW,CE,Combined TRACON& Tower with Radar,9,49,33,2,93,0,1,8,1,10,9,50,41,3,103,0,0,0,103
11/02/2013,SHV,LA,ASW,CE,Combined TRACON& Tower with Radar,2,40,16,0,58,0,0,17,0,17,2,40,33,0,75,0,0,0,75
11/03/2013,SHV,LA,ASW,CE,Combined TRACON& Tower with Radar,4,49,25,0,78,0,6,13,0,19,4,55,38,0,97,0,0,0,97
11/04/2013,SHV,LA,ASW,CE,Combined TRACON& Tower with Radar,7,51,22,0,80,0,1,27,1,29,7,52,49,1,109,16,0,16,125
11/05/2013,SHV,LA,ASW,CE,Combined TRACON& Tower with Radar,12,51,36,2,101,0,2,10,1,13,12,53,46,3,114,2,0,2,116
11/06/2013,SHV,LA,ASW,CE,Combined TRACON& Tower with Radar,11,50,20,0,81,0,0,1,0,1,11,50,21,0,82,0,0,0,82
11/07/2013,SHV,LA,ASW,CE,Combined TRACON& Tower with Radar,12,66,37,1,116,0,1,13,3,17,12,67,50,4,133,15,0,15,148
11/08/2013,SHV,LA,ASW,CE,Combined TRACON& Tower with Radar,11,60,27,22,120,0,0,22,0,22,11,60,49,22,142,0,18,18,160
11/09/2013,SHV,LA,ASW,CE,Combined TRACON& Tower with Radar,2,40,18,13,73,0,0,5,3,8,2,40,23,16,81,0,0,0,81
11/10/2013,SHV,LA,ASW,CE,Combined TRACON& Tower with Radar,6,49,14,0,69,0,0,20,0,20,6,49,34,0,89,6,0,6,95
11/11/2013,SHV,LA,ASW,CE,Combined TRACON& Tower with Radar,9,52,36,1,98,0,0,23,0,23,9,52,59,1,121,0,0,0,121
11/12/2013,SHV,LA,ASW,CE,Combined TRACON& Tower with Radar,10,61,34,2,107,0,0,4,0,4,10,61,38,2,111,0,0,0,111
11/13/2013,SHV,LA,ASW,CE,Combined TRACON& Tower with Radar,10,56,34,2,102,0,0,23,0,23,10,56,57,2,125,10,0,10,135
11/14/2013,SHV,LA,ASW,CE,Combined TRACON& Tower with Radar,14,55,34,7,110,0,0,38,2,40,14,55,72,9,150,12,0,12,162
11/15/2013,SHV,LA,ASW,CE,Combined TRACON& Tower with Radar,10,66,22,0,98,0,0,3,1,4,10,66,25,1,102,0,0,0,102
11/16/2013,SHV,LA,ASW,CE,Combined TRACON& Tower with Radar,2,31,32,0,65,0,0,2,0,2,2,31,34,0,67,6,0,6,73
11/17/2013,SHV,LA,ASW,CE,Combined TRACON& Tower with Radar,6,42,31,4,83,0,0,5,0,5,6,42,36,4,88,0,0,0,88
11/18/2013,SHV,LA,ASW,CE,Combined TRACON& Tower with Radar,5,52,32,8,97,0,0,7,0,7,5,52,39,8,104,6,8,14,118
11/19/2013,SHV,LA,ASW,CE,Combined TRACON& Tower with Radar,10,57,31,0,98,0,4,18,2,24,10,61,49,2,122,10,0,10,132
11/20/2013,SHV,LA,ASW,CE,Combined TRACON& Tower with Radar,10,54,42,0,106,0,5,17,1,23,10,59,59,1,129,14,0,14,143
11/21/2013,SHV,LA,ASW,CE,Combined TRACON& Tower with Radar,20,66,47,8,141,0,0,1,1,2,20,66,48,9,143,0,0,0,143
11/22/2013,SHV,LA,ASW,CE,Combined TRACON& Tower with Radar,11,62,29,0,102,0,0,0,0,0,11,62,29,0,102,0,0,0,102
11/23/2013,SHV,LA,ASW,CE,Combined TRACON& Tower with Radar,4,45,41,0,90,0,0,2,0,2,4,45,43,0,92,0,0,0,92
11/24/2013,SHV,LA,ASW,CE,Combined TRACON& Tower with Radar,4,47,40,6,97,0,5,8,0,13,4,52,48,6,110,4,5,9,119
11/25/2013,SHV,LA,ASW,CE,Combined TRACON& Tower with Radar,5,45,11,2,63,0,0,0,0,0,5,45,11,2,63,0,0,0,63
11/26/2013,SHV,LA,ASW,CE,Combined TRACON& Tower with Radar,10,48,24,0,82,0,0,3,0,3,10,48,27,0,85,0,0,0,85
11/27/2013,SHV,LA,ASW,CE,Combined TRACON& Tower with Radar,11,65,24,4,104,0,0,22,0,22,11,65,46,4,126,0,0,0,126
11/28/2013,SHV,LA,ASW,CE,Combined TRACON& Tower with Radar,0,24,7,0,31,0,1,11,0,12,0,25,18,0,43,0,0,0,43
11/29/2013,SHV,LA,ASW,CE,Combined TRACON& Tower with Radar,11,50,37,0,98,0,2,43,0,45,11,52,80,0,143,0,0,0,143
11/30/2013,SHV,LA,ASW,CE,Combined TRACON& Tower with Radar,6,53,27,0,86,0,0,23,0,23,6,53,50,0,109,0,0,0,109
12/01/2013,SHV,LA,ASW,CE,Combined TRACON& Tower with Radar,4,56,36,0,96,0,2,10,0,12,4,58,46,0,108,0,0,0,108
12/02/2013,SHV,LA,ASW,CE,Combined TRACON& Tower with Radar,9,49,16,2,76,0,0,11,0,11,9,49,27,2,87,6,0,6,93
12/03/2013,SHV,LA,ASW,CE,Combined TRACON& Tower with Radar,10,51,35,6,102,0,2,24,0,26,10,53,59,6,128,22,0,22,150
12/04/2013,SHV,LA,ASW,CE,Combined TRACON& Tower with Radar,12,55,47,6,120,0,3,13,0,16,12,58,60,6,136,0,0,0,136
12/05/2013,SHV,LA,ASW,CE,Combined TRACON& Tower with Radar,11,53,42,4,110,0,0,5,0,5,11,53,47,4,115,8,0,8,123
12/06/2013,SHV,LA,ASW,CE,Combined TRACON& Tower with Radar,8,30,8,0,46,0,0,0,0,0,8,30,8,0,46,0,0,0,46
12/07/2013,SHV,LA,ASW,CE,Combined TRACON& Tower with Radar,2,24,17,0,43,0,0,0,0,0,2,24,17,0,43,0,0,0,43
12/08/2013,SHV,LA,ASW,CE,Combined TRACON& Tower with Radar,6,32,17,0,55,0,0,1,0,1,6,32,18,0,56,0,0,0,56
12/09/2013,SHV,LA,ASW,CE,Combined TRACON& Tower with Radar,8,49,30,2,89,0,0,0,0,0,8,49,30,2,89,0,0,0,89
12/10/2013,SHV,LA,ASW,CE,Combined TRACON& Tower with Radar,13,58,31,0,102,0,2,32,0,34,13,60,63,0,136,6,0,6,142
12/11/2013,SHV,LA,ASW,CE,Combined TRACON& Tower with Radar,12,55,30,1,98,0,5,20,0,25,12,60,50,1,123,15,0,15,138
12/12/2013,SHV,LA,ASW,CE,Combined TRACON& Tower with Radar,12,55,26,1,94,0,0,15,1,16,12,55,41,2,110,0,0,0,110
12/13/2013,SHV,LA,ASW,CE,Combined TRACON& Tower with Radar,9,53,34,2,98,0,0,2,0,2,9,53,36,2,100,0,0,0,100
12/14/2013,SHV,LA,ASW,CE,Combined TRACON& Tower with Radar,14,35,21,0,70,0,0,1,0,1,14,35,22,0,71,0,0,0,71
12/15/2013,SHV,LA,ASW,CE,Combined TRACON& Tower with Radar,6,54,15,0,75,0,3,25,0,28,6,57,40,0,103,0,0,0,103
12/16/2013,SHV,LA,ASW,CE,Combined TRACON& Tower with Radar,5,50,29,0,84,0,5,22,4,31,5,55,51,4,115,0,0,0,115
12/17/2013,SHV,LA,ASW,CE,Combined TRACON& Tower with Radar,12,65,32,4,113,0,4,33,1,38,12,69,65,5,151,4,4,8,159
12/18/2013,SHV,LA,ASW,CE,Combined TRACON& Tower with Radar,14,47,27,1,89,0,9,23,0,32,14,56,50,1,121,8,0,8,129
12/19/2013,SHV,LA,ASW,CE,Combined TRACON& Tower with Radar,12,64,28,4,108,0,3,6,2,11,12,67,34,6,119,0,0,0,119
12/20/2013,SHV,LA,ASW,CE,Combined TRACON& Tower with Radar,12,58,30,0,100,0,0,1,0,1,12,58,31,0,101,6,0,6,107
12/21/2013,SHV,LA,ASW,CE,Combined TRACON& Tower with Radar,4,34,6,0,44,0,0,0,0,0,4,34,6,0,44,0,0,0,44
12/22/2013,SHV,LA,ASW,CE,Combined TRACON& Tower with Radar,5,41,31,0,77,0,0,5,0,5,5,41,36,0,82,0,0,0,82
12/23/2013,SHV,LA,ASW,CE,Combined TRACON& Tower with Radar,6,39,34,0,79,0,0,9,2,11,6,39,43,2,90,0,0,0,90
12/24/2013,SHV,LA,ASW,CE,Combined TRACON& Tower with Radar,10,38,14,0,62,0,3,22,0,25,10,41,36,0,87,0,0,0,87
12/25/2013,SHV,LA,ASW,CE,Combined TRACON& Tower with Radar,0,32,2,0,34,0,2,12,0,14,0,34,14,0,48,0,0,0,48
12/26/2013,SHV,LA,ASW,CE,Combined TRACON& Tower with Radar,10,43,28,0,81,0,1,24,0,25,10,44,52,0,106,4,0,4,110
12/27/2013,SHV,LA,ASW,CE,Combined TRACON& Tower with Radar,12,59,34,0,105,0,0,30,1,31,12,59,64,1,136,6,0,6,142
12/28/2013,SHV,LA,ASW,CE,Combined TRACON& Tower with Radar,2,40,35,0,77,0,1,14,0,15,2,41,49,0,92,0,0,0,92
12/29/2013,SHV,LA,ASW,CE,Combined TRACON& Tower with Radar,6,48,39,0,93,0,5,8,0,13,6,53,47,0,106,10,0,10,116
12/30/2013,SHV,LA,ASW,CE,Combined TRACON& Tower with Radar,5,59,17,2,83,0,0,1,0,1,5,59,18,2,84,0,0,0,84
12/31/2013,SHV,LA,ASW,CE,Combined TRACON& Tower with Radar,13,40,24,0,77,0,3,30,0,33,13,43,54,0,110,0,0,0,110
01/01/2014,SHV,LA,ASW,CE,Combined TRACON& Tower with Radar,0,35,18,0,53,0,0,13,0,13,0,35,31,0,66,0,0,0,66
01/02/2014,SHV,LA,ASW,CE,Combined TRACON& Tower with Radar,11,48,22,0,81,0,0,12,0,12,11,48,34,0,93,20,0,20,113
01/03/2014,SHV,LA,ASW,CE,Combined TRACON& Tower with Radar,11,44,25,0,80,0,1,12,0,13,11,45,37,0,93,0,0,0,93
01/04/2014,SHV,LA,ASW,CE,Combined TRACON& Tower with Radar,2,46,18,0,66,0,0,9,0,9,2,46,27,0,75,0,0,0,75
01/05/2014,SHV,LA,ASW,CE,Combined TRACON& Tower with Radar,4,47,22,0,73,0,0,5,0,5,4,47,27,0,78,0,0,0,78
01/06/2014,SHV,LA,ASW,CE,Combined TRACON& Tower with Radar,5,44,15,8,72,0,1,13,0,14,5,45,28,8,86,0,0,0,86
01/07/2014,SHV,LA,ASW,CE,Combined TRACON& Tower with Radar,10,36,15,0,61,0,1,5,0,6,10,37,20,0,67,0,0,0,67
01/08/2014,SHV,LA,ASW,CE,Combined TRACON& Tower with Radar,8,57,23,4,92,0,1,2,2,5,8,58,25,6,97,0,0,0,97
01/09/2014,SHV,LA,ASW,CE,Combined TRACON& Tower with Radar,9,38,60,2,109,0,0,0,0,0,9,38,60,2,109,0,0,0,109
01/10/2014,SHV,LA,ASW,CE,Combined TRACON& Tower with Radar,8,46,29,0,83,0,0,1,0,1,8,46,30,0,84,0,0,0,84
01/11/2014,SHV,LA,ASW,CE,Combined TRACON& Tower with Radar,2,30,21,34,87,0,1,18,2,21,2,31,39,36,108,0,0,0,108
01/12/2014,SHV,LA,ASW,CE,Combined TRACON& Tower with Radar,4,43,11,21,79,0,1,8,0,9,4,44,19,21,88,10,2,12,100
01/13/2014,SHV,LA,ASW,CE,Combined TRACON& Tower with Radar,6,47,25,12,90,0,1,5,0,6,6,48,30,12,96,6,14,20,116
01/14/2014,SHV,LA,ASW,CE,Combined TRACON& Tower with Radar,9,45,18,2,74,0,1,16,1,18,9,46,34,3,92,12,0,12,104
01/15/2014,SHV,LA,ASW,CE,Combined TRACON& Tower with Radar,8,55,32,8,103,0,3,11,4,18,8,58,43,12,121,0,0,0,121
01/16/2014,SHV,LA,ASW,CE,Combined TRACON& Tower with Radar,9,48,31,0,88,0,4,14,5,23,9,52,45,5,111,4,0,4,115
01/17/2014,SHV,LA,ASW,CE,Combined TRACON& Tower with Radar,9,47,14,33,103,0,0,21,0,21,9,47,35,33,124,4,10,14,138
01/18/2014,SHV,LA,ASW,CE,Combined TRACON& Tower with Radar,2,35,14,25,76,0,2,9,3,14,2,37,23,28,90,8,0,8,98
01/19/2014,SHV,LA,ASW,CE,Combined TRACON& Tower with Radar,4,38,21,3,66,0,4,16,0,20,4,42,37,3,86,14,0,14,100
01/20/2014,SHV,LA,ASW,CE,Combined TRACON& Tower with Radar,5,47,27,0,79,0,4,31,0,35,5,51,58,0,114,24,0,24,138
01/21/2014,SHV,LA,ASW,CE,Combined TRACON& Tower with Radar,8,50,21,7,86,0,5,19,1,25,8,55,40,8,111,14,0,14,125
01/22/2014,SHV,LA,ASW,CE,Combined TRACON& Tower with Radar,8,52,35,4,99,0,0,26,0,26,8,52,61,4,125,14,0,14,139
01/23/2014,SHV,LA,ASW,CE,Combined TRACON& Tower with Radar,8,51,24,0,83,0,0,10,0,10,8,51,34,0,93,8,0,8,101
01/24/2014,SHV,LA,ASW,CE,Combined TRACON& Tower with Radar,11,49,17,16,93,0,3,27,0,30,11,52,44,16,123,4,0,4,127
01/25/2014,SHV,LA,ASW,CE,Combined TRACON& Tower with Radar,2,38,7,21,68,0,0,21,5,26,2,38,28,26,94,16,10,26,120
01/26/2014,SHV,LA,ASW,CE,Combined TRACON& Tower with Radar,4,45,10,5,64,0,2,13,2,17,4,47,23,7,81,0,0,0,81
01/27/2014,SHV,LA,ASW,CE,Combined TRACON& Tower with Radar,7,47,14,0,68,0,0,8,0,8,7,47,22,0,76,0,0,0,76
01/28/2014,SHV,LA,ASW,CE,Combined TRACON& Tower with Radar,10,31,27,7,75,0,2,10,0,12,10,33,37,7,87,0,0,0,87
01/29/2014,SHV,LA,ASW,CE,Combined TRACON& Tower with Radar,8,30,23,6,67,0,2,26,0,28,8,32,49,6,95,16,0,16,111
01/30/2014,SHV,LA,ASW,CE,Combined TRACON& Tower with Radar,8,41,26,14,89,0,2,11,2,15,8,43,37,16,104,0,6,6,110
01/31/2014,SHV,LA,ASW,CE,Combined TRACON& Tower with Radar,9,49,36,6,100,0,1,3,0,4,9,50,39,6,104,0,0,0,104
02/01/2014,SHV,LA,ASW,CE,Combined TRACON& Tower with Radar,2,33,21,4,60,0,2,2,0,4,2,35,23,4,64,0,0,0,64
02/02/2014,SHV,LA,ASW,CE,Combined TRACON& Tower with Radar,2,27,13,0,42,0,0,0,0,0,2,27,13,0,42,0,0,0,42
02/03/2014,SHV,LA,ASW,CE,Combined TRACON& Tower with Radar,5,47,29,6,87,0,0,5,0,5,5,47,34,6,92,4,0,4,96
02/04/2014,SHV,LA,ASW,CE,Combined TRACON& Tower with Radar,10,51,25,1,87,0,0,1,0,1,10,51,26,1,88,0,0,0,88
02/05/2014,SHV,LA,ASW,CE,Combined TRACON& Tower with Radar,8,51,29,8,96,0,0,9,3,12,8,51,38,11,108,0,0,0,108
02/06/2014,SHV,LA,ASW,CE,Combined TRACON& Tower with Radar,11,37,20,0,68,0,0,4,1,5,11,37,24,1,73,0,0,0,73
02/07/2014,SHV,LA,ASW,CE,Combined TRACON& Tower with Radar,10,43,25,0,78,0,0,1,0,1,10,43,26,0,79,0,0,0,79
02/08/2014,SHV,LA,ASW,CE,Combined TRACON& Tower with Radar,2,32,16,0,50,0,0,4,0,4,2,32,20,0,54,0,0,0,54
02/09/2014,SHV,LA,ASW,CE,Combined TRACON& Tower with Radar,2,44,18,0,64,0,1,0,1,2,2,45,18,1,66,0,0,0,66
02/10/2014,SHV,LA,ASW,CE,Combined TRACON& Tower with Radar,4,42,24,0,70,0,0,0,0,0,4,42,24,0,70,0,0,0,70
02/11/2014,SHV,LA,ASW,CE,Combined TRACON& Tower with Radar,6,22,12,4,44,0,0,7,0,7,6,22,19,4,51,4,0,4,55
02/12/2014,SHV,LA,ASW,CE,Combined TRACON& Tower with Radar,9,29,19,0,57,0,2,3,0,5,9,31,22,0,62,4,0,4,66
02/13/2014,SHV,LA,ASW,CE,Combined TRACON& Tower with Radar,8,39,38,0,85,0,2,30,0,32,8,41,68,0,117,10,0,10,127
02/14/2014,SHV,LA,ASW,CE,Combined TRACON& Tower with Radar,9,42,16,1,68,0,2,24,0,26,9,44,40,1,94,32,0,32,126
02/15/2014,SHV,LA,ASW,CE,Combined TRACON& Tower with Radar,2,34,14,0,50,0,0,29,0,29,2,34,43,0,79,0,0,0,79
02/16/2014,SHV,LA,ASW,CE,Combined TRACON& Tower with Radar,4,36,24,0,64,0,1,16,2,19,4,37,40,2,83,10,0,10,93
02/17/2014,SHV,LA,ASW,CE,Combined TRACON& Tower with Radar,5,55,20,2,82,0,3,12,2,17,5,58,32,4,99,0,0,0,99
02/18/2014,SHV,LA,ASW,CE,Combined TRACON& Tower with Radar,8,45,11,2,66,0,2,5,0,7,8,47,16,2,73,4,0,4,77
02/19/2014,SHV,LA,ASW,CE,Combined TRACON& Tower with Radar,10,44,41,0,95,0,0,7,4,11,10,44,48,4,106,4,0,4,110
02/20/2014,SHV,LA,ASW,CE,Combined TRACON& Tower with Radar,10,44,15,0,69,0,0,5,1,6,10,44,20,1,75,4,0,4,79
02/21/2014,SHV,LA,ASW,CE,Combined TRACON& Tower with Radar,9,42,36,0,87,0,0,27,6,33,9,42,63,6,120,0,0,0,120
02/22/2014,SHV,LA,ASW,CE,Combined TRACON& Tower with Radar,2,37,10,0,49,0,4,10,0,14,2,41,20,0,63,0,0,0,63
02/23/2014,SHV,LA,ASW,CE,Combined TRACON& Tower with Radar,4,36,23,0,63,0,0,4,0,4,4,36,27,0,67,0,0,0,67
02/24/2014,SHV,LA,ASW,CE,Combined TRACON& Tower with Radar,5,54,18,0,77,0,1,11,1,13,5,55,29,1,90,12,0,12,102
02/25/2014,SHV,LA,ASW,CE,Combined TRACON& Tower with Radar,10,51,34,0,95,0,0,2,5,7,10,51,36,5,102,0,0,0,102
02/26/2014,SHV,LA,ASW,CE,Combined TRACON& Tower with Radar,10,48,37,0,95,0,0,9,3,12,10,48,46,3,107,8,0,8,115
02/27/2014,SHV,LA,ASW,CE,Combined TRACON& Tower with Radar,8,42,34,3,87,0,3,20,2,25,8,45,54,5,112,0,0,0,112
02/28/2014,SHV,LA,ASW,CE,Combined TRACON& Tower with Radar,9,47,33,14,103,0,0,1,0,1,9,47,34,14,104,6,0,6,110
03/01/2014,SHV,LA,ASW,CE,Combined TRACON& Tower with Radar,1,28,19,15,63,0,2,5,1,8,1,30,24,16,71,0,6,6,77
03/02/2014,SHV,LA,ASW,CE,Combined TRACON& Tower with Radar,3,31,28,0,62,0,0,1,0,1,3,31,29,0,63,0,0,0,63
03/03/2014,SHV,LA,ASW,CE,Combined TRACON& Tower with Radar,5,39,22,0,66,0,0,0,0,0,5,39,22,0,66,0,0,0,66
03/04/2014,SHV,LA,ASW,CE,Combined TRACON& Tower with Radar,10,46,17,2,75,0,0,25,0,25,10,46,42,2,100,0,0,0,100
03/05/2014,SHV,LA,ASW,CE,Combined TRACON& Tower with Radar,8,48,26,0,82,0,0,6,0,6,8,48,32,0,88,0,0,0,88
03/06/2014,SHV,LA,ASW,CE,Combined TRACON& Tower with Radar,10,54,31,0,95,0,0,9,0,9,10,54,40,0,104,0,0,0,104
03/07/2014,SHV,LA,ASW,CE,Combined TRACON& Tower with Radar,9,53,38,4,104,0,2,21,0,23,9,55,59,4,127,8,0,8,135
03/08/2014,SHV,LA,ASW,CE,Combined TRACON& Tower with Radar,4,35,23,5,67,0,0,22,0,22,4,35,45,5,89,6,0,6,95
03/09/2014,SHV,LA,ASW,CE,Combined TRACON& Tower with Radar,2,47,42,4,95,0,0,15,0,15,2,47,57,4,110,4,0,4,114
03/10/2014,SHV,LA,ASW,CE,Combined TRACON& Tower with Radar,5,46,32,0,83,0,0,19,0,19,5,46,51,0,102,0,0,0,102
03/11/2014,SHV,LA,ASW,CE,Combined TRACON& Tower with Radar,10,43,39,4,96,0,2,19,0,21,10,45,58,4,117,8,0,8,125
03/12/2014,SHV,LA,ASW,CE,Combined TRACON& Tower with Radar,8,40,34,4,86,0,1,19,0,20,8,41,53,4,106,12,0,12,118
03/13/2014,SHV,LA,ASW,CE,Combined TRACON& Tower with Radar,8,46,16,2,72,0,9,52,1,62,8,55,68,3,134,22,0,22,156
03/14/2014,SHV,LA,ASW,CE,Combined TRACON& Tower with Radar,9,45,33,6,93,0,3,29,2,34,9,48,62,8,127,14,0,14,141
03/15/2014,SHV,LA,ASW,CE,Combined TRACON& Tower with Radar,8,34,34,3,79,0,0,2,0,2,8,34,36,3,81,0,0,0,81
03/16/2014,SHV,LA,ASW,CE,Combined TRACON& Tower with Radar,2,43,19,8,72,0,2,4,0,6,2,45,23,8,78,0,0,0,78
03/17/2014,SHV,LA,ASW,CE,Combined TRACON& Tower with Radar,5,46,19,7,77,0,1,14,0,15,5,47,33,7,92,4,0,4,96
03/18/2014,SHV,LA,ASW,CE,Combined TRACON& Tower with Radar,14,46,23,4,87,0,0,31,2,33,14,46,54,6,120,0,0,0,120
03/19/2014,SHV,LA,ASW,CE,Combined TRACON& Tower with Radar,9,45,32,6,92,0,3,44,1,48,9,48,76,7,140,20,0,20,160
03/20/2014,SHV,LA,ASW,CE,Combined TRACON& Tower with Radar,13,47,35,4,99,0,1,23,0,24,13,48,58,4,123,34,0,34,157
03/21/2014,SHV,LA,ASW,CE,Combined TRACON& Tower with Radar,9,52,40,7,108,0,5,30,0,35,9,57,70,7,143,4,10,14,157
03/22/2014,SHV,LA,ASW,CE,Combined TRACON& Tower with Radar,2,38,31,0,71,0,0,4,0,4,2,38,35,0,75,4,0,4,79
03/23/2014,SHV,LA,ASW,CE,Combined TRACON& Tower with Radar,6,41,18,11,76,0,0,2,0,2,6,41,20,11,78,0,0,0,78
03/24/2014,SHV,LA,ASW,CE,Combined TRACON& Tower with Radar,6,44,20,8,78,0,5,13,1,19,6,49,33,9,97,14,0,14,111
03/25/2014,SHV,LA,ASW,CE,Combined TRACON& Tower with Radar,8,44,28,2,82,0,2,19,2,23,8,46,47,4,105,16,0,16,121
03/26/2014,SHV,LA,ASW,CE,Combined TRACON& Tower with Radar,6,46,30,0,82,0,5,11,0,16,6,51,41,0,98,0,0,0,98
03/27/2014,SHV,LA,ASW,CE,Combined TRACON& Tower with Radar,8,52,28,3,91,0,0,0,0,0,8,52,28,3,91,4,0,4,95
03/28/2014,SHV,LA,ASW,CE,Combined TRACON& Tower with Radar,10,44,20,9,83,0,0,0,0,0,10,44,20,9,83,0,18,18,101
03/29/2014,SHV,LA,ASW,CE,Combined TRACON& Tower with Radar,6,39,21,16,82,0,5,17,9,31,6,44,38,25,113,20,25,45,158
03/30/2014,SHV,LA,ASW,CE,Combined TRACON& Tower with Radar,3,41,23,7,74,0,7,22,2,31,3,48,45,9,105,0,6,6,111
03/31/2014,SHV,LA,ASW,CE,Combined TRACON& Tower with Radar,5,52,24,0,81,0,5,18,0,23,5,57,42,0,104,8,0,8,112
04/01/2014,SHV,LA,ASW,CE,Combined TRACON& Tower with Radar,8,47,27,2,84,0,1,12,1,14,8,48,39,3,98,16,0,16,114
04/02/2014,SHV,LA,ASW,CE,Combined TRACON& Tower with Radar,8,45,28,0,81,0,0,6,0,6,8,45,34,0,87,0,0,0,87
04/03/2014,SHV,LA,ASW,CE,Combined TRACON& Tower with Radar,10,43,22,3,78,0,0,3,0,3,10,43,25,3,81,0,0,0,81
04/04/2014,SHV,LA,ASW,CE,Combined TRACON& Tower with Radar,9,49,26,43,127,0,2,13,1,16,9,51,39,44,143,18,50,68,211
04/05/2014,SHV,LA,ASW,CE,Combined TRACON& Tower with Radar,2,38,25,23,88,0,0,18,7,25,2,38,43,30,113,9,18,27,140
04/06/2014,SHV,LA,ASW,CE,Combined TRACON& Tower with Radar,2,51,14,0,67,0,0,1,0,1,2,51,15,0,68,0,0,0,68
04/07/2014,SHV,LA,ASW,CE,Combined TRACON& Tower with Radar,7,49,54,4,114,0,1,3,0,4,7,50,57,4,118,13,0,13,131
04/08/2014,SHV,LA,ASW,CE,Combined TRACON& Tower with Radar,10,42,28,0,80,0,7,7,1,15,10,49,35,1,95,15,0,15,110
04/09/2014,SHV,LA,ASW,CE,Combined TRACON& Tower with Radar,8,51,36,0,95,0,7,30,3,40,8,58,66,3,135,18,0,18,153
04/10/2014,SHV,LA,ASW,CE,Combined TRACON& Tower with Radar,10,57,42,20,129,0,4,23,0,27,10,61,65,20,156,6,12,18,174
04/11/2014,SHV,LA,ASW,CE,Combined TRACON& Tower with Radar,9,47,40,18,114,0,0,20,2,22,9,47,60,20,136,0,0,0,136
04/12/2014,SHV,LA,ASW,CE,Combined TRACON& Tower with Radar,2,42,19,0,63,0,5,2,2,9,2,47,21,2,72,18,0,18,90
04/13/2014,SHV,LA,ASW,CE,Combined TRACON& Tower with Radar,4,45,29,16,94,0,0,1,0,1,4,45,30,16,95,0,0,0,95
04/14/2014,SHV,LA,ASW,CE,Combined TRACON& Tower with Radar,5,53,18,6,82,0,1,2,0,3,5,54,20,6,85,0,0,0,85
04/15/2014,SHV,LA,ASW,CE,Combined TRACON& Tower with Radar,15,48,24,18,105,0,1,22,5,28,15,49,46,23,133,24,13,37,170
04/16/2014,SHV,LA,ASW,CE,Combined TRACON& Tower with Radar,9,47,50,6,112,0,3,32,4,39,9,50,82,10,151,6,4,10,161
04/17/2014,SHV,LA,ASW,CE,Combined TRACON& Tower with Radar,10,49,48,20,127,0,3,6,7,16,10,52,54,27,143,0,4,4,147
04/18/2014,SHV,LA,ASW,CE,Combined TRACON& Tower with Radar,9,40,24,9,82,0,4,13,2,19,9,44,37,11,101,0,0,0,101
04/19/2014,SHV,LA,ASW,CE,Combined TRACON& Tower with Radar,3,35,17,0,55,0,4,26,0,30,3,39,43,0,85,6,0,6,91
04/20/2014,SHV,LA,ASW,CE,Combined TRACON& Tower with Radar,7,44,24,6,81,0,1,11,0,12,7,45,35,6,93,2,12,14,107
04/21/2014,SHV,LA,ASW,CE,Combined TRACON& Tower with Radar,7,45,26,0,78,0,3,18,0,21,7,48,44,0,99,24,0,24,123
04/22/2014,SHV,LA,ASW,CE,Combined TRACON& Tower with Radar,8,48,43,19,118,0,0,12,0,12,8,48,55,19,130,4,0,4,134
04/23/2014,SHV,LA,ASW,CE,Combined TRACON& Tower with Radar,8,49,38,4,99,0,2,38,2,42,8,51,76,6,141,0,0,0,141
04/24/2014,SHV,LA,ASW,CE,Combined TRACON& Tower with Radar,8,56,48,2,114,0,0,12,0,12,8,56,60,2,126,32,0,32,158
04/25/2014,SHV,LA,ASW,CE,Combined TRACON& Tower with Radar,9,49,36,4,98,0,4,27,5,36,9,53,63,9,134,18,14,32,166
04/26/2014,SHV,LA,ASW,CE,Combined TRACON& Tower with Radar,2,39,18,2,61,0,4,14,2,20,2,43,32,4,81,8,0,8,89
04/27/2014,SHV,LA,ASW,CE,Combined TRACON& Tower with Radar,2,43,11,1,57,0,0,4,0,4,2,43,15,1,61,0,0,0,61
04/28/2014,SHV,LA,ASW,CE,Combined TRACON& Tower with Radar,5,48,31,0,84,0,3,11,0,14,5,51,42,0,98,0,0,0,98
04/29/2014,SHV,LA,ASW,CE,Combined TRACON& Tower with Radar,8,54,15,0,77,0,0,20,2,22,8,54,35,2,99,5,0,5,104
04/30/2014,SHV,LA,ASW,CE,Combined TRACON& Tower with Radar,8,45,32,6,91,0,2,26,1,29,8,47,58,7,120,0,0,0,120
05/01/2014,SHV,LA,ASW,CE,Combined TRACON& Tower with Radar,8,43,34,0,85,0,5,24,4,33,8,48,58,4,118,16,0,16,134
05/02/2014,SHV,LA,ASW,CE,Combined TRACON& Tower with Radar,9,50,30,40,129,0,3,25,0,28,9,53,55,40,157,10,0,10,167
05/03/2014,SHV,LA,ASW,CE,Combined TRACON& Tower with Radar,2,34,13,6,55,0,3,37,0,40,2,37,50,6,95,2,0,2,97
05/04/2014,SHV,LA,ASW,CE,Combined TRACON& Tower with Radar,2,50,27,4,83,0,3,19,1,23,2,53,46,5,106,0,0,0,106
05/05/2014,SHV,LA,ASW,CE,Combined TRACON& Tower with Radar,5,48,26,4,83,0,2,16,0,18,5,50,42,4,101,5,0,5,106
05/06/2014,SHV,LA,ASW,CE,Combined TRACON& Tower with Radar,10,47,22,0,79,0,1,16,0,17,10,48,38,0,96,0,0,0,96
05/07/2014,SHV,LA,ASW,CE,Combined TRACON& Tower with Radar,8,50,40,2,100,0,0,14,0,14,8,50,54,2,114,0,0,0,114
05/08/2014,SHV,LA,ASW,CE,Combined TRACON& Tower with Radar,22,38,25,13,98,0,2,0,1,3,22,40,25,14,101,0,0,0,101
05/09/2014,SHV,LA,ASW,CE,Combined TRACON& Tower with Radar,12,51,27,2,92,0,0,0,0,0,12,51,27,2,92,0,0,0,92
05/10/2014,SHV,LA,ASW,CE,Combined TRACON& Tower with Radar,6,37,26,16,85,0,2,10,3,15,6,39,36,19,100,0,0,0,100
05/11/2014,SHV,LA,ASW,CE,Combined TRACON& Tower with Radar,4,38,19,8,69,0,0,10,1,11,4,38,29,9,80,10,0,10,90
05/12/2014,SHV,LA,ASW,CE,Combined TRACON& Tower with Radar,13,40,40,4,97,0,1,8,0,9,13,41,48,4,106,14,0,14,120
05/13/2014,SHV,LA,ASW,CE,Combined TRACON& Tower with Radar,10,43,13,0,66,0,0,0,0,0,10,43,13,0,66,0,0,0,66
05/14/2014,SHV,LA,ASW,CE,Combined TRACON& Tower with Radar,12,49,21,0,82,0,0,4,0,4,12,49,25,0,86,0,0,0,86
05/15/2014,SHV,LA,ASW,CE,Combined TRACON& Tower with Radar,10,52,19,4,85,0,1,30,0,31,10,53,49,4,116,44,0,44,160
05/16/2014,SHV,LA,ASW,CE,Combined TRACON& Tower with Radar,11,45,23,15,94,0,0,34,0,34,11,45,57,15,128,18,4,22,150
05/17/2014,SHV,LA,ASW,CE,Combined TRACON& Tower with Radar,4,32,16,16,68,0,3,11,5,19,4,35,27,21,87,0,2,2,89
05/18/2014,SHV,LA,ASW,CE,Combined TRACON& Tower with Radar,2,48,22,11,83,0,0,13,4,17,2,48,35,15,100,0,0,0,100
05/19/2014,SHV,LA,ASW,CE,Combined TRACON& Tower with Radar,5,46,26,2,79,0,2,7,0,9,5,48,33,2,88,26,0,26,114
05/20/2014,SHV,LA,ASW,CE,Combined TRACON& Tower with Radar,10,52,30,2,94,0,3,17,0,20,10,55,47,2,114,0,0,0,114
05/21/2014,SHV,LA,ASW,CE,Combined TRACON& Tower with Radar,10,52,31,2,95,0,3,10,0,13,10,55,41,2,108,0,0,0,108
05/22/2014,SHV,LA,ASW,CE,Combined TRACON& Tower with Radar,10,49,32,4,95,0,0,16,0,16,10,49,48,4,111,32,0,32,143
05/23/2014,SHV,LA,ASW,CE,Combined TRACON& Tower with Radar,16,40,27,20,103,0,2,13,0,15,16,42,40,20,118,4,8,12,130
05/24/2014,SHV,LA,ASW,CE,Combined TRACON& Tower with Radar,3,35,18,0,56,0,0,18,0,18,3,35,36,0,74,6,0,6,80
05/25/2014,SHV,LA,ASW,CE,Combined TRACON& Tower with Radar,13,45,18,0,76,0,1,9,0,10,13,46,27,0,86,36,0,36,122
05/26/2014,SHV,LA,ASW,CE,Combined TRACON& Tower with Radar,4,53,25,0,82,0,3,16,0,19,4,56,41,0,101,41,0,41,142
05/27/2014,SHV,LA,ASW,CE,Combined TRACON& Tower with Radar,4,45,13,2,64,0,0,4,2,6,4,45,17,4,70,18,4,22,92
05/28/2014,SHV,LA,ASW,CE,Combined TRACON& Tower with Radar,8,55,27,2,92,0,1,6,0,7,8,56,33,2,99,0,0,0,99
05/29/2014,SHV,LA,ASW,CE,Combined TRACON& Tower with Radar,12,58,18,0,88,0,0,2,0,2,12,58,20,0,90,0,0,0,90
05/30/2014,SHV,LA,ASW,CE,Combined TRACON& Tower with Radar,11,46,30,3,90,0,0,10,0,10,11,46,40,3,100,0,0,0,100
05/31/2014,SHV,LA,ASW,CE,Combined TRACON& Tower with Radar,2,40,16,5,63,0,2,12,2,16,2,42,28,7,79,0,0,0,79
06/01/2014,SHV,LA,ASW,CE,Combined TRACON& Tower with Radar,4,44,28,6,82,0,0,8,0,8,4,44,36,6,90,10,0,10,100
06/02/2014,SHV,LA,ASW,CE,Combined TRACON& Tower with Radar,9,45,24,8,86,0,0,11,0,11,9,45,35,8,97,0,4,4,101
06/03/2014,SHV,LA,ASW,CE,Combined TRACON& Tower with Radar,10,45,27,0,82,0,1,13,0,14,10,46,40,0,96,14,0,14,110
06/04/2014,SHV,LA,ASW,CE,Combined TRACON& Tower with Radar,10,48,36,8,102,0,3,21,0,24,10,51,57,8,126,16,0,16,142
06/05/2014,SHV,LA,ASW,CE,Combined TRACON& Tower with Radar,12,46,35,0,93,0,0,12,0,12,12,46,47,0,105,0,0,0,105
06/06/2014,SHV,LA,ASW,CE,Combined TRACON& Tower with Radar,11,48,27,0,86,0,0,7,2,9,11,48,34,2,95,0,0,0,95
06/07/2014,SHV,LA,ASW,CE,Combined TRACON& Tower with Radar,4,35,17,0,56,0,0,14,1,15,4,35,31,1,71,0,0,0,71
06/08/2014,SHV,LA,ASW,CE,Combined TRACON& Tower with Radar,4,42,29,5,80,0,0,9,0,9,4,42,38,5,89,14,0,14,103
06/09/2014,SHV,LA,ASW,CE,Combined TRACON& Tower with Radar,9,34,17,1,61,0,0,5,0,5,9,34,22,1,66,14,0,14,80
06/10/2014,SHV,LA,ASW,CE,Combined TRACON& Tower with Radar,8,52,25,0,85,0,2,14,3,19,8,54,39,3,104,6,0,6,110
06/11/2014,SHV,LA,ASW,CE,Combined TRACON& Tower with Radar,12,58,37,4,111,0,2,11,1,14,12,60,48,5,125,8,6,14,139
06/12/2014,SHV,LA,ASW,CE,Combined TRACON& Tower with Radar,10,53,22,4,89,0,4,4,0,8,10,57,26,4,97,0,0,0,97
06/13/2014,SHV,LA,ASW,CE,Combined TRACON& Tower with Radar,15,56,27,5,103,0,6,30,2,38,15,62,57,7,141,6,0,6,147
06/14/2014,SHV,LA,ASW,CE,Combined TRACON& Tower with Radar,2,41,12,0,55,0,1,14,0,15,2,42,26,0,70,12,0,12,82
06/15/2014,SHV,LA,ASW,CE,Combined TRACON& Tower with Radar,4,55,17,36,112,0,2,17,2,21,4,57,34,38,133,0,0,0,133
06/16/2014,SHV,LA,ASW,CE,Combined TRACON& Tower with Radar,9,57,32,6,104,0,4,11,0,15,9,61,43,6,119,8,0,8,127
06/17/2014,SHV,LA,ASW,CE,Combined TRACON& Tower with Radar,8,57,25,0,90,0,0,12,0,12,8,57,37,0,102,2,0,2,104
06/18/2014,SHV,LA,ASW,CE,Combined TRACON& Tower with Radar,8,55,35,0,98,0,2,8,0,10,8,57,43,0,108,0,0,0,108
06/19/2014,SHV,LA,ASW,CE,Combined TRACON& Tower with Radar,10,55,36,4,105,0,0,27,0,27,10,55,63,4,132,4,0,4,136
06/20/2014,SHV,LA,ASW,CE,Combined TRACON& Tower with Radar,11,51,30,13,105,0,2,10,0,12,11,53,40,13,117,8,0,8,125
06/21/2014,SHV,LA,ASW,CE,Combined TRACON& Tower with Radar,2,33,10,23,68,0,0,19,0,19,2,33,29,23,87,0,0,0,87
06/22/2014,SHV,LA,ASW,CE,Combined TRACON& Tower with Radar,6,46,24,36,112,0,0,12,1,13,6,46,36,37,125,8,0,8,133
06/23/2014,SHV,LA,ASW,CE,Combined TRACON& Tower with Radar,7,48,7,12,74,0,4,8,0,12,7,52,15,12,86,0,0,0,86
06/24/2014,SHV,LA,ASW,CE,Combined TRACON& Tower with Radar,14,59,20,0,93,0,0,3,0,3,14,59,23,0,96,0,0,0,96
06/25/2014,SHV,LA,ASW,CE,Combined TRACON& Tower with Radar,10,51,43,0,104,0,0,9,0,9,10,51,52,0,113,0,0,0,113
06/26/2014,SHV,LA,ASW,CE,Combined TRACON& Tower with Radar,12,49,49,0,110,0,5,7,1,13,12,54,56,1,123,0,0,0,123
06/27/2014,SHV,LA,ASW,CE,Combined TRACON& Tower with Radar,13,54,25,28,120,0,2,6,4,12,13,56,31,32,132,16,0,16,148
06/28/2014,SHV,LA,ASW,CE,Combined TRACON& Tower with Radar,2,41,25,0,68,0,0,6,1,7,2,41,31,1,75,0,0,0,75
06/29/2014,SHV,LA,ASW,CE,Combined TRACON& Tower with Radar,4,40,36,0,80,0,1,7,0,8,4,41,43,0,88,0,0,0,88
06/30/2014,SHV,LA,ASW,CE,Combined TRACON& Tower with Radar,7,50,10,0,67,0,0,6,0,6,7,50,16,0,73,0,0,0,73
07/01/2014,SHV,LA,ASW,CE,Combined TRACON& Tower with Radar,8,51,20,0,79,0,0,25,2,27,8,51,45,2,106,4,0,4,110
07/02/2014,SHV,LA,ASW,CE,Combined TRACON& Tower with Radar,12,49,29,0,90,0,1,16,0,17,12,50,45,0,107,0,0,0,107
07/03/2014,SHV,LA,ASW,CE,Combined TRACON& Tower with Radar,11,42,25,0,78,0,0,16,0,16,11,42,41,0,94,32,0,32,126
07/04/2014,SHV,LA,ASW,CE,Combined TRACON& Tower with Radar,4,26,4,0,34,0,2,15,0,17,4,28,19,0,51,10,0,10,61
07/05/2014,SHV,LA,ASW,CE,Combined TRACON& Tower with Radar,3,31,13,0,47,0,5,9,0,14,3,36,22,0,61,2,0,2,63
07/06/2014,SHV,LA,ASW,CE,Combined TRACON& Tower with Radar,6,38,18,0,62,0,1,38,0,39,6,39,56,0,101,27,0,27,128
07/07/2014,SHV,LA,ASW,CE,Combined TRACON& Tower with Radar,7,48,25,3,83,0,0,14,0,14,7,48,39,3,97,16,2,18,115
07/08/2014,SHV,LA,ASW,CE,Combined TRACON& Tower with Radar,14,50,28,14,106,0,1,15,0,16,14,51,43,14,122,24,0,24,146
07/09/2014,SHV,LA,ASW,CE,Combined TRACON& Tower with Radar,14,55,24,9,102,0,1,7,14,22,14,56,31,23,124,4,40,44,168
07/10/2014,SHV,LA,ASW,CE,Combined TRACON& Tower with Radar,14,45,26,0,85,0,4,16,2,22,14,49,42,2,107,8,0,8,115
07/11/2014,SHV,LA,ASW,CE,Combined TRACON& Tower with Radar,13,51,26,32,122,0,1,13,2,16,13,52,39,34,138,0,8,8,146
07/12/2014,SHV,LA,ASW,CE,Combined TRACON& Tower with Radar,3,46,18,76,143,0,2,14,1,17,3,48,32,77,160,36,16,52,212
07/13/2014,SHV,LA,ASW,CE,Combined TRACON& Tower with Radar,7,43,17,20,87,0,0,17,0,17,7,43,34,20,104,0,10,10,114
07/14/2014,SHV,LA,ASW,CE,Combined TRACON& Tower with Radar,19,48,38,12,117,0,0,19,0,19,19,48,57,12,136,14,0,14,150
07/15/2014,SHV,LA,ASW,CE,Combined TRACON& Tower with Radar,10,48,26,0,84,0,0,4,4,8,10,48,30,4,92,0,0,0,92
07/16/2014,SHV,LA,ASW,CE,Combined TRACON& Tower with Radar,10,45,34,0,89,0,2,25,2,29,10,47,59,2,118,4,0,4,122
07/17/2014,SHV,LA,ASW,CE,Combined TRACON& Tower with Radar,14,35,20,0,69,0,0,8,0,8,14,35,28,0,77,0,0,0,77
07/18/2014,SHV,LA,ASW,CE,Combined TRACON& Tower with Radar,13,42,24,48,127,0,0,0,0,0,13,42,24,48,127,0,0,0,127
07/19/2014,SHV,LA,ASW,CE,Combined TRACON& Tower with Radar,3,49,22,27,101,0,3,7,0,10,3,52,29,27,111,0,0,0,111
07/20/2014,SHV,LA,ASW,CE,Combined TRACON& Tower with Radar,6,52,30,14,102,0,0,6,0,6,6,52,36,14,108,0,0,0,108
07/21/2014,SHV,LA,ASW,CE,Combined TRACON& Tower with Radar,9,47,13,0,69,0,2,17,0,19,9,49,30,0,88,16,0,16,104
07/22/2014,SHV,LA,ASW,CE,Combined TRACON& Tower with Radar,8,39,26,9,82,0,0,18,2,20,8,39,44,11,102,10,0,10,112
07/23/2014,SHV,LA,ASW,CE,Combined TRACON& Tower with Radar,12,58,23,5,98,0,6,13,3,22,12,64,36,8,120,12,0,12,132
07/24/2014,SHV,LA,ASW,CE,Combined TRACON& Tower with Radar,15,55,35,0,105,0,2,16,0,18,15,57,51,0,123,6,0,6,129
07/25/2014,SHV,LA,ASW,CE,Combined TRACON& Tower with Radar,15,57,32,23,127,0,3,11,0,14,15,60,43,23,141,8,0,8,149
07/26/2014,SHV,LA,ASW,CE,Combined TRACON& Tower with Radar,4,41,10,18,73,0,5,31,0,36,4,46,41,18,109,32,0,32,141
07/27/2014,SHV,LA,ASW,CE,Combined TRACON& Tower with Radar,7,50,23,5,85,0,1,11,0,12,7,51,34,5,97,0,5,5,102
07/28/2014,SHV,LA,ASW,CE,Combined TRACON& Tower with Radar,9,52,23,0,84,0,0,15,0,15,9,52,38,0,99,0,6,6,105
07/29/2014,SHV,LA,ASW,CE,Combined TRACON& Tower with Radar,16,52,36,2,106,0,1,21,4,26,16,53,57,6,132,0,0,0,132
07/30/2014,SHV,LA,ASW,CE,Combined TRACON& Tower with Radar,12,52,29,8,101,0,1,13,3,17,12,53,42,11,118,0,0,0,118
07/31/2014,SHV,LA,ASW,CE,Combined TRACON& Tower with Radar,14,43,23,2,82,0,1,0,1,2,14,44,23,3,84,0,0,0,84
08/01/2014,SHV,LA,ASW,CE,Combined TRACON& Tower with Radar,13,49,26,8,96,0,0,1,0,1,13,49,27,8,97,0,0,0,97
08/02/2014,SHV,LA,ASW,CE,Combined TRACON& Tower with Radar,3,43,19,4,69,0,0,6,0,6,3,43,25,4,75,0,0,0,75
08/03/2014,SHV,LA,ASW,CE,Combined TRACON& Tower with Radar,9,41,21,0,71,0,0,13,1,14,9,41,34,1,85,0,0,0,85
08/04/2014,SHV,LA,ASW,CE,Combined TRACON& Tower with Radar,9,43,12,0,64,0,0,6,1,7,9,43,18,1,71,0,0,0,71
08/05/2014,SHV,LA,ASW,CE,Combined TRACON& Tower with Radar,16,57,30,1,104,0,4,18,1,23,16,61,48,2,127,14,0,14,141
08/06/2014,SHV,LA,ASW,CE,Combined TRACON& Tower with Radar,10,52,25,9,96,0,2,10,7,19,10,54,35,16,115,20,22,42,157
08/07/2014,SHV,LA,ASW,CE,Combined TRACON& Tower with Radar,12,47,34,10,103,0,0,5,1,6,12,47,39,11,109,0,0,0,109
08/08/2014,SHV,LA,ASW,CE,Combined TRACON& Tower with Radar,17,57,44,2,120,0,1,8,0,9,17,58,52,2,129,2,0,2,131
08/09/2014,SHV,LA,ASW,CE,Combined TRACON& Tower with Radar,3,44,22,16,85,0,1,16,0,17,3,45,38,16,102,0,0,0,102
08/10/2014,SHV,LA,ASW,CE,Combined TRACON& Tower with Radar,10,52,15,7,84,0,0,11,2,13,10,52,26,9,97,0,0,0,97
08/11/2014,SHV,LA,ASW,CE,Combined TRACON& Tower with Radar,13,44,24,0,81,0,1,9,0,10,13,45,33,0,91,20,0,20,111
08/12/2014,SHV,LA,ASW,CE,Combined TRACON& Tower with Radar,11,48,26,16,101,0,0,14,0,14,11,48,40,16,115,8,0,8,123
08/13/2014,SHV,LA,ASW,CE,Combined TRACON& Tower with Radar,10,43,28,0,81,0,0,30,0,30,10,43,58,0,111,0,0,0,111
08/14/2014,SHV,LA,ASW,CE,Combined TRACON& Tower with Radar,12,47,33,0,92,0,0,16,0,16,12,47,49,0,108,0,0,0,108
08/15/2014,SHV,LA,ASW,CE,Combined TRACON& Tower with Radar,11,43,24,34,112,0,3,12,0,15,11,46,36,34,127,8,0,8,135
08/16/2014,SHV,LA,ASW,CE,Combined TRACON& Tower with Radar,11,50,13,37,111,0,2,14,5,21,11,52,27,42,132,18,0,18,150
08/17/2014,SHV,LA,ASW,CE,Combined TRACON& Tower with Radar,9,39,18,0,66,0,0,8,0,8,9,39,26,0,74,0,0,0,74
08/18/2014,SHV,LA,ASW,CE,Combined TRACON& Tower with Radar,7,48,23,6,84,0,4,7,0,11,7,52,30,6,95,8,0,8,103
08/19/2014,SHV,LA,ASW,CE,Combined TRACON& Tower with Radar,12,50,23,1,86,0,0,24,2,26,12,50,47,3,112,4,0,4,116
08/20/2014,SHV,LA,ASW,CE,Combined TRACON& Tower with Radar,15,48,23,2,88,0,0,15,0,15,15,48,38,2,103,4,0,4,107
08/21/2014,SHV,LA,ASW,CE,Combined TRACON& Tower with Radar,14,42,20,10,86,0,1,6,0,7,14,43,26,10,93,12,0,12,105
08/22/2014,SHV,LA,ASW,CE,Combined TRACON& Tower with Radar,15,44,33,8,100,0,0,17,0,17,15,44,50,8,117,0,0,0,117
08/23/2014,SHV,LA,ASW,CE,Combined TRACON& Tower with Radar,6,38,16,0,60,0,7,43,0,50,6,45,59,0,110,8,0,8,118
08/24/2014,SHV,LA,ASW,CE,Combined TRACON& Tower with Radar,8,42,24,2,76,0,4,17,0,21,8,46,41,2,97,0,0,0,97
08/25/2014,SHV,LA,ASW,CE,Combined TRACON& Tower with Radar,9,49,15,0,73,0,8,14,0,22,9,57,29,0,95,4,0,4,99
08/26/2014,SHV,LA,ASW,CE,Combined TRACON& Tower with Radar,19,43,31,0,93,0,0,15,0,15,19,43,46,0,108,36,0,36,144
08/27/2014,SHV,LA,ASW,CE,Combined TRACON& Tower with Radar,17,38,37,0,92,0,0,16,0,16,17,38,53,0,108,6,0,6,114
08/28/2014,SHV,LA,ASW,CE,Combined TRACON& Tower with Radar,15,46,44,0,105,0,3,23,0,26,15,49,67,0,131,0,0,0,131
08/29/2014,SHV,LA,ASW,CE,Combined TRACON& Tower with Radar,19,50,26,0,95,0,5,6,0,11,19,55,32,0,106,0,0,0,106
08/30/2014,SHV,LA,ASW,CE,Combined TRACON& Tower with Radar,6,31,8,0,45,0,2,1,0,3,6,33,9,0,48,0,0,0,48
08/31/2014,SHV,LA,ASW,CE,Combined TRACON& Tower with Radar,9,35,20,4,68,0,1,4,2,7,9,36,24,6,75,0,0,0,75
09/01/2014,SHV,LA,ASW,CE,Combined TRACON& Tower with Radar,16,40,23,0,79,0,0,15,0,15,16,40,38,0,94,23,0,23,117
09/02/2014,SHV,LA,ASW,CE,Combined TRACON& Tower with Radar,12,47,29,11,99,0,0,0,0,0,12,47,29,11,99,0,2,2,101
09/03/2014,SHV,LA,ASW,CE,Combined TRACON& Tower with Radar,14,41,42,0,97,0,2,18,0,20,14,43,60,0,117,6,0,6,123
09/04/2014,SHV,LA,ASW,CE,Combined TRACON& Tower with Radar,16,45,26,2,89,0,0,14,0,14,16,45,40,2,103,10,0,10,113
09/05/2014,SHV,LA,ASW,CE,Combined TRACON& Tower with Radar,17,44,28,45,134,0,1,9,2,12,17,45,37,47,146,0,26,26,172
09/06/2014,SHV,LA,ASW,CE,Combined TRACON& Tower with Radar,9,32,25,34,100,0,2,5,8,15,9,34,30,42,115,4,0,4,119
09/07/2014,SHV,LA,ASW,CE,Combined TRACON& Tower with Radar,14,34,30,10,88,0,0,5,0,5,14,34,35,10,93,0,0,0,93
09/08/2014,SHV,LA,ASW,CE,Combined TRACON& Tower with Radar,11,43,19,10,83,0,0,20,1,21,11,43,39,11,104,5,0,5,109
09/09/2014,SHV,LA,ASW,CE,Combined TRACON& Tower with Radar,13,47,22,36,118,0,1,12,4,17,13,48,34,40,135,8,0,8,143
09/10/2014,SHV,LA,ASW,CE,Combined TRACON& Tower with Radar,14,46,30,44,134,0,0,17,2,19,14,46,47,46,153,24,10,34,187
09/11/2014,SHV,LA,ASW,CE,Combined TRACON& Tower with Radar,16,46,28,4,94,0,2,4,1,7,16,48,32,5,101,0,0,0,101
09/12/2014,SHV,LA,ASW,CE,Combined TRACON& Tower with Radar,15,43,38,19,115,0,0,0,0,0,15,43,38,19,115,0,0,0,115
09/13/2014,SHV,LA,ASW,CE,Combined TRACON& Tower with Radar,8,34,34,4,80,0,4,3,0,7,8,38,37,4,87,0,0,0,87
09/14/2014,SHV,LA,ASW,CE,Combined TRACON& Tower with Radar,8,34,23,16,81,0,0,20,0,20,8,34,43,16,101,0,0,0,101
09/15/2014,SHV,LA,ASW,CE,Combined TRACON& Tower with Radar,11,37,14,25,87,0,1,22,2,25,11,38,36,27,112,11,12,23,135
09/16/2014,SHV,LA,ASW,CE,Combined TRACON& Tower with Radar,14,38,22,0,74,0,0,13,0,13,14,38,35,0,87,0,0,0,87
09/17/2014,SHV,LA,ASW,CE,Combined TRACON& Tower with Radar,14,45,40,0,99,0,2,27,0,29,14,47,67,0,128,4,0,4,132
09/18/2014,SHV,LA,ASW,CE,Combined TRACON& Tower with Radar,16,42,18,4,80,0,3,11,0,14,16,45,29,4,94,0,0,0,94
09/19/2014,SHV,LA,ASW,CE,Combined TRACON& Tower with Radar,14,45,30,56,145,0,1,5,2,8,14,46,35,58,153,0,12,12,165
09/20/2014,SHV,LA,ASW,CE,Combined TRACON& Tower with Radar,11,40,22,23,96,0,7,16,4,27,11,47,38,27,123,0,0,0,123
09/21/2014,SHV,LA,ASW,CE,Combined TRACON& Tower with Radar,8,36,46,3,93,0,0,12,0,12,8,36,58,3,105,14,6,20,125
09/22/2014,SHV,LA,ASW,CE,Combined TRACON& Tower with Radar,11,46,17,0,74,0,3,26,0,29,11,49,43,0,103,14,0,14,117
09/23/2014,SHV,LA,ASW,CE,Combined TRACON& Tower with Radar,14,46,24,13,97,0,4,33,1,38,14,50,57,14,135,18,0,18,153
09/24/2014,SHV,LA,ASW,CE,Combined TRACON& Tower with Radar,17,48,24,16,105,0,0,15,4,19,17,48,39,20,124,2,16,18,142
09/25/2014,SHV,LA,ASW,CE,Combined TRACON& Tower with Radar,17,46,41,0,104,0,4,14,0,18,17,50,55,0,122,22,0,22,144
09/26/2014,SHV,LA,ASW,CE,Combined TRACON& Tower with Radar,15,43,32,35,125,0,0,20,0,20,15,43,52,35,145,8,0,8,153
09/27/2014,SHV,LA,ASW,CE,Combined TRACON& Tower with Radar,6,33,19,63,121,0,1,17,8,26,6,34,36,71,147,0,0,0,147
09/28/2014,SHV,LA,ASW,CE,Combined TRACON& Tower with Radar,8,42,26,10,86,0,0,13,0,13,8,42,39,10,99,0,0,0,99
09/29/2014,SHV,LA,ASW,CE,Combined TRACON& Tower with Radar,11,45,29,6,91,0,5,13,0,18,11,50,42,6,109,10,10,20,129
09/30/2014,SHV,LA,ASW,CE,Combined TRACON& Tower with Radar,16,43,26,0,85,0,3,15,0,18,16,46,41,0,103,14,0,14,117
10/01/2014,SHV,LA,ASW,CE,Combined TRACON& Tower with Radar,20,41,33,8,102,0,0,4,0,4,20,41,37,8,106,0,0,0,106
10/02/2014,SHV,LA,ASW,CE,Combined TRACON& Tower with Radar,24,43,25,4,96,0,0,2,0,2,24,43,27,4,98,0,0,0,98
10/03/2014,SHV,LA,ASW,CE,Combined TRACON& Tower with Radar,21,35,33,0,89,0,0,18,0,18,21,35,51,0,107,0,0,0,107
10/04/2014,SHV,LA,ASW,CE,Combined TRACON& Tower with Radar,10,29,23,0,62,0,1,26,0,27,10,30,49,0,89,8,0,8,97
10/05/2014,SHV,LA,ASW,CE,Combined TRACON& Tower with Radar,14,33,24,3,74,0,8,28,1,37,14,41,52,4,111,20,0,20,131
10/06/2014,SHV,LA,ASW,CE,Combined TRACON& Tower with Radar,15,38,18,0,71,0,2,13,0,15,15,40,31,0,86,28,0,28,114
10/07/2014,SHV,LA,ASW,CE,Combined TRACON& Tower with Radar,21,39,36,0,96,0,0,6,0,6,21,39,42,0,102,2,0,2,104
10/08/2014,SHV,LA,ASW,CE,Combined TRACON& Tower with Radar,17,41,42,15,115,0,4,15,1,20,17,45,57,16,135,0,0,0,135
10/09/2014,SHV,LA,ASW,CE,Combined TRACON& Tower with Radar,18,42,33,3,96,0,0,10,1,11,18,42,43,4,107,0,0,0,107
10/10/2014,SHV,LA,ASW,CE,Combined TRACON& Tower with Radar,21,43,24,0,88,0,4,5,0,9,21,47,29,0,97,0,0,0,97
10/11/2014,SHV,LA,ASW,CE,Combined TRACON& Tower with Radar,10,34,9,0,53,0,0,0,0,0,10,34,9,0,53,0,0,0,53
10/12/2014,SHV,LA,ASW,CE,Combined TRACON& Tower with Radar,14,37,30,0,81,0,0,1,0,1,14,37,31,0,82,0,0,0,82
10/13/2014,SHV,LA,ASW,CE,Combined TRACON& Tower with Radar,11,34,17,0,62,0,0,0,0,0,11,34,17,0,62,0,0,0,62
10/14/2014,SHV,LA,ASW,CE,Combined TRACON& Tower with Radar,17,43,30,4,94,0,0,5,2,7,17,43,35,6,101,0,0,0,101
10/15/2014,SHV,LA,ASW,CE,Combined TRACON& Tower with Radar,19,41,34,4,98,0,4,38,2,44,19,45,72,6,142,19,0,19,161
10/16/2014,SHV,LA,ASW,CE,Combined TRACON& Tower with Radar,18,36,38,4,96,0,2,22,2,26,18,38,60,6,122,4,0,4,126
10/17/2014,SHV,LA,ASW,CE,Combined TRACON& Tower with Radar,21,40,32,5,98,0,2,12,3,17,21,42,44,8,115,0,0,0,115
10/18/2014,SHV,LA,ASW,CE,Combined TRACON& Tower with Radar,8,34,18,6,66,0,5,47,1,53,8,39,65,7,119,0,0,0,119
10/19/2014,SHV,LA,ASW,CE,Combined TRACON& Tower with Radar,13,35,43,1,92,0,1,23,0,24,13,36,66,1,116,12,0,12,128
10/20/2014,SHV,LA,ASW,CE,Combined TRACON& Tower with Radar,15,35,20,3,73,0,0,2,1,3,15,35,22,4,76,0,0,0,76
10/21/2014,SHV,LA,ASW,CE,Combined TRACON& Tower with Radar,23,46,37,8,114,0,0,27,2,29,23,46,64,10,143,23,0,23,166
10/22/2014,SHV,LA,ASW,CE,Combined TRACON& Tower with Radar,22,43,33,0,98,0,0,27,0,27,22,43,60,0,125,0,0,0,125
10/23/2014,SHV,LA,ASW,CE,Combined TRACON& Tower with Radar,25,40,33,0,98,0,1,19,0,20,25,41,52,0,118,128,0,128,246
10/24/2014,SHV,LA,ASW,CE,Combined TRACON& Tower with Radar,20,38,32,46,136,0,2,34,4,40,20,40,66,50,176,119,0,119,295
10/25/2014,SHV,LA,ASW,CE,Combined TRACON& Tower with Radar,10,30,24,8,72,0,0,27,4,31,10,30,51,12,103,274,0,274,377
10/26/2014,SHV,LA,ASW,CE,Combined TRACON& Tower with Radar,14,42,27,0,83,0,0,156,0,156,14,42,183,0,239,408,0,408,647
10/27/2014,SHV,LA,ASW,CE,Combined TRACON& Tower with Radar,17,47,27,0,91,0,1,7,0,8,17,48,34,0,99,0,0,0,99
10/28/2014,SHV,LA,ASW,CE,Combined TRACON& Tower with Radar,16,42,25,0,83,0,0,10,0,10,16,42,35,0,93,0,0,0,93
10/29/2014,SHV,LA,ASW,CE,Combined TRACON& Tower with Radar,16,49,41,11,117,0,0,18,0,18,16,49,59,11,135,262,0,262,397
10/30/2014,SHV,LA,ASW,CE,Combined TRACON& Tower with Radar,20,42,36,14,112,0,1,23,0,24,20,43,59,14,136,180,0,180,316
10/31/2014,SHV,LA,ASW,CE,Combined TRACON& Tower with Radar,19,36,26,12,93,0,0,13,0,13,19,36,39,12,106,68,0,68,174
11/01/2014,SHV,LA,ASW,CE,Combined TRACON& Tower with Radar,8,32,24,0,64,0,4,185,0,189,8,36,209,0,253,612,0,612,865
11/02/2014,SHV,LA,ASW,CE,Combined TRACON& Tower with Radar,12,32,21,2,67,0,2,112,2,116,12,34,133,4,183,422,0,422,605
11/03/2014,SHV,LA,ASW,CE,Combined TRACON& Tower with Radar,17,41,31,0,89,0,1,12,0,13,17,42,43,0,102,6,0,6,108
11/04/2014,SHV,LA,ASW,CE,Combined TRACON& Tower with Radar,32,53,34,2,121,0,4,3,0,7,32,57,37,2,128,0,0,0,128
11/05/2014,SHV,LA,ASW,CE,Combined TRACON& Tower with Radar,18,51,15,2,86,0,0,0,0,0,18,51,15,2,86,0,0,0,86
11/06/2014,SHV,LA,ASW,CE,Combined TRACON& Tower with Radar,15,49,32,6,102,0,0,41,1,42,15,49,73,7,144,290,0,290,434
11/07/2014,SHV,LA,ASW,CE,Combined TRACON& Tower with Radar,17,55,19,12,103,0,0,51,8,59,17,55,70,20,162,226,0,226,388
11/08/2014,SHV,LA,ASW,CE,Combined TRACON& Tower with Radar,7,34,16,1,58,0,3,156,0,159,7,37,172,1,217,180,0,180,397
11/09/2014,SHV,LA,ASW,CE,Combined TRACON& Tower with Radar,9,33,38,0,80,0,0,113,0,113,9,33,151,0,193,338,0,338,531
11/10/2014,SHV,LA,ASW,CE,Combined TRACON& Tower with Radar,11,40,31,0,82,0,1,16,0,17,11,41,47,0,99,3,0,3,102
11/11/2014,SHV,LA,ASW,CE,Combined TRACON& Tower with Radar,16,42,34,2,94,0,0,5,0,5,16,42,39,2,99,0,0,0,99
11/12/2014,SHV,LA,ASW,CE,Combined TRACON& Tower with Radar,14,42,37,0,93,0,5,13,3,21,14,47,50,3,114,6,0,6,120
11/13/2014,SHV,LA,ASW,CE,Combined TRACON& Tower with Radar,14,45,29,19,107,0,2,15,1,18,14,47,44,20,125,4,0,4,129
11/14/2014,SHV,LA,ASW,CE,Combined TRACON& Tower with Radar,16,46,27,2,91,0,2,15,4,21,16,48,42,6,112,0,8,8,120
11/15/2014,SHV,LA,ASW,CE,Combined TRACON& Tower with Radar,5,40,11,4,60,0,2,6,0,8,5,42,17,4,68,2,0,2,70
11/16/2014,SHV,LA,ASW,CE,Combined TRACON& Tower with Radar,9,37,36,0,82,0,0,0,0,0,9,37,36,0,82,0,0,0,82
11/17/2014,SHV,LA,ASW,CE,Combined TRACON& Tower with Radar,12,38,30,2,82,0,0,15,1,16,12,38,45,3,98,12,0,12,110
11/18/2014,SHV,LA,ASW,CE,Combined TRACON& Tower with Radar,15,49,37,0,101,0,0,20,1,21,15,49,57,1,122,0,0,0,122
11/19/2014,SHV,LA,ASW,CE,Combined TRACON& Tower with Radar,15,54,42,4,115,0,2,36,2,40,15,56,78,6,155,0,0,0,155
11/20/2014,SHV,LA,ASW,CE,Combined TRACON& Tower with Radar,14,45,38,0,97,0,4,11,1,16,14,49,49,1,113,0,0,0,113
11/21/2014,SHV,LA,ASW,CE,Combined TRACON& Tower with Radar,17,42,27,8,94,0,1,1,0,2,17,43,28,8,96,0,0,0,96
11/22/2014,SHV,LA,ASW,CE,Combined TRACON& Tower with Radar,7,45,20,1,73,0,1,8,1,10,7,46,28,2,83,0,0,0,83
11/23/2014,SHV,LA,ASW,CE,Combined TRACON& Tower with Radar,7,55,15,0,77,0,6,6,2,14,7,61,21,2,91,0,0,0,91
11/24/2014,SHV,LA,ASW,CE,Combined TRACON& Tower with Radar,9,51,23,2,85,0,1,15,2,18,9,52,38,4,103,6,0,6,109
11/25/2014,SHV,LA,ASW,CE,Combined TRACON& Tower with Radar,16,45,21,1,83,0,1,19,0,20,16,46,40,1,103,14,0,14,117
11/26/2014,SHV,LA,ASW,CE,Combined TRACON& Tower with Radar,14,48,35,0,97,0,3,5,0,8,14,51,40,0,105,14,0,14,119
11/27/2014,SHV,LA,ASW,CE,Combined TRACON& Tower with Radar,0,24,10,0,34,0,1,5,0,6,0,25,15,0,40,0,0,0,40
11/28/2014,SHV,LA,ASW,CE,Combined TRACON& Tower with Radar,15,35,23,0,73,0,6,9,0,15,15,41,32,0,88,0,0,0,88
11/29/2014,SHV,LA,ASW,CE,Combined TRACON& Tower with Radar,9,43,32,0,84,0,3,7,0,10,9,46,39,0,94,0,0,0,94
11/30/2014,SHV,LA,ASW,CE,Combined TRACON& Tower with Radar,13,43,25,0,81,0,2,11,0,13,13,45,36,0,94,6,0,6,100
12/01/2014,SHV,LA,ASW,CE,Combined TRACON& Tower with Radar,13,40,36,6,95,0,0,0,0,0,13,40,36,6,95,0,0,0,95
12/02/2014,SHV,LA,ASW,CE,Combined TRACON& Tower with Radar,14,47,32,5,98,0,2,8,0,10,14,49,40,5,108,2,0,2,110
12/03/2014,SHV,LA,ASW,CE,Combined TRACON& Tower with Radar,15,52,27,0,94,0,0,0,0,0,15,52,27,0,94,0,0,0,94
12/04/2014,SHV,LA,ASW,CE,Combined TRACON& Tower with Radar,15,49,25,3,92,0,0,4,1,5,15,49,29,4,97,0,0,0,97
12/05/2014,SHV,LA,ASW,CE,Combined TRACON& Tower with Radar,13,51,34,16,114,0,0,2,0,2,13,51,36,16,116,10,0,10,126
12/06/2014,SHV,LA,ASW,CE,Combined TRACON& Tower with Radar,4,37,29,3,73,0,0,5,0,5,4,37,34,3,78,0,0,0,78
12/07/2014,SHV,LA,ASW,CE,Combined TRACON& Tower with Radar,6,42,35,8,91,0,0,5,0,5,6,42,40,8,96,0,0,0,96
12/08/2014,SHV,LA,ASW,CE,Combined TRACON& Tower with Radar,11,47,25,4,87,0,4,17,0,21,11,51,42,4,108,6,0,6,114
12/09/2014,SHV,LA,ASW,CE,Combined TRACON& Tower with Radar,14,53,25,0,92,0,2,29,0,31,14,55,54,0,123,0,0,0,123
12/10/2014,SHV,LA,ASW,CE,Combined TRACON& Tower with Radar,16,47,36,0,99,0,3,8,2,13,16,50,44,2,112,0,0,0,112
12/11/2014,SHV,LA,ASW,CE,Combined TRACON& Tower with Radar,18,47,59,0,124,0,0,0,0,0,18,47,59,0,124,0,0,0,124
12/12/2014,SHV,LA,ASW,CE,Combined TRACON& Tower with Radar,11,51,35,29,126,0,0,0,0,0,11,51,35,29,126,0,0,0,126
12/13/2014,SHV,LA,ASW,CE,Combined TRACON& Tower with Radar,6,30,22,5,63,0,0,20,2,22,6,30,42,7,85,0,8,8,93
12/14/2014,SHV,LA,ASW,CE,Combined TRACON& Tower with Radar,7,45,31,3,86,0,4,13,6,23,7,49,44,9,109,16,10,26,135
12/15/2014,SHV,LA,ASW,CE,Combined TRACON& Tower with Radar,14,40,23,6,83,0,0,10,0,10,14,40,33,6,93,0,0,0,93
12/16/2014,SHV,LA,ASW,CE,Combined TRACON& Tower with Radar,16,49,32,5,102,0,2,15,2,19,16,51,47,7,121,6,2,8,129
12/17/2014,SHV,LA,ASW,CE,Combined TRACON& Tower with Radar,14,45,29,4,92,0,0,11,7,18,14,45,40,11,110,0,0,0,110
12/18/2014,SHV,LA,ASW,CE,Combined TRACON& Tower with Radar,16,46,52,2,116,0,2,0,0,2,16,48,52,2,118,4,0,4,122
12/19/2014,SHV,LA,ASW,CE,Combined TRACON& Tower with Radar,16,44,31,0,91,0,0,0,0,0,16,44,31,0,91,0,0,0,91
12/20/2014,SHV,LA,ASW,CE,Combined TRACON& Tower with Radar,11,45,27,1,84,0,0,2,0,2,11,45,29,1,86,0,0,0,86
12/21/2014,SHV,LA,ASW,CE,Combined TRACON& Tower with Radar,4,47,26,1,78,0,2,16,0,18,4,49,42,1,96,6,0,6,102
12/22/2014,SHV,LA,ASW,CE,Combined TRACON& Tower with Radar,13,43,27,0,83,0,2,7,0,9,13,45,34,0,92,0,0,0,92
12/23/2014,SHV,LA,ASW,CE,Combined TRACON& Tower with Radar,16,45,26,1,88,0,0,1,0,1,16,45,27,1,89,0,0,0,89
12/24/2014,SHV,LA,ASW,CE,Combined TRACON& Tower with Radar,13,33,19,1,66,0,4,1,0,5,13,37,20,1,71,0,0,0,71
12/25/2014,SHV,LA,ASW,CE,Combined TRACON& Tower with Radar,2,25,4,0,31,0,2,4,0,6,2,27,8,0,37,6,0,6,43
12/26/2014,SHV,LA,ASW,CE,Combined TRACON& Tower with Radar,18,40,40,0,98,0,0,9,0,9,18,40,49,0,107,0,0,0,107
12/27/2014,SHV,LA,ASW,CE,Combined TRACON& Tower with Radar,8,36,21,0,65,0,0,2,0,2,8,36,23,0,67,0,0,0,67
12/28/2014,SHV,LA,ASW,CE,Combined TRACON& Tower with Radar,9,45,14,0,68,0,0,0,0,0,9,45,14,0,68,0,0,0,68
12/29/2014,SHV,LA,ASW,CE,Combined TRACON& Tower with Radar,8,42,34,0,84,0,0,3,0,3,8,42,37,0,87,0,0,0,87
12/30/2014,SHV,LA,ASW,CE,Combined TRACON& Tower with Radar,12,44,28,0,84,0,2,15,0,17,12,46,43,0,101,6,0,6,107
12/31/2014,SHV,LA,ASW,CE,Combined TRACON& Tower with Radar,9,38,18,0,65,0,3,9,0,12,9,41,27,0,77,0,0,0,77
01/01/2015,SHV,LA,ASW,CE,Combined TRACON& Tower with Radar,2,30,5,0,37,0,1,0,0,1,2,31,5,0,38,0,0,0,38
01/02/2015,SHV,LA,ASW,CE,Combined TRACON& Tower with Radar,10,49,18,0,77,0,0,0,0,0,10,49,18,0,77,0,0,0,77
01/03/2015,SHV,LA,ASW,CE,Combined TRACON& Tower with Radar,3,41,21,0,65,0,0,0,0,0,3,41,21,0,65,0,0,0,65
01/04/2015,SHV,LA,ASW,CE,Combined TRACON& Tower with Radar,5,42,19,0,66,0,0,4,0,4,5,42,23,0,70,0,0,0,70
01/05/2015,SHV,LA,ASW,CE,Combined TRACON& Tower with Radar,9,36,18,0,63,0,1,18,2,21,9,37,36,2,84,0,0,0,84
01/06/2015,SHV,LA,ASW,CE,Combined TRACON& Tower with Radar,10,45,23,0,78,0,3,25,0,28,10,48,48,0,106,4,0,4,110
01/07/2015,SHV,LA,ASW,CE,Combined TRACON& Tower with Radar,9,49,30,0,88,0,0,15,2,17,9,49,45,2,105,0,0,0,105
01/08/2015,SHV,LA,ASW,CE,Combined TRACON& Tower with Radar,10,50,24,0,84,0,0,9,5,14,10,50,33,5,98,6,0,6,104
01/09/2015,SHV,LA,ASW,CE,Combined TRACON& Tower with Radar,13,53,32,2,100,0,0,11,0,11,13,53,43,2,111,12,0,12,123
01/10/2015,SHV,LA,ASW,CE,Combined TRACON& Tower with Radar,1,39,35,0,75,0,0,13,2,15,1,39,48,2,90,4,0,4,94
01/11/2015,SHV,LA,ASW,CE,Combined TRACON& Tower with Radar,5,44,12,0,61,0,0,0,0,0,5,44,12,0,61,0,0,0,61
01/12/2015,SHV,LA,ASW,CE,Combined TRACON& Tower with Radar,9,52,25,0,86,0,0,0,0,0,9,52,25,0,86,0,0,0,86
01/13/2015,SHV,LA,ASW,CE,Combined TRACON& Tower with Radar,11,46,34,4,95,0,2,6,0,8,11,48,40,4,103,0,0,0,103
01/14/2015,SHV,LA,ASW,CE,Combined TRACON& Tower with Radar,12,45,30,2,89,0,2,12,4,18,12,47,42,6,107,4,0,4,111
01/15/2015,SHV,LA,ASW,CE,Combined TRACON& Tower with Radar,10,41,50,8,109,2,0,26,0,28,12,41,76,8,137,18,4,22,159
01/16/2015,SHV,LA,ASW,CE,Combined TRACON& Tower with Radar,12,50,25,2,89,0,1,21,0,22,12,51,46,2,111,10,10,20,131
01/17/2015,SHV,LA,ASW,CE,Combined TRACON& Tower with Radar,1,30,9,10,50,0,0,25,0,25,1,30,34,10,75,6,8,14,89
01/18/2015,SHV,LA,ASW,CE,Combined TRACON& Tower with Radar,5,36,18,7,66,0,0,15,0,15,5,36,33,7,81,2,0,2,83
01/19/2015,SHV,LA,ASW,CE,Combined TRACON& Tower with Radar,7,44,24,1,76,0,2,20,0,22,7,46,44,1,98,20,0,20,118
01/20/2015,SHV,LA,ASW,CE,Combined TRACON& Tower with Radar,12,54,30,0,96,0,0,9,0,9,12,54,39,0,105,0,0,0,105
01/21/2015,SHV,LA,ASW,CE,Combined TRACON& Tower with Radar,12,42,35,18,107,0,1,12,0,13,12,43,47,18,120,6,0,6,126
01/22/2015,SHV,LA,ASW,CE,Combined TRACON& Tower with Radar,12,42,25,0,79,0,0,0,0,0,12,42,25,0,79,0,0,0,79
01/23/2015,SHV,LA,ASW,CE,Combined TRACON& Tower with Radar,15,51,27,4,97,0,0,5,0,5,15,51,32,4,102,0,0,0,102
01/24/2015,SHV,LA,ASW,CE,Combined TRACON& Tower with Radar,3,30,13,2,48,0,0,20,5,25,3,30,33,7,73,0,15,15,88
01/25/2015,SHV,LA,ASW,CE,Combined TRACON& Tower with Radar,7,45,28,0,80,0,4,23,2,29,7,49,51,2,109,10,0,10,119
01/26/2015,SHV,LA,ASW,CE,Combined TRACON& Tower with Radar,7,54,15,12,88,0,1,22,1,24,7,55,37,13,112,8,0,8,120
01/27/2015,SHV,LA,ASW,CE,Combined TRACON& Tower with Radar,12,45,32,0,89,0,3,32,0,35,12,48,64,0,124,0,0,0,124
01/28/2015,SHV,LA,ASW,CE,Combined TRACON& Tower with Radar,16,44,19,0,79,0,4,21,0,25,16,48,40,0,104,0,0,0,104
01/29/2015,SHV,LA,ASW,CE,Combined TRACON& Tower with Radar,11,49,39,31,130,0,0,19,10,29,11,49,58,41,159,30,0,30,189
01/30/2015,SHV,LA,ASW,CE,Combined TRACON& Tower with Radar,11,44,32,0,87,0,2,21,0,23,11,46,53,0,110,0,0,0,110
01/31/2015,SHV,LA,ASW,CE,Combined TRACON& Tower with Radar,1,29,13,1,44,0,1,19,0,20,1,30,32,1,64,14,0,14,78
02/01/2015,SHV,LA,ASW,CE,Combined TRACON& Tower with Radar,5,31,17,1,54,0,0,0,0,0,5,31,17,1,54,0,0,0,54
02/02/2015,SHV,LA,ASW,CE,Combined TRACON& Tower with Radar,7,47,27,3,84,0,1,16,1,18,7,48,43,4,102,0,0,0,102
02/03/2015,SHV,LA,ASW,CE,Combined TRACON& Tower with Radar,12,49,13,15,89,0,0,11,2,13,12,49,24,17,102,4,0,4,106
02/04/2015,SHV,LA,ASW,CE,Combined TRACON& Tower with Radar,12,42,20,24,98,0,0,19,0,19,12,42,39,24,117,0,0,0,117
02/05/2015,SHV,LA,ASW,CE,Combined TRACON& Tower with Radar,12,47,46,0,105,0,0,4,0,4,12,47,50,0,109,15,0,15,124
02/06/2015,SHV,LA,ASW,CE,Combined TRACON& Tower with Radar,11,47,24,27,109,0,2,19,1,22,11,49,43,28,131,24,5,29,160
02/07/2015,SHV,LA,ASW,CE,Combined TRACON& Tower with Radar,1,38,16,34,89,0,1,12,5,18,1,39,28,39,107,0,0,0,107
02/08/2015,SHV,LA,ASW,CE,Combined TRACON& Tower with Radar,7,37,16,15,75,0,0,2,2,4,7,37,18,17,79,10,0,10,89
02/09/2015,SHV,LA,ASW,CE,Combined TRACON& Tower with Radar,7,45,15,2,69,0,2,20,0,22,7,47,35,2,91,36,0,36,127
02/10/2015,SHV,LA,ASW,CE,Combined TRACON& Tower with Radar,12,41,26,0,79,0,0,25,4,29,12,41,51,4,108,0,0,0,108
02/11/2015,SHV,LA,ASW,CE,Combined TRACON& Tower with Radar,10,52,49,0,111,0,0,13,2,15,10,52,62,2,126,20,0,20,146
02/12/2015,SHV,LA,ASW,CE,Combined TRACON& Tower with Radar,10,47,25,2,84,0,0,21,0,21,10,47,46,2,105,0,2,2,107
02/13/2015,SHV,LA,ASW,CE,Combined TRACON& Tower with Radar,13,43,24,1,81,0,2,16,1,19,13,45,40,2,100,18,0,18,118
02/14/2015,SHV,LA,ASW,CE,Combined TRACON& Tower with Radar,1,31,10,0,42,0,0,31,0,31,1,31,41,0,73,3,0,3,76
02/15/2015,SHV,LA,ASW,CE,Combined TRACON& Tower with Radar,3,46,21,4,74,0,0,11,4,15,3,46,32,8,89,2,0,2,91
02/16/2015,SHV,LA,ASW,CE,Combined TRACON& Tower with Radar,11,45,17,0,73,0,1,0,0,1,11,46,17,0,74,0,0,0,74
02/17/2015,SHV,LA,ASW,CE,Combined TRACON& Tower with Radar,13,58,29,2,102,0,3,11,0,14,13,61,40,2,116,34,0,34,150
02/18/2015,SHV,LA,ASW,CE,Combined TRACON& Tower with Radar,11,39,33,0,83,0,1,12,0,13,11,40,45,0,96,58,0,58,154
02/19/2015,SHV,LA,ASW,CE,Combined TRACON& Tower with Radar,10,37,28,0,75,0,0,25,0,25,10,37,53,0,100,7,0,7,107
02/20/2015,SHV,LA,ASW,CE,Combined TRACON& Tower with Radar,10,51,15,13,89,0,0,2,0,2,10,51,17,13,91,0,0,0,91
02/21/2015,SHV,LA,ASW,CE,Combined TRACON& Tower with Radar,2,30,5,8,45,0,0,1,0,1,2,30,6,8,46,0,0,0,46
02/22/2015,SHV,LA,ASW,CE,Combined TRACON& Tower with Radar,5,28,31,7,71,0,0,0,0,0,5,28,31,7,71,0,0,0,71
02/23/2015,SHV,LA,ASW,CE,Combined TRACON& Tower with Radar,1,6,6,2,15,0,0,0,0,0,1,6,6,2,15,0,0,0,15
02/24/2015,SHV,LA,ASW,CE,Combined TRACON& Tower with Radar,14,34,24,6,78,0,2,3,2,7,14,36,27,8,85,0,0,0,85
02/25/2015,SHV,LA,ASW,CE,Combined TRACON& Tower with Radar,8,8,6,0,22,0,0,0,0,0,8,8,6,0,22,0,0,0,22
02/26/2015,SHV,LA,ASW,CE,Combined TRACON& Tower with Radar,10,39,37,10,96,0,0,4,0,4,10,39,41,10,100,0,0,0,100
02/27/2015,SHV,LA,ASW,CE,Combined TRACON& Tower with Radar,11,34,13,0,58,0,1,14,0,15,11,35,27,0,73,2,0,2,75
02/28/2015,SHV,LA,ASW,CE,Combined TRACON& Tower with Radar,1,24,15,6,46,0,0,19,2,21,1,24,34,8,67,12,0,12,79
03/01/2015,SHV,LA,ASW,CE,Combined TRACON& Tower with Radar,5,28,33,2,68,0,0,0,0,0,5,28,33,2,68,0,0,0,68
03/02/2015,SHV,LA,ASW,CE,Combined TRACON& Tower with Radar,9,36,36,0,81,0,0,0,0,0,9,36,36,0,81,0,0,0,81
03/03/2015,SHV,LA,ASW,CE,Combined TRACON& Tower with Radar,15,40,30,0,85,0,0,0,0,0,15,40,30,0,85,0,0,0,85
03/04/2015,SHV,LA,ASW,CE,Combined TRACON& Tower with Radar,7,38,14,0,59,0,0,0,0,0,7,38,14,0,59,0,0,0,59
03/05/2015,SHV,LA,ASW,CE,Combined TRACON& Tower with Radar,3,22,24,4,53,0,0,17,0,17,3,22,41,4,70,4,4,8,78
03/06/2015,SHV,LA,ASW,CE,Combined TRACON& Tower with Radar,15,48,37,25,125,0,4,21,0,25,15,52,58,25,150,20,0,20,170
03/07/2015,SHV,LA,ASW,CE,Combined TRACON& Tower with Radar,1,36,14,0,51,0,6,20,2,28,1,42,34,2,79,32,0,32,111
03/08/2015,SHV,LA,ASW,CE,Combined TRACON& Tower with Radar,7,36,21,4,68,0,0,0,0,0,7,36,21,4,68,0,0,0,68
03/09/2015,SHV,LA,ASW,CE,Combined TRACON& Tower with Radar,11,36,13,0,60,0,0,0,0,0,11,36,13,0,60,0,0,0,60
03/10/2015,SHV,LA,ASW,CE,Combined TRACON& Tower with Radar,12,38,33,1,84,0,0,2,1,3,12,38,35,2,87,0,0,0,87
03/11/2015,SHV,LA,ASW,CE,Combined TRACON& Tower with Radar,12,44,41,1,98,0,0,4,0,4,12,44,45,1,102,0,0,0,102
03/12/2015,SHV,LA,ASW,CE,Combined TRACON& Tower with Radar,12,41,31,0,84,0,0,6,0,6,12,41,37,0,90,0,0,0,90
03/13/2015,SHV,LA,ASW,CE,Combined TRACON& Tower with Radar,17,45,34,12,108,0,0,0,0,0,17,45,34,12,108,0,0,0,108
03/14/2015,SHV,LA,ASW,CE,Combined TRACON& Tower with Radar,1,49,19,2,71,0,2,4,0,6,1,51,23,2,77,0,0,0,77
03/15/2015,SHV,LA,ASW,CE,Combined TRACON& Tower with Radar,5,40,30,1,76,0,0,5,0,5,5,40,35,1,81,24,0,24,105
03/16/2015,SHV,LA,ASW,CE,Combined TRACON& Tower with Radar,9,44,26,5,84,0,1,22,0,23,9,45,48,5,107,58,0,58,165
03/17/2015,SHV,LA,ASW,CE,Combined TRACON& Tower with Radar,14,42,38,0,94,0,0,19,0,19,14,42,57,0,113,0,0,0,113
03/18/2015,SHV,LA,ASW,CE,Combined TRACON& Tower with Radar,10,41,25,1,77,0,0,0,0,0,10,41,25,1,77,14,0,14,91
03/19/2015,SHV,LA,ASW,CE,Combined TRACON& Tower with Radar,12,42,34,4,92,0,2,0,0,2,12,44,34,4,94,0,0,0,94
03/20/2015,SHV,LA,ASW,CE,Combined TRACON& Tower with Radar,15,42,39,0,96,0,0,2,0,2,15,42,41,0,98,0,0,0,98
03/21/2015,SHV,LA,ASW,CE,Combined TRACON& Tower with Radar,5,36,12,0,53,0,0,0,0,0,5,36,12,0,53,0,0,0,53
03/22/2015,SHV,LA,ASW,CE,Combined TRACON& Tower with Radar,5,38,33,10,86,0,1,2,0,3,5,39,35,10,89,0,0,0,89
03/23/2015,SHV,LA,ASW,CE,Combined TRACON& Tower with Radar,9,40,36,0,85,0,3,40,0,43,9,43,76,0,128,40,0,40,168
03/24/2015,SHV,LA,ASW,CE,Combined TRACON& Tower with Radar,12,35,27,4,78,0,0,8,0,8,12,35,35,4,86,12,0,12,98
03/25/2015,SHV,LA,ASW,CE,Combined TRACON& Tower with Radar,10,48,45,11,114,0,0,17,1,18,10,48,62,12,132,22,0,22,154
03/26/2015,SHV,LA,ASW,CE,Combined TRACON& Tower with Radar,12,45,37,3,97,0,0,0,0,0,12,45,37,3,97,0,0,0,97
03/27/2015,SHV,LA,ASW,CE,Combined TRACON& Tower with Radar,13,43,26,19,101,0,7,7,0,14,13,50,33,19,115,0,0,0,115
03/28/2015,SHV,LA,ASW,CE,Combined TRACON& Tower with Radar,3,43,20,5,71,0,6,22,0,28,3,49,42,5,99,15,0,15,114
03/29/2015,SHV,LA,ASW,CE,Combined TRACON& Tower with Radar,5,35,29,8,77,0,0,11,2,13,5,35,40,10,90,37,0,37,127
03/30/2015,SHV,LA,ASW,CE,Combined TRACON& Tower with Radar,9,38,29,0,76,0,2,16,0,18,9,40,45,0,94,20,0,20,114
03/31/2015,SHV,LA,ASW,CE,Combined TRACON& Tower with Radar,14,42,23,2,81,0,0,13,1,14,14,42,36,3,95,0,0,0,95
04/01/2015,SHV,LA,ASW,CE,Combined TRACON& Tower with Radar,10,39,31,2,82,0,0,7,0,7,10,39,38,2,89,6,0,6,95
04/02/2015,SHV,LA,ASW,CE,Combined TRACON& Tower with Radar,12,43,35,0,90,0,2,11,3,16,12,45,46,3,106,0,0,0,106
04/03/2015,SHV,LA,ASW,CE,Combined TRACON& Tower with Radar,12,41,18,0,71,0,2,5,0,7,12,43,23,0,78,12,0,12,90
04/04/2015,SHV,LA,ASW,CE,Combined TRACON& Tower with Radar,2,34,12,0,48,0,2,20,0,22,2,36,32,0,70,0,0,0,70
04/05/2015,SHV,LA,ASW,CE,Combined TRACON& Tower with Radar,5,31,16,0,52,0,0,0,0,0,5,31,16,0,52,0,0,0,52
04/06/2015,SHV,LA,ASW,CE,Combined TRACON& Tower with Radar,9,41,21,6,77,0,2,2,0,4,9,43,23,6,81,10,0,10,91
04/07/2015,SHV,LA,ASW,CE,Combined TRACON& Tower with Radar,12,44,26,2,84,0,5,6,0,11,12,49,32,2,95,4,0,4,99
04/08/2015,SHV,LA,ASW,CE,Combined TRACON& Tower with Radar,12,44,31,6,93,0,3,20,0,23,12,47,51,6,116,14,0,14,130
04/09/2015,SHV,LA,ASW,CE,Combined TRACON& Tower with Radar,11,40,36,0,87,0,0,6,0,6,11,40,42,0,93,12,0,12,105
04/10/2015,SHV,LA,ASW,CE,Combined TRACON& Tower with Radar,13,48,18,45,124,0,4,16,4,24,13,52,34,49,148,16,22,38,186
04/11/2015,SHV,LA,ASW,CE,Combined TRACON& Tower with Radar,3,46,15,2,66,0,2,32,4,38,3,48,47,6,104,12,0,12,116
04/12/2015,SHV,LA,ASW,CE,Combined TRACON& Tower with Radar,7,51,21,1,80,0,1,4,2,7,7,52,25,3,87,16,0,16,103
04/13/2015,SHV,LA,ASW,CE,Combined TRACON& Tower with Radar,13,42,10,0,65,0,0,1,0,1,13,42,11,0,66,0,0,0,66
04/14/2015,SHV,LA,ASW,CE,Combined TRACON& Tower with Radar,12,49,32,0,93,0,0,0,0,0,12,49,32,0,93,0,0,0,93
04/15/2015,SHV,LA,ASW,CE,Combined TRACON& Tower with Radar,13,46,34,0,93,0,2,11,0,13,13,48,45,0,106,4,0,4,110
04/16/2015,SHV,LA,ASW,CE,Combined TRACON& Tower with Radar,24,39,41,2,106,0,0,4,0,4,24,39,45,2,110,8,0,8,118
04/17/2015,SHV,LA,ASW,CE,Combined TRACON& Tower with Radar,15,43,28,20,106,0,3,5,0,8,15,46,33,20,114,0,0,0,114
04/18/2015,SHV,LA,ASW,CE,Combined TRACON& Tower with Radar,7,43,17,12,79,0,0,2,0,2,7,43,19,12,81,0,0,0,81
04/19/2015,SHV,LA,ASW,CE,Combined TRACON& Tower with Radar,8,42,34,2,86,0,3,7,0,10,8,45,41,2,96,0,0,0,96
04/20/2015,SHV,LA,ASW,CE,Combined TRACON& Tower with Radar,12,50,28,19,109,0,0,20,0,20,12,50,48,19,129,6,0,6,135
04/21/2015,SHV,LA,ASW,CE,Combined TRACON& Tower with Radar,14,44,33,4,95,0,0,5,0,5,14,44,38,4,100,0,0,0,100
04/22/2015,SHV,LA,ASW,CE,Combined TRACON& Tower with Radar,12,47,36,16,111,0,2,15,0,17,12,49,51,16,128,0,0,0,128
04/23/2015,SHV,LA,ASW,CE,Combined TRACON& Tower with Radar,12,54,30,2,98,0,2,2,0,4,12,56,32,2,102,4,0,4,106
04/24/2015,SHV,LA,ASW,CE,Combined TRACON& Tower with Radar,15,52,16,8,91,0,0,0,0,0,15,52,16,8,91,0,0,0,91
04/25/2015,SHV,LA,ASW,CE,Combined TRACON& Tower with Radar,5,35,6,0,46,0,1,6,0,7,5,36,12,0,53,10,0,10,63
04/26/2015,SHV,LA,ASW,CE,Combined TRACON& Tower with Radar,9,46,24,5,84,0,0,25,0,25,9,46,49,5,109,14,0,14,123
04/27/2015,SHV,LA,ASW,CE,Combined TRACON& Tower with Radar,20,40,18,7,85,0,2,4,0,6,20,42,22,7,91,0,0,0,91
04/28/2015,SHV,LA,ASW,CE,Combined TRACON& Tower with Radar,12,43,33,2,90,0,1,4,0,5,12,44,37,2,95,0,0,0,95
04/29/2015,SHV,LA,ASW,CE,Combined TRACON& Tower with Radar,12,39,37,9,97,6,5,40,3,54,18,44,77,12,151,16,0,16,167
04/30/2015,SHV,LA,ASW,CE,Combined TRACON& Tower with Radar,12,50,40,3,105,13,6,40,9,68,25,56,80,12,173,0,0,0,173
05/01/2015,SHV,LA,ASW,CE,Combined TRACON& Tower with Radar,13,46,37,45,141,16,7,38,0,61,29,53,75,45,202,14,2,16,218
05/02/2015,SHV,LA,ASW,CE,Combined TRACON& Tower with Radar,3,34,15,14,66,8,3,32,3,46,11,37,47,17,112,9,6,15,127
05/03/2015,SHV,LA,ASW,CE,Combined TRACON& Tower with Radar,7,43,42,25,117,0,15,26,3,44,7,58,68,28,161,46,0,46,207
05/04/2015,SHV,LA,ASW,CE,Combined TRACON& Tower with Radar,9,39,32,8,88,15,9,20,0,44,24,48,52,8,132,30,0,30,162
05/05/2015,SHV,LA,ASW,CE,Combined TRACON& Tower with Radar,20,43,22,19,104,0,2,12,2,16,20,45,34,21,120,0,0,0,120
05/06/2015,SHV,LA,ASW,CE,Combined TRACON& Tower with Radar,13,53,35,4,105,20,8,13,4,45,33,61,48,8,150,38,0,38,188
05/07/2015,SHV,LA,ASW,CE,Combined TRACON& Tower with Radar,23,52,28,13,116,5,2,12,2,21,28,54,40,15,137,18,4,22,159
05/08/2015,SHV,LA,ASW,CE,Combined TRACON& Tower with Radar,15,47,16,6,84,2,1,27,0,30,17,48,43,6,114,29,0,29,143
05/09/2015,SHV,LA,ASW,CE,Combined TRACON& Tower with Radar,3,29,16,0,48,0,2,4,0,6,3,31,20,0,54,0,0,0,54
05/10/2015,SHV,LA,ASW,CE,Combined TRACON& Tower with Radar,9,41,10,10,70,0,4,2,0,6,9,45,12,10,76,14,0,14,90
05/11/2015,SHV,LA,ASW,CE,Combined TRACON& Tower with Radar,9,45,23,4,81,0,1,1,0,2,9,46,24,4,83,0,0,0,83
05/12/2015,SHV,LA,ASW,CE,Combined TRACON& Tower with Radar,19,50,36,2,107,0,1,5,0,6,19,51,41,2,113,0,0,0,113
05/13/2015,SHV,LA,ASW,CE,Combined TRACON& Tower with Radar,16,51,24,3,94,0,0,1,1,2,16,51,25,4,96,2,0,2,98
05/14/2015,SHV,LA,ASW,CE,Combined TRACON& Tower with Radar,13,50,28,1,92,0,0,23,2,25,13,50,51,3,117,12,0,12,129
05/15/2015,SHV,LA,ASW,CE,Combined TRACON& Tower with Radar,18,42,28,2,90,0,2,2,4,8,18,44,30,6,98,0,0,0,98
05/16/2015,SHV,LA,ASW,CE,Combined TRACON& Tower with Radar,3,34,30,3,70,0,0,2,2,4,3,34,32,5,74,0,0,0,74
05/17/2015,SHV,LA,ASW,CE,Combined TRACON& Tower with Radar,7,40,28,2,77,0,2,3,1,6,7,42,31,3,83,0,0,0,83
05/18/2015,SHV,LA,ASW,CE,Combined TRACON& Tower with Radar,8,53,20,1,82,0,0,5,1,6,8,53,25,2,88,12,0,12,100
05/19/2015,SHV,LA,ASW,CE,Combined TRACON& Tower with Radar,10,53,63,6,132,0,0,5,0,5,10,53,68,6,137,4,0,4,141
05/20/2015,SHV,LA,ASW,CE,Combined TRACON& Tower with Radar,12,48,34,14,108,0,0,13,1,14,12,48,47,15,122,0,0,0,122
05/21/2015,SHV,LA,ASW,CE,Combined TRACON& Tower with Radar,17,44,29,0,90,0,0,0,0,0,17,44,29,0,90,0,0,0,90
05/22/2015,SHV,LA,ASW,CE,Combined TRACON& Tower with Radar,19,45,47,0,111,0,1,24,0,25,19,46,71,0,136,38,0,38,174
05/23/2015,SHV,LA,ASW,CE,Combined TRACON& Tower with Radar,3,40,7,0,50,0,0,4,0,4,3,40,11,0,54,10,0,10,64
05/24/2015,SHV,LA,ASW,CE,Combined TRACON& Tower with Radar,4,38,18,0,60,0,0,3,0,3,4,38,21,0,63,0,0,0,63
05/25/2015,SHV,LA,ASW,CE,Combined TRACON& Tower with Radar,12,36,14,1,63,0,1,3,0,4,12,37,17,1,67,0,0,0,67
05/26/2015,SHV,LA,ASW,CE,Combined TRACON& Tower with Radar,9,40,28,7,84,0,0,10,0,10,9,40,38,7,94,0,0,0,94
05/27/2015,SHV,LA,ASW,CE,Combined TRACON& Tower with Radar,10,44,34,0,88,0,0,17,0,17,10,44,51,0,105,4,0,4,109
05/28/2015,SHV,LA,ASW,CE,Combined TRACON& Tower with Radar,11,48,30,3,92,0,0,30,0,30,11,48,60,3,122,0,0,0,122
05/29/2015,SHV,LA,ASW,CE,Combined TRACON& Tower with Radar,17,45,26,19,107,0,0,7,4,11,17,45,33,23,118,0,0,0,118
05/30/2015,SHV,LA,ASW,CE,Combined TRACON& Tower with Radar,16,44,20,18,98,0,0,21,2,23,16,44,41,20,121,26,0,26,147
05/31/2015,SHV,LA,ASW,CE,Combined TRACON& Tower with Radar,7,36,22,29,94,0,2,19,1,22,7,38,41,30,116,2,0,2,118
06/01/2015,SHV,LA,ASW,CE,Combined TRACON& Tower with Radar,12,48,29,24,113,0,1,16,3,20,12,49,45,27,133,20,0,20,153
06/02/2015,SHV,LA,ASW,CE,Combined TRACON& Tower with Radar,10,43,26,5,84,0,0,13,0,13,10,43,39,5,97,14,10,24,121
06/03/2015,SHV,LA,ASW,CE,Combined TRACON& Tower with Radar,12,47,34,0,93,0,2,18,2,22,12,49,52,2,115,6,0,6,121
06/04/2015,SHV,LA,ASW,CE,Combined TRACON& Tower with Radar,10,55,38,8,111,0,2,36,6,44,10,57,74,14,155,0,7,7,162
06/05/2015,SHV,LA,ASW,CE,Combined TRACON& Tower with Radar,18,53,16,22,109,0,0,29,0,29,18,53,45,22,138,0,2,2,140
06/06/2015,SHV,LA,ASW,CE,Combined TRACON& Tower with Radar,3,40,16,4,63,0,3,15,6,24,3,43,31,10,87,4,10,14,101
06/07/2015,SHV,LA,ASW,CE,Combined TRACON& Tower with Radar,7,46,16,9,78,0,0,18,0,18,7,46,34,9,96,20,0,20,116
06/08/2015,SHV,LA,ASW,CE,Combined TRACON& Tower with Radar,17,42,19,3,81,0,4,12,2,18,17,46,31,5,99,0,10,10,109
06/09/2015,SHV,LA,ASW,CE,Combined TRACON& Tower with Radar,13,55,19,0,87,0,2,21,2,25,13,57,40,2,112,0,0,0,112
06/10/2015,SHV,LA,ASW,CE,Combined TRACON& Tower with Radar,14,53,19,0,86,0,2,10,0,12,14,55,29,0,98,0,0,0,98
06/11/2015,SHV,LA,ASW,CE,Combined TRACON& Tower with Radar,14,55,34,1,104,0,2,21,6,29,14,57,55,7,133,0,0,0,133
06/12/2015,SHV,LA,ASW,CE,Combined TRACON& Tower with Radar,23,42,26,14,105,0,0,16,0,16,23,42,42,14,121,0,6,6,127
06/13/2015,SHV,LA,ASW,CE,Combined TRACON& Tower with Radar,7,35,30,2,74,0,2,3,2,7,7,37,33,4,81,0,0,0,81
06/14/2015,SHV,LA,ASW,CE,Combined TRACON& Tower with Radar,5,44,10,10,69,0,0,7,0,7,5,44,17,10,76,0,14,14,90
06/15/2015,SHV,LA,ASW,CE,Combined TRACON& Tower with Radar,14,51,25,0,90,0,7,9,0,16,14,58,34,0,106,0,0,0,106
06/16/2015,SHV,LA,ASW,CE,Combined TRACON& Tower with Radar,19,45,23,0,87,0,4,6,0,10,19,49,29,0,97,0,0,0,97
06/17/2015,SHV,LA,ASW,CE,Combined TRACON& Tower with Radar,14,45,17,0,76,0,0,3,0,3,14,45,20,0,79,0,0,0,79
06/18/2015,SHV,LA,ASW,CE,Combined TRACON& Tower with Radar,18,54,23,0,95,0,0,2,0,2,18,54,25,0,97,0,0,0,97
06/19/2015,SHV,LA,ASW,CE,Combined TRACON& Tower with Radar,22,50,35,11,118,0,0,8,0,8,22,50,43,11,126,0,24,24,150
06/20/2015,SHV,LA,ASW,CE,Combined TRACON& Tower with Radar,5,37,22,4,68,0,0,16,3,19,5,37,38,7,87,14,0,14,101
06/21/2015,SHV,LA,ASW,CE,Combined TRACON& Tower with Radar,7,41,16,0,64,0,5,7,0,12,7,46,23,0,76,0,0,0,76
06/22/2015,SHV,LA,ASW,CE,Combined TRACON& Tower with Radar,10,54,32,0,96,0,5,9,0,14,10,59,41,0,110,12,0,12,122
06/23/2015,SHV,LA,ASW,CE,Combined TRACON& Tower with Radar,21,55,41,4,121,0,0,14,2,16,21,55,55,6,137,6,0,6,143
06/24/2015,SHV,LA,ASW,CE,Combined TRACON& Tower with Radar,15,58,27,8,108,0,3,5,2,10,15,61,32,10,118,0,0,0,118
06/25/2015,SHV,LA,ASW,CE,Combined TRACON& Tower with Radar,23,50,21,0,94,0,6,10,0,16,23,56,31,0,110,0,0,0,110
06/26/2015,SHV,LA,ASW,CE,Combined TRACON& Tower with Radar,26,48,25,16,115,0,2,22,0,24,26,50,47,16,139,0,8,8,147
06/27/2015,SHV,LA,ASW,CE,Combined TRACON& Tower with Radar,11,38,18,0,67,0,1,9,0,10,11,39,27,0,77,0,0,0,77
06/28/2015,SHV,LA,ASW,CE,Combined TRACON& Tower with Radar,9,41,24,20,94,0,0,13,0,13,9,41,37,20,107,0,0,0,107
06/29/2015,SHV,LA,ASW,CE,Combined TRACON& Tower with Radar,16,45,23,0,84,0,0,8,0,8,16,45,31,0,92,0,0,0,92
06/30/2015,SHV,LA,ASW,CE,Combined TRACON& Tower with Radar,17,45,30,11,103,0,1,6,0,7,17,46,36,11,110,0,0,0,110
07/01/2015,SHV,LA,ASW,CE,Combined TRACON& Tower with Radar,15,51,27,3,96,0,0,24,1,25,15,51,51,4,121,18,0,18,139
07/02/2015,SHV,LA,ASW,CE,Combined TRACON& Tower with Radar,14,49,35,0,98,0,2,21,2,25,14,51,56,2,123,4,0,4,127
07/03/2015,SHV,LA,ASW,CE,Combined TRACON& Tower with Radar,15,32,18,0,65,0,0,9,0,9,15,32,27,0,74,6,0,6,80
07/04/2015,SHV,LA,ASW,CE,Combined TRACON& Tower with Radar,4,27,13,0,44,0,0,5,0,5,4,27,18,0,49,0,0,0,49
07/05/2015,SHV,LA,ASW,CE,Combined TRACON& Tower with Radar,11,41,25,4,81,0,0,10,0,10,11,41,35,4,91,6,0,6,97
07/06/2015,SHV,LA,ASW,CE,Combined TRACON& Tower with Radar,15,39,19,12,85,0,0,21,0,21,15,39,40,12,106,6,4,10,116
07/07/2015,SHV,LA,ASW,CE,Combined TRACON& Tower with Radar,13,40,29,6,88,0,0,15,2,17,13,40,44,8,105,12,2,14,119
07/08/2015,SHV,LA,ASW,CE,Combined TRACON& Tower with Radar,23,49,36,0,108,0,1,14,1,16,23,50,50,1,124,0,0,0,124
07/09/2015,SHV,LA,ASW,CE,Combined TRACON& Tower with Radar,17,37,36,12,102,0,0,8,0,8,17,37,44,12,110,4,26,30,140
07/10/2015,SHV,LA,ASW,CE,Combined TRACON& Tower with Radar,16,40,29,50,135,0,2,13,0,15,16,42,42,50,150,0,0,0,150
07/11/2015,SHV,LA,ASW,CE,Combined TRACON& Tower with Radar,8,29,10,5,52,0,1,8,4,13,8,30,18,9,65,0,0,0,65
07/12/2015,SHV,LA,ASW,CE,Combined TRACON& Tower with Radar,11,37,12,9,69,0,0,21,0,21,11,37,33,9,90,0,0,0,90
07/13/2015,SHV,LA,ASW,CE,Combined TRACON& Tower with Radar,14,40,22,2,78,0,1,23,0,24,14,41,45,2,102,2,0,2,104
07/14/2015,SHV,LA,ASW,CE,Combined TRACON& Tower with Radar,12,35,30,12,89,0,0,16,4,20,12,35,46,16,109,12,0,12,121
07/15/2015,SHV,LA,ASW,CE,Combined TRACON& Tower with Radar,18,46,25,0,89,0,1,12,0,13,18,47,37,0,102,14,0,14,116
07/16/2015,SHV,LA,ASW,CE,Combined TRACON& Tower with Radar,16,39,46,0,101,0,0,25,0,25,16,39,71,0,126,24,0,24,150
07/17/2015,SHV,LA,ASW,CE,Combined TRACON& Tower with Radar,16,44,33,31,124,0,0,30,0,30,16,44,63,31,154,17,10,27,181
07/18/2015,SHV,LA,ASW,CE,Combined TRACON& Tower with Radar,7,29,14,0,50,0,0,17,4,21,7,29,31,4,71,0,0,0,71
07/19/2015,SHV,LA,ASW,CE,Combined TRACON& Tower with Radar,13,42,24,4,83,0,0,20,0,20,13,42,44,4,103,0,0,0,103
07/20/2015,SHV,LA,ASW,CE,Combined TRACON& Tower with Radar,12,40,27,2,81,0,2,9,0,11,12,42,36,2,92,0,0,0,92
07/21/2015,SHV,LA,ASW,CE,Combined TRACON& Tower with Radar,12,47,23,4,86,0,1,38,0,39,12,48,61,4,125,0,0,0,125
07/22/2015,SHV,LA,ASW,CE,Combined TRACON& Tower with Radar,12,38,18,2,70,0,3,16,2,21,12,41,34,4,91,24,0,24,115
07/23/2015,SHV,LA,ASW,CE,Combined TRACON& Tower with Radar,12,55,11,0,78,0,0,14,0,14,12,55,25,0,92,0,0,0,92
07/24/2015,SHV,LA,ASW,CE,Combined TRACON& Tower with Radar,20,46,16,10,92,0,2,21,0,23,20,48,37,10,115,6,10,16,131
07/25/2015,SHV,LA,ASW,CE,Combined TRACON& Tower with Radar,7,30,23,17,77,0,1,19,2,22,7,31,42,19,99,0,0,0,99
07/26/2015,SHV,LA,ASW,CE,Combined TRACON& Tower with Radar,9,44,26,0,79,0,1,10,0,11,9,45,36,0,90,4,0,4,94
07/27/2015,SHV,LA,ASW,CE,Combined TRACON& Tower with Radar,12,50,10,6,78,0,0,17,2,19,12,50,27,8,97,0,14,14,111
07/28/2015,SHV,LA,ASW,CE,Combined TRACON& Tower with Radar,12,44,18,8,82,0,2,23,10,35,12,46,41,18,117,22,0,22,139
07/29/2015,SHV,LA,ASW,CE,Combined TRACON& Tower with Radar,16,49,34,1,100,0,0,21,1,22,16,49,55,2,122,0,0,0,122
07/30/2015,SHV,LA,ASW,CE,Combined TRACON& Tower with Radar,14,43,35,6,98,0,0,9,0,9,14,43,44,6,107,0,4,4,111
07/31/2015,SHV,LA,ASW,CE,Combined TRACON& Tower with Radar,16,41,26,16,99,0,0,12,0,12,16,41,38,16,111,10,4,14,125
08/01/2015,SHV,LA,ASW,CE,Combined TRACON& Tower with Radar,11,35,10,0,56,0,0,14,3,17,11,35,24,3,73,0,8,8,81
08/02/2015,SHV,LA,ASW,CE,Combined TRACON& Tower with Radar,9,39,21,4,73,0,2,11,0,13,9,41,32,4,86,0,0,0,86
08/03/2015,SHV,LA,ASW,CE,Combined TRACON& Tower with Radar,11,46,11,2,70,0,2,5,0,7,11,48,16,2,77,4,0,4,81
08/04/2015,SHV,LA,ASW,CE,Combined TRACON& Tower with Radar,13,55,30,0,98,0,0,17,0,17,13,55,47,0,115,25,0,25,140
08/05/2015,SHV,LA,ASW,CE,Combined TRACON& Tower with Radar,16,40,35,9,100,0,0,9,0,9,16,40,44,9,109,6,0,6,115
08/06/2015,SHV,LA,ASW,CE,Combined TRACON& Tower with Radar,18,46,22,1,87,0,0,21,0,21,18,46,43,1,108,8,0,8,116
08/07/2015,SHV,LA,ASW,CE,Combined TRACON& Tower with Radar,18,42,20,31,111,0,0,20,1,21,18,42,40,32,132,4,0,4,136
08/08/2015,SHV,LA,ASW,CE,Combined TRACON& Tower with Radar,7,32,16,22,77,0,3,15,2,20,7,35,31,24,97,4,0,4,101
08/09/2015,SHV,LA,ASW,CE,Combined TRACON& Tower with Radar,9,40,9,10,68,0,0,16,0,16,9,40,25,10,84,5,0,5,89
08/10/2015,SHV,LA,ASW,CE,Combined TRACON& Tower with Radar,12,49,22,0,83,0,0,31,2,33,12,49,53,2,116,16,0,16,132
08/11/2015,SHV,LA,ASW,CE,Combined TRACON& Tower with Radar,12,53,25,0,90,0,1,22,4,27,12,54,47,4,117,16,0,16,133
08/12/2015,SHV,LA,ASW,CE,Combined TRACON& Tower with Radar,13,44,24,6,87,1,2,14,0,17,14,46,38,6,104,22,20,42,146
08/13/2015,SHV,LA,ASW,CE,Combined TRACON& Tower with Radar,14,41,15,2,72,0,3,14,9,26,14,44,29,11,98,0,0,0,98
08/14/2015,SHV,LA,ASW,CE,Combined TRACON& Tower with Radar,16,39,16,13,84,0,0,10,0,10,16,39,26,13,94,18,8,26,120
08/15/2015,SHV,LA,ASW,CE,Combined TRACON& Tower with Radar,9,35,18,4,66,0,0,13,1,14,9,35,31,5,80,0,0,0,80
08/16/2015,SHV,LA,ASW,CE,Combined TRACON& Tower with Radar,9,37,13,12,71,0,2,8,0,10,9,39,21,12,81,0,18,18,99
08/17/2015,SHV,LA,ASW,CE,Combined TRACON& Tower with Radar,16,42,26,2,86,0,1,8,0,9,16,43,34,2,95,2,4,6,101
08/18/2015,SHV,LA,ASW,CE,Combined TRACON& Tower with Radar,14,47,23,0,84,0,2,15,4,21,14,49,38,4,105,4,0,4,109
08/19/2015,SHV,LA,ASW,CE,Combined TRACON& Tower with Radar,14,42,28,0,84,0,0,2,0,2,14,42,30,0,86,0,0,0,86
08/20/2015,SHV,LA,ASW,CE,Combined TRACON& Tower with Radar,17,46,35,6,104,0,0,0,0,0,17,46,35,6,104,0,0,0,104
08/21/2015,SHV,LA,ASW,CE,Combined TRACON& Tower with Radar,21,40,28,6,95,0,2,6,2,10,21,42,34,8,105,0,0,0,105
08/22/2015,SHV,LA,ASW,CE,Combined TRACON& Tower with Radar,8,27,10,2,47,0,0,12,0,12,8,27,22,2,59,0,6,6,65
08/23/2015,SHV,LA,ASW,CE,Combined TRACON& Tower with Radar,8,32,27,5,72,0,0,17,0,17,8,32,44,5,89,18,0,18,107
08/24/2015,SHV,LA,ASW,CE,Combined TRACON& Tower with Radar,14,41,26,0,81,0,3,17,0,20,14,44,43,0,101,2,0,2,103
08/25/2015,SHV,LA,ASW,CE,Combined TRACON& Tower with Radar,16,47,27,0,90,0,0,10,0,10,16,47,37,0,100,19,0,19,119
08/26/2015,SHV,LA,ASW,CE,Combined TRACON& Tower with Radar,14,46,41,0,101,0,2,27,0,29,14,48,68,0,130,25,0,25,155
08/27/2015,SHV,LA,ASW,CE,Combined TRACON& Tower with Radar,16,47,16,0,79,0,2,19,0,21,16,49,35,0,100,0,0,0,100
08/28/2015,SHV,LA,ASW,CE,Combined TRACON& Tower with Radar,16,46,30,29,121,0,0,23,1,24,16,46,53,30,145,2,16,18,163
08/29/2015,SHV,LA,ASW,CE,Combined TRACON& Tower with Radar,6,23,11,5,45,0,1,22,3,26,6,24,33,8,71,0,0,0,71
08/30/2015,SHV,LA,ASW,CE,Combined TRACON& Tower with Radar,8,31,14,2,55,0,0,10,0,10,8,31,24,2,65,0,0,0,65
08/31/2015,SHV,LA,ASW,CE,Combined TRACON& Tower with Radar,16,40,24,24,104,0,0,11,0,11,16,40,35,24,115,16,16,32,147
09/01/2015,SHV,LA,ASW,CE,Combined TRACON& Tower with Radar,14,45,18,2,79,0,0,15,0,15,14,45,33,2,94,0,0,0,94
09/02/2015,SHV,LA,ASW,CE,Combined TRACON& Tower with Radar,17,44,20,8,89,0,0,5,0,5,17,44,25,8,94,0,0,0,94
09/03/2015,SHV,LA,ASW,CE,Combined TRACON& Tower with Radar,16,49,40,2,107,0,0,20,0,20,16,49,60,2,127,8,0,8,135
09/04/2015,SHV,LA,ASW,CE,Combined TRACON& Tower with Radar,22,43,27,8,100,0,0,29,0,29,22,43,56,8,129,0,0,0,129
09/05/2015,SHV,LA,ASW,CE,Combined TRACON& Tower with Radar,2,28,13,0,43,0,1,11,2,14,2,29,24,2,57,0,0,0,57
09/06/2015,SHV,LA,ASW,CE,Combined TRACON& Tower with Radar,9,32,6,0,47,0,2,12,0,14,9,34,18,0,61,0,0,0,61
09/07/2015,SHV,LA,ASW,CE,Combined TRACON& Tower with Radar,8,34,18,0,60,0,0,22,2,24,8,34,40,2,84,20,0,20,104
09/08/2015,SHV,LA,ASW,CE,Combined TRACON& Tower with Radar,11,40,21,2,74,0,0,14,0,14,11,40,35,2,88,6,0,6,94
09/09/2015,SHV,LA,ASW,CE,Combined TRACON& Tower with Radar,12,55,29,0,96,0,2,8,0,10,12,57,37,0,106,4,0,4,110
09/10/2015,SHV,LA,ASW,CE,Combined TRACON& Tower with Radar,10,47,26,2,85,0,0,16,0,16,10,47,42,2,101,0,0,0,101
09/11/2015,SHV,LA,ASW,CE,Combined TRACON& Tower with Radar,16,45,32,49,142,0,0,3,0,3,16,45,35,49,145,0,18,18,163
09/12/2015,SHV,LA,ASW,CE,Combined TRACON& Tower with Radar,5,31,5,8,49,0,2,14,4,20,5,33,19,12,69,0,0,0,69
09/13/2015,SHV,LA,ASW,CE,Combined TRACON& Tower with Radar,6,44,24,0,74,0,1,10,0,11,6,45,34,0,85,2,0,2,87
09/14/2015,SHV,LA,ASW,CE,Combined TRACON& Tower with Radar,12,44,19,2,77,0,0,13,0,13,12,44,32,2,90,9,0,9,99
09/15/2015,SHV,LA,ASW,CE,Combined TRACON& Tower with Radar,12,46,19,4,81,0,2,9,3,14,12,48,28,7,95,6,18,24,119
09/16/2015,SHV,LA,ASW,CE,Combined TRACON& Tower with Radar,14,41,18,10,83,0,0,9,0,9,14,41,27,10,92,6,0,6,98
09/17/2015,SHV,LA,ASW,CE,Combined TRACON& Tower with Radar,12,53,26,0,91,0,0,20,0,20,12,53,46,0,111,12,0,12,123
09/18/2015,SHV,LA,ASW,CE,Combined TRACON& Tower with Radar,16,58,28,34,136,0,0,17,7,24,16,58,45,41,160,8,4,12,172
09/19/2015,SHV,LA,ASW,CE,Combined TRACON& Tower with Radar,8,30,25,18,81,0,1,16,14,31,8,31,41,32,112,0,0,0,112
09/20/2015,SHV,LA,ASW,CE,Combined TRACON& Tower with Radar,12,38,30,7,87,0,4,6,1,11,12,42,36,8,98,0,0,0,98
09/21/2015,SHV,LA,ASW,CE,Combined TRACON& Tower with Radar,10,40,18,6,74,0,0,14,0,14,10,40,32,6,88,10,0,10,98
09/22/2015,SHV,LA,ASW,CE,Combined TRACON& Tower with Radar,16,53,26,0,95,0,1,21,0,22,16,54,47,0,117,0,0,0,117
09/23/2015,SHV,LA,ASW,CE,Combined TRACON& Tower with Radar,12,45,24,2,83,0,1,21,0,22,12,46,45,2,105,24,0,24,129
09/24/2015,SHV,LA,ASW,CE,Combined TRACON& Tower with Radar,12,43,43,11,109,0,1,27,2,30,12,44,70,13,139,0,0,0,139
09/25/2015,SHV,LA,ASW,CE,Combined TRACON& Tower with Radar,13,47,23,2,85,0,1,27,1,29,13,48,50,3,114,8,0,8,122
09/26/2015,SHV,LA,ASW,CE,Combined TRACON& Tower with Radar,2,41,19,16,78,0,1,15,1,17,2,42,34,17,95,20,10,30,125
09/27/2015,SHV,LA,ASW,CE,Combined TRACON& Tower with Radar,9,39,16,5,69,0,0,7,2,9,9,39,23,7,78,0,0,0,78
09/28/2015,SHV,LA,ASW,CE,Combined TRACON& Tower with Radar,8,48,13,6,75,0,6,9,0,15,8,54,22,6,90,0,0,0,90
09/29/2015,SHV,LA,ASW,CE,Combined TRACON& Tower with Radar,10,46,34,0,90,0,0,12,0,12,10,46,46,0,102,16,0,16,118
09/30/2015,SHV,LA,ASW,CE,Combined TRACON& Tower with Radar,12,49,24,6,91,0,1,23,0,24,12,50,47,6,115,0,0,0,115
10/01/2015,SHV,LA,ASW,CE,Combined TRACON& Tower with Radar,14,56,18,4,92,0,1,9,0,10,14,57,27,4,102,5,0,5,107
10/02/2015,SHV,LA,ASW,CE,Combined TRACON& Tower with Radar,18,44,21,14,97,0,2,12,10,24,18,46,33,24,121,14,19,33,154
10/03/2015,SHV,LA,ASW,CE,Combined TRACON& Tower with Radar,3,33,24,36,96,0,2,15,3,20,3,35,39,39,116,0,4,4,120
10/04/2015,SHV,LA,ASW,CE,Combined TRACON& Tower with Radar,9,41,15,6,71,0,1,12,2,15,9,42,27,8,86,0,0,0,86
10/05/2015,SHV,LA,ASW,CE,Combined TRACON& Tower with Radar,12,39,21,0,72,0,1,27,0,28,12,40,48,0,100,4,0,4,104
10/06/2015,SHV,LA,ASW,CE,Combined TRACON& Tower with Radar,12,47,35,10,104,0,1,24,0,25,12,48,59,10,129,4,0,4,133
10/07/2015,SHV,LA,ASW,CE,Combined TRACON& Tower with Radar,12,44,22,2,80,0,1,20,2,23,12,45,42,4,103,12,0,12,115
10/08/2015,SHV,LA,ASW,CE,Combined TRACON& Tower with Radar,18,45,32,6,101,0,0,13,0,13,18,45,45,6,114,12,0,12,126
10/09/2015,SHV,LA,ASW,CE,Combined TRACON& Tower with Radar,20,46,30,3,99,0,1,15,0,16,20,47,45,3,115,8,0,8,123
10/10/2015,SHV,LA,ASW,CE,Combined TRACON& Tower with Radar,4,32,17,0,53,0,2,10,0,12,4,34,27,0,65,0,0,0,65
10/11/2015,SHV,LA,ASW,CE,Combined TRACON& Tower with Radar,12,39,24,0,75,0,0,5,0,5,12,39,29,0,80,0,0,0,80
10/12/2015,SHV,LA,ASW,CE,Combined TRACON& Tower with Radar,12,40,24,6,82,0,1,5,0,6,12,41,29,6,88,8,0,8,96
10/13/2015,SHV,LA,ASW,CE,Combined TRACON& Tower with Radar,16,38,23,0,77,0,0,19,0,19,16,38,42,0,96,2,0,2,98
10/14/2015,SHV,LA,ASW,CE,Combined TRACON& Tower with Radar,12,40,24,4,80,0,0,16,1,17,12,40,40,5,97,0,0,0,97
10/15/2015,SHV,LA,ASW,CE,Combined TRACON& Tower with Radar,14,50,27,0,91,0,0,11,0,11,14,50,38,0,102,0,0,0,102
10/16/2015,SHV,LA,ASW,CE,Combined TRACON& Tower with Radar,16,48,28,2,94,0,0,11,3,14,16,48,39,5,108,5,0,5,113
10/17/2015,SHV,LA,ASW,CE,Combined TRACON& Tower with Radar,3,32,17,18,70,0,4,13,2,19,3,36,30,20,89,4,6,10,99
10/18/2015,SHV,LA,ASW,CE,Combined TRACON& Tower with Radar,9,39,25,11,84,0,1,22,0,23,9,40,47,11,107,0,10,10,117
10/19/2015,SHV,LA,ASW,CE,Combined TRACON& Tower with Radar,10,38,34,0,82,0,0,17,0,17,10,38,51,0,99,10,0,10,109
10/20/2015,SHV,LA,ASW,CE,Combined TRACON& Tower with Radar,13,43,21,2,79,0,1,9,0,10,13,44,30,2,89,0,0,0,89
10/21/2015,SHV,LA,ASW,CE,Combined TRACON& Tower with Radar,12,45,18,0,75,0,0,14,0,14,12,45,32,0,89,2,0,2,91
10/22/2015,SHV,LA,ASW,CE,Combined TRACON& Tower with Radar,31,57,36,8,132,0,0,12,0,12,31,57,48,8,144,4,0,4,148
10/23/2015,SHV,LA,ASW,CE,Combined TRACON& Tower with Radar,23,42,21,0,86,0,0,0,0,0,23,42,21,0,86,0,0,0,86
10/24/2015,SHV,LA,ASW,CE,Combined TRACON& Tower with Radar,4,34,5,0,43,0,0,0,0,0,4,34,5,0,43,0,0,0,43
10/25/2015,SHV,LA,ASW,CE,Combined TRACON& Tower with Radar,19,42,21,0,82,0,0,0,0,0,19,42,21,0,82,0,0,0,82
10/26/2015,SHV,LA,ASW,CE,Combined TRACON& Tower with Radar,14,54,42,0,110,0,0,0,0,0,14,54,42,0,110,0,0,0,110
10/27/2015,SHV,LA,ASW,CE,Combined TRACON& Tower with Radar,15,45,29,0,89,0,0,3,0,3,15,45,32,0,92,2,0,2,94
10/28/2015,SHV,LA,ASW,CE,Combined TRACON& Tower with Radar,17,40,52,0,109,0,0,41,4,45,17,40,93,4,154,26,0,26,180
10/29/2015,SHV,LA,ASW,CE,Combined TRACON& Tower with Radar,16,44,28,0,88,0,0,60,0,60,16,44,88,0,148,154,0,154,302
10/30/2015,SHV,LA,ASW,CE,Combined TRACON& Tower with Radar,26,48,33,0,107,0,0,28,0,28,26,48,61,0,135,24,0,24,159
10/31/2015,SHV,LA,ASW,CE,Combined TRACON& Tower with Radar,7,35,8,0,50,0,0,1,0,1,7,35,9,0,51,78,0,78,129
11/01/2015,SHV,LA,ASW,CE,Combined TRACON& Tower with Radar,9,33,23,0,65,0,0,27,0,27,9,33,50,0,92,2,0,2,94
11/02/2015,SHV,LA,ASW,CE,Combined TRACON& Tower with Radar,20,41,30,10,101,0,0,2,0,2,20,41,32,10,103,2,0,2,105
11/03/2015,SHV,LA,ASW,CE,Combined TRACON& Tower with Radar,14,43,30,7,94,0,2,2,0,4,14,45,32,7,98,55,0,55,153
11/04/2015,SHV,LA,ASW,CE,Combined TRACON& Tower with Radar,18,46,44,0,108,0,0,21,0,21,18,46,65,0,129,137,0,137,266
11/05/2015,SHV,LA,ASW,CE,Combined TRACON& Tower with Radar,19,46,46,0,111,0,0,4,0,4,19,46,50,0,115,96,0,96,211
11/06/2015,SHV,LA,ASW,CE,Combined TRACON& Tower with Radar,18,46,34,0,98,0,0,0,0,0,18,46,34,0,98,0,0,0,98
11/07/2015,SHV,LA,ASW,CE,Combined TRACON& Tower with Radar,7,39,21,0,67,0,0,1,0,1,7,39,22,0,68,0,0,0,68
11/08/2015,SHV,LA,ASW,CE,Combined TRACON& Tower with Radar,11,43,41,2,97,0,0,38,0,38,11,43,79,2,135,450,0,450,585
11/09/2015,SHV,LA,ASW,CE,Combined TRACON& Tower with Radar,14,44,30,5,93,0,0,26,1,27,14,44,56,6,120,29,0,29,149
11/10/2015,SHV,LA,ASW,CE,Combined TRACON& Tower with Radar,17,50,26,17,110,0,1,8,0,9,17,51,34,17,119,21,0,21,140
11/11/2015,SHV,LA,ASW,CE,Combined TRACON& Tower with Radar,19,48,23,0,90,0,0,3,0,3,19,48,26,0,93,0,0,0,93
11/12/2015,SHV,LA,ASW,CE,Combined TRACON& Tower with Radar,16,41,41,2,100,0,2,27,0,29,16,43,68,2,129,18,0,18,147
11/13/2015,SHV,LA,ASW,CE,Combined TRACON& Tower with Radar,18,46,43,0,107,0,0,18,1,19,18,46,61,1,126,0,6,6,132
11/14/2015,SHV,LA,ASW,CE,Combined TRACON& Tower with Radar,5,34,27,1,67,0,0,29,0,29,5,34,56,1,96,10,0,10,106
11/15/2015,SHV,LA,ASW,CE,Combined TRACON& Tower with Radar,9,37,27,9,82,0,0,18,1,19,9,37,45,10,101,12,0,12,113
11/16/2015,SHV,LA,ASW,CE,Combined TRACON& Tower with Radar,14,43,29,0,86,0,0,0,2,2,14,43,29,2,88,0,0,0,88
11/17/2015,SHV,LA,ASW,CE,Combined TRACON& Tower with Radar,18,45,10,0,73,0,0,0,0,0,18,45,10,0,73,0,0,0,73
11/18/2015,SHV,LA,ASW,CE,Combined TRACON& Tower with Radar,18,47,34,14,113,0,0,30,3,33,18,47,64,17,146,2,0,2,148
11/19/2015,SHV,LA,ASW,CE,Combined TRACON& Tower with Radar,19,39,26,6,90,0,4,19,2,25,19,43,45,8,115,10,0,10,125
11/20/2015,SHV,LA,ASW,CE,Combined TRACON& Tower with Radar,19,42,37,6,104,0,0,20,1,21,19,42,57,7,125,0,0,0,125
11/21/2015,SHV,LA,ASW,CE,Combined TRACON& Tower with Radar,10,30,29,29,98,0,0,9,0,9,10,30,38,29,107,0,0,0,107
11/22/2015,SHV,LA,ASW,CE,Combined TRACON& Tower with Radar,13,38,14,0,65,0,0,19,0,19,13,38,33,0,84,10,4,14,98
11/23/2015,SHV,LA,ASW,CE,Combined TRACON& Tower with Radar,14,34,22,33,103,0,0,11,4,15,14,34,33,37,118,26,0,26,144
11/24/2015,SHV,LA,ASW,CE,Combined TRACON& Tower with Radar,17,51,21,0,89,0,0,12,2,14,17,51,33,2,103,0,0,0,103
11/25/2015,SHV,LA,ASW,CE,Combined TRACON& Tower with Radar,22,56,16,2,96,0,4,11,0,15,22,60,27,2,111,26,0,26,137
11/26/2015,SHV,LA,ASW,CE,Combined TRACON& Tower with Radar,1,25,3,0,29,0,0,6,0,6,1,25,9,0,35,0,0,0,35
11/27/2015,SHV,LA,ASW,CE,Combined TRACON& Tower with Radar,16,35,25,0,76,0,0,0,0,0,16,35,25,0,76,0,0,0,76
11/28/2015,SHV,LA,ASW,CE,Combined TRACON& Tower with Radar,9,42,15,0,66,0,0,0,0,0,9,42,15,0,66,0,0,0,66
11/29/2015,SHV,LA,ASW,CE,Combined TRACON& Tower with Radar,12,54,30,0,96,0,0,0,0,0,12,54,30,0,96,0,0,0,96
11/30/2015,SHV,LA,ASW,CE,Combined TRACON& Tower with Radar,17,42,19,1,79,0,0,0,0,0,17,42,19,1,79,0,0,0,79
12/01/2015,SHV,LA,ASW,CE,Combined TRACON& Tower with Radar,16,49,27,1,93,0,0,2,0,2,16,49,29,1,95,0,0,0,95
12/02/2015,SHV,LA,ASW,CE,Combined TRACON& Tower with Radar,22,42,18,0,82,0,1,14,4,19,22,43,32,4,101,0,0,0,101
12/03/2015,SHV,LA,ASW,CE,Combined TRACON& Tower with Radar,20,38,29,5,92,0,0,16,7,23,20,38,45,12,115,10,0,10,125
12/04/2015,SHV,LA,ASW,CE,Combined TRACON& Tower with Radar,22,34,30,23,109,0,0,23,2,25,22,34,53,25,134,12,0,12,146
12/05/2015,SHV,LA,ASW,CE,Combined TRACON& Tower with Radar,7,26,20,7,60,0,0,37,0,37,7,26,57,7,97,0,0,0,97
12/06/2015,SHV,LA,ASW,CE,Combined TRACON& Tower with Radar,12,29,31,1,73,0,1,18,0,19,12,30,49,1,92,0,12,12,104
12/07/2015,SHV,LA,ASW,CE,Combined TRACON& Tower with Radar,17,35,29,0,81,0,0,31,0,31,17,35,60,0,112,20,0,20,132
12/08/2015,SHV,LA,ASW,CE,Combined TRACON& Tower with Radar,20,48,19,13,100,0,2,13,1,16,20,50,32,14,116,6,0,6,122
12/09/2015,SHV,LA,ASW,CE,Combined TRACON& Tower with Radar,22,45,30,4,101,0,0,30,0,30,22,45,60,4,131,16,0,16,147
12/10/2015,SHV,LA,ASW,CE,Combined TRACON& Tower with Radar,22,53,28,0,103,0,1,16,1,18,22,54,44,1,121,14,0,14,135
12/11/2015,SHV,LA,ASW,CE,Combined TRACON& Tower with Radar,18,38,22,40,118,0,0,7,4,11,18,38,29,44,129,0,0,0,129
12/12/2015,SHV,LA,ASW,CE,Combined TRACON& Tower with Radar,8,25,7,11,51,0,0,1,0,1,8,25,8,11,52,0,0,0,52
12/13/2015,SHV,LA,ASW,CE,Combined TRACON& Tower with Radar,12,29,8,0,49,0,0,0,0,0,12,29,8,0,49,0,0,0,49
12/14/2015,SHV,LA,ASW,CE,Combined TRACON& Tower with Radar,16,40,25,27,108,0,0,18,0,18,16,40,43,27,126,10,0,10,136
12/15/2015,SHV,LA,ASW,CE,Combined TRACON& Tower with Radar,17,43,42,18,120,0,0,21,1,22,17,43,63,19,142,0,0,0,142
12/16/2015,SHV,LA,ASW,CE,Combined TRACON& Tower with Radar,22,49,26,14,111,0,5,29,1,35,22,54,55,15,146,0,8,8,154
12/17/2015,SHV,LA,ASW,CE,Combined TRACON& Tower with Radar,18,45,36,14,113,0,0,43,2,45,18,45,79,16,158,0,0,0,158
12/18/2015,SHV,LA,ASW,CE,Combined TRACON& Tower with Radar,16,44,44,32,136,0,3,28,0,31,16,47,72,32,167,8,8,16,183
12/19/2015,SHV,LA,ASW,CE,Combined TRACON& Tower with Radar,8,42,12,11,73,0,0,33,5,38,8,42,45,16,111,0,0,0,111
12/20/2015,SHV,LA,ASW,CE,Combined TRACON& Tower with Radar,7,43,18,12,80,0,0,5,0,5,7,43,23,12,85,0,0,0,85
12/21/2015,SHV,LA,ASW,CE,Combined TRACON& Tower with Radar,12,42,42,4,100,0,0,3,0,3,12,42,45,4,103,0,0,0,103
12/22/2015,SHV,LA,ASW,CE,Combined TRACON& Tower with Radar,18,41,25,0,84,0,0,7,0,7,18,41,32,0,91,0,0,0,91
12/23/2015,SHV,LA,ASW,CE,Combined TRACON& Tower with Radar,25,49,33,0,107,0,0,9,0,9,25,49,42,0,116,0,0,0,116
12/24/2015,SHV,LA,ASW,CE,Combined TRACON& Tower with Radar,16,34,15,0,65,0,0,8,0,8,16,34,23,0,73,0,0,0,73
12/25/2015,SHV,LA,ASW,CE,Combined TRACON& Tower with Radar,0,32,5,0,37,0,0,0,0,0,0,32,5,0,37,0,0,0,37
12/26/2015,SHV,LA,ASW,CE,Combined TRACON& Tower with Radar,11,45,32,1,89,0,0,6,1,7,11,45,38,2,96,0,0,0,96
12/27/2015,SHV,LA,ASW,CE,Combined TRACON& Tower with Radar,16,28,14,0,58,0,0,0,0,0,16,28,14,0,58,0,0,0,58
12/28/2015,SHV,LA,ASW,CE,Combined TRACON& Tower with Radar,11,47,21,0,79,0,2,4,0,6,11,49,25,0,85,0,0,0,85
12/29/2015,SHV,LA,ASW,CE,Combined TRACON& Tower with Radar,14,44,35,10,103,0,4,6,1,11,14,48,41,11,114,0,0,0,114
12/30/2015,SHV,LA,ASW,CE,Combined TRACON& Tower with Radar,12,42,33,2,89,0,2,21,0,23,12,44,54,2,112,0,0,0,112
12/31/2015,SHV,LA,ASW,CE,Combined TRACON& Tower with Radar,10,33,20,0,63,0,0,16,0,16,10,33,36,0,79,0,0,0,79
01/01/2016,SHV,LA,ASW,CE,Combined TRACON& Tower with Radar,2,30,9,0,41,0,0,14,0,14,2,30,23,0,55,0,0,0,55
01/02/2016,SHV,LA,ASW,CE,Combined TRACON& Tower with Radar,5,38,15,0,58,0,0,15,0,15,5,38,30,0,73,0,0,0,73
01/03/2016,SHV,LA,ASW,CE,Combined TRACON& Tower with Radar,7,45,33,0,85,0,0,12,0,12,7,45,45,0,97,0,0,0,97
01/04/2016,SHV,LA,ASW,CE,Combined TRACON& Tower with Radar,10,41,22,0,73,0,0,13,0,13,10,41,35,0,86,8,0,8,94
01/05/2016,SHV,LA,ASW,CE,Combined TRACON& Tower with Radar,8,48,18,2,76,0,0,26,0,26,8,48,44,2,102,0,0,0,102
01/06/2016,SHV,LA,ASW,CE,Combined TRACON& Tower with Radar,14,48,17,13,92,0,0,10,0,10,14,48,27,13,102,0,0,0,102
01/07/2016,SHV,LA,ASW,CE,Combined TRACON& Tower with Radar,8,48,37,4,97,0,0,0,0,0,8,48,37,4,97,0,0,0,97
01/08/2016,SHV,LA,ASW,CE,Combined TRACON& Tower with Radar,15,44,23,23,105,0,0,4,0,4,15,44,27,23,109,0,6,6,115
01/09/2016,SHV,LA,ASW,CE,Combined TRACON& Tower with Radar,3,34,33,17,87,0,1,2,0,3,3,35,35,17,90,8,0,8,98
01/10/2016,SHV,LA,ASW,CE,Combined TRACON& Tower with Radar,4,41,15,5,65,0,0,23,0,23,4,41,38,5,88,4,0,4,92
01/11/2016,SHV,LA,ASW,CE,Combined TRACON& Tower with Radar,6,47,15,1,69,0,0,5,0,5,6,47,20,1,74,0,0,0,74
01/12/2016,SHV,LA,ASW,CE,Combined TRACON& Tower with Radar,8,44,30,4,86,0,0,7,2,9,8,44,37,6,95,0,0,0,95
01/13/2016,SHV,LA,ASW,CE,Combined TRACON& Tower with Radar,12,42,37,0,91,0,0,9,0,9,12,42,46,0,100,0,0,0,100
01/14/2016,SHV,LA,ASW,CE,Combined TRACON& Tower with Radar,8,48,33,0,89,0,1,13,0,14,8,49,46,0,103,0,0,0,103
01/15/2016,SHV,LA,ASW,CE,Combined TRACON& Tower with Radar,12,47,10,6,75,0,4,11,0,15,12,51,21,6,90,4,0,4,94
01/16/2016,SHV,LA,ASW,CE,Combined TRACON& Tower with Radar,4,29,14,0,47,0,1,11,0,12,4,30,25,0,59,8,0,8,67
01/17/2016,SHV,LA,ASW,CE,Combined TRACON& Tower with Radar,2,39,11,0,52,0,0,27,0,27,2,39,38,0,79,3,0,3,82
01/18/2016,SHV,LA,ASW,CE,Combined TRACON& Tower with Radar,8,43,19,0,70,0,0,7,0,7,8,43,26,0,77,0,0,0,77
01/19/2016,SHV,LA,ASW,CE,Combined TRACON& Tower with Radar,8,44,30,4,86,0,0,0,0,0,8,44,30,4,86,2,0,2,88
01/20/2016,SHV,LA,ASW,CE,Combined TRACON& Tower with Radar,14,44,26,6,90,0,0,5,0,5,14,44,31,6,95,0,4,4,99
01/21/2016,SHV,LA,ASW,CE,Combined TRACON& Tower with Radar,8,49,20,0,77,0,0,0,0,0,8,49,20,0,77,0,0,0,77
01/22/2016,SHV,LA,ASW,CE,Combined TRACON& Tower with Radar,8,47,31,4,90,0,0,11,0,11,8,47,42,4,101,0,0,0,101
01/23/2016,SHV,LA,ASW,CE,Combined TRACON& Tower with Radar,2,32,11,12,57,0,2,12,5,19,2,34,23,17,76,0,8,8,84
01/24/2016,SHV,LA,ASW,CE,Combined TRACON& Tower with Radar,4,37,12,0,53,0,1,22,0,23,4,38,34,0,76,8,0,8,84
01/25/2016,SHV,LA,ASW,CE,Combined TRACON& Tower with Radar,8,48,10,17,83,0,1,2,0,3,8,49,12,17,86,0,4,4,90
01/26/2016,SHV,LA,ASW,CE,Combined TRACON& Tower with Radar,10,42,27,7,86,0,1,5,0,6,10,43,32,7,92,6,0,6,98
01/27/2016,SHV,LA,ASW,CE,Combined TRACON& Tower with Radar,12,47,19,0,78,0,1,16,0,17,12,48,35,0,95,0,0,0,95
01/28/2016,SHV,LA,ASW,CE,Combined TRACON& Tower with Radar,10,52,32,5,99,0,0,27,1,28,10,52,59,6,127,6,0,6,133
01/29/2016,SHV,LA,ASW,CE,Combined TRACON& Tower with Radar,14,60,20,2,96,0,1,21,0,22,14,61,41,2,118,12,0,12,130
01/30/2016,SHV,LA,ASW,CE,Combined TRACON& Tower with Radar,4,32,18,18,72,0,0,15,0,15,4,32,33,18,87,0,0,0,87
01/31/2016,SHV,LA,ASW,CE,Combined TRACON& Tower with Radar,4,35,20,6,65,0,0,12,0,12,4,35,32,6,77,0,0,0,77
02/01/2016,SHV,LA,ASW,CE,Combined TRACON& Tower with Radar,9,45,19,0,73,0,1,3,0,4,9,46,22,0,77,0,0,0,77
02/02/2016,SHV,LA,ASW,CE,Combined TRACON& Tower with Radar,12,39,9,2,62,0,0,22,0,22,12,39,31,2,84,16,0,16,100
02/03/2016,SHV,LA,ASW,CE,Combined TRACON& Tower with Radar,12,51,19,2,84,0,0,20,6,26,12,51,39,8,110,8,0,8,118
02/04/2016,SHV,LA,ASW,CE,Combined TRACON& Tower with Radar,12,47,30,2,91,0,0,28,0,28,12,47,58,2,119,6,0,6,125
02/05/2016,SHV,LA,ASW,CE,Combined TRACON& Tower with Radar,13,43,21,6,83,0,1,25,0,26,13,44,46,6,109,4,10,14,123
02/06/2016,SHV,LA,ASW,CE,Combined TRACON& Tower with Radar,4,31,16,1,52,0,1,25,0,26,4,32,41,1,78,14,0,14,92
02/07/2016,SHV,LA,ASW,CE,Combined TRACON& Tower with Radar,4,41,23,12,80,0,2,16,0,18,4,43,39,12,98,14,0,14,112
02/08/2016,SHV,LA,ASW,CE,Combined TRACON& Tower with Radar,9,49,13,6,77,0,0,7,0,7,9,49,20,6,84,0,0,0,84
02/09/2016,SHV,LA,ASW,CE,Combined TRACON& Tower with Radar,10,43,21,7,81,0,0,12,2,14,10,43,33,9,95,10,0,10,105
02/10/2016,SHV,LA,ASW,CE,Combined TRACON& Tower with Radar,14,43,33,3,93,0,0,10,1,11,14,43,43,4,104,4,0,4,108
02/11/2016,SHV,LA,ASW,CE,Combined TRACON& Tower with Radar,11,47,29,2,89,0,1,28,0,29,11,48,57,2,118,2,0,2,120
02/12/2016,SHV,LA,ASW,CE,Combined TRACON& Tower with Radar,14,48,32,0,94,0,2,36,0,38,14,50,68,0,132,2,0,2,134
02/13/2016,SHV,LA,ASW,CE,Combined TRACON& Tower with Radar,2,36,14,0,52,0,2,26,1,29,2,38,40,1,81,0,0,0,81
02/14/2016,SHV,LA,ASW,CE,Combined TRACON& Tower with Radar,2,38,19,2,61,0,2,5,0,7,2,40,24,2,68,6,0,6,74
02/15/2016,SHV,LA,ASW,CE,Combined TRACON& Tower with Radar,7,37,25,2,71,0,2,1,0,3,7,39,26,2,74,0,0,0,74
02/16/2016,SHV,LA,ASW,CE,Combined TRACON& Tower with Radar,12,44,22,0,78,0,2,13,0,15,12,46,35,0,93,0,0,0,93
02/17/2016,SHV,LA,ASW,CE,Combined TRACON& Tower with Radar,10,52,19,12,93,0,2,29,0,31,10,54,48,12,124,32,0,32,156
02/18/2016,SHV,LA,ASW,CE,Combined TRACON& Tower with Radar,10,54,39,10,113,0,0,26,0,26,10,54,65,10,139,8,0,8,147
02/19/2016,SHV,LA,ASW,CE,Combined TRACON& Tower with Radar,11,50,28,55,144,0,1,14,1,16,11,51,42,56,160,22,28,50,210
02/20/2016,SHV,LA,ASW,CE,Combined TRACON& Tower with Radar,4,33,3,8,48,0,0,3,0,3,4,33,6,8,51,0,0,0,51
02/21/2016,SHV,LA,ASW,CE,Combined TRACON& Tower with Radar,4,44,18,1,67,0,0,0,0,0,4,44,18,1,67,0,0,0,67
02/22/2016,SHV,LA,ASW,CE,Combined TRACON& Tower with Radar,7,39,18,1,65,0,0,0,0,0,7,39,18,1,65,0,0,0,65
02/23/2016,SHV,LA,ASW,CE,Combined TRACON& Tower with Radar,10,39,6,0,55,0,0,0,0,0,10,39,6,0,55,0,0,0,55
02/24/2016,SHV,LA,ASW,CE,Combined TRACON& Tower with Radar,12,49,36,4,101,0,0,4,2,6,12,49,40,6,107,10,0,10,117
02/25/2016,SHV,LA,ASW,CE,Combined TRACON& Tower with Radar,10,48,16,9,83,0,0,19,3,22,10,48,35,12,105,0,0,0,105
02/26/2016,SHV,LA,ASW,CE,Combined TRACON& Tower with Radar,11,46,37,13,107,0,2,36,2,40,11,48,73,15,147,4,0,4,151
02/27/2016,SHV,LA,ASW,CE,Combined TRACON& Tower with Radar,2,38,3,0,43,0,3,29,0,32,2,41,32,0,75,11,0,11,86
02/28/2016,SHV,LA,ASW,CE,Combined TRACON& Tower with Radar,4,41,27,8,80,0,2,20,0,22,4,43,47,8,102,17,0,17,119
02/29/2016,SHV,LA,ASW,CE,Combined TRACON& Tower with Radar,7,43,27,13,90,0,3,11,0,14,7,46,38,13,104,0,0,0,104
03/01/2016,SHV,LA,ASW,CE,Combined TRACON& Tower with Radar,10,39,17,4,70,0,0,0,0,0,10,39,17,4,70,10,0,10,80
03/02/2016,SHV,LA,ASW,CE,Combined TRACON& Tower with Radar,10,44,31,0,85,0,3,16,0,19,10,47,47,0,104,0,0,0,104
03/03/2016,SHV,LA,ASW,CE,Combined TRACON& Tower with Radar,12,47,21,4,84,0,1,2,0,3,12,48,23,4,87,0,0,0,87
03/04/2016,SHV,LA,ASW,CE,Combined TRACON& Tower with Radar,13,45,14,7,79,0,1,30,0,31,13,46,44,7,110,4,0,4,114
03/05/2016,SHV,LA,ASW,CE,Combined TRACON& Tower with Radar,6,41,20,3,70,0,0,29,3,32,6,41,49,6,102,0,4,4,106
03/06/2016,SHV,LA,ASW,CE,Combined TRACON& Tower with Radar,6,44,12,2,64,0,2,21,0,23,6,46,33,2,87,6,0,6,93
03/07/2016,SHV,LA,ASW,CE,Combined TRACON& Tower with Radar,9,47,16,2,74,0,0,3,0,3,9,47,19,2,77,0,0,0,77
03/08/2016,SHV,LA,ASW,CE,Combined TRACON& Tower with Radar,18,29,5,0,52,0,1,0,0,1,18,30,5,0,53,6,0,6,59
03/09/2016,SHV,LA,ASW,CE,Combined TRACON& Tower with Radar,14,34,4,0,52,0,0,0,0,0,14,34,4,0,52,0,0,0,52
03/10/2016,SHV,LA,ASW,CE,Combined TRACON& Tower with Radar,12,46,12,0,70,0,0,4,0,4,12,46,16,0,74,0,0,0,74
03/11/2016,SHV,LA,ASW,CE,Combined TRACON& Tower with Radar,13,47,9,2,71,0,0,5,4,9,13,47,14,6,80,0,0,0,80
03/12/2016,SHV,LA,ASW,CE,Combined TRACON& Tower with Radar,6,29,4,0,39,0,0,3,0,3,6,29,7,0,42,0,0,0,42
03/13/2016,SHV,LA,ASW,CE,Combined TRACON& Tower with Radar,6,33,12,0,51,0,2,9,0,11,6,35,21,0,62,0,0,0,62
03/14/2016,SHV,LA,ASW,CE,Combined TRACON& Tower with Radar,9,43,12,2,66,0,2,23,0,25,9,45,35,2,91,18,0,18,109
03/15/2016,SHV,LA,ASW,CE,Combined TRACON& Tower with Radar,12,48,21,4,85,0,4,19,3,26,12,52,40,7,111,18,0,18,129
03/16/2016,SHV,LA,ASW,CE,Combined TRACON& Tower with Radar,16,47,26,2,91,0,3,24,2,29,16,50,50,4,120,16,0,16,136
03/17/2016,SHV,LA,ASW,CE,Combined TRACON& Tower with Radar,20,42,46,2,110,0,2,8,6,16,20,44,54,8,126,40,0,40,166
03/18/2016,SHV,LA,ASW,CE,Combined TRACON& Tower with Radar,16,49,9,3,77,0,0,2,0,2,16,49,11,3,79,7,0,7,86
03/19/2016,SHV,LA,ASW,CE,Combined TRACON& Tower with Radar,9,43,15,6,73,0,0,14,0,14,9,43,29,6,87,12,0,12,99
03/20/2016,SHV,LA,ASW,CE,Combined TRACON& Tower with Radar,6,38,24,0,68,0,0,15,0,15,6,38,39,0,83,16,0,16,99
03/21/2016,SHV,LA,ASW,CE,Combined TRACON& Tower with Radar,13,43,46,0,102,0,1,28,3,32,13,44,74,3,134,20,0,20,154
03/22/2016,SHV,LA,ASW,CE,Combined TRACON& Tower with Radar,14,47,25,11,97,0,6,14,2,22,14,53,39,13,119,0,0,0,119
03/23/2016,SHV,LA,ASW,CE,Combined TRACON& Tower with Radar,14,44,33,3,94,0,6,13,0,19,14,50,46,3,113,4,0,4,117
03/24/2016,SHV,LA,ASW,CE,Combined TRACON& Tower with Radar,14,44,22,0,80,0,0,10,4,14,14,44,32,4,94,8,0,8,102
03/25/2016,SHV,LA,ASW,CE,Combined TRACON& Tower with Radar,13,38,32,11,94,0,0,29,0,29,13,38,61,11,123,8,0,8,131
03/26/2016,SHV,LA,ASW,CE,Combined TRACON& Tower with Radar,9,30,11,1,51,0,3,24,0,27,9,33,35,1,78,0,0,0,78
03/27/2016,SHV,LA,ASW,CE,Combined TRACON& Tower with Radar,6,38,27,0,71,0,0,3,0,3,6,38,30,0,74,0,0,0,74
03/28/2016,SHV,LA,ASW,CE,Combined TRACON& Tower with Radar,9,39,25,3,76,0,4,16,1,21,9,43,41,4,97,34,12,46,143
03/29/2016,SHV,LA,ASW,CE,Combined TRACON& Tower with Radar,17,43,31,0,91,0,1,9,2,12,17,44,40,2,103,0,0,0,103
03/30/2016,SHV,LA,ASW,CE,Combined TRACON& Tower with Radar,16,46,15,0,77,0,0,2,1,3,16,46,17,1,80,0,0,0,80
03/31/2016,SHV,LA,ASW,CE,Combined TRACON& Tower with Radar,14,52,34,1,101,0,0,20,0,20,14,52,54,1,121,4,0,4,125
04/01/2016,SHV,LA,ASW,CE,Combined TRACON& Tower with Radar,13,45,21,6,85,0,0,7,0,7,13,45,28,6,92,12,18,30,122
04/02/2016,SHV,LA,ASW,CE,Combined TRACON& Tower with Radar,8,32,17,0,57,0,4,34,0,38,8,36,51,0,95,2,0,2,97
04/03/2016,SHV,LA,ASW,CE,Combined TRACON& Tower with Radar,8,35,25,5,73,0,2,20,2,24,8,37,45,7,97,0,0,0,97
04/04/2016,SHV,LA,ASW,CE,Combined TRACON& Tower with Radar,9,51,14,10,84,0,0,20,1,21,9,51,34,11,105,17,0,17,122
04/05/2016,SHV,LA,ASW,CE,Combined TRACON& Tower with Radar,12,43,18,4,77,0,2,15,2,19,12,45,33,6,96,6,0,6,102
04/06/2016,SHV,LA,ASW,CE,Combined TRACON& Tower with Radar,12,49,24,5,90,0,0,7,2,9,12,49,31,7,99,0,0,0,99
04/07/2016,SHV,LA,ASW,CE,Combined TRACON& Tower with Radar,12,42,28,0,82,0,0,18,8,26,12,42,46,8,108,0,0,0,108
04/08/2016,SHV,LA,ASW,CE,Combined TRACON& Tower with Radar,14,43,42,26,125,0,2,29,0,31,14,45,71,26,156,16,0,16,172
04/09/2016,SHV,LA,ASW,CE,Combined TRACON& Tower with Radar,4,32,24,14,74,0,2,29,0,31,4,34,53,14,105,4,0,4,109
04/10/2016,SHV,LA,ASW,CE,Combined TRACON& Tower with Radar,6,37,23,4,70,0,1,7,0,8,6,38,30,4,78,16,0,16,94
04/11/2016,SHV,LA,ASW,CE,Combined TRACON& Tower with Radar,13,35,10,2,60,0,0,0,0,0,13,35,10,2,60,0,0,0,60
04/12/2016,SHV,LA,ASW,CE,Combined TRACON& Tower with Radar,12,48,49,2,111,0,0,8,0,8,12,48,57,2,119,0,0,0,119
04/13/2016,SHV,LA,ASW,CE,Combined TRACON& Tower with Radar,12,41,26,2,81,0,1,10,0,11,12,42,36,2,92,12,0,12,104
04/14/2016,SHV,LA,ASW,CE,Combined TRACON& Tower with Radar,12,40,43,0,95,0,0,3,0,3,12,40,46,0,98,0,0,0,98
04/15/2016,SHV,LA,ASW,CE,Combined TRACON& Tower with Radar,13,46,28,5,92,0,0,5,0,5,13,46,33,5,97,0,0,0,97
04/16/2016,SHV,LA,ASW,CE,Combined TRACON& Tower with Radar,4,30,29,2,65,0,0,7,2,9,4,30,36,4,74,11,0,11,85
04/17/2016,SHV,LA,ASW,CE,Combined TRACON& Tower with Radar,14,31,24,8,77,0,0,8,0,8,14,31,32,8,85,0,0,0,85
04/18/2016,SHV,LA,ASW,CE,Combined TRACON& Tower with Radar,13,36,14,0,63,0,0,0,0,0,13,36,14,0,63,0,0,0,63
04/19/2016,SHV,LA,ASW,CE,Combined TRACON& Tower with Radar,12,36,19,0,67,0,0,6,0,6,12,36,25,0,73,0,0,0,73
04/20/2016,SHV,LA,ASW,CE,Combined TRACON& Tower with Radar,12,38,16,2,68,0,0,6,0,6,12,38,22,2,74,2,0,2,76
04/21/2016,SHV,LA,ASW,CE,Combined TRACON& Tower with Radar,12,42,18,2,74,0,2,13,0,15,12,44,31,2,89,6,0,6,95
04/22/2016,SHV,LA,ASW,CE,Combined TRACON& Tower with Radar,13,41,25,18,97,0,0,31,0,31,13,41,56,18,128,0,0,0,128
04/23/2016,SHV,LA,ASW,CE,Combined TRACON& Tower with Radar,4,36,19,4,63,0,0,22,0,22,4,36,41,4,85,22,0,22,107
04/24/2016,SHV,LA,ASW,CE,Combined TRACON& Tower with Radar,6,37,15,0,58,0,3,13,0,16,6,40,28,0,74,0,0,0,74
04/25/2016,SHV,LA,ASW,CE,Combined TRACON& Tower with Radar,9,42,25,0,76,0,0,6,2,8,9,42,31,2,84,0,0,0,84
04/26/2016,SHV,LA,ASW,CE,Combined TRACON& Tower with Radar,12,37,19,6,74,0,0,5,0,5,12,37,24,6,79,0,0,0,79
04/27/2016,SHV,LA,ASW,CE,Combined TRACON& Tower with Radar,13,38,16,2,69,0,0,11,0,11,13,38,27,2,80,24,0,24,104
04/28/2016,SHV,LA,ASW,CE,Combined TRACON& Tower with Radar,13,40,15,4,72,0,6,19,0,25,13,46,34,4,97,6,0,6,103
04/29/2016,SHV,LA,ASW,CE,Combined TRACON& Tower with Radar,14,31,12,0,57,0,0,3,0,3,14,31,15,0,60,0,0,0,60
04/30/2016,SHV,LA,ASW,CE,Combined TRACON& Tower with Radar,5,31,3,0,39,0,3,4,0,7,5,34,7,0,46,0,0,0,46
05/01/2016,SHV,LA,ASW,CE,Combined TRACON& Tower with Radar,4,43,10,10,67,0,0,16,0,16,4,43,26,10,83,0,0,0,83
05/02/2016,SHV,LA,ASW,CE,Combined TRACON& Tower with Radar,10,40,19,2,71,0,5,1,0,6,10,45,20,2,77,0,0,0,77
05/03/2016,SHV,LA,ASW,CE,Combined TRACON& Tower with Radar,15,48,17,23,103,0,5,14,0,19,15,53,31,23,122,42,0,42,164
05/04/2016,SHV,LA,ASW,CE,Combined TRACON& Tower with Radar,11,42,35,6,94,0,4,26,2,32,11,46,61,8,126,22,6,28,154
05/05/2016,SHV,LA,ASW,CE,Combined TRACON& Tower with Radar,14,47,31,0,92,0,0,15,0,15,14,47,46,0,107,4,0,4,111
05/06/2016,SHV,LA,ASW,CE,Combined TRACON& Tower with Radar,13,45,29,21,108,0,2,41,0,43,13,47,70,21,151,12,4,16,167
05/07/2016,SHV,LA,ASW,CE,Combined TRACON& Tower with Radar,2,38,8,0,48,0,1,22,0,23,2,39,30,0,71,12,4,16,87
05/08/2016,SHV,LA,ASW,CE,Combined TRACON& Tower with Radar,6,44,15,0,65,0,0,3,0,3,6,44,18,0,68,8,0,8,76
05/09/2016,SHV,LA,ASW,CE,Combined TRACON& Tower with Radar,9,49,24,0,82,0,0,5,0,5,9,49,29,0,87,4,0,4,91
05/10/2016,SHV,LA,ASW,CE,Combined TRACON& Tower with Radar,12,57,24,8,101,0,0,17,0,17,12,57,41,8,118,4,0,4,122
05/11/2016,SHV,LA,ASW,CE,Combined TRACON& Tower with Radar,12,44,41,8,105,0,2,8,0,10,12,46,49,8,115,0,0,0,115
05/12/2016,SHV,LA,ASW,CE,Combined TRACON& Tower with Radar,14,50,30,0,94,0,3,3,1,7,14,53,33,1,101,0,0,0,101
05/13/2016,SHV,LA,ASW,CE,Combined TRACON& Tower with Radar,13,43,20,28,104,0,4,17,2,23,13,47,37,30,127,10,24,34,161
05/14/2016,SHV,LA,ASW,CE,Combined TRACON& Tower with Radar,7,43,13,6,69,0,0,12,0,12,7,43,25,6,81,0,0,0,81
05/15/2016,SHV,LA,ASW,CE,Combined TRACON& Tower with Radar,10,38,20,22,90,0,1,9,0,10,10,39,29,22,100,4,0,4,104
05/16/2016,SHV,LA,ASW,CE,Combined TRACON& Tower with Radar,9,44,27,2,82,0,1,7,0,8,9,45,34,2,90,0,0,0,90
05/17/2016,SHV,LA,ASW,CE,Combined TRACON& Tower with Radar,12,42,41,10,105,0,0,11,0,11,12,42,52,10,116,0,0,0,116
05/18/2016,SHV,LA,ASW,CE,Combined TRACON& Tower with Radar,13,47,30,0,90,6,0,5,0,11,19,47,35,0,101,0,0,0,101
05/19/2016,SHV,LA,ASW,CE,Combined TRACON& Tower with Radar,13,43,34,0,90,0,0,3,1,4,13,43,37,1,94,0,0,0,94
05/20/2016,SHV,LA,ASW,CE,Combined TRACON& Tower with Radar,13,43,23,5,84,0,0,9,3,12,13,43,32,8,96,16,0,16,112
05/21/2016,SHV,LA,ASW,CE,Combined TRACON& Tower with Radar,4,39,16,29,88,0,0,23,1,24,4,39,39,30,112,0,0,0,112
05/22/2016,SHV,LA,ASW,CE,Combined TRACON& Tower with Radar,6,41,19,7,73,0,0,7,1,8,6,41,26,8,81,0,2,2,83
05/23/2016,SHV,LA,ASW,CE,Combined TRACON& Tower with Radar,10,40,23,0,73,0,2,5,0,7,10,42,28,0,80,0,0,0,80
05/24/2016,SHV,LA,ASW,CE,Combined TRACON& Tower with Radar,13,41,18,12,84,4,2,17,0,23,17,43,35,12,107,0,0,0,107
05/25/2016,SHV,LA,ASW,CE,Combined TRACON& Tower with Radar,12,45,36,2,95,0,1,4,3,8,12,46,40,5,103,0,0,0,103
05/26/2016,SHV,LA,ASW,CE,Combined TRACON& Tower with Radar,12,40,16,1,69,0,0,4,0,4,12,40,20,1,73,0,0,0,73
05/27/2016,SHV,LA,ASW,CE,Combined TRACON& Tower with Radar,15,37,18,0,70,0,0,0,0,0,15,37,18,0,70,0,0,0,70
05/28/2016,SHV,LA,ASW,CE,Combined TRACON& Tower with Radar,2,35,20,3,60,0,1,16,0,17,2,36,36,3,77,32,0,32,109
05/29/2016,SHV,LA,ASW,CE,Combined TRACON& Tower with Radar,9,33,7,5,54,0,0,8,0,8,9,33,15,5,62,0,0,0,62
05/30/2016,SHV,LA,ASW,CE,Combined TRACON& Tower with Radar,8,39,20,0,67,0,0,11,4,15,8,39,31,4,82,0,0,0,82
05/31/2016,SHV,LA,ASW,CE,Combined TRACON& Tower with Radar,22,51,26,18,117,8,2,14,2,26,30,53,40,20,143,8,0,8,151
06/01/2016,SHV,LA,ASW,CE,Combined TRACON& Tower with Radar,18,45,19,0,82,0,2,12,0,14,18,47,31,0,96,8,0,8,104
06/02/2016,SHV,LA,ASW,CE,Combined TRACON& Tower with Radar,14,35,19,10,78,0,0,1,0,1,14,35,20,10,79,0,0,0,79
06/03/2016,SHV,LA,ASW,CE,Combined TRACON& Tower with Radar,17,42,15,4,78,0,0,5,2,7,17,42,20,6,85,0,0,0,85
06/04/2016,SHV,LA,ASW,CE,Combined TRACON& Tower with Radar,3,40,21,1,65,0,0,2,3,5,3,40,23,4,70,0,0,0,70
06/05/2016,SHV,LA,ASW,CE,Combined TRACON& Tower with Radar,7,41,23,8,79,0,0,8,6,14,7,41,31,14,93,14,0,14,107
06/06/2016,SHV,LA,ASW,CE,Combined TRACON& Tower with Radar,11,42,19,10,82,0,0,10,1,11,11,42,29,11,93,0,0,0,93
06/07/2016,SHV,LA,ASW,CE,Combined TRACON& Tower with Radar,12,40,20,0,72,0,0,19,0,19,12,40,39,0,91,20,0,20,111
06/08/2016,SHV,LA,ASW,CE,Combined TRACON& Tower with Radar,11,42,15,2,70,1,4,15,6,26,12,46,30,8,96,27,0,27,123
06/09/2016,SHV,LA,ASW,CE,Combined TRACON& Tower with Radar,10,47,19,16,92,0,0,23,4,27,10,47,42,20,119,8,8,16,135
06/10/2016,SHV,LA,ASW,CE,Combined TRACON& Tower with Radar,13,52,23,22,110,0,0,26,2,28,13,52,49,24,138,16,0,16,154
06/11/2016,SHV,LA,ASW,CE,Combined TRACON& Tower with Radar,2,41,21,20,84,0,1,11,1,13,2,42,32,21,97,6,12,18,115
06/12/2016,SHV,LA,ASW,CE,Combined TRACON& Tower with Radar,10,39,22,3,74,0,0,8,1,9,10,39,30,4,83,0,0,0,83
06/13/2016,SHV,LA,ASW,CE,Combined TRACON& Tower with Radar,9,45,30,0,84,0,0,0,0,0,9,45,30,0,84,0,0,0,84
06/14/2016,SHV,LA,ASW,CE,Combined TRACON& Tower with Radar,10,44,34,4,92,0,0,11,0,11,10,44,45,4,103,79,0,79,182
06/15/2016,SHV,LA,ASW,CE,Combined TRACON& Tower with Radar,13,44,31,8,96,0,0,12,3,15,13,44,43,11,111,40,24,64,175
06/16/2016,SHV,LA,ASW,CE,Combined TRACON& Tower with Radar,11,42,26,12,91,0,10,14,0,24,11,52,40,12,115,39,0,39,154
06/17/2016,SHV,LA,ASW,CE,Combined TRACON& Tower with Radar,13,47,25,16,101,0,4,17,0,21,13,51,42,16,122,0,0,0,122
06/18/2016,SHV,LA,ASW,CE,Combined TRACON& Tower with Radar,2,40,14,3,59,0,0,24,2,26,2,40,38,5,85,2,0,2,87
06/19/2016,SHV,LA,ASW,CE,Combined TRACON& Tower with Radar,5,38,13,10,66,0,0,12,1,13,5,38,25,11,79,6,0,6,85
06/20/2016,SHV,LA,ASW,CE,Combined TRACON& Tower with Radar,8,44,21,2,75,0,0,10,0,10,8,44,31,2,85,4,0,4,89
06/21/2016,SHV,LA,ASW,CE,Combined TRACON& Tower with Radar,16,53,31,12,112,0,0,20,3,23,16,53,51,15,135,15,12,27,162
06/22/2016,SHV,LA,ASW,CE,Combined TRACON& Tower with Radar,10,40,25,2,77,0,3,14,1,18,10,43,39,3,95,0,0,0,95
06/23/2016,SHV,LA,ASW,CE,Combined TRACON& Tower with Radar,18,57,27,8,110,0,0,28,2,30,18,57,55,10,140,39,4,43,183
06/24/2016,SHV,LA,ASW,CE,Combined TRACON& Tower with Radar,14,46,30,4,94,0,1,11,0,12,14,47,41,4,106,0,0,0,106
06/25/2016,SHV,LA,ASW,CE,Combined TRACON& Tower with Radar,12,37,18,31,98,0,2,10,1,13,12,39,28,32,111,0,3,3,114
06/26/2016,SHV,LA,ASW,CE,Combined TRACON& Tower with Radar,9,37,16,4,66,0,1,14,0,15,9,38,30,4,81,0,0,0,81
06/27/2016,SHV,LA,ASW,CE,Combined TRACON& Tower with Radar,11,44,17,13,85,0,1,2,3,6,11,45,19,16,91,0,17,17,108
06/28/2016,SHV,LA,ASW,CE,Combined TRACON& Tower with Radar,19,52,15,13,99,0,0,10,6,16,19,52,25,19,115,16,0,16,131
06/29/2016,SHV,LA,ASW,CE,Combined TRACON& Tower with Radar,19,50,16,4,89,0,2,26,1,29,19,52,42,5,118,0,0,0,118
06/30/2016,SHV,LA,ASW,CE,Combined TRACON& Tower with Radar,15,61,19,7,102,0,0,13,1,14,15,61,32,8,116,0,8,8,124
07/01/2016,SHV,LA,ASW,CE,Combined TRACON& Tower with Radar,16,53,34,0,103,0,3,14,0,17,16,56,48,0,120,0,0,0,120
07/02/2016,SHV,LA,ASW,CE,Combined TRACON& Tower with Radar,4,43,20,0,67,0,0,14,0,14,4,43,34,0,81,0,2,2,83
07/03/2016,SHV,LA,ASW,CE,Combined TRACON& Tower with Radar,5,37,9,0,51,0,0,1,0,1,5,37,10,0,52,0,0,0,52
07/04/2016,SHV,LA,ASW,CE,Combined TRACON& Tower with Radar,6,42,8,0,56,0,1,6,0,7,6,43,14,0,63,0,0,0,63
07/05/2016,SHV,LA,ASW,CE,Combined TRACON& Tower with Radar,9,48,18,0,75,0,0,5,0,5,9,48,23,0,80,4,0,4,84
07/06/2016,SHV,LA,ASW,CE,Combined TRACON& Tower with Radar,11,45,19,2,77,0,1,23,2,26,11,46,42,4,103,8,0,8,111
07/07/2016,SHV,LA,ASW,CE,Combined TRACON& Tower with Radar,13,50,13,0,76,0,1,16,0,17,13,51,29,0,93,2,0,2,95
07/08/2016,SHV,LA,ASW,CE,Combined TRACON& Tower with Radar,12,47,34,13,106,0,0,10,3,13,12,47,44,16,119,16,0,16,135
07/09/2016,SHV,LA,ASW,CE,Combined TRACON& Tower with Radar,6,36,17,27,86,0,1,22,0,23,6,37,39,27,109,10,6,16,125
07/10/2016,SHV,LA,ASW,CE,Combined TRACON& Tower with Radar,6,43,15,10,74,0,0,14,0,14,6,43,29,10,88,0,0,0,88
07/11/2016,SHV,LA,ASW,CE,Combined TRACON& Tower with Radar,5,46,11,0,62,0,1,12,0,13,5,47,23,0,75,26,0,26,101
07/12/2016,SHV,LA,ASW,CE,Combined TRACON& Tower with Radar,14,47,19,9,89,0,3,26,0,29,14,50,45,9,118,29,0,29,147
07/13/2016,SHV,LA,ASW,CE,Combined TRACON& Tower with Radar,10,45,28,9,92,0,0,14,0,14,10,45,42,9,106,0,0,0,106
07/14/2016,SHV,LA,ASW,CE,Combined TRACON& Tower with Radar,18,43,26,9,96,0,1,17,1,19,18,44,43,10,115,9,0,9,124
07/15/2016,SHV,LA,ASW,CE,Combined TRACON& Tower with Radar,17,50,23,14,104,0,0,12,2,14,17,50,35,16,118,0,0,0,118
07/16/2016,SHV,LA,ASW,CE,Combined TRACON& Tower with Radar,2,34,12,4,52,0,0,9,3,12,2,34,21,7,64,4,6,10,74
07/17/2016,SHV,LA,ASW,CE,Combined TRACON& Tower with Radar,4,44,12,12,72,0,1,14,1,16,4,45,26,13,88,2,2,4,92
07/18/2016,SHV,LA,ASW,CE,Combined TRACON& Tower with Radar,11,43,15,4,73,0,4,6,3,13,11,47,21,7,86,6,0,6,92
07/19/2016,SHV,LA,ASW,CE,Combined TRACON& Tower with Radar,10,43,20,6,79,0,3,20,2,25,10,46,40,8,104,10,0,10,114
07/20/2016,SHV,LA,ASW,CE,Combined TRACON& Tower with Radar,10,47,26,0,83,0,0,33,3,36,10,47,59,3,119,31,0,31,150
07/21/2016,SHV,LA,ASW,CE,Combined TRACON& Tower with Radar,14,49,30,8,101,0,4,19,0,23,14,53,49,8,124,10,8,18,142
07/22/2016,SHV,LA,ASW,CE,Combined TRACON& Tower with Radar,13,50,23,8,94,0,0,11,0,11,13,50,34,8,105,18,0,18,123
07/23/2016,SHV,LA,ASW,CE,Combined TRACON& Tower with Radar,2,38,26,4,70,0,0,16,0,16,2,38,42,4,86,4,0,4,90
07/24/2016,SHV,LA,ASW,CE,Combined TRACON& Tower with Radar,8,39,16,6,69,0,0,10,4,14,8,39,26,10,83,15,0,15,98
07/25/2016,SHV,LA,ASW,CE,Combined TRACON& Tower with Radar,10,47,11,3,71,0,1,18,3,22,10,48,29,6,93,0,0,0,93
07/26/2016,SHV,LA,ASW,CE,Combined TRACON& Tower with Radar,15,47,16,2,80,0,0,15,0,15,15,47,31,2,95,20,0,20,115
07/27/2016,SHV,LA,ASW,CE,Combined TRACON& Tower with Radar,10,36,17,6,69,0,0,12,2,14,10,36,29,8,83,6,0,6,89
07/28/2016,SHV,LA,ASW,CE,Combined TRACON& Tower with Radar,11,46,18,18,93,0,0,2,2,4,11,46,20,20,97,0,0,0,97
07/29/2016,SHV,LA,ASW,CE,Combined TRACON& Tower with Radar,16,51,26,2,95,0,0,9,0,9,16,51,35,2,104,6,0,6,110
07/30/2016,SHV,LA,ASW,CE,Combined TRACON& Tower with Radar,4,35,14,0,53,0,0,10,0,10,4,35,24,0,63,10,0,10,73
07/31/2016,SHV,LA,ASW,CE,Combined TRACON& Tower with Radar,4,40,19,22,85,0,2,18,0,20,4,42,37,22,105,14,0,14,119
08/01/2016,SHV,LA,ASW,CE,Combined TRACON& Tower with Radar,9,48,24,0,81,0,2,8,2,12,9,50,32,2,93,7,0,7,100
08/02/2016,SHV,LA,ASW,CE,Combined TRACON& Tower with Radar,12,44,15,4,75,0,0,22,0,22,12,44,37,4,97,2,0,2,99
08/03/2016,SHV,LA,ASW,CE,Combined TRACON& Tower with Radar,12,50,14,8,84,0,0,33,4,37,12,50,47,12,121,10,0,10,131
08/04/2016,SHV,LA,ASW,CE,Combined TRACON& Tower with Radar,12,54,28,20,114,0,0,14,3,17,12,54,42,23,131,48,0,48,179
08/05/2016,SHV,LA,ASW,CE,Combined TRACON& Tower with Radar,15,56,12,18,101,0,0,15,1,16,15,56,27,19,117,38,0,38,155
08/06/2016,SHV,LA,ASW,CE,Combined TRACON& Tower with Radar,9,35,10,11,65,0,3,4,4,11,9,38,14,15,76,16,10,26,102
08/07/2016,SHV,LA,ASW,CE,Combined TRACON& Tower with Radar,5,38,20,12,75,0,1,10,0,11,5,39,30,12,86,4,0,4,90
08/08/2016,SHV,LA,ASW,CE,Combined TRACON& Tower with Radar,4,40,24,7,75,0,0,9,0,9,4,40,33,7,84,42,0,42,126
08/09/2016,SHV,LA,ASW,CE,Combined TRACON& Tower with Radar,16,41,27,3,87,0,0,6,2,8,16,41,33,5,95,9,12,21,116
08/10/2016,SHV,LA,ASW,CE,Combined TRACON& Tower with Radar,16,46,21,4,87,0,0,8,1,9,16,46,29,5,96,48,0,48,144
08/11/2016,SHV,LA,ASW,CE,Combined TRACON& Tower with Radar,12,52,18,0,82,0,2,9,8,19,12,54,27,8,101,6,0,6,107
08/12/2016,SHV,LA,ASW,CE,Combined TRACON& Tower with Radar,23,48,11,10,92,0,2,7,0,9,23,50,18,10,101,28,0,28,129
08/13/2016,SHV,LA,ASW,CE,Combined TRACON& Tower with Radar,4,44,15,2,65,0,0,6,0,6,4,44,21,2,71,0,0,0,71
08/14/2016,SHV,LA,ASW,CE,Combined TRACON& Tower with Radar,4,36,16,2,58,0,0,0,0,0,4,36,16,2,58,0,0,0,58
08/15/2016,SHV,LA,ASW,CE,Combined TRACON& Tower with Radar,8,40,14,1,63,0,0,0,2,2,8,40,14,3,65,0,0,0,65
08/16/2016,SHV,LA,ASW,CE,Combined TRACON& Tower with Radar,13,40,11,1,65,0,0,0,0,0,13,40,11,1,65,0,0,0,65
08/17/2016,SHV,LA,ASW,CE,Combined TRACON& Tower with Radar,14,48,18,0,80,0,0,3,0,3,14,48,21,0,83,0,0,0,83
08/18/2016,SHV,LA,ASW,CE,Combined TRACON& Tower with Radar,12,40,23,4,79,0,0,4,0,4,12,40,27,4,83,2,0,2,85
08/19/2016,SHV,LA,ASW,CE,Combined TRACON& Tower with Radar,28,48,19,6,101,0,0,3,0,3,28,48,22,6,104,5,0,5,109
08/20/2016,SHV,LA,ASW,CE,Combined TRACON& Tower with Radar,7,39,17,18,81,0,1,0,2,3,7,40,17,20,84,2,0,2,86
08/21/2016,SHV,LA,ASW,CE,Combined TRACON& Tower with Radar,4,42,15,2,63,0,1,2,0,3,4,43,17,2,66,0,0,0,66
08/22/2016,SHV,LA,ASW,CE,Combined TRACON& Tower with Radar,11,57,8,2,78,0,0,6,0,6,11,57,14,2,84,0,0,0,84
08/23/2016,SHV,LA,ASW,CE,Combined TRACON& Tower with Radar,12,37,19,0,68,0,3,21,0,24,12,40,40,0,92,0,0,0,92
08/24/2016,SHV,LA,ASW,CE,Combined TRACON& Tower with Radar,12,49,17,4,82,0,3,25,2,30,12,52,42,6,112,28,15,43,155
08/25/2016,SHV,LA,ASW,CE,Combined TRACON& Tower with Radar,14,45,13,2,74,0,0,14,0,14,14,45,27,2,88,28,0,28,116
08/26/2016,SHV,LA,ASW,CE,Combined TRACON& Tower with Radar,11,54,29,2,96,0,0,6,0,6,11,54,35,2,102,30,0,30,132
08/27/2016,SHV,LA,ASW,CE,Combined TRACON& Tower with Radar,4,31,9,2,46,0,2,21,0,23,4,33,30,2,69,10,0,10,79
08/28/2016,SHV,LA,ASW,CE,Combined TRACON& Tower with Radar,4,34,13,6,57,0,2,11,2,15,4,36,24,8,72,16,18,34,106
08/29/2016,SHV,LA,ASW,CE,Combined TRACON& Tower with Radar,6,42,14,1,63,0,0,16,0,16,6,42,30,1,79,4,0,4,83
08/30/2016,SHV,LA,ASW,CE,Combined TRACON& Tower with Radar,8,48,17,4,77,0,2,13,0,15,8,50,30,4,92,12,0,12,104
08/31/2016,SHV,LA,ASW,CE,Combined TRACON& Tower with Radar,11,41,20,10,82,0,2,22,3,27,11,43,42,13,109,61,0,61,170
09/01/2016,SHV,LA,ASW,CE,Combined TRACON& Tower with Radar,16,45,21,7,89,0,4,13,2,19,16,49,34,9,108,14,0,14,122
09/02/2016,SHV,LA,ASW,CE,Combined TRACON& Tower with Radar,11,45,33,0,89,0,1,22,2,25,11,46,55,2,114,24,0,24,138
09/03/2016,SHV,LA,ASW,CE,Combined TRACON& Tower with Radar,2,33,9,0,44,0,0,19,0,19,2,33,28,0,63,10,0,10,73
09/04/2016,SHV,LA,ASW,CE,Combined TRACON& Tower with Radar,3,27,14,0,44,0,1,16,0,17,3,28,30,0,61,0,0,0,61
09/05/2016,SHV,LA,ASW,CE,Combined TRACON& Tower with Radar,6,43,31,0,80,0,0,6,2,8,6,43,37,2,88,6,0,6,94
09/06/2016,SHV,LA,ASW,CE,Combined TRACON& Tower with Radar,8,49,26,0,83,0,2,6,0,8,8,51,32,0,91,11,0,11,102
09/07/2016,SHV,LA,ASW,CE,Combined TRACON& Tower with Radar,16,49,21,0,86,0,0,21,0,21,16,49,42,0,107,44,0,44,151
09/08/2016,SHV,LA,ASW,CE,Combined TRACON& Tower with Radar,14,41,41,1,97,0,0,12,1,13,14,41,53,2,110,23,0,23,133
09/09/2016,SHV,LA,ASW,CE,Combined TRACON& Tower with Radar,13,48,35,8,104,0,0,10,0,10,13,48,45,8,114,14,0,14,128
09/10/2016,SHV,LA,ASW,CE,Combined TRACON& Tower with Radar,1,30,14,2,47,0,0,3,0,3,1,30,17,2,50,0,0,0,50
09/11/2016,SHV,LA,ASW,CE,Combined TRACON& Tower with Radar,10,43,29,0,82,0,3,17,0,20,10,46,46,0,102,0,0,0,102
09/12/2016,SHV,LA,ASW,CE,Combined TRACON& Tower with Radar,8,43,15,1,67,0,0,9,1,10,8,43,24,2,77,14,0,14,91
09/13/2016,SHV,LA,ASW,CE,Combined TRACON& Tower with Radar,13,52,25,4,94,0,0,6,2,8,13,52,31,6,102,11,0,11,113
09/14/2016,SHV,LA,ASW,CE,Combined TRACON& Tower with Radar,10,47,27,0,84,0,1,108,0,109,10,48,135,0,193,0,0,0,193
09/15/2016,SHV,LA,ASW,CE,Combined TRACON& Tower with Radar,16,51,27,5,99,0,0,14,3,17,16,51,41,8,116,16,0,16,132
09/16/2016,SHV,LA,ASW,CE,Combined TRACON& Tower with Radar,12,46,24,15,97,0,3,8,4,15,12,49,32,19,112,24,16,40,152
09/17/2016,SHV,LA,ASW,CE,Combined TRACON& Tower with Radar,5,34,24,1,64,0,2,3,0,5,5,36,27,1,69,0,0,0,69
09/18/2016,SHV,LA,ASW,CE,Combined TRACON& Tower with Radar,6,43,27,0,76,0,1,7,0,8,6,44,34,0,84,0,0,0,84
09/19/2016,SHV,LA,ASW,CE,Combined TRACON& Tower with Radar,7,43,17,2,69,0,0,17,0,17,7,43,34,2,86,12,0,12,98
09/20/2016,SHV,LA,ASW,CE,Combined TRACON& Tower with Radar,12,47,24,3,86,0,0,20,1,21,12,47,44,4,107,0,8,8,115
09/21/2016,SHV,LA,ASW,CE,Combined TRACON& Tower with Radar,16,41,32,0,89,0,2,19,0,21,16,43,51,0,110,85,0,85,195
09/22/2016,SHV,LA,ASW,CE,Combined TRACON& Tower with Radar,16,58,26,0,100,0,0,24,0,24,16,58,50,0,124,18,0,18,142
09/23/2016,SHV,LA,ASW,CE,Combined TRACON& Tower with Radar,13,50,30,22,115,0,2,19,4,25,13,52,49,26,140,0,10,10,150
09/24/2016,SHV,LA,ASW,CE,Combined TRACON& Tower with Radar,8,33,11,2,54,0,4,27,2,33,8,37,38,4,87,13,0,13,100
09/25/2016,SHV,LA,ASW,CE,Combined TRACON& Tower with Radar,10,44,31,9,94,0,0,14,2,16,10,44,45,11,110,10,6,16,126
09/26/2016,SHV,LA,ASW,CE,Combined TRACON& Tower with Radar,10,53,15,7,85,0,0,8,0,8,10,53,23,7,93,0,0,0,93
09/27/2016,SHV,LA,ASW,CE,Combined TRACON& Tower with Radar,12,47,28,2,89,0,0,19,0,19,12,47,47,2,108,8,14,22,130
09/28/2016,SHV,LA,ASW,CE,Combined TRACON& Tower with Radar,13,54,35,0,102,0,0,15,0,15,13,54,50,0,117,23,0,23,140
09/29/2016,SHV,LA,ASW,CE,Combined TRACON& Tower with Radar,12,54,16,2,84,0,0,25,2,27,12,54,41,4,111,4,0,4,115
09/30/2016,SHV,LA,ASW,CE,Combined TRACON& Tower with Radar,13,53,24,0,90,0,3,13,0,16,13,56,37,0,106,12,0,12,118
10/01/2016,SHV,LA,ASW,CE,Combined TRACON& Tower with Radar,7,37,27,0,71,0,0,11,0,11,7,37,38,0,82,14,0,14,96
10/02/2016,SHV,LA,ASW,CE,Combined TRACON& Tower with Radar,11,35,20,0,66,0,0,21,0,21,11,35,41,0,87,2,0,2,89
10/03/2016,SHV,LA,ASW,CE,Combined TRACON& Tower with Radar,11,39,7,2,59,0,0,23,0,23,11,39,30,2,82,16,0,16,98
10/04/2016,SHV,LA,ASW,CE,Combined TRACON& Tower with Radar,18,53,19,0,90,0,1,20,0,21,18,54,39,0,111,5,0,5,116
10/05/2016,SHV,LA,ASW,CE,Combined TRACON& Tower with Radar,13,46,24,0,83,0,1,17,3,21,13,47,41,3,104,0,0,0,104
10/06/2016,SHV,LA,ASW,CE,Combined TRACON& Tower with Radar,16,55,23,14,108,0,1,15,0,16,16,56,38,14,124,4,0,4,128
10/07/2016,SHV,LA,ASW,CE,Combined TRACON& Tower with Radar,16,46,22,26,110,0,0,13,0,13,16,46,35,26,123,26,0,26,149
10/08/2016,SHV,LA,ASW,CE,Combined TRACON& Tower with Radar,6,37,13,7,63,0,0,11,9,20,6,37,24,16,83,14,0,14,97
10/09/2016,SHV,LA,ASW,CE,Combined TRACON& Tower with Radar,6,41,12,0,59,0,1,9,0,10,6,42,21,0,69,0,0,0,69
10/10/2016,SHV,LA,ASW,CE,Combined TRACON& Tower with Radar,17,40,13,0,70,0,0,16,0,16,17,40,29,0,86,0,0,0,86
10/11/2016,SHV,LA,ASW,CE,Combined TRACON& Tower with Radar,14,42,25,2,83,0,6,14,1,21,14,48,39,3,104,12,0,12,116
10/12/2016,SHV,LA,ASW,CE,Combined TRACON& Tower with Radar,16,43,13,4,76,0,0,17,1,18,16,43,30,5,94,45,4,49,143
10/13/2016,SHV,LA,ASW,CE,Combined TRACON& Tower with Radar,16,49,27,2,94,0,0,4,0,4,16,49,31,2,98,0,0,0,98
10/14/2016,SHV,LA,ASW,CE,Combined TRACON& Tower with Radar,19,43,53,2,117,0,0,2,0,2,19,43,55,2,119,0,0,0,119
10/15/2016,SHV,LA,ASW,CE,Combined TRACON& Tower with Radar,4,36,22,28,90,0,1,11,5,17,4,37,33,33,107,0,8,8,115
10/16/2016,SHV,LA,ASW,CE,Combined TRACON& Tower with Radar,8,40,21,14,83,0,2,11,1,14,8,42,32,15,97,6,0,6,103
10/17/2016,SHV,LA,ASW,CE,Combined TRACON& Tower with Radar,12,44,17,2,75,0,2,5,0,7,12,46,22,2,82,14,0,14,96
10/18/2016,SHV,LA,ASW,CE,Combined TRACON& Tower with Radar,14,47,35,4,100,0,4,10,0,14,14,51,45,4,114,28,0,28,142
10/19/2016,SHV,LA,ASW,CE,Combined TRACON& Tower with Radar,12,44,24,0,80,0,0,15,0,15,12,44,39,0,95,0,0,0,95
10/20/2016,SHV,LA,ASW,CE,Combined TRACON& Tower with Radar,10,56,31,0,97,0,0,9,1,10,10,56,40,1,107,6,0,6,113
10/21/2016,SHV,LA,ASW,CE,Combined TRACON& Tower with Radar,12,52,31,7,102,0,0,16,0,16,12,52,47,7,118,4,0,4,122
10/22/2016,SHV,LA,ASW,CE,Combined TRACON& Tower with Radar,2,31,16,2,51,0,0,16,0,16,2,31,32,2,67,0,4,4,71
10/23/2016,SHV,LA,ASW,CE,Combined TRACON& Tower with Radar,6,35,34,16,91,0,1,14,0,15,6,36,48,16,106,20,0,20,126
10/24/2016,SHV,LA,ASW,CE,Combined TRACON& Tower with Radar,10,44,17,0,71,0,0,17,2,19,10,44,34,2,90,14,4,18,108
10/25/2016,SHV,LA,ASW,CE,Combined TRACON& Tower with Radar,10,49,16,0,75,0,0,9,2,11,10,49,25,2,86,0,0,0,86
10/26/2016,SHV,LA,ASW,CE,Combined TRACON& Tower with Radar,12,48,24,2,86,0,0,39,0,39,12,48,63,2,125,0,4,4,129
10/27/2016,SHV,LA,ASW,CE,Combined TRACON& Tower with Radar,12,44,25,6,87,0,0,25,0,25,12,44,50,6,112,10,0,10,122
10/28/2016,SHV,LA,ASW,CE,Combined TRACON& Tower with Radar,16,41,44,3,104,0,0,17,0,17,16,41,61,3,121,55,4,59,180
10/29/2016,SHV,LA,ASW,CE,Combined TRACON& Tower with Radar,6,33,19,0,58,0,0,265,2,267,6,33,284,2,325,59,0,59,384
10/30/2016,SHV,LA,ASW,CE,Combined TRACON& Tower with Radar,15,37,32,24,108,0,1,165,1,167,15,38,197,25,275,200,0,200,475
10/31/2016,SHV,LA,ASW,CE,Combined TRACON& Tower with Radar,14,40,23,0,77,0,1,20,0,21,14,41,43,0,98,8,0,8,106
11/01/2016,SHV,LA,ASW,CE,Combined TRACON& Tower with Radar,9,48,33,1,91,0,0,44,1,45,9,48,77,2,136,66,2,68,204
11/02/2016,SHV,LA,ASW,CE,Combined TRACON& Tower with Radar,13,47,35,10,105,0,0,102,0,102,13,47,137,10,207,80,0,80,287
11/03/2016,SHV,LA,ASW,CE,Combined TRACON& Tower with Radar,15,48,45,2,110,0,0,7,0,7,15,48,52,2,117,90,0,90,207
11/04/2016,SHV,LA,ASW,CE,Combined TRACON& Tower with Radar,14,47,24,8,93,0,3,51,2,56,14,50,75,10,149,148,0,148,297
11/05/2016,SHV,LA,ASW,CE,Combined TRACON& Tower with Radar,2,39,26,28,95,0,1,150,1,152,2,40,176,29,247,298,0,298,545
11/06/2016,SHV,LA,ASW,CE,Combined TRACON& Tower with Radar,4,39,18,22,83,0,1,55,1,57,4,40,73,23,140,270,0,270,410
11/07/2016,SHV,LA,ASW,CE,Combined TRACON& Tower with Radar,9,36,13,2,60,0,0,5,4,9,9,36,18,6,69,4,0,4,73
11/08/2016,SHV,LA,ASW,CE,Combined TRACON& Tower with Radar,10,50,36,0,96,0,0,95,0,95,10,50,131,0,191,91,0,91,282
11/09/2016,SHV,LA,ASW,CE,Combined TRACON& Tower with Radar,11,44,49,2,106,0,0,82,2,84,11,44,131,4,190,5,0,5,195
11/10/2016,SHV,LA,ASW,CE,Combined TRACON& Tower with Radar,14,57,27,1,99,0,2,38,3,43,14,59,65,4,142,104,0,104,246
11/11/2016,SHV,LA,ASW,CE,Combined TRACON& Tower with Radar,16,44,22,0,82,0,0,23,0,23,16,44,45,0,105,153,0,153,258
11/12/2016,SHV,LA,ASW,CE,Combined TRACON& Tower with Radar,8,34,19,3,64,0,2,23,0,25,8,36,42,3,89,230,0,230,319
11/13/2016,SHV,LA,ASW,CE,Combined TRACON& Tower with Radar,6,41,22,1,70,0,1,21,0,22,6,42,43,1,92,14,0,14,106
11/14/2016,SHV,LA,ASW,CE,Combined TRACON& Tower with Radar,9,46,12,0,67,0,0,32,0,32,9,46,44,0,99,0,0,0,99
11/15/2016,SHV,LA,ASW,CE,Combined TRACON& Tower with Radar,12,47,25,1,85,0,0,33,0,33,12,47,58,1,118,41,0,41,159
11/16/2016,SHV,LA,ASW,CE,Combined TRACON& Tower with Radar,14,54,27,5,100,0,1,29,2,32,14,55,56,7,132,34,0,34,166
11/17/2016,SHV,LA,ASW,CE,Combined TRACON& Tower with Radar,12,51,37,7,107,0,2,21,0,23,12,53,58,7,130,0,16,16,146
11/18/2016,SHV,LA,ASW,CE,Combined TRACON& Tower with Radar,15,46,23,0,84,0,0,4,2,6,15,46,27,2,90,0,0,0,90
11/19/2016,SHV,LA,ASW,CE,Combined TRACON& Tower with Radar,7,31,23,2,63,0,1,13,1,15,7,32,36,3,78,0,0,0,78
11/20/2016,SHV,LA,ASW,CE,Combined TRACON& Tower with Radar,6,41,25,0,72,0,1,7,0,8,6,42,32,0,80,6,0,6,86
11/21/2016,SHV,LA,ASW,CE,Combined TRACON& Tower with Radar,7,36,23,0,66,0,2,31,4,37,7,38,54,4,103,4,0,4,107
11/22/2016,SHV,LA,ASW,CE,Combined TRACON& Tower with Radar,12,42,20,14,88,0,2,8,2,12,12,44,28,16,100,0,0,0,100
11/23/2016,SHV,LA,ASW,CE,Combined TRACON& Tower with Radar,14,47,11,0,72,0,0,14,0,14,14,47,25,0,86,42,0,42,128
11/24/2016,SHV,LA,ASW,CE,Combined TRACON& Tower with Radar,6,26,6,0,38,0,0,8,0,8,6,26,14,0,46,0,0,0,46
11/25/2016,SHV,LA,ASW,CE,Combined TRACON& Tower with Radar,12,33,17,0,62,0,4,16,2,22,12,37,33,2,84,8,0,8,92
11/26/2016,SHV,LA,ASW,CE,Combined TRACON& Tower with Radar,6,45,27,0,78,0,0,0,0,0,6,45,27,0,78,0,0,0,78
11/27/2016,SHV,LA,ASW,CE,Combined TRACON& Tower with Radar,8,43,22,0,73,0,0,16,0,16,8,43,38,0,89,6,0,6,95
11/28/2016,SHV,LA,ASW,CE,Combined TRACON& Tower with Radar,10,51,8,0,69,0,0,2,0,2,10,51,10,0,71,0,0,0,71
11/29/2016,SHV,LA,ASW,CE,Combined TRACON& Tower with Radar,12,52,23,4,91,0,0,6,2,8,12,52,29,6,99,0,0,0,99
11/30/2016,SHV,LA,ASW,CE,Combined TRACON& Tower with Radar,14,50,29,8,101,0,0,19,2,21,14,50,48,10,122,20,0,20,142
12/01/2016,SHV,LA,ASW,CE,Combined TRACON& Tower with Radar,16,47,27,6,96,0,2,20,0,22,16,49,47,6,118,10,0,10,128
12/02/2016,SHV,LA,ASW,CE,Combined TRACON& Tower with Radar,16,51,17,35,119,0,2,29,0,31,16,53,46,35,150,10,6,16,166
12/03/2016,SHV,LA,ASW,CE,Combined TRACON& Tower with Radar,4,45,8,1,58,0,0,0,0,0,4,45,8,1,58,0,0,0,58
12/04/2016,SHV,LA,ASW,CE,Combined TRACON& Tower with Radar,8,39,20,2,69,0,0,0,0,0,8,39,20,2,69,0,0,0,69
12/05/2016,SHV,LA,ASW,CE,Combined TRACON& Tower with Radar,10,55,12,2,79,0,0,0,0,0,10,55,12,2,79,14,0,14,93
12/06/2016,SHV,LA,ASW,CE,Combined TRACON& Tower with Radar,14,55,37,15,121,0,0,1,0,1,14,55,38,15,122,0,0,0,122
12/07/2016,SHV,LA,ASW,CE,Combined TRACON& Tower with Radar,18,57,22,0,97,0,0,4,0,4,18,57,26,0,101,0,0,0,101
12/08/2016,SHV,LA,ASW,CE,Combined TRACON& Tower with Radar,12,58,28,0,98,0,0,11,0,11,12,58,39,0,109,10,0,10,119
12/09/2016,SHV,LA,ASW,CE,Combined TRACON& Tower with Radar,14,57,25,26,122,0,0,17,1,18,14,57,42,27,140,6,9,15,155
12/10/2016,SHV,LA,ASW,CE,Combined TRACON& Tower with Radar,6,45,25,0,76,0,0,19,2,21,6,45,44,2,97,0,0,0,97
12/11/2016,SHV,LA,ASW,CE,Combined TRACON& Tower with Radar,6,46,18,0,70,0,0,3,0,3,6,46,21,0,73,0,0,0,73
12/12/2016,SHV,LA,ASW,CE,Combined TRACON& Tower with Radar,10,43,34,4,91,0,0,1,0,1,10,43,35,4,92,0,0,0,92
12/13/2016,SHV,LA,ASW,CE,Combined TRACON& Tower with Radar,14,54,20,4,92,0,0,3,0,3,14,54,23,4,95,5,0,5,100
12/14/2016,SHV,LA,ASW,CE,Combined TRACON& Tower with Radar,19,55,41,6,121,0,0,6,0,6,19,55,47,6,127,0,0,0,127
12/15/2016,SHV,LA,ASW,CE,Combined TRACON& Tower with Radar,15,60,26,3,104,0,0,20,2,22,15,60,46,5,126,27,0,27,153
12/16/2016,SHV,LA,ASW,CE,Combined TRACON& Tower with Radar,15,53,29,16,113,0,2,5,0,7,15,55,34,16,120,0,0,0,120
12/17/2016,SHV,LA,ASW,CE,Combined TRACON& Tower with Radar,8,39,9,4,60,0,0,2,0,2,8,39,11,4,62,0,0,0,62
12/18/2016,SHV,LA,ASW,CE,Combined TRACON& Tower with Radar,15,30,12,7,64,0,1,22,0,23,15,31,34,7,87,0,0,0,87
12/19/2016,SHV,LA,ASW,CE,Combined TRACON& Tower with Radar,14,46,24,2,86,0,0,10,0,10,14,46,34,2,96,32,0,32,128
12/20/2016,SHV,LA,ASW,CE,Combined TRACON& Tower with Radar,16,59,22,2,99,0,0,21,0,21,16,59,43,2,120,0,0,0,120
12/21/2016,SHV,LA,ASW,CE,Combined TRACON& Tower with Radar,15,58,21,0,94,0,2,23,0,25,15,60,44,0,119,60,0,60,179
12/22/2016,SHV,LA,ASW,CE,Combined TRACON& Tower with Radar,23,51,21,3,98,0,1,16,3,20,23,52,37,6,118,18,2,20,138
12/23/2016,SHV,LA,ASW,CE,Combined TRACON& Tower with Radar,23,43,17,0,83,0,0,2,0,2,23,43,19,0,85,0,0,0,85
12/24/2016,SHV,LA,ASW,CE,Combined TRACON& Tower with Radar,12,28,8,0,48,0,0,6,0,6,12,28,14,0,54,0,0,0,54
12/25/2016,SHV,LA,ASW,CE,Combined TRACON& Tower with Radar,3,27,1,0,31,0,0,4,0,4,3,27,5,0,35,10,0,10,45
12/26/2016,SHV,LA,ASW,CE,Combined TRACON& Tower with Radar,7,40,48,2,97,0,0,1,2,3,7,40,49,4,100,0,0,0,100
12/27/2016,SHV,LA,ASW,CE,Combined TRACON& Tower with Radar,13,48,18,4,83,0,0,7,0,7,13,48,25,4,90,0,0,0,90
12/28/2016,SHV,LA,ASW,CE,Combined TRACON& Tower with Radar,16,43,18,0,77,0,0,5,0,5,16,43,23,0,82,0,0,0,82
12/29/2016,SHV,LA,ASW,CE,Combined TRACON& Tower with Radar,15,34,24,2,75,0,1,25,0,26,15,35,49,2,101,0,5,5,106
12/30/2016,SHV,LA,ASW,CE,Combined TRACON& Tower with Radar,14,37,23,2,76,0,0,23,0,23,14,37,46,2,99,0,0,0,99
12/31/2016,SHV,LA,ASW,CE,Combined TRACON& Tower with Radar,6,28,10,0,44,0,0,0,0,0,6,28,10,0,44,0,0,0,44
01/01/2017,SHV,LA,ASW,CE,Combined TRACON& Tower with Radar,2,31,8,0,41,0,0,0,0,0,2,31,8,0,41,0,0,0,41
01/02/2017,SHV,LA,ASW,CE,Combined TRACON& Tower with Radar,8,36,23,0,67,0,1,13,0,14,8,37,36,0,81,8,0,8,89
01/03/2017,SHV,LA,ASW,CE,Combined TRACON& Tower with Radar,11,42,17,0,70,0,1,9,0,10,11,43,26,0,80,9,0,9,89
01/04/2017,SHV,LA,ASW,CE,Combined TRACON& Tower with Radar,12,34,15,5,66,0,0,4,0,4,12,34,19,5,70,14,0,14,84
01/05/2017,SHV,LA,ASW,CE,Combined TRACON& Tower with Radar,16,40,22,4,82,0,0,0,0,0,16,40,22,4,82,0,0,0,82
01/06/2017,SHV,LA,ASW,CE,Combined TRACON& Tower with Radar,17,42,15,0,74,0,0,0,0,0,17,42,15,0,74,0,0,0,74
01/07/2017,SHV,LA,ASW,CE,Combined TRACON& Tower with Radar,4,23,32,0,59,0,0,24,1,25,4,23,56,1,84,4,0,4,88
01/08/2017,SHV,LA,ASW,CE,Combined TRACON& Tower with Radar,4,34,16,18,72,0,0,24,3,27,4,34,40,21,99,0,0,0,99
01/09/2017,SHV,LA,ASW,CE,Combined TRACON& Tower with Radar,7,42,23,6,78,0,1,9,1,11,7,43,32,7,89,0,0,0,89
01/10/2017,SHV,LA,ASW,CE,Combined TRACON& Tower with Radar,12,40,19,0,71,0,2,5,0,7,12,42,24,0,78,0,0,0,78
01/11/2017,SHV,LA,ASW,CE,Combined TRACON& Tower with Radar,9,51,22,16,98,0,0,9,0,9,9,51,31,16,107,0,0,0,107
01/12/2017,SHV,LA,ASW,CE,Combined TRACON& Tower with Radar,13,49,28,4,94,0,1,37,0,38,13,50,65,4,132,5,0,5,137
01/13/2017,SHV,LA,ASW,CE,Combined TRACON& Tower with Radar,14,46,18,4,82,0,1,4,0,5,14,47,22,4,87,0,0,0,87
01/14/2017,SHV,LA,ASW,CE,Combined TRACON& Tower with Radar,7,31,12,0,50,0,0,20,0,20,7,31,32,0,70,0,0,0,70
01/15/2017,SHV,LA,ASW,CE,Combined TRACON& Tower with Radar,20,47,33,0,100,0,0,9,0,9,20,47,42,0,109,20,0,20,129
01/16/2017,SHV,LA,ASW,CE,Combined TRACON& Tower with Radar,17,42,25,2,86,0,0,0,0,0,17,42,25,2,86,0,0,0,86
01/17/2017,SHV,LA,ASW,CE,Combined TRACON& Tower with Radar,10,41,18,10,79,0,0,0,0,0,10,41,18,10,79,0,0,0,79
01/18/2017,SHV,LA,ASW,CE,Combined TRACON& Tower with Radar,10,41,15,0,66,0,0,0,0,0,10,41,15,0,66,0,0,0,66
01/19/2017,SHV,LA,ASW,CE,Combined TRACON& Tower with Radar,10,50,35,0,95,0,0,1,0,1,10,50,36,0,96,0,0,0,96
01/20/2017,SHV,LA,ASW,CE,Combined TRACON& Tower with Radar,11,45,21,53,130,0,0,39,3,42,11,45,60,56,172,12,16,28,200
01/21/2017,SHV,LA,ASW,CE,Combined TRACON& Tower with Radar,2,35,10,17,64,0,0,16,2,18,2,35,26,19,82,0,0,0,82
01/22/2017,SHV,LA,ASW,CE,Combined TRACON& Tower with Radar,4,39,22,3,68,0,0,2,4,6,4,39,24,7,74,10,0,10,84
01/23/2017,SHV,LA,ASW,CE,Combined TRACON& Tower with Radar,7,54,28,8,97,0,2,30,2,34,7,56,58,10,131,23,0,23,154
01/24/2017,SHV,LA,ASW,CE,Combined TRACON& Tower with Radar,12,45,26,2,85,4,0,19,0,23,16,45,45,2,108,18,0,18,126
01/25/2017,SHV,LA,ASW,CE,Combined TRACON& Tower with Radar,10,50,18,2,80,0,0,23,0,23,10,50,41,2,103,18,6,24,127
01/26/2017,SHV,LA,ASW,CE,Combined TRACON& Tower with Radar,10,54,28,0,92,0,0,33,0,33,10,54,61,0,125,20,0,20,145
01/27/2017,SHV,LA,ASW,CE,Combined TRACON& Tower with Radar,11,51,22,3,87,0,0,28,1,29,11,51,50,4,116,0,0,0,116
01/28/2017,SHV,LA,ASW,CE,Combined TRACON& Tower with Radar,4,30,16,19,69,0,0,23,5,28,4,30,39,24,97,18,20,38,135
01/29/2017,SHV,LA,ASW,CE,Combined TRACON& Tower with Radar,3,39,19,0,61,0,1,13,1,15,3,40,32,1,76,8,0,8,84
01/30/2017,SHV,LA,ASW,CE,Combined TRACON& Tower with Radar,8,42,16,1,67,0,1,30,2,33,8,43,46,3,100,6,0,6,106
01/31/2017,SHV,LA,ASW,CE,Combined TRACON& Tower with Radar,12,39,12,7,70,0,0,21,2,23,12,39,33,9,93,0,0,0,93
02/01/2017,SHV,LA,ASW,CE,Combined TRACON& Tower with Radar,10,45,32,4,91,0,1,10,3,14,10,46,42,7,105,6,0,6,111
02/02/2017,SHV,LA,ASW,CE,Combined TRACON& Tower with Radar,12,47,38,6,103,0,0,4,0,4,12,47,42,6,107,0,0,0,107
02/03/2017,SHV,LA,ASW,CE,Combined TRACON& Tower with Radar,13,45,25,11,94,0,0,21,3,24,13,45,46,14,118,4,20,24,142
02/04/2017,SHV,LA,ASW,CE,Combined TRACON& Tower with Radar,4,31,28,8,71,0,1,18,0,19,4,32,46,8,90,0,0,0,90
02/05/2017,SHV,LA,ASW,CE,Combined TRACON& Tower with Radar,2,41,12,0,55,0,0,0,0,0,2,41,12,0,55,0,0,0,55
02/06/2017,SHV,LA,ASW,CE,Combined TRACON& Tower with Radar,7,49,12,7,75,0,1,7,0,8,7,50,19,7,83,0,0,0,83
02/07/2017,SHV,LA,ASW,CE,Combined TRACON& Tower with Radar,10,43,22,9,84,0,1,20,4,25,10,44,42,13,109,46,0,46,155
02/08/2017,SHV,LA,ASW,CE,Combined TRACON& Tower with Radar,10,50,27,26,113,0,0,27,5,32,10,50,54,31,145,6,16,22,167
02/09/2017,SHV,LA,ASW,CE,Combined TRACON& Tower with Radar,14,52,17,9,92,0,3,41,0,44,14,55,58,9,136,0,18,18,154
02/10/2017,SHV,LA,ASW,CE,Combined TRACON& Tower with Radar,11,50,24,11,96,0,2,29,8,39,11,52,53,19,135,0,0,0,135
02/11/2017,SHV,LA,ASW,CE,Combined TRACON& Tower with Radar,2,38,10,4,54,0,2,11,3,16,2,40,21,7,70,0,18,18,88
02/12/2017,SHV,LA,ASW,CE,Combined TRACON& Tower with Radar,6,46,31,5,88,0,1,8,0,9,6,47,39,5,97,0,0,0,97
02/13/2017,SHV,LA,ASW,CE,Combined TRACON& Tower with Radar,7,39,17,3,66,0,0,20,0,20,7,39,37,3,86,23,5,28,114
02/14/2017,SHV,LA,ASW,CE,Combined TRACON& Tower with Radar,10,42,9,2,63,0,0,0,0,0,10,42,9,2,63,0,0,0,63
02/15/2017,SHV,LA,ASW,CE,Combined TRACON& Tower with Radar,10,45,36,0,91,0,0,52,0,52,10,45,88,0,143,2,0,2,145
02/16/2017,SHV,LA,ASW,CE,Combined TRACON& Tower with Radar,10,43,20,12,85,0,0,27,4,31,10,43,47,16,116,0,0,0,116
02/17/2017,SHV,LA,ASW,CE,Combined TRACON& Tower with Radar,13,45,28,0,86,0,0,24,0,24,13,45,52,0,110,4,0,4,114
02/18/2017,SHV,LA,ASW,CE,Combined TRACON& Tower with Radar,2,28,34,0,64,0,0,5,0,5,2,28,39,0,69,4,0,4,73
02/19/2017,SHV,LA,ASW,CE,Combined TRACON& Tower with Radar,2,32,17,0,51,0,0,14,0,14,2,32,31,0,65,0,0,0,65
02/20/2017,SHV,LA,ASW,CE,Combined TRACON& Tower with Radar,7,36,18,2,63,0,0,2,0,2,7,36,20,2,65,0,0,0,65
02/21/2017,SHV,LA,ASW,CE,Combined TRACON& Tower with Radar,10,48,37,11,106,0,2,6,0,8,10,50,43,11,114,2,4,6,120
02/22/2017,SHV,LA,ASW,CE,Combined TRACON& Tower with Radar,10,45,26,11,92,0,0,31,3,34,10,45,57,14,126,4,12,16,142
02/23/2017,SHV,LA,ASW,CE,Combined TRACON& Tower with Radar,10,42,32,8,92,0,0,43,0,43,10,42,75,8,135,12,17,29,164
02/24/2017,SHV,LA,ASW,CE,Combined TRACON& Tower with Radar,11,53,38,5,107,0,0,10,0,10,11,53,48,5,117,10,0,10,127
02/25/2017,SHV,LA,ASW,CE,Combined TRACON& Tower with Radar,2,34,6,15,57,0,3,19,0,22,2,37,25,15,79,6,0,6,85
02/26/2017,SHV,LA,ASW,CE,Combined TRACON& Tower with Radar,4,40,11,7,62,0,0,7,0,7,4,40,18,7,69,0,0,0,69
02/27/2017,SHV,LA,ASW,CE,Combined TRACON& Tower with Radar,11,41,19,0,71,0,0,4,0,4,11,41,23,0,75,16,0,16,91
02/28/2017,SHV,LA,ASW,CE,Combined TRACON& Tower with Radar,12,41,24,2,79,0,2,2,0,4,12,43,26,2,83,0,0,0,83
03/01/2017,SHV,LA,ASW,CE,Combined TRACON& Tower with Radar,10,50,20,2,82,0,0,7,2,9,10,50,27,4,91,0,0,0,91
03/02/2017,SHV,LA,ASW,CE,Combined TRACON& Tower with Radar,12,54,23,29,118,0,0,27,2,29,12,54,50,31,147,8,0,8,155
03/03/2017,SHV,LA,ASW,CE,Combined TRACON& Tower with Radar,12,48,22,3,85,0,0,20,4,24,12,48,42,7,109,0,0,0,109
03/04/2017,SHV,LA,ASW,CE,Combined TRACON& Tower with Radar,5,35,20,0,60,0,2,22,0,24,5,37,42,0,84,0,0,0,84
03/05/2017,SHV,LA,ASW,CE,Combined TRACON& Tower with Radar,5,39,28,2,74,0,0,6,0,6,5,39,34,2,80,10,0,10,90
03/06/2017,SHV,LA,ASW,CE,Combined TRACON& Tower with Radar,8,39,14,4,65,0,0,1,2,3,8,39,15,6,68,0,0,0,68
03/07/2017,SHV,LA,ASW,CE,Combined TRACON& Tower with Radar,11,44,23,0,78,0,0,13,2,15,11,44,36,2,93,0,0,0,93
03/08/2017,SHV,LA,ASW,CE,Combined TRACON& Tower with Radar,13,59,31,3,106,0,0,25,0,25,13,59,56,3,131,5,0,5,136
03/09/2017,SHV,LA,ASW,CE,Combined TRACON& Tower with Radar,14,52,31,0,97,0,1,12,0,13,14,53,43,0,110,5,0,5,115
03/10/2017,SHV,LA,ASW,CE,Combined TRACON& Tower with Radar,17,45,21,4,87,0,0,8,0,8,17,45,29,4,95,0,0,0,95
03/11/2017,SHV,LA,ASW,CE,Combined TRACON& Tower with Radar,4,34,20,8,66,0,0,3,0,3,4,34,23,8,69,0,0,0,69
03/12/2017,SHV,LA,ASW,CE,Combined TRACON& Tower with Radar,6,40,30,3,79,0,2,24,1,27,6,42,54,4,106,12,0,12,118
03/13/2017,SHV,LA,ASW,CE,Combined TRACON& Tower with Radar,8,44,19,1,72,0,0,4,0,4,8,44,23,1,76,24,0,24,100
03/14/2017,SHV,LA,ASW,CE,Combined TRACON& Tower with Radar,10,50,26,2,88,0,0,15,2,17,10,50,41,4,105,6,0,6,111
03/15/2017,SHV,LA,ASW,CE,Combined TRACON& Tower with Radar,10,39,14,6,69,0,3,25,0,28,10,42,39,6,97,26,0,26,123
03/16/2017,SHV,LA,ASW,CE,Combined TRACON& Tower with Radar,10,44,23,2,79,0,1,4,0,5,10,45,27,2,84,0,0,0,84
03/17/2017,SHV,LA,ASW,CE,Combined TRACON& Tower with Radar,11,43,26,5,85,0,2,15,1,18,11,45,41,6,103,0,0,0,103
03/18/2017,SHV,LA,ASW,CE,Combined TRACON& Tower with Radar,5,33,13,1,52,0,0,14,4,18,5,33,27,5,70,18,0,18,88
03/19/2017,SHV,LA,ASW,CE,Combined TRACON& Tower with Radar,4,35,23,4,66,0,0,18,0,18,4,35,41,4,84,0,0,0,84
03/20/2017,SHV,LA,ASW,CE,Combined TRACON& Tower with Radar,11,36,27,1,75,0,0,12,0,12,11,36,39,1,87,12,0,12,99
03/21/2017,SHV,LA,ASW,CE,Combined TRACON& Tower with Radar,12,44,23,3,82,0,0,26,0,26,12,44,49,3,108,8,0,8,116
03/22/2017,SHV,LA,ASW,CE,Combined TRACON& Tower with Radar,12,50,22,13,97,0,0,12,0,12,12,50,34,13,109,0,0,0,109
03/23/2017,SHV,LA,ASW,CE,Combined TRACON& Tower with Radar,10,52,27,0,89,0,1,22,2,25,10,53,49,2,114,0,0,0,114
03/24/2017,SHV,LA,ASW,CE,Combined TRACON& Tower with Radar,19,41,18,0,78,0,2,0,0,2,19,43,18,0,80,8,0,8,88
03/25/2017,SHV,LA,ASW,CE,Combined TRACON& Tower with Radar,4,32,17,1,54,0,0,19,1,20,4,32,36,2,74,0,5,5,79
03/26/2017,SHV,LA,ASW,CE,Combined TRACON& Tower with Radar,6,39,10,9,64,0,0,20,1,21,6,39,30,10,85,14,0,14,99
03/27/2017,SHV,LA,ASW,CE,Combined TRACON& Tower with Radar,7,49,23,0,79,0,0,6,0,6,7,49,29,0,85,0,0,0,85
03/28/2017,SHV,LA,ASW,CE,Combined TRACON& Tower with Radar,10,49,22,0,81,0,0,10,2,12,10,49,32,2,93,10,0,10,103
03/29/2017,SHV,LA,ASW,CE,Combined TRACON& Tower with Radar,10,49,15,0,74,0,0,3,0,3,10,49,18,0,77,0,0,0,77
03/30/2017,SHV,LA,ASW,CE,Combined TRACON& Tower with Radar,9,52,23,2,86,0,0,21,0,21,9,52,44,2,107,0,0,0,107
03/31/2017,SHV,LA,ASW,CE,Combined TRACON& Tower with Radar,15,46,24,20,105,0,4,17,2,23,15,50,41,22,128,6,6,12,140
04/01/2017,SHV,LA,ASW,CE,Combined TRACON& Tower with Radar,5,40,9,4,58,0,4,23,0,27,5,44,32,4,85,6,0,6,91
04/02/2017,SHV,LA,ASW,CE,Combined TRACON& Tower with Radar,4,40,10,0,54,0,0,1,0,1,4,40,11,0,55,0,0,0,55
04/03/2017,SHV,LA,ASW,CE,Combined TRACON& Tower with Radar,6,53,27,10,96,0,2,15,4,21,6,55,42,14,117,4,0,4,121
04/04/2017,SHV,LA,ASW,CE,Combined TRACON& Tower with Radar,19,42,30,10,101,0,1,17,3,21,19,43,47,13,122,8,0,8,130
04/05/2017,SHV,LA,ASW,CE,Combined TRACON& Tower with Radar,17,33,24,8,82,0,3,21,1,25,17,36,45,9,107,73,3,76,183
04/06/2017,SHV,LA,ASW,CE,Combined TRACON& Tower with Radar,16,31,45,0,92,0,0,30,2,32,16,31,75,2,124,16,0,16,140
04/07/2017,SHV,LA,ASW,CE,Combined TRACON& Tower with Radar,16,37,26,20,99,0,0,16,5,21,16,37,42,25,120,0,22,22,142
04/08/2017,SHV,LA,ASW,CE,Combined TRACON& Tower with Radar,9,26,12,12,59,0,1,15,0,16,9,27,27,12,75,0,16,16,91
04/09/2017,SHV,LA,ASW,CE,Combined TRACON& Tower with Radar,10,26,21,4,61,0,2,16,0,18,10,28,37,4,79,0,0,0,79
04/10/2017,SHV,LA,ASW,CE,Combined TRACON& Tower with Radar,14,36,12,0,62,0,1,5,1,7,14,37,17,1,69,0,0,0,69
04/11/2017,SHV,LA,ASW,CE,Combined TRACON& Tower with Radar,18,35,18,0,71,0,0,8,0,8,18,35,26,0,79,0,0,0,79
04/12/2017,SHV,LA,ASW,CE,Combined TRACON& Tower with Radar,16,42,19,6,83,0,2,14,3,19,16,44,33,9,102,0,0,0,102
04/13/2017,SHV,LA,ASW,CE,Combined TRACON& Tower with Radar,18,44,42,30,134,0,0,19,0,19,18,44,61,30,153,0,0,0,153
04/14/2017,SHV,LA,ASW,CE,Combined TRACON& Tower with Radar,17,34,14,7,72,0,1,13,0,14,17,35,27,7,86,0,0,0,86
04/15/2017,SHV,LA,ASW,CE,Combined TRACON& Tower with Radar,9,22,4,1,36,0,4,12,0,16,9,26,16,1,52,0,0,0,52
04/16/2017,SHV,LA,ASW,CE,Combined TRACON& Tower with Radar,8,24,10,1,43,0,0,6,0,6,8,24,16,1,49,0,0,0,49
04/17/2017,SHV,LA,ASW,CE,Combined TRACON& Tower with Radar,13,39,26,0,78,0,1,7,0,8,13,40,33,0,86,0,0,0,86
04/18/2017,SHV,LA,ASW,CE,Combined TRACON& Tower with Radar,18,41,25,2,86,0,0,14,0,14,18,41,39,2,100,0,0,0,100
04/19/2017,SHV,LA,ASW,CE,Combined TRACON& Tower with Radar,18,35,24,4,81,0,0,16,0,16,18,35,40,4,97,0,0,0,97
04/20/2017,SHV,LA,ASW,CE,Combined TRACON& Tower with Radar,20,40,38,0,98,0,0,7,2,9,20,40,45,2,107,8,0,8,115
04/21/2017,SHV,LA,ASW,CE,Combined TRACON& Tower with Radar,17,35,26,5,83,0,0,7,1,8,17,35,33,6,91,2,0,2,93
04/22/2017,SHV,LA,ASW,CE,Combined TRACON& Tower with Radar,10,24,13,0,47,0,0,1,0,1,10,24,14,0,48,0,0,0,48
04/23/2017,SHV,LA,ASW,CE,Combined TRACON& Tower with Radar,10,28,27,4,69,0,4,24,0,28,10,32,51,4,97,0,4,4,101
04/24/2017,SHV,LA,ASW,CE,Combined TRACON& Tower with Radar,12,40,14,6,72,0,6,29,0,35,12,46,43,6,107,5,0,5,112
04/25/2017,SHV,LA,ASW,CE,Combined TRACON& Tower with Radar,17,40,7,0,64,0,1,12,2,15,17,41,19,2,79,10,0,10,89
04/26/2017,SHV,LA,ASW,CE,Combined TRACON& Tower with Radar,18,38,22,2,80,0,1,3,0,4,18,39,25,2,84,0,0,0,84
04/27/2017,SHV,LA,ASW,CE,Combined TRACON& Tower with Radar,18,39,23,0,80,0,1,33,0,34,18,40,56,0,114,10,0,10,124
04/28/2017,SHV,LA,ASW,CE,Combined TRACON& Tower with Radar,17,39,52,9,117,0,0,5,0,5,17,39,57,9,122,0,0,0,122
04/29/2017,SHV,LA,ASW,CE,Combined TRACON& Tower with Radar,11,29,5,4,49,0,1,2,0,3,11,30,7,4,52,0,0,0,52
04/30/2017,SHV,LA,ASW,CE,Combined TRACON& Tower with Radar,5,33,26,2,66,0,1,11,0,12,5,34,37,2,78,0,0,0,78
05/01/2017,SHV,LA,ASW,CE,Combined TRACON& Tower with Radar,14,36,24,4,78,0,7,18,0,25,14,43,42,4,103,14,0,14,117
05/02/2017,SHV,LA,ASW,CE,Combined TRACON& Tower with Radar,19,40,18,2,79,0,0,14,0,14,19,40,32,2,93,27,0,27,120
05/03/2017,SHV,LA,ASW,CE,Combined TRACON& Tower with Radar,21,33,19,0,73,0,0,2,0,2,21,33,21,0,75,0,0,0,75
05/04/2017,SHV,LA,ASW,CE,Combined TRACON& Tower with Radar,18,41,37,16,112,0,1,23,1,25,18,42,60,17,137,10,0,10,147
05/05/2017,SHV,LA,ASW,CE,Combined TRACON& Tower with Radar,18,40,36,2,96,0,4,31,0,35,18,44,67,2,131,0,0,0,131
05/06/2017,SHV,LA,ASW,CE,Combined TRACON& Tower with Radar,11,24,15,8,58,0,2,25,6,33,11,26,40,14,91,0,5,5,96
05/07/2017,SHV,LA,ASW,CE,Combined TRACON& Tower with Radar,13,43,27,2,85,0,0,29,1,30,13,43,56,3,115,4,8,12,127
05/08/2017,SHV,LA,ASW,CE,Combined TRACON& Tower with Radar,15,35,35,0,85,0,1,36,0,37,15,36,71,0,122,6,0,6,128
05/09/2017,SHV,LA,ASW,CE,Combined TRACON& Tower with Radar,18,33,15,2,68,0,0,18,0,18,18,33,33,2,86,8,0,8,94
05/10/2017,SHV,LA,ASW,CE,Combined TRACON& Tower with Radar,20,36,36,11,103,0,0,23,2,25,20,36,59,13,128,12,0,12,140
05/11/2017,SHV,LA,ASW,CE,Combined TRACON& Tower with Radar,17,39,31,2,89,0,2,6,0,8,17,41,37,2,97,2,0,2,99
05/12/2017,SHV,LA,ASW,CE,Combined TRACON& Tower with Radar,20,43,33,36,132,0,0,6,0,6,20,43,39,36,138,0,0,0,138
05/13/2017,SHV,LA,ASW,CE,Combined TRACON& Tower with Radar,8,28,10,16,62,0,2,24,2,28,8,30,34,18,90,4,0,4,94
05/14/2017,SHV,LA,ASW,CE,Combined TRACON& Tower with Radar,12,32,13,2,59,0,2,30,3,35,12,34,43,5,94,32,2,34,128
05/15/2017,SHV,LA,ASW,CE,Combined TRACON& Tower with Radar,15,43,20,1,79,0,0,24,5,29,15,43,44,6,108,12,0,12,120
05/16/2017,SHV,LA,ASW,CE,Combined TRACON& Tower with Radar,19,39,28,6,92,0,0,16,2,18,19,39,44,8,110,0,0,0,110
05/17/2017,SHV,LA,ASW,CE,Combined TRACON& Tower with Radar,19,41,31,8,99,0,2,10,1,13,19,43,41,9,112,0,0,0,112
05/18/2017,SHV,LA,ASW,CE,Combined TRACON& Tower with Radar,22,39,21,27,109,0,0,23,2,25,22,39,44,29,134,4,14,18,152
05/19/2017,SHV,LA,ASW,CE,Combined TRACON& Tower with Radar,18,38,28,21,105,0,1,14,1,16,18,39,42,22,121,6,12,18,139
05/20/2017,SHV,LA,ASW,CE,Combined TRACON& Tower with Radar,13,27,4,13,57,0,2,9,0,11,13,29,13,13,68,0,0,0,68
05/21/2017,SHV,LA,ASW,CE,Combined TRACON& Tower with Radar,17,30,13,0,60,0,0,4,0,4,17,30,17,0,64,0,0,0,64
05/22/2017,SHV,LA,ASW,CE,Combined TRACON& Tower with Radar,15,37,23,0,75,0,0,3,0,3,15,37,26,0,78,0,26,26,104
05/23/2017,SHV,LA,ASW,CE,Combined TRACON& Tower with Radar,20,45,22,0,87,0,0,0,0,0,20,45,22,0,87,20,22,42,129
05/24/2017,SHV,LA,ASW,CE,Combined TRACON& Tower with Radar,21,44,22,10,97,0,0,28,1,29,21,44,50,11,126,20,22,42,168
05/25/2017,SHV,LA,ASW,CE,Combined TRACON& Tower with Radar,27,52,32,8,119,0,0,19,3,22,27,52,51,11,141,22,0,22,163
05/26/2017,SHV,LA,ASW,CE,Combined TRACON& Tower with Radar,22,30,30,3,85,0,0,19,0,19,22,30,49,3,104,0,0,0,104
05/27/2017,SHV,LA,ASW,CE,Combined TRACON& Tower with Radar,12,25,21,0,58,0,0,8,0,8,12,25,29,0,66,6,0,6,72
05/28/2017,SHV,LA,ASW,CE,Combined TRACON& Tower with Radar,16,16,15,0,47,0,0,8,0,8,16,16,23,0,55,0,0,0,55
05/29/2017,SHV,LA,ASW,CE,Combined TRACON& Tower with Radar,13,29,23,0,65,0,0,1,0,1,13,29,24,0,66,0,0,0,66
05/30/2017,SHV,LA,ASW,CE,Combined TRACON& Tower with Radar,12,35,24,0,71,0,0,6,3,9,12,35,30,3,80,0,0,0,80
05/31/2017,SHV,LA,ASW,CE,Combined TRACON& Tower with Radar,23,39,31,13,106,0,0,14,0,14,23,39,45,13,120,46,12,58,178
06/01/2017,SHV,LA,ASW,CE,Combined TRACON& Tower with Radar,25,48,25,0,98,0,0,9,1,10,25,48,34,1,108,38,0,38,146
06/02/2017,SHV,LA,ASW,CE,Combined TRACON& Tower with Radar,17,45,20,35,117,0,0,9,0,9,17,45,29,35,126,39,4,43,169
06/03/2017,SHV,LA,ASW,CE,Combined TRACON& Tower with Radar,11,30,13,2,56,0,1,1,0,2,11,31,14,2,58,0,0,0,58
06/04/2017,SHV,LA,ASW,CE,Combined TRACON& Tower with Radar,20,35,16,0,71,0,0,0,0,0,20,35,16,0,71,0,0,0,71
06/05/2017,SHV,LA,ASW,CE,Combined TRACON& Tower with Radar,14,36,24,5,79,0,0,8,1,9,14,36,32,6,88,18,0,18,106
06/06/2017,SHV,LA,ASW,CE,Combined TRACON& Tower with Radar,22,48,16,21,107,0,1,4,1,6,22,49,20,22,113,0,0,0,113
06/07/2017,SHV,LA,ASW,CE,Combined TRACON& Tower with Radar,17,50,26,6,99,0,0,20,2,22,17,50,46,8,121,0,0,0,121
06/08/2017,SHV,LA,ASW,CE,Combined TRACON& Tower with Radar,32,47,24,2,105,0,0,27,0,27,32,47,51,2,132,6,14,20,152
06/09/2017,SHV,LA,ASW,CE,Combined TRACON& Tower with Radar,24,48,16,11,99,0,1,32,15,48,24,49,48,26,147,0,12,12,159
06/10/2017,SHV,LA,ASW,CE,Combined TRACON& Tower with Radar,9,30,15,16,70,0,0,19,0,19,9,30,34,16,89,0,0,0,89
06/11/2017,SHV,LA,ASW,CE,Combined TRACON& Tower with Radar,16,36,18,9,79,0,0,16,3,19,16,36,34,12,98,0,0,0,98
06/12/2017,SHV,LA,ASW,CE,Combined TRACON& Tower with Radar,8,47,21,6,82,0,0,8,2,10,8,47,29,8,92,0,0,0,92
06/13/2017,SHV,LA,ASW,CE,Combined TRACON& Tower with Radar,20,45,16,6,87,0,0,12,0,12,20,45,28,6,99,0,0,0,99
06/14/2017,SHV,LA,ASW,CE,Combined TRACON& Tower with Radar,28,42,12,5,87,0,0,16,0,16,28,42,28,5,103,44,0,44,147
06/15/2017,SHV,LA,ASW,CE,Combined TRACON& Tower with Radar,31,52,24,0,107,0,0,18,2,20,31,52,42,2,127,20,0,20,147
06/16/2017,SHV,LA,ASW,CE,Combined TRACON& Tower with Radar,17,43,11,37,108,0,0,19,8,27,17,43,30,45,135,14,48,62,197
06/17/2017,SHV,LA,ASW,CE,Combined TRACON& Tower with Radar,13,32,11,12,68,0,0,5,2,7,13,32,16,14,75,0,0,0,75
06/18/2017,SHV,LA,ASW,CE,Combined TRACON& Tower with Radar,12,32,15,4,63,0,0,6,1,7,12,32,21,5,70,5,0,5,75
06/19/2017,SHV,LA,ASW,CE,Combined TRACON& Tower with Radar,11,38,9,0,58,0,0,14,0,14,11,38,23,0,72,0,0,0,72
06/20/2017,SHV,LA,ASW,CE,Combined TRACON& Tower with Radar,21,46,20,8,95,0,6,17,0,23,21,52,37,8,118,23,0,23,141
06/21/2017,SHV,LA,ASW,CE,Combined TRACON& Tower with Radar,24,35,24,0,83,0,0,8,0,8,24,35,32,0,91,0,0,0,91
06/22/2017,SHV,LA,ASW,CE,Combined TRACON& Tower with Radar,27,37,8,0,72,0,0,0,0,0,27,37,8,0,72,0,0,0,72
06/23/2017,SHV,LA,ASW,CE,Combined TRACON& Tower with Radar,14,42,29,4,89,0,1,8,4,13,14,43,37,8,102,0,0,0,102
06/24/2017,SHV,LA,ASW,CE,Combined TRACON& Tower with Radar,9,29,24,0,62,0,0,6,0,6,9,29,30,0,68,0,0,0,68
06/25/2017,SHV,LA,ASW,CE,Combined TRACON& Tower with Radar,11,33,21,0,65,0,0,10,0,10,11,33,31,0,75,2,0,2,77
06/26/2017,SHV,LA,ASW,CE,Combined TRACON& Tower with Radar,9,47,25,2,83,0,2,18,1,21,9,49,43,3,104,56,0,56,160
06/27/2017,SHV,LA,ASW,CE,Combined TRACON& Tower with Radar,22,44,42,19,127,0,0,33,1,34,22,44,75,20,161,0,0,0,161
06/28/2017,SHV,LA,ASW,CE,Combined TRACON& Tower with Radar,27,51,32,5,115,0,0,26,2,28,27,51,58,7,143,0,0,0,143
06/29/2017,SHV,LA,ASW,CE,Combined TRACON& Tower with Radar,30,39,35,7,111,0,0,20,0,20,30,39,55,7,131,8,0,8,139
06/30/2017,SHV,LA,ASW,CE,Combined TRACON& Tower with Radar,17,38,34,3,92,0,0,11,1,12,17,38,45,4,104,4,0,4,108
07/01/2017,SHV,LA,ASW,CE,Combined TRACON& Tower with Radar,11,32,21,0,64,0,0,8,0,8,11,32,29,0,72,16,0,16,88
07/02/2017,SHV,LA,ASW,CE,Combined TRACON& Tower with Radar,12,24,10,0,46,0,0,10,0,10,12,24,20,0,56,8,0,8,64
07/03/2017,SHV,LA,ASW,CE,Combined TRACON& Tower with Radar,15,28,2,0,45,0,2,8,1,11,15,30,10,1,56,0,0,0,56
07/04/2017,SHV,LA,ASW,CE,Combined TRACON& Tower with Radar,14,25,6,0,45,0,0,4,0,4,14,25,10,0,49,0,0,0,49
07/05/2017,SHV,LA,ASW,CE,Combined TRACON& Tower with Radar,32,33,25,0,90,0,2,11,1,14,32,35,36,1,104,0,0,0,104
07/06/2017,SHV,LA,ASW,CE,Combined TRACON& Tower with Radar,22,33,17,2,74,0,0,14,0,14,22,33,31,2,88,8,0,8,96
07/07/2017,SHV,LA,ASW,CE,Combined TRACON& Tower with Radar,27,34,16,31,108,0,5,26,2,33,27,39,42,33,141,0,10,10,151
07/08/2017,SHV,LA,ASW,CE,Combined TRACON& Tower with Radar,19,21,9,2,51,0,0,10,0,10,19,21,19,2,61,0,0,0,61
07/09/2017,SHV,LA,ASW,CE,Combined TRACON& Tower with Radar,18,20,11,1,50,0,0,12,1,13,18,20,23,2,63,0,4,4,67
07/10/2017,SHV,LA,ASW,CE,Combined TRACON& Tower with Radar,21,30,26,9,86,0,4,26,1,31,21,34,52,10,117,10,0,10,127
07/11/2017,SHV,LA,ASW,CE,Combined TRACON& Tower with Radar,22,43,30,2,97,0,2,6,3,11,22,45,36,5,108,14,0,14,122
07/12/2017,SHV,LA,ASW,CE,Combined TRACON& Tower with Radar,24,37,43,0,104,0,0,6,0,6,24,37,49,0,110,0,0,0,110
07/13/2017,SHV,LA,ASW,CE,Combined TRACON& Tower with Radar,27,41,23,4,95,0,1,18,1,20,27,42,41,5,115,14,0,14,129
07/14/2017,SHV,LA,ASW,CE,Combined TRACON& Tower with Radar,23,38,19,13,93,0,0,14,4,18,23,38,33,17,111,20,0,20,131
07/15/2017,SHV,LA,ASW,CE,Combined TRACON& Tower with Radar,22,22,19,6,69,0,3,17,4,24,22,25,36,10,93,24,0,24,117
07/16/2017,SHV,LA,ASW,CE,Combined TRACON& Tower with Radar,20,22,19,0,61,0,0,17,1,18,20,22,36,1,79,16,8,24,103
07/17/2017,SHV,LA,ASW,CE,Combined TRACON& Tower with Radar,20,23,20,8,71,0,0,13,3,16,20,23,33,11,87,14,8,22,109
07/18/2017,SHV,LA,ASW,CE,Combined TRACON& Tower with Radar,18,36,25,0,79,0,0,17,0,17,18,36,42,0,96,8,0,8,104
07/19/2017,SHV,LA,ASW,CE,Combined TRACON& Tower with Radar,22,33,23,5,83,0,0,15,0,15,22,33,38,5,98,0,0,0,98
07/20/2017,SHV,LA,ASW,CE,Combined TRACON& Tower with Radar,31,40,16,7,94,0,0,20,0,20,31,40,36,7,114,0,0,0,114
07/21/2017,SHV,LA,ASW,CE,Combined TRACON& Tower with Radar,21,32,17,6,76,0,1,13,0,14,21,33,30,6,90,0,0,0,90
07/22/2017,SHV,LA,ASW,CE,Combined TRACON& Tower with Radar,15,18,11,15,59,0,1,10,6,17,15,19,21,21,76,0,2,2,78
07/23/2017,SHV,LA,ASW,CE,Combined TRACON& Tower with Radar,18,21,16,0,55,0,2,11,0,13,18,23,27,0,68,4,0,4,72
07/24/2017,SHV,LA,ASW,CE,Combined TRACON& Tower with Radar,25,31,20,4,80,0,0,7,0,7,25,31,27,4,87,0,0,0,87
07/25/2017,SHV,LA,ASW,CE,Combined TRACON& Tower with Radar,22,35,13,0,70,0,1,26,0,27,22,36,39,0,97,6,0,6,103
07/26/2017,SHV,LA,ASW,CE,Combined TRACON& Tower with Radar,25,40,33,4,102,0,2,19,0,21,25,42,52,4,123,8,0,8,131
07/27/2017,SHV,LA,ASW,CE,Combined TRACON& Tower with Radar,27,43,29,10,109,0,0,37,0,37,27,43,66,10,146,6,0,6,152
07/28/2017,SHV,LA,ASW,CE,Combined TRACON& Tower with Radar,21,37,31,25,114,0,1,23,1,25,21,38,54,26,139,0,0,0,139
07/29/2017,SHV,LA,ASW,CE,Combined TRACON& Tower with Radar,13,27,20,8,68,0,0,5,0,5,13,27,25,8,73,0,0,0,73
07/30/2017,SHV,LA,ASW,CE,Combined TRACON& Tower with Radar,18,23,25,4,70,0,0,18,0,18,18,23,43,4,88,4,0,4,92
07/31/2017,SHV,LA,ASW,CE,Combined TRACON& Tower with Radar,17,30,14,2,63,0,1,17,1,19,17,31,31,3,82,5,0,5,87
08/01/2017,SHV,LA,ASW,CE,Combined TRACON& Tower with Radar,20,36,23,0,79,0,2,10,0,12,20,38,33,0,91,0,0,0,91
08/02/2017,SHV,LA,ASW,CE,Combined TRACON& Tower with Radar,24,30,21,0,75,0,0,9,0,9,24,30,30,0,84,10,0,10,94
08/03/2017,SHV,LA,ASW,CE,Combined TRACON& Tower with Radar,26,32,39,4,101,0,2,10,0,12,26,34,49,4,113,0,0,0,113
08/04/2017,SHV,LA,ASW,CE,Combined TRACON& Tower with Radar,25,24,14,11,74,0,0,9,0,9,25,24,23,11,83,4,4,8,91
08/05/2017,SHV,LA,ASW,CE,Combined TRACON& Tower with Radar,12,30,13,14,69,0,6,34,0,40,12,36,47,14,109,21,0,21,130
08/06/2017,SHV,LA,ASW,CE,Combined TRACON& Tower with Radar,18,22,19,5,64,0,2,1,0,3,18,24,20,5,67,0,0,0,67
08/07/2017,SHV,LA,ASW,CE,Combined TRACON& Tower with Radar,16,29,18,0,63,0,0,1,0,1,16,29,19,0,64,0,0,0,64
08/08/2017,SHV,LA,ASW,CE,Combined TRACON& Tower with Radar,23,30,20,7,80,0,0,3,0,3,23,30,23,7,83,0,0,0,83
08/09/2017,SHV,LA,ASW,CE,Combined TRACON& Tower with Radar,24,30,17,6,77,0,0,7,0,7,24,30,24,6,84,0,0,0,84
08/10/2017,SHV,LA,ASW,CE,Combined TRACON& Tower with Radar,25,24,18,6,73,0,0,7,2,9,25,24,25,8,82,0,0,0,82
08/11/2017,SHV,LA,ASW,CE,Combined TRACON& Tower with Radar,27,29,20,6,82,0,0,11,0,11,27,29,31,6,93,28,2,30,123
08/12/2017,SHV,LA,ASW,CE,Combined TRACON& Tower with Radar,17,28,10,16,71,0,0,19,1,20,17,28,29,17,91,10,0,10,101
08/13/2017,SHV,LA,ASW,CE,Combined TRACON& Tower with Radar,16,23,16,4,59,0,0,7,0,7,16,23,23,4,66,0,0,0,66
08/14/2017,SHV,LA,ASW,CE,Combined TRACON& Tower with Radar,12,31,11,0,54,0,0,10,0,10,12,31,21,0,64,10,0,10,74
08/15/2017,SHV,LA,ASW,CE,Combined TRACON& Tower with Radar,28,23,26,7,84,0,1,24,1,26,28,24,50,8,110,32,6,38,148
08/16/2017,SHV,LA,ASW,CE,Combined TRACON& Tower with Radar,30,23,20,3,76,0,1,12,1,14,30,24,32,4,90,2,0,2,92
08/17/2017,SHV,LA,ASW,CE,Combined TRACON& Tower with Radar,25,28,29,0,82,0,1,7,0,8,25,29,36,0,90,0,0,0,90
08/18/2017,SHV,LA,ASW,CE,Combined TRACON& Tower with Radar,22,35,28,4,89,0,0,12,0,12,22,35,40,4,101,0,0,0,101
08/19/2017,SHV,LA,ASW,CE,Combined TRACON& Tower with Radar,12,25,13,21,71,0,5,15,4,24,12,30,28,25,95,0,0,0,95
08/20/2017,SHV,LA,ASW,CE,Combined TRACON& Tower with Radar,18,24,17,10,69,0,0,7,3,10,18,24,24,13,79,20,4,24,103
08/21/2017,SHV,LA,ASW,CE,Combined TRACON& Tower with Radar,21,31,17,10,79,0,1,9,4,14,21,32,26,14,93,0,2,2,95
08/22/2017,SHV,LA,ASW,CE,Combined TRACON& Tower with Radar,22,28,28,2,80,0,0,13,0,13,22,28,41,2,93,10,0,10,103
08/23/2017,SHV,LA,ASW,CE,Combined TRACON& Tower with Radar,18,44,32,2,96,0,1,4,0,5,18,45,36,2,101,0,2,2,103
08/24/2017,SHV,LA,ASW,CE,Combined TRACON& Tower with Radar,26,38,19,6,89,0,0,8,0,8,26,38,27,6,97,0,2,2,99
08/25/2017,SHV,LA,ASW,CE,Combined TRACON& Tower with Radar,24,32,14,0,70,0,0,4,0,4,24,32,18,0,74,0,0,0,74
08/26/2017,SHV,LA,ASW,CE,Combined TRACON& Tower with Radar,17,29,9,3,58,0,1,4,0,5,17,30,13,3,63,0,0,0,63
08/27/2017,SHV,LA,ASW,CE,Combined TRACON& Tower with Radar,19,31,12,3,65,0,0,6,0,6,19,31,18,3,71,0,0,0,71
08/28/2017,SHV,LA,ASW,CE,Combined TRACON& Tower with Radar,15,32,17,0,64,0,0,3,6,9,15,32,20,6,73,6,0,6,79
08/29/2017,SHV,LA,ASW,CE,Combined TRACON& Tower with Radar,18,33,22,0,73,0,0,8,4,12,18,33,30,4,85,0,0,0,85
08/30/2017,SHV,LA,ASW,CE,Combined TRACON& Tower with Radar,22,26,6,0,54,0,0,0,0,0,22,26,6,0,54,4,0,4,58
08/31/2017,SHV,LA,ASW,CE,Combined TRACON& Tower with Radar,19,29,11,2,61,0,0,4,2,6,19,29,15,4,67,0,0,0,67
09/01/2017,SHV,LA,ASW,CE,Combined TRACON& Tower with Radar,20,39,18,4,81,0,0,21,5,26,20,39,39,9,107,0,0,0,107
09/02/2017,SHV,LA,ASW,CE,Combined TRACON& Tower with Radar,11,36,12,0,59,0,0,33,0,33,11,36,45,0,92,0,0,0,92
09/03/2017,SHV,LA,ASW,CE,Combined TRACON& Tower with Radar,9,24,8,0,41,0,4,14,1,19,9,28,22,1,60,6,0,6,66
09/04/2017,SHV,LA,ASW,CE,Combined TRACON& Tower with Radar,13,34,13,0,60,0,2,30,2,34,13,36,43,2,94,20,0,20,114
09/05/2017,SHV,LA,ASW,CE,Combined TRACON& Tower with Radar,14,27,17,16,74,0,4,10,2,16,14,31,27,18,90,4,10,14,104
09/06/2017,SHV,LA,ASW,CE,Combined TRACON& Tower with Radar,18,36,20,8,82,0,0,22,5,27,18,36,42,13,109,42,0,42,151
09/07/2017,SHV,LA,ASW,CE,Combined TRACON& Tower with Radar,28,34,26,3,91,0,3,22,0,25,28,37,48,3,116,0,0,0,116
09/08/2017,SHV,LA,ASW,CE,Combined TRACON& Tower with Radar,23,32,25,23,103,0,8,17,3,28,23,40,42,26,131,0,8,8,139
09/09/2017,SHV,LA,ASW,CE,Combined TRACON& Tower with Radar,21,17,22,21,81,0,3,9,2,14,21,20,31,23,95,0,3,3,98
09/10/2017,SHV,LA,ASW,CE,Combined TRACON& Tower with Radar,13,28,24,10,75,0,1,15,9,25,13,29,39,19,100,0,0,0,100
09/11/2017,SHV,LA,ASW,CE,Combined TRACON& Tower with Radar,19,19,13,4,55,0,1,19,5,25,19,20,32,9,80,32,0,32,112
09/12/2017,SHV,LA,ASW,CE,Combined TRACON& Tower with Radar,24,36,32,10,102,0,2,11,15,28,24,38,43,25,130,0,14,14,144
09/13/2017,SHV,LA,ASW,CE,Combined TRACON& Tower with Radar,24,36,30,6,96,0,0,16,2,18,24,36,46,8,114,14,0,14,128
09/14/2017,SHV,LA,ASW,CE,Combined TRACON& Tower with Radar,26,35,32,0,93,0,2,24,0,26,26,37,56,0,119,8,8,16,135
09/15/2017,SHV,LA,ASW,CE,Combined TRACON& Tower with Radar,18,33,16,21,88,0,2,10,5,17,18,35,26,26,105,8,0,8,113
09/16/2017,SHV,LA,ASW,CE,Combined TRACON& Tower with Radar,13,22,19,16,70,0,0,13,12,25,13,22,32,28,95,0,0,0,95
09/17/2017,SHV,LA,ASW,CE,Combined TRACON& Tower with Radar,13,32,15,12,72,0,1,7,0,8,13,33,22,12,80,6,0,6,86
09/18/2017,SHV,LA,ASW,CE,Combined TRACON& Tower with Radar,16,33,14,4,67,0,2,10,2,14,16,35,24,6,81,24,0,24,105
09/19/2017,SHV,LA,ASW,CE,Combined TRACON& Tower with Radar,24,43,31,1,99,0,0,8,1,9,24,43,39,2,108,0,0,0,108
09/20/2017,SHV,LA,ASW,CE,Combined TRACON& Tower with Radar,22,28,33,2,85,0,2,6,2,10,22,30,39,4,95,0,0,0,95
09/21/2017,SHV,LA,ASW,CE,Combined TRACON& Tower with Radar,30,32,32,2,96,0,0,7,0,7,30,32,39,2,103,0,0,0,103
09/22/2017,SHV,LA,ASW,CE,Combined TRACON& Tower with Radar,22,41,31,6,100,0,4,18,5,27,22,45,49,11,127,0,0,0,127
09/23/2017,SHV,LA,ASW,CE,Combined TRACON& Tower with Radar,15,33,21,8,77,0,3,16,2,21,15,36,37,10,98,0,0,0,98
09/24/2017,SHV,LA,ASW,CE,Combined TRACON& Tower with Radar,13,38,41,9,101,0,5,17,12,34,13,43,58,21,135,5,18,23,158
09/25/2017,SHV,LA,ASW,CE,Combined TRACON& Tower with Radar,20,33,27,2,82,0,0,13,2,15,20,33,40,4,97,0,0,0,97
09/26/2017,SHV,LA,ASW,CE,Combined TRACON& Tower with Radar,24,36,30,3,93,0,0,11,1,12,24,36,41,4,105,0,8,8,113
09/27/2017,SHV,LA,ASW,CE,Combined TRACON& Tower with Radar,30,45,41,13,129,0,0,9,2,11,30,45,50,15,140,8,0,8,148
09/28/2017,SHV,LA,ASW,CE,Combined TRACON& Tower with Radar,30,47,29,2,108,0,3,25,0,28,30,50,54,2,136,0,0,0,136
09/29/2017,SHV,LA,ASW,CE,Combined TRACON& Tower with Radar,25,38,31,34,128,0,2,12,4,18,25,40,43,38,146,13,19,32,178
09/30/2017,SHV,LA,ASW,CE,Combined TRACON& Tower with Radar,19,25,16,0,60,0,1,16,4,21,19,26,32,4,81,20,0,20,101
10/01/2017,SHV,LA,ASW,CE,Combined TRACON& Tower with Radar,13,32,24,6,75,0,0,13,0,13,13,32,37,6,88,0,0,0,88
10/02/2017,SHV,LA,ASW,CE,Combined TRACON& Tower with Radar,15,40,19,14,88,0,0,16,0,16,15,40,35,14,104,6,4,10,114
10/03/2017,SHV,LA,ASW,CE,Combined TRACON& Tower with Radar,31,51,30,0,112,0,2,2,0,4,31,53,32,0,116,0,0,0,116
10/04/2017,SHV,LA,ASW,CE,Combined TRACON& Tower with Radar,27,48,22,9,106,0,0,13,4,17,27,48,35,13,123,2,6,8,131
10/05/2017,SHV,LA,ASW,CE,Combined TRACON& Tower with Radar,29,45,31,2,107,0,5,7,0,12,29,50,38,2,119,2,6,8,127
10/06/2017,SHV,LA,ASW,CE,Combined TRACON& Tower with Radar,26,38,26,0,90,0,1,17,2,20,26,39,43,2,110,0,0,0,110
10/07/2017,SHV,LA,ASW,CE,Combined TRACON& Tower with Radar,15,25,25,0,65,0,1,9,1,11,15,26,34,1,76,0,0,0,76
10/08/2017,SHV,LA,ASW,CE,Combined TRACON& Tower with Radar,17,30,13,0,60,0,0,5,1,6,17,30,18,1,66,0,0,0,66
10/09/2017,SHV,LA,ASW,CE,Combined TRACON& Tower with Radar,19,38,34,5,96,0,0,11,4,15,19,38,45,9,111,6,14,20,131
10/10/2017,SHV,LA,ASW,CE,Combined TRACON& Tower with Radar,20,39,32,14,105,0,1,7,3,11,20,40,39,17,116,10,2,12,128
10/11/2017,SHV,LA,ASW,CE,Combined TRACON& Tower with Radar,16,48,24,0,88,0,2,14,2,18,16,50,38,2,106,0,0,0,106
10/12/2017,SHV,LA,ASW,CE,Combined TRACON& Tower with Radar,20,37,30,6,93,0,1,14,0,15,20,38,44,6,108,12,0,12,120
10/13/2017,SHV,LA,ASW,CE,Combined TRACON& Tower with Radar,21,45,30,15,111,0,0,7,1,8,21,45,37,16,119,10,0,10,129
10/14/2017,SHV,LA,ASW,CE,Combined TRACON& Tower with Radar,20,27,30,9,86,0,1,12,9,22,20,28,42,18,108,0,0,0,108
10/15/2017,SHV,LA,ASW,CE,Combined TRACON& Tower with Radar,18,26,20,12,76,0,2,4,0,6,18,28,24,12,82,14,0,14,96
10/16/2017,SHV,LA,ASW,CE,Combined TRACON& Tower with Radar,19,35,14,0,68,0,0,12,0,12,19,35,26,0,80,8,0,8,88
10/17/2017,SHV,LA,ASW,CE,Combined TRACON& Tower with Radar,20,43,15,1,79,0,0,10,1,11,20,43,25,2,90,7,0,7,97
10/18/2017,SHV,LA,ASW,CE,Combined TRACON& Tower with Radar,20,49,22,0,91,0,1,17,0,18,20,50,39,0,109,7,0,7,116
10/19/2017,SHV,LA,ASW,CE,Combined TRACON& Tower with Radar,24,48,25,2,99,0,0,15,0,15,24,48,40,2,114,14,0,14,128
10/20/2017,SHV,LA,ASW,CE,Combined TRACON& Tower with Radar,17,42,30,10,99,0,5,17,3,25,17,47,47,13,124,6,0,6,130
10/21/2017,SHV,LA,ASW,CE,Combined TRACON& Tower with Radar,11,23,11,0,45,0,0,1,0,1,11,23,12,0,46,0,0,0,46
10/22/2017,SHV,LA,ASW,CE,Combined TRACON& Tower with Radar,14,32,20,0,66,0,0,7,0,7,14,32,27,0,73,0,0,0,73
10/23/2017,SHV,LA,ASW,CE,Combined TRACON& Tower with Radar,18,43,12,0,73,0,0,26,0,26,18,43,38,0,99,24,0,24,123
10/24/2017,SHV,LA,ASW,CE,Combined TRACON& Tower with Radar,18,35,28,2,83,0,3,11,0,14,18,38,39,2,97,8,0,8,105
10/25/2017,SHV,LA,ASW,CE,Combined TRACON& Tower with Radar,18,40,19,0,77,0,1,10,1,12,18,41,29,1,89,0,0,0,89
10/26/2017,SHV,LA,ASW,CE,Combined TRACON& Tower with Radar,20,43,21,0,84,0,0,16,2,18,20,43,37,2,102,22,0,22,124
10/27/2017,SHV,LA,ASW,CE,Combined TRACON& Tower with Radar,15,47,17,4,83,0,3,2,0,5,15,50,19,4,88,0,0,0,88
10/28/2017,SHV,LA,ASW,CE,Combined TRACON& Tower with Radar,13,23,19,2,57,0,2,19,4,25,13,25,38,6,82,0,0,0,82
10/29/2017,SHV,LA,ASW,CE,Combined TRACON& Tower with Radar,16,27,17,4,64,0,0,7,0,7,16,27,24,4,71,3,0,3,74
10/30/2017,SHV,LA,ASW,CE,Combined TRACON& Tower with Radar,20,27,22,1,70,0,4,13,0,17,20,31,35,1,87,10,0,10,97
10/31/2017,SHV,LA,ASW,CE,Combined TRACON& Tower with Radar,20,28,17,0,65,0,2,9,0,11,20,30,26,0,76,0,0,0,76
11/01/2017,SHV,LA,ASW,CE,Combined TRACON& Tower with Radar,23,35,32,0,90,0,0,3,0,3,23,35,35,0,93,0,0,0,93
11/02/2017,SHV,LA,ASW,CE,Combined TRACON& Tower with Radar,25,54,39,8,126,0,2,8,2,12,25,56,47,10,138,16,0,16,154
11/03/2017,SHV,LA,ASW,CE,Combined TRACON& Tower with Radar,22,46,27,3,98,0,3,18,1,22,22,49,45,4,120,0,0,0,120
11/04/2017,SHV,LA,ASW,CE,Combined TRACON& Tower with Radar,19,30,26,7,82,0,0,11,0,11,19,30,37,7,93,22,0,22,115
11/05/2017,SHV,LA,ASW,CE,Combined TRACON& Tower with Radar,23,21,20,7,71,0,1,11,3,15,23,22,31,10,86,0,0,0,86
11/06/2017,SHV,LA,ASW,CE,Combined TRACON& Tower with Radar,24,27,16,7,74,0,4,9,1,14,24,31,25,8,88,13,2,15,103
11/07/2017,SHV,LA,ASW,CE,Combined TRACON& Tower with Radar,31,38,32,0,101,0,0,0,0,0,31,38,32,0,101,0,0,0,101
11/08/2017,SHV,LA,ASW,CE,Combined TRACON& Tower with Radar,33,38,23,2,96,0,0,0,0,0,33,38,23,2,96,0,0,0,96
11/09/2017,SHV,LA,ASW,CE,Combined TRACON& Tower with Radar,33,31,34,5,103,0,1,7,1,9,33,32,41,6,112,15,0,15,127
11/10/2017,SHV,LA,ASW,CE,Combined TRACON& Tower with Radar,30,29,37,6,102,0,3,22,0,25,30,32,59,6,127,0,0,0,127
11/11/2017,SHV,LA,ASW,CE,Combined TRACON& Tower with Radar,21,29,18,0,68,0,0,20,2,22,21,29,38,2,90,16,0,16,106
11/12/2017,SHV,LA,ASW,CE,Combined TRACON& Tower with Radar,25,31,29,0,85,0,0,8,0,8,25,31,37,0,93,0,0,0,93
11/13/2017,SHV,LA,ASW,CE,Combined TRACON& Tower with Radar,29,37,17,3,86,0,0,9,0,9,29,37,26,3,95,0,0,0,95
11/14/2017,SHV,LA,ASW,CE,Combined TRACON& Tower with Radar,39,32,19,0,90,0,1,21,2,24,39,33,40,2,114,0,0,0,114
11/15/2017,SHV,LA,ASW,CE,Combined TRACON& Tower with Radar,32,30,21,3,86,0,1,19,4,24,32,31,40,7,110,2,12,14,124
11/16/2017,SHV,LA,ASW,CE,Combined TRACON& Tower with Radar,39,44,35,0,118,0,2,9,0,11,39,46,44,0,129,0,0,0,129
11/17/2017,SHV,LA,ASW,CE,Combined TRACON& Tower with Radar,32,33,25,42,132,0,0,5,1,6,32,33,30,43,138,0,4,4,142
11/18/2017,SHV,LA,ASW,CE,Combined TRACON& Tower with Radar,18,26,12,40,96,0,0,6,5,11,18,26,18,45,107,0,0,0,107
11/19/2017,SHV,LA,ASW,CE,Combined TRACON& Tower with Radar,18,22,21,5,66,0,1,14,1,16,18,23,35,6,82,0,4,4,86
11/20/2017,SHV,LA,ASW,CE,Combined TRACON& Tower with Radar,25,22,25,2,74,0,0,15,0,15,25,22,40,2,89,4,0,4,93
11/21/2017,SHV,LA,ASW,CE,Combined TRACON& Tower with Radar,36,43,36,11,126,0,3,9,0,12,36,46,45,11,138,8,0,8,146
11/22/2017,SHV,LA,ASW,CE,Combined TRACON& Tower with Radar,41,29,12,0,82,0,1,20,0,21,41,30,32,0,103,8,0,8,111
11/23/2017,SHV,LA,ASW,CE,Combined TRACON& Tower with Radar,18,13,7,0,38,0,2,5,0,7,18,15,12,0,45,0,0,0,45
11/24/2017,SHV,LA,ASW,CE,Combined TRACON& Tower with Radar,30,21,10,0,61,0,0,10,0,10,30,21,20,0,71,2,0,2,73
11/25/2017,SHV,LA,ASW,CE,Combined TRACON& Tower with Radar,22,32,26,0,80,0,1,10,0,11,22,33,36,0,91,2,0,2,93
11/26/2017,SHV,LA,ASW,CE,Combined TRACON& Tower with Radar,28,29,37,0,94,0,3,8,0,11,28,32,45,0,105,0,0,0,105
11/27/2017,SHV,LA,ASW,CE,Combined TRACON& Tower with Radar,31,36,22,0,89,0,0,13,0,13,31,36,35,0,102,4,0,4,106
11/28/2017,SHV,LA,ASW,CE,Combined TRACON& Tower with Radar,29,50,23,0,102,0,2,19,0,21,29,52,42,0,123,0,0,0,123
11/29/2017,SHV,LA,ASW,CE,Combined TRACON& Tower with Radar,30,39,28,4,101,0,0,20,0,20,30,39,48,4,121,0,0,0,121
11/30/2017,SHV,LA,ASW,CE,Combined TRACON& Tower with Radar,34,52,40,8,134,0,5,22,0,27,34,57,62,8,161,0,0,0,161
12/01/2017,SHV,LA,ASW,CE,Combined TRACON& Tower with Radar,31,33,27,20,111,0,0,22,6,28,31,33,49,26,139,5,11,16,155
12/02/2017,SHV,LA,ASW,CE,Combined TRACON& Tower with Radar,26,34,11,4,75,0,8,18,2,28,26,42,29,6,103,0,0,0,103
12/03/2017,SHV,LA,ASW,CE,Combined TRACON& Tower with Radar,24,25,27,16,92,0,5,11,0,16,24,30,38,16,108,6,4,10,118
12/04/2017,SHV,LA,ASW,CE,Combined TRACON& Tower with Radar,23,27,15,2,67,0,3,1,0,4,23,30,16,2,71,0,0,0,71
12/05/2017,SHV,LA,ASW,CE,Combined TRACON& Tower with Radar,23,38,25,0,86,0,2,2,0,4,23,40,27,0,90,0,0,0,90
12/06/2017,SHV,LA,ASW,CE,Combined TRACON& Tower with Radar,23,43,21,0,87,0,0,7,0,7,23,43,28,0,94,22,0,22,116
12/07/2017,SHV,LA,ASW,CE,Combined TRACON& Tower with Radar,29,32,23,4,88,0,0,11,0,11,29,32,34,4,99,6,0,6,105
12/08/2017,SHV,LA,ASW,CE,Combined TRACON& Tower with Radar,30,41,18,18,107,0,4,17,0,21,30,45,35,18,128,0,0,0,128
12/09/2017,SHV,LA,ASW,CE,Combined TRACON& Tower with Radar,14,28,18,15,75,0,0,9,9,18,14,28,27,24,93,0,28,28,121
12/10/2017,SHV,LA,ASW,CE,Combined TRACON& Tower with Radar,21,33,15,5,74,0,0,12,0,12,21,33,27,5,86,0,0,0,86
12/11/2017,SHV,LA,ASW,CE,Combined TRACON& Tower with Radar,32,46,27,1,106,0,3,15,0,18,32,49,42,1,124,0,0,0,124
12/12/2017,SHV,LA,ASW,CE,Combined TRACON& Tower with Radar,26,30,27,0,83,0,3,6,1,10,26,33,33,1,93,0,0,0,93
12/13/2017,SHV,LA,ASW,CE,Combined TRACON& Tower with Radar,31,52,43,0,126,0,1,10,0,11,31,53,53,0,137,0,4,4,141
12/14/2017,SHV,LA,ASW,CE,Combined TRACON& Tower with Radar,32,48,42,5,127,0,0,21,0,21,32,48,63,5,148,6,0,6,154
12/15/2017,SHV,LA,ASW,CE,Combined TRACON& Tower with Radar,26,59,24,5,114,0,1,17,1,19,26,60,41,6,133,0,0,0,133
12/16/2017,SHV,LA,ASW,CE,Combined TRACON& Tower with Radar,12,43,22,2,79,0,0,7,2,9,12,43,29,4,88,0,0,0,88
12/17/2017,SHV,LA,ASW,CE,Combined TRACON& Tower with Radar,6,36,25,0,67,0,0,0,0,0,6,36,25,0,67,0,0,0,67
12/18/2017,SHV,LA,ASW,CE,Combined TRACON& Tower with Radar,14,36,32,0,82,0,0,0,0,0,14,36,32,0,82,0,0,0,82
12/19/2017,SHV,LA,ASW,CE,Combined TRACON& Tower with Radar,20,52,19,0,91,0,0,0,0,0,20,52,19,0,91,0,0,0,91
12/20/2017,SHV,LA,ASW,CE,Combined TRACON& Tower with Radar,30,59,35,4,128,0,5,15,2,22,30,64,50,6,150,0,0,0,150
12/21/2017,SHV,LA,ASW,CE,Combined TRACON& Tower with Radar,30,43,31,8,112,0,0,11,0,11,30,43,42,8,123,25,0,25,148
12/22/2017,SHV,LA,ASW,CE,Combined TRACON& Tower with Radar,27,44,12,0,83,0,0,0,2,2,27,44,12,2,85,0,0,0,85
12/23/2017,SHV,LA,ASW,CE,Combined TRACON& Tower with Radar,21,43,23,0,87,0,0,2,0,2,21,43,25,0,89,0,0,0,89
12/24/2017,SHV,LA,ASW,CE,Combined TRACON& Tower with Radar,8,31,9,0,48,0,0,6,0,6,8,31,15,0,54,0,0,0,54
12/25/2017,SHV,LA,ASW,CE,Combined TRACON& Tower with Radar,5,27,7,0,39,0,0,2,1,3,5,27,9,1,42,0,0,0,42
12/26/2017,SHV,LA,ASW,CE,Combined TRACON& Tower with Radar,12,33,21,0,66,0,1,5,0,6,12,34,26,0,72,0,0,0,72
12/27/2017,SHV,LA,ASW,CE,Combined TRACON& Tower with Radar,17,33,36,0,86,0,1,0,2,3,17,34,36,2,89,0,0,0,89
12/28/2017,SHV,LA,ASW,CE,Combined TRACON& Tower with Radar,13,39,23,1,76,0,1,4,0,5,13,40,27,1,81,0,0,0,81
12/29/2017,SHV,LA,ASW,CE,Combined TRACON& Tower with Radar,14,35,24,0,73,0,0,12,0,12,14,35,36,0,85,6,0,6,91
12/30/2017,SHV,LA,ASW,CE,Combined TRACON& Tower with Radar,8,32,6,0,46,0,0,0,0,0,8,32,6,0,46,0,0,0,46
12/31/2017,SHV,LA,ASW,CE,Combined TRACON& Tower with Radar,3,20,3,0,26,0,1,2,0,3,3,21,5,0,29,0,0,0,29
01/01/2018,SHV,LA,ASW,CE,Combined TRACON& Tower with Radar,5,26,23,0,54,0,0,2,0,2,5,26,25,0,56,0,0,0,56
01/02/2018,SHV,LA,ASW,CE,Combined TRACON& Tower with Radar,15,29,16,0,60,0,2,9,0,11,15,31,25,0,71,0,0,0,71
01/03/2018,SHV,LA,ASW,CE,Combined TRACON& Tower with Radar,13,34,21,3,71,0,2,13,0,15,13,36,34,3,86,0,0,0,86
01/04/2018,SHV,LA,ASW,CE,Combined TRACON& Tower with Radar,17,36,22,20,95,0,0,18,4,22,17,36,40,24,117,8,0,8,125
01/05/2018,SHV,LA,ASW,CE,Combined TRACON& Tower with Radar,18,32,17,25,92,0,0,32,1,33,18,32,49,26,125,16,6,22,147
01/06/2018,SHV,LA,ASW,CE,Combined TRACON& Tower with Radar,8,41,12,9,70,0,4,25,4,33,8,45,37,13,103,30,12,42,145
01/07/2018,SHV,LA,ASW,CE,Combined TRACON& Tower with Radar,10,31,17,15,73,0,3,3,1,7,10,34,20,16,80,0,0,0,80
01/08/2018,SHV,LA,ASW,CE,Combined TRACON& Tower with Radar,19,32,12,0,63,0,0,1,0,1,19,32,13,0,64,0,0,0,64
01/09/2018,SHV,LA,ASW,CE,Combined TRACON& Tower with Radar,24,34,17,10,85,0,0,0,0,0,24,34,17,10,85,0,0,0,85
01/10/2018,SHV,LA,ASW,CE,Combined TRACON& Tower with Radar,19,38,27,25,109,0,0,0,0,0,19,38,27,25,109,0,0,0,109
01/11/2018,SHV,LA,ASW,CE,Combined TRACON& Tower with Radar,19,35,16,3,73,0,0,0,0,0,19,35,16,3,73,2,0,2,75
01/12/2018,SHV,LA,ASW,CE,Combined TRACON& Tower with Radar,20,35,22,32,109,0,1,15,5,21,20,36,37,37,130,4,4,8,138
01/13/2018,SHV,LA,ASW,CE,Combined TRACON& Tower with Radar,8,27,12,0,47,0,0,20,0,20,8,27,32,0,67,0,0,0,67
01/14/2018,SHV,LA,ASW,CE,Combined TRACON& Tower with Radar,10,27,9,20,66,0,2,13,0,15,10,29,22,20,81,0,0,0,81
01/15/2018,SHV,LA,ASW,CE,Combined TRACON& Tower with Radar,19,30,14,0,63,0,4,17,2,23,19,34,31,2,86,22,12,34,120
01/16/2018,SHV,LA,ASW,CE,Combined TRACON& Tower with Radar,13,22,15,6,56,0,0,6,0,6,13,22,21,6,62,0,0,0,62
01/17/2018,SHV,LA,ASW,CE,Combined TRACON& Tower with Radar,14,29,27,4,74,0,0,12,0,12,14,29,39,4,86,0,0,0,86
01/18/2018,SHV,LA,ASW,CE,Combined TRACON& Tower with Radar,19,46,27,2,94,0,2,15,0,17,19,48,42,2,111,17,0,17,128
01/19/2018,SHV,LA,ASW,CE,Combined TRACON& Tower with Radar,18,31,42,50,141,0,0,20,4,24,18,31,62,54,165,6,8,14,179
01/20/2018,SHV,LA,ASW,CE,Combined TRACON& Tower with Radar,10,29,20,25,84,0,0,0,0,0,10,29,20,25,84,0,0,0,84
01/21/2018,SHV,LA,ASW,CE,Combined TRACON& Tower with Radar,12,27,17,0,56,0,2,4,0,6,12,29,21,0,62,0,0,0,62
01/22/2018,SHV,LA,ASW,CE,Combined TRACON& Tower with Radar,19,32,20,4,75,0,0,10,1,11,19,32,30,5,86,0,0,0,86
01/23/2018,SHV,LA,ASW,CE,Combined TRACON& Tower with Radar,21,39,22,14,96,0,1,26,5,32,21,40,48,19,128,0,0,0,128
01/24/2018,SHV,LA,ASW,CE,Combined TRACON& Tower with Radar,19,37,17,8,81,0,1,24,0,25,19,38,41,8,106,8,0,8,114
01/25/2018,SHV,LA,ASW,CE,Combined TRACON& Tower with Radar,23,33,24,7,87,0,4,20,1,25,23,37,44,8,112,4,0,4,116
01/26/2018,SHV,LA,ASW,CE,Combined TRACON& Tower with Radar,20,39,17,6,82,0,0,29,2,31,20,39,46,8,113,0,0,0,113
01/27/2018,SHV,LA,ASW,CE,Combined TRACON& Tower with Radar,17,28,13,4,62,0,0,0,0,0,17,28,13,4,62,4,0,4,66
01/28/2018,SHV,LA,ASW,CE,Combined TRACON& Tower with Radar,13,30,21,6,70,0,0,21,0,21,13,30,42,6,91,3,0,3,94
01/29/2018,SHV,LA,ASW,CE,Combined TRACON& Tower with Radar,18,34,18,16,86,0,2,11,0,13,18,36,29,16,99,3,0,3,102
01/30/2018,SHV,LA,ASW,CE,Combined TRACON& Tower with Radar,23,39,23,0,85,0,0,23,1,24,23,39,46,1,109,0,0,0,109
01/31/2018,SHV,LA,ASW,CE,Combined TRACON& Tower with Radar,27,43,30,2,102,0,1,18,1,20,27,44,48,3,122,9,0,9,131
02/01/2018,SHV,LA,ASW,CE,Combined TRACON& Tower with Radar,26,35,23,2,86,0,0,13,0,13,26,35,36,2,99,9,0,9,108
02/02/2018,SHV,LA,ASW,CE,Combined TRACON& Tower with Radar,25,35,22,0,82,1,1,12,0,14,26,36,34,0,96,6,0,6,102
02/03/2018,SHV,LA,ASW,CE,Combined TRACON& Tower with Radar,12,32,13,0,57,0,1,12,0,13,12,33,25,0,70,0,0,0,70
02/04/2018,SHV,LA,ASW,CE,Combined TRACON& Tower with Radar,10,26,16,2,54,0,0,3,2,5,10,26,19,4,59,0,0,0,59
02/05/2018,SHV,LA,ASW,CE,Combined TRACON& Tower with Radar,17,29,22,0,68,0,0,15,0,15,17,29,37,0,83,6,0,6,89
02/06/2018,SHV,LA,ASW,CE,Combined TRACON& Tower with Radar,25,40,25,0,90,0,0,1,0,1,25,40,26,0,91,0,0,0,91
02/07/2018,SHV,LA,ASW,CE,Combined TRACON& Tower with Radar,17,36,45,6,104,0,0,1,0,1,17,36,46,6,105,0,0,0,105
02/08/2018,SHV,LA,ASW,CE,Combined TRACON& Tower with Radar,25,35,35,0,95,0,0,23,0,23,25,35,58,0,118,10,0,10,128
02/09/2018,SHV,LA,ASW,CE,Combined TRACON& Tower with Radar,22,36,41,2,101,0,0,8,2,10,22,36,49,4,111,16,5,21,132
02/10/2018,SHV,LA,ASW,CE,Combined TRACON& Tower with Radar,12,26,7,0,45,0,0,1,0,1,12,26,8,0,46,0,0,0,46
02/11/2018,SHV,LA,ASW,CE,Combined TRACON& Tower with Radar,12,30,16,7,65,0,0,0,0,0,12,30,16,7,65,0,0,0,65
02/12/2018,SHV,LA,ASW,CE,Combined TRACON& Tower with Radar,19,33,17,11,80,0,0,13,4,17,19,33,30,15,97,32,0,32,129
02/13/2018,SHV,LA,ASW,CE,Combined TRACON& Tower with Radar,19,36,14,6,75,0,0,2,0,2,19,36,16,6,77,0,0,0,77
02/14/2018,SHV,LA,ASW,CE,Combined TRACON& Tower with Radar,17,40,24,0,81,0,0,2,0,2,17,40,26,0,83,0,0,0,83
02/15/2018,SHV,LA,ASW,CE,Combined TRACON& Tower with Radar,23,51,32,6,112,0,0,11,8,19,23,51,43,14,131,0,0,0,131
02/16/2018,SHV,LA,ASW,CE,Combined TRACON& Tower with Radar,31,32,25,0,88,0,0,1,0,1,31,32,26,0,89,0,0,0,89
02/17/2018,SHV,LA,ASW,CE,Combined TRACON& Tower with Radar,14,26,13,0,53,0,0,0,0,0,14,26,13,0,53,0,0,0,53
02/18/2018,SHV,LA,ASW,CE,Combined TRACON& Tower with Radar,13,41,19,0,73,0,0,0,0,0,13,41,19,0,73,0,0,0,73
02/19/2018,SHV,LA,ASW,CE,Combined TRACON& Tower with Radar,28,30,14,3,75,0,0,10,4,14,28,30,24,7,89,8,0,8,97
02/20/2018,SHV,LA,ASW,CE,Combined TRACON& Tower with Radar,20,46,27,1,94,0,0,0,0,0,20,46,27,1,94,0,0,0,94
02/21/2018,SHV,LA,ASW,CE,Combined TRACON& Tower with Radar,29,49,15,0,93,0,0,0,0,0,29,49,15,0,93,0,0,0,93
02/22/2018,SHV,LA,ASW,CE,Combined TRACON& Tower with Radar,23,38,19,0,80,0,0,0,0,0,23,38,19,0,80,0,0,0,80
02/23/2018,SHV,LA,ASW,CE,Combined TRACON& Tower with Radar,28,39,26,0,93,0,2,4,0,6,28,41,30,0,99,14,0,14,113
02/24/2018,SHV,LA,ASW,CE,Combined TRACON& Tower with Radar,21,26,7,0,54,0,0,0,0,0,21,26,7,0,54,0,0,0,54
02/25/2018,SHV,LA,ASW,CE,Combined TRACON& Tower with Radar,14,28,25,0,67,0,0,2,0,2,14,28,27,0,69,0,0,0,69
02/26/2018,SHV,LA,ASW,CE,Combined TRACON& Tower with Radar,24,30,26,2,82,0,0,22,0,22,24,30,48,2,104,25,0,25,129
02/27/2018,SHV,LA,ASW,CE,Combined TRACON& Tower with Radar,23,39,15,0,77,0,0,2,0,2,23,39,17,0,79,0,0,0,79
02/28/2018,SHV,LA,ASW,CE,Combined TRACON& Tower with Radar,29,43,28,0,100,0,2,2,0,4,29,45,30,0,104,0,0,0,104
03/01/2018,SHV,LA,ASW,CE,Combined TRACON& Tower with Radar,30,39,20,21,110,0,0,7,1,8,30,39,27,22,118,0,0,0,118
03/02/2018,SHV,LA,ASW,CE,Combined TRACON& Tower with Radar,33,41,21,2,97,0,0,42,0,42,33,41,63,2,139,8,0,8,147
03/03/2018,SHV,LA,ASW,CE,Combined TRACON& Tower with Radar,16,31,23,2,72,0,7,15,0,22,16,38,38,2,94,2,0,2,96
03/04/2018,SHV,LA,ASW,CE,Combined TRACON& Tower with Radar,18,33,14,0,65,0,0,9,0,9,18,33,23,0,74,0,0,0,74
03/05/2018,SHV,LA,ASW,CE,Combined TRACON& Tower with Radar,24,33,19,2,78,0,0,2,0,2,24,33,21,2,80,0,0,0,80
03/06/2018,SHV,LA,ASW,CE,Combined TRACON& Tower with Radar,32,32,23,0,87,0,2,12,0,14,32,34,35,0,101,0,0,0,101
03/07/2018,SHV,LA,ASW,CE,Combined TRACON& Tower with Radar,31,36,36,0,103,0,1,27,0,28,31,37,63,0,131,8,0,8,139
03/08/2018,SHV,LA,ASW,CE,Combined TRACON& Tower with Radar,27,45,48,2,122,0,6,21,0,27,27,51,69,2,149,0,0,0,149
03/09/2018,SHV,LA,ASW,CE,Combined TRACON& Tower with Radar,24,42,31,12,109,0,2,13,1,16,24,44,44,13,125,0,0,0,125
03/10/2018,SHV,LA,ASW,CE,Combined TRACON& Tower with Radar,19,31,17,2,69,0,0,1,1,2,19,31,18,3,71,0,0,0,71
03/11/2018,SHV,LA,ASW,CE,Combined TRACON& Tower with Radar,16,31,15,2,64,0,9,11,1,21,16,40,26,3,85,0,0,0,85
03/12/2018,SHV,LA,ASW,CE,Combined TRACON& Tower with Radar,23,34,17,0,74,0,0,18,0,18,23,34,35,0,92,12,0,12,104
03/13/2018,SHV,LA,ASW,CE,Combined TRACON& Tower with Radar,22,31,22,0,75,0,1,23,0,24,22,32,45,0,99,6,0,6,105
03/14/2018,SHV,LA,ASW,CE,Combined TRACON& Tower with Radar,25,42,33,0,100,0,2,19,0,21,25,44,52,0,121,6,0,6,127
03/15/2018,SHV,LA,ASW,CE,Combined TRACON& Tower with Radar,25,36,15,2,78,0,0,16,0,16,25,36,31,2,94,6,0,6,100
03/16/2018,SHV,LA,ASW,CE,Combined TRACON& Tower with Radar,28,34,27,12,101,0,0,10,0,10,28,34,37,12,111,0,12,12,123
03/17/2018,SHV,LA,ASW,CE,Combined TRACON& Tower with Radar,16,24,16,1,57,0,0,5,0,5,16,24,21,1,62,0,0,0,62
03/18/2018,SHV,LA,ASW,CE,Combined TRACON& Tower with Radar,15,34,21,5,75,0,0,6,0,6,15,34,27,5,81,1,0,1,82
03/19/2018,SHV,LA,ASW,CE,Combined TRACON& Tower with Radar,26,33,23,10,92,0,0,9,0,9,26,33,32,10,101,0,0,0,101
03/20/2018,SHV,LA,ASW,CE,Combined TRACON& Tower with Radar,25,36,28,0,89,0,0,14,0,14,25,36,42,0,103,0,0,0,103
03/21/2018,SHV,LA,ASW,CE,Combined TRACON& Tower with Radar,28,38,41,0,107,0,4,30,2,36,28,42,71,2,143,22,0,22,165
03/22/2018,SHV,LA,ASW,CE,Combined TRACON& Tower with Radar,26,37,51,1,115,0,2,37,1,40,26,39,88,2,155,12,0,12,167
03/23/2018,SHV,LA,ASW,CE,Combined TRACON& Tower with Radar,24,39,22,8,93,0,4,18,2,24,24,43,40,10,117,6,4,10,127
03/24/2018,SHV,LA,ASW,CE,Combined TRACON& Tower with Radar,18,29,17,0,64,0,0,13,0,13,18,29,30,0,77,0,0,0,77
03/25/2018,SHV,LA,ASW,CE,Combined TRACON& Tower with Radar,14,29,18,0,61,0,0,4,0,4,14,29,22,0,65,0,0,0,65
03/26/2018,SHV,LA,ASW,CE,Combined TRACON& Tower with Radar,22,37,31,6,96,0,0,12,1,13,22,37,43,7,109,8,0,8,117
03/27/2018,SHV,LA,ASW,CE,Combined TRACON& Tower with Radar,29,45,18,8,100,0,0,2,0,2,29,45,20,8,102,0,0,0,102
03/28/2018,SHV,LA,ASW,CE,Combined TRACON& Tower with Radar,21,31,7,0,59,0,0,0,0,0,21,31,7,0,59,4,0,4,63
03/29/2018,SHV,LA,ASW,CE,Combined TRACON& Tower with Radar,30,34,29,22,115,0,0,20,5,25,30,34,49,27,140,0,0,0,140
03/30/2018,SHV,LA,ASW,CE,Combined TRACON& Tower with Radar,27,38,30,0,95,0,2,38,0,40,27,40,68,0,135,8,0,8,143
03/31/2018,SHV,LA,ASW,CE,Combined TRACON& Tower with Radar,14,22,10,0,46,0,1,25,0,26,14,23,35,0,72,4,0,4,76
04/01/2018,SHV,LA,ASW,CE,Combined TRACON& Tower with Radar,12,29,15,0,56,0,1,5,0,6,12,30,20,0,62,0,0,0,62
04/02/2018,SHV,LA,ASW,CE,Combined TRACON& Tower with Radar,25,35,20,4,84,0,2,6,0,8,25,37,26,4,92,0,0,0,92
04/03/2018,SHV,LA,ASW,CE,Combined TRACON& Tower with Radar,29,31,17,2,79,0,0,5,0,5,29,31,22,2,84,0,0,0,84
04/04/2018,SHV,LA,ASW,CE,Combined TRACON& Tower with Radar,30,29,36,2,97,0,2,23,6,31,30,31,59,8,128,12,10,22,150
04/05/2018,SHV,LA,ASW,CE,Combined TRACON& Tower with Radar,31,41,38,2,112,0,4,25,0,29,31,45,63,2,141,14,0,14,155
04/06/2018,SHV,LA,ASW,CE,Combined TRACON& Tower with Radar,28,29,26,2,85,0,0,3,0,3,28,29,29,2,88,0,6,6,94
04/07/2018,SHV,LA,ASW,CE,Combined TRACON& Tower with Radar,14,35,12,11,72,0,0,2,0,2,14,35,14,11,74,0,0,0,74
04/08/2018,SHV,LA,ASW,CE,Combined TRACON& Tower with Radar,21,23,20,4,68,0,1,12,2,15,21,24,32,6,83,0,0,0,83
04/09/2018,SHV,LA,ASW,CE,Combined TRACON& Tower with Radar,23,35,22,0,80,0,1,11,1,13,23,36,33,1,93,16,0,16,109
04/10/2018,SHV,LA,ASW,CE,Combined TRACON& Tower with Radar,23,32,34,17,106,0,3,24,2,29,23,35,58,19,135,0,0,0,135
04/11/2018,SHV,LA,ASW,CE,Combined TRACON& Tower with Radar,23,33,26,0,82,0,6,12,2,20,23,39,38,2,102,23,0,23,125
04/12/2018,SHV,LA,ASW,CE,Combined TRACON& Tower with Radar,33,32,26,2,93,0,1,8,0,9,33,33,34,2,102,19,0,19,121
04/13/2018,SHV,LA,ASW,CE,Combined TRACON& Tower with Radar,27,38,15,0,80,0,0,2,0,2,27,38,17,0,82,0,0,0,82
04/14/2018,SHV,LA,ASW,CE,Combined TRACON& Tower with Radar,10,29,7,0,46,0,0,2,3,5,10,29,9,3,51,2,0,2,53
04/15/2018,SHV,LA,ASW,CE,Combined TRACON& Tower with Radar,23,28,14,0,65,0,0,4,2,6,23,28,18,2,71,0,0,0,71
04/16/2018,SHV,LA,ASW,CE,Combined TRACON& Tower with Radar,27,32,14,4,77,0,3,28,1,32,27,35,42,5,109,0,0,0,109
04/17/2018,SHV,LA,ASW,CE,Combined TRACON& Tower with Radar,27,33,19,0,79,0,1,18,4,23,27,34,37,4,102,0,0,0,102
04/18/2018,SHV,LA,ASW,CE,Combined TRACON& Tower with Radar,31,35,37,0,103,0,1,16,0,17,31,36,53,0,120,0,0,0,120
04/19/2018,SHV,LA,ASW,CE,Combined TRACON& Tower with Radar,27,41,22,6,96,0,0,23,0,23,27,41,45,6,119,0,0,0,119
04/20/2018,SHV,LA,ASW,CE,Combined TRACON& Tower with Radar,28,30,16,13,87,0,0,18,3,21,28,30,34,16,108,16,6,22,130
04/21/2018,SHV,LA,ASW,CE,Combined TRACON& Tower with Radar,19,26,19,13,77,0,0,5,3,8,19,26,24,16,85,0,0,0,85
04/22/2018,SHV,LA,ASW,CE,Combined TRACON& Tower with Radar,19,26,37,8,90,0,0,1,4,5,19,26,38,12,95,0,0,0,95
04/23/2018,SHV,LA,ASW,CE,Combined TRACON& Tower with Radar,29,27,27,27,110,0,1,33,4,38,29,28,60,31,148,37,9,46,194
04/24/2018,SHV,LA,ASW,CE,Combined TRACON& Tower with Radar,27,33,30,5,95,0,7,22,12,41,27,40,52,17,136,0,0,0,136
04/25/2018,SHV,LA,ASW,CE,Combined TRACON& Tower with Radar,28,46,31,6,111,0,4,11,3,18,28,50,42,9,129,10,4,14,143
04/26/2018,SHV,LA,ASW,CE,Combined TRACON& Tower with Radar,30,36,25,0,91,0,2,6,4,12,30,38,31,4,103,0,0,0,103
04/27/2018,SHV,LA,ASW,CE,Combined TRACON& Tower with Radar,28,34,27,0,89,0,4,20,2,26,28,38,47,2,115,0,0,0,115
04/28/2018,SHV,LA,ASW,CE,Combined TRACON& Tower with Radar,18,24,15,6,63,0,1,20,1,22,18,25,35,7,85,0,0,0,85
04/29/2018,SHV,LA,ASW,CE,Combined TRACON& Tower with Radar,20,18,16,11,65,0,0,36,8,44,20,18,52,19,109,6,6,12,121
04/30/2018,SHV,LA,ASW,CE,Combined TRACON& Tower with Radar,26,33,17,7,83,0,7,11,9,27,26,40,28,16,110,0,10,10,120
05/01/2018,SHV,LA,ASW,CE,Combined TRACON& Tower with Radar,28,24,24,6,82,0,4,22,0,26,28,28,46,6,108,0,0,0,108
05/02/2018,SHV,LA,ASW,CE,Combined TRACON& Tower with Radar,28,25,23,0,76,0,2,2,1,5,28,27,25,1,81,0,0,0,81
05/03/2018,SHV,LA,ASW,CE,Combined TRACON& Tower with Radar,22,35,30,9,96,0,5,14,0,19,22,40,44,9,115,8,2,10,125
05/04/2018,SHV,LA,ASW,CE,Combined TRACON& Tower with Radar,22,27,26,8,83,0,2,1,0,3,22,29,27,8,86,0,0,0,86
05/05/2018,SHV,LA,ASW,CE,Combined TRACON& Tower with Radar,19,21,7,4,51,0,0,14,0,14,19,21,21,4,65,0,0,0,65
05/06/2018,SHV,LA,ASW,CE,Combined TRACON& Tower with Radar,18,25,20,8,71,0,2,20,4,26,18,27,40,12,97,7,12,19,116
05/07/2018,SHV,LA,ASW,CE,Combined TRACON& Tower with Radar,25,32,22,3,82,0,0,12,0,12,25,32,34,3,94,0,0,0,94
05/08/2018,SHV,LA,ASW,CE,Combined TRACON& Tower with Radar,26,34,30,0,90,0,4,20,1,25,26,38,50,1,115,4,0,4,119
05/09/2018,SHV,LA,ASW,CE,Combined TRACON& Tower with Radar,23,45,15,5,88,0,1,22,1,24,23,46,37,6,112,2,2,4,116
05/10/2018,SHV,LA,ASW,CE,Combined TRACON& Tower with Radar,25,32,17,9,83,0,0,9,0,9,25,32,26,9,92,0,6,6,98
05/11/2018,SHV,LA,ASW,CE,Combined TRACON& Tower with Radar,25,37,16,33,111,0,0,15,0,15,25,37,31,33,126,0,12,12,138
05/12/2018,SHV,LA,ASW,CE,Combined TRACON& Tower with Radar,19,23,15,7,64,0,0,6,5,11,19,23,21,12,75,16,6,22,97
05/13/2018,SHV,LA,ASW,CE,Combined TRACON& Tower with Radar,21,26,12,4,63,0,2,11,0,13,21,28,23,4,76,0,0,0,76
05/14/2018,SHV,LA,ASW,CE,Combined TRACON& Tower with Radar,22,28,21,2,73,0,0,30,0,30,22,28,51,2,103,0,0,0,103
05/15/2018,SHV,LA,ASW,CE,Combined TRACON& Tower with Radar,23,29,37,0,89,0,0,8,0,8,23,29,45,0,97,0,0,0,97
05/16/2018,SHV,LA,ASW,CE,Combined TRACON& Tower with Radar,30,35,27,12,104,0,0,31,0,31,30,35,58,12,135,0,0,0,135
05/17/2018,SHV,LA,ASW,CE,Combined TRACON& Tower with Radar,26,40,37,24,127,0,1,15,0,16,26,41,52,24,143,0,8,8,151
05/18/2018,SHV,LA,ASW,CE,Combined TRACON& Tower with Radar,34,35,33,15,117,0,1,17,0,18,34,36,50,15,135,0,6,6,141
05/19/2018,SHV,LA,ASW,CE,Combined TRACON& Tower with Radar,14,27,19,40,100,0,9,8,2,19,14,36,27,42,119,0,18,18,137
05/20/2018,SHV,LA,ASW,CE,Combined TRACON& Tower with Radar,21,21,13,7,62,0,1,11,2,14,21,22,24,9,76,0,6,6,82
05/21/2018,SHV,LA,ASW,CE,Combined TRACON& Tower with Radar,23,33,28,5,89,0,0,23,3,26,23,33,51,8,115,18,0,18,133
05/22/2018,SHV,LA,ASW,CE,Combined TRACON& Tower with Radar,24,39,27,4,94,0,0,5,0,5,24,39,32,4,99,12,0,12,111
05/23/2018,SHV,LA,ASW,CE,Combined TRACON& Tower with Radar,29,44,31,7,111,0,0,13,0,13,29,44,44,7,124,0,0,0,124
05/24/2018,SHV,LA,ASW,CE,Combined TRACON& Tower with Radar,28,36,34,8,106,0,1,13,1,15,28,37,47,9,121,6,0,6,127
05/25/2018,SHV,LA,ASW,CE,Combined TRACON& Tower with Radar,30,40,23,14,107,0,1,8,1,10,30,41,31,15,117,0,4,4,121
05/26/2018,SHV,LA,ASW,CE,Combined TRACON& Tower with Radar,19,30,13,0,62,0,0,1,0,1,19,30,14,0,63,0,0,0,63
05/27/2018,SHV,LA,ASW,CE,Combined TRACON& Tower with Radar,16,23,13,0,52,0,0,19,0,19,16,23,32,0,71,4,0,4,75
05/28/2018,SHV,LA,ASW,CE,Combined TRACON& Tower with Radar,14,24,10,5,53,0,1,9,6,16,14,25,19,11,69,0,12,12,81
05/29/2018,SHV,LA,ASW,CE,Combined TRACON& Tower with Radar,23,26,13,20,82,0,0,22,2,24,23,26,35,22,106,0,0,0,106
05/30/2018,SHV,LA,ASW,CE,Combined TRACON& Tower with Radar,26,39,25,17,107,1,2,42,6,51,27,41,67,23,158,54,16,70,228
05/31/2018,SHV,LA,ASW,CE,Combined TRACON& Tower with Radar,25,32,39,2,98,0,3,20,0,23,25,35,59,2,121,46,0,46,167
06/01/2018,SHV,LA,ASW,CE,Combined TRACON& Tower with Radar,27,33,15,21,96,0,1,10,5,16,27,34,25,26,112,4,2,6,118
06/02/2018,SHV,LA,ASW,CE,Combined TRACON& Tower with Radar,16,32,11,6,65,0,0,28,4,32,16,32,39,10,97,10,8,18,115
06/03/2018,SHV,LA,ASW,CE,Combined TRACON& Tower with Radar,17,25,22,4,68,0,2,10,4,16,17,27,32,8,84,22,12,34,118
06/04/2018,SHV,LA,ASW,CE,Combined TRACON& Tower with Radar,32,29,15,7,83,0,0,23,0,23,32,29,38,7,106,0,0,0,106
06/05/2018,SHV,LA,ASW,CE,Combined TRACON& Tower with Radar,23,29,15,7,74,0,1,11,3,15,23,30,26,10,89,14,0,14,103
06/06/2018,SHV,LA,ASW,CE,Combined TRACON& Tower with Radar,27,39,44,10,120,0,1,19,3,23,27,40,63,13,143,0,0,0,143
06/07/2018,SHV,LA,ASW,CE,Combined TRACON& Tower with Radar,40,36,28,0,104,0,0,18,0,18,40,36,46,0,122,0,0,0,122
06/08/2018,SHV,LA,ASW,CE,Combined TRACON& Tower with Radar,32,30,39,4,105,0,0,15,0,15,32,30,54,4,120,8,0,8,128
06/09/2018,SHV,LA,ASW,CE,Combined TRACON& Tower with Radar,23,25,23,0,71,0,2,27,0,29,23,27,50,0,100,0,0,0,100
06/10/2018,SHV,LA,ASW,CE,Combined TRACON& Tower with Radar,20,24,26,6,76,0,1,6,2,9,20,25,32,8,85,0,2,2,87
06/11/2018,SHV,LA,ASW,CE,Combined TRACON& Tower with Radar,28,40,19,8,95,0,2,11,2,15,28,42,30,10,110,0,0,0,110
06/12/2018,SHV,LA,ASW,CE,Combined TRACON& Tower with Radar,25,32,27,2,86,0,0,10,1,11,25,32,37,3,97,18,0,18,115
06/13/2018,SHV,LA,ASW,CE,Combined TRACON& Tower with Radar,28,32,23,3,86,0,1,12,1,14,28,33,35,4,100,0,0,0,100
06/14/2018,SHV,LA,ASW,CE,Combined TRACON& Tower with Radar,25,49,34,0,108,0,0,28,0,28,25,49,62,0,136,14,0,14,150
06/15/2018,SHV,LA,ASW,CE,Combined TRACON& Tower with Radar,31,31,25,29,116,0,0,16,2,18,31,31,41,31,134,10,0,10,144
06/16/2018,SHV,LA,ASW,CE,Combined TRACON& Tower with Radar,14,27,6,2,49,0,0,14,7,21,14,27,20,9,70,8,0,8,78
06/17/2018,SHV,LA,ASW,CE,Combined TRACON& Tower with Radar,20,23,14,4,61,0,2,6,2,10,20,25,20,6,71,8,0,8,79
06/18/2018,SHV,LA,ASW,CE,Combined TRACON& Tower with Radar,23,27,13,6,69,0,0,3,2,5,23,27,16,8,74,0,0,0,74
06/19/2018,SHV,LA,ASW,CE,Combined TRACON& Tower with Radar,25,28,19,2,74,0,0,2,0,2,25,28,21,2,76,8,0,8,84
06/20/2018,SHV,LA,ASW,CE,Combined TRACON& Tower with Radar,31,37,22,2,92,0,0,1,0,1,31,37,23,2,93,0,0,0,93
06/21/2018,SHV,LA,ASW,CE,Combined TRACON& Tower with Radar,33,38,14,12,97,0,0,6,0,6,33,38,20,12,103,22,0,22,125
06/22/2018,SHV,LA,ASW,CE,Combined TRACON& Tower with Radar,31,36,17,36,120,0,1,27,3,31,31,37,44,39,151,14,0,14,165
06/23/2018,SHV,LA,ASW,CE,Combined TRACON& Tower with Radar,18,27,15,0,60,0,0,8,0,8,18,27,23,0,68,0,0,0,68
06/24/2018,SHV,LA,ASW,CE,Combined TRACON& Tower with Radar,20,27,19,1,67,0,0,10,1,11,20,27,29,2,78,0,0,0,78
06/25/2018,SHV,LA,ASW,CE,Combined TRACON& Tower with Radar,28,38,14,0,80,0,0,12,0,12,28,38,26,0,92,26,0,26,118
06/26/2018,SHV,LA,ASW,CE,Combined TRACON& Tower with Radar,25,36,20,0,81,0,1,17,1,19,25,37,37,1,100,10,0,10,110
06/27/2018,SHV,LA,ASW,CE,Combined TRACON& Tower with Radar,41,50,28,0,119,0,6,33,0,39,41,56,61,0,158,16,0,16,174
06/28/2018,SHV,LA,ASW,CE,Combined TRACON& Tower with Radar,25,41,24,6,96,0,0,27,0,27,25,41,51,6,123,31,0,31,154
06/29/2018,SHV,LA,ASW,CE,Combined TRACON& Tower with Radar,29,38,20,8,95,0,0,28,0,28,29,38,48,8,123,24,6,30,153
06/30/2018,SHV,LA,ASW,CE,Combined TRACON& Tower with Radar,17,26,15,1,59,0,0,14,1,15,17,26,29,2,74,10,0,10,84
07/01/2018,SHV,LA,ASW,CE,Combined TRACON& Tower with Radar,18,21,23,4,66,0,0,6,0,6,18,21,29,4,72,0,0,0,72
07/02/2018,SHV,LA,ASW,CE,Combined TRACON& Tower with Radar,23,27,21,10,81,0,1,8,0,9,23,28,29,10,90,14,0,14,104
07/03/2018,SHV,LA,ASW,CE,Combined TRACON& Tower with Radar,27,23,11,8,69,0,0,7,0,7,27,23,18,8,76,6,0,6,82
07/04/2018,SHV,LA,ASW,CE,Combined TRACON& Tower with Radar,16,30,24,0,70,0,2,4,2,8,16,32,28,2,78,8,8,16,94
07/05/2018,SHV,LA,ASW,CE,Combined TRACON& Tower with Radar,22,22,17,0,61,0,0,10,0,10,22,22,27,0,71,4,0,4,75
07/06/2018,SHV,LA,ASW,CE,Combined TRACON& Tower with Radar,29,27,11,6,73,0,0,14,0,14,29,27,25,6,87,4,0,4,91
07/07/2018,SHV,LA,ASW,CE,Combined TRACON& Tower with Radar,16,21,11,0,48,0,0,32,0,32,16,21,43,0,80,4,0,4,84
07/08/2018,SHV,LA,ASW,CE,Combined TRACON& Tower with Radar,19,24,17,1,61,0,1,4,2,7,19,25,21,3,68,0,0,0,68
07/09/2018,SHV,LA,ASW,CE,Combined TRACON& Tower with Radar,29,23,11,0,63,0,0,3,0,3,29,23,14,0,66,6,0,6,72
07/10/2018,SHV,LA,ASW,CE,Combined TRACON& Tower with Radar,26,32,14,2,74,0,0,9,0,9,26,32,23,2,83,32,0,32,115
07/11/2018,SHV,LA,ASW,CE,Combined TRACON& Tower with Radar,26,39,28,6,99,0,0,10,1,11,26,39,38,7,110,46,0,46,156
07/12/2018,SHV,LA,ASW,CE,Combined TRACON& Tower with Radar,26,35,23,0,84,0,0,9,0,9,26,35,32,0,93,25,0,25,118
07/13/2018,SHV,LA,ASW,CE,Combined TRACON& Tower with Radar,30,25,29,30,114,0,1,30,1,32,30,26,59,31,146,12,0,12,158
07/14/2018,SHV,LA,ASW,CE,Combined TRACON& Tower with Radar,18,18,21,11,68,0,1,16,0,17,18,19,37,11,85,36,0,36,121
07/15/2018,SHV,LA,ASW,CE,Combined TRACON& Tower with Radar,20,18,14,9,61,0,0,18,9,27,20,18,32,18,88,0,0,0,88
07/16/2018,SHV,LA,ASW,CE,Combined TRACON& Tower with Radar,22,26,16,10,74,0,0,24,0,24,22,26,40,10,98,22,0,22,120
07/17/2018,SHV,LA,ASW,CE,Combined TRACON& Tower with Radar,30,29,20,11,90,0,0,28,0,28,30,29,48,11,118,18,0,18,136
07/18/2018,SHV,LA,ASW,CE,Combined TRACON& Tower with Radar,25,28,28,14,95,0,5,40,0,45,25,33,68,14,140,0,8,8,148
07/19/2018,SHV,LA,ASW,CE,Combined TRACON& Tower with Radar,23,33,21,0,77,0,0,20,0,20,23,33,41,0,97,0,0,0,97
07/20/2018,SHV,LA,ASW,CE,Combined TRACON& Tower with Radar,28,26,15,27,96,0,3,20,1,24,28,29,35,28,120,18,6,24,144
07/21/2018,SHV,LA,ASW,CE,Combined TRACON& Tower with Radar,21,17,24,0,62,0,1,16,0,17,21,18,40,0,79,0,0,0,79
07/22/2018,SHV,LA,ASW,CE,Combined TRACON& Tower with Radar,20,20,15,13,68,0,1,10,1,12,20,21,25,14,80,0,0,0,80
07/23/2018,SHV,LA,ASW,CE,Combined TRACON& Tower with Radar,25,27,17,0,69,0,0,7,0,7,25,27,24,0,76,0,0,0,76
07/24/2018,SHV,LA,ASW,CE,Combined TRACON& Tower with Radar,25,33,30,0,88,0,0,14,0,14,25,33,44,0,102,26,0,26,128
07/25/2018,SHV,LA,ASW,CE,Combined TRACON& Tower with Radar,25,34,26,3,88,0,0,13,0,13,25,34,39,3,101,0,0,0,101
07/26/2018,SHV,LA,ASW,CE,Combined TRACON& Tower with Radar,23,34,22,8,87,0,2,22,0,24,23,36,44,8,111,20,0,20,131
07/27/2018,SHV,LA,ASW,CE,Combined TRACON& Tower with Radar,30,24,27,7,88,0,2,23,1,26,30,26,50,8,114,42,0,42,156
07/28/2018,SHV,LA,ASW,CE,Combined TRACON& Tower with Radar,20,17,14,8,59,0,0,7,8,15,20,17,21,16,74,12,0,12,86
07/29/2018,SHV,LA,ASW,CE,Combined TRACON& Tower with Radar,22,17,29,6,74,0,3,10,0,13,22,20,39,6,87,0,0,0,87
07/30/2018,SHV,LA,ASW,CE,Combined TRACON& Tower with Radar,27,23,12,2,64,0,2,7,0,9,27,25,19,2,73,0,0,0,73
07/31/2018,SHV,LA,ASW,CE,Combined TRACON& Tower with Radar,27,27,15,0,69,0,2,4,1,7,27,29,19,1,76,4,0,4,80
08/01/2018,SHV,LA,ASW,CE,Combined TRACON& Tower with Radar,33,29,29,8,99,0,2,13,0,15,33,31,42,8,114,8,0,8,122
08/02/2018,SHV,LA,ASW,CE,Combined TRACON& Tower with Radar,27,34,33,0,94,0,0,20,0,20,27,34,53,0,114,4,0,4,118
08/03/2018,SHV,LA,ASW,CE,Combined TRACON& Tower with Radar,29,33,21,41,124,0,1,26,1,28,29,34,47,42,152,18,35,53,205
08/04/2018,SHV,LA,ASW,CE,Combined TRACON& Tower with Radar,22,26,18,0,66,0,1,25,2,28,22,27,43,2,94,0,0,0,94
08/05/2018,SHV,LA,ASW,CE,Combined TRACON& Tower with Radar,21,32,17,2,72,0,1,18,2,21,21,33,35,4,93,0,0,0,93
08/06/2018,SHV,LA,ASW,CE,Combined TRACON& Tower with Radar,24,22,14,0,60,0,0,8,2,10,24,22,22,2,70,0,0,0,70
08/07/2018,SHV,LA,ASW,CE,Combined TRACON& Tower with Radar,28,30,28,6,92,0,0,18,0,18,28,30,46,6,110,18,0,18,128
08/08/2018,SHV,LA,ASW,CE,Combined TRACON& Tower with Radar,24,37,21,4,86,0,0,19,0,19,24,37,40,4,105,46,0,46,151
08/09/2018,SHV,LA,ASW,CE,Combined TRACON& Tower with Radar,37,37,32,2,108,0,0,7,0,7,37,37,39,2,115,28,0,28,143
08/10/2018,SHV,LA,ASW,CE,Combined TRACON& Tower with Radar,34,25,26,3,88,0,0,4,0,4,34,25,30,3,92,26,14,40,132
08/11/2018,SHV,LA,ASW,CE,Combined TRACON& Tower with Radar,22,28,11,12,73,0,2,9,0,11,22,30,20,12,84,10,0,10,94
08/12/2018,SHV,LA,ASW,CE,Combined TRACON& Tower with Radar,21,18,18,0,57,0,0,1,0,1,21,18,19,0,58,0,0,0,58
08/13/2018,SHV,LA,ASW,CE,Combined TRACON& Tower with Radar,31,22,20,0,73,0,0,28,0,28,31,22,48,0,101,0,0,0,101
08/14/2018,SHV,LA,ASW,CE,Combined TRACON& Tower with Radar,33,19,25,2,79,0,0,5,0,5,33,19,30,2,84,26,0,26,110
08/15/2018,SHV,LA,ASW,CE,Combined TRACON& Tower with Radar,36,29,22,1,88,0,0,21,0,21,36,29,43,1,109,0,0,0,109
08/16/2018,SHV,LA,ASW,CE,Combined TRACON& Tower with Radar,34,23,28,0,85,0,9,17,1,27,34,32,45,1,112,12,0,12,124
08/17/2018,SHV,LA,ASW,CE,Combined TRACON& Tower with Radar,33,22,16,8,79,0,0,14,4,18,33,22,30,12,97,0,0,0,97
08/18/2018,SHV,LA,ASW,CE,Combined TRACON& Tower with Radar,19,25,6,10,60,0,0,15,0,15,19,25,21,10,75,0,0,0,75
08/19/2018,SHV,LA,ASW,CE,Combined TRACON& Tower with Radar,22,20,9,11,62,0,0,3,0,3,22,20,12,11,65,0,6,6,71
08/20/2018,SHV,LA,ASW,CE,Combined TRACON& Tower with Radar,26,21,20,8,75,0,0,9,0,9,26,21,29,8,84,4,0,4,88
08/21/2018,SHV,LA,ASW,CE,Combined TRACON& Tower with Radar,28,35,16,1,80,0,1,14,2,17,28,36,30,3,97,14,0,14,111
08/22/2018,SHV,LA,ASW,CE,Combined TRACON& Tower with Radar,21,34,35,0,90,0,4,15,0,19,21,38,50,0,109,6,0,6,115
08/23/2018,SHV,LA,ASW,CE,Combined TRACON& Tower with Radar,21,36,23,1,81,0,1,23,2,26,21,37,46,3,107,0,0,0,107
08/24/2018,SHV,LA,ASW,CE,Combined TRACON& Tower with Radar,22,38,15,30,105,0,0,17,0,17,22,38,32,30,122,56,18,74,196
08/25/2018,SHV,LA,ASW,CE,Combined TRACON& Tower with Radar,19,24,19,0,62,0,6,13,0,19,19,30,32,0,81,12,0,12,93
08/26/2018,SHV,LA,ASW,CE,Combined TRACON& Tower with Radar,18,21,14,12,65,0,0,5,2,7,18,21,19,14,72,0,0,0,72
08/27/2018,SHV,LA,ASW,CE,Combined TRACON& Tower with Radar,21,34,13,2,70,0,2,13,0,15,21,36,26,2,85,0,0,0,85
08/28/2018,SHV,LA,ASW,CE,Combined TRACON& Tower with Radar,27,33,20,8,88,0,4,16,0,20,27,37,36,8,108,6,0,6,114
08/29/2018,SHV,LA,ASW,CE,Combined TRACON& Tower with Radar,27,40,38,0,105,0,1,6,0,7,27,41,44,0,112,6,0,6,118
08/30/2018,SHV,LA,ASW,CE,Combined TRACON& Tower with Radar,26,43,25,0,94,0,0,15,0,15,26,43,40,0,109,0,0,0,109
08/31/2018,SHV,LA,ASW,CE,Combined TRACON& Tower with Radar,29,28,17,0,74,0,0,23,1,24,29,28,40,1,98,7,0,7,105
09/01/2018,SHV,LA,ASW,CE,Combined TRACON& Tower with Radar,22,17,18,0,57,0,0,4,0,4,22,17,22,0,61,0,0,0,61
09/02/2018,SHV,LA,ASW,CE,Combined TRACON& Tower with Radar,15,18,19,0,52,0,0,6,0,6,15,18,25,0,58,0,0,0,58
09/03/2018,SHV,LA,ASW,CE,Combined TRACON& Tower with Radar,14,26,18,0,58,0,0,4,0,4,14,26,22,0,62,0,0,0,62
09/04/2018,SHV,LA,ASW,CE,Combined TRACON& Tower with Radar,18,24,18,2,62,0,0,24,0,24,18,24,42,2,86,8,0,8,94
09/05/2018,SHV,LA,ASW,CE,Combined TRACON& Tower with Radar,29,33,22,0,84,0,2,11,0,13,29,35,33,0,97,7,0,7,104
09/06/2018,SHV,LA,ASW,CE,Combined TRACON& Tower with Radar,50,30,21,0,101,0,0,10,2,12,50,30,31,2,113,0,0,0,113
09/07/2018,SHV,LA,ASW,CE,Combined TRACON& Tower with Radar,37,32,16,0,85,0,0,3,2,5,37,32,19,2,90,36,0,36,126
09/08/2018,SHV,LA,ASW,CE,Combined TRACON& Tower with Radar,29,23,26,0,78,0,0,0,0,0,29,23,26,0,78,0,0,0,78
09/09/2018,SHV,LA,ASW,CE,Combined TRACON& Tower with Radar,17,26,29,0,72,0,0,2,0,2,17,26,31,0,74,0,0,0,74
09/10/2018,SHV,LA,ASW,CE,Combined TRACON& Tower with Radar,15,33,20,0,68,0,0,0,0,0,15,33,20,0,68,4,0,4,72
09/11/2018,SHV,LA,ASW,CE,Combined TRACON& Tower with Radar,23,36,36,0,95,0,0,3,0,3,23,36,39,0,98,0,0,0,98
09/12/2018,SHV,LA,ASW,CE,Combined TRACON& Tower with Radar,24,41,37,0,102,0,2,9,0,11,24,43,46,0,113,4,0,4,117
09/13/2018,SHV,LA,ASW,CE,Combined TRACON& Tower with Radar,19,42,24,10,95,0,2,11,2,15,19,44,35,12,110,3,2,5,115
09/14/2018,SHV,LA,ASW,CE,Combined TRACON& Tower with Radar,27,46,19,6,98,0,0,4,0,4,27,46,23,6,102,0,0,0,102
09/15/2018,SHV,LA,ASW,CE,Combined TRACON& Tower with Radar,23,20,26,2,71,0,0,17,2,19,23,20,43,4,90,10,0,10,100
09/16/2018,SHV,LA,ASW,CE,Combined TRACON& Tower with Radar,17,25,21,8,71,0,0,17,0,17,17,25,38,8,88,12,0,12,100
09/17/2018,SHV,LA,ASW,CE,Combined TRACON& Tower with Radar,21,37,16,9,83,0,1,19,2,22,21,38,35,11,105,12,0,12,117
09/18/2018,SHV,LA,ASW,CE,Combined TRACON& Tower with Radar,25,36,17,1,79,0,2,12,3,17,25,38,29,4,96,4,0,4,100
09/19/2018,SHV,LA,ASW,CE,Combined TRACON& Tower with Radar,24,44,17,0,85,0,0,27,1,28,24,44,44,1,113,8,0,8,121
09/20/2018,SHV,LA,ASW,CE,Combined TRACON& Tower with Radar,35,41,34,0,110,0,2,18,1,21,35,43,52,1,131,17,0,17,148
09/21/2018,SHV,LA,ASW,CE,Combined TRACON& Tower with Radar,32,31,18,21,102,0,4,7,1,12,32,35,25,22,114,0,0,0,114
09/22/2018,SHV,LA,ASW,CE,Combined TRACON& Tower with Radar,21,27,11,0,59,0,0,0,0,0,21,27,11,0,59,0,0,0,59
09/23/2018,SHV,LA,ASW,CE,Combined TRACON& Tower with Radar,17,25,27,5,74,0,1,0,0,1,17,26,27,5,75,0,0,0,75
09/24/2018,SHV,LA,ASW,CE,Combined TRACON& Tower with Radar,16,36,30,3,85,0,2,12,0,14,16,38,42,3,99,20,6,26,125
09/25/2018,SHV,LA,ASW,CE,Combined TRACON& Tower with Radar,25,43,27,9,104,0,3,17,9,29,25,46,44,18,133,14,2,16,149
09/26/2018,SHV,LA,ASW,CE,Combined TRACON& Tower with Radar,19,45,16,0,80,0,0,1,0,1,19,45,17,0,81,0,0,0,81
09/27/2018,SHV,LA,ASW,CE,Combined TRACON& Tower with Radar,22,46,17,0,85,0,0,28,0,28,22,46,45,0,113,0,0,0,113
09/28/2018,SHV,LA,ASW,CE,Combined TRACON& Tower with Radar,26,37,23,13,99,0,0,8,0,8,26,37,31,13,107,0,0,0,107
09/29/2018,SHV,LA,ASW,CE,Combined TRACON& Tower with Radar,28,25,16,0,69,0,2,3,0,5,28,27,19,0,74,10,0,10,84
09/30/2018,SHV,LA,ASW,CE,Combined TRACON& Tower with Radar,17,28,22,0,67,0,1,0,0,1,17,29,22,0,68,0,0,0,68
10/01/2018,SHV,LA,ASW,CE,Combined TRACON& Tower with Radar,18,33,20,5,76,0,1,9,3,13,18,34,29,8,89,2,0,2,91
10/02/2018,SHV,LA,ASW,CE,Combined TRACON& Tower with Radar,29,43,44,2,118,0,0,28,1,29,29,43,72,3,147,22,0,22,169
10/03/2018,SHV,LA,ASW,CE,Combined TRACON& Tower with Radar,23,41,16,10,90,0,0,14,1,15,23,41,30,11,105,20,0,20,125
10/04/2018,SHV,LA,ASW,CE,Combined TRACON& Tower with Radar,32,46,36,4,118,0,5,10,0,15,32,51,46,4,133,10,0,10,143
10/05/2018,SHV,LA,ASW,CE,Combined TRACON& Tower with Radar,33,33,17,5,88,0,2,11,3,16,33,35,28,8,104,6,2,8,112
10/06/2018,SHV,LA,ASW,CE,Combined TRACON& Tower with Radar,24,35,12,2,73,0,6,10,0,16,24,41,22,2,89,16,0,16,105
10/07/2018,SHV,LA,ASW,CE,Combined TRACON& Tower with Radar,23,22,19,0,64,0,0,6,0,6,23,22,25,0,70,0,0,0,70
10/08/2018,SHV,LA,ASW,CE,Combined TRACON& Tower with Radar,33,36,25,8,102,0,3,16,0,19,33,39,41,8,121,9,0,9,130
10/09/2018,SHV,LA,ASW,CE,Combined TRACON& Tower with Radar,52,35,14,2,103,0,0,3,0,3,52,35,17,2,106,9,0,9,115
10/10/2018,SHV,LA,ASW,CE,Combined TRACON& Tower with Radar,29,30,31,2,92,0,0,8,0,8,29,30,39,2,100,3,0,3,103
10/11/2018,SHV,LA,ASW,CE,Combined TRACON& Tower with Radar,27,30,21,6,84,0,6,27,4,37,27,36,48,10,121,6,8,14,135
10/12/2018,SHV,LA,ASW,CE,Combined TRACON& Tower with Radar,29,36,34,24,123,0,1,11,2,14,29,37,45,26,137,18,0,18,155
10/13/2018,SHV,LA,ASW,CE,Combined TRACON& Tower with Radar,27,24,16,6,73,0,2,4,0,6,27,26,20,6,79,0,0,0,79
10/14/2018,SHV,LA,ASW,CE,Combined TRACON& Tower with Radar,18,24,32,0,74,0,0,1,2,3,18,24,33,2,77,0,0,0,77
10/15/2018,SHV,LA,ASW,CE,Combined TRACON& Tower with Radar,29,29,15,0,73,0,0,1,0,1,29,29,16,0,74,0,0,0,74
10/16/2018,SHV,LA,ASW,CE,Combined TRACON& Tower with Radar,26,33,10,0,69,0,0,0,0,0,26,33,10,0,69,0,0,0,69
10/17/2018,SHV,LA,ASW,CE,Combined TRACON& Tower with Radar,26,37,22,0,85,0,0,12,0,12,26,37,34,0,97,2,0,2,99
10/18/2018,SHV,LA,ASW,CE,Combined TRACON& Tower with Radar,31,36,30,12,109,0,0,12,0,12,31,36,42,12,121,6,6,12,133
10/19/2018,SHV,LA,ASW,CE,Combined TRACON& Tower with Radar,37,37,36,2,112,0,4,12,0,16,37,41,48,2,128,0,0,0,128
10/20/2018,SHV,LA,ASW,CE,Combined TRACON& Tower with Radar,23,23,17,2,65,0,0,0,0,0,23,23,17,2,65,0,0,0,65
10/21/2018,SHV,LA,ASW,CE,Combined TRACON& Tower with Radar,19,21,28,0,68,0,1,10,0,11,19,22,38,0,79,0,0,0,79
10/22/2018,SHV,LA,ASW,CE,Combined TRACON& Tower with Radar,23,28,11,0,62,0,1,11,1,13,23,29,22,1,75,0,0,0,75
10/23/2018,SHV,LA,ASW,CE,Combined TRACON& Tower with Radar,26,33,24,10,93,0,2,19,1,22,26,35,43,11,115,20,0,20,135
10/24/2018,SHV,LA,ASW,CE,Combined TRACON& Tower with Radar,31,31,28,0,90,0,0,8,0,8,31,31,36,0,98,0,0,0,98
10/25/2018,SHV,LA,ASW,CE,Combined TRACON& Tower with Radar,28,33,31,0,92,0,0,45,0,45,28,33,76,0,137,50,0,50,187
10/26/2018,SHV,LA,ASW,CE,Combined TRACON& Tower with Radar,36,28,29,2,95,0,0,32,2,34,36,28,61,4,129,90,0,90,219
10/27/2018,SHV,LA,ASW,CE,Combined TRACON& Tower with Radar,21,22,9,0,52,0,0,259,0,259,21,22,268,0,311,114,0,114,425
10/28/2018,SHV,LA,ASW,CE,Combined TRACON& Tower with Radar,21,21,19,4,65,0,0,39,2,41,21,21,58,6,106,8,0,8,114
10/29/2018,SHV,LA,ASW,CE,Combined TRACON& Tower with Radar,22,26,14,1,63,0,0,30,3,33,22,26,44,4,96,47,0,47,143
10/30/2018,SHV,LA,ASW,CE,Combined TRACON& Tower with Radar,27,32,39,14,112,0,1,16,0,17,27,33,55,14,129,4,0,4,133
10/31/2018,SHV,LA,ASW,CE,Combined TRACON& Tower with Radar,29,25,15,0,69,0,0,20,1,21,29,25,35,1,90,12,0,12,102
11/01/2018,SHV,LA,ASW,CE,Combined TRACON& Tower with Radar,33,44,42,2,121,0,5,34,0,39,33,49,76,2,160,52,0,52,212
11/02/2018,SHV,LA,ASW,CE,Combined TRACON& Tower with Radar,34,28,24,32,118,0,0,117,5,122,34,28,141,37,240,74,6,80,320
11/03/2018,SHV,LA,ASW,CE,Combined TRACON& Tower with Radar,25,27,16,30,98,0,2,224,4,230,25,29,240,34,328,706,31,737,1065
11/04/2018,SHV,LA,ASW,CE,Combined TRACON& Tower with Radar,24,17,22,40,103,0,0,175,4,179,24,17,197,44,282,0,8,8,290
11/05/2018,SHV,LA,ASW,CE,Combined TRACON& Tower with Radar,32,29,19,7,87,0,0,0,0,0,32,29,19,7,87,0,0,0,87
11/06/2018,SHV,LA,ASW,CE,Combined TRACON& Tower with Radar,28,28,19,3,78,0,0,71,0,71,28,28,90,3,149,0,0,0,149
11/07/2018,SHV,LA,ASW,CE,Combined TRACON& Tower with Radar,31,45,15,0,91,0,0,0,0,0,31,45,15,0,91,0,0,0,91
11/08/2018,SHV,LA,ASW,CE,Combined TRACON& Tower with Radar,35,45,22,2,104,0,0,4,0,4,35,45,26,2,108,12,0,12,120
11/09/2018,SHV,LA,ASW,CE,Combined TRACON& Tower with Radar,34,33,21,12,100,0,1,56,4,61,34,34,77,16,161,12,0,12,173
11/10/2018,SHV,LA,ASW,CE,Combined TRACON& Tower with Radar,21,24,17,0,62,0,1,143,0,144,21,25,160,0,206,0,0,0,206
11/11/2018,SHV,LA,ASW,CE,Combined TRACON& Tower with Radar,22,24,10,3,59,0,0,49,2,51,22,24,59,5,110,8,0,8,118
11/12/2018,SHV,LA,ASW,CE,Combined TRACON& Tower with Radar,26,28,6,5,65,0,0,0,0,0,26,28,6,5,65,0,0,0,65
11/13/2018,SHV,LA,ASW,CE,Combined TRACON& Tower with Radar,38,37,25,19,119,0,0,2,0,2,38,37,27,19,121,2,4,6,127
11/14/2018,SHV,LA,ASW,CE,Combined TRACON& Tower with Radar,29,29,25,7,90,0,2,34,6,42,29,31,59,13,132,0,0,0,132
11/15/2018,SHV,LA,ASW,CE,Combined TRACON& Tower with Radar,31,28,29,0,88,0,0,24,2,26,31,28,53,2,114,0,0,0,114
11/16/2018,SHV,LA,ASW,CE,Combined TRACON& Tower with Radar,28,40,23,4,95,0,0,21,2,23,28,40,44,6,118,7,11,18,136
11/17/2018,SHV,LA,ASW,CE,Combined TRACON& Tower with Radar,27,22,21,8,78,0,1,20,0,21,27,23,41,8,99,0,0,0,99
11/18/2018,SHV,LA,ASW,CE,Combined TRACON& Tower with Radar,21,20,14,8,63,0,0,0,0,0,21,20,14,8,63,0,0,0,63
11/19/2018,SHV,LA,ASW,CE,Combined TRACON& Tower with Radar,28,18,22,5,73,0,0,3,0,3,28,18,25,5,76,0,0,0,76
11/20/2018,SHV,LA,ASW,CE,Combined TRACON& Tower with Radar,34,33,23,5,95,0,0,24,1,25,34,33,47,6,120,8,2,10,130
11/21/2018,SHV,LA,ASW,CE,Combined TRACON& Tower with Radar,26,35,18,2,81,0,0,21,3,24,26,35,39,5,105,16,3,19,124
11/22/2018,SHV,LA,ASW,CE,Combined TRACON& Tower with Radar,21,15,5,0,41,0,0,10,0,10,21,15,15,0,51,0,0,0,51
11/23/2018,SHV,LA,ASW,CE,Combined TRACON& Tower with Radar,20,22,21,0,63,0,0,6,0,6,20,22,27,0,69,0,0,0,69
11/24/2018,SHV,LA,ASW,CE,Combined TRACON& Tower with Radar,21,37,18,0,76,0,1,15,0,16,21,38,33,0,92,0,0,0,92
11/25/2018,SHV,LA,ASW,CE,Combined TRACON& Tower with Radar,25,28,27,7,87,0,1,6,0,7,25,29,33,7,94,0,0,0,94
11/26/2018,SHV,LA,ASW,CE,Combined TRACON& Tower with Radar,24,37,35,17,113,0,5,15,2,22,24,42,50,19,135,2,0,2,137
11/27/2018,SHV,LA,ASW,CE,Combined TRACON& Tower with Radar,34,32,14,3,83,0,3,19,0,22,34,35,33,3,105,8,0,8,113
11/28/2018,SHV,LA,ASW,CE,Combined TRACON& Tower with Radar,36,33,22,4,95,0,1,20,0,21,36,34,42,4,116,4,0,4,120
11/29/2018,SHV,LA,ASW,CE,Combined TRACON& Tower with Radar,46,32,28,0,106,0,1,3,1,5,46,33,31,1,111,0,0,0,111
11/30/2018,SHV,LA,ASW,CE,Combined TRACON& Tower with Radar,39,25,20,4,88,0,0,0,0,0,39,25,20,4,88,0,0,0,88
12/01/2018,SHV,LA,ASW,CE,Combined TRACON& Tower with Radar,17,20,8,2,47,0,0,17,0,17,17,20,25,2,64,59,0,59,123
12/02/2018,SHV,LA,ASW,CE,Combined TRACON& Tower with Radar,25,16,18,0,59,0,0,17,0,17,25,16,35,0,76,0,0,0,76
12/03/2018,SHV,LA,ASW,CE,Combined TRACON& Tower with Radar,28,20,13,0,61,0,0,20,0,20,28,20,33,0,81,0,0,0,81
12/04/2018,SHV,LA,ASW,CE,Combined TRACON& Tower with Radar,30,35,21,4,90,0,0,20,4,24,30,35,41,8,114,0,0,0,114
12/05/2018,SHV,LA,ASW,CE,Combined TRACON& Tower with Radar,34,24,17,0,75,0,0,43,1,44,34,24,60,1,119,21,0,21,140
12/06/2018,SHV,LA,ASW,CE,Combined TRACON& Tower with Radar,31,24,22,4,81,0,0,7,3,10,31,24,29,7,91,0,0,0,91
12/07/2018,SHV,LA,ASW,CE,Combined TRACON& Tower with Radar,30,30,11,0,71,0,0,0,0,0,30,30,11,0,71,0,0,0,71
12/08/2018,SHV,LA,ASW,CE,Combined TRACON& Tower with Radar,18,25,6,0,49,0,0,0,0,0,18,25,6,0,49,0,0,0,49
12/09/2018,SHV,LA,ASW,CE,Combined TRACON& Tower with Radar,22,12,12,0,46,0,0,3,0,3,22,12,15,0,49,0,0,0,49
12/10/2018,SHV,LA,ASW,CE,Combined TRACON& Tower with Radar,24,22,25,10,81,0,0,14,0,14,24,22,39,10,95,0,0,0,95
12/11/2018,SHV,LA,ASW,CE,Combined TRACON& Tower with Radar,30,21,25,31,107,0,0,31,2,33,30,21,56,33,140,0,10,10,150
12/12/2018,SHV,LA,ASW,CE,Combined TRACON& Tower with Radar,39,24,41,0,104,0,0,6,0,6,39,24,47,0,110,0,0,0,110
12/13/2018,SHV,LA,ASW,CE,Combined TRACON& Tower with Radar,33,33,12,1,79,0,1,0,0,1,33,34,12,1,80,0,0,0,80
12/14/2018,SHV,LA,ASW,CE,Combined TRACON& Tower with Radar,35,21,23,3,82,0,0,0,0,0,35,21,23,3,82,0,0,0,82
12/15/2018,SHV,LA,ASW,CE,Combined TRACON& Tower with Radar,22,26,25,5,78,0,0,3,0,3,22,26,28,5,81,0,0,0,81
12/16/2018,SHV,LA,ASW,CE,Combined TRACON& Tower with Radar,21,15,10,5,51,0,0,29,0,29,21,15,39,5,80,4,0,4,84
12/17/2018,SHV,LA,ASW,CE,Combined TRACON& Tower with Radar,25,32,20,2,79,0,1,19,0,20,25,33,39,2,99,2,6,8,107
12/18/2018,SHV,LA,ASW,CE,Combined TRACON& Tower with Radar,28,31,28,0,87,0,0,5,0,5,28,31,33,0,92,0,0,0,92
12/19/2018,SHV,LA,ASW,CE,Combined TRACON& Tower with Radar,31,35,18,0,84,0,0,2,0,2,31,35,20,0,86,0,0,0,86
12/20/2018,SHV,LA,ASW,CE,Combined TRACON& Tower with Radar,29,40,23,48,140,0,0,8,5,13,29,40,31,53,153,0,0,0,153
12/21/2018,SHV,LA,ASW,CE,Combined TRACON& Tower with Radar,22,37,27,3,89,0,4,15,0,19,22,41,42,3,108,0,0,0,108
12/22/2018,SHV,LA,ASW,CE,Combined TRACON& Tower with Radar,23,33,7,0,63,0,0,10,0,10,23,33,17,0,73,0,0,0,73
12/23/2018,SHV,LA,ASW,CE,Combined TRACON& Tower with Radar,13,26,18,0,57,0,0,9,0,9,13,26,27,0,66,0,0,0,66
12/24/2018,SHV,LA,ASW,CE,Combined TRACON& Tower with Radar,13,20,13,0,46,0,0,16,0,16,13,20,29,0,62,6,0,6,68
12/25/2018,SHV,LA,ASW,CE,Combined TRACON& Tower with Radar,8,24,7,0,39,0,0,0,0,0,8,24,7,0,39,0,0,0,39
12/26/2018,SHV,LA,ASW,CE,Combined TRACON& Tower with Radar,25,35,21,0,81,0,0,0,0,0,25,35,21,0,81,0,0,0,81
12/27/2018,SHV,LA,ASW,CE,Combined TRACON& Tower with Radar,28,41,16,0,85,0,1,4,0,5,28,42,20,0,90,0,0,0,90
12/28/2018,SHV,LA,ASW,CE,Combined TRACON& Tower with Radar,23,34,23,0,80,0,1,20,2,23,23,35,43,2,103,26,0,26,129
12/29/2018,SHV,LA,ASW,CE,Combined TRACON& Tower with Radar,12,28,11,0,51,0,0,17,0,17,12,28,28,0,68,16,0,16,84
12/30/2018,SHV,LA,ASW,CE,Combined TRACON& Tower with Radar,9,40,12,0,61,0,0,2,0,2,9,40,14,0,63,0,0,0,63
12/31/2018,SHV,LA,ASW,CE,Combined TRACON& Tower with Radar,8,23,8,0,39,0,0,4,0,4,8,23,12,0,43,14,0,14,57
01/01/2019,SHV,LA,ASW,CE,Combined TRACON& Tower with Radar,5,26,9,0,40,0,1,0,0,1,5,27,9,0,41,0,0,0,41
01/02/2019,SHV,LA,ASW,CE,Combined TRACON& Tower with Radar,16,42,17,0,75,0,0,0,0,0,16,42,17,0,75,0,0,0,75
01/03/2019,SHV,LA,ASW,CE,Combined TRACON& Tower with Radar,16,37,19,0,72,0,0,0,0,0,16,37,19,0,72,0,0,0,72
01/04/2019,SHV,LA,ASW,CE,Combined TRACON& Tower with Radar,16,32,22,79,149,0,0,9,3,12,16,32,31,82,161,6,16,22,183
01/05/2019,SHV,LA,ASW,CE,Combined TRACON& Tower with Radar,15,23,14,6,58,0,0,7,6,13,15,23,21,12,71,28,0,28,99
01/06/2019,SHV,LA,ASW,CE,Combined TRACON& Tower with Radar,19,18,11,4,52,0,0,21,0,21,19,18,32,4,73,34,0,34,107
01/07/2019,SHV,LA,ASW,CE,Combined TRACON& Tower with Radar,25,21,15,0,61,0,1,7,1,9,25,22,22,1,70,0,0,0,70
01/08/2019,SHV,LA,ASW,CE,Combined TRACON& Tower with Radar,22,31,28,1,82,0,0,10,3,13,22,31,38,4,95,20,0,20,115
01/09/2019,SHV,LA,ASW,CE,Combined TRACON& Tower with Radar,26,24,19,0,69,0,0,24,0,24,26,24,43,0,93,0,0,0,93
01/10/2019,SHV,LA,ASW,CE,Combined TRACON& Tower with Radar,26,21,26,0,73,0,2,12,0,14,26,23,38,0,87,30,0,30,117
01/11/2019,SHV,LA,ASW,CE,Combined TRACON& Tower with Radar,27,23,21,20,91,0,0,6,0,6,27,23,27,20,97,4,0,4,101
01/12/2019,SHV,LA,ASW,CE,Combined TRACON& Tower with Radar,22,15,12,8,57,0,0,2,0,2,22,15,14,8,59,0,0,0,59
01/13/2019,SHV,LA,ASW,CE,Combined TRACON& Tower with Radar,20,19,19,0,58,0,2,6,1,9,20,21,25,1,67,20,0,20,87
01/14/2019,SHV,LA,ASW,CE,Combined TRACON& Tower with Radar,23,23,21,0,67,0,2,3,1,6,23,25,24,1,73,0,0,0,73
01/15/2019,SHV,LA,ASW,CE,Combined TRACON& Tower with Radar,25,27,29,0,81,0,3,5,0,8,25,30,34,0,89,0,0,0,89
01/16/2019,SHV,LA,ASW,CE,Combined TRACON& Tower with Radar,28,24,23,2,77,0,2,6,0,8,28,26,29,2,85,0,0,0,85
01/17/2019,SHV,LA,ASW,CE,Combined TRACON& Tower with Radar,26,30,40,3,99,0,0,14,0,14,26,30,54,3,113,0,0,0,113
01/18/2019,SHV,LA,ASW,CE,Combined TRACON& Tower with Radar,31,31,32,0,94,0,2,2,1,5,31,33,34,1,99,0,0,0,99
01/19/2019,SHV,LA,ASW,CE,Combined TRACON& Tower with Radar,19,15,4,2,40,0,3,1,1,5,19,18,5,3,45,0,0,0,45
01/20/2019,SHV,LA,ASW,CE,Combined TRACON& Tower with Radar,20,21,14,6,61,0,0,14,0,14,20,21,28,6,75,14,4,18,93
01/21/2019,SHV,LA,ASW,CE,Combined TRACON& Tower with Radar,23,18,23,0,64,0,0,8,2,10,23,18,31,2,74,14,0,14,88
01/22/2019,SHV,LA,ASW,CE,Combined TRACON& Tower with Radar,22,23,24,8,77,0,2,3,0,5,22,25,27,8,82,0,0,0,82
01/23/2019,SHV,LA,ASW,CE,Combined TRACON& Tower with Radar,23,32,14,2,71,0,0,2,0,2,23,32,16,2,73,0,0,0,73
01/24/2019,SHV,LA,ASW,CE,Combined TRACON& Tower with Radar,26,26,41,0,93,0,1,32,6,39,26,27,73,6,132,0,0,0,132
01/25/2019,SHV,LA,ASW,CE,Combined TRACON& Tower with Radar,27,24,20,0,71,0,3,11,0,14,27,27,31,0,85,4,0,4,89
01/26/2019,SHV,LA,ASW,CE,Combined TRACON& Tower with Radar,18,17,12,0,47,0,1,22,2,25,18,18,34,2,72,6,0,6,78
01/27/2019,SHV,LA,ASW,CE,Combined TRACON& Tower with Radar,20,15,10,4,49,0,4,14,2,20,20,19,24,6,69,0,0,0,69
01/28/2019,SHV,LA,ASW,CE,Combined TRACON& Tower with Radar,23,24,15,0,62,0,0,7,0,7,23,24,22,0,69,0,0,0,69
01/29/2019,SHV,LA,ASW,CE,Combined TRACON& Tower with Radar,26,26,4,2,58,0,1,3,1,5,26,27,7,3,63,30,0,30,93
01/30/2019,SHV,LA,ASW,CE,Combined TRACON& Tower with Radar,24,25,24,2,75,0,2,17,0,19,24,27,41,2,94,6,0,6,100
01/31/2019,SHV,LA,ASW,CE,Combined TRACON& Tower with Radar,27,29,22,0,78,0,4,12,0,16,27,33,34,0,94,10,0,10,104
02/01/2019,SHV,LA,ASW,CE,Combined TRACON& Tower with Radar,27,31,17,2,77,0,2,5,2,9,27,33,22,4,86,32,0,32,118
02/02/2019,SHV,LA,ASW,CE,Combined TRACON& Tower with Radar,20,16,17,0,53,0,1,6,1,8,20,17,23,1,61,0,0,0,61
02/03/2019,SHV,LA,ASW,CE,Combined TRACON& Tower with Radar,20,14,20,0,54,0,0,0,0,0,20,14,20,0,54,0,0,0,54
02/04/2019,SHV,LA,ASW,CE,Combined TRACON& Tower with Radar,21,22,17,0,60,0,0,10,0,10,21,22,27,0,70,0,0,0,70
02/05/2019,SHV,LA,ASW,CE,Combined TRACON& Tower with Radar,32,19,22,3,76,0,2,1,1,4,32,21,23,4,80,0,0,0,80
02/06/2019,SHV,LA,ASW,CE,Combined TRACON& Tower with Radar,30,28,27,2,87,0,1,0,2,3,30,29,27,4,90,0,0,0,90
02/07/2019,SHV,LA,ASW,CE,Combined TRACON& Tower with Radar,29,30,14,0,73,0,0,0,2,2,29,30,14,2,75,0,0,0,75
02/08/2019,SHV,LA,ASW,CE,Combined TRACON& Tower with Radar,28,27,13,0,68,0,0,8,0,8,28,27,21,0,76,0,0,0,76
02/09/2019,SHV,LA,ASW,CE,Combined TRACON& Tower with Radar,20,14,10,4,48,0,0,4,10,14,20,14,14,14,62,6,0,6,68
02/10/2019,SHV,LA,ASW,CE,Combined TRACON& Tower with Radar,19,18,17,3,57,0,2,6,0,8,19,20,23,3,65,0,0,0,65
02/11/2019,SHV,LA,ASW,CE,Combined TRACON& Tower with Radar,31,25,13,0,69,0,0,0,0,0,31,25,13,0,69,0,0,0,69
02/12/2019,SHV,LA,ASW,CE,Combined TRACON& Tower with Radar,26,22,18,0,66,0,1,5,0,6,26,23,23,0,72,0,0,0,72
02/13/2019,SHV,LA,ASW,CE,Combined TRACON& Tower with Radar,35,39,25,0,99,0,2,23,0,25,35,41,48,0,124,0,0,0,124
02/14/2019,SHV,LA,ASW,CE,Combined TRACON& Tower with Radar,26,29,22,2,79,0,2,14,1,17,26,31,36,3,96,0,0,0,96
02/15/2019,SHV,LA,ASW,CE,Combined TRACON& Tower with Radar,34,28,32,0,94,0,4,3,0,7,34,32,35,0,101,0,0,0,101
02/16/2019,SHV,LA,ASW,CE,Combined TRACON& Tower with Radar,13,24,13,0,50,0,1,1,0,2,13,25,14,0,52,0,0,0,52
02/17/2019,SHV,LA,ASW,CE,Combined TRACON& Tower with Radar,12,25,21,0,58,0,0,4,0,4,12,25,25,0,62,0,0,0,62
02/18/2019,SHV,LA,ASW,CE,Combined TRACON& Tower with Radar,20,29,19,8,76,0,3,22,0,25,20,32,41,8,101,2,0,2,103
02/19/2019,SHV,LA,ASW,CE,Combined TRACON& Tower with Radar,28,28,19,0,75,0,1,0,0,1,28,29,19,0,76,0,0,0,76
02/20/2019,SHV,LA,ASW,CE,Combined TRACON& Tower with Radar,25,27,34,2,88,0,4,29,0,33,25,31,63,2,121,16,0,16,137
02/21/2019,SHV,LA,ASW,CE,Combined TRACON& Tower with Radar,27,31,15,0,73,0,0,1,0,1,27,31,16,0,74,0,0,0,74
02/22/2019,SHV,LA,ASW,CE,Combined TRACON& Tower with Radar,24,18,7,0,49,0,0,0,0,0,24,18,7,0,49,0,0,0,49
02/23/2019,SHV,LA,ASW,CE,Combined TRACON& Tower with Radar,19,20,8,14,61,0,1,1,0,2,19,21,9,14,63,0,6,6,69
02/24/2019,SHV,LA,ASW,CE,Combined TRACON& Tower with Radar,22,31,19,4,76,0,6,28,6,40,22,37,47,10,116,10,0,10,126
02/25/2019,SHV,LA,ASW,CE,Combined TRACON& Tower with Radar,22,30,18,0,70,0,2,18,3,23,22,32,36,3,93,20,0,20,113
02/26/2019,SHV,LA,ASW,CE,Combined TRACON& Tower with Radar,24,26,19,0,69,0,0,1,0,1,24,26,20,0,70,0,0,0,70
02/27/2019,SHV,LA,ASW,CE,Combined TRACON& Tower with Radar,36,37,15,0,88,0,0,0,0,0,36,37,15,0,88,0,0,0,88
02/28/2019,SHV,LA,ASW,CE,Combined TRACON& Tower with Radar,27,24,29,0,80,0,0,0,0,0,27,24,29,0,80,0,0,0,80
03/01/2019,SHV,LA,ASW,CE,Combined TRACON& Tower with Radar,29,30,22,2,83,0,0,2,0,2,29,30,24,2,85,0,0,0,85
03/02/2019,SHV,LA,ASW,CE,Combined TRACON& Tower with Radar,10,28,19,2,59,0,0,0,0,0,10,28,19,2,59,0,0,0,59
03/03/2019,SHV,LA,ASW,CE,Combined TRACON& Tower with Radar,17,36,12,0,65,0,0,2,0,2,17,36,14,0,67,0,0,0,67
03/04/2019,SHV,LA,ASW,CE,Combined TRACON& Tower with Radar,22,39,16,0,77,0,2,17,0,19,22,41,33,0,96,20,0,20,116
03/05/2019,SHV,LA,ASW,CE,Combined TRACON& Tower with Radar,26,29,22,0,77,0,2,22,0,24,26,31,44,0,101,0,0,0,101
03/06/2019,SHV,LA,ASW,CE,Combined TRACON& Tower with Radar,23,29,21,0,73,0,1,25,0,26,23,30,46,0,99,7,0,7,106
03/07/2019,SHV,LA,ASW,CE,Combined TRACON& Tower with Radar,25,34,35,0,94,0,6,5,0,11,25,40,40,0,105,0,0,0,105
03/08/2019,SHV,LA,ASW,CE,Combined TRACON& Tower with Radar,30,33,21,8,92,0,0,5,0,5,30,33,26,8,97,14,6,20,117
03/09/2019,SHV,LA,ASW,CE,Combined TRACON& Tower with Radar,8,26,4,0,38,0,1,1,0,2,8,27,5,0,40,0,0,0,40
03/10/2019,SHV,LA,ASW,CE,Combined TRACON& Tower with Radar,14,38,17,9,78,0,0,22,1,23,14,38,39,10,101,0,6,6,107
03/11/2019,SHV,LA,ASW,CE,Combined TRACON& Tower with Radar,22,30,20,0,72,0,7,3,0,10,22,37,23,0,82,0,0,0,82
03/12/2019,SHV,LA,ASW,CE,Combined TRACON& Tower with Radar,19,34,25,3,81,0,1,4,9,14,19,35,29,12,95,0,0,0,95
03/13/2019,SHV,LA,ASW,CE,Combined TRACON& Tower with Radar,27,26,11,0,64,0,0,0,0,0,27,26,11,0,64,0,0,0,64
03/14/2019,SHV,LA,ASW,CE,Combined TRACON& Tower with Radar,21,33,26,2,82,0,1,27,0,28,21,34,53,2,110,4,0,4,114
03/15/2019,SHV,LA,ASW,CE,Combined TRACON& Tower with Radar,23,28,15,12,78,0,0,12,2,14,23,28,27,14,92,30,0,30,122
03/16/2019,SHV,LA,ASW,CE,Combined TRACON& Tower with Radar,11,28,13,0,52,0,1,38,0,39,11,29,51,0,91,22,0,22,113
03/17/2019,SHV,LA,ASW,CE,Combined TRACON& Tower with Radar,17,25,17,0,59,0,3,21,2,26,17,28,38,2,85,12,0,12,97
03/18/2019,SHV,LA,ASW,CE,Combined TRACON& Tower with Radar,19,28,24,1,72,0,2,10,1,13,19,30,34,2,85,4,0,4,89
03/19/2019,SHV,LA,ASW,CE,Combined TRACON& Tower with Radar,20,29,21,3,73,0,4,22,0,26,20,33,43,3,99,0,0,0,99
03/20/2019,SHV,LA,ASW,CE,Combined TRACON& Tower with Radar,22,36,18,1,77,0,3,7,0,10,22,39,25,1,87,4,0,4,91
03/21/2019,SHV,LA,ASW,CE,Combined TRACON& Tower with Radar,26,41,16,4,87,0,2,8,1,11,26,43,24,5,98,0,0,0,98
03/22/2019,SHV,LA,ASW,CE,Combined TRACON& Tower with Radar,23,32,26,0,81,0,2,8,1,11,23,34,34,1,92,0,0,0,92
03/23/2019,SHV,LA,ASW,CE,Combined TRACON& Tower with Radar,13,28,12,2,55,0,1,4,0,5,13,29,16,2,60,0,0,0,60
03/24/2019,SHV,LA,ASW,CE,Combined TRACON& Tower with Radar,18,30,20,0,68,0,2,4,0,6,18,32,24,0,74,0,0,0,74
03/25/2019,SHV,LA,ASW,CE,Combined TRACON& Tower with Radar,17,32,20,0,69,0,0,7,2,9,17,32,27,2,78,0,0,0,78
03/26/2019,SHV,LA,ASW,CE,Combined TRACON& Tower with Radar,21,32,21,3,77,0,1,19,0,20,21,33,40,3,97,0,0,0,97
03/27/2019,SHV,LA,ASW,CE,Combined TRACON& Tower with Radar,22,36,27,0,85,0,0,15,0,15,22,36,42,0,100,0,0,0,100
03/28/2019,SHV,LA,ASW,CE,Combined TRACON& Tower with Radar,24,35,40,5,104,0,4,18,2,24,24,39,58,7,128,0,0,0,128
03/29/2019,SHV,LA,ASW,CE,Combined TRACON& Tower with Radar,21,37,19,6,83,0,2,3,0,5,21,39,22,6,88,0,0,0,88
03/30/2019,SHV,LA,ASW,CE,Combined TRACON& Tower with Radar,12,30,9,0,51,0,1,1,1,3,12,31,10,1,54,0,0,0,54
03/31/2019,SHV,LA,ASW,CE,Combined TRACON& Tower with Radar,16,32,24,0,72,0,0,17,0,17,16,32,41,0,89,21,0,21,110
04/01/2019,SHV,LA,ASW,CE,Combined TRACON& Tower with Radar,19,28,24,2,73,0,0,11,0,11,19,28,35,2,84,0,2,2,86
04/02/2019,SHV,LA,ASW,CE,Combined TRACON& Tower with Radar,26,25,28,0,79,0,1,31,0,32,26,26,59,0,111,0,0,0,111
04/03/2019,SHV,LA,ASW,CE,Combined TRACON& Tower with Radar,29,24,31,4,88,0,4,25,2,31,29,28,56,6,119,6,0,6,125
04/04/2019,SHV,LA,ASW,CE,Combined TRACON& Tower with Radar,28,27,14,0,69,0,0,0,0,0,28,27,14,0,69,0,0,0,69
04/05/2019,SHV,LA,ASW,CE,Combined TRACON& Tower with Radar,27,30,33,29,119,0,0,5,1,6,27,30,38,30,125,0,0,0,125
04/06/2019,SHV,LA,ASW,CE,Combined TRACON& Tower with Radar,17,33,4,0,54,0,0,0,0,0,17,33,4,0,54,0,4,4,58
04/07/2019,SHV,LA,ASW,CE,Combined TRACON& Tower with Radar,23,16,11,0,50,0,0,0,0,0,23,16,11,0,50,0,0,0,50
04/08/2019,SHV,LA,ASW,CE,Combined TRACON& Tower with Radar,22,23,17,0,62,0,0,2,0,2,22,23,19,0,64,0,0,0,64
04/09/2019,SHV,LA,ASW,CE,Combined TRACON& Tower with Radar,28,30,22,4,84,0,0,26,0,26,28,30,48,4,110,0,0,0,110
04/10/2019,SHV,LA,ASW,CE,Combined TRACON& Tower with Radar,28,23,26,0,77,0,4,30,0,34,28,27,56,0,111,3,0,3,114
04/11/2019,SHV,LA,ASW,CE,Combined TRACON& Tower with Radar,33,22,26,6,87,0,3,8,1,12,33,25,34,7,99,0,0,0,99
04/12/2019,SHV,LA,ASW,CE,Combined TRACON& Tower with Radar,31,28,27,1,87,0,0,19,0,19,31,28,46,1,106,6,0,6,112
04/13/2019,SHV,LA,ASW,CE,Combined TRACON& Tower with Radar,11,11,5,0,27,0,0,1,0,1,11,11,6,0,28,0,0,0,28
04/14/2019,SHV,LA,ASW,CE,Combined TRACON& Tower with Radar,25,25,16,0,66,0,2,9,0,11,25,27,25,0,77,0,0,0,77
04/15/2019,SHV,LA,ASW,CE,Combined TRACON& Tower with Radar,29,29,15,0,73,0,0,19,0,19,29,29,34,0,92,14,0,14,106
04/16/2019,SHV,LA,ASW,CE,Combined TRACON& Tower with Radar,33,19,26,5,83,0,0,27,0,27,33,19,53,5,110,2,0,2,112
04/17/2019,SHV,LA,ASW,CE,Combined TRACON& Tower with Radar,27,26,29,0,82,0,2,0,0,2,27,28,29,0,84,0,0,0,84
04/18/2019,SHV,LA,ASW,CE,Combined TRACON& Tower with Radar,29,29,13,0,71,0,0,1,0,1,29,29,14,0,72,0,0,0,72
04/19/2019,SHV,LA,ASW,CE,Combined TRACON& Tower with Radar,33,26,12,15,86,0,2,21,8,31,33,28,33,23,117,8,16,24,141
04/20/2019,SHV,LA,ASW,CE,Combined TRACON& Tower with Radar,16,21,8,6,51,0,1,20,2,23,16,22,28,8,74,8,0,8,82
04/21/2019,SHV,LA,ASW,CE,Combined TRACON& Tower with Radar,23,20,14,2,59,0,0,14,0,14,23,20,28,2,73,16,0,16,89
04/22/2019,SHV,LA,ASW,CE,Combined TRACON& Tower with Radar,28,28,30,2,88,0,2,14,0,16,28,30,44,2,104,0,0,0,104
04/23/2019,SHV,LA,ASW,CE,Combined TRACON& Tower with Radar,28,23,35,8,94,0,0,17,0,17,28,23,52,8,111,30,0,30,141
04/24/2019,SHV,LA,ASW,CE,Combined TRACON& Tower with Radar,29,21,25,0,75,0,0,3,4,7,29,21,28,4,82,0,0,0,82
04/25/2019,SHV,LA,ASW,CE,Combined TRACON& Tower with Radar,35,36,23,2,96,0,0,14,0,14,35,36,37,2,110,0,0,0,110
04/26/2019,SHV,LA,ASW,CE,Combined TRACON& Tower with Radar,31,24,23,30,108,0,2,14,1,17,31,26,37,31,125,0,0,0,125
04/27/2019,SHV,LA,ASW,CE,Combined TRACON& Tower with Radar,20,25,25,18,88,0,3,13,10,26,20,28,38,28,114,26,13,39,153
04/28/2019,SHV,LA,ASW,CE,Combined TRACON& Tower with Radar,22,26,29,7,84,0,2,13,0,15,22,28,42,7,99,0,0,0,99
04/29/2019,SHV,LA,ASW,CE,Combined TRACON& Tower with Radar,26,25,22,8,81,0,0,5,0,5,26,25,27,8,86,10,0,10,96
04/30/2019,SHV,LA,ASW,CE,Combined TRACON& Tower with Radar,34,23,17,5,79,0,0,10,1,11,34,23,27,6,90,22,8,30,120
05/01/2019,SHV,LA,ASW,CE,Combined TRACON& Tower with Radar,29,22,23,0,74,0,2,6,2,10,29,24,29,2,84,0,0,0,84
05/02/2019,SHV,LA,ASW,CE,Combined TRACON& Tower with Radar,32,29,19,0,80,0,0,4,0,4,32,29,23,0,84,0,0,0,84
05/03/2019,SHV,LA,ASW,CE,Combined TRACON& Tower with Radar,31,27,19,22,99,0,0,9,1,10,31,27,28,23,109,0,0,0,109
05/04/2019,SHV,LA,ASW,CE,Combined TRACON& Tower with Radar,15,26,19,0,60,0,0,6,0,6,15,26,25,0,66,0,0,0,66
05/05/2019,SHV,LA,ASW,CE,Combined TRACON& Tower with Radar,25,22,11,0,58,0,3,32,1,36,25,25,43,1,94,0,0,0,94
05/06/2019,SHV,LA,ASW,CE,Combined TRACON& Tower with Radar,25,24,29,2,80,0,1,26,1,28,25,25,55,3,108,34,0,34,142
05/07/2019,SHV,LA,ASW,CE,Combined TRACON& Tower with Radar,26,31,19,0,76,0,2,10,0,12,26,33,29,0,88,0,0,0,88
05/08/2019,SHV,LA,ASW,CE,Combined TRACON& Tower with Radar,21,26,9,0,56,0,0,1,0,1,21,26,10,0,57,0,0,0,57
05/09/2019,SHV,LA,ASW,CE,Combined TRACON& Tower with Radar,33,28,24,5,90,0,0,12,0,12,33,28,36,5,102,6,0,6,108
05/10/2019,SHV,LA,ASW,CE,Combined TRACON& Tower with Radar,29,23,15,10,77,0,0,1,0,1,29,23,16,10,78,0,0,0,78
05/11/2019,SHV,LA,ASW,CE,Combined TRACON& Tower with Radar,19,21,9,1,50,0,0,0,0,0,19,21,9,1,50,0,0,0,50
05/12/2019,SHV,LA,ASW,CE,Combined TRACON& Tower with Radar,24,22,13,2,61,0,2,9,0,11,24,24,22,2,72,8,0,8,80
05/13/2019,SHV,LA,ASW,CE,Combined TRACON& Tower with Radar,24,25,32,0,81,0,1,25,0,26,24,26,57,0,107,8,0,8,115
05/14/2019,SHV,LA,ASW,CE,Combined TRACON& Tower with Radar,24,28,14,3,69,0,0,21,1,22,24,28,35,4,91,14,0,14,105
05/15/2019,SHV,LA,ASW,CE,Combined TRACON& Tower with Radar,27,26,31,2,86,0,1,19,1,21,27,27,50,3,107,2,8,10,117
05/16/2019,SHV,LA,ASW,CE,Combined TRACON& Tower with Radar,30,40,14,2,86,0,0,34,0,34,30,40,48,2,120,0,4,4,124
05/17/2019,SHV,LA,ASW,CE,Combined TRACON& Tower with Radar,27,32,27,8,94,0,2,19,3,24,27,34,46,11,118,19,0,19,137
05/18/2019,SHV,LA,ASW,CE,Combined TRACON& Tower with Radar,13,17,8,0,38,0,2,3,0,5,13,19,11,0,43,0,0,0,43
05/19/2019,SHV,LA,ASW,CE,Combined TRACON& Tower with Radar,24,25,10,8,67,0,1,12,1,14,24,26,22,9,81,0,0,0,81
05/20/2019,SHV,LA,ASW,CE,Combined TRACON& Tower with Radar,23,30,21,42,116,0,2,16,2,20,23,32,37,44,136,10,0,10,146
05/21/2019,SHV,LA,ASW,CE,Combined TRACON& Tower with Radar,29,33,26,6,94,0,1,6,2,9,29,34,32,8,103,4,0,4,107
05/22/2019,SHV,LA,ASW,CE,Combined TRACON& Tower with Radar,29,34,23,20,106,0,1,17,1,19,29,35,40,21,125,0,0,0,125
05/23/2019,SHV,LA,ASW,CE,Combined TRACON& Tower with Radar,30,40,40,10,120,0,0,18,0,18,30,40,58,10,138,0,0,0,138
05/24/2019,SHV,LA,ASW,CE,Combined TRACON& Tower with Radar,38,23,24,2,87,0,0,23,0,23,38,23,47,2,110,8,0,8,118
05/25/2019,SHV,LA,ASW,CE,Combined TRACON& Tower with Radar,15,27,27,1,70,0,1,15,1,17,15,28,42,2,87,0,4,4,91
05/26/2019,SHV,LA,ASW,CE,Combined TRACON& Tower with Radar,22,16,10,0,48,0,1,7,0,8,22,17,17,0,56,0,0,0,56
05/27/2019,SHV,LA,ASW,CE,Combined TRACON& Tower with Radar,23,24,20,2,69,0,0,6,0,6,23,24,26,2,75,10,0,10,85
05/28/2019,SHV,LA,ASW,CE,Combined TRACON& Tower with Radar,22,34,16,0,72,0,0,12,0,12,22,34,28,0,84,0,0,0,84
05/29/2019,SHV,LA,ASW,CE,Combined TRACON& Tower with Radar,38,23,22,0,83,0,1,21,0,22,38,24,43,0,105,0,0,0,105
05/30/2019,SHV,LA,ASW,CE,Combined TRACON& Tower with Radar,30,35,33,2,100,0,0,15,1,16,30,35,48,3,116,9,0,9,125
05/31/2019,SHV,LA,ASW,CE,Combined TRACON& Tower with Radar,33,29,24,23,109,0,4,16,2,22,33,33,40,25,131,18,0,18,149
06/01/2019,SHV,LA,ASW,CE,Combined TRACON& Tower with Radar,25,20,13,39,97,0,0,11,44,55,25,20,24,83,152,18,53,71,223
06/02/2019,SHV,LA,ASW,CE,Combined TRACON& Tower with Radar,32,15,11,5,63,0,0,10,0,10,32,15,21,5,73,4,0,4,77
06/03/2019,SHV,LA,ASW,CE,Combined TRACON& Tower with Radar,35,18,10,3,66,0,2,9,1,12,35,20,19,4,78,0,0,0,78
06/04/2019,SHV,LA,ASW,CE,Combined TRACON& Tower with Radar,32,24,18,3,77,0,0,19,0,19,32,24,37,3,96,0,0,0,96
06/05/2019,SHV,LA,ASW,CE,Combined TRACON& Tower with Radar,30,30,17,1,78,0,0,2,0,2,30,30,19,1,80,11,0,11,91
06/06/2019,SHV,LA,ASW,CE,Combined TRACON& Tower with Radar,38,20,21,0,79,0,1,2,0,3,38,21,23,0,82,20,0,20,102
06/07/2019,SHV,LA,ASW,CE,Combined TRACON& Tower with Radar,40,21,15,45,121,0,0,10,4,14,40,21,25,49,135,30,6,36,171
06/08/2019,SHV,LA,ASW,CE,Combined TRACON& Tower with Radar,17,24,18,16,75,0,2,17,0,19,17,26,35,16,94,4,0,4,98
06/09/2019,SHV,LA,ASW,CE,Combined TRACON& Tower with Radar,28,17,30,13,88,0,3,15,1,19,28,20,45,14,107,0,10,10,117
06/10/2019,SHV,LA,ASW,CE,Combined TRACON& Tower with Radar,27,27,16,12,82,0,1,19,0,20,27,28,35,12,102,14,0,14,116
06/11/2019,SHV,LA,ASW,CE,Combined TRACON& Tower with Radar,41,23,20,2,86,0,2,24,4,30,41,25,44,6,116,16,0,16,132
06/12/2019,SHV,LA,ASW,CE,Combined TRACON& Tower with Radar,38,28,21,11,98,0,0,40,0,40,38,28,61,11,138,35,0,35,173
06/13/2019,SHV,LA,ASW,CE,Combined TRACON& Tower with Radar,37,25,26,5,93,0,3,13,4,20,37,28,39,9,113,28,0,28,141
06/14/2019,SHV,LA,ASW,CE,Combined TRACON& Tower with Radar,39,21,15,15,90,0,5,27,0,32,39,26,42,15,122,4,0,4,126
06/15/2019,SHV,LA,ASW,CE,Combined TRACON& Tower with Radar,20,17,17,21,75,0,3,10,0,13,20,20,27,21,88,0,0,0,88
06/16/2019,SHV,LA,ASW,CE,Combined TRACON& Tower with Radar,23,14,16,11,64,0,0,1,0,1,23,14,17,11,65,0,0,0,65
06/17/2019,SHV,LA,ASW,CE,Combined TRACON& Tower with Radar,30,28,21,9,88,0,4,7,0,11,30,32,28,9,99,8,0,8,107
06/18/2019,SHV,LA,ASW,CE,Combined TRACON& Tower with Radar,41,23,21,8,93,0,1,14,1,16,41,24,35,9,109,0,0,0,109
06/19/2019,SHV,LA,ASW,CE,Combined TRACON& Tower with Radar,32,28,22,0,82,0,0,9,0,9,32,28,31,0,91,0,0,0,91
06/20/2019,SHV,LA,ASW,CE,Combined TRACON& Tower with Radar,37,37,36,12,122,0,5,21,0,26,37,42,57,12,148,24,0,24,172
06/21/2019,SHV,LA,ASW,CE,Combined TRACON& Tower with Radar,39,32,28,28,127,0,0,11,4,15,39,32,39,32,142,10,26,36,178
06/22/2019,SHV,LA,ASW,CE,Combined TRACON& Tower with Radar,20,22,11,18,71,0,1,8,6,15,20,23,19,24,86,14,2,16,102
06/23/2019,SHV,LA,ASW,CE,Combined TRACON& Tower with Radar,29,20,11,1,61,0,2,3,0,5,29,22,14,1,66,0,0,0,66
06/24/2019,SHV,LA,ASW,CE,Combined TRACON& Tower with Radar,29,25,18,12,84,0,0,10,0,10,29,25,28,12,94,0,0,0,94
06/25/2019,SHV,LA,ASW,CE,Combined TRACON& Tower with Radar,41,24,17,0,82,0,4,17,0,21,41,28,34,0,103,0,0,0,103
06/26/2019,SHV,LA,ASW,CE,Combined TRACON& Tower with Radar,34,30,22,0,86,0,2,32,0,34,34,32,54,0,120,20,0,20,140
06/27/2019,SHV,LA,ASW,CE,Combined TRACON& Tower with Radar,37,38,31,1,107,0,1,15,1,17,37,39,46,2,124,4,0,4,128
06/28/2019,SHV,LA,ASW,CE,Combined TRACON& Tower with Radar,45,31,30,7,113,0,0,20,2,22,45,31,50,9,135,42,8,50,185
06/29/2019,SHV,LA,ASW,CE,Combined TRACON& Tower with Radar,25,17,8,1,51,0,2,1,0,3,25,19,9,1,54,0,0,0,54
06/30/2019,SHV,LA,ASW,CE,Combined TRACON& Tower with Radar,28,24,15,0,67,0,1,10,0,11,28,25,25,0,78,6,0,6,84
07/01/2019,SHV,LA,ASW,CE,Combined TRACON& Tower with Radar,30,20,8,1,59,0,0,13,0,13,30,20,21,1,72,22,0,22,94
07/02/2019,SHV,LA,ASW,CE,Combined TRACON& Tower with Radar,32,25,17,2,76,0,5,22,1,28,32,30,39,3,104,11,0,11,115
07/03/2019,SHV,LA,ASW,CE,Combined TRACON& Tower with Radar,30,21,8,10,69,0,2,6,2,10,30,23,14,12,79,39,0,39,118
07/04/2019,SHV,LA,ASW,CE,Combined TRACON& Tower with Radar,16,19,3,0,38,0,0,10,0,10,16,19,13,0,48,8,0,8,56
07/05/2019,SHV,LA,ASW,CE,Combined TRACON& Tower with Radar,29,18,12,0,59,0,4,22,0,26,29,22,34,0,85,8,0,8,93
07/06/2019,SHV,LA,ASW,CE,Combined TRACON& Tower with Radar,19,23,15,0,57,0,7,7,0,14,19,30,22,0,71,0,0,0,71
07/07/2019,SHV,LA,ASW,CE,Combined TRACON& Tower with Radar,27,26,12,0,65,0,2,9,1,12,27,28,21,1,77,0,0,0,77
07/08/2019,SHV,LA,ASW,CE,Combined TRACON& Tower with Radar,29,28,10,16,83,0,1,17,0,18,29,29,27,16,101,0,0,0,101
07/09/2019,SHV,LA,ASW,CE,Combined TRACON& Tower with Radar,26,30,20,9,85,0,1,7,4,12,26,31,27,13,97,8,4,12,109
07/10/2019,SHV,LA,ASW,CE,Combined TRACON& Tower with Radar,34,29,28,4,95,0,0,33,0,33,34,29,61,4,128,12,2,14,142
07/11/2019,SHV,LA,ASW,CE,Combined TRACON& Tower with Radar,28,37,32,2,99,0,3,22,0,25,28,40,54,2,124,6,26,32,156
07/12/2019,SHV,LA,ASW,CE,Combined TRACON& Tower with Radar,28,31,8,0,67,0,0,11,2,13,28,31,19,2,80,6,0,6,86
07/13/2019,SHV,LA,ASW,CE,Combined TRACON& Tower with Radar,15,23,13,0,51,0,0,6,0,6,15,23,19,0,57,0,0,0,57
07/14/2019,SHV,LA,ASW,CE,Combined TRACON& Tower with Radar,26,26,11,0,63,0,0,1,0,1,26,26,12,0,64,6,0,6,70
07/15/2019,SHV,LA,ASW,CE,Combined TRACON& Tower with Radar,21,32,16,0,69,0,0,6,0,6,21,32,22,0,75,0,0,0,75
07/16/2019,SHV,LA,ASW,CE,Combined TRACON& Tower with Radar,30,24,14,2,70,0,1,6,0,7,30,25,20,2,77,0,0,0,77
07/17/2019,SHV,LA,ASW,CE,Combined TRACON& Tower with Radar,26,29,22,2,79,0,2,15,0,17,26,31,37,2,96,8,0,8,104
07/18/2019,SHV,LA,ASW,CE,Combined TRACON& Tower with Radar,28,28,33,16,105,0,3,7,0,10,28,31,40,16,115,4,4,8,123
07/19/2019,SHV,LA,ASW,CE,Combined TRACON& Tower with Radar,28,32,21,22,103,0,4,17,4,25,28,36,38,26,128,0,0,0,128
07/20/2019,SHV,LA,ASW,CE,Combined TRACON& Tower with Radar,16,25,10,25,76,0,0,10,12,22,16,25,20,37,98,0,16,16,114
07/21/2019,SHV,LA,ASW,CE,Combined TRACON& Tower with Radar,25,28,13,2,68,0,2,12,0,14,25,30,25,2,82,0,6,6,88
07/22/2019,SHV,LA,ASW,CE,Combined TRACON& Tower with Radar,25,33,20,8,86,0,0,10,0,10,25,33,30,8,96,0,0,0,96
07/23/2019,SHV,LA,ASW,CE,Combined TRACON& Tower with Radar,30,31,25,8,94,0,1,13,0,14,30,32,38,8,108,0,0,0,108
07/24/2019,SHV,LA,ASW,CE,Combined TRACON& Tower with Radar,25,28,11,4,68,0,2,22,0,24,25,30,33,4,92,4,0,4,96
07/25/2019,SHV,LA,ASW,CE,Combined TRACON& Tower with Radar,30,39,19,2,90,0,1,16,0,17,30,40,35,2,107,10,0,10,117
07/26/2019,SHV,LA,ASW,CE,Combined TRACON& Tower with Radar,29,35,26,13,103,0,3,20,4,27,29,38,46,17,130,9,4,13,143
07/27/2019,SHV,LA,ASW,CE,Combined TRACON& Tower with Radar,15,26,17,28,86,0,0,22,4,26,15,26,39,32,112,6,14,20,132
07/28/2019,SHV,LA,ASW,CE,Combined TRACON& Tower with Radar,25,26,16,7,74,0,0,8,0,8,25,26,24,7,82,0,0,0,82
07/29/2019,SHV,LA,ASW,CE,Combined TRACON& Tower with Radar,27,31,19,4,81,0,0,0,0,0,27,31,19,4,81,2,0,2,83
07/30/2019,SHV,LA,ASW,CE,Combined TRACON& Tower with Radar,28,29,9,2,68,0,1,17,0,18,28,30,26,2,86,0,0,0,86
07/31/2019,SHV,LA,ASW,CE,Combined TRACON& Tower with Radar,28,28,20,11,87,0,3,19,2,24,28,31,39,13,111,6,2,8,119
08/01/2019,SHV,LA,ASW,CE,Combined TRACON& Tower with Radar,27,35,20,18,100,0,0,17,1,18,27,35,37,19,118,16,0,16,134
08/02/2019,SHV,LA,ASW,CE,Combined TRACON& Tower with Radar,33,36,18,58,145,0,1,13,7,21,33,37,31,65,166,0,14,14,180
08/03/2019,SHV,LA,ASW,CE,Combined TRACON& Tower with Radar,20,25,7,25,77,0,0,6,25,31,20,25,13,50,108,8,0,8,116
08/04/2019,SHV,LA,ASW,CE,Combined TRACON& Tower with Radar,22,31,7,4,64,0,5,20,6,31,22,36,27,10,95,0,14,14,109
08/05/2019,SHV,LA,ASW,CE,Combined TRACON& Tower with Radar,26,36,20,2,84,0,2,9,0,11,26,38,29,2,95,16,2,18,113
08/06/2019,SHV,LA,ASW,CE,Combined TRACON& Tower with Radar,23,27,8,0,58,0,1,14,0,15,23,28,22,0,73,0,0,0,73
08/07/2019,SHV,LA,ASW,CE,Combined TRACON& Tower with Radar,22,36,27,3,88,0,2,17,1,20,22,38,44,4,108,23,0,23,131
08/08/2019,SHV,LA,ASW,CE,Combined TRACON& Tower with Radar,31,40,16,20,107,0,0,13,4,17,31,40,29,24,124,12,0,12,136
08/09/2019,SHV,LA,ASW,CE,Combined TRACON& Tower with Radar,31,32,11,47,121,0,8,17,6,31,31,40,28,53,152,0,0,0,152
08/10/2019,SHV,LA,ASW,CE,Combined TRACON& Tower with Radar,15,25,15,12,67,0,2,6,3,11,15,27,21,15,78,0,0,0,78
08/11/2019,SHV,LA,ASW,CE,Combined TRACON& Tower with Radar,23,24,5,20,72,0,2,9,0,11,23,26,14,20,83,0,0,0,83
08/12/2019,SHV,LA,ASW,CE,Combined TRACON& Tower with Radar,26,37,8,4,75,0,0,19,0,19,26,37,27,4,94,0,0,0,94
08/13/2019,SHV,LA,ASW,CE,Combined TRACON& Tower with Radar,22,35,24,0,81,0,1,10,0,11,22,36,34,0,92,0,0,0,92
08/14/2019,SHV,LA,ASW,CE,Combined TRACON& Tower with Radar,23,36,18,0,77,0,1,3,0,4,23,37,21,0,81,0,0,0,81
08/15/2019,SHV,LA,ASW,CE,Combined TRACON& Tower with Radar,24,33,15,4,76,0,6,15,0,21,24,39,30,4,97,0,0,0,97
08/16/2019,SHV,LA,ASW,CE,Combined TRACON& Tower with Radar,23,32,16,6,77,0,6,29,0,35,23,38,45,6,112,0,0,0,112
08/17/2019,SHV,LA,ASW,CE,Combined TRACON& Tower with Radar,16,29,19,0,64,0,1,9,1,11,16,30,28,1,75,18,0,18,93
08/18/2019,SHV,LA,ASW,CE,Combined TRACON& Tower with Radar,22,25,17,8,72,0,0,23,0,23,22,25,40,8,95,12,0,12,107
08/19/2019,SHV,LA,ASW,CE,Combined TRACON& Tower with Radar,19,33,18,5,75,0,6,16,8,30,19,39,34,13,105,12,6,18,123
08/20/2019,SHV,LA,ASW,CE,Combined TRACON& Tower with Radar,33,27,21,3,84,0,6,10,0,16,33,33,31,3,100,0,0,0,100
08/21/2019,SHV,LA,ASW,CE,Combined TRACON& Tower with Radar,25,43,21,10,99,0,0,22,0,22,25,43,43,10,121,0,0,0,121
08/22/2019,SHV,LA,ASW,CE,Combined TRACON& Tower with Radar,29,32,24,6,91,0,3,12,1,16,29,35,36,7,107,0,0,0,107
08/23/2019,SHV,LA,ASW,CE,Combined TRACON& Tower with Radar,26,35,29,26,116,0,2,6,0,8,26,37,35,26,124,0,0,0,124
08/24/2019,SHV,LA,ASW,CE,Combined TRACON& Tower with Radar,17,19,8,28,72,0,2,7,6,15,17,21,15,34,87,0,0,0,87
08/25/2019,SHV,LA,ASW,CE,Combined TRACON& Tower with Radar,25,26,15,9,75,0,0,4,0,4,25,26,19,9,79,0,0,0,79
08/26/2019,SHV,LA,ASW,CE,Combined TRACON& Tower with Radar,25,31,21,13,90,0,4,21,0,25,25,35,42,13,115,16,0,16,131
08/27/2019,SHV,LA,ASW,CE,Combined TRACON& Tower with Radar,20,33,15,2,70,0,4,12,1,17,20,37,27,3,87,0,0,0,87
08/28/2019,SHV,LA,ASW,CE,Combined TRACON& Tower with Radar,24,31,15,2,72,0,0,16,2,18,24,31,31,4,90,0,0,0,90
08/29/2019,SHV,LA,ASW,CE,Combined TRACON& Tower with Radar,28,36,20,0,84,0,8,22,0,30,28,44,42,0,114,0,0,0,114
08/30/2019,SHV,LA,ASW,CE,Combined TRACON& Tower with Radar,38,27,33,0,98,0,1,14,0,15,38,28,47,0,113,0,0,0,113
08/31/2019,SHV,LA,ASW,CE,Combined TRACON& Tower with Radar,23,21,19,0,63,0,0,9,0,9,23,21,28,0,72,0,0,0,72
09/01/2019,SHV,LA,ASW,CE,Combined TRACON& Tower with Radar,22,20,4,0,46,0,1,7,0,8,22,21,11,0,54,4,0,4,58
09/02/2019,SHV,LA,ASW,CE,Combined TRACON& Tower with Radar,27,17,13,0,57,0,0,22,0,22,27,17,35,0,79,7,0,7,86
09/03/2019,SHV,LA,ASW,CE,Combined TRACON& Tower with Radar,29,24,16,2,71,0,2,23,0,25,29,26,39,2,96,4,0,4,100
09/04/2019,SHV,LA,ASW,CE,Combined TRACON& Tower with Radar,31,25,22,0,78,0,3,15,0,18,31,28,37,0,96,10,0,10,106
09/05/2019,SHV,LA,ASW,CE,Combined TRACON& Tower with Radar,36,20,17,9,82,0,0,17,2,19,36,20,34,11,101,0,0,0,101
09/06/2019,SHV,LA,ASW,CE,Combined TRACON& Tower with Radar,36,25,14,8,83,0,4,25,2,31,36,29,39,10,114,26,2,28,142
09/07/2019,SHV,LA,ASW,CE,Combined TRACON& Tower with Radar,33,14,17,0,64,0,4,15,2,21,33,18,32,2,85,26,2,28,113
09/08/2019,SHV,LA,ASW,CE,Combined TRACON& Tower with Radar,31,24,22,0,77,0,5,10,0,15,31,29,32,0,92,0,0,0,92
09/09/2019,SHV,LA,ASW,CE,Combined TRACON& Tower with Radar,29,21,16,8,74,0,0,7,0,7,29,21,23,8,81,0,0,0,81
09/10/2019,SHV,LA,ASW,CE,Combined TRACON& Tower with Radar,35,19,12,2,68,0,2,25,4,31,35,21,37,6,99,6,10,16,115
09/11/2019,SHV,LA,ASW,CE,Combined TRACON& Tower with Radar,36,24,26,16,102,0,1,9,2,12,36,25,35,18,114,0,6,6,120
09/12/2019,SHV,LA,ASW,CE,Combined TRACON& Tower with Radar,36,30,17,4,87,0,4,19,0,23,36,34,36,4,110,6,0,6,116
09/13/2019,SHV,LA,ASW,CE,Combined TRACON& Tower with Radar,44,22,16,22,104,0,1,15,2,18,44,23,31,24,122,0,10,10,132
09/14/2019,SHV,LA,ASW,CE,Combined TRACON& Tower with Radar,28,17,9,0,54,0,0,21,2,23,28,17,30,2,77,4,0,4,81
09/15/2019,SHV,LA,ASW,CE,Combined TRACON& Tower with Radar,35,20,18,6,79,0,8,18,4,30,35,28,36,10,109,0,0,0,109
09/16/2019,SHV,LA,ASW,CE,Combined TRACON& Tower with Radar,33,24,16,2,75,0,2,11,0,13,33,26,27,2,88,6,0,6,94
09/17/2019,SHV,LA,ASW,CE,Combined TRACON& Tower with Radar,35,23,10,5,73,0,5,18,0,23,35,28,28,5,96,8,0,8,104
09/18/2019,SHV,LA,ASW,CE,Combined TRACON& Tower with Radar,36,25,19,6,86,0,1,5,0,6,36,26,24,6,92,4,0,4,96
09/19/2019,SHV,LA,ASW,CE,Combined TRACON& Tower with Radar,35,15,18,1,69,0,3,4,0,7,35,18,22,1,76,0,0,0,76
09/20/2019,SHV,LA,ASW,CE,Combined TRACON& Tower with Radar,39,18,27,16,100,0,0,0,1,1,39,18,27,17,101,2,0,2,103
09/21/2019,SHV,LA,ASW,CE,Combined TRACON& Tower with Radar,30,20,14,0,64,0,5,14,0,19,30,25,28,0,83,0,0,0,83
09/22/2019,SHV,LA,ASW,CE,Combined TRACON& Tower with Radar,31,31,23,8,93,0,2,20,0,22,31,33,43,8,115,0,0,0,115
09/23/2019,SHV,LA,ASW,CE,Combined TRACON& Tower with Radar,36,21,19,0,76,0,0,15,0,15,36,21,34,0,91,0,0,0,91
09/24/2019,SHV,LA,ASW,CE,Combined TRACON& Tower with Radar,37,24,27,16,104,0,3,11,9,23,37,27,38,25,127,12,9,21,148
09/25/2019,SHV,LA,ASW,CE,Combined TRACON& Tower with Radar,38,30,32,6,106,0,0,16,2,18,38,30,48,8,124,6,0,6,130
09/26/2019,SHV,LA,ASW,CE,Combined TRACON& Tower with Radar,40,28,15,0,83,0,5,10,0,15,40,33,25,0,98,0,0,0,98
09/27/2019,SHV,LA,ASW,CE,Combined TRACON& Tower with Radar,36,17,24,4,81,0,5,12,1,18,36,22,36,5,99,16,0,16,115
09/28/2019,SHV,LA,ASW,CE,Combined TRACON& Tower with Radar,28,11,6,0,45,0,1,16,0,17,28,12,22,0,62,10,4,14,76
09/29/2019,SHV,LA,ASW,CE,Combined TRACON& Tower with Radar,31,17,12,5,65,0,7,9,1,17,31,24,21,6,82,10,4,14,96
09/30/2019,SHV,LA,ASW,CE,Combined TRACON& Tower with Radar,29,24,20,4,77,0,2,22,1,25,29,26,42,5,102,0,0,0,102
10/01/2019,SHV,LA,ASW,CE,Combined TRACON& Tower with Radar,26,26,30,5,87,0,1,12,1,14,26,27,42,6,101,0,0,0,101
10/02/2019,SHV,LA,ASW,CE,Combined TRACON& Tower with Radar,30,25,16,3,74,0,3,26,3,32,30,28,42,6,106,6,4,10,116
10/03/2019,SHV,LA,ASW,CE,Combined TRACON& Tower with Radar,31,23,12,0,66,0,0,13,0,13,31,23,25,0,79,0,0,0,79
10/04/2019,SHV,LA,ASW,CE,Combined TRACON& Tower with Radar,35,22,17,51,125,0,1,10,7,18,35,23,27,58,143,0,30,30,173
10/05/2019,SHV,LA,ASW,CE,Combined TRACON& Tower with Radar,23,17,14,8,62,0,0,21,5,26,23,17,35,13,88,0,0,0,88
10/06/2019,SHV,LA,ASW,CE,Combined TRACON& Tower with Radar,25,21,17,0,63,0,0,10,0,10,25,21,27,0,73,0,0,0,73
10/07/2019,SHV,LA,ASW,CE,Combined TRACON& Tower with Radar,27,22,15,24,88,0,0,2,1,3,27,22,17,25,91,4,12,16,107
10/08/2019,SHV,LA,ASW,CE,Combined TRACON& Tower with Radar,28,31,18,0,77,0,1,37,0,38,28,32,55,0,115,26,0,26,141
10/09/2019,SHV,LA,ASW,CE,Combined TRACON& Tower with Radar,27,28,37,0,92,0,5,13,0,18,27,33,50,0,110,0,0,0,110
10/10/2019,SHV,LA,ASW,CE,Combined TRACON& Tower with Radar,34,23,21,22,100,0,2,22,1,25,34,25,43,23,125,8,0,8,133
10/11/2019,SHV,LA,ASW,CE,Combined TRACON& Tower with Radar,35,22,24,0,81,0,1,3,0,4,35,23,27,0,85,0,0,0,85
10/12/2019,SHV,LA,ASW,CE,Combined TRACON& Tower with Radar,25,14,18,0,57,0,0,16,0,16,25,14,34,0,73,4,0,4,77
10/13/2019,SHV,LA,ASW,CE,Combined TRACON& Tower with Radar,30,21,31,0,82,0,1,12,0,13,30,22,43,0,95,0,0,0,95
10/14/2019,SHV,LA,ASW,CE,Combined TRACON& Tower with Radar,24,33,22,6,85,0,0,8,0,8,24,33,30,6,93,0,0,0,93
10/15/2019,SHV,LA,ASW,CE,Combined TRACON& Tower with Radar,27,29,10,0,66,0,0,0,0,0,27,29,10,0,66,0,0,0,66
10/16/2019,SHV,LA,ASW,CE,Combined TRACON& Tower with Radar,28,30,24,6,88,0,1,11,2,14,28,31,35,8,102,5,0,5,107
10/17/2019,SHV,LA,ASW,CE,Combined TRACON& Tower with Radar,32,25,19,8,84,0,2,32,0,34,32,27,51,8,118,32,0,32,150
10/18/2019,SHV,LA,ASW,CE,Combined TRACON& Tower with Radar,29,30,20,38,117,0,0,32,11,43,29,30,52,49,160,0,0,0,160
10/19/2019,SHV,LA,ASW,CE,Combined TRACON& Tower with Radar,24,21,14,6,65,0,1,15,1,17,24,22,29,7,82,0,0,0,82
10/20/2019,SHV,LA,ASW,CE,Combined TRACON& Tower with Radar,22,30,18,0,70,0,1,5,0,6,22,31,23,0,76,0,0,0,76
10/21/2019,SHV,LA,ASW,CE,Combined TRACON& Tower with Radar,27,22,29,2,80,0,1,9,0,10,27,23,38,2,90,0,0,0,90
10/22/2019,SHV,LA,ASW,CE,Combined TRACON& Tower with Radar,28,35,24,0,87,0,2,21,0,23,28,37,45,0,110,0,0,0,110
10/23/2019,SHV,LA,ASW,CE,Combined TRACON& Tower with Radar,28,34,39,2,103,0,2,29,0,31,28,36,68,2,134,34,0,34,168
10/24/2019,SHV,LA,ASW,CE,Combined TRACON& Tower with Radar,32,27,17,24,100,0,2,33,0,35,32,29,50,24,135,27,0,27,162
10/25/2019,SHV,LA,ASW,CE,Combined TRACON& Tower with Radar,30,30,18,0,78,0,0,0,0,0,30,30,18,0,78,0,0,0,78
10/26/2019,SHV,LA,ASW,CE,Combined TRACON& Tower with Radar,25,15,28,0,68,0,0,103,0,103,25,15,131,0,171,47,0,47,218
10/27/2019,SHV,LA,ASW,CE,Combined TRACON& Tower with Radar,28,18,14,2,62,0,0,45,1,46,28,18,59,3,108,163,0,163,271
10/28/2019,SHV,LA,ASW,CE,Combined TRACON& Tower with Radar,26,30,24,5,85,0,0,3,0,3,26,30,27,5,88,0,0,0,88
10/29/2019,SHV,LA,ASW,CE,Combined TRACON& Tower with Radar,35,24,13,9,81,0,0,7,0,7,35,24,20,9,88,0,0,0,88
10/30/2019,SHV,LA,ASW,CE,Combined TRACON& Tower with Radar,30,19,19,0,68,0,0,0,0,0,30,19,19,0,68,0,10,10,78
10/31/2019,SHV,LA,ASW,CE,Combined TRACON& Tower with Radar,32,30,22,5,89,0,2,30,3,35,32,32,52,8,124,5,2,7,131
11/01/2019,SHV,LA,ASW,CE,Combined TRACON& Tower with Radar,34,26,26,20,106,0,1,49,4,54,34,27,75,24,160,0,0,0,160
11/02/2019,SHV,LA,ASW,CE,Combined TRACON& Tower with Radar,22,16,13,23,74,0,0,128,11,139,22,16,141,34,213,0,0,0,213
11/03/2019,SHV,LA,ASW,CE,Combined TRACON& Tower with Radar,27,19,25,2,73,0,3,78,0,81,27,22,103,2,154,293,0,293,447
11/04/2019,SHV,LA,ASW,CE,Combined TRACON& Tower with Radar,36,22,43,4,105,0,1,34,0,35,36,23,77,4,140,6,0,6,146
11/05/2019,SHV,LA,ASW,CE,Combined TRACON& Tower with Radar,32,26,24,8,90,0,0,7,0,7,32,26,31,8,97,158,0,158,255
11/06/2019,SHV,LA,ASW,CE,Combined TRACON& Tower with Radar,37,23,15,7,82,0,2,32,1,35,37,25,47,8,117,157,0,157,274
11/07/2019,SHV,LA,ASW,CE,Combined TRACON& Tower with Radar,38,18,11,0,67,1,2,1,0,4,39,20,12,0,71,0,0,0,71
11/08/2019,SHV,LA,ASW,CE,Combined TRACON& Tower with Radar,39,27,22,21,109,0,3,14,5,22,39,30,36,26,131,0,0,0,131
11/09/2019,SHV,LA,ASW,CE,Combined TRACON& Tower with Radar,26,15,25,0,66,0,2,9,0,11,26,17,34,0,77,0,0,0,77
11/10/2019,SHV,LA,ASW,CE,Combined TRACON& Tower with Radar,29,26,15,4,74,0,4,11,0,15,29,30,26,4,89,0,0,0,89
11/11/2019,SHV,LA,ASW,CE,Combined TRACON& Tower with Radar,29,22,13,0,64,0,0,0,0,0,29,22,13,0,64,0,0,0,64
11/12/2019,SHV,LA,ASW,CE,Combined TRACON& Tower with Radar,36,30,27,2,95,0,1,12,0,13,36,31,39,2,108,0,0,0,108
11/13/2019,SHV,LA,ASW,CE,Combined TRACON& Tower with Radar,33,27,16,0,76,0,2,11,0,13,33,29,27,0,89,0,0,0,89
11/14/2019,SHV,LA,ASW,CE,Combined TRACON& Tower with Radar,34,32,29,3,98,0,0,0,0,0,34,32,29,3,98,0,0,0,98
11/15/2019,SHV,LA,ASW,CE,Combined TRACON& Tower with Radar,43,34,22,5,104,0,4,25,4,33,43,38,47,9,137,0,0,0,137
11/16/2019,SHV,LA,ASW,CE,Combined TRACON& Tower with Radar,27,21,18,22,88,0,0,20,1,21,27,21,38,23,109,26,0,26,135
11/17/2019,SHV,LA,ASW,CE,Combined TRACON& Tower with Radar,24,27,13,0,64,0,2,13,0,15,24,29,26,0,79,0,0,0,79
11/18/2019,SHV,LA,ASW,CE,Combined TRACON& Tower with Radar,32,29,19,0,80,0,0,20,1,21,32,29,39,1,101,8,0,8,109
11/19/2019,SHV,LA,ASW,CE,Combined TRACON& Tower with Radar,30,29,21,6,86,0,1,16,2,19,30,30,37,8,105,0,0,0,105
11/20/2019,SHV,LA,ASW,CE,Combined TRACON& Tower with Radar,35,23,28,17,103,0,1,13,2,16,35,24,41,19,119,21,0,21,140
11/21/2019,SHV,LA,ASW,CE,Combined TRACON& Tower with Radar,37,37,31,3,108,0,2,9,0,11,37,39,40,3,119,6,0,6,125
11/22/2019,SHV,LA,ASW,CE,Combined TRACON& Tower with Radar,38,32,24,1,95,0,0,0,0,0,38,32,24,1,95,0,0,0,95
11/23/2019,SHV,LA,ASW,CE,Combined TRACON& Tower with Radar,29,21,22,3,75,0,0,4,19,23,29,21,26,22,98,0,18,18,116
11/24/2019,SHV,LA,ASW,CE,Combined TRACON& Tower with Radar,28,22,19,1,70,0,1,12,0,13,28,23,31,1,83,10,0,10,93
11/25/2019,SHV,LA,ASW,CE,Combined TRACON& Tower with Radar,37,25,24,0,86,0,1,3,0,4,37,26,27,0,90,0,0,0,90
11/26/2019,SHV,LA,ASW,CE,Combined TRACON& Tower with Radar,40,31,19,0,90,0,0,0,0,0,40,31,19,0,90,0,0,0,90
11/27/2019,SHV,LA,ASW,CE,Combined TRACON& Tower with Radar,39,33,21,0,93,0,1,10,0,11,39,34,31,0,104,37,0,37,141
11/28/2019,SHV,LA,ASW,CE,Combined TRACON& Tower with Radar,15,17,5,0,37,0,2,7,0,9,15,19,12,0,46,0,0,0,46
11/29/2019,SHV,LA,ASW,CE,Combined TRACON& Tower with Radar,24,22,14,0,60,0,1,4,0,5,24,23,18,0,65,0,0,0,65
11/30/2019,SHV,LA,ASW,CE,Combined TRACON& Tower with Radar,25,35,15,0,75,0,0,0,0,0,25,35,15,0,75,0,0,0,75
12/01/2019,SHV,LA,ASW,CE,Combined TRACON& Tower with Radar,36,29,26,0,91,0,2,5,0,7,36,31,31,0,98,0,0,0,98
12/02/2019,SHV,LA,ASW,CE,Combined TRACON& Tower with Radar,36,30,20,1,87,0,0,12,1,13,36,30,32,2,100,12,0,12,112
12/03/2019,SHV,LA,ASW,CE,Combined TRACON& Tower with Radar,35,33,28,12,108,0,2,23,2,27,35,35,51,14,135,8,0,8,143
12/04/2019,SHV,LA,ASW,CE,Combined TRACON& Tower with Radar,33,30,22,5,90,0,0,18,1,19,33,30,40,6,109,2,0,2,111
12/05/2019,SHV,LA,ASW,CE,Combined TRACON& Tower with Radar,34,33,30,6,103,0,0,16,15,31,34,33,46,21,134,29,6,35,169
12/06/2019,SHV,LA,ASW,CE,Combined TRACON& Tower with Radar,38,34,30,2,104,0,1,1,1,3,38,35,31,3,107,17,0,17,124
12/07/2019,SHV,LA,ASW,CE,Combined TRACON& Tower with Radar,24,22,13,9,68,0,0,12,5,17,24,22,25,14,85,0,0,0,85
12/08/2019,SHV,LA,ASW,CE,Combined TRACON& Tower with Radar,27,25,16,0,68,0,0,9,0,9,27,25,25,0,77,2,0,2,79
12/09/2019,SHV,LA,ASW,CE,Combined TRACON& Tower with Radar,27,21,14,4,66,0,2,11,0,13,27,23,25,4,79,0,0,0,79
12/10/2019,SHV,LA,ASW,CE,Combined TRACON& Tower with Radar,27,26,17,0,70,0,0,1,0,1,27,26,18,0,71,0,0,0,71
12/11/2019,SHV,LA,ASW,CE,Combined TRACON& Tower with Radar,28,33,34,1,96,0,7,41,3,51,28,40,75,4,147,41,0,41,188
12/12/2019,SHV,LA,ASW,CE,Combined TRACON& Tower with Radar,34,34,38,14,120,0,4,23,7,34,34,38,61,21,154,60,12,72,226
12/13/2019,SHV,LA,ASW,CE,Combined TRACON& Tower with Radar,31,21,22,12,86,0,2,6,0,8,31,23,28,12,94,0,5,5,99
12/14/2019,SHV,LA,ASW,CE,Combined TRACON& Tower with Radar,28,18,11,18,75,0,1,5,5,11,28,19,16,23,86,28,10,38,124
12/15/2019,SHV,LA,ASW,CE,Combined TRACON& Tower with Radar,30,21,25,6,82,0,0,3,0,3,30,21,28,6,85,0,0,0,85
12/16/2019,SHV,LA,ASW,CE,Combined TRACON& Tower with Radar,36,28,12,0,76,0,0,0,0,0,36,28,12,0,76,0,0,0,76
12/17/2019,SHV,LA,ASW,CE,Combined TRACON& Tower with Radar,31,41,28,11,111,0,3,18,0,21,31,44,46,11,132,13,4,17,149
12/18/2019,SHV,LA,ASW,CE,Combined TRACON& Tower with Radar,30,24,16,8,78,0,4,26,1,31,30,28,42,9,109,34,0,34,143
12/19/2019,SHV,LA,ASW,CE,Combined TRACON& Tower with Radar,31,25,14,9,79,0,5,34,7,46,31,30,48,16,125,40,2,42,167
12/20/2019,SHV,LA,ASW,CE,Combined TRACON& Tower with Radar,29,25,27,4,85,0,2,41,1,44,29,27,68,5,129,4,0,4,133
12/21/2019,SHV,LA,ASW,CE,Combined TRACON& Tower with Radar,27,21,24,0,72,0,1,4,1,6,27,22,28,1,78,0,0,0,78
12/22/2019,SHV,LA,ASW,CE,Combined TRACON& Tower with Radar,32,32,14,0,78,0,2,21,0,23,32,34,35,0,101,2,0,2,103
12/23/2019,SHV,LA,ASW,CE,Combined TRACON& Tower with Radar,23,33,16,0,72,0,0,26,0,26,23,33,42,0,98,25,0,25,123
12/24/2019,SHV,LA,ASW,CE,Combined TRACON& Tower with Radar,26,19,7,0,52,0,2,9,0,11,26,21,16,0,63,0,0,0,63
12/25/2019,SHV,LA,ASW,CE,Combined TRACON& Tower with Radar,14,19,5,0,38,0,0,2,0,2,14,19,7,0,40,6,0,6,46
12/26/2019,SHV,LA,ASW,CE,Combined TRACON& Tower with Radar,27,32,16,0,75,0,2,8,2,12,27,34,24,2,87,8,0,8,95
12/27/2019,SHV,LA,ASW,CE,Combined TRACON& Tower with Radar,24,31,28,0,83,0,0,5,0,5,24,31,33,0,88,16,0,16,104
12/28/2019,SHV,LA,ASW,CE,Combined TRACON& Tower with Radar,17,25,11,0,53,0,0,1,0,1,17,25,12,0,54,0,0,0,54
12/29/2019,SHV,LA,ASW,CE,Combined TRACON& Tower with Radar,19,33,11,0,63,0,0,2,0,2,19,33,13,0,65,0,0,0,65
12/30/2019,SHV,LA,ASW,CE,Combined TRACON& Tower with Radar,17,28,23,0,68,0,0,10,0,10,17,28,33,0,78,2,0,2,80
12/31/2019,SHV,LA,ASW,CE,Combined TRACON& Tower with Radar,26,17,10,0,53,0,6,25,0,31,26,23,35,0,84,14,0,14,98
01/01/2020,SHV,LA,ASW,CE,Combined TRACON& Tower with Radar,15,18,10,0,43,0,4,6,0,10,15,22,16,0,53,0,0,0,53
01/02/2020,SHV,LA,ASW,CE,Combined TRACON& Tower with Radar,21,24,7,0,52,0,0,0,0,0,21,24,7,0,52,0,0,0,52
01/03/2020,SHV,LA,ASW,CE,Combined TRACON& Tower with Radar,24,24,18,28,94,0,2,9,0,11,24,26,27,28,105,3,0,3,108
01/04/2020,SHV,LA,ASW,CE,Combined TRACON& Tower with Radar,19,16,10,0,45,0,2,20,3,25,19,18,30,3,70,4,0,4,74
01/05/2020,SHV,LA,ASW,CE,Combined TRACON& Tower with Radar,17,24,17,1,59,0,7,19,1,27,17,31,36,2,86,0,0,0,86
01/06/2020,SHV,LA,ASW,CE,Combined TRACON& Tower with Radar,21,26,24,10,81,0,1,7,0,8,21,27,31,10,89,12,5,17,106
01/07/2020,SHV,LA,ASW,CE,Combined TRACON& Tower with Radar,22,21,12,0,55,0,2,23,0,25,22,23,35,0,80,0,0,0,80
01/08/2020,SHV,LA,ASW,CE,Combined TRACON& Tower with Radar,20,26,29,9,84,0,2,15,3,20,20,28,44,12,104,2,0,2,106
01/09/2020,SHV,LA,ASW,CE,Combined TRACON& Tower with Radar,25,23,12,0,60,0,5,4,3,12,25,28,16,3,72,0,0,0,72
01/10/2020,SHV,LA,ASW,CE,Combined TRACON& Tower with Radar,25,21,9,0,55,0,2,0,0,2,25,23,9,0,57,0,0,0,57
01/11/2020,SHV,LA,ASW,CE,Combined TRACON& Tower with Radar,17,24,8,0,49,0,0,6,0,6,17,24,14,0,55,0,0,0,55
01/12/2020,SHV,LA,ASW,CE,Combined TRACON& Tower with Radar,16,24,19,0,59,0,0,20,0,20,16,24,39,0,79,0,0,0,79
01/13/2020,SHV,LA,ASW,CE,Combined TRACON& Tower with Radar,31,28,29,1,89,0,2,33,1,36,31,30,62,2,125,0,0,0,125
01/14/2020,SHV,LA,ASW,CE,Combined TRACON& Tower with Radar,22,27,32,0,81,0,0,0,0,0,22,27,32,0,81,0,0,0,81
01/15/2020,SHV,LA,ASW,CE,Combined TRACON& Tower with Radar,21,32,21,0,74,0,0,2,0,2,21,32,23,0,76,0,0,0,76
01/16/2020,SHV,LA,ASW,CE,Combined TRACON& Tower with Radar,27,23,10,0,60,0,0,4,0,4,27,23,14,0,64,8,0,8,72
01/17/2020,SHV,LA,ASW,CE,Combined TRACON& Tower with Radar,29,26,22,0,77,0,0,2,0,2,29,26,24,0,79,0,0,0,79
01/18/2020,SHV,LA,ASW,CE,Combined TRACON& Tower with Radar,13,15,8,6,42,0,1,9,0,10,13,16,17,6,52,0,0,0,52
01/19/2020,SHV,LA,ASW,CE,Combined TRACON& Tower with Radar,21,17,14,0,52,0,0,17,1,18,21,17,31,1,70,4,0,4,74
01/20/2020,SHV,LA,ASW,CE,Combined TRACON& Tower with Radar,21,20,19,0,60,0,0,30,0,30,21,20,49,0,90,14,0,14,104
01/21/2020,SHV,LA,ASW,CE,Combined TRACON& Tower with Radar,26,23,13,0,62,0,3,11,0,14,26,26,24,0,76,0,0,0,76
01/22/2020,SHV,LA,ASW,CE,Combined TRACON& Tower with Radar,22,29,4,0,55,0,1,1,0,2,22,30,5,0,57,0,0,0,57
01/23/2020,SHV,LA,ASW,CE,Combined TRACON& Tower with Radar,25,26,20,0,71,0,0,0,0,0,25,26,20,0,71,0,0,0,71
01/24/2020,SHV,LA,ASW,CE,Combined TRACON& Tower with Radar,25,31,29,18,103,0,2,19,3,24,25,33,48,21,127,0,0,0,127
01/25/2020,SHV,LA,ASW,CE,Combined TRACON& Tower with Radar,12,26,9,18,65,0,6,27,10,43,12,32,36,28,108,20,0,20,128
01/26/2020,SHV,LA,ASW,CE,Combined TRACON& Tower with Radar,20,24,20,0,64,0,0,1,0,1,20,24,21,0,65,2,0,2,67
01/27/2020,SHV,LA,ASW,CE,Combined TRACON& Tower with Radar,28,29,18,2,77,0,1,5,0,6,28,30,23,2,83,0,0,0,83
01/28/2020,SHV,LA,ASW,CE,Combined TRACON& Tower with Radar,23,26,18,0,67,0,0,0,4,4,23,26,18,4,71,2,0,2,73
01/29/2020,SHV,LA,ASW,CE,Combined TRACON& Tower with Radar,21,33,28,0,82,0,0,0,0,0,21,33,28,0,82,0,0,0,82
01/30/2020,SHV,LA,ASW,CE,Combined TRACON& Tower with Radar,27,27,32,2,88,0,0,0,0,0,27,27,32,2,88,0,0,0,88
01/31/2020,SHV,LA,ASW,CE,Combined TRACON& Tower with Radar,27,24,28,64,143,0,0,2,0,2,27,24,30,64,145,0,4,4,149
02/01/2020,SHV,LA,ASW,CE,Combined TRACON& Tower with Radar,17,18,11,5,51,0,0,28,6,34,17,18,39,11,85,23,30,53,138
02/02/2020,SHV,LA,ASW,CE,Combined TRACON& Tower with Radar,20,16,7,7,50,0,2,13,3,18,20,18,20,10,68,0,0,0,68
02/03/2020,SHV,LA,ASW,CE,Combined TRACON& Tower with Radar,22,20,23,7,72,0,1,2,3,6,22,21,25,10,78,0,0,0,78
02/04/2020,SHV,LA,ASW,CE,Combined TRACON& Tower with Radar,29,22,13,7,71,0,0,0,0,0,29,22,13,7,71,0,0,0,71
02/05/2020,SHV,LA,ASW,CE,Combined TRACON& Tower with Radar,26,22,16,0,64,0,0,0,0,0,26,22,16,0,64,0,0,0,64
02/06/2020,SHV,LA,ASW,CE,Combined TRACON& Tower with Radar,27,23,15,5,70,0,2,4,3,9,27,25,19,8,79,8,2,10,89
02/07/2020,SHV,LA,ASW,CE,Combined TRACON& Tower with Radar,29,33,28,7,97,0,1,17,4,22,29,34,45,11,119,20,0,20,139
02/08/2020,SHV,LA,ASW,CE,Combined TRACON& Tower with Radar,14,26,10,4,54,0,1,43,1,45,14,27,53,5,99,2,8,10,109
02/09/2020,SHV,LA,ASW,CE,Combined TRACON& Tower with Radar,20,22,13,1,56,0,4,4,1,9,20,26,17,2,65,0,2,2,67
02/10/2020,SHV,LA,ASW,CE,Combined TRACON& Tower with Radar,21,21,9,0,51,0,0,0,0,0,21,21,9,0,51,0,0,0,51
02/11/2020,SHV,LA,ASW,CE,Combined TRACON& Tower with Radar,26,22,6,0,54,0,0,0,0,0,26,22,6,0,54,0,0,0,54
02/12/2020,SHV,LA,ASW,CE,Combined TRACON& Tower with Radar,24,28,7,0,59,0,0,0,0,0,24,28,7,0,59,0,0,0,59
02/13/2020,SHV,LA,ASW,CE,Combined TRACON& Tower with Radar,28,23,34,18,103,0,3,5,0,8,28,26,39,18,111,5,0,5,116
02/14/2020,SHV,LA,ASW,CE,Combined TRACON& Tower with Radar,34,29,21,0,84,0,2,24,0,26,34,31,45,0,110,34,0,34,144
02/15/2020,SHV,LA,ASW,CE,Combined TRACON& Tower with Radar,15,19,17,0,51,0,0,35,0,35,15,19,52,0,86,2,0,2,88
02/16/2020,SHV,LA,ASW,CE,Combined TRACON& Tower with Radar,19,20,21,0,60,0,0,2,0,2,19,20,23,0,62,0,0,0,62
02/17/2020,SHV,LA,ASW,CE,Combined TRACON& Tower with Radar,21,33,24,0,78,0,0,0,0,0,21,33,24,0,78,0,0,0,78
02/18/2020,SHV,LA,ASW,CE,Combined TRACON& Tower with Radar,26,31,5,2,64,0,0,2,0,2,26,31,7,2,66,0,0,0,66
02/19/2020,SHV,LA,ASW,CE,Combined TRACON& Tower with Radar,22,31,20,0,73,0,0,0,0,0,22,31,20,0,73,0,0,0,73
02/20/2020,SHV,LA,ASW,CE,Combined TRACON& Tower with Radar,24,31,20,0,75,0,0,2,0,2,24,31,22,0,77,0,0,0,77
02/21/2020,SHV,LA,ASW,CE,Combined TRACON& Tower with Radar,26,31,19,38,114,0,10,19,3,32,26,41,38,41,146,8,2,10,156
02/22/2020,SHV,LA,ASW,CE,Combined TRACON& Tower with Radar,15,23,8,45,91,0,0,27,10,37,15,23,35,55,128,0,0,0,128
02/23/2020,SHV,LA,ASW,CE,Combined TRACON& Tower with Radar,21,27,11,31,90,0,2,0,0,2,21,29,11,31,92,0,4,4,96
02/24/2020,SHV,LA,ASW,CE,Combined TRACON& Tower with Radar,22,27,6,2,57,0,1,2,0,3,22,28,8,2,60,0,0,0,60
02/25/2020,SHV,LA,ASW,CE,Combined TRACON& Tower with Radar,22,33,16,6,77,0,0,9,3,12,22,33,25,9,89,10,0,10,99
02/26/2020,SHV,LA,ASW,CE,Combined TRACON& Tower with Radar,21,31,18,21,91,0,0,13,1,14,21,31,31,22,105,0,10,10,115
02/27/2020,SHV,LA,ASW,CE,Combined TRACON& Tower with Radar,25,28,23,15,91,0,0,23,2,25,25,28,46,17,116,10,0,10,126
02/28/2020,SHV,LA,ASW,CE,Combined TRACON& Tower with Radar,26,25,10,51,112,0,4,20,1,25,26,29,30,52,137,8,0,8,145
02/29/2020,SHV,LA,ASW,CE,Combined TRACON& Tower with Radar,17,28,8,4,57,0,1,20,7,28,17,29,28,11,85,0,8,8,93
03/01/2020,SHV,LA,ASW,CE,Combined TRACON& Tower with Radar,19,28,9,11,67,0,2,1,1,4,19,30,10,12,71,0,0,0,71
03/02/2020,SHV,LA,ASW,CE,Combined TRACON& Tower with Radar,20,22,16,2,60,0,0,6,0,6,20,22,22,2,66,0,0,0,66
03/03/2020,SHV,LA,ASW,CE,Combined TRACON& Tower with Radar,22,33,14,0,69,0,1,1,0,2,22,34,15,0,71,28,0,28,99
03/04/2020,SHV,LA,ASW,CE,Combined TRACON& Tower with Radar,22,27,6,0,55,0,0,0,0,0,22,27,6,0,55,28,0,28,83
03/05/2020,SHV,LA,ASW,CE,Combined TRACON& Tower with Radar,23,36,30,18,107,0,0,25,0,25,23,36,55,18,132,6,0,6,138
03/06/2020,SHV,LA,ASW,CE,Combined TRACON& Tower with Radar,26,29,7,9,71,0,3,23,0,26,26,32,30,9,97,6,0,6,103
03/07/2020,SHV,LA,ASW,CE,Combined TRACON& Tower with Radar,14,20,11,0,45,0,0,20,0,20,14,20,31,0,65,18,0,18,83
03/08/2020,SHV,LA,ASW,CE,Combined TRACON& Tower with Radar,18,26,25,1,70,0,1,12,1,14,18,27,37,2,84,0,54,54,138
03/09/2020,SHV,LA,ASW,CE,Combined TRACON& Tower with Radar,26,26,13,0,65,0,0,1,0,1,26,26,14,0,66,0,0,0,66
03/10/2020,SHV,LA,ASW,CE,Combined TRACON& Tower with Radar,22,34,18,0,74,0,2,16,2,20,22,36,34,2,94,6,0,6,100
03/11/2020,SHV,LA,ASW,CE,Combined TRACON& Tower with Radar,31,25,25,4,85,0,2,9,0,11,31,27,34,4,96,14,0,14,110
03/12/2020,SHV,LA,ASW,CE,Combined TRACON& Tower with Radar,24,24,12,0,60,0,0,11,0,11,24,24,23,0,71,0,0,0,71
03/13/2020,SHV,LA,ASW,CE,Combined TRACON& Tower with Radar,32,31,7,6,76,0,0,1,0,1,32,31,8,6,77,0,0,0,77
03/14/2020,SHV,LA,ASW,CE,Combined TRACON& Tower with Radar,14,20,12,2,48,0,0,7,0,7,14,20,19,2,55,2,0,2,57
03/15/2020,SHV,LA,ASW,CE,Combined TRACON& Tower with Radar,16,28,11,4,59,0,0,1,0,1,16,28,12,4,60,2,0,2,62
03/16/2020,SHV,LA,ASW,CE,Combined TRACON& Tower with Radar,20,35,17,0,72,0,0,0,0,0,20,35,17,0,72,0,0,0,72
03/17/2020,SHV,LA,ASW,CE,Combined TRACON& Tower with Radar,19,29,17,0,65,0,0,8,0,8,19,29,25,0,73,0,0,0,73
03/18/2020,SHV,LA,ASW,CE,Combined TRACON& Tower with Radar,25,22,15,0,62,0,0,1,0,1,25,22,16,0,63,0,0,0,63
03/19/2020,SHV,LA,ASW,CE,Combined TRACON& Tower with Radar,24,24,4,0,52,0,4,5,0,9,24,28,9,0,61,0,0,0,61
03/20/2020,SHV,LA,ASW,CE,Combined TRACON& Tower with Radar,20,17,2,0,39,0,0,0,0,0,20,17,2,0,39,10,0,10,49
03/21/2020,SHV,LA,ASW,CE,Combined TRACON& Tower with Radar,14,16,9,0,39,0,0,6,0,6,14,16,15,0,45,12,0,12,57
03/22/2020,SHV,LA,ASW,CE,Combined TRACON& Tower with Radar,15,18,2,0,35,0,0,0,0,0,15,18,2,0,35,0,0,0,35
03/23/2020,SHV,LA,ASW,CE,Combined TRACON& Tower with Radar,17,18,4,0,39,0,0,0,0,0,17,18,4,0,39,0,0,0,39
03/24/2020,SHV,LA,ASW,CE,Combined TRACON& Tower with Radar,22,16,12,0,50,0,0,3,0,3,22,16,15,0,53,0,0,0,53
03/25/2020,SHV,LA,ASW,CE,Combined TRACON& Tower with Radar,17,11,2,0,30,0,0,8,0,8,17,11,10,0,38,0,0,0,38
03/26/2020,SHV,LA,ASW,CE,Combined TRACON& Tower with Radar,17,11,5,0,33,0,1,4,0,5,17,12,9,0,38,10,0,10,48
03/27/2020,SHV,LA,ASW,CE,Combined TRACON& Tower with Radar,18,10,9,0,37,0,5,7,1,13,18,15,16,1,50,0,0,0,50
03/28/2020,SHV,LA,ASW,CE,Combined TRACON& Tower with Radar,11,11,1,0,23,0,1,0,4,5,11,12,1,4,28,0,0,0,28
03/29/2020,SHV,LA,ASW,CE,Combined TRACON& Tower with Radar,14,13,5,2,34,0,0,19,0,19,14,13,24,2,53,0,0,0,53
03/30/2020,SHV,LA,ASW,CE,Combined TRACON& Tower with Radar,17,13,4,0,34,0,0,1,0,1,17,13,5,0,35,0,0,0,35
03/31/2020,SHV,LA,ASW,CE,Combined TRACON& Tower with Radar,18,10,1,0,29,0,1,4,0,5,18,11,5,0,34,0,0,0,34
04/01/2020,SHV,LA,ASW,CE,Combined TRACON& Tower with Radar,19,14,5,0,38,0,0,19,0,19,19,14,24,0,57,4,0,4,61
04/02/2020,SHV,LA,ASW,CE,Combined TRACON& Tower with Radar,19,13,3,0,35,0,0,10,0,10,19,13,13,0,45,6,0,6,51
04/03/2020,SHV,LA,ASW,CE,Combined TRACON& Tower with Radar,17,8,2,0,27,0,0,4,0,4,17,8,6,0,31,6,0,6,37
04/04/2020,SHV,LA,ASW,CE,Combined TRACON& Tower with Radar,9,15,0,0,24,0,0,0,0,0,9,15,0,0,24,0,0,0,24
04/05/2020,SHV,LA,ASW,CE,Combined TRACON& Tower with Radar,7,14,9,0,30,0,1,3,0,4,7,15,12,0,34,0,0,0,34
04/06/2020,SHV,LA,ASW,CE,Combined TRACON& Tower with Radar,9,11,6,0,26,0,0,8,2,10,9,11,14,2,36,0,0,0,36
04/07/2020,SHV,LA,ASW,CE,Combined TRACON& Tower with Radar,18,13,13,0,44,0,2,5,0,7,18,15,18,0,51,0,0,0,51
04/08/2020,SHV,LA,ASW,CE,Combined TRACON& Tower with Radar,17,10,5,2,34,0,1,5,0,6,17,11,10,2,40,0,0,0,40
04/09/2020,SHV,LA,ASW,CE,Combined TRACON& Tower with Radar,16,9,2,0,27,0,3,24,0,27,16,12,26,0,54,19,0,19,73
04/10/2020,SHV,LA,ASW,CE,Combined TRACON& Tower with Radar,16,12,7,0,35,0,0,10,4,14,16,12,17,4,49,0,0,0,49
04/11/2020,SHV,LA,ASW,CE,Combined TRACON& Tower with Radar,8,11,2,0,21,0,1,4,0,5,8,12,6,0,26,8,0,8,34
04/12/2020,SHV,LA,ASW,CE,Combined TRACON& Tower with Radar,8,12,2,0,22,0,0,1,0,1,8,12,3,0,23,0,0,0,23
04/13/2020,SHV,LA,ASW,CE,Combined TRACON& Tower with Radar,11,11,7,0,29,0,1,7,0,8,11,12,14,0,37,0,0,0,37
04/14/2020,SHV,LA,ASW,CE,Combined TRACON& Tower with Radar,16,10,2,0,28,0,2,13,0,15,16,12,15,0,43,6,0,6,49
04/15/2020,SHV,LA,ASW,CE,Combined TRACON& Tower with Radar,16,10,6,0,32,0,0,13,0,13,16,10,19,0,45,6,0,6,51
04/16/2020,SHV,LA,ASW,CE,Combined TRACON& Tower with Radar,19,12,3,2,36,0,1,20,2,23,19,13,23,4,59,6,0,6,65
04/17/2020,SHV,LA,ASW,CE,Combined TRACON& Tower with Radar,16,11,2,0,29,0,0,6,0,6,16,11,8,0,35,44,0,44,79
04/18/2020,SHV,LA,ASW,CE,Combined TRACON& Tower with Radar,6,9,8,0,23,0,0,2,0,2,6,9,10,0,25,0,0,0,25
04/19/2020,SHV,LA,ASW,CE,Combined TRACON& Tower with Radar,3,8,2,0,13,0,0,0,0,0,3,8,2,0,13,0,0,0,13
04/20/2020,SHV,LA,ASW,CE,Combined TRACON& Tower with Radar,10,12,6,0,28,0,0,2,0,2,10,12,8,0,30,0,0,0,30
04/21/2020,SHV,LA,ASW,CE,Combined TRACON& Tower with Radar,14,10,9,0,33,0,2,28,1,31,14,12,37,1,64,34,0,34,98
04/22/2020,SHV,LA,ASW,CE,Combined TRACON& Tower with Radar,15,5,4,0,24,0,0,2,0,2,15,5,6,0,26,0,0,0,26
04/23/2020,SHV,LA,ASW,CE,Combined TRACON& Tower with Radar,13,8,10,33,64,0,0,17,2,19,13,8,27,35,83,12,0,12,95
04/24/2020,SHV,LA,ASW,CE,Combined TRACON& Tower with Radar,12,5,4,0,21,0,0,6,4,10,12,5,10,4,31,0,0,0,31
04/25/2020,SHV,LA,ASW,CE,Combined TRACON& Tower with Radar,4,9,5,0,18,0,3,4,0,7,4,12,9,0,25,6,0,6,31
04/26/2020,SHV,LA,ASW,CE,Combined TRACON& Tower with Radar,6,4,7,0,17,0,1,17,2,20,6,5,24,2,37,20,0,20,57
04/27/2020,SHV,LA,ASW,CE,Combined TRACON& Tower with Radar,8,5,10,0,23,0,2,6,0,8,8,7,16,0,31,0,0,0,31
04/28/2020,SHV,LA,ASW,CE,Combined TRACON& Tower with Radar,10,7,3,0,20,0,0,1,0,1,10,7,4,0,21,0,0,0,21
04/29/2020,SHV,LA,ASW,CE,Combined TRACON& Tower with Radar,11,6,3,3,23,0,1,8,1,10,11,7,11,4,33,0,0,0,33
04/30/2020,SHV,LA,ASW,CE,Combined TRACON& Tower with Radar,12,8,6,1,27,0,0,27,0,27,12,8,33,1,54,0,0,0,54
05/01/2020,SHV,LA,ASW,CE,Combined TRACON& Tower with Radar,15,6,2,0,23,0,1,17,0,18,15,7,19,0,41,0,0,0,41
05/02/2020,SHV,LA,ASW,CE,Combined TRACON& Tower with Radar,8,10,1,0,19,0,0,6,0,6,8,10,7,0,25,0,0,0,25
05/03/2020,SHV,LA,ASW,CE,Combined TRACON& Tower with Radar,9,6,3,0,18,0,0,6,0,6,9,6,9,0,24,0,0,0,24
05/04/2020,SHV,LA,ASW,CE,Combined TRACON& Tower with Radar,9,10,8,2,29,0,0,18,0,18,9,10,26,2,47,6,0,6,53
05/05/2020,SHV,LA,ASW,CE,Combined TRACON& Tower with Radar,15,10,5,0,30,0,0,4,2,6,15,10,9,2,36,0,0,0,36
05/06/2020,SHV,LA,ASW,CE,Combined TRACON& Tower with Radar,14,14,14,0,42,0,2,19,0,21,14,16,33,0,63,4,0,4,67
05/07/2020,SHV,LA,ASW,CE,Combined TRACON& Tower with Radar,13,15,5,0,33,0,1,10,1,12,13,16,15,1,45,14,0,14,59
05/08/2020,SHV,LA,ASW,CE,Combined TRACON& Tower with Radar,14,12,4,7,37,0,1,0,0,1,14,13,4,7,38,0,0,0,38
05/09/2020,SHV,LA,ASW,CE,Combined TRACON& Tower with Radar,11,8,8,0,27,0,0,3,0,3,11,8,11,0,30,0,0,0,30
05/10/2020,SHV,LA,ASW,CE,Combined TRACON& Tower with Radar,10,9,1,0,20,0,0,15,0,15,10,9,16,0,35,20,0,20,55
05/11/2020,SHV,LA,ASW,CE,Combined TRACON& Tower with Radar,9,9,8,0,26,0,1,18,0,19,9,10,26,0,45,18,0,18,63
05/12/2020,SHV,LA,ASW,CE,Combined TRACON& Tower with Radar,13,10,5,0,28,0,4,13,13,30,13,14,18,13,58,0,66,66,124
05/13/2020,SHV,LA,ASW,CE,Combined TRACON& Tower with Radar,14,10,10,0,34,0,1,19,0,20,14,11,29,0,54,4,0,4,58
05/14/2020,SHV,LA,ASW,CE,Combined TRACON& Tower with Radar,12,12,12,0,36,0,2,6,0,8,12,14,18,0,44,10,0,10,54
05/15/2020,SHV,LA,ASW,CE,Combined TRACON& Tower with Radar,17,9,12,2,40,0,0,8,0,8,17,9,20,2,48,2,0,2,50
05/16/2020,SHV,LA,ASW,CE,Combined TRACON& Tower with Radar,8,10,2,0,20,0,0,1,1,2,8,10,3,1,22,0,0,0,22
05/17/2020,SHV,LA,ASW,CE,Combined TRACON& Tower with Radar,7,11,2,0,20,0,0,9,0,9,7,11,11,0,29,0,0,0,29
05/18/2020,SHV,LA,ASW,CE,Combined TRACON& Tower with Radar,9,16,10,2,37,0,0,22,1,23,9,16,32,3,60,8,0,8,68
05/19/2020,SHV,LA,ASW,CE,Combined TRACON& Tower with Radar,15,15,1,0,31,0,1,15,1,17,15,16,16,1,48,4,0,4,52
05/20/2020,SHV,LA,ASW,CE,Combined TRACON& Tower with Radar,13,15,6,0,34,0,2,11,0,13,13,17,17,0,47,2,0,2,49
05/21/2020,SHV,LA,ASW,CE,Combined TRACON& Tower with Radar,13,14,12,0,39,0,2,3,0,5,13,16,15,0,44,0,0,0,44
05/22/2020,SHV,LA,ASW,CE,Combined TRACON& Tower with Radar,15,13,12,0,40,0,1,14,0,15,15,14,26,0,55,2,0,2,57
05/23/2020,SHV,LA,ASW,CE,Combined TRACON& Tower with Radar,16,10,4,0,30,0,0,5,0,5,16,10,9,0,35,0,0,0,35
05/24/2020,SHV,LA,ASW,CE,Combined TRACON& Tower with Radar,9,12,7,0,28,0,0,1,0,1,9,12,8,0,29,0,0,0,29
05/25/2020,SHV,LA,ASW,CE,Combined TRACON& Tower with Radar,10,10,5,0,25,0,0,4,0,4,10,10,9,0,29,0,0,0,29
05/26/2020,SHV,LA,ASW,CE,Combined TRACON& Tower with Radar,10,11,11,2,34,0,2,5,0,7,10,13,16,2,41,0,0,0,41
05/27/2020,SHV,LA,ASW,CE,Combined TRACON& Tower with Radar,13,17,7,13,50,0,3,8,1,12,13,20,15,14,62,6,6,12,74
05/28/2020,SHV,LA,ASW,CE,Combined TRACON& Tower with Radar,14,12,13,0,39,0,0,9,0,9,14,12,22,0,48,0,0,0,48
05/29/2020,SHV,LA,ASW,CE,Combined TRACON& Tower with Radar,18,14,23,6,61,0,2,14,0,16,18,16,37,6,77,0,0,0,77
05/30/2020,SHV,LA,ASW,CE,Combined TRACON& Tower with Radar,8,16,10,0,34,0,1,19,0,20,8,17,29,0,54,0,0,0,54
05/31/2020,SHV,LA,ASW,CE,Combined TRACON& Tower with Radar,9,10,8,0,27,0,0,24,0,24,9,10,32,0,51,10,0,10,61
06/01/2020,SHV,LA,ASW,CE,Combined TRACON& Tower with Radar,12,16,7,4,39,0,1,8,0,9,12,17,15,4,48,0,0,0,48
06/02/2020,SHV,LA,ASW,CE,Combined TRACON& Tower with Radar,14,15,11,3,43,0,2,10,0,12,14,17,21,3,55,26,0,26,81
06/03/2020,SHV,LA,ASW,CE,Combined TRACON& Tower with Radar,12,12,10,8,42,0,1,9,0,10,12,13,19,8,52,2,0,2,54
06/04/2020,SHV,LA,ASW,CE,Combined TRACON& Tower with Radar,12,12,15,6,45,0,0,2,0,2,12,12,17,6,47,0,0,0,47
06/05/2020,SHV,LA,ASW,CE,Combined TRACON& Tower with Radar,16,16,14,6,52,0,4,10,2,16,16,20,24,8,68,10,0,10,78
06/06/2020,SHV,LA,ASW,CE,Combined TRACON& Tower with Radar,6,15,6,0,27,0,0,20,0,20,6,15,26,0,47,12,0,12,59
06/07/2020,SHV,LA,ASW,CE,Combined TRACON& Tower with Radar,8,11,4,0,23,0,0,11,0,11,8,11,15,0,34,10,0,10,44
06/08/2020,SHV,LA,ASW,CE,Combined TRACON& Tower with Radar,12,13,7,0,32,0,0,1,1,2,12,13,8,1,34,0,0,0,34
06/09/2020,SHV,LA,ASW,CE,Combined TRACON& Tower with Radar,14,12,14,9,49,0,0,6,0,6,14,12,20,9,55,0,0,0,55
06/10/2020,SHV,LA,ASW,CE,Combined TRACON& Tower with Radar,14,19,16,4,53,0,0,25,0,25,14,19,41,4,78,0,0,0,78
06/11/2020,SHV,LA,ASW,CE,Combined TRACON& Tower with Radar,14,10,6,0,30,0,0,17,0,17,14,10,23,0,47,6,0,6,53
06/12/2020,SHV,LA,ASW,CE,Combined TRACON& Tower with Radar,16,12,14,1,43,0,2,7,1,10,16,14,21,2,53,2,0,2,55
06/13/2020,SHV,LA,ASW,CE,Combined TRACON& Tower with Radar,11,12,13,0,36,0,3,19,0,22,11,15,32,0,58,16,0,16,74
06/14/2020,SHV,LA,ASW,CE,Combined TRACON& Tower with Radar,7,9,17,0,33,0,0,7,4,11,7,9,24,4,44,2,0,2,46
06/15/2020,SHV,LA,ASW,CE,Combined TRACON& Tower with Radar,13,12,8,0,33,0,4,20,0,24,13,16,28,0,57,7,0,7,64
06/16/2020,SHV,LA,ASW,CE,Combined TRACON& Tower with Radar,15,21,17,0,53,0,1,27,2,30,15,22,44,2,83,0,0,0,83
06/17/2020,SHV,LA,ASW,CE,Combined TRACON& Tower with Radar,10,18,19,0,47,0,2,15,0,17,10,20,34,0,64,0,0,0,64
06/18/2020,SHV,LA,ASW,CE,Combined TRACON& Tower with Radar,16,14,14,4,48,0,1,14,4,19,16,15,28,8,67,0,4,4,71
06/19/2020,SHV,LA,ASW,CE,Combined TRACON& Tower with Radar,17,10,21,6,54,0,1,20,1,22,17,11,41,7,76,0,0,0,76
06/20/2020,SHV,LA,ASW,CE,Combined TRACON& Tower with Radar,9,12,10,0,31,0,1,8,0,9,9,13,18,0,40,6,0,6,46
06/21/2020,SHV,LA,ASW,CE,Combined TRACON& Tower with Radar,10,12,15,0,37,0,0,0,0,0,10,12,15,0,37,0,0,0,37
06/22/2020,SHV,LA,ASW,CE,Combined TRACON& Tower with Radar,11,12,7,6,36,0,0,18,1,19,11,12,25,7,55,10,2,12,67
06/23/2020,SHV,LA,ASW,CE,Combined TRACON& Tower with Radar,14,7,14,0,35,0,0,21,1,22,14,7,35,1,57,0,0,0,57
06/24/2020,SHV,LA,ASW,CE,Combined TRACON& Tower with Radar,15,11,17,0,43,0,0,5,1,6,15,11,22,1,49,0,0,0,49
06/25/2020,SHV,LA,ASW,CE,Combined TRACON& Tower with Radar,16,14,11,0,41,0,0,2,0,2,16,14,13,0,43,0,0,0,43
06/26/2020,SHV,LA,ASW,CE,Combined TRACON& Tower with Radar,16,16,15,0,47,0,0,22,0,22,16,16,37,0,69,4,0,4,73
06/27/2020,SHV,LA,ASW,CE,Combined TRACON& Tower with Radar,6,11,15,2,34,0,0,2,0,2,6,11,17,2,36,4,0,4,40
06/28/2020,SHV,LA,ASW,CE,Combined TRACON& Tower with Radar,10,8,3,1,22,0,1,5,0,6,10,9,8,1,28,10,0,10,38
06/29/2020,SHV,LA,ASW,CE,Combined TRACON& Tower with Radar,13,14,12,0,39,0,0,4,0,4,13,14,16,0,43,13,0,13,56
06/30/2020,SHV,LA,ASW,CE,Combined TRACON& Tower with Radar,13,8,20,4,45,0,4,9,0,13,13,12,29,4,58,13,0,13,71
07/01/2020,SHV,LA,ASW,CE,Combined TRACON& Tower with Radar,10,13,26,0,49,0,0,12,0,12,10,13,38,0,61,8,0,8,69
07/02/2020,SHV,LA,ASW,CE,Combined TRACON& Tower with Radar,14,13,7,0,34,0,0,14,0,14,14,13,21,0,48,12,0,12,60
07/03/2020,SHV,LA,ASW,CE,Combined TRACON& Tower with Radar,12,19,13,0,44,0,0,10,0,10,12,19,23,0,54,0,0,0,54
07/04/2020,SHV,LA,ASW,CE,Combined TRACON& Tower with Radar,6,12,0,0,18,0,0,16,2,18,6,12,16,2,36,4,0,4,40
07/05/2020,SHV,LA,ASW,CE,Combined TRACON& Tower with Radar,10,10,17,0,37,0,0,1,2,3,10,10,18,2,40,0,0,0,40
07/06/2020,SHV,LA,ASW,CE,Combined TRACON& Tower with Radar,14,14,12,2,42,0,0,5,0,5,14,14,17,2,47,4,0,4,51
07/07/2020,SHV,LA,ASW,CE,Combined TRACON& Tower with Radar,15,17,17,0,49,0,0,0,0,0,15,17,17,0,49,0,0,0,49
07/08/2020,SHV,LA,ASW,CE,Combined TRACON& Tower with Radar,16,23,19,0,58,0,0,10,0,10,16,23,29,0,68,0,0,0,68
07/09/2020,SHV,LA,ASW,CE,Combined TRACON& Tower with Radar,16,28,14,1,59,0,2,26,4,32,16,30,40,5,91,17,8,25,116
07/10/2020,SHV,LA,ASW,CE,Combined TRACON& Tower with Radar,19,18,8,2,47,0,0,26,0,26,19,18,34,2,73,6,0,6,79
07/11/2020,SHV,LA,ASW,CE,Combined TRACON& Tower with Radar,10,14,9,2,35,0,2,21,0,23,10,16,30,2,58,0,0,0,58
07/12/2020,SHV,LA,ASW,CE,Combined TRACON& Tower with Radar,11,20,13,0,44,0,0,10,0,10,11,20,23,0,54,27,0,27,81
07/13/2020,SHV,LA,ASW,CE,Combined TRACON& Tower with Radar,16,19,11,2,48,0,4,10,0,14,16,23,21,2,62,44,0,44,106
07/14/2020,SHV,LA,ASW,CE,Combined TRACON& Tower with Radar,14,22,17,13,66,0,0,23,1,24,14,22,40,14,90,4,4,8,98
07/15/2020,SHV,LA,ASW,CE,Combined TRACON& Tower with Radar,14,20,12,10,56,0,0,12,3,15,14,20,24,13,71,18,6,24,95
07/16/2020,SHV,LA,ASW,CE,Combined TRACON& Tower with Radar,16,26,14,0,56,0,0,26,14,40,16,26,40,14,96,42,0,42,138
07/17/2020,SHV,LA,ASW,CE,Combined TRACON& Tower with Radar,20,20,13,0,53,0,2,10,0,12,20,22,23,0,65,73,0,73,138
07/18/2020,SHV,LA,ASW,CE,Combined TRACON& Tower with Radar,11,13,5,0,29,0,2,23,1,26,11,15,28,1,55,0,0,0,55
07/19/2020,SHV,LA,ASW,CE,Combined TRACON& Tower with Radar,12,20,4,0,36,0,4,22,0,26,12,24,26,0,62,55,0,55,117
07/20/2020,SHV,LA,ASW,CE,Combined TRACON& Tower with Radar,13,21,13,0,47,0,7,18,0,25,13,28,31,0,72,0,0,0,72
07/21/2020,SHV,LA,ASW,CE,Combined TRACON& Tower with Radar,12,21,0,0,33,0,0,4,0,4,12,21,4,0,37,6,0,6,43
07/22/2020,SHV,LA,ASW,CE,Combined TRACON& Tower with Radar,15,27,21,0,63,0,0,3,0,3,15,27,24,0,66,10,0,10,76
07/23/2020,SHV,LA,ASW,CE,Combined TRACON& Tower with Radar,18,26,15,0,59,0,2,38,0,40,18,28,53,0,99,58,0,58,157
07/24/2020,SHV,LA,ASW,CE,Combined TRACON& Tower with Radar,21,29,16,0,66,0,0,10,0,10,21,29,26,0,76,0,0,0,76
07/25/2020,SHV,LA,ASW,CE,Combined TRACON& Tower with Radar,10,20,24,0,54,0,2,0,0,2,10,22,24,0,56,0,0,0,56
07/26/2020,SHV,LA,ASW,CE,Combined TRACON& Tower with Radar,9,19,2,0,30,0,1,2,0,3,9,20,4,0,33,0,0,0,33
07/27/2020,SHV,LA,ASW,CE,Combined TRACON& Tower with Radar,18,15,14,2,49,0,2,19,0,21,18,17,33,2,70,65,0,65,135
07/28/2020,SHV,LA,ASW,CE,Combined TRACON& Tower with Radar,22,16,22,1,61,0,4,21,1,26,22,20,43,2,87,27,0,27,114
07/29/2020,SHV,LA,ASW,CE,Combined TRACON& Tower with Radar,14,19,18,6,57,0,3,13,0,16,14,22,31,6,73,16,0,16,89
07/30/2020,SHV,LA,ASW,CE,Combined TRACON& Tower with Radar,18,27,14,4,63,0,0,19,0,19,18,27,33,4,82,0,0,0,82
07/31/2020,SHV,LA,ASW,CE,Combined TRACON& Tower with Radar,17,21,22,0,60,0,0,9,0,9,17,21,31,0,69,0,0,0,69
08/01/2020,SHV,LA,ASW,CE,Combined TRACON& Tower with Radar,12,21,17,0,50,0,1,21,0,22,12,22,38,0,72,0,0,0,72
08/02/2020,SHV,LA,ASW,CE,Combined TRACON& Tower with Radar,9,23,3,0,35,0,8,32,0,40,9,31,35,0,75,0,0,0,75
08/03/2020,SHV,LA,ASW,CE,Combined TRACON& Tower with Radar,13,26,11,6,56,0,0,25,3,28,13,26,36,9,84,25,0,25,109
08/04/2020,SHV,LA,ASW,CE,Combined TRACON& Tower with Radar,15,20,14,0,49,0,3,22,0,25,15,23,36,0,74,49,0,49,123
08/05/2020,SHV,LA,ASW,CE,Combined TRACON& Tower with Radar,18,21,20,0,59,0,2,26,0,28,18,23,46,0,87,0,0,0,87
08/06/2020,SHV,LA,ASW,CE,Combined TRACON& Tower with Radar,18,22,14,10,64,0,0,37,0,37,18,22,51,10,101,37,0,37,138
08/07/2020,SHV,LA,ASW,CE,Combined TRACON& Tower with Radar,20,22,19,0,61,0,4,15,11,30,20,26,34,11,91,18,30,48,139
08/08/2020,SHV,LA,ASW,CE,Combined TRACON& Tower with Radar,14,18,7,7,46,0,0,23,0,23,14,18,30,7,69,0,0,0,69
08/09/2020,SHV,LA,ASW,CE,Combined TRACON& Tower with Radar,15,20,9,0,44,0,0,19,0,19,15,20,28,0,63,77,0,77,140
08/10/2020,SHV,LA,ASW,CE,Combined TRACON& Tower with Radar,17,22,7,32,78,0,2,11,1,14,17,24,18,33,92,0,0,0,92
08/11/2020,SHV,LA,ASW,CE,Combined TRACON& Tower with Radar,17,19,17,8,61,0,0,15,0,15,17,19,32,8,76,0,0,0,76
08/12/2020,SHV,LA,ASW,CE,Combined TRACON& Tower with Radar,19,26,7,0,52,0,0,11,0,11,19,26,18,0,63,10,0,10,73
08/13/2020,SHV,LA,ASW,CE,Combined TRACON& Tower with Radar,25,25,29,13,92,0,0,25,2,27,25,25,54,15,119,10,0,10,129
08/14/2020,SHV,LA,ASW,CE,Combined TRACON& Tower with Radar,21,24,14,0,59,0,0,11,1,12,21,24,25,1,71,4,0,4,75
08/15/2020,SHV,LA,ASW,CE,Combined TRACON& Tower with Radar,14,22,12,0,48,0,0,18,0,18,14,22,30,0,66,14,0,14,80
08/16/2020,SHV,LA,ASW,CE,Combined TRACON& Tower with Radar,20,18,22,0,60,0,0,11,0,11,20,18,33,0,71,4,0,4,75
08/17/2020,SHV,LA,ASW,CE,Combined TRACON& Tower with Radar,19,24,12,1,56,0,0,14,0,14,19,24,26,1,70,46,0,46,116
08/18/2020,SHV,LA,ASW,CE,Combined TRACON& Tower with Radar,18,25,14,2,59,0,0,23,0,23,18,25,37,2,82,51,0,51,133
08/19/2020,SHV,LA,ASW,CE,Combined TRACON& Tower with Radar,16,14,23,0,53,0,2,20,1,23,16,16,43,1,76,0,0,0,76
08/20/2020,SHV,LA,ASW,CE,Combined TRACON& Tower with Radar,18,20,16,0,54,0,2,14,0,16,18,22,30,0,70,0,0,0,70
08/21/2020,SHV,LA,ASW,CE,Combined TRACON& Tower with Radar,19,19,7,0,45,0,2,11,0,13,19,21,18,0,58,18,0,18,76
08/22/2020,SHV,LA,ASW,CE,Combined TRACON& Tower with Radar,13,24,5,2,44,0,7,6,0,13,13,31,11,2,57,0,0,0,57
08/23/2020,SHV,LA,ASW,CE,Combined TRACON& Tower with Radar,13,18,20,0,51,0,4,11,0,15,13,22,31,0,66,0,0,0,66
08/24/2020,SHV,LA,ASW,CE,Combined TRACON& Tower with Radar,14,19,5,2,40,0,2,12,0,14,14,21,17,2,54,0,0,0,54
08/25/2020,SHV,LA,ASW,CE,Combined TRACON& Tower with Radar,18,21,8,10,57,0,0,8,0,8,18,21,16,10,65,6,0,6,71
08/26/2020,SHV,LA,ASW,CE,Combined TRACON& Tower with Radar,16,20,9,4,49,0,2,5,0,7,16,22,14,4,56,0,0,0,56
08/27/2020,SHV,LA,ASW,CE,Combined TRACON& Tower with Radar,7,8,0,0,15,0,0,0,0,0,7,8,0,0,15,0,0,0,15
08/28/2020,SHV,LA,ASW,CE,Combined TRACON& Tower with Radar,22,19,13,0,54,0,2,2,0,4,22,21,15,0,58,0,0,0,58
08/29/2020,SHV,LA,ASW,CE,Combined TRACON& Tower with Radar,12,22,16,4,54,0,0,5,3,8,12,22,21,7,62,0,0,0,62
08/30/2020,SHV,LA,ASW,CE,Combined TRACON& Tower with Radar,13,19,9,0,41,0,4,9,1,14,13,23,18,1,55,0,0,0,55
08/31/2020,SHV,LA,ASW,CE,Combined TRACON& Tower with Radar,15,21,11,0,47,0,0,4,2,6,15,21,15,2,53,2,0,2,55
09/01/2020,SHV,LA,ASW,CE,Combined TRACON& Tower with Radar,17,17,21,2,57,0,0,10,4,14,17,17,31,6,71,0,0,0,71
09/02/2020,SHV,LA,ASW,CE,Combined TRACON& Tower with Radar,16,19,20,0,55,0,0,8,0,8,16,19,28,0,63,12,0,12,75
09/03/2020,SHV,LA,ASW,CE,Combined TRACON& Tower with Radar,24,22,18,0,64,0,0,10,0,10,24,22,28,0,74,2,0,2,76
09/04/2020,SHV,LA,ASW,CE,Combined TRACON& Tower with Radar,21,25,11,0,57,0,0,8,2,10,21,25,19,2,67,8,0,8,75
09/05/2020,SHV,LA,ASW,CE,Combined TRACON& Tower with Radar,17,24,11,0,52,0,3,5,0,8,17,27,16,0,60,0,0,0,60
09/06/2020,SHV,LA,ASW,CE,Combined TRACON& Tower with Radar,13,10,6,0,29,0,5,8,0,13,13,15,14,0,42,0,0,0,42
09/07/2020,SHV,LA,ASW,CE,Combined TRACON& Tower with Radar,17,14,13,0,44,0,1,13,0,14,17,15,26,0,58,0,0,0,58
09/08/2020,SHV,LA,ASW,CE,Combined TRACON& Tower with Radar,23,14,15,33,85,0,0,28,27,55,23,14,43,60,140,103,0,103,243
09/09/2020,SHV,LA,ASW,CE,Combined TRACON& Tower with Radar,14,22,23,5,64,0,2,13,3,18,14,24,36,8,82,10,4,14,96
09/10/2020,SHV,LA,ASW,CE,Combined TRACON& Tower with Radar,19,27,15,0,61,0,3,15,2,20,19,30,30,2,81,8,0,8,89
09/11/2020,SHV,LA,ASW,CE,Combined TRACON& Tower with Radar,18,25,27,25,95,0,2,10,2,14,18,27,37,27,109,0,0,0,109
09/12/2020,SHV,LA,ASW,CE,Combined TRACON& Tower with Radar,11,23,31,1,66,0,2,15,12,29,11,25,46,13,95,18,0,18,113
09/13/2020,SHV,LA,ASW,CE,Combined TRACON& Tower with Radar,9,25,15,39,88,0,0,8,1,9,9,25,23,40,97,10,0,10,107
09/14/2020,SHV,LA,ASW,CE,Combined TRACON& Tower with Radar,14,31,22,0,67,0,0,11,0,11,14,31,33,0,78,2,0,2,80
09/15/2020,SHV,LA,ASW,CE,Combined TRACON& Tower with Radar,16,29,13,10,68,0,3,20,0,23,16,32,33,10,91,19,0,19,110
09/16/2020,SHV,LA,ASW,CE,Combined TRACON& Tower with Radar,12,26,33,3,74,0,0,6,2,8,12,26,39,5,82,44,4,48,130
09/17/2020,SHV,LA,ASW,CE,Combined TRACON& Tower with Radar,20,28,22,0,70,0,0,13,0,13,20,28,35,0,83,16,0,16,99
09/18/2020,SHV,LA,ASW,CE,Combined TRACON& Tower with Radar,14,28,28,35,105,0,0,12,0,12,14,28,40,35,117,0,0,0,117
09/19/2020,SHV,LA,ASW,CE,Combined TRACON& Tower with Radar,10,19,5,7,41,0,2,14,2,18,10,21,19,9,59,0,0,0,59
09/20/2020,SHV,LA,ASW,CE,Combined TRACON& Tower with Radar,11,22,13,22,68,0,1,11,1,13,11,23,24,23,81,0,0,0,81
09/21/2020,SHV,LA,ASW,CE,Combined TRACON& Tower with Radar,11,27,11,0,49,0,1,0,0,1,11,28,11,0,50,0,0,0,50
09/22/2020,SHV,LA,ASW,CE,Combined TRACON& Tower with Radar,15,22,9,0,46,0,0,0,0,0,15,22,9,0,46,0,0,0,46
09/23/2020,SHV,LA,ASW,CE,Combined TRACON& Tower with Radar,17,25,11,0,53,0,0,0,0,0,17,25,11,0,53,0,0,0,53
09/24/2020,SHV,LA,ASW,CE,Combined TRACON& Tower with Radar,16,33,28,0,77,0,0,0,0,0,16,33,28,0,77,14,0,14,91
09/25/2020,SHV,LA,ASW,CE,Combined TRACON& Tower with Radar,22,24,21,7,74,0,3,8,0,11,22,27,29,7,85,24,0,24,109
09/26/2020,SHV,LA,ASW,CE,Combined TRACON& Tower with Radar,12,22,13,2,49,0,1,5,0,6,12,23,18,2,55,17,16,33,88
09/27/2020,SHV,LA,ASW,CE,Combined TRACON& Tower with Radar,10,20,10,6,46,0,0,23,0,23,10,20,33,6,69,8,0,8,77
09/28/2020,SHV,LA,ASW,CE,Combined TRACON& Tower with Radar,15,25,15,8,63,0,2,7,2,11,15,27,22,10,74,0,0,0,74
09/29/2020,SHV,LA,ASW,CE,Combined TRACON& Tower with Radar,14,33,15,6,68,0,0,20,0,20,14,33,35,6,88,20,0,20,108
09/30/2020,SHV,LA,ASW,CE,Combined TRACON& Tower with Radar,15,30,22,0,67,0,0,37,0,37,15,30,59,0,104,0,0,0,104
10/01/2020,SHV,LA,ASW,CE,Combined TRACON& Tower with Radar,22,30,16,0,68,0,0,28,0,28,22,30,44,0,96,30,0,30,126
10/02/2020,SHV,LA,ASW,CE,Combined TRACON& Tower with Radar,18,25,13,3,59,0,0,24,0,24,18,25,37,3,83,36,0,36,119
10/03/2020,SHV,LA,ASW,CE,Combined TRACON& Tower with Radar,18,23,8,0,49,0,0,16,0,16,18,23,24,0,65,0,0,0,65
10/04/2020,SHV,LA,ASW,CE,Combined TRACON& Tower with Radar,9,27,14,0,50,0,1,18,0,19,9,28,32,0,69,14,0,14,83
10/05/2020,SHV,LA,ASW,CE,Combined TRACON& Tower with Radar,11,27,8,2,48,0,2,18,5,25,11,29,26,7,73,12,4,16,89
10/06/2020,SHV,LA,ASW,CE,Combined TRACON& Tower with Radar,16,22,26,4,68,0,2,20,8,30,16,24,46,12,98,0,0,0,98
10/07/2020,SHV,LA,ASW,CE,Combined TRACON& Tower with Radar,21,21,20,5,67,0,2,18,10,30,21,23,38,15,97,0,0,0,97
10/08/2020,SHV,LA,ASW,CE,Combined TRACON& Tower with Radar,26,24,13,9,72,0,0,9,1,10,26,24,22,10,82,6,0,6,88
10/09/2020,SHV,LA,ASW,CE,Combined TRACON& Tower with Radar,20,27,13,0,60,0,0,0,0,0,20,27,13,0,60,0,0,0,60
10/10/2020,SHV,LA,ASW,CE,Combined TRACON& Tower with Radar,16,16,9,9,50,0,2,8,1,11,16,18,17,10,61,0,8,8,69
10/11/2020,SHV,LA,ASW,CE,Combined TRACON& Tower with Radar,14,23,6,10,53,0,2,14,0,16,14,25,20,10,69,0,0,0,69
10/12/2020,SHV,LA,ASW,CE,Combined TRACON& Tower with Radar,15,21,10,0,46,0,2,12,1,15,15,23,22,1,61,8,0,8,69
10/13/2020,SHV,LA,ASW,CE,Combined TRACON& Tower with Radar,22,26,21,0,69,0,0,22,1,23,22,26,43,1,92,0,0,0,92
10/14/2020,SHV,LA,ASW,CE,Combined TRACON& Tower with Radar,25,14,20,0,59,0,1,30,6,37,25,15,50,6,96,0,0,0,96
10/15/2020,SHV,LA,ASW,CE,Combined TRACON& Tower with Radar,29,30,34,0,93,0,0,4,1,5,29,30,38,1,98,20,0,20,118
10/16/2020,SHV,LA,ASW,CE,Combined TRACON& Tower with Radar,29,27,35,5,96,0,2,11,1,14,29,29,46,6,110,0,0,0,110
10/17/2020,SHV,LA,ASW,CE,Combined TRACON& Tower with Radar,16,19,16,0,51,0,0,5,1,6,16,19,21,1,57,0,0,0,57
10/18/2020,SHV,LA,ASW,CE,Combined TRACON& Tower with Radar,14,22,12,7,55,0,1,13,5,19,14,23,25,12,74,0,0,0,74
10/19/2020,SHV,LA,ASW,CE,Combined TRACON& Tower with Radar,19,19,17,0,55,0,0,19,0,19,19,19,36,0,74,0,0,0,74
10/20/2020,SHV,LA,ASW,CE,Combined TRACON& Tower with Radar,24,20,8,4,56,0,3,11,0,14,24,23,19,4,70,16,0,16,86
10/21/2020,SHV,LA,ASW,CE,Combined TRACON& Tower with Radar,24,27,23,0,74,0,2,32,0,34,24,29,55,0,108,35,0,35,143
10/22/2020,SHV,LA,ASW,CE,Combined TRACON& Tower with Radar,25,19,18,2,64,0,0,20,0,20,25,19,38,2,84,18,0,18,102
10/23/2020,SHV,LA,ASW,CE,Combined TRACON& Tower with Radar,31,29,19,0,79,0,0,0,0,0,31,29,19,0,79,0,0,0,79
10/24/2020,SHV,LA,ASW,CE,Combined TRACON& Tower with Radar,16,11,13,0,40,0,0,1,0,1,16,11,14,0,41,0,0,0,41
10/25/2020,SHV,LA,ASW,CE,Combined TRACON& Tower with Radar,13,19,17,9,58,0,0,0,0,0,13,19,17,9,58,0,0,0,58
10/26/2020,SHV,LA,ASW,CE,Combined TRACON& Tower with Radar,17,26,15,0,58,0,0,2,0,2,17,26,17,0,60,14,0,14,74
10/27/2020,SHV,LA,ASW,CE,Combined TRACON& Tower with Radar,23,35,23,0,81,0,0,1,0,1,23,35,24,0,82,0,0,0,82
10/28/2020,SHV,LA,ASW,CE,Combined TRACON& Tower with Radar,17,18,9,0,44,0,0,0,0,0,17,18,9,0,44,0,0,0,44
10/29/2020,SHV,LA,ASW,CE,Combined TRACON& Tower with Radar,21,35,24,0,80,0,4,9,4,17,21,39,33,4,97,0,0,0,97
10/30/2020,SHV,LA,ASW,CE,Combined TRACON& Tower with Radar,25,24,27,11,87,0,1,23,1,25,25,25,50,12,112,8,0,8,120
10/31/2020,SHV,LA,ASW,CE,Combined TRACON& Tower with Radar,14,16,9,0,39,0,3,23,0,26,14,19,32,0,65,20,0,20,85
11/01/2020,SHV,LA,ASW,CE,Combined TRACON& Tower with Radar,13,20,10,0,43,0,0,12,0,12,13,20,22,0,55,0,0,0,55
11/02/2020,SHV,LA,ASW,CE,Combined TRACON& Tower with Radar,13,23,11,2,49,0,3,33,1,37,13,26,44,3,86,12,0,12,98
11/03/2020,SHV,LA,ASW,CE,Combined TRACON& Tower with Radar,25,11,12,0,48,0,1,19,0,20,25,12,31,0,68,0,0,0,68
11/04/2020,SHV,LA,ASW,CE,Combined TRACON& Tower with Radar,24,20,21,2,67,0,3,17,2,22,24,23,38,4,89,16,0,16,105
11/05/2020,SHV,LA,ASW,CE,Combined TRACON& Tower with Radar,28,28,27,0,83,0,2,18,1,21,28,30,45,1,104,24,0,24,128
11/06/2020,SHV,LA,ASW,CE,Combined TRACON& Tower with Radar,22,24,14,0,60,0,2,24,0,26,22,26,38,0,86,2,0,2,88
11/07/2020,SHV,LA,ASW,CE,Combined TRACON& Tower with Radar,16,18,6,11,51,0,2,15,5,22,16,20,21,16,73,20,0,20,93
11/08/2020,SHV,LA,ASW,CE,Combined TRACON& Tower with Radar,17,17,16,0,50,0,0,2,0,2,17,17,18,0,52,0,0,0,52
11/09/2020,SHV,LA,ASW,CE,Combined TRACON& Tower with Radar,15,19,13,0,47,0,2,6,0,8,15,21,19,0,55,0,0,0,55
11/10/2020,SHV,LA,ASW,CE,Combined TRACON& Tower with Radar,20,19,12,0,51,0,1,4,0,5,20,20,16,0,56,16,0,16,72
11/11/2020,SHV,LA,ASW,CE,Combined TRACON& Tower with Radar,18,21,22,0,61,0,0,17,0,17,18,21,39,0,78,4,0,4,82
11/12/2020,SHV,LA,ASW,CE,Combined TRACON& Tower with Radar,22,27,26,0,75,0,1,21,0,22,22,28,47,0,97,2,0,2,99
11/13/2020,SHV,LA,ASW,CE,Combined TRACON& Tower with Radar,22,25,30,0,77,0,0,17,0,17,22,25,47,0,94,0,0,0,94
11/14/2020,SHV,LA,ASW,CE,Combined TRACON& Tower with Radar,18,25,8,8,59,0,1,10,0,11,18,26,18,8,70,18,0,18,88
11/15/2020,SHV,LA,ASW,CE,Combined TRACON& Tower with Radar,15,18,15,2,50,0,3,9,0,12,15,21,24,2,62,0,0,0,62
11/16/2020,SHV,LA,ASW,CE,Combined TRACON& Tower with Radar,16,17,16,0,49,0,2,20,0,22,16,19,36,0,71,6,0,6,77
11/17/2020,SHV,LA,ASW,CE,Combined TRACON& Tower with Radar,21,19,19,7,66,0,2,16,0,18,21,21,35,7,84,4,0,4,88
11/18/2020,SHV,LA,ASW,CE,Combined TRACON& Tower with Radar,22,21,24,0,67,0,2,16,2,20,22,23,40,2,87,34,0,34,121
11/19/2020,SHV,LA,ASW,CE,Combined TRACON& Tower with Radar,30,32,17,2,81,0,1,12,0,13,30,33,29,2,94,18,0,18,112
11/20/2020,SHV,LA,ASW,CE,Combined TRACON& Tower with Radar,28,27,18,4,77,0,5,7,2,14,28,32,25,6,91,0,0,0,91
11/21/2020,SHV,LA,ASW,CE,Combined TRACON& Tower with Radar,16,17,16,17,66,0,0,10,0,10,16,17,26,17,76,0,0,0,76
11/22/2020,SHV,LA,ASW,CE,Combined TRACON& Tower with Radar,15,20,15,0,50,0,1,3,0,4,15,21,18,0,54,0,0,0,54
11/23/2020,SHV,LA,ASW,CE,Combined TRACON& Tower with Radar,20,29,20,6,75,0,3,18,0,21,20,32,38,6,96,5,0,5,101
11/24/2020,SHV,LA,ASW,CE,Combined TRACON& Tower with Radar,27,39,15,3,84,0,3,7,0,10,27,42,22,3,94,0,0,0,94
11/25/2020,SHV,LA,ASW,CE,Combined TRACON& Tower with Radar,30,26,18,0,74,0,0,27,2,29,30,26,45,2,103,0,0,0,103
11/26/2020,SHV,LA,ASW,CE,Combined TRACON& Tower with Radar,6,8,4,0,18,0,0,6,0,6,6,8,10,0,24,0,0,0,24
11/27/2020,SHV,LA,ASW,CE,Combined TRACON& Tower with Radar,21,19,14,2,56,0,0,2,0,2,21,19,16,2,58,0,0,0,58
11/28/2020,SHV,LA,ASW,CE,Combined TRACON& Tower with Radar,16,19,16,0,51,0,0,11,0,11,16,19,27,0,62,0,0,0,62
11/29/2020,SHV,LA,ASW,CE,Combined TRACON& Tower with Radar,17,20,7,2,46,0,0,0,0,0,17,20,7,2,46,0,0,0,46
11/30/2020,SHV,LA,ASW,CE,Combined TRACON& Tower with Radar,18,21,14,3,56,0,0,16,0,16,18,21,30,3,72,0,0,0,72
12/01/2020,SHV,LA,ASW,CE,Combined TRACON& Tower with Radar,24,30,12,0,66,0,0,18,2,20,24,30,30,2,86,0,0,0,86
12/02/2020,SHV,LA,ASW,CE,Combined TRACON& Tower with Radar,20,14,13,0,47,0,0,4,0,4,20,14,17,0,51,0,0,0,51
12/03/2020,SHV,LA,ASW,CE,Combined TRACON& Tower with Radar,26,28,13,2,69,0,4,4,0,8,26,32,17,2,77,0,0,0,77
12/04/2020,SHV,LA,ASW,CE,Combined TRACON& Tower with Radar,24,22,17,20,83,0,0,14,1,15,24,22,31,21,98,2,24,26,124
12/05/2020,SHV,LA,ASW,CE,Combined TRACON& Tower with Radar,16,18,28,1,63,0,2,18,4,24,16,20,46,5,87,0,0,0,87
12/06/2020,SHV,LA,ASW,CE,Combined TRACON& Tower with Radar,15,16,12,3,46,0,0,17,0,17,15,16,29,3,63,0,0,0,63
12/07/2020,SHV,LA,ASW,CE,Combined TRACON& Tower with Radar,20,22,15,0,57,0,2,12,0,14,20,24,27,0,71,0,0,0,71
12/08/2020,SHV,LA,ASW,CE,Combined TRACON& Tower with Radar,20,19,13,5,57,0,1,25,7,33,20,20,38,12,90,8,0,8,98
12/09/2020,SHV,LA,ASW,CE,Combined TRACON& Tower with Radar,20,27,20,3,70,0,2,29,1,32,20,29,49,4,102,18,0,18,120
12/10/2020,SHV,LA,ASW,CE,Combined TRACON& Tower with Radar,35,25,27,2,89,0,3,15,6,24,35,28,42,8,113,12,0,12,125
12/11/2020,SHV,LA,ASW,CE,Combined TRACON& Tower with Radar,25,28,9,0,62,0,0,0,0,0,25,28,9,0,62,0,0,0,62
12/12/2020,SHV,LA,ASW,CE,Combined TRACON& Tower with Radar,17,34,10,0,61,0,2,21,0,23,17,36,31,0,84,4,0,4,88
12/13/2020,SHV,LA,ASW,CE,Combined TRACON& Tower with Radar,16,19,4,0,39,0,0,2,0,2,16,19,6,0,41,0,0,0,41
12/14/2020,SHV,LA,ASW,CE,Combined TRACON& Tower with Radar,21,19,8,7,55,0,0,12,0,12,21,19,20,7,67,0,0,0,67
12/15/2020,SHV,LA,ASW,CE,Combined TRACON& Tower with Radar,20,14,9,0,43,0,1,0,0,1,20,15,9,0,44,0,0,0,44
12/16/2020,SHV,LA,ASW,CE,Combined TRACON& Tower with Radar,22,14,14,19,69,0,2,3,0,5,22,16,17,19,74,0,0,0,74
12/17/2020,SHV,LA,ASW,CE,Combined TRACON& Tower with Radar,28,33,16,7,84,0,2,28,1,31,28,35,44,8,115,2,2,4,119
12/18/2020,SHV,LA,ASW,CE,Combined TRACON& Tower with Radar,25,34,21,5,85,0,3,23,0,26,25,37,44,5,111,4,0,4,115
12/19/2020,SHV,LA,ASW,CE,Combined TRACON& Tower with Radar,13,22,1,0,36,0,0,0,0,0,13,22,1,0,36,0,0,0,36
12/20/2020,SHV,LA,ASW,CE,Combined TRACON& Tower with Radar,18,18,18,0,54,0,0,2,0,2,18,18,20,0,56,0,0,0,56
12/21/2020,SHV,LA,ASW,CE,Combined TRACON& Tower with Radar,22,27,14,0,63,0,3,17,0,20,22,30,31,0,83,0,0,0,83
12/22/2020,SHV,LA,ASW,CE,Combined TRACON& Tower with Radar,22,30,19,0,71,0,1,22,0,23,22,31,41,0,94,36,0,36,130
12/23/2020,SHV,LA,ASW,CE,Combined TRACON& Tower with Radar,22,25,9,0,56,0,4,2,0,6,22,29,11,0,62,0,0,0,62
12/24/2020,SHV,LA,ASW,CE,Combined TRACON& Tower with Radar,21,12,6,0,39,0,0,1,0,1,21,12,7,0,40,0,0,0,40
12/25/2020,SHV,LA,ASW,CE,Combined TRACON& Tower with Radar,8,14,1,0,23,0,0,0,0,0,8,14,1,0,23,0,0,0,23
12/26/2020,SHV,LA,ASW,CE,Combined TRACON& Tower with Radar,8,20,21,0,49,0,0,9,0,9,8,20,30,0,58,0,0,0,58
12/27/2020,SHV,LA,ASW,CE,Combined TRACON& Tower with Radar,15,17,6,0,38,0,2,2,0,4,15,19,8,0,42,0,0,0,42
12/28/2020,SHV,LA,ASW,CE,Combined TRACON& Tower with Radar,15,24,22,2,63,0,0,1,1,2,15,24,23,3,65,0,0,0,65
12/29/2020,SHV,LA,ASW,CE,Combined TRACON& Tower with Radar,22,16,19,1,58,0,0,17,0,17,22,16,36,1,75,0,0,0,75
12/30/2020,SHV,LA,ASW,CE,Combined TRACON& Tower with Radar,20,14,15,0,49,0,0,0,0,0,20,14,15,0,49,0,0,0,49
12/31/2020,SHV,LA,ASW,CE,Combined TRACON& Tower with Radar,20,11,0,0,31,0,0,0,0,0,20,11,0,0,31,0,0,0,31
01/01/2021,SHV,LA,ASW,CE,Combined TRACON& Tower with Radar,8,17,6,0,31,0,1,4,0,5,8,18,10,0,36,0,0,0,36
01/02/2021,SHV,LA,ASW,CE,Combined TRACON& Tower with Radar,8,22,15,0,45,0,0,1,0,1,8,22,16,0,46,0,0,0,46
01/03/2021,SHV,LA,ASW,CE,Combined TRACON& Tower with Radar,15,26,14,0,55,0,0,12,0,12,15,26,26,0,67,0,0,0,67
01/04/2021,SHV,LA,ASW,CE,Combined TRACON& Tower with Radar,17,15,18,0,50,0,1,19,1,21,17,16,37,1,71,14,0,14,85
01/05/2021,SHV,LA,ASW,CE,Combined TRACON& Tower with Radar,25,10,17,6,58,0,2,35,6,43,25,12,52,12,101,26,0,26,127
01/06/2021,SHV,LA,ASW,CE,Combined TRACON& Tower with Radar,28,9,22,0,59,0,0,2,0,2,28,9,24,0,61,0,0,0,61
01/07/2021,SHV,LA,ASW,CE,Combined TRACON& Tower with Radar,27,15,10,6,58,0,0,1,0,1,27,15,11,6,59,0,0,0,59
01/08/2021,SHV,LA,ASW,CE,Combined TRACON& Tower with Radar,31,18,15,19,83,0,2,5,2,9,31,20,20,21,92,0,0,0,92
01/09/2021,SHV,LA,ASW,CE,Combined TRACON& Tower with Radar,20,9,3,7,39,0,0,12,11,23,20,9,15,18,62,4,15,19,81
01/10/2021,SHV,LA,ASW,CE,Combined TRACON& Tower with Radar,15,10,11,5,41,0,0,2,0,2,15,10,13,5,43,0,0,0,43
01/11/2021,SHV,LA,ASW,CE,Combined TRACON& Tower with Radar,23,15,9,0,47,0,0,1,0,1,23,15,10,0,48,0,0,0,48
01/12/2021,SHV,LA,ASW,CE,Combined TRACON& Tower with Radar,25,13,11,6,55,0,0,16,1,17,25,13,27,7,72,6,0,6,78
01/13/2021,SHV,LA,ASW,CE,Combined TRACON& Tower with Radar,25,17,19,12,73,0,0,16,1,17,25,17,35,13,90,14,4,18,108
01/14/2021,SHV,LA,ASW,CE,Combined TRACON& Tower with Radar,25,18,13,21,77,0,1,13,6,20,25,19,26,27,97,6,0,6,103
01/15/2021,SHV,LA,ASW,CE,Combined TRACON& Tower with Radar,31,20,11,11,73,0,0,7,0,7,31,20,18,11,80,4,0,4,84
01/16/2021,SHV,LA,ASW,CE,Combined TRACON& Tower with Radar,20,12,9,0,41,0,0,15,0,15,20,12,24,0,56,32,0,32,88
01/17/2021,SHV,LA,ASW,CE,Combined TRACON& Tower with Radar,20,8,10,0,38,0,0,14,0,14,20,8,24,0,52,4,0,4,56
01/18/2021,SHV,LA,ASW,CE,Combined TRACON& Tower with Radar,25,12,17,0,54,0,3,14,2,19,25,15,31,2,73,0,0,0,73
01/19/2021,SHV,LA,ASW,CE,Combined TRACON& Tower with Radar,25,12,12,0,49,0,0,2,0,2,25,12,14,0,51,0,0,0,51
01/20/2021,SHV,LA,ASW,CE,Combined TRACON& Tower with Radar,38,9,21,3,71,0,0,9,0,9,38,9,30,3,80,16,0,16,96
01/21/2021,SHV,LA,ASW,CE,Combined TRACON& Tower with Radar,28,18,16,0,62,0,0,0,0,0,28,18,16,0,62,0,0,0,62
01/22/2021,SHV,LA,ASW,CE,Combined TRACON& Tower with Radar,29,11,16,0,56,0,0,0,0,0,29,11,16,0,56,0,0,0,56
01/23/2021,SHV,LA,ASW,CE,Combined TRACON& Tower with Radar,19,30,23,14,86,0,0,0,0,0,19,30,23,14,86,0,0,0,86
01/24/2021,SHV,LA,ASW,CE,Combined TRACON& Tower with Radar,16,9,6,0,31,0,0,0,0,0,16,9,6,0,31,0,0,0,31
01/25/2021,SHV,LA,ASW,CE,Combined TRACON& Tower with Radar,22,15,11,0,48,0,0,10,0,10,22,15,21,0,58,0,0,0,58
01/26/2021,SHV,LA,ASW,CE,Combined TRACON& Tower with Radar,27,29,18,6,80,0,2,21,0,23,27,31,39,6,103,0,0,0,103
01/27/2021,SHV,LA,ASW,CE,Combined TRACON& Tower with Radar,26,24,21,0,71,0,6,28,0,34,26,30,49,0,105,24,0,24,129
01/28/2021,SHV,LA,ASW,CE,Combined TRACON& Tower with Radar,25,19,16,2,62,0,1,18,0,19,25,20,34,2,81,0,0,0,81
01/29/2021,SHV,LA,ASW,CE,Combined TRACON& Tower with Radar,29,20,13,0,62,2,5,19,0,26,31,25,32,0,88,12,0,12,100
01/30/2021,SHV,LA,ASW,CE,Combined TRACON& Tower with Radar,17,13,2,2,34,0,0,0,0,0,17,13,2,2,34,0,0,0,34
01/31/2021,SHV,LA,ASW,CE,Combined TRACON& Tower with Radar,20,16,19,0,55,0,2,1,0,3,20,18,20,0,58,0,0,0,58
02/01/2021,SHV,LA,ASW,CE,Combined TRACON& Tower with Radar,19,18,16,0,53,0,2,9,0,11,19,20,25,0,64,6,0,6,70
02/02/2021,SHV,LA,ASW,CE,Combined TRACON& Tower with Radar,24,14,14,6,58,0,3,17,0,20,24,17,31,6,78,29,0,29,107
02/03/2021,SHV,LA,ASW,CE,Combined TRACON& Tower with Radar,30,22,12,6,70,0,2,8,4,14,30,24,20,10,84,3,0,3,87
02/04/2021,SHV,LA,ASW,CE,Combined TRACON& Tower with Radar,25,27,11,2,65,0,1,3,2,6,25,28,14,4,71,0,0,0,71
02/05/2021,SHV,LA,ASW,CE,Combined TRACON& Tower with Radar,28,24,10,11,73,0,1,14,4,19,28,25,24,15,92,6,3,9,101
02/06/2021,SHV,LA,ASW,CE,Combined TRACON& Tower with Radar,21,18,9,4,52,0,0,2,0,2,21,18,11,4,54,6,4,10,64
02/07/2021,SHV,LA,ASW,CE,Combined TRACON& Tower with Radar,20,15,10,8,53,0,0,1,0,1,20,15,11,8,54,4,0,4,58
02/08/2021,SHV,LA,ASW,CE,Combined TRACON& Tower with Radar,23,23,31,0,77,0,1,3,5,9,23,24,34,5,86,0,0,0,86
02/09/2021,SHV,LA,ASW,CE,Combined TRACON& Tower with Radar,24,23,17,8,72,0,0,0,0,0,24,23,17,8,72,0,0,0,72
02/10/2021,SHV,LA,ASW,CE,Combined TRACON& Tower with Radar,26,15,29,0,70,0,0,0,0,0,26,15,29,0,70,0,0,0,70
02/11/2021,SHV,LA,ASW,CE,Combined TRACON& Tower with Radar,24,27,12,1,64,0,0,0,0,0,24,27,12,1,64,0,0,0,64
02/12/2021,SHV,LA,ASW,CE,Combined TRACON& Tower with Radar,32,21,9,1,63,0,0,0,2,2,32,21,9,3,65,10,0,10,75
02/13/2021,SHV,LA,ASW,CE,Combined TRACON& Tower with Radar,22,18,9,0,49,0,1,2,0,3,22,19,11,0,52,10,0,10,62
02/14/2021,SHV,LA,ASW,CE,Combined TRACON& Tower with Radar,7,6,5,0,18,0,0,0,0,0,7,6,5,0,18,0,0,0,18
02/15/2021,SHV,LA,ASW,CE,Combined TRACON& Tower with Radar,0,0,0,0,0,0,0,0,0,0,0,0,0,0,0,0,0,0,0
02/16/2021,SHV,LA,ASW,CE,Combined TRACON& Tower with Radar,0,3,4,0,7,0,4,2,0,6,0,7,6,0,13,0,0,0,13
02/17/2021,SHV,LA,ASW,CE,Combined TRACON& Tower with Radar,0,0,0,0,0,0,0,0,0,0,0,0,0,0,0,0,0,0,0
02/18/2021,SHV,LA,ASW,CE,Combined TRACON& Tower with Radar,0,0,1,0,1,0,0,5,0,5,0,0,6,0,6,0,0,0,6
02/19/2021,SHV,LA,ASW,CE,Combined TRACON& Tower with Radar,0,2,3,0,5,0,1,3,0,4,0,3,6,0,9,0,0,0,9
02/20/2021,SHV,LA,ASW,CE,Combined TRACON& Tower with Radar,5,4,13,0,22,0,2,5,3,10,5,6,18,3,32,0,0,0,32
02/21/2021,SHV,LA,ASW,CE,Combined TRACON& Tower with Radar,21,21,12,0,54,0,2,4,0,6,21,23,16,0,60,0,0,0,60
02/22/2021,SHV,LA,ASW,CE,Combined TRACON& Tower with Radar,22,14,14,0,50,0,4,16,0,20,22,18,30,0,70,16,0,16,86
02/23/2021,SHV,LA,ASW,CE,Combined TRACON& Tower with Radar,25,13,18,4,60,0,3,21,0,24,25,16,39,4,84,18,0,18,102
02/24/2021,SHV,LA,ASW,CE,Combined TRACON& Tower with Radar,30,18,11,0,59,0,3,13,1,17,30,21,24,1,76,27,0,27,103
02/25/2021,SHV,LA,ASW,CE,Combined TRACON& Tower with Radar,27,25,20,0,72,0,2,6,1,9,27,27,26,1,81,2,0,2,83
02/26/2021,SHV,LA,ASW,CE,Combined TRACON& Tower with Radar,30,26,15,0,71,0,0,0,0,0,30,26,15,0,71,0,0,0,71
02/27/2021,SHV,LA,ASW,CE,Combined TRACON& Tower with Radar,21,10,14,0,45,0,0,1,1,2,21,10,15,1,47,0,0,0,47
02/28/2021,SHV,LA,ASW,CE,Combined TRACON& Tower with Radar,15,19,7,0,41,0,0,0,0,0,15,19,7,0,41,0,0,0,41
03/01/2021,SHV,LA,ASW,CE,Combined TRACON& Tower with Radar,26,12,8,0,46,0,0,0,0,0,26,12,8,0,46,0,0,0,46
03/02/2021,SHV,LA,ASW,CE,Combined TRACON& Tower with Radar,29,16,14,0,59,0,0,29,0,29,29,16,43,0,88,0,0,0,88
03/03/2021,SHV,LA,ASW,CE,Combined TRACON& Tower with Radar,28,20,12,10,70,0,0,35,0,35,28,20,47,10,105,0,0,0,105
03/04/2021,SHV,LA,ASW,CE,Combined TRACON& Tower with Radar,28,30,21,0,79,0,1,19,0,20,28,31,40,0,99,0,0,0,99
03/05/2021,SHV,LA,ASW,CE,Combined TRACON& Tower with Radar,30,19,13,0,62,0,0,2,0,2,30,19,15,0,64,0,0,0,64
03/06/2021,SHV,LA,ASW,CE,Combined TRACON& Tower with Radar,20,23,9,6,58,0,2,15,8,25,20,25,24,14,83,10,16,26,109
03/07/2021,SHV,LA,ASW,CE,Combined TRACON& Tower with Radar,22,12,14,3,51,0,2,41,0,43,22,14,55,3,94,0,0,0,94
03/08/2021,SHV,LA,ASW,CE,Combined TRACON& Tower with Radar,32,15,18,4,69,0,4,22,1,27,32,19,40,5,96,0,0,0,96
03/09/2021,SHV,LA,ASW,CE,Combined TRACON& Tower with Radar,30,15,19,0,64,0,1,14,0,15,30,16,33,0,79,0,0,0,79
03/10/2021,SHV,LA,ASW,CE,Combined TRACON& Tower with Radar,30,28,27,3,88,0,0,2,1,3,30,28,29,4,91,0,0,0,91
03/11/2021,SHV,LA,ASW,CE,Combined TRACON& Tower with Radar,30,17,32,0,79,0,4,16,1,21,30,21,48,1,100,12,8,20,120
03/12/2021,SHV,LA,ASW,CE,Combined TRACON& Tower with Radar,34,20,14,0,68,0,2,10,0,12,34,22,24,0,80,0,0,0,80
03/13/2021,SHV,LA,ASW,CE,Combined TRACON& Tower with Radar,19,29,18,10,76,0,0,24,0,24,19,29,42,10,100,0,0,0,100
03/14/2021,SHV,LA,ASW,CE,Combined TRACON& Tower with Radar,22,11,20,0,53,0,1,1,2,4,22,12,21,2,57,0,0,0,57
03/15/2021,SHV,LA,ASW,CE,Combined TRACON& Tower with Radar,25,12,14,2,53,0,0,20,0,20,25,12,34,2,73,0,0,0,73
03/16/2021,SHV,LA,ASW,CE,Combined TRACON& Tower with Radar,33,10,33,8,84,0,5,7,6,18,33,15,40,14,102,0,0,0,102
03/17/2021,SHV,LA,ASW,CE,Combined TRACON& Tower with Radar,22,11,8,0,41,0,3,3,0,6,22,14,11,0,47,0,0,0,47
03/18/2021,SHV,LA,ASW,CE,Combined TRACON& Tower with Radar,31,21,28,4,84,0,2,3,4,9,31,23,31,8,93,0,0,0,93
03/19/2021,SHV,LA,ASW,CE,Combined TRACON& Tower with Radar,32,14,29,10,85,0,1,14,1,16,32,15,43,11,101,11,0,11,112
03/20/2021,SHV,LA,ASW,CE,Combined TRACON& Tower with Radar,22,20,10,28,80,0,0,22,0,22,22,20,32,28,102,0,0,0,102
03/21/2021,SHV,LA,ASW,CE,Combined TRACON& Tower with Radar,21,12,13,0,46,0,3,25,1,29,21,15,38,1,75,25,0,25,100
03/22/2021,SHV,LA,ASW,CE,Combined TRACON& Tower with Radar,24,10,10,4,48,0,0,7,0,7,24,10,17,4,55,0,0,0,55
03/23/2021,SHV,LA,ASW,CE,Combined TRACON& Tower with Radar,30,13,18,9,70,0,1,7,1,9,30,14,25,10,79,0,0,0,79
03/24/2021,SHV,LA,ASW,CE,Combined TRACON& Tower with Radar,32,17,6,5,60,0,0,11,1,12,32,17,17,6,72,6,0,6,78
03/25/2021,SHV,LA,ASW,CE,Combined TRACON& Tower with Radar,32,19,12,3,66,0,1,5,0,6,32,20,17,3,72,4,0,4,76
03/26/2021,SHV,LA,ASW,CE,Combined TRACON& Tower with Radar,32,17,23,17,89,0,3,16,1,20,32,20,39,18,109,34,11,45,154
03/27/2021,SHV,LA,ASW,CE,Combined TRACON& Tower with Radar,23,13,23,1,60,0,1,0,0,1,23,14,23,1,61,0,0,0,61
03/28/2021,SHV,LA,ASW,CE,Combined TRACON& Tower with Radar,25,14,15,0,54,0,2,13,1,16,25,16,28,1,70,0,0,0,70
03/29/2021,SHV,LA,ASW,CE,Combined TRACON& Tower with Radar,28,8,9,0,45,0,1,16,1,18,28,9,25,1,63,0,0,0,63
03/30/2021,SHV,LA,ASW,CE,Combined TRACON& Tower with Radar,30,10,34,4,78,0,0,1,0,1,30,10,35,4,79,0,0,0,79
03/31/2021,SHV,LA,ASW,CE,Combined TRACON& Tower with Radar,30,16,5,2,53,0,1,4,2,7,30,17,9,4,60,0,0,0,60
04/01/2021,SHV,LA,ASW,CE,Combined TRACON& Tower with Radar,33,15,20,2,70,0,5,32,2,39,33,20,52,4,109,13,0,13,122
04/02/2021,SHV,LA,ASW,CE,Combined TRACON& Tower with Radar,28,15,26,38,107,0,5,34,32,71,28,20,60,70,178,0,0,0,178
04/03/2021,SHV,LA,ASW,CE,Combined TRACON& Tower with Radar,19,11,19,12,61,0,2,8,0,10,19,13,27,12,71,0,0,0,71
04/04/2021,SHV,LA,ASW,CE,Combined TRACON& Tower with Radar,17,9,4,0,30,0,4,14,0,18,17,13,18,0,48,0,0,0,48
04/05/2021,SHV,LA,ASW,CE,Combined TRACON& Tower with Radar,23,12,24,0,59,0,0,21,1,22,23,12,45,1,81,14,0,14,95
04/06/2021,SHV,LA,ASW,CE,Combined TRACON& Tower with Radar,25,12,19,2,58,0,2,15,0,17,25,14,34,2,75,18,0,18,93
04/07/2021,SHV,LA,ASW,CE,Combined TRACON& Tower with Radar,26,12,25,0,63,0,0,1,0,1,26,12,26,0,64,8,0,8,72
04/08/2021,SHV,LA,ASW,CE,Combined TRACON& Tower with Radar,32,22,24,12,90,0,3,15,4,22,32,25,39,16,112,4,0,4,116
04/09/2021,SHV,LA,ASW,CE,Combined TRACON& Tower with Radar,29,12,13,0,54,0,0,3,0,3,29,12,16,0,57,0,0,0,57
04/10/2021,SHV,LA,ASW,CE,Combined TRACON& Tower with Radar,25,19,12,0,56,0,0,14,1,15,25,19,26,1,71,0,0,0,71
04/11/2021,SHV,LA,ASW,CE,Combined TRACON& Tower with Radar,19,16,17,0,52,0,4,17,0,21,19,20,34,0,73,28,0,28,101
04/12/2021,SHV,LA,ASW,CE,Combined TRACON& Tower with Radar,23,17,22,4,66,0,1,17,2,20,23,18,39,6,86,4,0,4,90
04/13/2021,SHV,LA,ASW,CE,Combined TRACON& Tower with Radar,24,12,20,6,62,0,1,24,0,25,24,13,44,6,87,0,0,0,87
04/14/2021,SHV,LA,ASW,CE,Combined TRACON& Tower with Radar,26,12,16,0,54,0,0,0,0,0,26,12,16,0,54,0,0,0,54
04/15/2021,SHV,LA,ASW,CE,Combined TRACON& Tower with Radar,28,26,24,4,82,0,2,29,2,33,28,28,53,6,115,34,0,34,149
04/16/2021,SHV,LA,ASW,CE,Combined TRACON& Tower with Radar,36,12,14,0,62,0,0,0,0,0,36,12,14,0,62,0,0,0,62
04/17/2021,SHV,LA,ASW,CE,Combined TRACON& Tower with Radar,19,15,12,4,50,0,1,1,0,2,19,16,13,4,52,0,0,0,52
04/18/2021,SHV,LA,ASW,CE,Combined TRACON& Tower with Radar,21,18,19,6,64,0,4,25,0,29,21,22,44,6,93,4,0,4,97
04/19/2021,SHV,LA,ASW,CE,Combined TRACON& Tower with Radar,25,14,13,2,54,0,1,40,0,41,25,15,53,2,95,0,0,0,95
04/20/2021,SHV,LA,ASW,CE,Combined TRACON& Tower with Radar,26,22,11,2,61,0,4,21,1,26,26,26,32,3,87,0,0,0,87
04/21/2021,SHV,LA,ASW,CE,Combined TRACON& Tower with Radar,25,18,16,2,61,0,5,23,0,28,25,23,39,2,89,10,0,10,99
04/22/2021,SHV,LA,ASW,CE,Combined TRACON& Tower with Radar,28,20,30,0,78,0,6,22,0,28,28,26,52,0,106,4,0,4,110
04/23/2021,SHV,LA,ASW,CE,Combined TRACON& Tower with Radar,31,18,8,2,59,0,1,1,0,2,31,19,9,2,61,0,0,0,61
04/24/2021,SHV,LA,ASW,CE,Combined TRACON& Tower with Radar,16,17,10,2,45,0,3,10,2,15,16,20,20,4,60,0,0,0,60
04/25/2021,SHV,LA,ASW,CE,Combined TRACON& Tower with Radar,21,8,27,1,57,0,0,34,6,40,21,8,61,7,97,10,0,10,107
04/26/2021,SHV,LA,ASW,CE,Combined TRACON& Tower with Radar,23,19,21,1,64,0,0,22,2,24,23,19,43,3,88,7,0,7,95
04/27/2021,SHV,LA,ASW,CE,Combined TRACON& Tower with Radar,24,16,33,2,75,0,2,9,2,13,24,18,42,4,88,10,0,10,98
04/28/2021,SHV,LA,ASW,CE,Combined TRACON& Tower with Radar,23,24,24,0,71,0,2,4,2,8,23,26,28,2,79,4,0,4,83
04/29/2021,SHV,LA,ASW,CE,Combined TRACON& Tower with Radar,28,17,24,4,73,0,2,24,0,26,28,19,48,4,99,0,0,0,99
04/30/2021,SHV,LA,ASW,CE,Combined TRACON& Tower with Radar,31,16,14,0,61,0,0,6,1,7,31,16,20,1,68,0,0,0,68
05/01/2021,SHV,LA,ASW,CE,Combined TRACON& Tower with Radar,19,16,9,0,44,0,1,55,1,57,19,17,64,1,101,0,0,0,101
05/02/2021,SHV,LA,ASW,CE,Combined TRACON& Tower with Radar,19,15,9,0,43,0,0,48,0,48,19,15,57,0,91,0,0,0,91
05/03/2021,SHV,LA,ASW,CE,Combined TRACON& Tower with Radar,20,18,21,10,69,0,0,12,0,12,20,18,33,10,81,18,0,18,99
05/04/2021,SHV,LA,ASW,CE,Combined TRACON& Tower with Radar,26,14,10,0,50,0,0,0,0,0,26,14,10,0,50,0,0,0,50
05/05/2021,SHV,LA,ASW,CE,Combined TRACON& Tower with Radar,24,25,21,12,82,0,3,51,5,59,24,28,72,17,141,156,0,156,297
05/06/2021,SHV,LA,ASW,CE,Combined TRACON& Tower with Radar,32,32,29,1,94,0,2,33,7,42,32,34,62,8,136,10,0,10,146
05/07/2021,SHV,LA,ASW,CE,Combined TRACON& Tower with Radar,31,22,22,10,85,0,0,47,1,48,31,22,69,11,133,0,0,0,133
05/08/2021,SHV,LA,ASW,CE,Combined TRACON& Tower with Radar,27,16,19,0,62,0,8,34,2,44,27,24,53,2,106,4,0,4,110
05/09/2021,SHV,LA,ASW,CE,Combined TRACON& Tower with Radar,20,11,11,0,42,0,0,59,1,60,20,11,70,1,102,0,0,0,102
05/10/2021,SHV,LA,ASW,CE,Combined TRACON& Tower with Radar,20,14,17,4,55,0,0,1,0,1,20,14,18,4,56,0,0,0,56
05/11/2021,SHV,LA,ASW,CE,Combined TRACON& Tower with Radar,27,11,6,0,44,0,0,1,0,1,27,11,7,0,45,0,0,0,45
05/12/2021,SHV,LA,ASW,CE,Combined TRACON& Tower with Radar,26,19,16,0,61,0,0,0,0,0,26,19,16,0,61,0,0,0,61
05/13/2021,SHV,LA,ASW,CE,Combined TRACON& Tower with Radar,28,18,26,13,85,0,2,26,3,31,28,20,52,16,116,4,4,8,124
05/14/2021,SHV,LA,ASW,CE,Combined TRACON& Tower with Radar,30,17,15,0,62,0,4,23,0,27,30,21,38,0,89,0,0,0,89
05/15/2021,SHV,LA,ASW,CE,Combined TRACON& Tower with Radar,19,14,11,6,50,0,0,10,27,37,19,14,21,33,87,0,0,0,87
05/16/2021,SHV,LA,ASW,CE,Combined TRACON& Tower with Radar,20,16,14,16,66,0,1,7,1,9,20,17,21,17,75,0,0,0,75
05/17/2021,SHV,LA,ASW,CE,Combined TRACON& Tower with Radar,25,13,7,13,58,0,0,0,0,0,25,13,7,13,58,0,0,0,58
05/18/2021,SHV,LA,ASW,CE,Combined TRACON& Tower with Radar,29,20,22,0,71,0,0,1,0,1,29,20,23,0,72,0,0,0,72
05/19/2021,SHV,LA,ASW,CE,Combined TRACON& Tower with Radar,26,19,13,4,62,0,0,1,2,3,26,19,14,6,65,0,0,0,65
05/20/2021,SHV,LA,ASW,CE,Combined TRACON& Tower with Radar,29,17,8,4,58,0,0,1,0,1,29,17,9,4,59,0,0,0,59
05/21/2021,SHV,LA,ASW,CE,Combined TRACON& Tower with Radar,28,17,14,2,61,0,0,1,0,1,28,17,15,2,62,0,0,0,62
05/22/2021,SHV,LA,ASW,CE,Combined TRACON& Tower with Radar,18,15,16,10,59,0,0,15,4,19,18,15,31,14,78,0,0,0,78
05/23/2021,SHV,LA,ASW,CE,Combined TRACON& Tower with Radar,19,19,8,4,50,0,0,28,1,29,19,19,36,5,79,0,0,0,79
05/24/2021,SHV,LA,ASW,CE,Combined TRACON& Tower with Radar,30,17,20,0,67,0,0,16,0,16,30,17,36,0,83,0,0,0,83
05/25/2021,SHV,LA,ASW,CE,Combined TRACON& Tower with Radar,31,16,24,0,71,0,1,7,0,8,31,17,31,0,79,0,0,0,79
05/26/2021,SHV,LA,ASW,CE,Combined TRACON& Tower with Radar,29,21,23,5,78,0,2,11,2,15,29,23,34,7,93,7,0,7,100
05/27/2021,SHV,LA,ASW,CE,Combined TRACON& Tower with Radar,28,18,22,2,70,0,1,10,0,11,28,19,32,2,81,0,0,0,81
05/28/2021,SHV,LA,ASW,CE,Combined TRACON& Tower with Radar,30,20,22,0,72,0,1,6,0,7,30,21,28,0,79,0,0,0,79
05/29/2021,SHV,LA,ASW,CE,Combined TRACON& Tower with Radar,21,14,8,0,43,0,2,17,0,19,21,16,25,0,62,0,0,0,62
05/30/2021,SHV,LA,ASW,CE,Combined TRACON& Tower with Radar,20,15,16,1,52,0,4,19,0,23,20,19,35,1,75,0,0,0,75
05/31/2021,SHV,LA,ASW,CE,Combined TRACON& Tower with Radar,24,12,13,0,49,0,1,35,2,38,24,13,48,2,87,0,0,0,87
06/01/2021,SHV,LA,ASW,CE,Combined TRACON& Tower with Radar,28,16,17,4,65,0,0,8,0,8,28,16,25,4,73,6,0,6,79
06/02/2021,SHV,LA,ASW,CE,Combined TRACON& Tower with Radar,30,20,26,6,82,0,2,11,1,14,30,22,37,7,96,0,0,0,96
06/03/2021,SHV,LA,ASW,CE,Combined TRACON& Tower with Radar,31,19,29,6,85,0,6,13,1,20,31,25,42,7,105,0,0,0,105
06/04/2021,SHV,LA,ASW,CE,Combined TRACON& Tower with Radar,39,23,8,0,70,0,0,2,0,2,39,23,10,0,72,0,0,0,72
06/05/2021,SHV,LA,ASW,CE,Combined TRACON& Tower with Radar,28,19,7,0,54,0,4,1,0,5,28,23,8,0,59,0,16,16,75
06/06/2021,SHV,LA,ASW,CE,Combined TRACON& Tower with Radar,23,25,12,0,60,0,2,0,0,2,23,27,12,0,62,0,0,0,62
06/07/2021,SHV,LA,ASW,CE,Combined TRACON& Tower with Radar,33,20,32,9,94,0,2,11,2,15,33,22,43,11,109,8,4,12,121
06/08/2021,SHV,LA,ASW,CE,Combined TRACON& Tower with Radar,37,21,13,0,71,0,2,10,0,12,37,23,23,0,83,20,0,20,103
06/09/2021,SHV,LA,ASW,CE,Combined TRACON& Tower with Radar,30,30,25,8,93,0,1,21,1,23,30,31,46,9,116,0,0,0,116
06/10/2021,SHV,LA,ASW,CE,Combined TRACON& Tower with Radar,30,23,31,0,84,0,0,23,0,23,30,23,54,0,107,0,0,0,107
06/11/2021,SHV,LA,ASW,CE,Combined TRACON& Tower with Radar,31,22,24,22,99,0,0,19,2,21,31,22,43,24,120,9,0,9,129
06/12/2021,SHV,LA,ASW,CE,Combined TRACON& Tower with Radar,22,15,8,27,72,0,2,18,0,20,22,17,26,27,92,24,0,24,116
06/13/2021,SHV,LA,ASW,CE,Combined TRACON& Tower with Radar,21,20,9,24,74,0,1,16,0,17,21,21,25,24,91,0,4,4,95
06/14/2021,SHV,LA,ASW,CE,Combined TRACON& Tower with Radar,28,22,11,0,61,0,4,15,0,19,28,26,26,0,80,0,0,0,80
06/15/2021,SHV,LA,ASW,CE,Combined TRACON& Tower with Radar,26,24,11,7,68,0,2,26,3,31,26,26,37,10,99,52,0,52,151
06/16/2021,SHV,LA,ASW,CE,Combined TRACON& Tower with Radar,30,25,29,4,88,0,3,25,0,28,30,28,54,4,116,38,0,38,154
06/17/2021,SHV,LA,ASW,CE,Combined TRACON& Tower with Radar,27,27,27,6,87,0,2,11,0,13,27,29,38,6,100,0,0,0,100
06/18/2021,SHV,LA,ASW,CE,Combined TRACON& Tower with Radar,36,21,17,7,81,0,2,8,0,10,36,23,25,7,91,0,4,4,95
06/19/2021,SHV,LA,ASW,CE,Combined TRACON& Tower with Radar,24,18,16,0,58,0,4,16,1,21,24,22,32,1,79,21,0,21,100
06/20/2021,SHV,LA,ASW,CE,Combined TRACON& Tower with Radar,26,13,10,0,49,0,4,7,2,13,26,17,17,2,62,0,0,0,62
06/21/2021,SHV,LA,ASW,CE,Combined TRACON& Tower with Radar,25,24,18,8,75,0,1,3,0,4,25,25,21,8,79,0,0,0,79
06/22/2021,SHV,LA,ASW,CE,Combined TRACON& Tower with Radar,35,28,13,2,78,0,1,23,1,25,35,29,36,3,103,0,0,0,103
06/23/2021,SHV,LA,ASW,CE,Combined TRACON& Tower with Radar,27,25,24,22,98,0,1,20,0,21,27,26,44,22,119,12,0,12,131
06/24/2021,SHV,LA,ASW,CE,Combined TRACON& Tower with Radar,27,27,18,4,76,0,3,35,0,38,27,30,53,4,114,0,0,0,114
06/25/2021,SHV,LA,ASW,CE,Combined TRACON& Tower with Radar,34,28,20,33,115,0,0,11,7,18,34,28,31,40,133,30,3,33,166
06/26/2021,SHV,LA,ASW,CE,Combined TRACON& Tower with Radar,20,17,20,25,82,0,5,4,7,16,20,22,24,32,98,5,12,17,115
06/27/2021,SHV,LA,ASW,CE,Combined TRACON& Tower with Radar,23,19,15,2,59,0,0,9,1,10,23,19,24,3,69,8,0,8,77
06/28/2021,SHV,LA,ASW,CE,Combined TRACON& Tower with Radar,31,25,20,0,76,0,0,12,0,12,31,25,32,0,88,27,0,27,115
06/29/2021,SHV,LA,ASW,CE,Combined TRACON& Tower with Radar,27,25,22,0,74,0,3,13,0,16,27,28,35,0,90,10,0,10,100
06/30/2021,SHV,LA,ASW,CE,Combined TRACON& Tower with Radar,28,25,22,6,81,0,4,9,0,13,28,29,31,6,94,13,0,13,107
07/01/2021,SHV,LA,ASW,CE,Combined TRACON& Tower with Radar,38,31,28,4,101,0,8,32,3,43,38,39,60,7,144,0,0,0,144
07/02/2021,SHV,LA,ASW,CE,Combined TRACON& Tower with Radar,37,19,13,0,69,0,0,4,0,4,37,19,17,0,73,0,0,0,73
07/03/2021,SHV,LA,ASW,CE,Combined TRACON& Tower with Radar,19,17,10,0,46,0,7,7,0,14,19,24,17,0,60,0,0,0,60
07/04/2021,SHV,LA,ASW,CE,Combined TRACON& Tower with Radar,23,15,7,0,45,0,2,11,0,13,23,17,18,0,58,8,0,8,66
07/05/2021,SHV,LA,ASW,CE,Combined TRACON& Tower with Radar,30,17,16,0,63,0,0,18,2,20,30,17,34,2,83,0,0,0,83
07/06/2021,SHV,LA,ASW,CE,Combined TRACON& Tower with Radar,25,24,24,8,81,0,1,25,2,28,25,25,49,10,109,0,0,0,109
07/07/2021,SHV,LA,ASW,CE,Combined TRACON& Tower with Radar,33,24,13,7,77,0,1,5,2,8,33,25,18,9,85,0,0,0,85
07/08/2021,SHV,LA,ASW,CE,Combined TRACON& Tower with Radar,35,25,16,2,78,0,0,21,1,22,35,25,37,3,100,4,0,4,104
07/09/2021,SHV,LA,ASW,CE,Combined TRACON& Tower with Radar,35,26,24,26,111,0,4,15,3,22,35,30,39,29,133,0,0,0,133
07/10/2021,SHV,LA,ASW,CE,Combined TRACON& Tower with Radar,25,14,16,1,56,0,1,14,3,18,25,15,30,4,74,42,0,42,116
07/11/2021,SHV,LA,ASW,CE,Combined TRACON& Tower with Radar,25,23,16,0,64,0,0,2,0,2,25,23,18,0,66,0,0,0,66
07/12/2021,SHV,LA,ASW,CE,Combined TRACON& Tower with Radar,33,18,17,17,85,0,0,13,2,15,33,18,30,19,100,0,0,0,100
07/13/2021,SHV,LA,ASW,CE,Combined TRACON& Tower with Radar,34,31,21,4,90,0,4,23,2,29,34,35,44,6,119,0,0,0,119
07/14/2021,SHV,LA,ASW,CE,Combined TRACON& Tower with Radar,33,23,27,11,94,0,2,34,7,43,33,25,61,18,137,0,0,0,137
07/15/2021,SHV,LA,ASW,CE,Combined TRACON& Tower with Radar,31,21,18,0,70,0,1,10,0,11,31,22,28,0,81,0,0,0,81
07/16/2021,SHV,LA,ASW,CE,Combined TRACON& Tower with Radar,37,21,15,0,73,0,3,11,0,14,37,24,26,0,87,0,0,0,87
07/17/2021,SHV,LA,ASW,CE,Combined TRACON& Tower with Radar,20,22,13,4,59,0,1,6,0,7,20,23,19,4,66,0,0,0,66
07/18/2021,SHV,LA,ASW,CE,Combined TRACON& Tower with Radar,25,19,10,0,54,0,2,10,0,12,25,21,20,0,66,6,0,6,72
07/19/2021,SHV,LA,ASW,CE,Combined TRACON& Tower with Radar,25,19,12,0,56,0,0,3,0,3,25,19,15,0,59,0,0,0,59
07/20/2021,SHV,LA,ASW,CE,Combined TRACON& Tower with Radar,40,21,26,3,90,0,2,11,0,13,40,23,37,3,103,0,0,0,103
07/21/2021,SHV,LA,ASW,CE,Combined TRACON& Tower with Radar,36,22,25,0,83,0,1,11,0,12,36,23,36,0,95,0,0,0,95
07/22/2021,SHV,LA,ASW,CE,Combined TRACON& Tower with Radar,36,25,22,6,89,0,1,15,0,16,36,26,37,6,105,0,0,0,105
07/23/2021,SHV,LA,ASW,CE,Combined TRACON& Tower with Radar,42,20,28,2,92,0,3,11,1,15,42,23,39,3,107,0,0,0,107
07/24/2021,SHV,LA,ASW,CE,Combined TRACON& Tower with Radar,25,20,12,0,57,0,2,10,0,12,25,22,22,0,69,4,0,4,73
07/25/2021,SHV,LA,ASW,CE,Combined TRACON& Tower with Radar,26,17,12,10,65,0,0,10,0,10,26,17,22,10,75,8,0,8,83
07/26/2021,SHV,LA,ASW,CE,Combined TRACON& Tower with Radar,29,21,13,28,91,0,2,20,4,26,29,23,33,32,117,0,0,0,117
07/27/2021,SHV,LA,ASW,CE,Combined TRACON& Tower with Radar,33,33,16,2,84,0,2,7,1,10,33,35,23,3,94,0,0,0,94
07/28/2021,SHV,LA,ASW,CE,Combined TRACON& Tower with Radar,34,23,10,4,71,0,2,10,1,13,34,25,20,5,84,0,0,0,84
07/29/2021,SHV,LA,ASW,CE,Combined TRACON& Tower with Radar,36,38,23,0,97,0,2,10,0,12,36,40,33,0,109,0,0,0,109
07/30/2021,SHV,LA,ASW,CE,Combined TRACON& Tower with Radar,40,30,18,24,112,0,9,10,7,26,40,39,28,31,138,0,0,0,138
07/31/2021,SHV,LA,ASW,CE,Combined TRACON& Tower with Radar,29,23,10,2,64,0,4,20,0,24,29,27,30,2,88,0,0,0,88
08/01/2021,SHV,LA,ASW,CE,Combined TRACON& Tower with Radar,40,13,10,14,77,0,1,17,0,18,40,14,27,14,95,10,0,10,105
08/02/2021,SHV,LA,ASW,CE,Combined TRACON& Tower with Radar,37,14,12,2,65,0,0,2,0,2,37,14,14,2,67,0,0,0,67
08/03/2021,SHV,LA,ASW,CE,Combined TRACON& Tower with Radar,44,25,12,6,87,0,2,13,0,15,44,27,25,6,102,0,0,0,102
08/04/2021,SHV,LA,ASW,CE,Combined TRACON& Tower with Radar,38,26,13,13,90,0,0,18,1,19,38,26,31,14,109,35,0,35,144
08/05/2021,SHV,LA,ASW,CE,Combined TRACON& Tower with Radar,43,23,15,9,90,0,1,17,2,20,43,24,32,11,110,26,0,26,136
08/06/2021,SHV,LA,ASW,CE,Combined TRACON& Tower with Radar,47,26,14,22,109,0,7,16,7,30,47,33,30,29,139,33,0,33,172
08/07/2021,SHV,LA,ASW,CE,Combined TRACON& Tower with Radar,24,23,23,13,83,0,2,5,2,9,24,25,28,15,92,0,0,0,92
08/08/2021,SHV,LA,ASW,CE,Combined TRACON& Tower with Radar,32,16,12,0,60,0,2,10,0,12,32,18,22,0,72,8,0,8,80
08/09/2021,SHV,LA,ASW,CE,Combined TRACON& Tower with Radar,39,18,10,20,87,0,5,15,3,23,39,23,25,23,110,0,0,0,110
08/10/2021,SHV,LA,ASW,CE,Combined TRACON& Tower with Radar,35,23,31,26,115,0,3,9,10,22,35,26,40,36,137,8,6,14,151
08/11/2021,SHV,LA,ASW,CE,Combined TRACON& Tower with Radar,37,32,12,16,97,0,2,13,2,17,37,34,25,18,114,0,0,0,114
08/12/2021,SHV,LA,ASW,CE,Combined TRACON& Tower with Radar,35,27,21,7,90,0,1,27,0,28,35,28,48,7,118,16,0,16,134
08/13/2021,SHV,LA,ASW,CE,Combined TRACON& Tower with Radar,43,22,12,20,97,0,2,21,0,23,43,24,33,20,120,0,0,0,120
08/14/2021,SHV,LA,ASW,CE,Combined TRACON& Tower with Radar,23,25,1,2,51,0,1,6,0,7,23,26,7,2,58,0,0,0,58
08/15/2021,SHV,LA,ASW,CE,Combined TRACON& Tower with Radar,35,11,12,0,58,0,3,7,0,10,35,14,19,0,68,24,0,24,92
08/16/2021,SHV,LA,ASW,CE,Combined TRACON& Tower with Radar,31,15,12,0,58,0,2,9,0,11,31,17,21,0,69,8,0,8,77
08/17/2021,SHV,LA,ASW,CE,Combined TRACON& Tower with Radar,34,16,16,7,73,0,0,2,0,2,34,16,18,7,75,0,0,0,75
08/18/2021,SHV,LA,ASW,CE,Combined TRACON& Tower with Radar,40,19,12,0,71,0,0,7,0,7,40,19,19,0,78,0,0,0,78
08/19/2021,SHV,LA,ASW,CE,Combined TRACON& Tower with Radar,43,20,11,0,74,0,0,0,0,0,43,20,11,0,74,10,0,10,84
08/20/2021,SHV,LA,ASW,CE,Combined TRACON& Tower with Radar,40,21,25,6,92,0,5,7,0,12,40,26,32,6,104,0,0,0,104
08/21/2021,SHV,LA,ASW,CE,Combined TRACON& Tower with Radar,24,16,11,20,71,0,0,1,0,1,24,16,12,20,72,0,0,0,72
08/22/2021,SHV,LA,ASW,CE,Combined TRACON& Tower with Radar,31,15,10,10,66,0,0,14,0,14,31,15,24,10,80,14,0,14,94
08/23/2021,SHV,LA,ASW,CE,Combined TRACON& Tower with Radar,31,17,18,0,66,0,0,10,0,10,31,17,28,0,76,0,0,0,76
08/24/2021,SHV,LA,ASW,CE,Combined TRACON& Tower with Radar,38,13,14,2,67,0,1,14,0,15,38,14,28,2,82,0,0,0,82
08/25/2021,SHV,LA,ASW,CE,Combined TRACON& Tower with Radar,32,23,24,0,79,0,0,13,0,13,32,23,37,0,92,0,0,0,92
08/26/2021,SHV,LA,ASW,CE,Combined TRACON& Tower with Radar,40,19,22,17,98,0,4,14,1,19,40,23,36,18,117,6,8,14,131
08/27/2021,SHV,LA,ASW,CE,Combined TRACON& Tower with Radar,41,29,9,10,89,0,6,6,0,12,41,35,15,10,101,0,0,0,101
08/28/2021,SHV,LA,ASW,CE,Combined TRACON& Tower with Radar,24,13,12,3,52,0,4,1,3,8,24,17,13,6,60,0,0,0,60
08/29/2021,SHV,LA,ASW,CE,Combined TRACON& Tower with Radar,30,14,14,4,62,0,4,5,1,10,30,18,19,5,72,0,0,0,72
08/30/2021,SHV,LA,ASW,CE,Combined TRACON& Tower with Radar,31,24,14,0,69,0,0,7,0,7,31,24,21,0,76,10,0,10,86
08/31/2021,SHV,LA,ASW,CE,Combined TRACON& Tower with Radar,33,18,21,2,74,0,0,16,0,16,33,18,37,2,90,0,0,0,90
09/01/2021,SHV,LA,ASW,CE,Combined TRACON& Tower with Radar,40,17,14,2,73,0,2,20,6,28,40,19,34,8,101,0,0,0,101
09/02/2021,SHV,LA,ASW,CE,Combined TRACON& Tower with Radar,42,23,16,4,85,0,1,16,0,17,42,24,32,4,102,0,0,0,102
09/03/2021,SHV,LA,ASW,CE,Combined TRACON& Tower with Radar,46,21,22,4,93,0,4,17,0,21,46,25,39,4,114,0,0,0,114
09/04/2021,SHV,LA,ASW,CE,Combined TRACON& Tower with Radar,24,16,11,0,51,0,2,12,0,14,24,18,23,0,65,0,0,0,65
09/05/2021,SHV,LA,ASW,CE,Combined TRACON& Tower with Radar,26,8,7,0,41,0,1,3,1,5,26,9,10,1,46,0,0,0,46
09/06/2021,SHV,LA,ASW,CE,Combined TRACON& Tower with Radar,24,18,9,0,51,0,2,13,0,15,24,20,22,0,66,0,0,0,66
09/07/2021,SHV,LA,ASW,CE,Combined TRACON& Tower with Radar,31,28,23,1,83,0,1,28,7,36,31,29,51,8,119,0,0,0,119
09/08/2021,SHV,LA,ASW,CE,Combined TRACON& Tower with Radar,35,15,25,0,75,0,2,24,10,36,35,17,49,10,111,22,0,22,133
09/09/2021,SHV,LA,ASW,CE,Combined TRACON& Tower with Radar,32,23,21,0,76,0,0,14,3,17,32,23,35,3,93,0,0,0,93
09/10/2021,SHV,LA,ASW,CE,Combined TRACON& Tower with Radar,31,14,19,6,70,0,2,28,4,34,31,16,47,10,104,0,0,0,104
09/11/2021,SHV,LA,ASW,CE,Combined TRACON& Tower with Radar,21,25,24,36,106,0,5,17,2,24,21,30,41,38,130,0,0,0,130
09/12/2021,SHV,LA,ASW,CE,Combined TRACON& Tower with Radar,27,23,11,15,76,0,1,19,1,21,27,24,30,16,97,14,0,14,111
09/13/2021,SHV,LA,ASW,CE,Combined TRACON& Tower with Radar,31,15,21,0,67,0,0,0,0,0,31,15,21,0,67,0,0,0,67
09/14/2021,SHV,LA,ASW,CE,Combined TRACON& Tower with Radar,26,18,4,0,48,0,0,7,0,7,26,18,11,0,55,0,0,0,55
09/15/2021,SHV,LA,ASW,CE,Combined TRACON& Tower with Radar,29,29,7,2,67,0,2,9,0,11,29,31,16,2,78,0,0,0,78
09/16/2021,SHV,LA,ASW,CE,Combined TRACON& Tower with Radar,38,22,19,1,80,0,0,10,5,15,38,22,29,6,95,0,0,0,95
09/17/2021,SHV,LA,ASW,CE,Combined TRACON& Tower with Radar,34,26,27,5,92,0,0,1,0,1,34,26,28,5,93,0,0,0,93
09/18/2021,SHV,LA,ASW,CE,Combined TRACON& Tower with Radar,23,18,10,0,51,0,0,0,0,0,23,18,10,0,51,0,0,0,51
09/19/2021,SHV,LA,ASW,CE,Combined TRACON& Tower with Radar,32,14,10,3,59,0,1,1,0,2,32,15,11,3,61,0,0,0,61
09/20/2021,SHV,LA,ASW,CE,Combined TRACON& Tower with Radar,31,21,15,11,78,0,0,11,0,11,31,21,26,11,89,0,0,0,89
09/21/2021,SHV,LA,ASW,CE,Combined TRACON& Tower with Radar,28,16,19,25,88,0,1,4,0,5,28,17,23,25,93,0,0,0,93
09/22/2021,SHV,LA,ASW,CE,Combined TRACON& Tower with Radar,32,20,14,6,72,0,3,18,3,24,32,23,32,9,96,0,0,0,96
09/23/2021,SHV,LA,ASW,CE,Combined TRACON& Tower with Radar,39,18,17,0,74,0,2,18,0,20,39,20,35,0,94,0,0,0,94
09/24/2021,SHV,LA,ASW,CE,Combined TRACON& Tower with Radar,35,20,14,2,71,0,2,14,1,17,35,22,28,3,88,0,0,0,88
09/25/2021,SHV,LA,ASW,CE,Combined TRACON& Tower with Radar,25,21,15,0,61,0,2,15,0,17,25,23,30,0,78,0,0,0,78
09/26/2021,SHV,LA,ASW,CE,Combined TRACON& Tower with Radar,32,13,6,6,57,0,2,10,0,12,32,15,16,6,69,0,0,0,69
09/27/2021,SHV,LA,ASW,CE,Combined TRACON& Tower with Radar,25,17,26,18,86,0,1,25,1,27,25,18,51,19,113,4,0,4,117
09/28/2021,SHV,LA,ASW,CE,Combined TRACON& Tower with Radar,28,16,22,0,66,0,1,5,0,6,28,17,27,0,72,0,0,0,72
09/29/2021,SHV,LA,ASW,CE,Combined TRACON& Tower with Radar,31,24,13,0,68,0,0,1,0,1,31,24,14,0,69,0,0,0,69
09/30/2021,SHV,LA,ASW,CE,Combined TRACON& Tower with Radar,33,20,17,0,70,0,0,3,0,3,33,20,20,0,73,0,0,0,73
10/01/2021,SHV,LA,ASW,CE,Combined TRACON& Tower with Radar,31,21,27,2,81,0,0,0,0,0,31,21,27,2,81,0,0,0,81
10/02/2021,SHV,LA,ASW,CE,Combined TRACON& Tower with Radar,22,21,12,8,63,0,0,1,0,1,22,21,13,8,64,0,0,0,64
10/03/2021,SHV,LA,ASW,CE,Combined TRACON& Tower with Radar,31,15,23,4,73,0,1,15,0,16,31,16,38,4,89,0,0,0,89
10/04/2021,SHV,LA,ASW,CE,Combined TRACON& Tower with Radar,29,19,14,15,77,0,1,18,1,20,29,20,32,16,97,0,8,8,105
10/05/2021,SHV,LA,ASW,CE,Combined TRACON& Tower with Radar,25,14,15,0,54,0,1,25,0,26,25,15,40,0,80,6,20,26,106
10/06/2021,SHV,LA,ASW,CE,Combined TRACON& Tower with Radar,31,17,20,31,99,0,0,12,4,16,31,17,32,35,115,0,0,0,115
10/07/2021,SHV,LA,ASW,CE,Combined TRACON& Tower with Radar,35,26,27,2,90,0,1,19,6,26,35,27,46,8,116,0,10,10,126
10/08/2021,SHV,LA,ASW,CE,Combined TRACON& Tower with Radar,37,15,16,26,94,0,0,27,4,31,37,15,43,30,125,0,10,10,135
10/09/2021,SHV,LA,ASW,CE,Combined TRACON& Tower with Radar,29,10,14,2,55,0,2,10,0,12,29,12,24,2,67,6,0,6,73
10/10/2021,SHV,LA,ASW,CE,Combined TRACON& Tower with Radar,24,20,9,1,54,0,2,4,0,6,24,22,13,1,60,20,0,20,80
10/11/2021,SHV,LA,ASW,CE,Combined TRACON& Tower with Radar,30,22,10,10,72,0,2,12,2,16,30,24,22,12,88,0,0,0,88
10/12/2021,SHV,LA,ASW,CE,Combined TRACON& Tower with Radar,28,24,14,4,70,0,2,3,0,5,28,26,17,4,75,12,0,12,87
10/13/2021,SHV,LA,ASW,CE,Combined TRACON& Tower with Radar,34,23,13,0,70,0,0,13,2,15,34,23,26,2,85,0,0,0,85
10/14/2021,SHV,LA,ASW,CE,Combined TRACON& Tower with Radar,31,31,20,3,85,0,2,2,1,5,31,33,22,4,90,0,0,0,90
10/15/2021,SHV,LA,ASW,CE,Combined TRACON& Tower with Radar,34,27,30,45,136,0,0,14,2,16,34,27,44,47,152,0,0,0,152
10/16/2021,SHV,LA,ASW,CE,Combined TRACON& Tower with Radar,23,21,22,6,72,0,4,16,4,24,23,25,38,10,96,6,0,6,102
10/17/2021,SHV,LA,ASW,CE,Combined TRACON& Tower with Radar,26,17,11,13,67,0,3,20,7,30,26,20,31,20,97,0,24,24,121
10/18/2021,SHV,LA,ASW,CE,Combined TRACON& Tower with Radar,25,21,18,8,72,0,5,18,0,23,25,26,36,8,95,0,0,0,95
10/19/2021,SHV,LA,ASW,CE,Combined TRACON& Tower with Radar,30,23,15,6,74,0,2,27,0,29,30,25,42,6,103,0,0,0,103
10/20/2021,SHV,LA,ASW,CE,Combined TRACON& Tower with Radar,27,32,33,1,93,0,3,16,3,22,27,35,49,4,115,0,0,0,115
10/21/2021,SHV,LA,ASW,CE,Combined TRACON& Tower with Radar,36,23,20,2,81,0,0,16,7,23,36,23,36,9,104,12,14,26,130
10/22/2021,SHV,LA,ASW,CE,Combined TRACON& Tower with Radar,35,18,20,17,90,0,2,17,17,36,35,20,37,34,126,0,18,18,144
10/23/2021,SHV,LA,ASW,CE,Combined TRACON& Tower with Radar,22,15,8,0,45,0,1,11,0,12,22,16,19,0,57,0,0,0,57
10/24/2021,SHV,LA,ASW,CE,Combined TRACON& Tower with Radar,25,22,14,34,95,0,0,7,0,7,25,22,21,34,102,0,0,0,102
10/25/2021,SHV,LA,ASW,CE,Combined TRACON& Tower with Radar,23,22,30,5,80,0,0,10,0,10,23,22,40,5,90,8,0,8,98
10/26/2021,SHV,LA,ASW,CE,Combined TRACON& Tower with Radar,25,24,25,12,86,0,3,10,4,17,25,27,35,16,103,0,0,0,103
10/27/2021,SHV,LA,ASW,CE,Combined TRACON& Tower with Radar,28,24,8,0,60,0,0,0,0,0,28,24,8,0,60,2,0,2,62
10/28/2021,SHV,LA,ASW,CE,Combined TRACON& Tower with Radar,28,30,9,13,80,0,1,6,0,7,28,31,15,13,87,0,0,0,87
10/29/2021,SHV,LA,ASW,CE,Combined TRACON& Tower with Radar,30,27,17,26,100,0,0,12,1,13,30,27,29,27,113,6,0,6,119
10/30/2021,SHV,LA,ASW,CE,Combined TRACON& Tower with Radar,26,23,21,1,71,0,4,17,0,21,26,27,38,1,92,0,0,0,92
10/31/2021,SHV,LA,ASW,CE,Combined TRACON& Tower with Radar,19,15,15,4,53,0,0,141,0,141,19,15,156,4,194,0,0,0,194
11/01/2021,SHV,LA,ASW,CE,Combined TRACON& Tower with Radar,21,29,12,4,66,0,6,17,4,27,21,35,29,8,93,0,6,6,99
11/02/2021,SHV,LA,ASW,CE,Combined TRACON& Tower with Radar,26,25,15,0,66,0,0,20,4,24,26,25,35,4,90,7,0,7,97
11/03/2021,SHV,LA,ASW,CE,Combined TRACON& Tower with Radar,23,25,13,0,61,0,0,0,0,0,23,25,13,0,61,0,0,0,61
11/04/2021,SHV,LA,ASW,CE,Combined TRACON& Tower with Radar,28,37,22,2,89,0,1,15,0,16,28,38,37,2,105,0,0,0,105
11/05/2021,SHV,LA,ASW,CE,Combined TRACON& Tower with Radar,21,38,25,11,95,0,6,28,7,41,21,44,53,18,136,6,8,14,150
11/06/2021,SHV,LA,ASW,CE,Combined TRACON& Tower with Radar,12,29,15,4,60,0,0,19,0,19,12,29,34,4,79,0,0,0,79
11/07/2021,SHV,LA,ASW,CE,Combined TRACON& Tower with Radar,19,44,12,28,103,0,2,27,2,31,19,46,39,30,134,4,0,4,138
11/08/2021,SHV,LA,ASW,CE,Combined TRACON& Tower with Radar,13,33,10,8,64,0,2,15,12,29,13,35,25,20,93,0,0,0,93
11/09/2021,SHV,LA,ASW,CE,Combined TRACON& Tower with Radar,24,31,18,3,76,0,0,7,1,8,24,31,25,4,84,0,0,0,84
11/10/2021,SHV,LA,ASW,CE,Combined TRACON& Tower with Radar,23,50,13,0,86,0,0,9,0,9,23,50,22,0,95,0,0,0,95
11/11/2021,SHV,LA,ASW,CE,Combined TRACON& Tower with Radar,23,37,28,0,88,0,1,36,0,37,23,38,64,0,125,0,0,0,125
11/12/2021,SHV,LA,ASW,CE,Combined TRACON& Tower with Radar,26,37,23,2,88,0,1,8,0,9,26,38,31,2,97,0,0,0,97
11/13/2021,SHV,LA,ASW,CE,Combined TRACON& Tower with Radar,12,27,15,0,54,0,0,24,0,24,12,27,39,0,78,0,0,0,78
11/14/2021,SHV,LA,ASW,CE,Combined TRACON& Tower with Radar,15,35,14,12,76,0,2,15,0,17,15,37,29,12,93,4,0,4,97
11/15/2021,SHV,LA,ASW,CE,Combined TRACON& Tower with Radar,16,38,12,21,87,0,1,16,9,26,16,39,28,30,113,0,0,0,113
11/16/2021,SHV,LA,ASW,CE,Combined TRACON& Tower with Radar,22,33,17,6,78,0,0,12,0,12,22,33,29,6,90,0,0,0,90
11/17/2021,SHV,LA,ASW,CE,Combined TRACON& Tower with Radar,29,32,16,0,77,0,2,5,0,7,29,34,21,0,84,0,0,0,84
11/18/2021,SHV,LA,ASW,CE,Combined TRACON& Tower with Radar,27,50,21,0,98,0,0,16,0,16,27,50,37,0,114,0,0,0,114
11/19/2021,SHV,LA,ASW,CE,Combined TRACON& Tower with Radar,20,36,18,0,74,0,6,8,0,14,20,42,26,0,88,0,0,0,88
11/20/2021,SHV,LA,ASW,CE,Combined TRACON& Tower with Radar,12,35,16,2,65,0,2,25,2,29,12,37,41,4,94,0,0,0,94
11/21/2021,SHV,LA,ASW,CE,Combined TRACON& Tower with Radar,12,35,14,0,61,0,0,1,0,1,12,35,15,0,62,0,0,0,62
11/22/2021,SHV,LA,ASW,CE,Combined TRACON& Tower with Radar,17,38,12,12,79,0,0,20,6,26,17,38,32,18,105,0,0,0,105
11/23/2021,SHV,LA,ASW,CE,Combined TRACON& Tower with Radar,26,46,24,3,99,0,3,18,1,22,26,49,42,4,121,0,0,0,121
11/24/2021,SHV,LA,ASW,CE,Combined TRACON& Tower with Radar,24,47,20,0,91,0,2,22,0,24,24,49,42,0,115,13,0,13,128
11/25/2021,SHV,LA,ASW,CE,Combined TRACON& Tower with Radar,8,19,2,0,29,0,0,2,0,2,8,19,4,0,31,0,0,0,31
11/26/2021,SHV,LA,ASW,CE,Combined TRACON& Tower with Radar,18,27,16,0,61,0,1,11,0,12,18,28,27,0,73,0,0,0,73
11/27/2021,SHV,LA,ASW,CE,Combined TRACON& Tower with Radar,23,34,23,0,80,0,4,4,0,8,23,38,27,0,88,0,0,0,88
11/28/2021,SHV,LA,ASW,CE,Combined TRACON& Tower with Radar,17,22,37,0,76,0,0,15,0,15,17,22,52,0,91,0,0,0,91
11/29/2021,SHV,LA,ASW,CE,Combined TRACON& Tower with Radar,17,36,15,5,73,0,0,16,1,17,17,36,31,6,90,0,0,0,90
11/30/2021,SHV,LA,ASW,CE,Combined TRACON& Tower with Radar,21,43,16,14,94,0,0,22,2,24,21,43,38,16,118,0,0,0,118
12/01/2021,SHV,LA,ASW,CE,Combined TRACON& Tower with Radar,25,33,23,0,81,0,0,16,0,16,25,33,39,0,97,15,0,15,112
12/02/2021,SHV,LA,ASW,CE,Combined TRACON& Tower with Radar,21,51,13,1,86,0,2,17,1,20,21,53,30,2,106,5,0,5,111
12/03/2021,SHV,LA,ASW,CE,Combined TRACON& Tower with Radar,22,35,23,26,106,0,1,11,0,12,22,36,34,26,118,0,6,6,124
12/04/2021,SHV,LA,ASW,CE,Combined TRACON& Tower with Radar,13,38,8,0,59,0,1,14,0,15,13,39,22,0,74,8,0,8,82
12/05/2021,SHV,LA,ASW,CE,Combined TRACON& Tower with Radar,12,36,21,28,97,0,0,13,0,13,12,36,34,28,110,8,0,8,118
12/06/2021,SHV,LA,ASW,CE,Combined TRACON& Tower with Radar,10,38,17,2,67,0,0,1,0,1,10,38,18,2,68,0,0,0,68
12/07/2021,SHV,LA,ASW,CE,Combined TRACON& Tower with Radar,22,40,16,3,81,0,0,2,0,2,22,40,18,3,83,0,0,0,83
12/08/2021,SHV,LA,ASW,CE,Combined TRACON& Tower with Radar,25,50,28,1,104,0,0,16,7,23,25,50,44,8,127,6,0,6,133
12/09/2021,SHV,LA,ASW,CE,Combined TRACON& Tower with Radar,19,41,24,0,84,0,0,4,0,4,19,41,28,0,88,0,0,0,88
12/10/2021,SHV,LA,ASW,CE,Combined TRACON& Tower with Radar,23,35,24,10,92,0,0,0,0,0,23,35,24,10,92,0,0,0,92
12/11/2021,SHV,LA,ASW,CE,Combined TRACON& Tower with Radar,14,41,12,0,67,0,4,7,0,11,14,45,19,0,78,10,0,10,88
12/12/2021,SHV,LA,ASW,CE,Combined TRACON& Tower with Radar,16,33,20,0,69,0,0,24,2,26,16,33,44,2,95,22,0,22,117
12/13/2021,SHV,LA,ASW,CE,Combined TRACON& Tower with Radar,10,35,25,8,78,0,0,12,0,12,10,35,37,8,90,18,0,18,108
12/14/2021,SHV,LA,ASW,CE,Combined TRACON& Tower with Radar,27,35,37,2,101,0,0,5,0,5,27,35,42,2,106,0,0,0,106
12/15/2021,SHV,LA,ASW,CE,Combined TRACON& Tower with Radar,25,48,25,2,100,0,2,9,0,11,25,50,34,2,111,0,0,0,111
12/16/2021,SHV,LA,ASW,CE,Combined TRACON& Tower with Radar,24,39,22,2,87,0,1,2,0,3,24,40,24,2,90,0,0,0,90
12/17/2021,SHV,LA,ASW,CE,Combined TRACON& Tower with Radar,22,26,14,31,93,0,2,8,0,10,22,28,22,31,103,0,0,0,103
12/18/2021,SHV,LA,ASW,CE,Combined TRACON& Tower with Radar,32,24,2,0,58,0,0,0,0,0,32,24,2,0,58,0,0,0,58
12/19/2021,SHV,LA,ASW,CE,Combined TRACON& Tower with Radar,20,18,18,26,82,0,0,14,0,14,20,18,32,26,96,0,0,0,96
12/20/2021,SHV,LA,ASW,CE,Combined TRACON& Tower with Radar,28,28,16,0,72,0,0,0,0,0,28,28,16,0,72,0,0,0,72
12/21/2021,SHV,LA,ASW,CE,Combined TRACON& Tower with Radar,29,23,17,0,69,0,0,9,0,9,29,23,26,0,78,0,0,0,78
12/22/2021,SHV,LA,ASW,CE,Combined TRACON& Tower with Radar,27,37,11,0,75,0,2,19,0,21,27,39,30,0,96,0,0,0,96
12/23/2021,SHV,LA,ASW,CE,Combined TRACON& Tower with Radar,28,25,8,0,61,0,2,12,0,14,28,27,20,0,75,0,0,0,75
12/24/2021,SHV,LA,ASW,CE,Combined TRACON& Tower with Radar,21,15,10,0,46,0,2,5,0,7,21,17,15,0,53,0,0,0,53
12/25/2021,SHV,LA,ASW,CE,Combined TRACON& Tower with Radar,17,9,4,0,30,0,2,1,1,4,17,11,5,1,34,0,0,0,34
12/26/2021,SHV,LA,ASW,CE,Combined TRACON& Tower with Radar,21,16,18,0,55,0,0,8,0,8,21,16,26,0,63,0,0,0,63
12/27/2021,SHV,LA,ASW,CE,Combined TRACON& Tower with Radar,20,16,15,0,51,0,0,10,0,10,20,16,25,0,61,0,0,0,61
12/28/2021,SHV,LA,ASW,CE,Combined TRACON& Tower with Radar,26,16,24,1,67,0,3,4,1,8,26,19,28,2,75,0,0,0,75
12/29/2021,SHV,LA,ASW,CE,Combined TRACON& Tower with Radar,23,20,13,0,56,0,0,3,0,3,23,20,16,0,59,0,0,0,59
12/30/2021,SHV,LA,ASW,CE,Combined TRACON& Tower with Radar,28,22,19,0,69,0,0,14,0,14,28,22,33,0,83,0,0,0,83
12/31/2021,SHV,LA,ASW,CE,Combined TRACON& Tower with Radar,19,16,14,0,49,0,0,3,0,3,19,16,17,0,52,0,0,0,52
01/01/2022,SHV,LA,ASW,CE,Combined TRACON& Tower with Radar,15,9,6,0,30,0,0,4,0,4,15,9,10,0,34,0,0,0,34
01/02/2022,SHV,LA,ASW,CE,Combined TRACON& Tower with Radar,23,11,11,0,45,0,0,3,0,3,23,11,14,0,48,0,0,0,48
01/03/2022,SHV,LA,ASW,CE,Combined TRACON& Tower with Radar,22,21,21,0,64,0,4,13,0,17,22,25,34,0,81,0,0,0,81
01/04/2022,SHV,LA,ASW,CE,Combined TRACON& Tower with Radar,18,22,22,0,62,0,1,15,0,16,18,23,37,0,78,0,0,0,78
01/05/2022,SHV,LA,ASW,CE,Combined TRACON& Tower with Radar,13,30,9,10,62,0,0,8,0,8,13,30,17,10,70,0,0,0,70
01/06/2022,SHV,LA,ASW,CE,Combined TRACON& Tower with Radar,18,30,12,4,64,0,0,1,0,1,18,30,13,4,65,0,0,0,65
01/07/2022,SHV,LA,ASW,CE,Combined TRACON& Tower with Radar,20,27,15,4,66,0,2,3,0,5,20,29,18,4,71,0,0,0,71
01/08/2022,SHV,LA,ASW,CE,Combined TRACON& Tower with Radar,10,20,5,0,35,0,0,0,0,0,10,20,5,0,35,0,0,0,35
01/09/2022,SHV,LA,ASW,CE,Combined TRACON& Tower with Radar,9,24,9,2,44,0,1,8,0,9,9,25,17,2,53,0,0,0,53
01/10/2022,SHV,LA,ASW,CE,Combined TRACON& Tower with Radar,14,28,11,5,58,0,0,16,1,17,14,28,27,6,75,6,0,6,81
01/11/2022,SHV,LA,ASW,CE,Combined TRACON& Tower with Radar,14,30,25,8,77,0,4,6,0,10,14,34,31,8,87,0,0,0,87
01/12/2022,SHV,LA,ASW,CE,Combined TRACON& Tower with Radar,13,28,11,9,61,0,2,16,3,21,13,30,27,12,82,6,12,18,100
01/13/2022,SHV,LA,ASW,CE,Combined TRACON& Tower with Radar,24,36,14,0,74,0,2,22,1,25,24,38,36,1,99,0,0,0,99
01/14/2022,SHV,LA,ASW,CE,Combined TRACON& Tower with Radar,18,33,8,0,59,0,0,11,0,11,18,33,19,0,70,0,0,0,70
01/15/2022,SHV,LA,ASW,CE,Combined TRACON& Tower with Radar,17,24,6,0,47,0,0,0,0,0,17,24,6,0,47,0,0,0,47
01/16/2022,SHV,LA,ASW,CE,Combined TRACON& Tower with Radar,6,22,9,0,37,0,0,16,0,16,6,22,25,0,53,0,0,0,53
01/17/2022,SHV,LA,ASW,CE,Combined TRACON& Tower with Radar,14,29,18,0,61,0,2,23,0,25,14,31,41,0,86,0,0,0,86
01/18/2022,SHV,LA,ASW,CE,Combined TRACON& Tower with Radar,19,26,13,4,62,0,2,18,0,20,19,28,31,4,82,4,0,4,86
01/19/2022,SHV,LA,ASW,CE,Combined TRACON& Tower with Radar,16,30,11,4,61,0,2,1,0,3,16,32,12,4,64,0,0,0,64
01/20/2022,SHV,LA,ASW,CE,Combined TRACON& Tower with Radar,27,33,13,2,75,0,0,13,0,13,27,33,26,2,88,6,0,6,94
01/21/2022,SHV,LA,ASW,CE,Combined TRACON& Tower with Radar,32,29,11,22,94,0,0,14,2,16,32,29,25,24,110,0,0,0,110
01/22/2022,SHV,LA,ASW,CE,Combined TRACON& Tower with Radar,17,21,6,3,47,0,1,22,0,23,17,22,28,3,70,2,0,2,72
01/23/2022,SHV,LA,ASW,CE,Combined TRACON& Tower with Radar,13,26,9,6,54,0,2,19,3,24,13,28,28,9,78,2,0,2,80
01/24/2022,SHV,LA,ASW,CE,Combined TRACON& Tower with Radar,24,25,14,8,71,0,0,4,0,4,24,25,18,8,75,0,0,0,75
01/25/2022,SHV,LA,ASW,CE,Combined TRACON& Tower with Radar,22,32,16,0,70,0,0,17,0,17,22,32,33,0,87,0,0,0,87
01/26/2022,SHV,LA,ASW,CE,Combined TRACON& Tower with Radar,24,28,19,0,71,0,3,21,0,24,24,31,40,0,95,0,0,0,95
01/27/2022,SHV,LA,ASW,CE,Combined TRACON& Tower with Radar,32,30,20,2,84,0,0,16,0,16,32,30,36,2,100,0,0,0,100
01/28/2022,SHV,LA,ASW,CE,Combined TRACON& Tower with Radar,28,32,16,16,92,0,2,14,1,17,28,34,30,17,109,0,0,0,109
01/29/2022,SHV,LA,ASW,CE,Combined TRACON& Tower with Radar,15,22,10,11,58,0,0,26,4,30,15,22,36,15,88,0,0,0,88
01/30/2022,SHV,LA,ASW,CE,Combined TRACON& Tower with Radar,15,29,13,1,58,0,0,17,0,17,15,29,30,1,75,0,0,0,75
01/31/2022,SHV,LA,ASW,CE,Combined TRACON& Tower with Radar,21,29,13,2,65,0,1,11,2,14,21,30,24,4,79,0,0,0,79
02/01/2022,SHV,LA,ASW,CE,Combined TRACON& Tower with Radar,21,30,13,0,64,0,1,4,0,5,21,31,17,0,69,0,0,0,69
02/02/2022,SHV,LA,ASW,CE,Combined TRACON& Tower with Radar,17,28,20,0,65,0,0,0,0,0,17,28,20,0,65,0,0,0,65
02/03/2022,SHV,LA,ASW,CE,Combined TRACON& Tower with Radar,8,16,0,1,25,0,0,0,0,0,8,16,0,1,25,0,0,0,25
02/04/2022,SHV,LA,ASW,CE,Combined TRACON& Tower with Radar,19,28,14,1,62,0,0,0,0,0,19,28,14,1,62,0,0,0,62
02/05/2022,SHV,LA,ASW,CE,Combined TRACON& Tower with Radar,15,31,8,0,54,0,0,16,0,16,15,31,24,0,70,6,0,6,76
02/06/2022,SHV,LA,ASW,CE,Combined TRACON& Tower with Radar,11,33,13,0,57,0,0,9,0,9,11,33,22,0,66,0,0,0,66
02/07/2022,SHV,LA,ASW,CE,Combined TRACON& Tower with Radar,19,39,12,12,82,0,1,18,2,21,19,40,30,14,103,0,10,10,113
02/08/2022,SHV,LA,ASW,CE,Combined TRACON& Tower with Radar,20,29,14,10,73,0,4,24,1,29,20,33,38,11,102,10,0,10,112
02/09/2022,SHV,LA,ASW,CE,Combined TRACON& Tower with Radar,15,36,17,6,74,0,3,24,1,28,15,39,41,7,102,0,6,6,108
02/10/2022,SHV,LA,ASW,CE,Combined TRACON& Tower with Radar,13,44,29,6,92,0,0,28,2,30,13,44,57,8,122,35,0,35,157
02/11/2022,SHV,LA,ASW,CE,Combined TRACON& Tower with Radar,17,36,14,0,67,0,0,18,0,18,17,36,32,0,85,0,0,0,85
02/12/2022,SHV,LA,ASW,CE,Combined TRACON& Tower with Radar,15,39,14,0,68,0,1,1,0,2,15,40,15,0,70,4,0,4,74
02/13/2022,SHV,LA,ASW,CE,Combined TRACON& Tower with Radar,10,28,12,0,50,0,0,25,0,25,10,28,37,0,75,0,0,0,75
02/14/2022,SHV,LA,ASW,CE,Combined TRACON& Tower with Radar,15,28,15,4,62,0,0,11,0,11,15,28,26,4,73,0,0,0,73
02/15/2022,SHV,LA,ASW,CE,Combined TRACON& Tower with Radar,17,30,19,22,88,0,0,14,4,18,17,30,33,26,106,0,4,4,110
02/16/2022,SHV,LA,ASW,CE,Combined TRACON& Tower with Radar,15,33,15,8,71,0,0,3,0,3,15,33,18,8,74,0,0,0,74
02/17/2022,SHV,LA,ASW,CE,Combined TRACON& Tower with Radar,15,31,8,4,58,0,1,2,0,3,15,32,10,4,61,6,0,6,67
02/18/2022,SHV,LA,ASW,CE,Combined TRACON& Tower with Radar,18,38,15,42,113,0,4,26,0,30,18,42,41,42,143,6,0,6,149
02/19/2022,SHV,LA,ASW,CE,Combined TRACON& Tower with Radar,15,33,6,0,54,0,1,26,0,27,15,34,32,0,81,6,0,6,87
02/20/2022,SHV,LA,ASW,CE,Combined TRACON& Tower with Radar,12,31,24,0,67,0,0,33,0,33,12,31,57,0,100,16,0,16,116
02/21/2022,SHV,LA,ASW,CE,Combined TRACON& Tower with Radar,17,34,27,0,78,0,1,1,0,2,17,35,28,0,80,24,0,24,104
02/22/2022,SHV,LA,ASW,CE,Combined TRACON& Tower with Radar,16,30,31,0,77,0,3,12,0,15,16,33,43,0,92,0,0,0,92
02/23/2022,SHV,LA,ASW,CE,Combined TRACON& Tower with Radar,11,35,13,2,61,0,0,0,0,0,11,35,13,2,61,0,0,0,61
02/24/2022,SHV,LA,ASW,CE,Combined TRACON& Tower with Radar,14,32,14,0,60,0,0,0,0,0,14,32,14,0,60,0,0,0,60
02/25/2022,SHV,LA,ASW,CE,Combined TRACON& Tower with Radar,21,36,24,4,85,0,8,6,0,14,21,44,30,4,99,2,4,6,105
02/26/2022,SHV,LA,ASW,CE,Combined TRACON& Tower with Radar,10,36,12,0,58,0,0,0,0,0,10,36,12,0,58,0,0,0,58
02/27/2022,SHV,LA,ASW,CE,Combined TRACON& Tower with Radar,11,30,8,7,56,0,0,15,1,16,11,30,23,8,72,0,4,4,76
02/28/2022,SHV,LA,ASW,CE,Combined TRACON& Tower with Radar,16,39,7,8,70,0,0,13,6,19,16,39,20,14,89,0,20,20,109
03/01/2022,SHV,LA,ASW,CE,Combined TRACON& Tower with Radar,15,30,19,2,66,0,0,15,0,15,15,30,34,2,81,0,0,0,81
03/02/2022,SHV,LA,ASW,CE,Combined TRACON& Tower with Radar,18,38,21,9,86,0,2,22,2,26,18,40,43,11,112,0,14,14,126
03/03/2022,SHV,LA,ASW,CE,Combined TRACON& Tower with Radar,21,34,14,14,83,0,0,30,5,35,21,34,44,19,118,0,20,20,138
03/04/2022,SHV,LA,ASW,CE,Combined TRACON& Tower with Radar,18,36,19,3,76,0,0,11,2,13,18,36,30,5,89,8,0,8,97
03/05/2022,SHV,LA,ASW,CE,Combined TRACON& Tower with Radar,11,37,12,8,68,0,0,4,0,4,11,37,16,8,72,0,0,0,72
03/06/2022,SHV,LA,ASW,CE,Combined TRACON& Tower with Radar,12,31,5,0,48,0,0,6,1,7,12,31,11,1,55,0,0,0,55
03/07/2022,SHV,LA,ASW,CE,Combined TRACON& Tower with Radar,15,37,10,7,69,0,2,4,1,7,15,39,14,8,76,0,8,8,84
03/08/2022,SHV,LA,ASW,CE,Combined TRACON& Tower with Radar,14,25,17,0,56,0,2,1,0,3,14,27,18,0,59,0,0,0,59
03/09/2022,SHV,LA,ASW,CE,Combined TRACON& Tower with Radar,23,36,28,0,87,0,0,11,0,11,23,36,39,0,98,9,0,9,107
03/10/2022,SHV,LA,ASW,CE,Combined TRACON& Tower with Radar,19,26,19,11,75,0,0,19,0,19,19,26,38,11,94,0,0,0,94
03/11/2022,SHV,LA,ASW,CE,Combined TRACON& Tower with Radar,21,34,11,31,97,0,0,10,8,18,21,34,21,39,115,0,4,4,119
03/12/2022,SHV,LA,ASW,CE,Combined TRACON& Tower with Radar,12,28,20,0,60,0,2,14,2,18,12,30,34,2,78,13,0,13,91
03/13/2022,SHV,LA,ASW,CE,Combined TRACON& Tower with Radar,9,30,11,4,54,0,2,11,0,13,9,32,22,4,67,0,0,0,67
03/14/2022,SHV,LA,ASW,CE,Combined TRACON& Tower with Radar,10,32,11,0,53,0,0,1,0,1,10,32,12,0,54,0,0,0,54
03/15/2022,SHV,LA,ASW,CE,Combined TRACON& Tower with Radar,13,41,20,0,74,0,0,0,0,0,13,41,20,0,74,0,0,0,74
03/16/2022,SHV,LA,ASW,CE,Combined TRACON& Tower with Radar,19,30,14,0,63,0,3,34,0,37,19,33,48,0,100,10,0,10,110
03/17/2022,SHV,LA,ASW,CE,Combined TRACON& Tower with Radar,17,38,16,2,73,0,0,15,0,15,17,38,31,2,88,0,0,0,88
03/18/2022,SHV,LA,ASW,CE,Combined TRACON& Tower with Radar,28,32,13,15,88,0,0,8,0,8,28,32,21,15,96,0,0,0,96
03/19/2022,SHV,LA,ASW,CE,Combined TRACON& Tower with Radar,19,36,17,0,72,0,2,15,0,17,19,38,32,0,89,6,0,6,95
03/20/2022,SHV,LA,ASW,CE,Combined TRACON& Tower with Radar,11,23,13,8,55,0,5,7,1,13,11,28,20,9,68,0,0,0,68
03/21/2022,SHV,LA,ASW,CE,Combined TRACON& Tower with Radar,20,25,15,0,60,0,2,0,0,2,20,27,15,0,62,0,0,0,62
03/22/2022,SHV,LA,ASW,CE,Combined TRACON& Tower with Radar,15,21,15,0,51,0,0,0,0,0,15,21,15,0,51,0,0,0,51
03/23/2022,SHV,LA,ASW,CE,Combined TRACON& Tower with Radar,18,29,18,2,67,0,4,13,0,17,18,33,31,2,84,0,0,0,84
03/24/2022,SHV,LA,ASW,CE,Combined TRACON& Tower with Radar,23,38,19,2,82,0,0,16,2,18,23,38,35,4,100,0,0,0,100
03/25/2022,SHV,LA,ASW,CE,Combined TRACON& Tower with Radar,21,32,11,7,71,0,4,16,1,21,21,36,27,8,92,52,10,62,154
03/26/2022,SHV,LA,ASW,CE,Combined TRACON& Tower with Radar,14,39,23,0,76,0,2,19,0,21,14,41,42,0,97,6,0,6,103
03/27/2022,SHV,LA,ASW,CE,Combined TRACON& Tower with Radar,10,24,14,6,54,0,0,11,1,12,10,24,25,7,66,0,0,0,66
03/28/2022,SHV,LA,ASW,CE,Combined TRACON& Tower with Radar,13,21,27,2,63,0,7,13,0,20,13,28,40,2,83,28,4,32,115
03/29/2022,SHV,LA,ASW,CE,Combined TRACON& Tower with Radar,13,40,26,2,81,0,3,1,0,4,13,43,27,2,85,0,0,0,85
03/30/2022,SHV,LA,ASW,CE,Combined TRACON& Tower with Radar,16,33,13,0,62,0,0,0,0,0,16,33,13,0,62,0,0,0,62
03/31/2022,SHV,LA,ASW,CE,Combined TRACON& Tower with Radar,16,42,39,6,103,0,2,35,0,37,16,44,74,6,140,0,0,0,140
04/01/2022,SHV,LA,ASW,CE,Combined TRACON& Tower with Radar,21,27,27,2,77,0,4,10,0,14,21,31,37,2,91,16,0,16,107
04/02/2022,SHV,LA,ASW,CE,Combined TRACON& Tower with Radar,15,31,8,20,74,0,0,21,0,21,15,31,29,20,95,0,7,7,102
04/03/2022,SHV,LA,ASW,CE,Combined TRACON& Tower with Radar,21,22,18,0,61,0,6,33,0,39,21,28,51,0,100,30,0,30,130
04/04/2022,SHV,LA,ASW,CE,Combined TRACON& Tower with Radar,21,23,13,0,57,0,1,19,0,20,21,24,32,0,77,0,0,0,77
04/05/2022,SHV,LA,ASW,CE,Combined TRACON& Tower with Radar,24,33,10,0,67,0,0,7,0,7,24,33,17,0,74,0,0,0,74
04/06/2022,SHV,LA,ASW,CE,Combined TRACON& Tower with Radar,22,21,26,6,75,0,1,10,0,11,22,22,36,6,86,0,0,0,86
04/07/2022,SHV,LA,ASW,CE,Combined TRACON& Tower with Radar,29,41,19,2,91,0,4,6,0,10,29,45,25,2,101,0,0,0,101
04/08/2022,SHV,LA,ASW,CE,Combined TRACON& Tower with Radar,28,31,23,6,88,0,0,15,0,15,28,31,38,6,103,9,0,9,112
04/09/2022,SHV,LA,ASW,CE,Combined TRACON& Tower with Radar,14,25,14,9,62,0,0,18,3,21,14,25,32,12,83,14,0,14,97
04/10/2022,SHV,LA,ASW,CE,Combined TRACON& Tower with Radar,17,23,9,0,49,0,1,3,0,4,17,24,12,0,53,0,0,0,53
04/11/2022,SHV,LA,ASW,CE,Combined TRACON& Tower with Radar,24,31,19,8,82,0,1,0,0,1,24,32,19,8,83,0,0,0,83
04/12/2022,SHV,LA,ASW,CE,Combined TRACON& Tower with Radar,17,27,17,0,61,0,0,5,0,5,17,27,22,0,66,5,0,5,71
04/13/2022,SHV,LA,ASW,CE,Combined TRACON& Tower with Radar,25,26,7,0,58,0,0,4,0,4,25,26,11,0,62,0,0,0,62
04/14/2022,SHV,LA,ASW,CE,Combined TRACON& Tower with Radar,22,23,31,2,78,0,0,17,4,21,22,23,48,6,99,2,6,8,107
04/15/2022,SHV,LA,ASW,CE,Combined TRACON& Tower with Radar,27,27,27,0,81,0,1,5,0,6,27,28,32,0,87,2,0,2,89
04/16/2022,SHV,LA,ASW,CE,Combined TRACON& Tower with Radar,16,21,6,0,43,0,1,2,0,3,16,22,8,0,46,0,0,0,46
04/17/2022,SHV,LA,ASW,CE,Combined TRACON& Tower with Radar,16,20,9,0,45,0,0,1,0,1,16,20,10,0,46,0,0,0,46
04/18/2022,SHV,LA,ASW,CE,Combined TRACON& Tower with Radar,22,17,15,5,59,0,1,27,1,29,22,18,42,6,88,8,0,8,96
04/19/2022,SHV,LA,ASW,CE,Combined TRACON& Tower with Radar,24,16,27,5,72,0,0,13,17,30,24,16,40,22,102,6,30,36,138
04/20/2022,SHV,LA,ASW,CE,Combined TRACON& Tower with Radar,23,27,20,2,72,0,0,3,0,3,23,27,23,2,75,0,0,0,75
04/21/2022,SHV,LA,ASW,CE,Combined TRACON& Tower with Radar,24,27,28,4,83,0,0,4,0,4,24,27,32,4,87,0,0,0,87
04/22/2022,SHV,LA,ASW,CE,Combined TRACON& Tower with Radar,25,49,21,24,119,0,3,12,13,28,25,52,33,37,147,0,17,17,164
04/23/2022,SHV,LA,ASW,CE,Combined TRACON& Tower with Radar,18,28,10,23,79,0,2,8,1,11,18,30,18,24,90,2,0,2,92
04/24/2022,SHV,LA,ASW,CE,Combined TRACON& Tower with Radar,20,22,11,0,53,0,0,9,1,10,20,22,20,1,63,0,0,0,63
04/25/2022,SHV,LA,ASW,CE,Combined TRACON& Tower with Radar,22,23,15,1,61,0,0,1,0,1,22,23,16,1,62,0,0,0,62
04/26/2022,SHV,LA,ASW,CE,Combined TRACON& Tower with Radar,24,40,18,5,87,0,7,23,2,32,24,47,41,7,119,20,0,20,139
04/27/2022,SHV,LA,ASW,CE,Combined TRACON& Tower with Radar,23,23,10,7,63,0,1,34,0,35,23,24,44,7,98,0,0,0,98
04/28/2022,SHV,LA,ASW,CE,Combined TRACON& Tower with Radar,28,29,25,4,86,0,1,11,2,14,28,30,36,6,100,0,0,0,100
04/29/2022,SHV,LA,ASW,CE,Combined TRACON& Tower with Radar,29,28,24,49,130,0,0,10,4,14,29,28,34,53,144,0,0,0,144
04/30/2022,SHV,LA,ASW,CE,Combined TRACON& Tower with Radar,17,24,18,0,59,0,0,8,0,8,17,24,26,0,67,0,0,0,67
05/01/2022,SHV,LA,ASW,CE,Combined TRACON& Tower with Radar,18,16,19,28,81,0,4,23,6,33,18,20,42,34,114,20,0,20,134
05/02/2022,SHV,LA,ASW,CE,Combined TRACON& Tower with Radar,24,22,19,0,65,0,2,6,0,8,24,24,25,0,73,0,0,0,73
05/03/2022,SHV,LA,ASW,CE,Combined TRACON& Tower with Radar,34,27,13,0,74,0,0,7,0,7,34,27,20,0,81,15,0,15,96
05/04/2022,SHV,LA,ASW,CE,Combined TRACON& Tower with Radar,28,29,29,3,89,0,5,7,0,12,28,34,36,3,101,0,2,2,103
05/05/2022,SHV,LA,ASW,CE,Combined TRACON& Tower with Radar,24,22,23,0,69,0,0,0,0,0,24,22,23,0,69,0,0,0,69
05/06/2022,SHV,LA,ASW,CE,Combined TRACON& Tower with Radar,27,31,13,10,81,0,6,13,0,19,27,37,26,10,100,0,0,0,100
05/07/2022,SHV,LA,ASW,CE,Combined TRACON& Tower with Radar,14,12,12,0,38,0,0,12,0,12,14,12,24,0,50,0,0,0,50
05/08/2022,SHV,LA,ASW,CE,Combined TRACON& Tower with Radar,18,15,13,10,56,0,1,8,0,9,18,16,21,10,65,0,0,0,65
05/09/2022,SHV,LA,ASW,CE,Combined TRACON& Tower with Radar,22,22,27,2,73,0,0,11,4,15,22,22,38,6,88,0,12,12,100
05/10/2022,SHV,LA,ASW,CE,Combined TRACON& Tower with Radar,24,19,23,2,68,0,3,16,0,19,24,22,39,2,87,6,0,6,93
05/11/2022,SHV,LA,ASW,CE,Combined TRACON& Tower with Radar,24,25,32,12,93,0,0,11,2,13,24,25,43,14,106,0,16,16,122
05/12/2022,SHV,LA,ASW,CE,Combined TRACON& Tower with Radar,29,25,29,4,87,0,1,37,2,40,29,26,66,6,127,6,10,16,143
05/13/2022,SHV,LA,ASW,CE,Combined TRACON& Tower with Radar,28,16,15,16,75,0,2,13,1,16,28,18,28,17,91,0,0,0,91
05/14/2022,SHV,LA,ASW,CE,Combined TRACON& Tower with Radar,17,21,9,8,55,0,0,5,0,5,17,21,14,8,60,4,0,4,64
05/15/2022,SHV,LA,ASW,CE,Combined TRACON& Tower with Radar,17,20,19,4,60,0,3,10,0,13,17,23,29,4,73,0,0,0,73
05/16/2022,SHV,LA,ASW,CE,Combined TRACON& Tower with Radar,24,21,18,0,63,0,3,23,0,26,24,24,41,0,89,0,0,0,89
05/17/2022,SHV,LA,ASW,CE,Combined TRACON& Tower with Radar,26,22,25,11,84,0,0,13,3,16,26,22,38,14,100,4,0,4,104
05/18/2022,SHV,LA,ASW,CE,Combined TRACON& Tower with Radar,23,25,10,7,65,0,0,19,1,20,23,25,29,8,85,0,0,0,85
05/19/2022,SHV,LA,ASW,CE,Combined TRACON& Tower with Radar,26,17,10,0,53,0,1,8,0,9,26,18,18,0,62,0,0,0,62
05/20/2022,SHV,LA,ASW,CE,Combined TRACON& Tower with Radar,28,18,13,1,60,0,1,15,5,21,28,19,28,6,81,0,10,10,91
05/21/2022,SHV,LA,ASW,CE,Combined TRACON& Tower with Radar,17,21,9,0,47,0,1,3,0,4,17,22,12,0,51,4,0,4,55
05/22/2022,SHV,LA,ASW,CE,Combined TRACON& Tower with Radar,25,22,8,9,64,0,0,1,1,2,25,22,9,10,66,0,0,0,66
05/23/2022,SHV,LA,ASW,CE,Combined TRACON& Tower with Radar,29,20,32,6,87,0,1,3,0,4,29,21,35,6,91,0,0,0,91
05/24/2022,SHV,LA,ASW,CE,Combined TRACON& Tower with Radar,19,26,18,0,63,0,0,1,2,3,19,26,19,2,66,0,0,0,66
05/25/2022,SHV,LA,ASW,CE,Combined TRACON& Tower with Radar,24,36,12,8,80,0,0,3,3,6,24,36,15,11,86,0,0,0,86
05/26/2022,SHV,LA,ASW,CE,Combined TRACON& Tower with Radar,24,26,24,2,76,0,3,7,0,10,24,29,31,2,86,0,0,0,86
05/27/2022,SHV,LA,ASW,CE,Combined TRACON& Tower with Radar,27,23,24,0,74,0,0,8,0,8,27,23,32,0,82,0,0,0,82
05/28/2022,SHV,LA,ASW,CE,Combined TRACON& Tower with Radar,18,24,10,0,52,0,3,7,0,10,18,27,17,0,62,8,0,8,70
05/29/2022,SHV,LA,ASW,CE,Combined TRACON& Tower with Radar,12,17,8,0,37,0,2,7,0,9,12,19,15,0,46,0,0,0,46
05/30/2022,SHV,LA,ASW,CE,Combined TRACON& Tower with Radar,19,13,10,0,42,0,0,4,0,4,19,13,14,0,46,0,2,2,48
05/31/2022,SHV,LA,ASW,CE,Combined TRACON& Tower with Radar,19,14,10,2,45,0,5,16,2,23,19,19,26,4,68,0,0,0,68
06/01/2022,SHV,LA,ASW,CE,Combined TRACON& Tower with Radar,32,22,12,7,73,0,0,11,3,14,32,22,23,10,87,0,6,6,93
06/02/2022,SHV,LA,ASW,CE,Combined TRACON& Tower with Radar,30,20,11,0,61,0,0,1,0,1,30,20,12,0,62,0,0,0,62
06/03/2022,SHV,LA,ASW,CE,Combined TRACON& Tower with Radar,27,26,14,7,74,0,2,10,0,12,27,28,24,7,86,0,4,4,90
06/04/2022,SHV,LA,ASW,CE,Combined TRACON& Tower with Radar,14,24,10,40,88,0,3,11,3,17,14,27,21,43,105,36,10,46,151
06/05/2022,SHV,LA,ASW,CE,Combined TRACON& Tower with Radar,21,25,14,3,63,0,2,10,0,12,21,27,24,3,75,0,0,0,75
06/06/2022,SHV,LA,ASW,CE,Combined TRACON& Tower with Radar,23,27,17,6,73,0,2,6,4,12,23,29,23,10,85,12,0,12,97
06/07/2022,SHV,LA,ASW,CE,Combined TRACON& Tower with Radar,24,30,23,13,90,0,0,8,5,13,24,30,31,18,103,6,18,24,127
06/08/2022,SHV,LA,ASW,CE,Combined TRACON& Tower with Radar,20,36,20,22,98,0,0,13,1,14,20,36,33,23,112,12,12,24,136
06/09/2022,SHV,LA,ASW,CE,Combined TRACON& Tower with Radar,24,40,33,2,99,0,2,15,0,17,24,42,48,2,116,10,0,10,126
06/10/2022,SHV,LA,ASW,CE,Combined TRACON& Tower with Radar,30,32,15,18,95,0,2,2,0,4,30,34,17,18,99,0,8,8,107
06/11/2022,SHV,LA,ASW,CE,Combined TRACON& Tower with Radar,10,30,10,12,62,0,0,5,3,8,10,30,15,15,70,0,6,6,76
06/12/2022,SHV,LA,ASW,CE,Combined TRACON& Tower with Radar,16,34,23,11,84,0,0,9,0,9,16,34,32,11,93,4,0,4,97
06/13/2022,SHV,LA,ASW,CE,Combined TRACON& Tower with Radar,29,30,26,0,85,1,0,10,0,11,30,30,36,0,96,0,0,0,96
06/14/2022,SHV,LA,ASW,CE,Combined TRACON& Tower with Radar,22,38,34,2,96,0,5,14,0,19,22,43,48,2,115,0,0,0,115
06/15/2022,SHV,LA,ASW,CE,Combined TRACON& Tower with Radar,20,33,23,7,83,0,0,17,4,21,20,33,40,11,104,0,16,16,120
06/16/2022,SHV,LA,ASW,CE,Combined TRACON& Tower with Radar,27,38,16,6,87,0,0,11,0,11,27,38,27,6,98,0,0,0,98
06/17/2022,SHV,LA,ASW,CE,Combined TRACON& Tower with Radar,35,37,17,15,104,0,2,14,6,22,35,39,31,21,126,0,4,4,130
06/18/2022,SHV,LA,ASW,CE,Combined TRACON& Tower with Radar,18,33,4,0,55,0,1,10,0,11,18,34,14,0,66,0,0,0,66
06/19/2022,SHV,LA,ASW,CE,Combined TRACON& Tower with Radar,17,22,10,5,54,0,1,9,1,11,17,23,19,6,65,2,0,2,67
06/20/2022,SHV,LA,ASW,CE,Combined TRACON& Tower with Radar,27,34,10,5,76,0,0,13,0,13,27,34,23,5,89,0,0,0,89
06/21/2022,SHV,LA,ASW,CE,Combined TRACON& Tower with Radar,22,27,13,9,71,0,0,10,1,11,22,27,23,10,82,2,0,2,84
06/22/2022,SHV,LA,ASW,CE,Combined TRACON& Tower with Radar,35,31,14,9,89,0,2,13,11,26,35,33,27,20,115,16,12,28,143
06/23/2022,SHV,LA,ASW,CE,Combined TRACON& Tower with Radar,27,40,13,4,84,0,2,15,6,23,27,42,28,10,107,0,0,0,107
06/24/2022,SHV,LA,ASW,CE,Combined TRACON& Tower with Radar,30,35,7,6,78,0,2,13,0,15,30,37,20,6,93,18,0,18,111
06/25/2022,SHV,LA,ASW,CE,Combined TRACON& Tower with Radar,13,27,17,42,99,0,2,24,19,45,13,29,41,61,144,14,10,24,168
06/26/2022,SHV,LA,ASW,CE,Combined TRACON& Tower with Radar,12,25,6,1,44,0,1,7,1,9,12,26,13,2,53,0,2,2,55
06/27/2022,SHV,LA,ASW,CE,Combined TRACON& Tower with Radar,29,28,11,20,88,0,0,14,0,14,29,28,25,20,102,6,4,10,112
06/28/2022,SHV,LA,ASW,CE,Combined TRACON& Tower with Radar,26,34,26,6,92,0,1,22,2,25,26,35,48,8,117,20,0,20,137
06/29/2022,SHV,LA,ASW,CE,Combined TRACON& Tower with Radar,20,30,12,0,62,0,0,12,0,12,20,30,24,0,74,18,0,18,92
06/30/2022,SHV,LA,ASW,CE,Combined TRACON& Tower with Radar,26,36,20,0,82,0,0,13,0,13,26,36,33,0,95,0,0,0,95
07/01/2022,SHV,LA,ASW,CE,Combined TRACON& Tower with Radar,30,27,17,0,74,0,0,3,0,3,30,27,20,0,77,0,2,2,79
07/02/2022,SHV,LA,ASW,CE,Combined TRACON& Tower with Radar,14,24,12,0,50,0,0,7,0,7,14,24,19,0,57,0,0,0,57
07/03/2022,SHV,LA,ASW,CE,Combined TRACON& Tower with Radar,11,24,6,0,41,0,0,7,2,9,11,24,13,2,50,0,0,0,50
07/04/2022,SHV,LA,ASW,CE,Combined TRACON& Tower with Radar,19,23,4,0,46,0,1,7,0,8,19,24,11,0,54,0,0,0,54
07/05/2022,SHV,LA,ASW,CE,Combined TRACON& Tower with Radar,10,28,18,7,63,0,0,11,1,12,10,28,29,8,75,0,2,2,77
07/06/2022,SHV,LA,ASW,CE,Combined TRACON& Tower with Radar,14,33,27,17,91,0,5,10,6,21,14,38,37,23,112,34,0,34,146
07/07/2022,SHV,LA,ASW,CE,Combined TRACON& Tower with Radar,21,32,20,0,73,0,1,11,6,18,21,33,31,6,91,0,0,0,91
07/08/2022,SHV,LA,ASW,CE,Combined TRACON& Tower with Radar,19,28,21,12,80,0,1,21,6,28,19,29,42,18,108,16,10,26,134
07/09/2022,SHV,LA,ASW,CE,Combined TRACON& Tower with Radar,12,26,16,32,86,0,0,15,0,15,12,26,31,32,101,2,0,2,103
07/10/2022,SHV,LA,ASW,CE,Combined TRACON& Tower with Radar,14,27,16,25,82,0,2,9,0,11,14,29,25,25,93,22,0,22,115
07/11/2022,SHV,LA,ASW,CE,Combined TRACON& Tower with Radar,17,34,16,4,71,0,0,13,0,13,17,34,29,4,84,8,0,8,92
07/12/2022,SHV,LA,ASW,CE,Combined TRACON& Tower with Radar,15,27,12,0,54,0,2,17,0,19,15,29,29,0,73,15,0,15,88
07/13/2022,SHV,LA,ASW,CE,Combined TRACON& Tower with Radar,14,28,23,2,67,0,0,12,1,13,14,28,35,3,80,16,0,16,96
07/14/2022,SHV,LA,ASW,CE,Combined TRACON& Tower with Radar,18,26,18,0,62,0,2,13,0,15,18,28,31,0,77,0,0,0,77
07/15/2022,SHV,LA,ASW,CE,Combined TRACON& Tower with Radar,23,30,20,51,124,0,0,22,18,40,23,30,42,69,164,2,14,16,180
07/16/2022,SHV,LA,ASW,CE,Combined TRACON& Tower with Radar,11,37,17,12,77,0,2,13,2,17,11,39,30,14,94,0,0,0,94
07/17/2022,SHV,LA,ASW,CE,Combined TRACON& Tower with Radar,11,25,15,2,53,0,1,13,2,16,11,26,28,4,69,5,0,5,74
07/18/2022,SHV,LA,ASW,CE,Combined TRACON& Tower with Radar,16,28,11,15,70,0,0,12,1,13,16,28,23,16,83,5,29,34,117
07/19/2022,SHV,LA,ASW,CE,Combined TRACON& Tower with Radar,17,34,12,1,64,0,1,8,1,10,17,35,20,2,74,0,0,0,74
07/20/2022,SHV,LA,ASW,CE,Combined TRACON& Tower with Radar,18,31,18,0,67,0,2,16,0,18,18,33,34,0,85,0,6,6,91
07/21/2022,SHV,LA,ASW,CE,Combined TRACON& Tower with Radar,22,28,23,0,73,0,0,9,0,9,22,28,32,0,82,0,0,0,82
07/22/2022,SHV,LA,ASW,CE,Combined TRACON& Tower with Radar,27,32,12,0,71,0,0,3,0,3,27,32,15,0,74,15,0,15,89
07/23/2022,SHV,LA,ASW,CE,Combined TRACON& Tower with Radar,15,32,18,8,73,0,1,11,0,12,15,33,29,8,85,14,22,36,121
07/24/2022,SHV,LA,ASW,CE,Combined TRACON& Tower with Radar,12,29,5,4,50,0,2,21,0,23,12,31,26,4,73,4,0,4,77
07/25/2022,SHV,LA,ASW,CE,Combined TRACON& Tower with Radar,20,31,20,0,71,0,2,10,0,12,20,33,30,0,83,4,0,4,87
07/26/2022,SHV,LA,ASW,CE,Combined TRACON& Tower with Radar,21,30,20,11,82,0,0,17,9,26,21,30,37,20,108,0,14,14,122
07/27/2022,SHV,LA,ASW,CE,Combined TRACON& Tower with Radar,14,39,22,2,77,0,0,7,0,7,14,39,29,2,84,0,0,0,84
07/28/2022,SHV,LA,ASW,CE,Combined TRACON& Tower with Radar,20,36,15,9,80,0,2,3,2,7,20,38,18,11,87,26,8,34,121
07/29/2022,SHV,LA,ASW,CE,Combined TRACON& Tower with Radar,32,28,15,8,83,0,0,7,0,7,32,28,22,8,90,0,0,0,90
07/30/2022,SHV,LA,ASW,CE,Combined TRACON& Tower with Radar,12,28,20,0,60,0,0,8,0,8,12,28,28,0,68,0,0,0,68
07/31/2022,SHV,LA,ASW,CE,Combined TRACON& Tower with Radar,16,25,11,6,58,0,1,6,1,8,16,26,17,7,66,0,0,0,66
08/01/2022,SHV,LA,ASW,CE,Combined TRACON& Tower with Radar,22,37,28,25,112,0,6,2,5,13,22,43,30,30,125,0,0,0,125
08/02/2022,SHV,LA,ASW,CE,Combined TRACON& Tower with Radar,18,38,25,7,88,0,0,20,1,21,18,38,45,8,109,0,0,0,109
08/03/2022,SHV,LA,ASW,CE,Combined TRACON& Tower with Radar,24,29,19,20,92,0,0,7,6,13,24,29,26,26,105,0,0,0,105
08/04/2022,SHV,LA,ASW,CE,Combined TRACON& Tower with Radar,21,31,27,14,93,0,0,13,1,14,21,31,40,15,107,0,0,0,107
08/05/2022,SHV,LA,ASW,CE,Combined TRACON& Tower with Radar,29,34,20,17,100,0,0,24,3,27,29,34,44,20,127,0,0,0,127
08/06/2022,SHV,LA,ASW,CE,Combined TRACON& Tower with Radar,12,29,16,0,57,0,3,9,0,12,12,32,25,0,69,0,0,0,69
08/07/2022,SHV,LA,ASW,CE,Combined TRACON& Tower with Radar,18,31,10,14,73,0,2,12,0,14,18,33,22,14,87,15,0,15,102
08/08/2022,SHV,LA,ASW,CE,Combined TRACON& Tower with Radar,22,26,18,3,69,0,0,21,4,25,22,26,39,7,94,12,2,14,108
08/09/2022,SHV,LA,ASW,CE,Combined TRACON& Tower with Radar,28,30,19,4,81,0,3,7,4,14,28,33,26,8,95,0,0,0,95
08/10/2022,SHV,LA,ASW,CE,Combined TRACON& Tower with Radar,36,35,12,2,85,0,0,9,1,10,36,35,21,3,95,0,0,0,95
08/11/2022,SHV,LA,ASW,CE,Combined TRACON& Tower with Radar,34,28,22,0,84,0,2,3,0,5,34,30,25,0,89,0,0,0,89
08/12/2022,SHV,LA,ASW,CE,Combined TRACON& Tower with Radar,32,40,14,24,110,0,1,6,0,7,32,41,20,24,117,0,0,0,117
08/13/2022,SHV,LA,ASW,CE,Combined TRACON& Tower with Radar,14,35,26,2,77,0,0,24,0,24,14,35,50,2,101,0,0,0,101
08/14/2022,SHV,LA,ASW,CE,Combined TRACON& Tower with Radar,14,29,7,10,60,0,0,11,0,11,14,29,18,10,71,12,0,12,83
08/15/2022,SHV,LA,ASW,CE,Combined TRACON& Tower with Radar,25,27,7,11,70,0,0,17,1,18,25,27,24,12,88,28,0,28,116
08/16/2022,SHV,LA,ASW,CE,Combined TRACON& Tower with Radar,23,29,28,6,86,0,0,20,6,26,23,29,48,12,112,0,0,0,112
08/17/2022,SHV,LA,ASW,CE,Combined TRACON& Tower with Radar,21,34,16,6,77,0,1,10,0,11,21,35,26,6,88,0,0,0,88
08/18/2022,SHV,LA,ASW,CE,Combined TRACON& Tower with Radar,31,37,30,0,98,0,0,2,0,2,31,37,32,0,100,0,0,0,100
08/19/2022,SHV,LA,ASW,CE,Combined TRACON& Tower with Radar,34,32,18,48,132,0,1,12,1,14,34,33,30,49,146,0,0,0,146
08/20/2022,SHV,LA,ASW,CE,Combined TRACON& Tower with Radar,13,30,12,20,75,0,1,7,0,8,13,31,19,20,83,0,8,8,91
08/21/2022,SHV,LA,ASW,CE,Combined TRACON& Tower with Radar,12,24,6,0,42,0,0,3,0,3,12,24,9,0,45,0,0,0,45
08/22/2022,SHV,LA,ASW,CE,Combined TRACON& Tower with Radar,18,23,5,0,46,0,0,0,0,0,18,23,5,0,46,0,0,0,46
08/23/2022,SHV,LA,ASW,CE,Combined TRACON& Tower with Radar,20,24,15,0,59,0,0,2,0,2,20,24,17,0,61,0,0,0,61
08/24/2022,SHV,LA,ASW,CE,Combined TRACON& Tower with Radar,33,30,16,3,82,0,0,1,0,1,33,30,17,3,83,0,0,0,83
08/25/2022,SHV,LA,ASW,CE,Combined TRACON& Tower with Radar,24,33,25,4,86,0,0,9,0,9,24,33,34,4,95,0,0,0,95
08/26/2022,SHV,LA,ASW,CE,Combined TRACON& Tower with Radar,26,32,8,4,70,0,0,4,0,4,26,32,12,4,74,0,0,0,74
08/27/2022,SHV,LA,ASW,CE,Combined TRACON& Tower with Radar,17,46,6,2,71,0,1,5,0,6,17,47,11,2,77,0,0,0,77
08/28/2022,SHV,LA,ASW,CE,Combined TRACON& Tower with Radar,13,28,13,7,61,0,0,7,0,7,13,28,20,7,68,0,0,0,68
08/29/2022,SHV,LA,ASW,CE,Combined TRACON& Tower with Radar,22,26,12,1,61,0,2,9,0,11,22,28,21,1,72,24,0,24,96
08/30/2022,SHV,LA,ASW,CE,Combined TRACON& Tower with Radar,20,30,21,0,71,0,0,8,0,8,20,30,29,0,79,0,0,0,79
08/31/2022,SHV,LA,ASW,CE,Combined TRACON& Tower with Radar,34,30,15,0,79,0,0,15,0,15,34,30,30,0,94,0,0,0,94
09/01/2022,SHV,LA,ASW,CE,Combined TRACON& Tower with Radar,24,33,28,0,85,0,0,17,0,17,24,33,45,0,102,0,0,0,102
09/02/2022,SHV,LA,ASW,CE,Combined TRACON& Tower with Radar,29,32,14,0,75,0,0,5,0,5,29,32,19,0,80,0,0,0,80
09/03/2022,SHV,LA,ASW,CE,Combined TRACON& Tower with Radar,22,20,7,0,49,0,4,11,0,15,22,24,18,0,64,0,0,0,64
09/04/2022,SHV,LA,ASW,CE,Combined TRACON& Tower with Radar,13,20,11,3,47,0,4,7,1,12,13,24,18,4,59,0,0,0,59
09/05/2022,SHV,LA,ASW,CE,Combined TRACON& Tower with Radar,16,36,16,0,68,0,0,3,0,3,16,36,19,0,71,0,0,0,71
09/06/2022,SHV,LA,ASW,CE,Combined TRACON& Tower with Radar,24,23,7,0,54,0,1,9,0,10,24,24,16,0,64,0,0,0,64
09/07/2022,SHV,LA,ASW,CE,Combined TRACON& Tower with Radar,29,19,20,0,68,0,2,5,0,7,29,21,25,0,75,0,0,0,75
09/08/2022,SHV,LA,ASW,CE,Combined TRACON& Tower with Radar,27,36,18,0,81,0,0,20,0,20,27,36,38,0,101,0,0,0,101
09/09/2022,SHV,LA,ASW,CE,Combined TRACON& Tower with Radar,34,23,16,0,73,0,1,8,0,9,34,24,24,0,82,0,0,0,82
09/10/2022,SHV,LA,ASW,CE,Combined TRACON& Tower with Radar,24,19,24,14,81,0,0,9,1,10,24,19,33,15,91,0,0,0,91
09/11/2022,SHV,LA,ASW,CE,Combined TRACON& Tower with Radar,18,17,20,1,56,0,1,16,0,17,18,18,36,1,73,0,0,0,73
09/12/2022,SHV,LA,ASW,CE,Combined TRACON& Tower with Radar,26,25,7,0,58,0,1,18,0,19,26,26,25,0,77,18,0,18,95
09/13/2022,SHV,LA,ASW,CE,Combined TRACON& Tower with Radar,26,21,30,1,78,0,1,29,1,31,26,22,59,2,109,0,0,0,109
09/14/2022,SHV,LA,ASW,CE,Combined TRACON& Tower with Radar,25,24,32,0,81,0,1,25,0,26,25,25,57,0,107,0,0,0,107
09/15/2022,SHV,LA,ASW,CE,Combined TRACON& Tower with Radar,28,23,20,0,71,0,0,20,0,20,28,23,40,0,91,0,0,0,91
09/16/2022,SHV,LA,ASW,CE,Combined TRACON& Tower with Radar,26,27,20,9,82,0,1,17,1,19,26,28,37,10,101,0,0,0,101
09/17/2022,SHV,LA,ASW,CE,Combined TRACON& Tower with Radar,14,23,21,6,64,0,2,20,0,22,14,25,41,6,86,0,0,0,86
09/18/2022,SHV,LA,ASW,CE,Combined TRACON& Tower with Radar,21,20,29,6,76,0,2,12,0,14,21,22,41,6,90,0,0,0,90
09/19/2022,SHV,LA,ASW,CE,Combined TRACON& Tower with Radar,26,21,14,2,63,0,0,15,4,19,26,21,29,6,82,0,11,11,93
09/20/2022,SHV,LA,ASW,CE,Combined TRACON& Tower with Radar,25,25,10,0,60,0,0,18,2,20,25,25,28,2,80,0,0,0,80
09/21/2022,SHV,LA,ASW,CE,Combined TRACON& Tower with Radar,30,36,26,0,92,0,0,24,6,30,30,36,50,6,122,0,0,0,122
09/22/2022,SHV,LA,ASW,CE,Combined TRACON& Tower with Radar,29,22,29,3,83,0,0,15,0,15,29,22,44,3,98,0,0,0,98
09/23/2022,SHV,LA,ASW,CE,Combined TRACON& Tower with Radar,28,29,23,6,86,0,2,17,6,25,28,31,40,12,111,0,20,20,131
09/24/2022,SHV,LA,ASW,CE,Combined TRACON& Tower with Radar,19,25,20,3,67,0,2,11,1,14,19,27,31,4,81,0,0,0,81
09/25/2022,SHV,LA,ASW,CE,Combined TRACON& Tower with Radar,24,19,16,1,60,0,0,3,0,3,24,19,19,1,63,0,0,0,63
09/26/2022,SHV,LA,ASW,CE,Combined TRACON& Tower with Radar,23,22,19,0,64,0,0,16,0,16,23,22,35,0,80,0,0,0,80
09/27/2022,SHV,LA,ASW,CE,Combined TRACON& Tower with Radar,30,25,29,0,84,0,0,23,0,23,30,25,52,0,107,0,0,0,107
09/28/2022,SHV,LA,ASW,CE,Combined TRACON& Tower with Radar,24,27,27,5,83,0,0,14,3,17,24,27,41,8,100,0,0,0,100
09/29/2022,SHV,LA,ASW,CE,Combined TRACON& Tower with Radar,27,30,27,0,84,0,0,19,0,19,27,30,46,0,103,0,0,0,103
09/30/2022,SHV,LA,ASW,CE,Combined TRACON& Tower with Radar,26,25,17,15,83,0,0,14,17,31,26,25,31,32,114,4,22,26,140
10/01/2022,SHV,LA,ASW,CE,Combined TRACON& Tower with Radar,16,19,14,0,49,0,5,8,0,13,16,24,22,0,62,0,0,0,62
10/02/2022,SHV,LA,ASW,CE,Combined TRACON& Tower with Radar,22,16,11,2,51,0,6,8,0,14,22,22,19,2,65,0,0,0,65
10/03/2022,SHV,LA,ASW,CE,Combined TRACON& Tower with Radar,20,23,25,4,72,0,0,17,0,17,20,23,42,4,89,0,0,0,89
10/04/2022,SHV,LA,ASW,CE,Combined TRACON& Tower with Radar,25,28,17,2,72,0,1,10,0,11,25,29,27,2,83,0,0,0,83
10/05/2022,SHV,LA,ASW,CE,Combined TRACON& Tower with Radar,26,30,21,2,79,0,1,14,1,16,26,31,35,3,95,0,8,8,103
10/06/2022,SHV,LA,ASW,CE,Combined TRACON& Tower with Radar,31,27,14,0,72,0,1,15,4,20,31,28,29,4,92,8,0,8,100
10/07/2022,SHV,LA,ASW,CE,Combined TRACON& Tower with Radar,39,20,25,5,89,0,1,20,1,22,39,21,45,6,111,2,0,2,113
10/08/2022,SHV,LA,ASW,CE,Combined TRACON& Tower with Radar,24,18,21,0,63,0,1,19,2,22,24,19,40,2,85,10,0,10,95
10/09/2022,SHV,LA,ASW,CE,Combined TRACON& Tower with Radar,22,19,12,11,64,0,0,12,1,13,22,19,24,12,77,0,0,0,77
10/10/2022,SHV,LA,ASW,CE,Combined TRACON& Tower with Radar,29,21,18,0,68,0,0,25,0,25,29,21,43,0,93,0,0,0,93
10/11/2022,SHV,LA,ASW,CE,Combined TRACON& Tower with Radar,23,34,23,1,81,0,5,19,3,27,23,39,42,4,108,0,16,16,124
10/12/2022,SHV,LA,ASW,CE,Combined TRACON& Tower with Radar,40,31,15,0,86,0,0,11,0,11,40,31,26,0,97,12,0,12,109
10/13/2022,SHV,LA,ASW,CE,Combined TRACON& Tower with Radar,33,22,36,8,99,0,4,21,0,25,33,26,57,8,124,66,0,66,190
10/14/2022,SHV,LA,ASW,CE,Combined TRACON& Tower with Radar,40,22,32,25,119,0,1,15,10,26,40,23,47,35,145,10,0,10,155
10/15/2022,SHV,LA,ASW,CE,Combined TRACON& Tower with Radar,29,25,9,0,63,0,1,13,0,14,29,26,22,0,77,0,0,0,77
10/16/2022,SHV,LA,ASW,CE,Combined TRACON& Tower with Radar,21,16,8,0,45,0,0,4,0,4,21,16,12,0,49,0,0,0,49
10/17/2022,SHV,LA,ASW,CE,Combined TRACON& Tower with Radar,39,23,30,2,94,0,1,3,0,4,39,24,33,2,98,0,0,0,98
10/18/2022,SHV,LA,ASW,CE,Combined TRACON& Tower with Radar,32,20,23,0,75,0,0,8,0,8,32,20,31,0,83,0,0,0,83
10/19/2022,SHV,LA,ASW,CE,Combined TRACON& Tower with Radar,30,26,24,0,80,0,1,3,0,4,30,27,27,0,84,0,0,0,84
10/20/2022,SHV,LA,ASW,CE,Combined TRACON& Tower with Radar,34,27,30,7,98,0,1,19,1,21,34,28,49,8,119,0,0,0,119
10/21/2022,SHV,LA,ASW,CE,Combined TRACON& Tower with Radar,40,16,21,8,85,0,1,18,2,21,40,17,39,10,106,10,4,14,120
10/22/2022,SHV,LA,ASW,CE,Combined TRACON& Tower with Radar,26,29,14,0,69,0,2,3,0,5,26,31,17,0,74,0,0,0,74
10/23/2022,SHV,LA,ASW,CE,Combined TRACON& Tower with Radar,27,32,21,25,105,0,0,11,1,12,27,32,32,26,117,4,0,4,121
10/24/2022,SHV,LA,ASW,CE,Combined TRACON& Tower with Radar,50,14,21,2,87,0,1,5,0,6,50,15,26,2,93,0,0,0,93
10/25/2022,SHV,LA,ASW,CE,Combined TRACON& Tower with Radar,26,23,16,0,65,0,0,4,0,4,26,23,20,0,69,0,0,0,69
10/26/2022,SHV,LA,ASW,CE,Combined TRACON& Tower with Radar,33,31,22,7,93,0,1,25,1,27,33,32,47,8,120,6,16,22,142
10/27/2022,SHV,LA,ASW,CE,Combined TRACON& Tower with Radar,28,22,26,0,76,0,2,27,2,31,28,24,53,2,107,6,0,6,113
10/28/2022,SHV,LA,ASW,CE,Combined TRACON& Tower with Radar,46,17,18,2,83,0,0,2,0,2,46,17,20,2,85,0,0,0,85
10/29/2022,SHV,LA,ASW,CE,Combined TRACON& Tower with Radar,21,18,9,0,48,0,0,0,0,0,21,18,9,0,48,0,0,0,48
10/30/2022,SHV,LA,ASW,CE,Combined TRACON& Tower with Radar,19,11,24,0,54,0,2,10,0,12,19,13,34,0,66,16,0,16,82
10/31/2022,SHV,LA,ASW,CE,Combined TRACON& Tower with Radar,19,15,9,0,43,0,1,16,1,18,19,16,25,1,61,0,0,0,61
11/01/2022,SHV,LA,ASW,CE,Combined TRACON& Tower with Radar,32,17,27,2,78,0,0,9,0,9,32,17,36,2,87,0,0,0,87
11/02/2022,SHV,LA,ASW,CE,Combined TRACON& Tower with Radar,33,24,16,4,77,0,1,21,0,22,33,25,37,4,99,0,0,0,99
11/03/2022,SHV,LA,ASW,CE,Combined TRACON& Tower with Radar,35,24,26,11,96,0,4,13,9,26,35,28,39,20,122,0,33,33,155
11/04/2022,SHV,LA,ASW,CE,Combined TRACON& Tower with Radar,32,14,20,4,70,0,1,2,0,3,32,15,22,4,73,0,0,0,73
11/05/2022,SHV,LA,ASW,CE,Combined TRACON& Tower with Radar,25,13,17,0,55,0,0,18,0,18,25,13,35,0,73,0,0,0,73
11/06/2022,SHV,LA,ASW,CE,Combined TRACON& Tower with Radar,23,15,14,0,52,0,0,8,0,8,23,15,22,0,60,0,0,0,60
11/07/2022,SHV,LA,ASW,CE,Combined TRACON& Tower with Radar,22,15,22,0,59,0,0,5,0,5,22,15,27,0,64,0,0,0,64
11/08/2022,SHV,LA,ASW,CE,Combined TRACON& Tower with Radar,32,14,32,6,84,0,1,3,0,4,32,15,35,6,88,0,0,0,88
11/09/2022,SHV,LA,ASW,CE,Combined TRACON& Tower with Radar,30,12,22,8,72,0,1,11,2,14,30,13,33,10,86,4,0,4,90
11/10/2022,SHV,LA,ASW,CE,Combined TRACON& Tower with Radar,26,12,31,0,69,0,1,12,0,13,26,13,43,0,82,0,0,0,82
11/11/2022,SHV,LA,ASW,CE,Combined TRACON& Tower with Radar,39,9,17,0,65,0,0,1,0,1,39,9,18,0,66,0,0,0,66
11/12/2022,SHV,LA,ASW,CE,Combined TRACON& Tower with Radar,21,12,10,0,43,0,0,9,0,9,21,12,19,0,52,0,0,0,52
11/13/2022,SHV,LA,ASW,CE,Combined TRACON& Tower with Radar,23,17,14,0,54,0,6,18,0,24,23,23,32,0,78,0,0,0,78
11/14/2022,SHV,LA,ASW,CE,Combined TRACON& Tower with Radar,31,15,12,0,58,0,0,1,0,1,31,15,13,0,59,0,0,0,59
11/15/2022,SHV,LA,ASW,CE,Combined TRACON& Tower with Radar,33,18,14,28,93,0,0,3,2,5,33,18,17,30,98,0,0,0,98
11/16/2022,SHV,LA,ASW,CE,Combined TRACON& Tower with Radar,30,21,26,4,81,0,0,14,0,14,30,21,40,4,95,0,0,0,95
11/17/2022,SHV,LA,ASW,CE,Combined TRACON& Tower with Radar,38,19,20,18,95,0,0,6,2,8,38,19,26,20,103,0,12,12,115
11/18/2022,SHV,LA,ASW,CE,Combined TRACON& Tower with Radar,36,26,29,9,100,0,0,22,2,24,36,26,51,11,124,0,6,6,130
11/19/2022,SHV,LA,ASW,CE,Combined TRACON& Tower with Radar,25,24,16,2,67,0,2,14,1,17,25,26,30,3,84,0,0,0,84
11/20/2022,SHV,LA,ASW,CE,Combined TRACON& Tower with Radar,23,17,21,5,66,0,2,13,2,17,23,19,34,7,83,0,0,0,83
11/21/2022,SHV,LA,ASW,CE,Combined TRACON& Tower with Radar,27,12,18,11,68,0,1,12,0,13,27,13,30,11,81,2,0,2,83
11/22/2022,SHV,LA,ASW,CE,Combined TRACON& Tower with Radar,29,27,20,4,80,0,0,15,0,15,29,27,35,4,95,0,0,0,95
11/23/2022,SHV,LA,ASW,CE,Combined TRACON& Tower with Radar,42,23,26,0,91,0,0,10,0,10,42,23,36,0,101,0,0,0,101
11/24/2022,SHV,LA,ASW,CE,Combined TRACON& Tower with Radar,21,11,0,0,32,0,0,0,0,0,21,11,0,0,32,0,0,0,32
11/25/2022,SHV,LA,ASW,CE,Combined TRACON& Tower with Radar,34,19,19,0,72,0,0,0,0,0,34,19,19,0,72,0,0,0,72
11/26/2022,SHV,LA,ASW,CE,Combined TRACON& Tower with Radar,20,13,7,0,40,0,0,2,0,2,20,13,9,0,42,0,0,0,42
11/27/2022,SHV,LA,ASW,CE,Combined TRACON& Tower with Radar,25,24,15,0,64,0,0,3,0,3,25,24,18,0,67,0,0,0,67
11/28/2022,SHV,LA,ASW,CE,Combined TRACON& Tower with Radar,27,23,30,18,98,0,3,19,1,23,27,26,49,19,121,18,0,18,139
11/29/2022,SHV,LA,ASW,CE,Combined TRACON& Tower with Radar,35,17,24,15,91,0,1,1,0,2,35,18,25,15,93,0,0,0,93
11/30/2022,SHV,LA,ASW,CE,Combined TRACON& Tower with Radar,38,22,23,17,100,0,0,10,14,24,38,22,33,31,124,2,35,37,161
12/01/2022,SHV,LA,ASW,CE,Combined TRACON& Tower with Radar,29,30,19,0,78,0,1,8,0,9,29,31,27,0,87,0,0,0,87
12/02/2022,SHV,LA,ASW,CE,Combined TRACON& Tower with Radar,37,21,15,8,81,0,2,12,4,18,37,23,27,12,99,0,0,0,99
12/03/2022,SHV,LA,ASW,CE,Combined TRACON& Tower with Radar,23,20,13,0,56,0,0,4,0,4,23,20,17,0,60,0,0,0,60
12/04/2022,SHV,LA,ASW,CE,Combined TRACON& Tower with Radar,23,13,15,0,51,0,0,5,0,5,23,13,20,0,56,0,0,0,56
12/05/2022,SHV,LA,ASW,CE,Combined TRACON& Tower with Radar,34,25,10,0,69,0,0,8,0,8,34,25,18,0,77,8,0,8,85
12/06/2022,SHV,LA,ASW,CE,Combined TRACON& Tower with Radar,33,27,28,3,91,0,0,7,1,8,33,27,35,4,99,0,0,0,99
12/07/2022,SHV,LA,ASW,CE,Combined TRACON& Tower with Radar,33,34,33,12,112,0,0,10,2,12,33,34,43,14,124,16,0,16,140
12/08/2022,SHV,LA,ASW,CE,Combined TRACON& Tower with Radar,38,37,21,6,102,0,0,9,6,15,38,37,30,12,117,0,10,10,127
12/09/2022,SHV,LA,ASW,CE,Combined TRACON& Tower with Radar,44,25,18,0,87,0,0,1,2,3,44,25,19,2,90,0,0,0,90
12/10/2022,SHV,LA,ASW,CE,Combined TRACON& Tower with Radar,16,19,15,2,52,0,0,8,0,8,16,19,23,2,60,0,0,0,60
12/11/2022,SHV,LA,ASW,CE,Combined TRACON& Tower with Radar,25,14,19,2,60,0,0,0,0,0,25,14,19,2,60,0,0,0,60
12/12/2022,SHV,LA,ASW,CE,Combined TRACON& Tower with Radar,28,19,13,0,60,0,0,0,0,0,28,19,13,0,60,0,0,0,60
12/13/2022,SHV,LA,ASW,CE,Combined TRACON& Tower with Radar,28,16,9,0,53,0,0,0,0,0,28,16,9,0,53,0,0,0,53
12/14/2022,SHV,LA,ASW,CE,Combined TRACON& Tower with Radar,39,17,27,1,84,0,0,14,2,16,39,17,41,3,100,10,0,10,110
12/15/2022,SHV,LA,ASW,CE,Combined TRACON& Tower with Radar,41,28,22,3,94,0,3,12,2,17,41,31,34,5,111,0,0,0,111
12/16/2022,SHV,LA,ASW,CE,Combined TRACON& Tower with Radar,38,18,13,2,71,0,0,11,0,11,38,18,24,2,82,0,0,0,82
12/17/2022,SHV,LA,ASW,CE,Combined TRACON& Tower with Radar,25,17,12,0,54,0,1,21,0,22,25,18,33,0,76,0,0,0,76
12/18/2022,SHV,LA,ASW,CE,Combined TRACON& Tower with Radar,29,12,15,0,56,0,2,17,0,19,29,14,32,0,75,0,0,0,75
12/19/2022,SHV,LA,ASW,CE,Combined TRACON& Tower with Radar,27,18,11,0,56,0,0,3,0,3,27,18,14,0,59,0,0,0,59
12/20/2022,SHV,LA,ASW,CE,Combined TRACON& Tower with Radar,29,22,23,4,78,0,0,2,0,2,29,22,25,4,80,0,0,0,80
12/21/2022,SHV,LA,ASW,CE,Combined TRACON& Tower with Radar,40,16,33,11,100,0,1,4,1,6,40,17,37,12,106,0,0,0,106
12/22/2022,SHV,LA,ASW,CE,Combined TRACON& Tower with Radar,34,22,14,0,70,0,0,0,0,0,34,22,14,0,70,0,0,0,70
12/23/2022,SHV,LA,ASW,CE,Combined TRACON& Tower with Radar,22,16,10,0,48,0,2,2,0,4,22,18,12,0,52,0,0,0,52
12/24/2022,SHV,LA,ASW,CE,Combined TRACON& Tower with Radar,25,8,0,0,33,0,1,5,0,6,25,9,5,0,39,0,0,0,39
12/25/2022,SHV,LA,ASW,CE,Combined TRACON& Tower with Radar,14,8,1,0,23,0,0,2,0,2,14,8,3,0,25,0,0,0,25
12/26/2022,SHV,LA,ASW,CE,Combined TRACON& Tower with Radar,23,7,10,0,40,0,0,18,0,18,23,7,28,0,58,0,0,0,58
12/27/2022,SHV,LA,ASW,CE,Combined TRACON& Tower with Radar,31,12,10,0,53,0,2,9,0,11,31,14,19,0,64,0,0,0,64
12/28/2022,SHV,LA,ASW,CE,Combined TRACON& Tower with Radar,29,14,13,3,59,0,0,17,1,18,29,14,30,4,77,0,0,0,77
12/29/2022,SHV,LA,ASW,CE,Combined TRACON& Tower with Radar,29,11,8,0,48,0,0,2,0,2,29,11,10,0,50,0,0,0,50
12/30/2022,SHV,LA,ASW,CE,Combined TRACON& Tower with Radar,25,12,14,0,51,0,0,4,0,4,25,12,18,0,55,0,0,0,55
12/31/2022,SHV,LA,ASW,CE,Combined TRACON& Tower with Radar,21,14,8,0,43,0,0,0,0,0,21,14,8,0,43,0,0,0,43
01/01/2023,SHV,LA,ASW,CE,Combined TRACON& Tower with Radar,18,14,2,0,34,0,0,0,0,0,18,14,2,0,34,0,0,0,34
01/02/2023,SHV,LA,ASW,CE,Combined TRACON& Tower with Radar,21,9,7,0,37,0,0,1,0,1,21,9,8,0,38,0,0,0,38
01/03/2023,SHV,LA,ASW,CE,Combined TRACON& Tower with Radar,27,9,19,0,55,0,0,6,0,6,27,9,25,0,61,0,0,0,61
01/04/2023,SHV,LA,ASW,CE,Combined TRACON& Tower with Radar,31,21,20,0,72,0,4,12,0,16,31,25,32,0,88,0,0,0,88
01/05/2023,SHV,LA,ASW,CE,Combined TRACON& Tower with Radar,27,11,16,4,58,0,0,22,4,26,27,11,38,8,84,0,0,0,84
01/06/2023,SHV,LA,ASW,CE,Combined TRACON& Tower with Radar,33,16,20,52,121,0,0,31,2,33,33,16,51,54,154,2,6,8,162
01/07/2023,SHV,LA,ASW,CE,Combined TRACON& Tower with Radar,20,18,7,0,45,0,0,1,0,1,20,18,8,0,46,0,0,0,46
01/08/2023,SHV,LA,ASW,CE,Combined TRACON& Tower with Radar,21,13,16,0,50,0,0,11,0,11,21,13,27,0,61,0,0,0,61
01/09/2023,SHV,LA,ASW,CE,Combined TRACON& Tower with Radar,24,7,16,10,57,0,0,15,0,15,24,7,31,10,72,14,0,14,86
01/10/2023,SHV,LA,ASW,CE,Combined TRACON& Tower with Radar,22,14,22,8,66,0,0,7,0,7,22,14,29,8,73,0,4,4,77
01/11/2023,SHV,LA,ASW,CE,Combined TRACON& Tower with Radar,20,18,9,2,49,0,2,4,0,6,20,20,13,2,55,0,0,0,55
01/12/2023,SHV,LA,ASW,CE,Combined TRACON& Tower with Radar,24,16,22,10,72,0,0,3,0,3,24,16,25,10,75,0,6,6,81
01/13/2023,SHV,LA,ASW,CE,Combined TRACON& Tower with Radar,37,14,18,3,72,0,0,13,3,16,37,14,31,6,88,0,4,4,92
01/14/2023,SHV,LA,ASW,CE,Combined TRACON& Tower with Radar,13,24,22,0,59,0,1,24,0,25,13,25,46,0,84,11,0,11,95
01/15/2023,SHV,LA,ASW,CE,Combined TRACON& Tower with Radar,19,11,11,0,41,0,1,3,0,4,19,12,14,0,45,0,0,0,45
01/16/2023,SHV,LA,ASW,CE,Combined TRACON& Tower with Radar,25,13,18,4,60,0,0,6,0,6,25,13,24,4,66,0,0,0,66
01/17/2023,SHV,LA,ASW,CE,Combined TRACON& Tower with Radar,25,16,13,3,57,0,0,7,0,7,25,16,20,3,64,0,4,4,68
01/18/2023,SHV,LA,ASW,CE,Combined TRACON& Tower with Radar,28,15,14,0,57,0,2,4,0,6,28,17,18,0,63,0,0,0,63
01/19/2023,SHV,LA,ASW,CE,Combined TRACON& Tower with Radar,36,16,19,8,79,0,1,17,0,18,36,17,36,8,97,0,0,0,97
01/20/2023,SHV,LA,ASW,CE,Combined TRACON& Tower with Radar,31,17,24,10,82,0,1,13,2,16,31,18,37,12,98,0,0,0,98
01/21/2023,SHV,LA,ASW,CE,Combined TRACON& Tower with Radar,24,13,8,12,57,0,0,8,3,11,24,13,16,15,68,10,14,24,92
01/22/2023,SHV,LA,ASW,CE,Combined TRACON& Tower with Radar,19,8,7,0,34,0,0,3,0,3,19,8,10,0,37,0,0,0,37
01/23/2023,SHV,LA,ASW,CE,Combined TRACON& Tower with Radar,28,15,20,8,71,0,0,27,2,29,28,15,47,10,100,18,0,18,118
01/24/2023,SHV,LA,ASW,CE,Combined TRACON& Tower with Radar,30,9,4,0,43,0,0,1,0,1,30,9,5,0,44,0,0,0,44
01/25/2023,SHV,LA,ASW,CE,Combined TRACON& Tower with Radar,31,22,15,4,72,0,2,3,2,7,31,24,18,6,79,0,0,0,79
01/26/2023,SHV,LA,ASW,CE,Combined TRACON& Tower with Radar,32,25,20,5,82,0,2,15,3,20,32,27,35,8,102,0,0,0,102
01/27/2023,SHV,LA,ASW,CE,Combined TRACON& Tower with Radar,36,18,13,30,97,0,0,15,2,17,36,18,28,32,114,0,0,0,114
01/28/2023,SHV,LA,ASW,CE,Combined TRACON& Tower with Radar,27,20,10,0,57,0,0,2,0,2,27,20,12,0,59,0,0,0,59
01/29/2023,SHV,LA,ASW,CE,Combined TRACON& Tower with Radar,20,13,9,0,42,0,0,0,0,0,20,13,9,0,42,0,0,0,42
01/30/2023,SHV,LA,ASW,CE,Combined TRACON& Tower with Radar,22,12,14,0,48,0,0,0,0,0,22,12,14,0,48,0,0,0,48
01/31/2023,SHV,LA,ASW,CE,Combined TRACON& Tower with Radar,18,15,6,0,39,0,0,0,0,0,18,15,6,0,39,0,0,0,39
02/01/2023,SHV,LA,ASW,CE,Combined TRACON& Tower with Radar,13,14,7,0,34,0,0,0,0,0,13,14,7,0,34,0,0,0,34
02/02/2023,SHV,LA,ASW,CE,Combined TRACON& Tower with Radar,18,8,10,1,37,0,0,0,0,0,18,8,10,1,37,0,0,0,37
02/03/2023,SHV,LA,ASW,CE,Combined TRACON& Tower with Radar,31,11,21,28,91,0,0,22,4,26,31,11,43,32,117,2,0,2,119
02/04/2023,SHV,LA,ASW,CE,Combined TRACON& Tower with Radar,24,17,20,5,66,0,1,26,4,31,24,18,46,9,97,0,0,0,97
02/05/2023,SHV,LA,ASW,CE,Combined TRACON& Tower with Radar,23,14,8,0,45,0,2,7,2,11,23,16,15,2,56,0,0,0,56
02/06/2023,SHV,LA,ASW,CE,Combined TRACON& Tower with Radar,27,16,22,6,71,0,0,7,2,9,27,16,29,8,80,0,0,0,80
02/07/2023,SHV,LA,ASW,CE,Combined TRACON& Tower with Radar,24,18,28,3,73,0,0,9,0,9,24,18,37,3,82,0,0,0,82
02/08/2023,SHV,LA,ASW,CE,Combined TRACON& Tower with Radar,32,12,8,0,52,0,0,0,0,0,32,12,8,0,52,0,0,0,52
02/09/2023,SHV,LA,ASW,CE,Combined TRACON& Tower with Radar,33,24,23,4,84,0,3,22,8,33,33,27,45,12,117,0,0,0,117
02/10/2023,SHV,LA,ASW,CE,Combined TRACON& Tower with Radar,32,16,8,2,58,0,0,2,3,5,32,16,10,5,63,0,0,0,63
02/11/2023,SHV,LA,ASW,CE,Combined TRACON& Tower with Radar,25,18,6,0,49,0,2,0,0,2,25,20,6,0,51,0,0,0,51
02/12/2023,SHV,LA,ASW,CE,Combined TRACON& Tower with Radar,31,16,8,0,55,0,1,17,0,18,31,17,25,0,73,0,0,0,73
02/13/2023,SHV,LA,ASW,CE,Combined TRACON& Tower with Radar,24,15,10,8,57,0,0,24,2,26,24,15,34,10,83,9,0,9,92
02/14/2023,SHV,LA,ASW,CE,Combined TRACON& Tower with Radar,30,12,11,0,53,0,0,3,0,3,30,12,14,0,56,0,0,0,56
02/15/2023,SHV,LA,ASW,CE,Combined TRACON& Tower with Radar,35,19,13,2,69,0,1,1,0,2,35,20,14,2,71,0,0,0,71
02/16/2023,SHV,LA,ASW,CE,Combined TRACON& Tower with Radar,36,17,20,15,88,0,1,6,3,10,36,18,26,18,98,0,0,0,98
02/17/2023,SHV,LA,ASW,CE,Combined TRACON& Tower with Radar,32,14,25,5,76,0,0,17,3,20,32,14,42,8,96,0,0,0,96
02/18/2023,SHV,LA,ASW,CE,Combined TRACON& Tower with Radar,25,21,22,0,68,0,0,14,0,14,25,21,36,0,82,0,0,0,82
02/19/2023,SHV,LA,ASW,CE,Combined TRACON& Tower with Radar,35,23,16,0,74,1,1,6,0,8,36,24,22,0,82,0,0,0,82
02/20/2023,SHV,LA,ASW,CE,Combined TRACON& Tower with Radar,31,11,19,0,61,0,2,8,0,10,31,13,27,0,71,2,0,2,73
02/21/2023,SHV,LA,ASW,CE,Combined TRACON& Tower with Radar,32,12,22,0,66,0,0,11,0,11,32,12,33,0,77,0,0,0,77
02/22/2023,SHV,LA,ASW,CE,Combined TRACON& Tower with Radar,41,15,16,0,72,0,0,7,0,7,41,15,23,0,79,0,0,0,79
02/23/2023,SHV,LA,ASW,CE,Combined TRACON& Tower with Radar,39,25,41,2,107,0,0,10,2,12,39,25,51,4,119,0,0,0,119
02/24/2023,SHV,LA,ASW,CE,Combined TRACON& Tower with Radar,38,14,12,6,70,0,0,3,0,3,38,14,15,6,73,0,0,0,73
02/25/2023,SHV,LA,ASW,CE,Combined TRACON& Tower with Radar,24,22,22,0,68,0,0,0,0,0,24,22,22,0,68,0,0,0,68
02/26/2023,SHV,LA,ASW,CE,Combined TRACON& Tower with Radar,26,18,20,0,64,0,0,10,0,10,26,18,30,0,74,0,0,0,74
02/27/2023,SHV,LA,ASW,CE,Combined TRACON& Tower with Radar,34,21,16,2,73,0,2,15,2,19,34,23,31,4,92,0,0,0,92
02/28/2023,SHV,LA,ASW,CE,Combined TRACON& Tower with Radar,35,19,38,0,92,0,4,22,0,26,35,23,60,0,118,0,0,0,118
03/01/2023,SHV,LA,ASW,CE,Combined TRACON& Tower with Radar,36,23,13,1,73,0,0,10,1,11,36,23,23,2,84,0,0,0,84
03/02/2023,SHV,LA,ASW,CE,Combined TRACON& Tower with Radar,32,23,11,2,68,0,0,4,0,4,32,23,15,2,72,0,0,0,72
03/03/2023,SHV,LA,ASW,CE,Combined TRACON& Tower with Radar,35,22,15,8,80,0,2,9,0,11,35,24,24,8,91,0,0,0,91
03/04/2023,SHV,LA,ASW,CE,Combined TRACON& Tower with Radar,19,12,6,0,37,0,2,15,3,20,19,14,21,3,57,0,0,0,57
03/05/2023,SHV,LA,ASW,CE,Combined TRACON& Tower with Radar,21,11,20,6,58,0,1,23,0,24,21,12,43,6,82,0,0,0,82
03/06/2023,SHV,LA,ASW,CE,Combined TRACON& Tower with Radar,28,13,19,2,62,0,0,10,0,10,28,13,29,2,72,0,0,0,72
03/07/2023,SHV,LA,ASW,CE,Combined TRACON& Tower with Radar,34,19,8,0,61,0,1,6,0,7,34,20,14,0,68,0,0,0,68
03/08/2023,SHV,LA,ASW,CE,Combined TRACON& Tower with Radar,29,17,15,0,61,0,0,6,0,6,29,17,21,0,67,0,0,0,67
03/09/2023,SHV,LA,ASW,CE,Combined TRACON& Tower with Radar,40,23,23,0,86,0,0,17,0,17,40,23,40,0,103,0,0,0,103
03/10/2023,SHV,LA,ASW,CE,Combined TRACON& Tower with Radar,37,20,18,37,112,0,1,3,10,14,37,21,21,47,126,0,0,0,126
03/11/2023,SHV,LA,ASW,CE,Combined TRACON& Tower with Radar,25,19,12,0,56,0,2,5,0,7,25,21,17,0,63,0,0,0,63
03/12/2023,SHV,LA,ASW,CE,Combined TRACON& Tower with Radar,23,16,12,2,53,0,2,5,0,7,23,18,17,2,60,0,0,0,60
03/13/2023,SHV,LA,ASW,CE,Combined TRACON& Tower with Radar,34,20,10,5,69,0,3,15,3,21,34,23,25,8,90,0,0,0,90
03/14/2023,SHV,LA,ASW,CE,Combined TRACON& Tower with Radar,35,17,10,7,69,0,1,16,1,18,35,18,26,8,87,0,0,0,87
03/15/2023,SHV,LA,ASW,CE,Combined TRACON& Tower with Radar,36,17,19,0,72,0,0,11,0,11,36,17,30,0,83,0,0,0,83
03/16/2023,SHV,LA,ASW,CE,Combined TRACON& Tower with Radar,36,12,16,0,64,0,0,3,0,3,36,12,19,0,67,0,0,0,67
03/17/2023,SHV,LA,ASW,CE,Combined TRACON& Tower with Radar,37,11,9,13,70,0,2,6,0,8,37,13,15,13,78,0,0,0,78
03/18/2023,SHV,LA,ASW,CE,Combined TRACON& Tower with Radar,25,18,26,3,72,0,4,13,0,17,25,22,39,3,89,0,0,0,89
03/19/2023,SHV,LA,ASW,CE,Combined TRACON& Tower with Radar,24,17,19,0,60,0,2,11,0,13,24,19,30,0,73,0,0,0,73
03/20/2023,SHV,LA,ASW,CE,Combined TRACON& Tower with Radar,28,18,12,0,58,0,5,8,1,14,28,23,20,1,72,14,0,14,86
03/21/2023,SHV,LA,ASW,CE,Combined TRACON& Tower with Radar,37,11,22,1,71,0,0,6,1,7,37,11,28,2,78,0,0,0,78
03/22/2023,SHV,LA,ASW,CE,Combined TRACON& Tower with Radar,33,22,19,0,74,0,1,4,0,5,33,23,23,0,79,0,0,0,79
03/23/2023,SHV,LA,ASW,CE,Combined TRACON& Tower with Radar,42,16,20,2,80,0,0,11,0,11,42,16,31,2,91,0,0,0,91
03/24/2023,SHV,LA,ASW,CE,Combined TRACON& Tower with Radar,39,13,5,0,57,0,0,4,0,4,39,13,9,0,61,0,0,0,61
03/25/2023,SHV,LA,ASW,CE,Combined TRACON& Tower with Radar,29,17,15,5,66,0,0,19,3,22,29,17,34,8,88,0,0,0,88
03/26/2023,SHV,LA,ASW,CE,Combined TRACON& Tower with Radar,24,12,11,0,47,0,2,15,5,22,24,14,26,5,69,10,2,12,81
03/27/2023,SHV,LA,ASW,CE,Combined TRACON& Tower with Radar,29,20,22,0,71,0,1,26,1,28,29,21,48,1,99,9,0,9,108
03/28/2023,SHV,LA,ASW,CE,Combined TRACON& Tower with Radar,33,16,27,0,76,0,1,24,0,25,33,17,51,0,101,2,0,2,103
03/29/2023,SHV,LA,ASW,CE,Combined TRACON& Tower with Radar,39,20,21,11,91,0,3,25,4,32,39,23,46,15,123,44,0,44,167
03/30/2023,SHV,LA,ASW,CE,Combined TRACON& Tower with Radar,40,25,23,2,90,0,1,11,0,12,40,26,34,2,102,12,0,12,114
03/31/2023,SHV,LA,ASW,CE,Combined TRACON& Tower with Radar,37,29,12,3,81,0,0,0,1,1,37,29,12,4,82,0,0,0,82
04/01/2023,SHV,LA,ASW,CE,Combined TRACON& Tower with Radar,24,21,9,1,55,0,3,20,2,25,24,24,29,3,80,0,0,0,80
04/02/2023,SHV,LA,ASW,CE,Combined TRACON& Tower with Radar,21,16,18,7,62,0,0,14,6,20,21,16,32,13,82,0,6,6,88
04/03/2023,SHV,LA,ASW,CE,Combined TRACON& Tower with Radar,28,16,14,0,58,0,3,7,2,12,28,19,21,2,70,2,0,2,72
04/04/2023,SHV,LA,ASW,CE,Combined TRACON& Tower with Radar,36,10,15,5,66,0,0,9,7,16,36,10,24,12,82,0,16,16,98
04/05/2023,SHV,LA,ASW,CE,Combined TRACON& Tower with Radar,32,13,13,0,58,0,0,0,0,0,32,13,13,0,58,0,0,0,58
04/06/2023,SHV,LA,ASW,CE,Combined TRACON& Tower with Radar,33,12,17,0,62,0,0,0,0,0,33,12,17,0,62,0,0,0,62
04/07/2023,SHV,LA,ASW,CE,Combined TRACON& Tower with Radar,37,11,12,2,62,0,0,0,0,0,37,11,12,2,62,0,0,0,62
04/08/2023,SHV,LA,ASW,CE,Combined TRACON& Tower with Radar,22,16,22,0,60,0,0,5,0,5,22,16,27,0,65,0,0,0,65
04/09/2023,SHV,LA,ASW,CE,Combined TRACON& Tower with Radar,23,13,13,0,49,0,0,5,0,5,23,13,18,0,54,0,0,0,54
04/10/2023,SHV,LA,ASW,CE,Combined TRACON& Tower with Radar,29,12,20,4,65,0,2,17,0,19,29,14,37,4,84,0,0,0,84
04/11/2023,SHV,LA,ASW,CE,Combined TRACON& Tower with Radar,30,15,16,6,67,0,2,17,2,21,30,17,33,8,88,0,0,0,88
04/12/2023,SHV,LA,ASW,CE,Combined TRACON& Tower with Radar,31,15,21,4,71,0,2,10,0,12,31,17,31,4,83,0,0,0,83
04/13/2023,SHV,LA,ASW,CE,Combined TRACON& Tower with Radar,35,23,24,8,90,0,4,9,0,13,35,27,33,8,103,0,0,0,103
04/14/2023,SHV,LA,ASW,CE,Combined TRACON& Tower with Radar,37,21,10,2,70,0,5,13,2,20,37,26,23,4,90,0,0,0,90
04/15/2023,SHV,LA,ASW,CE,Combined TRACON& Tower with Radar,32,20,8,0,60,0,0,2,0,2,32,20,10,0,62,0,0,0,62
04/16/2023,SHV,LA,ASW,CE,Combined TRACON& Tower with Radar,27,13,16,10,66,0,6,11,0,17,27,19,27,10,83,0,0,0,83
04/17/2023,SHV,LA,ASW,CE,Combined TRACON& Tower with Radar,30,17,24,0,71,0,2,20,0,22,30,19,44,0,93,0,0,0,93
04/18/2023,SHV,LA,ASW,CE,Combined TRACON& Tower with Radar,32,12,17,7,68,0,3,6,2,11,32,15,23,9,79,0,0,0,79
04/19/2023,SHV,LA,ASW,CE,Combined TRACON& Tower with Radar,34,22,16,0,72,0,0,4,0,4,34,22,20,0,76,0,0,0,76
04/20/2023,SHV,LA,ASW,CE,Combined TRACON& Tower with Radar,27,14,21,0,62,0,0,5,0,5,27,14,26,0,67,0,0,0,67
04/21/2023,SHV,LA,ASW,CE,Combined TRACON& Tower with Radar,37,12,16,10,75,0,1,2,0,3,37,13,18,10,78,0,0,0,78
04/22/2023,SHV,LA,ASW,CE,Combined TRACON& Tower with Radar,29,20,11,0,60,0,3,20,0,23,29,23,31,0,83,0,0,0,83
04/23/2023,SHV,LA,ASW,CE,Combined TRACON& Tower with Radar,25,22,15,0,62,0,0,3,0,3,25,22,18,0,65,0,0,0,65
04/24/2023,SHV,LA,ASW,CE,Combined TRACON& Tower with Radar,31,12,19,0,62,0,0,5,0,5,31,12,24,0,67,24,0,24,91
04/25/2023,SHV,LA,ASW,CE,Combined TRACON& Tower with Radar,34,19,26,0,79,0,1,12,0,13,34,20,38,0,92,0,0,0,92
04/26/2023,SHV,LA,ASW,CE,Combined TRACON& Tower with Radar,27,12,12,0,51,0,0,2,0,2,27,12,14,0,53,0,0,0,53
04/27/2023,SHV,LA,ASW,CE,Combined TRACON& Tower with Radar,43,17,10,2,72,0,0,8,2,10,43,17,18,4,82,0,0,0,82
04/28/2023,SHV,LA,ASW,CE,Combined TRACON& Tower with Radar,38,17,22,4,81,0,2,5,0,7,38,19,27,4,88,0,0,0,88
04/29/2023,SHV,LA,ASW,CE,Combined TRACON& Tower with Radar,29,30,10,0,69,0,2,1,0,3,29,32,11,0,72,0,0,0,72
04/30/2023,SHV,LA,ASW,CE,Combined TRACON& Tower with Radar,27,21,15,0,63,0,0,14,0,14,27,21,29,0,77,0,0,0,77
05/01/2023,SHV,LA,ASW,CE,Combined TRACON& Tower with Radar,29,17,18,0,64,0,3,19,0,22,29,20,37,0,86,4,0,4,90
05/02/2023,SHV,LA,ASW,CE,Combined TRACON& Tower with Radar,37,19,15,5,76,0,0,15,3,18,37,19,30,8,94,0,0,0,94
05/03/2023,SHV,LA,ASW,CE,Combined TRACON& Tower with Radar,33,24,14,2,73,0,0,8,2,10,33,24,22,4,83,0,0,0,83
05/04/2023,SHV,LA,ASW,CE,Combined TRACON& Tower with Radar,34,21,21,0,76,0,0,18,0,18,34,21,39,0,94,0,0,0,94
05/05/2023,SHV,LA,ASW,CE,Combined TRACON& Tower with Radar,36,22,23,0,81,0,1,3,0,4,36,23,26,0,85,0,0,0,85
05/06/2023,SHV,LA,ASW,CE,Combined TRACON& Tower with Radar,24,14,6,2,46,0,0,8,0,8,24,14,14,2,54,0,0,0,54
05/07/2023,SHV,LA,ASW,CE,Combined TRACON& Tower with Radar,21,12,11,14,58,0,2,2,3,7,21,14,13,17,65,0,0,0,65
05/08/2023,SHV,LA,ASW,CE,Combined TRACON& Tower with Radar,26,15,14,5,60,0,0,5,1,6,26,15,19,6,66,22,0,22,88
05/09/2023,SHV,LA,ASW,CE,Combined TRACON& Tower with Radar,35,13,23,0,71,0,0,14,2,16,35,13,37,2,87,8,0,8,95
05/10/2023,SHV,LA,ASW,CE,Combined TRACON& Tower with Radar,36,17,16,2,71,0,0,0,0,0,36,17,16,2,71,0,0,0,71
05/11/2023,SHV,LA,ASW,CE,Combined TRACON& Tower with Radar,34,19,17,0,70,0,0,2,0,2,34,19,19,0,72,0,0,0,72
05/12/2023,SHV,LA,ASW,CE,Combined TRACON& Tower with Radar,29,29,23,35,116,0,0,6,0,6,29,29,29,35,122,0,0,0,122
05/13/2023,SHV,LA,ASW,CE,Combined TRACON& Tower with Radar,25,25,10,10,70,0,1,3,4,8,25,26,13,14,78,0,0,0,78
05/14/2023,SHV,LA,ASW,CE,Combined TRACON& Tower with Radar,35,16,10,0,61,0,0,6,0,6,35,16,16,0,67,0,0,0,67
05/15/2023,SHV,LA,ASW,CE,Combined TRACON& Tower with Radar,32,18,17,8,75,0,0,10,0,10,32,18,27,8,85,0,0,0,85
05/16/2023,SHV,LA,ASW,CE,Combined TRACON& Tower with Radar,29,15,16,0,60,0,1,11,0,12,29,16,27,0,72,10,0,10,82
05/17/2023,SHV,LA,ASW,CE,Combined TRACON& Tower with Radar,31,21,20,9,81,0,0,9,1,10,31,21,29,10,91,24,0,24,115
05/18/2023,SHV,LA,ASW,CE,Combined TRACON& Tower with Radar,33,32,26,5,96,0,4,21,1,26,33,36,47,6,122,12,10,22,144
05/19/2023,SHV,LA,ASW,CE,Combined TRACON& Tower with Radar,41,23,18,0,82,0,1,13,0,14,41,24,31,0,96,2,0,2,98
05/20/2023,SHV,LA,ASW,CE,Combined TRACON& Tower with Radar,23,20,16,4,63,0,0,4,0,4,23,20,20,4,67,4,0,4,71
05/21/2023,SHV,LA,ASW,CE,Combined TRACON& Tower with Radar,27,24,19,1,71,0,1,12,1,14,27,25,31,2,85,6,6,12,97
05/22/2023,SHV,LA,ASW,CE,Combined TRACON& Tower with Radar,26,14,29,3,72,0,3,5,0,8,26,17,34,3,80,0,0,0,80
05/23/2023,SHV,LA,ASW,CE,Combined TRACON& Tower with Radar,41,9,18,0,68,0,0,18,3,21,41,9,36,3,89,0,0,0,89
05/24/2023,SHV,LA,ASW,CE,Combined TRACON& Tower with Radar,39,14,16,2,71,0,0,13,5,18,39,14,29,7,89,8,0,8,97
05/25/2023,SHV,LA,ASW,CE,Combined TRACON& Tower with Radar,36,26,22,0,84,0,4,12,0,16,36,30,34,0,100,6,0,6,106
05/26/2023,SHV,LA,ASW,CE,Combined TRACON& Tower with Radar,36,21,23,0,80,0,1,14,0,15,36,22,37,0,95,0,0,0,95
05/27/2023,SHV,LA,ASW,CE,Combined TRACON& Tower with Radar,28,23,9,0,60,0,1,12,0,13,28,24,21,0,73,0,0,0,73
05/28/2023,SHV,LA,ASW,CE,Combined TRACON& Tower with Radar,24,20,7,2,53,0,1,4,0,5,24,21,11,2,58,0,0,0,58
05/29/2023,SHV,LA,ASW,CE,Combined TRACON& Tower with Radar,26,14,9,0,49,0,1,14,0,15,26,15,23,0,64,6,0,6,70
05/30/2023,SHV,LA,ASW,CE,Combined TRACON& Tower with Radar,32,26,22,3,83,0,1,11,2,14,32,27,33,5,97,0,4,4,101
05/31/2023,SHV,LA,ASW,CE,Combined TRACON& Tower with Radar,33,26,9,3,71,0,2,17,1,20,33,28,26,4,91,0,0,0,91
06/01/2023,SHV,LA,ASW,CE,Combined TRACON& Tower with Radar,45,22,14,0,81,0,2,15,0,17,45,24,29,0,98,0,0,0,98
06/02/2023,SHV,LA,ASW,CE,Combined TRACON& Tower with Radar,41,19,15,9,84,0,4,17,2,23,41,23,32,11,107,0,4,4,111
06/03/2023,SHV,LA,ASW,CE,Combined TRACON& Tower with Radar,19,24,9,6,58,0,1,4,0,5,19,25,13,6,63,0,0,0,63
06/04/2023,SHV,LA,ASW,CE,Combined TRACON& Tower with Radar,26,17,13,0,56,0,0,3,0,3,26,17,16,0,59,22,0,22,81
06/05/2023,SHV,LA,ASW,CE,Combined TRACON& Tower with Radar,30,19,8,0,57,0,2,16,0,18,30,21,24,0,75,0,0,0,75
06/06/2023,SHV,LA,ASW,CE,Combined TRACON& Tower with Radar,25,17,13,0,55,0,0,7,0,7,25,17,20,0,62,0,0,0,62
06/07/2023,SHV,LA,ASW,CE,Combined TRACON& Tower with Radar,41,17,22,6,86,0,1,13,0,14,41,18,35,6,100,20,0,20,120
06/08/2023,SHV,LA,ASW,CE,Combined TRACON& Tower with Radar,47,19,20,3,89,0,1,27,0,28,47,20,47,3,117,8,0,8,125
06/09/2023,SHV,LA,ASW,CE,Combined TRACON& Tower with Radar,38,27,16,15,96,0,0,20,0,20,38,27,36,15,116,28,0,28,144
06/10/2023,SHV,LA,ASW,CE,Combined TRACON& Tower with Radar,22,20,15,0,57,0,6,13,0,19,22,26,28,0,76,0,0,0,76
06/11/2023,SHV,LA,ASW,CE,Combined TRACON& Tower with Radar,33,14,7,13,67,0,2,7,4,13,33,16,14,17,80,4,0,4,84
06/12/2023,SHV,LA,ASW,CE,Combined TRACON& Tower with Radar,41,26,12,4,83,0,1,2,0,3,41,27,14,4,86,0,0,0,86
06/13/2023,SHV,LA,ASW,CE,Combined TRACON& Tower with Radar,35,23,9,0,67,0,0,3,0,3,35,23,12,0,70,0,0,0,70
06/14/2023,SHV,LA,ASW,CE,Combined TRACON& Tower with Radar,30,23,12,8,73,0,1,5,0,6,30,24,17,8,79,0,0,0,79
06/15/2023,SHV,LA,ASW,CE,Combined TRACON& Tower with Radar,37,25,24,15,101,0,0,2,3,5,37,25,26,18,106,0,0,0,106
06/16/2023,SHV,LA,ASW,CE,Combined TRACON& Tower with Radar,41,8,11,0,60,0,0,17,0,17,41,8,28,0,77,0,0,0,77
06/17/2023,SHV,LA,ASW,CE,Combined TRACON& Tower with Radar,22,30,22,0,74,0,1,10,0,11,22,31,32,0,85,0,0,0,85
06/18/2023,SHV,LA,ASW,CE,Combined TRACON& Tower with Radar,26,17,15,0,58,0,0,10,0,10,26,17,25,0,68,0,0,0,68
06/19/2023,SHV,LA,ASW,CE,Combined TRACON& Tower with Radar,37,12,23,0,72,0,2,21,0,23,37,14,44,0,95,14,0,14,109
06/20/2023,SHV,LA,ASW,CE,Combined TRACON& Tower with Radar,32,20,14,3,69,0,1,8,1,10,32,21,22,4,79,0,0,0,79
06/21/2023,SHV,LA,ASW,CE,Combined TRACON& Tower with Radar,40,22,16,12,90,0,0,19,2,21,40,22,35,14,111,0,0,0,111
06/22/2023,SHV,LA,ASW,CE,Combined TRACON& Tower with Radar,39,23,19,3,84,0,0,9,2,11,39,23,28,5,95,0,0,0,95
06/23/2023,SHV,LA,ASW,CE,Combined TRACON& Tower with Radar,44,20,12,19,95,0,1,16,2,19,44,21,28,21,114,0,0,0,114
06/24/2023,SHV,LA,ASW,CE,Combined TRACON& Tower with Radar,26,22,12,0,60,0,0,19,0,19,26,22,31,0,79,0,0,0,79
06/25/2023,SHV,LA,ASW,CE,Combined TRACON& Tower with Radar,29,21,9,10,69,0,2,8,0,10,29,23,17,10,79,0,0,0,79
06/26/2023,SHV,LA,ASW,CE,Combined TRACON& Tower with Radar,37,17,23,0,77,0,2,6,0,8,37,19,29,0,85,25,0,25,110
06/27/2023,SHV,LA,ASW,CE,Combined TRACON& Tower with Radar,36,20,17,2,75,0,0,14,0,14,36,20,31,2,89,0,0,0,89
06/28/2023,SHV,LA,ASW,CE,Combined TRACON& Tower with Radar,31,18,16,35,100,0,2,7,5,14,31,20,23,40,114,0,0,0,114
06/29/2023,SHV,LA,ASW,CE,Combined TRACON& Tower with Radar,46,13,23,21,103,1,7,25,0,33,47,20,48,21,136,0,0,0,136
06/30/2023,SHV,LA,ASW,CE,Combined TRACON& Tower with Radar,38,20,17,3,78,0,4,23,1,28,38,24,40,4,106,0,0,0,106
07/01/2023,SHV,LA,ASW,CE,Combined TRACON& Tower with Radar,22,28,21,0,71,0,10,12,0,22,22,38,33,0,93,0,0,0,93
07/02/2023,SHV,LA,ASW,CE,Combined TRACON& Tower with Radar,25,16,2,0,43,0,0,5,0,5,25,16,7,0,48,12,0,12,60
07/03/2023,SHV,LA,ASW,CE,Combined TRACON& Tower with Radar,26,18,10,0,54,0,0,8,0,8,26,18,18,0,62,10,0,10,72
07/04/2023,SHV,LA,ASW,CE,Combined TRACON& Tower with Radar,16,14,3,0,33,0,1,11,0,12,16,15,14,0,45,0,0,0,45
07/05/2023,SHV,LA,ASW,CE,Combined TRACON& Tower with Radar,24,10,10,0,44,0,0,13,0,13,24,10,23,0,57,0,0,0,57
07/06/2023,SHV,LA,ASW,CE,Combined TRACON& Tower with Radar,34,18,12,1,65,0,0,8,1,9,34,18,20,2,74,0,0,0,74
07/07/2023,SHV,LA,ASW,CE,Combined TRACON& Tower with Radar,41,16,12,13,82,0,1,10,0,11,41,17,22,13,93,0,6,6,99
07/08/2023,SHV,LA,ASW,CE,Combined TRACON& Tower with Radar,23,12,11,2,48,0,2,9,2,13,23,14,20,4,61,4,0,4,65
07/09/2023,SHV,LA,ASW,CE,Combined TRACON& Tower with Radar,24,10,9,2,45,0,0,5,0,5,24,10,14,2,50,0,0,0,50
07/10/2023,SHV,LA,ASW,CE,Combined TRACON& Tower with Radar,34,11,11,0,56,0,2,5,0,7,34,13,16,0,63,0,0,0,63
07/11/2023,SHV,LA,ASW,CE,Combined TRACON& Tower with Radar,30,20,8,11,69,0,0,9,0,9,30,20,17,11,78,10,0,10,88
07/12/2023,SHV,LA,ASW,CE,Combined TRACON& Tower with Radar,30,20,13,9,72,0,3,10,0,13,30,23,23,9,85,38,0,38,123
07/13/2023,SHV,LA,ASW,CE,Combined TRACON& Tower with Radar,32,18,18,17,85,0,0,11,4,15,32,18,29,21,100,6,0,6,106
07/14/2023,SHV,LA,ASW,CE,Combined TRACON& Tower with Radar,38,23,23,15,99,0,2,8,1,11,38,25,31,16,110,8,0,8,118
07/15/2023,SHV,LA,ASW,CE,Combined TRACON& Tower with Radar,20,17,10,9,56,0,1,11,6,18,20,18,21,15,74,0,0,0,74
07/16/2023,SHV,LA,ASW,CE,Combined TRACON& Tower with Radar,25,17,12,0,54,0,0,2,0,2,25,17,14,0,56,0,0,0,56
07/17/2023,SHV,LA,ASW,CE,Combined TRACON& Tower with Radar,30,14,9,2,55,0,3,16,2,21,30,17,25,4,76,6,0,6,82
07/18/2023,SHV,LA,ASW,CE,Combined TRACON& Tower with Radar,32,22,13,0,67,0,0,27,0,27,32,22,40,0,94,18,0,18,112
07/19/2023,SHV,LA,ASW,CE,Combined TRACON& Tower with Radar,31,27,30,0,88,0,3,20,0,23,31,30,50,0,111,22,10,32,143
07/20/2023,SHV,LA,ASW,CE,Combined TRACON& Tower with Radar,36,24,28,11,99,0,2,31,7,40,36,26,59,18,139,0,0,0,139
07/21/2023,SHV,LA,ASW,CE,Combined TRACON& Tower with Radar,41,29,10,6,86,0,2,14,0,16,41,31,24,6,102,0,12,12,114
07/22/2023,SHV,LA,ASW,CE,Combined TRACON& Tower with Radar,21,20,9,0,50,0,1,5,0,6,21,21,14,0,56,0,0,0,56
07/23/2023,SHV,LA,ASW,CE,Combined TRACON& Tower with Radar,24,15,7,4,50,0,3,4,0,7,24,18,11,4,57,0,0,0,57
07/24/2023,SHV,LA,ASW,CE,Combined TRACON& Tower with Radar,32,20,22,0,74,0,0,11,0,11,32,20,33,0,85,4,0,4,89
07/25/2023,SHV,LA,ASW,CE,Combined TRACON& Tower with Radar,30,16,10,0,56,0,3,15,0,18,30,19,25,0,74,0,0,0,74
07/26/2023,SHV,LA,ASW,CE,Combined TRACON& Tower with Radar,31,26,16,8,81,0,0,20,0,20,31,26,36,8,101,0,0,0,101
07/27/2023,SHV,LA,ASW,CE,Combined TRACON& Tower with Radar,36,19,16,0,71,0,0,3,4,7,36,19,19,4,78,0,0,0,78
07/28/2023,SHV,LA,ASW,CE,Combined TRACON& Tower with Radar,43,16,20,0,79,0,2,11,0,13,43,18,31,0,92,0,0,0,92
07/29/2023,SHV,LA,ASW,CE,Combined TRACON& Tower with Radar,21,24,10,2,57,0,0,5,0,5,21,24,15,2,62,0,0,0,62
07/30/2023,SHV,LA,ASW,CE,Combined TRACON& Tower with Radar,32,12,10,4,58,0,4,12,0,16,32,16,22,4,74,0,0,0,74
07/31/2023,SHV,LA,ASW,CE,Combined TRACON& Tower with Radar,33,15,15,0,63,0,0,12,0,12,33,15,27,0,75,0,0,0,75
08/01/2023,SHV,LA,ASW,CE,Combined TRACON& Tower with Radar,32,21,20,0,73,0,0,15,0,15,32,21,35,0,88,0,0,0,88
08/02/2023,SHV,LA,ASW,CE,Combined TRACON& Tower with Radar,31,19,15,2,67,0,3,10,0,13,31,22,25,2,80,8,0,8,88
08/03/2023,SHV,LA,ASW,CE,Combined TRACON& Tower with Radar,47,11,14,2,74,0,0,24,0,24,47,11,38,2,98,4,0,4,102
08/04/2023,SHV,LA,ASW,CE,Combined TRACON& Tower with Radar,44,17,18,12,91,0,0,14,0,14,44,17,32,12,105,0,0,0,105
08/05/2023,SHV,LA,ASW,CE,Combined TRACON& Tower with Radar,22,23,2,1,48,0,1,7,1,9,22,24,9,2,57,0,0,0,57
08/06/2023,SHV,LA,ASW,CE,Combined TRACON& Tower with Radar,23,16,8,0,47,0,1,6,0,7,23,17,14,0,54,22,0,22,76
08/07/2023,SHV,LA,ASW,CE,Combined TRACON& Tower with Radar,32,23,19,1,75,0,0,8,0,8,32,23,27,1,83,0,0,0,83
08/08/2023,SHV,LA,ASW,CE,Combined TRACON& Tower with Radar,35,11,11,1,58,0,0,4,2,6,35,11,15,3,64,18,0,18,82
08/09/2023,SHV,LA,ASW,CE,Combined TRACON& Tower with Radar,41,17,17,5,80,0,2,10,1,13,41,19,27,6,93,6,6,12,105
08/10/2023,SHV,LA,ASW,CE,Combined TRACON& Tower with Radar,45,20,13,2,80,0,2,11,0,13,45,22,24,2,93,16,0,16,109
08/11/2023,SHV,LA,ASW,CE,Combined TRACON& Tower with Radar,38,23,14,26,101,0,0,9,0,9,38,23,23,26,110,0,0,0,110
08/12/2023,SHV,LA,ASW,CE,Combined TRACON& Tower with Radar,21,15,15,5,56,0,3,6,4,13,21,18,21,9,69,0,0,0,69
08/13/2023,SHV,LA,ASW,CE,Combined TRACON& Tower with Radar,31,13,12,0,56,0,1,6,0,7,31,14,18,0,63,0,0,0,63
08/14/2023,SHV,LA,ASW,CE,Combined TRACON& Tower with Radar,31,10,6,2,49,0,2,5,0,7,31,12,11,2,56,10,0,10,66
08/15/2023,SHV,LA,ASW,CE,Combined TRACON& Tower with Radar,34,19,12,0,65,0,1,24,0,25,34,20,36,0,90,14,0,14,104
08/16/2023,SHV,LA,ASW,CE,Combined TRACON& Tower with Radar,34,12,12,4,62,0,2,12,0,14,34,14,24,4,76,0,0,0,76
08/17/2023,SHV,LA,ASW,CE,Combined TRACON& Tower with Radar,36,15,15,0,66,0,2,12,2,16,36,17,27,2,82,10,0,10,92
08/18/2023,SHV,LA,ASW,CE,Combined TRACON& Tower with Radar,35,20,5,17,77,0,0,13,3,16,35,20,18,20,93,0,12,12,105
08/19/2023,SHV,LA,ASW,CE,Combined TRACON& Tower with Radar,31,11,13,2,57,0,1,12,0,13,31,12,25,2,70,0,0,0,70
08/20/2023,SHV,LA,ASW,CE,Combined TRACON& Tower with Radar,25,18,8,26,77,0,1,10,0,11,25,19,18,26,88,2,0,2,90
08/21/2023,SHV,LA,ASW,CE,Combined TRACON& Tower with Radar,35,16,11,0,62,0,3,11,0,14,35,19,22,0,76,0,0,0,76
08/22/2023,SHV,LA,ASW,CE,Combined TRACON& Tower with Radar,37,20,26,39,122,0,4,6,5,15,37,24,32,44,137,0,26,26,163
08/23/2023,SHV,LA,ASW,CE,Combined TRACON& Tower with Radar,32,19,9,7,67,0,1,8,2,11,32,20,17,9,78,0,0,0,78
08/24/2023,SHV,LA,ASW,CE,Combined TRACON& Tower with Radar,34,15,12,0,61,0,0,12,0,12,34,15,24,0,73,0,0,0,73
08/25/2023,SHV,LA,ASW,CE,Combined TRACON& Tower with Radar,40,15,16,8,79,0,0,7,0,7,40,15,23,8,86,0,0,0,86
08/26/2023,SHV,LA,ASW,CE,Combined TRACON& Tower with Radar,22,16,7,0,45,0,0,9,0,9,22,16,16,0,54,0,0,0,54
08/27/2023,SHV,LA,ASW,CE,Combined TRACON& Tower with Radar,26,13,13,0,52,0,1,8,0,9,26,14,21,0,61,0,0,0,61
08/28/2023,SHV,LA,ASW,CE,Combined TRACON& Tower with Radar,28,18,28,0,74,0,4,5,0,9,28,22,33,0,83,0,0,0,83
08/29/2023,SHV,LA,ASW,CE,Combined TRACON& Tower with Radar,33,13,27,6,79,0,0,6,0,6,33,13,33,6,85,0,0,0,85
08/30/2023,SHV,LA,ASW,CE,Combined TRACON& Tower with Radar,38,23,15,5,81,0,3,7,1,11,38,26,22,6,92,0,0,0,92
08/31/2023,SHV,LA,ASW,CE,Combined TRACON& Tower with Radar,39,25,13,0,77,0,4,18,0,22,39,29,31,0,99,0,0,0,99
