01/01/2000,SIG,PR,ASO,ES,Federal Contract Tower,0,0,2,0,2,0,0,36,0,36,0,0,38,0,38,2,0,2,40
01/02/2000,SIG,PR,ASO,ES,Federal Contract Tower,0,0,19,0,19,0,6,87,0,93,0,6,106,0,112,16,0,16,128
01/03/2000,SIG,PR,ASO,ES,Federal Contract Tower,0,0,16,2,18,0,20,114,4,138,0,20,130,6,156,95,0,95,251
01/04/2000,SIG,PR,ASO,ES,Federal Contract Tower,0,0,14,2,16,0,10,143,6,159,0,10,157,8,175,103,4,107,282
01/05/2000,SIG,PR,ASO,ES,Federal Contract Tower,0,0,3,1,4,0,18,121,10,149,0,18,124,11,153,109,0,109,262
01/06/2000,SIG,PR,ASO,ES,Federal Contract Tower,0,0,6,1,7,0,12,38,3,53,0,12,44,4,60,14,0,14,74
01/07/2000,SIG,PR,ASO,ES,Federal Contract Tower,0,0,8,1,9,0,14,106,1,121,0,14,114,2,130,110,0,110,240
01/08/2000,SIG,PR,ASO,ES,Federal Contract Tower,0,0,5,1,6,0,10,139,3,152,0,10,144,4,158,116,6,122,280
01/09/2000,SIG,PR,ASO,ES,Federal Contract Tower,0,0,9,0,9,0,6,123,0,129,0,6,132,0,138,112,0,112,250
01/10/2000,SIG,PR,ASO,ES,Federal Contract Tower,0,0,7,1,8,0,16,140,2,158,0,16,147,3,166,171,8,179,345
01/11/2000,SIG,PR,ASO,ES,Federal Contract Tower,0,0,8,1,9,0,20,138,13,171,0,20,146,14,180,126,0,126,306
01/12/2000,SIG,PR,ASO,ES,Federal Contract Tower,0,0,10,1,11,0,12,173,8,193,0,12,183,9,204,140,0,140,344
01/13/2000,SIG,PR,ASO,ES,Federal Contract Tower,0,0,7,1,8,0,12,118,7,137,0,12,125,8,145,98,4,102,247
01/14/2000,SIG,PR,ASO,ES,Federal Contract Tower,0,0,11,2,13,0,12,149,14,175,0,12,160,16,188,163,0,163,351
01/15/2000,SIG,PR,ASO,ES,Federal Contract Tower,0,0,11,1,12,0,14,154,0,168,0,14,165,1,180,171,0,171,351
01/16/2000,SIG,PR,ASO,ES,Federal Contract Tower,0,0,5,1,6,0,4,45,1,50,0,4,50,2,56,14,16,30,86
01/17/2000,SIG,PR,ASO,ES,Federal Contract Tower,0,0,12,2,14,0,10,144,2,156,0,10,156,4,170,166,0,166,336
01/18/2000,SIG,PR,ASO,ES,Federal Contract Tower,0,0,12,2,14,0,10,179,3,192,0,10,191,5,206,148,6,154,360
01/19/2000,SIG,PR,ASO,ES,Federal Contract Tower,0,0,12,0,12,0,12,173,13,198,0,12,185,13,210,182,14,196,406
01/20/2000,SIG,PR,ASO,ES,Federal Contract Tower,0,0,8,0,8,0,10,151,7,168,0,10,159,7,176,154,25,179,355
01/21/2000,SIG,PR,ASO,ES,Federal Contract Tower,0,0,6,0,6,0,18,166,25,209,0,18,172,25,215,104,8,112,327
01/22/2000,SIG,PR,ASO,ES,Federal Contract Tower,0,0,12,0,12,0,8,175,24,207,0,8,187,24,219,202,0,202,421
01/23/2000,SIG,PR,ASO,ES,Federal Contract Tower,0,0,9,0,9,0,8,112,10,130,0,8,121,10,139,127,0,127,266
01/24/2000,SIG,PR,ASO,ES,Federal Contract Tower,0,0,5,0,5,0,14,159,9,182,0,14,164,9,187,116,0,116,303
01/25/2000,SIG,PR,ASO,ES,Federal Contract Tower,0,0,7,0,7,0,10,119,15,144,0,10,126,15,151,147,18,165,316
01/26/2000,SIG,PR,ASO,ES,Federal Contract Tower,0,0,5,0,5,0,10,138,20,168,0,10,143,20,173,110,4,114,287
01/27/2000,SIG,PR,ASO,ES,Federal Contract Tower,0,0,7,0,7,0,14,150,19,183,0,14,157,19,190,172,6,178,368
01/28/2000,SIG,PR,ASO,ES,Federal Contract Tower,0,0,12,0,12,0,10,156,8,174,0,10,168,8,186,135,0,135,321
01/29/2000,SIG,PR,ASO,ES,Federal Contract Tower,0,0,16,1,17,0,10,105,2,117,0,10,121,3,134,166,0,166,300
01/30/2000,SIG,PR,ASO,ES,Federal Contract Tower,0,0,8,0,8,0,8,132,4,144,0,8,140,4,152,110,0,110,262
01/31/2000,SIG,PR,ASO,ES,Federal Contract Tower,0,0,6,0,6,0,14,132,4,150,0,14,138,4,156,177,0,177,333
02/01/2000,SIG,PR,ASO,ES,Federal Contract Tower,0,0,1,1,2,0,10,121,10,141,0,10,122,11,143,196,19,215,358
02/02/2000,SIG,PR,ASO,ES,Federal Contract Tower,0,0,4,1,5,0,12,159,11,182,0,12,163,12,187,125,12,137,324
02/03/2000,SIG,PR,ASO,ES,Federal Contract Tower,0,0,2,1,3,0,12,153,5,170,0,12,155,6,173,122,20,142,315
02/04/2000,SIG,PR,ASO,ES,Federal Contract Tower,0,0,11,3,14,0,9,147,7,163,0,9,158,10,177,226,12,238,415
02/05/2000,SIG,PR,ASO,ES,Federal Contract Tower,0,0,5,0,5,0,10,155,0,165,0,10,160,0,170,198,0,198,368
02/06/2000,SIG,PR,ASO,ES,Federal Contract Tower,0,0,7,0,7,0,6,133,0,139,0,6,140,0,146,131,0,131,277
02/07/2000,SIG,PR,ASO,ES,Federal Contract Tower,0,0,4,1,5,0,14,136,5,155,0,14,140,6,160,124,0,124,284
02/08/2000,SIG,PR,ASO,ES,Federal Contract Tower,0,0,6,2,8,0,14,155,19,188,0,14,161,21,196,150,22,172,368
02/09/2000,SIG,PR,ASO,ES,Federal Contract Tower,0,0,5,2,7,0,14,163,1,178,0,14,168,3,185,113,4,117,302
02/10/2000,SIG,PR,ASO,ES,Federal Contract Tower,0,0,10,2,12,0,12,209,6,227,0,12,219,8,239,194,0,194,433
02/11/2000,SIG,PR,ASO,ES,Federal Contract Tower,0,0,13,2,15,0,10,207,0,217,0,10,220,2,232,286,0,286,518
02/12/2000,SIG,PR,ASO,ES,Federal Contract Tower,0,0,3,1,4,0,10,175,0,185,0,10,178,1,189,178,0,178,367
02/13/2000,SIG,PR,ASO,ES,Federal Contract Tower,0,0,5,2,7,0,6,127,1,134,0,6,132,3,141,29,30,59,200
02/14/2000,SIG,PR,ASO,ES,Federal Contract Tower,0,0,10,2,12,0,14,116,4,134,0,14,126,6,146,72,0,72,218
02/15/2000,SIG,PR,ASO,ES,Federal Contract Tower,0,0,9,2,11,0,10,155,18,183,0,10,164,20,194,199,8,207,401
02/16/2000,SIG,PR,ASO,ES,Federal Contract Tower,0,0,8,2,10,0,12,142,10,164,0,12,150,12,174,142,0,142,316
02/17/2000,SIG,PR,ASO,ES,Federal Contract Tower,0,0,10,2,12,0,12,149,11,172,0,12,159,13,184,90,28,118,302
02/18/2000,SIG,PR,ASO,ES,Federal Contract Tower,0,0,15,3,18,0,12,189,6,207,0,12,204,9,225,193,0,193,418
02/19/2000,SIG,PR,ASO,ES,Federal Contract Tower,0,0,8,1,9,0,11,109,3,123,0,11,117,4,132,87,0,87,219
02/20/2000,SIG,PR,ASO,ES,Federal Contract Tower,0,0,8,1,9,0,8,111,2,121,0,8,119,3,130,54,12,66,196
02/21/2000,SIG,PR,ASO,ES,Federal Contract Tower,0,0,11,2,13,0,10,192,3,205,0,10,203,5,218,130,0,130,348
02/22/2000,SIG,PR,ASO,ES,Federal Contract Tower,0,0,6,0,6,0,12,119,7,138,0,12,125,7,144,106,26,132,276
02/23/2000,SIG,PR,ASO,ES,Federal Contract Tower,0,0,11,1,12,0,10,123,10,143,0,10,134,11,155,124,2,126,281
02/24/2000,SIG,PR,ASO,ES,Federal Contract Tower,0,0,8,1,9,0,10,171,17,198,0,10,179,18,207,120,8,128,335
02/25/2000,SIG,PR,ASO,ES,Federal Contract Tower,0,0,11,1,12,0,12,139,5,156,0,12,150,6,168,215,8,223,391
02/26/2000,SIG,PR,ASO,ES,Federal Contract Tower,0,0,7,1,8,0,10,108,3,121,0,10,115,4,129,94,10,104,233
02/27/2000,SIG,PR,ASO,ES,Federal Contract Tower,0,0,7,1,8,0,12,67,0,79,0,12,74,1,87,54,0,54,141
02/28/2000,SIG,PR,ASO,ES,Federal Contract Tower,0,0,6,0,6,0,12,112,8,132,0,12,118,8,138,102,0,102,240
02/29/2000,SIG,PR,ASO,ES,Federal Contract Tower,0,0,5,0,5,0,12,163,11,186,0,12,168,11,191,220,22,242,433
03/01/2000,SIG,PR,ASO,ES,Federal Contract Tower,0,0,9,2,11,0,10,139,4,153,0,10,148,6,164,133,0,133,297
03/02/2000,SIG,PR,ASO,ES,Federal Contract Tower,0,0,7,2,9,0,14,143,9,166,0,14,150,11,175,182,15,197,372
03/03/2000,SIG,PR,ASO,ES,Federal Contract Tower,0,0,5,2,7,0,10,183,7,200,0,10,188,9,207,191,10,201,408
03/04/2000,SIG,PR,ASO,ES,Federal Contract Tower,0,0,10,3,13,0,10,172,10,192,0,10,182,13,205,146,21,167,372
03/05/2000,SIG,PR,ASO,ES,Federal Contract Tower,0,0,3,1,4,0,8,145,10,163,0,8,148,11,167,144,12,156,323
03/06/2000,SIG,PR,ASO,ES,Federal Contract Tower,0,0,5,2,7,0,12,102,2,116,0,12,107,4,123,97,0,97,220
03/07/2000,SIG,PR,ASO,ES,Federal Contract Tower,0,0,10,3,13,0,11,165,3,179,0,11,175,6,192,107,0,107,299
03/08/2000,SIG,PR,ASO,ES,Federal Contract Tower,0,0,5,2,7,0,12,184,14,210,0,12,189,16,217,144,0,144,361
03/09/2000,SIG,PR,ASO,ES,Federal Contract Tower,0,0,1,1,2,0,10,168,9,187,0,10,169,10,189,156,2,158,347
03/10/2000,SIG,PR,ASO,ES,Federal Contract Tower,0,0,13,3,16,0,14,176,5,195,0,14,189,8,211,249,17,266,477
03/11/2000,SIG,PR,ASO,ES,Federal Contract Tower,0,0,6,2,8,0,10,143,5,158,0,10,149,7,166,185,0,185,351
03/12/2000,SIG,PR,ASO,ES,Federal Contract Tower,0,0,10,2,12,0,8,111,2,121,0,8,121,4,133,102,0,102,235
03/13/2000,SIG,PR,ASO,ES,Federal Contract Tower,0,0,6,0,6,0,10,139,0,149,0,10,145,0,155,150,0,150,305
03/14/2000,SIG,PR,ASO,ES,Federal Contract Tower,0,0,10,3,13,0,14,153,2,169,0,14,163,5,182,74,8,82,264
03/15/2000,SIG,PR,ASO,ES,Federal Contract Tower,0,0,10,2,12,0,8,163,12,183,0,8,173,14,195,134,0,134,329
03/16/2000,SIG,PR,ASO,ES,Federal Contract Tower,0,0,9,1,10,0,11,144,14,169,0,11,153,15,179,144,19,163,342
03/17/2000,SIG,PR,ASO,ES,Federal Contract Tower,0,0,12,2,14,0,14,157,9,180,0,14,169,11,194,146,16,162,356
03/18/2000,SIG,PR,ASO,ES,Federal Contract Tower,0,0,6,0,6,0,8,176,5,189,0,8,182,5,195,123,0,123,318
03/19/2000,SIG,PR,ASO,ES,Federal Contract Tower,0,0,3,0,3,0,8,124,2,134,0,8,127,2,137,118,0,118,255
03/20/2000,SIG,PR,ASO,ES,Federal Contract Tower,0,0,2,0,2,0,14,134,6,154,0,14,136,6,156,100,0,100,256
03/21/2000,SIG,PR,ASO,ES,Federal Contract Tower,0,0,15,2,17,0,12,137,9,158,0,12,152,11,175,223,28,251,426
03/22/2000,SIG,PR,ASO,ES,Federal Contract Tower,0,0,16,3,19,0,12,151,19,182,0,12,167,22,201,173,0,173,374
03/23/2000,SIG,PR,ASO,ES,Federal Contract Tower,0,0,11,2,13,0,14,150,12,176,0,14,161,14,189,183,9,192,381
03/24/2000,SIG,PR,ASO,ES,Federal Contract Tower,0,0,11,0,11,0,6,147,0,153,0,6,158,0,164,79,0,79,243
03/25/2000,SIG,PR,ASO,ES,Federal Contract Tower,0,0,6,0,6,0,14,154,0,168,0,14,160,0,174,126,0,126,300
03/26/2000,SIG,PR,ASO,ES,Federal Contract Tower,0,0,8,1,9,0,12,86,4,102,0,12,94,5,111,87,0,87,198
03/27/2000,SIG,PR,ASO,ES,Federal Contract Tower,0,0,10,1,11,0,14,123,6,143,0,14,133,7,154,129,21,150,304
03/28/2000,SIG,PR,ASO,ES,Federal Contract Tower,0,0,12,2,14,0,12,128,10,150,0,12,140,12,164,139,6,145,309
03/29/2000,SIG,PR,ASO,ES,Federal Contract Tower,0,0,11,2,13,0,18,144,13,175,0,18,155,15,188,157,21,178,366
03/30/2000,SIG,PR,ASO,ES,Federal Contract Tower,0,0,9,1,10,0,12,160,22,194,0,12,169,23,204,286,4,290,494
03/31/2000,SIG,PR,ASO,ES,Federal Contract Tower,0,0,11,1,12,0,20,189,5,214,0,20,200,6,226,104,0,104,330
04/01/2000,SIG,PR,ASO,ES,Federal Contract Tower,0,0,5,0,5,0,14,147,0,161,0,14,152,0,166,225,0,225,391
04/02/2000,SIG,PR,ASO,ES,Federal Contract Tower,0,0,2,2,4,0,8,127,0,135,0,8,129,2,139,129,0,129,268
04/03/2000,SIG,PR,ASO,ES,Federal Contract Tower,0,0,8,3,11,0,10,107,9,126,0,10,115,12,137,96,0,96,233
04/04/2000,SIG,PR,ASO,ES,Federal Contract Tower,0,0,3,2,5,0,16,163,9,188,0,16,166,11,193,207,6,213,406
04/05/2000,SIG,PR,ASO,ES,Federal Contract Tower,0,0,10,4,14,0,12,157,19,188,0,12,167,23,202,176,0,176,378
04/06/2000,SIG,PR,ASO,ES,Federal Contract Tower,0,0,5,3,8,0,14,155,36,205,0,14,160,39,213,145,23,168,381
04/07/2000,SIG,PR,ASO,ES,Federal Contract Tower,0,0,2,2,4,0,12,167,12,191,0,12,169,14,195,191,0,191,386
04/08/2000,SIG,PR,ASO,ES,Federal Contract Tower,0,0,5,2,7,0,12,160,3,175,0,12,165,5,182,121,0,121,303
04/09/2000,SIG,PR,ASO,ES,Federal Contract Tower,0,0,6,3,9,0,12,110,9,131,0,12,116,12,140,138,0,138,278
04/10/2000,SIG,PR,ASO,ES,Federal Contract Tower,0,0,2,2,4,0,10,125,3,138,0,10,127,5,142,139,0,139,281
04/11/2000,SIG,PR,ASO,ES,Federal Contract Tower,0,0,2,2,4,0,10,158,20,188,0,10,160,22,192,177,3,180,372
04/12/2000,SIG,PR,ASO,ES,Federal Contract Tower,0,0,9,4,13,0,10,158,10,178,0,10,167,14,191,108,5,113,304
04/13/2000,SIG,PR,ASO,ES,Federal Contract Tower,0,0,4,2,6,0,12,138,18,168,0,12,142,20,174,112,30,142,316
04/14/2000,SIG,PR,ASO,ES,Federal Contract Tower,0,0,5,2,7,0,10,191,14,215,0,10,196,16,222,169,10,179,401
04/15/2000,SIG,PR,ASO,ES,Federal Contract Tower,0,0,3,2,5,0,14,135,15,164,0,14,138,17,169,128,2,130,299
04/16/2000,SIG,PR,ASO,ES,Federal Contract Tower,0,0,8,2,10,0,6,101,11,118,0,6,109,13,128,20,14,34,162
04/17/2000,SIG,PR,ASO,ES,Federal Contract Tower,0,0,9,2,11,0,10,133,2,145,0,10,142,4,156,94,0,94,250
04/18/2000,SIG,PR,ASO,ES,Federal Contract Tower,0,0,6,1,7,0,10,150,10,170,0,10,156,11,177,131,0,131,308
04/19/2000,SIG,PR,ASO,ES,Federal Contract Tower,0,0,13,4,17,0,10,169,5,184,0,10,182,9,201,159,4,163,364
04/20/2000,SIG,PR,ASO,ES,Federal Contract Tower,0,0,8,2,10,0,10,153,0,163,0,10,161,2,173,172,0,172,345
04/21/2000,SIG,PR,ASO,ES,Federal Contract Tower,0,0,5,1,6,0,0,61,3,64,0,0,66,4,70,12,0,12,82
04/22/2000,SIG,PR,ASO,ES,Federal Contract Tower,0,0,6,1,7,0,16,108,4,128,0,16,114,5,135,77,0,77,212
04/23/2000,SIG,PR,ASO,ES,Federal Contract Tower,0,0,11,4,15,0,10,94,0,104,0,10,105,4,119,38,0,38,157
04/24/2000,SIG,PR,ASO,ES,Federal Contract Tower,0,0,5,1,6,0,10,143,4,157,0,10,148,5,163,175,0,175,338
04/25/2000,SIG,PR,ASO,ES,Federal Contract Tower,0,0,12,4,16,0,10,153,8,171,0,10,165,12,187,202,0,202,389
04/26/2000,SIG,PR,ASO,ES,Federal Contract Tower,0,0,9,3,12,0,10,160,11,181,0,10,169,14,193,175,4,179,372
04/27/2000,SIG,PR,ASO,ES,Federal Contract Tower,0,0,7,2,9,0,10,152,10,172,0,10,159,12,181,180,10,190,371
04/28/2000,SIG,PR,ASO,ES,Federal Contract Tower,0,0,11,4,15,0,12,167,7,186,0,12,178,11,201,78,0,78,279
04/29/2000,SIG,PR,ASO,ES,Federal Contract Tower,0,0,3,1,4,0,10,125,0,135,0,10,128,1,139,172,0,172,311
04/30/2000,SIG,PR,ASO,ES,Federal Contract Tower,0,0,12,0,12,0,6,133,0,139,0,6,145,0,151,106,0,106,257
05/01/2000,SIG,PR,ASO,ES,Federal Contract Tower,0,0,4,2,6,0,10,134,3,147,0,10,138,5,153,184,0,184,337
05/02/2000,SIG,PR,ASO,ES,Federal Contract Tower,0,0,0,1,1,0,10,120,21,151,0,10,120,22,152,84,20,104,256
05/03/2000,SIG,PR,ASO,ES,Federal Contract Tower,0,0,8,3,11,0,10,173,11,194,0,10,181,14,205,154,0,154,359
05/04/2000,SIG,PR,ASO,ES,Federal Contract Tower,0,0,4,2,6,0,8,193,13,214,0,8,197,15,220,244,7,251,471
05/05/2000,SIG,PR,ASO,ES,Federal Contract Tower,0,0,11,4,15,0,10,115,5,130,0,10,126,9,145,193,0,193,338
05/06/2000,SIG,PR,ASO,ES,Federal Contract Tower,0,0,8,3,11,0,10,179,2,191,0,10,187,5,202,164,0,164,366
05/07/2000,SIG,PR,ASO,ES,Federal Contract Tower,0,0,3,1,4,0,6,119,3,128,0,6,122,4,132,125,0,125,257
05/08/2000,SIG,PR,ASO,ES,Federal Contract Tower,0,0,10,4,14,0,10,143,19,172,0,10,153,23,186,210,0,210,396
05/09/2000,SIG,PR,ASO,ES,Federal Contract Tower,0,0,6,3,9,0,16,136,11,163,0,16,142,14,172,178,4,182,354
05/10/2000,SIG,PR,ASO,ES,Federal Contract Tower,0,0,11,4,15,0,12,182,10,204,0,12,193,14,219,150,10,160,379
05/11/2000,SIG,PR,ASO,ES,Federal Contract Tower,0,0,9,0,9,0,6,86,0,92,0,6,95,0,101,51,0,51,152
05/12/2000,SIG,PR,ASO,ES,Federal Contract Tower,0,0,6,2,8,0,12,165,12,189,0,12,171,14,197,159,4,163,360
05/13/2000,SIG,PR,ASO,ES,Federal Contract Tower,0,0,6,1,7,0,10,172,0,182,0,10,178,1,189,204,6,210,399
05/14/2000,SIG,PR,ASO,ES,Federal Contract Tower,0,0,0,1,1,0,6,26,0,32,0,6,26,1,33,2,0,2,35
05/15/2000,SIG,PR,ASO,ES,Federal Contract Tower,0,0,4,2,6,0,10,144,4,158,0,10,148,6,164,162,0,162,326
05/16/2000,SIG,PR,ASO,ES,Federal Contract Tower,0,0,4,2,6,0,10,138,13,161,0,10,142,15,167,170,2,172,339
05/17/2000,SIG,PR,ASO,ES,Federal Contract Tower,0,0,8,3,11,0,4,142,4,150,0,4,150,7,161,227,11,238,399
05/18/2000,SIG,PR,ASO,ES,Federal Contract Tower,0,0,10,2,12,0,18,159,8,185,0,18,169,10,197,207,25,232,429
05/19/2000,SIG,PR,ASO,ES,Federal Contract Tower,0,0,8,2,10,0,15,133,1,149,0,15,141,3,159,96,0,96,255
05/20/2000,SIG,PR,ASO,ES,Federal Contract Tower,0,0,7,1,8,0,10,151,22,183,0,10,158,23,191,203,0,203,394
05/21/2000,SIG,PR,ASO,ES,Federal Contract Tower,0,0,5,0,5,0,8,120,0,128,0,8,125,0,133,171,0,171,304
05/22/2000,SIG,PR,ASO,ES,Federal Contract Tower,0,0,3,0,3,0,10,140,2,152,0,10,143,2,155,138,5,143,298
05/23/2000,SIG,PR,ASO,ES,Federal Contract Tower,0,0,3,0,3,0,10,154,1,165,0,10,157,1,168,227,0,227,395
05/24/2000,SIG,PR,ASO,ES,Federal Contract Tower,0,0,7,1,8,0,10,175,7,192,0,10,182,8,200,136,18,154,354
05/25/2000,SIG,PR,ASO,ES,Federal Contract Tower,0,0,10,3,13,0,10,132,7,149,0,10,142,10,162,136,36,172,334
05/26/2000,SIG,PR,ASO,ES,Federal Contract Tower,0,0,10,2,12,0,12,184,1,197,0,12,194,3,209,193,8,201,410
05/27/2000,SIG,PR,ASO,ES,Federal Contract Tower,0,0,5,0,5,0,8,157,0,165,0,8,162,0,170,221,0,221,391
05/28/2000,SIG,PR,ASO,ES,Federal Contract Tower,0,0,4,1,5,0,6,111,4,121,0,6,115,5,126,174,10,184,310
05/29/2000,SIG,PR,ASO,ES,Federal Contract Tower,0,0,11,3,14,0,16,155,6,177,0,16,166,9,191,279,0,279,470
05/30/2000,SIG,PR,ASO,ES,Federal Contract Tower,0,0,7,1,8,0,8,94,2,104,0,8,101,3,112,91,0,91,203
05/31/2000,SIG,PR,ASO,ES,Federal Contract Tower,0,0,5,1,6,0,10,141,12,163,0,10,146,13,169,114,24,138,307
06/01/2000,SIG,PR,ASO,ES,Federal Contract Tower,0,0,6,5,11,0,10,144,11,165,0,10,150,16,176,102,10,112,288
06/02/2000,SIG,PR,ASO,ES,Federal Contract Tower,0,0,7,5,12,0,14,170,7,191,0,14,177,12,203,104,3,107,310
06/03/2000,SIG,PR,ASO,ES,Federal Contract Tower,0,0,5,4,9,0,10,135,2,147,0,10,140,6,156,112,0,112,268
06/04/2000,SIG,PR,ASO,ES,Federal Contract Tower,0,0,1,2,3,0,6,89,2,97,0,6,90,4,100,53,0,53,153
06/05/2000,SIG,PR,ASO,ES,Federal Contract Tower,0,0,1,1,2,0,10,148,13,171,0,10,149,14,173,125,0,125,298
06/06/2000,SIG,PR,ASO,ES,Federal Contract Tower,0,0,2,2,4,0,10,120,11,141,0,10,122,13,145,124,6,130,275
06/07/2000,SIG,PR,ASO,ES,Federal Contract Tower,0,0,1,2,3,0,10,142,6,158,0,10,143,8,161,146,10,156,317
06/08/2000,SIG,PR,ASO,ES,Federal Contract Tower,0,0,1,2,3,0,12,143,3,158,0,12,144,5,161,117,0,117,278
06/09/2000,SIG,PR,ASO,ES,Federal Contract Tower,0,0,4,3,7,0,10,140,15,165,0,10,144,18,172,100,2,102,274
06/10/2000,SIG,PR,ASO,ES,Federal Contract Tower,0,0,8,6,14,0,12,155,1,168,0,12,163,7,182,129,0,129,311
06/11/2000,SIG,PR,ASO,ES,Federal Contract Tower,0,0,6,1,7,0,8,110,0,118,0,8,116,1,125,58,0,58,183
06/12/2000,SIG,PR,ASO,ES,Federal Contract Tower,0,0,13,9,22,0,8,96,3,107,0,8,109,12,129,40,0,40,169
06/13/2000,SIG,PR,ASO,ES,Federal Contract Tower,0,0,5,4,9,0,12,93,30,135,0,12,98,34,144,141,4,145,289
06/14/2000,SIG,PR,ASO,ES,Federal Contract Tower,0,0,6,3,9,0,10,147,8,165,0,10,153,11,174,147,9,156,330
06/15/2000,SIG,PR,ASO,ES,Federal Contract Tower,0,0,5,2,7,0,10,171,15,196,0,10,176,17,203,155,8,163,366
06/16/2000,SIG,PR,ASO,ES,Federal Contract Tower,0,0,16,8,24,0,12,106,10,128,0,12,122,18,152,24,0,24,176
06/17/2000,SIG,PR,ASO,ES,Federal Contract Tower,0,0,9,4,13,0,6,162,7,175,0,6,171,11,188,156,4,160,348
06/18/2000,SIG,PR,ASO,ES,Federal Contract Tower,0,0,9,4,13,0,6,68,0,74,0,6,77,4,87,4,0,4,91
06/19/2000,SIG,PR,ASO,ES,Federal Contract Tower,0,0,7,4,11,0,10,130,4,144,0,10,137,8,155,131,0,131,286
06/20/2000,SIG,PR,ASO,ES,Federal Contract Tower,0,0,4,1,5,0,12,138,5,155,0,12,142,6,160,195,20,215,375
06/21/2000,SIG,PR,ASO,ES,Federal Contract Tower,0,0,6,3,9,0,10,139,9,158,0,10,145,12,167,187,0,187,354
06/22/2000,SIG,PR,ASO,ES,Federal Contract Tower,0,0,8,4,12,0,14,169,2,185,0,14,177,6,197,167,6,173,370
06/23/2000,SIG,PR,ASO,ES,Federal Contract Tower,0,0,2,1,3,0,10,159,9,178,0,10,161,10,181,106,0,106,287
06/24/2000,SIG,PR,ASO,ES,Federal Contract Tower,0,0,4,1,5,0,8,136,6,150,0,8,140,7,155,151,0,151,306
06/25/2000,SIG,PR,ASO,ES,Federal Contract Tower,0,0,3,1,4,0,6,100,0,106,0,6,103,1,110,106,0,106,216
06/26/2000,SIG,PR,ASO,ES,Federal Contract Tower,0,0,3,1,4,0,10,85,21,116,0,10,88,22,120,44,4,48,168
06/27/2000,SIG,PR,ASO,ES,Federal Contract Tower,0,0,8,4,12,0,10,120,33,163,0,10,128,37,175,166,0,166,341
06/28/2000,SIG,PR,ASO,ES,Federal Contract Tower,0,0,8,4,12,0,10,155,20,185,0,10,163,24,197,108,10,118,315
06/29/2000,SIG,PR,ASO,ES,Federal Contract Tower,0,0,3,1,4,0,8,151,29,188,0,8,154,30,192,154,2,156,348
06/30/2000,SIG,PR,ASO,ES,Federal Contract Tower,0,0,6,3,9,0,14,147,8,169,0,14,153,11,178,97,5,102,280
07/01/2000,SIG,PR,ASO,ES,Federal Contract Tower,0,0,6,3,9,0,10,114,2,126,0,10,120,5,135,213,2,215,350
07/02/2000,SIG,PR,ASO,ES,Federal Contract Tower,0,0,3,2,5,0,10,74,2,86,0,10,77,4,91,39,0,39,130
07/03/2000,SIG,PR,ASO,ES,Federal Contract Tower,0,0,4,2,6,0,14,100,9,123,0,14,104,11,129,100,2,102,231
07/04/2000,SIG,PR,ASO,ES,Federal Contract Tower,0,0,5,3,8,0,14,152,0,166,0,14,157,3,174,149,0,149,323
07/05/2000,SIG,PR,ASO,ES,Federal Contract Tower,0,0,6,3,9,0,14,131,10,155,0,14,137,13,164,139,0,139,303
07/06/2000,SIG,PR,ASO,ES,Federal Contract Tower,0,0,5,3,8,0,15,149,8,172,0,15,154,11,180,183,4,187,367
07/07/2000,SIG,PR,ASO,ES,Federal Contract Tower,0,0,3,2,5,0,12,127,6,145,0,12,130,8,150,138,4,142,292
07/08/2000,SIG,PR,ASO,ES,Federal Contract Tower,0,0,4,3,7,0,13,121,16,150,0,13,125,19,157,160,0,160,317
07/09/2000,SIG,PR,ASO,ES,Federal Contract Tower,0,0,2,1,3,0,7,106,14,127,0,7,108,15,130,103,0,103,233
07/10/2000,SIG,PR,ASO,ES,Federal Contract Tower,0,0,6,3,9,0,8,119,0,127,0,8,125,3,136,100,0,100,236
07/11/2000,SIG,PR,ASO,ES,Federal Contract Tower,0,0,2,1,3,0,13,129,8,150,0,13,131,9,153,177,0,177,330
07/12/2000,SIG,PR,ASO,ES,Federal Contract Tower,0,0,4,3,7,0,12,149,2,163,0,12,153,5,170,153,0,153,323
07/13/2000,SIG,PR,ASO,ES,Federal Contract Tower,0,0,2,2,4,0,11,130,4,145,0,11,132,6,149,119,10,129,278
07/14/2000,SIG,PR,ASO,ES,Federal Contract Tower,0,0,6,4,10,0,12,174,0,186,0,12,180,4,196,139,0,139,335
07/15/2000,SIG,PR,ASO,ES,Federal Contract Tower,0,0,0,1,1,0,12,161,0,173,0,12,161,1,174,181,0,181,355
07/16/2000,SIG,PR,ASO,ES,Federal Contract Tower,0,0,4,1,5,0,10,105,0,115,0,10,109,1,120,86,0,86,206
07/17/2000,SIG,PR,ASO,ES,Federal Contract Tower,0,0,5,3,8,0,16,125,15,156,0,16,130,18,164,146,0,146,310
07/18/2000,SIG,PR,ASO,ES,Federal Contract Tower,0,0,5,1,6,0,12,134,12,158,0,12,139,13,164,70,0,70,234
07/19/2000,SIG,PR,ASO,ES,Federal Contract Tower,0,0,6,2,8,0,10,170,20,200,0,10,176,22,208,172,0,172,380
07/20/2000,SIG,PR,ASO,ES,Federal Contract Tower,0,0,7,3,10,0,15,159,14,188,0,15,166,17,198,100,22,122,320
07/21/2000,SIG,PR,ASO,ES,Federal Contract Tower,0,0,7,2,9,0,13,154,11,178,0,13,161,13,187,112,0,112,299
07/22/2000,SIG,PR,ASO,ES,Federal Contract Tower,0,0,6,2,8,0,10,135,0,145,0,10,141,2,153,132,0,132,285
07/23/2000,SIG,PR,ASO,ES,Federal Contract Tower,0,0,3,0,3,0,10,103,4,117,0,10,106,4,120,80,0,80,200
07/24/2000,SIG,PR,ASO,ES,Federal Contract Tower,0,0,4,1,5,0,16,151,6,173,0,16,155,7,178,120,8,128,306
07/25/2000,SIG,PR,ASO,ES,Federal Contract Tower,0,0,6,2,8,0,12,138,12,162,0,12,144,14,170,138,8,146,316
07/26/2000,SIG,PR,ASO,ES,Federal Contract Tower,0,0,2,0,2,0,15,116,12,143,0,15,118,12,145,110,4,114,259
07/27/2000,SIG,PR,ASO,ES,Federal Contract Tower,0,0,3,0,3,0,14,140,9,163,0,14,143,9,166,76,0,76,242
07/28/2000,SIG,PR,ASO,ES,Federal Contract Tower,0,0,8,3,11,0,9,114,7,130,0,9,122,10,141,180,0,180,321
07/29/2000,SIG,PR,ASO,ES,Federal Contract Tower,0,0,7,3,10,0,9,90,0,99,0,9,97,3,109,128,2,130,239
07/30/2000,SIG,PR,ASO,ES,Federal Contract Tower,0,0,5,2,7,0,10,133,0,143,0,10,138,2,150,78,0,78,228
07/31/2000,SIG,PR,ASO,ES,Federal Contract Tower,0,0,7,3,10,0,11,131,5,147,0,11,138,8,157,106,0,106,263
08/01/2000,SIG,PR,ASO,ES,Federal Contract Tower,0,0,5,2,7,0,12,114,14,140,0,12,119,16,147,131,0,131,278
08/02/2000,SIG,PR,ASO,ES,Federal Contract Tower,0,0,4,2,6,0,13,142,3,158,0,13,146,5,164,131,0,131,295
08/03/2000,SIG,PR,ASO,ES,Federal Contract Tower,0,0,7,3,10,0,13,126,2,141,0,13,133,5,151,205,21,226,377
08/04/2000,SIG,PR,ASO,ES,Federal Contract Tower,0,0,3,0,3,0,17,124,0,141,0,17,127,0,144,128,0,128,272
08/05/2000,SIG,PR,ASO,ES,Federal Contract Tower,0,0,1,1,2,0,13,117,1,131,0,13,118,2,133,129,0,129,262
08/06/2000,SIG,PR,ASO,ES,Federal Contract Tower,0,0,3,0,3,0,14,106,0,120,0,14,109,0,123,86,0,86,209
08/07/2000,SIG,PR,ASO,ES,Federal Contract Tower,0,0,3,1,4,0,12,90,8,110,0,12,93,9,114,90,0,90,204
08/08/2000,SIG,PR,ASO,ES,Federal Contract Tower,0,0,3,2,5,0,28,165,1,194,0,28,168,3,199,207,0,207,406
08/09/2000,SIG,PR,ASO,ES,Federal Contract Tower,0,0,7,3,10,0,21,137,0,158,0,21,144,3,168,145,0,145,313
08/10/2000,SIG,PR,ASO,ES,Federal Contract Tower,0,0,4,2,6,0,12,134,3,149,0,12,138,5,155,177,6,183,338
08/11/2000,SIG,PR,ASO,ES,Federal Contract Tower,0,0,7,3,10,0,17,164,8,189,0,17,171,11,199,240,0,240,439
08/12/2000,SIG,PR,ASO,ES,Federal Contract Tower,0,0,4,2,6,0,16,172,0,188,0,16,176,2,194,202,0,202,396
08/13/2000,SIG,PR,ASO,ES,Federal Contract Tower,0,0,1,0,1,0,13,137,0,150,0,13,138,0,151,111,0,111,262
08/14/2000,SIG,PR,ASO,ES,Federal Contract Tower,0,0,6,2,8,0,15,124,6,145,0,15,130,8,153,118,27,145,298
08/15/2000,SIG,PR,ASO,ES,Federal Contract Tower,0,0,3,2,5,0,17,150,9,176,0,17,153,11,181,207,0,207,388
08/16/2000,SIG,PR,ASO,ES,Federal Contract Tower,0,0,5,2,7,0,14,155,9,178,0,14,160,11,185,212,0,212,397
08/17/2000,SIG,PR,ASO,ES,Federal Contract Tower,0,0,3,1,4,0,17,146,9,172,0,17,149,10,176,169,0,169,345
08/18/2000,SIG,PR,ASO,ES,Federal Contract Tower,0,0,8,3,11,0,17,166,1,184,0,17,174,4,195,152,0,152,347
08/19/2000,SIG,PR,ASO,ES,Federal Contract Tower,0,0,3,0,3,0,13,155,7,175,0,13,158,7,178,248,9,257,435
08/20/2000,SIG,PR,ASO,ES,Federal Contract Tower,0,0,3,0,3,0,10,113,16,139,0,10,116,16,142,106,10,116,258
08/21/2000,SIG,PR,ASO,ES,Federal Contract Tower,0,0,7,2,9,0,10,163,11,184,0,10,170,13,193,165,0,165,358
08/22/2000,SIG,PR,ASO,ES,Federal Contract Tower,0,0,0,0,0,0,0,13,0,13,0,0,13,0,13,0,0,0,13
08/23/2000,SIG,PR,ASO,ES,Federal Contract Tower,0,0,5,1,6,0,2,124,16,142,0,2,129,17,148,34,0,34,182
08/24/2000,SIG,PR,ASO,ES,Federal Contract Tower,0,0,7,1,8,0,16,147,9,172,0,16,154,10,180,116,0,116,296
08/25/2000,SIG,PR,ASO,ES,Federal Contract Tower,0,0,4,1,5,0,23,160,14,197,0,23,164,15,202,232,14,246,448
08/26/2000,SIG,PR,ASO,ES,Federal Contract Tower,0,0,4,0,4,0,13,138,0,151,0,13,142,0,155,204,2,206,361
08/27/2000,SIG,PR,ASO,ES,Federal Contract Tower,0,0,3,0,3,0,16,129,5,150,0,16,132,5,153,159,0,159,312
08/28/2000,SIG,PR,ASO,ES,Federal Contract Tower,0,0,6,1,7,0,19,152,7,178,0,19,158,8,185,201,2,203,388
08/29/2000,SIG,PR,ASO,ES,Federal Contract Tower,0,0,7,1,8,0,13,185,7,205,0,13,192,8,213,208,0,208,421
08/30/2000,SIG,PR,ASO,ES,Federal Contract Tower,0,0,4,1,5,0,14,187,17,218,0,14,191,18,223,235,18,253,476
08/31/2000,SIG,PR,ASO,ES,Federal Contract Tower,0,0,4,1,5,0,10,175,7,192,0,10,179,8,197,202,0,202,399
09/01/2000,SIG,PR,ASO,ES,Federal Contract Tower,0,0,6,0,6,0,13,170,0,183,0,13,176,0,189,177,0,177,366
09/02/2000,SIG,PR,ASO,ES,Federal Contract Tower,0,0,2,1,3,0,12,162,1,175,0,12,164,2,178,254,0,254,432
09/03/2000,SIG,PR,ASO,ES,Federal Contract Tower,0,0,1,1,2,0,11,86,1,98,0,11,87,2,100,61,0,61,161
09/04/2000,SIG,PR,ASO,ES,Federal Contract Tower,0,0,8,0,8,0,11,126,0,137,0,11,134,0,145,128,0,128,273
09/05/2000,SIG,PR,ASO,ES,Federal Contract Tower,0,0,7,4,11,0,13,148,5,166,0,13,155,9,177,206,8,214,391
09/06/2000,SIG,PR,ASO,ES,Federal Contract Tower,0,0,3,2,5,0,13,179,18,210,0,13,182,20,215,259,35,294,509
09/07/2000,SIG,PR,ASO,ES,Federal Contract Tower,0,0,6,3,9,0,15,179,12,206,0,15,185,15,215,282,10,292,507
09/08/2000,SIG,PR,ASO,ES,Federal Contract Tower,0,0,2,2,4,0,15,193,6,214,0,15,195,8,218,205,4,209,427
09/09/2000,SIG,PR,ASO,ES,Federal Contract Tower,0,0,1,1,2,0,8,190,5,203,0,8,191,6,205,205,0,205,410
09/10/2000,SIG,PR,ASO,ES,Federal Contract Tower,0,0,2,2,4,0,3,127,12,142,0,3,129,14,146,96,6,102,248
09/11/2000,SIG,PR,ASO,ES,Federal Contract Tower,0,0,6,3,9,0,17,151,0,168,0,17,157,3,177,150,2,152,329
09/12/2000,SIG,PR,ASO,ES,Federal Contract Tower,0,0,4,3,7,0,21,150,9,180,0,21,154,12,187,266,0,266,453
09/13/2000,SIG,PR,ASO,ES,Federal Contract Tower,0,0,1,1,2,0,14,157,9,180,0,14,158,10,182,153,0,153,335
09/14/2000,SIG,PR,ASO,ES,Federal Contract Tower,0,0,4,2,6,0,18,191,2,211,0,18,195,4,217,218,0,218,435
09/15/2000,SIG,PR,ASO,ES,Federal Contract Tower,0,0,4,2,6,0,13,140,4,157,0,13,144,6,163,132,15,147,310
09/16/2000,SIG,PR,ASO,ES,Federal Contract Tower,0,0,4,3,7,0,11,172,3,186,0,11,176,6,193,269,0,269,462
09/17/2000,SIG,PR,ASO,ES,Federal Contract Tower,0,0,4,2,6,0,11,63,0,74,0,11,67,2,80,92,0,92,172
09/18/2000,SIG,PR,ASO,ES,Federal Contract Tower,0,0,4,2,6,0,13,153,4,170,0,13,157,6,176,156,0,156,332
09/19/2000,SIG,PR,ASO,ES,Federal Contract Tower,0,0,6,4,10,0,12,117,17,146,0,12,123,21,156,136,2,138,294
09/20/2000,SIG,PR,ASO,ES,Federal Contract Tower,0,0,3,0,3,0,16,159,13,188,0,16,162,13,191,120,2,122,313
09/21/2000,SIG,PR,ASO,ES,Federal Contract Tower,0,0,3,1,4,0,12,165,7,184,0,12,168,8,188,221,0,221,409
09/22/2000,SIG,PR,ASO,ES,Federal Contract Tower,0,0,6,2,8,0,13,184,7,204,0,13,190,9,212,205,0,205,417
09/23/2000,SIG,PR,ASO,ES,Federal Contract Tower,0,0,4,1,5,0,10,133,7,150,0,10,137,8,155,218,0,218,373
09/24/2000,SIG,PR,ASO,ES,Federal Contract Tower,0,0,4,1,5,0,8,117,0,125,0,8,121,1,130,144,0,144,274
09/25/2000,SIG,PR,ASO,ES,Federal Contract Tower,0,0,5,1,6,0,12,131,8,151,0,12,136,9,157,218,1,219,376
09/26/2000,SIG,PR,ASO,ES,Federal Contract Tower,0,0,3,1,4,0,15,164,8,187,0,15,167,9,191,214,0,214,405
09/27/2000,SIG,PR,ASO,ES,Federal Contract Tower,0,0,4,1,5,0,16,130,5,151,0,16,134,6,156,279,0,279,435
09/28/2000,SIG,PR,ASO,ES,Federal Contract Tower,0,0,5,1,6,0,14,147,6,167,0,14,152,7,173,254,0,254,427
09/29/2000,SIG,PR,ASO,ES,Federal Contract Tower,0,0,4,0,4,0,13,146,0,159,0,13,150,0,163,263,0,263,426
09/30/2000,SIG,PR,ASO,ES,Federal Contract Tower,0,0,1,0,1,0,11,153,0,164,0,11,154,0,165,237,0,237,402
10/01/2000,SIG,PR,ASO,ES,Federal Contract Tower,0,0,1,2,3,0,12,132,0,144,0,12,133,2,147,80,0,80,227
10/02/2000,SIG,PR,ASO,ES,Federal Contract Tower,0,0,1,2,3,0,18,167,7,192,0,18,168,9,195,186,0,186,381
10/03/2000,SIG,PR,ASO,ES,Federal Contract Tower,0,0,2,2,4,0,11,152,13,176,0,11,154,15,180,209,12,221,401
10/04/2000,SIG,PR,ASO,ES,Federal Contract Tower,0,0,4,3,7,0,17,154,5,176,0,17,158,8,183,201,4,205,388
10/05/2000,SIG,PR,ASO,ES,Federal Contract Tower,0,0,3,3,6,0,14,135,15,164,0,14,138,18,170,192,2,194,364
10/06/2000,SIG,PR,ASO,ES,Federal Contract Tower,0,0,3,3,6,0,12,156,6,174,0,12,159,9,180,152,6,158,338
10/07/2000,SIG,PR,ASO,ES,Federal Contract Tower,0,0,1,0,1,0,13,178,0,191,0,13,179,0,192,258,0,258,450
10/08/2000,SIG,PR,ASO,ES,Federal Contract Tower,0,0,2,0,2,0,6,121,0,127,0,6,123,0,129,118,0,118,247
10/09/2000,SIG,PR,ASO,ES,Federal Contract Tower,0,0,1,0,1,0,9,155,0,164,0,9,156,0,165,158,0,158,323
10/10/2000,SIG,PR,ASO,ES,Federal Contract Tower,0,0,2,0,2,0,17,127,6,150,0,17,129,6,152,150,0,150,302
10/11/2000,SIG,PR,ASO,ES,Federal Contract Tower,0,0,4,2,6,0,15,158,2,175,0,15,162,4,181,184,0,184,365
10/12/2000,SIG,PR,ASO,ES,Federal Contract Tower,0,0,4,2,6,0,11,167,13,191,0,11,171,15,197,161,0,161,358
10/13/2000,SIG,PR,ASO,ES,Federal Contract Tower,0,0,3,1,4,0,9,162,5,176,0,9,165,6,180,172,0,172,352
10/14/2000,SIG,PR,ASO,ES,Federal Contract Tower,0,0,0,0,0,0,14,164,3,181,0,14,164,3,181,154,2,156,337
10/15/2000,SIG,PR,ASO,ES,Federal Contract Tower,0,0,4,1,5,0,7,143,5,155,0,7,147,6,160,125,26,151,311
10/16/2000,SIG,PR,ASO,ES,Federal Contract Tower,0,0,9,4,13,0,11,149,3,163,0,11,158,7,176,177,4,181,357
10/17/2000,SIG,PR,ASO,ES,Federal Contract Tower,0,0,8,3,11,0,12,147,3,162,0,12,155,6,173,258,0,258,431
10/18/2000,SIG,PR,ASO,ES,Federal Contract Tower,0,0,8,3,11,0,15,189,2,206,0,15,197,5,217,233,0,233,450
10/19/2000,SIG,PR,ASO,ES,Federal Contract Tower,0,0,6,3,9,0,14,166,14,194,0,14,172,17,203,152,0,152,355
10/20/2000,SIG,PR,ASO,ES,Federal Contract Tower,0,0,4,2,6,0,14,186,6,206,0,14,190,8,212,189,0,189,401
10/21/2000,SIG,PR,ASO,ES,Federal Contract Tower,0,0,3,1,4,0,12,130,13,155,0,12,133,14,159,144,4,148,307
10/22/2000,SIG,PR,ASO,ES,Federal Contract Tower,0,0,6,2,8,0,9,113,15,137,0,9,119,17,145,136,36,172,317
10/23/2000,SIG,PR,ASO,ES,Federal Contract Tower,0,0,3,1,4,0,16,153,1,170,0,16,156,2,174,170,0,170,344
10/24/2000,SIG,PR,ASO,ES,Federal Contract Tower,0,0,4,2,6,0,15,137,3,155,0,15,141,5,161,135,13,148,309
10/25/2000,SIG,PR,ASO,ES,Federal Contract Tower,0,0,11,5,16,0,12,119,20,151,0,12,130,25,167,142,6,148,315
10/26/2000,SIG,PR,ASO,ES,Federal Contract Tower,0,0,8,4,12,0,11,158,12,181,0,11,166,16,193,114,6,120,313
10/27/2000,SIG,PR,ASO,ES,Federal Contract Tower,0,0,8,4,12,0,15,154,9,178,0,15,162,13,190,216,0,216,406
10/28/2000,SIG,PR,ASO,ES,Federal Contract Tower,0,0,4,2,6,0,11,120,0,131,0,11,124,2,137,264,0,264,401
10/29/2000,SIG,PR,ASO,ES,Federal Contract Tower,0,0,4,1,5,0,11,99,1,111,0,11,103,2,116,129,0,129,245
10/30/2000,SIG,PR,ASO,ES,Federal Contract Tower,0,0,7,3,10,0,12,142,8,162,0,12,149,11,172,153,0,153,325
10/31/2000,SIG,PR,ASO,ES,Federal Contract Tower,0,0,5,2,7,0,12,140,3,155,0,12,145,5,162,115,8,123,285
11/01/2000,SIG,PR,ASO,ES,Federal Contract Tower,0,0,2,2,4,0,15,133,4,152,0,15,135,6,156,196,23,219,375
11/02/2000,SIG,PR,ASO,ES,Federal Contract Tower,0,0,3,2,5,0,27,133,3,163,0,27,136,5,168,144,8,152,320
11/03/2000,SIG,PR,ASO,ES,Federal Contract Tower,0,0,6,3,9,0,13,144,5,162,0,13,150,8,171,279,2,281,452
11/04/2000,SIG,PR,ASO,ES,Federal Contract Tower,0,0,2,0,2,0,11,169,0,180,0,11,171,0,182,162,0,162,344
11/05/2000,SIG,PR,ASO,ES,Federal Contract Tower,0,0,1,0,1,0,14,179,0,193,0,14,180,0,194,312,0,312,506
11/06/2000,SIG,PR,ASO,ES,Federal Contract Tower,0,0,5,2,7,0,11,147,11,169,0,11,152,13,176,143,4,147,323
11/07/2000,SIG,PR,ASO,ES,Federal Contract Tower,0,0,2,2,4,0,9,121,12,142,0,9,123,14,146,176,2,178,324
11/08/2000,SIG,PR,ASO,ES,Federal Contract Tower,0,0,2,1,3,0,12,141,1,154,0,12,143,2,157,172,8,180,337
11/09/2000,SIG,PR,ASO,ES,Federal Contract Tower,0,0,2,1,3,0,17,127,10,154,0,17,129,11,157,126,0,126,283
11/10/2000,SIG,PR,ASO,ES,Federal Contract Tower,0,0,6,3,9,0,10,177,4,191,0,10,183,7,200,190,12,202,402
11/11/2000,SIG,PR,ASO,ES,Federal Contract Tower,0,0,3,2,5,0,14,147,20,181,0,14,150,22,186,154,2,156,342
11/12/2000,SIG,PR,ASO,ES,Federal Contract Tower,0,0,3,2,5,0,9,112,9,130,0,9,115,11,135,200,14,214,349
11/13/2000,SIG,PR,ASO,ES,Federal Contract Tower,0,0,7,3,10,0,12,143,1,156,0,12,150,4,166,173,8,181,347
11/14/2000,SIG,PR,ASO,ES,Federal Contract Tower,0,0,3,2,5,0,11,126,20,157,0,11,129,22,162,177,16,193,355
11/15/2000,SIG,PR,ASO,ES,Federal Contract Tower,0,0,5,3,8,0,13,124,4,141,0,13,129,7,149,189,6,195,344
11/16/2000,SIG,PR,ASO,ES,Federal Contract Tower,0,0,8,3,11,0,12,145,6,163,0,12,153,9,174,166,0,166,340
11/17/2000,SIG,PR,ASO,ES,Federal Contract Tower,0,0,10,3,13,0,14,142,10,166,0,14,152,13,179,129,0,129,308
11/18/2000,SIG,PR,ASO,ES,Federal Contract Tower,0,0,3,1,4,0,12,164,4,180,0,12,167,5,184,226,0,226,410
11/19/2000,SIG,PR,ASO,ES,Federal Contract Tower,0,0,2,0,2,0,7,142,1,150,0,7,144,1,152,153,0,153,305
11/20/2000,SIG,PR,ASO,ES,Federal Contract Tower,0,0,1,0,1,0,11,129,1,141,0,11,130,1,142,165,0,165,307
11/21/2000,SIG,PR,ASO,ES,Federal Contract Tower,0,0,7,2,9,0,10,132,11,153,0,10,139,13,162,114,0,114,276
11/22/2000,SIG,PR,ASO,ES,Federal Contract Tower,0,0,6,2,8,0,14,160,7,181,0,14,166,9,189,111,5,116,305
11/23/2000,SIG,PR,ASO,ES,Federal Contract Tower,0,0,1,0,1,0,11,35,0,46,0,11,36,0,47,6,0,6,53
11/24/2000,SIG,PR,ASO,ES,Federal Contract Tower,0,0,6,0,6,0,13,138,0,151,0,13,144,0,157,195,2,197,354
11/25/2000,SIG,PR,ASO,ES,Federal Contract Tower,0,0,2,0,2,0,16,117,1,134,0,16,119,1,136,150,0,150,286
11/26/2000,SIG,PR,ASO,ES,Federal Contract Tower,0,0,7,0,7,0,6,82,0,88,0,6,89,0,95,48,0,48,143
11/27/2000,SIG,PR,ASO,ES,Federal Contract Tower,0,0,3,1,4,0,12,149,9,170,0,12,152,10,174,210,0,210,384
11/28/2000,SIG,PR,ASO,ES,Federal Contract Tower,0,0,3,0,3,0,11,144,10,165,0,11,147,10,168,232,16,248,416
11/29/2000,SIG,PR,ASO,ES,Federal Contract Tower,0,0,2,0,2,0,13,178,14,205,0,13,180,14,207,212,2,214,421
11/30/2000,SIG,PR,ASO,ES,Federal Contract Tower,0,0,10,3,13,0,14,142,14,170,0,14,152,17,183,180,6,186,369
12/01/2000,SIG,PR,ASO,ES,Federal Contract Tower,0,0,7,2,9,0,17,135,9,161,0,17,142,11,170,238,0,238,408
12/02/2000,SIG,PR,ASO,ES,Federal Contract Tower,0,0,5,2,7,0,10,139,18,167,0,10,144,20,174,184,6,190,364
12/03/2000,SIG,PR,ASO,ES,Federal Contract Tower,0,0,6,2,8,0,7,122,6,135,0,7,128,8,143,127,4,131,274
12/04/2000,SIG,PR,ASO,ES,Federal Contract Tower,0,0,2,1,3,0,11,178,7,196,0,11,180,8,199,145,6,151,350
12/05/2000,SIG,PR,ASO,ES,Federal Contract Tower,0,0,5,1,6,0,18,127,6,151,0,18,132,7,157,219,0,219,376
12/06/2000,SIG,PR,ASO,ES,Federal Contract Tower,0,0,6,2,8,0,13,149,2,164,0,13,155,4,172,197,2,199,371
12/07/2000,SIG,PR,ASO,ES,Federal Contract Tower,0,0,7,1,8,0,11,135,0,146,0,11,142,1,154,194,0,194,348
12/08/2000,SIG,PR,ASO,ES,Federal Contract Tower,0,0,11,2,13,0,15,171,5,191,0,15,182,7,204,203,0,203,407
12/09/2000,SIG,PR,ASO,ES,Federal Contract Tower,0,0,2,1,3,0,10,160,8,178,0,10,162,9,181,294,0,294,475
12/10/2000,SIG,PR,ASO,ES,Federal Contract Tower,0,0,5,1,6,0,10,110,1,121,0,10,115,2,127,120,24,144,271
12/11/2000,SIG,PR,ASO,ES,Federal Contract Tower,0,0,5,2,7,0,13,129,5,147,0,13,134,7,154,229,0,229,383
12/12/2000,SIG,PR,ASO,ES,Federal Contract Tower,0,0,5,1,6,0,13,118,7,138,0,13,123,8,144,102,2,104,248
12/13/2000,SIG,PR,ASO,ES,Federal Contract Tower,0,0,3,1,4,0,14,129,12,155,0,14,132,13,159,164,0,164,323
12/14/2000,SIG,PR,ASO,ES,Federal Contract Tower,0,0,10,1,11,0,12,138,11,161,0,12,148,12,172,180,4,184,356
12/15/2000,SIG,PR,ASO,ES,Federal Contract Tower,0,0,13,2,15,0,11,133,6,150,0,11,146,8,165,127,0,127,292
12/16/2000,SIG,PR,ASO,ES,Federal Contract Tower,0,0,10,0,10,0,10,112,0,122,0,10,122,0,132,188,0,188,320
12/17/2000,SIG,PR,ASO,ES,Federal Contract Tower,0,0,6,0,6,0,8,111,1,120,0,8,117,1,126,172,0,172,298
12/18/2000,SIG,PR,ASO,ES,Federal Contract Tower,0,0,12,1,13,0,12,110,3,125,0,12,122,4,138,194,0,194,332
12/19/2000,SIG,PR,ASO,ES,Federal Contract Tower,0,0,9,1,10,0,12,161,20,193,0,12,170,21,203,173,9,182,385
12/20/2000,SIG,PR,ASO,ES,Federal Contract Tower,0,0,9,1,10,0,12,150,6,168,0,12,159,7,178,203,4,207,385
12/21/2000,SIG,PR,ASO,ES,Federal Contract Tower,0,0,12,2,14,0,14,158,8,180,0,14,170,10,194,211,0,211,405
12/22/2000,SIG,PR,ASO,ES,Federal Contract Tower,0,0,10,1,11,0,18,158,2,178,0,18,168,3,189,285,10,295,484
12/23/2000,SIG,PR,ASO,ES,Federal Contract Tower,0,0,6,1,7,0,11,124,1,136,0,11,130,2,143,121,0,121,264
12/24/2000,SIG,PR,ASO,ES,Federal Contract Tower,0,0,3,0,3,0,11,78,0,89,0,11,81,0,92,10,0,10,102
12/25/2000,SIG,PR,ASO,ES,Federal Contract Tower,0,0,0,0,0,0,8,36,0,44,0,8,36,0,44,0,0,0,44
12/26/2000,SIG,PR,ASO,ES,Federal Contract Tower,0,0,10,1,11,0,13,157,3,173,0,13,167,4,184,248,0,248,432
12/27/2000,SIG,PR,ASO,ES,Federal Contract Tower,0,0,7,1,8,0,15,138,12,165,0,15,145,13,173,191,26,217,390
12/28/2000,SIG,PR,ASO,ES,Federal Contract Tower,0,0,11,1,12,0,12,187,13,212,0,12,198,14,224,277,12,289,513
12/29/2000,SIG,PR,ASO,ES,Federal Contract Tower,0,0,12,0,12,0,9,144,0,153,0,9,156,0,165,194,0,194,359
12/30/2000,SIG,PR,ASO,ES,Federal Contract Tower,0,0,7,0,7,0,14,176,0,190,0,14,183,0,197,134,0,134,331
12/31/2000,SIG,PR,ASO,ES,Federal Contract Tower,0,0,2,0,2,0,10,82,2,94,0,10,84,2,96,80,0,80,176
01/01/2001,SIG,PR,ASO,ES,Federal Contract Tower,0,0,4,0,4,0,3,56,0,59,0,3,60,0,63,11,0,11,74
01/02/2001,SIG,PR,ASO,ES,Federal Contract Tower,0,0,5,2,7,0,9,126,10,145,0,9,131,12,152,275,6,281,433
01/03/2001,SIG,PR,ASO,ES,Federal Contract Tower,0,0,4,2,6,0,14,134,10,158,0,14,138,12,164,217,0,217,381
01/04/2001,SIG,PR,ASO,ES,Federal Contract Tower,0,0,8,3,11,0,13,135,1,149,0,13,143,4,160,186,0,186,346
01/05/2001,SIG,PR,ASO,ES,Federal Contract Tower,0,0,10,4,14,0,10,142,3,155,0,10,152,7,169,168,0,168,337
01/06/2001,SIG,PR,ASO,ES,Federal Contract Tower,0,0,8,4,12,0,12,65,1,78,0,12,73,5,90,35,0,35,125
01/07/2001,SIG,PR,ASO,ES,Federal Contract Tower,0,0,8,1,9,0,11,109,0,120,0,11,117,1,129,142,0,142,271
01/08/2001,SIG,PR,ASO,ES,Federal Contract Tower,0,0,8,2,10,0,15,122,0,137,0,15,130,2,147,128,0,128,275
01/09/2001,SIG,PR,ASO,ES,Federal Contract Tower,0,0,6,3,9,0,12,118,4,134,0,12,124,7,143,151,0,151,294
01/10/2001,SIG,PR,ASO,ES,Federal Contract Tower,0,0,5,2,7,0,12,103,6,121,0,12,108,8,128,251,0,251,379
01/11/2001,SIG,PR,ASO,ES,Federal Contract Tower,0,0,7,3,10,0,11,135,17,163,0,11,142,20,173,185,16,201,374
01/12/2001,SIG,PR,ASO,ES,Federal Contract Tower,0,0,9,4,13,0,10,147,8,165,0,10,156,12,178,211,0,211,389
01/13/2001,SIG,PR,ASO,ES,Federal Contract Tower,0,0,5,2,7,0,12,153,9,174,0,12,158,11,181,225,0,225,406
01/14/2001,SIG,PR,ASO,ES,Federal Contract Tower,0,0,2,0,2,0,9,117,0,126,0,9,119,0,128,208,0,208,336
01/15/2001,SIG,PR,ASO,ES,Federal Contract Tower,0,0,5,3,8,0,18,105,1,124,0,18,110,4,132,230,0,230,362
01/16/2001,SIG,PR,ASO,ES,Federal Contract Tower,0,0,8,3,11,0,11,108,7,126,0,11,116,10,137,192,4,196,333
01/17/2001,SIG,PR,ASO,ES,Federal Contract Tower,0,0,3,2,5,0,13,154,13,180,0,13,157,15,185,194,0,194,379
01/18/2001,SIG,PR,ASO,ES,Federal Contract Tower,0,0,9,2,11,0,14,129,13,156,0,14,138,15,167,189,8,197,364
01/19/2001,SIG,PR,ASO,ES,Federal Contract Tower,0,0,10,3,13,0,15,154,6,175,0,15,164,9,188,215,7,222,410
01/20/2001,SIG,PR,ASO,ES,Federal Contract Tower,0,0,9,2,11,0,13,121,6,140,0,13,130,8,151,192,4,196,347
01/21/2001,SIG,PR,ASO,ES,Federal Contract Tower,0,0,3,0,3,0,9,95,0,104,0,9,98,0,107,113,0,113,220
01/22/2001,SIG,PR,ASO,ES,Federal Contract Tower,0,0,7,2,9,0,11,98,5,114,0,11,105,7,123,120,0,120,243
01/23/2001,SIG,PR,ASO,ES,Federal Contract Tower,0,0,4,1,5,0,10,139,12,161,0,10,143,13,166,233,6,239,405
01/24/2001,SIG,PR,ASO,ES,Federal Contract Tower,0,0,5,1,6,0,14,150,4,168,0,14,155,5,174,292,0,292,466
01/25/2001,SIG,PR,ASO,ES,Federal Contract Tower,0,0,3,0,3,0,14,167,9,190,0,14,170,9,193,182,0,182,375
01/26/2001,SIG,PR,ASO,ES,Federal Contract Tower,0,0,8,2,10,0,12,135,12,159,0,12,143,14,169,201,0,201,370
01/27/2001,SIG,PR,ASO,ES,Federal Contract Tower,0,0,3,0,3,0,10,161,3,174,0,10,164,3,177,256,0,256,433
01/28/2001,SIG,PR,ASO,ES,Federal Contract Tower,0,0,5,1,6,0,7,105,10,122,0,7,110,11,128,84,14,98,226
01/29/2001,SIG,PR,ASO,ES,Federal Contract Tower,0,0,8,2,10,0,6,50,2,58,0,6,58,4,68,134,6,140,208
01/30/2001,SIG,PR,ASO,ES,Federal Contract Tower,0,0,4,1,5,0,16,147,4,167,0,16,151,5,172,181,21,202,374
01/31/2001,SIG,PR,ASO,ES,Federal Contract Tower,0,0,4,1,5,0,10,152,15,177,0,10,156,16,182,283,0,283,465
02/01/2001,SIG,PR,ASO,ES,Federal Contract Tower,0,0,8,4,12,0,13,126,3,142,0,13,134,7,154,230,0,230,384
02/02/2001,SIG,PR,ASO,ES,Federal Contract Tower,0,0,5,3,8,0,13,121,4,138,0,13,126,7,146,196,0,196,342
02/03/2001,SIG,PR,ASO,ES,Federal Contract Tower,0,0,2,1,3,0,13,155,1,169,0,13,157,2,172,226,0,226,398
02/04/2001,SIG,PR,ASO,ES,Federal Contract Tower,0,0,6,3,9,0,9,111,1,121,0,9,117,4,130,146,0,146,276
02/05/2001,SIG,PR,ASO,ES,Federal Contract Tower,0,0,5,2,7,0,14,129,8,151,0,14,134,10,158,189,2,191,349
02/06/2001,SIG,PR,ASO,ES,Federal Contract Tower,0,0,4,2,6,0,11,112,10,133,0,11,116,12,139,126,2,128,267
02/07/2001,SIG,PR,ASO,ES,Federal Contract Tower,0,0,4,2,6,0,10,138,10,158,0,10,142,12,164,93,14,107,271
02/08/2001,SIG,PR,ASO,ES,Federal Contract Tower,0,0,9,4,13,0,7,130,0,137,0,7,139,4,150,153,2,155,305
02/09/2001,SIG,PR,ASO,ES,Federal Contract Tower,0,0,5,3,8,0,15,186,8,209,0,15,191,11,217,149,0,149,366
02/10/2001,SIG,PR,ASO,ES,Federal Contract Tower,0,0,5,2,7,0,11,155,0,166,0,11,160,2,173,206,2,208,381
02/11/2001,SIG,PR,ASO,ES,Federal Contract Tower,0,0,3,2,5,0,9,84,0,93,0,9,87,2,98,205,6,211,309
02/12/2001,SIG,PR,ASO,ES,Federal Contract Tower,0,0,3,2,5,0,11,110,1,122,0,11,113,3,127,123,0,123,250
02/13/2001,SIG,PR,ASO,ES,Federal Contract Tower,0,0,6,3,9,0,11,143,5,159,0,11,149,8,168,144,4,148,316
02/14/2001,SIG,PR,ASO,ES,Federal Contract Tower,0,0,2,1,3,0,10,119,5,134,0,10,121,6,137,118,2,120,257
02/15/2001,SIG,PR,ASO,ES,Federal Contract Tower,0,0,8,4,12,0,11,156,18,185,0,11,164,22,197,162,0,162,359
02/16/2001,SIG,PR,ASO,ES,Federal Contract Tower,0,0,7,4,11,0,11,137,14,162,0,11,144,18,173,158,0,158,331
02/17/2001,SIG,PR,ASO,ES,Federal Contract Tower,0,0,1,1,2,0,12,133,3,148,0,12,134,4,150,273,20,293,443
02/18/2001,SIG,PR,ASO,ES,Federal Contract Tower,0,0,3,0,3,0,9,106,4,119,0,9,109,4,122,115,0,115,237
02/19/2001,SIG,PR,ASO,ES,Federal Contract Tower,0,0,8,2,10,0,9,168,0,177,0,9,176,2,187,138,0,138,325
02/20/2001,SIG,PR,ASO,ES,Federal Contract Tower,0,0,6,1,7,0,13,146,7,166,0,13,152,8,173,222,0,222,395
02/21/2001,SIG,PR,ASO,ES,Federal Contract Tower,0,0,4,1,5,0,13,184,7,204,0,13,188,8,209,230,2,232,441
02/22/2001,SIG,PR,ASO,ES,Federal Contract Tower,0,0,12,3,15,0,12,141,0,153,0,12,153,3,168,208,6,214,382
02/23/2001,SIG,PR,ASO,ES,Federal Contract Tower,0,0,11,3,14,0,12,118,1,131,0,12,129,4,145,216,2,218,363
02/24/2001,SIG,PR,ASO,ES,Federal Contract Tower,0,0,7,1,8,0,8,110,0,118,0,8,117,1,126,180,0,180,306
02/25/2001,SIG,PR,ASO,ES,Federal Contract Tower,0,0,4,1,5,0,14,135,3,152,0,14,139,4,157,107,0,107,264
02/26/2001,SIG,PR,ASO,ES,Federal Contract Tower,0,0,5,1,6,0,11,169,5,185,0,11,174,6,191,170,0,170,361
02/27/2001,SIG,PR,ASO,ES,Federal Contract Tower,0,0,8,2,10,0,10,150,5,165,0,10,158,7,175,266,13,279,454
02/28/2001,SIG,PR,ASO,ES,Federal Contract Tower,0,0,3,1,4,0,10,118,5,133,0,10,121,6,137,247,0,247,384
03/01/2001,SIG,PR,ASO,ES,Federal Contract Tower,0,0,9,3,12,0,18,152,5,175,0,18,161,8,187,216,0,216,403
03/02/2001,SIG,PR,ASO,ES,Federal Contract Tower,0,0,5,2,7,0,11,186,4,201,0,11,191,6,208,201,0,201,409
03/03/2001,SIG,PR,ASO,ES,Federal Contract Tower,0,0,6,2,8,0,11,166,1,178,0,11,172,3,186,185,0,185,371
03/04/2001,SIG,PR,ASO,ES,Federal Contract Tower,0,0,6,2,8,0,10,115,0,125,0,10,121,2,133,173,0,173,306
03/05/2001,SIG,PR,ASO,ES,Federal Contract Tower,0,0,9,3,12,0,13,139,7,159,0,13,148,10,171,197,0,197,368
03/06/2001,SIG,PR,ASO,ES,Federal Contract Tower,0,0,6,3,9,0,13,157,8,178,0,13,163,11,187,234,9,243,430
03/07/2001,SIG,PR,ASO,ES,Federal Contract Tower,0,0,1,1,2,0,13,120,6,139,0,13,121,7,141,213,0,213,354
03/08/2001,SIG,PR,ASO,ES,Federal Contract Tower,0,0,5,2,7,0,11,160,5,176,0,11,165,7,183,207,3,210,393
03/09/2001,SIG,PR,ASO,ES,Federal Contract Tower,0,0,6,2,8,0,13,184,6,203,0,13,190,8,211,289,2,291,502
03/10/2001,SIG,PR,ASO,ES,Federal Contract Tower,0,0,4,2,6,0,11,163,10,184,0,11,167,12,190,154,0,154,344
03/11/2001,SIG,PR,ASO,ES,Federal Contract Tower,0,0,3,2,5,0,9,126,10,145,0,9,129,12,150,162,2,164,314
03/12/2001,SIG,PR,ASO,ES,Federal Contract Tower,0,0,12,4,16,0,11,110,3,124,0,11,122,7,140,232,0,232,372
03/13/2001,SIG,PR,ASO,ES,Federal Contract Tower,0,0,15,5,20,0,14,171,6,191,0,14,186,11,211,256,2,258,469
03/14/2001,SIG,PR,ASO,ES,Federal Contract Tower,0,0,5,2,7,0,17,234,13,264,0,17,239,15,271,283,0,283,554
03/15/2001,SIG,PR,ASO,ES,Federal Contract Tower,0,0,8,3,11,0,11,160,7,178,0,11,168,10,189,278,6,284,473
03/16/2001,SIG,PR,ASO,ES,Federal Contract Tower,0,0,8,3,11,0,14,165,5,184,0,14,173,8,195,245,0,245,440
03/17/2001,SIG,PR,ASO,ES,Federal Contract Tower,0,0,3,2,5,0,16,148,0,164,0,16,151,2,169,265,0,265,434
03/18/2001,SIG,PR,ASO,ES,Federal Contract Tower,0,0,9,2,11,0,9,113,0,122,0,9,122,2,133,178,0,178,311
03/19/2001,SIG,PR,ASO,ES,Federal Contract Tower,0,0,7,1,8,0,12,153,1,166,0,12,160,2,174,253,0,253,427
03/20/2001,SIG,PR,ASO,ES,Federal Contract Tower,0,0,7,2,9,0,13,130,5,148,0,13,137,7,157,213,0,213,370
03/21/2001,SIG,PR,ASO,ES,Federal Contract Tower,0,0,11,2,13,0,13,123,7,143,0,13,134,9,156,306,13,319,475
03/22/2001,SIG,PR,ASO,ES,Federal Contract Tower,0,0,10,2,12,0,10,120,1,131,0,10,130,3,143,268,0,268,411
03/23/2001,SIG,PR,ASO,ES,Federal Contract Tower,0,0,7,1,8,0,12,142,4,158,0,12,149,5,166,244,0,244,410
03/24/2001,SIG,PR,ASO,ES,Federal Contract Tower,0,0,5,1,6,0,15,149,0,164,0,15,154,1,170,161,0,161,331
03/25/2001,SIG,PR,ASO,ES,Federal Contract Tower,0,0,9,2,11,0,5,113,0,118,0,5,122,2,129,102,0,102,231
03/26/2001,SIG,PR,ASO,ES,Federal Contract Tower,0,0,12,3,15,0,14,125,4,143,0,14,137,7,158,289,0,289,447
03/27/2001,SIG,PR,ASO,ES,Federal Contract Tower,0,0,7,1,8,0,14,173,0,187,0,14,180,1,195,244,2,246,441
03/28/2001,SIG,PR,ASO,ES,Federal Contract Tower,0,0,1,0,1,0,13,161,5,179,0,13,162,5,180,291,10,301,481
03/29/2001,SIG,PR,ASO,ES,Federal Contract Tower,0,0,4,0,4,0,13,147,5,165,0,13,151,5,169,234,0,234,403
03/30/2001,SIG,PR,ASO,ES,Federal Contract Tower,0,0,6,1,7,0,12,153,2,167,0,12,159,3,174,236,0,236,410
03/31/2001,SIG,PR,ASO,ES,Federal Contract Tower,0,0,11,2,13,0,12,175,2,189,0,12,186,4,202,222,0,222,424
04/01/2001,SIG,PR,ASO,ES,Federal Contract Tower,0,0,9,1,10,0,7,126,0,133,0,7,135,1,143,203,2,205,348
04/02/2001,SIG,PR,ASO,ES,Federal Contract Tower,0,0,6,1,7,0,10,150,1,161,0,10,156,2,168,233,0,233,401
04/03/2001,SIG,PR,ASO,ES,Federal Contract Tower,0,0,3,1,4,0,12,125,1,138,0,12,128,2,142,237,18,255,397
04/04/2001,SIG,PR,ASO,ES,Federal Contract Tower,0,0,7,2,9,0,10,151,7,168,0,10,158,9,177,326,0,326,503
04/05/2001,SIG,PR,ASO,ES,Federal Contract Tower,0,0,17,3,20,0,14,151,12,177,0,14,168,15,197,311,0,311,508
04/06/2001,SIG,PR,ASO,ES,Federal Contract Tower,0,0,13,21,34,0,14,135,3,152,0,14,148,24,186,214,6,220,406
04/07/2001,SIG,PR,ASO,ES,Federal Contract Tower,0,0,6,1,7,0,9,125,11,145,0,9,131,12,152,263,0,263,415
04/08/2001,SIG,PR,ASO,ES,Federal Contract Tower,0,0,7,18,25,0,7,99,6,112,0,7,106,24,137,136,0,136,273
04/09/2001,SIG,PR,ASO,ES,Federal Contract Tower,0,0,7,3,10,0,11,117,11,139,0,11,124,14,149,264,0,264,413
04/10/2001,SIG,PR,ASO,ES,Federal Contract Tower,0,0,7,3,10,0,15,167,4,186,0,15,174,7,196,220,0,220,416
04/11/2001,SIG,PR,ASO,ES,Federal Contract Tower,0,0,5,3,8,0,13,158,8,179,0,13,163,11,187,223,0,223,410
04/12/2001,SIG,PR,ASO,ES,Federal Contract Tower,0,0,8,5,13,0,11,133,1,145,0,11,141,6,158,91,2,93,251
04/13/2001,SIG,PR,ASO,ES,Federal Contract Tower,0,0,4,2,6,0,0,45,6,51,0,0,49,8,57,56,0,56,113
04/14/2001,SIG,PR,ASO,ES,Federal Contract Tower,0,0,2,0,2,0,11,128,0,139,0,11,130,0,141,231,0,231,372
04/15/2001,SIG,PR,ASO,ES,Federal Contract Tower,0,0,16,0,16,0,8,92,0,100,0,8,108,0,116,73,0,73,189
04/16/2001,SIG,PR,ASO,ES,Federal Contract Tower,0,0,15,2,17,0,13,143,8,164,0,13,158,10,181,254,0,254,435
04/17/2001,SIG,PR,ASO,ES,Federal Contract Tower,0,0,4,3,7,0,12,131,1,144,0,12,135,4,151,222,0,222,373
04/18/2001,SIG,PR,ASO,ES,Federal Contract Tower,0,0,5,4,9,0,10,159,6,175,0,10,164,10,184,205,0,205,389
04/19/2001,SIG,PR,ASO,ES,Federal Contract Tower,0,0,10,5,15,0,14,150,7,171,0,14,160,12,186,335,2,337,523
04/20/2001,SIG,PR,ASO,ES,Federal Contract Tower,0,0,8,9,17,0,10,125,13,148,0,10,133,22,165,159,4,163,328
04/21/2001,SIG,PR,ASO,ES,Federal Contract Tower,0,0,7,1,8,0,11,66,5,82,0,11,73,6,90,190,0,190,280
04/22/2001,SIG,PR,ASO,ES,Federal Contract Tower,0,0,4,2,6,0,8,87,8,103,0,8,91,10,109,118,0,118,227
04/23/2001,SIG,PR,ASO,ES,Federal Contract Tower,0,0,8,4,12,0,11,126,5,142,0,11,134,9,154,119,8,127,281
04/24/2001,SIG,PR,ASO,ES,Federal Contract Tower,0,0,6,5,11,0,15,142,16,173,0,15,148,21,184,214,10,224,408
04/25/2001,SIG,PR,ASO,ES,Federal Contract Tower,0,0,6,4,10,0,13,144,10,167,0,13,150,14,177,304,4,308,485
04/26/2001,SIG,PR,ASO,ES,Federal Contract Tower,0,0,6,2,8,0,14,154,8,176,0,14,160,10,184,274,4,278,462
04/27/2001,SIG,PR,ASO,ES,Federal Contract Tower,0,0,6,2,8,0,12,176,13,201,0,12,182,15,209,235,10,245,454
04/28/2001,SIG,PR,ASO,ES,Federal Contract Tower,0,0,0,0,0,0,12,177,2,191,0,12,177,2,191,239,0,239,430
04/29/2001,SIG,PR,ASO,ES,Federal Contract Tower,0,0,9,0,9,0,10,139,0,149,0,10,148,0,158,132,0,132,290
04/30/2001,SIG,PR,ASO,ES,Federal Contract Tower,0,0,5,5,10,0,21,110,0,131,0,21,115,5,141,199,0,199,340
05/01/2001,SIG,PR,ASO,ES,Federal Contract Tower,0,0,2,3,5,0,10,100,4,114,0,10,102,7,119,170,0,170,289
05/02/2001,SIG,PR,ASO,ES,Federal Contract Tower,0,0,4,5,9,0,20,152,15,187,0,20,156,20,196,190,4,194,390
05/03/2001,SIG,PR,ASO,ES,Federal Contract Tower,0,0,4,3,7,0,12,112,0,124,0,12,116,3,131,225,0,225,356
05/04/2001,SIG,PR,ASO,ES,Federal Contract Tower,0,0,8,1,9,0,15,151,1,167,0,15,159,2,176,173,0,173,349
05/05/2001,SIG,PR,ASO,ES,Federal Contract Tower,0,0,10,1,11,0,12,120,1,133,0,12,130,2,144,195,0,195,339
05/06/2001,SIG,PR,ASO,ES,Federal Contract Tower,0,0,2,1,3,0,8,55,2,65,0,8,57,3,68,35,8,43,111
05/07/2001,SIG,PR,ASO,ES,Federal Contract Tower,0,0,5,2,7,0,10,102,3,115,0,10,107,5,122,154,4,158,280
05/08/2001,SIG,PR,ASO,ES,Federal Contract Tower,0,0,6,3,9,0,6,111,9,126,0,6,117,12,135,164,2,166,301
05/09/2001,SIG,PR,ASO,ES,Federal Contract Tower,0,0,4,5,9,0,14,106,0,120,0,14,110,5,129,227,0,227,356
05/10/2001,SIG,PR,ASO,ES,Federal Contract Tower,0,0,3,3,6,0,15,149,5,169,0,15,152,8,175,284,0,284,459
05/11/2001,SIG,PR,ASO,ES,Federal Contract Tower,0,0,13,4,17,0,13,118,2,133,0,13,131,6,150,241,0,241,391
05/12/2001,SIG,PR,ASO,ES,Federal Contract Tower,0,0,5,1,6,0,11,130,0,141,0,11,135,1,147,260,0,260,407
05/13/2001,SIG,PR,ASO,ES,Federal Contract Tower,0,0,6,2,8,0,6,51,0,57,0,6,57,2,65,29,0,29,94
05/14/2001,SIG,PR,ASO,ES,Federal Contract Tower,0,0,11,1,12,0,12,99,1,112,0,12,110,2,124,176,0,176,300
05/15/2001,SIG,PR,ASO,ES,Federal Contract Tower,0,0,5,5,10,0,17,130,2,149,0,17,135,7,159,226,6,232,391
05/16/2001,SIG,PR,ASO,ES,Federal Contract Tower,0,0,4,3,7,0,12,129,1,142,0,12,133,4,149,190,0,190,339
05/17/2001,SIG,PR,ASO,ES,Federal Contract Tower,0,0,8,1,9,0,11,137,7,155,0,11,145,8,164,300,6,306,470
05/18/2001,SIG,PR,ASO,ES,Federal Contract Tower,0,0,3,1,4,0,12,128,4,144,0,12,131,5,148,158,2,160,308
05/19/2001,SIG,PR,ASO,ES,Federal Contract Tower,0,0,5,0,5,0,9,112,17,138,0,9,117,17,143,171,0,171,314
05/20/2001,SIG,PR,ASO,ES,Federal Contract Tower,0,0,2,3,5,0,7,102,6,115,0,7,104,9,120,122,0,122,242
05/21/2001,SIG,PR,ASO,ES,Federal Contract Tower,0,0,4,2,6,0,14,107,0,121,0,14,111,2,127,175,0,175,302
05/22/2001,SIG,PR,ASO,ES,Federal Contract Tower,0,0,8,3,11,0,11,104,6,121,0,11,112,9,132,196,43,239,371
05/23/2001,SIG,PR,ASO,ES,Federal Contract Tower,0,0,6,0,6,0,12,138,11,161,0,12,144,11,167,244,2,246,413
05/24/2001,SIG,PR,ASO,ES,Federal Contract Tower,0,0,9,6,15,0,12,141,20,173,0,12,150,26,188,205,22,227,415
05/25/2001,SIG,PR,ASO,ES,Federal Contract Tower,0,0,17,4,21,0,15,138,3,156,0,15,155,7,177,174,0,174,351
05/26/2001,SIG,PR,ASO,ES,Federal Contract Tower,0,0,11,0,11,0,8,136,0,144,0,8,147,0,155,186,0,186,341
05/27/2001,SIG,PR,ASO,ES,Federal Contract Tower,0,0,6,1,7,0,8,101,0,109,0,8,107,1,116,123,0,123,239
05/28/2001,SIG,PR,ASO,ES,Federal Contract Tower,0,0,8,1,9,0,9,132,7,148,0,9,140,8,157,196,4,200,357
05/29/2001,SIG,PR,ASO,ES,Federal Contract Tower,0,0,12,2,14,0,10,112,5,127,0,10,124,7,141,226,0,226,367
05/30/2001,SIG,PR,ASO,ES,Federal Contract Tower,0,0,3,3,6,0,11,126,10,147,0,11,129,13,153,255,0,255,408
05/31/2001,SIG,PR,ASO,ES,Federal Contract Tower,0,0,9,6,15,0,12,120,9,141,0,12,129,15,156,167,10,177,333
06/01/2001,SIG,PR,ASO,ES,Federal Contract Tower,0,0,4,1,5,0,13,113,3,129,0,13,117,4,134,178,0,178,312
06/02/2001,SIG,PR,ASO,ES,Federal Contract Tower,0,0,2,1,3,0,6,120,0,126,0,6,122,1,129,224,0,224,353
06/03/2001,SIG,PR,ASO,ES,Federal Contract Tower,0,0,3,3,6,0,9,121,0,130,0,9,124,3,136,116,0,116,252
06/04/2001,SIG,PR,ASO,ES,Federal Contract Tower,0,0,12,2,14,0,11,111,10,132,0,11,123,12,146,141,0,141,287
06/05/2001,SIG,PR,ASO,ES,Federal Contract Tower,0,0,4,5,9,0,11,172,11,194,0,11,176,16,203,163,0,163,366
06/06/2001,SIG,PR,ASO,ES,Federal Contract Tower,0,0,3,6,9,0,10,132,13,155,0,10,135,19,164,210,10,220,384
06/07/2001,SIG,PR,ASO,ES,Federal Contract Tower,0,0,6,6,12,0,15,120,10,145,0,15,126,16,157,192,8,200,357
06/08/2001,SIG,PR,ASO,ES,Federal Contract Tower,0,0,8,3,11,0,11,123,12,146,0,11,131,15,157,239,8,247,404
06/09/2001,SIG,PR,ASO,ES,Federal Contract Tower,0,0,3,2,5,0,9,123,9,141,0,9,126,11,146,278,0,278,424
06/10/2001,SIG,PR,ASO,ES,Federal Contract Tower,0,0,6,3,9,0,9,93,1,103,0,9,99,4,112,70,0,70,182
06/11/2001,SIG,PR,ASO,ES,Federal Contract Tower,0,0,3,0,3,0,13,139,1,153,0,13,142,1,156,186,2,188,344
06/12/2001,SIG,PR,ASO,ES,Federal Contract Tower,0,0,3,6,9,0,12,154,6,172,0,12,157,12,181,244,0,244,425
06/13/2001,SIG,PR,ASO,ES,Federal Contract Tower,0,0,1,2,3,0,9,181,6,196,0,9,182,8,199,269,2,271,470
06/14/2001,SIG,PR,ASO,ES,Federal Contract Tower,0,0,1,0,1,0,13,142,7,162,0,13,143,7,163,272,0,272,435
06/15/2001,SIG,PR,ASO,ES,Federal Contract Tower,0,0,11,2,13,0,12,140,4,156,0,12,151,6,169,206,0,206,375
06/16/2001,SIG,PR,ASO,ES,Federal Contract Tower,0,0,5,0,5,0,10,157,4,171,0,10,162,4,176,133,0,133,309
06/17/2001,SIG,PR,ASO,ES,Federal Contract Tower,0,0,4,0,4,0,5,47,0,52,0,5,51,0,56,74,0,74,130
06/18/2001,SIG,PR,ASO,ES,Federal Contract Tower,0,0,7,2,9,0,11,142,2,155,0,11,149,4,164,199,0,199,363
06/19/2001,SIG,PR,ASO,ES,Federal Contract Tower,0,0,7,2,9,0,11,164,2,177,0,11,171,4,186,256,12,268,454
06/20/2001,SIG,PR,ASO,ES,Federal Contract Tower,0,0,8,0,8,0,16,173,5,194,0,16,181,5,202,162,6,168,370
06/21/2001,SIG,PR,ASO,ES,Federal Contract Tower,0,0,2,2,4,0,11,146,6,163,0,11,148,8,167,232,10,242,409
06/22/2001,SIG,PR,ASO,ES,Federal Contract Tower,0,0,10,2,12,0,19,162,13,194,0,19,172,15,206,138,2,140,346
06/23/2001,SIG,PR,ASO,ES,Federal Contract Tower,0,0,2,0,2,0,18,137,6,161,0,18,139,6,163,162,0,162,325
06/24/2001,SIG,PR,ASO,ES,Federal Contract Tower,0,0,2,2,4,0,13,102,0,115,0,13,104,2,119,137,0,137,256
06/25/2001,SIG,PR,ASO,ES,Federal Contract Tower,0,0,10,1,11,0,13,115,8,136,0,13,125,9,147,103,0,103,250
06/26/2001,SIG,PR,ASO,ES,Federal Contract Tower,0,0,6,2,8,0,14,141,11,166,0,14,147,13,174,212,4,216,390
06/27/2001,SIG,PR,ASO,ES,Federal Contract Tower,0,0,3,1,4,0,12,150,8,170,0,12,153,9,174,124,0,124,298
06/28/2001,SIG,PR,ASO,ES,Federal Contract Tower,0,0,4,2,6,0,11,125,13,149,0,11,129,15,155,130,2,132,287
06/29/2001,SIG,PR,ASO,ES,Federal Contract Tower,0,0,8,4,12,0,12,132,7,151,0,12,140,11,163,168,0,168,331
06/30/2001,SIG,PR,ASO,ES,Federal Contract Tower,0,0,15,3,18,0,18,160,7,185,0,18,175,10,203,230,0,230,433
07/01/2001,SIG,PR,ASO,ES,Federal Contract Tower,0,0,3,0,3,0,11,83,7,101,0,11,86,7,104,136,0,136,240
07/02/2001,SIG,PR,ASO,ES,Federal Contract Tower,0,0,0,0,0,0,11,112,8,131,0,11,112,8,131,103,0,103,234
07/03/2001,SIG,PR,ASO,ES,Federal Contract Tower,0,0,6,4,10,0,13,155,8,176,0,13,161,12,186,242,2,244,430
07/04/2001,SIG,PR,ASO,ES,Federal Contract Tower,0,0,7,0,7,0,12,127,19,158,0,12,134,19,165,137,19,156,321
07/05/2001,SIG,PR,ASO,ES,Federal Contract Tower,0,0,8,0,8,0,13,161,8,182,0,13,169,8,190,206,2,208,398
07/06/2001,SIG,PR,ASO,ES,Federal Contract Tower,0,0,5,4,9,0,19,149,6,174,0,19,154,10,183,215,6,221,404
07/07/2001,SIG,PR,ASO,ES,Federal Contract Tower,0,0,6,2,8,0,12,168,18,198,0,12,174,20,206,194,2,196,402
07/08/2001,SIG,PR,ASO,ES,Federal Contract Tower,0,0,7,1,8,0,7,105,7,119,0,7,112,8,127,139,0,139,266
07/09/2001,SIG,PR,ASO,ES,Federal Contract Tower,0,0,8,1,9,0,14,125,4,143,0,14,133,5,152,157,0,157,309
07/10/2001,SIG,PR,ASO,ES,Federal Contract Tower,0,0,6,2,8,0,16,149,6,171,0,16,155,8,179,223,6,229,408
07/11/2001,SIG,PR,ASO,ES,Federal Contract Tower,0,0,3,7,10,0,16,124,6,146,0,16,127,13,156,188,0,188,344
07/12/2001,SIG,PR,ASO,ES,Federal Contract Tower,0,0,5,3,8,0,20,106,10,136,0,20,111,13,144,106,15,121,265
07/13/2001,SIG,PR,ASO,ES,Federal Contract Tower,0,0,16,2,18,0,24,121,4,149,0,24,137,6,167,223,0,223,390
07/14/2001,SIG,PR,ASO,ES,Federal Contract Tower,0,0,5,3,8,0,17,137,0,154,0,17,142,3,162,190,0,190,352
07/15/2001,SIG,PR,ASO,ES,Federal Contract Tower,0,0,4,1,5,0,7,108,0,115,0,7,112,1,120,205,0,205,325
07/16/2001,SIG,PR,ASO,ES,Federal Contract Tower,0,0,0,3,3,0,16,141,8,165,0,16,141,11,168,156,0,156,324
07/17/2001,SIG,PR,ASO,ES,Federal Contract Tower,0,0,11,6,17,0,22,160,8,190,0,22,171,14,207,197,0,197,404
07/18/2001,SIG,PR,ASO,ES,Federal Contract Tower,0,0,1,0,1,0,20,158,12,190,0,20,159,12,191,257,16,273,464
07/19/2001,SIG,PR,ASO,ES,Federal Contract Tower,0,0,9,4,13,0,15,144,3,162,0,15,153,7,175,189,0,189,364
07/20/2001,SIG,PR,ASO,ES,Federal Contract Tower,0,0,12,6,18,0,18,129,0,147,0,18,141,6,165,163,0,163,328
07/21/2001,SIG,PR,ASO,ES,Federal Contract Tower,0,0,6,1,7,0,14,156,2,172,0,14,162,3,179,185,0,185,364
07/22/2001,SIG,PR,ASO,ES,Federal Contract Tower,0,0,3,1,4,0,9,76,2,87,0,9,79,3,91,88,0,88,179
07/23/2001,SIG,PR,ASO,ES,Federal Contract Tower,0,0,9,1,10,0,22,111,7,140,0,22,120,8,150,102,0,102,252
07/24/2001,SIG,PR,ASO,ES,Federal Contract Tower,0,0,17,2,19,0,26,140,16,182,0,26,157,18,201,113,14,127,328
07/25/2001,SIG,PR,ASO,ES,Federal Contract Tower,0,0,14,3,17,0,17,159,2,178,0,17,173,5,195,202,8,210,405
07/26/2001,SIG,PR,ASO,ES,Federal Contract Tower,0,0,4,2,6,0,29,105,2,136,0,29,109,4,142,115,0,115,257
07/27/2001,SIG,PR,ASO,ES,Federal Contract Tower,0,0,8,5,13,0,20,142,0,162,0,20,150,5,175,214,0,214,389
07/28/2001,SIG,PR,ASO,ES,Federal Contract Tower,0,0,9,0,9,0,14,134,5,153,0,14,143,5,162,136,0,136,298
07/29/2001,SIG,PR,ASO,ES,Federal Contract Tower,0,0,21,0,21,0,11,36,0,47,0,11,57,0,68,17,0,17,85
07/30/2001,SIG,PR,ASO,ES,Federal Contract Tower,0,0,10,1,11,0,26,65,5,96,0,26,75,6,107,26,2,28,135
07/31/2001,SIG,PR,ASO,ES,Federal Contract Tower,0,0,17,4,21,0,20,112,26,158,0,20,129,30,179,164,2,166,345
08/01/2001,SIG,PR,ASO,ES,Federal Contract Tower,0,0,8,1,9,0,28,137,9,174,0,28,145,10,183,144,2,146,329
08/02/2001,SIG,PR,ASO,ES,Federal Contract Tower,0,0,6,5,11,0,18,123,9,150,0,18,129,14,161,223,10,233,394
08/03/2001,SIG,PR,ASO,ES,Federal Contract Tower,0,0,8,4,12,0,25,149,5,179,0,25,157,9,191,245,0,245,436
08/04/2001,SIG,PR,ASO,ES,Federal Contract Tower,0,0,3,3,6,0,15,135,1,151,0,15,138,4,157,199,2,201,358
08/05/2001,SIG,PR,ASO,ES,Federal Contract Tower,0,0,6,1,7,0,20,100,2,122,0,20,106,3,129,142,0,142,271
08/06/2001,SIG,PR,ASO,ES,Federal Contract Tower,0,0,4,4,8,0,21,104,10,135,0,21,108,14,143,113,10,123,266
08/07/2001,SIG,PR,ASO,ES,Federal Contract Tower,0,0,3,4,7,0,20,143,10,173,0,20,146,14,180,202,2,204,384
08/08/2001,SIG,PR,ASO,ES,Federal Contract Tower,0,0,5,4,9,0,21,151,17,189,0,21,156,21,198,160,0,160,358
08/09/2001,SIG,PR,ASO,ES,Federal Contract Tower,0,0,3,1,4,0,72,148,15,235,0,72,151,16,239,248,12,260,499
08/10/2001,SIG,PR,ASO,ES,Federal Contract Tower,0,0,3,4,7,0,22,160,12,194,0,22,163,16,201,228,0,228,429
08/11/2001,SIG,PR,ASO,ES,Federal Contract Tower,0,0,4,2,6,0,7,139,14,160,0,7,143,16,166,171,0,171,337
08/12/2001,SIG,PR,ASO,ES,Federal Contract Tower,0,0,4,1,5,0,10,69,1,80,0,10,73,2,85,52,0,52,137
08/13/2001,SIG,PR,ASO,ES,Federal Contract Tower,0,0,2,3,5,0,18,127,9,154,0,18,129,12,159,146,10,156,315
08/14/2001,SIG,PR,ASO,ES,Federal Contract Tower,0,0,1,6,7,0,19,142,17,178,0,19,143,23,185,233,4,237,422
08/15/2001,SIG,PR,ASO,ES,Federal Contract Tower,0,0,3,1,4,0,17,131,16,164,0,17,134,17,168,204,14,218,386
08/16/2001,SIG,PR,ASO,ES,Federal Contract Tower,0,0,5,1,6,0,13,103,9,125,0,13,108,10,131,183,4,187,318
08/17/2001,SIG,PR,ASO,ES,Federal Contract Tower,0,0,11,2,13,0,16,81,12,109,0,16,92,14,122,127,3,130,252
08/18/2001,SIG,PR,ASO,ES,Federal Contract Tower,0,0,0,2,2,0,13,132,0,145,0,13,132,2,147,278,0,278,425
08/19/2001,SIG,PR,ASO,ES,Federal Contract Tower,0,0,0,1,1,0,13,90,0,103,0,13,90,1,104,119,0,119,223
08/20/2001,SIG,PR,ASO,ES,Federal Contract Tower,0,0,7,1,8,0,17,117,2,136,0,17,124,3,144,233,0,233,377
08/21/2001,SIG,PR,ASO,ES,Federal Contract Tower,0,0,5,5,10,0,21,156,12,189,0,21,161,17,199,193,0,193,392
08/22/2001,SIG,PR,ASO,ES,Federal Contract Tower,0,0,5,0,5,0,26,105,4,135,0,26,110,4,140,192,2,194,334
08/23/2001,SIG,PR,ASO,ES,Federal Contract Tower,0,0,5,1,6,0,12,128,12,152,0,12,133,13,158,203,3,206,364
08/24/2001,SIG,PR,ASO,ES,Federal Contract Tower,0,0,5,5,10,0,16,153,4,173,0,16,158,9,183,195,0,195,378
08/25/2001,SIG,PR,ASO,ES,Federal Contract Tower,0,0,4,3,7,0,17,130,6,153,0,17,134,9,160,221,10,231,391
08/26/2001,SIG,PR,ASO,ES,Federal Contract Tower,0,0,2,2,4,0,12,106,6,124,0,12,108,8,128,165,0,165,293
08/27/2001,SIG,PR,ASO,ES,Federal Contract Tower,0,0,0,4,4,0,13,182,8,203,0,13,182,12,207,204,4,208,415
08/28/2001,SIG,PR,ASO,ES,Federal Contract Tower,0,0,2,4,6,0,15,95,0,110,0,15,97,4,116,92,0,92,208
08/29/2001,SIG,PR,ASO,ES,Federal Contract Tower,0,0,3,1,4,0,19,120,14,153,0,19,123,15,157,201,0,201,358
08/30/2001,SIG,PR,ASO,ES,Federal Contract Tower,0,0,6,0,6,0,26,144,11,181,0,26,150,11,187,223,2,225,412
08/31/2001,SIG,PR,ASO,ES,Federal Contract Tower,0,0,15,2,17,0,13,169,0,182,0,13,184,2,199,0,0,0,199
09/01/2001,SIG,PR,ASO,ES,Federal Contract Tower,0,0,2,0,2,0,17,128,0,145,0,17,130,0,147,133,0,133,280
09/02/2001,SIG,PR,ASO,ES,Federal Contract Tower,0,0,1,0,1,0,6,129,3,138,0,6,130,3,139,149,0,149,288
09/03/2001,SIG,PR,ASO,ES,Federal Contract Tower,0,0,13,1,14,0,9,143,0,152,0,9,156,1,166,198,0,198,364
09/04/2001,SIG,PR,ASO,ES,Federal Contract Tower,0,0,3,4,7,0,17,136,5,158,0,17,139,9,165,153,12,165,330
09/05/2001,SIG,PR,ASO,ES,Federal Contract Tower,0,0,3,0,3,0,15,162,6,183,0,15,165,6,186,147,2,149,335
09/06/2001,SIG,PR,ASO,ES,Federal Contract Tower,0,0,2,0,2,0,24,203,4,231,0,24,205,4,233,215,0,215,448
09/07/2001,SIG,PR,ASO,ES,Federal Contract Tower,0,0,4,2,6,0,24,144,0,168,0,24,148,2,174,169,0,169,343
09/08/2001,SIG,PR,ASO,ES,Federal Contract Tower,0,0,4,0,4,0,13,140,0,153,0,13,144,0,157,238,0,238,395
09/09/2001,SIG,PR,ASO,ES,Federal Contract Tower,0,0,3,0,3,0,9,84,11,104,0,9,87,11,107,113,0,113,220
09/10/2001,SIG,PR,ASO,ES,Federal Contract Tower,0,0,3,0,3,0,15,129,5,149,0,15,132,5,152,139,0,139,291
09/11/2001,SIG,PR,ASO,ES,Federal Contract Tower,0,0,0,3,3,0,9,34,2,45,0,9,34,5,48,22,0,22,70
09/12/2001,SIG,PR,ASO,ES,Federal Contract Tower,0,0,0,2,2,0,0,17,6,23,0,0,17,8,25,6,0,6,31
09/13/2001,SIG,PR,ASO,ES,Federal Contract Tower,0,0,1,2,3,0,0,2,4,6,0,0,3,6,9,0,0,0,9
09/14/2001,SIG,PR,ASO,ES,Federal Contract Tower,0,0,7,2,9,0,8,17,2,27,0,8,24,4,36,4,2,6,42
09/15/2001,SIG,PR,ASO,ES,Federal Contract Tower,0,6,0,0,6,0,15,5,4,24,0,21,5,4,30,0,0,0,30
09/16/2001,SIG,PR,ASO,ES,Federal Contract Tower,0,4,2,1,7,0,13,9,0,22,0,17,11,1,29,6,0,6,35
09/17/2001,SIG,PR,ASO,ES,Federal Contract Tower,0,5,4,1,10,0,19,20,0,39,0,24,24,1,49,0,0,0,49
09/18/2001,SIG,PR,ASO,ES,Federal Contract Tower,0,0,6,2,8,0,19,14,2,35,0,19,20,4,43,0,0,0,43
09/19/2001,SIG,PR,ASO,ES,Federal Contract Tower,0,9,3,2,14,0,13,31,4,48,0,22,34,6,62,34,4,38,100
09/20/2001,SIG,PR,ASO,ES,Federal Contract Tower,0,2,2,1,5,0,19,53,6,78,0,21,55,7,83,21,0,21,104
09/21/2001,SIG,PR,ASO,ES,Federal Contract Tower,0,5,8,5,18,0,23,49,1,73,0,28,57,6,91,8,0,8,99
09/22/2001,SIG,PR,ASO,ES,Federal Contract Tower,0,0,3,1,4,0,11,64,0,75,0,11,67,1,79,33,0,33,112
09/23/2001,SIG,PR,ASO,ES,Federal Contract Tower,0,4,5,0,9,0,16,56,0,72,0,20,61,0,81,62,0,62,143
09/24/2001,SIG,PR,ASO,ES,Federal Contract Tower,0,0,5,6,11,0,20,90,3,113,0,20,95,9,124,39,0,39,163
09/25/2001,SIG,PR,ASO,ES,Federal Contract Tower,0,0,6,6,12,0,31,134,2,167,0,31,140,8,179,147,0,147,326
09/26/2001,SIG,PR,ASO,ES,Federal Contract Tower,0,3,7,3,13,0,14,140,8,162,0,17,147,11,175,171,8,179,354
09/27/2001,SIG,PR,ASO,ES,Federal Contract Tower,0,3,3,2,8,0,23,131,4,158,0,26,134,6,166,121,0,121,287
09/28/2001,SIG,PR,ASO,ES,Federal Contract Tower,0,1,7,5,13,0,32,136,12,180,0,33,143,17,193,192,0,192,385
09/29/2001,SIG,PR,ASO,ES,Federal Contract Tower,0,0,1,0,1,0,12,145,9,166,0,12,146,9,167,130,0,130,297
09/30/2001,SIG,PR,ASO,ES,Federal Contract Tower,0,0,3,2,5,0,14,90,0,104,0,14,93,2,109,109,0,109,218
10/01/2001,SIG,PR,ASO,ES,Federal Contract Tower,0,4,6,1,11,0,16,95,12,123,0,20,101,13,134,112,2,114,248
10/02/2001,SIG,PR,ASO,ES,Federal Contract Tower,0,3,2,2,7,0,17,121,10,148,0,20,123,12,155,157,0,157,312
10/03/2001,SIG,PR,ASO,ES,Federal Contract Tower,0,0,2,2,4,0,29,113,7,149,0,29,115,9,153,131,0,131,284
10/04/2001,SIG,PR,ASO,ES,Federal Contract Tower,0,2,2,0,4,0,19,138,2,159,0,21,140,2,163,160,8,168,331
10/05/2001,SIG,PR,ASO,ES,Federal Contract Tower,0,0,16,1,17,0,22,99,0,121,0,22,115,1,138,113,0,113,251
10/06/2001,SIG,PR,ASO,ES,Federal Contract Tower,0,0,0,1,1,0,19,125,1,145,0,19,125,2,146,141,0,141,287
10/07/2001,SIG,PR,ASO,ES,Federal Contract Tower,0,3,0,0,3,0,11,82,0,93,0,14,82,0,96,72,0,72,168
10/08/2001,SIG,PR,ASO,ES,Federal Contract Tower,0,6,2,0,8,0,19,119,0,138,0,25,121,0,146,119,0,119,265
10/09/2001,SIG,PR,ASO,ES,Federal Contract Tower,0,1,3,8,12,0,25,109,5,139,0,26,112,13,151,127,22,149,300
10/10/2001,SIG,PR,ASO,ES,Federal Contract Tower,0,0,4,1,5,0,18,155,11,184,0,18,159,12,189,115,14,129,318
10/11/2001,SIG,PR,ASO,ES,Federal Contract Tower,0,2,12,5,19,0,18,146,0,164,0,20,158,5,183,120,6,126,309
10/12/2001,SIG,PR,ASO,ES,Federal Contract Tower,0,1,4,5,10,0,21,112,1,134,0,22,116,6,144,94,4,98,242
10/13/2001,SIG,PR,ASO,ES,Federal Contract Tower,0,2,0,0,2,0,14,135,0,149,0,16,135,0,151,228,0,228,379
10/14/2001,SIG,PR,ASO,ES,Federal Contract Tower,0,10,0,0,10,0,20,77,0,97,0,30,77,0,107,119,0,119,226
10/15/2001,SIG,PR,ASO,ES,Federal Contract Tower,0,6,1,3,10,0,36,51,3,90,0,42,52,6,100,14,0,14,114
10/16/2001,SIG,PR,ASO,ES,Federal Contract Tower,0,0,6,6,12,0,18,78,10,106,0,18,84,16,118,99,0,99,217
10/17/2001,SIG,PR,ASO,ES,Federal Contract Tower,0,0,2,3,5,0,19,124,4,147,0,19,126,7,152,161,0,161,313
10/18/2001,SIG,PR,ASO,ES,Federal Contract Tower,0,2,3,4,9,0,20,128,2,150,0,22,131,6,159,165,0,165,324
10/19/2001,SIG,PR,ASO,ES,Federal Contract Tower,0,0,3,4,7,0,20,142,1,163,0,20,145,5,170,166,3,169,339
10/20/2001,SIG,PR,ASO,ES,Federal Contract Tower,0,1,1,1,3,0,16,153,9,178,0,17,154,10,181,209,24,233,414
10/21/2001,SIG,PR,ASO,ES,Federal Contract Tower,0,1,9,0,10,0,18,53,2,73,0,19,62,2,83,52,0,52,135
10/22/2001,SIG,PR,ASO,ES,Federal Contract Tower,0,0,0,1,1,0,26,117,0,143,0,26,117,1,144,133,0,133,277
10/23/2001,SIG,PR,ASO,ES,Federal Contract Tower,0,0,4,2,6,0,33,133,9,175,0,33,137,11,181,131,0,131,312
10/24/2001,SIG,PR,ASO,ES,Federal Contract Tower,0,5,8,1,14,0,26,160,9,195,0,31,168,10,209,115,1,116,325
10/25/2001,SIG,PR,ASO,ES,Federal Contract Tower,0,0,9,0,9,0,26,113,1,140,0,26,122,1,149,152,0,152,301
10/26/2001,SIG,PR,ASO,ES,Federal Contract Tower,0,0,8,3,11,0,23,141,4,168,0,23,149,7,179,161,6,167,346
10/27/2001,SIG,PR,ASO,ES,Federal Contract Tower,0,2,4,2,8,0,9,164,4,177,0,11,168,6,185,206,0,206,391
10/28/2001,SIG,PR,ASO,ES,Federal Contract Tower,0,6,5,1,12,0,16,61,4,81,0,22,66,5,93,91,0,91,184
10/29/2001,SIG,PR,ASO,ES,Federal Contract Tower,0,5,2,2,9,0,26,130,6,162,0,31,132,8,171,122,2,124,295
10/30/2001,SIG,PR,ASO,ES,Federal Contract Tower,0,1,3,2,6,0,39,142,17,198,0,40,145,19,204,73,0,73,277
10/31/2001,SIG,PR,ASO,ES,Federal Contract Tower,0,5,4,2,11,0,15,138,21,174,0,20,142,23,185,133,10,143,328
11/01/2001,SIG,PR,ASO,ES,Federal Contract Tower,0,0,6,2,8,0,22,104,4,130,0,22,110,6,138,120,6,126,264
11/02/2001,SIG,PR,ASO,ES,Federal Contract Tower,0,0,11,0,11,0,25,133,13,171,0,25,144,13,182,154,2,156,338
11/03/2001,SIG,PR,ASO,ES,Federal Contract Tower,0,1,4,0,5,0,16,131,13,160,0,17,135,13,165,171,0,171,336
11/04/2001,SIG,PR,ASO,ES,Federal Contract Tower,0,0,0,1,1,0,18,97,0,115,0,18,97,1,116,82,0,82,198
11/05/2001,SIG,PR,ASO,ES,Federal Contract Tower,0,2,2,0,4,0,28,144,0,172,0,30,146,0,176,98,0,98,274
11/06/2001,SIG,PR,ASO,ES,Federal Contract Tower,0,0,3,1,4,0,30,161,22,213,0,30,164,23,217,84,10,94,311
11/07/2001,SIG,PR,ASO,ES,Federal Contract Tower,0,0,6,1,7,0,15,13,10,38,0,15,19,11,45,50,14,64,109
11/08/2001,SIG,PR,ASO,ES,Federal Contract Tower,0,0,10,3,13,0,21,30,1,52,0,21,40,4,65,39,0,39,104
11/09/2001,SIG,PR,ASO,ES,Federal Contract Tower,0,0,10,4,14,0,13,19,1,33,0,13,29,5,47,0,0,0,47
11/10/2001,SIG,PR,ASO,ES,Federal Contract Tower,0,0,11,0,11,0,16,97,7,120,0,16,108,7,131,151,0,151,282
11/11/2001,SIG,PR,ASO,ES,Federal Contract Tower,0,0,5,0,5,0,11,87,1,99,0,11,92,1,104,120,4,124,228
11/12/2001,SIG,PR,ASO,ES,Federal Contract Tower,0,3,1,0,4,0,15,133,0,148,0,18,134,0,152,191,0,191,343
11/13/2001,SIG,PR,ASO,ES,Federal Contract Tower,0,0,9,4,13,0,19,121,13,153,0,19,130,17,166,108,0,108,274
11/14/2001,SIG,PR,ASO,ES,Federal Contract Tower,0,1,1,2,4,0,27,148,8,183,0,28,149,10,187,172,4,176,363
11/15/2001,SIG,PR,ASO,ES,Federal Contract Tower,0,0,9,2,11,0,22,142,5,169,0,22,151,7,180,232,1,233,413
11/16/2001,SIG,PR,ASO,ES,Federal Contract Tower,0,0,15,7,22,0,22,123,9,154,0,22,138,16,176,160,0,160,336
11/17/2001,SIG,PR,ASO,ES,Federal Contract Tower,0,2,6,4,12,0,20,162,16,198,0,22,168,20,210,249,16,265,475
11/18/2001,SIG,PR,ASO,ES,Federal Contract Tower,0,1,3,0,4,0,19,112,13,144,0,20,115,13,148,128,0,128,276
11/19/2001,SIG,PR,ASO,ES,Federal Contract Tower,0,7,0,1,8,0,21,101,4,126,0,28,101,5,134,130,6,136,270
11/20/2001,SIG,PR,ASO,ES,Federal Contract Tower,0,0,7,4,11,0,26,135,23,184,0,26,142,27,195,159,8,167,362
11/21/2001,SIG,PR,ASO,ES,Federal Contract Tower,0,3,7,0,10,0,37,173,7,217,0,40,180,7,227,204,2,206,433
11/22/2001,SIG,PR,ASO,ES,Federal Contract Tower,0,0,3,1,4,0,13,43,0,56,0,13,46,1,60,33,0,33,93
11/23/2001,SIG,PR,ASO,ES,Federal Contract Tower,0,0,3,0,3,0,17,131,0,148,0,17,134,0,151,250,0,250,401
11/24/2001,SIG,PR,ASO,ES,Federal Contract Tower,0,0,4,0,4,0,19,178,0,197,0,19,182,0,201,300,0,300,501
11/25/2001,SIG,PR,ASO,ES,Federal Contract Tower,0,10,1,0,11,0,28,102,0,130,0,38,103,0,141,102,0,102,243
11/26/2001,SIG,PR,ASO,ES,Federal Contract Tower,0,3,3,3,9,0,29,118,7,154,0,32,121,10,163,111,0,111,274
11/27/2001,SIG,PR,ASO,ES,Federal Contract Tower,0,0,9,2,11,0,23,114,10,147,0,23,123,12,158,120,0,120,278
11/28/2001,SIG,PR,ASO,ES,Federal Contract Tower,0,0,13,1,14,0,37,173,9,219,0,37,186,10,233,205,4,209,442
11/29/2001,SIG,PR,ASO,ES,Federal Contract Tower,0,0,10,0,10,0,22,71,4,97,0,22,81,4,107,63,0,63,170
11/30/2001,SIG,PR,ASO,ES,Federal Contract Tower,0,0,9,3,12,0,18,149,20,187,0,18,158,23,199,112,0,112,311
12/01/2001,SIG,PR,ASO,ES,Federal Contract Tower,0,0,6,0,6,0,13,169,0,182,0,13,175,0,188,296,0,296,484
12/02/2001,SIG,PR,ASO,ES,Federal Contract Tower,0,0,11,1,12,0,26,72,6,104,0,26,83,7,116,53,0,53,169
12/03/2001,SIG,PR,ASO,ES,Federal Contract Tower,0,0,5,0,5,0,28,71,4,103,0,28,76,4,108,41,0,41,149
12/04/2001,SIG,PR,ASO,ES,Federal Contract Tower,0,0,9,4,13,0,28,84,8,120,0,28,93,12,133,102,2,104,237
12/05/2001,SIG,PR,ASO,ES,Federal Contract Tower,0,1,11,3,15,0,23,42,9,74,0,24,53,12,89,0,0,0,89
12/06/2001,SIG,PR,ASO,ES,Federal Contract Tower,0,0,11,7,18,0,24,119,16,159,0,24,130,23,177,133,0,133,310
12/07/2001,SIG,PR,ASO,ES,Federal Contract Tower,0,0,8,5,13,0,20,104,3,127,0,20,112,8,140,98,0,98,238
12/08/2001,SIG,PR,ASO,ES,Federal Contract Tower,0,0,6,0,6,0,13,114,19,146,0,13,120,19,152,243,11,254,406
12/09/2001,SIG,PR,ASO,ES,Federal Contract Tower,0,2,7,2,11,0,28,94,4,126,0,30,101,6,137,66,0,66,203
12/10/2001,SIG,PR,ASO,ES,Federal Contract Tower,0,1,3,2,6,0,20,98,9,127,0,21,101,11,133,67,5,72,205
12/11/2001,SIG,PR,ASO,ES,Federal Contract Tower,0,0,5,7,12,0,31,138,7,176,0,31,143,14,188,170,0,170,358
12/12/2001,SIG,PR,ASO,ES,Federal Contract Tower,0,0,11,2,13,0,25,97,12,134,0,25,108,14,147,64,0,64,211
12/13/2001,SIG,PR,ASO,ES,Federal Contract Tower,0,0,5,1,6,0,16,78,11,105,0,16,83,12,111,86,0,86,197
12/14/2001,SIG,PR,ASO,ES,Federal Contract Tower,0,0,14,1,15,0,22,64,3,89,0,22,78,4,104,51,6,57,161
12/15/2001,SIG,PR,ASO,ES,Federal Contract Tower,0,0,9,0,9,0,11,32,4,47,0,11,41,4,56,10,2,12,68
12/16/2001,SIG,PR,ASO,ES,Federal Contract Tower,0,4,7,5,16,0,27,50,0,77,0,31,57,5,93,37,22,59,152
12/17/2001,SIG,PR,ASO,ES,Federal Contract Tower,0,3,3,3,9,0,20,47,21,88,0,23,50,24,97,49,6,55,152
12/18/2001,SIG,PR,ASO,ES,Federal Contract Tower,0,2,8,2,12,0,27,79,17,123,0,29,87,19,135,114,0,114,249
12/19/2001,SIG,PR,ASO,ES,Federal Contract Tower,0,4,7,4,15,0,32,162,6,200,0,36,169,10,215,168,0,168,383
12/20/2001,SIG,PR,ASO,ES,Federal Contract Tower,0,0,15,3,18,0,25,79,2,106,0,25,94,5,124,147,0,147,271
12/21/2001,SIG,PR,ASO,ES,Federal Contract Tower,0,0,13,4,17,0,27,74,5,106,0,27,87,9,123,97,0,97,220
12/22/2001,SIG,PR,ASO,ES,Federal Contract Tower,0,2,10,0,12,0,27,44,1,72,0,29,54,1,84,2,0,2,86
12/23/2001,SIG,PR,ASO,ES,Federal Contract Tower,0,2,9,0,11,0,22,24,0,46,0,24,33,0,57,12,0,12,69
12/24/2001,SIG,PR,ASO,ES,Federal Contract Tower,0,1,4,0,5,0,39,54,0,93,0,40,58,0,98,48,0,48,146
12/25/2001,SIG,PR,ASO,ES,Federal Contract Tower,0,2,0,0,2,0,16,38,0,54,0,18,38,0,56,12,0,12,68
12/26/2001,SIG,PR,ASO,ES,Federal Contract Tower,0,2,16,1,19,0,41,146,20,207,0,43,162,21,226,156,10,166,392
12/27/2001,SIG,PR,ASO,ES,Federal Contract Tower,0,2,9,1,12,0,29,143,4,176,0,31,152,5,188,145,2,147,335
12/28/2001,SIG,PR,ASO,ES,Federal Contract Tower,0,1,12,2,15,0,25,118,9,152,0,26,130,11,167,115,0,115,282
12/29/2001,SIG,PR,ASO,ES,Federal Contract Tower,0,2,14,0,16,0,28,110,0,138,0,30,124,0,154,123,0,123,277
12/30/2001,SIG,PR,ASO,ES,Federal Contract Tower,0,2,6,0,8,0,28,83,0,111,0,30,89,0,119,93,0,93,212
12/31/2001,SIG,PR,ASO,ES,Federal Contract Tower,0,0,9,0,9,0,34,75,0,109,0,34,84,0,118,97,0,97,215
01/01/2002,SIG,PR,ASO,ES,Federal Contract Tower,0,0,2,0,2,0,14,4,0,18,0,14,6,0,20,0,0,0,20
01/02/2002,SIG,PR,ASO,ES,Federal Contract Tower,0,0,14,4,18,0,28,115,2,145,0,28,129,6,163,136,2,138,301
01/03/2002,SIG,PR,ASO,ES,Federal Contract Tower,0,0,14,2,16,0,30,113,6,149,0,30,127,8,165,155,5,160,325
01/04/2002,SIG,PR,ASO,ES,Federal Contract Tower,0,3,14,2,19,0,25,101,0,126,0,28,115,2,145,124,0,124,269
01/05/2002,SIG,PR,ASO,ES,Federal Contract Tower,0,2,10,0,12,0,20,39,7,66,0,22,49,7,78,65,0,65,143
01/06/2002,SIG,PR,ASO,ES,Federal Contract Tower,0,3,17,0,20,0,20,14,0,34,0,23,31,0,54,13,0,13,67
01/07/2002,SIG,PR,ASO,ES,Federal Contract Tower,0,2,7,1,10,0,30,106,0,136,0,32,113,1,146,114,0,114,260
01/08/2002,SIG,PR,ASO,ES,Federal Contract Tower,0,2,8,4,14,0,36,124,9,169,0,38,132,13,183,120,0,120,303
01/09/2002,SIG,PR,ASO,ES,Federal Contract Tower,0,2,4,0,6,0,45,160,17,222,0,47,164,17,228,173,0,173,401
01/10/2002,SIG,PR,ASO,ES,Federal Contract Tower,0,2,12,0,14,0,25,104,7,136,0,27,116,7,150,132,0,132,282
01/11/2002,SIG,PR,ASO,ES,Federal Contract Tower,0,2,12,2,16,0,20,119,7,146,0,22,131,9,162,143,0,143,305
01/12/2002,SIG,PR,ASO,ES,Federal Contract Tower,0,2,6,0,8,0,23,161,16,200,0,25,167,16,208,206,0,206,414
01/13/2002,SIG,PR,ASO,ES,Federal Contract Tower,0,2,9,0,11,0,24,66,7,97,0,26,75,7,108,98,0,98,206
01/14/2002,SIG,PR,ASO,ES,Federal Contract Tower,0,2,3,0,5,0,15,97,6,118,0,17,100,6,123,90,0,90,213
01/15/2002,SIG,PR,ASO,ES,Federal Contract Tower,0,3,7,2,12,0,45,163,17,225,0,48,170,19,237,124,5,129,366
01/16/2002,SIG,PR,ASO,ES,Federal Contract Tower,0,3,7,0,10,0,38,152,14,204,0,41,159,14,214,132,0,132,346
01/17/2002,SIG,PR,ASO,ES,Federal Contract Tower,0,2,7,4,13,0,23,136,10,169,0,25,143,14,182,151,0,151,333
01/18/2002,SIG,PR,ASO,ES,Federal Contract Tower,0,7,12,1,20,0,16,125,0,141,0,23,137,1,161,136,0,136,297
01/19/2002,SIG,PR,ASO,ES,Federal Contract Tower,0,2,8,1,11,0,22,138,3,163,0,24,146,4,174,113,0,113,287
01/20/2002,SIG,PR,ASO,ES,Federal Contract Tower,0,2,6,1,9,0,25,96,1,122,0,27,102,2,131,123,0,123,254
01/21/2002,SIG,PR,ASO,ES,Federal Contract Tower,0,2,12,2,16,0,17,118,0,135,0,19,130,2,151,109,0,109,260
01/22/2002,SIG,PR,ASO,ES,Federal Contract Tower,0,5,10,4,19,0,24,176,20,220,0,29,186,24,239,112,0,112,351
01/23/2002,SIG,PR,ASO,ES,Federal Contract Tower,0,2,10,2,14,0,27,121,6,154,0,29,131,8,168,138,0,138,306
01/24/2002,SIG,PR,ASO,ES,Federal Contract Tower,0,5,8,7,20,0,20,109,7,136,0,25,117,14,156,101,0,101,257
01/25/2002,SIG,PR,ASO,ES,Federal Contract Tower,0,6,11,6,23,0,21,122,17,160,0,27,133,23,183,114,2,116,299
01/26/2002,SIG,PR,ASO,ES,Federal Contract Tower,0,2,6,0,8,0,26,125,6,157,0,28,131,6,165,144,0,144,309
01/27/2002,SIG,PR,ASO,ES,Federal Contract Tower,0,2,12,0,14,0,14,100,5,119,0,16,112,5,133,104,0,104,237
01/28/2002,SIG,PR,ASO,ES,Federal Contract Tower,0,2,14,1,17,0,18,48,0,66,0,20,62,1,83,44,0,44,127
01/29/2002,SIG,PR,ASO,ES,Federal Contract Tower,0,6,10,2,18,0,25,119,3,147,0,31,129,5,165,104,0,104,269
01/30/2002,SIG,PR,ASO,ES,Federal Contract Tower,0,7,10,1,18,0,23,141,6,170,0,30,151,7,188,148,0,148,336
01/31/2002,SIG,PR,ASO,ES,Federal Contract Tower,0,2,4,3,9,0,16,79,3,98,0,18,83,6,107,42,0,42,149
02/01/2002,SIG,PR,ASO,ES,Federal Contract Tower,0,3,12,3,18,0,14,138,12,164,0,17,150,15,182,99,0,99,281
02/02/2002,SIG,PR,ASO,ES,Federal Contract Tower,0,1,9,0,10,0,26,139,4,169,0,27,148,4,179,165,2,167,346
02/03/2002,SIG,PR,ASO,ES,Federal Contract Tower,0,2,12,0,14,0,16,90,7,113,0,18,102,7,127,78,0,78,205
02/04/2002,SIG,PR,ASO,ES,Federal Contract Tower,0,2,7,0,9,0,25,106,26,157,0,27,113,26,166,112,0,112,278
02/05/2002,SIG,PR,ASO,ES,Federal Contract Tower,0,2,10,4,16,0,26,136,14,176,0,28,146,18,192,98,4,102,294
02/06/2002,SIG,PR,ASO,ES,Federal Contract Tower,0,2,5,1,8,0,35,115,16,166,0,37,120,17,174,84,4,88,262
02/07/2002,SIG,PR,ASO,ES,Federal Contract Tower,0,6,3,2,11,0,15,117,3,135,0,21,120,5,146,105,0,105,251
02/08/2002,SIG,PR,ASO,ES,Federal Contract Tower,0,6,16,3,25,0,22,155,8,185,0,28,171,11,210,112,0,112,322
02/09/2002,SIG,PR,ASO,ES,Federal Contract Tower,0,2,13,0,15,0,23,124,3,150,0,25,137,3,165,117,0,117,282
02/10/2002,SIG,PR,ASO,ES,Federal Contract Tower,0,2,8,1,11,0,19,104,4,127,0,21,112,5,138,161,0,161,299
02/11/2002,SIG,PR,ASO,ES,Federal Contract Tower,0,2,2,0,4,0,23,116,10,149,0,25,118,10,153,84,0,84,237
02/12/2002,SIG,PR,ASO,ES,Federal Contract Tower,0,4,9,5,18,0,16,137,7,160,0,20,146,12,178,154,0,154,332
02/13/2002,SIG,PR,ASO,ES,Federal Contract Tower,0,2,13,1,16,0,28,141,12,181,0,30,154,13,197,122,4,126,323
02/14/2002,SIG,PR,ASO,ES,Federal Contract Tower,0,3,9,0,12,0,26,112,3,141,0,29,121,3,153,150,0,150,303
02/15/2002,SIG,PR,ASO,ES,Federal Contract Tower,0,4,17,2,23,0,18,111,3,132,0,22,128,5,155,96,0,96,251
02/16/2002,SIG,PR,ASO,ES,Federal Contract Tower,0,2,13,0,15,0,28,152,16,196,0,30,165,16,211,188,2,190,401
02/17/2002,SIG,PR,ASO,ES,Federal Contract Tower,0,2,7,1,10,0,24,105,1,130,0,26,112,2,140,112,0,112,252
02/18/2002,SIG,PR,ASO,ES,Federal Contract Tower,0,4,13,0,17,0,17,104,0,121,0,21,117,0,138,86,0,86,224
02/19/2002,SIG,PR,ASO,ES,Federal Contract Tower,0,2,7,2,11,0,27,123,19,169,0,29,130,21,180,88,4,92,272
02/20/2002,SIG,PR,ASO,ES,Federal Contract Tower,0,2,4,0,6,0,21,94,24,139,0,23,98,24,145,102,18,120,265
02/21/2002,SIG,PR,ASO,ES,Federal Contract Tower,0,2,4,0,6,0,24,100,12,136,0,26,104,12,142,69,0,69,211
02/22/2002,SIG,PR,ASO,ES,Federal Contract Tower,0,4,10,0,14,0,31,142,8,181,0,35,152,8,195,148,4,152,347
02/23/2002,SIG,PR,ASO,ES,Federal Contract Tower,0,2,7,0,9,0,21,151,7,179,0,23,158,7,188,182,2,184,372
02/24/2002,SIG,PR,ASO,ES,Federal Contract Tower,0,2,11,0,13,0,16,113,0,129,0,18,124,0,142,88,0,88,230
02/25/2002,SIG,PR,ASO,ES,Federal Contract Tower,0,2,15,2,19,0,24,88,8,120,0,26,103,10,139,62,4,66,205
02/26/2002,SIG,PR,ASO,ES,Federal Contract Tower,0,2,3,2,7,0,21,88,0,109,0,23,91,2,116,42,0,42,158
02/27/2002,SIG,PR,ASO,ES,Federal Contract Tower,0,2,2,4,8,0,30,180,20,230,0,32,182,24,238,154,0,154,392
02/28/2002,SIG,PR,ASO,ES,Federal Contract Tower,0,6,8,4,18,0,21,123,10,154,0,27,131,14,172,82,16,98,270
03/01/2002,SIG,PR,ASO,ES,Federal Contract Tower,0,4,22,3,29,0,17,107,9,133,0,21,129,12,162,116,6,122,284
03/02/2002,SIG,PR,ASO,ES,Federal Contract Tower,0,2,7,2,11,0,22,146,9,177,0,24,153,11,188,155,0,155,343
03/03/2002,SIG,PR,ASO,ES,Federal Contract Tower,0,2,9,0,11,0,19,115,0,134,0,21,124,0,145,66,0,66,211
03/04/2002,SIG,PR,ASO,ES,Federal Contract Tower,0,2,8,1,11,0,34,133,3,170,0,36,141,4,181,57,5,62,243
03/05/2002,SIG,PR,ASO,ES,Federal Contract Tower,0,4,2,3,9,0,35,142,10,187,0,39,144,13,196,100,0,100,296
03/06/2002,SIG,PR,ASO,ES,Federal Contract Tower,0,2,2,4,8,0,35,156,5,196,0,37,158,9,204,114,0,114,318
03/07/2002,SIG,PR,ASO,ES,Federal Contract Tower,0,2,7,2,11,0,24,127,14,165,0,26,134,16,176,66,0,66,242
03/08/2002,SIG,PR,ASO,ES,Federal Contract Tower,0,6,14,4,24,0,18,93,10,121,0,24,107,14,145,125,2,127,272
03/09/2002,SIG,PR,ASO,ES,Federal Contract Tower,0,2,12,0,14,0,39,142,30,211,0,41,154,30,225,200,9,209,434
03/10/2002,SIG,PR,ASO,ES,Federal Contract Tower,0,2,15,1,18,0,21,114,0,135,0,23,129,1,153,104,0,104,257
03/11/2002,SIG,PR,ASO,ES,Federal Contract Tower,0,2,5,0,7,0,23,115,0,138,0,25,120,0,145,178,0,178,323
03/12/2002,SIG,PR,ASO,ES,Federal Contract Tower,0,2,9,2,13,0,47,163,10,220,0,49,172,12,233,148,0,148,381
03/13/2002,SIG,PR,ASO,ES,Federal Contract Tower,0,3,6,0,9,0,36,167,22,225,0,39,173,22,234,190,4,194,428
03/14/2002,SIG,PR,ASO,ES,Federal Contract Tower,0,2,2,1,5,0,25,142,10,177,0,27,144,11,182,111,0,111,293
03/15/2002,SIG,PR,ASO,ES,Federal Contract Tower,0,4,9,3,16,0,32,139,25,196,0,36,148,28,212,183,5,188,400
03/16/2002,SIG,PR,ASO,ES,Federal Contract Tower,0,2,2,0,4,0,28,165,1,194,0,30,167,1,198,186,0,186,384
03/17/2002,SIG,PR,ASO,ES,Federal Contract Tower,0,2,2,0,4,0,29,112,1,142,0,31,114,1,146,108,0,108,254
03/18/2002,SIG,PR,ASO,ES,Federal Contract Tower,0,2,9,4,15,0,36,125,8,169,0,38,134,12,184,136,0,136,320
03/19/2002,SIG,PR,ASO,ES,Federal Contract Tower,0,2,8,3,13,0,43,141,8,192,0,45,149,11,205,133,2,135,340
03/20/2002,SIG,PR,ASO,ES,Federal Contract Tower,0,2,9,2,13,0,42,209,26,277,0,44,218,28,290,216,0,216,506
03/21/2002,SIG,PR,ASO,ES,Federal Contract Tower,0,3,9,3,15,0,20,140,12,172,0,23,149,15,187,99,0,99,286
03/22/2002,SIG,PR,ASO,ES,Federal Contract Tower,0,5,7,4,16,0,24,168,16,208,0,29,175,20,224,169,0,169,393
03/23/2002,SIG,PR,ASO,ES,Federal Contract Tower,0,2,10,3,15,0,38,160,19,217,0,40,170,22,232,130,0,130,362
03/24/2002,SIG,PR,ASO,ES,Federal Contract Tower,0,2,9,0,11,0,26,100,9,135,0,28,109,9,146,116,0,116,262
03/25/2002,SIG,PR,ASO,ES,Federal Contract Tower,0,2,8,1,11,0,27,120,1,148,0,29,128,2,159,135,0,135,294
03/26/2002,SIG,PR,ASO,ES,Federal Contract Tower,0,2,6,2,10,0,29,132,1,162,0,31,138,3,172,181,0,181,353
03/27/2002,SIG,PR,ASO,ES,Federal Contract Tower,0,2,18,0,20,0,26,123,9,158,0,28,141,9,178,169,0,169,347
03/28/2002,SIG,PR,ASO,ES,Federal Contract Tower,0,2,28,1,31,0,25,149,2,176,0,27,177,3,207,118,0,118,325
03/29/2002,SIG,PR,ASO,ES,Federal Contract Tower,0,2,6,0,8,0,5,32,0,37,0,7,38,0,45,6,0,6,51
03/30/2002,SIG,PR,ASO,ES,Federal Contract Tower,0,2,5,0,7,0,21,124,0,145,0,23,129,0,152,218,0,218,370
03/31/2002,SIG,PR,ASO,ES,Federal Contract Tower,0,2,14,0,16,0,29,122,0,151,0,31,136,0,167,74,0,74,241
04/01/2002,SIG,PR,ASO,ES,Federal Contract Tower,0,2,21,1,24,0,26,99,24,149,0,28,120,25,173,82,2,84,257
04/02/2002,SIG,PR,ASO,ES,Federal Contract Tower,0,2,12,5,19,0,36,176,12,224,0,38,188,17,243,152,2,154,397
04/03/2002,SIG,PR,ASO,ES,Federal Contract Tower,0,2,7,4,13,0,28,155,12,195,0,30,162,16,208,126,0,126,334
04/04/2002,SIG,PR,ASO,ES,Federal Contract Tower,0,2,11,3,16,0,23,161,9,193,0,25,172,12,209,108,0,108,317
04/05/2002,SIG,PR,ASO,ES,Federal Contract Tower,0,6,5,21,32,0,23,151,12,186,0,29,156,33,218,86,2,88,306
04/06/2002,SIG,PR,ASO,ES,Federal Contract Tower,0,2,7,3,12,0,32,145,16,193,0,34,152,19,205,209,0,209,414
04/07/2002,SIG,PR,ASO,ES,Federal Contract Tower,0,2,15,22,39,0,41,91,0,132,0,43,106,22,171,106,0,106,277
04/08/2002,SIG,PR,ASO,ES,Federal Contract Tower,0,2,12,2,16,0,41,73,12,126,0,43,85,14,142,50,0,50,192
04/09/2002,SIG,PR,ASO,ES,Federal Contract Tower,0,4,3,1,8,0,29,119,0,148,0,33,122,1,156,68,0,68,224
04/10/2002,SIG,PR,ASO,ES,Federal Contract Tower,0,2,4,5,11,0,30,106,11,147,0,32,110,16,158,54,0,54,212
04/11/2002,SIG,PR,ASO,ES,Federal Contract Tower,0,2,15,3,20,0,18,109,20,147,0,20,124,23,167,40,2,42,209
04/12/2002,SIG,PR,ASO,ES,Federal Contract Tower,0,2,17,1,20,0,22,158,32,212,0,24,175,33,232,191,6,197,429
04/13/2002,SIG,PR,ASO,ES,Federal Contract Tower,0,3,3,5,11,0,19,221,2,242,0,22,224,7,253,212,0,212,465
04/14/2002,SIG,PR,ASO,ES,Federal Contract Tower,0,2,6,0,8,0,23,115,0,138,0,25,121,0,146,166,0,166,312
04/15/2002,SIG,PR,ASO,ES,Federal Contract Tower,0,2,19,1,22,0,14,38,6,58,0,16,57,7,80,22,16,38,118
04/16/2002,SIG,PR,ASO,ES,Federal Contract Tower,0,2,11,2,15,0,13,53,7,73,0,15,64,9,88,20,0,20,108
04/17/2002,SIG,PR,ASO,ES,Federal Contract Tower,0,2,8,1,11,0,29,141,5,175,0,31,149,6,186,122,0,122,308
04/18/2002,SIG,PR,ASO,ES,Federal Contract Tower,0,2,6,2,10,0,26,153,18,197,0,28,159,20,207,173,2,175,382
04/19/2002,SIG,PR,ASO,ES,Federal Contract Tower,0,2,10,4,16,0,19,128,7,154,0,21,138,11,170,124,0,124,294
04/20/2002,SIG,PR,ASO,ES,Federal Contract Tower,0,2,7,0,9,0,16,63,3,82,0,18,70,3,91,0,4,4,95
04/21/2002,SIG,PR,ASO,ES,Federal Contract Tower,0,2,11,1,14,0,24,99,0,123,0,26,110,1,137,118,0,118,255
04/22/2002,SIG,PR,ASO,ES,Federal Contract Tower,0,2,13,4,19,0,32,124,9,165,0,34,137,13,184,54,0,54,238
04/23/2002,SIG,PR,ASO,ES,Federal Contract Tower,0,2,12,3,17,0,30,188,14,232,0,32,200,17,249,112,0,112,361
04/24/2002,SIG,PR,ASO,ES,Federal Contract Tower,0,2,8,3,13,0,25,168,23,216,0,27,176,26,229,95,0,95,324
04/25/2002,SIG,PR,ASO,ES,Federal Contract Tower,0,2,13,4,19,0,24,151,14,189,0,26,164,18,208,154,4,158,366
04/26/2002,SIG,PR,ASO,ES,Federal Contract Tower,0,2,25,0,27,0,26,169,9,204,0,28,194,9,231,146,4,150,381
04/27/2002,SIG,PR,ASO,ES,Federal Contract Tower,0,2,4,1,7,0,34,205,7,246,0,36,209,8,253,189,0,189,442
04/28/2002,SIG,PR,ASO,ES,Federal Contract Tower,0,2,17,2,21,0,13,118,1,132,0,15,135,3,153,122,0,122,275
04/29/2002,SIG,PR,ASO,ES,Federal Contract Tower,0,2,7,3,12,0,21,129,3,153,0,23,136,6,165,39,0,39,204
04/30/2002,SIG,PR,ASO,ES,Federal Contract Tower,0,2,4,3,9,0,30,154,3,187,0,32,158,6,196,127,0,127,323
05/01/2002,SIG,PR,ASO,ES,Federal Contract Tower,0,2,7,1,10,0,28,124,12,164,0,30,131,13,174,100,16,116,290
05/02/2002,SIG,PR,ASO,ES,Federal Contract Tower,0,2,17,0,19,0,28,137,10,175,0,30,154,10,194,105,6,111,305
05/03/2002,SIG,PR,ASO,ES,Federal Contract Tower,0,2,7,3,12,0,24,145,3,172,0,26,152,6,184,104,0,104,288
05/04/2002,SIG,PR,ASO,ES,Federal Contract Tower,0,2,6,2,10,0,34,158,2,194,0,36,164,4,204,190,0,190,394
05/05/2002,SIG,PR,ASO,ES,Federal Contract Tower,0,2,9,1,12,0,19,94,2,115,0,21,103,3,127,73,0,73,200
05/06/2002,SIG,PR,ASO,ES,Federal Contract Tower,0,2,8,2,12,0,18,117,3,138,0,20,125,5,150,93,0,93,243
05/07/2002,SIG,PR,ASO,ES,Federal Contract Tower,0,2,6,2,10,0,31,150,1,182,0,33,156,3,192,52,0,52,244
05/08/2002,SIG,PR,ASO,ES,Federal Contract Tower,0,2,11,1,14,0,24,117,2,143,0,26,128,3,157,72,0,72,229
05/09/2002,SIG,PR,ASO,ES,Federal Contract Tower,0,2,11,1,14,0,19,180,9,208,0,21,191,10,222,117,0,117,339
05/10/2002,SIG,PR,ASO,ES,Federal Contract Tower,0,2,12,2,16,0,23,162,5,190,0,25,174,7,206,127,0,127,333
05/11/2002,SIG,PR,ASO,ES,Federal Contract Tower,0,2,8,1,11,0,22,206,3,231,0,24,214,4,242,220,0,220,462
05/12/2002,SIG,PR,ASO,ES,Federal Contract Tower,0,2,4,0,6,0,22,68,4,94,0,24,72,4,100,42,4,46,146
05/13/2002,SIG,PR,ASO,ES,Federal Contract Tower,0,2,4,2,8,0,24,121,1,146,0,26,125,3,154,90,2,92,246
05/14/2002,SIG,PR,ASO,ES,Federal Contract Tower,0,4,7,2,13,0,22,155,3,180,0,26,162,5,193,230,0,230,423
05/15/2002,SIG,PR,ASO,ES,Federal Contract Tower,0,2,5,0,7,0,43,182,15,240,0,45,187,15,247,233,0,233,480
05/16/2002,SIG,PR,ASO,ES,Federal Contract Tower,0,2,12,1,15,0,28,186,0,214,0,30,198,1,229,284,0,284,513
05/17/2002,SIG,PR,ASO,ES,Federal Contract Tower,0,2,17,1,20,0,30,177,5,212,0,32,194,6,232,171,0,171,403
05/18/2002,SIG,PR,ASO,ES,Federal Contract Tower,0,2,11,0,13,0,26,223,8,257,0,28,234,8,270,286,0,286,556
05/19/2002,SIG,PR,ASO,ES,Federal Contract Tower,0,2,10,3,15,0,18,109,7,134,0,20,119,10,149,100,0,100,249
05/20/2002,SIG,PR,ASO,ES,Federal Contract Tower,0,2,12,5,19,0,26,102,3,131,0,28,114,8,150,68,0,68,218
05/21/2002,SIG,PR,ASO,ES,Federal Contract Tower,0,2,4,3,9,0,24,153,8,185,0,26,157,11,194,146,0,146,340
05/22/2002,SIG,PR,ASO,ES,Federal Contract Tower,0,2,10,0,12,0,33,159,16,208,0,35,169,16,220,154,0,154,374
05/23/2002,SIG,PR,ASO,ES,Federal Contract Tower,0,2,13,0,15,0,22,164,3,189,0,24,177,3,204,80,0,80,284
05/24/2002,SIG,PR,ASO,ES,Federal Contract Tower,0,2,21,0,23,0,33,155,5,193,0,35,176,5,216,128,0,128,344
05/25/2002,SIG,PR,ASO,ES,Federal Contract Tower,0,2,7,0,9,0,37,165,1,203,0,39,172,1,212,214,0,214,426
05/26/2002,SIG,PR,ASO,ES,Federal Contract Tower,0,2,10,0,12,0,17,117,0,134,0,19,127,0,146,36,0,36,182
05/27/2002,SIG,PR,ASO,ES,Federal Contract Tower,0,2,12,0,14,0,24,99,2,125,0,26,111,2,139,97,0,97,236
05/28/2002,SIG,PR,ASO,ES,Federal Contract Tower,0,2,8,3,13,0,40,140,5,185,0,42,148,8,198,171,4,175,373
05/29/2002,SIG,PR,ASO,ES,Federal Contract Tower,0,2,14,0,16,0,32,136,5,173,0,34,150,5,189,130,6,136,325
05/30/2002,SIG,PR,ASO,ES,Federal Contract Tower,0,2,11,0,13,0,30,141,12,183,0,32,152,12,196,231,1,232,428
05/31/2002,SIG,PR,ASO,ES,Federal Contract Tower,0,4,20,0,24,0,19,129,3,151,0,23,149,3,175,162,4,166,341
06/01/2002,SIG,PR,ASO,ES,Federal Contract Tower,0,2,7,2,11,0,20,141,7,168,0,22,148,9,179,130,0,130,309
06/02/2002,SIG,PR,ASO,ES,Federal Contract Tower,0,4,11,0,15,0,12,137,12,161,0,16,148,12,176,84,0,84,260
06/03/2002,SIG,PR,ASO,ES,Federal Contract Tower,0,2,9,3,14,0,24,112,1,137,0,26,121,4,151,65,0,65,216
06/04/2002,SIG,PR,ASO,ES,Federal Contract Tower,0,2,12,2,16,0,16,55,4,75,0,18,67,6,91,76,0,76,167
06/05/2002,SIG,PR,ASO,ES,Federal Contract Tower,0,2,8,1,11,0,18,53,8,79,0,20,61,9,90,70,0,70,160
06/06/2002,SIG,PR,ASO,ES,Federal Contract Tower,0,2,13,2,17,0,30,187,10,227,0,32,200,12,244,152,0,152,396
06/07/2002,SIG,PR,ASO,ES,Federal Contract Tower,0,2,11,1,14,0,23,126,8,157,0,25,137,9,171,120,0,120,291
06/08/2002,SIG,PR,ASO,ES,Federal Contract Tower,0,2,10,0,12,0,18,190,0,208,0,20,200,0,220,141,0,141,361
06/09/2002,SIG,PR,ASO,ES,Federal Contract Tower,0,2,11,0,13,0,26,89,0,115,0,28,100,0,128,96,0,96,224
06/10/2002,SIG,PR,ASO,ES,Federal Contract Tower,0,2,6,2,10,0,31,117,0,148,0,33,123,2,158,124,0,124,282
06/11/2002,SIG,PR,ASO,ES,Federal Contract Tower,0,2,5,0,7,0,25,126,14,165,0,27,131,14,172,220,8,228,400
06/12/2002,SIG,PR,ASO,ES,Federal Contract Tower,0,2,6,5,13,0,29,177,13,219,0,31,183,18,232,114,4,118,350
06/13/2002,SIG,PR,ASO,ES,Federal Contract Tower,0,2,12,2,16,0,17,178,10,205,0,19,190,12,221,178,0,178,399
06/14/2002,SIG,PR,ASO,ES,Federal Contract Tower,0,2,9,2,13,0,30,177,7,214,0,32,186,9,227,182,0,182,409
06/15/2002,SIG,PR,ASO,ES,Federal Contract Tower,0,2,2,1,5,0,35,199,4,238,0,37,201,5,243,180,4,184,427
06/16/2002,SIG,PR,ASO,ES,Federal Contract Tower,0,2,8,0,10,0,11,84,0,95,0,13,92,0,105,38,0,38,143
06/17/2002,SIG,PR,ASO,ES,Federal Contract Tower,0,2,7,3,12,0,29,106,5,140,0,31,113,8,152,122,10,132,284
06/18/2002,SIG,PR,ASO,ES,Federal Contract Tower,0,2,5,2,9,0,36,124,5,165,0,38,129,7,174,129,0,129,303
06/19/2002,SIG,PR,ASO,ES,Federal Contract Tower,0,2,11,5,18,0,34,170,12,216,0,36,181,17,234,189,4,193,427
06/20/2002,SIG,PR,ASO,ES,Federal Contract Tower,0,2,20,2,24,0,18,169,14,201,0,20,189,16,225,88,4,92,317
06/21/2002,SIG,PR,ASO,ES,Federal Contract Tower,0,2,19,1,22,0,22,135,16,173,0,24,154,17,195,130,2,132,327
06/22/2002,SIG,PR,ASO,ES,Federal Contract Tower,0,2,12,2,16,0,20,140,6,166,0,22,152,8,182,165,0,165,347
06/23/2002,SIG,PR,ASO,ES,Federal Contract Tower,0,2,13,2,17,0,18,141,11,170,0,20,154,13,187,124,0,124,311
06/24/2002,SIG,PR,ASO,ES,Federal Contract Tower,0,2,13,2,17,0,31,118,6,155,0,33,131,8,172,106,20,126,298
06/25/2002,SIG,PR,ASO,ES,Federal Contract Tower,0,2,9,9,20,0,32,99,13,144,0,34,108,22,164,94,6,100,264
06/26/2002,SIG,PR,ASO,ES,Federal Contract Tower,0,2,6,3,11,0,27,117,10,154,0,29,123,13,165,104,0,104,269
06/27/2002,SIG,PR,ASO,ES,Federal Contract Tower,0,1,7,0,8,0,29,197,4,230,0,30,204,4,238,176,0,176,414
06/28/2002,SIG,PR,ASO,ES,Federal Contract Tower,0,2,16,2,20,0,42,168,6,216,0,44,184,8,236,166,0,166,402
06/29/2002,SIG,PR,ASO,ES,Federal Contract Tower,0,2,8,1,11,0,16,141,0,157,0,18,149,1,168,80,0,80,248
06/30/2002,SIG,PR,ASO,ES,Federal Contract Tower,0,2,14,0,16,0,17,159,4,180,0,19,173,4,196,128,4,132,328
07/01/2002,SIG,PR,ASO,ES,Federal Contract Tower,0,1,18,1,20,0,28,130,6,164,0,29,148,7,184,104,6,110,294
07/02/2002,SIG,PR,ASO,ES,Federal Contract Tower,0,1,4,1,6,0,33,134,10,177,0,34,138,11,183,162,2,164,347
07/03/2002,SIG,PR,ASO,ES,Federal Contract Tower,0,13,6,2,21,0,23,142,22,187,0,36,148,24,208,144,2,146,354
07/04/2002,SIG,PR,ASO,ES,Federal Contract Tower,0,2,15,2,19,0,24,134,6,164,0,26,149,8,183,92,0,92,275
07/05/2002,SIG,PR,ASO,ES,Federal Contract Tower,0,1,11,2,14,0,42,187,14,243,0,43,198,16,257,108,0,108,365
07/06/2002,SIG,PR,ASO,ES,Federal Contract Tower,0,2,14,2,18,0,28,142,9,179,0,30,156,11,197,97,4,101,298
07/07/2002,SIG,PR,ASO,ES,Federal Contract Tower,0,9,23,0,32,0,30,137,0,167,0,39,160,0,199,72,0,72,271
07/08/2002,SIG,PR,ASO,ES,Federal Contract Tower,0,1,12,3,16,0,28,117,0,145,0,29,129,3,161,60,0,60,221
07/09/2002,SIG,PR,ASO,ES,Federal Contract Tower,0,1,12,2,15,0,23,106,2,131,0,24,118,4,146,56,2,58,204
07/10/2002,SIG,PR,ASO,ES,Federal Contract Tower,0,1,14,2,17,0,29,133,5,167,0,30,147,7,184,144,0,144,328
07/11/2002,SIG,PR,ASO,ES,Federal Contract Tower,0,2,12,0,14,0,15,132,0,147,0,17,144,0,161,154,0,154,315
07/12/2002,SIG,PR,ASO,ES,Federal Contract Tower,0,2,12,3,17,0,19,128,0,147,0,21,140,3,164,160,0,160,324
07/13/2002,SIG,PR,ASO,ES,Federal Contract Tower,0,2,6,1,9,0,21,176,0,197,0,23,182,1,206,220,0,220,426
07/14/2002,SIG,PR,ASO,ES,Federal Contract Tower,0,2,9,0,11,0,19,99,0,118,0,21,108,0,129,62,0,62,191
07/15/2002,SIG,PR,ASO,ES,Federal Contract Tower,0,2,11,2,15,0,25,100,3,128,0,27,111,5,143,102,2,104,247
07/16/2002,SIG,PR,ASO,ES,Federal Contract Tower,0,2,6,1,9,0,22,123,12,157,0,24,129,13,166,93,4,97,263
07/17/2002,SIG,PR,ASO,ES,Federal Contract Tower,0,2,9,0,11,0,30,189,16,235,0,32,198,16,246,133,2,135,381
07/18/2002,SIG,PR,ASO,ES,Federal Contract Tower,0,4,15,6,25,0,20,161,5,186,0,24,176,11,211,76,0,76,287
07/19/2002,SIG,PR,ASO,ES,Federal Contract Tower,0,2,16,1,19,0,28,174,0,202,0,30,190,1,221,158,0,158,379
07/20/2002,SIG,PR,ASO,ES,Federal Contract Tower,0,2,11,0,13,0,17,168,6,191,0,19,179,6,204,154,0,154,358
07/21/2002,SIG,PR,ASO,ES,Federal Contract Tower,0,4,14,0,18,0,24,119,0,143,0,28,133,0,161,46,0,46,207
07/22/2002,SIG,PR,ASO,ES,Federal Contract Tower,0,2,15,1,18,0,32,123,6,161,0,34,138,7,179,94,0,94,273
07/23/2002,SIG,PR,ASO,ES,Federal Contract Tower,0,4,10,2,16,0,32,120,12,164,0,36,130,14,180,134,4,138,318
07/24/2002,SIG,PR,ASO,ES,Federal Contract Tower,0,1,15,0,16,0,40,178,10,228,0,41,193,10,244,155,0,155,399
07/25/2002,SIG,PR,ASO,ES,Federal Contract Tower,0,2,11,4,17,0,19,209,4,232,0,21,220,8,249,214,0,214,463
07/26/2002,SIG,PR,ASO,ES,Federal Contract Tower,0,2,17,0,19,0,41,170,5,216,0,43,187,5,235,134,2,136,371
07/27/2002,SIG,PR,ASO,ES,Federal Contract Tower,0,2,15,0,17,0,22,108,11,141,0,24,123,11,158,148,0,148,306
07/28/2002,SIG,PR,ASO,ES,Federal Contract Tower,0,10,21,1,32,0,30,149,2,181,0,40,170,3,213,114,0,114,327
07/29/2002,SIG,PR,ASO,ES,Federal Contract Tower,0,2,15,0,17,0,41,140,0,181,0,43,155,0,198,106,0,106,304
07/30/2002,SIG,PR,ASO,ES,Federal Contract Tower,0,7,11,0,18,0,24,130,10,164,0,31,141,10,182,112,2,114,296
07/31/2002,SIG,PR,ASO,ES,Federal Contract Tower,0,3,14,1,18,0,30,118,7,155,0,33,132,8,173,146,0,146,319
08/01/2002,SIG,PR,ASO,ES,Federal Contract Tower,0,3,11,2,16,0,22,129,5,156,0,25,140,7,172,78,0,78,250
08/02/2002,SIG,PR,ASO,ES,Federal Contract Tower,0,3,10,5,18,0,24,138,9,171,0,27,148,14,189,130,2,132,321
08/03/2002,SIG,PR,ASO,ES,Federal Contract Tower,0,3,3,1,7,0,16,157,1,174,0,19,160,2,181,126,0,126,307
08/04/2002,SIG,PR,ASO,ES,Federal Contract Tower,0,2,8,0,10,0,17,106,0,123,0,19,114,0,133,110,0,110,243
08/05/2002,SIG,PR,ASO,ES,Federal Contract Tower,0,2,12,3,17,0,23,111,2,136,0,25,123,5,153,112,0,112,265
08/06/2002,SIG,PR,ASO,ES,Federal Contract Tower,0,2,11,3,16,0,22,107,9,138,0,24,118,12,154,70,2,72,226
08/07/2002,SIG,PR,ASO,ES,Federal Contract Tower,0,2,7,1,10,0,25,105,15,145,0,27,112,16,155,122,8,130,285
08/08/2002,SIG,PR,ASO,ES,Federal Contract Tower,0,2,21,0,23,0,30,138,9,177,0,32,159,9,200,130,2,132,332
08/09/2002,SIG,PR,ASO,ES,Federal Contract Tower,0,2,11,5,18,0,27,135,7,169,0,29,146,12,187,98,0,98,285
08/10/2002,SIG,PR,ASO,ES,Federal Contract Tower,0,2,8,0,10,0,27,128,13,168,0,29,136,13,178,148,0,148,326
08/11/2002,SIG,PR,ASO,ES,Federal Contract Tower,0,2,7,3,12,0,11,99,8,118,0,13,106,11,130,96,0,96,226
08/12/2002,SIG,PR,ASO,ES,Federal Contract Tower,0,2,6,3,11,0,21,131,12,164,0,23,137,15,175,92,0,92,267
08/13/2002,SIG,PR,ASO,ES,Federal Contract Tower,0,2,10,6,18,0,27,133,14,174,0,29,143,20,192,96,12,108,300
08/14/2002,SIG,PR,ASO,ES,Federal Contract Tower,0,2,6,2,10,0,30,107,6,143,0,32,113,8,153,46,0,46,199
08/15/2002,SIG,PR,ASO,ES,Federal Contract Tower,0,2,20,3,25,0,46,201,11,258,0,48,221,14,283,114,0,114,397
08/16/2002,SIG,PR,ASO,ES,Federal Contract Tower,0,1,8,2,11,0,29,123,11,163,0,30,131,13,174,123,0,123,297
08/17/2002,SIG,PR,ASO,ES,Federal Contract Tower,0,0,4,0,4,0,25,160,5,190,0,25,164,5,194,208,0,208,402
08/18/2002,SIG,PR,ASO,ES,Federal Contract Tower,0,2,11,0,13,0,23,88,0,111,0,25,99,0,124,76,0,76,200
08/19/2002,SIG,PR,ASO,ES,Federal Contract Tower,0,2,12,2,16,0,39,109,25,173,0,41,121,27,189,100,2,102,291
08/20/2002,SIG,PR,ASO,ES,Federal Contract Tower,0,1,5,1,7,0,32,125,5,162,0,33,130,6,169,171,0,171,340
08/21/2002,SIG,PR,ASO,ES,Federal Contract Tower,0,1,5,3,9,0,40,138,14,192,0,41,143,17,201,110,2,112,313
08/22/2002,SIG,PR,ASO,ES,Federal Contract Tower,0,2,8,3,13,0,15,127,13,155,0,17,135,16,168,94,6,100,268
08/23/2002,SIG,PR,ASO,ES,Federal Contract Tower,0,2,13,0,15,0,19,142,9,170,0,21,155,9,185,96,0,96,281
08/24/2002,SIG,PR,ASO,ES,Federal Contract Tower,0,2,5,0,7,0,22,166,7,195,0,24,171,7,202,160,0,160,362
08/25/2002,SIG,PR,ASO,ES,Federal Contract Tower,0,2,8,2,12,0,19,88,1,108,0,21,96,3,120,58,0,58,178
08/26/2002,SIG,PR,ASO,ES,Federal Contract Tower,0,2,8,4,14,0,26,113,1,140,0,28,121,5,154,114,0,114,268
08/27/2002,SIG,PR,ASO,ES,Federal Contract Tower,0,2,6,2,10,0,41,132,5,178,0,43,138,7,188,124,10,134,322
08/28/2002,SIG,PR,ASO,ES,Federal Contract Tower,0,2,6,3,11,0,37,151,18,206,0,39,157,21,217,155,10,165,382
08/29/2002,SIG,PR,ASO,ES,Federal Contract Tower,0,2,9,3,14,0,21,135,17,173,0,23,144,20,187,72,6,78,265
08/30/2002,SIG,PR,ASO,ES,Federal Contract Tower,0,3,17,2,22,0,26,102,3,131,0,29,119,5,153,90,4,94,247
08/31/2002,SIG,PR,ASO,ES,Federal Contract Tower,0,2,16,0,18,0,27,121,1,149,0,29,137,1,167,146,0,146,313
09/01/2002,SIG,PR,ASO,ES,Federal Contract Tower,0,3,3,0,6,0,10,51,0,61,0,13,54,0,67,112,0,112,179
09/02/2002,SIG,PR,ASO,ES,Federal Contract Tower,0,3,19,0,22,0,40,138,0,178,0,43,157,0,200,104,0,104,304
09/03/2002,SIG,PR,ASO,ES,Federal Contract Tower,0,3,8,1,12,0,36,133,14,183,0,39,141,15,195,110,0,110,305
09/04/2002,SIG,PR,ASO,ES,Federal Contract Tower,0,5,6,0,11,0,38,155,8,201,0,43,161,8,212,138,4,142,354
09/05/2002,SIG,PR,ASO,ES,Federal Contract Tower,0,2,5,3,10,0,30,148,11,189,0,32,153,14,199,204,0,204,403
09/06/2002,SIG,PR,ASO,ES,Federal Contract Tower,0,2,8,1,11,0,32,175,2,209,0,34,183,3,220,181,0,181,401
09/07/2002,SIG,PR,ASO,ES,Federal Contract Tower,0,2,14,0,16,0,31,172,10,213,0,33,186,10,229,190,10,200,429
09/08/2002,SIG,PR,ASO,ES,Federal Contract Tower,0,2,7,1,10,0,21,106,0,127,0,23,113,1,137,66,0,66,203
09/09/2002,SIG,PR,ASO,ES,Federal Contract Tower,0,2,6,2,10,0,32,106,2,140,0,34,112,4,150,112,0,112,262
09/10/2002,SIG,PR,ASO,ES,Federal Contract Tower,0,2,5,3,10,0,50,177,4,231,0,52,182,7,241,202,2,204,445
09/11/2002,SIG,PR,ASO,ES,Federal Contract Tower,0,4,7,1,12,0,39,154,6,199,0,43,161,7,211,128,0,128,339
09/12/2002,SIG,PR,ASO,ES,Federal Contract Tower,0,2,8,0,10,0,28,132,8,168,0,30,140,8,178,104,4,108,286
09/13/2002,SIG,PR,ASO,ES,Federal Contract Tower,0,2,7,0,9,0,28,125,5,158,0,30,132,5,167,70,10,80,247
09/14/2002,SIG,PR,ASO,ES,Federal Contract Tower,0,2,6,0,8,0,33,108,5,146,0,35,114,5,154,144,0,144,298
09/15/2002,SIG,PR,ASO,ES,Federal Contract Tower,0,2,7,0,9,0,17,76,9,102,0,19,83,9,111,80,0,80,191
09/16/2002,SIG,PR,ASO,ES,Federal Contract Tower,0,2,6,0,8,0,36,89,9,134,0,38,95,9,142,108,0,108,250
09/17/2002,SIG,PR,ASO,ES,Federal Contract Tower,0,1,3,2,6,0,34,133,4,171,0,35,136,6,177,94,0,94,271
09/18/2002,SIG,PR,ASO,ES,Federal Contract Tower,0,2,8,3,13,0,34,128,1,163,0,36,136,4,176,140,0,140,316
09/19/2002,SIG,PR,ASO,ES,Federal Contract Tower,0,4,10,1,15,0,22,134,17,173,0,26,144,18,188,66,0,66,254
09/20/2002,SIG,PR,ASO,ES,Federal Contract Tower,0,3,12,2,17,0,25,144,6,175,0,28,156,8,192,166,0,166,358
09/21/2002,SIG,PR,ASO,ES,Federal Contract Tower,0,2,6,0,8,0,29,170,2,201,0,31,176,2,209,198,0,198,407
09/22/2002,SIG,PR,ASO,ES,Federal Contract Tower,0,2,12,0,14,0,13,122,0,135,0,15,134,0,149,130,0,130,279
09/23/2002,SIG,PR,ASO,ES,Federal Contract Tower,0,2,11,0,13,0,35,109,0,144,0,37,120,0,157,74,0,74,231
09/24/2002,SIG,PR,ASO,ES,Federal Contract Tower,0,2,9,0,11,0,26,77,4,107,0,28,86,4,118,86,0,86,204
09/25/2002,SIG,PR,ASO,ES,Federal Contract Tower,0,2,7,0,9,0,24,42,3,69,0,26,49,3,78,38,0,38,116
09/26/2002,SIG,PR,ASO,ES,Federal Contract Tower,0,2,12,0,14,0,30,78,6,114,0,32,90,6,128,112,14,126,254
09/27/2002,SIG,PR,ASO,ES,Federal Contract Tower,0,2,20,0,22,0,45,136,5,186,0,47,156,5,208,226,0,226,434
09/28/2002,SIG,PR,ASO,ES,Federal Contract Tower,0,2,8,0,10,0,15,131,4,150,0,17,139,4,160,162,0,162,322
09/29/2002,SIG,PR,ASO,ES,Federal Contract Tower,0,2,14,0,16,0,19,96,0,115,0,21,110,0,131,58,0,58,189
09/30/2002,SIG,PR,ASO,ES,Federal Contract Tower,0,2,6,1,9,0,30,118,3,151,0,32,124,4,160,96,4,100,260
10/01/2002,SIG,PR,ASO,ES,Federal Contract Tower,0,2,8,2,12,0,43,125,2,170,0,45,133,4,182,240,0,240,422
10/02/2002,SIG,PR,ASO,ES,Federal Contract Tower,0,2,8,4,14,0,32,118,6,156,0,34,126,10,170,154,0,154,324
10/03/2002,SIG,PR,ASO,ES,Federal Contract Tower,0,1,12,0,13,0,32,138,10,180,0,33,150,10,193,196,4,200,393
10/04/2002,SIG,PR,ASO,ES,Federal Contract Tower,0,2,11,2,15,0,30,182,1,213,0,32,193,3,228,196,0,196,424
10/05/2002,SIG,PR,ASO,ES,Federal Contract Tower,0,2,6,0,8,0,26,148,6,180,0,28,154,6,188,180,0,180,368
10/06/2002,SIG,PR,ASO,ES,Federal Contract Tower,0,2,12,1,15,0,28,96,2,126,0,30,108,3,141,226,0,226,367
10/07/2002,SIG,PR,ASO,ES,Federal Contract Tower,0,2,7,2,11,0,28,104,0,132,0,30,111,2,143,124,0,124,267
10/08/2002,SIG,PR,ASO,ES,Federal Contract Tower,0,2,19,0,21,0,33,85,7,125,0,35,104,7,146,78,2,80,226
10/09/2002,SIG,PR,ASO,ES,Federal Contract Tower,0,2,8,0,10,0,35,152,12,199,0,37,160,12,209,144,2,146,355
10/10/2002,SIG,PR,ASO,ES,Federal Contract Tower,0,2,14,1,17,0,28,94,18,140,0,30,108,19,157,65,24,89,246
10/11/2002,SIG,PR,ASO,ES,Federal Contract Tower,0,2,13,0,15,0,32,172,0,204,0,34,185,0,219,244,0,244,463
10/12/2002,SIG,PR,ASO,ES,Federal Contract Tower,0,2,4,0,6,0,32,158,0,190,0,34,162,0,196,182,0,182,378
10/13/2002,SIG,PR,ASO,ES,Federal Contract Tower,0,2,8,0,10,0,25,122,2,149,0,27,130,2,159,146,0,146,305
10/14/2002,SIG,PR,ASO,ES,Federal Contract Tower,0,2,10,0,12,0,33,105,0,138,0,35,115,0,150,146,0,146,296
10/15/2002,SIG,PR,ASO,ES,Federal Contract Tower,0,2,6,1,9,0,22,124,9,155,0,24,130,10,164,142,0,142,306
10/16/2002,SIG,PR,ASO,ES,Federal Contract Tower,0,2,8,0,10,0,33,115,11,159,0,35,123,11,169,124,0,124,293
10/17/2002,SIG,PR,ASO,ES,Federal Contract Tower,0,2,7,1,10,0,29,131,9,169,0,31,138,10,179,150,14,164,343
10/18/2002,SIG,PR,ASO,ES,Federal Contract Tower,0,2,15,0,17,0,49,159,3,211,0,51,174,3,228,134,0,134,362
10/19/2002,SIG,PR,ASO,ES,Federal Contract Tower,0,2,13,0,15,0,31,172,4,207,0,33,185,4,222,188,5,193,415
10/20/2002,SIG,PR,ASO,ES,Federal Contract Tower,0,2,7,0,9,0,20,85,2,107,0,22,92,2,116,134,0,134,250
10/21/2002,SIG,PR,ASO,ES,Federal Contract Tower,0,2,3,4,9,0,28,137,2,167,0,30,140,6,176,134,0,134,310
10/22/2002,SIG,PR,ASO,ES,Federal Contract Tower,0,2,8,3,13,0,46,175,12,233,0,48,183,15,246,124,2,126,372
10/23/2002,SIG,PR,ASO,ES,Federal Contract Tower,0,2,8,3,13,0,40,168,16,224,0,42,176,19,237,304,18,322,559
10/24/2002,SIG,PR,ASO,ES,Federal Contract Tower,0,2,9,4,15,0,29,199,15,243,0,31,208,19,258,139,0,139,397
10/25/2002,SIG,PR,ASO,ES,Federal Contract Tower,0,2,7,3,12,0,37,110,2,149,0,39,117,5,161,122,0,122,283
10/26/2002,SIG,PR,ASO,ES,Federal Contract Tower,0,2,6,0,8,0,21,164,3,188,0,23,170,3,196,175,0,175,371
10/27/2002,SIG,PR,ASO,ES,Federal Contract Tower,0,2,9,1,12,0,27,122,5,154,0,29,131,6,166,174,0,174,340
10/28/2002,SIG,PR,ASO,ES,Federal Contract Tower,0,2,13,4,19,0,31,108,6,145,0,33,121,10,164,141,0,141,305
10/29/2002,SIG,PR,ASO,ES,Federal Contract Tower,0,2,6,2,10,0,42,163,17,222,0,44,169,19,232,194,0,194,426
10/30/2002,SIG,PR,ASO,ES,Federal Contract Tower,0,2,8,2,12,0,35,143,18,196,0,37,151,20,208,148,10,158,366
10/31/2002,SIG,PR,ASO,ES,Federal Contract Tower,0,2,12,3,17,0,37,142,7,186,0,39,154,10,203,128,0,128,331
11/01/2002,SIG,PR,ASO,ES,Federal Contract Tower,0,1,22,1,24,0,40,126,2,168,0,41,148,3,192,95,2,97,289
11/02/2002,SIG,PR,ASO,ES,Federal Contract Tower,0,2,1,1,4,0,25,167,2,194,0,27,168,3,198,183,0,183,381
11/03/2002,SIG,PR,ASO,ES,Federal Contract Tower,0,2,7,0,9,0,16,105,0,121,0,18,112,0,130,92,0,92,222
11/04/2002,SIG,PR,ASO,ES,Federal Contract Tower,0,2,8,9,19,0,26,122,4,152,0,28,130,13,171,172,2,174,345
11/05/2002,SIG,PR,ASO,ES,Federal Contract Tower,0,2,6,5,13,0,32,106,7,145,0,34,112,12,158,144,0,144,302
11/06/2002,SIG,PR,ASO,ES,Federal Contract Tower,0,2,8,9,19,0,50,172,7,229,0,52,180,16,248,191,6,197,445
11/07/2002,SIG,PR,ASO,ES,Federal Contract Tower,0,2,13,1,16,0,39,133,16,188,0,41,146,17,204,174,0,174,378
11/08/2002,SIG,PR,ASO,ES,Federal Contract Tower,0,2,13,3,18,0,34,178,6,218,0,36,191,9,236,124,0,124,360
11/09/2002,SIG,PR,ASO,ES,Federal Contract Tower,0,2,7,1,10,0,30,185,2,217,0,32,192,3,227,204,0,204,431
11/10/2002,SIG,PR,ASO,ES,Federal Contract Tower,0,2,8,1,11,0,23,129,0,152,0,25,137,1,163,100,0,100,263
11/11/2002,SIG,PR,ASO,ES,Federal Contract Tower,0,2,13,3,18,0,34,152,1,187,0,36,165,4,205,112,0,112,317
11/12/2002,SIG,PR,ASO,ES,Federal Contract Tower,0,2,7,1,10,0,35,121,8,164,0,37,128,9,174,204,6,210,384
11/13/2002,SIG,PR,ASO,ES,Federal Contract Tower,0,2,6,2,10,0,35,154,13,202,0,37,160,15,212,153,0,153,365
11/14/2002,SIG,PR,ASO,ES,Federal Contract Tower,0,1,5,2,8,0,30,109,9,148,0,31,114,11,156,92,2,94,250
11/15/2002,SIG,PR,ASO,ES,Federal Contract Tower,0,2,11,5,18,0,37,145,0,182,0,39,156,5,200,186,0,186,386
11/16/2002,SIG,PR,ASO,ES,Federal Contract Tower,0,2,6,1,9,0,28,172,1,201,0,30,178,2,210,158,2,160,370
11/17/2002,SIG,PR,ASO,ES,Federal Contract Tower,0,2,7,0,9,0,12,130,0,142,0,14,137,0,151,132,0,132,283
11/18/2002,SIG,PR,ASO,ES,Federal Contract Tower,0,2,12,4,18,0,35,129,7,171,0,37,141,11,189,112,0,112,301
11/19/2002,SIG,PR,ASO,ES,Federal Contract Tower,0,2,6,2,10,0,31,130,9,170,0,33,136,11,180,100,0,100,280
11/20/2002,SIG,PR,ASO,ES,Federal Contract Tower,0,2,9,2,13,0,40,125,13,178,0,42,134,15,191,129,0,129,320
11/21/2002,SIG,PR,ASO,ES,Federal Contract Tower,0,2,9,4,15,0,29,148,32,209,0,31,157,36,224,178,0,178,402
11/22/2002,SIG,PR,ASO,ES,Federal Contract Tower,0,2,16,3,21,0,33,149,4,186,0,35,165,7,207,114,2,116,323
11/23/2002,SIG,PR,ASO,ES,Federal Contract Tower,0,2,11,1,14,0,24,158,19,201,0,26,169,20,215,160,0,160,375
11/24/2002,SIG,PR,ASO,ES,Federal Contract Tower,0,2,13,0,15,0,24,144,12,180,0,26,157,12,195,94,14,108,303
11/25/2002,SIG,PR,ASO,ES,Federal Contract Tower,0,2,12,1,15,0,41,173,8,222,0,43,185,9,237,98,0,98,335
11/26/2002,SIG,PR,ASO,ES,Federal Contract Tower,0,2,12,6,20,0,36,176,6,218,0,38,188,12,238,158,0,158,396
11/27/2002,SIG,PR,ASO,ES,Federal Contract Tower,0,3,23,4,30,0,31,148,11,190,0,34,171,15,220,180,0,180,400
11/28/2002,SIG,PR,ASO,ES,Federal Contract Tower,0,2,7,2,11,0,27,42,0,69,0,29,49,2,80,8,0,8,88
11/29/2002,SIG,PR,ASO,ES,Federal Contract Tower,0,2,18,0,20,0,45,150,3,198,0,47,168,3,218,144,0,144,362
11/30/2002,SIG,PR,ASO,ES,Federal Contract Tower,0,2,8,0,10,0,28,149,8,185,0,30,157,8,195,242,0,242,437
12/01/2002,SIG,PR,ASO,ES,Federal Contract Tower,0,3,19,1,23,0,21,140,0,161,0,24,159,1,184,136,0,136,320
12/02/2002,SIG,PR,ASO,ES,Federal Contract Tower,0,3,13,2,18,0,37,143,4,184,0,40,156,6,202,80,0,80,282
12/03/2002,SIG,PR,ASO,ES,Federal Contract Tower,0,3,6,1,10,0,37,152,11,200,0,40,158,12,210,98,4,102,312
12/04/2002,SIG,PR,ASO,ES,Federal Contract Tower,0,3,13,5,21,0,28,64,7,99,0,31,77,12,120,60,0,60,180
12/05/2002,SIG,PR,ASO,ES,Federal Contract Tower,0,2,7,2,11,0,32,126,6,164,0,34,133,8,175,126,18,144,319
12/06/2002,SIG,PR,ASO,ES,Federal Contract Tower,0,3,8,1,12,0,46,174,17,237,0,49,182,18,249,192,0,192,441
12/07/2002,SIG,PR,ASO,ES,Federal Contract Tower,0,2,3,2,7,0,26,133,6,165,0,28,136,8,172,146,0,146,318
12/08/2002,SIG,PR,ASO,ES,Federal Contract Tower,0,0,7,0,7,0,26,112,12,150,0,26,119,12,157,56,0,56,213
12/09/2002,SIG,PR,ASO,ES,Federal Contract Tower,0,2,8,2,12,0,34,104,10,148,0,36,112,12,160,90,0,90,250
12/10/2002,SIG,PR,ASO,ES,Federal Contract Tower,0,2,12,2,16,0,41,151,3,195,0,43,163,5,211,134,0,134,345
12/11/2002,SIG,PR,ASO,ES,Federal Contract Tower,0,2,15,6,23,0,36,102,17,155,0,38,117,23,178,86,0,86,264
12/12/2002,SIG,PR,ASO,ES,Federal Contract Tower,0,2,16,8,26,0,39,126,0,165,0,41,142,8,191,124,0,124,315
12/13/2002,SIG,PR,ASO,ES,Federal Contract Tower,0,2,16,4,22,0,31,114,7,152,0,33,130,11,174,92,0,92,266
12/14/2002,SIG,PR,ASO,ES,Federal Contract Tower,0,2,10,1,13,0,32,138,0,170,0,34,148,1,183,156,0,156,339
12/15/2002,SIG,PR,ASO,ES,Federal Contract Tower,0,2,14,1,17,0,22,113,0,135,0,24,127,1,152,118,0,118,270
12/16/2002,SIG,PR,ASO,ES,Federal Contract Tower,0,2,7,5,14,0,36,104,5,145,0,38,111,10,159,126,0,126,285
12/17/2002,SIG,PR,ASO,ES,Federal Contract Tower,0,2,13,1,16,0,47,172,4,223,0,49,185,5,239,282,0,282,521
12/18/2002,SIG,PR,ASO,ES,Federal Contract Tower,0,2,17,2,21,0,40,123,2,165,0,42,140,4,186,150,0,150,336
12/19/2002,SIG,PR,ASO,ES,Federal Contract Tower,0,2,10,2,14,0,28,155,1,184,0,30,165,3,198,200,0,200,398
12/20/2002,SIG,PR,ASO,ES,Federal Contract Tower,0,2,22,1,25,0,35,130,4,169,0,37,152,5,194,118,0,118,312
12/21/2002,SIG,PR,ASO,ES,Federal Contract Tower,0,2,23,1,26,0,28,115,0,143,0,30,138,1,169,152,0,152,321
12/22/2002,SIG,PR,ASO,ES,Federal Contract Tower,0,2,20,1,23,0,29,82,0,111,0,31,102,1,134,18,0,18,152
12/23/2002,SIG,PR,ASO,ES,Federal Contract Tower,0,3,17,2,22,0,41,134,9,184,0,44,151,11,206,96,2,98,304
12/24/2002,SIG,PR,ASO,ES,Federal Contract Tower,0,2,10,0,12,0,29,82,0,111,0,31,92,0,123,82,0,82,205
12/25/2002,SIG,PR,ASO,ES,Federal Contract Tower,0,2,0,0,2,0,21,34,3,58,0,23,34,3,60,8,0,8,68
12/26/2002,SIG,PR,ASO,ES,Federal Contract Tower,0,2,20,0,22,0,31,148,2,181,0,33,168,2,203,172,0,172,375
12/27/2002,SIG,PR,ASO,ES,Federal Contract Tower,0,2,29,0,31,0,31,158,11,200,0,33,187,11,231,184,11,195,426
12/28/2002,SIG,PR,ASO,ES,Federal Contract Tower,0,2,5,0,7,0,39,129,0,168,0,41,134,0,175,178,0,178,353
12/29/2002,SIG,PR,ASO,ES,Federal Contract Tower,0,2,3,0,5,0,28,132,0,160,0,30,135,0,165,90,0,90,255
12/30/2002,SIG,PR,ASO,ES,Federal Contract Tower,0,2,13,0,15,0,32,137,1,170,0,34,150,1,185,88,0,88,273
12/31/2002,SIG,PR,ASO,ES,Federal Contract Tower,0,2,14,0,16,0,35,120,0,155,0,37,134,0,171,94,0,94,265
01/01/2003,SIG,PR,ASO,ES,Federal Contract Tower,0,1,4,0,5,0,14,32,0,46,0,15,36,0,51,0,0,0,51
01/02/2003,SIG,PR,ASO,ES,Federal Contract Tower,0,1,21,0,22,0,37,93,0,130,0,38,114,0,152,160,0,160,312
01/03/2003,SIG,PR,ASO,ES,Federal Contract Tower,0,3,22,0,25,0,45,116,0,161,0,48,138,0,186,74,2,76,262
01/04/2003,SIG,PR,ASO,ES,Federal Contract Tower,0,2,11,0,13,0,26,136,3,165,0,28,147,3,178,236,0,236,414
01/05/2003,SIG,PR,ASO,ES,Federal Contract Tower,0,2,14,0,16,0,20,80,0,100,0,22,94,0,116,120,0,120,236
01/06/2003,SIG,PR,ASO,ES,Federal Contract Tower,0,2,15,1,18,0,32,63,1,96,0,34,78,2,114,44,2,46,160
01/07/2003,SIG,PR,ASO,ES,Federal Contract Tower,0,2,13,2,17,0,32,129,7,168,0,34,142,9,185,188,0,188,373
01/08/2003,SIG,PR,ASO,ES,Federal Contract Tower,0,4,23,2,29,0,39,107,7,153,0,43,130,9,182,190,0,190,372
01/09/2003,SIG,PR,ASO,ES,Federal Contract Tower,0,2,7,2,11,0,40,146,20,206,0,42,153,22,217,192,6,198,415
01/10/2003,SIG,PR,ASO,ES,Federal Contract Tower,0,2,13,4,19,0,32,136,22,190,0,34,149,26,209,106,4,110,319
01/11/2003,SIG,PR,ASO,ES,Federal Contract Tower,0,2,10,0,12,0,20,127,18,165,0,22,137,18,177,150,2,152,329
01/12/2003,SIG,PR,ASO,ES,Federal Contract Tower,0,2,8,0,10,0,21,134,17,172,0,23,142,17,182,172,0,172,354
01/13/2003,SIG,PR,ASO,ES,Federal Contract Tower,0,2,11,3,16,0,53,149,9,211,0,55,160,12,227,146,6,152,379
01/14/2003,SIG,PR,ASO,ES,Federal Contract Tower,0,2,1,0,3,0,33,129,13,175,0,35,130,13,178,140,0,140,318
01/15/2003,SIG,PR,ASO,ES,Federal Contract Tower,0,1,2,3,6,0,41,162,6,209,0,42,164,9,215,190,4,194,409
01/16/2003,SIG,PR,ASO,ES,Federal Contract Tower,0,2,9,3,14,0,26,121,4,151,0,28,130,7,165,132,0,132,297
01/17/2003,SIG,PR,ASO,ES,Federal Contract Tower,0,2,12,0,14,0,45,136,0,181,0,47,148,0,195,58,2,60,255
01/18/2003,SIG,PR,ASO,ES,Federal Contract Tower,0,2,13,1,16,0,36,127,2,165,0,38,140,3,181,184,0,184,365
01/19/2003,SIG,PR,ASO,ES,Federal Contract Tower,0,2,8,0,10,0,18,137,0,155,0,20,145,0,165,180,0,180,345
01/20/2003,SIG,PR,ASO,ES,Federal Contract Tower,0,2,11,0,13,0,36,116,2,154,0,38,127,2,167,119,0,119,286
01/21/2003,SIG,PR,ASO,ES,Federal Contract Tower,0,2,7,1,10,0,27,162,0,189,0,29,169,1,199,180,0,180,379
01/22/2003,SIG,PR,ASO,ES,Federal Contract Tower,0,2,9,3,14,0,43,128,10,181,0,45,137,13,195,82,4,86,281
01/23/2003,SIG,PR,ASO,ES,Federal Contract Tower,0,2,7,3,12,0,35,111,12,158,0,37,118,15,170,110,2,112,282
01/24/2003,SIG,PR,ASO,ES,Federal Contract Tower,0,2,17,0,19,0,35,100,3,138,0,37,117,3,157,128,0,128,285
01/25/2003,SIG,PR,ASO,ES,Federal Contract Tower,0,2,12,0,14,0,33,50,0,83,0,35,62,0,97,106,0,106,203
01/26/2003,SIG,PR,ASO,ES,Federal Contract Tower,0,2,10,1,13,0,30,88,1,119,0,32,98,2,132,74,0,74,206
01/27/2003,SIG,PR,ASO,ES,Federal Contract Tower,0,2,7,0,9,0,35,106,3,144,0,37,113,3,153,172,0,172,325
01/28/2003,SIG,PR,ASO,ES,Federal Contract Tower,0,2,9,1,12,0,39,127,7,173,0,41,136,8,185,78,6,84,269
01/29/2003,SIG,PR,ASO,ES,Federal Contract Tower,0,1,6,3,10,0,32,111,5,148,0,33,117,8,158,202,0,202,360
01/30/2003,SIG,PR,ASO,ES,Federal Contract Tower,0,0,11,5,16,0,29,99,4,132,0,29,110,9,148,108,2,110,258
01/31/2003,SIG,PR,ASO,ES,Federal Contract Tower,0,0,0,0,0,0,33,136,1,170,0,33,136,1,170,82,0,82,252
02/01/2003,SIG,PR,ASO,ES,Federal Contract Tower,0,3,10,0,13,0,32,138,2,172,0,35,148,2,185,196,0,196,381
02/02/2003,SIG,PR,ASO,ES,Federal Contract Tower,0,2,22,0,24,0,26,105,0,131,0,28,127,0,155,82,0,82,237
02/03/2003,SIG,PR,ASO,ES,Federal Contract Tower,0,2,12,0,14,0,37,111,2,150,0,39,123,2,164,110,0,110,274
02/04/2003,SIG,PR,ASO,ES,Federal Contract Tower,0,0,8,4,12,0,37,89,2,128,0,37,97,6,140,68,0,68,208
02/05/2003,SIG,PR,ASO,ES,Federal Contract Tower,0,2,8,3,13,0,39,134,1,174,0,41,142,4,187,182,0,182,369
02/06/2003,SIG,PR,ASO,ES,Federal Contract Tower,0,2,10,2,14,0,27,170,7,204,0,29,180,9,218,148,2,150,368
02/07/2003,SIG,PR,ASO,ES,Federal Contract Tower,0,2,16,4,22,0,41,134,3,178,0,43,150,7,200,164,6,170,370
02/08/2003,SIG,PR,ASO,ES,Federal Contract Tower,0,2,12,0,14,0,29,113,13,155,0,31,125,13,169,126,0,126,295
02/09/2003,SIG,PR,ASO,ES,Federal Contract Tower,0,3,13,3,19,0,23,110,10,143,0,26,123,13,162,96,8,104,266
02/10/2003,SIG,PR,ASO,ES,Federal Contract Tower,0,1,10,4,15,0,36,119,2,157,0,37,129,6,172,88,0,88,260
02/11/2003,SIG,PR,ASO,ES,Federal Contract Tower,0,2,9,2,13,0,45,135,10,190,0,47,144,12,203,122,0,122,325
02/12/2003,SIG,PR,ASO,ES,Federal Contract Tower,0,2,6,3,11,0,37,138,14,189,0,39,144,17,200,180,0,180,380
02/13/2003,SIG,PR,ASO,ES,Federal Contract Tower,0,2,13,5,20,0,39,163,17,219,0,41,176,22,239,196,0,196,435
02/14/2003,SIG,PR,ASO,ES,Federal Contract Tower,0,2,20,4,26,0,31,136,6,173,0,33,156,10,199,216,0,216,415
02/15/2003,SIG,PR,ASO,ES,Federal Contract Tower,0,2,13,2,17,0,45,171,0,216,0,47,184,2,233,176,0,176,409
02/16/2003,SIG,PR,ASO,ES,Federal Contract Tower,0,2,4,2,8,0,26,103,7,136,0,28,107,9,144,138,0,138,282
02/17/2003,SIG,PR,ASO,ES,Federal Contract Tower,0,2,7,3,12,0,38,125,7,170,0,40,132,10,182,210,0,210,392
02/18/2003,SIG,PR,ASO,ES,Federal Contract Tower,0,2,10,2,14,0,36,119,0,155,0,38,129,2,169,176,0,176,345
02/19/2003,SIG,PR,ASO,ES,Federal Contract Tower,0,2,7,2,11,0,39,128,5,172,0,41,135,7,183,148,0,148,331
02/20/2003,SIG,PR,ASO,ES,Federal Contract Tower,0,2,5,5,12,0,36,136,2,174,0,38,141,7,186,148,0,148,334
02/21/2003,SIG,PR,ASO,ES,Federal Contract Tower,0,2,22,4,28,0,41,145,2,188,0,43,167,6,216,242,2,244,460
02/22/2003,SIG,PR,ASO,ES,Federal Contract Tower,0,2,5,3,10,0,43,131,4,178,0,45,136,7,188,112,0,112,300
02/23/2003,SIG,PR,ASO,ES,Federal Contract Tower,0,2,10,2,14,0,28,112,0,140,0,30,122,2,154,63,0,63,217
02/24/2003,SIG,PR,ASO,ES,Federal Contract Tower,0,2,11,3,16,0,38,148,10,196,0,40,159,13,212,238,0,238,450
02/25/2003,SIG,PR,ASO,ES,Federal Contract Tower,0,3,13,1,17,0,31,121,5,157,0,34,134,6,174,68,0,68,242
02/26/2003,SIG,PR,ASO,ES,Federal Contract Tower,0,1,11,6,18,0,50,173,26,249,0,51,184,32,267,230,10,240,507
02/27/2003,SIG,PR,ASO,ES,Federal Contract Tower,0,2,10,2,14,0,43,142,6,191,0,45,152,8,205,116,0,116,321
02/28/2003,SIG,PR,ASO,ES,Federal Contract Tower,0,2,14,3,19,0,32,126,7,165,0,34,140,10,184,122,2,124,308
03/01/2003,SIG,PR,ASO,ES,Federal Contract Tower,0,3,3,3,9,0,35,130,0,165,0,38,133,3,174,166,0,166,340
03/02/2003,SIG,PR,ASO,ES,Federal Contract Tower,0,4,10,0,14,0,32,150,0,182,0,36,160,0,196,166,0,166,362
03/03/2003,SIG,PR,ASO,ES,Federal Contract Tower,0,2,9,2,13,0,45,152,7,204,0,47,161,9,217,218,0,218,435
03/04/2003,SIG,PR,ASO,ES,Federal Contract Tower,0,3,8,0,11,0,47,126,5,178,0,50,134,5,189,194,0,194,383
03/05/2003,SIG,PR,ASO,ES,Federal Contract Tower,0,2,3,2,7,0,42,151,14,207,0,44,154,16,214,213,0,213,427
03/06/2003,SIG,PR,ASO,ES,Federal Contract Tower,0,2,9,2,13,0,44,191,3,238,0,46,200,5,251,178,0,178,429
03/07/2003,SIG,PR,ASO,ES,Federal Contract Tower,0,2,11,2,15,0,40,129,2,171,0,42,140,4,186,122,0,122,308
03/08/2003,SIG,PR,ASO,ES,Federal Contract Tower,0,2,11,0,13,0,38,138,11,187,0,40,149,11,200,70,0,70,270
03/09/2003,SIG,PR,ASO,ES,Federal Contract Tower,0,2,8,0,10,0,23,116,5,144,0,25,124,5,154,46,0,46,200
03/10/2003,SIG,PR,ASO,ES,Federal Contract Tower,0,2,10,5,17,0,46,133,4,183,0,48,143,9,200,184,0,184,384
03/11/2003,SIG,PR,ASO,ES,Federal Contract Tower,0,2,8,0,10,0,46,141,4,191,0,48,149,4,201,164,0,164,365
03/12/2003,SIG,PR,ASO,ES,Federal Contract Tower,0,2,9,0,11,0,37,132,5,174,0,39,141,5,185,212,0,212,397
03/13/2003,SIG,PR,ASO,ES,Federal Contract Tower,0,2,14,8,24,0,57,184,4,245,0,59,198,12,269,216,0,216,485
03/14/2003,SIG,PR,ASO,ES,Federal Contract Tower,0,2,9,4,15,0,33,185,5,223,0,35,194,9,238,162,0,162,400
03/15/2003,SIG,PR,ASO,ES,Federal Contract Tower,0,2,10,0,12,0,44,188,0,232,0,46,198,0,244,198,0,198,442
03/16/2003,SIG,PR,ASO,ES,Federal Contract Tower,0,2,7,0,9,0,32,152,0,184,0,34,159,0,193,140,0,140,333
03/17/2003,SIG,PR,ASO,ES,Federal Contract Tower,0,2,5,3,10,0,48,119,3,170,0,50,124,6,180,116,0,116,296
03/18/2003,SIG,PR,ASO,ES,Federal Contract Tower,0,2,1,2,5,0,53,176,13,242,0,55,177,15,247,212,2,214,461
03/19/2003,SIG,PR,ASO,ES,Federal Contract Tower,0,2,14,4,20,0,56,148,6,210,0,58,162,10,230,118,1,119,349
03/20/2003,SIG,PR,ASO,ES,Federal Contract Tower,0,2,13,0,15,0,36,121,8,165,0,38,134,8,180,88,10,98,278
03/21/2003,SIG,PR,ASO,ES,Federal Contract Tower,0,2,11,2,15,0,39,135,4,178,0,41,146,6,193,148,0,148,341
03/22/2003,SIG,PR,ASO,ES,Federal Contract Tower,0,2,17,0,19,0,47,135,7,189,0,49,152,7,208,222,0,222,430
03/23/2003,SIG,PR,ASO,ES,Federal Contract Tower,0,4,7,0,11,0,41,145,2,188,0,45,152,2,199,118,6,124,323
03/24/2003,SIG,PR,ASO,ES,Federal Contract Tower,0,3,5,2,10,0,45,169,17,231,0,48,174,19,241,228,0,228,469
03/25/2003,SIG,PR,ASO,ES,Federal Contract Tower,0,4,7,1,12,0,44,146,7,197,0,48,153,8,209,132,0,132,341
03/26/2003,SIG,PR,ASO,ES,Federal Contract Tower,0,4,15,0,19,0,42,133,8,183,0,46,148,8,202,164,2,166,368
03/27/2003,SIG,PR,ASO,ES,Federal Contract Tower,0,3,11,3,17,0,41,133,3,177,0,44,144,6,194,106,0,106,300
03/28/2003,SIG,PR,ASO,ES,Federal Contract Tower,0,4,18,2,24,0,38,145,2,185,0,42,163,4,209,112,0,112,321
03/29/2003,SIG,PR,ASO,ES,Federal Contract Tower,0,4,13,1,18,0,43,124,0,167,0,47,137,1,185,138,0,138,323
03/30/2003,SIG,PR,ASO,ES,Federal Contract Tower,0,8,3,0,11,0,37,138,9,184,0,45,141,9,195,76,0,76,271
03/31/2003,SIG,PR,ASO,ES,Federal Contract Tower,0,4,19,2,25,0,48,121,12,181,0,52,140,14,206,156,0,156,362
04/01/2003,SIG,PR,ASO,ES,Federal Contract Tower,0,4,9,1,14,0,34,131,6,171,0,38,140,7,185,296,0,296,481
04/02/2003,SIG,PR,ASO,ES,Federal Contract Tower,0,4,8,3,15,0,32,123,19,174,0,36,131,22,189,220,0,220,409
04/03/2003,SIG,PR,ASO,ES,Federal Contract Tower,0,4,7,1,12,0,33,137,15,185,0,37,144,16,197,242,0,242,439
04/04/2003,SIG,PR,ASO,ES,Federal Contract Tower,0,4,20,2,26,0,41,128,4,173,0,45,148,6,199,86,0,86,285
04/05/2003,SIG,PR,ASO,ES,Federal Contract Tower,0,4,14,1,19,0,31,133,7,171,0,35,147,8,190,148,0,148,338
04/06/2003,SIG,PR,ASO,ES,Federal Contract Tower,0,4,12,0,16,0,44,125,11,180,0,48,137,11,196,82,0,82,278
04/07/2003,SIG,PR,ASO,ES,Federal Contract Tower,0,4,14,4,22,0,57,133,9,199,0,61,147,13,221,110,0,110,331
04/08/2003,SIG,PR,ASO,ES,Federal Contract Tower,0,4,6,4,14,0,46,109,4,159,0,50,115,8,173,252,0,252,425
04/09/2003,SIG,PR,ASO,ES,Federal Contract Tower,0,4,14,3,21,0,44,110,0,154,0,48,124,3,175,130,0,130,305
04/10/2003,SIG,PR,ASO,ES,Federal Contract Tower,0,4,12,0,16,0,42,117,10,169,0,46,129,10,185,82,0,82,267
04/11/2003,SIG,PR,ASO,ES,Federal Contract Tower,0,6,23,1,30,0,41,77,1,119,0,47,100,2,149,82,0,82,231
04/12/2003,SIG,PR,ASO,ES,Federal Contract Tower,0,3,17,2,22,0,54,150,6,210,0,57,167,8,232,158,0,158,390
04/13/2003,SIG,PR,ASO,ES,Federal Contract Tower,0,4,11,1,16,0,40,122,1,163,0,44,133,2,179,52,0,52,231
04/14/2003,SIG,PR,ASO,ES,Federal Contract Tower,0,4,5,0,9,0,29,106,6,141,0,33,111,6,150,74,8,82,232
04/15/2003,SIG,PR,ASO,ES,Federal Contract Tower,0,4,22,2,28,0,39,159,6,204,0,43,181,8,232,182,0,182,414
04/16/2003,SIG,PR,ASO,ES,Federal Contract Tower,0,4,29,1,34,0,63,138,5,206,0,67,167,6,240,174,0,174,414
04/17/2003,SIG,PR,ASO,ES,Federal Contract Tower,0,6,21,2,29,0,17,44,1,62,0,23,65,3,91,30,0,30,121
04/18/2003,SIG,PR,ASO,ES,Federal Contract Tower,0,4,8,2,14,0,23,44,5,72,0,27,52,7,86,22,0,22,108
04/19/2003,SIG,PR,ASO,ES,Federal Contract Tower,0,3,12,0,15,0,35,116,7,158,0,38,128,7,173,48,0,48,221
04/20/2003,SIG,PR,ASO,ES,Federal Contract Tower,0,4,20,0,24,0,16,44,0,60,0,20,64,0,84,40,0,40,124
04/21/2003,SIG,PR,ASO,ES,Federal Contract Tower,0,4,26,3,33,0,36,105,7,148,0,40,131,10,181,162,0,162,343
04/22/2003,SIG,PR,ASO,ES,Federal Contract Tower,0,4,28,2,34,0,27,90,3,120,0,31,118,5,154,184,0,184,338
04/23/2003,SIG,PR,ASO,ES,Federal Contract Tower,0,4,26,2,32,0,50,139,5,194,0,54,165,7,226,160,0,160,386
04/24/2003,SIG,PR,ASO,ES,Federal Contract Tower,0,4,10,5,19,0,33,125,1,159,0,37,135,6,178,146,0,146,324
04/25/2003,SIG,PR,ASO,ES,Federal Contract Tower,0,4,21,1,26,0,36,158,2,196,0,40,179,3,222,216,0,216,438
04/26/2003,SIG,PR,ASO,ES,Federal Contract Tower,0,4,10,0,14,0,28,160,1,189,0,32,170,1,203,144,0,144,347
04/27/2003,SIG,PR,ASO,ES,Federal Contract Tower,0,4,18,2,24,0,46,163,1,210,0,50,181,3,234,124,0,124,358
04/28/2003,SIG,PR,ASO,ES,Federal Contract Tower,0,4,9,1,14,0,53,182,5,240,0,57,191,6,254,160,0,160,414
04/29/2003,SIG,PR,ASO,ES,Federal Contract Tower,0,3,10,2,15,0,52,148,1,201,0,55,158,3,216,164,0,164,380
04/30/2003,SIG,PR,ASO,ES,Federal Contract Tower,0,4,5,0,9,0,57,174,11,242,0,61,179,11,251,156,0,156,407
05/01/2003,SIG,PR,ASO,ES,Federal Contract Tower,0,5,16,3,24,0,40,168,0,208,0,45,184,3,232,116,0,116,348
05/02/2003,SIG,PR,ASO,ES,Federal Contract Tower,0,3,19,0,22,0,38,184,0,222,0,41,203,0,244,104,0,104,348
05/03/2003,SIG,PR,ASO,ES,Federal Contract Tower,0,4,9,1,14,0,47,162,39,248,0,51,171,40,262,196,0,196,458
05/04/2003,SIG,PR,ASO,ES,Federal Contract Tower,0,4,21,0,25,0,55,135,5,195,0,59,156,5,220,92,0,92,312
05/05/2003,SIG,PR,ASO,ES,Federal Contract Tower,0,4,6,0,10,0,43,114,1,158,0,47,120,1,168,96,0,96,264
05/06/2003,SIG,PR,ASO,ES,Federal Contract Tower,0,4,8,0,12,0,38,119,2,159,0,42,127,2,171,192,0,192,363
05/07/2003,SIG,PR,ASO,ES,Federal Contract Tower,0,4,13,2,19,0,45,161,1,207,0,49,174,3,226,142,0,142,368
05/08/2003,SIG,PR,ASO,ES,Federal Contract Tower,0,4,10,0,14,0,33,153,8,194,0,37,163,8,208,102,0,102,310
05/09/2003,SIG,PR,ASO,ES,Federal Contract Tower,0,4,8,2,14,0,37,122,2,161,0,41,130,4,175,44,0,44,219
05/10/2003,SIG,PR,ASO,ES,Federal Contract Tower,0,8,6,0,14,0,38,152,2,192,0,46,158,2,206,104,0,104,310
05/11/2003,SIG,PR,ASO,ES,Federal Contract Tower,0,4,9,0,13,0,31,84,0,115,0,35,93,0,128,0,0,0,128
05/12/2003,SIG,PR,ASO,ES,Federal Contract Tower,0,4,9,3,16,0,50,123,0,173,0,54,132,3,189,158,0,158,347
05/13/2003,SIG,PR,ASO,ES,Federal Contract Tower,0,4,9,0,13,0,40,135,0,175,0,44,144,0,188,118,8,126,314
05/14/2003,SIG,PR,ASO,ES,Federal Contract Tower,0,4,25,2,31,0,43,103,4,150,0,47,128,6,181,102,0,102,283
05/15/2003,SIG,PR,ASO,ES,Federal Contract Tower,0,4,13,1,18,0,41,150,12,203,0,45,163,13,221,116,2,118,339
05/16/2003,SIG,PR,ASO,ES,Federal Contract Tower,0,4,14,1,19,0,43,163,11,217,0,47,177,12,236,164,0,164,400
05/17/2003,SIG,PR,ASO,ES,Federal Contract Tower,0,4,3,2,9,0,33,158,12,203,0,37,161,14,212,144,0,144,356
05/18/2003,SIG,PR,ASO,ES,Federal Contract Tower,0,4,19,0,23,0,27,134,0,161,0,31,153,0,184,58,0,58,242
05/19/2003,SIG,PR,ASO,ES,Federal Contract Tower,0,4,10,4,18,0,44,125,0,169,0,48,135,4,187,98,0,98,285
05/20/2003,SIG,PR,ASO,ES,Federal Contract Tower,0,2,5,3,10,0,42,138,3,183,0,44,143,6,193,150,0,150,343
05/21/2003,SIG,PR,ASO,ES,Federal Contract Tower,0,4,10,3,17,0,42,106,9,157,0,46,116,12,174,140,0,140,314
05/22/2003,SIG,PR,ASO,ES,Federal Contract Tower,0,4,14,4,22,0,39,131,0,170,0,43,145,4,192,202,0,202,394
05/23/2003,SIG,PR,ASO,ES,Federal Contract Tower,0,4,21,7,32,0,50,173,2,225,0,54,194,9,257,180,0,180,437
05/24/2003,SIG,PR,ASO,ES,Federal Contract Tower,0,4,8,0,12,0,37,170,0,207,0,41,178,0,219,174,0,174,393
05/25/2003,SIG,PR,ASO,ES,Federal Contract Tower,0,4,5,0,9,0,34,118,0,152,0,38,123,0,161,54,0,54,215
05/26/2003,SIG,PR,ASO,ES,Federal Contract Tower,0,4,12,0,16,0,54,169,11,234,0,58,181,11,250,134,0,134,384
05/27/2003,SIG,PR,ASO,ES,Federal Contract Tower,0,4,9,0,13,0,37,128,8,173,0,41,137,8,186,176,0,176,362
05/28/2003,SIG,PR,ASO,ES,Federal Contract Tower,0,4,8,2,14,0,38,132,11,181,0,42,140,13,195,154,0,154,349
05/29/2003,SIG,PR,ASO,ES,Federal Contract Tower,0,4,12,1,17,0,30,125,5,160,0,34,137,6,177,158,0,158,335
05/30/2003,SIG,PR,ASO,ES,Federal Contract Tower,0,4,19,2,25,0,43,161,6,210,0,47,180,8,235,62,0,62,297
05/31/2003,SIG,PR,ASO,ES,Federal Contract Tower,0,4,10,0,14,0,31,116,10,157,0,35,126,10,171,86,0,86,257
06/01/2003,SIG,PR,ASO,ES,Federal Contract Tower,0,4,17,2,23,0,29,123,0,152,0,33,140,2,175,76,6,82,257
06/02/2003,SIG,PR,ASO,ES,Federal Contract Tower,0,4,12,3,19,0,34,138,9,181,0,38,150,12,200,122,4,126,326
06/03/2003,SIG,PR,ASO,ES,Federal Contract Tower,0,4,8,4,16,0,32,108,8,148,0,36,116,12,164,96,0,96,260
06/04/2003,SIG,PR,ASO,ES,Federal Contract Tower,0,4,14,3,21,0,37,154,11,202,0,41,168,14,223,148,0,148,371
06/05/2003,SIG,PR,ASO,ES,Federal Contract Tower,0,4,13,0,17,0,52,171,2,225,0,56,184,2,242,150,0,150,392
06/06/2003,SIG,PR,ASO,ES,Federal Contract Tower,0,4,21,0,25,0,53,141,12,206,0,57,162,12,231,132,0,132,363
06/07/2003,SIG,PR,ASO,ES,Federal Contract Tower,0,4,20,2,26,0,31,140,5,176,0,35,160,7,202,108,0,108,310
06/08/2003,SIG,PR,ASO,ES,Federal Contract Tower,0,4,19,1,24,0,44,144,1,189,0,48,163,2,213,158,0,158,371
06/09/2003,SIG,PR,ASO,ES,Federal Contract Tower,0,4,17,4,25,0,54,130,1,185,0,58,147,5,210,98,0,98,308
06/10/2003,SIG,PR,ASO,ES,Federal Contract Tower,0,4,12,8,24,0,37,197,13,247,0,41,209,21,271,154,4,158,429
06/11/2003,SIG,PR,ASO,ES,Federal Contract Tower,0,4,13,6,23,0,31,93,8,132,0,35,106,14,155,98,0,98,253
06/12/2003,SIG,PR,ASO,ES,Federal Contract Tower,0,4,18,6,28,0,47,135,1,183,0,51,153,7,211,126,0,126,337
06/13/2003,SIG,PR,ASO,ES,Federal Contract Tower,0,4,21,3,28,0,55,153,21,229,0,59,174,24,257,164,0,164,421
06/14/2003,SIG,PR,ASO,ES,Federal Contract Tower,0,4,12,1,17,0,45,166,5,216,0,49,178,6,233,144,0,144,377
06/15/2003,SIG,PR,ASO,ES,Federal Contract Tower,0,4,20,1,25,0,20,68,0,88,0,24,88,1,113,30,0,30,143
06/16/2003,SIG,PR,ASO,ES,Federal Contract Tower,0,4,15,1,20,0,41,118,5,164,0,45,133,6,184,128,0,128,312
06/17/2003,SIG,PR,ASO,ES,Federal Contract Tower,0,4,5,5,14,0,38,113,4,155,0,42,118,9,169,106,0,106,275
06/18/2003,SIG,PR,ASO,ES,Federal Contract Tower,0,4,8,2,14,0,41,130,4,175,0,45,138,6,189,84,0,84,273
06/19/2003,SIG,PR,ASO,ES,Federal Contract Tower,0,4,19,2,25,0,45,109,7,161,0,49,128,9,186,108,0,108,294
06/20/2003,SIG,PR,ASO,ES,Federal Contract Tower,0,4,17,0,21,0,37,158,21,216,0,41,175,21,237,138,0,138,375
06/21/2003,SIG,PR,ASO,ES,Federal Contract Tower,0,4,11,0,15,0,29,138,0,167,0,33,149,0,182,160,0,160,342
06/22/2003,SIG,PR,ASO,ES,Federal Contract Tower,0,4,22,0,26,0,35,123,2,160,0,39,145,2,186,128,0,128,314
06/23/2003,SIG,PR,ASO,ES,Federal Contract Tower,0,4,13,2,19,0,40,113,21,174,0,44,126,23,193,112,0,112,305
06/24/2003,SIG,PR,ASO,ES,Federal Contract Tower,0,4,10,0,14,0,33,136,0,169,0,37,146,0,183,86,0,86,269
06/25/2003,SIG,PR,ASO,ES,Federal Contract Tower,0,4,12,2,18,0,39,161,15,215,0,43,173,17,233,138,6,144,377
06/26/2003,SIG,PR,ASO,ES,Federal Contract Tower,0,4,20,0,24,0,45,125,5,175,0,49,145,5,199,132,0,132,331
06/27/2003,SIG,PR,ASO,ES,Federal Contract Tower,0,4,12,1,17,0,51,178,11,240,0,55,190,12,257,112,0,112,369
06/28/2003,SIG,PR,ASO,ES,Federal Contract Tower,0,4,6,0,10,0,37,199,5,241,0,41,205,5,251,202,0,202,453
06/29/2003,SIG,PR,ASO,ES,Federal Contract Tower,0,4,16,0,20,0,40,136,2,178,0,44,152,2,198,118,0,118,316
06/30/2003,SIG,PR,ASO,ES,Federal Contract Tower,0,4,15,0,19,0,42,153,1,196,0,46,168,1,215,148,0,148,363
07/01/2003,SIG,PR,ASO,ES,Federal Contract Tower,0,6,6,2,14,0,45,155,5,205,0,51,161,7,219,154,0,154,373
07/02/2003,SIG,PR,ASO,ES,Federal Contract Tower,0,8,12,2,22,0,39,156,14,209,0,47,168,16,231,170,10,180,411
07/03/2003,SIG,PR,ASO,ES,Federal Contract Tower,0,6,27,7,40,0,56,143,16,215,0,62,170,23,255,110,0,110,365
07/04/2003,SIG,PR,ASO,ES,Federal Contract Tower,0,6,18,0,24,0,49,158,13,220,0,55,176,13,244,162,0,162,406
07/05/2003,SIG,PR,ASO,ES,Federal Contract Tower,0,5,5,0,10,0,27,148,3,178,0,32,153,3,188,148,2,150,338
07/06/2003,SIG,PR,ASO,ES,Federal Contract Tower,0,12,15,0,27,0,34,144,2,180,0,46,159,2,207,86,0,86,293
07/07/2003,SIG,PR,ASO,ES,Federal Contract Tower,0,5,23,0,28,0,39,114,0,153,0,44,137,0,181,96,0,96,277
07/08/2003,SIG,PR,ASO,ES,Federal Contract Tower,0,5,8,1,14,0,23,94,1,118,0,28,102,2,132,46,0,46,178
07/09/2003,SIG,PR,ASO,ES,Federal Contract Tower,0,5,3,0,8,0,25,110,14,149,0,30,113,14,157,100,6,106,263
07/10/2003,SIG,PR,ASO,ES,Federal Contract Tower,0,5,17,3,25,0,41,150,1,192,0,46,167,4,217,182,0,182,399
07/11/2003,SIG,PR,ASO,ES,Federal Contract Tower,0,5,22,0,27,0,43,154,5,202,0,48,176,5,229,176,0,176,405
07/12/2003,SIG,PR,ASO,ES,Federal Contract Tower,0,5,5,0,10,0,46,183,0,229,0,51,188,0,239,178,0,178,417
07/13/2003,SIG,PR,ASO,ES,Federal Contract Tower,0,14,6,0,20,0,19,88,0,107,0,33,94,0,127,58,0,58,185
07/14/2003,SIG,PR,ASO,ES,Federal Contract Tower,0,16,22,1,39,0,37,150,5,192,0,53,172,6,231,158,0,158,389
07/15/2003,SIG,PR,ASO,ES,Federal Contract Tower,0,5,15,1,21,0,39,149,0,188,0,44,164,1,209,158,0,158,367
07/16/2003,SIG,PR,ASO,ES,Federal Contract Tower,0,5,8,0,13,0,37,82,5,124,0,42,90,5,137,114,0,114,251
07/17/2003,SIG,PR,ASO,ES,Federal Contract Tower,0,6,24,0,30,0,49,124,11,184,0,55,148,11,214,158,0,158,372
07/18/2003,SIG,PR,ASO,ES,Federal Contract Tower,0,7,37,0,44,0,53,129,0,182,0,60,166,0,226,174,0,174,400
07/19/2003,SIG,PR,ASO,ES,Federal Contract Tower,0,11,7,0,18,0,29,147,0,176,0,40,154,0,194,188,0,188,382
07/20/2003,SIG,PR,ASO,ES,Federal Contract Tower,0,12,4,0,16,0,31,121,3,155,0,43,125,3,171,116,0,116,287
07/21/2003,SIG,PR,ASO,ES,Federal Contract Tower,0,12,21,1,34,0,50,134,2,186,0,62,155,3,220,130,0,130,350
07/22/2003,SIG,PR,ASO,ES,Federal Contract Tower,0,5,11,0,16,0,30,36,2,68,0,35,47,2,84,28,0,28,112
07/23/2003,SIG,PR,ASO,ES,Federal Contract Tower,0,5,13,1,19,0,40,125,2,167,0,45,138,3,186,78,0,78,264
07/24/2003,SIG,PR,ASO,ES,Federal Contract Tower,0,9,41,1,51,0,54,125,1,180,0,63,166,2,231,182,0,182,413
07/25/2003,SIG,PR,ASO,ES,Federal Contract Tower,0,13,20,0,33,0,38,142,6,186,0,51,162,6,219,156,0,156,375
07/26/2003,SIG,PR,ASO,ES,Federal Contract Tower,0,9,2,1,12,0,33,160,0,193,0,42,162,1,205,196,0,196,401
07/27/2003,SIG,PR,ASO,ES,Federal Contract Tower,0,14,20,0,34,0,42,175,0,217,0,56,195,0,251,190,0,190,441
07/28/2003,SIG,PR,ASO,ES,Federal Contract Tower,0,19,20,0,39,0,41,133,0,174,0,60,153,0,213,108,0,108,321
07/29/2003,SIG,PR,ASO,ES,Federal Contract Tower,0,5,8,0,13,0,43,151,0,194,0,48,159,0,207,167,0,167,374
07/30/2003,SIG,PR,ASO,ES,Federal Contract Tower,0,6,4,1,11,0,57,122,11,190,0,63,126,12,201,96,0,96,297
07/31/2003,SIG,PR,ASO,ES,Federal Contract Tower,0,5,19,0,24,0,50,144,4,198,0,55,163,4,222,150,0,150,372
08/01/2003,SIG,PR,ASO,ES,Federal Contract Tower,0,3,14,0,17,0,37,95,0,132,0,40,109,0,149,116,0,116,265
08/02/2003,SIG,PR,ASO,ES,Federal Contract Tower,0,7,6,0,13,0,27,107,0,134,0,34,113,0,147,122,0,122,269
08/03/2003,SIG,PR,ASO,ES,Federal Contract Tower,0,4,20,0,24,0,27,98,0,125,0,31,118,0,149,116,0,116,265
08/04/2003,SIG,PR,ASO,ES,Federal Contract Tower,0,11,7,1,19,0,38,102,4,144,0,49,109,5,163,104,0,104,267
08/05/2003,SIG,PR,ASO,ES,Federal Contract Tower,0,4,11,0,15,0,40,126,0,166,0,44,137,0,181,136,0,136,317
08/06/2003,SIG,PR,ASO,ES,Federal Contract Tower,0,4,22,0,26,0,34,53,7,94,0,38,75,7,120,32,0,32,152
08/07/2003,SIG,PR,ASO,ES,Federal Contract Tower,0,4,11,0,15,0,53,138,6,197,0,57,149,6,212,152,0,152,364
08/08/2003,SIG,PR,ASO,ES,Federal Contract Tower,0,4,20,1,25,0,60,166,5,231,0,64,186,6,256,134,0,134,390
08/09/2003,SIG,PR,ASO,ES,Federal Contract Tower,0,4,15,0,19,0,30,135,7,172,0,34,150,7,191,126,0,126,317
08/10/2003,SIG,PR,ASO,ES,Federal Contract Tower,0,4,23,1,28,0,37,109,2,148,0,41,132,3,176,96,0,96,272
08/11/2003,SIG,PR,ASO,ES,Federal Contract Tower,0,7,5,0,12,0,38,117,4,159,0,45,122,4,171,102,4,106,277
08/12/2003,SIG,PR,ASO,ES,Federal Contract Tower,0,4,4,0,8,0,26,144,0,170,0,30,148,0,178,159,0,159,337
08/13/2003,SIG,PR,ASO,ES,Federal Contract Tower,0,4,4,1,9,0,35,156,7,198,0,39,160,8,207,199,0,199,406
08/14/2003,SIG,PR,ASO,ES,Federal Contract Tower,0,4,7,0,11,0,50,141,9,200,0,54,148,9,211,158,2,160,371
08/15/2003,SIG,PR,ASO,ES,Federal Contract Tower,0,4,21,0,25,0,39,110,0,149,0,43,131,0,174,88,0,88,262
08/16/2003,SIG,PR,ASO,ES,Federal Contract Tower,0,4,8,0,12,0,27,162,15,204,0,31,170,15,216,180,8,188,404
08/17/2003,SIG,PR,ASO,ES,Federal Contract Tower,0,6,18,0,24,0,23,122,0,145,0,29,140,0,169,218,0,218,387
08/18/2003,SIG,PR,ASO,ES,Federal Contract Tower,0,5,12,1,18,0,27,71,2,100,0,32,83,3,118,98,0,98,216
08/19/2003,SIG,PR,ASO,ES,Federal Contract Tower,0,4,14,1,19,0,41,126,0,167,0,45,140,1,186,176,0,176,362
08/20/2003,SIG,PR,ASO,ES,Federal Contract Tower,0,4,11,0,15,0,30,144,4,178,0,34,155,4,193,120,0,120,313
08/21/2003,SIG,PR,ASO,ES,Federal Contract Tower,0,4,23,1,28,0,36,71,1,108,0,40,94,2,136,90,0,90,226
08/22/2003,SIG,PR,ASO,ES,Federal Contract Tower,0,4,15,0,19,0,33,53,1,87,0,37,68,1,106,30,0,30,136
08/23/2003,SIG,PR,ASO,ES,Federal Contract Tower,0,0,3,0,3,0,1,92,0,93,0,1,95,0,96,104,0,104,200
08/24/2003,SIG,PR,ASO,ES,Federal Contract Tower,0,0,0,0,0,0,6,28,0,34,0,6,28,0,34,0,0,0,34
08/25/2003,SIG,PR,ASO,ES,Federal Contract Tower,0,3,22,0,25,0,18,74,10,102,0,21,96,10,127,88,22,110,237
08/26/2003,SIG,PR,ASO,ES,Federal Contract Tower,0,4,8,1,13,0,41,93,8,142,0,45,101,9,155,94,0,94,249
08/27/2003,SIG,PR,ASO,ES,Federal Contract Tower,0,4,7,0,11,0,47,135,8,190,0,51,142,8,201,120,0,120,321
08/28/2003,SIG,PR,ASO,ES,Federal Contract Tower,0,6,14,2,22,0,21,102,1,124,0,27,116,3,146,86,0,86,232
08/29/2003,SIG,PR,ASO,ES,Federal Contract Tower,0,5,28,0,33,0,40,139,0,179,0,45,167,0,212,134,0,134,346
08/30/2003,SIG,PR,ASO,ES,Federal Contract Tower,0,13,7,0,20,0,32,159,0,191,0,45,166,0,211,172,0,172,383
08/31/2003,SIG,PR,ASO,ES,Federal Contract Tower,0,4,9,0,13,0,40,79,0,119,0,44,88,0,132,86,0,86,218
09/01/2003,SIG,PR,ASO,ES,Federal Contract Tower,0,14,28,0,42,0,54,153,0,207,0,68,181,0,249,172,0,172,421
09/02/2003,SIG,PR,ASO,ES,Federal Contract Tower,0,5,20,0,25,0,49,116,0,165,0,54,136,0,190,128,0,128,318
09/03/2003,SIG,PR,ASO,ES,Federal Contract Tower,0,4,15,0,19,0,38,126,0,164,0,42,141,0,183,154,2,156,339
09/04/2003,SIG,PR,ASO,ES,Federal Contract Tower,0,4,9,0,13,0,33,99,5,137,0,37,108,5,150,70,0,70,220
09/05/2003,SIG,PR,ASO,ES,Federal Contract Tower,0,4,13,0,17,0,40,157,14,211,0,44,170,14,228,110,0,110,338
09/06/2003,SIG,PR,ASO,ES,Federal Contract Tower,0,4,8,0,12,0,31,169,3,203,0,35,177,3,215,146,2,148,363
09/07/2003,SIG,PR,ASO,ES,Federal Contract Tower,0,4,13,3,20,0,37,91,1,129,0,41,104,4,149,74,0,74,223
09/08/2003,SIG,PR,ASO,ES,Federal Contract Tower,0,4,18,3,25,0,40,109,2,151,0,44,127,5,176,134,0,134,310
09/09/2003,SIG,PR,ASO,ES,Federal Contract Tower,0,4,13,0,17,0,46,138,12,196,0,50,151,12,213,150,0,150,363
09/10/2003,SIG,PR,ASO,ES,Federal Contract Tower,0,5,8,2,15,0,45,169,12,226,0,50,177,14,241,242,10,252,493
09/11/2003,SIG,PR,ASO,ES,Federal Contract Tower,0,4,22,0,26,0,44,160,10,214,0,48,182,10,240,206,10,216,456
09/12/2003,SIG,PR,ASO,ES,Federal Contract Tower,0,4,14,1,19,0,28,152,9,189,0,32,166,10,208,184,0,184,392
09/13/2003,SIG,PR,ASO,ES,Federal Contract Tower,0,4,7,0,11,0,35,163,1,199,0,39,170,1,210,232,0,232,442
09/14/2003,SIG,PR,ASO,ES,Federal Contract Tower,0,4,2,0,6,0,30,107,0,137,0,34,109,0,143,96,0,96,239
09/15/2003,SIG,PR,ASO,ES,Federal Contract Tower,0,4,5,1,10,0,35,122,12,169,0,39,127,13,179,106,0,106,285
09/16/2003,SIG,PR,ASO,ES,Federal Contract Tower,0,4,11,1,16,0,45,132,5,182,0,49,143,6,198,102,0,102,300
09/17/2003,SIG,PR,ASO,ES,Federal Contract Tower,0,3,9,0,12,0,48,163,13,224,0,51,172,13,236,156,0,156,392
09/18/2003,SIG,PR,ASO,ES,Federal Contract Tower,0,4,8,0,12,0,35,149,3,187,0,39,157,3,199,162,0,162,361
09/19/2003,SIG,PR,ASO,ES,Federal Contract Tower,0,4,27,0,31,0,52,156,7,215,0,56,183,7,246,168,0,168,414
09/20/2003,SIG,PR,ASO,ES,Federal Contract Tower,0,4,8,0,12,0,21,114,0,135,0,25,122,0,147,128,0,128,275
09/21/2003,SIG,PR,ASO,ES,Federal Contract Tower,0,4,12,1,17,0,22,89,1,112,0,26,101,2,129,132,0,132,261
09/22/2003,SIG,PR,ASO,ES,Federal Contract Tower,0,4,12,0,16,0,41,107,9,157,0,45,119,9,173,30,0,30,203
09/23/2003,SIG,PR,ASO,ES,Federal Contract Tower,0,4,6,0,10,0,37,94,11,142,0,41,100,11,152,104,0,104,256
09/24/2003,SIG,PR,ASO,ES,Federal Contract Tower,0,4,14,0,18,0,53,141,7,201,0,57,155,7,219,162,6,168,387
09/25/2003,SIG,PR,ASO,ES,Federal Contract Tower,0,4,15,0,19,0,40,147,9,196,0,44,162,9,215,172,14,186,401
09/26/2003,SIG,PR,ASO,ES,Federal Contract Tower,0,4,15,0,19,0,33,136,9,178,0,37,151,9,197,152,0,152,349
09/27/2003,SIG,PR,ASO,ES,Federal Contract Tower,0,5,8,0,13,0,40,173,0,213,0,45,181,0,226,174,0,174,400
09/28/2003,SIG,PR,ASO,ES,Federal Contract Tower,0,4,13,0,17,0,31,137,0,168,0,35,150,0,185,136,0,136,321
09/29/2003,SIG,PR,ASO,ES,Federal Contract Tower,0,4,9,0,13,0,54,141,4,199,0,58,150,4,212,144,0,144,356
09/30/2003,SIG,PR,ASO,ES,Federal Contract Tower,0,4,9,0,13,0,42,160,2,204,0,46,169,2,217,184,0,184,401
10/01/2003,SIG,PR,ASO,ES,Federal Contract Tower,0,4,9,0,13,0,47,136,8,191,0,51,145,8,204,132,0,132,336
10/02/2003,SIG,PR,ASO,ES,Federal Contract Tower,0,4,10,0,14,0,41,141,4,186,0,45,151,4,200,166,0,166,366
10/03/2003,SIG,PR,ASO,ES,Federal Contract Tower,0,6,14,0,20,0,40,176,5,221,0,46,190,5,241,326,0,326,567
10/04/2003,SIG,PR,ASO,ES,Federal Contract Tower,0,4,10,0,14,0,35,150,0,185,0,39,160,0,199,232,0,232,431
10/05/2003,SIG,PR,ASO,ES,Federal Contract Tower,0,5,14,0,19,0,33,110,0,143,0,38,124,0,162,138,0,138,300
10/06/2003,SIG,PR,ASO,ES,Federal Contract Tower,0,3,8,0,11,0,50,139,8,197,0,53,147,8,208,140,0,140,348
10/07/2003,SIG,PR,ASO,ES,Federal Contract Tower,0,3,8,0,11,0,43,112,8,163,0,46,120,8,174,166,0,166,340
10/08/2003,SIG,PR,ASO,ES,Federal Contract Tower,0,4,11,0,15,0,40,146,0,186,0,44,157,0,201,186,0,186,387
10/09/2003,SIG,PR,ASO,ES,Federal Contract Tower,0,7,20,1,28,0,34,71,8,113,0,41,91,9,141,106,0,106,247
10/10/2003,SIG,PR,ASO,ES,Federal Contract Tower,0,8,24,1,33,0,26,10,3,39,0,34,34,4,72,0,0,0,72
10/11/2003,SIG,PR,ASO,ES,Federal Contract Tower,0,3,9,0,12,0,50,163,0,213,0,53,172,0,225,176,0,176,401
10/12/2003,SIG,PR,ASO,ES,Federal Contract Tower,0,3,9,0,12,0,36,135,0,171,0,39,144,0,183,146,0,146,329
10/13/2003,SIG,PR,ASO,ES,Federal Contract Tower,0,7,22,0,29,0,47,143,0,190,0,54,165,0,219,218,0,218,437
10/14/2003,SIG,PR,ASO,ES,Federal Contract Tower,0,3,9,0,12,0,44,127,4,175,0,47,136,4,187,176,12,188,375
10/15/2003,SIG,PR,ASO,ES,Federal Contract Tower,0,4,12,0,16,0,46,156,5,207,0,50,168,5,223,224,0,224,447
10/16/2003,SIG,PR,ASO,ES,Federal Contract Tower,0,3,9,0,12,0,41,94,2,137,0,44,103,2,149,138,0,138,287
10/17/2003,SIG,PR,ASO,ES,Federal Contract Tower,0,5,18,0,23,0,44,145,4,193,0,49,163,4,216,208,0,208,424
10/18/2003,SIG,PR,ASO,ES,Federal Contract Tower,0,2,7,0,9,0,35,105,10,150,0,37,112,10,159,104,0,104,263
10/19/2003,SIG,PR,ASO,ES,Federal Contract Tower,0,3,11,0,14,0,33,121,22,176,0,36,132,22,190,238,0,238,428
10/20/2003,SIG,PR,ASO,ES,Federal Contract Tower,0,5,18,0,23,0,47,120,11,178,0,52,138,11,201,116,2,118,319
10/21/2003,SIG,PR,ASO,ES,Federal Contract Tower,0,3,9,0,12,0,43,128,8,179,0,46,137,8,191,116,0,116,307
10/22/2003,SIG,PR,ASO,ES,Federal Contract Tower,0,3,10,0,13,0,58,179,10,247,0,61,189,10,260,122,0,122,382
10/23/2003,SIG,PR,ASO,ES,Federal Contract Tower,0,5,16,0,21,0,40,119,1,160,0,45,135,1,181,90,0,90,271
10/24/2003,SIG,PR,ASO,ES,Federal Contract Tower,0,0,0,0,0,0,4,29,2,35,0,4,29,2,35,0,0,0,35
10/25/2003,SIG,PR,ASO,ES,Federal Contract Tower,0,0,0,0,0,0,4,97,0,101,0,4,97,0,101,70,0,70,171
10/26/2003,SIG,PR,ASO,ES,Federal Contract Tower,0,0,0,0,0,0,8,61,0,69,0,8,61,0,69,0,0,0,69
10/27/2003,SIG,PR,ASO,ES,Federal Contract Tower,0,3,11,0,14,0,42,137,9,188,0,45,148,9,202,138,0,138,340
10/28/2003,SIG,PR,ASO,ES,Federal Contract Tower,0,5,15,0,20,0,53,147,13,213,0,58,162,13,233,120,0,120,353
10/29/2003,SIG,PR,ASO,ES,Federal Contract Tower,0,2,8,0,10,0,52,122,10,184,0,54,130,10,194,132,4,136,330
10/30/2003,SIG,PR,ASO,ES,Federal Contract Tower,0,3,11,0,14,0,38,136,6,180,0,41,147,6,194,224,0,224,418
10/31/2003,SIG,PR,ASO,ES,Federal Contract Tower,0,5,16,0,21,0,37,81,0,118,0,42,97,0,139,122,0,122,261
11/01/2003,SIG,PR,ASO,ES,Federal Contract Tower,0,7,16,0,23,0,17,105,1,123,0,24,121,1,146,194,0,194,340
11/02/2003,SIG,PR,ASO,ES,Federal Contract Tower,0,7,15,0,22,0,36,112,2,150,0,43,127,2,172,160,0,160,332
11/03/2003,SIG,PR,ASO,ES,Federal Contract Tower,0,3,6,0,9,0,48,120,3,171,0,51,126,3,180,116,0,116,296
11/04/2003,SIG,PR,ASO,ES,Federal Contract Tower,0,4,7,0,11,0,39,138,8,185,0,43,145,8,196,174,0,174,370
11/05/2003,SIG,PR,ASO,ES,Federal Contract Tower,0,5,10,0,15,0,47,174,15,236,0,52,184,15,251,268,0,268,519
11/06/2003,SIG,PR,ASO,ES,Federal Contract Tower,0,5,12,0,17,0,38,114,4,156,0,43,126,4,173,142,0,142,315
11/07/2003,SIG,PR,ASO,ES,Federal Contract Tower,0,9,21,0,30,0,45,133,3,181,0,54,154,3,211,190,0,190,401
11/08/2003,SIG,PR,ASO,ES,Federal Contract Tower,0,2,6,1,9,0,40,176,0,216,0,42,182,1,225,182,0,182,407
11/09/2003,SIG,PR,ASO,ES,Federal Contract Tower,0,5,12,1,18,0,29,76,4,109,0,34,88,5,127,72,0,72,199
11/10/2003,SIG,PR,ASO,ES,Federal Contract Tower,0,4,9,1,14,0,32,106,1,139,0,36,115,2,153,146,0,146,299
11/11/2003,SIG,PR,ASO,ES,Federal Contract Tower,0,2,5,1,8,0,34,100,1,135,0,36,105,2,143,194,0,194,337
11/12/2003,SIG,PR,ASO,ES,Federal Contract Tower,0,5,13,1,19,0,16,67,6,89,0,21,80,7,108,90,0,90,198
11/13/2003,SIG,PR,ASO,ES,Federal Contract Tower,0,3,9,1,13,0,26,62,11,99,0,29,71,12,112,58,2,60,172
11/14/2003,SIG,PR,ASO,ES,Federal Contract Tower,0,3,8,1,12,0,35,113,9,157,0,38,121,10,169,242,2,244,413
11/15/2003,SIG,PR,ASO,ES,Federal Contract Tower,0,2,7,1,10,0,35,145,12,192,0,37,152,13,202,216,0,216,418
11/16/2003,SIG,PR,ASO,ES,Federal Contract Tower,0,3,10,0,13,0,46,113,5,164,0,49,123,5,177,102,0,102,279
11/17/2003,SIG,PR,ASO,ES,Federal Contract Tower,0,5,15,0,20,0,23,32,2,57,0,28,47,2,77,50,0,50,127
11/18/2003,SIG,PR,ASO,ES,Federal Contract Tower,0,3,10,0,13,0,39,148,8,195,0,42,158,8,208,118,0,118,326
11/19/2003,SIG,PR,ASO,ES,Federal Contract Tower,0,5,14,0,19,0,41,178,17,236,0,46,192,17,255,228,4,232,487
11/20/2003,SIG,PR,ASO,ES,Federal Contract Tower,0,5,14,0,19,0,37,155,3,195,0,42,169,3,214,270,0,270,484
11/21/2003,SIG,PR,ASO,ES,Federal Contract Tower,0,8,22,0,30,0,50,144,11,205,0,58,166,11,235,236,0,236,471
11/22/2003,SIG,PR,ASO,ES,Federal Contract Tower,0,8,20,0,28,0,34,118,8,160,0,42,138,8,188,208,0,208,396
11/23/2003,SIG,PR,ASO,ES,Federal Contract Tower,0,5,13,0,18,0,30,112,10,152,0,35,125,10,170,164,0,164,334
11/24/2003,SIG,PR,ASO,ES,Federal Contract Tower,0,3,9,0,12,0,40,104,11,155,0,43,113,11,167,150,0,150,317
11/25/2003,SIG,PR,ASO,ES,Federal Contract Tower,0,4,12,0,16,0,43,167,10,220,0,47,179,10,236,244,0,244,480
11/26/2003,SIG,PR,ASO,ES,Federal Contract Tower,0,8,20,0,28,0,45,166,5,216,0,53,186,5,244,186,0,186,430
11/27/2003,SIG,PR,ASO,ES,Federal Contract Tower,0,2,8,0,10,0,33,47,0,80,0,35,55,0,90,12,0,12,102
11/28/2003,SIG,PR,ASO,ES,Federal Contract Tower,0,3,10,0,13,0,31,156,2,189,0,34,166,2,202,136,0,136,338
11/29/2003,SIG,PR,ASO,ES,Federal Contract Tower,0,2,8,0,10,0,36,105,0,141,0,38,113,0,151,152,0,152,303
11/30/2003,SIG,PR,ASO,ES,Federal Contract Tower,0,10,25,0,35,0,46,147,0,193,0,56,172,0,228,134,0,134,362
12/01/2003,SIG,PR,ASO,ES,Federal Contract Tower,0,4,11,0,15,0,44,128,4,176,0,48,139,4,191,112,0,112,303
12/02/2003,SIG,PR,ASO,ES,Federal Contract Tower,0,4,8,0,12,0,46,130,9,185,0,50,138,9,197,184,0,184,381
12/03/2003,SIG,PR,ASO,ES,Federal Contract Tower,0,4,11,0,15,0,40,146,26,212,0,44,157,26,227,230,0,230,457
12/04/2003,SIG,PR,ASO,ES,Federal Contract Tower,0,4,11,0,15,0,36,130,9,175,0,40,141,9,190,142,0,142,332
12/05/2003,SIG,PR,ASO,ES,Federal Contract Tower,0,6,15,0,21,0,37,161,6,204,0,43,176,6,225,192,0,192,417
12/06/2003,SIG,PR,ASO,ES,Federal Contract Tower,0,3,6,0,9,0,22,41,0,63,0,25,47,0,72,12,0,12,84
12/07/2003,SIG,PR,ASO,ES,Federal Contract Tower,0,6,13,0,19,0,25,67,7,99,0,31,80,7,118,100,10,110,228
12/08/2003,SIG,PR,ASO,ES,Federal Contract Tower,0,5,11,0,16,0,36,50,4,90,0,41,61,4,106,44,0,44,150
12/09/2003,SIG,PR,ASO,ES,Federal Contract Tower,0,2,4,0,6,0,41,122,3,166,0,43,126,3,172,134,0,134,306
12/10/2003,SIG,PR,ASO,ES,Federal Contract Tower,0,2,7,1,10,0,51,143,24,218,0,53,150,25,228,104,0,104,332
12/11/2003,SIG,PR,ASO,ES,Federal Contract Tower,0,3,10,1,14,0,44,167,6,217,0,47,177,7,231,178,0,178,409
12/12/2003,SIG,PR,ASO,ES,Federal Contract Tower,0,6,18,1,25,0,49,154,3,206,0,55,172,4,231,168,0,168,399
12/13/2003,SIG,PR,ASO,ES,Federal Contract Tower,0,4,13,1,18,0,38,198,16,252,0,42,211,17,270,206,0,206,476
12/14/2003,SIG,PR,ASO,ES,Federal Contract Tower,0,6,17,0,23,0,25,113,0,138,0,31,130,0,161,192,0,192,353
12/15/2003,SIG,PR,ASO,ES,Federal Contract Tower,0,3,8,1,12,0,40,136,1,177,0,43,144,2,189,198,0,198,387
12/16/2003,SIG,PR,ASO,ES,Federal Contract Tower,0,3,9,1,13,0,46,150,18,214,0,49,159,19,227,123,0,123,350
12/17/2003,SIG,PR,ASO,ES,Federal Contract Tower,0,4,14,0,18,0,65,162,2,229,0,69,176,2,247,154,0,154,401
12/18/2003,SIG,PR,ASO,ES,Federal Contract Tower,0,5,15,0,20,0,46,178,5,229,0,51,193,5,249,206,0,206,455
12/19/2003,SIG,PR,ASO,ES,Federal Contract Tower,0,7,20,0,27,0,39,157,9,205,0,46,177,9,232,166,0,166,398
12/20/2003,SIG,PR,ASO,ES,Federal Contract Tower,0,5,16,0,21,0,31,139,0,170,0,36,155,0,191,178,0,178,369
12/21/2003,SIG,PR,ASO,ES,Federal Contract Tower,0,4,13,0,17,0,35,178,0,213,0,39,191,0,230,176,0,176,406
12/22/2003,SIG,PR,ASO,ES,Federal Contract Tower,0,5,15,0,20,0,48,151,2,201,0,53,166,2,221,142,0,142,363
12/23/2003,SIG,PR,ASO,ES,Federal Contract Tower,0,2,9,0,11,0,50,136,5,191,0,52,145,5,202,126,0,126,328
12/24/2003,SIG,PR,ASO,ES,Federal Contract Tower,0,1,5,0,6,0,58,103,3,164,0,59,108,3,170,94,0,94,264
12/25/2003,SIG,PR,ASO,ES,Federal Contract Tower,0,1,6,0,7,0,32,61,0,93,0,33,67,0,100,26,0,26,126
12/26/2003,SIG,PR,ASO,ES,Federal Contract Tower,0,7,20,0,27,0,56,180,0,236,0,63,200,0,263,90,0,90,353
12/27/2003,SIG,PR,ASO,ES,Federal Contract Tower,0,4,13,0,17,0,43,138,2,183,0,47,151,2,200,130,0,130,330
12/28/2003,SIG,PR,ASO,ES,Federal Contract Tower,0,7,21,0,28,0,43,111,0,154,0,50,132,0,182,42,0,42,224
12/29/2003,SIG,PR,ASO,ES,Federal Contract Tower,0,3,10,0,13,0,47,117,4,168,0,50,127,4,181,122,0,122,303
12/30/2003,SIG,PR,ASO,ES,Federal Contract Tower,0,6,19,0,25,0,50,140,3,193,0,56,159,3,218,74,0,74,292
12/31/2003,SIG,PR,ASO,ES,Federal Contract Tower,0,2,8,0,10,0,59,86,0,145,0,61,94,0,155,34,0,34,189
01/01/2004,SIG,PR,ASO,ES,Federal Contract Tower,0,3,12,0,15,0,21,16,0,37,0,24,28,0,52,0,0,0,52
01/02/2004,SIG,PR,ASO,ES,Federal Contract Tower,0,6,21,0,27,0,49,98,0,147,0,55,119,0,174,42,0,42,216
01/03/2004,SIG,PR,ASO,ES,Federal Contract Tower,0,4,13,0,17,0,42,113,0,155,0,46,126,0,172,56,0,56,228
01/04/2004,SIG,PR,ASO,ES,Federal Contract Tower,0,4,13,0,17,0,36,110,0,146,0,40,123,0,163,62,0,62,225
01/05/2004,SIG,PR,ASO,ES,Federal Contract Tower,0,4,15,0,19,0,44,124,0,168,0,48,139,0,187,34,0,34,221
01/06/2004,SIG,PR,ASO,ES,Federal Contract Tower,0,4,13,0,17,0,44,43,0,87,0,48,56,0,104,10,0,10,114
01/07/2004,SIG,PR,ASO,ES,Federal Contract Tower,0,4,12,0,16,0,57,136,0,193,0,61,148,0,209,110,0,110,319
01/08/2004,SIG,PR,ASO,ES,Federal Contract Tower,0,2,10,1,13,0,51,138,0,189,0,53,148,1,202,178,0,178,380
01/09/2004,SIG,PR,ASO,ES,Federal Contract Tower,0,3,15,0,18,0,51,106,0,157,0,54,121,0,175,100,0,100,275
01/10/2004,SIG,PR,ASO,ES,Federal Contract Tower,0,3,14,1,18,0,48,146,11,205,0,51,160,12,223,226,0,226,449
01/11/2004,SIG,PR,ASO,ES,Federal Contract Tower,0,6,27,1,34,0,48,78,11,137,0,54,105,12,171,130,2,132,303
01/12/2004,SIG,PR,ASO,ES,Federal Contract Tower,0,4,19,1,24,0,47,142,2,191,0,51,161,3,215,165,0,165,380
01/13/2004,SIG,PR,ASO,ES,Federal Contract Tower,0,3,13,1,17,0,57,151,0,208,0,60,164,1,225,150,0,150,375
01/14/2004,SIG,PR,ASO,ES,Federal Contract Tower,0,3,13,1,17,0,53,151,17,221,0,56,164,18,238,180,0,180,418
01/15/2004,SIG,PR,ASO,ES,Federal Contract Tower,0,3,13,1,17,0,46,137,5,188,0,49,150,6,205,100,5,105,310
01/16/2004,SIG,PR,ASO,ES,Federal Contract Tower,0,3,16,0,19,0,52,170,0,222,0,55,186,0,241,152,0,152,393
01/17/2004,SIG,PR,ASO,ES,Federal Contract Tower,0,2,9,1,12,0,34,169,1,204,0,36,178,2,216,199,0,199,415
01/18/2004,SIG,PR,ASO,ES,Federal Contract Tower,0,2,11,0,13,0,27,109,0,136,0,29,120,0,149,170,0,170,319
01/19/2004,SIG,PR,ASO,ES,Federal Contract Tower,0,4,17,0,21,0,28,77,0,105,0,32,94,0,126,58,0,58,184
01/20/2004,SIG,PR,ASO,ES,Federal Contract Tower,0,2,12,0,14,0,62,166,5,233,0,64,178,5,247,134,0,134,381
01/21/2004,SIG,PR,ASO,ES,Federal Contract Tower,0,2,12,0,14,0,49,140,8,197,0,51,152,8,211,130,0,130,341
01/22/2004,SIG,PR,ASO,ES,Federal Contract Tower,0,4,17,0,21,0,45,130,8,183,0,49,147,8,204,99,0,99,303
01/23/2004,SIG,PR,ASO,ES,Federal Contract Tower,0,3,15,0,18,0,42,116,7,165,0,45,131,7,183,244,0,244,427
01/24/2004,SIG,PR,ASO,ES,Federal Contract Tower,0,1,5,0,6,0,29,132,5,166,0,30,137,5,172,194,0,194,366
01/25/2004,SIG,PR,ASO,ES,Federal Contract Tower,0,0,4,0,4,0,25,83,0,108,0,25,87,0,112,103,1,104,216
01/26/2004,SIG,PR,ASO,ES,Federal Contract Tower,0,3,15,0,18,0,22,99,0,121,0,25,114,0,139,119,0,119,258
01/27/2004,SIG,PR,ASO,ES,Federal Contract Tower,0,0,5,0,5,0,34,123,0,157,0,34,128,0,162,80,0,80,242
01/28/2004,SIG,PR,ASO,ES,Federal Contract Tower,0,2,12,0,14,0,39,193,25,257,0,41,205,25,271,166,7,173,444
01/29/2004,SIG,PR,ASO,ES,Federal Contract Tower,0,1,5,0,6,0,41,148,11,200,0,42,153,11,206,192,0,192,398
01/30/2004,SIG,PR,ASO,ES,Federal Contract Tower,0,2,11,0,13,0,30,124,18,172,0,32,135,18,185,120,0,120,305
01/31/2004,SIG,PR,ASO,ES,Federal Contract Tower,0,2,12,0,14,0,28,154,0,182,0,30,166,0,196,251,0,251,447
02/01/2004,SIG,PR,ASO,ES,Federal Contract Tower,0,0,15,1,16,0,33,120,0,153,0,33,135,1,169,124,0,124,293
02/02/2004,SIG,PR,ASO,ES,Federal Contract Tower,0,0,13,1,14,0,33,168,0,201,0,33,181,1,215,217,0,217,432
02/03/2004,SIG,PR,ASO,ES,Federal Contract Tower,0,0,9,1,10,0,40,142,4,186,0,40,151,5,196,190,0,190,386
02/04/2004,SIG,PR,ASO,ES,Federal Contract Tower,0,0,12,1,13,0,49,160,4,213,0,49,172,5,226,210,0,210,436
02/05/2004,SIG,PR,ASO,ES,Federal Contract Tower,0,0,17,1,18,0,59,138,1,198,0,59,155,2,216,176,0,176,392
02/06/2004,SIG,PR,ASO,ES,Federal Contract Tower,0,0,13,1,14,0,45,101,2,148,0,45,114,3,162,114,0,114,276
02/07/2004,SIG,PR,ASO,ES,Federal Contract Tower,0,0,13,1,14,0,50,177,8,235,0,50,190,9,249,160,0,160,409
02/08/2004,SIG,PR,ASO,ES,Federal Contract Tower,0,0,21,1,22,0,25,112,2,139,0,25,133,3,161,110,6,116,277
02/09/2004,SIG,PR,ASO,ES,Federal Contract Tower,0,0,23,1,24,0,38,141,3,182,0,38,164,4,206,146,0,146,352
02/10/2004,SIG,PR,ASO,ES,Federal Contract Tower,0,0,9,1,10,0,49,188,2,239,0,49,197,3,249,180,0,180,429
02/11/2004,SIG,PR,ASO,ES,Federal Contract Tower,0,0,11,1,12,0,57,163,3,223,0,57,174,4,235,212,4,216,451
02/12/2004,SIG,PR,ASO,ES,Federal Contract Tower,0,0,14,0,14,0,42,133,3,178,0,42,147,3,192,266,0,266,458
02/13/2004,SIG,PR,ASO,ES,Federal Contract Tower,0,0,27,0,27,0,46,192,2,240,0,46,219,2,267,195,0,195,462
02/14/2004,SIG,PR,ASO,ES,Federal Contract Tower,0,0,7,0,7,0,62,178,0,240,0,62,185,0,247,164,0,164,411
02/15/2004,SIG,PR,ASO,ES,Federal Contract Tower,0,0,8,0,8,0,37,106,0,143,0,37,114,0,151,186,0,186,337
02/16/2004,SIG,PR,ASO,ES,Federal Contract Tower,0,0,31,0,31,0,35,131,0,166,0,35,162,0,197,193,0,193,390
02/17/2004,SIG,PR,ASO,ES,Federal Contract Tower,0,0,21,0,21,0,44,110,1,155,0,44,131,1,176,110,0,110,286
02/18/2004,SIG,PR,ASO,ES,Federal Contract Tower,0,0,12,0,12,0,49,165,8,222,0,49,177,8,234,222,0,222,456
02/19/2004,SIG,PR,ASO,ES,Federal Contract Tower,0,0,13,0,13,0,43,154,2,199,0,43,167,2,212,262,20,282,494
02/20/2004,SIG,PR,ASO,ES,Federal Contract Tower,0,0,20,0,20,0,37,151,5,193,0,37,171,5,213,142,16,158,371
02/21/2004,SIG,PR,ASO,ES,Federal Contract Tower,0,0,7,0,7,0,33,96,0,129,0,33,103,0,136,77,0,77,213
02/22/2004,SIG,PR,ASO,ES,Federal Contract Tower,0,0,10,0,10,0,28,125,0,153,0,28,135,0,163,156,0,156,319
02/23/2004,SIG,PR,ASO,ES,Federal Contract Tower,0,0,10,0,10,0,47,131,0,178,0,47,141,0,188,132,0,132,320
02/24/2004,SIG,PR,ASO,ES,Federal Contract Tower,0,0,5,0,5,0,41,184,1,226,0,41,189,1,231,206,12,218,449
02/25/2004,SIG,PR,ASO,ES,Federal Contract Tower,0,0,15,0,15,0,40,157,3,200,0,40,172,3,215,172,0,172,387
02/26/2004,SIG,PR,ASO,ES,Federal Contract Tower,0,0,14,0,14,0,45,165,2,212,0,45,179,2,226,126,10,136,362
02/27/2004,SIG,PR,ASO,ES,Federal Contract Tower,0,0,17,0,17,0,49,179,0,228,0,49,196,0,245,202,0,202,447
02/28/2004,SIG,PR,ASO,ES,Federal Contract Tower,0,0,10,0,10,0,58,185,6,249,0,58,195,6,259,262,0,262,521
02/29/2004,SIG,PR,ASO,ES,Federal Contract Tower,0,0,16,0,16,0,26,72,2,100,0,26,88,2,116,20,4,24,140
03/01/2004,SIG,PR,ASO,ES,Federal Contract Tower,0,1,9,0,10,0,46,138,4,188,0,47,147,4,198,91,0,91,289
03/02/2004,SIG,PR,ASO,ES,Federal Contract Tower,0,1,4,0,5,0,35,64,6,105,0,36,68,6,110,36,0,36,146
03/03/2004,SIG,PR,ASO,ES,Federal Contract Tower,0,1,8,0,9,0,42,147,12,201,0,43,155,12,210,128,0,128,338
03/04/2004,SIG,PR,ASO,ES,Federal Contract Tower,0,0,15,1,16,0,46,117,4,167,0,46,132,5,183,118,2,120,303
03/05/2004,SIG,PR,ASO,ES,Federal Contract Tower,0,0,15,2,17,0,45,159,4,208,0,45,174,6,225,138,0,138,363
03/06/2004,SIG,PR,ASO,ES,Federal Contract Tower,0,0,12,1,13,0,47,152,0,199,0,47,164,1,212,146,0,146,358
03/07/2004,SIG,PR,ASO,ES,Federal Contract Tower,0,0,12,0,12,0,26,135,0,161,0,26,147,0,173,116,0,116,289
03/08/2004,SIG,PR,ASO,ES,Federal Contract Tower,0,0,14,1,15,0,45,124,2,171,0,45,138,3,186,144,0,144,330
03/09/2004,SIG,PR,ASO,ES,Federal Contract Tower,0,0,7,1,8,0,43,136,5,184,0,43,143,6,192,180,2,182,374
03/10/2004,SIG,PR,ASO,ES,Federal Contract Tower,0,0,7,1,8,0,55,167,12,234,0,55,174,13,242,204,0,204,446
03/11/2004,SIG,PR,ASO,ES,Federal Contract Tower,0,0,17,2,19,0,42,183,1,226,0,42,200,3,245,106,0,106,351
03/12/2004,SIG,PR,ASO,ES,Federal Contract Tower,0,0,15,2,17,0,64,180,1,245,0,64,195,3,262,188,0,188,450
03/13/2004,SIG,PR,ASO,ES,Federal Contract Tower,0,0,7,0,7,0,55,167,0,222,0,55,174,0,229,208,0,208,437
03/14/2004,SIG,PR,ASO,ES,Federal Contract Tower,0,0,15,0,15,0,36,128,0,164,0,36,143,0,179,118,0,118,297
03/15/2004,SIG,PR,ASO,ES,Federal Contract Tower,0,0,9,1,10,0,56,124,0,180,0,56,133,1,190,150,0,150,340
03/16/2004,SIG,PR,ASO,ES,Federal Contract Tower,0,0,11,1,12,0,51,159,7,217,0,51,170,8,229,236,0,236,465
03/17/2004,SIG,PR,ASO,ES,Federal Contract Tower,0,0,5,1,6,0,47,134,9,190,0,47,139,10,196,140,0,140,336
03/18/2004,SIG,PR,ASO,ES,Federal Contract Tower,0,0,11,0,11,0,49,72,0,121,0,49,83,0,132,72,0,72,204
03/19/2004,SIG,PR,ASO,ES,Federal Contract Tower,0,0,24,1,25,0,45,160,0,205,0,45,184,1,230,276,0,276,506
03/20/2004,SIG,PR,ASO,ES,Federal Contract Tower,0,0,8,1,9,0,51,166,7,224,0,51,174,8,233,216,0,216,449
03/21/2004,SIG,PR,ASO,ES,Federal Contract Tower,0,0,5,0,5,0,39,121,1,161,0,39,126,1,166,118,0,118,284
03/22/2004,SIG,PR,ASO,ES,Federal Contract Tower,0,0,16,1,17,0,50,170,1,221,0,50,186,2,238,260,0,260,498
03/23/2004,SIG,PR,ASO,ES,Federal Contract Tower,0,0,15,0,15,0,40,199,4,243,0,40,214,4,258,302,0,302,560
03/24/2004,SIG,PR,ASO,ES,Federal Contract Tower,0,0,12,0,12,0,38,89,12,139,0,38,101,12,151,214,0,214,365
03/25/2004,SIG,PR,ASO,ES,Federal Contract Tower,0,0,11,0,11,0,43,138,0,181,0,43,149,0,192,274,0,274,466
03/26/2004,SIG,PR,ASO,ES,Federal Contract Tower,0,0,13,0,13,0,48,154,1,203,0,48,167,1,216,200,0,200,416
03/27/2004,SIG,PR,ASO,ES,Federal Contract Tower,0,0,8,0,8,0,50,136,3,189,0,50,144,3,197,178,0,178,375
03/28/2004,SIG,PR,ASO,ES,Federal Contract Tower,0,0,11,0,11,0,31,104,0,135,0,31,115,0,146,70,14,84,230
03/29/2004,SIG,PR,ASO,ES,Federal Contract Tower,0,0,20,1,21,0,41,167,12,220,0,41,187,13,241,258,0,258,499
03/30/2004,SIG,PR,ASO,ES,Federal Contract Tower,0,0,14,0,14,0,63,161,5,229,0,63,175,5,243,252,4,256,499
03/31/2004,SIG,PR,ASO,ES,Federal Contract Tower,0,0,15,0,15,0,41,208,6,255,0,41,223,6,270,292,0,292,562
04/01/2004,SIG,PR,ASO,ES,Federal Contract Tower,0,1,5,0,6,0,34,151,3,188,0,35,156,3,194,258,0,258,452
04/02/2004,SIG,PR,ASO,ES,Federal Contract Tower,0,1,11,2,14,0,48,146,0,194,0,49,157,2,208,110,0,110,318
04/03/2004,SIG,PR,ASO,ES,Federal Contract Tower,0,1,10,2,13,0,44,122,2,168,0,45,132,4,181,156,0,156,337
04/04/2004,SIG,PR,ASO,ES,Federal Contract Tower,0,2,16,2,20,0,31,64,0,95,0,33,80,2,115,76,0,76,191
04/05/2004,SIG,PR,ASO,ES,Federal Contract Tower,0,1,10,2,13,0,46,155,4,205,0,47,165,6,218,166,0,166,384
04/06/2004,SIG,PR,ASO,ES,Federal Contract Tower,0,1,9,0,10,0,39,161,0,200,0,40,170,0,210,212,0,212,422
04/07/2004,SIG,PR,ASO,ES,Federal Contract Tower,0,3,33,4,40,0,50,188,0,238,0,53,221,4,278,204,0,204,482
04/08/2004,SIG,PR,ASO,ES,Federal Contract Tower,0,1,13,2,16,0,58,182,0,240,0,59,195,2,256,178,0,178,434
04/09/2004,SIG,PR,ASO,ES,Federal Contract Tower,0,1,0,0,1,0,25,56,0,81,0,26,56,0,82,26,0,26,108
04/10/2004,SIG,PR,ASO,ES,Federal Contract Tower,0,1,7,0,8,0,35,154,4,193,0,36,161,4,201,164,4,168,369
04/11/2004,SIG,PR,ASO,ES,Federal Contract Tower,0,2,19,3,24,0,43,185,0,228,0,45,204,3,252,134,0,134,386
04/12/2004,SIG,PR,ASO,ES,Federal Contract Tower,0,2,18,3,23,0,65,137,9,211,0,67,155,12,234,84,15,99,333
04/13/2004,SIG,PR,ASO,ES,Federal Contract Tower,0,2,15,2,19,0,39,134,3,176,0,41,149,5,195,136,0,136,331
04/14/2004,SIG,PR,ASO,ES,Federal Contract Tower,0,1,9,2,12,0,49,178,3,230,0,50,187,5,242,236,0,236,478
04/15/2004,SIG,PR,ASO,ES,Federal Contract Tower,0,1,10,2,13,0,60,187,5,252,0,61,197,7,265,232,0,232,497
04/16/2004,SIG,PR,ASO,ES,Federal Contract Tower,0,2,15,2,19,0,52,221,2,275,0,54,236,4,294,194,0,194,488
04/17/2004,SIG,PR,ASO,ES,Federal Contract Tower,0,1,15,2,18,0,50,164,0,214,0,51,179,2,232,154,0,154,386
04/18/2004,SIG,PR,ASO,ES,Federal Contract Tower,0,0,10,0,10,0,42,141,0,183,0,42,151,0,193,154,0,154,347
04/19/2004,SIG,PR,ASO,ES,Federal Contract Tower,0,0,12,2,14,0,48,104,1,153,0,48,116,3,167,172,16,188,355
04/20/2004,SIG,PR,ASO,ES,Federal Contract Tower,0,1,19,3,23,0,37,108,1,146,0,38,127,4,169,120,0,120,289
04/21/2004,SIG,PR,ASO,ES,Federal Contract Tower,0,1,17,2,20,0,38,159,1,198,0,39,176,3,218,198,0,198,416
04/22/2004,SIG,PR,ASO,ES,Federal Contract Tower,0,1,19,3,23,0,51,176,3,230,0,52,195,6,253,170,2,172,425
04/23/2004,SIG,PR,ASO,ES,Federal Contract Tower,0,1,26,3,30,0,58,172,0,230,0,59,198,3,260,142,0,142,402
04/24/2004,SIG,PR,ASO,ES,Federal Contract Tower,0,0,10,1,11,0,37,133,2,172,0,37,143,3,183,132,0,132,315
04/25/2004,SIG,PR,ASO,ES,Federal Contract Tower,0,0,11,1,12,0,41,170,0,211,0,41,181,1,223,164,0,164,387
04/26/2004,SIG,PR,ASO,ES,Federal Contract Tower,0,1,19,2,22,0,49,121,3,173,0,50,140,5,195,182,0,182,377
04/27/2004,SIG,PR,ASO,ES,Federal Contract Tower,0,1,19,2,22,0,46,150,6,202,0,47,169,8,224,146,0,146,370
04/28/2004,SIG,PR,ASO,ES,Federal Contract Tower,0,0,10,1,11,0,59,183,5,247,0,59,193,6,258,188,0,188,446
04/29/2004,SIG,PR,ASO,ES,Federal Contract Tower,0,0,9,1,10,0,48,160,16,224,0,48,169,17,234,180,0,180,414
04/30/2004,SIG,PR,ASO,ES,Federal Contract Tower,0,0,13,2,15,0,50,164,4,218,0,50,177,6,233,244,0,244,477
05/01/2004,SIG,PR,ASO,ES,Federal Contract Tower,0,1,3,0,4,0,49,150,2,201,0,50,153,2,205,102,0,102,307
05/02/2004,SIG,PR,ASO,ES,Federal Contract Tower,0,1,14,1,16,0,53,181,1,235,0,54,195,2,251,230,0,230,481
05/03/2004,SIG,PR,ASO,ES,Federal Contract Tower,0,1,14,2,17,0,54,139,0,193,0,55,153,2,210,168,0,168,378
05/04/2004,SIG,PR,ASO,ES,Federal Contract Tower,0,1,7,0,8,0,56,64,7,127,0,57,71,7,135,66,0,66,201
05/05/2004,SIG,PR,ASO,ES,Federal Contract Tower,0,1,4,0,5,0,53,168,2,223,0,54,172,2,228,228,0,228,456
05/06/2004,SIG,PR,ASO,ES,Federal Contract Tower,0,1,12,1,14,0,34,130,7,171,0,35,142,8,185,123,0,123,308
05/07/2004,SIG,PR,ASO,ES,Federal Contract Tower,0,1,8,0,9,0,60,215,4,279,0,61,223,4,288,162,0,162,450
05/08/2004,SIG,PR,ASO,ES,Federal Contract Tower,0,1,6,0,7,0,41,153,1,195,0,42,159,1,202,140,0,140,342
05/09/2004,SIG,PR,ASO,ES,Federal Contract Tower,0,1,11,0,12,0,20,36,0,56,0,21,47,0,68,10,0,10,78
05/10/2004,SIG,PR,ASO,ES,Federal Contract Tower,0,1,14,0,15,0,49,129,0,178,0,50,143,0,193,132,0,132,325
05/11/2004,SIG,PR,ASO,ES,Federal Contract Tower,0,1,9,0,10,0,43,127,3,173,0,44,136,3,183,162,0,162,345
05/12/2004,SIG,PR,ASO,ES,Federal Contract Tower,0,1,10,0,11,0,35,70,5,110,0,36,80,5,121,66,0,66,187
05/13/2004,SIG,PR,ASO,ES,Federal Contract Tower,0,1,16,2,19,0,32,80,4,116,0,33,96,6,135,154,0,154,289
05/14/2004,SIG,PR,ASO,ES,Federal Contract Tower,0,1,18,2,21,0,27,64,1,92,0,28,82,3,113,22,0,22,135
05/15/2004,SIG,PR,ASO,ES,Federal Contract Tower,0,0,7,1,8,0,40,87,9,136,0,40,94,10,144,116,0,116,260
05/16/2004,SIG,PR,ASO,ES,Federal Contract Tower,0,0,11,1,12,0,18,96,0,114,0,18,107,1,126,98,0,98,224
05/17/2004,SIG,PR,ASO,ES,Federal Contract Tower,0,0,14,3,17,0,59,157,0,216,0,59,171,3,233,144,0,144,377
05/18/2004,SIG,PR,ASO,ES,Federal Contract Tower,0,0,14,3,17,0,47,188,5,240,0,47,202,8,257,226,0,226,483
05/19/2004,SIG,PR,ASO,ES,Federal Contract Tower,0,0,12,2,14,0,48,126,4,178,0,48,138,6,192,158,10,168,360
05/20/2004,SIG,PR,ASO,ES,Federal Contract Tower,0,0,16,3,19,0,46,82,0,128,0,46,98,3,147,92,0,92,239
05/21/2004,SIG,PR,ASO,ES,Federal Contract Tower,0,1,23,3,27,0,37,90,1,128,0,38,113,4,155,56,0,56,211
05/22/2004,SIG,PR,ASO,ES,Federal Contract Tower,0,0,8,0,8,0,36,122,13,171,0,36,130,13,179,138,0,138,317
05/23/2004,SIG,PR,ASO,ES,Federal Contract Tower,0,0,9,0,9,0,21,36,0,57,0,21,45,0,66,50,0,50,116
05/24/2004,SIG,PR,ASO,ES,Federal Contract Tower,0,1,23,2,26,0,44,147,3,194,0,45,170,5,220,94,10,104,324
05/25/2004,SIG,PR,ASO,ES,Federal Contract Tower,0,0,15,1,16,0,54,179,16,249,0,54,194,17,265,176,0,176,441
05/26/2004,SIG,PR,ASO,ES,Federal Contract Tower,0,0,14,1,15,0,64,182,3,249,0,64,196,4,264,218,0,218,482
05/27/2004,SIG,PR,ASO,ES,Federal Contract Tower,0,1,23,2,26,0,48,158,2,208,0,49,181,4,234,188,0,188,422
05/28/2004,SIG,PR,ASO,ES,Federal Contract Tower,0,1,23,2,26,0,48,210,9,267,0,49,233,11,293,208,0,208,501
05/29/2004,SIG,PR,ASO,ES,Federal Contract Tower,0,0,3,0,3,0,32,217,1,250,0,32,220,1,253,273,0,273,526
05/30/2004,SIG,PR,ASO,ES,Federal Contract Tower,0,0,12,0,12,0,26,111,0,137,0,26,123,0,149,44,0,44,193
05/31/2004,SIG,PR,ASO,ES,Federal Contract Tower,0,1,24,2,27,0,40,163,10,213,0,41,187,12,240,244,0,244,484
06/01/2004,SIG,PR,ASO,ES,Federal Contract Tower,0,2,22,1,25,0,49,176,3,228,0,51,198,4,253,324,0,324,577
06/02/2004,SIG,PR,ASO,ES,Federal Contract Tower,0,1,4,0,5,0,51,152,4,207,0,52,156,4,212,202,0,202,414
06/03/2004,SIG,PR,ASO,ES,Federal Contract Tower,0,1,16,0,17,0,56,189,11,256,0,57,205,11,273,222,0,222,495
06/04/2004,SIG,PR,ASO,ES,Federal Contract Tower,0,1,20,1,22,0,46,168,3,217,0,47,188,4,239,141,0,141,380
06/05/2004,SIG,PR,ASO,ES,Federal Contract Tower,0,1,7,0,8,0,35,135,1,171,0,36,142,1,179,198,0,198,377
06/06/2004,SIG,PR,ASO,ES,Federal Contract Tower,0,1,12,0,13,0,33,123,0,156,0,34,135,0,169,106,0,106,275
06/07/2004,SIG,PR,ASO,ES,Federal Contract Tower,0,2,22,1,25,0,44,88,4,136,0,46,110,5,161,98,0,98,259
06/08/2004,SIG,PR,ASO,ES,Federal Contract Tower,0,1,10,0,11,0,57,145,4,206,0,58,155,4,217,184,0,184,401
06/09/2004,SIG,PR,ASO,ES,Federal Contract Tower,0,1,17,0,18,0,75,208,7,290,0,76,225,7,308,208,0,208,516
06/10/2004,SIG,PR,ASO,ES,Federal Contract Tower,0,1,14,0,15,0,49,136,6,191,0,50,150,6,206,122,0,122,328
06/11/2004,SIG,PR,ASO,ES,Federal Contract Tower,0,2,22,1,25,0,50,139,1,190,0,52,161,2,215,116,0,116,331
06/12/2004,SIG,PR,ASO,ES,Federal Contract Tower,0,1,10,0,11,0,35,137,2,174,0,36,147,2,185,136,0,136,321
06/13/2004,SIG,PR,ASO,ES,Federal Contract Tower,0,1,20,1,22,0,38,156,2,196,0,39,176,3,218,72,18,90,308
06/14/2004,SIG,PR,ASO,ES,Federal Contract Tower,0,1,18,0,19,0,54,124,0,178,0,55,142,0,197,192,0,192,389
06/15/2004,SIG,PR,ASO,ES,Federal Contract Tower,0,1,15,0,16,0,46,151,8,205,0,47,166,8,221,205,0,205,426
06/16/2004,SIG,PR,ASO,ES,Federal Contract Tower,0,0,12,1,13,0,57,134,4,195,0,57,146,5,208,130,0,130,338
06/17/2004,SIG,PR,ASO,ES,Federal Contract Tower,0,0,20,2,22,0,48,101,7,156,0,48,121,9,178,102,10,112,290
06/18/2004,SIG,PR,ASO,ES,Federal Contract Tower,0,0,19,1,20,0,49,189,1,239,0,49,208,2,259,164,0,164,423
06/19/2004,SIG,PR,ASO,ES,Federal Contract Tower,0,0,13,0,13,0,39,179,0,218,0,39,192,0,231,172,0,172,403
06/20/2004,SIG,PR,ASO,ES,Federal Contract Tower,0,0,8,0,8,0,27,37,0,64,0,27,45,0,72,10,0,10,82
06/21/2004,SIG,PR,ASO,ES,Federal Contract Tower,0,0,16,1,17,0,32,64,0,96,0,32,80,1,113,84,0,84,197
06/22/2004,SIG,PR,ASO,ES,Federal Contract Tower,0,0,3,0,3,0,53,177,0,230,0,53,180,0,233,180,0,180,413
06/23/2004,SIG,PR,ASO,ES,Federal Contract Tower,0,0,7,1,8,0,41,174,1,216,0,41,181,2,224,230,0,230,454
06/24/2004,SIG,PR,ASO,ES,Federal Contract Tower,0,0,20,2,22,0,42,205,6,253,0,42,225,8,275,134,0,134,409
06/25/2004,SIG,PR,ASO,ES,Federal Contract Tower,0,0,14,1,15,0,50,184,7,241,0,50,198,8,256,210,0,210,466
06/26/2004,SIG,PR,ASO,ES,Federal Contract Tower,0,0,6,1,7,0,58,198,1,257,0,58,204,2,264,202,0,202,466
06/27/2004,SIG,PR,ASO,ES,Federal Contract Tower,0,1,22,2,25,0,35,142,1,178,0,36,164,3,203,46,0,46,249
06/28/2004,SIG,PR,ASO,ES,Federal Contract Tower,0,0,17,1,18,0,49,139,1,189,0,49,156,2,207,134,0,134,341
06/29/2004,SIG,PR,ASO,ES,Federal Contract Tower,0,0,10,1,11,0,38,125,5,168,0,38,135,6,179,62,0,62,241
06/30/2004,SIG,PR,ASO,ES,Federal Contract Tower,0,0,2,0,2,0,43,160,8,211,0,43,162,8,213,62,0,62,275
07/01/2004,SIG,PR,ASO,ES,Federal Contract Tower,0,0,0,0,0,0,30,128,15,173,0,30,128,15,173,0,0,0,173
07/02/2004,SIG,PR,ASO,ES,Federal Contract Tower,0,0,7,1,8,0,29,103,1,133,0,29,110,2,141,118,0,118,259
07/03/2004,SIG,PR,ASO,ES,Federal Contract Tower,0,0,6,1,7,0,40,176,8,224,0,40,182,9,231,250,0,250,481
07/04/2004,SIG,PR,ASO,ES,Federal Contract Tower,0,0,6,1,7,0,28,120,4,152,0,28,126,5,159,130,0,130,289
07/05/2004,SIG,PR,ASO,ES,Federal Contract Tower,0,0,22,1,23,0,45,126,4,175,0,45,148,5,198,92,0,92,290
07/06/2004,SIG,PR,ASO,ES,Federal Contract Tower,0,0,18,1,19,0,52,140,12,204,0,52,158,13,223,178,0,178,401
07/07/2004,SIG,PR,ASO,ES,Federal Contract Tower,0,0,9,1,10,0,53,102,4,159,0,53,111,5,169,146,0,146,315
07/08/2004,SIG,PR,ASO,ES,Federal Contract Tower,0,0,17,1,18,0,44,164,6,214,0,44,181,7,232,178,0,178,410
07/09/2004,SIG,PR,ASO,ES,Federal Contract Tower,0,0,7,1,8,0,44,122,12,178,0,44,129,13,186,66,0,66,252
07/10/2004,SIG,PR,ASO,ES,Federal Contract Tower,0,0,5,1,6,0,51,168,14,233,0,51,173,15,239,188,0,188,427
07/11/2004,SIG,PR,ASO,ES,Federal Contract Tower,0,0,12,0,12,0,30,144,0,174,0,30,156,0,186,64,0,64,250
07/12/2004,SIG,PR,ASO,ES,Federal Contract Tower,0,0,9,1,10,0,46,136,1,183,0,46,145,2,193,80,0,80,273
07/13/2004,SIG,PR,ASO,ES,Federal Contract Tower,0,0,3,0,3,0,52,141,1,194,0,52,144,1,197,152,0,152,349
07/14/2004,SIG,PR,ASO,ES,Federal Contract Tower,0,0,9,0,9,0,57,165,3,225,0,57,174,3,234,262,14,276,510
07/15/2004,SIG,PR,ASO,ES,Federal Contract Tower,0,0,17,0,17,0,40,122,11,173,0,40,139,11,190,116,0,116,306
07/16/2004,SIG,PR,ASO,ES,Federal Contract Tower,0,0,16,0,16,0,32,113,5,150,0,32,129,5,166,114,0,114,280
07/17/2004,SIG,PR,ASO,ES,Federal Contract Tower,0,0,10,0,10,0,29,115,2,146,0,29,125,2,156,176,0,176,332
07/18/2004,SIG,PR,ASO,ES,Federal Contract Tower,0,0,10,0,10,0,23,98,2,123,0,23,108,2,133,133,0,133,266
07/19/2004,SIG,PR,ASO,ES,Federal Contract Tower,0,0,20,0,20,0,55,177,0,232,0,55,197,0,252,120,0,120,372
07/20/2004,SIG,PR,ASO,ES,Federal Contract Tower,0,0,6,0,6,0,35,193,1,229,0,35,199,1,235,189,0,189,424
07/21/2004,SIG,PR,ASO,ES,Federal Contract Tower,0,0,14,0,14,0,58,136,1,195,0,58,150,1,209,130,0,130,339
07/22/2004,SIG,PR,ASO,ES,Federal Contract Tower,0,0,9,0,9,0,53,175,2,230,0,53,184,2,239,130,0,130,369
07/23/2004,SIG,PR,ASO,ES,Federal Contract Tower,0,0,25,0,25,0,68,252,0,320,0,68,277,0,345,118,0,118,463
07/24/2004,SIG,PR,ASO,ES,Federal Contract Tower,0,0,9,0,9,0,45,145,2,192,0,45,154,2,201,106,0,106,307
07/25/2004,SIG,PR,ASO,ES,Federal Contract Tower,0,0,17,0,17,0,36,114,3,153,0,36,131,3,170,24,0,24,194
07/26/2004,SIG,PR,ASO,ES,Federal Contract Tower,0,0,14,0,14,0,57,190,9,256,0,57,204,9,270,86,0,86,356
07/27/2004,SIG,PR,ASO,ES,Federal Contract Tower,0,0,17,0,17,0,59,137,3,199,0,59,154,3,216,150,0,150,366
07/28/2004,SIG,PR,ASO,ES,Federal Contract Tower,0,0,14,0,14,0,62,158,9,229,0,62,172,9,243,210,0,210,453
07/29/2004,SIG,PR,ASO,ES,Federal Contract Tower,0,0,19,0,19,0,50,159,3,212,0,50,178,3,231,138,0,138,369
07/30/2004,SIG,PR,ASO,ES,Federal Contract Tower,0,0,14,0,14,0,40,98,4,142,0,40,112,4,156,58,0,58,214
07/31/2004,SIG,PR,ASO,ES,Federal Contract Tower,0,0,27,0,27,0,46,119,3,168,0,46,146,3,195,88,0,88,283
08/01/2004,SIG,PR,ASO,ES,Federal Contract Tower,0,1,9,0,10,0,35,116,0,151,0,36,125,0,161,80,0,80,241
08/02/2004,SIG,PR,ASO,ES,Federal Contract Tower,0,3,13,0,16,0,52,110,4,166,0,55,123,4,182,126,0,126,308
08/03/2004,SIG,PR,ASO,ES,Federal Contract Tower,0,2,13,0,15,0,32,115,15,162,0,34,128,15,177,99,0,99,276
08/04/2004,SIG,PR,ASO,ES,Federal Contract Tower,0,2,12,0,14,0,37,130,5,172,0,39,142,5,186,134,0,134,320
08/05/2004,SIG,PR,ASO,ES,Federal Contract Tower,0,2,9,0,11,0,43,148,4,195,0,45,157,4,206,112,0,112,318
08/06/2004,SIG,PR,ASO,ES,Federal Contract Tower,0,4,29,0,33,0,52,148,0,200,0,56,177,0,233,148,0,148,381
08/07/2004,SIG,PR,ASO,ES,Federal Contract Tower,0,2,10,0,12,0,32,125,0,157,0,34,135,0,169,136,0,136,305
08/08/2004,SIG,PR,ASO,ES,Federal Contract Tower,0,2,10,0,12,0,26,96,0,122,0,28,106,0,134,88,0,88,222
08/09/2004,SIG,PR,ASO,ES,Federal Contract Tower,0,2,17,1,20,0,48,150,5,203,0,50,167,6,223,144,0,144,367
08/10/2004,SIG,PR,ASO,ES,Federal Contract Tower,0,0,8,1,9,0,39,164,8,211,0,39,172,9,220,130,0,130,350
08/11/2004,SIG,PR,ASO,ES,Federal Contract Tower,0,1,9,1,11,0,57,192,11,260,0,58,201,12,271,184,0,184,455
08/12/2004,SIG,PR,ASO,ES,Federal Contract Tower,0,2,14,0,16,0,45,165,0,210,0,47,179,0,226,162,0,162,388
08/13/2004,SIG,PR,ASO,ES,Federal Contract Tower,0,1,11,0,12,0,46,164,0,210,0,47,175,0,222,162,0,162,384
08/14/2004,SIG,PR,ASO,ES,Federal Contract Tower,0,1,11,1,13,0,30,104,6,140,0,31,115,7,153,64,0,64,217
08/15/2004,SIG,PR,ASO,ES,Federal Contract Tower,0,1,10,1,12,0,28,99,7,134,0,29,109,8,146,132,0,132,278
08/16/2004,SIG,PR,ASO,ES,Federal Contract Tower,0,0,6,1,7,0,43,123,6,172,0,43,129,7,179,138,0,138,317
08/17/2004,SIG,PR,ASO,ES,Federal Contract Tower,0,0,6,1,7,0,42,124,10,176,0,42,130,11,183,150,0,150,333
08/18/2004,SIG,PR,ASO,ES,Federal Contract Tower,0,1,10,1,12,0,27,92,17,136,0,28,102,18,148,130,2,132,280
08/19/2004,SIG,PR,ASO,ES,Federal Contract Tower,0,1,10,1,12,0,31,162,1,194,0,32,172,2,206,156,0,156,362
08/20/2004,SIG,PR,ASO,ES,Federal Contract Tower,0,2,19,1,22,0,57,231,1,289,0,59,250,2,311,170,0,170,481
08/21/2004,SIG,PR,ASO,ES,Federal Contract Tower,0,1,10,0,11,0,33,146,0,179,0,34,156,0,190,230,0,230,420
08/22/2004,SIG,PR,ASO,ES,Federal Contract Tower,0,2,17,1,20,0,28,120,1,149,0,30,137,2,169,204,0,204,373
08/23/2004,SIG,PR,ASO,ES,Federal Contract Tower,0,3,21,0,24,0,42,172,2,216,0,45,193,2,240,164,0,164,404
08/24/2004,SIG,PR,ASO,ES,Federal Contract Tower,0,0,10,0,10,0,37,128,9,174,0,37,138,9,184,154,0,154,338
08/25/2004,SIG,PR,ASO,ES,Federal Contract Tower,0,0,9,0,9,0,48,195,4,247,0,48,204,4,256,218,0,218,474
08/26/2004,SIG,PR,ASO,ES,Federal Contract Tower,0,1,13,0,14,0,38,180,5,223,0,39,193,5,237,206,0,206,443
08/27/2004,SIG,PR,ASO,ES,Federal Contract Tower,0,0,9,0,9,0,49,192,3,244,0,49,201,3,253,210,0,210,463
08/28/2004,SIG,PR,ASO,ES,Federal Contract Tower,0,1,14,0,15,0,34,133,3,170,0,35,147,3,185,108,2,110,295
08/29/2004,SIG,PR,ASO,ES,Federal Contract Tower,0,0,8,0,8,0,22,60,0,82,0,22,68,0,90,64,0,64,154
08/30/2004,SIG,PR,ASO,ES,Federal Contract Tower,0,1,12,0,13,0,37,128,0,165,0,38,140,0,178,152,0,152,330
08/31/2004,SIG,PR,ASO,ES,Federal Contract Tower,0,0,5,0,5,0,21,37,3,61,0,21,42,3,66,8,0,8,74
09/01/2004,SIG,PR,ASO,ES,Federal Contract Tower,0,1,5,0,6,0,45,135,0,180,0,46,140,0,186,198,0,198,384
09/02/2004,SIG,PR,ASO,ES,Federal Contract Tower,0,1,14,0,15,0,47,163,0,210,0,48,177,0,225,230,0,230,455
09/03/2004,SIG,PR,ASO,ES,Federal Contract Tower,0,1,21,0,22,0,41,163,1,205,0,42,184,1,227,252,0,252,479
09/04/2004,SIG,PR,ASO,ES,Federal Contract Tower,0,1,6,0,7,0,35,144,0,179,0,36,150,0,186,194,0,194,380
09/05/2004,SIG,PR,ASO,ES,Federal Contract Tower,0,1,6,0,7,0,23,50,0,73,0,24,56,0,80,36,0,36,116
09/06/2004,SIG,PR,ASO,ES,Federal Contract Tower,0,2,34,0,36,0,70,241,2,313,0,72,275,2,349,104,0,104,453
09/07/2004,SIG,PR,ASO,ES,Federal Contract Tower,0,1,7,0,8,0,50,141,2,193,0,51,148,2,201,139,0,139,340
09/08/2004,SIG,PR,ASO,ES,Federal Contract Tower,0,0,3,1,4,0,48,147,3,198,0,48,150,4,202,164,0,164,366
09/09/2004,SIG,PR,ASO,ES,Federal Contract Tower,0,0,6,0,6,0,37,128,0,165,0,37,134,0,171,108,0,108,279
09/10/2004,SIG,PR,ASO,ES,Federal Contract Tower,0,0,7,1,8,0,26,144,0,170,0,26,151,1,178,160,0,160,338
09/11/2004,SIG,PR,ASO,ES,Federal Contract Tower,0,0,9,0,9,0,26,138,0,164,0,26,147,0,173,184,0,184,357
09/12/2004,SIG,PR,ASO,ES,Federal Contract Tower,0,0,8,0,8,0,41,103,0,144,0,41,111,0,152,168,0,168,320
09/13/2004,SIG,PR,ASO,ES,Federal Contract Tower,0,0,1,0,1,0,43,140,4,187,0,43,141,4,188,182,2,184,372
09/14/2004,SIG,PR,ASO,ES,Federal Contract Tower,0,0,14,0,14,0,39,105,3,147,0,39,119,3,161,86,2,88,249
09/15/2004,SIG,PR,ASO,ES,Federal Contract Tower,0,0,0,0,0,0,0,0,0,0,0,0,0,0,0,0,0,0,0
09/16/2004,SIG,PR,ASO,ES,Federal Contract Tower,0,0,3,0,3,0,2,46,0,48,0,2,49,0,51,0,0,0,51
09/17/2004,SIG,PR,ASO,ES,Federal Contract Tower,0,0,3,0,3,0,32,83,30,145,0,32,86,30,148,0,0,0,148
09/18/2004,SIG,PR,ASO,ES,Federal Contract Tower,0,0,4,0,4,0,22,77,2,101,0,22,81,2,105,104,0,104,209
09/19/2004,SIG,PR,ASO,ES,Federal Contract Tower,0,0,3,0,3,0,18,85,4,107,0,18,88,4,110,64,0,64,174
09/20/2004,SIG,PR,ASO,ES,Federal Contract Tower,0,0,1,0,1,0,40,128,11,179,0,40,129,11,180,86,0,86,266
09/21/2004,SIG,PR,ASO,ES,Federal Contract Tower,0,0,9,0,9,0,31,111,14,156,0,31,120,14,165,90,0,90,255
09/22/2004,SIG,PR,ASO,ES,Federal Contract Tower,0,0,7,0,7,0,49,152,2,203,0,49,159,2,210,135,0,135,345
09/23/2004,SIG,PR,ASO,ES,Federal Contract Tower,0,0,4,0,4,0,37,144,7,188,0,37,148,7,192,125,0,125,317
09/24/2004,SIG,PR,ASO,ES,Federal Contract Tower,0,0,11,0,11,0,46,183,2,231,0,46,194,2,242,150,0,150,392
09/25/2004,SIG,PR,ASO,ES,Federal Contract Tower,0,0,7,0,7,0,25,150,0,175,0,25,157,0,182,106,0,106,288
09/26/2004,SIG,PR,ASO,ES,Federal Contract Tower,0,0,19,0,19,0,40,129,0,169,0,40,148,0,188,154,0,154,342
09/27/2004,SIG,PR,ASO,ES,Federal Contract Tower,0,0,13,0,13,0,40,124,3,167,0,40,137,3,180,32,0,32,212
09/28/2004,SIG,PR,ASO,ES,Federal Contract Tower,0,0,7,0,7,0,42,145,6,193,0,42,152,6,200,128,0,128,328
09/29/2004,SIG,PR,ASO,ES,Federal Contract Tower,0,0,10,0,10,0,39,147,6,192,0,39,157,6,202,144,0,144,346
09/30/2004,SIG,PR,ASO,ES,Federal Contract Tower,0,0,17,0,17,0,48,150,1,199,0,48,167,1,216,144,0,144,360
10/01/2004,SIG,PR,ASO,ES,Federal Contract Tower,0,0,12,0,12,0,59,138,23,220,0,59,150,23,232,178,4,182,414
10/02/2004,SIG,PR,ASO,ES,Federal Contract Tower,0,0,11,0,11,0,24,142,0,166,0,24,153,0,177,210,0,210,387
10/03/2004,SIG,PR,ASO,ES,Federal Contract Tower,0,0,16,0,16,0,22,99,0,121,0,22,115,0,137,146,0,146,283
10/04/2004,SIG,PR,ASO,ES,Federal Contract Tower,0,0,7,0,7,0,54,127,0,181,0,54,134,0,188,138,0,138,326
10/05/2004,SIG,PR,ASO,ES,Federal Contract Tower,0,0,13,0,13,0,43,134,6,183,0,43,147,6,196,176,0,176,372
10/06/2004,SIG,PR,ASO,ES,Federal Contract Tower,0,0,12,1,13,0,41,149,6,196,0,41,161,7,209,122,0,122,331
10/07/2004,SIG,PR,ASO,ES,Federal Contract Tower,0,0,23,0,23,0,43,77,7,127,0,43,100,7,150,44,26,70,220
10/08/2004,SIG,PR,ASO,ES,Federal Contract Tower,0,0,19,2,21,0,62,161,0,223,0,62,180,2,244,180,0,180,424
10/09/2004,SIG,PR,ASO,ES,Federal Contract Tower,0,0,8,0,8,0,24,98,0,122,0,24,106,0,130,81,0,81,211
10/10/2004,SIG,PR,ASO,ES,Federal Contract Tower,0,0,5,0,5,0,33,103,0,136,0,33,108,0,141,108,0,108,249
10/11/2004,SIG,PR,ASO,ES,Federal Contract Tower,0,0,20,0,20,0,52,138,0,190,0,52,158,0,210,162,0,162,372
10/12/2004,SIG,PR,ASO,ES,Federal Contract Tower,0,0,18,0,18,0,42,109,0,151,0,42,127,0,169,156,0,156,325
10/13/2004,SIG,PR,ASO,ES,Federal Contract Tower,0,0,10,0,10,0,39,145,5,189,0,39,155,5,199,184,0,184,383
10/14/2004,SIG,PR,ASO,ES,Federal Contract Tower,0,0,12,0,12,0,48,158,0,206,0,48,170,0,218,246,0,246,464
10/15/2004,SIG,PR,ASO,ES,Federal Contract Tower,0,0,30,0,30,0,54,180,1,235,0,54,210,1,265,136,0,136,401
10/16/2004,SIG,PR,ASO,ES,Federal Contract Tower,0,0,12,0,12,0,24,125,0,149,0,24,137,0,161,118,0,118,279
10/17/2004,SIG,PR,ASO,ES,Federal Contract Tower,0,0,20,0,20,0,29,141,0,170,0,29,161,0,190,120,0,120,310
10/18/2004,SIG,PR,ASO,ES,Federal Contract Tower,0,0,13,1,14,0,43,151,0,194,0,43,164,1,208,130,0,130,338
10/19/2004,SIG,PR,ASO,ES,Federal Contract Tower,0,0,5,0,5,0,30,129,0,159,0,30,134,0,164,208,0,208,372
10/20/2004,SIG,PR,ASO,ES,Federal Contract Tower,0,0,16,0,16,0,43,143,9,195,0,43,159,9,211,132,0,132,343
10/21/2004,SIG,PR,ASO,ES,Federal Contract Tower,0,0,24,1,25,0,38,133,4,175,0,38,157,5,200,160,0,160,360
10/22/2004,SIG,PR,ASO,ES,Federal Contract Tower,0,0,17,0,17,0,36,154,3,193,0,36,171,3,210,160,0,160,370
10/23/2004,SIG,PR,ASO,ES,Federal Contract Tower,0,0,6,0,6,0,33,117,10,160,0,33,123,10,166,110,0,110,276
10/24/2004,SIG,PR,ASO,ES,Federal Contract Tower,0,0,18,0,18,0,32,106,0,138,0,32,124,0,156,128,0,128,284
10/25/2004,SIG,PR,ASO,ES,Federal Contract Tower,0,0,6,2,8,0,34,139,4,177,0,34,145,6,185,118,0,118,303
10/26/2004,SIG,PR,ASO,ES,Federal Contract Tower,0,0,6,0,6,0,42,204,0,246,0,42,210,0,252,220,18,238,490
10/27/2004,SIG,PR,ASO,ES,Federal Contract Tower,0,0,10,1,11,0,45,142,5,192,0,45,152,6,203,206,0,206,409
10/28/2004,SIG,PR,ASO,ES,Federal Contract Tower,0,0,18,1,19,0,49,178,5,232,0,49,196,6,251,148,0,148,399
10/29/2004,SIG,PR,ASO,ES,Federal Contract Tower,0,0,12,1,13,0,35,119,12,166,0,35,131,13,179,176,0,176,355
10/30/2004,SIG,PR,ASO,ES,Federal Contract Tower,0,0,4,0,4,0,34,144,2,180,0,34,148,2,184,154,0,154,338
10/31/2004,SIG,PR,ASO,ES,Federal Contract Tower,0,0,7,0,7,0,35,188,0,223,0,35,195,0,230,0,0,0,230
11/01/2004,SIG,PR,ASO,ES,Federal Contract Tower,0,0,10,0,10,0,45,156,5,206,0,45,166,5,216,98,2,100,316
11/02/2004,SIG,PR,ASO,ES,Federal Contract Tower,0,0,13,0,13,0,42,117,2,161,0,42,130,2,174,98,0,98,272
11/03/2004,SIG,PR,ASO,ES,Federal Contract Tower,0,0,9,1,10,0,45,120,3,168,0,45,129,4,178,168,0,168,346
11/04/2004,SIG,PR,ASO,ES,Federal Contract Tower,0,0,11,0,11,0,41,142,6,189,0,41,153,6,200,182,0,182,382
11/05/2004,SIG,PR,ASO,ES,Federal Contract Tower,0,0,25,1,26,0,49,144,7,200,0,49,169,8,226,178,2,180,406
11/06/2004,SIG,PR,ASO,ES,Federal Contract Tower,0,0,3,0,3,0,36,171,8,215,0,36,174,8,218,232,0,232,450
11/07/2004,SIG,PR,ASO,ES,Federal Contract Tower,0,0,15,0,15,0,37,133,11,181,0,37,148,11,196,100,0,100,296
11/08/2004,SIG,PR,ASO,ES,Federal Contract Tower,0,0,13,0,13,0,35,118,6,159,0,35,131,6,172,158,0,158,330
11/09/2004,SIG,PR,ASO,ES,Federal Contract Tower,0,0,10,0,10,0,32,128,4,164,0,32,138,4,174,218,0,218,392
11/10/2004,SIG,PR,ASO,ES,Federal Contract Tower,0,0,19,0,19,0,32,59,3,94,0,32,78,3,113,16,0,16,129
11/11/2004,SIG,PR,ASO,ES,Federal Contract Tower,0,0,13,0,13,0,49,114,0,163,0,49,127,0,176,158,0,158,334
11/12/2004,SIG,PR,ASO,ES,Federal Contract Tower,0,0,16,1,17,0,28,45,0,73,0,28,61,1,90,12,0,12,102
11/13/2004,SIG,PR,ASO,ES,Federal Contract Tower,0,0,19,0,19,0,24,67,0,91,0,24,86,0,110,62,0,62,172
11/14/2004,SIG,PR,ASO,ES,Federal Contract Tower,0,0,27,0,27,0,22,33,0,55,0,22,60,0,82,14,0,14,96
11/15/2004,SIG,PR,ASO,ES,Federal Contract Tower,0,0,10,0,10,0,42,114,0,156,0,42,124,0,166,80,0,80,246
11/16/2004,SIG,PR,ASO,ES,Federal Contract Tower,0,0,6,0,6,0,40,131,2,173,0,40,137,2,179,184,0,184,363
11/17/2004,SIG,PR,ASO,ES,Federal Contract Tower,0,0,17,0,17,0,41,120,5,166,0,41,137,5,183,130,0,130,313
11/18/2004,SIG,PR,ASO,ES,Federal Contract Tower,0,0,13,0,13,0,49,155,16,220,0,49,168,16,233,76,0,76,309
11/19/2004,SIG,PR,ASO,ES,Federal Contract Tower,0,0,14,0,14,0,31,173,2,206,0,31,187,2,220,282,0,282,502
11/20/2004,SIG,PR,ASO,ES,Federal Contract Tower,0,0,23,0,23,0,40,141,0,181,0,40,164,0,204,176,0,176,380
11/21/2004,SIG,PR,ASO,ES,Federal Contract Tower,0,0,24,0,24,0,45,96,5,146,0,45,120,5,170,166,0,166,336
11/22/2004,SIG,PR,ASO,ES,Federal Contract Tower,0,0,22,0,22,0,56,166,3,225,0,56,188,3,247,248,0,248,495
11/23/2004,SIG,PR,ASO,ES,Federal Contract Tower,0,0,18,0,18,0,48,177,5,230,0,48,195,5,248,252,0,252,500
11/24/2004,SIG,PR,ASO,ES,Federal Contract Tower,0,0,33,0,33,0,57,136,2,195,0,57,169,2,228,180,0,180,408
11/25/2004,SIG,PR,ASO,ES,Federal Contract Tower,0,0,10,0,10,0,30,43,0,73,0,30,53,0,83,34,0,34,117
11/26/2004,SIG,PR,ASO,ES,Federal Contract Tower,0,0,25,0,25,0,38,104,1,143,0,38,129,1,168,76,0,76,244
11/27/2004,SIG,PR,ASO,ES,Federal Contract Tower,0,0,10,0,10,0,40,113,0,153,0,40,123,0,163,150,0,150,313
11/28/2004,SIG,PR,ASO,ES,Federal Contract Tower,0,1,33,0,34,0,26,157,0,183,0,27,190,0,217,160,0,160,377
11/29/2004,SIG,PR,ASO,ES,Federal Contract Tower,0,2,19,0,21,0,38,121,0,159,0,40,140,0,180,118,0,118,298
11/30/2004,SIG,PR,ASO,ES,Federal Contract Tower,0,0,8,0,8,0,41,170,2,213,0,41,178,2,221,264,0,264,485
12/01/2004,SIG,PR,ASO,ES,Federal Contract Tower,0,0,18,1,19,0,38,124,5,167,0,38,142,6,186,170,0,170,356
12/02/2004,SIG,PR,ASO,ES,Federal Contract Tower,0,0,18,0,18,0,54,112,4,170,0,54,130,4,188,142,0,142,330
12/03/2004,SIG,PR,ASO,ES,Federal Contract Tower,0,0,24,1,25,0,38,172,7,217,0,38,196,8,242,166,14,180,422
12/04/2004,SIG,PR,ASO,ES,Federal Contract Tower,0,1,8,0,9,0,38,131,7,176,0,39,139,7,185,146,0,146,331
12/05/2004,SIG,PR,ASO,ES,Federal Contract Tower,0,0,20,0,20,0,38,104,0,142,0,38,124,0,162,120,0,120,282
12/06/2004,SIG,PR,ASO,ES,Federal Contract Tower,0,0,8,0,8,0,41,114,3,158,0,41,122,3,166,156,0,156,322
12/07/2004,SIG,PR,ASO,ES,Federal Contract Tower,0,0,17,1,18,0,42,50,3,95,0,42,67,4,113,68,0,68,181
12/08/2004,SIG,PR,ASO,ES,Federal Contract Tower,0,0,20,0,20,0,52,107,2,161,0,52,127,2,181,84,0,84,265
12/09/2004,SIG,PR,ASO,ES,Federal Contract Tower,0,1,8,2,11,0,39,157,0,196,0,40,165,2,207,166,0,166,373
12/10/2004,SIG,PR,ASO,ES,Federal Contract Tower,0,0,11,0,11,0,51,177,4,232,0,51,188,4,243,170,0,170,413
12/11/2004,SIG,PR,ASO,ES,Federal Contract Tower,0,0,10,0,10,0,29,141,8,178,0,29,151,8,188,164,0,164,352
12/12/2004,SIG,PR,ASO,ES,Federal Contract Tower,0,0,14,0,14,0,41,163,0,204,0,41,177,0,218,174,0,174,392
12/13/2004,SIG,PR,ASO,ES,Federal Contract Tower,0,0,12,0,12,0,36,125,0,161,0,36,137,0,173,156,0,156,329
12/14/2004,SIG,PR,ASO,ES,Federal Contract Tower,0,0,19,1,20,0,52,141,2,195,0,52,160,3,215,210,0,210,425
12/15/2004,SIG,PR,ASO,ES,Federal Contract Tower,0,0,25,0,25,0,46,114,4,164,0,46,139,4,189,148,0,148,337
12/16/2004,SIG,PR,ASO,ES,Federal Contract Tower,0,0,16,1,17,0,43,171,6,220,0,43,187,7,237,132,0,132,369
12/17/2004,SIG,PR,ASO,ES,Federal Contract Tower,0,0,23,0,23,0,31,123,0,154,0,31,146,0,177,158,0,158,335
12/18/2004,SIG,PR,ASO,ES,Federal Contract Tower,0,0,15,0,15,0,47,132,0,179,0,47,147,0,194,142,0,142,336
12/19/2004,SIG,PR,ASO,ES,Federal Contract Tower,0,0,15,0,15,0,37,107,0,144,0,37,122,0,159,132,0,132,291
12/20/2004,SIG,PR,ASO,ES,Federal Contract Tower,0,0,15,0,15,0,48,160,0,208,0,48,175,0,223,204,0,204,427
12/21/2004,SIG,PR,ASO,ES,Federal Contract Tower,0,0,14,0,14,0,43,126,0,169,0,43,140,0,183,136,0,136,319
12/22/2004,SIG,PR,ASO,ES,Federal Contract Tower,0,0,31,0,31,0,48,115,4,167,0,48,146,4,198,190,0,190,388
12/23/2004,SIG,PR,ASO,ES,Federal Contract Tower,0,0,14,0,14,0,35,127,2,164,0,35,141,2,178,118,0,118,296
12/24/2004,SIG,PR,ASO,ES,Federal Contract Tower,0,0,9,0,9,0,33,77,0,110,0,33,86,0,119,44,0,44,163
12/25/2004,SIG,PR,ASO,ES,Federal Contract Tower,0,0,3,0,3,0,31,43,0,74,0,31,46,0,77,4,0,4,81
12/26/2004,SIG,PR,ASO,ES,Federal Contract Tower,0,0,17,0,17,0,27,73,0,100,0,27,90,0,117,32,0,32,149
12/27/2004,SIG,PR,ASO,ES,Federal Contract Tower,0,0,19,0,19,0,43,101,0,144,0,43,120,0,163,52,0,52,215
12/28/2004,SIG,PR,ASO,ES,Federal Contract Tower,0,0,33,0,33,0,62,201,1,264,0,62,234,1,297,214,0,214,511
12/29/2004,SIG,PR,ASO,ES,Federal Contract Tower,0,0,17,0,17,0,31,98,2,131,0,31,115,2,148,58,1,59,207
12/30/2004,SIG,PR,ASO,ES,Federal Contract Tower,0,0,18,0,18,0,52,167,0,219,0,52,185,0,237,152,0,152,389
12/31/2004,SIG,PR,ASO,ES,Federal Contract Tower,0,0,16,0,16,0,41,127,2,170,0,41,143,2,186,102,0,102,288
01/01/2005,SIG,PR,ASO,ES,Federal Contract Tower,0,0,15,0,15,0,23,8,0,31,0,23,23,0,46,4,0,4,50
01/02/2005,SIG,PR,ASO,ES,Federal Contract Tower,0,0,33,0,33,0,47,126,0,173,0,47,159,0,206,78,0,78,284
01/03/2005,SIG,PR,ASO,ES,Federal Contract Tower,0,0,28,0,28,0,61,177,0,238,0,61,205,0,266,184,0,184,450
01/04/2005,SIG,PR,ASO,ES,Federal Contract Tower,0,0,24,0,24,0,39,150,2,191,0,39,174,2,215,236,0,236,451
01/05/2005,SIG,PR,ASO,ES,Federal Contract Tower,0,0,14,0,14,0,52,117,5,174,0,52,131,5,188,184,0,184,372
01/06/2005,SIG,PR,ASO,ES,Federal Contract Tower,0,0,13,0,13,0,34,53,0,87,0,34,66,0,100,34,0,34,134
01/07/2005,SIG,PR,ASO,ES,Federal Contract Tower,0,0,11,0,11,0,44,84,0,128,0,44,95,0,139,106,0,106,245
01/08/2005,SIG,PR,ASO,ES,Federal Contract Tower,0,0,7,0,7,0,34,67,0,101,0,34,74,0,108,42,0,42,150
01/09/2005,SIG,PR,ASO,ES,Federal Contract Tower,0,0,24,0,24,0,31,61,0,92,0,31,85,0,116,66,0,66,182
01/10/2005,SIG,PR,ASO,ES,Federal Contract Tower,0,0,24,0,24,0,51,119,0,170,0,51,143,0,194,164,0,164,358
01/11/2005,SIG,PR,ASO,ES,Federal Contract Tower,0,0,19,1,20,0,49,104,6,159,0,49,123,7,179,118,0,118,297
01/12/2005,SIG,PR,ASO,ES,Federal Contract Tower,0,0,15,2,17,0,39,117,1,157,0,39,132,3,174,158,0,158,332
01/13/2005,SIG,PR,ASO,ES,Federal Contract Tower,0,0,22,0,22,0,41,116,0,157,0,41,138,0,179,126,0,126,305
01/14/2005,SIG,PR,ASO,ES,Federal Contract Tower,0,0,28,0,28,0,49,117,1,167,0,49,145,1,195,92,0,92,287
01/15/2005,SIG,PR,ASO,ES,Federal Contract Tower,0,0,7,0,7,0,42,164,0,206,0,42,171,0,213,114,0,114,327
01/16/2005,SIG,PR,ASO,ES,Federal Contract Tower,0,0,6,0,6,0,34,102,1,137,0,34,108,1,143,96,0,96,239
01/17/2005,SIG,PR,ASO,ES,Federal Contract Tower,0,0,10,0,10,0,53,161,2,216,0,53,171,2,226,184,0,184,410
01/18/2005,SIG,PR,ASO,ES,Federal Contract Tower,0,0,10,0,10,0,57,130,2,189,0,57,140,2,199,118,0,118,317
01/19/2005,SIG,PR,ASO,ES,Federal Contract Tower,0,0,15,0,15,0,31,58,2,91,0,31,73,2,106,72,0,72,178
01/20/2005,SIG,PR,ASO,ES,Federal Contract Tower,0,0,20,0,20,0,42,114,0,156,0,42,134,0,176,110,0,110,286
01/21/2005,SIG,PR,ASO,ES,Federal Contract Tower,0,0,26,0,26,0,68,198,4,270,0,68,224,4,296,196,0,196,492
01/22/2005,SIG,PR,ASO,ES,Federal Contract Tower,0,0,13,0,13,0,39,155,9,203,0,39,168,9,216,234,0,234,450
01/23/2005,SIG,PR,ASO,ES,Federal Contract Tower,0,0,21,0,21,0,27,148,0,175,0,27,169,0,196,104,0,104,300
01/24/2005,SIG,PR,ASO,ES,Federal Contract Tower,0,0,29,0,29,0,39,104,3,146,0,39,133,3,175,116,0,116,291
01/25/2005,SIG,PR,ASO,ES,Federal Contract Tower,0,0,8,0,8,0,56,88,4,148,0,56,96,4,156,135,0,135,291
01/26/2005,SIG,PR,ASO,ES,Federal Contract Tower,0,0,21,1,22,0,53,103,4,160,0,53,124,5,182,120,0,120,302
01/27/2005,SIG,PR,ASO,ES,Federal Contract Tower,0,0,19,0,19,0,46,108,0,154,0,46,127,0,173,172,0,172,345
01/28/2005,SIG,PR,ASO,ES,Federal Contract Tower,0,0,18,2,20,0,41,102,3,146,0,41,120,5,166,78,0,78,244
01/29/2005,SIG,PR,ASO,ES,Federal Contract Tower,0,0,18,0,18,0,31,164,1,196,0,31,182,1,214,184,0,184,398
01/30/2005,SIG,PR,ASO,ES,Federal Contract Tower,0,0,29,1,30,0,30,29,0,59,0,30,58,1,89,64,0,64,153
01/31/2005,SIG,PR,ASO,ES,Federal Contract Tower,0,0,16,1,17,0,38,151,1,190,0,38,167,2,207,196,0,196,403
02/01/2005,SIG,PR,ASO,ES,Federal Contract Tower,0,0,13,1,14,0,45,131,6,182,0,45,144,7,196,150,0,150,346
02/02/2005,SIG,PR,ASO,ES,Federal Contract Tower,0,0,27,0,27,0,51,118,5,174,0,51,145,5,201,106,0,106,307
02/03/2005,SIG,PR,ASO,ES,Federal Contract Tower,0,0,17,0,17,0,32,93,4,129,0,32,110,4,146,168,0,168,314
02/04/2005,SIG,PR,ASO,ES,Federal Contract Tower,0,0,22,2,24,0,41,169,3,213,0,41,191,5,237,148,0,148,385
02/05/2005,SIG,PR,ASO,ES,Federal Contract Tower,0,0,5,0,5,0,29,183,0,212,0,29,188,0,217,220,0,220,437
02/06/2005,SIG,PR,ASO,ES,Federal Contract Tower,0,0,28,0,28,0,28,99,0,127,0,28,127,0,155,84,0,84,239
02/07/2005,SIG,PR,ASO,ES,Federal Contract Tower,0,0,13,0,13,0,37,181,7,225,0,37,194,7,238,158,0,158,396
02/08/2005,SIG,PR,ASO,ES,Federal Contract Tower,0,0,7,2,9,0,40,121,0,161,0,40,128,2,170,164,6,170,340
02/09/2005,SIG,PR,ASO,ES,Federal Contract Tower,0,0,27,0,27,0,51,118,5,174,0,51,145,5,201,106,0,106,307
02/10/2005,SIG,PR,ASO,ES,Federal Contract Tower,0,0,11,0,11,0,36,111,2,149,0,36,122,2,160,130,0,130,290
02/11/2005,SIG,PR,ASO,ES,Federal Contract Tower,0,0,20,0,20,0,47,151,10,208,0,47,171,10,228,178,0,178,406
02/12/2005,SIG,PR,ASO,ES,Federal Contract Tower,0,0,6,0,6,0,36,166,5,207,0,36,172,5,213,162,0,162,375
02/13/2005,SIG,PR,ASO,ES,Federal Contract Tower,0,0,26,0,26,0,31,70,14,115,0,31,96,14,141,42,0,42,183
02/14/2005,SIG,PR,ASO,ES,Federal Contract Tower,0,0,9,0,9,0,40,83,1,124,0,40,92,1,133,74,0,74,207
02/15/2005,SIG,PR,ASO,ES,Federal Contract Tower,0,0,15,0,15,0,41,107,2,150,0,41,122,2,165,210,0,210,375
02/16/2005,SIG,PR,ASO,ES,Federal Contract Tower,0,0,16,0,16,0,51,182,12,245,0,51,198,12,261,200,0,200,461
02/17/2005,SIG,PR,ASO,ES,Federal Contract Tower,0,0,15,0,15,0,62,160,8,230,0,62,175,8,245,156,0,156,401
02/18/2005,SIG,PR,ASO,ES,Federal Contract Tower,0,0,21,0,21,0,59,136,1,196,0,59,157,1,217,170,0,170,387
02/19/2005,SIG,PR,ASO,ES,Federal Contract Tower,0,0,12,0,12,0,41,147,0,188,0,41,159,0,200,160,0,160,360
02/20/2005,SIG,PR,ASO,ES,Federal Contract Tower,0,0,16,0,16,0,24,71,1,96,0,24,87,1,112,58,0,58,170
02/21/2005,SIG,PR,ASO,ES,Federal Contract Tower,0,0,28,2,30,0,54,132,1,187,0,54,160,3,217,162,0,162,379
02/22/2005,SIG,PR,ASO,ES,Federal Contract Tower,0,0,15,0,15,0,45,146,11,202,0,45,161,11,217,196,10,206,423
02/23/2005,SIG,PR,ASO,ES,Federal Contract Tower,0,0,7,3,10,0,65,128,7,200,0,65,135,10,210,124,8,132,342
02/24/2005,SIG,PR,ASO,ES,Federal Contract Tower,0,0,7,0,7,0,52,135,1,188,0,52,142,1,195,168,0,168,363
02/25/2005,SIG,PR,ASO,ES,Federal Contract Tower,0,0,28,0,28,0,49,102,0,151,0,49,130,0,179,146,0,146,325
02/26/2005,SIG,PR,ASO,ES,Federal Contract Tower,0,0,7,0,7,0,31,172,2,205,0,31,179,2,212,196,0,196,408
02/27/2005,SIG,PR,ASO,ES,Federal Contract Tower,0,0,15,0,15,0,31,153,10,194,0,31,168,10,209,100,0,100,309
02/28/2005,SIG,PR,ASO,ES,Federal Contract Tower,0,0,9,0,9,0,51,186,3,240,0,51,195,3,249,184,0,184,433
03/01/2005,SIG,PR,ASO,ES,Federal Contract Tower,0,0,13,4,17,0,57,158,8,223,0,57,171,12,240,158,0,158,398
03/02/2005,SIG,PR,ASO,ES,Federal Contract Tower,0,0,17,1,18,0,50,182,6,238,0,50,199,7,256,224,2,226,482
03/03/2005,SIG,PR,ASO,ES,Federal Contract Tower,0,0,25,0,25,0,53,171,3,227,0,53,196,3,252,248,0,248,500
03/04/2005,SIG,PR,ASO,ES,Federal Contract Tower,0,0,26,0,26,0,63,141,1,205,0,63,167,1,231,146,0,146,377
03/05/2005,SIG,PR,ASO,ES,Federal Contract Tower,0,0,14,0,14,0,42,201,0,243,0,42,215,0,257,244,0,244,501
03/06/2005,SIG,PR,ASO,ES,Federal Contract Tower,0,0,15,0,15,0,38,110,0,148,0,38,125,0,163,90,0,90,253
03/07/2005,SIG,PR,ASO,ES,Federal Contract Tower,0,0,18,4,22,0,34,111,2,147,0,34,129,6,169,178,0,178,347
03/08/2005,SIG,PR,ASO,ES,Federal Contract Tower,0,0,12,0,12,0,56,219,8,283,0,56,231,8,295,234,0,234,529
03/09/2005,SIG,PR,ASO,ES,Federal Contract Tower,0,0,11,1,12,0,57,193,2,252,0,57,204,3,264,260,0,260,524
03/10/2005,SIG,PR,ASO,ES,Federal Contract Tower,0,0,10,0,10,0,54,136,1,191,0,54,146,1,201,228,0,228,429
03/11/2005,SIG,PR,ASO,ES,Federal Contract Tower,0,0,13,0,13,0,56,187,6,249,0,56,200,6,262,258,0,258,520
03/12/2005,SIG,PR,ASO,ES,Federal Contract Tower,0,0,12,0,12,0,40,129,0,169,0,40,141,0,181,138,0,138,319
03/13/2005,SIG,PR,ASO,ES,Federal Contract Tower,0,0,13,0,13,0,36,100,0,136,0,36,113,0,149,64,0,64,213
03/14/2005,SIG,PR,ASO,ES,Federal Contract Tower,0,0,15,0,15,0,50,136,5,191,0,50,151,5,206,168,0,168,374
03/15/2005,SIG,PR,ASO,ES,Federal Contract Tower,0,0,8,0,8,0,53,156,8,217,0,53,164,8,225,164,0,164,389
03/16/2005,SIG,PR,ASO,ES,Federal Contract Tower,0,0,13,1,14,0,49,144,2,195,0,49,157,3,209,208,0,208,417
03/17/2005,SIG,PR,ASO,ES,Federal Contract Tower,0,0,16,0,16,0,44,166,5,215,0,44,182,5,231,256,0,256,487
03/18/2005,SIG,PR,ASO,ES,Federal Contract Tower,0,0,24,0,24,0,53,202,10,265,0,53,226,10,289,133,0,133,422
03/19/2005,SIG,PR,ASO,ES,Federal Contract Tower,0,0,15,0,15,0,34,202,1,237,0,34,217,1,252,176,0,176,428
03/20/2005,SIG,PR,ASO,ES,Federal Contract Tower,0,0,26,0,26,0,33,163,1,197,0,33,189,1,223,102,0,102,325
03/21/2005,SIG,PR,ASO,ES,Federal Contract Tower,0,0,21,0,21,0,56,165,4,225,0,56,186,4,246,156,12,168,414
03/22/2005,SIG,PR,ASO,ES,Federal Contract Tower,0,0,14,0,14,0,58,135,3,196,0,58,149,3,210,116,0,116,326
03/23/2005,SIG,PR,ASO,ES,Federal Contract Tower,0,0,25,0,25,0,70,121,12,203,0,70,146,12,228,140,0,140,368
03/24/2005,SIG,PR,ASO,ES,Federal Contract Tower,0,0,26,0,26,0,66,147,4,217,0,66,173,4,243,144,0,144,387
03/25/2005,SIG,PR,ASO,ES,Federal Contract Tower,0,0,3,0,3,0,26,53,4,83,0,26,56,4,86,4,0,4,90
03/26/2005,SIG,PR,ASO,ES,Federal Contract Tower,0,0,7,0,7,0,37,149,0,186,0,37,156,0,193,90,0,90,283
03/27/2005,SIG,PR,ASO,ES,Federal Contract Tower,0,4,30,0,34,0,47,101,0,148,0,51,131,0,182,26,0,26,208
03/28/2005,SIG,PR,ASO,ES,Federal Contract Tower,0,0,18,0,18,0,52,149,0,201,0,52,167,0,219,144,0,144,363
03/29/2005,SIG,PR,ASO,ES,Federal Contract Tower,0,0,15,1,16,0,35,185,6,226,0,35,200,7,242,132,0,132,374
03/30/2005,SIG,PR,ASO,ES,Federal Contract Tower,0,0,21,1,22,0,54,163,3,220,0,54,184,4,242,192,0,192,434
03/31/2005,SIG,PR,ASO,ES,Federal Contract Tower,0,0,11,0,11,0,61,150,2,213,0,61,161,2,224,170,0,170,394
04/01/2005,SIG,PR,ASO,ES,Federal Contract Tower,0,0,25,2,27,0,54,145,1,200,0,54,170,3,227,152,0,152,379
04/02/2005,SIG,PR,ASO,ES,Federal Contract Tower,0,0,17,0,17,0,37,182,0,219,0,37,199,0,236,172,0,172,408
04/03/2005,SIG,PR,ASO,ES,Federal Contract Tower,0,0,21,0,21,0,40,119,2,161,0,40,140,2,182,76,0,76,258
04/04/2005,SIG,PR,ASO,ES,Federal Contract Tower,0,0,16,0,16,0,55,147,0,202,0,55,163,0,218,146,0,146,364
04/05/2005,SIG,PR,ASO,ES,Federal Contract Tower,0,0,13,0,13,0,55,152,0,207,0,55,165,0,220,126,0,126,346
04/06/2005,SIG,PR,ASO,ES,Federal Contract Tower,0,1,14,1,16,0,52,177,6,235,0,53,191,7,251,164,0,164,415
04/07/2005,SIG,PR,ASO,ES,Federal Contract Tower,0,0,13,0,13,0,50,88,5,143,0,50,101,5,156,182,0,182,338
04/08/2005,SIG,PR,ASO,ES,Federal Contract Tower,0,0,21,1,22,0,55,139,5,199,0,55,160,6,221,173,0,173,394
04/09/2005,SIG,PR,ASO,ES,Federal Contract Tower,0,0,9,0,9,0,40,138,4,182,0,40,147,4,191,160,0,160,351
04/10/2005,SIG,PR,ASO,ES,Federal Contract Tower,0,0,20,0,20,0,27,82,6,115,0,27,102,6,135,46,0,46,181
04/11/2005,SIG,PR,ASO,ES,Federal Contract Tower,0,0,16,0,16,0,46,84,2,132,0,46,100,2,148,42,0,42,190
04/12/2005,SIG,PR,ASO,ES,Federal Contract Tower,0,0,5,0,5,0,39,124,1,164,0,39,129,1,169,196,0,196,365
04/13/2005,SIG,PR,ASO,ES,Federal Contract Tower,0,0,11,0,11,0,39,118,1,158,0,39,129,1,169,196,0,196,365
04/14/2005,SIG,PR,ASO,ES,Federal Contract Tower,0,0,11,0,11,0,47,133,1,181,0,47,144,1,192,166,0,166,358
04/15/2005,SIG,PR,ASO,ES,Federal Contract Tower,0,0,16,1,17,0,47,128,2,177,0,47,144,3,194,84,0,84,278
04/16/2005,SIG,PR,ASO,ES,Federal Contract Tower,0,0,10,0,10,0,41,181,0,222,0,41,191,0,232,182,0,182,414
04/17/2005,SIG,PR,ASO,ES,Federal Contract Tower,0,0,10,0,10,0,36,96,14,146,0,36,106,14,156,78,0,78,234
04/18/2005,SIG,PR,ASO,ES,Federal Contract Tower,0,0,23,0,23,0,30,77,0,107,0,30,100,0,130,85,0,85,215
04/19/2005,SIG,PR,ASO,ES,Federal Contract Tower,0,0,7,1,8,0,41,115,1,157,0,41,122,2,165,128,0,128,293
04/20/2005,SIG,PR,ASO,ES,Federal Contract Tower,0,0,23,0,23,0,56,86,0,142,0,56,109,0,165,90,0,90,255
04/21/2005,SIG,PR,ASO,ES,Federal Contract Tower,0,0,13,1,14,0,28,77,1,106,0,28,90,2,120,68,0,68,188
04/22/2005,SIG,PR,ASO,ES,Federal Contract Tower,0,0,20,0,20,0,55,86,0,141,0,55,106,0,161,86,0,86,247
04/23/2005,SIG,PR,ASO,ES,Federal Contract Tower,0,0,4,0,4,0,34,175,2,211,0,34,179,2,215,260,0,260,475
04/24/2005,SIG,PR,ASO,ES,Federal Contract Tower,0,0,19,0,19,0,22,102,3,127,0,22,121,3,146,104,0,104,250
04/25/2005,SIG,PR,ASO,ES,Federal Contract Tower,0,0,19,0,19,0,34,109,0,143,0,34,128,0,162,132,0,132,294
04/26/2005,SIG,PR,ASO,ES,Federal Contract Tower,0,0,19,0,19,0,50,122,3,175,0,50,141,3,194,228,0,228,422
04/27/2005,SIG,PR,ASO,ES,Federal Contract Tower,0,1,7,1,9,0,49,134,2,185,0,50,141,3,194,228,0,228,422
04/28/2005,SIG,PR,ASO,ES,Federal Contract Tower,0,0,21,1,22,0,47,127,2,176,0,47,148,3,198,122,0,122,320
04/29/2005,SIG,PR,ASO,ES,Federal Contract Tower,0,0,13,2,15,0,49,163,2,214,0,49,176,4,229,218,0,218,447
04/30/2005,SIG,PR,ASO,ES,Federal Contract Tower,0,0,11,0,11,0,33,117,0,150,0,33,128,0,161,158,0,158,319
05/01/2005,SIG,PR,ASO,ES,Federal Contract Tower,0,0,9,0,9,0,34,146,0,180,0,34,155,0,189,104,0,104,293
05/02/2005,SIG,PR,ASO,ES,Federal Contract Tower,0,0,15,0,15,0,42,115,0,157,0,42,130,0,172,132,0,132,304
05/03/2005,SIG,PR,ASO,ES,Federal Contract Tower,0,0,7,0,7,0,43,127,2,172,0,43,134,2,179,176,0,176,355
05/04/2005,SIG,PR,ASO,ES,Federal Contract Tower,0,0,9,3,12,0,53,154,4,211,0,53,163,7,223,172,0,172,395
05/05/2005,SIG,PR,ASO,ES,Federal Contract Tower,0,0,16,0,16,0,43,95,5,143,0,43,111,5,159,104,0,104,263
05/06/2005,SIG,PR,ASO,ES,Federal Contract Tower,0,0,4,0,4,0,49,134,2,185,0,49,138,2,189,142,0,142,331
05/07/2005,SIG,PR,ASO,ES,Federal Contract Tower,0,0,6,0,6,0,32,145,0,177,0,32,151,0,183,162,0,162,345
05/08/2005,SIG,PR,ASO,ES,Federal Contract Tower,0,0,7,0,7,0,33,92,0,125,0,33,99,0,132,124,0,124,256
05/09/2005,SIG,PR,ASO,ES,Federal Contract Tower,0,0,9,0,9,0,31,109,0,140,0,31,118,0,149,116,0,116,265
05/10/2005,SIG,PR,ASO,ES,Federal Contract Tower,0,0,4,0,4,0,47,26,0,73,0,47,30,0,77,236,0,236,313
05/11/2005,SIG,PR,ASO,ES,Federal Contract Tower,0,0,17,0,17,0,43,118,3,164,0,43,135,3,181,118,0,118,299
05/12/2005,SIG,PR,ASO,ES,Federal Contract Tower,0,0,13,0,13,0,40,82,1,123,0,40,95,1,136,76,0,76,212
05/13/2005,SIG,PR,ASO,ES,Federal Contract Tower,0,0,29,1,30,0,40,95,0,135,0,40,124,1,165,172,0,172,337
05/14/2005,SIG,PR,ASO,ES,Federal Contract Tower,0,0,5,0,5,0,26,81,6,113,0,26,86,6,118,114,0,114,232
05/15/2005,SIG,PR,ASO,ES,Federal Contract Tower,0,0,20,1,21,0,33,46,6,85,0,33,66,7,106,66,0,66,172
05/16/2005,SIG,PR,ASO,ES,Federal Contract Tower,0,0,10,0,10,0,32,73,0,105,0,32,83,0,115,82,0,82,197
05/17/2005,SIG,PR,ASO,ES,Federal Contract Tower,0,0,12,1,13,0,24,67,4,95,0,24,79,5,108,82,0,82,190
05/18/2005,SIG,PR,ASO,ES,Federal Contract Tower,0,0,11,2,13,0,40,77,0,117,0,40,88,2,130,100,0,100,230
05/19/2005,SIG,PR,ASO,ES,Federal Contract Tower,0,0,12,1,13,0,48,86,3,137,0,48,98,4,150,108,0,108,258
05/20/2005,SIG,PR,ASO,ES,Federal Contract Tower,0,0,18,0,18,0,46,127,5,178,0,46,145,5,196,168,0,168,364
05/21/2005,SIG,PR,ASO,ES,Federal Contract Tower,0,0,4,0,4,0,32,153,1,186,0,32,157,1,190,258,0,258,448
05/22/2005,SIG,PR,ASO,ES,Federal Contract Tower,0,0,10,0,10,0,28,92,1,121,0,28,102,1,131,36,0,36,167
05/23/2005,SIG,PR,ASO,ES,Federal Contract Tower,0,0,29,1,30,0,34,85,1,120,0,34,114,2,150,140,0,140,290
05/24/2005,SIG,PR,ASO,ES,Federal Contract Tower,0,0,11,2,13,0,34,103,0,137,0,34,114,2,150,140,0,140,290
05/25/2005,SIG,PR,ASO,ES,Federal Contract Tower,0,0,22,0,22,0,38,110,7,155,0,38,132,7,177,158,0,158,335
05/26/2005,SIG,PR,ASO,ES,Federal Contract Tower,0,0,18,0,18,0,64,204,1,269,0,64,222,1,287,202,0,202,489
05/27/2005,SIG,PR,ASO,ES,Federal Contract Tower,0,0,43,0,43,0,66,187,2,255,0,66,230,2,298,124,0,124,422
05/28/2005,SIG,PR,ASO,ES,Federal Contract Tower,0,0,10,0,10,0,40,177,4,221,0,40,187,4,231,224,0,224,455
05/29/2005,SIG,PR,ASO,ES,Federal Contract Tower,0,0,10,0,10,0,40,92,3,135,0,40,102,3,145,108,0,108,253
05/30/2005,SIG,PR,ASO,ES,Federal Contract Tower,0,0,34,0,34,0,54,155,4,213,0,54,189,4,247,210,0,210,457
05/31/2005,SIG,PR,ASO,ES,Federal Contract Tower,0,0,20,1,21,0,47,134,1,182,0,47,154,2,203,110,0,110,313
06/01/2005,SIG,PR,ASO,ES,Federal Contract Tower,0,1,17,1,19,0,50,165,4,219,0,51,182,5,238,140,0,140,378
06/02/2005,SIG,PR,ASO,ES,Federal Contract Tower,0,0,10,0,10,0,46,138,4,188,0,46,148,4,198,120,0,120,318
06/03/2005,SIG,PR,ASO,ES,Federal Contract Tower,0,0,17,0,17,0,39,127,1,167,0,39,144,1,184,100,0,100,284
06/04/2005,SIG,PR,ASO,ES,Federal Contract Tower,0,0,4,0,4,0,23,140,0,163,0,23,144,0,167,194,0,194,361
06/05/2005,SIG,PR,ASO,ES,Federal Contract Tower,0,0,20,0,20,0,39,109,0,148,0,39,129,0,168,118,0,118,286
06/06/2005,SIG,PR,ASO,ES,Federal Contract Tower,0,0,16,0,16,0,49,124,0,173,0,49,140,0,189,186,0,186,375
06/07/2005,SIG,PR,ASO,ES,Federal Contract Tower,0,1,8,2,11,0,38,122,16,176,0,39,130,18,187,142,2,144,331
06/08/2005,SIG,PR,ASO,ES,Federal Contract Tower,0,0,5,1,6,0,48,101,0,149,0,48,106,1,155,130,0,130,285
06/09/2005,SIG,PR,ASO,ES,Federal Contract Tower,0,0,9,2,11,0,51,142,7,200,0,51,151,9,211,126,0,126,337
06/10/2005,SIG,PR,ASO,ES,Federal Contract Tower,0,0,18,0,18,0,61,158,1,220,0,61,176,1,238,118,0,118,356
06/11/2005,SIG,PR,ASO,ES,Federal Contract Tower,0,0,13,0,13,0,36,150,0,186,0,36,163,0,199,132,0,132,331
06/12/2005,SIG,PR,ASO,ES,Federal Contract Tower,0,0,15,0,15,0,45,126,1,172,0,45,141,1,187,72,0,72,259
06/13/2005,SIG,PR,ASO,ES,Federal Contract Tower,0,0,15,0,15,0,48,123,0,171,0,48,138,0,186,152,0,152,338
06/14/2005,SIG,PR,ASO,ES,Federal Contract Tower,0,0,3,0,3,0,34,130,5,169,0,34,133,5,172,142,0,142,314
06/15/2005,SIG,PR,ASO,ES,Federal Contract Tower,0,0,15,0,15,0,43,127,2,172,0,43,142,2,187,140,0,140,327
06/16/2005,SIG,PR,ASO,ES,Federal Contract Tower,0,0,11,0,11,0,51,117,4,172,0,51,128,4,183,72,0,72,255
06/17/2005,SIG,PR,ASO,ES,Federal Contract Tower,0,0,18,0,18,0,52,124,0,176,0,52,142,0,194,146,0,146,340
06/18/2005,SIG,PR,ASO,ES,Federal Contract Tower,0,0,6,0,6,0,40,150,0,190,0,40,156,0,196,186,0,186,382
06/19/2005,SIG,PR,ASO,ES,Federal Contract Tower,0,0,10,0,10,0,24,77,0,101,0,24,87,0,111,62,0,62,173
06/20/2005,SIG,PR,ASO,ES,Federal Contract Tower,0,0,7,0,7,0,51,119,0,170,0,51,126,0,177,118,0,118,295
06/21/2005,SIG,PR,ASO,ES,Federal Contract Tower,0,0,16,1,17,0,52,117,2,171,0,52,133,3,188,174,0,174,362
06/22/2005,SIG,PR,ASO,ES,Federal Contract Tower,0,0,14,0,14,0,48,95,0,143,0,48,109,0,157,60,0,60,217
06/23/2005,SIG,PR,ASO,ES,Federal Contract Tower,0,0,16,2,18,0,57,116,1,174,0,57,132,3,192,122,0,122,314
06/24/2005,SIG,PR,ASO,ES,Federal Contract Tower,0,0,25,0,25,0,55,165,1,221,0,55,190,1,246,104,0,104,350
06/25/2005,SIG,PR,ASO,ES,Federal Contract Tower,0,0,8,0,8,0,22,123,5,150,0,22,131,5,158,100,0,100,258
06/26/2005,SIG,PR,ASO,ES,Federal Contract Tower,0,0,13,0,13,0,33,120,5,158,0,33,133,5,171,100,0,100,271
06/27/2005,SIG,PR,ASO,ES,Federal Contract Tower,0,0,19,1,20,0,53,122,1,176,0,53,141,2,196,148,0,148,344
06/28/2005,SIG,PR,ASO,ES,Federal Contract Tower,0,0,13,1,14,0,40,124,13,177,0,40,137,14,191,156,0,156,347
06/29/2005,SIG,PR,ASO,ES,Federal Contract Tower,0,2,19,0,21,0,39,104,6,149,0,41,123,6,170,74,0,74,244
06/30/2005,SIG,PR,ASO,ES,Federal Contract Tower,0,0,15,2,17,0,62,145,4,211,0,62,160,6,228,172,0,172,400
07/01/2005,SIG,PR,ASO,ES,Federal Contract Tower,0,0,42,0,42,0,47,211,3,261,0,47,253,3,303,148,0,148,451
07/02/2005,SIG,PR,ASO,ES,Federal Contract Tower,0,0,16,0,16,0,46,141,6,193,0,46,157,6,209,196,0,196,405
07/03/2005,SIG,PR,ASO,ES,Federal Contract Tower,0,0,6,0,6,0,36,88,4,128,0,36,94,4,134,90,0,90,224
07/04/2005,SIG,PR,ASO,ES,Federal Contract Tower,0,2,28,0,30,0,55,114,0,169,0,57,142,0,199,106,0,106,305
07/05/2005,SIG,PR,ASO,ES,Federal Contract Tower,0,0,19,1,20,0,65,119,5,189,0,65,138,6,209,96,0,96,305
07/06/2005,SIG,PR,ASO,ES,Federal Contract Tower,0,0,11,0,11,0,50,104,1,155,0,50,115,1,166,90,0,90,256
07/07/2005,SIG,PR,ASO,ES,Federal Contract Tower,0,0,25,1,26,0,48,120,13,181,0,48,145,14,207,140,0,140,347
07/08/2005,SIG,PR,ASO,ES,Federal Contract Tower,0,0,30,0,30,0,60,197,10,267,0,60,227,10,297,94,0,94,391
07/09/2005,SIG,PR,ASO,ES,Federal Contract Tower,0,0,8,0,8,0,27,96,11,134,0,27,104,11,142,66,0,66,208
07/10/2005,SIG,PR,ASO,ES,Federal Contract Tower,0,0,39,1,40,0,36,78,2,116,0,36,117,3,156,28,0,28,184
07/11/2005,SIG,PR,ASO,ES,Federal Contract Tower,0,0,21,0,21,0,41,103,0,144,0,41,124,0,165,58,0,58,223
07/12/2005,SIG,PR,ASO,ES,Federal Contract Tower,0,0,7,0,7,0,44,113,0,157,0,44,120,0,164,68,0,68,232
07/13/2005,SIG,PR,ASO,ES,Federal Contract Tower,0,0,19,0,19,0,50,140,5,195,0,50,159,5,214,106,0,106,320
07/14/2005,SIG,PR,ASO,ES,Federal Contract Tower,0,0,8,0,8,0,51,126,7,184,0,51,134,7,192,120,0,120,312
07/15/2005,SIG,PR,ASO,ES,Federal Contract Tower,0,0,16,0,16,0,66,155,10,231,0,66,171,10,247,184,0,184,431
07/16/2005,SIG,PR,ASO,ES,Federal Contract Tower,0,0,16,0,16,0,51,173,0,224,0,51,189,0,240,136,0,136,376
07/17/2005,SIG,PR,ASO,ES,Federal Contract Tower,0,0,9,0,9,0,34,129,0,163,0,34,138,0,172,114,0,114,286
07/18/2005,SIG,PR,ASO,ES,Federal Contract Tower,0,4,15,0,19,0,47,163,10,220,0,51,178,10,239,194,0,194,433
07/19/2005,SIG,PR,ASO,ES,Federal Contract Tower,0,0,21,0,21,0,46,95,4,145,0,46,116,4,166,98,0,98,264
07/20/2005,SIG,PR,ASO,ES,Federal Contract Tower,0,0,19,0,19,0,60,109,3,172,0,60,128,3,191,170,0,170,361
07/21/2005,SIG,PR,ASO,ES,Federal Contract Tower,0,0,31,0,31,0,62,162,8,232,0,62,193,8,263,220,0,220,483
07/22/2005,SIG,PR,ASO,ES,Federal Contract Tower,0,3,25,0,28,0,50,113,0,163,0,53,138,0,191,46,0,46,237
07/23/2005,SIG,PR,ASO,ES,Federal Contract Tower,0,0,11,0,11,0,43,129,2,174,0,43,140,2,185,76,0,76,261
07/24/2005,SIG,PR,ASO,ES,Federal Contract Tower,0,0,7,0,7,0,37,100,0,137,0,37,107,0,144,68,0,68,212
07/25/2005,SIG,PR,ASO,ES,Federal Contract Tower,0,3,16,0,19,0,46,140,3,189,0,49,156,3,208,104,0,104,312
07/26/2005,SIG,PR,ASO,ES,Federal Contract Tower,0,0,20,0,20,0,41,142,0,183,0,41,162,0,203,100,0,100,303
07/27/2005,SIG,PR,ASO,ES,Federal Contract Tower,0,1,21,0,22,0,55,112,2,169,0,56,133,2,191,108,0,108,299
07/28/2005,SIG,PR,ASO,ES,Federal Contract Tower,0,0,14,0,14,0,57,116,4,177,0,57,130,4,191,80,0,80,271
07/29/2005,SIG,PR,ASO,ES,Federal Contract Tower,0,4,19,1,24,0,45,92,2,139,0,49,111,3,163,38,0,38,201
07/30/2005,SIG,PR,ASO,ES,Federal Contract Tower,0,0,8,0,8,0,38,121,0,159,0,38,129,0,167,70,0,70,237
07/31/2005,SIG,PR,ASO,ES,Federal Contract Tower,0,0,16,0,16,0,35,107,0,142,0,35,123,0,158,78,0,78,236
08/01/2005,SIG,PR,ASO,ES,Federal Contract Tower,0,4,15,0,19,0,54,126,8,188,0,58,141,8,207,152,0,152,359
08/02/2005,SIG,PR,ASO,ES,Federal Contract Tower,0,0,9,1,10,0,47,121,22,190,0,47,130,23,200,148,0,148,348
08/03/2005,SIG,PR,ASO,ES,Federal Contract Tower,0,0,15,0,15,0,44,83,5,132,0,44,98,5,147,78,0,78,225
08/04/2005,SIG,PR,ASO,ES,Federal Contract Tower,0,0,20,0,20,0,50,77,0,127,0,50,97,0,147,82,0,82,229
08/05/2005,SIG,PR,ASO,ES,Federal Contract Tower,0,0,16,0,16,0,52,123,7,182,0,52,139,7,198,72,0,72,270
08/06/2005,SIG,PR,ASO,ES,Federal Contract Tower,0,0,7,0,7,0,39,143,0,182,0,39,150,0,189,134,0,134,323
08/07/2005,SIG,PR,ASO,ES,Federal Contract Tower,0,0,12,0,12,0,34,116,0,150,0,34,128,0,162,38,0,38,200
08/08/2005,SIG,PR,ASO,ES,Federal Contract Tower,0,0,12,1,13,0,41,93,6,140,0,41,105,7,153,52,0,52,205
08/09/2005,SIG,PR,ASO,ES,Federal Contract Tower,0,0,12,2,14,0,56,107,7,170,0,56,119,9,184,136,0,136,320
08/10/2005,SIG,PR,ASO,ES,Federal Contract Tower,0,0,8,0,8,0,66,127,4,197,0,66,135,4,205,104,0,104,309
08/11/2005,SIG,PR,ASO,ES,Federal Contract Tower,0,0,5,0,5,0,47,95,3,145,0,47,100,3,150,100,0,100,250
08/12/2005,SIG,PR,ASO,ES,Federal Contract Tower,0,0,12,0,12,0,50,97,3,150,0,50,109,3,162,70,0,70,232
08/13/2005,SIG,PR,ASO,ES,Federal Contract Tower,0,0,13,0,13,0,48,167,0,215,0,48,180,0,228,170,0,170,398
08/14/2005,SIG,PR,ASO,ES,Federal Contract Tower,0,0,12,0,12,0,27,99,0,126,0,27,111,0,138,48,0,48,186
08/15/2005,SIG,PR,ASO,ES,Federal Contract Tower,0,0,17,0,17,0,42,109,1,152,0,42,126,1,169,174,0,174,343
08/16/2005,SIG,PR,ASO,ES,Federal Contract Tower,0,0,11,0,11,0,40,93,4,137,0,40,104,4,148,154,0,154,302
08/17/2005,SIG,PR,ASO,ES,Federal Contract Tower,0,0,15,1,16,0,39,79,4,122,0,39,94,5,138,62,0,62,200
08/18/2005,SIG,PR,ASO,ES,Federal Contract Tower,0,0,24,0,24,0,39,81,11,131,0,39,105,11,155,86,0,86,241
08/19/2005,SIG,PR,ASO,ES,Federal Contract Tower,0,0,17,0,17,0,44,129,5,178,0,44,146,5,195,90,0,90,285
08/20/2005,SIG,PR,ASO,ES,Federal Contract Tower,0,0,2,0,2,0,30,77,0,107,0,30,79,0,109,90,0,90,199
08/21/2005,SIG,PR,ASO,ES,Federal Contract Tower,0,0,12,0,12,0,31,113,0,144,0,31,125,0,156,132,0,132,288
08/22/2005,SIG,PR,ASO,ES,Federal Contract Tower,0,0,15,0,15,0,40,115,3,158,0,40,130,3,173,120,0,120,293
08/23/2005,SIG,PR,ASO,ES,Federal Contract Tower,0,0,14,0,14,0,38,62,4,104,0,38,76,4,118,104,0,104,222
08/24/2005,SIG,PR,ASO,ES,Federal Contract Tower,0,0,12,0,12,0,43,91,0,134,0,43,103,0,146,136,0,136,282
08/25/2005,SIG,PR,ASO,ES,Federal Contract Tower,0,0,10,0,10,0,41,95,4,140,0,41,105,4,150,114,0,114,264
08/26/2005,SIG,PR,ASO,ES,Federal Contract Tower,0,0,19,0,19,0,49,137,4,190,0,49,156,4,209,190,0,190,399
08/27/2005,SIG,PR,ASO,ES,Federal Contract Tower,0,0,9,0,9,0,36,134,0,170,0,36,143,0,179,112,0,112,291
08/28/2005,SIG,PR,ASO,ES,Federal Contract Tower,0,0,9,0,9,0,35,120,2,157,0,35,129,2,166,66,0,66,232
08/29/2005,SIG,PR,ASO,ES,Federal Contract Tower,0,0,8,2,10,0,40,111,1,152,0,40,119,3,162,74,0,74,236
08/30/2005,SIG,PR,ASO,ES,Federal Contract Tower,0,1,8,1,10,0,31,139,4,174,0,32,147,5,184,120,0,120,304
08/31/2005,SIG,PR,ASO,ES,Federal Contract Tower,0,0,10,0,10,0,41,146,17,204,0,41,156,17,214,119,0,119,333
09/01/2005,SIG,PR,ASO,ES,Federal Contract Tower,0,0,13,1,14,0,49,145,6,200,0,49,158,7,214,144,2,146,360
09/02/2005,SIG,PR,ASO,ES,Federal Contract Tower,0,0,26,0,26,0,57,161,4,222,0,57,187,4,248,92,0,92,340
09/03/2005,SIG,PR,ASO,ES,Federal Contract Tower,0,0,14,0,14,0,43,162,1,206,0,43,176,1,220,218,0,218,438
09/04/2005,SIG,PR,ASO,ES,Federal Contract Tower,0,0,9,0,9,0,26,73,0,99,0,26,82,0,108,82,0,82,190
09/05/2005,SIG,PR,ASO,ES,Federal Contract Tower,0,0,43,0,43,0,52,136,0,188,0,52,179,0,231,130,0,130,361
09/06/2005,SIG,PR,ASO,ES,Federal Contract Tower,0,0,12,0,12,0,38,114,0,152,0,38,126,0,164,154,0,154,318
09/07/2005,SIG,PR,ASO,ES,Federal Contract Tower,0,0,9,1,10,0,46,117,4,167,0,46,126,5,177,140,0,140,317
09/08/2005,SIG,PR,ASO,ES,Federal Contract Tower,0,0,15,0,15,0,43,90,0,133,0,43,105,0,148,78,0,78,226
09/09/2005,SIG,PR,ASO,ES,Federal Contract Tower,0,0,15,0,15,0,32,117,3,152,0,32,132,3,167,144,0,144,311
09/10/2005,SIG,PR,ASO,ES,Federal Contract Tower,0,0,8,0,8,0,41,125,0,166,0,41,133,0,174,220,0,220,394
09/11/2005,SIG,PR,ASO,ES,Federal Contract Tower,0,0,13,0,13,0,24,70,0,94,0,24,83,0,107,76,0,76,183
09/12/2005,SIG,PR,ASO,ES,Federal Contract Tower,0,0,15,0,15,0,41,119,0,160,0,41,134,0,175,127,0,127,302
09/13/2005,SIG,PR,ASO,ES,Federal Contract Tower,0,0,7,0,7,0,46,119,0,165,0,46,126,0,172,136,0,136,308
09/14/2005,SIG,PR,ASO,ES,Federal Contract Tower,0,0,9,0,9,0,41,133,4,178,0,41,142,4,187,208,0,208,395
09/15/2005,SIG,PR,ASO,ES,Federal Contract Tower,0,0,8,0,8,0,42,120,12,174,0,42,128,12,182,134,0,134,316
09/16/2005,SIG,PR,ASO,ES,Federal Contract Tower,0,0,7,0,7,0,38,120,9,167,0,38,127,9,174,150,0,150,324
09/17/2005,SIG,PR,ASO,ES,Federal Contract Tower,0,0,20,0,20,0,32,92,0,124,0,32,112,0,144,128,0,128,272
09/18/2005,SIG,PR,ASO,ES,Federal Contract Tower,0,0,11,0,11,0,26,118,0,144,0,26,129,0,155,158,0,158,313
09/19/2005,SIG,PR,ASO,ES,Federal Contract Tower,0,0,11,0,11,0,33,145,5,183,0,33,156,5,194,222,0,222,416
09/20/2005,SIG,PR,ASO,ES,Federal Contract Tower,0,0,5,1,6,0,39,160,7,206,0,39,165,8,212,198,0,198,410
09/21/2005,SIG,PR,ASO,ES,Federal Contract Tower,0,0,10,0,10,0,53,130,1,184,0,53,140,1,194,176,0,176,370
09/22/2005,SIG,PR,ASO,ES,Federal Contract Tower,0,0,11,0,11,0,44,129,8,181,0,44,140,8,192,162,0,162,354
09/23/2005,SIG,PR,ASO,ES,Federal Contract Tower,0,0,11,0,11,0,43,142,6,191,0,43,153,6,202,206,0,206,408
09/24/2005,SIG,PR,ASO,ES,Federal Contract Tower,0,0,5,0,5,0,36,146,2,184,0,36,151,2,189,144,0,144,333
09/25/2005,SIG,PR,ASO,ES,Federal Contract Tower,0,0,9,0,9,0,30,121,0,151,0,30,130,0,160,196,0,196,356
09/26/2005,SIG,PR,ASO,ES,Federal Contract Tower,0,0,8,0,8,0,43,103,1,147,0,43,111,1,155,80,0,80,235
09/27/2005,SIG,PR,ASO,ES,Federal Contract Tower,0,0,5,0,5,0,48,118,1,167,0,48,123,1,172,120,0,120,292
09/28/2005,SIG,PR,ASO,ES,Federal Contract Tower,0,0,10,2,12,0,41,173,0,214,0,41,183,2,226,258,0,258,484
09/29/2005,SIG,PR,ASO,ES,Federal Contract Tower,0,0,9,0,9,0,28,133,4,165,0,28,142,4,174,110,0,110,284
09/30/2005,SIG,PR,ASO,ES,Federal Contract Tower,0,0,12,0,12,0,30,75,0,105,0,30,87,0,117,116,0,116,233
10/01/2005,SIG,PR,ASO,ES,Federal Contract Tower,0,0,11,0,11,0,36,129,2,167,0,36,140,2,178,148,0,148,326
10/02/2005,SIG,PR,ASO,ES,Federal Contract Tower,0,0,13,0,13,0,26,96,0,122,0,26,109,0,135,88,0,88,223
10/03/2005,SIG,PR,ASO,ES,Federal Contract Tower,0,0,10,0,10,0,24,79,0,103,0,24,89,0,113,36,0,36,149
10/04/2005,SIG,PR,ASO,ES,Federal Contract Tower,0,0,9,0,9,0,34,97,2,133,0,34,106,2,142,94,0,94,236
10/05/2005,SIG,PR,ASO,ES,Federal Contract Tower,0,0,10,0,10,0,56,115,10,181,0,56,125,10,191,140,0,140,331
10/06/2005,SIG,PR,ASO,ES,Federal Contract Tower,0,0,13,0,13,0,41,95,0,136,0,41,108,0,149,100,0,100,249
10/07/2005,SIG,PR,ASO,ES,Federal Contract Tower,0,0,12,0,12,0,36,115,0,151,0,36,127,0,163,110,0,110,273
10/08/2005,SIG,PR,ASO,ES,Federal Contract Tower,0,0,12,0,12,0,36,115,0,151,0,36,127,0,163,110,0,110,273
10/09/2005,SIG,PR,ASO,ES,Federal Contract Tower,0,0,8,0,8,0,22,77,0,99,0,22,85,0,107,88,0,88,195
10/10/2005,SIG,PR,ASO,ES,Federal Contract Tower,0,0,15,0,15,0,21,75,0,96,0,21,90,0,111,48,0,48,159
10/11/2005,SIG,PR,ASO,ES,Federal Contract Tower,0,0,16,0,16,0,13,68,0,81,0,13,84,0,97,38,0,38,135
10/12/2005,SIG,PR,ASO,ES,Federal Contract Tower,0,0,2,0,2,0,31,58,0,89,0,31,60,0,91,80,0,80,171
10/13/2005,SIG,PR,ASO,ES,Federal Contract Tower,0,0,10,0,10,0,27,125,9,161,0,27,135,9,171,74,0,74,245
10/14/2005,SIG,PR,ASO,ES,Federal Contract Tower,0,0,3,0,3,0,55,233,4,292,0,55,236,4,295,216,0,216,511
10/15/2005,SIG,PR,ASO,ES,Federal Contract Tower,0,0,16,0,16,0,33,102,7,142,0,33,118,7,158,126,0,126,284
10/16/2005,SIG,PR,ASO,ES,Federal Contract Tower,0,0,5,0,5,0,25,104,2,131,0,25,109,2,136,80,0,80,216
10/17/2005,SIG,PR,ASO,ES,Federal Contract Tower,0,0,5,0,5,0,48,131,5,184,0,48,136,5,189,132,0,132,321
10/18/2005,SIG,PR,ASO,ES,Federal Contract Tower,0,0,3,0,3,0,43,123,8,174,0,43,126,8,177,176,0,176,353
10/19/2005,SIG,PR,ASO,ES,Federal Contract Tower,0,0,8,2,10,0,44,129,4,177,0,44,137,6,187,184,0,184,371
10/20/2005,SIG,PR,ASO,ES,Federal Contract Tower,0,0,15,0,15,0,31,141,2,174,0,31,156,2,189,97,0,97,286
10/21/2005,SIG,PR,ASO,ES,Federal Contract Tower,0,0,17,0,17,0,37,109,0,146,0,37,126,0,163,82,0,82,245
10/22/2005,SIG,PR,ASO,ES,Federal Contract Tower,0,0,10,0,10,0,32,100,0,132,0,32,110,0,142,82,0,82,224
10/23/2005,SIG,PR,ASO,ES,Federal Contract Tower,0,0,6,0,6,0,23,100,0,123,0,23,106,0,129,22,0,22,151
10/24/2005,SIG,PR,ASO,ES,Federal Contract Tower,0,0,18,0,18,0,54,112,0,166,0,54,130,0,184,76,0,76,260
10/25/2005,SIG,PR,ASO,ES,Federal Contract Tower,0,0,7,0,7,0,48,134,0,182,0,48,141,0,189,190,0,190,379
10/26/2005,SIG,PR,ASO,ES,Federal Contract Tower,0,0,8,0,8,0,34,152,3,189,0,34,160,3,197,131,0,131,328
10/27/2005,SIG,PR,ASO,ES,Federal Contract Tower,0,0,6,0,6,0,23,102,6,131,0,23,108,6,137,70,0,70,207
10/28/2005,SIG,PR,ASO,ES,Federal Contract Tower,0,0,10,0,10,0,28,131,5,164,0,28,141,5,174,98,0,98,272
10/29/2005,SIG,PR,ASO,ES,Federal Contract Tower,0,0,7,0,7,0,39,192,0,231,0,39,199,0,238,264,0,264,502
10/30/2005,SIG,PR,ASO,ES,Federal Contract Tower,0,0,7,0,7,0,28,104,0,132,0,28,111,0,139,93,0,93,232
10/31/2005,SIG,PR,ASO,ES,Federal Contract Tower,0,0,4,0,4,0,35,98,2,135,0,35,102,2,139,74,0,74,213
11/01/2005,SIG,PR,ASO,ES,Federal Contract Tower,0,0,11,0,11,0,33,94,0,127,0,33,105,0,138,84,0,84,222
11/02/2005,SIG,PR,ASO,ES,Federal Contract Tower,0,0,11,1,12,0,30,124,5,159,0,30,135,6,171,124,0,124,295
11/03/2005,SIG,PR,ASO,ES,Federal Contract Tower,0,0,10,0,10,0,34,107,4,145,0,34,117,4,155,142,0,142,297
11/04/2005,SIG,PR,ASO,ES,Federal Contract Tower,0,0,22,0,22,0,37,163,4,204,0,37,185,4,226,114,0,114,340
11/05/2005,SIG,PR,ASO,ES,Federal Contract Tower,0,0,3,0,3,0,39,185,1,225,0,39,188,1,228,200,0,200,428
11/06/2005,SIG,PR,ASO,ES,Federal Contract Tower,0,0,14,0,14,0,32,87,1,120,0,32,101,1,134,42,0,42,176
11/07/2005,SIG,PR,ASO,ES,Federal Contract Tower,0,0,12,0,12,0,45,115,1,161,0,45,127,1,173,168,0,168,341
11/08/2005,SIG,PR,ASO,ES,Federal Contract Tower,0,0,4,0,4,0,36,129,9,174,0,36,133,9,178,272,0,272,450
11/09/2005,SIG,PR,ASO,ES,Federal Contract Tower,0,0,6,1,7,0,44,171,10,225,0,44,177,11,232,314,0,314,546
11/10/2005,SIG,PR,ASO,ES,Federal Contract Tower,0,1,19,0,20,0,37,128,0,165,0,38,147,0,185,162,0,162,347
11/11/2005,SIG,PR,ASO,ES,Federal Contract Tower,0,0,0,0,0,0,51,108,2,161,0,51,108,2,161,126,0,126,287
11/12/2005,SIG,PR,ASO,ES,Federal Contract Tower,0,0,6,0,6,0,26,114,0,140,0,26,120,0,146,230,0,230,376
11/13/2005,SIG,PR,ASO,ES,Federal Contract Tower,0,0,23,1,24,0,36,97,2,135,0,36,120,3,159,78,0,78,237
11/14/2005,SIG,PR,ASO,ES,Federal Contract Tower,0,0,17,2,19,0,39,78,0,117,0,39,95,2,136,72,0,72,208
11/15/2005,SIG,PR,ASO,ES,Federal Contract Tower,0,0,7,0,7,0,51,119,5,175,0,51,126,5,182,104,0,104,286
11/16/2005,SIG,PR,ASO,ES,Federal Contract Tower,0,0,15,0,15,0,28,73,10,111,0,28,88,10,126,58,0,58,184
11/17/2005,SIG,PR,ASO,ES,Federal Contract Tower,0,0,14,0,14,0,40,174,6,220,0,40,188,6,234,164,0,164,398
11/18/2005,SIG,PR,ASO,ES,Federal Contract Tower,0,0,12,0,12,0,36,120,4,160,0,36,132,4,172,192,0,192,364
11/19/2005,SIG,PR,ASO,ES,Federal Contract Tower,0,0,7,0,7,0,43,172,10,225,0,43,179,10,232,178,0,178,410
11/20/2005,SIG,PR,ASO,ES,Federal Contract Tower,0,0,9,0,9,0,31,126,2,159,0,31,135,2,168,112,0,112,280
11/21/2005,SIG,PR,ASO,ES,Federal Contract Tower,0,0,19,1,20,0,41,127,3,171,0,41,146,4,191,194,0,194,385
11/22/2005,SIG,PR,ASO,ES,Federal Contract Tower,0,0,14,0,14,0,26,102,1,129,0,26,116,1,143,174,0,174,317
11/23/2005,SIG,PR,ASO,ES,Federal Contract Tower,0,0,54,1,55,0,65,125,0,190,0,65,179,1,245,156,0,156,401
11/24/2005,SIG,PR,ASO,ES,Federal Contract Tower,0,0,10,0,10,0,30,38,0,68,0,30,48,0,78,12,0,12,90
11/25/2005,SIG,PR,ASO,ES,Federal Contract Tower,0,0,11,0,11,0,34,88,0,122,0,34,99,0,133,70,0,70,203
11/26/2005,SIG,PR,ASO,ES,Federal Contract Tower,0,0,13,0,13,0,48,100,0,148,0,48,113,0,161,136,0,136,297
11/27/2005,SIG,PR,ASO,ES,Federal Contract Tower,0,0,37,0,37,0,31,112,0,143,0,31,149,0,180,210,0,210,390
11/28/2005,SIG,PR,ASO,ES,Federal Contract Tower,0,0,17,0,17,0,41,88,5,134,0,41,105,5,151,128,0,128,279
11/29/2005,SIG,PR,ASO,ES,Federal Contract Tower,0,0,8,0,8,0,59,136,4,199,0,59,144,4,207,182,0,182,389
11/30/2005,SIG,PR,ASO,ES,Federal Contract Tower,0,0,9,0,9,0,41,155,9,205,0,41,164,9,214,200,0,200,414
12/01/2005,SIG,PR,ASO,ES,Federal Contract Tower,0,0,10,0,10,0,40,120,4,164,0,40,130,4,174,152,0,152,326
12/02/2005,SIG,PR,ASO,ES,Federal Contract Tower,0,0,15,0,15,0,41,132,10,183,0,41,147,10,198,186,0,186,384
12/03/2005,SIG,PR,ASO,ES,Federal Contract Tower,0,0,16,0,16,0,33,121,4,158,0,33,137,4,174,143,0,143,317
12/04/2005,SIG,PR,ASO,ES,Federal Contract Tower,0,0,12,0,12,0,48,145,0,193,0,48,157,0,205,214,0,214,419
12/05/2005,SIG,PR,ASO,ES,Federal Contract Tower,0,0,11,0,11,0,37,143,4,184,0,37,154,4,195,126,0,126,321
12/06/2005,SIG,PR,ASO,ES,Federal Contract Tower,0,0,12,0,12,0,66,152,7,225,0,66,164,7,237,230,0,230,467
12/07/2005,SIG,PR,ASO,ES,Federal Contract Tower,0,0,8,2,10,0,57,208,16,281,0,57,216,18,291,254,0,254,545
12/08/2005,SIG,PR,ASO,ES,Federal Contract Tower,0,0,14,0,14,0,47,115,14,176,0,47,129,14,190,184,0,184,374
12/09/2005,SIG,PR,ASO,ES,Federal Contract Tower,0,0,15,3,18,0,34,122,5,161,0,34,137,8,179,102,0,102,281
12/10/2005,SIG,PR,ASO,ES,Federal Contract Tower,0,0,16,0,16,0,29,192,0,221,0,29,208,0,237,214,0,214,451
12/11/2005,SIG,PR,ASO,ES,Federal Contract Tower,0,0,14,0,14,0,30,94,0,124,0,30,108,0,138,134,0,134,272
12/12/2005,SIG,PR,ASO,ES,Federal Contract Tower,0,0,12,1,13,0,36,184,11,231,0,36,196,12,244,172,0,172,416
12/13/2005,SIG,PR,ASO,ES,Federal Contract Tower,0,0,6,2,8,0,52,157,11,220,0,52,163,13,228,218,0,218,446
12/14/2005,SIG,PR,ASO,ES,Federal Contract Tower,0,0,14,1,15,0,69,159,2,230,0,69,173,3,245,222,0,222,467
12/15/2005,SIG,PR,ASO,ES,Federal Contract Tower,0,0,40,1,41,0,42,89,4,135,0,42,129,5,176,164,0,164,340
12/16/2005,SIG,PR,ASO,ES,Federal Contract Tower,0,0,26,1,27,0,54,115,4,173,0,54,141,5,200,192,0,192,392
12/17/2005,SIG,PR,ASO,ES,Federal Contract Tower,0,0,17,0,17,0,54,151,3,208,0,54,168,3,225,144,0,144,369
12/18/2005,SIG,PR,ASO,ES,Federal Contract Tower,0,0,21,0,21,0,48,117,0,165,0,48,138,0,186,84,0,84,270
12/19/2005,SIG,PR,ASO,ES,Federal Contract Tower,0,0,13,2,15,0,40,115,5,160,0,40,128,7,175,108,2,110,285
12/20/2005,SIG,PR,ASO,ES,Federal Contract Tower,0,0,16,0,16,0,52,159,4,215,0,52,175,4,231,174,0,174,405
12/21/2005,SIG,PR,ASO,ES,Federal Contract Tower,0,0,19,0,19,0,53,128,3,184,0,53,147,3,203,172,0,172,375
12/22/2005,SIG,PR,ASO,ES,Federal Contract Tower,0,0,19,0,19,0,46,135,0,181,0,46,154,0,200,216,0,216,416
12/23/2005,SIG,PR,ASO,ES,Federal Contract Tower,0,0,17,0,17,0,44,139,0,183,0,44,156,0,200,186,0,186,386
12/24/2005,SIG,PR,ASO,ES,Federal Contract Tower,0,0,15,0,15,0,30,127,0,157,0,30,142,0,172,152,0,152,324
12/25/2005,SIG,PR,ASO,ES,Federal Contract Tower,0,0,5,0,5,0,22,33,0,55,0,22,38,0,60,4,0,4,64
12/26/2005,SIG,PR,ASO,ES,Federal Contract Tower,0,0,21,0,21,0,45,122,0,167,0,45,143,0,188,116,0,116,304
12/27/2005,SIG,PR,ASO,ES,Federal Contract Tower,0,0,14,0,14,0,48,142,3,193,0,48,156,3,207,244,0,244,451
12/28/2005,SIG,PR,ASO,ES,Federal Contract Tower,0,0,16,0,16,0,56,148,0,204,0,56,164,0,220,158,0,158,378
12/29/2005,SIG,PR,ASO,ES,Federal Contract Tower,0,0,22,0,22,0,43,110,0,153,0,43,132,0,175,176,0,176,351
12/30/2005,SIG,PR,ASO,ES,Federal Contract Tower,0,0,16,0,16,0,41,135,2,178,0,41,151,2,194,114,0,114,308
12/31/2005,SIG,PR,ASO,ES,Federal Contract Tower,0,0,7,0,7,0,38,99,1,138,0,38,106,1,145,98,0,98,243
01/01/2006,SIG,PR,ASO,ES,Federal Contract Tower,0,0,12,0,12,0,22,19,0,41,0,22,31,0,53,18,0,18,71
01/02/2006,SIG,PR,ASO,ES,Federal Contract Tower,0,0,31,0,31,0,50,107,0,157,0,50,138,0,188,180,0,180,368
01/03/2006,SIG,PR,ASO,ES,Federal Contract Tower,0,0,20,0,20,0,61,157,1,219,0,61,177,1,239,220,0,220,459
01/04/2006,SIG,PR,ASO,ES,Federal Contract Tower,0,0,22,0,22,0,48,142,7,197,0,48,164,7,219,172,0,172,391
01/05/2006,SIG,PR,ASO,ES,Federal Contract Tower,0,0,16,0,16,0,28,162,4,194,0,28,178,4,210,242,0,242,452
01/06/2006,SIG,PR,ASO,ES,Federal Contract Tower,0,0,13,0,13,0,46,75,4,125,0,46,88,4,138,134,0,134,272
01/07/2006,SIG,PR,ASO,ES,Federal Contract Tower,0,0,24,0,24,0,24,121,0,145,0,24,145,0,169,160,0,160,329
01/08/2006,SIG,PR,ASO,ES,Federal Contract Tower,0,0,22,0,22,0,29,106,0,135,0,29,128,0,157,118,0,118,275
01/09/2006,SIG,PR,ASO,ES,Federal Contract Tower,0,0,27,0,27,0,34,94,0,128,0,34,121,0,155,182,0,182,337
01/10/2006,SIG,PR,ASO,ES,Federal Contract Tower,0,0,9,1,10,0,54,147,5,206,0,54,156,6,216,208,0,208,424
01/11/2006,SIG,PR,ASO,ES,Federal Contract Tower,0,0,14,0,14,0,52,154,0,206,0,52,168,0,220,160,0,160,380
01/12/2006,SIG,PR,ASO,ES,Federal Contract Tower,0,0,8,0,8,0,40,125,3,168,0,40,133,3,176,180,0,180,356
01/13/2006,SIG,PR,ASO,ES,Federal Contract Tower,0,0,27,1,28,0,44,132,6,182,0,44,159,7,210,178,0,178,388
01/14/2006,SIG,PR,ASO,ES,Federal Contract Tower,0,0,11,0,11,0,33,115,2,150,0,33,126,2,161,218,0,218,379
01/15/2006,SIG,PR,ASO,ES,Federal Contract Tower,0,0,15,0,15,0,18,103,0,121,0,18,118,0,136,166,0,166,302
01/16/2006,SIG,PR,ASO,ES,Federal Contract Tower,0,0,20,0,20,0,44,104,0,148,0,44,124,0,168,164,0,164,332
01/17/2006,SIG,PR,ASO,ES,Federal Contract Tower,0,0,7,0,7,0,63,154,1,218,0,63,161,1,225,192,0,192,417
01/18/2006,SIG,PR,ASO,ES,Federal Contract Tower,0,0,14,0,14,0,52,128,8,188,0,52,142,8,202,224,0,224,426
01/19/2006,SIG,PR,ASO,ES,Federal Contract Tower,0,0,19,0,19,0,34,117,9,160,0,34,136,9,179,134,0,134,313
01/20/2006,SIG,PR,ASO,ES,Federal Contract Tower,0,0,23,0,23,0,38,110,9,157,0,38,133,9,180,84,0,84,264
01/21/2006,SIG,PR,ASO,ES,Federal Contract Tower,0,0,11,0,11,0,38,116,3,157,0,38,127,3,168,204,0,204,372
01/22/2006,SIG,PR,ASO,ES,Federal Contract Tower,0,0,11,0,11,0,31,74,4,109,0,31,85,4,120,114,0,114,234
01/23/2006,SIG,PR,ASO,ES,Federal Contract Tower,0,0,8,0,8,0,34,132,2,168,0,34,140,2,176,164,0,164,340
01/24/2006,SIG,PR,ASO,ES,Federal Contract Tower,0,0,13,1,14,0,50,179,12,241,0,50,192,13,255,172,0,172,427
01/25/2006,SIG,PR,ASO,ES,Federal Contract Tower,0,0,13,1,14,0,44,160,3,207,0,44,173,4,221,154,0,154,375
01/26/2006,SIG,PR,ASO,ES,Federal Contract Tower,0,0,9,0,9,0,38,146,0,184,0,38,155,0,193,152,0,152,345
01/27/2006,SIG,PR,ASO,ES,Federal Contract Tower,0,0,14,0,14,0,46,318,11,375,0,46,332,11,389,192,0,192,581
01/28/2006,SIG,PR,ASO,ES,Federal Contract Tower,0,0,17,0,17,0,21,80,0,101,0,21,97,0,118,92,0,92,210
01/29/2006,SIG,PR,ASO,ES,Federal Contract Tower,0,0,13,0,13,0,37,89,0,126,0,37,102,0,139,102,0,102,241
01/30/2006,SIG,PR,ASO,ES,Federal Contract Tower,0,0,13,1,14,0,30,172,5,207,0,30,185,6,221,184,0,184,405
01/31/2006,SIG,PR,ASO,ES,Federal Contract Tower,0,0,10,0,10,0,63,165,5,233,0,63,175,5,243,166,0,166,409
02/01/2006,SIG,PR,ASO,ES,Federal Contract Tower,0,0,6,0,6,0,58,140,6,204,0,58,146,6,210,164,0,164,374
02/02/2006,SIG,PR,ASO,ES,Federal Contract Tower,0,0,25,0,25,0,36,53,1,90,0,36,78,1,115,58,0,58,173
02/03/2006,SIG,PR,ASO,ES,Federal Contract Tower,0,0,25,0,25,0,40,99,4,143,0,40,124,4,168,160,0,160,328
02/04/2006,SIG,PR,ASO,ES,Federal Contract Tower,0,0,9,0,9,0,38,165,0,203,0,38,174,0,212,274,0,274,486
02/05/2006,SIG,PR,ASO,ES,Federal Contract Tower,0,0,22,0,22,0,32,99,0,131,0,32,121,0,153,192,0,192,345
02/06/2006,SIG,PR,ASO,ES,Federal Contract Tower,0,0,7,0,7,0,38,124,1,163,0,38,131,1,170,182,0,182,352
02/07/2006,SIG,PR,ASO,ES,Federal Contract Tower,0,0,10,0,10,0,41,120,12,173,0,41,130,12,183,214,0,214,397
02/08/2006,SIG,PR,ASO,ES,Federal Contract Tower,0,0,12,0,12,0,41,140,11,192,0,41,152,11,204,191,0,191,395
02/09/2006,SIG,PR,ASO,ES,Federal Contract Tower,0,0,15,0,15,0,49,125,0,174,0,49,140,0,189,286,0,286,475
02/10/2006,SIG,PR,ASO,ES,Federal Contract Tower,0,0,21,0,21,0,35,110,6,151,0,35,131,6,172,190,0,190,362
02/11/2006,SIG,PR,ASO,ES,Federal Contract Tower,0,0,16,0,16,0,46,149,6,201,0,46,165,6,217,360,0,360,577
02/12/2006,SIG,PR,ASO,ES,Federal Contract Tower,0,0,12,0,12,0,30,115,0,145,0,30,127,0,157,150,0,150,307
02/13/2006,SIG,PR,ASO,ES,Federal Contract Tower,0,1,8,0,9,0,26,126,6,158,0,27,134,6,167,140,0,140,307
02/14/2006,SIG,PR,ASO,ES,Federal Contract Tower,0,0,13,0,13,0,65,170,6,241,0,65,183,6,254,174,0,174,428
02/15/2006,SIG,PR,ASO,ES,Federal Contract Tower,0,0,16,0,16,0,46,157,4,207,0,46,173,4,223,248,7,255,478
02/16/2006,SIG,PR,ASO,ES,Federal Contract Tower,0,0,18,0,18,0,34,113,0,147,0,34,131,0,165,178,0,178,343
02/17/2006,SIG,PR,ASO,ES,Federal Contract Tower,0,2,27,0,29,0,41,182,7,230,0,43,209,7,259,297,0,297,556
02/18/2006,SIG,PR,ASO,ES,Federal Contract Tower,0,0,10,0,10,0,37,148,0,185,0,37,158,0,195,268,0,268,463
02/19/2006,SIG,PR,ASO,ES,Federal Contract Tower,0,0,15,0,15,0,30,118,0,148,0,30,133,0,163,126,0,126,289
02/20/2006,SIG,PR,ASO,ES,Federal Contract Tower,0,0,23,0,23,0,35,160,0,195,0,35,183,0,218,250,0,250,468
02/21/2006,SIG,PR,ASO,ES,Federal Contract Tower,0,0,17,0,17,0,43,189,15,247,0,43,206,15,264,252,0,252,516
02/22/2006,SIG,PR,ASO,ES,Federal Contract Tower,0,0,14,4,18,0,43,206,9,258,0,43,220,13,276,282,0,282,558
02/23/2006,SIG,PR,ASO,ES,Federal Contract Tower,0,0,11,0,11,0,36,187,2,225,0,36,198,2,236,280,0,280,516
02/24/2006,SIG,PR,ASO,ES,Federal Contract Tower,0,0,39,0,39,0,33,223,5,261,0,33,262,5,300,311,0,311,611
02/25/2006,SIG,PR,ASO,ES,Federal Contract Tower,0,0,14,0,14,0,32,181,4,217,0,32,195,4,231,274,0,274,505
02/26/2006,SIG,PR,ASO,ES,Federal Contract Tower,0,0,17,0,17,0,33,124,0,157,0,33,141,0,174,118,0,118,292
02/27/2006,SIG,PR,ASO,ES,Federal Contract Tower,0,0,21,3,24,0,33,182,0,215,0,33,203,3,239,263,0,263,502
02/28/2006,SIG,PR,ASO,ES,Federal Contract Tower,0,0,17,0,17,0,48,206,2,256,0,48,223,2,273,276,0,276,549
03/01/2006,SIG,PR,ASO,ES,Federal Contract Tower,0,0,11,2,13,0,48,156,3,207,0,48,167,5,220,276,0,276,496
03/02/2006,SIG,PR,ASO,ES,Federal Contract Tower,0,0,23,1,24,0,48,175,4,227,0,48,198,5,251,234,0,234,485
03/03/2006,SIG,PR,ASO,ES,Federal Contract Tower,0,0,30,0,30,0,47,196,6,249,0,47,226,6,279,254,0,254,533
03/04/2006,SIG,PR,ASO,ES,Federal Contract Tower,0,0,12,0,12,0,34,163,0,197,0,34,175,0,209,174,0,174,383
03/05/2006,SIG,PR,ASO,ES,Federal Contract Tower,0,0,15,0,15,0,33,131,0,164,0,33,146,0,179,176,0,176,355
03/06/2006,SIG,PR,ASO,ES,Federal Contract Tower,0,3,15,0,18,0,35,155,5,195,0,38,170,5,213,212,0,212,425
03/07/2006,SIG,PR,ASO,ES,Federal Contract Tower,0,0,16,0,16,0,51,144,1,196,0,51,160,1,212,230,0,230,442
03/08/2006,SIG,PR,ASO,ES,Federal Contract Tower,0,0,8,0,8,0,45,191,0,236,0,45,199,0,244,250,0,250,494
03/09/2006,SIG,PR,ASO,ES,Federal Contract Tower,0,0,16,0,16,0,50,163,3,216,0,50,179,3,232,220,0,220,452
03/10/2006,SIG,PR,ASO,ES,Federal Contract Tower,0,0,31,1,32,0,34,167,2,203,0,34,198,3,235,178,0,178,413
03/11/2006,SIG,PR,ASO,ES,Federal Contract Tower,0,0,16,0,16,0,33,157,0,190,0,33,173,0,206,204,0,204,410
03/12/2006,SIG,PR,ASO,ES,Federal Contract Tower,0,0,25,0,25,0,30,171,0,201,0,30,196,0,226,148,0,148,374
03/13/2006,SIG,PR,ASO,ES,Federal Contract Tower,0,0,23,0,23,0,31,171,1,203,0,31,194,1,226,178,0,178,404
03/14/2006,SIG,PR,ASO,ES,Federal Contract Tower,0,0,29,0,29,0,46,90,0,136,0,46,119,0,165,82,0,82,247
03/15/2006,SIG,PR,ASO,ES,Federal Contract Tower,0,0,10,0,10,0,48,202,0,250,0,48,212,0,260,266,0,266,526
03/16/2006,SIG,PR,ASO,ES,Federal Contract Tower,0,0,6,0,6,0,53,181,0,234,0,53,187,0,240,208,0,208,448
03/17/2006,SIG,PR,ASO,ES,Federal Contract Tower,0,0,18,0,18,0,53,169,0,222,0,53,187,0,240,208,0,208,448
03/18/2006,SIG,PR,ASO,ES,Federal Contract Tower,0,0,7,0,7,0,44,156,0,200,0,44,163,0,207,122,0,122,329
03/19/2006,SIG,PR,ASO,ES,Federal Contract Tower,0,0,15,0,15,0,30,139,1,170,0,30,154,1,185,86,0,86,271
03/20/2006,SIG,PR,ASO,ES,Federal Contract Tower,0,0,4,0,4,0,58,192,0,250,0,58,196,0,254,160,0,160,414
03/21/2006,SIG,PR,ASO,ES,Federal Contract Tower,0,0,13,4,17,0,45,184,2,231,0,45,197,6,248,230,0,230,478
03/22/2006,SIG,PR,ASO,ES,Federal Contract Tower,0,0,17,0,17,0,54,204,9,267,0,54,221,9,284,264,0,264,548
03/23/2006,SIG,PR,ASO,ES,Federal Contract Tower,0,0,14,0,14,0,44,180,2,226,0,44,194,2,240,148,0,148,388
03/24/2006,SIG,PR,ASO,ES,Federal Contract Tower,0,0,39,0,39,0,29,180,7,216,0,29,219,7,255,222,0,222,477
03/25/2006,SIG,PR,ASO,ES,Federal Contract Tower,0,0,8,0,8,0,42,202,0,244,0,42,210,0,252,218,0,218,470
03/26/2006,SIG,PR,ASO,ES,Federal Contract Tower,0,0,22,0,22,0,37,122,1,160,0,37,144,1,182,102,0,102,284
03/27/2006,SIG,PR,ASO,ES,Federal Contract Tower,0,0,21,0,21,0,45,130,5,180,0,45,151,5,201,146,0,146,347
03/28/2006,SIG,PR,ASO,ES,Federal Contract Tower,0,0,22,0,22,0,44,163,2,209,0,44,185,2,231,206,0,206,437
03/29/2006,SIG,PR,ASO,ES,Federal Contract Tower,0,0,16,0,16,0,52,158,1,211,0,52,174,1,227,230,0,230,457
03/30/2006,SIG,PR,ASO,ES,Federal Contract Tower,0,0,15,0,15,0,50,108,5,163,0,50,123,5,178,224,0,224,402
03/31/2006,SIG,PR,ASO,ES,Federal Contract Tower,0,0,26,0,26,0,31,122,11,164,0,31,148,11,190,172,0,172,362
04/01/2006,SIG,PR,ASO,ES,Federal Contract Tower,0,0,12,0,12,0,16,97,0,113,0,16,109,0,125,116,0,116,241
04/02/2006,SIG,PR,ASO,ES,Federal Contract Tower,0,0,18,0,18,0,30,138,0,168,0,30,156,0,186,130,0,130,316
04/03/2006,SIG,PR,ASO,ES,Federal Contract Tower,0,0,20,1,21,0,41,134,1,176,0,41,154,2,197,164,0,164,361
04/04/2006,SIG,PR,ASO,ES,Federal Contract Tower,0,0,11,0,11,0,38,160,0,198,0,38,171,0,209,214,0,214,423
04/05/2006,SIG,PR,ASO,ES,Federal Contract Tower,0,0,13,0,13,0,54,142,1,197,0,54,155,1,210,218,0,218,428
04/06/2006,SIG,PR,ASO,ES,Federal Contract Tower,0,0,19,0,19,0,38,103,4,145,0,38,122,4,164,146,0,146,310
04/07/2006,SIG,PR,ASO,ES,Federal Contract Tower,0,0,26,0,26,0,38,151,5,194,0,38,177,5,220,208,0,208,428
04/08/2006,SIG,PR,ASO,ES,Federal Contract Tower,0,0,12,0,12,0,48,170,6,224,0,48,182,6,236,214,0,214,450
04/09/2006,SIG,PR,ASO,ES,Federal Contract Tower,0,0,14,0,14,0,36,130,1,167,0,36,144,1,181,152,0,152,333
04/10/2006,SIG,PR,ASO,ES,Federal Contract Tower,0,0,19,1,20,0,46,153,0,199,0,46,172,1,219,146,0,146,365
04/11/2006,SIG,PR,ASO,ES,Federal Contract Tower,0,0,16,0,16,0,53,176,6,235,0,53,192,6,251,122,0,122,373
04/12/2006,SIG,PR,ASO,ES,Federal Contract Tower,0,0,36,3,39,0,77,192,0,269,0,77,228,3,308,288,0,288,596
04/13/2006,SIG,PR,ASO,ES,Federal Contract Tower,0,0,26,0,26,0,55,135,4,194,0,55,161,4,220,162,0,162,382
04/14/2006,SIG,PR,ASO,ES,Federal Contract Tower,0,0,11,0,11,0,37,50,0,87,0,37,61,0,98,4,0,4,102
04/15/2006,SIG,PR,ASO,ES,Federal Contract Tower,0,0,8,0,8,0,34,165,0,199,0,34,173,0,207,166,0,166,373
04/16/2006,SIG,PR,ASO,ES,Federal Contract Tower,0,0,23,0,23,0,53,113,4,170,0,53,136,4,193,122,0,122,315
04/17/2006,SIG,PR,ASO,ES,Federal Contract Tower,0,0,18,0,18,0,52,141,4,197,0,52,159,4,215,162,0,162,377
04/18/2006,SIG,PR,ASO,ES,Federal Contract Tower,0,0,16,2,18,0,50,158,4,212,0,50,174,6,230,250,0,250,480
04/19/2006,SIG,PR,ASO,ES,Federal Contract Tower,0,0,15,0,15,0,44,179,2,225,0,44,194,2,240,244,0,244,484
04/20/2006,SIG,PR,ASO,ES,Federal Contract Tower,0,0,17,0,17,0,51,140,5,196,0,51,157,5,213,186,0,186,399
04/21/2006,SIG,PR,ASO,ES,Federal Contract Tower,0,0,14,0,14,0,40,110,6,156,0,40,124,6,170,164,0,164,334
04/22/2006,SIG,PR,ASO,ES,Federal Contract Tower,0,0,17,0,17,0,35,52,0,87,0,35,69,0,104,42,0,42,146
04/23/2006,SIG,PR,ASO,ES,Federal Contract Tower,0,0,32,0,32,0,44,126,0,170,0,44,158,0,202,156,0,156,358
04/24/2006,SIG,PR,ASO,ES,Federal Contract Tower,0,0,14,1,15,0,51,207,9,267,0,51,221,10,282,192,0,192,474
04/25/2006,SIG,PR,ASO,ES,Federal Contract Tower,0,0,9,1,10,0,53,195,3,251,0,53,204,4,261,256,0,256,517
04/26/2006,SIG,PR,ASO,ES,Federal Contract Tower,0,0,11,0,11,0,44,200,4,248,0,44,211,4,259,218,18,236,495
04/27/2006,SIG,PR,ASO,ES,Federal Contract Tower,0,0,15,0,15,0,63,167,8,238,0,63,182,8,253,220,0,220,473
04/28/2006,SIG,PR,ASO,ES,Federal Contract Tower,0,0,12,0,12,0,37,165,7,209,0,37,177,7,221,154,0,154,375
04/29/2006,SIG,PR,ASO,ES,Federal Contract Tower,0,0,11,0,11,0,37,141,1,179,0,37,152,1,190,220,0,220,410
04/30/2006,SIG,PR,ASO,ES,Federal Contract Tower,0,0,13,0,13,0,27,117,0,144,0,27,130,0,157,158,0,158,315
05/01/2006,SIG,PR,ASO,ES,Federal Contract Tower,0,0,27,0,27,0,41,87,2,130,0,41,114,2,157,125,0,125,282
05/02/2006,SIG,PR,ASO,ES,Federal Contract Tower,0,0,6,1,7,0,42,104,9,155,0,42,110,10,162,182,0,182,344
05/03/2006,SIG,PR,ASO,ES,Federal Contract Tower,0,1,20,2,23,0,37,97,7,141,0,38,117,9,164,162,4,166,330
05/04/2006,SIG,PR,ASO,ES,Federal Contract Tower,0,0,8,2,10,0,47,174,3,224,0,47,182,5,234,230,2,232,466
05/05/2006,SIG,PR,ASO,ES,Federal Contract Tower,0,0,20,0,20,0,50,166,8,224,0,50,186,8,244,253,6,259,503
05/06/2006,SIG,PR,ASO,ES,Federal Contract Tower,0,0,6,0,6,0,32,162,8,202,0,32,168,8,208,222,0,222,430
05/07/2006,SIG,PR,ASO,ES,Federal Contract Tower,0,0,13,0,13,0,28,135,2,165,0,28,148,2,178,140,0,140,318
05/08/2006,SIG,PR,ASO,ES,Federal Contract Tower,0,0,12,2,14,0,30,128,0,158,0,30,140,2,172,256,0,256,428
05/09/2006,SIG,PR,ASO,ES,Federal Contract Tower,0,0,8,0,8,0,45,134,2,181,0,45,142,2,189,198,2,200,389
05/10/2006,SIG,PR,ASO,ES,Federal Contract Tower,0,0,5,0,5,0,53,135,4,192,0,53,140,4,197,184,0,184,381
05/11/2006,SIG,PR,ASO,ES,Federal Contract Tower,0,0,15,0,15,0,38,114,2,154,0,38,129,2,169,154,0,154,323
05/12/2006,SIG,PR,ASO,ES,Federal Contract Tower,0,0,17,0,17,0,47,142,5,194,0,47,159,5,211,222,0,222,433
05/13/2006,SIG,PR,ASO,ES,Federal Contract Tower,0,0,8,0,8,0,30,160,0,190,0,30,168,0,198,214,0,214,412
05/14/2006,SIG,PR,ASO,ES,Federal Contract Tower,0,0,8,0,8,0,41,87,2,130,0,41,95,2,138,74,0,74,212
05/15/2006,SIG,PR,ASO,ES,Federal Contract Tower,0,0,8,0,8,0,41,119,6,166,0,41,127,6,174,134,0,134,308
05/16/2006,SIG,PR,ASO,ES,Federal Contract Tower,0,0,7,1,8,0,42,144,5,191,0,42,151,6,199,222,0,222,421
05/17/2006,SIG,PR,ASO,ES,Federal Contract Tower,0,0,15,2,17,0,55,146,2,203,0,55,161,4,220,198,0,198,418
05/18/2006,SIG,PR,ASO,ES,Federal Contract Tower,0,0,20,0,20,0,35,139,5,179,0,35,159,5,199,124,0,124,323
05/19/2006,SIG,PR,ASO,ES,Federal Contract Tower,0,0,18,0,18,0,41,146,3,190,0,41,164,3,208,124,0,124,332
05/20/2006,SIG,PR,ASO,ES,Federal Contract Tower,0,0,7,0,7,0,35,144,0,179,0,35,151,0,186,198,0,198,384
05/21/2006,SIG,PR,ASO,ES,Federal Contract Tower,0,0,12,0,12,0,34,107,3,144,0,34,119,3,156,138,0,138,294
05/22/2006,SIG,PR,ASO,ES,Federal Contract Tower,0,0,9,0,9,0,31,134,6,171,0,31,143,6,180,122,0,122,302
05/23/2006,SIG,PR,ASO,ES,Federal Contract Tower,0,0,12,0,12,0,40,139,2,181,0,40,151,2,193,182,0,182,375
05/24/2006,SIG,PR,ASO,ES,Federal Contract Tower,0,0,12,0,12,0,50,162,3,215,0,50,174,3,227,284,0,284,511
05/25/2006,SIG,PR,ASO,ES,Federal Contract Tower,0,0,18,0,18,0,62,191,0,253,0,62,209,0,271,288,0,288,559
05/26/2006,SIG,PR,ASO,ES,Federal Contract Tower,0,0,16,1,17,0,58,190,6,254,0,58,206,7,271,228,0,228,499
05/27/2006,SIG,PR,ASO,ES,Federal Contract Tower,0,0,6,0,6,0,53,175,0,228,0,53,181,0,234,194,0,194,428
05/28/2006,SIG,PR,ASO,ES,Federal Contract Tower,0,0,9,0,9,0,35,93,0,128,0,35,102,0,137,56,0,56,193
05/29/2006,SIG,PR,ASO,ES,Federal Contract Tower,0,0,20,0,20,0,43,138,0,181,0,43,158,0,201,164,0,164,365
05/30/2006,SIG,PR,ASO,ES,Federal Contract Tower,0,0,21,0,21,0,56,151,12,219,0,56,172,12,240,208,0,208,448
05/31/2006,SIG,PR,ASO,ES,Federal Contract Tower,0,0,9,1,10,0,53,168,1,222,0,53,177,2,232,214,0,214,446
06/01/2006,SIG,PR,ASO,ES,Federal Contract Tower,0,0,9,0,9,0,35,150,1,186,0,35,159,1,195,220,0,220,415
06/02/2006,SIG,PR,ASO,ES,Federal Contract Tower,0,0,28,1,29,0,41,138,6,185,0,41,166,7,214,200,0,200,414
06/03/2006,SIG,PR,ASO,ES,Federal Contract Tower,0,0,18,0,18,0,36,147,2,185,0,36,165,2,203,162,0,162,365
06/04/2006,SIG,PR,ASO,ES,Federal Contract Tower,0,0,18,0,18,0,23,154,1,178,0,23,172,1,196,142,0,142,338
06/05/2006,SIG,PR,ASO,ES,Federal Contract Tower,0,0,15,0,15,0,32,195,0,227,0,32,210,0,242,202,0,202,444
06/06/2006,SIG,PR,ASO,ES,Federal Contract Tower,0,0,18,0,18,0,49,118,0,167,0,49,136,0,185,108,0,108,293
06/07/2006,SIG,PR,ASO,ES,Federal Contract Tower,0,0,3,0,3,0,32,135,0,167,0,32,138,0,170,60,0,60,230
06/08/2006,SIG,PR,ASO,ES,Federal Contract Tower,0,0,15,0,15,0,44,136,0,180,0,44,151,0,195,164,0,164,359
06/09/2006,SIG,PR,ASO,ES,Federal Contract Tower,0,0,25,0,25,0,42,140,0,182,0,42,165,0,207,178,0,178,385
06/10/2006,SIG,PR,ASO,ES,Federal Contract Tower,0,0,5,0,5,0,50,209,0,259,0,50,214,0,264,192,0,192,456
06/11/2006,SIG,PR,ASO,ES,Federal Contract Tower,0,0,13,0,13,0,32,149,0,181,0,32,162,0,194,128,0,128,322
06/12/2006,SIG,PR,ASO,ES,Federal Contract Tower,0,0,15,0,15,0,34,82,1,117,0,34,97,1,132,82,0,82,214
06/13/2006,SIG,PR,ASO,ES,Federal Contract Tower,0,0,9,0,9,0,27,76,0,103,0,27,85,0,112,58,0,58,170
06/14/2006,SIG,PR,ASO,ES,Federal Contract Tower,0,0,20,0,20,0,55,170,2,227,0,55,190,2,247,212,0,212,459
06/15/2006,SIG,PR,ASO,ES,Federal Contract Tower,0,0,8,0,8,0,37,128,7,172,0,37,136,7,180,94,0,94,274
06/16/2006,SIG,PR,ASO,ES,Federal Contract Tower,0,0,10,0,10,0,45,139,1,185,0,45,149,1,195,132,0,132,327
06/17/2006,SIG,PR,ASO,ES,Federal Contract Tower,0,0,12,0,12,0,39,155,0,194,0,39,167,0,206,182,0,182,388
06/18/2006,SIG,PR,ASO,ES,Federal Contract Tower,0,0,5,0,5,0,31,70,0,101,0,31,75,0,106,98,0,98,204
06/19/2006,SIG,PR,ASO,ES,Federal Contract Tower,0,0,18,0,18,0,45,170,4,219,0,45,188,4,237,236,0,236,473
06/20/2006,SIG,PR,ASO,ES,Federal Contract Tower,0,1,11,0,12,0,50,110,0,160,0,51,121,0,172,144,0,144,316
06/21/2006,SIG,PR,ASO,ES,Federal Contract Tower,0,0,12,2,14,0,51,108,3,162,0,51,120,5,176,96,0,96,272
06/22/2006,SIG,PR,ASO,ES,Federal Contract Tower,0,0,19,0,19,0,55,112,1,168,0,55,131,1,187,148,0,148,335
06/23/2006,SIG,PR,ASO,ES,Federal Contract Tower,0,0,27,1,28,0,57,168,1,226,0,57,195,2,254,210,0,210,464
06/24/2006,SIG,PR,ASO,ES,Federal Contract Tower,0,0,10,0,10,0,52,116,0,168,0,52,126,0,178,156,0,156,334
06/25/2006,SIG,PR,ASO,ES,Federal Contract Tower,0,0,16,0,16,0,38,136,0,174,0,38,152,0,190,158,0,158,348
06/26/2006,SIG,PR,ASO,ES,Federal Contract Tower,0,0,12,0,12,0,42,178,2,222,0,42,190,2,234,194,0,194,428
06/27/2006,SIG,PR,ASO,ES,Federal Contract Tower,0,0,17,2,19,0,46,199,7,252,0,46,216,9,271,150,0,150,421
06/28/2006,SIG,PR,ASO,ES,Federal Contract Tower,0,0,16,1,17,0,56,192,7,255,0,56,208,8,272,150,0,150,422
06/29/2006,SIG,PR,ASO,ES,Federal Contract Tower,0,0,23,0,23,0,52,108,0,160,0,52,131,0,183,78,0,78,261
06/30/2006,SIG,PR,ASO,ES,Federal Contract Tower,0,0,26,0,26,0,51,124,0,175,0,51,150,0,201,104,0,104,305
07/01/2006,SIG,PR,ASO,ES,Federal Contract Tower,0,0,19,0,19,0,49,151,0,200,0,49,170,0,219,192,0,192,411
07/02/2006,SIG,PR,ASO,ES,Federal Contract Tower,0,0,20,0,20,0,50,96,0,146,0,50,116,0,166,90,0,90,256
07/03/2006,SIG,PR,ASO,ES,Federal Contract Tower,0,0,14,0,14,0,48,104,2,154,0,48,118,2,168,108,0,108,276
07/04/2006,SIG,PR,ASO,ES,Federal Contract Tower,0,0,27,0,27,0,69,175,3,247,0,69,202,3,274,168,0,168,442
07/05/2006,SIG,PR,ASO,ES,Federal Contract Tower,0,0,20,1,21,0,58,223,3,284,0,58,243,4,305,222,0,222,527
07/06/2006,SIG,PR,ASO,ES,Federal Contract Tower,0,0,16,0,16,0,42,133,1,176,0,42,149,1,192,110,0,110,302
07/07/2006,SIG,PR,ASO,ES,Federal Contract Tower,0,0,26,0,26,0,71,159,4,234,0,71,185,4,260,176,0,176,436
07/08/2006,SIG,PR,ASO,ES,Federal Contract Tower,0,0,31,0,31,0,54,95,0,149,0,54,126,0,180,172,0,172,352
07/09/2006,SIG,PR,ASO,ES,Federal Contract Tower,0,0,31,0,31,0,54,95,0,149,0,54,126,0,180,172,0,172,352
07/10/2006,SIG,PR,ASO,ES,Federal Contract Tower,0,0,29,0,29,0,46,70,0,116,0,46,99,0,145,74,0,74,219
07/11/2006,SIG,PR,ASO,ES,Federal Contract Tower,0,0,20,0,20,0,72,177,7,256,0,72,197,7,276,196,0,196,472
07/12/2006,SIG,PR,ASO,ES,Federal Contract Tower,0,0,12,0,12,0,59,211,1,271,0,59,223,1,283,234,0,234,517
07/13/2006,SIG,PR,ASO,ES,Federal Contract Tower,0,0,15,0,15,0,59,72,9,140,0,59,87,9,155,126,0,126,281
07/14/2006,SIG,PR,ASO,ES,Federal Contract Tower,0,0,22,0,22,0,55,129,5,189,0,55,151,5,211,82,0,82,293
07/15/2006,SIG,PR,ASO,ES,Federal Contract Tower,0,0,10,0,10,0,69,167,1,237,0,69,177,1,247,148,0,148,395
07/16/2006,SIG,PR,ASO,ES,Federal Contract Tower,0,0,11,0,11,0,41,88,0,129,0,41,99,0,140,82,0,82,222
07/17/2006,SIG,PR,ASO,ES,Federal Contract Tower,0,0,15,0,15,0,62,152,0,214,0,62,167,0,229,136,0,136,365
07/18/2006,SIG,PR,ASO,ES,Federal Contract Tower,0,0,14,0,14,0,65,145,0,210,0,65,159,0,224,177,0,177,401
07/19/2006,SIG,PR,ASO,ES,Federal Contract Tower,0,0,13,0,13,0,43,138,0,181,0,43,151,0,194,166,0,166,360
07/20/2006,SIG,PR,ASO,ES,Federal Contract Tower,0,0,12,0,12,0,57,125,4,186,0,57,137,4,198,182,0,182,380
07/21/2006,SIG,PR,ASO,ES,Federal Contract Tower,0,2,24,1,27,0,61,140,1,202,0,63,164,2,229,224,0,224,453
07/22/2006,SIG,PR,ASO,ES,Federal Contract Tower,0,2,32,0,34,0,54,130,0,184,0,56,162,0,218,74,0,74,292
07/23/2006,SIG,PR,ASO,ES,Federal Contract Tower,0,0,11,0,11,0,39,84,2,125,0,39,95,2,136,78,0,78,214
07/24/2006,SIG,PR,ASO,ES,Federal Contract Tower,0,1,16,0,17,0,48,125,0,173,0,49,141,0,190,90,0,90,280
07/25/2006,SIG,PR,ASO,ES,Federal Contract Tower,0,0,24,0,24,0,60,131,0,191,0,60,155,0,215,250,0,250,465
07/26/2006,SIG,PR,ASO,ES,Federal Contract Tower,0,0,14,0,14,0,47,137,2,186,0,47,151,2,200,150,0,150,350
07/27/2006,SIG,PR,ASO,ES,Federal Contract Tower,0,0,28,0,28,0,40,59,1,100,0,40,87,1,128,100,0,100,228
07/28/2006,SIG,PR,ASO,ES,Federal Contract Tower,0,3,10,0,13,0,30,106,0,136,0,33,116,0,149,44,0,44,193
07/29/2006,SIG,PR,ASO,ES,Federal Contract Tower,0,0,7,0,7,0,38,122,0,160,0,38,129,0,167,92,0,92,259
07/30/2006,SIG,PR,ASO,ES,Federal Contract Tower,0,0,37,0,37,0,51,62,0,113,0,51,99,0,150,92,0,92,242
07/31/2006,SIG,PR,ASO,ES,Federal Contract Tower,0,0,14,0,14,0,35,116,3,154,0,35,130,3,168,140,0,140,308
08/01/2006,SIG,PR,ASO,ES,Federal Contract Tower,0,0,12,0,12,0,42,123,1,166,0,42,135,1,178,120,0,120,298
08/02/2006,SIG,PR,ASO,ES,Federal Contract Tower,0,0,4,0,4,0,28,89,0,117,0,28,93,0,121,118,0,118,239
08/03/2006,SIG,PR,ASO,ES,Federal Contract Tower,0,0,15,0,15,0,41,42,5,88,0,41,57,5,103,12,0,12,115
08/04/2006,SIG,PR,ASO,ES,Federal Contract Tower,0,0,8,0,8,0,36,100,4,140,0,36,108,4,148,82,0,82,230
08/05/2006,SIG,PR,ASO,ES,Federal Contract Tower,0,0,15,2,17,0,37,99,0,136,0,37,114,2,153,152,0,152,305
08/06/2006,SIG,PR,ASO,ES,Federal Contract Tower,0,0,13,0,13,0,40,112,1,153,0,40,125,1,166,122,0,122,288
08/07/2006,SIG,PR,ASO,ES,Federal Contract Tower,0,0,11,0,11,0,35,60,6,101,0,35,71,6,112,70,0,70,182
08/08/2006,SIG,PR,ASO,ES,Federal Contract Tower,0,0,8,0,8,0,34,80,0,114,0,34,88,0,122,40,0,40,162
08/09/2006,SIG,PR,ASO,ES,Federal Contract Tower,0,0,5,0,5,0,30,116,0,146,0,30,121,0,151,120,0,120,271
08/10/2006,SIG,PR,ASO,ES,Federal Contract Tower,0,0,6,0,6,0,36,105,1,142,0,36,111,1,148,122,0,122,270
08/11/2006,SIG,PR,ASO,ES,Federal Contract Tower,0,0,21,0,21,0,27,121,3,151,0,27,142,3,172,188,0,188,360
08/12/2006,SIG,PR,ASO,ES,Federal Contract Tower,0,0,10,0,10,0,43,118,0,161,0,43,128,0,171,146,0,146,317
08/13/2006,SIG,PR,ASO,ES,Federal Contract Tower,0,0,13,0,13,0,37,85,0,122,0,37,98,0,135,110,0,110,245
08/14/2006,SIG,PR,ASO,ES,Federal Contract Tower,0,0,9,0,9,0,33,84,0,117,0,33,93,0,126,106,0,106,232
08/15/2006,SIG,PR,ASO,ES,Federal Contract Tower,0,0,18,0,18,0,38,74,2,114,0,38,92,2,132,78,0,78,210
08/16/2006,SIG,PR,ASO,ES,Federal Contract Tower,0,0,6,0,6,0,45,111,3,159,0,45,117,3,165,182,0,182,347
08/17/2006,SIG,PR,ASO,ES,Federal Contract Tower,0,0,16,0,16,0,39,88,1,128,0,39,104,1,144,134,0,134,278
08/18/2006,SIG,PR,ASO,ES,Federal Contract Tower,0,0,15,0,15,0,30,112,4,146,0,30,127,4,161,78,0,78,239
08/19/2006,SIG,PR,ASO,ES,Federal Contract Tower,0,0,10,0,10,0,43,161,1,205,0,43,171,1,215,150,0,150,365
08/20/2006,SIG,PR,ASO,ES,Federal Contract Tower,0,0,28,0,28,0,29,72,0,101,0,29,100,0,129,38,0,38,167
08/21/2006,SIG,PR,ASO,ES,Federal Contract Tower,0,0,14,0,14,0,38,89,5,132,0,38,103,5,146,90,0,90,236
08/22/2006,SIG,PR,ASO,ES,Federal Contract Tower,0,0,17,0,17,0,38,136,3,177,0,38,153,3,194,170,0,170,364
08/23/2006,SIG,PR,ASO,ES,Federal Contract Tower,0,0,8,0,8,0,31,133,1,165,0,31,141,1,173,206,0,206,379
08/24/2006,SIG,PR,ASO,ES,Federal Contract Tower,0,0,17,0,17,0,39,126,1,166,0,39,143,1,183,196,0,196,379
08/25/2006,SIG,PR,ASO,ES,Federal Contract Tower,0,0,24,0,24,0,36,117,0,153,0,36,141,0,177,112,0,112,289
08/26/2006,SIG,PR,ASO,ES,Federal Contract Tower,0,0,3,0,3,0,35,134,0,169,0,35,137,0,172,154,0,154,326
08/27/2006,SIG,PR,ASO,ES,Federal Contract Tower,0,0,12,0,12,0,35,77,0,112,0,35,89,0,124,46,0,46,170
08/28/2006,SIG,PR,ASO,ES,Federal Contract Tower,0,0,9,0,9,0,32,101,0,133,0,32,110,0,142,174,0,174,316
08/29/2006,SIG,PR,ASO,ES,Federal Contract Tower,0,0,12,0,12,0,37,111,5,153,0,37,123,5,165,134,0,134,299
08/30/2006,SIG,PR,ASO,ES,Federal Contract Tower,0,0,0,0,0,41,184,0,0,225,41,184,0,0,225,142,0,142,367
08/31/2006,SIG,PR,ASO,ES,Federal Contract Tower,0,0,22,0,22,0,47,138,15,200,0,47,160,15,222,122,0,122,344
09/01/2006,SIG,PR,ASO,ES,Federal Contract Tower,0,0,34,0,34,0,42,99,2,143,0,42,133,2,177,182,0,182,359
09/02/2006,SIG,PR,ASO,ES,Federal Contract Tower,0,4,13,0,17,0,33,165,0,198,0,37,178,0,215,88,0,88,303
09/03/2006,SIG,PR,ASO,ES,Federal Contract Tower,0,0,8,0,8,0,30,61,0,91,0,30,69,0,99,82,0,82,181
09/04/2006,SIG,PR,ASO,ES,Federal Contract Tower,0,0,30,0,30,0,45,116,1,162,0,45,146,1,192,100,0,100,292
09/05/2006,SIG,PR,ASO,ES,Federal Contract Tower,0,0,12,0,12,0,36,117,0,153,0,36,129,0,165,126,0,126,291
09/06/2006,SIG,PR,ASO,ES,Federal Contract Tower,0,0,12,0,12,0,42,131,3,176,0,42,143,3,188,174,0,174,362
09/07/2006,SIG,PR,ASO,ES,Federal Contract Tower,0,0,11,0,11,0,22,98,3,123,0,22,109,3,134,110,0,110,244
09/08/2006,SIG,PR,ASO,ES,Federal Contract Tower,0,0,18,0,18,0,23,118,4,145,0,23,136,4,163,148,0,148,311
09/09/2006,SIG,PR,ASO,ES,Federal Contract Tower,0,0,8,0,8,0,23,170,0,193,0,23,178,0,201,116,0,116,317
09/10/2006,SIG,PR,ASO,ES,Federal Contract Tower,0,0,11,0,11,0,35,76,0,111,0,35,87,0,122,64,0,64,186
09/11/2006,SIG,PR,ASO,ES,Federal Contract Tower,0,0,11,0,11,0,37,120,0,157,0,37,131,0,168,114,0,114,282
09/12/2006,SIG,PR,ASO,ES,Federal Contract Tower,0,0,10,0,10,0,31,110,2,143,0,31,120,2,153,160,0,160,313
09/13/2006,SIG,PR,ASO,ES,Federal Contract Tower,0,0,8,0,8,0,55,130,0,185,0,55,138,0,193,122,0,122,315
09/14/2006,SIG,PR,ASO,ES,Federal Contract Tower,0,0,11,0,11,0,37,137,0,174,0,37,148,0,185,154,0,154,339
09/15/2006,SIG,PR,ASO,ES,Federal Contract Tower,0,0,17,3,20,0,46,91,18,155,0,46,108,21,175,100,5,105,280
09/16/2006,SIG,PR,ASO,ES,Federal Contract Tower,0,0,7,0,7,0,26,138,0,164,0,26,145,0,171,162,0,162,333
09/17/2006,SIG,PR,ASO,ES,Federal Contract Tower,0,0,11,0,11,0,17,88,0,105,0,17,99,0,116,70,0,70,186
09/18/2006,SIG,PR,ASO,ES,Federal Contract Tower,0,0,15,0,15,0,26,98,2,126,0,26,113,2,141,124,0,124,265
09/19/2006,SIG,PR,ASO,ES,Federal Contract Tower,0,0,11,0,11,0,50,136,2,188,0,50,147,2,199,192,0,192,391
09/20/2006,SIG,PR,ASO,ES,Federal Contract Tower,0,0,16,0,16,0,34,126,2,162,0,34,142,2,178,100,0,100,278
09/21/2006,SIG,PR,ASO,ES,Federal Contract Tower,0,0,9,0,9,0,35,146,2,183,0,35,155,2,192,158,0,158,350
09/22/2006,SIG,PR,ASO,ES,Federal Contract Tower,0,0,13,0,13,0,27,151,0,178,0,27,164,0,191,112,0,112,303
09/23/2006,SIG,PR,ASO,ES,Federal Contract Tower,0,0,5,0,5,0,21,105,0,126,0,21,110,0,131,136,0,136,267
09/24/2006,SIG,PR,ASO,ES,Federal Contract Tower,0,0,22,0,22,0,23,75,0,98,0,23,97,0,120,86,0,86,206
09/25/2006,SIG,PR,ASO,ES,Federal Contract Tower,0,0,11,0,11,0,25,71,0,96,0,25,82,0,107,46,0,46,153
09/26/2006,SIG,PR,ASO,ES,Federal Contract Tower,0,0,11,0,11,0,36,128,7,171,0,36,139,7,182,152,0,152,334
09/27/2006,SIG,PR,ASO,ES,Federal Contract Tower,0,0,10,0,10,0,39,171,4,214,0,39,181,4,224,170,0,170,394
09/28/2006,SIG,PR,ASO,ES,Federal Contract Tower,0,0,12,0,12,0,40,155,1,196,0,40,167,1,208,179,0,179,387
09/29/2006,SIG,PR,ASO,ES,Federal Contract Tower,0,0,15,0,15,0,32,155,1,188,0,32,170,1,203,182,0,182,385
09/30/2006,SIG,PR,ASO,ES,Federal Contract Tower,0,0,8,0,8,0,23,139,0,162,0,23,147,0,170,220,0,220,390
10/01/2006,SIG,PR,ASO,ES,Federal Contract Tower,0,0,12,0,12,0,27,109,0,136,0,27,121,0,148,96,0,96,244
10/02/2006,SIG,PR,ASO,ES,Federal Contract Tower,0,0,11,0,11,0,29,100,0,129,0,29,111,0,140,144,0,144,284
10/03/2006,SIG,PR,ASO,ES,Federal Contract Tower,0,0,13,0,13,0,48,144,0,192,0,48,157,0,205,172,0,172,377
10/04/2006,SIG,PR,ASO,ES,Federal Contract Tower,0,0,13,0,13,0,46,150,0,196,0,46,163,0,209,140,0,140,349
10/05/2006,SIG,PR,ASO,ES,Federal Contract Tower,0,0,20,0,20,0,49,143,1,193,0,49,163,1,213,178,0,178,391
10/06/2006,SIG,PR,ASO,ES,Federal Contract Tower,0,0,18,0,18,0,29,139,0,168,0,29,157,0,186,186,0,186,372
10/07/2006,SIG,PR,ASO,ES,Federal Contract Tower,0,0,12,0,12,0,24,141,1,166,0,24,153,1,178,240,0,240,418
10/08/2006,SIG,PR,ASO,ES,Federal Contract Tower,0,0,9,0,9,0,17,88,0,105,0,17,97,0,114,142,0,142,256
10/09/2006,SIG,PR,ASO,ES,Federal Contract Tower,0,0,19,0,19,0,25,104,0,129,0,25,123,0,148,172,0,172,320
10/10/2006,SIG,PR,ASO,ES,Federal Contract Tower,0,0,9,0,9,0,35,165,3,203,0,35,174,3,212,156,0,156,368
10/11/2006,SIG,PR,ASO,ES,Federal Contract Tower,0,0,18,0,18,0,40,131,3,174,0,40,149,3,192,180,0,180,372
10/12/2006,SIG,PR,ASO,ES,Federal Contract Tower,0,0,14,0,14,0,26,152,3,181,0,26,166,3,195,218,0,218,413
10/13/2006,SIG,PR,ASO,ES,Federal Contract Tower,0,0,12,0,12,0,29,148,8,185,0,29,160,8,197,188,0,188,385
10/14/2006,SIG,PR,ASO,ES,Federal Contract Tower,0,0,16,0,16,0,21,105,0,126,0,21,121,0,142,140,0,140,282
10/15/2006,SIG,PR,ASO,ES,Federal Contract Tower,0,0,18,0,18,0,20,78,0,98,0,20,96,0,116,84,0,84,200
10/16/2006,SIG,PR,ASO,ES,Federal Contract Tower,0,0,17,0,17,0,52,122,5,179,0,52,139,5,196,128,0,128,324
10/17/2006,SIG,PR,ASO,ES,Federal Contract Tower,0,0,9,0,9,0,48,129,3,180,0,48,138,3,189,233,0,233,422
10/18/2006,SIG,PR,ASO,ES,Federal Contract Tower,0,0,11,0,11,0,44,123,0,167,0,44,134,0,178,158,0,158,336
10/19/2006,SIG,PR,ASO,ES,Federal Contract Tower,0,0,15,0,15,0,38,149,4,191,0,38,164,4,206,212,0,212,418
10/20/2006,SIG,PR,ASO,ES,Federal Contract Tower,0,0,26,0,26,0,31,121,2,154,0,31,147,2,180,152,0,152,332
10/21/2006,SIG,PR,ASO,ES,Federal Contract Tower,0,0,9,0,9,0,25,152,2,179,0,25,161,2,188,250,0,250,438
10/22/2006,SIG,PR,ASO,ES,Federal Contract Tower,0,0,22,0,22,0,21,64,0,85,0,21,86,0,107,62,0,62,169
10/23/2006,SIG,PR,ASO,ES,Federal Contract Tower,0,0,13,0,13,0,34,138,4,176,0,34,151,4,189,160,0,160,349
10/24/2006,SIG,PR,ASO,ES,Federal Contract Tower,0,0,15,0,15,0,43,155,2,200,0,43,170,2,215,262,0,262,477
10/25/2006,SIG,PR,ASO,ES,Federal Contract Tower,0,0,14,0,14,0,36,179,5,220,0,36,193,5,234,182,0,182,416
10/26/2006,SIG,PR,ASO,ES,Federal Contract Tower,0,0,12,0,12,0,44,192,2,238,0,44,204,2,250,190,0,190,440
10/27/2006,SIG,PR,ASO,ES,Federal Contract Tower,0,0,24,0,24,0,23,111,4,138,0,23,135,4,162,106,0,106,268
10/28/2006,SIG,PR,ASO,ES,Federal Contract Tower,0,0,6,0,6,0,24,131,0,155,0,24,137,0,161,208,0,208,369
10/29/2006,SIG,PR,ASO,ES,Federal Contract Tower,0,0,22,0,22,0,33,94,0,127,0,33,116,0,149,96,0,96,245
10/30/2006,SIG,PR,ASO,ES,Federal Contract Tower,0,0,14,0,14,0,41,150,1,192,0,41,164,1,206,229,0,229,435
10/31/2006,SIG,PR,ASO,ES,Federal Contract Tower,0,0,14,0,14,0,37,169,1,207,0,37,183,1,221,240,0,240,461
11/01/2006,SIG,PR,ASO,ES,Federal Contract Tower,0,0,13,0,13,0,51,131,0,182,0,51,144,0,195,188,0,188,383
11/02/2006,SIG,PR,ASO,ES,Federal Contract Tower,0,0,17,0,17,0,47,208,2,257,0,47,225,2,274,272,0,272,546
11/03/2006,SIG,PR,ASO,ES,Federal Contract Tower,0,0,26,0,26,0,37,166,3,206,0,37,192,3,232,220,0,220,452
11/04/2006,SIG,PR,ASO,ES,Federal Contract Tower,0,0,10,0,10,0,24,133,2,159,0,24,143,2,169,210,0,210,379
11/05/2006,SIG,PR,ASO,ES,Federal Contract Tower,0,0,10,0,10,0,15,145,0,160,0,15,155,0,170,116,0,116,286
11/06/2006,SIG,PR,ASO,ES,Federal Contract Tower,0,0,12,0,12,0,34,143,7,184,0,34,155,7,196,212,0,212,408
11/07/2006,SIG,PR,ASO,ES,Federal Contract Tower,0,0,12,0,12,0,38,145,2,185,0,38,157,2,197,244,0,244,441
11/08/2006,SIG,PR,ASO,ES,Federal Contract Tower,0,0,12,0,12,0,46,190,0,236,0,46,202,0,248,210,0,210,458
11/09/2006,SIG,PR,ASO,ES,Federal Contract Tower,0,0,21,0,21,0,50,208,4,262,0,50,229,4,283,290,0,290,573
11/10/2006,SIG,PR,ASO,ES,Federal Contract Tower,0,0,22,0,22,0,32,142,0,174,0,32,164,0,196,216,0,216,412
11/11/2006,SIG,PR,ASO,ES,Federal Contract Tower,0,0,20,0,20,0,25,126,0,151,0,25,146,0,171,124,0,124,295
11/12/2006,SIG,PR,ASO,ES,Federal Contract Tower,0,0,10,0,10,0,32,134,1,167,0,32,144,1,177,134,0,134,311
11/13/2006,SIG,PR,ASO,ES,Federal Contract Tower,0,0,15,0,15,0,38,130,4,172,0,38,145,4,187,220,0,220,407
11/14/2006,SIG,PR,ASO,ES,Federal Contract Tower,0,0,16,0,16,0,37,154,2,193,0,37,170,2,209,190,0,190,399
11/15/2006,SIG,PR,ASO,ES,Federal Contract Tower,0,0,21,0,21,0,41,150,0,191,0,41,171,0,212,220,0,220,432
11/16/2006,SIG,PR,ASO,ES,Federal Contract Tower,0,0,17,0,17,0,42,154,3,199,0,42,171,3,216,192,0,192,408
11/17/2006,SIG,PR,ASO,ES,Federal Contract Tower,0,0,19,0,19,0,33,179,6,218,0,33,198,6,237,199,0,199,436
11/18/2006,SIG,PR,ASO,ES,Federal Contract Tower,0,0,17,0,17,0,31,189,1,221,0,31,206,1,238,208,0,208,446
11/19/2006,SIG,PR,ASO,ES,Federal Contract Tower,0,0,18,0,18,0,26,109,3,138,0,26,127,3,156,214,0,214,370
11/20/2006,SIG,PR,ASO,ES,Federal Contract Tower,0,0,10,0,10,0,33,123,2,158,0,33,133,2,168,128,0,128,296
11/21/2006,SIG,PR,ASO,ES,Federal Contract Tower,0,0,15,0,15,0,37,140,0,177,0,37,155,0,192,86,0,86,278
11/22/2006,SIG,PR,ASO,ES,Federal Contract Tower,0,0,28,0,28,0,50,205,3,258,0,50,233,3,286,190,0,190,476
11/23/2006,SIG,PR,ASO,ES,Federal Contract Tower,0,0,8,0,8,0,47,92,0,139,0,47,100,0,147,0,0,0,147
11/24/2006,SIG,PR,ASO,ES,Federal Contract Tower,0,0,8,0,8,0,31,124,0,155,0,31,132,0,163,86,0,86,249
11/25/2006,SIG,PR,ASO,ES,Federal Contract Tower,0,0,7,0,7,0,33,143,0,176,0,33,150,0,183,188,0,188,371
11/26/2006,SIG,PR,ASO,ES,Federal Contract Tower,0,0,35,0,35,0,23,127,0,150,0,23,162,0,185,186,0,186,371
11/27/2006,SIG,PR,ASO,ES,Federal Contract Tower,0,0,13,0,13,0,38,147,0,185,0,38,160,0,198,126,0,126,324
11/28/2006,SIG,PR,ASO,ES,Federal Contract Tower,0,0,6,1,7,0,34,95,10,139,0,34,101,11,146,85,0,85,231
11/29/2006,SIG,PR,ASO,ES,Federal Contract Tower,0,0,5,0,5,0,44,121,8,173,0,44,126,8,178,70,10,80,258
11/30/2006,SIG,PR,ASO,ES,Federal Contract Tower,0,0,18,1,19,0,43,164,7,214,0,43,182,8,233,134,0,134,367
12/01/2006,SIG,PR,ASO,ES,Federal Contract Tower,0,0,23,0,23,0,45,77,0,122,0,45,100,0,145,16,0,16,161
12/02/2006,SIG,PR,ASO,ES,Federal Contract Tower,0,0,10,0,10,0,34,116,0,150,0,34,126,0,160,198,0,198,358
12/03/2006,SIG,PR,ASO,ES,Federal Contract Tower,0,0,23,0,23,0,45,77,3,125,0,45,100,3,148,120,0,120,268
12/04/2006,SIG,PR,ASO,ES,Federal Contract Tower,0,0,6,0,6,0,37,140,4,181,0,37,146,4,187,154,0,154,341
12/05/2006,SIG,PR,ASO,ES,Federal Contract Tower,0,0,19,0,19,0,48,160,10,218,0,48,179,10,237,240,0,240,477
12/06/2006,SIG,PR,ASO,ES,Federal Contract Tower,0,0,13,0,13,0,42,164,4,210,0,42,177,4,223,208,0,208,431
12/07/2006,SIG,PR,ASO,ES,Federal Contract Tower,0,0,25,0,25,0,37,138,7,182,0,37,163,7,207,182,0,182,389
12/08/2006,SIG,PR,ASO,ES,Federal Contract Tower,0,0,16,0,16,0,27,169,6,202,0,27,185,6,218,186,0,186,404
12/09/2006,SIG,PR,ASO,ES,Federal Contract Tower,0,0,16,0,16,0,21,141,6,168,0,21,157,6,184,150,0,150,334
12/10/2006,SIG,PR,ASO,ES,Federal Contract Tower,0,0,20,0,20,0,28,116,3,147,0,28,136,3,167,160,0,160,327
12/11/2006,SIG,PR,ASO,ES,Federal Contract Tower,0,0,18,0,18,0,26,138,5,169,0,26,156,5,187,166,0,166,353
12/12/2006,SIG,PR,ASO,ES,Federal Contract Tower,0,0,18,0,18,0,38,107,0,145,0,38,125,0,163,204,0,204,367
12/13/2006,SIG,PR,ASO,ES,Federal Contract Tower,0,0,7,0,7,0,39,148,1,188,0,39,155,1,195,234,0,234,429
12/14/2006,SIG,PR,ASO,ES,Federal Contract Tower,0,0,13,0,13,0,32,124,0,156,0,32,137,0,169,112,0,112,281
12/15/2006,SIG,PR,ASO,ES,Federal Contract Tower,0,0,22,0,22,0,37,105,1,143,0,37,127,1,165,170,0,170,335
12/16/2006,SIG,PR,ASO,ES,Federal Contract Tower,0,0,10,0,10,0,28,152,3,183,0,28,162,3,193,136,0,136,329
12/17/2006,SIG,PR,ASO,ES,Federal Contract Tower,0,0,20,0,20,0,21,93,0,114,0,21,113,0,134,82,0,82,216
12/18/2006,SIG,PR,ASO,ES,Federal Contract Tower,0,0,17,0,17,0,30,142,5,177,0,30,159,5,194,172,0,172,366
12/19/2006,SIG,PR,ASO,ES,Federal Contract Tower,0,0,21,0,21,0,47,134,0,181,0,47,155,0,202,204,0,204,406
12/20/2006,SIG,PR,ASO,ES,Federal Contract Tower,0,0,27,0,27,0,53,138,3,194,0,53,165,3,221,204,0,204,425
12/21/2006,SIG,PR,ASO,ES,Federal Contract Tower,0,0,20,0,20,0,41,170,3,214,0,41,190,3,234,196,0,196,430
12/22/2006,SIG,PR,ASO,ES,Federal Contract Tower,0,0,17,1,18,0,26,154,2,182,0,26,171,3,200,144,0,144,344
12/23/2006,SIG,PR,ASO,ES,Federal Contract Tower,0,0,18,0,18,0,35,125,0,160,0,35,143,0,178,138,0,138,316
12/24/2006,SIG,PR,ASO,ES,Federal Contract Tower,0,0,11,0,11,0,23,59,0,82,0,23,70,0,93,50,0,50,143
12/25/2006,SIG,PR,ASO,ES,Federal Contract Tower,0,0,0,0,0,0,18,22,0,40,0,18,22,0,40,0,0,0,40
12/26/2006,SIG,PR,ASO,ES,Federal Contract Tower,0,0,19,0,19,0,33,109,0,142,0,33,128,0,161,50,0,50,211
12/27/2006,SIG,PR,ASO,ES,Federal Contract Tower,0,0,33,0,33,0,36,123,0,159,0,36,156,0,192,160,0,160,352
12/28/2006,SIG,PR,ASO,ES,Federal Contract Tower,0,0,0,0,0,0,27,148,6,181,0,27,148,6,181,162,0,162,343
12/29/2006,SIG,PR,ASO,ES,Federal Contract Tower,0,0,29,0,29,0,40,104,2,146,0,40,133,2,175,58,0,58,233
12/30/2006,SIG,PR,ASO,ES,Federal Contract Tower,0,0,23,0,23,0,34,121,0,155,0,34,144,0,178,130,0,130,308
12/31/2006,SIG,PR,ASO,ES,Federal Contract Tower,0,0,15,0,15,0,21,96,0,117,0,21,111,0,132,72,0,72,204
01/01/2007,SIG,PR,ASO,ES,Federal Contract Tower,0,0,8,0,8,0,13,19,0,32,0,13,27,0,40,0,0,0,40
01/02/2007,SIG,PR,ASO,ES,Federal Contract Tower,0,0,24,0,24,0,49,136,5,190,0,49,160,5,214,36,2,38,252
01/03/2007,SIG,PR,ASO,ES,Federal Contract Tower,0,0,27,0,27,0,41,121,0,162,0,41,148,0,189,62,0,62,251
01/04/2007,SIG,PR,ASO,ES,Federal Contract Tower,0,0,25,0,25,0,47,95,4,146,0,47,120,4,171,104,0,104,275
01/05/2007,SIG,PR,ASO,ES,Federal Contract Tower,0,0,13,0,13,0,42,126,0,168,0,42,139,0,181,100,0,100,281
01/06/2007,SIG,PR,ASO,ES,Federal Contract Tower,0,0,16,0,16,0,30,49,0,79,0,30,65,0,95,0,0,0,95
01/07/2007,SIG,PR,ASO,ES,Federal Contract Tower,0,0,22,0,22,0,27,87,0,114,0,27,109,0,136,124,0,124,260
01/08/2007,SIG,PR,ASO,ES,Federal Contract Tower,0,0,26,0,26,0,36,108,0,144,0,36,134,0,170,74,0,74,244
01/09/2007,SIG,PR,ASO,ES,Federal Contract Tower,0,0,17,0,17,0,30,139,7,176,0,30,156,7,193,130,0,130,323
01/10/2007,SIG,PR,ASO,ES,Federal Contract Tower,0,0,20,0,20,0,43,157,0,200,0,43,177,0,220,162,0,162,382
01/11/2007,SIG,PR,ASO,ES,Federal Contract Tower,0,0,19,0,19,0,45,180,6,231,0,45,199,6,250,108,0,108,358
01/12/2007,SIG,PR,ASO,ES,Federal Contract Tower,0,0,33,0,33,0,35,115,0,150,0,35,148,0,183,168,0,168,351
01/13/2007,SIG,PR,ASO,ES,Federal Contract Tower,0,0,8,0,8,0,25,150,1,176,0,25,158,1,184,186,0,186,370
01/14/2007,SIG,PR,ASO,ES,Federal Contract Tower,0,0,14,0,14,0,45,121,0,166,0,45,135,0,180,62,0,62,242
01/15/2007,SIG,PR,ASO,ES,Federal Contract Tower,0,0,16,0,16,0,34,138,0,172,0,34,154,0,188,144,0,144,332
01/16/2007,SIG,PR,ASO,ES,Federal Contract Tower,0,0,15,0,15,0,52,114,4,170,0,52,129,4,185,142,0,142,327
01/17/2007,SIG,PR,ASO,ES,Federal Contract Tower,0,0,10,0,10,0,51,161,0,212,0,51,171,0,222,186,0,186,408
01/18/2007,SIG,PR,ASO,ES,Federal Contract Tower,0,0,26,0,26,0,39,137,4,180,0,39,163,4,206,162,0,162,368
01/19/2007,SIG,PR,ASO,ES,Federal Contract Tower,0,0,21,0,21,0,33,113,2,148,0,33,134,2,169,192,0,192,361
01/20/2007,SIG,PR,ASO,ES,Federal Contract Tower,0,0,11,0,11,0,39,171,3,213,0,39,182,3,224,244,0,244,468
01/21/2007,SIG,PR,ASO,ES,Federal Contract Tower,0,0,24,0,24,0,34,105,4,143,0,34,129,4,167,264,0,264,431
01/22/2007,SIG,PR,ASO,ES,Federal Contract Tower,0,0,20,0,20,0,35,120,7,162,0,35,140,7,182,132,0,132,314
01/23/2007,SIG,PR,ASO,ES,Federal Contract Tower,0,0,8,0,8,0,41,134,6,181,0,41,142,6,189,186,0,186,375
01/24/2007,SIG,PR,ASO,ES,Federal Contract Tower,0,0,12,0,12,0,53,149,9,211,0,53,161,9,223,248,0,248,471
01/25/2007,SIG,PR,ASO,ES,Federal Contract Tower,0,0,8,0,8,0,41,145,6,192,0,41,153,6,200,156,0,156,356
01/26/2007,SIG,PR,ASO,ES,Federal Contract Tower,0,0,25,0,25,0,39,173,10,222,0,39,198,10,247,148,0,148,395
01/27/2007,SIG,PR,ASO,ES,Federal Contract Tower,0,0,10,0,10,0,24,172,2,198,0,24,182,2,208,156,0,156,364
01/28/2007,SIG,PR,ASO,ES,Federal Contract Tower,0,0,25,0,25,0,36,89,2,127,0,36,114,2,152,22,0,22,174
01/29/2007,SIG,PR,ASO,ES,Federal Contract Tower,0,0,10,0,10,0,38,120,3,161,0,38,130,3,171,60,0,60,231
01/30/2007,SIG,PR,ASO,ES,Federal Contract Tower,0,0,15,0,15,0,46,136,10,192,0,46,151,10,207,164,0,164,371
01/31/2007,SIG,PR,ASO,ES,Federal Contract Tower,0,0,18,0,18,0,47,125,2,174,0,47,143,2,192,158,0,158,350
02/01/2007,SIG,PR,ASO,ES,Federal Contract Tower,0,0,13,0,13,0,30,118,1,149,0,30,131,1,162,172,0,172,334
02/02/2007,SIG,PR,ASO,ES,Federal Contract Tower,0,0,33,0,33,0,44,166,0,210,0,44,199,0,243,218,0,218,461
02/03/2007,SIG,PR,ASO,ES,Federal Contract Tower,0,0,8,0,8,0,30,141,0,171,0,30,149,0,179,174,0,174,353
02/04/2007,SIG,PR,ASO,ES,Federal Contract Tower,0,0,19,0,19,0,36,113,0,149,0,36,132,0,168,86,0,86,254
02/05/2007,SIG,PR,ASO,ES,Federal Contract Tower,0,0,21,0,21,0,43,109,4,156,0,43,130,4,177,152,0,152,329
02/06/2007,SIG,PR,ASO,ES,Federal Contract Tower,0,0,17,0,17,0,41,176,3,220,0,41,193,3,237,236,0,236,473
02/07/2007,SIG,PR,ASO,ES,Federal Contract Tower,0,0,18,0,18,0,34,111,2,147,0,34,129,2,165,114,0,114,279
02/08/2007,SIG,PR,ASO,ES,Federal Contract Tower,0,0,23,0,23,0,56,123,11,190,0,56,146,11,213,182,0,182,395
02/09/2007,SIG,PR,ASO,ES,Federal Contract Tower,0,0,21,0,21,0,43,109,4,156,0,43,130,4,177,152,0,152,329
02/10/2007,SIG,PR,ASO,ES,Federal Contract Tower,0,0,7,0,7,0,25,140,0,165,0,25,147,0,172,136,0,136,308
02/11/2007,SIG,PR,ASO,ES,Federal Contract Tower,0,0,22,0,22,0,32,128,0,160,0,32,150,0,182,152,0,152,334
02/12/2007,SIG,PR,ASO,ES,Federal Contract Tower,0,0,6,0,6,0,38,137,3,178,0,38,143,3,184,184,170,354,538
02/13/2007,SIG,PR,ASO,ES,Federal Contract Tower,0,0,12,0,12,0,37,142,14,193,0,37,154,14,205,216,0,216,421
02/14/2007,SIG,PR,ASO,ES,Federal Contract Tower,0,0,14,0,14,0,46,162,0,208,0,46,176,0,222,230,0,230,452
02/15/2007,SIG,PR,ASO,ES,Federal Contract Tower,0,0,24,0,24,0,45,186,0,231,0,45,210,0,255,222,0,222,477
02/16/2007,SIG,PR,ASO,ES,Federal Contract Tower,0,0,41,0,41,0,59,153,3,215,0,59,194,3,256,193,0,193,449
02/17/2007,SIG,PR,ASO,ES,Federal Contract Tower,0,0,8,0,8,0,36,150,2,188,0,36,158,2,196,194,0,194,390
02/18/2007,SIG,PR,ASO,ES,Federal Contract Tower,0,0,22,0,22,0,36,107,0,143,0,36,129,0,165,154,0,154,319
02/19/2007,SIG,PR,ASO,ES,Federal Contract Tower,0,0,33,0,33,0,43,85,0,128,0,43,118,0,161,88,0,88,249
02/20/2007,SIG,PR,ASO,ES,Federal Contract Tower,0,0,21,3,24,0,35,68,10,113,0,35,89,13,137,24,0,24,161
02/21/2007,SIG,PR,ASO,ES,Federal Contract Tower,0,0,0,0,0,0,58,125,6,189,0,58,125,6,189,98,0,98,287
02/22/2007,SIG,PR,ASO,ES,Federal Contract Tower,0,0,10,4,14,0,60,171,4,235,0,60,181,8,249,258,0,258,507
02/23/2007,SIG,PR,ASO,ES,Federal Contract Tower,0,0,0,0,0,0,37,151,9,197,0,37,151,9,197,220,0,220,417
02/24/2007,SIG,PR,ASO,ES,Federal Contract Tower,0,0,12,0,12,0,37,157,7,201,0,37,169,7,213,210,0,210,423
02/25/2007,SIG,PR,ASO,ES,Federal Contract Tower,0,0,21,0,21,0,41,109,0,150,0,41,130,0,171,154,0,154,325
02/26/2007,SIG,PR,ASO,ES,Federal Contract Tower,0,0,12,4,16,0,46,132,6,184,0,46,144,10,200,116,2,118,318
02/27/2007,SIG,PR,ASO,ES,Federal Contract Tower,0,0,19,0,19,0,53,111,14,178,0,53,130,14,197,184,0,184,381
02/28/2007,SIG,PR,ASO,ES,Federal Contract Tower,0,0,15,0,15,0,39,119,7,165,0,39,134,7,180,160,0,160,340
03/01/2007,SIG,PR,ASO,ES,Federal Contract Tower,0,0,16,0,16,0,51,142,4,197,0,51,158,4,213,222,0,222,435
03/02/2007,SIG,PR,ASO,ES,Federal Contract Tower,0,0,23,0,23,0,41,113,0,154,0,41,136,0,177,140,0,140,317
03/03/2007,SIG,PR,ASO,ES,Federal Contract Tower,0,0,9,0,9,0,30,148,0,178,0,30,157,0,187,128,0,128,315
03/04/2007,SIG,PR,ASO,ES,Federal Contract Tower,0,0,14,0,14,0,27,109,0,136,0,27,123,0,150,86,0,86,236
03/05/2007,SIG,PR,ASO,ES,Federal Contract Tower,0,0,10,1,11,0,45,119,5,169,0,45,129,6,180,176,0,176,356
03/06/2007,SIG,PR,ASO,ES,Federal Contract Tower,0,0,13,0,13,0,58,135,8,201,0,58,148,8,214,156,6,162,376
03/07/2007,SIG,PR,ASO,ES,Federal Contract Tower,0,0,0,0,0,0,44,175,6,225,0,44,175,6,225,208,0,208,433
03/08/2007,SIG,PR,ASO,ES,Federal Contract Tower,0,0,18,0,18,0,44,119,0,163,0,44,137,0,181,196,0,196,377
03/09/2007,SIG,PR,ASO,ES,Federal Contract Tower,0,0,36,0,36,0,51,141,6,198,0,51,177,6,234,256,0,256,490
03/10/2007,SIG,PR,ASO,ES,Federal Contract Tower,0,0,5,0,5,0,35,132,0,167,0,35,137,0,172,126,0,126,298
03/11/2007,SIG,PR,ASO,ES,Federal Contract Tower,0,0,16,0,16,0,29,91,0,120,0,29,107,0,136,78,0,78,214
03/12/2007,SIG,PR,ASO,ES,Federal Contract Tower,0,0,12,0,12,0,46,124,5,175,0,46,136,5,187,152,4,156,343
03/13/2007,SIG,PR,ASO,ES,Federal Contract Tower,0,0,10,0,10,0,35,107,6,148,0,35,117,6,158,166,0,166,324
03/14/2007,SIG,PR,ASO,ES,Federal Contract Tower,0,0,16,0,16,0,35,84,2,121,0,35,100,2,137,198,10,208,345
03/15/2007,SIG,PR,ASO,ES,Federal Contract Tower,0,0,19,0,19,0,41,120,1,162,0,41,139,1,181,160,0,160,341
03/16/2007,SIG,PR,ASO,ES,Federal Contract Tower,0,0,24,0,24,0,33,123,7,163,0,33,147,7,187,138,0,138,325
03/17/2007,SIG,PR,ASO,ES,Federal Contract Tower,0,0,12,0,12,0,39,161,2,202,0,39,173,2,214,122,0,122,336
03/18/2007,SIG,PR,ASO,ES,Federal Contract Tower,0,0,26,2,28,0,39,94,2,135,0,39,120,4,163,130,0,130,293
03/19/2007,SIG,PR,ASO,ES,Federal Contract Tower,0,0,14,0,14,0,39,110,4,153,0,39,124,4,167,48,4,52,219
03/20/2007,SIG,PR,ASO,ES,Federal Contract Tower,0,0,14,0,14,0,34,140,6,180,0,34,154,6,194,168,0,168,362
03/21/2007,SIG,PR,ASO,ES,Federal Contract Tower,0,0,18,0,18,0,65,153,3,221,0,65,171,3,239,162,0,162,401
03/22/2007,SIG,PR,ASO,ES,Federal Contract Tower,0,0,31,1,32,0,63,158,0,221,0,63,189,1,253,142,0,142,395
03/23/2007,SIG,PR,ASO,ES,Federal Contract Tower,0,0,29,0,29,0,43,148,0,191,0,43,177,0,220,112,0,112,332
03/24/2007,SIG,PR,ASO,ES,Federal Contract Tower,0,0,17,0,17,0,31,112,1,144,0,31,129,1,161,212,0,212,373
03/25/2007,SIG,PR,ASO,ES,Federal Contract Tower,0,0,25,0,25,0,39,89,2,130,0,39,114,2,155,184,0,184,339
03/26/2007,SIG,PR,ASO,ES,Federal Contract Tower,0,0,13,0,13,0,36,80,0,116,0,36,93,0,129,114,0,114,243
03/27/2007,SIG,PR,ASO,ES,Federal Contract Tower,0,0,11,0,11,0,42,80,2,124,0,42,91,2,135,152,0,152,287
03/28/2007,SIG,PR,ASO,ES,Federal Contract Tower,0,0,21,0,21,0,43,105,1,149,0,43,126,1,170,126,0,126,296
03/29/2007,SIG,PR,ASO,ES,Federal Contract Tower,0,0,11,0,11,0,55,127,1,183,0,55,138,1,194,196,0,196,390
03/30/2007,SIG,PR,ASO,ES,Federal Contract Tower,0,0,24,0,24,0,53,101,6,160,0,53,125,6,184,106,0,106,290
03/31/2007,SIG,PR,ASO,ES,Federal Contract Tower,0,0,20,0,20,0,36,116,0,152,0,36,136,0,172,178,8,186,358
04/01/2007,SIG,PR,ASO,ES,Federal Contract Tower,0,0,10,0,10,0,40,109,0,149,0,40,119,0,159,68,0,68,227
04/02/2007,SIG,PR,ASO,ES,Federal Contract Tower,0,0,10,0,10,0,52,85,4,141,0,52,95,4,151,90,0,90,241
04/03/2007,SIG,PR,ASO,ES,Federal Contract Tower,0,0,16,0,16,0,51,170,1,222,0,51,186,1,238,190,0,190,428
04/04/2007,SIG,PR,ASO,ES,Federal Contract Tower,0,0,32,0,32,0,60,145,1,206,0,60,177,1,238,226,0,226,464
04/05/2007,SIG,PR,ASO,ES,Federal Contract Tower,0,0,18,0,18,0,65,179,1,245,0,65,197,1,263,188,0,188,451
04/06/2007,SIG,PR,ASO,ES,Federal Contract Tower,0,0,7,0,7,0,24,50,0,74,0,24,57,0,81,2,0,2,83
04/07/2007,SIG,PR,ASO,ES,Federal Contract Tower,0,0,15,0,15,0,31,100,0,131,0,31,115,0,146,86,0,86,232
04/08/2007,SIG,PR,ASO,ES,Federal Contract Tower,0,0,23,1,24,0,33,91,0,124,0,33,114,1,148,38,0,38,186
04/09/2007,SIG,PR,ASO,ES,Federal Contract Tower,0,0,16,0,16,0,44,124,6,174,0,44,140,6,190,80,0,80,270
04/10/2007,SIG,PR,ASO,ES,Federal Contract Tower,0,0,12,0,12,0,45,121,1,167,0,45,133,1,179,152,0,152,331
04/11/2007,SIG,PR,ASO,ES,Federal Contract Tower,0,0,8,0,8,0,50,148,5,203,0,50,156,5,211,234,0,234,445
04/12/2007,SIG,PR,ASO,ES,Federal Contract Tower,0,0,25,0,25,0,42,139,6,187,0,42,164,6,212,82,0,82,294
04/13/2007,SIG,PR,ASO,ES,Federal Contract Tower,0,0,18,0,18,0,43,145,0,188,0,43,163,0,206,184,0,184,390
04/14/2007,SIG,PR,ASO,ES,Federal Contract Tower,0,0,0,0,0,0,31,143,1,175,0,31,143,1,175,274,0,274,449
04/15/2007,SIG,PR,ASO,ES,Federal Contract Tower,0,0,17,2,19,0,37,104,1,142,0,37,121,3,161,88,0,88,249
04/16/2007,SIG,PR,ASO,ES,Federal Contract Tower,0,0,14,2,16,0,43,151,1,195,0,43,165,3,211,128,0,128,339
04/17/2007,SIG,PR,ASO,ES,Federal Contract Tower,0,0,12,0,12,0,32,107,2,141,0,32,119,2,153,141,0,141,294
04/18/2007,SIG,PR,ASO,ES,Federal Contract Tower,0,0,32,0,32,0,41,107,0,148,0,41,139,0,180,88,0,88,268
04/19/2007,SIG,PR,ASO,ES,Federal Contract Tower,0,0,22,0,22,0,38,118,0,156,0,38,140,0,178,148,0,148,326
04/20/2007,SIG,PR,ASO,ES,Federal Contract Tower,0,0,39,0,39,0,44,119,0,163,0,44,158,0,202,116,0,116,318
04/21/2007,SIG,PR,ASO,ES,Federal Contract Tower,0,0,11,1,12,0,25,108,8,141,0,25,119,9,153,148,4,152,305
04/22/2007,SIG,PR,ASO,ES,Federal Contract Tower,0,0,19,13,32,0,20,43,0,63,0,20,62,13,95,46,2,48,143
04/23/2007,SIG,PR,ASO,ES,Federal Contract Tower,0,0,19,0,19,0,10,38,0,48,0,10,57,0,67,26,0,26,93
04/24/2007,SIG,PR,ASO,ES,Federal Contract Tower,0,2,20,0,22,0,16,27,1,44,0,18,47,1,66,34,0,34,100
04/25/2007,SIG,PR,ASO,ES,Federal Contract Tower,0,0,9,0,9,0,45,146,1,192,0,45,155,1,201,226,0,226,427
04/26/2007,SIG,PR,ASO,ES,Federal Contract Tower,0,0,19,0,19,0,29,52,3,84,0,29,71,3,103,90,0,90,193
04/27/2007,SIG,PR,ASO,ES,Federal Contract Tower,0,0,31,0,31,0,38,152,3,193,0,38,183,3,224,220,0,220,444
04/28/2007,SIG,PR,ASO,ES,Federal Contract Tower,0,0,15,0,15,0,31,157,0,188,0,31,172,0,203,206,0,206,409
04/29/2007,SIG,PR,ASO,ES,Federal Contract Tower,0,0,33,0,33,0,28,101,0,129,0,28,134,0,162,172,0,172,334
04/30/2007,SIG,PR,ASO,ES,Federal Contract Tower,0,0,20,0,20,0,35,93,1,129,0,35,113,1,149,46,0,46,195
06/01/2007,SIG,PR,ASO,ES,Federal Contract Tower,0,0,29,0,29,0,32,143,3,178,0,32,172,3,207,214,0,214,421
06/02/2007,SIG,PR,ASO,ES,Federal Contract Tower,0,0,9,0,9,0,33,124,3,160,0,33,133,3,169,198,0,198,367
06/03/2007,SIG,PR,ASO,ES,Federal Contract Tower,0,0,27,0,27,0,25,95,1,121,0,25,122,1,148,98,0,98,246
06/04/2007,SIG,PR,ASO,ES,Federal Contract Tower,0,0,13,0,13,0,30,129,4,163,0,30,142,4,176,222,0,222,398
06/05/2007,SIG,PR,ASO,ES,Federal Contract Tower,0,0,14,0,14,0,34,140,2,176,0,34,154,2,190,192,0,192,382
06/06/2007,SIG,PR,ASO,ES,Federal Contract Tower,0,0,10,0,10,0,34,175,4,213,0,34,185,4,223,190,2,192,415
06/07/2007,SIG,PR,ASO,ES,Federal Contract Tower,0,0,18,0,18,0,27,126,9,162,0,27,144,9,180,184,2,186,366
06/08/2007,SIG,PR,ASO,ES,Federal Contract Tower,0,0,16,0,16,0,43,162,5,210,0,43,178,5,226,252,0,252,478
06/09/2007,SIG,PR,ASO,ES,Federal Contract Tower,0,0,13,0,13,0,35,114,0,149,0,35,127,0,162,238,0,238,400
06/10/2007,SIG,PR,ASO,ES,Federal Contract Tower,0,0,22,0,22,0,24,126,0,150,0,24,148,0,172,132,0,132,304
06/11/2007,SIG,PR,ASO,ES,Federal Contract Tower,0,0,15,0,15,0,40,133,1,174,0,40,148,1,189,146,0,146,335
06/12/2007,SIG,PR,ASO,ES,Federal Contract Tower,0,0,20,2,22,0,41,123,1,165,0,41,143,3,187,148,0,148,335
06/13/2007,SIG,PR,ASO,ES,Federal Contract Tower,0,0,15,2,17,0,32,128,0,160,0,32,143,2,177,112,2,114,291
06/14/2007,SIG,PR,ASO,ES,Federal Contract Tower,0,0,21,0,21,0,39,131,0,170,0,39,152,0,191,138,0,138,329
06/15/2007,SIG,PR,ASO,ES,Federal Contract Tower,0,0,19,1,20,0,33,139,1,173,0,33,158,2,193,208,0,208,401
06/16/2007,SIG,PR,ASO,ES,Federal Contract Tower,0,0,17,0,17,0,41,199,1,241,0,41,216,1,258,242,0,242,500
06/17/2007,SIG,PR,ASO,ES,Federal Contract Tower,0,0,6,0,6,0,16,18,0,34,0,16,24,0,40,0,0,0,40
06/18/2007,SIG,PR,ASO,ES,Federal Contract Tower,0,0,16,3,19,0,43,135,5,183,0,43,151,8,202,198,2,200,402
06/19/2007,SIG,PR,ASO,ES,Federal Contract Tower,0,0,17,3,20,0,35,109,3,147,0,35,126,6,167,138,0,138,305
06/20/2007,SIG,PR,ASO,ES,Federal Contract Tower,0,0,15,3,18,0,36,124,0,160,0,36,139,3,178,214,0,214,392
06/21/2007,SIG,PR,ASO,ES,Federal Contract Tower,0,0,25,0,25,0,36,112,5,153,0,36,137,5,178,142,0,142,320
06/22/2007,SIG,PR,ASO,ES,Federal Contract Tower,0,0,21,1,22,0,41,134,0,175,0,41,155,1,197,180,0,180,377
06/23/2007,SIG,PR,ASO,ES,Federal Contract Tower,0,0,9,0,9,0,33,112,0,145,0,33,121,0,154,180,0,180,334
06/24/2007,SIG,PR,ASO,ES,Federal Contract Tower,0,0,20,0,20,0,22,66,0,88,0,22,86,0,108,62,0,62,170
06/25/2007,SIG,PR,ASO,ES,Federal Contract Tower,0,0,11,1,12,0,44,123,1,168,0,44,134,2,180,122,0,122,302
06/26/2007,SIG,PR,ASO,ES,Federal Contract Tower,0,0,7,0,7,0,37,131,2,170,0,37,138,2,177,238,0,238,415
06/27/2007,SIG,PR,ASO,ES,Federal Contract Tower,0,0,15,0,15,0,28,132,0,160,0,28,147,0,175,174,0,174,349
06/28/2007,SIG,PR,ASO,ES,Federal Contract Tower,0,0,17,0,17,0,32,110,2,144,0,32,127,2,161,154,0,154,315
06/29/2007,SIG,PR,ASO,ES,Federal Contract Tower,0,0,42,0,42,0,44,132,4,180,0,44,174,4,222,206,0,206,428
06/30/2007,SIG,PR,ASO,ES,Federal Contract Tower,0,0,29,0,29,0,26,83,2,111,0,26,112,2,140,124,0,124,264
07/01/2007,SIG,PR,ASO,ES,Federal Contract Tower,0,0,20,0,20,0,20,100,0,120,0,20,120,0,140,158,0,158,298
07/02/2007,SIG,PR,ASO,ES,Federal Contract Tower,0,0,22,0,22,0,31,113,0,144,0,31,135,0,166,152,0,152,318
07/03/2007,SIG,PR,ASO,ES,Federal Contract Tower,0,0,25,0,25,0,35,141,1,177,0,35,166,1,202,172,0,172,374
07/04/2007,SIG,PR,ASO,ES,Federal Contract Tower,0,0,22,0,22,0,33,97,0,130,0,33,119,0,152,120,0,120,272
07/05/2007,SIG,PR,ASO,ES,Federal Contract Tower,0,0,22,0,22,0,35,123,1,159,0,35,145,1,181,127,0,127,308
07/06/2007,SIG,PR,ASO,ES,Federal Contract Tower,0,0,24,1,25,0,36,124,5,165,0,36,148,6,190,132,0,132,322
07/07/2007,SIG,PR,ASO,ES,Federal Contract Tower,0,0,14,1,15,0,30,132,1,163,0,30,146,2,178,200,0,200,378
07/08/2007,SIG,PR,ASO,ES,Federal Contract Tower,0,0,26,0,26,0,36,111,0,147,0,36,137,0,173,146,0,146,319
07/09/2007,SIG,PR,ASO,ES,Federal Contract Tower,0,0,22,0,22,0,46,130,0,176,0,46,152,0,198,146,0,146,344
07/10/2007,SIG,PR,ASO,ES,Federal Contract Tower,0,0,21,0,21,0,26,106,0,132,0,26,127,0,153,148,0,148,301
07/11/2007,SIG,PR,ASO,ES,Federal Contract Tower,0,0,14,0,14,0,31,103,1,135,0,31,117,1,149,88,0,88,237
07/12/2007,SIG,PR,ASO,ES,Federal Contract Tower,0,0,23,0,23,0,27,129,5,161,0,27,152,5,184,160,0,160,344
07/13/2007,SIG,PR,ASO,ES,Federal Contract Tower,0,0,17,0,17,0,35,125,1,161,0,35,142,1,178,120,0,120,298
07/14/2007,SIG,PR,ASO,ES,Federal Contract Tower,0,0,20,0,20,0,24,132,0,156,0,24,152,0,176,238,0,238,414
07/15/2007,SIG,PR,ASO,ES,Federal Contract Tower,0,0,12,0,12,0,29,110,0,139,0,29,122,0,151,214,0,214,365
07/16/2007,SIG,PR,ASO,ES,Federal Contract Tower,0,0,19,0,19,0,28,89,2,119,0,28,108,2,138,138,86,224,362
07/17/2007,SIG,PR,ASO,ES,Federal Contract Tower,0,0,15,0,15,0,33,83,5,121,0,33,98,5,136,90,0,90,226
07/18/2007,SIG,PR,ASO,ES,Federal Contract Tower,0,0,15,0,15,0,33,127,2,162,0,33,142,2,177,194,0,194,371
07/19/2007,SIG,PR,ASO,ES,Federal Contract Tower,0,0,18,0,18,0,28,109,2,139,0,28,127,2,157,229,0,229,386
07/20/2007,SIG,PR,ASO,ES,Federal Contract Tower,0,0,38,0,38,0,39,137,1,177,0,39,175,1,215,198,0,198,413
07/21/2007,SIG,PR,ASO,ES,Federal Contract Tower,0,0,21,0,21,0,24,118,1,143,0,24,139,1,164,140,0,140,304
07/22/2007,SIG,PR,ASO,ES,Federal Contract Tower,0,0,17,0,17,0,20,76,3,99,0,20,93,3,116,68,0,68,184
07/23/2007,SIG,PR,ASO,ES,Federal Contract Tower,0,0,16,0,16,0,27,136,2,165,0,27,152,2,181,132,0,132,313
07/24/2007,SIG,PR,ASO,ES,Federal Contract Tower,0,0,16,0,16,0,26,177,3,206,0,26,193,3,222,184,0,184,406
07/25/2007,SIG,PR,ASO,ES,Federal Contract Tower,0,0,20,0,20,0,39,138,0,177,0,39,158,0,197,128,0,128,325
07/26/2007,SIG,PR,ASO,ES,Federal Contract Tower,0,0,24,0,24,0,34,121,5,160,0,34,145,5,184,144,0,144,328
07/27/2007,SIG,PR,ASO,ES,Federal Contract Tower,0,0,12,0,12,0,46,143,2,191,0,46,155,2,203,260,0,260,463
07/28/2007,SIG,PR,ASO,ES,Federal Contract Tower,0,0,17,0,17,0,36,184,0,220,0,36,201,0,237,170,0,170,407
07/29/2007,SIG,PR,ASO,ES,Federal Contract Tower,0,0,36,0,36,0,26,127,0,153,0,26,163,0,189,110,0,110,299
07/30/2007,SIG,PR,ASO,ES,Federal Contract Tower,0,0,28,0,28,0,35,128,1,164,0,35,156,1,192,192,0,192,384
07/31/2007,SIG,PR,ASO,ES,Federal Contract Tower,0,0,28,0,28,0,31,114,5,150,0,31,142,5,178,222,4,226,404
08/01/2007,SIG,PR,ASO,ES,Federal Contract Tower,0,0,15,0,15,0,19,136,0,155,0,19,151,0,170,173,0,173,343
08/02/2007,SIG,PR,ASO,ES,Federal Contract Tower,0,0,21,0,21,0,32,120,4,156,0,32,141,4,177,86,0,86,263
08/03/2007,SIG,PR,ASO,ES,Federal Contract Tower,0,0,31,0,31,0,35,122,1,158,0,35,153,1,189,106,0,106,295
08/04/2007,SIG,PR,ASO,ES,Federal Contract Tower,0,0,23,0,23,0,40,103,2,145,0,40,126,2,168,192,0,192,360
08/05/2007,SIG,PR,ASO,ES,Federal Contract Tower,0,0,16,0,16,0,22,76,1,99,0,22,92,1,115,122,0,122,237
08/06/2007,SIG,PR,ASO,ES,Federal Contract Tower,0,0,21,0,21,0,34,124,6,164,0,34,145,6,185,92,0,92,277
08/07/2007,SIG,PR,ASO,ES,Federal Contract Tower,0,0,12,0,12,0,31,93,0,124,0,31,105,0,136,110,0,110,246
08/08/2007,SIG,PR,ASO,ES,Federal Contract Tower,0,0,26,0,26,0,28,101,3,132,0,28,127,3,158,122,0,122,280
08/09/2007,SIG,PR,ASO,ES,Federal Contract Tower,0,0,18,0,18,0,33,145,10,188,0,33,163,10,206,180,0,180,386
08/10/2007,SIG,PR,ASO,ES,Federal Contract Tower,0,0,19,0,19,0,43,122,0,165,0,43,141,0,184,128,0,128,312
08/11/2007,SIG,PR,ASO,ES,Federal Contract Tower,0,0,17,0,17,0,36,106,2,144,0,36,123,2,161,142,0,142,303
08/12/2007,SIG,PR,ASO,ES,Federal Contract Tower,0,0,16,0,16,0,27,107,0,134,0,27,123,0,150,40,0,40,190
08/13/2007,SIG,PR,ASO,ES,Federal Contract Tower,0,0,12,0,12,0,37,140,4,181,0,37,152,4,193,152,0,152,345
08/14/2007,SIG,PR,ASO,ES,Federal Contract Tower,0,0,24,0,24,0,30,136,2,168,0,30,160,2,192,82,0,82,274
08/15/2007,SIG,PR,ASO,ES,Federal Contract Tower,0,0,14,3,17,0,41,148,4,193,0,41,162,7,210,166,0,166,376
08/16/2007,SIG,PR,ASO,ES,Federal Contract Tower,0,0,11,0,11,0,37,128,5,170,0,37,139,5,181,86,0,86,267
08/17/2007,SIG,PR,ASO,ES,Federal Contract Tower,0,0,17,0,17,0,26,88,4,118,0,26,105,4,135,84,0,84,219
08/18/2007,SIG,PR,ASO,ES,Federal Contract Tower,0,0,6,0,6,0,5,24,0,29,0,5,30,0,35,36,0,36,71
08/19/2007,SIG,PR,ASO,ES,Federal Contract Tower,0,0,14,0,14,0,20,84,0,104,0,20,98,0,118,98,0,98,216
08/20/2007,SIG,PR,ASO,ES,Federal Contract Tower,0,0,15,0,15,0,32,118,4,154,0,32,133,4,169,112,0,112,281
08/21/2007,SIG,PR,ASO,ES,Federal Contract Tower,0,0,19,0,19,0,34,126,0,160,0,34,145,0,179,162,0,162,341
08/22/2007,SIG,PR,ASO,ES,Federal Contract Tower,0,0,14,1,15,0,24,147,1,172,0,24,161,2,187,244,6,250,437
08/23/2007,SIG,PR,ASO,ES,Federal Contract Tower,0,0,21,0,21,0,40,114,5,159,0,40,135,5,180,150,0,150,330
08/24/2007,SIG,PR,ASO,ES,Federal Contract Tower,0,0,22,0,22,0,28,84,2,114,0,28,106,2,136,96,0,96,232
08/25/2007,SIG,PR,ASO,ES,Federal Contract Tower,0,0,14,0,14,0,28,187,3,218,0,28,201,3,232,170,0,170,402
08/26/2007,SIG,PR,ASO,ES,Federal Contract Tower,0,0,14,0,14,0,26,107,1,134,0,26,121,1,148,96,0,96,244
08/27/2007,SIG,PR,ASO,ES,Federal Contract Tower,0,0,17,1,18,0,20,129,5,154,0,20,146,6,172,150,4,154,326
08/28/2007,SIG,PR,ASO,ES,Federal Contract Tower,0,0,20,0,20,0,23,149,5,177,0,23,169,5,197,144,4,148,345
08/29/2007,SIG,PR,ASO,ES,Federal Contract Tower,0,0,21,2,23,0,38,133,5,176,0,38,154,7,199,160,0,160,359
08/30/2007,SIG,PR,ASO,ES,Federal Contract Tower,0,0,29,0,29,0,34,131,3,168,0,34,160,3,197,150,0,150,347
08/31/2007,SIG,PR,ASO,ES,Federal Contract Tower,0,0,40,0,40,0,43,150,5,198,0,43,190,5,238,128,0,128,366
09/01/2007,SIG,PR,ASO,ES,Federal Contract Tower,0,0,17,0,17,0,37,148,1,186,0,37,165,1,203,234,0,234,437
09/02/2007,SIG,PR,ASO,ES,Federal Contract Tower,0,0,10,0,10,0,26,74,0,100,0,26,84,0,110,30,0,30,140
09/03/2007,SIG,PR,ASO,ES,Federal Contract Tower,0,0,35,0,35,0,30,123,0,153,0,30,158,0,188,148,0,148,336
09/04/2007,SIG,PR,ASO,ES,Federal Contract Tower,0,0,12,0,12,0,33,111,0,144,0,33,123,0,156,172,4,176,332
09/05/2007,SIG,PR,ASO,ES,Federal Contract Tower,0,0,19,0,19,0,26,148,7,181,0,26,167,7,200,244,0,244,444
09/06/2007,SIG,PR,ASO,ES,Federal Contract Tower,0,0,31,3,34,0,31,111,2,144,0,31,142,5,178,134,0,134,312
09/07/2007,SIG,PR,ASO,ES,Federal Contract Tower,0,0,23,0,23,0,35,142,0,177,0,35,165,0,200,164,0,164,364
09/08/2007,SIG,PR,ASO,ES,Federal Contract Tower,0,0,11,0,11,0,24,150,0,174,0,24,161,0,185,238,0,238,423
09/09/2007,SIG,PR,ASO,ES,Federal Contract Tower,0,0,17,0,17,0,22,70,3,95,0,22,87,3,112,46,0,46,158
09/10/2007,SIG,PR,ASO,ES,Federal Contract Tower,0,0,10,0,10,0,27,115,6,148,0,27,125,6,158,130,0,130,288
09/11/2007,SIG,PR,ASO,ES,Federal Contract Tower,0,0,8,0,8,0,29,134,5,168,0,29,142,5,176,160,0,160,336
09/12/2007,SIG,PR,ASO,ES,Federal Contract Tower,0,0,8,0,8,0,25,118,5,148,0,25,126,5,156,126,0,126,282
09/13/2007,SIG,PR,ASO,ES,Federal Contract Tower,0,0,18,0,18,0,30,88,1,119,0,30,106,1,137,134,0,134,271
09/14/2007,SIG,PR,ASO,ES,Federal Contract Tower,0,0,25,0,25,0,27,109,3,139,0,27,134,3,164,88,0,88,252
09/15/2007,SIG,PR,ASO,ES,Federal Contract Tower,0,0,21,0,21,0,30,118,0,148,0,30,139,0,169,140,0,140,309
09/16/2007,SIG,PR,ASO,ES,Federal Contract Tower,0,0,16,0,16,0,24,96,0,120,0,24,112,0,136,72,0,72,208
09/17/2007,SIG,PR,ASO,ES,Federal Contract Tower,0,0,25,1,26,0,27,111,2,140,0,27,136,3,166,116,0,116,282
09/18/2007,SIG,PR,ASO,ES,Federal Contract Tower,0,0,16,1,17,0,20,114,0,134,0,20,130,1,151,112,0,112,263
09/19/2007,SIG,PR,ASO,ES,Federal Contract Tower,0,0,15,0,15,0,28,133,2,163,0,28,148,2,178,176,0,176,354
09/20/2007,SIG,PR,ASO,ES,Federal Contract Tower,0,0,16,0,16,0,24,116,3,143,0,24,132,3,159,124,0,124,283
09/21/2007,SIG,PR,ASO,ES,Federal Contract Tower,0,0,27,1,28,0,37,154,4,195,0,37,181,5,223,138,2,140,363
09/22/2007,SIG,PR,ASO,ES,Federal Contract Tower,0,0,14,0,14,0,30,117,0,147,0,30,131,0,161,148,0,148,309
09/23/2007,SIG,PR,ASO,ES,Federal Contract Tower,0,0,18,0,18,0,23,106,0,129,0,23,124,0,147,74,2,76,223
09/24/2007,SIG,PR,ASO,ES,Federal Contract Tower,0,0,16,0,16,0,23,114,0,137,0,23,130,0,153,100,0,100,253
09/25/2007,SIG,PR,ASO,ES,Federal Contract Tower,0,0,21,0,21,0,30,142,0,172,0,30,163,0,193,104,0,104,297
09/26/2007,SIG,PR,ASO,ES,Federal Contract Tower,0,0,18,0,18,0,28,116,2,146,0,28,134,2,164,166,0,166,330
09/27/2007,SIG,PR,ASO,ES,Federal Contract Tower,0,0,16,0,16,0,33,144,2,179,0,33,160,2,195,172,0,172,367
09/28/2007,SIG,PR,ASO,ES,Federal Contract Tower,0,0,28,0,28,0,31,98,0,129,0,31,126,0,157,68,0,68,225
09/29/2007,SIG,PR,ASO,ES,Federal Contract Tower,0,0,8,0,8,0,25,120,0,145,0,25,128,0,153,200,0,200,353
09/30/2007,SIG,PR,ASO,ES,Federal Contract Tower,0,0,15,0,15,0,12,90,1,103,0,12,105,1,118,124,0,124,242
10/01/2007,SIG,PR,ASO,ES,Federal Contract Tower,0,0,13,0,13,0,31,128,0,159,0,31,141,0,172,134,0,134,306
10/02/2007,SIG,PR,ASO,ES,Federal Contract Tower,0,0,13,0,13,0,28,115,0,143,0,28,128,0,156,156,0,156,312
10/03/2007,SIG,PR,ASO,ES,Federal Contract Tower,0,0,24,0,24,0,24,107,7,138,0,24,131,7,162,136,0,136,298
10/04/2007,SIG,PR,ASO,ES,Federal Contract Tower,0,0,19,0,19,0,34,139,3,176,0,34,158,3,195,102,0,102,297
10/05/2007,SIG,PR,ASO,ES,Federal Contract Tower,0,0,32,0,32,0,37,112,2,151,0,37,144,2,183,124,0,124,307
10/06/2007,SIG,PR,ASO,ES,Federal Contract Tower,0,0,8,0,8,0,31,175,0,206,0,31,183,0,214,138,0,138,352
10/07/2007,SIG,PR,ASO,ES,Federal Contract Tower,0,0,20,0,20,0,20,84,0,104,0,20,104,0,124,30,0,30,154
10/08/2007,SIG,PR,ASO,ES,Federal Contract Tower,0,0,15,0,15,0,27,129,0,156,0,27,144,0,171,106,0,106,277
10/09/2007,SIG,PR,ASO,ES,Federal Contract Tower,0,0,15,2,17,0,32,119,3,154,0,32,134,5,171,68,0,68,239
10/11/2007,SIG,PR,ASO,ES,Federal Contract Tower,0,0,23,2,25,0,35,123,3,161,0,35,146,5,186,130,0,130,316
10/12/2007,SIG,PR,ASO,ES,Federal Contract Tower,0,0,26,0,26,0,34,156,0,190,0,34,182,0,216,118,0,118,334
10/13/2007,SIG,PR,ASO,ES,Federal Contract Tower,0,0,4,0,4,0,38,182,0,220,0,38,186,0,224,152,0,152,376
10/15/2007,SIG,PR,ASO,ES,Federal Contract Tower,0,0,18,0,18,0,28,139,0,167,0,28,157,0,185,114,2,116,301
10/16/2007,SIG,PR,ASO,ES,Federal Contract Tower,0,0,17,0,17,0,25,129,0,154,0,25,146,0,171,158,0,158,329
10/17/2007,SIG,PR,ASO,ES,Federal Contract Tower,0,0,20,0,20,0,36,108,1,145,0,36,128,1,165,160,0,160,325
10/18/2007,SIG,PR,ASO,ES,Federal Contract Tower,0,0,17,0,17,0,31,135,3,169,0,31,152,3,186,136,0,136,322
10/20/2007,SIG,PR,ASO,ES,Federal Contract Tower,0,0,4,0,4,0,32,148,1,181,0,32,152,1,185,212,0,212,397
10/21/2007,SIG,PR,ASO,ES,Federal Contract Tower,0,0,13,0,13,0,15,72,0,87,0,15,85,0,100,62,0,62,162
11/01/2007,SIG,PR,ASO,ES,Federal Contract Tower,0,0,13,0,13,0,35,128,2,165,0,35,141,2,178,204,0,204,382
11/02/2007,SIG,PR,ASO,ES,Federal Contract Tower,0,0,26,0,26,0,17,71,0,88,0,17,97,0,114,62,0,62,176
11/03/2007,SIG,PR,ASO,ES,Federal Contract Tower,0,0,13,1,14,0,26,171,6,203,0,26,184,7,217,182,0,182,399
11/04/2007,SIG,PR,ASO,ES,Federal Contract Tower,0,16,0,0,16,0,0,97,0,97,0,16,97,0,113,58,0,58,171
11/05/2007,SIG,PR,ASO,ES,Federal Contract Tower,0,0,34,0,34,0,30,147,8,185,0,30,181,8,219,114,0,114,333
11/06/2007,SIG,PR,ASO,ES,Federal Contract Tower,0,0,12,0,12,0,29,142,1,172,0,29,154,1,184,166,0,166,350
11/07/2007,SIG,PR,ASO,ES,Federal Contract Tower,0,0,20,0,20,0,25,146,5,176,0,25,166,5,196,82,0,82,278
11/08/2007,SIG,PR,ASO,ES,Federal Contract Tower,0,0,16,0,16,0,21,112,3,136,0,21,128,3,152,90,0,90,242
11/09/2007,SIG,PR,ASO,ES,Federal Contract Tower,0,0,19,0,19,0,34,124,4,162,0,34,143,4,181,140,0,140,321
11/10/2007,SIG,PR,ASO,ES,Federal Contract Tower,0,0,24,0,24,0,30,119,0,149,0,30,143,0,173,98,0,98,271
11/11/2007,SIG,PR,ASO,ES,Federal Contract Tower,0,0,5,0,5,0,13,53,0,66,0,13,58,0,71,42,0,42,113
11/12/2007,SIG,PR,ASO,ES,Federal Contract Tower,0,0,15,0,15,0,30,96,1,127,0,30,111,1,142,64,0,64,206
11/13/2007,SIG,PR,ASO,ES,Federal Contract Tower,0,0,7,0,7,0,27,79,0,106,0,27,86,0,113,44,0,44,157
11/14/2007,SIG,PR,ASO,ES,Federal Contract Tower,0,0,15,0,15,0,27,133,1,161,0,27,148,1,176,134,0,134,310
11/15/2007,SIG,PR,ASO,ES,Federal Contract Tower,0,0,23,0,23,0,28,94,2,124,0,28,117,2,147,98,0,98,245
11/16/2007,SIG,PR,ASO,ES,Federal Contract Tower,0,0,16,0,16,0,35,105,2,142,0,35,121,2,158,120,0,120,278
11/17/2007,SIG,PR,ASO,ES,Federal Contract Tower,0,0,23,0,23,0,36,115,0,151,0,36,138,0,174,154,0,154,328
11/18/2007,SIG,PR,ASO,ES,Federal Contract Tower,0,0,7,0,7,0,18,84,6,108,0,18,91,6,115,114,0,114,229
11/19/2007,SIG,PR,ASO,ES,Federal Contract Tower,0,0,14,0,14,0,29,137,2,168,0,29,151,2,182,92,0,92,274
11/20/2007,SIG,PR,ASO,ES,Federal Contract Tower,0,0,27,0,27,0,26,89,6,121,0,26,116,6,148,98,0,98,246
11/21/2007,SIG,PR,ASO,ES,Federal Contract Tower,0,0,49,0,49,0,36,94,3,133,0,36,143,3,182,136,0,136,318
11/22/2007,SIG,PR,ASO,ES,Federal Contract Tower,0,0,18,0,18,0,20,19,2,41,0,20,37,2,59,0,0,0,59
11/23/2007,SIG,PR,ASO,ES,Federal Contract Tower,0,0,15,0,15,0,37,113,0,150,0,37,128,0,165,126,0,126,291
11/24/2007,SIG,PR,ASO,ES,Federal Contract Tower,0,0,20,0,20,0,37,101,0,138,0,37,121,0,158,124,0,124,282
11/25/2007,SIG,PR,ASO,ES,Federal Contract Tower,0,0,53,2,55,0,31,69,0,100,0,31,122,2,155,126,0,126,281
11/26/2007,SIG,PR,ASO,ES,Federal Contract Tower,0,0,14,1,15,0,27,105,5,137,0,27,119,6,152,114,0,114,266
11/27/2007,SIG,PR,ASO,ES,Federal Contract Tower,0,0,13,2,15,0,29,107,0,136,0,29,120,2,151,120,0,120,271
11/28/2007,SIG,PR,ASO,ES,Federal Contract Tower,0,0,14,0,14,0,31,138,0,169,0,31,152,0,183,84,0,84,267
11/29/2007,SIG,PR,ASO,ES,Federal Contract Tower,0,0,24,1,25,0,27,121,0,148,0,27,145,1,173,102,0,102,275
11/30/2007,SIG,PR,ASO,ES,Federal Contract Tower,0,0,23,0,23,0,27,106,0,133,0,27,129,0,156,126,0,126,282
12/01/2007,SIG,PR,ASO,ES,Federal Contract Tower,0,0,11,1,12,0,25,107,9,141,0,25,118,10,153,174,2,176,329
12/02/2007,SIG,PR,ASO,ES,Federal Contract Tower,0,0,14,2,16,0,27,55,1,83,0,27,69,3,99,80,0,80,179
12/03/2007,SIG,PR,ASO,ES,Federal Contract Tower,0,0,23,2,25,0,33,124,3,160,0,33,147,5,185,76,0,76,261
12/04/2007,SIG,PR,ASO,ES,Federal Contract Tower,0,0,19,1,20,0,25,120,0,145,0,25,139,1,165,82,0,82,247
12/05/2007,SIG,PR,ASO,ES,Federal Contract Tower,0,0,17,1,18,0,27,140,0,167,0,27,157,1,185,162,0,162,347
12/06/2007,SIG,PR,ASO,ES,Federal Contract Tower,0,0,15,0,15,0,34,94,3,131,0,34,109,3,146,138,0,138,284
12/07/2007,SIG,PR,ASO,ES,Federal Contract Tower,0,0,17,2,19,0,48,168,4,220,0,48,185,6,239,156,0,156,395
12/08/2007,SIG,PR,ASO,ES,Federal Contract Tower,0,0,6,0,6,0,29,128,0,157,0,29,134,0,163,102,0,102,265
12/09/2007,SIG,PR,ASO,ES,Federal Contract Tower,0,0,12,0,12,0,25,65,0,90,0,25,77,0,102,158,0,158,260
12/10/2007,SIG,PR,ASO,ES,Federal Contract Tower,0,0,15,0,15,0,28,59,0,87,0,28,74,0,102,62,0,62,164
12/11/2007,SIG,PR,ASO,ES,Federal Contract Tower,0,0,7,0,7,0,22,17,2,41,0,22,24,2,48,108,0,108,156
12/12/2007,SIG,PR,ASO,ES,Federal Contract Tower,0,0,8,0,8,0,30,75,0,105,0,30,83,0,113,62,0,62,175
12/13/2007,SIG,PR,ASO,ES,Federal Contract Tower,0,0,26,0,26,0,32,82,10,124,0,32,108,10,150,72,15,87,237
12/14/2007,SIG,PR,ASO,ES,Federal Contract Tower,0,0,19,1,20,0,37,116,5,158,0,37,135,6,178,80,0,80,258
12/15/2007,SIG,PR,ASO,ES,Federal Contract Tower,0,0,10,1,11,0,31,144,1,176,0,31,154,2,187,152,0,152,339
12/16/2007,SIG,PR,ASO,ES,Federal Contract Tower,0,0,27,0,27,0,17,66,0,83,0,17,93,0,110,70,0,70,180
12/17/2007,SIG,PR,ASO,ES,Federal Contract Tower,0,0,12,0,12,0,30,111,2,143,0,30,123,2,155,50,0,50,205
12/18/2007,SIG,PR,ASO,ES,Federal Contract Tower,0,0,26,0,26,0,28,124,0,152,0,28,150,0,178,54,0,54,232
12/19/2007,SIG,PR,ASO,ES,Federal Contract Tower,0,0,14,0,14,0,32,132,3,167,0,32,146,3,181,158,0,158,339
12/20/2007,SIG,PR,ASO,ES,Federal Contract Tower,0,0,15,0,15,0,44,148,4,196,0,44,163,4,211,70,0,70,281
12/21/2007,SIG,PR,ASO,ES,Federal Contract Tower,0,0,27,0,27,0,33,147,4,184,0,33,174,4,211,86,0,86,297
12/22/2007,SIG,PR,ASO,ES,Federal Contract Tower,0,0,24,0,24,0,46,168,2,216,0,46,192,2,240,168,0,168,408
12/23/2007,SIG,PR,ASO,ES,Federal Contract Tower,0,0,15,0,15,0,23,56,0,79,0,23,71,0,94,30,0,30,124
12/24/2007,SIG,PR,ASO,ES,Federal Contract Tower,0,0,12,0,12,0,31,46,0,77,0,31,58,0,89,12,0,12,101
12/25/2007,SIG,PR,ASO,ES,Federal Contract Tower,0,0,0,0,0,0,29,14,0,43,0,29,14,0,43,0,0,0,43
12/26/2007,SIG,PR,ASO,ES,Federal Contract Tower,0,0,17,0,17,0,41,76,0,117,0,41,93,0,134,40,0,40,174
12/27/2007,SIG,PR,ASO,ES,Federal Contract Tower,0,0,24,0,24,0,55,141,2,198,0,55,165,2,222,124,0,124,346
12/28/2007,SIG,PR,ASO,ES,Federal Contract Tower,0,0,30,0,30,0,50,124,0,174,0,50,154,0,204,144,0,144,348
12/29/2007,SIG,PR,ASO,ES,Federal Contract Tower,0,0,22,0,22,0,50,157,0,207,0,50,179,0,229,204,0,204,433
12/30/2007,SIG,PR,ASO,ES,Federal Contract Tower,0,0,26,0,26,0,32,75,0,107,0,32,101,0,133,24,0,24,157
12/31/2007,SIG,PR,ASO,ES,Federal Contract Tower,0,0,6,0,6,0,33,85,0,118,0,33,91,0,124,14,0,14,138
01/01/2008,SIG,PR,ASO,ES,Federal Contract Tower,0,0,12,0,12,0,20,42,0,62,0,20,54,0,74,14,0,14,88
01/02/2008,SIG,PR,ASO,ES,Federal Contract Tower,0,0,21,0,21,0,37,90,0,127,0,37,111,0,148,42,0,42,190
01/03/2008,SIG,PR,ASO,ES,Federal Contract Tower,0,0,18,1,19,0,39,114,0,153,0,39,132,1,172,186,0,186,358
01/04/2008,SIG,PR,ASO,ES,Federal Contract Tower,0,0,19,0,19,0,37,116,7,160,0,37,135,7,179,31,0,31,210
01/05/2008,SIG,PR,ASO,ES,Federal Contract Tower,0,0,21,0,21,0,33,86,0,119,0,33,107,0,140,62,0,62,202
01/06/2008,SIG,PR,ASO,ES,Federal Contract Tower,0,0,21,0,21,0,20,40,0,60,0,20,61,0,81,26,0,26,107
01/07/2008,SIG,PR,ASO,ES,Federal Contract Tower,0,0,16,0,16,0,20,96,0,116,0,20,112,0,132,16,0,16,148
01/08/2008,SIG,PR,ASO,ES,Federal Contract Tower,0,0,15,0,15,0,30,76,0,106,0,30,91,0,121,33,0,33,154
01/09/2008,SIG,PR,ASO,ES,Federal Contract Tower,0,0,21,2,23,0,29,100,0,129,0,29,121,2,152,80,0,80,232
01/10/2008,SIG,PR,ASO,ES,Federal Contract Tower,0,0,14,0,14,0,35,109,1,145,0,35,123,1,159,104,0,104,263
01/11/2008,SIG,PR,ASO,ES,Federal Contract Tower,0,0,17,1,18,0,32,105,0,137,0,32,122,1,155,80,0,80,235
01/12/2008,SIG,PR,ASO,ES,Federal Contract Tower,0,0,17,0,17,0,45,114,3,162,0,45,131,3,179,150,0,150,329
01/13/2008,SIG,PR,ASO,ES,Federal Contract Tower,0,0,13,0,13,0,21,84,0,105,0,21,97,0,118,84,0,84,202
01/14/2008,SIG,PR,ASO,ES,Federal Contract Tower,0,0,16,0,16,0,32,76,2,110,0,32,92,2,126,34,0,34,160
01/15/2008,SIG,PR,ASO,ES,Federal Contract Tower,0,0,21,0,21,0,38,111,5,154,0,38,132,5,175,110,0,110,285
01/16/2008,SIG,PR,ASO,ES,Federal Contract Tower,0,0,17,0,17,0,27,87,6,120,0,27,104,6,137,142,0,142,279
01/17/2008,SIG,PR,ASO,ES,Federal Contract Tower,0,0,19,0,19,0,74,109,1,184,0,74,128,1,203,108,0,108,311
01/18/2008,SIG,PR,ASO,ES,Federal Contract Tower,0,0,35,0,35,0,32,56,7,95,0,32,91,7,130,10,0,10,140
01/19/2008,SIG,PR,ASO,ES,Federal Contract Tower,0,0,14,0,14,0,41,139,0,180,0,41,153,0,194,156,0,156,350
01/20/2008,SIG,PR,ASO,ES,Federal Contract Tower,0,0,12,0,12,0,24,57,0,81,0,24,69,0,93,34,0,34,127
01/21/2008,SIG,PR,ASO,ES,Federal Contract Tower,0,0,36,0,36,0,21,26,0,47,0,21,62,0,83,10,0,10,93
01/22/2008,SIG,PR,ASO,ES,Federal Contract Tower,0,0,14,1,15,0,32,101,0,133,0,32,115,1,148,54,0,54,202
01/23/2008,SIG,PR,ASO,ES,Federal Contract Tower,0,0,13,0,13,0,34,117,0,151,0,34,130,0,164,68,0,68,232
01/24/2008,SIG,PR,ASO,ES,Federal Contract Tower,0,0,22,0,22,0,33,108,0,141,0,33,130,0,163,44,0,44,207
01/25/2008,SIG,PR,ASO,ES,Federal Contract Tower,0,0,6,0,6,0,32,76,2,110,0,32,82,2,116,82,0,82,198
01/26/2008,SIG,PR,ASO,ES,Federal Contract Tower,0,0,16,0,16,0,46,158,16,220,0,46,174,16,236,140,0,140,376
01/27/2008,SIG,PR,ASO,ES,Federal Contract Tower,0,0,11,0,11,0,19,82,0,101,0,19,93,0,112,46,0,46,158
01/28/2008,SIG,PR,ASO,ES,Federal Contract Tower,0,0,19,1,20,0,29,98,7,134,0,29,117,8,154,46,0,46,200
01/29/2008,SIG,PR,ASO,ES,Federal Contract Tower,0,0,11,0,11,0,35,76,2,113,0,35,87,2,124,86,0,86,210
01/30/2008,SIG,PR,ASO,ES,Federal Contract Tower,0,0,12,0,12,0,39,112,3,154,0,39,124,3,166,46,0,46,212
01/31/2008,SIG,PR,ASO,ES,Federal Contract Tower,0,0,26,0,26,0,38,94,7,139,0,38,120,7,165,90,0,90,255
02/01/2008,SIG,PR,ASO,ES,Federal Contract Tower,0,0,16,0,16,0,42,187,1,230,0,42,203,1,246,122,0,122,368
02/02/2008,SIG,PR,ASO,ES,Federal Contract Tower,0,0,28,0,28,0,41,124,14,179,0,41,152,14,207,76,0,76,283
02/03/2008,SIG,PR,ASO,ES,Federal Contract Tower,0,0,17,0,17,0,35,123,2,160,0,35,140,2,177,68,0,68,245
02/04/2008,SIG,PR,ASO,ES,Federal Contract Tower,0,0,19,1,20,0,28,84,2,114,0,28,103,3,134,58,2,60,194
02/05/2008,SIG,PR,ASO,ES,Federal Contract Tower,0,0,22,0,22,0,31,87,9,127,0,31,109,9,149,38,2,40,189
02/06/2008,SIG,PR,ASO,ES,Federal Contract Tower,0,0,22,0,22,0,31,87,9,127,0,31,109,9,149,38,2,40,189
02/07/2008,SIG,PR,ASO,ES,Federal Contract Tower,0,0,17,1,18,0,39,124,11,174,0,39,141,12,192,196,6,202,394
02/08/2008,SIG,PR,ASO,ES,Federal Contract Tower,0,0,24,0,24,0,32,117,4,153,0,32,141,4,177,140,0,140,317
02/09/2008,SIG,PR,ASO,ES,Federal Contract Tower,0,0,11,1,12,0,44,153,5,202,0,44,164,6,214,144,0,144,358
02/10/2008,SIG,PR,ASO,ES,Federal Contract Tower,0,0,12,0,12,0,21,77,0,98,0,21,89,0,110,38,0,38,148
02/11/2008,SIG,PR,ASO,ES,Federal Contract Tower,0,0,16,0,16,0,30,105,7,142,0,30,121,7,158,50,0,50,208
02/12/2008,SIG,PR,ASO,ES,Federal Contract Tower,0,0,13,1,14,0,31,156,7,194,0,31,169,8,208,54,0,54,262
02/13/2008,SIG,PR,ASO,ES,Federal Contract Tower,0,0,14,0,14,0,31,125,7,163,0,31,139,7,177,134,0,134,311
02/14/2008,SIG,PR,ASO,ES,Federal Contract Tower,0,0,25,1,26,0,43,126,10,179,0,43,151,11,205,176,0,176,381
02/15/2008,SIG,PR,ASO,ES,Federal Contract Tower,0,0,20,0,20,0,37,109,3,149,0,37,129,3,169,108,0,108,277
02/16/2008,SIG,PR,ASO,ES,Federal Contract Tower,0,0,10,0,10,0,31,108,0,139,0,31,118,0,149,146,0,146,295
02/17/2008,SIG,PR,ASO,ES,Federal Contract Tower,0,0,15,0,15,0,24,78,0,102,0,24,93,0,117,12,0,12,129
02/18/2008,SIG,PR,ASO,ES,Federal Contract Tower,0,0,28,0,28,0,27,112,0,139,0,27,140,0,167,60,0,60,227
02/19/2008,SIG,PR,ASO,ES,Federal Contract Tower,0,0,16,5,21,0,31,119,9,159,0,31,135,14,180,114,12,126,306
02/20/2008,SIG,PR,ASO,ES,Federal Contract Tower,0,0,18,2,20,0,38,136,6,180,0,38,154,8,200,94,0,94,294
02/21/2008,SIG,PR,ASO,ES,Federal Contract Tower,0,0,19,0,19,0,39,153,7,199,0,39,172,7,218,188,7,195,413
02/22/2008,SIG,PR,ASO,ES,Federal Contract Tower,0,0,20,1,21,0,36,118,0,154,0,36,138,1,175,108,0,108,283
02/23/2008,SIG,PR,ASO,ES,Federal Contract Tower,0,0,15,0,15,0,33,149,8,190,0,33,164,8,205,174,0,174,379
02/24/2008,SIG,PR,ASO,ES,Federal Contract Tower,0,0,17,0,17,0,28,128,0,156,0,28,145,0,173,112,0,112,285
02/25/2008,SIG,PR,ASO,ES,Federal Contract Tower,0,0,14,1,15,0,34,107,4,145,0,34,121,5,160,78,0,78,238
02/26/2008,SIG,PR,ASO,ES,Federal Contract Tower,0,0,21,4,25,0,37,101,0,138,0,37,122,4,163,90,6,96,259
02/27/2008,SIG,PR,ASO,ES,Federal Contract Tower,0,0,20,0,20,0,35,126,6,167,0,35,146,6,187,144,0,144,331
02/28/2008,SIG,PR,ASO,ES,Federal Contract Tower,0,0,17,3,20,0,28,110,6,144,0,28,127,9,164,178,0,178,342
02/29/2008,SIG,PR,ASO,ES,Federal Contract Tower,0,0,13,0,13,0,32,104,1,137,0,32,117,1,150,100,0,100,250
03/01/2008,SIG,PR,ASO,ES,Federal Contract Tower,0,0,8,0,8,0,44,169,0,213,0,44,177,0,221,140,0,140,361
03/02/2008,SIG,PR,ASO,ES,Federal Contract Tower,0,0,17,0,17,0,27,95,0,122,0,27,112,0,139,80,0,80,219
03/03/2008,SIG,PR,ASO,ES,Federal Contract Tower,0,0,17,3,20,0,36,102,10,148,0,36,119,13,168,118,0,118,286
03/04/2008,SIG,PR,ASO,ES,Federal Contract Tower,0,0,24,1,25,0,36,116,7,159,0,36,140,8,184,90,0,90,274
03/05/2008,SIG,PR,ASO,ES,Federal Contract Tower,0,0,16,1,17,0,31,146,7,184,0,31,162,8,201,94,0,94,295
03/06/2008,SIG,PR,ASO,ES,Federal Contract Tower,0,0,10,1,11,0,31,130,8,169,0,31,140,9,180,166,0,166,346
03/07/2008,SIG,PR,ASO,ES,Federal Contract Tower,0,0,23,0,23,0,33,144,8,185,0,33,167,8,208,184,0,184,392
03/08/2008,SIG,PR,ASO,ES,Federal Contract Tower,0,0,9,0,9,0,39,175,0,214,0,39,184,0,223,174,0,174,397
03/09/2008,SIG,PR,ASO,ES,Federal Contract Tower,0,0,16,0,16,0,25,87,0,112,0,25,103,0,128,66,0,66,194
03/10/2008,SIG,PR,ASO,ES,Federal Contract Tower,0,0,14,2,16,0,32,100,9,141,0,32,114,11,157,90,0,90,247
03/11/2008,SIG,PR,ASO,ES,Federal Contract Tower,0,0,18,1,19,0,28,163,7,198,0,28,181,8,217,134,0,134,351
03/12/2008,SIG,PR,ASO,ES,Federal Contract Tower,0,0,12,0,12,0,37,150,4,191,0,37,162,4,203,186,0,186,389
03/13/2008,SIG,PR,ASO,ES,Federal Contract Tower,0,0,112,0,112,0,25,12,6,43,0,25,124,6,155,208,0,208,363
03/14/2008,SIG,PR,ASO,ES,Federal Contract Tower,0,0,34,0,34,0,34,152,11,197,0,34,186,11,231,115,0,115,346
03/15/2008,SIG,PR,ASO,ES,Federal Contract Tower,0,0,16,0,16,0,33,174,1,208,0,33,190,1,224,158,0,158,382
03/16/2008,SIG,PR,ASO,ES,Federal Contract Tower,0,0,24,0,24,0,20,85,17,122,0,20,109,17,146,22,0,22,168
03/17/2008,SIG,PR,ASO,ES,Federal Contract Tower,0,0,21,0,21,0,41,113,4,158,0,41,134,4,179,100,0,100,279
03/18/2008,SIG,PR,ASO,ES,Federal Contract Tower,0,0,27,4,31,0,35,56,0,91,0,35,83,4,122,90,0,90,212
03/19/2008,SIG,PR,ASO,ES,Federal Contract Tower,0,0,30,0,30,0,36,124,0,160,0,36,154,0,190,82,0,82,272
03/20/2008,SIG,PR,ASO,ES,Federal Contract Tower,0,0,35,0,35,0,16,115,3,134,0,16,150,3,169,74,2,76,245
03/21/2008,SIG,PR,ASO,ES,Federal Contract Tower,0,0,6,0,6,0,24,52,0,76,0,24,58,0,82,8,0,8,90
03/22/2008,SIG,PR,ASO,ES,Federal Contract Tower,0,0,20,0,20,0,35,121,0,156,0,35,141,0,176,104,0,104,280
03/23/2008,SIG,PR,ASO,ES,Federal Contract Tower,0,0,24,0,24,0,28,104,0,132,0,28,128,0,156,64,0,64,220
03/24/2008,SIG,PR,ASO,ES,Federal Contract Tower,0,0,38,0,38,0,39,123,4,166,0,39,161,4,204,120,0,120,324
03/25/2008,SIG,PR,ASO,ES,Federal Contract Tower,0,0,17,0,17,0,38,148,5,191,0,38,165,5,208,192,0,192,400
03/26/2008,SIG,PR,ASO,ES,Federal Contract Tower,0,0,27,1,28,0,37,108,0,145,0,37,135,1,173,108,0,108,281
03/27/2008,SIG,PR,ASO,ES,Federal Contract Tower,0,0,14,0,14,0,30,140,0,170,0,30,154,0,184,110,0,110,294
03/28/2008,SIG,PR,ASO,ES,Federal Contract Tower,0,0,22,0,22,0,35,130,3,168,0,35,152,3,190,114,0,114,304
03/29/2008,SIG,PR,ASO,ES,Federal Contract Tower,0,0,9,0,9,0,30,160,2,192,0,30,169,2,201,148,0,148,349
03/30/2008,SIG,PR,ASO,ES,Federal Contract Tower,0,0,27,0,27,0,26,120,0,146,0,26,147,0,173,142,0,142,315
03/31/2008,SIG,PR,ASO,ES,Federal Contract Tower,0,0,18,0,18,0,28,116,1,145,0,28,134,1,163,150,0,150,313
04/01/2008,SIG,PR,ASO,ES,Federal Contract Tower,0,0,22,2,24,0,30,112,1,143,0,30,134,3,167,104,0,104,271
04/02/2008,SIG,PR,ASO,ES,Federal Contract Tower,0,0,25,3,28,0,34,65,5,104,0,34,90,8,132,112,0,112,244
04/03/2008,SIG,PR,ASO,ES,Federal Contract Tower,0,0,24,0,24,0,26,42,55,123,0,26,66,55,147,32,0,32,179
04/04/2008,SIG,PR,ASO,ES,Federal Contract Tower,0,0,18,0,18,0,35,97,3,135,0,35,115,3,153,130,0,130,283
04/05/2008,SIG,PR,ASO,ES,Federal Contract Tower,0,0,13,0,13,0,40,141,2,183,0,40,154,2,196,220,0,220,416
04/06/2008,SIG,PR,ASO,ES,Federal Contract Tower,0,0,18,0,18,0,20,76,2,98,0,20,94,2,116,60,0,60,176
04/07/2008,SIG,PR,ASO,ES,Federal Contract Tower,0,0,14,1,15,0,30,138,7,175,0,30,152,8,190,132,0,132,322
04/08/2008,SIG,PR,ASO,ES,Federal Contract Tower,0,0,20,0,20,0,34,132,8,174,0,34,152,8,194,120,6,126,320
04/09/2008,SIG,PR,ASO,ES,Federal Contract Tower,0,0,18,2,20,0,32,138,7,177,0,32,156,9,197,126,0,126,323
04/10/2008,SIG,PR,ASO,ES,Federal Contract Tower,0,0,26,0,26,0,33,145,4,182,0,33,171,4,208,162,0,162,370
04/11/2008,SIG,PR,ASO,ES,Federal Contract Tower,0,0,23,0,23,0,33,129,5,167,0,33,152,5,190,84,0,84,274
04/12/2008,SIG,PR,ASO,ES,Federal Contract Tower,0,0,15,0,15,0,37,173,3,213,0,37,188,3,228,242,0,242,470
04/13/2008,SIG,PR,ASO,ES,Federal Contract Tower,0,0,24,0,24,0,18,102,2,122,0,18,126,2,146,68,0,68,214
04/14/2008,SIG,PR,ASO,ES,Federal Contract Tower,0,0,18,0,18,0,34,65,0,99,0,34,83,0,117,24,0,24,141
04/15/2008,SIG,PR,ASO,ES,Federal Contract Tower,0,0,12,1,13,0,30,135,0,165,0,30,147,1,178,126,0,126,304
04/16/2008,SIG,PR,ASO,ES,Federal Contract Tower,0,0,16,0,16,0,41,134,7,182,0,41,150,7,198,114,0,114,312
04/17/2008,SIG,PR,ASO,ES,Federal Contract Tower,0,0,31,0,31,0,35,111,7,153,0,35,142,7,184,128,0,128,312
04/18/2008,SIG,PR,ASO,ES,Federal Contract Tower,0,0,36,1,37,0,43,156,1,200,0,43,192,2,237,106,0,106,343
04/19/2008,SIG,PR,ASO,ES,Federal Contract Tower,0,0,11,0,11,0,22,160,14,196,0,22,171,14,207,164,56,220,427
04/20/2008,SIG,PR,ASO,ES,Federal Contract Tower,0,0,10,0,10,0,29,90,2,121,0,29,100,2,131,58,0,58,189
04/21/2008,SIG,PR,ASO,ES,Federal Contract Tower,0,0,16,0,16,0,34,151,8,193,0,34,167,8,209,116,0,116,325
04/22/2008,SIG,PR,ASO,ES,Federal Contract Tower,0,0,16,0,16,0,35,110,5,150,0,35,126,5,166,116,6,122,288
04/23/2008,SIG,PR,ASO,ES,Federal Contract Tower,0,0,18,0,18,0,29,116,5,150,0,29,134,5,168,102,0,102,270
04/24/2008,SIG,PR,ASO,ES,Federal Contract Tower,0,0,19,0,19,0,30,121,2,153,0,30,140,2,172,114,0,114,286
04/25/2008,SIG,PR,ASO,ES,Federal Contract Tower,0,0,32,0,32,0,30,94,3,127,0,30,126,3,159,72,0,72,231
04/26/2008,SIG,PR,ASO,ES,Federal Contract Tower,0,0,15,0,15,0,31,207,2,240,0,31,222,2,255,290,0,290,545
04/27/2008,SIG,PR,ASO,ES,Federal Contract Tower,0,0,5,0,5,0,12,72,0,84,0,12,77,0,89,70,0,70,159
04/28/2008,SIG,PR,ASO,ES,Federal Contract Tower,0,0,20,0,20,0,30,92,0,122,0,30,112,0,142,152,0,152,294
04/29/2008,SIG,PR,ASO,ES,Federal Contract Tower,0,0,14,1,15,0,28,115,2,145,0,28,129,3,160,128,0,128,288
04/30/2008,SIG,PR,ASO,ES,Federal Contract Tower,0,0,11,0,11,0,24,118,4,146,0,24,129,4,157,110,0,110,267
05/01/2008,SIG,PR,ASO,ES,Federal Contract Tower,0,0,22,0,22,0,32,120,9,161,0,32,142,9,183,146,2,148,331
05/02/2008,SIG,PR,ASO,ES,Federal Contract Tower,0,0,28,0,28,0,41,92,6,139,0,41,120,6,167,116,0,116,283
05/03/2008,SIG,PR,ASO,ES,Federal Contract Tower,0,0,16,0,16,0,34,154,10,198,0,34,170,10,214,246,3,249,463
05/04/2008,SIG,PR,ASO,ES,Federal Contract Tower,0,0,19,0,19,0,28,112,5,145,0,28,131,5,164,106,0,106,270
05/05/2008,SIG,PR,ASO,ES,Federal Contract Tower,0,0,27,0,27,0,27,73,4,104,0,27,100,4,131,84,0,84,215
05/06/2008,SIG,PR,ASO,ES,Federal Contract Tower,0,0,16,2,18,0,39,113,9,161,0,39,129,11,179,104,0,104,283
05/07/2008,SIG,PR,ASO,ES,Federal Contract Tower,0,0,19,0,19,0,33,114,9,156,0,33,133,9,175,132,0,132,307
05/08/2008,SIG,PR,ASO,ES,Federal Contract Tower,0,0,30,0,30,0,30,109,9,148,0,30,139,9,178,118,0,118,296
05/09/2008,SIG,PR,ASO,ES,Federal Contract Tower,0,0,21,0,21,0,27,152,3,182,0,27,173,3,203,76,0,76,279
05/10/2008,SIG,PR,ASO,ES,Federal Contract Tower,0,0,8,0,8,0,21,174,2,197,0,21,182,2,205,196,0,196,401
05/11/2008,SIG,PR,ASO,ES,Federal Contract Tower,0,0,12,0,12,0,23,42,0,65,0,23,54,0,77,24,0,24,101
05/12/2008,SIG,PR,ASO,ES,Federal Contract Tower,0,0,13,0,13,0,28,101,2,131,0,28,114,2,144,96,0,96,240
05/13/2008,SIG,PR,ASO,ES,Federal Contract Tower,0,0,13,0,13,0,30,129,2,161,0,30,142,2,174,124,0,124,298
05/14/2008,SIG,PR,ASO,ES,Federal Contract Tower,0,0,10,0,10,0,31,121,2,154,0,31,131,2,164,66,0,66,230
05/15/2008,SIG,PR,ASO,ES,Federal Contract Tower,0,0,19,0,19,0,29,115,4,148,0,29,134,4,167,164,0,164,331
05/16/2008,SIG,PR,ASO,ES,Federal Contract Tower,0,0,21,0,21,0,34,134,5,173,0,34,155,5,194,198,0,198,392
05/17/2008,SIG,PR,ASO,ES,Federal Contract Tower,0,0,17,0,17,0,43,135,3,181,0,43,152,3,198,260,0,260,458
05/18/2008,SIG,PR,ASO,ES,Federal Contract Tower,0,0,20,0,20,0,18,98,2,118,0,18,118,2,138,20,0,20,158
05/19/2008,SIG,PR,ASO,ES,Federal Contract Tower,0,0,8,0,8,0,27,101,3,131,0,27,109,3,139,80,0,80,219
05/20/2008,SIG,PR,ASO,ES,Federal Contract Tower,0,0,10,0,10,0,26,140,5,171,0,26,150,5,181,116,2,118,299
05/21/2008,SIG,PR,ASO,ES,Federal Contract Tower,0,0,13,0,13,0,32,124,6,162,0,32,137,6,175,154,0,154,329
05/22/2008,SIG,PR,ASO,ES,Federal Contract Tower,0,0,19,0,19,0,30,76,3,109,0,30,95,3,128,124,0,124,252
05/23/2008,SIG,PR,ASO,ES,Federal Contract Tower,0,0,29,0,29,0,39,142,10,191,0,39,171,10,220,190,0,190,410
05/24/2008,SIG,PR,ASO,ES,Federal Contract Tower,0,0,12,0,12,0,32,135,0,167,0,32,147,0,179,214,0,214,393
05/25/2008,SIG,PR,ASO,ES,Federal Contract Tower,0,0,11,0,11,0,30,81,0,111,0,30,92,0,122,104,0,104,226
05/26/2008,SIG,PR,ASO,ES,Federal Contract Tower,0,0,27,0,27,0,37,103,1,141,0,37,130,1,168,64,0,64,232
05/27/2008,SIG,PR,ASO,ES,Federal Contract Tower,0,0,12,1,13,0,31,103,11,145,0,31,115,12,158,136,2,138,296
05/28/2008,SIG,PR,ASO,ES,Federal Contract Tower,0,0,27,0,27,0,34,92,11,137,0,34,119,11,164,94,2,96,260
05/29/2008,SIG,PR,ASO,ES,Federal Contract Tower,0,0,16,0,16,0,30,120,4,154,0,30,136,4,170,126,0,126,296
05/30/2008,SIG,PR,ASO,ES,Federal Contract Tower,0,0,34,1,35,0,39,148,7,194,0,39,182,8,229,151,0,151,380
05/31/2008,SIG,PR,ASO,ES,Federal Contract Tower,0,0,13,0,13,0,20,124,3,147,0,20,137,3,160,169,0,169,329
06/01/2008,SIG,PR,ASO,ES,Federal Contract Tower,0,0,27,0,27,0,24,94,3,121,0,24,121,3,148,70,0,70,218
06/02/2008,SIG,PR,ASO,ES,Federal Contract Tower,0,0,12,1,13,0,35,87,0,122,0,35,99,1,135,54,0,54,189
06/03/2008,SIG,PR,ASO,ES,Federal Contract Tower,0,0,13,0,13,0,30,72,5,107,0,30,85,5,120,114,0,114,234
06/04/2008,SIG,PR,ASO,ES,Federal Contract Tower,0,0,20,1,21,0,29,99,3,131,0,29,119,4,152,152,0,152,304
06/05/2008,SIG,PR,ASO,ES,Federal Contract Tower,0,0,17,0,17,0,26,117,3,146,0,26,134,3,163,94,0,94,257
06/06/2008,SIG,PR,ASO,ES,Federal Contract Tower,0,0,31,0,31,0,32,149,8,189,0,32,180,8,220,78,0,78,298
06/07/2008,SIG,PR,ASO,ES,Federal Contract Tower,0,0,9,0,9,0,29,174,3,206,0,29,183,3,215,248,0,248,463
06/08/2008,SIG,PR,ASO,ES,Federal Contract Tower,0,0,20,1,21,0,23,110,4,137,0,23,130,5,158,92,0,92,250
06/09/2008,SIG,PR,ASO,ES,Federal Contract Tower,0,0,18,0,18,0,34,123,3,160,0,34,141,3,178,106,0,106,284
06/10/2008,SIG,PR,ASO,ES,Federal Contract Tower,0,0,12,0,12,0,30,126,4,160,0,30,138,4,172,94,0,94,266
06/11/2008,SIG,PR,ASO,ES,Federal Contract Tower,0,0,15,0,15,0,33,132,0,165,0,33,147,0,180,76,0,76,256
06/12/2008,SIG,PR,ASO,ES,Federal Contract Tower,0,0,18,2,20,0,35,105,0,140,0,35,123,2,160,118,0,118,278
06/13/2008,SIG,PR,ASO,ES,Federal Contract Tower,0,0,10,0,10,0,34,169,4,207,0,34,179,4,217,122,0,122,339
06/14/2008,SIG,PR,ASO,ES,Federal Contract Tower,0,0,17,0,17,0,39,155,5,199,0,39,172,5,216,220,0,220,436
06/15/2008,SIG,PR,ASO,ES,Federal Contract Tower,0,0,11,0,11,0,30,40,0,70,0,30,51,0,81,14,0,14,95
06/16/2008,SIG,PR,ASO,ES,Federal Contract Tower,0,0,14,0,14,0,31,111,8,150,0,31,125,8,164,74,0,74,238
06/17/2008,SIG,PR,ASO,ES,Federal Contract Tower,0,0,19,1,20,0,30,148,2,180,0,30,167,3,200,118,0,118,318
06/18/2008,SIG,PR,ASO,ES,Federal Contract Tower,0,0,19,1,20,0,33,119,8,160,0,33,138,9,180,138,0,138,318
06/19/2008,SIG,PR,ASO,ES,Federal Contract Tower,0,0,21,0,21,0,31,134,3,168,0,31,155,3,189,192,0,192,381
06/20/2008,SIG,PR,ASO,ES,Federal Contract Tower,0,0,27,0,27,0,43,146,8,197,0,43,173,8,224,112,0,112,336
06/21/2008,SIG,PR,ASO,ES,Federal Contract Tower,0,0,13,0,13,0,36,156,0,192,0,36,169,0,205,160,0,160,365
06/22/2008,SIG,PR,ASO,ES,Federal Contract Tower,0,0,17,0,17,0,32,93,3,128,0,32,110,3,145,42,0,42,187
06/23/2008,SIG,PR,ASO,ES,Federal Contract Tower,0,0,25,0,25,0,31,61,4,96,0,31,86,4,121,44,0,44,165
06/24/2008,SIG,PR,ASO,ES,Federal Contract Tower,0,0,28,0,28,0,36,107,5,148,0,36,135,5,176,88,0,88,264
06/25/2008,SIG,PR,ASO,ES,Federal Contract Tower,0,0,9,0,9,0,37,132,5,174,0,37,141,5,183,124,0,124,307
06/26/2008,SIG,PR,ASO,ES,Federal Contract Tower,0,0,20,0,20,0,46,151,3,200,0,46,171,3,220,158,0,158,378
06/27/2008,SIG,PR,ASO,ES,Federal Contract Tower,0,0,20,0,20,0,40,166,5,211,0,40,186,5,231,84,0,84,315
06/28/2008,SIG,PR,ASO,ES,Federal Contract Tower,0,0,14,0,14,0,33,148,18,199,0,33,162,18,213,222,0,222,435
06/29/2008,SIG,PR,ASO,ES,Federal Contract Tower,0,0,14,0,14,0,32,75,5,112,0,32,89,5,126,54,0,54,180
06/30/2008,SIG,PR,ASO,ES,Federal Contract Tower,0,0,15,1,16,0,44,116,14,174,0,44,131,15,190,104,0,104,294
07/01/2008,SIG,PR,ASO,ES,Federal Contract Tower,0,0,19,2,21,0,0,105,0,105,0,0,124,2,126,156,0,156,282
07/02/2008,SIG,PR,ASO,ES,Federal Contract Tower,0,0,15,0,15,0,31,133,20,184,0,31,148,20,199,146,0,146,345
07/03/2008,SIG,PR,ASO,ES,Federal Contract Tower,0,0,33,0,33,0,45,144,17,206,0,45,177,17,239,216,0,216,455
07/04/2008,SIG,PR,ASO,ES,Federal Contract Tower,0,0,12,0,12,0,34,106,0,140,0,34,118,0,152,56,0,56,208
07/05/2008,SIG,PR,ASO,ES,Federal Contract Tower,0,0,7,0,7,0,33,108,0,141,0,33,115,0,148,122,0,122,270
07/06/2008,SIG,PR,ASO,ES,Federal Contract Tower,0,0,18,0,18,0,33,88,5,126,0,33,106,5,144,26,0,26,170
07/07/2008,SIG,PR,ASO,ES,Federal Contract Tower,0,0,18,0,18,0,31,149,2,182,0,31,167,2,200,82,0,82,282
07/08/2008,SIG,PR,ASO,ES,Federal Contract Tower,0,0,19,0,19,0,23,137,3,163,0,23,156,3,182,74,0,74,256
07/09/2008,SIG,PR,ASO,ES,Federal Contract Tower,0,0,21,0,21,0,25,86,0,111,0,25,107,0,132,60,0,60,192
07/10/2008,SIG,PR,ASO,ES,Federal Contract Tower,0,0,23,0,23,0,34,117,0,151,0,34,140,0,174,50,0,50,224
07/11/2008,SIG,PR,ASO,ES,Federal Contract Tower,0,0,230,0,230,0,38,144,8,190,0,38,374,8,420,142,0,142,562
07/12/2008,SIG,PR,ASO,ES,Federal Contract Tower,0,0,16,1,17,0,37,132,4,173,0,37,148,5,190,104,0,104,294
07/13/2008,SIG,PR,ASO,ES,Federal Contract Tower,0,0,9,0,9,0,37,70,0,107,0,37,79,0,116,92,0,92,208
07/14/2008,SIG,PR,ASO,ES,Federal Contract Tower,0,0,11,0,11,0,28,100,6,134,0,28,111,6,145,38,0,38,183
07/15/2008,SIG,PR,ASO,ES,Federal Contract Tower,0,0,10,2,12,0,28,130,6,164,0,28,140,8,176,90,0,90,266
07/16/2008,SIG,PR,ASO,ES,Federal Contract Tower,0,0,10,2,12,0,34,147,8,189,0,34,157,10,201,13,0,13,214
07/17/2008,SIG,PR,ASO,ES,Federal Contract Tower,0,0,26,1,27,0,38,142,4,184,0,38,168,5,211,158,0,158,369
07/18/2008,SIG,PR,ASO,ES,Federal Contract Tower,0,0,23,0,23,0,41,168,0,209,0,41,191,0,232,150,0,150,382
07/19/2008,SIG,PR,ASO,ES,Federal Contract Tower,0,0,23,1,24,0,37,226,5,268,0,37,249,6,292,236,0,236,528
07/20/2008,SIG,PR,ASO,ES,Federal Contract Tower,0,0,18,0,18,0,29,122,2,153,0,29,140,2,171,40,0,40,211
07/21/2008,SIG,PR,ASO,ES,Federal Contract Tower,0,0,28,0,28,0,34,199,1,234,0,34,227,1,262,86,0,86,348
07/22/2008,SIG,PR,ASO,ES,Federal Contract Tower,0,0,23,0,23,0,45,164,3,212,0,45,187,3,235,132,0,132,367
07/23/2008,SIG,PR,ASO,ES,Federal Contract Tower,0,0,21,1,22,0,37,163,11,211,0,37,184,12,233,96,0,96,329
07/24/2008,SIG,PR,ASO,ES,Federal Contract Tower,0,0,36,0,36,0,39,186,1,226,0,39,222,1,262,152,0,152,414
07/25/2008,SIG,PR,ASO,ES,Federal Contract Tower,0,0,26,0,26,0,42,184,0,226,0,42,210,0,252,140,0,140,392
07/26/2008,SIG,PR,ASO,ES,Federal Contract Tower,0,0,12,0,12,0,34,153,0,187,0,34,165,0,199,146,0,146,345
07/27/2008,SIG,PR,ASO,ES,Federal Contract Tower,0,0,26,0,26,0,34,195,2,231,0,34,221,2,257,90,0,90,347
07/28/2008,SIG,PR,ASO,ES,Federal Contract Tower,0,0,30,2,32,0,32,172,1,205,0,32,202,3,237,70,0,70,307
07/29/2008,SIG,PR,ASO,ES,Federal Contract Tower,0,0,23,0,23,0,36,172,4,212,0,36,195,4,235,136,0,136,371
07/30/2008,SIG,PR,ASO,ES,Federal Contract Tower,0,0,19,1,20,0,35,119,1,155,0,35,138,2,175,94,0,94,269
07/31/2008,SIG,PR,ASO,ES,Federal Contract Tower,0,0,17,1,18,0,20,112,4,136,0,20,129,5,154,80,0,80,234
08/01/2008,SIG,PR,ASO,ES,Federal Contract Tower,0,0,25,0,25,0,36,136,0,172,0,36,161,0,197,46,0,46,243
08/02/2008,SIG,PR,ASO,ES,Federal Contract Tower,0,0,9,0,9,0,30,117,0,147,0,30,126,0,156,192,0,192,348
08/03/2008,SIG,PR,ASO,ES,Federal Contract Tower,0,0,30,0,30,0,25,121,0,146,0,25,151,0,176,30,0,30,206
08/04/2008,SIG,PR,ASO,ES,Federal Contract Tower,0,0,18,0,18,0,35,133,1,169,0,35,151,1,187,76,0,76,263
08/05/2008,SIG,PR,ASO,ES,Federal Contract Tower,0,0,20,0,20,0,25,144,4,173,0,25,164,4,193,160,0,160,353
08/06/2008,SIG,PR,ASO,ES,Federal Contract Tower,0,0,18,0,18,0,37,127,0,164,0,37,145,0,182,114,0,114,296
08/07/2008,SIG,PR,ASO,ES,Federal Contract Tower,0,0,15,1,16,0,28,184,1,213,0,28,199,2,229,128,0,128,357
08/08/2008,SIG,PR,ASO,ES,Federal Contract Tower,0,9,26,0,35,0,47,159,0,206,0,56,185,0,241,66,0,66,307
08/09/2008,SIG,PR,ASO,ES,Federal Contract Tower,0,0,20,0,20,0,38,178,12,228,0,38,198,12,248,156,1,157,405
08/10/2008,SIG,PR,ASO,ES,Federal Contract Tower,0,0,12,0,12,0,24,106,0,130,0,24,118,0,142,60,0,60,202
08/11/2008,SIG,PR,ASO,ES,Federal Contract Tower,0,0,12,0,12,0,42,141,8,191,0,42,153,8,203,102,4,106,309
08/12/2008,SIG,PR,ASO,ES,Federal Contract Tower,0,0,25,2,27,0,31,135,11,177,0,31,160,13,204,136,0,136,340
08/13/2008,SIG,PR,ASO,ES,Federal Contract Tower,0,0,16,0,16,0,26,135,5,166,0,26,151,5,182,138,0,138,320
08/14/2008,SIG,PR,ASO,ES,Federal Contract Tower,0,0,9,0,9,0,28,166,3,197,0,28,175,3,206,180,0,180,386
08/15/2008,SIG,PR,ASO,ES,Federal Contract Tower,0,0,9,0,9,0,29,68,0,97,0,29,77,0,106,76,0,76,182
08/16/2008,SIG,PR,ASO,ES,Federal Contract Tower,0,0,5,1,6,0,26,148,0,174,0,26,153,1,180,2,0,2,182
08/17/2008,SIG,PR,ASO,ES,Federal Contract Tower,0,0,15,0,15,0,29,88,2,119,0,29,103,2,134,60,0,60,194
08/18/2008,SIG,PR,ASO,ES,Federal Contract Tower,0,0,14,4,18,0,0,0,0,0,0,0,14,4,18,60,0,60,78
08/19/2008,SIG,PR,ASO,ES,Federal Contract Tower,0,0,8,0,8,0,28,131,2,161,0,28,139,2,169,134,2,136,305
08/20/2008,SIG,PR,ASO,ES,Federal Contract Tower,0,0,16,0,16,0,31,126,4,161,0,31,142,4,177,172,0,172,349
08/21/2008,SIG,PR,ASO,ES,Federal Contract Tower,0,0,10,0,10,0,29,176,4,209,0,29,186,4,219,168,0,168,387
08/22/2008,SIG,PR,ASO,ES,Federal Contract Tower,0,0,24,0,24,0,42,159,13,214,0,42,183,13,238,132,0,132,370
08/23/2008,SIG,PR,ASO,ES,Federal Contract Tower,0,0,0,0,0,0,28,180,0,208,0,28,180,0,208,232,0,232,440
08/24/2008,SIG,PR,ASO,ES,Federal Contract Tower,0,0,16,0,16,0,30,111,0,141,0,30,127,0,157,78,0,78,235
08/25/2008,SIG,PR,ASO,ES,Federal Contract Tower,0,0,21,0,21,0,25,74,1,100,0,25,95,1,121,64,0,64,185
08/26/2008,SIG,PR,ASO,ES,Federal Contract Tower,0,0,15,0,15,0,45,89,2,136,0,45,104,2,151,150,0,150,301
08/27/2008,SIG,PR,ASO,ES,Federal Contract Tower,0,0,7,0,7,0,31,130,1,162,0,31,137,1,169,128,0,128,297
08/28/2008,SIG,PR,ASO,ES,Federal Contract Tower,0,0,20,0,20,0,31,132,2,165,0,31,152,2,185,74,0,74,259
08/29/2008,SIG,PR,ASO,ES,Federal Contract Tower,0,0,21,1,22,0,34,211,9,254,0,34,232,10,276,224,0,224,500
08/30/2008,SIG,PR,ASO,ES,Federal Contract Tower,0,0,1,0,1,0,24,156,1,181,0,24,157,1,182,164,0,164,346
08/31/2008,SIG,PR,ASO,ES,Federal Contract Tower,0,0,3,2,5,0,37,58,0,95,0,37,61,2,100,8,0,8,108
09/01/2008,SIG,PR,ASO,ES,Federal Contract Tower,0,0,22,0,22,0,36,135,0,171,0,36,157,0,193,86,0,86,279
09/02/2008,SIG,PR,ASO,ES,Federal Contract Tower,0,0,15,0,15,0,25,123,2,150,0,25,138,2,165,100,0,100,265
09/03/2008,SIG,PR,ASO,ES,Federal Contract Tower,0,0,6,0,6,0,27,53,0,80,0,27,59,0,86,64,0,64,150
09/04/2008,SIG,PR,ASO,ES,Federal Contract Tower,0,0,25,0,25,0,35,192,5,232,0,35,217,5,257,138,0,138,395
09/05/2008,SIG,PR,ASO,ES,Federal Contract Tower,0,0,9,0,9,0,32,135,0,167,0,32,144,0,176,124,0,124,300
09/06/2008,SIG,PR,ASO,ES,Federal Contract Tower,0,0,5,0,5,0,27,165,8,200,0,27,170,8,205,226,0,226,431
09/07/2008,SIG,PR,ASO,ES,Federal Contract Tower,0,0,15,0,15,0,27,41,15,83,0,27,56,15,98,46,8,54,152
09/08/2008,SIG,PR,ASO,ES,Federal Contract Tower,0,0,7,0,7,0,26,109,14,149,0,26,116,14,156,56,0,56,212
09/09/2008,SIG,PR,ASO,ES,Federal Contract Tower,0,0,8,1,9,0,26,100,9,135,0,26,108,10,144,112,0,112,256
09/10/2008,SIG,PR,ASO,ES,Federal Contract Tower,0,0,20,2,22,0,36,136,8,180,0,36,156,10,202,130,0,130,332
09/11/2008,SIG,PR,ASO,ES,Federal Contract Tower,0,0,14,1,15,0,38,163,13,214,0,38,177,14,229,180,0,180,409
09/12/2008,SIG,PR,ASO,ES,Federal Contract Tower,0,0,20,0,20,0,36,194,7,237,0,36,214,7,257,200,0,200,457
09/13/2008,SIG,PR,ASO,ES,Federal Contract Tower,0,0,9,0,9,0,29,267,6,302,0,29,276,6,311,290,0,290,601
09/14/2008,SIG,PR,ASO,ES,Federal Contract Tower,0,0,7,0,7,0,22,87,0,109,0,22,94,0,116,56,0,56,172
09/15/2008,SIG,PR,ASO,ES,Federal Contract Tower,0,0,12,0,12,0,22,103,3,128,0,22,115,3,140,68,0,68,208
09/16/2008,SIG,PR,ASO,ES,Federal Contract Tower,0,0,11,1,12,0,22,159,7,188,0,22,170,8,200,234,0,234,434
09/17/2008,SIG,PR,ASO,ES,Federal Contract Tower,0,0,13,0,13,0,39,140,8,187,0,39,153,8,200,132,0,132,332
09/18/2008,SIG,PR,ASO,ES,Federal Contract Tower,0,0,23,0,23,0,0,161,6,167,0,0,184,6,190,82,0,82,272
09/19/2008,SIG,PR,ASO,ES,Federal Contract Tower,0,0,13,0,13,0,32,152,0,184,0,32,165,0,197,134,0,134,331
09/20/2008,SIG,PR,ASO,ES,Federal Contract Tower,0,0,13,0,13,0,32,152,0,184,0,32,165,0,197,134,0,134,331
09/21/2008,SIG,PR,ASO,ES,Federal Contract Tower,0,0,19,0,19,0,4,35,0,39,0,4,54,0,58,34,0,34,92
09/22/2008,SIG,PR,ASO,ES,Federal Contract Tower,0,0,10,0,10,0,19,43,7,69,0,19,53,7,79,20,2,22,101
09/23/2008,SIG,PR,ASO,ES,Federal Contract Tower,0,0,8,0,8,0,28,85,5,118,0,28,93,5,126,96,0,96,222
09/24/2008,SIG,PR,ASO,ES,Federal Contract Tower,0,0,11,4,15,0,28,134,6,168,0,28,145,10,183,130,0,130,313
09/25/2008,SIG,PR,ASO,ES,Federal Contract Tower,0,0,9,0,9,0,29,145,10,184,0,29,154,10,193,138,0,138,331
09/26/2008,SIG,PR,ASO,ES,Federal Contract Tower,0,0,10,0,10,0,30,161,0,191,0,30,171,0,201,190,0,190,391
09/27/2008,SIG,PR,ASO,ES,Federal Contract Tower,0,0,16,0,16,0,23,151,0,174,0,23,167,0,190,130,0,130,320
09/28/2008,SIG,PR,ASO,ES,Federal Contract Tower,0,0,10,0,10,0,19,87,0,106,0,19,97,0,116,60,0,60,176
09/29/2008,SIG,PR,ASO,ES,Federal Contract Tower,0,0,10,0,10,0,29,110,4,143,0,29,120,4,153,62,0,62,215
09/30/2008,SIG,PR,ASO,ES,Federal Contract Tower,0,0,6,0,6,0,26,146,5,177,0,26,152,5,183,130,0,130,313
10/01/2008,SIG,PR,ASO,ES,Federal Contract Tower,0,0,13,2,15,0,33,144,9,186,0,33,157,11,201,96,0,96,297
10/02/2008,SIG,PR,ASO,ES,Federal Contract Tower,0,0,7,0,7,0,30,152,3,185,0,30,159,3,192,188,0,188,380
10/03/2008,SIG,PR,ASO,ES,Federal Contract Tower,0,0,23,0,23,0,33,177,0,210,0,33,200,0,233,250,0,250,483
10/04/2008,SIG,PR,ASO,ES,Federal Contract Tower,0,0,9,0,9,0,23,214,1,238,0,23,223,1,247,240,0,240,487
10/05/2008,SIG,PR,ASO,ES,Federal Contract Tower,0,0,11,0,11,0,18,105,0,123,0,18,116,0,134,66,0,66,200
10/06/2008,SIG,PR,ASO,ES,Federal Contract Tower,0,0,5,0,5,0,24,125,2,151,0,24,130,2,156,70,0,70,226
10/07/2008,SIG,PR,ASO,ES,Federal Contract Tower,0,0,8,0,8,0,24,116,0,140,0,24,124,0,148,100,0,100,248
10/08/2008,SIG,PR,ASO,ES,Federal Contract Tower,0,0,28,0,28,0,36,138,6,180,0,36,166,6,208,122,0,122,330
10/09/2008,SIG,PR,ASO,ES,Federal Contract Tower,0,0,20,0,20,0,31,143,0,174,0,31,163,0,194,74,0,74,268
10/10/2008,SIG,PR,ASO,ES,Federal Contract Tower,0,0,26,0,26,0,43,201,5,249,0,43,227,5,275,208,0,208,483
10/11/2008,SIG,PR,ASO,ES,Federal Contract Tower,0,0,16,0,16,0,23,147,0,170,0,23,163,0,186,192,0,192,378
10/12/2008,SIG,PR,ASO,ES,Federal Contract Tower,0,0,4,0,4,0,23,70,0,93,0,23,74,0,97,28,0,28,125
10/13/2008,SIG,PR,ASO,ES,Federal Contract Tower,0,0,34,0,34,0,25,60,2,87,0,25,94,2,121,8,0,8,129
10/14/2008,SIG,PR,ASO,ES,Federal Contract Tower,0,0,17,0,17,0,27,121,0,148,0,27,138,0,165,150,0,150,315
10/15/2008,SIG,PR,ASO,ES,Federal Contract Tower,0,0,9,0,9,0,26,80,4,110,0,26,89,4,119,60,0,60,179
10/16/2008,SIG,PR,ASO,ES,Federal Contract Tower,0,0,12,0,12,0,34,131,7,172,0,34,143,7,184,38,0,38,222
10/17/2008,SIG,PR,ASO,ES,Federal Contract Tower,0,0,11,0,11,0,38,160,1,199,0,38,171,1,210,132,0,132,342
10/18/2008,SIG,PR,ASO,ES,Federal Contract Tower,0,0,4,0,4,0,22,188,1,211,0,22,192,1,215,144,0,144,359
10/19/2008,SIG,PR,ASO,ES,Federal Contract Tower,0,0,14,0,14,0,24,105,0,129,0,24,119,0,143,10,0,10,153
10/20/2008,SIG,PR,ASO,ES,Federal Contract Tower,0,0,8,0,8,0,26,150,2,178,0,26,158,2,186,114,0,114,300
10/21/2008,SIG,PR,ASO,ES,Federal Contract Tower,0,0,18,0,18,0,26,143,1,170,0,26,161,1,188,154,0,154,342
10/22/2008,SIG,PR,ASO,ES,Federal Contract Tower,0,0,13,0,13,0,33,143,6,182,0,33,156,6,195,146,2,148,343
10/23/2008,SIG,PR,ASO,ES,Federal Contract Tower,0,0,17,0,17,0,29,146,1,176,0,29,163,1,193,126,0,126,319
10/24/2008,SIG,PR,ASO,ES,Federal Contract Tower,0,0,17,0,17,0,33,166,13,212,0,33,183,13,229,238,0,238,467
10/25/2008,SIG,PR,ASO,ES,Federal Contract Tower,0,0,3,0,3,0,18,181,0,199,0,18,184,0,202,204,0,204,406
10/26/2008,SIG,PR,ASO,ES,Federal Contract Tower,0,0,16,0,16,0,23,106,1,130,0,23,122,1,146,26,0,26,172
10/27/2008,SIG,PR,ASO,ES,Federal Contract Tower,0,0,16,0,16,0,36,110,2,148,0,36,126,2,164,36,0,36,200
10/28/2008,SIG,PR,ASO,ES,Federal Contract Tower,0,0,0,0,0,0,24,157,5,186,0,24,157,5,186,82,0,82,268
10/29/2008,SIG,PR,ASO,ES,Federal Contract Tower,0,0,14,0,14,0,33,142,15,190,0,33,156,15,204,132,2,134,338
10/30/2008,SIG,PR,ASO,ES,Federal Contract Tower,0,0,20,1,21,0,27,177,8,212,0,27,197,9,233,186,8,194,427
10/31/2008,SIG,PR,ASO,ES,Federal Contract Tower,0,0,13,0,13,0,42,158,5,205,0,42,171,5,218,154,0,154,372
11/01/2008,SIG,PR,ASO,ES,Federal Contract Tower,0,0,13,0,13,0,24,137,0,161,0,24,150,0,174,116,0,116,290
11/02/2008,SIG,PR,ASO,ES,Federal Contract Tower,0,0,9,0,9,0,30,114,0,144,0,30,123,0,153,52,0,52,205
11/03/2008,SIG,PR,ASO,ES,Federal Contract Tower,0,0,14,0,14,0,26,158,2,186,0,26,172,2,200,124,0,124,324
11/04/2008,SIG,PR,ASO,ES,Federal Contract Tower,0,0,16,0,16,0,27,133,0,160,0,27,149,0,176,80,0,80,256
11/05/2008,SIG,PR,ASO,ES,Federal Contract Tower,0,0,15,1,16,0,32,126,12,170,0,32,141,13,186,122,0,122,308
11/06/2008,SIG,PR,ASO,ES,Federal Contract Tower,0,0,0,0,0,0,32,167,6,205,0,32,167,6,205,124,0,124,329
11/07/2008,SIG,PR,ASO,ES,Federal Contract Tower,0,0,32,2,34,0,47,181,8,236,0,47,213,10,270,126,0,126,396
11/08/2008,SIG,PR,ASO,ES,Federal Contract Tower,0,0,21,0,21,0,26,156,1,183,0,26,177,1,204,175,0,175,379
11/09/2008,SIG,PR,ASO,ES,Federal Contract Tower,0,0,16,2,18,0,21,109,0,130,0,21,125,2,148,72,0,72,220
11/10/2008,SIG,PR,ASO,ES,Federal Contract Tower,0,0,7,4,11,0,32,111,4,147,0,32,118,8,158,48,0,48,206
11/11/2008,SIG,PR,ASO,ES,Federal Contract Tower,0,0,23,0,23,0,38,153,0,191,0,38,176,0,214,144,0,144,358
11/12/2008,SIG,PR,ASO,ES,Federal Contract Tower,0,0,13,1,14,0,36,159,7,202,0,36,172,8,216,94,0,94,310
11/13/2008,SIG,PR,ASO,ES,Federal Contract Tower,0,0,14,0,14,0,25,153,9,187,0,25,167,9,201,108,0,108,309
11/14/2008,SIG,PR,ASO,ES,Federal Contract Tower,0,0,32,0,32,0,35,131,3,169,0,35,163,3,201,92,0,92,293
11/15/2008,SIG,PR,ASO,ES,Federal Contract Tower,0,0,14,0,14,0,29,144,0,173,0,29,158,0,187,90,0,90,277
11/16/2008,SIG,PR,ASO,ES,Federal Contract Tower,0,0,20,0,20,0,29,116,0,145,0,29,136,0,165,72,0,72,237
11/17/2008,SIG,PR,ASO,ES,Federal Contract Tower,0,0,11,1,12,0,31,110,2,143,0,31,121,3,155,96,0,96,251
11/18/2008,SIG,PR,ASO,ES,Federal Contract Tower,0,0,5,2,7,0,36,175,6,217,0,36,180,8,224,136,0,136,360
11/19/2008,SIG,PR,ASO,ES,Federal Contract Tower,0,0,10,0,10,0,37,149,7,193,0,37,159,7,203,186,0,186,389
11/20/2008,SIG,PR,ASO,ES,Federal Contract Tower,0,0,16,1,17,0,36,161,3,200,0,36,177,4,217,124,0,124,341
11/21/2008,SIG,PR,ASO,ES,Federal Contract Tower,0,0,25,0,25,0,51,238,13,302,0,51,263,13,327,208,0,208,535
11/22/2008,SIG,PR,ASO,ES,Federal Contract Tower,0,0,25,0,25,0,31,193,12,236,0,31,218,12,261,136,5,141,402
11/23/2008,SIG,PR,ASO,ES,Federal Contract Tower,0,0,20,0,20,0,31,68,1,100,0,31,88,1,120,26,0,26,146
11/24/2008,SIG,PR,ASO,ES,Federal Contract Tower,0,0,14,0,14,0,31,120,5,156,0,31,134,5,170,62,0,62,232
11/25/2008,SIG,PR,ASO,ES,Federal Contract Tower,0,0,0,0,0,0,28,170,2,200,0,28,170,2,200,102,0,102,302
11/26/2008,SIG,PR,ASO,ES,Federal Contract Tower,0,0,28,0,28,0,55,174,7,236,0,55,202,7,264,130,0,130,394
11/27/2008,SIG,PR,ASO,ES,Federal Contract Tower,0,0,5,0,5,0,33,53,0,86,0,33,58,0,91,28,0,28,119
11/28/2008,SIG,PR,ASO,ES,Federal Contract Tower,0,0,9,0,9,0,36,151,0,187,0,36,160,0,196,160,0,160,356
11/29/2008,SIG,PR,ASO,ES,Federal Contract Tower,0,0,15,0,15,0,27,146,0,173,0,27,161,0,188,120,0,120,308
11/30/2008,SIG,PR,ASO,ES,Federal Contract Tower,0,0,39,0,39,0,35,136,0,171,0,35,175,0,210,46,0,46,256
12/01/2008,SIG,PR,ASO,ES,Federal Contract Tower,0,0,12,2,14,0,28,143,5,176,0,28,155,7,190,94,0,94,284
12/02/2008,SIG,PR,ASO,ES,Federal Contract Tower,0,0,10,1,11,0,29,104,3,136,0,29,114,4,147,90,0,90,237
12/03/2008,SIG,PR,ASO,ES,Federal Contract Tower,0,0,15,0,15,0,31,122,9,162,0,31,137,9,177,40,10,50,227
12/04/2008,SIG,PR,ASO,ES,Federal Contract Tower,0,0,21,0,21,0,34,182,0,216,0,34,203,0,237,90,0,90,327
12/05/2008,SIG,PR,ASO,ES,Federal Contract Tower,0,0,27,0,27,0,47,178,6,231,0,47,205,6,258,102,0,102,360
12/06/2008,SIG,PR,ASO,ES,Federal Contract Tower,0,0,11,0,11,0,26,164,1,191,0,26,175,1,202,138,0,138,340
12/07/2008,SIG,PR,ASO,ES,Federal Contract Tower,0,0,0,0,0,0,23,65,1,89,0,23,65,1,89,60,0,60,149
12/08/2008,SIG,PR,ASO,ES,Federal Contract Tower,0,0,12,1,13,0,33,122,9,164,0,33,134,10,177,104,0,104,281
12/09/2008,SIG,PR,ASO,ES,Federal Contract Tower,0,0,16,0,16,0,25,105,4,134,0,25,121,4,150,120,0,120,270
12/10/2008,SIG,PR,ASO,ES,Federal Contract Tower,0,0,20,2,22,0,33,143,5,181,0,33,163,7,203,186,0,186,389
12/11/2008,SIG,PR,ASO,ES,Federal Contract Tower,0,0,27,1,28,0,35,168,0,203,0,35,195,1,231,184,2,186,417
12/12/2008,SIG,PR,ASO,ES,Federal Contract Tower,0,0,15,1,16,0,36,144,1,181,0,36,159,2,197,100,0,100,297
12/13/2008,SIG,PR,ASO,ES,Federal Contract Tower,0,0,20,0,20,0,31,177,1,209,0,31,197,1,229,184,0,184,413
12/14/2008,SIG,PR,ASO,ES,Federal Contract Tower,0,0,16,0,16,0,26,100,0,126,0,26,116,0,142,88,0,88,230
12/15/2008,SIG,PR,ASO,ES,Federal Contract Tower,0,0,25,1,26,0,24,108,1,133,0,24,133,2,159,94,0,94,253
12/16/2008,SIG,PR,ASO,ES,Federal Contract Tower,0,0,17,0,17,0,38,132,3,173,0,38,149,3,190,150,0,150,340
12/17/2008,SIG,PR,ASO,ES,Federal Contract Tower,0,0,13,0,13,0,37,159,6,202,0,37,172,6,215,132,0,132,347
12/18/2008,SIG,PR,ASO,ES,Federal Contract Tower,0,0,17,1,18,0,33,142,3,178,0,33,159,4,196,92,0,92,288
12/19/2008,SIG,PR,ASO,ES,Federal Contract Tower,0,0,25,2,27,0,42,129,4,175,0,42,154,6,202,160,0,160,362
12/20/2008,SIG,PR,ASO,ES,Federal Contract Tower,0,0,29,0,29,0,26,137,1,164,0,26,166,1,193,138,0,138,331
12/21/2008,SIG,PR,ASO,ES,Federal Contract Tower,0,0,9,0,9,0,26,57,0,83,0,26,66,0,92,18,0,18,110
12/22/2008,SIG,PR,ASO,ES,Federal Contract Tower,0,0,19,0,19,0,36,146,2,184,0,36,165,2,203,90,0,90,293
12/23/2008,SIG,PR,ASO,ES,Federal Contract Tower,0,0,24,0,24,0,40,122,5,167,0,40,146,5,191,34,0,34,225
12/24/2008,SIG,PR,ASO,ES,Federal Contract Tower,0,0,10,0,10,0,35,44,0,79,0,35,54,0,89,30,0,30,119
12/25/2008,SIG,PR,ASO,ES,Federal Contract Tower,0,0,3,0,3,0,35,30,0,65,0,35,33,0,68,12,0,12,80
12/26/2008,SIG,PR,ASO,ES,Federal Contract Tower,0,0,26,0,26,0,37,87,0,124,0,37,113,0,150,74,0,74,224
12/27/2008,SIG,PR,ASO,ES,Federal Contract Tower,0,0,41,0,41,0,37,83,0,120,0,37,124,0,161,22,0,22,183
12/28/2008,SIG,PR,ASO,ES,Federal Contract Tower,0,0,35,0,35,0,32,113,0,145,0,32,148,0,180,56,0,56,236
12/29/2008,SIG,PR,ASO,ES,Federal Contract Tower,0,0,28,0,28,0,38,90,0,128,0,38,118,0,156,32,0,32,188
12/30/2008,SIG,PR,ASO,ES,Federal Contract Tower,0,0,0,0,0,0,54,171,1,226,0,54,171,1,226,120,0,120,346
12/31/2008,SIG,PR,ASO,ES,Federal Contract Tower,0,0,11,0,11,0,43,131,1,175,0,43,142,1,186,110,0,110,296
01/01/2009,SIG,PR,ASO,ES,Federal Contract Tower,0,0,5,0,5,0,23,38,0,61,0,23,43,0,66,16,0,16,82
01/02/2009,SIG,PR,ASO,ES,Federal Contract Tower,0,0,26,0,26,0,50,142,3,195,0,50,168,3,221,126,0,126,347
01/03/2009,SIG,PR,ASO,ES,Federal Contract Tower,0,0,24,0,24,0,46,144,0,190,0,46,168,0,214,110,0,110,324
01/04/2009,SIG,PR,ASO,ES,Federal Contract Tower,0,0,9,0,9,0,36,68,1,105,0,36,77,1,114,12,0,12,126
01/05/2009,SIG,PR,ASO,ES,Federal Contract Tower,0,0,10,0,10,0,30,75,0,105,0,30,85,0,115,48,0,48,163
01/06/2009,SIG,PR,ASO,ES,Federal Contract Tower,0,0,16,0,16,0,35,62,0,97,0,35,78,0,113,8,0,8,121
01/07/2009,SIG,PR,ASO,ES,Federal Contract Tower,0,0,19,1,20,0,42,85,0,127,0,42,104,1,147,46,0,46,193
01/08/2009,SIG,PR,ASO,ES,Federal Contract Tower,0,0,3,0,3,0,31,81,0,112,0,31,84,0,115,14,0,14,129
01/09/2009,SIG,PR,ASO,ES,Federal Contract Tower,0,0,27,0,27,0,44,100,0,144,0,44,127,0,171,60,0,60,231
01/10/2009,SIG,PR,ASO,ES,Federal Contract Tower,0,0,12,0,12,0,25,95,0,120,0,25,107,0,132,66,0,66,198
01/11/2009,SIG,PR,ASO,ES,Federal Contract Tower,0,0,27,0,27,0,27,86,0,113,0,27,113,0,140,22,0,22,162
01/12/2009,SIG,PR,ASO,ES,Federal Contract Tower,0,0,7,0,7,0,36,109,0,145,0,36,116,0,152,80,0,80,232
01/13/2009,SIG,PR,ASO,ES,Federal Contract Tower,0,0,19,0,19,0,38,97,3,138,0,38,116,3,157,84,0,84,241
01/14/2009,SIG,PR,ASO,ES,Federal Contract Tower,0,0,16,0,16,0,37,108,1,146,0,37,124,1,162,30,0,30,192
01/15/2009,SIG,PR,ASO,ES,Federal Contract Tower,0,0,8,1,9,0,38,109,2,149,0,38,117,3,158,118,0,118,276
01/16/2009,SIG,PR,ASO,ES,Federal Contract Tower,0,0,21,0,21,0,44,121,0,165,0,44,142,0,186,68,0,68,254
01/17/2009,SIG,PR,ASO,ES,Federal Contract Tower,0,0,6,0,6,0,32,69,0,101,0,32,75,0,107,72,0,72,179
01/18/2009,SIG,PR,ASO,ES,Federal Contract Tower,0,0,6,0,6,0,19,78,0,97,0,19,84,0,103,64,0,64,167
01/19/2009,SIG,PR,ASO,ES,Federal Contract Tower,0,0,15,0,15,0,34,149,0,183,0,34,164,0,198,82,0,82,280
01/20/2009,SIG,PR,ASO,ES,Federal Contract Tower,0,0,19,1,20,0,34,108,5,147,0,34,127,6,167,100,0,100,267
01/21/2009,SIG,PR,ASO,ES,Federal Contract Tower,0,0,10,0,10,0,36,98,10,144,0,36,108,10,154,70,0,70,224
01/22/2009,SIG,PR,ASO,ES,Federal Contract Tower,0,0,18,1,19,0,38,164,8,210,0,38,182,9,229,156,0,156,385
01/23/2009,SIG,PR,ASO,ES,Federal Contract Tower,0,0,24,0,24,0,43,189,5,237,0,43,213,5,261,184,0,184,445
01/24/2009,SIG,PR,ASO,ES,Federal Contract Tower,0,0,11,0,11,0,33,198,2,233,0,33,209,2,244,160,0,160,404
01/25/2009,SIG,PR,ASO,ES,Federal Contract Tower,0,0,17,0,17,0,21,118,0,139,0,21,135,0,156,68,0,68,224
01/26/2009,SIG,PR,ASO,ES,Federal Contract Tower,0,0,10,0,10,0,41,147,5,193,0,41,157,5,203,106,0,106,309
01/27/2009,SIG,PR,ASO,ES,Federal Contract Tower,0,0,19,0,19,0,37,142,11,190,0,37,161,11,209,44,0,44,253
01/28/2009,SIG,PR,ASO,ES,Federal Contract Tower,0,0,11,2,13,0,30,137,11,178,0,30,148,13,191,120,0,120,311
01/29/2009,SIG,PR,ASO,ES,Federal Contract Tower,0,0,14,0,14,0,38,152,4,194,0,38,166,4,208,166,0,166,374
01/30/2009,SIG,PR,ASO,ES,Federal Contract Tower,0,0,13,0,13,0,40,176,6,222,0,40,189,6,235,132,0,132,367
01/31/2009,SIG,PR,ASO,ES,Federal Contract Tower,0,0,17,0,17,0,26,164,5,195,0,26,181,5,212,120,0,120,332
02/01/2009,SIG,PR,ASO,ES,Federal Contract Tower,0,0,9,0,9,0,24,98,0,122,0,24,107,0,131,38,0,38,169
02/02/2009,SIG,PR,ASO,ES,Federal Contract Tower,0,0,5,0,5,0,31,135,6,172,0,31,140,6,177,120,0,120,297
02/03/2009,SIG,PR,ASO,ES,Federal Contract Tower,0,0,9,0,9,0,39,119,8,166,0,39,128,8,175,82,0,82,257
02/04/2009,SIG,PR,ASO,ES,Federal Contract Tower,0,0,9,1,10,0,39,147,8,194,0,39,156,9,204,116,2,118,322
02/05/2009,SIG,PR,ASO,ES,Federal Contract Tower,0,0,13,0,13,0,38,131,9,178,0,38,144,9,191,86,2,88,279
02/06/2009,SIG,PR,ASO,ES,Federal Contract Tower,0,0,25,0,25,0,48,145,2,195,0,48,170,2,220,122,0,122,342
02/07/2009,SIG,PR,ASO,ES,Federal Contract Tower,0,0,11,0,11,0,22,92,0,114,0,22,103,0,125,88,0,88,213
02/08/2009,SIG,PR,ASO,ES,Federal Contract Tower,0,0,11,0,11,0,27,129,3,159,0,27,140,3,170,82,0,82,252
02/09/2009,SIG,PR,ASO,ES,Federal Contract Tower,0,0,15,1,16,0,35,95,6,136,0,35,110,7,152,56,0,56,208
02/10/2009,SIG,PR,ASO,ES,Federal Contract Tower,0,0,16,1,17,0,40,78,3,121,0,40,94,4,138,56,0,56,194
02/11/2009,SIG,PR,ASO,ES,Federal Contract Tower,0,0,20,0,20,0,42,126,5,173,0,42,146,5,193,72,0,72,265
02/12/2009,SIG,PR,ASO,ES,Federal Contract Tower,0,0,26,1,27,0,40,163,5,208,0,40,189,6,235,48,0,48,283
02/13/2009,SIG,PR,ASO,ES,Federal Contract Tower,0,0,25,0,25,0,39,180,4,223,0,39,205,4,248,116,0,116,364
02/14/2009,SIG,PR,ASO,ES,Federal Contract Tower,0,0,10,0,10,0,27,150,0,177,0,27,160,0,187,124,0,124,311
02/15/2009,SIG,PR,ASO,ES,Federal Contract Tower,0,0,6,0,6,0,28,82,0,110,0,28,88,0,116,40,0,40,156
02/16/2009,SIG,PR,ASO,ES,Federal Contract Tower,0,0,22,0,22,0,46,144,0,190,0,46,166,0,212,108,0,108,320
02/17/2009,SIG,PR,ASO,ES,Federal Contract Tower,0,0,12,0,12,0,36,141,8,185,0,36,153,8,197,134,0,134,331
02/18/2009,SIG,PR,ASO,ES,Federal Contract Tower,0,0,17,3,20,0,42,161,9,212,0,42,178,12,232,218,0,218,450
02/19/2009,SIG,PR,ASO,ES,Federal Contract Tower,0,0,17,0,17,0,52,133,5,190,0,52,150,5,207,94,0,94,301
02/20/2009,SIG,PR,ASO,ES,Federal Contract Tower,0,0,21,1,22,0,44,167,6,217,0,44,188,7,239,108,2,110,349
02/21/2009,SIG,PR,ASO,ES,Federal Contract Tower,0,0,11,0,11,0,51,166,15,232,0,51,177,15,243,100,0,100,343
02/22/2009,SIG,PR,ASO,ES,Federal Contract Tower,0,0,23,0,23,0,31,108,2,141,0,31,131,2,164,52,0,52,216
02/23/2009,SIG,PR,ASO,ES,Federal Contract Tower,0,0,8,2,10,0,36,141,9,186,0,36,149,11,196,144,0,144,340
02/24/2009,SIG,PR,ASO,ES,Federal Contract Tower,0,0,15,0,15,0,39,156,12,207,0,39,171,12,222,206,0,206,428
02/25/2009,SIG,PR,ASO,ES,Federal Contract Tower,0,0,19,2,21,0,37,143,12,192,0,37,162,14,213,94,0,94,307
02/26/2009,SIG,PR,ASO,ES,Federal Contract Tower,0,0,21,1,22,0,48,148,4,200,0,48,169,5,222,86,4,90,312
02/27/2009,SIG,PR,ASO,ES,Federal Contract Tower,0,0,19,0,19,0,49,187,1,237,0,49,206,1,256,80,0,80,336
02/28/2009,SIG,PR,ASO,ES,Federal Contract Tower,0,0,6,0,6,0,39,181,8,228,0,39,187,8,234,104,0,104,338
03/01/2009,SIG,PR,ASO,ES,Federal Contract Tower,0,0,27,0,27,0,32,161,2,195,0,32,188,2,222,136,0,136,358
03/02/2009,SIG,PR,ASO,ES,Federal Contract Tower,0,0,8,0,8,0,39,129,2,170,0,39,137,2,178,102,0,102,280
03/03/2009,SIG,PR,ASO,ES,Federal Contract Tower,0,0,14,0,14,0,49,118,4,171,0,49,132,4,185,144,0,144,329
03/04/2009,SIG,PR,ASO,ES,Federal Contract Tower,0,0,7,6,13,0,37,106,12,155,0,37,113,18,168,52,0,52,220
03/05/2009,SIG,PR,ASO,ES,Federal Contract Tower,0,0,30,1,31,0,42,77,2,121,0,42,107,3,152,6,0,6,158
03/06/2009,SIG,PR,ASO,ES,Federal Contract Tower,0,0,20,0,20,0,42,98,4,144,0,42,118,4,164,20,0,20,184
03/07/2009,SIG,PR,ASO,ES,Federal Contract Tower,0,0,10,0,10,0,27,151,1,179,0,27,161,1,189,90,0,90,279
03/08/2009,SIG,PR,ASO,ES,Federal Contract Tower,0,0,16,0,16,0,27,56,0,83,0,27,72,0,99,30,0,30,129
03/09/2009,SIG,PR,ASO,ES,Federal Contract Tower,0,0,17,0,17,0,41,151,1,193,0,41,168,1,210,170,0,170,380
03/10/2009,SIG,PR,ASO,ES,Federal Contract Tower,0,0,0,0,0,0,47,119,4,170,0,47,119,4,170,148,0,148,318
03/11/2009,SIG,PR,ASO,ES,Federal Contract Tower,0,0,18,0,18,0,36,158,0,194,0,36,176,0,212,160,0,160,372
03/12/2009,SIG,PR,ASO,ES,Federal Contract Tower,0,0,7,0,7,0,49,128,5,182,0,49,135,5,189,102,0,102,291
03/13/2009,SIG,PR,ASO,ES,Federal Contract Tower,0,0,27,0,27,0,48,116,3,167,0,48,143,3,194,86,0,86,280
03/14/2009,SIG,PR,ASO,ES,Federal Contract Tower,0,0,13,0,13,0,30,157,7,194,0,30,170,7,207,120,0,120,327
03/15/2009,SIG,PR,ASO,ES,Federal Contract Tower,0,0,22,0,22,0,33,96,6,135,0,33,118,6,157,76,0,76,233
03/16/2009,SIG,PR,ASO,ES,Federal Contract Tower,0,0,17,0,17,0,41,104,0,145,0,41,121,0,162,104,0,104,266
03/17/2009,SIG,PR,ASO,ES,Federal Contract Tower,0,0,14,2,16,0,60,137,6,203,0,60,151,8,219,162,0,162,381
03/18/2009,SIG,PR,ASO,ES,Federal Contract Tower,0,0,7,0,7,0,53,149,3,205,0,53,156,3,212,162,0,162,374
03/19/2009,SIG,PR,ASO,ES,Federal Contract Tower,0,0,16,0,16,0,45,151,1,197,0,45,167,1,213,112,0,112,325
03/20/2009,SIG,PR,ASO,ES,Federal Contract Tower,0,0,15,0,15,0,65,146,8,219,0,65,161,8,234,142,2,144,378
03/21/2009,SIG,PR,ASO,ES,Federal Contract Tower,0,0,10,0,10,0,39,172,1,212,0,39,182,1,222,144,0,144,366
03/22/2009,SIG,PR,ASO,ES,Federal Contract Tower,0,0,16,0,16,0,41,69,0,110,0,41,85,0,126,83,0,83,209
03/23/2009,SIG,PR,ASO,ES,Federal Contract Tower,0,0,15,2,17,0,47,89,6,142,0,47,104,8,159,90,0,90,249
03/24/2009,SIG,PR,ASO,ES,Federal Contract Tower,0,0,8,0,8,0,37,151,8,196,0,37,159,8,204,124,0,124,328
03/25/2009,SIG,PR,ASO,ES,Federal Contract Tower,0,0,5,0,5,0,33,105,12,150,0,33,110,12,155,46,0,46,201
03/26/2009,SIG,PR,ASO,ES,Federal Contract Tower,0,0,13,0,13,0,43,161,6,210,0,43,174,6,223,164,2,166,389
03/27/2009,SIG,PR,ASO,ES,Federal Contract Tower,0,0,0,0,0,0,48,189,6,243,0,48,189,6,243,126,0,126,369
03/28/2009,SIG,PR,ASO,ES,Federal Contract Tower,0,0,9,0,9,0,31,161,2,194,0,31,170,2,203,92,0,92,295
03/29/2009,SIG,PR,ASO,ES,Federal Contract Tower,0,0,11,1,12,0,29,87,1,117,0,29,98,2,129,28,0,28,157
03/30/2009,SIG,PR,ASO,ES,Federal Contract Tower,0,0,15,0,15,0,36,148,12,196,0,36,163,12,211,104,0,104,315
03/31/2009,SIG,PR,ASO,ES,Federal Contract Tower,0,0,13,0,13,0,39,74,9,122,0,39,87,9,135,96,0,96,231
04/01/2009,SIG,PR,ASO,ES,Federal Contract Tower,0,0,19,0,19,0,36,133,7,176,0,36,152,7,195,108,0,108,303
04/02/2009,SIG,PR,ASO,ES,Federal Contract Tower,0,0,23,0,23,0,49,163,4,216,0,49,186,4,239,166,0,166,405
04/03/2009,SIG,PR,ASO,ES,Federal Contract Tower,0,0,14,0,14,0,50,176,6,232,0,50,190,6,246,116,0,116,362
04/04/2009,SIG,PR,ASO,ES,Federal Contract Tower,0,0,5,0,5,0,24,119,0,143,0,24,124,0,148,76,0,76,224
04/05/2009,SIG,PR,ASO,ES,Federal Contract Tower,0,0,17,0,17,0,24,84,0,108,0,24,101,0,125,30,0,30,155
04/06/2009,SIG,PR,ASO,ES,Federal Contract Tower,0,0,8,0,8,0,42,123,5,170,0,42,131,5,178,124,0,124,302
04/07/2009,SIG,PR,ASO,ES,Federal Contract Tower,0,0,19,0,19,0,39,160,11,210,0,39,179,11,229,118,0,118,347
04/08/2009,SIG,PR,ASO,ES,Federal Contract Tower,0,0,25,2,27,0,36,143,10,189,0,36,168,12,216,52,0,52,268
04/09/2009,SIG,PR,ASO,ES,Federal Contract Tower,0,0,17,2,19,0,50,125,1,176,0,50,142,3,195,110,0,110,305
04/10/2009,SIG,PR,ASO,ES,Federal Contract Tower,0,0,5,0,5,0,37,54,0,91,0,37,59,0,96,40,0,40,136
04/11/2009,SIG,PR,ASO,ES,Federal Contract Tower,0,0,11,0,11,0,33,113,0,146,0,33,124,0,157,50,0,50,207
04/12/2009,SIG,PR,ASO,ES,Federal Contract Tower,0,0,26,0,26,0,41,123,0,164,0,41,149,0,190,8,0,8,198
04/13/2009,SIG,PR,ASO,ES,Federal Contract Tower,0,0,18,0,18,0,55,126,11,192,0,55,144,11,210,64,0,64,274
04/14/2009,SIG,PR,ASO,ES,Federal Contract Tower,0,0,13,0,13,0,42,127,10,179,0,42,140,10,192,105,0,105,297
04/15/2009,SIG,PR,ASO,ES,Federal Contract Tower,0,0,14,0,14,0,39,118,7,164,0,39,132,7,178,82,0,82,260
04/16/2009,SIG,PR,ASO,ES,Federal Contract Tower,0,0,16,0,16,0,45,137,6,188,0,45,153,6,204,131,0,131,335
04/17/2009,SIG,PR,ASO,ES,Federal Contract Tower,0,0,21,1,22,0,48,186,14,248,0,48,207,15,270,0,198,198,468
04/18/2009,SIG,PR,ASO,ES,Federal Contract Tower,0,0,11,0,11,0,42,180,15,237,0,42,191,15,248,50,4,54,302
04/19/2009,SIG,PR,ASO,ES,Federal Contract Tower,0,0,13,0,13,0,26,72,1,99,0,26,85,1,112,26,0,26,138
04/20/2009,SIG,PR,ASO,ES,Federal Contract Tower,0,0,20,0,20,0,45,126,14,185,0,45,146,14,205,52,0,52,257
04/21/2009,SIG,PR,ASO,ES,Federal Contract Tower,0,0,8,1,9,0,47,134,17,198,0,47,142,18,207,122,0,122,329
04/22/2009,SIG,PR,ASO,ES,Federal Contract Tower,0,0,9,0,9,0,42,157,11,210,0,42,166,11,219,76,0,76,295
04/23/2009,SIG,PR,ASO,ES,Federal Contract Tower,0,0,10,1,11,0,45,142,14,201,0,45,152,15,212,120,0,120,332
04/24/2009,SIG,PR,ASO,ES,Federal Contract Tower,0,0,12,0,12,0,46,146,6,198,0,46,158,6,210,100,0,100,310
04/25/2009,SIG,PR,ASO,ES,Federal Contract Tower,0,0,11,0,11,0,27,114,2,143,0,27,125,2,154,44,0,44,198
04/26/2009,SIG,PR,ASO,ES,Federal Contract Tower,0,0,12,0,12,0,23,72,1,96,0,23,84,1,108,15,0,15,123
04/27/2009,SIG,PR,ASO,ES,Federal Contract Tower,0,0,15,0,15,0,40,121,9,170,0,40,136,9,185,88,0,88,273
04/28/2009,SIG,PR,ASO,ES,Federal Contract Tower,0,0,9,0,9,0,37,129,10,176,0,37,138,10,185,84,0,84,269
04/29/2009,SIG,PR,ASO,ES,Federal Contract Tower,0,0,10,0,10,0,39,111,3,153,0,39,121,3,163,138,0,138,301
04/30/2009,SIG,PR,ASO,ES,Federal Contract Tower,0,0,12,1,13,0,47,157,7,211,0,47,169,8,224,198,0,198,422
05/01/2009,SIG,PR,ASO,ES,Federal Contract Tower,0,0,18,0,18,0,44,144,7,195,0,44,162,7,213,84,0,84,297
05/02/2009,SIG,PR,ASO,ES,Federal Contract Tower,0,0,6,0,6,0,25,154,0,179,0,25,160,0,185,90,0,90,275
05/03/2009,SIG,PR,ASO,ES,Federal Contract Tower,0,0,10,0,10,0,25,80,0,105,0,25,90,0,115,4,0,4,119
05/04/2009,SIG,PR,ASO,ES,Federal Contract Tower,0,0,11,0,11,0,32,86,5,123,0,32,97,5,134,58,4,62,196
05/05/2009,SIG,PR,ASO,ES,Federal Contract Tower,0,0,13,0,13,0,40,148,6,194,0,40,161,6,207,64,0,64,271
05/06/2009,SIG,PR,ASO,ES,Federal Contract Tower,0,0,18,1,19,0,33,65,6,104,0,33,83,7,123,30,0,30,153
05/07/2009,SIG,PR,ASO,ES,Federal Contract Tower,0,0,21,0,21,0,44,81,3,128,0,44,102,3,149,34,0,34,183
05/08/2009,SIG,PR,ASO,ES,Federal Contract Tower,0,0,22,0,22,0,40,91,1,132,0,40,113,1,154,72,0,72,226
05/09/2009,SIG,PR,ASO,ES,Federal Contract Tower,0,0,7,1,8,0,22,89,1,112,0,22,96,2,120,34,0,34,154
05/10/2009,SIG,PR,ASO,ES,Federal Contract Tower,0,0,12,0,12,0,28,73,0,101,0,28,85,0,113,2,0,2,115
05/11/2009,SIG,PR,ASO,ES,Federal Contract Tower,0,0,24,0,24,0,38,100,11,149,0,38,124,11,173,64,0,64,237
05/12/2009,SIG,PR,ASO,ES,Federal Contract Tower,0,0,19,0,19,0,33,83,9,125,0,33,102,9,144,72,0,72,216
05/13/2009,SIG,PR,ASO,ES,Federal Contract Tower,0,0,16,0,16,0,41,82,3,126,0,41,98,3,142,40,0,40,182
05/14/2009,SIG,PR,ASO,ES,Federal Contract Tower,0,0,15,0,15,0,38,112,11,161,0,38,127,11,176,140,0,140,316
05/15/2009,SIG,PR,ASO,ES,Federal Contract Tower,0,0,25,0,25,0,44,128,3,175,0,44,153,3,200,96,0,96,296
05/16/2009,SIG,PR,ASO,ES,Federal Contract Tower,0,0,8,0,8,0,26,133,2,161,0,26,141,2,169,66,0,66,235
05/17/2009,SIG,PR,ASO,ES,Federal Contract Tower,0,0,8,0,8,0,17,61,6,84,0,17,69,6,92,50,0,50,142
05/18/2009,SIG,PR,ASO,ES,Federal Contract Tower,0,0,13,0,13,0,36,112,3,151,0,36,125,3,164,54,0,54,218
05/19/2009,SIG,PR,ASO,ES,Federal Contract Tower,0,0,10,1,11,0,33,121,4,158,0,33,131,5,169,122,0,122,291
05/20/2009,SIG,PR,ASO,ES,Federal Contract Tower,0,0,17,1,18,0,39,145,11,195,0,39,162,12,213,146,0,146,359
05/21/2009,SIG,PR,ASO,ES,Federal Contract Tower,0,0,8,2,10,0,33,94,3,130,0,33,102,5,140,54,0,54,194
05/22/2009,SIG,PR,ASO,ES,Federal Contract Tower,0,0,21,1,22,0,42,200,3,245,0,42,221,4,267,148,0,148,415
05/23/2009,SIG,PR,ASO,ES,Federal Contract Tower,0,0,17,0,17,0,32,122,8,162,0,32,139,8,179,106,0,106,285
05/24/2009,SIG,PR,ASO,ES,Federal Contract Tower,0,0,10,0,10,0,19,66,4,89,0,19,76,4,99,0,0,0,99
05/25/2009,SIG,PR,ASO,ES,Federal Contract Tower,0,0,20,0,20,0,42,122,7,171,0,42,142,7,191,80,0,80,271
05/26/2009,SIG,PR,ASO,ES,Federal Contract Tower,0,0,14,3,17,0,37,81,2,120,0,37,95,5,137,46,0,46,183
05/27/2009,SIG,PR,ASO,ES,Federal Contract Tower,0,0,19,1,20,0,37,136,7,180,0,37,155,8,200,108,0,108,308
05/28/2009,SIG,PR,ASO,ES,Federal Contract Tower,0,0,20,1,21,0,43,135,16,194,0,43,155,17,215,156,0,156,371
05/29/2009,SIG,PR,ASO,ES,Federal Contract Tower,0,0,24,0,24,0,46,167,26,239,0,46,191,26,263,98,0,98,361
05/30/2009,SIG,PR,ASO,ES,Federal Contract Tower,0,0,10,0,10,0,31,143,7,181,0,31,153,7,191,78,0,78,269
05/31/2009,SIG,PR,ASO,ES,Federal Contract Tower,0,0,12,0,12,0,32,140,10,182,0,32,152,10,194,80,0,80,274
06/01/2009,SIG,PR,ASO,ES,Federal Contract Tower,0,0,11,1,12,0,36,116,6,158,0,36,127,7,170,50,0,50,220
06/02/2009,SIG,PR,ASO,ES,Federal Contract Tower,0,0,14,0,14,0,35,106,9,150,0,35,120,9,164,68,0,68,232
06/03/2009,SIG,PR,ASO,ES,Federal Contract Tower,0,0,0,0,0,0,34,116,6,156,0,34,116,6,156,30,0,30,186
06/04/2009,SIG,PR,ASO,ES,Federal Contract Tower,0,0,18,0,18,0,37,145,10,192,0,37,163,10,210,108,0,108,318
06/05/2009,SIG,PR,ASO,ES,Federal Contract Tower,0,0,18,0,18,0,43,144,23,210,0,43,162,23,228,106,0,106,334
06/06/2009,SIG,PR,ASO,ES,Federal Contract Tower,0,0,3,0,3,0,19,142,13,174,0,19,145,13,177,92,0,92,269
06/07/2009,SIG,PR,ASO,ES,Federal Contract Tower,0,0,9,0,9,0,19,67,3,89,0,19,76,3,98,0,0,0,98
06/08/2009,SIG,PR,ASO,ES,Federal Contract Tower,0,0,17,0,17,0,32,117,4,153,0,32,134,4,170,88,0,88,258
06/09/2009,SIG,PR,ASO,ES,Federal Contract Tower,0,0,17,1,18,0,37,104,6,147,0,37,121,7,165,70,0,70,235
06/10/2009,SIG,PR,ASO,ES,Federal Contract Tower,0,0,21,0,21,0,34,137,9,180,0,34,158,9,201,116,0,116,317
06/11/2009,SIG,PR,ASO,ES,Federal Contract Tower,0,0,13,0,13,0,39,128,5,172,0,39,141,5,185,80,0,80,265
06/12/2009,SIG,PR,ASO,ES,Federal Contract Tower,0,0,15,0,15,0,42,153,4,199,0,42,168,4,214,126,0,126,340
06/13/2009,SIG,PR,ASO,ES,Federal Contract Tower,0,0,7,0,7,0,21,119,0,140,0,21,126,0,147,54,0,54,201
06/14/2009,SIG,PR,ASO,ES,Federal Contract Tower,0,0,22,0,22,0,27,62,1,90,0,27,84,1,112,30,0,30,142
06/15/2009,SIG,PR,ASO,ES,Federal Contract Tower,0,0,13,0,13,0,33,136,2,171,0,33,149,2,184,68,0,68,252
06/16/2009,SIG,PR,ASO,ES,Federal Contract Tower,0,0,17,0,17,0,46,102,1,149,0,46,119,1,166,92,0,92,258
06/17/2009,SIG,PR,ASO,ES,Federal Contract Tower,0,0,9,0,9,0,42,128,8,178,0,42,137,8,187,110,4,114,301
06/18/2009,SIG,PR,ASO,ES,Federal Contract Tower,0,0,17,2,19,0,38,142,12,192,0,38,159,14,211,156,14,170,381
06/19/2009,SIG,PR,ASO,ES,Federal Contract Tower,0,0,18,1,19,0,56,176,27,259,0,56,194,28,278,138,0,138,416
06/20/2009,SIG,PR,ASO,ES,Federal Contract Tower,0,0,3,0,3,0,0,0,0,0,0,0,3,0,3,54,4,58,61
06/21/2009,SIG,PR,ASO,ES,Federal Contract Tower,0,0,14,0,14,0,28,82,3,113,0,28,96,3,127,27,0,27,154
06/22/2009,SIG,PR,ASO,ES,Federal Contract Tower,0,0,16,0,16,0,33,115,2,150,0,33,131,2,166,82,0,82,248
06/23/2009,SIG,PR,ASO,ES,Federal Contract Tower,0,0,12,0,12,0,34,126,9,169,0,34,138,9,181,82,0,82,263
06/24/2009,SIG,PR,ASO,ES,Federal Contract Tower,0,0,10,1,11,0,39,121,3,163,0,39,131,4,174,62,0,62,236
06/25/2009,SIG,PR,ASO,ES,Federal Contract Tower,0,0,10,1,11,0,39,98,12,149,0,39,108,13,160,56,0,56,216
06/26/2009,SIG,PR,ASO,ES,Federal Contract Tower,0,0,15,0,15,0,44,134,9,187,0,44,149,9,202,74,0,74,276
06/27/2009,SIG,PR,ASO,ES,Federal Contract Tower,0,0,7,0,7,0,42,141,11,194,0,42,148,11,201,102,0,102,303
06/28/2009,SIG,PR,ASO,ES,Federal Contract Tower,0,0,10,0,10,0,33,106,1,140,0,33,116,1,150,76,0,76,226
06/29/2009,SIG,PR,ASO,ES,Federal Contract Tower,0,0,9,0,9,0,36,93,8,137,0,36,102,8,146,56,0,56,202
06/30/2009,SIG,PR,ASO,ES,Federal Contract Tower,0,0,19,0,19,0,35,88,5,128,0,35,107,5,147,74,0,74,221
07/01/2009,SIG,PR,ASO,ES,Federal Contract Tower,0,0,14,0,14,0,37,119,12,168,0,37,133,12,182,134,0,134,316
07/02/2009,SIG,PR,ASO,ES,Federal Contract Tower,0,0,11,0,11,0,47,133,16,196,0,47,144,16,207,160,0,160,367
07/03/2009,SIG,PR,ASO,ES,Federal Contract Tower,0,0,27,0,27,0,48,135,5,188,0,48,162,5,215,22,0,22,237
07/04/2009,SIG,PR,ASO,ES,Federal Contract Tower,0,0,7,0,7,0,31,98,6,135,0,31,105,6,142,108,0,108,250
07/05/2009,SIG,PR,ASO,ES,Federal Contract Tower,0,0,25,0,25,0,30,63,0,93,0,30,88,0,118,14,0,14,132
07/06/2009,SIG,PR,ASO,ES,Federal Contract Tower,0,0,22,0,22,0,39,119,9,167,0,39,141,9,189,6,0,6,195
07/07/2009,SIG,PR,ASO,ES,Federal Contract Tower,0,0,30,1,31,0,45,125,9,179,0,45,155,10,210,4,0,4,214
07/08/2009,SIG,PR,ASO,ES,Federal Contract Tower,0,0,19,0,19,0,41,137,5,183,0,41,156,5,202,8,0,8,210
07/09/2009,SIG,PR,ASO,ES,Federal Contract Tower,0,0,8,0,8,0,38,116,13,167,0,38,124,13,175,8,0,8,183
07/10/2009,SIG,PR,ASO,ES,Federal Contract Tower,0,0,23,2,25,0,47,154,18,219,0,47,177,20,244,8,0,8,252
07/11/2009,SIG,PR,ASO,ES,Federal Contract Tower,0,0,14,3,17,0,33,114,6,153,0,33,128,9,170,12,20,32,202
07/12/2009,SIG,PR,ASO,ES,Federal Contract Tower,0,0,13,0,13,0,36,83,4,123,0,36,96,4,136,6,0,6,142
07/13/2009,SIG,PR,ASO,ES,Federal Contract Tower,0,0,18,0,18,0,33,79,10,122,0,33,97,10,140,2,0,2,142
07/14/2009,SIG,PR,ASO,ES,Federal Contract Tower,0,0,14,1,15,0,43,138,6,187,0,43,152,7,202,34,4,38,240
07/15/2009,SIG,PR,ASO,ES,Federal Contract Tower,0,0,17,0,17,0,30,137,9,176,0,30,154,9,193,78,4,82,275
07/16/2009,SIG,PR,ASO,ES,Federal Contract Tower,0,0,18,0,18,0,34,136,16,186,0,34,154,16,204,110,0,110,314
07/17/2009,SIG,PR,ASO,ES,Federal Contract Tower,0,0,16,2,18,0,39,156,15,210,0,39,172,17,228,98,0,98,326
07/18/2009,SIG,PR,ASO,ES,Federal Contract Tower,0,0,6,0,6,0,30,103,0,133,0,30,109,0,139,92,0,92,231
07/19/2009,SIG,PR,ASO,ES,Federal Contract Tower,0,0,8,0,8,0,31,65,0,96,0,31,73,0,104,10,0,10,114
07/20/2009,SIG,PR,ASO,ES,Federal Contract Tower,0,0,17,0,17,0,47,113,17,177,0,47,130,17,194,54,14,68,262
07/21/2009,SIG,PR,ASO,ES,Federal Contract Tower,0,0,13,1,14,0,39,83,14,136,0,39,96,15,150,52,0,52,202
07/22/2009,SIG,PR,ASO,ES,Federal Contract Tower,0,0,12,0,12,0,42,127,16,185,0,42,139,16,197,118,10,128,325
07/23/2009,SIG,PR,ASO,ES,Federal Contract Tower,0,0,26,0,26,0,50,180,26,256,0,50,206,26,282,86,0,86,368
07/24/2009,SIG,PR,ASO,ES,Federal Contract Tower,0,0,36,0,36,0,52,186,7,245,0,52,222,7,281,98,0,98,379
07/25/2009,SIG,PR,ASO,ES,Federal Contract Tower,0,0,11,0,11,0,35,117,5,157,0,35,128,5,168,90,0,90,258
07/26/2009,SIG,PR,ASO,ES,Federal Contract Tower,0,0,20,0,20,0,37,84,0,121,0,37,104,0,141,20,0,20,161
07/27/2009,SIG,PR,ASO,ES,Federal Contract Tower,0,0,19,0,19,0,44,117,3,164,0,44,136,3,183,30,0,30,213
07/28/2009,SIG,PR,ASO,ES,Federal Contract Tower,0,0,8,0,8,0,48,115,7,170,0,48,123,7,178,66,0,66,244
07/29/2009,SIG,PR,ASO,ES,Federal Contract Tower,0,0,16,0,16,0,41,107,11,159,0,41,123,11,175,40,6,46,221
07/30/2009,SIG,PR,ASO,ES,Federal Contract Tower,0,0,11,1,12,0,39,119,12,170,0,39,130,13,182,40,0,40,222
07/31/2009,SIG,PR,ASO,ES,Federal Contract Tower,0,0,17,0,17,0,38,149,1,188,0,38,166,1,205,60,0,60,265
08/01/2009,SIG,PR,ASO,ES,Federal Contract Tower,0,0,5,0,5,0,31,130,0,161,0,31,135,0,166,68,0,68,234
08/02/2009,SIG,PR,ASO,ES,Federal Contract Tower,0,0,7,0,7,0,41,71,0,112,0,41,78,0,119,12,0,12,131
08/03/2009,SIG,PR,ASO,ES,Federal Contract Tower,0,0,11,0,11,0,37,82,5,124,0,37,93,5,135,42,0,42,177
08/04/2009,SIG,PR,ASO,ES,Federal Contract Tower,0,0,13,1,14,0,42,138,8,188,0,42,151,9,202,106,4,110,312
08/05/2009,SIG,PR,ASO,ES,Federal Contract Tower,0,0,8,1,9,0,37,106,15,158,0,37,114,16,167,96,4,100,267
08/06/2009,SIG,PR,ASO,ES,Federal Contract Tower,0,0,11,2,13,0,44,132,20,196,0,44,143,22,209,144,0,144,353
08/07/2009,SIG,PR,ASO,ES,Federal Contract Tower,0,0,21,0,21,0,51,153,12,216,0,51,174,12,237,70,0,70,307
08/08/2009,SIG,PR,ASO,ES,Federal Contract Tower,0,0,11,0,11,0,34,142,13,189,0,34,153,13,200,84,0,84,284
08/09/2009,SIG,PR,ASO,ES,Federal Contract Tower,0,0,11,1,12,0,31,73,3,107,0,31,84,4,119,42,0,42,161
08/10/2009,SIG,PR,ASO,ES,Federal Contract Tower,0,0,17,0,17,0,36,114,6,156,0,36,131,6,173,112,0,112,285
08/11/2009,SIG,PR,ASO,ES,Federal Contract Tower,0,0,10,0,10,0,42,100,13,155,0,42,110,13,165,108,2,110,275
08/12/2009,SIG,PR,ASO,ES,Federal Contract Tower,0,0,12,2,14,0,30,108,18,156,0,30,120,20,170,60,0,60,230
08/13/2009,SIG,PR,ASO,ES,Federal Contract Tower,0,0,11,3,14,0,42,102,11,155,0,42,113,14,169,96,0,96,265
08/14/2009,SIG,PR,ASO,ES,Federal Contract Tower,0,0,19,0,19,0,45,154,8,207,0,45,173,8,226,86,0,86,312
08/15/2009,SIG,PR,ASO,ES,Federal Contract Tower,0,0,11,0,11,0,38,147,0,185,0,38,158,0,196,62,0,62,258
08/16/2009,SIG,PR,ASO,ES,Federal Contract Tower,0,0,16,0,16,0,27,87,0,114,0,27,103,0,130,40,0,40,170
08/17/2009,SIG,PR,ASO,ES,Federal Contract Tower,0,0,16,0,16,0,43,106,11,160,0,43,122,11,176,68,4,72,248
08/18/2009,SIG,PR,ASO,ES,Federal Contract Tower,0,0,12,1,13,0,40,115,13,168,0,40,127,14,181,124,0,124,305
08/19/2009,SIG,PR,ASO,ES,Federal Contract Tower,0,0,13,2,15,0,44,132,14,190,0,44,145,16,205,96,4,100,305
08/20/2009,SIG,PR,ASO,ES,Federal Contract Tower,0,0,12,0,12,0,44,137,18,199,0,44,149,18,211,104,26,130,341
08/21/2009,SIG,PR,ASO,ES,Federal Contract Tower,0,0,17,0,17,0,45,122,27,194,0,45,139,27,211,82,0,82,293
08/22/2009,SIG,PR,ASO,ES,Federal Contract Tower,0,0,5,0,5,0,25,116,18,159,0,25,121,18,164,52,0,52,216
08/23/2009,SIG,PR,ASO,ES,Federal Contract Tower,0,0,12,1,13,0,29,72,9,110,0,29,84,10,123,32,2,34,157
08/24/2009,SIG,PR,ASO,ES,Federal Contract Tower,0,0,11,0,11,0,46,100,26,172,0,46,111,26,183,88,14,102,285
08/25/2009,SIG,PR,ASO,ES,Federal Contract Tower,0,0,5,2,7,0,36,83,25,144,0,36,88,27,151,26,2,28,179
08/26/2009,SIG,PR,ASO,ES,Federal Contract Tower,0,0,18,2,20,0,31,118,25,174,0,31,136,27,194,90,12,102,296
08/27/2009,SIG,PR,ASO,ES,Federal Contract Tower,0,0,15,1,16,0,40,139,24,203,0,40,154,25,219,70,20,90,309
08/28/2009,SIG,PR,ASO,ES,Federal Contract Tower,0,0,11,0,11,0,43,152,18,213,0,43,163,18,224,98,2,100,324
08/29/2009,SIG,PR,ASO,ES,Federal Contract Tower,0,0,21,0,21,0,27,112,0,139,0,27,133,0,160,52,0,52,212
08/30/2009,SIG,PR,ASO,ES,Federal Contract Tower,0,0,15,0,15,0,31,72,0,103,0,31,87,0,118,12,0,12,130
08/31/2009,SIG,PR,ASO,ES,Federal Contract Tower,0,0,13,0,13,0,40,98,31,169,0,40,111,31,182,68,0,68,250
09/01/2009,SIG,PR,ASO,ES,Federal Contract Tower,0,0,8,0,8,0,35,118,28,181,0,35,126,28,189,88,0,88,277
09/02/2009,SIG,PR,ASO,ES,Federal Contract Tower,0,0,13,0,13,0,35,136,32,203,0,35,149,32,216,60,8,68,284
09/03/2009,SIG,PR,ASO,ES,Federal Contract Tower,0,0,18,0,18,0,31,96,12,139,0,31,114,12,157,42,0,42,199
09/04/2009,SIG,PR,ASO,ES,Federal Contract Tower,0,0,22,0,22,0,43,79,3,125,0,43,101,3,147,16,0,16,163
09/05/2009,SIG,PR,ASO,ES,Federal Contract Tower,0,0,16,0,16,0,20,38,0,58,0,20,54,0,74,16,0,16,90
09/06/2009,SIG,PR,ASO,ES,Federal Contract Tower,0,0,11,0,11,0,24,58,2,84,0,24,69,2,95,23,0,23,118
09/07/2009,SIG,PR,ASO,ES,Federal Contract Tower,0,0,31,0,31,0,60,91,0,151,0,60,122,0,182,84,0,84,266
09/08/2009,SIG,PR,ASO,ES,Federal Contract Tower,0,0,15,2,17,0,43,102,14,159,0,43,117,16,176,110,0,110,286
09/09/2009,SIG,PR,ASO,ES,Federal Contract Tower,0,0,12,0,12,0,35,120,16,171,0,35,132,16,183,90,0,90,273
09/10/2009,SIG,PR,ASO,ES,Federal Contract Tower,0,0,11,0,11,0,34,127,14,175,0,34,138,14,186,54,0,54,240
09/11/2009,SIG,PR,ASO,ES,Federal Contract Tower,0,0,13,1,14,0,45,160,19,224,0,45,173,20,238,108,4,112,350
09/12/2009,SIG,PR,ASO,ES,Federal Contract Tower,0,0,2,0,2,0,31,167,0,198,0,31,169,0,200,78,0,78,278
09/13/2009,SIG,PR,ASO,ES,Federal Contract Tower,0,0,6,0,6,0,27,60,4,91,0,27,66,4,97,12,0,12,109
09/14/2009,SIG,PR,ASO,ES,Federal Contract Tower,0,0,9,0,9,0,35,133,3,171,0,35,142,3,180,68,0,68,248
09/15/2009,SIG,PR,ASO,ES,Federal Contract Tower,0,0,18,1,19,0,45,108,8,161,0,45,126,9,180,72,0,72,252
09/16/2009,SIG,PR,ASO,ES,Federal Contract Tower,0,0,14,1,15,0,35,77,9,121,0,35,91,10,136,32,0,32,168
09/17/2009,SIG,PR,ASO,ES,Federal Contract Tower,0,0,20,1,21,0,40,148,5,193,0,40,168,6,214,70,0,70,284
09/18/2009,SIG,PR,ASO,ES,Federal Contract Tower,0,0,11,0,11,0,45,127,8,180,0,45,138,8,191,52,0,52,243
09/19/2009,SIG,PR,ASO,ES,Federal Contract Tower,0,0,5,0,5,0,24,122,0,146,0,24,127,0,151,64,0,64,215
09/20/2009,SIG,PR,ASO,ES,Federal Contract Tower,0,0,7,0,7,0,16,35,0,51,0,16,42,0,58,8,0,8,66
09/21/2009,SIG,PR,ASO,ES,Federal Contract Tower,0,0,20,0,20,0,38,67,4,109,0,38,87,4,129,40,0,40,169
09/22/2009,SIG,PR,ASO,ES,Federal Contract Tower,0,0,9,0,9,0,52,123,6,181,0,52,132,6,190,130,0,130,320
09/23/2009,SIG,PR,ASO,ES,Federal Contract Tower,0,0,21,0,21,0,42,138,14,194,0,42,159,14,215,138,0,138,353
09/24/2009,SIG,PR,ASO,ES,Federal Contract Tower,0,0,16,1,17,0,41,125,9,175,0,41,141,10,192,122,0,122,314
09/25/2009,SIG,PR,ASO,ES,Federal Contract Tower,0,0,9,0,9,0,52,140,12,204,0,52,149,12,213,80,0,80,293
09/26/2009,SIG,PR,ASO,ES,Federal Contract Tower,0,0,5,0,5,0,26,138,0,164,0,26,143,0,169,114,0,114,283
09/27/2009,SIG,PR,ASO,ES,Federal Contract Tower,0,0,9,0,9,0,26,59,2,87,0,26,68,2,96,21,0,21,117
09/28/2009,SIG,PR,ASO,ES,Federal Contract Tower,0,0,3,0,3,0,32,84,6,122,0,32,87,6,125,46,0,46,171
09/29/2009,SIG,PR,ASO,ES,Federal Contract Tower,0,0,7,0,7,0,0,0,0,0,0,0,7,0,7,124,0,124,131
09/30/2009,SIG,PR,ASO,ES,Federal Contract Tower,0,0,14,1,15,0,40,122,5,167,0,40,136,6,182,106,0,106,288
10/01/2009,SIG,PR,ASO,ES,Federal Contract Tower,0,0,20,0,20,0,37,163,2,202,0,37,183,2,222,120,0,120,342
10/02/2009,SIG,PR,ASO,ES,Federal Contract Tower,0,0,8,0,8,0,40,137,3,180,0,40,145,3,188,162,0,162,350
10/03/2009,SIG,PR,ASO,ES,Federal Contract Tower,0,0,7,0,7,0,22,106,1,129,0,22,113,1,136,61,0,61,197
10/04/2009,SIG,PR,ASO,ES,Federal Contract Tower,0,0,17,0,17,0,31,67,0,98,0,31,84,0,115,34,0,34,149
10/05/2009,SIG,PR,ASO,ES,Federal Contract Tower,0,0,16,0,16,0,36,107,5,148,0,36,123,5,164,94,0,94,258
10/06/2009,SIG,PR,ASO,ES,Federal Contract Tower,0,0,15,0,15,0,33,127,7,167,0,33,142,7,182,122,0,122,304
10/07/2009,SIG,PR,ASO,ES,Federal Contract Tower,0,0,11,1,12,0,36,108,12,156,0,36,119,13,168,58,0,58,226
10/08/2009,SIG,PR,ASO,ES,Federal Contract Tower,0,0,11,1,12,0,44,131,4,179,0,44,142,5,191,80,0,80,271
10/09/2009,SIG,PR,ASO,ES,Federal Contract Tower,0,0,30,0,30,0,47,145,10,202,0,47,175,10,232,104,0,104,336
10/10/2009,SIG,PR,ASO,ES,Federal Contract Tower,0,0,12,0,12,0,23,139,1,163,0,23,151,1,175,70,0,70,245
10/11/2009,SIG,PR,ASO,ES,Federal Contract Tower,0,0,8,0,8,0,31,70,0,101,0,31,78,0,109,38,0,38,147
10/12/2009,SIG,PR,ASO,ES,Federal Contract Tower,0,0,27,0,27,0,45,68,0,113,0,45,95,0,140,24,0,24,164
10/13/2009,SIG,PR,ASO,ES,Federal Contract Tower,0,0,12,0,12,0,38,104,6,148,0,38,116,6,160,108,0,108,268
10/14/2009,SIG,PR,ASO,ES,Federal Contract Tower,0,0,9,0,9,0,40,147,9,196,0,40,156,9,205,144,4,148,353
10/15/2009,SIG,PR,ASO,ES,Federal Contract Tower,0,0,6,0,6,0,43,115,7,165,0,43,121,7,171,54,2,56,227
10/16/2009,SIG,PR,ASO,ES,Federal Contract Tower,0,0,18,1,19,0,44,147,4,195,0,44,165,5,214,144,0,144,358
10/17/2009,SIG,PR,ASO,ES,Federal Contract Tower,0,0,5,0,5,0,26,162,2,190,0,26,167,2,195,110,0,110,305
10/18/2009,SIG,PR,ASO,ES,Federal Contract Tower,0,0,9,0,9,0,35,77,0,112,0,35,86,0,121,52,0,52,173
10/19/2009,SIG,PR,ASO,ES,Federal Contract Tower,0,0,5,1,6,0,37,108,10,155,0,37,113,11,161,98,0,98,259
10/20/2009,SIG,PR,ASO,ES,Federal Contract Tower,0,0,17,0,17,0,36,108,5,149,0,36,125,5,166,52,0,52,218
10/21/2009,SIG,PR,ASO,ES,Federal Contract Tower,0,0,7,0,7,0,36,121,3,160,0,36,128,3,167,138,0,138,305
10/22/2009,SIG,PR,ASO,ES,Federal Contract Tower,0,0,10,1,11,0,37,154,9,200,0,37,164,10,211,118,0,118,329
10/23/2009,SIG,PR,ASO,ES,Federal Contract Tower,0,0,27,0,27,0,37,157,35,229,0,37,184,35,256,42,0,42,298
10/24/2009,SIG,PR,ASO,ES,Federal Contract Tower,0,0,8,0,8,0,26,83,6,115,0,26,91,6,123,32,0,32,155
10/25/2009,SIG,PR,ASO,ES,Federal Contract Tower,0,0,9,0,9,0,39,88,15,142,0,39,97,15,151,10,0,10,161
10/26/2009,SIG,PR,ASO,ES,Federal Contract Tower,0,0,16,0,16,0,30,75,12,117,0,30,91,12,133,34,4,38,171
10/27/2009,SIG,PR,ASO,ES,Federal Contract Tower,0,0,17,0,17,0,33,122,16,171,0,33,139,16,188,96,0,96,284
10/28/2009,SIG,PR,ASO,ES,Federal Contract Tower,0,0,15,0,15,0,42,103,3,148,0,42,118,3,163,88,0,88,251
10/29/2009,SIG,PR,ASO,ES,Federal Contract Tower,0,0,11,0,11,0,41,141,4,186,0,41,152,4,197,124,0,124,321
10/30/2009,SIG,PR,ASO,ES,Federal Contract Tower,0,0,14,0,14,0,44,141,3,188,0,44,155,3,202,114,0,114,316
10/31/2009,SIG,PR,ASO,ES,Federal Contract Tower,0,0,7,0,7,0,25,113,2,140,0,25,120,2,147,65,0,65,212
11/01/2009,SIG,PR,ASO,ES,Federal Contract Tower,0,0,12,0,12,0,25,40,0,65,0,25,52,0,77,4,0,4,81
11/02/2009,SIG,PR,ASO,ES,Federal Contract Tower,0,0,11,0,11,0,39,85,0,124,0,39,96,0,135,144,0,144,279
11/03/2009,SIG,PR,ASO,ES,Federal Contract Tower,0,0,16,0,16,0,38,136,4,178,0,38,152,4,194,98,0,98,292
11/04/2009,SIG,PR,ASO,ES,Federal Contract Tower,0,0,15,1,16,0,40,135,8,183,0,40,150,9,199,96,10,106,305
11/05/2009,SIG,PR,ASO,ES,Federal Contract Tower,0,0,24,1,25,0,44,133,7,184,0,44,157,8,209,60,0,60,269
11/06/2009,SIG,PR,ASO,ES,Federal Contract Tower,0,0,18,2,20,0,42,148,4,194,0,42,166,6,214,132,0,132,346
11/07/2009,SIG,PR,ASO,ES,Federal Contract Tower,0,0,9,0,9,0,26,122,0,148,0,26,131,0,157,92,0,92,249
11/08/2009,SIG,PR,ASO,ES,Federal Contract Tower,0,0,19,1,20,0,40,48,2,90,0,40,67,3,110,16,0,16,126
11/09/2009,SIG,PR,ASO,ES,Federal Contract Tower,0,0,8,2,10,0,30,51,9,90,0,30,59,11,100,18,0,18,118
11/10/2009,SIG,PR,ASO,ES,Federal Contract Tower,0,0,15,2,17,0,37,108,9,154,0,37,123,11,171,88,0,88,259
11/11/2009,SIG,PR,ASO,ES,Federal Contract Tower,0,0,9,0,9,0,35,117,1,153,0,35,126,1,162,94,0,94,256
11/12/2009,SIG,PR,ASO,ES,Federal Contract Tower,0,0,22,0,22,0,50,111,8,169,0,50,133,8,191,84,0,84,275
11/13/2009,SIG,PR,ASO,ES,Federal Contract Tower,0,0,19,1,20,0,46,162,5,213,0,46,181,6,233,132,0,132,365
11/14/2009,SIG,PR,ASO,ES,Federal Contract Tower,0,0,6,1,7,0,26,126,0,152,0,26,132,1,159,92,0,92,251
11/15/2009,SIG,PR,ASO,ES,Federal Contract Tower,0,0,7,0,7,0,32,51,0,83,0,32,58,0,90,10,0,10,100
11/16/2009,SIG,PR,ASO,ES,Federal Contract Tower,0,0,14,0,14,0,25,42,3,70,0,25,56,3,84,6,0,6,90
11/17/2009,SIG,PR,ASO,ES,Federal Contract Tower,0,0,20,0,20,0,38,142,10,190,0,38,162,10,210,108,0,108,318
11/18/2009,SIG,PR,ASO,ES,Federal Contract Tower,0,0,21,0,21,0,36,113,6,155,0,36,134,6,176,96,0,96,272
11/19/2009,SIG,PR,ASO,ES,Federal Contract Tower,0,0,12,0,12,0,36,139,4,179,0,36,151,4,191,100,0,100,291
11/20/2009,SIG,PR,ASO,ES,Federal Contract Tower,0,0,16,2,18,0,30,117,15,162,0,30,133,17,180,108,2,110,290
11/21/2009,SIG,PR,ASO,ES,Federal Contract Tower,0,0,6,0,6,0,28,119,8,155,0,28,125,8,161,74,0,74,235
11/22/2009,SIG,PR,ASO,ES,Federal Contract Tower,0,0,20,0,20,0,43,83,10,136,0,43,103,10,156,24,0,24,180
11/23/2009,SIG,PR,ASO,ES,Federal Contract Tower,0,0,13,0,13,0,47,104,4,155,0,47,117,4,168,126,0,126,294
11/24/2009,SIG,PR,ASO,ES,Federal Contract Tower,0,0,22,0,22,0,42,142,9,193,0,42,164,9,215,100,0,100,315
11/25/2009,SIG,PR,ASO,ES,Federal Contract Tower,0,0,33,1,34,0,40,113,1,154,0,40,146,2,188,90,0,90,278
11/26/2009,SIG,PR,ASO,ES,Federal Contract Tower,0,0,12,0,12,0,39,58,0,97,0,39,70,0,109,18,0,18,127
11/27/2009,SIG,PR,ASO,ES,Federal Contract Tower,0,0,15,0,15,0,43,119,0,162,0,43,134,0,177,76,0,76,253
11/28/2009,SIG,PR,ASO,ES,Federal Contract Tower,1,0,10,0,11,0,41,151,0,192,1,41,161,0,203,50,0,50,253
11/29/2009,SIG,PR,ASO,ES,Federal Contract Tower,0,0,34,0,34,0,0,0,0,0,0,0,34,0,34,0,0,0,34
11/30/2009,SIG,PR,ASO,ES,Federal Contract Tower,0,0,19,0,19,0,55,118,5,178,0,55,137,5,197,44,0,44,241
12/01/2009,SIG,PR,ASO,ES,Federal Contract Tower,0,0,14,0,14,0,41,112,7,160,0,41,126,7,174,58,0,58,232
12/02/2009,SIG,PR,ASO,ES,Federal Contract Tower,0,0,13,0,13,0,40,104,2,146,0,40,117,2,159,62,0,62,221
12/03/2009,SIG,PR,ASO,ES,Federal Contract Tower,0,1,14,0,15,0,44,130,7,181,0,45,144,7,196,60,0,60,256
12/04/2009,SIG,PR,ASO,ES,Federal Contract Tower,0,0,16,0,16,0,43,102,13,158,0,43,118,13,174,48,0,48,222
12/05/2009,SIG,PR,ASO,ES,Federal Contract Tower,0,0,6,0,6,0,45,107,6,158,0,45,113,6,164,68,0,68,232
12/06/2009,SIG,PR,ASO,ES,Federal Contract Tower,0,0,6,0,6,0,26,75,6,107,0,26,81,6,113,40,0,40,153
12/07/2009,SIG,PR,ASO,ES,Federal Contract Tower,0,0,21,1,22,0,38,107,3,148,0,38,128,4,170,38,0,38,208
12/08/2009,SIG,PR,ASO,ES,Federal Contract Tower,0,0,21,2,23,0,33,105,12,150,0,33,126,14,173,78,14,92,265
12/09/2009,SIG,PR,ASO,ES,Federal Contract Tower,0,0,13,0,13,0,42,113,3,158,0,42,126,3,171,86,6,92,263
12/10/2009,SIG,PR,ASO,ES,Federal Contract Tower,0,0,14,0,14,0,42,161,4,207,0,42,175,4,221,78,2,80,301
12/11/2009,SIG,PR,ASO,ES,Federal Contract Tower,0,0,17,0,17,0,44,122,2,168,0,44,139,2,185,64,0,64,249
12/12/2009,SIG,PR,ASO,ES,Federal Contract Tower,0,0,5,0,5,0,37,103,6,146,0,37,108,6,151,78,2,80,231
12/13/2009,SIG,PR,ASO,ES,Federal Contract Tower,0,0,9,0,9,0,39,97,6,142,0,39,106,6,151,54,0,54,205
12/14/2009,SIG,PR,ASO,ES,Federal Contract Tower,0,0,19,1,20,0,44,99,6,149,0,44,118,7,169,44,0,44,213
12/15/2009,SIG,PR,ASO,ES,Federal Contract Tower,0,0,18,0,18,0,42,105,7,154,0,42,123,7,172,62,0,62,234
12/16/2009,SIG,PR,ASO,ES,Federal Contract Tower,0,0,18,0,18,0,44,102,1,147,0,44,120,1,165,64,0,64,229
12/17/2009,SIG,PR,ASO,ES,Federal Contract Tower,0,0,24,0,24,0,57,121,13,191,0,57,145,13,215,64,12,76,291
12/18/2009,SIG,PR,ASO,ES,Federal Contract Tower,0,0,12,1,13,0,53,133,2,188,0,53,145,3,201,94,2,96,297
12/19/2009,SIG,PR,ASO,ES,Federal Contract Tower,0,0,12,0,12,0,40,168,2,210,0,40,180,2,222,84,0,84,306
12/20/2009,SIG,PR,ASO,ES,Federal Contract Tower,0,0,10,0,10,0,48,88,0,136,0,48,98,0,146,58,0,58,204
12/21/2009,SIG,PR,ASO,ES,Federal Contract Tower,0,0,9,0,9,0,43,108,0,151,0,43,117,0,160,62,0,62,222
12/22/2009,SIG,PR,ASO,ES,Federal Contract Tower,0,0,10,1,11,0,50,122,14,186,0,50,132,15,197,112,0,112,309
12/23/2009,SIG,PR,ASO,ES,Federal Contract Tower,0,0,9,0,9,0,46,115,11,172,0,46,124,11,181,44,20,64,245
12/24/2009,SIG,PR,ASO,ES,Federal Contract Tower,0,0,12,0,12,0,51,83,0,134,0,51,95,0,146,30,0,30,176
12/25/2009,SIG,PR,ASO,ES,Federal Contract Tower,0,0,2,0,2,0,23,21,0,44,0,23,23,0,46,0,0,0,46
12/26/2009,SIG,PR,ASO,ES,Federal Contract Tower,0,0,12,0,12,0,45,71,0,116,0,45,83,0,128,22,0,22,150
12/27/2009,SIG,PR,ASO,ES,Federal Contract Tower,0,0,15,0,15,0,43,119,0,162,0,43,134,0,177,76,0,76,253
12/28/2009,SIG,PR,ASO,ES,Federal Contract Tower,0,0,20,0,20,0,60,96,7,163,0,60,116,7,183,58,0,58,241
12/29/2009,SIG,PR,ASO,ES,Federal Contract Tower,0,0,14,0,14,0,48,107,7,162,0,48,121,7,176,56,0,56,232
12/30/2009,SIG,PR,ASO,ES,Federal Contract Tower,0,0,33,0,33,0,22,63,0,85,0,22,96,0,118,12,0,12,130
12/31/2009,SIG,PR,ASO,ES,Federal Contract Tower,0,0,12,0,12,0,53,49,0,102,0,53,61,0,114,22,0,22,136
01/01/2010,SIG,PR,ASO,ES,Federal Contract Tower,0,0,9,0,9,0,25,36,1,62,0,25,45,1,71,16,0,16,87
01/02/2010,SIG,PR,ASO,ES,Federal Contract Tower,0,0,16,0,16,0,46,122,0,168,0,46,138,0,184,50,0,50,234
01/03/2010,SIG,PR,ASO,ES,Federal Contract Tower,0,0,19,0,19,0,47,95,0,142,0,47,114,0,161,46,0,46,207
01/04/2010,SIG,PR,ASO,ES,Federal Contract Tower,0,0,14,0,14,0,53,104,0,157,0,53,118,0,171,62,0,62,233
01/05/2010,SIG,PR,ASO,ES,Federal Contract Tower,0,0,14,0,14,0,45,137,4,186,0,45,151,4,200,88,0,88,288
01/06/2010,SIG,PR,ASO,ES,Federal Contract Tower,0,0,14,0,14,0,45,65,7,117,0,45,79,7,131,0,2,2,133
01/07/2010,SIG,PR,ASO,ES,Federal Contract Tower,0,0,17,0,17,0,6,10,0,16,0,6,27,0,33,0,0,0,33
01/08/2010,SIG,PR,ASO,ES,Federal Contract Tower,0,0,24,0,24,0,47,71,0,118,0,47,95,0,142,14,0,14,156
01/09/2010,SIG,PR,ASO,ES,Federal Contract Tower,0,0,12,0,12,0,39,138,0,177,0,39,150,0,189,72,0,72,261
01/10/2010,SIG,PR,ASO,ES,Federal Contract Tower,0,0,7,0,7,0,26,75,2,103,0,26,82,2,110,46,0,46,156
01/11/2010,SIG,PR,ASO,ES,Federal Contract Tower,0,0,18,0,18,0,36,85,0,121,0,36,103,0,139,40,0,40,179
01/12/2010,SIG,PR,ASO,ES,Federal Contract Tower,0,0,19,0,19,0,38,96,4,138,0,38,115,4,157,102,0,102,259
01/13/2010,SIG,PR,ASO,ES,Federal Contract Tower,0,0,9,1,10,0,39,104,13,156,0,39,113,14,166,16,0,16,182
01/14/2010,SIG,PR,ASO,ES,Federal Contract Tower,0,1,18,0,19,0,17,46,5,68,0,18,64,5,87,2,0,2,89
01/15/2010,SIG,PR,ASO,ES,Federal Contract Tower,0,1,26,0,27,0,11,39,5,55,0,12,65,5,82,8,30,38,120
01/16/2010,SIG,PR,ASO,ES,Federal Contract Tower,0,0,12,0,12,0,25,51,1,77,0,25,63,1,89,16,0,16,105
01/17/2010,SIG,PR,ASO,ES,Federal Contract Tower,0,0,13,0,13,0,31,58,0,89,0,31,71,0,102,0,0,0,102
01/18/2010,SIG,PR,ASO,ES,Federal Contract Tower,0,0,24,1,25,0,66,167,12,245,0,66,191,13,270,136,0,136,406
01/19/2010,SIG,PR,ASO,ES,Federal Contract Tower,0,19,7,0,26,0,0,0,0,0,0,19,7,0,26,0,0,0,26
01/20/2010,SIG,PR,ASO,ES,Federal Contract Tower,0,0,25,0,25,0,48,117,6,171,0,48,142,6,196,50,6,56,252
01/21/2010,SIG,PR,ASO,ES,Federal Contract Tower,0,0,10,0,10,0,42,117,2,161,0,42,127,2,171,92,0,92,263
01/22/2010,SIG,PR,ASO,ES,Federal Contract Tower,0,0,18,0,18,0,53,134,5,192,0,53,152,5,210,106,0,106,316
01/23/2010,SIG,PR,ASO,ES,Federal Contract Tower,0,0,5,0,5,0,26,148,2,176,0,26,153,2,181,108,0,108,289
01/24/2010,SIG,PR,ASO,ES,Federal Contract Tower,0,0,15,0,15,0,43,102,4,149,0,43,117,4,164,36,0,36,200
01/25/2010,SIG,PR,ASO,ES,Federal Contract Tower,0,0,9,0,9,0,29,49,5,83,0,29,58,5,92,6,0,6,98
01/26/2010,SIG,PR,ASO,ES,Federal Contract Tower,0,0,13,0,13,0,40,128,3,171,0,40,141,3,184,82,0,82,266
01/27/2010,SIG,PR,ASO,ES,Federal Contract Tower,0,0,16,1,17,0,44,131,6,181,0,44,147,7,198,66,0,66,264
01/28/2010,SIG,PR,ASO,ES,Federal Contract Tower,0,0,19,0,19,0,49,118,3,170,0,49,137,3,189,54,0,54,243
01/29/2010,SIG,PR,ASO,ES,Federal Contract Tower,0,0,17,1,18,0,51,138,1,190,0,51,155,2,208,116,0,116,324
01/30/2010,SIG,PR,ASO,ES,Federal Contract Tower,0,0,4,0,4,0,33,139,1,173,0,33,143,1,177,58,0,58,235
01/31/2010,SIG,PR,ASO,ES,Federal Contract Tower,0,0,14,0,14,0,27,105,0,132,0,27,119,0,146,34,0,34,180
02/01/2010,SIG,PR,ASO,ES,Federal Contract Tower,0,0,4,0,4,0,42,137,3,182,0,42,141,3,186,96,0,96,282
02/02/2010,SIG,PR,ASO,ES,Federal Contract Tower,0,0,14,1,15,0,44,125,11,180,0,44,139,12,195,112,0,112,307
02/03/2010,SIG,PR,ASO,ES,Federal Contract Tower,0,0,11,0,11,0,45,122,5,172,0,45,133,5,183,66,0,66,249
02/04/2010,SIG,PR,ASO,ES,Federal Contract Tower,0,0,19,1,20,0,47,157,11,215,0,47,176,12,235,142,0,142,377
02/05/2010,SIG,PR,ASO,ES,Federal Contract Tower,0,0,13,0,13,0,48,162,3,213,0,48,175,3,226,128,0,128,354
02/06/2010,SIG,PR,ASO,ES,Federal Contract Tower,0,0,0,0,0,0,0,0,0,0,0,0,0,0,0,0,0,0,0
02/07/2010,SIG,PR,ASO,ES,Federal Contract Tower,0,0,7,0,7,0,29,84,0,113,0,29,91,0,120,48,0,48,168
02/08/2010,SIG,PR,ASO,ES,Federal Contract Tower,0,0,9,0,9,0,52,128,7,187,0,52,137,7,196,82,0,82,278
02/09/2010,SIG,PR,ASO,ES,Federal Contract Tower,0,0,17,1,18,0,46,145,7,198,0,46,162,8,216,94,0,94,310
02/10/2010,SIG,PR,ASO,ES,Federal Contract Tower,0,0,9,0,9,0,46,117,2,165,0,46,126,2,174,92,0,92,266
02/11/2010,SIG,PR,ASO,ES,Federal Contract Tower,0,0,21,0,21,0,49,156,2,207,0,49,177,2,228,108,0,108,336
02/12/2010,SIG,PR,ASO,ES,Federal Contract Tower,0,0,23,1,24,0,55,146,3,204,0,55,169,4,228,87,0,87,315
02/13/2010,SIG,PR,ASO,ES,Federal Contract Tower,0,0,18,0,18,0,24,137,0,161,0,24,155,0,179,74,0,74,253
02/14/2010,SIG,PR,ASO,ES,Federal Contract Tower,0,0,7,0,7,0,32,91,0,123,0,32,98,0,130,28,0,28,158
02/15/2010,SIG,PR,ASO,ES,Federal Contract Tower,0,0,21,0,21,0,49,110,0,159,0,49,131,0,180,46,0,46,226
02/16/2010,SIG,PR,ASO,ES,Federal Contract Tower,0,0,17,0,17,0,47,143,0,190,0,47,160,0,207,114,0,114,321
02/17/2010,SIG,PR,ASO,ES,Federal Contract Tower,0,0,16,0,16,0,49,106,8,163,0,49,122,8,179,124,0,124,303
02/18/2010,SIG,PR,ASO,ES,Federal Contract Tower,0,0,17,1,18,0,50,150,15,215,0,50,167,16,233,196,0,196,429
02/19/2010,SIG,PR,ASO,ES,Federal Contract Tower,0,0,38,0,38,0,64,187,5,256,0,64,225,5,294,208,0,208,502
02/20/2010,SIG,PR,ASO,ES,Federal Contract Tower,0,0,27,0,27,0,34,94,8,136,0,34,121,8,163,98,4,102,265
02/21/2010,SIG,PR,ASO,ES,Federal Contract Tower,0,0,19,1,20,0,40,82,5,127,0,40,101,6,147,68,0,68,215
02/22/2010,SIG,PR,ASO,ES,Federal Contract Tower,0,0,9,0,9,0,0,7,0,7,0,0,16,0,16,0,0,0,16
02/23/2010,SIG,PR,ASO,ES,Federal Contract Tower,0,0,13,0,13,0,44,134,8,186,0,44,147,8,199,86,0,86,285
02/24/2010,SIG,PR,ASO,ES,Federal Contract Tower,0,0,10,0,10,0,62,143,16,221,0,62,153,16,231,90,0,90,321
02/25/2010,SIG,PR,ASO,ES,Federal Contract Tower,0,0,21,0,21,0,62,159,15,236,0,62,180,15,257,100,12,112,369
02/26/2010,SIG,PR,ASO,ES,Federal Contract Tower,0,0,21,4,25,0,71,141,12,224,0,71,162,16,249,174,0,174,423
02/27/2010,SIG,PR,ASO,ES,Federal Contract Tower,0,0,12,0,12,0,40,87,1,128,0,40,99,1,140,36,0,36,176
02/28/2010,SIG,PR,ASO,ES,Federal Contract Tower,0,0,15,0,15,0,40,108,1,149,0,40,123,1,164,40,0,40,204
03/01/2010,SIG,PR,ASO,ES,Federal Contract Tower,0,0,13,0,13,0,57,131,10,198,0,57,144,10,211,94,2,96,307
03/02/2010,SIG,PR,ASO,ES,Federal Contract Tower,0,0,24,1,25,0,52,138,8,198,0,52,162,9,223,84,0,84,307
03/03/2010,SIG,PR,ASO,ES,Federal Contract Tower,0,0,7,1,8,0,51,152,15,218,0,51,159,16,226,98,0,98,324
03/04/2010,SIG,PR,ASO,ES,Federal Contract Tower,0,0,11,4,15,0,57,150,13,220,0,57,161,17,235,212,0,212,447
03/05/2010,SIG,PR,ASO,ES,Federal Contract Tower,0,0,27,2,29,0,44,121,5,170,0,44,148,7,199,110,0,110,309
03/06/2010,SIG,PR,ASO,ES,Federal Contract Tower,0,0,15,0,15,0,18,35,0,53,0,18,50,0,68,30,0,30,98
03/07/2010,SIG,PR,ASO,ES,Federal Contract Tower,0,0,15,0,15,0,26,21,0,47,0,26,36,0,62,10,0,10,72
03/08/2010,SIG,PR,ASO,ES,Federal Contract Tower,0,0,18,0,18,0,58,128,4,190,0,58,146,4,208,116,0,116,324
03/09/2010,SIG,PR,ASO,ES,Federal Contract Tower,0,0,10,0,10,0,55,156,3,214,0,55,166,3,224,200,0,200,424
03/10/2010,SIG,PR,ASO,ES,Federal Contract Tower,0,0,13,0,13,0,55,162,8,225,0,55,175,8,238,168,0,168,406
03/11/2010,SIG,PR,ASO,ES,Federal Contract Tower,0,4,31,2,37,0,20,63,2,85,0,24,94,4,122,10,0,10,132
03/12/2010,SIG,PR,ASO,ES,Federal Contract Tower,0,0,16,0,16,0,59,183,17,259,0,59,199,17,275,162,0,162,437
03/13/2010,SIG,PR,ASO,ES,Federal Contract Tower,0,0,22,0,22,0,40,153,3,196,0,40,175,3,218,194,0,194,412
03/14/2010,SIG,PR,ASO,ES,Federal Contract Tower,0,0,14,0,14,0,44,108,8,160,0,44,122,8,174,90,2,92,266
03/15/2010,SIG,PR,ASO,ES,Federal Contract Tower,0,0,12,0,12,0,50,153,4,207,0,50,165,4,219,150,0,150,369
03/16/2010,SIG,PR,ASO,ES,Federal Contract Tower,0,0,14,1,15,0,57,147,7,211,0,57,161,8,226,190,0,190,416
03/17/2010,SIG,PR,ASO,ES,Federal Contract Tower,0,0,12,0,12,0,48,138,5,191,0,48,150,5,203,156,0,156,359
03/18/2010,SIG,PR,ASO,ES,Federal Contract Tower,0,0,16,0,16,0,41,131,8,180,0,41,147,8,196,152,0,152,348
03/19/2010,SIG,PR,ASO,ES,Federal Contract Tower,0,0,19,0,19,0,59,177,3,239,0,59,196,3,258,146,0,146,404
03/20/2010,SIG,PR,ASO,ES,Federal Contract Tower,0,0,12,0,12,0,53,202,1,256,0,53,214,1,268,180,0,180,448
03/21/2010,SIG,PR,ASO,ES,Federal Contract Tower,0,0,11,1,12,0,33,109,2,144,0,33,120,3,156,88,0,88,244
03/22/2010,SIG,PR,ASO,ES,Federal Contract Tower,0,0,21,0,21,0,60,117,8,185,0,60,138,8,206,112,0,112,318
03/23/2010,SIG,PR,ASO,ES,Federal Contract Tower,0,0,16,0,16,0,48,136,4,188,0,48,152,4,204,118,0,118,322
03/24/2010,SIG,PR,ASO,ES,Federal Contract Tower,0,0,11,0,11,0,56,134,11,201,0,56,145,11,212,136,0,136,348
03/25/2010,SIG,PR,ASO,ES,Federal Contract Tower,0,0,15,0,15,0,60,183,2,245,0,60,198,2,260,182,0,182,442
03/26/2010,SIG,PR,ASO,ES,Federal Contract Tower,0,0,22,0,22,0,50,136,1,187,0,50,158,1,209,86,0,86,295
03/27/2010,SIG,PR,ASO,ES,Federal Contract Tower,0,0,24,0,24,0,43,130,2,175,0,43,154,2,199,88,0,88,287
03/28/2010,SIG,PR,ASO,ES,Federal Contract Tower,0,0,22,0,22,0,50,92,0,142,0,50,114,0,164,52,0,52,216
03/29/2010,SIG,PR,ASO,ES,Federal Contract Tower,0,0,17,0,17,0,54,134,7,195,0,54,151,7,212,126,0,126,338
03/30/2010,SIG,PR,ASO,ES,Federal Contract Tower,0,0,11,0,11,0,43,153,22,218,0,43,164,22,229,108,0,108,337
03/31/2010,SIG,PR,ASO,ES,Federal Contract Tower,0,0,22,0,22,0,53,187,23,263,0,53,209,23,285,124,0,124,409
04/01/2010,SIG,PR,ASO,ES,Federal Contract Tower,0,0,28,0,28,0,72,204,5,281,0,72,232,5,309,158,0,158,467
04/02/2010,SIG,PR,ASO,ES,Federal Contract Tower,0,0,4,0,4,0,59,43,0,102,0,59,47,0,106,0,0,0,106
04/03/2010,SIG,PR,ASO,ES,Federal Contract Tower,0,0,11,0,11,0,0,0,0,0,0,0,11,0,11,0,0,0,11
04/04/2010,SIG,PR,ASO,ES,Federal Contract Tower,0,0,28,0,28,0,66,95,0,161,0,66,123,0,189,22,0,22,211
04/05/2010,SIG,PR,ASO,ES,Federal Contract Tower,0,0,29,0,29,0,49,97,6,152,0,49,126,6,181,38,0,38,219
04/06/2010,SIG,PR,ASO,ES,Federal Contract Tower,0,0,19,0,19,0,45,97,4,146,0,45,116,4,165,68,0,68,233
04/07/2010,SIG,PR,ASO,ES,Federal Contract Tower,0,0,8,0,8,0,48,129,12,189,0,48,137,12,197,146,0,146,343
04/08/2010,SIG,PR,ASO,ES,Federal Contract Tower,0,0,15,1,16,0,54,123,8,185,0,54,138,9,201,190,0,190,391
04/09/2010,SIG,PR,ASO,ES,Federal Contract Tower,0,0,11,0,11,0,58,169,5,232,0,58,180,5,243,142,0,142,385
04/10/2010,SIG,PR,ASO,ES,Federal Contract Tower,0,0,8,1,9,0,38,116,2,156,0,38,124,3,165,78,0,78,243
04/11/2010,SIG,PR,ASO,ES,Federal Contract Tower,0,0,23,0,23,0,46,104,2,152,0,46,127,2,175,56,0,56,231
04/12/2010,SIG,PR,ASO,ES,Federal Contract Tower,0,0,12,0,12,0,42,107,1,150,0,42,119,1,162,82,0,82,244
04/13/2010,SIG,PR,ASO,ES,Federal Contract Tower,0,0,12,2,14,0,46,101,3,150,0,46,113,5,164,138,0,138,302
04/14/2010,SIG,PR,ASO,ES,Federal Contract Tower,0,0,8,1,9,0,40,106,4,150,0,40,114,5,159,162,0,162,321
04/15/2010,SIG,PR,ASO,ES,Federal Contract Tower,0,0,14,0,14,0,48,111,7,166,0,48,125,7,180,168,0,168,348
04/16/2010,SIG,PR,ASO,ES,Federal Contract Tower,0,0,14,0,14,0,57,125,8,190,0,57,139,8,204,112,0,112,316
04/17/2010,SIG,PR,ASO,ES,Federal Contract Tower,0,0,13,1,14,0,43,73,6,122,0,43,86,7,136,62,0,62,198
04/18/2010,SIG,PR,ASO,ES,Federal Contract Tower,0,0,8,0,8,0,31,59,3,93,0,31,67,3,101,46,0,46,147
04/19/2010,SIG,PR,ASO,ES,Federal Contract Tower,0,0,11,0,11,0,42,92,4,138,0,42,103,4,149,72,0,72,221
04/20/2010,SIG,PR,ASO,ES,Federal Contract Tower,0,0,9,0,9,0,45,96,4,145,0,45,105,4,154,122,0,122,276
04/21/2010,SIG,PR,ASO,ES,Federal Contract Tower,0,0,12,2,14,0,46,124,18,188,0,46,136,20,202,118,4,122,324
04/22/2010,SIG,PR,ASO,ES,Federal Contract Tower,0,0,18,0,18,0,62,171,16,249,0,62,189,16,267,112,0,112,379
04/23/2010,SIG,PR,ASO,ES,Federal Contract Tower,0,0,19,0,19,0,49,171,21,241,0,49,190,21,260,146,2,148,408
04/24/2010,SIG,PR,ASO,ES,Federal Contract Tower,0,0,5,0,5,0,45,92,0,137,0,45,97,0,142,160,0,160,302
04/25/2010,SIG,PR,ASO,ES,Federal Contract Tower,0,0,8,0,8,0,47,73,1,121,0,47,81,1,129,50,0,50,179
04/26/2010,SIG,PR,ASO,ES,Federal Contract Tower,0,0,13,0,13,0,45,105,0,150,0,45,118,0,163,132,0,132,295
04/27/2010,SIG,PR,ASO,ES,Federal Contract Tower,0,0,12,0,12,0,61,126,10,197,0,61,138,10,209,90,0,90,299
04/28/2010,SIG,PR,ASO,ES,Federal Contract Tower,0,0,17,0,17,0,45,110,4,159,0,45,127,4,176,122,0,122,298
04/29/2010,SIG,PR,ASO,ES,Federal Contract Tower,0,0,17,0,17,0,51,142,1,194,0,51,159,1,211,88,0,88,299
04/30/2010,SIG,PR,ASO,ES,Federal Contract Tower,0,0,17,1,18,0,54,126,9,189,0,54,143,10,207,132,0,132,339
05/01/2010,SIG,PR,ASO,ES,Federal Contract Tower,0,0,12,0,12,0,44,91,3,138,0,44,103,3,150,42,0,42,192
05/02/2010,SIG,PR,ASO,ES,Federal Contract Tower,0,0,12,0,12,0,39,46,1,86,0,39,58,1,98,6,0,6,104
05/03/2010,SIG,PR,ASO,ES,Federal Contract Tower,0,0,12,0,12,0,57,110,4,171,0,57,122,4,183,90,0,90,273
05/04/2010,SIG,PR,ASO,ES,Federal Contract Tower,0,0,15,1,16,0,51,129,13,193,0,51,144,14,209,100,0,100,309
05/05/2010,SIG,PR,ASO,ES,Federal Contract Tower,0,0,16,1,17,0,47,101,6,154,0,47,117,7,171,128,0,128,299
05/06/2010,SIG,PR,ASO,ES,Federal Contract Tower,0,0,10,1,11,0,68,124,9,201,0,68,134,10,212,196,0,196,408
05/07/2010,SIG,PR,ASO,ES,Federal Contract Tower,0,0,13,0,13,0,56,122,7,185,0,56,135,7,198,194,0,194,392
05/08/2010,SIG,PR,ASO,ES,Federal Contract Tower,0,0,7,0,7,0,43,95,0,138,0,43,102,0,145,74,0,74,219
05/09/2010,SIG,PR,ASO,ES,Federal Contract Tower,0,0,3,0,3,0,30,71,0,101,0,30,74,0,104,18,0,18,122
05/10/2010,SIG,PR,ASO,ES,Federal Contract Tower,0,0,16,0,16,0,51,111,2,164,0,51,127,2,180,92,0,92,272
05/11/2010,SIG,PR,ASO,ES,Federal Contract Tower,0,0,11,0,11,0,50,164,11,225,0,50,175,11,236,142,0,142,378
05/12/2010,SIG,PR,ASO,ES,Federal Contract Tower,0,0,16,0,16,0,62,151,11,224,0,62,167,11,240,164,0,164,404
05/13/2010,SIG,PR,ASO,ES,Federal Contract Tower,0,0,9,0,9,0,50,123,2,175,0,50,132,2,184,216,0,216,400
05/14/2010,SIG,PR,ASO,ES,Federal Contract Tower,0,0,11,1,12,0,50,102,0,152,0,50,113,1,164,154,0,154,318
05/15/2010,SIG,PR,ASO,ES,Federal Contract Tower,0,0,3,0,3,0,42,108,0,150,0,42,111,0,153,88,0,88,241
05/16/2010,SIG,PR,ASO,ES,Federal Contract Tower,0,0,9,0,9,0,42,54,0,96,0,42,63,0,105,42,0,42,147
05/17/2010,SIG,PR,ASO,ES,Federal Contract Tower,0,0,16,1,17,0,47,63,7,117,0,47,79,8,134,46,0,46,180
05/18/2010,SIG,PR,ASO,ES,Federal Contract Tower,0,0,14,0,14,0,49,109,12,170,0,49,123,12,184,146,0,146,330
05/19/2010,SIG,PR,ASO,ES,Federal Contract Tower,0,0,20,0,20,0,45,122,12,179,0,45,142,12,199,214,0,214,413
05/20/2010,SIG,PR,ASO,ES,Federal Contract Tower,0,0,8,1,9,0,57,159,3,219,0,57,167,4,228,192,0,192,420
05/21/2010,SIG,PR,ASO,ES,Federal Contract Tower,0,0,13,1,14,0,60,164,4,228,0,60,177,5,242,238,0,238,480
05/22/2010,SIG,PR,ASO,ES,Federal Contract Tower,0,0,10,0,10,0,49,102,0,151,0,49,112,0,161,96,0,96,257
05/23/2010,SIG,PR,ASO,ES,Federal Contract Tower,0,0,19,0,19,0,28,77,0,105,0,28,96,0,124,38,0,38,162
05/24/2010,SIG,PR,ASO,ES,Federal Contract Tower,0,0,13,0,13,0,53,105,5,163,0,53,118,5,176,84,0,84,260
05/25/2010,SIG,PR,ASO,ES,Federal Contract Tower,0,0,11,0,11,0,57,120,7,184,0,57,131,7,195,86,0,86,281
05/26/2010,SIG,PR,ASO,ES,Federal Contract Tower,0,0,33,1,34,0,47,132,15,194,0,47,165,16,228,194,0,194,422
05/27/2010,SIG,PR,ASO,ES,Federal Contract Tower,0,0,20,0,20,0,47,142,11,200,0,47,162,11,220,162,0,162,382
05/28/2010,SIG,PR,ASO,ES,Federal Contract Tower,0,0,21,0,21,0,51,115,5,171,0,51,136,5,192,140,0,140,332
05/29/2010,SIG,PR,ASO,ES,Federal Contract Tower,0,0,12,0,12,0,44,79,0,123,0,44,91,0,135,46,0,46,181
05/30/2010,SIG,PR,ASO,ES,Federal Contract Tower,0,0,9,0,9,0,41,68,0,109,0,41,77,0,118,72,0,72,190
05/31/2010,SIG,PR,ASO,ES,Federal Contract Tower,0,0,28,0,28,0,50,161,0,211,0,50,189,0,239,80,0,80,319
06/01/2010,SIG,PR,ASO,ES,Federal Contract Tower,0,0,21,0,21,0,52,102,5,159,0,52,123,5,180,96,0,96,276
06/02/2010,SIG,PR,ASO,ES,Federal Contract Tower,0,0,6,0,6,0,52,91,1,144,0,52,97,1,150,176,0,176,326
06/03/2010,SIG,PR,ASO,ES,Federal Contract Tower,0,0,17,2,19,0,64,147,14,225,0,64,164,16,244,256,0,256,500
06/04/2010,SIG,PR,ASO,ES,Federal Contract Tower,0,0,13,0,13,0,52,162,21,235,0,52,175,21,248,78,0,78,326
06/05/2010,SIG,PR,ASO,ES,Federal Contract Tower,0,0,12,1,13,0,51,91,0,142,0,51,103,1,155,152,0,152,307
06/06/2010,SIG,PR,ASO,ES,Federal Contract Tower,0,0,10,0,10,0,37,90,3,130,0,37,100,3,140,48,0,48,188
06/07/2010,SIG,PR,ASO,ES,Federal Contract Tower,0,0,9,0,9,0,55,125,11,191,0,55,134,11,200,118,0,118,318
06/08/2010,SIG,PR,ASO,ES,Federal Contract Tower,0,0,14,0,14,0,53,125,6,184,0,53,139,6,198,124,0,124,322
06/09/2010,SIG,PR,ASO,ES,Federal Contract Tower,0,0,21,1,22,0,47,157,20,224,0,47,178,21,246,234,0,234,480
06/10/2010,SIG,PR,ASO,ES,Federal Contract Tower,0,0,14,0,14,0,52,174,11,237,0,52,188,11,251,178,0,178,429
06/11/2010,SIG,PR,ASO,ES,Federal Contract Tower,0,0,7,0,7,0,58,153,18,229,0,58,160,18,236,102,0,102,338
06/12/2010,SIG,PR,ASO,ES,Federal Contract Tower,0,0,1,1,2,0,54,141,12,207,0,54,142,13,209,70,0,70,279
06/13/2010,SIG,PR,ASO,ES,Federal Contract Tower,0,2,8,0,10,0,44,92,4,140,0,46,100,4,150,50,0,50,200
06/14/2010,SIG,PR,ASO,ES,Federal Contract Tower,0,0,11,0,11,0,51,121,14,186,0,51,132,14,197,114,2,116,313
06/15/2010,SIG,PR,ASO,ES,Federal Contract Tower,0,0,17,0,17,0,48,135,16,199,0,48,152,16,216,166,0,166,382
06/16/2010,SIG,PR,ASO,ES,Federal Contract Tower,0,0,12,1,13,0,42,145,10,197,0,42,157,11,210,164,0,164,374
06/17/2010,SIG,PR,ASO,ES,Federal Contract Tower,0,0,14,0,14,0,44,75,5,124,0,44,89,5,138,172,0,172,310
06/18/2010,SIG,PR,ASO,ES,Federal Contract Tower,0,0,13,0,13,0,48,133,6,187,0,48,146,6,200,134,0,134,334
06/19/2010,SIG,PR,ASO,ES,Federal Contract Tower,0,0,9,0,9,0,36,72,0,108,0,36,81,0,117,34,0,34,151
06/20/2010,SIG,PR,ASO,ES,Federal Contract Tower,0,0,7,0,7,0,31,42,0,73,0,31,49,0,80,2,0,2,82
06/21/2010,SIG,PR,ASO,ES,Federal Contract Tower,0,1,16,1,18,0,41,57,1,99,0,42,73,2,117,56,0,56,173
06/22/2010,SIG,PR,ASO,ES,Federal Contract Tower,0,0,20,0,20,0,41,98,2,141,0,41,118,2,161,110,0,110,271
06/23/2010,SIG,PR,ASO,ES,Federal Contract Tower,0,0,7,0,7,0,39,82,1,122,0,39,89,1,129,64,0,64,193
06/24/2010,SIG,PR,ASO,ES,Federal Contract Tower,0,0,15,0,15,0,43,96,6,145,0,43,111,6,160,114,0,114,274
06/25/2010,SIG,PR,ASO,ES,Federal Contract Tower,0,0,11,0,11,0,52,92,0,144,0,52,103,0,155,192,0,192,347
06/26/2010,SIG,PR,ASO,ES,Federal Contract Tower,0,0,2,0,2,0,42,121,21,184,0,42,123,21,186,156,0,156,342
06/27/2010,SIG,PR,ASO,ES,Federal Contract Tower,0,0,10,0,10,0,39,75,0,114,0,39,85,0,124,46,0,46,170
06/28/2010,SIG,PR,ASO,ES,Federal Contract Tower,0,0,9,1,10,0,48,99,3,150,0,48,108,4,160,62,0,62,222
06/29/2010,SIG,PR,ASO,ES,Federal Contract Tower,0,0,11,0,11,0,56,128,4,188,0,56,139,4,199,108,0,108,307
06/30/2010,SIG,PR,ASO,ES,Federal Contract Tower,0,0,14,0,14,0,39,156,7,202,0,39,170,7,216,166,0,166,382
07/01/2010,SIG,PR,ASO,ES,Federal Contract Tower,0,0,17,1,18,0,54,153,14,221,0,54,170,15,239,138,0,138,377
07/02/2010,SIG,PR,ASO,ES,Federal Contract Tower,0,0,34,2,36,0,54,181,17,252,0,54,215,19,288,98,0,98,386
07/03/2010,SIG,PR,ASO,ES,Federal Contract Tower,0,0,7,0,7,0,47,93,0,140,0,47,100,0,147,106,0,106,253
07/04/2010,SIG,PR,ASO,ES,Federal Contract Tower,0,0,2,0,2,0,29,78,0,107,0,29,80,0,109,28,0,28,137
07/05/2010,SIG,PR,ASO,ES,Federal Contract Tower,0,0,28,0,28,0,46,115,0,161,0,46,143,0,189,42,0,42,231
07/06/2010,SIG,PR,ASO,ES,Federal Contract Tower,0,0,16,0,16,0,43,102,3,148,0,43,118,3,164,80,10,90,254
07/07/2010,SIG,PR,ASO,ES,Federal Contract Tower,0,0,19,3,22,0,38,114,13,165,0,38,133,16,187,172,0,172,359
07/08/2010,SIG,PR,ASO,ES,Federal Contract Tower,0,0,18,0,18,0,51,156,11,218,0,51,174,11,236,138,0,138,374
07/09/2010,SIG,PR,ASO,ES,Federal Contract Tower,0,0,15,0,15,0,37,148,0,185,0,37,163,0,200,146,0,146,346
07/10/2010,SIG,PR,ASO,ES,Federal Contract Tower,0,0,11,0,11,0,34,113,0,147,0,34,124,0,158,84,0,84,242
07/11/2010,SIG,PR,ASO,ES,Federal Contract Tower,0,0,11,0,11,0,38,70,1,109,0,38,81,1,120,28,0,28,148
07/12/2010,SIG,PR,ASO,ES,Federal Contract Tower,0,0,14,0,14,0,46,112,9,167,0,46,126,9,181,104,0,104,285
07/13/2010,SIG,PR,ASO,ES,Federal Contract Tower,0,0,18,1,19,0,50,168,12,230,0,50,186,13,249,160,0,160,409
07/14/2010,SIG,PR,ASO,ES,Federal Contract Tower,0,0,15,0,15,0,41,129,3,173,0,41,144,3,188,152,6,158,346
07/15/2010,SIG,PR,ASO,ES,Federal Contract Tower,0,0,7,2,9,0,46,128,8,182,0,46,135,10,191,190,0,190,381
07/16/2010,SIG,PR,ASO,ES,Federal Contract Tower,0,0,18,0,18,0,50,105,5,160,0,50,123,5,178,42,0,42,220
07/17/2010,SIG,PR,ASO,ES,Federal Contract Tower,0,0,10,0,10,0,46,107,0,153,0,46,117,0,163,68,0,68,231
07/18/2010,SIG,PR,ASO,ES,Federal Contract Tower,0,0,14,3,17,0,43,76,10,129,0,43,90,13,146,6,0,6,152
07/19/2010,SIG,PR,ASO,ES,Federal Contract Tower,0,1,35,2,38,0,44,90,1,135,0,45,125,3,173,28,0,28,201
07/20/2010,SIG,PR,ASO,ES,Federal Contract Tower,0,0,18,1,19,0,37,85,2,124,0,37,103,3,143,38,0,38,181
07/21/2010,SIG,PR,ASO,ES,Federal Contract Tower,0,0,12,0,12,0,40,104,5,149,0,40,116,5,161,32,0,32,193
07/22/2010,SIG,PR,ASO,ES,Federal Contract Tower,0,0,13,0,13,0,57,104,6,167,0,57,117,6,180,100,0,100,280
07/23/2010,SIG,PR,ASO,ES,Federal Contract Tower,0,1,26,0,27,0,58,121,9,188,0,59,147,9,215,60,2,62,277
07/24/2010,SIG,PR,ASO,ES,Federal Contract Tower,0,0,13,0,13,0,37,101,0,138,0,37,114,0,151,80,0,80,231
07/25/2010,SIG,PR,ASO,ES,Federal Contract Tower,0,0,11,0,11,0,44,81,9,134,0,44,92,9,145,38,0,38,183
07/26/2010,SIG,PR,ASO,ES,Federal Contract Tower,0,0,17,2,19,0,58,152,11,221,0,58,169,13,240,158,0,158,398
07/27/2010,SIG,PR,ASO,ES,Federal Contract Tower,0,0,13,0,13,0,53,142,14,209,0,53,155,14,222,108,0,108,330
07/28/2010,SIG,PR,ASO,ES,Federal Contract Tower,0,0,16,0,16,0,47,119,11,177,0,47,135,11,193,128,0,128,321
07/29/2010,SIG,PR,ASO,ES,Federal Contract Tower,0,0,20,1,21,0,53,140,10,203,0,53,160,11,224,136,0,136,360
07/30/2010,SIG,PR,ASO,ES,Federal Contract Tower,0,0,9,0,9,0,42,125,0,167,0,42,134,0,176,74,0,74,250
07/31/2010,SIG,PR,ASO,ES,Federal Contract Tower,0,0,15,0,15,0,38,161,0,199,0,38,176,0,214,164,0,164,378
08/01/2010,SIG,PR,ASO,ES,Federal Contract Tower,0,0,10,0,10,0,40,84,2,126,0,40,94,2,136,72,0,72,208
08/02/2010,SIG,PR,ASO,ES,Federal Contract Tower,0,0,21,1,22,0,59,137,19,215,0,59,158,20,237,122,2,124,361
08/03/2010,SIG,PR,ASO,ES,Federal Contract Tower,0,0,10,1,11,0,56,143,20,219,0,56,153,21,230,154,0,154,384
08/04/2010,SIG,PR,ASO,ES,Federal Contract Tower,0,0,9,0,9,0,46,128,7,181,0,46,137,7,190,146,0,146,336
08/05/2010,SIG,PR,ASO,ES,Federal Contract Tower,0,0,10,0,10,0,0,172,7,179,0,0,182,7,189,164,0,164,353
08/06/2010,SIG,PR,ASO,ES,Federal Contract Tower,0,0,11,0,11,0,65,160,8,233,0,65,171,8,244,138,0,138,382
08/07/2010,SIG,PR,ASO,ES,Federal Contract Tower,0,0,17,0,17,0,45,132,4,181,0,45,149,4,198,112,2,114,312
08/08/2010,SIG,PR,ASO,ES,Federal Contract Tower,0,0,10,0,10,0,33,102,0,135,0,33,112,0,145,2,0,2,147
08/09/2010,SIG,PR,ASO,ES,Federal Contract Tower,0,0,9,0,9,0,47,82,0,129,0,47,91,0,138,44,0,44,182
08/10/2010,SIG,PR,ASO,ES,Federal Contract Tower,0,0,16,0,16,0,57,103,5,165,0,57,119,5,181,80,0,80,261
08/11/2010,SIG,PR,ASO,ES,Federal Contract Tower,0,0,18,0,18,0,47,142,15,204,0,47,160,15,222,128,6,134,356
08/12/2010,SIG,PR,ASO,ES,Federal Contract Tower,0,0,16,0,16,0,49,126,7,182,0,49,142,7,198,148,0,148,346
08/13/2010,SIG,PR,ASO,ES,Federal Contract Tower,0,0,22,1,23,0,48,150,11,209,0,48,172,12,232,150,0,150,382
08/14/2010,SIG,PR,ASO,ES,Federal Contract Tower,0,0,5,1,6,0,32,117,0,149,0,32,122,1,155,82,0,82,237
08/15/2010,SIG,PR,ASO,ES,Federal Contract Tower,0,0,12,0,12,0,29,99,0,128,0,29,111,0,140,64,0,64,204
08/16/2010,SIG,PR,ASO,ES,Federal Contract Tower,0,0,13,0,13,0,65,137,3,205,0,65,150,3,218,132,0,132,350
08/17/2010,SIG,PR,ASO,ES,Federal Contract Tower,0,0,20,0,20,0,45,107,5,157,0,45,127,5,177,126,0,126,303
08/18/2010,SIG,PR,ASO,ES,Federal Contract Tower,0,0,13,0,13,0,46,129,3,178,0,46,142,3,191,96,0,96,287
08/19/2010,SIG,PR,ASO,ES,Federal Contract Tower,0,0,13,0,13,0,45,128,5,178,0,45,141,5,191,246,0,246,437
08/20/2010,SIG,PR,ASO,ES,Federal Contract Tower,0,0,18,0,18,0,62,175,5,242,0,62,193,5,260,132,0,132,392
08/21/2010,SIG,PR,ASO,ES,Federal Contract Tower,0,0,3,0,3,0,36,119,0,155,0,36,122,0,158,88,0,88,246
08/22/2010,SIG,PR,ASO,ES,Federal Contract Tower,0,0,14,0,14,0,40,99,4,143,0,40,113,4,157,34,0,34,191
08/23/2010,SIG,PR,ASO,ES,Federal Contract Tower,0,0,10,0,10,0,53,116,12,181,0,53,126,12,191,88,0,88,279
08/24/2010,SIG,PR,ASO,ES,Federal Contract Tower,0,0,9,0,9,0,47,173,13,233,0,47,182,13,242,170,4,174,416
08/25/2010,SIG,PR,ASO,ES,Federal Contract Tower,0,0,15,1,16,0,50,159,17,226,0,50,174,18,242,180,4,184,426
08/26/2010,SIG,PR,ASO,ES,Federal Contract Tower,0,0,16,0,16,0,50,143,0,193,0,50,159,0,209,140,0,140,349
08/27/2010,SIG,PR,ASO,ES,Federal Contract Tower,0,0,7,2,9,0,54,135,9,198,0,54,142,11,207,118,0,118,325
08/28/2010,SIG,PR,ASO,ES,Federal Contract Tower,0,0,4,0,4,0,30,127,0,157,0,30,131,0,161,96,0,96,257
08/29/2010,SIG,PR,ASO,ES,Federal Contract Tower,0,0,16,0,16,0,20,119,9,148,0,20,135,9,164,26,0,26,190
08/30/2010,SIG,PR,ASO,ES,Federal Contract Tower,0,0,0,0,0,0,7,13,0,20,0,7,13,0,20,0,0,0,20
08/31/2010,SIG,PR,ASO,ES,Federal Contract Tower,0,0,8,0,8,0,18,60,14,92,0,18,68,14,100,16,0,16,116
09/01/2010,SIG,PR,ASO,ES,Federal Contract Tower,0,0,8,0,8,0,42,117,18,177,0,42,125,18,185,58,0,58,243
09/02/2010,SIG,PR,ASO,ES,Federal Contract Tower,0,0,8,0,8,0,51,144,16,211,0,51,152,16,219,128,0,128,347
09/03/2010,SIG,PR,ASO,ES,Federal Contract Tower,0,0,18,0,18,0,55,178,15,248,0,55,196,15,266,138,0,138,404
09/04/2010,SIG,PR,ASO,ES,Federal Contract Tower,0,0,11,0,11,0,43,138,2,183,0,43,149,2,194,112,0,112,306
09/05/2010,SIG,PR,ASO,ES,Federal Contract Tower,0,0,3,0,3,0,22,59,0,81,0,22,62,0,84,46,0,46,130
09/06/2010,SIG,PR,ASO,ES,Federal Contract Tower,0,0,13,0,13,0,50,132,0,182,0,50,145,0,195,36,0,36,231
09/07/2010,SIG,PR,ASO,ES,Federal Contract Tower,0,0,18,2,20,0,38,90,11,139,0,38,108,13,159,72,0,72,231
09/08/2010,SIG,PR,ASO,ES,Federal Contract Tower,0,0,8,1,9,0,42,141,12,195,0,42,149,13,204,124,0,124,328
09/09/2010,SIG,PR,ASO,ES,Federal Contract Tower,0,0,9,0,9,0,53,148,6,207,0,53,157,6,216,174,0,174,390
09/10/2010,SIG,PR,ASO,ES,Federal Contract Tower,0,0,13,0,13,0,33,134,9,176,0,33,147,9,189,188,0,188,377
09/11/2010,SIG,PR,ASO,ES,Federal Contract Tower,0,0,6,0,6,0,33,77,9,119,0,33,83,9,125,104,0,104,229
09/12/2010,SIG,PR,ASO,ES,Federal Contract Tower,0,0,15,0,15,0,29,61,9,99,0,29,76,9,114,46,0,46,160
09/13/2010,SIG,PR,ASO,ES,Federal Contract Tower,0,0,8,0,8,0,34,114,12,160,0,34,122,12,168,68,0,68,236
09/14/2010,SIG,PR,ASO,ES,Federal Contract Tower,0,0,9,1,10,0,47,138,11,196,0,47,147,12,206,108,0,108,314
09/15/2010,SIG,PR,ASO,ES,Federal Contract Tower,0,0,9,1,10,0,42,128,15,185,0,42,137,16,195,108,0,108,303
09/16/2010,SIG,PR,ASO,ES,Federal Contract Tower,0,0,12,1,13,0,41,123,7,171,0,41,135,8,184,102,0,102,286
09/17/2010,SIG,PR,ASO,ES,Federal Contract Tower,0,0,15,0,15,0,51,157,4,212,0,51,172,4,227,160,0,160,387
09/18/2010,SIG,PR,ASO,ES,Federal Contract Tower,0,0,5,0,5,0,37,128,1,166,0,37,133,1,171,146,0,146,317
09/19/2010,SIG,PR,ASO,ES,Federal Contract Tower,0,0,9,0,9,0,41,100,0,141,0,41,109,0,150,104,0,104,254
09/20/2010,SIG,PR,ASO,ES,Federal Contract Tower,0,0,11,0,11,0,43,123,3,169,0,43,134,3,180,42,0,42,222
09/21/2010,SIG,PR,ASO,ES,Federal Contract Tower,0,0,15,0,15,0,32,101,3,136,0,32,116,3,151,58,0,58,209
09/22/2010,SIG,PR,ASO,ES,Federal Contract Tower,0,0,20,1,21,0,35,136,6,177,0,35,156,7,198,102,0,102,300
09/23/2010,SIG,PR,ASO,ES,Federal Contract Tower,0,0,21,1,22,0,35,110,8,153,0,35,131,9,175,100,0,100,275
09/24/2010,SIG,PR,ASO,ES,Federal Contract Tower,0,0,9,0,9,0,51,137,0,188,0,51,146,0,197,144,0,144,341
09/25/2010,SIG,PR,ASO,ES,Federal Contract Tower,0,0,11,0,11,0,24,129,0,153,0,24,140,0,164,64,0,64,228
09/26/2010,SIG,PR,ASO,ES,Federal Contract Tower,0,0,9,0,9,0,35,87,0,122,0,35,96,0,131,18,0,18,149
09/27/2010,SIG,PR,ASO,ES,Federal Contract Tower,0,0,13,0,13,0,47,133,4,184,0,47,146,4,197,154,0,154,351
09/28/2010,SIG,PR,ASO,ES,Federal Contract Tower,0,0,10,0,10,0,46,123,8,177,0,46,133,8,187,128,4,132,319
09/29/2010,SIG,PR,ASO,ES,Federal Contract Tower,0,0,4,1,5,0,30,123,4,157,0,30,127,5,162,84,0,84,246
09/30/2010,SIG,PR,ASO,ES,Federal Contract Tower,0,0,18,1,19,0,30,106,0,136,0,30,124,1,155,40,0,40,195
10/01/2010,SIG,PR,ASO,ES,Federal Contract Tower,0,1,14,2,17,0,22,94,3,119,0,23,108,5,136,82,0,82,218
10/02/2010,SIG,PR,ASO,ES,Federal Contract Tower,0,0,0,0,0,0,26,52,0,78,0,26,52,0,78,8,0,8,86
10/03/2010,SIG,PR,ASO,ES,Federal Contract Tower,0,0,5,0,5,0,28,63,0,91,0,28,68,0,96,38,0,38,134
10/04/2010,SIG,PR,ASO,ES,Federal Contract Tower,0,0,7,0,7,0,32,108,5,145,0,32,115,5,152,148,0,148,300
10/05/2010,SIG,PR,ASO,ES,Federal Contract Tower,0,4,8,0,12,0,31,109,6,146,0,35,117,6,158,114,0,114,272
10/06/2010,SIG,PR,ASO,ES,Federal Contract Tower,0,2,14,2,18,0,32,103,13,148,0,34,117,15,166,92,4,96,262
10/07/2010,SIG,PR,ASO,ES,Federal Contract Tower,0,1,19,0,20,0,37,99,5,141,0,38,118,5,161,86,4,90,251
10/08/2010,SIG,PR,ASO,ES,Federal Contract Tower,0,0,21,0,21,0,38,100,1,139,0,38,121,1,160,60,0,60,220
10/09/2010,SIG,PR,ASO,ES,Federal Contract Tower,0,0,8,0,8,0,32,110,11,153,0,32,118,11,161,98,0,98,259
10/10/2010,SIG,PR,ASO,ES,Federal Contract Tower,0,0,11,0,11,0,29,76,0,105,0,29,87,0,116,20,0,20,136
10/11/2010,SIG,PR,ASO,ES,Federal Contract Tower,0,0,16,0,16,0,42,123,1,166,0,42,139,1,182,104,0,104,286
10/12/2010,SIG,PR,ASO,ES,Federal Contract Tower,0,0,11,1,12,0,48,145,15,208,0,48,156,16,220,166,0,166,386
10/13/2010,SIG,PR,ASO,ES,Federal Contract Tower,0,0,9,1,10,0,33,126,6,165,0,33,135,7,175,94,0,94,269
10/14/2010,SIG,PR,ASO,ES,Federal Contract Tower,0,0,11,1,12,0,40,153,5,198,0,40,164,6,210,122,0,122,332
10/15/2010,SIG,PR,ASO,ES,Federal Contract Tower,0,0,11,0,11,0,37,160,6,203,0,37,171,6,214,66,0,66,280
10/16/2010,SIG,PR,ASO,ES,Federal Contract Tower,0,0,5,0,5,0,25,124,6,155,0,25,129,6,160,42,0,42,202
10/17/2010,SIG,PR,ASO,ES,Federal Contract Tower,0,0,5,0,5,0,25,65,6,96,0,25,70,6,101,22,0,22,123
10/18/2010,SIG,PR,ASO,ES,Federal Contract Tower,0,0,9,0,9,0,48,144,5,197,0,48,153,5,206,126,0,126,332
10/19/2010,SIG,PR,ASO,ES,Federal Contract Tower,0,0,5,3,8,0,31,120,9,160,0,31,125,12,168,90,0,90,258
10/20/2010,SIG,PR,ASO,ES,Federal Contract Tower,0,0,8,2,10,0,39,139,7,185,0,39,147,9,195,196,0,196,391
10/21/2010,SIG,PR,ASO,ES,Federal Contract Tower,0,0,10,0,10,0,34,179,8,221,0,34,189,8,231,144,0,144,375
10/22/2010,SIG,PR,ASO,ES,Federal Contract Tower,0,0,10,0,10,0,43,186,8,237,0,43,196,8,247,166,0,166,413
10/23/2010,SIG,PR,ASO,ES,Federal Contract Tower,0,0,5,0,5,0,26,107,0,133,0,26,112,0,138,78,0,78,216
10/24/2010,SIG,PR,ASO,ES,Federal Contract Tower,0,0,11,0,11,0,28,79,0,107,0,28,90,0,118,14,0,14,132
10/25/2010,SIG,PR,ASO,ES,Federal Contract Tower,0,0,13,0,13,0,46,133,2,181,0,46,146,2,194,134,0,134,328
10/26/2010,SIG,PR,ASO,ES,Federal Contract Tower,0,0,11,1,12,0,36,128,17,181,0,36,139,18,193,104,0,104,297
10/27/2010,SIG,PR,ASO,ES,Federal Contract Tower,0,0,7,1,8,0,33,133,10,176,0,33,140,11,184,148,0,148,332
10/28/2010,SIG,PR,ASO,ES,Federal Contract Tower,0,0,12,1,13,0,34,158,0,192,0,34,170,1,205,86,0,86,291
10/29/2010,SIG,PR,ASO,ES,Federal Contract Tower,0,0,16,0,16,0,35,137,13,185,0,35,153,13,201,92,0,92,293
10/30/2010,SIG,PR,ASO,ES,Federal Contract Tower,0,0,13,0,13,0,28,129,0,157,0,28,142,0,170,124,0,124,294
10/31/2010,SIG,PR,ASO,ES,Federal Contract Tower,0,0,9,0,9,0,22,82,0,104,0,22,91,0,113,113,0,113,226
11/01/2010,SIG,PR,ASO,ES,Federal Contract Tower,0,0,3,1,4,0,35,90,0,125,0,35,93,1,129,88,0,88,217
11/02/2010,SIG,PR,ASO,ES,Federal Contract Tower,0,0,9,0,9,0,33,98,2,133,0,33,107,2,142,48,0,48,190
11/03/2010,SIG,PR,ASO,ES,Federal Contract Tower,0,0,12,0,12,0,27,110,4,141,0,27,122,4,153,80,0,80,233
11/04/2010,SIG,PR,ASO,ES,Federal Contract Tower,0,0,8,1,9,0,35,111,1,147,0,35,119,2,156,166,0,166,322
11/05/2010,SIG,PR,ASO,ES,Federal Contract Tower,0,0,8,0,8,0,38,129,5,172,0,38,137,5,180,106,0,106,286
11/06/2010,SIG,PR,ASO,ES,Federal Contract Tower,0,0,3,0,3,0,37,106,0,143,0,37,109,0,146,136,0,136,282
11/07/2010,SIG,PR,ASO,ES,Federal Contract Tower,0,0,8,0,8,0,35,74,4,113,0,35,82,4,121,30,0,30,151
11/08/2010,SIG,PR,ASO,ES,Federal Contract Tower,0,0,12,0,12,0,43,117,4,164,0,43,129,4,176,178,0,178,354
11/09/2010,SIG,PR,ASO,ES,Federal Contract Tower,0,1,3,4,8,0,35,99,9,143,0,36,102,13,151,106,0,106,257
11/10/2010,SIG,PR,ASO,ES,Federal Contract Tower,0,0,15,0,15,0,38,128,11,177,0,38,143,11,192,114,0,114,306
11/11/2010,SIG,PR,ASO,ES,Federal Contract Tower,0,0,26,1,27,0,30,72,15,117,0,30,98,16,144,92,0,92,236
11/12/2010,SIG,PR,ASO,ES,Federal Contract Tower,0,0,10,0,10,0,34,120,3,157,0,34,130,3,167,128,0,128,295
11/13/2010,SIG,PR,ASO,ES,Federal Contract Tower,0,0,9,0,9,0,25,107,3,135,0,25,116,3,144,108,0,108,252
11/14/2010,SIG,PR,ASO,ES,Federal Contract Tower,0,0,8,0,8,0,31,90,1,122,0,31,98,1,130,78,0,78,208
11/15/2010,SIG,PR,ASO,ES,Federal Contract Tower,0,0,10,0,10,0,39,133,1,173,0,39,143,1,183,134,0,134,317
11/16/2010,SIG,PR,ASO,ES,Federal Contract Tower,0,0,9,0,9,0,32,123,6,161,0,32,132,6,170,106,0,106,276
11/17/2010,SIG,PR,ASO,ES,Federal Contract Tower,0,0,15,0,15,0,30,112,2,144,0,30,127,2,159,106,0,106,265
11/18/2010,SIG,PR,ASO,ES,Federal Contract Tower,0,0,15,0,15,0,45,156,9,210,0,45,171,9,225,96,10,106,331
11/19/2010,SIG,PR,ASO,ES,Federal Contract Tower,0,0,25,0,25,0,44,182,8,234,0,44,207,8,259,170,4,174,433
11/20/2010,SIG,PR,ASO,ES,Federal Contract Tower,0,0,13,0,13,0,35,123,7,165,0,35,136,7,178,160,0,160,338
11/21/2010,SIG,PR,ASO,ES,Federal Contract Tower,0,0,15,0,15,0,37,83,0,120,0,37,98,0,135,38,0,38,173
11/22/2010,SIG,PR,ASO,ES,Federal Contract Tower,0,0,19,0,19,0,47,102,6,155,0,47,121,6,174,46,0,46,220
11/23/2010,SIG,PR,ASO,ES,Federal Contract Tower,0,0,24,1,25,0,43,111,3,157,0,43,135,4,182,162,0,162,344
11/24/2010,SIG,PR,ASO,ES,Federal Contract Tower,0,0,33,0,33,0,62,203,8,273,0,62,236,8,306,134,2,136,442
11/25/2010,SIG,PR,ASO,ES,Federal Contract Tower,0,0,1,0,1,0,39,53,0,92,0,39,54,0,93,16,0,16,109
11/26/2010,SIG,PR,ASO,ES,Federal Contract Tower,0,0,6,0,6,0,46,116,0,162,0,46,122,0,168,122,0,122,290
11/27/2010,SIG,PR,ASO,ES,Federal Contract Tower,0,0,11,0,11,0,47,106,0,153,0,47,117,0,164,104,0,104,268
11/28/2010,SIG,PR,ASO,ES,Federal Contract Tower,0,0,23,0,23,0,40,101,0,141,0,40,124,0,164,46,0,46,210
11/29/2010,SIG,PR,ASO,ES,Federal Contract Tower,0,0,13,0,13,0,44,103,2,149,0,44,116,2,162,56,0,56,218
11/30/2010,SIG,PR,ASO,ES,Federal Contract Tower,0,0,7,0,7,0,49,131,7,187,0,49,138,7,194,200,0,200,394
12/01/2010,SIG,PR,ASO,ES,Federal Contract Tower,0,0,6,0,6,0,46,129,2,177,0,46,135,2,183,160,0,160,343
12/02/2010,SIG,PR,ASO,ES,Federal Contract Tower,0,0,4,2,6,0,34,127,4,165,0,34,131,6,171,102,0,102,273
12/03/2010,SIG,PR,ASO,ES,Federal Contract Tower,0,0,6,0,6,0,40,126,8,174,0,40,132,8,180,99,0,99,279
12/04/2010,SIG,PR,ASO,ES,Federal Contract Tower,0,0,6,1,7,0,37,125,13,175,0,37,131,14,182,98,0,98,280
12/05/2010,SIG,PR,ASO,ES,Federal Contract Tower,0,0,4,0,4,0,40,91,6,137,0,40,95,6,141,60,0,60,201
12/06/2010,SIG,PR,ASO,ES,Federal Contract Tower,0,0,12,0,12,0,57,141,28,226,0,57,153,28,238,178,0,178,416
12/07/2010,SIG,PR,ASO,ES,Federal Contract Tower,0,0,9,2,11,0,37,119,9,165,0,37,128,11,176,184,0,184,360
12/08/2010,SIG,PR,ASO,ES,Federal Contract Tower,0,0,5,0,5,0,40,107,1,148,0,40,112,1,153,150,0,150,303
12/09/2010,SIG,PR,ASO,ES,Federal Contract Tower,0,0,13,2,15,0,40,142,4,186,0,40,155,6,201,138,0,138,339
12/10/2010,SIG,PR,ASO,ES,Federal Contract Tower,0,0,10,1,11,0,43,145,3,191,0,43,155,4,202,92,0,92,294
12/11/2010,SIG,PR,ASO,ES,Federal Contract Tower,0,0,9,0,9,0,39,176,2,217,0,39,185,2,226,170,0,170,396
12/12/2010,SIG,PR,ASO,ES,Federal Contract Tower,0,0,9,0,9,0,37,118,1,156,0,37,127,1,165,44,0,44,209
12/13/2010,SIG,PR,ASO,ES,Federal Contract Tower,0,0,19,0,19,0,50,138,2,190,0,50,157,2,209,130,0,130,339
12/14/2010,SIG,PR,ASO,ES,Federal Contract Tower,0,0,16,0,16,0,48,136,3,187,0,48,152,3,203,82,0,82,285
12/15/2010,SIG,PR,ASO,ES,Federal Contract Tower,0,0,22,0,22,0,35,47,0,82,0,35,69,0,104,22,0,22,126
12/16/2010,SIG,PR,ASO,ES,Federal Contract Tower,0,0,20,0,20,0,43,94,5,142,0,43,114,5,162,104,0,104,266
12/17/2010,SIG,PR,ASO,ES,Federal Contract Tower,0,0,11,0,11,0,50,131,1,182,0,50,142,1,193,90,0,90,283
12/18/2010,SIG,PR,ASO,ES,Federal Contract Tower,0,0,13,0,13,0,46,168,0,214,0,46,181,0,227,166,0,166,393
12/19/2010,SIG,PR,ASO,ES,Federal Contract Tower,0,0,4,0,4,0,37,127,0,164,0,37,131,0,168,74,0,74,242
12/20/2010,SIG,PR,ASO,ES,Federal Contract Tower,0,0,23,0,23,0,51,118,7,176,0,51,141,7,199,154,0,154,353
12/21/2010,SIG,PR,ASO,ES,Federal Contract Tower,0,0,7,0,7,0,40,128,6,174,0,40,135,6,181,76,0,76,257
12/22/2010,SIG,PR,ASO,ES,Federal Contract Tower,0,0,16,0,16,0,42,117,6,165,0,42,133,6,181,188,0,188,369
12/23/2010,SIG,PR,ASO,ES,Federal Contract Tower,0,0,14,0,14,0,54,167,9,230,0,54,181,9,244,170,0,170,414
12/24/2010,SIG,PR,ASO,ES,Federal Contract Tower,0,0,5,0,5,0,42,113,6,161,0,42,118,6,166,72,0,72,238
12/25/2010,SIG,PR,ASO,ES,Federal Contract Tower,0,0,8,0,8,0,31,13,6,50,0,31,21,6,58,0,0,0,58
12/26/2010,SIG,PR,ASO,ES,Federal Contract Tower,0,0,15,0,15,0,45,54,4,103,0,45,69,4,118,18,0,18,136
12/27/2010,SIG,PR,ASO,ES,Federal Contract Tower,0,0,18,0,18,0,49,108,0,157,0,49,126,0,175,84,0,84,259
12/28/2010,SIG,PR,ASO,ES,Federal Contract Tower,0,1,17,0,18,0,46,85,4,135,0,47,102,4,153,76,0,76,229
12/29/2010,SIG,PR,ASO,ES,Federal Contract Tower,0,1,25,0,26,0,54,117,4,175,0,55,142,4,201,96,0,96,297
12/30/2010,SIG,PR,ASO,ES,Federal Contract Tower,0,0,13,0,13,0,55,127,2,184,0,55,140,2,197,142,0,142,339
12/31/2010,SIG,PR,ASO,ES,Federal Contract Tower,0,0,13,0,13,0,52,115,3,170,0,52,128,3,183,70,0,70,253
01/01/2011,SIG,PR,ASO,ES,Federal Contract Tower,0,0,10,0,10,0,26,31,0,57,0,26,41,0,67,0,0,0,67
01/02/2011,SIG,PR,ASO,ES,Federal Contract Tower,0,0,20,0,20,0,44,43,0,87,0,44,63,0,107,12,0,12,119
01/03/2011,SIG,PR,ASO,ES,Federal Contract Tower,0,0,22,1,23,0,43,86,0,129,0,43,108,1,152,68,0,68,220
01/04/2011,SIG,PR,ASO,ES,Federal Contract Tower,0,0,12,0,12,0,50,115,4,169,0,50,127,4,181,148,0,148,329
01/05/2011,SIG,PR,ASO,ES,Federal Contract Tower,0,0,22,1,23,0,41,81,1,123,0,41,103,2,146,110,0,110,256
01/06/2011,SIG,PR,ASO,ES,Federal Contract Tower,0,0,12,0,12,0,39,72,1,112,0,39,84,1,124,32,0,32,156
01/07/2011,SIG,PR,ASO,ES,Federal Contract Tower,0,0,5,0,5,0,40,107,2,149,0,40,112,2,154,70,0,70,224
01/08/2011,SIG,PR,ASO,ES,Federal Contract Tower,0,0,11,0,11,0,30,119,1,150,0,30,130,1,161,120,0,120,281
01/09/2011,SIG,PR,ASO,ES,Federal Contract Tower,0,0,18,0,18,0,36,78,2,116,0,36,96,2,134,50,0,50,184
01/10/2011,SIG,PR,ASO,ES,Federal Contract Tower,0,0,18,0,18,0,40,94,4,138,0,40,112,4,156,40,0,40,196
01/11/2011,SIG,PR,ASO,ES,Federal Contract Tower,0,0,4,1,5,0,29,73,5,107,0,29,77,6,112,80,0,80,192
01/12/2011,SIG,PR,ASO,ES,Federal Contract Tower,0,0,7,0,7,0,32,96,2,130,0,32,103,2,137,108,0,108,245
01/13/2011,SIG,PR,ASO,ES,Federal Contract Tower,0,0,12,0,12,0,28,82,2,112,0,28,94,2,124,104,0,104,228
01/14/2011,SIG,PR,ASO,ES,Federal Contract Tower,0,0,15,0,15,0,33,138,2,173,0,33,153,2,188,114,0,114,302
01/15/2011,SIG,PR,ASO,ES,Federal Contract Tower,0,0,10,0,10,0,27,115,4,146,0,27,125,4,156,106,0,106,262
01/16/2011,SIG,PR,ASO,ES,Federal Contract Tower,0,0,7,0,7,0,21,76,1,98,0,21,83,1,105,84,0,84,189
01/17/2011,SIG,PR,ASO,ES,Federal Contract Tower,0,0,16,2,18,0,43,111,3,157,0,43,127,5,175,162,0,162,337
01/18/2011,SIG,PR,ASO,ES,Federal Contract Tower,0,0,7,0,7,0,38,128,4,170,0,38,135,4,177,156,2,158,335
01/19/2011,SIG,PR,ASO,ES,Federal Contract Tower,0,0,6,0,6,0,27,103,6,136,0,27,109,6,142,80,0,80,222
01/20/2011,SIG,PR,ASO,ES,Federal Contract Tower,0,0,18,1,19,0,22,134,0,156,0,22,152,1,175,110,0,110,285
01/21/2011,SIG,PR,ASO,ES,Federal Contract Tower,0,0,9,2,11,0,40,145,3,188,0,40,154,5,199,100,0,100,299
01/22/2011,SIG,PR,ASO,ES,Federal Contract Tower,0,0,8,0,8,0,33,139,0,172,0,33,147,0,180,110,0,110,290
01/23/2011,SIG,PR,ASO,ES,Federal Contract Tower,0,0,14,0,14,0,34,93,1,128,0,34,107,1,142,14,0,14,156
01/24/2011,SIG,PR,ASO,ES,Federal Contract Tower,0,0,9,0,9,0,32,103,0,135,0,32,112,0,144,58,0,58,202
01/25/2011,SIG,PR,ASO,ES,Federal Contract Tower,0,0,9,0,9,0,34,123,7,164,0,34,132,7,173,76,0,76,249
01/26/2011,SIG,PR,ASO,ES,Federal Contract Tower,0,0,9,2,11,0,34,141,9,184,0,34,150,11,195,128,0,128,323
01/27/2011,SIG,PR,ASO,ES,Federal Contract Tower,0,0,16,1,17,0,35,117,6,158,0,35,133,7,175,92,0,92,267
01/28/2011,SIG,PR,ASO,ES,Federal Contract Tower,0,0,20,2,22,0,33,113,4,150,0,33,133,6,172,70,0,70,242
01/29/2011,SIG,PR,ASO,ES,Federal Contract Tower,0,0,13,0,13,0,28,152,0,180,0,28,165,0,193,102,0,102,295
01/30/2011,SIG,PR,ASO,ES,Federal Contract Tower,0,0,26,0,26,0,22,81,0,103,0,22,107,0,129,46,0,46,175
01/31/2011,SIG,PR,ASO,ES,Federal Contract Tower,0,0,9,0,9,0,26,76,0,102,0,26,85,0,111,80,0,80,191
02/01/2011,SIG,PR,ASO,ES,Federal Contract Tower,0,0,8,0,8,0,31,126,1,158,0,31,134,1,166,80,2,82,248
02/02/2011,SIG,PR,ASO,ES,Federal Contract Tower,0,0,11,1,12,0,27,96,4,127,0,27,107,5,139,64,0,64,203
02/03/2011,SIG,PR,ASO,ES,Federal Contract Tower,0,0,9,0,9,0,29,121,0,150,0,29,130,0,159,96,0,96,255
02/04/2011,SIG,PR,ASO,ES,Federal Contract Tower,0,0,16,0,16,0,33,130,6,169,0,33,146,6,185,132,0,132,317
02/05/2011,SIG,PR,ASO,ES,Federal Contract Tower,0,0,10,0,10,0,28,125,0,153,0,28,135,0,163,88,0,88,251
02/06/2011,SIG,PR,ASO,ES,Federal Contract Tower,0,0,7,0,7,0,21,88,1,110,0,21,95,1,117,66,0,66,183
02/07/2011,SIG,PR,ASO,ES,Federal Contract Tower,0,0,15,0,15,0,33,108,5,146,0,33,123,5,161,94,0,94,255
02/08/2011,SIG,PR,ASO,ES,Federal Contract Tower,0,0,13,0,13,0,38,132,0,170,0,38,145,0,183,138,0,138,321
02/09/2011,SIG,PR,ASO,ES,Federal Contract Tower,0,0,17,1,18,0,32,126,4,162,0,32,143,5,180,142,0,142,322
02/10/2011,SIG,PR,ASO,ES,Federal Contract Tower,0,0,11,0,11,0,30,147,2,179,0,30,158,2,190,88,0,88,278
02/11/2011,SIG,PR,ASO,ES,Federal Contract Tower,0,0,12,2,14,0,40,133,8,181,0,40,145,10,195,116,0,116,311
02/12/2011,SIG,PR,ASO,ES,Federal Contract Tower,0,0,7,0,7,0,29,159,3,191,0,29,166,3,198,190,0,190,388
02/13/2011,SIG,PR,ASO,ES,Federal Contract Tower,0,8,0,0,8,0,23,85,0,108,0,31,85,0,116,46,0,46,162
02/14/2011,SIG,PR,ASO,ES,Federal Contract Tower,0,0,12,0,12,0,33,97,2,132,0,33,109,2,144,116,0,116,260
02/15/2011,SIG,PR,ASO,ES,Federal Contract Tower,0,0,6,1,7,0,36,125,3,164,0,36,131,4,171,78,2,80,251
02/16/2011,SIG,PR,ASO,ES,Federal Contract Tower,0,0,12,1,13,0,30,148,4,182,0,30,160,5,195,214,0,214,409
02/17/2011,SIG,PR,ASO,ES,Federal Contract Tower,0,0,15,1,16,0,37,133,1,171,0,37,148,2,187,88,0,88,275
02/18/2011,SIG,PR,ASO,ES,Federal Contract Tower,0,2,19,1,22,0,46,169,11,226,0,48,188,12,248,146,6,152,400
02/19/2011,SIG,PR,ASO,ES,Federal Contract Tower,0,0,13,0,13,0,38,142,0,180,0,38,155,0,193,166,0,166,359
02/20/2011,SIG,PR,ASO,ES,Federal Contract Tower,0,0,6,0,6,0,28,70,0,98,0,28,76,0,104,102,0,102,206
02/21/2011,SIG,PR,ASO,ES,Federal Contract Tower,0,0,30,0,30,0,42,135,3,180,0,42,165,3,210,144,0,144,354
02/22/2011,SIG,PR,ASO,ES,Federal Contract Tower,0,0,8,0,8,0,33,121,2,156,0,33,129,2,164,134,0,134,298
02/23/2011,SIG,PR,ASO,ES,Federal Contract Tower,0,0,5,0,5,0,25,134,4,163,0,25,139,4,168,156,0,156,324
02/24/2011,SIG,PR,ASO,ES,Federal Contract Tower,0,0,11,0,11,0,45,158,5,208,0,45,169,5,219,186,0,186,405
02/25/2011,SIG,PR,ASO,ES,Federal Contract Tower,0,0,9,0,9,0,38,134,6,178,0,38,143,6,187,92,0,92,279
02/26/2011,SIG,PR,ASO,ES,Federal Contract Tower,0,0,13,0,13,0,32,168,2,202,0,32,181,2,215,150,0,150,365
02/27/2011,SIG,PR,ASO,ES,Federal Contract Tower,0,0,19,0,19,0,21,88,0,109,0,21,107,0,128,44,0,44,172
02/28/2011,SIG,PR,ASO,ES,Federal Contract Tower,0,0,8,0,8,0,33,118,0,151,0,33,126,0,159,216,0,216,375
03/01/2011,SIG,PR,ASO,ES,Federal Contract Tower,0,0,10,1,11,0,36,143,4,183,0,36,153,5,194,110,0,110,304
03/02/2011,SIG,PR,ASO,ES,Federal Contract Tower,0,0,10,0,10,0,34,116,7,157,0,34,126,7,167,126,0,126,293
03/03/2011,SIG,PR,ASO,ES,Federal Contract Tower,0,0,11,3,14,0,30,129,13,172,0,30,140,16,186,110,0,110,296
03/04/2011,SIG,PR,ASO,ES,Federal Contract Tower,0,0,20,0,20,0,48,149,3,200,0,48,169,3,220,154,0,154,374
03/05/2011,SIG,PR,ASO,ES,Federal Contract Tower,0,0,7,0,7,0,33,100,0,133,0,33,107,0,140,130,0,130,270
03/06/2011,SIG,PR,ASO,ES,Federal Contract Tower,0,0,11,0,11,0,26,90,2,118,0,26,101,2,129,76,0,76,205
03/07/2011,SIG,PR,ASO,ES,Federal Contract Tower,0,0,12,0,12,0,26,102,0,128,0,26,114,0,140,134,0,134,274
03/08/2011,SIG,PR,ASO,ES,Federal Contract Tower,0,0,11,1,12,0,38,123,5,166,0,38,134,6,178,154,0,154,332
03/09/2011,SIG,PR,ASO,ES,Federal Contract Tower,0,0,3,0,3,0,35,143,6,184,0,35,146,6,187,258,0,258,445
03/10/2011,SIG,PR,ASO,ES,Federal Contract Tower,0,0,11,0,11,0,38,132,4,174,0,38,143,4,185,190,0,190,375
03/11/2011,SIG,PR,ASO,ES,Federal Contract Tower,0,0,15,0,15,0,29,169,2,200,0,29,184,2,215,196,0,196,411
03/12/2011,SIG,PR,ASO,ES,Federal Contract Tower,0,0,10,0,10,0,33,144,0,177,0,33,154,0,187,126,0,126,313
03/13/2011,SIG,PR,ASO,ES,Federal Contract Tower,0,0,12,0,12,0,25,69,0,94,0,25,81,0,106,38,0,38,144
03/14/2011,SIG,PR,ASO,ES,Federal Contract Tower,0,0,13,1,14,0,46,117,3,166,0,46,130,4,180,132,0,132,312
03/15/2011,SIG,PR,ASO,ES,Federal Contract Tower,0,0,4,1,5,0,35,141,4,180,0,35,145,5,185,194,0,194,379
03/16/2011,SIG,PR,ASO,ES,Federal Contract Tower,0,0,14,1,15,0,37,119,12,168,0,37,133,13,183,204,0,204,387
03/17/2011,SIG,PR,ASO,ES,Federal Contract Tower,0,0,11,3,14,0,27,139,7,173,0,27,150,10,187,186,0,186,373
03/18/2011,SIG,PR,ASO,ES,Federal Contract Tower,0,0,19,1,20,0,29,146,4,179,0,29,165,5,199,140,0,140,339
03/19/2011,SIG,PR,ASO,ES,Federal Contract Tower,0,0,12,0,12,0,30,111,0,141,0,30,123,0,153,158,0,158,311
03/20/2011,SIG,PR,ASO,ES,Federal Contract Tower,0,0,13,0,13,0,24,70,1,95,0,24,83,1,108,64,0,64,172
03/21/2011,SIG,PR,ASO,ES,Federal Contract Tower,0,0,8,0,8,0,42,114,4,160,0,42,122,4,168,120,0,120,288
03/22/2011,SIG,PR,ASO,ES,Federal Contract Tower,0,0,10,1,11,0,27,83,8,118,0,27,93,9,129,102,2,104,233
03/23/2011,SIG,PR,ASO,ES,Federal Contract Tower,0,0,13,1,14,0,36,126,14,176,0,36,139,15,190,250,4,254,444
03/24/2011,SIG,PR,ASO,ES,Federal Contract Tower,0,0,12,2,14,0,27,130,4,161,0,27,142,6,175,184,0,184,359
03/25/2011,SIG,PR,ASO,ES,Federal Contract Tower,0,0,19,0,19,0,34,140,21,195,0,34,159,21,214,140,26,166,380
03/26/2011,SIG,PR,ASO,ES,Federal Contract Tower,0,0,15,0,15,0,28,125,0,153,0,28,140,0,168,98,0,98,266
03/27/2011,SIG,PR,ASO,ES,Federal Contract Tower,0,0,19,0,19,0,29,95,0,124,0,29,114,0,143,28,0,28,171
03/28/2011,SIG,PR,ASO,ES,Federal Contract Tower,0,0,10,0,10,0,44,127,3,174,0,44,137,3,184,158,0,158,342
03/29/2011,SIG,PR,ASO,ES,Federal Contract Tower,0,0,15,1,16,0,38,112,3,153,0,38,127,4,169,162,0,162,331
03/30/2011,SIG,PR,ASO,ES,Federal Contract Tower,0,0,12,1,13,0,41,137,5,183,0,41,149,6,196,194,0,194,390
03/31/2011,SIG,PR,ASO,ES,Federal Contract Tower,0,0,10,0,10,0,31,135,2,168,0,31,145,2,178,140,0,140,318
04/01/2011,SIG,PR,ASO,ES,Federal Contract Tower,0,0,14,0,14,0,39,150,2,191,0,39,164,2,205,108,0,108,313
04/02/2011,SIG,PR,ASO,ES,Federal Contract Tower,0,0,22,0,22,0,31,125,0,156,0,31,147,0,178,32,0,32,210
04/03/2011,SIG,PR,ASO,ES,Federal Contract Tower,0,0,21,0,21,0,23,132,2,157,0,23,153,2,178,50,0,50,228
04/04/2011,SIG,PR,ASO,ES,Federal Contract Tower,0,0,10,0,10,0,38,136,0,174,0,38,146,0,184,152,0,152,336
04/05/2011,SIG,PR,ASO,ES,Federal Contract Tower,0,0,8,0,8,0,33,105,2,140,0,33,113,2,148,102,0,102,250
04/06/2011,SIG,PR,ASO,ES,Federal Contract Tower,0,0,9,2,11,0,34,137,4,175,0,34,146,6,186,158,0,158,344
04/07/2011,SIG,PR,ASO,ES,Federal Contract Tower,0,0,9,1,10,0,33,144,11,188,0,33,153,12,198,276,14,290,488
04/08/2011,SIG,PR,ASO,ES,Federal Contract Tower,0,0,11,0,11,0,38,159,1,198,0,38,170,1,209,240,0,240,449
04/09/2011,SIG,PR,ASO,ES,Federal Contract Tower,0,0,7,0,7,0,24,136,0,160,0,24,143,0,167,200,0,200,367
04/10/2011,SIG,PR,ASO,ES,Federal Contract Tower,0,0,13,0,13,0,26,87,0,113,0,26,100,0,126,66,0,66,192
04/11/2011,SIG,PR,ASO,ES,Federal Contract Tower,0,0,10,0,10,0,29,110,4,143,0,29,120,4,153,102,0,102,255
04/12/2011,SIG,PR,ASO,ES,Federal Contract Tower,0,0,12,0,12,0,38,132,5,175,0,38,144,5,187,210,0,210,397
04/13/2011,SIG,PR,ASO,ES,Federal Contract Tower,0,0,15,0,15,0,27,101,5,133,0,27,116,5,148,72,0,72,220
04/14/2011,SIG,PR,ASO,ES,Federal Contract Tower,0,0,10,0,10,0,30,109,1,140,0,30,119,1,150,56,0,56,206
04/15/2011,SIG,PR,ASO,ES,Federal Contract Tower,0,0,8,0,8,0,37,149,2,188,0,37,157,2,196,104,0,104,300
04/16/2011,SIG,PR,ASO,ES,Federal Contract Tower,0,0,18,0,18,0,24,148,1,173,0,24,166,1,191,112,0,112,303
04/17/2011,SIG,PR,ASO,ES,Federal Contract Tower,0,0,17,0,17,0,30,102,0,132,0,30,119,0,149,66,0,66,215
04/18/2011,SIG,PR,ASO,ES,Federal Contract Tower,0,0,10,0,10,0,30,136,3,169,0,30,146,3,179,102,0,102,281
04/19/2011,SIG,PR,ASO,ES,Federal Contract Tower,0,0,9,0,9,0,36,131,4,171,0,36,140,4,180,158,0,158,338
04/20/2011,SIG,PR,ASO,ES,Federal Contract Tower,0,0,14,0,14,0,28,148,0,176,0,28,162,0,190,188,0,188,378
04/21/2011,SIG,PR,ASO,ES,Federal Contract Tower,0,0,13,0,13,0,32,123,0,155,0,32,136,0,168,84,0,84,252
04/22/2011,SIG,PR,ASO,ES,Federal Contract Tower,0,0,3,0,3,0,30,80,0,110,0,30,83,0,113,58,0,58,171
04/23/2011,SIG,PR,ASO,ES,Federal Contract Tower,0,0,5,0,5,0,21,117,0,138,0,21,122,0,143,70,0,70,213
04/24/2011,SIG,PR,ASO,ES,Federal Contract Tower,0,0,20,0,20,0,41,99,0,140,0,41,119,0,160,0,0,0,160
04/25/2011,SIG,PR,ASO,ES,Federal Contract Tower,0,0,19,0,19,0,49,146,3,198,0,49,165,3,217,102,0,102,319
04/26/2011,SIG,PR,ASO,ES,Federal Contract Tower,0,0,12,1,13,0,30,114,2,146,0,30,126,3,159,150,0,150,309
04/27/2011,SIG,PR,ASO,ES,Federal Contract Tower,0,0,15,0,15,0,32,79,0,111,0,32,94,0,126,44,0,44,170
04/28/2011,SIG,PR,ASO,ES,Federal Contract Tower,0,0,5,0,5,0,29,142,1,172,0,29,147,1,177,114,0,114,291
04/29/2011,SIG,PR,ASO,ES,Federal Contract Tower,0,0,7,1,8,0,34,130,0,164,0,34,137,1,172,178,0,178,350
04/30/2011,SIG,PR,ASO,ES,Federal Contract Tower,0,0,6,0,6,0,23,132,1,156,0,23,138,1,162,92,0,92,254
05/01/2011,SIG,PR,ASO,ES,Federal Contract Tower,0,0,17,0,17,0,14,38,0,52,0,14,55,0,69,0,0,0,69
05/02/2011,SIG,PR,ASO,ES,Federal Contract Tower,0,0,12,1,13,0,27,103,2,132,0,27,115,3,145,104,0,104,249
05/03/2011,SIG,PR,ASO,ES,Federal Contract Tower,0,0,9,1,10,0,37,137,1,175,0,37,146,2,185,182,0,182,367
05/04/2011,SIG,PR,ASO,ES,Federal Contract Tower,0,0,14,0,14,0,30,114,1,145,0,30,128,1,159,238,10,248,407
05/05/2011,SIG,PR,ASO,ES,Federal Contract Tower,0,0,18,0,18,0,30,118,1,149,0,30,136,1,167,132,0,132,299
05/06/2011,SIG,PR,ASO,ES,Federal Contract Tower,0,0,7,0,7,0,31,144,0,175,0,31,151,0,182,68,0,68,250
05/07/2011,SIG,PR,ASO,ES,Federal Contract Tower,0,0,7,0,7,0,31,105,0,136,0,31,112,0,143,94,0,94,237
05/08/2011,SIG,PR,ASO,ES,Federal Contract Tower,0,0,10,0,10,0,23,50,0,73,0,23,60,0,83,44,0,44,127
05/09/2011,SIG,PR,ASO,ES,Federal Contract Tower,0,0,9,1,10,0,36,122,3,161,0,36,131,4,171,114,0,114,285
05/10/2011,SIG,PR,ASO,ES,Federal Contract Tower,0,0,11,2,13,0,25,124,2,151,0,25,135,4,164,150,0,150,314
05/11/2011,SIG,PR,ASO,ES,Federal Contract Tower,0,0,6,1,7,0,31,128,1,160,0,31,134,2,167,200,0,200,367
05/12/2011,SIG,PR,ASO,ES,Federal Contract Tower,0,0,10,0,10,0,37,111,1,149,0,37,121,1,159,138,0,138,297
05/13/2011,SIG,PR,ASO,ES,Federal Contract Tower,0,0,16,0,16,0,34,110,0,144,0,34,126,0,160,126,0,126,286
05/14/2011,SIG,PR,ASO,ES,Federal Contract Tower,0,0,9,0,9,0,23,106,0,129,0,23,115,0,138,32,0,32,170
05/15/2011,SIG,PR,ASO,ES,Federal Contract Tower,0,1,18,0,19,0,25,52,5,82,0,26,70,5,101,0,0,0,101
05/16/2011,SIG,PR,ASO,ES,Federal Contract Tower,0,0,12,0,12,0,45,105,2,152,0,45,117,2,164,2,0,2,166
05/17/2011,SIG,PR,ASO,ES,Federal Contract Tower,0,0,17,0,17,0,8,72,0,80,0,8,89,0,97,118,0,118,215
05/18/2011,SIG,PR,ASO,ES,Federal Contract Tower,0,0,8,0,8,0,29,118,0,147,0,29,126,0,155,116,0,116,271
05/19/2011,SIG,PR,ASO,ES,Federal Contract Tower,0,0,16,0,16,0,34,116,5,155,0,34,132,5,171,158,0,158,329
05/20/2011,SIG,PR,ASO,ES,Federal Contract Tower,0,0,22,0,22,0,18,39,0,57,0,18,61,0,79,16,0,16,95
05/21/2011,SIG,PR,ASO,ES,Federal Contract Tower,0,0,12,0,12,0,35,122,0,157,0,35,134,0,169,118,0,118,287
05/22/2011,SIG,PR,ASO,ES,Federal Contract Tower,0,0,6,0,6,0,29,70,3,102,0,29,76,3,108,42,0,42,150
05/23/2011,SIG,PR,ASO,ES,Federal Contract Tower,0,0,11,0,11,0,31,115,1,147,0,31,126,1,158,122,0,122,280
05/24/2011,SIG,PR,ASO,ES,Federal Contract Tower,0,0,11,0,11,0,38,131,0,169,0,38,142,0,180,144,0,144,324
05/25/2011,SIG,PR,ASO,ES,Federal Contract Tower,0,0,12,0,12,0,26,98,4,128,0,26,110,4,140,100,0,100,240
05/26/2011,SIG,PR,ASO,ES,Federal Contract Tower,0,0,7,0,7,0,30,123,1,154,0,30,130,1,161,146,0,146,307
05/27/2011,SIG,PR,ASO,ES,Federal Contract Tower,0,0,13,0,13,0,36,114,1,151,0,36,127,1,164,96,0,96,260
05/28/2011,SIG,PR,ASO,ES,Federal Contract Tower,0,0,12,0,12,0,29,134,4,167,0,29,146,4,179,110,0,110,289
05/29/2011,SIG,PR,ASO,ES,Federal Contract Tower,0,0,6,0,6,0,28,60,4,92,0,28,66,4,98,50,0,50,148
05/30/2011,SIG,PR,ASO,ES,Federal Contract Tower,0,0,21,0,21,0,41,136,0,177,0,41,157,0,198,96,0,96,294
05/31/2011,SIG,PR,ASO,ES,Federal Contract Tower,0,0,9,0,9,0,34,131,0,165,0,34,140,0,174,132,0,132,306
06/01/2011,SIG,PR,ASO,ES,Federal Contract Tower,0,0,7,1,8,0,36,114,9,159,0,36,121,10,167,130,0,130,297
06/02/2011,SIG,PR,ASO,ES,Federal Contract Tower,0,0,19,0,19,0,41,101,8,150,0,41,120,8,169,124,0,124,293
06/03/2011,SIG,PR,ASO,ES,Federal Contract Tower,0,0,12,0,12,0,38,114,0,152,0,38,126,0,164,142,0,142,306
06/04/2011,SIG,PR,ASO,ES,Federal Contract Tower,0,0,9,0,9,0,33,82,0,115,0,33,91,0,124,66,0,66,190
06/05/2011,SIG,PR,ASO,ES,Federal Contract Tower,0,0,14,0,14,0,28,127,1,156,0,28,141,1,170,112,0,112,282
06/06/2011,SIG,PR,ASO,ES,Federal Contract Tower,0,0,18,0,18,0,28,124,11,163,0,28,142,11,181,186,0,186,367
06/07/2011,SIG,PR,ASO,ES,Federal Contract Tower,0,0,10,0,10,0,37,96,4,137,0,37,106,4,147,52,0,52,199
06/08/2011,SIG,PR,ASO,ES,Federal Contract Tower,0,0,8,1,9,0,29,112,2,143,0,29,120,3,152,122,0,122,274
06/09/2011,SIG,PR,ASO,ES,Federal Contract Tower,0,0,8,1,9,35,0,116,10,161,35,0,124,11,170,58,0,58,228
06/10/2011,SIG,PR,ASO,ES,Federal Contract Tower,0,0,11,2,13,0,36,136,12,184,0,36,147,14,197,88,0,88,285
06/11/2011,SIG,PR,ASO,ES,Federal Contract Tower,0,0,7,2,9,0,25,136,7,168,0,25,143,9,177,116,0,116,293
06/12/2011,SIG,PR,ASO,ES,Federal Contract Tower,0,0,11,0,11,0,28,92,2,122,0,28,103,2,133,48,0,48,181
06/13/2011,SIG,PR,ASO,ES,Federal Contract Tower,0,0,8,0,8,0,26,92,3,121,0,26,100,3,129,98,0,98,227
06/14/2011,SIG,PR,ASO,ES,Federal Contract Tower,0,0,6,1,7,0,24,63,4,91,0,24,69,5,98,34,0,34,132
06/15/2011,SIG,PR,ASO,ES,Federal Contract Tower,0,0,8,1,9,0,42,162,14,218,0,42,170,15,227,180,0,180,407
06/16/2011,SIG,PR,ASO,ES,Federal Contract Tower,10,0,0,0,10,0,35,85,1,121,10,35,85,1,131,64,2,66,197
06/17/2011,SIG,PR,ASO,ES,Federal Contract Tower,0,0,14,0,14,0,43,157,9,209,0,43,171,9,223,1380,0,1380,1603
06/18/2011,SIG,PR,ASO,ES,Federal Contract Tower,0,0,14,0,14,0,27,142,6,175,0,27,156,6,189,134,0,134,323
06/19/2011,SIG,PR,ASO,ES,Federal Contract Tower,0,0,12,0,12,0,23,67,2,92,0,23,79,2,104,22,0,22,126
06/20/2011,SIG,PR,ASO,ES,Federal Contract Tower,0,0,12,0,12,0,40,122,5,167,0,40,134,5,179,172,0,172,351
06/21/2011,SIG,PR,ASO,ES,Federal Contract Tower,0,0,5,3,8,0,32,114,9,155,0,32,119,12,163,222,0,222,385
06/22/2011,SIG,PR,ASO,ES,Federal Contract Tower,0,0,9,0,9,0,47,141,18,206,0,47,150,18,215,152,0,152,367
06/23/2011,SIG,PR,ASO,ES,Federal Contract Tower,0,0,12,0,12,0,37,135,16,188,0,37,147,16,200,114,0,114,314
06/24/2011,SIG,PR,ASO,ES,Federal Contract Tower,0,0,12,0,12,0,39,169,2,210,0,39,181,2,222,198,0,198,420
06/25/2011,SIG,PR,ASO,ES,Federal Contract Tower,0,0,2,0,2,0,30,92,2,124,0,30,94,2,126,92,0,92,218
06/26/2011,SIG,PR,ASO,ES,Federal Contract Tower,0,0,10,1,11,0,31,84,2,117,0,31,94,3,128,22,0,22,150
06/27/2011,SIG,PR,ASO,ES,Federal Contract Tower,0,0,5,0,5,0,32,68,0,100,0,32,73,0,105,38,0,38,143
06/28/2011,SIG,PR,ASO,ES,Federal Contract Tower,0,0,7,3,10,0,33,118,3,154,0,33,125,6,164,156,0,156,320
06/29/2011,SIG,PR,ASO,ES,Federal Contract Tower,0,0,7,1,8,0,36,137,10,183,0,36,144,11,191,188,0,188,379
06/30/2011,SIG,PR,ASO,ES,Federal Contract Tower,0,0,10,1,11,0,36,170,22,228,0,36,180,23,239,154,0,154,393
07/01/2011,SIG,PR,ASO,ES,Federal Contract Tower,0,0,30,0,30,0,36,117,4,157,0,36,147,4,187,96,0,96,283
07/02/2011,SIG,PR,ASO,ES,Federal Contract Tower,0,0,18,0,18,0,48,117,3,168,0,48,135,3,186,106,0,106,292
07/03/2011,SIG,PR,ASO,ES,Federal Contract Tower,0,0,5,1,6,0,17,40,0,57,0,17,45,1,63,4,0,4,67
07/04/2011,SIG,PR,ASO,ES,Federal Contract Tower,0,0,26,0,26,0,38,124,7,169,0,38,150,7,195,50,0,50,245
07/05/2011,SIG,PR,ASO,ES,Federal Contract Tower,0,0,20,0,20,0,53,138,10,201,0,53,158,10,221,184,0,184,405
07/06/2011,SIG,PR,ASO,ES,Federal Contract Tower,0,0,9,1,10,0,37,133,14,184,0,37,142,15,194,144,0,144,338
07/07/2011,SIG,PR,ASO,ES,Federal Contract Tower,0,0,13,0,13,0,36,113,4,153,0,36,126,4,166,58,1,59,225
07/08/2011,SIG,PR,ASO,ES,Federal Contract Tower,0,0,13,1,14,0,43,140,9,192,0,43,153,10,206,168,0,168,374
07/09/2011,SIG,PR,ASO,ES,Federal Contract Tower,0,0,8,1,9,0,32,121,8,161,0,32,129,9,170,140,0,140,310
07/10/2011,SIG,PR,ASO,ES,Federal Contract Tower,0,0,8,0,8,0,34,100,6,140,0,34,108,6,148,110,0,110,258
07/11/2011,SIG,PR,ASO,ES,Federal Contract Tower,0,0,13,1,14,0,40,115,4,159,0,40,128,5,173,104,0,104,277
07/12/2011,SIG,PR,ASO,ES,Federal Contract Tower,0,0,5,0,5,0,40,118,4,162,0,40,123,4,167,172,0,172,339
07/13/2011,SIG,PR,ASO,ES,Federal Contract Tower,0,0,8,0,8,0,42,122,0,164,0,42,130,0,172,116,0,116,288
07/14/2011,SIG,PR,ASO,ES,Federal Contract Tower,0,0,9,2,11,0,28,77,2,107,0,28,86,4,118,64,0,64,182
07/15/2011,SIG,PR,ASO,ES,Federal Contract Tower,0,0,18,0,18,0,0,0,0,0,0,0,18,0,18,188,0,188,206
07/16/2011,SIG,PR,ASO,ES,Federal Contract Tower,0,0,3,0,3,0,33,148,0,181,0,33,151,0,184,126,0,126,310
07/17/2011,SIG,PR,ASO,ES,Federal Contract Tower,0,0,9,0,9,0,35,99,0,134,0,35,108,0,143,74,0,74,217
07/18/2011,SIG,PR,ASO,ES,Federal Contract Tower,0,0,16,0,16,0,40,123,0,163,0,40,139,0,179,98,0,98,277
07/19/2011,SIG,PR,ASO,ES,Federal Contract Tower,0,0,8,0,8,0,38,130,0,168,0,38,138,0,176,166,0,166,342
07/20/2011,SIG,PR,ASO,ES,Federal Contract Tower,0,0,9,0,9,0,38,133,7,178,0,38,142,7,187,200,0,200,387
07/21/2011,SIG,PR,ASO,ES,Federal Contract Tower,0,0,13,1,14,0,32,115,4,151,0,32,128,5,165,132,0,132,297
07/22/2011,SIG,PR,ASO,ES,Federal Contract Tower,0,0,14,2,16,0,56,136,11,203,0,56,150,13,219,120,0,120,339
07/23/2011,SIG,PR,ASO,ES,Federal Contract Tower,0,0,14,0,14,0,39,95,2,136,0,39,109,2,150,114,0,114,264
07/24/2011,SIG,PR,ASO,ES,Federal Contract Tower,0,0,2,0,2,0,34,102,0,136,0,34,104,0,138,92,0,92,230
07/25/2011,SIG,PR,ASO,ES,Federal Contract Tower,0,0,10,0,10,0,44,130,0,174,0,44,140,0,184,100,0,100,284
07/26/2011,SIG,PR,ASO,ES,Federal Contract Tower,0,0,18,0,18,0,46,117,4,167,0,46,135,4,185,196,0,196,381
07/27/2011,SIG,PR,ASO,ES,Federal Contract Tower,0,0,11,0,11,0,37,122,1,160,0,37,133,1,171,130,0,130,301
07/28/2011,SIG,PR,ASO,ES,Federal Contract Tower,0,0,4,0,4,0,35,107,6,148,0,35,111,6,152,70,0,70,222
07/29/2011,SIG,PR,ASO,ES,Federal Contract Tower,0,0,24,0,24,0,39,132,3,174,0,39,156,3,198,100,0,100,298
07/30/2011,SIG,PR,ASO,ES,Federal Contract Tower,0,0,11,0,11,0,37,148,0,185,0,37,159,0,196,116,0,116,312
07/31/2011,SIG,PR,ASO,ES,Federal Contract Tower,0,0,14,0,14,0,27,99,0,126,0,27,113,0,140,64,0,64,204
08/01/2011,SIG,PR,ASO,ES,Federal Contract Tower,0,0,13,2,15,0,29,84,3,116,0,29,97,5,131,80,0,80,211
08/02/2011,SIG,PR,ASO,ES,Federal Contract Tower,0,0,8,0,8,0,34,86,0,120,0,34,94,0,128,26,0,26,154
08/03/2011,SIG,PR,ASO,ES,Federal Contract Tower,0,0,0,0,0,0,0,0,0,0,0,0,0,0,0,0,0,0,0
08/04/2011,SIG,PR,ASO,ES,Federal Contract Tower,0,0,0,0,0,0,0,0,0,0,0,0,0,0,0,0,0,0,0
08/05/2011,SIG,PR,ASO,ES,Federal Contract Tower,0,0,0,0,0,0,0,0,0,0,0,0,0,0,0,0,0,0,0
08/06/2011,SIG,PR,ASO,ES,Federal Contract Tower,0,0,0,0,0,0,0,0,0,0,0,0,0,0,0,0,0,0,0
08/07/2011,SIG,PR,ASO,ES,Federal Contract Tower,0,0,0,0,0,0,0,0,0,0,0,0,0,0,0,0,0,0,0
08/08/2011,SIG,PR,ASO,ES,Federal Contract Tower,0,0,0,0,0,0,0,0,0,0,0,0,0,0,0,0,0,0,0
08/09/2011,SIG,PR,ASO,ES,Federal Contract Tower,0,0,0,0,0,0,0,0,0,0,0,0,0,0,0,0,0,0,0
08/10/2011,SIG,PR,ASO,ES,Federal Contract Tower,0,0,0,0,0,0,0,0,0,0,0,0,0,0,0,0,0,0,0
08/11/2011,SIG,PR,ASO,ES,Federal Contract Tower,0,0,0,0,0,0,0,0,0,0,0,0,0,0,0,0,0,0,0
08/12/2011,SIG,PR,ASO,ES,Federal Contract Tower,0,0,0,0,0,0,0,0,0,0,0,0,0,0,0,0,0,0,0
08/13/2011,SIG,PR,ASO,ES,Federal Contract Tower,0,0,0,0,0,0,0,0,0,0,0,0,0,0,0,0,0,0,0
08/14/2011,SIG,PR,ASO,ES,Federal Contract Tower,0,0,0,0,0,0,0,0,0,0,0,0,0,0,0,0,0,0,0
08/15/2011,SIG,PR,ASO,ES,Federal Contract Tower,0,0,0,0,0,0,0,0,0,0,0,0,0,0,0,0,0,0,0
08/16/2011,SIG,PR,ASO,ES,Federal Contract Tower,0,0,0,0,0,0,0,0,0,0,0,0,0,0,0,0,0,0,0
08/17/2011,SIG,PR,ASO,ES,Federal Contract Tower,0,0,0,0,0,0,0,0,0,0,0,0,0,0,0,0,0,0,0
08/18/2011,SIG,PR,ASO,ES,Federal Contract Tower,0,0,0,0,0,0,0,0,0,0,0,0,0,0,0,0,0,0,0
08/19/2011,SIG,PR,ASO,ES,Federal Contract Tower,0,0,0,0,0,0,0,0,0,0,0,0,0,0,0,0,0,0,0
08/20/2011,SIG,PR,ASO,ES,Federal Contract Tower,0,0,0,0,0,0,0,0,0,0,0,0,0,0,0,0,0,0,0
08/21/2011,SIG,PR,ASO,ES,Federal Contract Tower,0,0,0,0,0,0,0,0,0,0,0,0,0,0,0,0,0,0,0
08/22/2011,SIG,PR,ASO,ES,Federal Contract Tower,0,0,0,0,0,0,0,0,0,0,0,0,0,0,0,0,0,0,0
08/23/2011,SIG,PR,ASO,ES,Federal Contract Tower,0,0,0,0,0,0,0,0,0,0,0,0,0,0,0,0,0,0,0
08/24/2011,SIG,PR,ASO,ES,Federal Contract Tower,0,0,0,0,0,0,0,0,0,0,0,0,0,0,0,0,0,0,0
08/25/2011,SIG,PR,ASO,ES,Federal Contract Tower,0,0,0,0,0,0,0,0,0,0,0,0,0,0,0,0,0,0,0
08/26/2011,SIG,PR,ASO,ES,Federal Contract Tower,0,0,0,0,0,0,0,0,0,0,0,0,0,0,0,0,0,0,0
08/27/2011,SIG,PR,ASO,ES,Federal Contract Tower,0,0,0,0,0,0,0,0,0,0,0,0,0,0,0,0,0,0,0
08/28/2011,SIG,PR,ASO,ES,Federal Contract Tower,0,0,0,0,0,0,0,0,0,0,0,0,0,0,0,0,0,0,0
08/29/2011,SIG,PR,ASO,ES,Federal Contract Tower,0,0,0,0,0,0,0,0,0,0,0,0,0,0,0,0,0,0,0
08/30/2011,SIG,PR,ASO,ES,Federal Contract Tower,0,0,0,0,0,0,0,0,0,0,0,0,0,0,0,0,0,0,0
08/31/2011,SIG,PR,ASO,ES,Federal Contract Tower,0,0,0,0,0,0,0,0,0,0,0,0,0,0,0,0,0,0,0
09/01/2011,SIG,PR,ASO,ES,Federal Contract Tower,0,0,0,0,0,0,0,0,0,0,0,0,0,0,0,0,0,0,0
09/02/2011,SIG,PR,ASO,ES,Federal Contract Tower,0,0,0,0,0,0,0,0,0,0,0,0,0,0,0,0,0,0,0
09/03/2011,SIG,PR,ASO,ES,Federal Contract Tower,0,0,0,0,0,0,0,0,0,0,0,0,0,0,0,0,0,0,0
09/04/2011,SIG,PR,ASO,ES,Federal Contract Tower,0,0,0,0,0,0,0,0,0,0,0,0,0,0,0,0,0,0,0
09/05/2011,SIG,PR,ASO,ES,Federal Contract Tower,0,0,0,0,0,0,0,0,0,0,0,0,0,0,0,0,0,0,0
09/06/2011,SIG,PR,ASO,ES,Federal Contract Tower,0,0,0,0,0,0,0,0,0,0,0,0,0,0,0,0,0,0,0
09/07/2011,SIG,PR,ASO,ES,Federal Contract Tower,0,0,0,0,0,0,0,0,0,0,0,0,0,0,0,0,0,0,0
09/08/2011,SIG,PR,ASO,ES,Federal Contract Tower,0,0,0,0,0,0,0,0,0,0,0,0,0,0,0,0,0,0,0
09/09/2011,SIG,PR,ASO,ES,Federal Contract Tower,0,0,0,0,0,0,0,0,0,0,0,0,0,0,0,0,0,0,0
09/10/2011,SIG,PR,ASO,ES,Federal Contract Tower,0,0,0,0,0,0,0,0,0,0,0,0,0,0,0,0,0,0,0
09/11/2011,SIG,PR,ASO,ES,Federal Contract Tower,0,0,0,0,0,0,0,0,0,0,0,0,0,0,0,0,0,0,0
09/12/2011,SIG,PR,ASO,ES,Federal Contract Tower,0,0,0,0,0,0,0,0,0,0,0,0,0,0,0,0,0,0,0
09/13/2011,SIG,PR,ASO,ES,Federal Contract Tower,0,0,0,0,0,0,0,0,0,0,0,0,0,0,0,0,0,0,0
09/14/2011,SIG,PR,ASO,ES,Federal Contract Tower,0,0,0,0,0,0,0,0,0,0,0,0,0,0,0,0,0,0,0
09/15/2011,SIG,PR,ASO,ES,Federal Contract Tower,0,0,0,0,0,0,0,0,0,0,0,0,0,0,0,0,0,0,0
09/16/2011,SIG,PR,ASO,ES,Federal Contract Tower,0,0,0,0,0,0,0,0,0,0,0,0,0,0,0,0,0,0,0
09/17/2011,SIG,PR,ASO,ES,Federal Contract Tower,0,0,0,0,0,0,0,0,0,0,0,0,0,0,0,0,0,0,0
09/18/2011,SIG,PR,ASO,ES,Federal Contract Tower,0,0,0,0,0,0,0,0,0,0,0,0,0,0,0,0,0,0,0
09/19/2011,SIG,PR,ASO,ES,Federal Contract Tower,0,0,0,0,0,0,0,0,0,0,0,0,0,0,0,0,0,0,0
09/20/2011,SIG,PR,ASO,ES,Federal Contract Tower,0,0,0,0,0,0,0,0,0,0,0,0,0,0,0,0,0,0,0
09/21/2011,SIG,PR,ASO,ES,Federal Contract Tower,0,0,0,0,0,0,0,0,0,0,0,0,0,0,0,0,0,0,0
09/22/2011,SIG,PR,ASO,ES,Federal Contract Tower,0,0,0,0,0,0,0,0,0,0,0,0,0,0,0,0,0,0,0
09/23/2011,SIG,PR,ASO,ES,Federal Contract Tower,0,0,0,0,0,0,0,0,0,0,0,0,0,0,0,0,0,0,0
09/24/2011,SIG,PR,ASO,ES,Federal Contract Tower,0,0,0,0,0,0,0,0,0,0,0,0,0,0,0,0,0,0,0
09/25/2011,SIG,PR,ASO,ES,Federal Contract Tower,0,0,0,0,0,0,0,0,0,0,0,0,0,0,0,0,0,0,0
09/26/2011,SIG,PR,ASO,ES,Federal Contract Tower,0,0,0,0,0,0,0,0,0,0,0,0,0,0,0,0,0,0,0
09/27/2011,SIG,PR,ASO,ES,Federal Contract Tower,0,0,0,0,0,0,0,0,0,0,0,0,0,0,0,0,0,0,0
09/28/2011,SIG,PR,ASO,ES,Federal Contract Tower,0,0,0,0,0,0,0,0,0,0,0,0,0,0,0,0,0,0,0
09/29/2011,SIG,PR,ASO,ES,Federal Contract Tower,0,0,0,0,0,0,0,0,0,0,0,0,0,0,0,0,0,0,0
09/30/2011,SIG,PR,ASO,ES,Federal Contract Tower,0,0,0,0,0,0,0,0,0,0,0,0,0,0,0,0,0,0,0
10/01/2011,SIG,PR,ASO,ES,Federal Contract Tower,0,0,0,0,0,0,0,0,0,0,0,0,0,0,0,0,0,0,0
10/02/2011,SIG,PR,ASO,ES,Federal Contract Tower,0,0,0,0,0,0,0,0,0,0,0,0,0,0,0,0,0,0,0
10/03/2011,SIG,PR,ASO,ES,Federal Contract Tower,0,0,0,0,0,0,0,0,0,0,0,0,0,0,0,0,0,0,0
10/04/2011,SIG,PR,ASO,ES,Federal Contract Tower,0,0,0,0,0,0,0,0,0,0,0,0,0,0,0,0,0,0,0
10/05/2011,SIG,PR,ASO,ES,Federal Contract Tower,0,0,0,0,0,0,0,0,0,0,0,0,0,0,0,0,0,0,0
10/06/2011,SIG,PR,ASO,ES,Federal Contract Tower,0,0,0,0,0,0,0,0,0,0,0,0,0,0,0,0,0,0,0
10/07/2011,SIG,PR,ASO,ES,Federal Contract Tower,0,0,0,0,0,0,0,0,0,0,0,0,0,0,0,0,0,0,0
10/08/2011,SIG,PR,ASO,ES,Federal Contract Tower,0,0,0,0,0,0,0,0,0,0,0,0,0,0,0,0,0,0,0
10/09/2011,SIG,PR,ASO,ES,Federal Contract Tower,0,0,0,0,0,0,0,0,0,0,0,0,0,0,0,0,0,0,0
10/10/2011,SIG,PR,ASO,ES,Federal Contract Tower,0,0,0,0,0,0,0,0,0,0,0,0,0,0,0,0,0,0,0
10/11/2011,SIG,PR,ASO,ES,Federal Contract Tower,0,0,0,0,0,0,0,0,0,0,0,0,0,0,0,0,0,0,0
10/12/2011,SIG,PR,ASO,ES,Federal Contract Tower,0,0,0,0,0,0,0,0,0,0,0,0,0,0,0,0,0,0,0
10/13/2011,SIG,PR,ASO,ES,Federal Contract Tower,0,0,0,0,0,0,0,0,0,0,0,0,0,0,0,0,0,0,0
10/14/2011,SIG,PR,ASO,ES,Federal Contract Tower,0,0,0,0,0,0,0,0,0,0,0,0,0,0,0,0,0,0,0
10/15/2011,SIG,PR,ASO,ES,Federal Contract Tower,0,0,0,0,0,0,0,0,0,0,0,0,0,0,0,0,0,0,0
10/16/2011,SIG,PR,ASO,ES,Federal Contract Tower,0,0,0,0,0,0,0,0,0,0,0,0,0,0,0,0,0,0,0
10/17/2011,SIG,PR,ASO,ES,Federal Contract Tower,0,0,0,0,0,0,0,0,0,0,0,0,0,0,0,0,0,0,0
10/18/2011,SIG,PR,ASO,ES,Federal Contract Tower,0,0,0,0,0,0,0,0,0,0,0,0,0,0,0,0,0,0,0
10/19/2011,SIG,PR,ASO,ES,Federal Contract Tower,0,0,0,0,0,0,0,0,0,0,0,0,0,0,0,0,0,0,0
10/20/2011,SIG,PR,ASO,ES,Federal Contract Tower,0,0,0,0,0,0,0,0,0,0,0,0,0,0,0,0,0,0,0
10/21/2011,SIG,PR,ASO,ES,Federal Contract Tower,0,0,0,0,0,0,0,0,0,0,0,0,0,0,0,0,0,0,0
10/22/2011,SIG,PR,ASO,ES,Federal Contract Tower,0,0,0,0,0,0,0,0,0,0,0,0,0,0,0,0,0,0,0
10/23/2011,SIG,PR,ASO,ES,Federal Contract Tower,0,0,0,0,0,0,0,0,0,0,0,0,0,0,0,0,0,0,0
10/24/2011,SIG,PR,ASO,ES,Federal Contract Tower,0,0,0,0,0,0,0,0,0,0,0,0,0,0,0,0,0,0,0
10/25/2011,SIG,PR,ASO,ES,Federal Contract Tower,0,0,10,0,10,0,40,101,0,141,0,40,111,0,151,130,0,130,281
10/26/2011,SIG,PR,ASO,ES,Federal Contract Tower,0,0,9,2,11,0,41,131,3,175,0,41,140,5,186,136,0,136,322
10/27/2011,SIG,PR,ASO,ES,Federal Contract Tower,0,0,9,0,9,0,36,125,10,171,0,36,134,10,180,112,0,112,292
10/28/2011,SIG,PR,ASO,ES,Federal Contract Tower,0,0,11,0,11,0,43,134,3,180,0,43,145,3,191,156,0,156,347
10/29/2011,SIG,PR,ASO,ES,Federal Contract Tower,0,0,6,0,6,0,27,128,0,155,0,27,134,0,161,92,0,92,253
10/30/2011,SIG,PR,ASO,ES,Federal Contract Tower,0,0,5,0,5,0,20,90,1,111,0,20,95,1,116,78,0,78,194
10/31/2011,SIG,PR,ASO,ES,Federal Contract Tower,0,0,10,0,10,0,29,97,0,126,0,29,107,0,136,58,0,58,194
11/01/2011,SIG,PR,ASO,ES,Federal Contract Tower,0,0,4,0,4,0,35,87,0,122,0,35,91,0,126,128,0,128,254
11/02/2011,SIG,PR,ASO,ES,Federal Contract Tower,0,0,10,0,10,0,33,120,1,154,0,33,130,1,164,54,0,54,218
11/03/2011,SIG,PR,ASO,ES,Federal Contract Tower,0,0,7,1,8,0,37,110,1,148,0,37,117,2,156,122,0,122,278
11/04/2011,SIG,PR,ASO,ES,Federal Contract Tower,0,0,5,0,5,0,44,117,0,161,0,44,122,0,166,106,0,106,272
11/05/2011,SIG,PR,ASO,ES,Federal Contract Tower,0,0,7,0,7,0,34,136,0,170,0,34,143,0,177,90,0,90,267
11/06/2011,SIG,PR,ASO,ES,Federal Contract Tower,0,0,4,2,6,0,20,69,0,89,0,20,73,2,95,44,0,44,139
11/07/2011,SIG,PR,ASO,ES,Federal Contract Tower,0,0,5,0,5,0,31,101,0,132,0,31,106,0,137,154,8,162,299
11/08/2011,SIG,PR,ASO,ES,Federal Contract Tower,0,0,10,1,11,0,39,116,3,158,0,39,126,4,169,128,0,128,297
11/09/2011,SIG,PR,ASO,ES,Federal Contract Tower,0,0,5,0,5,0,37,78,0,115,0,37,83,0,120,126,0,126,246
11/10/2011,SIG,PR,ASO,ES,Federal Contract Tower,0,0,18,1,19,0,37,107,2,146,0,37,125,3,165,98,0,98,263
11/11/2011,SIG,PR,ASO,ES,Federal Contract Tower,0,0,16,0,16,0,36,117,0,153,0,36,133,0,169,166,0,166,335
11/12/2011,SIG,PR,ASO,ES,Federal Contract Tower,0,0,4,0,4,0,38,116,0,154,0,38,120,0,158,96,0,96,254
11/13/2011,SIG,PR,ASO,ES,Federal Contract Tower,0,0,14,0,14,0,23,97,0,120,0,23,111,0,134,146,0,146,280
11/14/2011,SIG,PR,ASO,ES,Federal Contract Tower,0,0,6,1,7,0,38,105,0,143,0,38,111,1,150,136,0,136,286
11/15/2011,SIG,PR,ASO,ES,Federal Contract Tower,0,0,3,0,3,0,39,133,11,183,0,39,136,11,186,134,0,134,320
11/16/2011,SIG,PR,ASO,ES,Federal Contract Tower,0,0,5,0,5,0,40,117,1,158,0,40,122,1,163,102,0,102,265
11/17/2011,SIG,PR,ASO,ES,Federal Contract Tower,0,0,15,0,15,0,34,141,2,177,0,34,156,2,192,148,0,148,340
11/18/2011,SIG,PR,ASO,ES,Federal Contract Tower,0,0,10,1,11,0,49,146,5,200,0,49,156,6,211,146,0,146,357
11/19/2011,SIG,PR,ASO,ES,Federal Contract Tower,0,0,16,0,16,0,45,144,10,199,0,45,160,10,215,128,0,128,343
11/20/2011,SIG,PR,ASO,ES,Federal Contract Tower,0,0,10,0,10,0,35,83,0,118,0,35,93,0,128,52,0,52,180
11/21/2011,SIG,PR,ASO,ES,Federal Contract Tower,0,0,20,2,22,0,35,110,1,146,0,35,130,3,168,114,0,114,282
11/22/2011,SIG,PR,ASO,ES,Federal Contract Tower,0,0,19,0,19,0,35,128,2,165,0,35,147,2,184,130,0,130,314
11/23/2011,SIG,PR,ASO,ES,Federal Contract Tower,0,0,17,0,17,0,36,159,2,197,0,36,176,2,214,168,0,168,382
11/24/2011,SIG,PR,ASO,ES,Federal Contract Tower,0,0,5,0,5,0,23,61,0,84,0,23,66,0,89,60,0,60,149
11/25/2011,SIG,PR,ASO,ES,Federal Contract Tower,0,0,9,0,9,0,37,130,0,167,0,37,139,0,176,110,0,110,286
11/26/2011,SIG,PR,ASO,ES,Federal Contract Tower,0,0,7,0,7,0,30,79,0,109,0,30,86,0,116,80,0,80,196
11/27/2011,SIG,PR,ASO,ES,Federal Contract Tower,0,0,32,0,32,0,24,90,0,114,0,24,122,0,146,84,0,84,230
11/28/2011,SIG,PR,ASO,ES,Federal Contract Tower,0,0,18,1,19,0,32,94,2,128,0,32,112,3,147,62,0,62,209
11/29/2011,SIG,PR,ASO,ES,Federal Contract Tower,0,0,10,2,12,0,34,86,4,124,0,34,96,6,136,154,14,168,304
11/30/2011,SIG,PR,ASO,ES,Federal Contract Tower,0,0,6,0,6,0,31,111,2,144,0,31,117,2,150,140,0,140,290
12/01/2011,SIG,PR,ASO,ES,Federal Contract Tower,0,0,12,1,13,0,36,135,1,172,0,36,147,2,185,222,0,222,407
12/02/2011,SIG,PR,ASO,ES,Federal Contract Tower,0,0,12,0,12,0,48,122,0,170,0,48,134,0,182,196,0,196,378
12/03/2011,SIG,PR,ASO,ES,Federal Contract Tower,0,7,0,0,7,0,37,124,2,163,0,44,124,2,170,98,0,98,268
12/04/2011,SIG,PR,ASO,ES,Federal Contract Tower,0,0,10,1,11,0,27,93,2,122,0,27,103,3,133,82,0,82,215
12/05/2011,SIG,PR,ASO,ES,Federal Contract Tower,0,0,11,0,11,0,34,69,3,106,0,34,80,3,117,38,0,38,155
12/06/2011,SIG,PR,ASO,ES,Federal Contract Tower,0,0,6,1,7,0,35,129,4,168,0,35,135,5,175,200,0,200,375
12/07/2011,SIG,PR,ASO,ES,Federal Contract Tower,0,0,4,0,4,0,42,121,6,169,0,42,125,6,173,160,0,160,333
12/08/2011,SIG,PR,ASO,ES,Federal Contract Tower,0,0,9,1,10,0,44,138,5,187,0,44,147,6,197,272,0,272,469
12/09/2011,SIG,PR,ASO,ES,Federal Contract Tower,0,0,8,4,12,0,49,111,2,162,0,49,119,6,174,132,0,132,306
12/10/2011,SIG,PR,ASO,ES,Federal Contract Tower,0,0,8,0,8,0,36,71,0,107,0,36,79,0,115,94,0,94,209
12/11/2011,SIG,PR,ASO,ES,Federal Contract Tower,0,0,9,0,9,0,25,80,0,105,0,25,89,0,114,120,0,120,234
12/12/2011,SIG,PR,ASO,ES,Federal Contract Tower,0,0,6,1,7,0,32,102,5,139,0,32,108,6,146,112,0,112,258
12/13/2011,SIG,PR,ASO,ES,Federal Contract Tower,0,0,11,1,12,0,39,118,5,162,0,39,129,6,174,124,3,127,301
12/14/2011,SIG,PR,ASO,ES,Federal Contract Tower,0,0,9,0,9,0,41,118,3,162,0,41,127,3,171,140,0,140,311
12/15/2011,SIG,PR,ASO,ES,Federal Contract Tower,0,0,12,0,12,0,41,128,2,171,0,41,140,2,183,146,0,146,329
12/16/2011,SIG,PR,ASO,ES,Federal Contract Tower,0,0,11,1,12,0,45,143,9,197,0,45,154,10,209,128,0,128,337
12/17/2011,SIG,PR,ASO,ES,Federal Contract Tower,0,0,9,1,10,0,33,218,5,256,0,33,227,6,266,108,0,108,374
12/18/2011,SIG,PR,ASO,ES,Federal Contract Tower,0,0,11,1,12,0,32,156,1,189,0,32,167,2,201,144,0,144,345
12/19/2011,SIG,PR,ASO,ES,Federal Contract Tower,0,0,7,0,7,0,37,97,2,136,0,37,104,2,143,110,0,110,253
12/20/2011,SIG,PR,ASO,ES,Federal Contract Tower,0,0,11,2,13,0,42,92,4,138,0,42,103,6,151,116,10,126,277
12/21/2011,SIG,PR,ASO,ES,Federal Contract Tower,0,0,12,0,12,0,42,119,3,164,0,42,131,3,176,212,0,212,388
12/22/2011,SIG,PR,ASO,ES,Federal Contract Tower,0,0,11,0,11,0,41,132,1,174,0,41,143,1,185,114,0,114,299
12/23/2011,SIG,PR,ASO,ES,Federal Contract Tower,0,0,11,0,11,0,44,141,1,186,0,44,152,1,197,108,0,108,305
12/24/2011,SIG,PR,ASO,ES,Federal Contract Tower,0,0,6,0,6,0,37,87,0,124,0,37,93,0,130,82,0,82,212
12/25/2011,SIG,PR,ASO,ES,Federal Contract Tower,0,0,4,0,4,0,36,40,0,76,0,36,44,0,80,22,0,22,102
12/26/2011,SIG,PR,ASO,ES,Federal Contract Tower,0,0,12,0,12,0,34,94,2,130,0,34,106,2,142,72,0,72,214
12/27/2011,SIG,PR,ASO,ES,Federal Contract Tower,0,0,17,0,17,0,47,129,6,182,0,47,146,6,199,58,0,58,257
12/28/2011,SIG,PR,ASO,ES,Federal Contract Tower,0,0,11,0,11,0,51,131,6,188,0,51,142,6,199,80,2,82,281
12/29/2011,SIG,PR,ASO,ES,Federal Contract Tower,0,0,16,0,16,0,62,146,0,208,0,62,162,0,224,170,0,170,394
12/30/2011,SIG,PR,ASO,ES,Federal Contract Tower,0,0,8,0,8,0,51,159,1,211,0,51,167,1,219,88,0,88,307
12/31/2011,SIG,PR,ASO,ES,Federal Contract Tower,0,0,2,0,2,0,43,139,0,182,0,43,141,0,184,102,0,102,286
01/01/2012,SIG,PR,ASO,ES,Federal Contract Tower,0,0,9,0,9,0,32,53,0,85,0,32,62,0,94,0,0,0,94
01/02/2012,SIG,PR,ASO,ES,Federal Contract Tower,0,0,27,0,27,0,44,118,0,162,0,44,145,0,189,66,0,66,255
01/03/2012,SIG,PR,ASO,ES,Federal Contract Tower,0,0,13,0,13,0,40,130,5,175,0,40,143,5,188,68,0,68,256
01/04/2012,SIG,PR,ASO,ES,Federal Contract Tower,0,0,14,0,14,0,46,106,4,156,0,46,120,4,170,132,0,132,302
01/05/2012,SIG,PR,ASO,ES,Federal Contract Tower,0,0,18,0,18,0,46,129,4,179,0,46,147,4,197,100,0,100,297
01/06/2012,SIG,PR,ASO,ES,Federal Contract Tower,0,0,6,0,6,0,48,94,1,143,0,48,100,1,149,66,0,66,215
01/07/2012,SIG,PR,ASO,ES,Federal Contract Tower,0,0,7,0,7,0,41,150,2,193,0,41,157,2,200,143,0,143,343
01/08/2012,SIG,PR,ASO,ES,Federal Contract Tower,0,0,14,0,14,0,32,86,0,118,0,32,100,0,132,14,0,14,146
01/09/2012,SIG,PR,ASO,ES,Federal Contract Tower,0,0,7,0,7,0,39,95,4,138,0,39,102,4,145,76,0,76,221
01/10/2012,SIG,PR,ASO,ES,Federal Contract Tower,0,0,4,2,6,0,36,103,13,152,0,36,107,15,158,68,0,68,226
01/11/2012,SIG,PR,ASO,ES,Federal Contract Tower,0,0,8,0,8,0,47,122,0,169,0,47,130,0,177,76,0,76,253
01/12/2012,SIG,PR,ASO,ES,Federal Contract Tower,0,0,10,0,10,0,43,140,4,187,0,43,150,4,197,82,0,82,279
01/13/2012,SIG,PR,ASO,ES,Federal Contract Tower,0,0,12,0,12,0,55,141,6,202,0,55,153,6,214,124,0,124,338
01/14/2012,SIG,PR,ASO,ES,Federal Contract Tower,0,0,11,0,11,0,53,188,2,243,0,53,199,2,254,108,0,108,362
01/15/2012,SIG,PR,ASO,ES,Federal Contract Tower,0,0,14,0,14,0,28,130,2,160,0,28,144,2,174,66,0,66,240
01/16/2012,SIG,PR,ASO,ES,Federal Contract Tower,0,0,6,1,7,0,41,100,1,142,0,41,106,2,149,42,0,42,191
01/17/2012,SIG,PR,ASO,ES,Federal Contract Tower,0,0,8,1,9,0,37,107,10,154,0,37,115,11,163,140,0,140,303
01/18/2012,SIG,PR,ASO,ES,Federal Contract Tower,0,0,11,0,11,0,42,84,7,133,0,42,95,7,144,46,0,46,190
01/19/2012,SIG,PR,ASO,ES,Federal Contract Tower,0,0,7,0,7,0,38,145,7,190,0,38,152,7,197,120,6,126,323
01/20/2012,SIG,PR,ASO,ES,Federal Contract Tower,0,0,19,0,19,0,53,169,8,230,0,53,188,8,249,180,0,180,429
01/21/2012,SIG,PR,ASO,ES,Federal Contract Tower,0,0,13,0,13,0,45,161,2,208,0,45,174,2,221,214,0,214,435
01/22/2012,SIG,PR,ASO,ES,Federal Contract Tower,0,0,12,1,13,0,33,106,2,141,0,33,118,3,154,68,0,68,222
01/23/2012,SIG,PR,ASO,ES,Federal Contract Tower,0,0,11,1,12,0,41,98,5,144,0,41,109,6,156,66,0,66,222
01/24/2012,SIG,PR,ASO,ES,Federal Contract Tower,0,0,8,0,8,0,39,116,4,159,0,39,124,4,167,126,0,126,293
01/25/2012,SIG,PR,ASO,ES,Federal Contract Tower,0,0,9,1,10,0,41,115,7,163,0,41,124,8,173,74,0,74,247
01/26/2012,SIG,PR,ASO,ES,Federal Contract Tower,0,0,7,1,8,0,35,120,2,157,0,35,127,3,165,98,0,98,263
01/27/2012,SIG,PR,ASO,ES,Federal Contract Tower,0,0,14,2,16,0,47,140,6,193,0,47,154,8,209,74,0,74,283
01/28/2012,SIG,PR,ASO,ES,Federal Contract Tower,0,0,5,0,5,0,38,166,2,206,0,38,171,2,211,186,0,186,397
01/29/2012,SIG,PR,ASO,ES,Federal Contract Tower,0,0,12,0,12,0,25,154,0,179,0,25,166,0,191,104,0,104,295
01/30/2012,SIG,PR,ASO,ES,Federal Contract Tower,0,0,6,0,6,0,40,104,2,146,0,40,110,2,152,126,0,126,278
01/31/2012,SIG,PR,ASO,ES,Federal Contract Tower,0,0,10,0,10,0,50,130,6,186,0,50,140,6,196,156,0,156,352
02/01/2012,SIG,PR,ASO,ES,Federal Contract Tower,0,0,6,3,9,0,43,88,2,133,0,43,94,5,142,36,0,36,178
02/02/2012,SIG,PR,ASO,ES,Federal Contract Tower,0,0,9,0,9,0,38,122,2,162,0,38,131,2,171,176,0,176,347
02/03/2012,SIG,PR,ASO,ES,Federal Contract Tower,0,0,8,0,8,0,57,148,7,212,0,57,156,7,220,176,0,176,396
02/04/2012,SIG,PR,ASO,ES,Federal Contract Tower,0,0,5,0,5,0,40,173,3,216,0,40,178,3,221,248,0,248,469
02/05/2012,SIG,PR,ASO,ES,Federal Contract Tower,0,0,8,0,8,0,33,105,2,140,0,33,113,2,148,114,0,114,262
02/06/2012,SIG,PR,ASO,ES,Federal Contract Tower,0,0,7,1,8,0,43,120,4,167,0,43,127,5,175,114,0,114,289
02/07/2012,SIG,PR,ASO,ES,Federal Contract Tower,0,0,4,1,5,0,43,122,7,172,0,43,126,8,177,98,0,98,275
02/08/2012,SIG,PR,ASO,ES,Federal Contract Tower,0,0,13,3,16,0,43,127,2,172,0,43,140,5,188,156,0,156,344
02/09/2012,SIG,PR,ASO,ES,Federal Contract Tower,0,0,12,0,12,0,48,162,7,217,0,48,174,7,229,226,0,226,455
02/10/2012,SIG,PR,ASO,ES,Federal Contract Tower,0,0,9,2,11,0,48,171,5,224,0,48,180,7,235,120,0,120,355
02/11/2012,SIG,PR,ASO,ES,Federal Contract Tower,0,0,9,0,9,0,39,170,0,209,0,39,179,0,218,224,0,224,442
02/12/2012,SIG,PR,ASO,ES,Federal Contract Tower,0,0,13,0,13,0,35,143,0,178,0,35,156,0,191,120,0,120,311
02/13/2012,SIG,PR,ASO,ES,Federal Contract Tower,0,0,10,0,10,0,43,158,5,206,0,43,168,5,216,234,4,238,454
02/14/2012,SIG,PR,ASO,ES,Federal Contract Tower,0,0,11,1,12,0,40,105,4,149,0,40,116,5,161,100,0,100,261
02/15/2012,SIG,PR,ASO,ES,Federal Contract Tower,0,0,11,1,12,0,39,120,5,164,0,39,131,6,176,100,0,100,276
02/16/2012,SIG,PR,ASO,ES,Federal Contract Tower,0,0,9,2,11,0,46,146,6,198,0,46,155,8,209,172,0,172,381
02/17/2012,SIG,PR,ASO,ES,Federal Contract Tower,0,0,18,0,18,0,59,264,2,325,0,59,282,2,343,200,0,200,543
02/18/2012,SIG,PR,ASO,ES,Federal Contract Tower,0,0,10,0,10,0,33,195,0,228,0,33,205,0,238,144,0,144,382
02/19/2012,SIG,PR,ASO,ES,Federal Contract Tower,0,0,7,0,7,0,33,117,0,150,0,33,124,0,157,106,0,106,263
02/20/2012,SIG,PR,ASO,ES,Federal Contract Tower,0,0,17,0,17,0,45,137,0,182,0,45,154,0,199,174,0,174,373
02/21/2012,SIG,PR,ASO,ES,Federal Contract Tower,0,0,7,1,8,0,47,163,6,216,0,47,170,7,224,220,0,220,444
02/22/2012,SIG,PR,ASO,ES,Federal Contract Tower,0,0,12,2,14,0,36,159,3,198,0,36,171,5,212,146,0,146,358
02/23/2012,SIG,PR,ASO,ES,Federal Contract Tower,0,0,9,1,10,0,38,130,3,171,0,38,139,4,181,110,0,110,291
02/24/2012,SIG,PR,ASO,ES,Federal Contract Tower,0,0,7,0,7,0,49,145,6,200,0,49,152,6,207,136,0,136,343
02/25/2012,SIG,PR,ASO,ES,Federal Contract Tower,0,0,7,0,7,0,38,185,12,235,0,38,192,12,242,196,0,196,438
02/26/2012,SIG,PR,ASO,ES,Federal Contract Tower,0,0,9,0,9,0,24,112,1,137,0,24,121,1,146,100,0,100,246
02/27/2012,SIG,PR,ASO,ES,Federal Contract Tower,0,0,11,0,11,0,43,131,0,174,0,43,142,0,185,218,0,218,403
02/28/2012,SIG,PR,ASO,ES,Federal Contract Tower,0,0,4,0,4,2,39,148,5,194,2,39,152,5,198,270,0,270,468
02/29/2012,SIG,PR,ASO,ES,Federal Contract Tower,0,0,9,1,10,0,38,134,10,182,0,38,143,11,192,102,0,102,294
03/01/2012,SIG,PR,ASO,ES,Federal Contract Tower,0,0,13,0,13,0,35,132,1,168,0,35,145,1,181,178,0,178,359
03/02/2012,SIG,PR,ASO,ES,Federal Contract Tower,0,0,11,0,11,0,45,201,3,249,0,45,212,3,260,206,0,206,466
03/03/2012,SIG,PR,ASO,ES,Federal Contract Tower,0,0,11,0,11,0,41,189,0,230,0,41,200,0,241,216,0,216,457
03/04/2012,SIG,PR,ASO,ES,Federal Contract Tower,0,0,9,1,10,0,26,104,1,131,0,26,113,2,141,34,0,34,175
03/05/2012,SIG,PR,ASO,ES,Federal Contract Tower,0,0,3,2,5,0,31,88,2,121,0,31,91,4,126,78,0,78,204
03/06/2012,SIG,PR,ASO,ES,Federal Contract Tower,0,0,6,1,7,0,41,128,1,170,0,41,134,2,177,96,0,96,273
03/07/2012,SIG,PR,ASO,ES,Federal Contract Tower,0,0,20,0,20,0,42,73,0,115,0,42,93,0,135,14,0,14,149
03/08/2012,SIG,PR,ASO,ES,Federal Contract Tower,0,0,9,1,10,0,37,125,5,167,0,37,134,6,177,172,0,172,349
03/09/2012,SIG,PR,ASO,ES,Federal Contract Tower,0,0,12,2,14,0,52,154,1,207,0,52,166,3,221,174,0,174,395
03/10/2012,SIG,PR,ASO,ES,Federal Contract Tower,0,0,6,0,6,0,34,151,1,186,0,34,157,1,192,174,0,174,366
03/11/2012,SIG,PR,ASO,ES,Federal Contract Tower,0,0,15,0,15,0,35,103,1,139,0,35,118,1,154,6,0,6,160
03/12/2012,SIG,PR,ASO,ES,Federal Contract Tower,0,0,9,1,10,0,42,151,11,204,0,42,160,12,214,142,0,142,356
03/13/2012,SIG,PR,ASO,ES,Federal Contract Tower,0,0,9,1,10,0,35,127,3,165,0,35,136,4,175,130,0,130,305
03/14/2012,SIG,PR,ASO,ES,Federal Contract Tower,0,0,13,0,13,0,46,114,9,169,0,46,127,9,182,160,0,160,342
03/15/2012,SIG,PR,ASO,ES,Federal Contract Tower,0,0,8,0,8,0,48,144,18,210,0,48,152,18,218,160,0,160,378
03/16/2012,SIG,PR,ASO,ES,Federal Contract Tower,0,0,6,1,7,0,44,168,12,224,0,44,174,13,231,262,0,262,493
03/17/2012,SIG,PR,ASO,ES,Federal Contract Tower,0,0,14,0,14,0,29,158,3,190,0,29,172,3,204,196,0,196,400
03/18/2012,SIG,PR,ASO,ES,Federal Contract Tower,0,0,15,2,17,0,35,119,3,157,0,35,134,5,174,120,0,120,294
03/19/2012,SIG,PR,ASO,ES,Federal Contract Tower,0,0,5,1,6,0,38,100,3,141,0,38,105,4,147,130,22,152,299
03/20/2012,SIG,PR,ASO,ES,Federal Contract Tower,0,0,5,2,7,0,38,122,2,162,0,38,127,4,169,170,0,170,339
03/21/2012,SIG,PR,ASO,ES,Federal Contract Tower,0,0,18,3,21,0,29,149,5,183,0,29,167,8,204,114,0,114,318
03/22/2012,SIG,PR,ASO,ES,Federal Contract Tower,0,0,12,0,12,0,0,34,60,94,0,0,46,60,106,50,0,50,156
03/23/2012,SIG,PR,ASO,ES,Federal Contract Tower,0,0,19,1,20,0,46,101,6,153,0,46,120,7,173,58,0,58,231
03/24/2012,SIG,PR,ASO,ES,Federal Contract Tower,0,0,4,0,4,0,39,151,2,192,0,39,155,2,196,188,0,188,384
03/25/2012,SIG,PR,ASO,ES,Federal Contract Tower,0,0,24,1,25,0,27,62,2,91,0,27,86,3,116,10,0,10,126
03/26/2012,SIG,PR,ASO,ES,Federal Contract Tower,0,0,5,1,6,0,37,115,1,153,0,37,120,2,159,182,0,182,341
03/27/2012,SIG,PR,ASO,ES,Federal Contract Tower,0,0,8,0,8,0,32,142,1,175,0,32,150,1,183,206,0,206,389
03/28/2012,SIG,PR,ASO,ES,Federal Contract Tower,0,0,10,1,11,0,52,123,1,176,0,52,133,2,187,128,0,128,315
03/29/2012,SIG,PR,ASO,ES,Federal Contract Tower,0,0,11,0,11,0,36,65,0,101,0,36,76,0,112,34,0,34,146
03/30/2012,SIG,PR,ASO,ES,Federal Contract Tower,0,0,8,0,8,0,39,123,2,164,0,39,131,2,172,168,0,168,340
03/31/2012,SIG,PR,ASO,ES,Federal Contract Tower,0,0,17,0,17,0,42,143,0,185,0,42,160,0,202,142,0,142,344
04/01/2012,SIG,PR,ASO,ES,Federal Contract Tower,0,0,14,0,14,0,28,122,0,150,0,28,136,0,164,48,0,48,212
04/02/2012,SIG,PR,ASO,ES,Federal Contract Tower,0,0,11,0,11,0,38,110,0,148,0,38,121,0,159,140,0,140,299
04/03/2012,SIG,PR,ASO,ES,Federal Contract Tower,0,0,14,0,14,0,40,108,2,150,0,40,122,2,164,170,0,170,334
04/04/2012,SIG,PR,ASO,ES,Federal Contract Tower,0,0,21,0,21,0,44,139,2,185,0,44,160,2,206,160,0,160,366
04/05/2012,SIG,PR,ASO,ES,Federal Contract Tower,0,0,10,0,10,0,47,118,2,167,0,47,128,2,177,88,0,88,265
04/06/2012,SIG,PR,ASO,ES,Federal Contract Tower,0,0,2,0,2,0,35,74,0,109,0,35,76,0,111,20,0,20,131
04/07/2012,SIG,PR,ASO,ES,Federal Contract Tower,6,0,0,0,6,0,37,164,0,201,6,37,164,0,207,186,0,186,393
04/08/2012,SIG,PR,ASO,ES,Federal Contract Tower,0,0,27,0,27,0,41,162,0,203,0,41,189,0,230,62,0,62,292
04/09/2012,SIG,PR,ASO,ES,Federal Contract Tower,0,0,20,1,21,0,42,122,1,165,0,42,142,2,186,92,0,92,278
04/10/2012,SIG,PR,ASO,ES,Federal Contract Tower,0,0,4,0,4,0,51,127,0,178,0,51,131,0,182,226,0,226,408
04/11/2012,SIG,PR,ASO,ES,Federal Contract Tower,0,0,13,0,13,0,37,125,4,166,0,37,138,4,179,154,0,154,333
04/12/2012,SIG,PR,ASO,ES,Federal Contract Tower,0,0,18,1,19,0,39,135,3,177,0,39,153,4,196,58,0,58,254
04/13/2012,SIG,PR,ASO,ES,Federal Contract Tower,0,0,11,0,11,0,43,151,2,196,0,43,162,2,207,96,0,96,303
04/14/2012,SIG,PR,ASO,ES,Federal Contract Tower,0,0,17,0,17,0,27,73,0,100,0,27,90,0,117,54,0,54,171
04/15/2012,SIG,PR,ASO,ES,Federal Contract Tower,0,0,12,1,13,0,37,120,1,158,0,37,132,2,171,24,0,24,195
04/16/2012,SIG,PR,ASO,ES,Federal Contract Tower,0,0,10,0,10,0,41,147,3,191,0,41,157,3,201,102,0,102,303
04/17/2012,SIG,PR,ASO,ES,Federal Contract Tower,0,0,12,1,13,0,32,122,10,164,0,32,134,11,177,146,0,146,323
04/18/2012,SIG,PR,ASO,ES,Federal Contract Tower,0,0,4,2,6,0,46,110,14,170,0,46,114,16,176,170,0,170,346
04/19/2012,SIG,PR,ASO,ES,Federal Contract Tower,0,0,12,1,13,0,38,126,4,168,0,38,138,5,181,182,6,188,369
04/20/2012,SIG,PR,ASO,ES,Federal Contract Tower,0,0,12,0,12,0,40,141,5,186,0,40,153,5,198,218,0,218,416
04/21/2012,SIG,PR,ASO,ES,Federal Contract Tower,0,0,1,0,1,0,40,119,0,159,0,40,120,0,160,82,0,82,242
04/22/2012,SIG,PR,ASO,ES,Federal Contract Tower,0,0,8,1,9,0,31,66,8,105,0,31,74,9,114,24,4,28,142
04/23/2012,SIG,PR,ASO,ES,Federal Contract Tower,0,0,11,0,11,0,35,102,5,142,0,35,113,5,153,96,0,96,249
04/24/2012,SIG,PR,ASO,ES,Federal Contract Tower,0,0,5,2,7,0,44,107,8,159,0,44,112,10,166,172,0,172,338
04/25/2012,SIG,PR,ASO,ES,Federal Contract Tower,0,0,9,2,11,0,43,119,9,171,0,43,128,11,182,118,0,118,300
04/26/2012,SIG,PR,ASO,ES,Federal Contract Tower,0,0,9,1,10,0,38,152,9,199,0,38,161,10,209,210,0,210,419
04/27/2012,SIG,PR,ASO,ES,Federal Contract Tower,0,0,12,2,14,0,36,169,2,207,0,36,181,4,221,186,0,186,407
04/28/2012,SIG,PR,ASO,ES,Federal Contract Tower,0,0,9,0,9,0,41,157,0,198,0,41,166,0,207,140,0,140,347
04/29/2012,SIG,PR,ASO,ES,Federal Contract Tower,0,0,8,0,8,0,10,142,0,152,0,10,150,0,160,74,0,74,234
04/30/2012,SIG,PR,ASO,ES,Federal Contract Tower,0,0,10,0,10,0,40,143,0,183,0,40,153,0,193,138,0,138,331
05/01/2012,SIG,PR,ASO,ES,Federal Contract Tower,0,0,9,3,12,0,38,120,5,163,0,38,129,8,175,124,0,124,299
05/02/2012,SIG,PR,ASO,ES,Federal Contract Tower,0,0,5,0,5,0,36,87,0,123,0,36,92,0,128,74,0,74,202
05/03/2012,SIG,PR,ASO,ES,Federal Contract Tower,0,0,11,2,13,0,38,113,3,154,0,38,124,5,167,122,0,122,289
05/04/2012,SIG,PR,ASO,ES,Federal Contract Tower,0,0,14,0,14,0,39,144,0,183,0,39,158,0,197,162,0,162,359
05/05/2012,SIG,PR,ASO,ES,Federal Contract Tower,0,0,5,0,5,0,34,159,1,194,0,34,164,1,199,158,0,158,357
05/06/2012,SIG,PR,ASO,ES,Federal Contract Tower,0,0,5,0,5,0,0,0,0,0,0,0,5,0,5,38,0,38,43
05/07/2012,SIG,PR,ASO,ES,Federal Contract Tower,0,0,11,0,11,0,45,120,7,172,0,45,131,7,183,166,0,166,349
05/08/2012,SIG,PR,ASO,ES,Federal Contract Tower,0,0,3,0,3,0,35,89,1,125,0,35,92,1,128,76,0,76,204
05/09/2012,SIG,PR,ASO,ES,Federal Contract Tower,0,0,7,1,8,0,40,120,5,165,0,40,127,6,173,109,0,109,282
05/10/2012,SIG,PR,ASO,ES,Federal Contract Tower,0,0,7,1,8,0,39,106,6,151,0,39,113,7,159,82,0,82,241
05/11/2012,SIG,PR,ASO,ES,Federal Contract Tower,0,0,6,0,6,0,40,122,4,166,0,40,128,4,172,124,0,124,296
05/12/2012,SIG,PR,ASO,ES,Federal Contract Tower,0,0,10,0,10,0,24,120,0,144,0,24,130,0,154,104,0,104,258
05/13/2012,SIG,PR,ASO,ES,Federal Contract Tower,0,0,5,1,6,0,32,67,2,101,0,32,72,3,107,34,0,34,141
05/14/2012,SIG,PR,ASO,ES,Federal Contract Tower,0,0,7,1,8,0,43,122,1,166,0,43,129,2,174,96,0,96,270
05/15/2012,SIG,PR,ASO,ES,Federal Contract Tower,0,0,6,2,8,0,42,139,5,186,0,42,145,7,194,138,16,154,348
05/16/2012,SIG,PR,ASO,ES,Federal Contract Tower,0,0,7,0,7,0,40,136,2,178,0,40,143,2,185,86,0,86,271
05/17/2012,SIG,PR,ASO,ES,Federal Contract Tower,0,0,8,0,8,0,39,118,1,158,0,39,126,1,166,86,0,86,252
05/18/2012,SIG,PR,ASO,ES,Federal Contract Tower,0,0,4,1,5,0,56,143,7,206,0,56,147,8,211,158,4,162,373
05/19/2012,SIG,PR,ASO,ES,Federal Contract Tower,0,0,8,0,8,0,39,208,0,247,0,39,216,0,255,186,0,186,441
05/20/2012,SIG,PR,ASO,ES,Federal Contract Tower,0,0,11,1,12,0,30,98,1,129,0,30,109,2,141,0,0,0,141
05/21/2012,SIG,PR,ASO,ES,Federal Contract Tower,0,0,9,0,9,0,53,163,7,223,0,53,172,7,232,198,8,206,438
05/22/2012,SIG,PR,ASO,ES,Federal Contract Tower,0,0,8,1,9,0,51,179,6,236,0,51,187,7,245,194,8,202,447
05/23/2012,SIG,PR,ASO,ES,Federal Contract Tower,0,0,7,2,9,0,40,139,4,183,0,40,146,6,192,134,0,134,326
05/24/2012,SIG,PR,ASO,ES,Federal Contract Tower,0,0,8,2,10,0,43,151,5,199,0,43,159,7,209,88,0,88,297
05/25/2012,SIG,PR,ASO,ES,Federal Contract Tower,0,0,10,0,10,0,47,193,2,242,0,47,203,2,252,128,6,134,386
05/26/2012,SIG,PR,ASO,ES,Federal Contract Tower,0,0,7,0,7,0,38,216,0,254,0,38,223,0,261,156,0,156,417
05/27/2012,SIG,PR,ASO,ES,Federal Contract Tower,0,0,4,0,4,0,37,143,0,180,0,37,147,0,184,60,0,60,244
05/28/2012,SIG,PR,ASO,ES,Federal Contract Tower,0,0,12,0,12,0,55,188,0,243,0,55,200,0,255,136,0,136,391
05/29/2012,SIG,PR,ASO,ES,Federal Contract Tower,0,0,8,0,8,0,50,199,7,256,0,50,207,7,264,136,4,140,404
05/30/2012,SIG,PR,ASO,ES,Federal Contract Tower,0,0,8,0,8,0,32,111,0,143,0,32,119,0,151,50,0,50,201
05/31/2012,SIG,PR,ASO,ES,Federal Contract Tower,0,0,7,0,7,0,41,146,0,187,0,41,153,0,194,130,0,130,324
06/01/2012,SIG,PR,ASO,ES,Federal Contract Tower,0,0,7,0,7,0,48,167,1,216,0,48,174,1,223,162,0,162,385
06/02/2012,SIG,PR,ASO,ES,Federal Contract Tower,0,0,9,0,9,0,37,106,0,143,0,37,115,0,152,68,0,68,220
06/03/2012,SIG,PR,ASO,ES,Federal Contract Tower,0,0,16,0,16,0,41,149,0,190,0,41,165,0,206,56,0,56,262
06/04/2012,SIG,PR,ASO,ES,Federal Contract Tower,0,0,8,0,8,0,48,129,4,181,0,48,137,4,189,160,4,164,353
06/05/2012,SIG,PR,ASO,ES,Federal Contract Tower,0,0,9,0,9,0,38,135,9,182,0,38,144,9,191,118,0,118,309
06/06/2012,SIG,PR,ASO,ES,Federal Contract Tower,0,0,5,0,5,0,42,132,5,179,0,42,137,5,184,82,0,82,266
06/07/2012,SIG,PR,ASO,ES,Federal Contract Tower,0,0,6,0,6,0,49,130,5,184,0,49,136,5,190,102,0,102,292
06/08/2012,SIG,PR,ASO,ES,Federal Contract Tower,0,0,5,0,5,0,43,159,1,203,0,43,164,1,208,96,0,96,304
06/09/2012,SIG,PR,ASO,ES,Federal Contract Tower,0,0,2,0,2,0,25,129,7,161,0,25,131,7,163,122,0,122,285
06/10/2012,SIG,PR,ASO,ES,Federal Contract Tower,0,0,9,0,9,0,39,107,0,146,0,39,116,0,155,16,0,16,171
06/11/2012,SIG,PR,ASO,ES,Federal Contract Tower,0,0,2,1,3,0,42,106,4,152,0,42,108,5,155,72,0,72,227
06/12/2012,SIG,PR,ASO,ES,Federal Contract Tower,0,0,8,0,8,0,34,139,5,178,0,34,147,5,186,66,0,66,252
06/13/2012,SIG,PR,ASO,ES,Federal Contract Tower,0,0,7,0,7,0,35,112,4,151,0,35,119,4,158,34,4,38,196
06/14/2012,SIG,PR,ASO,ES,Federal Contract Tower,0,0,17,0,17,0,29,96,10,135,0,29,113,10,152,56,0,56,208
06/15/2012,SIG,PR,ASO,ES,Federal Contract Tower,0,0,13,0,13,0,53,203,1,257,0,53,216,1,270,208,0,208,478
06/16/2012,SIG,PR,ASO,ES,Federal Contract Tower,0,0,9,0,9,0,48,192,0,240,0,48,201,0,249,196,0,196,445
06/17/2012,SIG,PR,ASO,ES,Federal Contract Tower,0,0,9,0,9,0,40,146,0,186,0,40,155,0,195,84,0,84,279
06/18/2012,SIG,PR,ASO,ES,Federal Contract Tower,0,0,10,5,15,0,48,151,12,211,0,48,161,17,226,146,4,150,376
06/19/2012,SIG,PR,ASO,ES,Federal Contract Tower,0,0,5,1,6,0,42,142,13,197,0,42,147,14,203,132,0,132,335
06/20/2012,SIG,PR,ASO,ES,Federal Contract Tower,0,0,10,1,11,0,35,109,12,156,0,35,119,13,167,102,16,118,285
06/21/2012,SIG,PR,ASO,ES,Federal Contract Tower,0,0,2,0,2,0,43,126,3,172,0,43,128,3,174,106,0,106,280
06/22/2012,SIG,PR,ASO,ES,Federal Contract Tower,0,0,8,5,13,0,52,175,15,242,0,52,183,20,255,172,20,192,447
06/23/2012,SIG,PR,ASO,ES,Federal Contract Tower,0,9,0,0,9,0,34,170,0,204,0,43,170,0,213,146,0,146,359
06/24/2012,SIG,PR,ASO,ES,Federal Contract Tower,0,0,7,1,8,0,34,92,1,127,0,34,99,2,135,48,0,48,183
06/25/2012,SIG,PR,ASO,ES,Federal Contract Tower,0,0,13,0,13,0,47,179,14,240,0,47,192,14,253,182,8,190,443
06/26/2012,SIG,PR,ASO,ES,Federal Contract Tower,0,0,16,0,16,0,34,136,8,178,0,34,152,8,194,94,0,94,288
06/27/2012,SIG,PR,ASO,ES,Federal Contract Tower,0,0,12,0,12,0,53,142,12,207,0,53,154,12,219,130,8,138,357
06/28/2012,SIG,PR,ASO,ES,Federal Contract Tower,0,0,7,0,7,0,40,152,1,193,0,40,159,1,200,140,0,140,340
06/29/2012,SIG,PR,ASO,ES,Federal Contract Tower,0,0,9,2,11,0,56,170,9,235,0,56,179,11,246,198,2,200,446
06/30/2012,SIG,PR,ASO,ES,Federal Contract Tower,0,0,5,0,5,0,52,245,6,303,0,52,250,6,308,232,0,232,540
07/01/2012,SIG,PR,ASO,ES,Federal Contract Tower,0,0,8,0,8,0,42,180,0,222,0,42,188,0,230,146,0,146,376
07/02/2012,SIG,PR,ASO,ES,Federal Contract Tower,0,0,11,0,11,0,45,129,14,188,0,45,140,14,199,112,8,120,319
07/03/2012,SIG,PR,ASO,ES,Federal Contract Tower,0,0,8,2,10,0,39,139,7,185,0,39,147,9,195,186,0,186,381
07/04/2012,SIG,PR,ASO,ES,Federal Contract Tower,0,0,15,0,15,0,40,121,0,161,0,40,136,0,176,130,0,130,306
07/05/2012,SIG,PR,ASO,ES,Federal Contract Tower,0,0,5,0,5,0,42,81,2,125,0,42,86,2,130,18,0,18,148
07/06/2012,SIG,PR,ASO,ES,Federal Contract Tower,0,0,8,0,8,0,56,185,2,243,0,56,193,2,251,166,0,166,417
07/07/2012,SIG,PR,ASO,ES,Federal Contract Tower,0,0,6,0,6,0,58,216,2,276,0,58,222,2,282,182,0,182,464
07/08/2012,SIG,PR,ASO,ES,Federal Contract Tower,0,0,14,0,14,0,46,177,5,228,0,46,191,5,242,106,0,106,348
07/09/2012,SIG,PR,ASO,ES,Federal Contract Tower,0,0,16,1,17,0,44,110,2,156,0,44,126,3,173,24,0,24,197
07/10/2012,SIG,PR,ASO,ES,Federal Contract Tower,0,0,9,1,10,0,34,99,3,136,0,34,108,4,146,50,0,50,196
07/11/2012,SIG,PR,ASO,ES,Federal Contract Tower,0,0,9,2,11,0,48,121,13,182,0,48,130,15,193,110,0,110,303
07/12/2012,SIG,PR,ASO,ES,Federal Contract Tower,0,0,11,0,11,0,41,130,4,175,0,41,141,4,186,202,0,202,388
07/13/2012,SIG,PR,ASO,ES,Federal Contract Tower,0,0,12,2,14,0,61,167,8,236,0,61,179,10,250,174,0,174,424
07/14/2012,SIG,PR,ASO,ES,Federal Contract Tower,0,0,6,0,6,0,53,216,8,277,0,53,222,8,283,202,0,202,485
07/15/2012,SIG,PR,ASO,ES,Federal Contract Tower,0,0,13,0,13,0,29,99,0,128,0,29,112,0,141,34,0,34,175
07/16/2012,SIG,PR,ASO,ES,Federal Contract Tower,0,0,12,0,12,0,46,141,2,189,0,46,153,2,201,110,0,110,311
07/17/2012,SIG,PR,ASO,ES,Federal Contract Tower,0,0,5,0,5,0,41,131,4,176,0,41,136,4,181,156,2,158,339
07/18/2012,SIG,PR,ASO,ES,Federal Contract Tower,0,0,10,0,10,0,39,104,0,143,0,39,114,0,153,142,0,142,295
07/19/2012,SIG,PR,ASO,ES,Federal Contract Tower,0,0,15,0,15,0,39,131,4,174,0,39,146,4,189,134,0,134,323
07/20/2012,SIG,PR,ASO,ES,Federal Contract Tower,0,0,10,0,10,0,54,105,9,168,0,54,115,9,178,42,0,42,220
07/21/2012,SIG,PR,ASO,ES,Federal Contract Tower,0,0,18,0,18,0,50,190,12,252,0,50,208,12,270,232,0,232,502
07/22/2012,SIG,PR,ASO,ES,Federal Contract Tower,0,0,15,0,15,0,46,134,7,187,0,46,149,7,202,78,0,78,280
07/23/2012,SIG,PR,ASO,ES,Federal Contract Tower,0,0,11,0,11,0,38,132,7,177,0,38,143,7,188,118,0,118,306
07/24/2012,SIG,PR,ASO,ES,Federal Contract Tower,0,0,11,2,13,0,50,148,2,200,0,50,159,4,213,144,0,144,357
07/25/2012,SIG,PR,ASO,ES,Federal Contract Tower,0,0,14,1,15,0,44,132,1,177,0,44,146,2,192,128,0,128,320
07/26/2012,SIG,PR,ASO,ES,Federal Contract Tower,0,0,9,0,9,0,40,119,12,171,0,40,128,12,180,114,0,114,294
07/27/2012,SIG,PR,ASO,ES,Federal Contract Tower,0,0,10,1,11,0,55,158,0,213,0,55,168,1,224,152,0,152,376
07/28/2012,SIG,PR,ASO,ES,Federal Contract Tower,0,0,5,0,5,0,58,155,0,213,0,58,160,0,218,146,0,146,364
07/29/2012,SIG,PR,ASO,ES,Federal Contract Tower,0,0,14,0,14,0,39,104,0,143,0,39,118,0,157,20,0,20,177
07/30/2012,SIG,PR,ASO,ES,Federal Contract Tower,0,0,18,0,18,0,53,158,6,217,0,53,176,6,235,108,0,108,343
07/31/2012,SIG,PR,ASO,ES,Federal Contract Tower,0,0,6,0,6,0,39,65,3,107,0,39,71,3,113,8,0,8,121
08/01/2012,SIG,PR,ASO,ES,Federal Contract Tower,0,0,9,0,9,0,35,113,2,150,0,35,122,2,159,62,0,62,221
08/02/2012,SIG,PR,ASO,ES,Federal Contract Tower,0,0,13,0,13,0,41,121,5,167,0,41,134,5,180,122,0,122,302
08/03/2012,SIG,PR,ASO,ES,Federal Contract Tower,0,0,9,0,9,0,63,162,7,232,0,63,171,7,241,174,0,174,415
08/04/2012,SIG,PR,ASO,ES,Federal Contract Tower,0,0,5,0,5,0,58,195,9,262,0,58,200,9,267,222,0,222,489
08/05/2012,SIG,PR,ASO,ES,Federal Contract Tower,0,0,8,0,8,0,39,106,0,145,0,39,114,0,153,48,0,48,201
08/06/2012,SIG,PR,ASO,ES,Federal Contract Tower,0,0,13,0,13,0,46,143,4,193,0,46,156,4,206,114,0,114,320
08/07/2012,SIG,PR,ASO,ES,Federal Contract Tower,0,0,5,0,5,0,39,97,0,136,0,39,102,0,141,86,0,86,227
08/08/2012,SIG,PR,ASO,ES,Federal Contract Tower,0,0,7,0,7,0,43,132,1,176,0,43,139,1,183,124,0,124,307
08/09/2012,SIG,PR,ASO,ES,Federal Contract Tower,0,0,12,2,14,0,37,122,3,162,0,37,134,5,176,94,0,94,270
08/10/2012,SIG,PR,ASO,ES,Federal Contract Tower,0,0,10,1,11,0,65,152,6,223,0,65,162,7,234,128,0,128,362
08/11/2012,SIG,PR,ASO,ES,Federal Contract Tower,0,0,5,0,5,0,51,161,4,216,0,51,166,4,221,122,0,122,343
08/12/2012,SIG,PR,ASO,ES,Federal Contract Tower,0,0,5,0,5,0,48,152,0,200,0,48,157,0,205,92,0,92,297
08/13/2012,SIG,PR,ASO,ES,Federal Contract Tower,0,0,12,0,12,0,37,110,4,151,0,37,122,4,163,150,0,150,313
08/14/2012,SIG,PR,ASO,ES,Federal Contract Tower,0,0,11,0,11,0,36,111,0,147,0,36,122,0,158,126,0,126,284
08/15/2012,SIG,PR,ASO,ES,Federal Contract Tower,0,0,12,0,12,0,43,123,4,170,0,43,135,4,182,70,0,70,252
08/16/2012,SIG,PR,ASO,ES,Federal Contract Tower,0,0,5,0,5,0,47,129,2,178,0,47,134,2,183,80,0,80,263
08/17/2012,SIG,PR,ASO,ES,Federal Contract Tower,0,0,8,0,8,0,52,166,5,223,0,52,174,5,231,174,0,174,405
08/18/2012,SIG,PR,ASO,ES,Federal Contract Tower,0,0,5,0,5,0,51,167,6,224,0,51,172,6,229,146,0,146,375
08/19/2012,SIG,PR,ASO,ES,Federal Contract Tower,0,0,7,0,7,0,49,160,2,211,0,49,167,2,218,110,0,110,328
08/20/2012,SIG,PR,ASO,ES,Federal Contract Tower,0,0,7,0,7,0,48,147,6,201,0,48,154,6,208,150,0,150,358
08/21/2012,SIG,PR,ASO,ES,Federal Contract Tower,0,0,7,0,7,0,0,0,0,0,0,0,7,0,7,80,0,80,87
08/22/2012,SIG,PR,ASO,ES,Federal Contract Tower,0,0,2,2,4,0,21,41,2,64,0,21,43,4,68,0,0,0,68
08/23/2012,SIG,PR,ASO,ES,Federal Contract Tower,0,0,0,0,0,0,0,0,0,0,0,0,0,0,0,0,0,0,0
08/24/2012,SIG,PR,ASO,ES,Federal Contract Tower,0,0,0,0,0,0,0,0,0,0,0,0,0,0,0,0,0,0,0
08/25/2012,SIG,PR,ASO,ES,Federal Contract Tower,0,0,3,0,3,0,27,87,0,114,0,27,90,0,117,92,0,92,209
08/26/2012,SIG,PR,ASO,ES,Federal Contract Tower,0,0,5,0,5,0,25,46,0,71,0,25,51,0,76,22,0,22,98
08/27/2012,SIG,PR,ASO,ES,Federal Contract Tower,0,0,13,0,13,0,46,143,4,193,0,46,156,4,206,114,0,114,320
08/28/2012,SIG,PR,ASO,ES,Federal Contract Tower,0,0,4,0,4,0,31,128,4,163,0,31,132,4,167,44,0,44,211
08/29/2012,SIG,PR,ASO,ES,Federal Contract Tower,0,0,12,0,12,0,41,135,4,180,0,41,147,4,192,56,0,56,248
08/30/2012,SIG,PR,ASO,ES,Federal Contract Tower,0,0,16,0,16,0,43,136,2,181,0,43,152,2,197,142,4,146,343
08/31/2012,SIG,PR,ASO,ES,Federal Contract Tower,0,0,18,0,18,0,56,237,12,305,0,56,255,12,323,256,0,256,579
09/01/2012,SIG,PR,ASO,ES,Federal Contract Tower,0,0,13,0,13,0,45,231,4,280,0,45,244,4,293,132,0,132,425
09/02/2012,SIG,PR,ASO,ES,Federal Contract Tower,0,0,2,0,2,0,43,110,0,153,0,43,112,0,155,42,0,42,197
09/03/2012,SIG,PR,ASO,ES,Federal Contract Tower,0,0,19,0,19,0,56,196,0,252,0,56,215,0,271,104,0,104,375
09/04/2012,SIG,PR,ASO,ES,Federal Contract Tower,0,0,6,1,7,0,45,135,7,187,0,45,141,8,194,168,0,168,362
09/05/2012,SIG,PR,ASO,ES,Federal Contract Tower,0,0,3,2,5,0,40,112,7,159,0,40,115,9,164,132,0,132,296
09/06/2012,SIG,PR,ASO,ES,Federal Contract Tower,0,0,10,0,10,0,52,147,8,207,0,52,157,8,217,198,0,198,415
09/07/2012,SIG,PR,ASO,ES,Federal Contract Tower,0,0,0,0,0,0,55,159,10,224,0,55,159,10,224,148,0,148,372
09/08/2012,SIG,PR,ASO,ES,Federal Contract Tower,0,0,7,0,7,0,41,144,2,187,0,41,151,2,194,96,0,96,290
09/09/2012,SIG,PR,ASO,ES,Federal Contract Tower,0,0,11,1,12,0,36,125,3,164,0,36,136,4,176,46,0,46,222
09/10/2012,SIG,PR,ASO,ES,Federal Contract Tower,0,0,9,1,10,0,44,146,8,198,0,44,155,9,208,150,0,150,358
09/11/2012,SIG,PR,ASO,ES,Federal Contract Tower,0,0,5,0,5,0,42,113,1,156,0,42,118,1,161,74,0,74,235
09/12/2012,SIG,PR,ASO,ES,Federal Contract Tower,0,0,6,2,8,0,35,118,5,158,0,35,124,7,166,146,0,146,312
09/13/2012,SIG,PR,ASO,ES,Federal Contract Tower,0,0,3,0,3,0,30,137,13,180,0,30,140,13,183,80,0,80,263
09/14/2012,SIG,PR,ASO,ES,Federal Contract Tower,0,0,16,0,16,0,47,156,4,207,0,47,172,4,223,252,0,252,475
09/15/2012,SIG,PR,ASO,ES,Federal Contract Tower,0,0,8,0,8,0,40,131,0,171,0,40,139,0,179,148,0,148,327
09/16/2012,SIG,PR,ASO,ES,Federal Contract Tower,0,0,10,1,11,0,41,151,1,193,0,41,161,2,204,120,0,120,324
09/17/2012,SIG,PR,ASO,ES,Federal Contract Tower,0,0,11,1,12,0,39,141,3,183,0,39,152,4,195,170,0,170,365
09/18/2012,SIG,PR,ASO,ES,Federal Contract Tower,0,0,6,2,8,0,45,134,6,185,0,45,140,8,193,148,0,148,341
09/19/2012,SIG,PR,ASO,ES,Federal Contract Tower,0,0,6,0,6,0,39,119,2,160,0,39,125,2,166,98,0,98,264
09/20/2012,SIG,PR,ASO,ES,Federal Contract Tower,0,0,8,1,9,0,37,118,5,160,0,37,126,6,169,114,1,115,284
09/21/2012,SIG,PR,ASO,ES,Federal Contract Tower,0,0,11,0,11,0,50,151,1,202,0,50,162,1,213,190,0,190,403
09/22/2012,SIG,PR,ASO,ES,Federal Contract Tower,0,0,6,1,7,0,49,172,5,226,0,49,178,6,233,206,0,206,439
09/23/2012,SIG,PR,ASO,ES,Federal Contract Tower,0,0,6,0,6,0,40,126,0,166,0,40,132,0,172,118,0,118,290
09/24/2012,SIG,PR,ASO,ES,Federal Contract Tower,0,0,5,0,5,0,37,124,5,166,0,37,129,5,171,90,0,90,261
09/25/2012,SIG,PR,ASO,ES,Federal Contract Tower,0,0,5,0,5,0,24,104,2,130,0,24,109,2,135,76,0,76,211
09/26/2012,SIG,PR,ASO,ES,Federal Contract Tower,0,0,13,0,13,0,37,110,4,151,0,37,123,4,164,94,0,94,258
09/27/2012,SIG,PR,ASO,ES,Federal Contract Tower,0,0,6,2,8,0,46,140,5,191,0,46,146,7,199,176,0,176,375
09/28/2012,SIG,PR,ASO,ES,Federal Contract Tower,0,0,13,2,15,0,57,171,8,236,0,57,184,10,251,230,8,238,489
09/29/2012,SIG,PR,ASO,ES,Federal Contract Tower,0,0,5,0,5,0,42,149,8,199,0,42,154,8,204,192,0,192,396
09/30/2012,SIG,PR,ASO,ES,Federal Contract Tower,0,0,11,0,11,0,29,116,7,152,0,29,127,7,163,106,0,106,269
10/01/2012,SIG,PR,ASO,ES,Federal Contract Tower,0,0,2,0,2,0,22,110,10,142,0,22,112,10,144,82,2,84,228
10/02/2012,SIG,PR,ASO,ES,Federal Contract Tower,0,0,8,1,9,0,39,116,11,166,0,39,124,12,175,128,0,128,303
10/03/2012,SIG,PR,ASO,ES,Federal Contract Tower,0,0,12,2,14,0,36,115,6,157,0,36,127,8,171,102,0,102,273
10/04/2012,SIG,PR,ASO,ES,Federal Contract Tower,0,0,10,0,10,0,37,129,4,170,0,37,139,4,180,140,0,140,320
10/05/2012,SIG,PR,ASO,ES,Federal Contract Tower,0,0,10,0,10,0,50,173,3,226,0,50,183,3,236,194,0,194,430
10/06/2012,SIG,PR,ASO,ES,Federal Contract Tower,0,0,5,0,5,0,44,158,2,204,0,44,163,2,209,168,0,168,377
10/07/2012,SIG,PR,ASO,ES,Federal Contract Tower,0,0,10,0,10,0,53,150,0,203,0,53,160,0,213,52,0,52,265
10/08/2012,SIG,PR,ASO,ES,Federal Contract Tower,0,0,11,0,11,0,28,102,0,130,0,28,113,0,141,46,0,46,187
10/09/2012,SIG,PR,ASO,ES,Federal Contract Tower,0,0,7,0,7,0,27,105,1,133,0,27,112,1,140,82,0,82,222
10/10/2012,SIG,PR,ASO,ES,Federal Contract Tower,0,0,5,0,5,0,27,109,1,137,0,27,114,1,142,82,0,82,224
10/11/2012,SIG,PR,ASO,ES,Federal Contract Tower,0,0,12,1,13,0,43,129,4,176,0,43,141,5,189,92,0,92,281
10/12/2012,SIG,PR,ASO,ES,Federal Contract Tower,0,0,6,0,6,0,32,136,0,168,0,32,142,0,174,142,0,142,316
10/13/2012,SIG,PR,ASO,ES,Federal Contract Tower,0,0,1,0,1,0,31,120,4,155,0,31,121,4,156,144,0,144,300
10/14/2012,SIG,PR,ASO,ES,Federal Contract Tower,0,0,7,3,10,0,27,93,5,125,0,27,100,8,135,20,0,20,155
10/15/2012,SIG,PR,ASO,ES,Federal Contract Tower,0,0,12,1,13,0,28,90,5,123,0,28,102,6,136,36,10,46,182
10/16/2012,SIG,PR,ASO,ES,Federal Contract Tower,0,0,9,0,9,0,34,109,0,143,0,34,118,0,152,90,0,90,242
10/17/2012,SIG,PR,ASO,ES,Federal Contract Tower,0,0,9,0,9,0,25,114,2,141,0,25,123,2,150,128,0,128,278
10/18/2012,SIG,PR,ASO,ES,Federal Contract Tower,0,0,10,4,14,0,36,129,7,172,0,36,139,11,186,164,10,174,360
10/19/2012,SIG,PR,ASO,ES,Federal Contract Tower,0,0,8,1,9,0,47,148,5,200,0,47,156,6,209,198,0,198,407
10/20/2012,SIG,PR,ASO,ES,Federal Contract Tower,0,0,7,0,7,0,41,195,6,242,0,41,202,6,249,176,4,180,429
10/21/2012,SIG,PR,ASO,ES,Federal Contract Tower,0,0,14,0,14,0,49,176,0,225,0,49,190,0,239,138,0,138,377
10/22/2012,SIG,PR,ASO,ES,Federal Contract Tower,0,0,5,0,5,0,20,117,1,138,0,20,122,1,143,178,0,178,321
10/23/2012,SIG,PR,ASO,ES,Federal Contract Tower,0,0,5,0,5,0,42,161,6,209,0,42,166,6,214,162,0,162,376
10/24/2012,SIG,PR,ASO,ES,Federal Contract Tower,0,0,2,0,2,0,33,156,4,193,0,33,158,4,195,170,0,170,365
10/25/2012,SIG,PR,ASO,ES,Federal Contract Tower,0,0,2,0,2,0,42,157,3,202,0,42,159,3,204,182,0,182,386
10/26/2012,SIG,PR,ASO,ES,Federal Contract Tower,0,0,9,0,9,0,49,174,10,233,0,49,183,10,242,168,18,186,428
10/27/2012,SIG,PR,ASO,ES,Federal Contract Tower,0,0,9,1,10,0,48,264,1,313,0,48,273,2,323,218,0,218,541
10/28/2012,SIG,PR,ASO,ES,Federal Contract Tower,0,0,3,0,3,0,35,183,0,218,0,35,186,0,221,90,0,90,311
10/29/2012,SIG,PR,ASO,ES,Federal Contract Tower,0,0,7,0,7,0,28,132,6,166,0,28,139,6,173,154,0,154,327
10/30/2012,SIG,PR,ASO,ES,Federal Contract Tower,0,0,7,1,8,0,41,183,9,233,0,41,190,10,241,180,0,180,421
10/31/2012,SIG,PR,ASO,ES,Federal Contract Tower,0,0,15,0,15,0,33,157,9,199,0,33,172,9,214,154,0,154,368
11/01/2012,SIG,PR,ASO,ES,Federal Contract Tower,0,0,4,1,5,0,40,182,1,223,0,40,186,2,228,214,0,214,442
11/02/2012,SIG,PR,ASO,ES,Federal Contract Tower,0,0,9,2,11,0,45,262,3,310,0,45,271,5,321,142,0,142,463
11/03/2012,SIG,PR,ASO,ES,Federal Contract Tower,0,0,6,2,8,0,44,241,0,285,0,44,247,2,293,174,0,174,467
11/04/2012,SIG,PR,ASO,ES,Federal Contract Tower,0,0,5,0,5,0,27,141,3,171,0,27,146,3,176,90,0,90,266
11/05/2012,SIG,PR,ASO,ES,Federal Contract Tower,0,0,7,0,7,0,39,189,2,230,0,39,196,2,237,110,0,110,347
11/06/2012,SIG,PR,ASO,ES,Federal Contract Tower,0,0,5,0,5,0,44,143,3,190,0,44,148,3,195,86,0,86,281
11/07/2012,SIG,PR,ASO,ES,Federal Contract Tower,0,0,8,0,8,0,48,150,3,201,0,48,158,3,209,80,0,80,289
11/08/2012,SIG,PR,ASO,ES,Federal Contract Tower,0,0,8,1,9,0,37,137,3,177,0,37,145,4,186,162,0,162,348
11/09/2012,SIG,PR,ASO,ES,Federal Contract Tower,0,0,8,2,10,0,40,138,7,185,0,40,146,9,195,132,6,138,333
11/10/2012,SIG,PR,ASO,ES,Federal Contract Tower,0,0,7,0,7,0,37,148,0,185,0,37,155,0,192,156,0,156,348
11/11/2012,SIG,PR,ASO,ES,Federal Contract Tower,0,0,8,0,8,0,30,81,6,117,0,30,89,6,125,42,0,42,167
11/12/2012,SIG,PR,ASO,ES,Federal Contract Tower,0,0,12,1,13,0,34,119,1,154,0,34,131,2,167,154,0,154,321
11/13/2012,SIG,PR,ASO,ES,Federal Contract Tower,0,0,5,0,5,0,42,120,3,165,0,42,125,3,170,166,8,174,344
11/14/2012,SIG,PR,ASO,ES,Federal Contract Tower,0,0,7,1,8,0,41,110,17,168,0,41,117,18,176,128,0,128,304
11/15/2012,SIG,PR,ASO,ES,Federal Contract Tower,0,0,12,1,13,0,45,130,5,180,0,45,142,6,193,122,0,122,315
11/16/2012,SIG,PR,ASO,ES,Federal Contract Tower,0,0,13,1,14,0,57,231,10,298,0,57,244,11,312,234,10,244,556
11/17/2012,SIG,PR,ASO,ES,Federal Contract Tower,0,0,17,0,17,0,44,235,2,281,0,44,252,2,298,180,0,180,478
11/18/2012,SIG,PR,ASO,ES,Federal Contract Tower,0,0,17,0,17,0,43,215,10,268,0,43,232,10,285,156,0,156,441
11/19/2012,SIG,PR,ASO,ES,Federal Contract Tower,0,0,4,0,4,0,42,160,10,212,0,42,164,10,216,150,0,150,366
11/20/2012,SIG,PR,ASO,ES,Federal Contract Tower,0,0,14,1,15,0,49,176,10,235,0,49,190,11,250,248,18,266,516
11/21/2012,SIG,PR,ASO,ES,Federal Contract Tower,0,0,16,2,18,0,41,135,3,179,0,41,151,5,197,224,0,224,421
11/22/2012,SIG,PR,ASO,ES,Federal Contract Tower,0,0,7,0,7,0,25,53,0,78,0,25,60,0,85,44,0,44,129
11/23/2012,SIG,PR,ASO,ES,Federal Contract Tower,0,0,6,0,6,0,54,142,0,196,0,54,148,0,202,134,0,134,336
11/24/2012,SIG,PR,ASO,ES,Federal Contract Tower,0,0,7,0,7,0,40,130,0,170,0,40,137,0,177,164,0,164,341
11/25/2012,SIG,PR,ASO,ES,Federal Contract Tower,0,0,25,0,25,0,35,138,0,173,0,35,163,0,198,86,0,86,284
11/26/2012,SIG,PR,ASO,ES,Federal Contract Tower,0,0,17,2,19,0,50,165,5,220,0,50,182,7,239,166,0,166,405
11/27/2012,SIG,PR,ASO,ES,Federal Contract Tower,0,0,7,1,8,0,38,116,8,162,0,38,123,9,170,86,0,86,256
11/28/2012,SIG,PR,ASO,ES,Federal Contract Tower,0,0,6,0,6,0,33,119,9,161,0,33,125,9,167,156,0,156,323
11/29/2012,SIG,PR,ASO,ES,Federal Contract Tower,0,0,7,3,10,0,46,166,6,218,0,46,173,9,228,150,0,150,378
11/30/2012,SIG,PR,ASO,ES,Federal Contract Tower,0,0,7,2,9,0,38,166,0,204,0,38,173,2,213,108,0,108,321
12/01/2012,SIG,PR,ASO,ES,Federal Contract Tower,0,0,11,0,11,0,43,181,0,224,0,43,192,0,235,186,0,186,421
12/02/2012,SIG,PR,ASO,ES,Federal Contract Tower,0,0,11,1,12,0,38,157,2,197,0,38,168,3,209,106,0,106,315
12/03/2012,SIG,PR,ASO,ES,Federal Contract Tower,0,0,7,0,7,0,40,137,2,179,0,40,144,2,186,98,0,98,284
12/04/2012,SIG,PR,ASO,ES,Federal Contract Tower,0,0,7,0,7,0,44,133,2,179,0,44,140,2,186,148,12,160,346
12/05/2012,SIG,PR,ASO,ES,Federal Contract Tower,0,0,4,1,5,0,45,123,14,182,0,45,127,15,187,104,0,104,291
12/06/2012,SIG,PR,ASO,ES,Federal Contract Tower,0,0,7,0,7,0,36,132,3,171,0,36,139,3,178,122,0,122,300
12/07/2012,SIG,PR,ASO,ES,Federal Contract Tower,0,0,8,2,10,0,49,176,6,231,0,49,184,8,241,168,0,168,409
12/08/2012,SIG,PR,ASO,ES,Federal Contract Tower,0,0,13,0,13,0,41,199,0,240,0,41,212,0,253,188,0,188,441
12/09/2012,SIG,PR,ASO,ES,Federal Contract Tower,0,0,9,1,10,0,34,123,4,161,0,34,132,5,171,120,4,124,295
12/10/2012,SIG,PR,ASO,ES,Federal Contract Tower,0,0,6,0,6,0,45,158,0,203,0,45,164,0,209,88,0,88,297
12/11/2012,SIG,PR,ASO,ES,Federal Contract Tower,0,0,11,0,11,0,34,89,4,127,0,34,100,4,138,102,0,102,240
12/12/2012,SIG,PR,ASO,ES,Federal Contract Tower,0,0,15,0,15,0,40,136,13,189,0,40,151,13,204,134,0,134,338
12/13/2012,SIG,PR,ASO,ES,Federal Contract Tower,0,0,15,1,16,0,38,99,2,139,0,38,114,3,155,108,0,108,263
12/14/2012,SIG,PR,ASO,ES,Federal Contract Tower,0,0,14,0,14,0,48,194,11,253,0,48,208,11,267,198,6,204,471
12/15/2012,SIG,PR,ASO,ES,Federal Contract Tower,0,0,12,0,12,0,48,174,0,222,0,48,186,0,234,176,0,176,410
12/16/2012,SIG,PR,ASO,ES,Federal Contract Tower,0,0,7,0,7,0,35,134,0,169,0,35,141,0,176,92,0,92,268
12/17/2012,SIG,PR,ASO,ES,Federal Contract Tower,0,0,5,0,5,0,34,92,3,129,0,34,97,3,134,72,0,72,206
12/18/2012,SIG,PR,ASO,ES,Federal Contract Tower,0,0,3,2,5,0,36,124,8,168,0,36,127,10,173,130,0,130,303
12/19/2012,SIG,PR,ASO,ES,Federal Contract Tower,0,0,14,1,15,0,44,93,7,144,0,44,107,8,159,62,0,62,221
12/20/2012,SIG,PR,ASO,ES,Federal Contract Tower,0,0,9,1,10,0,43,145,5,193,0,43,154,6,203,130,2,132,335
12/21/2012,SIG,PR,ASO,ES,Federal Contract Tower,0,0,20,2,22,0,59,145,10,214,0,59,165,12,236,72,0,72,308
12/22/2012,SIG,PR,ASO,ES,Federal Contract Tower,0,0,12,0,12,0,41,227,1,269,0,41,239,1,281,166,0,166,447
12/23/2012,SIG,PR,ASO,ES,Federal Contract Tower,0,0,10,0,10,0,37,125,1,163,0,37,135,1,173,100,0,100,273
12/24/2012,SIG,PR,ASO,ES,Federal Contract Tower,0,0,2,0,2,0,38,75,0,113,0,38,77,0,115,40,0,40,155
12/25/2012,SIG,PR,ASO,ES,Federal Contract Tower,0,0,3,0,3,0,36,53,1,90,0,36,56,1,93,0,0,0,93
12/26/2012,SIG,PR,ASO,ES,Federal Contract Tower,0,0,21,0,21,0,57,127,2,186,0,57,148,2,207,90,4,94,301
12/27/2012,SIG,PR,ASO,ES,Federal Contract Tower,0,0,27,0,27,0,59,169,15,243,0,59,196,15,270,192,10,202,472
12/28/2012,SIG,PR,ASO,ES,Federal Contract Tower,0,1,6,0,7,0,55,148,7,210,0,56,154,7,217,168,0,168,385
12/29/2012,SIG,PR,ASO,ES,Federal Contract Tower,0,0,17,0,17,0,49,203,1,253,0,49,220,1,270,192,0,192,462
12/30/2012,SIG,PR,ASO,ES,Federal Contract Tower,0,0,5,0,5,0,35,144,0,179,0,35,149,0,184,68,0,68,252
12/31/2012,SIG,PR,ASO,ES,Federal Contract Tower,0,0,5,0,5,0,42,137,0,179,0,42,142,0,184,2,0,2,186
01/01/2013,SIG,PR,ASO,ES,Federal Contract Tower,0,0,11,0,11,0,46,97,2,145,0,46,108,2,156,0,0,0,156
01/02/2013,SIG,PR,ASO,ES,Federal Contract Tower,0,0,15,0,15,0,50,121,3,174,0,50,136,3,189,18,0,18,207
01/03/2013,SIG,PR,ASO,ES,Federal Contract Tower,0,0,22,0,22,0,39,112,0,151,0,39,134,0,173,2,0,2,175
01/04/2013,SIG,PR,ASO,ES,Federal Contract Tower,0,0,9,0,9,0,54,171,3,228,0,54,180,3,237,122,0,122,359
01/05/2013,SIG,PR,ASO,ES,Federal Contract Tower,0,0,6,0,6,0,49,234,0,283,0,49,240,0,289,140,0,140,429
01/06/2013,SIG,PR,ASO,ES,Federal Contract Tower,0,0,15,0,15,0,44,121,0,165,0,44,136,0,180,0,0,0,180
01/07/2013,SIG,PR,ASO,ES,Federal Contract Tower,0,0,11,0,11,0,45,125,0,170,0,45,136,0,181,88,0,88,269
01/08/2013,SIG,PR,ASO,ES,Federal Contract Tower,0,0,10,1,11,0,42,107,1,150,0,42,117,2,161,86,0,86,247
01/09/2013,SIG,PR,ASO,ES,Federal Contract Tower,0,0,6,0,6,0,38,124,4,166,0,38,130,4,172,166,10,176,348
01/10/2013,SIG,PR,ASO,ES,Federal Contract Tower,0,0,15,1,16,0,45,112,7,164,0,45,127,8,180,144,0,144,324
01/11/2013,SIG,PR,ASO,ES,Federal Contract Tower,0,0,10,1,11,0,52,179,9,240,0,52,189,10,251,220,0,220,471
01/12/2013,SIG,PR,ASO,ES,Federal Contract Tower,0,0,10,0,10,0,47,193,2,242,0,47,203,2,252,153,0,153,405
01/13/2013,SIG,PR,ASO,ES,Federal Contract Tower,0,0,12,0,12,0,36,147,17,200,0,36,159,17,212,122,2,124,336
01/14/2013,SIG,PR,ASO,ES,Federal Contract Tower,0,0,4,0,4,0,41,120,3,164,0,41,124,3,168,82,0,82,250
01/15/2013,SIG,PR,ASO,ES,Federal Contract Tower,0,0,15,3,18,0,32,104,11,147,0,32,119,14,165,94,14,108,273
01/16/2013,SIG,PR,ASO,ES,Federal Contract Tower,0,0,13,0,13,0,34,109,6,149,0,34,122,6,162,74,0,74,236
01/17/2013,SIG,PR,ASO,ES,Federal Contract Tower,0,0,10,0,10,0,35,127,10,172,0,35,137,10,182,128,0,128,310
01/18/2013,SIG,PR,ASO,ES,Federal Contract Tower,0,0,11,3,14,0,52,164,9,225,0,52,175,12,239,158,0,158,397
01/19/2013,SIG,PR,ASO,ES,Federal Contract Tower,0,0,6,0,6,0,52,195,3,250,0,52,201,3,256,178,0,178,434
01/20/2013,SIG,PR,ASO,ES,Federal Contract Tower,0,0,6,0,6,0,36,110,0,146,0,36,116,0,152,130,4,134,286
01/21/2013,SIG,PR,ASO,ES,Federal Contract Tower,0,0,13,0,13,0,36,132,0,168,0,36,145,0,181,92,0,92,273
01/22/2013,SIG,PR,ASO,ES,Federal Contract Tower,0,0,4,0,4,0,39,117,1,157,0,39,121,1,161,128,0,128,289
01/23/2013,SIG,PR,ASO,ES,Federal Contract Tower,0,0,6,0,6,0,45,138,5,188,0,45,144,5,194,134,0,134,328
01/24/2013,SIG,PR,ASO,ES,Federal Contract Tower,0,0,23,1,24,0,45,133,12,190,0,45,156,13,214,114,0,114,328
01/25/2013,SIG,PR,ASO,ES,Federal Contract Tower,0,0,17,1,18,0,50,171,9,230,0,50,188,10,248,156,0,156,404
01/26/2013,SIG,PR,ASO,ES,Federal Contract Tower,0,0,9,0,9,0,49,165,4,218,0,49,174,4,227,120,0,120,347
01/27/2013,SIG,PR,ASO,ES,Federal Contract Tower,0,0,19,0,19,0,35,153,2,190,0,35,172,2,209,14,0,14,223
01/28/2013,SIG,PR,ASO,ES,Federal Contract Tower,0,0,8,0,8,0,46,120,3,169,0,46,128,3,177,156,0,156,333
01/29/2013,SIG,PR,ASO,ES,Federal Contract Tower,0,0,12,0,12,0,54,147,5,206,0,54,159,5,218,74,0,74,292
01/30/2013,SIG,PR,ASO,ES,Federal Contract Tower,0,0,7,1,8,0,44,129,8,181,0,44,136,9,189,114,4,118,307
01/31/2013,SIG,PR,ASO,ES,Federal Contract Tower,0,0,11,1,12,0,38,118,8,164,0,38,129,9,176,100,0,100,276
02/01/2013,SIG,PR,ASO,ES,Federal Contract Tower,0,0,3,4,7,0,58,166,8,232,0,58,169,12,239,152,0,152,391
02/02/2013,SIG,PR,ASO,ES,Federal Contract Tower,0,0,13,2,15,0,54,179,2,235,0,54,192,4,250,146,0,146,396
02/03/2013,SIG,PR,ASO,ES,Federal Contract Tower,0,0,3,1,4,0,40,119,0,159,0,40,122,1,163,82,0,82,245
02/04/2013,SIG,PR,ASO,ES,Federal Contract Tower,0,0,5,1,6,0,40,114,2,156,0,40,119,3,162,100,0,100,262
02/05/2013,SIG,PR,ASO,ES,Federal Contract Tower,0,0,5,1,6,0,31,83,9,123,0,31,88,10,129,88,0,88,217
02/06/2013,SIG,PR,ASO,ES,Federal Contract Tower,0,0,9,2,11,0,42,130,10,182,0,42,139,12,193,172,0,172,365
02/07/2013,SIG,PR,ASO,ES,Federal Contract Tower,0,0,7,0,7,0,39,141,4,184,0,39,148,4,191,156,0,156,347
02/08/2013,SIG,PR,ASO,ES,Federal Contract Tower,0,0,17,1,18,0,52,161,3,216,0,52,178,4,234,152,0,152,386
02/09/2013,SIG,PR,ASO,ES,Federal Contract Tower,0,0,3,1,4,0,37,169,2,208,0,37,172,3,212,106,0,106,318
02/10/2013,SIG,PR,ASO,ES,Federal Contract Tower,0,0,8,1,9,0,44,152,6,202,0,44,160,7,211,94,0,94,305
02/11/2013,SIG,PR,ASO,ES,Federal Contract Tower,0,0,5,0,5,0,37,104,3,144,0,37,109,3,149,54,0,54,203
02/12/2013,SIG,PR,ASO,ES,Federal Contract Tower,0,0,13,1,14,0,47,153,10,210,0,47,166,11,224,150,0,150,374
02/13/2013,SIG,PR,ASO,ES,Federal Contract Tower,0,0,15,0,15,0,31,128,8,167,0,31,143,8,182,86,0,86,268
02/14/2013,SIG,PR,ASO,ES,Federal Contract Tower,0,0,8,1,9,0,41,138,3,182,0,41,146,4,191,122,0,122,313
02/15/2013,SIG,PR,ASO,ES,Federal Contract Tower,0,0,18,3,21,0,51,219,5,275,0,51,237,8,296,130,0,130,426
02/16/2013,SIG,PR,ASO,ES,Federal Contract Tower,0,0,8,0,8,0,49,191,0,240,0,49,199,0,248,200,0,200,448
02/17/2013,SIG,PR,ASO,ES,Federal Contract Tower,0,0,5,0,5,0,36,113,0,149,0,36,118,0,154,74,0,74,228
02/18/2013,SIG,PR,ASO,ES,Federal Contract Tower,0,0,14,0,14,0,40,173,1,214,0,40,187,1,228,116,0,116,344
02/19/2013,SIG,PR,ASO,ES,Federal Contract Tower,0,0,7,1,8,0,46,126,6,178,0,46,133,7,186,106,2,108,294
02/20/2013,SIG,PR,ASO,ES,Federal Contract Tower,0,0,8,0,8,0,42,115,0,157,0,42,123,0,165,84,0,84,249
02/21/2013,SIG,PR,ASO,ES,Federal Contract Tower,0,0,8,0,8,0,49,129,5,183,0,49,137,5,191,138,0,138,329
02/22/2013,SIG,PR,ASO,ES,Federal Contract Tower,0,0,13,1,14,0,57,172,9,238,0,57,185,10,252,160,0,160,412
02/23/2013,SIG,PR,ASO,ES,Federal Contract Tower,0,0,7,0,7,0,50,182,4,236,0,50,189,4,243,172,0,172,415
02/24/2013,SIG,PR,ASO,ES,Federal Contract Tower,0,0,7,1,8,0,38,144,1,183,0,38,151,2,191,140,0,140,331
02/25/2013,SIG,PR,ASO,ES,Federal Contract Tower,0,0,2,1,3,0,44,125,11,180,0,44,127,12,183,188,8,196,379
02/26/2013,SIG,PR,ASO,ES,Federal Contract Tower,0,0,8,0,8,0,44,144,9,197,0,44,152,9,205,114,0,114,319
02/27/2013,SIG,PR,ASO,ES,Federal Contract Tower,0,0,10,0,10,0,41,152,7,200,0,41,162,7,210,170,0,170,380
02/28/2013,SIG,PR,ASO,ES,Federal Contract Tower,0,0,5,1,6,0,36,109,8,153,0,36,114,9,159,130,0,130,289
03/01/2013,SIG,PR,ASO,ES,Federal Contract Tower,0,0,8,0,8,0,62,203,1,266,0,62,211,1,274,226,0,226,500
03/02/2013,SIG,PR,ASO,ES,Federal Contract Tower,0,0,5,1,6,0,42,167,1,210,0,42,172,2,216,124,0,124,340
03/03/2013,SIG,PR,ASO,ES,Federal Contract Tower,0,0,10,0,10,0,43,144,0,187,0,43,154,0,197,64,0,64,261
03/04/2013,SIG,PR,ASO,ES,Federal Contract Tower,0,0,5,1,6,0,51,133,8,192,0,51,138,9,198,140,24,164,362
03/05/2013,SIG,PR,ASO,ES,Federal Contract Tower,0,0,12,0,12,0,40,93,12,145,0,40,105,12,157,116,20,136,293
03/06/2013,SIG,PR,ASO,ES,Federal Contract Tower,0,0,12,0,12,0,40,121,9,170,0,40,133,9,182,136,0,136,318
03/07/2013,SIG,PR,ASO,ES,Federal Contract Tower,0,0,23,0,23,0,48,159,2,209,0,48,182,2,232,166,0,166,398
03/08/2013,SIG,PR,ASO,ES,Federal Contract Tower,0,0,14,1,15,0,54,159,4,217,0,54,173,5,232,166,0,166,398
03/09/2013,SIG,PR,ASO,ES,Federal Contract Tower,0,0,5,2,7,0,52,203,20,275,0,52,208,22,282,108,0,108,390
03/10/2013,SIG,PR,ASO,ES,Federal Contract Tower,0,0,29,1,30,0,38,178,8,224,0,38,207,9,254,110,0,110,364
03/11/2013,SIG,PR,ASO,ES,Federal Contract Tower,0,0,15,1,16,0,48,169,2,219,0,48,184,3,235,202,0,202,437
03/12/2013,SIG,PR,ASO,ES,Federal Contract Tower,0,0,7,0,7,0,45,127,5,177,0,45,134,5,184,142,0,142,326
03/13/2013,SIG,PR,ASO,ES,Federal Contract Tower,0,0,14,1,15,0,36,137,4,177,0,36,151,5,192,172,4,176,368
03/14/2013,SIG,PR,ASO,ES,Federal Contract Tower,0,0,9,3,12,0,40,140,11,191,0,40,149,14,203,122,0,122,325
03/15/2013,SIG,PR,ASO,ES,Federal Contract Tower,0,0,8,0,8,0,59,177,5,241,0,59,185,5,249,240,0,240,489
03/16/2013,SIG,PR,ASO,ES,Federal Contract Tower,0,0,4,1,5,0,44,171,1,216,0,44,175,2,221,126,0,126,347
03/17/2013,SIG,PR,ASO,ES,Federal Contract Tower,0,0,8,0,8,0,46,157,0,203,0,46,165,0,211,160,0,160,371
03/18/2013,SIG,PR,ASO,ES,Federal Contract Tower,0,0,4,0,4,0,41,131,5,177,0,41,135,5,181,154,10,164,345
03/19/2013,SIG,PR,ASO,ES,Federal Contract Tower,0,0,12,0,12,0,42,140,6,188,0,42,152,6,200,172,0,172,372
03/20/2013,SIG,PR,ASO,ES,Federal Contract Tower,0,0,9,0,9,0,39,143,8,190,0,39,152,8,199,166,2,168,367
03/21/2013,SIG,PR,ASO,ES,Federal Contract Tower,0,0,10,1,11,0,39,125,4,168,0,39,135,5,179,122,0,122,301
03/22/2013,SIG,PR,ASO,ES,Federal Contract Tower,0,0,23,2,25,0,50,191,5,246,0,50,214,7,271,264,0,264,535
03/23/2013,SIG,PR,ASO,ES,Federal Contract Tower,0,0,8,2,10,0,54,204,3,261,0,54,212,5,271,186,0,186,457
03/24/2013,SIG,PR,ASO,ES,Federal Contract Tower,0,0,15,0,15,0,38,146,0,184,0,38,161,0,199,50,0,50,249
03/25/2013,SIG,PR,ASO,ES,Federal Contract Tower,0,0,14,0,14,0,49,153,5,207,0,49,167,5,221,158,0,158,379
03/26/2013,SIG,PR,ASO,ES,Federal Contract Tower,0,0,11,1,12,0,46,167,3,216,0,46,178,4,228,144,0,144,372
03/27/2013,SIG,PR,ASO,ES,Federal Contract Tower,0,0,13,3,16,0,45,141,7,193,0,45,154,10,209,92,0,92,301
03/28/2013,SIG,PR,ASO,ES,Federal Contract Tower,0,0,9,0,9,0,47,129,7,183,0,47,138,7,192,74,0,74,266
03/29/2013,SIG,PR,ASO,ES,Federal Contract Tower,0,0,12,2,14,0,52,65,0,117,0,52,77,2,131,16,0,16,147
03/30/2013,SIG,PR,ASO,ES,Federal Contract Tower,0,0,13,1,14,0,50,99,0,149,0,50,112,1,163,60,0,60,223
03/31/2013,SIG,PR,ASO,ES,Federal Contract Tower,0,0,52,2,54,0,41,103,1,145,0,41,155,3,199,54,0,54,253
04/01/2013,SIG,PR,ASO,ES,Federal Contract Tower,0,0,15,0,15,0,53,131,0,184,0,53,146,0,199,118,0,118,317
04/02/2013,SIG,PR,ASO,ES,Federal Contract Tower,0,0,11,0,11,0,38,109,7,154,0,38,120,7,165,86,0,86,251
04/03/2013,SIG,PR,ASO,ES,Federal Contract Tower,0,0,9,0,9,0,40,128,16,184,0,40,137,16,193,148,0,148,341
04/04/2013,SIG,PR,ASO,ES,Federal Contract Tower,0,0,9,2,11,0,42,116,14,172,0,42,125,16,183,174,2,176,359
04/05/2013,SIG,PR,ASO,ES,Federal Contract Tower,0,0,11,0,11,0,51,106,10,167,0,51,117,10,178,140,0,140,318
04/06/2013,SIG,PR,ASO,ES,Federal Contract Tower,0,0,5,0,5,0,37,157,0,194,0,37,162,0,199,152,0,152,351
04/07/2013,SIG,PR,ASO,ES,Federal Contract Tower,0,0,14,4,18,0,46,143,3,192,0,46,157,7,210,108,0,108,318
04/08/2013,SIG,PR,ASO,ES,Federal Contract Tower,0,0,9,1,10,0,48,151,13,212,0,48,160,14,222,154,0,154,376
04/09/2013,SIG,PR,ASO,ES,Federal Contract Tower,0,0,8,3,11,0,47,114,15,176,0,47,122,18,187,86,0,86,273
04/10/2013,SIG,PR,ASO,ES,Federal Contract Tower,0,0,9,4,13,0,37,117,13,167,0,37,126,17,180,82,0,82,262
04/11/2013,SIG,PR,ASO,ES,Federal Contract Tower,0,0,12,2,14,0,46,125,17,188,0,46,137,19,202,186,0,186,388
04/12/2013,SIG,PR,ASO,ES,Federal Contract Tower,0,0,14,0,14,0,46,175,10,231,0,46,189,10,245,218,0,218,463
04/13/2013,SIG,PR,ASO,ES,Federal Contract Tower,0,0,2,0,2,0,49,148,8,205,0,49,150,8,207,118,0,118,325
04/14/2013,SIG,PR,ASO,ES,Federal Contract Tower,0,0,20,0,20,0,38,162,0,200,0,38,182,0,220,98,0,98,318
04/15/2013,SIG,PR,ASO,ES,Federal Contract Tower,0,0,14,0,14,0,39,139,2,180,0,39,153,2,194,142,0,142,336
04/16/2013,SIG,PR,ASO,ES,Federal Contract Tower,0,2,10,0,12,0,44,111,10,165,0,46,121,10,177,134,0,134,311
04/17/2013,SIG,PR,ASO,ES,Federal Contract Tower,0,0,5,1,6,0,41,101,10,152,0,41,106,11,158,90,0,90,248
04/18/2013,SIG,PR,ASO,ES,Federal Contract Tower,0,0,7,1,8,0,44,132,16,192,0,44,139,17,200,212,0,212,412
04/19/2013,SIG,PR,ASO,ES,Federal Contract Tower,0,0,8,0,8,0,42,151,4,197,0,42,159,4,205,144,0,144,349
04/20/2013,SIG,PR,ASO,ES,Federal Contract Tower,0,0,10,0,10,0,53,143,12,208,0,53,153,12,218,108,0,108,326
04/21/2013,SIG,PR,ASO,ES,Federal Contract Tower,0,0,8,0,8,0,44,111,8,163,0,44,119,8,171,84,0,84,255
04/22/2013,SIG,PR,ASO,ES,Federal Contract Tower,0,0,16,0,16,0,40,129,8,177,0,40,145,8,193,110,0,110,303
04/23/2013,SIG,PR,ASO,ES,Federal Contract Tower,0,0,7,0,7,0,45,135,16,196,0,45,142,16,203,136,10,146,349
04/24/2013,SIG,PR,ASO,ES,Federal Contract Tower,0,0,5,0,5,0,40,138,9,187,0,40,143,9,192,190,0,190,382
04/25/2013,SIG,PR,ASO,ES,Federal Contract Tower,0,0,11,0,11,0,31,102,15,148,0,31,113,15,159,210,0,210,369
04/26/2013,SIG,PR,ASO,ES,Federal Contract Tower,0,0,10,1,11,0,58,183,6,247,0,58,193,7,258,186,0,186,444
04/27/2013,SIG,PR,ASO,ES,Federal Contract Tower,0,0,11,0,11,0,47,181,15,243,0,47,192,15,254,170,12,182,436
04/28/2013,SIG,PR,ASO,ES,Federal Contract Tower,0,0,8,1,9,0,35,121,16,172,0,35,129,17,181,116,0,116,297
04/29/2013,SIG,PR,ASO,ES,Federal Contract Tower,0,0,11,0,11,0,51,127,13,191,0,51,138,13,202,166,0,166,368
04/30/2013,SIG,PR,ASO,ES,Federal Contract Tower,0,0,9,0,9,0,47,142,11,200,0,47,151,11,209,146,0,146,355
05/01/2013,SIG,PR,ASO,ES,Federal Contract Tower,0,0,11,1,12,0,48,126,10,184,0,48,137,11,196,170,2,172,368
05/02/2013,SIG,PR,ASO,ES,Federal Contract Tower,0,0,9,0,9,0,40,118,4,162,0,40,127,4,171,98,0,98,269
05/03/2013,SIG,PR,ASO,ES,Federal Contract Tower,0,0,18,1,19,0,45,190,18,253,0,45,208,19,272,222,2,224,496
05/04/2013,SIG,PR,ASO,ES,Federal Contract Tower,0,0,11,0,11,0,52,174,5,231,0,52,185,5,242,170,0,170,412
05/05/2013,SIG,PR,ASO,ES,Federal Contract Tower,0,0,11,3,14,0,40,85,1,126,0,40,96,4,140,0,0,0,140
05/06/2013,SIG,PR,ASO,ES,Federal Contract Tower,0,0,15,0,15,0,43,115,2,160,0,43,130,2,175,116,0,116,291
05/07/2013,SIG,PR,ASO,ES,Federal Contract Tower,0,0,9,2,11,0,39,88,7,134,0,39,97,9,145,84,4,88,233
05/08/2013,SIG,PR,ASO,ES,Federal Contract Tower,0,0,12,1,13,0,34,73,4,111,0,34,85,5,124,40,0,40,164
05/09/2013,SIG,PR,ASO,ES,Federal Contract Tower,0,0,12,3,15,0,35,92,9,136,0,35,104,12,151,74,6,80,231
05/10/2013,SIG,PR,ASO,ES,Federal Contract Tower,0,0,8,2,10,0,56,169,16,241,0,56,177,18,251,160,2,162,413
05/11/2013,SIG,PR,ASO,ES,Federal Contract Tower,0,0,6,1,7,0,48,145,0,193,0,48,151,1,200,140,0,140,340
05/12/2013,SIG,PR,ASO,ES,Federal Contract Tower,0,0,5,0,5,0,41,70,0,111,0,41,75,0,116,32,0,32,148
05/13/2013,SIG,PR,ASO,ES,Federal Contract Tower,0,0,2,1,3,0,42,118,13,173,0,42,120,14,176,158,0,158,334
05/14/2013,SIG,PR,ASO,ES,Federal Contract Tower,0,0,3,1,4,0,31,116,17,164,0,31,119,18,168,130,0,130,298
05/15/2013,SIG,PR,ASO,ES,Federal Contract Tower,0,0,14,0,14,0,41,117,7,165,0,41,131,7,179,124,0,124,303
05/16/2013,SIG,PR,ASO,ES,Federal Contract Tower,0,0,10,1,11,0,41,146,13,200,0,41,156,14,211,212,0,212,423
05/17/2013,SIG,PR,ASO,ES,Federal Contract Tower,0,0,6,0,6,0,52,151,8,211,0,52,157,8,217,120,0,120,337
05/18/2013,SIG,PR,ASO,ES,Federal Contract Tower,0,0,4,0,4,0,29,96,13,138,0,29,100,13,142,60,0,60,202
05/19/2013,SIG,PR,ASO,ES,Federal Contract Tower,0,0,16,1,17,0,37,110,10,157,0,37,126,11,174,76,0,76,250
05/20/2013,SIG,PR,ASO,ES,Federal Contract Tower,0,0,8,0,8,0,49,177,8,234,0,49,185,8,242,164,0,164,406
05/21/2013,SIG,PR,ASO,ES,Federal Contract Tower,0,0,5,0,5,0,48,115,0,163,0,48,120,0,168,96,0,96,264
05/22/2013,SIG,PR,ASO,ES,Federal Contract Tower,0,0,26,0,26,0,31,56,2,89,0,31,82,2,115,46,0,46,161
05/23/2013,SIG,PR,ASO,ES,Federal Contract Tower,0,0,5,1,6,0,44,99,14,157,0,44,104,15,163,150,0,150,313
05/24/2013,SIG,PR,ASO,ES,Federal Contract Tower,0,0,12,0,12,0,51,144,7,202,0,51,156,7,214,196,0,196,410
05/25/2013,SIG,PR,ASO,ES,Federal Contract Tower,0,0,6,0,6,0,54,130,6,190,0,54,136,6,196,90,0,90,286
05/26/2013,SIG,PR,ASO,ES,Federal Contract Tower,0,0,3,0,3,0,33,115,4,152,0,33,118,4,155,98,4,102,257
05/27/2013,SIG,PR,ASO,ES,Federal Contract Tower,0,0,10,0,10,0,43,128,13,184,0,43,138,13,194,137,1,138,332
05/28/2013,SIG,PR,ASO,ES,Federal Contract Tower,0,0,5,0,5,0,39,98,9,146,0,39,103,9,151,118,0,118,269
05/29/2013,SIG,PR,ASO,ES,Federal Contract Tower,0,0,11,0,11,0,50,138,11,199,0,50,149,11,210,202,0,202,412
05/30/2013,SIG,PR,ASO,ES,Federal Contract Tower,0,0,8,2,10,0,46,115,11,172,0,46,123,13,182,58,12,70,252
05/31/2013,SIG,PR,ASO,ES,Federal Contract Tower,0,0,14,1,15,0,36,82,6,124,0,36,96,7,139,58,0,58,197
06/01/2013,SIG,PR,ASO,ES,Federal Contract Tower,0,0,5,0,5,0,54,149,6,209,0,54,154,6,214,142,0,142,356
06/02/2013,SIG,PR,ASO,ES,Federal Contract Tower,0,0,11,0,11,0,41,121,6,168,0,41,132,6,179,66,0,66,245
06/03/2013,SIG,PR,ASO,ES,Federal Contract Tower,0,0,10,0,10,0,39,125,30,194,0,39,135,30,204,80,4,84,288
06/04/2013,SIG,PR,ASO,ES,Federal Contract Tower,0,0,13,0,13,0,29,113,12,154,0,29,126,12,167,86,0,86,253
06/05/2013,SIG,PR,ASO,ES,Federal Contract Tower,0,0,9,0,9,0,44,107,20,171,0,44,116,20,180,86,0,86,266
06/06/2013,SIG,PR,ASO,ES,Federal Contract Tower,0,0,22,0,22,0,44,130,13,187,0,44,152,13,209,120,2,122,331
06/07/2013,SIG,PR,ASO,ES,Federal Contract Tower,0,0,11,0,11,0,40,156,15,211,0,40,167,15,222,166,0,166,388
06/08/2013,SIG,PR,ASO,ES,Federal Contract Tower,0,0,6,0,6,0,48,169,8,225,0,48,175,8,231,132,0,132,363
06/09/2013,SIG,PR,ASO,ES,Federal Contract Tower,0,0,9,0,9,0,32,97,7,136,0,32,106,7,145,72,0,72,217
06/10/2013,SIG,PR,ASO,ES,Federal Contract Tower,0,0,11,0,11,0,37,113,13,163,0,37,124,13,174,194,0,194,368
06/11/2013,SIG,PR,ASO,ES,Federal Contract Tower,0,0,5,0,5,0,38,101,19,158,0,38,106,19,163,160,0,160,323
06/12/2013,SIG,PR,ASO,ES,Federal Contract Tower,0,0,8,0,8,0,37,61,17,115,0,37,69,17,123,36,0,36,159
06/13/2013,SIG,PR,ASO,ES,Federal Contract Tower,0,0,12,0,12,0,36,125,13,174,0,36,137,13,186,96,0,96,282
06/14/2013,SIG,PR,ASO,ES,Federal Contract Tower,0,0,7,0,7,0,63,166,9,238,0,63,173,9,245,176,0,176,421
06/15/2013,SIG,PR,ASO,ES,Federal Contract Tower,0,0,7,0,7,0,40,175,3,218,0,40,182,3,225,160,0,160,385
06/16/2013,SIG,PR,ASO,ES,Federal Contract Tower,0,0,8,0,8,0,30,89,0,119,0,30,97,0,127,10,0,10,137
06/17/2013,SIG,PR,ASO,ES,Federal Contract Tower,0,0,11,1,12,0,41,122,14,177,0,41,133,15,189,104,0,104,293
06/18/2013,SIG,PR,ASO,ES,Federal Contract Tower,0,0,8,0,8,0,36,118,10,164,0,36,126,10,172,160,0,160,332
06/19/2013,SIG,PR,ASO,ES,Federal Contract Tower,0,0,8,0,8,0,25,55,4,84,0,25,63,4,92,22,0,22,114
06/20/2013,SIG,PR,ASO,ES,Federal Contract Tower,0,0,13,0,13,0,46,121,20,187,0,46,134,20,200,136,0,136,336
06/21/2013,SIG,PR,ASO,ES,Federal Contract Tower,0,0,9,1,10,0,58,157,16,231,0,58,166,17,241,148,0,148,389
06/22/2013,SIG,PR,ASO,ES,Federal Contract Tower,0,0,6,0,6,0,39,177,2,218,0,39,183,2,224,114,0,114,338
06/23/2013,SIG,PR,ASO,ES,Federal Contract Tower,0,0,17,0,17,0,51,128,0,179,0,51,145,0,196,30,0,30,226
06/24/2013,SIG,PR,ASO,ES,Federal Contract Tower,0,0,15,0,15,0,44,104,13,161,0,44,119,13,176,34,2,36,212
06/25/2013,SIG,PR,ASO,ES,Federal Contract Tower,0,0,0,0,0,0,33,105,14,152,0,33,105,14,152,144,0,144,296
06/26/2013,SIG,PR,ASO,ES,Federal Contract Tower,0,0,11,0,11,0,33,72,11,116,0,33,83,11,127,44,0,44,171
06/27/2013,SIG,PR,ASO,ES,Federal Contract Tower,0,0,13,0,13,0,42,82,10,134,0,42,95,10,147,82,6,88,235
06/28/2013,SIG,PR,ASO,ES,Federal Contract Tower,0,0,7,0,7,0,57,180,27,264,0,57,187,27,271,222,0,222,493
06/29/2013,SIG,PR,ASO,ES,Federal Contract Tower,0,0,4,0,4,0,44,144,7,195,0,44,148,7,199,138,0,138,337
06/30/2013,SIG,PR,ASO,ES,Federal Contract Tower,0,0,10,0,10,0,57,128,0,185,0,57,138,0,195,16,0,16,211
07/01/2013,SIG,PR,ASO,ES,Federal Contract Tower,0,0,8,0,8,0,45,109,0,154,0,45,117,0,162,98,0,98,260
07/02/2013,SIG,PR,ASO,ES,Federal Contract Tower,0,0,8,0,8,0,43,93,7,143,0,43,101,7,151,124,0,124,275
07/03/2013,SIG,PR,ASO,ES,Federal Contract Tower,0,0,24,0,24,0,47,137,9,193,0,47,161,9,217,148,0,148,365
07/04/2013,SIG,PR,ASO,ES,Federal Contract Tower,0,0,10,0,10,0,44,135,1,180,0,44,145,1,190,152,0,152,342
07/05/2013,SIG,PR,ASO,ES,Federal Contract Tower,0,0,2,0,2,0,52,142,0,194,0,52,144,0,196,140,0,140,336
07/06/2013,SIG,PR,ASO,ES,Federal Contract Tower,0,0,13,0,13,0,48,194,8,250,0,48,207,8,263,114,0,114,377
07/07/2013,SIG,PR,ASO,ES,Federal Contract Tower,0,0,25,0,25,0,38,106,17,161,0,38,131,17,186,48,0,48,234
07/08/2013,SIG,PR,ASO,ES,Federal Contract Tower,0,0,11,0,11,0,55,172,9,236,0,55,183,9,247,146,0,146,393
07/09/2013,SIG,PR,ASO,ES,Federal Contract Tower,0,0,7,8,15,0,32,107,16,155,0,32,114,24,170,88,10,98,268
07/10/2013,SIG,PR,ASO,ES,Federal Contract Tower,0,0,2,0,2,0,31,44,12,87,0,31,46,12,89,0,2,2,91
07/11/2013,SIG,PR,ASO,ES,Federal Contract Tower,0,0,8,0,8,0,39,119,6,164,0,39,127,6,172,118,0,118,290
07/12/2013,SIG,PR,ASO,ES,Federal Contract Tower,0,0,7,0,7,0,52,151,19,222,0,52,158,19,229,154,0,154,383
07/13/2013,SIG,PR,ASO,ES,Federal Contract Tower,0,0,11,0,11,0,50,142,30,222,0,50,153,30,233,238,0,238,471
07/14/2013,SIG,PR,ASO,ES,Federal Contract Tower,0,0,5,0,5,0,51,95,13,159,0,51,100,13,164,48,4,52,216
07/15/2013,SIG,PR,ASO,ES,Federal Contract Tower,0,0,14,0,14,0,45,101,11,157,0,45,115,11,171,50,0,50,221
07/16/2013,SIG,PR,ASO,ES,Federal Contract Tower,0,0,20,0,20,0,55,139,22,216,0,55,159,22,236,218,0,218,454
07/17/2013,SIG,PR,ASO,ES,Federal Contract Tower,0,0,12,1,13,0,40,120,19,179,0,40,132,20,192,116,0,116,308
07/18/2013,SIG,PR,ASO,ES,Federal Contract Tower,0,0,13,1,14,0,29,46,1,76,0,29,59,2,90,46,2,48,138
07/19/2013,SIG,PR,ASO,ES,Federal Contract Tower,0,0,5,2,7,0,62,193,14,269,0,62,198,16,276,220,0,220,496
07/20/2013,SIG,PR,ASO,ES,Federal Contract Tower,0,0,11,0,11,0,54,171,20,245,0,54,182,20,256,156,0,156,412
07/21/2013,SIG,PR,ASO,ES,Federal Contract Tower,0,0,8,0,8,0,44,100,0,144,0,44,108,0,152,120,0,120,272
07/22/2013,SIG,PR,ASO,ES,Federal Contract Tower,0,0,6,0,6,0,26,44,0,70,0,26,50,0,76,0,0,0,76
07/23/2013,SIG,PR,ASO,ES,Federal Contract Tower,0,0,7,1,8,0,50,145,1,196,0,50,152,2,204,182,0,182,386
07/24/2013,SIG,PR,ASO,ES,Federal Contract Tower,0,0,13,0,13,0,48,176,11,235,0,48,189,11,248,196,0,196,444
07/25/2013,SIG,PR,ASO,ES,Federal Contract Tower,0,0,13,0,13,0,51,142,1,194,0,51,155,1,207,116,0,116,323
07/26/2013,SIG,PR,ASO,ES,Federal Contract Tower,0,0,9,0,9,0,54,111,4,169,0,54,120,4,178,62,2,64,242
07/27/2013,SIG,PR,ASO,ES,Federal Contract Tower,0,0,3,0,3,0,48,128,2,178,0,48,131,2,181,120,0,120,301
07/28/2013,SIG,PR,ASO,ES,Federal Contract Tower,0,0,12,0,12,0,50,103,0,153,0,50,115,0,165,120,0,120,285
07/29/2013,SIG,PR,ASO,ES,Federal Contract Tower,0,0,9,0,9,0,46,100,10,156,0,46,109,10,165,68,0,68,233
07/30/2013,SIG,PR,ASO,ES,Federal Contract Tower,0,0,5,0,5,0,46,108,15,169,0,46,113,15,174,118,0,118,292
07/31/2013,SIG,PR,ASO,ES,Federal Contract Tower,0,0,12,1,13,0,38,130,7,175,0,38,142,8,188,162,0,162,350
08/01/2013,SIG,PR,ASO,ES,Federal Contract Tower,0,0,8,0,8,0,46,81,5,132,0,46,89,5,140,108,0,108,248
08/02/2013,SIG,PR,ASO,ES,Federal Contract Tower,0,0,9,0,9,0,53,137,4,194,0,53,146,4,203,120,0,120,323
08/03/2013,SIG,PR,ASO,ES,Federal Contract Tower,0,0,7,0,7,0,39,140,4,183,0,39,147,4,190,122,0,122,312
08/04/2013,SIG,PR,ASO,ES,Federal Contract Tower,0,0,12,0,12,0,33,83,1,117,0,33,95,1,129,14,0,14,143
08/05/2013,SIG,PR,ASO,ES,Federal Contract Tower,0,0,13,0,13,0,48,105,1,154,0,48,118,1,167,84,0,84,251
08/06/2013,SIG,PR,ASO,ES,Federal Contract Tower,0,0,11,3,14,0,44,126,9,179,0,44,137,12,193,160,0,160,353
08/07/2013,SIG,PR,ASO,ES,Federal Contract Tower,0,0,14,0,14,0,31,110,7,148,0,31,124,7,162,102,8,110,272
08/08/2013,SIG,PR,ASO,ES,Federal Contract Tower,0,0,11,0,11,0,44,145,4,193,0,44,156,4,204,124,0,124,328
08/09/2013,SIG,PR,ASO,ES,Federal Contract Tower,0,0,7,0,7,0,42,117,3,162,0,42,124,3,169,84,0,84,253
08/10/2013,SIG,PR,ASO,ES,Federal Contract Tower,0,0,10,0,10,0,34,128,16,178,0,34,138,16,188,120,0,120,308
08/11/2013,SIG,PR,ASO,ES,Federal Contract Tower,0,0,13,0,13,0,39,106,13,158,0,39,119,13,171,30,0,30,201
08/12/2013,SIG,PR,ASO,ES,Federal Contract Tower,0,0,12,0,12,0,33,79,12,124,0,33,91,12,136,50,0,50,186
08/13/2013,SIG,PR,ASO,ES,Federal Contract Tower,0,0,4,1,5,0,33,101,9,143,0,33,105,10,148,92,0,92,240
08/14/2013,SIG,PR,ASO,ES,Federal Contract Tower,0,0,6,0,6,0,32,101,8,141,0,32,107,8,147,122,0,122,269
08/15/2013,SIG,PR,ASO,ES,Federal Contract Tower,0,0,15,2,17,0,45,141,13,199,0,45,156,15,216,118,0,118,334
08/16/2013,SIG,PR,ASO,ES,Federal Contract Tower,0,0,9,1,10,0,45,112,12,169,0,45,121,13,179,52,8,60,239
08/17/2013,SIG,PR,ASO,ES,Federal Contract Tower,0,0,9,1,10,0,45,142,7,194,0,45,151,8,204,162,0,162,366
08/18/2013,SIG,PR,ASO,ES,Federal Contract Tower,0,0,4,1,5,0,28,85,3,116,0,28,89,4,121,48,0,48,169
08/19/2013,SIG,PR,ASO,ES,Federal Contract Tower,0,0,6,0,6,0,31,75,11,117,0,31,81,11,123,30,0,30,153
08/20/2013,SIG,PR,ASO,ES,Federal Contract Tower,0,0,9,1,10,0,44,66,10,120,0,44,75,11,130,26,0,26,156
08/21/2013,SIG,PR,ASO,ES,Federal Contract Tower,0,0,6,0,6,0,30,115,10,155,0,30,121,10,161,82,6,88,249
08/22/2013,SIG,PR,ASO,ES,Federal Contract Tower,0,0,10,0,10,0,34,86,4,124,0,34,96,4,134,76,0,76,210
08/23/2013,SIG,PR,ASO,ES,Federal Contract Tower,0,0,8,0,8,0,46,123,5,174,0,46,131,5,182,126,0,126,308
08/24/2013,SIG,PR,ASO,ES,Federal Contract Tower,0,0,5,0,5,0,36,141,2,179,0,36,146,2,184,104,0,104,288
08/25/2013,SIG,PR,ASO,ES,Federal Contract Tower,0,0,7,0,7,0,35,104,0,139,0,35,111,0,146,42,0,42,188
08/26/2013,SIG,PR,ASO,ES,Federal Contract Tower,0,0,6,0,6,0,37,90,0,127,0,37,96,0,133,68,0,68,201
08/27/2013,SIG,PR,ASO,ES,Federal Contract Tower,0,0,5,0,5,0,44,112,6,162,0,44,117,6,167,126,0,126,293
08/28/2013,SIG,PR,ASO,ES,Federal Contract Tower,0,0,13,0,13,0,32,121,4,157,0,32,134,4,170,100,0,100,270
08/29/2013,SIG,PR,ASO,ES,Federal Contract Tower,0,0,4,0,4,0,46,138,2,186,0,46,142,2,190,36,0,36,226
08/30/2013,SIG,PR,ASO,ES,Federal Contract Tower,0,0,14,0,14,0,49,156,2,207,0,49,170,2,221,80,0,80,301
08/31/2013,SIG,PR,ASO,ES,Federal Contract Tower,0,0,13,0,13,0,46,163,2,211,0,46,176,2,224,134,0,134,358
09/01/2013,SIG,PR,ASO,ES,Federal Contract Tower,0,0,4,0,4,0,38,119,0,157,0,38,123,0,161,84,0,84,245
09/02/2013,SIG,PR,ASO,ES,Federal Contract Tower,0,0,11,0,11,0,53,132,0,185,0,53,143,0,196,116,0,116,312
09/03/2013,SIG,PR,ASO,ES,Federal Contract Tower,0,0,4,0,4,0,44,100,6,150,0,44,104,6,154,74,0,74,228
09/04/2013,SIG,PR,ASO,ES,Federal Contract Tower,0,0,9,0,9,0,29,81,6,116,0,29,90,6,125,0,0,0,125
09/05/2013,SIG,PR,ASO,ES,Federal Contract Tower,0,0,1,1,2,0,28,17,3,48,0,28,18,4,50,2,14,16,66
09/06/2013,SIG,PR,ASO,ES,Federal Contract Tower,0,0,5,1,6,0,45,100,27,172,0,45,105,28,178,66,0,66,244
09/07/2013,SIG,PR,ASO,ES,Federal Contract Tower,0,0,6,1,7,0,44,135,13,192,0,44,141,14,199,94,0,94,293
09/08/2013,SIG,PR,ASO,ES,Federal Contract Tower,0,0,10,0,10,0,34,98,9,141,0,34,108,9,151,86,0,86,237
09/09/2013,SIG,PR,ASO,ES,Federal Contract Tower,0,0,5,0,5,0,45,124,0,169,0,45,129,0,174,94,0,94,268
09/10/2013,SIG,PR,ASO,ES,Federal Contract Tower,0,0,10,2,12,0,41,125,13,179,0,41,135,15,191,146,0,146,337
09/11/2013,SIG,PR,ASO,ES,Federal Contract Tower,0,0,7,1,8,0,33,117,2,152,0,33,124,3,160,128,4,132,292
09/12/2013,SIG,PR,ASO,ES,Federal Contract Tower,0,0,12,0,12,0,30,76,3,109,0,30,88,3,121,50,0,50,171
09/13/2013,SIG,PR,ASO,ES,Federal Contract Tower,0,0,4,0,4,0,50,150,6,206,0,50,154,6,210,122,0,122,332
09/14/2013,SIG,PR,ASO,ES,Federal Contract Tower,0,0,7,0,7,0,49,162,8,219,0,49,169,8,226,124,0,124,350
09/15/2013,SIG,PR,ASO,ES,Federal Contract Tower,0,0,9,0,9,0,44,146,6,196,0,44,155,6,205,122,0,122,327
09/16/2013,SIG,PR,ASO,ES,Federal Contract Tower,0,0,8,2,10,0,39,119,13,171,0,39,127,15,181,132,8,140,321
09/17/2013,SIG,PR,ASO,ES,Federal Contract Tower,0,0,13,0,13,0,40,115,6,161,0,40,128,6,174,108,0,108,282
09/18/2013,SIG,PR,ASO,ES,Federal Contract Tower,0,0,9,0,9,0,31,100,6,137,0,31,109,6,146,120,0,120,266
09/19/2013,SIG,PR,ASO,ES,Federal Contract Tower,0,0,14,0,14,0,32,126,3,161,0,32,140,3,175,80,0,80,255
09/20/2013,SIG,PR,ASO,ES,Federal Contract Tower,0,0,9,1,10,0,42,139,3,184,0,42,148,4,194,146,0,146,340
09/21/2013,SIG,PR,ASO,ES,Federal Contract Tower,0,0,6,0,6,0,42,143,2,187,0,42,149,2,193,122,0,122,315
09/22/2013,SIG,PR,ASO,ES,Federal Contract Tower,0,0,4,0,4,0,41,120,0,161,0,41,124,0,165,78,0,78,243
09/23/2013,SIG,PR,ASO,ES,Federal Contract Tower,0,0,9,0,9,0,43,136,7,186,0,43,145,7,195,116,0,116,311
09/24/2013,SIG,PR,ASO,ES,Federal Contract Tower,0,0,7,1,8,0,40,116,7,163,0,40,123,8,171,113,0,113,284
09/25/2013,SIG,PR,ASO,ES,Federal Contract Tower,0,0,13,0,13,0,26,113,8,147,0,26,126,8,160,98,0,98,258
09/26/2013,SIG,PR,ASO,ES,Federal Contract Tower,0,0,7,0,7,0,34,102,2,138,0,34,109,2,145,118,0,118,263
09/27/2013,SIG,PR,ASO,ES,Federal Contract Tower,0,0,9,0,9,0,47,197,2,246,0,47,206,2,255,192,0,192,447
09/28/2013,SIG,PR,ASO,ES,Federal Contract Tower,0,0,7,0,7,0,44,198,0,242,0,44,205,0,249,230,0,230,479
09/29/2013,SIG,PR,ASO,ES,Federal Contract Tower,0,0,8,0,8,0,39,124,0,163,0,39,132,0,171,114,0,114,285
09/30/2013,SIG,PR,ASO,ES,Federal Contract Tower,0,0,7,0,7,0,39,119,10,168,0,39,126,10,175,108,2,110,285
10/01/2013,SIG,PR,ASO,ES,Federal Contract Tower,0,0,6,2,8,0,27,103,1,131,0,27,109,3,139,104,0,104,243
10/02/2013,SIG,PR,ASO,ES,Federal Contract Tower,0,0,11,0,11,0,31,101,2,134,0,31,112,2,145,104,0,104,249
10/03/2013,SIG,PR,ASO,ES,Federal Contract Tower,0,0,7,1,8,0,34,105,2,141,0,34,112,3,149,66,0,66,215
10/04/2013,SIG,PR,ASO,ES,Federal Contract Tower,0,0,9,0,9,0,52,144,0,196,0,52,153,0,205,172,0,172,377
10/05/2013,SIG,PR,ASO,ES,Federal Contract Tower,0,0,10,0,10,0,46,147,0,193,0,46,157,0,203,174,0,174,377
10/06/2013,SIG,PR,ASO,ES,Federal Contract Tower,0,0,6,0,6,0,33,120,0,153,0,33,126,0,159,90,0,90,249
10/07/2013,SIG,PR,ASO,ES,Federal Contract Tower,0,0,12,1,13,0,42,101,3,146,0,42,113,4,159,78,0,78,237
10/08/2013,SIG,PR,ASO,ES,Federal Contract Tower,0,0,8,0,8,0,38,168,6,212,0,38,176,6,220,132,0,132,352
10/09/2013,SIG,PR,ASO,ES,Federal Contract Tower,0,0,8,0,8,0,27,121,16,164,0,27,129,16,172,112,16,128,300
10/10/2013,SIG,PR,ASO,ES,Federal Contract Tower,0,0,5,0,5,0,28,70,2,100,0,28,75,2,105,58,0,58,163
10/11/2013,SIG,PR,ASO,ES,Federal Contract Tower,0,0,5,0,5,0,50,139,1,190,0,50,144,1,195,160,0,160,355
10/12/2013,SIG,PR,ASO,ES,Federal Contract Tower,0,0,1,0,1,0,32,129,0,161,0,32,130,0,162,142,0,142,304
10/13/2013,SIG,PR,ASO,ES,Federal Contract Tower,0,0,5,0,5,0,22,86,0,108,0,22,91,0,113,60,0,60,173
10/14/2013,SIG,PR,ASO,ES,Federal Contract Tower,0,0,8,0,8,0,36,93,0,129,0,36,101,0,137,118,0,118,255
10/15/2013,SIG,PR,ASO,ES,Federal Contract Tower,0,0,7,1,8,0,39,135,4,178,0,39,142,5,186,188,0,188,374
10/16/2013,SIG,PR,ASO,ES,Federal Contract Tower,0,0,6,0,6,0,26,95,13,134,0,26,101,13,140,66,0,66,206
10/17/2013,SIG,PR,ASO,ES,Federal Contract Tower,0,0,14,0,14,0,41,113,6,160,0,41,127,6,174,140,0,140,314
10/18/2013,SIG,PR,ASO,ES,Federal Contract Tower,0,0,14,0,14,0,53,165,0,218,0,53,179,0,232,156,0,156,388
10/19/2013,SIG,PR,ASO,ES,Federal Contract Tower,0,0,4,0,4,0,35,157,0,192,0,35,161,0,196,114,0,114,310
10/20/2013,SIG,PR,ASO,ES,Federal Contract Tower,0,0,5,0,5,0,26,95,0,121,0,26,100,0,126,40,0,40,166
10/21/2013,SIG,PR,ASO,ES,Federal Contract Tower,0,0,11,0,11,0,25,90,2,117,0,25,101,2,128,86,0,86,214
10/22/2013,SIG,PR,ASO,ES,Federal Contract Tower,0,0,7,0,7,0,29,98,19,146,0,29,105,19,153,118,6,124,277
10/23/2013,SIG,PR,ASO,ES,Federal Contract Tower,0,0,5,0,5,0,44,105,4,153,0,44,110,4,158,138,0,138,296
10/24/2013,SIG,PR,ASO,ES,Federal Contract Tower,0,0,6,0,6,40,132,0,0,172,40,132,6,0,178,94,0,94,272
10/25/2013,SIG,PR,ASO,ES,Federal Contract Tower,0,0,6,0,6,0,50,152,0,202,0,50,158,0,208,148,0,148,356
10/26/2013,SIG,PR,ASO,ES,Federal Contract Tower,0,0,8,1,9,0,48,136,3,187,0,48,144,4,196,168,0,168,364
10/27/2013,SIG,PR,ASO,ES,Federal Contract Tower,0,0,11,0,11,0,31,113,2,146,0,31,124,2,157,70,0,70,227
10/28/2013,SIG,PR,ASO,ES,Federal Contract Tower,0,0,5,1,6,0,32,104,4,140,0,32,109,5,146,90,0,90,236
10/29/2013,SIG,PR,ASO,ES,Federal Contract Tower,0,0,11,0,11,0,33,77,1,111,0,33,88,1,122,70,0,70,192
10/30/2013,SIG,PR,ASO,ES,Federal Contract Tower,0,0,7,0,7,0,36,118,3,157,0,36,125,3,164,148,0,148,312
10/31/2013,SIG,PR,ASO,ES,Federal Contract Tower,0,0,11,1,12,0,30,110,1,141,0,30,121,2,153,54,0,54,207
11/01/2013,SIG,PR,ASO,ES,Federal Contract Tower,0,0,7,0,7,0,50,189,18,257,0,50,196,18,264,288,0,288,552
11/02/2013,SIG,PR,ASO,ES,Federal Contract Tower,0,0,3,0,3,0,27,108,15,150,0,27,111,15,153,138,4,142,295
11/03/2013,SIG,PR,ASO,ES,Federal Contract Tower,0,0,11,1,12,0,31,111,15,157,0,31,122,16,169,80,0,80,249
11/04/2013,SIG,PR,ASO,ES,Federal Contract Tower,0,0,11,0,11,0,35,95,7,137,0,35,106,7,148,80,2,82,230
11/05/2013,SIG,PR,ASO,ES,Federal Contract Tower,0,0,3,0,3,0,35,92,9,136,0,35,95,9,139,160,0,160,299
11/06/2013,SIG,PR,ASO,ES,Federal Contract Tower,0,0,4,0,4,0,28,86,8,122,0,28,90,8,126,100,0,100,226
11/07/2013,SIG,PR,ASO,ES,Federal Contract Tower,0,0,12,0,12,0,40,126,3,169,0,40,138,3,181,174,0,174,355
11/08/2013,SIG,PR,ASO,ES,Federal Contract Tower,0,0,9,0,9,0,49,144,7,200,0,49,153,7,209,178,0,178,387
11/09/2013,SIG,PR,ASO,ES,Federal Contract Tower,0,0,3,0,3,0,32,130,0,162,0,32,133,0,165,174,0,174,339
11/10/2013,SIG,PR,ASO,ES,Federal Contract Tower,0,0,8,0,8,0,31,121,0,152,0,31,129,0,160,74,0,74,234
11/11/2013,SIG,PR,ASO,ES,Federal Contract Tower,0,0,10,0,10,0,32,83,0,115,0,32,93,0,125,102,0,102,227
11/12/2013,SIG,PR,ASO,ES,Federal Contract Tower,0,0,10,1,11,0,34,116,6,156,0,34,126,7,167,186,0,186,353
11/13/2013,SIG,PR,ASO,ES,Federal Contract Tower,0,0,4,2,6,0,26,121,7,154,0,26,125,9,160,132,0,132,292
11/14/2013,SIG,PR,ASO,ES,Federal Contract Tower,0,0,11,2,13,0,35,127,9,171,0,35,138,11,184,178,0,178,362
11/15/2013,SIG,PR,ASO,ES,Federal Contract Tower,0,0,16,0,16,0,45,138,5,188,0,45,154,5,204,86,10,96,300
11/16/2013,SIG,PR,ASO,ES,Federal Contract Tower,0,0,9,0,9,0,44,156,0,200,0,44,165,0,209,206,0,206,415
11/17/2013,SIG,PR,ASO,ES,Federal Contract Tower,0,0,7,0,7,0,32,101,0,133,0,32,108,0,140,114,0,114,254
11/18/2013,SIG,PR,ASO,ES,Federal Contract Tower,0,0,5,0,5,0,42,125,5,172,0,42,130,5,177,134,0,134,311
11/19/2013,SIG,PR,ASO,ES,Federal Contract Tower,0,0,13,2,15,0,35,95,17,147,0,35,108,19,162,106,0,106,268
11/20/2013,SIG,PR,ASO,ES,Federal Contract Tower,0,0,10,0,10,0,39,138,18,195,0,39,148,18,205,124,0,124,329
11/21/2013,SIG,PR,ASO,ES,Federal Contract Tower,0,0,15,4,19,0,36,109,9,154,0,36,124,13,173,104,0,104,277
11/22/2013,SIG,PR,ASO,ES,Federal Contract Tower,0,0,11,1,12,0,42,125,3,170,0,42,136,4,182,90,0,90,272
11/23/2013,SIG,PR,ASO,ES,Federal Contract Tower,0,0,11,0,11,0,55,161,1,217,0,55,172,1,228,164,4,168,396
11/24/2013,SIG,PR,ASO,ES,Federal Contract Tower,0,0,6,0,6,0,32,116,0,148,0,32,122,0,154,86,0,86,240
11/25/2013,SIG,PR,ASO,ES,Federal Contract Tower,0,0,6,0,6,0,30,96,6,132,0,30,102,6,138,150,0,150,288
11/26/2013,SIG,PR,ASO,ES,Federal Contract Tower,0,0,16,2,18,0,47,129,17,193,0,47,145,19,211,146,6,152,363
11/27/2013,SIG,PR,ASO,ES,Federal Contract Tower,0,0,21,1,22,0,38,115,4,157,0,38,136,5,179,98,0,98,277
11/28/2013,SIG,PR,ASO,ES,Federal Contract Tower,0,0,6,0,6,0,48,76,0,124,0,48,82,0,130,6,0,6,136
11/29/2013,SIG,PR,ASO,ES,Federal Contract Tower,0,0,7,0,7,0,46,118,0,164,0,46,125,0,171,112,0,112,283
11/30/2013,SIG,PR,ASO,ES,Federal Contract Tower,0,0,10,0,10,0,39,83,0,122,0,39,93,0,132,34,0,34,166
12/01/2013,SIG,PR,ASO,ES,Federal Contract Tower,0,0,27,0,27,0,38,117,0,155,0,38,144,0,182,56,0,56,238
12/02/2013,SIG,PR,ASO,ES,Federal Contract Tower,0,0,6,0,6,0,34,103,6,143,0,34,109,6,149,72,0,72,221
12/03/2013,SIG,PR,ASO,ES,Federal Contract Tower,0,0,4,0,4,0,35,82,6,123,0,35,86,6,127,124,4,128,255
12/04/2013,SIG,PR,ASO,ES,Federal Contract Tower,0,0,4,0,4,0,25,85,0,110,0,25,89,0,114,76,0,76,190
12/05/2013,SIG,PR,ASO,ES,Federal Contract Tower,0,0,6,2,8,0,33,75,7,115,0,33,81,9,123,4,0,4,127
12/06/2013,SIG,PR,ASO,ES,Federal Contract Tower,0,0,9,0,9,0,43,153,7,203,0,43,162,7,212,234,0,234,446
12/07/2013,SIG,PR,ASO,ES,Federal Contract Tower,0,0,4,0,4,0,39,108,0,147,0,39,112,0,151,144,0,144,295
12/08/2013,SIG,PR,ASO,ES,Federal Contract Tower,0,0,15,0,15,0,32,88,3,123,0,32,103,3,138,58,0,58,196
12/09/2013,SIG,PR,ASO,ES,Federal Contract Tower,0,0,10,0,10,0,32,117,6,155,0,32,127,6,165,100,4,104,269
12/10/2013,SIG,PR,ASO,ES,Federal Contract Tower,0,0,6,0,6,0,29,112,8,149,0,29,118,8,155,116,0,116,271
12/11/2013,SIG,PR,ASO,ES,Federal Contract Tower,0,0,15,0,15,0,39,135,13,187,0,39,150,13,202,128,4,132,334
12/12/2013,SIG,PR,ASO,ES,Federal Contract Tower,0,0,15,0,15,0,37,124,7,168,0,37,139,7,183,140,0,140,323
12/13/2013,SIG,PR,ASO,ES,Federal Contract Tower,0,0,8,0,8,0,44,139,6,189,0,44,147,6,197,138,0,138,335
12/14/2013,SIG,PR,ASO,ES,Federal Contract Tower,0,0,9,0,9,0,32,219,6,257,0,32,228,6,266,212,6,218,484
12/15/2013,SIG,PR,ASO,ES,Federal Contract Tower,0,0,7,0,7,0,26,96,15,137,0,26,103,15,144,24,0,24,168
12/16/2013,SIG,PR,ASO,ES,Federal Contract Tower,0,0,14,0,14,0,45,136,9,190,0,45,150,9,204,106,0,106,310
12/17/2013,SIG,PR,ASO,ES,Federal Contract Tower,0,0,15,1,16,0,38,124,13,175,0,38,139,14,191,116,0,116,307
12/18/2013,SIG,PR,ASO,ES,Federal Contract Tower,0,0,19,0,19,0,40,96,9,145,0,40,115,9,164,52,0,52,216
12/19/2013,SIG,PR,ASO,ES,Federal Contract Tower,0,0,10,0,10,0,39,120,14,173,0,39,130,14,183,100,0,100,283
12/20/2013,SIG,PR,ASO,ES,Federal Contract Tower,0,0,20,0,20,0,49,121,2,172,0,49,141,2,192,66,0,66,258
12/21/2013,SIG,PR,ASO,ES,Federal Contract Tower,0,0,12,0,12,0,43,147,3,193,0,43,159,3,205,112,0,112,317
12/22/2013,SIG,PR,ASO,ES,Federal Contract Tower,0,0,13,0,13,0,41,119,0,160,0,41,132,0,173,96,0,96,269
12/23/2013,SIG,PR,ASO,ES,Federal Contract Tower,0,0,9,0,9,0,34,106,11,151,0,34,115,11,160,60,6,66,226
12/24/2013,SIG,PR,ASO,ES,Federal Contract Tower,0,0,11,0,11,0,39,101,0,140,0,39,112,0,151,66,0,66,217
12/25/2013,SIG,PR,ASO,ES,Federal Contract Tower,0,0,4,0,4,0,34,71,0,105,0,34,75,0,109,0,0,0,109
12/26/2013,SIG,PR,ASO,ES,Federal Contract Tower,0,0,16,0,16,0,44,130,0,174,0,44,146,0,190,128,0,128,318
12/27/2013,SIG,PR,ASO,ES,Federal Contract Tower,0,0,29,0,29,0,51,160,4,215,0,51,189,4,244,144,0,144,388
12/28/2013,SIG,PR,ASO,ES,Federal Contract Tower,0,0,17,0,17,0,41,128,0,169,0,41,145,0,186,40,0,40,226
12/29/2013,SIG,PR,ASO,ES,Federal Contract Tower,0,0,11,0,11,0,38,104,0,142,0,38,115,0,153,42,0,42,195
12/30/2013,SIG,PR,ASO,ES,Federal Contract Tower,0,0,13,0,13,0,44,147,9,200,0,44,160,9,213,82,0,82,295
12/31/2013,SIG,PR,ASO,ES,Federal Contract Tower,0,0,6,0,6,0,53,133,5,191,0,53,139,5,197,76,0,76,273
01/01/2014,SIG,PR,ASO,ES,Federal Contract Tower,0,0,9,0,9,0,36,48,0,84,0,36,57,0,93,16,0,16,109
01/02/2014,SIG,PR,ASO,ES,Federal Contract Tower,0,0,14,0,14,0,41,126,0,167,0,41,140,0,181,36,0,36,217
01/03/2014,SIG,PR,ASO,ES,Federal Contract Tower,0,0,15,0,15,0,50,129,0,179,0,50,144,0,194,108,0,108,302
01/04/2014,SIG,PR,ASO,ES,Federal Contract Tower,0,0,20,0,20,0,55,155,0,210,0,55,175,0,230,130,0,130,360
01/05/2014,SIG,PR,ASO,ES,Federal Contract Tower,0,0,20,0,20,0,46,115,0,161,0,46,135,0,181,110,0,110,291
01/06/2014,SIG,PR,ASO,ES,Federal Contract Tower,0,0,15,0,15,0,45,91,0,136,0,45,106,0,151,16,0,16,167
01/07/2014,SIG,PR,ASO,ES,Federal Contract Tower,0,0,9,0,9,0,40,109,6,155,0,40,118,6,164,66,0,66,230
01/08/2014,SIG,PR,ASO,ES,Federal Contract Tower,0,0,4,3,7,0,42,114,14,170,0,42,118,17,177,88,0,88,265
01/09/2014,SIG,PR,ASO,ES,Federal Contract Tower,0,0,10,2,12,0,39,113,4,156,0,39,123,6,168,98,0,98,266
01/10/2014,SIG,PR,ASO,ES,Federal Contract Tower,0,0,9,1,10,0,41,123,8,172,0,41,132,9,182,96,0,96,278
01/11/2014,SIG,PR,ASO,ES,Federal Contract Tower,0,0,7,2,9,0,42,116,9,167,0,42,123,11,176,124,6,130,306
01/12/2014,SIG,PR,ASO,ES,Federal Contract Tower,0,0,12,0,12,0,39,86,29,154,0,39,98,29,166,44,26,70,236
01/13/2014,SIG,PR,ASO,ES,Federal Contract Tower,0,0,3,0,3,0,38,62,10,110,0,38,65,10,113,14,2,16,129
01/14/2014,SIG,PR,ASO,ES,Federal Contract Tower,0,0,5,0,5,0,36,107,15,158,0,36,112,15,163,60,16,76,239
01/15/2014,SIG,PR,ASO,ES,Federal Contract Tower,0,0,12,0,12,0,33,82,22,137,0,33,94,22,149,52,0,52,201
01/16/2014,SIG,PR,ASO,ES,Federal Contract Tower,0,0,11,0,11,0,45,111,14,170,0,45,122,14,181,66,4,70,251
01/17/2014,SIG,PR,ASO,ES,Federal Contract Tower,0,0,18,0,18,0,42,128,9,179,0,42,146,9,197,126,8,134,331
01/18/2014,SIG,PR,ASO,ES,Federal Contract Tower,0,0,8,1,9,0,49,171,0,220,0,49,179,1,229,252,0,252,481
01/19/2014,SIG,PR,ASO,ES,Federal Contract Tower,0,0,5,0,5,0,40,99,0,139,0,40,104,0,144,64,0,64,208
01/20/2014,SIG,PR,ASO,ES,Federal Contract Tower,0,0,18,0,18,0,38,115,3,156,0,38,133,3,174,56,2,58,232
01/21/2014,SIG,PR,ASO,ES,Federal Contract Tower,0,0,8,3,11,0,49,94,11,154,0,49,102,14,165,54,0,54,219
01/22/2014,SIG,PR,ASO,ES,Federal Contract Tower,0,0,13,1,14,0,33,112,12,157,0,33,125,13,171,88,0,88,259
01/23/2014,SIG,PR,ASO,ES,Federal Contract Tower,0,0,4,2,6,0,41,98,7,146,0,41,102,9,152,60,0,60,212
01/24/2014,SIG,PR,ASO,ES,Federal Contract Tower,0,0,16,0,16,0,49,99,4,152,0,49,115,4,168,66,0,66,234
01/25/2014,SIG,PR,ASO,ES,Federal Contract Tower,0,1,9,0,10,0,36,116,1,153,0,37,125,1,163,106,0,106,269
01/26/2014,SIG,PR,ASO,ES,Federal Contract Tower,0,2,11,0,13,0,28,92,0,120,0,30,103,0,133,54,0,54,187
01/27/2014,SIG,PR,ASO,ES,Federal Contract Tower,0,0,5,0,5,0,42,100,3,145,0,42,105,3,150,82,0,82,232
01/28/2014,SIG,PR,ASO,ES,Federal Contract Tower,0,0,12,0,12,0,62,108,12,182,0,62,120,12,194,94,0,94,288
01/29/2014,SIG,PR,ASO,ES,Federal Contract Tower,0,0,9,1,10,0,36,124,10,170,0,36,133,11,180,86,0,86,266
01/30/2014,SIG,PR,ASO,ES,Federal Contract Tower,0,0,6,0,6,0,35,82,10,127,0,35,88,10,133,66,2,68,201
01/31/2014,SIG,PR,ASO,ES,Federal Contract Tower,0,0,13,0,13,0,45,138,5,188,0,45,151,5,201,154,0,154,355
02/01/2014,SIG,PR,ASO,ES,Federal Contract Tower,0,0,6,0,6,0,42,123,0,165,0,42,129,0,171,142,0,142,313
02/02/2014,SIG,PR,ASO,ES,Federal Contract Tower,0,0,7,0,7,0,31,94,5,130,0,31,101,5,137,46,0,46,183
02/03/2014,SIG,PR,ASO,ES,Federal Contract Tower,0,0,8,0,8,0,38,98,5,141,0,38,106,5,149,78,0,78,227
02/04/2014,SIG,PR,ASO,ES,Federal Contract Tower,0,0,10,0,10,0,29,67,4,100,0,29,77,4,110,44,0,44,154
02/05/2014,SIG,PR,ASO,ES,Federal Contract Tower,0,0,12,0,12,0,38,117,8,163,0,38,129,8,175,98,0,98,273
02/06/2014,SIG,PR,ASO,ES,Federal Contract Tower,0,0,9,0,9,0,42,94,6,142,0,42,103,6,151,106,0,106,257
02/07/2014,SIG,PR,ASO,ES,Federal Contract Tower,0,0,7,0,7,0,38,118,4,160,0,38,125,4,167,100,0,100,267
02/08/2014,SIG,PR,ASO,ES,Federal Contract Tower,0,0,9,0,9,0,30,124,0,154,0,30,133,0,163,128,0,128,291
02/09/2014,SIG,PR,ASO,ES,Federal Contract Tower,0,0,7,0,7,0,36,109,1,146,0,36,116,1,153,88,0,88,241
02/10/2014,SIG,PR,ASO,ES,Federal Contract Tower,0,0,8,0,8,0,38,104,6,148,0,38,112,6,156,124,0,124,280
02/11/2014,SIG,PR,ASO,ES,Federal Contract Tower,0,0,2,0,2,0,45,115,9,169,0,45,117,9,171,82,0,82,253
02/12/2014,SIG,PR,ASO,ES,Federal Contract Tower,0,0,8,0,8,0,38,111,5,154,0,38,119,5,162,88,0,88,250
02/13/2014,SIG,PR,ASO,ES,Federal Contract Tower,0,0,8,1,9,0,44,133,10,187,0,44,141,11,196,118,0,118,314
02/14/2014,SIG,PR,ASO,ES,Federal Contract Tower,0,0,12,0,12,0,48,129,1,178,0,48,141,1,190,52,0,52,242
02/15/2014,SIG,PR,ASO,ES,Federal Contract Tower,0,0,8,0,8,0,41,157,0,198,0,41,165,0,206,140,0,140,346
02/16/2014,SIG,PR,ASO,ES,Federal Contract Tower,0,0,8,0,8,0,41,91,0,132,0,41,99,0,140,48,0,48,188
02/17/2014,SIG,PR,ASO,ES,Federal Contract Tower,0,0,9,0,9,0,44,94,0,138,0,44,103,0,147,42,0,42,189
02/18/2014,SIG,PR,ASO,ES,Federal Contract Tower,0,0,10,1,11,0,43,81,4,128,0,43,91,5,139,68,0,68,207
02/19/2014,SIG,PR,ASO,ES,Federal Contract Tower,0,0,11,1,12,0,42,116,7,165,0,42,127,8,177,74,0,74,251
02/20/2014,SIG,PR,ASO,ES,Federal Contract Tower,0,0,4,1,5,0,45,119,10,174,0,45,123,11,179,98,0,98,277
02/21/2014,SIG,PR,ASO,ES,Federal Contract Tower,0,0,13,1,14,0,49,130,6,185,0,49,143,7,199,57,0,57,256
02/22/2014,SIG,PR,ASO,ES,Federal Contract Tower,0,0,14,0,14,0,33,126,1,160,0,33,140,1,174,132,0,132,306
02/23/2014,SIG,PR,ASO,ES,Federal Contract Tower,0,0,7,1,8,0,28,110,1,139,0,28,117,2,147,78,0,78,225
02/24/2014,SIG,PR,ASO,ES,Federal Contract Tower,0,0,11,0,11,0,45,95,4,144,0,45,106,4,155,58,0,58,213
02/25/2014,SIG,PR,ASO,ES,Federal Contract Tower,0,0,14,0,14,0,44,114,8,166,0,44,128,8,180,76,0,76,256
02/26/2014,SIG,PR,ASO,ES,Federal Contract Tower,0,1,10,1,12,0,40,124,12,176,0,41,134,13,188,122,0,122,310
02/27/2014,SIG,PR,ASO,ES,Federal Contract Tower,0,0,12,0,12,0,41,100,9,150,0,41,112,9,162,136,0,136,298
02/28/2014,SIG,PR,ASO,ES,Federal Contract Tower,0,1,15,0,16,0,44,142,8,194,0,45,157,8,210,148,0,148,358
03/01/2014,SIG,PR,ASO,ES,Federal Contract Tower,0,0,10,0,10,0,33,142,7,182,0,33,152,7,192,182,0,182,374
03/02/2014,SIG,PR,ASO,ES,Federal Contract Tower,0,1,12,0,13,0,38,126,3,167,0,39,138,3,180,138,0,138,318
03/03/2014,SIG,PR,ASO,ES,Federal Contract Tower,0,0,12,0,12,0,46,116,1,163,0,46,128,1,175,102,0,102,277
03/04/2014,SIG,PR,ASO,ES,Federal Contract Tower,0,0,12,0,12,0,38,101,8,147,0,38,113,8,159,162,0,162,321
03/05/2014,SIG,PR,ASO,ES,Federal Contract Tower,0,0,4,1,5,0,43,100,14,157,0,43,104,15,162,164,4,168,330
03/06/2014,SIG,PR,ASO,ES,Federal Contract Tower,0,0,7,0,7,0,43,140,14,197,0,43,147,14,204,172,2,174,378
03/07/2014,SIG,PR,ASO,ES,Federal Contract Tower,0,0,19,0,19,0,49,140,2,191,0,49,159,2,210,148,4,152,362
03/08/2014,SIG,PR,ASO,ES,Federal Contract Tower,0,1,6,1,8,0,37,115,1,153,0,38,121,2,161,110,0,110,271
03/09/2014,SIG,PR,ASO,ES,Federal Contract Tower,0,0,15,0,15,0,35,103,3,141,0,35,118,3,156,100,0,100,256
03/10/2014,SIG,PR,ASO,ES,Federal Contract Tower,0,0,7,1,8,0,44,79,8,131,0,44,86,9,139,106,2,108,247
03/11/2014,SIG,PR,ASO,ES,Federal Contract Tower,0,0,7,4,11,0,44,110,2,156,0,44,117,6,167,100,0,100,267
03/12/2014,SIG,PR,ASO,ES,Federal Contract Tower,0,0,7,1,8,0,43,104,3,150,0,43,111,4,158,116,0,116,274
03/13/2014,SIG,PR,ASO,ES,Federal Contract Tower,0,1,6,5,12,0,51,122,10,183,0,52,128,15,195,176,4,180,375
03/14/2014,SIG,PR,ASO,ES,Federal Contract Tower,0,0,14,2,16,0,54,141,2,197,0,54,155,4,213,172,2,174,387
03/15/2014,SIG,PR,ASO,ES,Federal Contract Tower,0,0,7,0,7,0,35,210,2,247,0,35,217,2,254,142,0,142,396
03/16/2014,SIG,PR,ASO,ES,Federal Contract Tower,0,0,7,1,8,0,34,90,1,125,0,34,97,2,133,18,0,18,151
03/17/2014,SIG,PR,ASO,ES,Federal Contract Tower,0,0,6,1,7,0,41,103,6,150,0,41,109,7,157,80,8,88,245
03/18/2014,SIG,PR,ASO,ES,Federal Contract Tower,0,0,8,0,8,0,39,108,6,153,0,39,116,6,161,84,0,84,245
03/19/2014,SIG,PR,ASO,ES,Federal Contract Tower,0,0,8,1,9,0,46,109,7,162,0,46,117,8,171,112,0,112,283
03/20/2014,SIG,PR,ASO,ES,Federal Contract Tower,0,0,14,2,16,0,45,118,11,174,0,45,132,13,190,76,2,78,268
03/21/2014,SIG,PR,ASO,ES,Federal Contract Tower,0,0,15,0,15,0,41,107,0,148,0,41,122,0,163,100,0,100,263
03/22/2014,SIG,PR,ASO,ES,Federal Contract Tower,0,0,6,0,6,0,37,140,5,182,0,37,146,5,188,132,4,136,324
03/23/2014,SIG,PR,ASO,ES,Federal Contract Tower,0,0,12,0,12,0,36,111,2,149,0,36,123,2,161,92,0,92,253
03/24/2014,SIG,PR,ASO,ES,Federal Contract Tower,0,0,10,1,11,0,44,113,14,171,0,44,123,15,182,104,0,104,286
03/25/2014,SIG,PR,ASO,ES,Federal Contract Tower,0,0,6,0,6,0,48,117,8,173,0,48,123,8,179,134,0,134,313
03/26/2014,SIG,PR,ASO,ES,Federal Contract Tower,0,0,8,2,10,0,45,114,10,169,0,45,122,12,179,146,4,150,329
03/27/2014,SIG,PR,ASO,ES,Federal Contract Tower,0,0,6,2,8,0,49,107,2,158,0,49,113,4,166,188,0,188,354
03/28/2014,SIG,PR,ASO,ES,Federal Contract Tower,0,0,6,3,9,0,45,105,5,155,0,45,111,8,164,176,12,188,352
03/29/2014,SIG,PR,ASO,ES,Federal Contract Tower,0,0,15,0,15,0,39,147,0,186,0,39,162,0,201,178,2,180,381
03/30/2014,SIG,PR,ASO,ES,Federal Contract Tower,0,0,10,0,10,0,39,119,3,161,0,39,129,3,171,102,2,104,275
03/31/2014,SIG,PR,ASO,ES,Federal Contract Tower,0,0,3,1,4,0,50,93,4,147,0,50,96,5,151,94,0,94,245
04/01/2014,SIG,PR,ASO,ES,Federal Contract Tower,0,0,8,1,9,0,46,129,8,183,0,46,137,9,192,102,0,102,294
04/02/2014,SIG,PR,ASO,ES,Federal Contract Tower,0,0,7,0,7,0,47,114,9,170,0,47,121,9,177,212,0,212,389
04/03/2014,SIG,PR,ASO,ES,Federal Contract Tower,0,0,4,1,5,0,45,98,9,152,0,45,102,10,157,86,8,94,251
04/04/2014,SIG,PR,ASO,ES,Federal Contract Tower,0,0,11,0,11,0,43,127,13,183,0,43,138,13,194,86,0,86,280
04/05/2014,SIG,PR,ASO,ES,Federal Contract Tower,0,0,8,2,10,0,40,122,18,180,0,40,130,20,190,138,0,138,328
04/06/2014,SIG,PR,ASO,ES,Federal Contract Tower,0,0,15,0,15,0,38,117,5,160,0,38,132,5,175,74,0,74,249
04/07/2014,SIG,PR,ASO,ES,Federal Contract Tower,0,0,13,0,13,0,33,87,3,123,0,33,100,3,136,84,0,84,220
04/08/2014,SIG,PR,ASO,ES,Federal Contract Tower,0,0,7,1,8,0,32,104,3,139,0,32,111,4,147,138,0,138,285
04/09/2014,SIG,PR,ASO,ES,Federal Contract Tower,0,0,13,0,13,0,46,97,6,149,0,46,110,6,162,114,0,114,276
04/10/2014,SIG,PR,ASO,ES,Federal Contract Tower,0,0,8,0,8,0,47,138,3,188,0,47,146,3,196,204,0,204,400
04/11/2014,SIG,PR,ASO,ES,Federal Contract Tower,0,0,19,1,20,0,39,135,9,183,0,39,154,10,203,106,0,106,309
04/12/2014,SIG,PR,ASO,ES,Federal Contract Tower,0,0,6,0,6,0,32,144,0,176,0,32,150,0,182,146,0,146,328
04/13/2014,SIG,PR,ASO,ES,Federal Contract Tower,0,0,15,1,16,0,28,97,2,127,0,28,112,3,143,116,4,120,263
04/14/2014,SIG,PR,ASO,ES,Federal Contract Tower,0,0,11,0,11,0,52,125,5,182,0,52,136,5,193,118,0,118,311
04/15/2014,SIG,PR,ASO,ES,Federal Contract Tower,0,0,16,0,16,0,47,117,2,166,0,47,133,2,182,128,0,128,310
04/16/2014,SIG,PR,ASO,ES,Federal Contract Tower,0,0,23,3,26,0,48,116,7,171,0,48,139,10,197,84,0,84,281
04/17/2014,SIG,PR,ASO,ES,Federal Contract Tower,0,3,10,1,14,0,58,140,14,212,0,61,150,15,226,94,0,94,320
04/18/2014,SIG,PR,ASO,ES,Federal Contract Tower,0,0,12,2,14,0,44,93,1,138,0,44,105,3,152,0,0,0,152
04/19/2014,SIG,PR,ASO,ES,Federal Contract Tower,0,0,9,1,10,0,41,102,7,150,0,41,111,8,160,14,0,14,174
04/20/2014,SIG,PR,ASO,ES,Federal Contract Tower,0,0,23,0,23,0,45,113,0,158,0,45,136,0,181,20,0,20,201
04/21/2014,SIG,PR,ASO,ES,Federal Contract Tower,0,0,37,0,37,0,47,113,7,167,0,47,150,7,204,46,0,46,250
04/22/2014,SIG,PR,ASO,ES,Federal Contract Tower,0,0,8,1,9,0,36,113,3,152,0,36,121,4,161,116,0,116,277
04/23/2014,SIG,PR,ASO,ES,Federal Contract Tower,0,0,13,4,17,0,49,100,9,158,0,49,113,13,175,148,0,148,323
04/24/2014,SIG,PR,ASO,ES,Federal Contract Tower,0,0,18,1,19,0,56,159,14,229,0,56,177,15,248,208,0,208,456
04/25/2014,SIG,PR,ASO,ES,Federal Contract Tower,0,0,12,0,12,0,41,117,9,167,0,41,129,9,179,138,0,138,317
04/26/2014,SIG,PR,ASO,ES,Federal Contract Tower,0,0,9,0,9,0,40,131,3,174,0,40,140,3,183,126,0,126,309
04/27/2014,SIG,PR,ASO,ES,Federal Contract Tower,0,0,1,0,1,0,38,104,0,142,0,38,105,0,143,56,0,56,199
04/28/2014,SIG,PR,ASO,ES,Federal Contract Tower,0,0,18,2,20,0,43,113,2,158,0,43,131,4,178,118,0,118,296
04/29/2014,SIG,PR,ASO,ES,Federal Contract Tower,0,0,20,0,20,0,39,104,4,147,0,39,124,4,167,130,0,130,297
04/30/2014,SIG,PR,ASO,ES,Federal Contract Tower,0,0,16,1,17,0,40,129,3,172,0,40,145,4,189,78,0,78,267
05/01/2014,SIG,PR,ASO,ES,Federal Contract Tower,0,0,10,0,10,0,36,126,8,170,0,36,136,8,180,88,0,88,268
05/02/2014,SIG,PR,ASO,ES,Federal Contract Tower,0,0,8,0,8,0,42,129,6,177,0,42,137,6,185,166,0,166,351
05/03/2014,SIG,PR,ASO,ES,Federal Contract Tower,0,0,3,0,3,0,34,134,7,175,0,34,137,7,178,106,0,106,284
05/04/2014,SIG,PR,ASO,ES,Federal Contract Tower,0,0,12,0,12,0,25,103,1,129,0,25,115,1,141,68,0,68,209
05/05/2014,SIG,PR,ASO,ES,Federal Contract Tower,0,0,8,0,8,0,40,101,8,149,0,40,109,8,157,106,26,132,289
05/06/2014,SIG,PR,ASO,ES,Federal Contract Tower,0,0,7,0,7,0,35,101,4,140,0,35,108,4,147,174,0,174,321
05/07/2014,SIG,PR,ASO,ES,Federal Contract Tower,0,0,9,2,11,0,39,96,11,146,0,39,105,13,157,98,14,112,269
05/08/2014,SIG,PR,ASO,ES,Federal Contract Tower,0,0,5,2,7,0,36,79,0,115,0,36,84,2,122,166,10,176,298
05/09/2014,SIG,PR,ASO,ES,Federal Contract Tower,0,0,9,2,11,0,52,114,13,179,0,52,123,15,190,216,0,216,406
05/10/2014,SIG,PR,ASO,ES,Federal Contract Tower,0,0,7,0,7,0,4,13,0,17,0,4,20,0,24,18,0,18,42
05/11/2014,SIG,PR,ASO,ES,Federal Contract Tower,0,0,6,1,7,0,34,59,0,93,0,34,65,1,100,14,0,14,114
05/12/2014,SIG,PR,ASO,ES,Federal Contract Tower,0,0,8,0,8,0,45,96,13,154,0,45,104,13,162,74,0,74,236
05/13/2014,SIG,PR,ASO,ES,Federal Contract Tower,0,0,14,0,14,0,39,100,11,150,0,39,114,11,164,148,0,148,312
05/14/2014,SIG,PR,ASO,ES,Federal Contract Tower,0,0,10,1,11,0,41,86,12,139,0,41,96,13,150,82,0,82,232
05/15/2014,SIG,PR,ASO,ES,Federal Contract Tower,0,0,14,1,15,0,38,120,6,164,0,38,134,7,179,238,0,238,417
05/16/2014,SIG,PR,ASO,ES,Federal Contract Tower,0,0,14,0,14,0,39,102,1,142,0,39,116,1,156,116,0,116,272
05/17/2014,SIG,PR,ASO,ES,Federal Contract Tower,0,0,6,0,6,0,44,161,5,210,0,44,167,5,216,152,0,152,368
05/18/2014,SIG,PR,ASO,ES,Federal Contract Tower,0,0,5,0,5,0,41,98,0,139,0,41,103,0,144,106,0,106,250
05/19/2014,SIG,PR,ASO,ES,Federal Contract Tower,0,0,12,0,12,0,37,85,3,125,0,37,97,3,137,86,0,86,223
05/20/2014,SIG,PR,ASO,ES,Federal Contract Tower,0,0,18,0,18,0,37,102,2,141,0,37,120,2,159,142,0,142,301
05/21/2014,SIG,PR,ASO,ES,Federal Contract Tower,0,0,9,0,9,0,42,111,1,154,0,42,120,1,163,134,0,134,297
05/22/2014,SIG,PR,ASO,ES,Federal Contract Tower,0,0,16,0,16,0,48,148,2,198,0,48,164,2,214,180,0,180,394
05/23/2014,SIG,PR,ASO,ES,Federal Contract Tower,0,0,12,0,12,0,53,121,7,181,0,53,133,7,193,90,0,90,283
05/24/2014,SIG,PR,ASO,ES,Federal Contract Tower,0,0,7,0,7,0,49,153,1,203,0,49,160,1,210,124,0,124,334
05/25/2014,SIG,PR,ASO,ES,Federal Contract Tower,0,0,8,0,8,0,35,81,2,118,0,35,89,2,126,28,0,28,154
05/26/2014,SIG,PR,ASO,ES,Federal Contract Tower,0,0,19,0,19,0,37,105,1,143,0,37,124,1,162,116,0,116,278
05/27/2014,SIG,PR,ASO,ES,Federal Contract Tower,0,0,5,0,5,0,36,105,2,143,0,36,110,2,148,116,0,116,264
05/28/2014,SIG,PR,ASO,ES,Federal Contract Tower,0,0,5,1,6,0,43,82,6,131,0,43,87,7,137,62,0,62,199
05/29/2014,SIG,PR,ASO,ES,Federal Contract Tower,0,0,9,0,9,0,34,91,13,138,0,34,100,13,147,72,0,72,219
05/30/2014,SIG,PR,ASO,ES,Federal Contract Tower,0,0,8,1,9,0,53,129,4,186,0,53,137,5,195,154,4,158,353
05/31/2014,SIG,PR,ASO,ES,Federal Contract Tower,0,0,5,0,5,0,41,139,3,183,0,41,144,3,188,132,0,132,320
06/01/2014,SIG,PR,ASO,ES,Federal Contract Tower,0,0,6,1,7,0,49,106,4,159,0,49,112,5,166,40,0,40,206
06/02/2014,SIG,PR,ASO,ES,Federal Contract Tower,0,0,4,2,6,0,45,99,7,151,0,45,103,9,157,128,0,128,285
06/03/2014,SIG,PR,ASO,ES,Federal Contract Tower,0,0,1,3,4,0,36,93,4,133,0,36,94,7,137,96,0,96,233
06/04/2014,SIG,PR,ASO,ES,Federal Contract Tower,0,0,12,1,13,0,38,84,0,122,0,38,96,1,135,78,0,78,213
06/05/2014,SIG,PR,ASO,ES,Federal Contract Tower,0,0,11,0,11,0,51,131,5,187,0,51,142,5,198,104,0,104,302
06/06/2014,SIG,PR,ASO,ES,Federal Contract Tower,0,1,11,0,12,0,50,130,6,186,0,51,141,6,198,122,0,122,320
06/07/2014,SIG,PR,ASO,ES,Federal Contract Tower,0,3,9,0,12,0,41,155,0,196,0,44,164,0,208,140,0,140,348
06/08/2014,SIG,PR,ASO,ES,Federal Contract Tower,0,0,7,0,7,0,47,112,0,159,0,47,119,0,166,58,0,58,224
06/09/2014,SIG,PR,ASO,ES,Federal Contract Tower,0,0,6,0,6,0,41,112,3,156,0,41,118,3,162,98,0,98,260
06/10/2014,SIG,PR,ASO,ES,Federal Contract Tower,0,0,6,0,6,0,32,102,3,137,0,32,108,3,143,118,0,118,261
06/11/2014,SIG,PR,ASO,ES,Federal Contract Tower,0,0,9,1,10,0,0,8,0,8,0,0,17,1,18,110,0,110,128
06/12/2014,SIG,PR,ASO,ES,Federal Contract Tower,0,0,12,1,13,0,62,188,10,260,0,62,200,11,273,158,0,158,431
06/13/2014,SIG,PR,ASO,ES,Federal Contract Tower,0,0,9,0,9,0,55,139,10,204,0,55,148,10,213,142,0,142,355
06/14/2014,SIG,PR,ASO,ES,Federal Contract Tower,0,0,9,0,9,0,46,136,2,184,0,46,145,2,193,104,0,104,297
06/15/2014,SIG,PR,ASO,ES,Federal Contract Tower,0,2,7,0,9,0,39,58,0,97,0,41,65,0,106,28,0,28,134
06/16/2014,SIG,PR,ASO,ES,Federal Contract Tower,1,0,8,1,10,0,0,0,0,0,1,0,8,1,10,50,0,50,60
06/17/2014,SIG,PR,ASO,ES,Federal Contract Tower,0,0,10,1,11,0,40,116,5,161,0,40,126,6,172,80,0,80,252
06/18/2014,SIG,PR,ASO,ES,Federal Contract Tower,0,0,9,0,9,0,42,96,5,143,0,42,105,5,152,110,0,110,262
06/19/2014,SIG,PR,ASO,ES,Federal Contract Tower,0,1,10,1,12,0,48,139,11,198,0,49,149,12,210,144,0,144,354
06/20/2014,SIG,PR,ASO,ES,Federal Contract Tower,0,0,10,0,10,0,51,133,6,190,0,51,143,6,200,94,0,94,294
06/21/2014,SIG,PR,ASO,ES,Federal Contract Tower,0,0,17,0,17,0,36,139,23,198,0,36,156,23,215,116,0,116,331
06/22/2014,SIG,PR,ASO,ES,Federal Contract Tower,0,0,14,0,14,0,28,78,2,108,0,28,92,2,122,46,0,46,168
06/23/2014,SIG,PR,ASO,ES,Federal Contract Tower,0,0,4,0,4,0,31,96,6,133,0,31,100,6,137,130,4,134,271
06/24/2014,SIG,PR,ASO,ES,Federal Contract Tower,0,0,13,1,14,0,39,100,5,144,0,39,113,6,158,116,0,116,274
06/25/2014,SIG,PR,ASO,ES,Federal Contract Tower,0,0,4,0,4,0,41,131,11,183,0,41,135,11,187,194,4,198,385
06/26/2014,SIG,PR,ASO,ES,Federal Contract Tower,0,1,8,0,9,0,60,125,8,193,0,61,133,8,202,152,0,152,354
06/27/2014,SIG,PR,ASO,ES,Federal Contract Tower,0,1,8,0,9,0,45,140,10,195,0,46,148,10,204,176,0,176,380
06/28/2014,SIG,PR,ASO,ES,Federal Contract Tower,0,0,4,0,4,0,29,100,0,129,0,29,104,0,133,64,0,64,197
06/29/2014,SIG,PR,ASO,ES,Federal Contract Tower,0,3,7,0,10,0,46,136,2,184,0,49,143,2,194,92,0,92,286
06/30/2014,SIG,PR,ASO,ES,Federal Contract Tower,0,0,3,1,4,0,36,94,5,135,0,36,97,6,139,142,0,142,281
07/01/2014,SIG,PR,ASO,ES,Federal Contract Tower,0,0,8,0,8,0,48,119,6,173,0,48,127,6,181,222,8,230,411
07/02/2014,SIG,PR,ASO,ES,Federal Contract Tower,0,0,14,0,14,0,48,133,9,190,0,48,147,9,204,258,0,258,462
07/03/2014,SIG,PR,ASO,ES,Federal Contract Tower,0,0,22,0,22,0,54,140,4,198,0,54,162,4,220,212,0,212,432
07/04/2014,SIG,PR,ASO,ES,Federal Contract Tower,0,0,10,0,10,0,50,125,0,175,0,50,135,0,185,128,0,128,313
07/05/2014,SIG,PR,ASO,ES,Federal Contract Tower,0,0,0,0,0,0,25,84,0,109,0,25,84,0,109,50,0,50,159
07/06/2014,SIG,PR,ASO,ES,Federal Contract Tower,0,0,18,0,18,0,38,84,0,122,0,38,102,0,140,20,0,20,160
07/07/2014,SIG,PR,ASO,ES,Federal Contract Tower,0,0,13,0,13,0,43,151,6,200,0,43,164,6,213,126,0,126,339
07/08/2014,SIG,PR,ASO,ES,Federal Contract Tower,0,0,13,1,14,0,45,126,6,177,0,45,139,7,191,212,0,212,403
07/09/2014,SIG,PR,ASO,ES,Federal Contract Tower,0,0,10,0,10,0,32,112,5,149,0,32,122,5,159,188,2,190,349
07/10/2014,SIG,PR,ASO,ES,Federal Contract Tower,0,0,13,0,13,0,49,160,3,212,0,49,173,3,225,302,0,302,527
07/11/2014,SIG,PR,ASO,ES,Federal Contract Tower,0,0,18,0,18,0,45,137,7,189,0,45,155,7,207,128,0,128,335
07/12/2014,SIG,PR,ASO,ES,Federal Contract Tower,0,0,10,0,10,0,35,116,9,160,0,35,126,9,170,144,0,144,314
07/13/2014,SIG,PR,ASO,ES,Federal Contract Tower,0,0,12,0,12,0,31,104,2,137,0,31,116,2,149,38,0,38,187
07/14/2014,SIG,PR,ASO,ES,Federal Contract Tower,0,0,3,2,5,0,50,126,8,184,0,50,129,10,189,250,4,254,443
07/15/2014,SIG,PR,ASO,ES,Federal Contract Tower,0,0,12,1,13,0,44,112,11,167,0,44,124,12,180,238,0,238,418
07/16/2014,SIG,PR,ASO,ES,Federal Contract Tower,0,0,4,1,5,0,42,119,9,170,0,42,123,10,175,188,0,188,363
07/17/2014,SIG,PR,ASO,ES,Federal Contract Tower,0,0,16,0,16,0,40,125,1,166,0,40,141,1,182,190,0,190,372
07/18/2014,SIG,PR,ASO,ES,Federal Contract Tower,0,0,8,0,8,0,47,128,5,180,0,47,136,5,188,146,0,146,334
07/19/2014,SIG,PR,ASO,ES,Federal Contract Tower,0,0,15,0,15,0,41,143,12,196,0,41,158,12,211,128,0,128,339
07/20/2014,SIG,PR,ASO,ES,Federal Contract Tower,0,0,17,0,17,0,39,119,0,158,0,39,136,0,175,50,0,50,225
07/21/2014,SIG,PR,ASO,ES,Federal Contract Tower,0,0,18,0,18,0,47,143,12,202,0,47,161,12,220,178,6,184,404
07/22/2014,SIG,PR,ASO,ES,Federal Contract Tower,0,0,8,0,8,0,40,112,11,163,0,40,120,11,171,130,4,134,305
07/23/2014,SIG,PR,ASO,ES,Federal Contract Tower,0,0,5,0,5,0,44,146,4,194,0,44,151,4,199,194,0,194,393
07/24/2014,SIG,PR,ASO,ES,Federal Contract Tower,0,0,19,0,19,0,56,149,0,205,0,56,168,0,224,140,0,140,364
07/25/2014,SIG,PR,ASO,ES,Federal Contract Tower,0,0,10,0,10,0,47,119,0,166,0,47,129,0,176,130,0,130,306
07/26/2014,SIG,PR,ASO,ES,Federal Contract Tower,0,0,7,0,7,0,38,131,0,169,0,38,138,0,176,78,0,78,254
07/27/2014,SIG,PR,ASO,ES,Federal Contract Tower,0,0,14,1,15,0,26,97,3,126,0,26,111,4,141,48,0,48,189
07/28/2014,SIG,PR,ASO,ES,Federal Contract Tower,0,0,14,3,17,0,44,152,6,202,0,44,166,9,219,198,0,198,417
07/29/2014,SIG,PR,ASO,ES,Federal Contract Tower,0,0,2,0,2,0,50,121,9,180,0,50,123,9,182,168,0,168,350
07/30/2014,SIG,PR,ASO,ES,Federal Contract Tower,0,0,7,1,8,0,57,131,11,199,0,57,138,12,207,182,0,182,389
07/31/2014,SIG,PR,ASO,ES,Federal Contract Tower,0,0,2,4,6,0,45,125,7,177,0,45,127,11,183,140,0,140,323
08/01/2014,SIG,PR,ASO,ES,Federal Contract Tower,0,0,6,1,7,0,47,130,6,183,0,47,136,7,190,152,0,152,342
08/02/2014,SIG,PR,ASO,ES,Federal Contract Tower,0,0,3,0,3,0,0,4,0,4,0,0,7,0,7,0,0,0,7
08/03/2014,SIG,PR,ASO,ES,Federal Contract Tower,0,0,7,0,7,0,36,69,0,105,0,36,76,0,112,0,0,0,112
08/04/2014,SIG,PR,ASO,ES,Federal Contract Tower,0,0,9,0,9,0,34,119,10,163,0,34,128,10,172,126,12,138,310
08/05/2014,SIG,PR,ASO,ES,Federal Contract Tower,0,0,9,1,10,0,36,98,2,136,0,36,107,3,146,122,0,122,268
08/06/2014,SIG,PR,ASO,ES,Federal Contract Tower,0,0,10,0,10,0,52,125,11,188,0,52,135,11,198,202,0,202,400
08/07/2014,SIG,PR,ASO,ES,Federal Contract Tower,0,0,10,1,11,0,46,136,5,187,0,46,146,6,198,148,0,148,346
08/08/2014,SIG,PR,ASO,ES,Federal Contract Tower,0,0,6,1,7,0,54,155,4,213,0,54,161,5,220,162,0,162,382
08/09/2014,SIG,PR,ASO,ES,Federal Contract Tower,0,0,14,0,14,0,48,167,16,231,0,48,181,16,245,90,10,100,345
08/10/2014,SIG,PR,ASO,ES,Federal Contract Tower,0,0,14,1,15,0,46,122,0,168,0,46,136,1,183,46,0,46,229
08/11/2014,SIG,PR,ASO,ES,Federal Contract Tower,0,0,10,0,10,0,35,98,0,133,0,35,108,0,143,78,0,78,221
08/12/2014,SIG,PR,ASO,ES,Federal Contract Tower,0,0,13,0,13,0,30,109,3,142,0,30,122,3,155,144,0,144,299
08/13/2014,SIG,PR,ASO,ES,Federal Contract Tower,0,0,8,0,8,0,36,113,15,164,0,36,121,15,172,104,0,104,276
08/14/2014,SIG,PR,ASO,ES,Federal Contract Tower,0,0,19,1,20,0,45,143,13,201,0,45,162,14,221,142,10,152,373
08/15/2014,SIG,PR,ASO,ES,Federal Contract Tower,0,0,10,0,10,0,52,133,6,191,0,52,143,6,201,226,8,234,435
08/16/2014,SIG,PR,ASO,ES,Federal Contract Tower,0,0,8,0,8,0,26,95,0,121,0,26,103,0,129,146,0,146,275
08/17/2014,SIG,PR,ASO,ES,Federal Contract Tower,0,0,10,1,11,0,41,105,1,147,0,41,115,2,158,112,0,112,270
08/18/2014,SIG,PR,ASO,ES,Federal Contract Tower,0,0,8,1,9,0,42,95,15,152,0,42,103,16,161,84,0,84,245
08/19/2014,SIG,PR,ASO,ES,Federal Contract Tower,0,0,6,1,7,0,34,111,10,155,0,34,117,11,162,196,0,196,358
08/20/2014,SIG,PR,ASO,ES,Federal Contract Tower,0,0,9,0,9,0,35,109,1,145,0,35,118,1,154,154,0,154,308
08/21/2014,SIG,PR,ASO,ES,Federal Contract Tower,0,0,10,1,11,0,47,160,1,208,0,47,170,2,219,242,0,242,461
08/22/2014,SIG,PR,ASO,ES,Federal Contract Tower,0,0,10,0,10,0,25,25,0,50,0,25,35,0,60,0,0,0,60
08/23/2014,SIG,PR,ASO,ES,Federal Contract Tower,0,0,4,1,5,0,23,45,1,69,0,23,49,2,74,30,0,30,104
08/24/2014,SIG,PR,ASO,ES,Federal Contract Tower,0,0,7,0,7,0,34,104,0,138,0,34,111,0,145,30,0,30,175
08/25/2014,SIG,PR,ASO,ES,Federal Contract Tower,0,0,12,0,12,0,36,94,8,138,0,36,106,8,150,26,0,26,176
08/26/2014,SIG,PR,ASO,ES,Federal Contract Tower,0,0,11,1,12,0,37,118,4,159,0,37,129,5,171,148,0,148,319
08/27/2014,SIG,PR,ASO,ES,Federal Contract Tower,0,0,7,1,8,0,37,113,9,159,0,37,120,10,167,112,8,120,287
08/28/2014,SIG,PR,ASO,ES,Federal Contract Tower,0,0,26,2,28,0,36,140,6,182,0,36,166,8,210,104,2,106,316
08/29/2014,SIG,PR,ASO,ES,Federal Contract Tower,0,0,16,1,17,0,51,154,5,210,0,51,170,6,227,90,0,90,317
08/30/2014,SIG,PR,ASO,ES,Federal Contract Tower,0,0,6,0,6,0,37,123,1,161,0,37,129,1,167,112,0,112,279
08/31/2014,SIG,PR,ASO,ES,Federal Contract Tower,0,0,9,1,10,0,48,135,1,184,0,48,144,2,194,112,0,112,306
09/01/2014,SIG,PR,ASO,ES,Federal Contract Tower,0,0,14,0,14,0,45,110,0,155,0,45,124,0,169,72,0,72,241
09/02/2014,SIG,PR,ASO,ES,Federal Contract Tower,0,0,13,0,13,0,41,101,0,142,0,41,114,0,155,88,0,88,243
09/03/2014,SIG,PR,ASO,ES,Federal Contract Tower,0,0,9,1,10,0,36,96,3,135,0,36,105,4,145,102,0,102,247
09/04/2014,SIG,PR,ASO,ES,Federal Contract Tower,0,0,9,2,11,0,44,107,2,153,0,44,116,4,164,142,0,142,306
09/05/2014,SIG,PR,ASO,ES,Federal Contract Tower,0,0,11,1,12,0,41,118,7,166,0,41,129,8,178,118,0,118,296
09/06/2014,SIG,PR,ASO,ES,Federal Contract Tower,0,0,6,0,6,0,36,118,2,156,0,36,124,2,162,118,0,118,280
09/07/2014,SIG,PR,ASO,ES,Federal Contract Tower,0,0,15,1,16,0,25,65,0,90,0,25,80,1,106,14,0,14,120
09/08/2014,SIG,PR,ASO,ES,Federal Contract Tower,0,0,5,1,6,0,42,117,16,175,0,42,122,17,181,86,0,86,267
09/09/2014,SIG,PR,ASO,ES,Federal Contract Tower,0,0,6,1,7,0,32,100,8,140,0,32,106,9,147,108,0,108,255
09/10/2014,SIG,PR,ASO,ES,Federal Contract Tower,0,0,3,1,4,0,0,0,0,0,0,0,3,1,4,76,0,76,80
09/11/2014,SIG,PR,ASO,ES,Federal Contract Tower,0,0,9,2,11,0,43,114,5,162,0,43,123,7,173,90,0,90,263
09/12/2014,SIG,PR,ASO,ES,Federal Contract Tower,0,0,17,1,18,0,47,115,12,174,0,47,132,13,192,102,0,102,294
09/13/2014,SIG,PR,ASO,ES,Federal Contract Tower,0,0,6,0,6,0,23,120,2,145,0,23,126,2,151,122,0,122,273
09/14/2014,SIG,PR,ASO,ES,Federal Contract Tower,0,0,13,0,13,0,28,87,1,116,0,28,100,1,129,84,0,84,213
09/15/2014,SIG,PR,ASO,ES,Federal Contract Tower,0,0,6,1,7,0,33,84,5,122,0,33,90,6,129,96,8,104,233
09/16/2014,SIG,PR,ASO,ES,Federal Contract Tower,0,0,2,2,4,0,28,87,3,118,0,28,89,5,122,54,0,54,176
09/17/2014,SIG,PR,ASO,ES,Federal Contract Tower,0,0,5,1,6,0,33,86,5,124,0,33,91,6,130,108,0,108,238
09/18/2014,SIG,PR,ASO,ES,Federal Contract Tower,0,0,15,0,15,0,49,144,7,200,0,49,159,7,215,160,2,162,377
09/19/2014,SIG,PR,ASO,ES,Federal Contract Tower,0,0,11,2,13,0,46,144,1,191,0,46,155,3,204,128,0,128,332
09/20/2014,SIG,PR,ASO,ES,Federal Contract Tower,0,0,7,0,7,0,32,118,0,150,0,32,125,0,157,226,0,226,383
09/21/2014,SIG,PR,ASO,ES,Federal Contract Tower,0,0,9,0,9,0,34,107,0,141,0,34,116,0,150,84,0,84,234
09/22/2014,SIG,PR,ASO,ES,Federal Contract Tower,0,0,13,0,13,0,43,116,1,160,0,43,129,1,173,142,0,142,315
09/23/2014,SIG,PR,ASO,ES,Federal Contract Tower,0,0,10,0,10,0,35,93,3,131,0,35,103,3,141,76,0,76,217
09/24/2014,SIG,PR,ASO,ES,Federal Contract Tower,0,0,9,0,9,0,35,99,4,138,0,35,108,4,147,130,0,130,277
09/25/2014,SIG,PR,ASO,ES,Federal Contract Tower,0,0,5,0,5,0,34,86,4,124,0,34,91,4,129,110,0,110,239
09/26/2014,SIG,PR,ASO,ES,Federal Contract Tower,0,0,10,0,10,0,33,92,2,127,0,33,102,2,137,56,0,56,193
09/27/2014,SIG,PR,ASO,ES,Federal Contract Tower,0,0,8,0,8,0,31,83,3,117,0,31,91,3,125,82,0,82,207
09/28/2014,SIG,PR,ASO,ES,Federal Contract Tower,0,0,9,0,9,0,27,84,0,111,0,27,93,0,120,92,0,92,212
09/29/2014,SIG,PR,ASO,ES,Federal Contract Tower,0,0,6,0,6,0,37,95,11,143,0,37,101,11,149,96,6,102,251
09/30/2014,SIG,PR,ASO,ES,Federal Contract Tower,0,0,4,0,4,0,31,110,1,142,0,31,114,1,146,136,0,136,282
10/01/2014,SIG,PR,ASO,ES,Federal Contract Tower,0,0,10,0,10,0,34,124,7,165,0,34,134,7,175,118,10,128,303
10/02/2014,SIG,PR,ASO,ES,Federal Contract Tower,0,0,9,1,10,0,33,109,4,146,0,33,118,5,156,158,0,158,314
10/03/2014,SIG,PR,ASO,ES,Federal Contract Tower,0,0,15,2,17,0,42,160,3,205,0,42,175,5,222,176,0,176,398
10/04/2014,SIG,PR,ASO,ES,Federal Contract Tower,0,0,2,1,3,0,24,119,1,144,0,24,121,2,147,86,0,86,233
10/05/2014,SIG,PR,ASO,ES,Federal Contract Tower,0,0,10,1,11,0,23,91,1,115,0,23,101,2,126,22,0,22,148
10/06/2014,SIG,PR,ASO,ES,Federal Contract Tower,0,1,16,1,18,0,35,106,5,146,0,36,122,6,164,120,0,120,284
10/07/2014,SIG,PR,ASO,ES,Federal Contract Tower,0,0,7,2,9,0,34,105,9,148,0,34,112,11,157,88,0,88,245
10/08/2014,SIG,PR,ASO,ES,Federal Contract Tower,0,0,12,1,13,0,29,105,4,138,0,29,117,5,151,102,0,102,253
10/09/2014,SIG,PR,ASO,ES,Federal Contract Tower,0,1,17,0,18,0,50,134,3,187,0,51,151,3,205,162,0,162,367
10/10/2014,SIG,PR,ASO,ES,Federal Contract Tower,0,0,13,2,15,0,49,127,4,180,0,49,140,6,195,102,0,102,297
10/11/2014,SIG,PR,ASO,ES,Federal Contract Tower,0,0,9,0,9,0,35,131,0,166,0,35,140,0,175,156,0,156,331
10/12/2014,SIG,PR,ASO,ES,Federal Contract Tower,0,0,14,0,14,0,33,103,0,136,0,33,117,0,150,44,0,44,194
10/13/2014,SIG,PR,ASO,ES,Federal Contract Tower,0,0,19,0,19,0,41,84,4,129,0,41,103,4,148,4,0,4,152
10/14/2014,SIG,PR,ASO,ES,Federal Contract Tower,0,0,7,1,8,0,24,53,3,80,0,24,60,4,88,20,0,20,108
10/15/2014,SIG,PR,ASO,ES,Federal Contract Tower,0,0,12,0,12,0,39,118,13,170,0,39,130,13,182,134,0,134,316
10/16/2014,SIG,PR,ASO,ES,Federal Contract Tower,0,0,13,0,13,0,46,144,9,199,0,46,157,9,212,200,0,200,412
10/17/2014,SIG,PR,ASO,ES,Federal Contract Tower,0,0,14,2,16,0,39,129,4,172,0,39,143,6,188,126,0,126,314
10/18/2014,SIG,PR,ASO,ES,Federal Contract Tower,0,0,6,1,7,0,32,139,20,191,0,32,145,21,198,112,2,114,312
10/19/2014,SIG,PR,ASO,ES,Federal Contract Tower,0,0,11,1,12,0,40,129,14,183,0,40,140,15,195,98,0,98,293
10/20/2014,SIG,PR,ASO,ES,Federal Contract Tower,0,0,12,2,14,0,39,119,9,167,0,39,131,11,181,118,0,118,299
10/21/2014,SIG,PR,ASO,ES,Federal Contract Tower,0,0,7,2,9,0,28,73,7,108,0,28,80,9,117,46,0,46,163
10/22/2014,SIG,PR,ASO,ES,Federal Contract Tower,0,0,12,1,13,0,29,90,4,123,0,29,102,5,136,84,0,84,220
10/23/2014,SIG,PR,ASO,ES,Federal Contract Tower,0,0,14,0,14,0,43,146,6,195,0,43,160,6,209,138,0,138,347
10/24/2014,SIG,PR,ASO,ES,Federal Contract Tower,0,0,19,0,19,0,54,175,8,237,0,54,194,8,256,156,0,156,412
10/25/2014,SIG,PR,ASO,ES,Federal Contract Tower,0,0,12,1,13,0,29,138,3,170,0,29,150,4,183,98,0,98,281
10/26/2014,SIG,PR,ASO,ES,Federal Contract Tower,0,0,17,0,17,0,33,149,4,186,0,33,166,4,203,60,0,60,263
10/27/2014,SIG,PR,ASO,ES,Federal Contract Tower,0,0,13,2,15,0,45,139,4,188,0,45,152,6,203,138,0,138,341
10/28/2014,SIG,PR,ASO,ES,Federal Contract Tower,0,0,8,0,8,0,35,114,5,154,0,35,122,5,162,74,0,74,236
10/29/2014,SIG,PR,ASO,ES,Federal Contract Tower,0,0,16,0,16,0,38,139,2,179,0,38,155,2,195,136,0,136,331
10/30/2014,SIG,PR,ASO,ES,Federal Contract Tower,0,0,6,1,7,0,34,124,7,165,0,34,130,8,172,142,0,142,314
10/31/2014,SIG,PR,ASO,ES,Federal Contract Tower,0,0,9,2,11,0,42,116,0,158,0,42,125,2,169,86,0,86,255
11/01/2014,SIG,PR,ASO,ES,Federal Contract Tower,0,0,1,0,1,0,25,103,0,128,0,25,104,0,129,158,0,158,287
11/02/2014,SIG,PR,ASO,ES,Federal Contract Tower,0,0,10,1,11,0,27,78,2,107,0,27,88,3,118,20,0,20,138
11/03/2014,SIG,PR,ASO,ES,Federal Contract Tower,0,0,11,0,11,0,34,101,4,139,0,34,112,4,150,100,0,100,250
11/04/2014,SIG,PR,ASO,ES,Federal Contract Tower,0,0,16,1,17,0,38,50,8,96,0,38,66,9,113,0,0,0,113
11/05/2014,SIG,PR,ASO,ES,Federal Contract Tower,0,0,11,0,11,0,33,87,2,122,0,33,98,2,133,94,4,98,231
11/06/2014,SIG,PR,ASO,ES,Federal Contract Tower,0,0,18,1,19,0,44,141,3,188,0,44,159,4,207,204,0,204,411
11/07/2014,SIG,PR,ASO,ES,Federal Contract Tower,0,0,12,0,12,0,14,13,0,27,0,14,25,0,39,0,0,0,39
11/08/2014,SIG,PR,ASO,ES,Federal Contract Tower,0,0,9,0,9,0,46,126,2,174,0,46,135,2,183,74,0,74,257
11/09/2014,SIG,PR,ASO,ES,Federal Contract Tower,0,0,7,1,8,0,36,85,5,126,0,36,92,6,134,46,0,46,180
11/10/2014,SIG,PR,ASO,ES,Federal Contract Tower,0,0,11,1,12,0,39,129,6,174,0,39,140,7,186,136,0,136,322
11/11/2014,SIG,PR,ASO,ES,Federal Contract Tower,0,0,11,0,11,0,46,134,0,180,0,46,145,0,191,116,0,116,307
11/12/2014,SIG,PR,ASO,ES,Federal Contract Tower,0,0,14,1,15,0,38,113,25,176,0,38,127,26,191,120,0,120,311
11/13/2014,SIG,PR,ASO,ES,Federal Contract Tower,0,0,7,1,8,0,38,138,7,183,0,38,145,8,191,204,4,208,399
11/14/2014,SIG,PR,ASO,ES,Federal Contract Tower,0,0,13,0,13,0,55,168,10,233,0,55,181,10,246,124,0,124,370
11/15/2014,SIG,PR,ASO,ES,Federal Contract Tower,0,0,9,1,10,0,48,154,0,202,0,48,163,1,212,110,0,110,322
11/16/2014,SIG,PR,ASO,ES,Federal Contract Tower,0,0,11,1,12,0,45,112,0,157,0,45,123,1,169,22,0,22,191
11/17/2014,SIG,PR,ASO,ES,Federal Contract Tower,0,0,10,2,12,0,41,126,10,177,0,41,136,12,189,112,4,116,305
11/18/2014,SIG,PR,ASO,ES,Federal Contract Tower,0,0,10,1,11,0,37,127,13,177,0,37,137,14,188,96,0,96,284
11/19/2014,SIG,PR,ASO,ES,Federal Contract Tower,0,0,16,1,17,0,35,137,11,183,0,35,153,12,200,144,4,148,348
11/20/2014,SIG,PR,ASO,ES,Federal Contract Tower,0,0,18,0,18,0,52,122,11,185,0,52,140,11,203,112,4,116,319
11/21/2014,SIG,PR,ASO,ES,Federal Contract Tower,0,0,21,0,21,0,49,130,5,184,0,49,151,5,205,98,0,98,303
11/22/2014,SIG,PR,ASO,ES,Federal Contract Tower,0,0,18,0,18,0,33,81,0,114,0,33,99,0,132,54,0,54,186
11/23/2014,SIG,PR,ASO,ES,Federal Contract Tower,0,0,7,1,8,0,39,119,0,158,0,39,126,1,166,158,0,158,324
11/24/2014,SIG,PR,ASO,ES,Federal Contract Tower,0,0,12,1,13,0,30,83,8,121,0,30,95,9,134,62,0,62,196
11/25/2014,SIG,PR,ASO,ES,Federal Contract Tower,0,0,12,0,12,0,44,133,13,190,0,44,145,13,202,128,2,130,332
11/26/2014,SIG,PR,ASO,ES,Federal Contract Tower,0,0,17,0,17,0,44,132,4,180,0,44,149,4,197,86,0,86,283
11/27/2014,SIG,PR,ASO,ES,Federal Contract Tower,0,0,8,0,8,0,38,50,0,88,0,38,58,0,96,10,0,10,106
11/28/2014,SIG,PR,ASO,ES,Federal Contract Tower,0,0,8,0,8,0,41,141,1,183,0,41,149,1,191,124,0,124,315
11/29/2014,SIG,PR,ASO,ES,Federal Contract Tower,0,0,3,0,3,0,44,154,0,198,0,44,157,0,201,154,0,154,355
11/30/2014,SIG,PR,ASO,ES,Federal Contract Tower,0,0,32,1,33,0,42,134,0,176,0,42,166,1,209,114,0,114,323
12/01/2014,SIG,PR,ASO,ES,Federal Contract Tower,0,0,14,0,14,0,49,141,11,201,0,49,155,11,215,116,0,116,331
12/02/2014,SIG,PR,ASO,ES,Federal Contract Tower,0,0,13,2,15,0,37,122,13,172,0,37,135,15,187,108,0,108,295
12/03/2014,SIG,PR,ASO,ES,Federal Contract Tower,0,0,6,1,7,0,55,123,12,190,0,55,129,13,197,176,6,182,379
12/04/2014,SIG,PR,ASO,ES,Federal Contract Tower,0,0,12,2,14,0,41,138,19,198,0,41,150,21,212,142,16,158,370
12/05/2014,SIG,PR,ASO,ES,Federal Contract Tower,0,0,9,1,10,0,49,144,11,204,0,49,153,12,214,200,36,236,450
12/06/2014,SIG,PR,ASO,ES,Federal Contract Tower,0,0,8,0,8,0,35,126,0,161,0,35,134,0,169,98,0,98,267
12/07/2014,SIG,PR,ASO,ES,Federal Contract Tower,0,0,12,2,14,0,30,140,2,172,0,30,152,4,186,80,0,80,266
12/08/2014,SIG,PR,ASO,ES,Federal Contract Tower,0,0,7,1,8,0,42,137,1,180,0,42,144,2,188,120,0,120,308
12/09/2014,SIG,PR,ASO,ES,Federal Contract Tower,0,0,8,0,8,0,32,93,15,140,0,32,101,15,148,80,24,104,252
12/10/2014,SIG,PR,ASO,ES,Federal Contract Tower,0,0,18,0,18,0,27,115,11,153,0,27,133,11,171,94,0,94,265
12/11/2014,SIG,PR,ASO,ES,Federal Contract Tower,0,0,13,0,13,0,44,148,11,203,0,44,161,11,216,160,0,160,376
12/12/2014,SIG,PR,ASO,ES,Federal Contract Tower,0,0,18,0,18,0,60,188,4,252,0,60,206,4,270,162,0,162,432
12/13/2014,SIG,PR,ASO,ES,Federal Contract Tower,0,0,16,1,17,0,47,224,12,283,0,47,240,13,300,164,0,164,464
12/14/2014,SIG,PR,ASO,ES,Federal Contract Tower,0,1,13,0,14,0,43,128,0,171,0,44,141,0,185,114,0,114,299
12/15/2014,SIG,PR,ASO,ES,Federal Contract Tower,0,0,7,0,7,0,46,93,5,144,0,46,100,5,151,116,0,116,267
12/16/2014,SIG,PR,ASO,ES,Federal Contract Tower,0,0,11,0,11,0,12,22,0,34,0,12,33,0,45,0,0,0,45
12/17/2014,SIG,PR,ASO,ES,Federal Contract Tower,0,0,14,0,14,0,43,141,10,194,0,43,155,10,208,112,0,112,320
12/18/2014,SIG,PR,ASO,ES,Federal Contract Tower,0,0,11,0,11,0,49,140,11,200,0,49,151,11,211,132,0,132,343
12/19/2014,SIG,PR,ASO,ES,Federal Contract Tower,0,0,15,0,15,0,37,133,0,170,0,37,148,0,185,120,0,120,305
12/20/2014,SIG,PR,ASO,ES,Federal Contract Tower,0,0,13,0,13,0,43,154,14,211,0,43,167,14,224,74,0,74,298
12/21/2014,SIG,PR,ASO,ES,Federal Contract Tower,0,0,10,0,10,0,42,117,2,161,0,42,127,2,171,92,0,92,263
12/22/2014,SIG,PR,ASO,ES,Federal Contract Tower,0,0,11,0,11,0,50,145,8,203,0,50,156,8,214,100,0,100,314
12/23/2014,SIG,PR,ASO,ES,Federal Contract Tower,0,0,12,0,12,0,37,116,3,156,0,37,128,3,168,142,4,146,314
12/24/2014,SIG,PR,ASO,ES,Federal Contract Tower,0,0,5,0,5,0,31,99,6,136,0,31,104,6,141,68,0,68,209
12/25/2014,SIG,PR,ASO,ES,Federal Contract Tower,0,0,0,0,0,0,41,39,0,80,0,41,39,0,80,0,0,0,80
12/26/2014,SIG,PR,ASO,ES,Federal Contract Tower,0,1,14,0,15,0,50,132,0,182,0,51,146,0,197,86,0,86,283
12/27/2014,SIG,PR,ASO,ES,Federal Contract Tower,0,1,19,0,20,0,46,163,0,209,0,47,182,0,229,124,0,124,353
12/28/2014,SIG,PR,ASO,ES,Federal Contract Tower,0,0,7,0,7,0,41,137,3,181,0,41,144,3,188,54,0,54,242
12/29/2014,SIG,PR,ASO,ES,Federal Contract Tower,0,2,12,0,14,0,53,141,7,201,0,55,153,7,215,66,0,66,281
12/30/2014,SIG,PR,ASO,ES,Federal Contract Tower,0,0,13,0,13,0,42,106,6,154,0,42,119,6,167,70,6,76,243
12/31/2014,SIG,PR,ASO,ES,Federal Contract Tower,0,0,7,0,7,0,48,105,0,153,0,48,112,0,160,26,0,26,186
01/01/2015,SIG,PR,ASO,ES,Federal Contract Tower,0,0,6,0,6,0,40,50,0,90,0,40,56,0,96,0,0,0,96
01/02/2015,SIG,PR,ASO,ES,Federal Contract Tower,0,0,9,0,9,0,36,102,0,138,0,36,111,0,147,50,0,50,197
01/03/2015,SIG,PR,ASO,ES,Federal Contract Tower,0,0,26,1,27,0,45,163,2,210,0,45,189,3,237,96,0,96,333
01/04/2015,SIG,PR,ASO,ES,Federal Contract Tower,0,0,16,0,16,0,0,8,0,8,0,0,24,0,24,128,0,128,152
01/05/2015,SIG,PR,ASO,ES,Federal Contract Tower,0,0,9,0,9,0,53,105,8,166,0,53,114,8,175,46,0,46,221
01/06/2015,SIG,PR,ASO,ES,Federal Contract Tower,0,0,7,0,7,0,61,127,0,188,0,61,134,0,195,54,0,54,249
01/07/2015,SIG,PR,ASO,ES,Federal Contract Tower,0,0,8,0,8,0,38,86,0,124,0,38,94,0,132,46,0,46,178
01/08/2015,SIG,PR,ASO,ES,Federal Contract Tower,0,0,10,2,12,0,51,144,13,208,0,51,154,15,220,124,0,124,344
01/09/2015,SIG,PR,ASO,ES,Federal Contract Tower,0,0,15,0,15,0,48,115,7,170,0,48,130,7,185,64,0,64,249
01/10/2015,SIG,PR,ASO,ES,Federal Contract Tower,0,0,12,0,12,0,36,113,10,159,0,36,125,10,171,66,4,70,241
01/11/2015,SIG,PR,ASO,ES,Federal Contract Tower,0,0,8,0,8,0,33,141,2,176,0,33,149,2,184,76,0,76,260
01/12/2015,SIG,PR,ASO,ES,Federal Contract Tower,0,0,4,0,4,0,42,102,0,144,0,42,106,0,148,56,0,56,204
01/13/2015,SIG,PR,ASO,ES,Federal Contract Tower,0,0,11,0,11,0,34,105,6,145,0,34,116,6,156,68,0,68,224
01/14/2015,SIG,PR,ASO,ES,Federal Contract Tower,0,0,18,1,19,0,42,114,14,170,0,42,132,15,189,90,0,90,279
01/15/2015,SIG,PR,ASO,ES,Federal Contract Tower,0,0,8,1,9,0,56,138,10,204,0,56,146,11,213,172,0,172,385
01/16/2015,SIG,PR,ASO,ES,Federal Contract Tower,0,0,17,0,17,0,46,135,2,183,0,46,152,2,200,106,0,106,306
01/17/2015,SIG,PR,ASO,ES,Federal Contract Tower,0,0,11,0,11,0,39,155,0,194,0,39,166,0,205,108,0,108,313
01/18/2015,SIG,PR,ASO,ES,Federal Contract Tower,0,0,5,1,6,0,47,132,5,184,0,47,137,6,190,92,0,92,282
01/19/2015,SIG,PR,ASO,ES,Federal Contract Tower,0,0,8,0,8,0,51,104,0,155,0,51,112,0,163,50,0,50,213
01/20/2015,SIG,PR,ASO,ES,Federal Contract Tower,0,0,8,0,8,0,48,116,8,172,0,48,124,8,180,132,0,132,312
01/21/2015,SIG,PR,ASO,ES,Federal Contract Tower,0,0,7,0,7,0,36,99,16,151,0,36,106,16,158,110,2,112,270
01/22/2015,SIG,PR,ASO,ES,Federal Contract Tower,0,0,13,0,13,0,38,106,6,150,0,38,119,6,163,8,0,8,171
01/23/2015,SIG,PR,ASO,ES,Federal Contract Tower,0,0,12,0,12,0,48,150,5,203,0,48,162,5,215,144,0,144,359
01/24/2015,SIG,PR,ASO,ES,Federal Contract Tower,0,0,6,0,6,0,43,148,0,191,0,43,154,0,197,140,0,140,337
01/25/2015,SIG,PR,ASO,ES,Federal Contract Tower,0,0,8,1,9,0,40,143,0,183,0,40,151,1,192,68,0,68,260
01/26/2015,SIG,PR,ASO,ES,Federal Contract Tower,0,0,12,0,12,0,48,94,9,151,0,48,106,9,163,72,0,72,235
01/27/2015,SIG,PR,ASO,ES,Federal Contract Tower,0,0,13,1,14,0,47,107,13,167,0,47,120,14,181,100,4,104,285
01/28/2015,SIG,PR,ASO,ES,Federal Contract Tower,0,0,22,2,24,0,40,123,6,169,0,40,145,8,193,92,0,92,285
01/29/2015,SIG,PR,ASO,ES,Federal Contract Tower,0,0,16,2,18,0,43,122,13,178,0,43,138,15,196,106,16,122,318
01/30/2015,SIG,PR,ASO,ES,Federal Contract Tower,0,0,16,1,17,0,44,126,7,177,0,44,142,8,194,110,0,110,304
01/31/2015,SIG,PR,ASO,ES,Federal Contract Tower,0,0,5,0,5,0,41,113,0,154,0,41,118,0,159,90,0,90,249
02/01/2015,SIG,PR,ASO,ES,Federal Contract Tower,0,2,10,1,13,0,38,107,0,145,0,40,117,1,158,56,0,56,214
02/02/2015,SIG,PR,ASO,ES,Federal Contract Tower,0,0,5,2,7,0,43,107,4,154,0,43,112,6,161,42,0,42,203
02/03/2015,SIG,PR,ASO,ES,Federal Contract Tower,0,0,11,0,11,0,46,117,11,174,0,46,128,11,185,86,0,86,271
02/04/2015,SIG,PR,ASO,ES,Federal Contract Tower,0,0,11,1,12,0,44,127,5,176,0,44,138,6,188,94,0,94,282
02/05/2015,SIG,PR,ASO,ES,Federal Contract Tower,0,0,6,1,7,0,46,136,8,190,0,46,142,9,197,152,0,152,349
02/06/2015,SIG,PR,ASO,ES,Federal Contract Tower,0,0,13,2,15,0,47,131,5,183,0,47,144,7,198,76,8,84,282
02/07/2015,SIG,PR,ASO,ES,Federal Contract Tower,0,0,8,1,9,0,36,103,12,151,0,36,111,13,160,102,0,102,262
02/08/2015,SIG,PR,ASO,ES,Federal Contract Tower,0,0,13,0,13,0,40,132,9,181,0,40,145,9,194,122,0,122,316
02/09/2015,SIG,PR,ASO,ES,Federal Contract Tower,0,0,11,0,11,0,38,104,0,142,0,38,115,0,153,52,0,52,205
02/10/2015,SIG,PR,ASO,ES,Federal Contract Tower,0,0,14,1,15,0,48,118,3,169,0,48,132,4,184,62,0,62,246
02/11/2015,SIG,PR,ASO,ES,Federal Contract Tower,0,0,12,0,12,0,34,101,6,141,0,34,113,6,153,86,0,86,239
02/12/2015,SIG,PR,ASO,ES,Federal Contract Tower,0,2,23,2,27,0,42,125,2,169,0,44,148,4,196,112,0,112,308
02/13/2015,SIG,PR,ASO,ES,Federal Contract Tower,0,1,14,1,16,0,48,121,2,171,0,49,135,3,187,116,0,116,303
02/14/2015,SIG,PR,ASO,ES,Federal Contract Tower,0,0,5,0,5,0,33,179,27,239,0,33,184,27,244,86,0,86,330
02/15/2015,SIG,PR,ASO,ES,Federal Contract Tower,0,0,9,0,9,0,36,129,0,165,0,36,138,0,174,124,0,124,298
02/16/2015,SIG,PR,ASO,ES,Federal Contract Tower,0,0,33,0,33,0,45,120,5,170,0,45,153,5,203,80,0,80,283
02/17/2015,SIG,PR,ASO,ES,Federal Contract Tower,0,0,4,1,5,0,45,116,4,165,0,45,120,5,170,60,0,60,230
02/18/2015,SIG,PR,ASO,ES,Federal Contract Tower,0,0,6,3,9,0,38,89,5,132,0,38,95,8,141,94,0,94,235
02/19/2015,SIG,PR,ASO,ES,Federal Contract Tower,0,0,9,4,13,0,45,126,7,178,0,45,135,11,191,122,0,122,313
02/20/2015,SIG,PR,ASO,ES,Federal Contract Tower,0,0,14,2,16,0,37,101,5,143,0,37,115,7,159,120,0,120,279
02/21/2015,SIG,PR,ASO,ES,Federal Contract Tower,0,0,3,0,3,0,42,121,0,163,0,42,124,0,166,74,0,74,240
02/22/2015,SIG,PR,ASO,ES,Federal Contract Tower,0,0,13,1,14,0,31,85,0,116,0,31,98,1,130,4,0,4,134
02/23/2015,SIG,PR,ASO,ES,Federal Contract Tower,0,0,6,1,7,0,43,88,3,134,0,43,94,4,141,34,0,34,175
02/24/2015,SIG,PR,ASO,ES,Federal Contract Tower,0,0,11,2,13,0,40,118,17,175,0,40,129,19,188,34,0,34,222
02/25/2015,SIG,PR,ASO,ES,Federal Contract Tower,0,0,8,0,8,0,40,123,4,167,0,40,131,4,175,118,0,118,293
02/26/2015,SIG,PR,ASO,ES,Federal Contract Tower,0,0,10,2,12,0,41,105,5,151,0,41,115,7,163,76,0,76,239
02/27/2015,SIG,PR,ASO,ES,Federal Contract Tower,0,0,8,1,9,0,50,125,4,179,0,50,133,5,188,78,8,86,274
02/28/2015,SIG,PR,ASO,ES,Federal Contract Tower,0,0,9,0,9,0,37,122,0,159,0,37,131,0,168,66,0,66,234
03/01/2015,SIG,PR,ASO,ES,Federal Contract Tower,0,0,13,1,14,0,28,100,3,131,0,28,113,4,145,40,0,40,185
03/02/2015,SIG,PR,ASO,ES,Federal Contract Tower,0,0,13,0,13,0,41,92,6,139,0,41,105,6,152,102,0,102,254
03/03/2015,SIG,PR,ASO,ES,Federal Contract Tower,0,0,9,0,9,0,42,105,6,153,0,42,114,6,162,108,6,114,276
03/04/2015,SIG,PR,ASO,ES,Federal Contract Tower,0,0,5,0,5,0,40,104,9,153,0,40,109,9,158,68,0,68,226
03/05/2015,SIG,PR,ASO,ES,Federal Contract Tower,0,2,8,1,11,0,51,135,14,200,0,53,143,15,211,118,0,118,329
03/06/2015,SIG,PR,ASO,ES,Federal Contract Tower,0,2,8,1,11,0,51,147,6,204,0,53,155,7,215,112,0,112,327
03/07/2015,SIG,PR,ASO,ES,Federal Contract Tower,0,0,11,2,13,0,43,160,1,204,0,43,171,3,217,120,0,120,337
03/08/2015,SIG,PR,ASO,ES,Federal Contract Tower,0,4,6,0,10,0,42,121,0,163,0,46,127,0,173,90,0,90,263
03/09/2015,SIG,PR,ASO,ES,Federal Contract Tower,0,0,5,0,5,0,42,103,4,149,0,42,108,4,154,112,0,112,266
03/10/2015,SIG,PR,ASO,ES,Federal Contract Tower,0,0,9,0,9,0,43,101,6,150,0,43,110,6,159,152,0,152,311
03/11/2015,SIG,PR,ASO,ES,Federal Contract Tower,0,0,8,1,9,0,43,86,8,137,0,43,94,9,146,20,0,20,166
03/12/2015,SIG,PR,ASO,ES,Federal Contract Tower,0,0,11,2,13,0,56,146,22,224,0,56,157,24,237,172,0,172,409
03/13/2015,SIG,PR,ASO,ES,Federal Contract Tower,0,0,13,2,15,0,43,108,3,154,0,43,121,5,169,54,0,54,223
03/14/2015,SIG,PR,ASO,ES,Federal Contract Tower,0,0,13,1,14,0,40,98,1,139,0,40,111,2,153,118,0,118,271
03/15/2015,SIG,PR,ASO,ES,Federal Contract Tower,0,2,5,1,8,0,38,117,0,155,0,40,122,1,163,102,0,102,265
03/16/2015,SIG,PR,ASO,ES,Federal Contract Tower,0,0,7,1,8,0,45,97,6,148,0,45,104,7,156,94,0,94,250
03/17/2015,SIG,PR,ASO,ES,Federal Contract Tower,0,0,15,1,16,0,52,113,36,201,0,52,128,37,217,112,10,122,339
03/18/2015,SIG,PR,ASO,ES,Federal Contract Tower,0,0,27,0,27,0,46,127,12,185,0,46,154,12,212,130,0,130,342
03/19/2015,SIG,PR,ASO,ES,Federal Contract Tower,0,0,10,1,11,0,54,153,8,215,0,54,163,9,226,150,0,150,376
03/20/2015,SIG,PR,ASO,ES,Federal Contract Tower,0,0,10,1,11,0,59,162,10,231,0,59,172,11,242,176,0,176,418
03/21/2015,SIG,PR,ASO,ES,Federal Contract Tower,0,0,14,0,14,0,39,145,4,188,0,39,159,4,202,80,0,80,282
03/22/2015,SIG,PR,ASO,ES,Federal Contract Tower,0,0,9,1,10,0,33,120,0,153,0,33,129,1,163,76,0,76,239
03/23/2015,SIG,PR,ASO,ES,Federal Contract Tower,0,0,11,2,13,0,46,94,7,147,0,46,105,9,160,66,0,66,226
03/24/2015,SIG,PR,ASO,ES,Federal Contract Tower,0,0,11,1,12,0,41,101,13,155,0,41,112,14,167,58,0,58,225
03/25/2015,SIG,PR,ASO,ES,Federal Contract Tower,0,0,9,1,10,0,44,108,7,159,0,44,117,8,169,126,0,126,295
03/26/2015,SIG,PR,ASO,ES,Federal Contract Tower,0,0,17,0,17,0,49,149,8,206,0,49,166,8,223,200,0,200,423
03/27/2015,SIG,PR,ASO,ES,Federal Contract Tower,0,0,19,1,20,0,46,133,4,183,0,46,152,5,203,90,0,90,293
03/28/2015,SIG,PR,ASO,ES,Federal Contract Tower,0,0,19,0,19,0,37,157,6,200,0,37,176,6,219,138,0,138,357
03/29/2015,SIG,PR,ASO,ES,Federal Contract Tower,0,0,9,1,10,0,43,124,4,171,0,43,133,5,181,70,0,70,251
03/30/2015,SIG,PR,ASO,ES,Federal Contract Tower,0,0,19,1,20,0,48,132,11,191,0,48,151,12,211,154,0,154,365
03/31/2015,SIG,PR,ASO,ES,Federal Contract Tower,0,0,15,0,15,0,41,128,12,181,0,41,143,12,196,110,0,110,306
04/01/2015,SIG,PR,ASO,ES,Federal Contract Tower,0,0,18,0,18,0,44,123,1,168,0,44,141,1,186,136,0,136,322
04/02/2015,SIG,PR,ASO,ES,Federal Contract Tower,0,0,12,1,13,0,62,157,1,220,0,62,169,2,233,134,0,134,367
04/03/2015,SIG,PR,ASO,ES,Federal Contract Tower,0,0,9,0,9,0,59,83,2,144,0,59,92,2,153,8,2,10,163
04/04/2015,SIG,PR,ASO,ES,Federal Contract Tower,0,0,12,0,12,0,42,110,0,152,0,42,122,0,164,50,0,50,214
04/05/2015,SIG,PR,ASO,ES,Federal Contract Tower,0,2,20,1,23,0,43,135,5,183,0,45,155,6,206,68,0,68,274
04/06/2015,SIG,PR,ASO,ES,Federal Contract Tower,0,0,21,6,27,0,53,131,4,188,0,53,152,10,215,102,0,102,317
04/07/2015,SIG,PR,ASO,ES,Federal Contract Tower,0,0,11,1,12,0,41,105,12,158,0,41,116,13,170,84,0,84,254
04/08/2015,SIG,PR,ASO,ES,Federal Contract Tower,0,0,12,0,12,0,36,109,3,148,0,36,121,3,160,140,0,140,300
04/09/2015,SIG,PR,ASO,ES,Federal Contract Tower,0,0,12,1,13,0,53,128,8,189,0,53,140,9,202,110,0,110,312
04/10/2015,SIG,PR,ASO,ES,Federal Contract Tower,0,0,11,1,12,0,54,144,7,205,0,54,155,8,217,150,0,150,367
04/11/2015,SIG,PR,ASO,ES,Federal Contract Tower,0,2,6,0,8,0,35,122,4,161,0,37,128,4,169,76,2,78,247
04/12/2015,SIG,PR,ASO,ES,Federal Contract Tower,0,0,4,0,4,0,33,76,0,109,0,33,80,0,113,70,0,70,183
04/13/2015,SIG,PR,ASO,ES,Federal Contract Tower,0,3,13,1,17,0,51,119,8,178,0,54,132,9,195,110,0,110,305
04/14/2015,SIG,PR,ASO,ES,Federal Contract Tower,0,0,7,0,7,0,47,122,9,178,0,47,129,9,185,84,0,84,269
04/15/2015,SIG,PR,ASO,ES,Federal Contract Tower,0,0,13,0,13,0,38,124,5,167,0,38,137,5,180,86,0,86,266
04/16/2015,SIG,PR,ASO,ES,Federal Contract Tower,0,0,13,2,15,0,64,154,4,222,0,64,167,6,237,144,0,144,381
04/17/2015,SIG,PR,ASO,ES,Federal Contract Tower,0,2,11,1,14,0,61,163,6,230,0,63,174,7,244,146,0,146,390
04/18/2015,SIG,PR,ASO,ES,Federal Contract Tower,0,0,13,2,15,0,41,116,3,160,0,41,129,5,175,122,0,122,297
04/19/2015,SIG,PR,ASO,ES,Federal Contract Tower,0,0,11,0,11,0,44,136,12,192,0,44,147,12,203,122,0,122,325
04/20/2015,SIG,PR,ASO,ES,Federal Contract Tower,0,1,20,0,21,0,39,120,10,169,0,40,140,10,190,142,0,142,332
04/21/2015,SIG,PR,ASO,ES,Federal Contract Tower,0,0,5,1,6,0,37,99,12,148,0,37,104,13,154,70,0,70,224
04/22/2015,SIG,PR,ASO,ES,Federal Contract Tower,0,0,14,1,15,0,38,116,6,160,0,38,130,7,175,88,0,88,263
04/23/2015,SIG,PR,ASO,ES,Federal Contract Tower,0,0,13,0,13,0,37,122,10,169,0,37,135,10,182,120,0,120,302
04/24/2015,SIG,PR,ASO,ES,Federal Contract Tower,0,0,6,3,9,0,39,103,16,158,0,39,109,19,167,110,0,110,277
04/25/2015,SIG,PR,ASO,ES,Federal Contract Tower,0,0,10,0,10,0,37,131,8,176,0,37,141,8,186,104,12,116,302
04/26/2015,SIG,PR,ASO,ES,Federal Contract Tower,0,0,13,3,16,0,38,96,7,141,0,38,109,10,157,76,0,76,233
04/27/2015,SIG,PR,ASO,ES,Federal Contract Tower,0,0,10,0,10,0,44,107,9,160,0,44,117,9,170,68,0,68,238
04/28/2015,SIG,PR,ASO,ES,Federal Contract Tower,0,0,12,2,14,0,31,80,26,137,0,31,92,28,151,40,10,50,201
04/29/2015,SIG,PR,ASO,ES,Federal Contract Tower,0,0,14,2,16,0,46,107,4,157,0,46,121,6,173,78,0,78,251
04/30/2015,SIG,PR,ASO,ES,Federal Contract Tower,0,0,4,2,6,0,55,139,11,205,0,55,143,13,211,136,0,136,347
05/01/2015,SIG,PR,ASO,ES,Federal Contract Tower,0,1,10,2,13,0,58,143,7,208,0,59,153,9,221,138,0,138,359
05/02/2015,SIG,PR,ASO,ES,Federal Contract Tower,0,0,2,0,2,0,47,94,0,141,0,47,96,0,143,148,0,148,291
05/03/2015,SIG,PR,ASO,ES,Federal Contract Tower,0,0,7,0,7,0,40,106,0,146,0,40,113,0,153,118,0,118,271
05/04/2015,SIG,PR,ASO,ES,Federal Contract Tower,0,0,4,1,5,0,44,148,4,196,0,44,152,5,201,162,0,162,363
05/05/2015,SIG,PR,ASO,ES,Federal Contract Tower,0,0,12,0,12,0,46,111,6,163,0,46,123,6,175,128,0,128,303
05/06/2015,SIG,PR,ASO,ES,Federal Contract Tower,0,0,12,1,13,0,43,114,8,165,0,43,126,9,178,140,0,140,318
05/07/2015,SIG,PR,ASO,ES,Federal Contract Tower,0,0,6,1,7,0,52,162,0,214,0,52,168,1,221,166,0,166,387
05/08/2015,SIG,PR,ASO,ES,Federal Contract Tower,0,0,15,0,15,0,55,150,3,208,0,55,165,3,223,138,0,138,361
05/09/2015,SIG,PR,ASO,ES,Federal Contract Tower,0,0,14,0,14,0,46,154,16,216,0,46,168,16,230,196,0,196,426
05/10/2015,SIG,PR,ASO,ES,Federal Contract Tower,0,0,8,0,8,0,40,75,8,123,0,40,83,8,131,24,10,34,165
05/11/2015,SIG,PR,ASO,ES,Federal Contract Tower,0,0,18,1,19,0,42,109,5,156,0,42,127,6,175,108,0,108,283
05/12/2015,SIG,PR,ASO,ES,Federal Contract Tower,0,0,17,0,17,0,41,86,11,138,0,41,103,11,155,32,4,36,191
05/13/2015,SIG,PR,ASO,ES,Federal Contract Tower,0,0,6,4,10,0,43,108,8,159,0,43,114,12,169,90,0,90,259
05/14/2015,SIG,PR,ASO,ES,Federal Contract Tower,0,1,12,1,14,0,51,135,5,191,0,52,147,6,205,110,0,110,315
05/15/2015,SIG,PR,ASO,ES,Federal Contract Tower,0,0,7,0,7,0,60,152,8,220,0,60,159,8,227,122,0,122,349
05/16/2015,SIG,PR,ASO,ES,Federal Contract Tower,0,0,2,0,2,0,41,102,1,144,0,41,104,1,146,100,0,100,246
05/17/2015,SIG,PR,ASO,ES,Federal Contract Tower,0,1,4,1,6,0,37,106,2,145,0,38,110,3,151,100,4,104,255
05/18/2015,SIG,PR,ASO,ES,Federal Contract Tower,0,0,10,0,10,0,40,119,7,166,0,40,129,7,176,92,4,96,272
05/19/2015,SIG,PR,ASO,ES,Federal Contract Tower,0,0,11,0,11,0,41,98,10,149,0,41,109,10,160,122,0,122,282
05/20/2015,SIG,PR,ASO,ES,Federal Contract Tower,0,0,14,0,14,0,34,76,2,112,0,34,90,2,126,66,0,66,192
05/21/2015,SIG,PR,ASO,ES,Federal Contract Tower,0,0,9,3,12,0,44,139,6,189,0,44,148,9,201,176,0,176,377
05/22/2015,SIG,PR,ASO,ES,Federal Contract Tower,0,0,14,0,14,0,55,155,16,226,0,55,169,16,240,172,0,172,412
05/23/2015,SIG,PR,ASO,ES,Federal Contract Tower,0,0,12,0,12,0,43,126,12,181,0,43,138,12,193,102,0,102,295
05/24/2015,SIG,PR,ASO,ES,Federal Contract Tower,0,0,12,1,13,0,33,84,14,131,0,33,96,15,144,22,0,22,166
05/25/2015,SIG,PR,ASO,ES,Federal Contract Tower,0,2,20,1,23,0,36,124,11,171,0,38,144,12,194,96,0,96,290
05/26/2015,SIG,PR,ASO,ES,Federal Contract Tower,0,0,11,0,11,0,42,109,18,169,0,42,120,18,180,146,8,154,334
05/27/2015,SIG,PR,ASO,ES,Federal Contract Tower,0,0,7,2,9,0,36,73,7,116,0,36,80,9,125,80,0,80,205
05/28/2015,SIG,PR,ASO,ES,Federal Contract Tower,0,0,12,1,13,0,56,147,10,213,0,56,159,11,226,146,0,146,372
05/29/2015,SIG,PR,ASO,ES,Federal Contract Tower,0,1,8,1,10,0,54,125,6,185,0,55,133,7,195,88,0,88,283
05/30/2015,SIG,PR,ASO,ES,Federal Contract Tower,0,0,2,0,2,0,32,104,2,138,0,32,106,2,140,134,0,134,274
05/31/2015,SIG,PR,ASO,ES,Federal Contract Tower,0,0,8,1,9,0,29,58,4,91,0,29,66,5,100,14,0,14,114
06/01/2015,SIG,PR,ASO,ES,Federal Contract Tower,0,0,1,1,2,0,51,128,18,197,0,51,129,19,199,82,0,82,281
06/02/2015,SIG,PR,ASO,ES,Federal Contract Tower,0,0,9,2,11,0,43,104,9,156,0,43,113,11,167,128,0,128,295
06/03/2015,SIG,PR,ASO,ES,Federal Contract Tower,0,0,8,1,9,0,38,112,7,157,0,38,120,8,166,140,0,140,306
06/04/2015,SIG,PR,ASO,ES,Federal Contract Tower,0,0,8,3,11,0,53,155,10,218,0,53,163,13,229,146,0,146,375
06/05/2015,SIG,PR,ASO,ES,Federal Contract Tower,0,2,14,3,19,0,45,123,1,169,0,47,137,4,188,112,0,112,300
06/06/2015,SIG,PR,ASO,ES,Federal Contract Tower,0,0,7,0,7,0,40,110,2,152,0,40,117,2,159,92,0,92,251
06/07/2015,SIG,PR,ASO,ES,Federal Contract Tower,0,0,11,2,13,0,42,107,1,150,0,42,118,3,163,48,0,48,211
06/08/2015,SIG,PR,ASO,ES,Federal Contract Tower,0,0,14,1,15,0,34,96,4,134,0,34,110,5,149,144,0,144,293
06/09/2015,SIG,PR,ASO,ES,Federal Contract Tower,0,0,10,2,12,0,34,105,15,154,0,34,115,17,166,110,0,110,276
06/10/2015,SIG,PR,ASO,ES,Federal Contract Tower,0,0,6,0,6,0,46,113,16,175,0,46,119,16,181,164,0,164,345
06/11/2015,SIG,PR,ASO,ES,Federal Contract Tower,0,0,8,1,9,0,44,105,9,158,0,44,113,10,167,136,0,136,303
06/12/2015,SIG,PR,ASO,ES,Federal Contract Tower,0,0,15,0,15,0,57,158,11,226,0,57,173,11,241,124,2,126,367
06/13/2015,SIG,PR,ASO,ES,Federal Contract Tower,0,0,3,1,4,0,40,120,0,160,0,40,123,1,164,52,0,52,216
06/14/2015,SIG,PR,ASO,ES,Federal Contract Tower,0,0,14,1,15,0,28,109,1,138,0,28,123,2,153,20,0,20,173
06/15/2015,SIG,PR,ASO,ES,Federal Contract Tower,0,0,10,1,11,0,39,97,4,140,0,39,107,5,151,114,0,114,265
06/16/2015,SIG,PR,ASO,ES,Federal Contract Tower,0,0,14,2,16,0,47,111,7,165,0,47,125,9,181,100,0,100,281
06/17/2015,SIG,PR,ASO,ES,Federal Contract Tower,0,0,12,3,15,0,39,77,9,125,0,39,89,12,140,96,0,96,236
06/18/2015,SIG,PR,ASO,ES,Federal Contract Tower,0,0,6,0,6,0,48,142,7,197,0,48,148,7,203,188,0,188,391
06/20/2015,SIG,PR,ASO,ES,Federal Contract Tower,0,0,7,1,8,0,51,142,10,203,0,51,149,11,211,130,0,130,341
06/21/2015,SIG,PR,ASO,ES,Federal Contract Tower,0,0,10,0,10,0,39,66,0,105,0,39,76,0,115,22,0,22,137
06/22/2015,SIG,PR,ASO,ES,Federal Contract Tower,0,0,15,0,15,0,33,91,7,131,0,33,106,7,146,108,0,108,254
06/23/2015,SIG,PR,ASO,ES,Federal Contract Tower,0,0,15,1,16,0,37,110,14,161,0,37,125,15,177,108,0,108,285
06/24/2015,SIG,PR,ASO,ES,Federal Contract Tower,0,0,7,2,9,0,39,119,4,162,0,39,126,6,171,76,0,76,247
06/25/2015,SIG,PR,ASO,ES,Federal Contract Tower,0,0,11,1,12,0,48,143,13,204,0,48,154,14,216,162,0,162,378
06/26/2015,SIG,PR,ASO,ES,Federal Contract Tower,0,0,12,1,13,0,44,135,10,189,0,44,147,11,202,138,0,138,340
06/27/2015,SIG,PR,ASO,ES,Federal Contract Tower,0,0,11,0,11,0,42,113,7,162,0,42,124,7,173,122,12,134,307
06/28/2015,SIG,PR,ASO,ES,Federal Contract Tower,0,0,9,0,9,0,33,94,2,129,0,33,103,2,138,100,0,100,238
06/29/2015,SIG,PR,ASO,ES,Federal Contract Tower,0,0,16,1,17,0,44,115,10,169,0,44,131,11,186,164,10,174,360
06/30/2015,SIG,PR,ASO,ES,Federal Contract Tower,0,0,11,1,12,0,43,102,2,147,0,43,113,3,159,98,0,98,257
07/01/2015,SIG,PR,ASO,ES,Federal Contract Tower,0,11,0,0,11,0,47,92,3,142,0,58,92,3,153,206,0,206,359
07/02/2015,SIG,PR,ASO,ES,Federal Contract Tower,0,0,13,1,14,0,51,161,1,213,0,51,174,2,227,298,0,298,525
07/03/2015,SIG,PR,ASO,ES,Federal Contract Tower,0,0,15,1,16,0,56,133,1,190,0,56,148,2,206,202,0,202,408
07/04/2015,SIG,PR,ASO,ES,Federal Contract Tower,0,0,11,0,11,0,53,119,0,172,0,53,130,0,183,92,0,92,275
07/05/2015,SIG,PR,ASO,ES,Federal Contract Tower,0,0,11,0,11,0,31,90,0,121,0,31,101,0,132,132,0,132,264
07/06/2015,SIG,PR,ASO,ES,Federal Contract Tower,0,0,15,2,17,0,37,110,3,150,0,37,125,5,167,220,2,222,389
07/07/2015,SIG,PR,ASO,ES,Federal Contract Tower,0,0,11,1,12,0,39,135,5,179,0,39,146,6,191,162,0,162,353
07/08/2015,SIG,PR,ASO,ES,Federal Contract Tower,0,0,9,1,10,0,46,108,5,159,0,46,117,6,169,102,16,118,287
07/09/2015,SIG,PR,ASO,ES,Federal Contract Tower,0,0,19,0,19,0,54,144,3,201,0,54,163,3,220,244,0,244,464
07/10/2015,SIG,PR,ASO,ES,Federal Contract Tower,0,0,22,0,22,0,52,104,6,162,0,52,126,6,184,142,0,142,326
07/11/2015,SIG,PR,ASO,ES,Federal Contract Tower,0,0,8,0,8,0,43,125,2,170,0,43,133,2,178,228,0,228,406
07/12/2015,SIG,PR,ASO,ES,Federal Contract Tower,0,0,18,0,18,0,37,77,0,114,0,37,95,0,132,130,0,130,262
07/13/2015,SIG,PR,ASO,ES,Federal Contract Tower,0,0,11,0,11,0,37,122,4,163,0,37,133,4,174,188,0,188,362
07/14/2015,SIG,PR,ASO,ES,Federal Contract Tower,0,0,8,1,9,0,33,107,9,149,0,33,115,10,158,148,0,148,306
07/15/2015,SIG,PR,ASO,ES,Federal Contract Tower,0,0,9,0,9,0,45,120,9,174,0,45,129,9,183,232,0,232,415
07/16/2015,SIG,PR,ASO,ES,Federal Contract Tower,0,6,0,0,6,0,46,141,7,194,0,52,141,7,200,182,0,182,382
07/17/2015,SIG,PR,ASO,ES,Federal Contract Tower,0,0,11,3,14,0,44,147,10,201,0,44,158,13,215,212,0,212,427
07/18/2015,SIG,PR,ASO,ES,Federal Contract Tower,0,0,7,0,7,0,29,101,0,130,0,29,108,0,137,86,0,86,223
07/19/2015,SIG,PR,ASO,ES,Federal Contract Tower,0,0,7,1,8,0,30,68,0,98,0,30,75,1,106,32,0,32,138
07/20/2015,SIG,PR,ASO,ES,Federal Contract Tower,0,0,14,0,14,0,37,142,5,184,0,37,156,5,198,220,14,234,432
07/21/2015,SIG,PR,ASO,ES,Federal Contract Tower,0,0,7,0,7,0,39,111,0,150,0,39,118,0,157,128,0,128,285
07/22/2015,SIG,PR,ASO,ES,Federal Contract Tower,0,0,13,0,13,0,46,122,17,185,0,46,135,17,198,114,0,114,312
07/23/2015,SIG,PR,ASO,ES,Federal Contract Tower,0,0,11,0,11,0,52,159,8,219,0,52,170,8,230,154,0,154,384
07/24/2015,SIG,PR,ASO,ES,Federal Contract Tower,0,1,8,0,9,0,51,148,10,209,0,52,156,10,218,190,2,192,410
07/25/2015,SIG,PR,ASO,ES,Federal Contract Tower,0,0,2,0,2,0,35,126,0,161,0,35,128,0,163,164,0,164,327
07/26/2015,SIG,PR,ASO,ES,Federal Contract Tower,0,0,12,1,13,0,38,111,0,149,0,38,123,1,162,54,0,54,216
07/27/2015,SIG,PR,ASO,ES,Federal Contract Tower,0,0,12,2,14,0,51,133,9,193,0,51,145,11,207,122,0,122,329
07/28/2015,SIG,PR,ASO,ES,Federal Contract Tower,0,0,7,0,7,0,45,120,9,174,0,45,127,9,181,174,8,182,363
07/29/2015,SIG,PR,ASO,ES,Federal Contract Tower,0,0,13,1,14,0,34,126,4,164,0,34,139,5,178,114,4,118,296
07/30/2015,SIG,PR,ASO,ES,Federal Contract Tower,0,0,14,1,15,0,43,132,16,191,0,43,146,17,206,204,0,204,410
07/31/2015,SIG,PR,ASO,ES,Federal Contract Tower,0,0,7,0,7,0,38,102,10,150,0,38,109,10,157,34,0,34,191
08/01/2015,SIG,PR,ASO,ES,Federal Contract Tower,0,0,9,0,9,0,30,89,1,120,0,30,98,1,129,34,0,34,163
08/02/2015,SIG,PR,ASO,ES,Federal Contract Tower,0,0,5,1,6,0,22,42,0,64,0,22,47,1,70,4,0,4,74
08/03/2015,SIG,PR,ASO,ES,Federal Contract Tower,0,0,8,1,9,0,35,126,10,171,0,35,134,11,180,116,0,116,296
08/04/2015,SIG,PR,ASO,ES,Federal Contract Tower,0,0,10,13,23,0,34,119,11,164,0,34,129,24,187,188,10,198,385
08/05/2015,SIG,PR,ASO,ES,Federal Contract Tower,0,0,11,1,12,0,43,122,4,169,0,43,133,5,181,108,0,108,289
08/06/2015,SIG,PR,ASO,ES,Federal Contract Tower,0,0,9,1,10,0,51,139,8,198,0,51,148,9,208,206,0,206,414
08/07/2015,SIG,PR,ASO,ES,Federal Contract Tower,0,0,10,1,11,0,49,110,11,170,0,49,120,12,181,114,0,114,295
08/08/2015,SIG,PR,ASO,ES,Federal Contract Tower,0,0,8,0,8,0,35,87,6,128,0,35,95,6,136,66,0,66,202
08/09/2015,SIG,PR,ASO,ES,Federal Contract Tower,0,0,13,0,13,0,48,103,0,151,0,48,116,0,164,84,0,84,248
08/10/2015,SIG,PR,ASO,ES,Federal Contract Tower,0,0,4,3,7,0,46,113,7,166,0,46,117,10,173,132,0,132,305
08/11/2015,SIG,PR,ASO,ES,Federal Contract Tower,0,0,5,0,5,0,46,115,6,167,0,46,120,6,172,188,0,188,360
08/12/2015,SIG,PR,ASO,ES,Federal Contract Tower,0,0,17,0,17,0,43,132,2,177,0,43,149,2,194,192,0,192,386
08/13/2015,SIG,PR,ASO,ES,Federal Contract Tower,0,2,5,0,7,0,51,136,0,187,0,53,141,0,194,148,0,148,342
08/14/2015,SIG,PR,ASO,ES,Federal Contract Tower,0,0,16,0,16,0,48,125,2,175,0,48,141,2,191,134,0,134,325
08/15/2015,SIG,PR,ASO,ES,Federal Contract Tower,0,0,2,0,2,0,30,146,0,176,0,30,148,0,178,194,0,194,372
08/16/2015,SIG,PR,ASO,ES,Federal Contract Tower,0,0,12,0,12,0,33,53,4,90,0,33,65,4,102,20,0,20,122
08/17/2015,SIG,PR,ASO,ES,Federal Contract Tower,0,0,7,1,8,0,40,120,10,170,0,40,127,11,178,116,0,116,294
08/18/2015,SIG,PR,ASO,ES,Federal Contract Tower,0,0,6,1,7,0,33,89,8,130,0,33,95,9,137,110,0,110,247
08/19/2015,SIG,PR,ASO,ES,Federal Contract Tower,0,0,12,0,12,0,37,124,5,166,0,37,136,5,178,192,0,192,370
08/20/2015,SIG,PR,ASO,ES,Federal Contract Tower,0,1,8,1,10,0,44,132,7,183,0,45,140,8,193,170,0,170,363
08/21/2015,SIG,PR,ASO,ES,Federal Contract Tower,0,2,7,1,10,0,50,143,1,194,0,52,150,2,204,74,0,74,278
08/22/2015,SIG,PR,ASO,ES,Federal Contract Tower,0,0,8,0,8,0,49,146,2,197,0,49,154,2,205,144,0,144,349
08/23/2015,SIG,PR,ASO,ES,Federal Contract Tower,0,2,8,0,10,0,48,117,0,165,0,50,125,0,175,70,0,70,245
08/24/2015,SIG,PR,ASO,ES,Federal Contract Tower,0,0,5,0,5,0,34,106,2,142,0,34,111,2,147,90,0,90,237
08/25/2015,SIG,PR,ASO,ES,Federal Contract Tower,0,0,2,0,2,0,16,34,2,52,0,16,36,2,54,24,0,24,78
08/26/2015,SIG,PR,ASO,ES,Federal Contract Tower,0,0,12,0,12,0,30,100,3,133,0,30,112,3,145,66,0,66,211
08/27/2015,SIG,PR,ASO,ES,Federal Contract Tower,0,0,2,0,2,0,4,25,0,29,0,4,27,0,31,8,0,8,39
08/28/2015,SIG,PR,ASO,ES,Federal Contract Tower,0,0,2,0,2,0,24,34,6,64,0,24,36,6,66,0,0,0,66
08/29/2015,SIG,PR,ASO,ES,Federal Contract Tower,0,0,9,0,9,0,39,124,3,166,0,39,133,3,175,102,0,102,277
08/30/2015,SIG,PR,ASO,ES,Federal Contract Tower,0,0,5,1,6,0,23,58,4,85,0,23,63,5,91,58,0,58,149
08/31/2015,SIG,PR,ASO,ES,Federal Contract Tower,0,0,8,3,11,0,41,111,6,158,0,41,119,9,169,158,0,158,327
09/01/2015,SIG,PR,ASO,ES,Federal Contract Tower,0,0,11,1,12,0,33,98,2,133,0,33,109,3,145,92,0,92,237
09/02/2015,SIG,PR,ASO,ES,Federal Contract Tower,0,0,10,0,10,0,29,139,12,180,0,29,149,12,190,184,0,184,374
09/03/2015,SIG,PR,ASO,ES,Federal Contract Tower,0,1,10,1,12,0,48,103,4,155,0,49,113,5,167,180,0,180,347
09/04/2015,SIG,PR,ASO,ES,Federal Contract Tower,0,0,17,1,18,0,49,137,3,189,0,49,154,4,207,122,0,122,329
09/05/2015,SIG,PR,ASO,ES,Federal Contract Tower,0,0,5,0,5,0,32,126,0,158,0,32,131,0,163,108,0,108,271
09/06/2015,SIG,PR,ASO,ES,Federal Contract Tower,0,0,2,1,3,0,40,86,0,126,0,40,88,1,129,70,0,70,199
09/07/2015,SIG,PR,ASO,ES,Federal Contract Tower,0,1,24,0,25,0,0,45,112,157,0,1,69,112,182,82,0,82,264
09/08/2015,SIG,PR,ASO,ES,Federal Contract Tower,0,0,10,1,11,0,41,111,5,157,0,41,121,6,168,134,0,134,302
09/09/2015,SIG,PR,ASO,ES,Federal Contract Tower,0,0,10,0,10,0,42,127,19,188,0,42,137,19,198,174,0,174,372
09/10/2015,SIG,PR,ASO,ES,Federal Contract Tower,0,0,13,1,14,0,40,154,10,204,0,40,167,11,218,152,0,152,370
09/11/2015,SIG,PR,ASO,ES,Federal Contract Tower,0,0,8,2,10,0,44,102,4,150,0,44,110,6,160,112,0,112,272
09/12/2015,SIG,PR,ASO,ES,Federal Contract Tower,0,0,13,1,14,0,33,93,0,126,0,33,106,1,140,58,0,58,198
09/13/2015,SIG,PR,ASO,ES,Federal Contract Tower,0,0,12,1,13,0,26,68,1,95,0,26,80,2,108,96,0,96,204
09/14/2015,SIG,PR,ASO,ES,Federal Contract Tower,0,0,6,3,9,0,30,81,0,111,0,30,87,3,120,122,0,122,242
09/15/2015,SIG,PR,ASO,ES,Federal Contract Tower,0,0,8,1,9,0,38,118,1,157,0,38,126,2,166,122,0,122,288
09/16/2015,SIG,PR,ASO,ES,Federal Contract Tower,0,0,4,2,6,0,35,94,4,133,0,35,98,6,139,124,0,124,263
09/17/2015,SIG,PR,ASO,ES,Federal Contract Tower,0,0,11,2,13,0,30,110,3,143,0,30,121,5,156,142,0,142,298
09/18/2015,SIG,PR,ASO,ES,Federal Contract Tower,0,0,11,1,12,0,36,110,0,146,0,36,121,1,158,114,0,114,272
09/19/2015,SIG,PR,ASO,ES,Federal Contract Tower,0,0,9,1,10,0,31,122,0,153,0,31,131,1,163,118,0,118,281
09/20/2015,SIG,PR,ASO,ES,Federal Contract Tower,0,0,11,1,12,0,19,81,0,100,0,19,92,1,112,66,0,66,178
09/21/2015,SIG,PR,ASO,ES,Federal Contract Tower,0,0,7,0,7,0,28,85,3,116,0,28,92,3,123,80,0,80,203
09/22/2015,SIG,PR,ASO,ES,Federal Contract Tower,0,0,7,2,9,0,33,84,1,118,0,33,91,3,127,100,0,100,227
09/23/2015,SIG,PR,ASO,ES,Federal Contract Tower,0,0,3,0,3,0,34,101,3,138,0,34,104,3,141,102,0,102,243
09/24/2015,SIG,PR,ASO,ES,Federal Contract Tower,0,0,6,0,6,0,39,109,6,154,0,39,115,6,160,126,0,126,286
09/25/2015,SIG,PR,ASO,ES,Federal Contract Tower,0,1,17,0,18,0,44,153,5,202,0,45,170,5,220,196,0,196,416
09/26/2015,SIG,PR,ASO,ES,Federal Contract Tower,0,0,3,0,3,0,35,120,1,156,0,35,123,1,159,142,0,142,301
09/27/2015,SIG,PR,ASO,ES,Federal Contract Tower,0,0,11,1,12,0,22,73,0,95,0,22,84,1,107,42,0,42,149
09/28/2015,SIG,PR,ASO,ES,Federal Contract Tower,0,0,8,0,8,0,27,90,4,121,0,27,98,4,129,84,0,84,213
09/29/2015,SIG,PR,ASO,ES,Federal Contract Tower,0,0,16,1,17,0,41,119,0,160,0,41,135,1,177,148,0,148,325
09/30/2015,SIG,PR,ASO,ES,Federal Contract Tower,0,0,17,0,17,0,28,119,7,154,0,28,136,7,171,58,0,58,229
10/01/2015,SIG,PR,ASO,ES,Federal Contract Tower,0,0,10,0,10,0,37,117,7,161,0,37,127,7,171,162,0,162,333
10/02/2015,SIG,PR,ASO,ES,Federal Contract Tower,0,0,15,0,15,0,45,122,2,169,0,45,137,2,184,120,0,120,304
10/03/2015,SIG,PR,ASO,ES,Federal Contract Tower,0,0,5,0,5,0,25,69,0,94,0,25,74,0,99,44,0,44,143
10/04/2015,SIG,PR,ASO,ES,Federal Contract Tower,0,0,8,0,8,0,38,105,0,143,0,38,113,0,151,100,0,100,251
10/05/2015,SIG,PR,ASO,ES,Federal Contract Tower,0,0,6,2,8,0,54,101,6,161,0,54,107,8,169,106,0,106,275
10/06/2015,SIG,PR,ASO,ES,Federal Contract Tower,0,0,8,2,10,0,35,88,13,136,0,35,96,15,146,112,0,112,258
10/07/2015,SIG,PR,ASO,ES,Federal Contract Tower,0,0,13,1,14,0,35,97,10,142,0,35,110,11,156,114,4,118,274
10/08/2015,SIG,PR,ASO,ES,Federal Contract Tower,0,0,13,4,17,0,43,139,10,192,0,43,152,14,209,218,0,218,427
10/09/2015,SIG,PR,ASO,ES,Federal Contract Tower,0,2,15,2,19,0,48,133,4,185,0,50,148,6,204,128,0,128,332
10/10/2015,SIG,PR,ASO,ES,Federal Contract Tower,0,0,4,1,5,0,40,140,0,180,0,40,144,1,185,206,0,206,391
10/11/2015,SIG,PR,ASO,ES,Federal Contract Tower,0,0,4,0,4,0,34,96,0,130,0,34,100,0,134,102,0,102,236
10/12/2015,SIG,PR,ASO,ES,Federal Contract Tower,0,0,8,1,9,0,43,115,1,159,0,43,123,2,168,138,0,138,306
10/13/2015,SIG,PR,ASO,ES,Federal Contract Tower,0,0,12,0,12,0,37,123,4,164,0,37,135,4,176,148,0,148,324
10/14/2015,SIG,PR,ASO,ES,Federal Contract Tower,0,0,9,0,9,0,38,132,32,202,0,38,141,32,211,162,4,166,377
10/15/2015,SIG,PR,ASO,ES,Federal Contract Tower,0,0,9,1,10,0,37,130,11,178,0,37,139,12,188,156,0,156,344
10/16/2015,SIG,PR,ASO,ES,Federal Contract Tower,0,0,8,3,11,0,39,110,9,158,0,39,118,12,169,90,0,90,259
10/17/2015,SIG,PR,ASO,ES,Federal Contract Tower,0,0,10,0,10,0,0,0,0,0,0,0,10,0,10,126,0,126,136
10/18/2015,SIG,PR,ASO,ES,Federal Contract Tower,0,0,5,1,6,0,49,119,6,174,0,49,124,7,180,44,0,44,224
10/19/2015,SIG,PR,ASO,ES,Federal Contract Tower,0,0,6,0,6,0,29,71,7,107,0,29,77,7,113,56,0,56,169
10/20/2015,SIG,PR,ASO,ES,Federal Contract Tower,0,0,3,0,3,0,29,98,4,131,0,29,101,4,134,62,0,62,196
10/21/2015,SIG,PR,ASO,ES,Federal Contract Tower,0,0,13,0,13,0,29,115,5,149,0,29,128,5,162,68,0,68,230
10/22/2015,SIG,PR,ASO,ES,Federal Contract Tower,0,0,7,1,8,0,35,127,16,178,0,35,134,17,186,162,0,162,348
10/23/2015,SIG,PR,ASO,ES,Federal Contract Tower,0,0,12,0,12,0,50,153,3,206,0,50,165,3,218,224,0,224,442
10/24/2015,SIG,PR,ASO,ES,Federal Contract Tower,0,0,4,1,5,0,22,77,8,107,0,22,81,9,112,56,4,60,172
10/25/2015,SIG,PR,ASO,ES,Federal Contract Tower,0,0,6,1,7,0,16,29,5,50,0,16,35,6,57,22,8,30,87
10/26/2015,SIG,PR,ASO,ES,Federal Contract Tower,0,0,12,0,12,0,34,76,3,113,0,34,88,3,125,20,0,20,145
10/27/2015,SIG,PR,ASO,ES,Federal Contract Tower,0,0,9,1,10,0,37,103,8,148,0,37,112,9,158,42,0,42,200
10/28/2015,SIG,PR,ASO,ES,Federal Contract Tower,0,0,10,1,11,0,42,109,11,162,0,42,119,12,173,82,0,82,255
10/29/2015,SIG,PR,ASO,ES,Federal Contract Tower,0,1,9,1,11,0,41,135,13,189,0,42,144,14,200,154,0,154,354
10/30/2015,SIG,PR,ASO,ES,Federal Contract Tower,0,5,1,0,6,0,48,111,6,165,0,53,112,6,171,126,0,126,297
10/31/2015,SIG,PR,ASO,ES,Federal Contract Tower,0,0,9,3,12,0,37,103,0,140,0,37,112,3,152,118,0,118,270
11/01/2015,SIG,PR,ASO,ES,Federal Contract Tower,0,0,4,1,5,0,32,84,0,116,0,32,88,1,121,36,0,36,157
11/02/2015,SIG,PR,ASO,ES,Federal Contract Tower,0,0,8,0,8,0,38,78,5,121,0,38,86,5,129,30,0,30,159
11/03/2015,SIG,PR,ASO,ES,Federal Contract Tower,0,0,2,0,2,0,38,75,0,113,0,38,77,0,115,48,0,48,163
11/04/2015,SIG,PR,ASO,ES,Federal Contract Tower,0,0,19,1,20,0,36,117,14,167,0,36,136,15,187,154,4,158,345
11/05/2015,SIG,PR,ASO,ES,Federal Contract Tower,0,0,13,1,14,0,40,121,3,164,0,40,134,4,178,130,0,130,308
11/06/2015,SIG,PR,ASO,ES,Federal Contract Tower,0,1,12,1,14,0,47,150,8,205,0,48,162,9,219,162,0,162,381
11/07/2015,SIG,PR,ASO,ES,Federal Contract Tower,0,0,6,0,6,0,34,64,8,106,0,34,70,8,112,84,4,88,200
11/08/2015,SIG,PR,ASO,ES,Federal Contract Tower,0,0,7,1,8,0,33,86,0,119,0,33,93,1,127,36,0,36,163
11/09/2015,SIG,PR,ASO,ES,Federal Contract Tower,0,0,6,4,10,0,36,109,11,156,0,36,115,15,166,124,0,124,290
11/10/2015,SIG,PR,ASO,ES,Federal Contract Tower,0,0,7,1,8,0,38,113,21,172,0,38,120,22,180,128,4,132,312
11/11/2015,SIG,PR,ASO,ES,Federal Contract Tower,0,0,11,0,11,0,27,133,4,164,0,27,144,4,175,170,0,170,345
11/12/2015,SIG,PR,ASO,ES,Federal Contract Tower,0,0,12,2,14,0,40,168,10,218,0,40,180,12,232,228,0,228,460
11/13/2015,SIG,PR,ASO,ES,Federal Contract Tower,0,0,17,2,19,0,55,157,8,220,0,55,174,10,239,244,0,244,483
11/14/2015,SIG,PR,ASO,ES,Federal Contract Tower,0,0,10,1,11,0,32,115,0,147,0,32,125,1,158,76,0,76,234
11/15/2015,SIG,PR,ASO,ES,Federal Contract Tower,0,0,8,0,8,0,41,104,0,145,0,41,112,0,153,90,0,90,243
11/16/2015,SIG,PR,ASO,ES,Federal Contract Tower,0,0,6,0,6,0,40,117,5,162,0,40,123,5,168,92,0,92,260
11/17/2015,SIG,PR,ASO,ES,Federal Contract Tower,0,0,9,0,9,0,46,106,8,160,0,46,115,8,169,112,0,112,281
11/18/2015,SIG,PR,ASO,ES,Federal Contract Tower,0,0,19,1,20,0,28,129,16,173,0,28,148,17,193,138,0,138,331
11/19/2015,SIG,PR,ASO,ES,Federal Contract Tower,0,2,11,4,17,0,36,120,14,170,0,38,131,18,187,132,0,132,319
11/20/2015,SIG,PR,ASO,ES,Federal Contract Tower,0,0,12,1,13,0,50,130,13,193,0,50,142,14,206,198,0,198,404
11/21/2015,SIG,PR,ASO,ES,Federal Contract Tower,0,0,9,2,11,0,36,97,0,133,0,36,106,2,144,108,0,108,252
11/22/2015,SIG,PR,ASO,ES,Federal Contract Tower,0,0,0,0,0,0,30,78,0,108,0,30,78,0,108,54,0,54,162
11/23/2015,SIG,PR,ASO,ES,Federal Contract Tower,0,0,11,0,11,0,42,105,6,153,0,42,116,6,164,156,0,156,320
11/24/2015,SIG,PR,ASO,ES,Federal Contract Tower,0,0,15,1,16,0,34,88,11,133,0,34,103,12,149,186,0,186,335
11/25/2015,SIG,PR,ASO,ES,Federal Contract Tower,0,0,18,1,19,0,38,118,2,158,0,38,136,3,177,112,0,112,289
11/26/2015,SIG,PR,ASO,ES,Federal Contract Tower,0,0,5,1,6,0,37,35,1,73,0,37,40,2,79,22,0,22,101
11/27/2015,SIG,PR,ASO,ES,Federal Contract Tower,0,1,9,2,12,0,49,117,2,168,0,50,126,4,180,82,0,82,262
11/28/2015,SIG,PR,ASO,ES,Federal Contract Tower,0,1,6,0,7,0,44,80,2,126,0,45,86,2,133,26,0,26,159
11/29/2015,SIG,PR,ASO,ES,Federal Contract Tower,0,0,22,0,22,0,30,56,0,86,0,30,78,0,108,18,0,18,126
11/30/2015,SIG,PR,ASO,ES,Federal Contract Tower,0,0,11,1,12,0,39,108,1,148,0,39,119,2,160,134,0,134,294
12/01/2015,SIG,PR,ASO,ES,Federal Contract Tower,0,0,12,0,12,0,46,119,6,171,0,46,131,6,183,138,0,138,321
12/02/2015,SIG,PR,ASO,ES,Federal Contract Tower,0,0,8,1,9,0,37,107,6,150,0,37,115,7,159,90,0,90,249
12/03/2015,SIG,PR,ASO,ES,Federal Contract Tower,0,0,10,0,10,0,38,113,9,160,0,38,123,9,170,122,0,122,292
12/04/2015,SIG,PR,ASO,ES,Federal Contract Tower,0,0,13,1,14,0,34,125,10,169,0,34,138,11,183,160,28,188,371
12/05/2015,SIG,PR,ASO,ES,Federal Contract Tower,0,0,6,1,7,0,34,103,1,138,0,34,109,2,145,82,0,82,227
12/06/2015,SIG,PR,ASO,ES,Federal Contract Tower,0,0,8,0,8,0,36,89,0,125,0,36,97,0,133,52,0,52,185
12/07/2015,SIG,PR,ASO,ES,Federal Contract Tower,0,0,16,1,17,0,32,79,1,112,0,32,95,2,129,98,0,98,227
12/08/2015,SIG,PR,ASO,ES,Federal Contract Tower,0,0,10,0,10,0,47,134,10,191,0,47,144,10,201,218,0,218,419
12/09/2015,SIG,PR,ASO,ES,Federal Contract Tower,0,0,12,4,16,0,43,130,8,181,0,43,142,12,197,168,0,168,365
12/10/2015,SIG,PR,ASO,ES,Federal Contract Tower,0,0,9,1,10,0,49,141,4,194,0,49,150,5,204,190,0,190,394
12/11/2015,SIG,PR,ASO,ES,Federal Contract Tower,0,0,14,1,15,0,45,133,4,182,0,45,147,5,197,126,0,126,323
12/12/2015,SIG,PR,ASO,ES,Federal Contract Tower,0,1,4,0,5,0,43,127,2,172,0,44,131,2,177,112,0,112,289
12/13/2015,SIG,PR,ASO,ES,Federal Contract Tower,0,0,10,0,10,0,26,74,3,103,0,26,84,3,113,36,0,36,149
12/14/2015,SIG,PR,ASO,ES,Federal Contract Tower,0,0,6,0,6,0,39,102,5,146,0,39,108,5,152,152,0,152,304
12/15/2015,SIG,PR,ASO,ES,Federal Contract Tower,0,1,6,0,7,0,45,119,15,179,0,46,125,15,186,122,0,122,308
12/16/2015,SIG,PR,ASO,ES,Federal Contract Tower,0,0,10,0,10,0,42,132,23,197,0,42,142,23,207,200,8,208,415
12/17/2015,SIG,PR,ASO,ES,Federal Contract Tower,0,1,11,1,13,0,42,119,12,173,0,43,130,13,186,166,0,166,352
12/18/2015,SIG,PR,ASO,ES,Federal Contract Tower,0,0,23,1,24,0,43,131,9,183,0,43,154,10,207,116,0,116,323
12/19/2015,SIG,PR,ASO,ES,Federal Contract Tower,0,0,9,0,9,0,41,146,10,197,0,41,155,10,206,132,0,132,338
12/20/2015,SIG,PR,ASO,ES,Federal Contract Tower,0,0,8,2,10,0,38,95,1,134,0,38,103,3,144,34,0,34,178
12/21/2015,SIG,PR,ASO,ES,Federal Contract Tower,0,0,16,1,17,0,44,106,2,152,0,44,122,3,169,164,0,164,333
12/22/2015,SIG,PR,ASO,ES,Federal Contract Tower,0,0,18,3,21,0,37,99,13,149,0,37,117,16,170,104,2,106,276
12/23/2015,SIG,PR,ASO,ES,Federal Contract Tower,0,0,12,0,12,0,39,144,4,187,0,39,156,4,199,192,0,192,391
12/24/2015,SIG,PR,ASO,ES,Federal Contract Tower,0,0,2,1,3,0,39,93,5,137,0,39,95,6,140,76,0,76,216
12/25/2015,SIG,PR,ASO,ES,Federal Contract Tower,0,0,8,0,8,0,45,38,0,83,0,45,46,0,91,18,0,18,109
12/26/2015,SIG,PR,ASO,ES,Federal Contract Tower,0,0,21,0,21,0,40,118,1,159,0,40,139,1,180,108,0,108,288
12/27/2015,SIG,PR,ASO,ES,Federal Contract Tower,0,0,10,0,10,0,46,115,1,162,0,46,125,1,172,78,0,78,250
12/28/2015,SIG,PR,ASO,ES,Federal Contract Tower,0,0,13,0,13,0,37,87,3,127,0,37,100,3,140,60,0,60,200
12/29/2015,SIG,PR,ASO,ES,Federal Contract Tower,0,0,19,0,19,0,40,129,6,175,0,40,148,6,194,136,0,136,330
12/30/2015,SIG,PR,ASO,ES,Federal Contract Tower,0,0,24,0,24,0,43,135,1,179,0,43,159,1,203,108,0,108,311
12/31/2015,SIG,PR,ASO,ES,Federal Contract Tower,0,0,4,0,4,0,67,118,0,185,0,67,122,0,189,18,0,18,207
01/01/2016,SIG,PR,ASO,ES,Federal Contract Tower,0,0,1,0,1,0,54,75,0,129,0,54,76,0,130,2,0,2,132
01/02/2016,SIG,PR,ASO,ES,Federal Contract Tower,0,0,19,2,21,0,42,139,0,181,0,42,158,2,202,86,0,86,288
01/03/2016,SIG,PR,ASO,ES,Federal Contract Tower,0,2,19,0,21,0,48,123,4,175,0,50,142,4,196,52,16,68,264
01/04/2016,SIG,PR,ASO,ES,Federal Contract Tower,0,0,13,0,13,0,39,105,2,146,0,39,118,2,159,114,0,114,273
01/05/2016,SIG,PR,ASO,ES,Federal Contract Tower,0,0,7,0,7,0,43,102,1,146,0,43,109,1,153,172,0,172,325
01/06/2016,SIG,PR,ASO,ES,Federal Contract Tower,0,0,9,0,9,0,46,94,0,140,0,46,103,0,149,52,0,52,201
01/07/2016,SIG,PR,ASO,ES,Federal Contract Tower,0,0,13,1,14,0,54,136,8,198,0,54,149,9,212,90,6,96,308
01/08/2016,SIG,PR,ASO,ES,Federal Contract Tower,0,0,11,1,12,0,54,153,14,221,0,54,164,15,233,158,0,158,391
01/09/2016,SIG,PR,ASO,ES,Federal Contract Tower,0,0,12,1,13,0,40,145,26,211,0,40,157,27,224,110,0,110,334
01/10/2016,SIG,PR,ASO,ES,Federal Contract Tower,0,0,17,1,18,0,30,78,2,110,0,30,95,3,128,46,0,46,174
01/11/2016,SIG,PR,ASO,ES,Federal Contract Tower,0,0,12,3,15,0,37,119,3,159,0,37,131,6,174,212,0,212,386
01/12/2016,SIG,PR,ASO,ES,Federal Contract Tower,0,0,9,0,9,0,43,107,3,153,0,43,116,3,162,88,0,88,250
01/13/2016,SIG,PR,ASO,ES,Federal Contract Tower,0,3,12,0,15,0,35,108,5,148,0,38,120,5,163,72,0,72,235
01/14/2016,SIG,PR,ASO,ES,Federal Contract Tower,0,0,10,1,11,0,39,113,11,163,0,39,123,12,174,116,0,116,290
01/15/2016,SIG,PR,ASO,ES,Federal Contract Tower,0,0,16,0,16,0,33,107,0,140,0,33,123,0,156,106,0,106,262
01/16/2016,SIG,PR,ASO,ES,Federal Contract Tower,0,0,13,0,13,0,41,155,2,198,0,41,168,2,211,134,0,134,345
01/17/2016,SIG,PR,ASO,ES,Federal Contract Tower,0,0,10,0,10,0,46,160,0,206,0,46,170,0,216,92,0,92,308
01/18/2016,SIG,PR,ASO,ES,Federal Contract Tower,0,0,9,0,9,0,41,122,0,163,0,41,131,0,172,116,0,116,288
01/19/2016,SIG,PR,ASO,ES,Federal Contract Tower,0,0,10,0,10,0,48,115,7,170,0,48,125,7,180,158,0,158,338
01/20/2016,SIG,PR,ASO,ES,Federal Contract Tower,0,0,8,1,9,0,47,115,12,174,0,47,123,13,183,132,0,132,315
01/21/2016,SIG,PR,ASO,ES,Federal Contract Tower,0,0,6,0,6,0,47,141,4,192,0,47,147,4,198,132,0,132,330
01/22/2016,SIG,PR,ASO,ES,Federal Contract Tower,0,0,3,0,3,0,33,106,8,147,0,33,109,8,150,74,0,74,224
01/23/2016,SIG,PR,ASO,ES,Federal Contract Tower,0,0,5,0,5,0,42,127,11,180,0,42,132,11,185,80,0,80,265
01/24/2016,SIG,PR,ASO,ES,Federal Contract Tower,0,0,12,2,14,0,31,117,4,152,0,31,129,6,166,72,2,74,240
01/25/2016,SIG,PR,ASO,ES,Federal Contract Tower,0,0,5,2,7,0,39,86,13,138,0,39,91,15,145,154,0,154,299
01/26/2016,SIG,PR,ASO,ES,Federal Contract Tower,0,0,9,1,10,0,42,123,12,177,0,42,132,13,187,178,0,178,365
01/27/2016,SIG,PR,ASO,ES,Federal Contract Tower,0,0,14,0,14,0,43,114,10,167,0,43,128,10,181,178,0,178,359
01/28/2016,SIG,PR,ASO,ES,Federal Contract Tower,0,0,7,0,7,0,51,139,5,195,0,51,146,5,202,118,8,126,328
01/29/2016,SIG,PR,ASO,ES,Federal Contract Tower,0,0,13,2,15,0,48,185,3,236,0,48,198,5,251,152,0,152,403
01/30/2016,SIG,PR,ASO,ES,Federal Contract Tower,0,0,8,2,10,0,43,112,5,160,0,43,120,7,170,124,0,124,294
01/31/2016,SIG,PR,ASO,ES,Federal Contract Tower,0,0,11,0,11,0,32,122,0,154,0,32,133,0,165,64,0,64,229
02/01/2016,SIG,PR,ASO,ES,Federal Contract Tower,0,0,10,1,11,0,42,104,2,148,0,42,114,3,159,74,0,74,233
02/02/2016,SIG,PR,ASO,ES,Federal Contract Tower,0,0,6,2,8,0,43,106,13,162,0,43,112,15,170,102,0,102,272
02/03/2016,SIG,PR,ASO,ES,Federal Contract Tower,0,0,10,1,11,0,32,128,8,168,0,32,138,9,179,60,0,60,239
02/04/2016,SIG,PR,ASO,ES,Federal Contract Tower,0,0,12,0,12,0,48,137,4,189,0,48,149,4,201,132,0,132,333
02/05/2016,SIG,PR,ASO,ES,Federal Contract Tower,0,0,18,0,18,0,46,167,4,217,0,46,185,4,235,142,0,142,377
02/06/2016,SIG,PR,ASO,ES,Federal Contract Tower,0,0,4,0,4,0,38,141,4,183,0,38,145,4,187,108,0,108,295
02/07/2016,SIG,PR,ASO,ES,Federal Contract Tower,0,0,9,1,10,0,37,110,4,151,0,37,119,5,161,18,0,18,179
02/08/2016,SIG,PR,ASO,ES,Federal Contract Tower,0,0,9,5,14,0,47,117,2,166,0,47,126,7,180,90,0,90,270
02/09/2016,SIG,PR,ASO,ES,Federal Contract Tower,0,0,7,3,10,0,39,139,10,188,0,39,146,13,198,182,0,182,380
02/10/2016,SIG,PR,ASO,ES,Federal Contract Tower,0,0,15,2,17,0,42,112,15,169,0,42,127,17,186,116,0,116,302
02/11/2016,SIG,PR,ASO,ES,Federal Contract Tower,0,0,12,2,14,0,39,120,5,164,0,39,132,7,178,100,0,100,278
02/12/2016,SIG,PR,ASO,ES,Federal Contract Tower,0,0,11,2,13,0,48,153,3,204,0,48,164,5,217,126,0,126,343
02/13/2016,SIG,PR,ASO,ES,Federal Contract Tower,0,0,6,1,7,0,44,138,5,187,0,44,144,6,194,108,0,108,302
02/14/2016,SIG,PR,ASO,ES,Federal Contract Tower,0,0,1,5,6,0,31,118,2,151,0,31,119,7,157,40,0,40,197
02/15/2016,SIG,PR,ASO,ES,Federal Contract Tower,0,0,16,0,16,0,46,88,0,134,0,46,104,0,150,36,0,36,186
02/16/2016,SIG,PR,ASO,ES,Federal Contract Tower,0,0,4,0,4,0,41,106,6,153,0,41,110,6,157,80,0,80,237
02/17/2016,SIG,PR,ASO,ES,Federal Contract Tower,0,0,17,2,19,0,41,118,8,167,0,41,135,10,186,100,0,100,286
02/18/2016,SIG,PR,ASO,ES,Federal Contract Tower,0,1,15,4,20,0,46,137,14,197,0,47,152,18,217,108,0,108,325
02/19/2016,SIG,PR,ASO,ES,Federal Contract Tower,0,0,14,2,16,0,38,107,5,150,0,38,121,7,166,116,2,118,284
02/20/2016,SIG,PR,ASO,ES,Federal Contract Tower,0,0,12,0,12,0,42,116,6,164,0,42,128,6,176,42,0,42,218
02/21/2016,SIG,PR,ASO,ES,Federal Contract Tower,0,0,6,0,6,0,37,82,0,119,0,37,88,0,125,40,0,40,165
02/22/2016,SIG,PR,ASO,ES,Federal Contract Tower,0,0,6,0,6,0,27,90,15,132,0,27,96,15,138,48,0,48,186
02/23/2016,SIG,PR,ASO,ES,Federal Contract Tower,0,0,13,2,15,0,44,142,14,200,0,44,155,16,215,146,14,160,375
02/24/2016,SIG,PR,ASO,ES,Federal Contract Tower,0,0,6,2,8,0,41,124,4,169,0,41,130,6,177,124,4,128,305
02/25/2016,SIG,PR,ASO,ES,Federal Contract Tower,0,1,6,0,7,0,47,151,2,200,0,48,157,2,207,174,0,174,381
02/26/2016,SIG,PR,ASO,ES,Federal Contract Tower,0,0,12,1,13,0,42,156,3,201,0,42,168,4,214,98,46,144,358
02/27/2016,SIG,PR,ASO,ES,Federal Contract Tower,0,0,6,0,6,0,27,120,1,148,0,27,126,1,154,164,0,164,318
02/28/2016,SIG,PR,ASO,ES,Federal Contract Tower,0,0,9,1,10,0,33,91,0,124,0,33,100,1,134,44,0,44,178
02/29/2016,SIG,PR,ASO,ES,Federal Contract Tower,0,0,5,1,6,0,41,102,2,145,0,41,107,3,151,92,6,98,249
03/01/2016,SIG,PR,ASO,ES,Federal Contract Tower,0,0,18,2,20,0,37,124,12,173,0,37,142,14,193,92,46,138,331
03/02/2016,SIG,PR,ASO,ES,Federal Contract Tower,0,0,4,0,4,0,35,111,0,146,0,35,115,0,150,154,0,154,304
03/03/2016,SIG,PR,ASO,ES,Federal Contract Tower,0,0,11,1,12,0,35,130,1,166,0,35,141,2,178,136,0,136,314
03/04/2016,SIG,PR,ASO,ES,Federal Contract Tower,0,0,12,2,14,0,49,118,5,172,0,49,130,7,186,92,0,92,278
03/05/2016,SIG,PR,ASO,ES,Federal Contract Tower,0,0,4,0,4,0,39,121,1,161,0,39,125,1,165,104,0,104,269
03/06/2016,SIG,PR,ASO,ES,Federal Contract Tower,0,0,9,1,10,0,35,102,2,139,0,35,111,3,149,54,0,54,203
03/07/2016,SIG,PR,ASO,ES,Federal Contract Tower,0,0,15,1,16,0,37,72,7,116,0,37,87,8,132,20,0,20,152
03/08/2016,SIG,PR,ASO,ES,Federal Contract Tower,0,0,15,2,17,0,38,67,2,107,0,38,82,4,124,24,0,24,148
03/09/2016,SIG,PR,ASO,ES,Federal Contract Tower,0,0,11,3,14,0,38,118,5,161,0,38,129,8,175,102,0,102,277
03/10/2016,SIG,PR,ASO,ES,Federal Contract Tower,0,0,6,1,7,0,36,110,9,155,0,36,116,10,162,86,0,86,248
03/11/2016,SIG,PR,ASO,ES,Federal Contract Tower,0,0,10,1,11,0,48,143,8,199,0,48,153,9,210,80,0,80,290
03/12/2016,SIG,PR,ASO,ES,Federal Contract Tower,0,0,10,1,11,0,41,117,16,174,0,41,127,17,185,92,4,96,281
03/13/2016,SIG,PR,ASO,ES,Federal Contract Tower,0,0,13,1,14,0,31,54,0,85,0,31,67,1,99,2,0,2,101
03/14/2016,SIG,PR,ASO,ES,Federal Contract Tower,0,0,6,1,7,0,34,84,4,122,0,34,90,5,129,42,0,42,171
03/15/2016,SIG,PR,ASO,ES,Federal Contract Tower,0,0,13,0,13,0,33,111,8,152,0,33,124,8,165,74,0,74,239
03/16/2016,SIG,PR,ASO,ES,Federal Contract Tower,0,0,7,1,8,0,37,121,6,164,0,37,128,7,172,134,0,134,306
03/17/2016,SIG,PR,ASO,ES,Federal Contract Tower,0,0,16,0,16,0,45,147,3,195,0,45,163,3,211,144,0,144,355
03/18/2016,SIG,PR,ASO,ES,Federal Contract Tower,0,1,19,1,21,0,39,121,2,162,0,40,140,3,183,120,0,120,303
03/19/2016,SIG,PR,ASO,ES,Federal Contract Tower,0,0,10,0,10,0,39,121,0,160,0,39,131,0,170,82,0,82,252
03/20/2016,SIG,PR,ASO,ES,Federal Contract Tower,0,0,14,1,15,0,31,105,0,136,0,31,119,1,151,10,0,10,161
03/21/2016,SIG,PR,ASO,ES,Federal Contract Tower,0,1,21,1,23,0,37,122,10,169,0,38,143,11,192,76,0,76,268
03/23/2016,SIG,PR,ASO,ES,Federal Contract Tower,0,0,11,0,11,0,33,113,5,151,0,33,124,5,162,74,0,74,236
03/24/2016,SIG,PR,ASO,ES,Federal Contract Tower,0,3,19,1,23,0,35,121,3,159,0,38,140,4,182,64,0,64,246
03/25/2016,SIG,PR,ASO,ES,Federal Contract Tower,0,0,3,1,4,0,47,116,2,165,0,47,119,3,169,42,0,42,211
03/26/2016,SIG,PR,ASO,ES,Federal Contract Tower,0,1,8,1,10,0,45,98,7,150,0,46,106,8,160,52,0,52,212
03/27/2016,SIG,PR,ASO,ES,Federal Contract Tower,0,0,22,1,23,0,39,109,0,148,0,39,131,1,171,34,0,34,205
03/28/2016,SIG,PR,ASO,ES,Federal Contract Tower,0,0,27,3,30,0,48,112,6,166,0,48,139,9,196,66,0,66,262
03/29/2016,SIG,PR,ASO,ES,Federal Contract Tower,0,0,6,1,7,0,41,112,4,157,0,41,118,5,164,98,0,98,262
03/30/2016,SIG,PR,ASO,ES,Federal Contract Tower,0,0,9,1,10,0,37,99,19,155,0,37,108,20,165,112,4,116,281
03/31/2016,SIG,PR,ASO,ES,Federal Contract Tower,0,1,9,1,11,0,39,129,5,173,0,40,138,6,184,116,4,120,304
04/01/2016,SIG,PR,ASO,ES,Federal Contract Tower,0,2,3,2,7,0,43,136,3,182,0,45,139,5,189,86,0,86,275
04/02/2016,SIG,PR,ASO,ES,Federal Contract Tower,0,0,2,0,2,0,44,134,0,178,0,44,136,0,180,106,0,106,286
04/03/2016,SIG,PR,ASO,ES,Federal Contract Tower,0,0,6,0,6,0,36,107,0,143,0,36,113,0,149,40,0,40,189
04/04/2016,SIG,PR,ASO,ES,Federal Contract Tower,0,0,8,5,13,0,43,81,2,126,0,43,89,7,139,68,0,68,207
04/05/2016,SIG,PR,ASO,ES,Federal Contract Tower,0,0,8,1,9,0,39,119,4,162,0,39,127,5,171,88,0,88,259
04/06/2016,SIG,PR,ASO,ES,Federal Contract Tower,0,0,10,5,15,0,36,116,9,161,0,36,126,14,176,116,0,116,292
04/07/2016,SIG,PR,ASO,ES,Federal Contract Tower,0,0,11,2,13,0,52,153,3,208,0,52,164,5,221,148,0,148,369
04/08/2016,SIG,PR,ASO,ES,Federal Contract Tower,0,0,6,1,7,0,47,123,11,181,0,47,129,12,188,104,2,106,294
04/09/2016,SIG,PR,ASO,ES,Federal Contract Tower,0,0,7,0,7,0,41,124,24,189,0,41,131,24,196,80,0,80,276
04/10/2016,SIG,PR,ASO,ES,Federal Contract Tower,0,2,3,1,6,0,27,81,2,110,0,29,84,3,116,34,0,34,150
04/11/2016,SIG,PR,ASO,ES,Federal Contract Tower,0,0,6,2,8,0,40,95,2,137,0,40,101,4,145,86,0,86,231
04/12/2016,SIG,PR,ASO,ES,Federal Contract Tower,0,0,12,1,13,0,39,119,12,170,0,39,131,13,183,156,0,156,339
04/13/2016,SIG,PR,ASO,ES,Federal Contract Tower,0,0,11,0,11,0,40,134,7,181,0,40,145,7,192,174,0,174,366
04/14/2016,SIG,PR,ASO,ES,Federal Contract Tower,0,0,9,1,10,0,44,145,15,204,0,44,154,16,214,180,0,180,394
04/15/2016,SIG,PR,ASO,ES,Federal Contract Tower,0,0,11,2,13,0,32,143,8,183,0,32,154,10,196,126,0,126,322
04/16/2016,SIG,PR,ASO,ES,Federal Contract Tower,0,0,7,1,8,0,32,155,0,187,0,32,162,1,195,72,0,72,267
04/17/2016,SIG,PR,ASO,ES,Federal Contract Tower,0,0,14,1,15,0,31,90,0,121,0,31,104,1,136,32,0,32,168
04/18/2016,SIG,PR,ASO,ES,Federal Contract Tower,0,0,12,1,13,0,35,95,13,143,0,35,107,14,156,90,0,90,246
04/19/2016,SIG,PR,ASO,ES,Federal Contract Tower,0,0,12,1,13,0,35,94,3,132,0,35,106,4,145,100,28,128,273
04/20/2016,SIG,PR,ASO,ES,Federal Contract Tower,0,0,8,1,9,0,32,111,10,153,0,32,119,11,162,150,0,150,312
04/21/2016,SIG,PR,ASO,ES,Federal Contract Tower,0,0,8,1,9,0,48,150,8,206,0,48,158,9,215,198,0,198,413
04/22/2016,SIG,PR,ASO,ES,Federal Contract Tower,0,0,6,1,7,0,49,155,4,208,0,49,161,5,215,164,4,168,383
04/23/2016,SIG,PR,ASO,ES,Federal Contract Tower,0,0,5,0,5,0,28,84,2,114,0,28,89,2,119,52,0,52,171
04/24/2016,SIG,PR,ASO,ES,Federal Contract Tower,0,0,4,1,5,0,38,95,0,133,0,38,99,1,138,50,0,50,188
04/25/2016,SIG,PR,ASO,ES,Federal Contract Tower,0,0,8,2,10,0,38,82,4,124,0,38,90,6,134,80,30,110,244
04/26/2016,SIG,PR,ASO,ES,Federal Contract Tower,0,0,14,1,15,0,32,75,0,107,0,32,89,1,122,40,0,40,162
04/27/2016,SIG,PR,ASO,ES,Federal Contract Tower,0,0,13,1,14,0,28,79,6,113,0,28,92,7,127,120,6,126,253
04/28/2016,SIG,PR,ASO,ES,Federal Contract Tower,0,0,13,2,15,0,51,128,8,187,0,51,141,10,202,156,0,156,358
04/29/2016,SIG,PR,ASO,ES,Federal Contract Tower,0,0,13,3,16,0,42,148,10,200,0,42,161,13,216,134,0,134,350
04/30/2016,SIG,PR,ASO,ES,Federal Contract Tower,0,0,6,0,6,0,33,92,0,125,0,33,98,0,131,42,0,42,173
05/01/2016,SIG,PR,ASO,ES,Federal Contract Tower,0,0,3,0,3,0,33,90,0,123,0,33,93,0,126,68,0,68,194
05/02/2016,SIG,PR,ASO,ES,Federal Contract Tower,0,0,12,0,12,0,46,117,9,172,0,46,129,9,184,112,0,112,296
05/03/2016,SIG,PR,ASO,ES,Federal Contract Tower,0,0,15,1,16,0,40,118,10,168,0,40,133,11,184,198,0,198,382
05/04/2016,SIG,PR,ASO,ES,Federal Contract Tower,0,0,16,0,16,0,29,109,5,143,0,29,125,5,159,106,0,106,265
05/05/2016,SIG,PR,ASO,ES,Federal Contract Tower,0,0,18,2,20,0,38,151,4,193,0,38,169,6,213,172,0,172,385
05/06/2016,SIG,PR,ASO,ES,Federal Contract Tower,0,0,13,1,14,0,40,145,8,193,0,40,158,9,207,162,0,162,369
05/07/2016,SIG,PR,ASO,ES,Federal Contract Tower,0,0,5,0,5,0,38,149,3,190,0,38,154,3,195,126,0,126,321
05/08/2016,SIG,PR,ASO,ES,Federal Contract Tower,0,0,13,1,14,0,37,25,0,62,0,37,38,1,76,0,0,0,76
05/09/2016,SIG,PR,ASO,ES,Federal Contract Tower,0,0,6,2,8,0,31,44,6,81,0,31,50,8,89,44,6,50,139
05/10/2016,SIG,PR,ASO,ES,Federal Contract Tower,0,0,15,1,16,0,41,127,12,180,0,41,142,13,196,202,0,202,398
05/11/2016,SIG,PR,ASO,ES,Federal Contract Tower,0,0,11,1,12,0,39,124,6,169,0,39,135,7,181,118,8,126,307
05/12/2016,SIG,PR,ASO,ES,Federal Contract Tower,0,0,15,2,17,0,41,128,12,181,0,41,143,14,198,154,0,154,352
05/13/2016,SIG,PR,ASO,ES,Federal Contract Tower,0,0,14,1,15,0,42,101,4,147,0,42,115,5,162,114,0,114,276
05/14/2016,SIG,PR,ASO,ES,Federal Contract Tower,0,0,11,0,11,0,25,127,1,153,0,25,138,1,164,76,0,76,240
05/15/2016,SIG,PR,ASO,ES,Federal Contract Tower,0,0,13,0,13,0,31,99,0,130,0,31,112,0,143,42,0,42,185
05/16/2016,SIG,PR,ASO,ES,Federal Contract Tower,0,0,20,1,21,0,29,104,3,136,0,29,124,4,157,116,0,116,273
05/17/2016,SIG,PR,ASO,ES,Federal Contract Tower,0,0,23,0,23,0,36,103,6,145,0,36,126,6,168,112,0,112,280
05/18/2016,SIG,PR,ASO,ES,Federal Contract Tower,0,0,6,2,8,0,35,118,10,163,0,35,124,12,171,102,0,102,273
05/19/2016,SIG,PR,ASO,ES,Federal Contract Tower,0,0,17,1,18,0,34,109,3,146,0,34,126,4,164,118,0,118,282
05/20/2016,SIG,PR,ASO,ES,Federal Contract Tower,0,0,7,1,8,0,39,118,4,161,0,39,125,5,169,130,0,130,299
05/21/2016,SIG,PR,ASO,ES,Federal Contract Tower,0,0,5,0,5,0,28,114,4,146,0,28,119,4,151,80,0,80,231
05/22/2016,SIG,PR,ASO,ES,Federal Contract Tower,0,0,5,1,6,0,33,106,5,144,0,33,111,6,150,54,0,54,204
05/23/2016,SIG,PR,ASO,ES,Federal Contract Tower,0,0,9,0,9,0,36,97,19,152,0,36,106,19,161,60,0,60,221
05/24/2016,SIG,PR,ASO,ES,Federal Contract Tower,0,0,13,2,15,0,37,122,5,164,0,37,135,7,179,128,0,128,307
05/25/2016,SIG,PR,ASO,ES,Federal Contract Tower,0,0,13,1,14,0,35,109,4,148,0,35,122,5,162,152,0,152,314
05/26/2016,SIG,PR,ASO,ES,Federal Contract Tower,0,0,15,2,17,0,35,111,3,149,0,35,126,5,166,138,0,138,304
05/27/2016,SIG,PR,ASO,ES,Federal Contract Tower,0,0,14,2,16,0,45,149,7,201,0,45,163,9,217,172,0,172,389
05/28/2016,SIG,PR,ASO,ES,Federal Contract Tower,0,0,9,1,10,0,40,121,4,165,0,40,130,5,175,112,0,112,287
05/29/2016,SIG,PR,ASO,ES,Federal Contract Tower,0,0,6,1,7,0,26,60,0,86,0,26,66,1,93,30,0,30,123
05/30/2016,SIG,PR,ASO,ES,Federal Contract Tower,0,0,22,1,23,0,33,81,1,115,0,33,103,2,138,30,0,30,168
05/31/2016,SIG,PR,ASO,ES,Federal Contract Tower,0,0,18,0,18,0,35,103,5,143,0,35,121,5,161,96,2,98,259
06/01/2016,SIG,PR,ASO,ES,Federal Contract Tower,0,0,15,0,15,0,22,83,2,107,0,22,98,2,122,86,4,90,212
06/02/2016,SIG,PR,ASO,ES,Federal Contract Tower,0,0,20,1,21,0,34,79,6,119,0,34,99,7,140,50,2,52,192
06/03/2016,SIG,PR,ASO,ES,Federal Contract Tower,0,0,7,0,7,0,33,132,7,172,0,33,139,7,179,122,0,122,301
06/04/2016,SIG,PR,ASO,ES,Federal Contract Tower,0,0,14,0,14,0,33,94,2,129,0,33,108,2,143,74,0,74,217
06/05/2016,SIG,PR,ASO,ES,Federal Contract Tower,0,0,10,0,10,0,40,67,0,107,0,40,77,0,117,26,0,26,143
06/06/2016,SIG,PR,ASO,ES,Federal Contract Tower,0,0,8,1,9,0,34,102,8,144,0,34,110,9,153,130,4,134,287
06/07/2016,SIG,PR,ASO,ES,Federal Contract Tower,0,0,8,1,9,0,38,113,19,170,0,38,121,20,179,112,0,112,291
06/08/2016,SIG,PR,ASO,ES,Federal Contract Tower,0,0,17,0,17,0,43,100,11,154,0,43,117,11,171,104,0,104,275
06/09/2016,SIG,PR,ASO,ES,Federal Contract Tower,0,0,11,0,11,0,36,113,4,153,0,36,124,4,164,136,0,136,300
06/10/2016,SIG,PR,ASO,ES,Federal Contract Tower,0,0,11,2,13,0,36,96,10,142,0,36,107,12,155,88,0,88,243
06/11/2016,SIG,PR,ASO,ES,Federal Contract Tower,0,0,1,1,2,0,29,84,2,115,0,29,85,3,117,42,0,42,159
06/12/2016,SIG,PR,ASO,ES,Federal Contract Tower,0,0,7,2,9,0,28,41,1,70,0,28,48,3,79,0,0,0,79
06/13/2016,SIG,PR,ASO,ES,Federal Contract Tower,0,0,20,0,20,0,27,98,8,133,0,27,118,8,153,112,0,112,265
06/14/2016,SIG,PR,ASO,ES,Federal Contract Tower,0,0,7,1,8,0,39,138,3,180,0,39,145,4,188,128,0,128,316
06/15/2016,SIG,PR,ASO,ES,Federal Contract Tower,0,0,17,2,19,0,28,97,10,135,0,28,114,12,154,82,0,82,236
06/16/2016,SIG,PR,ASO,ES,Federal Contract Tower,0,0,4,2,6,0,33,94,7,134,0,33,98,9,140,78,0,78,218
06/17/2016,SIG,PR,ASO,ES,Federal Contract Tower,0,0,12,1,13,0,37,111,5,153,0,37,123,6,166,160,4,164,330
06/18/2016,SIG,PR,ASO,ES,Federal Contract Tower,0,0,7,2,9,0,31,121,0,152,0,31,128,2,161,80,0,80,241
06/19/2016,SIG,PR,ASO,ES,Federal Contract Tower,0,0,4,0,4,0,22,30,4,56,0,22,34,4,60,2,0,2,62
06/20/2016,SIG,PR,ASO,ES,Federal Contract Tower,0,0,11,1,12,0,30,87,4,121,0,30,98,5,133,88,0,88,221
06/21/2016,SIG,PR,ASO,ES,Federal Contract Tower,0,0,7,3,10,0,37,125,3,165,0,37,132,6,175,164,0,164,339
06/22/2016,SIG,PR,ASO,ES,Federal Contract Tower,0,0,12,2,14,0,32,114,4,150,0,32,126,6,164,154,0,154,318
06/23/2016,SIG,PR,ASO,ES,Federal Contract Tower,0,0,13,2,15,0,31,124,2,157,0,31,137,4,172,102,0,102,274
06/24/2016,SIG,PR,ASO,ES,Federal Contract Tower,0,0,9,3,12,0,30,126,4,160,0,30,135,7,172,126,0,126,298
06/25/2016,SIG,PR,ASO,ES,Federal Contract Tower,0,0,3,2,5,0,39,122,0,161,0,39,125,2,166,106,0,106,272
06/26/2016,SIG,PR,ASO,ES,Federal Contract Tower,0,0,4,3,7,0,29,78,1,108,0,29,82,4,115,46,0,46,161
06/27/2016,SIG,PR,ASO,ES,Federal Contract Tower,0,0,20,1,21,0,35,102,2,139,0,35,122,3,160,132,0,132,292
06/28/2016,SIG,PR,ASO,ES,Federal Contract Tower,0,0,14,0,14,0,29,123,5,157,0,29,137,5,171,124,8,132,303
06/29/2016,SIG,PR,ASO,ES,Federal Contract Tower,0,0,11,1,12,0,29,91,8,128,0,29,102,9,140,82,2,84,224
06/30/2016,SIG,PR,ASO,ES,Federal Contract Tower,0,0,13,1,14,0,33,110,2,145,0,33,123,3,159,134,0,134,293
07/01/2016,SIG,PR,ASO,ES,Federal Contract Tower,0,0,15,7,22,0,29,99,11,139,0,29,114,18,161,70,0,70,231
07/02/2016,SIG,PR,ASO,ES,Federal Contract Tower,0,0,0,0,0,0,29,48,3,80,0,29,48,3,80,14,0,14,94
07/03/2016,SIG,PR,ASO,ES,Federal Contract Tower,0,0,5,0,5,0,31,85,0,116,0,31,90,0,121,12,0,12,133
07/04/2016,SIG,PR,ASO,ES,Federal Contract Tower,0,0,7,0,7,0,35,91,2,128,0,35,98,2,135,36,4,40,175
07/05/2016,SIG,PR,ASO,ES,Federal Contract Tower,0,0,18,1,19,0,35,88,7,130,0,35,106,8,149,88,0,88,237
07/06/2016,SIG,PR,ASO,ES,Federal Contract Tower,0,0,13,4,17,0,27,97,5,129,0,27,110,9,146,154,0,154,300
07/07/2016,SIG,PR,ASO,ES,Federal Contract Tower,0,0,11,11,22,0,32,99,6,137,0,32,110,17,159,152,0,152,311
07/08/2016,SIG,PR,ASO,ES,Federal Contract Tower,0,0,11,0,11,0,29,117,6,152,0,29,128,6,163,86,0,86,249
07/09/2016,SIG,PR,ASO,ES,Federal Contract Tower,0,0,4,1,5,0,38,67,2,107,0,38,71,3,112,12,0,12,124
07/10/2016,SIG,PR,ASO,ES,Federal Contract Tower,0,0,19,1,20,0,25,100,9,134,0,25,119,10,154,46,0,46,200
07/11/2016,SIG,PR,ASO,ES,Federal Contract Tower,0,0,3,2,5,0,36,118,8,162,0,36,121,10,167,126,0,126,293
07/12/2016,SIG,PR,ASO,ES,Federal Contract Tower,0,0,15,1,16,0,42,129,2,173,0,42,144,3,189,170,2,172,361
07/13/2016,SIG,PR,ASO,ES,Federal Contract Tower,0,0,13,0,13,0,30,82,6,118,0,30,95,6,131,138,0,138,269
07/14/2016,SIG,PR,ASO,ES,Federal Contract Tower,0,0,13,0,13,0,32,104,3,139,0,32,117,3,152,128,0,128,280
07/15/2016,SIG,PR,ASO,ES,Federal Contract Tower,0,0,14,1,15,0,26,119,3,148,0,26,133,4,163,158,0,158,321
07/16/2016,SIG,PR,ASO,ES,Federal Contract Tower,0,0,9,1,10,0,31,112,5,148,0,31,121,6,158,112,0,112,270
07/17/2016,SIG,PR,ASO,ES,Federal Contract Tower,0,0,9,1,10,0,29,80,3,112,0,29,89,4,122,36,0,36,158
07/18/2016,SIG,PR,ASO,ES,Federal Contract Tower,0,0,16,2,18,0,42,93,2,137,0,42,109,4,155,82,0,82,237
07/19/2016,SIG,PR,ASO,ES,Federal Contract Tower,0,0,10,0,10,0,29,107,4,140,0,29,117,4,150,166,2,168,318
07/20/2016,SIG,PR,ASO,ES,Federal Contract Tower,0,0,18,2,20,0,27,92,4,123,0,27,110,6,143,118,0,118,261
07/21/2016,SIG,PR,ASO,ES,Federal Contract Tower,0,0,9,3,12,0,32,127,1,160,0,32,136,4,172,202,0,202,374
07/22/2016,SIG,PR,ASO,ES,Federal Contract Tower,0,0,20,0,20,0,38,160,2,200,0,38,180,2,220,154,2,156,376
07/23/2016,SIG,PR,ASO,ES,Federal Contract Tower,0,0,14,1,15,0,34,123,4,161,0,34,137,5,176,100,0,100,276
07/24/2016,SIG,PR,ASO,ES,Federal Contract Tower,0,0,10,1,11,0,43,92,0,135,0,43,102,1,146,26,0,26,172
07/25/2016,SIG,PR,ASO,ES,Federal Contract Tower,0,0,16,0,16,0,34,119,2,155,0,34,135,2,171,68,0,68,239
07/26/2016,SIG,PR,ASO,ES,Federal Contract Tower,0,1,6,0,7,0,46,133,0,179,0,47,139,0,186,106,0,106,292
07/27/2016,SIG,PR,ASO,ES,Federal Contract Tower,0,0,11,0,11,0,39,127,2,168,0,39,138,2,179,172,0,172,351
07/28/2016,SIG,PR,ASO,ES,Federal Contract Tower,0,1,11,1,13,0,40,124,8,172,0,41,135,9,185,168,0,168,353
07/29/2016,SIG,PR,ASO,ES,Federal Contract Tower,0,0,11,1,12,0,44,126,8,178,0,44,137,9,190,148,0,148,338
07/30/2016,SIG,PR,ASO,ES,Federal Contract Tower,0,0,15,0,15,0,40,119,6,165,0,40,134,6,180,78,0,78,258
07/31/2016,SIG,PR,ASO,ES,Federal Contract Tower,0,0,9,1,10,0,21,20,0,41,0,21,29,1,51,0,0,0,51
08/01/2016,SIG,PR,ASO,ES,Federal Contract Tower,0,0,8,1,9,0,36,41,7,84,0,36,49,8,93,48,0,48,141
08/02/2016,SIG,PR,ASO,ES,Federal Contract Tower,0,0,12,0,12,0,41,135,16,192,0,41,147,16,204,194,0,194,398
08/03/2016,SIG,PR,ASO,ES,Federal Contract Tower,0,0,17,0,17,0,47,154,6,207,0,47,171,6,224,212,0,212,436
08/04/2016,SIG,PR,ASO,ES,Federal Contract Tower,0,0,6,1,7,0,42,121,6,169,0,42,127,7,176,186,8,194,370
08/05/2016,SIG,PR,ASO,ES,Federal Contract Tower,0,1,8,3,12,0,29,34,5,68,0,30,42,8,80,14,0,14,94
08/06/2016,SIG,PR,ASO,ES,Federal Contract Tower,0,0,4,0,4,0,28,55,5,88,0,28,59,5,92,28,0,28,120
08/07/2016,SIG,PR,ASO,ES,Federal Contract Tower,0,0,9,1,10,0,26,60,0,86,0,26,69,1,96,34,0,34,130
08/08/2016,SIG,PR,ASO,ES,Federal Contract Tower,0,0,9,3,12,0,33,90,4,127,0,33,99,7,139,108,0,108,247
08/09/2016,SIG,PR,ASO,ES,Federal Contract Tower,0,0,8,1,9,0,32,100,8,140,0,32,108,9,149,90,0,90,239
08/10/2016,SIG,PR,ASO,ES,Federal Contract Tower,0,0,17,1,18,0,28,94,1,123,0,28,111,2,141,132,0,132,273
08/11/2016,SIG,PR,ASO,ES,Federal Contract Tower,0,0,5,1,6,0,30,96,0,126,0,30,101,1,132,154,0,154,286
08/12/2016,SIG,PR,ASO,ES,Federal Contract Tower,0,0,5,1,6,0,34,138,1,173,0,34,143,2,179,154,0,154,333
08/13/2016,SIG,PR,ASO,ES,Federal Contract Tower,0,1,7,2,10,0,31,90,1,122,0,32,97,3,132,58,0,58,190
08/14/2016,SIG,PR,ASO,ES,Federal Contract Tower,0,0,11,0,11,0,25,56,0,81,0,25,67,0,92,6,0,6,98
08/15/2016,SIG,PR,ASO,ES,Federal Contract Tower,0,0,6,0,6,0,30,104,2,136,0,30,110,2,142,130,0,130,272
08/16/2016,SIG,PR,ASO,ES,Federal Contract Tower,0,2,11,0,13,0,39,130,13,182,0,41,141,13,195,132,0,132,327
08/17/2016,SIG,PR,ASO,ES,Federal Contract Tower,0,1,14,3,18,0,32,135,24,191,0,33,149,27,209,58,0,58,267
08/18/2016,SIG,PR,ASO,ES,Federal Contract Tower,0,0,8,3,11,0,29,126,9,164,0,29,134,12,175,168,6,174,349
08/19/2016,SIG,PR,ASO,ES,Federal Contract Tower,0,1,8,4,13,0,39,148,7,194,0,40,156,11,207,116,0,116,323
08/20/2016,SIG,PR,ASO,ES,Federal Contract Tower,0,1,4,0,5,0,36,155,3,194,0,37,159,3,199,138,0,138,337
08/21/2016,SIG,PR,ASO,ES,Federal Contract Tower,0,0,2,1,3,0,28,89,0,117,0,28,91,1,120,62,0,62,182
08/22/2016,SIG,PR,ASO,ES,Federal Contract Tower,0,0,7,1,8,0,40,124,4,168,0,40,131,5,176,112,0,112,288
08/23/2016,SIG,PR,ASO,ES,Federal Contract Tower,0,0,7,2,9,0,42,155,5,202,0,42,162,7,211,202,0,202,413
08/24/2016,SIG,PR,ASO,ES,Federal Contract Tower,0,0,9,1,10,0,20,59,1,80,0,20,68,2,90,56,0,56,146
08/25/2016,SIG,PR,ASO,ES,Federal Contract Tower,0,0,5,3,8,0,30,89,5,124,0,30,94,8,132,78,2,80,212
08/26/2016,SIG,PR,ASO,ES,Federal Contract Tower,0,2,12,0,14,0,32,98,13,143,0,34,110,13,157,124,0,124,281
08/27/2016,SIG,PR,ASO,ES,Federal Contract Tower,0,3,6,1,10,0,28,116,5,149,0,31,122,6,159,78,0,78,237
08/28/2016,SIG,PR,ASO,ES,Federal Contract Tower,0,0,4,0,4,0,30,63,0,93,0,30,67,0,97,48,0,48,145
08/29/2016,SIG,PR,ASO,ES,Federal Contract Tower,0,0,6,0,6,0,35,107,7,149,0,35,113,7,155,86,0,86,241
08/30/2016,SIG,PR,ASO,ES,Federal Contract Tower,0,0,7,0,7,0,32,134,10,176,0,32,141,10,183,166,0,166,349
08/31/2016,SIG,PR,ASO,ES,Federal Contract Tower,0,0,11,1,12,0,30,122,6,158,0,30,133,7,170,160,0,160,330
09/01/2016,SIG,PR,ASO,ES,Federal Contract Tower,0,0,9,1,10,0,39,113,7,159,0,39,122,8,169,118,0,118,287
09/02/2016,SIG,PR,ASO,ES,Federal Contract Tower,0,1,23,0,24,0,34,131,3,168,0,35,154,3,192,178,0,178,370
09/03/2016,SIG,PR,ASO,ES,Federal Contract Tower,0,0,2,0,2,0,32,122,10,164,0,32,124,10,166,172,4,176,342
09/04/2016,SIG,PR,ASO,ES,Federal Contract Tower,0,0,1,0,1,0,33,56,0,89,0,33,57,0,90,36,0,36,126
09/05/2016,SIG,PR,ASO,ES,Federal Contract Tower,0,0,17,0,17,0,34,85,0,119,0,34,102,0,136,68,0,68,204
09/06/2016,SIG,PR,ASO,ES,Federal Contract Tower,0,0,14,0,14,0,38,120,10,168,0,38,134,10,182,156,0,156,338
09/07/2016,SIG,PR,ASO,ES,Federal Contract Tower,0,1,13,2,16,0,26,97,1,124,0,27,110,3,140,110,0,110,250
09/08/2016,SIG,PR,ASO,ES,Federal Contract Tower,0,0,10,2,12,0,38,98,3,139,0,38,108,5,151,100,0,100,251
09/09/2016,SIG,PR,ASO,ES,Federal Contract Tower,0,0,12,1,13,0,31,94,0,125,0,31,106,1,138,134,0,134,272
09/10/2016,SIG,PR,ASO,ES,Federal Contract Tower,0,0,5,1,6,0,18,90,5,113,0,18,95,6,119,62,4,66,185
09/11/2016,SIG,PR,ASO,ES,Federal Contract Tower,0,0,10,1,11,0,24,70,3,97,0,24,80,4,108,58,0,58,166
09/12/2016,SIG,PR,ASO,ES,Federal Contract Tower,0,0,5,0,5,0,25,82,0,107,0,25,87,0,112,102,0,102,214
09/13/2016,SIG,PR,ASO,ES,Federal Contract Tower,0,2,8,0,10,0,36,131,1,168,0,38,139,1,178,184,0,184,362
09/14/2016,SIG,PR,ASO,ES,Federal Contract Tower,0,2,8,3,13,0,22,117,15,154,0,24,125,18,167,132,0,132,299
09/15/2016,SIG,PR,ASO,ES,Federal Contract Tower,0,1,8,2,11,0,27,99,2,128,0,28,107,4,139,136,0,136,275
09/16/2016,SIG,PR,ASO,ES,Federal Contract Tower,0,2,3,1,6,0,30,123,1,154,0,32,126,2,160,144,0,144,304
09/17/2016,SIG,PR,ASO,ES,Federal Contract Tower,0,0,9,3,12,0,20,146,4,170,0,20,155,7,182,164,0,164,346
09/18/2016,SIG,PR,ASO,ES,Federal Contract Tower,0,0,6,0,6,0,37,92,0,129,0,37,98,0,135,84,0,84,219
09/19/2016,SIG,PR,ASO,ES,Federal Contract Tower,0,0,15,0,15,0,26,104,4,134,0,26,119,4,149,140,0,140,289
09/20/2016,SIG,PR,ASO,ES,Federal Contract Tower,0,3,8,4,15,0,33,126,6,165,0,36,134,10,180,122,4,126,306
09/21/2016,SIG,PR,ASO,ES,Federal Contract Tower,0,0,5,3,8,0,37,128,2,167,0,37,133,5,175,194,0,194,369
09/22/2016,SIG,PR,ASO,ES,Federal Contract Tower,0,0,4,2,6,0,29,74,1,104,0,29,78,3,110,88,0,88,198
09/23/2016,SIG,PR,ASO,ES,Federal Contract Tower,0,3,11,0,14,0,36,108,0,144,0,39,119,0,158,122,0,122,280
09/24/2016,SIG,PR,ASO,ES,Federal Contract Tower,0,0,3,0,3,0,29,115,5,149,0,29,118,5,152,112,2,114,266
09/25/2016,SIG,PR,ASO,ES,Federal Contract Tower,0,0,3,0,3,0,34,81,2,117,0,34,84,2,120,8,0,8,128
09/26/2016,SIG,PR,ASO,ES,Federal Contract Tower,0,0,9,0,9,0,27,102,6,135,0,27,111,6,144,128,0,128,272
09/27/2016,SIG,PR,ASO,ES,Federal Contract Tower,0,2,14,1,17,0,37,143,4,184,0,39,157,5,201,138,0,138,339
09/28/2016,SIG,PR,ASO,ES,Federal Contract Tower,0,0,14,2,16,0,32,71,5,108,0,32,85,7,124,54,4,58,182
09/29/2016,SIG,PR,ASO,ES,Federal Contract Tower,0,1,10,0,11,0,24,53,6,83,0,25,63,6,94,20,0,20,114
09/30/2016,SIG,PR,ASO,ES,Federal Contract Tower,0,0,7,1,8,0,36,145,5,186,0,36,152,6,194,158,0,158,352
10/01/2016,SIG,PR,ASO,ES,Federal Contract Tower,0,0,5,0,5,0,34,123,3,160,0,34,128,3,165,136,0,136,301
10/02/2016,SIG,PR,ASO,ES,Federal Contract Tower,0,0,10,0,10,0,28,70,0,98,0,28,80,0,108,38,0,38,146
10/03/2016,SIG,PR,ASO,ES,Federal Contract Tower,0,0,6,0,6,0,15,68,0,83,0,15,74,0,89,44,0,44,133
10/04/2016,SIG,PR,ASO,ES,Federal Contract Tower,0,0,6,0,6,0,37,111,8,156,0,37,117,8,162,128,0,128,290
10/05/2016,SIG,PR,ASO,ES,Federal Contract Tower,0,0,3,0,3,0,31,105,5,141,0,31,108,5,144,84,0,84,228
10/06/2016,SIG,PR,ASO,ES,Federal Contract Tower,0,2,6,0,8,0,26,97,0,123,0,28,103,0,131,76,0,76,207
10/07/2016,SIG,PR,ASO,ES,Federal Contract Tower,0,1,7,0,8,0,27,88,2,117,0,28,95,2,125,130,0,130,255
10/08/2016,SIG,PR,ASO,ES,Federal Contract Tower,0,0,2,0,2,0,22,94,0,116,0,22,96,0,118,84,0,84,202
10/09/2016,SIG,PR,ASO,ES,Federal Contract Tower,0,0,3,0,3,0,23,92,2,117,0,23,95,2,120,58,0,58,178
10/10/2016,SIG,PR,ASO,ES,Federal Contract Tower,0,0,12,0,12,0,31,102,0,133,0,31,114,0,145,80,0,80,225
10/11/2016,SIG,PR,ASO,ES,Federal Contract Tower,0,1,11,0,12,0,33,150,15,198,0,34,161,15,210,182,0,182,392
10/12/2016,SIG,PR,ASO,ES,Federal Contract Tower,0,1,13,0,14,0,34,128,15,177,0,35,141,15,191,0,0,0,191
10/13/2016,SIG,PR,ASO,ES,Federal Contract Tower,0,1,11,1,13,0,39,150,10,199,0,40,161,11,212,180,0,180,392
10/14/2016,SIG,PR,ASO,ES,Federal Contract Tower,0,4,9,1,14,0,41,133,5,179,0,45,142,6,193,128,0,128,321
10/15/2016,SIG,PR,ASO,ES,Federal Contract Tower,0,0,6,1,7,0,30,113,4,147,0,30,119,5,154,120,0,120,274
10/16/2016,SIG,PR,ASO,ES,Federal Contract Tower,0,0,6,1,7,0,22,85,0,107,0,22,91,1,114,82,0,82,196
10/17/2016,SIG,PR,ASO,ES,Federal Contract Tower,0,0,10,0,10,0,27,98,1,126,0,27,108,1,136,64,10,74,210
10/18/2016,SIG,PR,ASO,ES,Federal Contract Tower,0,0,13,1,14,0,27,58,4,89,0,27,71,5,103,64,16,80,183
10/19/2016,SIG,PR,ASO,ES,Federal Contract Tower,0,0,6,0,6,0,30,81,0,111,0,30,87,0,117,90,0,90,207
10/20/2016,SIG,PR,ASO,ES,Federal Contract Tower,0,3,13,2,18,0,32,148,7,187,0,35,161,9,205,96,16,112,317
10/21/2016,SIG,PR,ASO,ES,Federal Contract Tower,0,0,14,2,16,0,29,116,8,153,0,29,130,10,169,122,10,132,301
10/22/2016,SIG,PR,ASO,ES,Federal Contract Tower,0,0,8,1,9,0,22,119,1,142,0,22,127,2,151,64,0,64,215
10/23/2016,SIG,PR,ASO,ES,Federal Contract Tower,0,0,7,1,8,0,25,99,0,124,0,25,106,1,132,100,0,100,232
10/24/2016,SIG,PR,ASO,ES,Federal Contract Tower,0,0,16,0,16,0,28,103,6,137,0,28,119,6,153,122,0,122,275
10/25/2016,SIG,PR,ASO,ES,Federal Contract Tower,0,0,7,0,7,0,24,84,10,118,0,24,91,10,125,110,8,118,243
10/26/2016,SIG,PR,ASO,ES,Federal Contract Tower,0,0,11,0,11,0,19,67,8,94,0,19,78,8,105,98,0,98,203
10/27/2016,SIG,PR,ASO,ES,Federal Contract Tower,0,0,9,0,9,0,27,127,10,164,0,27,136,10,173,174,4,178,351
10/28/2016,SIG,PR,ASO,ES,Federal Contract Tower,0,0,11,1,12,0,34,128,0,162,0,34,139,1,174,150,0,150,324
10/29/2016,SIG,PR,ASO,ES,Federal Contract Tower,0,0,4,0,4,0,26,153,3,182,0,26,157,3,186,90,0,90,276
10/30/2016,SIG,PR,ASO,ES,Federal Contract Tower,0,0,11,0,11,0,27,89,0,116,0,27,100,0,127,64,0,64,191
10/31/2016,SIG,PR,ASO,ES,Federal Contract Tower,0,0,11,1,12,0,35,112,2,149,0,35,123,3,161,118,0,118,279
11/01/2016,SIG,PR,ASO,ES,Federal Contract Tower,0,1,5,0,6,0,35,117,8,160,0,36,122,8,166,172,0,172,338
11/02/2016,SIG,PR,ASO,ES,Federal Contract Tower,0,0,7,5,12,0,31,77,3,111,0,31,84,8,123,86,0,86,209
11/03/2016,SIG,PR,ASO,ES,Federal Contract Tower,0,0,13,2,15,0,23,46,3,72,0,23,59,5,87,42,0,42,129
11/04/2016,SIG,PR,ASO,ES,Federal Contract Tower,0,0,5,1,6,0,32,103,7,142,0,32,108,8,148,136,0,136,284
11/05/2016,SIG,PR,ASO,ES,Federal Contract Tower,0,0,8,0,8,0,34,129,1,164,0,34,137,1,172,100,0,100,272
11/06/2016,SIG,PR,ASO,ES,Federal Contract Tower,0,0,3,0,3,0,24,64,3,91,0,24,67,3,94,22,0,22,116
11/07/2016,SIG,PR,ASO,ES,Federal Contract Tower,0,0,12,0,12,0,31,94,0,125,0,31,106,0,137,84,0,84,221
11/08/2016,SIG,PR,ASO,ES,Federal Contract Tower,0,0,10,0,10,0,31,77,0,108,0,31,87,0,118,56,0,56,174
11/09/2016,SIG,PR,ASO,ES,Federal Contract Tower,0,0,11,0,11,0,25,115,4,144,0,25,126,4,155,100,0,100,255
11/10/2016,SIG,PR,ASO,ES,Federal Contract Tower,0,0,11,2,13,0,23,94,1,118,0,23,105,3,131,90,0,90,221
11/11/2016,SIG,PR,ASO,ES,Federal Contract Tower,0,0,6,0,6,0,26,155,7,188,0,26,161,7,194,160,0,160,354
11/12/2016,SIG,PR,ASO,ES,Federal Contract Tower,0,0,2,1,3,0,28,110,1,139,0,28,112,2,142,132,0,132,274
11/13/2016,SIG,PR,ASO,ES,Federal Contract Tower,0,0,1,0,1,0,24,78,0,102,0,24,79,0,103,24,0,24,127
11/14/2016,SIG,PR,ASO,ES,Federal Contract Tower,0,0,3,3,6,0,36,125,3,164,0,36,128,6,170,132,0,132,302
11/15/2016,SIG,PR,ASO,ES,Federal Contract Tower,0,0,16,1,17,0,35,122,6,163,0,35,138,7,180,150,0,150,330
11/16/2016,SIG,PR,ASO,ES,Federal Contract Tower,0,0,15,1,16,0,33,111,3,147,0,33,126,4,163,108,0,108,271
11/17/2016,SIG,PR,ASO,ES,Federal Contract Tower,0,0,11,2,13,0,29,99,5,133,0,29,110,7,146,96,4,100,246
11/18/2016,SIG,PR,ASO,ES,Federal Contract Tower,0,0,14,1,15,0,29,148,5,182,0,29,162,6,197,0,0,0,197
11/19/2016,SIG,PR,ASO,ES,Federal Contract Tower,0,0,8,0,8,0,31,118,7,156,0,31,126,7,164,140,0,140,304
11/20/2016,SIG,PR,ASO,ES,Federal Contract Tower,0,0,8,0,8,0,32,88,2,122,0,32,96,2,130,38,0,38,168
11/21/2016,SIG,PR,ASO,ES,Federal Contract Tower,0,0,5,0,5,0,31,45,0,76,0,31,50,0,81,20,0,20,101
11/22/2016,SIG,PR,ASO,ES,Federal Contract Tower,0,0,17,1,18,0,25,76,1,102,0,25,93,2,120,64,0,64,184
11/23/2016,SIG,PR,ASO,ES,Federal Contract Tower,0,1,10,3,14,0,40,109,1,150,0,41,119,4,164,88,0,88,252
11/24/2016,SIG,PR,ASO,ES,Federal Contract Tower,0,0,6,0,6,0,25,16,0,41,0,25,22,0,47,0,0,0,47
11/25/2016,SIG,PR,ASO,ES,Federal Contract Tower,0,0,4,1,5,0,39,101,0,140,0,39,105,1,145,66,14,80,225
11/26/2016,SIG,PR,ASO,ES,Federal Contract Tower,0,0,6,0,6,0,35,121,0,156,0,35,127,0,162,122,0,122,284
11/27/2016,SIG,PR,ASO,ES,Federal Contract Tower,0,0,25,2,27,0,29,67,0,96,0,29,92,2,123,28,0,28,151
11/28/2016,SIG,PR,ASO,ES,Federal Contract Tower,0,0,16,1,17,0,38,116,0,154,0,38,132,1,171,134,0,134,305
11/29/2016,SIG,PR,ASO,ES,Federal Contract Tower,0,2,10,2,14,0,32,151,19,202,0,34,161,21,216,166,0,166,382
11/30/2016,SIG,PR,ASO,ES,Federal Contract Tower,0,0,11,3,14,0,29,105,7,141,0,29,116,10,155,146,8,154,309
12/01/2016,SIG,PR,ASO,ES,Federal Contract Tower,0,0,6,0,6,0,35,119,5,159,0,35,125,5,165,150,6,156,321
12/03/2016,SIG,PR,ASO,ES,Federal Contract Tower,0,0,6,1,7,0,38,124,5,167,0,38,130,6,174,206,0,206,380
12/04/2016,SIG,PR,ASO,ES,Federal Contract Tower,0,0,11,0,11,0,27,78,0,105,0,27,89,0,116,28,0,28,144
12/05/2016,SIG,PR,ASO,ES,Federal Contract Tower,0,0,12,1,13,0,27,77,0,104,0,27,89,1,117,68,0,68,185
12/06/2016,SIG,PR,ASO,ES,Federal Contract Tower,0,0,12,3,15,0,46,145,8,199,0,46,157,11,214,192,0,192,406
12/07/2016,SIG,PR,ASO,ES,Federal Contract Tower,0,0,15,2,17,0,36,87,6,129,0,36,102,8,146,88,0,88,234
12/08/2016,SIG,PR,ASO,ES,Federal Contract Tower,0,1,13,4,18,0,36,156,10,202,0,37,169,14,220,200,0,200,420
12/09/2016,SIG,PR,ASO,ES,Federal Contract Tower,0,0,12,2,14,0,32,117,2,151,0,32,129,4,165,178,0,178,343
12/10/2016,SIG,PR,ASO,ES,Federal Contract Tower,0,0,7,1,8,0,29,106,5,140,0,29,113,6,148,124,0,124,272
12/11/2016,SIG,PR,ASO,ES,Federal Contract Tower,0,0,13,2,15,0,31,100,0,131,0,31,113,2,146,50,0,50,196
12/12/2016,SIG,PR,ASO,ES,Federal Contract Tower,0,0,16,1,17,0,39,123,5,167,0,39,139,6,184,104,0,104,288
12/13/2016,SIG,PR,ASO,ES,Federal Contract Tower,0,3,7,2,12,0,41,120,4,165,0,44,127,6,177,98,0,98,275
12/14/2016,SIG,PR,ASO,ES,Federal Contract Tower,0,0,7,2,9,0,45,170,18,233,0,45,177,20,242,318,0,318,560
12/15/2016,SIG,PR,ASO,ES,Federal Contract Tower,0,0,18,6,24,0,37,130,7,174,0,37,148,13,198,126,4,130,328
12/16/2016,SIG,PR,ASO,ES,Federal Contract Tower,0,0,12,1,13,0,40,142,8,190,0,40,154,9,203,162,0,162,365
12/17/2016,SIG,PR,ASO,ES,Federal Contract Tower,0,0,13,1,14,0,36,146,3,185,0,36,159,4,199,168,0,168,367
12/18/2016,SIG,PR,ASO,ES,Federal Contract Tower,0,0,11,0,11,0,33,84,0,117,0,33,95,0,128,54,0,54,182
12/19/2016,SIG,PR,ASO,ES,Federal Contract Tower,0,0,12,1,13,0,33,73,4,110,0,33,85,5,123,26,0,26,149
12/20/2016,SIG,PR,ASO,ES,Federal Contract Tower,0,0,10,0,10,0,38,118,11,167,0,38,128,11,177,84,2,86,263
12/21/2016,SIG,PR,ASO,ES,Federal Contract Tower,0,1,14,2,17,0,42,129,1,172,0,43,143,3,189,144,0,144,333
12/22/2016,SIG,PR,ASO,ES,Federal Contract Tower,0,1,17,0,18,0,42,137,3,182,0,43,154,3,200,148,0,148,348
12/23/2016,SIG,PR,ASO,ES,Federal Contract Tower,0,0,12,0,12,0,36,140,1,177,0,36,152,1,189,172,0,172,361
12/24/2016,SIG,PR,ASO,ES,Federal Contract Tower,0,0,1,1,2,0,35,111,0,146,0,35,112,1,148,36,0,36,184
12/25/2016,SIG,PR,ASO,ES,Federal Contract Tower,0,0,3,0,3,0,20,35,0,55,0,20,38,0,58,0,0,0,58
12/26/2016,SIG,PR,ASO,ES,Federal Contract Tower,0,0,15,0,15,0,35,108,0,143,0,35,123,0,158,80,0,80,238
12/27/2016,SIG,PR,ASO,ES,Federal Contract Tower,0,4,19,0,23,0,48,140,0,188,0,52,159,0,211,180,0,180,391
12/28/2016,SIG,PR,ASO,ES,Federal Contract Tower,0,0,22,1,23,0,40,113,0,153,0,40,135,1,176,126,0,126,302
12/29/2016,SIG,PR,ASO,ES,Federal Contract Tower,0,0,15,1,16,0,50,137,0,187,0,50,152,1,203,100,0,100,303
12/30/2016,SIG,PR,ASO,ES,Federal Contract Tower,0,0,6,1,7,0,43,124,2,169,0,43,130,3,176,74,0,74,250
12/31/2016,SIG,PR,ASO,ES,Federal Contract Tower,0,0,3,0,3,0,30,106,0,136,0,30,109,0,139,46,0,46,185
01/01/2017,SIG,PR,ASO,ES,Federal Contract Tower,0,0,7,0,7,0,30,46,0,76,0,30,53,0,83,0,0,0,83
01/02/2017,SIG,PR,ASO,ES,Federal Contract Tower,0,0,16,1,17,0,41,114,2,157,0,41,130,3,174,0,0,0,174
01/03/2017,SIG,PR,ASO,ES,Federal Contract Tower,0,2,15,0,17,0,39,115,3,157,0,41,130,3,174,110,0,110,284
01/04/2017,SIG,PR,ASO,ES,Federal Contract Tower,0,0,10,1,11,0,43,116,2,161,0,43,126,3,172,74,0,74,246
01/05/2017,SIG,PR,ASO,ES,Federal Contract Tower,0,0,13,0,13,0,39,101,4,144,0,39,114,4,157,72,0,72,229
01/06/2017,SIG,PR,ASO,ES,Federal Contract Tower,0,0,3,0,3,0,39,41,0,80,0,39,44,0,83,8,0,8,91
01/07/2017,SIG,PR,ASO,ES,Federal Contract Tower,0,0,7,0,7,0,33,94,1,128,0,33,101,1,135,100,0,100,235
01/08/2017,SIG,PR,ASO,ES,Federal Contract Tower,0,0,13,0,13,0,44,101,0,145,0,44,114,0,158,28,0,28,186
01/09/2017,SIG,PR,ASO,ES,Federal Contract Tower,0,0,7,2,9,0,27,89,3,119,0,27,96,5,128,150,2,152,280
01/10/2017,SIG,PR,ASO,ES,Federal Contract Tower,0,0,13,1,14,0,34,111,9,154,0,34,124,10,168,148,0,148,316
01/11/2017,SIG,PR,ASO,ES,Federal Contract Tower,0,0,3,1,4,0,31,62,4,97,0,31,65,5,101,64,0,64,165
01/12/2017,SIG,PR,ASO,ES,Federal Contract Tower,0,4,10,1,15,0,44,125,8,177,0,48,135,9,192,114,10,124,316
01/13/2017,SIG,PR,ASO,ES,Federal Contract Tower,0,0,3,14,17,0,37,104,6,147,0,37,107,20,164,80,0,80,244
01/14/2017,SIG,PR,ASO,ES,Federal Contract Tower,0,0,9,0,9,0,39,87,0,126,0,39,96,0,135,34,0,34,169
01/15/2017,SIG,PR,ASO,ES,Federal Contract Tower,0,0,7,0,7,0,26,74,2,102,0,26,81,2,109,12,0,12,121
01/16/2017,SIG,PR,ASO,ES,Federal Contract Tower,0,0,12,1,13,0,42,136,0,178,0,42,148,1,191,126,0,126,317
01/17/2017,SIG,PR,ASO,ES,Federal Contract Tower,0,2,12,1,15,0,46,155,20,221,0,48,167,21,236,166,0,166,402
01/18/2017,SIG,PR,ASO,ES,Federal Contract Tower,0,1,11,2,14,0,30,130,1,161,0,31,141,3,175,222,0,222,397
01/19/2017,SIG,PR,ASO,ES,Federal Contract Tower,0,0,26,2,28,0,32,144,2,178,0,32,170,4,206,172,6,178,384
01/20/2017,SIG,PR,ASO,ES,Federal Contract Tower,0,1,15,0,16,0,40,171,5,216,0,41,186,5,232,188,0,188,420
01/21/2017,SIG,PR,ASO,ES,Federal Contract Tower,0,1,7,0,8,0,42,288,2,332,0,43,295,2,340,170,0,170,510
01/22/2017,SIG,PR,ASO,ES,Federal Contract Tower,0,0,14,0,14,0,38,214,0,252,0,38,228,0,266,162,0,162,428
01/23/2017,SIG,PR,ASO,ES,Federal Contract Tower,0,0,10,0,10,0,31,99,3,133,0,31,109,3,143,80,0,80,223
01/24/2017,SIG,PR,ASO,ES,Federal Contract Tower,0,0,6,0,6,0,28,102,16,146,0,28,108,16,152,88,0,88,240
01/25/2017,SIG,PR,ASO,ES,Federal Contract Tower,0,2,15,1,18,0,34,109,5,148,0,36,124,6,166,128,2,130,296
01/26/2017,SIG,PR,ASO,ES,Federal Contract Tower,0,0,14,3,17,0,37,115,6,158,0,37,129,9,175,106,2,108,283
01/27/2017,SIG,PR,ASO,ES,Federal Contract Tower,0,1,16,3,20,0,38,162,10,210,0,39,178,13,230,204,0,204,434
01/28/2017,SIG,PR,ASO,ES,Federal Contract Tower,0,0,6,0,6,0,36,142,1,179,0,36,148,1,185,158,0,158,343
01/29/2017,SIG,PR,ASO,ES,Federal Contract Tower,0,0,11,0,11,0,34,101,0,135,0,34,112,0,146,30,0,30,176
01/30/2017,SIG,PR,ASO,ES,Federal Contract Tower,0,0,14,1,15,0,37,92,0,129,0,37,106,1,144,122,0,122,266
01/31/2017,SIG,PR,ASO,ES,Federal Contract Tower,0,3,6,0,9,0,32,115,6,153,0,35,121,6,162,186,0,186,348
02/01/2017,SIG,PR,ASO,ES,Federal Contract Tower,0,1,11,1,13,0,33,108,4,145,0,34,119,5,158,156,0,156,314
02/02/2017,SIG,PR,ASO,ES,Federal Contract Tower,0,1,11,1,13,0,30,89,1,120,0,31,100,2,133,104,0,104,237
02/03/2017,SIG,PR,ASO,ES,Federal Contract Tower,0,2,15,0,17,0,28,134,9,171,0,30,149,9,188,130,0,130,318
02/04/2017,SIG,PR,ASO,ES,Federal Contract Tower,0,0,8,1,9,0,36,129,1,166,0,36,137,2,175,142,0,142,317
02/05/2017,SIG,PR,ASO,ES,Federal Contract Tower,0,1,5,0,6,0,40,106,0,146,0,41,111,0,152,64,0,64,216
02/06/2017,SIG,PR,ASO,ES,Federal Contract Tower,0,0,8,0,8,0,35,75,2,112,0,35,83,2,120,92,0,92,212
02/07/2017,SIG,PR,ASO,ES,Federal Contract Tower,0,1,8,1,10,0,32,132,6,170,0,33,140,7,180,92,2,94,274
02/08/2017,SIG,PR,ASO,ES,Federal Contract Tower,0,0,7,4,11,0,36,121,0,157,0,36,128,4,168,148,0,148,316
02/09/2017,SIG,PR,ASO,ES,Federal Contract Tower,0,0,6,2,8,0,38,149,2,189,0,38,155,4,197,162,0,162,359
02/10/2017,SIG,PR,ASO,ES,Federal Contract Tower,0,0,7,1,8,0,37,136,10,183,0,37,143,11,191,136,0,136,327
02/11/2017,SIG,PR,ASO,ES,Federal Contract Tower,0,0,16,0,16,0,31,128,0,159,0,31,144,0,175,100,0,100,275
02/12/2017,SIG,PR,ASO,ES,Federal Contract Tower,0,0,5,0,5,0,33,73,1,107,0,33,78,1,112,22,0,22,134
02/13/2017,SIG,PR,ASO,ES,Federal Contract Tower,0,0,18,2,20,0,38,123,3,164,0,38,141,5,184,104,0,104,288
02/14/2017,SIG,PR,ASO,ES,Federal Contract Tower,0,0,12,3,15,0,40,178,1,219,0,40,190,4,234,224,0,224,458
02/15/2017,SIG,PR,ASO,ES,Federal Contract Tower,0,0,21,2,23,0,45,152,13,210,0,45,173,15,233,138,0,138,371
02/16/2017,SIG,PR,ASO,ES,Federal Contract Tower,0,0,10,1,11,0,34,137,0,171,0,34,147,1,182,196,0,196,378
02/17/2017,SIG,PR,ASO,ES,Federal Contract Tower,0,0,12,2,14,0,34,148,2,184,0,34,160,4,198,170,0,170,368
02/18/2017,SIG,PR,ASO,ES,Federal Contract Tower,0,5,0,0,5,0,43,177,1,221,0,48,177,1,226,244,0,244,470
02/19/2017,SIG,PR,ASO,ES,Federal Contract Tower,0,1,5,0,6,0,31,47,2,80,0,32,52,2,86,14,0,14,100
02/20/2017,SIG,PR,ASO,ES,Federal Contract Tower,0,0,17,1,18,0,35,137,0,172,0,35,154,1,190,112,0,112,302
02/21/2017,SIG,PR,ASO,ES,Federal Contract Tower,0,0,10,0,10,0,37,147,9,193,0,37,157,9,203,138,0,138,341
02/22/2017,SIG,PR,ASO,ES,Federal Contract Tower,0,0,6,2,8,0,37,90,9,136,0,37,96,11,144,96,10,106,250
02/23/2017,SIG,PR,ASO,ES,Federal Contract Tower,0,0,19,0,19,0,26,105,4,135,0,26,124,4,154,138,0,138,292
02/24/2017,SIG,PR,ASO,ES,Federal Contract Tower,0,0,20,0,20,0,29,131,1,161,0,29,151,1,181,136,0,136,317
02/25/2017,SIG,PR,ASO,ES,Federal Contract Tower,0,0,7,0,7,0,36,145,5,186,0,36,152,5,193,166,0,166,359
02/26/2017,SIG,PR,ASO,ES,Federal Contract Tower,0,0,7,0,7,0,33,93,4,130,0,33,100,4,137,70,0,70,207
02/27/2017,SIG,PR,ASO,ES,Federal Contract Tower,0,0,12,0,12,0,41,120,2,163,0,41,132,2,175,122,4,126,301
02/28/2017,SIG,PR,ASO,ES,Federal Contract Tower,0,0,12,0,12,0,50,150,1,201,0,50,162,1,213,184,0,184,397
03/01/2017,SIG,PR,ASO,ES,Federal Contract Tower,0,0,8,0,8,0,39,111,0,150,0,39,119,0,158,124,0,124,282
03/02/2017,SIG,PR,ASO,ES,Federal Contract Tower,0,0,16,1,17,0,34,130,0,164,0,34,146,1,181,122,0,122,303
03/03/2017,SIG,PR,ASO,ES,Federal Contract Tower,0,0,18,1,19,0,30,108,1,139,0,30,126,2,158,88,0,88,246
03/04/2017,SIG,PR,ASO,ES,Federal Contract Tower,0,0,11,0,11,0,36,137,3,176,0,36,148,3,187,172,0,172,359
03/05/2017,SIG,PR,ASO,ES,Federal Contract Tower,0,0,7,0,7,0,39,95,0,134,0,39,102,0,141,0,0,0,141
03/06/2017,SIG,PR,ASO,ES,Federal Contract Tower,0,0,13,0,13,0,33,33,0,66,0,33,46,0,79,0,0,0,79
03/07/2017,SIG,PR,ASO,ES,Federal Contract Tower,0,0,11,1,12,0,30,22,0,52,0,30,33,1,64,0,0,0,64
03/08/2017,SIG,PR,ASO,ES,Federal Contract Tower,0,0,12,0,12,0,34,79,1,114,0,34,91,1,126,132,0,132,258
03/09/2017,SIG,PR,ASO,ES,Federal Contract Tower,0,0,11,0,11,0,30,113,4,147,0,30,124,4,158,114,0,114,272
03/10/2017,SIG,PR,ASO,ES,Federal Contract Tower,0,0,7,1,8,0,46,140,1,187,0,46,147,2,195,186,0,186,381
03/11/2017,SIG,PR,ASO,ES,Federal Contract Tower,0,0,8,0,8,0,38,133,1,172,0,38,141,1,180,158,0,158,338
03/12/2017,SIG,PR,ASO,ES,Federal Contract Tower,0,0,14,0,14,0,19,83,16,118,0,19,97,16,132,82,0,82,214
03/13/2017,SIG,PR,ASO,ES,Federal Contract Tower,0,0,12,0,12,0,45,141,7,193,0,45,153,7,205,166,0,166,371
03/14/2017,SIG,PR,ASO,ES,Federal Contract Tower,0,0,8,2,10,0,41,153,3,197,0,41,161,5,207,148,0,148,355
03/15/2017,SIG,PR,ASO,ES,Federal Contract Tower,0,0,17,0,17,0,38,132,4,174,0,38,149,4,191,224,0,224,415
03/16/2017,SIG,PR,ASO,ES,Federal Contract Tower,0,0,8,3,11,0,38,158,12,208,0,38,166,15,219,140,16,156,375
03/17/2017,SIG,PR,ASO,ES,Federal Contract Tower,0,0,12,1,13,0,43,173,6,222,0,43,185,7,235,186,0,186,421
03/18/2017,SIG,PR,ASO,ES,Federal Contract Tower,0,2,8,0,10,0,40,115,18,173,0,42,123,18,183,104,0,104,287
03/19/2017,SIG,PR,ASO,ES,Federal Contract Tower,0,1,10,2,13,0,32,94,3,129,0,33,104,5,142,122,0,122,264
03/20/2017,SIG,PR,ASO,ES,Federal Contract Tower,0,0,7,1,8,0,35,82,4,121,0,35,89,5,129,80,0,80,209
03/21/2017,SIG,PR,ASO,ES,Federal Contract Tower,0,1,10,1,12,0,38,131,11,180,0,39,141,12,192,126,2,128,320
03/22/2017,SIG,PR,ASO,ES,Federal Contract Tower,0,0,13,2,15,0,44,128,12,184,0,44,141,14,199,160,0,160,359
03/23/2017,SIG,PR,ASO,ES,Federal Contract Tower,0,0,10,0,10,0,35,94,4,133,0,35,104,4,143,62,0,62,205
03/24/2017,SIG,PR,ASO,ES,Federal Contract Tower,0,0,10,1,11,0,48,115,2,165,0,48,125,3,176,142,0,142,318
03/25/2017,SIG,PR,ASO,ES,Federal Contract Tower,0,0,11,1,12,0,44,154,1,199,0,44,165,2,211,184,0,184,395
03/26/2017,SIG,PR,ASO,ES,Federal Contract Tower,0,0,2,0,2,0,36,66,0,102,0,36,68,0,104,64,0,64,168
03/27/2017,SIG,PR,ASO,ES,Federal Contract Tower,0,0,6,1,7,0,37,120,4,161,0,37,126,5,168,152,4,156,324
03/28/2017,SIG,PR,ASO,ES,Federal Contract Tower,0,0,11,1,12,0,33,106,11,150,0,33,117,12,162,176,6,182,344
03/29/2017,SIG,PR,ASO,ES,Federal Contract Tower,0,0,14,2,16,0,39,123,3,165,0,39,137,5,181,168,0,168,349
03/30/2017,SIG,PR,ASO,ES,Federal Contract Tower,0,0,9,2,11,0,33,146,5,184,0,33,155,7,195,150,0,150,345
03/31/2017,SIG,PR,ASO,ES,Federal Contract Tower,0,0,11,0,11,0,30,171,1,202,0,30,182,1,213,146,0,146,359
04/01/2017,SIG,PR,ASO,ES,Federal Contract Tower,0,0,9,0,9,0,47,92,0,139,0,47,101,0,148,74,0,74,222
04/02/2017,SIG,PR,ASO,ES,Federal Contract Tower,0,0,12,0,12,0,28,90,0,118,0,28,102,0,130,70,0,70,200
04/03/2017,SIG,PR,ASO,ES,Federal Contract Tower,0,0,10,0,10,0,41,134,2,177,0,41,144,2,187,120,0,120,307
04/04/2017,SIG,PR,ASO,ES,Federal Contract Tower,0,1,8,0,9,0,41,109,6,156,0,42,117,6,165,127,6,133,298
04/05/2017,SIG,PR,ASO,ES,Federal Contract Tower,0,0,14,2,16,0,48,147,4,199,0,48,161,6,215,204,8,212,427
04/06/2017,SIG,PR,ASO,ES,Federal Contract Tower,0,0,14,0,14,0,37,119,4,160,0,37,133,4,174,90,0,90,264
04/07/2017,SIG,PR,ASO,ES,Federal Contract Tower,0,1,18,0,19,0,40,155,12,207,0,41,173,12,226,190,0,190,416
04/08/2017,SIG,PR,ASO,ES,Federal Contract Tower,0,1,18,0,19,0,42,114,7,163,0,43,132,7,182,156,0,156,338
04/09/2017,SIG,PR,ASO,ES,Federal Contract Tower,0,0,9,0,9,0,27,54,2,83,0,27,63,2,92,62,0,62,154
04/10/2017,SIG,PR,ASO,ES,Federal Contract Tower,0,1,9,0,10,0,33,115,5,153,0,34,124,5,163,112,0,112,275
04/11/2017,SIG,PR,ASO,ES,Federal Contract Tower,0,2,7,4,13,0,38,123,7,168,0,40,130,11,181,146,0,146,327
04/12/2017,SIG,PR,ASO,ES,Federal Contract Tower,0,0,12,1,13,0,31,82,0,113,0,31,94,1,126,38,0,38,164
04/13/2017,SIG,PR,ASO,ES,Federal Contract Tower,0,1,14,0,15,0,33,96,0,129,0,34,110,0,144,96,0,96,240
04/14/2017,SIG,PR,ASO,ES,Federal Contract Tower,0,0,6,0,6,0,35,52,0,87,0,35,58,0,93,4,0,4,97
04/15/2017,SIG,PR,ASO,ES,Federal Contract Tower,0,0,1,0,1,0,45,104,0,149,0,45,105,0,150,92,0,92,242
04/16/2017,SIG,PR,ASO,ES,Federal Contract Tower,0,0,23,0,23,0,34,117,1,152,0,34,140,1,175,76,2,78,253
04/17/2017,SIG,PR,ASO,ES,Federal Contract Tower,0,0,13,2,15,0,33,41,0,74,0,33,54,2,89,22,0,22,111
04/18/2017,SIG,PR,ASO,ES,Federal Contract Tower,0,1,21,2,24,0,36,111,1,148,0,37,132,3,172,182,10,192,364
04/19/2017,SIG,PR,ASO,ES,Federal Contract Tower,0,1,15,0,16,0,45,139,6,190,0,46,154,6,206,212,0,212,418
04/20/2017,SIG,PR,ASO,ES,Federal Contract Tower,0,0,19,2,21,0,39,152,6,197,0,39,171,8,218,210,0,210,428
04/21/2017,SIG,PR,ASO,ES,Federal Contract Tower,0,0,11,0,11,0,40,107,4,151,0,40,118,4,162,134,0,134,296
04/22/2017,SIG,PR,ASO,ES,Federal Contract Tower,0,0,6,3,9,0,31,126,1,158,0,31,132,4,167,130,0,130,297
04/23/2017,SIG,PR,ASO,ES,Federal Contract Tower,0,0,11,1,12,0,35,107,0,142,0,35,118,1,154,34,0,34,188
04/24/2017,SIG,PR,ASO,ES,Federal Contract Tower,0,0,9,0,9,0,35,83,4,122,0,35,92,4,131,104,0,104,235
04/26/2017,SIG,PR,ASO,ES,Federal Contract Tower,0,1,19,3,23,0,31,102,5,138,0,32,121,8,161,144,0,144,305
04/27/2017,SIG,PR,ASO,ES,Federal Contract Tower,0,1,12,0,13,0,40,166,6,212,0,41,178,6,225,138,4,142,367
04/28/2017,SIG,PR,ASO,ES,Federal Contract Tower,0,0,14,0,14,0,30,106,3,139,0,30,120,3,153,154,0,154,307
04/29/2017,SIG,PR,ASO,ES,Federal Contract Tower,0,0,9,1,10,0,33,85,0,118,0,33,94,1,128,72,0,72,200
04/30/2017,SIG,PR,ASO,ES,Federal Contract Tower,0,3,13,0,16,0,30,55,0,85,0,33,68,0,101,18,0,18,119
05/01/2017,SIG,PR,ASO,ES,Federal Contract Tower,0,0,8,0,8,0,32,58,0,90,0,32,66,0,98,18,0,18,116
05/02/2017,SIG,PR,ASO,ES,Federal Contract Tower,0,0,13,0,13,0,42,86,6,134,0,42,99,6,147,80,0,80,227
05/03/2017,SIG,PR,ASO,ES,Federal Contract Tower,0,0,10,0,10,0,42,127,5,174,0,42,137,5,184,132,4,136,320
05/04/2017,SIG,PR,ASO,ES,Federal Contract Tower,0,0,17,0,17,0,40,102,3,145,0,40,119,3,162,160,0,160,322
05/07/2017,SIG,PR,ASO,ES,Federal Contract Tower,0,2,6,0,8,0,25,84,0,109,0,27,90,0,117,62,0,62,179
05/08/2017,SIG,PR,ASO,ES,Federal Contract Tower,0,0,8,0,8,0,33,88,2,123,0,33,96,2,131,152,0,152,283
05/09/2017,SIG,PR,ASO,ES,Federal Contract Tower,0,0,8,0,8,0,25,76,0,101,0,25,84,0,109,68,0,68,177
05/11/2017,SIG,PR,ASO,ES,Federal Contract Tower,0,0,10,1,11,0,29,97,0,126,0,29,107,1,137,162,0,162,299
05/13/2017,SIG,PR,ASO,ES,Federal Contract Tower,0,0,12,0,12,0,25,175,3,203,0,25,187,3,215,142,0,142,357
05/14/2017,SIG,PR,ASO,ES,Federal Contract Tower,0,0,7,0,7,0,46,105,0,151,0,46,112,0,158,0,0,0,158
05/15/2017,SIG,PR,ASO,ES,Federal Contract Tower,0,0,18,0,18,0,34,101,7,142,0,34,119,7,160,66,0,66,226
05/16/2017,SIG,PR,ASO,ES,Federal Contract Tower,0,0,11,0,11,0,39,114,0,153,0,39,125,0,164,146,0,146,310
05/17/2017,SIG,PR,ASO,ES,Federal Contract Tower,0,0,14,0,14,0,30,87,5,122,0,30,101,5,136,68,0,68,204
05/18/2017,SIG,PR,ASO,ES,Federal Contract Tower,0,0,16,0,16,0,40,115,3,158,0,40,131,3,174,102,0,102,276
05/19/2017,SIG,PR,ASO,ES,Federal Contract Tower,0,0,15,1,16,0,29,146,0,175,0,29,161,1,191,148,0,148,339
05/20/2017,SIG,PR,ASO,ES,Federal Contract Tower,0,0,4,0,4,0,31,143,0,174,0,31,147,0,178,130,0,130,308
05/21/2017,SIG,PR,ASO,ES,Federal Contract Tower,0,0,11,0,11,0,26,127,0,153,0,26,138,0,164,48,0,48,212
05/23/2017,SIG,PR,ASO,ES,Federal Contract Tower,0,0,8,3,11,0,35,102,5,142,0,35,110,8,153,158,2,160,313
05/24/2017,SIG,PR,ASO,ES,Federal Contract Tower,0,0,15,1,16,0,31,90,2,123,0,31,105,3,139,74,0,74,213
05/25/2017,SIG,PR,ASO,ES,Federal Contract Tower,0,0,9,0,9,0,31,102,4,137,0,31,111,4,146,142,0,142,288
05/26/2017,SIG,PR,ASO,ES,Federal Contract Tower,0,0,6,1,7,0,30,111,2,143,0,30,117,3,150,92,0,92,242
05/27/2017,SIG,PR,ASO,ES,Federal Contract Tower,0,0,5,1,6,0,39,129,0,168,0,39,134,1,174,92,0,92,266
05/28/2017,SIG,PR,ASO,ES,Federal Contract Tower,0,0,1,0,1,0,27,43,0,70,0,27,44,0,71,38,0,38,109
05/29/2017,SIG,PR,ASO,ES,Federal Contract Tower,0,0,18,0,18,0,34,102,2,138,0,34,120,2,156,104,0,104,260
05/30/2017,SIG,PR,ASO,ES,Federal Contract Tower,0,1,17,3,21,0,45,157,0,202,0,46,174,3,223,190,0,190,413
06/01/2017,SIG,PR,ASO,ES,Federal Contract Tower,0,0,7,1,8,0,35,141,3,179,0,35,148,4,187,164,0,164,351
06/02/2017,SIG,PR,ASO,ES,Federal Contract Tower,0,0,10,2,12,0,51,148,3,202,0,51,158,5,214,188,0,188,402
06/03/2017,SIG,PR,ASO,ES,Federal Contract Tower,0,0,5,0,5,0,45,155,10,210,0,45,160,10,215,120,0,120,335
06/04/2017,SIG,PR,ASO,ES,Federal Contract Tower,0,0,7,1,8,0,29,71,8,108,0,29,78,9,116,8,0,8,124
06/05/2017,SIG,PR,ASO,ES,Federal Contract Tower,0,0,5,0,5,0,38,91,8,137,0,38,96,8,142,82,0,82,224
06/06/2017,SIG,PR,ASO,ES,Federal Contract Tower,0,2,10,0,12,0,36,113,7,156,0,38,123,7,168,122,4,126,294
06/07/2017,SIG,PR,ASO,ES,Federal Contract Tower,0,0,10,1,11,0,35,126,13,174,0,35,136,14,185,182,6,188,373
06/08/2017,SIG,PR,ASO,ES,Federal Contract Tower,0,0,11,2,13,0,36,99,9,144,0,36,110,11,157,72,2,74,231
06/09/2017,SIG,PR,ASO,ES,Federal Contract Tower,0,0,10,0,10,0,29,92,1,122,0,29,102,1,132,84,0,84,216
06/10/2017,SIG,PR,ASO,ES,Federal Contract Tower,0,0,10,0,10,0,30,109,0,139,0,30,119,0,149,140,0,140,289
06/11/2017,SIG,PR,ASO,ES,Federal Contract Tower,0,0,14,0,14,0,36,74,0,110,0,36,88,0,124,22,0,22,146
06/12/2017,SIG,PR,ASO,ES,Federal Contract Tower,0,0,6,0,6,0,34,102,9,145,0,34,108,9,151,140,4,144,295
06/13/2017,SIG,PR,ASO,ES,Federal Contract Tower,0,0,10,0,10,0,39,98,9,146,0,39,108,9,156,144,0,144,300
06/14/2017,SIG,PR,ASO,ES,Federal Contract Tower,0,1,5,0,6,0,50,123,3,176,0,51,128,3,182,152,0,152,334
06/15/2017,SIG,PR,ASO,ES,Federal Contract Tower,0,0,15,0,15,0,36,110,1,147,0,36,125,1,162,94,0,94,256
06/16/2017,SIG,PR,ASO,ES,Federal Contract Tower,0,0,12,0,12,0,40,135,2,177,0,40,147,2,189,138,0,138,327
06/17/2017,SIG,PR,ASO,ES,Federal Contract Tower,0,2,5,0,7,0,32,134,7,173,0,34,139,7,180,136,0,136,316
06/18/2017,SIG,PR,ASO,ES,Federal Contract Tower,0,2,7,0,9,0,35,40,0,75,0,37,47,0,84,2,0,2,86
06/19/2017,SIG,PR,ASO,ES,Federal Contract Tower,0,0,9,0,9,0,34,76,0,110,0,34,85,0,119,34,0,34,153
06/20/2017,SIG,PR,ASO,ES,Federal Contract Tower,0,0,13,0,13,0,42,137,2,181,0,42,150,2,194,176,0,176,370
06/21/2017,SIG,PR,ASO,ES,Federal Contract Tower,0,0,11,1,12,0,37,133,4,174,0,37,144,5,186,208,0,208,394
06/22/2017,SIG,PR,ASO,ES,Federal Contract Tower,0,0,9,0,9,0,33,144,2,179,0,33,153,2,188,98,0,98,286
06/23/2017,SIG,PR,ASO,ES,Federal Contract Tower,0,2,13,0,15,0,32,130,4,166,0,34,143,4,181,160,0,160,341
06/24/2017,SIG,PR,ASO,ES,Federal Contract Tower,0,0,9,0,9,0,36,157,6,199,0,36,166,6,208,168,0,168,376
06/25/2017,SIG,PR,ASO,ES,Federal Contract Tower,0,0,4,0,4,0,32,72,0,104,0,32,76,0,108,12,0,12,120
06/26/2017,SIG,PR,ASO,ES,Federal Contract Tower,0,0,12,1,13,0,31,112,1,144,0,31,124,2,157,114,0,114,271
06/27/2017,SIG,PR,ASO,ES,Federal Contract Tower,0,0,13,0,13,0,34,115,6,155,0,34,128,6,168,158,0,158,326
06/28/2017,SIG,PR,ASO,ES,Federal Contract Tower,0,0,11,0,11,0,41,103,4,148,0,41,114,4,159,92,0,92,251
06/29/2017,SIG,PR,ASO,ES,Federal Contract Tower,0,0,15,0,15,0,29,90,6,125,0,29,105,6,140,96,0,96,236
06/30/2017,SIG,PR,ASO,ES,Federal Contract Tower,0,0,14,0,14,0,31,116,0,147,0,31,130,0,161,170,0,170,331
07/01/2017,SIG,PR,ASO,ES,Federal Contract Tower,0,0,9,0,9,0,36,125,0,161,0,36,134,0,170,120,0,120,290
07/02/2017,SIG,PR,ASO,ES,Federal Contract Tower,0,0,8,0,8,0,24,88,0,112,0,24,96,0,120,44,0,44,164
07/03/2017,SIG,PR,ASO,ES,Federal Contract Tower,0,0,8,0,8,0,46,79,0,125,0,46,87,0,133,32,6,38,171
07/04/2017,SIG,PR,ASO,ES,Federal Contract Tower,0,1,7,0,8,0,44,83,0,127,0,45,90,0,135,60,0,60,195
07/05/2017,SIG,PR,ASO,ES,Federal Contract Tower,0,0,7,1,8,0,40,94,4,138,0,40,101,5,146,104,0,104,250
07/06/2017,SIG,PR,ASO,ES,Federal Contract Tower,0,0,5,0,5,0,54,142,10,206,0,54,147,10,211,176,0,176,387
07/07/2017,SIG,PR,ASO,ES,Federal Contract Tower,0,0,11,0,11,0,49,119,3,171,0,49,130,3,182,144,0,144,326
07/08/2017,SIG,PR,ASO,ES,Federal Contract Tower,0,2,5,0,7,0,39,105,0,144,0,41,110,0,151,200,0,200,351
07/09/2017,SIG,PR,ASO,ES,Federal Contract Tower,0,0,10,0,10,0,29,83,0,112,0,29,93,0,122,66,0,66,188
07/10/2017,SIG,PR,ASO,ES,Federal Contract Tower,0,1,13,0,14,0,37,106,0,143,0,38,119,0,157,200,0,200,357
07/11/2017,SIG,PR,ASO,ES,Federal Contract Tower,0,0,2,0,2,0,32,91,14,137,0,32,93,14,139,184,0,184,323
07/12/2017,SIG,PR,ASO,ES,Federal Contract Tower,0,1,6,1,8,0,40,103,4,147,0,41,109,5,155,190,0,190,345
07/13/2017,SIG,PR,ASO,ES,Federal Contract Tower,0,0,5,1,6,0,41,119,2,162,0,41,124,3,168,176,0,176,344
07/14/2017,SIG,PR,ASO,ES,Federal Contract Tower,0,2,10,2,14,0,40,171,2,213,0,42,181,4,227,296,0,296,523
07/15/2017,SIG,PR,ASO,ES,Federal Contract Tower,0,0,5,0,5,0,36,97,4,137,0,36,102,4,142,146,0,146,288
07/16/2017,SIG,PR,ASO,ES,Federal Contract Tower,0,0,9,0,9,0,29,69,0,98,0,29,78,0,107,38,0,38,145
07/18/2017,SIG,PR,ASO,ES,Federal Contract Tower,0,0,9,0,9,0,46,141,4,191,0,46,150,4,200,168,0,168,368
07/19/2017,SIG,PR,ASO,ES,Federal Contract Tower,0,0,5,0,5,0,46,122,0,168,0,46,127,0,173,110,0,110,283
07/20/2017,SIG,PR,ASO,ES,Federal Contract Tower,0,0,10,0,10,0,35,107,5,147,0,35,117,5,157,100,0,100,257
07/21/2017,SIG,PR,ASO,ES,Federal Contract Tower,0,0,13,0,13,0,53,140,4,197,0,53,153,4,210,146,0,146,356
07/22/2017,SIG,PR,ASO,ES,Federal Contract Tower,0,0,6,0,6,0,35,154,7,196,0,35,160,7,202,110,0,110,312
07/23/2017,SIG,PR,ASO,ES,Federal Contract Tower,0,0,7,0,7,0,24,72,0,96,0,24,79,0,103,22,0,22,125
07/24/2017,SIG,PR,ASO,ES,Federal Contract Tower,0,0,6,0,6,0,36,106,6,148,0,36,112,6,154,90,0,90,244
07/25/2017,SIG,PR,ASO,ES,Federal Contract Tower,0,0,11,3,14,0,36,64,0,100,0,36,75,3,114,96,0,96,210
07/26/2017,SIG,PR,ASO,ES,Federal Contract Tower,0,0,16,0,16,0,43,75,4,122,0,43,91,4,138,104,0,104,242
07/27/2017,SIG,PR,ASO,ES,Federal Contract Tower,0,0,11,1,12,0,34,120,7,161,0,34,131,8,173,134,6,140,313
07/28/2017,SIG,PR,ASO,ES,Federal Contract Tower,0,0,11,0,11,0,40,96,3,139,0,40,107,3,150,88,0,88,238
07/29/2017,SIG,PR,ASO,ES,Federal Contract Tower,0,0,3,0,3,0,41,99,1,141,0,41,102,1,144,84,4,88,232
07/30/2017,SIG,PR,ASO,ES,Federal Contract Tower,0,0,13,0,13,0,33,85,1,119,0,33,98,1,132,68,0,68,200
07/31/2017,SIG,PR,ASO,ES,Federal Contract Tower,0,0,3,1,4,0,44,90,10,144,0,44,93,11,148,76,0,76,224
08/01/2017,SIG,PR,ASO,ES,Federal Contract Tower,0,0,9,1,10,0,35,84,3,122,0,35,93,4,132,86,0,86,218
08/02/2017,SIG,PR,ASO,ES,Federal Contract Tower,0,0,11,1,12,0,36,62,0,98,0,36,73,1,110,62,0,62,172
08/03/2017,SIG,PR,ASO,ES,Federal Contract Tower,0,0,12,2,14,0,46,94,2,142,0,46,106,4,156,58,0,58,214
08/04/2017,SIG,PR,ASO,ES,Federal Contract Tower,0,0,12,2,14,0,39,91,3,133,0,39,103,5,147,156,0,156,303
08/05/2017,SIG,PR,ASO,ES,Federal Contract Tower,0,0,6,0,6,0,28,94,0,122,0,28,100,0,128,84,0,84,212
08/06/2017,SIG,PR,ASO,ES,Federal Contract Tower,0,0,7,0,7,0,29,68,0,97,0,29,75,0,104,34,0,34,138
08/07/2017,SIG,PR,ASO,ES,Federal Contract Tower,0,0,14,1,15,0,33,85,3,121,0,33,99,4,136,124,0,124,260
08/08/2017,SIG,PR,ASO,ES,Federal Contract Tower,0,1,11,0,12,0,28,98,8,134,0,29,109,8,146,140,0,140,286
08/09/2017,SIG,PR,ASO,ES,Federal Contract Tower,0,0,7,0,7,0,39,91,2,132,0,39,98,2,139,66,0,66,205
08/10/2017,SIG,PR,ASO,ES,Federal Contract Tower,0,0,9,0,9,0,38,123,5,166,0,38,132,5,175,174,4,178,353
08/11/2017,SIG,PR,ASO,ES,Federal Contract Tower,0,2,9,0,11,0,40,102,3,145,0,42,111,3,156,114,0,114,270
08/12/2017,SIG,PR,ASO,ES,Federal Contract Tower,0,0,4,1,5,0,38,132,4,174,0,38,136,5,179,94,4,98,277
08/13/2017,SIG,PR,ASO,ES,Federal Contract Tower,0,0,3,1,4,0,25,85,4,114,0,25,88,5,118,76,0,76,194
08/14/2017,SIG,PR,ASO,ES,Federal Contract Tower,0,0,12,0,12,0,28,91,8,127,0,28,103,8,139,80,2,82,221
08/15/2017,SIG,PR,ASO,ES,Federal Contract Tower,0,0,11,0,11,0,41,93,3,137,0,41,104,3,148,86,0,86,234
08/16/2017,SIG,PR,ASO,ES,Federal Contract Tower,0,1,11,1,13,0,38,60,11,109,0,39,71,12,122,58,6,64,186
08/17/2017,SIG,PR,ASO,ES,Federal Contract Tower,0,0,7,0,7,0,26,43,1,70,0,26,50,1,77,0,0,0,77
08/18/2017,SIG,PR,ASO,ES,Federal Contract Tower,0,0,12,2,14,0,43,129,5,177,0,43,141,7,191,166,2,168,359
08/19/2017,SIG,PR,ASO,ES,Federal Contract Tower,0,0,3,0,3,0,38,107,0,145,0,38,110,0,148,144,0,144,292
08/20/2017,SIG,PR,ASO,ES,Federal Contract Tower,0,0,7,0,7,0,29,37,0,66,0,29,44,0,73,6,0,6,79
08/21/2017,SIG,PR,ASO,ES,Federal Contract Tower,0,0,7,0,7,0,36,99,5,140,0,36,106,5,147,178,0,178,325
08/22/2017,SIG,PR,ASO,ES,Federal Contract Tower,0,0,10,2,12,0,27,99,8,134,0,27,109,10,146,128,0,128,274
08/24/2017,SIG,PR,ASO,ES,Federal Contract Tower,0,0,0,0,0,0,41,131,5,177,0,41,131,5,177,204,0,204,381
08/25/2017,SIG,PR,ASO,ES,Federal Contract Tower,0,0,9,0,9,0,44,142,2,188,0,44,151,2,197,244,0,244,441
08/26/2017,SIG,PR,ASO,ES,Federal Contract Tower,0,0,5,0,5,0,31,113,7,151,0,31,118,7,156,120,0,120,276
08/27/2017,SIG,PR,ASO,ES,Federal Contract Tower,0,0,8,0,8,0,26,67,0,93,0,26,75,0,101,24,0,24,125
08/28/2017,SIG,PR,ASO,ES,Federal Contract Tower,0,0,12,0,12,0,35,111,1,147,0,35,123,1,159,124,0,124,283
08/29/2017,SIG,PR,ASO,ES,Federal Contract Tower,0,0,15,1,16,0,38,75,5,118,0,38,90,6,134,82,0,82,216
08/30/2017,SIG,PR,ASO,ES,Federal Contract Tower,0,0,14,1,15,0,36,141,4,181,0,36,155,5,196,162,0,162,358
08/31/2017,SIG,PR,ASO,ES,Federal Contract Tower,0,0,18,0,18,0,41,136,14,191,0,41,154,14,209,186,8,194,403
09/01/2017,SIG,PR,ASO,ES,Federal Contract Tower,0,3,18,0,21,0,33,114,0,147,0,36,132,0,168,126,0,126,294
09/02/2017,SIG,PR,ASO,ES,Federal Contract Tower,0,0,7,0,7,0,35,121,0,156,0,35,128,0,163,176,0,176,339
09/03/2017,SIG,PR,ASO,ES,Federal Contract Tower,0,0,3,0,3,0,22,27,0,49,0,22,30,0,52,22,0,22,74
09/04/2017,SIG,PR,ASO,ES,Federal Contract Tower,0,2,12,0,14,0,45,112,3,160,0,47,124,3,174,84,2,86,260
09/05/2017,SIG,PR,ASO,ES,Federal Contract Tower,0,0,17,0,17,0,17,60,8,85,0,17,77,8,102,0,0,0,102
09/07/2017,SIG,PR,ASO,ES,Federal Contract Tower,0,0,8,0,8,0,6,89,53,148,0,6,97,53,156,0,6,6,162
09/08/2017,SIG,PR,ASO,ES,Federal Contract Tower,0,0,12,0,12,0,35,98,28,161,0,35,110,28,173,26,0,26,199
09/09/2017,SIG,PR,ASO,ES,Federal Contract Tower,0,0,1,0,1,0,25,104,10,139,0,25,105,10,140,62,0,62,202
09/10/2017,SIG,PR,ASO,ES,Federal Contract Tower,0,0,4,0,4,0,18,107,15,140,0,18,111,15,144,20,0,20,164
09/11/2017,SIG,PR,ASO,ES,Federal Contract Tower,0,0,12,0,12,0,41,147,37,225,0,41,159,37,237,126,0,126,363
09/12/2017,SIG,PR,ASO,ES,Federal Contract Tower,0,0,17,0,17,0,16,141,10,167,0,16,158,10,184,70,0,70,254
09/13/2017,SIG,PR,ASO,ES,Federal Contract Tower,0,1,20,0,21,0,29,153,21,203,0,30,173,21,224,132,0,132,356
09/14/2017,SIG,PR,ASO,ES,Federal Contract Tower,0,0,13,0,13,0,25,147,7,179,0,25,160,7,192,110,0,110,302
09/15/2017,SIG,PR,ASO,ES,Federal Contract Tower,0,2,14,0,16,0,34,157,18,209,0,36,171,18,225,82,0,82,307
09/16/2017,SIG,PR,ASO,ES,Federal Contract Tower,0,0,16,2,18,0,29,123,8,160,0,29,139,10,178,72,4,76,254
09/17/2017,SIG,PR,ASO,ES,Federal Contract Tower,0,0,20,0,20,0,24,155,8,187,0,24,175,8,207,58,0,58,265
09/18/2017,SIG,PR,ASO,ES,Federal Contract Tower,0,1,18,0,19,0,27,131,22,180,0,28,149,22,199,62,0,62,261
09/19/2017,SIG,PR,ASO,ES,Federal Contract Tower,0,0,23,0,23,0,0,6,2,8,0,0,29,2,31,0,0,0,31
09/27/2017,SIG,PR,ASO,ES,Federal Contract Tower,0,0,0,0,0,0,5,126,4,135,0,5,126,4,135,0,0,0,135
09/28/2017,SIG,PR,ASO,ES,Federal Contract Tower,0,0,0,0,0,0,13,416,31,460,0,13,416,31,460,0,0,0,460
09/29/2017,SIG,PR,ASO,ES,Federal Contract Tower,0,9,86,1,96,0,14,394,87,495,0,23,480,88,591,0,0,0,591
09/30/2017,SIG,PR,ASO,ES,Federal Contract Tower,18,52,4,0,74,0,15,202,86,303,18,67,206,86,377,0,0,0,377
10/01/2017,SIG,PR,ASO,ES,Federal Contract Tower,0,7,62,0,69,0,6,202,49,257,0,13,264,49,326,0,0,0,326
10/02/2017,SIG,PR,ASO,ES,Federal Contract Tower,0,7,43,0,50,0,2,109,85,196,0,9,152,85,246,0,30,30,276
10/03/2017,SIG,PR,ASO,ES,Federal Contract Tower,0,6,19,1,26,0,6,45,78,129,0,12,64,79,155,0,4,4,159
10/04/2017,SIG,PR,ASO,ES,Federal Contract Tower,0,8,65,1,74,0,13,169,117,299,0,21,234,118,373,0,0,0,373
10/05/2017,SIG,PR,ASO,ES,Federal Contract Tower,0,5,56,1,62,0,14,186,76,276,0,19,242,77,338,0,0,0,338
10/06/2017,SIG,PR,ASO,ES,Federal Contract Tower,0,5,54,0,59,0,87,90,0,177,0,92,144,0,236,0,0,0,236
10/07/2017,SIG,PR,ASO,ES,Federal Contract Tower,0,0,8,33,41,0,2,107,83,192,0,2,115,116,233,2,12,14,247
10/08/2017,SIG,PR,ASO,ES,Federal Contract Tower,0,4,30,1,35,0,0,118,97,215,0,4,148,98,250,0,0,0,250
10/09/2017,SIG,PR,ASO,ES,Federal Contract Tower,0,7,32,0,39,0,22,119,72,213,0,29,151,72,252,10,0,10,262
10/10/2017,SIG,PR,ASO,ES,Federal Contract Tower,0,0,28,0,28,0,5,68,52,125,0,5,96,52,153,0,0,0,153
10/11/2017,SIG,PR,ASO,ES,Federal Contract Tower,0,0,34,2,36,0,9,131,87,227,0,9,165,89,263,0,0,0,263
10/13/2017,SIG,PR,ASO,ES,Federal Contract Tower,0,7,32,0,39,0,15,137,124,276,0,22,169,124,315,4,0,4,319
10/14/2017,SIG,PR,ASO,ES,Federal Contract Tower,0,2,17,1,20,0,7,128,118,253,0,9,145,119,273,10,0,10,283
10/15/2017,SIG,PR,ASO,ES,Federal Contract Tower,0,0,20,0,20,0,0,62,21,83,0,0,82,21,103,0,0,0,103
10/16/2017,SIG,PR,ASO,ES,Federal Contract Tower,0,5,30,0,35,0,4,48,22,74,0,9,78,22,109,4,0,4,113
10/17/2017,SIG,PR,ASO,ES,Federal Contract Tower,0,4,16,0,20,0,21,171,95,287,0,25,187,95,307,8,0,8,315
10/18/2017,SIG,PR,ASO,ES,Federal Contract Tower,0,2,20,0,22,0,21,167,110,298,0,23,187,110,320,52,26,78,398
10/19/2017,SIG,PR,ASO,ES,Federal Contract Tower,0,1,26,1,28,0,21,157,84,262,0,22,183,85,290,6,0,6,296
10/20/2017,SIG,PR,ASO,ES,Federal Contract Tower,0,0,25,0,25,0,3,93,81,177,0,3,118,81,202,0,0,0,202
10/21/2017,SIG,PR,ASO,ES,Federal Contract Tower,0,2,16,1,19,0,4,92,49,145,0,6,108,50,164,34,0,34,198
10/22/2017,SIG,PR,ASO,ES,Federal Contract Tower,0,0,10,0,10,0,0,106,90,196,0,0,116,90,206,52,10,62,268
10/23/2017,SIG,PR,ASO,ES,Federal Contract Tower,0,1,14,1,16,0,12,100,71,183,0,13,114,72,199,18,0,18,217
10/24/2017,SIG,PR,ASO,ES,Federal Contract Tower,0,5,16,1,22,0,5,142,65,212,0,10,158,66,234,34,0,34,268
10/25/2017,SIG,PR,ASO,ES,Federal Contract Tower,0,1,16,1,18,0,10,143,60,213,0,11,159,61,231,62,0,62,293
10/26/2017,SIG,PR,ASO,ES,Federal Contract Tower,0,0,29,3,32,0,9,146,65,220,0,9,175,68,252,42,0,42,294
10/27/2017,SIG,PR,ASO,ES,Federal Contract Tower,0,0,23,0,23,0,14,136,65,215,0,14,159,65,238,42,0,42,280
10/28/2017,SIG,PR,ASO,ES,Federal Contract Tower,0,0,7,1,8,0,3,123,58,184,0,3,130,59,192,84,0,84,276
10/29/2017,SIG,PR,ASO,ES,Federal Contract Tower,0,2,19,0,21,0,2,99,90,191,0,4,118,90,212,34,0,34,246
10/30/2017,SIG,PR,ASO,ES,Federal Contract Tower,0,0,14,0,14,0,13,119,77,209,0,13,133,77,223,68,0,68,291
10/31/2017,SIG,PR,ASO,ES,Federal Contract Tower,0,0,12,0,12,0,12,98,54,164,0,12,110,54,176,26,0,26,202
11/01/2017,SIG,PR,ASO,ES,Federal Contract Tower,0,0,16,0,16,0,13,134,64,211,0,13,150,64,227,88,0,88,315
11/02/2017,SIG,PR,ASO,ES,Federal Contract Tower,0,0,23,1,24,0,22,128,56,206,0,22,151,57,230,154,2,156,386
11/03/2017,SIG,PR,ASO,ES,Federal Contract Tower,0,3,14,0,17,0,18,141,72,231,0,21,155,72,248,104,4,108,356
11/04/2017,SIG,PR,ASO,ES,Federal Contract Tower,0,0,1,1,2,0,11,93,47,151,0,11,94,48,153,66,0,66,219
11/05/2017,SIG,PR,ASO,ES,Federal Contract Tower,0,0,13,0,13,0,4,53,15,72,0,4,66,15,85,16,0,16,101
11/06/2017,SIG,PR,ASO,ES,Federal Contract Tower,0,0,17,1,18,0,14,111,29,154,0,14,128,30,172,100,2,102,274
11/07/2017,SIG,PR,ASO,ES,Federal Contract Tower,0,0,12,0,12,0,8,86,21,115,0,8,98,21,127,30,18,48,175
11/08/2017,SIG,PR,ASO,ES,Federal Contract Tower,0,0,11,1,12,0,8,90,20,118,0,8,101,21,130,82,4,86,216
11/09/2017,SIG,PR,ASO,ES,Federal Contract Tower,0,0,12,0,12,0,14,145,29,188,0,14,157,29,200,154,0,154,354
11/10/2017,SIG,PR,ASO,ES,Federal Contract Tower,0,3,13,0,16,0,18,138,29,185,0,21,151,29,201,108,0,108,309
11/11/2017,SIG,PR,ASO,ES,Federal Contract Tower,0,0,7,0,7,0,16,134,25,175,0,16,141,25,182,102,0,102,284
11/12/2017,SIG,PR,ASO,ES,Federal Contract Tower,0,0,8,0,8,0,0,81,14,95,0,0,89,14,103,50,0,50,153
11/13/2017,SIG,PR,ASO,ES,Federal Contract Tower,0,0,24,0,24,0,5,118,18,141,0,5,142,18,165,118,0,118,283
11/14/2017,SIG,PR,ASO,ES,Federal Contract Tower,0,1,11,3,15,0,10,94,23,127,0,11,105,26,142,96,0,96,238
11/15/2017,SIG,PR,ASO,ES,Federal Contract Tower,0,0,17,0,17,0,14,114,14,142,0,14,131,14,159,64,0,64,223
11/16/2017,SIG,PR,ASO,ES,Federal Contract Tower,0,1,25,1,27,0,39,144,10,193,0,40,169,11,220,148,0,148,368
11/17/2017,SIG,PR,ASO,ES,Federal Contract Tower,0,2,16,0,18,0,8,104,2,114,0,10,120,2,132,92,0,92,224
11/18/2017,SIG,PR,ASO,ES,Federal Contract Tower,0,0,11,0,11,0,8,53,5,66,0,8,64,5,77,54,0,54,131
11/19/2017,SIG,PR,ASO,ES,Federal Contract Tower,0,0,7,0,7,0,3,17,0,20,0,3,24,0,27,18,0,18,45
11/20/2017,SIG,PR,ASO,ES,Federal Contract Tower,0,0,9,0,9,0,6,114,0,120,0,6,123,0,129,82,0,82,211
11/21/2017,SIG,PR,ASO,ES,Federal Contract Tower,0,1,13,0,14,0,8,70,14,92,0,9,83,14,106,162,0,162,268
11/22/2017,SIG,PR,ASO,ES,Federal Contract Tower,0,0,17,2,19,0,9,127,5,141,0,9,144,7,160,104,0,104,264
11/23/2017,SIG,PR,ASO,ES,Federal Contract Tower,0,0,8,0,8,0,0,52,0,52,0,0,60,0,60,52,0,52,112
11/24/2017,SIG,PR,ASO,ES,Federal Contract Tower,0,0,6,0,6,0,10,77,0,87,0,10,83,0,93,102,0,102,195
11/25/2017,SIG,PR,ASO,ES,Federal Contract Tower,0,0,5,0,5,0,0,71,0,71,0,0,76,0,76,56,0,56,132
11/26/2017,SIG,PR,ASO,ES,Federal Contract Tower,0,0,21,0,21,0,0,47,0,47,0,0,68,0,68,28,0,28,96
11/27/2017,SIG,PR,ASO,ES,Federal Contract Tower,0,1,11,1,13,0,16,83,1,100,0,17,94,2,113,122,0,122,235
11/28/2017,SIG,PR,ASO,ES,Federal Contract Tower,0,0,10,1,11,0,8,101,0,109,0,8,111,1,120,86,0,86,206
11/29/2017,SIG,PR,ASO,ES,Federal Contract Tower,0,0,9,1,10,0,13,95,4,112,0,13,104,5,122,82,0,82,204
11/30/2017,SIG,PR,ASO,ES,Federal Contract Tower,0,0,9,0,9,0,14,86,2,102,0,14,95,2,111,94,0,94,205
12/01/2017,SIG,PR,ASO,ES,Federal Contract Tower,0,0,6,0,6,0,15,129,3,147,0,15,135,3,153,150,0,150,303
12/02/2017,SIG,PR,ASO,ES,Federal Contract Tower,0,0,8,0,8,0,0,77,15,92,0,0,85,15,100,68,0,68,168
12/03/2017,SIG,PR,ASO,ES,Federal Contract Tower,0,0,4,0,4,0,0,78,0,78,0,0,82,0,82,38,0,38,120
12/04/2017,SIG,PR,ASO,ES,Federal Contract Tower,0,0,11,0,11,0,8,110,2,120,0,8,121,2,131,134,0,134,265
12/05/2017,SIG,PR,ASO,ES,Federal Contract Tower,0,0,6,0,6,0,16,123,8,147,0,16,129,8,153,78,0,78,231
12/06/2017,SIG,PR,ASO,ES,Federal Contract Tower,0,0,13,0,13,0,15,91,4,110,0,15,104,4,123,80,0,80,203
12/07/2017,SIG,PR,ASO,ES,Federal Contract Tower,0,0,6,0,6,0,30,113,4,147,0,30,119,4,153,166,0,166,319
12/08/2017,SIG,PR,ASO,ES,Federal Contract Tower,0,0,9,0,9,0,28,136,10,174,0,28,145,10,183,158,0,158,341
12/09/2017,SIG,PR,ASO,ES,Federal Contract Tower,0,0,9,0,9,0,10,108,0,118,0,10,117,0,127,158,0,158,285
12/10/2017,SIG,PR,ASO,ES,Federal Contract Tower,0,0,9,0,9,0,0,73,0,73,0,0,82,0,82,34,0,34,116
12/11/2017,SIG,PR,ASO,ES,Federal Contract Tower,0,0,17,0,17,0,17,134,5,156,0,17,151,5,173,132,0,132,305
12/12/2017,SIG,PR,ASO,ES,Federal Contract Tower,0,2,11,0,13,0,19,85,9,113,0,21,96,9,126,128,0,128,254
12/13/2017,SIG,PR,ASO,ES,Federal Contract Tower,0,0,5,0,5,0,20,128,1,149,0,20,133,1,154,138,0,138,292
12/14/2017,SIG,PR,ASO,ES,Federal Contract Tower,0,0,23,1,24,0,23,120,9,152,0,23,143,10,176,164,0,164,340
12/15/2017,SIG,PR,ASO,ES,Federal Contract Tower,0,0,8,0,8,0,33,117,0,150,0,33,125,0,158,186,0,186,344
12/16/2017,SIG,PR,ASO,ES,Federal Contract Tower,0,0,9,0,9,0,4,105,0,109,0,4,114,0,118,112,0,112,230
12/17/2017,SIG,PR,ASO,ES,Federal Contract Tower,0,0,19,0,19,0,16,90,0,106,0,16,109,0,125,56,0,56,181
12/18/2017,SIG,PR,ASO,ES,Federal Contract Tower,0,0,10,0,10,0,9,57,2,68,0,9,67,2,78,34,0,34,112
12/19/2017,SIG,PR,ASO,ES,Federal Contract Tower,0,0,7,0,7,0,14,143,14,171,0,14,150,14,178,100,0,100,278
12/20/2017,SIG,PR,ASO,ES,Federal Contract Tower,0,0,12,0,12,0,19,120,0,139,0,19,132,0,151,184,0,184,335
12/21/2017,SIG,PR,ASO,ES,Federal Contract Tower,0,0,2,0,2,0,25,120,5,150,0,25,122,5,152,162,0,162,314
12/22/2017,SIG,PR,ASO,ES,Federal Contract Tower,0,2,9,0,11,0,15,103,1,119,0,17,112,1,130,156,0,156,286
12/23/2017,SIG,PR,ASO,ES,Federal Contract Tower,0,0,11,0,11,0,15,106,0,121,0,15,117,0,132,52,0,52,184
12/24/2017,SIG,PR,ASO,ES,Federal Contract Tower,0,0,7,0,7,0,2,53,0,55,0,2,60,0,62,0,0,0,62
12/25/2017,SIG,PR,ASO,ES,Federal Contract Tower,0,0,1,0,1,0,8,24,0,32,0,8,25,0,33,4,0,4,37
12/26/2017,SIG,PR,ASO,ES,Federal Contract Tower,0,1,16,0,17,0,17,94,3,114,0,18,110,3,131,44,0,44,175
12/27/2017,SIG,PR,ASO,ES,Federal Contract Tower,0,1,2,0,3,0,14,111,2,127,0,15,113,2,130,72,0,72,202
12/28/2017,SIG,PR,ASO,ES,Federal Contract Tower,0,0,11,0,11,0,29,131,0,160,0,29,142,0,171,136,0,136,307
12/29/2017,SIG,PR,ASO,ES,Federal Contract Tower,0,0,7,0,7,0,36,137,0,173,0,36,144,0,180,156,0,156,336
12/30/2017,SIG,PR,ASO,ES,Federal Contract Tower,0,0,9,0,9,0,19,128,0,147,0,19,137,0,156,92,0,92,248
12/31/2017,SIG,PR,ASO,ES,Federal Contract Tower,0,0,2,0,2,0,2,67,0,69,0,2,69,0,71,48,0,48,119
01/01/2018,SIG,PR,ASO,ES,Federal Contract Tower,0,0,6,0,6,0,10,33,0,43,0,10,39,0,49,2,0,2,51
01/02/2018,SIG,PR,ASO,ES,Federal Contract Tower,0,0,8,0,8,0,28,117,0,145,0,28,125,0,153,116,0,116,269
01/03/2018,SIG,PR,ASO,ES,Federal Contract Tower,0,0,10,0,10,0,23,90,0,113,0,23,100,0,123,8,0,8,131
01/04/2018,SIG,PR,ASO,ES,Federal Contract Tower,0,0,0,0,0,0,27,122,0,149,0,27,122,0,149,96,0,96,245
01/05/2018,SIG,PR,ASO,ES,Federal Contract Tower,0,1,7,0,8,0,37,168,5,210,0,38,175,5,218,172,0,172,390
01/06/2018,SIG,PR,ASO,ES,Federal Contract Tower,0,0,11,0,11,0,5,64,0,69,0,5,75,0,80,14,0,14,94
01/07/2018,SIG,PR,ASO,ES,Federal Contract Tower,0,0,20,0,20,0,20,77,0,97,0,20,97,0,117,10,0,10,127
01/08/2018,SIG,PR,ASO,ES,Federal Contract Tower,0,0,12,0,12,0,15,121,0,136,0,15,133,0,148,122,0,122,270
01/09/2018,SIG,PR,ASO,ES,Federal Contract Tower,0,1,6,0,7,0,10,114,6,130,0,11,120,6,137,114,0,114,251
01/10/2018,SIG,PR,ASO,ES,Federal Contract Tower,0,0,7,1,8,0,12,109,2,123,0,12,116,3,131,60,0,60,191
01/11/2018,SIG,PR,ASO,ES,Federal Contract Tower,0,0,9,0,9,0,26,123,4,153,0,26,132,4,162,138,0,138,300
01/12/2018,SIG,PR,ASO,ES,Federal Contract Tower,0,1,18,1,20,0,28,137,1,166,0,29,155,2,186,216,0,216,402
01/13/2018,SIG,PR,ASO,ES,Federal Contract Tower,0,0,3,1,4,0,10,83,0,93,0,10,86,1,97,40,0,40,137
01/14/2018,SIG,PR,ASO,ES,Federal Contract Tower,0,0,13,0,13,0,4,34,0,38,0,4,47,0,51,16,0,16,67
01/15/2018,SIG,PR,ASO,ES,Federal Contract Tower,0,0,11,0,11,0,19,80,0,99,0,19,91,0,110,104,0,104,214
01/16/2018,SIG,PR,ASO,ES,Federal Contract Tower,0,0,7,0,7,0,13,76,9,98,0,13,83,9,105,92,0,92,197
01/17/2018,SIG,PR,ASO,ES,Federal Contract Tower,0,0,13,0,13,0,26,92,16,134,0,26,105,16,147,76,0,76,223
01/18/2018,SIG,PR,ASO,ES,Federal Contract Tower,0,0,17,0,17,0,13,113,4,130,0,13,130,4,147,144,0,144,291
01/19/2018,SIG,PR,ASO,ES,Federal Contract Tower,0,0,4,0,4,0,14,127,3,144,0,14,131,3,148,156,0,156,304
01/20/2018,SIG,PR,ASO,ES,Federal Contract Tower,0,0,2,0,2,0,8,128,1,137,0,8,130,1,139,206,0,206,345
01/21/2018,SIG,PR,ASO,ES,Federal Contract Tower,0,0,7,0,7,0,4,272,7,283,0,4,279,7,290,26,0,26,316
01/22/2018,SIG,PR,ASO,ES,Federal Contract Tower,0,0,13,0,13,0,21,104,3,128,0,21,117,3,141,234,0,234,375
01/23/2018,SIG,PR,ASO,ES,Federal Contract Tower,0,0,9,1,10,0,11,92,4,107,0,11,101,5,117,82,0,82,199
01/24/2018,SIG,PR,ASO,ES,Federal Contract Tower,0,2,12,0,14,0,13,111,3,127,0,15,123,3,141,152,0,152,293
01/25/2018,SIG,PR,ASO,ES,Federal Contract Tower,0,0,12,2,14,0,16,117,4,137,0,16,129,6,151,110,0,110,261
01/26/2018,SIG,PR,ASO,ES,Federal Contract Tower,0,0,16,1,17,0,23,105,1,129,0,23,121,2,146,84,0,84,230
01/27/2018,SIG,PR,ASO,ES,Federal Contract Tower,0,0,3,0,3,0,0,62,0,62,0,0,65,0,65,44,0,44,109
01/28/2018,SIG,PR,ASO,ES,Federal Contract Tower,0,0,7,0,7,0,5,80,0,85,0,5,87,0,92,36,0,36,128
01/29/2018,SIG,PR,ASO,ES,Federal Contract Tower,0,0,11,0,11,0,29,62,0,91,0,29,73,0,102,40,0,40,142
01/30/2018,SIG,PR,ASO,ES,Federal Contract Tower,0,0,7,0,7,0,25,121,8,154,0,25,128,8,161,152,0,152,313
01/31/2018,SIG,PR,ASO,ES,Federal Contract Tower,0,0,7,0,7,0,22,108,4,134,0,22,115,4,141,124,0,124,265
02/01/2018,SIG,PR,ASO,ES,Federal Contract Tower,0,0,16,0,16,0,36,158,6,200,0,36,174,6,216,184,0,184,400
02/02/2018,SIG,PR,ASO,ES,Federal Contract Tower,0,0,9,0,9,0,12,100,4,116,0,12,109,4,125,134,0,134,259
02/03/2018,SIG,PR,ASO,ES,Federal Contract Tower,0,0,5,0,5,0,6,116,0,122,0,6,121,0,127,108,0,108,235
02/04/2018,SIG,PR,ASO,ES,Federal Contract Tower,0,0,7,0,7,0,10,60,0,70,0,10,67,0,77,22,0,22,99
02/05/2018,SIG,PR,ASO,ES,Federal Contract Tower,0,0,8,0,8,0,15,96,4,115,0,15,104,4,123,60,0,60,183
02/06/2018,SIG,PR,ASO,ES,Federal Contract Tower,0,0,7,1,8,0,15,104,0,119,0,15,111,1,127,122,0,122,249
02/07/2018,SIG,PR,ASO,ES,Federal Contract Tower,0,0,9,0,9,0,19,101,8,128,0,19,110,8,137,114,0,114,251
02/08/2018,SIG,PR,ASO,ES,Federal Contract Tower,0,0,11,0,11,0,15,116,3,134,0,15,127,3,145,166,0,166,311
02/09/2018,SIG,PR,ASO,ES,Federal Contract Tower,0,1,22,0,23,0,26,107,5,138,0,27,129,5,161,98,0,98,259
02/10/2018,SIG,PR,ASO,ES,Federal Contract Tower,0,0,9,0,9,0,9,146,2,157,0,9,155,2,166,46,0,46,212
02/11/2018,SIG,PR,ASO,ES,Federal Contract Tower,0,1,16,0,17,0,15,82,0,97,0,16,98,0,114,8,0,8,122
02/12/2018,SIG,PR,ASO,ES,Federal Contract Tower,0,0,9,0,9,0,19,51,6,76,0,19,60,6,85,0,0,0,85
02/13/2018,SIG,PR,ASO,ES,Federal Contract Tower,0,0,3,0,3,0,10,59,13,82,0,10,62,13,85,88,2,90,175
02/14/2018,SIG,PR,ASO,ES,Federal Contract Tower,0,0,11,0,11,0,17,121,11,149,0,17,132,11,160,72,2,74,234
02/15/2018,SIG,PR,ASO,ES,Federal Contract Tower,0,0,10,0,10,0,21,120,8,149,0,21,130,8,159,94,0,94,253
02/16/2018,SIG,PR,ASO,ES,Federal Contract Tower,0,1,16,0,17,0,16,99,1,116,0,17,115,1,133,72,0,72,205
02/17/2018,SIG,PR,ASO,ES,Federal Contract Tower,0,0,3,0,3,0,16,101,0,117,0,16,104,0,120,74,0,74,194
02/18/2018,SIG,PR,ASO,ES,Federal Contract Tower,0,0,6,0,6,0,25,109,0,134,0,25,115,0,140,92,0,92,232
02/19/2018,SIG,PR,ASO,ES,Federal Contract Tower,0,0,10,0,10,0,23,74,0,97,0,23,84,0,107,26,0,26,133
02/20/2018,SIG,PR,ASO,ES,Federal Contract Tower,0,1,10,1,12,0,23,97,10,130,0,24,107,11,142,62,0,62,204
02/21/2018,SIG,PR,ASO,ES,Federal Contract Tower,0,0,14,1,15,0,23,103,2,128,0,23,117,3,143,8,0,8,151
02/22/2018,SIG,PR,ASO,ES,Federal Contract Tower,0,0,6,1,7,0,19,125,4,148,0,19,131,5,155,48,0,48,203
02/23/2018,SIG,PR,ASO,ES,Federal Contract Tower,0,0,17,1,18,0,23,93,1,117,0,23,110,2,135,62,0,62,197
02/24/2018,SIG,PR,ASO,ES,Federal Contract Tower,0,1,10,0,11,0,18,87,13,118,0,19,97,13,129,54,12,66,195
02/25/2018,SIG,PR,ASO,ES,Federal Contract Tower,0,0,12,0,12,0,13,104,7,124,0,13,116,7,136,74,0,74,210
02/26/2018,SIG,PR,ASO,ES,Federal Contract Tower,0,1,19,0,20,0,18,91,0,109,0,19,110,0,129,58,0,58,187
02/27/2018,SIG,PR,ASO,ES,Federal Contract Tower,0,0,18,0,18,0,21,116,8,145,0,21,134,8,163,110,0,110,273
02/28/2018,SIG,PR,ASO,ES,Federal Contract Tower,0,0,12,2,14,0,19,89,12,120,0,19,101,14,134,56,0,56,190
03/01/2018,SIG,PR,ASO,ES,Federal Contract Tower,0,0,12,1,13,0,41,134,2,177,0,41,146,3,190,128,0,128,318
03/02/2018,SIG,PR,ASO,ES,Federal Contract Tower,0,0,9,1,10,0,25,127,4,156,0,25,136,5,166,162,0,162,328
03/03/2018,SIG,PR,ASO,ES,Federal Contract Tower,0,0,6,0,6,0,12,120,2,134,0,12,126,2,140,140,0,140,280
03/04/2018,SIG,PR,ASO,ES,Federal Contract Tower,0,0,7,0,7,0,13,49,0,62,0,13,56,0,69,78,0,78,147
03/05/2018,SIG,PR,ASO,ES,Federal Contract Tower,0,0,8,0,8,0,24,87,6,117,0,24,95,6,125,144,0,144,269
03/06/2018,SIG,PR,ASO,ES,Federal Contract Tower,0,0,9,0,9,0,25,91,17,133,0,25,100,17,142,144,0,144,286
03/07/2018,SIG,PR,ASO,ES,Federal Contract Tower,0,0,6,0,6,0,25,147,13,185,0,25,153,13,191,154,0,154,345
03/08/2018,SIG,PR,ASO,ES,Federal Contract Tower,0,0,13,3,16,0,31,112,3,146,0,31,125,6,162,88,0,88,250
03/09/2018,SIG,PR,ASO,ES,Federal Contract Tower,0,2,13,0,15,0,39,144,6,189,0,41,157,6,204,212,0,212,416
03/10/2018,SIG,PR,ASO,ES,Federal Contract Tower,0,0,7,1,8,0,13,112,0,125,0,13,119,1,133,158,0,158,291
03/11/2018,SIG,PR,ASO,ES,Federal Contract Tower,0,0,11,0,11,0,14,108,0,122,0,14,119,0,133,78,0,78,211
03/12/2018,SIG,PR,ASO,ES,Federal Contract Tower,0,1,13,0,14,0,18,119,4,141,0,19,132,4,155,74,0,74,229
03/13/2018,SIG,PR,ASO,ES,Federal Contract Tower,0,0,15,0,15,0,21,84,5,110,0,21,99,5,125,42,0,42,167
03/14/2018,SIG,PR,ASO,ES,Federal Contract Tower,0,0,17,0,17,0,26,109,2,137,0,26,126,2,154,78,0,78,232
03/15/2018,SIG,PR,ASO,ES,Federal Contract Tower,0,0,12,0,12,0,22,117,6,145,0,22,129,6,157,108,0,108,265
03/16/2018,SIG,PR,ASO,ES,Federal Contract Tower,0,2,11,1,14,0,22,124,4,150,0,24,135,5,164,116,0,116,280
03/17/2018,SIG,PR,ASO,ES,Federal Contract Tower,0,0,14,0,14,0,13,117,0,130,0,13,131,0,144,96,0,96,240
03/18/2018,SIG,PR,ASO,ES,Federal Contract Tower,0,0,7,0,7,0,10,136,0,146,0,10,143,0,153,90,0,90,243
03/19/2018,SIG,PR,ASO,ES,Federal Contract Tower,0,1,13,0,14,0,29,141,7,177,0,30,154,7,191,214,0,214,405
03/20/2018,SIG,PR,ASO,ES,Federal Contract Tower,0,2,9,0,11,0,17,118,8,143,0,19,127,8,154,158,2,160,314
03/21/2018,SIG,PR,ASO,ES,Federal Contract Tower,0,0,13,1,14,0,28,144,5,177,0,28,157,6,191,180,0,180,371
03/22/2018,SIG,PR,ASO,ES,Federal Contract Tower,0,1,10,0,11,0,26,146,5,177,0,27,156,5,188,174,0,174,362
03/23/2018,SIG,PR,ASO,ES,Federal Contract Tower,0,0,15,0,15,0,38,129,4,171,0,38,144,4,186,198,0,198,384
03/24/2018,SIG,PR,ASO,ES,Federal Contract Tower,0,0,11,0,11,0,15,94,0,109,0,15,105,0,120,92,0,92,212
03/25/2018,SIG,PR,ASO,ES,Federal Contract Tower,0,4,6,0,10,0,11,36,0,47,0,15,42,0,57,14,0,14,71
03/26/2018,SIG,PR,ASO,ES,Federal Contract Tower,0,0,7,0,7,0,27,125,6,158,0,27,132,6,165,202,0,202,367
03/27/2018,SIG,PR,ASO,ES,Federal Contract Tower,0,0,14,0,14,0,25,105,9,139,0,25,119,9,153,122,0,122,275
03/28/2018,SIG,PR,ASO,ES,Federal Contract Tower,0,1,12,1,14,0,30,110,4,144,0,31,122,5,158,50,0,50,208
03/29/2018,SIG,PR,ASO,ES,Federal Contract Tower,0,0,9,1,10,0,43,103,32,178,0,43,112,33,188,32,0,32,220
03/30/2018,SIG,PR,ASO,ES,Federal Contract Tower,0,1,11,0,12,0,30,51,0,81,0,31,62,0,93,6,0,6,99
03/31/2018,SIG,PR,ASO,ES,Federal Contract Tower,0,0,4,0,4,0,9,109,0,118,0,9,113,0,122,126,0,126,248
04/01/2018,SIG,PR,ASO,ES,Federal Contract Tower,0,0,20,1,21,0,26,79,2,107,0,26,99,3,128,50,0,50,178
04/02/2018,SIG,PR,ASO,ES,Federal Contract Tower,0,0,18,1,19,0,26,124,11,161,0,26,142,12,180,150,0,150,330
04/03/2018,SIG,PR,ASO,ES,Federal Contract Tower,0,2,13,0,15,0,27,102,11,140,0,29,115,11,155,134,0,134,289
04/04/2018,SIG,PR,ASO,ES,Federal Contract Tower,0,0,10,1,11,0,28,85,11,124,0,28,95,12,135,154,12,166,301
04/05/2018,SIG,PR,ASO,ES,Federal Contract Tower,0,0,7,2,9,0,28,138,3,169,0,28,145,5,178,146,0,146,324
04/07/2018,SIG,PR,ASO,ES,Federal Contract Tower,0,0,3,1,4,0,27,119,5,151,0,27,122,6,155,100,8,108,263
04/08/2018,SIG,PR,ASO,ES,Federal Contract Tower,0,0,7,0,7,0,19,103,2,124,0,19,110,2,131,70,0,70,201
04/10/2018,SIG,PR,ASO,ES,Federal Contract Tower,0,0,14,0,14,0,23,68,4,95,0,23,82,4,109,70,0,70,179
04/11/2018,SIG,PR,ASO,ES,Federal Contract Tower,0,0,6,0,6,0,26,142,5,173,0,26,148,5,179,154,0,154,333
04/12/2018,SIG,PR,ASO,ES,Federal Contract Tower,0,0,9,0,9,0,31,106,3,140,0,31,115,3,149,130,0,130,279
04/13/2018,SIG,PR,ASO,ES,Federal Contract Tower,0,0,15,2,17,0,38,125,4,167,0,38,140,6,184,114,0,114,298
04/14/2018,SIG,PR,ASO,ES,Federal Contract Tower,0,0,6,0,6,0,12,84,0,96,0,12,90,0,102,54,0,54,156
04/15/2018,SIG,PR,ASO,ES,Federal Contract Tower,0,0,7,0,7,0,23,123,0,146,0,23,130,0,153,112,0,112,265
04/16/2018,SIG,PR,ASO,ES,Federal Contract Tower,0,0,12,0,12,0,46,96,10,152,0,46,108,10,164,138,0,138,302
04/17/2018,SIG,PR,ASO,ES,Federal Contract Tower,0,0,17,1,18,0,21,98,4,123,0,21,115,5,141,76,0,76,217
04/18/2018,SIG,PR,ASO,ES,Federal Contract Tower,0,0,12,2,14,0,27,121,10,158,0,27,133,12,172,128,0,128,300
04/19/2018,SIG,PR,ASO,ES,Federal Contract Tower,0,0,9,0,9,0,42,132,5,179,0,42,141,5,188,192,0,192,380
04/20/2018,SIG,PR,ASO,ES,Federal Contract Tower,0,0,11,3,14,0,41,136,5,182,0,41,147,8,196,196,0,196,392
04/21/2018,SIG,PR,ASO,ES,Federal Contract Tower,0,0,5,0,5,0,9,73,0,82,0,9,78,0,87,34,0,34,121
04/22/2018,SIG,PR,ASO,ES,Federal Contract Tower,0,0,7,0,7,0,11,76,8,95,0,11,83,8,102,50,0,50,152
04/23/2018,SIG,PR,ASO,ES,Federal Contract Tower,0,0,10,0,10,0,22,88,2,112,0,22,98,2,122,42,0,42,164
04/24/2018,SIG,PR,ASO,ES,Federal Contract Tower,0,0,8,2,10,0,16,114,15,145,0,16,122,17,155,146,0,146,301
04/25/2018,SIG,PR,ASO,ES,Federal Contract Tower,0,0,10,0,10,0,21,120,8,149,0,21,130,8,159,164,0,164,323
04/26/2018,SIG,PR,ASO,ES,Federal Contract Tower,0,0,7,0,7,0,25,91,4,120,0,25,98,4,127,104,8,112,239
04/27/2018,SIG,PR,ASO,ES,Federal Contract Tower,0,0,14,0,14,0,23,110,0,133,0,23,124,0,147,120,0,120,267
04/28/2018,SIG,PR,ASO,ES,Federal Contract Tower,0,0,10,0,10,0,11,115,2,128,0,11,125,2,138,100,0,100,238
04/29/2018,SIG,PR,ASO,ES,Federal Contract Tower,0,0,9,2,11,0,14,90,0,104,0,14,99,2,115,88,0,88,203
04/30/2018,SIG,PR,ASO,ES,Federal Contract Tower,0,0,6,1,7,0,15,93,7,115,0,15,99,8,122,122,0,122,244
05/01/2018,SIG,PR,ASO,ES,Federal Contract Tower,0,0,10,0,10,0,18,89,12,119,0,18,99,12,129,76,0,76,205
05/02/2018,SIG,PR,ASO,ES,Federal Contract Tower,0,0,8,0,8,0,21,157,0,178,0,21,165,0,186,126,0,126,312
05/03/2018,SIG,PR,ASO,ES,Federal Contract Tower,0,0,12,0,12,0,22,63,0,85,0,22,75,0,97,62,0,62,159
05/04/2018,SIG,PR,ASO,ES,Federal Contract Tower,0,1,8,0,9,0,20,69,8,97,0,21,77,8,106,80,8,88,194
05/05/2018,SIG,PR,ASO,ES,Federal Contract Tower,0,0,4,0,4,0,12,111,2,125,0,12,115,2,129,70,8,78,207
05/06/2018,SIG,PR,ASO,ES,Federal Contract Tower,0,0,9,0,9,0,17,79,2,98,0,17,88,2,107,44,0,44,151
05/07/2018,SIG,PR,ASO,ES,Federal Contract Tower,0,0,13,1,14,0,25,96,1,122,0,25,109,2,136,96,0,96,232
05/08/2018,SIG,PR,ASO,ES,Federal Contract Tower,0,0,10,3,13,0,18,108,7,133,0,18,118,10,146,120,2,122,268
05/09/2018,SIG,PR,ASO,ES,Federal Contract Tower,0,0,8,0,8,0,19,114,7,140,0,19,122,7,148,80,8,88,236
05/10/2018,SIG,PR,ASO,ES,Federal Contract Tower,0,0,15,0,15,0,29,125,7,161,0,29,140,7,176,114,0,114,290
05/11/2018,SIG,PR,ASO,ES,Federal Contract Tower,0,0,12,0,12,0,20,86,4,110,0,20,98,4,122,56,16,72,194
05/12/2018,SIG,PR,ASO,ES,Federal Contract Tower,0,0,1,1,2,0,24,109,2,135,0,24,110,3,137,128,4,132,269
05/13/2018,SIG,PR,ASO,ES,Federal Contract Tower,0,0,2,0,2,0,20,91,0,111,0,20,93,0,113,18,0,18,131
05/14/2018,SIG,PR,ASO,ES,Federal Contract Tower,0,2,10,0,12,0,32,111,9,152,0,34,121,9,164,136,0,136,300
05/15/2018,SIG,PR,ASO,ES,Federal Contract Tower,0,0,14,0,14,0,18,95,5,118,0,18,109,5,132,92,0,92,224
05/16/2018,SIG,PR,ASO,ES,Federal Contract Tower,0,0,20,0,20,0,21,112,10,143,0,21,132,10,163,84,4,88,251
05/17/2018,SIG,PR,ASO,ES,Federal Contract Tower,0,0,8,1,9,0,39,151,2,192,0,39,159,3,201,246,0,246,447
05/18/2018,SIG,PR,ASO,ES,Federal Contract Tower,0,0,16,1,17,0,42,147,0,189,0,42,163,1,206,166,0,166,372
05/19/2018,SIG,PR,ASO,ES,Federal Contract Tower,0,0,8,0,8,0,28,106,0,134,0,28,114,0,142,66,0,66,208
05/20/2018,SIG,PR,ASO,ES,Federal Contract Tower,0,0,8,0,8,0,22,104,0,126,0,22,112,0,134,52,0,52,186
05/21/2018,SIG,PR,ASO,ES,Federal Contract Tower,0,0,16,0,16,0,21,75,0,96,0,21,91,0,112,14,0,14,126
05/22/2018,SIG,PR,ASO,ES,Federal Contract Tower,0,0,13,0,13,0,23,77,8,108,0,23,90,8,121,76,0,76,197
05/23/2018,SIG,PR,ASO,ES,Federal Contract Tower,0,0,9,0,9,0,24,135,4,163,0,24,144,4,172,146,0,146,318
05/24/2018,SIG,PR,ASO,ES,Federal Contract Tower,0,0,9,0,9,0,24,118,0,142,0,24,127,0,151,150,0,150,301
05/25/2018,SIG,PR,ASO,ES,Federal Contract Tower,0,0,15,0,15,0,30,65,4,99,0,30,80,4,114,68,2,70,184
05/26/2018,SIG,PR,ASO,ES,Federal Contract Tower,0,0,13,0,13,0,30,128,2,160,0,30,141,2,173,132,0,132,305
05/27/2018,SIG,PR,ASO,ES,Federal Contract Tower,0,0,3,0,3,0,24,79,0,103,0,24,82,0,106,30,0,30,136
05/28/2018,SIG,PR,ASO,ES,Federal Contract Tower,0,0,23,0,23,0,27,87,7,121,0,27,110,7,144,50,4,54,198
05/29/2018,SIG,PR,ASO,ES,Federal Contract Tower,0,0,9,0,9,0,18,84,2,104,0,18,93,2,113,84,0,84,197
05/31/2018,SIG,PR,ASO,ES,Federal Contract Tower,0,0,8,0,8,0,30,106,4,140,0,30,114,4,148,102,4,106,254
06/01/2018,SIG,PR,ASO,ES,Federal Contract Tower,0,0,6,0,6,0,31,129,0,160,0,31,135,0,166,158,0,158,324
06/02/2018,SIG,PR,ASO,ES,Federal Contract Tower,0,1,6,1,8,0,10,102,2,114,0,11,108,3,122,136,0,136,258
06/03/2018,SIG,PR,ASO,ES,Federal Contract Tower,0,0,4,0,4,0,15,121,0,136,0,15,125,0,140,88,0,88,228
06/04/2018,SIG,PR,ASO,ES,Federal Contract Tower,0,0,7,1,8,0,24,96,0,120,0,24,103,1,128,52,0,52,180
06/05/2018,SIG,PR,ASO,ES,Federal Contract Tower,0,2,10,0,12,0,24,93,8,125,0,26,103,8,137,66,0,66,203
06/06/2018,SIG,PR,ASO,ES,Federal Contract Tower,0,0,15,5,20,0,24,143,10,177,0,24,158,15,197,130,0,130,327
06/07/2018,SIG,PR,ASO,ES,Federal Contract Tower,0,0,16,0,16,0,20,142,0,162,0,20,158,0,178,110,0,110,288
06/08/2018,SIG,PR,ASO,ES,Federal Contract Tower,0,0,7,0,7,0,27,130,1,158,0,27,137,1,165,186,0,186,351
06/09/2018,SIG,PR,ASO,ES,Federal Contract Tower,0,0,8,0,8,0,19,105,0,124,0,19,113,0,132,82,0,82,214
06/10/2018,SIG,PR,ASO,ES,Federal Contract Tower,0,0,11,0,11,0,15,103,0,118,0,15,114,0,129,86,0,86,215
06/11/2018,SIG,PR,ASO,ES,Federal Contract Tower,0,0,4,0,4,0,20,77,2,99,0,20,81,2,103,80,0,80,183
06/12/2018,SIG,PR,ASO,ES,Federal Contract Tower,0,0,9,0,9,0,25,90,11,126,0,25,99,11,135,104,4,108,243
06/13/2018,SIG,PR,ASO,ES,Federal Contract Tower,0,0,5,0,5,0,24,94,6,124,0,24,99,6,129,118,2,120,249
06/14/2018,SIG,PR,ASO,ES,Federal Contract Tower,0,0,15,1,16,0,25,119,10,154,0,25,134,11,170,96,6,102,272
06/15/2018,SIG,PR,ASO,ES,Federal Contract Tower,0,0,6,0,6,0,27,100,6,133,0,27,106,6,139,112,0,112,251
06/16/2018,SIG,PR,ASO,ES,Federal Contract Tower,0,0,9,0,9,0,11,104,0,115,0,11,113,0,124,116,0,116,240
06/17/2018,SIG,PR,ASO,ES,Federal Contract Tower,0,0,10,0,10,0,20,83,0,103,0,20,93,0,113,6,0,6,119
06/18/2018,SIG,PR,ASO,ES,Federal Contract Tower,0,0,12,0,12,0,20,94,2,116,0,20,106,2,128,102,0,102,230
06/19/2018,SIG,PR,ASO,ES,Federal Contract Tower,0,0,8,0,8,0,26,78,9,113,0,26,86,9,121,94,6,100,221
06/20/2018,SIG,PR,ASO,ES,Federal Contract Tower,0,0,9,1,10,0,21,118,8,147,0,21,127,9,157,120,32,152,309
06/21/2018,SIG,PR,ASO,ES,Federal Contract Tower,0,0,16,0,16,0,35,107,0,142,0,35,123,0,158,64,0,64,222
06/22/2018,SIG,PR,ASO,ES,Federal Contract Tower,0,0,21,1,22,0,22,105,0,127,0,22,126,1,149,94,0,94,243
06/23/2018,SIG,PR,ASO,ES,Federal Contract Tower,0,0,7,0,7,0,2,9,0,11,0,2,16,0,18,6,0,6,24
06/24/2018,SIG,PR,ASO,ES,Federal Contract Tower,0,0,9,0,9,0,23,86,2,111,0,23,95,2,120,74,0,74,194
06/25/2018,SIG,PR,ASO,ES,Federal Contract Tower,0,0,15,1,16,0,29,102,4,135,0,29,117,5,151,118,8,126,277
06/26/2018,SIG,PR,ASO,ES,Federal Contract Tower,0,2,12,2,16,0,24,118,6,148,0,26,130,8,164,164,0,164,328
06/27/2018,SIG,PR,ASO,ES,Federal Contract Tower,0,0,12,0,12,0,25,137,11,173,0,25,149,11,185,120,0,120,305
06/28/2018,SIG,PR,ASO,ES,Federal Contract Tower,0,2,9,0,11,0,26,110,9,145,0,28,119,9,156,114,0,114,270
06/29/2018,SIG,PR,ASO,ES,Federal Contract Tower,0,0,13,2,15,0,23,91,2,116,0,23,104,4,131,96,0,96,227
06/30/2018,SIG,PR,ASO,ES,Federal Contract Tower,0,2,7,2,11,0,19,107,1,127,0,21,114,3,138,82,0,82,220
07/01/2018,SIG,PR,ASO,ES,Federal Contract Tower,0,0,6,0,6,0,16,90,0,106,0,16,96,0,112,38,0,38,150
07/02/2018,SIG,PR,ASO,ES,Federal Contract Tower,0,0,2,0,2,0,28,112,3,143,0,28,114,3,145,144,0,144,289
07/03/2018,SIG,PR,ASO,ES,Federal Contract Tower,0,0,4,0,4,0,29,90,4,123,0,29,94,4,127,114,0,114,241
07/04/2018,SIG,PR,ASO,ES,Federal Contract Tower,0,0,6,0,6,0,25,89,2,116,0,25,95,2,122,56,0,56,178
07/05/2018,SIG,PR,ASO,ES,Federal Contract Tower,0,0,5,0,5,0,35,144,10,189,0,35,149,10,194,206,0,206,400
07/06/2018,SIG,PR,ASO,ES,Federal Contract Tower,0,0,12,0,12,0,29,115,2,146,0,29,127,2,158,144,0,144,302
07/07/2018,SIG,PR,ASO,ES,Federal Contract Tower,0,0,2,0,2,0,16,85,23,124,0,16,87,23,126,52,6,58,184
07/08/2018,SIG,PR,ASO,ES,Federal Contract Tower,0,0,12,0,12,0,25,97,0,122,0,25,109,0,134,86,0,86,220
07/10/2018,SIG,PR,ASO,ES,Federal Contract Tower,0,0,6,0,6,0,25,84,2,111,0,25,90,2,117,114,0,114,231
07/11/2018,SIG,PR,ASO,ES,Federal Contract Tower,0,0,5,2,7,0,33,125,2,160,0,33,130,4,167,124,0,124,291
07/12/2018,SIG,PR,ASO,ES,Federal Contract Tower,0,0,9,0,9,0,33,136,0,169,0,33,145,0,178,116,0,116,294
07/13/2018,SIG,PR,ASO,ES,Federal Contract Tower,0,0,7,0,7,0,28,111,1,140,0,28,118,1,147,90,0,90,237
07/14/2018,SIG,PR,ASO,ES,Federal Contract Tower,0,0,1,0,1,0,11,79,5,95,0,11,80,5,96,32,0,32,128
07/15/2018,SIG,PR,ASO,ES,Federal Contract Tower,0,0,4,0,4,0,19,94,0,113,0,19,98,0,117,24,0,24,141
07/16/2018,SIG,PR,ASO,ES,Federal Contract Tower,0,0,14,0,14,0,35,115,4,154,0,35,129,4,168,202,0,202,370
07/17/2018,SIG,PR,ASO,ES,Federal Contract Tower,0,0,6,0,6,0,26,94,13,133,0,26,100,13,139,148,0,148,287
07/18/2018,SIG,PR,ASO,ES,Federal Contract Tower,0,0,5,2,7,0,30,130,4,164,0,30,135,6,171,152,6,158,329
07/19/2018,SIG,PR,ASO,ES,Federal Contract Tower,0,0,14,0,14,0,35,129,4,168,0,35,143,4,182,130,0,130,312
07/20/2018,SIG,PR,ASO,ES,Federal Contract Tower,0,0,9,1,10,0,39,156,4,199,0,39,165,5,209,160,0,160,369
07/21/2018,SIG,PR,ASO,ES,Federal Contract Tower,0,3,6,0,9,0,33,108,1,142,0,36,114,1,151,110,0,110,261
07/22/2018,SIG,PR,ASO,ES,Federal Contract Tower,0,0,4,1,5,0,13,84,0,97,0,13,88,1,102,78,0,78,180
07/23/2018,SIG,PR,ASO,ES,Federal Contract Tower,0,0,7,0,7,0,21,97,3,121,0,21,104,3,128,98,0,98,226
07/24/2018,SIG,PR,ASO,ES,Federal Contract Tower,0,0,9,1,10,0,32,110,8,150,0,32,119,9,160,104,0,104,264
07/26/2018,SIG,PR,ASO,ES,Federal Contract Tower,0,0,6,0,6,0,26,73,2,101,0,26,79,2,107,52,0,52,159
07/27/2018,SIG,PR,ASO,ES,Federal Contract Tower,0,0,7,1,8,0,28,116,3,147,0,28,123,4,155,134,0,134,289
07/28/2018,SIG,PR,ASO,ES,Federal Contract Tower,0,0,5,0,5,0,20,94,3,117,0,20,99,3,122,56,0,56,178
07/29/2018,SIG,PR,ASO,ES,Federal Contract Tower,0,0,8,0,8,0,24,114,2,140,0,24,122,2,148,72,0,72,220
07/30/2018,SIG,PR,ASO,ES,Federal Contract Tower,0,0,13,0,13,0,31,134,5,170,0,31,147,5,183,124,0,124,307
07/31/2018,SIG,PR,ASO,ES,Federal Contract Tower,0,0,7,0,7,0,21,124,4,149,0,21,131,4,156,126,0,126,282
08/01/2018,SIG,PR,ASO,ES,Federal Contract Tower,0,0,11,0,11,0,20,141,11,172,0,20,152,11,183,124,0,124,307
08/02/2018,SIG,PR,ASO,ES,Federal Contract Tower,0,0,15,0,15,0,42,159,12,213,0,42,174,12,228,236,0,236,464
08/03/2018,SIG,PR,ASO,ES,Federal Contract Tower,0,0,6,2,8,0,38,147,7,192,0,38,153,9,200,206,0,206,406
08/04/2018,SIG,PR,ASO,ES,Federal Contract Tower,0,0,5,0,5,0,15,89,0,104,0,15,94,0,109,40,0,40,149
08/05/2018,SIG,PR,ASO,ES,Federal Contract Tower,0,0,5,0,5,0,22,109,0,131,0,22,114,0,136,18,0,18,154
08/06/2018,SIG,PR,ASO,ES,Federal Contract Tower,0,0,16,0,16,0,34,137,6,177,0,34,153,6,193,156,2,158,351
08/07/2018,SIG,PR,ASO,ES,Federal Contract Tower,0,0,14,1,15,0,25,104,4,133,0,25,118,5,148,100,2,102,250
08/08/2018,SIG,PR,ASO,ES,Federal Contract Tower,0,0,8,0,8,0,29,110,2,141,0,29,118,2,149,82,0,82,231
08/09/2018,SIG,PR,ASO,ES,Federal Contract Tower,0,1,4,0,5,0,35,137,0,172,0,36,141,0,177,156,0,156,333
08/10/2018,SIG,PR,ASO,ES,Federal Contract Tower,0,1,7,2,10,0,40,128,9,177,0,41,135,11,187,114,0,114,301
08/11/2018,SIG,PR,ASO,ES,Federal Contract Tower,0,0,3,0,3,0,11,78,0,89,0,11,81,0,92,108,0,108,200
08/12/2018,SIG,PR,ASO,ES,Federal Contract Tower,0,0,3,0,3,0,18,80,1,99,0,18,83,1,102,90,0,90,192
08/13/2018,SIG,PR,ASO,ES,Federal Contract Tower,0,0,5,1,6,0,31,148,5,184,0,31,153,6,190,204,0,204,394
08/14/2018,SIG,PR,ASO,ES,Federal Contract Tower,0,0,7,0,7,0,24,100,5,129,0,24,107,5,136,148,0,148,284
08/15/2018,SIG,PR,ASO,ES,Federal Contract Tower,0,3,8,0,11,0,18,87,6,111,0,21,95,6,122,110,0,110,232
08/16/2018,SIG,PR,ASO,ES,Federal Contract Tower,1,0,9,0,10,1,36,124,4,165,2,36,133,4,175,134,0,134,309
08/17/2018,SIG,PR,ASO,ES,Federal Contract Tower,0,0,9,0,9,2,26,94,4,126,2,26,103,4,135,118,0,118,253
08/18/2018,SIG,PR,ASO,ES,Federal Contract Tower,0,0,4,0,4,0,20,125,5,150,0,20,129,5,154,114,0,114,268
08/19/2018,SIG,PR,ASO,ES,Federal Contract Tower,0,0,9,0,9,0,13,90,14,117,0,13,99,14,126,14,0,14,140
08/20/2018,SIG,PR,ASO,ES,Federal Contract Tower,0,0,8,1,9,0,34,143,7,184,0,34,151,8,193,168,0,168,361
08/21/2018,SIG,PR,ASO,ES,Federal Contract Tower,0,0,10,0,10,0,21,122,1,144,0,21,132,1,154,154,0,154,308
08/22/2018,SIG,PR,ASO,ES,Federal Contract Tower,0,1,5,1,7,0,25,105,8,138,0,26,110,9,145,170,10,180,325
08/23/2018,SIG,PR,ASO,ES,Federal Contract Tower,0,0,12,1,13,0,25,99,10,134,0,25,111,11,147,4,0,4,151
08/24/2018,SIG,PR,ASO,ES,Federal Contract Tower,0,0,10,0,10,0,36,123,9,168,0,36,133,9,178,0,0,0,178
08/25/2018,SIG,PR,ASO,ES,Federal Contract Tower,0,0,10,0,10,0,16,88,0,104,0,16,98,0,114,68,0,68,182
08/26/2018,SIG,PR,ASO,ES,Federal Contract Tower,0,0,9,0,9,0,20,90,2,112,0,20,99,2,121,76,0,76,197
08/27/2018,SIG,PR,ASO,ES,Federal Contract Tower,0,0,7,1,8,0,29,131,5,165,0,29,138,6,173,118,6,124,297
08/28/2018,SIG,PR,ASO,ES,Federal Contract Tower,0,0,11,2,13,0,24,125,9,158,0,24,136,11,171,152,12,164,335
08/29/2018,SIG,PR,ASO,ES,Federal Contract Tower,0,0,11,0,11,0,26,96,0,122,0,26,107,0,133,160,0,160,293
08/30/2018,SIG,PR,ASO,ES,Federal Contract Tower,0,0,9,0,9,0,18,32,0,50,0,18,41,0,59,0,0,0,59
08/31/2018,SIG,PR,ASO,ES,Federal Contract Tower,0,0,28,0,28,0,39,111,2,152,0,39,139,2,180,130,0,130,310
09/01/2018,SIG,PR,ASO,ES,Federal Contract Tower,0,0,6,0,6,0,23,88,0,111,0,23,94,0,117,74,0,74,191
09/02/2018,SIG,PR,ASO,ES,Federal Contract Tower,0,0,6,0,6,0,24,105,2,131,0,24,111,2,137,102,0,102,239
09/03/2018,SIG,PR,ASO,ES,Federal Contract Tower,0,0,24,0,24,0,50,110,0,160,0,50,134,0,184,20,0,20,204
09/04/2018,SIG,PR,ASO,ES,Federal Contract Tower,0,0,8,0,8,0,23,145,10,178,0,23,153,10,186,152,6,158,344
09/05/2018,SIG,PR,ASO,ES,Federal Contract Tower,0,0,6,1,7,0,22,99,3,124,0,22,105,4,131,120,0,120,251
09/06/2018,SIG,PR,ASO,ES,Federal Contract Tower,0,1,8,0,9,0,36,127,10,173,0,37,135,10,182,120,6,126,308
09/07/2018,SIG,PR,ASO,ES,Federal Contract Tower,0,0,3,0,3,0,37,112,2,151,0,37,115,2,154,160,0,160,314
09/08/2018,SIG,PR,ASO,ES,Federal Contract Tower,0,0,5,0,5,0,16,76,3,95,0,16,81,3,100,62,4,66,166
09/09/2018,SIG,PR,ASO,ES,Federal Contract Tower,0,0,7,0,7,0,27,85,11,123,0,27,92,11,130,44,30,74,204
09/10/2018,SIG,PR,ASO,ES,Federal Contract Tower,0,0,10,0,10,0,24,119,0,143,0,24,129,0,153,186,0,186,339
09/11/2018,SIG,PR,ASO,ES,Federal Contract Tower,0,0,9,0,9,0,31,141,11,183,0,31,150,11,192,166,4,170,362
09/12/2018,SIG,PR,ASO,ES,Federal Contract Tower,0,0,6,0,6,0,22,110,3,135,0,22,116,3,141,100,0,100,241
09/13/2018,SIG,PR,ASO,ES,Federal Contract Tower,0,0,8,0,8,0,18,92,7,117,0,18,100,7,125,82,0,82,207
09/14/2018,SIG,PR,ASO,ES,Federal Contract Tower,0,0,2,0,2,0,9,20,2,31,0,9,22,2,33,20,0,20,53
09/15/2018,SIG,PR,ASO,ES,Federal Contract Tower,0,0,1,1,2,0,6,66,0,72,0,6,67,1,74,82,0,82,156
09/16/2018,SIG,PR,ASO,ES,Federal Contract Tower,0,0,6,0,6,0,16,59,0,75,0,16,65,0,81,20,0,20,101
09/17/2018,SIG,PR,ASO,ES,Federal Contract Tower,0,0,9,0,9,0,19,132,7,158,0,19,141,7,167,128,0,128,295
09/18/2018,SIG,PR,ASO,ES,Federal Contract Tower,0,0,11,0,11,0,19,107,11,137,0,19,118,11,148,104,32,136,284
09/19/2018,SIG,PR,ASO,ES,Federal Contract Tower,0,0,8,2,10,0,26,100,12,138,0,26,108,14,148,64,0,64,212
09/20/2018,SIG,PR,ASO,ES,Federal Contract Tower,1,0,14,1,16,0,36,118,10,164,1,36,132,11,180,112,2,114,294
09/21/2018,SIG,PR,ASO,ES,Federal Contract Tower,0,0,14,0,14,0,33,113,14,160,0,33,127,14,174,94,2,96,270
09/22/2018,SIG,PR,ASO,ES,Federal Contract Tower,0,0,7,0,7,0,17,102,0,119,0,17,109,0,126,80,0,80,206
09/23/2018,SIG,PR,ASO,ES,Federal Contract Tower,0,0,9,0,9,0,23,99,0,122,0,23,108,0,131,70,0,70,201
09/24/2018,SIG,PR,ASO,ES,Federal Contract Tower,0,0,7,0,7,0,22,119,0,141,0,22,126,0,148,130,0,130,278
09/25/2018,SIG,PR,ASO,ES,Federal Contract Tower,0,0,4,0,4,0,30,82,5,117,0,30,86,5,121,100,0,100,221
09/26/2018,SIG,PR,ASO,ES,Federal Contract Tower,0,0,2,0,2,0,20,96,2,118,0,20,98,2,120,78,0,78,198
09/27/2018,SIG,PR,ASO,ES,Federal Contract Tower,0,0,10,2,12,0,25,94,0,119,0,25,104,2,131,134,0,134,265
09/28/2018,SIG,PR,ASO,ES,Federal Contract Tower,0,0,15,0,15,0,43,134,0,177,0,43,149,0,192,146,0,146,338
09/29/2018,SIG,PR,ASO,ES,Federal Contract Tower,0,0,5,0,5,0,15,64,1,80,0,15,69,1,85,68,0,68,153
09/30/2018,SIG,PR,ASO,ES,Federal Contract Tower,0,0,9,0,9,0,13,79,0,92,0,13,88,0,101,72,0,72,173
10/01/2018,SIG,PR,ASO,ES,Federal Contract Tower,0,0,6,0,6,0,24,139,0,163,0,24,145,0,169,152,0,152,321
10/02/2018,SIG,PR,ASO,ES,Federal Contract Tower,0,0,10,0,10,0,24,143,2,169,0,24,153,2,179,194,0,194,373
10/03/2018,SIG,PR,ASO,ES,Federal Contract Tower,0,0,5,1,6,0,25,113,0,138,0,25,118,1,144,98,0,98,242
10/04/2018,SIG,PR,ASO,ES,Federal Contract Tower,0,0,11,0,11,0,36,118,5,159,0,36,129,5,170,72,0,72,242
10/05/2018,SIG,PR,ASO,ES,Federal Contract Tower,0,0,12,1,13,0,31,92,3,126,0,31,104,4,139,108,0,108,247
10/06/2018,SIG,PR,ASO,ES,Federal Contract Tower,0,0,7,0,7,0,12,77,0,89,0,12,84,0,96,104,0,104,200
10/07/2018,SIG,PR,ASO,ES,Federal Contract Tower,0,0,11,0,11,0,12,89,0,101,0,12,100,0,112,106,0,106,218
10/08/2018,SIG,PR,ASO,ES,Federal Contract Tower,0,0,7,0,7,0,34,133,1,168,0,34,140,1,175,90,0,90,265
10/09/2018,SIG,PR,ASO,ES,Federal Contract Tower,0,0,12,0,12,0,22,114,2,138,0,22,126,2,150,132,8,140,290
10/10/2018,SIG,PR,ASO,ES,Federal Contract Tower,0,0,5,0,5,0,18,129,2,149,0,18,134,2,154,100,0,100,254
10/11/2018,SIG,PR,ASO,ES,Federal Contract Tower,0,0,10,0,10,0,20,103,2,125,0,20,113,2,135,84,0,84,219
10/12/2018,SIG,PR,ASO,ES,Federal Contract Tower,0,0,11,0,11,0,29,102,2,133,0,29,113,2,144,94,0,94,238
10/13/2018,SIG,PR,ASO,ES,Federal Contract Tower,0,0,6,0,6,0,22,54,0,76,0,22,60,0,82,38,0,38,120
10/14/2018,SIG,PR,ASO,ES,Federal Contract Tower,0,0,2,0,2,0,13,64,0,77,0,13,66,0,79,16,0,16,95
10/15/2018,SIG,PR,ASO,ES,Federal Contract Tower,0,0,14,0,14,0,30,119,1,150,0,30,133,1,164,88,0,88,252
10/16/2018,SIG,PR,ASO,ES,Federal Contract Tower,0,1,9,1,11,0,23,100,12,135,0,24,109,13,146,78,20,98,244
10/17/2018,SIG,PR,ASO,ES,Federal Contract Tower,0,0,8,1,9,0,26,80,1,107,0,26,88,2,116,70,0,70,186
10/18/2018,SIG,PR,ASO,ES,Federal Contract Tower,0,0,5,1,6,0,29,105,8,142,0,29,110,9,148,106,8,114,262
10/19/2018,SIG,PR,ASO,ES,Federal Contract Tower,0,0,10,0,10,0,20,116,8,144,0,20,126,8,154,116,0,116,270
10/20/2018,SIG,PR,ASO,ES,Federal Contract Tower,0,0,5,0,5,0,13,73,0,86,0,13,78,0,91,18,0,18,109
10/21/2018,SIG,PR,ASO,ES,Federal Contract Tower,0,0,8,0,8,0,12,73,6,91,0,12,81,6,99,24,0,24,123
10/22/2018,SIG,PR,ASO,ES,Federal Contract Tower,0,0,16,0,16,0,28,134,4,166,0,28,150,4,182,158,0,158,340
10/23/2018,SIG,PR,ASO,ES,Federal Contract Tower,0,0,13,0,13,0,29,146,12,187,0,29,159,12,200,164,0,164,364
10/24/2018,SIG,PR,ASO,ES,Federal Contract Tower,0,0,9,0,9,0,27,131,2,160,0,27,140,2,169,146,10,156,325
10/25/2018,SIG,PR,ASO,ES,Federal Contract Tower,0,0,10,0,10,0,30,116,10,156,0,30,126,10,166,128,4,132,298
10/26/2018,SIG,PR,ASO,ES,Federal Contract Tower,0,4,15,0,19,0,31,128,5,164,0,35,143,5,183,162,0,162,345
10/28/2018,SIG,PR,ASO,ES,Federal Contract Tower,0,0,9,0,9,0,22,91,0,113,0,22,100,0,122,70,0,70,192
10/29/2018,SIG,PR,ASO,ES,Federal Contract Tower,0,0,8,0,8,0,34,130,4,168,0,34,138,4,176,156,14,170,346
10/30/2018,SIG,PR,ASO,ES,Federal Contract Tower,1,0,8,0,9,0,21,122,4,147,1,21,130,4,156,178,16,194,350
10/31/2018,SIG,PR,ASO,ES,Federal Contract Tower,0,0,13,0,13,0,19,116,2,137,0,19,129,2,150,124,0,124,274
11/01/2018,SIG,PR,ASO,ES,Federal Contract Tower,0,0,12,0,12,0,34,122,2,158,0,34,134,2,170,112,0,112,282
11/02/2018,SIG,PR,ASO,ES,Federal Contract Tower,0,1,13,0,14,0,39,140,7,186,0,40,153,7,200,88,0,88,288
11/03/2018,SIG,PR,ASO,ES,Federal Contract Tower,0,0,11,0,11,0,17,62,2,81,0,17,73,2,92,58,0,58,150
11/04/2018,SIG,PR,ASO,ES,Federal Contract Tower,0,0,12,2,14,0,20,54,2,76,0,20,66,4,90,36,20,56,146
11/05/2018,SIG,PR,ASO,ES,Federal Contract Tower,0,0,21,0,21,0,35,114,3,152,0,35,135,3,173,114,0,114,287
11/06/2018,SIG,PR,ASO,ES,Federal Contract Tower,0,0,6,0,6,0,34,135,4,173,0,34,141,4,179,148,0,148,327
11/07/2018,SIG,PR,ASO,ES,Federal Contract Tower,0,0,12,0,12,0,22,112,11,145,0,22,124,11,157,92,2,94,251
11/08/2018,SIG,PR,ASO,ES,Federal Contract Tower,1,0,13,0,14,0,26,93,0,119,1,26,106,0,133,86,0,86,219
11/09/2018,SIG,PR,ASO,ES,Federal Contract Tower,1,0,19,0,20,0,37,148,3,188,1,37,167,3,208,174,26,200,408
11/10/2018,SIG,PR,ASO,ES,Federal Contract Tower,0,1,17,0,18,0,21,104,0,125,0,22,121,0,143,104,0,104,247
11/11/2018,SIG,PR,ASO,ES,Federal Contract Tower,0,0,28,0,28,0,25,138,0,163,0,25,166,0,191,182,0,182,373
11/12/2018,SIG,PR,ASO,ES,Federal Contract Tower,0,0,19,0,19,0,25,97,0,122,0,25,116,0,141,104,0,104,245
11/13/2018,SIG,PR,ASO,ES,Federal Contract Tower,0,0,6,0,6,0,31,81,5,117,0,31,87,5,123,46,2,48,171
11/14/2018,SIG,PR,ASO,ES,Federal Contract Tower,0,0,14,0,14,0,32,87,6,125,0,32,101,6,139,50,12,62,201
11/15/2018,SIG,PR,ASO,ES,Federal Contract Tower,0,1,11,0,12,0,33,101,1,135,0,34,112,1,147,114,0,114,261
11/16/2018,SIG,PR,ASO,ES,Federal Contract Tower,0,0,14,2,16,0,26,66,7,99,0,26,80,9,115,56,10,66,181
11/17/2018,SIG,PR,ASO,ES,Federal Contract Tower,0,0,13,0,13,0,19,83,0,102,0,19,96,0,115,60,0,60,175
11/18/2018,SIG,PR,ASO,ES,Federal Contract Tower,0,0,12,0,12,0,15,89,0,104,0,15,101,0,116,106,0,106,222
11/19/2018,SIG,PR,ASO,ES,Federal Contract Tower,0,0,6,0,6,0,27,101,0,128,0,27,107,0,134,116,0,116,250
11/20/2018,SIG,PR,ASO,ES,Federal Contract Tower,0,0,14,0,14,0,21,121,4,146,0,21,135,4,160,146,0,146,306
11/21/2018,SIG,PR,ASO,ES,Federal Contract Tower,0,0,13,0,13,0,32,133,6,171,0,32,146,6,184,74,0,74,258
11/22/2018,SIG,PR,ASO,ES,Federal Contract Tower,0,0,4,0,4,0,23,12,0,35,0,23,16,0,39,6,0,6,45
11/23/2018,SIG,PR,ASO,ES,Federal Contract Tower,0,0,4,0,4,0,22,82,0,104,0,22,86,0,108,54,0,54,162
11/24/2018,SIG,PR,ASO,ES,Federal Contract Tower,0,0,4,0,4,0,12,105,0,117,0,12,109,0,121,90,0,90,211
11/25/2018,SIG,PR,ASO,ES,Federal Contract Tower,0,0,20,0,20,0,24,136,0,160,0,24,156,0,180,134,0,134,314
11/26/2018,SIG,PR,ASO,ES,Federal Contract Tower,0,1,12,0,13,0,43,116,0,159,0,44,128,0,172,120,0,120,292
11/27/2018,SIG,PR,ASO,ES,Federal Contract Tower,0,0,10,0,10,0,23,103,2,128,0,23,113,2,138,100,0,100,238
11/28/2018,SIG,PR,ASO,ES,Federal Contract Tower,0,0,11,0,11,0,32,133,4,169,0,32,144,4,180,150,0,150,330
11/30/2018,SIG,PR,ASO,ES,Federal Contract Tower,0,0,12,1,13,0,35,152,1,188,0,35,164,2,201,224,0,224,425
12/01/2018,SIG,PR,ASO,ES,Federal Contract Tower,0,0,6,0,6,0,21,104,3,128,0,21,110,3,134,180,0,180,314
12/02/2018,SIG,PR,ASO,ES,Federal Contract Tower,0,1,11,0,12,0,25,86,0,111,0,26,97,0,123,90,0,90,213
12/03/2018,SIG,PR,ASO,ES,Federal Contract Tower,0,0,17,0,17,0,25,107,0,132,0,25,124,0,149,96,0,96,245
12/04/2018,SIG,PR,ASO,ES,Federal Contract Tower,0,0,8,0,8,0,28,116,8,152,0,28,124,8,160,108,12,120,280
12/05/2018,SIG,PR,ASO,ES,Federal Contract Tower,0,0,11,1,12,0,28,110,0,138,0,28,121,1,150,108,0,108,258
12/06/2018,SIG,PR,ASO,ES,Federal Contract Tower,0,1,12,1,14,0,35,126,3,164,0,36,138,4,178,164,0,164,342
12/07/2018,SIG,PR,ASO,ES,Federal Contract Tower,0,0,16,3,19,0,37,118,4,159,0,37,134,7,178,180,0,180,358
12/08/2018,SIG,PR,ASO,ES,Federal Contract Tower,0,0,7,1,8,0,21,54,5,80,0,21,61,6,88,46,0,46,134
12/09/2018,SIG,PR,ASO,ES,Federal Contract Tower,0,0,10,0,10,0,25,85,0,110,0,25,95,0,120,96,0,96,216
12/10/2018,SIG,PR,ASO,ES,Federal Contract Tower,0,1,8,0,9,0,39,147,0,186,0,40,155,0,195,186,0,186,381
12/11/2018,SIG,PR,ASO,ES,Federal Contract Tower,0,0,13,0,13,0,39,162,2,203,0,39,175,2,216,218,0,218,434
12/12/2018,SIG,PR,ASO,ES,Federal Contract Tower,0,0,17,0,17,0,18,100,2,120,0,18,117,2,137,152,0,152,289
12/13/2018,SIG,PR,ASO,ES,Federal Contract Tower,0,0,13,0,13,0,39,138,0,177,0,39,151,0,190,216,0,216,406
12/14/2018,SIG,PR,ASO,ES,Federal Contract Tower,1,1,12,0,14,0,42,132,44,218,1,43,144,44,232,128,24,152,384
12/15/2018,SIG,PR,ASO,ES,Federal Contract Tower,0,0,9,0,9,0,27,119,6,152,0,27,128,6,161,110,0,110,271
12/16/2018,SIG,PR,ASO,ES,Federal Contract Tower,0,0,7,0,7,0,21,71,0,92,0,21,78,0,99,60,0,60,159
12/17/2018,SIG,PR,ASO,ES,Federal Contract Tower,0,0,10,0,10,0,37,143,9,189,0,37,153,9,199,184,0,184,383
12/18/2018,SIG,PR,ASO,ES,Federal Contract Tower,0,0,8,1,9,0,27,121,6,154,0,27,129,7,163,168,0,168,331
12/19/2018,SIG,PR,ASO,ES,Federal Contract Tower,0,0,13,0,13,0,27,117,11,155,0,27,130,11,168,200,0,200,368
12/20/2018,SIG,PR,ASO,ES,Federal Contract Tower,0,0,9,1,10,0,21,129,6,156,0,21,138,7,166,126,0,126,292
12/21/2018,SIG,PR,ASO,ES,Federal Contract Tower,1,0,6,0,7,0,41,125,0,166,1,41,131,0,173,264,0,264,437
12/22/2018,SIG,PR,ASO,ES,Federal Contract Tower,0,0,4,0,4,0,38,91,1,130,0,38,95,1,134,148,0,148,282
12/23/2018,SIG,PR,ASO,ES,Federal Contract Tower,0,0,15,0,15,0,31,129,0,160,0,31,144,0,175,128,0,128,303
12/24/2018,SIG,PR,ASO,ES,Federal Contract Tower,0,0,4,0,4,0,41,87,0,128,0,41,91,0,132,68,0,68,200
12/25/2018,SIG,PR,ASO,ES,Federal Contract Tower,0,0,4,0,4,0,45,53,4,102,0,45,57,4,106,0,0,0,106
12/26/2018,SIG,PR,ASO,ES,Federal Contract Tower,0,0,16,0,16,0,32,120,0,152,0,32,136,0,168,128,0,128,296
12/27/2018,SIG,PR,ASO,ES,Federal Contract Tower,0,0,18,0,18,0,50,139,0,189,0,50,157,0,207,142,0,142,349
12/28/2018,SIG,PR,ASO,ES,Federal Contract Tower,2,0,19,0,21,0,56,80,0,136,2,56,99,0,157,20,0,20,177
12/29/2018,SIG,PR,ASO,ES,Federal Contract Tower,0,0,9,0,9,0,33,92,0,125,0,33,101,0,134,4,0,4,138
12/30/2018,SIG,PR,ASO,ES,Federal Contract Tower,0,0,7,0,7,0,42,107,0,149,0,42,114,0,156,42,0,42,198
12/31/2018,SIG,PR,ASO,ES,Federal Contract Tower,0,0,5,0,5,0,40,103,2,145,0,40,108,2,150,26,0,26,176
01/01/2019,SIG,PR,ASO,ES,Federal Contract Tower,0,0,3,0,3,0,35,71,0,106,0,35,74,0,109,0,0,0,109
01/02/2019,SIG,PR,ASO,ES,Federal Contract Tower,0,0,20,0,20,0,37,98,0,135,0,37,118,0,155,0,0,0,155
01/03/2019,SIG,PR,ASO,ES,Federal Contract Tower,0,2,10,2,14,0,44,150,2,196,0,46,160,4,210,164,0,164,374
01/04/2019,SIG,PR,ASO,ES,Federal Contract Tower,2,0,15,0,17,0,48,121,4,173,2,48,136,4,190,104,0,104,294
01/05/2019,SIG,PR,ASO,ES,Federal Contract Tower,0,0,3,1,4,0,35,106,0,141,0,35,109,1,145,80,0,80,225
01/06/2019,SIG,PR,ASO,ES,Federal Contract Tower,0,0,10,0,10,0,32,84,0,116,0,32,94,0,126,28,0,28,154
01/07/2019,SIG,PR,ASO,ES,Federal Contract Tower,0,1,10,1,12,0,39,124,2,165,0,40,134,3,177,148,0,148,325
01/08/2019,SIG,PR,ASO,ES,Federal Contract Tower,0,0,10,0,10,0,48,124,10,182,0,48,134,10,192,126,0,126,318
01/09/2019,SIG,PR,ASO,ES,Federal Contract Tower,0,0,9,2,11,0,25,88,2,115,0,25,97,4,126,120,0,120,246
01/10/2019,SIG,PR,ASO,ES,Federal Contract Tower,0,1,9,2,12,0,31,93,2,126,0,32,102,4,138,156,0,156,294
01/11/2019,SIG,PR,ASO,ES,Federal Contract Tower,0,0,7,1,8,0,36,130,5,171,0,36,137,6,179,162,4,166,345
01/12/2019,SIG,PR,ASO,ES,Federal Contract Tower,0,0,11,0,11,0,24,141,0,165,0,24,152,0,176,88,0,88,264
01/13/2019,SIG,PR,ASO,ES,Federal Contract Tower,0,0,14,1,15,0,26,204,0,230,0,26,218,1,245,0,0,0,245
01/14/2019,SIG,PR,ASO,ES,Federal Contract Tower,0,1,10,0,11,0,36,131,1,168,0,37,141,1,179,154,0,154,333
01/15/2019,SIG,PR,ASO,ES,Federal Contract Tower,0,0,8,0,8,0,29,100,28,157,0,29,108,28,165,176,24,200,365
01/16/2019,SIG,PR,ASO,ES,Federal Contract Tower,0,0,12,1,13,0,32,116,6,154,0,32,128,7,167,102,0,102,269
01/17/2019,SIG,PR,ASO,ES,Federal Contract Tower,0,1,10,0,11,0,33,93,6,132,0,34,103,6,143,92,0,92,235
01/18/2019,SIG,PR,ASO,ES,Federal Contract Tower,0,1,22,0,23,0,39,102,6,147,0,40,124,6,170,164,0,164,334
01/19/2019,SIG,PR,ASO,ES,Federal Contract Tower,0,0,14,0,14,0,28,125,1,154,0,28,139,1,168,142,0,142,310
01/20/2019,SIG,PR,ASO,ES,Federal Contract Tower,0,0,12,0,12,0,24,100,0,124,0,24,112,0,136,48,0,48,184
01/21/2019,SIG,PR,ASO,ES,Federal Contract Tower,0,0,9,0,9,0,34,130,0,164,0,34,139,0,173,176,0,176,349
01/22/2019,SIG,PR,ASO,ES,Federal Contract Tower,0,0,15,0,15,0,31,80,2,113,0,31,95,2,128,130,0,130,258
01/23/2019,SIG,PR,ASO,ES,Federal Contract Tower,0,0,4,0,4,0,33,58,1,92,0,33,62,1,96,14,0,14,110
01/24/2019,SIG,PR,ASO,ES,Federal Contract Tower,0,1,0,11,12,0,37,138,8,183,0,38,138,19,195,174,0,174,369
01/25/2019,SIG,PR,ASO,ES,Federal Contract Tower,1,0,14,0,15,0,43,111,2,156,1,43,125,2,171,52,0,52,223
01/26/2019,SIG,PR,ASO,ES,Federal Contract Tower,0,1,9,0,10,0,30,118,0,148,0,31,127,0,158,158,0,158,316
01/27/2019,SIG,PR,ASO,ES,Federal Contract Tower,0,0,14,0,14,0,26,105,0,131,0,26,119,0,145,76,0,76,221
01/28/2019,SIG,PR,ASO,ES,Federal Contract Tower,0,0,4,2,6,0,34,130,9,173,0,34,134,11,179,110,2,112,291
01/29/2019,SIG,PR,ASO,ES,Federal Contract Tower,0,0,12,0,12,0,33,117,0,150,0,33,129,0,162,172,0,172,334
01/30/2019,SIG,PR,ASO,ES,Federal Contract Tower,0,0,9,0,9,0,25,113,4,142,0,25,122,4,151,138,0,138,289
01/31/2019,SIG,PR,ASO,ES,Federal Contract Tower,0,1,12,0,13,0,34,117,7,158,0,35,129,7,171,166,6,172,343
02/01/2019,SIG,PR,ASO,ES,Federal Contract Tower,0,2,17,0,19,0,42,162,8,212,0,44,179,8,231,210,0,210,441
02/02/2019,SIG,PR,ASO,ES,Federal Contract Tower,0,0,13,0,13,0,39,155,0,194,0,39,168,0,207,264,0,264,471
02/03/2019,SIG,PR,ASO,ES,Federal Contract Tower,0,0,5,0,5,0,33,129,6,168,0,33,134,6,173,94,0,94,267
02/04/2019,SIG,PR,ASO,ES,Federal Contract Tower,0,0,11,0,11,0,40,148,5,193,0,40,159,5,204,172,0,172,376
02/05/2019,SIG,PR,ASO,ES,Federal Contract Tower,0,0,15,0,15,0,36,114,3,153,0,36,129,3,168,140,0,140,308
02/06/2019,SIG,PR,ASO,ES,Federal Contract Tower,0,0,7,0,7,0,29,88,0,117,0,29,95,0,124,114,0,114,238
02/07/2019,SIG,PR,ASO,ES,Federal Contract Tower,1,0,12,2,15,1,42,173,3,219,2,42,185,5,234,266,0,266,500
02/08/2019,SIG,PR,ASO,ES,Federal Contract Tower,1,0,15,0,16,0,36,126,0,162,1,36,141,0,178,190,0,190,368
02/09/2019,SIG,PR,ASO,ES,Federal Contract Tower,0,1,11,0,12,0,32,131,8,171,0,33,142,8,183,212,14,226,409
02/10/2019,SIG,PR,ASO,ES,Federal Contract Tower,0,0,11,0,11,0,25,120,9,154,0,25,131,9,165,132,0,132,297
02/11/2019,SIG,PR,ASO,ES,Federal Contract Tower,0,0,10,0,10,0,34,123,1,158,0,34,133,1,168,132,0,132,300
02/12/2019,SIG,PR,ASO,ES,Federal Contract Tower,0,0,11,4,15,0,38,140,4,182,0,38,151,8,197,146,0,146,343
02/13/2019,SIG,PR,ASO,ES,Federal Contract Tower,0,1,12,0,13,0,29,119,0,148,0,30,131,0,161,140,0,140,301
02/14/2019,SIG,PR,ASO,ES,Federal Contract Tower,0,1,19,0,20,0,30,121,0,151,0,31,140,0,171,96,0,96,267
02/15/2019,SIG,PR,ASO,ES,Federal Contract Tower,0,0,13,0,13,0,41,139,0,180,0,41,152,0,193,126,0,126,319
02/16/2019,SIG,PR,ASO,ES,Federal Contract Tower,0,0,12,0,12,0,26,109,0,135,0,26,121,0,147,104,0,104,251
02/17/2019,SIG,PR,ASO,ES,Federal Contract Tower,0,0,6,0,6,0,30,84,0,114,0,30,90,0,120,46,0,46,166
02/18/2019,SIG,PR,ASO,ES,Federal Contract Tower,0,0,20,0,20,0,38,108,0,146,0,38,128,0,166,60,0,60,226
02/19/2019,SIG,PR,ASO,ES,Federal Contract Tower,0,0,12,0,12,0,39,150,3,192,0,39,162,3,204,180,0,180,384
02/20/2019,SIG,PR,ASO,ES,Federal Contract Tower,0,0,9,1,10,0,30,62,2,94,0,30,71,3,104,54,4,58,162
02/21/2019,SIG,PR,ASO,ES,Federal Contract Tower,0,0,11,1,12,0,30,98,32,160,0,30,109,33,172,82,26,108,280
02/22/2019,SIG,PR,ASO,ES,Federal Contract Tower,0,0,14,0,14,0,38,141,6,185,0,38,155,6,199,174,0,174,373
02/23/2019,SIG,PR,ASO,ES,Federal Contract Tower,0,0,4,0,4,0,30,136,0,166,0,30,140,0,170,130,0,130,300
02/24/2019,SIG,PR,ASO,ES,Federal Contract Tower,0,0,13,0,13,0,32,109,0,141,0,32,122,0,154,128,0,128,282
02/25/2019,SIG,PR,ASO,ES,Federal Contract Tower,0,0,12,0,12,0,30,112,0,142,0,30,124,0,154,138,0,138,292
02/26/2019,SIG,PR,ASO,ES,Federal Contract Tower,0,0,5,0,5,0,32,108,37,177,0,32,113,37,182,128,28,156,338
02/27/2019,SIG,PR,ASO,ES,Federal Contract Tower,0,0,8,0,8,0,35,102,5,142,0,35,110,5,150,72,0,72,222
02/28/2019,SIG,PR,ASO,ES,Federal Contract Tower,0,0,10,0,10,0,18,79,7,104,0,18,89,7,114,82,0,82,196
03/01/2019,SIG,PR,ASO,ES,Federal Contract Tower,0,0,9,0,9,0,38,149,7,194,0,38,158,7,203,194,0,194,397
03/02/2019,SIG,PR,ASO,ES,Federal Contract Tower,0,0,6,0,6,0,28,134,2,164,0,28,140,2,170,88,0,88,258
03/03/2019,SIG,PR,ASO,ES,Federal Contract Tower,0,0,6,0,6,0,30,112,5,147,0,30,118,5,153,52,0,52,205
03/04/2019,SIG,PR,ASO,ES,Federal Contract Tower,0,0,17,0,17,0,40,148,0,188,0,40,165,0,205,190,0,190,395
03/05/2019,SIG,PR,ASO,ES,Federal Contract Tower,0,0,9,0,9,0,34,104,3,141,0,34,113,3,150,98,0,98,248
03/06/2019,SIG,PR,ASO,ES,Federal Contract Tower,0,0,8,0,8,0,30,124,0,154,0,30,132,0,162,174,0,174,336
03/07/2019,SIG,PR,ASO,ES,Federal Contract Tower,0,0,16,0,16,0,46,155,8,209,0,46,171,8,225,242,0,242,467
03/08/2019,SIG,PR,ASO,ES,Federal Contract Tower,0,0,21,0,21,0,32,191,1,224,0,32,212,1,245,238,0,238,483
03/09/2019,SIG,PR,ASO,ES,Federal Contract Tower,0,2,10,0,12,0,36,129,4,169,0,38,139,4,181,204,0,204,385
03/10/2019,SIG,PR,ASO,ES,Federal Contract Tower,0,0,16,0,16,0,27,106,2,135,0,27,122,2,151,50,0,50,201
03/11/2019,SIG,PR,ASO,ES,Federal Contract Tower,0,1,17,0,18,0,36,105,5,146,0,37,122,5,164,130,0,130,294
03/12/2019,SIG,PR,ASO,ES,Federal Contract Tower,0,0,14,1,15,0,28,129,9,166,0,28,143,10,181,178,4,182,363
03/13/2019,SIG,PR,ASO,ES,Federal Contract Tower,0,0,16,1,17,0,24,107,7,138,0,24,123,8,155,146,0,146,301
03/14/2019,SIG,PR,ASO,ES,Federal Contract Tower,0,1,13,1,15,0,35,140,0,175,0,36,153,1,190,152,0,152,342
03/15/2019,SIG,PR,ASO,ES,Federal Contract Tower,0,4,17,0,21,0,32,161,2,195,0,36,178,2,216,228,6,234,450
03/16/2019,SIG,PR,ASO,ES,Federal Contract Tower,0,2,6,0,8,0,30,119,1,150,0,32,125,1,158,118,10,128,286
03/17/2019,SIG,PR,ASO,ES,Federal Contract Tower,0,0,13,0,13,0,32,119,0,151,0,32,132,0,164,146,0,146,310
03/18/2019,SIG,PR,ASO,ES,Federal Contract Tower,0,1,6,0,7,0,34,129,4,167,0,35,135,4,174,188,0,188,362
03/19/2019,SIG,PR,ASO,ES,Federal Contract Tower,0,1,11,2,14,0,31,93,8,132,0,32,104,10,146,88,0,88,234
03/20/2019,SIG,PR,ASO,ES,Federal Contract Tower,0,2,15,0,17,0,31,111,5,147,0,33,126,5,164,128,0,128,292
03/21/2019,SIG,PR,ASO,ES,Federal Contract Tower,0,1,7,2,10,0,43,167,11,221,0,44,174,13,231,290,0,290,521
03/22/2019,SIG,PR,ASO,ES,Federal Contract Tower,0,0,12,0,12,0,41,153,5,199,0,41,165,5,211,234,0,234,445
03/23/2019,SIG,PR,ASO,ES,Federal Contract Tower,0,1,6,0,7,0,29,109,19,157,0,30,115,19,164,88,38,126,290
03/24/2019,SIG,PR,ASO,ES,Federal Contract Tower,0,0,16,0,16,0,27,110,2,139,0,27,126,2,155,48,0,48,203
03/25/2019,SIG,PR,ASO,ES,Federal Contract Tower,0,0,14,0,14,0,36,116,0,152,0,36,130,0,166,158,0,158,324
03/26/2019,SIG,PR,ASO,ES,Federal Contract Tower,0,0,9,2,11,0,35,120,25,180,0,35,129,27,191,160,0,160,351
03/27/2019,SIG,PR,ASO,ES,Federal Contract Tower,0,2,12,0,14,0,27,100,14,141,0,29,112,14,155,130,0,130,285
03/28/2019,SIG,PR,ASO,ES,Federal Contract Tower,2,0,8,0,10,0,36,147,2,185,2,36,155,2,195,202,16,218,413
03/29/2019,SIG,PR,ASO,ES,Federal Contract Tower,1,0,10,0,11,1,38,118,8,165,2,38,128,8,176,134,0,134,310
03/30/2019,SIG,PR,ASO,ES,Federal Contract Tower,0,0,13,0,13,0,34,86,6,126,0,34,99,6,139,52,0,52,191
03/31/2019,SIG,PR,ASO,ES,Federal Contract Tower,0,0,3,0,3,0,28,118,0,146,0,28,121,0,149,78,0,78,227
04/01/2019,SIG,PR,ASO,ES,Federal Contract Tower,0,0,6,0,6,0,32,117,0,149,0,32,123,0,155,110,0,110,265
04/02/2019,SIG,PR,ASO,ES,Federal Contract Tower,0,0,13,0,13,0,23,102,1,126,0,23,115,1,139,120,0,120,259
04/03/2019,SIG,PR,ASO,ES,Federal Contract Tower,0,0,16,0,16,0,25,116,5,146,0,25,132,5,162,96,0,96,258
04/04/2019,SIG,PR,ASO,ES,Federal Contract Tower,0,0,10,0,10,0,28,105,2,135,0,28,115,2,145,94,2,96,241
04/05/2019,SIG,PR,ASO,ES,Federal Contract Tower,0,0,15,0,15,0,30,135,4,169,0,30,150,4,184,156,12,168,352
04/06/2019,SIG,PR,ASO,ES,Federal Contract Tower,0,0,12,0,12,0,22,95,0,117,0,22,107,0,129,74,0,74,203
04/07/2019,SIG,PR,ASO,ES,Federal Contract Tower,0,0,15,0,15,0,25,87,0,112,0,25,102,0,127,42,0,42,169
04/08/2019,SIG,PR,ASO,ES,Federal Contract Tower,0,0,16,0,16,0,39,125,1,165,0,39,141,1,181,262,0,262,443
04/09/2019,SIG,PR,ASO,ES,Federal Contract Tower,0,0,15,0,15,0,34,130,0,164,0,34,145,0,179,194,0,194,373
04/10/2019,SIG,PR,ASO,ES,Federal Contract Tower,0,0,12,0,12,0,24,82,1,107,0,24,94,1,119,140,0,140,259
04/11/2019,SIG,PR,ASO,ES,Federal Contract Tower,0,1,9,0,10,0,31,115,0,146,0,32,124,0,156,140,0,140,296
04/12/2019,SIG,PR,ASO,ES,Federal Contract Tower,0,0,16,0,16,0,36,145,0,181,0,36,161,0,197,236,0,236,433
04/13/2019,SIG,PR,ASO,ES,Federal Contract Tower,0,0,11,0,11,0,22,114,0,136,0,22,125,0,147,82,0,82,229
04/14/2019,SIG,PR,ASO,ES,Federal Contract Tower,0,0,11,0,11,0,29,78,0,107,0,29,89,0,118,86,0,86,204
04/15/2019,SIG,PR,ASO,ES,Federal Contract Tower,0,0,9,0,9,0,29,124,0,153,0,29,133,0,162,182,0,182,344
04/16/2019,SIG,PR,ASO,ES,Federal Contract Tower,0,0,12,1,13,0,30,121,0,151,0,30,133,1,164,142,0,142,306
04/17/2019,SIG,PR,ASO,ES,Federal Contract Tower,0,0,15,1,16,0,34,120,0,154,0,34,135,1,170,128,0,128,298
04/18/2019,SIG,PR,ASO,ES,Federal Contract Tower,0,0,12,0,12,0,38,131,0,169,0,38,143,0,181,124,0,124,305
04/19/2019,SIG,PR,ASO,ES,Federal Contract Tower,0,0,4,0,4,0,38,67,1,106,0,38,71,1,110,0,0,0,110
04/20/2019,SIG,PR,ASO,ES,Federal Contract Tower,0,0,5,0,5,0,32,98,0,130,0,32,103,0,135,24,0,24,159
04/21/2019,SIG,PR,ASO,ES,Federal Contract Tower,0,0,19,0,19,0,33,100,0,133,0,33,119,0,152,38,0,38,190
04/22/2019,SIG,PR,ASO,ES,Federal Contract Tower,0,2,17,0,19,0,39,134,4,177,0,41,151,4,196,182,0,182,378
04/23/2019,SIG,PR,ASO,ES,Federal Contract Tower,0,0,9,0,9,0,29,105,0,134,0,29,114,0,143,172,0,172,315
04/24/2019,SIG,PR,ASO,ES,Federal Contract Tower,0,0,10,0,10,0,26,98,0,124,0,26,108,0,134,132,0,132,266
04/25/2019,SIG,PR,ASO,ES,Federal Contract Tower,0,0,7,0,7,0,40,143,23,206,0,40,150,23,213,270,22,292,505
04/26/2019,SIG,PR,ASO,ES,Federal Contract Tower,0,0,14,3,17,0,38,152,0,190,0,38,166,3,207,182,0,182,389
04/27/2019,SIG,PR,ASO,ES,Federal Contract Tower,0,0,6,1,7,0,25,116,0,141,0,25,122,1,148,148,0,148,296
04/28/2019,SIG,PR,ASO,ES,Federal Contract Tower,0,0,7,2,9,0,16,69,0,85,0,16,76,2,94,22,0,22,116
04/29/2019,SIG,PR,ASO,ES,Federal Contract Tower,0,0,8,0,8,0,28,128,4,160,0,28,136,4,168,194,0,194,362
04/30/2019,SIG,PR,ASO,ES,Federal Contract Tower,0,0,10,0,10,0,29,89,5,123,0,29,99,5,133,122,0,122,255
05/01/2019,SIG,PR,ASO,ES,Federal Contract Tower,0,0,14,0,14,0,23,156,8,187,0,23,170,8,201,268,0,268,469
05/02/2019,SIG,PR,ASO,ES,Federal Contract Tower,0,0,10,0,10,0,39,116,7,162,0,39,126,7,172,98,0,98,270
05/03/2019,SIG,PR,ASO,ES,Federal Contract Tower,0,0,9,1,10,0,23,96,3,122,0,23,105,4,132,184,0,184,316
05/04/2019,SIG,PR,ASO,ES,Federal Contract Tower,0,0,11,2,13,0,33,113,1,147,0,33,124,3,160,144,0,144,304
05/05/2019,SIG,PR,ASO,ES,Federal Contract Tower,0,0,11,0,11,0,22,53,0,75,0,22,64,0,86,82,0,82,168
05/06/2019,SIG,PR,ASO,ES,Federal Contract Tower,0,1,8,2,11,0,28,92,3,123,0,29,100,5,134,114,0,114,248
05/07/2019,SIG,PR,ASO,ES,Federal Contract Tower,0,0,7,3,10,0,28,81,1,110,0,28,88,4,120,114,0,114,234
05/08/2019,SIG,PR,ASO,ES,Federal Contract Tower,0,0,14,1,15,0,23,78,9,110,0,23,92,10,125,106,0,106,231
05/09/2019,SIG,PR,ASO,ES,Federal Contract Tower,0,0,10,2,12,0,32,112,0,144,0,32,122,2,156,138,0,138,294
05/10/2019,SIG,PR,ASO,ES,Federal Contract Tower,0,4,12,2,18,0,32,119,3,154,0,36,131,5,172,168,0,168,340
05/11/2019,SIG,PR,ASO,ES,Federal Contract Tower,0,0,7,0,7,0,20,80,0,100,0,20,87,0,107,86,0,86,193
05/12/2019,SIG,PR,ASO,ES,Federal Contract Tower,0,0,3,0,3,0,26,65,0,91,0,26,68,0,94,0,0,0,94
05/13/2019,SIG,PR,ASO,ES,Federal Contract Tower,0,1,11,0,12,0,29,84,0,113,0,30,95,0,125,72,0,72,197
05/14/2019,SIG,PR,ASO,ES,Federal Contract Tower,0,2,9,1,12,0,35,130,2,167,0,37,139,3,179,160,2,162,341
05/15/2019,SIG,PR,ASO,ES,Federal Contract Tower,0,0,12,0,12,0,26,100,8,134,0,26,112,8,146,150,13,163,309
05/16/2019,SIG,PR,ASO,ES,Federal Contract Tower,0,0,8,0,8,0,36,126,0,162,0,36,134,0,170,166,0,166,336
05/17/2019,SIG,PR,ASO,ES,Federal Contract Tower,0,0,14,0,14,0,30,102,0,132,0,30,116,0,146,144,0,144,290
05/18/2019,SIG,PR,ASO,ES,Federal Contract Tower,0,0,5,0,5,0,20,95,1,116,0,20,100,1,121,86,0,86,207
05/19/2019,SIG,PR,ASO,ES,Federal Contract Tower,0,0,8,0,8,0,13,63,0,76,0,13,71,0,84,34,0,34,118
05/20/2019,SIG,PR,ASO,ES,Federal Contract Tower,0,0,17,0,17,0,32,106,5,143,0,32,123,5,160,122,2,124,284
05/21/2019,SIG,PR,ASO,ES,Federal Contract Tower,0,0,13,2,15,0,29,142,0,171,0,29,155,2,186,184,0,184,370
05/22/2019,SIG,PR,ASO,ES,Federal Contract Tower,0,0,23,1,24,0,36,129,8,173,0,36,152,9,197,172,0,172,369
05/23/2019,SIG,PR,ASO,ES,Federal Contract Tower,0,0,16,4,20,0,33,137,4,174,0,33,153,8,194,172,0,172,366
05/24/2019,SIG,PR,ASO,ES,Federal Contract Tower,0,1,17,4,22,0,40,106,5,151,0,41,123,9,173,108,0,108,281
05/25/2019,SIG,PR,ASO,ES,Federal Contract Tower,0,0,11,0,11,0,28,97,1,126,0,28,108,1,137,102,0,102,239
05/26/2019,SIG,PR,ASO,ES,Federal Contract Tower,0,0,5,0,5,0,28,87,2,117,0,28,92,2,122,120,0,120,242
05/27/2019,SIG,PR,ASO,ES,Federal Contract Tower,0,1,23,0,24,0,34,114,12,160,0,35,137,12,184,60,0,60,244
05/28/2019,SIG,PR,ASO,ES,Federal Contract Tower,0,0,13,0,13,0,22,80,0,102,0,22,93,0,115,156,6,162,277
05/29/2019,SIG,PR,ASO,ES,Federal Contract Tower,0,0,9,0,9,0,28,97,7,132,0,28,106,7,141,108,2,110,251
05/30/2019,SIG,PR,ASO,ES,Federal Contract Tower,0,0,18,0,18,0,27,90,0,117,0,27,108,0,135,86,0,86,221
05/31/2019,SIG,PR,ASO,ES,Federal Contract Tower,0,0,17,0,17,0,33,102,1,136,0,33,119,1,153,162,0,162,315
06/01/2019,SIG,PR,ASO,ES,Federal Contract Tower,0,0,6,0,6,0,22,118,2,142,0,22,124,2,148,134,0,134,282
06/02/2019,SIG,PR,ASO,ES,Federal Contract Tower,0,0,10,0,10,0,21,79,0,100,0,21,89,0,110,80,0,80,190
06/03/2019,SIG,PR,ASO,ES,Federal Contract Tower,0,0,12,0,12,0,34,134,3,171,0,34,146,3,183,194,6,200,383
06/04/2019,SIG,PR,ASO,ES,Federal Contract Tower,0,0,9,0,9,0,24,120,1,145,0,24,129,1,154,132,0,132,286
06/05/2019,SIG,PR,ASO,ES,Federal Contract Tower,0,0,14,0,14,0,25,70,6,101,0,25,84,6,115,148,0,148,263
06/06/2019,SIG,PR,ASO,ES,Federal Contract Tower,0,0,19,1,20,0,25,104,2,131,0,25,123,3,151,156,0,156,307
06/07/2019,SIG,PR,ASO,ES,Federal Contract Tower,0,0,7,3,10,0,27,123,2,152,0,27,130,5,162,170,0,170,332
06/08/2019,SIG,PR,ASO,ES,Federal Contract Tower,0,0,5,1,6,0,16,79,0,95,0,16,84,1,101,100,0,100,201
06/09/2019,SIG,PR,ASO,ES,Federal Contract Tower,0,0,4,2,6,0,22,86,2,110,0,22,90,4,116,54,0,54,170
06/10/2019,SIG,PR,ASO,ES,Federal Contract Tower,0,0,5,0,5,0,24,84,0,108,0,24,89,0,113,96,2,98,211
06/11/2019,SIG,PR,ASO,ES,Federal Contract Tower,0,2,5,0,7,0,25,88,0,113,0,27,93,0,120,132,0,132,252
06/12/2019,SIG,PR,ASO,ES,Federal Contract Tower,0,0,4,0,4,0,20,76,3,99,0,20,80,3,103,84,0,84,187
06/13/2019,SIG,PR,ASO,ES,Federal Contract Tower,0,1,10,1,12,0,28,115,3,146,0,29,125,4,158,188,0,188,346
06/14/2019,SIG,PR,ASO,ES,Federal Contract Tower,0,1,9,0,10,0,26,98,0,124,0,27,107,0,134,134,0,134,268
06/15/2019,SIG,PR,ASO,ES,Federal Contract Tower,0,0,4,1,5,0,23,78,8,109,0,23,82,9,114,50,0,50,164
06/16/2019,SIG,PR,ASO,ES,Federal Contract Tower,0,0,9,0,9,0,22,68,1,91,0,22,77,1,100,28,0,28,128
06/17/2019,SIG,PR,ASO,ES,Federal Contract Tower,0,0,16,1,17,0,30,133,10,173,0,30,149,11,190,248,0,248,438
06/18/2019,SIG,PR,ASO,ES,Federal Contract Tower,0,0,12,1,13,0,22,114,3,139,0,22,126,4,152,204,0,204,356
06/19/2019,SIG,PR,ASO,ES,Federal Contract Tower,0,0,9,1,10,0,17,116,13,146,0,17,125,14,156,198,0,198,354
06/20/2019,SIG,PR,ASO,ES,Federal Contract Tower,0,1,12,0,13,0,34,133,24,191,0,35,145,24,204,186,12,198,402
06/21/2019,SIG,PR,ASO,ES,Federal Contract Tower,0,0,8,1,9,0,28,77,6,111,0,28,85,7,120,94,0,94,214
06/22/2019,SIG,PR,ASO,ES,Federal Contract Tower,0,0,10,0,10,0,28,76,0,104,0,28,86,0,114,38,0,38,152
06/23/2019,SIG,PR,ASO,ES,Federal Contract Tower,0,0,6,0,6,0,30,68,0,98,0,30,74,0,104,60,0,60,164
06/24/2019,SIG,PR,ASO,ES,Federal Contract Tower,0,0,10,1,11,0,30,137,3,170,0,30,147,4,181,280,0,280,461
06/25/2019,SIG,PR,ASO,ES,Federal Contract Tower,0,0,15,0,15,0,24,134,3,161,0,24,149,3,176,248,0,248,424
06/26/2019,SIG,PR,ASO,ES,Federal Contract Tower,0,0,11,0,11,0,20,120,5,145,0,20,131,5,156,202,0,202,358
06/27/2019,SIG,PR,ASO,ES,Federal Contract Tower,0,0,10,1,11,0,27,89,1,117,0,27,99,2,128,180,0,180,308
06/28/2019,SIG,PR,ASO,ES,Federal Contract Tower,0,0,13,1,14,0,28,107,4,139,0,28,120,5,153,154,0,154,307
06/29/2019,SIG,PR,ASO,ES,Federal Contract Tower,0,0,9,0,9,0,15,101,2,118,0,15,110,2,127,108,0,108,235
06/30/2019,SIG,PR,ASO,ES,Federal Contract Tower,0,0,9,1,10,0,24,81,0,105,0,24,90,1,115,12,0,12,127
07/01/2019,SIG,PR,ASO,ES,Federal Contract Tower,0,0,5,0,5,0,24,108,3,135,0,24,113,3,140,202,0,202,342
07/02/2019,SIG,PR,ASO,ES,Federal Contract Tower,0,0,14,0,14,0,30,149,10,189,0,30,163,10,203,250,0,250,453
07/03/2019,SIG,PR,ASO,ES,Federal Contract Tower,0,0,12,0,12,0,26,127,4,157,0,26,139,4,169,172,0,172,341
07/04/2019,SIG,PR,ASO,ES,Federal Contract Tower,0,0,7,0,7,0,36,121,6,163,0,36,128,6,170,92,0,92,262
07/05/2019,SIG,PR,ASO,ES,Federal Contract Tower,0,0,7,0,7,0,20,76,6,102,0,20,83,6,109,62,0,62,171
07/06/2019,SIG,PR,ASO,ES,Federal Contract Tower,0,0,4,0,4,0,30,83,0,113,0,30,87,0,117,100,0,100,217
07/07/2019,SIG,PR,ASO,ES,Federal Contract Tower,0,0,7,0,7,0,27,96,0,123,0,27,103,0,130,118,0,118,248
07/08/2019,SIG,PR,ASO,ES,Federal Contract Tower,0,0,9,0,9,0,24,100,5,129,0,24,109,5,138,142,0,142,280
07/09/2019,SIG,PR,ASO,ES,Federal Contract Tower,0,1,12,0,13,0,24,112,7,143,0,25,124,7,156,202,0,202,358
07/10/2019,SIG,PR,ASO,ES,Federal Contract Tower,0,0,8,0,8,0,29,122,11,162,0,29,130,11,170,168,0,168,338
07/11/2019,SIG,PR,ASO,ES,Federal Contract Tower,0,0,12,0,12,0,19,111,3,133,0,19,123,3,145,170,2,172,317
07/12/2019,SIG,PR,ASO,ES,Federal Contract Tower,0,0,8,1,9,0,31,99,4,134,0,31,107,5,143,140,2,142,285
07/13/2019,SIG,PR,ASO,ES,Federal Contract Tower,0,0,7,0,7,0,21,85,9,115,0,21,92,9,122,88,0,88,210
07/14/2019,SIG,PR,ASO,ES,Federal Contract Tower,0,0,3,0,3,0,21,87,0,108,0,21,90,0,111,60,0,60,171
07/15/2019,SIG,PR,ASO,ES,Federal Contract Tower,0,0,5,0,5,0,26,112,3,141,0,26,117,3,146,200,0,200,346
07/16/2019,SIG,PR,ASO,ES,Federal Contract Tower,0,0,14,0,14,0,28,124,5,157,0,28,138,5,171,126,0,126,297
07/17/2019,SIG,PR,ASO,ES,Federal Contract Tower,0,0,6,0,6,0,27,93,5,125,0,27,99,5,131,112,0,112,243
07/18/2019,SIG,PR,ASO,ES,Federal Contract Tower,0,5,13,0,18,0,27,83,2,112,0,32,96,2,130,122,0,122,252
07/19/2019,SIG,PR,ASO,ES,Federal Contract Tower,0,0,11,0,11,0,17,98,3,118,0,17,109,3,129,170,0,170,299
07/20/2019,SIG,PR,ASO,ES,Federal Contract Tower,0,0,4,0,4,0,26,112,0,138,0,26,116,0,142,48,0,48,190
07/21/2019,SIG,PR,ASO,ES,Federal Contract Tower,0,0,2,0,2,0,23,78,0,101,0,23,80,0,103,54,0,54,157
07/22/2019,SIG,PR,ASO,ES,Federal Contract Tower,0,0,2,1,3,0,25,94,2,121,0,25,96,3,124,6,0,6,130
07/23/2019,SIG,PR,ASO,ES,Federal Contract Tower,0,0,8,0,8,0,30,110,8,148,0,30,118,8,156,124,0,124,280
07/24/2019,SIG,PR,ASO,ES,Federal Contract Tower,0,0,15,0,15,0,22,139,0,161,0,22,154,0,176,154,0,154,330
07/25/2019,SIG,PR,ASO,ES,Federal Contract Tower,0,1,11,0,12,0,31,94,1,126,0,32,105,1,138,92,0,92,230
07/26/2019,SIG,PR,ASO,ES,Federal Contract Tower,0,0,8,1,9,0,31,101,6,138,0,31,109,7,147,112,0,112,259
07/31/2019,SIG,PR,ASO,ES,Federal Contract Tower,0,1,10,1,12,0,22,79,8,109,0,23,89,9,121,130,42,172,293
08/01/2019,SIG,PR,ASO,ES,Federal Contract Tower,0,0,14,2,16,0,29,142,12,183,0,29,156,14,199,200,44,244,443
08/02/2019,SIG,PR,ASO,ES,Federal Contract Tower,0,0,10,2,12,0,25,98,6,129,0,25,108,8,141,118,0,118,259
08/03/2019,SIG,PR,ASO,ES,Federal Contract Tower,0,0,3,0,3,0,22,89,2,113,0,22,92,2,116,76,0,76,192
08/04/2019,SIG,PR,ASO,ES,Federal Contract Tower,0,1,11,0,12,0,11,81,0,92,0,12,92,0,104,56,0,56,160
08/05/2019,SIG,PR,ASO,ES,Federal Contract Tower,0,0,11,3,14,0,24,107,8,139,0,24,118,11,153,132,6,138,291
08/06/2019,SIG,PR,ASO,ES,Federal Contract Tower,0,0,4,0,4,0,19,90,7,116,0,19,94,7,120,168,2,170,290
08/07/2019,SIG,PR,ASO,ES,Federal Contract Tower,0,0,8,2,10,0,27,110,7,144,0,27,118,9,154,174,6,180,334
08/08/2019,SIG,PR,ASO,ES,Federal Contract Tower,0,1,6,5,12,0,28,121,2,151,0,29,127,7,163,158,14,172,335
08/09/2019,SIG,PR,ASO,ES,Federal Contract Tower,0,0,11,0,11,0,25,111,1,137,0,25,122,1,148,140,0,140,288
08/10/2019,SIG,PR,ASO,ES,Federal Contract Tower,0,0,4,0,4,0,19,111,0,130,0,19,115,0,134,118,0,118,252
08/11/2019,SIG,PR,ASO,ES,Federal Contract Tower,0,1,9,0,10,0,18,59,4,81,0,19,68,4,91,56,0,56,147
08/12/2019,SIG,PR,ASO,ES,Federal Contract Tower,0,0,7,0,7,0,28,124,7,159,0,28,131,7,166,112,0,112,278
08/13/2019,SIG,PR,ASO,ES,Federal Contract Tower,0,0,7,0,7,0,28,124,7,159,0,28,131,7,166,112,0,112,278
08/14/2019,SIG,PR,ASO,ES,Federal Contract Tower,0,0,8,0,8,0,30,130,5,165,0,30,138,5,173,2,4,6,179
08/15/2019,SIG,PR,ASO,ES,Federal Contract Tower,0,0,11,2,13,0,18,142,4,164,0,18,153,6,177,172,0,172,349
08/16/2019,SIG,PR,ASO,ES,Federal Contract Tower,0,0,9,0,9,0,21,106,2,129,0,21,115,2,138,232,0,232,370
08/17/2019,SIG,PR,ASO,ES,Federal Contract Tower,0,0,4,1,5,0,13,69,6,88,0,13,73,7,93,56,0,56,149
08/18/2019,SIG,PR,ASO,ES,Federal Contract Tower,0,1,9,0,10,0,14,85,6,105,0,15,94,6,115,76,0,76,191
08/19/2019,SIG,PR,ASO,ES,Federal Contract Tower,0,0,5,3,8,0,23,101,8,132,0,23,106,11,140,92,16,108,248
08/20/2019,SIG,PR,ASO,ES,Federal Contract Tower,0,0,11,3,14,0,30,125,8,163,0,30,136,11,177,150,10,160,337
08/21/2019,SIG,PR,ASO,ES,Federal Contract Tower,0,1,13,0,14,0,18,107,5,130,0,19,120,5,144,108,12,120,264
08/22/2019,SIG,PR,ASO,ES,Federal Contract Tower,0,0,11,2,13,0,20,85,6,111,0,20,96,8,124,92,6,98,222
08/23/2019,SIG,PR,ASO,ES,Federal Contract Tower,0,2,9,0,11,0,34,108,5,147,0,36,117,5,158,98,2,100,258
08/24/2019,SIG,PR,ASO,ES,Federal Contract Tower,0,2,10,0,12,0,21,99,0,120,0,23,109,0,132,134,0,134,266
08/25/2019,SIG,PR,ASO,ES,Federal Contract Tower,0,2,14,0,16,0,14,72,3,89,0,16,86,3,105,40,0,40,145
08/26/2019,SIG,PR,ASO,ES,Federal Contract Tower,0,2,8,1,11,0,22,105,5,132,0,24,113,6,143,152,0,152,295
08/27/2019,SIG,PR,ASO,ES,Federal Contract Tower,0,0,8,1,9,0,25,89,2,116,0,25,97,3,125,90,0,90,215
08/28/2019,SIG,PR,ASO,ES,Federal Contract Tower,0,0,1,0,1,0,0,9,0,9,0,0,10,0,10,0,0,0,10
08/29/2019,SIG,PR,ASO,ES,Federal Contract Tower,0,0,4,0,4,0,27,52,6,85,0,27,56,6,89,66,0,66,155
08/30/2019,SIG,PR,ASO,ES,Federal Contract Tower,0,1,14,0,15,0,29,105,7,141,0,30,119,7,156,122,0,122,278
08/31/2019,SIG,PR,ASO,ES,Federal Contract Tower,0,0,7,0,7,0,21,97,0,118,0,21,104,0,125,114,0,114,239
09/01/2019,SIG,PR,ASO,ES,Federal Contract Tower,0,0,0,0,0,0,10,87,0,97,0,10,87,0,97,38,0,38,135
09/02/2019,SIG,PR,ASO,ES,Federal Contract Tower,0,0,9,0,9,0,21,103,0,124,0,21,112,0,133,90,0,90,223
09/03/2019,SIG,PR,ASO,ES,Federal Contract Tower,0,0,4,3,7,0,26,118,7,151,0,26,122,10,158,100,12,112,270
09/04/2019,SIG,PR,ASO,ES,Federal Contract Tower,0,0,8,2,10,0,20,82,3,105,0,20,90,5,115,150,0,150,265
09/05/2019,SIG,PR,ASO,ES,Federal Contract Tower,0,0,10,0,10,0,35,123,15,173,0,35,133,15,183,156,0,156,339
09/06/2019,SIG,PR,ASO,ES,Federal Contract Tower,0,0,11,0,11,0,10,73,4,87,0,10,84,4,98,124,0,124,222
09/07/2019,SIG,PR,ASO,ES,Federal Contract Tower,0,0,12,0,12,0,18,89,0,107,0,18,101,0,119,100,0,100,219
09/08/2019,SIG,PR,ASO,ES,Federal Contract Tower,0,0,10,0,10,0,13,48,0,61,0,13,58,0,71,6,0,6,77
09/09/2019,SIG,PR,ASO,ES,Federal Contract Tower,0,0,6,0,6,0,18,107,6,131,0,18,113,6,137,142,0,142,279
09/10/2019,SIG,PR,ASO,ES,Federal Contract Tower,0,0,6,0,6,0,18,106,5,129,0,18,112,5,135,170,0,170,305
09/11/2019,SIG,PR,ASO,ES,Federal Contract Tower,0,0,9,1,10,0,26,104,7,137,0,26,113,8,147,124,0,124,271
09/12/2019,SIG,PR,ASO,ES,Federal Contract Tower,0,0,7,0,7,0,23,98,4,125,0,23,105,4,132,100,0,100,232
09/13/2019,SIG,PR,ASO,ES,Federal Contract Tower,0,0,16,0,16,0,23,96,0,119,0,23,112,0,135,116,0,116,251
09/14/2019,SIG,PR,ASO,ES,Federal Contract Tower,0,0,10,0,10,0,12,114,0,126,0,12,124,0,136,126,0,126,262
09/15/2019,SIG,PR,ASO,ES,Federal Contract Tower,0,0,12,0,12,0,10,93,0,103,0,10,105,0,115,44,0,44,159
09/16/2019,SIG,PR,ASO,ES,Federal Contract Tower,0,0,8,0,8,0,28,98,3,129,0,28,106,3,137,186,0,186,323
09/17/2019,SIG,PR,ASO,ES,Federal Contract Tower,0,0,8,0,8,0,22,127,11,160,0,22,135,11,168,138,0,138,306
09/18/2019,SIG,PR,ASO,ES,Federal Contract Tower,0,0,11,0,11,0,19,101,3,123,0,19,112,3,134,134,0,134,268
09/19/2019,SIG,PR,ASO,ES,Federal Contract Tower,2,0,6,0,8,0,19,98,4,121,2,19,104,4,129,142,30,172,301
09/20/2019,SIG,PR,ASO,ES,Federal Contract Tower,0,0,19,0,19,0,16,122,1,139,0,16,141,1,158,108,2,110,268
09/21/2019,SIG,PR,ASO,ES,Federal Contract Tower,0,6,0,0,6,0,11,86,0,97,0,17,86,0,103,74,0,74,177
09/22/2019,SIG,PR,ASO,ES,Federal Contract Tower,0,0,10,0,10,0,17,58,0,75,0,17,68,0,85,26,0,26,111
09/23/2019,SIG,PR,ASO,ES,Federal Contract Tower,0,0,6,0,6,0,32,115,0,147,0,32,121,0,153,160,0,160,313
09/24/2019,SIG,PR,ASO,ES,Federal Contract Tower,0,0,2,0,2,0,0,9,4,13,0,0,11,4,15,0,0,0,15
09/25/2019,SIG,PR,ASO,ES,Federal Contract Tower,0,0,8,0,8,0,28,92,0,120,0,28,100,0,128,76,0,76,204
09/26/2019,SIG,PR,ASO,ES,Federal Contract Tower,0,0,7,0,7,0,26,121,1,148,0,26,128,1,155,202,0,202,357
09/27/2019,SIG,PR,ASO,ES,Federal Contract Tower,0,0,7,0,7,0,28,97,2,127,0,28,104,2,134,140,0,140,274
09/28/2019,SIG,PR,ASO,ES,Federal Contract Tower,0,0,7,0,7,0,16,83,0,99,0,16,90,0,106,132,0,132,238
09/29/2019,SIG,PR,ASO,ES,Federal Contract Tower,0,0,6,0,6,0,7,58,0,65,0,7,64,0,71,42,0,42,113
09/30/2019,SIG,PR,ASO,ES,Federal Contract Tower,0,0,8,0,8,0,21,87,2,110,0,21,95,2,118,112,0,112,230
10/01/2019,SIG,PR,ASO,ES,Federal Contract Tower,0,0,8,0,8,0,19,80,1,100,0,19,88,1,108,114,0,114,222
10/02/2019,SIG,PR,ASO,ES,Federal Contract Tower,0,0,3,0,3,0,24,116,1,141,0,24,119,1,144,176,6,182,326
10/03/2019,SIG,PR,ASO,ES,Federal Contract Tower,0,0,4,0,4,0,24,123,0,147,0,24,127,0,151,176,0,176,327
10/04/2019,SIG,PR,ASO,ES,Federal Contract Tower,0,0,4,0,4,0,25,80,1,106,0,25,84,1,110,106,4,110,220
10/05/2019,SIG,PR,ASO,ES,Federal Contract Tower,0,0,8,0,8,0,18,115,0,133,0,18,123,0,141,154,0,154,295
10/06/2019,SIG,PR,ASO,ES,Federal Contract Tower,0,0,3,0,3,0,9,73,0,82,0,9,76,0,85,26,0,26,111
10/07/2019,SIG,PR,ASO,ES,Federal Contract Tower,0,0,2,0,2,0,17,74,4,95,0,17,76,4,97,158,0,158,255
10/08/2019,SIG,PR,ASO,ES,Federal Contract Tower,0,0,7,0,7,0,21,98,9,128,0,21,105,9,135,156,0,156,291
10/09/2019,SIG,PR,ASO,ES,Federal Contract Tower,0,0,4,0,4,0,16,104,6,126,0,16,108,6,130,144,0,144,274
10/10/2019,SIG,PR,ASO,ES,Federal Contract Tower,0,0,7,0,7,0,21,101,6,128,0,21,108,6,135,242,0,242,377
10/11/2019,SIG,PR,ASO,ES,Federal Contract Tower,0,0,9,0,9,0,22,102,0,124,0,22,111,0,133,164,0,164,297
10/12/2019,SIG,PR,ASO,ES,Federal Contract Tower,0,0,6,0,6,0,14,108,0,122,0,14,114,0,128,146,0,146,274
10/13/2019,SIG,PR,ASO,ES,Federal Contract Tower,0,0,4,0,4,0,9,86,0,95,0,9,90,0,99,72,0,72,171
10/14/2019,SIG,PR,ASO,ES,Federal Contract Tower,0,0,6,0,6,0,18,81,2,101,0,18,87,2,107,108,0,108,215
10/15/2019,SIG,PR,ASO,ES,Federal Contract Tower,0,0,4,0,4,0,15,97,8,120,0,15,101,8,124,156,12,168,292
10/16/2019,SIG,PR,ASO,ES,Federal Contract Tower,0,0,5,0,5,0,19,109,2,130,0,19,114,2,135,186,0,186,321
10/17/2019,SIG,PR,ASO,ES,Federal Contract Tower,0,0,11,0,11,0,20,133,6,159,0,20,144,6,170,214,0,214,384
10/18/2019,SIG,PR,ASO,ES,Federal Contract Tower,0,0,9,0,9,0,22,106,4,132,0,22,115,4,141,94,0,94,235
10/19/2019,SIG,PR,ASO,ES,Federal Contract Tower,0,0,3,0,3,0,16,103,4,123,0,16,106,4,126,94,0,94,220
10/20/2019,SIG,PR,ASO,ES,Federal Contract Tower,0,0,12,0,12,0,16,65,10,91,0,16,77,10,103,52,0,52,155
10/21/2019,SIG,PR,ASO,ES,Federal Contract Tower,0,0,9,0,9,0,21,96,6,123,0,21,105,6,132,150,20,170,302
10/22/2019,SIG,PR,ASO,ES,Federal Contract Tower,0,0,7,0,7,0,28,102,5,135,0,28,109,5,142,192,0,192,334
10/23/2019,SIG,PR,ASO,ES,Federal Contract Tower,0,0,7,0,7,0,18,93,7,118,0,18,100,7,125,150,0,150,275
10/24/2019,SIG,PR,ASO,ES,Federal Contract Tower,0,0,6,0,6,0,25,99,2,126,0,25,105,2,132,224,0,224,356
10/25/2019,SIG,PR,ASO,ES,Federal Contract Tower,0,0,6,0,6,0,28,91,0,119,0,28,97,0,125,126,0,126,251
10/26/2019,SIG,PR,ASO,ES,Federal Contract Tower,0,0,6,0,6,0,10,93,0,103,0,10,99,0,109,110,0,110,219
10/27/2019,SIG,PR,ASO,ES,Federal Contract Tower,0,0,9,0,9,0,14,76,0,90,0,14,85,0,99,62,0,62,161
10/28/2019,SIG,PR,ASO,ES,Federal Contract Tower,0,0,5,0,5,0,22,103,0,125,0,22,108,0,130,166,0,166,296
10/29/2019,SIG,PR,ASO,ES,Federal Contract Tower,0,0,11,0,11,0,23,103,7,133,0,23,114,7,144,124,0,124,268
10/30/2019,SIG,PR,ASO,ES,Federal Contract Tower,0,0,4,0,4,0,18,102,2,122,0,18,106,2,126,128,0,128,254
10/31/2019,SIG,PR,ASO,ES,Federal Contract Tower,0,0,8,0,8,0,23,67,6,96,0,23,75,6,104,92,4,96,200
11/01/2019,SIG,PR,ASO,ES,Federal Contract Tower,0,0,6,0,6,0,24,91,0,115,0,24,97,0,121,162,0,162,283
11/02/2019,SIG,PR,ASO,ES,Federal Contract Tower,0,0,3,0,3,0,27,120,12,159,0,27,123,12,162,232,0,232,394
11/03/2019,SIG,PR,ASO,ES,Federal Contract Tower,0,0,14,0,14,0,17,87,0,104,0,17,101,0,118,110,0,110,228
11/04/2019,SIG,PR,ASO,ES,Federal Contract Tower,0,0,11,0,11,0,19,72,4,95,0,19,83,4,106,208,0,208,314
11/05/2019,SIG,PR,ASO,ES,Federal Contract Tower,0,0,9,0,9,0,23,107,8,138,0,23,116,8,147,126,0,126,273
11/06/2019,SIG,PR,ASO,ES,Federal Contract Tower,0,0,5,0,5,0,21,127,10,158,0,21,132,10,163,156,14,170,333
11/07/2019,SIG,PR,ASO,ES,Federal Contract Tower,0,0,9,0,9,0,34,142,0,176,0,34,151,0,185,252,0,252,437
11/08/2019,SIG,PR,ASO,ES,Federal Contract Tower,0,0,11,0,11,0,31,92,0,123,0,31,103,0,134,102,0,102,236
11/09/2019,SIG,PR,ASO,ES,Federal Contract Tower,0,0,4,0,4,0,26,126,0,152,0,26,130,0,156,180,0,180,336
11/10/2019,SIG,PR,ASO,ES,Federal Contract Tower,0,0,5,0,5,0,14,108,0,122,0,14,113,0,127,142,0,142,269
11/11/2019,SIG,PR,ASO,ES,Federal Contract Tower,0,0,11,0,11,0,34,89,6,129,0,34,100,6,140,58,0,58,198
11/12/2019,SIG,PR,ASO,ES,Federal Contract Tower,0,0,4,0,4,0,31,115,2,148,0,31,119,2,152,238,0,238,390
11/13/2019,SIG,PR,ASO,ES,Federal Contract Tower,0,1,3,0,4,0,25,120,5,150,0,26,123,5,154,212,0,212,366
11/14/2019,SIG,PR,ASO,ES,Federal Contract Tower,0,0,12,2,14,0,36,109,9,154,0,36,121,11,168,236,0,236,404
11/15/2019,SIG,PR,ASO,ES,Federal Contract Tower,0,0,10,2,12,0,27,123,10,160,0,27,133,12,172,208,0,208,380
11/16/2019,SIG,PR,ASO,ES,Federal Contract Tower,0,0,5,0,5,0,19,130,2,151,0,19,135,2,156,172,0,172,328
11/17/2019,SIG,PR,ASO,ES,Federal Contract Tower,0,0,14,0,14,0,14,92,3,109,0,14,106,3,123,56,0,56,179
11/18/2019,SIG,PR,ASO,ES,Federal Contract Tower,0,0,10,1,11,0,28,104,7,139,0,28,114,8,150,244,0,244,394
11/19/2019,SIG,PR,ASO,ES,Federal Contract Tower,0,0,9,0,9,0,27,104,3,134,0,27,113,3,143,78,0,78,221
11/20/2019,SIG,PR,ASO,ES,Federal Contract Tower,0,0,3,0,3,0,22,100,1,123,0,22,103,1,126,108,6,114,240
11/21/2019,SIG,PR,ASO,ES,Federal Contract Tower,0,2,12,0,14,0,34,121,0,155,0,36,133,0,169,168,0,168,337
11/22/2019,SIG,PR,ASO,ES,Federal Contract Tower,0,0,13,0,13,0,20,95,5,120,0,20,108,5,133,140,2,142,275
11/23/2019,SIG,PR,ASO,ES,Federal Contract Tower,0,0,11,0,11,0,26,113,5,144,0,26,124,5,155,272,0,272,427
11/24/2019,SIG,PR,ASO,ES,Federal Contract Tower,0,0,3,0,3,0,22,125,8,155,0,22,128,8,158,94,0,94,252
11/25/2019,SIG,PR,ASO,ES,Federal Contract Tower,0,0,5,0,5,0,31,113,4,148,0,31,118,4,153,140,0,140,293
11/26/2019,SIG,PR,ASO,ES,Federal Contract Tower,0,0,8,0,8,0,32,119,11,162,0,32,127,11,170,146,0,146,316
11/27/2019,SIG,PR,ASO,ES,Federal Contract Tower,0,0,9,0,9,0,37,114,0,151,0,37,123,0,160,160,0,160,320
11/28/2019,SIG,PR,ASO,ES,Federal Contract Tower,0,0,10,0,10,0,22,10,0,32,0,22,20,0,42,2,0,2,44
11/29/2019,SIG,PR,ASO,ES,Federal Contract Tower,0,0,2,0,2,0,38,118,8,164,0,38,120,8,166,162,0,162,328
11/30/2019,SIG,PR,ASO,ES,Federal Contract Tower,0,0,7,0,7,0,25,127,1,153,0,25,134,1,160,222,0,222,382
12/01/2019,SIG,PR,ASO,ES,Federal Contract Tower,0,0,19,0,19,0,22,91,4,117,0,22,110,4,136,38,0,38,174
12/02/2019,SIG,PR,ASO,ES,Federal Contract Tower,0,0,7,0,7,0,26,110,0,136,0,26,117,0,143,156,0,156,299
12/03/2019,SIG,PR,ASO,ES,Federal Contract Tower,0,0,15,1,16,0,28,101,6,135,0,28,116,7,151,132,0,132,283
12/04/2019,SIG,PR,ASO,ES,Federal Contract Tower,0,0,8,1,9,0,27,117,2,146,0,27,125,3,155,206,0,206,361
12/05/2019,SIG,PR,ASO,ES,Federal Contract Tower,0,0,10,0,10,0,24,129,1,154,0,24,139,1,164,132,0,132,296
12/06/2019,SIG,PR,ASO,ES,Federal Contract Tower,0,0,11,0,11,0,32,96,2,130,0,32,107,2,141,118,0,118,259
12/07/2019,SIG,PR,ASO,ES,Federal Contract Tower,0,0,6,0,6,0,23,144,5,172,0,23,150,5,178,212,4,216,394
12/08/2019,SIG,PR,ASO,ES,Federal Contract Tower,0,0,15,0,15,0,17,116,1,134,0,17,131,1,149,84,0,84,233
12/09/2019,SIG,PR,ASO,ES,Federal Contract Tower,0,2,13,0,15,0,25,89,0,114,0,27,102,0,129,96,0,96,225
12/10/2019,SIG,PR,ASO,ES,Federal Contract Tower,0,10,1,0,11,0,33,104,8,145,0,43,105,8,156,88,0,88,244
12/11/2019,SIG,PR,ASO,ES,Federal Contract Tower,0,0,18,1,19,0,32,114,4,150,0,32,132,5,169,112,8,120,289
12/12/2019,SIG,PR,ASO,ES,Federal Contract Tower,0,0,14,0,14,0,35,118,9,162,0,35,132,9,176,116,0,116,292
12/13/2019,SIG,PR,ASO,ES,Federal Contract Tower,0,0,12,0,12,0,26,92,3,121,0,26,104,3,133,118,0,118,251
12/14/2019,SIG,PR,ASO,ES,Federal Contract Tower,0,0,9,0,9,0,20,111,3,134,0,20,120,3,143,102,0,102,245
12/15/2019,SIG,PR,ASO,ES,Federal Contract Tower,0,0,7,0,7,0,27,112,8,147,0,27,119,8,154,62,0,62,216
12/16/2019,SIG,PR,ASO,ES,Federal Contract Tower,0,0,10,0,10,0,33,77,3,113,0,33,87,3,123,12,0,12,135
12/17/2019,SIG,PR,ASO,ES,Federal Contract Tower,0,0,10,1,11,0,24,93,0,117,0,24,103,1,128,66,0,66,194
12/18/2019,SIG,PR,ASO,ES,Federal Contract Tower,0,0,14,0,14,0,32,125,0,157,0,32,139,0,171,100,0,100,271
12/19/2019,SIG,PR,ASO,ES,Federal Contract Tower,0,0,28,0,28,0,35,141,4,180,0,35,169,4,208,196,0,196,404
12/20/2019,SIG,PR,ASO,ES,Federal Contract Tower,0,2,15,0,17,0,32,111,1,144,0,34,126,1,161,136,0,136,297
12/21/2019,SIG,PR,ASO,ES,Federal Contract Tower,0,0,11,0,11,0,35,111,2,148,0,35,122,2,159,94,0,94,253
12/22/2019,SIG,PR,ASO,ES,Federal Contract Tower,0,0,14,0,14,0,18,96,0,114,0,18,110,0,128,46,0,46,174
12/23/2019,SIG,PR,ASO,ES,Federal Contract Tower,0,0,6,0,6,0,24,99,0,123,0,24,105,0,129,64,0,64,193
12/24/2019,SIG,PR,ASO,ES,Federal Contract Tower,0,0,2,0,2,0,19,57,0,76,0,19,59,0,78,10,0,10,88
12/25/2019,SIG,PR,ASO,ES,Federal Contract Tower,0,0,1,0,1,0,14,29,0,43,0,14,30,0,44,2,0,2,46
12/26/2019,SIG,PR,ASO,ES,Federal Contract Tower,0,0,7,0,7,0,35,89,0,124,0,35,96,0,131,62,0,62,193
12/27/2019,SIG,PR,ASO,ES,Federal Contract Tower,0,1,27,0,28,0,45,142,0,187,0,46,169,0,215,130,0,130,345
12/28/2019,SIG,PR,ASO,ES,Federal Contract Tower,0,1,19,1,21,0,32,149,2,183,0,33,168,3,204,80,4,84,288
12/29/2019,SIG,PR,ASO,ES,Federal Contract Tower,0,0,8,0,8,0,28,110,0,138,0,28,118,0,146,2,0,2,148
12/30/2019,SIG,PR,ASO,ES,Federal Contract Tower,0,0,14,0,14,0,31,91,0,122,0,31,105,0,136,62,0,62,198
12/31/2019,SIG,PR,ASO,ES,Federal Contract Tower,0,0,4,0,4,0,28,122,0,150,0,28,126,0,154,46,0,46,200
01/01/2020,SIG,PR,ASO,ES,Federal Contract Tower,0,0,5,0,5,0,30,35,0,65,0,30,40,0,70,8,0,8,78
01/02/2020,SIG,PR,ASO,ES,Federal Contract Tower,0,1,14,0,15,0,48,92,2,142,0,49,106,2,157,4,0,4,161
01/03/2020,SIG,PR,ASO,ES,Federal Contract Tower,0,0,17,0,17,0,44,72,0,116,0,44,89,0,133,0,0,0,133
01/04/2020,SIG,PR,ASO,ES,Federal Contract Tower,0,0,15,0,15,0,32,94,2,128,0,32,109,2,143,12,2,14,157
01/05/2020,SIG,PR,ASO,ES,Federal Contract Tower,0,0,14,0,14,0,32,101,3,136,0,32,115,3,150,0,0,0,150
01/06/2020,SIG,PR,ASO,ES,Federal Contract Tower,0,0,11,0,11,0,32,47,1,80,0,32,58,1,91,18,0,18,109
01/07/2020,SIG,PR,ASO,ES,Federal Contract Tower,0,0,8,0,8,0,39,98,2,139,0,39,106,2,147,36,0,36,183
01/08/2020,SIG,PR,ASO,ES,Federal Contract Tower,0,0,3,0,3,0,33,79,8,120,0,33,82,8,123,18,0,18,141
01/09/2020,SIG,PR,ASO,ES,Federal Contract Tower,0,0,8,2,10,0,24,71,7,102,0,24,79,9,112,16,0,16,128
01/10/2020,SIG,PR,ASO,ES,Federal Contract Tower,0,0,12,0,12,0,29,64,11,104,0,29,76,11,116,22,0,22,138
01/11/2020,SIG,PR,ASO,ES,Federal Contract Tower,0,0,10,0,10,0,31,74,11,116,0,31,84,11,126,2,0,2,128
01/12/2020,SIG,PR,ASO,ES,Federal Contract Tower,0,0,9,0,9,0,16,32,9,57,0,16,41,9,66,0,0,0,66
01/13/2020,SIG,PR,ASO,ES,Federal Contract Tower,0,0,5,0,5,0,28,27,4,59,0,28,32,4,64,0,0,0,64
01/14/2020,SIG,PR,ASO,ES,Federal Contract Tower,0,0,13,0,13,0,28,57,7,92,0,28,70,7,105,40,0,40,145
01/15/2020,SIG,PR,ASO,ES,Federal Contract Tower,0,0,12,0,12,0,29,89,8,126,0,29,101,8,138,86,0,86,224
01/16/2020,SIG,PR,ASO,ES,Federal Contract Tower,0,0,8,0,8,0,29,104,4,137,0,29,112,4,145,104,0,104,249
01/17/2020,SIG,PR,ASO,ES,Federal Contract Tower,0,0,8,0,8,0,28,127,10,165,0,28,135,10,173,132,0,132,305
01/18/2020,SIG,PR,ASO,ES,Federal Contract Tower,0,0,5,0,5,0,27,118,2,147,0,27,123,2,152,84,0,84,236
01/19/2020,SIG,PR,ASO,ES,Federal Contract Tower,0,0,8,0,8,0,19,89,1,109,0,19,97,1,117,60,0,60,177
01/20/2020,SIG,PR,ASO,ES,Federal Contract Tower,0,0,11,0,11,0,25,92,6,123,0,25,103,6,134,26,0,26,160
01/21/2020,SIG,PR,ASO,ES,Federal Contract Tower,0,1,9,2,12,0,35,121,4,160,0,36,130,6,172,124,0,124,296
01/22/2020,SIG,PR,ASO,ES,Federal Contract Tower,0,0,10,0,10,0,28,95,5,128,0,28,105,5,138,162,0,162,300
01/23/2020,SIG,PR,ASO,ES,Federal Contract Tower,0,0,7,3,10,0,39,91,9,139,0,39,98,12,149,116,0,116,265
01/24/2020,SIG,PR,ASO,ES,Federal Contract Tower,0,1,9,1,11,0,34,98,5,137,0,35,107,6,148,170,2,172,320
01/25/2020,SIG,PR,ASO,ES,Federal Contract Tower,0,0,6,0,6,0,28,119,28,175,0,28,125,28,181,158,0,158,339
01/26/2020,SIG,PR,ASO,ES,Federal Contract Tower,0,0,7,0,7,0,22,67,4,93,0,22,74,4,100,36,4,40,140
01/27/2020,SIG,PR,ASO,ES,Federal Contract Tower,0,0,5,1,6,0,28,74,1,103,0,28,79,2,109,140,0,140,249
01/28/2020,SIG,PR,ASO,ES,Federal Contract Tower,0,0,8,0,8,0,30,101,11,142,0,30,109,11,150,208,0,208,358
01/29/2020,SIG,PR,ASO,ES,Federal Contract Tower,0,0,4,1,5,0,25,125,8,158,0,25,129,9,163,180,14,194,357
01/30/2020,SIG,PR,ASO,ES,Federal Contract Tower,0,0,10,0,10,0,36,96,4,136,0,36,106,4,146,112,0,112,258
01/31/2020,SIG,PR,ASO,ES,Federal Contract Tower,0,0,11,0,11,0,34,113,7,154,0,34,124,7,165,166,8,174,339
02/01/2020,SIG,PR,ASO,ES,Federal Contract Tower,0,1,6,1,8,0,26,114,6,146,0,27,120,7,154,108,0,108,262
02/02/2020,SIG,PR,ASO,ES,Federal Contract Tower,0,0,11,0,11,0,17,102,0,119,0,17,113,0,130,50,0,50,180
02/03/2020,SIG,PR,ASO,ES,Federal Contract Tower,0,0,10,0,10,0,32,116,0,148,0,32,126,0,158,160,20,180,338
02/04/2020,SIG,PR,ASO,ES,Federal Contract Tower,0,0,13,0,13,0,36,96,3,135,0,36,109,3,148,120,0,120,268
02/05/2020,SIG,PR,ASO,ES,Federal Contract Tower,0,0,11,0,11,0,24,78,5,107,0,24,89,5,118,140,0,140,258
02/06/2020,SIG,PR,ASO,ES,Federal Contract Tower,0,0,7,0,7,0,30,115,3,148,0,30,122,3,155,114,0,114,269
02/07/2020,SIG,PR,ASO,ES,Federal Contract Tower,0,0,6,0,6,0,34,98,0,132,0,34,104,0,138,96,0,96,234
02/08/2020,SIG,PR,ASO,ES,Federal Contract Tower,0,0,13,0,13,0,33,101,2,136,0,33,114,2,149,56,0,56,205
02/09/2020,SIG,PR,ASO,ES,Federal Contract Tower,0,0,9,0,9,0,23,102,0,125,0,23,111,0,134,138,0,138,272
02/10/2020,SIG,PR,ASO,ES,Federal Contract Tower,0,0,7,1,8,0,35,94,2,131,0,35,101,3,139,154,0,154,293
02/11/2020,SIG,PR,ASO,ES,Federal Contract Tower,0,0,6,0,6,0,28,90,3,121,0,28,96,3,127,96,0,96,223
02/12/2020,SIG,PR,ASO,ES,Federal Contract Tower,0,0,8,0,8,0,23,102,2,127,0,23,110,2,135,136,0,136,271
02/13/2020,SIG,PR,ASO,ES,Federal Contract Tower,0,1,13,1,15,0,41,98,8,147,0,42,111,9,162,68,36,104,266
02/14/2020,SIG,PR,ASO,ES,Federal Contract Tower,0,0,10,0,10,0,29,132,0,161,0,29,142,0,171,78,0,78,249
02/15/2020,SIG,PR,ASO,ES,Federal Contract Tower,0,2,12,0,14,0,34,150,16,200,0,36,162,16,214,212,16,228,442
02/16/2020,SIG,PR,ASO,ES,Federal Contract Tower,0,0,12,0,12,0,27,93,6,126,0,27,105,6,138,74,0,74,212
02/17/2020,SIG,PR,ASO,ES,Federal Contract Tower,0,0,16,0,16,0,51,134,1,186,0,51,150,1,202,32,0,32,234
02/18/2020,SIG,PR,ASO,ES,Federal Contract Tower,1,0,11,3,15,0,27,91,1,119,1,27,102,4,134,120,6,126,260
02/19/2020,SIG,PR,ASO,ES,Federal Contract Tower,0,1,11,0,12,0,34,101,6,141,0,35,112,6,153,70,22,92,245
02/20/2020,SIG,PR,ASO,ES,Federal Contract Tower,0,0,14,0,14,0,39,129,4,172,0,39,143,4,186,208,0,208,394
02/21/2020,SIG,PR,ASO,ES,Federal Contract Tower,0,0,8,0,8,0,32,125,3,160,0,32,133,3,168,190,2,192,360
02/22/2020,SIG,PR,ASO,ES,Federal Contract Tower,0,2,10,0,12,0,31,119,2,152,0,33,129,2,164,152,0,152,316
02/23/2020,SIG,PR,ASO,ES,Federal Contract Tower,0,0,6,0,6,0,18,74,0,92,0,18,80,0,98,120,0,120,218
02/24/2020,SIG,PR,ASO,ES,Federal Contract Tower,0,0,9,0,9,0,25,22,0,47,0,25,31,0,56,18,0,18,74
02/25/2020,SIG,PR,ASO,ES,Federal Contract Tower,0,1,12,0,13,0,20,28,0,48,0,21,40,0,61,0,0,0,61
02/26/2020,SIG,PR,ASO,ES,Federal Contract Tower,0,0,12,4,16,0,29,86,4,119,0,29,98,8,135,118,2,120,255
02/27/2020,SIG,PR,ASO,ES,Federal Contract Tower,0,0,12,2,14,0,32,119,9,160,0,32,131,11,174,130,14,144,318
02/28/2020,SIG,PR,ASO,ES,Federal Contract Tower,0,0,9,0,9,0,31,105,17,153,0,31,114,17,162,118,25,143,305
02/29/2020,SIG,PR,ASO,ES,Federal Contract Tower,0,0,14,0,14,0,34,113,0,147,0,34,127,0,161,126,0,126,287
03/01/2020,SIG,PR,ASO,ES,Federal Contract Tower,0,0,6,0,6,0,19,45,0,64,0,19,51,0,70,44,0,44,114
03/02/2020,SIG,PR,ASO,ES,Federal Contract Tower,0,0,6,0,6,0,27,47,0,74,0,27,53,0,80,26,0,26,106
03/03/2020,SIG,PR,ASO,ES,Federal Contract Tower,0,0,3,2,5,0,26,92,6,124,0,26,95,8,129,106,14,120,249
03/04/2020,SIG,PR,ASO,ES,Federal Contract Tower,0,0,8,0,8,0,28,112,5,145,0,28,120,5,153,208,10,218,371
03/05/2020,SIG,PR,ASO,ES,Federal Contract Tower,0,0,9,0,9,0,26,108,4,138,0,26,117,4,147,206,0,206,353
03/06/2020,SIG,PR,ASO,ES,Federal Contract Tower,0,0,10,0,10,0,31,86,4,121,0,31,96,4,131,112,0,112,243
03/07/2020,SIG,PR,ASO,ES,Federal Contract Tower,0,0,15,0,15,0,23,109,0,132,0,23,124,0,147,138,0,138,285
03/08/2020,SIG,PR,ASO,ES,Federal Contract Tower,0,0,12,0,12,0,17,69,0,86,0,17,81,0,98,86,0,86,184
03/09/2020,SIG,PR,ASO,ES,Federal Contract Tower,0,0,9,0,9,0,27,28,0,55,0,27,37,0,64,0,0,0,64
03/10/2020,SIG,PR,ASO,ES,Federal Contract Tower,0,0,8,0,8,0,25,69,2,96,0,25,77,2,104,96,2,98,202
03/12/2020,SIG,PR,ASO,ES,Federal Contract Tower,0,0,11,0,11,0,37,91,6,134,0,37,102,6,145,120,4,124,269
03/13/2020,SIG,PR,ASO,ES,Federal Contract Tower,0,2,10,1,13,0,34,93,2,129,0,36,103,3,142,152,0,152,294
03/14/2020,SIG,PR,ASO,ES,Federal Contract Tower,0,0,13,0,13,0,33,94,3,130,0,33,107,3,143,104,0,104,247
03/15/2020,SIG,PR,ASO,ES,Federal Contract Tower,0,4,14,0,18,0,31,97,0,128,0,35,111,0,146,90,0,90,236
03/16/2020,SIG,PR,ASO,ES,Federal Contract Tower,0,1,8,0,9,0,42,70,0,112,0,43,78,0,121,0,0,0,121
03/17/2020,SIG,PR,ASO,ES,Federal Contract Tower,0,0,11,2,13,0,28,51,2,81,0,28,62,4,94,6,2,8,102
03/18/2020,SIG,PR,ASO,ES,Federal Contract Tower,0,0,2,0,2,0,23,27,2,52,0,23,29,2,54,22,0,22,76
03/19/2020,SIG,PR,ASO,ES,Federal Contract Tower,0,1,4,0,5,0,19,22,3,44,0,20,26,3,49,8,0,8,57
03/20/2020,SIG,PR,ASO,ES,Federal Contract Tower,0,0,5,0,5,0,13,21,1,35,0,13,26,1,40,6,8,14,54
03/21/2020,SIG,PR,ASO,ES,Federal Contract Tower,0,0,0,0,0,0,3,6,0,9,0,3,6,0,9,0,0,0,9
03/22/2020,SIG,PR,ASO,ES,Federal Contract Tower,0,0,9,0,9,0,9,6,0,15,0,9,15,0,24,6,0,6,30
03/23/2020,SIG,PR,ASO,ES,Federal Contract Tower,0,0,1,0,1,0,9,16,0,25,0,9,17,0,26,0,0,0,26
03/24/2020,SIG,PR,ASO,ES,Federal Contract Tower,0,0,1,0,1,0,10,19,11,40,0,10,20,11,41,4,4,8,49
03/25/2020,SIG,PR,ASO,ES,Federal Contract Tower,0,0,0,0,0,0,5,33,0,38,0,5,33,0,38,4,2,6,44
03/26/2020,SIG,PR,ASO,ES,Federal Contract Tower,0,0,2,1,3,0,7,25,1,33,0,7,27,2,36,12,0,12,48
03/27/2020,SIG,PR,ASO,ES,Federal Contract Tower,0,0,1,0,1,0,7,31,0,38,0,7,32,0,39,2,0,2,41
03/28/2020,SIG,PR,ASO,ES,Federal Contract Tower,0,0,1,0,1,0,6,11,0,17,0,6,12,0,18,4,0,4,22
03/29/2020,SIG,PR,ASO,ES,Federal Contract Tower,0,1,4,0,5,0,5,3,0,8,0,6,7,0,13,0,0,0,13
03/30/2020,SIG,PR,ASO,ES,Federal Contract Tower,0,0,2,0,2,0,4,23,0,27,0,4,25,0,29,26,0,26,55
03/31/2020,SIG,PR,ASO,ES,Federal Contract Tower,0,0,0,0,0,0,2,19,9,30,0,2,19,9,30,8,0,8,38
04/01/2020,SIG,PR,ASO,ES,Federal Contract Tower,0,0,3,1,4,0,5,15,13,33,0,5,18,14,37,0,0,0,37
04/02/2020,SIG,PR,ASO,ES,Federal Contract Tower,0,0,2,0,2,0,8,19,10,37,0,8,21,10,39,8,0,8,47
04/03/2020,SIG,PR,ASO,ES,Federal Contract Tower,0,0,2,0,2,0,7,20,2,29,0,7,22,2,31,14,0,14,45
04/04/2020,SIG,PR,ASO,ES,Federal Contract Tower,0,0,0,0,0,0,2,4,0,6,0,2,4,0,6,0,0,0,6
04/05/2020,SIG,PR,ASO,ES,Federal Contract Tower,0,0,0,0,0,0,1,1,0,2,0,1,1,0,2,0,0,0,2
04/06/2020,SIG,PR,ASO,ES,Federal Contract Tower,0,0,1,0,1,0,4,10,3,17,0,4,11,3,18,6,0,6,24
04/07/2020,SIG,PR,ASO,ES,Federal Contract Tower,0,0,1,0,1,0,4,22,11,37,0,4,23,11,38,0,0,0,38
04/08/2020,SIG,PR,ASO,ES,Federal Contract Tower,0,0,4,0,4,0,4,26,3,33,0,4,30,3,37,0,10,10,47
04/09/2020,SIG,PR,ASO,ES,Federal Contract Tower,0,0,0,0,0,0,4,4,1,9,0,4,4,1,9,0,0,0,9
04/10/2020,SIG,PR,ASO,ES,Federal Contract Tower,0,0,3,0,3,0,1,2,0,3,0,1,5,0,6,0,0,0,6
04/11/2020,SIG,PR,ASO,ES,Federal Contract Tower,0,0,0,0,0,0,2,13,0,15,0,2,13,0,15,4,0,4,19
04/12/2020,SIG,PR,ASO,ES,Federal Contract Tower,0,0,1,0,1,0,0,5,0,5,0,0,6,0,6,4,0,4,10
04/13/2020,SIG,PR,ASO,ES,Federal Contract Tower,0,0,0,1,1,0,6,19,6,31,0,6,19,7,32,0,0,0,32
04/14/2020,SIG,PR,ASO,ES,Federal Contract Tower,0,0,0,0,0,0,4,24,6,34,0,4,24,6,34,10,20,30,64
04/15/2020,SIG,PR,ASO,ES,Federal Contract Tower,0,0,3,0,3,0,2,17,10,29,0,2,20,10,32,0,0,0,32
04/16/2020,SIG,PR,ASO,ES,Federal Contract Tower,0,0,3,2,5,0,5,17,8,30,0,5,20,10,35,2,2,4,39
04/17/2020,SIG,PR,ASO,ES,Federal Contract Tower,0,0,1,0,1,0,4,38,7,49,0,4,39,7,50,6,0,6,56
04/18/2020,SIG,PR,ASO,ES,Federal Contract Tower,0,0,0,0,0,0,0,28,0,28,0,0,28,0,28,16,0,16,44
04/19/2020,SIG,PR,ASO,ES,Federal Contract Tower,0,0,3,0,3,0,0,17,6,23,0,0,20,6,26,0,0,0,26
04/20/2020,SIG,PR,ASO,ES,Federal Contract Tower,0,0,1,0,1,0,6,24,0,30,0,6,25,0,31,0,0,0,31
04/21/2020,SIG,PR,ASO,ES,Federal Contract Tower,1,0,1,0,2,1,9,30,10,50,2,9,31,10,52,22,6,28,80
04/22/2020,SIG,PR,ASO,ES,Federal Contract Tower,0,1,0,0,1,0,5,34,14,53,0,6,34,14,54,24,0,24,78
04/23/2020,SIG,PR,ASO,ES,Federal Contract Tower,0,2,3,3,8,0,5,34,12,51,0,7,37,15,59,24,0,24,83
04/24/2020,SIG,PR,ASO,ES,Federal Contract Tower,0,0,4,0,4,0,4,39,2,45,0,4,43,2,49,12,0,12,61
04/25/2020,SIG,PR,ASO,ES,Federal Contract Tower,0,0,2,0,2,0,2,39,1,42,0,2,41,1,44,26,0,26,70
04/26/2020,SIG,PR,ASO,ES,Federal Contract Tower,0,0,1,0,1,0,2,15,3,20,0,2,16,3,21,2,0,2,23
04/27/2020,SIG,PR,ASO,ES,Federal Contract Tower,0,0,2,0,2,0,3,28,3,34,0,3,30,3,36,0,0,0,36
04/28/2020,SIG,PR,ASO,ES,Federal Contract Tower,0,0,2,0,2,0,6,29,8,43,0,6,31,8,45,10,0,10,55
04/29/2020,SIG,PR,ASO,ES,Federal Contract Tower,0,0,1,0,1,0,6,23,12,41,0,6,24,12,42,0,0,0,42
04/30/2020,SIG,PR,ASO,ES,Federal Contract Tower,0,0,4,0,4,0,8,32,2,42,0,8,36,2,46,16,0,16,62
05/01/2020,SIG,PR,ASO,ES,Federal Contract Tower,0,0,4,0,4,0,4,28,3,35,0,4,32,3,39,12,0,12,51
05/02/2020,SIG,PR,ASO,ES,Federal Contract Tower,0,0,3,0,3,0,0,37,0,37,0,0,40,0,40,12,0,12,52
05/03/2020,SIG,PR,ASO,ES,Federal Contract Tower,0,0,4,0,4,0,2,23,0,25,0,2,27,0,29,4,0,4,33
05/04/2020,SIG,PR,ASO,ES,Federal Contract Tower,0,0,4,0,4,0,8,30,0,38,0,8,34,0,42,38,0,38,80
05/05/2020,SIG,PR,ASO,ES,Federal Contract Tower,0,0,7,2,9,0,6,40,10,56,0,6,47,12,65,68,0,68,133
05/06/2020,SIG,PR,ASO,ES,Federal Contract Tower,0,0,4,2,6,0,6,50,6,62,0,6,54,8,68,56,0,56,124
05/07/2020,SIG,PR,ASO,ES,Federal Contract Tower,0,0,4,0,4,0,7,53,4,64,0,7,57,4,68,24,0,24,92
05/08/2020,SIG,PR,ASO,ES,Federal Contract Tower,0,0,4,0,4,0,9,54,3,66,0,9,58,3,70,32,0,32,102
05/09/2020,SIG,PR,ASO,ES,Federal Contract Tower,0,0,0,0,0,0,2,40,1,43,0,2,40,1,43,38,0,38,81
05/10/2020,SIG,PR,ASO,ES,Federal Contract Tower,0,0,0,0,0,0,0,22,0,22,0,0,22,0,22,0,0,0,22
05/11/2020,SIG,PR,ASO,ES,Federal Contract Tower,0,0,2,0,2,0,7,45,2,54,0,7,47,2,56,26,0,26,82
05/12/2020,SIG,PR,ASO,ES,Federal Contract Tower,0,0,1,0,1,0,7,49,8,64,0,7,50,8,65,40,20,60,125
05/13/2020,SIG,PR,ASO,ES,Federal Contract Tower,0,0,6,3,9,0,2,34,9,45,0,2,40,12,54,6,0,6,60
05/14/2020,SIG,PR,ASO,ES,Federal Contract Tower,0,0,2,0,2,0,4,24,4,32,0,4,26,4,34,34,0,34,68
05/15/2020,SIG,PR,ASO,ES,Federal Contract Tower,0,0,7,0,7,0,3,28,2,33,0,3,35,2,40,4,0,4,44
05/16/2020,SIG,PR,ASO,ES,Federal Contract Tower,0,0,3,0,3,0,34,0,0,34,0,34,3,0,37,18,0,18,55
05/17/2020,SIG,PR,ASO,ES,Federal Contract Tower,0,0,5,0,5,0,1,23,0,24,0,1,28,0,29,12,0,12,41
05/18/2020,SIG,PR,ASO,ES,Federal Contract Tower,0,0,2,0,2,0,5,54,0,59,0,5,56,0,61,24,0,24,85
05/19/2020,SIG,PR,ASO,ES,Federal Contract Tower,0,0,6,2,8,0,12,30,8,50,0,12,36,10,58,12,0,12,70
05/20/2020,SIG,PR,ASO,ES,Federal Contract Tower,0,0,4,2,6,0,10,41,7,58,0,10,45,9,64,14,0,14,78
05/21/2020,SIG,PR,ASO,ES,Federal Contract Tower,0,0,6,0,6,0,4,23,5,32,0,4,29,5,38,4,0,4,42
05/22/2020,SIG,PR,ASO,ES,Federal Contract Tower,0,0,5,1,6,0,9,40,1,50,0,9,45,2,56,0,0,0,56
05/23/2020,SIG,PR,ASO,ES,Federal Contract Tower,1,0,7,0,8,1,0,39,2,42,2,0,46,2,50,24,0,24,74
05/24/2020,SIG,PR,ASO,ES,Federal Contract Tower,0,5,1,0,6,0,0,36,0,36,0,5,37,0,42,6,0,6,48
05/25/2020,SIG,PR,ASO,ES,Federal Contract Tower,2,0,5,0,7,2,8,53,0,63,4,8,58,0,70,8,0,8,78
05/26/2020,SIG,PR,ASO,ES,Federal Contract Tower,0,0,4,0,4,0,9,45,7,61,0,9,49,7,65,20,12,32,97
05/27/2020,SIG,PR,ASO,ES,Federal Contract Tower,1,0,4,1,6,8,6,34,2,50,9,6,38,3,56,18,0,18,74
05/28/2020,SIG,PR,ASO,ES,Federal Contract Tower,0,2,2,1,5,0,7,27,0,34,0,9,29,1,39,16,0,16,55
05/29/2020,SIG,PR,ASO,ES,Federal Contract Tower,2,4,12,0,18,0,8,44,0,52,2,12,56,0,70,20,0,20,90
05/30/2020,SIG,PR,ASO,ES,Federal Contract Tower,1,0,4,0,5,1,15,56,5,77,2,15,60,5,82,48,10,58,140
05/31/2020,SIG,PR,ASO,ES,Federal Contract Tower,1,0,3,0,4,1,1,116,0,118,2,1,119,0,122,18,0,18,140
06/01/2020,SIG,PR,ASO,ES,Federal Contract Tower,0,0,0,1,1,0,6,30,0,36,0,6,30,1,37,2,0,2,39
06/02/2020,SIG,PR,ASO,ES,Federal Contract Tower,0,0,3,1,4,0,5,46,7,58,0,5,49,8,62,10,0,10,72
06/03/2020,SIG,PR,ASO,ES,Federal Contract Tower,0,0,3,2,5,0,13,33,19,65,0,13,36,21,70,14,6,20,90
06/04/2020,SIG,PR,ASO,ES,Federal Contract Tower,0,1,5,3,9,0,10,33,13,56,0,11,38,16,65,10,8,18,83
06/05/2020,SIG,PR,ASO,ES,Federal Contract Tower,0,0,2,2,4,0,10,30,7,47,0,10,32,9,51,0,0,0,51
06/06/2020,SIG,PR,ASO,ES,Federal Contract Tower,0,0,5,0,5,0,2,58,0,60,0,2,63,0,65,16,0,16,81
06/07/2020,SIG,PR,ASO,ES,Federal Contract Tower,0,0,3,0,3,0,0,66,0,66,0,0,69,0,69,16,0,16,85
06/08/2020,SIG,PR,ASO,ES,Federal Contract Tower,1,0,5,0,6,0,8,34,13,55,1,8,39,13,61,0,0,0,61
06/09/2020,SIG,PR,ASO,ES,Federal Contract Tower,1,0,4,1,6,1,9,38,14,62,2,9,42,15,68,2,0,2,70
06/10/2020,SIG,PR,ASO,ES,Federal Contract Tower,0,0,2,1,3,0,7,17,10,34,0,7,19,11,37,2,2,4,41
06/11/2020,SIG,PR,ASO,ES,Federal Contract Tower,0,0,5,0,5,0,15,23,8,46,0,15,28,8,51,0,0,0,51
06/12/2020,SIG,PR,ASO,ES,Federal Contract Tower,0,1,6,0,7,0,8,34,7,49,0,9,40,7,56,0,0,0,56
06/13/2020,SIG,PR,ASO,ES,Federal Contract Tower,0,0,0,0,0,0,3,32,0,35,0,3,32,0,35,6,0,6,41
06/14/2020,SIG,PR,ASO,ES,Federal Contract Tower,0,0,7,0,7,0,0,91,0,91,0,0,98,0,98,0,0,0,98
06/15/2020,SIG,PR,ASO,ES,Federal Contract Tower,0,0,6,0,6,0,15,56,3,74,0,15,62,3,80,2,0,2,82
06/16/2020,SIG,PR,ASO,ES,Federal Contract Tower,0,0,5,1,6,0,7,37,9,53,0,7,42,10,59,20,4,24,83
06/17/2020,SIG,PR,ASO,ES,Federal Contract Tower,0,0,3,1,4,0,13,37,5,55,0,13,40,6,59,0,0,0,59
06/18/2020,SIG,PR,ASO,ES,Federal Contract Tower,0,0,2,3,5,0,13,50,4,67,0,13,52,7,72,8,6,14,86
06/19/2020,SIG,PR,ASO,ES,Federal Contract Tower,0,0,4,1,5,0,11,42,6,59,0,11,46,7,64,8,0,8,72
06/20/2020,SIG,PR,ASO,ES,Federal Contract Tower,0,0,10,0,10,0,0,54,0,54,0,0,64,0,64,22,0,22,86
06/21/2020,SIG,PR,ASO,ES,Federal Contract Tower,0,0,3,0,3,0,1,157,0,158,0,1,160,0,161,2,0,2,163
06/22/2020,SIG,PR,ASO,ES,Federal Contract Tower,0,0,9,0,9,0,19,44,5,68,0,19,53,5,77,24,24,48,125
06/23/2020,SIG,PR,ASO,ES,Federal Contract Tower,0,0,8,0,8,0,5,18,0,23,0,5,26,0,31,0,4,4,35
06/24/2020,SIG,PR,ASO,ES,Federal Contract Tower,2,3,6,0,11,1,14,32,8,55,3,17,38,8,66,28,0,28,94
06/25/2020,SIG,PR,ASO,ES,Federal Contract Tower,1,0,5,0,6,0,15,40,10,65,1,15,45,10,71,26,0,26,97
06/26/2020,SIG,PR,ASO,ES,Federal Contract Tower,0,0,9,0,9,0,10,54,0,64,0,10,63,0,73,2,0,2,75
06/27/2020,SIG,PR,ASO,ES,Federal Contract Tower,0,0,6,0,6,0,6,47,0,53,0,6,53,0,59,58,0,58,117
06/28/2020,SIG,PR,ASO,ES,Federal Contract Tower,0,0,3,0,3,0,5,71,0,76,0,5,74,0,79,30,0,30,109
06/29/2020,SIG,PR,ASO,ES,Federal Contract Tower,0,0,4,0,4,0,20,65,2,87,0,20,69,2,91,40,0,40,131
06/30/2020,SIG,PR,ASO,ES,Federal Contract Tower,0,0,4,0,4,0,11,49,8,68,0,11,53,8,72,2,0,2,74
07/01/2020,SIG,PR,ASO,ES,Federal Contract Tower,0,0,10,0,10,1,16,54,9,80,1,16,64,9,90,24,0,24,114
07/02/2020,SIG,PR,ASO,ES,Federal Contract Tower,0,0,10,0,10,0,12,46,4,62,0,12,56,4,72,12,2,14,86
07/03/2020,SIG,PR,ASO,ES,Federal Contract Tower,0,0,9,0,9,0,17,58,2,77,0,17,67,2,86,48,0,48,134
07/04/2020,SIG,PR,ASO,ES,Federal Contract Tower,0,0,6,0,6,0,13,50,0,63,0,13,56,0,69,26,0,26,95
07/05/2020,SIG,PR,ASO,ES,Federal Contract Tower,0,0,9,0,9,0,24,72,0,96,0,24,81,0,105,12,0,12,117
07/06/2020,SIG,PR,ASO,ES,Federal Contract Tower,0,0,11,0,11,0,22,72,4,98,0,22,83,4,109,24,0,24,133
07/07/2020,SIG,PR,ASO,ES,Federal Contract Tower,0,0,11,0,11,0,24,66,0,90,0,24,77,0,101,0,0,0,101
07/08/2020,SIG,PR,ASO,ES,Federal Contract Tower,0,0,12,0,12,0,25,57,1,83,0,25,69,1,95,2,0,2,97
07/09/2020,SIG,PR,ASO,ES,Federal Contract Tower,0,0,11,0,11,0,25,48,0,73,0,25,59,0,84,2,0,2,86
07/10/2020,SIG,PR,ASO,ES,Federal Contract Tower,0,0,2,0,2,0,30,43,2,75,0,30,45,2,77,0,0,0,77
07/11/2020,SIG,PR,ASO,ES,Federal Contract Tower,0,0,9,0,9,0,19,64,2,85,0,19,73,2,94,10,0,10,104
07/12/2020,SIG,PR,ASO,ES,Federal Contract Tower,1,0,9,0,10,0,20,59,0,79,1,20,68,0,89,0,0,0,89
07/13/2020,SIG,PR,ASO,ES,Federal Contract Tower,0,0,9,0,9,0,32,55,1,88,0,32,64,1,97,22,0,22,119
07/14/2020,SIG,PR,ASO,ES,Federal Contract Tower,0,0,13,0,13,0,31,58,2,91,0,31,71,2,104,10,0,10,114
07/15/2020,SIG,PR,ASO,ES,Federal Contract Tower,1,0,10,0,11,0,21,59,3,83,1,21,69,3,94,8,0,8,102
07/16/2020,SIG,PR,ASO,ES,Federal Contract Tower,1,0,1,1,3,0,26,56,3,85,1,26,57,4,88,8,0,8,96
07/17/2020,SIG,PR,ASO,ES,Federal Contract Tower,2,0,6,0,8,1,15,42,4,62,3,15,48,4,70,28,0,28,98
07/18/2020,SIG,PR,ASO,ES,Federal Contract Tower,0,0,7,0,7,0,13,120,0,133,0,13,127,0,140,40,0,40,180
07/19/2020,SIG,PR,ASO,ES,Federal Contract Tower,0,0,4,0,4,0,22,88,0,110,0,22,92,0,114,0,0,0,114
07/20/2020,SIG,PR,ASO,ES,Federal Contract Tower,0,0,7,0,7,0,20,42,1,63,0,20,49,1,70,12,0,12,82
07/21/2020,SIG,PR,ASO,ES,Federal Contract Tower,0,0,8,0,8,0,16,41,5,62,0,16,49,5,70,16,0,16,86
07/22/2020,SIG,PR,ASO,ES,Federal Contract Tower,0,0,7,0,7,0,12,55,9,76,0,12,62,9,83,32,0,32,115
07/23/2020,SIG,PR,ASO,ES,Federal Contract Tower,0,0,0,0,0,0,16,47,4,67,0,16,47,4,67,58,8,66,133
07/24/2020,SIG,PR,ASO,ES,Federal Contract Tower,0,0,5,0,5,0,20,35,0,55,0,20,40,0,60,14,0,14,74
07/25/2020,SIG,PR,ASO,ES,Federal Contract Tower,0,0,6,0,6,0,9,68,1,78,0,9,74,1,84,26,0,26,110
07/26/2020,SIG,PR,ASO,ES,Federal Contract Tower,0,0,3,0,3,0,9,29,0,38,0,9,32,0,41,0,0,0,41
07/27/2020,SIG,PR,ASO,ES,Federal Contract Tower,1,0,7,0,8,0,14,43,3,60,1,14,50,3,68,10,0,10,78
07/28/2020,SIG,PR,ASO,ES,Federal Contract Tower,0,0,7,2,9,0,21,67,5,93,0,21,74,7,102,12,2,14,116
07/29/2020,SIG,PR,ASO,ES,Federal Contract Tower,0,0,4,0,4,0,16,19,7,42,0,16,23,7,46,8,2,10,56
07/30/2020,SIG,PR,ASO,ES,Federal Contract Tower,0,0,0,0,0,0,2,0,0,2,0,2,0,0,2,0,0,0,2
07/31/2020,SIG,PR,ASO,ES,Federal Contract Tower,0,0,4,1,5,0,12,48,8,68,0,12,52,9,73,4,6,10,83
08/01/2020,SIG,PR,ASO,ES,Federal Contract Tower,0,2,7,0,9,0,7,45,0,52,0,9,52,0,61,24,0,24,85
08/02/2020,SIG,PR,ASO,ES,Federal Contract Tower,1,0,1,1,3,0,5,30,0,35,1,5,31,1,38,44,0,44,82
08/03/2020,SIG,PR,ASO,ES,Federal Contract Tower,0,0,3,1,4,0,14,42,2,58,0,14,45,3,62,2,0,2,64
08/04/2020,SIG,PR,ASO,ES,Federal Contract Tower,0,0,4,0,4,0,14,57,5,76,0,14,61,5,80,40,0,40,120
08/05/2020,SIG,PR,ASO,ES,Federal Contract Tower,0,1,9,0,10,0,16,54,6,76,0,17,63,6,86,58,0,58,144
08/06/2020,SIG,PR,ASO,ES,Federal Contract Tower,0,2,6,1,9,0,18,57,18,93,0,20,63,19,102,64,8,72,174
08/07/2020,SIG,PR,ASO,ES,Federal Contract Tower,0,0,5,0,5,0,11,57,1,69,0,11,62,1,74,26,0,26,100
08/08/2020,SIG,PR,ASO,ES,Federal Contract Tower,0,1,4,0,5,0,8,75,0,83,0,9,79,0,88,24,0,24,112
08/09/2020,SIG,PR,ASO,ES,Federal Contract Tower,0,0,4,0,4,0,12,53,0,65,0,12,57,0,69,22,0,22,91
08/10/2020,SIG,PR,ASO,ES,Federal Contract Tower,0,0,10,1,11,0,14,45,5,64,0,14,55,6,75,12,0,12,87
08/11/2020,SIG,PR,ASO,ES,Federal Contract Tower,0,0,8,0,8,0,12,55,3,70,0,12,63,3,78,62,0,62,140
08/12/2020,SIG,PR,ASO,ES,Federal Contract Tower,0,0,1,0,1,0,11,40,4,55,0,11,41,4,56,66,0,66,122
08/13/2020,SIG,PR,ASO,ES,Federal Contract Tower,2,0,4,0,6,0,6,53,13,72,2,6,57,13,78,48,0,48,126
08/14/2020,SIG,PR,ASO,ES,Federal Contract Tower,0,0,12,0,12,0,16,58,5,79,0,16,70,5,91,100,0,100,191
08/15/2020,SIG,PR,ASO,ES,Federal Contract Tower,0,0,6,0,6,0,6,78,6,90,0,6,84,6,96,132,0,132,228
08/16/2020,SIG,PR,ASO,ES,Federal Contract Tower,0,0,7,0,7,0,3,40,0,43,0,3,47,0,50,16,0,16,66
08/17/2020,SIG,PR,ASO,ES,Federal Contract Tower,0,2,6,2,10,0,13,57,6,76,0,15,63,8,86,32,0,32,118
08/18/2020,SIG,PR,ASO,ES,Federal Contract Tower,0,0,3,2,5,0,16,77,7,100,0,16,80,9,105,88,0,88,193
08/19/2020,SIG,PR,ASO,ES,Federal Contract Tower,0,0,9,2,11,0,10,65,7,82,0,10,74,9,93,52,4,56,149
08/20/2020,SIG,PR,ASO,ES,Federal Contract Tower,0,0,10,2,12,0,12,56,6,74,0,12,66,8,86,40,0,40,126
08/21/2020,SIG,PR,ASO,ES,Federal Contract Tower,0,0,2,2,4,0,17,56,10,83,0,17,58,12,87,62,0,62,149
08/22/2020,SIG,PR,ASO,ES,Federal Contract Tower,0,0,0,0,0,0,0,0,0,0,0,0,0,0,0,0,0,0,0
08/23/2020,SIG,PR,ASO,ES,Federal Contract Tower,0,0,6,0,6,0,15,42,3,60,0,15,48,3,66,34,0,34,100
08/24/2020,SIG,PR,ASO,ES,Federal Contract Tower,0,0,8,0,8,0,13,28,9,50,0,13,36,9,58,30,0,30,88
08/25/2020,SIG,PR,ASO,ES,Federal Contract Tower,0,0,5,0,5,0,10,57,2,69,0,10,62,2,74,70,0,70,144
08/26/2020,SIG,PR,ASO,ES,Federal Contract Tower,0,0,5,0,5,0,16,55,2,73,0,16,60,2,78,46,0,46,124
08/27/2020,SIG,PR,ASO,ES,Federal Contract Tower,0,0,8,0,8,0,8,46,0,54,0,8,54,0,62,86,0,86,148
08/28/2020,SIG,PR,ASO,ES,Federal Contract Tower,1,0,9,0,10,0,13,97,9,119,1,13,106,9,129,126,0,126,255
08/29/2020,SIG,PR,ASO,ES,Federal Contract Tower,0,1,7,0,8,0,10,141,6,157,0,11,148,6,165,102,0,102,267
08/30/2020,SIG,PR,ASO,ES,Federal Contract Tower,0,1,2,0,3,0,11,48,0,59,0,12,50,0,62,8,0,8,70
08/31/2020,SIG,PR,ASO,ES,Federal Contract Tower,0,0,7,0,7,0,15,67,2,84,0,15,74,2,91,44,0,44,135
09/01/2020,SIG,PR,ASO,ES,Federal Contract Tower,0,0,10,0,10,0,10,74,0,84,0,10,84,0,94,116,0,116,210
09/02/2020,SIG,PR,ASO,ES,Federal Contract Tower,0,0,3,0,3,0,11,66,0,77,0,11,69,0,80,198,0,198,278
09/03/2020,SIG,PR,ASO,ES,Federal Contract Tower,0,0,10,0,10,0,14,61,2,77,0,14,71,2,87,0,76,76,163
09/04/2020,SIG,PR,ASO,ES,Federal Contract Tower,0,0,13,0,13,0,17,72,1,90,0,17,85,1,103,112,0,112,215
09/05/2020,SIG,PR,ASO,ES,Federal Contract Tower,0,0,3,0,3,0,12,86,2,100,0,12,89,2,103,58,0,58,161
09/06/2020,SIG,PR,ASO,ES,Federal Contract Tower,0,0,4,0,4,0,13,51,0,64,0,13,55,0,68,28,0,28,96
09/07/2020,SIG,PR,ASO,ES,Federal Contract Tower,0,0,10,0,10,0,24,70,0,94,0,24,80,0,104,34,0,34,138
09/08/2020,SIG,PR,ASO,ES,Federal Contract Tower,0,0,3,0,3,0,14,62,3,79,0,14,65,3,82,44,0,44,126
09/09/2020,SIG,PR,ASO,ES,Federal Contract Tower,0,0,4,0,4,0,16,59,9,84,0,16,63,9,88,70,0,70,158
09/10/2020,SIG,PR,ASO,ES,Federal Contract Tower,0,0,3,0,3,0,14,69,9,92,0,14,72,9,95,70,8,78,173
09/11/2020,SIG,PR,ASO,ES,Federal Contract Tower,0,0,7,1,8,0,12,88,4,104,0,12,95,5,112,80,0,80,192
09/12/2020,SIG,PR,ASO,ES,Federal Contract Tower,0,0,9,1,10,0,11,87,6,104,0,11,96,7,114,76,4,80,194
09/13/2020,SIG,PR,ASO,ES,Federal Contract Tower,0,0,4,0,4,0,9,35,2,46,0,9,39,2,50,6,0,6,56
09/14/2020,SIG,PR,ASO,ES,Federal Contract Tower,0,0,6,0,6,0,18,52,5,75,0,18,58,5,81,36,14,50,131
09/15/2020,SIG,PR,ASO,ES,Federal Contract Tower,1,0,3,0,4,2,21,106,2,131,3,21,109,2,135,72,0,72,207
09/16/2020,SIG,PR,ASO,ES,Federal Contract Tower,1,0,16,0,17,3,11,78,5,97,4,11,94,5,114,108,0,108,222
09/17/2020,SIG,PR,ASO,ES,Federal Contract Tower,1,1,3,0,5,0,13,101,0,114,1,14,104,0,119,112,0,112,231
09/18/2020,SIG,PR,ASO,ES,Federal Contract Tower,0,0,11,1,12,0,15,93,2,110,0,15,104,3,122,86,2,88,210
09/19/2020,SIG,PR,ASO,ES,Federal Contract Tower,0,0,5,0,5,0,9,82,4,95,0,9,87,4,100,78,0,78,178
09/20/2020,SIG,PR,ASO,ES,Federal Contract Tower,0,0,5,0,5,0,9,94,0,103,0,9,99,0,108,20,0,20,128
09/21/2020,SIG,PR,ASO,ES,Federal Contract Tower,0,0,10,0,10,0,23,69,1,93,0,23,79,1,103,52,2,54,157
09/22/2020,SIG,PR,ASO,ES,Federal Contract Tower,0,0,7,0,7,0,19,76,6,101,0,19,83,6,108,96,0,96,204
09/23/2020,SIG,PR,ASO,ES,Federal Contract Tower,1,0,9,0,10,0,2,15,73,90,1,2,24,73,100,80,0,80,180
09/24/2020,SIG,PR,ASO,ES,Federal Contract Tower,2,0,5,0,7,0,12,78,0,90,2,12,83,0,97,124,0,124,221
09/25/2020,SIG,PR,ASO,ES,Federal Contract Tower,0,0,9,0,9,0,16,93,0,109,0,16,102,0,118,180,0,180,298
09/26/2020,SIG,PR,ASO,ES,Federal Contract Tower,0,0,5,0,5,0,13,95,0,108,0,13,100,0,113,124,0,124,237
09/27/2020,SIG,PR,ASO,ES,Federal Contract Tower,0,0,8,0,8,0,15,63,0,78,0,15,71,0,86,16,0,16,102
09/28/2020,SIG,PR,ASO,ES,Federal Contract Tower,0,0,7,0,7,0,19,56,2,77,0,19,63,2,84,32,0,32,116
09/29/2020,SIG,PR,ASO,ES,Federal Contract Tower,0,0,4,0,4,0,13,73,2,88,0,13,77,2,92,76,0,76,168
09/30/2020,SIG,PR,ASO,ES,Federal Contract Tower,0,0,4,0,4,0,19,73,9,101,0,19,77,9,105,80,2,82,187
10/01/2020,SIG,PR,ASO,ES,Federal Contract Tower,0,0,9,0,9,0,23,87,0,110,0,23,96,0,119,82,0,82,201
10/02/2020,SIG,PR,ASO,ES,Federal Contract Tower,0,0,11,0,11,0,22,92,0,114,0,22,103,0,125,112,0,112,237
10/03/2020,SIG,PR,ASO,ES,Federal Contract Tower,0,0,1,0,1,0,11,77,0,88,0,11,78,0,89,126,0,126,215
10/04/2020,SIG,PR,ASO,ES,Federal Contract Tower,0,0,8,0,8,0,12,58,2,72,0,12,66,2,80,20,0,20,100
10/05/2020,SIG,PR,ASO,ES,Federal Contract Tower,1,2,10,0,13,1,18,33,0,52,2,20,43,0,65,8,0,8,73
10/06/2020,SIG,PR,ASO,ES,Federal Contract Tower,0,0,11,0,11,0,16,82,0,98,0,16,93,0,109,116,0,116,225
10/07/2020,SIG,PR,ASO,ES,Federal Contract Tower,0,0,12,0,12,0,10,104,0,114,0,10,116,0,126,146,0,146,272
10/08/2020,SIG,PR,ASO,ES,Federal Contract Tower,0,2,14,0,16,0,22,83,0,105,0,24,97,0,121,76,0,76,197
10/09/2020,SIG,PR,ASO,ES,Federal Contract Tower,1,0,14,0,15,0,24,105,5,134,1,24,119,5,149,152,20,172,321
10/10/2020,SIG,PR,ASO,ES,Federal Contract Tower,0,0,3,0,3,0,12,66,2,80,0,12,69,2,83,72,0,72,155
10/11/2020,SIG,PR,ASO,ES,Federal Contract Tower,0,0,5,0,5,0,8,48,3,59,0,8,53,3,64,2,0,2,66
10/12/2020,SIG,PR,ASO,ES,Federal Contract Tower,0,0,10,0,10,0,25,44,0,69,0,25,54,0,79,32,0,32,111
10/13/2020,SIG,PR,ASO,ES,Federal Contract Tower,0,0,6,0,6,0,8,65,7,80,0,8,71,7,86,66,0,66,152
10/14/2020,SIG,PR,ASO,ES,Federal Contract Tower,0,0,10,0,10,0,13,79,8,100,0,13,89,8,110,118,0,118,228
10/15/2020,SIG,PR,ASO,ES,Federal Contract Tower,0,0,9,0,9,0,17,63,1,81,0,17,72,1,90,52,0,52,142
10/16/2020,SIG,PR,ASO,ES,Federal Contract Tower,0,1,8,0,9,0,14,71,7,92,0,15,79,7,101,42,0,42,143
10/17/2020,SIG,PR,ASO,ES,Federal Contract Tower,0,0,6,0,6,0,12,94,0,106,0,12,100,0,112,78,0,78,190
10/18/2020,SIG,PR,ASO,ES,Federal Contract Tower,0,0,5,0,5,0,12,65,0,77,0,12,70,0,82,22,0,22,104
10/19/2020,SIG,PR,ASO,ES,Federal Contract Tower,0,1,12,0,13,0,15,60,2,77,0,16,72,2,90,70,0,70,160
10/20/2020,SIG,PR,ASO,ES,Federal Contract Tower,1,0,7,1,9,1,12,68,6,87,2,12,75,7,96,120,10,130,226
10/21/2020,SIG,PR,ASO,ES,Federal Contract Tower,1,1,7,0,9,0,18,102,7,127,1,19,109,7,136,158,0,158,294
10/22/2020,SIG,PR,ASO,ES,Federal Contract Tower,1,1,8,0,10,1,7,82,16,106,2,8,90,16,116,66,0,66,182
10/23/2020,SIG,PR,ASO,ES,Federal Contract Tower,0,2,13,0,15,0,17,109,3,129,0,19,122,3,144,112,0,112,256
10/24/2020,SIG,PR,ASO,ES,Federal Contract Tower,0,0,7,0,7,0,11,68,0,79,0,11,75,0,86,72,0,72,158
10/25/2020,SIG,PR,ASO,ES,Federal Contract Tower,0,0,4,0,4,0,8,62,0,70,0,8,66,0,74,32,0,32,106
10/26/2020,SIG,PR,ASO,ES,Federal Contract Tower,0,2,10,0,12,1,16,58,2,77,1,18,68,2,89,64,0,64,153
10/27/2020,SIG,PR,ASO,ES,Federal Contract Tower,0,0,6,0,6,2,13,58,4,77,2,13,64,4,83,58,0,58,141
10/28/2020,SIG,PR,ASO,ES,Federal Contract Tower,1,0,4,0,5,2,15,98,3,118,3,15,102,3,123,160,8,168,291
10/29/2020,SIG,PR,ASO,ES,Federal Contract Tower,0,0,13,0,13,0,16,70,5,91,0,16,83,5,104,104,0,104,208
10/30/2020,SIG,PR,ASO,ES,Federal Contract Tower,0,1,12,0,13,0,19,109,6,134,0,20,121,6,147,112,0,112,259
10/31/2020,SIG,PR,ASO,ES,Federal Contract Tower,0,0,8,0,8,0,14,94,0,108,0,14,102,0,116,142,0,142,258
11/01/2020,SIG,PR,ASO,ES,Federal Contract Tower,0,0,10,0,10,0,9,73,0,82,0,9,83,0,92,66,0,66,158
11/02/2020,SIG,PR,ASO,ES,Federal Contract Tower,0,0,7,0,7,0,15,78,0,93,0,15,85,0,100,74,0,74,174
11/03/2020,SIG,PR,ASO,ES,Federal Contract Tower,0,0,7,0,7,0,11,44,0,55,0,11,51,0,62,12,0,12,74
11/04/2020,SIG,PR,ASO,ES,Federal Contract Tower,0,0,8,1,9,0,18,106,7,131,0,18,114,8,140,176,0,176,316
11/05/2020,SIG,PR,ASO,ES,Federal Contract Tower,0,0,14,1,15,0,12,101,6,119,0,12,115,7,134,130,0,130,264
11/06/2020,SIG,PR,ASO,ES,Federal Contract Tower,0,0,15,0,15,0,19,111,3,133,0,19,126,3,148,200,0,200,348
11/07/2020,SIG,PR,ASO,ES,Federal Contract Tower,0,0,6,0,6,0,15,85,4,104,0,15,91,4,110,76,0,76,186
11/08/2020,SIG,PR,ASO,ES,Federal Contract Tower,0,0,16,0,16,0,12,37,0,49,0,12,53,0,65,12,0,12,77
11/09/2020,SIG,PR,ASO,ES,Federal Contract Tower,0,0,5,0,5,0,13,50,1,64,0,13,55,1,69,8,0,8,77
11/10/2020,SIG,PR,ASO,ES,Federal Contract Tower,0,0,3,0,3,0,14,79,5,98,0,14,82,5,101,60,12,72,173
11/11/2020,SIG,PR,ASO,ES,Federal Contract Tower,1,0,4,0,5,1,15,29,0,45,2,15,33,0,50,62,0,62,112
11/12/2020,SIG,PR,ASO,ES,Federal Contract Tower,2,0,6,0,8,0,20,113,3,136,2,20,119,3,144,144,0,144,288
11/13/2020,SIG,PR,ASO,ES,Federal Contract Tower,0,0,12,1,13,0,25,124,4,153,0,25,136,5,166,188,0,188,354
11/14/2020,SIG,PR,ASO,ES,Federal Contract Tower,0,0,1,1,2,0,18,123,10,151,0,18,124,11,153,154,8,162,315
11/15/2020,SIG,PR,ASO,ES,Federal Contract Tower,0,0,6,0,6,0,13,65,2,80,0,13,71,2,86,92,0,92,178
11/16/2020,SIG,PR,ASO,ES,Federal Contract Tower,1,0,6,0,7,1,19,94,11,125,2,19,100,11,132,84,14,98,230
11/17/2020,SIG,PR,ASO,ES,Federal Contract Tower,0,0,13,0,13,0,22,128,10,160,0,22,141,10,173,118,0,118,291
11/19/2020,SIG,PR,ASO,ES,Federal Contract Tower,0,0,12,3,15,0,17,106,3,126,0,17,118,6,141,178,0,178,319
11/20/2020,SIG,PR,ASO,ES,Federal Contract Tower,1,0,14,0,15,0,26,91,6,123,1,26,105,6,138,106,6,112,250
11/21/2020,SIG,PR,ASO,ES,Federal Contract Tower,0,1,14,0,15,0,9,90,1,100,0,10,104,1,115,176,0,176,291
11/22/2020,SIG,PR,ASO,ES,Federal Contract Tower,0,0,8,0,8,0,16,74,3,93,0,16,82,3,101,10,8,18,119
11/23/2020,SIG,PR,ASO,ES,Federal Contract Tower,0,0,5,1,6,0,21,68,7,96,0,21,73,8,102,62,10,72,174
11/24/2020,SIG,PR,ASO,ES,Federal Contract Tower,0,0,12,1,13,0,18,94,7,119,0,18,106,8,132,150,0,150,282
11/25/2020,SIG,PR,ASO,ES,Federal Contract Tower,0,0,13,0,13,0,21,68,4,93,0,21,81,4,106,94,0,94,200
11/27/2020,SIG,PR,ASO,ES,Federal Contract Tower,0,0,5,0,5,0,17,84,0,101,0,17,89,0,106,96,0,96,202
11/28/2020,SIG,PR,ASO,ES,Federal Contract Tower,0,0,2,0,2,0,21,125,0,146,0,21,127,0,148,132,0,132,280
11/29/2020,SIG,PR,ASO,ES,Federal Contract Tower,0,0,10,0,10,0,19,79,0,98,0,19,89,0,108,26,0,26,134
11/30/2020,SIG,PR,ASO,ES,Federal Contract Tower,0,0,9,0,9,0,24,55,5,84,0,24,64,5,93,10,4,14,107
12/01/2020,SIG,PR,ASO,ES,Federal Contract Tower,0,0,4,3,7,0,20,68,13,101,0,20,72,16,108,44,0,44,152
12/02/2020,SIG,PR,ASO,ES,Federal Contract Tower,0,0,8,2,10,0,22,83,8,113,0,22,91,10,123,90,0,90,213
12/03/2020,SIG,PR,ASO,ES,Federal Contract Tower,0,0,6,2,8,0,16,63,6,85,0,16,69,8,93,100,0,100,193
12/04/2020,SIG,PR,ASO,ES,Federal Contract Tower,0,0,10,0,10,0,19,82,0,101,0,19,92,0,111,168,0,168,279
12/05/2020,SIG,PR,ASO,ES,Federal Contract Tower,0,0,2,0,2,0,12,87,0,99,0,12,89,0,101,128,0,128,229
12/06/2020,SIG,PR,ASO,ES,Federal Contract Tower,0,0,18,0,18,0,15,70,0,85,0,15,88,0,103,2,0,2,105
12/07/2020,SIG,PR,ASO,ES,Federal Contract Tower,0,0,9,0,9,0,12,41,2,55,0,12,50,2,64,52,0,52,116
12/08/2020,SIG,PR,ASO,ES,Federal Contract Tower,0,0,6,0,6,0,17,76,7,100,0,17,82,7,106,186,0,186,292
12/09/2020,SIG,PR,ASO,ES,Federal Contract Tower,0,0,15,1,16,0,17,102,10,129,0,17,117,11,145,218,0,218,363
12/10/2020,SIG,PR,ASO,ES,Federal Contract Tower,0,0,7,0,7,0,22,111,3,136,0,22,118,3,143,134,0,134,277
12/11/2020,SIG,PR,ASO,ES,Federal Contract Tower,1,2,7,2,12,0,22,76,1,99,1,24,83,3,111,110,2,112,223
12/12/2020,SIG,PR,ASO,ES,Federal Contract Tower,0,0,3,1,4,0,11,119,2,132,0,11,122,3,136,138,0,138,274
12/13/2020,SIG,PR,ASO,ES,Federal Contract Tower,0,0,4,0,4,0,7,18,0,25,0,7,22,0,29,8,0,8,37
12/14/2020,SIG,PR,ASO,ES,Federal Contract Tower,0,0,8,0,8,0,15,62,4,81,0,15,70,4,89,32,0,32,121
12/15/2020,SIG,PR,ASO,ES,Federal Contract Tower,0,0,20,0,20,0,18,94,2,114,0,18,114,2,134,112,0,112,246
12/16/2020,SIG,PR,ASO,ES,Federal Contract Tower,0,0,6,0,6,0,19,95,10,124,0,19,101,10,130,120,2,122,252
12/17/2020,SIG,PR,ASO,ES,Federal Contract Tower,0,0,6,1,7,0,16,94,10,120,0,16,100,11,127,184,10,194,321
12/18/2020,SIG,PR,ASO,ES,Federal Contract Tower,0,0,12,0,12,0,16,114,3,133,0,16,126,3,145,180,0,180,325
12/19/2020,SIG,PR,ASO,ES,Federal Contract Tower,0,0,9,2,11,0,11,96,3,110,0,11,105,5,121,170,0,170,291
12/20/2020,SIG,PR,ASO,ES,Federal Contract Tower,0,0,7,0,7,0,4,42,4,50,0,4,49,4,57,24,0,24,81
12/21/2020,SIG,PR,ASO,ES,Federal Contract Tower,0,0,8,0,8,0,19,68,2,89,0,19,76,2,97,44,0,44,141
12/22/2020,SIG,PR,ASO,ES,Federal Contract Tower,0,0,11,1,12,0,11,59,7,77,0,11,70,8,89,88,2,90,179
12/23/2020,SIG,PR,ASO,ES,Federal Contract Tower,0,0,8,0,8,0,20,96,0,116,0,20,104,0,124,164,0,164,288
12/24/2020,SIG,PR,ASO,ES,Federal Contract Tower,0,0,4,0,4,0,14,25,0,39,0,14,29,0,43,22,0,22,65
12/25/2020,SIG,PR,ASO,ES,Federal Contract Tower,0,0,0,0,0,0,10,38,0,48,0,10,38,0,48,28,0,28,76
12/26/2020,SIG,PR,ASO,ES,Federal Contract Tower,0,0,18,0,18,0,22,108,0,130,0,22,126,0,148,44,0,44,192
12/27/2020,SIG,PR,ASO,ES,Federal Contract Tower,0,0,6,0,6,0,12,54,0,66,0,12,60,0,72,24,0,24,96
12/28/2020,SIG,PR,ASO,ES,Federal Contract Tower,0,0,13,0,13,0,26,73,6,105,0,26,86,6,118,42,0,42,160
12/29/2020,SIG,PR,ASO,ES,Federal Contract Tower,0,0,11,0,11,0,17,77,5,99,0,17,88,5,110,62,2,64,174
12/30/2020,SIG,PR,ASO,ES,Federal Contract Tower,0,0,13,0,13,0,24,65,0,89,0,24,78,0,102,14,0,14,116
12/31/2020,SIG,PR,ASO,ES,Federal Contract Tower,0,0,5,0,5,0,29,51,3,83,0,29,56,3,88,16,0,16,104
01/01/2021,SIG,PR,ASO,ES,Federal Contract Tower,0,0,6,0,6,0,19,17,0,36,0,19,23,0,42,0,0,0,42
01/02/2021,SIG,PR,ASO,ES,Federal Contract Tower,0,1,12,0,13,0,15,32,0,47,0,16,44,0,60,22,0,22,82
01/03/2021,SIG,PR,ASO,ES,Federal Contract Tower,0,0,18,0,18,0,11,39,0,50,0,11,57,0,68,0,0,0,68
01/04/2021,SIG,PR,ASO,ES,Federal Contract Tower,0,0,12,0,12,0,25,39,1,65,0,25,51,1,77,42,0,42,119
01/05/2021,SIG,PR,ASO,ES,Federal Contract Tower,0,0,11,0,11,0,18,29,1,48,0,18,40,1,59,0,0,0,59
01/06/2021,SIG,PR,ASO,ES,Federal Contract Tower,0,0,7,0,7,0,17,26,3,46,0,17,33,3,53,16,0,16,69
01/07/2021,SIG,PR,ASO,ES,Federal Contract Tower,0,0,9,0,9,0,22,43,2,67,0,22,52,2,76,72,0,72,148
01/08/2021,SIG,PR,ASO,ES,Federal Contract Tower,0,0,4,0,4,0,13,52,1,66,0,13,56,1,70,62,0,62,132
01/09/2021,SIG,PR,ASO,ES,Federal Contract Tower,0,0,12,0,12,0,12,91,3,106,0,12,103,3,118,142,0,142,260
01/10/2021,SIG,PR,ASO,ES,Federal Contract Tower,0,0,12,0,12,0,12,42,1,55,0,12,54,1,67,46,0,46,113
01/11/2021,SIG,PR,ASO,ES,Federal Contract Tower,0,0,11,0,11,0,20,38,10,68,0,20,49,10,79,38,0,38,117
01/12/2021,SIG,PR,ASO,ES,Federal Contract Tower,0,0,2,1,3,0,15,52,12,79,0,15,54,13,82,44,0,44,126
01/13/2021,SIG,PR,ASO,ES,Federal Contract Tower,0,0,7,1,8,0,20,79,7,106,0,20,86,8,114,110,0,110,224
01/14/2021,SIG,PR,ASO,ES,Federal Contract Tower,0,0,9,0,9,0,16,57,10,83,0,16,66,10,92,60,2,62,154
01/15/2021,SIG,PR,ASO,ES,Federal Contract Tower,0,0,6,1,7,0,26,65,8,99,0,26,71,9,106,56,30,86,192
01/16/2021,SIG,PR,ASO,ES,Federal Contract Tower,0,0,3,0,3,0,18,92,4,114,0,18,95,4,117,158,0,158,275
01/17/2021,SIG,PR,ASO,ES,Federal Contract Tower,0,0,15,0,15,0,17,68,1,86,0,17,83,1,101,0,0,0,101
01/18/2021,SIG,PR,ASO,ES,Federal Contract Tower,0,0,9,0,9,0,22,75,1,98,0,22,84,1,107,52,6,58,165
01/19/2021,SIG,PR,ASO,ES,Federal Contract Tower,0,0,12,0,12,0,15,70,19,104,0,15,82,19,116,72,6,78,194
01/20/2021,SIG,PR,ASO,ES,Federal Contract Tower,0,0,14,0,14,0,23,93,9,125,0,23,107,9,139,66,0,66,205
01/21/2021,SIG,PR,ASO,ES,Federal Contract Tower,0,0,11,0,11,0,26,77,7,110,0,26,88,7,121,72,0,72,193
01/22/2021,SIG,PR,ASO,ES,Federal Contract Tower,0,0,13,0,13,0,23,73,10,106,0,23,86,10,119,152,4,156,275
01/23/2021,SIG,PR,ASO,ES,Federal Contract Tower,0,6,1,0,7,0,17,75,10,102,0,23,76,10,109,58,2,60,169
01/24/2021,SIG,PR,ASO,ES,Federal Contract Tower,0,0,15,2,17,0,15,83,4,102,0,15,98,6,119,22,14,36,155
01/25/2021,SIG,PR,ASO,ES,Federal Contract Tower,0,0,9,1,10,2,18,44,3,67,2,18,53,4,77,38,0,38,115
01/26/2021,SIG,PR,ASO,ES,Federal Contract Tower,0,0,6,1,7,0,17,73,5,95,0,17,79,6,102,82,0,82,184
01/27/2021,SIG,PR,ASO,ES,Federal Contract Tower,0,0,5,3,8,0,16,80,6,102,0,16,85,9,110,6,0,6,116
01/28/2021,SIG,PR,ASO,ES,Federal Contract Tower,0,0,10,2,12,0,18,76,7,101,0,18,86,9,113,50,0,50,163
01/29/2021,SIG,PR,ASO,ES,Federal Contract Tower,0,1,5,2,8,0,25,87,8,120,0,26,92,10,128,78,2,80,208
01/30/2021,SIG,PR,ASO,ES,Federal Contract Tower,0,0,8,0,8,0,15,68,1,84,0,15,76,1,92,62,0,62,154
02/01/2021,SIG,PR,ASO,ES,Federal Contract Tower,0,0,3,0,3,0,27,41,1,69,0,27,44,1,72,0,0,0,72
02/02/2021,SIG,PR,ASO,ES,Federal Contract Tower,0,0,6,0,6,0,18,67,11,96,0,18,73,11,102,50,0,50,152
02/03/2021,SIG,PR,ASO,ES,Federal Contract Tower,0,0,4,0,4,0,21,91,13,125,0,21,95,13,129,120,6,126,255
02/04/2021,SIG,PR,ASO,ES,Federal Contract Tower,0,0,7,0,7,0,17,77,4,98,0,17,84,4,105,80,0,80,185
02/05/2021,SIG,PR,ASO,ES,Federal Contract Tower,0,1,10,0,11,0,16,89,2,107,0,17,99,2,118,92,8,100,218
02/06/2021,SIG,PR,ASO,ES,Federal Contract Tower,0,0,6,1,7,0,20,112,12,144,0,20,118,13,151,60,10,70,221
02/07/2021,SIG,PR,ASO,ES,Federal Contract Tower,0,0,10,1,11,0,15,111,2,128,0,15,121,3,139,0,10,10,149
02/08/2021,SIG,PR,ASO,ES,Federal Contract Tower,0,0,15,0,15,0,19,84,13,116,0,19,99,13,131,54,0,54,185
02/09/2021,SIG,PR,ASO,ES,Federal Contract Tower,0,0,10,1,11,0,15,81,7,103,0,15,91,8,114,164,4,168,282
02/10/2021,SIG,PR,ASO,ES,Federal Contract Tower,0,0,7,0,7,0,13,54,8,75,0,13,61,8,82,130,2,132,214
02/11/2021,SIG,PR,ASO,ES,Federal Contract Tower,2,0,10,0,12,0,18,103,8,129,2,18,113,8,141,62,0,62,203
02/12/2021,SIG,PR,ASO,ES,Federal Contract Tower,1,2,15,0,18,0,19,87,0,106,1,21,102,0,124,144,0,144,268
02/13/2021,SIG,PR,ASO,ES,Federal Contract Tower,0,2,11,0,13,0,19,106,7,132,0,21,117,7,145,66,0,66,211
02/14/2021,SIG,PR,ASO,ES,Federal Contract Tower,0,0,4,0,4,0,15,93,2,110,0,15,97,2,114,54,0,54,168
02/15/2021,SIG,PR,ASO,ES,Federal Contract Tower,0,0,16,0,16,0,23,60,1,84,0,23,76,1,100,12,0,12,112
02/16/2021,SIG,PR,ASO,ES,Federal Contract Tower,0,0,9,2,11,0,19,100,0,119,0,19,109,2,130,148,0,148,278
02/17/2021,SIG,PR,ASO,ES,Federal Contract Tower,0,0,14,0,14,0,15,51,20,86,0,15,65,20,100,118,0,118,218
02/18/2021,SIG,PR,ASO,ES,Federal Contract Tower,0,2,12,1,15,0,21,106,11,138,0,23,118,12,153,160,0,160,313
02/19/2021,SIG,PR,ASO,ES,Federal Contract Tower,0,1,13,0,14,0,24,108,12,144,0,25,121,12,158,170,0,170,328
02/20/2021,SIG,PR,ASO,ES,Federal Contract Tower,0,1,6,1,8,0,19,119,8,146,0,20,125,9,154,130,0,130,284
02/21/2021,SIG,PR,ASO,ES,Federal Contract Tower,0,0,12,0,12,0,9,90,3,102,0,9,102,3,114,34,0,34,148
02/22/2021,SIG,PR,ASO,ES,Federal Contract Tower,0,0,13,3,16,0,25,81,3,109,0,25,94,6,125,56,0,56,181
02/23/2021,SIG,PR,ASO,ES,Federal Contract Tower,0,0,8,0,8,0,19,93,7,119,0,19,101,7,127,94,0,94,221
02/24/2021,SIG,PR,ASO,ES,Federal Contract Tower,0,1,5,0,6,0,21,103,4,128,0,22,108,4,134,82,0,82,216
02/25/2021,SIG,PR,ASO,ES,Federal Contract Tower,0,1,11,2,14,0,19,85,3,107,0,20,96,5,121,112,2,114,235
02/26/2021,SIG,PR,ASO,ES,Federal Contract Tower,0,0,7,0,7,0,20,104,1,125,0,20,111,1,132,124,0,124,256
02/27/2021,SIG,PR,ASO,ES,Federal Contract Tower,0,0,9,0,9,0,17,76,0,93,0,17,85,0,102,58,0,58,160
02/28/2021,SIG,PR,ASO,ES,Federal Contract Tower,0,0,8,0,8,0,10,84,0,94,0,10,92,0,102,12,0,12,114
03/01/2021,SIG,PR,ASO,ES,Federal Contract Tower,0,2,10,0,12,0,19,37,2,58,0,21,47,2,70,20,0,20,90
03/02/2021,SIG,PR,ASO,ES,Federal Contract Tower,0,0,2,0,2,0,12,83,0,95,0,12,85,0,97,90,0,90,187
03/03/2021,SIG,PR,ASO,ES,Federal Contract Tower,0,0,12,2,14,0,20,88,1,109,0,20,100,3,123,104,0,104,227
03/04/2021,SIG,PR,ASO,ES,Federal Contract Tower,0,1,14,0,15,0,11,90,15,116,0,12,104,15,131,130,0,130,261
03/05/2021,SIG,PR,ASO,ES,Federal Contract Tower,0,0,8,1,9,0,22,101,6,129,0,22,109,7,138,96,0,96,234
03/06/2021,SIG,PR,ASO,ES,Federal Contract Tower,0,0,9,1,10,0,18,143,15,176,0,18,152,16,186,190,2,192,378
03/07/2021,SIG,PR,ASO,ES,Federal Contract Tower,0,0,13,1,14,0,15,109,5,129,0,15,122,6,143,14,0,14,157
03/08/2021,SIG,PR,ASO,ES,Federal Contract Tower,0,0,10,0,10,0,22,81,2,105,0,22,91,2,115,62,0,62,177
03/09/2021,SIG,PR,ASO,ES,Federal Contract Tower,0,0,9,0,9,0,24,111,2,137,0,24,120,2,146,136,0,136,282
03/10/2021,SIG,PR,ASO,ES,Federal Contract Tower,0,0,0,0,0,0,24,117,6,147,0,24,117,6,147,134,0,134,281
03/11/2021,SIG,PR,ASO,ES,Federal Contract Tower,0,3,11,0,14,0,26,152,6,184,0,29,163,6,198,186,0,186,384
03/12/2021,SIG,PR,ASO,ES,Federal Contract Tower,0,1,11,0,12,0,20,141,6,167,0,21,152,6,179,156,0,156,335
03/13/2021,SIG,PR,ASO,ES,Federal Contract Tower,0,0,5,0,5,0,20,110,3,133,0,20,115,3,138,102,0,102,240
03/14/2021,SIG,PR,ASO,ES,Federal Contract Tower,0,0,10,0,10,0,17,77,2,96,0,17,87,2,106,22,0,22,128
03/15/2021,SIG,PR,ASO,ES,Federal Contract Tower,0,1,9,0,10,0,19,68,0,87,0,20,77,0,97,92,0,92,189
03/16/2021,SIG,PR,ASO,ES,Federal Contract Tower,0,6,0,0,6,0,22,108,4,134,0,28,108,4,140,154,0,154,294
03/17/2021,SIG,PR,ASO,ES,Federal Contract Tower,1,0,0,8,9,1,18,52,3,74,2,18,52,11,83,52,0,52,135
03/18/2021,SIG,PR,ASO,ES,Federal Contract Tower,0,0,13,0,13,0,17,110,0,127,0,17,123,0,140,142,0,142,282
03/19/2021,SIG,PR,ASO,ES,Federal Contract Tower,0,0,16,0,16,0,18,88,0,106,0,18,104,0,122,168,0,168,290
03/20/2021,SIG,PR,ASO,ES,Federal Contract Tower,0,0,10,0,10,0,11,85,2,98,0,11,95,2,108,52,0,52,160
03/21/2021,SIG,PR,ASO,ES,Federal Contract Tower,0,0,14,0,14,0,11,100,0,111,0,11,114,0,125,38,0,38,163
03/22/2021,SIG,PR,ASO,ES,Federal Contract Tower,0,0,12,0,12,0,22,81,10,113,0,22,93,10,125,104,0,104,229
03/23/2021,SIG,PR,ASO,ES,Federal Contract Tower,0,0,14,1,15,0,25,129,10,164,0,25,143,11,179,208,0,208,387
03/24/2021,SIG,PR,ASO,ES,Federal Contract Tower,0,0,8,0,8,0,22,102,3,127,0,22,110,3,135,224,0,224,359
03/25/2021,SIG,PR,ASO,ES,Federal Contract Tower,0,0,14,1,15,0,18,125,5,148,0,18,139,6,163,280,0,280,443
03/26/2021,SIG,PR,ASO,ES,Federal Contract Tower,0,1,11,0,12,0,30,103,2,135,0,31,114,2,147,110,0,110,257
03/27/2021,SIG,PR,ASO,ES,Federal Contract Tower,0,1,11,0,12,0,20,138,8,166,0,21,149,8,178,42,0,42,220
03/28/2021,SIG,PR,ASO,ES,Federal Contract Tower,0,0,8,0,8,0,20,89,8,117,0,20,97,8,125,52,0,52,177
03/29/2021,SIG,PR,ASO,ES,Federal Contract Tower,0,2,4,2,8,0,26,88,6,120,0,28,92,8,128,98,0,98,226
03/30/2021,SIG,PR,ASO,ES,Federal Contract Tower,0,0,10,0,10,0,27,87,7,121,0,27,97,7,131,58,0,58,189
03/31/2021,SIG,PR,ASO,ES,Federal Contract Tower,0,1,17,0,18,0,25,97,0,122,0,26,114,0,140,126,0,126,266
04/01/2021,SIG,PR,ASO,ES,Federal Contract Tower,0,0,12,0,12,0,23,76,4,103,0,23,88,4,115,62,0,62,177
04/02/2021,SIG,PR,ASO,ES,Federal Contract Tower,1,0,6,0,7,1,22,31,3,57,2,22,37,3,64,6,0,6,70
04/03/2021,SIG,PR,ASO,ES,Federal Contract Tower,0,1,3,0,4,0,22,92,11,125,0,23,95,11,129,12,0,12,141
04/04/2021,SIG,PR,ASO,ES,Federal Contract Tower,0,0,13,0,13,0,13,112,6,131,0,13,125,6,144,52,0,52,196
04/05/2021,SIG,PR,ASO,ES,Federal Contract Tower,0,0,11,0,11,0,26,120,5,151,0,26,131,5,162,156,0,156,318
04/06/2021,SIG,PR,ASO,ES,Federal Contract Tower,0,0,12,4,16,0,22,117,6,145,0,22,129,10,161,134,0,134,295
04/07/2021,SIG,PR,ASO,ES,Federal Contract Tower,0,0,9,0,9,0,22,79,6,107,0,22,88,6,116,46,4,50,166
04/08/2021,SIG,PR,ASO,ES,Federal Contract Tower,0,0,15,0,15,0,20,75,18,113,0,20,90,18,128,132,0,132,260
04/09/2021,SIG,PR,ASO,ES,Federal Contract Tower,0,1,12,1,14,0,19,138,9,166,0,20,150,10,180,222,18,240,420
04/10/2021,SIG,PR,ASO,ES,Federal Contract Tower,0,0,10,0,10,0,21,143,2,166,0,21,153,2,176,112,0,112,288
04/11/2021,SIG,PR,ASO,ES,Federal Contract Tower,0,0,13,0,13,0,15,110,5,130,0,15,123,5,143,14,0,14,157
04/12/2021,SIG,PR,ASO,ES,Federal Contract Tower,0,0,11,2,13,0,18,82,0,100,0,18,93,2,113,130,0,130,243
04/13/2021,SIG,PR,ASO,ES,Federal Contract Tower,0,0,9,4,13,0,18,98,3,119,0,18,107,7,132,150,0,150,282
04/14/2021,SIG,PR,ASO,ES,Federal Contract Tower,0,0,8,3,11,0,23,100,4,127,0,23,108,7,138,160,0,160,298
04/15/2021,SIG,PR,ASO,ES,Federal Contract Tower,0,0,17,0,17,0,23,125,5,153,0,23,142,5,170,194,0,194,364
04/16/2021,SIG,PR,ASO,ES,Federal Contract Tower,0,0,13,1,14,0,26,93,2,121,0,26,106,3,135,178,6,184,319
04/17/2021,SIG,PR,ASO,ES,Federal Contract Tower,0,0,4,0,4,0,13,85,1,99,0,13,89,1,103,42,0,42,145
04/18/2021,SIG,PR,ASO,ES,Federal Contract Tower,0,0,9,0,9,0,14,71,4,89,0,14,80,4,98,4,0,4,102
04/19/2021,SIG,PR,ASO,ES,Federal Contract Tower,0,0,13,0,13,0,24,78,3,105,0,24,91,3,118,76,0,76,194
04/20/2021,SIG,PR,ASO,ES,Federal Contract Tower,0,0,10,0,10,0,21,103,7,131,0,21,113,7,141,124,6,130,271
04/21/2021,SIG,PR,ASO,ES,Federal Contract Tower,1,0,13,0,14,1,20,110,3,134,2,20,123,3,148,130,0,130,278
04/22/2021,SIG,PR,ASO,ES,Federal Contract Tower,0,0,14,0,14,0,19,76,5,100,0,19,90,5,114,58,0,58,172
04/23/2021,SIG,PR,ASO,ES,Federal Contract Tower,0,0,21,0,21,0,23,89,0,112,0,23,110,0,133,130,0,130,263
04/24/2021,SIG,PR,ASO,ES,Federal Contract Tower,0,0,13,0,13,0,20,103,2,125,0,20,116,2,138,72,0,72,210
04/25/2021,SIG,PR,ASO,ES,Federal Contract Tower,0,0,10,0,10,0,14,57,1,72,0,14,67,1,82,6,0,6,88
04/26/2021,SIG,PR,ASO,ES,Federal Contract Tower,0,1,9,0,10,0,19,50,4,73,0,20,59,4,83,70,0,70,153
04/27/2021,SIG,PR,ASO,ES,Federal Contract Tower,0,0,13,0,13,0,21,83,8,112,0,21,96,8,125,106,6,112,237
04/28/2021,SIG,PR,ASO,ES,Federal Contract Tower,0,0,9,0,9,0,17,79,1,97,0,17,88,1,106,92,0,92,198
04/29/2021,SIG,PR,ASO,ES,Federal Contract Tower,0,0,14,1,15,0,20,67,7,94,0,20,81,8,109,64,6,70,179
04/30/2021,SIG,PR,ASO,ES,Federal Contract Tower,0,1,8,0,9,0,26,119,2,147,0,27,127,2,156,144,0,144,300
05/01/2021,SIG,PR,ASO,ES,Federal Contract Tower,0,0,6,0,6,0,19,117,0,136,0,19,123,0,142,92,0,92,234
05/02/2021,SIG,PR,ASO,ES,Federal Contract Tower,0,0,11,1,12,0,22,76,0,98,0,22,87,1,110,16,0,16,126
05/03/2021,SIG,PR,ASO,ES,Federal Contract Tower,0,0,12,1,13,0,20,82,5,107,0,20,94,6,120,90,0,90,210
05/04/2021,SIG,PR,ASO,ES,Federal Contract Tower,0,0,9,0,9,0,13,119,6,138,0,13,128,6,147,128,0,128,275
05/05/2021,SIG,PR,ASO,ES,Federal Contract Tower,0,0,9,0,9,0,22,84,4,110,0,22,93,4,119,186,0,186,305
05/06/2021,SIG,PR,ASO,ES,Federal Contract Tower,0,0,16,0,16,0,27,113,3,143,0,27,129,3,159,138,4,142,301
05/07/2021,SIG,PR,ASO,ES,Federal Contract Tower,0,0,15,0,15,0,25,150,0,175,0,25,165,0,190,154,0,154,344
05/08/2021,SIG,PR,ASO,ES,Federal Contract Tower,0,0,9,0,9,0,20,133,0,153,0,20,142,0,162,130,0,130,292
05/09/2021,SIG,PR,ASO,ES,Federal Contract Tower,0,0,3,0,3,0,15,98,0,113,0,15,101,0,116,8,0,8,124
05/10/2021,SIG,PR,ASO,ES,Federal Contract Tower,0,0,13,0,13,0,25,60,5,90,0,25,73,5,103,20,0,20,123
05/11/2021,SIG,PR,ASO,ES,Federal Contract Tower,0,0,12,0,12,0,19,75,3,97,0,19,87,3,109,124,0,124,233
05/12/2021,SIG,PR,ASO,ES,Federal Contract Tower,0,0,9,0,9,0,22,116,7,145,0,22,125,7,154,154,0,154,308
05/13/2021,SIG,PR,ASO,ES,Federal Contract Tower,0,0,18,0,18,0,25,106,6,137,0,25,124,6,155,124,10,134,289
05/14/2021,SIG,PR,ASO,ES,Federal Contract Tower,0,0,16,0,16,0,23,82,2,107,0,23,98,2,123,106,0,106,229
05/15/2021,SIG,PR,ASO,ES,Federal Contract Tower,0,0,7,0,7,0,20,113,1,134,0,20,120,1,141,134,0,134,275
05/16/2021,SIG,PR,ASO,ES,Federal Contract Tower,0,0,10,0,10,0,15,116,0,131,0,15,126,0,141,8,0,8,149
05/17/2021,SIG,PR,ASO,ES,Federal Contract Tower,0,0,9,0,9,0,21,84,5,110,0,21,93,5,119,104,0,104,223
05/18/2021,SIG,PR,ASO,ES,Federal Contract Tower,0,0,17,0,17,0,26,93,7,126,0,26,110,7,143,110,0,110,253
05/19/2021,SIG,PR,ASO,ES,Federal Contract Tower,0,0,9,0,9,0,22,91,3,116,0,22,100,3,125,142,4,146,271
05/20/2021,SIG,PR,ASO,ES,Federal Contract Tower,0,0,13,0,13,0,23,74,4,101,0,23,87,4,114,108,18,126,240
05/21/2021,SIG,PR,ASO,ES,Federal Contract Tower,0,1,15,0,16,0,19,127,2,148,0,20,142,2,164,126,0,126,290
05/22/2021,SIG,PR,ASO,ES,Federal Contract Tower,0,0,7,0,7,0,15,114,2,131,0,15,121,2,138,142,0,142,280
05/23/2021,SIG,PR,ASO,ES,Federal Contract Tower,0,0,10,0,10,0,12,57,4,73,0,12,67,4,83,8,0,8,91
05/24/2021,SIG,PR,ASO,ES,Federal Contract Tower,0,0,13,0,13,0,18,74,3,95,0,18,87,3,108,104,0,104,212
05/25/2021,SIG,PR,ASO,ES,Federal Contract Tower,0,0,9,0,9,0,19,115,10,144,0,19,124,10,153,190,0,190,343
05/26/2021,SIG,PR,ASO,ES,Federal Contract Tower,0,0,15,0,15,0,20,115,5,140,0,20,130,5,155,184,2,186,341
05/27/2021,SIG,PR,ASO,ES,Federal Contract Tower,0,0,12,0,12,0,22,110,2,134,0,22,122,2,146,176,0,176,322
05/28/2021,SIG,PR,ASO,ES,Federal Contract Tower,0,0,17,0,17,0,22,115,2,139,0,22,132,2,156,142,0,142,298
05/29/2021,SIG,PR,ASO,ES,Federal Contract Tower,0,0,4,0,4,0,19,119,0,138,0,19,123,0,142,94,0,94,236
05/30/2021,SIG,PR,ASO,ES,Federal Contract Tower,0,0,4,0,4,0,16,117,1,134,0,16,121,1,138,0,0,0,138
05/31/2021,SIG,PR,ASO,ES,Federal Contract Tower,0,0,16,0,16,0,22,58,1,81,0,22,74,1,97,22,0,22,119
06/01/2021,SIG,PR,ASO,ES,Federal Contract Tower,0,0,12,0,12,0,19,71,6,96,0,19,83,6,108,68,0,68,176
06/02/2021,SIG,PR,ASO,ES,Federal Contract Tower,0,0,21,0,21,0,20,114,2,136,0,20,135,2,157,168,0,168,325
06/03/2021,SIG,PR,ASO,ES,Federal Contract Tower,0,0,9,0,9,0,25,96,1,122,0,25,105,1,131,130,2,132,263
06/04/2021,SIG,PR,ASO,ES,Federal Contract Tower,0,0,15,0,15,0,29,110,3,142,0,29,125,3,157,88,0,88,245
06/05/2021,SIG,PR,ASO,ES,Federal Contract Tower,0,0,3,0,3,0,19,87,6,112,0,19,90,6,115,82,0,82,197
06/06/2021,SIG,PR,ASO,ES,Federal Contract Tower,0,0,16,0,16,0,22,105,2,129,0,22,121,2,145,22,0,22,167
06/07/2021,SIG,PR,ASO,ES,Federal Contract Tower,0,0,13,0,13,0,17,60,1,78,0,17,73,1,91,38,0,38,129
06/08/2021,SIG,PR,ASO,ES,Federal Contract Tower,0,0,5,0,5,0,18,49,6,73,0,18,54,6,78,44,0,44,122
06/09/2021,SIG,PR,ASO,ES,Federal Contract Tower,0,0,7,0,7,0,20,57,4,81,0,20,64,4,88,120,0,120,208
06/10/2021,SIG,PR,ASO,ES,Federal Contract Tower,0,0,18,0,18,0,25,30,0,55,0,25,48,0,73,26,0,26,99
06/11/2021,SIG,PR,ASO,ES,Federal Contract Tower,0,0,8,0,8,0,21,57,1,79,0,21,65,1,87,30,0,30,117
06/12/2021,SIG,PR,ASO,ES,Federal Contract Tower,0,0,5,0,5,0,18,160,0,178,0,18,165,0,183,134,0,134,317
06/13/2021,SIG,PR,ASO,ES,Federal Contract Tower,0,0,5,0,5,0,21,87,3,111,0,21,92,3,116,24,0,24,140
06/14/2021,SIG,PR,ASO,ES,Federal Contract Tower,0,0,9,0,9,0,27,80,4,111,0,27,89,4,120,52,0,52,172
06/15/2021,SIG,PR,ASO,ES,Federal Contract Tower,0,0,23,0,23,0,21,96,7,124,0,21,119,7,147,88,0,88,235
06/16/2021,SIG,PR,ASO,ES,Federal Contract Tower,0,0,17,0,17,0,25,101,3,129,0,25,118,3,146,138,0,138,284
06/17/2021,SIG,PR,ASO,ES,Federal Contract Tower,0,0,9,0,9,0,25,43,0,68,0,25,52,0,77,46,0,46,123
06/18/2021,SIG,PR,ASO,ES,Federal Contract Tower,0,0,15,0,15,0,26,137,0,163,0,26,152,0,178,144,0,144,322
06/19/2021,SIG,PR,ASO,ES,Federal Contract Tower,0,0,7,0,7,0,28,144,0,172,0,28,151,0,179,102,0,102,281
06/20/2021,SIG,PR,ASO,ES,Federal Contract Tower,0,0,12,0,12,0,14,112,0,126,0,14,124,0,138,48,0,48,186
06/21/2021,SIG,PR,ASO,ES,Federal Contract Tower,0,0,9,0,9,0,20,39,4,63,0,20,48,4,72,10,0,10,82
06/22/2021,SIG,PR,ASO,ES,Federal Contract Tower,0,0,7,0,7,0,19,78,4,101,0,19,85,4,108,130,0,130,238
06/23/2021,SIG,PR,ASO,ES,Federal Contract Tower,0,0,14,0,14,0,21,117,0,138,0,21,131,0,152,164,0,164,316
06/24/2021,SIG,PR,ASO,ES,Federal Contract Tower,0,0,17,0,17,0,22,127,2,151,0,22,144,2,168,248,0,248,416
06/25/2021,SIG,PR,ASO,ES,Federal Contract Tower,0,0,14,0,14,0,22,156,0,178,0,22,170,0,192,140,0,140,332
06/26/2021,SIG,PR,ASO,ES,Federal Contract Tower,0,0,14,0,14,0,23,95,0,118,0,23,109,0,132,116,0,116,248
06/27/2021,SIG,PR,ASO,ES,Federal Contract Tower,0,0,7,0,7,0,15,91,1,107,0,15,98,1,114,24,2,26,140
06/28/2021,SIG,PR,ASO,ES,Federal Contract Tower,0,0,14,0,14,0,23,64,5,92,0,23,78,5,106,78,0,78,184
06/29/2021,SIG,PR,ASO,ES,Federal Contract Tower,0,0,11,0,11,0,22,103,6,131,0,22,114,6,142,170,0,170,312
06/30/2021,SIG,PR,ASO,ES,Federal Contract Tower,0,0,14,0,14,0,23,107,7,137,0,23,121,7,151,170,2,172,323
07/01/2021,SIG,PR,ASO,ES,Federal Contract Tower,0,2,14,0,16,0,32,86,1,119,0,34,100,1,135,106,0,106,241
07/02/2021,SIG,PR,ASO,ES,Federal Contract Tower,0,0,23,0,23,0,31,79,0,110,0,31,102,0,133,16,0,16,149
07/03/2021,SIG,PR,ASO,ES,Federal Contract Tower,0,0,5,0,5,0,15,40,0,55,0,15,45,0,60,14,0,14,74
07/04/2021,SIG,PR,ASO,ES,Federal Contract Tower,0,0,4,0,4,0,16,53,0,69,0,16,57,0,73,8,0,8,81
07/05/2021,SIG,PR,ASO,ES,Federal Contract Tower,0,0,10,0,10,0,24,45,0,69,0,24,55,0,79,38,0,38,117
07/06/2021,SIG,PR,ASO,ES,Federal Contract Tower,0,0,17,0,17,0,21,95,2,118,0,21,112,2,135,124,0,124,259
07/07/2021,SIG,PR,ASO,ES,Federal Contract Tower,0,0,5,1,6,0,22,79,1,102,0,22,84,2,108,112,0,112,220
07/08/2021,SIG,PR,ASO,ES,Federal Contract Tower,0,0,12,0,12,0,29,76,4,109,0,29,88,4,121,96,0,96,217
07/09/2021,SIG,PR,ASO,ES,Federal Contract Tower,0,0,12,0,12,0,21,91,4,116,0,21,103,4,128,98,0,98,226
07/10/2021,SIG,PR,ASO,ES,Federal Contract Tower,0,0,8,0,8,0,19,201,0,220,0,19,209,0,228,116,0,116,344
07/11/2021,SIG,PR,ASO,ES,Federal Contract Tower,0,0,12,0,12,0,22,80,2,104,0,22,92,2,116,0,0,0,116
07/12/2021,SIG,PR,ASO,ES,Federal Contract Tower,1,0,6,0,7,0,21,63,9,93,1,21,69,9,100,66,8,74,174
07/13/2021,SIG,PR,ASO,ES,Federal Contract Tower,0,0,9,0,9,0,23,71,1,95,0,23,80,1,104,114,0,114,218
07/14/2021,SIG,PR,ASO,ES,Federal Contract Tower,0,0,12,1,13,0,27,67,3,97,0,27,79,4,110,84,16,100,210
07/15/2021,SIG,PR,ASO,ES,Federal Contract Tower,0,0,8,1,9,0,20,96,4,120,0,20,104,5,129,152,0,152,281
07/16/2021,SIG,PR,ASO,ES,Federal Contract Tower,0,0,16,0,16,0,23,99,1,123,0,23,115,1,139,130,0,130,269
07/17/2021,SIG,PR,ASO,ES,Federal Contract Tower,0,0,4,0,4,0,18,133,0,151,0,18,137,0,155,68,0,68,223
07/18/2021,SIG,PR,ASO,ES,Federal Contract Tower,0,0,10,0,10,0,18,95,7,120,0,18,105,7,130,10,0,10,140
07/19/2021,SIG,PR,ASO,ES,Federal Contract Tower,0,0,14,0,14,0,21,86,6,113,0,21,100,6,127,50,0,50,177
07/20/2021,SIG,PR,ASO,ES,Federal Contract Tower,0,0,7,1,8,0,22,88,5,115,0,22,95,6,123,128,0,128,251
07/21/2021,SIG,PR,ASO,ES,Federal Contract Tower,0,0,10,0,10,0,23,106,5,134,0,23,116,5,144,132,0,132,276
07/22/2021,SIG,PR,ASO,ES,Federal Contract Tower,0,0,7,1,8,0,26,100,2,128,0,26,107,3,136,100,0,100,236
07/23/2021,SIG,PR,ASO,ES,Federal Contract Tower,0,0,19,1,20,0,27,129,0,156,0,27,148,1,176,84,0,84,260
07/24/2021,SIG,PR,ASO,ES,Federal Contract Tower,0,0,5,0,5,0,12,54,0,66,0,12,59,0,71,82,0,82,153
07/25/2021,SIG,PR,ASO,ES,Federal Contract Tower,0,0,6,0,6,0,22,152,0,174,0,22,158,0,180,38,0,38,218
07/26/2021,SIG,PR,ASO,ES,Federal Contract Tower,0,0,8,0,8,0,22,77,4,103,0,22,85,4,111,36,0,36,147
07/27/2021,SIG,PR,ASO,ES,Federal Contract Tower,0,0,7,0,7,0,24,91,0,115,0,24,98,0,122,84,0,84,206
07/28/2021,SIG,PR,ASO,ES,Federal Contract Tower,0,0,14,0,14,0,22,94,0,116,0,22,108,0,130,66,0,66,196
07/29/2021,SIG,PR,ASO,ES,Federal Contract Tower,0,0,2,2,4,0,26,98,0,124,0,26,100,2,128,150,0,150,278
07/30/2021,SIG,PR,ASO,ES,Federal Contract Tower,0,0,15,0,15,0,28,128,0,156,0,28,143,0,171,150,0,150,321
07/31/2021,SIG,PR,ASO,ES,Federal Contract Tower,0,0,11,0,11,0,23,122,0,145,0,23,133,0,156,116,0,116,272
08/01/2021,SIG,PR,ASO,ES,Federal Contract Tower,0,0,11,0,11,0,16,129,0,145,0,16,140,0,156,72,0,72,228
08/02/2021,SIG,PR,ASO,ES,Federal Contract Tower,0,0,7,0,7,0,23,72,4,99,0,23,79,4,106,74,0,74,180
08/03/2021,SIG,PR,ASO,ES,Federal Contract Tower,0,0,6,0,6,0,26,110,6,142,0,26,116,6,148,166,0,166,314
08/04/2021,SIG,PR,ASO,ES,Federal Contract Tower,0,0,9,0,9,0,24,92,0,116,0,24,101,0,125,124,0,124,249
08/05/2021,SIG,PR,ASO,ES,Federal Contract Tower,0,0,12,1,13,0,26,109,9,144,0,26,121,10,157,114,0,114,271
08/06/2021,SIG,PR,ASO,ES,Federal Contract Tower,0,1,14,0,15,0,24,136,0,160,0,25,150,0,175,132,0,132,307
08/07/2021,SIG,PR,ASO,ES,Federal Contract Tower,0,0,1,0,1,0,19,149,3,171,0,19,150,3,172,118,18,136,308
08/08/2021,SIG,PR,ASO,ES,Federal Contract Tower,0,1,6,0,7,0,16,85,1,102,0,17,91,1,109,38,0,38,147
08/09/2021,SIG,PR,ASO,ES,Federal Contract Tower,0,0,12,0,12,0,27,83,4,114,0,27,95,4,126,78,0,78,204
08/10/2021,SIG,PR,ASO,ES,Federal Contract Tower,0,0,8,0,8,0,8,69,0,77,0,8,77,0,85,58,0,58,143
08/11/2021,SIG,PR,ASO,ES,Federal Contract Tower,0,0,9,0,9,0,30,58,0,88,0,30,67,0,97,20,0,20,117
08/12/2021,SIG,PR,ASO,ES,Federal Contract Tower,0,1,8,0,9,0,20,121,3,144,0,21,129,3,153,196,0,196,349
08/13/2021,SIG,PR,ASO,ES,Federal Contract Tower,1,0,11,0,12,3,26,123,1,153,4,26,134,1,165,124,0,124,289
08/14/2021,SIG,PR,ASO,ES,Federal Contract Tower,0,0,6,0,6,0,32,134,3,169,0,32,140,3,175,88,0,88,263
08/15/2021,SIG,PR,ASO,ES,Federal Contract Tower,0,0,13,0,13,0,6,6,0,12,0,6,19,0,25,0,0,0,25
08/16/2021,SIG,PR,ASO,ES,Federal Contract Tower,0,0,4,1,5,0,22,43,0,65,0,22,47,1,70,36,0,36,106
08/17/2021,SIG,PR,ASO,ES,Federal Contract Tower,0,0,4,1,5,0,24,86,1,111,0,24,90,2,116,182,0,182,298
08/18/2021,SIG,PR,ASO,ES,Federal Contract Tower,0,0,3,0,3,0,24,93,0,117,0,24,96,0,120,100,0,100,220
08/19/2021,SIG,PR,ASO,ES,Federal Contract Tower,1,0,8,0,9,1,23,89,0,113,2,23,97,0,122,128,0,128,250
08/20/2021,SIG,PR,ASO,ES,Federal Contract Tower,0,0,8,0,8,0,22,142,0,164,0,22,150,0,172,94,0,94,266
08/21/2021,SIG,PR,ASO,ES,Federal Contract Tower,0,0,6,0,6,0,26,141,3,170,0,26,147,3,176,168,0,168,344
08/22/2021,SIG,PR,ASO,ES,Federal Contract Tower,0,0,7,0,7,0,17,114,0,131,0,17,121,0,138,74,0,74,212
08/23/2021,SIG,PR,ASO,ES,Federal Contract Tower,0,0,10,0,10,0,32,74,0,106,0,32,84,0,116,106,0,106,222
08/24/2021,SIG,PR,ASO,ES,Federal Contract Tower,0,0,4,0,4,0,28,87,5,120,0,28,91,5,124,190,0,190,314
08/25/2021,SIG,PR,ASO,ES,Federal Contract Tower,0,0,7,0,7,0,28,108,3,139,0,28,115,3,146,82,0,82,228
08/26/2021,SIG,PR,ASO,ES,Federal Contract Tower,0,0,5,0,5,0,19,91,5,115,0,19,96,5,120,152,2,154,274
08/27/2021,SIG,PR,ASO,ES,Federal Contract Tower,0,0,10,0,10,0,24,148,2,174,0,24,158,2,184,104,0,104,288
08/28/2021,SIG,PR,ASO,ES,Federal Contract Tower,0,0,5,0,5,0,19,164,3,186,0,19,169,3,191,108,0,108,299
08/29/2021,SIG,PR,ASO,ES,Federal Contract Tower,0,0,11,0,11,0,10,140,6,156,0,10,151,6,167,10,0,10,177
08/30/2021,SIG,PR,ASO,ES,Federal Contract Tower,0,0,18,0,18,0,25,80,0,105,0,25,98,0,123,82,0,82,205
08/31/2021,SIG,PR,ASO,ES,Federal Contract Tower,0,0,4,0,4,0,23,82,2,107,0,23,86,2,111,104,0,104,215
09/01/2021,SIG,PR,ASO,ES,Federal Contract Tower,0,0,10,2,12,0,16,86,0,102,0,16,96,2,114,118,0,118,232
09/02/2021,SIG,PR,ASO,ES,Federal Contract Tower,0,0,15,0,15,0,20,105,4,129,0,20,120,4,144,242,0,242,386
09/03/2021,SIG,PR,ASO,ES,Federal Contract Tower,0,1,22,0,23,0,26,125,0,151,0,27,147,0,174,94,0,94,268
09/04/2021,SIG,PR,ASO,ES,Federal Contract Tower,0,0,7,0,7,0,20,140,0,160,0,20,147,0,167,156,0,156,323
09/05/2021,SIG,PR,ASO,ES,Federal Contract Tower,0,0,2,0,2,0,18,137,0,155,0,18,139,0,157,10,0,10,167
09/06/2021,SIG,PR,ASO,ES,Federal Contract Tower,0,0,15,0,15,0,26,69,0,95,0,26,84,0,110,22,0,22,132
09/07/2021,SIG,PR,ASO,ES,Federal Contract Tower,0,0,6,0,6,0,19,95,0,114,0,19,101,0,120,92,0,92,212
09/08/2021,SIG,PR,ASO,ES,Federal Contract Tower,0,0,7,0,7,0,20,122,3,145,0,20,129,3,152,120,0,120,272
09/09/2021,SIG,PR,ASO,ES,Federal Contract Tower,0,0,14,1,15,0,22,94,4,120,0,22,108,5,135,72,0,72,207
09/10/2021,SIG,PR,ASO,ES,Federal Contract Tower,0,0,8,0,8,0,18,129,0,147,0,18,137,0,155,160,0,160,315
09/11/2021,SIG,PR,ASO,ES,Federal Contract Tower,0,0,8,0,8,0,16,99,0,115,0,16,107,0,123,60,0,60,183
09/12/2021,SIG,PR,ASO,ES,Federal Contract Tower,0,0,12,0,12,0,7,78,0,85,0,7,90,0,97,0,0,0,97
09/13/2021,SIG,PR,ASO,ES,Federal Contract Tower,0,0,7,0,7,0,17,33,0,50,0,17,40,0,57,10,0,10,67
09/14/2021,SIG,PR,ASO,ES,Federal Contract Tower,0,0,8,0,8,0,18,66,0,84,0,18,74,0,92,94,0,94,186
09/15/2021,SIG,PR,ASO,ES,Federal Contract Tower,0,0,8,0,8,0,16,91,0,107,0,16,99,0,115,96,0,96,211
09/16/2021,SIG,PR,ASO,ES,Federal Contract Tower,0,0,11,1,12,0,21,113,0,134,0,21,124,1,146,110,0,110,256
09/17/2021,SIG,PR,ASO,ES,Federal Contract Tower,0,0,12,0,12,0,24,126,0,150,0,24,138,0,162,90,0,90,252
09/18/2021,SIG,PR,ASO,ES,Federal Contract Tower,0,0,7,0,7,0,13,141,0,154,0,13,148,0,161,80,0,80,241
09/19/2021,SIG,PR,ASO,ES,Federal Contract Tower,0,0,7,0,7,0,12,133,0,145,0,12,140,0,152,28,0,28,180
09/20/2021,SIG,PR,ASO,ES,Federal Contract Tower,0,0,6,1,7,0,15,94,2,111,0,15,100,3,118,28,0,28,146
09/21/2021,SIG,PR,ASO,ES,Federal Contract Tower,0,0,8,0,8,0,20,76,6,102,0,20,84,6,110,100,6,106,216
09/22/2021,SIG,PR,ASO,ES,Federal Contract Tower,0,0,10,0,10,0,25,99,0,124,0,25,109,0,134,148,0,148,282
09/23/2021,SIG,PR,ASO,ES,Federal Contract Tower,0,0,12,0,12,0,20,112,3,135,0,20,124,3,147,146,2,148,295
09/24/2021,SIG,PR,ASO,ES,Federal Contract Tower,0,0,11,1,12,0,24,113,8,145,0,24,124,9,157,86,8,94,251
09/25/2021,SIG,PR,ASO,ES,Federal Contract Tower,0,0,8,0,8,0,14,109,0,123,0,14,117,0,131,98,0,98,229
09/26/2021,SIG,PR,ASO,ES,Federal Contract Tower,0,0,10,1,11,0,12,106,2,120,0,12,116,3,131,14,6,20,151
09/27/2021,SIG,PR,ASO,ES,Federal Contract Tower,0,0,7,0,7,0,27,82,1,110,0,27,89,1,117,64,0,64,181
09/28/2021,SIG,PR,ASO,ES,Federal Contract Tower,0,0,13,0,13,0,18,101,2,121,0,18,114,2,134,128,6,134,268
09/29/2021,SIG,PR,ASO,ES,Federal Contract Tower,0,0,8,0,8,0,21,84,0,105,0,21,92,0,113,82,0,82,195
09/30/2021,SIG,PR,ASO,ES,Federal Contract Tower,0,0,11,0,11,0,26,103,0,129,0,26,114,0,140,158,0,158,298
10/01/2021,SIG,PR,ASO,ES,Federal Contract Tower,1,0,18,0,19,1,19,116,0,136,2,19,134,0,155,134,0,134,289
10/02/2021,SIG,PR,ASO,ES,Federal Contract Tower,0,0,14,0,14,0,20,98,0,118,0,20,112,0,132,54,0,54,186
10/03/2021,SIG,PR,ASO,ES,Federal Contract Tower,0,0,5,0,5,0,19,110,2,131,0,19,115,2,136,72,0,72,208
10/04/2021,SIG,PR,ASO,ES,Federal Contract Tower,0,0,13,0,13,0,18,56,0,74,0,18,69,0,87,50,0,50,137
10/05/2021,SIG,PR,ASO,ES,Federal Contract Tower,0,0,8,0,8,0,15,100,0,115,0,15,108,0,123,100,0,100,223
10/06/2021,SIG,PR,ASO,ES,Federal Contract Tower,0,0,12,0,12,0,18,99,0,117,0,18,111,0,129,128,0,128,257
10/07/2021,SIG,PR,ASO,ES,Federal Contract Tower,0,2,14,0,16,0,22,89,0,111,0,24,103,0,127,120,0,120,247
10/08/2021,SIG,PR,ASO,ES,Federal Contract Tower,0,1,26,0,27,0,27,144,0,171,0,28,170,0,198,108,0,108,306
10/09/2021,SIG,PR,ASO,ES,Federal Contract Tower,0,1,7,0,8,0,16,138,8,162,0,17,145,8,170,140,12,152,322
10/10/2021,SIG,PR,ASO,ES,Federal Contract Tower,0,0,6,0,6,0,16,81,4,101,0,16,87,4,107,40,0,40,147
10/11/2021,SIG,PR,ASO,ES,Federal Contract Tower,0,0,20,0,20,0,17,30,0,47,0,17,50,0,67,22,0,22,89
10/12/2021,SIG,PR,ASO,ES,Federal Contract Tower,0,0,12,0,12,0,17,72,0,89,0,17,84,0,101,44,0,44,145
10/13/2021,SIG,PR,ASO,ES,Federal Contract Tower,0,0,11,0,11,0,21,58,2,81,0,21,69,2,92,34,0,34,126
10/14/2021,SIG,PR,ASO,ES,Federal Contract Tower,0,0,4,0,4,0,25,84,2,111,0,25,88,2,115,112,0,112,227
10/15/2021,SIG,PR,ASO,ES,Federal Contract Tower,0,1,14,0,15,0,21,89,0,110,0,22,103,0,125,142,0,142,267
10/16/2021,SIG,PR,ASO,ES,Federal Contract Tower,0,0,9,0,9,0,22,111,0,133,0,22,120,0,142,118,0,118,260
10/17/2021,SIG,PR,ASO,ES,Federal Contract Tower,0,0,7,0,7,0,12,97,0,109,0,12,104,0,116,14,0,14,130
10/18/2021,SIG,PR,ASO,ES,Federal Contract Tower,0,1,15,0,16,0,16,68,1,85,0,17,83,1,101,32,0,32,133
10/19/2021,SIG,PR,ASO,ES,Federal Contract Tower,0,0,8,0,8,0,21,86,2,109,0,21,94,2,117,156,0,156,273
10/20/2021,SIG,PR,ASO,ES,Federal Contract Tower,0,0,8,0,8,0,16,69,1,86,0,16,77,1,94,38,0,38,132
10/21/2021,SIG,PR,ASO,ES,Federal Contract Tower,0,2,17,2,21,0,20,81,2,103,0,22,98,4,124,86,0,86,210
10/22/2021,SIG,PR,ASO,ES,Federal Contract Tower,1,0,14,0,15,1,23,90,0,114,2,23,104,0,129,114,0,114,243
10/23/2021,SIG,PR,ASO,ES,Federal Contract Tower,0,0,10,0,10,0,20,122,0,142,0,20,132,0,152,114,0,114,266
10/24/2021,SIG,PR,ASO,ES,Federal Contract Tower,0,0,16,0,16,0,14,90,1,105,0,14,106,1,121,16,0,16,137
10/25/2021,SIG,PR,ASO,ES,Federal Contract Tower,0,0,12,0,12,0,28,80,2,110,0,28,92,2,122,94,0,94,216
10/26/2021,SIG,PR,ASO,ES,Federal Contract Tower,0,0,13,0,13,0,23,99,3,125,0,23,112,3,138,116,18,134,272
10/27/2021,SIG,PR,ASO,ES,Federal Contract Tower,0,0,10,1,11,0,18,109,3,130,0,18,119,4,141,120,10,130,271
10/28/2021,SIG,PR,ASO,ES,Federal Contract Tower,0,1,9,2,12,0,35,132,3,170,0,36,141,5,182,142,0,142,324
10/29/2021,SIG,PR,ASO,ES,Federal Contract Tower,0,0,12,0,12,0,24,123,0,147,0,24,135,0,159,124,0,124,283
10/30/2021,SIG,PR,ASO,ES,Federal Contract Tower,0,0,6,0,6,0,25,130,1,156,0,25,136,1,162,86,0,86,248
10/31/2021,SIG,PR,ASO,ES,Federal Contract Tower,0,0,9,0,9,0,16,68,1,85,0,16,77,1,94,6,0,6,100
11/01/2021,SIG,PR,ASO,ES,Federal Contract Tower,0,0,15,0,15,0,16,87,13,116,0,16,102,13,131,36,0,36,167
11/02/2021,SIG,PR,ASO,ES,Federal Contract Tower,0,0,21,0,21,0,15,99,2,116,0,15,120,2,137,110,0,110,247
11/03/2021,SIG,PR,ASO,ES,Federal Contract Tower,0,0,8,7,15,0,23,74,21,118,0,23,82,28,133,96,6,102,235
11/04/2021,SIG,PR,ASO,ES,Federal Contract Tower,0,2,15,4,21,0,24,112,24,160,0,26,127,28,181,224,18,242,423
11/05/2021,SIG,PR,ASO,ES,Federal Contract Tower,0,0,18,2,20,0,26,133,9,168,0,26,151,11,188,156,6,162,350
11/06/2021,SIG,PR,ASO,ES,Federal Contract Tower,0,0,2,0,2,0,19,175,3,197,0,19,177,3,199,162,0,162,361
11/07/2021,SIG,PR,ASO,ES,Federal Contract Tower,0,0,11,0,11,0,14,110,0,124,0,14,121,0,135,2,0,2,137
11/08/2021,SIG,PR,ASO,ES,Federal Contract Tower,0,0,10,0,10,0,16,78,2,96,0,16,88,2,106,92,0,92,198
11/09/2021,SIG,PR,ASO,ES,Federal Contract Tower,0,0,18,0,18,0,19,100,2,121,0,19,118,2,139,148,0,148,287
11/10/2021,SIG,PR,ASO,ES,Federal Contract Tower,0,0,10,0,10,0,22,110,9,141,0,22,120,9,151,116,0,116,267
11/11/2021,SIG,PR,ASO,ES,Federal Contract Tower,0,0,19,0,19,3,23,101,0,127,3,23,120,0,146,66,0,66,212
11/12/2021,SIG,PR,ASO,ES,Federal Contract Tower,0,0,9,0,9,0,23,132,2,157,0,23,141,2,166,164,0,164,330
11/13/2021,SIG,PR,ASO,ES,Federal Contract Tower,0,0,8,0,8,0,21,151,2,174,0,21,159,2,182,186,2,188,370
11/14/2021,SIG,PR,ASO,ES,Federal Contract Tower,0,0,8,0,8,0,16,86,4,106,0,16,94,4,114,20,0,20,134
11/15/2021,SIG,PR,ASO,ES,Federal Contract Tower,0,1,9,0,10,0,23,80,0,103,0,24,89,0,113,80,0,80,193
11/16/2021,SIG,PR,ASO,ES,Federal Contract Tower,0,0,12,0,12,0,17,91,2,110,0,17,103,2,122,116,4,120,242
11/17/2021,SIG,PR,ASO,ES,Federal Contract Tower,0,0,12,0,12,0,27,80,6,113,0,27,92,6,125,80,0,80,205
11/18/2021,SIG,PR,ASO,ES,Federal Contract Tower,0,0,12,0,12,0,17,57,0,74,0,17,69,0,86,98,0,98,184
11/19/2021,SIG,PR,ASO,ES,Federal Contract Tower,0,0,22,0,22,0,21,110,4,135,0,21,132,4,157,164,15,179,336
11/20/2021,SIG,PR,ASO,ES,Federal Contract Tower,0,0,13,0,13,0,14,117,0,131,0,14,130,0,144,108,0,108,252
11/21/2021,SIG,PR,ASO,ES,Federal Contract Tower,0,0,17,0,17,0,18,77,0,95,0,18,94,0,112,20,0,20,132
11/22/2021,SIG,PR,ASO,ES,Federal Contract Tower,0,0,17,1,18,0,33,99,4,136,0,33,116,5,154,100,0,100,254
11/23/2021,SIG,PR,ASO,ES,Federal Contract Tower,0,0,21,1,22,0,21,124,11,156,0,21,145,12,178,102,0,102,280
11/24/2021,SIG,PR,ASO,ES,Federal Contract Tower,0,0,18,1,19,0,27,134,3,164,0,27,152,4,183,140,0,140,323
11/25/2021,SIG,PR,ASO,ES,Federal Contract Tower,0,0,2,0,2,0,18,14,0,32,0,18,16,0,34,0,8,8,42
11/26/2021,SIG,PR,ASO,ES,Federal Contract Tower,0,0,7,0,7,0,21,115,0,136,0,21,122,0,143,52,0,52,195
11/27/2021,SIG,PR,ASO,ES,Federal Contract Tower,0,0,3,0,3,0,24,104,1,129,0,24,107,1,132,126,0,126,258
11/28/2021,SIG,PR,ASO,ES,Federal Contract Tower,0,1,32,0,33,0,23,104,1,128,0,24,136,1,161,2,0,2,163
11/29/2021,SIG,PR,ASO,ES,Federal Contract Tower,0,3,12,3,18,0,20,59,2,81,0,23,71,5,99,30,0,30,129
11/30/2021,SIG,PR,ASO,ES,Federal Contract Tower,0,0,7,1,8,0,25,125,2,152,0,25,132,3,160,134,0,134,294
12/01/2021,SIG,PR,ASO,ES,Federal Contract Tower,0,0,9,0,9,0,21,93,2,116,0,21,102,2,125,74,0,74,199
12/02/2021,SIG,PR,ASO,ES,Federal Contract Tower,0,0,9,0,9,0,22,83,0,105,0,22,92,0,114,114,0,114,228
12/03/2021,SIG,PR,ASO,ES,Federal Contract Tower,0,0,15,0,15,0,32,103,0,135,0,32,118,0,150,106,0,106,256
12/04/2021,SIG,PR,ASO,ES,Federal Contract Tower,0,0,7,0,7,0,24,113,2,139,0,24,120,2,146,150,0,150,296
12/05/2021,SIG,PR,ASO,ES,Federal Contract Tower,0,0,11,0,11,0,8,88,0,96,0,8,99,0,107,6,0,6,113
12/06/2021,SIG,PR,ASO,ES,Federal Contract Tower,0,0,12,0,12,0,28,78,0,106,0,28,90,0,118,50,14,64,182
12/07/2021,SIG,PR,ASO,ES,Federal Contract Tower,0,0,9,0,9,0,29,100,2,131,0,29,109,2,140,146,0,146,286
12/08/2021,SIG,PR,ASO,ES,Federal Contract Tower,0,0,15,0,15,0,16,120,2,138,0,16,135,2,153,150,0,150,303
12/09/2021,SIG,PR,ASO,ES,Federal Contract Tower,0,0,18,0,18,0,22,96,7,125,0,22,114,7,143,108,0,108,251
12/10/2021,SIG,PR,ASO,ES,Federal Contract Tower,0,0,6,1,7,0,25,96,4,125,0,25,102,5,132,66,0,66,198
12/11/2021,SIG,PR,ASO,ES,Federal Contract Tower,0,0,6,0,6,0,19,89,0,108,0,19,95,0,114,144,0,144,258
12/12/2021,SIG,PR,ASO,ES,Federal Contract Tower,0,0,15,0,15,0,17,68,0,85,0,17,83,0,100,0,0,0,100
12/13/2021,SIG,PR,ASO,ES,Federal Contract Tower,0,1,18,0,19,0,32,62,0,94,0,33,80,0,113,34,0,34,147
12/14/2021,SIG,PR,ASO,ES,Federal Contract Tower,0,0,9,1,10,0,32,91,4,127,0,32,100,5,137,96,10,106,243
12/15/2021,SIG,PR,ASO,ES,Federal Contract Tower,0,0,10,0,10,0,24,51,3,78,0,24,61,3,88,82,0,82,170
12/16/2021,SIG,PR,ASO,ES,Federal Contract Tower,0,3,14,0,17,0,25,81,4,110,0,28,95,4,127,130,2,132,259
12/17/2021,SIG,PR,ASO,ES,Federal Contract Tower,0,0,16,1,17,0,29,96,0,125,0,29,112,1,142,104,0,104,246
12/18/2021,SIG,PR,ASO,ES,Federal Contract Tower,0,0,11,1,12,0,24,115,0,139,0,24,126,1,151,88,0,88,239
12/19/2021,SIG,PR,ASO,ES,Federal Contract Tower,0,0,11,0,11,0,21,109,0,130,0,21,120,0,141,30,0,30,171
12/20/2021,SIG,PR,ASO,ES,Federal Contract Tower,0,1,15,0,16,0,30,72,0,102,0,31,87,0,118,114,0,114,232
12/21/2021,SIG,PR,ASO,ES,Federal Contract Tower,0,0,9,1,10,0,37,112,8,157,0,37,121,9,167,148,0,148,315
12/22/2021,SIG,PR,ASO,ES,Federal Contract Tower,0,0,13,0,13,0,34,120,0,154,0,34,133,0,167,130,0,130,297
12/23/2021,SIG,PR,ASO,ES,Federal Contract Tower,0,2,11,0,13,0,32,77,0,109,0,34,88,0,122,58,0,58,180
12/24/2021,SIG,PR,ASO,ES,Federal Contract Tower,0,0,8,0,8,0,29,65,0,94,0,29,73,0,102,54,0,54,156
12/25/2021,SIG,PR,ASO,ES,Federal Contract Tower,0,0,1,0,1,0,22,22,0,44,0,22,23,0,45,0,0,0,45
12/26/2021,SIG,PR,ASO,ES,Federal Contract Tower,0,0,11,0,11,0,18,110,0,128,0,18,121,0,139,14,0,14,153
12/27/2021,SIG,PR,ASO,ES,Federal Contract Tower,0,0,10,0,10,0,31,84,0,115,0,31,94,0,125,58,0,58,183
12/28/2021,SIG,PR,ASO,ES,Federal Contract Tower,0,0,12,0,12,0,39,57,0,96,0,39,69,0,108,12,0,12,120
12/29/2021,SIG,PR,ASO,ES,Federal Contract Tower,0,0,15,0,15,0,40,72,0,112,0,40,87,0,127,62,0,62,189
12/30/2021,SIG,PR,ASO,ES,Federal Contract Tower,0,1,9,0,10,0,38,85,2,125,0,39,94,2,135,54,0,54,189
12/31/2021,SIG,PR,ASO,ES,Federal Contract Tower,0,0,8,0,8,0,36,99,0,135,0,36,107,0,143,12,0,12,155
01/01/2022,SIG,PR,ASO,ES,Federal Contract Tower,0,0,6,0,6,0,21,55,0,76,0,21,61,0,82,6,0,6,88
01/02/2022,SIG,PR,ASO,ES,Federal Contract Tower,0,0,23,0,23,0,31,85,0,116,0,31,108,0,139,12,0,12,151
01/03/2022,SIG,PR,ASO,ES,Federal Contract Tower,0,0,5,0,5,0,31,45,0,76,0,31,50,0,81,6,0,6,87
01/04/2022,SIG,PR,ASO,ES,Federal Contract Tower,0,0,4,0,4,0,26,47,0,73,0,26,51,0,77,12,0,12,89
01/05/2022,SIG,PR,ASO,ES,Federal Contract Tower,0,0,11,0,11,0,34,45,0,79,0,34,56,0,90,18,0,18,108
01/06/2022,SIG,PR,ASO,ES,Federal Contract Tower,0,0,14,1,15,0,31,103,3,137,0,31,117,4,152,0,0,0,152
01/07/2022,SIG,PR,ASO,ES,Federal Contract Tower,0,0,4,0,4,0,26,88,0,114,0,26,92,0,118,44,0,44,162
01/08/2022,SIG,PR,ASO,ES,Federal Contract Tower,0,0,6,0,6,0,22,98,0,120,0,22,104,0,126,52,0,52,178
01/09/2022,SIG,PR,ASO,ES,Federal Contract Tower,0,0,10,0,10,0,13,77,0,90,0,13,87,0,100,50,0,50,150
01/10/2022,SIG,PR,ASO,ES,Federal Contract Tower,0,2,4,0,6,0,27,33,4,64,0,29,37,4,70,22,0,22,92
01/11/2022,SIG,PR,ASO,ES,Federal Contract Tower,0,0,3,0,3,0,22,57,8,87,0,22,60,8,90,54,0,54,144
01/12/2022,SIG,PR,ASO,ES,Federal Contract Tower,0,0,5,0,5,0,21,69,11,101,0,21,74,11,106,106,0,106,212
01/13/2022,SIG,PR,ASO,ES,Federal Contract Tower,0,0,12,0,12,0,23,78,2,103,0,23,90,2,115,104,6,110,225
01/14/2022,SIG,PR,ASO,ES,Federal Contract Tower,0,0,10,0,10,0,31,84,2,117,0,31,94,2,127,106,6,112,239
01/15/2022,SIG,PR,ASO,ES,Federal Contract Tower,0,0,11,0,11,0,24,111,4,139,0,24,122,4,150,84,0,84,234
01/16/2022,SIG,PR,ASO,ES,Federal Contract Tower,0,0,11,0,11,0,17,76,0,93,0,17,87,0,104,30,0,30,134
01/17/2022,SIG,PR,ASO,ES,Federal Contract Tower,0,0,7,0,7,0,29,30,1,60,0,29,37,1,67,20,8,28,95
01/18/2022,SIG,PR,ASO,ES,Federal Contract Tower,0,0,8,0,8,0,19,82,5,106,0,19,90,5,114,88,0,88,202
01/19/2022,SIG,PR,ASO,ES,Federal Contract Tower,0,0,13,0,13,0,22,68,10,100,0,22,81,10,113,142,0,142,255
01/20/2022,SIG,PR,ASO,ES,Federal Contract Tower,0,0,10,3,13,0,24,81,6,111,0,24,91,9,124,108,8,116,240
01/21/2022,SIG,PR,ASO,ES,Federal Contract Tower,0,0,13,0,13,0,23,118,6,147,0,23,131,6,160,86,0,86,246
01/22/2022,SIG,PR,ASO,ES,Federal Contract Tower,0,0,5,0,5,0,24,110,0,134,0,24,115,0,139,100,0,100,239
01/23/2022,SIG,PR,ASO,ES,Federal Contract Tower,0,0,16,0,16,0,20,62,0,82,0,20,78,0,98,12,0,12,110
01/24/2022,SIG,PR,ASO,ES,Federal Contract Tower,0,0,19,0,19,0,17,78,1,96,0,17,97,1,115,92,0,92,207
01/25/2022,SIG,PR,ASO,ES,Federal Contract Tower,0,0,7,0,7,0,22,99,4,125,0,22,106,4,132,91,0,91,223
01/26/2022,SIG,PR,ASO,ES,Federal Contract Tower,0,0,16,1,17,0,23,81,10,114,0,23,97,11,131,154,0,154,285
01/27/2022,SIG,PR,ASO,ES,Federal Contract Tower,1,0,21,1,23,1,29,81,0,111,2,29,102,1,134,122,0,122,256
01/28/2022,SIG,PR,ASO,ES,Federal Contract Tower,0,1,16,0,17,0,23,117,1,141,0,24,133,1,158,82,0,82,240
01/29/2022,SIG,PR,ASO,ES,Federal Contract Tower,0,0,9,0,9,0,22,133,0,155,0,22,142,0,164,86,0,86,250
01/30/2022,SIG,PR,ASO,ES,Federal Contract Tower,0,0,13,0,13,0,20,98,0,118,0,20,111,0,131,60,0,60,191
01/31/2022,SIG,PR,ASO,ES,Federal Contract Tower,0,0,13,0,13,2,23,59,2,86,2,23,72,2,99,24,0,24,123
02/01/2022,SIG,PR,ASO,ES,Federal Contract Tower,0,0,12,0,12,0,24,92,0,116,0,24,104,0,128,176,0,176,304
02/02/2022,SIG,PR,ASO,ES,Federal Contract Tower,0,0,14,2,16,0,17,96,0,113,0,17,110,2,129,104,0,104,233
02/03/2022,SIG,PR,ASO,ES,Federal Contract Tower,1,0,15,1,17,0,25,83,0,108,1,25,98,1,125,120,0,120,245
02/04/2022,SIG,PR,ASO,ES,Federal Contract Tower,0,1,15,0,16,0,33,37,0,70,0,34,52,0,86,70,0,70,156
02/05/2022,SIG,PR,ASO,ES,Federal Contract Tower,0,0,8,0,8,0,13,16,0,29,0,13,24,0,37,24,0,24,61
02/06/2022,SIG,PR,ASO,ES,Federal Contract Tower,0,0,8,0,8,0,11,29,0,40,0,11,37,0,48,0,0,0,48
02/07/2022,SIG,PR,ASO,ES,Federal Contract Tower,0,0,17,0,17,0,32,46,2,80,0,32,63,2,97,14,0,14,111
02/08/2022,SIG,PR,ASO,ES,Federal Contract Tower,0,0,13,1,14,0,27,87,16,130,0,27,100,17,144,170,10,180,324
02/09/2022,SIG,PR,ASO,ES,Federal Contract Tower,0,0,9,1,10,0,25,74,8,107,0,25,83,9,117,118,0,118,235
02/10/2022,SIG,PR,ASO,ES,Federal Contract Tower,0,1,10,1,12,0,27,102,6,135,0,28,112,7,147,150,6,156,303
02/11/2022,SIG,PR,ASO,ES,Federal Contract Tower,0,0,17,0,17,0,30,113,0,143,0,30,130,0,160,122,0,122,282
02/12/2022,SIG,PR,ASO,ES,Federal Contract Tower,0,0,8,0,8,0,19,117,0,136,0,19,125,0,144,160,0,160,304
02/13/2022,SIG,PR,ASO,ES,Federal Contract Tower,0,0,13,0,13,0,14,88,0,102,0,14,101,0,115,40,0,40,155
02/14/2022,SIG,PR,ASO,ES,Federal Contract Tower,0,0,6,1,7,0,26,134,2,162,0,26,140,3,169,56,0,56,225
02/15/2022,SIG,PR,ASO,ES,Federal Contract Tower,0,0,11,1,12,0,29,104,4,137,0,29,115,5,149,134,0,134,283
02/16/2022,SIG,PR,ASO,ES,Federal Contract Tower,0,0,15,0,15,0,31,88,0,119,0,31,103,0,134,106,0,106,240
02/17/2022,SIG,PR,ASO,ES,Federal Contract Tower,0,0,9,0,9,0,31,79,0,110,0,31,88,0,119,76,0,76,195
02/18/2022,SIG,PR,ASO,ES,Federal Contract Tower,0,0,16,0,16,0,27,83,9,119,0,27,99,9,135,66,0,66,201
02/19/2022,SIG,PR,ASO,ES,Federal Contract Tower,0,0,12,0,12,0,26,115,0,141,0,26,127,0,153,140,0,140,293
02/20/2022,SIG,PR,ASO,ES,Federal Contract Tower,0,1,4,0,5,0,18,103,4,125,0,19,107,4,130,32,2,34,164
02/21/2022,SIG,PR,ASO,ES,Federal Contract Tower,1,0,23,0,24,3,33,65,1,102,4,33,88,1,126,50,0,50,176
02/22/2022,SIG,PR,ASO,ES,Federal Contract Tower,0,1,11,0,12,0,30,83,0,113,0,31,94,0,125,70,0,70,195
02/23/2022,SIG,PR,ASO,ES,Federal Contract Tower,0,0,14,0,14,0,39,100,0,139,0,39,114,0,153,138,0,138,291
02/24/2022,SIG,PR,ASO,ES,Federal Contract Tower,1,0,14,0,15,1,38,79,0,118,2,38,93,0,133,64,0,64,197
02/25/2022,SIG,PR,ASO,ES,Federal Contract Tower,0,0,5,0,5,0,35,150,1,186,0,35,155,1,191,160,2,162,353
02/26/2022,SIG,PR,ASO,ES,Federal Contract Tower,0,0,6,0,6,0,31,158,3,192,0,31,164,3,198,78,0,78,276
02/27/2022,SIG,PR,ASO,ES,Federal Contract Tower,0,2,17,0,19,0,20,100,2,122,0,22,117,2,141,20,0,20,161
02/28/2022,SIG,PR,ASO,ES,Federal Contract Tower,0,0,12,0,12,0,25,56,0,81,0,25,68,0,93,22,0,22,115
03/01/2022,SIG,PR,ASO,ES,Federal Contract Tower,0,0,9,0,9,0,26,80,0,106,0,26,89,0,115,116,0,116,231
03/02/2022,SIG,PR,ASO,ES,Federal Contract Tower,0,1,12,0,13,0,28,69,0,97,0,29,81,0,110,150,0,150,260
03/03/2022,SIG,PR,ASO,ES,Federal Contract Tower,0,2,9,0,11,0,21,86,0,107,0,23,95,0,118,190,0,190,308
03/04/2022,SIG,PR,ASO,ES,Federal Contract Tower,1,12,0,0,13,0,34,121,4,159,1,46,121,4,172,162,0,162,334
03/05/2022,SIG,PR,ASO,ES,Federal Contract Tower,0,0,15,0,15,0,31,105,0,136,0,31,120,0,151,132,2,134,285
03/06/2022,SIG,PR,ASO,ES,Federal Contract Tower,0,0,11,0,11,0,14,37,4,55,0,14,48,4,66,48,0,48,114
03/07/2022,SIG,PR,ASO,ES,Federal Contract Tower,0,0,8,0,8,0,25,52,0,77,0,25,60,0,85,28,0,28,113
03/08/2022,SIG,PR,ASO,ES,Federal Contract Tower,0,0,3,0,3,0,23,87,5,115,0,23,90,5,118,148,0,148,266
03/09/2022,SIG,PR,ASO,ES,Federal Contract Tower,0,0,7,1,8,0,25,85,3,113,0,25,92,4,121,116,0,116,237
03/10/2022,SIG,PR,ASO,ES,Federal Contract Tower,0,0,5,7,12,0,23,85,9,117,0,23,90,16,129,88,14,102,231
03/11/2022,SIG,PR,ASO,ES,Federal Contract Tower,0,22,1,0,23,0,29,143,0,172,0,51,144,0,195,146,0,146,341
03/12/2022,SIG,PR,ASO,ES,Federal Contract Tower,0,0,9,0,9,0,25,101,0,126,0,25,110,0,135,158,0,158,293
03/13/2022,SIG,PR,ASO,ES,Federal Contract Tower,0,0,13,0,13,0,24,80,0,104,0,24,93,0,117,58,0,58,175
03/14/2022,SIG,PR,ASO,ES,Federal Contract Tower,0,1,13,0,14,0,25,60,3,88,0,26,73,3,102,96,0,96,198
03/15/2022,SIG,PR,ASO,ES,Federal Contract Tower,0,1,13,2,16,0,22,91,4,117,0,23,104,6,133,176,0,176,309
03/16/2022,SIG,PR,ASO,ES,Federal Contract Tower,0,0,11,1,12,0,33,97,5,135,0,33,108,6,147,72,12,84,231
03/17/2022,SIG,PR,ASO,ES,Federal Contract Tower,0,2,17,0,19,0,23,118,1,142,0,25,135,1,161,60,0,60,221
03/18/2022,SIG,PR,ASO,ES,Federal Contract Tower,0,0,16,0,16,0,23,134,5,162,0,23,150,5,178,86,0,86,264
03/19/2022,SIG,PR,ASO,ES,Federal Contract Tower,0,0,7,0,7,0,29,140,0,169,0,29,147,0,176,158,0,158,334
03/20/2022,SIG,PR,ASO,ES,Federal Contract Tower,0,0,13,0,13,0,15,78,4,97,0,15,91,4,110,22,0,22,132
03/21/2022,SIG,PR,ASO,ES,Federal Contract Tower,0,1,16,1,18,0,31,80,2,113,0,32,96,3,131,104,18,122,253
03/22/2022,SIG,PR,ASO,ES,Federal Contract Tower,0,0,10,2,12,0,28,59,4,91,0,28,69,6,103,100,0,100,203
03/23/2022,SIG,PR,ASO,ES,Federal Contract Tower,0,0,16,0,16,0,24,124,1,149,0,24,140,1,165,174,0,174,339
03/24/2022,SIG,PR,ASO,ES,Federal Contract Tower,0,0,16,0,16,0,32,51,3,86,0,32,67,3,102,108,2,110,212
03/25/2022,SIG,PR,ASO,ES,Federal Contract Tower,0,0,12,0,12,0,30,98,2,130,0,30,110,2,142,144,0,144,286
03/26/2022,SIG,PR,ASO,ES,Federal Contract Tower,0,0,23,0,23,0,22,108,0,130,0,22,131,0,153,156,0,156,309
03/27/2022,SIG,PR,ASO,ES,Federal Contract Tower,0,0,9,0,9,0,12,107,0,119,0,12,116,0,128,70,0,70,198
03/28/2022,SIG,PR,ASO,ES,Federal Contract Tower,0,2,8,0,10,0,28,94,0,122,0,30,102,0,132,110,0,110,242
03/29/2022,SIG,PR,ASO,ES,Federal Contract Tower,0,1,9,1,11,0,29,96,10,135,0,30,105,11,146,126,0,126,272
03/30/2022,SIG,PR,ASO,ES,Federal Contract Tower,0,0,14,0,14,0,23,108,8,139,0,23,122,8,153,188,0,188,341
03/31/2022,SIG,PR,ASO,ES,Federal Contract Tower,0,0,14,0,14,0,25,109,1,135,0,25,123,1,149,118,0,118,267
04/01/2022,SIG,PR,ASO,ES,Federal Contract Tower,0,0,17,0,17,0,33,132,1,166,0,33,149,1,183,128,0,128,311
04/02/2022,SIG,PR,ASO,ES,Federal Contract Tower,0,0,10,0,10,0,25,126,0,151,0,25,136,0,161,98,0,98,259
04/03/2022,SIG,PR,ASO,ES,Federal Contract Tower,0,0,11,1,12,0,21,88,0,109,0,21,99,1,121,20,6,26,147
04/04/2022,SIG,PR,ASO,ES,Federal Contract Tower,0,1,12,1,14,0,29,79,0,108,0,30,91,1,122,64,0,64,186
04/05/2022,SIG,PR,ASO,ES,Federal Contract Tower,0,0,14,1,15,0,25,99,6,130,0,25,113,7,145,102,12,114,259
04/06/2022,SIG,PR,ASO,ES,Federal Contract Tower,0,0,12,0,12,0,23,77,8,108,0,23,89,8,120,72,12,84,204
04/07/2022,SIG,PR,ASO,ES,Federal Contract Tower,0,0,14,2,16,0,32,92,4,128,0,32,106,6,144,114,0,114,258
04/08/2022,SIG,PR,ASO,ES,Federal Contract Tower,0,0,23,0,23,0,22,128,2,152,0,22,151,2,175,106,4,110,285
04/09/2022,SIG,PR,ASO,ES,Federal Contract Tower,0,0,14,0,14,0,21,134,10,165,0,21,148,10,179,150,0,150,329
04/10/2022,SIG,PR,ASO,ES,Federal Contract Tower,0,1,18,0,19,0,19,81,1,101,0,20,99,1,120,42,0,42,162
04/11/2022,SIG,PR,ASO,ES,Federal Contract Tower,0,0,8,0,8,0,28,90,2,120,0,28,98,2,128,80,0,80,208
04/12/2022,SIG,PR,ASO,ES,Federal Contract Tower,0,0,13,0,13,0,24,133,3,160,0,24,146,3,173,136,8,144,317
04/13/2022,SIG,PR,ASO,ES,Federal Contract Tower,0,1,11,2,14,0,27,159,0,186,0,28,170,2,200,140,0,140,340
04/14/2022,SIG,PR,ASO,ES,Federal Contract Tower,0,0,9,0,9,0,30,91,0,121,0,30,100,0,130,82,0,82,212
04/15/2022,SIG,PR,ASO,ES,Federal Contract Tower,0,0,7,0,7,0,26,22,0,48,0,26,29,0,55,2,0,2,57
04/16/2022,SIG,PR,ASO,ES,Federal Contract Tower,0,0,7,0,7,0,27,95,6,128,0,27,102,6,135,4,0,4,139
04/17/2022,SIG,PR,ASO,ES,Federal Contract Tower,0,0,15,0,15,0,23,103,6,132,0,23,118,6,147,18,0,18,165
04/18/2022,SIG,PR,ASO,ES,Federal Contract Tower,0,0,21,1,22,0,29,93,3,125,0,29,114,4,147,56,8,64,211
04/19/2022,SIG,PR,ASO,ES,Federal Contract Tower,0,0,10,4,14,0,31,62,1,94,0,31,72,5,108,152,0,152,260
04/20/2022,SIG,PR,ASO,ES,Federal Contract Tower,0,0,16,1,17,0,22,88,9,119,0,22,104,10,136,92,6,98,234
04/21/2022,SIG,PR,ASO,ES,Federal Contract Tower,0,1,13,2,16,0,27,111,10,148,0,28,124,12,164,86,0,86,250
04/22/2022,SIG,PR,ASO,ES,Federal Contract Tower,0,0,12,0,12,0,27,124,12,163,0,27,136,12,175,178,2,180,355
04/23/2022,SIG,PR,ASO,ES,Federal Contract Tower,0,2,17,0,19,0,24,141,2,167,0,26,158,2,186,180,0,180,366
04/24/2022,SIG,PR,ASO,ES,Federal Contract Tower,0,0,11,0,11,0,23,104,0,127,0,23,115,0,138,44,0,44,182
04/25/2022,SIG,PR,ASO,ES,Federal Contract Tower,1,0,6,0,7,2,28,79,3,112,3,28,85,3,119,130,0,130,249
04/26/2022,SIG,PR,ASO,ES,Federal Contract Tower,0,0,8,0,8,0,22,85,5,112,0,22,93,5,120,118,10,128,248
04/27/2022,SIG,PR,ASO,ES,Federal Contract Tower,1,0,16,0,17,2,24,91,7,124,3,24,107,7,141,142,0,142,283
04/28/2022,SIG,PR,ASO,ES,Federal Contract Tower,0,0,14,2,16,0,24,100,0,124,0,24,114,2,140,148,0,148,288
04/29/2022,SIG,PR,ASO,ES,Federal Contract Tower,0,0,9,0,9,0,35,128,0,163,0,35,137,0,172,160,0,160,332
04/30/2022,SIG,PR,ASO,ES,Federal Contract Tower,0,0,3,0,3,0,8,10,0,18,0,8,13,0,21,18,0,18,39
05/01/2022,SIG,PR,ASO,ES,Federal Contract Tower,0,0,19,0,19,0,7,21,0,28,0,7,40,0,47,2,0,2,49
05/02/2022,SIG,PR,ASO,ES,Federal Contract Tower,0,1,13,0,14,1,27,58,5,91,1,28,71,5,105,88,0,88,193
05/03/2022,SIG,PR,ASO,ES,Federal Contract Tower,0,0,10,0,10,0,23,89,5,117,0,23,99,5,127,166,0,166,293
05/04/2022,SIG,PR,ASO,ES,Federal Contract Tower,0,0,14,0,14,0,22,95,5,122,0,22,109,5,136,96,0,96,232
05/05/2022,SIG,PR,ASO,ES,Federal Contract Tower,0,1,22,0,23,0,27,102,7,136,0,28,124,7,159,140,0,140,299
05/06/2022,SIG,PR,ASO,ES,Federal Contract Tower,0,0,14,1,15,0,31,103,3,137,0,31,117,4,152,132,0,132,284
05/07/2022,SIG,PR,ASO,ES,Federal Contract Tower,0,0,13,0,13,0,23,158,1,182,0,23,171,1,195,128,0,128,323
05/08/2022,SIG,PR,ASO,ES,Federal Contract Tower,0,0,12,0,12,0,14,88,0,102,0,14,100,0,114,32,0,32,146
05/09/2022,SIG,PR,ASO,ES,Federal Contract Tower,0,0,12,0,12,0,20,65,3,88,0,20,77,3,100,78,0,78,178
05/10/2022,SIG,PR,ASO,ES,Federal Contract Tower,0,1,18,0,19,0,23,105,8,136,0,24,123,8,155,136,0,136,291
05/11/2022,SIG,PR,ASO,ES,Federal Contract Tower,0,1,6,2,9,0,20,60,8,88,0,21,66,10,97,80,0,80,177
05/12/2022,SIG,PR,ASO,ES,Federal Contract Tower,0,0,10,0,10,0,24,98,7,129,0,24,108,7,139,104,0,104,243
05/13/2022,SIG,PR,ASO,ES,Federal Contract Tower,0,0,19,0,19,0,31,102,1,134,0,31,121,1,153,128,0,128,281
05/14/2022,SIG,PR,ASO,ES,Federal Contract Tower,0,0,17,0,17,0,24,152,6,182,0,24,169,6,199,78,0,78,277
05/15/2022,SIG,PR,ASO,ES,Federal Contract Tower,0,0,8,0,8,0,14,104,8,126,0,14,112,8,134,52,0,52,186
05/16/2022,SIG,PR,ASO,ES,Federal Contract Tower,0,0,10,0,10,0,24,79,4,107,0,24,89,4,117,142,0,142,259
05/17/2022,SIG,PR,ASO,ES,Federal Contract Tower,0,0,12,0,12,0,23,108,2,133,0,23,120,2,145,128,0,128,273
05/18/2022,SIG,PR,ASO,ES,Federal Contract Tower,0,0,22,0,22,0,23,87,6,116,0,23,109,6,138,62,0,62,200
05/19/2022,SIG,PR,ASO,ES,Federal Contract Tower,0,0,15,1,16,0,22,113,6,141,0,22,128,7,157,136,6,142,299
05/20/2022,SIG,PR,ASO,ES,Federal Contract Tower,0,0,12,0,12,0,27,136,6,169,0,27,148,6,181,180,0,180,361
05/21/2022,SIG,PR,ASO,ES,Federal Contract Tower,0,0,7,0,7,0,18,138,0,156,0,18,145,0,163,166,0,166,329
05/22/2022,SIG,PR,ASO,ES,Federal Contract Tower,0,0,13,1,14,0,21,89,6,116,0,21,102,7,130,60,0,60,190
05/23/2022,SIG,PR,ASO,ES,Federal Contract Tower,0,0,17,0,17,0,25,77,3,105,0,25,94,3,122,118,0,118,240
05/24/2022,SIG,PR,ASO,ES,Federal Contract Tower,0,0,12,1,13,0,21,81,6,108,0,21,93,7,121,78,0,78,199
05/25/2022,SIG,PR,ASO,ES,Federal Contract Tower,0,0,12,0,12,0,17,77,2,96,0,17,89,2,108,92,0,92,200
05/26/2022,SIG,PR,ASO,ES,Federal Contract Tower,0,0,20,1,21,0,25,88,4,117,0,25,108,5,138,194,2,196,334
05/27/2022,SIG,PR,ASO,ES,Federal Contract Tower,0,0,17,0,17,0,24,134,0,158,0,24,151,0,175,166,0,166,341
05/28/2022,SIG,PR,ASO,ES,Federal Contract Tower,0,0,5,0,5,0,20,139,8,167,0,20,144,8,172,276,0,276,448
05/29/2022,SIG,PR,ASO,ES,Federal Contract Tower,0,0,10,0,10,0,13,113,0,126,0,13,123,0,136,48,0,48,184
05/30/2022,SIG,PR,ASO,ES,Federal Contract Tower,0,1,18,0,19,0,22,54,0,76,0,23,72,0,95,22,0,22,117
05/31/2022,SIG,PR,ASO,ES,Federal Contract Tower,0,0,15,0,15,0,26,120,6,152,0,26,135,6,167,224,0,224,391
06/01/2022,SIG,PR,ASO,ES,Federal Contract Tower,0,0,7,1,8,0,30,91,5,126,0,30,98,6,134,144,0,144,278
06/02/2022,SIG,PR,ASO,ES,Federal Contract Tower,0,1,15,0,16,0,27,76,7,110,0,28,91,7,126,122,2,124,250
06/03/2022,SIG,PR,ASO,ES,Federal Contract Tower,0,0,14,0,14,0,24,121,3,148,0,24,135,3,162,88,0,88,250
06/04/2022,SIG,PR,ASO,ES,Federal Contract Tower,0,0,2,0,2,0,21,110,5,136,0,21,112,5,138,108,0,108,246
06/05/2022,SIG,PR,ASO,ES,Federal Contract Tower,0,0,5,0,5,0,18,63,0,81,0,18,68,0,86,24,0,24,110
06/06/2022,SIG,PR,ASO,ES,Federal Contract Tower,0,0,8,0,8,0,26,56,1,83,0,26,64,1,91,4,0,4,95
06/07/2022,SIG,PR,ASO,ES,Federal Contract Tower,0,0,9,0,9,0,21,83,6,110,0,21,92,6,119,120,0,120,239
06/08/2022,SIG,PR,ASO,ES,Federal Contract Tower,0,0,8,0,8,0,26,96,4,126,0,26,104,4,134,178,2,180,314
06/09/2022,SIG,PR,ASO,ES,Federal Contract Tower,0,0,8,0,8,0,31,101,6,138,0,31,109,6,146,138,0,138,284
06/10/2022,SIG,PR,ASO,ES,Federal Contract Tower,0,0,17,0,17,0,30,110,2,142,0,30,127,2,159,136,0,136,295
06/11/2022,SIG,PR,ASO,ES,Federal Contract Tower,0,0,7,0,7,0,20,108,2,130,0,20,115,2,137,54,0,54,191
06/12/2022,SIG,PR,ASO,ES,Federal Contract Tower,0,1,4,0,5,0,15,41,0,56,0,16,45,0,61,4,0,4,65
06/13/2022,SIG,PR,ASO,ES,Federal Contract Tower,0,0,12,0,12,0,20,62,7,89,0,20,74,7,101,58,0,58,159
06/14/2022,SIG,PR,ASO,ES,Federal Contract Tower,0,0,7,0,7,0,26,65,9,100,0,26,72,9,107,66,0,66,173
06/15/2022,SIG,PR,ASO,ES,Federal Contract Tower,0,0,8,0,8,0,27,65,6,98,0,27,73,6,106,78,0,78,184
06/16/2022,SIG,PR,ASO,ES,Federal Contract Tower,0,2,13,1,16,0,23,69,0,92,0,25,82,1,108,74,0,74,182
06/17/2022,SIG,PR,ASO,ES,Federal Contract Tower,0,0,8,0,8,0,26,108,3,137,0,26,116,3,145,138,0,138,283
06/18/2022,SIG,PR,ASO,ES,Federal Contract Tower,0,0,12,0,12,0,23,108,0,131,0,23,120,0,143,72,0,72,215
06/19/2022,SIG,PR,ASO,ES,Federal Contract Tower,0,0,4,0,4,0,13,85,0,98,0,13,89,0,102,32,0,32,134
06/20/2022,SIG,PR,ASO,ES,Federal Contract Tower,0,0,9,0,9,0,31,65,0,96,0,31,74,0,105,112,0,112,217
06/21/2022,SIG,PR,ASO,ES,Federal Contract Tower,0,0,15,2,17,0,24,91,4,119,0,24,106,6,136,64,0,64,200
06/22/2022,SIG,PR,ASO,ES,Federal Contract Tower,0,0,11,0,11,0,22,72,4,98,0,22,83,4,109,138,0,138,247
06/23/2022,SIG,PR,ASO,ES,Federal Contract Tower,0,0,13,0,13,0,30,115,16,161,0,30,128,16,174,138,0,138,312
06/24/2022,SIG,PR,ASO,ES,Federal Contract Tower,0,0,9,2,11,0,27,107,0,134,0,27,116,2,145,158,0,158,303
06/25/2022,SIG,PR,ASO,ES,Federal Contract Tower,0,0,7,0,7,0,22,120,0,142,0,22,127,0,149,142,0,142,291
06/26/2022,SIG,PR,ASO,ES,Federal Contract Tower,0,0,6,0,6,0,18,105,0,123,0,18,111,0,129,10,0,10,139
06/27/2022,SIG,PR,ASO,ES,Federal Contract Tower,0,0,12,0,12,0,20,71,3,94,0,20,83,3,106,90,0,90,196
06/28/2022,SIG,PR,ASO,ES,Federal Contract Tower,0,0,19,0,19,0,25,113,5,143,0,25,132,5,162,164,0,164,326
06/29/2022,SIG,PR,ASO,ES,Federal Contract Tower,0,0,8,1,9,0,23,89,3,115,0,23,97,4,124,82,0,82,206
06/30/2022,SIG,PR,ASO,ES,Federal Contract Tower,0,0,18,0,18,0,26,94,4,124,0,26,112,4,142,86,0,86,228
07/01/2022,SIG,PR,ASO,ES,Federal Contract Tower,0,0,22,0,22,0,26,108,0,134,0,26,130,0,156,156,0,156,312
07/02/2022,SIG,PR,ASO,ES,Federal Contract Tower,0,0,2,0,2,0,17,35,0,52,0,17,37,0,54,20,0,20,74
07/03/2022,SIG,PR,ASO,ES,Federal Contract Tower,0,0,2,0,2,0,23,32,1,56,0,23,34,1,58,8,0,8,66
07/04/2022,SIG,PR,ASO,ES,Federal Contract Tower,0,0,10,0,10,0,28,47,4,79,0,28,57,4,89,22,0,22,111
07/05/2022,SIG,PR,ASO,ES,Federal Contract Tower,0,0,19,0,19,0,24,88,5,117,0,24,107,5,136,120,0,120,256
07/06/2022,SIG,PR,ASO,ES,Federal Contract Tower,0,0,6,0,6,0,21,79,4,104,0,21,85,4,110,136,18,154,264
07/07/2022,SIG,PR,ASO,ES,Federal Contract Tower,0,0,12,0,12,0,23,90,12,125,0,23,102,12,137,148,0,148,285
07/08/2022,SIG,PR,ASO,ES,Federal Contract Tower,0,0,17,1,18,0,23,133,1,157,0,23,150,2,175,140,0,140,315
07/09/2022,SIG,PR,ASO,ES,Federal Contract Tower,0,0,9,0,9,0,24,98,2,124,0,24,107,2,133,132,0,132,265
07/10/2022,SIG,PR,ASO,ES,Federal Contract Tower,0,0,14,0,14,0,12,81,4,97,0,12,95,4,111,58,0,58,169
07/11/2022,SIG,PR,ASO,ES,Federal Contract Tower,0,0,11,0,11,0,24,65,2,91,0,24,76,2,102,62,0,62,164
07/12/2022,SIG,PR,ASO,ES,Federal Contract Tower,0,0,17,0,17,0,25,106,3,134,0,25,123,3,151,192,0,192,343
07/13/2022,SIG,PR,ASO,ES,Federal Contract Tower,0,0,13,0,13,0,21,55,2,78,0,21,68,2,91,94,0,94,185
07/14/2022,SIG,PR,ASO,ES,Federal Contract Tower,0,0,17,0,17,0,23,87,5,115,0,23,104,5,132,116,0,116,248
07/15/2022,SIG,PR,ASO,ES,Federal Contract Tower,0,0,17,0,17,0,28,147,6,181,0,28,164,6,198,116,0,116,314
07/16/2022,SIG,PR,ASO,ES,Federal Contract Tower,0,0,1,0,1,0,22,127,11,160,0,22,128,11,161,140,0,140,301
07/17/2022,SIG,PR,ASO,ES,Federal Contract Tower,0,0,9,0,9,0,14,120,2,136,0,14,129,2,145,6,0,6,151
07/18/2022,SIG,PR,ASO,ES,Federal Contract Tower,0,0,11,0,11,0,33,63,8,104,0,33,74,8,115,118,0,118,233
07/19/2022,SIG,PR,ASO,ES,Federal Contract Tower,0,0,8,0,8,0,25,70,7,102,0,25,78,7,110,52,0,52,162
07/20/2022,SIG,PR,ASO,ES,Federal Contract Tower,0,0,9,1,10,0,23,116,4,143,0,23,125,5,153,144,0,144,297
07/21/2022,SIG,PR,ASO,ES,Federal Contract Tower,0,0,9,0,9,0,29,34,0,63,0,29,43,0,72,16,0,16,88
07/22/2022,SIG,PR,ASO,ES,Federal Contract Tower,0,0,14,0,14,0,34,185,0,219,0,34,199,0,233,170,0,170,403
07/23/2022,SIG,PR,ASO,ES,Federal Contract Tower,0,1,4,0,5,0,29,241,0,270,0,30,245,0,275,218,2,220,495
07/24/2022,SIG,PR,ASO,ES,Federal Contract Tower,0,1,8,0,9,0,18,231,0,249,0,19,239,0,258,30,0,30,288
07/25/2022,SIG,PR,ASO,ES,Federal Contract Tower,0,0,10,0,10,0,25,155,6,186,0,25,165,6,196,82,0,82,278
07/26/2022,SIG,PR,ASO,ES,Federal Contract Tower,0,0,3,0,3,0,35,85,7,127,0,35,88,7,130,148,0,148,278
07/27/2022,SIG,PR,ASO,ES,Federal Contract Tower,0,0,8,0,8,0,34,85,6,125,0,34,93,6,133,136,2,138,271
07/28/2022,SIG,PR,ASO,ES,Federal Contract Tower,0,1,11,0,12,0,36,95,2,133,0,37,106,2,145,196,0,196,341
07/29/2022,SIG,PR,ASO,ES,Federal Contract Tower,0,0,13,1,14,0,26,150,3,179,0,26,163,4,193,152,4,156,349
07/30/2022,SIG,PR,ASO,ES,Federal Contract Tower,0,0,7,0,7,0,21,134,0,155,0,21,141,0,162,90,0,90,252
07/31/2022,SIG,PR,ASO,ES,Federal Contract Tower,0,0,5,0,5,0,22,81,0,103,0,22,86,0,108,34,0,34,142
08/01/2022,SIG,PR,ASO,ES,Federal Contract Tower,0,0,9,0,9,0,31,73,3,107,0,31,82,3,116,90,0,90,206
08/02/2022,SIG,PR,ASO,ES,Federal Contract Tower,0,0,10,0,10,0,25,96,9,130,0,25,106,9,140,152,0,152,292
08/03/2022,SIG,PR,ASO,ES,Federal Contract Tower,0,0,17,0,17,0,16,77,0,93,0,16,94,0,110,88,0,88,198
08/04/2022,SIG,PR,ASO,ES,Federal Contract Tower,0,0,15,0,15,0,29,80,6,115,0,29,95,6,130,102,0,102,232
08/05/2022,SIG,PR,ASO,ES,Federal Contract Tower,0,0,13,0,13,0,29,129,4,162,0,29,142,4,175,184,0,184,359
08/06/2022,SIG,PR,ASO,ES,Federal Contract Tower,0,0,8,0,8,0,20,170,9,199,0,20,178,9,207,166,0,166,373
08/07/2022,SIG,PR,ASO,ES,Federal Contract Tower,0,1,8,0,9,0,12,39,0,51,0,13,47,0,60,0,0,0,60
08/08/2022,SIG,PR,ASO,ES,Federal Contract Tower,0,0,13,0,13,0,24,59,2,85,0,24,72,2,98,32,0,32,130
08/09/2022,SIG,PR,ASO,ES,Federal Contract Tower,0,0,14,0,14,0,23,105,5,133,0,23,119,5,147,146,0,146,293
08/10/2022,SIG,PR,ASO,ES,Federal Contract Tower,0,0,8,1,9,0,20,70,2,92,0,20,78,3,101,86,4,90,191
08/11/2022,SIG,PR,ASO,ES,Federal Contract Tower,0,2,12,1,15,0,23,92,4,119,0,25,104,5,134,110,0,110,244
08/12/2022,SIG,PR,ASO,ES,Federal Contract Tower,0,0,10,0,10,0,31,104,2,137,0,31,114,2,147,152,4,156,303
08/13/2022,SIG,PR,ASO,ES,Federal Contract Tower,0,0,10,0,10,0,23,175,6,204,0,23,185,6,214,196,0,196,410
08/14/2022,SIG,PR,ASO,ES,Federal Contract Tower,0,0,13,0,13,0,16,90,0,106,0,16,103,0,119,30,0,30,149
08/15/2022,SIG,PR,ASO,ES,Federal Contract Tower,0,0,10,0,10,0,25,68,7,100,0,25,78,7,110,50,0,50,160
08/16/2022,SIG,PR,ASO,ES,Federal Contract Tower,0,0,12,0,12,0,21,102,3,126,0,21,114,3,138,138,0,138,276
08/17/2022,SIG,PR,ASO,ES,Federal Contract Tower,0,2,19,3,24,1,20,80,10,111,1,22,99,13,135,112,10,122,257
08/18/2022,SIG,PR,ASO,ES,Federal Contract Tower,0,0,4,0,4,0,19,114,2,135,0,19,118,2,139,74,2,76,215
08/19/2022,SIG,PR,ASO,ES,Federal Contract Tower,1,0,13,0,14,0,29,132,2,163,1,29,145,2,177,138,0,138,315
08/20/2022,SIG,PR,ASO,ES,Federal Contract Tower,0,0,9,0,9,0,20,99,0,119,0,20,108,0,128,128,0,128,256
08/21/2022,SIG,PR,ASO,ES,Federal Contract Tower,0,0,7,0,7,0,14,108,0,122,0,14,115,0,129,4,0,4,133
08/22/2022,SIG,PR,ASO,ES,Federal Contract Tower,0,0,16,0,16,0,23,62,6,91,0,23,78,6,107,34,0,34,141
08/23/2022,SIG,PR,ASO,ES,Federal Contract Tower,0,0,8,0,8,0,24,72,10,106,0,24,80,10,114,50,0,50,164
08/24/2022,SIG,PR,ASO,ES,Federal Contract Tower,0,0,19,0,19,0,26,105,17,148,0,26,124,17,167,132,2,134,301
08/25/2022,SIG,PR,ASO,ES,Federal Contract Tower,0,0,13,0,13,0,24,79,4,107,0,24,92,4,120,156,16,172,292
08/26/2022,SIG,PR,ASO,ES,Federal Contract Tower,0,0,12,0,12,0,27,85,2,114,0,27,97,2,126,88,0,88,214
08/27/2022,SIG,PR,ASO,ES,Federal Contract Tower,0,0,6,0,6,0,30,164,9,203,0,30,170,9,209,126,0,126,335
08/28/2022,SIG,PR,ASO,ES,Federal Contract Tower,0,0,9,0,9,0,14,102,2,118,0,14,111,2,127,46,0,46,173
08/29/2022,SIG,PR,ASO,ES,Federal Contract Tower,0,0,10,0,10,0,25,58,0,83,0,25,68,0,93,44,0,44,137
08/30/2022,SIG,PR,ASO,ES,Federal Contract Tower,0,0,15,0,15,0,16,110,3,129,0,16,125,3,144,150,16,166,310
08/31/2022,SIG,PR,ASO,ES,Federal Contract Tower,1,0,18,0,19,1,20,110,1,132,2,20,128,1,151,186,0,186,337
09/01/2022,SIG,PR,ASO,ES,Federal Contract Tower,0,0,18,0,18,0,32,82,2,116,0,32,100,2,134,124,0,124,258
09/02/2022,SIG,PR,ASO,ES,Federal Contract Tower,0,0,11,0,11,0,25,110,0,135,0,25,121,0,146,132,0,132,278
09/03/2022,SIG,PR,ASO,ES,Federal Contract Tower,0,0,4,0,4,0,19,100,4,123,0,19,104,4,127,128,0,128,255
09/04/2022,SIG,PR,ASO,ES,Federal Contract Tower,0,0,5,0,5,0,5,37,0,42,0,5,42,0,47,0,0,0,47
09/05/2022,SIG,PR,ASO,ES,Federal Contract Tower,0,0,15,0,15,0,18,39,0,57,0,18,54,0,72,20,0,20,92
09/06/2022,SIG,PR,ASO,ES,Federal Contract Tower,0,0,10,0,10,0,19,61,1,81,0,19,71,1,91,54,0,54,145
09/07/2022,SIG,PR,ASO,ES,Federal Contract Tower,0,0,10,0,10,0,17,79,7,103,0,17,89,7,113,40,2,42,155
09/08/2022,SIG,PR,ASO,ES,Federal Contract Tower,0,0,9,0,9,0,42,50,4,96,0,42,59,4,105,60,0,60,165
09/09/2022,SIG,PR,ASO,ES,Federal Contract Tower,0,0,13,1,14,0,18,85,0,103,0,18,98,1,117,112,0,112,229
09/10/2022,SIG,PR,ASO,ES,Federal Contract Tower,0,0,4,0,4,0,16,123,1,140,0,16,127,1,144,112,0,112,256
09/11/2022,SIG,PR,ASO,ES,Federal Contract Tower,0,0,7,0,7,0,10,73,0,83,0,10,80,0,90,24,0,24,114
09/12/2022,SIG,PR,ASO,ES,Federal Contract Tower,0,0,7,2,9,0,19,65,0,84,0,19,72,2,93,66,0,66,159
09/13/2022,SIG,PR,ASO,ES,Federal Contract Tower,3,0,5,1,9,2,13,94,4,113,5,13,99,5,122,118,0,118,240
09/14/2022,SIG,PR,ASO,ES,Federal Contract Tower,0,0,10,0,10,0,15,123,4,142,0,15,133,4,152,162,0,162,314
09/15/2022,SIG,PR,ASO,ES,Federal Contract Tower,0,0,7,1,8,0,21,83,7,111,0,21,90,8,119,110,4,114,233
09/16/2022,SIG,PR,ASO,ES,Federal Contract Tower,0,0,5,0,5,0,12,54,2,68,0,12,59,2,73,142,0,142,215
09/17/2022,SIG,PR,ASO,ES,Federal Contract Tower,0,0,0,0,0,0,0,4,2,6,0,0,4,2,6,0,0,0,6
09/18/2022,SIG,PR,ASO,ES,Federal Contract Tower,0,0,0,0,0,0,0,0,0,0,0,0,0,0,0,0,0,0,0
09/19/2022,SIG,PR,ASO,ES,Federal Contract Tower,0,0,3,0,3,0,0,13,4,17,0,0,16,4,20,0,0,0,20
09/20/2022,SIG,PR,ASO,ES,Federal Contract Tower,0,1,3,0,4,0,18,46,14,78,0,19,49,14,82,16,0,16,98
09/21/2022,SIG,PR,ASO,ES,Federal Contract Tower,0,0,14,0,14,0,17,62,12,91,0,17,76,12,105,30,2,32,137
09/22/2022,SIG,PR,ASO,ES,Federal Contract Tower,0,0,9,0,9,0,21,83,5,109,0,21,92,5,118,90,0,90,208
09/23/2022,SIG,PR,ASO,ES,Federal Contract Tower,0,0,9,0,9,0,29,110,5,144,0,29,119,5,153,94,0,94,247
09/24/2022,SIG,PR,ASO,ES,Federal Contract Tower,0,0,8,1,9,0,20,99,14,133,0,20,107,15,142,158,0,158,300
09/25/2022,SIG,PR,ASO,ES,Federal Contract Tower,0,0,4,1,5,0,13,55,4,72,0,13,59,5,77,40,0,40,117
09/26/2022,SIG,PR,ASO,ES,Federal Contract Tower,0,0,9,0,9,0,26,50,6,82,0,26,59,6,91,30,0,30,121
09/27/2022,SIG,PR,ASO,ES,Federal Contract Tower,0,0,8,0,8,0,17,85,2,104,0,17,93,2,112,148,0,148,260
09/28/2022,SIG,PR,ASO,ES,Federal Contract Tower,0,0,11,0,11,0,14,92,1,107,0,14,103,1,118,86,0,86,204
09/29/2022,SIG,PR,ASO,ES,Federal Contract Tower,0,1,6,0,7,0,24,81,1,106,0,25,87,1,113,102,0,102,215
09/30/2022,SIG,PR,ASO,ES,Federal Contract Tower,0,0,7,0,7,0,23,92,0,115,0,23,99,0,122,162,0,162,284
10/01/2022,SIG,PR,ASO,ES,Federal Contract Tower,0,0,7,0,7,0,20,91,5,116,0,20,98,5,123,160,0,160,283
10/02/2022,SIG,PR,ASO,ES,Federal Contract Tower,0,0,8,0,8,0,11,47,0,58,0,11,55,0,66,22,0,22,88
10/03/2022,SIG,PR,ASO,ES,Federal Contract Tower,0,0,9,0,9,0,14,60,4,78,0,14,69,4,87,42,0,42,129
10/05/2022,SIG,PR,ASO,ES,Federal Contract Tower,0,0,3,0,3,0,6,84,0,90,0,6,87,0,93,140,0,140,233
10/06/2022,SIG,PR,ASO,ES,Federal Contract Tower,0,2,14,0,16,0,23,103,2,128,0,25,117,2,144,172,0,172,316
10/07/2022,SIG,PR,ASO,ES,Federal Contract Tower,0,0,5,0,5,0,18,100,0,118,0,18,105,0,123,60,0,60,183
10/08/2022,SIG,PR,ASO,ES,Federal Contract Tower,0,0,3,0,3,0,19,106,0,125,0,19,109,0,128,144,0,144,272
10/09/2022,SIG,PR,ASO,ES,Federal Contract Tower,0,0,3,0,3,0,12,68,0,80,0,12,71,0,83,30,0,30,113
10/10/2022,SIG,PR,ASO,ES,Federal Contract Tower,0,0,14,0,14,0,24,53,0,77,0,24,67,0,91,4,0,4,95
10/11/2022,SIG,PR,ASO,ES,Federal Contract Tower,0,0,11,0,11,0,11,82,7,100,0,11,93,7,111,134,0,134,245
10/12/2022,SIG,PR,ASO,ES,Federal Contract Tower,1,0,8,0,9,0,12,87,2,101,1,12,95,2,110,120,0,120,230
10/13/2022,SIG,PR,ASO,ES,Federal Contract Tower,0,0,9,0,9,0,15,94,0,109,0,15,103,0,118,116,0,116,234
10/14/2022,SIG,PR,ASO,ES,Federal Contract Tower,0,0,12,0,12,0,19,86,0,105,0,19,98,0,117,138,0,138,255
10/15/2022,SIG,PR,ASO,ES,Federal Contract Tower,0,0,0,0,0,0,18,123,0,141,0,18,123,0,141,196,0,196,337
10/16/2022,SIG,PR,ASO,ES,Federal Contract Tower,0,0,9,0,9,0,14,88,0,102,0,14,97,0,111,24,0,24,135
10/17/2022,SIG,PR,ASO,ES,Federal Contract Tower,0,1,11,0,12,0,21,52,0,73,0,22,63,0,85,64,0,64,149
10/18/2022,SIG,PR,ASO,ES,Federal Contract Tower,0,0,8,0,8,0,16,96,3,115,0,16,104,3,123,192,0,192,315
10/19/2022,SIG,PR,ASO,ES,Federal Contract Tower,0,0,7,2,9,0,18,88,3,109,0,18,95,5,118,144,0,144,262
10/20/2022,SIG,PR,ASO,ES,Federal Contract Tower,0,0,2,1,3,0,27,119,4,150,0,27,121,5,153,114,0,114,267
10/21/2022,SIG,PR,ASO,ES,Federal Contract Tower,0,1,6,0,7,0,21,101,2,124,0,22,107,2,131,198,0,198,329
10/22/2022,SIG,PR,ASO,ES,Federal Contract Tower,0,0,4,0,4,0,22,100,8,130,0,22,104,8,134,106,0,106,240
10/23/2022,SIG,PR,ASO,ES,Federal Contract Tower,0,0,9,0,9,0,18,72,4,94,0,18,81,4,103,20,0,20,123
10/24/2022,SIG,PR,ASO,ES,Federal Contract Tower,0,1,7,0,8,0,23,61,1,85,0,24,68,1,93,44,0,44,137
10/25/2022,SIG,PR,ASO,ES,Federal Contract Tower,0,0,3,0,3,0,19,85,6,110,0,19,88,6,113,102,6,108,221
10/26/2022,SIG,PR,ASO,ES,Federal Contract Tower,0,0,5,0,5,0,30,15,0,45,0,30,20,0,50,6,4,10,60
10/27/2022,SIG,PR,ASO,ES,Federal Contract Tower,0,0,3,0,3,0,16,15,0,31,0,16,18,0,34,2,0,2,36
10/28/2022,SIG,PR,ASO,ES,Federal Contract Tower,1,0,8,0,9,0,19,84,0,103,1,19,92,0,112,144,0,144,256
10/29/2022,SIG,PR,ASO,ES,Federal Contract Tower,0,2,3,0,5,0,21,65,0,86,0,23,68,0,91,88,0,88,179
10/30/2022,SIG,PR,ASO,ES,Federal Contract Tower,0,0,11,0,11,0,14,39,0,53,0,14,50,0,64,58,0,58,122
10/31/2022,SIG,PR,ASO,ES,Federal Contract Tower,0,1,10,0,11,0,19,62,1,82,0,20,72,1,93,82,0,82,175
11/01/2022,SIG,PR,ASO,ES,Federal Contract Tower,0,0,7,4,11,0,24,97,3,124,0,24,104,7,135,136,0,136,271
11/02/2022,SIG,PR,ASO,ES,Federal Contract Tower,0,0,4,0,4,0,18,94,9,121,0,18,98,9,125,88,0,88,213
11/03/2022,SIG,PR,ASO,ES,Federal Contract Tower,0,0,5,0,5,0,19,108,4,131,0,19,113,4,136,218,0,218,354
11/04/2022,SIG,PR,ASO,ES,Federal Contract Tower,0,0,6,0,6,0,22,73,3,98,0,22,79,3,104,148,0,148,252
11/05/2022,SIG,PR,ASO,ES,Federal Contract Tower,0,0,1,1,2,0,9,22,1,32,0,9,23,2,34,14,0,14,48
11/06/2022,SIG,PR,ASO,ES,Federal Contract Tower,0,0,8,0,8,0,17,55,4,76,0,17,63,4,84,16,0,16,100
11/07/2022,SIG,PR,ASO,ES,Federal Contract Tower,0,1,3,0,4,0,19,78,2,99,0,20,81,2,103,108,0,108,211
11/08/2022,SIG,PR,ASO,ES,Federal Contract Tower,0,0,4,2,6,0,17,72,3,92,0,17,76,5,98,108,0,108,206
11/09/2022,SIG,PR,ASO,ES,Federal Contract Tower,0,0,10,0,10,0,20,99,0,119,0,20,109,0,129,156,0,156,285
11/10/2022,SIG,PR,ASO,ES,Federal Contract Tower,0,0,12,0,12,0,19,107,7,133,0,19,119,7,145,144,0,144,289
11/11/2022,SIG,PR,ASO,ES,Federal Contract Tower,0,0,15,0,15,0,17,86,1,104,0,17,101,1,119,100,0,100,219
11/12/2022,SIG,PR,ASO,ES,Federal Contract Tower,0,0,13,0,13,0,15,106,0,121,0,15,119,0,134,58,0,58,192
11/13/2022,SIG,PR,ASO,ES,Federal Contract Tower,0,0,9,0,9,0,13,88,1,102,0,13,97,1,111,102,0,102,213
11/14/2022,SIG,PR,ASO,ES,Federal Contract Tower,0,1,16,0,17,0,27,90,2,119,0,28,106,2,136,130,0,130,266
11/15/2022,SIG,PR,ASO,ES,Federal Contract Tower,1,0,14,1,16,0,17,68,0,85,1,17,82,1,101,96,0,96,197
11/16/2022,SIG,PR,ASO,ES,Federal Contract Tower,0,0,10,1,11,0,14,112,8,134,0,14,122,9,145,144,0,144,289
11/17/2022,SIG,PR,ASO,ES,Federal Contract Tower,3,2,19,0,24,1,25,105,4,135,4,27,124,4,159,202,2,204,363
11/18/2022,SIG,PR,ASO,ES,Federal Contract Tower,0,0,30,0,30,0,13,98,4,115,0,13,128,4,145,100,0,100,245
11/19/2022,SIG,PR,ASO,ES,Federal Contract Tower,0,1,7,0,8,0,26,101,4,131,0,27,108,4,139,110,0,110,249
11/20/2022,SIG,PR,ASO,ES,Federal Contract Tower,0,2,9,0,11,0,14,63,3,80,0,16,72,3,91,34,0,34,125
11/21/2022,SIG,PR,ASO,ES,Federal Contract Tower,0,0,11,0,11,0,24,73,4,101,0,24,84,4,112,50,0,50,162
11/22/2022,SIG,PR,ASO,ES,Federal Contract Tower,0,1,13,3,17,0,22,120,8,150,0,23,133,11,167,198,8,206,373
11/24/2022,SIG,PR,ASO,ES,Federal Contract Tower,0,0,1,0,1,0,26,12,0,38,0,26,13,0,39,2,0,2,41
11/25/2022,SIG,PR,ASO,ES,Federal Contract Tower,0,0,9,0,9,0,24,70,0,94,0,24,79,0,103,86,0,86,189
11/26/2022,SIG,PR,ASO,ES,Federal Contract Tower,0,0,10,0,10,0,21,115,0,136,0,21,125,0,146,152,0,152,298
11/27/2022,SIG,PR,ASO,ES,Federal Contract Tower,0,0,24,0,24,0,20,55,0,75,0,20,79,0,99,18,0,18,117
11/28/2022,SIG,PR,ASO,ES,Federal Contract Tower,0,1,18,0,19,0,25,68,4,97,0,26,86,4,116,54,0,54,170
11/29/2022,SIG,PR,ASO,ES,Federal Contract Tower,0,0,7,0,7,0,17,81,20,118,0,17,88,20,125,182,6,188,313
11/30/2022,SIG,PR,ASO,ES,Federal Contract Tower,0,0,5,2,7,0,26,104,6,136,0,26,109,8,143,130,0,130,273
12/01/2022,SIG,PR,ASO,ES,Federal Contract Tower,0,0,6,0,6,0,22,71,7,100,0,22,77,7,106,128,0,128,234
12/02/2022,SIG,PR,ASO,ES,Federal Contract Tower,0,0,14,0,14,0,21,121,3,145,0,21,135,3,159,198,0,198,357
12/03/2022,SIG,PR,ASO,ES,Federal Contract Tower,0,0,10,0,10,0,15,98,0,113,0,15,108,0,123,150,0,150,273
12/04/2022,SIG,PR,ASO,ES,Federal Contract Tower,0,0,15,0,15,0,15,57,0,72,0,15,72,0,87,44,0,44,131
12/05/2022,SIG,PR,ASO,ES,Federal Contract Tower,0,0,10,0,10,0,23,65,4,92,0,23,75,4,102,78,0,78,180
12/06/2022,SIG,PR,ASO,ES,Federal Contract Tower,0,0,17,0,17,1,19,86,4,110,1,19,103,4,127,118,0,118,245
12/07/2022,SIG,PR,ASO,ES,Federal Contract Tower,0,1,12,0,13,0,21,121,10,152,0,22,133,10,165,206,0,206,371
12/08/2022,SIG,PR,ASO,ES,Federal Contract Tower,0,0,12,0,12,0,22,101,4,127,0,22,113,4,139,96,2,98,237
12/09/2022,SIG,PR,ASO,ES,Federal Contract Tower,0,0,14,0,14,0,24,108,2,134,0,24,122,2,148,210,0,210,358
12/10/2022,SIG,PR,ASO,ES,Federal Contract Tower,0,0,7,0,7,0,26,126,3,155,0,26,133,3,162,252,0,252,414
12/12/2022,SIG,PR,ASO,ES,Federal Contract Tower,0,0,15,0,15,0,28,84,2,114,0,28,99,2,129,134,0,134,263
12/13/2022,SIG,PR,ASO,ES,Federal Contract Tower,0,0,12,2,14,0,24,93,6,123,0,24,105,8,137,158,8,166,303
12/14/2022,SIG,PR,ASO,ES,Federal Contract Tower,0,0,6,1,7,0,22,79,4,105,0,22,85,5,112,32,0,32,144
12/15/2022,SIG,PR,ASO,ES,Federal Contract Tower,0,0,21,0,21,0,20,98,2,120,0,20,119,2,141,162,0,162,303
12/16/2022,SIG,PR,ASO,ES,Federal Contract Tower,0,0,12,0,12,0,25,143,0,168,0,25,155,0,180,274,0,274,454
12/17/2022,SIG,PR,ASO,ES,Federal Contract Tower,0,0,12,0,12,0,19,67,0,86,0,19,79,0,98,78,0,78,176
12/18/2022,SIG,PR,ASO,ES,Federal Contract Tower,0,0,8,0,8,0,12,98,4,114,0,12,106,4,122,44,0,44,166
12/19/2022,SIG,PR,ASO,ES,Federal Contract Tower,0,0,5,0,5,0,24,79,0,103,0,24,84,0,108,124,0,124,232
12/20/2022,SIG,PR,ASO,ES,Federal Contract Tower,0,1,12,0,13,0,20,124,3,147,0,21,136,3,160,122,4,126,286
12/21/2022,SIG,PR,ASO,ES,Federal Contract Tower,0,0,9,0,9,0,21,121,9,151,0,21,130,9,160,144,0,144,304
12/22/2022,SIG,PR,ASO,ES,Federal Contract Tower,0,0,10,0,10,0,28,102,2,132,0,28,112,2,142,148,0,148,290
12/23/2022,SIG,PR,ASO,ES,Federal Contract Tower,0,0,4,0,4,0,27,106,0,133,0,27,110,0,137,72,0,72,209
12/24/2022,SIG,PR,ASO,ES,Federal Contract Tower,0,0,7,0,7,0,21,88,0,109,0,21,95,0,116,108,0,108,224
12/25/2022,SIG,PR,ASO,ES,Federal Contract Tower,0,0,3,0,3,0,12,42,0,54,0,12,45,0,57,14,0,14,71
12/26/2022,SIG,PR,ASO,ES,Federal Contract Tower,0,0,13,0,13,0,31,35,1,67,0,31,48,1,80,0,0,0,80
12/27/2022,SIG,PR,ASO,ES,Federal Contract Tower,0,0,16,0,16,0,25,97,0,122,0,25,113,0,138,24,0,24,162
12/28/2022,SIG,PR,ASO,ES,Federal Contract Tower,0,0,13,0,13,0,18,59,6,83,0,18,72,6,96,56,0,56,152
12/29/2022,SIG,PR,ASO,ES,Federal Contract Tower,0,1,14,0,15,0,27,95,6,128,0,28,109,6,143,74,8,82,225
12/30/2022,SIG,PR,ASO,ES,Federal Contract Tower,0,0,9,0,9,0,36,70,0,106,0,36,79,0,115,24,0,24,139
12/31/2022,SIG,PR,ASO,ES,Federal Contract Tower,0,0,5,0,5,0,22,99,0,121,0,22,104,0,126,36,0,36,162
01/01/2023,SIG,PR,ASO,ES,Federal Contract Tower,0,0,5,0,5,0,15,40,0,55,0,15,45,0,60,0,0,0,60
01/02/2023,SIG,PR,ASO,ES,Federal Contract Tower,0,0,13,0,13,0,16,90,2,108,0,16,103,2,121,24,4,28,149
01/03/2023,SIG,PR,ASO,ES,Federal Contract Tower,0,2,7,0,9,0,20,80,4,104,0,22,87,4,113,42,0,42,155
01/04/2023,SIG,PR,ASO,ES,Federal Contract Tower,0,3,16,0,19,0,22,40,0,62,0,25,56,0,81,62,0,62,143
01/05/2023,SIG,PR,ASO,ES,Federal Contract Tower,0,0,6,0,6,0,23,43,5,71,0,23,49,5,77,30,0,30,107
01/06/2023,SIG,PR,ASO,ES,Federal Contract Tower,0,0,4,0,4,0,26,50,0,76,0,26,54,0,80,16,0,16,96
01/07/2023,SIG,PR,ASO,ES,Federal Contract Tower,0,0,19,0,19,0,21,76,0,97,0,21,95,0,116,58,0,58,174
01/08/2023,SIG,PR,ASO,ES,Federal Contract Tower,0,0,11,0,11,0,12,63,0,75,0,12,74,0,86,32,0,32,118
01/09/2023,SIG,PR,ASO,ES,Federal Contract Tower,0,0,5,0,5,0,20,56,0,76,0,20,61,0,81,24,0,24,105
01/10/2023,SIG,PR,ASO,ES,Federal Contract Tower,1,0,12,0,13,0,25,82,6,113,1,25,94,6,126,120,0,120,246
01/11/2023,SIG,PR,ASO,ES,Federal Contract Tower,0,0,7,1,8,0,27,82,6,115,0,27,89,7,123,38,0,38,161
01/12/2023,SIG,PR,ASO,ES,Federal Contract Tower,2,0,11,0,13,0,24,124,8,156,2,24,135,8,169,138,0,138,307
01/13/2023,SIG,PR,ASO,ES,Federal Contract Tower,0,0,19,0,19,0,21,79,2,102,0,21,98,2,121,74,0,74,195
01/14/2023,SIG,PR,ASO,ES,Federal Contract Tower,0,0,9,2,11,0,19,108,6,133,0,19,117,8,144,78,10,88,232
01/15/2023,SIG,PR,ASO,ES,Federal Contract Tower,0,0,6,0,6,0,13,46,6,65,0,13,52,6,71,24,0,24,95
01/16/2023,SIG,PR,ASO,ES,Federal Contract Tower,0,0,18,0,18,0,19,37,0,56,0,19,55,0,74,66,0,66,140
01/17/2023,SIG,PR,ASO,ES,Federal Contract Tower,0,1,12,4,17,0,22,88,5,115,0,23,100,9,132,120,0,120,252
01/18/2023,SIG,PR,ASO,ES,Federal Contract Tower,0,0,11,0,11,0,25,85,5,115,0,25,96,5,126,106,0,106,232
01/19/2023,SIG,PR,ASO,ES,Federal Contract Tower,0,1,10,1,12,0,25,108,3,136,0,26,118,4,148,84,0,84,232
01/20/2023,SIG,PR,ASO,ES,Federal Contract Tower,0,0,15,0,15,0,24,102,0,126,0,24,117,0,141,54,0,54,195
01/21/2023,SIG,PR,ASO,ES,Federal Contract Tower,0,0,7,0,7,0,23,101,0,124,0,23,108,0,131,52,0,52,183
01/22/2023,SIG,PR,ASO,ES,Federal Contract Tower,0,0,14,0,14,0,14,38,0,52,0,14,52,0,66,32,0,32,98
01/23/2023,SIG,PR,ASO,ES,Federal Contract Tower,0,1,12,0,13,2,20,43,2,67,2,21,55,2,80,42,0,42,122
01/24/2023,SIG,PR,ASO,ES,Federal Contract Tower,1,0,8,2,11,0,18,82,10,110,1,18,90,12,121,112,0,112,233
01/25/2023,SIG,PR,ASO,ES,Federal Contract Tower,0,0,8,1,9,0,26,90,0,116,0,26,98,1,125,86,0,86,211
01/26/2023,SIG,PR,ASO,ES,Federal Contract Tower,0,1,24,0,25,0,25,118,1,144,0,26,142,1,169,194,0,194,363
01/27/2023,SIG,PR,ASO,ES,Federal Contract Tower,0,0,9,0,9,0,24,92,0,116,0,24,101,0,125,58,0,58,183
01/28/2023,SIG,PR,ASO,ES,Federal Contract Tower,0,0,6,0,6,0,27,156,0,183,0,27,162,0,189,126,0,126,315
01/29/2023,SIG,PR,ASO,ES,Federal Contract Tower,0,0,16,0,16,0,15,90,0,105,0,15,106,0,121,22,0,22,143
01/30/2023,SIG,PR,ASO,ES,Federal Contract Tower,1,1,14,0,16,0,20,72,4,96,1,21,86,4,112,62,0,62,174
01/31/2023,SIG,PR,ASO,ES,Federal Contract Tower,2,0,9,4,15,1,18,88,5,112,3,18,97,9,127,44,0,44,171
02/01/2023,SIG,PR,ASO,ES,Federal Contract Tower,1,0,15,0,16,0,28,87,8,123,1,28,102,8,139,136,0,136,275
02/02/2023,SIG,PR,ASO,ES,Federal Contract Tower,4,0,13,1,18,5,25,86,0,116,9,25,99,1,134,162,0,162,296
02/03/2023,SIG,PR,ASO,ES,Federal Contract Tower,1,1,21,0,23,2,27,95,0,124,3,28,116,0,147,230,0,230,377
02/04/2023,SIG,PR,ASO,ES,Federal Contract Tower,0,0,7,0,7,0,21,89,0,110,0,21,96,0,117,98,0,98,215
02/05/2023,SIG,PR,ASO,ES,Federal Contract Tower,0,1,17,0,18,0,15,49,4,68,0,16,66,4,86,34,0,34,120
02/06/2023,SIG,PR,ASO,ES,Federal Contract Tower,0,0,13,0,13,0,24,74,3,101,0,24,87,3,114,124,0,124,238
02/07/2023,SIG,PR,ASO,ES,Federal Contract Tower,1,0,15,0,16,2,23,100,6,131,3,23,115,6,147,180,0,180,327
02/08/2023,SIG,PR,ASO,ES,Federal Contract Tower,1,0,9,1,11,2,23,86,5,116,3,23,95,6,127,140,14,154,281
02/09/2023,SIG,PR,ASO,ES,Federal Contract Tower,4,0,5,0,9,2,19,63,2,86,6,19,68,2,95,86,0,86,181
02/10/2023,SIG,PR,ASO,ES,Federal Contract Tower,0,0,15,0,15,0,26,117,3,146,0,26,132,3,161,134,0,134,295
02/11/2023,SIG,PR,ASO,ES,Federal Contract Tower,0,1,9,0,10,0,17,107,0,124,0,18,116,0,134,140,0,140,274
02/12/2023,SIG,PR,ASO,ES,Federal Contract Tower,0,1,4,0,5,0,17,75,4,96,0,18,79,4,101,14,14,28,129
02/13/2023,SIG,PR,ASO,ES,Federal Contract Tower,0,0,14,0,14,0,22,66,1,89,0,22,80,1,103,102,0,102,205
02/14/2023,SIG,PR,ASO,ES,Federal Contract Tower,1,1,5,2,9,0,20,112,3,135,1,21,117,5,144,96,0,96,240
02/15/2023,SIG,PR,ASO,ES,Federal Contract Tower,1,0,10,1,12,0,19,92,5,116,1,19,102,6,128,104,4,108,236
02/16/2023,SIG,PR,ASO,ES,Federal Contract Tower,1,1,19,1,22,0,24,128,2,154,1,25,147,3,176,118,0,118,294
02/17/2023,SIG,PR,ASO,ES,Federal Contract Tower,0,0,22,1,23,0,20,118,0,138,0,20,140,1,161,128,0,128,289
02/18/2023,SIG,PR,ASO,ES,Federal Contract Tower,0,0,6,0,6,0,27,117,0,144,0,27,123,0,150,130,0,130,280
02/19/2023,SIG,PR,ASO,ES,Federal Contract Tower,0,1,5,1,7,0,18,41,0,59,0,19,46,1,66,0,0,0,66
02/20/2023,SIG,PR,ASO,ES,Federal Contract Tower,0,0,18,0,18,0,29,35,0,64,0,29,53,0,82,0,0,0,82
02/21/2023,SIG,PR,ASO,ES,Federal Contract Tower,0,0,19,0,19,0,25,111,2,138,0,25,130,2,157,130,0,130,287
02/22/2023,SIG,PR,ASO,ES,Federal Contract Tower,1,0,11,0,12,2,21,113,2,138,3,21,124,2,150,122,0,122,272
02/23/2023,SIG,PR,ASO,ES,Federal Contract Tower,2,0,17,0,19,2,23,121,1,147,4,23,138,1,166,156,0,156,322
02/24/2023,SIG,PR,ASO,ES,Federal Contract Tower,0,0,18,0,18,0,21,120,4,145,0,21,138,4,163,178,0,178,341
02/25/2023,SIG,PR,ASO,ES,Federal Contract Tower,0,1,9,0,10,0,22,77,4,103,0,23,86,4,113,104,2,106,219
02/26/2023,SIG,PR,ASO,ES,Federal Contract Tower,1,0,11,1,13,4,21,65,0,90,5,21,76,1,103,22,0,22,125
02/27/2023,SIG,PR,ASO,ES,Federal Contract Tower,0,0,9,0,9,0,18,94,0,112,0,18,103,0,121,80,0,80,201
02/28/2023,SIG,PR,ASO,ES,Federal Contract Tower,0,0,10,0,10,0,26,85,2,113,0,26,95,2,123,94,0,94,217
03/01/2023,SIG,PR,ASO,ES,Federal Contract Tower,0,2,10,2,14,0,19,84,12,115,0,21,94,14,129,98,2,100,229
03/02/2023,SIG,PR,ASO,ES,Federal Contract Tower,0,0,14,0,14,0,20,121,0,141,0,20,135,0,155,2,2,4,159
03/03/2023,SIG,PR,ASO,ES,Federal Contract Tower,0,0,11,1,12,0,26,73,2,101,0,26,84,3,113,88,0,88,201
03/04/2023,SIG,PR,ASO,ES,Federal Contract Tower,0,0,4,1,5,0,19,76,1,96,0,19,80,2,101,70,2,72,173
03/05/2023,SIG,PR,ASO,ES,Federal Contract Tower,0,0,14,0,14,0,17,63,0,80,0,17,77,0,94,12,0,12,106
03/06/2023,SIG,PR,ASO,ES,Federal Contract Tower,0,0,9,0,9,0,18,63,0,81,0,18,72,0,90,38,0,38,128
03/07/2023,SIG,PR,ASO,ES,Federal Contract Tower,0,1,15,0,16,0,18,115,5,138,0,19,130,5,154,118,0,118,272
03/08/2023,SIG,PR,ASO,ES,Federal Contract Tower,1,0,12,0,13,1,18,129,9,157,2,18,141,9,170,190,0,190,360
03/09/2023,SIG,PR,ASO,ES,Federal Contract Tower,0,0,7,0,7,0,27,126,1,154,0,27,133,1,161,140,0,140,301
03/10/2023,SIG,PR,ASO,ES,Federal Contract Tower,0,0,9,1,10,0,22,115,2,139,0,22,124,3,149,200,0,200,349
03/11/2023,SIG,PR,ASO,ES,Federal Contract Tower,0,0,4,0,4,0,19,104,1,124,0,19,108,1,128,90,0,90,218
03/12/2023,SIG,PR,ASO,ES,Federal Contract Tower,0,0,11,0,11,0,11,66,0,77,0,11,77,0,88,14,0,14,102
03/13/2023,SIG,PR,ASO,ES,Federal Contract Tower,0,1,12,0,13,0,21,67,0,88,0,22,79,0,101,106,0,106,207
03/14/2023,SIG,PR,ASO,ES,Federal Contract Tower,0,0,7,0,7,0,17,83,3,103,0,17,90,3,110,102,0,102,212
03/15/2023,SIG,PR,ASO,ES,Federal Contract Tower,0,2,11,0,13,0,25,67,0,92,0,27,78,0,105,142,0,142,247
03/16/2023,SIG,PR,ASO,ES,Federal Contract Tower,1,0,17,1,19,2,26,111,1,140,3,26,128,2,159,140,0,140,299
03/17/2023,SIG,PR,ASO,ES,Federal Contract Tower,0,0,20,0,20,0,24,101,1,126,0,24,121,1,146,74,0,74,220
03/18/2023,SIG,PR,ASO,ES,Federal Contract Tower,0,0,5,0,5,0,21,91,0,112,0,21,96,0,117,98,0,98,215
03/19/2023,SIG,PR,ASO,ES,Federal Contract Tower,0,0,15,0,15,0,16,64,3,83,0,16,79,3,98,10,0,10,108
03/20/2023,SIG,PR,ASO,ES,Federal Contract Tower,0,0,11,0,11,0,22,84,3,109,0,22,95,3,120,98,0,98,218
03/21/2023,SIG,PR,ASO,ES,Federal Contract Tower,0,0,13,4,17,0,22,121,11,154,0,22,134,15,171,132,0,132,303
03/22/2023,SIG,PR,ASO,ES,Federal Contract Tower,1,0,11,3,15,1,28,93,6,128,2,28,104,9,143,84,0,84,227
03/23/2023,SIG,PR,ASO,ES,Federal Contract Tower,0,0,13,0,13,0,26,111,7,144,0,26,124,7,157,136,0,136,293
03/24/2023,SIG,PR,ASO,ES,Federal Contract Tower,0,0,13,0,13,0,25,110,3,138,0,25,123,3,151,96,0,96,247
03/25/2023,SIG,PR,ASO,ES,Federal Contract Tower,0,0,8,0,8,0,18,88,0,106,0,18,96,0,114,116,0,116,230
03/26/2023,SIG,PR,ASO,ES,Federal Contract Tower,0,0,8,0,8,0,11,59,0,70,0,11,67,0,78,0,0,0,78
03/27/2023,SIG,PR,ASO,ES,Federal Contract Tower,0,0,8,0,8,0,24,68,11,103,0,24,76,11,111,44,0,44,155
03/28/2023,SIG,PR,ASO,ES,Federal Contract Tower,0,0,12,0,12,0,27,125,3,155,0,27,137,3,167,102,0,102,269
03/29/2023,SIG,PR,ASO,ES,Federal Contract Tower,1,1,13,0,15,2,24,86,8,120,3,25,99,8,135,134,2,136,271
03/30/2023,SIG,PR,ASO,ES,Federal Contract Tower,0,0,15,0,15,0,23,96,3,122,0,23,111,3,137,130,0,130,267
03/31/2023,SIG,PR,ASO,ES,Federal Contract Tower,1,0,20,0,21,1,26,119,6,152,2,26,139,6,173,178,0,178,351
04/01/2023,SIG,PR,ASO,ES,Federal Contract Tower,0,0,13,0,13,0,28,86,2,116,0,28,99,2,129,104,0,104,233
04/02/2023,SIG,PR,ASO,ES,Federal Contract Tower,0,0,6,0,6,0,16,55,4,75,0,16,61,4,81,14,0,14,95
04/03/2023,SIG,PR,ASO,ES,Federal Contract Tower,0,0,6,0,6,0,27,61,4,92,0,27,67,4,98,74,0,74,172
04/04/2023,SIG,PR,ASO,ES,Federal Contract Tower,0,0,9,0,9,0,17,100,2,119,0,17,109,2,128,150,10,160,288
04/05/2023,SIG,PR,ASO,ES,Federal Contract Tower,0,0,25,0,25,0,19,70,0,89,0,19,95,0,114,120,0,120,234
04/06/2023,SIG,PR,ASO,ES,Federal Contract Tower,0,0,10,0,10,0,22,60,0,82,0,22,70,0,92,34,0,34,126
04/07/2023,SIG,PR,ASO,ES,Federal Contract Tower,0,0,4,0,4,0,24,25,0,49,0,24,29,0,53,34,0,34,87
04/08/2023,SIG,PR,ASO,ES,Federal Contract Tower,0,0,11,0,11,0,10,40,0,50,0,10,51,0,61,6,0,6,67
04/09/2023,SIG,PR,ASO,ES,Federal Contract Tower,0,0,16,0,16,0,16,92,0,108,0,16,108,0,124,26,0,26,150
04/10/2023,SIG,PR,ASO,ES,Federal Contract Tower,0,0,14,0,14,0,27,69,6,102,0,27,83,6,116,70,0,70,186
04/11/2023,SIG,PR,ASO,ES,Federal Contract Tower,0,0,15,0,15,0,25,92,6,123,0,25,107,6,138,146,0,146,284
04/12/2023,SIG,PR,ASO,ES,Federal Contract Tower,0,0,15,0,15,0,24,119,0,143,0,24,134,0,158,140,14,154,312
04/13/2023,SIG,PR,ASO,ES,Federal Contract Tower,0,0,12,0,12,0,24,134,8,166,0,24,146,8,178,132,0,132,310
04/14/2023,SIG,PR,ASO,ES,Federal Contract Tower,0,0,22,0,22,0,28,169,6,203,0,28,191,6,225,230,0,230,455
04/15/2023,SIG,PR,ASO,ES,Federal Contract Tower,0,0,12,0,12,0,20,110,0,130,0,20,122,0,142,140,0,140,282
04/16/2023,SIG,PR,ASO,ES,Federal Contract Tower,0,0,10,0,10,0,13,110,3,126,0,13,120,3,136,0,0,0,136
04/17/2023,SIG,PR,ASO,ES,Federal Contract Tower,0,0,18,0,18,0,22,77,0,99,0,22,95,0,117,104,0,104,221
04/18/2023,SIG,PR,ASO,ES,Federal Contract Tower,0,0,11,0,11,0,22,126,3,151,0,22,137,3,162,198,0,198,360
04/19/2023,SIG,PR,ASO,ES,Federal Contract Tower,0,0,13,1,14,0,17,144,2,163,0,17,157,3,177,180,0,180,357
04/20/2023,SIG,PR,ASO,ES,Federal Contract Tower,1,0,17,1,19,1,24,139,2,166,2,24,156,3,185,178,0,178,363
04/21/2023,SIG,PR,ASO,ES,Federal Contract Tower,0,0,7,0,7,0,20,113,31,164,0,20,120,31,171,212,0,212,383
04/22/2023,SIG,PR,ASO,ES,Federal Contract Tower,0,0,6,0,6,0,23,129,0,152,0,23,135,0,158,164,0,164,322
04/23/2023,SIG,PR,ASO,ES,Federal Contract Tower,0,0,12,0,12,0,10,98,0,108,0,10,110,0,120,44,0,44,164
04/24/2023,SIG,PR,ASO,ES,Federal Contract Tower,0,0,13,0,13,0,27,118,0,145,0,27,131,0,158,206,0,206,364
04/25/2023,SIG,PR,ASO,ES,Federal Contract Tower,1,0,16,2,19,1,23,153,0,177,2,23,169,2,196,153,0,153,349
04/26/2023,SIG,PR,ASO,ES,Federal Contract Tower,1,0,11,2,14,0,23,120,2,145,1,23,131,4,159,216,0,216,375
04/27/2023,SIG,PR,ASO,ES,Federal Contract Tower,0,0,13,1,14,0,21,142,0,163,0,21,155,1,177,210,0,210,387
04/28/2023,SIG,PR,ASO,ES,Federal Contract Tower,0,0,16,0,16,0,18,144,5,167,0,18,160,5,183,156,0,156,339
04/29/2023,SIG,PR,ASO,ES,Federal Contract Tower,0,0,8,0,8,0,18,146,0,164,0,18,154,0,172,164,0,164,336
04/30/2023,SIG,PR,ASO,ES,Federal Contract Tower,0,0,10,1,11,0,9,112,1,122,0,9,122,2,133,50,0,50,183
05/01/2023,SIG,PR,ASO,ES,Federal Contract Tower,1,0,11,0,12,0,25,89,0,114,1,25,100,0,126,50,0,50,176
05/02/2023,SIG,PR,ASO,ES,Federal Contract Tower,0,0,14,2,16,0,25,142,4,171,0,25,156,6,187,124,14,138,325
05/03/2023,SIG,PR,ASO,ES,Federal Contract Tower,0,0,10,0,10,0,25,118,1,144,0,25,128,1,154,174,0,174,328
05/04/2023,SIG,PR,ASO,ES,Federal Contract Tower,0,1,16,0,17,0,23,143,0,166,0,24,159,0,183,142,0,142,325
05/05/2023,SIG,PR,ASO,ES,Federal Contract Tower,0,0,12,0,12,0,21,105,0,126,0,21,117,0,138,134,0,134,272
05/06/2023,SIG,PR,ASO,ES,Federal Contract Tower,0,0,8,0,8,0,22,183,0,205,0,22,191,0,213,132,0,132,345
05/07/2023,SIG,PR,ASO,ES,Federal Contract Tower,0,0,10,0,10,0,14,206,0,220,0,14,216,0,230,76,0,76,306
05/08/2023,SIG,PR,ASO,ES,Federal Contract Tower,0,0,6,0,6,0,26,83,0,109,0,26,89,0,115,120,0,120,235
05/09/2023,SIG,PR,ASO,ES,Federal Contract Tower,0,0,10,2,12,0,24,107,0,131,0,24,117,2,143,172,0,172,315
05/10/2023,SIG,PR,ASO,ES,Federal Contract Tower,0,0,12,3,15,0,18,116,2,136,0,18,128,5,151,180,0,180,331
05/11/2023,SIG,PR,ASO,ES,Federal Contract Tower,1,2,11,0,14,0,24,180,0,204,1,26,191,0,218,252,0,252,470
05/12/2023,SIG,PR,ASO,ES,Federal Contract Tower,0,0,6,0,6,0,22,117,2,141,0,22,123,2,147,214,0,214,361
05/13/2023,SIG,PR,ASO,ES,Federal Contract Tower,0,0,11,0,11,0,20,159,8,187,0,20,170,8,198,188,0,188,386
05/14/2023,SIG,PR,ASO,ES,Federal Contract Tower,0,0,9,0,9,0,15,97,0,112,0,15,106,0,121,56,0,56,177
05/15/2023,SIG,PR,ASO,ES,Federal Contract Tower,1,1,14,0,16,1,21,108,3,133,2,22,122,3,149,198,0,198,347
05/16/2023,SIG,PR,ASO,ES,Federal Contract Tower,0,1,7,0,8,0,18,96,5,119,0,19,103,5,127,188,0,188,315
05/17/2023,SIG,PR,ASO,ES,Federal Contract Tower,0,0,8,0,8,0,28,100,2,130,0,28,108,2,138,254,0,254,392
05/18/2023,SIG,PR,ASO,ES,Federal Contract Tower,0,1,16,0,17,0,24,128,3,155,0,25,144,3,172,224,0,224,396
05/19/2023,SIG,PR,ASO,ES,Federal Contract Tower,0,0,14,0,14,0,25,100,0,125,0,25,114,0,139,46,0,46,185
05/20/2023,SIG,PR,ASO,ES,Federal Contract Tower,0,0,11,0,11,0,22,140,0,162,0,22,151,0,173,116,0,116,289
05/21/2023,SIG,PR,ASO,ES,Federal Contract Tower,0,0,12,0,12,0,11,116,3,130,0,11,128,3,142,46,0,46,188
05/22/2023,SIG,PR,ASO,ES,Federal Contract Tower,1,0,5,0,6,0,20,68,3,91,1,20,73,3,97,60,0,60,157
05/23/2023,SIG,PR,ASO,ES,Federal Contract Tower,0,0,13,1,14,0,27,108,2,137,0,27,121,3,151,212,0,212,363
05/24/2023,SIG,PR,ASO,ES,Federal Contract Tower,0,0,5,0,5,0,21,132,6,159,0,21,137,6,164,244,0,244,408
05/25/2023,SIG,PR,ASO,ES,Federal Contract Tower,0,0,18,0,18,0,20,138,3,161,0,20,156,3,179,290,0,290,469
05/26/2023,SIG,PR,ASO,ES,Federal Contract Tower,0,0,18,0,18,0,21,118,2,141,0,21,136,2,159,228,0,228,387
05/27/2023,SIG,PR,ASO,ES,Federal Contract Tower,0,0,7,0,7,0,26,131,0,157,0,26,138,0,164,136,0,136,300
05/28/2023,SIG,PR,ASO,ES,Federal Contract Tower,0,0,5,0,5,0,19,68,1,88,0,19,73,1,93,8,0,8,101
05/29/2023,SIG,PR,ASO,ES,Federal Contract Tower,0,0,14,0,14,0,24,78,5,107,0,24,92,5,121,90,0,90,211
05/30/2023,SIG,PR,ASO,ES,Federal Contract Tower,0,0,8,2,10,0,22,99,5,126,0,22,107,7,136,126,10,136,272
05/31/2023,SIG,PR,ASO,ES,Federal Contract Tower,0,0,20,0,20,0,21,114,0,135,0,21,134,0,155,140,0,140,295
06/01/2023,SIG,PR,ASO,ES,Federal Contract Tower,0,0,15,0,15,0,25,111,0,136,0,25,126,0,151,134,0,134,285
06/02/2023,SIG,PR,ASO,ES,Federal Contract Tower,0,0,15,0,15,0,27,119,0,146,0,27,134,0,161,100,0,100,261
06/03/2023,SIG,PR,ASO,ES,Federal Contract Tower,0,0,3,0,3,0,19,83,0,102,0,19,86,0,105,104,0,104,209
06/04/2023,SIG,PR,ASO,ES,Federal Contract Tower,0,0,12,0,12,0,20,78,1,99,0,20,90,1,111,30,0,30,141
06/05/2023,SIG,PR,ASO,ES,Federal Contract Tower,0,0,14,0,14,0,21,76,5,102,0,21,90,5,116,84,0,84,200
06/06/2023,SIG,PR,ASO,ES,Federal Contract Tower,1,2,4,0,7,2,24,90,6,122,3,26,94,6,129,122,0,122,251
06/07/2023,SIG,PR,ASO,ES,Federal Contract Tower,0,0,9,0,9,0,18,123,7,148,0,18,132,7,157,176,2,178,335
06/08/2023,SIG,PR,ASO,ES,Federal Contract Tower,0,0,10,0,10,1,24,99,2,126,1,24,109,2,136,84,0,84,220
06/09/2023,SIG,PR,ASO,ES,Federal Contract Tower,0,0,10,0,10,0,25,137,0,162,0,25,147,0,172,138,0,138,310
06/10/2023,SIG,PR,ASO,ES,Federal Contract Tower,0,0,6,0,6,0,18,162,0,180,0,18,168,0,186,190,0,190,376
06/11/2023,SIG,PR,ASO,ES,Federal Contract Tower,0,0,8,0,8,0,19,107,0,126,0,19,115,0,134,46,0,46,180
06/12/2023,SIG,PR,ASO,ES,Federal Contract Tower,0,0,8,0,8,0,31,110,3,144,0,31,118,3,152,100,0,100,252
06/13/2023,SIG,PR,ASO,ES,Federal Contract Tower,0,0,13,0,13,0,23,117,2,142,0,23,130,2,155,186,0,186,341
06/14/2023,SIG,PR,ASO,ES,Federal Contract Tower,1,0,10,2,13,2,26,115,5,148,3,26,125,7,161,152,0,152,313
06/15/2023,SIG,PR,ASO,ES,Federal Contract Tower,0,0,6,0,6,0,22,129,7,158,0,22,135,7,164,180,0,180,344
06/16/2023,SIG,PR,ASO,ES,Federal Contract Tower,0,0,13,0,13,0,25,94,4,123,0,25,107,4,136,118,0,118,254
06/17/2023,SIG,PR,ASO,ES,Federal Contract Tower,0,0,1,0,1,0,12,130,15,157,0,12,131,15,158,152,24,176,334
06/18/2023,SIG,PR,ASO,ES,Federal Contract Tower,0,0,11,0,11,0,13,74,0,87,0,13,85,0,98,2,0,2,100
06/19/2023,SIG,PR,ASO,ES,Federal Contract Tower,1,0,10,0,11,2,24,67,5,98,3,24,77,5,109,44,0,44,153
06/20/2023,SIG,PR,ASO,ES,Federal Contract Tower,0,0,8,0,8,0,25,105,3,133,0,25,113,3,141,150,0,150,291
06/21/2023,SIG,PR,ASO,ES,Federal Contract Tower,0,0,13,0,13,0,25,130,0,155,0,25,143,0,168,258,0,258,426
06/22/2023,SIG,PR,ASO,ES,Federal Contract Tower,0,0,15,1,16,0,27,149,0,176,0,27,164,1,192,160,0,160,352
06/23/2023,SIG,PR,ASO,ES,Federal Contract Tower,0,0,18,0,18,0,24,99,0,123,0,24,117,0,141,180,0,180,321
06/24/2023,SIG,PR,ASO,ES,Federal Contract Tower,0,0,3,0,3,0,20,128,1,149,0,20,131,1,152,82,0,82,234
06/25/2023,SIG,PR,ASO,ES,Federal Contract Tower,0,0,8,0,8,0,21,94,0,115,0,21,102,0,123,36,0,36,159
06/26/2023,SIG,PR,ASO,ES,Federal Contract Tower,0,0,12,1,13,0,25,99,2,126,0,25,111,3,139,56,0,56,195
06/27/2023,SIG,PR,ASO,ES,Federal Contract Tower,0,0,5,1,6,0,24,88,6,118,0,24,93,7,124,186,2,188,312
06/28/2023,SIG,PR,ASO,ES,Federal Contract Tower,0,0,9,2,11,0,12,61,3,76,0,12,70,5,87,104,0,104,191
06/29/2023,SIG,PR,ASO,ES,Federal Contract Tower,0,0,12,0,12,0,26,104,0,130,0,26,116,0,142,102,0,102,244
06/30/2023,SIG,PR,ASO,ES,Federal Contract Tower,0,0,16,0,16,0,28,112,4,144,0,28,128,4,160,126,0,126,286
07/01/2023,SIG,PR,ASO,ES,Federal Contract Tower,0,0,14,0,14,0,24,128,0,152,0,24,142,0,166,128,0,128,294
07/02/2023,SIG,PR,ASO,ES,Federal Contract Tower,0,0,9,0,9,0,22,89,4,115,0,22,98,4,124,98,0,98,222
07/03/2023,SIG,PR,ASO,ES,Federal Contract Tower,0,0,5,0,5,0,24,120,2,146,0,24,125,2,151,68,0,68,219
07/04/2023,SIG,PR,ASO,ES,Federal Contract Tower,0,0,9,0,9,0,24,60,0,84,0,24,69,0,93,86,0,86,179
07/05/2023,SIG,PR,ASO,ES,Federal Contract Tower,0,1,10,0,11,0,29,133,7,169,0,30,143,7,180,170,2,172,352
07/06/2023,SIG,PR,ASO,ES,Federal Contract Tower,0,0,16,0,16,0,25,104,10,139,0,25,120,10,155,148,0,148,303
07/07/2023,SIG,PR,ASO,ES,Federal Contract Tower,0,0,15,0,15,0,30,161,1,192,0,30,176,1,207,210,0,210,417
07/08/2023,SIG,PR,ASO,ES,Federal Contract Tower,0,0,3,0,3,0,24,112,0,136,0,24,115,0,139,112,0,112,251
07/09/2023,SIG,PR,ASO,ES,Federal Contract Tower,0,0,6,0,6,0,15,86,0,101,0,15,92,0,107,46,0,46,153
07/10/2023,SIG,PR,ASO,ES,Federal Contract Tower,0,0,10,0,10,0,30,111,0,141,0,30,121,0,151,158,0,158,309
07/11/2023,SIG,PR,ASO,ES,Federal Contract Tower,0,0,13,0,13,0,21,131,9,161,0,21,144,9,174,192,0,192,366
07/12/2023,SIG,PR,ASO,ES,Federal Contract Tower,0,0,10,0,10,0,26,69,0,95,0,26,79,0,105,138,0,138,243
07/13/2023,SIG,PR,ASO,ES,Federal Contract Tower,0,0,8,3,11,0,26,148,4,178,0,26,156,7,189,164,18,182,371
07/14/2023,SIG,PR,ASO,ES,Federal Contract Tower,0,0,13,0,13,0,28,118,2,148,0,28,131,2,161,136,0,136,297
07/15/2023,SIG,PR,ASO,ES,Federal Contract Tower,0,0,6,0,6,0,26,201,2,229,0,26,207,2,235,194,0,194,429
07/16/2023,SIG,PR,ASO,ES,Federal Contract Tower,0,0,15,0,15,0,18,116,8,142,0,18,131,8,157,86,44,130,287
07/17/2023,SIG,PR,ASO,ES,Federal Contract Tower,1,0,9,1,11,0,28,84,0,112,1,28,93,1,123,86,0,86,209
07/20/2023,SIG,PR,ASO,ES,Federal Contract Tower,0,0,8,0,8,0,21,101,0,122,0,21,109,0,130,172,0,172,302
07/21/2023,SIG,PR,ASO,ES,Federal Contract Tower,0,0,15,0,15,0,32,129,2,163,0,32,144,2,178,124,0,124,302
07/22/2023,SIG,PR,ASO,ES,Federal Contract Tower,0,0,8,0,8,0,22,134,0,156,0,22,142,0,164,132,0,132,296
07/23/2023,SIG,PR,ASO,ES,Federal Contract Tower,0,0,11,0,11,0,20,90,2,112,0,20,101,2,123,24,0,24,147
07/24/2023,SIG,PR,ASO,ES,Federal Contract Tower,0,0,10,0,10,0,0,0,0,0,0,0,10,0,10,118,0,118,128
07/25/2023,SIG,PR,ASO,ES,Federal Contract Tower,0,0,12,0,12,0,23,72,11,106,0,23,84,11,118,66,20,86,204
07/26/2023,SIG,PR,ASO,ES,Federal Contract Tower,3,0,8,2,13,4,29,90,6,129,7,29,98,8,142,114,4,118,260
07/27/2023,SIG,PR,ASO,ES,Federal Contract Tower,0,0,16,0,16,0,22,122,5,149,0,22,138,5,165,188,2,190,355
07/28/2023,SIG,PR,ASO,ES,Federal Contract Tower,0,0,15,0,15,0,35,157,0,192,0,35,172,0,207,186,0,186,393
07/29/2023,SIG,PR,ASO,ES,Federal Contract Tower,0,0,7,0,7,0,21,121,0,142,0,21,128,0,149,92,0,92,241
07/30/2023,SIG,PR,ASO,ES,Federal Contract Tower,0,0,13,0,13,0,19,121,0,140,0,19,134,0,153,26,0,26,179
07/31/2023,SIG,PR,ASO,ES,Federal Contract Tower,0,1,10,0,11,0,30,101,0,131,0,31,111,0,142,88,0,88,230
08/01/2023,SIG,PR,ASO,ES,Federal Contract Tower,0,0,11,2,13,0,26,92,3,121,0,26,103,5,134,136,0,136,270
08/02/2023,SIG,PR,ASO,ES,Federal Contract Tower,0,0,6,1,7,0,30,107,6,143,0,30,113,7,150,202,8,210,360
08/03/2023,SIG,PR,ASO,ES,Federal Contract Tower,0,0,11,1,12,0,24,124,10,158,0,24,135,11,170,150,0,150,320
08/04/2023,SIG,PR,ASO,ES,Federal Contract Tower,0,0,4,0,4,0,27,112,0,139,0,27,116,0,143,104,2,106,249
08/05/2023,SIG,PR,ASO,ES,Federal Contract Tower,0,0,4,0,4,0,28,83,0,111,0,28,87,0,115,62,0,62,177
08/06/2023,SIG,PR,ASO,ES,Federal Contract Tower,0,1,5,0,6,0,15,61,3,79,0,16,66,3,85,10,0,10,95
08/07/2023,SIG,PR,ASO,ES,Federal Contract Tower,0,0,9,0,9,0,22,54,0,76,0,22,63,0,85,30,0,30,115
08/08/2023,SIG,PR,ASO,ES,Federal Contract Tower,0,2,2,0,4,0,22,79,6,107,0,24,81,6,111,228,2,230,341
08/09/2023,SIG,PR,ASO,ES,Federal Contract Tower,0,0,10,0,10,0,21,72,3,96,0,21,82,3,106,62,0,62,168
08/10/2023,SIG,PR,ASO,ES,Federal Contract Tower,0,0,4,0,4,0,32,54,0,86,0,32,58,0,90,78,2,80,170
08/11/2023,SIG,PR,ASO,ES,Federal Contract Tower,0,0,7,0,7,0,28,73,0,101,0,28,80,0,108,48,4,52,160
08/12/2023,SIG,PR,ASO,ES,Federal Contract Tower,0,0,6,0,6,0,22,53,0,75,0,22,59,0,81,48,2,50,131
08/13/2023,SIG,PR,ASO,ES,Federal Contract Tower,0,0,2,0,2,0,23,41,1,65,0,23,43,1,67,8,0,8,75
08/14/2023,SIG,PR,ASO,ES,Federal Contract Tower,0,0,5,0,5,0,26,40,2,68,0,26,45,2,73,16,0,16,89
08/15/2023,SIG,PR,ASO,ES,Federal Contract Tower,0,0,9,0,9,0,22,71,3,96,0,22,80,3,105,110,0,110,215
08/16/2023,SIG,PR,ASO,ES,Federal Contract Tower,1,0,17,0,18,1,28,78,5,112,2,28,95,5,130,120,14,134,264
08/17/2023,SIG,PR,ASO,ES,Federal Contract Tower,1,0,10,0,11,1,25,92,0,118,2,25,102,0,129,76,0,76,205
08/18/2023,SIG,PR,ASO,ES,Federal Contract Tower,1,0,10,0,11,1,29,120,0,150,2,29,130,0,161,84,0,84,245
08/19/2023,SIG,PR,ASO,ES,Federal Contract Tower,0,0,9,0,9,0,20,127,2,149,0,20,136,2,158,108,0,108,266
08/20/2023,SIG,PR,ASO,ES,Federal Contract Tower,0,0,7,0,7,0,11,39,0,50,0,11,46,0,57,28,0,28,85
08/21/2023,SIG,PR,ASO,ES,Federal Contract Tower,0,0,10,0,10,0,18,35,0,53,0,18,45,0,63,74,0,74,137
08/22/2023,SIG,PR,ASO,ES,Federal Contract Tower,0,0,7,0,7,0,18,62,0,80,0,18,69,0,87,158,0,158,245
08/23/2023,SIG,PR,ASO,ES,Federal Contract Tower,0,0,4,0,4,0,22,110,7,139,0,22,114,7,143,234,2,236,379
08/24/2023,SIG,PR,ASO,ES,Federal Contract Tower,0,0,11,0,11,0,21,93,3,117,0,21,104,3,128,162,0,162,290
08/25/2023,SIG,PR,ASO,ES,Federal Contract Tower,0,0,8,0,8,0,17,63,5,85,0,17,71,5,93,80,0,80,173
08/26/2023,SIG,PR,ASO,ES,Federal Contract Tower,0,0,4,0,4,0,14,75,0,89,0,14,79,0,93,60,0,60,153
08/27/2023,SIG,PR,ASO,ES,Federal Contract Tower,0,1,7,0,8,0,10,85,8,103,0,11,92,8,111,82,0,82,193
08/28/2023,SIG,PR,ASO,ES,Federal Contract Tower,0,0,7,1,8,0,21,84,1,106,0,21,91,2,114,108,0,108,222
08/29/2023,SIG,PR,ASO,ES,Federal Contract Tower,0,0,7,2,9,0,18,102,1,121,0,18,109,3,130,148,0,148,278
08/30/2023,SIG,PR,ASO,ES,Federal Contract Tower,0,0,12,3,15,0,19,79,1,99,0,19,91,4,114,106,2,108,222
08/31/2023,SIG,PR,ASO,ES,Federal Contract Tower,0,0,21,3,24,0,19,110,1,130,0,19,131,4,154,114,0,114,268
