01/01/2000,SJC,CA,AWP,WE,Combined TRACON& Tower with Radar,249,20,61,0,330,0,1,13,1,15,249,21,74,1,345,106,0,106,451
01/02/2000,SJC,CA,AWP,WE,Combined TRACON& Tower with Radar,333,11,82,0,426,22,0,134,0,156,355,11,216,0,582,40,0,40,622
01/03/2000,SJC,CA,AWP,WE,Combined TRACON& Tower with Radar,387,29,95,0,511,16,0,109,0,125,403,29,204,0,636,92,0,92,728
01/04/2000,SJC,CA,AWP,WE,Combined TRACON& Tower with Radar,420,36,113,0,569,0,1,44,0,45,420,37,157,0,614,64,0,64,678
01/05/2000,SJC,CA,AWP,WE,Combined TRACON& Tower with Radar,369,29,90,0,488,7,2,144,0,153,376,31,234,0,641,114,0,114,755
01/06/2000,SJC,CA,AWP,WE,Combined TRACON& Tower with Radar,418,32,102,0,552,8,15,136,0,159,426,47,238,0,711,70,0,70,781
01/07/2000,SJC,CA,AWP,WE,Combined TRACON& Tower with Radar,370,29,91,0,490,0,5,148,2,155,370,34,239,2,645,138,0,138,783
01/08/2000,SJC,CA,AWP,WE,Combined TRACON& Tower with Radar,350,19,86,0,455,19,0,52,0,71,369,19,138,0,526,194,0,194,720
01/09/2000,SJC,CA,AWP,WE,Combined TRACON& Tower with Radar,352,15,86,0,453,40,0,43,2,85,392,15,129,2,538,244,0,244,782
01/10/2000,SJC,CA,AWP,WE,Combined TRACON& Tower with Radar,372,27,91,0,490,0,0,72,0,72,372,27,163,0,562,68,0,68,630
01/11/2000,SJC,CA,AWP,WE,Combined TRACON& Tower with Radar,358,28,93,1,480,0,1,44,0,45,358,29,137,1,525,62,0,62,587
01/12/2000,SJC,CA,AWP,WE,Combined TRACON& Tower with Radar,411,31,104,0,546,0,9,103,0,112,411,40,207,0,658,244,0,244,902
01/13/2000,SJC,CA,AWP,WE,Combined TRACON& Tower with Radar,469,36,121,0,626,0,19,152,0,171,469,55,273,0,797,152,0,152,949
01/14/2000,SJC,CA,AWP,WE,Combined TRACON& Tower with Radar,404,31,104,0,539,0,9,130,0,139,404,40,234,0,678,94,0,94,772
01/15/2000,SJC,CA,AWP,WE,Combined TRACON& Tower with Radar,301,16,74,1,392,38,0,45,0,83,339,16,119,1,475,208,0,208,683
01/16/2000,SJC,CA,AWP,WE,Combined TRACON& Tower with Radar,329,20,79,0,428,24,0,119,0,143,353,20,198,0,571,194,0,194,765
01/17/2000,SJC,CA,AWP,WE,Combined TRACON& Tower with Radar,410,33,109,0,552,0,2,31,0,33,410,35,140,0,585,64,0,64,649
01/18/2000,SJC,CA,AWP,WE,Combined TRACON& Tower with Radar,411,32,1,0,444,0,4,0,0,4,411,36,1,0,448,46,0,46,494
01/19/2000,SJC,CA,AWP,WE,Combined TRACON& Tower with Radar,401,28,108,0,537,0,0,51,0,51,401,28,159,0,588,102,0,102,690
01/20/2000,SJC,CA,AWP,WE,Combined TRACON& Tower with Radar,401,28,97,0,526,10,0,141,0,151,411,28,238,0,677,270,0,270,947
01/21/2000,SJC,CA,AWP,WE,Combined TRACON& Tower with Radar,478,36,120,0,634,0,1,139,0,140,478,37,259,0,774,172,0,172,946
01/22/2000,SJC,CA,AWP,WE,Combined TRACON& Tower with Radar,311,17,75,0,403,12,0,142,0,154,323,17,217,0,557,166,0,166,723
01/23/2000,SJC,CA,AWP,WE,Combined TRACON& Tower with Radar,335,17,63,0,415,25,0,0,0,25,360,17,63,0,440,78,0,78,518
01/24/2000,SJC,CA,AWP,WE,Combined TRACON& Tower with Radar,381,22,95,0,498,0,0,44,0,44,381,22,139,0,542,0,0,0,542
01/25/2000,SJC,CA,AWP,WE,Combined TRACON& Tower with Radar,386,29,99,0,514,0,0,70,0,70,386,29,169,0,584,202,0,202,786
01/26/2000,SJC,CA,AWP,WE,Combined TRACON& Tower with Radar,371,28,89,0,488,10,3,179,0,192,381,31,268,0,680,192,0,192,872
01/27/2000,SJC,CA,AWP,WE,Combined TRACON& Tower with Radar,406,31,99,0,536,0,8,194,0,202,406,39,293,0,738,84,0,84,822
01/28/2000,SJC,CA,AWP,WE,Combined TRACON& Tower with Radar,393,29,95,0,517,14,8,178,0,200,407,37,273,0,717,72,0,72,789
01/29/2000,SJC,CA,AWP,WE,Combined TRACON& Tower with Radar,327,13,78,0,418,25,0,214,0,239,352,13,292,0,657,342,0,342,999
01/30/2000,SJC,CA,AWP,WE,Combined TRACON& Tower with Radar,331,16,80,0,427,23,0,8,0,31,354,16,88,0,458,20,0,20,478
01/31/2000,SJC,CA,AWP,WE,Combined TRACON& Tower with Radar,418,32,102,0,552,0,2,89,0,91,418,34,191,0,643,192,0,192,835
02/01/2000,SJC,CA,AWP,WE,Combined TRACON& Tower with Radar,393,35,93,0,521,16,0,150,0,166,409,35,243,0,687,132,0,132,819
02/02/2000,SJC,CA,AWP,WE,Combined TRACON& Tower with Radar,365,25,86,0,476,9,0,132,0,141,374,25,218,0,617,120,0,120,737
02/03/2000,SJC,CA,AWP,WE,Combined TRACON& Tower with Radar,437,39,104,0,580,0,0,71,2,73,437,39,175,2,653,52,0,52,705
02/04/2000,SJC,CA,AWP,WE,Combined TRACON& Tower with Radar,373,34,90,0,497,0,10,119,2,131,373,44,209,2,628,102,0,102,730
02/05/2000,SJC,CA,AWP,WE,Combined TRACON& Tower with Radar,265,8,62,0,335,7,0,40,0,47,272,8,102,0,382,242,0,242,624
02/06/2000,SJC,CA,AWP,WE,Combined TRACON& Tower with Radar,352,31,84,0,467,0,11,198,0,209,352,42,282,0,676,320,0,320,996
02/07/2000,SJC,CA,AWP,WE,Combined TRACON& Tower with Radar,382,25,91,0,498,27,0,147,0,174,409,25,238,0,672,192,0,192,864
02/08/2000,SJC,CA,AWP,WE,Combined TRACON& Tower with Radar,338,19,81,0,438,31,0,57,0,88,369,19,138,0,526,194,0,194,720
02/09/2000,SJC,CA,AWP,WE,Combined TRACON& Tower with Radar,380,30,94,0,504,0,0,109,0,109,380,30,203,0,613,130,0,130,743
02/10/2000,SJC,CA,AWP,WE,Combined TRACON& Tower with Radar,440,46,122,0,608,0,14,129,0,143,440,60,251,0,751,100,0,100,851
02/11/2000,SJC,CA,AWP,WE,Combined TRACON& Tower with Radar,421,31,108,1,561,0,0,123,4,127,421,31,231,5,688,12,14,26,714
02/12/2000,SJC,CA,AWP,WE,Combined TRACON& Tower with Radar,323,11,77,1,412,15,0,52,2,69,338,11,129,3,481,324,0,324,805
02/13/2000,SJC,CA,AWP,WE,Combined TRACON& Tower with Radar,341,21,84,1,447,0,0,27,1,28,341,21,111,2,475,112,0,112,587
02/14/2000,SJC,CA,AWP,WE,Combined TRACON& Tower with Radar,394,34,94,1,523,4,5,48,1,58,398,39,142,2,581,120,0,120,701
02/15/2000,SJC,CA,AWP,WE,Combined TRACON& Tower with Radar,364,29,87,1,481,5,0,158,1,164,369,29,245,2,645,132,0,132,777
02/16/2000,SJC,CA,AWP,WE,Combined TRACON& Tower with Radar,375,22,89,0,486,18,0,57,0,75,393,22,146,0,561,106,0,106,667
02/17/2000,SJC,CA,AWP,WE,Combined TRACON& Tower with Radar,454,40,108,0,602,6,17,162,0,185,460,57,270,0,787,222,0,222,1009
02/18/2000,SJC,CA,AWP,WE,Combined TRACON& Tower with Radar,396,40,108,0,544,0,26,228,0,254,396,66,336,0,798,140,0,140,938
02/19/2000,SJC,CA,AWP,WE,Combined TRACON& Tower with Radar,292,13,68,0,373,12,0,205,0,217,304,13,273,0,590,126,0,126,716
02/20/2000,SJC,CA,AWP,WE,Combined TRACON& Tower with Radar,318,12,51,0,381,41,0,0,0,41,359,12,51,0,422,56,0,56,478
02/21/2000,SJC,CA,AWP,WE,Combined TRACON& Tower with Radar,374,22,88,1,485,23,0,159,1,183,397,22,247,2,668,226,0,226,894
02/22/2000,SJC,CA,AWP,WE,Combined TRACON& Tower with Radar,345,33,86,0,464,0,13,34,0,47,345,46,120,0,511,104,0,104,615
02/23/2000,SJC,CA,AWP,WE,Combined TRACON& Tower with Radar,376,30,91,0,497,0,0,69,0,69,376,30,160,0,566,116,0,116,682
02/24/2000,SJC,CA,AWP,WE,Combined TRACON& Tower with Radar,473,43,113,0,629,0,18,110,0,128,473,61,223,0,757,178,0,178,935
02/25/2000,SJC,CA,AWP,WE,Combined TRACON& Tower with Radar,425,38,103,0,566,0,12,136,0,148,425,50,239,0,714,232,0,232,946
02/26/2000,SJC,CA,AWP,WE,Combined TRACON& Tower with Radar,340,15,79,0,434,40,0,61,1,102,380,15,140,1,536,206,0,206,742
02/27/2000,SJC,CA,AWP,WE,Combined TRACON& Tower with Radar,374,31,88,0,493,6,0,41,0,47,380,31,129,0,540,190,0,190,730
02/28/2000,SJC,CA,AWP,WE,Combined TRACON& Tower with Radar,452,40,106,0,598,24,16,101,0,141,476,56,207,0,739,170,0,170,909
02/29/2000,SJC,CA,AWP,WE,Combined TRACON& Tower with Radar,390,34,92,0,516,10,4,39,0,53,400,38,131,0,569,38,0,38,607
03/01/2000,SJC,CA,AWP,WE,Combined TRACON& Tower with Radar,395,35,90,0,520,0,6,191,1,198,395,41,281,1,718,112,0,112,830
03/02/2000,SJC,CA,AWP,WE,Combined TRACON& Tower with Radar,469,43,113,0,625,0,1,114,0,115,469,44,227,0,740,82,0,82,822
03/03/2000,SJC,CA,AWP,WE,Combined TRACON& Tower with Radar,560,50,131,0,741,0,19,334,0,353,560,69,465,0,1094,320,0,320,1414
03/04/2000,SJC,CA,AWP,WE,Combined TRACON& Tower with Radar,353,19,84,0,456,0,0,143,0,143,353,19,227,0,599,270,0,270,869
03/05/2000,SJC,CA,AWP,WE,Combined TRACON& Tower with Radar,376,25,85,0,486,13,0,39,0,52,389,25,124,0,538,188,0,188,726
03/06/2000,SJC,CA,AWP,WE,Combined TRACON& Tower with Radar,436,40,103,0,579,0,17,131,0,148,436,57,234,0,727,124,0,124,851
03/07/2000,SJC,CA,AWP,WE,Combined TRACON& Tower with Radar,368,27,84,0,479,8,0,59,0,67,376,27,143,0,546,64,0,64,610
03/08/2000,SJC,CA,AWP,WE,Combined TRACON& Tower with Radar,389,25,92,0,506,0,0,32,0,32,389,25,124,0,538,188,0,188,726
03/09/2000,SJC,CA,AWP,WE,Combined TRACON& Tower with Radar,490,38,113,0,641,0,0,138,0,138,490,38,251,0,779,204,0,204,983
03/10/2000,SJC,CA,AWP,WE,Combined TRACON& Tower with Radar,468,42,111,0,621,0,30,222,0,252,468,72,333,0,873,180,0,180,1053
03/11/2000,SJC,CA,AWP,WE,Combined TRACON& Tower with Radar,330,20,75,1,426,13,0,157,1,171,343,20,232,2,597,144,0,144,741
03/12/2000,SJC,CA,AWP,WE,Combined TRACON& Tower with Radar,378,27,86,0,491,7,0,218,0,225,385,27,304,0,716,182,0,182,898
03/13/2000,SJC,CA,AWP,WE,Combined TRACON& Tower with Radar,410,36,93,0,539,15,6,197,0,218,425,42,290,0,757,214,0,214,971
03/14/2000,SJC,CA,AWP,WE,Combined TRACON& Tower with Radar,400,34,91,0,525,14,0,375,0,389,414,34,466,0,914,14,0,14,928
03/15/2000,SJC,CA,AWP,WE,Combined TRACON& Tower with Radar,372,35,91,0,498,0,7,222,0,229,372,42,313,0,727,38,0,38,765
03/16/2000,SJC,CA,AWP,WE,Combined TRACON& Tower with Radar,416,36,94,1,547,16,0,197,1,214,432,36,291,2,761,164,0,164,925
03/17/2000,SJC,CA,AWP,WE,Combined TRACON& Tower with Radar,439,38,99,1,577,1,7,250,1,259,440,45,349,2,836,132,0,132,968
03/18/2000,SJC,CA,AWP,WE,Combined TRACON& Tower with Radar,340,23,77,0,440,35,0,221,0,256,375,23,298,0,696,156,0,156,852
03/19/2000,SJC,CA,AWP,WE,Combined TRACON& Tower with Radar,337,19,76,0,432,28,0,167,0,195,365,19,243,0,627,72,0,72,699
03/20/2000,SJC,CA,AWP,WE,Combined TRACON& Tower with Radar,374,29,83,0,486,29,0,96,1,126,403,29,179,1,612,62,0,62,674
03/21/2000,SJC,CA,AWP,WE,Combined TRACON& Tower with Radar,412,36,92,0,540,0,5,142,0,147,412,41,234,0,687,54,0,54,741
03/22/2000,SJC,CA,AWP,WE,Combined TRACON& Tower with Radar,367,33,86,0,486,0,8,150,0,158,367,41,236,0,644,74,0,74,718
03/23/2000,SJC,CA,AWP,WE,Combined TRACON& Tower with Radar,432,30,100,0,562,0,0,250,1,251,432,30,350,1,813,124,0,124,937
03/24/2000,SJC,CA,AWP,WE,Combined TRACON& Tower with Radar,374,33,85,0,492,0,2,233,1,236,374,35,318,1,728,132,0,132,860
03/25/2000,SJC,CA,AWP,WE,Combined TRACON& Tower with Radar,324,21,72,0,417,36,0,120,0,156,360,21,192,0,573,100,0,100,673
03/26/2000,SJC,CA,AWP,WE,Combined TRACON& Tower with Radar,404,17,90,0,511,21,0,219,0,240,425,17,309,0,751,194,0,194,945
03/27/2000,SJC,CA,AWP,WE,Combined TRACON& Tower with Radar,466,41,109,0,616,0,0,104,2,106,466,41,213,2,722,146,0,146,868
03/28/2000,SJC,CA,AWP,WE,Combined TRACON& Tower with Radar,372,33,87,0,492,0,3,205,0,208,372,36,292,0,700,98,0,98,798
03/29/2000,SJC,CA,AWP,WE,Combined TRACON& Tower with Radar,375,33,84,0,492,0,1,206,1,208,375,34,290,1,700,48,0,48,748
03/30/2000,SJC,CA,AWP,WE,Combined TRACON& Tower with Radar,416,36,93,0,545,1,0,224,0,225,417,36,317,0,770,124,0,124,894
03/31/2000,SJC,CA,AWP,WE,Combined TRACON& Tower with Radar,362,26,81,0,469,7,0,203,2,212,369,26,284,2,681,34,0,34,715
04/01/2000,SJC,CA,AWP,WE,Combined TRACON& Tower with Radar,272,8,61,0,341,24,0,120,0,144,296,8,181,0,485,102,0,102,587
04/02/2000,SJC,CA,AWP,WE,Combined TRACON& Tower with Radar,313,9,70,0,392,39,0,148,0,187,352,9,218,0,579,60,0,60,639
04/03/2000,SJC,CA,AWP,WE,Combined TRACON& Tower with Radar,411,36,92,1,540,17,0,122,0,139,428,36,214,1,679,170,0,170,849
04/04/2000,SJC,CA,AWP,WE,Combined TRACON& Tower with Radar,387,34,86,0,507,3,6,177,0,186,390,40,263,0,693,108,0,108,801
04/05/2000,SJC,CA,AWP,WE,Combined TRACON& Tower with Radar,362,34,87,1,484,0,17,169,5,191,362,51,256,6,675,92,0,92,767
04/06/2000,SJC,CA,AWP,WE,Combined TRACON& Tower with Radar,395,35,92,0,522,0,12,191,0,203,395,47,283,0,725,140,0,140,865
04/07/2000,SJC,CA,AWP,WE,Combined TRACON& Tower with Radar,493,42,110,0,645,9,10,227,0,246,502,52,337,0,891,186,0,186,1077
04/08/2000,SJC,CA,AWP,WE,Combined TRACON& Tower with Radar,320,24,72,0,416,1,0,157,0,158,321,24,229,0,574,156,0,156,730
04/09/2000,SJC,CA,AWP,WE,Combined TRACON& Tower with Radar,363,25,81,0,469,11,0,189,0,200,374,25,270,0,669,198,0,198,867
04/10/2000,SJC,CA,AWP,WE,Combined TRACON& Tower with Radar,417,36,93,2,548,4,11,152,5,172,421,47,245,7,720,76,0,76,796
04/11/2000,SJC,CA,AWP,WE,Combined TRACON& Tower with Radar,377,33,87,2,499,0,0,152,0,152,377,33,239,2,651,104,0,104,755
04/12/2000,SJC,CA,AWP,WE,Combined TRACON& Tower with Radar,358,31,80,0,469,0,15,134,0,149,358,46,214,0,618,90,0,90,708
04/13/2000,SJC,CA,AWP,WE,Combined TRACON& Tower with Radar,386,27,88,2,503,0,0,142,1,143,386,27,230,3,646,108,0,108,754
04/14/2000,SJC,CA,AWP,WE,Combined TRACON& Tower with Radar,379,34,96,2,511,0,0,135,9,144,379,34,231,11,655,50,2,52,707
04/15/2000,SJC,CA,AWP,WE,Combined TRACON& Tower with Radar,318,8,71,0,397,2,0,110,0,112,320,8,181,0,509,224,0,224,733
04/16/2000,SJC,CA,AWP,WE,Combined TRACON& Tower with Radar,315,16,70,1,402,11,0,33,0,44,326,16,103,1,446,74,0,74,520
04/17/2000,SJC,CA,AWP,WE,Combined TRACON& Tower with Radar,370,33,85,0,488,0,6,96,0,102,370,39,181,0,590,150,0,150,740
04/18/2000,SJC,CA,AWP,WE,Combined TRACON& Tower with Radar,416,33,92,0,541,5,0,221,0,226,421,33,313,0,767,174,0,174,941
04/19/2000,SJC,CA,AWP,WE,Combined TRACON& Tower with Radar,405,35,92,1,533,0,5,190,1,196,405,40,282,2,729,52,0,52,781
04/20/2000,SJC,CA,AWP,WE,Combined TRACON& Tower with Radar,447,38,99,0,584,9,19,227,0,255,456,57,326,0,839,288,0,288,1127
04/21/2000,SJC,CA,AWP,WE,Combined TRACON& Tower with Radar,430,37,96,0,563,0,11,209,0,220,430,48,305,0,783,194,0,194,977
04/22/2000,SJC,CA,AWP,WE,Combined TRACON& Tower with Radar,313,21,71,0,405,0,0,86,0,86,313,21,157,0,491,230,0,230,721
04/23/2000,SJC,CA,AWP,WE,Combined TRACON& Tower with Radar,369,25,83,0,477,0,0,172,0,172,369,25,255,0,649,184,0,184,833
04/24/2000,SJC,CA,AWP,WE,Combined TRACON& Tower with Radar,399,34,88,0,521,0,5,168,0,173,399,39,256,0,694,130,0,130,824
04/25/2000,SJC,CA,AWP,WE,Combined TRACON& Tower with Radar,398,33,87,0,518,9,0,174,0,183,407,33,261,0,701,156,0,156,857
04/26/2000,SJC,CA,AWP,WE,Combined TRACON& Tower with Radar,381,29,84,0,494,8,0,165,0,173,389,29,249,0,667,86,0,86,753
04/27/2000,SJC,CA,AWP,WE,Combined TRACON& Tower with Radar,491,43,109,0,643,0,2,151,0,153,491,45,260,0,796,182,0,182,978
04/28/2000,SJC,CA,AWP,WE,Combined TRACON& Tower with Radar,429,38,96,1,564,0,8,160,1,169,429,46,256,2,733,54,0,54,787
04/29/2000,SJC,CA,AWP,WE,Combined TRACON& Tower with Radar,290,16,64,0,370,18,0,172,0,190,308,16,236,0,560,206,0,206,766
04/30/2000,SJC,CA,AWP,WE,Combined TRACON& Tower with Radar,375,19,84,0,478,9,0,248,0,257,384,19,332,0,735,108,0,108,843
05/01/2000,SJC,CA,AWP,WE,Combined TRACON& Tower with Radar,444,40,102,0,586,10,10,187,1,208,454,50,289,1,794,148,0,148,942
05/02/2000,SJC,CA,AWP,WE,Combined TRACON& Tower with Radar,404,27,96,0,527,0,0,163,0,163,404,27,259,0,690,214,0,214,904
05/03/2000,SJC,CA,AWP,WE,Combined TRACON& Tower with Radar,391,36,93,0,520,0,4,192,1,197,391,40,285,1,717,122,0,122,839
05/04/2000,SJC,CA,AWP,WE,Combined TRACON& Tower with Radar,522,48,120,0,690,7,17,210,0,234,529,65,330,0,924,122,0,122,1046
05/05/2000,SJC,CA,AWP,WE,Combined TRACON& Tower with Radar,432,37,100,0,569,7,0,172,0,179,439,37,272,0,748,248,0,248,996
05/06/2000,SJC,CA,AWP,WE,Combined TRACON& Tower with Radar,288,10,67,0,365,19,0,138,0,157,307,10,205,0,522,88,0,88,610
05/07/2000,SJC,CA,AWP,WE,Combined TRACON& Tower with Radar,362,20,86,0,468,0,0,75,0,75,362,20,161,0,543,144,0,144,687
05/08/2000,SJC,CA,AWP,WE,Combined TRACON& Tower with Radar,361,33,87,0,481,0,0,142,0,142,361,33,229,0,623,152,0,152,775
05/09/2000,SJC,CA,AWP,WE,Combined TRACON& Tower with Radar,383,36,96,0,515,0,3,181,0,184,383,39,277,0,699,176,0,176,875
05/10/2000,SJC,CA,AWP,WE,Combined TRACON& Tower with Radar,386,31,89,0,506,11,0,121,0,132,397,31,210,0,638,124,0,124,762
05/11/2000,SJC,CA,AWP,WE,Combined TRACON& Tower with Radar,389,34,90,0,513,0,3,212,0,215,389,37,302,0,728,96,0,96,824
05/12/2000,SJC,CA,AWP,WE,Combined TRACON& Tower with Radar,381,33,90,0,504,0,0,202,0,202,381,33,292,0,706,192,0,192,898
05/13/2000,SJC,CA,AWP,WE,Combined TRACON& Tower with Radar,279,18,65,0,362,15,0,138,1,154,294,18,203,1,516,206,0,206,722
05/14/2000,SJC,CA,AWP,WE,Combined TRACON& Tower with Radar,322,22,75,0,419,2,0,39,0,41,324,22,114,0,460,68,0,68,528
05/15/2000,SJC,CA,AWP,WE,Combined TRACON& Tower with Radar,389,30,91,0,510,0,0,68,0,68,389,30,159,0,578,56,0,56,634
05/16/2000,SJC,CA,AWP,WE,Combined TRACON& Tower with Radar,397,40,103,0,540,0,7,54,0,61,397,47,157,0,601,152,0,152,753
05/17/2000,SJC,CA,AWP,WE,Combined TRACON& Tower with Radar,381,36,94,0,511,0,22,184,0,206,381,58,278,0,717,142,0,142,859
05/18/2000,SJC,CA,AWP,WE,Combined TRACON& Tower with Radar,399,35,93,0,527,0,15,212,0,227,399,50,305,0,754,234,0,234,988
05/19/2000,SJC,CA,AWP,WE,Combined TRACON& Tower with Radar,443,41,103,0,587,0,13,235,0,248,443,54,338,0,835,170,0,170,1005
05/20/2000,SJC,CA,AWP,WE,Combined TRACON& Tower with Radar,358,32,83,0,473,0,11,191,0,202,358,43,274,0,675,216,0,216,891
05/21/2000,SJC,CA,AWP,WE,Combined TRACON& Tower with Radar,379,17,86,0,482,27,0,221,0,248,406,17,307,0,730,184,0,184,914
05/22/2000,SJC,CA,AWP,WE,Combined TRACON& Tower with Radar,419,26,96,0,541,24,0,200,0,224,443,26,296,0,765,138,0,138,903
05/23/2000,SJC,CA,AWP,WE,Combined TRACON& Tower with Radar,353,28,81,0,462,0,0,175,0,175,353,28,256,0,637,166,0,166,803
05/24/2000,SJC,CA,AWP,WE,Combined TRACON& Tower with Radar,373,35,91,0,499,0,2,219,0,221,373,37,310,0,720,80,0,80,800
05/25/2000,SJC,CA,AWP,WE,Combined TRACON& Tower with Radar,474,42,108,0,624,3,5,275,0,283,477,47,383,0,907,190,0,190,1097
05/26/2000,SJC,CA,AWP,WE,Combined TRACON& Tower with Radar,484,44,114,0,642,0,16,286,1,303,484,60,400,1,945,186,0,186,1131
05/27/2000,SJC,CA,AWP,WE,Combined TRACON& Tower with Radar,354,20,81,0,455,38,0,205,0,243,392,20,286,0,698,208,0,208,906
05/28/2000,SJC,CA,AWP,WE,Combined TRACON& Tower with Radar,335,20,76,0,431,30,0,82,0,112,365,20,158,0,543,164,0,164,707
05/29/2000,SJC,CA,AWP,WE,Combined TRACON& Tower with Radar,389,26,88,0,503,40,0,174,0,214,429,26,262,0,717,172,0,172,889
05/30/2000,SJC,CA,AWP,WE,Combined TRACON& Tower with Radar,386,25,87,0,498,2,0,206,2,210,388,25,293,2,708,110,0,110,818
05/31/2000,SJC,CA,AWP,WE,Combined TRACON& Tower with Radar,379,34,86,0,499,2,5,214,0,221,381,39,300,0,720,172,0,172,892
06/01/2000,SJC,CA,AWP,WE,Combined TRACON& Tower with Radar,416,31,90,0,537,5,11,228,0,244,421,42,318,0,781,182,0,182,963
06/02/2000,SJC,CA,AWP,WE,Combined TRACON& Tower with Radar,429,31,93,0,553,20,0,233,2,255,449,31,326,2,808,248,0,248,1056
06/03/2000,SJC,CA,AWP,WE,Combined TRACON& Tower with Radar,301,14,65,0,380,30,0,216,0,246,331,14,281,0,626,384,0,384,1010
06/04/2000,SJC,CA,AWP,WE,Combined TRACON& Tower with Radar,309,12,67,0,388,42,0,125,0,167,351,12,192,0,555,160,0,160,715
06/05/2000,SJC,CA,AWP,WE,Combined TRACON& Tower with Radar,429,32,94,0,555,20,8,172,0,200,449,40,266,0,755,216,0,216,971
06/06/2000,SJC,CA,AWP,WE,Combined TRACON& Tower with Radar,377,29,84,0,490,0,4,216,0,220,377,33,300,0,710,96,0,96,806
06/07/2000,SJC,CA,AWP,WE,Combined TRACON& Tower with Radar,347,25,84,0,456,0,0,201,0,201,347,25,285,0,657,158,0,158,815
06/08/2000,SJC,CA,AWP,WE,Combined TRACON& Tower with Radar,411,34,99,0,544,0,5,118,0,123,411,39,217,0,667,184,0,184,851
06/09/2000,SJC,CA,AWP,WE,Combined TRACON& Tower with Radar,399,30,92,1,522,0,7,223,0,230,399,37,315,1,752,218,0,218,970
06/10/2000,SJC,CA,AWP,WE,Combined TRACON& Tower with Radar,293,15,64,0,372,4,0,193,0,197,297,15,257,0,569,224,0,224,793
06/11/2000,SJC,CA,AWP,WE,Combined TRACON& Tower with Radar,324,20,71,1,416,13,0,181,1,195,337,20,252,2,611,194,0,194,805
06/12/2000,SJC,CA,AWP,WE,Combined TRACON& Tower with Radar,378,25,84,0,487,0,0,178,0,178,378,25,262,0,665,214,0,214,879
06/13/2000,SJC,CA,AWP,WE,Combined TRACON& Tower with Radar,393,29,86,0,508,1,0,214,0,215,394,29,300,0,723,210,0,210,933
06/14/2000,SJC,CA,AWP,WE,Combined TRACON& Tower with Radar,376,27,83,0,486,13,1,182,0,196,389,28,265,0,682,126,0,126,808
06/15/2000,SJC,CA,AWP,WE,Combined TRACON& Tower with Radar,447,37,111,0,595,0,10,268,0,278,447,47,379,0,873,260,0,260,1133
06/16/2000,SJC,CA,AWP,WE,Combined TRACON& Tower with Radar,465,31,102,1,599,0,0,343,3,346,465,31,445,4,945,172,0,172,1117
06/17/2000,SJC,CA,AWP,WE,Combined TRACON& Tower with Radar,307,9,68,0,384,19,0,140,0,159,326,9,208,0,543,122,0,122,665
06/18/2000,SJC,CA,AWP,WE,Combined TRACON& Tower with Radar,358,10,79,1,448,9,0,171,1,181,367,10,250,2,629,82,0,82,711
06/19/2000,SJC,CA,AWP,WE,Combined TRACON& Tower with Radar,409,30,89,0,528,0,7,139,0,146,409,37,228,0,674,58,0,58,732
06/20/2000,SJC,CA,AWP,WE,Combined TRACON& Tower with Radar,436,32,94,0,562,5,0,201,1,207,441,32,295,1,769,162,0,162,931
06/21/2000,SJC,CA,AWP,WE,Combined TRACON& Tower with Radar,377,25,84,0,486,0,0,189,0,189,377,25,273,0,675,62,0,62,737
06/22/2000,SJC,CA,AWP,WE,Combined TRACON& Tower with Radar,418,32,93,0,543,0,5,228,0,233,418,37,321,0,776,116,0,116,892
06/23/2000,SJC,CA,AWP,WE,Combined TRACON& Tower with Radar,418,31,94,0,543,0,6,186,0,192,418,37,280,0,735,200,0,200,935
06/24/2000,SJC,CA,AWP,WE,Combined TRACON& Tower with Radar,336,10,73,0,419,35,0,217,0,252,371,10,290,0,671,236,0,236,907
06/25/2000,SJC,CA,AWP,WE,Combined TRACON& Tower with Radar,316,15,68,0,399,24,0,163,0,187,340,15,231,0,586,82,0,82,668
06/26/2000,SJC,CA,AWP,WE,Combined TRACON& Tower with Radar,359,27,79,0,465,0,5,172,0,177,359,32,251,0,642,152,0,152,794
06/27/2000,SJC,CA,AWP,WE,Combined TRACON& Tower with Radar,381,29,85,0,495,0,9,203,0,212,381,38,288,0,707,128,0,128,835
06/28/2000,SJC,CA,AWP,WE,Combined TRACON& Tower with Radar,420,30,91,0,541,0,6,185,0,191,420,36,276,0,732,114,0,114,846
06/29/2000,SJC,CA,AWP,WE,Combined TRACON& Tower with Radar,477,38,110,0,625,0,4,215,0,219,477,42,325,0,844,140,0,140,984
06/30/2000,SJC,CA,AWP,WE,Combined TRACON& Tower with Radar,448,34,100,0,582,0,6,303,0,309,448,40,403,0,891,238,0,238,1129
07/01/2000,SJC,CA,AWP,WE,Combined TRACON& Tower with Radar,328,15,63,0,406,20,0,147,0,167,348,15,210,0,573,124,0,124,697
07/02/2000,SJC,CA,AWP,WE,Combined TRACON& Tower with Radar,365,20,71,0,456,16,0,134,0,150,381,20,205,0,606,220,0,220,826
07/03/2000,SJC,CA,AWP,WE,Combined TRACON& Tower with Radar,317,16,61,0,394,22,0,105,0,127,339,16,166,0,521,96,0,96,617
07/04/2000,SJC,CA,AWP,WE,Combined TRACON& Tower with Radar,336,12,65,0,413,21,0,102,0,123,357,12,167,0,536,12,0,12,548
07/05/2000,SJC,CA,AWP,WE,Combined TRACON& Tower with Radar,396,33,84,0,513,0,0,157,0,157,396,33,241,0,670,108,0,108,778
07/06/2000,SJC,CA,AWP,WE,Combined TRACON& Tower with Radar,431,27,83,0,541,45,0,219,0,264,476,27,302,0,805,140,0,140,945
07/07/2000,SJC,CA,AWP,WE,Combined TRACON& Tower with Radar,433,39,93,0,565,0,6,254,0,260,433,45,347,0,825,126,0,126,951
07/08/2000,SJC,CA,AWP,WE,Combined TRACON& Tower with Radar,362,30,70,0,462,0,9,162,0,171,362,39,232,0,633,228,0,228,861
07/09/2000,SJC,CA,AWP,WE,Combined TRACON& Tower with Radar,371,18,71,0,460,10,0,183,0,193,381,18,254,0,653,286,0,286,939
07/10/2000,SJC,CA,AWP,WE,Combined TRACON& Tower with Radar,451,37,87,0,575,2,0,207,0,209,453,37,294,0,784,90,0,90,874
07/11/2000,SJC,CA,AWP,WE,Combined TRACON& Tower with Radar,429,35,83,0,547,0,3,176,0,179,429,38,259,0,726,60,0,60,786
07/12/2000,SJC,CA,AWP,WE,Combined TRACON& Tower with Radar,404,30,82,0,516,0,0,192,0,192,404,30,274,0,708,44,0,44,752
07/13/2000,SJC,CA,AWP,WE,Combined TRACON& Tower with Radar,434,35,84,0,553,2,1,264,0,267,436,36,348,0,820,186,0,186,1006
07/14/2000,SJC,CA,AWP,WE,Combined TRACON& Tower with Radar,413,33,80,0,526,60,2,309,0,371,473,35,389,0,897,316,0,316,1213
07/15/2000,SJC,CA,AWP,WE,Combined TRACON& Tower with Radar,355,16,69,0,440,34,0,189,0,223,389,16,258,0,663,194,0,194,857
07/16/2000,SJC,CA,AWP,WE,Combined TRACON& Tower with Radar,440,33,90,1,564,0,0,243,1,244,440,33,333,2,808,268,0,268,1076
07/17/2000,SJC,CA,AWP,WE,Combined TRACON& Tower with Radar,441,26,84,0,551,2,0,129,2,133,443,26,213,2,684,88,0,88,772
07/18/2000,SJC,CA,AWP,WE,Combined TRACON& Tower with Radar,424,35,83,0,542,0,0,226,0,226,424,35,309,0,768,140,0,140,908
07/19/2000,SJC,CA,AWP,WE,Combined TRACON& Tower with Radar,409,35,82,0,526,0,22,250,0,272,409,57,332,0,798,92,0,92,890
07/20/2000,SJC,CA,AWP,WE,Combined TRACON& Tower with Radar,465,38,89,0,592,14,0,241,0,255,479,38,330,0,847,170,0,170,1017
07/21/2000,SJC,CA,AWP,WE,Combined TRACON& Tower with Radar,434,36,84,0,554,0,7,285,0,292,434,43,369,0,846,130,0,130,976
07/22/2000,SJC,CA,AWP,WE,Combined TRACON& Tower with Radar,341,19,65,0,425,5,0,204,0,209,346,19,269,0,634,252,0,252,886
07/23/2000,SJC,CA,AWP,WE,Combined TRACON& Tower with Radar,402,33,76,0,511,24,1,231,0,256,426,34,307,0,767,288,0,288,1055
07/24/2000,SJC,CA,AWP,WE,Combined TRACON& Tower with Radar,423,36,83,0,542,0,18,128,3,149,423,54,211,3,691,48,0,48,739
07/25/2000,SJC,CA,AWP,WE,Combined TRACON& Tower with Radar,398,35,82,0,515,0,3,201,0,204,398,38,283,0,719,54,0,54,773
07/26/2000,SJC,CA,AWP,WE,Combined TRACON& Tower with Radar,425,35,82,0,542,0,6,193,1,200,425,41,275,1,742,72,0,72,814
07/27/2000,SJC,CA,AWP,WE,Combined TRACON& Tower with Radar,450,40,92,0,582,0,38,286,0,324,450,78,378,0,906,288,0,288,1194
07/28/2000,SJC,CA,AWP,WE,Combined TRACON& Tower with Radar,405,35,82,0,522,0,18,192,0,210,405,53,274,0,732,148,0,148,880
07/29/2000,SJC,CA,AWP,WE,Combined TRACON& Tower with Radar,310,15,59,0,384,16,0,177,0,193,326,15,236,0,577,142,0,142,719
07/30/2000,SJC,CA,AWP,WE,Combined TRACON& Tower with Radar,370,19,71,0,460,17,0,204,0,221,387,19,275,0,681,142,0,142,823
07/31/2000,SJC,CA,AWP,WE,Combined TRACON& Tower with Radar,415,34,80,0,529,0,5,150,0,155,415,39,230,0,684,140,0,140,824
08/01/2000,SJC,CA,AWP,WE,Combined TRACON& Tower with Radar,354,35,76,0,465,28,0,147,0,175,382,35,223,0,640,58,0,58,698
08/02/2000,SJC,CA,AWP,WE,Combined TRACON& Tower with Radar,389,36,83,0,508,3,0,192,0,195,392,36,275,0,703,136,0,136,839
08/03/2000,SJC,CA,AWP,WE,Combined TRACON& Tower with Radar,402,43,86,0,531,8,0,256,0,264,410,43,342,0,795,116,0,116,911
08/04/2000,SJC,CA,AWP,WE,Combined TRACON& Tower with Radar,398,35,85,0,518,24,0,250,0,274,422,35,335,0,792,116,0,116,908
08/05/2000,SJC,CA,AWP,WE,Combined TRACON& Tower with Radar,308,21,66,0,395,8,0,152,1,161,316,21,218,1,556,108,0,108,664
08/06/2000,SJC,CA,AWP,WE,Combined TRACON& Tower with Radar,373,24,80,1,478,31,0,174,0,205,404,24,254,1,683,118,0,118,801
08/07/2000,SJC,CA,AWP,WE,Combined TRACON& Tower with Radar,404,45,88,0,537,0,1,106,0,107,404,46,194,0,644,130,0,130,774
08/08/2000,SJC,CA,AWP,WE,Combined TRACON& Tower with Radar,385,40,85,0,510,0,0,173,0,173,385,40,258,0,683,136,0,136,819
08/09/2000,SJC,CA,AWP,WE,Combined TRACON& Tower with Radar,351,36,75,0,462,7,0,180,0,187,358,36,255,0,649,134,0,134,783
08/10/2000,SJC,CA,AWP,WE,Combined TRACON& Tower with Radar,413,36,88,2,539,18,0,187,16,221,431,36,275,18,760,186,0,186,946
08/11/2000,SJC,CA,AWP,WE,Combined TRACON& Tower with Radar,454,48,97,1,600,2,0,267,0,269,456,48,364,1,869,198,0,198,1067
08/12/2000,SJC,CA,AWP,WE,Combined TRACON& Tower with Radar,355,17,76,2,450,12,0,193,0,205,367,17,269,2,655,192,0,192,847
08/13/2000,SJC,CA,AWP,WE,Combined TRACON& Tower with Radar,341,26,73,1,441,24,0,189,0,213,365,26,262,1,654,58,0,58,712
08/14/2000,SJC,CA,AWP,WE,Combined TRACON& Tower with Radar,398,36,84,0,518,0,0,160,0,160,398,36,244,0,678,182,0,182,860
08/15/2000,SJC,CA,AWP,WE,Combined TRACON& Tower with Radar,416,36,89,2,543,9,0,180,0,189,425,36,269,2,732,40,0,40,772
08/16/2000,SJC,CA,AWP,WE,Combined TRACON& Tower with Radar,378,41,82,2,503,0,0,198,1,199,378,41,280,3,702,128,0,128,830
08/17/2000,SJC,CA,AWP,WE,Combined TRACON& Tower with Radar,398,42,85,0,525,0,0,288,0,288,398,42,373,0,813,214,0,214,1027
08/18/2000,SJC,CA,AWP,WE,Combined TRACON& Tower with Radar,408,42,88,1,539,0,0,232,0,232,408,42,320,1,771,138,0,138,909
08/19/2000,SJC,CA,AWP,WE,Combined TRACON& Tower with Radar,311,33,65,0,409,21,0,153,0,174,332,33,218,0,583,94,0,94,677
08/20/2000,SJC,CA,AWP,WE,Combined TRACON& Tower with Radar,355,38,75,0,468,4,3,175,0,182,359,41,250,0,650,40,0,40,690
08/21/2000,SJC,CA,AWP,WE,Combined TRACON& Tower with Radar,399,43,84,0,526,0,3,153,0,156,399,46,237,0,682,152,0,152,834
08/22/2000,SJC,CA,AWP,WE,Combined TRACON& Tower with Radar,406,45,88,0,539,0,12,167,0,179,406,57,255,0,718,106,0,106,824
08/23/2000,SJC,CA,AWP,WE,Combined TRACON& Tower with Radar,403,46,91,0,540,0,20,182,0,202,403,66,273,0,742,90,0,90,832
08/24/2000,SJC,CA,AWP,WE,Combined TRACON& Tower with Radar,462,52,102,0,616,0,3,245,0,248,462,55,347,0,864,214,0,214,1078
08/25/2000,SJC,CA,AWP,WE,Combined TRACON& Tower with Radar,427,48,92,1,568,0,11,223,3,237,427,59,315,4,805,58,0,58,863
08/26/2000,SJC,CA,AWP,WE,Combined TRACON& Tower with Radar,325,26,67,0,418,29,0,201,0,230,354,26,268,0,648,240,0,240,888
08/27/2000,SJC,CA,AWP,WE,Combined TRACON& Tower with Radar,405,39,88,1,533,0,0,134,2,136,405,39,222,3,669,126,0,126,795
08/28/2000,SJC,CA,AWP,WE,Combined TRACON& Tower with Radar,431,48,92,0,571,0,13,182,0,195,431,61,274,0,766,104,0,104,870
08/29/2000,SJC,CA,AWP,WE,Combined TRACON& Tower with Radar,411,46,22,0,479,0,6,0,0,6,411,52,22,0,485,158,0,158,643
08/30/2000,SJC,CA,AWP,WE,Combined TRACON& Tower with Radar,406,48,93,0,547,0,33,155,0,188,406,81,248,0,735,202,0,202,937
08/31/2000,SJC,CA,AWP,WE,Combined TRACON& Tower with Radar,440,49,96,0,585,0,3,167,0,170,440,52,263,0,755,246,0,246,1001
09/01/2000,SJC,CA,AWP,WE,Combined TRACON& Tower with Radar,437,49,116,0,602,0,0,88,0,88,437,49,204,0,690,34,0,34,724
09/02/2000,SJC,CA,AWP,WE,Combined TRACON& Tower with Radar,325,28,77,0,430,16,0,95,0,111,341,28,172,0,541,208,0,208,749
09/03/2000,SJC,CA,AWP,WE,Combined TRACON& Tower with Radar,299,20,71,0,390,27,0,111,1,139,326,20,182,1,529,118,0,118,647
09/04/2000,SJC,CA,AWP,WE,Combined TRACON& Tower with Radar,389,38,93,1,521,9,0,134,1,144,398,38,227,2,665,126,0,126,791
09/05/2000,SJC,CA,AWP,WE,Combined TRACON& Tower with Radar,410,48,97,1,556,11,1,157,2,171,421,49,254,3,727,130,0,130,857
09/06/2000,SJC,CA,AWP,WE,Combined TRACON& Tower with Radar,378,40,91,0,509,26,0,232,0,258,404,40,323,0,767,126,0,126,893
09/07/2000,SJC,CA,AWP,WE,Combined TRACON& Tower with Radar,442,46,106,0,594,6,0,258,0,264,448,46,364,0,858,170,0,170,1028
09/08/2000,SJC,CA,AWP,WE,Combined TRACON& Tower with Radar,455,47,109,0,611,8,0,238,0,246,463,47,347,0,857,256,0,256,1113
09/09/2000,SJC,CA,AWP,WE,Combined TRACON& Tower with Radar,270,7,65,0,342,38,0,167,0,205,308,7,232,0,547,182,0,182,729
09/10/2000,SJC,CA,AWP,WE,Combined TRACON& Tower with Radar,338,24,81,0,443,47,0,151,0,198,385,24,232,0,641,176,0,176,817
09/11/2000,SJC,CA,AWP,WE,Combined TRACON& Tower with Radar,396,48,97,0,541,0,34,171,0,205,396,82,268,0,746,86,0,86,832
09/12/2000,SJC,CA,AWP,WE,Combined TRACON& Tower with Radar,426,49,102,0,577,12,26,194,0,232,438,75,296,0,809,124,0,124,933
09/13/2000,SJC,CA,AWP,WE,Combined TRACON& Tower with Radar,411,48,98,1,558,14,9,171,2,196,425,57,269,3,754,202,0,202,956
09/14/2000,SJC,CA,AWP,WE,Combined TRACON& Tower with Radar,445,59,119,0,623,0,9,131,0,140,445,68,250,0,763,146,0,146,909
09/15/2000,SJC,CA,AWP,WE,Combined TRACON& Tower with Radar,407,48,98,1,554,1,0,172,0,173,408,48,270,1,727,136,0,136,863
09/16/2000,SJC,CA,AWP,WE,Combined TRACON& Tower with Radar,360,16,86,1,463,21,0,116,1,138,381,16,202,2,601,48,0,48,649
09/17/2000,SJC,CA,AWP,WE,Combined TRACON& Tower with Radar,380,40,91,1,512,16,0,216,0,232,396,40,307,1,744,126,0,126,870
09/18/2000,SJC,CA,AWP,WE,Combined TRACON& Tower with Radar,440,48,105,0,593,1,0,159,0,160,441,48,264,0,753,180,0,180,933
09/19/2000,SJC,CA,AWP,WE,Combined TRACON& Tower with Radar,404,48,98,0,550,0,19,118,0,137,404,67,216,0,687,106,0,106,793
09/20/2000,SJC,CA,AWP,WE,Combined TRACON& Tower with Radar,423,53,107,0,583,0,51,186,0,237,423,104,293,0,820,106,0,106,926
09/21/2000,SJC,CA,AWP,WE,Combined TRACON& Tower with Radar,409,53,107,0,569,0,8,136,0,144,409,61,243,0,713,50,0,50,763
09/22/2000,SJC,CA,AWP,WE,Combined TRACON& Tower with Radar,420,50,121,0,591,0,0,161,2,163,420,50,282,2,754,120,0,120,874
09/23/2000,SJC,CA,AWP,WE,Combined TRACON& Tower with Radar,325,30,77,0,432,29,0,152,0,181,354,30,229,0,613,222,0,222,835
09/24/2000,SJC,CA,AWP,WE,Combined TRACON& Tower with Radar,368,34,87,0,489,33,0,189,0,222,401,34,276,0,711,220,0,220,931
09/25/2000,SJC,CA,AWP,WE,Combined TRACON& Tower with Radar,382,43,90,0,515,19,0,147,0,166,401,43,237,0,681,98,0,98,779
09/26/2000,SJC,CA,AWP,WE,Combined TRACON& Tower with Radar,430,51,105,0,586,0,0,147,0,147,430,51,252,0,733,128,0,128,861
09/27/2000,SJC,CA,AWP,WE,Combined TRACON& Tower with Radar,408,52,107,0,567,0,10,125,0,135,408,62,232,0,702,104,0,104,806
09/28/2000,SJC,CA,AWP,WE,Combined TRACON& Tower with Radar,433,52,107,0,592,0,0,185,0,185,433,52,292,0,777,192,0,192,969
09/29/2000,SJC,CA,AWP,WE,Combined TRACON& Tower with Radar,447,52,107,0,606,0,5,215,1,221,447,57,322,1,827,102,0,102,929
09/30/2000,SJC,CA,AWP,WE,Combined TRACON& Tower with Radar,304,25,72,0,401,37,0,156,0,193,341,25,228,0,594,166,0,166,760
10/01/2000,SJC,CA,AWP,WE,Combined TRACON& Tower with Radar,414,33,94,0,541,29,0,193,1,223,443,33,287,1,764,150,0,150,914
10/02/2000,SJC,CA,AWP,WE,Combined TRACON& Tower with Radar,421,54,104,0,579,0,0,161,0,161,421,54,265,0,740,184,0,184,924
10/03/2000,SJC,CA,AWP,WE,Combined TRACON& Tower with Radar,400,46,91,0,537,0,3,133,0,136,400,49,224,0,673,150,0,150,823
10/04/2000,SJC,CA,AWP,WE,Combined TRACON& Tower with Radar,459,50,104,0,613,5,0,157,0,162,464,50,261,0,775,146,0,146,921
10/05/2000,SJC,CA,AWP,WE,Combined TRACON& Tower with Radar,457,55,106,0,618,0,12,156,0,168,457,67,262,0,786,158,0,158,944
10/06/2000,SJC,CA,AWP,WE,Combined TRACON& Tower with Radar,427,54,107,0,588,0,15,180,0,195,427,69,287,0,783,166,0,166,949
10/07/2000,SJC,CA,AWP,WE,Combined TRACON& Tower with Radar,351,29,79,1,460,13,0,108,0,121,364,29,187,1,581,284,0,284,865
10/08/2000,SJC,CA,AWP,WE,Combined TRACON& Tower with Radar,398,28,89,0,515,38,0,101,0,139,436,28,190,0,654,128,0,128,782
10/09/2000,SJC,CA,AWP,WE,Combined TRACON& Tower with Radar,416,47,94,0,557,9,1,39,0,49,425,48,133,0,606,42,0,42,648
10/10/2000,SJC,CA,AWP,WE,Combined TRACON& Tower with Radar,426,50,99,1,576,0,2,41,1,44,426,52,140,2,620,28,0,28,648
10/11/2000,SJC,CA,AWP,WE,Combined TRACON& Tower with Radar,438,52,104,0,594,0,15,81,0,96,438,67,185,0,690,90,0,90,780
10/12/2000,SJC,CA,AWP,WE,Combined TRACON& Tower with Radar,465,55,110,0,630,0,21,149,0,170,465,76,259,0,800,182,0,182,982
10/13/2000,SJC,CA,AWP,WE,Combined TRACON& Tower with Radar,419,43,94,0,556,11,0,181,0,192,430,43,275,0,748,120,0,120,868
10/14/2000,SJC,CA,AWP,WE,Combined TRACON& Tower with Radar,341,32,77,1,451,26,0,161,2,189,367,32,238,3,640,138,0,138,778
10/15/2000,SJC,CA,AWP,WE,Combined TRACON& Tower with Radar,366,36,81,0,483,28,0,135,0,163,394,36,216,0,646,98,0,98,744
10/16/2000,SJC,CA,AWP,WE,Combined TRACON& Tower with Radar,441,50,99,0,590,0,16,140,0,156,441,66,239,0,746,214,0,214,960
10/17/2000,SJC,CA,AWP,WE,Combined TRACON& Tower with Radar,432,46,96,0,574,10,0,155,0,165,442,46,251,0,739,82,0,82,821
10/18/2000,SJC,CA,AWP,WE,Combined TRACON& Tower with Radar,490,50,109,0,649,11,0,207,0,218,501,50,316,0,867,90,0,90,957
10/19/2000,SJC,CA,AWP,WE,Combined TRACON& Tower with Radar,446,52,103,0,601,0,2,199,0,201,446,54,302,0,802,210,0,210,1012
10/20/2000,SJC,CA,AWP,WE,Combined TRACON& Tower with Radar,466,55,113,0,634,0,0,130,0,130,466,55,243,0,764,160,0,160,924
10/21/2000,SJC,CA,AWP,WE,Combined TRACON& Tower with Radar,310,23,69,0,402,42,0,166,0,208,352,23,235,0,610,208,0,208,818
10/22/2000,SJC,CA,AWP,WE,Combined TRACON& Tower with Radar,323,26,72,0,421,29,0,70,0,99,352,26,142,0,520,0,0,0,520
10/23/2000,SJC,CA,AWP,WE,Combined TRACON& Tower with Radar,437,49,97,0,583,15,4,142,0,161,452,53,239,0,744,102,0,102,846
10/24/2000,SJC,CA,AWP,WE,Combined TRACON& Tower with Radar,436,45,97,0,578,24,0,178,0,202,460,45,275,0,780,84,0,84,864
10/25/2000,SJC,CA,AWP,WE,Combined TRACON& Tower with Radar,398,45,81,0,524,7,0,0,1,8,405,45,81,1,532,116,0,116,648
10/26/2000,SJC,CA,AWP,WE,Combined TRACON& Tower with Radar,415,56,111,0,582,0,10,79,0,89,415,66,190,0,671,50,0,50,721
10/27/2000,SJC,CA,AWP,WE,Combined TRACON& Tower with Radar,415,44,97,0,556,0,0,167,0,167,415,44,264,0,723,246,0,246,969
10/28/2000,SJC,CA,AWP,WE,Combined TRACON& Tower with Radar,348,26,77,0,451,32,0,12,0,44,380,26,89,0,495,80,0,80,575
10/29/2000,SJC,CA,AWP,WE,Combined TRACON& Tower with Radar,397,45,89,0,531,0,4,37,0,41,397,49,126,0,572,172,0,172,744
10/30/2000,SJC,CA,AWP,WE,Combined TRACON& Tower with Radar,440,50,99,0,589,0,1,45,0,46,440,51,144,0,635,142,0,142,777
10/31/2000,SJC,CA,AWP,WE,Combined TRACON& Tower with Radar,441,50,100,0,591,0,12,145,0,157,441,62,245,0,748,108,0,108,856
11/01/2000,SJC,CA,AWP,WE,Combined TRACON& Tower with Radar,443,54,104,0,601,0,26,196,0,222,443,80,300,0,823,274,0,274,1097
11/02/2000,SJC,CA,AWP,WE,Combined TRACON& Tower with Radar,426,51,99,0,576,0,20,180,0,200,426,71,279,0,776,110,0,110,886
11/03/2000,SJC,CA,AWP,WE,Combined TRACON& Tower with Radar,454,54,104,0,612,4,5,224,0,233,458,59,328,0,845,116,0,116,961
11/04/2000,SJC,CA,AWP,WE,Combined TRACON& Tower with Radar,311,34,71,0,416,25,0,116,0,141,336,34,187,0,557,202,0,202,759
11/05/2000,SJC,CA,AWP,WE,Combined TRACON& Tower with Radar,379,26,86,0,491,16,0,104,0,120,395,26,190,0,611,276,0,276,887
11/06/2000,SJC,CA,AWP,WE,Combined TRACON& Tower with Radar,385,36,88,0,509,7,0,98,0,105,392,36,186,0,614,156,0,156,770
11/07/2000,SJC,CA,AWP,WE,Combined TRACON& Tower with Radar,432,50,99,0,581,8,13,116,0,137,440,63,215,0,718,124,0,124,842
11/08/2000,SJC,CA,AWP,WE,Combined TRACON& Tower with Radar,456,53,104,0,613,6,6,190,0,202,462,59,294,0,815,126,0,126,941
11/09/2000,SJC,CA,AWP,WE,Combined TRACON& Tower with Radar,424,50,99,0,573,0,9,144,0,153,424,59,243,0,726,162,0,162,888
11/10/2000,SJC,CA,AWP,WE,Combined TRACON& Tower with Radar,433,43,101,0,577,0,0,95,0,95,433,43,196,0,672,130,0,130,802
11/11/2000,SJC,CA,AWP,WE,Combined TRACON& Tower with Radar,338,36,77,0,451,17,0,98,0,115,355,36,175,0,566,178,0,178,744
11/12/2000,SJC,CA,AWP,WE,Combined TRACON& Tower with Radar,358,30,82,0,470,42,0,198,0,240,400,30,280,0,710,188,0,188,898
11/13/2000,SJC,CA,AWP,WE,Combined TRACON& Tower with Radar,445,53,104,0,602,0,15,119,0,134,445,68,223,0,736,82,0,82,818
11/14/2000,SJC,CA,AWP,WE,Combined TRACON& Tower with Radar,415,45,95,0,555,7,0,84,0,91,422,45,179,0,646,156,0,156,802
11/15/2000,SJC,CA,AWP,WE,Combined TRACON& Tower with Radar,409,51,98,0,558,0,36,150,0,186,409,87,248,0,744,192,0,192,936
11/16/2000,SJC,CA,AWP,WE,Combined TRACON& Tower with Radar,450,49,102,0,601,3,0,159,0,162,453,49,261,0,763,152,0,152,915
11/17/2000,SJC,CA,AWP,WE,Combined TRACON& Tower with Radar,429,52,100,0,581,0,15,199,1,215,429,67,299,1,796,96,0,96,892
11/18/2000,SJC,CA,AWP,WE,Combined TRACON& Tower with Radar,327,18,73,0,418,36,0,159,0,195,363,18,232,0,613,150,0,150,763
11/19/2000,SJC,CA,AWP,WE,Combined TRACON& Tower with Radar,358,35,81,0,474,49,0,98,2,149,407,35,179,2,623,294,0,294,917
11/20/2000,SJC,CA,AWP,WE,Combined TRACON& Tower with Radar,399,36,90,0,525,20,0,134,0,154,419,36,224,0,679,156,0,156,835
11/21/2000,SJC,CA,AWP,WE,Combined TRACON& Tower with Radar,457,44,110,0,611,0,0,110,3,113,457,44,220,3,724,92,0,92,816
11/22/2000,SJC,CA,AWP,WE,Combined TRACON& Tower with Radar,501,67,130,0,698,0,16,140,0,156,501,83,270,0,854,56,0,56,910
11/23/2000,SJC,CA,AWP,WE,Combined TRACON& Tower with Radar,271,15,61,0,347,28,0,21,0,49,299,15,82,0,396,90,0,90,486
11/24/2000,SJC,CA,AWP,WE,Combined TRACON& Tower with Radar,313,20,70,0,403,33,0,33,0,66,346,20,103,0,469,54,0,54,523
11/25/2000,SJC,CA,AWP,WE,Combined TRACON& Tower with Radar,353,35,79,0,467,3,0,43,0,46,356,35,122,0,513,136,0,136,649
11/26/2000,SJC,CA,AWP,WE,Combined TRACON& Tower with Radar,430,47,104,0,581,0,0,140,0,140,430,47,244,0,721,46,0,46,767
11/27/2000,SJC,CA,AWP,WE,Combined TRACON& Tower with Radar,428,39,97,0,564,0,0,128,0,128,428,39,225,0,692,20,0,20,712
11/28/2000,SJC,CA,AWP,WE,Combined TRACON& Tower with Radar,398,50,96,0,544,0,6,70,1,77,398,56,166,1,621,24,0,24,645
11/29/2000,SJC,CA,AWP,WE,Combined TRACON& Tower with Radar,439,54,104,0,597,0,5,60,1,66,439,59,164,1,663,94,0,94,757
11/30/2000,SJC,CA,AWP,WE,Combined TRACON& Tower with Radar,469,53,113,0,635,0,0,125,0,125,469,53,238,0,760,42,0,42,802
12/01/2000,SJC,CA,AWP,WE,Combined TRACON& Tower with Radar,497,52,97,0,646,0,3,123,1,127,497,55,220,1,773,212,0,212,985
12/02/2000,SJC,CA,AWP,WE,Combined TRACON& Tower with Radar,328,23,62,0,413,22,0,150,0,172,350,23,212,0,585,114,0,114,699
12/03/2000,SJC,CA,AWP,WE,Combined TRACON& Tower with Radar,394,39,75,0,508,15,2,92,0,109,409,41,167,0,617,226,0,226,843
12/04/2000,SJC,CA,AWP,WE,Combined TRACON& Tower with Radar,439,31,83,0,553,8,0,101,0,109,447,31,184,0,662,130,0,130,792
12/05/2000,SJC,CA,AWP,WE,Combined TRACON& Tower with Radar,425,44,85,0,554,0,12,126,0,138,425,56,211,0,692,58,0,58,750
12/06/2000,SJC,CA,AWP,WE,Combined TRACON& Tower with Radar,425,45,86,0,556,0,21,153,0,174,425,66,239,0,730,100,0,100,830
12/07/2000,SJC,CA,AWP,WE,Combined TRACON& Tower with Radar,430,47,88,0,565,0,8,168,0,176,430,55,256,0,741,106,0,106,847
12/08/2000,SJC,CA,AWP,WE,Combined TRACON& Tower with Radar,437,45,86,0,568,0,7,196,0,203,437,52,282,0,771,172,0,172,943
12/09/2000,SJC,CA,AWP,WE,Combined TRACON& Tower with Radar,352,12,67,0,431,5,0,6,0,11,357,12,73,0,442,4,0,4,446
12/10/2000,SJC,CA,AWP,WE,Combined TRACON& Tower with Radar,413,31,78,0,522,18,0,23,0,41,431,31,101,0,563,108,0,108,671
12/11/2000,SJC,CA,AWP,WE,Combined TRACON& Tower with Radar,422,42,83,0,547,0,0,78,0,78,422,42,161,0,625,154,0,154,779
12/12/2000,SJC,CA,AWP,WE,Combined TRACON& Tower with Radar,424,46,87,1,558,0,12,120,1,133,424,58,207,2,691,30,0,30,721
12/13/2000,SJC,CA,AWP,WE,Combined TRACON& Tower with Radar,456,50,95,0,601,0,10,72,0,82,456,60,167,0,683,128,0,128,811
12/14/2000,SJC,CA,AWP,WE,Combined TRACON& Tower with Radar,491,28,101,0,620,0,0,184,0,184,491,28,285,0,804,140,0,140,944
12/15/2000,SJC,CA,AWP,WE,Combined TRACON& Tower with Radar,410,33,76,0,519,14,0,165,0,179,424,33,241,0,698,136,0,136,834
12/16/2000,SJC,CA,AWP,WE,Combined TRACON& Tower with Radar,315,26,58,0,399,31,0,162,0,193,346,26,220,0,592,182,0,182,774
12/17/2000,SJC,CA,AWP,WE,Combined TRACON& Tower with Radar,357,25,66,0,448,41,0,124,0,165,398,25,190,0,613,170,0,170,783
12/18/2000,SJC,CA,AWP,WE,Combined TRACON& Tower with Radar,406,43,80,0,529,0,27,154,0,181,406,70,234,0,710,66,0,66,776
12/19/2000,SJC,CA,AWP,WE,Combined TRACON& Tower with Radar,450,46,87,0,583,0,10,154,1,165,450,56,241,1,748,154,0,154,902
12/20/2000,SJC,CA,AWP,WE,Combined TRACON& Tower with Radar,448,45,85,0,578,0,0,165,4,169,448,45,250,4,747,70,0,70,817
12/21/2000,SJC,CA,AWP,WE,Combined TRACON& Tower with Radar,439,49,91,0,579,0,5,121,0,126,439,54,212,0,705,90,0,90,795
12/22/2000,SJC,CA,AWP,WE,Combined TRACON& Tower with Radar,433,45,84,0,562,0,5,122,0,127,433,50,206,0,689,62,0,62,751
12/23/2000,SJC,CA,AWP,WE,Combined TRACON& Tower with Radar,346,33,64,0,443,27,0,90,0,117,373,33,154,0,560,104,0,104,664
12/24/2000,SJC,CA,AWP,WE,Combined TRACON& Tower with Radar,268,12,50,0,330,40,0,29,0,69,308,12,79,0,399,64,0,64,463
12/25/2000,SJC,CA,AWP,WE,Combined TRACON& Tower with Radar,319,27,52,0,398,38,0,0,0,38,357,27,52,0,436,22,0,22,458
12/26/2000,SJC,CA,AWP,WE,Combined TRACON& Tower with Radar,409,42,77,0,528,0,3,125,0,128,409,45,202,0,656,60,0,60,716
12/27/2000,SJC,CA,AWP,WE,Combined TRACON& Tower with Radar,434,43,81,0,558,25,4,98,2,129,459,47,179,2,687,102,0,102,789
12/28/2000,SJC,CA,AWP,WE,Combined TRACON& Tower with Radar,428,26,80,0,534,37,0,100,0,137,465,26,180,0,671,172,0,172,843
12/29/2000,SJC,CA,AWP,WE,Combined TRACON& Tower with Radar,372,22,69,0,463,49,0,107,0,156,421,22,176,0,619,76,0,76,695
12/30/2000,SJC,CA,AWP,WE,Combined TRACON& Tower with Radar,373,27,70,0,470,8,0,109,0,117,381,27,179,0,587,74,0,74,661
12/31/2000,SJC,CA,AWP,WE,Combined TRACON& Tower with Radar,315,24,59,0,398,14,0,27,0,41,329,24,86,0,439,14,0,14,453
01/01/2001,SJC,CA,AWP,WE,Combined TRACON& Tower with Radar,375,32,73,0,480,12,0,131,0,143,387,32,204,0,623,0,0,0,623
01/02/2001,SJC,CA,AWP,WE,Combined TRACON& Tower with Radar,419,51,81,0,551,9,4,128,0,141,428,55,209,0,692,54,0,54,746
01/03/2001,SJC,CA,AWP,WE,Combined TRACON& Tower with Radar,428,52,83,0,563,0,3,77,0,80,428,55,160,0,643,48,0,48,691
01/04/2001,SJC,CA,AWP,WE,Combined TRACON& Tower with Radar,500,60,97,0,657,3,18,165,0,186,503,78,262,0,843,132,0,132,975
01/05/2001,SJC,CA,AWP,WE,Combined TRACON& Tower with Radar,446,53,86,0,585,0,1,144,0,145,446,54,230,0,730,100,0,100,830
01/06/2001,SJC,CA,AWP,WE,Combined TRACON& Tower with Radar,344,28,67,0,439,37,0,93,0,130,381,28,160,0,569,84,0,84,653
01/07/2001,SJC,CA,AWP,WE,Combined TRACON& Tower with Radar,374,26,75,0,475,0,0,103,0,103,374,26,178,0,578,136,0,136,714
01/08/2001,SJC,CA,AWP,WE,Combined TRACON& Tower with Radar,435,54,90,0,579,0,0,44,0,44,435,54,134,0,623,36,0,36,659
01/09/2001,SJC,CA,AWP,WE,Combined TRACON& Tower with Radar,436,53,84,0,573,0,1,71,0,72,436,54,155,0,645,66,0,66,711
01/10/2001,SJC,CA,AWP,WE,Combined TRACON& Tower with Radar,386,40,75,0,501,10,0,2,0,12,396,40,77,0,513,2,0,2,515
01/11/2001,SJC,CA,AWP,WE,Combined TRACON& Tower with Radar,455,53,88,0,596,0,4,29,0,33,455,57,117,0,629,0,0,0,629
01/12/2001,SJC,CA,AWP,WE,Combined TRACON& Tower with Radar,443,56,91,0,590,0,33,85,0,118,443,89,176,0,708,174,0,174,882
01/13/2001,SJC,CA,AWP,WE,Combined TRACON& Tower with Radar,351,24,68,0,443,27,0,110,0,137,378,24,178,0,580,158,0,158,738
01/14/2001,SJC,CA,AWP,WE,Combined TRACON& Tower with Radar,384,27,74,0,485,25,0,51,0,76,409,27,125,0,561,148,0,148,709
01/15/2001,SJC,CA,AWP,WE,Combined TRACON& Tower with Radar,449,55,91,0,595,0,8,115,0,123,449,63,206,0,718,76,0,76,794
01/16/2001,SJC,CA,AWP,WE,Combined TRACON& Tower with Radar,435,53,88,0,576,0,24,139,0,163,435,77,227,0,739,70,0,70,809
01/17/2001,SJC,CA,AWP,WE,Combined TRACON& Tower with Radar,426,55,90,0,571,0,8,145,0,153,426,63,235,0,724,108,0,108,832
01/18/2001,SJC,CA,AWP,WE,Combined TRACON& Tower with Radar,438,55,91,0,584,0,14,160,0,174,438,69,251,0,758,110,0,110,868
01/19/2001,SJC,CA,AWP,WE,Combined TRACON& Tower with Radar,448,53,87,0,588,0,11,137,2,150,448,64,224,2,738,8,0,8,746
01/20/2001,SJC,CA,AWP,WE,Combined TRACON& Tower with Radar,312,20,59,0,391,18,0,122,0,140,330,20,181,0,531,64,0,64,595
01/21/2001,SJC,CA,AWP,WE,Combined TRACON& Tower with Radar,362,26,69,0,457,9,0,60,1,70,371,26,129,1,527,54,0,54,581
01/22/2001,SJC,CA,AWP,WE,Combined TRACON& Tower with Radar,445,53,86,0,584,0,13,110,1,124,445,66,196,1,708,66,0,66,774
01/23/2001,SJC,CA,AWP,WE,Combined TRACON& Tower with Radar,468,54,89,0,611,0,0,55,0,55,468,54,144,0,666,30,0,30,696
01/24/2001,SJC,CA,AWP,WE,Combined TRACON& Tower with Radar,468,36,90,0,594,0,0,83,0,83,468,36,173,0,677,14,4,18,695
01/25/2001,SJC,CA,AWP,WE,Combined TRACON& Tower with Radar,456,54,87,0,597,0,13,57,0,70,456,67,144,0,667,42,0,42,709
01/26/2001,SJC,CA,AWP,WE,Combined TRACON& Tower with Radar,451,53,86,0,590,2,7,114,1,124,453,60,200,1,714,112,0,112,826
01/27/2001,SJC,CA,AWP,WE,Combined TRACON& Tower with Radar,324,16,62,0,402,43,0,157,0,200,367,16,219,0,602,108,0,108,710
01/28/2001,SJC,CA,AWP,WE,Combined TRACON& Tower with Radar,373,45,71,0,489,12,0,140,0,152,385,45,211,0,641,64,0,64,705
01/29/2001,SJC,CA,AWP,WE,Combined TRACON& Tower with Radar,455,53,87,0,595,11,0,159,2,172,466,53,246,2,767,186,0,186,953
01/30/2001,SJC,CA,AWP,WE,Combined TRACON& Tower with Radar,426,53,84,0,563,0,5,119,3,127,426,58,203,3,690,56,0,56,746
01/31/2001,SJC,CA,AWP,WE,Combined TRACON& Tower with Radar,420,49,81,0,550,0,0,162,0,162,420,49,243,0,712,88,0,88,800
02/01/2001,SJC,CA,AWP,WE,Combined TRACON& Tower with Radar,469,65,96,0,630,0,14,134,0,148,469,79,230,0,778,30,0,30,808
02/02/2001,SJC,CA,AWP,WE,Combined TRACON& Tower with Radar,467,64,95,1,627,14,7,127,0,148,481,71,222,1,775,36,0,36,811
02/03/2001,SJC,CA,AWP,WE,Combined TRACON& Tower with Radar,316,8,64,0,388,53,0,117,0,170,369,8,181,0,558,70,0,70,628
02/04/2001,SJC,CA,AWP,WE,Combined TRACON& Tower with Radar,389,29,79,1,498,36,0,176,8,220,425,29,255,9,718,134,0,134,852
02/05/2001,SJC,CA,AWP,WE,Combined TRACON& Tower with Radar,437,53,89,0,579,27,0,131,0,158,464,53,220,0,737,124,0,124,861
02/06/2001,SJC,CA,AWP,WE,Combined TRACON& Tower with Radar,407,40,84,0,531,6,0,61,0,67,413,40,145,0,598,70,0,70,668
02/07/2001,SJC,CA,AWP,WE,Combined TRACON& Tower with Radar,426,62,91,0,579,0,4,83,0,87,426,66,174,0,666,42,0,42,708
02/08/2001,SJC,CA,AWP,WE,Combined TRACON& Tower with Radar,429,59,88,1,577,0,10,172,0,182,429,69,260,1,759,102,0,102,861
02/09/2001,SJC,CA,AWP,WE,Combined TRACON& Tower with Radar,444,61,92,0,597,0,14,47,0,61,444,75,139,0,658,50,0,50,708
02/10/2001,SJC,CA,AWP,WE,Combined TRACON& Tower with Radar,338,30,70,0,438,25,0,1,0,26,363,30,71,0,464,60,0,60,524
02/11/2001,SJC,CA,AWP,WE,Combined TRACON& Tower with Radar,372,29,77,0,478,22,0,28,0,50,394,29,105,0,528,106,0,106,634
02/12/2001,SJC,CA,AWP,WE,Combined TRACON& Tower with Radar,412,58,87,0,557,0,8,20,0,28,412,66,107,0,585,28,0,28,613
02/13/2001,SJC,CA,AWP,WE,Combined TRACON& Tower with Radar,399,57,86,0,542,0,16,69,0,85,399,73,155,0,627,106,0,106,733
02/14/2001,SJC,CA,AWP,WE,Combined TRACON& Tower with Radar,434,52,89,0,575,22,0,98,0,120,456,52,187,0,695,114,0,114,809
02/15/2001,SJC,CA,AWP,WE,Combined TRACON& Tower with Radar,472,67,103,1,643,0,0,153,0,153,472,67,256,1,796,94,0,94,890
02/16/2001,SJC,CA,AWP,WE,Combined TRACON& Tower with Radar,471,67,100,0,638,0,27,188,0,215,471,94,288,0,853,108,0,108,961
02/17/2001,SJC,CA,AWP,WE,Combined TRACON& Tower with Radar,367,30,76,0,473,14,0,31,0,45,381,30,107,0,518,84,0,84,602
02/18/2001,SJC,CA,AWP,WE,Combined TRACON& Tower with Radar,357,30,73,0,460,24,0,34,0,58,381,30,107,0,518,84,0,84,602
02/19/2001,SJC,CA,AWP,WE,Combined TRACON& Tower with Radar,439,49,93,0,581,0,0,43,0,43,439,49,136,0,624,56,0,56,680
02/20/2001,SJC,CA,AWP,WE,Combined TRACON& Tower with Radar,403,58,86,0,547,0,16,61,0,77,403,74,147,0,624,0,0,0,624
02/21/2001,SJC,CA,AWP,WE,Combined TRACON& Tower with Radar,398,61,89,0,548,0,8,70,0,78,398,69,159,0,626,8,0,8,634
02/22/2001,SJC,CA,AWP,WE,Combined TRACON& Tower with Radar,460,69,102,0,631,0,19,26,2,47,460,88,128,2,678,60,0,60,738
02/23/2001,SJC,CA,AWP,WE,Combined TRACON& Tower with Radar,461,66,97,0,624,0,13,125,2,140,461,79,222,2,764,182,0,182,946
02/24/2001,SJC,CA,AWP,WE,Combined TRACON& Tower with Radar,342,41,70,0,453,0,0,36,0,36,342,41,106,0,489,60,0,60,549
02/25/2001,SJC,CA,AWP,WE,Combined TRACON& Tower with Radar,362,41,73,0,476,16,0,122,0,138,378,41,195,0,614,124,0,124,738
02/26/2001,SJC,CA,AWP,WE,Combined TRACON& Tower with Radar,410,57,83,0,550,10,4,107,1,122,420,61,190,1,672,110,0,110,782
02/27/2001,SJC,CA,AWP,WE,Combined TRACON& Tower with Radar,368,53,79,0,500,0,16,166,0,182,368,69,245,0,682,76,0,76,758
02/28/2001,SJC,CA,AWP,WE,Combined TRACON& Tower with Radar,410,57,83,0,550,22,2,160,0,184,432,59,243,0,734,152,0,152,886
03/01/2001,SJC,CA,AWP,WE,Combined TRACON& Tower with Radar,463,72,107,0,642,0,1,166,0,167,463,73,273,0,809,176,0,176,985
03/02/2001,SJC,CA,AWP,WE,Combined TRACON& Tower with Radar,464,67,107,0,638,0,0,65,0,65,464,67,172,0,703,52,0,52,755
03/03/2001,SJC,CA,AWP,WE,Combined TRACON& Tower with Radar,303,24,66,0,393,13,0,75,0,88,316,24,141,0,481,156,0,156,637
03/04/2001,SJC,CA,AWP,WE,Combined TRACON& Tower with Radar,269,33,59,0,361,67,0,2,0,69,336,33,61,0,430,12,0,12,442
03/05/2001,SJC,CA,AWP,WE,Combined TRACON& Tower with Radar,420,60,92,0,572,9,5,23,0,37,429,65,115,0,609,54,0,54,663
03/06/2001,SJC,CA,AWP,WE,Combined TRACON& Tower with Radar,413,59,90,0,562,17,2,76,0,95,430,61,166,0,657,40,0,40,697
03/07/2001,SJC,CA,AWP,WE,Combined TRACON& Tower with Radar,406,58,88,1,553,6,23,154,0,183,412,81,242,1,736,132,0,132,868
03/08/2001,SJC,CA,AWP,WE,Combined TRACON& Tower with Radar,437,65,99,0,601,0,13,115,0,128,437,78,214,0,729,122,0,122,851
03/09/2001,SJC,CA,AWP,WE,Combined TRACON& Tower with Radar,445,63,97,1,606,0,0,73,0,73,445,63,170,1,679,92,0,92,771
03/10/2001,SJC,CA,AWP,WE,Combined TRACON& Tower with Radar,338,29,74,0,441,31,0,53,0,84,369,29,127,0,525,148,0,148,673
03/11/2001,SJC,CA,AWP,WE,Combined TRACON& Tower with Radar,416,31,95,1,543,0,0,138,0,138,416,31,233,1,681,102,0,102,783
03/12/2001,SJC,CA,AWP,WE,Combined TRACON& Tower with Radar,436,51,104,0,591,0,0,124,0,124,436,51,228,0,715,142,0,142,857
03/13/2001,SJC,CA,AWP,WE,Combined TRACON& Tower with Radar,438,63,96,0,597,4,4,141,0,149,442,67,237,0,746,80,0,80,826
03/14/2001,SJC,CA,AWP,WE,Combined TRACON& Tower with Radar,467,67,102,0,636,9,2,161,0,172,476,69,263,0,808,86,0,86,894
03/15/2001,SJC,CA,AWP,WE,Combined TRACON& Tower with Radar,467,69,105,0,641,0,20,103,0,123,467,89,208,0,764,80,0,80,844
03/16/2001,SJC,CA,AWP,WE,Combined TRACON& Tower with Radar,463,69,104,0,636,0,19,150,0,169,463,88,254,0,805,112,0,112,917
03/17/2001,SJC,CA,AWP,WE,Combined TRACON& Tower with Radar,365,50,79,0,494,12,0,148,0,160,377,50,227,0,654,82,0,82,736
03/18/2001,SJC,CA,AWP,WE,Combined TRACON& Tower with Radar,405,60,89,0,554,0,6,129,0,135,405,66,218,0,689,116,0,116,805
03/19/2001,SJC,CA,AWP,WE,Combined TRACON& Tower with Radar,434,60,94,0,588,13,0,109,0,122,447,60,203,0,710,172,0,172,882
03/20/2001,SJC,CA,AWP,WE,Combined TRACON& Tower with Radar,464,66,100,0,630,6,13,99,0,118,470,79,199,0,748,42,0,42,790
03/21/2001,SJC,CA,AWP,WE,Combined TRACON& Tower with Radar,451,49,97,0,597,10,0,136,0,146,461,49,233,0,743,120,0,120,863
03/22/2001,SJC,CA,AWP,WE,Combined TRACON& Tower with Radar,459,65,104,0,628,0,0,130,0,130,459,65,234,0,758,74,0,74,832
03/23/2001,SJC,CA,AWP,WE,Combined TRACON& Tower with Radar,509,76,113,0,698,0,9,129,1,139,509,85,242,1,837,162,0,162,999
03/24/2001,SJC,CA,AWP,WE,Combined TRACON& Tower with Radar,357,39,77,0,473,23,0,51,0,74,380,39,128,0,547,134,0,134,681
03/25/2001,SJC,CA,AWP,WE,Combined TRACON& Tower with Radar,389,55,84,0,528,12,4,85,2,103,401,59,169,2,631,74,0,74,705
03/26/2001,SJC,CA,AWP,WE,Combined TRACON& Tower with Radar,467,54,101,0,622,17,0,121,0,138,484,54,222,0,760,90,0,90,850
03/27/2001,SJC,CA,AWP,WE,Combined TRACON& Tower with Radar,455,61,98,0,614,17,0,136,0,153,472,61,234,0,767,128,0,128,895
03/28/2001,SJC,CA,AWP,WE,Combined TRACON& Tower with Radar,462,66,101,0,629,0,13,112,5,130,462,79,213,5,759,112,0,112,871
03/29/2001,SJC,CA,AWP,WE,Combined TRACON& Tower with Radar,453,70,106,0,629,0,7,161,2,170,453,77,267,2,799,94,0,94,893
03/30/2001,SJC,CA,AWP,WE,Combined TRACON& Tower with Radar,469,70,106,0,645,0,23,158,0,181,469,93,264,0,826,188,0,188,1014
03/31/2001,SJC,CA,AWP,WE,Combined TRACON& Tower with Radar,339,31,72,0,442,22,0,153,2,177,361,31,225,2,619,136,0,136,755
04/01/2001,SJC,CA,AWP,WE,Combined TRACON& Tower with Radar,406,46,80,2,534,11,0,103,0,114,417,46,183,2,648,152,0,152,800
04/02/2001,SJC,CA,AWP,WE,Combined TRACON& Tower with Radar,397,52,79,0,528,38,0,75,0,113,435,52,154,0,641,60,0,60,701
04/03/2001,SJC,CA,AWP,WE,Combined TRACON& Tower with Radar,457,68,90,0,615,18,4,98,0,120,475,72,188,0,735,52,0,52,787
04/04/2001,SJC,CA,AWP,WE,Combined TRACON& Tower with Radar,451,70,93,0,614,0,23,97,0,120,451,93,190,0,734,20,0,20,754
04/05/2001,SJC,CA,AWP,WE,Combined TRACON& Tower with Radar,458,68,91,1,618,3,1,98,0,102,461,69,189,1,720,106,0,106,826
04/06/2001,SJC,CA,AWP,WE,Combined TRACON& Tower with Radar,444,70,97,0,611,0,0,62,0,62,444,70,159,0,673,28,0,28,701
04/07/2001,SJC,CA,AWP,WE,Combined TRACON& Tower with Radar,393,51,78,0,522,5,0,13,0,18,398,51,91,0,540,58,0,58,598
04/08/2001,SJC,CA,AWP,WE,Combined TRACON& Tower with Radar,384,46,76,0,506,17,0,43,0,60,401,46,119,0,566,44,0,44,610
04/09/2001,SJC,CA,AWP,WE,Combined TRACON& Tower with Radar,418,80,106,3,607,0,119,41,41,201,418,199,147,44,808,24,0,24,832
04/10/2001,SJC,CA,AWP,WE,Combined TRACON& Tower with Radar,411,61,81,3,556,0,4,110,0,114,411,65,191,3,670,68,0,68,738
04/11/2001,SJC,CA,AWP,WE,Combined TRACON& Tower with Radar,432,55,93,0,580,0,0,57,0,57,432,55,150,0,637,110,0,110,747
04/12/2001,SJC,CA,AWP,WE,Combined TRACON& Tower with Radar,514,79,105,3,701,0,20,198,3,221,514,99,303,6,922,196,0,196,1118
04/13/2001,SJC,CA,AWP,WE,Combined TRACON& Tower with Radar,444,66,88,0,598,14,1,85,0,100,458,67,173,0,698,106,0,106,804
04/14/2001,SJC,CA,AWP,WE,Combined TRACON& Tower with Radar,352,32,70,0,454,26,0,106,0,132,378,32,176,0,586,74,0,74,660
04/15/2001,SJC,CA,AWP,WE,Combined TRACON& Tower with Radar,393,41,78,0,512,52,0,98,0,150,445,41,176,0,662,112,0,112,774
04/16/2001,SJC,CA,AWP,WE,Combined TRACON& Tower with Radar,475,63,93,2,633,15,0,85,0,100,490,63,178,2,733,86,0,86,819
04/17/2001,SJC,CA,AWP,WE,Combined TRACON& Tower with Radar,433,64,85,0,582,0,5,81,0,86,433,69,166,0,668,64,0,64,732
04/18/2001,SJC,CA,AWP,WE,Combined TRACON& Tower with Radar,451,65,90,0,606,0,0,135,0,135,451,65,225,0,741,112,0,112,853
04/19/2001,SJC,CA,AWP,WE,Combined TRACON& Tower with Radar,462,75,99,2,638,0,16,47,0,63,462,91,146,2,701,102,0,102,803
04/20/2001,SJC,CA,AWP,WE,Combined TRACON& Tower with Radar,484,70,97,2,653,0,0,18,0,18,484,70,115,2,671,46,0,46,717
04/21/2001,SJC,CA,AWP,WE,Combined TRACON& Tower with Radar,356,35,69,1,461,22,0,101,0,123,378,35,170,1,584,176,0,176,760
04/22/2001,SJC,CA,AWP,WE,Combined TRACON& Tower with Radar,389,49,76,1,515,31,0,117,1,149,420,49,193,2,664,174,0,174,838
04/23/2001,SJC,CA,AWP,WE,Combined TRACON& Tower with Radar,460,68,90,0,618,0,18,77,0,95,460,86,167,0,713,82,0,82,795
04/24/2001,SJC,CA,AWP,WE,Combined TRACON& Tower with Radar,436,65,85,0,586,0,5,116,0,121,436,70,201,0,707,42,0,42,749
04/25/2001,SJC,CA,AWP,WE,Combined TRACON& Tower with Radar,507,74,99,0,680,22,0,131,0,153,529,74,230,0,833,232,0,232,1065
04/26/2001,SJC,CA,AWP,WE,Combined TRACON& Tower with Radar,516,55,101,0,672,0,0,172,0,172,516,55,273,0,844,94,0,94,938
04/27/2001,SJC,CA,AWP,WE,Combined TRACON& Tower with Radar,460,55,94,0,609,0,0,108,0,108,460,55,202,0,717,186,0,186,903
04/28/2001,SJC,CA,AWP,WE,Combined TRACON& Tower with Radar,326,21,63,0,410,29,0,78,0,107,355,21,141,0,517,120,0,120,637
04/29/2001,SJC,CA,AWP,WE,Combined TRACON& Tower with Radar,371,38,72,0,481,26,0,131,0,157,397,38,203,0,638,70,0,70,708
04/30/2001,SJC,CA,AWP,WE,Combined TRACON& Tower with Radar,409,60,81,0,550,6,6,163,0,175,415,66,244,0,725,78,0,78,803
05/01/2001,SJC,CA,AWP,WE,Combined TRACON& Tower with Radar,426,60,79,0,565,8,0,66,0,74,434,60,145,0,639,116,0,116,755
05/02/2001,SJC,CA,AWP,WE,Combined TRACON& Tower with Radar,431,57,80,0,568,38,0,116,0,154,469,57,196,0,722,60,0,60,782
05/03/2001,SJC,CA,AWP,WE,Combined TRACON& Tower with Radar,495,70,93,0,658,0,0,148,0,148,495,70,241,0,806,124,0,124,930
05/04/2001,SJC,CA,AWP,WE,Combined TRACON& Tower with Radar,486,71,91,1,649,0,6,197,0,203,486,77,288,1,852,116,0,116,968
05/05/2001,SJC,CA,AWP,WE,Combined TRACON& Tower with Radar,343,35,64,0,442,19,0,152,0,171,362,35,216,0,613,164,0,164,777
05/06/2001,SJC,CA,AWP,WE,Combined TRACON& Tower with Radar,400,54,74,0,528,15,0,158,0,173,415,54,232,0,701,56,0,56,757
05/07/2001,SJC,CA,AWP,WE,Combined TRACON& Tower with Radar,401,54,76,1,532,0,0,106,0,106,401,54,182,1,638,94,0,94,732
05/08/2001,SJC,CA,AWP,WE,Combined TRACON& Tower with Radar,426,64,83,1,574,0,31,116,3,150,426,95,199,4,724,82,0,82,806
05/09/2001,SJC,CA,AWP,WE,Combined TRACON& Tower with Radar,465,70,90,0,625,0,16,167,0,183,465,86,257,0,808,110,0,110,918
05/10/2001,SJC,CA,AWP,WE,Combined TRACON& Tower with Radar,450,67,87,0,604,0,3,188,0,191,450,70,275,0,795,144,0,144,939
05/11/2001,SJC,CA,AWP,WE,Combined TRACON& Tower with Radar,481,62,89,0,632,5,0,166,0,171,486,62,255,0,803,96,0,96,899
05/12/2001,SJC,CA,AWP,WE,Combined TRACON& Tower with Radar,303,19,56,0,378,30,0,95,0,125,333,19,151,0,503,168,0,168,671
05/13/2001,SJC,CA,AWP,WE,Combined TRACON& Tower with Radar,388,39,72,0,499,29,0,131,0,160,417,39,203,0,659,94,0,94,753
05/14/2001,SJC,CA,AWP,WE,Combined TRACON& Tower with Radar,407,57,76,1,541,15,0,151,0,166,422,57,227,1,707,58,0,58,765
05/15/2001,SJC,CA,AWP,WE,Combined TRACON& Tower with Radar,472,67,89,0,628,0,4,145,0,149,472,71,234,0,777,150,0,150,927
05/16/2001,SJC,CA,AWP,WE,Combined TRACON& Tower with Radar,489,74,95,1,659,0,11,183,2,196,489,85,278,3,855,168,0,168,1023
05/17/2001,SJC,CA,AWP,WE,Combined TRACON& Tower with Radar,454,65,85,0,604,0,6,144,0,150,454,71,229,0,754,160,0,160,914
05/18/2001,SJC,CA,AWP,WE,Combined TRACON& Tower with Radar,475,66,87,0,628,5,0,155,2,162,480,66,242,2,790,98,0,98,888
05/19/2001,SJC,CA,AWP,WE,Combined TRACON& Tower with Radar,323,38,59,0,420,25,0,72,0,97,348,38,131,0,517,104,0,104,621
05/20/2001,SJC,CA,AWP,WE,Combined TRACON& Tower with Radar,440,41,80,0,561,16,0,131,0,147,456,41,211,0,708,110,0,110,818
05/21/2001,SJC,CA,AWP,WE,Combined TRACON& Tower with Radar,446,48,82,0,576,21,0,94,0,115,467,48,176,0,691,186,0,186,877
05/22/2001,SJC,CA,AWP,WE,Combined TRACON& Tower with Radar,422,51,77,0,550,13,0,123,0,136,435,51,200,0,686,76,0,76,762
05/23/2001,SJC,CA,AWP,WE,Combined TRACON& Tower with Radar,450,68,87,0,605,0,20,152,0,172,450,88,239,0,777,112,0,112,889
05/24/2001,SJC,CA,AWP,WE,Combined TRACON& Tower with Radar,457,67,87,0,611,0,28,214,0,242,457,95,301,0,853,140,0,140,993
05/25/2001,SJC,CA,AWP,WE,Combined TRACON& Tower with Radar,463,67,86,0,616,0,15,190,0,205,463,82,276,0,821,36,0,36,857
05/26/2001,SJC,CA,AWP,WE,Combined TRACON& Tower with Radar,359,41,65,0,465,6,0,105,0,111,365,41,170,0,576,152,0,152,728
05/27/2001,SJC,CA,AWP,WE,Combined TRACON& Tower with Radar,327,18,60,0,405,11,0,22,0,33,338,18,82,0,438,56,0,56,494
05/28/2001,SJC,CA,AWP,WE,Combined TRACON& Tower with Radar,409,56,75,0,540,12,0,109,0,121,421,56,184,0,661,80,0,80,741
05/29/2001,SJC,CA,AWP,WE,Combined TRACON& Tower with Radar,447,65,84,0,596,0,6,133,0,139,447,71,217,0,735,132,0,132,867
05/30/2001,SJC,CA,AWP,WE,Combined TRACON& Tower with Radar,483,69,91,0,643,0,10,147,0,157,483,79,238,0,800,64,0,64,864
05/31/2001,SJC,CA,AWP,WE,Combined TRACON& Tower with Radar,506,75,97,0,678,0,17,181,5,203,506,92,278,5,881,320,0,320,1201
06/01/2001,SJC,CA,AWP,WE,Combined TRACON& Tower with Radar,451,63,81,1,596,0,17,133,0,150,451,80,214,1,746,200,0,200,946
06/02/2001,SJC,CA,AWP,WE,Combined TRACON& Tower with Radar,342,26,58,0,426,35,0,98,0,133,377,26,156,0,559,118,0,118,677
06/03/2001,SJC,CA,AWP,WE,Combined TRACON& Tower with Radar,414,41,71,0,526,33,0,125,0,158,447,41,196,0,684,46,0,46,730
06/04/2001,SJC,CA,AWP,WE,Combined TRACON& Tower with Radar,480,57,82,0,619,23,0,116,0,139,503,57,198,0,758,112,0,112,870
06/05/2001,SJC,CA,AWP,WE,Combined TRACON& Tower with Radar,438,55,76,0,569,0,0,153,0,153,438,55,229,0,722,160,0,160,882
06/06/2001,SJC,CA,AWP,WE,Combined TRACON& Tower with Radar,432,57,74,0,563,3,18,191,0,212,435,75,265,0,775,68,0,68,843
06/07/2001,SJC,CA,AWP,WE,Combined TRACON& Tower with Radar,510,68,88,1,667,0,7,214,0,221,510,75,302,1,888,102,0,102,990
06/08/2001,SJC,CA,AWP,WE,Combined TRACON& Tower with Radar,469,61,80,0,610,4,0,182,0,186,473,61,262,0,796,72,0,72,868
06/09/2001,SJC,CA,AWP,WE,Combined TRACON& Tower with Radar,359,44,62,0,465,24,0,128,0,152,383,44,190,0,617,174,0,174,791
06/10/2001,SJC,CA,AWP,WE,Combined TRACON& Tower with Radar,461,54,80,1,596,0,0,119,1,120,461,54,199,2,716,56,0,56,772
06/11/2001,SJC,CA,AWP,WE,Combined TRACON& Tower with Radar,465,62,83,0,610,0,0,133,0,133,465,62,216,0,743,142,0,142,885
06/12/2001,SJC,CA,AWP,WE,Combined TRACON& Tower with Radar,486,68,89,0,643,0,3,157,0,160,486,71,246,0,803,60,0,60,863
06/13/2001,SJC,CA,AWP,WE,Combined TRACON& Tower with Radar,432,59,76,0,567,0,24,148,0,172,432,83,224,0,739,46,0,46,785
06/14/2001,SJC,CA,AWP,WE,Combined TRACON& Tower with Radar,494,68,89,0,651,0,8,172,0,180,494,76,261,0,831,272,0,272,1103
06/15/2001,SJC,CA,AWP,WE,Combined TRACON& Tower with Radar,498,64,86,1,649,0,1,205,1,207,498,65,291,2,856,150,1,151,1007
06/16/2001,SJC,CA,AWP,WE,Combined TRACON& Tower with Radar,386,35,65,0,486,15,0,123,0,138,401,35,188,0,624,50,0,50,674
06/17/2001,SJC,CA,AWP,WE,Combined TRACON& Tower with Radar,396,37,67,1,501,23,0,102,1,126,419,37,169,2,627,42,0,42,669
06/18/2001,SJC,CA,AWP,WE,Combined TRACON& Tower with Radar,434,54,73,0,561,20,0,84,0,104,454,54,157,0,665,70,0,70,735
06/19/2001,SJC,CA,AWP,WE,Combined TRACON& Tower with Radar,437,61,78,0,576,0,13,111,1,125,437,74,189,1,701,152,0,152,853
06/20/2001,SJC,CA,AWP,WE,Combined TRACON& Tower with Radar,426,54,73,0,553,0,0,173,0,173,426,54,246,0,726,128,0,128,854
06/21/2001,SJC,CA,AWP,WE,Combined TRACON& Tower with Radar,514,72,93,0,679,0,34,179,0,213,514,106,272,0,892,220,0,220,1112
06/22/2001,SJC,CA,AWP,WE,Combined TRACON& Tower with Radar,460,62,79,0,601,0,33,165,2,200,460,95,244,2,801,152,0,152,953
06/23/2001,SJC,CA,AWP,WE,Combined TRACON& Tower with Radar,376,25,63,0,464,25,0,90,1,116,401,25,153,1,580,204,0,204,784
06/24/2001,SJC,CA,AWP,WE,Combined TRACON& Tower with Radar,408,43,69,0,520,21,0,129,1,151,429,43,198,1,671,114,0,114,785
06/25/2001,SJC,CA,AWP,WE,Combined TRACON& Tower with Radar,444,57,75,0,576,2,0,123,0,125,446,57,198,0,701,134,0,134,835
06/26/2001,SJC,CA,AWP,WE,Combined TRACON& Tower with Radar,433,58,76,0,567,0,0,85,1,86,433,58,161,1,653,60,0,60,713
06/27/2001,SJC,CA,AWP,WE,Combined TRACON& Tower with Radar,479,65,84,0,628,0,5,75,0,80,479,70,159,0,708,66,0,66,774
06/28/2001,SJC,CA,AWP,WE,Combined TRACON& Tower with Radar,449,52,77,0,578,0,0,161,1,162,449,52,238,1,740,136,0,136,876
06/29/2001,SJC,CA,AWP,WE,Combined TRACON& Tower with Radar,508,48,86,0,642,18,0,152,2,172,526,48,238,2,814,248,0,248,1062
06/30/2001,SJC,CA,AWP,WE,Combined TRACON& Tower with Radar,379,36,64,0,479,32,0,133,0,165,411,36,197,0,644,184,0,184,828
07/01/2001,SJC,CA,AWP,WE,Combined TRACON& Tower with Radar,385,37,61,0,483,27,0,103,0,130,412,37,164,0,613,104,0,104,717
07/02/2001,SJC,CA,AWP,WE,Combined TRACON& Tower with Radar,454,52,73,0,579,22,0,75,0,97,476,52,148,0,676,166,0,166,842
07/03/2001,SJC,CA,AWP,WE,Combined TRACON& Tower with Radar,446,63,75,0,584,0,7,125,0,132,446,70,200,0,716,114,0,114,830
07/04/2001,SJC,CA,AWP,WE,Combined TRACON& Tower with Radar,350,24,57,0,431,47,0,56,0,103,397,24,113,0,534,102,0,102,636
07/05/2001,SJC,CA,AWP,WE,Combined TRACON& Tower with Radar,492,65,80,1,638,0,0,127,0,127,492,65,207,1,765,90,0,90,855
07/06/2001,SJC,CA,AWP,WE,Combined TRACON& Tower with Radar,489,67,79,0,635,9,19,112,0,140,498,86,191,0,775,116,0,116,891
07/07/2001,SJC,CA,AWP,WE,Combined TRACON& Tower with Radar,383,45,62,0,490,11,0,138,0,149,394,45,200,0,639,124,0,124,763
07/08/2001,SJC,CA,AWP,WE,Combined TRACON& Tower with Radar,412,52,67,2,533,9,0,137,0,146,421,52,204,2,679,116,0,116,795
07/09/2001,SJC,CA,AWP,WE,Combined TRACON& Tower with Radar,418,51,68,0,537,24,0,110,0,134,442,51,178,0,671,150,0,150,821
07/10/2001,SJC,CA,AWP,WE,Combined TRACON& Tower with Radar,466,65,77,0,608,0,7,74,0,81,466,72,151,0,689,176,0,176,865
07/11/2001,SJC,CA,AWP,WE,Combined TRACON& Tower with Radar,453,54,73,0,580,30,0,149,0,179,483,54,222,0,759,92,0,92,851
07/12/2001,SJC,CA,AWP,WE,Combined TRACON& Tower with Radar,470,66,78,0,614,0,4,138,0,142,470,70,216,0,756,66,0,66,822
07/13/2001,SJC,CA,AWP,WE,Combined TRACON& Tower with Radar,440,60,73,2,575,0,6,153,1,160,440,66,226,3,735,146,0,146,881
07/14/2001,SJC,CA,AWP,WE,Combined TRACON& Tower with Radar,385,33,62,0,480,23,0,105,0,128,408,33,167,0,608,120,0,120,728
07/15/2001,SJC,CA,AWP,WE,Combined TRACON& Tower with Radar,407,50,66,2,525,0,0,101,0,101,407,50,167,2,626,150,0,150,776
07/16/2001,SJC,CA,AWP,WE,Combined TRACON& Tower with Radar,414,44,67,0,525,1,0,111,0,112,415,44,178,0,637,166,0,166,803
07/17/2001,SJC,CA,AWP,WE,Combined TRACON& Tower with Radar,427,59,71,0,557,0,15,96,0,111,427,74,167,0,668,146,0,146,814
07/18/2001,SJC,CA,AWP,WE,Combined TRACON& Tower with Radar,461,62,74,0,597,0,25,163,0,188,461,87,237,0,785,82,0,82,867
07/19/2001,SJC,CA,AWP,WE,Combined TRACON& Tower with Radar,509,75,87,0,671,0,2,186,0,188,509,77,273,0,859,118,0,118,977
07/20/2001,SJC,CA,AWP,WE,Combined TRACON& Tower with Radar,461,66,77,0,604,0,18,104,0,122,461,84,181,0,726,74,0,74,800
07/21/2001,SJC,CA,AWP,WE,Combined TRACON& Tower with Radar,406,43,65,0,514,14,0,104,0,118,420,43,169,0,632,164,0,164,796
07/22/2001,SJC,CA,AWP,WE,Combined TRACON& Tower with Radar,427,55,68,0,550,16,0,90,0,106,443,55,158,0,656,128,0,128,784
07/23/2001,SJC,CA,AWP,WE,Combined TRACON& Tower with Radar,428,58,68,0,554,0,0,151,0,151,428,58,219,0,705,186,0,186,891
07/24/2001,SJC,CA,AWP,WE,Combined TRACON& Tower with Radar,449,64,75,0,588,0,8,135,0,143,449,72,210,0,731,144,0,144,875
07/25/2001,SJC,CA,AWP,WE,Combined TRACON& Tower with Radar,448,56,72,0,576,0,0,170,0,170,448,56,242,0,746,126,0,126,872
07/26/2001,SJC,CA,AWP,WE,Combined TRACON& Tower with Radar,506,72,84,0,662,0,17,160,0,177,506,89,244,0,839,162,0,162,1001
07/27/2001,SJC,CA,AWP,WE,Combined TRACON& Tower with Radar,498,69,81,0,648,0,11,187,0,198,498,80,268,0,846,132,0,132,978
07/28/2001,SJC,CA,AWP,WE,Combined TRACON& Tower with Radar,358,28,57,0,443,27,0,121,0,148,385,28,178,0,591,72,0,72,663
07/29/2001,SJC,CA,AWP,WE,Combined TRACON& Tower with Radar,433,51,69,0,553,12,0,115,0,127,445,51,184,0,680,130,0,130,810
07/30/2001,SJC,CA,AWP,WE,Combined TRACON& Tower with Radar,469,67,78,0,614,0,19,97,0,116,469,86,175,0,730,82,0,82,812
07/31/2001,SJC,CA,AWP,WE,Combined TRACON& Tower with Radar,455,68,81,1,605,0,4,76,39,119,455,72,157,40,724,62,0,62,786
08/01/2001,SJC,CA,AWP,WE,Combined TRACON& Tower with Radar,434,59,75,0,568,0,0,126,0,126,434,59,201,0,694,118,0,118,812
08/02/2001,SJC,CA,AWP,WE,Combined TRACON& Tower with Radar,474,65,81,0,620,1,2,159,0,162,475,67,240,0,782,152,0,152,934
08/03/2001,SJC,CA,AWP,WE,Combined TRACON& Tower with Radar,436,64,82,0,582,0,1,135,0,136,436,65,217,0,718,64,0,64,782
08/04/2001,SJC,CA,AWP,WE,Combined TRACON& Tower with Radar,426,51,73,0,550,9,0,99,0,108,435,51,172,0,658,98,0,98,756
08/05/2001,SJC,CA,AWP,WE,Combined TRACON& Tower with Radar,412,46,71,0,529,20,0,141,0,161,432,46,212,0,690,96,0,96,786
08/06/2001,SJC,CA,AWP,WE,Combined TRACON& Tower with Radar,444,47,76,1,568,12,0,119,0,131,456,47,195,1,699,92,0,92,791
08/07/2001,SJC,CA,AWP,WE,Combined TRACON& Tower with Radar,494,57,85,0,636,8,0,138,0,146,502,57,223,0,782,186,0,186,968
08/08/2001,SJC,CA,AWP,WE,Combined TRACON& Tower with Radar,494,67,84,2,647,5,0,185,1,191,499,67,269,3,838,104,0,104,942
08/09/2001,SJC,CA,AWP,WE,Combined TRACON& Tower with Radar,466,67,83,0,616,0,22,190,0,212,466,89,273,0,828,128,0,128,956
08/10/2001,SJC,CA,AWP,WE,Combined TRACON& Tower with Radar,479,66,82,2,629,0,5,139,4,148,479,71,221,6,777,92,0,92,869
08/11/2001,SJC,CA,AWP,WE,Combined TRACON& Tower with Radar,339,19,58,0,416,52,0,94,0,146,391,19,152,0,562,138,0,138,700
08/12/2001,SJC,CA,AWP,WE,Combined TRACON& Tower with Radar,470,43,81,2,596,0,0,109,2,111,470,43,190,4,707,92,0,92,799
08/13/2001,SJC,CA,AWP,WE,Combined TRACON& Tower with Radar,497,68,85,0,650,1,2,162,0,165,498,70,247,0,815,126,0,126,941
08/14/2001,SJC,CA,AWP,WE,Combined TRACON& Tower with Radar,474,61,82,0,617,0,0,99,0,99,474,61,181,0,716,114,0,114,830
08/15/2001,SJC,CA,AWP,WE,Combined TRACON& Tower with Radar,465,65,81,0,611,0,4,167,0,171,465,69,248,0,782,122,0,122,904
08/16/2001,SJC,CA,AWP,WE,Combined TRACON& Tower with Radar,515,72,92,1,680,0,19,162,0,181,515,91,254,1,861,80,0,80,941
08/17/2001,SJC,CA,AWP,WE,Combined TRACON& Tower with Radar,498,69,86,1,654,0,21,185,0,206,498,90,271,1,860,94,0,94,954
08/18/2001,SJC,CA,AWP,WE,Combined TRACON& Tower with Radar,387,51,65,0,503,27,0,98,1,126,414,51,163,1,629,128,0,128,757
08/19/2001,SJC,CA,AWP,WE,Combined TRACON& Tower with Radar,378,30,64,0,472,44,0,130,0,174,422,30,194,0,646,154,0,154,800
08/20/2001,SJC,CA,AWP,WE,Combined TRACON& Tower with Radar,451,57,77,0,585,0,0,103,4,107,451,57,180,4,692,82,0,82,774
08/21/2001,SJC,CA,AWP,WE,Combined TRACON& Tower with Radar,428,50,72,0,550,15,0,133,1,149,443,50,205,1,699,94,0,94,793
08/22/2001,SJC,CA,AWP,WE,Combined TRACON& Tower with Radar,450,66,81,1,598,0,1,99,2,102,450,67,180,3,700,130,0,130,830
08/23/2001,SJC,CA,AWP,WE,Combined TRACON& Tower with Radar,479,66,81,1,627,4,12,143,0,159,483,78,224,1,786,132,0,132,918
08/24/2001,SJC,CA,AWP,WE,Combined TRACON& Tower with Radar,474,70,88,1,633,0,13,113,1,127,474,83,201,2,760,44,0,44,804
08/25/2001,SJC,CA,AWP,WE,Combined TRACON& Tower with Radar,342,34,58,0,434,33,0,118,0,151,375,34,176,0,585,48,2,50,635
08/26/2001,SJC,CA,AWP,WE,Combined TRACON& Tower with Radar,394,47,67,0,508,20,0,119,0,139,414,47,186,0,647,22,0,22,669
08/27/2001,SJC,CA,AWP,WE,Combined TRACON& Tower with Radar,467,64,79,0,610,5,2,116,0,123,472,66,195,0,733,111,0,111,844
08/28/2001,SJC,CA,AWP,WE,Combined TRACON& Tower with Radar,478,66,83,1,628,0,12,154,1,167,478,78,237,2,795,90,0,90,885
08/29/2001,SJC,CA,AWP,WE,Combined TRACON& Tower with Radar,461,66,82,0,609,0,0,123,0,123,461,66,205,0,732,34,0,34,766
08/30/2001,SJC,CA,AWP,WE,Combined TRACON& Tower with Radar,471,66,82,0,619,0,20,138,0,158,471,86,220,0,777,72,0,72,849
08/31/2001,SJC,CA,AWP,WE,Combined TRACON& Tower with Radar,496,70,89,0,655,0,19,151,0,170,496,89,240,0,825,58,0,58,883
09/01/2001,SJC,CA,AWP,WE,Combined TRACON& Tower with Radar,329,23,78,0,430,56,0,97,0,153,385,23,175,0,583,56,0,56,639
09/02/2001,SJC,CA,AWP,WE,Combined TRACON& Tower with Radar,287,25,68,0,380,62,0,51,0,113,349,25,119,0,493,66,0,66,559
09/03/2001,SJC,CA,AWP,WE,Combined TRACON& Tower with Radar,373,62,89,0,524,20,0,88,0,108,393,62,177,0,632,36,0,36,668
09/04/2001,SJC,CA,AWP,WE,Combined TRACON& Tower with Radar,445,83,106,0,634,33,9,124,0,166,478,92,230,0,800,100,0,100,900
09/05/2001,SJC,CA,AWP,WE,Combined TRACON& Tower with Radar,431,63,102,0,596,44,0,122,0,166,475,63,224,0,762,112,0,112,874
09/06/2001,SJC,CA,AWP,WE,Combined TRACON& Tower with Radar,463,75,110,1,649,37,0,131,1,169,500,75,241,2,818,12,0,12,830
09/07/2001,SJC,CA,AWP,WE,Combined TRACON& Tower with Radar,403,69,96,0,568,49,0,109,0,158,452,69,205,0,726,150,0,150,876
09/08/2001,SJC,CA,AWP,WE,Combined TRACON& Tower with Radar,306,26,73,0,405,58,0,90,0,148,364,26,163,0,553,132,0,132,685
09/09/2001,SJC,CA,AWP,WE,Combined TRACON& Tower with Radar,413,45,98,0,556,41,0,86,0,127,454,45,184,0,683,148,0,148,831
09/10/2001,SJC,CA,AWP,WE,Combined TRACON& Tower with Radar,420,77,100,0,597,42,4,90,0,136,462,81,190,0,733,134,0,134,867
09/11/2001,SJC,CA,AWP,WE,Combined TRACON& Tower with Radar,0,1,2,0,3,0,0,9,0,9,0,1,11,0,12,0,0,0,12
09/12/2001,SJC,CA,AWP,WE,Combined TRACON& Tower with Radar,0,0,0,0,0,0,0,2,0,2,0,0,2,0,2,0,0,0,2
09/13/2001,SJC,CA,AWP,WE,Combined TRACON& Tower with Radar,26,12,16,0,54,0,17,22,0,39,26,29,38,0,93,0,0,0,93
09/14/2001,SJC,CA,AWP,WE,Combined TRACON& Tower with Radar,274,62,45,0,381,0,98,0,0,98,274,160,45,0,479,46,0,46,525
09/15/2001,SJC,CA,AWP,WE,Combined TRACON& Tower with Radar,267,53,66,0,386,0,14,0,0,14,267,67,66,0,400,0,0,0,400
09/16/2001,SJC,CA,AWP,WE,Combined TRACON& Tower with Radar,319,41,73,0,433,0,0,0,2,2,319,41,73,2,435,0,0,0,435
09/17/2001,SJC,CA,AWP,WE,Combined TRACON& Tower with Radar,338,64,82,0,484,0,11,2,0,13,338,75,84,0,497,0,0,0,497
09/18/2001,SJC,CA,AWP,WE,Combined TRACON& Tower with Radar,383,76,98,0,557,0,16,2,1,19,383,92,100,1,576,0,0,0,576
09/19/2001,SJC,CA,AWP,WE,Combined TRACON& Tower with Radar,368,76,97,0,541,0,22,28,0,50,368,98,125,0,591,0,0,0,591
09/20/2001,SJC,CA,AWP,WE,Combined TRACON& Tower with Radar,394,85,109,0,588,0,15,62,0,77,394,100,171,0,665,0,0,0,665
09/21/2001,SJC,CA,AWP,WE,Combined TRACON& Tower with Radar,374,79,102,0,555,0,11,59,0,70,374,90,161,0,625,0,0,0,625
09/22/2001,SJC,CA,AWP,WE,Combined TRACON& Tower with Radar,322,39,76,0,437,26,0,28,0,54,348,39,104,0,491,8,0,8,499
09/23/2001,SJC,CA,AWP,WE,Combined TRACON& Tower with Radar,328,45,77,0,450,11,0,43,1,55,339,45,120,1,505,0,0,0,505
09/24/2001,SJC,CA,AWP,WE,Combined TRACON& Tower with Radar,411,75,96,0,582,4,2,33,0,39,415,77,129,0,621,76,0,76,697
09/25/2001,SJC,CA,AWP,WE,Combined TRACON& Tower with Radar,392,76,97,0,565,0,6,46,0,52,392,82,143,0,617,96,0,96,713
09/26/2001,SJC,CA,AWP,WE,Combined TRACON& Tower with Radar,418,84,109,0,611,0,3,79,0,82,418,87,188,0,693,10,0,10,703
09/27/2001,SJC,CA,AWP,WE,Combined TRACON& Tower with Radar,431,73,110,0,614,0,0,64,0,64,431,73,174,0,678,62,0,62,740
09/28/2001,SJC,CA,AWP,WE,Combined TRACON& Tower with Radar,422,87,113,0,622,0,31,59,1,91,422,118,172,1,713,66,0,66,779
09/29/2001,SJC,CA,AWP,WE,Combined TRACON& Tower with Radar,315,34,75,0,424,24,0,52,0,76,339,34,127,0,500,72,0,72,572
09/30/2001,SJC,CA,AWP,WE,Combined TRACON& Tower with Radar,376,64,89,0,529,12,0,38,0,50,388,64,127,0,579,120,0,120,699
10/01/2001,SJC,CA,AWP,WE,Combined TRACON& Tower with Radar,390,66,103,0,559,48,0,44,0,92,438,66,147,0,651,76,0,76,727
10/02/2001,SJC,CA,AWP,WE,Combined TRACON& Tower with Radar,415,91,117,0,623,0,0,38,0,38,415,91,155,0,661,54,0,54,715
10/03/2001,SJC,CA,AWP,WE,Combined TRACON& Tower with Radar,391,90,115,0,596,0,27,55,0,82,391,117,170,0,678,44,0,44,722
10/04/2001,SJC,CA,AWP,WE,Combined TRACON& Tower with Radar,412,92,119,0,623,0,14,59,0,73,412,106,178,0,696,154,0,154,850
10/05/2001,SJC,CA,AWP,WE,Combined TRACON& Tower with Radar,429,91,120,0,640,0,0,55,0,55,429,91,175,0,695,134,0,134,829
10/06/2001,SJC,CA,AWP,WE,Combined TRACON& Tower with Radar,304,43,81,1,429,15,0,39,0,54,319,43,120,1,483,110,0,110,593
10/07/2001,SJC,CA,AWP,WE,Combined TRACON& Tower with Radar,325,50,87,1,463,27,0,31,0,58,352,50,118,1,521,56,0,56,577
10/08/2001,SJC,CA,AWP,WE,Combined TRACON& Tower with Radar,402,85,107,0,594,9,8,27,0,44,411,93,134,0,638,86,0,86,724
10/09/2001,SJC,CA,AWP,WE,Combined TRACON& Tower with Radar,417,90,115,0,622,0,24,45,0,69,417,114,160,0,691,6,0,6,697
10/10/2001,SJC,CA,AWP,WE,Combined TRACON& Tower with Radar,399,67,107,1,574,17,0,20,0,37,416,67,127,1,611,46,0,46,657
10/11/2001,SJC,CA,AWP,WE,Combined TRACON& Tower with Radar,438,84,117,1,640,13,0,76,1,90,451,84,193,2,730,64,0,64,794
10/12/2001,SJC,CA,AWP,WE,Combined TRACON& Tower with Radar,427,90,114,1,632,5,0,38,0,43,432,90,152,1,675,22,0,22,697
10/13/2001,SJC,CA,AWP,WE,Combined TRACON& Tower with Radar,360,54,96,1,511,28,0,46,1,75,388,54,142,2,586,28,0,28,614
10/14/2001,SJC,CA,AWP,WE,Combined TRACON& Tower with Radar,347,49,93,0,489,37,0,82,0,119,384,49,175,0,608,90,0,90,698
10/15/2001,SJC,CA,AWP,WE,Combined TRACON& Tower with Radar,373,56,100,0,529,27,0,26,0,53,400,56,126,0,582,98,0,98,680
10/16/2001,SJC,CA,AWP,WE,Combined TRACON& Tower with Radar,432,97,123,0,652,0,10,39,0,49,432,107,162,0,701,36,0,36,737
10/17/2001,SJC,CA,AWP,WE,Combined TRACON& Tower with Radar,401,90,116,0,607,0,13,61,0,74,401,103,177,0,681,20,0,20,701
10/18/2001,SJC,CA,AWP,WE,Combined TRACON& Tower with Radar,409,93,120,0,622,0,24,49,0,73,409,117,169,0,695,94,0,94,789
10/19/2001,SJC,CA,AWP,WE,Combined TRACON& Tower with Radar,377,78,101,0,556,2,15,18,2,37,379,93,119,2,593,24,0,24,617
10/20/2001,SJC,CA,AWP,WE,Combined TRACON& Tower with Radar,281,43,74,0,398,20,0,11,0,31,301,43,85,0,429,66,0,66,495
10/21/2001,SJC,CA,AWP,WE,Combined TRACON& Tower with Radar,381,47,101,0,529,4,0,30,0,34,385,47,131,0,563,50,0,50,613
10/22/2001,SJC,CA,AWP,WE,Combined TRACON& Tower with Radar,356,67,93,0,516,12,0,43,0,55,368,67,136,0,571,10,0,10,581
10/23/2001,SJC,CA,AWP,WE,Combined TRACON& Tower with Radar,405,88,111,0,604,0,43,43,0,86,405,131,154,0,690,36,0,36,726
10/24/2001,SJC,CA,AWP,WE,Combined TRACON& Tower with Radar,336,74,93,0,503,0,14,71,0,85,336,88,164,0,588,32,0,32,620
10/25/2001,SJC,CA,AWP,WE,Combined TRACON& Tower with Radar,386,87,110,0,583,0,24,103,0,127,386,111,213,0,710,18,0,18,728
10/26/2001,SJC,CA,AWP,WE,Combined TRACON& Tower with Radar,375,79,99,0,553,0,5,75,0,80,375,84,174,0,633,50,0,50,683
10/27/2001,SJC,CA,AWP,WE,Combined TRACON& Tower with Radar,339,38,89,0,466,10,0,41,1,52,349,38,130,1,518,8,0,8,526
10/28/2001,SJC,CA,AWP,WE,Combined TRACON& Tower with Radar,314,57,83,0,454,0,0,29,0,29,314,57,112,0,483,32,0,32,515
10/29/2001,SJC,CA,AWP,WE,Combined TRACON& Tower with Radar,343,72,90,0,505,13,8,33,1,55,356,80,123,1,560,74,0,74,634
10/30/2001,SJC,CA,AWP,WE,Combined TRACON& Tower with Radar,411,85,109,0,605,16,8,47,2,73,427,93,156,2,678,8,0,8,686
10/31/2001,SJC,CA,AWP,WE,Combined TRACON& Tower with Radar,379,80,100,0,559,5,12,65,0,82,384,92,165,0,641,98,0,98,739
11/01/2001,SJC,CA,AWP,WE,Combined TRACON& Tower with Radar,363,92,96,0,551,0,29,94,0,123,363,121,190,0,674,94,0,94,768
11/02/2001,SJC,CA,AWP,WE,Combined TRACON& Tower with Radar,522,118,124,0,764,13,1,107,0,121,535,119,231,0,885,126,0,126,1011
11/03/2001,SJC,CA,AWP,WE,Combined TRACON& Tower with Radar,250,38,60,0,348,36,0,59,0,95,286,38,119,0,443,138,0,138,581
11/04/2001,SJC,CA,AWP,WE,Combined TRACON& Tower with Radar,337,75,80,0,492,13,0,79,0,92,350,75,159,0,584,72,0,72,656
11/05/2001,SJC,CA,AWP,WE,Combined TRACON& Tower with Radar,333,76,82,2,493,0,8,87,0,95,333,84,169,2,588,26,0,26,614
11/06/2001,SJC,CA,AWP,WE,Combined TRACON& Tower with Radar,377,79,90,2,548,7,0,85,0,92,384,79,175,2,640,62,0,62,702
11/07/2001,SJC,CA,AWP,WE,Combined TRACON& Tower with Radar,355,79,89,0,523,0,0,95,0,95,355,79,184,0,618,10,0,10,628
11/08/2001,SJC,CA,AWP,WE,Combined TRACON& Tower with Radar,373,84,89,0,546,0,2,97,0,99,373,86,186,0,645,56,0,56,701
11/09/2001,SJC,CA,AWP,WE,Combined TRACON& Tower with Radar,324,55,82,0,461,0,0,34,0,34,324,55,116,0,495,86,0,86,581
11/10/2001,SJC,CA,AWP,WE,Combined TRACON& Tower with Radar,279,31,75,0,385,0,0,35,0,35,279,31,110,0,420,126,0,126,546
11/11/2001,SJC,CA,AWP,WE,Combined TRACON& Tower with Radar,323,65,77,0,465,18,0,31,0,49,341,65,108,0,514,70,0,70,584
11/12/2001,SJC,CA,AWP,WE,Combined TRACON& Tower with Radar,350,62,83,0,495,0,0,16,0,16,350,62,99,0,511,28,0,28,539
11/13/2001,SJC,CA,AWP,WE,Combined TRACON& Tower with Radar,383,87,93,0,563,0,0,73,0,73,383,87,166,0,636,56,0,56,692
11/14/2001,SJC,CA,AWP,WE,Combined TRACON& Tower with Radar,384,79,92,0,555,0,0,80,0,80,384,79,172,0,635,52,0,52,687
11/15/2001,SJC,CA,AWP,WE,Combined TRACON& Tower with Radar,386,91,97,0,574,0,11,72,0,83,386,102,169,0,657,54,0,54,711
11/16/2001,SJC,CA,AWP,WE,Combined TRACON& Tower with Radar,405,99,105,0,609,0,7,97,0,104,405,106,202,0,713,28,0,28,741
11/17/2001,SJC,CA,AWP,WE,Combined TRACON& Tower with Radar,294,65,69,0,428,0,0,31,0,31,294,65,100,0,459,96,0,96,555
11/18/2001,SJC,CA,AWP,WE,Combined TRACON& Tower with Radar,334,70,78,0,482,22,0,37,0,59,356,70,115,0,541,44,0,44,585
11/19/2001,SJC,CA,AWP,WE,Combined TRACON& Tower with Radar,374,48,88,0,510,0,0,49,0,49,374,48,137,0,559,54,0,54,613
11/20/2001,SJC,CA,AWP,WE,Combined TRACON& Tower with Radar,415,89,97,0,601,6,0,65,0,71,421,89,162,0,672,88,0,88,760
11/21/2001,SJC,CA,AWP,WE,Combined TRACON& Tower with Radar,398,101,109,1,609,0,0,45,28,73,398,101,154,29,682,0,0,0,682
11/22/2001,SJC,CA,AWP,WE,Combined TRACON& Tower with Radar,241,54,56,0,351,140,45,104,0,289,381,99,160,0,640,62,0,62,702
11/23/2001,SJC,CA,AWP,WE,Combined TRACON& Tower with Radar,279,63,65,0,407,12,2,53,0,67,291,65,118,0,474,112,0,112,586
11/24/2001,SJC,CA,AWP,WE,Combined TRACON& Tower with Radar,290,64,48,0,402,18,8,0,0,26,308,72,48,0,428,0,0,0,428
11/25/2001,SJC,CA,AWP,WE,Combined TRACON& Tower with Radar,350,79,83,0,512,0,8,52,0,60,350,87,135,0,572,80,0,80,652
11/26/2001,SJC,CA,AWP,WE,Combined TRACON& Tower with Radar,398,82,94,0,574,17,0,59,0,76,415,82,153,0,650,42,0,42,692
11/27/2001,SJC,CA,AWP,WE,Combined TRACON& Tower with Radar,353,78,84,1,516,27,2,88,0,117,380,80,172,1,633,112,0,112,745
11/28/2001,SJC,CA,AWP,WE,Combined TRACON& Tower with Radar,320,76,80,0,476,0,9,52,0,61,320,85,132,0,537,0,0,0,537
11/29/2001,SJC,CA,AWP,WE,Combined TRACON& Tower with Radar,411,92,98,1,602,0,19,34,0,53,411,111,132,1,655,28,0,28,683
11/30/2001,SJC,CA,AWP,WE,Combined TRACON& Tower with Radar,356,79,84,0,519,0,14,63,0,77,356,93,147,0,596,34,0,34,630
12/01/2001,SJC,CA,AWP,WE,Combined TRACON& Tower with Radar,302,47,61,0,410,4,0,0,0,4,306,47,61,0,414,0,0,0,414
12/02/2001,SJC,CA,AWP,WE,Combined TRACON& Tower with Radar,320,52,63,0,435,19,15,0,0,34,339,67,63,0,469,54,0,54,523
12/03/2001,SJC,CA,AWP,WE,Combined TRACON& Tower with Radar,376,66,85,0,527,0,17,28,1,46,376,83,113,1,573,104,0,104,677
12/04/2001,SJC,CA,AWP,WE,Combined TRACON& Tower with Radar,364,65,84,0,513,0,13,55,0,68,364,78,139,0,581,46,0,46,627
12/05/2001,SJC,CA,AWP,WE,Combined TRACON& Tower with Radar,358,63,82,0,503,0,17,52,2,71,358,80,134,2,574,10,0,10,584
12/06/2001,SJC,CA,AWP,WE,Combined TRACON& Tower with Radar,389,68,89,0,546,0,20,73,0,93,389,88,162,0,639,68,0,68,707
12/07/2001,SJC,CA,AWP,WE,Combined TRACON& Tower with Radar,342,56,73,0,471,5,18,73,1,97,347,74,146,1,568,68,0,68,636
12/08/2001,SJC,CA,AWP,WE,Combined TRACON& Tower with Radar,290,48,61,0,399,20,0,40,2,62,310,48,101,2,461,58,0,58,519
12/09/2001,SJC,CA,AWP,WE,Combined TRACON& Tower with Radar,325,44,69,0,438,19,0,33,0,52,344,44,102,0,490,110,0,110,600
12/10/2001,SJC,CA,AWP,WE,Combined TRACON& Tower with Radar,376,59,82,0,517,0,0,85,3,88,376,59,167,3,605,78,0,78,683
12/11/2001,SJC,CA,AWP,WE,Combined TRACON& Tower with Radar,368,65,84,0,517,0,22,89,0,111,368,87,173,0,628,42,0,42,670
12/12/2001,SJC,CA,AWP,WE,Combined TRACON& Tower with Radar,414,93,131,0,638,0,1,90,0,91,414,94,221,0,729,40,0,40,769
12/13/2001,SJC,CA,AWP,WE,Combined TRACON& Tower with Radar,400,92,119,0,611,0,2,95,0,97,400,94,214,0,708,86,0,86,794
12/14/2001,SJC,CA,AWP,WE,Combined TRACON& Tower with Radar,395,95,114,0,604,0,3,63,0,66,395,98,177,0,670,170,0,170,840
12/15/2001,SJC,CA,AWP,WE,Combined TRACON& Tower with Radar,302,36,66,0,404,0,0,146,0,146,302,36,212,0,550,198,0,198,748
12/16/2001,SJC,CA,AWP,WE,Combined TRACON& Tower with Radar,339,45,68,1,453,0,0,71,0,71,339,45,139,1,524,120,0,120,644
12/17/2001,SJC,CA,AWP,WE,Combined TRACON& Tower with Radar,368,65,122,0,555,0,0,35,0,35,368,65,157,0,590,40,0,40,630
12/18/2001,SJC,CA,AWP,WE,Combined TRACON& Tower with Radar,384,60,86,0,530,0,1,82,0,83,384,61,168,0,613,102,0,102,715
12/19/2001,SJC,CA,AWP,WE,Combined TRACON& Tower with Radar,344,40,92,0,476,0,4,93,0,97,344,44,185,0,573,62,0,62,635
12/20/2001,SJC,CA,AWP,WE,Combined TRACON& Tower with Radar,412,57,103,0,572,0,0,3,0,3,412,57,106,0,575,0,0,0,575
12/21/2001,SJC,CA,AWP,WE,Combined TRACON& Tower with Radar,372,62,84,0,518,0,0,88,0,88,372,62,172,0,606,118,0,118,724
12/22/2001,SJC,CA,AWP,WE,Combined TRACON& Tower with Radar,278,56,59,0,393,0,0,2,0,2,278,56,61,0,395,32,0,32,427
12/23/2001,SJC,CA,AWP,WE,Combined TRACON& Tower with Radar,278,39,63,0,380,0,0,69,0,69,278,39,132,0,449,4,0,4,453
12/24/2001,SJC,CA,AWP,WE,Combined TRACON& Tower with Radar,250,22,53,1,326,42,0,33,0,75,292,22,86,1,401,128,0,128,529
12/25/2001,SJC,CA,AWP,WE,Combined TRACON& Tower with Radar,221,23,20,0,264,40,0,0,0,40,261,23,20,0,304,26,0,26,330
12/26/2001,SJC,CA,AWP,WE,Combined TRACON& Tower with Radar,368,56,76,0,500,0,2,61,0,63,368,58,137,0,563,20,0,20,583
12/27/2001,SJC,CA,AWP,WE,Combined TRACON& Tower with Radar,374,52,81,0,507,16,0,46,0,62,390,52,127,0,569,18,0,18,587
12/28/2001,SJC,CA,AWP,WE,Combined TRACON& Tower with Radar,388,41,43,0,472,0,0,17,0,17,388,41,60,0,489,0,0,0,489
12/29/2001,SJC,CA,AWP,WE,Combined TRACON& Tower with Radar,303,31,65,0,399,0,2,36,0,38,303,33,101,0,437,86,0,86,523
12/30/2001,SJC,CA,AWP,WE,Combined TRACON& Tower with Radar,286,43,62,0,391,0,0,19,0,19,286,43,81,0,410,52,0,52,462
12/31/2001,SJC,CA,AWP,WE,Combined TRACON& Tower with Radar,293,26,63,0,382,54,0,10,0,64,347,26,73,0,446,108,0,108,554
01/01/2002,SJC,CA,AWP,WE,Combined TRACON& Tower with Radar,335,42,79,0,456,26,0,2,0,28,361,42,81,0,484,78,0,78,562
01/02/2002,SJC,CA,AWP,WE,Combined TRACON& Tower with Radar,334,33,67,0,434,0,4,9,0,13,334,37,76,0,447,32,0,32,479
01/03/2002,SJC,CA,AWP,WE,Combined TRACON& Tower with Radar,355,45,54,0,454,0,2,1,0,3,355,47,55,0,457,124,0,124,581
01/04/2002,SJC,CA,AWP,WE,Combined TRACON& Tower with Radar,373,58,70,0,501,0,3,98,0,101,373,61,168,0,602,50,0,50,652
01/05/2002,SJC,CA,AWP,WE,Combined TRACON& Tower with Radar,277,49,72,0,398,0,2,56,0,58,277,51,128,0,456,90,0,90,546
01/06/2002,SJC,CA,AWP,WE,Combined TRACON& Tower with Radar,320,44,75,0,439,4,0,61,0,65,324,44,136,0,504,64,0,64,568
01/07/2002,SJC,CA,AWP,WE,Combined TRACON& Tower with Radar,341,61,80,0,482,6,5,27,0,38,347,66,107,0,520,74,0,74,594
01/08/2002,SJC,CA,AWP,WE,Combined TRACON& Tower with Radar,382,73,97,0,552,0,22,66,0,88,382,95,163,0,640,46,0,46,686
01/09/2002,SJC,CA,AWP,WE,Combined TRACON& Tower with Radar,406,108,134,0,648,0,4,69,0,73,406,112,203,0,721,66,0,66,787
01/10/2002,SJC,CA,AWP,WE,Combined TRACON& Tower with Radar,370,75,107,0,552,0,2,89,0,91,370,77,196,0,643,70,0,70,713
01/11/2002,SJC,CA,AWP,WE,Combined TRACON& Tower with Radar,382,68,70,0,520,0,4,92,0,96,382,72,162,0,616,54,0,54,670
01/12/2002,SJC,CA,AWP,WE,Combined TRACON& Tower with Radar,279,36,75,2,392,0,2,27,0,29,279,38,102,2,421,50,0,50,471
01/13/2002,SJC,CA,AWP,WE,Combined TRACON& Tower with Radar,311,42,73,0,426,24,0,67,0,91,335,42,140,0,517,124,0,124,641
01/14/2002,SJC,CA,AWP,WE,Combined TRACON& Tower with Radar,395,56,82,0,533,0,2,28,0,30,395,58,110,0,563,48,0,48,611
01/15/2002,SJC,CA,AWP,WE,Combined TRACON& Tower with Radar,367,87,91,0,545,0,2,89,0,91,367,89,180,0,636,38,0,38,674
01/16/2002,SJC,CA,AWP,WE,Combined TRACON& Tower with Radar,394,68,100,0,562,0,7,89,0,96,394,75,189,0,658,114,0,114,772
01/17/2002,SJC,CA,AWP,WE,Combined TRACON& Tower with Radar,386,88,102,0,576,0,2,78,0,80,386,90,180,0,656,74,0,74,730
01/18/2002,SJC,CA,AWP,WE,Combined TRACON& Tower with Radar,370,71,89,2,532,0,9,141,1,151,370,80,230,3,683,68,0,68,751
01/19/2002,SJC,CA,AWP,WE,Combined TRACON& Tower with Radar,263,28,41,0,332,0,2,92,0,94,263,30,133,0,426,24,0,24,450
01/20/2002,SJC,CA,AWP,WE,Combined TRACON& Tower with Radar,306,41,73,0,420,24,0,89,0,113,330,41,162,0,533,84,0,84,617
01/21/2002,SJC,CA,AWP,WE,Combined TRACON& Tower with Radar,373,77,101,0,551,0,5,36,2,43,373,82,137,2,594,11,0,11,605
01/22/2002,SJC,CA,AWP,WE,Combined TRACON& Tower with Radar,369,70,108,0,547,0,2,89,0,91,369,72,197,0,638,18,0,18,656
01/23/2002,SJC,CA,AWP,WE,Combined TRACON& Tower with Radar,391,85,133,0,609,0,3,121,0,124,391,88,254,0,733,26,0,26,759
01/24/2002,SJC,CA,AWP,WE,Combined TRACON& Tower with Radar,368,81,101,0,550,0,2,100,2,104,368,83,201,2,654,68,0,68,722
01/25/2002,SJC,CA,AWP,WE,Combined TRACON& Tower with Radar,327,51,61,0,439,0,3,88,0,91,327,54,149,0,530,38,0,38,568
01/26/2002,SJC,CA,AWP,WE,Combined TRACON& Tower with Radar,251,40,55,0,346,15,0,0,0,15,266,40,55,0,361,0,0,0,361
01/27/2002,SJC,CA,AWP,WE,Combined TRACON& Tower with Radar,301,42,72,0,415,23,0,45,0,68,324,42,117,0,483,100,0,100,583
01/28/2002,SJC,CA,AWP,WE,Combined TRACON& Tower with Radar,341,78,67,0,486,0,2,19,0,21,341,80,86,0,507,4,0,4,511
01/29/2002,SJC,CA,AWP,WE,Combined TRACON& Tower with Radar,353,77,83,0,513,0,2,66,0,68,353,79,149,0,581,48,0,48,629
01/30/2002,SJC,CA,AWP,WE,Combined TRACON& Tower with Radar,383,73,88,0,544,0,2,93,0,95,383,75,181,0,639,48,0,48,687
01/31/2002,SJC,CA,AWP,WE,Combined TRACON& Tower with Radar,379,112,97,0,588,0,2,142,0,144,379,114,239,0,732,90,0,90,822
02/01/2002,SJC,CA,AWP,WE,Combined TRACON& Tower with Radar,355,74,83,0,512,0,3,78,0,81,355,77,161,0,593,82,0,82,675
02/02/2002,SJC,CA,AWP,WE,Combined TRACON& Tower with Radar,278,31,32,0,341,0,1,86,0,87,278,32,118,0,428,100,0,100,528
02/03/2002,SJC,CA,AWP,WE,Combined TRACON& Tower with Radar,312,62,73,0,447,6,0,42,0,48,318,62,115,0,495,28,0,28,523
02/04/2002,SJC,CA,AWP,WE,Combined TRACON& Tower with Radar,367,75,87,0,529,4,2,84,9,99,371,77,171,9,628,44,0,44,672
02/05/2002,SJC,CA,AWP,WE,Combined TRACON& Tower with Radar,393,102,111,0,606,0,2,105,0,107,393,104,216,0,713,36,0,36,749
02/06/2002,SJC,CA,AWP,WE,Combined TRACON& Tower with Radar,371,79,97,0,547,0,1,122,0,123,371,80,219,0,670,44,0,44,714
02/07/2002,SJC,CA,AWP,WE,Combined TRACON& Tower with Radar,362,92,141,0,595,0,2,44,0,46,362,94,185,0,641,50,0,50,691
02/08/2002,SJC,CA,AWP,WE,Combined TRACON& Tower with Radar,380,67,90,0,537,8,0,122,2,132,388,67,212,2,669,16,0,16,685
02/09/2002,SJC,CA,AWP,WE,Combined TRACON& Tower with Radar,274,39,61,0,374,64,0,72,0,136,338,39,133,0,510,72,0,72,582
02/10/2002,SJC,CA,AWP,WE,Combined TRACON& Tower with Radar,299,39,70,0,408,39,0,63,0,102,338,39,133,0,510,72,0,72,582
02/11/2002,SJC,CA,AWP,WE,Combined TRACON& Tower with Radar,348,76,90,0,514,0,0,52,0,52,348,76,142,0,566,62,0,62,628
02/12/2002,SJC,CA,AWP,WE,Combined TRACON& Tower with Radar,360,73,85,0,518,26,2,82,2,112,386,75,167,2,630,38,0,38,668
02/13/2002,SJC,CA,AWP,WE,Combined TRACON& Tower with Radar,409,73,104,2,588,0,2,70,0,72,409,75,174,2,660,34,0,34,694
02/14/2002,SJC,CA,AWP,WE,Combined TRACON& Tower with Radar,360,74,86,0,520,0,13,76,0,89,360,87,162,0,609,102,0,102,711
02/15/2002,SJC,CA,AWP,WE,Combined TRACON& Tower with Radar,370,90,138,0,598,0,2,74,0,76,370,92,212,0,674,60,0,60,734
02/16/2002,SJC,CA,AWP,WE,Combined TRACON& Tower with Radar,261,77,60,0,398,0,2,69,0,71,261,79,129,0,469,122,0,122,591
02/17/2002,SJC,CA,AWP,WE,Combined TRACON& Tower with Radar,301,48,70,0,419,28,0,15,0,43,329,48,85,0,462,88,0,88,550
02/18/2002,SJC,CA,AWP,WE,Combined TRACON& Tower with Radar,364,53,86,0,503,31,0,41,0,72,395,53,127,0,575,0,0,0,575
02/19/2002,SJC,CA,AWP,WE,Combined TRACON& Tower with Radar,403,90,137,0,630,0,13,52,0,65,403,103,189,0,695,0,0,0,695
02/20/2002,SJC,CA,AWP,WE,Combined TRACON& Tower with Radar,377,65,85,0,527,0,2,78,0,80,377,67,163,0,607,26,0,26,633
02/21/2002,SJC,CA,AWP,WE,Combined TRACON& Tower with Radar,375,100,110,0,585,0,1,103,1,105,375,101,213,1,690,56,0,56,746
02/22/2002,SJC,CA,AWP,WE,Combined TRACON& Tower with Radar,339,68,80,0,487,15,9,103,2,129,354,77,183,2,616,48,0,48,664
02/23/2002,SJC,CA,AWP,WE,Combined TRACON& Tower with Radar,285,72,75,0,432,0,1,78,0,79,285,73,153,0,511,42,0,42,553
02/24/2002,SJC,CA,AWP,WE,Combined TRACON& Tower with Radar,310,67,77,0,454,0,9,101,0,110,310,76,178,0,564,28,0,28,592
02/25/2002,SJC,CA,AWP,WE,Combined TRACON& Tower with Radar,360,75,86,0,521,0,10,97,0,107,360,85,183,0,628,44,0,44,672
02/26/2002,SJC,CA,AWP,WE,Combined TRACON& Tower with Radar,357,58,78,0,493,0,2,130,0,132,357,60,208,0,625,54,0,54,679
02/27/2002,SJC,CA,AWP,WE,Combined TRACON& Tower with Radar,425,107,97,0,629,0,2,112,0,114,425,109,209,0,743,46,0,46,789
02/28/2002,SJC,CA,AWP,WE,Combined TRACON& Tower with Radar,387,83,96,0,566,0,18,136,0,154,387,101,232,0,720,46,0,46,766
03/01/2002,SJC,CA,AWP,WE,Combined TRACON& Tower with Radar,381,111,82,0,574,2,0,91,0,93,383,111,173,0,667,10,0,10,677
03/02/2002,SJC,CA,AWP,WE,Combined TRACON& Tower with Radar,252,49,33,0,334,2,0,83,0,85,254,49,116,0,419,74,0,74,493
03/03/2002,SJC,CA,AWP,WE,Combined TRACON& Tower with Radar,316,81,77,0,474,0,6,101,0,107,316,87,178,0,581,48,0,48,629
03/04/2002,SJC,CA,AWP,WE,Combined TRACON& Tower with Radar,384,97,94,0,575,0,0,103,0,103,384,97,197,0,678,14,0,14,692
03/05/2002,SJC,CA,AWP,WE,Combined TRACON& Tower with Radar,373,96,92,0,561,0,20,82,0,102,373,116,174,0,663,54,0,54,717
03/06/2002,SJC,CA,AWP,WE,Combined TRACON& Tower with Radar,363,86,91,0,540,1,8,27,0,36,364,94,118,0,576,8,0,8,584
03/07/2002,SJC,CA,AWP,WE,Combined TRACON& Tower with Radar,364,82,94,0,540,1,0,37,0,38,365,82,131,0,578,24,0,24,602
03/08/2002,SJC,CA,AWP,WE,Combined TRACON& Tower with Radar,369,91,72,1,533,1,2,135,0,138,370,93,207,1,671,40,0,40,711
03/09/2002,SJC,CA,AWP,WE,Combined TRACON& Tower with Radar,245,60,29,0,334,1,0,67,0,68,246,60,96,0,402,32,0,32,434
03/10/2002,SJC,CA,AWP,WE,Combined TRACON& Tower with Radar,292,51,69,0,412,23,0,15,0,38,315,51,84,0,450,50,0,50,500
03/11/2002,SJC,CA,AWP,WE,Combined TRACON& Tower with Radar,340,84,80,0,504,6,4,65,0,75,346,88,145,0,579,14,0,14,593
03/12/2002,SJC,CA,AWP,WE,Combined TRACON& Tower with Radar,374,96,92,0,562,0,8,37,0,45,374,104,129,0,607,14,0,14,621
03/13/2002,SJC,CA,AWP,WE,Combined TRACON& Tower with Radar,414,89,89,0,592,1,0,77,0,78,415,89,166,0,670,2,0,2,672
03/14/2002,SJC,CA,AWP,WE,Combined TRACON& Tower with Radar,363,122,99,0,584,1,2,102,0,105,364,124,201,0,689,40,0,40,729
03/15/2002,SJC,CA,AWP,WE,Combined TRACON& Tower with Radar,369,96,92,0,557,0,5,5,0,10,369,101,97,0,567,62,2,64,631
03/16/2002,SJC,CA,AWP,WE,Combined TRACON& Tower with Radar,272,67,51,0,390,1,0,34,0,35,273,67,85,0,425,2,0,2,427
03/17/2002,SJC,CA,AWP,WE,Combined TRACON& Tower with Radar,304,82,78,0,464,0,23,8,1,32,304,105,86,1,496,32,0,32,528
03/18/2002,SJC,CA,AWP,WE,Combined TRACON& Tower with Radar,342,84,81,0,507,29,3,41,0,73,371,87,122,0,580,14,0,14,594
03/19/2002,SJC,CA,AWP,WE,Combined TRACON& Tower with Radar,351,80,77,0,508,1,0,85,0,86,352,80,162,0,594,18,0,18,612
03/20/2002,SJC,CA,AWP,WE,Combined TRACON& Tower with Radar,370,86,86,0,542,1,0,94,0,95,371,86,180,0,637,18,0,18,655
03/21/2002,SJC,CA,AWP,WE,Combined TRACON& Tower with Radar,408,78,114,0,600,1,1,82,0,84,409,79,196,0,684,0,0,0,684
03/22/2002,SJC,CA,AWP,WE,Combined TRACON& Tower with Radar,335,81,82,0,498,0,0,16,1,17,335,81,98,1,515,14,0,14,529
03/23/2002,SJC,CA,AWP,WE,Combined TRACON& Tower with Radar,281,74,55,0,410,1,0,27,0,28,282,74,82,0,438,64,0,64,502
03/24/2002,SJC,CA,AWP,WE,Combined TRACON& Tower with Radar,301,68,72,0,441,0,0,60,0,60,301,68,132,0,501,12,0,12,513
03/25/2002,SJC,CA,AWP,WE,Combined TRACON& Tower with Radar,386,98,88,0,572,1,1,84,0,86,387,99,172,0,658,40,0,40,698
03/26/2002,SJC,CA,AWP,WE,Combined TRACON& Tower with Radar,407,108,82,0,597,1,2,80,0,83,408,110,162,0,680,26,0,26,706
03/27/2002,SJC,CA,AWP,WE,Combined TRACON& Tower with Radar,360,63,98,0,521,1,0,81,0,82,361,63,179,0,603,8,0,8,611
03/28/2002,SJC,CA,AWP,WE,Combined TRACON& Tower with Radar,366,101,142,0,609,1,1,124,0,126,367,102,266,0,735,30,0,30,765
03/29/2002,SJC,CA,AWP,WE,Combined TRACON& Tower with Radar,364,90,86,0,540,1,0,130,0,131,365,90,216,0,671,46,0,46,717
03/30/2002,SJC,CA,AWP,WE,Combined TRACON& Tower with Radar,260,69,60,0,389,1,1,64,0,66,261,70,124,0,455,48,0,48,503
03/31/2002,SJC,CA,AWP,WE,Combined TRACON& Tower with Radar,275,46,64,0,385,34,0,61,0,95,309,46,125,0,480,66,0,66,546
04/01/2002,SJC,CA,AWP,WE,Combined TRACON& Tower with Radar,393,64,86,0,543,8,0,91,0,99,401,64,177,0,642,16,0,16,658
04/02/2002,SJC,CA,AWP,WE,Combined TRACON& Tower with Radar,342,73,76,0,491,0,0,64,0,64,342,73,140,0,555,32,0,32,587
04/03/2002,SJC,CA,AWP,WE,Combined TRACON& Tower with Radar,438,102,93,0,633,0,5,43,0,48,438,107,136,0,681,28,0,28,709
04/04/2002,SJC,CA,AWP,WE,Combined TRACON& Tower with Radar,379,101,145,0,625,0,2,50,1,53,379,103,195,1,678,28,0,28,706
04/05/2002,SJC,CA,AWP,WE,Combined TRACON& Tower with Radar,374,72,79,0,525,0,4,56,0,60,374,76,135,0,585,18,0,18,603
04/06/2002,SJC,CA,AWP,WE,Combined TRACON& Tower with Radar,254,58,52,0,364,0,1,47,0,48,254,59,99,0,412,24,0,24,436
04/07/2002,SJC,CA,AWP,WE,Combined TRACON& Tower with Radar,311,54,68,0,433,17,0,60,1,78,328,54,128,1,511,36,0,36,547
04/08/2002,SJC,CA,AWP,WE,Combined TRACON& Tower with Radar,396,78,88,0,562,25,0,5,0,30,421,78,93,0,592,12,0,12,604
04/09/2002,SJC,CA,AWP,WE,Combined TRACON& Tower with Radar,464,115,117,0,696,0,3,46,1,50,464,118,163,1,746,4,0,4,750
04/10/2002,SJC,CA,AWP,WE,Combined TRACON& Tower with Radar,347,78,105,0,530,0,1,95,2,98,347,79,200,2,628,58,0,58,686
04/11/2002,SJC,CA,AWP,WE,Combined TRACON& Tower with Radar,355,85,76,0,516,0,5,107,0,112,355,90,183,0,628,28,0,28,656
04/12/2002,SJC,CA,AWP,WE,Combined TRACON& Tower with Radar,383,106,97,0,586,0,1,98,0,99,383,107,195,0,685,70,0,70,755
04/13/2002,SJC,CA,AWP,WE,Combined TRACON& Tower with Radar,269,62,47,0,378,0,1,74,0,75,269,63,121,0,453,18,0,18,471
04/14/2002,SJC,CA,AWP,WE,Combined TRACON& Tower with Radar,332,65,73,0,470,0,1,73,0,74,332,66,146,0,544,20,0,20,564
04/15/2002,SJC,CA,AWP,WE,Combined TRACON& Tower with Radar,428,79,82,0,589,0,1,55,0,56,428,80,137,0,645,4,0,4,649
04/16/2002,SJC,CA,AWP,WE,Combined TRACON& Tower with Radar,377,86,85,0,548,0,0,55,0,55,377,86,140,0,603,10,0,10,613
04/17/2002,SJC,CA,AWP,WE,Combined TRACON& Tower with Radar,387,99,96,0,582,0,3,77,0,80,387,102,173,0,662,98,0,98,760
04/18/2002,SJC,CA,AWP,WE,Combined TRACON& Tower with Radar,365,84,83,0,532,0,22,105,0,127,365,106,188,0,659,50,0,50,709
04/19/2002,SJC,CA,AWP,WE,Combined TRACON& Tower with Radar,372,75,74,0,521,0,2,112,0,114,372,77,186,0,635,40,0,40,675
04/20/2002,SJC,CA,AWP,WE,Combined TRACON& Tower with Radar,243,53,48,0,344,0,2,61,0,63,243,55,109,0,407,52,0,52,459
04/21/2002,SJC,CA,AWP,WE,Combined TRACON& Tower with Radar,319,68,70,0,457,13,0,63,0,76,332,68,133,0,533,20,0,20,553
04/22/2002,SJC,CA,AWP,WE,Combined TRACON& Tower with Radar,352,79,77,0,508,35,0,39,0,74,387,79,116,0,582,32,0,32,614
04/23/2002,SJC,CA,AWP,WE,Combined TRACON& Tower with Radar,414,71,90,0,575,0,1,102,0,103,414,72,192,0,678,12,0,12,690
04/24/2002,SJC,CA,AWP,WE,Combined TRACON& Tower with Radar,351,93,74,0,518,0,0,80,0,80,351,93,154,0,598,2,0,2,600
04/25/2002,SJC,CA,AWP,WE,Combined TRACON& Tower with Radar,377,111,93,0,581,0,1,82,0,83,377,112,175,0,664,24,0,24,688
04/26/2002,SJC,CA,AWP,WE,Combined TRACON& Tower with Radar,386,95,91,0,572,0,14,32,2,48,386,109,123,2,620,24,0,24,644
04/27/2002,SJC,CA,AWP,WE,Combined TRACON& Tower with Radar,257,60,44,0,361,0,0,41,0,41,257,60,85,0,402,70,0,70,472
04/28/2002,SJC,CA,AWP,WE,Combined TRACON& Tower with Radar,323,51,64,0,438,0,4,44,3,51,323,55,108,3,489,18,0,18,507
04/29/2002,SJC,CA,AWP,WE,Combined TRACON& Tower with Radar,328,79,77,0,484,0,25,36,0,61,328,104,113,0,545,6,0,6,551
04/30/2002,SJC,CA,AWP,WE,Combined TRACON& Tower with Radar,353,101,78,0,532,0,0,41,0,41,353,101,119,0,573,18,0,18,591
05/01/2002,SJC,CA,AWP,WE,Combined TRACON& Tower with Radar,357,95,85,0,537,0,6,78,0,84,357,101,163,0,621,30,0,30,651
05/02/2002,SJC,CA,AWP,WE,Combined TRACON& Tower with Radar,380,80,79,0,539,0,7,89,0,96,380,87,168,0,635,28,0,28,663
05/03/2002,SJC,CA,AWP,WE,Combined TRACON& Tower with Radar,388,87,82,0,557,0,22,61,0,83,388,109,143,0,640,30,0,30,670
05/04/2002,SJC,CA,AWP,WE,Combined TRACON& Tower with Radar,246,44,49,0,339,0,4,78,0,82,246,48,127,0,421,28,0,28,449
05/05/2002,SJC,CA,AWP,WE,Combined TRACON& Tower with Radar,313,36,64,0,413,29,0,89,0,118,342,36,153,0,531,64,0,64,595
05/06/2002,SJC,CA,AWP,WE,Combined TRACON& Tower with Radar,385,72,80,0,537,19,0,57,0,76,404,72,137,0,613,94,0,94,707
05/07/2002,SJC,CA,AWP,WE,Combined TRACON& Tower with Radar,350,59,71,0,480,27,0,97,1,125,377,59,168,1,605,38,0,38,643
05/08/2002,SJC,CA,AWP,WE,Combined TRACON& Tower with Radar,387,76,63,0,526,0,4,122,0,126,387,80,185,0,652,8,0,8,660
05/09/2002,SJC,CA,AWP,WE,Combined TRACON& Tower with Radar,368,80,86,0,534,0,6,120,0,126,368,86,206,0,660,8,0,8,668
05/10/2002,SJC,CA,AWP,WE,Combined TRACON& Tower with Radar,385,101,87,0,573,0,5,107,0,112,385,106,194,0,685,56,0,56,741
05/11/2002,SJC,CA,AWP,WE,Combined TRACON& Tower with Radar,254,60,50,0,364,0,3,62,0,65,254,63,112,0,429,26,0,26,455
05/12/2002,SJC,CA,AWP,WE,Combined TRACON& Tower with Radar,318,69,65,0,452,0,0,4,0,4,318,69,69,0,456,120,0,120,576
05/13/2002,SJC,CA,AWP,WE,Combined TRACON& Tower with Radar,349,79,73,0,501,0,15,88,3,106,349,94,161,3,607,50,0,50,657
05/14/2002,SJC,CA,AWP,WE,Combined TRACON& Tower with Radar,364,90,95,0,549,0,5,91,0,96,364,95,186,0,645,32,0,32,677
05/15/2002,SJC,CA,AWP,WE,Combined TRACON& Tower with Radar,404,107,68,0,579,0,6,133,0,139,404,113,201,0,718,8,0,8,726
05/16/2002,SJC,CA,AWP,WE,Combined TRACON& Tower with Radar,393,84,80,0,557,0,5,92,0,97,393,89,172,0,654,42,0,42,696
05/17/2002,SJC,CA,AWP,WE,Combined TRACON& Tower with Radar,370,109,96,1,576,0,3,101,0,104,370,112,197,1,680,20,0,20,700
05/18/2002,SJC,CA,AWP,WE,Combined TRACON& Tower with Radar,248,42,46,0,336,0,4,95,0,99,248,46,141,0,435,26,0,26,461
05/19/2002,SJC,CA,AWP,WE,Combined TRACON& Tower with Radar,291,57,61,0,409,0,0,34,0,34,291,57,95,0,443,32,0,32,475
05/20/2002,SJC,CA,AWP,WE,Combined TRACON& Tower with Radar,371,78,78,0,527,0,0,59,0,59,371,78,137,0,586,62,0,62,648
05/21/2002,SJC,CA,AWP,WE,Combined TRACON& Tower with Radar,356,99,96,0,551,0,3,59,1,63,356,102,155,1,614,0,0,0,614
05/22/2002,SJC,CA,AWP,WE,Combined TRACON& Tower with Radar,375,88,81,0,544,0,7,84,0,91,375,95,165,0,635,18,0,18,653
05/23/2002,SJC,CA,AWP,WE,Combined TRACON& Tower with Radar,365,102,98,0,565,0,4,116,0,120,365,106,214,0,685,8,0,8,693
05/24/2002,SJC,CA,AWP,WE,Combined TRACON& Tower with Radar,374,109,75,0,558,0,5,117,0,122,374,114,192,0,680,18,0,18,698
05/25/2002,SJC,CA,AWP,WE,Combined TRACON& Tower with Radar,269,47,30,2,348,0,3,59,0,62,269,50,89,2,410,18,0,18,428
05/26/2002,SJC,CA,AWP,WE,Combined TRACON& Tower with Radar,260,51,53,0,364,22,0,41,0,63,282,51,94,0,427,6,0,6,433
05/27/2002,SJC,CA,AWP,WE,Combined TRACON& Tower with Radar,315,69,64,0,448,0,1,77,0,78,315,70,141,0,526,6,0,6,532
05/28/2002,SJC,CA,AWP,WE,Combined TRACON& Tower with Radar,372,83,77,0,532,0,3,66,2,71,372,86,143,2,603,2,0,2,605
05/29/2002,SJC,CA,AWP,WE,Combined TRACON& Tower with Radar,357,89,110,0,556,0,5,113,0,118,357,94,223,0,674,16,0,16,690
05/30/2002,SJC,CA,AWP,WE,Combined TRACON& Tower with Radar,350,65,72,1,488,21,0,87,1,109,371,65,159,2,597,14,0,14,611
05/31/2002,SJC,CA,AWP,WE,Combined TRACON& Tower with Radar,402,91,80,0,573,0,7,99,0,106,402,98,179,0,679,38,0,38,717
06/01/2002,SJC,CA,AWP,WE,Combined TRACON& Tower with Radar,224,48,39,0,311,26,1,32,2,61,250,49,71,2,372,64,0,64,436
06/02/2002,SJC,CA,AWP,WE,Combined TRACON& Tower with Radar,300,68,56,0,424,0,4,105,2,111,300,72,161,2,535,102,0,102,637
06/03/2002,SJC,CA,AWP,WE,Combined TRACON& Tower with Radar,359,84,69,0,512,0,23,60,2,85,359,107,129,2,597,6,0,6,603
06/04/2002,SJC,CA,AWP,WE,Combined TRACON& Tower with Radar,374,105,91,0,570,0,1,98,0,99,374,106,189,0,669,46,0,46,715
06/05/2002,SJC,CA,AWP,WE,Combined TRACON& Tower with Radar,378,79,67,0,524,15,0,99,0,114,393,79,166,0,638,52,0,52,690
06/06/2002,SJC,CA,AWP,WE,Combined TRACON& Tower with Radar,380,85,88,0,553,0,3,66,0,69,380,88,154,0,622,40,0,40,662
06/07/2002,SJC,CA,AWP,WE,Combined TRACON& Tower with Radar,375,101,54,0,530,0,4,101,0,105,375,105,155,0,635,16,0,16,651
06/08/2002,SJC,CA,AWP,WE,Combined TRACON& Tower with Radar,310,54,45,0,409,0,4,92,0,96,310,58,137,0,505,52,0,52,557
06/09/2002,SJC,CA,AWP,WE,Combined TRACON& Tower with Radar,346,65,62,0,473,27,0,60,0,87,373,65,122,0,560,0,24,24,584
06/10/2002,SJC,CA,AWP,WE,Combined TRACON& Tower with Radar,340,75,62,0,477,0,20,62,0,82,340,95,124,0,559,0,0,0,559
06/11/2002,SJC,CA,AWP,WE,Combined TRACON& Tower with Radar,393,83,71,0,547,0,1,81,0,82,393,84,152,0,629,30,0,30,659
06/12/2002,SJC,CA,AWP,WE,Combined TRACON& Tower with Radar,415,78,97,1,591,0,2,109,0,111,415,80,206,1,702,22,0,22,724
06/13/2002,SJC,CA,AWP,WE,Combined TRACON& Tower with Radar,379,105,72,0,556,0,0,75,0,75,379,105,147,0,631,8,0,8,639
06/14/2002,SJC,CA,AWP,WE,Combined TRACON& Tower with Radar,389,97,88,0,574,0,0,97,0,97,389,97,185,0,671,20,0,20,691
06/15/2002,SJC,CA,AWP,WE,Combined TRACON& Tower with Radar,346,52,30,0,428,0,0,91,0,91,346,52,121,0,519,74,0,74,593
06/16/2002,SJC,CA,AWP,WE,Combined TRACON& Tower with Radar,369,64,66,0,499,9,0,111,0,120,378,64,177,0,619,48,0,48,667
06/17/2002,SJC,CA,AWP,WE,Combined TRACON& Tower with Radar,387,77,69,0,533,21,0,74,0,95,408,77,143,0,628,12,0,12,640
06/18/2002,SJC,CA,AWP,WE,Combined TRACON& Tower with Radar,399,89,74,0,562,0,26,101,0,127,399,115,175,0,689,0,0,0,689
06/19/2002,SJC,CA,AWP,WE,Combined TRACON& Tower with Radar,401,98,90,0,589,0,1,113,0,114,401,99,203,0,703,26,0,26,729
06/20/2002,SJC,CA,AWP,WE,Combined TRACON& Tower with Radar,377,110,75,0,562,0,0,101,0,101,377,110,176,0,663,80,0,80,743
06/21/2002,SJC,CA,AWP,WE,Combined TRACON& Tower with Radar,411,105,116,1,633,0,1,102,0,103,411,106,218,1,736,14,0,14,750
06/22/2002,SJC,CA,AWP,WE,Combined TRACON& Tower with Radar,296,39,39,1,375,0,1,47,0,48,296,40,86,1,423,10,0,10,433
06/23/2002,SJC,CA,AWP,WE,Combined TRACON& Tower with Radar,349,57,63,0,469,11,0,74,0,85,360,57,137,0,554,36,0,36,590
06/24/2002,SJC,CA,AWP,WE,Combined TRACON& Tower with Radar,380,82,69,0,531,0,0,86,0,86,380,82,155,0,617,50,0,50,667
06/25/2002,SJC,CA,AWP,WE,Combined TRACON& Tower with Radar,367,76,69,1,513,0,0,92,0,92,367,76,161,1,605,22,0,22,627
06/26/2002,SJC,CA,AWP,WE,Combined TRACON& Tower with Radar,382,60,93,0,535,0,0,102,0,102,382,60,195,0,637,6,0,6,643
06/27/2002,SJC,CA,AWP,WE,Combined TRACON& Tower with Radar,402,90,74,0,566,0,0,102,0,102,402,90,176,0,668,14,0,14,682
06/28/2002,SJC,CA,AWP,WE,Combined TRACON& Tower with Radar,396,100,71,0,567,0,0,96,0,96,396,100,167,0,663,54,0,54,717
06/29/2002,SJC,CA,AWP,WE,Combined TRACON& Tower with Radar,285,54,27,0,366,0,0,85,1,86,285,54,112,1,452,20,0,20,472
06/30/2002,SJC,CA,AWP,WE,Combined TRACON& Tower with Radar,344,59,28,0,431,0,0,83,0,83,344,59,111,0,514,4,0,4,518
07/01/2002,SJC,CA,AWP,WE,Combined TRACON& Tower with Radar,368,82,54,0,504,0,0,84,0,84,368,82,138,0,588,8,0,8,596
07/02/2002,SJC,CA,AWP,WE,Combined TRACON& Tower with Radar,369,87,73,0,529,0,0,121,0,121,369,87,194,0,650,12,0,12,662
07/03/2002,SJC,CA,AWP,WE,Combined TRACON& Tower with Radar,387,90,58,0,535,0,7,124,0,131,387,97,182,0,666,40,0,40,706
07/04/2002,SJC,CA,AWP,WE,Combined TRACON& Tower with Radar,289,42,16,0,347,0,0,44,0,44,289,42,60,0,391,40,0,40,431
07/05/2002,SJC,CA,AWP,WE,Combined TRACON& Tower with Radar,337,46,18,2,403,0,0,79,0,79,337,46,97,2,482,30,0,30,512
07/06/2002,SJC,CA,AWP,WE,Combined TRACON& Tower with Radar,301,49,33,0,383,0,0,83,0,83,301,49,116,0,466,46,0,46,512
07/07/2002,SJC,CA,AWP,WE,Combined TRACON& Tower with Radar,332,74,48,0,454,0,15,97,2,114,332,89,145,2,568,84,0,84,652
07/08/2002,SJC,CA,AWP,WE,Combined TRACON& Tower with Radar,367,83,54,0,504,0,20,80,0,100,367,103,134,0,604,12,0,12,616
07/09/2002,SJC,CA,AWP,WE,Combined TRACON& Tower with Radar,372,70,54,0,496,0,0,125,0,125,372,70,179,0,621,2,0,2,623
07/10/2002,SJC,CA,AWP,WE,Combined TRACON& Tower with Radar,402,82,80,0,564,0,1,100,0,101,402,83,180,0,665,0,0,0,665
07/11/2002,SJC,CA,AWP,WE,Combined TRACON& Tower with Radar,399,103,70,0,572,0,1,135,0,136,399,104,205,0,708,38,0,38,746
07/12/2002,SJC,CA,AWP,WE,Combined TRACON& Tower with Radar,373,85,56,0,514,0,5,107,0,112,373,90,163,0,626,60,0,60,686
07/13/2002,SJC,CA,AWP,WE,Combined TRACON& Tower with Radar,298,61,43,0,402,0,0,60,0,60,298,61,103,0,462,48,0,48,510
07/14/2002,SJC,CA,AWP,WE,Combined TRACON& Tower with Radar,342,67,49,0,458,0,0,102,0,102,342,67,151,0,560,34,0,34,594
07/15/2002,SJC,CA,AWP,WE,Combined TRACON& Tower with Radar,368,86,58,0,512,0,8,120,3,131,368,94,178,3,643,26,0,26,669
07/16/2002,SJC,CA,AWP,WE,Combined TRACON& Tower with Radar,369,96,87,0,552,0,0,101,0,101,369,96,188,0,653,36,0,36,689
07/17/2002,SJC,CA,AWP,WE,Combined TRACON& Tower with Radar,365,71,67,0,503,0,0,108,0,108,365,71,175,0,611,46,0,46,657
07/18/2002,SJC,CA,AWP,WE,Combined TRACON& Tower with Radar,387,108,92,0,587,0,1,98,0,99,387,109,190,0,686,12,0,12,698
07/19/2002,SJC,CA,AWP,WE,Combined TRACON& Tower with Radar,399,115,81,0,595,0,1,138,0,139,399,116,219,0,734,24,0,24,758
07/20/2002,SJC,CA,AWP,WE,Combined TRACON& Tower with Radar,294,47,31,0,372,0,1,69,2,72,294,48,100,2,444,8,0,8,452
07/21/2002,SJC,CA,AWP,WE,Combined TRACON& Tower with Radar,303,68,44,0,415,0,3,79,0,82,303,71,123,0,497,6,0,6,503
07/22/2002,SJC,CA,AWP,WE,Combined TRACON& Tower with Radar,345,75,50,0,470,21,0,53,0,74,366,75,103,0,544,0,0,0,544
07/23/2002,SJC,CA,AWP,WE,Combined TRACON& Tower with Radar,383,84,75,0,542,0,0,101,0,101,383,84,176,0,643,48,0,48,691
07/24/2002,SJC,CA,AWP,WE,Combined TRACON& Tower with Radar,392,86,68,0,546,0,0,86,0,86,392,86,154,0,632,8,0,8,640
07/25/2002,SJC,CA,AWP,WE,Combined TRACON& Tower with Radar,360,80,56,0,496,0,0,113,0,113,360,80,169,0,609,20,0,20,629
07/26/2002,SJC,CA,AWP,WE,Combined TRACON& Tower with Radar,368,87,63,1,519,0,0,86,0,86,368,87,149,1,605,0,0,0,605
07/27/2002,SJC,CA,AWP,WE,Combined TRACON& Tower with Radar,314,60,0,0,374,0,1,0,0,1,314,61,0,0,375,0,0,0,375
07/28/2002,SJC,CA,AWP,WE,Combined TRACON& Tower with Radar,275,45,39,0,359,61,0,29,0,90,336,45,68,0,449,0,0,0,449
07/29/2002,SJC,CA,AWP,WE,Combined TRACON& Tower with Radar,335,67,48,0,450,42,0,23,0,65,377,67,71,0,515,78,0,78,593
07/30/2002,SJC,CA,AWP,WE,Combined TRACON& Tower with Radar,333,74,48,0,455,31,9,27,2,69,364,83,75,2,524,6,0,6,530
07/31/2002,SJC,CA,AWP,WE,Combined TRACON& Tower with Radar,407,92,70,1,570,0,0,103,0,103,407,92,173,1,673,22,0,22,695
08/01/2002,SJC,CA,AWP,WE,Combined TRACON& Tower with Radar,381,88,58,0,527,0,0,108,0,108,381,88,166,0,635,34,0,34,669
08/02/2002,SJC,CA,AWP,WE,Combined TRACON& Tower with Radar,353,115,168,0,636,0,0,2,0,2,353,115,170,0,638,6,0,6,644
08/03/2002,SJC,CA,AWP,WE,Combined TRACON& Tower with Radar,282,56,0,0,338,22,0,0,0,22,304,56,0,0,360,10,0,10,370
08/04/2002,SJC,CA,AWP,WE,Combined TRACON& Tower with Radar,344,79,70,0,493,11,0,44,0,55,355,79,114,0,548,26,0,26,574
08/05/2002,SJC,CA,AWP,WE,Combined TRACON& Tower with Radar,3,83,72,0,158,0,18,60,0,78,3,101,132,0,236,12,0,12,248
08/06/2002,SJC,CA,AWP,WE,Combined TRACON& Tower with Radar,347,74,71,0,492,24,0,81,0,105,371,74,152,0,597,6,0,6,603
08/07/2002,SJC,CA,AWP,WE,Combined TRACON& Tower with Radar,359,69,107,0,535,0,0,138,2,140,359,69,245,2,675,22,0,22,697
08/08/2002,SJC,CA,AWP,WE,Combined TRACON& Tower with Radar,373,95,83,0,551,0,0,111,0,111,373,95,194,0,662,16,0,16,678
08/09/2002,SJC,CA,AWP,WE,Combined TRACON& Tower with Radar,383,89,66,0,538,0,1,122,0,123,383,90,188,0,661,48,0,48,709
08/10/2002,SJC,CA,AWP,WE,Combined TRACON& Tower with Radar,304,67,43,0,414,0,0,99,0,99,304,67,142,0,513,28,0,28,541
08/11/2002,SJC,CA,AWP,WE,Combined TRACON& Tower with Radar,295,68,60,0,423,21,0,68,0,89,316,68,128,0,512,48,0,48,560
08/12/2002,SJC,CA,AWP,WE,Combined TRACON& Tower with Radar,366,91,81,0,538,0,16,134,0,150,366,107,215,0,688,82,0,82,770
08/13/2002,SJC,CA,AWP,WE,Combined TRACON& Tower with Radar,358,92,84,1,535,0,0,82,0,82,358,92,166,1,617,76,0,76,693
08/14/2002,SJC,CA,AWP,WE,Combined TRACON& Tower with Radar,381,90,78,0,549,0,0,83,0,83,381,90,161,0,632,80,0,80,712
08/15/2002,SJC,CA,AWP,WE,Combined TRACON& Tower with Radar,381,80,87,0,548,0,0,88,0,88,381,80,175,0,636,68,0,68,704
08/16/2002,SJC,CA,AWP,WE,Combined TRACON& Tower with Radar,375,78,81,0,534,0,0,67,0,67,375,78,148,0,601,0,0,0,601
08/17/2002,SJC,CA,AWP,WE,Combined TRACON& Tower with Radar,306,70,59,0,435,0,0,63,0,63,306,70,122,0,498,20,0,20,518
08/18/2002,SJC,CA,AWP,WE,Combined TRACON& Tower with Radar,349,88,77,0,514,0,7,65,0,72,349,95,142,0,586,10,0,10,596
08/19/2002,SJC,CA,AWP,WE,Combined TRACON& Tower with Radar,366,92,81,0,539,0,6,76,0,82,366,98,157,0,621,10,0,10,631
08/20/2002,SJC,CA,AWP,WE,Combined TRACON& Tower with Radar,375,71,77,0,523,11,0,95,0,106,386,71,172,0,629,60,0,60,689
08/21/2002,SJC,CA,AWP,WE,Combined TRACON& Tower with Radar,329,71,46,2,448,0,1,103,1,105,329,72,149,3,553,14,0,14,567
08/22/2002,SJC,CA,AWP,WE,Combined TRACON& Tower with Radar,392,76,89,0,557,0,0,98,1,99,392,76,187,1,656,44,0,44,700
08/23/2002,SJC,CA,AWP,WE,Combined TRACON& Tower with Radar,356,109,61,0,526,0,0,75,0,75,356,109,136,0,601,32,0,32,633
08/24/2002,SJC,CA,AWP,WE,Combined TRACON& Tower with Radar,317,47,45,0,409,0,0,54,0,54,317,47,99,0,463,38,0,38,501
08/25/2002,SJC,CA,AWP,WE,Combined TRACON& Tower with Radar,330,74,68,0,472,17,0,54,0,71,347,74,122,0,543,18,0,18,561
08/26/2002,SJC,CA,AWP,WE,Combined TRACON& Tower with Radar,365,91,79,0,535,0,21,86,1,108,365,112,165,1,643,0,0,0,643
08/27/2002,SJC,CA,AWP,WE,Combined TRACON& Tower with Radar,373,89,78,0,540,0,14,105,0,119,373,103,183,0,659,64,0,64,723
08/28/2002,SJC,CA,AWP,WE,Combined TRACON& Tower with Radar,392,90,88,0,570,0,0,114,1,115,392,90,202,1,685,26,0,26,711
08/29/2002,SJC,CA,AWP,WE,Combined TRACON& Tower with Radar,375,86,78,0,539,0,0,100,0,100,375,86,178,0,639,24,0,24,663
08/30/2002,SJC,CA,AWP,WE,Combined TRACON& Tower with Radar,413,82,117,0,612,0,0,117,0,117,413,82,234,0,729,22,0,22,751
08/31/2002,SJC,CA,AWP,WE,Combined TRACON& Tower with Radar,295,40,43,0,378,0,0,49,0,49,295,40,92,0,427,16,0,16,443
09/01/2002,SJC,CA,AWP,WE,Combined TRACON& Tower with Radar,236,41,42,0,319,26,0,43,0,69,262,41,85,0,388,84,0,84,472
09/02/2002,SJC,CA,AWP,WE,Combined TRACON& Tower with Radar,351,65,63,0,479,2,0,92,0,94,353,65,155,0,573,52,0,52,625
09/03/2002,SJC,CA,AWP,WE,Combined TRACON& Tower with Radar,367,55,66,0,488,25,0,89,0,114,392,55,155,0,602,0,0,0,602
09/04/2002,SJC,CA,AWP,WE,Combined TRACON& Tower with Radar,368,60,82,0,510,0,1,113,0,114,368,61,195,0,624,32,0,32,656
09/05/2002,SJC,CA,AWP,WE,Combined TRACON& Tower with Radar,373,79,58,0,510,0,0,95,0,95,373,79,153,0,605,22,0,22,627
09/06/2002,SJC,CA,AWP,WE,Combined TRACON& Tower with Radar,376,86,75,0,537,0,4,110,0,114,376,90,185,0,651,14,0,14,665
09/07/2002,SJC,CA,AWP,WE,Combined TRACON& Tower with Radar,282,53,42,0,377,0,0,66,0,66,282,53,108,0,443,10,0,10,453
09/08/2002,SJC,CA,AWP,WE,Combined TRACON& Tower with Radar,314,59,56,0,429,25,0,62,2,89,339,59,118,2,518,18,0,18,536
09/09/2002,SJC,CA,AWP,WE,Combined TRACON& Tower with Radar,372,80,67,0,519,2,14,68,0,84,374,94,135,0,603,22,0,22,625
09/10/2002,SJC,CA,AWP,WE,Combined TRACON& Tower with Radar,345,72,52,0,469,0,0,83,0,83,345,72,135,0,552,0,0,0,552
09/11/2002,SJC,CA,AWP,WE,Combined TRACON& Tower with Radar,323,66,69,0,458,0,1,130,0,131,323,67,199,0,589,70,0,70,659
09/12/2002,SJC,CA,AWP,WE,Combined TRACON& Tower with Radar,392,87,65,0,544,0,0,77,0,77,392,87,142,0,621,8,0,8,629
09/13/2002,SJC,CA,AWP,WE,Combined TRACON& Tower with Radar,355,92,74,0,521,0,4,100,0,104,355,96,174,0,625,32,0,32,657
09/14/2002,SJC,CA,AWP,WE,Combined TRACON& Tower with Radar,347,56,37,0,440,0,0,63,0,63,347,56,100,0,503,12,0,12,515
09/15/2002,SJC,CA,AWP,WE,Combined TRACON& Tower with Radar,296,64,53,0,413,14,5,37,0,56,310,69,90,0,469,42,0,42,511
09/16/2002,SJC,CA,AWP,WE,Combined TRACON& Tower with Radar,367,81,68,0,516,0,5,59,0,64,367,86,127,0,580,38,0,38,618
09/17/2002,SJC,CA,AWP,WE,Combined TRACON& Tower with Radar,389,75,79,0,543,0,0,85,0,85,389,75,164,0,628,44,0,44,672
09/18/2002,SJC,CA,AWP,WE,Combined TRACON& Tower with Radar,396,86,79,0,561,0,0,80,0,80,396,86,159,0,641,6,0,6,647
09/19/2002,SJC,CA,AWP,WE,Combined TRACON& Tower with Radar,385,90,76,0,551,0,0,168,2,170,385,90,244,2,721,34,0,34,755
09/20/2002,SJC,CA,AWP,WE,Combined TRACON& Tower with Radar,362,85,77,1,525,0,0,120,0,120,362,85,197,1,645,20,0,20,665
09/21/2002,SJC,CA,AWP,WE,Combined TRACON& Tower with Radar,284,56,46,0,386,0,1,72,0,73,284,57,118,0,459,36,0,36,495
09/22/2002,SJC,CA,AWP,WE,Combined TRACON& Tower with Radar,333,63,60,0,456,8,0,75,2,85,341,63,135,2,541,16,0,16,557
09/23/2002,SJC,CA,AWP,WE,Combined TRACON& Tower with Radar,348,75,62,0,485,2,18,63,0,83,350,93,125,0,568,44,0,44,612
09/24/2002,SJC,CA,AWP,WE,Combined TRACON& Tower with Radar,351,78,66,0,495,0,22,110,0,132,351,100,176,0,627,12,0,12,639
09/25/2002,SJC,CA,AWP,WE,Combined TRACON& Tower with Radar,372,96,92,0,560,0,0,99,0,99,372,96,191,0,659,44,0,44,703
09/26/2002,SJC,CA,AWP,WE,Combined TRACON& Tower with Radar,403,96,81,0,580,0,9,128,0,137,403,105,209,0,717,0,0,0,717
09/27/2002,SJC,CA,AWP,WE,Combined TRACON& Tower with Radar,393,98,61,0,552,0,0,60,0,60,393,98,121,0,612,58,0,58,670
09/28/2002,SJC,CA,AWP,WE,Combined TRACON& Tower with Radar,305,70,44,0,419,0,0,48,0,48,305,70,92,0,467,20,0,20,487
09/29/2002,SJC,CA,AWP,WE,Combined TRACON& Tower with Radar,329,61,59,0,449,14,0,76,0,90,343,61,135,0,539,14,0,14,553
09/30/2002,SJC,CA,AWP,WE,Combined TRACON& Tower with Radar,376,82,61,0,519,0,2,0,0,2,376,84,61,0,521,14,0,14,535
10/01/2002,SJC,CA,AWP,WE,Combined TRACON& Tower with Radar,386,66,56,0,508,0,1,78,0,79,386,67,134,0,587,14,0,14,601
10/02/2002,SJC,CA,AWP,WE,Combined TRACON& Tower with Radar,367,82,68,0,517,0,1,79,0,80,367,83,147,0,597,34,0,34,631
10/03/2002,SJC,CA,AWP,WE,Combined TRACON& Tower with Radar,387,82,75,0,544,0,3,104,0,107,387,85,179,0,651,50,0,50,701
10/04/2002,SJC,CA,AWP,WE,Combined TRACON& Tower with Radar,391,88,66,0,545,0,1,117,0,118,391,89,183,0,663,4,0,4,667
10/05/2002,SJC,CA,AWP,WE,Combined TRACON& Tower with Radar,294,45,49,0,388,0,2,64,1,67,294,47,113,1,455,28,0,28,483
10/06/2002,SJC,CA,AWP,WE,Combined TRACON& Tower with Radar,310,65,60,0,435,12,6,80,0,98,322,71,140,0,533,10,0,10,543
10/07/2002,SJC,CA,AWP,WE,Combined TRACON& Tower with Radar,349,61,67,0,477,24,0,86,0,110,373,61,153,0,587,40,0,40,627
10/08/2002,SJC,CA,AWP,WE,Combined TRACON& Tower with Radar,408,72,80,0,560,0,1,84,0,85,408,73,164,0,645,48,0,48,693
10/09/2002,SJC,CA,AWP,WE,Combined TRACON& Tower with Radar,366,84,68,0,518,0,1,97,0,98,366,85,165,0,616,0,0,0,616
10/10/2002,SJC,CA,AWP,WE,Combined TRACON& Tower with Radar,363,83,90,0,536,0,1,88,0,89,363,84,178,0,625,4,0,4,629
10/11/2002,SJC,CA,AWP,WE,Combined TRACON& Tower with Radar,412,100,107,0,619,0,1,90,0,91,412,101,197,0,710,42,0,42,752
10/12/2002,SJC,CA,AWP,WE,Combined TRACON& Tower with Radar,306,56,35,0,397,0,1,73,0,74,306,57,108,0,471,24,0,24,495
10/13/2002,SJC,CA,AWP,WE,Combined TRACON& Tower with Radar,331,71,62,0,464,18,0,49,0,67,349,71,111,0,531,18,0,18,549
10/14/2002,SJC,CA,AWP,WE,Combined TRACON& Tower with Radar,370,79,70,0,519,23,4,32,0,59,393,83,102,0,578,22,0,22,600
10/15/2002,SJC,CA,AWP,WE,Combined TRACON& Tower with Radar,393,64,66,0,523,0,0,73,0,73,393,64,139,0,596,8,0,8,604
10/16/2002,SJC,CA,AWP,WE,Combined TRACON& Tower with Radar,377,101,78,0,556,0,5,67,0,72,377,106,145,0,628,28,0,28,656
10/17/2002,SJC,CA,AWP,WE,Combined TRACON& Tower with Radar,392,86,75,0,553,0,3,62,0,65,392,89,137,0,618,10,0,10,628
10/18/2002,SJC,CA,AWP,WE,Combined TRACON& Tower with Radar,380,100,84,1,565,0,0,96,0,96,380,100,180,1,661,30,0,30,691
10/19/2002,SJC,CA,AWP,WE,Combined TRACON& Tower with Radar,268,58,62,0,388,0,0,43,0,43,268,58,105,0,431,14,0,14,445
10/20/2002,SJC,CA,AWP,WE,Combined TRACON& Tower with Radar,318,68,61,0,447,3,0,64,0,67,321,68,125,0,514,26,0,26,540
10/21/2002,SJC,CA,AWP,WE,Combined TRACON& Tower with Radar,325,66,61,0,452,26,0,8,0,34,351,66,69,0,486,0,0,0,486
10/22/2002,SJC,CA,AWP,WE,Combined TRACON& Tower with Radar,374,79,73,0,526,0,0,73,0,73,374,79,146,0,599,24,0,24,623
10/23/2002,SJC,CA,AWP,WE,Combined TRACON& Tower with Radar,377,105,113,0,595,0,2,47,0,49,377,107,160,0,644,24,0,24,668
10/24/2002,SJC,CA,AWP,WE,Combined TRACON& Tower with Radar,348,87,77,0,512,0,3,103,1,107,348,90,180,1,619,84,0,84,703
10/25/2002,SJC,CA,AWP,WE,Combined TRACON& Tower with Radar,369,103,71,0,543,0,4,65,0,69,369,107,136,0,612,30,0,30,642
10/26/2002,SJC,CA,AWP,WE,Combined TRACON& Tower with Radar,297,54,44,0,395,0,0,36,0,36,297,54,80,0,431,20,0,20,451
10/27/2002,SJC,CA,AWP,WE,Combined TRACON& Tower with Radar,325,65,61,0,451,16,0,58,0,74,341,65,119,0,525,46,0,46,571
10/28/2002,SJC,CA,AWP,WE,Combined TRACON& Tower with Radar,377,81,68,0,526,18,10,0,0,28,395,91,68,0,554,0,0,0,554
10/29/2002,SJC,CA,AWP,WE,Combined TRACON& Tower with Radar,350,70,67,0,487,13,0,75,2,90,363,70,142,2,577,0,0,0,577
10/30/2002,SJC,CA,AWP,WE,Combined TRACON& Tower with Radar,367,77,73,0,517,0,0,84,0,84,367,77,157,0,601,12,0,12,613
10/31/2002,SJC,CA,AWP,WE,Combined TRACON& Tower with Radar,362,63,67,0,492,0,2,75,0,77,362,65,142,0,569,140,0,140,709
11/01/2002,SJC,CA,AWP,WE,Combined TRACON& Tower with Radar,356,69,48,0,473,0,3,92,0,95,356,72,140,0,568,10,0,10,578
11/02/2002,SJC,CA,AWP,WE,Combined TRACON& Tower with Radar,274,41,37,0,352,0,3,57,0,60,274,44,94,0,412,2,0,2,414
11/03/2002,SJC,CA,AWP,WE,Combined TRACON& Tower with Radar,310,66,59,0,435,0,11,51,0,62,310,77,110,0,497,10,0,10,507
11/04/2002,SJC,CA,AWP,WE,Combined TRACON& Tower with Radar,358,73,67,0,498,8,0,65,0,73,366,73,132,0,571,42,0,42,613
11/05/2002,SJC,CA,AWP,WE,Combined TRACON& Tower with Radar,367,81,72,0,520,0,3,92,0,95,367,84,164,0,615,0,0,0,615
11/06/2002,SJC,CA,AWP,WE,Combined TRACON& Tower with Radar,363,89,83,1,536,0,4,87,0,91,363,93,170,1,627,24,0,24,651
11/07/2002,SJC,CA,AWP,WE,Combined TRACON& Tower with Radar,382,106,98,0,586,0,4,17,0,21,382,110,115,0,607,32,0,32,639
11/08/2002,SJC,CA,AWP,WE,Combined TRACON& Tower with Radar,386,85,92,0,563,0,3,14,0,17,386,88,106,0,580,0,0,0,580
11/09/2002,SJC,CA,AWP,WE,Combined TRACON& Tower with Radar,290,51,45,0,386,0,2,34,0,36,290,53,79,0,422,26,0,26,448
11/10/2002,SJC,CA,AWP,WE,Combined TRACON& Tower with Radar,338,75,69,0,482,0,0,45,0,45,338,75,114,0,527,12,0,12,539
11/11/2002,SJC,CA,AWP,WE,Combined TRACON& Tower with Radar,339,57,65,0,461,10,0,57,0,67,349,57,122,0,528,0,0,0,528
11/12/2002,SJC,CA,AWP,WE,Combined TRACON& Tower with Radar,352,76,65,0,493,0,2,65,1,68,352,78,130,1,561,10,0,10,571
11/13/2002,SJC,CA,AWP,WE,Combined TRACON& Tower with Radar,388,82,82,0,552,0,2,78,0,80,388,84,160,0,632,6,0,6,638
11/14/2002,SJC,CA,AWP,WE,Combined TRACON& Tower with Radar,382,83,73,0,538,4,17,70,0,91,386,100,143,0,629,0,0,0,629
11/15/2002,SJC,CA,AWP,WE,Combined TRACON& Tower with Radar,375,95,58,2,530,0,4,83,0,87,375,99,141,2,617,26,0,26,643
11/16/2002,SJC,CA,AWP,WE,Combined TRACON& Tower with Radar,283,50,47,0,380,0,1,63,0,64,283,51,110,0,444,26,0,26,470
11/17/2002,SJC,CA,AWP,WE,Combined TRACON& Tower with Radar,329,63,62,0,454,8,0,64,6,78,337,63,126,6,532,76,0,76,608
11/18/2002,SJC,CA,AWP,WE,Combined TRACON& Tower with Radar,356,77,67,0,500,0,13,84,0,97,356,90,151,0,597,0,0,0,597
11/19/2002,SJC,CA,AWP,WE,Combined TRACON& Tower with Radar,387,85,73,0,545,4,1,95,0,100,391,86,168,0,645,6,0,6,651
11/20/2002,SJC,CA,AWP,WE,Combined TRACON& Tower with Radar,393,115,89,0,597,0,2,82,2,86,393,117,171,2,683,64,0,64,747
11/21/2002,SJC,CA,AWP,WE,Combined TRACON& Tower with Radar,387,83,104,0,574,0,5,103,0,108,387,88,207,0,682,14,0,14,696
11/22/2002,SJC,CA,AWP,WE,Combined TRACON& Tower with Radar,386,88,101,0,575,0,1,16,0,17,386,89,117,0,592,22,0,22,614
11/23/2002,SJC,CA,AWP,WE,Combined TRACON& Tower with Radar,280,60,58,0,398,0,1,36,0,37,280,61,94,0,435,10,0,10,445
11/24/2002,SJC,CA,AWP,WE,Combined TRACON& Tower with Radar,307,67,58,0,432,0,0,32,0,32,307,67,90,0,464,126,0,126,590
11/25/2002,SJC,CA,AWP,WE,Combined TRACON& Tower with Radar,329,55,62,0,446,18,0,66,0,84,347,55,128,0,530,20,0,20,550
11/26/2002,SJC,CA,AWP,WE,Combined TRACON& Tower with Radar,387,101,66,2,556,0,6,65,0,71,387,107,131,2,627,24,0,24,651
11/27/2002,SJC,CA,AWP,WE,Combined TRACON& Tower with Radar,378,92,78,0,548,0,4,123,1,128,378,96,201,1,676,14,0,14,690
11/28/2002,SJC,CA,AWP,WE,Combined TRACON& Tower with Radar,225,44,42,0,311,31,0,25,0,56,256,44,67,0,367,0,0,0,367
11/29/2002,SJC,CA,AWP,WE,Combined TRACON& Tower with Radar,294,58,37,0,389,0,2,86,0,88,294,60,123,0,477,10,0,10,487
11/30/2002,SJC,CA,AWP,WE,Combined TRACON& Tower with Radar,279,74,57,1,411,0,1,56,0,57,279,75,113,1,468,30,0,30,498
12/01/2002,SJC,CA,AWP,WE,Combined TRACON& Tower with Radar,314,71,64,0,449,0,0,96,0,96,314,71,160,0,545,106,0,106,651
12/02/2002,SJC,CA,AWP,WE,Combined TRACON& Tower with Radar,383,93,77,0,553,1,13,78,0,92,384,106,155,0,645,22,0,22,667
12/03/2002,SJC,CA,AWP,WE,Combined TRACON& Tower with Radar,361,86,70,0,517,0,6,99,0,105,361,92,169,0,622,0,0,0,622
12/04/2002,SJC,CA,AWP,WE,Combined TRACON& Tower with Radar,355,105,76,0,536,0,5,105,0,110,355,110,181,0,646,6,0,6,652
12/05/2002,SJC,CA,AWP,WE,Combined TRACON& Tower with Radar,391,105,105,0,601,0,1,103,0,104,391,106,208,0,705,2,0,2,707
12/06/2002,SJC,CA,AWP,WE,Combined TRACON& Tower with Radar,360,88,87,0,535,0,5,67,0,72,360,93,154,0,607,4,0,4,611
12/07/2002,SJC,CA,AWP,WE,Combined TRACON& Tower with Radar,298,54,43,0,395,0,35,33,0,68,298,89,76,0,463,28,0,28,491
12/08/2002,SJC,CA,AWP,WE,Combined TRACON& Tower with Radar,272,54,54,0,380,24,0,33,0,57,296,54,87,0,437,144,0,144,581
12/09/2002,SJC,CA,AWP,WE,Combined TRACON& Tower with Radar,342,67,68,0,477,7,0,27,0,34,349,67,95,0,511,32,0,32,543
12/10/2002,SJC,CA,AWP,WE,Combined TRACON& Tower with Radar,384,80,76,0,540,12,0,54,0,66,396,80,130,0,606,40,0,40,646
12/11/2002,SJC,CA,AWP,WE,Combined TRACON& Tower with Radar,368,86,90,0,544,0,4,99,0,103,368,90,189,0,647,48,0,48,695
12/12/2002,SJC,CA,AWP,WE,Combined TRACON& Tower with Radar,420,103,84,0,607,5,8,110,0,123,425,111,194,0,730,96,0,96,826
12/13/2002,SJC,CA,AWP,WE,Combined TRACON& Tower with Radar,395,110,102,0,607,0,1,10,0,11,395,111,112,0,618,0,0,0,618
12/14/2002,SJC,CA,AWP,WE,Combined TRACON& Tower with Radar,284,43,24,0,351,0,1,3,0,4,284,44,27,0,355,0,0,0,355
12/15/2002,SJC,CA,AWP,WE,Combined TRACON& Tower with Radar,266,60,54,0,380,1,0,14,0,15,267,60,68,0,395,44,0,44,439
12/16/2002,SJC,CA,AWP,WE,Combined TRACON& Tower with Radar,314,69,63,0,446,6,0,16,0,22,320,69,79,0,468,2,0,2,470
12/17/2002,SJC,CA,AWP,WE,Combined TRACON& Tower with Radar,379,100,73,0,552,0,6,20,0,26,379,106,93,0,578,0,0,0,578
12/18/2002,SJC,CA,AWP,WE,Combined TRACON& Tower with Radar,360,72,74,0,506,0,3,104,0,107,360,75,178,0,613,8,0,8,621
12/19/2002,SJC,CA,AWP,WE,Combined TRACON& Tower with Radar,387,90,66,0,543,0,10,16,0,26,387,100,82,0,569,0,0,0,569
12/20/2002,SJC,CA,AWP,WE,Combined TRACON& Tower with Radar,396,147,110,0,653,0,4,19,0,23,396,151,129,0,676,0,0,0,676
12/21/2002,SJC,CA,AWP,WE,Combined TRACON& Tower with Radar,331,94,77,0,502,0,1,48,0,49,331,95,125,0,551,24,0,24,575
12/22/2002,SJC,CA,AWP,WE,Combined TRACON& Tower with Radar,87,21,17,0,125,335,51,96,0,482,422,72,113,0,607,72,0,72,679
12/23/2002,SJC,CA,AWP,WE,Combined TRACON& Tower with Radar,346,72,70,0,488,14,0,65,0,79,360,72,135,0,567,82,0,82,649
12/24/2002,SJC,CA,AWP,WE,Combined TRACON& Tower with Radar,264,65,54,0,383,23,0,19,0,42,287,65,73,0,425,90,0,90,515
12/25/2002,SJC,CA,AWP,WE,Combined TRACON& Tower with Radar,250,63,13,0,326,0,4,16,0,20,250,67,29,0,346,0,0,0,346
12/26/2002,SJC,CA,AWP,WE,Combined TRACON& Tower with Radar,366,96,78,0,540,0,8,28,0,36,366,104,106,0,576,2,0,2,578
12/27/2002,SJC,CA,AWP,WE,Combined TRACON& Tower with Radar,359,93,89,0,541,0,2,21,0,23,359,95,110,0,564,2,0,2,566
12/28/2002,SJC,CA,AWP,WE,Combined TRACON& Tower with Radar,288,60,45,0,393,0,2,14,0,16,288,62,59,0,409,2,0,2,411
12/29/2002,SJC,CA,AWP,WE,Combined TRACON& Tower with Radar,305,75,62,0,442,10,2,21,0,33,315,77,83,0,475,82,0,82,557
12/30/2002,SJC,CA,AWP,WE,Combined TRACON& Tower with Radar,300,66,61,0,427,25,0,13,0,38,325,66,74,0,465,70,0,70,535
12/31/2002,SJC,CA,AWP,WE,Combined TRACON& Tower with Radar,298,69,62,0,429,0,0,77,0,77,298,69,139,0,506,22,0,22,528
01/01/2003,SJC,CA,AWP,WE,Combined TRACON& Tower with Radar,282,72,24,0,378,1,1,61,0,63,283,73,85,0,441,102,0,102,543
01/02/2003,SJC,CA,AWP,WE,Combined TRACON& Tower with Radar,370,82,83,0,535,15,0,50,0,65,385,82,133,0,600,34,0,34,634
01/03/2003,SJC,CA,AWP,WE,Combined TRACON& Tower with Radar,381,103,69,0,553,1,4,78,0,83,382,107,147,0,636,18,0,18,654
01/04/2003,SJC,CA,AWP,WE,Combined TRACON& Tower with Radar,271,89,77,2,439,1,3,83,0,87,272,92,160,2,526,42,0,42,568
01/05/2003,SJC,CA,AWP,WE,Combined TRACON& Tower with Radar,306,82,70,0,458,0,0,84,0,84,306,82,154,0,542,56,0,56,598
01/06/2003,SJC,CA,AWP,WE,Combined TRACON& Tower with Radar,361,94,81,0,536,19,7,60,0,86,380,101,141,0,622,24,0,24,646
01/07/2003,SJC,CA,AWP,WE,Combined TRACON& Tower with Radar,371,71,71,0,513,1,1,70,0,72,372,72,141,0,585,52,0,52,637
01/08/2003,SJC,CA,AWP,WE,Combined TRACON& Tower with Radar,345,88,77,0,510,1,0,100,0,101,346,88,177,0,611,36,0,36,647
01/09/2003,SJC,CA,AWP,WE,Combined TRACON& Tower with Radar,367,75,81,0,523,11,0,40,0,51,378,75,121,0,574,0,0,0,574
01/10/2003,SJC,CA,AWP,WE,Combined TRACON& Tower with Radar,341,82,88,0,511,1,2,24,0,27,342,84,112,0,538,6,0,6,544
01/11/2003,SJC,CA,AWP,WE,Combined TRACON& Tower with Radar,278,73,36,0,387,1,1,35,0,37,279,74,71,0,424,26,0,26,450
01/12/2003,SJC,CA,AWP,WE,Combined TRACON& Tower with Radar,303,78,68,0,449,13,0,51,0,64,316,78,119,0,513,94,0,94,607
01/13/2003,SJC,CA,AWP,WE,Combined TRACON& Tower with Radar,319,74,71,0,464,24,0,40,0,64,343,74,111,0,528,12,0,12,540
01/14/2003,SJC,CA,AWP,WE,Combined TRACON& Tower with Radar,354,80,79,0,513,15,0,57,0,72,369,80,136,0,585,24,0,24,609
01/15/2003,SJC,CA,AWP,WE,Combined TRACON& Tower with Radar,375,83,89,0,547,1,1,100,2,104,376,84,189,2,651,44,0,44,695
01/16/2003,SJC,CA,AWP,WE,Combined TRACON& Tower with Radar,377,106,103,0,586,1,1,121,0,123,378,107,224,0,709,20,0,20,729
01/17/2003,SJC,CA,AWP,WE,Combined TRACON& Tower with Radar,338,89,76,0,503,0,3,120,1,124,338,92,196,1,627,20,0,20,647
01/18/2003,SJC,CA,AWP,WE,Combined TRACON& Tower with Radar,228,61,53,0,342,0,8,37,0,45,228,69,90,0,387,68,0,68,455
01/19/2003,SJC,CA,AWP,WE,Combined TRACON& Tower with Radar,246,64,55,0,365,10,2,21,0,33,256,66,76,0,398,0,0,0,398
01/20/2003,SJC,CA,AWP,WE,Combined TRACON& Tower with Radar,365,93,86,0,544,0,0,45,0,45,365,93,131,0,589,0,0,0,589
01/21/2003,SJC,CA,AWP,WE,Combined TRACON& Tower with Radar,350,96,75,0,521,1,1,33,0,35,351,97,108,0,556,40,0,40,596
01/22/2003,SJC,CA,AWP,WE,Combined TRACON& Tower with Radar,369,112,87,0,568,1,1,39,0,41,370,113,126,0,609,14,0,14,623
01/23/2003,SJC,CA,AWP,WE,Combined TRACON& Tower with Radar,355,89,105,0,549,0,1,41,0,42,355,90,146,0,591,14,0,14,605
01/24/2003,SJC,CA,AWP,WE,Combined TRACON& Tower with Radar,353,93,74,0,520,0,2,64,0,66,353,95,138,0,586,14,0,14,600
01/25/2003,SJC,CA,AWP,WE,Combined TRACON& Tower with Radar,246,64,56,0,366,0,9,73,0,82,246,73,129,0,448,92,0,92,540
01/26/2003,SJC,CA,AWP,WE,Combined TRACON& Tower with Radar,285,87,74,0,446,0,19,41,3,63,285,106,115,3,509,0,0,0,509
01/27/2003,SJC,CA,AWP,WE,Combined TRACON& Tower with Radar,324,88,75,0,487,0,6,65,0,71,324,94,140,0,558,26,0,26,584
01/28/2003,SJC,CA,AWP,WE,Combined TRACON& Tower with Radar,343,106,67,0,516,0,1,87,0,88,343,107,154,0,604,10,0,10,614
01/29/2003,SJC,CA,AWP,WE,Combined TRACON& Tower with Radar,337,84,75,0,496,0,4,74,0,78,337,88,149,0,574,4,0,4,578
01/30/2003,SJC,CA,AWP,WE,Combined TRACON& Tower with Radar,392,97,92,0,581,0,1,84,0,85,392,98,176,0,666,12,0,12,678
01/31/2003,SJC,CA,AWP,WE,Combined TRACON& Tower with Radar,386,107,82,1,576,0,2,99,0,101,386,109,181,1,677,16,0,16,693
02/01/2003,SJC,CA,AWP,WE,Combined TRACON& Tower with Radar,246,66,43,0,355,0,0,62,0,62,246,66,105,0,417,32,0,32,449
02/02/2003,SJC,CA,AWP,WE,Combined TRACON& Tower with Radar,256,68,53,0,377,9,0,79,0,88,265,68,132,0,465,80,0,80,545
02/03/2003,SJC,CA,AWP,WE,Combined TRACON& Tower with Radar,339,98,71,0,508,6,3,65,0,74,345,101,136,0,582,32,0,32,614
02/04/2003,SJC,CA,AWP,WE,Combined TRACON& Tower with Radar,333,91,70,1,495,14,0,66,1,81,347,91,136,2,576,20,0,20,596
02/05/2003,SJC,CA,AWP,WE,Combined TRACON& Tower with Radar,371,93,75,0,539,0,1,103,0,104,371,94,178,0,643,34,0,34,677
02/06/2003,SJC,CA,AWP,WE,Combined TRACON& Tower with Radar,350,81,72,0,503,0,6,85,0,91,350,87,157,0,594,56,0,56,650
02/07/2003,SJC,CA,AWP,WE,Combined TRACON& Tower with Radar,321,110,39,0,470,0,3,147,0,150,321,113,186,0,620,26,0,26,646
02/08/2003,SJC,CA,AWP,WE,Combined TRACON& Tower with Radar,241,61,50,0,352,16,0,57,0,73,257,61,107,0,425,58,0,58,483
02/09/2003,SJC,CA,AWP,WE,Combined TRACON& Tower with Radar,284,86,64,0,434,0,9,84,0,93,284,95,148,0,527,30,0,30,557
02/10/2003,SJC,CA,AWP,WE,Combined TRACON& Tower with Radar,309,89,66,0,464,5,6,53,0,64,314,95,119,0,528,26,0,26,554
02/11/2003,SJC,CA,AWP,WE,Combined TRACON& Tower with Radar,330,76,70,0,476,27,0,46,0,73,357,76,116,0,549,8,0,8,557
02/12/2003,SJC,CA,AWP,WE,Combined TRACON& Tower with Radar,368,72,112,0,552,0,1,13,0,14,368,73,125,0,566,0,0,0,566
02/13/2003,SJC,CA,AWP,WE,Combined TRACON& Tower with Radar,361,112,115,0,588,0,2,41,0,43,361,114,156,0,631,10,0,10,641
02/14/2003,SJC,CA,AWP,WE,Combined TRACON& Tower with Radar,343,101,111,0,555,0,4,21,0,25,343,105,132,0,580,16,0,16,596
02/15/2003,SJC,CA,AWP,WE,Combined TRACON& Tower with Radar,240,109,85,0,434,0,1,45,0,46,240,110,130,0,480,98,0,98,578
02/16/2003,SJC,CA,AWP,WE,Combined TRACON& Tower with Radar,271,73,57,0,401,25,0,15,0,40,296,73,72,0,441,26,0,26,467
02/17/2003,SJC,CA,AWP,WE,Combined TRACON& Tower with Radar,325,81,70,0,476,15,0,61,1,77,340,81,131,1,553,26,0,26,579
02/18/2003,SJC,CA,AWP,WE,Combined TRACON& Tower with Radar,342,98,73,0,513,0,6,98,0,104,342,104,171,0,617,8,0,8,625
02/19/2003,SJC,CA,AWP,WE,Combined TRACON& Tower with Radar,360,111,60,0,531,0,0,60,0,60,360,111,120,0,591,12,0,12,603
02/20/2003,SJC,CA,AWP,WE,Combined TRACON& Tower with Radar,363,82,70,0,515,0,1,89,0,90,363,83,159,0,605,6,0,6,611
02/21/2003,SJC,CA,AWP,WE,Combined TRACON& Tower with Radar,337,112,79,2,530,0,3,117,0,120,337,115,196,2,650,14,0,14,664
02/22/2003,SJC,CA,AWP,WE,Combined TRACON& Tower with Radar,260,80,58,0,398,0,13,68,0,81,260,93,126,0,479,60,0,60,539
02/23/2003,SJC,CA,AWP,WE,Combined TRACON& Tower with Radar,289,94,70,0,453,0,22,94,1,117,289,116,164,1,570,6,0,6,576
02/24/2003,SJC,CA,AWP,WE,Combined TRACON& Tower with Radar,330,100,74,0,504,0,14,38,0,52,330,114,112,0,556,6,0,6,562
02/25/2003,SJC,CA,AWP,WE,Combined TRACON& Tower with Radar,365,102,78,0,545,0,0,56,0,56,365,102,134,0,601,8,0,8,609
02/26/2003,SJC,CA,AWP,WE,Combined TRACON& Tower with Radar,357,96,81,1,535,0,0,42,0,42,357,96,123,1,577,10,0,10,587
02/27/2003,SJC,CA,AWP,WE,Combined TRACON& Tower with Radar,351,116,87,0,554,0,0,79,0,79,351,116,166,0,633,58,0,58,691
02/28/2003,SJC,CA,AWP,WE,Combined TRACON& Tower with Radar,354,105,63,0,522,0,2,110,0,112,354,107,173,0,634,12,0,12,646
03/01/2003,SJC,CA,AWP,WE,Combined TRACON& Tower with Radar,270,74,54,0,398,4,0,34,0,38,274,74,88,0,436,14,0,14,450
03/02/2003,SJC,CA,AWP,WE,Combined TRACON& Tower with Radar,335,94,69,0,498,0,1,101,0,102,335,95,170,0,600,92,0,92,692
03/03/2003,SJC,CA,AWP,WE,Combined TRACON& Tower with Radar,328,81,67,0,476,6,0,28,0,34,334,81,95,0,510,24,0,24,534
03/04/2003,SJC,CA,AWP,WE,Combined TRACON& Tower with Radar,354,97,72,0,523,3,3,47,1,54,357,100,119,1,577,56,0,56,633
03/05/2003,SJC,CA,AWP,WE,Combined TRACON& Tower with Radar,370,89,75,0,534,0,1,97,0,98,370,90,172,0,632,52,0,52,684
03/06/2003,SJC,CA,AWP,WE,Combined TRACON& Tower with Radar,357,119,68,0,544,0,1,57,7,65,357,120,125,7,609,8,0,8,617
03/07/2003,SJC,CA,AWP,WE,Combined TRACON& Tower with Radar,361,98,78,0,537,0,3,108,0,111,361,101,186,0,648,38,0,38,686
03/08/2003,SJC,CA,AWP,WE,Combined TRACON& Tower with Radar,256,68,42,3,369,0,2,100,1,103,256,70,142,4,472,34,0,34,506
03/09/2003,SJC,CA,AWP,WE,Combined TRACON& Tower with Radar,315,75,64,0,454,3,0,69,0,72,318,75,133,0,526,16,0,16,542
03/10/2003,SJC,CA,AWP,WE,Combined TRACON& Tower with Radar,362,98,74,0,534,0,0,78,0,78,362,98,152,0,612,88,0,88,700
03/11/2003,SJC,CA,AWP,WE,Combined TRACON& Tower with Radar,367,96,75,0,538,17,0,29,0,46,384,96,104,0,584,52,0,52,636
03/12/2003,SJC,CA,AWP,WE,Combined TRACON& Tower with Radar,367,110,87,0,564,0,1,95,0,96,367,111,182,0,660,42,0,42,702
03/13/2003,SJC,CA,AWP,WE,Combined TRACON& Tower with Radar,347,117,91,0,555,0,4,35,0,39,347,121,126,0,594,0,0,0,594
03/14/2003,SJC,CA,AWP,WE,Combined TRACON& Tower with Radar,377,97,70,0,544,0,1,35,0,36,377,98,105,0,580,4,0,4,584
03/15/2003,SJC,CA,AWP,WE,Combined TRACON& Tower with Radar,262,72,54,0,388,9,11,26,0,46,271,83,80,0,434,0,0,0,434
03/16/2003,SJC,CA,AWP,WE,Combined TRACON& Tower with Radar,314,80,50,0,444,0,1,42,0,43,314,81,92,0,487,54,0,54,541
03/17/2003,SJC,CA,AWP,WE,Combined TRACON& Tower with Radar,339,94,70,0,503,15,10,61,0,86,354,104,131,0,589,8,0,8,597
03/18/2003,SJC,CA,AWP,WE,Combined TRACON& Tower with Radar,341,95,71,0,507,0,10,59,0,69,341,105,130,0,576,80,0,80,656
03/19/2003,SJC,CA,AWP,WE,Combined TRACON& Tower with Radar,318,86,85,1,490,0,1,81,0,82,318,87,166,1,572,90,0,90,662
03/20/2003,SJC,CA,AWP,WE,Combined TRACON& Tower with Radar,361,95,73,0,529,0,1,61,0,62,361,96,134,0,591,20,0,20,611
03/21/2003,SJC,CA,AWP,WE,Combined TRACON& Tower with Radar,357,111,56,0,524,0,1,89,0,90,357,112,145,0,614,8,0,8,622
03/22/2003,SJC,CA,AWP,WE,Combined TRACON& Tower with Radar,304,106,52,0,462,0,1,56,0,57,304,107,108,0,519,44,0,44,563
03/23/2003,SJC,CA,AWP,WE,Combined TRACON& Tower with Radar,327,94,71,0,492,0,0,65,0,65,327,94,136,0,557,54,0,54,611
03/24/2003,SJC,CA,AWP,WE,Combined TRACON& Tower with Radar,326,91,68,0,485,0,9,88,0,97,326,100,156,0,582,34,0,34,616
03/25/2003,SJC,CA,AWP,WE,Combined TRACON& Tower with Radar,367,105,77,0,549,0,2,100,0,102,367,107,177,0,651,58,0,58,709
03/26/2003,SJC,CA,AWP,WE,Combined TRACON& Tower with Radar,381,85,90,0,556,0,1,45,0,46,381,86,135,0,602,24,0,24,626
03/27/2003,SJC,CA,AWP,WE,Combined TRACON& Tower with Radar,354,72,87,1,514,0,1,78,0,79,354,73,165,1,593,66,0,66,659
03/28/2003,SJC,CA,AWP,WE,Combined TRACON& Tower with Radar,348,113,57,2,520,0,4,104,0,108,348,117,161,2,628,38,0,38,666
03/29/2003,SJC,CA,AWP,WE,Combined TRACON& Tower with Radar,275,74,55,0,404,7,0,75,2,84,282,74,130,2,488,68,0,68,556
03/30/2003,SJC,CA,AWP,WE,Combined TRACON& Tower with Radar,319,89,65,0,473,0,2,99,0,101,319,91,164,0,574,80,0,80,654
03/31/2003,SJC,CA,AWP,WE,Combined TRACON& Tower with Radar,378,95,77,0,550,0,0,100,0,100,378,95,177,0,650,40,0,40,690
04/01/2003,SJC,CA,AWP,WE,Combined TRACON& Tower with Radar,349,90,72,0,511,7,0,54,0,61,356,90,126,0,572,20,0,20,592
04/02/2003,SJC,CA,AWP,WE,Combined TRACON& Tower with Radar,390,92,72,0,554,0,0,47,0,47,390,92,119,0,601,12,0,12,613
04/03/2003,SJC,CA,AWP,WE,Combined TRACON& Tower with Radar,407,106,69,0,582,0,0,103,0,103,407,106,172,0,685,44,0,44,729
04/04/2003,SJC,CA,AWP,WE,Combined TRACON& Tower with Radar,344,113,82,0,539,0,2,64,2,68,344,115,146,2,607,6,0,6,613
04/05/2003,SJC,CA,AWP,WE,Combined TRACON& Tower with Radar,287,71,41,1,400,0,0,74,0,74,287,71,115,1,474,14,0,14,488
04/06/2003,SJC,CA,AWP,WE,Combined TRACON& Tower with Radar,291,96,65,1,453,0,0,59,0,59,291,96,124,1,512,58,0,58,570
04/07/2003,SJC,CA,AWP,WE,Combined TRACON& Tower with Radar,335,97,70,0,502,22,0,64,0,86,357,97,134,0,588,54,0,54,642
04/08/2003,SJC,CA,AWP,WE,Combined TRACON& Tower with Radar,394,100,82,0,576,6,0,108,0,114,400,100,190,0,690,10,0,10,700
04/09/2003,SJC,CA,AWP,WE,Combined TRACON& Tower with Radar,367,116,100,1,584,0,0,103,0,103,367,116,203,1,687,6,0,6,693
04/10/2003,SJC,CA,AWP,WE,Combined TRACON& Tower with Radar,358,113,85,0,556,0,2,68,0,70,358,115,153,0,626,12,0,12,638
04/11/2003,SJC,CA,AWP,WE,Combined TRACON& Tower with Radar,383,119,79,0,581,0,2,65,0,67,383,121,144,0,648,4,0,4,652
04/12/2003,SJC,CA,AWP,WE,Combined TRACON& Tower with Radar,259,77,51,0,387,15,0,0,0,15,274,77,51,0,402,0,0,0,402
04/13/2003,SJC,CA,AWP,WE,Combined TRACON& Tower with Radar,287,85,61,0,433,11,4,13,0,28,298,89,74,0,461,34,0,34,495
04/14/2003,SJC,CA,AWP,WE,Combined TRACON& Tower with Radar,349,113,80,0,542,0,35,59,0,94,349,148,139,0,636,8,0,8,644
04/15/2003,SJC,CA,AWP,WE,Combined TRACON& Tower with Radar,351,90,62,1,504,11,0,0,9,20,362,90,62,10,524,50,0,50,574
04/16/2003,SJC,CA,AWP,WE,Combined TRACON& Tower with Radar,344,99,80,0,523,0,0,37,0,37,344,99,117,0,560,0,0,0,560
04/17/2003,SJC,CA,AWP,WE,Combined TRACON& Tower with Radar,383,96,87,0,566,0,0,42,0,42,383,96,129,0,608,72,0,72,680
04/18/2003,SJC,CA,AWP,WE,Combined TRACON& Tower with Radar,372,101,72,0,545,0,1,73,0,74,372,102,145,0,619,24,0,24,643
04/19/2003,SJC,CA,AWP,WE,Combined TRACON& Tower with Radar,269,60,36,0,365,0,2,94,0,96,269,62,130,0,461,48,0,48,509
04/20/2003,SJC,CA,AWP,WE,Combined TRACON& Tower with Radar,329,99,71,0,499,0,5,70,0,75,329,104,141,0,574,48,0,48,622
04/21/2003,SJC,CA,AWP,WE,Combined TRACON& Tower with Radar,339,106,90,0,535,0,3,46,0,49,339,109,136,0,584,38,0,38,622
04/22/2003,SJC,CA,AWP,WE,Combined TRACON& Tower with Radar,362,111,79,0,552,0,6,80,0,86,362,117,159,0,638,64,0,64,702
04/23/2003,SJC,CA,AWP,WE,Combined TRACON& Tower with Radar,348,114,107,0,569,0,1,56,0,57,348,115,163,0,626,20,0,20,646
04/24/2003,SJC,CA,AWP,WE,Combined TRACON& Tower with Radar,346,85,81,1,513,0,0,24,0,24,346,85,105,1,537,14,0,14,551
04/25/2003,SJC,CA,AWP,WE,Combined TRACON& Tower with Radar,335,102,67,1,505,0,2,38,0,40,335,104,105,1,545,12,0,12,557
04/26/2003,SJC,CA,AWP,WE,Combined TRACON& Tower with Radar,259,73,54,0,386,4,0,72,0,76,263,73,126,0,462,36,0,36,498
04/27/2003,SJC,CA,AWP,WE,Combined TRACON& Tower with Radar,291,105,63,0,459,0,0,51,0,51,291,105,114,0,510,76,0,76,586
04/28/2003,SJC,CA,AWP,WE,Combined TRACON& Tower with Radar,334,101,71,0,506,0,24,28,0,52,334,125,99,0,558,18,0,18,576
04/29/2003,SJC,CA,AWP,WE,Combined TRACON& Tower with Radar,339,103,74,0,516,0,0,56,0,56,339,103,130,0,572,70,0,70,642
04/30/2003,SJC,CA,AWP,WE,Combined TRACON& Tower with Radar,347,101,76,0,524,0,0,99,0,99,347,101,175,0,623,80,0,80,703
05/01/2003,SJC,CA,AWP,WE,Combined TRACON& Tower with Radar,329,114,65,0,508,2,1,74,0,77,331,115,139,0,585,34,0,34,619
05/02/2003,SJC,CA,AWP,WE,Combined TRACON& Tower with Radar,356,104,84,0,544,2,0,39,0,41,358,104,123,0,585,12,0,12,597
05/03/2003,SJC,CA,AWP,WE,Combined TRACON& Tower with Radar,236,54,35,0,325,2,0,27,0,29,238,54,62,0,354,8,0,8,362
05/04/2003,SJC,CA,AWP,WE,Combined TRACON& Tower with Radar,272,95,66,0,433,0,2,62,1,65,272,97,128,1,498,80,0,80,578
05/05/2003,SJC,CA,AWP,WE,Combined TRACON& Tower with Radar,350,108,77,0,535,7,0,99,2,108,357,108,176,2,643,92,0,92,735
05/06/2003,SJC,CA,AWP,WE,Combined TRACON& Tower with Radar,334,103,75,0,512,2,3,40,0,45,336,106,115,0,557,0,0,0,557
05/07/2003,SJC,CA,AWP,WE,Combined TRACON& Tower with Radar,313,78,70,0,461,22,0,71,1,94,335,78,141,1,555,24,0,24,579
05/08/2003,SJC,CA,AWP,WE,Combined TRACON& Tower with Radar,346,168,73,2,589,2,0,32,0,34,348,168,105,2,623,44,0,44,667
05/09/2003,SJC,CA,AWP,WE,Combined TRACON& Tower with Radar,312,87,69,0,468,19,0,124,0,143,331,87,193,0,611,66,0,66,677
05/10/2003,SJC,CA,AWP,WE,Combined TRACON& Tower with Radar,210,62,46,0,318,11,0,82,0,93,221,62,128,0,411,56,0,56,467
05/11/2003,SJC,CA,AWP,WE,Combined TRACON& Tower with Radar,301,86,57,0,444,2,1,90,0,93,303,87,147,0,537,12,0,12,549
05/12/2003,SJC,CA,AWP,WE,Combined TRACON& Tower with Radar,330,113,65,1,509,2,0,85,1,88,332,113,150,2,597,16,0,16,613
05/13/2003,SJC,CA,AWP,WE,Combined TRACON& Tower with Radar,319,85,72,0,476,17,0,110,0,127,336,85,182,0,603,36,0,36,639
05/14/2003,SJC,CA,AWP,WE,Combined TRACON& Tower with Radar,320,71,89,0,480,2,0,70,3,75,322,71,159,3,555,50,0,50,605
05/15/2003,SJC,CA,AWP,WE,Combined TRACON& Tower with Radar,339,82,99,0,520,2,1,67,1,71,341,83,166,1,591,38,0,38,629
05/16/2003,SJC,CA,AWP,WE,Combined TRACON& Tower with Radar,355,109,71,0,535,2,0,89,0,91,357,109,160,0,626,20,0,20,646
05/17/2003,SJC,CA,AWP,WE,Combined TRACON& Tower with Radar,246,72,34,2,354,2,1,77,0,80,248,73,111,2,434,28,0,28,462
05/18/2003,SJC,CA,AWP,WE,Combined TRACON& Tower with Radar,297,108,58,0,463,2,1,76,0,79,299,109,134,0,542,38,0,38,580
05/19/2003,SJC,CA,AWP,WE,Combined TRACON& Tower with Radar,348,108,78,0,534,2,2,112,0,116,350,110,190,0,650,40,0,40,690
05/20/2003,SJC,CA,AWP,WE,Combined TRACON& Tower with Radar,364,95,89,0,548,1,1,98,0,100,365,96,187,0,648,14,0,14,662
05/21/2003,SJC,CA,AWP,WE,Combined TRACON& Tower with Radar,336,104,66,0,506,1,2,102,0,105,337,106,168,0,611,18,0,18,629
05/22/2003,SJC,CA,AWP,WE,Combined TRACON& Tower with Radar,341,100,82,1,524,1,0,102,0,103,342,100,184,1,627,14,0,14,641
05/23/2003,SJC,CA,AWP,WE,Combined TRACON& Tower with Radar,361,121,74,0,556,1,3,167,0,171,362,124,241,0,727,8,0,8,735
05/24/2003,SJC,CA,AWP,WE,Combined TRACON& Tower with Radar,236,67,64,0,367,1,2,60,8,71,237,69,124,8,438,80,0,80,518
05/25/2003,SJC,CA,AWP,WE,Combined TRACON& Tower with Radar,233,74,54,0,361,0,6,13,0,19,233,80,67,0,380,18,0,18,398
05/26/2003,SJC,CA,AWP,WE,Combined TRACON& Tower with Radar,279,104,57,0,440,1,1,70,0,72,280,105,127,0,512,8,0,8,520
05/27/2003,SJC,CA,AWP,WE,Combined TRACON& Tower with Radar,114,35,26,0,175,234,71,137,0,442,348,106,163,0,617,18,0,18,635
05/28/2003,SJC,CA,AWP,WE,Combined TRACON& Tower with Radar,346,94,98,0,538,1,1,141,0,143,347,95,239,0,681,22,0,22,703
05/29/2003,SJC,CA,AWP,WE,Combined TRACON& Tower with Radar,357,103,72,0,532,1,5,85,0,91,358,108,157,0,623,20,0,20,643
05/30/2003,SJC,CA,AWP,WE,Combined TRACON& Tower with Radar,331,88,74,0,493,1,0,71,0,72,332,88,145,0,565,46,0,46,611
05/31/2003,SJC,CA,AWP,WE,Combined TRACON& Tower with Radar,223,50,50,1,324,35,0,43,0,78,258,50,93,1,402,10,0,10,412
06/01/2003,SJC,CA,AWP,WE,Combined TRACON& Tower with Radar,284,95,53,0,432,0,0,79,0,79,284,95,132,0,511,6,0,6,517
06/02/2003,SJC,CA,AWP,WE,Combined TRACON& Tower with Radar,336,112,72,0,520,1,14,77,0,92,337,126,149,0,612,44,0,44,656
06/03/2003,SJC,CA,AWP,WE,Combined TRACON& Tower with Radar,347,116,73,0,536,6,11,102,1,120,353,127,175,1,656,66,0,66,722
06/04/2003,SJC,CA,AWP,WE,Combined TRACON& Tower with Radar,341,108,69,0,518,0,0,99,0,99,341,108,168,0,617,22,0,22,639
06/05/2003,SJC,CA,AWP,WE,Combined TRACON& Tower with Radar,330,96,70,0,496,0,0,102,1,103,330,96,172,1,599,48,0,48,647
06/06/2003,SJC,CA,AWP,WE,Combined TRACON& Tower with Radar,352,123,66,0,541,0,0,127,0,127,352,123,193,0,668,36,0,36,704
06/07/2003,SJC,CA,AWP,WE,Combined TRACON& Tower with Radar,270,67,73,0,410,0,0,59,0,59,270,67,132,0,469,54,0,54,523
06/08/2003,SJC,CA,AWP,WE,Combined TRACON& Tower with Radar,301,106,67,0,474,0,0,81,0,81,301,106,148,0,555,30,0,30,585
06/09/2003,SJC,CA,AWP,WE,Combined TRACON& Tower with Radar,322,119,77,0,518,0,30,73,0,103,322,149,150,0,621,18,0,18,639
06/10/2003,SJC,CA,AWP,WE,Combined TRACON& Tower with Radar,355,111,75,0,541,6,0,115,0,121,361,111,190,0,662,30,0,30,692
06/11/2003,SJC,CA,AWP,WE,Combined TRACON& Tower with Radar,350,96,98,0,544,0,0,64,0,64,350,96,162,0,608,2,0,2,610
06/12/2003,SJC,CA,AWP,WE,Combined TRACON& Tower with Radar,344,113,114,0,571,0,0,69,0,69,344,113,183,0,640,66,0,66,706
06/13/2003,SJC,CA,AWP,WE,Combined TRACON& Tower with Radar,319,121,75,1,516,0,0,52,0,52,319,121,127,1,568,18,0,18,586
06/14/2003,SJC,CA,AWP,WE,Combined TRACON& Tower with Radar,277,92,60,0,429,0,0,114,1,115,277,92,174,1,544,44,0,44,588
06/15/2003,SJC,CA,AWP,WE,Combined TRACON& Tower with Radar,290,92,62,0,444,22,0,65,0,87,312,92,127,0,531,20,0,20,551
06/16/2003,SJC,CA,AWP,WE,Combined TRACON& Tower with Radar,325,109,69,0,503,3,13,91,0,107,328,122,160,0,610,38,0,38,648
06/17/2003,SJC,CA,AWP,WE,Combined TRACON& Tower with Radar,329,120,86,2,537,0,0,111,0,111,329,120,197,2,648,64,0,64,712
06/18/2003,SJC,CA,AWP,WE,Combined TRACON& Tower with Radar,317,105,58,0,480,0,0,86,0,86,317,105,144,0,566,0,0,0,566
06/19/2003,SJC,CA,AWP,WE,Combined TRACON& Tower with Radar,370,119,94,0,583,0,0,82,0,82,370,119,176,0,665,42,0,42,707
06/20/2003,SJC,CA,AWP,WE,Combined TRACON& Tower with Radar,352,117,86,0,555,0,3,113,0,116,352,120,199,0,671,52,0,52,723
06/21/2003,SJC,CA,AWP,WE,Combined TRACON& Tower with Radar,275,59,26,0,360,0,3,72,0,75,275,62,98,0,435,58,0,58,493
06/22/2003,SJC,CA,AWP,WE,Combined TRACON& Tower with Radar,330,106,63,0,499,0,0,85,0,85,330,106,148,0,584,44,0,44,628
06/23/2003,SJC,CA,AWP,WE,Combined TRACON& Tower with Radar,340,114,74,0,528,0,9,98,0,107,340,123,172,0,635,10,0,10,645
06/24/2003,SJC,CA,AWP,WE,Combined TRACON& Tower with Radar,323,107,69,0,499,16,0,68,0,84,339,107,137,0,583,24,0,24,607
06/25/2003,SJC,CA,AWP,WE,Combined TRACON& Tower with Radar,369,141,83,0,593,0,0,119,0,119,369,141,202,0,712,8,0,8,720
06/26/2003,SJC,CA,AWP,WE,Combined TRACON& Tower with Radar,355,118,92,0,565,0,7,81,0,88,355,125,173,0,653,2,0,2,655
06/27/2003,SJC,CA,AWP,WE,Combined TRACON& Tower with Radar,343,134,94,1,572,0,2,103,0,105,343,136,197,1,677,42,0,42,719
06/28/2003,SJC,CA,AWP,WE,Combined TRACON& Tower with Radar,257,63,55,0,375,39,0,86,0,125,296,63,141,0,500,50,0,50,550
06/29/2003,SJC,CA,AWP,WE,Combined TRACON& Tower with Radar,306,101,66,0,473,9,8,38,0,55,315,109,104,0,528,18,0,18,546
06/30/2003,SJC,CA,AWP,WE,Combined TRACON& Tower with Radar,339,103,77,0,519,0,0,88,0,88,339,103,165,0,607,10,0,10,617
07/01/2003,SJC,CA,AWP,WE,Combined TRACON& Tower with Radar,333,127,68,0,528,0,11,97,1,109,333,138,165,1,637,42,0,42,679
07/02/2003,SJC,CA,AWP,WE,Combined TRACON& Tower with Radar,349,124,66,0,539,0,0,113,0,113,349,124,179,0,652,106,0,106,758
07/03/2003,SJC,CA,AWP,WE,Combined TRACON& Tower with Radar,339,70,38,0,447,5,0,93,0,98,344,70,131,0,545,38,0,38,583
07/04/2003,SJC,CA,AWP,WE,Combined TRACON& Tower with Radar,251,66,18,0,335,5,0,60,0,65,256,66,78,0,400,20,0,20,420
07/05/2003,SJC,CA,AWP,WE,Combined TRACON& Tower with Radar,237,85,32,0,354,5,0,44,0,49,242,85,76,0,403,18,0,18,421
07/06/2003,SJC,CA,AWP,WE,Combined TRACON& Tower with Radar,302,133,60,0,495,5,0,90,0,95,307,133,150,0,590,76,0,76,666
07/07/2003,SJC,CA,AWP,WE,Combined TRACON& Tower with Radar,326,125,66,0,517,0,12,73,0,85,326,137,139,0,602,38,0,38,640
07/08/2003,SJC,CA,AWP,WE,Combined TRACON& Tower with Radar,335,127,67,0,529,0,7,100,8,115,335,134,167,8,644,30,0,30,674
07/09/2003,SJC,CA,AWP,WE,Combined TRACON& Tower with Radar,338,90,49,0,477,5,0,89,0,94,343,90,138,0,571,18,0,18,589
07/10/2003,SJC,CA,AWP,WE,Combined TRACON& Tower with Radar,313,93,44,0,450,5,0,101,0,106,318,93,145,0,556,56,0,56,612
07/11/2003,SJC,CA,AWP,WE,Combined TRACON& Tower with Radar,303,116,61,0,480,5,0,99,0,104,308,116,160,0,584,6,0,6,590
07/12/2003,SJC,CA,AWP,WE,Combined TRACON& Tower with Radar,249,83,47,0,379,13,0,80,0,93,262,83,127,0,472,56,0,56,528
07/13/2003,SJC,CA,AWP,WE,Combined TRACON& Tower with Radar,297,112,58,0,467,0,13,64,0,77,297,125,122,0,544,38,0,38,582
07/14/2003,SJC,CA,AWP,WE,Combined TRACON& Tower with Radar,352,128,68,0,548,0,9,76,1,86,352,137,144,1,634,12,0,12,646
07/15/2003,SJC,CA,AWP,WE,Combined TRACON& Tower with Radar,349,126,66,0,541,0,3,111,2,116,349,129,177,2,657,32,0,32,689
07/16/2003,SJC,CA,AWP,WE,Combined TRACON& Tower with Radar,369,97,73,0,539,5,0,81,0,86,374,97,154,0,625,70,0,70,695
07/17/2003,SJC,CA,AWP,WE,Combined TRACON& Tower with Radar,346,90,87,0,523,5,0,73,0,78,351,90,160,0,601,0,0,0,601
07/18/2003,SJC,CA,AWP,WE,Combined TRACON& Tower with Radar,359,113,80,0,552,5,0,113,0,118,364,113,193,0,670,96,0,96,766
07/19/2003,SJC,CA,AWP,WE,Combined TRACON& Tower with Radar,226,75,43,0,344,20,0,48,0,68,246,75,91,0,412,22,0,22,434
07/20/2003,SJC,CA,AWP,WE,Combined TRACON& Tower with Radar,320,107,61,0,488,0,0,96,0,96,320,107,157,0,584,22,0,22,606
07/21/2003,SJC,CA,AWP,WE,Combined TRACON& Tower with Radar,359,132,67,0,558,5,0,90,0,95,364,132,157,0,653,24,0,24,677
07/22/2003,SJC,CA,AWP,WE,Combined TRACON& Tower with Radar,321,121,64,0,506,0,28,81,0,109,321,149,145,0,615,10,0,10,625
07/23/2003,SJC,CA,AWP,WE,Combined TRACON& Tower with Radar,364,117,81,0,562,5,0,107,0,112,369,117,188,0,674,98,0,98,772
07/24/2003,SJC,CA,AWP,WE,Combined TRACON& Tower with Radar,333,120,76,0,529,5,0,93,0,98,338,120,169,0,627,146,0,146,773
07/25/2003,SJC,CA,AWP,WE,Combined TRACON& Tower with Radar,374,132,64,2,572,5,1,114,0,120,379,133,178,2,692,38,0,38,730
07/26/2003,SJC,CA,AWP,WE,Combined TRACON& Tower with Radar,254,91,49,0,394,5,9,72,0,86,259,100,121,0,480,56,0,56,536
07/27/2003,SJC,CA,AWP,WE,Combined TRACON& Tower with Radar,309,93,81,0,483,5,0,83,0,88,314,93,164,0,571,56,0,56,627
07/28/2003,SJC,CA,AWP,WE,Combined TRACON& Tower with Radar,342,122,66,0,530,0,12,72,0,84,342,134,138,0,614,56,0,56,670
07/29/2003,SJC,CA,AWP,WE,Combined TRACON& Tower with Radar,345,123,66,0,534,0,5,84,0,89,345,128,150,0,623,4,0,4,627
07/30/2003,SJC,CA,AWP,WE,Combined TRACON& Tower with Radar,364,118,80,0,562,5,0,97,0,102,369,118,177,0,664,52,0,52,716
07/31/2003,SJC,CA,AWP,WE,Combined TRACON& Tower with Radar,347,101,40,3,491,5,0,80,1,86,352,101,120,4,577,24,0,24,601
08/01/2003,SJC,CA,AWP,WE,Combined TRACON& Tower with Radar,337,148,63,0,548,1,0,70,0,71,338,148,133,0,619,22,0,22,641
08/02/2003,SJC,CA,AWP,WE,Combined TRACON& Tower with Radar,267,90,54,1,412,1,0,66,0,67,268,90,120,1,479,64,0,64,543
08/03/2003,SJC,CA,AWP,WE,Combined TRACON& Tower with Radar,299,102,57,0,458,0,0,35,0,35,299,102,92,0,493,98,0,98,591
08/04/2003,SJC,CA,AWP,WE,Combined TRACON& Tower with Radar,320,123,67,0,510,0,1,68,0,69,320,124,135,0,579,38,0,38,617
08/05/2003,SJC,CA,AWP,WE,Combined TRACON& Tower with Radar,344,122,67,0,533,0,20,85,0,105,344,142,152,0,638,4,0,4,642
08/06/2003,SJC,CA,AWP,WE,Combined TRACON& Tower with Radar,378,133,93,0,604,0,2,75,0,77,378,135,168,0,681,36,0,36,717
08/07/2003,SJC,CA,AWP,WE,Combined TRACON& Tower with Radar,294,99,56,0,449,0,0,103,10,113,294,99,159,10,562,26,0,26,588
08/08/2003,SJC,CA,AWP,WE,Combined TRACON& Tower with Radar,330,117,74,0,521,0,3,112,0,115,330,120,186,0,636,74,0,74,710
08/09/2003,SJC,CA,AWP,WE,Combined TRACON& Tower with Radar,256,88,48,0,392,3,3,64,0,70,259,91,112,0,462,16,0,16,478
08/10/2003,SJC,CA,AWP,WE,Combined TRACON& Tower with Radar,286,125,50,0,461,0,2,96,0,98,286,127,146,0,559,116,0,116,675
08/11/2003,SJC,CA,AWP,WE,Combined TRACON& Tower with Radar,337,111,65,0,513,0,0,123,0,123,337,111,188,0,636,56,0,56,692
08/12/2003,SJC,CA,AWP,WE,Combined TRACON& Tower with Radar,351,116,83,0,550,0,0,89,1,90,351,116,172,1,640,12,0,12,652
08/13/2003,SJC,CA,AWP,WE,Combined TRACON& Tower with Radar,321,125,72,0,518,0,4,85,0,89,321,129,157,0,607,120,0,120,727
08/14/2003,SJC,CA,AWP,WE,Combined TRACON& Tower with Radar,333,87,63,0,483,0,1,77,0,78,333,88,140,0,561,10,0,10,571
08/15/2003,SJC,CA,AWP,WE,Combined TRACON& Tower with Radar,309,118,52,0,479,0,1,107,0,108,309,119,159,0,587,56,0,56,643
08/16/2003,SJC,CA,AWP,WE,Combined TRACON& Tower with Radar,278,93,47,0,418,0,0,79,0,79,278,93,126,0,497,84,0,84,581
08/17/2003,SJC,CA,AWP,WE,Combined TRACON& Tower with Radar,328,109,61,0,498,0,0,114,0,114,328,109,175,0,612,84,0,84,696
08/18/2003,SJC,CA,AWP,WE,Combined TRACON& Tower with Radar,334,117,62,0,513,10,1,51,0,62,344,118,113,0,575,26,0,26,601
08/19/2003,SJC,CA,AWP,WE,Combined TRACON& Tower with Radar,359,134,72,0,565,0,7,99,0,106,359,141,171,0,671,58,0,58,729
08/20/2003,SJC,CA,AWP,WE,Combined TRACON& Tower with Radar,375,97,69,1,542,0,1,112,1,114,375,98,181,2,656,18,0,18,674
08/21/2003,SJC,CA,AWP,WE,Combined TRACON& Tower with Radar,302,116,68,0,486,0,1,46,0,47,302,117,114,0,533,42,0,42,575
08/22/2003,SJC,CA,AWP,WE,Combined TRACON& Tower with Radar,332,125,62,0,519,0,1,75,0,76,332,126,137,0,595,68,0,68,663
08/23/2003,SJC,CA,AWP,WE,Combined TRACON& Tower with Radar,245,86,46,0,377,6,0,59,0,65,251,86,105,0,442,16,0,16,458
08/24/2003,SJC,CA,AWP,WE,Combined TRACON& Tower with Radar,283,113,46,0,442,0,2,75,0,77,283,115,121,0,519,46,0,46,565
08/25/2003,SJC,CA,AWP,WE,Combined TRACON& Tower with Radar,326,124,54,1,505,0,2,96,0,98,326,126,150,1,603,14,0,14,617
08/26/2003,SJC,CA,AWP,WE,Combined TRACON& Tower with Radar,344,130,63,0,537,0,2,99,0,101,344,132,162,0,638,10,0,10,648
08/27/2003,SJC,CA,AWP,WE,Combined TRACON& Tower with Radar,337,108,50,0,495,0,2,101,0,103,337,110,151,0,598,94,0,94,692
08/28/2003,SJC,CA,AWP,WE,Combined TRACON& Tower with Radar,357,98,70,0,525,0,0,61,0,61,357,98,131,0,586,36,0,36,622
08/29/2003,SJC,CA,AWP,WE,Combined TRACON& Tower with Radar,340,88,61,1,490,0,2,101,0,103,340,90,162,1,593,46,0,46,639
08/30/2003,SJC,CA,AWP,WE,Combined TRACON& Tower with Radar,260,84,35,0,379,0,0,45,0,45,260,84,80,0,424,14,0,14,438
08/31/2003,SJC,CA,AWP,WE,Combined TRACON& Tower with Radar,237,79,45,0,361,20,0,38,0,58,257,79,83,0,419,8,0,8,427
09/01/2003,SJC,CA,AWP,WE,Combined TRACON& Tower with Radar,297,106,59,0,462,15,12,57,0,84,312,118,116,0,546,32,0,32,578
09/02/2003,SJC,CA,AWP,WE,Combined TRACON& Tower with Radar,337,115,67,0,519,0,0,59,0,59,337,115,126,0,578,6,0,6,584
09/03/2003,SJC,CA,AWP,WE,Combined TRACON& Tower with Radar,346,106,71,0,523,0,1,58,0,59,346,107,129,0,582,2,0,2,584
09/04/2003,SJC,CA,AWP,WE,Combined TRACON& Tower with Radar,346,280,62,0,688,0,3,85,0,88,346,283,147,0,776,20,0,20,796
09/05/2003,SJC,CA,AWP,WE,Combined TRACON& Tower with Radar,312,112,98,0,522,0,3,73,0,76,312,115,171,0,598,38,0,38,636
09/06/2003,SJC,CA,AWP,WE,Combined TRACON& Tower with Radar,277,102,56,0,435,0,10,61,0,71,277,112,117,0,506,42,0,42,548
09/07/2003,SJC,CA,AWP,WE,Combined TRACON& Tower with Radar,295,92,57,0,444,21,0,77,0,98,316,92,134,0,542,0,0,0,542
09/08/2003,SJC,CA,AWP,WE,Combined TRACON& Tower with Radar,305,90,69,0,464,0,1,66,1,68,305,91,135,1,532,28,0,28,560
09/09/2003,SJC,CA,AWP,WE,Combined TRACON& Tower with Radar,367,120,73,0,560,5,0,53,0,58,372,120,126,0,618,44,0,44,662
09/10/2003,SJC,CA,AWP,WE,Combined TRACON& Tower with Radar,333,123,86,1,543,0,2,88,0,90,333,125,174,1,633,12,0,12,645
09/11/2003,SJC,CA,AWP,WE,Combined TRACON& Tower with Radar,313,109,41,0,463,0,1,95,0,96,313,110,136,0,559,20,0,20,579
09/12/2003,SJC,CA,AWP,WE,Combined TRACON& Tower with Radar,361,105,65,0,531,0,6,114,0,120,361,111,179,0,651,18,0,18,669
09/13/2003,SJC,CA,AWP,WE,Combined TRACON& Tower with Radar,246,88,49,0,383,0,23,46,0,69,246,111,95,0,452,8,0,8,460
09/14/2003,SJC,CA,AWP,WE,Combined TRACON& Tower with Radar,287,103,57,0,447,0,15,66,0,81,287,118,123,0,528,0,0,0,528
09/15/2003,SJC,CA,AWP,WE,Combined TRACON& Tower with Radar,303,110,61,0,474,0,1,66,0,67,303,111,127,0,541,20,0,20,561
09/16/2003,SJC,CA,AWP,WE,Combined TRACON& Tower with Radar,308,95,61,0,464,11,0,64,0,75,319,95,125,0,539,48,0,48,587
09/17/2003,SJC,CA,AWP,WE,Combined TRACON& Tower with Radar,318,100,64,0,482,6,0,74,0,80,324,100,138,0,562,0,0,0,562
09/18/2003,SJC,CA,AWP,WE,Combined TRACON& Tower with Radar,374,114,64,0,552,0,2,87,0,89,374,116,151,0,641,36,0,36,677
09/19/2003,SJC,CA,AWP,WE,Combined TRACON& Tower with Radar,305,137,66,0,508,0,11,91,0,102,305,148,157,0,610,0,0,0,610
09/20/2003,SJC,CA,AWP,WE,Combined TRACON& Tower with Radar,225,76,45,0,346,10,0,64,2,76,235,76,109,2,422,30,0,30,452
09/21/2003,SJC,CA,AWP,WE,Combined TRACON& Tower with Radar,297,108,60,0,465,0,20,70,1,91,297,128,130,1,556,38,0,38,594
09/22/2003,SJC,CA,AWP,WE,Combined TRACON& Tower with Radar,318,106,60,0,484,0,1,74,0,75,318,107,134,0,559,12,0,12,571
09/23/2003,SJC,CA,AWP,WE,Combined TRACON& Tower with Radar,317,122,57,1,497,0,5,78,0,83,317,127,135,1,580,18,0,18,598
09/24/2003,SJC,CA,AWP,WE,Combined TRACON& Tower with Radar,355,88,70,0,513,0,1,73,0,74,355,89,143,0,587,62,0,62,649
09/25/2003,SJC,CA,AWP,WE,Combined TRACON& Tower with Radar,346,100,91,0,537,0,1,74,0,75,346,101,165,0,612,92,0,92,704
09/26/2003,SJC,CA,AWP,WE,Combined TRACON& Tower with Radar,339,129,91,0,559,0,2,67,0,69,339,131,158,0,628,48,0,48,676
09/27/2003,SJC,CA,AWP,WE,Combined TRACON& Tower with Radar,227,87,48,0,362,0,0,53,0,53,227,87,101,0,415,16,0,16,431
09/28/2003,SJC,CA,AWP,WE,Combined TRACON& Tower with Radar,276,100,75,0,451,0,4,60,0,64,276,104,135,0,515,22,0,22,537
09/29/2003,SJC,CA,AWP,WE,Combined TRACON& Tower with Radar,304,129,54,0,487,0,2,56,0,58,304,131,110,0,545,2,0,2,547
09/30/2003,SJC,CA,AWP,WE,Combined TRACON& Tower with Radar,295,87,58,0,440,15,0,81,0,96,310,87,139,0,536,30,0,30,566
10/01/2003,SJC,CA,AWP,WE,Combined TRACON& Tower with Radar,326,83,62,0,471,27,0,98,0,125,353,83,160,0,596,96,0,96,692
10/02/2003,SJC,CA,AWP,WE,Combined TRACON& Tower with Radar,330,120,65,0,515,0,3,73,0,76,330,123,138,0,591,4,0,4,595
10/03/2003,SJC,CA,AWP,WE,Combined TRACON& Tower with Radar,315,114,62,0,491,0,8,58,1,67,315,122,120,1,558,144,0,144,702
10/04/2003,SJC,CA,AWP,WE,Combined TRACON& Tower with Radar,229,85,46,0,360,0,2,82,0,84,229,87,128,0,444,76,0,76,520
10/05/2003,SJC,CA,AWP,WE,Combined TRACON& Tower with Radar,299,118,67,0,484,0,0,51,0,51,299,118,118,0,535,10,0,10,545
10/06/2003,SJC,CA,AWP,WE,Combined TRACON& Tower with Radar,359,120,69,0,548,4,0,86,0,90,363,120,155,0,638,48,0,48,686
10/07/2003,SJC,CA,AWP,WE,Combined TRACON& Tower with Radar,313,116,62,0,491,0,13,79,0,92,313,129,141,0,583,26,0,26,609
10/08/2003,SJC,CA,AWP,WE,Combined TRACON& Tower with Radar,348,129,69,0,546,0,24,76,0,100,348,153,145,0,646,56,0,56,702
10/09/2003,SJC,CA,AWP,WE,Combined TRACON& Tower with Radar,350,126,67,0,543,0,0,69,0,69,350,126,136,0,612,6,0,6,618
10/10/2003,SJC,CA,AWP,WE,Combined TRACON& Tower with Radar,344,126,68,0,538,0,8,71,0,79,344,134,139,0,617,20,0,20,637
10/11/2003,SJC,CA,AWP,WE,Combined TRACON& Tower with Radar,215,77,40,0,332,9,3,31,0,43,224,80,71,0,375,18,0,18,393
10/12/2003,SJC,CA,AWP,WE,Combined TRACON& Tower with Radar,290,103,55,0,448,5,7,60,0,72,295,110,115,0,520,60,0,60,580
10/13/2003,SJC,CA,AWP,WE,Combined TRACON& Tower with Radar,330,118,62,0,510,13,3,62,0,78,343,121,124,0,588,14,0,14,602
10/14/2003,SJC,CA,AWP,WE,Combined TRACON& Tower with Radar,323,121,64,0,508,0,5,114,0,119,323,126,178,0,627,54,0,54,681
10/15/2003,SJC,CA,AWP,WE,Combined TRACON& Tower with Radar,352,124,66,0,542,3,4,108,0,115,355,128,174,0,657,74,0,74,731
10/16/2003,SJC,CA,AWP,WE,Combined TRACON& Tower with Radar,324,109,63,0,496,0,0,87,0,87,324,109,150,0,583,26,0,26,609
10/17/2003,SJC,CA,AWP,WE,Combined TRACON& Tower with Radar,311,110,59,0,480,0,5,86,0,91,311,115,145,0,571,152,0,152,723
10/18/2003,SJC,CA,AWP,WE,Combined TRACON& Tower with Radar,240,77,45,0,362,10,0,50,0,60,250,77,95,0,422,80,0,80,502
10/19/2003,SJC,CA,AWP,WE,Combined TRACON& Tower with Radar,294,103,55,0,452,9,1,58,0,68,303,104,113,0,520,78,0,78,598
10/20/2003,SJC,CA,AWP,WE,Combined TRACON& Tower with Radar,319,118,63,0,500,0,8,69,1,78,319,126,132,1,578,44,0,44,622
10/21/2003,SJC,CA,AWP,WE,Combined TRACON& Tower with Radar,320,117,64,0,501,0,0,104,0,104,320,117,168,0,605,90,0,90,695
10/22/2003,SJC,CA,AWP,WE,Combined TRACON& Tower with Radar,338,83,63,0,484,10,0,82,0,92,348,83,145,0,576,42,0,42,618
10/23/2003,SJC,CA,AWP,WE,Combined TRACON& Tower with Radar,327,116,63,0,506,0,0,63,0,63,327,116,126,0,569,0,0,0,569
10/24/2003,SJC,CA,AWP,WE,Combined TRACON& Tower with Radar,330,117,62,0,509,0,21,65,0,86,330,138,127,0,595,6,0,6,601
10/25/2003,SJC,CA,AWP,WE,Combined TRACON& Tower with Radar,243,87,47,0,377,0,19,43,1,63,243,106,90,1,440,26,0,26,466
10/26/2003,SJC,CA,AWP,WE,Combined TRACON& Tower with Radar,266,85,50,0,401,23,0,72,0,95,289,85,122,0,496,60,0,60,556
10/27/2003,SJC,CA,AWP,WE,Combined TRACON& Tower with Radar,316,118,64,0,498,0,6,90,0,96,316,124,154,0,594,0,0,0,594
10/28/2003,SJC,CA,AWP,WE,Combined TRACON& Tower with Radar,329,117,62,0,508,26,4,53,1,84,355,121,115,1,592,22,0,22,614
10/29/2003,SJC,CA,AWP,WE,Combined TRACON& Tower with Radar,323,88,61,0,472,30,0,64,0,94,353,88,125,0,566,10,0,10,576
10/30/2003,SJC,CA,AWP,WE,Combined TRACON& Tower with Radar,328,104,62,0,494,13,0,59,0,72,341,104,121,0,566,40,0,40,606
10/31/2003,SJC,CA,AWP,WE,Combined TRACON& Tower with Radar,292,72,55,0,419,23,0,20,0,43,315,72,75,0,462,4,0,4,466
11/01/2003,SJC,CA,AWP,WE,Combined TRACON& Tower with Radar,237,75,46,0,358,0,7,47,2,56,237,82,93,2,414,56,0,56,470
11/02/2003,SJC,CA,AWP,WE,Combined TRACON& Tower with Radar,285,89,55,0,429,2,8,42,0,52,287,97,97,0,481,30,0,30,511
11/03/2003,SJC,CA,AWP,WE,Combined TRACON& Tower with Radar,347,104,67,0,518,0,0,59,0,59,347,104,126,0,577,16,0,16,593
11/04/2003,SJC,CA,AWP,WE,Combined TRACON& Tower with Radar,337,105,66,0,508,0,8,63,0,71,337,113,129,0,579,12,0,12,591
11/05/2003,SJC,CA,AWP,WE,Combined TRACON& Tower with Radar,335,91,66,0,492,0,0,75,0,75,335,91,141,0,567,42,0,42,609
11/06/2003,SJC,CA,AWP,WE,Combined TRACON& Tower with Radar,332,107,67,0,506,0,6,42,1,49,332,113,109,1,555,18,0,18,573
11/07/2003,SJC,CA,AWP,WE,Combined TRACON& Tower with Radar,318,104,66,0,488,0,8,34,0,42,318,112,100,0,530,8,0,8,538
11/08/2003,SJC,CA,AWP,WE,Combined TRACON& Tower with Radar,251,81,50,0,382,0,12,19,0,31,251,93,69,0,413,18,0,18,431
11/09/2003,SJC,CA,AWP,WE,Combined TRACON& Tower with Radar,260,86,53,0,399,0,9,25,0,34,260,95,78,0,433,26,0,26,459
11/10/2003,SJC,CA,AWP,WE,Combined TRACON& Tower with Radar,310,99,62,0,471,0,23,40,0,63,310,122,102,0,534,0,0,0,534
11/11/2003,SJC,CA,AWP,WE,Combined TRACON& Tower with Radar,307,96,58,0,461,18,1,62,4,85,325,97,120,4,546,6,0,6,552
11/12/2003,SJC,CA,AWP,WE,Combined TRACON& Tower with Radar,337,96,65,0,498,28,0,45,0,73,365,96,110,0,571,52,0,52,623
11/13/2003,SJC,CA,AWP,WE,Combined TRACON& Tower with Radar,335,102,65,0,502,0,0,78,0,78,335,102,143,0,580,34,0,34,614
11/14/2003,SJC,CA,AWP,WE,Combined TRACON& Tower with Radar,301,110,68,0,479,0,7,62,0,69,301,117,130,0,548,22,0,22,570
11/15/2003,SJC,CA,AWP,WE,Combined TRACON& Tower with Radar,234,71,45,0,350,0,5,19,2,26,234,76,64,2,376,0,0,0,376
11/16/2003,SJC,CA,AWP,WE,Combined TRACON& Tower with Radar,270,85,53,0,408,0,14,55,0,69,270,99,108,0,477,56,0,56,533
11/17/2003,SJC,CA,AWP,WE,Combined TRACON& Tower with Radar,346,103,66,0,515,13,0,20,0,33,359,103,86,0,548,58,0,58,606
11/18/2003,SJC,CA,AWP,WE,Combined TRACON& Tower with Radar,311,92,59,0,462,16,0,58,0,74,327,92,117,0,536,12,0,12,548
11/19/2003,SJC,CA,AWP,WE,Combined TRACON& Tower with Radar,313,102,64,0,479,0,4,97,0,101,313,106,161,0,580,48,0,48,628
11/20/2003,SJC,CA,AWP,WE,Combined TRACON& Tower with Radar,348,107,67,0,522,0,0,89,3,92,348,107,156,3,614,28,0,28,642
11/21/2003,SJC,CA,AWP,WE,Combined TRACON& Tower with Radar,311,90,59,0,460,4,0,48,0,52,315,90,107,0,512,46,0,46,558
11/22/2003,SJC,CA,AWP,WE,Combined TRACON& Tower with Radar,237,73,46,0,356,0,8,51,0,59,237,81,97,0,415,36,0,36,451
11/23/2003,SJC,CA,AWP,WE,Combined TRACON& Tower with Radar,276,86,53,0,415,3,4,60,0,67,279,90,113,0,482,106,0,106,588
11/24/2003,SJC,CA,AWP,WE,Combined TRACON& Tower with Radar,323,65,61,0,449,47,0,80,0,127,370,65,141,0,576,4,0,4,580
11/25/2003,SJC,CA,AWP,WE,Combined TRACON& Tower with Radar,359,109,69,0,537,3,0,87,0,90,362,109,156,0,627,58,0,58,685
11/26/2003,SJC,CA,AWP,WE,Combined TRACON& Tower with Radar,325,70,62,0,457,29,0,86,0,115,354,70,148,0,572,18,0,18,590
11/27/2003,SJC,CA,AWP,WE,Combined TRACON& Tower with Radar,184,41,35,0,260,47,0,2,0,49,231,41,37,0,309,0,0,0,309
11/28/2003,SJC,CA,AWP,WE,Combined TRACON& Tower with Radar,249,68,48,0,365,19,0,35,0,54,268,68,83,0,419,68,0,68,487
11/29/2003,SJC,CA,AWP,WE,Combined TRACON& Tower with Radar,226,76,46,0,348,0,18,31,0,49,226,94,77,0,397,10,0,10,407
11/30/2003,SJC,CA,AWP,WE,Combined TRACON& Tower with Radar,296,102,63,0,461,0,26,25,0,51,296,128,88,0,512,16,0,16,528
12/01/2003,SJC,CA,AWP,WE,Combined TRACON& Tower with Radar,318,94,61,0,473,0,13,47,0,60,318,107,108,0,533,34,0,34,567
12/02/2003,SJC,CA,AWP,WE,Combined TRACON& Tower with Radar,352,100,66,0,518,0,5,62,0,67,352,105,128,0,585,0,0,0,585
12/03/2003,SJC,CA,AWP,WE,Combined TRACON& Tower with Radar,339,104,68,0,511,0,7,56,0,63,339,111,124,0,574,0,0,0,574
12/04/2003,SJC,CA,AWP,WE,Combined TRACON& Tower with Radar,357,100,65,0,522,0,11,46,0,57,357,111,111,0,579,2,0,2,581
12/05/2003,SJC,CA,AWP,WE,Combined TRACON& Tower with Radar,306,95,62,0,463,0,20,43,1,64,306,115,105,1,527,0,0,0,527
12/06/2003,SJC,CA,AWP,WE,Combined TRACON& Tower with Radar,216,62,40,0,318,0,8,5,0,13,216,70,45,0,331,0,0,0,331
12/07/2003,SJC,CA,AWP,WE,Combined TRACON& Tower with Radar,280,76,49,0,405,0,7,35,0,42,280,83,84,0,447,66,0,66,513
12/08/2003,SJC,CA,AWP,WE,Combined TRACON& Tower with Radar,337,95,61,0,493,0,22,65,0,87,337,117,126,0,580,46,0,46,626
12/09/2003,SJC,CA,AWP,WE,Combined TRACON& Tower with Radar,308,84,54,1,447,0,12,52,6,70,308,96,106,7,517,2,0,2,519
12/10/2003,SJC,CA,AWP,WE,Combined TRACON& Tower with Radar,344,99,64,0,507,0,3,47,0,50,344,102,111,0,557,52,0,52,609
12/11/2003,SJC,CA,AWP,WE,Combined TRACON& Tower with Radar,365,100,65,0,530,0,11,74,0,85,365,111,139,0,615,62,0,62,677
12/12/2003,SJC,CA,AWP,WE,Combined TRACON& Tower with Radar,318,91,59,0,468,0,19,41,0,60,318,110,100,0,528,12,0,12,540
12/13/2003,SJC,CA,AWP,WE,Combined TRACON& Tower with Radar,247,52,42,0,341,7,0,32,2,41,254,52,74,2,382,60,0,60,442
12/14/2003,SJC,CA,AWP,WE,Combined TRACON& Tower with Radar,271,75,49,0,395,0,36,23,0,59,271,111,72,0,454,34,0,34,488
12/15/2003,SJC,CA,AWP,WE,Combined TRACON& Tower with Radar,359,97,63,0,519,0,14,60,0,74,359,111,123,0,593,14,0,14,607
12/16/2003,SJC,CA,AWP,WE,Combined TRACON& Tower with Radar,332,70,57,0,459,19,0,84,0,103,351,70,141,0,562,70,0,70,632
12/17/2003,SJC,CA,AWP,WE,Combined TRACON& Tower with Radar,369,81,64,0,514,38,0,88,0,126,407,81,152,0,640,98,0,98,738
12/18/2003,SJC,CA,AWP,WE,Combined TRACON& Tower with Radar,354,71,62,0,487,16,0,72,0,88,370,71,134,0,575,46,0,46,621
12/19/2003,SJC,CA,AWP,WE,Combined TRACON& Tower with Radar,339,90,58,0,487,2,14,14,0,30,341,104,72,0,517,20,0,20,537
12/20/2003,SJC,CA,AWP,WE,Combined TRACON& Tower with Radar,245,69,46,0,360,0,0,14,0,14,245,69,60,0,374,8,0,8,382
12/21/2003,SJC,CA,AWP,WE,Combined TRACON& Tower with Radar,320,92,59,0,471,0,7,46,0,53,320,99,105,0,524,22,0,22,546
12/22/2003,SJC,CA,AWP,WE,Combined TRACON& Tower with Radar,320,73,55,0,448,28,0,37,0,65,348,73,92,0,513,40,0,40,553
12/23/2003,SJC,CA,AWP,WE,Combined TRACON& Tower with Radar,324,63,56,0,443,13,0,26,3,42,337,63,82,3,485,50,0,50,535
12/24/2003,SJC,CA,AWP,WE,Combined TRACON& Tower with Radar,254,59,29,0,342,38,0,0,1,39,292,59,29,1,381,8,0,8,389
12/25/2003,SJC,CA,AWP,WE,Combined TRACON& Tower with Radar,221,46,16,0,283,46,0,0,0,46,267,46,16,0,329,6,0,6,335
12/26/2003,SJC,CA,AWP,WE,Combined TRACON& Tower with Radar,300,78,51,0,429,9,0,46,1,56,309,78,97,1,485,2,0,2,487
12/27/2003,SJC,CA,AWP,WE,Combined TRACON& Tower with Radar,279,68,48,0,395,0,0,64,0,64,279,68,112,0,459,44,0,44,503
12/28/2003,SJC,CA,AWP,WE,Combined TRACON& Tower with Radar,290,77,50,0,417,2,28,15,0,45,292,105,65,0,462,30,0,30,492
12/29/2003,SJC,CA,AWP,WE,Combined TRACON& Tower with Radar,274,58,32,0,364,42,0,0,0,42,316,58,32,0,406,0,0,0,406
12/30/2003,SJC,CA,AWP,WE,Combined TRACON& Tower with Radar,319,66,55,0,440,26,0,5,0,31,345,66,60,0,471,24,0,24,495
12/31/2003,SJC,CA,AWP,WE,Combined TRACON& Tower with Radar,264,36,45,0,345,48,0,5,0,53,312,36,50,0,398,0,0,0,398
01/01/2004,SJC,CA,AWP,WE,Combined TRACON& Tower with Radar,236,36,14,0,286,57,0,0,0,57,293,36,14,0,343,0,0,0,343
01/02/2004,SJC,CA,AWP,WE,Combined TRACON& Tower with Radar,314,73,47,0,434,16,0,0,0,16,330,73,47,0,450,24,0,24,474
01/03/2004,SJC,CA,AWP,WE,Combined TRACON& Tower with Radar,263,69,51,0,383,0,19,75,0,94,263,88,126,0,477,12,0,12,489
01/04/2004,SJC,CA,AWP,WE,Combined TRACON& Tower with Radar,330,80,59,0,469,0,29,42,0,71,330,109,101,0,540,30,0,30,570
01/05/2004,SJC,CA,AWP,WE,Combined TRACON& Tower with Radar,317,77,55,1,450,24,9,45,0,78,341,86,100,1,528,0,0,0,528
01/06/2004,SJC,CA,AWP,WE,Combined TRACON& Tower with Radar,312,75,55,1,443,10,18,22,0,50,322,93,77,1,493,18,0,18,511
01/07/2004,SJC,CA,AWP,WE,Combined TRACON& Tower with Radar,317,59,55,0,431,12,0,28,0,40,329,59,83,0,471,22,0,22,493
01/08/2004,SJC,CA,AWP,WE,Combined TRACON& Tower with Radar,339,59,59,0,457,25,0,75,0,100,364,59,134,0,557,20,0,20,577
01/09/2004,SJC,CA,AWP,WE,Combined TRACON& Tower with Radar,378,92,66,0,536,0,1,48,0,49,378,93,114,0,585,6,0,6,591
01/10/2004,SJC,CA,AWP,WE,Combined TRACON& Tower with Radar,224,26,40,0,290,44,0,16,0,60,268,26,56,0,350,42,0,42,392
01/11/2004,SJC,CA,AWP,WE,Combined TRACON& Tower with Radar,296,63,52,0,411,17,0,24,0,41,313,63,76,0,452,26,0,26,478
01/12/2004,SJC,CA,AWP,WE,Combined TRACON& Tower with Radar,371,80,65,0,516,5,0,35,0,40,376,80,100,0,556,26,0,26,582
01/13/2004,SJC,CA,AWP,WE,Combined TRACON& Tower with Radar,387,74,68,0,529,3,0,42,0,45,390,74,110,0,574,44,0,44,618
01/14/2004,SJC,CA,AWP,WE,Combined TRACON& Tower with Radar,361,73,64,0,498,0,0,21,0,21,361,73,85,0,519,0,0,0,519
01/15/2004,SJC,CA,AWP,WE,Combined TRACON& Tower with Radar,407,85,73,0,565,0,0,40,0,40,407,85,113,0,605,0,0,0,605
01/16/2004,SJC,CA,AWP,WE,Combined TRACON& Tower with Radar,378,107,78,0,563,0,12,62,0,74,378,119,140,0,637,24,0,24,661
01/17/2004,SJC,CA,AWP,WE,Combined TRACON& Tower with Radar,271,56,48,0,375,0,0,40,0,40,271,56,88,0,415,42,0,42,457
01/18/2004,SJC,CA,AWP,WE,Combined TRACON& Tower with Radar,326,73,56,0,455,16,0,37,0,53,342,73,93,0,508,40,0,40,548
01/19/2004,SJC,CA,AWP,WE,Combined TRACON& Tower with Radar,392,107,78,0,577,0,9,39,0,48,392,116,117,0,625,0,0,0,625
01/20/2004,SJC,CA,AWP,WE,Combined TRACON& Tower with Radar,367,92,67,0,526,0,6,54,2,62,367,98,121,2,588,42,0,42,630
01/21/2004,SJC,CA,AWP,WE,Combined TRACON& Tower with Radar,353,78,62,0,493,25,0,62,1,88,378,78,124,1,581,28,0,28,609
01/22/2004,SJC,CA,AWP,WE,Combined TRACON& Tower with Radar,362,89,65,0,516,0,28,73,0,101,362,117,138,0,617,0,0,0,617
01/23/2004,SJC,CA,AWP,WE,Combined TRACON& Tower with Radar,390,98,71,0,559,0,24,51,0,75,390,122,122,0,634,14,0,14,648
01/24/2004,SJC,CA,AWP,WE,Combined TRACON& Tower with Radar,263,62,43,0,368,2,12,0,4,18,265,74,43,4,386,48,0,48,434
01/25/2004,SJC,CA,AWP,WE,Combined TRACON& Tower with Radar,338,80,59,0,477,6,7,60,0,73,344,87,119,0,550,26,0,26,576
01/26/2004,SJC,CA,AWP,WE,Combined TRACON& Tower with Radar,344,86,63,0,493,0,29,38,0,67,344,115,101,0,560,40,0,40,600
01/27/2004,SJC,CA,AWP,WE,Combined TRACON& Tower with Radar,356,80,62,0,498,2,0,22,0,24,358,80,84,0,522,16,0,16,538
01/28/2004,SJC,CA,AWP,WE,Combined TRACON& Tower with Radar,352,74,61,0,487,11,0,45,0,56,363,74,106,0,543,60,0,60,603
01/29/2004,SJC,CA,AWP,WE,Combined TRACON& Tower with Radar,354,97,72,0,523,0,7,35,0,42,354,104,107,0,565,6,0,6,571
01/30/2004,SJC,CA,AWP,WE,Combined TRACON& Tower with Radar,343,86,63,0,492,0,11,48,0,59,343,97,111,0,551,96,0,96,647
01/31/2004,SJC,CA,AWP,WE,Combined TRACON& Tower with Radar,229,49,39,0,317,25,0,66,0,91,254,49,105,0,408,90,0,90,498
02/01/2004,SJC,CA,AWP,WE,Combined TRACON& Tower with Radar,320,75,67,0,462,0,0,20,0,20,320,75,87,0,482,12,0,12,494
02/02/2004,SJC,CA,AWP,WE,Combined TRACON& Tower with Radar,333,93,72,0,498,0,4,20,0,24,333,97,92,0,522,0,0,0,522
02/03/2004,SJC,CA,AWP,WE,Combined TRACON& Tower with Radar,358,99,75,0,532,0,8,16,0,24,358,107,91,0,556,0,0,0,556
02/04/2004,SJC,CA,AWP,WE,Combined TRACON& Tower with Radar,348,68,71,0,487,15,0,36,0,51,363,68,107,0,538,24,0,24,562
02/05/2004,SJC,CA,AWP,WE,Combined TRACON& Tower with Radar,326,71,67,1,465,29,0,59,6,94,355,71,126,7,559,60,0,60,619
02/06/2004,SJC,CA,AWP,WE,Combined TRACON& Tower with Radar,358,77,74,0,509,24,0,57,0,81,382,77,131,0,590,12,0,12,602
02/07/2004,SJC,CA,AWP,WE,Combined TRACON& Tower with Radar,232,63,48,0,343,16,2,46,0,64,248,65,94,0,407,86,0,86,493
02/08/2004,SJC,CA,AWP,WE,Combined TRACON& Tower with Radar,304,86,65,1,456,0,14,102,0,116,304,100,167,1,572,74,0,74,646
02/09/2004,SJC,CA,AWP,WE,Combined TRACON& Tower with Radar,366,99,75,0,540,0,8,77,0,85,366,107,152,0,625,50,0,50,675
02/10/2004,SJC,CA,AWP,WE,Combined TRACON& Tower with Radar,353,94,72,0,519,2,0,92,0,94,355,94,164,0,613,22,0,22,635
02/11/2004,SJC,CA,AWP,WE,Combined TRACON& Tower with Radar,353,89,73,0,515,16,0,97,0,113,369,89,170,0,628,28,0,28,656
02/12/2004,SJC,CA,AWP,WE,Combined TRACON& Tower with Radar,377,110,85,0,572,0,10,127,0,137,377,120,212,0,709,40,0,40,749
02/13/2004,SJC,CA,AWP,WE,Combined TRACON& Tower with Radar,381,110,85,0,576,0,10,86,0,96,381,120,171,0,672,32,0,32,704
02/14/2004,SJC,CA,AWP,WE,Combined TRACON& Tower with Radar,257,72,55,0,384,0,16,14,0,30,257,88,69,0,414,6,0,6,420
02/15/2004,SJC,CA,AWP,WE,Combined TRACON& Tower with Radar,288,64,59,0,411,39,0,20,0,59,327,64,79,0,470,4,0,4,474
02/16/2004,SJC,CA,AWP,WE,Combined TRACON& Tower with Radar,333,71,68,0,472,11,0,3,0,14,344,71,71,0,486,4,0,4,490
02/17/2004,SJC,CA,AWP,WE,Combined TRACON& Tower with Radar,351,97,75,0,523,0,11,37,0,48,351,108,112,0,571,32,0,32,603
02/18/2004,SJC,CA,AWP,WE,Combined TRACON& Tower with Radar,362,96,74,0,532,10,0,29,0,39,372,96,103,0,571,20,0,20,591
02/19/2004,SJC,CA,AWP,WE,Combined TRACON& Tower with Radar,337,74,69,0,480,16,0,53,4,73,353,74,122,4,553,72,0,72,625
02/20/2004,SJC,CA,AWP,WE,Combined TRACON& Tower with Radar,361,98,76,0,535,0,3,41,0,44,361,101,117,0,579,52,0,52,631
02/21/2004,SJC,CA,AWP,WE,Combined TRACON& Tower with Radar,259,73,56,0,388,0,5,38,0,43,259,78,94,0,431,78,0,78,509
02/22/2004,SJC,CA,AWP,WE,Combined TRACON& Tower with Radar,328,94,73,0,495,0,3,58,0,61,328,97,131,0,556,28,0,28,584
02/23/2004,SJC,CA,AWP,WE,Combined TRACON& Tower with Radar,342,85,69,0,496,21,0,41,0,62,363,85,110,0,558,12,0,12,570
02/24/2004,SJC,CA,AWP,WE,Combined TRACON& Tower with Radar,347,98,75,0,520,0,24,29,3,56,347,122,104,3,576,0,0,0,576
02/25/2004,SJC,CA,AWP,WE,Combined TRACON& Tower with Radar,356,87,73,0,516,18,0,5,1,24,374,87,78,1,540,0,0,0,540
02/26/2004,SJC,CA,AWP,WE,Combined TRACON& Tower with Radar,347,94,73,0,514,0,23,1,0,24,347,117,74,0,538,38,0,38,576
02/27/2004,SJC,CA,AWP,WE,Combined TRACON& Tower with Radar,351,102,79,0,532,0,12,66,1,79,351,114,145,1,611,8,0,8,619
02/28/2004,SJC,CA,AWP,WE,Combined TRACON& Tower with Radar,268,71,54,0,393,10,14,72,0,96,278,85,126,0,489,28,0,28,517
02/29/2004,SJC,CA,AWP,WE,Combined TRACON& Tower with Radar,305,68,63,0,436,25,0,31,0,56,330,68,94,0,492,148,0,148,640
03/01/2004,SJC,CA,AWP,WE,Combined TRACON& Tower with Radar,344,102,65,0,511,0,0,51,0,51,344,102,116,0,562,52,0,52,614
03/02/2004,SJC,CA,AWP,WE,Combined TRACON& Tower with Radar,353,96,65,0,514,2,0,67,1,70,355,96,132,1,584,44,0,44,628
03/03/2004,SJC,CA,AWP,WE,Combined TRACON& Tower with Radar,391,98,73,0,562,14,0,91,0,105,405,98,164,0,667,38,0,38,705
03/04/2004,SJC,CA,AWP,WE,Combined TRACON& Tower with Radar,366,105,69,0,540,0,0,68,0,68,366,105,137,0,608,10,0,10,618
03/05/2004,SJC,CA,AWP,WE,Combined TRACON& Tower with Radar,359,102,66,0,527,27,0,73,0,100,386,102,139,0,627,24,0,24,651
03/06/2004,SJC,CA,AWP,WE,Combined TRACON& Tower with Radar,248,49,46,0,343,36,0,66,0,102,284,49,112,0,445,102,0,102,547
03/07/2004,SJC,CA,AWP,WE,Combined TRACON& Tower with Radar,327,86,61,0,474,18,0,92,0,110,345,86,153,0,584,10,0,10,594
03/08/2004,SJC,CA,AWP,WE,Combined TRACON& Tower with Radar,339,100,63,0,502,14,5,51,0,70,353,105,114,0,572,36,0,36,608
03/09/2004,SJC,CA,AWP,WE,Combined TRACON& Tower with Radar,331,99,61,0,491,12,6,65,0,83,343,105,126,0,574,10,0,10,584
03/10/2004,SJC,CA,AWP,WE,Combined TRACON& Tower with Radar,365,106,68,1,540,0,0,71,1,72,365,106,139,2,612,40,0,40,652
03/11/2004,SJC,CA,AWP,WE,Combined TRACON& Tower with Radar,355,110,67,0,532,0,16,66,0,82,355,126,133,0,614,22,0,22,636
03/12/2004,SJC,CA,AWP,WE,Combined TRACON& Tower with Radar,331,87,60,0,478,18,0,76,0,94,349,87,136,0,572,80,0,80,652
03/13/2004,SJC,CA,AWP,WE,Combined TRACON& Tower with Radar,274,74,50,0,398,2,0,78,0,80,276,74,128,0,478,98,0,98,576
03/14/2004,SJC,CA,AWP,WE,Combined TRACON& Tower with Radar,293,87,53,0,433,13,3,63,0,79,306,90,116,0,512,16,0,16,528
03/15/2004,SJC,CA,AWP,WE,Combined TRACON& Tower with Radar,349,113,69,0,531,0,34,57,0,91,349,147,126,0,622,28,0,28,650
03/16/2004,SJC,CA,AWP,WE,Combined TRACON& Tower with Radar,344,108,67,0,519,0,26,97,0,123,344,134,164,0,642,28,0,28,670
03/17/2004,SJC,CA,AWP,WE,Combined TRACON& Tower with Radar,358,99,66,0,523,23,0,59,0,82,381,99,125,0,605,2,0,2,607
03/18/2004,SJC,CA,AWP,WE,Combined TRACON& Tower with Radar,385,116,72,0,573,0,2,91,0,93,385,118,163,0,666,0,0,0,666
03/19/2004,SJC,CA,AWP,WE,Combined TRACON& Tower with Radar,379,106,69,0,554,0,0,101,0,101,379,106,170,0,655,48,0,48,703
03/20/2004,SJC,CA,AWP,WE,Combined TRACON& Tower with Radar,273,80,49,0,402,5,4,73,0,82,278,84,122,0,484,20,0,20,504
03/21/2004,SJC,CA,AWP,WE,Combined TRACON& Tower with Radar,342,84,62,0,488,0,0,73,0,73,342,84,135,0,561,64,0,64,625
03/22/2004,SJC,CA,AWP,WE,Combined TRACON& Tower with Radar,344,102,63,0,509,0,0,53,0,53,344,102,116,0,562,52,0,52,614
03/23/2004,SJC,CA,AWP,WE,Combined TRACON& Tower with Radar,332,100,62,0,494,0,16,56,0,72,332,116,118,0,566,24,0,24,590
03/24/2004,SJC,CA,AWP,WE,Combined TRACON& Tower with Radar,370,101,67,0,538,1,0,85,0,86,371,101,152,0,624,90,0,90,714
03/25/2004,SJC,CA,AWP,WE,Combined TRACON& Tower with Radar,366,102,69,0,537,0,0,72,0,72,366,102,141,0,609,4,0,4,613
03/26/2004,SJC,CA,AWP,WE,Combined TRACON& Tower with Radar,375,112,70,0,557,0,1,122,1,124,375,113,192,1,681,128,0,128,809
03/27/2004,SJC,CA,AWP,WE,Combined TRACON& Tower with Radar,240,70,44,0,354,3,0,33,0,36,243,70,77,0,390,106,0,106,496
03/28/2004,SJC,CA,AWP,WE,Combined TRACON& Tower with Radar,322,96,58,0,476,1,16,33,0,50,323,112,91,0,526,28,0,28,554
03/29/2004,SJC,CA,AWP,WE,Combined TRACON& Tower with Radar,314,96,59,0,469,0,25,96,0,121,314,121,155,0,590,28,0,28,618
03/30/2004,SJC,CA,AWP,WE,Combined TRACON& Tower with Radar,335,113,70,0,518,0,10,102,0,112,335,123,172,0,630,42,0,42,672
03/31/2004,SJC,CA,AWP,WE,Combined TRACON& Tower with Radar,364,100,67,0,531,12,0,75,0,87,376,100,142,0,618,6,0,6,624
04/01/2004,SJC,CA,AWP,WE,Combined TRACON& Tower with Radar,352,110,67,0,529,0,6,83,0,89,352,116,150,0,618,20,0,20,638
04/02/2004,SJC,CA,AWP,WE,Combined TRACON& Tower with Radar,322,94,59,0,475,10,0,73,12,95,332,94,132,12,570,10,0,10,580
04/03/2004,SJC,CA,AWP,WE,Combined TRACON& Tower with Radar,243,74,45,0,362,18,0,34,0,52,261,74,79,0,414,4,0,4,418
04/04/2004,SJC,CA,AWP,WE,Combined TRACON& Tower with Radar,287,78,53,0,418,23,0,39,0,62,310,78,92,0,480,40,0,40,520
04/05/2004,SJC,CA,AWP,WE,Combined TRACON& Tower with Radar,346,101,64,0,511,6,0,42,0,48,352,101,106,0,559,26,0,26,585
04/06/2004,SJC,CA,AWP,WE,Combined TRACON& Tower with Radar,323,98,60,0,481,26,4,72,0,102,349,102,132,0,583,62,0,62,645
04/07/2004,SJC,CA,AWP,WE,Combined TRACON& Tower with Radar,345,95,64,0,504,16,0,64,0,80,361,95,128,0,584,20,0,20,604
04/08/2004,SJC,CA,AWP,WE,Combined TRACON& Tower with Radar,382,117,70,0,569,7,1,94,0,102,389,118,164,0,671,52,0,52,723
04/09/2004,SJC,CA,AWP,WE,Combined TRACON& Tower with Radar,360,104,66,0,530,0,0,63,0,63,360,104,129,0,593,68,0,68,661
04/10/2004,SJC,CA,AWP,WE,Combined TRACON& Tower with Radar,253,77,46,0,376,10,3,42,0,55,263,80,88,0,431,28,0,28,459
04/11/2004,SJC,CA,AWP,WE,Combined TRACON& Tower with Radar,300,85,54,0,439,20,0,44,0,64,320,85,98,0,503,14,0,14,517
04/12/2004,SJC,CA,AWP,WE,Combined TRACON& Tower with Radar,356,109,65,0,530,3,2,40,0,45,359,111,105,0,575,30,0,30,605
04/13/2004,SJC,CA,AWP,WE,Combined TRACON& Tower with Radar,348,108,66,0,522,0,0,64,0,64,348,108,130,0,586,46,0,46,632
04/14/2004,SJC,CA,AWP,WE,Combined TRACON& Tower with Radar,352,97,64,0,513,18,0,47,0,65,370,97,111,0,578,24,0,24,602
04/15/2004,SJC,CA,AWP,WE,Combined TRACON& Tower with Radar,373,111,70,0,554,0,0,99,0,99,373,111,169,0,653,80,0,80,733
04/16/2004,SJC,CA,AWP,WE,Combined TRACON& Tower with Radar,340,93,62,0,495,13,0,59,0,72,353,93,121,0,567,4,0,4,571
04/17/2004,SJC,CA,AWP,WE,Combined TRACON& Tower with Radar,272,69,49,0,390,10,0,19,0,29,282,69,68,0,419,38,0,38,457
04/18/2004,SJC,CA,AWP,WE,Combined TRACON& Tower with Radar,310,87,61,0,458,0,0,72,0,72,310,87,133,0,530,30,0,30,560
04/19/2004,SJC,CA,AWP,WE,Combined TRACON& Tower with Radar,334,107,65,0,506,0,17,40,1,58,334,124,105,1,564,18,0,18,582
04/20/2004,SJC,CA,AWP,WE,Combined TRACON& Tower with Radar,327,114,68,0,509,0,26,84,0,110,327,140,152,0,619,28,0,28,647
04/21/2004,SJC,CA,AWP,WE,Combined TRACON& Tower with Radar,341,111,67,0,519,0,4,71,0,75,341,115,138,0,594,28,0,28,622
04/22/2004,SJC,CA,AWP,WE,Combined TRACON& Tower with Radar,370,112,67,0,549,0,3,113,0,116,370,115,180,0,665,36,0,36,701
04/23/2004,SJC,CA,AWP,WE,Combined TRACON& Tower with Radar,357,104,65,0,526,3,0,86,1,90,360,104,151,1,616,38,0,38,654
04/24/2004,SJC,CA,AWP,WE,Combined TRACON& Tower with Radar,257,78,47,0,382,0,17,43,0,60,257,95,90,0,442,44,0,44,486
04/25/2004,SJC,CA,AWP,WE,Combined TRACON& Tower with Radar,338,91,67,0,496,0,0,55,0,55,338,91,122,0,551,126,0,126,677
04/26/2004,SJC,CA,AWP,WE,Combined TRACON& Tower with Radar,332,101,61,0,494,18,6,85,0,109,350,107,146,0,603,104,0,104,707
04/27/2004,SJC,CA,AWP,WE,Combined TRACON& Tower with Radar,334,107,64,0,505,0,17,93,0,110,334,124,157,0,615,28,0,28,643
04/28/2004,SJC,CA,AWP,WE,Combined TRACON& Tower with Radar,364,113,67,0,544,0,12,91,0,103,364,125,158,0,647,22,0,22,669
04/29/2004,SJC,CA,AWP,WE,Combined TRACON& Tower with Radar,357,109,65,0,531,6,0,88,0,94,363,109,153,0,625,12,0,12,637
04/30/2004,SJC,CA,AWP,WE,Combined TRACON& Tower with Radar,373,105,67,0,545,9,0,111,2,122,382,105,178,2,667,22,0,22,689
05/01/2004,SJC,CA,AWP,WE,Combined TRACON& Tower with Radar,246,59,42,0,347,10,0,69,0,79,256,59,111,0,426,14,0,14,440
05/02/2004,SJC,CA,AWP,WE,Combined TRACON& Tower with Radar,299,68,51,0,418,20,0,77,0,97,319,68,128,0,515,14,0,14,529
05/03/2004,SJC,CA,AWP,WE,Combined TRACON& Tower with Radar,344,90,59,0,493,10,6,70,1,87,354,96,129,1,580,20,0,20,600
05/04/2004,SJC,CA,AWP,WE,Combined TRACON& Tower with Radar,349,91,60,0,500,1,3,70,0,74,350,94,130,0,574,10,0,10,584
05/05/2004,SJC,CA,AWP,WE,Combined TRACON& Tower with Radar,360,99,65,0,524,0,12,95,0,107,360,111,160,0,631,10,0,10,641
05/06/2004,SJC,CA,AWP,WE,Combined TRACON& Tower with Radar,355,69,60,0,484,23,0,91,0,114,378,69,151,0,598,72,0,72,670
05/07/2004,SJC,CA,AWP,WE,Combined TRACON& Tower with Radar,365,95,61,0,521,13,0,62,0,75,378,95,123,0,596,6,0,6,602
05/08/2004,SJC,CA,AWP,WE,Combined TRACON& Tower with Radar,268,70,45,0,383,5,0,47,0,52,273,70,92,0,435,0,0,0,435
05/09/2004,SJC,CA,AWP,WE,Combined TRACON& Tower with Radar,296,78,49,0,423,0,11,77,0,88,296,89,126,0,511,38,0,38,549
05/10/2004,SJC,CA,AWP,WE,Combined TRACON& Tower with Radar,329,91,59,0,479,0,32,61,0,93,329,123,120,0,572,62,0,62,634
05/11/2004,SJC,CA,AWP,WE,Combined TRACON& Tower with Radar,351,93,60,0,504,0,10,74,0,84,351,103,134,0,588,68,0,68,656
05/12/2004,SJC,CA,AWP,WE,Combined TRACON& Tower with Radar,353,92,59,0,504,8,3,79,0,90,361,95,138,0,594,62,0,62,656
05/13/2004,SJC,CA,AWP,WE,Combined TRACON& Tower with Radar,332,68,56,0,456,50,0,87,0,137,382,68,143,0,593,64,0,64,657
05/14/2004,SJC,CA,AWP,WE,Combined TRACON& Tower with Radar,404,107,69,0,580,0,0,132,0,132,404,107,201,0,712,162,0,162,874
05/15/2004,SJC,CA,AWP,WE,Combined TRACON& Tower with Radar,254,52,42,0,348,26,0,48,0,74,280,52,90,0,422,66,0,66,488
05/16/2004,SJC,CA,AWP,WE,Combined TRACON& Tower with Radar,287,71,48,0,406,15,0,54,1,70,302,71,102,1,476,34,0,34,510
05/17/2004,SJC,CA,AWP,WE,Combined TRACON& Tower with Radar,383,91,66,0,540,0,0,92,0,92,383,91,158,0,632,30,0,30,662
05/18/2004,SJC,CA,AWP,WE,Combined TRACON& Tower with Radar,367,87,63,0,517,0,0,69,0,69,367,87,132,0,586,16,0,16,602
05/19/2004,SJC,CA,AWP,WE,Combined TRACON& Tower with Radar,353,95,61,0,509,0,18,120,0,138,353,113,181,0,647,18,0,18,665
05/20/2004,SJC,CA,AWP,WE,Combined TRACON& Tower with Radar,359,10,62,0,431,0,0,65,0,65,359,10,127,0,496,36,0,36,532
05/21/2004,SJC,CA,AWP,WE,Combined TRACON& Tower with Radar,378,90,66,0,534,0,0,59,0,59,378,90,125,0,593,82,0,82,675
05/22/2004,SJC,CA,AWP,WE,Combined TRACON& Tower with Radar,286,73,50,0,409,0,0,42,0,42,286,73,92,0,451,54,0,54,505
05/23/2004,SJC,CA,AWP,WE,Combined TRACON& Tower with Radar,309,83,54,0,446,0,13,71,0,84,309,96,125,0,530,12,0,12,542
05/24/2004,SJC,CA,AWP,WE,Combined TRACON& Tower with Radar,358,103,66,0,527,0,27,90,1,118,358,130,156,1,645,32,0,32,677
05/25/2004,SJC,CA,AWP,WE,Combined TRACON& Tower with Radar,330,92,10,0,432,0,27,0,0,27,330,119,10,0,459,26,0,26,485
05/26/2004,SJC,CA,AWP,WE,Combined TRACON& Tower with Radar,405,105,68,0,578,0,4,114,1,119,405,109,182,1,697,50,0,50,747
05/27/2004,SJC,CA,AWP,WE,Combined TRACON& Tower with Radar,397,102,69,0,568,0,0,102,1,103,397,102,171,1,671,22,0,22,693
05/28/2004,SJC,CA,AWP,WE,Combined TRACON& Tower with Radar,387,100,69,0,556,0,0,62,2,64,387,100,131,2,620,10,0,10,630
05/29/2004,SJC,CA,AWP,WE,Combined TRACON& Tower with Radar,230,60,0,0,290,36,16,0,0,52,266,76,0,0,342,0,0,0,342
05/30/2004,SJC,CA,AWP,WE,Combined TRACON& Tower with Radar,253,54,0,0,307,34,0,0,0,34,287,54,0,0,341,0,0,0,341
05/31/2004,SJC,CA,AWP,WE,Combined TRACON& Tower with Radar,301,74,54,0,429,0,0,96,0,96,301,74,150,0,525,72,0,72,597
06/01/2004,SJC,CA,AWP,WE,Combined TRACON& Tower with Radar,333,93,67,0,493,0,12,101,0,113,333,105,168,0,606,42,0,42,648
06/02/2004,SJC,CA,AWP,WE,Combined TRACON& Tower with Radar,383,87,71,0,541,15,0,106,0,121,398,87,177,0,662,14,0,14,676
06/03/2004,SJC,CA,AWP,WE,Combined TRACON& Tower with Radar,366,65,52,0,483,38,0,0,2,40,404,65,52,2,523,42,0,42,565
06/04/2004,SJC,CA,AWP,WE,Combined TRACON& Tower with Radar,359,88,66,0,513,7,0,98,0,105,366,88,164,0,618,18,0,18,636
06/05/2004,SJC,CA,AWP,WE,Combined TRACON& Tower with Radar,258,67,0,0,325,53,11,0,0,64,311,78,0,0,389,6,0,6,395
06/06/2004,SJC,CA,AWP,WE,Combined TRACON& Tower with Radar,270,70,50,0,390,41,8,10,0,59,311,78,60,0,449,63,0,63,512
06/07/2004,SJC,CA,AWP,WE,Combined TRACON& Tower with Radar,316,85,61,0,462,0,14,104,0,118,316,99,165,0,580,42,0,42,622
06/08/2004,SJC,CA,AWP,WE,Combined TRACON& Tower with Radar,331,87,62,0,480,0,13,82,1,96,331,100,144,1,576,24,0,24,600
06/09/2004,SJC,CA,AWP,WE,Combined TRACON& Tower with Radar,364,72,67,0,503,16,0,83,2,101,380,72,150,2,604,30,0,30,634
06/10/2004,SJC,CA,AWP,WE,Combined TRACON& Tower with Radar,423,81,77,1,582,12,0,100,1,113,435,81,177,2,695,46,0,46,741
06/11/2004,SJC,CA,AWP,WE,Combined TRACON& Tower with Radar,417,92,76,0,585,4,0,114,0,118,421,92,190,0,703,44,0,44,747
06/12/2004,SJC,CA,AWP,WE,Combined TRACON& Tower with Radar,283,61,52,0,396,13,0,75,0,88,296,61,127,0,484,76,0,76,560
06/13/2004,SJC,CA,AWP,WE,Combined TRACON& Tower with Radar,344,90,64,0,498,0,13,65,0,78,344,103,129,0,576,2,0,2,578
06/14/2004,SJC,CA,AWP,WE,Combined TRACON& Tower with Radar,348,90,64,0,502,0,6,77,0,83,348,96,141,0,585,50,0,50,635
06/15/2004,SJC,CA,AWP,WE,Combined TRACON& Tower with Radar,336,91,64,0,491,0,19,119,0,138,336,110,183,0,629,14,0,14,643
06/16/2004,SJC,CA,AWP,WE,Combined TRACON& Tower with Radar,323,68,59,0,450,33,0,109,0,142,356,68,168,0,592,58,0,58,650
06/17/2004,SJC,CA,AWP,WE,Combined TRACON& Tower with Radar,349,97,69,0,515,0,9,99,0,108,349,106,168,0,623,0,0,0,623
06/18/2004,SJC,CA,AWP,WE,Combined TRACON& Tower with Radar,363,101,72,0,536,0,39,65,0,104,363,140,137,0,640,18,0,18,658
06/19/2004,SJC,CA,AWP,WE,Combined TRACON& Tower with Radar,279,61,51,0,391,14,0,50,1,65,293,61,101,1,456,24,0,24,480
06/20/2004,SJC,CA,AWP,WE,Combined TRACON& Tower with Radar,293,82,58,0,433,0,22,64,1,87,293,104,122,1,520,0,0,0,520
06/21/2004,SJC,CA,AWP,WE,Combined TRACON& Tower with Radar,363,99,72,0,534,0,15,68,0,83,363,114,140,0,617,26,0,26,643
06/22/2004,SJC,CA,AWP,WE,Combined TRACON& Tower with Radar,356,100,73,0,529,0,26,70,0,96,356,126,143,0,625,26,0,26,651
06/23/2004,SJC,CA,AWP,WE,Combined TRACON& Tower with Radar,403,91,75,0,569,0,0,94,0,94,403,91,169,0,663,26,0,26,689
06/24/2004,SJC,CA,AWP,WE,Combined TRACON& Tower with Radar,397,105,76,0,578,0,9,112,0,121,397,114,188,0,699,50,0,50,749
06/25/2004,SJC,CA,AWP,WE,Combined TRACON& Tower with Radar,380,90,69,0,539,25,0,81,0,106,405,90,150,0,645,42,0,42,687
06/26/2004,SJC,CA,AWP,WE,Combined TRACON& Tower with Radar,307,79,57,0,443,0,6,72,0,78,307,85,129,0,521,36,0,36,557
06/27/2004,SJC,CA,AWP,WE,Combined TRACON& Tower with Radar,307,65,56,0,428,28,0,63,0,91,335,65,119,0,519,56,0,56,575
06/28/2004,SJC,CA,AWP,WE,Combined TRACON& Tower with Radar,342,87,63,0,492,3,4,74,0,81,345,91,137,0,573,60,0,60,633
06/29/2004,SJC,CA,AWP,WE,Combined TRACON& Tower with Radar,332,89,64,0,485,0,9,101,0,110,332,98,165,0,595,10,0,10,605
06/30/2004,SJC,CA,AWP,WE,Combined TRACON& Tower with Radar,339,87,62,0,488,7,3,65,0,75,346,90,127,0,563,32,0,32,595
07/01/2004,SJC,CA,AWP,WE,Combined TRACON& Tower with Radar,363,66,73,0,502,11,0,74,0,85,374,66,147,0,587,60,0,60,647
07/02/2004,SJC,CA,AWP,WE,Combined TRACON& Tower with Radar,353,85,70,0,508,15,0,94,0,109,368,85,164,0,617,52,0,52,669
07/03/2004,SJC,CA,AWP,WE,Combined TRACON& Tower with Radar,58,15,12,0,85,226,38,69,0,333,284,53,81,0,418,0,0,0,418
07/04/2004,SJC,CA,AWP,WE,Combined TRACON& Tower with Radar,251,63,51,0,365,7,7,24,0,38,258,70,75,0,403,0,0,0,403
07/05/2004,SJC,CA,AWP,WE,Combined TRACON& Tower with Radar,340,86,69,0,495,0,28,75,1,104,340,114,144,1,599,76,0,76,675
07/06/2004,SJC,CA,AWP,WE,Combined TRACON& Tower with Radar,120,30,24,0,174,216,50,130,0,396,336,80,154,0,570,10,0,10,580
07/07/2004,SJC,CA,AWP,WE,Combined TRACON& Tower with Radar,374,94,74,0,542,3,0,92,2,97,377,94,166,2,639,58,0,58,697
07/08/2004,SJC,CA,AWP,WE,Combined TRACON& Tower with Radar,379,73,75,0,527,17,0,93,0,110,396,73,168,0,637,30,0,30,667
07/09/2004,SJC,CA,AWP,WE,Combined TRACON& Tower with Radar,328,67,66,0,461,0,0,94,0,94,328,67,160,0,555,60,0,60,615
07/10/2004,SJC,CA,AWP,WE,Combined TRACON& Tower with Radar,275,68,55,0,398,21,0,13,0,34,296,68,68,0,432,62,0,62,494
07/11/2004,SJC,CA,AWP,WE,Combined TRACON& Tower with Radar,324,81,64,0,469,1,14,44,0,59,325,95,108,0,528,28,0,28,556
07/12/2004,SJC,CA,AWP,WE,Combined TRACON& Tower with Radar,354,95,74,0,523,0,18,71,0,89,354,113,145,0,612,12,0,12,624
07/13/2004,SJC,CA,AWP,WE,Combined TRACON& Tower with Radar,339,93,73,0,505,0,21,87,0,108,339,114,160,0,613,50,0,50,663
07/14/2004,SJC,CA,AWP,WE,Combined TRACON& Tower with Radar,384,91,77,1,553,0,0,110,0,110,384,91,187,1,663,76,0,76,739
07/15/2004,SJC,CA,AWP,WE,Combined TRACON& Tower with Radar,412,84,82,0,578,0,0,156,0,156,412,84,238,0,734,128,0,128,862
07/16/2004,SJC,CA,AWP,WE,Combined TRACON& Tower with Radar,397,86,79,0,562,12,0,119,0,131,409,86,198,0,693,40,0,40,733
07/17/2004,SJC,CA,AWP,WE,Combined TRACON& Tower with Radar,276,61,54,0,391,28,0,32,0,60,304,61,86,0,451,42,0,42,493
07/18/2004,SJC,CA,AWP,WE,Combined TRACON& Tower with Radar,316,77,62,0,455,9,14,63,0,86,325,91,125,0,541,112,0,112,653
07/19/2004,SJC,CA,AWP,WE,Combined TRACON& Tower with Radar,106,26,20,0,152,249,57,128,0,434,355,83,148,0,586,76,0,76,662
07/20/2004,SJC,CA,AWP,WE,Combined TRACON& Tower with Radar,350,91,73,0,514,0,9,109,0,118,350,100,182,0,632,150,0,150,782
07/21/2004,SJC,CA,AWP,WE,Combined TRACON& Tower with Radar,371,75,73,0,519,9,0,95,0,104,380,75,168,0,623,98,0,98,721
07/22/2004,SJC,CA,AWP,WE,Combined TRACON& Tower with Radar,406,71,80,0,557,31,0,94,0,125,437,71,174,0,682,38,0,38,720
07/23/2004,SJC,CA,AWP,WE,Combined TRACON& Tower with Radar,393,95,83,0,571,0,0,111,0,111,393,95,194,0,682,86,0,86,768
07/24/2004,SJC,CA,AWP,WE,Combined TRACON& Tower with Radar,284,61,56,0,401,20,0,30,0,50,304,61,86,0,451,62,0,62,513
07/25/2004,SJC,CA,AWP,WE,Combined TRACON& Tower with Radar,325,71,63,0,459,16,0,61,0,77,341,71,124,0,536,26,0,26,562
07/26/2004,SJC,CA,AWP,WE,Combined TRACON& Tower with Radar,354,91,73,0,518,0,2,109,0,111,354,93,182,0,629,56,0,56,685
07/27/2004,SJC,CA,AWP,WE,Combined TRACON& Tower with Radar,362,83,71,0,516,29,0,56,2,87,391,83,127,2,603,98,0,98,701
07/28/2004,SJC,CA,AWP,WE,Combined TRACON& Tower with Radar,391,79,77,0,547,15,0,50,0,65,406,79,127,0,612,58,0,58,670
07/29/2004,SJC,CA,AWP,WE,Combined TRACON& Tower with Radar,380,98,79,0,557,0,12,96,0,108,380,110,175,0,665,74,0,74,739
07/30/2004,SJC,CA,AWP,WE,Combined TRACON& Tower with Radar,380,99,78,0,557,0,1,111,0,112,380,100,189,0,669,76,0,76,745
07/31/2004,SJC,CA,AWP,WE,Combined TRACON& Tower with Radar,274,67,54,0,395,11,15,36,0,62,285,82,90,0,457,44,0,44,501
08/01/2004,SJC,CA,AWP,WE,Combined TRACON& Tower with Radar,310,78,61,0,449,0,14,46,0,60,310,92,107,0,509,54,0,54,563
08/02/2004,SJC,CA,AWP,WE,Combined TRACON& Tower with Radar,366,92,79,0,537,0,0,68,0,68,366,92,147,0,605,80,0,80,685
08/03/2004,SJC,CA,AWP,WE,Combined TRACON& Tower with Radar,345,93,73,0,511,0,29,107,0,136,345,122,180,0,647,110,0,110,757
08/04/2004,SJC,CA,AWP,WE,Combined TRACON& Tower with Radar,369,96,76,0,541,0,6,99,0,105,369,102,175,0,646,66,0,66,712
08/05/2004,SJC,CA,AWP,WE,Combined TRACON& Tower with Radar,343,84,66,0,493,66,0,137,0,203,409,84,203,0,696,104,0,104,800
08/06/2004,SJC,CA,AWP,WE,Combined TRACON& Tower with Radar,365,69,71,0,505,12,0,112,2,126,377,69,183,2,631,126,0,126,757
08/07/2004,SJC,CA,AWP,WE,Combined TRACON& Tower with Radar,264,65,50,1,380,14,3,51,0,68,278,68,101,1,448,70,0,70,518
08/08/2004,SJC,CA,AWP,WE,Combined TRACON& Tower with Radar,326,82,63,1,472,0,17,73,1,91,326,99,136,2,563,52,0,52,615
08/09/2004,SJC,CA,AWP,WE,Combined TRACON& Tower with Radar,347,79,66,0,492,0,0,77,0,77,347,79,143,0,569,84,0,84,653
08/10/2004,SJC,CA,AWP,WE,Combined TRACON& Tower with Radar,379,100,79,0,558,0,17,101,0,118,379,117,180,0,676,68,0,68,744
08/11/2004,SJC,CA,AWP,WE,Combined TRACON& Tower with Radar,375,92,71,0,538,0,5,83,0,88,375,97,154,0,626,44,0,44,670
08/12/2004,SJC,CA,AWP,WE,Combined TRACON& Tower with Radar,375,72,71,0,518,4,0,122,0,126,379,72,193,0,644,56,0,56,700
08/13/2004,SJC,CA,AWP,WE,Combined TRACON& Tower with Radar,370,79,70,1,520,0,0,116,1,117,370,79,186,2,637,34,0,34,671
08/14/2004,SJC,CA,AWP,WE,Combined TRACON& Tower with Radar,301,65,57,0,423,4,0,49,0,53,305,65,106,0,476,26,0,26,502
08/15/2004,SJC,CA,AWP,WE,Combined TRACON& Tower with Radar,321,76,63,0,460,0,0,81,0,81,321,76,144,0,541,0,0,0,541
08/16/2004,SJC,CA,AWP,WE,Combined TRACON& Tower with Radar,343,78,65,0,486,21,0,75,0,96,364,78,140,0,582,42,0,42,624
08/17/2004,SJC,CA,AWP,WE,Combined TRACON& Tower with Radar,344,94,74,0,512,0,31,16,0,47,344,125,90,0,559,44,0,44,603
08/18/2004,SJC,CA,AWP,WE,Combined TRACON& Tower with Radar,356,93,72,0,521,0,26,113,3,142,356,119,185,3,663,132,0,132,795
08/19/2004,SJC,CA,AWP,WE,Combined TRACON& Tower with Radar,346,97,76,0,519,0,30,143,1,174,346,127,219,1,693,50,0,50,743
08/20/2004,SJC,CA,AWP,WE,Combined TRACON& Tower with Radar,367,66,70,0,503,46,0,71,3,120,413,66,141,3,623,54,0,54,677
08/21/2004,SJC,CA,AWP,WE,Combined TRACON& Tower with Radar,271,50,51,0,372,14,0,35,0,49,285,50,86,0,421,42,0,42,463
08/22/2004,SJC,CA,AWP,WE,Combined TRACON& Tower with Radar,338,77,64,0,479,11,0,41,2,54,349,77,105,2,533,32,0,32,565
08/23/2004,SJC,CA,AWP,WE,Combined TRACON& Tower with Radar,357,77,67,0,501,19,0,41,0,60,376,77,108,0,561,40,0,40,601
08/24/2004,SJC,CA,AWP,WE,Combined TRACON& Tower with Radar,374,90,73,0,537,0,0,58,0,58,374,90,131,0,595,28,0,28,623
08/25/2004,SJC,CA,AWP,WE,Combined TRACON& Tower with Radar,361,84,69,0,514,28,0,68,0,96,389,84,137,0,610,70,0,70,680
08/26/2004,SJC,CA,AWP,WE,Combined TRACON& Tower with Radar,384,75,73,0,532,39,0,79,0,118,423,75,152,0,650,48,0,48,698
08/27/2004,SJC,CA,AWP,WE,Combined TRACON& Tower with Radar,367,89,70,0,526,26,7,54,1,88,393,96,124,1,614,22,0,22,636
08/28/2004,SJC,CA,AWP,WE,Combined TRACON& Tower with Radar,281,68,53,0,402,1,25,55,0,81,282,93,108,0,483,22,0,22,505
08/29/2004,SJC,CA,AWP,WE,Combined TRACON& Tower with Radar,68,17,12,0,97,282,43,99,0,424,350,60,111,0,521,20,0,20,541
08/30/2004,SJC,CA,AWP,WE,Combined TRACON& Tower with Radar,378,73,72,0,523,7,0,65,1,73,385,73,137,1,596,16,0,16,612
08/31/2004,SJC,CA,AWP,WE,Combined TRACON& Tower with Radar,385,94,73,0,552,3,0,75,0,78,388,94,148,0,630,38,0,38,668
09/01/2004,SJC,CA,AWP,WE,Combined TRACON& Tower with Radar,395,68,69,0,532,19,0,89,0,108,414,68,158,0,640,84,0,84,724
09/02/2004,SJC,CA,AWP,WE,Combined TRACON& Tower with Radar,372,61,71,0,504,0,0,89,0,89,372,61,160,0,593,38,0,38,631
09/03/2004,SJC,CA,AWP,WE,Combined TRACON& Tower with Radar,361,61,63,0,485,11,0,97,0,108,372,61,160,0,593,38,0,38,631
09/04/2004,SJC,CA,AWP,WE,Combined TRACON& Tower with Radar,249,39,44,0,332,32,0,47,0,79,281,39,91,0,411,48,0,48,459
09/05/2004,SJC,CA,AWP,WE,Combined TRACON& Tower with Radar,232,31,41,0,304,24,0,43,0,67,256,31,84,0,371,24,0,24,395
09/06/2004,SJC,CA,AWP,WE,Combined TRACON& Tower with Radar,342,74,60,0,476,3,14,75,0,92,345,88,135,0,568,96,0,96,664
09/07/2004,SJC,CA,AWP,WE,Combined TRACON& Tower with Radar,374,83,67,1,525,0,24,74,0,98,374,107,141,1,623,26,0,26,649
09/08/2004,SJC,CA,AWP,WE,Combined TRACON& Tower with Radar,403,87,69,1,560,11,19,89,0,119,414,106,158,1,679,26,0,26,705
09/09/2004,SJC,CA,AWP,WE,Combined TRACON& Tower with Radar,383,83,67,1,534,0,0,100,2,102,383,83,167,3,636,6,0,6,642
09/10/2004,SJC,CA,AWP,WE,Combined TRACON& Tower with Radar,378,81,65,0,524,3,6,114,0,123,381,87,179,0,647,4,0,4,651
09/11/2004,SJC,CA,AWP,WE,Combined TRACON& Tower with Radar,249,46,43,0,338,27,0,41,0,68,276,46,84,0,406,56,0,56,462
09/12/2004,SJC,CA,AWP,WE,Combined TRACON& Tower with Radar,324,58,56,0,438,16,0,55,0,71,340,58,111,0,509,38,0,38,547
09/13/2004,SJC,CA,AWP,WE,Combined TRACON& Tower with Radar,362,84,68,0,514,0,35,99,2,136,362,119,167,2,650,102,0,102,752
09/14/2004,SJC,CA,AWP,WE,Combined TRACON& Tower with Radar,299,71,58,0,428,0,32,96,0,128,299,103,154,0,556,22,0,22,578
09/15/2004,SJC,CA,AWP,WE,Combined TRACON& Tower with Radar,396,74,68,0,538,7,0,98,0,105,403,74,166,0,643,76,0,76,719
09/16/2004,SJC,CA,AWP,WE,Combined TRACON& Tower with Radar,403,90,74,0,567,0,13,109,0,122,403,103,183,0,689,58,0,58,747
09/17/2004,SJC,CA,AWP,WE,Combined TRACON& Tower with Radar,392,83,68,0,543,8,3,89,0,100,400,86,157,0,643,44,0,44,687
09/18/2004,SJC,CA,AWP,WE,Combined TRACON& Tower with Radar,252,37,44,0,333,29,0,18,0,47,281,37,62,0,380,24,0,24,404
09/19/2004,SJC,CA,AWP,WE,Combined TRACON& Tower with Radar,319,71,57,0,447,0,2,40,0,42,319,73,97,0,489,30,0,30,519
09/20/2004,SJC,CA,AWP,WE,Combined TRACON& Tower with Radar,355,79,64,0,498,0,8,103,0,111,355,87,167,0,609,8,0,8,617
09/21/2004,SJC,CA,AWP,WE,Combined TRACON& Tower with Radar,357,79,65,0,501,0,8,109,0,117,357,87,174,0,618,32,0,32,650
09/22/2004,SJC,CA,AWP,WE,Combined TRACON& Tower with Radar,392,84,69,0,545,0,15,121,0,136,392,99,190,0,681,92,0,92,773
09/23/2004,SJC,CA,AWP,WE,Combined TRACON& Tower with Radar,399,72,70,0,541,0,0,143,0,143,399,72,213,0,684,8,0,8,692
09/24/2004,SJC,CA,AWP,WE,Combined TRACON& Tower with Radar,398,79,69,0,546,0,0,93,0,93,398,79,162,0,639,26,0,26,665
09/25/2004,SJC,CA,AWP,WE,Combined TRACON& Tower with Radar,286,47,50,0,383,10,0,56,0,66,296,47,106,0,449,84,0,84,533
09/26/2004,SJC,CA,AWP,WE,Combined TRACON& Tower with Radar,326,71,58,0,455,0,2,104,0,106,326,73,162,0,561,76,0,76,637
09/27/2004,SJC,CA,AWP,WE,Combined TRACON& Tower with Radar,328,72,59,0,459,0,17,51,0,68,328,89,110,0,527,44,0,44,571
09/28/2004,SJC,CA,AWP,WE,Combined TRACON& Tower with Radar,347,60,61,0,468,18,0,63,0,81,365,60,124,0,549,74,0,74,623
09/29/2004,SJC,CA,AWP,WE,Combined TRACON& Tower with Radar,412,69,73,0,554,0,0,89,2,91,412,69,162,2,645,36,0,36,681
09/30/2004,SJC,CA,AWP,WE,Combined TRACON& Tower with Radar,423,98,78,0,599,0,11,94,0,105,423,109,172,0,704,88,0,88,792
10/01/2004,SJC,CA,AWP,WE,Combined TRACON& Tower with Radar,368,102,66,0,536,0,2,88,0,90,368,104,154,0,626,40,0,40,666
10/02/2004,SJC,CA,AWP,WE,Combined TRACON& Tower with Radar,274,52,49,0,375,0,0,68,0,68,274,52,117,0,443,68,0,68,511
10/03/2004,SJC,CA,AWP,WE,Combined TRACON& Tower with Radar,341,74,65,0,480,0,3,45,0,48,341,77,110,0,528,62,0,62,590
10/04/2004,SJC,CA,AWP,WE,Combined TRACON& Tower with Radar,350,97,59,0,506,0,0,65,0,65,350,97,124,0,571,66,0,66,637
10/05/2004,SJC,CA,AWP,WE,Combined TRACON& Tower with Radar,352,98,83,0,533,0,0,40,0,40,352,98,123,0,573,20,0,20,593
10/06/2004,SJC,CA,AWP,WE,Combined TRACON& Tower with Radar,366,109,67,0,542,0,0,106,0,106,366,109,173,0,648,72,0,72,720
10/07/2004,SJC,CA,AWP,WE,Combined TRACON& Tower with Radar,372,108,67,0,547,0,3,86,2,91,372,111,153,2,638,8,0,8,646
10/08/2004,SJC,CA,AWP,WE,Combined TRACON& Tower with Radar,371,81,88,0,540,0,0,79,0,79,371,81,167,0,619,18,0,18,637
10/09/2004,SJC,CA,AWP,WE,Combined TRACON& Tower with Radar,275,78,42,0,395,0,0,69,0,69,275,78,111,0,464,66,0,66,530
10/10/2004,SJC,CA,AWP,WE,Combined TRACON& Tower with Radar,331,88,55,2,476,0,0,70,0,70,331,88,125,2,546,36,0,36,582
10/11/2004,SJC,CA,AWP,WE,Combined TRACON& Tower with Radar,322,112,60,0,494,0,0,87,0,87,322,112,147,0,581,94,0,94,675
10/12/2004,SJC,CA,AWP,WE,Combined TRACON& Tower with Radar,323,133,84,0,540,0,0,79,0,79,323,133,163,0,619,48,0,48,667
10/13/2004,SJC,CA,AWP,WE,Combined TRACON& Tower with Radar,362,118,72,2,554,0,0,105,0,105,362,118,177,2,659,56,0,56,715
10/14/2004,SJC,CA,AWP,WE,Combined TRACON& Tower with Radar,382,76,68,0,526,0,0,88,1,89,382,76,156,1,615,68,0,68,683
10/15/2004,SJC,CA,AWP,WE,Combined TRACON& Tower with Radar,403,91,77,0,571,0,0,69,0,69,403,91,146,0,640,54,0,54,694
10/16/2004,SJC,CA,AWP,WE,Combined TRACON& Tower with Radar,272,29,37,0,338,0,1,39,0,40,272,30,76,0,378,4,0,4,382
10/17/2004,SJC,CA,AWP,WE,Combined TRACON& Tower with Radar,333,77,65,0,475,0,1,19,0,20,333,78,84,0,495,26,0,26,521
10/18/2004,SJC,CA,AWP,WE,Combined TRACON& Tower with Radar,347,101,68,0,516,0,0,66,0,66,347,101,134,0,582,90,0,90,672
10/19/2004,SJC,CA,AWP,WE,Combined TRACON& Tower with Radar,339,111,54,0,504,0,0,6,0,6,339,111,60,0,510,12,0,12,522
10/20/2004,SJC,CA,AWP,WE,Combined TRACON& Tower with Radar,372,88,64,0,524,0,4,55,0,59,372,92,119,0,583,32,0,32,615
10/21/2004,SJC,CA,AWP,WE,Combined TRACON& Tower with Radar,381,91,87,0,559,0,1,96,0,97,381,92,183,0,656,24,0,24,680
10/22/2004,SJC,CA,AWP,WE,Combined TRACON& Tower with Radar,388,77,51,2,518,0,0,79,0,79,388,77,130,2,597,40,0,40,637
10/23/2004,SJC,CA,AWP,WE,Combined TRACON& Tower with Radar,388,77,51,2,518,0,0,79,0,79,388,77,130,2,597,40,0,40,637
10/24/2004,SJC,CA,AWP,WE,Combined TRACON& Tower with Radar,325,67,74,0,466,0,0,33,0,33,325,67,107,0,499,66,0,66,565
10/25/2004,SJC,CA,AWP,WE,Combined TRACON& Tower with Radar,326,86,63,0,475,0,0,64,0,64,326,86,127,0,539,1047,0,1047,1586
10/26/2004,SJC,CA,AWP,WE,Combined TRACON& Tower with Radar,349,104,83,0,536,0,0,21,0,21,349,104,104,0,557,8,0,8,565
10/27/2004,SJC,CA,AWP,WE,Combined TRACON& Tower with Radar,395,90,61,0,546,0,5,62,0,67,395,95,123,0,613,36,0,36,649
10/28/2004,SJC,CA,AWP,WE,Combined TRACON& Tower with Radar,374,103,92,0,569,0,0,60,0,60,374,103,152,0,629,68,0,68,697
10/29/2004,SJC,CA,AWP,WE,Combined TRACON& Tower with Radar,368,89,65,0,522,0,0,102,0,102,368,89,167,0,624,44,0,44,668
10/30/2004,SJC,CA,AWP,WE,Combined TRACON& Tower with Radar,278,49,32,0,359,0,0,49,0,49,278,49,81,0,408,24,0,24,432
10/31/2004,SJC,CA,AWP,WE,Combined TRACON& Tower with Radar,334,86,31,0,451,0,0,58,0,58,334,86,89,0,509,90,0,90,599
11/01/2004,SJC,CA,AWP,WE,Towers with Radar,368,114,49,0,531,0,1,73,0,74,368,115,122,0,605,42,0,42,647
11/02/2004,SJC,CA,AWP,WE,Towers with Radar,352,114,67,0,533,0,0,86,0,86,352,114,153,0,619,56,0,56,675
11/03/2004,SJC,CA,AWP,WE,Towers with Radar,372,69,97,0,538,0,0,29,0,29,372,69,126,0,567,0,0,0,567
11/04/2004,SJC,CA,AWP,WE,Towers with Radar,353,105,128,0,586,0,0,26,0,26,353,105,154,0,612,18,0,18,630
11/05/2004,SJC,CA,AWP,WE,Towers with Radar,341,106,60,0,507,0,1,74,0,75,341,107,134,0,582,12,0,12,594
11/06/2004,SJC,CA,AWP,WE,Towers with Radar,268,58,44,0,370,0,0,68,1,69,268,58,112,1,439,56,0,56,495
11/07/2004,SJC,CA,AWP,WE,Towers with Radar,292,81,67,0,440,0,0,40,0,40,292,81,107,0,480,36,0,36,516
11/08/2004,SJC,CA,AWP,WE,Towers with Radar,331,102,57,0,490,0,0,29,0,29,331,102,86,0,519,54,0,54,573
11/09/2004,SJC,CA,AWP,WE,Towers with Radar,329,127,80,0,536,0,0,63,0,63,329,127,143,0,599,2,0,2,601
11/10/2004,SJC,CA,AWP,WE,Towers with Radar,362,114,96,0,572,0,0,15,0,15,362,114,111,0,587,20,0,20,607
11/11/2004,SJC,CA,AWP,WE,Towers with Radar,400,111,116,0,627,0,0,12,0,12,400,111,128,0,639,0,0,0,639
11/12/2004,SJC,CA,AWP,WE,Towers with Radar,362,82,77,0,521,0,0,44,0,44,362,82,121,0,565,12,0,12,577
11/13/2004,SJC,CA,AWP,WE,Towers with Radar,250,52,25,0,327,0,0,39,0,39,250,52,64,0,366,0,0,0,366
11/14/2004,SJC,CA,AWP,WE,Towers with Radar,327,100,57,0,484,0,1,62,0,63,327,101,119,0,547,56,0,56,603
11/15/2004,SJC,CA,AWP,WE,Towers with Radar,351,69,45,0,465,0,2,58,0,60,351,71,103,0,525,10,0,10,535
11/16/2004,SJC,CA,AWP,WE,Towers with Radar,352,124,87,0,563,0,1,42,0,43,352,125,129,0,606,0,0,0,606
11/17/2004,SJC,CA,AWP,WE,Towers with Radar,370,89,87,0,546,0,1,41,0,42,370,90,128,0,588,30,0,30,618
11/18/2004,SJC,CA,AWP,WE,Towers with Radar,410,104,94,0,608,0,0,87,0,87,410,104,181,0,695,20,0,20,715
11/19/2004,SJC,CA,AWP,WE,Towers with Radar,389,89,62,0,540,0,2,80,0,82,389,91,142,0,622,38,0,38,660
11/20/2004,SJC,CA,AWP,WE,Towers with Radar,259,66,42,1,368,0,1,60,0,61,259,67,102,1,429,22,0,22,451
11/21/2004,SJC,CA,AWP,WE,Towers with Radar,339,103,40,2,484,0,0,46,2,48,339,103,86,4,532,34,0,34,566
11/22/2004,SJC,CA,AWP,WE,Towers with Radar,338,77,45,0,460,0,0,62,0,62,338,77,107,0,522,74,0,74,596
11/23/2004,SJC,CA,AWP,WE,Towers with Radar,356,83,54,0,493,0,2,55,0,57,356,85,109,0,550,16,0,16,566
11/24/2004,SJC,CA,AWP,WE,Towers with Radar,378,119,88,0,585,0,0,75,0,75,378,119,163,0,660,46,0,46,706
11/25/2004,SJC,CA,AWP,WE,Towers with Radar,249,44,28,0,321,0,0,8,0,8,249,44,36,0,329,0,0,0,329
11/26/2004,SJC,CA,AWP,WE,Towers with Radar,281,53,37,0,371,0,0,32,0,32,281,53,69,0,403,0,0,0,403
11/27/2004,SJC,CA,AWP,WE,Towers with Radar,255,80,35,0,370,0,0,29,0,29,255,80,64,0,399,24,0,24,423
11/28/2004,SJC,CA,AWP,WE,Towers with Radar,352,110,85,0,547,0,4,66,0,70,352,114,151,0,617,68,0,68,685
11/29/2004,SJC,CA,AWP,WE,Towers with Radar,347,114,70,0,531,0,1,55,0,56,347,115,125,0,587,26,0,26,613
11/30/2004,SJC,CA,AWP,WE,Towers with Radar,363,92,44,0,499,0,3,89,0,92,363,95,133,0,591,86,0,86,677
12/01/2004,SJC,CA,AWP,WE,Towers with Radar,334,116,71,0,521,0,0,0,0,0,334,116,71,0,521,750,0,750,1271
12/02/2004,SJC,CA,AWP,WE,Towers with Radar,385,85,60,0,530,0,0,83,1,84,385,85,143,1,614,22,0,22,636
12/03/2004,SJC,CA,AWP,WE,Towers with Radar,360,76,38,0,474,0,1,71,0,72,360,77,109,0,546,30,0,30,576
12/04/2004,SJC,CA,AWP,WE,Towers with Radar,273,38,32,0,343,0,2,58,0,60,273,40,90,0,403,44,0,44,447
12/05/2004,SJC,CA,AWP,WE,Towers with Radar,366,59,33,0,458,0,0,38,0,38,366,59,71,0,496,20,0,20,516
12/06/2004,SJC,CA,AWP,WE,Towers with Radar,368,90,47,0,505,0,0,65,0,65,368,90,112,0,570,76,0,76,646
12/07/2004,SJC,CA,AWP,WE,Towers with Radar,336,102,73,0,511,0,1,37,0,38,336,103,110,0,549,16,0,16,565
12/08/2004,SJC,CA,AWP,WE,Towers with Radar,355,106,87,0,548,0,1,14,0,15,355,107,101,0,563,14,0,14,577
12/09/2004,SJC,CA,AWP,WE,Towers with Radar,390,81,80,0,551,0,0,78,0,78,390,81,158,0,629,40,0,40,669
12/10/2004,SJC,CA,AWP,WE,Towers with Radar,377,78,95,0,550,0,0,60,0,60,377,78,155,0,610,22,0,22,632
12/11/2004,SJC,CA,AWP,WE,Towers with Radar,269,52,37,0,358,0,0,25,0,25,269,52,62,0,383,32,0,32,415
12/12/2004,SJC,CA,AWP,WE,Towers with Radar,320,64,45,0,429,0,0,32,0,32,320,64,77,0,461,118,0,118,579
12/13/2004,SJC,CA,AWP,WE,Towers with Radar,372,96,74,1,543,0,0,60,0,60,372,96,134,1,603,48,0,48,651
12/14/2004,SJC,CA,AWP,WE,Towers with Radar,357,139,112,0,608,0,1,35,0,36,357,140,147,0,644,12,0,12,656
12/15/2004,SJC,CA,AWP,WE,Towers with Radar,374,107,76,0,557,0,0,117,0,117,374,107,193,0,674,64,0,64,738
12/16/2004,SJC,CA,AWP,WE,Towers with Radar,352,96,66,0,514,0,0,80,0,80,352,96,146,0,594,54,0,54,648
12/17/2004,SJC,CA,AWP,WE,Towers with Radar,368,97,56,0,521,0,1,86,1,88,368,98,142,1,609,32,0,32,641
12/18/2004,SJC,CA,AWP,WE,Towers with Radar,277,89,54,0,420,0,0,85,0,85,277,89,139,0,505,50,0,50,555
12/19/2004,SJC,CA,AWP,WE,Towers with Radar,348,59,31,0,438,0,0,59,0,59,348,59,90,0,497,62,0,62,559
12/20/2004,SJC,CA,AWP,WE,Towers with Radar,334,92,61,0,487,0,0,5,0,5,334,92,66,0,492,0,0,0,492
12/21/2004,SJC,CA,AWP,WE,Towers with Radar,370,82,65,0,517,0,1,57,0,58,370,83,122,0,575,10,0,10,585
12/22/2004,SJC,CA,AWP,WE,Towers with Radar,343,62,45,0,450,0,0,90,0,90,343,62,135,0,540,24,0,24,564
12/23/2004,SJC,CA,AWP,WE,Towers with Radar,371,74,75,0,520,0,1,76,0,77,371,75,151,0,597,34,0,34,631
12/24/2004,SJC,CA,AWP,WE,Towers with Radar,312,42,15,0,369,0,0,34,0,34,312,42,49,0,403,12,0,12,415
12/25/2004,SJC,CA,AWP,WE,Towers with Radar,281,66,18,0,365,0,0,27,0,27,281,66,45,0,392,38,0,38,430
12/26/2004,SJC,CA,AWP,WE,Towers with Radar,337,97,67,0,501,0,0,18,0,18,337,97,85,0,519,64,0,64,583
12/27/2004,SJC,CA,AWP,WE,Towers with Radar,349,70,49,0,468,0,1,1,0,2,349,71,50,0,470,0,0,0,470
12/28/2004,SJC,CA,AWP,WE,Towers with Radar,350,71,41,0,462,0,0,15,0,15,350,71,56,0,477,40,0,40,517
12/29/2004,SJC,CA,AWP,WE,Towers with Radar,360,78,44,0,482,0,1,19,0,20,360,79,63,0,502,0,0,0,502
12/30/2004,SJC,CA,AWP,WE,Towers with Radar,377,77,41,0,495,0,0,3,0,3,377,77,44,0,498,10,0,10,508
12/31/2004,SJC,CA,AWP,WE,Towers with Radar,308,66,24,0,398,0,0,13,0,13,308,66,37,0,411,46,0,46,457
01/01/2005,SJC,CA,AWP,WE,Towers with Radar,293,56,41,0,390,0,0,6,0,6,293,56,47,0,396,2,0,2,398
01/02/2005,SJC,CA,AWP,WE,Towers with Radar,362,105,76,0,543,0,0,3,0,3,362,105,79,0,546,0,0,0,546
01/03/2005,SJC,CA,AWP,WE,Towers with Radar,367,78,55,0,500,0,0,17,0,17,367,78,72,0,517,28,0,28,545
01/04/2005,SJC,CA,AWP,WE,Towers with Radar,329,80,45,0,454,0,0,41,0,41,329,80,86,0,495,96,0,96,591
01/05/2005,SJC,CA,AWP,WE,Towers with Radar,379,84,72,0,535,0,0,33,0,33,379,84,105,0,568,16,0,16,584
01/06/2005,SJC,CA,AWP,WE,Towers with Radar,351,80,85,0,516,0,0,0,0,0,351,80,85,0,516,2,0,2,518
01/07/2005,SJC,CA,AWP,WE,Towers with Radar,333,98,79,0,510,0,0,5,0,5,333,98,84,0,515,4,0,4,519
01/08/2005,SJC,CA,AWP,WE,Towers with Radar,284,58,48,0,390,0,0,10,0,10,284,58,58,0,400,22,0,22,422
01/09/2005,SJC,CA,AWP,WE,Towers with Radar,326,83,59,0,468,0,0,12,0,12,326,83,71,0,480,12,0,12,492
01/10/2005,SJC,CA,AWP,WE,Towers with Radar,305,92,55,0,452,0,0,19,0,19,305,92,74,0,471,32,0,32,503
01/11/2005,SJC,CA,AWP,WE,Towers with Radar,328,96,62,0,486,0,0,19,0,19,328,96,81,0,505,8,0,8,513
01/12/2005,SJC,CA,AWP,WE,Towers with Radar,380,84,79,0,543,0,0,57,0,57,380,84,136,0,600,38,0,38,638
01/13/2005,SJC,CA,AWP,WE,Towers with Radar,346,103,102,0,551,0,0,36,0,36,346,103,138,0,587,0,0,0,587
01/14/2005,SJC,CA,AWP,WE,Towers with Radar,339,81,99,0,519,0,0,82,0,82,339,81,181,0,601,2,0,2,603
01/15/2005,SJC,CA,AWP,WE,Towers with Radar,263,42,26,0,331,0,0,52,0,52,263,42,78,0,383,64,0,64,447
01/16/2005,SJC,CA,AWP,WE,Towers with Radar,288,45,43,0,376,0,0,45,0,45,288,45,88,0,421,28,0,28,449
01/17/2005,SJC,CA,AWP,WE,Towers with Radar,333,110,91,0,534,0,0,55,0,55,333,110,146,0,589,6,0,6,595
01/18/2005,SJC,CA,AWP,WE,Towers with Radar,328,85,72,0,485,0,0,36,0,36,328,85,108,0,521,0,0,0,521
01/19/2005,SJC,CA,AWP,WE,Towers with Radar,352,103,90,0,545,0,1,55,0,56,352,104,145,0,601,44,0,44,645
01/20/2005,SJC,CA,AWP,WE,Towers with Radar,356,110,91,0,557,0,0,65,0,65,356,110,156,0,622,38,0,38,660
01/21/2005,SJC,CA,AWP,WE,Towers with Radar,342,95,83,0,520,0,1,53,0,54,342,96,136,0,574,28,0,28,602
01/22/2005,SJC,CA,AWP,WE,Towers with Radar,239,52,36,0,327,0,1,35,0,36,239,53,71,0,363,38,0,38,401
01/23/2005,SJC,CA,AWP,WE,Towers with Radar,313,63,56,0,432,0,0,30,0,30,313,63,86,0,462,22,0,22,484
01/24/2005,SJC,CA,AWP,WE,Towers with Radar,317,100,76,0,493,0,0,59,0,59,317,100,135,0,552,0,0,0,552
01/25/2005,SJC,CA,AWP,WE,Towers with Radar,340,99,88,0,527,0,0,23,0,23,340,99,111,0,550,20,0,20,570
01/26/2005,SJC,CA,AWP,WE,Towers with Radar,329,80,97,0,506,0,0,14,0,14,329,80,111,0,520,32,0,32,552
01/27/2005,SJC,CA,AWP,WE,Towers with Radar,367,76,71,2,516,0,1,83,0,84,367,77,154,2,600,26,0,26,626
01/28/2005,SJC,CA,AWP,WE,Towers with Radar,335,98,50,0,483,0,2,40,0,42,335,100,90,0,525,0,0,0,525
01/29/2005,SJC,CA,AWP,WE,Towers with Radar,266,54,23,0,343,0,0,48,0,48,266,54,71,0,391,22,0,22,413
01/30/2005,SJC,CA,AWP,WE,Towers with Radar,315,59,55,0,429,0,0,83,0,83,315,59,138,0,512,86,0,86,598
01/31/2005,SJC,CA,AWP,WE,Towers with Radar,329,68,51,0,448,0,0,44,0,44,329,68,95,0,492,30,0,30,522
02/01/2005,SJC,CA,AWP,WE,Towers with Radar,314,91,54,0,459,0,0,77,0,77,314,91,131,0,536,32,0,32,568
02/02/2005,SJC,CA,AWP,WE,Towers with Radar,359,93,90,2,544,0,0,77,0,77,359,93,167,2,621,34,0,34,655
02/03/2005,SJC,CA,AWP,WE,Towers with Radar,387,116,86,1,590,0,2,82,0,84,387,118,168,1,674,38,0,38,712
02/04/2005,SJC,CA,AWP,WE,Towers with Radar,374,78,64,0,516,0,1,114,0,115,374,79,178,0,631,78,0,78,709
02/05/2005,SJC,CA,AWP,WE,Towers with Radar,269,66,59,0,394,0,0,23,0,23,269,66,82,0,417,32,0,32,449
02/06/2005,SJC,CA,AWP,WE,Towers with Radar,334,47,46,0,427,0,1,37,0,38,334,48,83,0,465,32,0,32,497
02/07/2005,SJC,CA,AWP,WE,Towers with Radar,360,97,86,0,543,0,0,23,0,23,360,97,109,0,566,30,0,30,596
02/08/2005,SJC,CA,AWP,WE,Towers with Radar,337,107,102,1,547,0,0,49,0,49,337,107,151,1,596,16,0,16,612
02/09/2005,SJC,CA,AWP,WE,Towers with Radar,388,80,70,0,538,0,0,78,0,78,388,80,148,0,616,78,0,78,694
02/10/2005,SJC,CA,AWP,WE,Towers with Radar,369,93,93,0,555,0,0,115,0,115,369,93,208,0,670,62,0,62,732
02/11/2005,SJC,CA,AWP,WE,Towers with Radar,320,107,72,0,499,0,0,52,0,52,320,107,124,0,551,24,0,24,575
02/12/2005,SJC,CA,AWP,WE,Towers with Radar,254,46,49,0,349,0,0,56,0,56,254,46,105,0,405,60,0,60,465
02/13/2005,SJC,CA,AWP,WE,Towers with Radar,319,50,106,0,475,0,0,0,0,0,319,50,106,0,475,54,0,54,529
02/14/2005,SJC,CA,AWP,WE,Towers with Radar,363,84,44,0,491,0,0,20,0,20,363,84,64,0,511,4,0,4,515
02/15/2005,SJC,CA,AWP,WE,Towers with Radar,356,95,107,0,558,0,0,8,0,8,356,95,115,0,566,4,0,4,570
02/16/2005,SJC,CA,AWP,WE,Towers with Radar,377,107,87,0,571,0,0,43,0,43,377,107,130,0,614,30,0,30,644
02/17/2005,SJC,CA,AWP,WE,Towers with Radar,384,74,110,0,568,0,0,15,0,15,384,74,125,0,583,18,0,18,601
02/18/2005,SJC,CA,AWP,WE,Towers with Radar,392,110,127,0,629,0,0,33,0,33,392,110,160,0,662,24,0,24,686
02/19/2005,SJC,CA,AWP,WE,Towers with Radar,236,68,65,0,369,0,0,48,0,48,236,68,113,0,417,36,0,36,453
02/20/2005,SJC,CA,AWP,WE,Towers with Radar,289,40,37,0,366,0,0,12,0,12,289,40,49,0,378,0,0,0,378
02/21/2005,SJC,CA,AWP,WE,Towers with Radar,302,65,58,2,427,0,0,13,0,13,302,65,71,2,440,50,0,50,490
02/22/2005,SJC,CA,AWP,WE,Towers with Radar,339,105,51,0,495,0,0,66,1,67,339,105,117,1,562,58,0,58,620
02/23/2005,SJC,CA,AWP,WE,Towers with Radar,356,85,100,0,541,0,0,43,0,43,356,85,143,0,584,64,0,64,648
02/24/2005,SJC,CA,AWP,WE,Towers with Radar,389,103,100,0,592,0,1,26,0,27,389,104,126,0,619,58,0,58,677
02/25/2005,SJC,CA,AWP,WE,Towers with Radar,358,125,106,0,589,0,0,0,0,0,358,125,106,0,589,102,0,102,691
02/26/2005,SJC,CA,AWP,WE,Towers with Radar,265,85,55,1,406,0,0,46,3,49,265,85,101,4,455,186,0,186,641
02/27/2005,SJC,CA,AWP,WE,Towers with Radar,301,79,99,0,479,0,2,14,0,16,301,81,113,0,495,30,0,30,525
02/28/2005,SJC,CA,AWP,WE,Towers with Radar,367,97,63,0,527,0,0,41,0,41,367,97,104,0,568,48,0,48,616
03/01/2005,SJC,CA,AWP,WE,Towers with Radar,335,94,56,0,485,0,0,36,0,36,335,94,92,0,521,60,0,60,581
03/02/2005,SJC,CA,AWP,WE,Towers with Radar,385,111,78,0,574,0,1,96,0,97,385,112,174,0,671,118,0,118,789
03/03/2005,SJC,CA,AWP,WE,Towers with Radar,360,95,82,0,537,0,0,80,0,80,360,95,162,0,617,84,0,84,701
03/04/2005,SJC,CA,AWP,WE,Towers with Radar,359,100,81,0,540,0,0,3,0,3,359,100,84,0,543,0,0,0,543
03/05/2005,SJC,CA,AWP,WE,Towers with Radar,248,45,34,0,327,0,1,45,0,46,248,46,79,0,373,30,0,30,403
03/06/2005,SJC,CA,AWP,WE,Towers with Radar,331,78,74,0,483,0,1,95,0,96,331,79,169,0,579,116,0,116,695
03/07/2005,SJC,CA,AWP,WE,Towers with Radar,354,81,73,0,508,0,0,80,0,80,354,81,153,0,588,60,0,60,648
03/08/2005,SJC,CA,AWP,WE,Towers with Radar,339,109,130,0,578,0,0,0,0,0,339,109,130,0,578,0,0,0,578
03/09/2005,SJC,CA,AWP,WE,Towers with Radar,379,89,125,0,593,0,0,76,0,76,379,89,201,0,669,32,0,32,701
03/10/2005,SJC,CA,AWP,WE,Towers with Radar,380,99,101,0,580,0,2,102,0,104,380,101,203,0,684,36,0,36,720
03/11/2005,SJC,CA,AWP,WE,Towers with Radar,396,113,76,1,586,0,1,101,0,102,396,114,177,1,688,88,0,88,776
03/12/2005,SJC,CA,AWP,WE,Towers with Radar,287,66,76,0,429,0,1,37,0,38,287,67,113,0,467,88,0,88,555
03/13/2005,SJC,CA,AWP,WE,Towers with Radar,322,80,63,0,465,0,0,67,0,67,322,80,130,0,532,92,0,92,624
03/14/2005,SJC,CA,AWP,WE,Towers with Radar,323,106,60,0,489,0,0,75,0,75,323,106,135,0,564,108,0,108,672
03/15/2005,SJC,CA,AWP,WE,Towers with Radar,341,100,80,0,521,22,4,108,0,134,363,104,188,0,655,50,0,50,705
03/16/2005,SJC,CA,AWP,WE,Towers with Radar,363,103,79,0,545,0,1,109,0,110,363,104,188,0,655,50,0,50,705
03/17/2005,SJC,CA,AWP,WE,Towers with Radar,393,76,74,0,543,0,0,58,0,58,393,76,132,0,601,6,0,6,607
03/18/2005,SJC,CA,AWP,WE,Towers with Radar,402,105,82,0,589,0,0,32,0,32,402,105,114,0,621,24,0,24,645
03/19/2005,SJC,CA,AWP,WE,Towers with Radar,279,55,58,0,392,0,0,19,0,19,279,55,77,0,411,64,0,64,475
03/20/2005,SJC,CA,AWP,WE,Towers with Radar,308,61,59,0,428,0,0,27,0,27,308,61,86,0,455,34,0,34,489
03/21/2005,SJC,CA,AWP,WE,Towers with Radar,357,89,86,0,532,0,0,42,0,42,357,89,128,0,574,70,0,70,644
03/22/2005,SJC,CA,AWP,WE,Towers with Radar,331,82,72,0,485,0,0,15,0,15,331,82,87,0,500,0,0,0,500
03/23/2005,SJC,CA,AWP,WE,Towers with Radar,391,71,78,0,540,0,0,41,0,41,391,71,119,0,581,70,0,70,651
03/24/2005,SJC,CA,AWP,WE,Towers with Radar,365,64,98,0,527,0,5,89,0,94,365,69,187,0,621,30,0,30,651
03/25/2005,SJC,CA,AWP,WE,Towers with Radar,355,103,84,0,542,0,0,119,0,119,355,103,203,0,661,80,0,80,741
03/26/2005,SJC,CA,AWP,WE,Towers with Radar,257,44,36,0,337,0,1,60,0,61,257,45,96,0,398,32,0,32,430
03/27/2005,SJC,CA,AWP,WE,Towers with Radar,326,65,57,0,448,0,2,28,0,30,326,67,85,0,478,56,0,56,534
03/28/2005,SJC,CA,AWP,WE,Towers with Radar,333,86,59,0,478,0,0,57,0,57,333,86,116,0,535,98,0,98,633
03/29/2005,SJC,CA,AWP,WE,Towers with Radar,372,97,87,0,556,0,0,52,0,52,372,97,139,0,608,60,0,60,668
03/30/2005,SJC,CA,AWP,WE,Towers with Radar,364,139,68,0,571,0,0,70,0,70,364,139,138,0,641,58,0,58,699
03/31/2005,SJC,CA,AWP,WE,Towers with Radar,368,107,55,0,530,0,0,73,0,73,368,107,128,0,603,16,0,16,619
04/01/2005,SJC,CA,AWP,WE,Towers with Radar,361,98,66,0,525,0,0,0,0,0,361,98,66,0,525,40,0,40,565
04/02/2005,SJC,CA,AWP,WE,Towers with Radar,281,64,39,0,384,0,0,54,0,54,281,64,93,0,438,52,0,52,490
04/03/2005,SJC,CA,AWP,WE,Towers with Radar,295,72,60,0,427,0,1,33,0,34,295,73,93,0,461,96,0,96,557
04/04/2005,SJC,CA,AWP,WE,Towers with Radar,367,81,63,0,511,0,0,67,0,67,367,81,130,0,578,104,0,104,682
04/05/2005,SJC,CA,AWP,WE,Towers with Radar,369,88,63,0,520,0,0,104,0,104,369,88,167,0,624,88,0,88,712
04/06/2005,SJC,CA,AWP,WE,Towers with Radar,348,64,76,0,488,0,0,73,0,73,348,64,149,0,561,96,0,96,657
04/07/2005,SJC,CA,AWP,WE,Towers with Radar,380,75,81,0,536,0,0,45,0,45,380,75,126,0,581,34,0,34,615
04/08/2005,SJC,CA,AWP,WE,Towers with Radar,375,103,73,0,551,0,0,17,0,17,375,103,90,0,568,10,0,10,578
04/09/2005,SJC,CA,AWP,WE,Towers with Radar,288,51,25,1,365,0,0,54,0,54,288,51,79,1,419,62,0,62,481
04/10/2005,SJC,CA,AWP,WE,Towers with Radar,319,62,65,0,446,0,1,69,0,70,319,63,134,0,516,42,0,42,558
04/11/2005,SJC,CA,AWP,WE,Towers with Radar,352,95,58,0,505,0,0,54,0,54,352,95,112,0,559,66,0,66,625
04/12/2005,SJC,CA,AWP,WE,Towers with Radar,351,91,76,0,518,0,0,83,0,83,351,91,159,0,601,60,0,60,661
04/13/2005,SJC,CA,AWP,WE,Towers with Radar,369,101,105,0,575,0,1,75,0,76,369,102,180,0,651,58,0,58,709
04/14/2005,SJC,CA,AWP,WE,Towers with Radar,403,142,85,0,630,0,0,98,0,98,403,142,183,0,728,134,0,134,862
04/15/2005,SJC,CA,AWP,WE,Towers with Radar,389,62,73,0,524,0,0,94,0,94,389,62,167,0,618,12,0,12,630
04/16/2005,SJC,CA,AWP,WE,Towers with Radar,277,49,55,0,381,0,1,70,1,72,277,50,125,1,453,96,0,96,549
04/17/2005,SJC,CA,AWP,WE,Towers with Radar,319,59,72,0,450,0,0,50,0,50,319,59,122,0,500,26,0,26,526
04/18/2005,SJC,CA,AWP,WE,Towers with Radar,329,102,73,1,505,0,0,87,1,88,329,102,160,2,593,46,0,46,639
04/19/2005,SJC,CA,AWP,WE,Towers with Radar,336,93,63,0,492,0,1,92,0,93,336,94,155,0,585,52,0,52,637
04/20/2005,SJC,CA,AWP,WE,Towers with Radar,355,87,63,0,505,0,0,86,0,86,355,87,149,0,591,58,0,58,649
04/21/2005,SJC,CA,AWP,WE,Towers with Radar,385,88,117,0,590,0,0,81,0,81,385,88,198,0,671,96,0,96,767
04/22/2005,SJC,CA,AWP,WE,Towers with Radar,390,88,61,0,539,0,0,106,0,106,390,88,167,0,645,60,0,60,705
04/23/2005,SJC,CA,AWP,WE,Towers with Radar,266,46,35,0,347,0,0,27,0,27,266,46,62,0,374,72,0,72,446
04/24/2005,SJC,CA,AWP,WE,Towers with Radar,335,69,60,0,464,0,0,28,0,28,335,69,88,0,492,20,0,20,512
04/25/2005,SJC,CA,AWP,WE,Towers with Radar,317,115,87,0,519,0,1,69,0,70,317,116,156,0,589,16,0,16,605
04/26/2005,SJC,CA,AWP,WE,Towers with Radar,359,93,58,0,510,0,0,78,0,78,359,93,136,0,588,92,0,92,680
04/27/2005,SJC,CA,AWP,WE,Towers with Radar,355,89,93,0,537,0,0,55,0,55,355,89,148,0,592,0,0,0,592
04/28/2005,SJC,CA,AWP,WE,Towers with Radar,380,88,90,0,558,0,0,35,0,35,380,88,125,0,593,2,0,2,595
04/29/2005,SJC,CA,AWP,WE,Towers with Radar,386,102,78,0,566,0,0,102,0,102,386,102,180,0,668,56,0,56,724
04/30/2005,SJC,CA,AWP,WE,Towers with Radar,266,47,27,0,340,0,0,54,0,54,266,47,81,0,394,54,0,54,448
05/01/2005,SJC,CA,AWP,WE,Towers with Radar,329,71,50,0,450,0,0,69,0,69,329,71,119,0,519,18,0,18,537
05/02/2005,SJC,CA,AWP,WE,Towers with Radar,354,101,65,0,520,0,0,87,0,87,354,101,152,0,607,8,0,8,615
05/03/2005,SJC,CA,AWP,WE,Towers with Radar,363,81,57,0,501,0,0,78,0,78,363,81,135,0,579,12,0,12,591
05/04/2005,SJC,CA,AWP,WE,Towers with Radar,380,114,95,0,589,0,1,38,0,39,380,115,133,0,628,48,0,48,676
05/05/2005,SJC,CA,AWP,WE,Towers with Radar,416,84,84,0,584,0,1,20,0,21,416,85,104,0,605,0,0,0,605
05/06/2005,SJC,CA,AWP,WE,Towers with Radar,393,78,85,0,556,0,0,51,0,51,393,78,136,0,607,60,0,60,667
05/07/2005,SJC,CA,AWP,WE,Towers with Radar,283,42,26,0,351,0,0,58,2,60,283,42,84,2,411,46,0,46,457
05/08/2005,SJC,CA,AWP,WE,Towers with Radar,326,51,56,0,433,0,0,7,1,8,326,51,63,1,441,14,0,14,455
05/09/2005,SJC,CA,AWP,WE,Towers with Radar,342,100,74,0,516,0,0,34,0,34,342,100,108,0,550,4,0,4,554
05/10/2005,SJC,CA,AWP,WE,Towers with Radar,331,89,65,0,485,0,0,50,0,50,331,89,115,0,535,24,0,24,559
05/11/2005,SJC,CA,AWP,WE,Towers with Radar,354,83,67,0,504,0,2,82,0,84,354,85,149,0,588,10,0,10,598
05/12/2005,SJC,CA,AWP,WE,Towers with Radar,392,92,73,1,558,0,2,76,1,79,392,94,149,2,637,6,0,6,643
05/13/2005,SJC,CA,AWP,WE,Towers with Radar,357,95,87,0,539,0,28,76,0,104,357,123,163,0,643,42,0,42,685
05/14/2005,SJC,CA,AWP,WE,Towers with Radar,280,44,37,0,361,0,1,57,0,58,280,45,94,0,419,28,0,28,447
05/15/2005,SJC,CA,AWP,WE,Towers with Radar,351,46,55,0,452,0,2,41,0,43,351,48,96,0,495,32,0,32,527
05/16/2005,SJC,CA,AWP,WE,Towers with Radar,369,67,61,0,497,0,0,58,0,58,369,67,119,0,555,112,0,112,667
05/17/2005,SJC,CA,AWP,WE,Towers with Radar,387,99,97,0,583,0,0,67,0,67,387,99,164,0,650,8,0,8,658
05/18/2005,SJC,CA,AWP,WE,Towers with Radar,367,89,145,0,601,0,0,33,0,33,367,89,178,0,634,66,0,66,700
05/19/2005,SJC,CA,AWP,WE,Towers with Radar,390,92,92,0,574,0,0,33,0,33,390,92,125,0,607,24,0,24,631
05/20/2005,SJC,CA,AWP,WE,Towers with Radar,337,87,62,0,486,0,1,85,0,86,337,88,147,0,572,32,0,32,604
05/21/2005,SJC,CA,AWP,WE,Towers with Radar,276,57,35,0,368,0,0,55,0,55,276,57,90,0,423,54,0,54,477
05/22/2005,SJC,CA,AWP,WE,Towers with Radar,330,66,51,0,447,0,1,84,0,85,330,67,135,0,532,170,0,170,702
05/23/2005,SJC,CA,AWP,WE,Towers with Radar,350,83,56,0,489,0,0,79,0,79,350,83,135,0,568,70,0,70,638
05/24/2005,SJC,CA,AWP,WE,Towers with Radar,348,97,77,0,522,0,2,68,0,70,348,99,145,0,592,148,0,148,740
05/25/2005,SJC,CA,AWP,WE,Towers with Radar,388,100,81,0,569,0,2,102,0,104,388,102,183,0,673,90,0,90,763
05/26/2005,SJC,CA,AWP,WE,Towers with Radar,370,86,122,0,578,0,2,89,0,91,370,88,211,0,669,54,0,54,723
05/27/2005,SJC,CA,AWP,WE,Towers with Radar,364,90,102,0,556,0,1,85,0,86,364,91,187,0,642,76,0,76,718
05/28/2005,SJC,CA,AWP,WE,Towers with Radar,270,43,27,0,340,0,0,63,0,63,270,43,90,0,403,62,0,62,465
05/29/2005,SJC,CA,AWP,WE,Towers with Radar,276,59,20,0,355,0,0,26,0,26,276,59,46,0,381,12,0,12,393
05/30/2005,SJC,CA,AWP,WE,Towers with Radar,321,74,62,0,457,0,0,83,0,83,321,74,145,0,540,18,0,18,558
05/31/2005,SJC,CA,AWP,WE,Towers with Radar,335,99,73,0,507,0,0,72,4,76,335,99,145,4,583,22,0,22,605
06/01/2005,SJC,CA,AWP,WE,Towers with Radar,345,105,47,0,497,0,1,78,0,79,345,106,125,0,576,118,0,118,694
06/02/2005,SJC,CA,AWP,WE,Towers with Radar,355,94,65,0,514,0,1,88,1,90,355,95,153,1,604,8,0,8,612
06/03/2005,SJC,CA,AWP,WE,Towers with Radar,351,100,58,0,509,0,0,91,0,91,351,100,149,0,600,28,0,28,628
06/04/2005,SJC,CA,AWP,WE,Towers with Radar,306,52,30,0,388,0,0,57,0,57,306,52,87,0,445,6,0,6,451
06/05/2005,SJC,CA,AWP,WE,Towers with Radar,334,71,38,0,443,0,1,60,0,61,334,72,98,0,504,10,0,10,514
06/06/2005,SJC,CA,AWP,WE,Towers with Radar,352,79,75,0,506,0,1,66,4,71,352,80,141,4,577,50,0,50,627
06/07/2005,SJC,CA,AWP,WE,Towers with Radar,335,90,68,1,494,0,0,70,0,70,335,90,138,1,564,68,0,68,632
06/08/2005,SJC,CA,AWP,WE,Towers with Radar,367,108,112,0,587,0,0,27,1,28,367,108,139,1,615,28,0,28,643
06/09/2005,SJC,CA,AWP,WE,Towers with Radar,355,106,102,0,563,0,2,33,0,35,355,108,135,0,598,12,0,12,610
06/10/2005,SJC,CA,AWP,WE,Towers with Radar,353,101,90,0,544,0,1,67,0,68,353,102,157,0,612,68,0,68,680
06/11/2005,SJC,CA,AWP,WE,Towers with Radar,306,46,37,0,389,0,1,62,0,63,306,47,99,0,452,62,0,62,514
06/12/2005,SJC,CA,AWP,WE,Towers with Radar,327,80,58,0,465,0,0,70,0,70,327,80,128,0,535,66,0,66,601
06/13/2005,SJC,CA,AWP,WE,Towers with Radar,369,79,49,0,497,0,1,68,0,69,369,80,117,0,566,4,0,4,570
06/14/2005,SJC,CA,AWP,WE,Towers with Radar,355,74,53,0,482,0,0,74,0,74,355,74,127,0,556,12,0,12,568
06/15/2005,SJC,CA,AWP,WE,Towers with Radar,349,81,56,1,487,0,3,93,0,96,349,84,149,1,583,24,0,24,607
06/16/2005,SJC,CA,AWP,WE,Towers with Radar,396,90,88,0,574,0,0,50,0,50,396,90,138,0,624,0,0,0,624
06/17/2005,SJC,CA,AWP,WE,Towers with Radar,358,88,99,0,545,0,0,73,0,73,358,88,172,0,618,48,0,48,666
06/18/2005,SJC,CA,AWP,WE,Towers with Radar,301,54,52,0,407,0,0,68,0,68,301,54,120,0,475,84,0,84,559
06/19/2005,SJC,CA,AWP,WE,Towers with Radar,338,74,50,4,466,0,1,59,0,60,338,75,109,4,526,68,0,68,594
06/20/2005,SJC,CA,AWP,WE,Towers with Radar,365,76,87,0,528,0,0,77,0,77,365,76,164,0,605,10,0,10,615
06/21/2005,SJC,CA,AWP,WE,Towers with Radar,364,96,80,0,540,3,0,65,0,68,367,96,145,0,608,64,0,64,672
06/22/2005,SJC,CA,AWP,WE,Towers with Radar,377,89,73,0,539,0,2,86,0,88,377,91,159,0,627,70,0,70,697
06/23/2005,SJC,CA,AWP,WE,Towers with Radar,378,64,74,0,516,0,0,69,0,69,378,64,143,0,585,26,0,26,611
06/24/2005,SJC,CA,AWP,WE,Towers with Radar,361,77,49,1,488,0,0,97,0,97,361,77,146,1,585,66,0,66,651
06/25/2005,SJC,CA,AWP,WE,Towers with Radar,286,55,54,0,395,0,0,50,0,50,286,55,104,0,445,16,0,16,461
06/26/2005,SJC,CA,AWP,WE,Towers with Radar,334,51,62,0,447,0,0,57,0,57,334,51,119,0,504,62,0,62,566
06/27/2005,SJC,CA,AWP,WE,Towers with Radar,392,73,69,1,535,0,0,0,0,0,392,73,69,1,535,56,0,56,591
06/28/2005,SJC,CA,AWP,WE,Towers with Radar,410,67,94,0,571,0,0,60,0,60,410,67,154,0,631,16,0,16,647
06/29/2005,SJC,CA,AWP,WE,Towers with Radar,344,94,67,0,505,0,5,62,0,67,344,99,129,0,572,8,0,8,580
06/30/2005,SJC,CA,AWP,WE,Towers with Radar,399,108,92,0,599,0,3,123,0,126,399,111,215,0,725,102,0,102,827
07/01/2005,SJC,CA,AWP,WE,Towers with Radar,373,92,70,0,535,0,5,91,0,96,373,97,161,0,631,50,0,50,681
07/02/2005,SJC,CA,AWP,WE,Towers with Radar,277,49,32,0,358,0,2,44,0,46,277,51,76,0,404,82,0,82,486
07/03/2005,SJC,CA,AWP,WE,Towers with Radar,259,44,17,0,320,0,0,42,0,42,259,44,59,0,362,56,0,56,418
07/04/2005,SJC,CA,AWP,WE,Towers with Radar,335,59,40,0,434,0,0,59,0,59,335,59,99,0,493,44,0,44,537
07/05/2005,SJC,CA,AWP,WE,Towers with Radar,359,94,90,0,543,0,0,69,2,71,359,94,159,2,614,94,0,94,708
07/06/2005,SJC,CA,AWP,WE,Towers with Radar,390,71,85,0,546,0,2,88,0,90,390,73,173,0,636,20,0,20,656
07/07/2005,SJC,CA,AWP,WE,Towers with Radar,362,56,66,1,485,0,2,123,0,125,362,58,189,1,610,32,0,32,642
07/08/2005,SJC,CA,AWP,WE,Towers with Radar,369,66,62,0,497,0,0,89,1,90,369,66,151,1,587,74,0,74,661
07/09/2005,SJC,CA,AWP,WE,Towers with Radar,299,54,48,4,405,0,0,85,0,85,299,54,133,4,490,48,0,48,538
07/10/2005,SJC,CA,AWP,WE,Towers with Radar,348,45,44,0,437,0,0,100,0,100,348,45,144,0,537,16,0,16,553
07/11/2005,SJC,CA,AWP,WE,Towers with Radar,339,80,80,0,499,0,20,61,0,81,339,100,141,0,580,68,0,68,648
07/12/2005,SJC,CA,AWP,WE,Towers with Radar,363,79,45,1,488,0,0,63,0,63,363,79,108,1,551,300,0,300,851
07/13/2005,SJC,CA,AWP,WE,Towers with Radar,351,90,45,0,486,0,0,63,0,63,351,90,108,0,549,114,0,114,663
07/14/2005,SJC,CA,AWP,WE,Towers with Radar,370,89,60,0,519,0,0,71,0,71,370,89,131,0,590,38,0,38,628
07/15/2005,SJC,CA,AWP,WE,Towers with Radar,398,58,69,0,525,0,1,76,0,77,398,59,145,0,602,38,0,38,640
07/16/2005,SJC,CA,AWP,WE,Towers with Radar,319,31,43,0,393,0,1,79,0,80,319,32,122,0,473,62,0,62,535
07/17/2005,SJC,CA,AWP,WE,Towers with Radar,370,56,55,0,481,0,0,83,0,83,370,56,138,0,564,8,0,8,572
07/18/2005,SJC,CA,AWP,WE,Towers with Radar,372,75,86,0,533,0,1,81,0,82,372,76,167,0,615,176,0,176,791
07/19/2005,SJC,CA,AWP,WE,Towers with Radar,325,92,83,0,500,0,1,67,0,68,325,93,150,0,568,14,0,14,582
07/20/2005,SJC,CA,AWP,WE,Towers with Radar,362,89,80,0,531,0,0,72,0,72,362,89,152,0,603,70,0,70,673
07/21/2005,SJC,CA,AWP,WE,Towers with Radar,316,76,72,0,464,0,1,71,1,73,316,77,143,1,537,40,0,40,577
07/22/2005,SJC,CA,AWP,WE,Towers with Radar,367,75,53,0,495,0,3,66,0,69,367,78,119,0,564,54,0,54,618
07/23/2005,SJC,CA,AWP,WE,Towers with Radar,300,49,35,0,384,0,0,50,0,50,300,49,85,0,434,60,0,60,494
07/24/2005,SJC,CA,AWP,WE,Towers with Radar,334,53,55,1,443,0,2,57,0,59,334,55,112,1,502,26,0,26,528
07/25/2005,SJC,CA,AWP,WE,Towers with Radar,366,77,57,0,500,0,0,63,0,63,366,77,120,0,563,32,0,32,595
07/26/2005,SJC,CA,AWP,WE,Towers with Radar,371,81,71,0,523,0,1,89,0,90,371,82,160,0,613,18,0,18,631
07/27/2005,SJC,CA,AWP,WE,Towers with Radar,377,78,62,0,517,0,2,80,0,82,377,80,142,0,599,16,0,16,615
07/28/2005,SJC,CA,AWP,WE,Towers with Radar,358,115,74,0,547,0,1,83,0,84,358,116,157,0,631,520,0,520,1151
07/29/2005,SJC,CA,AWP,WE,Towers with Radar,394,72,73,0,539,0,0,104,0,104,394,72,177,0,643,76,0,76,719
07/30/2005,SJC,CA,AWP,WE,Towers with Radar,307,58,87,0,452,0,0,31,0,31,307,58,118,0,483,46,0,46,529
07/31/2005,SJC,CA,AWP,WE,Towers with Radar,365,68,71,0,504,0,0,85,0,85,365,68,156,0,589,16,0,16,605
08/01/2005,SJC,CA,AWP,WE,Towers with Radar,338,68,63,0,469,0,1,60,0,61,338,69,123,0,530,72,0,72,602
08/02/2005,SJC,CA,AWP,WE,Towers with Radar,360,98,49,0,507,0,0,81,0,81,360,98,130,0,588,48,0,48,636
08/03/2005,SJC,CA,AWP,WE,Towers with Radar,380,76,46,0,502,0,0,84,0,84,380,76,130,0,586,58,0,58,644
08/04/2005,SJC,CA,AWP,WE,Towers with Radar,368,85,63,0,516,0,1,76,0,77,368,86,139,0,593,2,0,2,595
08/05/2005,SJC,CA,AWP,WE,Towers with Radar,392,96,71,0,559,0,1,105,0,106,392,97,176,0,665,62,0,62,727
08/06/2005,SJC,CA,AWP,WE,Towers with Radar,326,46,34,0,406,0,0,60,0,60,326,46,94,0,466,34,0,34,500
08/07/2005,SJC,CA,AWP,WE,Towers with Radar,350,43,62,0,455,0,2,71,0,73,350,45,133,0,528,22,0,22,550
08/08/2005,SJC,CA,AWP,WE,Towers with Radar,369,82,70,0,521,0,2,86,0,88,369,84,156,0,609,92,0,92,701
08/09/2005,SJC,CA,AWP,WE,Towers with Radar,340,88,67,0,495,0,1,73,0,74,340,89,140,0,569,40,0,40,609
08/10/2005,SJC,CA,AWP,WE,Towers with Radar,358,95,65,0,518,0,0,89,0,89,358,95,154,0,607,26,0,26,633
08/11/2005,SJC,CA,AWP,WE,Towers with Radar,395,95,87,0,577,0,0,112,0,112,395,95,199,0,689,76,0,76,765
08/12/2005,SJC,CA,AWP,WE,Towers with Radar,381,100,71,0,552,0,1,109,0,110,381,101,180,0,662,62,0,62,724
08/13/2005,SJC,CA,AWP,WE,Towers with Radar,309,37,61,0,407,0,0,84,0,84,309,37,145,0,491,84,0,84,575
08/14/2005,SJC,CA,AWP,WE,Towers with Radar,328,47,84,0,459,0,0,55,0,55,328,47,139,0,514,52,0,52,566
08/15/2005,SJC,CA,AWP,WE,Towers with Radar,335,75,65,0,475,0,0,53,0,53,335,75,118,0,528,48,0,48,576
08/16/2005,SJC,CA,AWP,WE,Towers with Radar,344,108,86,0,538,0,0,62,0,62,344,108,148,0,600,88,0,88,688
08/17/2005,SJC,CA,AWP,WE,Towers with Radar,353,96,67,0,516,0,1,63,0,64,353,97,130,0,580,36,0,36,616
08/18/2005,SJC,CA,AWP,WE,Towers with Radar,389,88,76,0,553,0,2,114,0,116,389,90,190,0,669,0,0,0,669
08/19/2005,SJC,CA,AWP,WE,Towers with Radar,380,76,74,0,530,0,3,86,0,89,380,79,160,0,619,40,0,40,659
08/20/2005,SJC,CA,AWP,WE,Towers with Radar,307,48,38,0,393,0,0,43,0,43,307,48,81,0,436,40,0,40,476
08/21/2005,SJC,CA,AWP,WE,Towers with Radar,303,62,54,0,419,0,0,45,0,45,303,62,99,0,464,32,0,32,496
08/22/2005,SJC,CA,AWP,WE,Towers with Radar,382,79,73,0,534,0,0,53,0,53,382,79,126,0,587,76,0,76,663
08/23/2005,SJC,CA,AWP,WE,Towers with Radar,353,70,75,0,498,0,0,51,0,51,353,70,126,0,549,4,0,4,553
08/24/2005,SJC,CA,AWP,WE,Towers with Radar,377,71,50,0,498,0,1,51,0,52,377,72,101,0,550,0,0,0,550
08/25/2005,SJC,CA,AWP,WE,Towers with Radar,403,81,85,0,569,0,0,79,0,79,403,81,164,0,648,14,0,14,662
08/26/2005,SJC,CA,AWP,WE,Towers with Radar,378,80,61,0,519,0,2,99,0,101,378,82,160,0,620,62,0,62,682
08/27/2005,SJC,CA,AWP,WE,Towers with Radar,318,43,25,0,386,0,1,66,0,67,318,44,91,0,453,4,0,4,457
08/28/2005,SJC,CA,AWP,WE,Towers with Radar,363,35,12,0,410,0,1,0,0,1,363,36,12,0,411,28,0,28,439
08/29/2005,SJC,CA,AWP,WE,Towers with Radar,349,58,35,0,442,0,2,87,1,90,349,60,122,1,532,74,0,74,606
08/30/2005,SJC,CA,AWP,WE,Towers with Radar,378,59,46,0,483,0,2,80,0,82,378,61,126,0,565,34,0,34,599
08/31/2005,SJC,CA,AWP,WE,Towers with Radar,364,87,47,0,498,0,0,89,0,89,364,87,136,0,587,44,0,44,631
09/01/2005,SJC,CA,AWP,WE,Towers with Radar,410,73,61,0,544,0,1,103,0,104,410,74,164,0,648,0,0,0,648
09/02/2005,SJC,CA,AWP,WE,Towers with Radar,382,86,78,2,548,0,0,76,0,76,382,86,154,2,624,36,0,36,660
09/03/2005,SJC,CA,AWP,WE,Towers with Radar,314,23,32,0,369,0,1,64,0,65,314,24,96,0,434,84,0,84,518
09/04/2005,SJC,CA,AWP,WE,Towers with Radar,271,16,13,0,300,0,10,24,0,34,271,26,37,0,334,30,0,30,364
09/05/2005,SJC,CA,AWP,WE,Towers with Radar,364,83,54,0,501,0,15,70,0,85,364,98,124,0,586,86,0,86,672
09/06/2005,SJC,CA,AWP,WE,Towers with Radar,384,92,51,0,527,0,0,69,0,69,384,92,120,0,596,60,0,60,656
09/07/2005,SJC,CA,AWP,WE,Towers with Radar,372,100,56,0,528,0,1,60,0,61,372,101,116,0,589,20,0,20,609
09/08/2005,SJC,CA,AWP,WE,Towers with Radar,377,98,70,0,545,0,1,40,0,41,377,99,110,0,586,12,0,12,598
09/09/2005,SJC,CA,AWP,WE,Towers with Radar,364,78,89,0,531,0,2,78,0,80,364,80,167,0,611,26,0,26,637
09/10/2005,SJC,CA,AWP,WE,Towers with Radar,290,38,26,0,354,0,0,51,2,53,290,38,77,2,407,30,0,30,437
09/11/2005,SJC,CA,AWP,WE,Towers with Radar,334,46,50,0,430,0,1,55,0,56,334,47,105,0,486,70,0,70,556
09/12/2005,SJC,CA,AWP,WE,Towers with Radar,336,85,49,0,470,0,0,53,0,53,336,85,102,0,523,140,0,140,663
09/13/2005,SJC,CA,AWP,WE,Towers with Radar,360,84,65,0,509,0,0,48,0,48,360,84,113,0,557,56,0,56,613
09/14/2005,SJC,CA,AWP,WE,Towers with Radar,377,81,61,0,519,0,0,52,0,52,377,81,113,0,571,112,0,112,683
09/15/2005,SJC,CA,AWP,WE,Towers with Radar,383,68,71,0,522,0,0,72,0,72,383,68,143,0,594,124,0,124,718
09/16/2005,SJC,CA,AWP,WE,Towers with Radar,377,103,65,0,545,0,2,87,0,89,377,105,152,0,634,34,0,34,668
09/17/2005,SJC,CA,AWP,WE,Towers with Radar,291,40,39,0,370,0,1,54,0,55,291,41,93,0,425,64,0,64,489
09/18/2005,SJC,CA,AWP,WE,Towers with Radar,315,32,72,0,419,0,31,66,0,97,315,63,138,0,516,32,0,32,548
09/19/2005,SJC,CA,AWP,WE,Towers with Radar,364,58,45,0,467,0,0,54,0,54,364,58,99,0,521,36,0,36,557
09/20/2005,SJC,CA,AWP,WE,Towers with Radar,360,103,78,0,541,0,0,37,0,37,360,103,115,0,578,0,0,0,578
09/21/2005,SJC,CA,AWP,WE,Towers with Radar,370,105,87,0,562,0,2,66,0,68,370,107,153,0,630,44,0,44,674
09/22/2005,SJC,CA,AWP,WE,Towers with Radar,380,95,96,0,571,0,0,79,0,79,380,95,175,0,650,94,0,94,744
09/23/2005,SJC,CA,AWP,WE,Towers with Radar,380,81,82,0,543,0,5,83,0,88,380,86,165,0,631,18,0,18,649
09/24/2005,SJC,CA,AWP,WE,Towers with Radar,276,53,32,0,361,0,0,64,0,64,276,53,96,0,425,52,0,52,477
09/25/2005,SJC,CA,AWP,WE,Towers with Radar,337,83,56,0,476,0,0,82,0,82,337,83,138,0,558,8,0,8,566
09/26/2005,SJC,CA,AWP,WE,Towers with Radar,360,78,41,0,479,0,0,58,0,58,360,78,99,0,537,47,0,47,584
09/27/2005,SJC,CA,AWP,WE,Towers with Radar,345,62,62,0,469,0,1,75,0,76,345,63,137,0,545,74,0,74,619
09/28/2005,SJC,CA,AWP,WE,Towers with Radar,386,103,64,0,553,0,1,83,0,84,386,104,147,0,637,78,0,78,715
09/29/2005,SJC,CA,AWP,WE,Towers with Radar,365,61,65,0,491,0,0,85,0,85,365,61,150,0,576,340,0,340,916
09/30/2005,SJC,CA,AWP,WE,Towers with Radar,384,86,51,0,521,0,0,94,0,94,384,86,145,0,615,54,0,54,669
10/01/2005,SJC,CA,AWP,WE,Towers with Radar,318,58,40,0,416,0,0,40,1,41,318,58,80,1,457,62,0,62,519
10/02/2005,SJC,CA,AWP,WE,Towers with Radar,343,55,68,0,466,0,0,58,0,58,343,55,126,0,524,18,0,18,542
10/03/2005,SJC,CA,AWP,WE,Towers with Radar,356,67,56,9,488,0,0,71,0,71,356,67,127,9,559,38,0,38,597
10/04/2005,SJC,CA,AWP,WE,Towers with Radar,380,85,46,0,511,0,1,76,0,77,380,86,122,0,588,30,0,30,618
10/05/2005,SJC,CA,AWP,WE,Towers with Radar,377,97,51,0,525,0,0,91,0,91,377,97,142,0,616,44,0,44,660
10/06/2005,SJC,CA,AWP,WE,Towers with Radar,385,97,62,0,544,0,0,94,0,94,385,97,156,0,638,42,0,42,680
10/07/2005,SJC,CA,AWP,WE,Towers with Radar,389,83,90,0,562,0,0,92,0,92,389,83,182,0,654,48,0,48,702
10/08/2005,SJC,CA,AWP,WE,Towers with Radar,291,39,45,0,375,0,0,49,0,49,291,39,94,0,424,58,0,58,482
10/09/2005,SJC,CA,AWP,WE,Towers with Radar,318,56,41,0,415,0,2,61,0,63,318,58,102,0,478,80,0,80,558
10/10/2005,SJC,CA,AWP,WE,Towers with Radar,365,95,76,0,536,0,0,86,0,86,365,95,162,0,622,40,0,40,662
10/11/2005,SJC,CA,AWP,WE,Towers with Radar,320,84,57,0,461,0,0,73,0,73,320,84,130,0,534,60,0,60,594
10/12/2005,SJC,CA,AWP,WE,Towers with Radar,365,107,83,0,555,0,1,65,0,66,365,108,148,0,621,48,0,48,669
10/13/2005,SJC,CA,AWP,WE,Towers with Radar,393,114,59,0,566,0,0,68,0,68,393,114,127,0,634,32,0,32,666
10/14/2005,SJC,CA,AWP,WE,Towers with Radar,338,92,58,0,488,0,1,102,1,104,338,93,160,1,592,56,0,56,648
10/15/2005,SJC,CA,AWP,WE,Towers with Radar,276,52,40,0,368,0,1,33,0,34,276,53,73,0,402,36,0,36,438
10/16/2005,SJC,CA,AWP,WE,Towers with Radar,323,64,67,0,454,0,0,54,0,54,323,64,121,0,508,10,0,10,518
10/17/2005,SJC,CA,AWP,WE,Towers with Radar,357,77,67,0,501,0,0,65,0,65,357,77,132,0,566,116,0,116,682
10/18/2005,SJC,CA,AWP,WE,Towers with Radar,350,103,76,0,529,0,2,87,0,89,350,105,163,0,618,30,0,30,648
10/19/2005,SJC,CA,AWP,WE,Towers with Radar,367,100,92,0,559,0,2,64,0,66,367,102,156,0,625,40,0,40,665
10/20/2005,SJC,CA,AWP,WE,Towers with Radar,368,96,77,0,541,0,1,67,0,68,368,97,144,0,609,28,0,28,637
10/21/2005,SJC,CA,AWP,WE,Towers with Radar,372,76,92,0,540,0,1,91,0,92,372,77,183,0,632,60,0,60,692
10/22/2005,SJC,CA,AWP,WE,Towers with Radar,265,52,38,0,355,0,2,50,0,52,265,54,88,0,407,84,0,84,491
10/23/2005,SJC,CA,AWP,WE,Towers with Radar,362,66,73,0,501,0,0,74,0,74,362,66,147,0,575,92,0,92,667
10/24/2005,SJC,CA,AWP,WE,Towers with Radar,322,85,76,0,483,0,0,26,0,26,322,85,102,0,509,0,0,0,509
10/25/2005,SJC,CA,AWP,WE,Towers with Radar,351,111,81,0,543,0,0,69,2,71,351,111,150,2,614,164,0,164,778
10/26/2005,SJC,CA,AWP,WE,Towers with Radar,335,128,104,0,567,0,0,36,0,36,335,128,140,0,603,56,0,56,659
10/27/2005,SJC,CA,AWP,WE,Towers with Radar,387,66,66,0,519,0,0,66,0,66,387,66,132,0,585,132,0,132,717
10/28/2005,SJC,CA,AWP,WE,Towers with Radar,359,70,75,0,504,0,3,67,0,70,359,73,142,0,574,82,0,82,656
10/29/2005,SJC,CA,AWP,WE,Towers with Radar,321,54,48,0,423,0,0,49,0,49,321,54,97,0,472,130,0,130,602
10/30/2005,SJC,CA,AWP,WE,Towers with Radar,356,64,64,0,484,0,3,64,0,67,356,67,128,0,551,52,0,52,603
10/31/2005,SJC,CA,AWP,WE,Towers with Radar,357,56,43,1,457,0,2,78,0,80,357,58,121,1,537,32,0,32,569
11/01/2005,SJC,CA,AWP,WE,Towers with Radar,339,79,66,0,484,0,0,79,0,79,339,79,145,0,563,72,0,72,635
11/02/2005,SJC,CA,AWP,WE,Towers with Radar,363,73,71,0,507,0,0,45,0,45,363,73,116,0,552,82,0,82,634
11/03/2005,SJC,CA,AWP,WE,Towers with Radar,361,89,78,0,528,0,0,65,0,65,361,89,143,0,593,62,0,62,655
11/04/2005,SJC,CA,AWP,WE,Towers with Radar,324,86,74,0,484,0,1,49,0,50,324,87,123,0,534,84,0,84,618
11/05/2005,SJC,CA,AWP,WE,Towers with Radar,281,39,30,0,350,0,0,69,0,69,281,39,99,0,419,28,0,28,447
11/06/2005,SJC,CA,AWP,WE,Towers with Radar,376,104,66,0,546,0,2,50,0,52,376,106,116,0,598,60,0,60,658
11/07/2005,SJC,CA,AWP,WE,Towers with Radar,341,86,81,0,508,0,0,34,0,34,341,86,115,0,542,34,0,34,576
11/08/2005,SJC,CA,AWP,WE,Towers with Radar,361,89,75,0,525,0,1,38,0,39,361,90,113,0,564,20,0,20,584
11/09/2005,SJC,CA,AWP,WE,Towers with Radar,358,126,114,0,598,0,1,37,0,38,358,127,151,0,636,48,0,48,684
11/10/2005,SJC,CA,AWP,WE,Towers with Radar,359,114,64,0,537,0,0,69,0,69,359,114,133,0,606,0,0,0,606
11/11/2005,SJC,CA,AWP,WE,Towers with Radar,365,89,74,0,528,0,0,79,0,79,365,89,153,0,607,96,0,96,703
11/12/2005,SJC,CA,AWP,WE,Towers with Radar,272,60,40,0,372,0,0,64,0,64,272,60,104,0,436,72,0,72,508
11/13/2005,SJC,CA,AWP,WE,Towers with Radar,365,68,53,0,486,0,0,75,0,75,365,68,128,0,561,114,0,114,675
11/14/2005,SJC,CA,AWP,WE,Towers with Radar,362,82,57,0,501,0,0,65,0,65,362,82,122,0,566,76,0,76,642
11/15/2005,SJC,CA,AWP,WE,Towers with Radar,321,70,67,0,458,0,0,69,0,69,321,70,136,0,527,64,0,64,591
11/16/2005,SJC,CA,AWP,WE,Towers with Radar,338,98,61,0,497,0,0,93,0,93,338,98,154,0,590,48,0,48,638
11/17/2005,SJC,CA,AWP,WE,Towers with Radar,370,97,83,0,550,0,0,81,0,81,370,97,164,0,631,30,0,30,661
11/18/2005,SJC,CA,AWP,WE,Towers with Radar,381,113,102,0,596,0,0,81,0,81,381,113,183,0,677,24,0,24,701
11/19/2005,SJC,CA,AWP,WE,Towers with Radar,267,74,57,0,398,0,0,68,0,68,267,74,125,0,466,52,0,52,518
11/20/2005,SJC,CA,AWP,WE,Towers with Radar,328,58,57,0,443,0,3,71,0,74,328,61,128,0,517,56,0,56,573
11/21/2005,SJC,CA,AWP,WE,Towers with Radar,356,71,76,0,503,0,1,98,0,99,356,72,174,0,602,70,0,70,672
11/22/2005,SJC,CA,AWP,WE,Towers with Radar,350,118,63,0,531,0,2,51,0,53,350,120,114,0,584,10,0,10,594
11/23/2005,SJC,CA,AWP,WE,Towers with Radar,398,110,83,0,591,0,0,110,0,110,398,110,193,0,701,6,0,6,707
11/24/2005,SJC,CA,AWP,WE,Towers with Radar,227,45,18,0,290,0,0,16,0,16,227,45,34,0,306,0,0,0,306
11/25/2005,SJC,CA,AWP,WE,Towers with Radar,322,38,32,0,392,0,1,20,0,21,322,39,52,0,413,4,0,4,417
11/26/2005,SJC,CA,AWP,WE,Towers with Radar,313,68,54,0,435,0,2,48,0,50,313,70,102,0,485,98,0,98,583
11/27/2005,SJC,CA,AWP,WE,Towers with Radar,348,82,98,0,528,0,4,62,0,66,348,86,160,0,594,32,0,32,626
11/28/2005,SJC,CA,AWP,WE,Towers with Radar,343,97,84,0,524,0,0,58,0,58,343,97,142,0,582,12,0,12,594
11/29/2005,SJC,CA,AWP,WE,Towers with Radar,343,104,102,0,549,0,1,19,0,20,343,105,121,0,569,0,0,0,569
11/30/2005,SJC,CA,AWP,WE,Towers with Radar,342,126,80,0,548,0,3,40,0,43,342,129,120,0,591,62,0,62,653
12/01/2005,SJC,CA,AWP,WE,Towers with Radar,340,72,76,0,488,0,0,17,0,17,340,72,93,0,505,0,0,0,505
12/02/2005,SJC,CA,AWP,WE,Towers with Radar,365,67,79,0,511,0,2,75,0,77,365,69,154,0,588,56,0,56,644
12/03/2005,SJC,CA,AWP,WE,Towers with Radar,286,38,27,0,351,0,0,42,0,42,286,38,69,0,393,10,0,10,403
12/04/2005,SJC,CA,AWP,WE,Towers with Radar,329,46,42,0,417,0,0,78,0,78,329,46,120,0,495,90,0,90,585
12/05/2005,SJC,CA,AWP,WE,Towers with Radar,335,84,49,0,468,0,1,76,0,77,335,85,125,0,545,44,0,44,589
12/06/2005,SJC,CA,AWP,WE,Towers with Radar,337,89,75,0,501,0,0,77,0,77,337,89,152,0,578,90,0,90,668
12/07/2005,SJC,CA,AWP,WE,Towers with Radar,342,93,87,0,522,0,0,44,0,44,342,93,131,0,566,38,0,38,604
12/08/2005,SJC,CA,AWP,WE,Towers with Radar,334,73,70,0,477,0,1,21,0,22,334,74,91,0,499,2,0,2,501
12/09/2005,SJC,CA,AWP,WE,Towers with Radar,356,95,68,0,519,0,3,82,0,85,356,98,150,0,604,58,0,58,662
12/10/2005,SJC,CA,AWP,WE,Towers with Radar,286,52,27,0,365,0,7,77,0,84,286,59,104,0,449,68,0,68,517
12/11/2005,SJC,CA,AWP,WE,Towers with Radar,31,46,62,0,139,0,0,72,0,72,31,46,134,0,211,94,0,94,305
12/12/2005,SJC,CA,AWP,WE,Towers with Radar,349,78,71,0,498,0,0,47,0,47,349,78,118,0,545,58,0,58,603
12/13/2005,SJC,CA,AWP,WE,Towers with Radar,339,114,56,0,509,0,0,64,0,64,339,114,120,0,573,86,0,86,659
12/14/2005,SJC,CA,AWP,WE,Towers with Radar,357,88,55,0,500,0,0,67,0,67,357,88,122,0,567,56,0,56,623
12/15/2005,SJC,CA,AWP,WE,Towers with Radar,392,73,59,0,524,0,3,60,0,63,392,76,119,0,587,320,0,320,907
12/16/2005,SJC,CA,AWP,WE,Towers with Radar,396,77,81,0,554,0,1,57,0,58,396,78,138,0,612,2,0,2,614
12/17/2005,SJC,CA,AWP,WE,Towers with Radar,279,47,43,0,369,0,0,24,0,24,279,47,67,0,393,30,0,30,423
12/18/2005,SJC,CA,AWP,WE,Towers with Radar,364,69,54,0,487,0,0,0,0,0,364,69,54,0,487,2,0,2,489
12/19/2005,SJC,CA,AWP,WE,Towers with Radar,340,83,66,0,489,0,2,45,0,47,340,85,111,0,536,62,0,62,598
12/20/2005,SJC,CA,AWP,WE,Towers with Radar,349,99,67,0,515,0,1,46,0,47,349,100,113,0,562,50,0,50,612
12/21/2005,SJC,CA,AWP,WE,Towers with Radar,338,86,55,0,479,0,0,6,0,6,338,86,61,0,485,58,0,58,543
12/22/2005,SJC,CA,AWP,WE,Towers with Radar,356,82,77,0,515,0,0,15,0,15,356,82,92,0,530,4,0,4,534
12/23/2005,SJC,CA,AWP,WE,Towers with Radar,395,61,73,0,529,0,0,0,0,0,395,61,73,0,529,0,0,0,529
12/24/2005,SJC,CA,AWP,WE,Towers with Radar,276,28,23,0,327,0,0,22,0,22,276,28,45,0,349,24,0,24,373
12/25/2005,SJC,CA,AWP,WE,Towers with Radar,284,35,27,0,346,0,2,9,0,11,284,37,36,0,357,68,0,68,425
12/26/2005,SJC,CA,AWP,WE,Towers with Radar,330,64,64,0,458,0,1,40,0,41,330,65,104,0,499,38,0,38,537
12/27/2005,SJC,CA,AWP,WE,Towers with Radar,320,81,59,3,463,0,0,14,1,15,320,81,73,4,478,8,0,8,486
12/28/2005,SJC,CA,AWP,WE,Towers with Radar,389,65,27,0,481,0,0,15,0,15,389,65,42,0,496,16,0,16,512
12/29/2005,SJC,CA,AWP,WE,Towers with Radar,366,47,38,0,451,0,0,45,0,45,366,47,83,0,496,260,0,260,756
12/30/2005,SJC,CA,AWP,WE,Towers with Radar,369,44,37,0,450,0,4,15,0,19,369,48,52,0,469,60,0,60,529
12/31/2005,SJC,CA,AWP,WE,Towers with Radar,273,49,23,0,345,0,4,14,0,18,273,53,37,0,363,16,0,16,379
01/01/2006,SJC,CA,AWP,WE,Towers with Radar,350,58,51,0,459,0,0,7,0,7,350,58,58,0,466,0,0,0,466
01/02/2006,SJC,CA,AWP,WE,Towers with Radar,331,75,73,0,479,0,1,4,0,5,331,76,77,0,484,0,0,0,484
01/03/2006,SJC,CA,AWP,WE,Towers with Radar,341,88,50,0,479,0,0,35,0,35,341,88,85,0,514,38,0,38,552
01/04/2006,SJC,CA,AWP,WE,Towers with Radar,317,68,70,1,456,0,0,49,0,49,317,68,119,1,505,18,0,18,523
01/05/2006,SJC,CA,AWP,WE,Towers with Radar,365,70,44,0,479,0,0,50,5,55,365,70,94,5,534,32,0,32,566
01/06/2006,SJC,CA,AWP,WE,Towers with Radar,359,83,55,0,497,0,1,62,0,63,359,84,117,0,560,32,0,32,592
01/07/2006,SJC,CA,AWP,WE,Towers with Radar,293,34,38,0,365,0,3,34,0,37,293,37,72,0,402,28,0,28,430
01/08/2006,SJC,CA,AWP,WE,Towers with Radar,328,48,38,0,414,0,0,52,0,52,328,48,90,0,466,34,0,34,500
01/09/2006,SJC,CA,AWP,WE,Towers with Radar,328,66,27,0,421,0,1,55,0,56,328,67,82,0,477,20,0,20,497
01/10/2006,SJC,CA,AWP,WE,Towers with Radar,320,92,55,0,467,0,0,44,0,44,320,92,99,0,511,0,0,0,511
01/11/2006,SJC,CA,AWP,WE,Towers with Radar,360,102,65,0,527,0,0,34,0,34,360,102,99,0,561,14,0,14,575
01/12/2006,SJC,CA,AWP,WE,Towers with Radar,374,77,72,0,523,0,0,64,0,64,374,77,136,0,587,38,0,38,625
01/13/2006,SJC,CA,AWP,WE,Towers with Radar,338,116,81,0,535,0,1,46,0,47,338,117,127,0,582,26,0,26,608
01/14/2006,SJC,CA,AWP,WE,Towers with Radar,272,42,30,0,344,0,0,17,0,17,272,42,47,0,361,18,0,18,379
01/15/2006,SJC,CA,AWP,WE,Towers with Radar,341,28,32,0,401,0,0,66,0,66,341,28,98,0,467,56,0,56,523
01/16/2006,SJC,CA,AWP,WE,Towers with Radar,381,81,70,0,532,0,0,69,0,69,381,81,139,0,601,56,0,56,657
01/17/2006,SJC,CA,AWP,WE,Towers with Radar,316,129,55,0,500,0,0,36,0,36,316,129,91,0,536,78,0,78,614
01/18/2006,SJC,CA,AWP,WE,Towers with Radar,371,91,72,0,534,0,0,13,1,14,371,91,85,1,548,10,0,10,558
01/19/2006,SJC,CA,AWP,WE,Towers with Radar,384,117,113,0,614,0,0,56,0,56,384,117,169,0,670,26,0,26,696
01/20/2006,SJC,CA,AWP,WE,Towers with Radar,343,103,74,0,520,0,0,78,0,78,343,103,152,0,598,68,0,68,666
01/21/2006,SJC,CA,AWP,WE,Towers with Radar,302,40,38,0,380,0,0,21,0,21,302,40,59,0,401,92,0,92,493
01/22/2006,SJC,CA,AWP,WE,Towers with Radar,331,55,55,0,441,0,4,64,0,68,331,59,119,0,509,148,0,148,657
01/23/2006,SJC,CA,AWP,WE,Towers with Radar,338,84,57,0,479,0,0,48,0,48,338,84,105,0,527,2,0,2,529
01/24/2006,SJC,CA,AWP,WE,Towers with Radar,331,119,74,0,524,0,0,63,0,63,331,119,137,0,587,84,0,84,671
01/25/2006,SJC,CA,AWP,WE,Towers with Radar,374,98,67,0,539,0,0,49,0,49,374,98,116,0,588,0,0,0,588
01/26/2006,SJC,CA,AWP,WE,Towers with Radar,370,95,64,0,529,0,0,50,0,50,370,95,114,0,579,0,0,0,579
01/27/2006,SJC,CA,AWP,WE,Towers with Radar,347,97,78,0,522,0,0,60,0,60,347,97,138,0,582,92,0,92,674
01/28/2006,SJC,CA,AWP,WE,Towers with Radar,267,49,32,0,348,0,0,11,0,11,267,49,43,0,359,68,0,68,427
01/29/2006,SJC,CA,AWP,WE,Towers with Radar,341,56,55,0,452,0,1,42,0,43,341,57,97,0,495,26,0,26,521
01/30/2006,SJC,CA,AWP,WE,Towers with Radar,358,85,57,0,500,0,0,30,0,30,358,85,87,0,530,18,0,18,548
01/31/2006,SJC,CA,AWP,WE,Towers with Radar,335,98,65,0,498,0,0,76,0,76,335,98,141,0,574,30,0,30,604
02/01/2006,SJC,CA,AWP,WE,Towers with Radar,340,116,87,0,543,0,0,39,0,39,340,116,126,0,582,32,0,32,614
02/02/2006,SJC,CA,AWP,WE,Towers with Radar,368,91,69,0,528,0,0,26,0,26,368,91,95,0,554,66,0,66,620
02/03/2006,SJC,CA,AWP,WE,Towers with Radar,336,97,61,0,494,0,0,45,0,45,336,97,106,0,539,16,0,16,555
02/04/2006,SJC,CA,AWP,WE,Towers with Radar,293,42,32,0,367,0,0,27,0,27,293,42,59,0,394,10,0,10,404
02/05/2006,SJC,CA,AWP,WE,Towers with Radar,355,67,44,0,466,0,1,63,0,64,355,68,107,0,530,44,0,44,574
02/06/2006,SJC,CA,AWP,WE,Towers with Radar,387,76,44,0,507,0,0,67,0,67,387,76,111,0,574,4,0,4,578
02/07/2006,SJC,CA,AWP,WE,Towers with Radar,372,87,66,0,525,0,0,75,0,75,372,87,141,0,600,156,0,156,756
02/08/2006,SJC,CA,AWP,WE,Towers with Radar,383,90,45,1,519,0,1,68,0,69,383,91,113,1,588,34,0,34,622
02/09/2006,SJC,CA,AWP,WE,Towers with Radar,379,105,53,0,537,0,0,106,0,106,379,105,159,0,643,52,0,52,695
02/10/2006,SJC,CA,AWP,WE,Towers with Radar,401,91,81,0,573,0,0,96,0,96,401,91,177,0,669,34,0,34,703
02/11/2006,SJC,CA,AWP,WE,Towers with Radar,279,36,43,0,358,0,2,45,1,48,279,38,88,1,406,22,0,22,428
02/12/2006,SJC,CA,AWP,WE,Towers with Radar,341,47,49,0,437,0,0,35,0,35,341,47,84,0,472,30,0,30,502
02/13/2006,SJC,CA,AWP,WE,Towers with Radar,354,120,55,0,529,0,0,69,0,69,354,120,124,0,598,0,0,0,598
02/14/2006,SJC,CA,AWP,WE,Towers with Radar,342,84,70,0,496,0,0,56,0,56,342,84,126,0,552,110,0,110,662
02/15/2006,SJC,CA,AWP,WE,Towers with Radar,393,79,55,0,527,0,1,59,0,60,393,80,114,0,587,74,0,74,661
02/16/2006,SJC,CA,AWP,WE,Towers with Radar,375,69,78,0,522,0,1,58,0,59,375,70,136,0,581,32,0,32,613
02/17/2006,SJC,CA,AWP,WE,Towers with Radar,339,115,101,0,555,0,0,19,0,19,339,115,120,0,574,4,0,4,578
02/18/2006,SJC,CA,AWP,WE,Towers with Radar,262,40,55,1,358,0,1,21,0,22,262,41,76,1,380,30,0,30,410
02/19/2006,SJC,CA,AWP,WE,Towers with Radar,308,56,48,2,414,0,0,21,0,21,308,56,69,2,435,24,0,24,459
02/20/2006,SJC,CA,AWP,WE,Towers with Radar,346,63,70,0,479,0,0,69,0,69,346,63,139,0,548,160,0,160,708
02/21/2006,SJC,CA,AWP,WE,Towers with Radar,357,83,64,0,504,0,1,101,0,102,357,84,165,0,606,34,0,34,640
02/22/2006,SJC,CA,AWP,WE,Towers with Radar,355,65,64,0,484,0,1,71,0,72,355,66,135,0,556,36,0,36,592
02/23/2006,SJC,CA,AWP,WE,Towers with Radar,376,76,66,0,518,0,2,87,0,89,376,78,153,0,607,0,0,0,607
02/24/2006,SJC,CA,AWP,WE,Towers with Radar,392,75,61,1,529,0,0,91,0,91,392,75,152,1,620,52,0,52,672
02/25/2006,SJC,CA,AWP,WE,Towers with Radar,307,78,68,0,453,0,0,67,0,67,307,78,135,0,520,114,0,114,634
02/26/2006,SJC,CA,AWP,WE,Towers with Radar,333,64,100,0,497,0,0,12,0,12,333,64,112,0,509,38,0,38,547
02/27/2006,SJC,CA,AWP,WE,Towers with Radar,358,87,73,0,518,0,1,0,0,1,358,88,73,0,519,0,0,0,519
02/28/2006,SJC,CA,AWP,WE,Towers with Radar,330,87,69,0,486,0,0,37,0,37,330,87,106,0,523,2,0,2,525
03/01/2006,SJC,CA,AWP,WE,Towers with Radar,384,94,60,2,540,0,0,68,0,68,384,94,128,2,608,48,0,48,656
03/02/2006,SJC,CA,AWP,WE,Towers with Radar,360,82,72,0,514,0,0,41,0,41,360,82,113,0,555,58,0,58,613
03/03/2006,SJC,CA,AWP,WE,Towers with Radar,352,87,68,0,507,0,1,36,0,37,352,88,104,0,544,42,0,42,586
03/04/2006,SJC,CA,AWP,WE,Towers with Radar,301,47,35,0,383,0,0,37,0,37,301,47,72,0,420,80,0,80,500
03/05/2006,SJC,CA,AWP,WE,Towers with Radar,333,90,54,0,477,0,2,8,0,10,333,92,62,0,487,10,0,10,497
03/06/2006,SJC,CA,AWP,WE,Towers with Radar,358,82,57,0,497,0,0,30,0,30,358,82,87,0,527,50,0,50,577
03/07/2006,SJC,CA,AWP,WE,Towers with Radar,373,61,66,0,500,0,1,50,0,51,373,62,116,0,551,0,0,0,551
03/08/2006,SJC,CA,AWP,WE,Towers with Radar,363,74,64,0,501,0,0,66,0,66,363,74,130,0,567,46,0,46,613
03/09/2006,SJC,CA,AWP,WE,Towers with Radar,371,74,81,0,526,0,1,49,0,50,371,75,130,0,576,50,0,50,626
03/10/2006,SJC,CA,AWP,WE,Towers with Radar,351,89,69,0,509,0,0,42,0,42,351,89,111,0,551,44,0,44,595
03/11/2006,SJC,CA,AWP,WE,Towers with Radar,282,41,38,0,361,0,0,21,0,21,282,41,59,0,382,30,0,30,412
03/12/2006,SJC,CA,AWP,WE,Towers with Radar,355,64,70,0,489,0,0,32,0,32,355,64,102,0,521,102,0,102,623
03/13/2006,SJC,CA,AWP,WE,Towers with Radar,327,76,61,0,464,0,0,34,0,34,327,76,95,0,498,12,0,12,510
03/14/2006,SJC,CA,AWP,WE,Towers with Radar,359,82,85,0,526,0,0,29,0,29,359,82,114,0,555,108,0,108,663
03/15/2006,SJC,CA,AWP,WE,Towers with Radar,364,82,67,0,513,0,0,53,0,53,364,82,120,0,566,88,0,88,654
03/16/2006,SJC,CA,AWP,WE,Towers with Radar,373,133,89,0,595,0,1,52,0,53,373,134,141,0,648,62,0,62,710
03/17/2006,SJC,CA,AWP,WE,Towers with Radar,375,82,73,0,530,0,1,28,0,29,375,83,101,0,559,116,0,116,675
03/18/2006,SJC,CA,AWP,WE,Towers with Radar,283,42,27,0,352,0,0,44,0,44,283,42,71,0,396,78,0,78,474
03/19/2006,SJC,CA,AWP,WE,Towers with Radar,324,55,48,0,427,0,1,67,0,68,324,56,115,0,495,84,0,84,579
03/20/2006,SJC,CA,AWP,WE,Towers with Radar,364,81,74,0,519,0,0,20,0,20,364,81,94,0,539,34,0,34,573
03/21/2006,SJC,CA,AWP,WE,Towers with Radar,334,64,78,0,476,0,0,35,0,35,334,64,113,0,511,80,0,80,591
03/22/2006,SJC,CA,AWP,WE,Towers with Radar,375,71,61,0,507,0,0,67,0,67,375,71,128,0,574,66,0,66,640
03/23/2006,SJC,CA,AWP,WE,Towers with Radar,384,82,72,0,538,0,0,82,0,82,384,82,154,0,620,22,0,22,642
03/24/2006,SJC,CA,AWP,WE,Towers with Radar,346,95,59,0,500,0,0,49,0,49,346,95,108,0,549,24,0,24,573
03/25/2006,SJC,CA,AWP,WE,Towers with Radar,289,103,31,1,424,0,0,13,0,13,289,103,44,1,437,54,0,54,491
03/26/2006,SJC,CA,AWP,WE,Towers with Radar,326,44,40,0,410,0,1,80,0,81,326,45,120,0,491,94,0,94,585
03/27/2006,SJC,CA,AWP,WE,Towers with Radar,342,90,58,0,490,0,0,46,0,46,342,90,104,0,536,98,0,98,634
03/28/2006,SJC,CA,AWP,WE,Towers with Radar,328,100,56,0,484,0,0,26,0,26,328,100,82,0,510,62,0,62,572
03/29/2006,SJC,CA,AWP,WE,Towers with Radar,356,79,68,1,504,0,1,26,0,27,356,80,94,1,531,140,0,140,671
03/30/2006,SJC,CA,AWP,WE,Towers with Radar,343,95,86,0,524,0,0,39,0,39,343,95,125,0,563,38,0,38,601
03/31/2006,SJC,CA,AWP,WE,Towers with Radar,363,79,61,0,503,0,0,15,0,15,363,79,76,0,518,0,0,0,518
04/01/2006,SJC,CA,AWP,WE,Towers with Radar,267,57,48,0,372,0,1,45,0,46,267,58,93,0,418,28,0,28,446
04/02/2006,SJC,CA,AWP,WE,Towers with Radar,322,71,65,0,458,0,0,20,0,20,322,71,85,0,478,2,0,2,480
04/03/2006,SJC,CA,AWP,WE,Towers with Radar,366,65,69,0,500,0,0,3,0,3,366,65,72,0,503,0,0,0,503
04/04/2006,SJC,CA,AWP,WE,Towers with Radar,345,98,51,0,494,0,0,12,0,12,345,98,63,0,506,36,0,36,542
04/05/2006,SJC,CA,AWP,WE,Towers with Radar,344,106,67,0,517,0,3,31,0,34,344,109,98,0,551,0,0,0,551
04/06/2006,SJC,CA,AWP,WE,Towers with Radar,373,100,93,0,566,0,3,90,0,93,373,103,183,0,659,58,0,58,717
04/07/2006,SJC,CA,AWP,WE,Towers with Radar,354,94,62,0,510,0,0,63,0,63,354,94,125,0,573,0,0,0,573
04/08/2006,SJC,CA,AWP,WE,Towers with Radar,280,51,35,0,366,0,0,43,0,43,280,51,78,0,409,36,0,36,445
04/09/2006,SJC,CA,AWP,WE,Towers with Radar,313,86,68,0,467,0,0,40,2,42,313,86,108,2,509,66,0,66,575
04/10/2006,SJC,CA,AWP,WE,Towers with Radar,344,85,80,0,509,0,2,20,0,22,344,87,100,0,531,0,0,0,531
04/11/2006,SJC,CA,AWP,WE,Towers with Radar,357,56,64,0,477,0,0,22,0,22,357,56,86,0,499,0,0,0,499
04/12/2006,SJC,CA,AWP,WE,Towers with Radar,374,80,81,1,536,0,0,24,0,24,374,80,105,1,560,16,0,16,576
04/13/2006,SJC,CA,AWP,WE,Towers with Radar,379,78,77,4,538,0,0,77,0,77,379,78,154,4,615,68,0,68,683
04/14/2006,SJC,CA,AWP,WE,Towers with Radar,401,89,77,0,567,0,0,80,0,80,401,89,157,0,647,720,0,720,1367
04/15/2006,SJC,CA,AWP,WE,Towers with Radar,289,33,65,0,387,0,0,25,0,25,289,33,90,0,412,32,0,32,444
04/16/2006,SJC,CA,AWP,WE,Towers with Radar,351,63,48,0,462,0,0,9,0,9,351,63,57,0,471,0,0,0,471
04/17/2006,SJC,CA,AWP,WE,Towers with Radar,353,73,74,0,500,0,1,63,0,64,353,74,137,0,564,34,0,34,598
04/18/2006,SJC,CA,AWP,WE,Towers with Radar,377,98,80,0,555,0,3,92,2,97,377,101,172,2,652,66,0,66,718
04/19/2006,SJC,CA,AWP,WE,Towers with Radar,381,72,73,0,526,0,1,111,0,112,381,73,184,0,638,70,0,70,708
04/20/2006,SJC,CA,AWP,WE,Towers with Radar,377,94,94,0,565,0,2,77,0,79,377,96,171,0,644,56,0,56,700
04/21/2006,SJC,CA,AWP,WE,Towers with Radar,376,64,53,0,493,0,1,22,0,23,376,65,75,0,516,28,0,28,544
04/22/2006,SJC,CA,AWP,WE,Towers with Radar,289,45,47,0,381,0,0,33,0,33,289,45,80,0,414,800,0,800,1214
04/23/2006,SJC,CA,AWP,WE,Towers with Radar,320,65,76,0,461,0,0,47,1,48,320,65,123,1,509,208,0,208,717
04/24/2006,SJC,CA,AWP,WE,Towers with Radar,391,78,81,0,550,0,2,30,0,32,391,80,111,0,582,90,0,90,672
04/25/2006,SJC,CA,AWP,WE,Towers with Radar,340,90,96,0,526,0,0,34,0,34,340,90,130,0,560,120,0,120,680
04/26/2006,SJC,CA,AWP,WE,Towers with Radar,377,78,57,0,512,0,0,70,0,70,377,78,127,0,582,30,0,30,612
04/27/2006,SJC,CA,AWP,WE,Towers with Radar,370,62,61,0,493,0,1,75,0,76,370,63,136,0,569,88,0,88,657
04/28/2006,SJC,CA,AWP,WE,Towers with Radar,401,89,77,0,567,0,0,80,0,80,401,89,157,0,647,72,0,72,719
04/29/2006,SJC,CA,AWP,WE,Towers with Radar,268,41,34,0,343,0,0,47,0,47,268,41,81,0,390,76,0,76,466
04/30/2006,SJC,CA,AWP,WE,Towers with Radar,344,61,55,0,460,0,0,56,0,56,344,61,111,0,516,44,0,44,560
05/01/2006,SJC,CA,AWP,WE,Towers with Radar,355,67,70,0,492,0,0,74,0,74,355,67,144,0,566,68,0,68,634
05/02/2006,SJC,CA,AWP,WE,Towers with Radar,358,81,70,0,509,0,1,67,0,68,358,82,137,0,577,134,0,134,711
05/03/2006,SJC,CA,AWP,WE,Towers with Radar,397,83,63,0,543,0,0,53,0,53,397,83,116,0,596,74,0,74,670
05/04/2006,SJC,CA,AWP,WE,Towers with Radar,411,85,86,0,582,0,4,72,0,76,411,89,158,0,658,126,0,126,784
05/05/2006,SJC,CA,AWP,WE,Towers with Radar,388,72,94,0,554,0,5,55,0,60,388,77,149,0,614,74,0,74,688
05/06/2006,SJC,CA,AWP,WE,Towers with Radar,297,44,39,1,381,0,0,50,2,52,297,44,89,3,433,100,0,100,533
05/07/2006,SJC,CA,AWP,WE,Towers with Radar,337,61,42,0,440,0,0,65,0,65,337,61,107,0,505,78,0,78,583
05/08/2006,SJC,CA,AWP,WE,Towers with Radar,360,71,49,0,480,0,0,75,0,75,360,71,124,0,555,110,0,110,665
05/09/2006,SJC,CA,AWP,WE,Towers with Radar,346,60,71,0,477,0,2,66,0,68,346,62,137,0,545,92,0,92,637
05/10/2006,SJC,CA,AWP,WE,Towers with Radar,371,90,62,0,523,0,0,112,0,112,371,90,174,0,635,120,0,120,755
05/11/2006,SJC,CA,AWP,WE,Towers with Radar,366,78,55,0,499,0,3,85,0,88,366,81,140,0,587,86,0,86,673
05/12/2006,SJC,CA,AWP,WE,Towers with Radar,363,61,59,0,483,0,1,63,0,64,363,62,122,0,547,18,0,18,565
05/13/2006,SJC,CA,AWP,WE,Towers with Radar,300,22,43,0,365,0,0,54,0,54,300,22,97,0,419,60,0,60,479
05/14/2006,SJC,CA,AWP,WE,Towers with Radar,321,40,41,3,405,0,0,48,0,48,321,40,89,3,453,18,0,18,471
05/15/2006,SJC,CA,AWP,WE,Towers with Radar,338,76,66,0,480,0,1,72,0,73,338,77,138,0,553,70,0,70,623
05/16/2006,SJC,CA,AWP,WE,Towers with Radar,349,60,67,0,476,0,0,64,0,64,349,60,131,0,540,80,0,80,620
05/17/2006,SJC,CA,AWP,WE,Towers with Radar,372,80,62,0,514,0,0,80,0,80,372,80,142,0,594,88,0,88,682
05/18/2006,SJC,CA,AWP,WE,Towers with Radar,382,74,65,0,521,0,0,58,0,58,382,74,123,0,579,32,0,32,611
05/19/2006,SJC,CA,AWP,WE,Towers with Radar,383,69,85,3,540,0,1,46,0,47,383,70,131,3,587,24,0,24,611
05/20/2006,SJC,CA,AWP,WE,Towers with Radar,295,38,38,0,371,0,0,21,0,21,295,38,59,0,392,98,0,98,490
05/21/2006,SJC,CA,AWP,WE,Towers with Radar,308,57,51,0,416,0,0,13,0,13,308,57,64,0,429,6,0,6,435
05/22/2006,SJC,CA,AWP,WE,Towers with Radar,318,75,58,0,451,0,0,49,0,49,318,75,107,0,500,34,0,34,534
05/23/2006,SJC,CA,AWP,WE,Towers with Radar,349,76,67,0,492,0,0,58,0,58,349,76,125,0,550,70,0,70,620
05/24/2006,SJC,CA,AWP,WE,Towers with Radar,341,78,67,0,486,0,0,76,0,76,341,78,143,0,562,78,0,78,640
05/25/2006,SJC,CA,AWP,WE,Towers with Radar,368,92,46,0,506,0,1,73,0,74,368,93,119,0,580,48,0,48,628
05/26/2006,SJC,CA,AWP,WE,Towers with Radar,362,98,71,0,531,0,0,52,0,52,362,98,123,0,583,12,0,12,595
05/27/2006,SJC,CA,AWP,WE,Towers with Radar,295,46,20,1,362,0,0,43,0,43,295,46,63,1,405,26,0,26,431
05/28/2006,SJC,CA,AWP,WE,Towers with Radar,288,36,30,0,354,0,0,43,0,43,288,36,73,0,397,16,0,16,413
05/29/2006,SJC,CA,AWP,WE,Towers with Radar,336,66,56,1,459,0,0,65,0,65,336,66,121,1,524,74,0,74,598
05/30/2006,SJC,CA,AWP,WE,Towers with Radar,327,77,43,0,447,0,0,41,0,41,327,77,84,0,488,36,0,36,524
05/31/2006,SJC,CA,AWP,WE,Towers with Radar,367,72,54,0,493,0,0,63,0,63,367,72,117,0,556,2,0,2,558
06/01/2006,SJC,CA,AWP,WE,Towers with Radar,368,88,70,0,526,0,2,63,6,71,368,90,133,6,597,36,0,36,633
06/02/2006,SJC,CA,AWP,WE,Towers with Radar,335,87,53,0,475,0,0,82,0,82,335,87,135,0,557,20,0,20,577
06/03/2006,SJC,CA,AWP,WE,Towers with Radar,307,49,33,0,389,0,1,79,0,80,307,50,112,0,469,20,0,20,489
06/04/2006,SJC,CA,AWP,WE,Towers with Radar,34,72,48,0,154,0,0,65,0,65,34,72,113,0,219,26,0,26,245
06/05/2006,SJC,CA,AWP,WE,Towers with Radar,364,88,58,0,510,0,0,52,0,52,364,88,110,0,562,24,0,24,586
06/06/2006,SJC,CA,AWP,WE,Towers with Radar,341,90,74,0,505,0,0,58,0,58,341,90,132,0,563,92,0,92,655
06/07/2006,SJC,CA,AWP,WE,Towers with Radar,336,97,47,0,480,0,0,53,0,53,336,97,100,0,533,60,0,60,593
06/08/2006,SJC,CA,AWP,WE,Towers with Radar,399,66,45,0,510,0,2,90,0,92,399,68,135,0,602,58,0,58,660
06/09/2006,SJC,CA,AWP,WE,Towers with Radar,359,81,83,0,523,0,0,62,0,62,359,81,145,0,585,46,0,46,631
06/10/2006,SJC,CA,AWP,WE,Towers with Radar,272,31,37,0,340,0,0,0,0,0,272,31,37,0,340,44,0,44,384
06/11/2006,SJC,CA,AWP,WE,Towers with Radar,312,38,44,0,394,0,0,47,0,47,312,38,91,0,441,82,0,82,523
06/12/2006,SJC,CA,AWP,WE,Towers with Radar,347,72,64,4,487,0,0,35,0,35,347,72,99,4,522,20,0,20,542
06/13/2006,SJC,CA,AWP,WE,Towers with Radar,370,90,85,0,545,0,0,71,0,71,370,90,156,0,616,62,0,62,678
06/14/2006,SJC,CA,AWP,WE,Towers with Radar,390,72,81,0,543,0,0,52,0,52,390,72,133,0,595,124,0,124,719
06/15/2006,SJC,CA,AWP,WE,Towers with Radar,409,75,96,0,580,0,0,93,0,93,409,75,189,0,673,94,0,94,767
06/16/2006,SJC,CA,AWP,WE,Towers with Radar,367,87,79,0,533,0,1,73,0,74,367,88,152,0,607,44,0,44,651
06/17/2006,SJC,CA,AWP,WE,Towers with Radar,303,36,46,0,385,0,0,81,0,81,303,36,127,0,466,0,0,0,466
06/18/2006,SJC,CA,AWP,WE,Towers with Radar,336,50,53,0,439,0,2,65,1,68,336,52,118,1,507,30,0,30,537
06/19/2006,SJC,CA,AWP,WE,Towers with Radar,378,83,79,0,540,0,0,68,0,68,378,83,147,0,608,16,0,16,624
06/20/2006,SJC,CA,AWP,WE,Towers with Radar,364,81,65,0,510,0,0,73,0,73,364,81,138,0,583,68,0,68,651
06/21/2006,SJC,CA,AWP,WE,Towers with Radar,364,60,54,0,478,0,0,56,0,56,364,60,110,0,534,108,0,108,642
06/22/2006,SJC,CA,AWP,WE,Towers with Radar,352,94,80,0,526,0,2,71,0,73,352,96,151,0,599,70,0,70,669
06/23/2006,SJC,CA,AWP,WE,Towers with Radar,381,74,67,0,522,0,0,77,0,77,381,74,144,0,599,94,0,94,693
06/24/2006,SJC,CA,AWP,WE,Towers with Radar,307,46,44,0,397,0,0,57,0,57,307,46,101,0,454,48,0,48,502
06/25/2006,SJC,CA,AWP,WE,Towers with Radar,332,63,46,0,441,0,0,69,2,71,332,63,115,2,512,12,0,12,524
06/26/2006,SJC,CA,AWP,WE,Towers with Radar,325,57,44,0,426,0,1,68,0,69,325,58,112,0,495,68,0,68,563
06/27/2006,SJC,CA,AWP,WE,Towers with Radar,349,76,61,0,486,0,0,91,0,91,349,76,152,0,577,94,0,94,671
06/28/2006,SJC,CA,AWP,WE,Towers with Radar,376,81,65,0,522,0,0,75,0,75,376,81,140,0,597,46,0,46,643
06/29/2006,SJC,CA,AWP,WE,Towers with Radar,380,66,95,5,546,0,1,70,0,71,380,67,165,5,617,48,0,48,665
06/30/2006,SJC,CA,AWP,WE,Towers with Radar,360,91,90,0,541,0,0,89,0,89,360,91,179,0,630,14,0,14,644
07/01/2006,SJC,CA,AWP,WE,Towers with Radar,315,53,52,0,420,0,0,47,0,47,315,53,99,0,467,42,0,42,509
07/02/2006,SJC,CA,AWP,WE,Towers with Radar,336,39,29,0,404,0,0,46,0,46,336,39,75,0,450,68,0,68,518
07/03/2006,SJC,CA,AWP,WE,Towers with Radar,275,29,12,0,316,0,0,58,4,62,275,29,70,4,378,110,0,110,488
07/04/2006,SJC,CA,AWP,WE,Towers with Radar,331,49,22,2,404,0,0,40,0,40,331,49,62,2,444,86,0,86,530
07/05/2006,SJC,CA,AWP,WE,Towers with Radar,356,61,61,0,478,0,1,64,0,65,356,62,125,0,543,102,0,102,645
07/06/2006,SJC,CA,AWP,WE,Towers with Radar,370,34,49,0,453,0,0,72,0,72,370,34,121,0,525,108,0,108,633
07/07/2006,SJC,CA,AWP,WE,Towers with Radar,385,49,46,0,480,0,2,89,0,91,385,51,135,0,571,70,0,70,641
07/08/2006,SJC,CA,AWP,WE,Towers with Radar,305,47,47,0,399,0,5,47,0,52,305,52,94,0,451,72,0,72,523
07/09/2006,SJC,CA,AWP,WE,Towers with Radar,348,54,50,0,452,0,0,47,0,47,348,54,97,0,499,64,0,64,563
07/10/2006,SJC,CA,AWP,WE,Towers with Radar,342,76,56,0,474,0,2,63,0,65,342,78,119,0,539,56,0,56,595
07/11/2006,SJC,CA,AWP,WE,Towers with Radar,373,64,57,0,494,0,0,65,0,65,373,64,122,0,559,56,0,56,615
07/12/2006,SJC,CA,AWP,WE,Towers with Radar,386,60,57,0,503,0,3,93,0,96,386,63,150,0,599,82,0,82,681
07/13/2006,SJC,CA,AWP,WE,Towers with Radar,359,67,78,0,504,0,1,50,0,51,359,68,128,0,555,90,0,90,645
07/14/2006,SJC,CA,AWP,WE,Towers with Radar,372,108,84,0,564,0,0,51,0,51,372,108,135,0,615,74,0,74,689
07/15/2006,SJC,CA,AWP,WE,Towers with Radar,310,42,36,2,390,0,0,52,0,52,310,42,88,2,442,44,0,44,486
07/16/2006,SJC,CA,AWP,WE,Towers with Radar,366,75,46,3,490,0,0,62,0,62,366,75,108,3,552,46,0,46,598
07/17/2006,SJC,CA,AWP,WE,Towers with Radar,358,72,42,0,472,0,0,57,0,57,358,72,99,0,529,34,0,34,563
07/18/2006,SJC,CA,AWP,WE,Towers with Radar,356,75,57,0,488,0,0,59,0,59,356,75,116,0,547,44,0,44,591
07/19/2006,SJC,CA,AWP,WE,Towers with Radar,379,74,149,3,605,0,0,0,0,0,379,74,149,3,605,32,0,32,637
07/20/2006,SJC,CA,AWP,WE,Towers with Radar,360,81,64,1,506,0,0,77,1,78,360,81,141,2,584,58,0,58,642
07/21/2006,SJC,CA,AWP,WE,Towers with Radar,388,72,57,1,518,0,0,76,0,76,388,72,133,1,594,0,0,0,594
07/22/2006,SJC,CA,AWP,WE,Towers with Radar,298,44,26,0,368,0,0,0,0,0,298,44,26,0,368,10,0,10,378
07/23/2006,SJC,CA,AWP,WE,Towers with Radar,339,36,42,0,417,0,0,45,0,45,339,36,87,0,462,2,0,2,464
07/24/2006,SJC,CA,AWP,WE,Towers with Radar,363,78,42,0,483,0,4,62,0,66,363,82,104,0,549,34,0,34,583
07/25/2006,SJC,CA,AWP,WE,Towers with Radar,342,87,58,0,487,0,0,58,0,58,342,87,116,0,545,40,0,40,585
07/26/2006,SJC,CA,AWP,WE,Towers with Radar,374,73,48,0,495,0,3,57,0,60,374,76,105,0,555,42,0,42,597
07/27/2006,SJC,CA,AWP,WE,Towers with Radar,364,68,78,0,510,0,1,73,0,74,364,69,151,0,584,26,0,26,610
07/28/2006,SJC,CA,AWP,WE,Towers with Radar,352,83,70,0,505,0,0,75,0,75,352,83,145,0,580,86,0,86,666
07/29/2006,SJC,CA,AWP,WE,Towers with Radar,311,55,33,0,399,0,0,65,0,65,311,55,98,0,464,90,0,90,554
07/30/2006,SJC,CA,AWP,WE,Towers with Radar,349,67,51,0,467,0,1,77,0,78,349,68,128,0,545,64,0,64,609
07/31/2006,SJC,CA,AWP,WE,Towers with Radar,362,58,51,0,471,0,1,65,0,66,362,59,116,0,537,40,0,40,577
08/01/2006,SJC,CA,AWP,WE,Towers with Radar,356,67,47,0,470,0,0,69,0,69,356,67,116,0,539,30,0,30,569
08/02/2006,SJC,CA,AWP,WE,Towers with Radar,358,76,49,0,483,0,1,69,0,70,358,77,118,0,553,32,0,32,585
08/03/2006,SJC,CA,AWP,WE,Towers with Radar,374,63,60,0,497,0,0,73,0,73,374,63,133,0,570,14,0,14,584
08/04/2006,SJC,CA,AWP,WE,Towers with Radar,377,72,61,0,510,0,2,85,0,87,377,74,146,0,597,52,0,52,649
08/05/2006,SJC,CA,AWP,WE,Towers with Radar,306,58,24,2,390,0,1,46,0,47,306,59,70,2,437,20,0,20,457
08/06/2006,SJC,CA,AWP,WE,Towers with Radar,320,64,61,0,445,0,0,56,0,56,320,64,117,0,501,36,0,36,537
08/07/2006,SJC,CA,AWP,WE,Towers with Radar,364,96,63,0,523,0,0,53,0,53,364,96,116,0,576,64,0,64,640
08/08/2006,SJC,CA,AWP,WE,Towers with Radar,336,66,44,2,448,0,0,40,0,40,336,66,84,2,488,104,0,104,592
08/09/2006,SJC,CA,AWP,WE,Towers with Radar,346,83,59,0,488,0,3,61,0,64,346,86,120,0,552,8,0,8,560
08/10/2006,SJC,CA,AWP,WE,Towers with Radar,380,70,81,0,531,0,3,71,0,74,380,73,152,0,605,24,0,24,629
08/11/2006,SJC,CA,AWP,WE,Towers with Radar,391,70,50,0,511,0,2,56,0,58,391,72,106,0,569,60,0,60,629
08/12/2006,SJC,CA,AWP,WE,Towers with Radar,311,62,33,0,406,0,0,40,0,40,311,62,73,0,446,0,0,0,446
08/13/2006,SJC,CA,AWP,WE,Towers with Radar,343,63,66,0,472,0,0,38,0,38,343,63,104,0,510,32,0,32,542
08/14/2006,SJC,CA,AWP,WE,Towers with Radar,380,95,55,0,530,0,1,67,0,68,380,96,122,0,598,0,58,58,656
08/15/2006,SJC,CA,AWP,WE,Towers with Radar,347,83,57,1,488,0,2,58,0,60,347,85,115,1,548,38,0,38,586
08/16/2006,SJC,CA,AWP,WE,Towers with Radar,393,79,78,0,550,0,3,53,0,56,393,82,131,0,606,8,0,8,614
08/17/2006,SJC,CA,AWP,WE,Towers with Radar,380,89,87,3,559,0,0,71,0,71,380,89,158,3,630,94,0,94,724
08/18/2006,SJC,CA,AWP,WE,Towers with Radar,364,85,68,0,517,0,3,54,0,57,364,88,122,0,574,62,0,62,636
08/19/2006,SJC,CA,AWP,WE,Towers with Radar,310,46,37,0,393,0,1,34,2,37,310,47,71,2,430,10,0,10,440
08/20/2006,SJC,CA,AWP,WE,Towers with Radar,324,59,51,0,434,0,3,28,0,31,324,62,79,0,465,4,0,4,469
08/21/2006,SJC,CA,AWP,WE,Towers with Radar,362,66,55,0,483,0,0,45,0,45,362,66,100,0,528,0,0,0,528
08/22/2006,SJC,CA,AWP,WE,Towers with Radar,344,89,60,0,493,0,1,56,0,57,344,90,116,0,550,26,0,26,576
08/23/2006,SJC,CA,AWP,WE,Towers with Radar,353,75,74,0,502,0,0,72,0,72,353,75,146,0,574,128,0,128,702
08/24/2006,SJC,CA,AWP,WE,Towers with Radar,364,70,58,0,492,0,10,82,0,92,364,80,140,0,584,56,0,56,640
08/25/2006,SJC,CA,AWP,WE,Towers with Radar,353,85,77,0,515,0,1,70,0,71,353,86,147,0,586,86,0,86,672
08/26/2006,SJC,CA,AWP,WE,Towers with Radar,316,56,31,0,403,0,1,53,0,54,316,57,84,0,457,46,0,46,503
08/27/2006,SJC,CA,AWP,WE,Towers with Radar,344,51,44,0,439,0,2,47,0,49,344,53,91,0,488,52,0,52,540
08/28/2006,SJC,CA,AWP,WE,Towers with Radar,356,65,77,0,498,0,0,65,0,65,356,65,142,0,563,54,0,54,617
08/29/2006,SJC,CA,AWP,WE,Towers with Radar,370,93,56,0,519,0,1,66,0,67,370,94,122,0,586,74,0,74,660
08/30/2006,SJC,CA,AWP,WE,Towers with Radar,365,88,56,0,509,0,5,51,0,56,365,93,107,0,565,16,0,16,581
08/31/2006,SJC,CA,AWP,WE,Towers with Radar,386,68,68,0,522,0,1,68,0,69,386,69,136,0,591,58,0,58,649
09/01/2006,SJC,CA,AWP,WE,Towers with Radar,358,75,51,0,484,0,0,65,0,65,358,75,116,0,549,28,0,28,577
09/02/2006,SJC,CA,AWP,WE,Towers with Radar,288,36,38,0,362,0,0,44,0,44,288,36,82,0,406,108,0,108,514
09/03/2006,SJC,CA,AWP,WE,Towers with Radar,293,36,32,0,361,0,0,24,2,26,293,36,56,2,387,4,0,4,391
09/04/2006,SJC,CA,AWP,WE,Towers with Radar,319,100,52,0,471,0,2,58,0,60,319,102,110,0,531,22,0,22,553
09/05/2006,SJC,CA,AWP,WE,Towers with Radar,341,94,45,2,482,0,4,45,0,49,341,98,90,2,531,44,0,44,575
09/06/2006,SJC,CA,AWP,WE,Towers with Radar,373,77,57,0,507,0,1,57,0,58,373,78,114,0,565,42,0,42,607
09/07/2006,SJC,CA,AWP,WE,Towers with Radar,376,61,65,0,502,0,0,77,0,77,376,61,142,0,579,14,0,14,593
09/08/2006,SJC,CA,AWP,WE,Towers with Radar,329,79,40,0,448,0,0,57,0,57,329,79,97,0,505,36,0,36,541
09/09/2006,SJC,CA,AWP,WE,Towers with Radar,285,41,34,0,360,0,0,35,0,35,285,41,69,0,395,32,0,32,427
09/10/2006,SJC,CA,AWP,WE,Towers with Radar,340,60,55,0,455,0,1,62,0,63,340,61,117,0,518,74,0,74,592
09/11/2006,SJC,CA,AWP,WE,Towers with Radar,327,82,39,0,448,0,0,77,0,77,327,82,116,0,525,50,0,50,575
09/12/2006,SJC,CA,AWP,WE,Towers with Radar,333,73,55,0,461,0,0,65,0,65,333,73,120,0,526,72,0,72,598
09/13/2006,SJC,CA,AWP,WE,Towers with Radar,341,83,75,0,499,0,2,91,0,93,341,85,166,0,592,52,0,52,644
09/14/2006,SJC,CA,AWP,WE,Towers with Radar,352,63,67,0,482,0,0,63,0,63,352,63,130,0,545,10,0,10,555
09/15/2006,SJC,CA,AWP,WE,Towers with Radar,365,86,56,0,507,0,1,51,0,52,365,87,107,0,559,54,0,54,613
09/16/2006,SJC,CA,AWP,WE,Towers with Radar,297,51,36,0,384,0,0,43,0,43,297,51,79,0,427,38,0,38,465
09/17/2006,SJC,CA,AWP,WE,Towers with Radar,334,63,52,0,449,0,0,44,0,44,334,63,96,0,493,36,0,36,529
09/18/2006,SJC,CA,AWP,WE,Towers with Radar,347,86,137,0,570,0,0,0,0,0,347,86,137,0,570,68,0,68,638
09/19/2006,SJC,CA,AWP,WE,Towers with Radar,349,113,73,4,539,0,0,89,0,89,349,113,162,4,628,112,0,112,740
09/20/2006,SJC,CA,AWP,WE,Towers with Radar,360,72,65,1,498,0,2,79,0,81,360,74,144,1,579,94,0,94,673
09/21/2006,SJC,CA,AWP,WE,Towers with Radar,343,75,80,0,498,0,0,60,0,60,343,75,140,0,558,46,0,46,604
09/22/2006,SJC,CA,AWP,WE,Towers with Radar,391,93,88,0,572,0,0,50,0,50,391,93,138,0,622,62,0,62,684
09/23/2006,SJC,CA,AWP,WE,Towers with Radar,278,47,29,0,354,0,0,42,0,42,278,47,71,0,396,38,0,38,434
09/24/2006,SJC,CA,AWP,WE,Towers with Radar,337,46,53,0,436,0,0,55,0,55,337,46,108,0,491,0,0,0,491
09/25/2006,SJC,CA,AWP,WE,Towers with Radar,367,80,60,0,507,0,0,64,0,64,367,80,124,0,571,64,0,64,635
09/26/2006,SJC,CA,AWP,WE,Towers with Radar,325,82,50,0,457,0,0,80,0,80,325,82,130,0,537,72,0,72,609
09/27/2006,SJC,CA,AWP,WE,Towers with Radar,344,81,73,0,498,0,4,48,0,52,344,85,121,0,550,28,0,28,578
09/28/2006,SJC,CA,AWP,WE,Towers with Radar,359,73,83,0,515,0,2,32,0,34,359,75,115,0,549,14,0,14,563
09/29/2006,SJC,CA,AWP,WE,Towers with Radar,357,70,87,1,515,0,0,39,0,39,357,70,126,1,554,0,0,0,554
09/30/2006,SJC,CA,AWP,WE,Towers with Radar,301,51,43,0,395,0,1,29,0,30,301,52,72,0,425,32,0,32,457
10/01/2006,SJC,CA,AWP,WE,Towers with Radar,314,58,50,0,422,0,0,29,0,29,314,58,79,0,451,58,0,58,509
10/02/2006,SJC,CA,AWP,WE,Towers with Radar,331,72,52,0,455,0,1,40,0,41,331,73,92,0,496,176,0,176,672
10/03/2006,SJC,CA,AWP,WE,Towers with Radar,312,79,63,0,454,0,1,52,0,53,312,80,115,0,507,28,0,28,535
10/04/2006,SJC,CA,AWP,WE,Towers with Radar,341,94,66,0,501,0,1,50,0,51,341,95,116,0,552,16,0,16,568
10/05/2006,SJC,CA,AWP,WE,Towers with Radar,354,76,75,0,505,0,0,30,0,30,354,76,105,0,535,0,0,0,535
10/06/2006,SJC,CA,AWP,WE,Towers with Radar,327,71,75,0,473,0,1,45,0,46,327,72,120,0,519,32,0,32,551
10/07/2006,SJC,CA,AWP,WE,Towers with Radar,312,37,36,0,385,0,1,39,0,40,312,38,75,0,425,20,0,20,445
10/08/2006,SJC,CA,AWP,WE,Towers with Radar,331,44,36,0,411,0,1,56,0,57,331,45,92,0,468,48,0,48,516
10/09/2006,SJC,CA,AWP,WE,Towers with Radar,362,90,53,0,505,0,0,56,0,56,362,90,109,0,561,4,0,4,565
10/10/2006,SJC,CA,AWP,WE,Towers with Radar,352,82,50,0,484,0,1,59,0,60,352,83,109,0,544,12,0,12,556
10/11/2006,SJC,CA,AWP,WE,Towers with Radar,364,85,61,0,510,0,0,91,0,91,364,85,152,0,601,40,0,40,641
10/12/2006,SJC,CA,AWP,WE,Towers with Radar,377,100,69,0,546,0,2,76,0,78,377,102,145,0,624,112,0,112,736
10/13/2006,SJC,CA,AWP,WE,Towers with Radar,362,101,67,0,530,0,0,57,0,57,362,101,124,0,587,28,0,28,615
10/14/2006,SJC,CA,AWP,WE,Towers with Radar,281,49,38,0,368,0,1,32,0,33,281,50,70,0,401,90,0,90,491
10/15/2006,SJC,CA,AWP,WE,Towers with Radar,336,58,85,0,479,0,0,24,0,24,336,58,109,0,503,30,0,30,533
10/16/2006,SJC,CA,AWP,WE,Towers with Radar,358,86,68,0,512,0,0,28,0,28,358,86,96,0,540,54,0,54,594
10/17/2006,SJC,CA,AWP,WE,Towers with Radar,320,75,71,2,468,0,0,60,0,60,320,75,131,2,528,58,0,58,586
10/18/2006,SJC,CA,AWP,WE,Towers with Radar,327,84,60,1,472,0,0,94,0,94,327,84,154,1,566,62,0,62,628
10/19/2006,SJC,CA,AWP,WE,Towers with Radar,365,96,72,0,533,0,1,85,0,86,365,97,157,0,619,32,0,32,651
10/20/2006,SJC,CA,AWP,WE,Towers with Radar,362,93,71,0,526,0,5,85,0,90,362,98,156,0,616,94,0,94,710
10/21/2006,SJC,CA,AWP,WE,Towers with Radar,281,67,40,0,388,0,0,53,0,53,281,67,93,0,441,14,0,14,455
10/22/2006,SJC,CA,AWP,WE,Towers with Radar,343,51,52,0,446,0,1,55,0,56,343,52,107,0,502,82,0,82,584
10/23/2006,SJC,CA,AWP,WE,Towers with Radar,344,78,49,0,471,0,0,53,0,53,344,78,102,0,524,18,0,18,542
10/24/2006,SJC,CA,AWP,WE,Towers with Radar,347,99,88,0,534,0,0,65,0,65,347,99,153,0,599,26,0,26,625
10/25/2006,SJC,CA,AWP,WE,Towers with Radar,394,97,62,0,553,0,0,80,0,80,394,97,142,0,633,44,0,44,677
10/26/2006,SJC,CA,AWP,WE,Towers with Radar,357,91,64,0,512,0,0,73,0,73,357,91,137,0,585,26,0,26,611
10/27/2006,SJC,CA,AWP,WE,Towers with Radar,371,66,69,0,506,0,0,81,0,81,371,66,150,0,587,50,0,50,637
10/28/2006,SJC,CA,AWP,WE,Towers with Radar,265,40,40,0,345,0,0,36,0,36,265,40,76,0,381,34,0,34,415
10/29/2006,SJC,CA,AWP,WE,Towers with Radar,343,48,33,0,424,0,0,54,0,54,343,48,87,0,478,66,0,66,544
10/30/2006,SJC,CA,AWP,WE,Towers with Radar,339,83,44,0,466,0,0,46,0,46,339,83,90,0,512,72,0,72,584
10/31/2006,SJC,CA,AWP,WE,Towers with Radar,344,88,72,0,504,0,0,56,0,56,344,88,128,0,560,32,0,32,592
11/01/2006,SJC,CA,AWP,WE,Towers with Radar,371,80,65,1,517,0,0,74,0,74,371,80,139,1,591,54,0,54,645
11/02/2006,SJC,CA,AWP,WE,Towers with Radar,345,91,90,0,526,0,0,12,0,12,345,91,102,0,538,4,0,4,542
11/03/2006,SJC,CA,AWP,WE,Towers with Radar,344,104,85,0,533,0,0,27,0,27,344,104,112,0,560,10,0,10,570
11/04/2006,SJC,CA,AWP,WE,Towers with Radar,264,48,62,0,374,0,0,20,0,20,264,48,82,0,394,46,0,46,440
11/05/2006,SJC,CA,AWP,WE,Towers with Radar,303,78,55,0,436,0,0,59,0,59,303,78,114,0,495,54,0,54,549
11/06/2006,SJC,CA,AWP,WE,Towers with Radar,339,64,42,0,445,0,1,46,0,47,339,65,88,0,492,4,0,4,496
11/07/2006,SJC,CA,AWP,WE,Towers with Radar,343,74,67,0,484,0,1,77,0,78,343,75,144,0,562,50,0,50,612
11/08/2006,SJC,CA,AWP,WE,Towers with Radar,369,77,97,0,543,0,1,52,0,53,369,78,149,0,596,20,0,20,616
11/09/2006,SJC,CA,AWP,WE,Towers with Radar,356,76,91,0,523,0,1,58,0,59,356,77,149,0,582,20,0,20,602
11/10/2006,SJC,CA,AWP,WE,Towers with Radar,343,75,42,0,460,0,1,46,0,47,343,76,88,0,507,52,0,52,559
11/11/2006,SJC,CA,AWP,WE,Towers with Radar,270,46,45,0,361,0,0,11,0,11,270,46,56,0,372,6,0,6,378
11/12/2006,SJC,CA,AWP,WE,Towers with Radar,316,60,46,0,422,0,0,51,0,51,316,60,97,0,473,54,0,54,527
11/13/2006,SJC,CA,AWP,WE,Towers with Radar,356,70,64,0,490,0,0,20,0,20,356,70,84,0,510,6,0,6,516
11/14/2006,SJC,CA,AWP,WE,Towers with Radar,343,83,79,0,505,0,0,54,0,54,343,83,133,0,559,58,0,58,617
11/15/2006,SJC,CA,AWP,WE,Towers with Radar,362,82,99,0,543,0,0,72,0,72,362,82,171,0,615,92,0,92,707
11/16/2006,SJC,CA,AWP,WE,Towers with Radar,345,80,83,0,508,0,0,50,0,50,345,80,133,0,558,72,0,72,630
11/17/2006,SJC,CA,AWP,WE,Towers with Radar,334,90,129,0,553,0,1,13,0,14,334,91,142,0,567,12,0,12,579
11/18/2006,SJC,CA,AWP,WE,Towers with Radar,277,43,42,0,362,0,0,46,0,46,277,43,88,0,408,16,0,16,424
11/19/2006,SJC,CA,AWP,WE,Towers with Radar,319,57,54,2,432,0,0,38,0,38,319,57,92,2,470,14,0,14,484
11/20/2006,SJC,CA,AWP,WE,Towers with Radar,350,62,70,0,482,0,1,40,0,41,350,63,110,0,523,48,0,48,571
11/21/2006,SJC,CA,AWP,WE,Towers with Radar,352,74,60,0,486,0,0,34,0,34,352,74,94,0,520,16,0,16,536
11/22/2006,SJC,CA,AWP,WE,Towers with Radar,363,79,75,0,517,0,0,41,0,41,363,79,116,0,558,16,0,16,574
11/23/2006,SJC,CA,AWP,WE,Towers with Radar,267,33,17,0,317,0,1,14,0,15,267,34,31,0,332,22,0,22,354
11/24/2006,SJC,CA,AWP,WE,Towers with Radar,320,26,28,0,374,0,0,41,0,41,320,26,69,0,415,16,0,16,431
11/25/2006,SJC,CA,AWP,WE,Towers with Radar,289,57,54,0,400,0,0,24,0,24,289,57,78,0,424,12,0,12,436
11/26/2006,SJC,CA,AWP,WE,Towers with Radar,338,85,102,0,525,0,1,27,0,28,338,86,129,0,553,0,0,0,553
11/27/2006,SJC,CA,AWP,WE,Towers with Radar,369,65,78,0,512,0,0,30,0,30,369,65,108,0,542,36,0,36,578
11/28/2006,SJC,CA,AWP,WE,Towers with Radar,341,74,56,0,471,0,0,52,0,52,341,74,108,0,523,32,0,32,555
11/29/2006,SJC,CA,AWP,WE,Towers with Radar,332,89,79,0,500,0,0,89,0,89,332,89,168,0,589,20,0,20,609
11/30/2006,SJC,CA,AWP,WE,Towers with Radar,349,73,51,0,473,0,1,82,0,83,349,74,133,0,556,40,0,40,596
12/01/2006,SJC,CA,AWP,WE,Towers with Radar,363,88,64,0,515,0,0,68,0,68,363,88,132,0,583,52,0,52,635
12/02/2006,SJC,CA,AWP,WE,Towers with Radar,268,42,28,0,338,0,0,56,12,68,268,42,84,12,406,36,0,36,442
12/03/2006,SJC,CA,AWP,WE,Towers with Radar,329,52,58,0,439,0,2,50,0,52,329,54,108,0,491,42,0,42,533
12/04/2006,SJC,CA,AWP,WE,Towers with Radar,372,80,50,0,502,0,2,64,0,66,372,82,114,0,568,32,0,32,600
12/05/2006,SJC,CA,AWP,WE,Towers with Radar,353,58,61,0,472,0,0,61,0,61,353,58,122,0,533,14,0,14,547
12/06/2006,SJC,CA,AWP,WE,Towers with Radar,384,70,64,0,518,0,0,76,0,76,384,70,140,0,594,46,0,46,640
12/07/2006,SJC,CA,AWP,WE,Towers with Radar,335,47,66,0,448,0,1,75,0,76,335,48,141,0,524,84,0,84,608
12/08/2006,SJC,CA,AWP,WE,Towers with Radar,351,69,64,0,484,0,1,40,0,41,351,70,104,0,525,66,0,66,591
12/09/2006,SJC,CA,AWP,WE,Towers with Radar,269,59,36,0,364,0,0,8,0,8,269,59,44,0,372,72,0,72,444
12/10/2006,SJC,CA,AWP,WE,Towers with Radar,331,61,61,0,453,0,7,15,0,22,331,68,76,0,475,0,0,0,475
12/11/2006,SJC,CA,AWP,WE,Towers with Radar,355,103,70,0,528,0,2,41,0,43,355,105,111,0,571,20,0,20,591
12/12/2006,SJC,CA,AWP,WE,Towers with Radar,371,88,84,0,543,0,0,18,0,18,371,88,102,0,561,26,0,26,587
12/13/2006,SJC,CA,AWP,WE,Towers with Radar,350,81,97,0,528,0,0,35,0,35,350,81,132,0,563,70,0,70,633
12/14/2006,SJC,CA,AWP,WE,Towers with Radar,367,74,97,0,538,0,1,20,0,21,367,75,117,0,559,16,0,16,575
12/15/2006,SJC,CA,AWP,WE,Towers with Radar,395,82,88,0,565,0,1,60,0,61,395,83,148,0,626,30,0,30,656
12/16/2006,SJC,CA,AWP,WE,Towers with Radar,277,58,37,0,372,0,0,28,0,28,277,58,65,0,400,6,0,6,406
12/17/2006,SJC,CA,AWP,WE,Towers with Radar,319,68,32,0,419,0,0,31,0,31,319,68,63,0,450,28,0,28,478
12/18/2006,SJC,CA,AWP,WE,Towers with Radar,374,88,52,0,514,0,1,54,0,55,374,89,106,0,569,38,0,38,607
12/19/2006,SJC,CA,AWP,WE,Towers with Radar,360,80,61,0,501,0,0,57,0,57,360,80,118,0,558,28,0,28,586
12/20/2006,SJC,CA,AWP,WE,Towers with Radar,348,90,57,0,495,0,0,61,0,61,348,90,118,0,556,20,0,20,576
12/21/2006,SJC,CA,AWP,WE,Towers with Radar,335,84,87,0,506,0,1,23,0,24,335,85,110,0,530,0,0,0,530
12/22/2006,SJC,CA,AWP,WE,Towers with Radar,378,77,80,0,535,0,0,48,0,48,378,77,128,0,583,16,0,16,599
12/23/2006,SJC,CA,AWP,WE,Towers with Radar,299,87,39,0,425,0,2,46,0,48,299,89,85,0,473,58,0,58,531
12/24/2006,SJC,CA,AWP,WE,Towers with Radar,309,49,7,0,365,0,1,13,0,14,309,50,20,0,379,8,0,8,387
12/25/2006,SJC,CA,AWP,WE,Towers with Radar,267,45,13,0,325,0,0,4,0,4,267,45,17,0,329,0,0,0,329
12/26/2006,SJC,CA,AWP,WE,Towers with Radar,315,77,74,0,466,0,0,9,0,9,315,77,83,0,475,0,0,0,475
12/27/2006,SJC,CA,AWP,WE,Towers with Radar,371,50,47,0,468,0,0,13,0,13,371,50,60,0,481,16,0,16,497
12/28/2006,SJC,CA,AWP,WE,Towers with Radar,332,55,39,0,426,0,2,52,0,54,332,57,91,0,480,34,0,34,514
12/29/2006,SJC,CA,AWP,WE,Towers with Radar,326,62,27,0,415,0,0,39,0,39,326,62,66,0,454,16,0,16,470
12/30/2006,SJC,CA,AWP,WE,Towers with Radar,286,68,32,0,386,0,0,42,0,42,286,68,74,0,428,40,0,40,468
12/31/2006,SJC,CA,AWP,WE,Towers with Radar,306,28,28,0,362,0,0,5,0,5,306,28,33,0,367,4,0,4,371
01/01/2007,SJC,CA,AWP,WE,Towers with Radar,325,54,46,0,425,0,2,30,0,32,325,56,76,0,457,0,0,0,457
01/02/2007,SJC,CA,AWP,WE,Towers with Radar,338,63,72,0,473,0,1,51,0,52,338,64,123,0,525,20,0,20,545
01/03/2007,SJC,CA,AWP,WE,Towers with Radar,364,52,67,0,483,0,0,28,0,28,364,52,95,0,511,24,0,24,535
01/04/2007,SJC,CA,AWP,WE,Towers with Radar,351,56,46,0,453,0,3,4,0,7,351,59,50,0,460,6,0,6,466
01/05/2007,SJC,CA,AWP,WE,Towers with Radar,362,61,70,0,493,0,0,50,0,50,362,61,120,0,543,22,0,22,565
01/06/2007,SJC,CA,AWP,WE,Towers with Radar,263,54,49,0,366,0,0,36,0,36,263,54,85,0,402,28,0,28,430
01/07/2007,SJC,CA,AWP,WE,Towers with Radar,333,55,60,0,448,0,0,39,0,39,333,55,99,0,487,60,0,60,547
01/08/2007,SJC,CA,AWP,WE,Towers with Radar,362,73,59,0,494,0,0,34,0,34,362,73,93,0,528,18,0,18,546
01/09/2007,SJC,CA,AWP,WE,Towers with Radar,336,88,66,0,490,0,0,54,0,54,336,88,120,0,544,8,0,8,552
01/10/2007,SJC,CA,AWP,WE,Towers with Radar,344,71,70,0,485,0,0,48,0,48,344,71,118,0,533,32,0,32,565
01/11/2007,SJC,CA,AWP,WE,Towers with Radar,345,78,56,0,479,0,0,41,0,41,345,78,97,0,520,32,0,32,552
01/12/2007,SJC,CA,AWP,WE,Towers with Radar,388,105,68,0,561,0,0,36,0,36,388,105,104,0,597,0,0,0,597
01/13/2007,SJC,CA,AWP,WE,Towers with Radar,283,41,23,0,347,0,0,37,0,37,283,41,60,0,384,12,0,12,396
01/14/2007,SJC,CA,AWP,WE,Towers with Radar,316,51,43,0,410,0,0,31,0,31,316,51,74,0,441,34,0,34,475
01/15/2007,SJC,CA,AWP,WE,Towers with Radar,354,134,60,0,548,0,1,61,0,62,354,135,121,0,610,18,0,18,628
01/16/2007,SJC,CA,AWP,WE,Towers with Radar,328,78,76,2,484,0,1,42,0,43,328,79,118,2,527,86,0,86,613
01/17/2007,SJC,CA,AWP,WE,Towers with Radar,327,96,82,0,505,0,0,47,0,47,327,96,129,0,552,18,0,18,570
01/18/2007,SJC,CA,AWP,WE,Towers with Radar,342,92,62,1,497,0,2,74,0,76,342,94,136,1,573,74,0,74,647
01/19/2007,SJC,CA,AWP,WE,Towers with Radar,370,100,70,0,540,0,0,50,0,50,370,100,120,0,590,2,0,2,592
01/20/2007,SJC,CA,AWP,WE,Towers with Radar,275,44,33,0,352,0,0,43,0,43,275,44,76,0,395,82,0,82,477
01/21/2007,SJC,CA,AWP,WE,Towers with Radar,343,58,55,0,456,0,0,55,0,55,343,58,110,0,511,2,0,2,513
01/22/2007,SJC,CA,AWP,WE,Towers with Radar,355,86,62,0,503,0,6,57,10,73,355,92,119,10,576,32,0,32,608
01/23/2007,SJC,CA,AWP,WE,Towers with Radar,322,74,58,0,454,0,0,40,0,40,322,74,98,0,494,0,0,0,494
01/24/2007,SJC,CA,AWP,WE,Towers with Radar,360,68,54,2,484,0,0,71,0,71,360,68,125,2,555,64,0,64,619
01/25/2007,SJC,CA,AWP,WE,Towers with Radar,341,92,69,4,506,0,0,26,0,26,341,92,95,4,532,0,0,0,532
01/26/2007,SJC,CA,AWP,WE,Towers with Radar,362,92,82,0,536,0,0,23,0,23,362,92,105,0,559,0,0,0,559
01/27/2007,SJC,CA,AWP,WE,Towers with Radar,269,66,34,0,369,0,0,6,0,6,269,66,40,0,375,0,0,0,375
01/28/2007,SJC,CA,AWP,WE,Towers with Radar,342,71,65,1,479,0,1,29,0,30,342,72,94,1,509,30,0,30,539
01/29/2007,SJC,CA,AWP,WE,Towers with Radar,344,76,53,0,473,0,0,65,0,65,344,76,118,0,538,42,0,42,580
01/30/2007,SJC,CA,AWP,WE,Towers with Radar,335,81,42,0,458,0,0,33,0,33,335,81,75,0,491,44,0,44,535
01/31/2007,SJC,CA,AWP,WE,Towers with Radar,352,76,78,0,506,0,0,0,0,0,352,76,78,0,506,64,0,64,570
02/01/2007,SJC,CA,AWP,WE,Towers with Radar,330,108,105,0,543,0,0,23,0,23,330,108,128,0,566,98,0,98,664
02/02/2007,SJC,CA,AWP,WE,Towers with Radar,335,78,55,0,468,0,0,40,0,40,335,78,95,0,508,48,0,48,556
02/03/2007,SJC,CA,AWP,WE,Towers with Radar,264,39,35,0,338,0,3,31,0,34,264,42,66,0,372,64,0,64,436
02/04/2007,SJC,CA,AWP,WE,Towers with Radar,300,80,77,0,457,0,0,34,0,34,300,80,111,0,491,68,0,68,559
02/05/2007,SJC,CA,AWP,WE,Towers with Radar,347,77,68,0,492,0,0,55,0,55,347,77,123,0,547,66,0,66,613
02/06/2007,SJC,CA,AWP,WE,Towers with Radar,338,63,77,0,478,0,0,50,0,50,338,63,127,0,528,46,0,46,574
02/07/2007,SJC,CA,AWP,WE,Towers with Radar,330,76,58,0,464,0,0,14,0,14,330,76,72,0,478,38,0,38,516
02/08/2007,SJC,CA,AWP,WE,Towers with Radar,342,60,64,0,466,0,2,19,0,21,342,62,83,0,487,12,0,12,499
02/09/2007,SJC,CA,AWP,WE,Towers with Radar,327,90,79,0,496,0,0,17,0,17,327,90,96,0,513,0,0,0,513
02/10/2007,SJC,CA,AWP,WE,Towers with Radar,266,42,30,0,338,0,0,3,0,3,266,42,33,0,341,0,0,0,341
02/11/2007,SJC,CA,AWP,WE,Towers with Radar,321,63,64,0,448,0,0,22,0,22,321,63,86,0,470,42,0,42,512
02/12/2007,SJC,CA,AWP,WE,Towers with Radar,357,79,39,0,475,0,1,48,0,49,357,80,87,0,524,12,0,12,536
02/13/2007,SJC,CA,AWP,WE,Towers with Radar,327,92,75,0,494,0,0,42,0,42,327,92,117,0,536,50,0,50,586
02/14/2007,SJC,CA,AWP,WE,Towers with Radar,333,82,62,0,477,0,0,72,0,72,333,82,134,0,549,54,0,54,603
02/15/2007,SJC,CA,AWP,WE,Towers with Radar,376,99,95,0,570,0,0,70,0,70,376,99,165,0,640,40,0,40,680
02/16/2007,SJC,CA,AWP,WE,Towers with Radar,371,86,107,0,564,0,1,54,0,55,371,87,161,0,619,38,0,38,657
02/17/2007,SJC,CA,AWP,WE,Towers with Radar,281,81,67,0,429,0,0,67,0,67,281,81,134,0,496,86,0,86,582
02/18/2007,SJC,CA,AWP,WE,Towers with Radar,310,54,46,0,410,0,0,20,0,20,310,54,66,0,430,10,0,10,440
02/19/2007,SJC,CA,AWP,WE,Towers with Radar,354,63,63,0,480,0,1,53,0,54,354,64,116,0,534,36,0,36,570
02/20/2007,SJC,CA,AWP,WE,Towers with Radar,339,99,70,0,508,0,0,54,1,55,339,99,124,1,563,78,0,78,641
02/21/2007,SJC,CA,AWP,WE,Towers with Radar,363,95,56,0,514,0,0,33,0,33,363,95,89,0,547,0,0,0,547
02/22/2007,SJC,CA,AWP,WE,Towers with Radar,339,84,83,0,506,0,0,16,0,16,339,84,99,0,522,20,0,20,542
02/23/2007,SJC,CA,AWP,WE,Towers with Radar,366,107,62,0,535,0,0,36,0,36,366,107,98,0,571,94,0,94,665
02/24/2007,SJC,CA,AWP,WE,Towers with Radar,271,75,74,0,420,0,2,25,0,27,271,77,99,0,447,50,0,50,497
02/25/2007,SJC,CA,AWP,WE,Towers with Radar,323,93,77,0,493,0,0,16,0,16,323,93,93,0,509,12,0,12,521
02/26/2007,SJC,CA,AWP,WE,Towers with Radar,372,76,125,0,573,0,2,18,0,20,372,78,143,0,593,24,0,24,617
02/27/2007,SJC,CA,AWP,WE,Towers with Radar,322,79,77,0,478,0,0,12,0,12,322,79,89,0,490,12,0,12,502
02/28/2007,SJC,CA,AWP,WE,Towers with Radar,329,90,57,0,476,0,0,40,0,40,329,90,97,0,516,36,0,36,552
03/01/2007,SJC,CA,AWP,WE,Towers with Radar,328,126,93,0,547,0,0,35,0,35,328,126,128,0,582,50,0,50,632
03/02/2007,SJC,CA,AWP,WE,Towers with Radar,355,96,66,0,517,0,1,64,0,65,355,97,130,0,582,44,0,44,626
03/03/2007,SJC,CA,AWP,WE,Towers with Radar,308,58,31,0,397,0,0,55,0,55,308,58,86,0,452,40,0,40,492
03/04/2007,SJC,CA,AWP,WE,Towers with Radar,321,74,50,0,445,0,0,28,0,28,321,74,78,0,473,14,0,14,487
03/05/2007,SJC,CA,AWP,WE,Towers with Radar,354,83,40,0,477,0,0,33,1,34,354,83,73,1,511,46,0,46,557
03/06/2007,SJC,CA,AWP,WE,Towers with Radar,346,82,65,0,493,0,2,51,0,53,346,84,116,0,546,70,0,70,616
03/07/2007,SJC,CA,AWP,WE,Towers with Radar,351,86,63,0,500,0,0,39,0,39,351,86,102,0,539,6,0,6,545
03/08/2007,SJC,CA,AWP,WE,Towers with Radar,370,90,71,0,531,0,0,75,0,75,370,90,146,0,606,32,0,32,638
03/09/2007,SJC,CA,AWP,WE,Towers with Radar,356,101,74,0,531,0,2,64,0,66,356,103,138,0,597,32,0,32,629
03/10/2007,SJC,CA,AWP,WE,Towers with Radar,290,42,44,0,376,0,1,67,0,68,290,43,111,0,444,32,0,32,476
03/11/2007,SJC,CA,AWP,WE,Towers with Radar,349,65,66,0,480,0,2,65,1,68,349,67,131,1,548,50,0,50,598
03/12/2007,SJC,CA,AWP,WE,Towers with Radar,354,93,76,0,523,0,0,66,0,66,354,93,142,0,589,0,0,0,589
03/13/2007,SJC,CA,AWP,WE,Towers with Radar,365,81,87,1,534,0,0,76,0,76,365,81,163,1,610,8,0,8,618
03/14/2007,SJC,CA,AWP,WE,Towers with Radar,362,79,103,0,544,0,0,80,0,80,362,79,183,0,624,48,0,48,672
03/15/2007,SJC,CA,AWP,WE,Towers with Radar,352,99,80,0,531,0,1,91,0,92,352,100,171,0,623,24,0,24,647
03/16/2007,SJC,CA,AWP,WE,Towers with Radar,373,106,74,0,553,0,2,88,0,90,373,108,162,0,643,48,0,48,691
03/17/2007,SJC,CA,AWP,WE,Towers with Radar,263,52,35,0,350,0,0,60,0,60,263,52,95,0,410,32,0,32,442
03/18/2007,SJC,CA,AWP,WE,Towers with Radar,325,71,57,0,453,0,3,62,0,65,325,74,119,0,518,16,0,16,534
03/19/2007,SJC,CA,AWP,WE,Towers with Radar,377,67,65,0,509,0,0,38,0,38,377,67,103,0,547,0,0,0,547
03/20/2007,SJC,CA,AWP,WE,Towers with Radar,344,73,85,0,502,0,2,32,0,34,344,75,117,0,536,14,0,14,550
03/21/2007,SJC,CA,AWP,WE,Towers with Radar,364,91,85,0,540,0,0,56,0,56,364,91,141,0,596,18,0,18,614
03/22/2007,SJC,CA,AWP,WE,Towers with Radar,344,125,105,0,574,0,0,68,0,68,344,125,173,0,642,10,0,10,652
03/23/2007,SJC,CA,AWP,WE,Towers with Radar,355,103,59,0,517,0,0,67,0,67,355,103,126,0,584,38,0,38,622
03/24/2007,SJC,CA,AWP,WE,Towers with Radar,276,67,53,0,396,0,0,31,0,31,276,67,84,0,427,44,0,44,471
03/25/2007,SJC,CA,AWP,WE,Towers with Radar,319,59,56,0,434,0,0,23,1,24,319,59,79,1,458,50,0,50,508
03/26/2007,SJC,CA,AWP,WE,Towers with Radar,346,83,61,0,490,0,0,23,0,23,346,83,84,0,513,0,0,0,513
03/27/2007,SJC,CA,AWP,WE,Towers with Radar,332,75,64,0,471,0,0,43,0,43,332,75,107,0,514,44,0,44,558
03/28/2007,SJC,CA,AWP,WE,Towers with Radar,325,80,58,0,463,0,0,65,0,65,325,80,123,0,528,12,0,12,540
03/29/2007,SJC,CA,AWP,WE,Towers with Radar,360,86,62,0,508,0,0,71,0,71,360,86,133,0,579,52,0,52,631
03/30/2007,SJC,CA,AWP,WE,Towers with Radar,362,89,68,0,519,0,3,64,0,67,362,92,132,0,586,8,0,8,594
03/31/2007,SJC,CA,AWP,WE,Towers with Radar,292,64,52,0,408,0,0,31,0,31,292,64,83,0,439,62,0,62,501
04/01/2007,SJC,CA,AWP,WE,Towers with Radar,330,60,55,0,445,0,1,49,0,50,330,61,104,0,495,0,0,0,495
04/02/2007,SJC,CA,AWP,WE,Towers with Radar,363,73,40,0,476,20,0,48,0,68,383,73,88,0,544,40,0,40,584
04/03/2007,SJC,CA,AWP,WE,Towers with Radar,343,73,58,0,474,0,0,46,0,46,343,73,104,0,520,90,0,90,610
04/04/2007,SJC,CA,AWP,WE,Towers with Radar,365,83,71,0,519,0,1,59,0,60,365,84,130,0,579,52,0,52,631
04/05/2007,SJC,CA,AWP,WE,Towers with Radar,341,95,71,0,507,0,0,74,0,74,341,95,145,0,581,8,0,8,589
04/06/2007,SJC,CA,AWP,WE,Towers with Radar,394,83,61,8,546,0,0,49,0,49,394,83,110,8,595,12,0,12,607
04/07/2007,SJC,CA,AWP,WE,Towers with Radar,301,38,23,0,362,0,0,23,0,23,301,38,46,0,385,44,0,44,429
04/08/2007,SJC,CA,AWP,WE,Towers with Radar,346,66,42,0,454,0,0,49,0,49,346,66,91,0,503,110,0,110,613
04/09/2007,SJC,CA,AWP,WE,Towers with Radar,341,87,46,0,474,0,0,0,0,0,341,87,46,0,474,8,0,8,482
04/10/2007,SJC,CA,AWP,WE,Towers with Radar,327,75,59,0,461,0,2,63,0,65,327,77,122,0,526,0,18,18,544
04/11/2007,SJC,CA,AWP,WE,Towers with Radar,336,74,93,0,503,0,0,26,0,26,336,74,119,0,529,58,0,58,587
04/12/2007,SJC,CA,AWP,WE,Towers with Radar,368,92,73,0,533,0,1,69,0,70,368,93,142,0,603,52,0,52,655
04/13/2007,SJC,CA,AWP,WE,Towers with Radar,360,75,63,0,498,0,0,55,0,55,360,75,118,0,553,32,0,32,585
04/14/2007,SJC,CA,AWP,WE,Towers with Radar,319,82,57,0,458,0,0,11,0,11,319,82,68,0,469,10,0,10,479
04/15/2007,SJC,CA,AWP,WE,Towers with Radar,337,82,68,0,487,0,0,55,0,55,337,82,123,0,542,70,0,70,612
04/16/2007,SJC,CA,AWP,WE,Towers with Radar,369,89,55,0,513,0,2,50,0,52,369,91,105,0,565,30,0,30,595
04/17/2007,SJC,CA,AWP,WE,Towers with Radar,364,39,64,0,467,0,1,31,0,32,364,40,95,0,499,28,0,28,527
04/18/2007,SJC,CA,AWP,WE,Towers with Radar,343,79,61,0,483,0,2,55,0,57,343,81,116,0,540,18,0,18,558
04/19/2007,SJC,CA,AWP,WE,Towers with Radar,353,102,67,0,522,0,0,56,0,56,353,102,123,0,578,24,0,24,602
04/20/2007,SJC,CA,AWP,WE,Towers with Radar,362,72,70,0,504,0,0,52,0,52,362,72,122,0,556,98,0,98,654
04/21/2007,SJC,CA,AWP,WE,Towers with Radar,289,56,35,0,380,0,0,38,0,38,289,56,73,0,418,58,0,58,476
04/22/2007,SJC,CA,AWP,WE,Towers with Radar,315,74,50,0,439,0,0,18,0,18,315,74,68,0,457,62,0,62,519
04/23/2007,SJC,CA,AWP,WE,Towers with Radar,342,87,59,0,488,0,2,62,6,70,342,89,121,6,558,50,0,50,608
04/24/2007,SJC,CA,AWP,WE,Towers with Radar,333,99,68,0,500,0,0,45,0,45,333,99,113,0,545,44,0,44,589
04/25/2007,SJC,CA,AWP,WE,Towers with Radar,323,132,90,0,545,0,1,66,0,67,323,133,156,0,612,18,0,18,630
04/26/2007,SJC,CA,AWP,WE,Towers with Radar,349,116,61,0,526,0,1,69,0,70,349,117,130,0,596,80,0,80,676
04/27/2007,SJC,CA,AWP,WE,Towers with Radar,354,114,79,0,547,0,1,100,0,101,354,115,179,0,648,62,0,62,710
04/28/2007,SJC,CA,AWP,WE,Towers with Radar,287,55,35,0,377,0,0,52,0,52,287,55,87,0,429,10,0,10,439
04/29/2007,SJC,CA,AWP,WE,Towers with Radar,342,82,50,0,474,0,0,46,0,46,342,82,96,0,520,78,0,78,598
04/30/2007,SJC,CA,AWP,WE,Towers with Radar,353,83,63,0,499,0,0,77,0,77,353,83,140,0,576,64,0,64,640
05/01/2007,SJC,CA,AWP,WE,Towers with Radar,325,93,65,0,483,0,3,58,0,61,325,96,123,0,544,2,0,2,546
05/02/2007,SJC,CA,AWP,WE,Towers with Radar,361,70,83,0,514,0,0,37,0,37,361,70,120,0,551,22,0,22,573
05/03/2007,SJC,CA,AWP,WE,Towers with Radar,321,109,79,1,510,0,1,52,0,53,321,110,131,1,563,22,0,22,585
05/04/2007,SJC,CA,AWP,WE,Towers with Radar,364,107,89,0,560,0,2,32,0,34,364,109,121,0,594,48,0,48,642
05/05/2007,SJC,CA,AWP,WE,Towers with Radar,285,70,32,0,387,0,0,31,0,31,285,70,63,0,418,16,0,16,434
05/06/2007,SJC,CA,AWP,WE,Towers with Radar,360,84,50,0,494,0,2,50,0,52,360,86,100,0,546,24,0,24,570
05/07/2007,SJC,CA,AWP,WE,Towers with Radar,367,83,77,0,527,0,0,69,0,69,367,83,146,0,596,82,0,82,678
05/08/2007,SJC,CA,AWP,WE,Towers with Radar,343,84,49,0,476,0,3,74,0,77,343,87,123,0,553,14,0,14,567
05/09/2007,SJC,CA,AWP,WE,Towers with Radar,346,78,79,0,503,0,3,83,0,86,346,81,162,0,589,66,0,66,655
05/10/2007,SJC,CA,AWP,WE,Towers with Radar,368,91,84,0,543,0,0,66,0,66,368,91,150,0,609,84,0,84,693
05/11/2007,SJC,CA,AWP,WE,Towers with Radar,375,102,66,0,543,0,2,64,3,69,375,104,130,3,612,44,0,44,656
05/12/2007,SJC,CA,AWP,WE,Towers with Radar,308,65,42,0,415,0,0,47,0,47,308,65,89,0,462,48,0,48,510
05/13/2007,SJC,CA,AWP,WE,Towers with Radar,336,75,39,0,450,0,0,29,0,29,336,75,68,0,479,50,0,50,529
05/14/2007,SJC,CA,AWP,WE,Towers with Radar,334,83,65,0,482,0,1,51,1,53,334,84,116,1,535,26,0,26,561
05/15/2007,SJC,CA,AWP,WE,Towers with Radar,329,102,59,0,490,0,1,65,0,66,329,103,124,0,556,86,0,86,642
05/16/2007,SJC,CA,AWP,WE,Towers with Radar,370,85,71,0,526,0,0,72,0,72,370,85,143,0,598,44,0,44,642
05/17/2007,SJC,CA,AWP,WE,Towers with Radar,378,100,83,0,561,0,0,56,0,56,378,100,139,0,617,2,0,2,619
05/18/2007,SJC,CA,AWP,WE,Towers with Radar,388,84,72,0,544,0,1,69,0,70,388,85,141,0,614,20,0,20,634
05/19/2007,SJC,CA,AWP,WE,Towers with Radar,297,47,39,0,383,0,0,36,0,36,297,47,75,0,419,64,0,64,483
05/20/2007,SJC,CA,AWP,WE,Towers with Radar,319,74,48,0,441,0,0,46,0,46,319,74,94,0,487,32,0,32,519
05/21/2007,SJC,CA,AWP,WE,Towers with Radar,351,72,53,0,476,0,1,51,0,52,351,73,104,0,528,10,0,10,538
05/22/2007,SJC,CA,AWP,WE,Towers with Radar,387,61,60,0,508,0,0,44,0,44,387,61,104,0,552,44,0,44,596
05/23/2007,SJC,CA,AWP,WE,Towers with Radar,353,96,74,0,523,0,1,54,0,55,353,97,128,0,578,24,0,24,602
05/24/2007,SJC,CA,AWP,WE,Towers with Radar,380,88,71,1,540,0,0,68,0,68,380,88,139,1,608,12,0,12,620
05/25/2007,SJC,CA,AWP,WE,Towers with Radar,380,86,65,0,531,0,3,60,0,63,380,89,125,0,594,16,0,16,610
05/26/2007,SJC,CA,AWP,WE,Towers with Radar,262,59,38,0,359,0,0,23,0,23,262,59,61,0,382,30,0,30,412
05/27/2007,SJC,CA,AWP,WE,Towers with Radar,252,66,38,0,356,0,0,27,0,27,252,66,65,0,383,14,0,14,397
05/28/2007,SJC,CA,AWP,WE,Towers with Radar,326,100,60,0,486,0,2,46,0,48,326,102,106,0,534,28,0,28,562
05/29/2007,SJC,CA,AWP,WE,Towers with Radar,347,84,64,0,495,0,0,48,1,49,347,84,112,1,544,52,0,52,596
05/30/2007,SJC,CA,AWP,WE,Towers with Radar,317,89,71,2,479,0,0,41,0,41,317,89,112,2,520,28,0,28,548
05/31/2007,SJC,CA,AWP,WE,Towers with Radar,347,98,86,0,531,0,2,61,0,63,347,100,147,0,594,52,0,52,646
06/01/2007,SJC,CA,AWP,WE,Towers with Radar,382,81,72,0,535,0,0,45,0,45,382,81,117,0,580,60,0,60,640
06/02/2007,SJC,CA,AWP,WE,Towers with Radar,281,43,22,0,346,0,0,36,0,36,281,43,58,0,382,88,0,88,470
06/03/2007,SJC,CA,AWP,WE,Towers with Radar,328,77,45,0,450,0,0,51,0,51,328,77,96,0,501,50,0,50,551
06/04/2007,SJC,CA,AWP,WE,Towers with Radar,379,94,66,0,539,0,2,39,0,41,379,96,105,0,580,28,0,28,608
06/05/2007,SJC,CA,AWP,WE,Towers with Radar,349,69,58,0,476,0,0,34,0,34,349,69,92,0,510,2,0,2,512
06/06/2007,SJC,CA,AWP,WE,Towers with Radar,358,82,66,0,506,0,0,59,0,59,358,82,125,0,565,60,0,60,625
06/07/2007,SJC,CA,AWP,WE,Towers with Radar,356,87,78,0,521,0,0,95,0,95,356,87,173,0,616,46,0,46,662
06/08/2007,SJC,CA,AWP,WE,Towers with Radar,351,108,57,0,516,0,0,69,0,69,351,108,126,0,585,26,0,26,611
06/09/2007,SJC,CA,AWP,WE,Towers with Radar,291,48,29,0,368,0,0,69,0,69,291,48,98,0,437,4,0,4,441
06/10/2007,SJC,CA,AWP,WE,Towers with Radar,326,60,40,0,426,0,0,60,0,60,326,60,100,0,486,18,0,18,504
06/11/2007,SJC,CA,AWP,WE,Towers with Radar,355,105,80,0,540,0,0,83,0,83,355,105,163,0,623,26,0,26,649
06/12/2007,SJC,CA,AWP,WE,Towers with Radar,353,54,60,0,467,0,0,78,0,78,353,54,138,0,545,42,0,42,587
06/13/2007,SJC,CA,AWP,WE,Towers with Radar,354,82,82,0,518,0,0,75,0,75,354,82,157,0,593,40,0,40,633
06/14/2007,SJC,CA,AWP,WE,Towers with Radar,375,80,67,0,522,0,0,67,0,67,375,80,134,0,589,40,0,40,629
06/15/2007,SJC,CA,AWP,WE,Towers with Radar,377,105,75,2,559,0,0,86,0,86,377,105,161,2,645,18,0,18,663
06/16/2007,SJC,CA,AWP,WE,Towers with Radar,289,65,24,0,378,0,1,46,0,47,289,66,70,0,425,62,0,62,487
06/17/2007,SJC,CA,AWP,WE,Towers with Radar,321,68,53,0,442,0,0,46,0,46,321,68,99,0,488,26,0,26,514
06/18/2007,SJC,CA,AWP,WE,Towers with Radar,340,111,72,0,523,0,0,67,0,67,340,111,139,0,590,36,0,36,626
06/19/2007,SJC,CA,AWP,WE,Towers with Radar,358,62,66,0,486,0,0,43,0,43,358,62,109,0,529,16,0,16,545
06/20/2007,SJC,CA,AWP,WE,Towers with Radar,361,79,69,0,509,0,2,54,0,56,361,81,123,0,565,40,0,40,605
06/21/2007,SJC,CA,AWP,WE,Towers with Radar,358,81,73,0,512,0,3,73,0,76,358,84,146,0,588,66,0,66,654
06/22/2007,SJC,CA,AWP,WE,Towers with Radar,370,83,58,3,514,0,0,79,0,79,370,83,137,3,593,48,0,48,641
06/23/2007,SJC,CA,AWP,WE,Towers with Radar,296,48,46,0,390,0,0,44,0,44,296,48,90,0,434,58,0,58,492
06/24/2007,SJC,CA,AWP,WE,Towers with Radar,312,73,49,0,434,0,2,58,0,60,312,75,107,0,494,42,0,42,536
06/25/2007,SJC,CA,AWP,WE,Towers with Radar,344,67,44,0,455,0,2,81,0,83,344,69,125,0,538,68,0,68,606
06/26/2007,SJC,CA,AWP,WE,Towers with Radar,357,60,50,0,467,0,1,65,0,66,357,61,115,0,533,8,0,8,541
06/27/2007,SJC,CA,AWP,WE,Towers with Radar,362,53,56,0,471,0,3,63,0,66,362,56,119,0,537,80,0,80,617
06/28/2007,SJC,CA,AWP,WE,Towers with Radar,353,80,72,0,505,0,2,76,0,78,353,82,148,0,583,82,0,82,665
06/29/2007,SJC,CA,AWP,WE,Towers with Radar,351,110,75,0,536,0,1,83,0,84,351,111,158,0,620,122,0,122,742
06/30/2007,SJC,CA,AWP,WE,Towers with Radar,296,53,34,0,383,0,4,54,0,58,296,57,88,0,441,72,0,72,513
07/01/2007,SJC,CA,AWP,WE,Towers with Radar,327,71,36,0,434,0,2,51,0,53,327,73,87,0,487,50,0,50,537
07/02/2007,SJC,CA,AWP,WE,Towers with Radar,374,42,30,0,446,0,4,47,0,51,374,46,77,0,497,26,0,26,523
07/03/2007,SJC,CA,AWP,WE,Towers with Radar,351,48,32,0,431,0,1,59,0,60,351,49,91,0,491,50,0,50,541
07/04/2007,SJC,CA,AWP,WE,Towers with Radar,267,55,17,0,339,0,2,53,0,55,267,57,70,0,394,50,0,50,444
07/05/2007,SJC,CA,AWP,WE,Towers with Radar,384,54,63,0,501,0,0,60,0,60,384,54,123,0,561,72,0,72,633
07/06/2007,SJC,CA,AWP,WE,Towers with Radar,367,55,50,0,472,0,0,55,0,55,367,55,105,0,527,82,0,82,609
07/07/2007,SJC,CA,AWP,WE,Towers with Radar,310,73,41,0,424,0,1,41,0,42,310,74,82,0,466,56,0,56,522
07/08/2007,SJC,CA,AWP,WE,Towers with Radar,370,56,58,0,484,0,1,64,0,65,370,57,122,0,549,28,0,28,577
07/09/2007,SJC,CA,AWP,WE,Towers with Radar,359,107,50,0,516,0,2,65,0,67,359,109,115,0,583,114,0,114,697
07/10/2007,SJC,CA,AWP,WE,Towers with Radar,357,78,49,0,484,0,4,60,0,64,357,82,109,0,548,48,0,48,596
07/11/2007,SJC,CA,AWP,WE,Towers with Radar,360,82,54,1,497,0,2,54,3,59,360,84,108,4,556,20,0,20,576
07/12/2007,SJC,CA,AWP,WE,Towers with Radar,351,85,65,0,501,0,0,63,0,63,351,85,128,0,564,82,0,82,646
07/13/2007,SJC,CA,AWP,WE,Towers with Radar,346,121,46,0,513,0,1,81,0,82,346,122,127,0,595,30,0,30,625
07/14/2007,SJC,CA,AWP,WE,Towers with Radar,292,65,54,2,413,0,0,49,0,49,292,65,103,2,462,64,0,64,526
07/15/2007,SJC,CA,AWP,WE,Towers with Radar,357,82,55,1,495,0,1,41,0,42,357,83,96,1,537,68,0,68,605
07/16/2007,SJC,CA,AWP,WE,Towers with Radar,353,80,50,0,483,0,1,62,0,63,353,81,112,0,546,64,0,64,610
07/17/2007,SJC,CA,AWP,WE,Towers with Radar,378,68,61,0,507,0,0,51,0,51,378,68,112,0,558,50,0,50,608
07/18/2007,SJC,CA,AWP,WE,Towers with Radar,361,76,72,0,509,0,0,36,0,36,361,76,108,0,545,20,0,20,565
07/19/2007,SJC,CA,AWP,WE,Towers with Radar,338,93,75,0,506,0,0,60,0,60,338,93,135,0,566,62,0,62,628
07/20/2007,SJC,CA,AWP,WE,Towers with Radar,380,117,60,0,557,0,3,72,0,75,380,120,132,0,632,74,0,74,706
07/21/2007,SJC,CA,AWP,WE,Towers with Radar,289,63,41,0,393,0,4,56,0,60,289,67,97,0,453,124,0,124,577
07/22/2007,SJC,CA,AWP,WE,Towers with Radar,353,74,44,0,471,0,2,50,0,52,353,76,94,0,523,40,0,40,563
07/23/2007,SJC,CA,AWP,WE,Towers with Radar,353,74,44,0,471,0,2,50,0,52,353,76,94,0,523,40,0,40,563
07/24/2007,SJC,CA,AWP,WE,Towers with Radar,354,77,71,0,502,0,1,51,0,52,354,78,122,0,554,38,0,38,592
07/25/2007,SJC,CA,AWP,WE,Towers with Radar,346,114,85,0,545,0,1,63,0,64,346,115,148,0,609,66,0,66,675
07/26/2007,SJC,CA,AWP,WE,Towers with Radar,345,103,80,0,528,0,0,62,0,62,345,103,142,0,590,6,0,6,596
07/27/2007,SJC,CA,AWP,WE,Towers with Radar,392,112,79,0,583,0,1,84,0,85,392,113,163,0,668,46,0,46,714
07/28/2007,SJC,CA,AWP,WE,Towers with Radar,295,67,32,0,394,0,1,51,0,52,295,68,83,0,446,28,0,28,474
07/29/2007,SJC,CA,AWP,WE,Towers with Radar,332,57,61,0,450,0,2,60,0,62,332,59,121,0,512,38,0,38,550
07/30/2007,SJC,CA,AWP,WE,Towers with Radar,337,72,51,0,460,0,4,52,0,56,337,76,103,0,516,38,0,38,554
07/31/2007,SJC,CA,AWP,WE,Towers with Radar,323,87,69,0,479,0,1,52,0,53,323,88,121,0,532,30,0,30,562
08/01/2007,SJC,CA,AWP,WE,Towers with Radar,366,79,65,0,510,0,0,60,0,60,366,79,125,0,570,66,0,66,636
08/02/2007,SJC,CA,AWP,WE,Towers with Radar,335,90,68,0,493,0,1,61,0,62,335,91,129,0,555,116,0,116,671
08/03/2007,SJC,CA,AWP,WE,Towers with Radar,347,99,71,0,517,0,0,57,0,57,347,99,128,0,574,0,0,0,574
08/04/2007,SJC,CA,AWP,WE,Towers with Radar,297,50,30,0,377,0,0,49,0,49,297,50,79,0,426,88,0,88,514
08/05/2007,SJC,CA,AWP,WE,Towers with Radar,360,68,70,0,498,0,0,42,0,42,360,68,112,0,540,0,0,0,540
08/06/2007,SJC,CA,AWP,WE,Towers with Radar,337,82,49,0,468,0,0,29,0,29,337,82,78,0,497,20,0,20,517
08/07/2007,SJC,CA,AWP,WE,Towers with Radar,346,69,63,0,478,0,0,52,0,52,346,69,115,0,530,56,0,56,586
08/08/2007,SJC,CA,AWP,WE,Towers with Radar,346,76,54,0,476,0,0,55,0,55,346,76,109,0,531,48,0,48,579
08/09/2007,SJC,CA,AWP,WE,Towers with Radar,325,98,71,0,494,0,3,48,0,51,325,101,119,0,545,66,0,66,611
08/10/2007,SJC,CA,AWP,WE,Towers with Radar,357,74,55,0,486,0,3,80,0,83,357,77,135,0,569,72,0,72,641
08/11/2007,SJC,CA,AWP,WE,Towers with Radar,305,50,38,0,393,0,0,27,0,27,305,50,65,0,420,62,0,62,482
08/12/2007,SJC,CA,AWP,WE,Towers with Radar,343,59,64,0,466,0,1,36,0,37,343,60,100,0,503,10,0,10,513
08/13/2007,SJC,CA,AWP,WE,Towers with Radar,324,105,65,0,494,0,0,54,5,59,324,105,119,5,553,52,0,52,605
08/14/2007,SJC,CA,AWP,WE,Towers with Radar,344,78,74,0,496,0,1,61,0,62,344,79,135,0,558,86,0,86,644
08/15/2007,SJC,CA,AWP,WE,Towers with Radar,377,72,79,0,528,0,0,68,0,68,377,72,147,0,596,30,0,30,626
08/16/2007,SJC,CA,AWP,WE,Towers with Radar,377,95,59,0,531,0,0,62,0,62,377,95,121,0,593,58,0,58,651
08/17/2007,SJC,CA,AWP,WE,Towers with Radar,365,88,50,0,503,0,0,74,0,74,365,88,124,0,577,30,0,30,607
08/18/2007,SJC,CA,AWP,WE,Towers with Radar,298,40,54,0,392,0,1,39,3,43,298,41,93,3,435,32,0,32,467
08/19/2007,SJC,CA,AWP,WE,Towers with Radar,348,75,63,0,486,0,0,54,0,54,348,75,117,0,540,36,0,36,576
08/20/2007,SJC,CA,AWP,WE,Towers with Radar,352,69,41,0,462,0,0,52,0,52,352,69,93,0,514,16,0,16,530
08/21/2007,SJC,CA,AWP,WE,Towers with Radar,356,94,46,0,496,0,0,55,0,55,356,94,101,0,551,12,0,12,563
08/22/2007,SJC,CA,AWP,WE,Towers with Radar,353,76,43,0,472,0,0,57,0,57,353,76,100,0,529,50,0,50,579
08/23/2007,SJC,CA,AWP,WE,Towers with Radar,355,93,63,0,511,0,0,69,0,69,355,93,132,0,580,56,0,56,636
08/24/2007,SJC,CA,AWP,WE,Towers with Radar,344,123,75,0,542,0,1,63,0,64,344,124,138,0,606,14,0,14,620
08/25/2007,SJC,CA,AWP,WE,Towers with Radar,311,47,26,1,385,0,0,46,0,46,311,47,72,1,431,0,0,0,431
08/26/2007,SJC,CA,AWP,WE,Towers with Radar,348,87,42,0,477,0,0,37,0,37,348,87,79,0,514,20,0,20,534
08/27/2007,SJC,CA,AWP,WE,Towers with Radar,362,95,44,0,501,0,1,42,0,43,362,96,86,0,544,58,0,58,602
08/28/2007,SJC,CA,AWP,WE,Towers with Radar,383,96,59,0,538,0,0,57,0,57,383,96,116,0,595,98,0,98,693
08/29/2007,SJC,CA,AWP,WE,Towers with Radar,331,75,70,0,476,0,0,75,0,75,331,75,145,0,551,42,0,42,593
08/30/2007,SJC,CA,AWP,WE,Towers with Radar,340,114,60,0,514,0,0,76,0,76,340,114,136,0,590,38,0,38,628
08/31/2007,SJC,CA,AWP,WE,Towers with Radar,353,98,60,0,511,0,2,79,0,81,353,100,139,0,592,98,0,98,690
09/01/2007,SJC,CA,AWP,WE,Towers with Radar,277,74,39,0,390,0,2,50,0,52,277,76,89,0,442,98,0,98,540
09/02/2007,SJC,CA,AWP,WE,Towers with Radar,281,37,27,0,345,0,2,37,0,39,281,39,64,0,384,8,0,8,392
09/03/2007,SJC,CA,AWP,WE,Towers with Radar,319,119,59,0,497,0,1,50,0,51,319,120,109,0,548,20,0,20,568
09/04/2007,SJC,CA,AWP,WE,Towers with Radar,344,105,45,0,494,0,0,56,0,56,344,105,101,0,550,34,0,34,584
09/05/2007,SJC,CA,AWP,WE,Towers with Radar,319,94,64,0,477,0,2,40,0,42,319,96,104,0,519,64,0,64,583
09/06/2007,SJC,CA,AWP,WE,Towers with Radar,342,77,54,0,473,0,0,55,0,55,342,77,109,0,528,124,0,124,652
09/07/2007,SJC,CA,AWP,WE,Towers with Radar,335,100,68,0,503,0,2,47,0,49,335,102,115,0,552,128,0,128,680
09/08/2007,SJC,CA,AWP,WE,Towers with Radar,279,64,47,0,390,0,1,47,0,48,279,65,94,0,438,58,0,58,496
09/09/2007,SJC,CA,AWP,WE,Towers with Radar,316,67,63,0,446,0,1,47,0,48,316,68,110,0,494,76,0,76,570
09/10/2007,SJC,CA,AWP,WE,Towers with Radar,351,87,53,0,491,0,0,40,0,40,351,87,93,0,531,92,0,92,623
09/11/2007,SJC,CA,AWP,WE,Towers with Radar,348,93,85,0,526,0,0,42,0,42,348,93,127,0,568,76,0,76,644
09/12/2007,SJC,CA,AWP,WE,Towers with Radar,363,85,81,0,529,0,0,38,0,38,363,85,119,0,567,102,0,102,669
09/13/2007,SJC,CA,AWP,WE,Towers with Radar,342,82,62,0,486,0,0,60,0,60,342,82,122,0,546,144,0,144,690
09/14/2007,SJC,CA,AWP,WE,Towers with Radar,346,87,70,0,503,0,0,72,0,72,346,87,142,0,575,92,0,92,667
09/15/2007,SJC,CA,AWP,WE,Towers with Radar,279,55,50,0,384,0,0,48,0,48,279,55,98,0,432,44,0,44,476
09/16/2007,SJC,CA,AWP,WE,Towers with Radar,349,67,45,0,461,0,0,66,0,66,349,67,111,0,527,114,0,114,641
09/17/2007,SJC,CA,AWP,WE,Towers with Radar,355,101,66,0,522,0,0,74,0,74,355,101,140,0,596,168,0,168,764
09/18/2007,SJC,CA,AWP,WE,Towers with Radar,354,99,51,0,504,0,0,60,0,60,354,99,111,0,564,114,0,114,678
09/19/2007,SJC,CA,AWP,WE,Towers with Radar,345,89,64,0,498,0,0,47,0,47,345,89,111,0,545,76,0,76,621
09/20/2007,SJC,CA,AWP,WE,Towers with Radar,337,104,61,2,504,0,0,57,0,57,337,104,118,2,561,84,0,84,645
09/21/2007,SJC,CA,AWP,WE,Towers with Radar,343,85,65,0,493,0,1,47,0,48,343,86,112,0,541,20,0,20,561
09/22/2007,SJC,CA,AWP,WE,Towers with Radar,279,48,35,0,362,0,0,9,0,9,279,48,44,0,371,86,0,86,457
09/23/2007,SJC,CA,AWP,WE,Towers with Radar,333,56,54,0,443,0,0,47,0,47,333,56,101,0,490,58,0,58,548
09/24/2007,SJC,CA,AWP,WE,Towers with Radar,355,91,58,0,504,0,0,62,0,62,355,91,120,0,566,28,0,28,594
09/25/2007,SJC,CA,AWP,WE,Towers with Radar,342,84,66,0,492,0,0,65,0,65,342,84,131,0,557,6,0,6,563
09/26/2007,SJC,CA,AWP,WE,Towers with Radar,338,88,73,0,499,0,0,70,0,70,338,88,143,0,569,90,0,90,659
09/27/2007,SJC,CA,AWP,WE,Towers with Radar,353,84,68,0,505,0,0,66,0,66,353,84,134,0,571,70,0,70,641
09/28/2007,SJC,CA,AWP,WE,Towers with Radar,364,71,73,0,508,0,0,40,0,40,364,71,113,0,548,120,0,120,668
09/29/2007,SJC,CA,AWP,WE,Towers with Radar,252,72,40,0,364,0,0,37,0,37,252,72,77,0,401,2,0,2,403
09/30/2007,SJC,CA,AWP,WE,Towers with Radar,331,54,67,0,452,0,0,53,0,53,331,54,120,0,505,20,0,20,525
10/01/2007,SJC,CA,AWP,WE,Towers with Radar,385,93,52,0,530,0,0,46,0,46,385,93,98,0,576,68,0,68,733
10/02/2007,SJC,CA,AWP,WE,Towers with Radar,349,94,54,0,497,0,0,64,2,66,349,94,118,2,563,44,0,44,706
10/03/2007,SJC,CA,AWP,WE,Towers with Radar,328,89,57,0,474,0,0,76,0,76,328,89,133,0,550,144,0,144,774
10/04/2007,SJC,CA,AWP,WE,Towers with Radar,345,108,69,0,522,0,0,59,0,59,345,108,128,0,581,44,0,44,733
10/05/2007,SJC,CA,AWP,WE,Towers with Radar,356,97,69,0,522,0,0,54,1,55,356,97,123,1,577,38,0,38,705
10/06/2007,SJC,CA,AWP,WE,Towers with Radar,259,61,29,0,349,0,0,39,0,39,259,61,68,0,388,28,0,28,488
10/07/2007,SJC,CA,AWP,WE,Towers with Radar,337,62,34,0,433,0,0,30,0,30,337,62,64,0,463,18,0,18,551
10/08/2007,SJC,CA,AWP,WE,Towers with Radar,337,99,68,0,504,0,0,63,0,63,337,99,131,0,567,16,0,16,681
10/09/2007,SJC,CA,AWP,WE,Towers with Radar,335,85,88,0,508,0,1,62,0,63,335,86,150,0,571,36,0,36,667
10/10/2007,SJC,CA,AWP,WE,Towers with Radar,356,86,75,0,517,0,0,47,0,47,356,86,122,0,564,82,0,82,768
10/11/2007,SJC,CA,AWP,WE,Towers with Radar,357,106,98,0,561,0,0,67,0,67,357,106,165,0,628,6,0,6,730
10/12/2007,SJC,CA,AWP,WE,Towers with Radar,385,105,90,0,580,0,0,8,0,8,385,105,98,0,588,8,0,8,678
10/13/2007,SJC,CA,AWP,WE,Towers with Radar,286,130,40,0,456,0,1,32,0,33,286,131,72,0,489,10,0,10,561
10/14/2007,SJC,CA,AWP,WE,Towers with Radar,310,73,53,0,436,0,0,43,0,43,310,73,96,0,479,36,0,36,587
10/15/2007,SJC,CA,AWP,WE,Towers with Radar,365,71,74,0,510,0,0,32,0,32,365,71,106,0,542,60,0,60,703
10/16/2007,SJC,CA,AWP,WE,Towers with Radar,369,74,62,0,505,0,0,36,0,36,369,74,98,0,541,88,0,88,711
10/17/2007,SJC,CA,AWP,WE,Towers with Radar,356,96,82,0,534,0,0,63,0,63,356,96,145,0,597,96,0,96,803
10/18/2007,SJC,CA,AWP,WE,Towers with Radar,350,93,82,0,525,0,0,46,0,46,350,93,128,0,571,10,0,10,704
10/19/2007,SJC,CA,AWP,WE,Towers with Radar,373,80,77,0,530,0,0,34,0,34,373,80,111,0,564,110,0,110,800
10/20/2007,SJC,CA,AWP,WE,Towers with Radar,283,52,45,0,380,0,0,42,0,42,283,52,87,0,422,18,0,18,492
10/21/2007,SJC,CA,AWP,WE,Towers with Radar,353,80,49,0,482,0,0,51,0,51,353,80,100,0,533,40,0,40,657
10/22/2007,SJC,CA,AWP,WE,Towers with Radar,367,60,50,0,477,0,0,39,0,39,367,60,89,0,516,16,0,16,626
10/23/2007,SJC,CA,AWP,WE,Towers with Radar,355,81,49,0,485,0,0,54,0,54,355,81,103,0,539,18,0,18,651
10/24/2007,SJC,CA,AWP,WE,Towers with Radar,357,102,91,0,550,0,0,64,0,64,357,102,155,0,614,60,0,60,766
10/25/2007,SJC,CA,AWP,WE,Towers with Radar,336,99,78,0,513,0,0,63,0,63,336,99,141,0,576,56,0,56,735
10/26/2007,SJC,CA,AWP,WE,Towers with Radar,351,120,75,0,546,0,0,45,0,45,351,120,120,0,591,38,0,38,702
10/27/2007,SJC,CA,AWP,WE,Towers with Radar,279,59,26,0,364,0,1,33,0,34,279,60,59,0,398,56,0,56,519
10/28/2007,SJC,CA,AWP,WE,Towers with Radar,342,68,54,0,464,0,1,55,0,56,342,69,109,0,520,32,0,32,604
10/29/2007,SJC,CA,AWP,WE,Towers with Radar,336,111,88,0,535,0,0,24,0,24,336,111,112,0,559,30,0,30,637
10/30/2007,SJC,CA,AWP,WE,Towers with Radar,336,93,83,0,512,0,0,38,0,38,336,93,121,0,550,94,0,94,754
10/31/2007,SJC,CA,AWP,WE,Towers with Radar,359,85,85,0,529,0,0,23,0,23,359,85,108,0,552,0,0,0,608
11/01/2007,SJC,CA,AWP,WE,Towers with Radar,358,121,93,0,572,0,0,31,0,31,358,121,124,0,603,60,0,60,727
11/02/2007,SJC,CA,AWP,WE,Towers with Radar,347,127,73,0,547,0,0,61,0,61,347,127,134,0,608,6,0,6,742
11/03/2007,SJC,CA,AWP,WE,Towers with Radar,281,41,30,0,352,0,0,52,0,52,281,41,82,0,404,104,0,104,599
11/04/2007,SJC,CA,AWP,WE,Towers with Radar,338,81,83,0,502,0,0,48,0,48,338,81,131,0,550,30,0,30,651
11/05/2007,SJC,CA,AWP,WE,Towers with Radar,327,98,69,0,494,0,1,56,0,57,327,99,125,0,551,50,0,50,684
11/06/2007,SJC,CA,AWP,WE,Towers with Radar,329,82,77,0,488,0,0,24,0,24,329,82,101,0,512,24,0,24,593
11/07/2007,SJC,CA,AWP,WE,Towers with Radar,345,85,77,0,507,1,0,28,0,29,346,85,105,0,536,0,0,0,598
11/08/2007,SJC,CA,AWP,WE,Towers with Radar,383,108,81,0,572,0,0,23,0,23,383,108,104,0,595,72,0,72,729
11/09/2007,SJC,CA,AWP,WE,Towers with Radar,355,101,71,0,527,0,1,65,0,66,355,102,136,0,593,50,0,50,742
11/10/2007,SJC,CA,AWP,WE,Towers with Radar,289,39,36,0,364,0,0,28,0,28,289,39,64,0,392,44,0,44,488
11/11/2007,SJC,CA,AWP,WE,Towers with Radar,341,79,53,2,475,0,0,30,0,30,341,79,83,2,505,34,0,34,582
11/12/2007,SJC,CA,AWP,WE,Towers with Radar,351,90,55,0,496,0,1,50,0,51,351,91,105,0,547,14,0,14,567
11/13/2007,SJC,CA,AWP,WE,Towers with Radar,299,77,82,0,458,0,2,48,0,50,299,79,130,0,508,22,0,22,627
11/14/2007,SJC,CA,AWP,WE,Towers with Radar,370,89,78,0,537,0,1,67,0,68,370,90,145,0,605,22,0,22,724
11/15/2007,SJC,CA,AWP,WE,Towers with Radar,329,85,80,0,494,0,0,53,0,53,329,85,133,0,547,44,0,44,690
11/16/2007,SJC,CA,AWP,WE,Towers with Radar,359,101,84,0,544,0,0,60,0,60,359,101,144,0,604,50,0,50,732
11/17/2007,SJC,CA,AWP,WE,Towers with Radar,287,80,31,0,398,0,0,39,0,39,287,80,70,0,437,76,0,76,595
11/18/2007,SJC,CA,AWP,WE,Towers with Radar,333,71,57,0,461,0,0,19,0,19,333,71,76,0,480,4,0,4,523
11/19/2007,SJC,CA,AWP,WE,Towers with Radar,329,78,60,0,467,0,0,35,0,35,329,78,95,0,502,44,0,44,623
11/20/2007,SJC,CA,AWP,WE,Towers with Radar,340,93,79,0,512,0,1,53,0,54,340,94,132,0,566,34,0,34,727
11/21/2007,SJC,CA,AWP,WE,Towers with Radar,333,118,94,0,545,0,0,73,0,73,333,118,167,0,618,2,0,2,716
11/22/2007,SJC,CA,AWP,WE,Towers with Radar,232,43,14,0,289,0,0,26,0,26,232,43,40,0,315,14,0,14,365
11/23/2007,SJC,CA,AWP,WE,Towers with Radar,282,73,40,0,395,0,3,42,0,45,282,76,82,0,440,8,0,8,533
11/24/2007,SJC,CA,AWP,WE,Towers with Radar,293,66,59,0,418,0,0,36,0,36,293,66,95,0,454,54,0,54,557
11/25/2007,SJC,CA,AWP,WE,Towers with Radar,330,102,91,0,523,0,0,50,1,51,330,102,141,1,574,12,0,12,667
11/26/2007,SJC,CA,AWP,WE,Towers with Radar,355,92,60,0,507,0,1,25,0,26,355,93,85,0,533,42,0,42,663
11/27/2007,SJC,CA,AWP,WE,Towers with Radar,345,104,58,0,507,0,0,48,0,48,345,104,106,0,555,34,0,34,677
11/28/2007,SJC,CA,AWP,WE,Towers with Radar,336,107,64,0,507,0,0,47,0,47,336,107,111,0,554,24,0,24,729
11/29/2007,SJC,CA,AWP,WE,Towers with Radar,332,97,62,2,493,0,0,64,0,64,332,97,126,2,557,56,0,56,689
11/30/2007,SJC,CA,AWP,WE,Towers with Radar,363,86,70,0,519,0,0,52,0,52,363,86,122,0,571,28,0,28,694
12/01/2007,SJC,CA,AWP,WE,Towers with Radar,235,84,45,0,364,0,0,35,0,35,235,84,80,0,399,62,0,62,529
12/02/2007,SJC,CA,AWP,WE,Towers with Radar,365,52,53,0,470,0,0,25,0,25,365,52,78,0,495,20,0,20,584
12/03/2007,SJC,CA,AWP,WE,Towers with Radar,335,103,67,0,505,0,0,28,0,28,335,103,95,0,533,22,0,22,628
12/04/2007,SJC,CA,AWP,WE,Towers with Radar,335,91,78,0,504,0,0,13,0,13,335,91,91,0,517,18,0,18,588
12/05/2007,SJC,CA,AWP,WE,Towers with Radar,339,108,90,0,537,0,0,34,0,34,339,108,124,0,571,8,0,8,647
12/06/2007,SJC,CA,AWP,WE,Towers with Radar,341,106,101,0,548,0,0,12,0,12,341,106,113,0,560,8,0,8,612
12/07/2007,SJC,CA,AWP,WE,Towers with Radar,349,96,81,0,526,0,0,12,0,12,349,96,93,0,538,34,0,34,607
12/08/2007,SJC,CA,AWP,WE,Towers with Radar,258,60,44,0,362,0,0,23,0,23,258,60,67,0,385,6,0,6,449
12/09/2007,SJC,CA,AWP,WE,Towers with Radar,337,54,53,0,444,0,0,41,0,41,337,54,94,0,485,0,0,0,557
12/10/2007,SJC,CA,AWP,WE,Towers with Radar,345,81,68,0,494,0,0,56,0,56,345,81,124,0,550,54,0,54,680
12/11/2007,SJC,CA,AWP,WE,Towers with Radar,337,78,58,0,473,0,0,49,0,49,337,78,107,0,522,86,0,86,718
12/12/2007,SJC,CA,AWP,WE,Towers with Radar,353,101,133,0,587,0,0,0,0,0,353,101,133,0,587,80,0,80,667
12/13/2007,SJC,CA,AWP,WE,Towers with Radar,354,76,89,0,519,0,0,64,0,64,354,76,153,0,583,94,0,94,746
12/14/2007,SJC,CA,AWP,WE,Towers with Radar,326,102,70,0,498,0,0,63,1,64,326,102,133,1,562,30,0,30,688
12/15/2007,SJC,CA,AWP,WE,Towers with Radar,260,65,44,0,369,0,3,31,0,34,260,68,75,0,403,24,0,24,478
12/16/2007,SJC,CA,AWP,WE,Towers with Radar,315,70,41,0,426,0,0,34,0,34,315,70,75,0,460,118,0,118,633
12/17/2007,SJC,CA,AWP,WE,Towers with Radar,341,69,56,0,466,0,2,21,0,23,341,71,77,0,489,100,0,100,667
12/18/2007,SJC,CA,AWP,WE,Towers with Radar,340,69,70,0,479,0,0,4,0,4,340,69,74,0,483,26,0,26,541
12/19/2007,SJC,CA,AWP,WE,Towers with Radar,355,74,78,0,507,0,0,42,0,42,355,74,120,0,549,44,0,44,644
12/20/2007,SJC,CA,AWP,WE,Towers with Radar,337,61,66,0,464,0,1,31,0,32,337,62,97,0,496,54,0,54,598
12/21/2007,SJC,CA,AWP,WE,Towers with Radar,353,81,46,0,480,0,0,75,0,75,353,81,121,0,555,16,0,16,678
12/22/2007,SJC,CA,AWP,WE,Towers with Radar,301,61,60,0,422,0,2,33,0,35,301,63,93,0,457,52,0,52,568
12/23/2007,SJC,CA,AWP,WE,Towers with Radar,348,51,40,0,439,0,0,42,0,42,348,51,82,0,481,22,0,22,540
12/24/2007,SJC,CA,AWP,WE,Towers with Radar,260,36,24,0,320,0,0,18,0,18,260,36,42,0,338,16,0,16,377
12/25/2007,SJC,CA,AWP,WE,Towers with Radar,267,63,31,0,361,0,0,29,0,29,267,63,60,0,390,6,0,6,424
12/26/2007,SJC,CA,AWP,WE,Towers with Radar,370,42,68,2,482,0,0,34,0,34,370,42,102,2,516,34,0,34,628
12/27/2007,SJC,CA,AWP,WE,Towers with Radar,348,46,75,0,469,0,0,37,0,37,348,46,112,0,506,18,0,18,609
12/28/2007,SJC,CA,AWP,WE,Towers with Radar,291,74,36,0,401,0,0,36,0,36,291,74,72,0,437,94,0,94,615
12/29/2007,SJC,CA,AWP,WE,Towers with Radar,283,76,43,0,402,0,2,9,0,11,283,78,52,0,413,46,0,46,491
12/30/2007,SJC,CA,AWP,WE,Towers with Radar,290,58,22,0,370,0,0,19,0,19,290,58,41,0,389,60,0,60,509
12/31/2007,SJC,CA,AWP,WE,Towers with Radar,268,32,35,0,335,0,0,35,0,35,268,32,70,0,370,0,0,0,436
01/01/2008,SJC,CA,AWP,WE,Towers with Radar,304,53,41,0,398,0,2,32,0,34,304,55,73,0,432,58,0,58,550
01/02/2008,SJC,CA,AWP,WE,Towers with Radar,316,80,61,0,457,0,0,57,0,57,316,80,118,0,514,22,0,22,638
01/03/2008,SJC,CA,AWP,WE,Towers with Radar,337,55,57,0,449,0,0,22,0,22,337,55,79,0,471,0,0,0,512
01/04/2008,SJC,CA,AWP,WE,Towers with Radar,317,61,38,0,416,0,1,0,0,1,317,62,38,0,417,0,0,0,423
01/05/2008,SJC,CA,AWP,WE,Towers with Radar,279,39,60,0,378,0,0,2,0,2,279,39,62,0,380,0,0,0,398
01/06/2008,SJC,CA,AWP,WE,Towers with Radar,333,56,56,0,445,0,1,6,0,7,333,57,62,0,452,0,0,0,476
01/07/2008,SJC,CA,AWP,WE,Towers with Radar,337,75,47,0,459,0,1,40,0,41,337,76,87,0,500,10,0,10,566
01/08/2008,SJC,CA,AWP,WE,Towers with Radar,329,65,63,0,457,0,0,8,0,8,329,65,71,0,465,20,0,20,541
01/09/2008,SJC,CA,AWP,WE,Towers with Radar,362,65,94,0,521,0,1,23,0,24,362,66,117,0,545,4,0,4,612
01/10/2008,SJC,CA,AWP,WE,Towers with Radar,326,72,91,0,489,0,0,31,0,31,326,72,122,0,520,12,0,12,615
01/11/2008,SJC,CA,AWP,WE,Towers with Radar,351,90,72,0,513,0,0,24,0,24,351,90,96,0,537,20,0,20,629
01/12/2008,SJC,CA,AWP,WE,Towers with Radar,269,49,41,0,359,0,0,26,0,26,269,49,67,0,385,50,0,50,496
01/13/2008,SJC,CA,AWP,WE,Towers with Radar,315,60,52,0,427,0,1,36,0,37,315,61,88,0,464,96,0,96,626
01/14/2008,SJC,CA,AWP,WE,Towers with Radar,327,73,34,0,434,0,0,36,0,36,327,73,70,0,470,14,0,14,574
01/15/2008,SJC,CA,AWP,WE,Towers with Radar,317,46,70,0,433,0,0,17,0,17,317,46,87,0,450,6,0,6,484
01/16/2008,SJC,CA,AWP,WE,Towers with Radar,359,58,64,0,481,0,0,42,0,42,359,58,106,0,523,50,0,50,614
01/17/2008,SJC,CA,AWP,WE,Towers with Radar,387,80,83,0,550,0,0,48,0,48,387,80,131,0,598,26,0,26,728
01/18/2008,SJC,CA,AWP,WE,Towers with Radar,324,122,75,0,521,0,1,73,0,74,324,123,148,0,595,64,0,64,746
01/19/2008,SJC,CA,AWP,WE,Towers with Radar,241,43,39,0,323,0,0,50,1,51,241,43,89,1,374,58,0,58,501
01/20/2008,SJC,CA,AWP,WE,Towers with Radar,288,51,38,0,377,0,0,28,0,28,288,51,66,0,405,74,0,74,521
01/21/2008,SJC,CA,AWP,WE,Towers with Radar,326,96,107,0,529,0,0,18,0,18,326,96,125,0,547,20,0,20,611
01/22/2008,SJC,CA,AWP,WE,Towers with Radar,363,64,66,0,493,0,0,11,0,11,363,64,77,0,504,0,0,0,582
01/23/2008,SJC,CA,AWP,WE,Towers with Radar,360,75,80,0,515,0,0,22,0,22,360,75,102,0,537,34,0,34,631
01/24/2008,SJC,CA,AWP,WE,Towers with Radar,355,73,94,0,522,0,1,9,0,10,355,74,103,0,532,0,0,0,576
01/25/2008,SJC,CA,AWP,WE,Towers with Radar,353,85,69,0,507,0,0,3,0,3,353,85,72,0,510,0,0,0,517
01/26/2008,SJC,CA,AWP,WE,Towers with Radar,223,43,28,0,294,0,1,25,0,26,223,44,53,0,320,0,0,0,344
01/27/2008,SJC,CA,AWP,WE,Towers with Radar,275,56,74,0,405,0,0,8,0,8,275,56,82,0,413,0,0,0,427
01/28/2008,SJC,CA,AWP,WE,Towers with Radar,325,55,46,0,426,0,0,27,0,27,325,55,73,0,453,34,0,34,589
01/29/2008,SJC,CA,AWP,WE,Towers with Radar,356,68,67,0,491,0,0,24,0,24,356,68,91,0,515,66,0,66,679
01/30/2008,SJC,CA,AWP,WE,Towers with Radar,343,83,67,0,493,0,0,17,0,17,343,83,84,0,510,36,0,36,597
01/31/2008,SJC,CA,AWP,WE,Towers with Radar,364,103,98,0,565,0,0,31,0,31,364,103,129,0,596,44,0,44,703
02/01/2008,SJC,CA,AWP,WE,Towers with Radar,341,87,74,0,502,0,0,40,0,40,341,87,114,0,542,58,0,58,723
02/02/2008,SJC,CA,AWP,WE,Towers with Radar,233,55,30,0,318,0,0,16,0,16,233,55,46,0,334,10,0,10,385
02/03/2008,SJC,CA,AWP,WE,Towers with Radar,307,72,52,0,431,0,0,12,0,12,307,72,64,0,443,16,0,16,485
02/04/2008,SJC,CA,AWP,WE,Towers with Radar,316,97,68,0,481,0,0,37,0,37,316,97,105,0,518,50,0,50,632
02/05/2008,SJC,CA,AWP,WE,Towers with Radar,333,71,52,0,456,0,0,51,0,51,333,71,103,0,507,76,0,76,680
02/06/2008,SJC,CA,AWP,WE,Towers with Radar,342,62,67,0,471,0,0,50,0,50,342,62,117,0,521,38,0,38,646
02/07/2008,SJC,CA,AWP,WE,Towers with Radar,331,82,60,0,473,0,0,65,0,65,331,82,125,0,538,32,0,32,665
02/08/2008,SJC,CA,AWP,WE,Towers with Radar,341,112,89,0,542,0,0,51,0,51,341,112,140,0,593,32,0,32,704
02/09/2008,SJC,CA,AWP,WE,Towers with Radar,240,51,42,0,333,0,0,39,0,39,240,51,81,0,372,66,0,66,506
02/10/2008,SJC,CA,AWP,WE,Towers with Radar,331,49,54,0,434,0,0,34,0,34,331,49,88,0,468,72,0,72,611
02/11/2008,SJC,CA,AWP,WE,Towers with Radar,346,84,58,0,488,0,0,46,0,46,346,84,104,0,534,62,0,62,664
02/12/2008,SJC,CA,AWP,WE,Towers with Radar,344,69,62,0,475,0,0,35,0,35,344,69,97,0,510,50,0,50,671
02/13/2008,SJC,CA,AWP,WE,Towers with Radar,336,79,69,0,484,0,0,54,0,54,336,79,123,0,538,24,0,24,629
02/14/2008,SJC,CA,AWP,WE,Towers with Radar,318,94,70,0,482,0,0,40,0,40,318,94,110,0,522,52,0,52,634
02/15/2008,SJC,CA,AWP,WE,Towers with Radar,321,97,92,0,510,0,0,75,0,75,321,97,167,0,585,88,0,88,761
02/16/2008,SJC,CA,AWP,WE,Towers with Radar,244,64,50,0,358,0,0,56,0,56,244,64,106,0,414,88,0,88,563
02/17/2008,SJC,CA,AWP,WE,Towers with Radar,292,63,63,0,418,0,0,43,0,43,292,63,106,0,461,62,0,62,552
02/18/2008,SJC,CA,AWP,WE,Towers with Radar,335,78,80,0,493,0,0,30,0,30,335,78,110,0,523,22,0,22,619
02/19/2008,SJC,CA,AWP,WE,Towers with Radar,340,95,80,0,515,0,4,20,0,24,340,99,100,0,539,20,0,20,635
02/20/2008,SJC,CA,AWP,WE,Towers with Radar,353,85,66,0,504,0,0,30,0,30,353,85,96,0,534,60,0,60,706
02/21/2008,SJC,CA,AWP,WE,Towers with Radar,360,75,97,0,532,0,0,8,0,8,360,75,105,0,540,0,0,0,607
02/22/2008,SJC,CA,AWP,WE,Towers with Radar,326,113,54,0,493,0,0,9,0,9,326,113,63,0,502,14,0,14,572
02/23/2008,SJC,CA,AWP,WE,Towers with Radar,228,93,54,0,375,0,0,3,0,3,228,93,57,0,378,0,0,0,391
02/24/2008,SJC,CA,AWP,WE,Towers with Radar,309,76,78,3,466,0,0,5,0,5,309,76,83,3,471,0,0,0,493
02/25/2008,SJC,CA,AWP,WE,Towers with Radar,370,97,77,0,544,0,0,46,0,46,370,97,123,0,590,108,0,108,789
02/26/2008,SJC,CA,AWP,WE,Towers with Radar,352,78,60,0,490,0,0,54,0,54,352,78,114,0,544,34,0,34,688
02/27/2008,SJC,CA,AWP,WE,Towers with Radar,364,76,82,0,522,0,0,62,0,62,364,76,144,0,584,0,0,0,692
02/28/2008,SJC,CA,AWP,WE,Towers with Radar,342,91,70,0,503,0,0,55,0,55,342,91,125,0,558,40,0,40,735
02/29/2008,SJC,CA,AWP,WE,Towers with Radar,335,95,86,0,516,0,0,39,0,39,335,95,125,0,555,48,0,48,653
03/01/2008,SJC,CA,AWP,WE,Towers with Radar,253,57,48,0,358,0,0,17,0,17,253,57,65,0,375,0,0,0,447
03/02/2008,SJC,CA,AWP,WE,Towers with Radar,329,54,54,0,437,0,1,43,0,44,329,55,97,0,481,64,0,64,619
03/03/2008,SJC,CA,AWP,WE,Towers with Radar,317,78,69,0,464,0,0,54,0,54,317,78,123,0,518,56,0,56,678
03/04/2008,SJC,CA,AWP,WE,Towers with Radar,333,87,59,0,479,0,0,69,0,69,333,87,128,0,548,92,0,92,754
03/05/2008,SJC,CA,AWP,WE,Towers with Radar,339,95,70,2,506,0,0,60,0,60,339,95,130,2,566,140,0,140,817
03/06/2008,SJC,CA,AWP,WE,Towers with Radar,319,99,78,0,496,0,1,62,0,63,319,100,140,0,559,30,0,30,684
03/07/2008,SJC,CA,AWP,WE,Towers with Radar,330,103,73,0,506,0,0,56,0,56,330,103,129,0,562,30,0,30,676
03/08/2008,SJC,CA,AWP,WE,Towers with Radar,256,63,46,0,365,0,1,39,0,40,256,64,85,0,405,82,0,82,545
03/09/2008,SJC,CA,AWP,WE,Towers with Radar,333,84,77,0,494,0,0,54,0,54,333,84,131,0,548,94,0,94,706
03/10/2008,SJC,CA,AWP,WE,Towers with Radar,322,80,49,0,451,0,1,51,0,52,322,81,100,0,503,22,0,22,604
03/11/2008,SJC,CA,AWP,WE,Towers with Radar,331,67,62,0,460,0,1,61,0,62,331,68,123,0,522,52,0,52,694
03/12/2008,SJC,CA,AWP,WE,Towers with Radar,333,98,79,0,510,0,0,0,0,0,333,98,79,0,510,68,0,68,709
03/13/2008,SJC,CA,AWP,WE,Towers with Radar,314,97,82,0,493,0,0,0,0,0,314,97,82,0,493,36,0,36,617
03/14/2008,SJC,CA,AWP,WE,Towers with Radar,340,93,63,0,496,0,0,0,0,0,340,93,63,0,496,94,0,94,710
03/15/2008,SJC,CA,AWP,WE,Towers with Radar,232,28,21,0,281,0,0,16,0,16,232,28,37,0,297,16,0,16,380
03/16/2008,SJC,CA,AWP,WE,Towers with Radar,327,63,66,0,456,0,2,16,0,18,327,65,82,0,474,48,0,48,588
03/17/2008,SJC,CA,AWP,WE,Towers with Radar,337,65,65,5,472,0,2,0,0,2,337,67,65,5,474,46,0,46,630
03/18/2008,SJC,CA,AWP,WE,Towers with Radar,316,75,61,0,452,0,1,0,0,1,316,76,61,0,453,46,0,46,590
03/19/2008,SJC,CA,AWP,WE,Towers with Radar,357,87,77,0,521,0,0,0,0,0,357,87,77,0,521,116,0,116,732
03/20/2008,SJC,CA,AWP,WE,Towers with Radar,360,90,87,14,551,0,0,0,0,0,360,90,87,14,551,94,0,94,734
03/21/2008,SJC,CA,AWP,WE,Towers with Radar,336,92,54,0,482,0,1,0,0,1,336,93,54,0,483,34,0,34,652
03/22/2008,SJC,CA,AWP,WE,Towers with Radar,232,62,42,0,336,0,0,45,0,45,232,62,87,0,381,2,0,2,453
03/23/2008,SJC,CA,AWP,WE,Towers with Radar,317,61,42,0,420,0,1,45,0,46,317,62,87,0,466,28,0,28,555
03/24/2008,SJC,CA,AWP,WE,Towers with Radar,333,61,63,0,457,0,0,41,0,41,333,61,104,0,498,28,0,28,614
03/25/2008,SJC,CA,AWP,WE,Towers with Radar,320,64,68,0,452,0,0,0,0,0,320,64,68,0,452,122,0,122,675
03/26/2008,SJC,CA,AWP,WE,Towers with Radar,314,111,70,0,495,0,1,0,0,1,314,112,70,0,496,20,0,20,603
03/27/2008,SJC,CA,AWP,WE,Towers with Radar,313,91,66,0,470,0,1,0,0,1,313,92,66,0,471,16,0,16,591
03/28/2008,SJC,CA,AWP,WE,Towers with Radar,320,96,78,0,494,0,1,0,0,1,320,97,78,0,495,8,0,8,602
03/29/2008,SJC,CA,AWP,WE,Towers with Radar,239,53,45,0,337,0,0,0,0,0,239,53,45,0,337,10,0,10,390
03/30/2008,SJC,CA,AWP,WE,Towers with Radar,330,54,76,0,460,0,0,51,0,51,330,54,127,0,511,64,0,64,634
03/31/2008,SJC,CA,AWP,WE,Towers with Radar,321,88,54,0,463,0,0,42,0,42,321,88,96,0,505,46,0,46,642
04/01/2008,SJC,CA,AWP,WE,Towers with Radar,306,98,65,0,469,0,0,61,0,61,306,98,126,0,530,72,0,72,710
04/02/2008,SJC,CA,AWP,WE,Towers with Radar,314,72,53,0,439,0,0,47,0,47,314,72,100,0,486,76,0,76,661
04/03/2008,SJC,CA,AWP,WE,Towers with Radar,314,89,67,0,470,0,0,49,0,49,314,89,116,0,519,64,0,64,675
04/04/2008,SJC,CA,AWP,WE,Towers with Radar,345,89,76,0,510,0,0,65,0,65,345,89,141,0,575,30,0,30,725
04/05/2008,SJC,CA,AWP,WE,Towers with Radar,236,68,32,0,336,0,0,38,0,38,236,68,70,0,374,20,0,20,492
04/06/2008,SJC,CA,AWP,WE,Towers with Radar,328,69,67,0,464,0,0,39,0,39,328,69,106,0,503,70,0,70,637
04/07/2008,SJC,CA,AWP,WE,Towers with Radar,313,90,43,0,446,0,0,44,0,44,313,90,87,0,490,34,0,34,603
04/08/2008,SJC,CA,AWP,WE,Towers with Radar,330,75,58,2,465,0,0,38,0,38,330,75,96,2,503,24,0,24,614
04/09/2008,SJC,CA,AWP,WE,Towers with Radar,303,76,61,0,440,0,0,56,0,56,303,76,117,0,496,84,0,84,674
04/10/2008,SJC,CA,AWP,WE,Towers with Radar,317,85,57,1,460,0,0,65,0,65,317,85,122,1,525,56,0,56,729
04/11/2008,SJC,CA,AWP,WE,Towers with Radar,321,100,55,1,477,0,0,65,0,65,321,100,120,1,542,54,0,54,693
04/12/2008,SJC,CA,AWP,WE,Towers with Radar,228,45,40,2,315,0,0,49,0,49,228,45,89,2,364,74,0,74,507
04/13/2008,SJC,CA,AWP,WE,Towers with Radar,324,59,67,0,450,0,0,56,0,56,324,59,123,0,506,84,0,84,660
04/14/2008,SJC,CA,AWP,WE,Towers with Radar,322,92,68,0,482,0,0,22,0,22,322,92,90,0,504,38,0,38,602
04/15/2008,SJC,CA,AWP,WE,Towers with Radar,312,71,60,0,443,0,0,48,0,48,312,71,108,0,491,28,0,28,581
04/16/2008,SJC,CA,AWP,WE,Towers with Radar,323,86,63,0,472,0,1,58,0,59,323,87,121,0,531,50,0,50,711
04/17/2008,SJC,CA,AWP,WE,Towers with Radar,329,69,66,0,464,0,1,67,0,68,329,70,133,0,532,18,0,18,644
04/18/2008,SJC,CA,AWP,WE,Towers with Radar,306,79,71,0,456,0,1,47,0,48,306,80,118,0,504,66,0,66,654
04/19/2008,SJC,CA,AWP,WE,Towers with Radar,219,59,41,0,319,0,0,34,0,34,219,59,75,0,353,64,0,64,481
04/20/2008,SJC,CA,AWP,WE,Towers with Radar,327,57,74,0,458,0,1,34,0,35,327,58,108,0,493,46,0,46,604
04/21/2008,SJC,CA,AWP,WE,Towers with Radar,338,108,57,0,503,0,0,57,0,57,338,108,114,0,560,40,0,40,709
04/22/2008,SJC,CA,AWP,WE,Towers with Radar,321,75,68,0,464,0,0,48,0,48,321,75,116,0,512,42,0,42,630
04/23/2008,SJC,CA,AWP,WE,Towers with Radar,315,91,68,0,474,0,0,50,2,52,315,91,118,2,526,98,0,98,723
04/24/2008,SJC,CA,AWP,WE,Towers with Radar,326,75,77,0,478,0,0,73,0,73,326,75,150,0,551,74,0,74,732
04/25/2008,SJC,CA,AWP,WE,Towers with Radar,324,97,45,0,466,0,0,49,0,49,324,97,94,0,515,54,0,54,694
04/26/2008,SJC,CA,AWP,WE,Towers with Radar,221,61,31,0,313,0,2,51,0,53,221,63,82,0,366,70,0,70,498
04/27/2008,SJC,CA,AWP,WE,Towers with Radar,284,74,44,0,402,0,0,53,0,53,284,74,97,0,455,106,0,106,658
04/28/2008,SJC,CA,AWP,WE,Towers with Radar,323,99,60,0,482,0,3,48,0,51,323,102,108,0,533,62,0,62,720
04/29/2008,SJC,CA,AWP,WE,Towers with Radar,310,99,48,0,457,0,1,41,0,42,310,100,89,0,499,78,0,78,658
04/30/2008,SJC,CA,AWP,WE,Towers with Radar,334,74,76,0,484,0,0,43,0,43,334,74,119,0,527,44,0,44,649
05/01/2008,SJC,CA,AWP,WE,Towers with Radar,342,82,73,0,497,0,0,62,0,62,342,82,135,0,559,36,0,36,691
05/02/2008,SJC,CA,AWP,WE,Towers with Radar,328,112,78,0,518,0,0,52,0,52,328,112,130,0,570,22,0,22,677
05/03/2008,SJC,CA,AWP,WE,Towers with Radar,177,59,23,0,259,0,1,37,0,38,177,60,60,0,297,20,0,20,383
05/04/2008,SJC,CA,AWP,WE,Towers with Radar,303,66,48,0,417,0,1,44,0,45,303,67,92,0,462,28,0,28,546
05/05/2008,SJC,CA,AWP,WE,Towers with Radar,306,73,44,0,423,0,0,46,0,46,306,73,90,0,469,12,0,12,577
05/06/2008,SJC,CA,AWP,WE,Towers with Radar,310,68,67,0,445,0,0,44,0,44,310,68,111,0,489,58,0,58,637
05/07/2008,SJC,CA,AWP,WE,Towers with Radar,332,84,69,0,485,0,1,46,0,47,332,85,115,0,532,40,0,40,637
05/08/2008,SJC,CA,AWP,WE,Towers with Radar,320,82,80,0,482,0,2,55,0,57,320,84,135,0,539,66,0,66,693
05/09/2008,SJC,CA,AWP,WE,Towers with Radar,318,100,67,0,485,0,0,66,0,66,318,100,133,0,551,108,0,108,745
05/10/2008,SJC,CA,AWP,WE,Towers with Radar,230,53,26,0,309,0,0,47,0,47,230,53,73,0,356,64,0,64,493
05/11/2008,SJC,CA,AWP,WE,Towers with Radar,295,50,54,0,399,0,0,26,0,26,295,50,80,0,425,12,0,12,502
05/12/2008,SJC,CA,AWP,WE,Towers with Radar,324,88,49,0,461,0,1,43,0,44,324,89,92,0,505,40,0,40,636
05/13/2008,SJC,CA,AWP,WE,Towers with Radar,327,85,58,0,470,0,0,60,0,60,327,85,118,0,530,38,0,38,665
05/14/2008,SJC,CA,AWP,WE,Towers with Radar,324,71,55,0,450,0,1,54,0,55,324,72,109,0,505,56,72,128,723
05/15/2008,SJC,CA,AWP,WE,Towers with Radar,321,78,81,0,480,0,0,46,0,46,321,78,127,0,526,28,0,28,641
05/16/2008,SJC,CA,AWP,WE,Towers with Radar,335,86,55,0,476,0,1,45,0,46,335,87,100,0,522,8,0,8,635
05/17/2008,SJC,CA,AWP,WE,Towers with Radar,257,43,20,0,320,0,0,39,0,39,257,43,59,0,359,72,0,72,492
05/18/2008,SJC,CA,AWP,WE,Towers with Radar,312,49,43,0,404,0,0,40,0,40,312,49,83,0,444,36,0,36,551
05/19/2008,SJC,CA,AWP,WE,Towers with Radar,353,83,66,0,502,0,1,45,0,46,353,84,111,0,548,46,0,46,670
05/20/2008,SJC,CA,AWP,WE,Towers with Radar,323,71,75,0,469,0,0,61,0,61,323,71,136,0,530,70,0,70,679
05/21/2008,SJC,CA,AWP,WE,Towers with Radar,364,84,65,0,513,0,0,47,0,47,364,84,112,0,560,50,0,50,684
05/22/2008,SJC,CA,AWP,WE,Towers with Radar,339,92,53,0,484,0,1,71,0,72,339,93,124,0,556,36,0,36,679
05/23/2008,SJC,CA,AWP,WE,Towers with Radar,331,68,71,0,470,0,0,33,0,33,331,68,104,0,503,22,0,22,622
05/24/2008,SJC,CA,AWP,WE,Towers with Radar,253,42,39,0,334,0,0,25,0,25,253,42,64,0,359,26,0,26,455
05/25/2008,SJC,CA,AWP,WE,Towers with Radar,258,37,38,0,333,0,0,20,0,20,258,37,58,0,353,10,0,10,407
05/26/2008,SJC,CA,AWP,WE,Towers with Radar,317,60,60,0,437,0,0,28,0,28,317,60,88,0,465,56,0,56,611
05/27/2008,SJC,CA,AWP,WE,Towers with Radar,336,82,54,0,472,0,0,60,0,60,336,82,114,0,532,38,0,38,644
05/28/2008,SJC,CA,AWP,WE,Towers with Radar,359,74,63,0,496,0,3,76,0,79,359,77,139,0,575,62,0,62,729
05/29/2008,SJC,CA,AWP,WE,Towers with Radar,339,73,63,0,475,0,0,50,0,50,339,73,113,0,525,32,0,32,646
05/30/2008,SJC,CA,AWP,WE,Towers with Radar,307,71,37,0,415,0,2,55,0,57,307,73,92,0,472,34,0,34,612
05/31/2008,SJC,CA,AWP,WE,Towers with Radar,277,40,38,0,355,0,4,43,0,47,277,44,81,0,402,36,0,36,511
06/01/2008,SJC,CA,AWP,WE,Towers with Radar,335,38,42,0,415,0,0,38,0,38,335,38,80,0,453,18,0,18,523
06/02/2008,SJC,CA,AWP,WE,Towers with Radar,338,72,38,0,448,0,0,36,0,36,338,72,74,0,484,8,0,8,567
06/03/2008,SJC,CA,AWP,WE,Towers with Radar,359,72,56,0,487,0,1,39,0,40,359,73,95,0,527,54,0,54,669
06/04/2008,SJC,CA,AWP,WE,Towers with Radar,341,78,61,0,480,0,0,70,0,70,341,78,131,0,550,24,0,24,672
06/05/2008,SJC,CA,AWP,WE,Towers with Radar,306,86,76,0,468,0,0,51,0,51,306,86,127,0,519,70,0,70,683
06/06/2008,SJC,CA,AWP,WE,Towers with Radar,340,89,56,0,485,0,0,65,0,65,340,89,121,0,550,12,0,12,659
06/07/2008,SJC,CA,AWP,WE,Towers with Radar,277,38,36,0,351,0,0,41,0,41,277,38,77,0,392,104,0,104,550
06/08/2008,SJC,CA,AWP,WE,Towers with Radar,339,59,57,0,455,0,2,40,0,42,339,61,97,0,497,10,0,10,575
06/09/2008,SJC,CA,AWP,WE,Towers with Radar,323,75,50,0,448,0,0,34,0,34,323,75,84,0,482,20,0,20,607
06/10/2008,SJC,CA,AWP,WE,Towers with Radar,326,82,58,0,466,0,0,71,0,71,326,82,129,0,537,88,0,88,729
06/11/2008,SJC,CA,AWP,WE,Towers with Radar,344,78,67,0,489,0,0,48,0,48,344,78,115,0,537,12,0,12,635
06/12/2008,SJC,CA,AWP,WE,Towers with Radar,328,87,56,0,471,0,1,60,0,61,328,88,116,0,532,42,0,42,647
06/13/2008,SJC,CA,AWP,WE,Towers with Radar,327,72,79,0,478,0,2,50,0,52,327,74,129,0,530,52,0,52,659
06/14/2008,SJC,CA,AWP,WE,Towers with Radar,251,52,46,0,349,0,0,40,0,40,251,52,86,0,389,82,0,82,513
06/15/2008,SJC,CA,AWP,WE,Towers with Radar,313,65,53,0,431,0,0,42,0,42,313,65,95,0,473,22,0,22,552
06/16/2008,SJC,CA,AWP,WE,Towers with Radar,341,82,71,0,494,0,0,50,0,50,341,82,121,0,544,42,0,42,655
06/17/2008,SJC,CA,AWP,WE,Towers with Radar,338,75,69,0,482,0,0,65,0,65,338,75,134,0,547,132,0,132,771
06/18/2008,SJC,CA,AWP,WE,Towers with Radar,350,75,51,0,476,0,0,59,0,59,350,75,110,0,535,58,0,58,677
06/19/2008,SJC,CA,AWP,WE,Towers with Radar,322,75,60,0,457,0,0,50,0,50,322,75,110,0,507,26,0,26,613
06/20/2008,SJC,CA,AWP,WE,Towers with Radar,341,80,54,0,475,0,0,43,0,43,341,80,97,0,518,40,0,40,638
06/21/2008,SJC,CA,AWP,WE,Towers with Radar,40,40,0,0,80,233,0,67,0,300,273,40,67,0,380,18,0,18,450
06/22/2008,SJC,CA,AWP,WE,Towers with Radar,329,46,59,0,434,0,0,56,0,56,329,46,115,0,490,114,0,114,657
06/23/2008,SJC,CA,AWP,WE,Towers with Radar,343,75,58,0,476,0,0,34,0,34,343,75,92,0,510,50,0,50,657
06/24/2008,SJC,CA,AWP,WE,Towers with Radar,341,79,74,0,494,0,0,37,0,37,341,79,111,0,531,46,0,46,668
06/25/2008,SJC,CA,AWP,WE,Towers with Radar,344,65,73,0,482,0,0,38,0,38,344,65,111,0,520,142,0,142,772
06/26/2008,SJC,CA,AWP,WE,Towers with Radar,346,68,57,0,471,0,0,27,0,27,346,68,84,0,498,56,0,56,640
06/27/2008,SJC,CA,AWP,WE,Towers with Radar,355,79,61,0,495,0,0,31,0,31,355,79,92,0,526,0,0,0,605
06/28/2008,SJC,CA,AWP,WE,Towers with Radar,270,54,40,1,365,0,2,23,0,25,270,56,63,1,390,108,0,108,554
06/29/2008,SJC,CA,AWP,WE,Towers with Radar,322,55,48,1,426,0,1,29,0,30,322,56,77,1,456,72,0,72,561
06/30/2008,SJC,CA,AWP,WE,Towers with Radar,358,38,52,0,448,0,1,39,0,40,358,39,91,0,488,40,0,40,611
07/01/2008,SJC,CA,AWP,WE,Towers with Radar,339,53,63,0,455,0,0,41,0,41,339,53,104,0,496,12,0,12,508
07/02/2008,SJC,CA,AWP,WE,Towers with Radar,336,43,72,0,451,0,0,65,0,65,336,43,137,0,516,98,0,98,614
07/03/2008,SJC,CA,AWP,WE,Towers with Radar,322,55,52,0,429,0,0,65,0,65,322,55,117,0,494,64,0,64,558
07/04/2008,SJC,CA,AWP,WE,Towers with Radar,242,32,13,0,287,0,0,14,0,14,242,32,27,0,301,22,0,22,323
07/05/2008,SJC,CA,AWP,WE,Towers with Radar,260,35,30,0,325,0,0,27,0,27,260,35,57,0,352,34,0,34,386
07/06/2008,SJC,CA,AWP,WE,Towers with Radar,328,55,70,0,453,0,0,29,0,29,328,55,99,0,482,52,0,52,534
07/07/2008,SJC,CA,AWP,WE,Towers with Radar,331,79,41,0,451,0,0,35,0,35,331,79,76,0,486,22,0,22,508
07/08/2008,SJC,CA,AWP,WE,Towers with Radar,325,70,53,0,448,0,1,44,0,45,325,71,97,0,493,60,0,60,553
07/09/2008,SJC,CA,AWP,WE,Towers with Radar,335,81,62,0,478,0,0,64,0,64,335,81,126,0,542,88,0,88,630
07/10/2008,SJC,CA,AWP,WE,Towers with Radar,329,71,56,0,456,0,0,52,0,52,329,71,108,0,508,80,0,80,588
07/11/2008,SJC,CA,AWP,WE,Towers with Radar,331,79,63,0,473,0,0,33,0,33,331,79,96,0,506,32,0,32,538
07/12/2008,SJC,CA,AWP,WE,Towers with Radar,260,48,42,0,350,0,0,33,0,33,260,48,75,0,383,14,0,14,397
07/13/2008,SJC,CA,AWP,WE,Towers with Radar,327,46,70,0,443,0,0,37,0,37,327,46,107,0,480,10,0,10,490
07/14/2008,SJC,CA,AWP,WE,Towers with Radar,341,69,65,0,475,0,1,32,0,33,341,70,97,0,508,62,0,62,570
07/15/2008,SJC,CA,AWP,WE,Towers with Radar,326,80,48,0,454,0,0,22,0,22,326,80,70,0,476,70,0,70,546
07/16/2008,SJC,CA,AWP,WE,Towers with Radar,340,70,69,0,479,18,0,28,0,46,358,70,97,0,525,0,0,0,525
07/17/2008,SJC,CA,AWP,WE,Towers with Radar,369,89,72,1,531,0,0,78,0,78,369,89,150,1,609,190,0,190,799
07/18/2008,SJC,CA,AWP,WE,Towers with Radar,327,93,49,0,469,0,0,47,0,47,327,93,96,0,516,52,0,52,568
07/19/2008,SJC,CA,AWP,WE,Towers with Radar,267,27,22,0,316,0,0,41,0,41,267,27,63,0,357,38,0,38,395
07/20/2008,SJC,CA,AWP,WE,Towers with Radar,330,51,45,0,426,0,0,40,0,40,330,51,85,0,466,6,0,6,472
07/21/2008,SJC,CA,AWP,WE,Towers with Radar,342,85,66,0,493,0,0,26,0,26,342,85,92,0,519,42,0,42,561
07/22/2008,SJC,CA,AWP,WE,Towers with Radar,324,77,75,0,476,0,0,50,0,50,324,77,125,0,526,52,0,52,578
07/23/2008,SJC,CA,AWP,WE,Towers with Radar,319,53,68,0,440,0,0,51,0,51,319,53,119,0,491,20,0,20,511
07/24/2008,SJC,CA,AWP,WE,Towers with Radar,308,97,74,0,479,0,3,66,0,69,308,100,140,0,548,66,0,66,614
07/25/2008,SJC,CA,AWP,WE,Towers with Radar,344,83,54,0,481,0,0,47,0,47,344,83,101,0,528,30,0,30,558
07/26/2008,SJC,CA,AWP,WE,Towers with Radar,282,35,31,0,348,0,0,47,0,47,282,35,78,0,395,88,0,88,483
07/27/2008,SJC,CA,AWP,WE,Towers with Radar,345,58,49,0,452,0,0,35,0,35,345,58,84,0,487,24,0,24,511
07/28/2008,SJC,CA,AWP,WE,Towers with Radar,348,92,83,0,523,0,0,45,0,45,348,92,128,0,568,66,0,66,634
07/29/2008,SJC,CA,AWP,WE,Towers with Radar,341,55,61,0,457,0,0,42,0,42,341,55,103,0,499,50,0,50,549
07/30/2008,SJC,CA,AWP,WE,Towers with Radar,357,77,47,0,481,0,0,42,0,42,357,77,89,0,523,26,0,26,549
07/31/2008,SJC,CA,AWP,WE,Towers with Radar,320,92,66,0,478,0,0,43,0,43,320,92,109,0,521,2,0,2,523
08/01/2008,SJC,CA,AWP,WE,Towers with Radar,351,63,152,0,566,0,0,100,0,100,351,63,252,0,666,24,0,24,690
08/02/2008,SJC,CA,AWP,WE,Towers with Radar,278,21,49,0,348,0,1,29,2,32,278,22,78,2,380,14,0,14,394
08/03/2008,SJC,CA,AWP,WE,Towers with Radar,323,43,43,0,409,0,0,31,0,31,323,43,74,0,440,6,0,6,446
08/04/2008,SJC,CA,AWP,WE,Towers with Radar,364,52,53,0,469,0,0,38,0,38,364,52,91,0,507,40,0,40,547
08/05/2008,SJC,CA,AWP,WE,Towers with Radar,341,64,64,0,469,0,0,28,0,28,341,64,92,0,497,160,0,160,657
08/06/2008,SJC,CA,AWP,WE,Towers with Radar,328,69,94,0,491,0,0,47,0,47,328,69,141,0,538,108,0,108,646
08/07/2008,SJC,CA,AWP,WE,Towers with Radar,332,59,87,0,478,0,0,44,0,44,332,59,131,0,522,24,0,24,546
08/08/2008,SJC,CA,AWP,WE,Towers with Radar,361,71,79,2,513,0,0,54,0,54,361,71,133,2,567,38,0,38,605
08/09/2008,SJC,CA,AWP,WE,Towers with Radar,298,52,54,0,404,0,1,45,0,46,298,53,99,0,450,98,0,98,548
08/10/2008,SJC,CA,AWP,WE,Towers with Radar,329,56,47,0,432,0,0,58,0,58,329,56,105,0,490,48,0,48,538
08/11/2008,SJC,CA,AWP,WE,Towers with Radar,357,53,45,0,455,0,0,57,0,57,357,53,102,0,512,90,0,90,602
08/12/2008,SJC,CA,AWP,WE,Towers with Radar,358,71,103,0,532,0,0,58,0,58,358,71,161,0,590,54,0,54,644
08/13/2008,SJC,CA,AWP,WE,Towers with Radar,366,49,52,1,468,0,0,55,0,55,366,49,107,1,523,52,0,52,575
08/14/2008,SJC,CA,AWP,WE,Towers with Radar,357,60,65,1,483,0,0,43,0,43,357,60,108,1,526,48,0,48,574
08/15/2008,SJC,CA,AWP,WE,Towers with Radar,340,60,62,0,462,0,0,52,0,52,340,60,114,0,514,54,0,54,568
08/16/2008,SJC,CA,AWP,WE,Towers with Radar,299,35,58,0,392,0,0,38,0,38,299,35,96,0,430,78,0,78,508
08/17/2008,SJC,CA,AWP,WE,Towers with Radar,347,54,53,0,454,0,5,29,0,34,347,59,82,0,488,4,0,4,492
08/18/2008,SJC,CA,AWP,WE,Towers with Radar,381,65,46,0,492,0,0,27,0,27,381,65,73,0,519,10,0,10,529
08/19/2008,SJC,CA,AWP,WE,Towers with Radar,343,75,53,0,471,0,0,42,0,42,343,75,95,0,513,58,0,58,571
08/20/2008,SJC,CA,AWP,WE,Towers with Radar,336,69,83,0,488,0,0,33,0,33,336,69,116,0,521,12,0,12,533
08/21/2008,SJC,CA,AWP,WE,Towers with Radar,320,86,56,0,462,0,0,51,1,52,320,86,107,1,514,38,0,38,552
08/22/2008,SJC,CA,AWP,WE,Towers with Radar,357,79,52,0,488,0,1,58,1,60,357,80,110,1,548,4,0,4,552
08/23/2008,SJC,CA,AWP,WE,Towers with Radar,245,67,29,0,341,0,1,28,0,29,245,68,57,0,370,10,0,10,380
08/24/2008,SJC,CA,AWP,WE,Towers with Radar,329,45,45,0,419,0,0,36,0,36,329,45,81,0,455,28,0,28,483
08/25/2008,SJC,CA,AWP,WE,Towers with Radar,337,68,40,0,445,0,0,52,0,52,337,68,92,0,497,12,0,12,509
08/26/2008,SJC,CA,AWP,WE,Towers with Radar,329,66,40,0,435,0,0,46,0,46,329,66,86,0,481,16,0,16,497
08/27/2008,SJC,CA,AWP,WE,Towers with Radar,354,47,68,0,469,0,0,46,0,46,354,47,114,0,515,38,0,38,553
08/28/2008,SJC,CA,AWP,WE,Towers with Radar,329,77,51,0,457,0,1,49,0,50,329,78,100,0,507,0,0,0,507
08/29/2008,SJC,CA,AWP,WE,Towers with Radar,352,55,84,0,491,0,0,54,0,54,352,55,138,0,545,0,0,0,545
08/30/2008,SJC,CA,AWP,WE,Towers with Radar,238,35,36,0,309,0,0,44,0,44,238,35,80,0,353,82,0,82,435
08/31/2008,SJC,CA,AWP,WE,Towers with Radar,237,40,27,0,304,0,0,28,0,28,237,40,55,0,332,6,0,6,338
09/01/2008,SJC,CA,AWP,WE,Towers with Radar,318,58,40,0,416,0,1,27,0,28,318,59,67,0,444,30,0,30,474
09/02/2008,SJC,CA,AWP,WE,Towers with Radar,324,70,46,0,440,0,0,42,0,42,324,70,88,0,482,58,0,58,540
09/03/2008,SJC,CA,AWP,WE,Towers with Radar,347,58,46,0,451,0,2,57,0,59,347,60,103,0,510,5,0,5,515
09/04/2008,SJC,CA,AWP,WE,Towers with Radar,315,71,54,0,440,0,0,44,0,44,315,71,98,0,484,78,0,78,562
09/05/2008,SJC,CA,AWP,WE,Towers with Radar,305,77,57,0,439,0,1,42,0,43,305,78,99,0,482,40,0,40,522
09/06/2008,SJC,CA,AWP,WE,Towers with Radar,208,40,26,1,275,0,0,38,0,38,208,40,64,1,313,52,0,52,365
09/07/2008,SJC,CA,AWP,WE,Towers with Radar,313,38,39,0,390,0,1,41,0,42,313,39,80,0,432,6,0,6,438
09/08/2008,SJC,CA,AWP,WE,Towers with Radar,332,65,113,0,510,0,0,51,0,51,332,65,164,0,561,32,0,32,593
09/09/2008,SJC,CA,AWP,WE,Towers with Radar,313,63,78,0,454,0,0,39,0,39,313,63,117,0,493,26,0,26,519
09/10/2008,SJC,CA,AWP,WE,Towers with Radar,321,67,77,0,465,0,0,50,0,50,321,67,127,0,515,16,0,16,531
09/11/2008,SJC,CA,AWP,WE,Towers with Radar,343,58,62,0,463,0,1,39,0,40,343,59,101,0,503,40,0,40,543
09/12/2008,SJC,CA,AWP,WE,Towers with Radar,336,76,65,1,478,0,2,57,0,59,336,78,122,1,537,122,0,122,659
09/13/2008,SJC,CA,AWP,WE,Towers with Radar,221,39,27,0,287,0,0,32,0,32,221,39,59,0,319,0,0,0,319
09/14/2008,SJC,CA,AWP,WE,Towers with Radar,316,41,47,0,404,0,0,24,0,24,316,41,71,0,428,10,0,10,438
09/15/2008,SJC,CA,AWP,WE,Towers with Radar,350,73,53,0,476,0,0,29,0,29,350,73,82,0,505,80,0,80,585
09/16/2008,SJC,CA,AWP,WE,Towers with Radar,334,67,79,0,480,0,0,45,0,45,334,67,124,0,525,108,0,108,633
09/17/2008,SJC,CA,AWP,WE,Towers with Radar,319,62,76,0,457,0,0,42,0,42,319,62,118,0,499,58,0,58,557
09/18/2008,SJC,CA,AWP,WE,Towers with Radar,327,85,70,0,482,0,0,43,0,43,327,85,113,0,525,68,0,68,593
09/19/2008,SJC,CA,AWP,WE,Towers with Radar,314,73,68,0,455,0,0,56,0,56,314,73,124,0,511,50,0,50,561
09/20/2008,SJC,CA,AWP,WE,Towers with Radar,215,44,38,0,297,0,0,33,0,33,215,44,71,0,330,10,0,10,340
09/21/2008,SJC,CA,AWP,WE,Towers with Radar,300,47,69,0,416,0,2,25,0,27,300,49,94,0,443,16,0,16,459
09/22/2008,SJC,CA,AWP,WE,Towers with Radar,325,58,46,0,429,0,1,32,0,33,325,59,78,0,462,0,0,0,462
09/23/2008,SJC,CA,AWP,WE,Towers with Radar,326,59,72,0,457,0,1,48,0,49,326,60,120,0,506,30,0,30,536
09/24/2008,SJC,CA,AWP,WE,Towers with Radar,309,74,51,0,434,0,0,68,0,68,309,74,119,0,502,80,0,80,582
09/25/2008,SJC,CA,AWP,WE,Towers with Radar,355,61,69,0,485,0,0,47,0,47,355,61,116,0,532,42,0,42,574
09/26/2008,SJC,CA,AWP,WE,Towers with Radar,364,61,42,0,467,0,0,41,0,41,364,61,83,0,508,24,0,24,532
09/27/2008,SJC,CA,AWP,WE,Towers with Radar,240,41,25,0,306,0,0,42,0,42,240,41,67,0,348,42,0,42,390
09/28/2008,SJC,CA,AWP,WE,Towers with Radar,278,50,37,0,365,0,0,61,1,62,278,50,98,1,427,70,0,70,497
09/29/2008,SJC,CA,AWP,WE,Towers with Radar,323,74,56,0,453,0,0,34,0,34,323,74,90,0,487,42,0,42,529
09/30/2008,SJC,CA,AWP,WE,Towers with Radar,319,50,38,0,407,0,1,45,0,46,319,51,83,0,453,30,0,30,483
10/01/2008,SJC,CA,AWP,WE,Towers with Radar,335,60,63,0,458,0,0,46,0,46,335,60,109,0,504,26,0,26,530
10/02/2008,SJC,CA,AWP,WE,Towers with Radar,324,67,76,0,467,0,0,33,0,33,324,67,109,0,500,66,0,66,566
10/03/2008,SJC,CA,AWP,WE,Towers with Radar,339,71,59,0,469,0,1,46,0,47,339,72,105,0,516,70,0,70,586
10/04/2008,SJC,CA,AWP,WE,Towers with Radar,217,43,36,0,296,0,0,4,0,4,217,43,40,0,300,18,0,18,318
10/05/2008,SJC,CA,AWP,WE,Towers with Radar,309,51,36,0,396,0,0,52,0,52,309,51,88,0,448,128,0,128,576
10/06/2008,SJC,CA,AWP,WE,Towers with Radar,334,57,53,0,444,0,0,30,0,30,334,57,83,0,474,10,0,10,484
10/07/2008,SJC,CA,AWP,WE,Towers with Radar,331,58,54,0,443,0,0,42,3,45,331,58,96,3,488,38,0,38,526
10/08/2008,SJC,CA,AWP,WE,Towers with Radar,338,59,98,0,495,0,0,44,0,44,338,59,142,0,539,30,0,30,569
10/09/2008,SJC,CA,AWP,WE,Towers with Radar,331,60,57,0,448,0,0,48,0,48,331,60,105,0,496,24,0,24,520
10/10/2008,SJC,CA,AWP,WE,Towers with Radar,328,74,62,0,464,0,0,36,0,36,328,74,98,0,500,12,0,12,512
10/11/2008,SJC,CA,AWP,WE,Towers with Radar,228,33,36,0,297,0,0,32,0,32,228,33,68,0,329,18,0,18,347
10/12/2008,SJC,CA,AWP,WE,Towers with Radar,303,61,54,0,418,0,0,40,0,40,303,61,94,0,458,38,0,38,496
10/13/2008,SJC,CA,AWP,WE,Towers with Radar,338,75,40,0,453,0,0,31,0,31,338,75,71,0,484,0,0,0,484
10/14/2008,SJC,CA,AWP,WE,Towers with Radar,331,58,109,3,501,0,1,51,2,54,331,59,160,5,555,32,0,32,587
10/15/2008,SJC,CA,AWP,WE,Towers with Radar,312,61,56,0,429,0,0,52,25,77,312,61,108,25,506,30,0,30,536
10/16/2008,SJC,CA,AWP,WE,Towers with Radar,314,79,57,0,450,0,0,64,0,64,314,79,121,0,514,88,0,88,602
10/17/2008,SJC,CA,AWP,WE,Towers with Radar,330,72,67,0,469,0,0,47,0,47,330,72,114,0,516,44,0,44,560
10/18/2008,SJC,CA,AWP,WE,Towers with Radar,216,35,25,0,276,0,1,35,0,36,216,36,60,0,312,24,0,24,336
10/19/2008,SJC,CA,AWP,WE,Towers with Radar,304,50,57,0,411,0,0,29,0,29,304,50,86,0,440,60,0,60,500
10/20/2008,SJC,CA,AWP,WE,Towers with Radar,331,64,41,0,436,0,0,52,0,52,331,64,93,0,488,44,0,44,532
10/21/2008,SJC,CA,AWP,WE,Towers with Radar,316,68,107,1,492,0,0,50,1,51,316,68,157,2,543,40,0,40,583
10/22/2008,SJC,CA,AWP,WE,Towers with Radar,318,74,107,0,499,0,0,59,0,59,318,74,166,0,558,18,0,18,576
10/23/2008,SJC,CA,AWP,WE,Towers with Radar,349,72,48,0,469,0,0,75,0,75,349,72,123,0,544,130,0,130,674
10/24/2008,SJC,CA,AWP,WE,Towers with Radar,328,64,54,0,446,0,1,58,0,59,328,65,112,0,505,78,0,78,583
10/25/2008,SJC,CA,AWP,WE,Towers with Radar,227,36,33,0,296,0,0,43,0,43,227,36,76,0,339,32,0,32,371
10/26/2008,SJC,CA,AWP,WE,Towers with Radar,282,66,63,0,411,0,0,35,0,35,282,66,98,0,446,48,0,48,494
10/27/2008,SJC,CA,AWP,WE,Towers with Radar,315,35,54,0,404,0,0,30,0,30,315,35,84,0,434,12,0,12,446
10/28/2008,SJC,CA,AWP,WE,Towers with Radar,300,65,81,0,446,0,0,31,0,31,300,65,112,0,477,38,0,38,515
10/29/2008,SJC,CA,AWP,WE,Towers with Radar,334,48,62,0,444,0,0,37,0,37,334,48,99,0,481,28,0,28,509
10/30/2008,SJC,CA,AWP,WE,Towers with Radar,310,58,78,0,446,0,0,30,0,30,310,58,108,0,476,4,0,4,480
10/31/2008,SJC,CA,AWP,WE,Towers with Radar,319,54,52,0,425,0,0,15,0,15,319,54,67,0,440,6,0,6,446
11/01/2008,SJC,CA,AWP,WE,Towers with Radar,245,17,36,0,298,0,0,4,0,4,245,17,40,0,302,36,0,36,338
11/02/2008,SJC,CA,AWP,WE,Towers with Radar,295,42,43,0,380,0,0,15,0,15,295,42,58,0,395,42,0,42,437
11/03/2008,SJC,CA,AWP,WE,Towers with Radar,319,51,51,1,422,0,0,13,2,15,319,51,64,3,437,98,0,98,535
11/04/2008,SJC,CA,AWP,WE,Towers with Radar,303,48,196,0,547,0,1,102,0,103,303,49,298,0,650,48,0,48,698
11/05/2008,SJC,CA,AWP,WE,Towers with Radar,341,77,75,0,493,0,0,91,0,91,341,77,166,0,584,26,0,26,610
11/06/2008,SJC,CA,AWP,WE,Towers with Radar,326,74,139,0,539,0,0,206,0,206,326,74,345,0,745,62,0,62,807
11/07/2008,SJC,CA,AWP,WE,Towers with Radar,334,64,106,1,505,0,0,338,1,339,334,64,444,2,844,90,0,90,934
11/08/2008,SJC,CA,AWP,WE,Towers with Radar,267,34,141,5,447,0,0,114,0,114,267,34,255,5,561,30,0,30,591
11/09/2008,SJC,CA,AWP,WE,Towers with Radar,289,38,112,0,439,0,0,124,0,124,289,38,236,0,563,64,0,64,627
11/10/2008,SJC,CA,AWP,WE,Towers with Radar,333,52,43,0,428,0,0,36,0,36,333,52,79,0,464,40,0,40,504
11/11/2008,SJC,CA,AWP,WE,Towers with Radar,318,56,64,1,439,0,0,31,0,31,318,56,95,1,470,36,0,36,506
11/12/2008,SJC,CA,AWP,WE,Towers with Radar,328,50,56,0,434,0,0,27,0,27,328,50,83,0,461,8,0,8,469
11/13/2008,SJC,CA,AWP,WE,Towers with Radar,299,57,62,0,418,0,1,48,0,49,299,58,110,0,467,38,0,38,505
11/14/2008,SJC,CA,AWP,WE,Towers with Radar,326,49,60,0,435,0,0,55,0,55,326,49,115,0,490,20,0,20,510
11/15/2008,SJC,CA,AWP,WE,Towers with Radar,226,16,63,0,305,0,0,49,0,49,226,16,112,0,354,68,0,68,422
11/16/2008,SJC,CA,AWP,WE,Towers with Radar,289,33,40,0,362,0,0,59,0,59,289,33,99,0,421,22,0,22,443
11/17/2008,SJC,CA,AWP,WE,Towers with Radar,318,42,39,0,399,0,1,46,0,47,318,43,85,0,446,30,0,30,476
11/18/2008,SJC,CA,AWP,WE,Towers with Radar,310,52,59,0,421,0,0,59,0,59,310,52,118,0,480,28,0,28,508
11/19/2008,SJC,CA,AWP,WE,Towers with Radar,323,43,84,0,450,0,0,27,0,27,323,43,111,0,477,20,0,20,497
11/20/2008,SJC,CA,AWP,WE,Towers with Radar,324,50,77,0,451,0,0,23,0,23,324,50,100,0,474,10,0,10,484
11/21/2008,SJC,CA,AWP,WE,Towers with Radar,304,52,60,0,416,0,0,49,1,50,304,52,109,1,466,20,0,20,486
11/22/2008,SJC,CA,AWP,WE,Towers with Radar,213,19,63,0,295,0,0,35,0,35,213,19,98,0,330,80,0,80,410
11/23/2008,SJC,CA,AWP,WE,Towers with Radar,283,43,18,0,344,0,0,36,0,36,283,43,54,0,380,78,0,78,458
11/24/2008,SJC,CA,AWP,WE,Towers with Radar,310,45,37,0,392,0,0,38,0,38,310,45,75,0,430,66,0,66,496
11/25/2008,SJC,CA,AWP,WE,Towers with Radar,329,55,57,0,441,0,0,27,1,28,329,55,84,1,469,44,0,44,513
11/26/2008,SJC,CA,AWP,WE,Towers with Radar,350,44,64,0,458,0,0,15,0,15,350,44,79,0,473,0,0,0,473
11/27/2008,SJC,CA,AWP,WE,Towers with Radar,215,18,28,0,261,0,0,5,0,5,215,18,33,0,266,0,0,0,266
11/28/2008,SJC,CA,AWP,WE,Towers with Radar,269,21,27,0,317,0,0,7,0,7,269,21,34,0,324,14,0,14,338
11/29/2008,SJC,CA,AWP,WE,Towers with Radar,258,32,43,0,333,0,0,29,0,29,258,32,72,0,362,40,0,40,402
11/30/2008,SJC,CA,AWP,WE,Towers with Radar,311,56,77,0,444,0,0,44,0,44,311,56,121,0,488,16,0,16,504
12/01/2008,SJC,CA,AWP,WE,Towers with Radar,282,82,52,0,416,1,1,6,0,8,283,83,58,0,424,0,0,0,424
12/02/2008,SJC,CA,AWP,WE,Towers with Radar,284,100,46,0,430,1,0,49,6,56,285,100,95,6,486,32,0,32,518
12/03/2008,SJC,CA,AWP,WE,Towers with Radar,245,88,67,0,400,3,3,47,3,56,248,91,114,3,456,16,0,16,472
12/04/2008,SJC,CA,AWP,WE,Towers with Radar,259,93,61,0,413,2,2,75,2,81,261,95,136,2,494,36,0,36,530
12/05/2008,SJC,CA,AWP,WE,Towers with Radar,274,97,52,0,423,1,0,100,2,103,275,97,152,2,526,76,0,76,602
12/06/2008,SJC,CA,AWP,WE,Towers with Radar,177,45,25,0,247,0,1,115,0,116,177,46,140,0,363,106,0,106,469
12/07/2008,SJC,CA,AWP,WE,Towers with Radar,230,75,38,1,344,0,0,61,3,64,230,75,99,4,408,42,0,42,450
12/08/2008,SJC,CA,AWP,WE,Towers with Radar,269,97,54,0,420,0,1,24,0,25,269,98,78,0,445,10,0,10,455
12/09/2008,SJC,CA,AWP,WE,Towers with Radar,267,103,61,0,431,0,0,58,0,58,267,103,119,0,489,10,0,10,499
12/10/2008,SJC,CA,AWP,WE,Towers with Radar,254,93,43,0,390,0,1,100,0,101,254,94,143,0,491,64,0,64,555
12/11/2008,SJC,CA,AWP,WE,Towers with Radar,268,92,53,0,413,0,4,97,0,101,268,96,150,0,514,66,0,66,580
12/12/2008,SJC,CA,AWP,WE,Towers with Radar,263,80,56,0,399,0,1,60,0,61,263,81,116,0,460,34,0,34,494
12/13/2008,SJC,CA,AWP,WE,Towers with Radar,180,52,23,0,255,0,0,22,0,22,180,52,45,0,277,6,0,6,283
12/14/2008,SJC,CA,AWP,WE,Towers with Radar,217,65,25,0,307,0,2,18,0,20,217,67,43,0,327,16,0,16,343
12/15/2008,SJC,CA,AWP,WE,Towers with Radar,254,79,41,0,374,0,0,25,6,31,254,79,66,6,405,10,0,10,415
12/16/2008,SJC,CA,AWP,WE,Towers with Radar,262,87,51,1,401,0,2,27,0,29,262,89,78,1,430,18,0,18,448
12/17/2008,SJC,CA,AWP,WE,Towers with Radar,248,95,46,0,389,0,0,55,0,55,248,95,101,0,444,20,0,20,464
12/18/2008,SJC,CA,AWP,WE,Towers with Radar,272,86,45,0,403,0,0,61,0,61,272,86,106,0,464,36,0,36,500
12/19/2008,SJC,CA,AWP,WE,Towers with Radar,280,93,71,0,444,1,0,22,0,23,281,93,93,0,467,26,0,26,493
12/20/2008,SJC,CA,AWP,WE,Towers with Radar,207,73,27,0,307,0,4,57,5,66,207,77,84,5,373,56,0,56,429
12/21/2008,SJC,CA,AWP,WE,Towers with Radar,209,65,35,0,309,0,0,40,0,40,209,65,75,0,349,62,0,62,411
12/22/2008,SJC,CA,AWP,WE,Towers with Radar,226,69,49,0,344,0,0,26,0,26,226,69,75,0,370,20,0,20,390
12/23/2008,SJC,CA,AWP,WE,Towers with Radar,264,66,29,0,359,0,0,19,0,19,264,66,48,0,378,0,0,0,378
12/24/2008,SJC,CA,AWP,WE,Towers with Radar,239,73,23,0,335,0,4,27,4,35,239,77,50,4,370,32,0,32,402
12/25/2008,SJC,CA,AWP,WE,Towers with Radar,206,57,12,0,275,0,0,1,2,3,206,57,13,2,278,0,0,0,278
12/26/2008,SJC,CA,AWP,WE,Towers with Radar,257,74,52,0,383,0,5,46,2,53,257,79,98,2,436,6,0,6,442
12/27/2008,SJC,CA,AWP,WE,Towers with Radar,247,61,50,0,358,0,1,54,0,55,247,62,104,0,413,52,0,52,465
12/28/2008,SJC,CA,AWP,WE,Towers with Radar,251,59,47,0,357,0,0,36,0,36,251,59,83,0,393,40,0,40,433
12/29/2008,SJC,CA,AWP,WE,Towers with Radar,269,58,29,0,356,0,1,101,2,104,269,59,130,2,460,28,0,28,488
12/30/2008,SJC,CA,AWP,WE,Towers with Radar,281,60,56,0,397,0,3,36,0,39,281,63,92,0,436,32,0,32,468
12/31/2008,SJC,CA,AWP,WE,Towers with Radar,231,52,34,0,317,0,2,24,0,26,231,54,58,0,343,16,0,16,359
01/01/2009,SJC,CA,AWP,WE,Towers with Radar,219,57,24,0,300,0,0,8,1,9,219,57,32,1,309,0,0,0,309
01/02/2009,SJC,CA,AWP,WE,Towers with Radar,264,73,42,0,379,0,0,12,0,12,264,73,54,0,391,4,0,4,395
01/03/2009,SJC,CA,AWP,WE,Towers with Radar,239,64,58,0,361,0,2,61,0,63,239,66,119,0,424,42,0,42,466
01/04/2009,SJC,CA,AWP,WE,Towers with Radar,242,67,61,0,370,0,5,58,1,64,242,72,119,1,434,18,0,18,452
01/05/2009,SJC,CA,AWP,WE,Towers with Radar,285,87,46,0,418,0,0,23,1,24,285,87,69,1,442,0,0,0,442
01/06/2009,SJC,CA,AWP,WE,Towers with Radar,267,92,51,0,410,0,0,63,0,63,267,92,114,0,473,32,0,32,505
01/07/2009,SJC,CA,AWP,WE,Towers with Radar,273,91,67,0,431,0,0,36,5,41,273,91,103,5,472,0,0,0,472
01/08/2009,SJC,CA,AWP,WE,Towers with Radar,270,102,59,0,431,0,0,11,0,11,270,102,70,0,442,26,0,26,468
01/09/2009,SJC,CA,AWP,WE,Towers with Radar,248,82,36,0,366,0,0,43,2,45,248,82,79,2,411,0,0,0,411
01/10/2009,SJC,CA,AWP,WE,Towers with Radar,182,60,29,0,271,0,2,43,4,49,182,62,72,4,320,60,0,60,380
01/11/2009,SJC,CA,AWP,WE,Towers with Radar,218,70,27,0,315,0,1,60,1,62,218,71,87,1,377,40,0,40,417
01/12/2009,SJC,CA,AWP,WE,Towers with Radar,264,80,30,0,374,0,1,30,1,32,264,81,60,1,406,28,0,28,434
01/13/2009,SJC,CA,AWP,WE,Towers with Radar,268,81,41,0,390,0,0,27,2,29,268,81,68,2,419,14,0,14,433
01/14/2009,SJC,CA,AWP,WE,Towers with Radar,271,90,38,0,399,0,0,32,1,33,271,90,70,1,432,38,0,38,470
01/15/2009,SJC,CA,AWP,WE,Towers with Radar,266,101,57,0,424,0,0,48,2,50,266,101,105,2,474,16,0,16,490
01/16/2009,SJC,CA,AWP,WE,Towers with Radar,264,107,48,0,419,0,2,60,0,62,264,109,108,0,481,20,0,20,501
01/17/2009,SJC,CA,AWP,WE,Towers with Radar,191,48,31,4,274,0,1,21,1,23,191,49,52,5,297,92,0,92,389
01/18/2009,SJC,CA,AWP,WE,Towers with Radar,217,56,25,3,301,0,0,32,1,33,217,56,57,4,334,66,0,66,400
01/19/2009,SJC,CA,AWP,WE,Towers with Radar,268,120,35,1,424,0,2,40,0,42,268,122,75,1,466,64,0,64,530
01/20/2009,SJC,CA,AWP,WE,Towers with Radar,277,89,36,0,402,0,2,31,3,36,277,91,67,3,438,32,0,32,470
01/21/2009,SJC,CA,AWP,WE,Towers with Radar,271,93,38,0,402,0,1,16,0,17,271,94,54,0,419,36,0,36,455
01/22/2009,SJC,CA,AWP,WE,Towers with Radar,271,103,53,1,428,0,0,3,0,3,271,103,56,1,431,0,0,0,431
01/23/2009,SJC,CA,AWP,WE,Towers with Radar,268,92,50,0,410,0,0,0,0,0,268,92,50,0,410,0,0,0,410
01/24/2009,SJC,CA,AWP,WE,Towers with Radar,180,54,32,0,266,0,1,4,5,10,180,55,36,5,276,46,0,46,322
01/25/2009,SJC,CA,AWP,WE,Towers with Radar,227,69,47,4,347,0,0,7,1,8,227,69,54,5,355,22,0,22,377
01/26/2009,SJC,CA,AWP,WE,Towers with Radar,275,90,33,0,398,0,0,25,0,25,275,90,58,0,423,58,0,58,481
01/27/2009,SJC,CA,AWP,WE,Towers with Radar,266,101,41,0,408,0,0,27,2,29,266,101,68,2,437,42,0,42,479
01/28/2009,SJC,CA,AWP,WE,Towers with Radar,261,97,33,0,391,0,0,39,1,40,261,97,72,1,431,44,0,44,475
01/29/2009,SJC,CA,AWP,WE,Towers with Radar,273,101,54,0,428,0,1,29,0,30,273,102,83,0,458,52,0,52,510
01/30/2009,SJC,CA,AWP,WE,Towers with Radar,264,95,45,0,404,0,0,35,1,36,264,95,80,1,440,36,0,36,476
01/31/2009,SJC,CA,AWP,WE,Towers with Radar,182,46,14,0,242,0,1,29,1,31,182,47,43,1,273,8,0,8,281
02/01/2009,SJC,CA,AWP,WE,Towers with Radar,224,74,35,0,333,0,0,22,2,24,224,74,57,2,357,2,0,2,359
02/02/2009,SJC,CA,AWP,WE,Towers with Radar,266,89,42,0,397,0,0,29,2,31,266,89,71,2,428,8,0,8,436
02/03/2009,SJC,CA,AWP,WE,Towers with Radar,262,92,33,0,387,0,0,26,4,30,262,92,59,4,417,22,0,22,439
02/04/2009,SJC,CA,AWP,WE,Towers with Radar,269,92,31,0,392,0,2,25,2,29,269,94,56,2,421,56,0,56,477
02/05/2009,SJC,CA,AWP,WE,Towers with Radar,267,95,38,0,400,0,1,7,0,8,267,96,45,0,408,0,0,0,408
02/06/2009,SJC,CA,AWP,WE,Towers with Radar,274,94,49,0,417,0,0,3,3,6,274,94,52,3,423,0,0,0,423
02/07/2009,SJC,CA,AWP,WE,Towers with Radar,177,57,18,0,252,0,0,12,0,12,177,57,30,0,264,77,0,77,341
02/08/2009,SJC,CA,AWP,WE,Towers with Radar,229,76,49,0,354,0,0,13,2,15,229,76,62,2,369,66,0,66,435
02/09/2009,SJC,CA,AWP,WE,Towers with Radar,261,85,42,0,388,0,0,7,0,7,261,85,49,0,395,0,0,0,395
02/10/2009,SJC,CA,AWP,WE,Towers with Radar,257,91,50,0,398,0,0,29,3,32,257,91,79,3,430,36,0,36,466
02/11/2009,SJC,CA,AWP,WE,Towers with Radar,269,88,56,0,413,0,1,4,0,5,269,89,60,0,418,6,0,6,424
02/12/2009,SJC,CA,AWP,WE,Towers with Radar,265,109,60,0,434,0,0,16,0,16,265,109,76,0,450,24,0,24,474
02/13/2009,SJC,CA,AWP,WE,Towers with Radar,270,94,49,0,413,0,0,4,1,5,270,94,53,1,418,32,0,32,450
02/14/2009,SJC,CA,AWP,WE,Towers with Radar,191,59,25,0,275,0,1,8,0,9,191,60,33,0,284,58,0,58,342
02/15/2009,SJC,CA,AWP,WE,Towers with Radar,219,71,34,0,324,0,0,0,0,0,219,71,34,0,324,0,0,0,324
02/16/2009,SJC,CA,AWP,WE,Towers with Radar,268,71,45,0,384,0,0,10,0,10,268,71,55,0,394,6,0,6,400
02/17/2009,SJC,CA,AWP,WE,Towers with Radar,267,102,42,0,411,0,0,3,2,5,267,102,45,2,416,0,0,0,416
02/18/2009,SJC,CA,AWP,WE,Towers with Radar,272,91,66,0,429,0,0,32,0,32,272,91,98,0,461,32,0,32,493
02/19/2009,SJC,CA,AWP,WE,Towers with Radar,272,100,40,0,412,0,1,40,2,43,272,101,80,2,455,100,0,100,555
02/20/2009,SJC,CA,AWP,WE,Towers with Radar,267,94,61,0,422,0,1,41,0,42,267,95,102,0,464,34,0,34,498
02/21/2009,SJC,CA,AWP,WE,Towers with Radar,191,67,39,0,297,0,0,20,0,20,191,67,59,0,317,108,0,108,425
02/22/2009,SJC,CA,AWP,WE,Towers with Radar,233,97,39,0,369,0,0,3,1,4,233,97,42,1,373,24,0,24,397
02/23/2009,SJC,CA,AWP,WE,Towers with Radar,263,90,39,0,392,0,0,4,0,4,263,90,43,0,396,10,0,10,406
02/24/2009,SJC,CA,AWP,WE,Towers with Radar,264,82,40,0,386,0,1,11,5,17,264,83,51,5,403,28,0,28,431
02/25/2009,SJC,CA,AWP,WE,Towers with Radar,269,98,60,0,427,0,1,14,0,15,269,99,74,0,442,24,0,24,466
02/26/2009,SJC,CA,AWP,WE,Towers with Radar,275,103,43,0,421,0,0,10,1,11,275,103,53,1,432,8,0,8,440
02/27/2009,SJC,CA,AWP,WE,Towers with Radar,266,89,48,0,403,0,1,53,0,54,266,90,101,0,457,68,0,68,525
02/28/2009,SJC,CA,AWP,WE,Towers with Radar,187,46,19,0,252,0,2,19,0,21,187,48,38,0,273,118,0,118,391
03/01/2009,SJC,CA,AWP,WE,Towers with Radar,230,70,32,0,332,0,0,11,0,11,230,70,43,0,343,40,0,40,383
03/02/2009,SJC,CA,AWP,WE,Towers with Radar,256,93,52,0,401,0,0,5,0,5,256,93,57,0,406,2,0,2,408
03/03/2009,SJC,CA,AWP,WE,Towers with Radar,261,95,35,0,391,0,0,2,0,2,261,95,37,0,393,6,0,6,399
03/04/2009,SJC,CA,AWP,WE,Towers with Radar,275,92,59,0,426,0,0,17,0,17,275,92,76,0,443,30,0,30,473
03/05/2009,SJC,CA,AWP,WE,Towers with Radar,267,101,63,0,431,0,0,9,1,10,267,101,72,1,441,26,0,26,467
03/06/2009,SJC,CA,AWP,WE,Towers with Radar,269,91,40,0,400,0,0,23,0,23,269,91,63,0,423,26,0,26,449
03/07/2009,SJC,CA,AWP,WE,Towers with Radar,183,46,35,0,264,0,6,42,2,50,183,52,77,2,314,50,0,50,364
03/08/2009,SJC,CA,AWP,WE,Towers with Radar,236,68,41,0,345,0,0,20,1,21,236,68,61,1,366,36,0,36,402
03/09/2009,SJC,CA,AWP,WE,Towers with Radar,257,84,56,0,397,0,1,37,0,38,257,85,93,0,435,26,0,26,461
03/10/2009,SJC,CA,AWP,WE,Towers with Radar,264,102,45,0,411,0,0,43,1,44,264,102,88,1,455,18,0,18,473
03/11/2009,SJC,CA,AWP,WE,Towers with Radar,267,86,50,0,403,0,0,46,1,47,267,86,96,1,450,56,0,56,506
03/12/2009,SJC,CA,AWP,WE,Towers with Radar,267,96,48,0,411,0,0,49,0,49,267,96,97,0,460,54,0,54,514
03/13/2009,SJC,CA,AWP,WE,Towers with Radar,259,93,58,0,410,0,0,25,0,25,259,93,83,0,435,26,0,26,461
03/14/2009,SJC,CA,AWP,WE,Towers with Radar,186,49,27,0,262,0,0,9,0,9,186,49,36,0,271,96,0,96,367
03/15/2009,SJC,CA,AWP,WE,Towers with Radar,241,57,52,0,350,0,0,9,1,10,241,57,61,1,360,2,0,2,362
03/16/2009,SJC,CA,AWP,WE,Towers with Radar,254,87,44,0,385,0,2,17,1,20,254,89,61,1,405,4,0,4,409
03/17/2009,SJC,CA,AWP,WE,Towers with Radar,260,87,72,0,419,0,0,38,0,38,260,87,110,0,457,62,0,62,519
03/18/2009,SJC,CA,AWP,WE,Towers with Radar,262,89,50,0,401,0,0,22,0,22,262,89,72,0,423,80,0,80,503
03/19/2009,SJC,CA,AWP,WE,Towers with Radar,266,100,63,0,429,0,0,46,1,47,266,100,109,1,476,86,0,86,562
03/20/2009,SJC,CA,AWP,WE,Towers with Radar,261,92,64,0,417,0,0,20,2,22,261,92,84,2,439,54,0,54,493
03/21/2009,SJC,CA,AWP,WE,Towers with Radar,189,48,29,0,266,0,1,12,2,15,189,49,41,2,281,64,0,64,345
03/22/2009,SJC,CA,AWP,WE,Towers with Radar,245,66,50,1,362,0,0,3,1,4,245,66,53,2,366,12,0,12,378
03/23/2009,SJC,CA,AWP,WE,Towers with Radar,259,88,29,0,376,0,1,34,3,38,259,89,63,3,414,46,0,46,460
03/24/2009,SJC,CA,AWP,WE,Towers with Radar,265,80,36,0,381,0,0,38,1,39,265,80,74,1,420,20,0,20,440
03/25/2009,SJC,CA,AWP,WE,Towers with Radar,263,77,50,0,390,0,1,40,0,41,263,78,90,0,431,26,0,26,457
03/26/2009,SJC,CA,AWP,WE,Towers with Radar,253,92,41,0,386,0,0,26,1,27,253,92,67,1,413,24,0,24,437
03/27/2009,SJC,CA,AWP,WE,Towers with Radar,263,89,31,0,383,0,2,64,0,66,263,91,95,0,449,88,0,88,537
03/28/2009,SJC,CA,AWP,WE,Towers with Radar,187,57,30,0,274,0,1,40,0,41,187,58,70,0,315,30,0,30,345
03/29/2009,SJC,CA,AWP,WE,Towers with Radar,237,74,31,0,342,0,0,28,0,28,237,74,59,0,370,42,0,42,412
03/30/2009,SJC,CA,AWP,WE,Towers with Radar,259,88,25,0,372,0,0,26,1,27,259,88,51,1,399,2,0,2,401
03/31/2009,SJC,CA,AWP,WE,Towers with Radar,263,88,34,0,385,0,2,43,1,46,263,90,77,1,431,0,0,0,431
04/01/2009,SJC,CA,AWP,WE,Towers with Radar,262,84,50,0,396,0,0,31,2,33,262,84,81,2,429,40,0,40,469
04/02/2009,SJC,CA,AWP,WE,Towers with Radar,267,86,49,0,402,0,0,26,0,26,267,86,75,0,428,14,0,14,442
04/03/2009,SJC,CA,AWP,WE,Towers with Radar,262,81,58,1,402,0,2,27,1,30,262,83,85,2,432,50,0,50,482
04/04/2009,SJC,CA,AWP,WE,Towers with Radar,191,56,22,0,269,0,0,28,0,28,191,56,50,0,297,86,0,86,383
04/05/2009,SJC,CA,AWP,WE,Towers with Radar,236,69,35,0,340,0,1,24,5,30,236,70,59,5,370,94,0,94,464
04/06/2009,SJC,CA,AWP,WE,Towers with Radar,261,87,32,0,380,0,0,33,2,35,261,87,65,2,415,74,0,74,489
04/07/2009,SJC,CA,AWP,WE,Towers with Radar,262,82,57,0,401,0,0,9,1,10,262,82,66,1,411,60,0,60,471
04/08/2009,SJC,CA,AWP,WE,Towers with Radar,262,95,49,0,406,0,0,16,0,16,262,95,65,0,422,106,0,106,528
04/09/2009,SJC,CA,AWP,WE,Towers with Radar,278,90,63,0,431,0,0,7,0,7,278,90,70,0,438,68,0,68,506
04/10/2009,SJC,CA,AWP,WE,Towers with Radar,266,79,46,0,391,0,0,11,3,14,266,79,57,3,405,98,0,98,503
04/11/2009,SJC,CA,AWP,WE,Towers with Radar,188,47,45,0,280,0,0,17,0,17,188,47,62,0,297,90,0,90,387
04/12/2009,SJC,CA,AWP,WE,Towers with Radar,237,64,41,0,342,0,2,26,1,29,237,66,67,1,371,10,0,10,381
04/13/2009,SJC,CA,AWP,WE,Towers with Radar,269,92,45,0,406,1,2,40,0,43,270,94,85,0,449,68,0,68,517
04/14/2009,SJC,CA,AWP,WE,Towers with Radar,264,88,34,0,386,0,2,15,3,20,264,90,49,3,406,0,0,0,406
04/15/2009,SJC,CA,AWP,WE,Towers with Radar,266,91,55,0,412,0,1,24,1,26,266,92,79,1,438,36,0,36,474
04/16/2009,SJC,CA,AWP,WE,Towers with Radar,265,102,47,0,414,0,0,35,1,36,265,102,82,1,450,78,0,78,528
04/17/2009,SJC,CA,AWP,WE,Towers with Radar,254,86,45,0,385,0,0,40,1,41,254,86,85,1,426,88,0,88,514
04/18/2009,SJC,CA,AWP,WE,Towers with Radar,195,45,31,0,271,0,0,39,1,40,195,45,70,1,311,180,0,180,491
04/19/2009,SJC,CA,AWP,WE,Towers with Radar,238,59,42,0,339,1,2,52,1,56,239,61,94,1,395,66,0,66,461
04/20/2009,SJC,CA,AWP,WE,Towers with Radar,263,95,45,0,403,0,1,38,2,41,263,96,83,2,444,26,0,26,470
04/21/2009,SJC,CA,AWP,WE,Towers with Radar,259,91,47,0,397,0,0,43,3,46,259,91,90,3,443,17,0,17,460
04/22/2009,SJC,CA,AWP,WE,Towers with Radar,256,92,32,0,380,0,0,55,3,58,256,92,87,3,438,62,0,62,500
04/23/2009,SJC,CA,AWP,WE,Towers with Radar,265,91,55,0,411,0,1,18,2,21,265,92,73,2,432,68,0,68,500
04/24/2009,SJC,CA,AWP,WE,Towers with Radar,261,96,58,0,415,1,1,34,1,37,262,97,92,1,452,58,0,58,510
04/25/2009,SJC,CA,AWP,WE,Towers with Radar,193,47,25,0,265,0,0,28,0,28,193,47,53,0,293,42,0,42,335
04/26/2009,SJC,CA,AWP,WE,Towers with Radar,240,72,63,0,375,1,0,41,1,43,241,72,104,1,418,66,0,66,484
04/27/2009,SJC,CA,AWP,WE,Towers with Radar,264,79,49,0,392,0,0,17,1,18,264,79,66,1,410,36,0,36,446
04/28/2009,SJC,CA,AWP,WE,Towers with Radar,253,86,63,0,402,0,0,25,4,29,253,86,88,4,431,54,0,54,485
04/29/2009,SJC,CA,AWP,WE,Towers with Radar,256,90,51,0,397,0,3,45,0,48,256,93,96,0,445,54,0,54,499
04/30/2009,SJC,CA,AWP,WE,Towers with Radar,282,88,58,0,428,0,2,46,3,51,282,90,104,3,479,52,0,52,531
05/01/2009,SJC,CA,AWP,WE,Towers with Radar,279,94,62,0,435,0,0,13,2,15,279,94,75,2,450,34,0,34,484
05/02/2009,SJC,CA,AWP,WE,Towers with Radar,181,52,32,0,265,0,0,8,0,8,181,52,40,0,273,60,0,60,333
05/03/2009,SJC,CA,AWP,WE,Towers with Radar,238,72,71,0,381,0,1,7,0,8,238,73,78,0,389,74,0,74,463
05/04/2009,SJC,CA,AWP,WE,Towers with Radar,255,88,42,0,385,0,1,9,7,17,255,89,51,7,402,0,0,0,402
05/05/2009,SJC,CA,AWP,WE,Towers with Radar,254,96,50,0,400,0,0,13,1,14,254,96,63,1,414,50,0,50,464
05/06/2009,SJC,CA,AWP,WE,Towers with Radar,261,93,63,0,417,0,0,23,0,23,261,93,86,0,440,64,0,64,504
05/07/2009,SJC,CA,AWP,WE,Towers with Radar,264,91,51,0,406,0,0,32,5,37,264,91,83,5,443,20,0,20,463
05/08/2009,SJC,CA,AWP,WE,Towers with Radar,261,81,55,0,397,0,2,37,0,39,261,83,92,0,436,82,0,82,518
05/09/2009,SJC,CA,AWP,WE,Towers with Radar,187,44,29,0,260,0,2,40,0,42,187,46,69,0,302,90,0,90,392
05/10/2009,SJC,CA,AWP,WE,Towers with Radar,229,66,42,0,337,0,3,42,2,47,229,69,84,2,384,28,0,28,412
05/11/2009,SJC,CA,AWP,WE,Towers with Radar,258,80,34,0,372,0,0,43,0,43,258,80,77,0,415,26,0,26,441
05/12/2009,SJC,CA,AWP,WE,Towers with Radar,266,93,47,0,406,0,0,37,0,37,266,93,84,0,443,40,0,40,483
05/13/2009,SJC,CA,AWP,WE,Towers with Radar,263,97,31,0,391,0,1,62,0,63,263,98,93,0,454,96,0,96,550
05/14/2009,SJC,CA,AWP,WE,Towers with Radar,273,108,52,0,433,0,2,41,1,44,273,110,93,1,477,50,0,50,527
05/15/2009,SJC,CA,AWP,WE,Towers with Radar,267,93,51,0,411,0,0,41,0,41,267,93,92,0,452,124,0,124,576
05/16/2009,SJC,CA,AWP,WE,Towers with Radar,186,56,26,0,268,0,0,28,1,29,186,56,54,1,297,76,0,76,373
05/17/2009,SJC,CA,AWP,WE,Towers with Radar,240,70,37,0,347,0,4,26,1,31,240,74,63,1,378,8,0,8,386
05/18/2009,SJC,CA,AWP,WE,Towers with Radar,263,99,45,1,408,0,1,44,0,45,263,100,89,1,453,114,0,114,567
05/19/2009,SJC,CA,AWP,WE,Towers with Radar,263,105,50,0,418,0,3,37,0,40,263,108,87,0,458,100,0,100,558
05/20/2009,SJC,CA,AWP,WE,Towers with Radar,264,95,39,0,398,0,1,36,0,37,264,96,75,0,435,44,0,44,479
05/21/2009,SJC,CA,AWP,WE,Towers with Radar,267,96,67,0,430,0,0,29,1,30,267,96,96,1,460,46,0,46,506
05/22/2009,SJC,CA,AWP,WE,Towers with Radar,266,92,36,0,394,0,3,45,2,50,266,95,81,2,444,48,0,48,492
05/23/2009,SJC,CA,AWP,WE,Towers with Radar,190,47,23,0,260,0,3,31,2,36,190,50,54,2,296,16,0,16,312
05/24/2009,SJC,CA,AWP,WE,Towers with Radar,188,62,30,0,280,0,1,24,0,25,188,63,54,0,305,58,0,58,363
05/25/2009,SJC,CA,AWP,WE,Towers with Radar,237,78,45,0,360,0,0,44,1,45,237,78,89,1,405,18,0,18,423
05/26/2009,SJC,CA,AWP,WE,Towers with Radar,263,95,51,2,411,0,1,48,2,51,263,96,99,4,462,54,0,54,516
05/27/2009,SJC,CA,AWP,WE,Towers with Radar,265,101,51,2,419,0,0,50,0,50,265,101,101,2,469,46,0,46,515
05/28/2009,SJC,CA,AWP,WE,Towers with Radar,264,101,55,0,420,0,1,31,0,32,264,102,86,0,452,40,0,40,492
05/29/2009,SJC,CA,AWP,WE,Towers with Radar,266,84,46,0,396,0,1,43,0,44,266,85,89,0,440,24,0,24,464
05/30/2009,SJC,CA,AWP,WE,Towers with Radar,194,51,14,0,259,0,1,35,0,36,194,52,49,0,295,66,0,66,361
05/31/2009,SJC,CA,AWP,WE,Towers with Radar,241,72,38,1,352,0,0,21,0,21,241,72,59,1,373,10,0,10,383
06/01/2009,SJC,CA,AWP,WE,Towers with Radar,266,81,49,2,398,0,0,27,0,27,266,81,76,2,425,94,0,94,519
06/02/2009,SJC,CA,AWP,WE,Towers with Radar,264,91,47,0,402,0,0,28,1,29,264,91,75,1,431,72,0,72,503
06/03/2009,SJC,CA,AWP,WE,Towers with Radar,257,103,55,0,415,0,0,46,2,48,257,103,101,2,463,24,0,24,487
06/04/2009,SJC,CA,AWP,WE,Towers with Radar,272,97,52,1,422,0,0,25,0,25,272,97,77,1,447,92,0,92,539
06/05/2009,SJC,CA,AWP,WE,Towers with Radar,267,84,54,0,405,0,1,40,0,41,267,85,94,0,446,106,0,106,552
06/06/2009,SJC,CA,AWP,WE,Towers with Radar,205,54,30,0,289,0,0,25,0,25,205,54,55,0,314,159,0,159,473
06/07/2009,SJC,CA,AWP,WE,Towers with Radar,238,63,38,0,339,0,1,31,0,32,238,64,69,0,371,94,0,94,465
06/08/2009,SJC,CA,AWP,WE,Towers with Radar,266,86,51,0,403,0,3,37,2,42,266,89,88,2,445,64,0,64,509
06/09/2009,SJC,CA,AWP,WE,Towers with Radar,259,94,48,0,401,0,0,19,0,19,259,94,67,0,420,114,0,114,534
06/10/2009,SJC,CA,AWP,WE,Towers with Radar,258,98,75,0,431,0,0,23,1,24,258,98,98,1,455,114,0,114,569
06/11/2009,SJC,CA,AWP,WE,Towers with Radar,264,97,56,0,417,0,0,39,0,39,264,97,95,0,456,74,0,74,530
06/12/2009,SJC,CA,AWP,WE,Towers with Radar,264,92,74,0,430,0,0,32,2,34,264,92,106,2,464,52,0,52,516
06/13/2009,SJC,CA,AWP,WE,Towers with Radar,198,49,36,0,283,0,0,23,0,23,198,49,59,0,306,64,0,64,370
06/14/2009,SJC,CA,AWP,WE,Towers with Radar,243,75,46,0,364,0,0,34,0,34,243,75,80,0,398,22,0,22,420
06/15/2009,SJC,CA,AWP,WE,Towers with Radar,264,89,48,0,401,0,1,32,0,33,264,90,80,0,434,78,0,78,512
06/16/2009,SJC,CA,AWP,WE,Towers with Radar,269,86,51,0,406,0,1,34,2,37,269,87,85,2,443,34,0,34,477
06/17/2009,SJC,CA,AWP,WE,Towers with Radar,274,97,51,0,422,0,0,25,1,26,274,97,76,1,448,98,0,98,546
06/18/2009,SJC,CA,AWP,WE,Towers with Radar,266,107,53,0,426,0,3,42,0,45,266,110,95,0,471,52,0,52,523
06/19/2009,SJC,CA,AWP,WE,Towers with Radar,261,91,41,0,393,0,2,40,2,44,261,93,81,2,437,169,0,169,606
06/20/2009,SJC,CA,AWP,WE,Towers with Radar,201,59,24,0,284,0,6,32,0,38,201,65,56,0,322,88,0,88,410
06/21/2009,SJC,CA,AWP,WE,Towers with Radar,242,73,37,0,352,0,0,27,1,28,242,73,64,1,380,42,0,42,422
06/22/2009,SJC,CA,AWP,WE,Towers with Radar,266,82,39,0,387,0,1,31,0,32,266,83,70,0,419,26,0,26,445
06/23/2009,SJC,CA,AWP,WE,Towers with Radar,267,90,56,0,413,0,6,28,3,37,267,96,84,3,450,110,0,110,560
06/24/2009,SJC,CA,AWP,WE,Towers with Radar,270,86,55,0,411,0,1,37,1,39,270,87,92,1,450,128,0,128,578
06/25/2009,SJC,CA,AWP,WE,Towers with Radar,266,89,74,0,429,0,2,42,0,44,266,91,116,0,473,42,0,42,515
06/26/2009,SJC,CA,AWP,WE,Towers with Radar,273,98,62,0,433,0,1,26,1,28,273,99,88,1,461,48,0,48,509
06/27/2009,SJC,CA,AWP,WE,Towers with Radar,199,50,29,0,278,0,1,14,0,15,199,51,43,0,293,58,0,58,351
06/28/2009,SJC,CA,AWP,WE,Towers with Radar,242,62,36,0,340,0,3,37,2,42,242,65,73,2,382,8,0,8,390
06/29/2009,SJC,CA,AWP,WE,Towers with Radar,266,66,39,0,371,0,2,38,0,40,266,68,77,0,411,106,0,106,517
06/30/2009,SJC,CA,AWP,WE,Towers with Radar,259,77,60,0,396,0,1,47,0,48,259,78,107,0,444,154,0,154,598
07/01/2009,SJC,CA,AWP,WE,Towers with Radar,276,73,54,0,403,0,1,31,4,36,276,74,85,4,439,128,0,128,567
07/02/2009,SJC,CA,AWP,WE,Towers with Radar,271,66,50,0,387,0,1,57,0,58,271,67,107,0,445,124,0,124,569
07/03/2009,SJC,CA,AWP,WE,Towers with Radar,248,53,30,0,331,0,1,30,2,33,248,54,60,2,364,64,0,64,428
07/04/2009,SJC,CA,AWP,WE,Towers with Radar,161,39,4,0,204,0,1,20,2,23,161,40,24,2,227,72,0,72,299
07/05/2009,SJC,CA,AWP,WE,Towers with Radar,244,64,54,0,362,0,0,45,5,50,244,64,99,5,412,46,0,46,458
07/06/2009,SJC,CA,AWP,WE,Towers with Radar,271,79,27,0,377,0,0,39,2,41,271,79,66,2,418,116,0,116,534
07/07/2009,SJC,CA,AWP,WE,Towers with Radar,267,84,42,0,393,0,0,23,2,25,267,84,65,2,418,88,0,88,506
07/08/2009,SJC,CA,AWP,WE,Towers with Radar,272,88,28,0,388,0,0,38,0,38,272,88,66,0,426,50,0,50,476
07/09/2009,SJC,CA,AWP,WE,Towers with Radar,273,85,53,0,411,0,0,59,0,59,273,85,112,0,470,178,0,178,648
07/10/2009,SJC,CA,AWP,WE,Towers with Radar,263,76,44,0,383,0,0,40,2,42,263,76,84,2,425,60,0,60,485
07/11/2009,SJC,CA,AWP,WE,Towers with Radar,199,49,24,0,272,0,1,44,0,45,199,50,68,0,317,186,0,186,503
07/12/2009,SJC,CA,AWP,WE,Towers with Radar,252,65,56,0,373,0,0,40,0,40,252,65,96,0,413,36,0,36,449
07/13/2009,SJC,CA,AWP,WE,Towers with Radar,264,88,41,0,393,0,0,37,0,37,264,88,78,0,430,128,0,128,558
07/14/2009,SJC,CA,AWP,WE,Towers with Radar,266,90,45,0,401,0,0,34,2,36,266,90,79,2,437,30,0,30,467
07/15/2009,SJC,CA,AWP,WE,Towers with Radar,268,92,67,0,427,0,0,46,0,46,268,92,113,0,473,128,0,128,601
07/16/2009,SJC,CA,AWP,WE,Towers with Radar,276,92,56,1,425,0,1,48,4,53,276,93,104,5,478,138,0,138,616
07/17/2009,SJC,CA,AWP,WE,Towers with Radar,272,90,42,0,404,0,2,49,3,54,272,92,91,3,458,88,0,88,546
07/18/2009,SJC,CA,AWP,WE,Towers with Radar,195,55,21,0,271,0,0,31,0,31,195,55,52,0,302,128,0,128,430
07/19/2009,SJC,CA,AWP,WE,Towers with Radar,244,72,26,0,342,0,0,34,0,34,244,72,60,0,376,40,0,40,416
07/20/2009,SJC,CA,AWP,WE,Towers with Radar,260,79,31,0,370,0,4,34,1,39,260,83,65,1,409,86,0,86,495
07/21/2009,SJC,CA,AWP,WE,Towers with Radar,262,75,39,0,376,0,1,24,0,25,262,76,63,0,401,0,0,0,401
07/22/2009,SJC,CA,AWP,WE,Towers with Radar,257,80,28,0,365,0,0,24,0,24,257,80,52,0,389,26,0,26,415
07/23/2009,SJC,CA,AWP,WE,Towers with Radar,263,79,57,0,399,0,2,38,1,41,263,81,95,1,440,82,0,82,522
07/24/2009,SJC,CA,AWP,WE,Towers with Radar,263,84,42,3,392,0,4,32,2,38,263,88,74,5,430,84,0,84,514
07/25/2009,SJC,CA,AWP,WE,Towers with Radar,204,49,21,0,274,0,1,31,0,32,204,50,52,0,306,76,0,76,382
07/26/2009,SJC,CA,AWP,WE,Towers with Radar,239,60,46,0,345,0,0,27,0,27,239,60,73,0,372,80,0,80,452
07/27/2009,SJC,CA,AWP,WE,Towers with Radar,293,75,28,1,397,0,4,31,1,36,293,79,59,2,433,34,0,34,467
07/28/2009,SJC,CA,AWP,WE,Towers with Radar,265,83,47,0,395,0,2,40,0,42,265,85,87,0,437,108,0,108,545
07/29/2009,SJC,CA,AWP,WE,Towers with Radar,258,85,44,0,387,0,0,28,2,30,258,85,72,2,417,66,0,66,483
07/30/2009,SJC,CA,AWP,WE,Towers with Radar,278,84,40,0,402,0,0,26,2,28,278,84,66,2,430,70,0,70,500
07/31/2009,SJC,CA,AWP,WE,Towers with Radar,256,87,39,0,382,0,1,36,0,37,256,88,75,0,419,40,0,40,459
08/01/2009,SJC,CA,AWP,WE,Towers with Radar,203,52,33,0,288,0,0,29,0,29,203,52,62,0,317,80,0,80,397
08/02/2009,SJC,CA,AWP,WE,Towers with Radar,240,71,39,0,350,0,2,31,0,33,240,73,70,0,383,96,0,96,479
08/03/2009,SJC,CA,AWP,WE,Towers with Radar,256,83,40,0,379,0,0,29,0,29,256,83,69,0,408,66,0,66,474
08/04/2009,SJC,CA,AWP,WE,Towers with Radar,266,80,32,0,378,0,1,53,0,54,266,81,85,0,432,18,16,34,466
08/05/2009,SJC,CA,AWP,WE,Towers with Radar,260,98,31,0,389,0,1,22,0,23,260,99,53,0,412,124,0,124,536
08/06/2009,SJC,CA,AWP,WE,Towers with Radar,264,84,50,0,398,0,2,24,0,26,264,86,74,0,424,88,0,88,512
08/07/2009,SJC,CA,AWP,WE,Towers with Radar,262,90,36,0,388,0,2,31,0,33,262,92,67,0,421,62,0,62,483
08/08/2009,SJC,CA,AWP,WE,Towers with Radar,190,44,18,0,252,0,0,32,1,33,190,44,50,1,285,176,0,176,461
08/09/2009,SJC,CA,AWP,WE,Towers with Radar,232,68,36,0,336,0,1,25,1,27,232,69,61,1,363,20,0,20,383
08/10/2009,SJC,CA,AWP,WE,Towers with Radar,258,83,41,0,382,0,1,41,1,43,258,84,82,1,425,0,0,0,425
08/11/2009,SJC,CA,AWP,WE,Towers with Radar,264,89,47,0,400,0,0,32,0,32,264,89,79,0,432,64,0,64,496
08/12/2009,SJC,CA,AWP,WE,Towers with Radar,262,86,38,0,386,0,0,52,0,52,262,86,90,0,438,32,0,32,470
08/13/2009,SJC,CA,AWP,WE,Towers with Radar,275,82,54,0,411,0,2,62,0,64,275,84,116,0,475,56,0,56,531
08/14/2009,SJC,CA,AWP,WE,Towers with Radar,262,75,32,0,369,0,0,51,0,51,262,75,83,0,420,84,0,84,504
08/15/2009,SJC,CA,AWP,WE,Towers with Radar,198,53,21,0,272,0,1,16,0,17,198,54,37,0,289,88,0,88,377
08/16/2009,SJC,CA,AWP,WE,Towers with Radar,224,60,39,0,323,0,2,29,0,31,224,62,68,0,354,48,0,48,402
08/17/2009,SJC,CA,AWP,WE,Towers with Radar,259,92,32,0,383,0,1,30,0,31,259,93,62,0,414,56,0,56,470
08/18/2009,SJC,CA,AWP,WE,Towers with Radar,262,83,56,1,402,0,1,36,4,41,262,84,92,5,443,90,0,90,533
08/19/2009,SJC,CA,AWP,WE,Towers with Radar,265,80,46,0,391,0,2,29,2,33,265,82,75,2,424,54,0,54,478
08/20/2009,SJC,CA,AWP,WE,Towers with Radar,268,94,48,0,410,0,0,32,0,32,268,94,80,0,442,20,0,20,462
08/21/2009,SJC,CA,AWP,WE,Towers with Radar,252,89,58,0,399,0,2,35,1,38,252,91,93,1,437,88,0,88,525
08/22/2009,SJC,CA,AWP,WE,Towers with Radar,187,54,35,0,276,0,0,28,1,29,187,54,63,1,305,30,0,30,335
08/23/2009,SJC,CA,AWP,WE,Towers with Radar,216,56,33,0,305,0,1,29,0,30,216,57,62,0,335,20,0,20,355
08/24/2009,SJC,CA,AWP,WE,Towers with Radar,253,76,51,0,380,0,0,41,0,41,253,76,92,0,421,32,0,32,453
08/25/2009,SJC,CA,AWP,WE,Towers with Radar,256,78,40,0,374,0,0,17,4,21,256,78,57,4,395,36,0,36,431
08/26/2009,SJC,CA,AWP,WE,Towers with Radar,252,79,42,0,373,0,0,44,1,45,252,79,86,1,418,68,0,68,486
08/27/2009,SJC,CA,AWP,WE,Towers with Radar,249,71,48,0,368,0,0,41,2,43,249,71,89,2,411,66,0,66,477
08/28/2009,SJC,CA,AWP,WE,Towers with Radar,262,58,48,0,368,0,1,46,0,47,262,59,94,0,415,28,0,28,443
08/29/2009,SJC,CA,AWP,WE,Towers with Radar,176,39,22,0,237,0,1,21,0,22,176,40,43,0,259,22,0,22,281
08/30/2009,SJC,CA,AWP,WE,Towers with Radar,220,48,33,0,301,0,3,23,0,26,220,51,56,0,327,36,0,36,363
08/31/2009,SJC,CA,AWP,WE,Towers with Radar,262,70,42,0,374,0,0,32,0,32,262,70,74,0,406,58,0,58,464
09/01/2009,SJC,CA,AWP,WE,Towers with Radar,252,59,45,0,356,0,0,31,0,31,252,59,76,0,387,36,0,36,423
09/02/2009,SJC,CA,AWP,WE,Towers with Radar,268,66,48,0,382,0,1,53,0,54,268,67,101,0,436,0,0,0,436
09/03/2009,SJC,CA,AWP,WE,Towers with Radar,269,90,49,0,408,0,2,36,0,38,269,92,85,0,446,12,0,12,458
09/04/2009,SJC,CA,AWP,WE,Towers with Radar,272,71,55,0,398,0,0,44,0,44,272,71,99,0,442,46,0,46,488
09/05/2009,SJC,CA,AWP,WE,Towers with Radar,177,37,20,0,234,0,0,20,0,20,177,37,40,0,254,36,0,36,290
09/06/2009,SJC,CA,AWP,WE,Towers with Radar,175,49,19,0,243,0,0,39,1,40,175,49,58,1,283,50,0,50,333
09/07/2009,SJC,CA,AWP,WE,Towers with Radar,230,66,45,0,341,0,2,53,0,55,230,68,98,0,396,26,0,26,422
09/08/2009,SJC,CA,AWP,WE,Towers with Radar,267,82,55,0,404,0,0,48,0,48,267,82,103,0,452,0,0,0,452
09/09/2009,SJC,CA,AWP,WE,Towers with Radar,257,92,53,3,405,0,1,57,1,59,257,93,110,4,464,0,0,0,464
09/10/2009,SJC,CA,AWP,WE,Towers with Radar,272,77,50,1,400,0,0,41,1,42,272,77,91,2,442,18,0,18,460
09/11/2009,SJC,CA,AWP,WE,Towers with Radar,263,64,36,0,363,0,0,42,0,42,263,64,78,0,405,0,0,0,405
09/12/2009,SJC,CA,AWP,WE,Towers with Radar,184,31,25,0,240,0,1,14,0,15,184,32,39,0,255,16,0,16,271
09/13/2009,SJC,CA,AWP,WE,Towers with Radar,238,54,45,0,337,0,1,18,0,19,238,55,63,0,356,10,0,10,366
09/14/2009,SJC,CA,AWP,WE,Towers with Radar,262,69,49,0,380,0,0,23,0,23,262,69,72,0,403,12,0,12,415
09/15/2009,SJC,CA,AWP,WE,Towers with Radar,266,77,63,2,408,1,0,37,2,40,267,77,100,4,448,0,0,0,448
09/16/2009,SJC,CA,AWP,WE,Towers with Radar,267,85,69,0,421,0,1,46,0,47,267,86,115,0,468,18,0,18,486
09/17/2009,SJC,CA,AWP,WE,Towers with Radar,267,89,55,0,411,0,1,29,2,32,267,90,84,2,443,12,0,12,455
09/18/2009,SJC,CA,AWP,WE,Towers with Radar,267,74,53,0,394,0,0,49,0,49,267,74,102,0,443,50,0,50,493
09/19/2009,SJC,CA,AWP,WE,Towers with Radar,175,36,38,0,249,0,1,32,0,33,175,37,70,0,282,20,0,20,302
09/20/2009,SJC,CA,AWP,WE,Towers with Radar,229,67,46,0,342,0,0,20,0,20,229,67,66,0,362,0,0,0,362
09/21/2009,SJC,CA,AWP,WE,Towers with Radar,260,69,47,0,376,0,3,25,2,30,260,72,72,2,406,0,0,0,406
09/22/2009,SJC,CA,AWP,WE,Towers with Radar,267,90,48,0,405,0,3,40,0,43,267,93,88,0,448,0,0,0,448
09/23/2009,SJC,CA,AWP,WE,Towers with Radar,271,83,68,0,422,0,0,21,0,21,271,83,89,0,443,0,0,0,443
09/24/2009,SJC,CA,AWP,WE,Towers with Radar,272,88,62,0,422,0,0,26,2,28,272,88,88,2,450,0,0,0,450
09/25/2009,SJC,CA,AWP,WE,Towers with Radar,272,85,60,2,419,0,1,31,0,32,272,86,91,2,451,0,0,0,451
09/26/2009,SJC,CA,AWP,WE,Towers with Radar,179,51,32,0,262,0,1,29,2,32,179,52,61,2,294,0,0,0,294
09/27/2009,SJC,CA,AWP,WE,Towers with Radar,234,57,41,0,332,0,1,35,0,36,234,58,76,0,368,0,0,0,368
09/28/2009,SJC,CA,AWP,WE,Towers with Radar,259,68,36,0,363,0,1,36,1,38,259,69,72,1,401,0,0,0,401
09/29/2009,SJC,CA,AWP,WE,Towers with Radar,266,78,58,0,402,0,1,31,0,32,266,79,89,0,434,0,0,0,434
09/30/2009,SJC,CA,AWP,WE,Towers with Radar,267,66,52,0,385,0,2,48,1,51,267,68,100,1,436,2,0,2,438
10/01/2009,SJC,CA,AWP,WE,Towers with Radar,264,83,52,0,399,0,1,38,0,39,264,84,90,0,438,0,0,0,438
10/02/2009,SJC,CA,AWP,WE,Towers with Radar,258,87,45,0,390,0,0,40,0,40,258,87,85,0,430,20,0,20,450
10/03/2009,SJC,CA,AWP,WE,Towers with Radar,176,46,34,0,256,0,3,26,0,29,176,49,60,0,285,0,0,0,285
10/04/2009,SJC,CA,AWP,WE,Towers with Radar,228,48,50,0,326,0,1,30,0,31,228,49,80,0,357,0,0,0,357
10/05/2009,SJC,CA,AWP,WE,Towers with Radar,260,67,41,0,368,0,0,30,1,31,260,67,71,1,399,6,0,6,405
10/06/2009,SJC,CA,AWP,WE,Towers with Radar,258,77,42,0,377,0,2,44,0,46,258,79,86,0,423,0,0,0,423
10/07/2009,SJC,CA,AWP,WE,Towers with Radar,266,81,30,0,377,0,1,45,0,46,266,82,75,0,423,24,0,24,447
10/08/2009,SJC,CA,AWP,WE,Towers with Radar,265,69,55,0,389,0,0,24,0,24,265,69,79,0,413,0,0,0,413
10/09/2009,SJC,CA,AWP,WE,Towers with Radar,265,73,61,0,399,0,3,33,1,37,265,76,94,1,436,10,0,10,446
10/10/2009,SJC,CA,AWP,WE,Towers with Radar,175,35,21,0,231,0,0,20,0,20,175,35,41,0,251,34,0,34,285
10/11/2009,SJC,CA,AWP,WE,Towers with Radar,227,65,62,0,354,0,0,27,0,27,227,65,89,0,381,66,0,66,447
10/12/2009,SJC,CA,AWP,WE,Towers with Radar,264,88,59,0,411,0,0,12,0,12,264,88,71,0,423,0,0,0,423
10/13/2009,SJC,CA,AWP,WE,Towers with Radar,267,76,48,0,391,0,0,0,0,0,267,76,48,0,391,0,0,0,391
10/14/2009,SJC,CA,AWP,WE,Towers with Radar,262,87,42,0,391,0,0,8,0,8,262,87,50,0,399,10,0,10,409
10/15/2009,SJC,CA,AWP,WE,Towers with Radar,266,86,61,0,413,0,2,23,1,26,266,88,84,1,439,6,0,6,445
10/16/2009,SJC,CA,AWP,WE,Towers with Radar,264,76,60,0,400,0,1,25,1,27,264,77,85,1,427,8,0,8,435
10/17/2009,SJC,CA,AWP,WE,Towers with Radar,172,44,36,0,252,0,0,27,0,27,172,44,63,0,279,22,0,22,301
10/18/2009,SJC,CA,AWP,WE,Towers with Radar,228,59,56,0,343,0,0,28,3,31,228,59,84,3,374,14,0,14,388
10/19/2009,SJC,CA,AWP,WE,Towers with Radar,257,72,38,0,367,0,0,12,2,14,257,72,50,2,381,0,0,0,381
10/20/2009,SJC,CA,AWP,WE,Towers with Radar,257,94,47,1,399,0,0,29,2,31,257,94,76,3,430,32,0,32,462
10/21/2009,SJC,CA,AWP,WE,Towers with Radar,260,84,52,0,396,0,1,26,2,29,260,85,78,2,425,0,0,0,425
10/22/2009,SJC,CA,AWP,WE,Towers with Radar,264,83,63,0,410,0,1,17,0,18,264,84,80,0,428,0,0,0,428
10/23/2009,SJC,CA,AWP,WE,Towers with Radar,265,88,44,0,397,0,3,49,2,54,265,91,93,2,451,0,0,0,451
10/24/2009,SJC,CA,AWP,WE,Towers with Radar,172,61,33,0,266,0,0,24,0,24,172,61,57,0,290,4,0,4,294
10/25/2009,SJC,CA,AWP,WE,Towers with Radar,230,76,42,0,348,0,0,48,1,49,230,76,90,1,397,22,0,22,419
10/26/2009,SJC,CA,AWP,WE,Towers with Radar,256,71,43,0,370,0,1,33,0,34,256,72,76,0,404,0,0,0,404
10/27/2009,SJC,CA,AWP,WE,Towers with Radar,265,81,53,1,400,0,3,17,0,20,265,84,70,1,420,4,0,4,424
10/28/2009,SJC,CA,AWP,WE,Towers with Radar,260,81,32,1,374,0,2,28,0,30,260,83,60,1,404,18,0,18,422
10/29/2009,SJC,CA,AWP,WE,Towers with Radar,260,81,47,0,388,0,4,48,2,54,260,85,95,2,442,24,0,24,466
10/30/2009,SJC,CA,AWP,WE,Towers with Radar,263,77,53,0,393,0,3,43,1,47,263,80,96,1,440,6,0,6,446
10/31/2009,SJC,CA,AWP,WE,Towers with Radar,168,29,23,1,221,0,2,15,2,19,168,31,38,3,240,0,0,0,240
11/01/2009,SJC,CA,AWP,WE,Towers with Radar,231,50,38,0,319,0,1,28,6,35,231,51,66,6,354,0,0,0,354
11/02/2009,SJC,CA,AWP,WE,Towers with Radar,257,70,34,0,361,0,2,16,1,19,257,72,50,1,380,0,0,0,380
11/03/2009,SJC,CA,AWP,WE,Towers with Radar,256,65,40,0,361,0,0,32,0,32,256,65,72,0,393,6,0,6,399
11/04/2009,SJC,CA,AWP,WE,Towers with Radar,253,76,42,0,371,0,0,31,0,31,253,76,73,0,402,28,0,28,430
11/05/2009,SJC,CA,AWP,WE,Towers with Radar,257,88,66,0,411,0,0,15,0,15,257,88,81,0,426,0,0,0,426
11/06/2009,SJC,CA,AWP,WE,Towers with Radar,262,80,73,0,415,0,4,17,0,21,262,84,90,0,436,10,0,10,446
11/07/2009,SJC,CA,AWP,WE,Towers with Radar,172,47,31,0,250,1,0,19,0,20,173,47,50,0,270,0,0,0,270
11/08/2009,SJC,CA,AWP,WE,Towers with Radar,232,50,28,0,310,0,0,44,0,44,232,50,72,0,354,0,0,0,354
11/09/2009,SJC,CA,AWP,WE,Towers with Radar,254,65,47,0,366,0,3,30,0,33,254,68,77,0,399,14,0,14,413
11/10/2009,SJC,CA,AWP,WE,Towers with Radar,248,72,34,0,354,0,1,22,0,23,248,73,56,0,377,2,0,2,379
11/11/2009,SJC,CA,AWP,WE,Towers with Radar,248,85,39,1,373,0,0,24,1,25,248,85,63,2,398,4,0,4,402
11/12/2009,SJC,CA,AWP,WE,Towers with Radar,256,80,41,0,377,1,0,19,0,20,257,80,60,0,397,0,0,0,397
11/13/2009,SJC,CA,AWP,WE,Towers with Radar,257,91,51,0,399,0,1,30,5,36,257,92,81,5,435,4,0,4,439
11/14/2009,SJC,CA,AWP,WE,Towers with Radar,174,40,22,0,236,0,1,30,0,31,174,41,52,0,267,12,0,12,279
11/15/2009,SJC,CA,AWP,WE,Towers with Radar,226,56,45,0,327,0,1,42,0,43,226,57,87,0,370,20,0,20,390
11/16/2009,SJC,CA,AWP,WE,Towers with Radar,255,64,48,0,367,0,3,29,0,32,255,67,77,0,399,20,0,20,419
11/17/2009,SJC,CA,AWP,WE,Towers with Radar,295,89,58,0,442,0,0,47,2,49,295,89,105,2,491,20,0,20,511
11/18/2009,SJC,CA,AWP,WE,Towers with Radar,243,72,47,0,362,0,0,20,0,20,243,72,67,0,382,10,0,10,392
11/19/2009,SJC,CA,AWP,WE,Towers with Radar,257,70,70,0,397,0,1,43,0,44,257,71,113,0,441,10,0,10,451
11/20/2009,SJC,CA,AWP,WE,Towers with Radar,250,70,90,0,410,0,1,9,2,12,250,71,99,2,422,0,0,0,422
11/21/2009,SJC,CA,AWP,WE,Towers with Radar,163,38,36,0,237,0,2,22,1,25,163,40,58,1,262,0,0,0,262
11/22/2009,SJC,CA,AWP,WE,Towers with Radar,220,37,39,0,296,0,0,22,0,22,220,37,61,0,318,0,0,0,318
11/23/2009,SJC,CA,AWP,WE,Towers with Radar,247,42,29,0,318,0,2,53,1,56,247,44,82,1,374,0,0,0,374
11/24/2009,SJC,CA,AWP,WE,Towers with Radar,252,53,47,0,352,0,2,30,0,32,252,55,77,0,384,0,0,0,384
11/25/2009,SJC,CA,AWP,WE,Towers with Radar,254,51,59,0,364,0,0,54,0,54,254,51,113,0,418,20,0,20,438
11/26/2009,SJC,CA,AWP,WE,Towers with Radar,155,28,14,0,197,0,0,21,0,21,155,28,35,0,218,0,0,0,218
11/27/2009,SJC,CA,AWP,WE,Towers with Radar,191,27,41,1,260,0,0,9,0,9,191,27,50,1,269,0,0,0,269
11/28/2009,SJC,CA,AWP,WE,Towers with Radar,209,58,58,0,325,0,0,7,1,8,209,58,65,1,333,8,0,8,341
11/29/2009,SJC,CA,AWP,WE,Towers with Radar,246,56,93,0,395,0,0,42,0,42,246,56,135,0,437,0,0,0,437
11/30/2009,SJC,CA,AWP,WE,Towers with Radar,250,67,50,0,367,0,1,28,2,31,250,68,78,2,398,0,0,0,398
12/01/2009,SJC,CA,AWP,WE,Towers with Radar,243,71,55,0,369,0,0,34,1,35,243,71,89,1,404,0,0,0,404
12/02/2009,SJC,CA,AWP,WE,Towers with Radar,246,81,43,0,370,0,0,12,0,12,246,81,55,0,382,0,0,0,382
12/03/2009,SJC,CA,AWP,WE,Towers with Radar,248,72,54,0,374,0,1,44,0,45,248,73,98,0,419,28,0,28,447
12/04/2009,SJC,CA,AWP,WE,Towers with Radar,248,73,60,1,382,0,1,30,0,31,248,74,90,1,413,10,1,11,424
12/05/2009,SJC,CA,AWP,WE,Towers with Radar,171,28,18,2,219,0,0,16,0,16,171,28,34,2,235,10,0,10,245
12/06/2009,SJC,CA,AWP,WE,Towers with Radar,217,34,44,0,295,0,1,6,0,7,217,35,50,0,302,2,0,2,304
12/07/2009,SJC,CA,AWP,WE,Towers with Radar,226,54,32,2,314,0,0,12,0,12,226,54,44,2,326,0,0,0,326
12/08/2009,SJC,CA,AWP,WE,Towers with Radar,224,61,33,0,318,0,0,20,0,20,224,61,53,0,338,0,0,0,338
12/09/2009,SJC,CA,AWP,WE,Towers with Radar,233,62,47,0,342,0,2,35,1,38,233,64,82,1,380,4,0,4,384
12/10/2009,SJC,CA,AWP,WE,Towers with Radar,245,72,55,0,372,0,1,8,0,9,245,73,63,0,381,0,0,0,381
12/11/2009,SJC,CA,AWP,WE,Towers with Radar,246,68,64,0,378,0,0,6,0,6,246,68,70,0,384,6,0,6,390
12/12/2009,SJC,CA,AWP,WE,Towers with Radar,166,18,27,0,211,0,0,1,2,3,166,18,28,2,214,0,0,0,214
12/13/2009,SJC,CA,AWP,WE,Towers with Radar,219,42,32,0,293,0,0,1,1,2,219,42,33,1,295,0,0,0,295
12/14/2009,SJC,CA,AWP,WE,Towers with Radar,239,71,39,0,349,0,1,19,2,22,239,72,58,2,371,0,0,0,371
12/15/2009,SJC,CA,AWP,WE,Towers with Radar,242,64,41,0,347,0,0,16,2,18,242,64,57,2,365,0,0,0,365
12/16/2009,SJC,CA,AWP,WE,Towers with Radar,245,68,62,0,375,0,0,4,1,5,245,68,66,1,380,0,0,0,380
12/17/2009,SJC,CA,AWP,WE,Towers with Radar,251,80,61,0,392,0,1,15,1,17,251,81,76,1,409,8,0,8,417
12/18/2009,SJC,CA,AWP,WE,Towers with Radar,245,77,68,0,390,0,0,29,0,29,245,77,97,0,419,32,0,32,451
12/19/2009,SJC,CA,AWP,WE,Towers with Radar,193,63,44,0,300,0,0,18,0,18,193,63,62,0,318,0,0,0,318
12/20/2009,SJC,CA,AWP,WE,Towers with Radar,226,47,18,0,291,0,0,15,0,15,226,47,33,0,306,12,0,12,318
12/21/2009,SJC,CA,AWP,WE,Towers with Radar,238,51,42,0,331,0,0,4,0,4,238,51,46,0,335,0,0,0,335
12/22/2009,SJC,CA,AWP,WE,Towers with Radar,253,43,23,0,319,0,1,27,0,28,253,44,50,0,347,0,0,0,347
12/23/2009,SJC,CA,AWP,WE,Towers with Radar,243,44,42,0,329,0,0,33,0,33,243,44,75,0,362,2,0,2,364
12/24/2009,SJC,CA,AWP,WE,Towers with Radar,200,30,14,0,244,0,0,25,0,25,200,30,39,0,269,26,0,26,295
12/25/2009,SJC,CA,AWP,WE,Towers with Radar,166,35,15,0,216,0,0,15,1,16,166,35,30,1,232,0,0,0,232
12/26/2009,SJC,CA,AWP,WE,Towers with Radar,208,54,53,0,315,0,0,10,0,10,208,54,63,0,325,0,0,0,325
12/27/2009,SJC,CA,AWP,WE,Towers with Radar,246,47,35,0,328,0,0,8,0,8,246,47,43,0,336,0,0,0,336
12/28/2009,SJC,CA,AWP,WE,Towers with Radar,249,49,34,0,332,0,0,8,1,9,249,49,42,1,341,0,0,0,341
12/29/2009,SJC,CA,AWP,WE,Towers with Radar,251,43,22,0,316,0,0,15,1,16,251,43,37,1,332,22,0,22,354
12/30/2009,SJC,CA,AWP,WE,Towers with Radar,247,49,27,0,323,0,1,7,1,9,247,50,34,1,332,20,0,20,352
12/31/2009,SJC,CA,AWP,WE,Towers with Radar,179,41,28,0,248,0,0,11,0,11,179,41,39,0,259,0,0,0,259
01/01/2010,SJC,CA,AWP,WE,Towers with Radar,178,52,14,0,244,0,2,13,0,15,178,54,27,0,259,0,0,0,259
01/02/2010,SJC,CA,AWP,WE,Towers with Radar,209,61,68,0,338,0,0,8,0,8,209,61,76,0,346,14,0,14,360
01/03/2010,SJC,CA,AWP,WE,Towers with Radar,241,67,73,0,381,0,0,34,0,34,241,67,107,0,415,44,0,44,459
01/04/2010,SJC,CA,AWP,WE,Towers with Radar,245,74,36,0,355,0,2,19,1,22,245,76,55,1,377,0,0,0,377
01/05/2010,SJC,CA,AWP,WE,Towers with Radar,236,73,36,0,345,0,0,19,0,19,236,73,55,0,364,0,0,0,364
01/06/2010,SJC,CA,AWP,WE,Towers with Radar,239,84,63,0,386,0,0,21,0,21,239,84,84,0,407,20,0,20,427
01/07/2010,SJC,CA,AWP,WE,Towers with Radar,228,70,45,0,343,0,0,20,0,20,228,70,65,0,363,0,0,0,363
01/08/2010,SJC,CA,AWP,WE,Towers with Radar,227,77,45,0,349,0,0,17,2,19,227,77,62,2,368,0,0,0,368
01/09/2010,SJC,CA,AWP,WE,Towers with Radar,159,32,40,0,231,0,1,21,0,22,159,33,61,0,253,18,0,18,271
01/10/2010,SJC,CA,AWP,WE,Towers with Radar,205,49,39,0,293,0,1,12,0,13,205,50,51,0,306,0,0,0,306
01/11/2010,SJC,CA,AWP,WE,Towers with Radar,243,60,46,0,349,0,0,12,0,12,243,60,58,0,361,0,0,0,361
01/12/2010,SJC,CA,AWP,WE,Towers with Radar,234,73,50,4,361,0,1,5,1,7,234,74,55,5,368,18,0,18,386
01/13/2010,SJC,CA,AWP,WE,Towers with Radar,236,78,57,0,371,0,0,14,1,15,236,78,71,1,386,12,0,12,398
01/14/2010,SJC,CA,AWP,WE,Towers with Radar,250,95,73,0,418,0,2,38,0,40,250,97,111,0,458,0,0,0,458
01/15/2010,SJC,CA,AWP,WE,Towers with Radar,244,72,68,0,384,0,1,32,0,33,244,73,100,0,417,40,0,40,457
01/16/2010,SJC,CA,AWP,WE,Towers with Radar,154,33,28,0,215,0,0,23,0,23,154,33,51,0,238,0,0,0,238
01/17/2010,SJC,CA,AWP,WE,Towers with Radar,203,38,25,0,266,0,0,1,0,1,203,38,26,0,267,0,0,0,267
01/18/2010,SJC,CA,AWP,WE,Towers with Radar,252,82,55,0,389,0,0,2,0,2,252,82,57,0,391,0,0,0,391
01/19/2010,SJC,CA,AWP,WE,Towers with Radar,238,78,44,0,360,0,0,4,0,4,238,78,48,0,364,0,0,0,364
01/20/2010,SJC,CA,AWP,WE,Towers with Radar,230,83,43,0,356,0,1,2,0,3,230,84,45,0,359,0,0,0,359
01/21/2010,SJC,CA,AWP,WE,Towers with Radar,216,72,48,0,336,0,0,0,0,0,216,72,48,0,336,0,0,0,336
01/22/2010,SJC,CA,AWP,WE,Towers with Radar,244,62,42,0,348,0,1,9,0,10,244,63,51,0,358,0,0,0,358
01/23/2010,SJC,CA,AWP,WE,Towers with Radar,150,30,32,2,214,0,0,27,2,29,150,30,59,4,243,12,0,12,255
01/24/2010,SJC,CA,AWP,WE,Towers with Radar,204,49,28,0,281,0,0,5,0,5,204,49,33,0,286,0,0,0,286
01/25/2010,SJC,CA,AWP,WE,Towers with Radar,236,72,40,0,348,0,0,1,1,2,236,72,41,1,350,6,0,6,356
01/26/2010,SJC,CA,AWP,WE,Towers with Radar,232,83,33,0,348,0,0,5,0,5,232,83,38,0,353,0,0,0,353
01/27/2010,SJC,CA,AWP,WE,Towers with Radar,239,88,53,0,380,0,0,8,0,8,239,88,61,0,388,2,0,2,390
01/28/2010,SJC,CA,AWP,WE,Towers with Radar,245,78,52,0,375,0,0,44,2,46,245,78,96,2,421,46,0,46,467
01/29/2010,SJC,CA,AWP,WE,Towers with Radar,242,79,33,0,354,0,0,10,4,14,242,79,43,4,368,0,0,0,368
01/30/2010,SJC,CA,AWP,WE,Towers with Radar,154,28,24,0,206,0,0,15,1,16,154,28,39,1,222,8,0,8,230
01/31/2010,SJC,CA,AWP,WE,Towers with Radar,207,48,47,0,302,0,1,39,0,40,207,49,86,0,342,12,0,12,354
02/01/2010,SJC,CA,AWP,WE,Towers with Radar,245,57,35,0,337,0,0,20,0,20,245,57,55,0,357,2,0,2,359
02/02/2010,SJC,CA,AWP,WE,Towers with Radar,236,84,41,0,361,0,0,11,0,11,236,84,52,0,372,0,0,0,372
02/03/2010,SJC,CA,AWP,WE,Towers with Radar,233,84,70,0,387,0,4,17,0,21,233,88,87,0,408,0,0,0,408
02/04/2010,SJC,CA,AWP,WE,Towers with Radar,248,81,60,1,390,0,1,6,0,7,248,82,66,1,397,0,0,0,397
02/05/2010,SJC,CA,AWP,WE,Towers with Radar,241,74,54,1,370,0,0,16,0,16,241,74,70,1,386,20,0,20,406
02/06/2010,SJC,CA,AWP,WE,Towers with Radar,156,32,20,1,209,0,0,3,0,3,156,32,23,1,212,38,0,38,250
02/07/2010,SJC,CA,AWP,WE,Towers with Radar,203,51,40,0,294,0,0,19,0,19,203,51,59,0,313,0,0,0,313
02/08/2010,SJC,CA,AWP,WE,Towers with Radar,243,77,57,0,377,0,0,9,1,10,243,77,66,1,387,0,0,0,387
02/09/2010,SJC,CA,AWP,WE,Towers with Radar,238,91,70,0,399,0,0,15,0,15,238,91,85,0,414,0,0,0,414
02/10/2010,SJC,CA,AWP,WE,Towers with Radar,238,83,62,1,384,0,2,20,0,22,238,85,82,1,406,6,0,6,412
02/11/2010,SJC,CA,AWP,WE,Towers with Radar,238,87,82,1,408,0,0,32,0,32,238,87,114,1,440,36,0,36,476
02/12/2010,SJC,CA,AWP,WE,Towers with Radar,238,75,95,0,408,0,1,18,0,19,238,76,113,0,427,0,0,0,427
02/13/2010,SJC,CA,AWP,WE,Towers with Radar,165,59,39,0,263,0,1,20,0,21,165,60,59,0,284,0,0,0,284
02/14/2010,SJC,CA,AWP,WE,Towers with Radar,204,58,40,0,302,0,0,13,0,13,204,58,53,0,315,6,0,6,321
02/15/2010,SJC,CA,AWP,WE,Towers with Radar,242,65,68,0,375,0,1,32,1,34,242,66,100,1,409,24,0,24,433
02/16/2010,SJC,CA,AWP,WE,Towers with Radar,241,85,55,0,381,0,1,29,0,30,241,86,84,0,411,24,0,24,435
02/17/2010,SJC,CA,AWP,WE,Towers with Radar,226,88,61,0,375,0,2,31,2,35,226,90,92,2,410,6,0,6,416
02/18/2010,SJC,CA,AWP,WE,Towers with Radar,246,80,75,0,401,0,0,4,0,4,246,80,79,0,405,0,0,0,405
02/19/2010,SJC,CA,AWP,WE,Towers with Radar,243,84,57,0,384,0,2,10,0,12,243,86,67,0,396,0,0,0,396
02/20/2010,SJC,CA,AWP,WE,Towers with Radar,158,52,38,0,248,0,1,12,0,13,158,53,50,0,261,14,0,14,275
02/21/2010,SJC,CA,AWP,WE,Towers with Radar,209,58,64,0,331,0,0,1,0,1,209,58,65,0,332,54,0,54,386
02/22/2010,SJC,CA,AWP,WE,Towers with Radar,237,82,40,0,359,0,0,32,0,32,237,82,72,0,391,54,0,54,445
02/23/2010,SJC,CA,AWP,WE,Towers with Radar,235,72,35,0,342,0,1,4,1,6,235,73,39,1,348,0,0,0,348
02/24/2010,SJC,CA,AWP,WE,Towers with Radar,245,72,51,0,368,0,0,4,0,4,245,72,55,0,372,0,0,0,372
02/25/2010,SJC,CA,AWP,WE,Towers with Radar,247,81,53,0,381,0,0,38,0,38,247,81,91,0,419,20,0,20,439
02/26/2010,SJC,CA,AWP,WE,Towers with Radar,242,79,56,0,377,0,0,5,0,5,242,79,61,0,382,0,0,0,382
02/27/2010,SJC,CA,AWP,WE,Towers with Radar,163,47,22,0,232,0,0,6,0,6,163,47,28,0,238,4,0,4,242
02/28/2010,SJC,CA,AWP,WE,Towers with Radar,207,51,60,0,318,0,0,36,1,37,207,51,96,1,355,40,0,40,395
03/01/2010,SJC,CA,AWP,WE,Towers with Radar,237,59,52,0,348,0,0,13,0,13,237,59,65,0,361,0,0,0,361
03/02/2010,SJC,CA,AWP,WE,Towers with Radar,239,78,48,0,365,0,0,10,3,13,239,78,58,3,378,0,0,0,378
03/03/2010,SJC,CA,AWP,WE,Towers with Radar,247,87,51,0,385,0,0,0,0,0,247,87,51,0,385,0,0,0,385
03/04/2010,SJC,CA,AWP,WE,Towers with Radar,252,97,52,0,401,0,0,21,1,22,252,97,73,1,423,0,0,0,423
03/05/2010,SJC,CA,AWP,WE,Towers with Radar,238,80,52,0,370,0,0,19,0,19,238,80,71,0,389,18,0,18,407
03/06/2010,SJC,CA,AWP,WE,Towers with Radar,164,36,24,0,224,0,1,24,0,25,164,37,48,0,249,12,0,12,261
03/07/2010,SJC,CA,AWP,WE,Towers with Radar,209,58,50,0,317,0,1,15,0,16,209,59,65,0,333,0,0,0,333
03/08/2010,SJC,CA,AWP,WE,Towers with Radar,237,80,44,0,361,0,0,6,3,9,237,80,50,3,370,0,0,0,370
03/09/2010,SJC,CA,AWP,WE,Towers with Radar,239,81,53,0,373,0,0,20,0,20,239,81,73,0,393,0,0,0,393
03/10/2010,SJC,CA,AWP,WE,Towers with Radar,245,91,48,0,384,0,0,28,0,28,245,91,76,0,412,10,0,10,422
03/11/2010,SJC,CA,AWP,WE,Towers with Radar,249,91,47,0,387,0,3,34,0,37,249,94,81,0,424,18,0,18,442
03/12/2010,SJC,CA,AWP,WE,Towers with Radar,241,89,61,0,391,0,2,10,1,13,241,91,71,1,404,0,0,0,404
03/13/2010,SJC,CA,AWP,WE,Towers with Radar,166,39,14,0,219,0,2,30,0,32,166,41,44,0,251,0,0,0,251
03/14/2010,SJC,CA,AWP,WE,Towers with Radar,220,51,48,0,319,0,2,40,0,42,220,53,88,0,361,0,0,0,361
03/15/2010,SJC,CA,AWP,WE,Towers with Radar,246,75,44,0,365,0,0,33,2,35,246,75,77,2,400,0,0,0,400
03/16/2010,SJC,CA,AWP,WE,Towers with Radar,254,87,48,2,391,0,0,23,1,24,254,87,71,3,415,0,0,0,415
03/17/2010,SJC,CA,AWP,WE,Towers with Radar,251,96,60,0,407,0,1,26,0,27,251,97,86,0,434,18,0,18,452
03/18/2010,SJC,CA,AWP,WE,Towers with Radar,265,93,57,0,415,0,3,31,1,35,265,96,88,1,450,0,0,0,450
03/19/2010,SJC,CA,AWP,WE,Towers with Radar,247,80,58,2,387,0,0,53,0,53,247,80,111,2,440,4,0,4,444
03/20/2010,SJC,CA,AWP,WE,Towers with Radar,184,49,33,0,266,0,0,40,0,40,184,49,73,0,306,8,0,8,314
03/21/2010,SJC,CA,AWP,WE,Towers with Radar,221,61,51,0,333,0,1,25,0,26,221,62,76,0,359,0,0,0,359
03/22/2010,SJC,CA,AWP,WE,Towers with Radar,247,76,37,0,360,0,2,16,0,18,247,78,53,0,378,12,0,12,390
03/23/2010,SJC,CA,AWP,WE,Towers with Radar,239,86,43,0,368,0,0,36,0,36,239,86,79,0,404,0,0,0,404
03/24/2010,SJC,CA,AWP,WE,Towers with Radar,240,76,41,0,357,0,1,27,0,28,240,77,68,0,385,0,0,0,385
03/25/2010,SJC,CA,AWP,WE,Towers with Radar,256,78,73,0,407,0,0,30,0,30,256,78,103,0,437,34,0,34,471
03/26/2010,SJC,CA,AWP,WE,Towers with Radar,249,75,57,0,381,0,0,33,0,33,249,75,90,0,414,20,0,20,434
03/27/2010,SJC,CA,AWP,WE,Towers with Radar,182,42,45,0,269,0,3,28,0,31,182,45,73,0,300,46,0,46,346
03/28/2010,SJC,CA,AWP,WE,Towers with Radar,221,44,48,0,313,0,0,23,0,23,221,44,71,0,336,30,0,30,366
03/29/2010,SJC,CA,AWP,WE,Towers with Radar,251,61,53,2,367,0,1,14,0,15,251,62,67,2,382,0,0,0,382
03/30/2010,SJC,CA,AWP,WE,Towers with Radar,242,75,50,0,367,0,2,3,0,5,242,77,53,0,372,0,0,0,372
03/31/2010,SJC,CA,AWP,WE,Towers with Radar,253,89,45,0,387,0,0,10,0,10,253,89,55,0,397,16,0,16,413
04/01/2010,SJC,CA,AWP,WE,Towers with Radar,250,71,62,0,383,0,1,22,0,23,250,72,84,0,406,12,0,12,418
04/02/2010,SJC,CA,AWP,WE,Towers with Radar,250,80,54,0,384,0,0,7,0,7,250,80,61,0,391,0,0,0,391
04/03/2010,SJC,CA,AWP,WE,Towers with Radar,180,54,26,0,260,0,3,21,2,26,180,57,47,2,286,28,0,28,314
04/04/2010,SJC,CA,AWP,WE,Towers with Radar,221,50,33,0,304,0,0,3,0,3,221,50,36,0,307,0,0,0,307
04/05/2010,SJC,CA,AWP,WE,Towers with Radar,254,75,60,0,389,0,0,17,0,17,254,75,77,0,406,0,0,0,406
04/06/2010,SJC,CA,AWP,WE,Towers with Radar,249,76,42,0,367,0,5,35,0,40,249,81,77,0,407,6,0,6,413
04/07/2010,SJC,CA,AWP,WE,Towers with Radar,256,77,45,0,378,0,4,45,0,49,256,81,90,0,427,0,0,0,427
04/08/2010,SJC,CA,AWP,WE,Towers with Radar,254,80,51,0,385,0,0,44,0,44,254,80,95,0,429,0,0,0,429
04/09/2010,SJC,CA,AWP,WE,Towers with Radar,257,65,56,0,378,0,1,37,1,39,257,66,93,1,417,20,0,20,437
04/10/2010,SJC,CA,AWP,WE,Towers with Radar,184,39,46,0,269,0,0,7,0,7,184,39,53,0,276,0,0,0,276
04/11/2010,SJC,CA,AWP,WE,Towers with Radar,217,60,60,0,337,0,0,0,0,0,217,60,60,0,337,0,0,0,337
04/12/2010,SJC,CA,AWP,WE,Towers with Radar,252,67,47,0,366,0,0,5,0,5,252,67,52,0,371,0,0,0,371
04/13/2010,SJC,CA,AWP,WE,Towers with Radar,253,65,60,0,378,0,1,27,3,31,253,66,87,3,409,0,0,0,409
04/14/2010,SJC,CA,AWP,WE,Towers with Radar,250,65,61,0,376,0,3,35,2,40,250,68,96,2,416,14,0,14,430
04/15/2010,SJC,CA,AWP,WE,Towers with Radar,257,82,51,0,390,0,3,44,1,48,257,85,95,1,438,20,0,20,458
04/16/2010,SJC,CA,AWP,WE,Towers with Radar,252,67,64,0,383,0,0,44,0,44,252,67,108,0,427,0,0,0,427
04/17/2010,SJC,CA,AWP,WE,Towers with Radar,176,37,32,0,245,0,2,25,0,27,176,39,57,0,272,34,0,34,306
04/18/2010,SJC,CA,AWP,WE,Towers with Radar,216,59,54,0,329,0,2,37,4,43,216,61,91,4,372,38,0,38,410
04/19/2010,SJC,CA,AWP,WE,Towers with Radar,252,70,59,0,381,0,5,27,1,33,252,75,86,1,414,0,0,0,414
04/20/2010,SJC,CA,AWP,WE,Towers with Radar,249,79,60,1,389,0,0,6,0,6,249,79,66,1,395,18,0,18,413
04/21/2010,SJC,CA,AWP,WE,Towers with Radar,256,83,67,2,408,0,0,7,1,8,256,83,74,3,416,0,0,0,416
04/22/2010,SJC,CA,AWP,WE,Towers with Radar,253,74,68,0,395,0,0,33,0,33,253,74,101,0,428,18,0,18,446
04/23/2010,SJC,CA,AWP,WE,Towers with Radar,251,83,59,1,394,0,1,45,0,46,251,84,104,1,440,0,0,0,440
04/24/2010,SJC,CA,AWP,WE,Towers with Radar,181,38,28,0,247,0,2,24,2,28,181,40,52,2,275,2,0,2,277
04/25/2010,SJC,CA,AWP,WE,Towers with Radar,217,50,33,0,300,0,0,52,0,52,217,50,85,0,352,8,0,8,360
04/26/2010,SJC,CA,AWP,WE,Towers with Radar,246,83,42,0,371,0,1,37,0,38,246,84,79,0,409,0,0,0,409
04/27/2010,SJC,CA,AWP,WE,Towers with Radar,247,70,53,0,370,0,1,3,0,4,247,71,56,0,374,0,0,0,374
04/28/2010,SJC,CA,AWP,WE,Towers with Radar,248,74,64,0,386,0,0,6,0,6,248,74,70,0,392,0,0,0,392
04/29/2010,SJC,CA,AWP,WE,Towers with Radar,257,83,63,0,403,0,1,28,0,29,257,84,91,0,432,12,0,12,444
04/30/2010,SJC,CA,AWP,WE,Towers with Radar,253,69,72,0,394,0,0,53,0,53,253,69,125,0,447,40,0,40,487
05/01/2010,SJC,CA,AWP,WE,Towers with Radar,185,37,22,0,244,0,0,30,0,30,185,37,52,0,274,32,0,32,306
05/02/2010,SJC,CA,AWP,WE,Towers with Radar,219,50,50,0,319,0,0,33,0,33,219,50,83,0,352,0,0,0,352
05/03/2010,SJC,CA,AWP,WE,Towers with Radar,258,72,51,0,381,0,0,41,0,41,258,72,92,0,422,6,0,6,428
05/04/2010,SJC,CA,AWP,WE,Towers with Radar,249,66,34,0,349,0,0,43,2,45,249,66,77,2,394,26,0,26,420
05/05/2010,SJC,CA,AWP,WE,Towers with Radar,259,70,50,0,379,0,1,23,0,24,259,71,73,0,403,2,0,2,405
05/06/2010,SJC,CA,AWP,WE,Towers with Radar,261,72,57,0,390,0,0,34,0,34,261,72,91,0,424,6,0,6,430
05/07/2010,SJC,CA,AWP,WE,Towers with Radar,258,78,58,0,394,0,0,42,1,43,258,78,100,1,437,16,0,16,453
05/08/2010,SJC,CA,AWP,WE,Towers with Radar,194,37,24,0,255,0,0,25,0,25,194,37,49,0,280,36,0,36,316
05/09/2010,SJC,CA,AWP,WE,Towers with Radar,219,50,41,0,310,0,0,12,0,12,219,50,53,0,322,10,0,10,332
05/10/2010,SJC,CA,AWP,WE,Towers with Radar,251,65,46,0,362,0,0,7,0,7,251,65,53,0,369,14,0,14,383
05/11/2010,SJC,CA,AWP,WE,Towers with Radar,250,61,48,0,359,0,0,41,0,41,250,61,89,0,400,20,0,20,420
05/12/2010,SJC,CA,AWP,WE,Towers with Radar,253,66,56,0,375,0,0,48,0,48,253,66,104,0,423,20,0,20,443
05/13/2010,SJC,CA,AWP,WE,Towers with Radar,263,73,57,1,394,0,0,35,1,36,263,73,92,2,430,0,0,0,430
05/14/2010,SJC,CA,AWP,WE,Towers with Radar,246,64,71,0,381,0,2,19,0,21,246,66,90,0,402,20,0,20,422
05/15/2010,SJC,CA,AWP,WE,Towers with Radar,191,34,36,0,261,0,2,30,0,32,191,36,66,0,293,32,0,32,325
05/16/2010,SJC,CA,AWP,WE,Towers with Radar,222,45,44,1,312,0,1,26,0,27,222,46,70,1,339,0,0,0,339
05/17/2010,SJC,CA,AWP,WE,Towers with Radar,254,60,42,0,356,0,0,3,0,3,254,60,45,0,359,0,0,0,359
05/18/2010,SJC,CA,AWP,WE,Towers with Radar,247,63,58,0,368,0,0,13,0,13,247,63,71,0,381,0,0,0,381
05/19/2010,SJC,CA,AWP,WE,Towers with Radar,263,74,50,0,387,0,0,18,2,20,263,74,68,2,407,0,0,0,407
05/20/2010,SJC,CA,AWP,WE,Towers with Radar,257,65,73,0,395,0,1,27,1,29,257,66,100,1,424,38,0,38,462
05/21/2010,SJC,CA,AWP,WE,Towers with Radar,255,82,50,1,388,0,3,42,2,47,255,85,92,3,435,2,0,2,437
05/22/2010,SJC,CA,AWP,WE,Towers with Radar,187,30,22,0,239,0,1,13,1,15,187,31,35,1,254,12,0,12,266
05/23/2010,SJC,CA,AWP,WE,Towers with Radar,219,40,32,0,291,0,3,22,0,25,219,43,54,0,316,0,0,0,316
05/24/2010,SJC,CA,AWP,WE,Towers with Radar,249,70,30,1,350,0,0,34,2,36,249,70,64,3,386,0,0,0,386
05/25/2010,SJC,CA,AWP,WE,Towers with Radar,249,85,68,0,402,0,1,9,0,10,249,86,77,0,412,0,0,0,412
05/26/2010,SJC,CA,AWP,WE,Towers with Radar,255,83,50,0,388,0,0,10,0,10,255,83,60,0,398,20,0,20,418
05/27/2010,SJC,CA,AWP,WE,Towers with Radar,265,84,70,0,419,0,2,8,1,11,265,86,78,1,430,12,0,12,442
05/28/2010,SJC,CA,AWP,WE,Towers with Radar,253,54,49,0,356,0,1,49,2,52,253,55,98,2,408,18,0,18,426
05/29/2010,SJC,CA,AWP,WE,Towers with Radar,191,33,21,0,245,0,0,41,2,43,191,33,62,2,288,94,0,94,382
05/30/2010,SJC,CA,AWP,WE,Towers with Radar,177,30,14,0,221,0,0,30,0,30,177,30,44,0,251,0,0,0,251
05/31/2010,SJC,CA,AWP,WE,Towers with Radar,234,51,53,0,338,0,0,38,0,38,234,51,91,0,376,8,0,8,384
06/01/2010,SJC,CA,AWP,WE,Towers with Radar,254,72,70,0,396,0,0,38,2,40,254,72,108,2,436,12,0,12,448
06/02/2010,SJC,CA,AWP,WE,Towers with Radar,257,79,48,0,384,0,0,40,0,40,257,79,88,0,424,10,0,10,434
06/03/2010,SJC,CA,AWP,WE,Towers with Radar,253,81,56,0,390,0,0,42,0,42,253,81,98,0,432,26,0,26,458
06/04/2010,SJC,CA,AWP,WE,Towers with Radar,258,62,54,0,374,0,0,26,1,27,258,62,80,1,401,6,0,6,407
06/05/2010,SJC,CA,AWP,WE,Towers with Radar,187,29,22,0,238,0,3,26,1,30,187,32,48,1,268,4,0,4,272
06/06/2010,SJC,CA,AWP,WE,Towers with Radar,220,44,35,0,299,0,1,36,0,37,220,45,71,0,336,0,0,0,336
06/07/2010,SJC,CA,AWP,WE,Towers with Radar,259,65,40,0,364,0,1,38,0,39,259,66,78,0,403,0,0,0,403
06/08/2010,SJC,CA,AWP,WE,Towers with Radar,251,75,64,0,390,0,2,35,1,38,251,77,99,1,428,0,0,0,428
06/09/2010,SJC,CA,AWP,WE,Towers with Radar,258,64,50,1,373,0,1,23,1,25,258,65,73,2,398,6,0,6,404
06/10/2010,SJC,CA,AWP,WE,Towers with Radar,255,59,54,0,368,0,1,25,0,26,255,60,79,0,394,6,0,6,400
06/11/2010,SJC,CA,AWP,WE,Towers with Radar,246,60,53,0,359,0,0,43,1,44,246,60,96,1,403,32,0,32,435
06/12/2010,SJC,CA,AWP,WE,Towers with Radar,192,39,32,0,263,0,4,36,2,42,192,43,68,2,305,0,0,0,305
06/13/2010,SJC,CA,AWP,WE,Towers with Radar,218,48,46,0,312,0,0,41,0,41,218,48,87,0,353,0,0,0,353
06/14/2010,SJC,CA,AWP,WE,Towers with Radar,252,55,41,0,348,0,1,33,0,34,252,56,74,0,382,2,0,2,384
06/15/2010,SJC,CA,AWP,WE,Towers with Radar,252,59,52,1,364,0,0,23,0,23,252,59,75,1,387,10,0,10,397
06/16/2010,SJC,CA,AWP,WE,Towers with Radar,261,66,48,1,376,0,1,39,0,40,261,67,87,1,416,23,0,23,439
06/17/2010,SJC,CA,AWP,WE,Towers with Radar,255,65,45,0,365,0,0,24,0,24,255,65,69,0,389,44,0,44,433
06/18/2010,SJC,CA,AWP,WE,Towers with Radar,252,54,41,2,349,0,2,48,2,52,252,56,89,4,401,10,0,10,411
06/19/2010,SJC,CA,AWP,WE,Towers with Radar,189,34,23,0,246,0,1,41,3,45,189,35,64,3,291,34,0,34,325
06/20/2010,SJC,CA,AWP,WE,Towers with Radar,219,53,37,1,310,0,0,23,0,23,219,53,60,1,333,40,0,40,373
06/21/2010,SJC,CA,AWP,WE,Towers with Radar,253,67,45,0,365,0,1,42,2,45,253,68,87,2,410,22,0,22,432
06/22/2010,SJC,CA,AWP,WE,Towers with Radar,253,62,31,0,346,0,1,40,0,41,253,63,71,0,387,32,0,32,419
06/23/2010,SJC,CA,AWP,WE,Towers with Radar,250,63,53,0,366,0,2,31,0,33,250,65,84,0,399,0,0,0,399
06/24/2010,SJC,CA,AWP,WE,Towers with Radar,256,66,59,0,381,0,1,30,2,33,256,67,89,2,414,26,0,26,440
06/25/2010,SJC,CA,AWP,WE,Towers with Radar,250,60,43,0,353,0,1,40,0,41,250,61,83,0,394,18,0,18,412
06/26/2010,SJC,CA,AWP,WE,Towers with Radar,190,32,20,0,242,0,1,15,0,16,190,33,35,0,258,12,0,12,270
06/27/2010,SJC,CA,AWP,WE,Towers with Radar,224,43,38,0,305,0,2,41,1,44,224,45,79,1,349,26,0,26,375
06/28/2010,SJC,CA,AWP,WE,Towers with Radar,250,41,37,0,328,0,1,31,2,34,250,42,68,2,362,0,0,0,362
06/29/2010,SJC,CA,AWP,WE,Towers with Radar,252,31,33,0,316,0,0,35,0,35,252,31,68,0,351,0,0,0,351
06/30/2010,SJC,CA,AWP,WE,Towers with Radar,253,36,39,2,330,0,0,47,0,47,253,36,86,2,377,28,0,28,405
07/01/2010,SJC,CA,AWP,WE,Towers with Radar,261,45,37,0,343,0,0,40,0,40,261,45,77,0,383,0,0,0,383
07/02/2010,SJC,CA,AWP,WE,Towers with Radar,253,55,47,0,355,0,2,42,3,47,253,57,89,3,402,10,0,10,412
07/03/2010,SJC,CA,AWP,WE,Towers with Radar,193,31,11,0,235,0,1,23,0,24,193,32,34,0,259,4,0,4,263
07/04/2010,SJC,CA,AWP,WE,Towers with Radar,163,29,12,0,204,0,1,11,0,12,163,30,23,0,216,10,0,10,226
07/05/2010,SJC,CA,AWP,WE,Towers with Radar,233,63,36,0,332,0,1,43,0,44,233,64,79,0,376,0,0,0,376
07/06/2010,SJC,CA,AWP,WE,Towers with Radar,248,57,33,0,338,0,0,26,0,26,248,57,59,0,364,44,0,44,408
07/07/2010,SJC,CA,AWP,WE,Towers with Radar,256,74,34,0,364,0,2,26,1,29,256,76,60,1,393,40,0,40,433
07/08/2010,SJC,CA,AWP,WE,Towers with Radar,254,66,53,0,373,0,2,32,0,34,254,68,85,0,407,8,0,8,415
07/09/2010,SJC,CA,AWP,WE,Towers with Radar,257,55,55,0,367,0,0,35,0,35,257,55,90,0,402,8,0,8,410
07/10/2010,SJC,CA,AWP,WE,Towers with Radar,198,36,19,0,253,0,2,29,1,32,198,38,48,1,285,10,0,10,295
07/11/2010,SJC,CA,AWP,WE,Towers with Radar,219,50,42,0,311,0,0,29,2,31,219,50,71,2,342,0,0,0,342
07/12/2010,SJC,CA,AWP,WE,Towers with Radar,252,55,39,0,346,0,3,23,3,29,252,58,62,3,375,26,0,26,401
07/13/2010,SJC,CA,AWP,WE,Towers with Radar,252,72,45,0,369,0,1,30,0,31,252,73,75,0,400,8,0,8,408
07/14/2010,SJC,CA,AWP,WE,Towers with Radar,251,62,41,0,354,0,3,22,0,25,251,65,63,0,379,26,0,26,405
07/15/2010,SJC,CA,AWP,WE,Towers with Radar,253,71,57,0,381,0,0,44,2,46,253,71,101,2,427,44,0,44,471
07/16/2010,SJC,CA,AWP,WE,Towers with Radar,253,60,34,0,347,0,0,47,0,47,253,60,81,0,394,38,0,38,432
07/17/2010,SJC,CA,AWP,WE,Towers with Radar,191,37,19,1,248,0,0,31,5,36,191,37,50,6,284,2,0,2,286
07/18/2010,SJC,CA,AWP,WE,Towers with Radar,217,49,48,1,315,0,2,34,3,39,217,51,82,4,354,30,0,30,384
07/19/2010,SJC,CA,AWP,WE,Towers with Radar,252,56,44,3,355,0,0,36,0,36,252,56,80,3,391,18,0,18,409
07/20/2010,SJC,CA,AWP,WE,Towers with Radar,253,70,48,0,371,0,0,24,0,24,253,70,72,0,395,0,0,0,395
07/21/2010,SJC,CA,AWP,WE,Towers with Radar,257,57,55,0,369,0,1,52,0,53,257,58,107,0,422,0,0,0,422
07/22/2010,SJC,CA,AWP,WE,Towers with Radar,259,73,59,0,391,0,0,34,0,34,259,73,93,0,425,30,0,30,455
07/23/2010,SJC,CA,AWP,WE,Towers with Radar,251,57,37,1,346,0,1,31,0,32,251,58,68,1,378,6,0,6,384
07/24/2010,SJC,CA,AWP,WE,Towers with Radar,188,31,19,1,239,0,2,21,1,24,188,33,40,2,263,6,0,6,269
07/25/2010,SJC,CA,AWP,WE,Towers with Radar,220,49,39,0,308,0,2,28,2,32,220,51,67,2,340,16,0,16,356
07/26/2010,SJC,CA,AWP,WE,Towers with Radar,257,56,40,0,353,0,1,16,0,17,257,57,56,0,370,42,0,42,412
07/27/2010,SJC,CA,AWP,WE,Towers with Radar,250,77,44,0,371,0,0,43,0,43,250,77,87,0,414,58,0,58,472
07/28/2010,SJC,CA,AWP,WE,Towers with Radar,253,74,45,1,373,0,4,26,1,31,253,78,71,2,404,34,0,34,438
07/29/2010,SJC,CA,AWP,WE,Towers with Radar,257,69,61,0,387,0,1,33,1,35,257,70,94,1,422,64,0,64,486
07/30/2010,SJC,CA,AWP,WE,Towers with Radar,252,67,58,0,377,0,3,48,2,53,252,70,106,2,430,78,0,78,508
07/31/2010,SJC,CA,AWP,WE,Towers with Radar,191,36,22,0,249,0,1,23,1,25,191,37,45,1,274,14,0,14,288
08/01/2010,SJC,CA,AWP,WE,Towers with Radar,220,38,40,0,298,0,3,44,0,47,220,41,84,0,345,0,0,0,345
08/02/2010,SJC,CA,AWP,WE,Towers with Radar,253,54,36,0,343,0,2,25,1,28,253,56,61,1,371,0,0,0,371
08/03/2010,SJC,CA,AWP,WE,Towers with Radar,250,57,34,0,341,0,1,23,0,24,250,58,57,0,365,0,0,0,365
08/04/2010,SJC,CA,AWP,WE,Towers with Radar,248,80,73,0,401,0,0,34,0,34,248,80,107,0,435,6,0,6,441
08/05/2010,SJC,CA,AWP,WE,Towers with Radar,256,78,59,0,393,0,0,31,1,32,256,78,90,1,425,6,0,6,431
08/06/2010,SJC,CA,AWP,WE,Towers with Radar,245,76,51,0,372,0,0,36,2,38,245,76,87,2,410,32,0,32,442
08/07/2010,SJC,CA,AWP,WE,Towers with Radar,191,34,37,0,262,0,0,27,0,27,191,34,64,0,289,14,0,14,303
08/08/2010,SJC,CA,AWP,WE,Towers with Radar,221,58,53,0,332,0,0,31,0,31,221,58,84,0,363,34,0,34,397
08/09/2010,SJC,CA,AWP,WE,Towers with Radar,248,56,38,0,342,0,0,26,2,28,248,56,64,2,370,64,0,64,434
08/10/2010,SJC,CA,AWP,WE,Towers with Radar,255,69,66,0,390,0,1,29,1,31,255,70,95,1,421,36,0,36,457
08/11/2010,SJC,CA,AWP,WE,Towers with Radar,252,60,63,0,375,0,0,36,1,37,252,60,99,1,412,40,0,40,452
08/12/2010,SJC,CA,AWP,WE,Towers with Radar,255,73,47,0,375,0,3,35,1,39,255,76,82,1,414,12,0,12,426
08/13/2010,SJC,CA,AWP,WE,Towers with Radar,251,64,52,0,367,0,0,31,0,31,251,64,83,0,398,0,0,0,398
08/14/2010,SJC,CA,AWP,WE,Towers with Radar,191,34,30,0,255,0,0,21,0,21,191,34,51,0,276,4,0,4,280
08/15/2010,SJC,CA,AWP,WE,Towers with Radar,214,60,48,0,322,0,0,19,0,19,214,60,67,0,341,38,0,38,379
08/16/2010,SJC,CA,AWP,WE,Towers with Radar,240,55,44,0,339,0,0,23,0,23,240,55,67,0,362,0,0,0,362
08/17/2010,SJC,CA,AWP,WE,Towers with Radar,245,57,47,0,349,0,3,16,0,19,245,60,63,0,368,6,0,6,374
08/18/2010,SJC,CA,AWP,WE,Towers with Radar,250,72,59,0,381,0,0,27,2,29,250,72,86,2,410,0,0,0,410
08/19/2010,SJC,CA,AWP,WE,Towers with Radar,243,67,56,0,366,0,0,30,0,30,243,67,86,0,396,0,0,0,396
08/20/2010,SJC,CA,AWP,WE,Towers with Radar,247,57,42,0,346,0,1,33,1,35,247,58,75,1,381,0,0,0,381
08/21/2010,SJC,CA,AWP,WE,Towers with Radar,170,31,26,0,227,0,0,29,0,29,170,31,55,0,256,44,0,44,300
08/22/2010,SJC,CA,AWP,WE,Towers with Radar,196,45,45,0,286,0,0,27,5,32,196,45,72,5,318,16,0,16,334
08/23/2010,SJC,CA,AWP,WE,Towers with Radar,249,63,27,0,339,0,1,37,2,40,249,64,64,2,379,0,0,0,379
08/24/2010,SJC,CA,AWP,WE,Towers with Radar,238,60,32,1,331,0,3,50,0,53,238,63,82,1,384,52,0,52,436
08/25/2010,SJC,CA,AWP,WE,Towers with Radar,247,64,42,1,354,0,3,40,2,45,247,67,82,3,399,68,0,68,467
08/26/2010,SJC,CA,AWP,WE,Towers with Radar,251,76,48,1,376,0,2,31,0,33,251,78,79,1,409,54,0,54,463
08/27/2010,SJC,CA,AWP,WE,Towers with Radar,241,61,30,1,333,0,0,39,2,41,241,61,69,3,374,36,0,36,410
08/28/2010,SJC,CA,AWP,WE,Towers with Radar,172,29,17,1,219,0,1,19,0,20,172,30,36,1,239,38,0,38,277
08/29/2010,SJC,CA,AWP,WE,Towers with Radar,207,38,29,0,274,0,1,27,1,29,207,39,56,1,303,26,0,26,329
08/30/2010,SJC,CA,AWP,WE,Towers with Radar,239,71,37,0,347,0,4,32,0,36,239,75,69,0,383,2,0,2,385
08/31/2010,SJC,CA,AWP,WE,Towers with Radar,246,51,48,0,345,0,0,35,0,35,246,51,83,0,380,0,0,0,380
09/01/2010,SJC,CA,AWP,WE,Towers with Radar,249,64,61,0,374,0,0,39,0,39,249,64,100,0,413,4,0,4,417
09/02/2010,SJC,CA,AWP,WE,Towers with Radar,246,69,61,0,376,0,1,36,0,37,246,70,97,0,413,0,0,0,413
09/03/2010,SJC,CA,AWP,WE,Towers with Radar,245,67,62,0,374,0,0,36,0,36,245,67,98,0,410,4,0,4,414
09/04/2010,SJC,CA,AWP,WE,Towers with Radar,169,35,27,0,231,0,1,29,1,31,169,36,56,1,262,14,0,14,276
09/05/2010,SJC,CA,AWP,WE,Towers with Radar,166,34,10,0,210,0,0,25,0,25,166,34,35,0,235,2,0,2,237
09/06/2010,SJC,CA,AWP,WE,Towers with Radar,223,57,50,0,330,0,1,28,0,29,223,58,78,0,359,0,0,0,359
09/07/2010,SJC,CA,AWP,WE,Towers with Radar,247,62,40,0,349,0,0,37,0,37,247,62,77,0,386,0,0,0,386
09/08/2010,SJC,CA,AWP,WE,Towers with Radar,249,69,75,0,393,0,0,10,1,11,249,69,85,1,404,0,0,0,404
09/09/2010,SJC,CA,AWP,WE,Towers with Radar,245,68,43,0,356,0,0,33,1,34,245,68,76,1,390,26,0,26,416
09/10/2010,SJC,CA,AWP,WE,Towers with Radar,245,61,35,0,341,0,0,32,6,38,245,61,67,6,379,36,2,38,417
09/11/2010,SJC,CA,AWP,WE,Towers with Radar,173,34,23,0,230,0,1,30,0,31,173,35,53,0,261,64,0,64,325
09/12/2010,SJC,CA,AWP,WE,Towers with Radar,209,43,50,0,302,0,0,15,0,15,209,43,65,0,317,18,0,18,335
09/13/2010,SJC,CA,AWP,WE,Towers with Radar,248,76,44,0,368,0,1,11,2,14,248,77,55,2,382,0,0,0,382
09/14/2010,SJC,CA,AWP,WE,Towers with Radar,243,82,70,1,396,0,1,30,0,31,243,83,100,1,427,0,0,0,427
09/15/2010,SJC,CA,AWP,WE,Towers with Radar,246,71,58,0,375,0,2,28,0,30,246,73,86,0,405,8,0,8,413
09/16/2010,SJC,CA,AWP,WE,Towers with Radar,250,81,58,0,389,0,3,32,1,36,250,84,90,1,425,10,0,10,435
09/17/2010,SJC,CA,AWP,WE,Towers with Radar,243,71,66,0,380,0,0,17,0,17,243,71,83,0,397,0,0,0,397
09/18/2010,SJC,CA,AWP,WE,Towers with Radar,172,33,32,1,238,0,2,15,1,18,172,35,47,2,256,0,0,0,256
09/19/2010,SJC,CA,AWP,WE,Towers with Radar,206,42,47,0,295,0,0,11,0,11,206,42,58,0,306,0,0,0,306
09/20/2010,SJC,CA,AWP,WE,Towers with Radar,242,66,36,1,345,0,1,19,0,20,242,67,55,1,365,0,0,0,365
09/21/2010,SJC,CA,AWP,WE,Towers with Radar,248,64,46,0,358,0,0,33,3,36,248,64,79,3,394,18,0,18,412
09/22/2010,SJC,CA,AWP,WE,Towers with Radar,237,62,58,0,357,0,1,32,0,33,237,63,90,0,390,4,0,4,394
09/23/2010,SJC,CA,AWP,WE,Towers with Radar,251,75,56,0,382,0,0,50,3,53,251,75,106,3,435,15,0,15,450
09/24/2010,SJC,CA,AWP,WE,Towers with Radar,246,66,63,0,375,0,0,24,0,24,246,66,87,0,399,13,0,13,412
09/25/2010,SJC,CA,AWP,WE,Towers with Radar,168,34,30,0,232,0,0,26,0,26,168,34,56,0,258,20,0,20,278
09/26/2010,SJC,CA,AWP,WE,Towers with Radar,217,41,48,0,306,0,0,38,1,39,217,41,86,1,345,4,0,4,349
09/27/2010,SJC,CA,AWP,WE,Towers with Radar,237,63,32,0,332,0,3,32,0,35,237,66,64,0,367,0,0,0,367
09/28/2010,SJC,CA,AWP,WE,Towers with Radar,246,67,48,0,361,0,0,46,0,46,246,67,94,0,407,76,0,76,483
09/29/2010,SJC,CA,AWP,WE,Towers with Radar,247,75,49,0,371,0,0,31,5,36,247,75,80,5,407,26,0,26,433
09/30/2010,SJC,CA,AWP,WE,Towers with Radar,250,62,68,0,380,0,0,46,2,48,250,62,114,2,428,0,0,0,428
10/01/2010,SJC,CA,AWP,WE,Towers with Radar,245,57,79,1,382,0,1,23,0,24,245,58,102,1,406,6,0,6,412
10/02/2010,SJC,CA,AWP,WE,Towers with Radar,170,37,37,0,244,0,0,32,0,32,170,37,69,0,276,16,0,16,292
10/03/2010,SJC,CA,AWP,WE,Towers with Radar,216,51,52,0,319,0,0,25,0,25,216,51,77,0,344,26,0,26,370
10/04/2010,SJC,CA,AWP,WE,Towers with Radar,239,62,35,0,336,0,0,3,0,3,239,62,38,0,339,18,0,18,357
10/05/2010,SJC,CA,AWP,WE,Towers with Radar,239,64,39,2,344,0,1,16,0,17,239,65,55,2,361,0,0,0,361
10/06/2010,SJC,CA,AWP,WE,Towers with Radar,251,61,44,0,356,0,0,26,2,28,251,61,70,2,384,0,0,0,384
10/07/2010,SJC,CA,AWP,WE,Towers with Radar,255,63,53,0,371,0,2,33,0,35,255,65,86,0,406,0,0,0,406
10/08/2010,SJC,CA,AWP,WE,Towers with Radar,246,64,51,0,361,0,0,40,1,41,246,64,91,1,402,14,0,14,416
10/09/2010,SJC,CA,AWP,WE,Towers with Radar,171,42,40,0,253,0,0,17,2,19,171,42,57,2,272,0,0,0,272
10/10/2010,SJC,CA,AWP,WE,Towers with Radar,213,46,50,0,309,0,1,30,0,31,213,47,80,0,340,16,0,16,356
10/11/2010,SJC,CA,AWP,WE,Towers with Radar,244,60,48,0,352,0,0,43,0,43,244,60,91,0,395,0,0,0,395
10/12/2010,SJC,CA,AWP,WE,Towers with Radar,239,67,47,0,353,0,2,30,0,32,239,69,77,0,385,24,0,24,409
10/13/2010,SJC,CA,AWP,WE,Towers with Radar,246,75,45,0,366,0,0,39,1,40,246,75,84,1,406,52,0,52,458
10/14/2010,SJC,CA,AWP,WE,Towers with Radar,247,71,80,0,398,0,0,44,0,44,247,71,124,0,442,40,0,40,482
10/15/2010,SJC,CA,AWP,WE,Towers with Radar,244,73,51,0,368,0,0,34,0,34,244,73,85,0,402,0,0,0,402
10/16/2010,SJC,CA,AWP,WE,Towers with Radar,169,27,34,0,230,0,0,20,1,21,169,27,54,1,251,62,0,62,313
10/17/2010,SJC,CA,AWP,WE,Towers with Radar,214,59,61,0,334,0,1,6,1,8,214,60,67,1,342,0,0,0,342
10/18/2010,SJC,CA,AWP,WE,Towers with Radar,245,60,35,1,341,0,0,22,3,25,245,60,57,4,366,2,0,2,368
10/19/2010,SJC,CA,AWP,WE,Towers with Radar,240,72,63,0,375,0,0,33,0,33,240,72,96,0,408,2,0,2,410
10/20/2010,SJC,CA,AWP,WE,Towers with Radar,249,63,52,0,364,0,2,21,5,28,249,65,73,5,392,14,0,14,406
10/21/2010,SJC,CA,AWP,WE,Towers with Radar,245,84,90,0,419,0,0,22,1,23,245,84,112,1,442,0,0,0,442
10/22/2010,SJC,CA,AWP,WE,Towers with Radar,248,76,62,0,386,0,2,14,0,16,248,78,76,0,402,0,0,0,402
10/23/2010,SJC,CA,AWP,WE,Towers with Radar,171,39,40,0,250,0,0,14,0,14,171,39,54,0,264,0,0,0,264
10/24/2010,SJC,CA,AWP,WE,Towers with Radar,215,67,86,0,368,0,1,3,0,4,215,68,89,0,372,12,0,12,384
10/25/2010,SJC,CA,AWP,WE,Towers with Radar,244,60,67,0,371,0,0,31,0,31,244,60,98,0,402,0,0,0,402
10/26/2010,SJC,CA,AWP,WE,Towers with Radar,238,64,49,0,351,0,0,44,0,44,238,64,93,0,395,14,0,14,409
10/27/2010,SJC,CA,AWP,WE,Towers with Radar,249,74,66,0,389,0,1,38,0,39,249,75,104,0,428,48,0,48,476
10/28/2010,SJC,CA,AWP,WE,Towers with Radar,245,85,57,0,387,0,1,33,2,36,245,86,90,2,423,4,0,4,427
10/29/2010,SJC,CA,AWP,WE,Towers with Radar,247,52,58,1,358,0,0,28,0,28,247,52,86,1,386,0,0,0,386
10/30/2010,SJC,CA,AWP,WE,Towers with Radar,172,32,23,0,227,0,0,6,0,6,172,32,29,0,233,6,0,6,239
10/31/2010,SJC,CA,AWP,WE,Towers with Radar,207,34,33,0,274,0,1,44,1,46,207,35,77,1,320,52,0,52,372
11/01/2010,SJC,CA,AWP,WE,Towers with Radar,240,71,64,0,375,0,1,40,1,42,240,72,104,1,417,4,0,4,421
11/02/2010,SJC,CA,AWP,WE,Towers with Radar,238,66,46,0,350,0,1,46,0,47,238,67,92,0,397,8,0,8,405
11/03/2010,SJC,CA,AWP,WE,Towers with Radar,244,67,38,0,349,0,0,49,1,50,244,67,87,1,399,10,0,10,409
11/04/2010,SJC,CA,AWP,WE,Towers with Radar,250,66,58,1,375,0,0,41,0,41,250,66,99,1,416,6,0,6,422
11/05/2010,SJC,CA,AWP,WE,Towers with Radar,248,83,43,0,374,0,0,41,0,41,248,83,84,0,415,4,0,4,419
11/06/2010,SJC,CA,AWP,WE,Towers with Radar,170,34,37,0,241,0,0,6,0,6,170,34,43,0,247,12,0,12,259
11/07/2010,SJC,CA,AWP,WE,Towers with Radar,224,42,51,0,317,0,0,2,0,2,224,42,53,0,319,8,0,8,327
11/08/2010,SJC,CA,AWP,WE,Towers with Radar,244,62,35,0,341,0,2,32,0,34,244,64,67,0,375,28,0,28,403
11/09/2010,SJC,CA,AWP,WE,Towers with Radar,242,75,56,0,373,0,0,33,0,33,242,75,89,0,406,0,0,0,406
11/10/2010,SJC,CA,AWP,WE,Towers with Radar,244,72,50,0,366,0,0,31,0,31,244,72,81,0,397,0,0,0,397
11/11/2010,SJC,CA,AWP,WE,Towers with Radar,250,68,51,0,369,0,1,30,1,32,250,69,81,1,401,14,0,14,415
11/12/2010,SJC,CA,AWP,WE,Towers with Radar,247,59,44,0,350,0,0,38,1,39,247,59,82,1,389,0,0,0,389
11/13/2010,SJC,CA,AWP,WE,Towers with Radar,175,27,30,0,232,0,1,25,0,26,175,28,55,0,258,0,0,0,258
11/14/2010,SJC,CA,AWP,WE,Towers with Radar,220,49,39,0,308,0,1,30,0,31,220,50,69,0,339,0,0,0,339
11/15/2010,SJC,CA,AWP,WE,Towers with Radar,237,63,43,0,343,0,0,28,0,28,237,63,71,0,371,18,0,18,389
11/16/2010,SJC,CA,AWP,WE,Towers with Radar,237,62,46,0,345,0,1,32,0,33,237,63,78,0,378,10,0,10,388
11/17/2010,SJC,CA,AWP,WE,Towers with Radar,243,69,48,0,360,0,3,39,0,42,243,72,87,0,402,24,0,24,426
11/18/2010,SJC,CA,AWP,WE,Towers with Radar,244,73,66,0,383,0,1,25,1,27,244,74,91,1,410,0,0,0,410
11/19/2010,SJC,CA,AWP,WE,Towers with Radar,247,69,56,2,374,0,0,10,0,10,247,69,66,2,384,0,0,0,384
11/20/2010,SJC,CA,AWP,WE,Towers with Radar,187,45,25,0,257,0,2,6,0,8,187,47,31,0,265,0,0,0,265
11/21/2010,SJC,CA,AWP,WE,Towers with Radar,224,46,43,0,313,0,0,16,0,16,224,46,59,0,329,34,0,34,363
11/22/2010,SJC,CA,AWP,WE,Towers with Radar,234,48,43,0,325,0,1,9,1,11,234,49,52,1,336,0,0,0,336
11/23/2010,SJC,CA,AWP,WE,Towers with Radar,245,54,64,0,363,0,0,8,0,8,245,54,72,0,371,0,0,0,371
11/24/2010,SJC,CA,AWP,WE,Towers with Radar,252,47,61,0,360,0,3,34,0,37,252,50,95,0,397,0,0,0,397
11/25/2010,SJC,CA,AWP,WE,Towers with Radar,159,29,11,0,199,0,1,17,0,18,159,30,28,0,217,8,0,8,225
11/26/2010,SJC,CA,AWP,WE,Towers with Radar,199,26,22,0,247,0,0,30,1,31,199,26,52,1,278,4,0,4,282
11/27/2010,SJC,CA,AWP,WE,Towers with Radar,203,51,48,0,302,0,0,1,0,1,203,51,49,0,303,0,0,0,303
11/28/2010,SJC,CA,AWP,WE,Towers with Radar,247,54,85,0,386,0,2,40,3,45,247,56,125,3,431,12,0,12,443
11/29/2010,SJC,CA,AWP,WE,Towers with Radar,246,64,53,0,363,0,0,32,0,32,246,64,85,0,395,10,0,10,405
11/30/2010,SJC,CA,AWP,WE,Towers with Radar,242,62,40,0,344,0,3,41,0,44,242,65,81,0,388,0,0,0,388
12/01/2010,SJC,CA,AWP,WE,Towers with Radar,240,73,48,0,361,0,0,35,2,37,240,73,83,2,398,8,0,8,406
12/02/2010,SJC,CA,AWP,WE,Towers with Radar,243,67,71,0,381,0,0,18,1,19,243,67,89,1,400,0,0,0,400
12/03/2010,SJC,CA,AWP,WE,Towers with Radar,240,58,37,0,335,0,2,16,0,18,240,60,53,0,353,4,0,4,357
12/04/2010,SJC,CA,AWP,WE,Towers with Radar,175,26,36,0,237,0,0,12,0,12,175,26,48,0,249,18,0,18,267
12/05/2010,SJC,CA,AWP,WE,Towers with Radar,222,40,49,0,311,0,0,2,0,2,222,40,51,0,313,14,0,14,327
12/06/2010,SJC,CA,AWP,WE,Towers with Radar,243,75,51,0,369,0,2,14,1,17,243,77,65,1,386,0,0,0,386
12/07/2010,SJC,CA,AWP,WE,Towers with Radar,236,69,36,0,341,0,0,37,0,37,236,69,73,0,378,12,0,12,390
12/08/2010,SJC,CA,AWP,WE,Towers with Radar,241,72,66,0,379,0,0,5,0,5,241,72,71,0,384,4,0,4,388
12/09/2010,SJC,CA,AWP,WE,Towers with Radar,246,79,68,0,393,0,0,6,0,6,246,79,74,0,399,32,0,32,431
12/10/2010,SJC,CA,AWP,WE,Towers with Radar,241,63,58,0,362,0,0,6,1,7,241,63,64,1,369,12,0,12,381
12/11/2010,SJC,CA,AWP,WE,Towers with Radar,170,26,34,0,230,0,0,5,0,5,170,26,39,0,235,8,0,8,243
12/12/2010,SJC,CA,AWP,WE,Towers with Radar,218,39,49,0,306,0,0,0,3,3,218,39,49,3,309,0,0,0,309
12/13/2010,SJC,CA,AWP,WE,Towers with Radar,236,75,69,1,381,0,0,10,1,11,236,75,79,2,392,4,0,4,396
12/14/2010,SJC,CA,AWP,WE,Towers with Radar,237,76,79,0,392,0,0,3,0,3,237,76,82,0,395,16,0,16,411
12/15/2010,SJC,CA,AWP,WE,Towers with Radar,244,77,69,0,390,0,2,18,0,20,244,79,87,0,410,12,0,12,422
12/16/2010,SJC,CA,AWP,WE,Towers with Radar,246,69,59,0,374,0,1,33,0,34,246,70,92,0,408,0,0,0,408
12/17/2010,SJC,CA,AWP,WE,Towers with Radar,257,88,74,0,419,0,0,1,0,1,257,88,75,0,420,0,0,0,420
12/18/2010,SJC,CA,AWP,WE,Towers with Radar,197,59,24,0,280,0,2,13,0,15,197,61,37,0,295,7,0,7,302
12/19/2010,SJC,CA,AWP,WE,Towers with Radar,219,52,33,0,304,0,0,2,0,2,219,52,35,0,306,4,0,4,310
12/20/2010,SJC,CA,AWP,WE,Towers with Radar,246,42,55,0,343,1,1,6,0,8,247,43,61,0,351,0,0,0,351
12/21/2010,SJC,CA,AWP,WE,Towers with Radar,250,40,41,2,333,0,0,8,0,8,250,40,49,2,341,0,0,0,341
12/22/2010,SJC,CA,AWP,WE,Towers with Radar,252,45,41,0,338,0,1,6,1,8,252,46,47,1,346,40,0,40,386
12/23/2010,SJC,CA,AWP,WE,Towers with Radar,249,43,44,1,337,0,0,27,2,29,249,43,71,3,366,32,0,32,398
12/24/2010,SJC,CA,AWP,WE,Towers with Radar,179,37,31,0,247,0,3,15,0,18,179,40,46,0,265,2,0,2,267
12/25/2010,SJC,CA,AWP,WE,Towers with Radar,166,41,17,0,224,0,0,1,0,1,166,41,18,0,225,0,0,0,225
12/26/2010,SJC,CA,AWP,WE,Towers with Radar,232,52,72,0,356,0,0,8,0,8,232,52,80,0,364,0,0,0,364
12/27/2010,SJC,CA,AWP,WE,Towers with Radar,282,60,56,0,398,0,1,23,0,24,282,61,79,0,422,0,0,0,422
12/28/2010,SJC,CA,AWP,WE,Towers with Radar,239,42,38,1,320,0,1,8,1,10,239,43,46,2,330,14,0,14,344
12/29/2010,SJC,CA,AWP,WE,Towers with Radar,234,43,21,0,298,0,2,1,1,4,234,45,22,1,302,0,0,0,302
12/30/2010,SJC,CA,AWP,WE,Towers with Radar,242,33,32,0,307,1,2,30,0,33,243,35,62,0,340,0,0,0,340
12/31/2010,SJC,CA,AWP,WE,Towers with Radar,179,49,24,0,252,0,0,12,0,12,179,49,36,0,264,0,0,0,264
01/01/2011,SJC,CA,AWP,WE,Towers with Radar,166,40,44,0,250,0,0,1,1,2,166,40,45,1,252,0,0,0,252
01/02/2011,SJC,CA,AWP,WE,Towers with Radar,236,66,100,0,402,0,1,2,0,3,236,67,102,0,405,0,0,0,405
01/03/2011,SJC,CA,AWP,WE,Towers with Radar,246,65,37,0,348,0,0,9,0,9,246,65,46,0,357,0,0,0,357
01/04/2011,SJC,CA,AWP,WE,Towers with Radar,233,71,48,0,352,0,0,15,0,15,233,71,63,0,367,0,0,0,367
01/05/2011,SJC,CA,AWP,WE,Towers with Radar,234,97,54,0,385,0,0,41,0,41,234,97,95,0,426,4,0,4,430
01/06/2011,SJC,CA,AWP,WE,Towers with Radar,239,82,48,2,371,0,0,33,0,33,239,82,81,2,404,4,0,4,408
01/07/2011,SJC,CA,AWP,WE,Towers with Radar,231,70,44,0,345,0,0,8,0,8,231,70,52,0,353,16,0,16,369
01/08/2011,SJC,CA,AWP,WE,Towers with Radar,172,38,25,1,236,0,0,8,0,8,172,38,33,1,244,10,0,10,254
01/09/2011,SJC,CA,AWP,WE,Towers with Radar,208,37,50,0,295,0,0,19,0,19,208,37,69,0,314,50,0,50,364
01/10/2011,SJC,CA,AWP,WE,Towers with Radar,239,75,30,0,344,0,1,24,2,27,239,76,54,2,371,0,0,0,371
01/11/2011,SJC,CA,AWP,WE,Towers with Radar,228,87,39,0,354,0,0,11,0,11,228,87,50,0,365,0,0,0,365
01/12/2011,SJC,CA,AWP,WE,Towers with Radar,235,82,52,0,369,0,1,15,2,18,235,83,67,2,387,0,0,0,387
01/13/2011,SJC,CA,AWP,WE,Towers with Radar,243,88,68,0,399,0,0,4,0,4,243,88,72,0,403,0,0,0,403
01/14/2011,SJC,CA,AWP,WE,Towers with Radar,242,100,70,0,412,0,0,22,0,22,242,100,92,0,434,34,0,34,468
01/15/2011,SJC,CA,AWP,WE,Towers with Radar,171,43,21,0,235,0,1,18,1,20,171,44,39,1,255,8,0,8,263
01/16/2011,SJC,CA,AWP,WE,Towers with Radar,227,39,19,0,285,0,0,6,0,6,227,39,25,0,291,16,0,16,307
01/17/2011,SJC,CA,AWP,WE,Towers with Radar,221,86,68,0,375,0,1,7,0,8,221,87,75,0,383,0,0,0,383
01/18/2011,SJC,CA,AWP,WE,Towers with Radar,227,79,72,0,378,0,1,9,1,11,227,80,81,1,389,14,0,14,403
01/19/2011,SJC,CA,AWP,WE,Towers with Radar,235,73,51,1,360,0,0,32,0,32,235,73,83,1,392,22,0,22,414
01/20/2011,SJC,CA,AWP,WE,Towers with Radar,240,76,55,1,372,0,2,27,0,29,240,78,82,1,401,40,0,40,441
01/21/2011,SJC,CA,AWP,WE,Towers with Radar,234,76,43,0,353,0,0,48,0,48,234,76,91,0,401,32,0,32,433
01/22/2011,SJC,CA,AWP,WE,Towers with Radar,163,31,21,0,215,0,1,20,1,22,163,32,41,1,237,8,0,8,245
01/23/2011,SJC,CA,AWP,WE,Towers with Radar,215,52,44,0,311,0,0,29,0,29,215,52,73,0,340,10,0,10,350
01/24/2011,SJC,CA,AWP,WE,Towers with Radar,235,70,44,0,349,0,1,26,0,27,235,71,70,0,376,6,0,6,382
01/25/2011,SJC,CA,AWP,WE,Towers with Radar,235,66,46,0,347,0,0,36,2,38,235,66,82,2,385,0,0,0,385
01/26/2011,SJC,CA,AWP,WE,Towers with Radar,237,69,65,0,371,0,2,20,0,22,237,71,85,0,393,2,0,2,395
01/27/2011,SJC,CA,AWP,WE,Towers with Radar,236,83,53,0,372,0,0,21,2,23,236,83,74,2,395,12,0,12,407
01/28/2011,SJC,CA,AWP,WE,Towers with Radar,236,69,61,0,366,0,0,4,0,4,236,69,65,0,370,4,0,4,374
01/29/2011,SJC,CA,AWP,WE,Towers with Radar,160,35,34,0,229,0,1,13,0,14,160,36,47,0,243,2,0,2,245
01/30/2011,SJC,CA,AWP,WE,Towers with Radar,210,57,46,0,313,0,0,3,0,3,210,57,49,0,316,0,0,0,316
01/31/2011,SJC,CA,AWP,WE,Towers with Radar,231,66,50,0,347,0,0,24,0,24,231,66,74,0,371,0,0,0,371
02/01/2011,SJC,CA,AWP,WE,Towers with Radar,217,74,55,0,346,0,2,22,0,24,217,76,77,0,370,0,0,0,370
02/02/2011,SJC,CA,AWP,WE,Towers with Radar,220,65,47,0,332,0,1,32,3,36,220,66,79,3,368,0,0,0,368
02/03/2011,SJC,CA,AWP,WE,Towers with Radar,237,73,55,1,366,0,0,44,0,44,237,73,99,1,410,0,0,0,410
02/04/2011,SJC,CA,AWP,WE,Towers with Radar,226,61,47,1,335,0,1,35,0,36,226,62,82,1,371,0,0,0,371
02/05/2011,SJC,CA,AWP,WE,Towers with Radar,169,33,29,0,231,0,0,20,0,20,169,33,49,0,251,56,0,56,307
02/06/2011,SJC,CA,AWP,WE,Towers with Radar,213,41,37,0,291,0,0,16,0,16,213,41,53,0,307,0,0,0,307
02/07/2011,SJC,CA,AWP,WE,Towers with Radar,239,83,46,0,368,0,1,30,1,32,239,84,76,1,400,8,0,8,408
02/08/2011,SJC,CA,AWP,WE,Towers with Radar,226,73,56,1,356,0,0,30,0,30,226,73,86,1,386,12,0,12,398
02/09/2011,SJC,CA,AWP,WE,Towers with Radar,232,66,55,1,354,0,3,25,0,28,232,69,80,1,382,0,0,0,382
02/10/2011,SJC,CA,AWP,WE,Towers with Radar,242,88,48,0,378,0,1,39,0,40,242,89,87,0,418,8,0,8,426
02/11/2011,SJC,CA,AWP,WE,Towers with Radar,235,72,45,0,352,0,0,47,0,47,235,72,92,0,399,0,0,0,399
02/12/2011,SJC,CA,AWP,WE,Towers with Radar,165,34,20,0,219,0,2,28,0,30,165,36,48,0,249,32,0,32,281
02/13/2011,SJC,CA,AWP,WE,Towers with Radar,205,58,31,0,294,0,1,17,0,18,205,59,48,0,312,4,0,4,316
02/14/2011,SJC,CA,AWP,WE,Towers with Radar,238,66,41,0,345,0,0,3,3,6,238,66,44,3,351,0,0,0,351
02/15/2011,SJC,CA,AWP,WE,Towers with Radar,224,68,43,1,336,0,0,9,2,11,224,68,52,3,347,0,0,0,347
02/16/2011,SJC,CA,AWP,WE,Towers with Radar,237,80,52,0,369,0,0,5,2,7,237,80,57,2,376,0,0,0,376
02/17/2011,SJC,CA,AWP,WE,Towers with Radar,246,89,65,0,400,0,1,0,0,1,246,90,65,0,401,0,0,0,401
02/18/2011,SJC,CA,AWP,WE,Towers with Radar,246,73,88,0,407,0,1,1,0,2,246,74,89,0,409,0,0,0,409
02/19/2011,SJC,CA,AWP,WE,Towers with Radar,172,39,38,0,249,0,0,3,0,3,172,39,41,0,252,0,0,0,252
02/20/2011,SJC,CA,AWP,WE,Towers with Radar,199,38,29,0,266,0,0,26,0,26,199,38,55,0,292,40,0,40,332
02/21/2011,SJC,CA,AWP,WE,Towers with Radar,238,59,61,0,358,0,1,19,0,20,238,60,80,0,378,0,0,0,378
02/22/2011,SJC,CA,AWP,WE,Towers with Radar,239,66,39,0,344,0,0,27,1,28,239,66,66,1,372,0,0,0,372
02/23/2011,SJC,CA,AWP,WE,Towers with Radar,240,81,62,0,383,0,4,35,0,39,240,85,97,0,422,26,0,26,448
02/24/2011,SJC,CA,AWP,WE,Towers with Radar,240,75,58,0,373,0,0,12,0,12,240,75,70,0,385,12,0,12,397
02/25/2011,SJC,CA,AWP,WE,Towers with Radar,242,84,52,0,378,0,0,16,0,16,242,84,68,0,394,16,0,16,410
02/26/2011,SJC,CA,AWP,WE,Towers with Radar,174,62,38,0,274,0,0,14,0,14,174,62,52,0,288,66,0,66,354
02/27/2011,SJC,CA,AWP,WE,Towers with Radar,208,69,53,0,330,0,3,28,1,32,208,72,81,1,362,8,0,8,370
02/28/2011,SJC,CA,AWP,WE,Towers with Radar,239,90,42,0,371,0,1,33,1,35,239,91,75,1,406,6,0,6,412
03/01/2011,SJC,CA,AWP,WE,Towers with Radar,235,75,47,0,357,0,1,34,0,35,235,76,81,0,392,4,0,4,396
03/02/2011,SJC,CA,AWP,WE,Towers with Radar,238,86,40,0,364,0,0,1,0,1,238,86,41,0,365,0,0,0,365
03/03/2011,SJC,CA,AWP,WE,Towers with Radar,242,84,69,0,395,0,0,22,0,22,242,84,91,0,417,6,0,6,423
03/04/2011,SJC,CA,AWP,WE,Towers with Radar,240,79,37,0,356,0,1,34,0,35,240,80,71,0,391,22,0,22,413
03/05/2011,SJC,CA,AWP,WE,Towers with Radar,170,38,24,0,232,0,0,32,0,32,170,38,56,0,264,90,0,90,354
03/06/2011,SJC,CA,AWP,WE,Towers with Radar,203,59,52,0,314,0,1,2,0,3,203,60,54,0,317,18,0,18,335
03/07/2011,SJC,CA,AWP,WE,Towers with Radar,241,66,43,0,350,0,0,21,1,22,241,66,64,1,372,0,0,0,372
03/08/2011,SJC,CA,AWP,WE,Towers with Radar,235,75,56,0,366,0,0,15,0,15,235,75,71,0,381,0,0,0,381
03/09/2011,SJC,CA,AWP,WE,Towers with Radar,239,69,67,0,375,0,0,25,1,26,239,69,92,1,401,4,0,4,405
03/10/2011,SJC,CA,AWP,WE,Towers with Radar,240,94,74,0,408,0,4,24,1,29,240,98,98,1,437,0,0,0,437
03/11/2011,SJC,CA,AWP,WE,Towers with Radar,240,90,73,0,403,0,2,29,0,31,240,92,102,0,434,0,0,0,434
03/12/2011,SJC,CA,AWP,WE,Towers with Radar,173,34,26,0,233,0,1,39,1,41,173,35,65,1,274,28,0,28,302
03/13/2011,SJC,CA,AWP,WE,Towers with Radar,209,68,42,0,319,0,0,8,0,8,209,68,50,0,327,6,0,6,333
03/14/2011,SJC,CA,AWP,WE,Towers with Radar,243,78,56,0,377,0,0,12,0,12,243,78,68,0,389,0,0,0,389
03/15/2011,SJC,CA,AWP,WE,Towers with Radar,235,82,47,0,364,0,0,2,0,2,235,82,49,0,366,14,0,14,380
03/16/2011,SJC,CA,AWP,WE,Towers with Radar,241,81,71,0,393,0,0,20,1,21,241,81,91,1,414,4,0,4,418
03/17/2011,SJC,CA,AWP,WE,Towers with Radar,252,95,60,0,407,0,5,32,1,38,252,100,92,1,445,20,0,20,465
03/18/2011,SJC,CA,AWP,WE,Towers with Radar,251,87,44,0,382,0,0,1,0,1,251,87,45,0,383,0,0,0,383
03/19/2011,SJC,CA,AWP,WE,Towers with Radar,185,36,36,0,257,0,0,2,1,3,185,36,38,1,260,0,0,0,260
03/20/2011,SJC,CA,AWP,WE,Towers with Radar,219,64,48,0,331,0,0,0,0,0,219,64,48,0,331,0,0,0,331
03/21/2011,SJC,CA,AWP,WE,Towers with Radar,250,85,43,0,378,0,0,9,0,9,250,85,52,0,387,0,0,0,387
03/22/2011,SJC,CA,AWP,WE,Towers with Radar,237,74,40,0,351,0,0,11,1,12,237,74,51,1,363,18,0,18,381
03/23/2011,SJC,CA,AWP,WE,Towers with Radar,240,79,65,0,384,0,0,4,0,4,240,79,69,0,388,10,0,10,398
03/24/2011,SJC,CA,AWP,WE,Towers with Radar,251,91,64,0,406,0,0,5,0,5,251,91,69,0,411,0,0,0,411
03/25/2011,SJC,CA,AWP,WE,Towers with Radar,242,72,40,0,354,0,0,15,0,15,242,72,55,0,369,2,0,2,371
03/26/2011,SJC,CA,AWP,WE,Towers with Radar,169,46,32,0,247,0,0,3,0,3,169,46,35,0,250,34,0,34,284
03/27/2011,SJC,CA,AWP,WE,Towers with Radar,221,53,53,0,327,0,0,31,2,33,221,53,84,2,360,36,0,36,396
03/28/2011,SJC,CA,AWP,WE,Towers with Radar,245,76,38,0,359,0,0,27,5,32,245,76,65,5,391,2,0,2,393
03/29/2011,SJC,CA,AWP,WE,Towers with Radar,234,71,39,0,344,0,1,30,2,33,234,72,69,2,377,16,0,16,393
03/30/2011,SJC,CA,AWP,WE,Towers with Radar,238,69,30,0,337,0,2,38,1,41,238,71,68,1,378,12,0,12,390
03/31/2011,SJC,CA,AWP,WE,Towers with Radar,252,80,39,0,371,0,3,46,0,49,252,83,85,0,420,20,0,20,440
04/01/2011,SJC,CA,AWP,WE,Towers with Radar,244,81,43,0,368,0,1,38,0,39,244,82,81,0,407,20,0,20,427
04/02/2011,SJC,CA,AWP,WE,Towers with Radar,164,47,21,0,232,0,0,19,0,19,164,47,40,0,251,14,0,14,265
04/03/2011,SJC,CA,AWP,WE,Towers with Radar,211,53,26,0,290,0,1,23,0,24,211,54,49,0,314,8,0,8,322
04/04/2011,SJC,CA,AWP,WE,Towers with Radar,254,68,43,2,367,0,0,30,1,31,254,68,73,3,398,6,0,6,404
04/05/2011,SJC,CA,AWP,WE,Towers with Radar,246,64,43,0,353,0,0,30,0,30,246,64,73,0,383,4,0,4,387
04/06/2011,SJC,CA,AWP,WE,Towers with Radar,246,71,34,0,351,0,2,31,0,33,246,73,65,0,384,12,0,12,396
04/07/2011,SJC,CA,AWP,WE,Towers with Radar,245,74,58,0,377,0,0,6,0,6,245,74,64,0,383,0,0,0,383
04/08/2011,SJC,CA,AWP,WE,Towers with Radar,241,78,58,1,378,0,0,24,0,24,241,78,82,1,402,12,0,12,414
04/09/2011,SJC,CA,AWP,WE,Towers with Radar,188,32,42,1,263,0,0,26,0,26,188,32,68,1,289,24,0,24,313
04/10/2011,SJC,CA,AWP,WE,Towers with Radar,220,58,28,0,306,0,1,22,0,23,220,59,50,0,329,16,0,16,345
04/11/2011,SJC,CA,AWP,WE,Towers with Radar,244,61,27,0,332,0,0,18,1,19,244,61,45,1,351,14,0,14,365
04/12/2011,SJC,CA,AWP,WE,Towers with Radar,238,61,54,0,353,0,0,40,0,40,238,61,94,0,393,0,0,0,393
04/13/2011,SJC,CA,AWP,WE,Towers with Radar,244,73,71,0,388,0,0,23,0,23,244,73,94,0,411,0,0,0,411
04/14/2011,SJC,CA,AWP,WE,Towers with Radar,250,78,58,0,386,0,0,30,1,31,250,78,88,1,417,20,0,20,437
04/15/2011,SJC,CA,AWP,WE,Towers with Radar,251,78,57,0,386,0,0,57,0,57,251,78,114,0,443,36,0,36,479
04/16/2011,SJC,CA,AWP,WE,Towers with Radar,184,36,49,0,269,0,0,22,0,22,184,36,71,0,291,2,0,2,293
04/17/2011,SJC,CA,AWP,WE,Towers with Radar,220,59,45,1,325,0,0,23,0,23,220,59,68,1,348,38,0,38,386
04/18/2011,SJC,CA,AWP,WE,Towers with Radar,248,65,58,0,371,0,0,5,0,5,248,65,63,0,376,0,0,0,376
04/19/2011,SJC,CA,AWP,WE,Towers with Radar,238,90,78,1,407,0,4,15,0,19,238,94,93,1,426,0,0,0,426
04/20/2011,SJC,CA,AWP,WE,Towers with Radar,241,74,97,0,412,0,0,6,1,7,241,74,103,1,419,10,0,10,429
04/21/2011,SJC,CA,AWP,WE,Towers with Radar,253,73,76,0,402,0,0,25,0,25,253,73,101,0,427,44,0,44,471
04/22/2011,SJC,CA,AWP,WE,Towers with Radar,244,68,46,0,358,0,0,26,0,26,244,68,72,0,384,10,0,10,394
04/23/2011,SJC,CA,AWP,WE,Towers with Radar,184,32,28,0,244,0,0,12,0,12,184,32,40,0,256,0,0,0,256
04/24/2011,SJC,CA,AWP,WE,Towers with Radar,217,47,37,0,301,0,0,9,1,10,217,47,46,1,311,0,0,0,311
04/25/2011,SJC,CA,AWP,WE,Towers with Radar,237,66,64,0,367,0,1,9,0,10,237,67,73,0,377,0,0,0,377
04/26/2011,SJC,CA,AWP,WE,Towers with Radar,229,75,63,0,367,1,1,24,0,26,230,76,87,0,393,20,0,20,413
04/27/2011,SJC,CA,AWP,WE,Towers with Radar,244,84,62,0,390,0,4,49,0,53,244,88,111,0,443,0,0,0,443
04/28/2011,SJC,CA,AWP,WE,Towers with Radar,251,62,64,0,377,0,0,21,0,21,251,62,85,0,398,0,0,0,398
04/29/2011,SJC,CA,AWP,WE,Towers with Radar,245,72,60,0,377,0,0,22,2,24,245,72,82,2,401,4,0,4,405
04/30/2011,SJC,CA,AWP,WE,Towers with Radar,187,33,32,0,252,0,3,24,0,27,187,36,56,0,279,38,0,38,317
05/01/2011,SJC,CA,AWP,WE,Towers with Radar,225,46,58,0,329,0,1,27,2,30,225,47,85,2,359,8,0,8,367
05/02/2011,SJC,CA,AWP,WE,Towers with Radar,248,64,53,0,365,0,1,32,0,33,248,65,85,0,398,6,0,6,404
05/03/2011,SJC,CA,AWP,WE,Towers with Radar,237,63,48,0,348,0,2,30,0,32,237,65,78,0,380,4,0,4,384
05/04/2011,SJC,CA,AWP,WE,Towers with Radar,246,65,56,0,367,0,2,49,1,52,246,67,105,1,419,46,0,46,465
05/05/2011,SJC,CA,AWP,WE,Towers with Radar,249,82,25,0,356,0,0,23,3,26,249,82,48,3,382,12,0,12,394
05/06/2011,SJC,CA,AWP,WE,Towers with Radar,255,67,34,2,358,0,0,28,0,28,255,67,62,2,386,36,0,36,422
05/07/2011,SJC,CA,AWP,WE,Towers with Radar,212,31,27,0,270,0,4,24,0,28,212,35,51,0,298,32,0,32,330
05/08/2011,SJC,CA,AWP,WE,Towers with Radar,231,55,42,1,329,0,0,9,0,9,231,55,51,1,338,28,0,28,366
05/09/2011,SJC,CA,AWP,WE,Towers with Radar,246,65,30,1,342,0,1,13,2,16,246,66,43,3,358,6,0,6,364
05/10/2011,SJC,CA,AWP,WE,Towers with Radar,236,65,35,0,336,0,0,29,0,29,236,65,64,0,365,16,0,16,381
05/11/2011,SJC,CA,AWP,WE,Towers with Radar,235,77,60,0,372,0,0,24,0,24,235,77,84,0,396,35,0,35,431
05/12/2011,SJC,CA,AWP,WE,Towers with Radar,258,70,70,0,398,0,0,17,2,19,258,70,87,2,417,0,0,0,417
05/13/2011,SJC,CA,AWP,WE,Towers with Radar,244,67,52,0,363,0,0,33,0,33,244,67,85,0,396,0,0,0,396
05/14/2011,SJC,CA,AWP,WE,Towers with Radar,198,39,27,0,264,0,1,14,0,15,198,40,41,0,279,6,0,6,285
05/15/2011,SJC,CA,AWP,WE,Towers with Radar,224,67,54,0,345,0,0,10,0,10,224,67,64,0,355,0,0,0,355
05/16/2011,SJC,CA,AWP,WE,Towers with Radar,248,59,53,0,360,0,0,3,0,3,248,59,56,0,363,0,0,0,363
05/17/2011,SJC,CA,AWP,WE,Towers with Radar,233,73,69,1,376,0,0,5,1,6,233,73,74,2,382,0,0,0,382
05/18/2011,SJC,CA,AWP,WE,Towers with Radar,236,76,57,0,369,0,1,14,0,15,236,77,71,0,384,22,2,24,408
05/19/2011,SJC,CA,AWP,WE,Towers with Radar,245,76,53,0,374,0,0,50,2,52,245,76,103,2,426,64,0,64,490
05/20/2011,SJC,CA,AWP,WE,Towers with Radar,238,61,63,0,362,0,0,29,0,29,238,61,92,0,391,0,0,0,391
05/21/2011,SJC,CA,AWP,WE,Towers with Radar,198,31,33,0,262,0,2,30,0,32,198,33,63,0,294,16,0,16,310
05/22/2011,SJC,CA,AWP,WE,Towers with Radar,219,51,55,0,325,0,1,18,0,19,219,52,73,0,344,12,0,12,356
05/23/2011,SJC,CA,AWP,WE,Towers with Radar,239,48,44,0,331,0,0,13,1,14,239,48,57,1,345,14,0,14,359
05/24/2011,SJC,CA,AWP,WE,Towers with Radar,229,90,56,0,375,0,0,29,0,29,229,90,85,0,404,32,0,32,436
05/25/2011,SJC,CA,AWP,WE,Towers with Radar,237,78,62,0,377,0,2,17,0,19,237,80,79,0,396,12,0,12,408
05/26/2011,SJC,CA,AWP,WE,Towers with Radar,256,70,50,0,376,0,0,26,0,26,256,70,76,0,402,0,0,0,402
05/27/2011,SJC,CA,AWP,WE,Towers with Radar,262,47,63,0,372,0,0,22,0,22,262,47,85,0,394,12,0,12,406
05/28/2011,SJC,CA,AWP,WE,Towers with Radar,176,43,17,0,236,0,1,8,0,9,176,44,25,0,245,24,0,24,269
05/29/2011,SJC,CA,AWP,WE,Towers with Radar,166,33,24,0,223,0,0,20,3,23,166,33,44,3,246,2,0,2,248
05/30/2011,SJC,CA,AWP,WE,Towers with Radar,224,52,42,0,318,0,0,22,4,26,224,52,64,4,344,24,0,24,368
05/31/2011,SJC,CA,AWP,WE,Towers with Radar,234,76,50,0,360,0,1,14,2,17,234,77,64,2,377,16,0,16,393
06/01/2011,SJC,CA,AWP,WE,Towers with Radar,246,74,63,0,383,0,3,8,0,11,246,77,71,0,394,12,0,12,406
06/02/2011,SJC,CA,AWP,WE,Towers with Radar,251,67,51,0,369,0,2,21,0,23,251,69,72,0,392,10,0,10,402
06/03/2011,SJC,CA,AWP,WE,Towers with Radar,245,65,44,0,354,0,1,13,0,14,245,66,57,0,368,26,0,26,394
06/04/2011,SJC,CA,AWP,WE,Towers with Radar,188,37,24,1,250,0,0,3,0,3,188,37,27,1,253,0,0,0,253
06/05/2011,SJC,CA,AWP,WE,Towers with Radar,236,46,40,0,322,0,0,5,1,6,236,46,45,1,328,0,0,0,328
06/06/2011,SJC,CA,AWP,WE,Towers with Radar,258,60,39,2,359,0,1,9,4,14,258,61,48,6,373,58,0,58,431
06/07/2011,SJC,CA,AWP,WE,Towers with Radar,250,66,74,1,391,0,1,27,0,28,250,67,101,1,419,20,0,20,439
06/08/2011,SJC,CA,AWP,WE,Towers with Radar,253,73,67,0,393,0,1,32,1,34,253,74,99,1,427,18,0,18,445
06/09/2011,SJC,CA,AWP,WE,Towers with Radar,249,73,71,0,393,0,0,30,2,32,249,73,101,2,425,6,0,6,431
06/10/2011,SJC,CA,AWP,WE,Towers with Radar,253,72,81,0,406,0,1,33,1,35,253,73,114,1,441,6,0,6,447
06/11/2011,SJC,CA,AWP,WE,Towers with Radar,199,50,44,0,293,0,1,22,0,23,199,51,66,0,316,20,0,20,336
06/12/2011,SJC,CA,AWP,WE,Towers with Radar,229,71,56,1,357,0,1,38,0,39,229,72,94,1,396,0,0,0,396
06/13/2011,SJC,CA,AWP,WE,Towers with Radar,261,69,49,0,379,0,1,19,1,21,261,70,68,1,400,30,0,30,430
06/14/2011,SJC,CA,AWP,WE,Towers with Radar,252,66,31,0,349,0,0,40,1,41,252,66,71,1,390,18,0,18,408
06/15/2011,SJC,CA,AWP,WE,Towers with Radar,251,64,56,0,371,0,1,13,0,14,251,65,69,0,385,24,0,24,409
06/16/2011,SJC,CA,AWP,WE,Towers with Radar,254,68,40,0,362,0,1,45,0,46,254,69,85,0,408,22,0,22,430
06/17/2011,SJC,CA,AWP,WE,Towers with Radar,251,64,48,4,367,0,1,25,2,28,251,65,73,6,395,0,0,0,395
06/18/2011,SJC,CA,AWP,WE,Towers with Radar,197,32,29,0,258,1,3,28,0,32,198,35,57,0,290,20,0,20,310
06/19/2011,SJC,CA,AWP,WE,Towers with Radar,231,40,44,0,315,0,1,36,0,37,231,41,80,0,352,0,0,0,352
06/20/2011,SJC,CA,AWP,WE,Towers with Radar,249,57,60,1,367,0,1,25,2,28,249,58,85,3,395,8,0,8,403
06/21/2011,SJC,CA,AWP,WE,Towers with Radar,249,75,52,0,376,0,0,22,1,23,249,75,74,1,399,2,0,2,401
06/22/2011,SJC,CA,AWP,WE,Towers with Radar,249,68,73,0,390,0,0,25,1,26,249,68,98,1,416,18,0,18,434
06/23/2011,SJC,CA,AWP,WE,Towers with Radar,254,74,48,0,376,0,0,27,1,28,254,74,75,1,404,30,0,30,434
06/24/2011,SJC,CA,AWP,WE,Towers with Radar,256,69,35,0,360,0,0,23,0,23,256,69,58,0,383,2,0,2,385
06/25/2011,SJC,CA,AWP,WE,Towers with Radar,196,32,32,0,260,0,0,11,1,12,196,32,43,1,272,0,0,0,272
06/26/2011,SJC,CA,AWP,WE,Towers with Radar,230,57,33,0,320,0,0,20,0,20,230,57,53,0,340,0,0,0,340
06/27/2011,SJC,CA,AWP,WE,Towers with Radar,249,70,41,0,360,0,2,22,0,24,249,72,63,0,384,12,0,12,396
06/28/2011,SJC,CA,AWP,WE,Towers with Radar,258,79,46,0,383,0,0,5,0,5,258,79,51,0,388,32,0,32,420
06/29/2011,SJC,CA,AWP,WE,Towers with Radar,263,70,41,0,374,0,0,11,0,11,263,70,52,0,385,22,0,22,407
06/30/2011,SJC,CA,AWP,WE,Towers with Radar,259,78,49,0,386,0,1,39,0,40,259,79,88,0,426,0,0,0,426
07/01/2011,SJC,CA,AWP,WE,Towers with Radar,250,78,49,0,377,8,0,36,0,44,258,78,85,0,421,16,0,16,437
07/02/2011,SJC,CA,AWP,WE,Towers with Radar,194,37,18,0,249,0,1,25,0,26,194,38,43,0,275,10,0,10,285
07/03/2011,SJC,CA,AWP,WE,Towers with Radar,179,30,13,0,222,0,1,16,0,17,179,31,29,0,239,0,0,0,239
07/04/2011,SJC,CA,AWP,WE,Towers with Radar,227,39,20,0,286,0,0,23,0,23,227,39,43,0,309,16,0,16,325
07/05/2011,SJC,CA,AWP,WE,Towers with Radar,250,59,40,1,350,0,0,35,3,38,250,59,75,4,388,0,0,0,388
07/06/2011,SJC,CA,AWP,WE,Towers with Radar,252,40,40,0,332,0,0,28,0,28,252,40,68,0,360,2,0,2,362
07/07/2011,SJC,CA,AWP,WE,Towers with Radar,257,37,50,0,344,0,0,31,1,32,257,37,81,1,376,14,0,14,390
07/08/2011,SJC,CA,AWP,WE,Towers with Radar,247,56,52,0,355,0,0,26,2,28,247,56,78,2,383,16,0,16,399
07/09/2011,SJC,CA,AWP,WE,Towers with Radar,195,40,28,0,263,0,0,10,0,10,195,40,38,0,273,24,0,24,297
07/10/2011,SJC,CA,AWP,WE,Towers with Radar,230,58,45,0,333,0,0,28,0,28,230,58,73,0,361,4,0,4,365
07/11/2011,SJC,CA,AWP,WE,Towers with Radar,257,72,53,2,384,0,0,26,0,26,257,72,79,2,410,26,0,26,436
07/12/2011,SJC,CA,AWP,WE,Towers with Radar,250,66,48,1,365,0,0,17,0,17,250,66,65,1,382,0,0,0,382
07/13/2011,SJC,CA,AWP,WE,Towers with Radar,257,71,78,1,407,0,1,23,0,24,257,72,101,1,431,0,0,0,431
07/14/2011,SJC,CA,AWP,WE,Towers with Radar,253,74,64,0,391,0,1,31,0,32,253,75,95,0,423,22,0,22,445
07/15/2011,SJC,CA,AWP,WE,Towers with Radar,250,78,45,0,373,0,2,30,0,32,250,80,75,0,405,16,0,16,421
07/16/2011,SJC,CA,AWP,WE,Towers with Radar,198,43,27,0,268,0,2,36,0,38,198,45,63,0,306,44,0,44,350
07/17/2011,SJC,CA,AWP,WE,Towers with Radar,231,53,37,0,321,0,0,20,0,20,231,53,57,0,341,68,0,68,409
07/18/2011,SJC,CA,AWP,WE,Towers with Radar,250,66,32,0,348,0,0,28,3,31,250,66,60,3,379,0,0,0,379
07/19/2011,SJC,CA,AWP,WE,Towers with Radar,249,76,44,0,369,0,1,17,1,19,249,77,61,1,388,0,0,0,388
07/20/2011,SJC,CA,AWP,WE,Towers with Radar,255,71,72,0,398,0,0,25,1,26,255,71,97,1,424,64,0,64,488
07/21/2011,SJC,CA,AWP,WE,Towers with Radar,254,64,42,0,360,0,3,24,1,28,254,67,66,1,388,14,0,14,402
07/22/2011,SJC,CA,AWP,WE,Towers with Radar,252,62,40,0,354,0,1,34,2,37,252,63,74,2,391,30,0,30,421
07/23/2011,SJC,CA,AWP,WE,Towers with Radar,200,41,19,0,260,0,0,34,0,34,200,41,53,0,294,14,0,14,308
07/24/2011,SJC,CA,AWP,WE,Towers with Radar,229,56,36,0,321,0,0,28,3,31,229,56,64,3,352,30,0,30,382
07/25/2011,SJC,CA,AWP,WE,Towers with Radar,254,69,38,0,361,0,0,26,0,26,254,69,64,0,387,48,0,48,435
07/26/2011,SJC,CA,AWP,WE,Towers with Radar,252,77,46,0,375,0,4,24,0,28,252,81,70,0,403,16,0,16,419
07/27/2011,SJC,CA,AWP,WE,Towers with Radar,247,73,39,0,359,0,4,25,0,29,247,77,64,0,388,0,0,0,388
07/28/2011,SJC,CA,AWP,WE,Towers with Radar,255,62,46,0,363,0,1,29,0,30,255,63,75,0,393,8,0,8,401
07/29/2011,SJC,CA,AWP,WE,Towers with Radar,251,69,38,0,358,0,1,32,0,33,251,70,70,0,391,10,0,10,401
07/30/2011,SJC,CA,AWP,WE,Towers with Radar,200,51,20,0,271,0,0,33,0,33,200,51,53,0,304,46,0,46,350
07/31/2011,SJC,CA,AWP,WE,Towers with Radar,229,56,41,0,326,0,2,19,0,21,229,58,60,0,347,0,0,0,347
08/01/2011,SJC,CA,AWP,WE,Towers with Radar,250,62,25,0,337,0,0,15,1,16,250,62,40,1,353,34,0,34,387
08/02/2011,SJC,CA,AWP,WE,Towers with Radar,257,60,51,0,368,0,0,13,0,13,257,60,64,0,381,14,0,14,395
08/03/2011,SJC,CA,AWP,WE,Towers with Radar,251,64,44,1,360,0,2,35,0,37,251,66,79,1,397,44,0,44,441
08/04/2011,SJC,CA,AWP,WE,Towers with Radar,257,71,50,0,378,0,0,26,0,26,257,71,76,0,404,4,0,4,408
08/05/2011,SJC,CA,AWP,WE,Towers with Radar,251,71,41,1,364,0,2,26,1,29,251,73,67,2,393,32,0,32,425
08/06/2011,SJC,CA,AWP,WE,Towers with Radar,198,29,29,0,256,0,1,15,0,16,198,30,44,0,272,18,0,18,290
08/07/2011,SJC,CA,AWP,WE,Towers with Radar,227,50,44,0,321,0,0,15,1,16,227,50,59,1,337,50,0,50,387
08/08/2011,SJC,CA,AWP,WE,Towers with Radar,252,61,43,2,358,0,0,26,0,26,252,61,69,2,384,0,0,0,384
08/09/2011,SJC,CA,AWP,WE,Towers with Radar,252,66,32,0,350,0,0,24,0,24,252,66,56,0,374,58,0,58,432
08/10/2011,SJC,CA,AWP,WE,Towers with Radar,257,64,46,0,367,0,0,36,0,36,257,64,82,0,403,20,0,20,423
08/11/2011,SJC,CA,AWP,WE,Towers with Radar,257,77,51,0,385,0,0,38,2,40,257,77,89,2,425,82,0,82,507
08/12/2011,SJC,CA,AWP,WE,Towers with Radar,256,78,51,0,385,0,1,33,0,34,256,79,84,0,419,92,0,92,511
08/13/2011,SJC,CA,AWP,WE,Towers with Radar,203,44,14,0,261,0,0,10,0,10,203,44,24,0,271,44,0,44,315
08/14/2011,SJC,CA,AWP,WE,Towers with Radar,217,65,43,0,325,0,0,28,0,28,217,65,71,0,353,44,0,44,397
08/15/2011,SJC,CA,AWP,WE,Towers with Radar,249,74,42,0,365,1,0,26,0,27,250,74,68,0,392,32,0,32,424
08/16/2011,SJC,CA,AWP,WE,Towers with Radar,258,81,40,0,379,0,1,37,0,38,258,82,77,0,417,4,0,4,421
08/17/2011,SJC,CA,AWP,WE,Towers with Radar,255,72,44,0,371,0,1,20,0,21,255,73,64,0,392,16,0,16,408
08/18/2011,SJC,CA,AWP,WE,Towers with Radar,253,80,52,0,385,0,1,27,1,29,253,81,79,1,414,0,0,0,414
08/19/2011,SJC,CA,AWP,WE,Towers with Radar,248,72,36,0,356,0,2,27,3,32,248,74,63,3,388,4,0,4,392
08/20/2011,SJC,CA,AWP,WE,Towers with Radar,182,46,24,0,252,0,1,25,0,26,182,47,49,0,278,12,0,12,290
08/21/2011,SJC,CA,AWP,WE,Towers with Radar,219,68,48,1,336,0,0,24,1,25,219,68,72,2,361,0,0,0,361
08/22/2011,SJC,CA,AWP,WE,Towers with Radar,256,69,43,0,368,0,1,26,0,27,256,70,69,0,395,0,0,0,395
08/23/2011,SJC,CA,AWP,WE,Towers with Radar,251,66,44,0,361,0,0,36,0,36,251,66,80,0,397,44,0,44,441
08/24/2011,SJC,CA,AWP,WE,Towers with Radar,256,70,47,1,374,0,1,27,1,29,256,71,74,2,403,0,0,0,403
08/25/2011,SJC,CA,AWP,WE,Towers with Radar,257,79,58,0,394,0,0,19,0,19,257,79,77,0,413,24,0,24,437
08/26/2011,SJC,CA,AWP,WE,Towers with Radar,252,75,42,0,369,0,0,23,1,24,252,75,65,1,393,38,0,38,431
08/27/2011,SJC,CA,AWP,WE,Towers with Radar,178,41,15,0,234,0,0,21,0,21,178,41,36,0,255,16,0,16,271
08/28/2011,SJC,CA,AWP,WE,Towers with Radar,218,52,42,0,312,0,0,22,0,22,218,52,64,0,334,8,0,8,342
08/29/2011,SJC,CA,AWP,WE,Towers with Radar,251,68,41,2,362,0,0,24,0,24,251,68,65,2,386,22,0,22,408
08/30/2011,SJC,CA,AWP,WE,Towers with Radar,241,57,56,0,354,0,4,20,0,24,241,61,76,0,378,8,0,8,386
08/31/2011,SJC,CA,AWP,WE,Towers with Radar,249,62,44,1,356,0,2,31,0,33,249,64,75,1,389,38,0,38,427
09/01/2011,SJC,CA,AWP,WE,Towers with Radar,256,80,56,0,392,0,0,35,0,35,256,80,91,0,427,52,0,52,479
09/02/2011,SJC,CA,AWP,WE,Towers with Radar,249,51,68,0,368,0,0,49,0,49,249,51,117,0,417,0,0,0,417
09/03/2011,SJC,CA,AWP,WE,Towers with Radar,161,35,33,0,229,0,2,26,2,30,161,37,59,2,259,0,0,0,259
09/04/2011,SJC,CA,AWP,WE,Towers with Radar,178,26,27,0,231,0,0,9,2,11,178,26,36,2,242,0,0,0,242
09/05/2011,SJC,CA,AWP,WE,Towers with Radar,220,70,43,0,333,0,2,25,1,28,220,72,68,1,361,18,0,18,379
09/06/2011,SJC,CA,AWP,WE,Towers with Radar,247,69,54,0,370,0,1,21,1,23,247,70,75,1,393,6,0,6,399
09/07/2011,SJC,CA,AWP,WE,Towers with Radar,247,80,45,0,372,0,0,35,0,35,247,80,80,0,407,70,0,70,477
09/08/2011,SJC,CA,AWP,WE,Towers with Radar,244,83,41,0,368,0,1,26,3,30,244,84,67,3,398,0,0,0,398
09/09/2011,SJC,CA,AWP,WE,Towers with Radar,248,59,39,0,346,0,0,25,0,25,248,59,64,0,371,64,0,64,435
09/10/2011,SJC,CA,AWP,WE,Towers with Radar,166,30,28,0,224,0,1,24,0,25,166,31,52,0,249,24,0,24,273
09/11/2011,SJC,CA,AWP,WE,Towers with Radar,215,50,50,0,315,0,0,21,0,21,215,50,71,0,336,0,0,0,336
09/12/2011,SJC,CA,AWP,WE,Towers with Radar,252,79,43,0,374,0,0,21,0,21,252,79,64,0,395,2,0,2,397
09/13/2011,SJC,CA,AWP,WE,Towers with Radar,237,73,51,0,361,0,1,20,2,23,237,74,71,2,384,28,0,28,412
09/14/2011,SJC,CA,AWP,WE,Towers with Radar,242,76,52,0,370,0,0,18,0,18,242,76,70,0,388,0,0,0,388
09/15/2011,SJC,CA,AWP,WE,Towers with Radar,248,81,48,0,377,0,0,37,0,37,248,81,85,0,414,34,0,34,448
09/16/2011,SJC,CA,AWP,WE,Towers with Radar,248,65,50,0,363,0,0,18,0,18,248,65,68,0,381,16,0,16,397
09/17/2011,SJC,CA,AWP,WE,Towers with Radar,166,29,27,0,222,0,3,26,1,30,166,32,53,1,252,0,0,0,252
09/18/2011,SJC,CA,AWP,WE,Towers with Radar,217,46,44,0,307,0,0,25,0,25,217,46,69,0,332,0,0,0,332
09/19/2011,SJC,CA,AWP,WE,Towers with Radar,248,63,47,0,358,0,0,30,0,30,248,63,77,0,388,0,0,0,388
09/20/2011,SJC,CA,AWP,WE,Towers with Radar,238,75,40,0,353,0,0,17,3,20,238,75,57,3,373,8,0,8,381
09/21/2011,SJC,CA,AWP,WE,Towers with Radar,244,69,64,0,377,0,1,22,0,23,244,70,86,0,400,32,0,32,432
09/22/2011,SJC,CA,AWP,WE,Towers with Radar,247,75,49,0,371,0,0,29,1,30,247,75,78,1,401,0,0,0,401
09/23/2011,SJC,CA,AWP,WE,Towers with Radar,255,72,52,0,379,0,0,28,0,28,255,72,80,0,407,16,0,16,423
09/24/2011,SJC,CA,AWP,WE,Towers with Radar,166,46,28,2,242,0,0,24,0,24,166,46,52,2,266,26,0,26,292
09/25/2011,SJC,CA,AWP,WE,Towers with Radar,219,55,37,0,311,0,0,14,0,14,219,55,51,0,325,0,0,0,325
09/26/2011,SJC,CA,AWP,WE,Towers with Radar,247,61,19,0,327,0,0,17,0,17,247,61,36,0,344,32,0,32,376
09/27/2011,SJC,CA,AWP,WE,Towers with Radar,240,60,34,1,335,0,0,28,0,28,240,60,62,1,363,0,0,0,363
09/28/2011,SJC,CA,AWP,WE,Towers with Radar,241,72,36,0,349,0,2,29,0,31,241,74,65,0,380,0,0,0,380
09/29/2011,SJC,CA,AWP,WE,Towers with Radar,247,74,45,2,368,0,1,53,0,54,247,75,98,2,422,38,0,38,460
09/30/2011,SJC,CA,AWP,WE,Towers with Radar,249,70,61,0,380,0,0,22,0,22,249,70,83,0,402,0,0,0,402
10/01/2011,SJC,CA,AWP,WE,Towers with Radar,167,46,36,0,249,0,2,13,0,15,167,48,49,0,264,12,0,12,276
10/02/2011,SJC,CA,AWP,WE,Towers with Radar,214,57,49,0,320,0,0,17,1,18,214,57,66,1,338,16,0,16,354
10/03/2011,SJC,CA,AWP,WE,Towers with Radar,240,61,51,0,352,0,0,13,0,13,240,61,64,0,365,8,0,8,373
10/04/2011,SJC,CA,AWP,WE,Towers with Radar,238,68,56,0,362,0,0,5,0,5,238,68,61,0,367,0,0,0,367
10/05/2011,SJC,CA,AWP,WE,Towers with Radar,235,79,56,0,370,0,0,8,0,8,235,79,64,0,378,14,0,14,392
10/06/2011,SJC,CA,AWP,WE,Towers with Radar,244,82,57,0,383,0,0,9,2,11,244,82,66,2,394,16,0,16,410
10/07/2011,SJC,CA,AWP,WE,Towers with Radar,243,65,42,0,350,0,0,35,2,37,243,65,77,2,387,22,0,22,409
10/08/2011,SJC,CA,AWP,WE,Towers with Radar,167,35,32,0,234,0,0,19,0,19,167,35,51,0,253,54,0,54,307
10/09/2011,SJC,CA,AWP,WE,Towers with Radar,216,47,39,2,304,0,0,16,0,16,216,47,55,2,320,36,0,36,356
10/10/2011,SJC,CA,AWP,WE,Towers with Radar,245,64,64,0,373,0,0,8,0,8,245,64,72,0,381,24,0,24,405
10/11/2011,SJC,CA,AWP,WE,Towers with Radar,237,72,56,1,366,0,1,17,0,18,237,73,73,1,384,20,2,22,406
10/12/2011,SJC,CA,AWP,WE,Towers with Radar,241,77,52,0,370,0,0,36,1,37,241,77,88,1,407,18,0,18,425
10/13/2011,SJC,CA,AWP,WE,Towers with Radar,243,59,65,0,367,0,1,45,2,48,243,60,110,2,415,8,0,8,423
10/14/2011,SJC,CA,AWP,WE,Towers with Radar,244,73,48,0,365,0,2,48,2,52,244,75,96,2,417,8,0,8,425
10/15/2011,SJC,CA,AWP,WE,Towers with Radar,166,28,35,0,229,0,2,35,0,37,166,30,70,0,266,28,0,28,294
10/16/2011,SJC,CA,AWP,WE,Towers with Radar,216,62,66,0,344,0,0,23,0,23,216,62,89,0,367,32,0,32,399
10/17/2011,SJC,CA,AWP,WE,Towers with Radar,242,62,50,0,354,0,4,19,1,24,242,66,69,1,378,8,0,8,386
10/18/2011,SJC,CA,AWP,WE,Towers with Radar,236,74,59,0,369,0,0,25,0,25,236,74,84,0,394,16,0,16,410
10/19/2011,SJC,CA,AWP,WE,Towers with Radar,240,70,77,0,387,0,0,24,0,24,240,70,101,0,411,8,0,8,419
10/20/2011,SJC,CA,AWP,WE,Towers with Radar,248,97,49,2,396,0,0,23,0,23,248,97,72,2,419,16,0,16,435
10/21/2011,SJC,CA,AWP,WE,Towers with Radar,242,68,66,0,376,0,0,33,0,33,242,68,99,0,409,0,0,0,409
10/22/2011,SJC,CA,AWP,WE,Towers with Radar,165,42,41,4,252,0,1,24,0,25,165,43,65,4,277,28,10,38,315
10/23/2011,SJC,CA,AWP,WE,Towers with Radar,217,57,62,0,336,0,0,22,2,24,217,57,84,2,360,2,13,15,375
10/24/2011,SJC,CA,AWP,WE,Towers with Radar,239,70,44,0,353,0,1,15,1,17,239,71,59,1,370,0,0,0,370
10/25/2011,SJC,CA,AWP,WE,Towers with Radar,233,78,59,0,370,0,0,22,0,22,233,78,81,0,392,0,0,0,392
10/26/2011,SJC,CA,AWP,WE,Towers with Radar,238,78,75,1,392,0,1,21,0,22,238,79,96,1,414,0,0,0,414
10/27/2011,SJC,CA,AWP,WE,Towers with Radar,243,71,44,0,358,0,0,28,0,28,243,71,72,0,386,4,0,4,390
10/28/2011,SJC,CA,AWP,WE,Towers with Radar,245,68,56,0,369,0,0,29,0,29,245,68,85,0,398,10,0,10,408
10/29/2011,SJC,CA,AWP,WE,Towers with Radar,161,34,16,0,211,0,1,38,0,39,161,35,54,0,250,18,0,18,268
10/30/2011,SJC,CA,AWP,WE,Towers with Radar,209,43,35,3,290,0,1,28,0,29,209,44,63,3,319,12,0,12,331
10/31/2011,SJC,CA,AWP,WE,Towers with Radar,225,52,31,1,309,0,2,13,2,17,225,54,44,3,326,46,0,46,372
11/01/2011,SJC,CA,AWP,WE,Towers with Radar,234,61,45,2,342,0,1,21,0,22,234,62,66,2,364,10,0,10,374
11/02/2011,SJC,CA,AWP,WE,Towers with Radar,233,66,50,0,349,0,0,25,1,26,233,66,75,1,375,10,0,10,385
11/03/2011,SJC,CA,AWP,WE,Towers with Radar,245,81,78,0,404,0,0,18,0,18,245,81,96,0,422,0,0,0,422
11/04/2011,SJC,CA,AWP,WE,Towers with Radar,249,83,65,1,398,0,0,16,0,16,249,83,81,1,414,0,6,6,420
11/05/2011,SJC,CA,AWP,WE,Towers with Radar,167,31,25,1,224,0,0,11,0,11,167,31,36,1,235,0,0,0,235
11/06/2011,SJC,CA,AWP,WE,Towers with Radar,210,58,38,2,308,0,1,12,0,13,210,59,50,2,321,6,0,6,327
11/07/2011,SJC,CA,AWP,WE,Towers with Radar,230,70,57,0,357,0,1,21,1,23,230,71,78,1,380,0,0,0,380
11/08/2011,SJC,CA,AWP,WE,Towers with Radar,220,81,53,0,354,0,0,35,0,35,220,81,88,0,389,18,0,18,407
11/09/2011,SJC,CA,AWP,WE,Towers with Radar,232,73,47,0,352,0,2,27,2,31,232,75,74,2,383,38,0,38,421
11/10/2011,SJC,CA,AWP,WE,Towers with Radar,232,81,66,0,379,0,1,37,2,40,232,82,103,2,419,20,0,20,439
11/11/2011,SJC,CA,AWP,WE,Towers with Radar,233,95,98,0,426,0,0,5,0,5,233,95,103,0,431,0,0,0,431
11/12/2011,SJC,CA,AWP,WE,Towers with Radar,166,56,58,0,280,0,0,4,0,4,166,56,62,0,284,8,0,8,292
11/13/2011,SJC,CA,AWP,WE,Towers with Radar,206,62,55,0,323,0,4,25,0,29,206,66,80,0,352,10,5,15,367
11/14/2011,SJC,CA,AWP,WE,Towers with Radar,228,90,58,0,376,0,1,16,0,17,228,91,74,0,393,6,0,6,399
11/15/2011,SJC,CA,AWP,WE,Towers with Radar,221,74,56,0,351,0,0,40,0,40,221,74,96,0,391,2,0,2,393
11/16/2011,SJC,CA,AWP,WE,Towers with Radar,223,70,58,0,351,0,1,35,1,37,223,71,93,1,388,0,0,0,388
11/17/2011,SJC,CA,AWP,WE,Towers with Radar,237,70,90,0,397,0,0,10,1,11,237,70,100,1,408,22,0,22,430
11/18/2011,SJC,CA,AWP,WE,Towers with Radar,227,72,67,0,366,0,0,6,0,6,227,72,73,0,372,10,0,10,382
11/19/2011,SJC,CA,AWP,WE,Towers with Radar,168,27,40,0,235,0,0,12,0,12,168,27,52,0,247,0,0,0,247
11/20/2011,SJC,CA,AWP,WE,Towers with Radar,203,53,52,0,308,0,1,1,0,2,203,54,53,0,310,6,0,6,316
11/21/2011,SJC,CA,AWP,WE,Towers with Radar,228,45,42,0,315,0,0,14,1,15,228,45,56,1,330,10,0,10,340
11/22/2011,SJC,CA,AWP,WE,Towers with Radar,236,46,53,0,335,0,0,25,0,25,236,46,78,0,360,48,0,48,408
11/23/2011,SJC,CA,AWP,WE,Towers with Radar,245,47,58,0,350,0,0,17,0,17,245,47,75,0,367,0,0,0,367
11/24/2011,SJC,CA,AWP,WE,Towers with Radar,149,30,17,0,196,0,0,4,0,4,149,30,21,0,200,10,0,10,210
11/25/2011,SJC,CA,AWP,WE,Towers with Radar,184,37,25,0,246,0,0,6,0,6,184,37,31,0,252,0,0,0,252
11/26/2011,SJC,CA,AWP,WE,Towers with Radar,183,58,55,0,296,0,0,18,0,18,183,58,73,0,314,0,0,0,314
11/27/2011,SJC,CA,AWP,WE,Towers with Radar,230,73,82,0,385,0,3,9,0,12,230,76,91,0,397,32,0,32,429
11/28/2011,SJC,CA,AWP,WE,Towers with Radar,233,59,70,0,362,0,0,11,0,11,233,59,81,0,373,0,0,0,373
11/29/2011,SJC,CA,AWP,WE,Towers with Radar,192,79,58,0,329,0,0,6,0,6,192,79,64,0,335,0,0,0,335
11/30/2011,SJC,CA,AWP,WE,Towers with Radar,214,63,50,0,327,0,0,7,0,7,214,63,57,0,334,0,0,0,334
12/01/2011,SJC,CA,AWP,WE,Towers with Radar,224,76,52,0,352,0,0,11,3,14,224,76,63,3,366,22,0,22,388
12/02/2011,SJC,CA,AWP,WE,Towers with Radar,231,72,50,0,353,0,1,33,0,34,231,73,83,0,387,0,0,0,387
12/03/2011,SJC,CA,AWP,WE,Towers with Radar,151,30,15,2,198,0,0,25,0,25,151,30,40,2,223,0,0,0,223
12/04/2011,SJC,CA,AWP,WE,Towers with Radar,201,46,33,0,280,0,0,28,0,28,201,46,61,0,308,24,1,25,333
12/05/2011,SJC,CA,AWP,WE,Towers with Radar,223,57,35,0,315,0,0,27,0,27,223,57,62,0,342,0,0,0,342
12/06/2011,SJC,CA,AWP,WE,Towers with Radar,215,68,51,0,334,0,0,21,2,23,215,68,72,2,357,46,1,47,404
12/07/2011,SJC,CA,AWP,WE,Towers with Radar,222,59,52,0,333,0,0,27,0,27,222,59,79,0,360,16,0,16,376
12/08/2011,SJC,CA,AWP,WE,Towers with Radar,228,84,59,0,371,0,0,26,0,26,228,84,85,0,397,10,0,10,407
12/09/2011,SJC,CA,AWP,WE,Towers with Radar,223,74,43,0,340,0,2,34,0,36,223,76,77,0,376,48,0,48,424
12/10/2011,SJC,CA,AWP,WE,Towers with Radar,156,36,19,0,211,0,2,14,0,16,156,38,33,0,227,4,0,4,231
12/11/2011,SJC,CA,AWP,WE,Towers with Radar,201,60,33,0,294,0,1,2,0,3,201,61,35,0,297,6,0,6,303
12/12/2011,SJC,CA,AWP,WE,Towers with Radar,222,77,53,0,352,0,0,2,0,2,222,77,55,0,354,0,0,0,354
12/13/2011,SJC,CA,AWP,WE,Towers with Radar,217,87,69,0,373,0,0,18,0,18,217,87,87,0,391,0,0,0,391
12/14/2011,SJC,CA,AWP,WE,Towers with Radar,224,67,81,0,372,0,0,16,0,16,224,67,97,0,388,4,0,4,392
12/15/2011,SJC,CA,AWP,WE,Towers with Radar,237,83,45,0,365,0,0,10,0,10,237,83,55,0,375,4,0,4,379
12/16/2011,SJC,CA,AWP,WE,Towers with Radar,231,65,43,0,339,0,0,29,0,29,231,65,72,0,368,18,0,18,386
12/17/2011,SJC,CA,AWP,WE,Towers with Radar,174,37,33,0,244,0,0,30,0,30,174,37,63,0,274,81,0,81,355
12/18/2011,SJC,CA,AWP,WE,Towers with Radar,206,36,34,0,276,0,0,23,0,23,206,36,57,0,299,0,0,0,299
12/19/2011,SJC,CA,AWP,WE,Towers with Radar,233,36,31,0,300,0,0,15,1,16,233,36,46,1,316,36,0,36,352
12/20/2011,SJC,CA,AWP,WE,Towers with Radar,238,55,25,0,318,0,0,13,2,15,238,55,38,2,333,4,4,8,341
12/21/2011,SJC,CA,AWP,WE,Towers with Radar,236,39,30,0,305,0,1,29,5,35,236,40,59,5,340,20,0,20,360
12/22/2011,SJC,CA,AWP,WE,Towers with Radar,247,52,31,0,330,0,0,28,0,28,247,52,59,0,358,0,0,0,358
12/23/2011,SJC,CA,AWP,WE,Towers with Radar,252,41,40,0,333,0,0,11,0,11,252,41,51,0,344,12,0,12,356
12/24/2011,SJC,CA,AWP,WE,Towers with Radar,170,27,20,0,217,0,0,7,0,7,170,27,27,0,224,48,0,48,272
12/25/2011,SJC,CA,AWP,WE,Towers with Radar,155,33,13,0,201,0,0,11,0,11,155,33,24,0,212,0,0,0,212
12/26/2011,SJC,CA,AWP,WE,Towers with Radar,243,51,66,0,360,0,0,16,0,16,243,51,82,0,376,0,0,0,376
12/27/2011,SJC,CA,AWP,WE,Towers with Radar,243,28,35,2,308,0,0,25,0,25,243,28,60,2,333,28,0,28,361
12/28/2011,SJC,CA,AWP,WE,Towers with Radar,241,42,21,0,304,0,0,16,0,16,241,42,37,0,320,12,0,12,332
12/29/2011,SJC,CA,AWP,WE,Towers with Radar,236,57,34,0,327,0,0,21,1,22,236,57,55,1,349,52,12,64,413
12/30/2011,SJC,CA,AWP,WE,Towers with Radar,243,36,29,0,308,0,0,4,0,4,243,36,33,0,312,0,8,8,320
12/31/2011,SJC,CA,AWP,WE,Towers with Radar,156,31,22,0,209,0,0,6,0,6,156,31,28,0,215,12,0,12,227
01/01/2012,SJC,CA,AWP,WE,Towers with Radar,169,42,35,0,246,0,0,7,0,7,169,42,42,0,253,0,24,24,277
01/02/2012,SJC,CA,AWP,WE,Towers with Radar,241,83,77,0,401,0,0,18,0,18,241,83,95,0,419,0,8,8,427
01/03/2012,SJC,CA,AWP,WE,Towers with Radar,232,83,83,0,398,0,1,12,2,15,232,84,95,2,413,8,0,8,421
01/04/2012,SJC,CA,AWP,WE,Towers with Radar,225,52,30,0,307,0,0,27,0,27,225,52,57,0,334,0,0,0,334
01/05/2012,SJC,CA,AWP,WE,Towers with Radar,225,57,52,1,335,0,4,25,0,29,225,61,77,1,364,58,0,58,422
01/06/2012,SJC,CA,AWP,WE,Towers with Radar,220,55,45,0,320,0,0,20,0,20,220,55,65,0,340,6,0,6,346
01/07/2012,SJC,CA,AWP,WE,Towers with Radar,157,22,26,0,205,0,0,21,0,21,157,22,47,0,226,52,2,54,280
01/08/2012,SJC,CA,AWP,WE,Towers with Radar,196,44,33,2,275,0,0,21,0,21,196,44,54,2,296,62,0,62,358
01/09/2012,SJC,CA,AWP,WE,Towers with Radar,213,71,47,0,331,0,0,22,1,23,213,71,69,1,354,0,0,0,354
01/10/2012,SJC,CA,AWP,WE,Towers with Radar,218,68,56,2,344,0,0,14,0,14,218,68,70,2,358,36,0,36,394
01/11/2012,SJC,CA,AWP,WE,Towers with Radar,216,64,46,1,327,0,0,29,0,29,216,64,75,1,356,32,0,32,388
01/12/2012,SJC,CA,AWP,WE,Towers with Radar,221,62,47,0,330,0,0,25,2,27,221,62,72,2,357,18,0,18,375
01/13/2012,SJC,CA,AWP,WE,Towers with Radar,218,74,56,0,348,0,0,24,1,25,218,74,80,1,373,30,0,30,403
01/14/2012,SJC,CA,AWP,WE,Towers with Radar,155,22,31,0,208,0,0,20,2,22,155,22,51,2,230,56,0,56,286
01/15/2012,SJC,CA,AWP,WE,Towers with Radar,188,47,29,0,264,0,0,12,0,12,188,47,41,0,276,72,0,72,348
01/16/2012,SJC,CA,AWP,WE,Towers with Radar,221,71,56,0,348,0,1,31,0,32,221,72,87,0,380,24,0,24,404
01/17/2012,SJC,CA,AWP,WE,Towers with Radar,217,75,51,0,343,0,0,29,0,29,217,75,80,0,372,4,0,4,376
01/18/2012,SJC,CA,AWP,WE,Towers with Radar,204,57,45,0,306,0,1,24,0,25,204,58,69,0,331,12,0,12,343
01/19/2012,SJC,CA,AWP,WE,Towers with Radar,216,91,55,0,362,0,1,6,0,7,216,92,61,0,369,46,0,46,415
01/20/2012,SJC,CA,AWP,WE,Towers with Radar,214,70,67,0,351,0,0,1,0,1,214,70,68,0,352,0,0,0,352
01/21/2012,SJC,CA,AWP,WE,Towers with Radar,152,32,30,0,214,0,2,6,0,8,152,34,36,0,222,24,0,24,246
01/22/2012,SJC,CA,AWP,WE,Towers with Radar,193,78,31,0,302,0,1,6,0,7,193,79,37,0,309,20,0,20,329
01/23/2012,SJC,CA,AWP,WE,Towers with Radar,215,73,42,0,330,0,0,1,0,1,215,73,43,0,331,0,0,0,331
01/24/2012,SJC,CA,AWP,WE,Towers with Radar,214,69,60,0,343,0,0,9,0,9,214,69,69,0,352,0,0,0,352
01/25/2012,SJC,CA,AWP,WE,Towers with Radar,215,67,51,0,333,0,4,16,0,20,215,71,67,0,353,6,0,6,359
01/26/2012,SJC,CA,AWP,WE,Towers with Radar,222,88,67,0,377,0,0,7,2,9,222,88,74,2,386,0,0,0,386
01/27/2012,SJC,CA,AWP,WE,Towers with Radar,216,74,49,0,339,0,1,19,0,20,216,75,68,0,359,20,0,20,379
01/28/2012,SJC,CA,AWP,WE,Towers with Radar,154,26,14,0,194,0,0,27,1,28,154,26,41,1,222,42,0,42,264
01/29/2012,SJC,CA,AWP,WE,Towers with Radar,193,58,31,0,282,0,1,14,1,16,193,59,45,1,298,24,0,24,322
01/30/2012,SJC,CA,AWP,WE,Towers with Radar,215,64,46,0,325,0,1,20,0,21,215,65,66,0,346,0,0,0,346
01/31/2012,SJC,CA,AWP,WE,Towers with Radar,214,69,67,0,350,0,2,24,0,26,214,71,91,0,376,50,0,50,426
02/01/2012,SJC,CA,AWP,WE,Towers with Radar,218,65,68,0,351,0,0,13,0,13,218,65,81,0,364,64,0,64,428
02/02/2012,SJC,CA,AWP,WE,Towers with Radar,208,70,47,0,325,0,1,25,0,26,208,71,72,0,351,10,0,10,361
02/03/2012,SJC,CA,AWP,WE,Towers with Radar,212,73,46,0,331,0,1,23,0,24,212,74,69,0,355,0,0,0,355
02/04/2012,SJC,CA,AWP,WE,Towers with Radar,159,33,24,0,216,0,1,16,0,17,159,34,40,0,233,4,0,4,237
02/05/2012,SJC,CA,AWP,WE,Towers with Radar,185,46,33,0,264,0,1,20,1,22,185,47,53,1,286,0,0,0,286
02/06/2012,SJC,CA,AWP,WE,Towers with Radar,215,65,73,0,353,0,2,28,0,30,215,67,101,0,383,0,0,0,383
02/07/2012,SJC,CA,AWP,WE,Towers with Radar,216,63,51,1,331,0,0,10,0,10,216,63,61,1,341,34,0,34,375
02/08/2012,SJC,CA,AWP,WE,Towers with Radar,225,69,80,1,375,0,2,14,2,18,225,71,94,3,393,20,0,20,413
02/09/2012,SJC,CA,AWP,WE,Towers with Radar,220,75,52,0,347,0,0,26,0,26,220,75,78,0,373,0,0,0,373
02/10/2012,SJC,CA,AWP,WE,Towers with Radar,216,79,65,0,360,0,1,12,0,13,216,80,77,0,373,0,8,8,381
02/11/2012,SJC,CA,AWP,WE,Towers with Radar,148,25,35,1,209,0,0,5,1,6,148,25,40,2,215,46,0,46,261
02/12/2012,SJC,CA,AWP,WE,Towers with Radar,196,46,43,0,285,0,0,8,0,8,196,46,51,0,293,4,16,20,313
02/13/2012,SJC,CA,AWP,WE,Towers with Radar,217,84,29,0,330,0,0,2,0,2,217,84,31,0,332,0,0,0,332
02/14/2012,SJC,CA,AWP,WE,Towers with Radar,218,70,36,1,325,0,0,14,0,14,218,70,50,1,339,8,0,8,347
02/15/2012,SJC,CA,AWP,WE,Towers with Radar,223,73,41,0,337,0,0,22,1,23,223,73,63,1,360,6,0,6,366
02/16/2012,SJC,CA,AWP,WE,Towers with Radar,219,110,93,0,422,0,0,28,0,28,219,110,121,0,450,12,0,12,462
02/17/2012,SJC,CA,AWP,WE,Towers with Radar,221,90,67,0,378,0,0,52,0,52,221,90,119,0,430,4,0,4,434
02/18/2012,SJC,CA,AWP,WE,Towers with Radar,155,53,30,0,238,0,0,8,0,8,155,53,38,0,246,0,0,0,246
02/19/2012,SJC,CA,AWP,WE,Towers with Radar,192,43,34,0,269,0,0,29,0,29,192,43,63,0,298,20,0,20,318
02/20/2012,SJC,CA,AWP,WE,Towers with Radar,221,70,62,0,353,0,1,16,0,17,221,71,78,0,370,28,0,28,398
02/21/2012,SJC,CA,AWP,WE,Towers with Radar,219,80,49,4,352,0,1,9,0,10,219,81,58,4,362,16,0,16,378
02/22/2012,SJC,CA,AWP,WE,Towers with Radar,222,79,47,0,348,0,2,32,2,36,222,81,79,2,384,22,0,22,406
02/23/2012,SJC,CA,AWP,WE,Towers with Radar,223,70,53,0,346,0,0,32,2,34,223,70,85,2,380,18,0,18,398
02/24/2012,SJC,CA,AWP,WE,Towers with Radar,219,78,48,0,345,0,0,29,0,29,219,78,77,0,374,12,0,12,386
02/25/2012,SJC,CA,AWP,WE,Towers with Radar,154,44,48,0,246,0,0,18,0,18,154,44,66,0,264,0,0,0,264
02/26/2012,SJC,CA,AWP,WE,Towers with Radar,200,71,59,0,330,0,2,23,2,27,200,73,82,2,357,0,8,8,365
02/27/2012,SJC,CA,AWP,WE,Towers with Radar,217,65,41,2,325,0,0,15,1,16,217,65,56,3,341,32,0,32,373
02/28/2012,SJC,CA,AWP,WE,Towers with Radar,217,82,36,0,335,0,0,7,2,9,217,82,43,2,344,0,0,0,344
02/29/2012,SJC,CA,AWP,WE,Towers with Radar,226,68,66,0,360,0,0,3,0,3,226,68,69,0,363,0,0,0,363
03/01/2012,SJC,CA,AWP,WE,Towers with Radar,229,72,67,2,370,0,0,7,0,7,229,72,74,2,377,0,0,0,377
03/02/2012,SJC,CA,AWP,WE,Towers with Radar,225,87,33,0,345,0,0,41,0,41,225,87,74,0,386,24,0,24,410
03/03/2012,SJC,CA,AWP,WE,Towers with Radar,156,27,28,0,211,0,0,33,0,33,156,27,61,0,244,0,0,0,244
03/04/2012,SJC,CA,AWP,WE,Towers with Radar,198,59,47,0,304,0,1,41,4,46,198,60,88,4,350,56,0,56,406
03/05/2012,SJC,CA,AWP,WE,Towers with Radar,227,83,34,0,344,0,3,31,0,34,227,86,65,0,378,16,0,16,394
03/06/2012,SJC,CA,AWP,WE,Towers with Radar,218,65,55,2,340,0,1,12,0,13,218,66,67,2,353,0,0,0,353
03/07/2012,SJC,CA,AWP,WE,Towers with Radar,226,74,45,1,346,0,1,32,1,34,226,75,77,2,380,22,0,22,402
03/08/2012,SJC,CA,AWP,WE,Towers with Radar,231,90,66,0,387,0,0,38,1,39,231,90,104,1,426,34,0,34,460
03/09/2012,SJC,CA,AWP,WE,Towers with Radar,221,81,72,0,374,0,2,34,0,36,221,83,106,0,410,44,0,44,454
03/10/2012,SJC,CA,AWP,WE,Towers with Radar,159,43,32,0,234,0,0,30,1,31,159,43,62,1,265,22,0,22,287
03/11/2012,SJC,CA,AWP,WE,Towers with Radar,207,76,67,0,350,0,0,5,0,5,207,76,72,0,355,20,0,20,375
03/12/2012,SJC,CA,AWP,WE,Towers with Radar,234,76,44,0,354,0,0,15,1,16,234,76,59,1,370,24,0,24,394
03/13/2012,SJC,CA,AWP,WE,Towers with Radar,238,77,59,0,374,0,0,2,0,2,238,77,61,0,376,0,0,0,376
03/14/2012,SJC,CA,AWP,WE,Towers with Radar,233,78,80,0,391,0,0,1,1,2,233,78,81,1,393,0,0,0,393
03/15/2012,SJC,CA,AWP,WE,Towers with Radar,242,91,68,0,401,0,0,3,0,3,242,91,71,0,404,44,0,44,448
03/16/2012,SJC,CA,AWP,WE,Towers with Radar,233,80,79,0,392,0,0,1,0,1,233,80,80,0,393,10,0,10,403
03/17/2012,SJC,CA,AWP,WE,Towers with Radar,164,33,24,0,221,0,0,6,0,6,164,33,30,0,227,36,2,38,265
03/18/2012,SJC,CA,AWP,WE,Towers with Radar,206,58,46,0,310,0,2,2,0,4,206,60,48,0,314,4,0,4,318
03/19/2012,SJC,CA,AWP,WE,Towers with Radar,229,77,41,1,348,0,0,17,0,17,229,77,58,1,365,0,0,0,365
03/20/2012,SJC,CA,AWP,WE,Towers with Radar,232,60,62,1,355,0,0,11,0,11,232,60,73,1,366,44,0,44,410
03/21/2012,SJC,CA,AWP,WE,Towers with Radar,235,67,66,0,368,0,0,18,0,18,235,67,84,0,386,22,0,22,408
03/22/2012,SJC,CA,AWP,WE,Towers with Radar,233,88,62,0,383,0,0,16,0,16,233,88,78,0,399,4,0,4,403
03/23/2012,SJC,CA,AWP,WE,Towers with Radar,235,71,48,1,355,0,0,39,0,39,235,71,87,1,394,8,0,8,402
03/24/2012,SJC,CA,AWP,WE,Towers with Radar,171,31,26,0,228,0,0,3,0,3,171,31,29,0,231,0,0,0,231
03/25/2012,SJC,CA,AWP,WE,Towers with Radar,207,48,43,0,298,0,1,8,0,9,207,49,51,0,307,24,0,24,331
03/26/2012,SJC,CA,AWP,WE,Towers with Radar,234,71,41,0,346,0,0,26,0,26,234,71,67,0,372,20,0,20,392
03/27/2012,SJC,CA,AWP,WE,Towers with Radar,236,63,51,0,350,0,0,1,0,1,236,63,52,0,351,16,0,16,367
03/28/2012,SJC,CA,AWP,WE,Towers with Radar,232,57,64,0,353,0,0,13,0,13,232,57,77,0,366,12,0,12,378
03/29/2012,SJC,CA,AWP,WE,Towers with Radar,240,65,51,0,356,0,0,19,1,20,240,65,70,1,376,36,0,36,412
03/30/2012,SJC,CA,AWP,WE,Towers with Radar,235,64,67,0,366,0,0,25,0,25,235,64,92,0,391,0,4,4,395
03/31/2012,SJC,CA,AWP,WE,Towers with Radar,170,46,39,2,257,0,0,1,0,1,170,46,40,2,258,0,0,0,258
04/01/2012,SJC,CA,AWP,WE,Towers with Radar,208,47,61,1,317,0,0,23,3,26,208,47,84,4,343,56,0,56,399
04/02/2012,SJC,CA,AWP,WE,Towers with Radar,237,64,43,0,344,0,1,23,0,24,237,65,66,0,368,4,0,4,372
04/03/2012,SJC,CA,AWP,WE,Towers with Radar,228,70,36,0,334,0,0,18,0,18,228,70,54,0,352,12,0,12,364
04/04/2012,SJC,CA,AWP,WE,Towers with Radar,228,72,45,0,345,0,1,19,0,20,228,73,64,0,365,16,0,16,381
04/05/2012,SJC,CA,AWP,WE,Towers with Radar,236,78,59,0,373,0,0,26,2,28,236,78,85,2,401,20,0,20,421
04/06/2012,SJC,CA,AWP,WE,Towers with Radar,226,82,52,0,360,0,2,32,1,35,226,84,84,1,395,30,0,30,425
04/07/2012,SJC,CA,AWP,WE,Towers with Radar,170,46,30,0,246,0,0,21,0,21,170,46,51,0,267,18,0,18,285
04/08/2012,SJC,CA,AWP,WE,Towers with Radar,207,56,20,0,283,0,0,19,0,19,207,56,39,0,302,8,0,8,310
04/09/2012,SJC,CA,AWP,WE,Towers with Radar,238,75,59,0,372,0,0,32,2,34,238,75,91,2,406,48,0,48,454
04/10/2012,SJC,CA,AWP,WE,Towers with Radar,235,70,59,0,364,0,0,3,1,4,235,70,62,1,368,34,0,34,402
04/11/2012,SJC,CA,AWP,WE,Towers with Radar,240,72,80,0,392,0,0,6,0,6,240,72,86,0,398,20,0,20,418
04/12/2012,SJC,CA,AWP,WE,Towers with Radar,252,78,70,0,400,0,0,7,0,7,252,78,77,0,407,0,0,0,407
04/13/2012,SJC,CA,AWP,WE,Towers with Radar,239,70,48,0,357,0,0,3,0,3,239,70,51,0,360,0,0,0,360
04/14/2012,SJC,CA,AWP,WE,Towers with Radar,178,37,31,0,246,0,2,13,0,15,178,39,44,0,261,9,0,9,270
04/15/2012,SJC,CA,AWP,WE,Towers with Radar,206,66,68,1,341,0,1,34,0,35,206,67,102,1,376,0,0,0,376
04/16/2012,SJC,CA,AWP,WE,Towers with Radar,237,76,54,1,368,0,1,29,0,30,237,77,83,1,398,4,0,4,402
04/17/2012,SJC,CA,AWP,WE,Towers with Radar,226,71,45,1,343,0,6,33,1,40,226,77,78,2,383,4,0,4,387
04/18/2012,SJC,CA,AWP,WE,Towers with Radar,246,77,51,0,374,0,0,24,0,24,246,77,75,0,398,4,0,4,402
04/19/2012,SJC,CA,AWP,WE,Towers with Radar,237,80,84,3,404,0,0,32,0,32,237,80,116,3,436,26,0,26,462
04/20/2012,SJC,CA,AWP,WE,Towers with Radar,238,71,53,0,362,0,0,37,0,37,238,71,90,0,399,16,0,16,415
04/21/2012,SJC,CA,AWP,WE,Towers with Radar,170,31,23,0,224,0,0,32,1,33,170,31,55,1,257,44,0,44,301
04/22/2012,SJC,CA,AWP,WE,Towers with Radar,207,62,35,1,305,0,4,24,2,30,207,66,59,3,335,54,0,54,389
04/23/2012,SJC,CA,AWP,WE,Towers with Radar,239,66,47,0,352,0,2,19,2,23,239,68,66,2,375,16,0,16,391
04/24/2012,SJC,CA,AWP,WE,Towers with Radar,225,76,49,0,350,0,0,21,0,21,225,76,70,0,371,14,0,14,385
04/25/2012,SJC,CA,AWP,WE,Towers with Radar,239,72,44,0,355,0,0,3,0,3,239,72,47,0,358,0,0,0,358
04/26/2012,SJC,CA,AWP,WE,Towers with Radar,238,91,59,0,388,0,0,9,0,9,238,91,68,0,397,0,0,0,397
04/27/2012,SJC,CA,AWP,WE,Towers with Radar,238,67,44,0,349,0,2,65,0,67,238,69,109,0,416,28,0,28,444
04/28/2012,SJC,CA,AWP,WE,Towers with Radar,180,29,31,0,240,0,0,27,0,27,180,29,58,0,267,18,0,18,285
04/29/2012,SJC,CA,AWP,WE,Towers with Radar,210,55,63,0,328,0,1,25,0,26,210,56,88,0,354,20,0,20,374
04/30/2012,SJC,CA,AWP,WE,Towers with Radar,231,65,49,0,345,0,2,28,3,33,231,67,77,3,378,16,0,16,394
05/01/2012,SJC,CA,AWP,WE,Towers with Radar,239,68,49,0,356,0,1,19,2,22,239,69,68,2,378,12,0,12,390
05/02/2012,SJC,CA,AWP,WE,Towers with Radar,247,64,54,0,365,0,2,31,1,34,247,66,85,1,399,20,0,20,419
05/03/2012,SJC,CA,AWP,WE,Towers with Radar,243,87,61,0,391,0,2,8,0,10,243,89,69,0,401,0,0,0,401
05/04/2012,SJC,CA,AWP,WE,Towers with Radar,239,70,46,0,355,0,1,31,0,32,239,71,77,0,387,2,16,18,405
05/05/2012,SJC,CA,AWP,WE,Towers with Radar,175,24,16,0,215,0,3,23,3,29,175,27,39,3,244,14,0,14,258
05/06/2012,SJC,CA,AWP,WE,Towers with Radar,213,40,34,0,287,0,5,43,0,48,213,45,77,0,335,42,0,42,377
05/07/2012,SJC,CA,AWP,WE,Towers with Radar,239,44,48,1,332,0,0,19,0,19,239,44,67,1,351,0,0,0,351
05/08/2012,SJC,CA,AWP,WE,Towers with Radar,233,55,46,1,335,0,0,40,0,40,233,55,86,1,375,20,0,20,395
05/09/2012,SJC,CA,AWP,WE,Towers with Radar,240,67,65,0,372,0,0,29,1,30,240,67,94,1,402,20,0,20,422
05/10/2012,SJC,CA,AWP,WE,Towers with Radar,241,62,60,0,363,0,0,30,0,30,241,62,90,0,393,28,0,28,421
05/11/2012,SJC,CA,AWP,WE,Towers with Radar,237,78,54,0,369,0,0,50,0,50,237,78,104,0,419,8,0,8,427
05/12/2012,SJC,CA,AWP,WE,Towers with Radar,179,29,24,0,232,0,0,23,1,24,179,29,47,1,256,22,0,22,278
05/13/2012,SJC,CA,AWP,WE,Towers with Radar,206,44,35,0,285,0,0,21,0,21,206,44,56,0,306,2,0,2,308
05/14/2012,SJC,CA,AWP,WE,Towers with Radar,241,65,51,0,357,0,0,17,0,17,241,65,68,0,374,4,0,4,378
05/15/2012,SJC,CA,AWP,WE,Towers with Radar,235,70,59,0,364,0,0,22,0,22,235,70,81,0,386,24,0,24,410
05/16/2012,SJC,CA,AWP,WE,Towers with Radar,247,82,63,0,392,0,0,14,0,14,247,82,77,0,406,16,0,16,422
05/17/2012,SJC,CA,AWP,WE,Towers with Radar,245,70,74,0,389,0,1,22,0,23,245,71,96,0,412,0,0,0,412
05/18/2012,SJC,CA,AWP,WE,Towers with Radar,241,75,53,1,370,0,2,32,0,34,241,77,85,1,404,8,0,8,412
05/19/2012,SJC,CA,AWP,WE,Towers with Radar,177,28,27,1,233,0,0,32,0,32,177,28,59,1,265,24,0,24,289
05/20/2012,SJC,CA,AWP,WE,Towers with Radar,212,42,45,0,299,0,1,36,0,37,212,43,81,0,336,20,0,20,356
05/21/2012,SJC,CA,AWP,WE,Towers with Radar,240,80,30,0,350,0,1,33,1,35,240,81,63,1,385,2,0,2,387
05/22/2012,SJC,CA,AWP,WE,Towers with Radar,240,74,50,0,364,0,0,31,2,33,240,74,81,2,397,24,14,38,435
05/23/2012,SJC,CA,AWP,WE,Towers with Radar,244,57,52,0,353,0,0,12,2,14,244,57,64,2,367,4,0,4,371
05/24/2012,SJC,CA,AWP,WE,Towers with Radar,243,56,54,0,353,0,0,20,0,20,243,56,74,0,373,10,0,10,383
05/25/2012,SJC,CA,AWP,WE,Towers with Radar,239,55,66,0,360,0,0,10,0,10,239,55,76,0,370,0,0,0,370
05/26/2012,SJC,CA,AWP,WE,Towers with Radar,153,25,23,0,201,0,2,16,1,19,153,27,39,1,220,0,0,0,220
05/27/2012,SJC,CA,AWP,WE,Towers with Radar,171,27,27,0,225,0,2,28,1,31,171,29,55,1,256,30,0,30,286
05/28/2012,SJC,CA,AWP,WE,Towers with Radar,212,43,54,0,309,0,0,22,0,22,212,43,76,0,331,10,0,10,341
05/29/2012,SJC,CA,AWP,WE,Towers with Radar,239,76,51,0,366,0,1,30,0,31,239,77,81,0,397,6,0,6,403
05/30/2012,SJC,CA,AWP,WE,Towers with Radar,242,58,50,1,351,0,0,40,0,40,242,58,90,1,391,2,0,2,393
05/31/2012,SJC,CA,AWP,WE,Towers with Radar,238,77,76,0,391,0,1,33,2,36,238,78,109,2,427,14,0,14,441
06/01/2012,SJC,CA,AWP,WE,Towers with Radar,234,71,49,0,354,0,1,42,2,45,234,72,91,2,399,0,10,10,409
06/02/2012,SJC,CA,AWP,WE,Towers with Radar,167,25,25,1,218,0,0,13,1,14,167,25,38,2,232,46,0,46,278
06/03/2012,SJC,CA,AWP,WE,Towers with Radar,221,43,34,0,298,0,0,26,0,26,221,43,60,0,324,70,0,70,394
06/04/2012,SJC,CA,AWP,WE,Towers with Radar,238,70,40,0,348,0,0,2,0,2,238,70,42,0,350,0,0,0,350
06/05/2012,SJC,CA,AWP,WE,Towers with Radar,245,66,59,0,370,0,2,25,0,27,245,68,84,0,397,8,0,8,405
06/06/2012,SJC,CA,AWP,WE,Towers with Radar,247,68,51,0,366,0,0,28,0,28,247,68,79,0,394,12,0,12,406
06/07/2012,SJC,CA,AWP,WE,Towers with Radar,267,53,59,0,379,0,0,36,0,36,267,53,95,0,415,0,0,0,415
06/08/2012,SJC,CA,AWP,WE,Towers with Radar,251,56,65,0,372,0,0,30,1,31,251,56,95,1,403,48,0,48,451
06/09/2012,SJC,CA,AWP,WE,Towers with Radar,190,28,24,0,242,0,0,25,0,25,190,28,49,0,267,8,0,8,275
06/10/2012,SJC,CA,AWP,WE,Towers with Radar,220,35,53,1,309,0,1,28,0,29,220,36,81,1,338,0,0,0,338
06/11/2012,SJC,CA,AWP,WE,Towers with Radar,245,57,48,0,350,0,0,33,0,33,245,57,81,0,383,12,0,12,395
06/12/2012,SJC,CA,AWP,WE,Towers with Radar,241,57,57,0,355,0,2,27,2,31,241,59,84,2,386,8,0,8,394
06/13/2012,SJC,CA,AWP,WE,Towers with Radar,249,53,67,0,369,0,0,31,1,32,249,53,98,1,401,14,0,14,415
06/14/2012,SJC,CA,AWP,WE,Towers with Radar,252,68,64,0,384,0,0,25,1,26,252,68,89,1,410,18,0,18,428
06/15/2012,SJC,CA,AWP,WE,Towers with Radar,247,63,40,0,350,0,2,28,2,32,247,65,68,2,382,0,18,18,400
06/16/2012,SJC,CA,AWP,WE,Towers with Radar,195,53,36,0,284,0,0,26,1,27,195,53,62,1,311,26,0,26,337
06/17/2012,SJC,CA,AWP,WE,Towers with Radar,227,39,54,0,320,0,0,34,1,35,227,39,88,1,355,118,14,132,487
06/18/2012,SJC,CA,AWP,WE,Towers with Radar,249,75,52,0,376,0,1,25,0,26,249,76,77,0,402,0,0,0,402
06/19/2012,SJC,CA,AWP,WE,Towers with Radar,249,74,56,0,379,0,3,35,1,39,249,77,91,1,418,26,0,26,444
06/20/2012,SJC,CA,AWP,WE,Towers with Radar,252,82,57,0,391,0,2,34,1,37,252,84,91,1,428,8,0,8,436
06/21/2012,SJC,CA,AWP,WE,Towers with Radar,254,75,68,0,397,0,0,19,0,19,254,75,87,0,416,10,0,10,426
06/22/2012,SJC,CA,AWP,WE,Towers with Radar,245,58,57,0,360,0,0,37,0,37,245,58,94,0,397,6,0,6,403
06/23/2012,SJC,CA,AWP,WE,Towers with Radar,197,34,33,0,264,0,2,25,1,28,197,36,58,1,292,78,0,78,370
06/24/2012,SJC,CA,AWP,WE,Towers with Radar,224,54,46,1,325,0,1,21,1,23,224,55,67,2,348,14,0,14,362
06/25/2012,SJC,CA,AWP,WE,Towers with Radar,242,65,36,0,343,0,0,38,1,39,242,65,74,1,382,18,0,18,400
06/26/2012,SJC,CA,AWP,WE,Towers with Radar,252,61,49,0,362,0,1,37,0,38,252,62,86,0,400,52,0,52,452
06/27/2012,SJC,CA,AWP,WE,Towers with Radar,256,62,62,0,380,0,1,44,0,45,256,63,106,0,425,30,0,30,455
06/28/2012,SJC,CA,AWP,WE,Towers with Radar,257,61,44,0,362,0,0,38,1,39,257,61,82,1,401,12,0,12,413
06/29/2012,SJC,CA,AWP,WE,Towers with Radar,248,65,74,0,387,0,0,37,0,37,248,65,111,0,424,2,0,2,426
06/30/2012,SJC,CA,AWP,WE,Towers with Radar,201,41,27,0,269,0,0,33,0,33,201,41,60,0,302,24,0,24,326
07/01/2012,SJC,CA,AWP,WE,Towers with Radar,225,43,29,0,297,0,0,30,0,30,225,43,59,0,327,22,0,22,349
07/02/2012,SJC,CA,AWP,WE,Towers with Radar,251,47,29,0,327,0,0,16,0,16,251,47,45,0,343,28,0,28,371
07/03/2012,SJC,CA,AWP,WE,Towers with Radar,240,36,26,0,302,0,0,24,1,25,240,36,50,1,327,10,0,10,337
07/04/2012,SJC,CA,AWP,WE,Towers with Radar,226,16,17,0,259,0,1,17,0,18,226,17,34,0,277,10,0,10,287
07/05/2012,SJC,CA,AWP,WE,Towers with Radar,241,31,38,0,310,0,0,27,3,30,241,31,65,3,340,6,0,6,346
07/06/2012,SJC,CA,AWP,WE,Towers with Radar,248,27,25,0,300,0,0,23,0,23,248,27,48,0,323,0,0,0,323
07/07/2012,SJC,CA,AWP,WE,Towers with Radar,199,33,25,1,258,0,0,19,1,20,199,33,44,2,278,0,0,0,278
07/08/2012,SJC,CA,AWP,WE,Towers with Radar,227,60,54,0,341,0,0,29,0,29,227,60,83,0,370,2,0,2,372
07/09/2012,SJC,CA,AWP,WE,Towers with Radar,261,67,45,0,373,0,2,26,0,28,261,69,71,0,401,28,0,28,429
07/10/2012,SJC,CA,AWP,WE,Towers with Radar,249,76,78,0,403,0,0,37,0,37,249,76,115,0,440,26,0,26,466
07/11/2012,SJC,CA,AWP,WE,Towers with Radar,251,66,47,0,364,0,0,32,0,32,251,66,79,0,396,4,0,4,400
07/12/2012,SJC,CA,AWP,WE,Towers with Radar,253,58,52,0,363,0,1,44,0,45,253,59,96,0,408,2,0,2,410
07/13/2012,SJC,CA,AWP,WE,Towers with Radar,249,61,54,0,364,0,1,33,0,34,249,62,87,0,398,6,0,6,404
07/14/2012,SJC,CA,AWP,WE,Towers with Radar,196,47,39,0,282,0,0,26,0,26,196,47,65,0,308,26,0,26,334
07/15/2012,SJC,CA,AWP,WE,Towers with Radar,225,63,45,0,333,0,2,26,0,28,225,65,71,0,361,56,0,56,417
07/16/2012,SJC,CA,AWP,WE,Towers with Radar,252,67,44,0,363,0,0,24,0,24,252,67,68,0,387,0,0,0,387
07/17/2012,SJC,CA,AWP,WE,Towers with Radar,252,73,74,0,399,0,0,14,4,18,252,73,88,4,417,6,10,16,433
07/18/2012,SJC,CA,AWP,WE,Towers with Radar,253,61,55,0,369,0,2,25,2,29,253,63,80,2,398,26,0,26,424
07/19/2012,SJC,CA,AWP,WE,Towers with Radar,248,66,80,0,394,0,1,35,2,38,248,67,115,2,432,78,0,78,510
07/20/2012,SJC,CA,AWP,WE,Towers with Radar,249,67,35,2,353,0,2,28,0,30,249,69,63,2,383,10,0,10,393
07/21/2012,SJC,CA,AWP,WE,Towers with Radar,199,39,26,0,264,0,0,32,0,32,199,39,58,0,296,32,0,32,328
07/22/2012,SJC,CA,AWP,WE,Towers with Radar,224,58,56,0,338,0,3,41,0,44,224,61,97,0,382,28,0,28,410
07/23/2012,SJC,CA,AWP,WE,Towers with Radar,251,79,67,0,397,0,3,26,0,29,251,82,93,0,426,0,0,0,426
07/24/2012,SJC,CA,AWP,WE,Towers with Radar,246,84,58,0,388,0,4,30,0,34,246,88,88,0,422,20,0,20,442
07/25/2012,SJC,CA,AWP,WE,Towers with Radar,249,72,41,0,362,0,3,32,0,35,249,75,73,0,397,10,0,10,407
07/26/2012,SJC,CA,AWP,WE,Towers with Radar,251,66,69,0,386,0,0,29,0,29,251,66,98,0,415,20,0,20,435
07/27/2012,SJC,CA,AWP,WE,Towers with Radar,250,53,56,0,359,0,0,27,0,27,250,53,83,0,386,0,0,0,386
07/28/2012,SJC,CA,AWP,WE,Towers with Radar,209,33,28,0,270,1,0,29,0,30,210,33,57,0,300,4,0,4,304
07/29/2012,SJC,CA,AWP,WE,Towers with Radar,238,49,36,0,323,0,4,26,0,30,238,53,62,0,353,0,0,0,353
07/30/2012,SJC,CA,AWP,WE,Towers with Radar,249,68,34,0,351,0,0,24,0,24,249,68,58,0,375,0,0,0,375
07/31/2012,SJC,CA,AWP,WE,Towers with Radar,254,54,47,0,355,0,1,36,0,37,254,55,83,0,392,5,0,5,397
08/01/2012,SJC,CA,AWP,WE,Towers with Radar,244,64,49,0,357,0,1,32,0,33,244,65,81,0,390,18,0,18,408
08/02/2012,SJC,CA,AWP,WE,Towers with Radar,251,62,53,0,366,0,0,24,0,24,251,62,77,0,390,16,0,16,406
08/03/2012,SJC,CA,AWP,WE,Towers with Radar,251,57,43,0,351,0,1,34,0,35,251,58,77,0,386,0,0,0,386
08/04/2012,SJC,CA,AWP,WE,Towers with Radar,199,40,25,0,264,0,1,29,0,30,199,41,54,0,294,16,0,16,310
08/05/2012,SJC,CA,AWP,WE,Towers with Radar,228,45,47,3,323,0,0,22,0,22,228,45,69,3,345,4,0,4,349
08/06/2012,SJC,CA,AWP,WE,Towers with Radar,253,66,33,0,352,0,0,30,0,30,253,66,63,0,382,12,0,12,394
08/07/2012,SJC,CA,AWP,WE,Towers with Radar,250,72,44,0,366,0,0,24,0,24,250,72,68,0,390,0,0,0,390
08/08/2012,SJC,CA,AWP,WE,Towers with Radar,251,81,46,0,378,0,3,28,0,31,251,84,74,0,409,6,0,6,415
08/09/2012,SJC,CA,AWP,WE,Towers with Radar,250,72,36,0,358,0,1,32,0,33,250,73,68,0,391,4,0,4,395
08/10/2012,SJC,CA,AWP,WE,Towers with Radar,247,77,43,0,367,0,1,38,0,39,247,78,81,0,406,0,0,0,406
08/11/2012,SJC,CA,AWP,WE,Towers with Radar,199,50,25,0,274,0,0,27,0,27,199,50,52,0,301,8,0,8,309
08/12/2012,SJC,CA,AWP,WE,Towers with Radar,220,51,46,0,317,0,1,35,3,39,220,52,81,3,356,16,0,16,372
08/13/2012,SJC,CA,AWP,WE,Towers with Radar,252,60,44,0,356,0,1,32,0,33,252,61,76,0,389,42,0,42,431
08/14/2012,SJC,CA,AWP,WE,Towers with Radar,245,69,47,0,361,0,4,34,0,38,245,73,81,0,399,0,0,0,399
08/15/2012,SJC,CA,AWP,WE,Towers with Radar,246,85,66,1,398,1,3,21,0,25,247,88,87,1,423,42,0,42,465
08/16/2012,SJC,CA,AWP,WE,Towers with Radar,243,75,56,1,375,0,2,27,0,29,243,77,83,1,404,0,0,0,404
08/17/2012,SJC,CA,AWP,WE,Towers with Radar,248,56,34,0,338,0,0,28,0,28,248,56,62,0,366,26,0,26,392
08/18/2012,SJC,CA,AWP,WE,Towers with Radar,183,35,26,0,244,0,2,26,0,28,183,37,52,0,272,16,0,16,288
08/19/2012,SJC,CA,AWP,WE,Towers with Radar,213,56,41,0,310,0,0,23,0,23,213,56,64,0,333,32,0,32,365
08/20/2012,SJC,CA,AWP,WE,Towers with Radar,245,70,51,0,366,0,2,22,0,24,245,72,73,0,390,6,0,6,396
08/21/2012,SJC,CA,AWP,WE,Towers with Radar,244,70,42,0,356,0,0,37,0,37,244,70,79,0,393,8,14,22,415
08/22/2012,SJC,CA,AWP,WE,Towers with Radar,244,68,48,0,360,0,0,29,0,29,244,68,77,0,389,12,0,12,401
08/23/2012,SJC,CA,AWP,WE,Towers with Radar,247,65,55,0,367,0,0,22,0,22,247,65,77,0,389,78,0,78,467
08/24/2012,SJC,CA,AWP,WE,Towers with Radar,243,62,49,0,354,0,0,14,0,14,243,62,63,0,368,2,0,2,370
08/25/2012,SJC,CA,AWP,WE,Towers with Radar,178,37,35,0,250,0,0,17,1,18,178,37,52,1,268,0,0,0,268
08/26/2012,SJC,CA,AWP,WE,Towers with Radar,207,49,21,0,277,0,0,25,0,25,207,49,46,0,302,50,0,50,352
08/27/2012,SJC,CA,AWP,WE,Towers with Radar,236,56,39,0,331,0,1,28,0,29,236,57,67,0,360,8,0,8,368
08/28/2012,SJC,CA,AWP,WE,Towers with Radar,237,53,40,0,330,0,3,33,0,36,237,56,73,0,366,0,0,0,366
08/29/2012,SJC,CA,AWP,WE,Towers with Radar,238,63,39,0,340,0,1,26,0,27,238,64,65,0,367,12,0,12,379
08/30/2012,SJC,CA,AWP,WE,Towers with Radar,239,78,42,0,359,0,0,31,0,31,239,78,73,0,390,6,0,6,396
08/31/2012,SJC,CA,AWP,WE,Towers with Radar,241,47,72,2,362,0,0,15,1,16,241,47,87,3,378,0,0,0,378
09/01/2012,SJC,CA,AWP,WE,Towers with Radar,153,35,30,0,218,0,0,20,1,21,153,35,50,1,239,20,0,20,259
09/02/2012,SJC,CA,AWP,WE,Towers with Radar,164,25,10,0,199,0,0,27,1,28,164,25,37,1,227,30,0,30,257
09/03/2012,SJC,CA,AWP,WE,Towers with Radar,211,57,50,0,318,0,1,32,0,33,211,58,82,0,351,0,0,0,351
09/04/2012,SJC,CA,AWP,WE,Towers with Radar,233,53,40,0,326,0,0,28,0,28,233,53,68,0,354,6,0,6,360
09/05/2012,SJC,CA,AWP,WE,Towers with Radar,236,63,46,0,345,0,0,21,1,22,236,63,67,1,367,12,0,12,379
09/06/2012,SJC,CA,AWP,WE,Towers with Radar,240,63,47,0,350,0,0,22,0,22,240,63,69,0,372,34,0,34,406
09/07/2012,SJC,CA,AWP,WE,Towers with Radar,240,64,48,0,352,0,0,48,1,49,240,64,96,1,401,28,0,28,429
09/08/2012,SJC,CA,AWP,WE,Towers with Radar,167,27,20,0,214,0,0,33,0,33,167,27,53,0,247,14,0,14,261
09/09/2012,SJC,CA,AWP,WE,Towers with Radar,211,50,42,0,303,0,0,35,0,35,211,50,77,0,338,8,0,8,346
09/10/2012,SJC,CA,AWP,WE,Towers with Radar,241,56,38,0,335,0,1,34,0,35,241,57,72,0,370,30,0,30,400
09/11/2012,SJC,CA,AWP,WE,Towers with Radar,231,69,34,0,334,0,0,24,1,25,231,69,58,1,359,30,0,30,389
09/12/2012,SJC,CA,AWP,WE,Towers with Radar,238,68,45,2,353,0,0,26,0,26,238,68,71,2,379,0,0,0,379
09/13/2012,SJC,CA,AWP,WE,Towers with Radar,243,67,45,0,355,0,0,32,0,32,243,67,77,0,387,42,0,42,429
09/14/2012,SJC,CA,AWP,WE,Towers with Radar,245,60,65,0,370,0,0,23,0,23,245,60,88,0,393,0,0,0,393
09/15/2012,SJC,CA,AWP,WE,Towers with Radar,169,31,57,0,257,0,1,32,0,33,169,32,89,0,290,4,0,4,294
09/16/2012,SJC,CA,AWP,WE,Towers with Radar,210,41,60,0,311,0,1,22,0,23,210,42,82,0,334,6,0,6,340
09/17/2012,SJC,CA,AWP,WE,Towers with Radar,241,48,32,0,321,0,1,15,1,17,241,49,47,1,338,0,0,0,338
09/18/2012,SJC,CA,AWP,WE,Towers with Radar,236,55,48,0,339,0,1,20,0,21,236,56,68,0,360,4,0,4,364
09/19/2012,SJC,CA,AWP,WE,Towers with Radar,245,59,59,0,363,0,0,18,0,18,245,59,77,0,381,10,0,10,391
09/20/2012,SJC,CA,AWP,WE,Towers with Radar,244,80,74,0,398,0,0,34,0,34,244,80,108,0,432,18,0,18,450
09/21/2012,SJC,CA,AWP,WE,Towers with Radar,245,48,49,0,342,0,1,28,0,29,245,49,77,0,371,22,0,22,393
09/22/2012,SJC,CA,AWP,WE,Towers with Radar,171,37,27,0,235,0,0,27,0,27,171,37,54,0,262,34,0,34,296
09/23/2012,SJC,CA,AWP,WE,Towers with Radar,211,46,36,0,293,0,0,35,0,35,211,46,71,0,328,8,0,8,336
09/24/2012,SJC,CA,AWP,WE,Towers with Radar,242,53,37,0,332,0,0,19,1,20,242,53,56,1,352,0,0,0,352
09/25/2012,SJC,CA,AWP,WE,Towers with Radar,230,57,48,0,335,0,0,45,1,46,230,57,93,1,381,22,0,22,403
09/26/2012,SJC,CA,AWP,WE,Towers with Radar,241,55,52,0,348,0,2,35,0,37,241,57,87,0,385,0,0,0,385
09/27/2012,SJC,CA,AWP,WE,Towers with Radar,242,79,61,1,383,0,0,20,1,21,242,79,81,2,404,46,0,46,450
09/28/2012,SJC,CA,AWP,WE,Towers with Radar,243,71,44,0,358,0,0,30,0,30,243,71,74,0,388,4,0,4,392
09/29/2012,SJC,CA,AWP,WE,Towers with Radar,167,31,18,0,216,0,0,27,0,27,167,31,45,0,243,0,0,0,243
09/30/2012,SJC,CA,AWP,WE,Towers with Radar,216,50,48,0,314,0,1,37,0,38,216,51,85,0,352,20,0,20,372
10/01/2012,SJC,CA,AWP,WE,Towers with Radar,240,60,33,1,334,0,0,13,0,13,240,60,46,1,347,12,0,12,359
10/02/2012,SJC,CA,AWP,WE,Towers with Radar,232,75,43,0,350,0,1,18,0,19,232,76,61,0,369,0,0,0,369
10/03/2012,SJC,CA,AWP,WE,Towers with Radar,240,64,43,0,347,0,0,30,0,30,240,64,73,0,377,4,0,4,381
10/04/2012,SJC,CA,AWP,WE,Towers with Radar,239,86,71,0,396,0,2,26,0,28,239,88,97,0,424,0,0,0,424
10/05/2012,SJC,CA,AWP,WE,Towers with Radar,239,76,41,0,356,0,0,23,0,23,239,76,64,0,379,0,0,0,379
10/06/2012,SJC,CA,AWP,WE,Towers with Radar,170,31,22,0,223,0,0,23,0,23,170,31,45,0,246,6,0,6,252
10/07/2012,SJC,CA,AWP,WE,Towers with Radar,209,53,40,0,302,0,0,26,1,27,209,53,66,1,329,0,0,0,329
10/08/2012,SJC,CA,AWP,WE,Towers with Radar,235,71,44,0,350,0,1,22,0,23,235,72,66,0,373,0,0,0,373
10/09/2012,SJC,CA,AWP,WE,Towers with Radar,231,75,65,0,371,0,0,26,0,26,231,75,91,0,397,0,0,0,397
10/10/2012,SJC,CA,AWP,WE,Towers with Radar,246,62,71,0,379,0,1,14,0,15,246,63,85,0,394,0,0,0,394
10/11/2012,SJC,CA,AWP,WE,Towers with Radar,243,75,73,0,391,0,0,7,0,7,243,75,80,0,398,0,0,0,398
10/12/2012,SJC,CA,AWP,WE,Towers with Radar,235,61,50,2,348,0,0,8,0,8,235,61,58,2,356,0,0,0,356
10/13/2012,SJC,CA,AWP,WE,Towers with Radar,167,29,33,0,229,0,0,32,0,32,167,29,65,0,261,12,0,12,273
10/14/2012,SJC,CA,AWP,WE,Towers with Radar,215,48,51,0,314,0,0,15,1,16,215,48,66,1,330,46,0,46,376
10/15/2012,SJC,CA,AWP,WE,Towers with Radar,240,57,50,0,347,0,0,27,0,27,240,57,77,0,374,30,0,30,404
10/16/2012,SJC,CA,AWP,WE,Towers with Radar,237,57,57,0,351,0,0,35,0,35,237,57,92,0,386,96,0,96,482
10/17/2012,SJC,CA,AWP,WE,Towers with Radar,244,76,66,0,386,0,0,31,1,32,244,76,97,1,418,0,0,0,418
10/18/2012,SJC,CA,AWP,WE,Towers with Radar,245,79,36,0,360,0,0,35,0,35,245,79,71,0,395,6,0,6,401
10/19/2012,SJC,CA,AWP,WE,Towers with Radar,240,75,46,0,361,0,2,35,1,38,240,77,81,1,399,2,0,2,401
10/20/2012,SJC,CA,AWP,WE,Towers with Radar,169,29,31,0,229,0,2,13,2,17,169,31,44,2,246,14,0,14,260
10/21/2012,SJC,CA,AWP,WE,Towers with Radar,214,46,38,0,298,0,0,16,0,16,214,46,54,0,314,0,0,0,314
10/22/2012,SJC,CA,AWP,WE,Towers with Radar,243,67,57,0,367,0,0,6,0,6,243,67,63,0,373,16,0,16,389
10/23/2012,SJC,CA,AWP,WE,Towers with Radar,236,64,59,0,359,0,1,13,0,14,236,65,72,0,373,20,0,20,393
10/24/2012,SJC,CA,AWP,WE,Towers with Radar,246,75,82,0,403,0,6,9,0,15,246,81,91,0,418,6,0,6,424
10/25/2012,SJC,CA,AWP,WE,Towers with Radar,249,78,67,0,394,0,0,11,0,11,249,78,78,0,405,0,0,0,405
10/26/2012,SJC,CA,AWP,WE,Towers with Radar,241,67,53,0,361,0,0,34,1,35,241,67,87,1,396,48,0,48,444
10/27/2012,SJC,CA,AWP,WE,Towers with Radar,172,30,34,0,236,0,0,13,0,13,172,30,47,0,249,14,0,14,263
10/28/2012,SJC,CA,AWP,WE,Towers with Radar,211,52,52,0,315,0,0,14,2,16,211,52,66,2,331,6,0,6,337
10/29/2012,SJC,CA,AWP,WE,Towers with Radar,238,48,44,1,331,0,0,26,0,26,238,48,70,1,357,8,0,8,365
10/30/2012,SJC,CA,AWP,WE,Towers with Radar,231,60,62,0,353,0,0,12,0,12,231,60,74,0,365,0,0,0,365
10/31/2012,SJC,CA,AWP,WE,Towers with Radar,212,63,35,0,310,0,0,10,1,11,212,63,45,1,321,36,0,36,357
11/01/2012,SJC,CA,AWP,WE,Towers with Radar,237,78,67,0,382,0,0,10,0,10,237,78,77,0,392,14,0,14,406
11/02/2012,SJC,CA,AWP,WE,Towers with Radar,239,66,59,2,366,0,1,19,0,20,239,67,78,2,386,2,0,2,388
11/03/2012,SJC,CA,AWP,WE,Towers with Radar,169,26,24,0,219,0,0,20,1,21,169,26,44,1,240,10,0,10,250
11/04/2012,SJC,CA,AWP,WE,Towers with Radar,204,55,47,2,308,0,0,28,0,28,204,55,75,2,336,12,0,12,348
11/05/2012,SJC,CA,AWP,WE,Towers with Radar,240,58,48,0,346,0,0,18,0,18,240,58,66,0,364,20,0,20,384
11/06/2012,SJC,CA,AWP,WE,Towers with Radar,219,60,56,0,335,0,0,30,0,30,219,60,86,0,365,4,0,4,369
11/07/2012,SJC,CA,AWP,WE,Towers with Radar,242,65,71,0,378,0,0,22,0,22,242,65,93,0,400,0,0,0,400
11/08/2012,SJC,CA,AWP,WE,Towers with Radar,245,75,82,2,404,0,0,6,0,6,245,75,88,2,410,0,0,0,410
11/09/2012,SJC,CA,AWP,WE,Towers with Radar,243,66,73,4,386,0,0,17,0,17,243,66,90,4,403,0,0,0,403
11/10/2012,SJC,CA,AWP,WE,Towers with Radar,171,30,33,0,234,0,0,26,0,26,171,30,59,0,260,40,0,40,300
11/11/2012,SJC,CA,AWP,WE,Towers with Radar,205,51,52,0,308,0,0,35,0,35,205,51,87,0,343,16,0,16,359
11/12/2012,SJC,CA,AWP,WE,Towers with Radar,237,68,48,0,353,0,0,24,0,24,237,68,72,0,377,0,0,0,377
11/13/2012,SJC,CA,AWP,WE,Towers with Radar,231,57,63,0,351,0,0,23,0,23,231,57,86,0,374,36,0,36,410
11/14/2012,SJC,CA,AWP,WE,Towers with Radar,238,65,55,0,358,0,0,41,0,41,238,65,96,0,399,36,0,36,435
11/15/2012,SJC,CA,AWP,WE,Towers with Radar,241,69,61,0,371,0,0,38,1,39,241,69,99,1,410,10,0,10,420
11/16/2012,SJC,CA,AWP,WE,Towers with Radar,241,71,77,0,389,0,0,4,1,5,241,71,81,1,394,4,0,4,398
11/17/2012,SJC,CA,AWP,WE,Towers with Radar,173,40,44,0,257,0,0,2,1,3,173,40,46,1,260,20,0,20,280
11/18/2012,SJC,CA,AWP,WE,Towers with Radar,207,40,28,0,275,0,0,12,0,12,207,40,40,0,287,24,0,24,311
11/19/2012,SJC,CA,AWP,WE,Towers with Radar,236,44,40,0,320,0,0,25,0,25,236,44,65,0,345,14,0,14,359
11/20/2012,SJC,CA,AWP,WE,Towers with Radar,241,45,59,0,345,0,0,10,0,10,241,45,69,0,355,12,0,12,367
11/21/2012,SJC,CA,AWP,WE,Towers with Radar,248,56,50,0,354,0,1,18,0,19,248,57,68,0,373,4,0,4,377
11/22/2012,SJC,CA,AWP,WE,Towers with Radar,148,27,18,0,193,0,1,9,0,10,148,28,27,0,203,8,0,8,211
11/23/2012,SJC,CA,AWP,WE,Towers with Radar,190,39,26,4,259,0,0,36,0,36,190,39,62,4,295,12,24,36,331
11/24/2012,SJC,CA,AWP,WE,Towers with Radar,178,51,26,0,255,0,0,26,0,26,178,51,52,0,281,0,0,0,281
11/25/2012,SJC,CA,AWP,WE,Towers with Radar,245,63,84,0,392,0,0,7,0,7,245,63,91,0,399,0,0,0,399
11/26/2012,SJC,CA,AWP,WE,Towers with Radar,249,72,63,1,385,0,0,35,0,35,249,72,98,1,420,0,0,0,420
11/27/2012,SJC,CA,AWP,WE,Towers with Radar,239,60,46,0,345,0,0,18,0,18,239,60,64,0,363,48,0,48,411
11/28/2012,SJC,CA,AWP,WE,Towers with Radar,235,65,60,0,360,0,0,2,0,2,235,65,62,0,362,0,0,0,362
11/29/2012,SJC,CA,AWP,WE,Towers with Radar,242,62,61,0,365,0,0,4,0,4,242,62,65,0,369,0,0,0,369
11/30/2012,SJC,CA,AWP,WE,Towers with Radar,235,53,70,0,358,0,0,6,0,6,235,53,76,0,364,0,0,0,364
12/01/2012,SJC,CA,AWP,WE,Towers with Radar,166,24,28,1,219,0,0,2,0,2,166,24,30,1,221,0,0,0,221
12/02/2012,SJC,CA,AWP,WE,Towers with Radar,208,37,39,0,284,0,1,3,0,4,208,38,42,0,288,0,0,0,288
12/03/2012,SJC,CA,AWP,WE,Towers with Radar,233,58,36,0,327,0,0,23,0,23,233,58,59,0,350,0,0,0,350
12/04/2012,SJC,CA,AWP,WE,Towers with Radar,229,56,46,0,331,0,0,14,2,16,229,56,60,2,347,2,0,2,349
12/05/2012,SJC,CA,AWP,WE,Towers with Radar,234,79,66,0,379,0,0,4,0,4,234,79,70,0,383,8,0,8,391
12/06/2012,SJC,CA,AWP,WE,Towers with Radar,236,80,83,0,399,0,0,5,0,5,236,80,88,0,404,0,0,0,404
12/07/2012,SJC,CA,AWP,WE,Towers with Radar,237,74,53,0,364,0,2,26,1,29,237,76,79,1,393,16,0,16,409
12/08/2012,SJC,CA,AWP,WE,Towers with Radar,163,28,24,1,216,0,0,32,0,32,163,28,56,1,248,0,0,0,248
12/09/2012,SJC,CA,AWP,WE,Towers with Radar,201,40,31,0,272,0,0,26,0,26,201,40,57,0,298,48,0,48,346
12/10/2012,SJC,CA,AWP,WE,Towers with Radar,230,61,46,0,337,0,0,42,0,42,230,61,88,0,379,4,0,4,383
12/11/2012,SJC,CA,AWP,WE,Towers with Radar,232,61,67,0,360,0,1,18,0,19,232,62,85,0,379,0,0,0,379
12/12/2012,SJC,CA,AWP,WE,Towers with Radar,235,75,41,0,351,0,0,8,2,10,235,75,49,2,361,8,0,8,369
12/13/2012,SJC,CA,AWP,WE,Towers with Radar,237,74,47,0,358,0,1,23,2,26,237,75,70,2,384,18,0,18,402
12/14/2012,SJC,CA,AWP,WE,Towers with Radar,245,67,40,0,352,0,0,12,0,12,245,67,52,0,364,10,0,10,374
12/15/2012,SJC,CA,AWP,WE,Towers with Radar,165,36,29,0,230,0,0,6,0,6,165,36,35,0,236,20,0,20,256
12/16/2012,SJC,CA,AWP,WE,Towers with Radar,209,39,43,0,291,0,0,9,0,9,209,39,52,0,300,36,0,36,336
12/17/2012,SJC,CA,AWP,WE,Towers with Radar,234,37,53,0,324,0,0,1,0,1,234,37,54,0,325,0,0,0,325
12/18/2012,SJC,CA,AWP,WE,Towers with Radar,239,49,43,0,331,0,1,34,7,42,239,50,77,7,373,0,0,0,373
12/19/2012,SJC,CA,AWP,WE,Towers with Radar,243,61,45,0,349,0,0,41,2,43,243,61,86,2,392,36,0,36,428
12/20/2012,SJC,CA,AWP,WE,Towers with Radar,245,74,44,0,363,0,1,19,0,20,245,75,63,0,383,0,0,0,383
12/21/2012,SJC,CA,AWP,WE,Towers with Radar,235,69,67,0,371,0,0,3,0,3,235,69,70,0,374,0,0,0,374
12/22/2012,SJC,CA,AWP,WE,Towers with Radar,221,40,39,0,300,0,1,2,0,3,221,41,41,0,303,0,0,0,303
12/23/2012,SJC,CA,AWP,WE,Towers with Radar,218,32,25,0,275,0,0,0,0,0,218,32,25,0,275,0,0,0,275
12/24/2012,SJC,CA,AWP,WE,Towers with Radar,179,26,16,0,221,0,0,10,0,10,179,26,26,0,231,0,0,0,231
12/25/2012,SJC,CA,AWP,WE,Towers with Radar,173,24,20,0,217,0,0,1,0,1,173,24,21,0,218,0,0,0,218
12/26/2012,SJC,CA,AWP,WE,Towers with Radar,242,53,55,0,350,0,1,1,0,2,242,54,56,0,352,0,0,0,352
12/27/2012,SJC,CA,AWP,WE,Towers with Radar,241,47,36,2,326,0,1,20,0,21,241,48,56,2,347,10,0,10,357
12/28/2012,SJC,CA,AWP,WE,Towers with Radar,235,41,23,0,299,0,0,8,0,8,235,41,31,0,307,0,0,0,307
12/29/2012,SJC,CA,AWP,WE,Towers with Radar,168,29,22,0,219,0,1,8,1,10,168,30,30,1,229,0,0,0,229
12/30/2012,SJC,CA,AWP,WE,Towers with Radar,205,34,23,0,262,0,0,17,0,17,205,34,40,0,279,0,0,0,279
12/31/2012,SJC,CA,AWP,WE,Towers with Radar,179,30,13,0,222,0,1,11,0,12,179,31,24,0,234,0,0,0,234
01/01/2013,SJC,CA,AWP,WE,Towers with Radar,191,52,39,0,282,0,0,12,0,12,191,52,51,0,294,0,0,0,294
01/02/2013,SJC,CA,AWP,WE,Towers with Radar,246,48,37,0,331,0,4,27,1,32,246,52,64,1,363,10,0,10,373
01/03/2013,SJC,CA,AWP,WE,Towers with Radar,237,48,30,0,315,0,4,15,0,19,237,52,45,0,334,0,0,0,334
01/04/2013,SJC,CA,AWP,WE,Towers with Radar,233,44,48,0,325,0,1,32,1,34,233,45,80,1,359,13,0,13,372
01/05/2013,SJC,CA,AWP,WE,Towers with Radar,172,45,49,0,266,0,0,8,0,8,172,45,57,0,274,0,0,0,274
01/06/2013,SJC,CA,AWP,WE,Towers with Radar,200,52,58,0,310,0,0,3,0,3,200,52,61,0,313,0,0,0,313
01/07/2013,SJC,CA,AWP,WE,Towers with Radar,236,40,41,0,317,0,0,17,1,18,236,40,58,1,335,16,0,16,351
01/08/2013,SJC,CA,AWP,WE,Towers with Radar,219,49,56,0,324,0,0,15,1,16,219,49,71,1,340,4,0,4,344
01/09/2013,SJC,CA,AWP,WE,Towers with Radar,226,48,64,0,338,0,0,5,0,5,226,48,69,0,343,2,0,2,345
01/10/2013,SJC,CA,AWP,WE,Towers with Radar,231,61,67,2,361,0,0,9,0,9,231,61,76,2,370,2,2,4,374
01/11/2013,SJC,CA,AWP,WE,Towers with Radar,229,45,74,0,348,0,0,20,0,20,229,45,94,0,368,0,0,0,368
01/12/2013,SJC,CA,AWP,WE,Towers with Radar,159,31,35,0,225,0,2,18,1,21,159,33,53,1,246,10,0,10,256
01/13/2013,SJC,CA,AWP,WE,Towers with Radar,193,35,32,0,260,0,0,20,4,24,193,35,52,4,284,0,0,0,284
01/14/2013,SJC,CA,AWP,WE,Towers with Radar,229,38,49,0,316,0,1,20,0,21,229,39,69,0,337,0,0,0,337
01/15/2013,SJC,CA,AWP,WE,Towers with Radar,221,43,67,0,331,0,0,27,0,27,221,43,94,0,358,6,0,6,364
01/16/2013,SJC,CA,AWP,WE,Towers with Radar,224,52,59,0,335,0,0,29,0,29,224,52,88,0,364,0,0,0,364
01/17/2013,SJC,CA,AWP,WE,Towers with Radar,228,54,85,0,367,0,0,43,1,44,228,54,128,1,411,0,0,0,411
01/18/2013,SJC,CA,AWP,WE,Towers with Radar,230,72,72,0,374,0,0,47,0,47,230,72,119,0,421,26,0,26,447
01/19/2013,SJC,CA,AWP,WE,Towers with Radar,156,34,25,0,215,0,1,32,0,33,156,35,57,0,248,0,0,0,248
01/20/2013,SJC,CA,AWP,WE,Towers with Radar,192,38,24,0,254,0,0,24,0,24,192,38,48,0,278,0,0,0,278
01/21/2013,SJC,CA,AWP,WE,Towers with Radar,229,59,65,0,353,0,0,29,0,29,229,59,94,0,382,14,0,14,396
01/22/2013,SJC,CA,AWP,WE,Towers with Radar,225,48,64,0,337,0,1,26,0,27,225,49,90,0,364,0,0,0,364
01/23/2013,SJC,CA,AWP,WE,Towers with Radar,231,43,70,0,344,0,1,9,0,10,231,44,79,0,354,16,0,16,370
01/24/2013,SJC,CA,AWP,WE,Towers with Radar,231,60,76,1,368,0,0,0,0,0,231,60,76,1,368,4,0,4,372
01/25/2013,SJC,CA,AWP,WE,Towers with Radar,228,62,65,0,355,0,0,6,0,6,228,62,71,0,361,0,0,0,361
01/26/2013,SJC,CA,AWP,WE,Towers with Radar,160,29,42,0,231,0,1,10,0,11,160,30,52,0,242,4,0,4,246
01/27/2013,SJC,CA,AWP,WE,Towers with Radar,199,43,44,0,286,0,0,25,0,25,199,43,69,0,311,0,0,0,311
01/28/2013,SJC,CA,AWP,WE,Towers with Radar,231,47,49,0,327,0,0,17,0,17,231,47,66,0,344,0,0,0,344
01/29/2013,SJC,CA,AWP,WE,Towers with Radar,222,36,67,0,325,0,0,30,0,30,222,36,97,0,355,8,0,8,363
01/30/2013,SJC,CA,AWP,WE,Towers with Radar,230,59,73,0,362,0,3,37,0,40,230,62,110,0,402,34,0,34,436
01/31/2013,SJC,CA,AWP,WE,Towers with Radar,235,52,74,2,363,0,1,39,0,40,235,53,113,2,403,18,0,18,421
02/01/2013,SJC,CA,AWP,WE,Towers with Radar,234,72,61,0,367,0,0,28,1,29,234,72,89,1,396,0,0,0,396
02/02/2013,SJC,CA,AWP,WE,Towers with Radar,157,30,29,1,217,0,0,7,0,7,157,30,36,1,224,4,0,4,228
02/03/2013,SJC,CA,AWP,WE,Towers with Radar,194,37,41,0,272,0,0,8,0,8,194,37,49,0,280,0,0,0,280
02/04/2013,SJC,CA,AWP,WE,Towers with Radar,230,63,61,0,354,0,0,8,4,12,230,63,69,4,366,8,0,8,374
02/05/2013,SJC,CA,AWP,WE,Towers with Radar,227,47,57,0,331,0,0,9,0,9,227,47,66,0,340,28,0,28,368
02/06/2013,SJC,CA,AWP,WE,Towers with Radar,230,55,73,0,358,0,0,32,3,35,230,55,105,3,393,8,0,8,401
02/07/2013,SJC,CA,AWP,WE,Towers with Radar,234,55,76,0,365,0,0,11,0,11,234,55,87,0,376,14,0,14,390
02/08/2013,SJC,CA,AWP,WE,Towers with Radar,228,46,63,0,337,0,0,55,0,55,228,46,118,0,392,24,0,24,416
02/09/2013,SJC,CA,AWP,WE,Towers with Radar,161,30,26,0,217,0,1,36,1,38,161,31,62,1,255,56,0,56,311
02/10/2013,SJC,CA,AWP,WE,Towers with Radar,194,45,59,0,298,0,0,29,0,29,194,45,88,0,327,0,0,0,327
02/11/2013,SJC,CA,AWP,WE,Towers with Radar,229,51,66,0,346,0,2,27,1,30,229,53,93,1,376,0,0,0,376
02/12/2013,SJC,CA,AWP,WE,Towers with Radar,219,51,44,0,314,0,0,39,0,39,219,51,83,0,353,22,0,22,375
02/13/2013,SJC,CA,AWP,WE,Towers with Radar,229,64,80,0,373,0,0,23,0,23,229,64,103,0,396,0,0,0,396
02/14/2013,SJC,CA,AWP,WE,Towers with Radar,232,67,73,0,372,0,0,22,0,22,232,67,95,0,394,28,0,28,422
02/15/2013,SJC,CA,AWP,WE,Towers with Radar,228,96,54,0,378,0,4,34,0,38,228,100,88,0,416,31,0,31,447
02/16/2013,SJC,CA,AWP,WE,Towers with Radar,164,40,47,1,252,0,0,23,0,23,164,40,70,1,275,23,0,23,298
02/17/2013,SJC,CA,AWP,WE,Towers with Radar,192,38,25,0,255,0,0,14,0,14,192,38,39,0,269,0,0,0,269
02/18/2013,SJC,CA,AWP,WE,Towers with Radar,230,73,55,0,358,0,0,6,0,6,230,73,61,0,364,33,0,33,397
02/19/2013,SJC,CA,AWP,WE,Towers with Radar,227,53,54,0,334,0,0,5,2,7,227,53,59,2,341,0,0,0,341
02/20/2013,SJC,CA,AWP,WE,Towers with Radar,233,57,70,2,362,0,0,23,2,25,233,57,93,4,387,6,0,6,393
02/21/2013,SJC,CA,AWP,WE,Towers with Radar,230,58,73,0,361,0,1,34,1,36,230,59,107,1,397,12,0,12,409
02/22/2013,SJC,CA,AWP,WE,Towers with Radar,227,65,75,0,367,0,0,33,0,33,227,65,108,0,400,16,0,16,416
02/23/2013,SJC,CA,AWP,WE,Towers with Radar,164,40,50,0,254,0,0,18,0,18,164,40,68,0,272,18,0,18,290
02/24/2013,SJC,CA,AWP,WE,Towers with Radar,196,53,60,0,309,0,0,34,0,34,196,53,94,0,343,8,0,8,351
02/25/2013,SJC,CA,AWP,WE,Towers with Radar,228,59,54,0,341,0,0,20,2,22,228,59,74,2,363,10,0,10,373
02/26/2013,SJC,CA,AWP,WE,Towers with Radar,220,62,67,0,349,0,0,20,2,22,220,62,87,2,371,12,0,12,383
02/27/2013,SJC,CA,AWP,WE,Towers with Radar,224,57,50,0,331,0,0,27,2,29,224,57,77,2,360,6,0,6,366
02/28/2013,SJC,CA,AWP,WE,Towers with Radar,236,63,65,0,364,0,3,35,0,38,236,66,100,0,402,0,0,0,402
03/01/2013,SJC,CA,AWP,WE,Towers with Radar,238,66,73,0,377,0,0,41,0,41,238,66,114,0,418,0,0,0,418
03/02/2013,SJC,CA,AWP,WE,Towers with Radar,165,30,28,0,223,0,0,10,1,11,165,30,38,1,234,6,0,6,240
03/03/2013,SJC,CA,AWP,WE,Towers with Radar,199,43,55,0,297,0,1,18,0,19,199,44,73,0,316,14,0,14,330
03/04/2013,SJC,CA,AWP,WE,Towers with Radar,234,55,54,0,343,0,0,18,3,21,234,55,72,3,364,4,0,4,368
03/05/2013,SJC,CA,AWP,WE,Towers with Radar,230,47,61,0,338,0,0,23,0,23,230,47,84,0,361,2,0,2,363
03/06/2013,SJC,CA,AWP,WE,Towers with Radar,230,59,63,0,352,0,0,15,0,15,230,59,78,0,367,0,0,0,367
03/07/2013,SJC,CA,AWP,WE,Towers with Radar,237,73,80,0,390,0,1,5,4,10,237,74,85,4,400,0,0,0,400
03/08/2013,SJC,CA,AWP,WE,Towers with Radar,236,74,72,1,383,0,0,24,0,24,236,74,96,1,407,2,6,8,415
03/09/2013,SJC,CA,AWP,WE,Towers with Radar,169,32,21,0,222,0,1,31,0,32,169,33,52,0,254,8,0,8,262
03/10/2013,SJC,CA,AWP,WE,Towers with Radar,206,57,43,0,306,0,0,38,0,38,206,57,81,0,344,14,0,14,358
03/11/2013,SJC,CA,AWP,WE,Towers with Radar,237,63,49,0,349,0,2,31,0,33,237,65,80,0,382,10,0,10,392
03/12/2013,SJC,CA,AWP,WE,Towers with Radar,232,59,71,0,362,0,0,26,0,26,232,59,97,0,388,20,0,20,408
03/13/2013,SJC,CA,AWP,WE,Towers with Radar,229,56,65,0,350,0,1,20,0,21,229,57,85,0,371,0,0,0,371
03/14/2013,SJC,CA,AWP,WE,Towers with Radar,242,57,79,0,378,0,1,22,0,23,242,58,101,0,401,9,0,9,410
03/15/2013,SJC,CA,AWP,WE,Towers with Radar,237,62,44,0,343,0,5,23,0,28,237,67,67,0,371,10,0,10,381
03/16/2013,SJC,CA,AWP,WE,Towers with Radar,165,41,20,0,226,0,1,27,0,28,165,42,47,0,254,6,0,6,260
03/17/2013,SJC,CA,AWP,WE,Towers with Radar,210,40,42,0,292,0,2,33,2,37,210,42,75,2,329,50,0,50,379
03/18/2013,SJC,CA,AWP,WE,Towers with Radar,241,53,56,0,350,0,0,19,0,19,241,53,75,0,369,18,0,18,387
03/19/2013,SJC,CA,AWP,WE,Towers with Radar,241,36,68,0,345,0,1,29,0,30,241,37,97,0,375,12,0,12,387
03/20/2013,SJC,CA,AWP,WE,Towers with Radar,235,52,98,0,385,0,0,14,0,14,235,52,112,0,399,41,0,41,440
03/21/2013,SJC,CA,AWP,WE,Towers with Radar,247,64,101,0,412,0,0,32,0,32,247,64,133,0,444,10,0,10,454
03/22/2013,SJC,CA,AWP,WE,Towers with Radar,243,54,81,0,378,0,2,37,1,40,243,56,118,1,418,16,0,16,434
03/23/2013,SJC,CA,AWP,WE,Towers with Radar,167,30,39,0,236,0,2,35,0,37,167,32,74,0,273,26,0,26,299
03/24/2013,SJC,CA,AWP,WE,Towers with Radar,216,45,40,0,301,0,0,37,0,37,216,45,77,0,338,22,0,22,360
03/25/2013,SJC,CA,AWP,WE,Towers with Radar,240,39,66,1,346,0,0,35,4,39,240,39,101,5,385,0,2,2,387
03/26/2013,SJC,CA,AWP,WE,Towers with Radar,235,39,76,0,350,0,0,23,0,23,235,39,99,0,373,0,0,0,373
03/27/2013,SJC,CA,AWP,WE,Towers with Radar,239,36,76,0,351,0,0,16,1,17,239,36,92,1,368,4,0,4,372
03/28/2013,SJC,CA,AWP,WE,Towers with Radar,250,51,86,0,387,0,0,13,0,13,250,51,99,0,400,2,0,2,402
03/29/2013,SJC,CA,AWP,WE,Towers with Radar,245,44,46,0,335,1,0,26,0,27,246,44,72,0,362,10,0,10,372
03/30/2013,SJC,CA,AWP,WE,Towers with Radar,169,35,22,0,226,0,0,10,0,10,169,35,32,0,236,6,0,6,242
03/31/2013,SJC,CA,AWP,WE,Towers with Radar,214,34,41,0,289,0,0,7,1,8,214,34,48,1,297,0,0,0,297
04/01/2013,SJC,CA,AWP,WE,Towers with Radar,241,43,67,0,351,0,2,16,0,18,241,45,83,0,369,2,0,2,371
04/02/2013,SJC,CA,AWP,WE,Towers with Radar,233,41,78,0,352,0,0,27,0,27,233,41,105,0,379,4,0,4,383
04/03/2013,SJC,CA,AWP,WE,Towers with Radar,234,34,85,0,353,0,1,28,1,30,234,35,113,1,383,0,0,0,383
04/04/2013,SJC,CA,AWP,WE,Towers with Radar,240,41,90,0,371,0,1,9,0,10,240,42,99,0,381,6,0,6,387
04/05/2013,SJC,CA,AWP,WE,Towers with Radar,242,49,66,0,357,0,1,15,0,16,242,50,81,0,373,10,0,10,383
04/06/2013,SJC,CA,AWP,WE,Towers with Radar,176,47,48,0,271,0,1,23,1,25,176,48,71,1,296,34,0,34,330
04/07/2013,SJC,CA,AWP,WE,Towers with Radar,213,72,42,0,327,0,1,11,0,12,213,73,53,0,339,24,0,24,363
04/08/2013,SJC,CA,AWP,WE,Towers with Radar,236,57,54,0,347,0,0,4,1,5,236,57,58,1,352,0,0,0,352
04/09/2013,SJC,CA,AWP,WE,Towers with Radar,228,56,59,2,345,0,0,30,0,30,228,56,89,2,375,2,2,4,379
04/10/2013,SJC,CA,AWP,WE,Towers with Radar,229,40,71,0,340,0,0,26,0,26,229,40,97,0,366,0,0,0,366
04/11/2013,SJC,CA,AWP,WE,Towers with Radar,241,49,66,0,356,0,2,52,0,54,241,51,118,0,410,54,0,54,464
04/12/2013,SJC,CA,AWP,WE,Towers with Radar,234,56,70,0,360,0,0,39,0,39,234,56,109,0,399,24,0,24,423
04/13/2013,SJC,CA,AWP,WE,Towers with Radar,160,44,28,1,233,0,0,20,0,20,160,44,48,1,253,0,0,0,253
04/14/2013,SJC,CA,AWP,WE,Towers with Radar,215,49,59,0,323,0,1,27,0,28,215,50,86,0,351,0,0,0,351
04/15/2013,SJC,CA,AWP,WE,Towers with Radar,245,52,53,0,350,0,0,12,1,13,245,52,65,1,363,42,0,42,405
04/16/2013,SJC,CA,AWP,WE,Towers with Radar,235,50,62,0,347,0,0,28,1,29,235,50,90,1,376,4,0,4,380
04/17/2013,SJC,CA,AWP,WE,Towers with Radar,234,53,68,0,355,0,0,32,2,34,234,53,100,2,389,4,0,4,393
04/18/2013,SJC,CA,AWP,WE,Towers with Radar,245,60,72,0,377,0,0,48,0,48,245,60,120,0,425,10,0,10,435
04/19/2013,SJC,CA,AWP,WE,Towers with Radar,241,60,61,0,362,0,0,35,1,36,241,60,96,1,398,30,0,30,428
04/20/2013,SJC,CA,AWP,WE,Towers with Radar,164,34,35,0,233,0,1,28,0,29,164,35,63,0,262,2,0,2,264
04/21/2013,SJC,CA,AWP,WE,Towers with Radar,210,52,41,1,304,0,0,26,0,26,210,52,67,1,330,68,0,68,398
04/22/2013,SJC,CA,AWP,WE,Towers with Radar,240,56,64,0,360,0,0,37,2,39,240,56,101,2,399,46,0,46,445
04/23/2013,SJC,CA,AWP,WE,Towers with Radar,235,56,67,0,358,0,0,21,1,22,235,56,88,1,380,2,4,6,386
04/24/2013,SJC,CA,AWP,WE,Towers with Radar,240,51,73,1,365,0,3,34,2,39,240,54,107,3,404,14,2,16,420
04/25/2013,SJC,CA,AWP,WE,Towers with Radar,255,61,76,0,392,0,1,33,3,37,255,62,109,3,429,18,2,20,449
04/26/2013,SJC,CA,AWP,WE,Towers with Radar,254,47,65,1,367,0,2,30,0,32,254,49,95,1,399,6,0,6,405
04/27/2013,SJC,CA,AWP,WE,Towers with Radar,166,45,22,0,233,0,0,31,0,31,166,45,53,0,264,2,0,2,266
04/28/2013,SJC,CA,AWP,WE,Towers with Radar,216,50,48,0,314,0,0,26,0,26,216,50,74,0,340,2,0,2,342
04/29/2013,SJC,CA,AWP,WE,Towers with Radar,241,56,69,0,366,0,0,38,0,38,241,56,107,0,404,46,0,46,450
04/30/2013,SJC,CA,AWP,WE,Towers with Radar,239,65,66,0,370,0,0,26,1,27,239,65,92,1,397,4,0,4,401
05/01/2013,SJC,CA,AWP,WE,Towers with Radar,246,79,54,0,379,0,0,33,1,34,246,79,87,1,413,34,0,34,447
05/02/2013,SJC,CA,AWP,WE,Towers with Radar,253,79,46,1,379,0,0,25,0,25,253,79,71,1,404,0,0,0,404
05/03/2013,SJC,CA,AWP,WE,Towers with Radar,248,73,47,0,368,0,0,40,5,45,248,73,87,5,413,14,0,14,427
05/04/2013,SJC,CA,AWP,WE,Towers with Radar,169,47,26,0,242,0,1,19,0,20,169,48,45,0,262,6,0,6,268
05/05/2013,SJC,CA,AWP,WE,Towers with Radar,219,61,44,0,324,0,0,18,0,18,219,61,62,0,342,0,0,0,342
05/06/2013,SJC,CA,AWP,WE,Towers with Radar,252,72,37,0,361,0,0,18,0,18,252,72,55,0,379,38,0,38,417
05/07/2013,SJC,CA,AWP,WE,Towers with Radar,248,79,41,1,369,0,0,13,1,14,248,79,54,2,383,8,0,8,391
05/08/2013,SJC,CA,AWP,WE,Towers with Radar,255,78,58,0,391,0,0,17,0,17,255,78,75,0,408,20,0,20,428
05/09/2013,SJC,CA,AWP,WE,Towers with Radar,251,80,64,0,395,0,1,22,1,24,251,81,86,1,419,0,0,0,419
05/10/2013,SJC,CA,AWP,WE,Towers with Radar,250,93,57,0,400,0,0,35,1,36,250,93,92,1,436,30,0,30,466
05/11/2013,SJC,CA,AWP,WE,Towers with Radar,168,39,19,0,226,0,1,21,1,23,168,40,40,1,249,16,0,16,265
05/12/2013,SJC,CA,AWP,WE,Towers with Radar,217,64,37,0,318,0,0,49,0,49,217,64,86,0,367,30,2,32,399
05/13/2013,SJC,CA,AWP,WE,Towers with Radar,248,63,46,0,357,0,0,24,1,25,248,63,70,1,382,0,0,0,382
05/14/2013,SJC,CA,AWP,WE,Towers with Radar,248,74,51,0,373,0,0,20,0,20,248,74,71,0,393,12,0,12,405
05/15/2013,SJC,CA,AWP,WE,Towers with Radar,247,75,43,0,365,0,0,29,0,29,247,75,72,0,394,0,0,0,394
05/16/2013,SJC,CA,AWP,WE,Towers with Radar,252,104,61,0,417,0,1,8,0,9,252,105,69,0,426,2,0,2,428
05/17/2013,SJC,CA,AWP,WE,Towers with Radar,249,78,45,0,372,0,1,37,0,38,249,79,82,0,410,26,0,26,436
05/18/2013,SJC,CA,AWP,WE,Towers with Radar,174,47,29,0,250,0,0,29,0,29,174,47,58,0,279,10,0,10,289
05/19/2013,SJC,CA,AWP,WE,Towers with Radar,216,55,39,0,310,0,0,33,0,33,216,55,72,0,343,2,0,2,345
05/20/2013,SJC,CA,AWP,WE,Towers with Radar,250,79,40,0,369,0,1,45,0,46,250,80,85,0,415,38,0,38,453
05/21/2013,SJC,CA,AWP,WE,Towers with Radar,253,81,49,0,383,0,0,41,0,41,253,81,90,0,424,12,0,12,436
05/22/2013,SJC,CA,AWP,WE,Towers with Radar,248,80,54,1,383,0,0,28,2,30,248,80,82,3,413,8,2,10,423
05/23/2013,SJC,CA,AWP,WE,Towers with Radar,253,87,60,0,400,0,0,38,1,39,253,87,98,1,439,44,0,44,483
05/24/2013,SJC,CA,AWP,WE,Towers with Radar,243,62,51,0,356,0,0,33,0,33,243,62,84,0,389,6,0,6,395
05/25/2013,SJC,CA,AWP,WE,Towers with Radar,158,36,19,0,213,0,1,23,0,24,158,37,42,0,237,42,0,42,279
05/26/2013,SJC,CA,AWP,WE,Towers with Radar,167,36,18,0,221,0,0,27,0,27,167,36,45,0,248,6,0,6,254
05/27/2013,SJC,CA,AWP,WE,Towers with Radar,224,61,53,1,339,0,1,21,0,22,224,62,74,1,361,4,0,4,365
05/28/2013,SJC,CA,AWP,WE,Towers with Radar,250,85,43,1,379,0,2,21,0,23,250,87,64,1,402,10,0,10,412
05/29/2013,SJC,CA,AWP,WE,Towers with Radar,247,76,69,0,392,0,0,22,1,23,247,76,91,1,415,20,0,20,435
05/30/2013,SJC,CA,AWP,WE,Towers with Radar,253,73,53,0,379,0,1,25,0,26,253,74,78,0,405,38,0,38,443
05/31/2013,SJC,CA,AWP,WE,Towers with Radar,242,84,34,0,360,0,0,32,0,32,242,84,66,0,392,82,0,82,474
06/01/2013,SJC,CA,AWP,WE,Towers with Radar,174,28,19,0,221,0,0,23,0,23,174,28,42,0,244,6,0,6,250
06/02/2013,SJC,CA,AWP,WE,Towers with Radar,226,47,42,0,315,0,2,17,0,19,226,49,59,0,334,16,0,16,350
06/03/2013,SJC,CA,AWP,WE,Towers with Radar,252,75,36,1,364,0,1,27,0,28,252,76,63,1,392,0,2,2,394
06/04/2013,SJC,CA,AWP,WE,Towers with Radar,249,79,28,0,356,0,2,24,2,28,249,81,52,2,384,0,10,10,394
06/05/2013,SJC,CA,AWP,WE,Towers with Radar,251,76,42,0,369,0,0,25,1,26,251,76,67,1,395,0,0,0,395
06/06/2013,SJC,CA,AWP,WE,Towers with Radar,250,61,48,0,359,0,0,19,2,21,250,61,67,2,380,4,0,4,384
06/07/2013,SJC,CA,AWP,WE,Towers with Radar,250,65,37,0,352,0,3,29,0,32,250,68,66,0,384,4,0,4,388
06/08/2013,SJC,CA,AWP,WE,Towers with Radar,178,32,18,0,228,0,2,32,0,34,178,34,50,0,262,44,0,44,306
06/09/2013,SJC,CA,AWP,WE,Towers with Radar,230,57,34,0,321,0,3,24,0,27,230,60,58,0,348,10,0,10,358
06/10/2013,SJC,CA,AWP,WE,Towers with Radar,256,74,25,0,355,0,1,22,0,23,256,75,47,0,378,0,0,0,378
06/11/2013,SJC,CA,AWP,WE,Towers with Radar,257,80,60,0,397,0,2,23,0,25,257,82,83,0,422,0,0,0,422
06/12/2013,SJC,CA,AWP,WE,Towers with Radar,271,66,45,0,382,0,1,46,0,47,271,67,91,0,429,0,0,0,429
06/13/2013,SJC,CA,AWP,WE,Towers with Radar,258,76,56,0,390,0,0,35,0,35,258,76,91,0,425,14,0,14,439
06/14/2013,SJC,CA,AWP,WE,Towers with Radar,263,79,52,0,394,0,2,40,0,42,263,81,92,0,436,0,0,0,436
06/15/2013,SJC,CA,AWP,WE,Towers with Radar,208,45,20,0,273,0,1,28,0,29,208,46,48,0,302,2,0,2,304
06/16/2013,SJC,CA,AWP,WE,Towers with Radar,247,57,46,0,350,0,1,24,0,25,247,58,70,0,375,20,0,20,395
06/17/2013,SJC,CA,AWP,WE,Towers with Radar,254,67,38,0,359,0,0,12,1,13,254,67,50,1,372,0,0,0,372
06/18/2013,SJC,CA,AWP,WE,Towers with Radar,260,70,36,0,366,0,1,27,0,28,260,71,63,0,394,0,0,0,394
06/19/2013,SJC,CA,AWP,WE,Towers with Radar,271,80,48,0,399,0,0,35,0,35,271,80,83,0,434,20,0,20,454
06/20/2013,SJC,CA,AWP,WE,Towers with Radar,268,62,54,0,384,0,0,43,0,43,268,62,97,0,427,8,0,8,435
06/21/2013,SJC,CA,AWP,WE,Towers with Radar,245,74,37,0,356,0,0,31,0,31,245,74,68,0,387,0,0,0,387
06/22/2013,SJC,CA,AWP,WE,Towers with Radar,195,44,16,1,256,0,0,37,0,37,195,44,53,1,293,2,0,2,295
06/23/2013,SJC,CA,AWP,WE,Towers with Radar,244,52,55,0,351,0,0,15,2,17,244,52,70,2,368,26,0,26,394
06/24/2013,SJC,CA,AWP,WE,Towers with Radar,270,70,55,0,395,0,0,2,0,2,270,70,57,0,397,12,0,12,409
06/25/2013,SJC,CA,AWP,WE,Towers with Radar,265,66,52,0,383,0,0,28,0,28,265,66,80,0,411,2,0,2,413
06/26/2013,SJC,CA,AWP,WE,Towers with Radar,264,62,46,0,372,0,0,48,0,48,264,62,94,0,420,0,0,0,420
06/27/2013,SJC,CA,AWP,WE,Towers with Radar,267,80,43,0,390,0,1,33,0,34,267,81,76,0,424,0,0,0,424
06/28/2013,SJC,CA,AWP,WE,Towers with Radar,267,69,37,0,373,0,0,42,0,42,267,69,79,0,415,16,0,16,431
06/29/2013,SJC,CA,AWP,WE,Towers with Radar,190,36,30,0,256,0,0,14,0,14,190,36,44,0,270,14,0,14,284
06/30/2013,SJC,CA,AWP,WE,Towers with Radar,238,52,31,0,321,0,1,24,0,25,238,53,55,0,346,12,0,12,358
07/01/2013,SJC,CA,AWP,WE,Towers with Radar,260,42,40,0,342,0,0,24,1,25,260,42,64,1,367,34,0,34,401
07/02/2013,SJC,CA,AWP,WE,Towers with Radar,267,40,28,0,335,0,1,8,2,11,267,41,36,2,346,0,0,0,346
07/03/2013,SJC,CA,AWP,WE,Towers with Radar,274,45,41,0,360,0,3,30,0,33,274,48,71,0,393,38,0,38,431
07/04/2013,SJC,CA,AWP,WE,Towers with Radar,184,15,8,0,207,0,0,14,0,14,184,15,22,0,221,36,0,36,257
07/05/2013,SJC,CA,AWP,WE,Towers with Radar,228,14,14,0,256,0,0,48,0,48,228,14,62,0,304,36,0,36,340
07/06/2013,SJC,CA,AWP,WE,Towers with Radar,230,36,17,0,283,0,0,30,1,31,230,36,47,1,314,16,0,16,330
07/07/2013,SJC,CA,AWP,WE,Towers with Radar,277,85,69,0,431,0,1,33,0,34,277,86,102,0,465,18,0,18,483
07/08/2013,SJC,CA,AWP,WE,Towers with Radar,285,62,46,0,393,0,2,39,0,41,285,64,85,0,434,44,0,44,478
07/09/2013,SJC,CA,AWP,WE,Towers with Radar,278,92,66,0,436,0,0,33,0,33,278,92,99,0,469,0,0,0,469
07/10/2013,SJC,CA,AWP,WE,Towers with Radar,268,71,34,0,373,0,0,32,0,32,268,71,66,0,405,34,0,34,439
07/11/2013,SJC,CA,AWP,WE,Towers with Radar,270,63,59,0,392,0,0,27,0,27,270,63,86,0,419,16,0,16,435
07/12/2013,SJC,CA,AWP,WE,Towers with Radar,269,71,58,0,398,0,0,27,0,27,269,71,85,0,425,6,0,6,431
07/13/2013,SJC,CA,AWP,WE,Towers with Radar,199,32,21,0,252,0,0,32,1,33,199,32,53,1,285,2,0,2,287
07/14/2013,SJC,CA,AWP,WE,Towers with Radar,245,59,47,0,351,0,0,35,0,35,245,59,82,0,386,2,0,2,388
07/15/2013,SJC,CA,AWP,WE,Towers with Radar,276,55,53,0,384,0,0,13,0,13,276,55,66,0,397,50,0,50,447
07/16/2013,SJC,CA,AWP,WE,Towers with Radar,270,70,52,0,392,0,0,39,0,39,270,70,91,0,431,32,0,32,463
07/17/2013,SJC,CA,AWP,WE,Towers with Radar,272,66,59,0,397,0,0,21,0,21,272,66,80,0,418,14,0,14,432
07/18/2013,SJC,CA,AWP,WE,Towers with Radar,277,71,53,1,402,0,1,29,0,30,277,72,82,1,432,8,0,8,440
07/19/2013,SJC,CA,AWP,WE,Towers with Radar,269,65,35,0,369,0,1,24,0,25,269,66,59,0,394,4,0,4,398
07/20/2013,SJC,CA,AWP,WE,Towers with Radar,201,39,25,0,265,0,0,37,2,39,201,39,62,2,304,4,0,4,308
07/21/2013,SJC,CA,AWP,WE,Towers with Radar,243,42,34,0,319,0,0,19,0,19,243,42,53,0,338,16,0,16,354
07/22/2013,SJC,CA,AWP,WE,Towers with Radar,276,72,38,0,386,0,0,25,0,25,276,72,63,0,411,8,0,8,419
07/23/2013,SJC,CA,AWP,WE,Towers with Radar,273,84,34,1,392,0,1,33,0,34,273,85,67,1,426,0,0,0,426
07/24/2013,SJC,CA,AWP,WE,Towers with Radar,267,81,39,0,387,0,1,20,0,21,267,82,59,0,408,6,0,6,414
07/25/2013,SJC,CA,AWP,WE,Towers with Radar,275,77,46,1,399,0,1,33,2,36,275,78,79,3,435,0,2,2,437
07/26/2013,SJC,CA,AWP,WE,Towers with Radar,271,72,45,0,388,0,1,27,0,28,271,73,72,0,416,2,0,2,418
07/27/2013,SJC,CA,AWP,WE,Towers with Radar,197,42,13,0,252,0,1,15,0,16,197,43,28,0,268,0,0,0,268
07/28/2013,SJC,CA,AWP,WE,Towers with Radar,244,49,33,0,326,0,0,23,0,23,244,49,56,0,349,0,0,0,349
07/29/2013,SJC,CA,AWP,WE,Towers with Radar,271,57,34,1,363,0,1,16,0,17,271,58,50,1,380,0,0,0,380
07/30/2013,SJC,CA,AWP,WE,Towers with Radar,268,84,48,0,400,0,0,27,0,27,268,84,75,0,427,0,0,0,427
07/31/2013,SJC,CA,AWP,WE,Towers with Radar,276,68,45,0,389,0,0,40,1,41,276,68,85,1,430,28,0,28,458
08/01/2013,SJC,CA,AWP,WE,Towers with Radar,276,64,27,0,367,0,0,32,0,32,276,64,59,0,399,20,2,22,421
08/02/2013,SJC,CA,AWP,WE,Towers with Radar,271,60,46,1,378,0,0,19,0,19,271,60,65,1,397,8,0,8,405
08/03/2013,SJC,CA,AWP,WE,Towers with Radar,203,32,22,1,258,0,0,22,1,23,203,32,44,2,281,10,0,10,291
08/04/2013,SJC,CA,AWP,WE,Towers with Radar,248,45,49,0,342,0,0,22,3,25,248,45,71,3,367,4,0,4,371
08/05/2013,SJC,CA,AWP,WE,Towers with Radar,265,63,51,0,379,0,1,14,1,16,265,64,65,1,395,0,0,0,395
08/06/2013,SJC,CA,AWP,WE,Towers with Radar,272,61,49,0,382,0,0,29,2,31,272,61,78,2,413,16,0,16,429
08/07/2013,SJC,CA,AWP,WE,Towers with Radar,275,58,49,0,382,0,0,31,0,31,275,58,80,0,413,2,0,2,415
08/08/2013,SJC,CA,AWP,WE,Towers with Radar,280,72,48,0,400,0,1,28,0,29,280,73,76,0,429,10,0,10,439
08/09/2013,SJC,CA,AWP,WE,Towers with Radar,273,70,41,0,384,0,0,54,0,54,273,70,95,0,438,10,0,10,448
08/10/2013,SJC,CA,AWP,WE,Towers with Radar,199,28,29,0,256,0,0,33,0,33,199,28,62,0,289,0,0,0,289
08/11/2013,SJC,CA,AWP,WE,Towers with Radar,243,59,50,0,352,0,0,38,0,38,243,59,88,0,390,6,0,6,396
08/12/2013,SJC,CA,AWP,WE,Towers with Radar,270,71,35,0,376,0,0,26,0,26,270,71,61,0,402,4,0,4,406
08/13/2013,SJC,CA,AWP,WE,Towers with Radar,259,69,51,0,379,0,0,26,1,27,259,69,77,1,406,4,0,4,410
08/14/2013,SJC,CA,AWP,WE,Towers with Radar,262,76,46,0,384,0,0,36,0,36,262,76,82,0,420,14,0,14,434
08/15/2013,SJC,CA,AWP,WE,Towers with Radar,272,82,53,0,407,0,1,31,1,33,272,83,84,1,440,12,0,12,452
08/16/2013,SJC,CA,AWP,WE,Towers with Radar,273,84,67,0,424,0,0,29,0,29,273,84,96,0,453,12,0,12,465
08/17/2013,SJC,CA,AWP,WE,Towers with Radar,193,25,36,0,254,0,0,64,1,65,193,25,100,1,319,0,0,0,319
08/18/2013,SJC,CA,AWP,WE,Towers with Radar,249,61,43,1,354,0,1,16,2,19,249,62,59,3,373,32,0,32,405
08/19/2013,SJC,CA,AWP,WE,Towers with Radar,268,71,50,0,389,0,0,30,0,30,268,71,80,0,419,8,0,8,427
08/20/2013,SJC,CA,AWP,WE,Towers with Radar,266,77,52,2,397,0,0,19,0,19,266,77,71,2,416,0,0,0,416
08/21/2013,SJC,CA,AWP,WE,Towers with Radar,268,81,51,0,400,0,0,34,0,34,268,81,85,0,434,0,0,0,434
08/22/2013,SJC,CA,AWP,WE,Towers with Radar,265,76,62,2,405,0,0,19,0,19,265,76,81,2,424,4,0,4,428
08/23/2013,SJC,CA,AWP,WE,Towers with Radar,272,64,56,0,392,0,0,35,0,35,272,64,91,0,427,8,0,8,435
08/24/2013,SJC,CA,AWP,WE,Towers with Radar,187,30,24,0,241,0,0,27,0,27,187,30,51,0,268,0,0,0,268
08/25/2013,SJC,CA,AWP,WE,Towers with Radar,237,31,34,0,302,0,0,22,0,22,237,31,56,0,324,2,0,2,326
08/26/2013,SJC,CA,AWP,WE,Towers with Radar,268,63,48,0,379,0,0,22,0,22,268,63,70,0,401,4,0,4,405
08/27/2013,SJC,CA,AWP,WE,Towers with Radar,259,58,37,0,354,0,1,38,1,40,259,59,75,1,394,8,0,8,402
08/28/2013,SJC,CA,AWP,WE,Towers with Radar,273,63,52,0,388,0,4,41,2,47,273,67,93,2,435,20,0,20,455
08/29/2013,SJC,CA,AWP,WE,Towers with Radar,271,81,62,1,415,0,1,40,1,42,271,82,102,2,457,8,0,8,465
08/30/2013,SJC,CA,AWP,WE,Towers with Radar,268,58,53,1,380,0,0,50,1,51,268,58,103,2,431,12,0,12,443
08/31/2013,SJC,CA,AWP,WE,Towers with Radar,169,26,19,0,214,0,0,27,0,27,169,26,46,0,241,0,0,0,241
09/01/2013,SJC,CA,AWP,WE,Towers with Radar,168,19,17,0,204,0,1,24,0,25,168,20,41,0,229,2,0,2,231
09/02/2013,SJC,CA,AWP,WE,Towers with Radar,234,56,53,0,343,0,0,25,0,25,234,56,78,0,368,18,0,18,386
09/03/2013,SJC,CA,AWP,WE,Towers with Radar,259,78,25,1,363,0,0,31,0,31,259,78,56,1,394,0,0,0,394
09/04/2013,SJC,CA,AWP,WE,Towers with Radar,259,58,43,0,360,0,1,31,1,33,259,59,74,1,393,60,0,60,453
09/05/2013,SJC,CA,AWP,WE,Towers with Radar,263,59,36,0,358,0,3,27,1,31,263,62,63,1,389,44,0,44,433
09/06/2013,SJC,CA,AWP,WE,Towers with Radar,268,63,45,1,377,0,0,45,2,47,268,63,90,3,424,28,0,28,452
09/07/2013,SJC,CA,AWP,WE,Towers with Radar,178,35,27,0,240,0,0,21,0,21,178,35,48,0,261,0,0,0,261
09/08/2013,SJC,CA,AWP,WE,Towers with Radar,237,48,31,0,316,0,1,33,0,34,237,49,64,0,350,0,0,0,350
09/09/2013,SJC,CA,AWP,WE,Towers with Radar,266,64,45,1,376,0,1,29,5,35,266,65,74,6,411,20,0,20,431
09/10/2013,SJC,CA,AWP,WE,Towers with Radar,248,65,43,0,356,0,0,35,2,37,248,65,78,2,393,20,0,20,413
09/11/2013,SJC,CA,AWP,WE,Towers with Radar,257,65,58,0,380,0,0,35,0,35,257,65,93,0,415,0,0,0,415
09/12/2013,SJC,CA,AWP,WE,Towers with Radar,265,72,53,0,390,0,1,21,0,22,265,73,74,0,412,0,0,0,412
09/13/2013,SJC,CA,AWP,WE,Towers with Radar,267,74,54,0,395,0,0,35,3,38,267,74,89,3,433,18,0,18,451
09/14/2013,SJC,CA,AWP,WE,Towers with Radar,180,25,29,1,235,0,5,25,1,31,180,30,54,2,266,28,0,28,294
09/15/2013,SJC,CA,AWP,WE,Towers with Radar,245,36,38,0,319,0,1,38,0,39,245,37,76,0,358,40,0,40,398
09/16/2013,SJC,CA,AWP,WE,Towers with Radar,270,82,32,0,384,0,0,26,0,26,270,82,58,0,410,26,0,26,436
09/17/2013,SJC,CA,AWP,WE,Towers with Radar,254,76,59,0,389,0,1,29,0,30,254,77,88,0,419,46,0,46,465
09/18/2013,SJC,CA,AWP,WE,Towers with Radar,261,81,56,0,398,0,1,40,0,41,261,82,96,0,439,0,0,0,439
09/19/2013,SJC,CA,AWP,WE,Towers with Radar,268,90,46,0,404,0,1,45,3,49,268,91,91,3,453,14,0,14,467
09/20/2013,SJC,CA,AWP,WE,Towers with Radar,267,77,44,1,389,0,2,41,0,43,267,79,85,1,432,22,0,22,454
09/21/2013,SJC,CA,AWP,WE,Towers with Radar,181,36,38,0,255,0,0,8,0,8,181,36,46,0,263,0,0,0,263
09/22/2013,SJC,CA,AWP,WE,Towers with Radar,235,56,61,0,352,0,0,29,0,29,235,56,90,0,381,2,0,2,383
09/23/2013,SJC,CA,AWP,WE,Towers with Radar,274,73,36,0,383,0,2,31,0,33,274,75,67,0,416,36,0,36,452
09/24/2013,SJC,CA,AWP,WE,Towers with Radar,255,71,44,0,370,0,1,32,1,34,255,72,76,1,404,0,0,0,404
09/25/2013,SJC,CA,AWP,WE,Towers with Radar,260,70,52,0,382,0,1,24,1,26,260,71,76,1,408,0,0,0,408
09/26/2013,SJC,CA,AWP,WE,Towers with Radar,276,92,55,0,423,0,0,33,0,33,276,92,88,0,456,14,0,14,470
09/27/2013,SJC,CA,AWP,WE,Towers with Radar,273,64,43,0,380,0,0,45,0,45,273,64,88,0,425,0,0,0,425
09/28/2013,SJC,CA,AWP,WE,Towers with Radar,175,27,24,0,226,0,0,48,0,48,175,27,72,0,274,0,0,0,274
09/29/2013,SJC,CA,AWP,WE,Towers with Radar,229,48,35,0,312,0,1,22,1,24,229,49,57,1,336,10,0,10,346
09/30/2013,SJC,CA,AWP,WE,Towers with Radar,261,52,24,0,337,0,0,23,0,23,261,52,47,0,360,0,0,0,360
10/01/2013,SJC,CA,AWP,WE,Towers with Radar,248,68,39,0,355,0,0,34,0,34,248,68,73,0,389,4,0,4,393
10/02/2013,SJC,CA,AWP,WE,Towers with Radar,265,73,67,0,405,0,2,33,1,36,265,75,100,1,441,20,0,20,461
10/03/2013,SJC,CA,AWP,WE,Towers with Radar,266,75,34,0,375,0,0,40,0,40,266,75,74,0,415,16,0,16,431
10/04/2013,SJC,CA,AWP,WE,Towers with Radar,266,67,50,0,383,0,0,26,0,26,266,67,76,0,409,4,0,4,413
10/05/2013,SJC,CA,AWP,WE,Towers with Radar,173,28,37,0,238,0,2,21,0,23,173,30,58,0,261,26,0,26,287
10/06/2013,SJC,CA,AWP,WE,Towers with Radar,235,56,43,0,334,0,0,28,0,28,235,56,71,0,362,6,0,6,368
10/07/2013,SJC,CA,AWP,WE,Towers with Radar,265,60,51,0,376,0,1,16,2,19,265,61,67,2,395,0,0,0,395
10/08/2013,SJC,CA,AWP,WE,Towers with Radar,248,57,51,0,356,0,1,30,0,31,248,58,81,0,387,24,0,24,411
10/09/2013,SJC,CA,AWP,WE,Towers with Radar,254,81,56,0,391,0,0,22,1,23,254,81,78,1,414,10,0,10,424
10/10/2013,SJC,CA,AWP,WE,Towers with Radar,261,83,46,0,390,0,0,27,0,27,261,83,73,0,417,8,0,8,425
10/11/2013,SJC,CA,AWP,WE,Towers with Radar,265,86,62,0,413,0,0,32,2,34,265,86,94,2,447,2,0,2,449
10/12/2013,SJC,CA,AWP,WE,Towers with Radar,178,37,23,0,238,0,0,78,0,78,178,37,101,0,316,34,0,34,350
10/13/2013,SJC,CA,AWP,WE,Towers with Radar,233,54,34,0,321,0,0,28,0,28,233,54,62,0,349,36,0,36,385
10/14/2013,SJC,CA,AWP,WE,Towers with Radar,264,71,60,0,395,0,0,30,0,30,264,71,90,0,425,0,0,0,425
10/15/2013,SJC,CA,AWP,WE,Towers with Radar,248,68,51,0,367,0,0,29,0,29,248,68,80,0,396,8,0,8,404
10/16/2013,SJC,CA,AWP,WE,Towers with Radar,259,75,60,0,394,0,0,24,0,24,259,75,84,0,418,8,0,8,426
10/17/2013,SJC,CA,AWP,WE,Towers with Radar,270,104,79,0,453,0,0,37,0,37,270,104,116,0,490,2,0,2,492
10/18/2013,SJC,CA,AWP,WE,Towers with Radar,267,77,67,0,411,0,1,57,0,58,267,78,124,0,469,0,0,0,469
10/19/2013,SJC,CA,AWP,WE,Towers with Radar,175,32,31,0,238,0,1,33,0,34,175,33,64,0,272,0,0,0,272
10/20/2013,SJC,CA,AWP,WE,Towers with Radar,238,58,67,0,363,0,0,16,0,16,238,58,83,0,379,0,0,0,379
10/21/2013,SJC,CA,AWP,WE,Towers with Radar,266,66,53,0,385,0,2,19,0,21,266,68,72,0,406,6,0,6,412
10/22/2013,SJC,CA,AWP,WE,Towers with Radar,252,81,73,0,406,0,1,26,0,27,252,82,99,0,433,4,0,4,437
10/23/2013,SJC,CA,AWP,WE,Towers with Radar,266,74,58,0,398,0,1,18,0,19,266,75,76,0,417,18,0,18,435
10/24/2013,SJC,CA,AWP,WE,Towers with Radar,270,83,71,0,424,0,1,14,0,15,270,84,85,0,439,0,0,0,439
10/25/2013,SJC,CA,AWP,WE,Towers with Radar,268,70,60,0,398,0,1,26,0,27,268,71,86,0,425,8,0,8,433
10/26/2013,SJC,CA,AWP,WE,Towers with Radar,177,39,31,0,247,0,2,31,0,33,177,41,62,0,280,16,0,16,296
10/27/2013,SJC,CA,AWP,WE,Towers with Radar,238,53,57,0,348,0,0,17,0,17,238,53,74,0,365,2,0,2,367
10/28/2013,SJC,CA,AWP,WE,Towers with Radar,266,71,31,0,368,0,1,9,0,10,266,72,40,0,378,0,0,0,378
10/29/2013,SJC,CA,AWP,WE,Towers with Radar,251,65,51,0,367,0,0,28,0,28,251,65,79,0,395,16,0,16,411
10/30/2013,SJC,CA,AWP,WE,Towers with Radar,262,65,42,2,371,0,0,35,0,35,262,65,77,2,406,2,2,4,410
10/31/2013,SJC,CA,AWP,WE,Towers with Radar,237,75,26,0,338,0,0,22,0,22,237,75,48,0,360,12,0,12,372
11/01/2013,SJC,CA,AWP,WE,Towers with Radar,255,71,39,0,365,0,1,37,3,41,255,72,76,3,406,23,0,23,429
11/02/2013,SJC,CA,AWP,WE,Towers with Radar,175,30,16,0,221,0,1,27,1,29,175,31,43,1,250,32,0,32,282
11/03/2013,SJC,CA,AWP,WE,Towers with Radar,227,59,35,0,321,0,0,28,0,28,227,59,63,0,349,6,0,6,355
11/04/2013,SJC,CA,AWP,WE,Towers with Radar,262,66,32,0,360,0,0,16,0,16,262,66,48,0,376,0,0,0,376
11/05/2013,SJC,CA,AWP,WE,Towers with Radar,258,66,39,0,363,0,0,23,0,23,258,66,62,0,386,8,0,8,394
11/06/2013,SJC,CA,AWP,WE,Towers with Radar,264,80,62,0,406,1,1,32,1,35,265,81,94,1,441,20,0,20,461
11/07/2013,SJC,CA,AWP,WE,Towers with Radar,266,85,97,0,448,0,0,33,0,33,266,85,130,0,481,0,0,0,481
11/08/2013,SJC,CA,AWP,WE,Towers with Radar,270,109,61,0,440,0,1,29,0,30,270,110,90,0,470,2,0,2,472
11/09/2013,SJC,CA,AWP,WE,Towers with Radar,182,32,31,0,245,0,0,34,0,34,182,32,65,0,279,34,0,34,313
11/10/2013,SJC,CA,AWP,WE,Towers with Radar,228,42,44,0,314,0,0,27,4,31,228,42,71,4,345,12,0,12,357
11/11/2013,SJC,CA,AWP,WE,Towers with Radar,260,57,41,0,358,0,0,11,1,12,260,57,52,1,370,10,0,10,380
11/12/2013,SJC,CA,AWP,WE,Towers with Radar,250,50,41,0,341,0,1,23,0,24,250,51,64,0,365,4,0,4,369
11/13/2013,SJC,CA,AWP,WE,Towers with Radar,259,71,54,0,384,0,0,16,1,17,259,71,70,1,401,52,0,52,453
11/14/2013,SJC,CA,AWP,WE,Towers with Radar,265,78,64,0,407,0,0,27,0,27,265,78,91,0,434,74,0,74,508
11/15/2013,SJC,CA,AWP,WE,Towers with Radar,265,65,46,0,376,0,0,37,0,37,265,65,83,0,413,2,0,2,415
11/16/2013,SJC,CA,AWP,WE,Towers with Radar,182,21,15,0,218,0,0,42,0,42,182,21,57,0,260,12,0,12,272
11/17/2013,SJC,CA,AWP,WE,Towers with Radar,225,37,34,0,296,0,0,41,0,41,225,37,75,0,337,4,0,4,341
11/18/2013,SJC,CA,AWP,WE,Towers with Radar,258,54,32,2,346,0,0,25,0,25,258,54,57,2,371,22,0,22,393
11/19/2013,SJC,CA,AWP,WE,Towers with Radar,253,76,57,0,386,0,0,9,1,10,253,76,66,1,396,0,0,0,396
11/20/2013,SJC,CA,AWP,WE,Towers with Radar,256,70,46,1,373,0,0,2,1,3,256,70,48,2,376,0,0,0,376
11/21/2013,SJC,CA,AWP,WE,Towers with Radar,257,93,77,0,427,0,0,15,0,15,257,93,92,0,442,8,0,8,450
11/22/2013,SJC,CA,AWP,WE,Towers with Radar,257,67,60,1,385,0,0,20,1,21,257,67,80,2,406,8,0,8,414
11/23/2013,SJC,CA,AWP,WE,Towers with Radar,192,49,35,1,277,0,0,22,0,22,192,49,57,1,299,24,0,24,323
11/24/2013,SJC,CA,AWP,WE,Towers with Radar,221,48,40,0,309,0,1,20,1,22,221,49,60,1,331,2,0,2,333
11/25/2013,SJC,CA,AWP,WE,Towers with Radar,247,41,31,0,319,0,0,10,2,12,247,41,41,2,331,0,0,0,331
11/26/2013,SJC,CA,AWP,WE,Towers with Radar,255,54,50,0,359,0,0,25,0,25,255,54,75,0,384,8,0,8,392
11/27/2013,SJC,CA,AWP,WE,Towers with Radar,261,48,46,0,355,0,1,20,0,21,261,49,66,0,376,20,0,20,396
11/28/2013,SJC,CA,AWP,WE,Towers with Radar,160,25,9,0,194,0,0,7,0,7,160,25,16,0,201,0,0,0,201
11/29/2013,SJC,CA,AWP,WE,Towers with Radar,204,29,12,0,245,0,0,20,1,21,204,29,32,1,266,26,0,26,292
11/30/2013,SJC,CA,AWP,WE,Towers with Radar,240,76,28,0,344,0,0,23,0,23,240,76,51,0,367,0,0,0,367
12/01/2013,SJC,CA,AWP,WE,Towers with Radar,278,69,80,0,427,0,1,43,0,44,278,70,123,0,471,0,0,0,471
12/02/2013,SJC,CA,AWP,WE,Towers with Radar,265,70,49,0,384,0,1,24,1,26,265,71,73,1,410,6,0,6,416
12/03/2013,SJC,CA,AWP,WE,Towers with Radar,244,56,66,0,366,0,0,20,2,22,244,56,86,2,388,6,0,6,394
12/04/2013,SJC,CA,AWP,WE,Towers with Radar,245,71,36,0,352,0,0,20,0,20,245,71,56,0,372,30,0,30,402
12/05/2013,SJC,CA,AWP,WE,Towers with Radar,252,70,61,0,383,0,0,29,0,29,252,70,90,0,412,0,0,0,412
12/06/2013,SJC,CA,AWP,WE,Towers with Radar,253,73,51,0,377,0,0,28,0,28,253,73,79,0,405,0,0,0,405
12/07/2013,SJC,CA,AWP,WE,Towers with Radar,168,28,27,0,223,0,1,24,0,25,168,29,51,0,248,16,0,16,264
12/08/2013,SJC,CA,AWP,WE,Towers with Radar,207,54,46,0,307,0,0,13,1,14,207,54,59,1,321,2,0,2,323
12/09/2013,SJC,CA,AWP,WE,Towers with Radar,249,78,42,0,369,0,0,20,0,20,249,78,62,0,389,18,0,18,407
12/10/2013,SJC,CA,AWP,WE,Towers with Radar,239,79,37,0,355,0,0,27,1,28,239,79,64,1,383,6,0,6,389
12/11/2013,SJC,CA,AWP,WE,Towers with Radar,252,73,43,0,368,0,0,23,1,24,252,73,66,1,392,20,0,20,412
12/12/2013,SJC,CA,AWP,WE,Towers with Radar,263,89,53,1,406,0,1,31,1,33,263,90,84,2,439,8,2,10,449
12/13/2013,SJC,CA,AWP,WE,Towers with Radar,256,66,56,0,378,0,4,27,0,31,256,70,83,0,409,10,0,10,419
12/14/2013,SJC,CA,AWP,WE,Towers with Radar,181,26,18,0,225,0,6,34,0,40,181,32,52,0,265,12,0,12,277
12/15/2013,SJC,CA,AWP,WE,Towers with Radar,224,43,30,0,297,0,0,34,0,34,224,43,64,0,331,4,0,4,335
12/16/2013,SJC,CA,AWP,WE,Towers with Radar,258,56,47,0,361,0,0,15,1,16,258,56,62,1,377,18,0,18,395
12/17/2013,SJC,CA,AWP,WE,Towers with Radar,239,62,46,0,347,0,0,23,0,23,239,62,69,0,370,6,0,6,376
12/18/2013,SJC,CA,AWP,WE,Towers with Radar,254,56,43,0,353,0,0,24,1,25,254,56,67,1,378,20,0,20,398
12/19/2013,SJC,CA,AWP,WE,Towers with Radar,249,72,41,0,362,0,1,20,1,22,249,73,61,1,384,0,0,0,384
12/20/2013,SJC,CA,AWP,WE,Towers with Radar,247,82,47,0,376,0,0,23,0,23,247,82,70,0,399,16,0,16,415
12/21/2013,SJC,CA,AWP,WE,Towers with Radar,218,42,23,0,283,0,0,22,0,22,218,42,45,0,305,0,0,0,305
12/22/2013,SJC,CA,AWP,WE,Towers with Radar,216,34,33,0,283,0,1,26,0,27,216,35,59,0,310,16,0,16,326
12/23/2013,SJC,CA,AWP,WE,Towers with Radar,245,43,34,0,322,0,0,26,2,28,245,43,60,2,350,6,0,6,356
12/24/2013,SJC,CA,AWP,WE,Towers with Radar,179,35,14,0,228,0,0,16,0,16,179,35,30,0,244,0,0,0,244
12/25/2013,SJC,CA,AWP,WE,Towers with Radar,178,45,12,0,235,0,2,7,0,9,178,47,19,0,244,10,0,10,254
12/26/2013,SJC,CA,AWP,WE,Towers with Radar,253,57,52,0,362,0,1,18,0,19,253,58,70,0,381,0,0,0,381
12/27/2013,SJC,CA,AWP,WE,Towers with Radar,246,45,34,0,325,0,2,22,0,24,246,47,56,0,349,10,0,10,359
12/28/2013,SJC,CA,AWP,WE,Towers with Radar,218,51,34,0,303,0,0,18,0,18,218,51,52,0,321,2,0,2,323
12/29/2013,SJC,CA,AWP,WE,Towers with Radar,219,34,28,0,281,0,0,19,0,19,219,34,47,0,300,6,0,6,306
12/30/2013,SJC,CA,AWP,WE,Towers with Radar,241,40,28,1,310,0,1,13,0,14,241,41,41,1,324,22,0,22,346
12/31/2013,SJC,CA,AWP,WE,Towers with Radar,174,41,11,0,226,0,0,15,2,17,174,41,26,2,243,0,0,0,243
01/01/2014,SJC,CA,AWP,WE,Towers with Radar,193,47,11,0,251,0,2,11,1,14,193,49,22,1,265,12,0,12,277
01/02/2014,SJC,CA,AWP,WE,Towers with Radar,241,57,48,0,346,0,0,24,1,25,241,57,72,1,371,0,0,0,371
01/03/2014,SJC,CA,AWP,WE,Towers with Radar,221,43,44,0,308,0,0,23,1,24,221,43,67,1,332,2,0,2,334
01/04/2014,SJC,CA,AWP,WE,Towers with Radar,205,66,43,1,315,0,0,28,0,28,205,66,71,1,343,4,0,4,347
01/05/2014,SJC,CA,AWP,WE,Towers with Radar,216,54,65,1,336,0,1,26,0,27,216,55,91,1,363,4,0,4,367
01/06/2014,SJC,CA,AWP,WE,Towers with Radar,226,67,54,0,347,0,0,23,0,23,226,67,77,0,370,0,0,0,370
01/07/2014,SJC,CA,AWP,WE,Towers with Radar,216,66,51,0,333,0,0,7,0,7,216,66,58,0,340,0,0,0,340
01/08/2014,SJC,CA,AWP,WE,Towers with Radar,227,59,38,0,324,0,0,12,0,12,227,59,50,0,336,0,0,0,336
01/09/2014,SJC,CA,AWP,WE,Towers with Radar,239,77,56,0,372,0,0,15,0,15,239,77,71,0,387,6,0,6,393
01/10/2014,SJC,CA,AWP,WE,Towers with Radar,242,84,41,0,367,0,0,27,0,27,242,84,68,0,394,26,0,26,420
01/11/2014,SJC,CA,AWP,WE,Towers with Radar,162,36,16,0,214,0,0,10,0,10,162,36,26,0,224,10,0,10,234
01/12/2014,SJC,CA,AWP,WE,Towers with Radar,208,47,32,0,287,0,2,22,0,24,208,49,54,0,311,0,0,0,311
01/13/2014,SJC,CA,AWP,WE,Towers with Radar,246,55,26,0,327,0,4,20,0,24,246,59,46,0,351,6,0,6,357
01/14/2014,SJC,CA,AWP,WE,Towers with Radar,218,57,35,0,310,0,0,27,0,27,218,57,62,0,337,16,0,16,353
01/15/2014,SJC,CA,AWP,WE,Towers with Radar,230,81,47,0,358,0,0,17,0,17,230,81,64,0,375,2,0,2,377
01/16/2014,SJC,CA,AWP,WE,Towers with Radar,239,70,66,0,375,0,1,25,0,26,239,71,91,0,401,0,0,0,401
01/17/2014,SJC,CA,AWP,WE,Towers with Radar,241,95,62,0,398,0,2,38,0,40,241,97,100,0,438,20,0,20,458
01/18/2014,SJC,CA,AWP,WE,Towers with Radar,159,28,16,0,203,0,0,35,0,35,159,28,51,0,238,8,0,8,246
01/19/2014,SJC,CA,AWP,WE,Towers with Radar,199,46,29,0,274,0,4,26,0,30,199,50,55,0,304,2,0,2,306
01/20/2014,SJC,CA,AWP,WE,Towers with Radar,242,99,67,0,408,0,0,25,1,26,242,99,92,1,434,2,0,2,436
01/21/2014,SJC,CA,AWP,WE,Towers with Radar,223,77,24,0,324,0,0,22,2,24,223,77,46,2,348,2,2,4,352
01/22/2014,SJC,CA,AWP,WE,Towers with Radar,230,69,32,0,331,0,1,19,2,22,230,70,51,2,353,0,0,0,353
01/23/2014,SJC,CA,AWP,WE,Towers with Radar,240,83,59,0,382,0,0,28,0,28,240,83,87,0,410,12,0,12,422
01/24/2014,SJC,CA,AWP,WE,Towers with Radar,244,83,34,0,361,0,0,25,0,25,244,83,59,0,386,18,0,18,404
01/25/2014,SJC,CA,AWP,WE,Towers with Radar,162,30,19,0,211,0,2,21,0,23,162,32,40,0,234,22,0,22,256
01/26/2014,SJC,CA,AWP,WE,Towers with Radar,207,53,37,0,297,0,0,25,1,26,207,53,62,1,323,4,0,4,327
01/27/2014,SJC,CA,AWP,WE,Towers with Radar,244,74,34,0,352,0,1,8,0,9,244,75,42,0,361,8,2,10,371
01/28/2014,SJC,CA,AWP,WE,Towers with Radar,221,70,65,0,356,0,4,21,1,26,221,74,86,1,382,6,0,6,388
01/29/2014,SJC,CA,AWP,WE,Towers with Radar,225,73,77,2,377,0,2,4,0,6,225,75,81,2,383,0,2,2,385
01/30/2014,SJC,CA,AWP,WE,Towers with Radar,243,78,70,0,391,0,0,10,0,10,243,78,80,0,401,36,0,36,437
01/31/2014,SJC,CA,AWP,WE,Towers with Radar,243,72,42,0,357,0,0,23,2,25,243,72,65,2,382,8,2,10,392
02/01/2014,SJC,CA,AWP,WE,Towers with Radar,163,25,22,0,210,0,4,29,0,33,163,29,51,0,243,14,0,14,257
02/02/2014,SJC,CA,AWP,WE,Towers with Radar,194,44,34,0,272,0,0,2,0,2,194,44,36,0,274,29,0,29,303
02/03/2014,SJC,CA,AWP,WE,Towers with Radar,237,80,42,0,359,0,2,13,1,16,237,82,55,1,375,0,0,0,375
02/04/2014,SJC,CA,AWP,WE,Towers with Radar,229,63,39,0,331,0,0,29,0,29,229,63,68,0,360,0,0,0,360
02/05/2014,SJC,CA,AWP,WE,Towers with Radar,233,64,46,0,343,0,0,22,0,22,233,64,68,0,365,20,0,20,385
02/06/2014,SJC,CA,AWP,WE,Towers with Radar,240,83,49,0,372,0,0,3,0,3,240,83,52,0,375,0,0,0,375
02/07/2014,SJC,CA,AWP,WE,Towers with Radar,238,71,74,0,383,0,1,9,0,10,238,72,83,0,393,0,0,0,393
02/08/2014,SJC,CA,AWP,WE,Towers with Radar,156,46,17,0,219,0,0,2,1,3,156,46,19,1,222,0,0,0,222
02/09/2014,SJC,CA,AWP,WE,Towers with Radar,203,53,40,0,296,0,3,1,1,5,203,56,41,1,301,0,0,0,301
02/10/2014,SJC,CA,AWP,WE,Towers with Radar,244,68,60,0,372,0,0,6,0,6,244,68,66,0,378,20,0,20,398
02/11/2014,SJC,CA,AWP,WE,Towers with Radar,212,79,62,0,353,0,0,21,0,21,212,79,83,0,374,0,0,0,374
02/12/2014,SJC,CA,AWP,WE,Towers with Radar,227,83,63,0,373,0,1,15,0,16,227,84,78,0,389,0,0,0,389
02/13/2014,SJC,CA,AWP,WE,Towers with Radar,255,100,67,1,423,0,0,23,0,23,255,100,90,1,446,17,0,17,463
02/14/2014,SJC,CA,AWP,WE,Towers with Radar,251,76,78,1,406,0,0,7,0,7,251,76,85,1,413,2,0,2,415
02/15/2014,SJC,CA,AWP,WE,Towers with Radar,171,37,33,0,241,0,2,10,0,12,171,39,43,0,253,22,0,22,275
02/16/2014,SJC,CA,AWP,WE,Towers with Radar,199,50,31,0,280,0,0,24,1,25,199,50,55,1,305,14,0,14,319
02/17/2014,SJC,CA,AWP,WE,Towers with Radar,241,68,54,0,363,0,0,31,0,31,241,68,85,0,394,2,0,2,396
02/18/2014,SJC,CA,AWP,WE,Towers with Radar,232,71,39,0,342,0,3,25,0,28,232,74,64,0,370,0,0,0,370
02/19/2014,SJC,CA,AWP,WE,Towers with Radar,235,73,44,0,352,0,0,18,0,18,235,73,62,0,370,44,0,44,414
02/20/2014,SJC,CA,AWP,WE,Towers with Radar,245,78,65,0,388,0,1,31,0,32,245,79,96,0,420,14,0,14,434
02/21/2014,SJC,CA,AWP,WE,Towers with Radar,241,82,56,0,379,0,1,54,0,55,241,83,110,0,434,0,0,0,434
02/22/2014,SJC,CA,AWP,WE,Towers with Radar,170,47,36,0,253,0,2,25,0,27,170,49,61,0,280,0,0,0,280
02/23/2014,SJC,CA,AWP,WE,Towers with Radar,205,70,64,0,339,0,2,28,0,30,205,72,92,0,369,0,0,0,369
02/24/2014,SJC,CA,AWP,WE,Towers with Radar,245,63,28,0,336,0,0,34,3,37,245,63,62,3,373,10,0,10,383
02/25/2014,SJC,CA,AWP,WE,Towers with Radar,232,82,42,0,356,0,0,18,0,18,232,82,60,0,374,0,0,0,374
02/26/2014,SJC,CA,AWP,WE,Towers with Radar,238,75,44,0,357,0,0,3,0,3,238,75,47,0,360,12,0,12,372
02/27/2014,SJC,CA,AWP,WE,Towers with Radar,249,87,82,0,418,0,0,10,0,10,249,87,92,0,428,2,0,2,430
02/28/2014,SJC,CA,AWP,WE,Towers with Radar,230,83,39,0,352,0,0,5,1,6,230,83,44,1,358,0,0,0,358
03/01/2014,SJC,CA,AWP,WE,Towers with Radar,167,30,31,0,228,0,0,7,0,7,167,30,38,0,235,4,0,4,239
03/02/2014,SJC,CA,AWP,WE,Towers with Radar,199,63,56,0,318,0,0,7,0,7,199,63,63,0,325,58,0,58,383
03/03/2014,SJC,CA,AWP,WE,Towers with Radar,249,66,48,0,363,0,0,18,0,18,249,66,66,0,381,0,0,0,381
03/04/2014,SJC,CA,AWP,WE,Towers with Radar,228,74,74,0,376,0,2,10,0,12,228,76,84,0,388,26,0,26,414
03/05/2014,SJC,CA,AWP,WE,Towers with Radar,235,75,57,0,367,0,0,12,1,13,235,75,69,1,380,14,0,14,394
03/06/2014,SJC,CA,AWP,WE,Towers with Radar,254,81,55,0,390,0,0,31,0,31,254,81,86,0,421,0,0,0,421
03/07/2014,SJC,CA,AWP,WE,Towers with Radar,249,87,69,0,405,0,0,34,0,34,249,87,103,0,439,26,0,26,465
03/08/2014,SJC,CA,AWP,WE,Towers with Radar,170,38,29,0,237,0,0,28,0,28,170,38,57,0,265,28,0,28,293
03/09/2014,SJC,CA,AWP,WE,Towers with Radar,221,62,74,0,357,0,3,13,1,17,221,65,87,1,374,0,0,0,374
03/10/2014,SJC,CA,AWP,WE,Towers with Radar,251,61,35,0,347,0,1,15,0,16,251,62,50,0,363,12,0,12,375
03/11/2014,SJC,CA,AWP,WE,Towers with Radar,242,87,40,0,369,0,1,36,0,37,242,88,76,0,406,20,0,20,426
03/12/2014,SJC,CA,AWP,WE,Towers with Radar,251,76,43,0,370,0,2,31,0,33,251,78,74,0,403,18,0,18,421
03/13/2014,SJC,CA,AWP,WE,Towers with Radar,256,77,55,1,389,0,0,27,0,27,256,77,82,1,416,0,0,0,416
03/14/2014,SJC,CA,AWP,WE,Towers with Radar,255,80,60,0,395,0,0,35,0,35,255,80,95,0,430,6,0,6,436
03/15/2014,SJC,CA,AWP,WE,Towers with Radar,172,32,22,0,226,0,0,23,1,24,172,32,45,1,250,6,0,6,256
03/16/2014,SJC,CA,AWP,WE,Towers with Radar,221,55,48,0,324,0,2,19,0,21,221,57,67,0,345,34,0,34,379
03/17/2014,SJC,CA,AWP,WE,Towers with Radar,253,73,40,0,366,0,2,25,2,29,253,75,65,2,395,10,0,10,405
03/18/2014,SJC,CA,AWP,WE,Towers with Radar,241,62,45,0,348,0,1,18,0,19,241,63,63,0,367,0,0,0,367
03/19/2014,SJC,CA,AWP,WE,Towers with Radar,245,70,39,0,354,0,0,37,0,37,245,70,76,0,391,28,0,28,419
03/20/2014,SJC,CA,AWP,WE,Towers with Radar,258,72,53,0,383,0,4,22,3,29,258,76,75,3,412,6,0,6,418
03/21/2014,SJC,CA,AWP,WE,Towers with Radar,249,58,48,0,355,0,6,36,1,43,249,64,84,1,398,2,0,2,400
03/22/2014,SJC,CA,AWP,WE,Towers with Radar,172,32,18,0,222,0,0,30,0,30,172,32,48,0,252,12,0,12,264
03/23/2014,SJC,CA,AWP,WE,Towers with Radar,224,45,40,0,309,0,2,14,0,16,224,47,54,0,325,30,0,30,355
03/24/2014,SJC,CA,AWP,WE,Towers with Radar,244,56,34,0,334,0,0,23,0,23,244,56,57,0,357,0,0,0,357
03/25/2014,SJC,CA,AWP,WE,Towers with Radar,240,65,47,0,352,0,0,17,1,18,240,65,64,1,370,0,0,0,370
03/26/2014,SJC,CA,AWP,WE,Towers with Radar,246,68,69,0,383,0,0,7,1,8,246,68,76,1,391,14,0,14,405
03/27/2014,SJC,CA,AWP,WE,Towers with Radar,260,75,50,0,385,0,2,21,0,23,260,77,71,0,408,30,0,30,438
03/28/2014,SJC,CA,AWP,WE,Towers with Radar,255,90,47,0,392,0,0,15,1,16,255,90,62,1,408,0,0,0,408
03/29/2014,SJC,CA,AWP,WE,Towers with Radar,173,37,23,0,233,0,0,4,0,4,173,37,27,0,237,0,0,0,237
03/30/2014,SJC,CA,AWP,WE,Towers with Radar,224,54,53,0,331,0,1,20,0,21,224,55,73,0,352,40,0,40,392
03/31/2014,SJC,CA,AWP,WE,Towers with Radar,262,64,45,0,371,0,0,6,3,9,262,64,51,3,380,18,0,18,398
04/01/2014,SJC,CA,AWP,WE,Towers with Radar,248,62,57,0,367,0,0,7,0,7,248,62,64,0,374,0,0,0,374
04/02/2014,SJC,CA,AWP,WE,Towers with Radar,246,68,67,1,382,0,0,29,1,30,246,68,96,2,412,18,16,34,446
04/03/2014,SJC,CA,AWP,WE,Towers with Radar,264,59,53,0,376,0,1,25,0,26,264,60,78,0,402,0,0,0,402
04/04/2014,SJC,CA,AWP,WE,Towers with Radar,251,66,43,0,360,0,2,13,0,15,251,68,56,0,375,0,0,0,375
04/05/2014,SJC,CA,AWP,WE,Towers with Radar,174,39,31,0,244,0,0,31,2,33,174,39,62,2,277,56,0,56,333
04/06/2014,SJC,CA,AWP,WE,Towers with Radar,217,56,43,0,316,0,3,43,0,46,217,59,86,0,362,22,0,22,384
04/07/2014,SJC,CA,AWP,WE,Towers with Radar,254,72,42,0,368,0,0,35,2,37,254,72,77,2,405,6,0,6,411
04/08/2014,SJC,CA,AWP,WE,Towers with Radar,251,75,32,0,358,0,0,31,0,31,251,75,63,0,389,32,0,32,421
04/09/2014,SJC,CA,AWP,WE,Towers with Radar,250,71,57,0,378,0,0,26,0,26,250,71,83,0,404,0,0,0,404
04/10/2014,SJC,CA,AWP,WE,Towers with Radar,257,87,43,1,388,0,0,18,2,20,257,87,61,3,408,12,0,12,420
04/11/2014,SJC,CA,AWP,WE,Towers with Radar,257,98,62,0,417,0,0,27,0,27,257,98,89,0,444,0,0,0,444
04/12/2014,SJC,CA,AWP,WE,Towers with Radar,177,43,35,0,255,0,0,24,0,24,177,43,59,0,279,26,0,26,305
04/13/2014,SJC,CA,AWP,WE,Towers with Radar,215,61,37,0,313,0,0,13,1,14,215,61,50,1,327,0,0,0,327
04/14/2014,SJC,CA,AWP,WE,Towers with Radar,258,67,35,1,361,0,0,26,3,29,258,67,61,4,390,8,0,8,398
04/15/2014,SJC,CA,AWP,WE,Towers with Radar,248,83,29,0,360,0,2,33,0,35,248,85,62,0,395,30,0,30,425
04/16/2014,SJC,CA,AWP,WE,Towers with Radar,252,60,61,2,375,0,0,24,0,24,252,60,85,2,399,50,0,50,449
04/17/2014,SJC,CA,AWP,WE,Towers with Radar,258,75,59,0,392,0,0,21,0,21,258,75,80,0,413,0,0,0,413
04/18/2014,SJC,CA,AWP,WE,Towers with Radar,253,58,37,0,348,0,1,29,0,30,253,59,66,0,378,4,0,4,382
04/19/2014,SJC,CA,AWP,WE,Towers with Radar,178,35,20,0,233,0,0,23,0,23,178,35,43,0,256,14,0,14,270
04/20/2014,SJC,CA,AWP,WE,Towers with Radar,217,56,31,0,304,0,2,31,0,33,217,58,62,0,337,6,0,6,343
04/21/2014,SJC,CA,AWP,WE,Towers with Radar,254,78,59,1,392,0,0,21,2,23,254,78,80,3,415,10,0,10,425
04/22/2014,SJC,CA,AWP,WE,Towers with Radar,255,80,51,0,386,0,0,36,0,36,255,80,87,0,422,10,0,10,432
04/23/2014,SJC,CA,AWP,WE,Towers with Radar,253,83,51,2,389,0,0,17,0,17,253,83,68,2,406,0,0,0,406
04/24/2014,SJC,CA,AWP,WE,Towers with Radar,254,69,61,1,385,0,1,22,0,23,254,70,83,1,408,36,0,36,444
04/25/2014,SJC,CA,AWP,WE,Towers with Radar,255,81,68,0,404,0,0,10,0,10,255,81,78,0,414,14,0,14,428
04/26/2014,SJC,CA,AWP,WE,Towers with Radar,177,32,30,0,239,0,1,15,2,18,177,33,45,2,257,20,0,20,277
04/27/2014,SJC,CA,AWP,WE,Towers with Radar,216,52,57,0,325,1,0,9,0,10,217,52,66,0,335,10,0,10,345
04/28/2014,SJC,CA,AWP,WE,Towers with Radar,252,64,39,1,356,0,0,27,0,27,252,64,66,1,383,4,0,4,387
04/29/2014,SJC,CA,AWP,WE,Towers with Radar,250,75,51,1,377,0,0,22,0,22,250,75,73,1,399,10,0,10,409
04/30/2014,SJC,CA,AWP,WE,Towers with Radar,242,70,64,0,376,0,0,42,0,42,242,70,106,0,418,16,0,16,434
05/01/2014,SJC,CA,AWP,WE,Towers with Radar,251,98,56,0,405,0,0,33,0,33,251,98,89,0,438,44,0,44,482
05/02/2014,SJC,CA,AWP,WE,Towers with Radar,262,88,41,0,391,0,2,24,2,28,262,90,65,2,419,0,0,0,419
05/03/2014,SJC,CA,AWP,WE,Towers with Radar,178,40,35,0,253,0,1,21,0,22,178,41,56,0,275,8,0,8,283
05/04/2014,SJC,CA,AWP,WE,Towers with Radar,221,71,47,0,339,0,1,31,0,32,221,72,78,0,371,19,0,19,390
05/05/2014,SJC,CA,AWP,WE,Towers with Radar,262,60,61,0,383,0,0,11,0,11,262,60,72,0,394,2,0,2,396
05/06/2014,SJC,CA,AWP,WE,Towers with Radar,250,68,43,0,361,0,0,21,0,21,250,68,64,0,382,0,0,0,382
05/07/2014,SJC,CA,AWP,WE,Towers with Radar,248,84,70,0,402,0,0,21,0,21,248,84,91,0,423,0,0,0,423
05/08/2014,SJC,CA,AWP,WE,Towers with Radar,254,53,38,0,345,0,2,15,0,17,254,55,53,0,362,4,0,4,366
05/09/2014,SJC,CA,AWP,WE,Towers with Radar,263,61,30,0,354,0,0,24,1,25,263,61,54,1,379,2,0,2,381
05/10/2014,SJC,CA,AWP,WE,Towers with Radar,176,34,28,0,238,0,0,29,0,29,176,34,57,0,267,2,0,2,269
05/11/2014,SJC,CA,AWP,WE,Towers with Radar,225,60,46,0,331,0,1,29,0,30,225,61,75,0,361,8,0,8,369
05/12/2014,SJC,CA,AWP,WE,Towers with Radar,258,57,43,0,358,0,1,31,0,32,258,58,74,0,390,0,0,0,390
05/13/2014,SJC,CA,AWP,WE,Towers with Radar,245,72,47,0,364,0,2,30,1,33,245,74,77,1,397,0,0,0,397
05/14/2014,SJC,CA,AWP,WE,Towers with Radar,249,65,51,0,365,0,0,17,0,17,249,65,68,0,382,0,0,0,382
05/15/2014,SJC,CA,AWP,WE,Towers with Radar,257,53,48,0,358,0,1,33,0,34,257,54,81,0,392,24,0,24,416
05/16/2014,SJC,CA,AWP,WE,Towers with Radar,257,61,26,0,344,0,0,27,2,29,257,61,53,2,373,20,0,20,393
05/17/2014,SJC,CA,AWP,WE,Towers with Radar,174,29,28,0,231,0,1,26,0,27,174,30,54,0,258,32,0,32,290
05/18/2014,SJC,CA,AWP,WE,Towers with Radar,226,46,43,0,315,0,2,27,0,29,226,48,70,0,344,0,0,0,344
05/19/2014,SJC,CA,AWP,WE,Towers with Radar,257,65,47,0,369,0,0,12,0,12,257,65,59,0,381,17,0,17,398
05/20/2014,SJC,CA,AWP,WE,Towers with Radar,243,68,51,0,362,0,0,35,0,35,243,68,86,0,397,0,0,0,397
05/21/2014,SJC,CA,AWP,WE,Towers with Radar,252,85,41,0,378,0,0,31,0,31,252,85,72,0,409,38,0,38,447
05/22/2014,SJC,CA,AWP,WE,Towers with Radar,255,83,58,0,396,0,0,48,1,49,255,83,106,1,445,10,0,10,455
05/23/2014,SJC,CA,AWP,WE,Towers with Radar,257,67,43,0,367,0,0,32,0,32,257,67,75,0,399,0,0,0,399
05/24/2014,SJC,CA,AWP,WE,Towers with Radar,163,28,22,0,213,0,1,24,3,28,163,29,46,3,241,16,0,16,257
05/25/2014,SJC,CA,AWP,WE,Towers with Radar,174,41,24,0,239,0,1,25,0,26,174,42,49,0,265,24,0,24,289
05/26/2014,SJC,CA,AWP,WE,Towers with Radar,229,53,34,0,316,0,0,32,0,32,229,53,66,0,348,16,0,16,364
05/27/2014,SJC,CA,AWP,WE,Towers with Radar,256,89,51,0,396,0,0,31,0,31,256,89,82,0,427,30,0,30,457
05/28/2014,SJC,CA,AWP,WE,Towers with Radar,255,76,48,0,379,0,1,25,0,26,255,77,73,0,405,0,0,0,405
05/29/2014,SJC,CA,AWP,WE,Towers with Radar,269,70,47,0,386,0,0,27,0,27,269,70,74,0,413,18,0,18,431
05/30/2014,SJC,CA,AWP,WE,Towers with Radar,263,79,48,0,390,0,0,25,1,26,263,79,73,1,416,0,0,0,416
05/31/2014,SJC,CA,AWP,WE,Towers with Radar,184,30,29,0,243,0,1,23,0,24,184,31,52,0,267,0,0,0,267
06/01/2014,SJC,CA,AWP,WE,Towers with Radar,232,41,42,0,315,0,3,29,0,32,232,44,71,0,347,54,0,54,401
06/02/2014,SJC,CA,AWP,WE,Towers with Radar,260,65,38,0,363,0,0,28,0,28,260,65,66,0,391,0,0,0,391
06/03/2014,SJC,CA,AWP,WE,Towers with Radar,261,70,44,0,375,0,0,38,1,39,261,70,82,1,414,26,0,26,440
06/04/2014,SJC,CA,AWP,WE,Towers with Radar,256,74,42,0,372,0,0,34,0,34,256,74,76,0,406,22,0,22,428
06/05/2014,SJC,CA,AWP,WE,Towers with Radar,267,90,48,0,405,0,0,36,0,36,267,90,84,0,441,26,0,26,467
06/06/2014,SJC,CA,AWP,WE,Towers with Radar,268,77,61,0,406,0,1,49,2,52,268,78,110,2,458,4,0,4,462
06/07/2014,SJC,CA,AWP,WE,Towers with Radar,193,40,8,0,241,0,1,16,0,17,193,41,24,0,258,2,0,2,260
06/08/2014,SJC,CA,AWP,WE,Towers with Radar,242,46,54,0,342,0,1,27,0,28,242,47,81,0,370,18,0,18,388
06/09/2014,SJC,CA,AWP,WE,Towers with Radar,268,70,45,0,383,0,0,15,2,17,268,70,60,2,400,2,0,2,402
06/10/2014,SJC,CA,AWP,WE,Towers with Radar,270,69,65,0,404,0,0,27,0,27,270,69,92,0,431,18,0,18,449
06/11/2014,SJC,CA,AWP,WE,Towers with Radar,276,71,42,0,389,0,1,29,1,31,276,72,71,1,420,8,0,8,428
06/12/2014,SJC,CA,AWP,WE,Towers with Radar,270,73,54,0,397,0,0,29,0,29,270,73,83,0,426,24,0,24,450
06/13/2014,SJC,CA,AWP,WE,Towers with Radar,270,81,36,0,387,0,0,45,1,46,270,81,81,1,433,10,0,10,443
06/14/2014,SJC,CA,AWP,WE,Towers with Radar,206,47,33,0,286,0,0,31,0,31,206,47,64,0,317,8,0,8,325
06/15/2014,SJC,CA,AWP,WE,Towers with Radar,253,56,72,0,381,0,2,26,0,28,253,58,98,0,409,0,0,0,409
06/16/2014,SJC,CA,AWP,WE,Towers with Radar,275,68,41,0,384,0,1,22,0,23,275,69,63,0,407,0,0,0,407
06/17/2014,SJC,CA,AWP,WE,Towers with Radar,273,73,49,0,395,0,0,34,0,34,273,73,83,0,429,2,0,2,431
06/18/2014,SJC,CA,AWP,WE,Towers with Radar,277,63,60,1,401,0,0,32,2,34,277,63,92,3,435,0,0,0,435
06/19/2014,SJC,CA,AWP,WE,Towers with Radar,278,71,48,0,397,0,0,36,1,37,278,71,84,1,434,10,0,10,444
06/20/2014,SJC,CA,AWP,WE,Towers with Radar,271,80,42,0,393,0,3,27,1,31,271,83,69,1,424,19,0,19,443
06/21/2014,SJC,CA,AWP,WE,Towers with Radar,206,29,24,0,259,0,0,24,1,25,206,29,48,1,284,6,0,6,290
06/22/2014,SJC,CA,AWP,WE,Towers with Radar,253,52,39,0,344,0,0,26,0,26,253,52,65,0,370,32,0,32,402
06/23/2014,SJC,CA,AWP,WE,Towers with Radar,274,68,36,0,378,0,0,19,1,20,274,68,55,1,398,0,0,0,398
06/24/2014,SJC,CA,AWP,WE,Towers with Radar,270,72,53,0,395,0,0,27,0,27,270,72,80,0,422,0,0,0,422
06/25/2014,SJC,CA,AWP,WE,Towers with Radar,272,87,70,0,429,0,0,25,0,25,272,87,95,0,454,0,0,0,454
06/26/2014,SJC,CA,AWP,WE,Towers with Radar,280,75,69,0,424,0,0,20,0,20,280,75,89,0,444,4,0,4,448
06/27/2014,SJC,CA,AWP,WE,Towers with Radar,278,65,62,0,405,0,2,34,0,36,278,67,96,0,441,48,0,48,489
06/28/2014,SJC,CA,AWP,WE,Towers with Radar,207,39,28,0,274,0,0,22,0,22,207,39,50,0,296,34,0,34,330
06/29/2014,SJC,CA,AWP,WE,Towers with Radar,251,41,26,0,318,0,0,36,0,36,251,41,62,0,354,56,0,56,410
06/30/2014,SJC,CA,AWP,WE,Towers with Radar,270,29,43,0,342,0,1,42,2,45,270,30,85,2,387,0,0,0,387
07/01/2014,SJC,CA,AWP,WE,Towers with Radar,270,39,22,0,331,0,2,38,0,40,270,41,60,0,371,34,0,34,405
07/02/2014,SJC,CA,AWP,WE,Towers with Radar,277,43,45,0,365,0,0,19,0,19,277,43,64,0,384,8,0,8,392
07/03/2014,SJC,CA,AWP,WE,Towers with Radar,273,53,39,0,365,0,1,30,0,31,273,54,69,0,396,24,0,24,420
07/04/2014,SJC,CA,AWP,WE,Towers with Radar,189,19,9,0,217,0,2,29,1,32,189,21,38,1,249,12,0,12,261
07/05/2014,SJC,CA,AWP,WE,Towers with Radar,197,22,14,0,233,0,1,27,3,31,197,23,41,3,264,6,0,6,270
07/06/2014,SJC,CA,AWP,WE,Towers with Radar,256,53,43,0,352,0,2,41,2,45,256,55,84,2,397,38,0,38,435
07/07/2014,SJC,CA,AWP,WE,Towers with Radar,277,59,31,0,367,0,0,30,0,30,277,59,61,0,397,6,0,6,403
07/08/2014,SJC,CA,AWP,WE,Towers with Radar,267,71,51,0,389,0,0,38,0,38,267,71,89,0,427,0,0,0,427
07/09/2014,SJC,CA,AWP,WE,Towers with Radar,279,53,44,0,376,0,1,26,0,27,279,54,70,0,403,4,0,4,407
07/10/2014,SJC,CA,AWP,WE,Towers with Radar,289,75,54,1,419,0,2,35,1,38,289,77,89,2,457,26,2,28,485
07/11/2014,SJC,CA,AWP,WE,Towers with Radar,281,68,40,0,389,0,1,28,1,30,281,69,68,1,419,16,0,16,435
07/12/2014,SJC,CA,AWP,WE,Towers with Radar,216,34,15,0,265,0,0,38,0,38,216,34,53,0,303,32,0,32,335
07/13/2014,SJC,CA,AWP,WE,Towers with Radar,258,46,42,0,346,0,0,27,0,27,258,46,69,0,373,10,0,10,383
07/14/2014,SJC,CA,AWP,WE,Towers with Radar,273,62,42,0,377,0,0,32,1,33,273,62,74,1,410,14,0,14,424
07/15/2014,SJC,CA,AWP,WE,Towers with Radar,276,68,56,0,400,0,0,42,0,42,276,68,98,0,442,0,0,0,442
07/16/2014,SJC,CA,AWP,WE,Towers with Radar,276,70,52,0,398,0,0,36,0,36,276,70,88,0,434,0,0,0,434
07/17/2014,SJC,CA,AWP,WE,Towers with Radar,279,83,50,0,412,0,0,24,0,24,279,83,74,0,436,0,0,0,436
07/18/2014,SJC,CA,AWP,WE,Towers with Radar,279,74,40,0,393,0,0,37,1,38,279,74,77,1,431,16,2,18,449
07/19/2014,SJC,CA,AWP,WE,Towers with Radar,201,31,34,0,266,0,0,25,0,25,201,31,59,0,291,12,0,12,303
07/20/2014,SJC,CA,AWP,WE,Towers with Radar,255,48,35,0,338,0,0,21,0,21,255,48,56,0,359,2,0,2,361
07/21/2014,SJC,CA,AWP,WE,Towers with Radar,277,78,51,0,406,0,0,25,0,25,277,78,76,0,431,6,0,6,437
07/22/2014,SJC,CA,AWP,WE,Towers with Radar,281,60,60,0,401,0,0,22,0,22,281,60,82,0,423,4,0,4,427
07/23/2014,SJC,CA,AWP,WE,Towers with Radar,271,76,48,0,395,0,0,26,0,26,271,76,74,0,421,0,0,0,421
07/24/2014,SJC,CA,AWP,WE,Towers with Radar,278,87,68,0,433,0,0,35,0,35,278,87,103,0,468,12,0,12,480
07/25/2014,SJC,CA,AWP,WE,Towers with Radar,271,61,41,0,373,0,0,40,2,42,271,61,81,2,415,8,0,8,423
07/26/2014,SJC,CA,AWP,WE,Towers with Radar,202,43,25,0,270,0,0,16,0,16,202,43,41,0,286,6,0,6,292
07/27/2014,SJC,CA,AWP,WE,Towers with Radar,252,50,56,0,358,0,0,34,0,34,252,50,90,0,392,6,0,6,398
07/28/2014,SJC,CA,AWP,WE,Towers with Radar,277,71,52,0,400,0,2,25,0,27,277,73,77,0,427,12,0,12,439
07/29/2014,SJC,CA,AWP,WE,Towers with Radar,272,76,63,0,411,0,0,18,0,18,272,76,81,0,429,8,0,8,437
07/30/2014,SJC,CA,AWP,WE,Towers with Radar,282,57,58,0,397,0,1,21,0,22,282,58,79,0,419,0,0,0,419
07/31/2014,SJC,CA,AWP,WE,Towers with Radar,281,83,60,0,424,0,0,30,0,30,281,83,90,0,454,2,0,2,456
08/01/2014,SJC,CA,AWP,WE,Towers with Radar,284,65,38,0,387,0,2,26,0,28,284,67,64,0,415,12,0,12,427
08/02/2014,SJC,CA,AWP,WE,Towers with Radar,202,50,39,0,291,0,3,28,2,33,202,53,67,2,324,4,0,4,328
08/03/2014,SJC,CA,AWP,WE,Towers with Radar,251,59,43,0,353,0,0,18,0,18,251,59,61,0,371,16,0,16,387
08/04/2014,SJC,CA,AWP,WE,Towers with Radar,271,64,39,1,375,0,1,20,3,24,271,65,59,4,399,24,0,24,423
08/05/2014,SJC,CA,AWP,WE,Towers with Radar,282,48,57,0,387,0,1,12,0,13,282,49,69,0,400,0,0,0,400
08/06/2014,SJC,CA,AWP,WE,Towers with Radar,284,60,44,1,389,0,1,25,2,28,284,61,69,3,417,36,8,44,461
08/07/2014,SJC,CA,AWP,WE,Towers with Radar,284,69,43,0,396,0,0,21,0,21,284,69,64,0,417,0,0,0,417
08/08/2014,SJC,CA,AWP,WE,Towers with Radar,277,52,53,0,382,0,0,34,1,35,277,52,87,1,417,8,0,8,425
08/09/2014,SJC,CA,AWP,WE,Towers with Radar,203,29,37,0,269,0,3,20,0,23,203,32,57,0,292,28,0,28,320
08/10/2014,SJC,CA,AWP,WE,Towers with Radar,253,55,41,0,349,0,2,26,0,28,253,57,67,0,377,16,0,16,393
08/11/2014,SJC,CA,AWP,WE,Towers with Radar,277,54,37,0,368,0,3,33,0,36,277,57,70,0,404,14,0,14,418
08/12/2014,SJC,CA,AWP,WE,Towers with Radar,277,81,48,0,406,0,0,29,0,29,277,81,77,0,435,6,0,6,441
08/13/2014,SJC,CA,AWP,WE,Towers with Radar,274,58,46,0,378,0,0,32,0,32,274,58,78,0,410,6,0,6,416
08/14/2014,SJC,CA,AWP,WE,Towers with Radar,288,55,45,0,388,0,5,23,0,28,288,60,68,0,416,12,0,12,428
08/15/2014,SJC,CA,AWP,WE,Towers with Radar,275,68,36,0,379,0,1,40,1,42,275,69,76,1,421,16,0,16,437
08/16/2014,SJC,CA,AWP,WE,Towers with Radar,193,41,25,0,259,0,1,41,0,42,193,42,66,0,301,80,0,80,381
08/17/2014,SJC,CA,AWP,WE,Towers with Radar,255,48,68,0,371,0,2,41,0,43,255,50,109,0,414,0,0,0,414
08/18/2014,SJC,CA,AWP,WE,Towers with Radar,282,70,42,0,394,0,0,29,1,30,282,70,71,1,424,0,0,0,424
08/19/2014,SJC,CA,AWP,WE,Towers with Radar,269,63,41,1,374,0,0,17,2,19,269,63,58,3,393,0,0,0,393
08/20/2014,SJC,CA,AWP,WE,Towers with Radar,274,63,50,0,387,0,1,29,0,30,274,64,79,0,417,6,0,6,423
08/21/2014,SJC,CA,AWP,WE,Towers with Radar,277,62,52,0,391,0,6,48,2,56,277,68,100,2,447,20,0,20,467
08/22/2014,SJC,CA,AWP,WE,Towers with Radar,277,58,55,0,390,0,1,41,0,42,277,59,96,0,432,24,0,24,456
08/23/2014,SJC,CA,AWP,WE,Towers with Radar,190,33,27,0,250,0,4,31,1,36,190,37,58,1,286,0,0,0,286
08/24/2014,SJC,CA,AWP,WE,Towers with Radar,246,54,44,1,345,0,3,40,2,45,246,57,84,3,390,2,0,2,392
08/25/2014,SJC,CA,AWP,WE,Towers with Radar,272,67,30,2,371,0,4,18,0,22,272,71,48,2,393,16,0,16,409
08/26/2014,SJC,CA,AWP,WE,Towers with Radar,262,72,55,0,389,0,1,31,1,33,262,73,86,1,422,4,0,4,426
08/27/2014,SJC,CA,AWP,WE,Towers with Radar,271,71,49,0,391,0,0,24,1,25,271,71,73,1,416,4,0,4,420
08/28/2014,SJC,CA,AWP,WE,Towers with Radar,272,80,56,0,408,0,2,36,0,38,272,82,92,0,446,0,0,0,446
08/29/2014,SJC,CA,AWP,WE,Towers with Radar,273,75,59,0,407,0,2,38,1,41,273,77,97,1,448,0,0,0,448
08/30/2014,SJC,CA,AWP,WE,Towers with Radar,170,31,24,0,225,0,0,38,1,39,170,31,62,1,264,22,0,22,286
08/31/2014,SJC,CA,AWP,WE,Towers with Radar,173,25,20,0,218,0,0,32,1,33,173,25,52,1,251,0,0,0,251
09/01/2014,SJC,CA,AWP,WE,Towers with Radar,235,67,36,0,338,0,3,33,0,36,235,70,69,0,374,6,0,6,380
09/02/2014,SJC,CA,AWP,WE,Towers with Radar,257,64,43,0,364,0,2,29,1,32,257,66,72,1,396,20,0,20,416
09/03/2014,SJC,CA,AWP,WE,Towers with Radar,260,65,41,0,366,0,1,32,1,34,260,66,73,1,400,0,0,0,400
09/04/2014,SJC,CA,AWP,WE,Towers with Radar,269,68,47,0,384,0,6,24,0,30,269,74,71,0,414,2,0,2,416
09/05/2014,SJC,CA,AWP,WE,Towers with Radar,266,58,36,0,360,0,0,32,0,32,266,58,68,0,392,0,0,0,392
09/06/2014,SJC,CA,AWP,WE,Towers with Radar,167,41,51,0,259,0,4,34,0,38,167,45,85,0,297,8,0,8,305
09/07/2014,SJC,CA,AWP,WE,Towers with Radar,242,49,44,0,335,0,0,40,2,42,242,49,84,2,377,22,0,22,399
09/08/2014,SJC,CA,AWP,WE,Towers with Radar,272,65,39,0,376,0,2,23,1,26,272,67,62,1,402,4,0,4,406
09/09/2014,SJC,CA,AWP,WE,Towers with Radar,253,91,66,0,410,0,0,35,0,35,253,91,101,0,445,0,0,0,445
09/10/2014,SJC,CA,AWP,WE,Towers with Radar,267,77,52,0,396,0,0,24,3,27,267,77,76,3,423,0,0,0,423
09/11/2014,SJC,CA,AWP,WE,Towers with Radar,275,71,48,0,394,0,0,43,0,43,275,71,91,0,437,32,6,38,475
09/12/2014,SJC,CA,AWP,WE,Towers with Radar,274,94,49,0,417,0,2,32,0,34,274,96,81,0,451,0,0,0,451
09/13/2014,SJC,CA,AWP,WE,Towers with Radar,170,40,28,0,238,0,0,31,0,31,170,40,59,0,269,6,0,6,275
09/14/2014,SJC,CA,AWP,WE,Towers with Radar,244,81,83,0,408,0,0,50,1,51,244,81,133,1,459,6,0,6,465
09/15/2014,SJC,CA,AWP,WE,Towers with Radar,271,60,47,2,380,0,2,27,0,29,271,62,74,2,409,38,0,38,447
09/16/2014,SJC,CA,AWP,WE,Towers with Radar,251,73,57,0,381,0,0,42,1,43,251,73,99,1,424,24,0,24,448
09/17/2014,SJC,CA,AWP,WE,Towers with Radar,268,95,61,0,424,0,0,21,0,21,268,95,82,0,445,2,0,2,447
09/18/2014,SJC,CA,AWP,WE,Towers with Radar,273,71,56,0,400,0,1,30,0,31,273,72,86,0,431,20,0,20,451
09/19/2014,SJC,CA,AWP,WE,Towers with Radar,271,86,66,0,423,0,1,50,1,52,271,87,116,1,475,6,0,6,481
09/20/2014,SJC,CA,AWP,WE,Towers with Radar,167,44,40,0,251,0,0,12,0,12,167,44,52,0,263,4,0,4,267
09/21/2014,SJC,CA,AWP,WE,Towers with Radar,243,49,47,0,339,0,1,26,1,28,243,50,73,1,367,28,0,28,395
09/22/2014,SJC,CA,AWP,WE,Towers with Radar,266,77,36,0,379,0,0,24,0,24,266,77,60,0,403,18,0,18,421
09/23/2014,SJC,CA,AWP,WE,Towers with Radar,248,60,50,0,358,0,0,34,0,34,248,60,84,0,392,0,0,0,392
09/24/2014,SJC,CA,AWP,WE,Towers with Radar,258,78,47,0,383,0,1,24,0,25,258,79,71,0,408,28,0,28,436
09/25/2014,SJC,CA,AWP,WE,Towers with Radar,267,77,70,0,414,0,0,19,0,19,267,77,89,0,433,12,0,12,445
09/26/2014,SJC,CA,AWP,WE,Towers with Radar,266,77,50,0,393,0,0,26,0,26,266,77,76,0,419,60,0,60,479
09/27/2014,SJC,CA,AWP,WE,Towers with Radar,173,40,26,0,239,0,0,26,0,26,173,40,52,0,265,30,0,30,295
09/28/2014,SJC,CA,AWP,WE,Towers with Radar,241,86,87,0,414,0,1,35,0,36,241,87,122,0,450,12,0,12,462
09/29/2014,SJC,CA,AWP,WE,Towers with Radar,263,81,45,0,389,0,1,22,0,23,263,82,67,0,412,42,0,42,454
09/30/2014,SJC,CA,AWP,WE,Towers with Radar,250,66,59,0,375,0,2,38,0,40,250,68,97,0,415,28,0,28,443
10/01/2014,SJC,CA,AWP,WE,Towers with Radar,252,70,38,0,360,0,0,30,1,31,252,70,68,1,391,2,0,2,393
10/02/2014,SJC,CA,AWP,WE,Towers with Radar,262,88,50,0,400,0,4,30,1,35,262,92,80,1,435,8,0,8,443
10/03/2014,SJC,CA,AWP,WE,Towers with Radar,268,62,48,0,378,0,1,40,0,41,268,63,88,0,419,60,0,60,479
10/04/2014,SJC,CA,AWP,WE,Towers with Radar,174,26,19,0,219,0,3,18,1,22,174,29,37,1,241,2,0,2,243
10/05/2014,SJC,CA,AWP,WE,Towers with Radar,243,44,70,0,357,0,2,74,2,78,243,46,144,2,435,2,0,2,437
10/06/2014,SJC,CA,AWP,WE,Towers with Radar,266,68,55,0,389,0,3,23,0,26,266,71,78,0,415,32,0,32,447
10/07/2014,SJC,CA,AWP,WE,Towers with Radar,254,68,57,0,379,0,2,35,0,37,254,70,92,0,416,60,0,60,476
10/08/2014,SJC,CA,AWP,WE,Towers with Radar,259,74,53,0,386,0,0,40,0,40,259,74,93,0,426,22,0,22,448
10/09/2014,SJC,CA,AWP,WE,Towers with Radar,273,85,44,0,402,0,2,22,0,24,273,87,66,0,426,8,0,8,434
10/10/2014,SJC,CA,AWP,WE,Towers with Radar,268,64,76,0,408,0,1,19,1,21,268,65,95,1,429,0,0,0,429
10/11/2014,SJC,CA,AWP,WE,Towers with Radar,183,22,43,0,248,0,0,23,1,24,183,22,66,1,272,18,0,18,290
10/12/2014,SJC,CA,AWP,WE,Towers with Radar,239,46,50,0,335,0,0,25,1,26,239,46,75,1,361,0,0,0,361
10/13/2014,SJC,CA,AWP,WE,Towers with Radar,259,62,37,0,358,0,0,34,0,34,259,62,71,0,392,0,0,0,392
10/14/2014,SJC,CA,AWP,WE,Towers with Radar,255,52,54,0,361,0,2,25,2,29,255,54,79,2,390,2,0,2,392
10/15/2014,SJC,CA,AWP,WE,Towers with Radar,265,64,59,0,388,0,1,8,0,9,265,65,67,0,397,20,0,20,417
10/16/2014,SJC,CA,AWP,WE,Towers with Radar,267,80,55,0,402,0,1,28,0,29,267,81,83,0,431,4,0,4,435
10/17/2014,SJC,CA,AWP,WE,Towers with Radar,271,65,56,0,392,0,4,40,0,44,271,69,96,0,436,14,0,14,450
10/18/2014,SJC,CA,AWP,WE,Towers with Radar,177,41,25,0,243,0,0,26,2,28,177,41,51,2,271,12,0,12,283
10/19/2014,SJC,CA,AWP,WE,Towers with Radar,242,62,65,0,369,0,6,21,0,27,242,68,86,0,396,66,0,66,462
10/20/2014,SJC,CA,AWP,WE,Towers with Radar,267,66,62,0,395,0,1,13,0,14,267,67,75,0,409,2,0,2,411
10/21/2014,SJC,CA,AWP,WE,Towers with Radar,253,68,52,0,373,0,5,30,0,35,253,73,82,0,408,14,0,14,422
10/22/2014,SJC,CA,AWP,WE,Towers with Radar,261,79,62,0,402,0,0,42,4,46,261,79,104,4,448,22,0,22,470
10/23/2014,SJC,CA,AWP,WE,Towers with Radar,270,92,85,0,447,0,0,25,0,25,270,92,110,0,472,16,0,16,488
10/24/2014,SJC,CA,AWP,WE,Towers with Radar,266,86,74,0,426,0,0,33,0,33,266,86,107,0,459,0,0,0,459
10/25/2014,SJC,CA,AWP,WE,Towers with Radar,188,48,25,1,262,0,1,7,0,8,188,49,32,1,270,0,0,0,270
10/26/2014,SJC,CA,AWP,WE,Towers with Radar,245,64,58,0,367,0,0,43,0,43,245,64,101,0,410,32,0,32,442
10/27/2014,SJC,CA,AWP,WE,Towers with Radar,268,71,37,0,376,0,2,25,0,27,268,73,62,0,403,0,0,0,403
10/28/2014,SJC,CA,AWP,WE,Towers with Radar,250,75,51,0,376,0,3,34,0,37,250,78,85,0,413,10,0,10,423
10/29/2014,SJC,CA,AWP,WE,Towers with Radar,257,61,62,0,380,0,0,37,0,37,257,61,99,0,417,0,0,0,417
10/30/2014,SJC,CA,AWP,WE,Towers with Radar,264,66,57,0,387,0,0,38,0,38,264,66,95,0,425,0,0,0,425
10/31/2014,SJC,CA,AWP,WE,Towers with Radar,235,59,40,0,334,0,0,3,0,3,235,59,43,0,337,0,0,0,337
11/01/2014,SJC,CA,AWP,WE,Towers with Radar,171,30,41,0,242,0,0,14,0,14,171,30,55,0,256,2,0,2,258
11/02/2014,SJC,CA,AWP,WE,Towers with Radar,234,52,50,0,336,0,4,48,0,52,234,56,98,0,388,2,0,2,390
11/03/2014,SJC,CA,AWP,WE,Towers with Radar,261,55,40,0,356,0,0,22,0,22,261,55,62,0,378,0,0,0,378
11/04/2014,SJC,CA,AWP,WE,Towers with Radar,250,59,48,0,357,0,3,17,0,20,250,62,65,0,377,2,0,2,379
11/05/2014,SJC,CA,AWP,WE,Towers with Radar,259,63,60,0,382,0,2,43,0,45,259,65,103,0,427,20,0,20,447
11/06/2014,SJC,CA,AWP,WE,Towers with Radar,266,69,62,0,397,0,0,37,1,38,266,69,99,1,435,18,0,18,453
11/07/2014,SJC,CA,AWP,WE,Towers with Radar,265,70,50,0,385,0,0,44,0,44,265,70,94,0,429,8,0,8,437
11/08/2014,SJC,CA,AWP,WE,Towers with Radar,182,42,24,0,248,0,7,34,0,41,182,49,58,0,289,0,0,0,289
11/09/2014,SJC,CA,AWP,WE,Towers with Radar,233,59,68,0,360,0,3,25,0,28,233,62,93,0,388,14,0,14,402
11/10/2014,SJC,CA,AWP,WE,Towers with Radar,263,65,59,0,387,0,7,27,0,34,263,72,86,0,421,6,0,6,427
11/11/2014,SJC,CA,AWP,WE,Towers with Radar,254,61,60,0,375,0,0,23,0,23,254,61,83,0,398,28,0,28,426
11/12/2014,SJC,CA,AWP,WE,Towers with Radar,257,80,59,0,396,0,0,23,0,23,257,80,82,0,419,0,0,0,419
11/13/2014,SJC,CA,AWP,WE,Towers with Radar,266,99,71,0,436,0,0,16,0,16,266,99,87,0,452,14,0,14,466
11/14/2014,SJC,CA,AWP,WE,Towers with Radar,266,75,70,0,411,0,2,44,0,46,266,77,114,0,457,12,0,12,469
11/15/2014,SJC,CA,AWP,WE,Towers with Radar,180,33,28,1,242,0,0,17,0,17,180,33,45,1,259,0,0,0,259
11/16/2014,SJC,CA,AWP,WE,Towers with Radar,236,49,39,0,324,0,5,39,0,44,236,54,78,0,368,6,0,6,374
11/17/2014,SJC,CA,AWP,WE,Towers with Radar,260,55,49,0,364,0,0,28,0,28,260,55,77,0,392,0,0,0,392
11/18/2014,SJC,CA,AWP,WE,Towers with Radar,254,55,67,0,376,0,2,19,1,22,254,57,86,1,398,10,0,10,408
11/19/2014,SJC,CA,AWP,WE,Towers with Radar,255,67,76,0,398,0,1,18,0,19,255,68,94,0,417,0,0,0,417
11/20/2014,SJC,CA,AWP,WE,Towers with Radar,270,78,67,0,415,0,0,7,0,7,270,78,74,0,422,0,0,0,422
11/21/2014,SJC,CA,AWP,WE,Towers with Radar,265,64,57,2,388,0,0,26,3,29,265,64,83,5,417,10,0,10,427
11/22/2014,SJC,CA,AWP,WE,Towers with Radar,184,38,34,3,259,0,0,8,1,9,184,38,42,4,268,4,0,4,272
11/23/2014,SJC,CA,AWP,WE,Towers with Radar,222,47,54,1,324,0,0,47,0,47,222,47,101,1,371,0,0,0,371
11/24/2014,SJC,CA,AWP,WE,Towers with Radar,248,47,34,0,329,0,2,30,1,33,248,49,64,1,362,58,0,58,420
11/25/2014,SJC,CA,AWP,WE,Towers with Radar,273,70,70,0,413,0,0,42,0,42,273,70,112,0,455,12,0,12,467
11/26/2014,SJC,CA,AWP,WE,Towers with Radar,276,48,40,0,364,0,0,35,0,35,276,48,75,0,399,6,0,6,405
11/27/2014,SJC,CA,AWP,WE,Towers with Radar,169,29,26,0,224,0,2,26,0,28,169,31,52,0,252,4,0,4,256
11/28/2014,SJC,CA,AWP,WE,Towers with Radar,220,24,40,0,284,0,0,31,0,31,220,24,71,0,315,4,0,4,319
11/29/2014,SJC,CA,AWP,WE,Towers with Radar,223,53,33,0,309,0,0,4,1,5,223,53,37,1,314,0,0,0,314
11/30/2014,SJC,CA,AWP,WE,Towers with Radar,269,67,96,0,432,0,1,8,0,9,269,68,104,0,441,40,0,40,481
12/01/2014,SJC,CA,AWP,WE,Towers with Radar,269,65,45,0,379,0,1,13,0,14,269,66,58,0,393,6,0,6,399
12/02/2014,SJC,CA,AWP,WE,Towers with Radar,252,67,57,0,376,0,0,2,0,2,252,67,59,0,378,0,0,0,378
12/03/2014,SJC,CA,AWP,WE,Towers with Radar,251,63,65,0,379,0,1,3,0,4,251,64,68,0,383,0,0,0,383
12/04/2014,SJC,CA,AWP,WE,Towers with Radar,271,75,63,0,409,0,2,11,0,13,271,77,74,0,422,8,0,8,430
12/05/2014,SJC,CA,AWP,WE,Towers with Radar,266,75,100,0,441,0,0,20,0,20,266,75,120,0,461,0,0,0,461
12/06/2014,SJC,CA,AWP,WE,Towers with Radar,168,45,49,0,262,0,4,14,2,20,168,49,63,2,282,36,0,36,318
12/07/2014,SJC,CA,AWP,WE,Towers with Radar,223,41,52,0,316,0,0,27,0,27,223,41,79,0,343,44,0,44,387
12/08/2014,SJC,CA,AWP,WE,Towers with Radar,260,65,62,0,387,0,0,29,0,29,260,65,91,0,416,28,0,28,444
12/09/2014,SJC,CA,AWP,WE,Towers with Radar,249,83,57,0,389,0,0,27,0,27,249,83,84,0,416,36,0,36,452
12/10/2014,SJC,CA,AWP,WE,Towers with Radar,260,86,64,0,410,0,1,9,0,10,260,87,73,0,420,6,0,6,426
12/11/2014,SJC,CA,AWP,WE,Towers with Radar,266,37,47,0,350,0,0,4,0,4,266,37,51,0,354,0,0,0,354
12/12/2014,SJC,CA,AWP,WE,Towers with Radar,267,49,40,2,358,0,0,5,0,5,267,49,45,2,363,4,2,6,369
12/13/2014,SJC,CA,AWP,WE,Towers with Radar,168,28,29,1,226,0,1,30,0,31,168,29,59,1,257,60,0,60,317
12/14/2014,SJC,CA,AWP,WE,Towers with Radar,234,35,39,1,309,0,1,9,0,10,234,36,48,1,319,58,0,58,377
12/15/2014,SJC,CA,AWP,WE,Towers with Radar,260,67,53,0,380,0,6,4,1,11,260,73,57,1,391,2,0,2,393
12/16/2014,SJC,CA,AWP,WE,Towers with Radar,264,59,61,0,384,0,0,14,0,14,264,59,75,0,398,0,0,0,398
12/17/2014,SJC,CA,AWP,WE,Towers with Radar,258,71,66,0,395,0,0,18,1,19,258,71,84,1,414,6,0,6,420
12/18/2014,SJC,CA,AWP,WE,Towers with Radar,261,88,66,1,416,0,0,26,0,26,261,88,92,1,442,20,0,20,462
12/19/2014,SJC,CA,AWP,WE,Towers with Radar,263,83,71,0,417,0,1,8,0,9,263,84,79,0,426,0,0,0,426
12/20/2014,SJC,CA,AWP,WE,Towers with Radar,208,62,48,0,318,0,4,13,1,18,208,66,61,1,336,50,0,50,386
12/21/2014,SJC,CA,AWP,WE,Towers with Radar,220,57,40,0,317,0,1,6,0,7,220,58,46,0,324,64,0,64,388
12/22/2014,SJC,CA,AWP,WE,Towers with Radar,264,48,46,0,358,0,0,15,0,15,264,48,61,0,373,18,0,18,391
12/23/2014,SJC,CA,AWP,WE,Towers with Radar,257,58,32,0,347,0,2,48,0,50,257,60,80,0,397,46,0,46,443
12/24/2014,SJC,CA,AWP,WE,Towers with Radar,183,29,18,0,230,0,0,2,0,2,183,29,20,0,232,0,0,0,232
12/25/2014,SJC,CA,AWP,WE,Towers with Radar,179,19,7,0,205,0,0,1,0,1,179,19,8,0,206,12,0,12,218
12/26/2014,SJC,CA,AWP,WE,Towers with Radar,243,53,45,0,341,0,0,24,0,24,243,53,69,0,365,4,0,4,369
12/27/2014,SJC,CA,AWP,WE,Towers with Radar,208,53,29,0,290,0,1,27,0,28,208,54,56,0,318,14,0,14,332
12/28/2014,SJC,CA,AWP,WE,Towers with Radar,216,44,36,0,296,0,1,30,0,31,216,45,66,0,327,2,0,2,329
12/29/2014,SJC,CA,AWP,WE,Towers with Radar,243,34,35,0,312,0,2,19,0,21,243,36,54,0,333,6,0,6,339
12/30/2014,SJC,CA,AWP,WE,Towers with Radar,257,49,34,0,340,0,0,13,0,13,257,49,47,0,353,0,0,0,353
12/31/2014,SJC,CA,AWP,WE,Towers with Radar,186,28,20,0,234,0,1,19,0,20,186,29,39,0,254,26,0,26,280
01/01/2015,SJC,CA,AWP,WE,Towers with Radar,185,38,29,0,252,0,0,6,0,6,185,38,35,0,258,2,0,2,260
01/02/2015,SJC,CA,AWP,WE,Towers with Radar,246,55,28,0,329,0,2,16,0,18,246,57,44,0,347,8,0,8,355
01/03/2015,SJC,CA,AWP,WE,Towers with Radar,214,55,47,0,316,0,2,22,0,24,214,57,69,0,340,2,0,2,342
01/04/2015,SJC,CA,AWP,WE,Towers with Radar,232,53,65,1,351,0,4,23,1,28,232,57,88,2,379,0,0,0,379
01/05/2015,SJC,CA,AWP,WE,Towers with Radar,250,63,34,0,347,0,4,32,0,36,250,67,66,0,383,2,0,2,385
01/06/2015,SJC,CA,AWP,WE,Towers with Radar,234,64,46,0,344,0,1,37,0,38,234,65,83,0,382,40,0,40,422
01/07/2015,SJC,CA,AWP,WE,Towers with Radar,245,57,50,0,352,0,0,40,0,40,245,57,90,0,392,2,0,2,394
01/08/2015,SJC,CA,AWP,WE,Towers with Radar,253,66,50,0,369,0,0,35,1,36,253,66,85,1,405,10,0,10,415
01/09/2015,SJC,CA,AWP,WE,Towers with Radar,246,60,54,1,361,0,2,33,2,37,246,62,87,3,398,14,8,22,420
01/10/2015,SJC,CA,AWP,WE,Towers with Radar,166,37,13,1,217,0,2,35,0,37,166,39,48,1,254,54,0,54,308
01/11/2015,SJC,CA,AWP,WE,Towers with Radar,210,51,42,0,303,0,0,6,1,7,210,51,48,1,310,0,0,0,310
01/12/2015,SJC,CA,AWP,WE,Towers with Radar,245,52,46,0,343,0,0,34,0,34,245,52,80,0,377,6,0,6,383
01/13/2015,SJC,CA,AWP,WE,Towers with Radar,222,61,53,4,340,0,0,40,0,40,222,61,93,4,380,20,4,24,404
01/14/2015,SJC,CA,AWP,WE,Towers with Radar,233,64,59,0,356,0,1,33,0,34,233,65,92,0,390,10,0,10,400
01/15/2015,SJC,CA,AWP,WE,Towers with Radar,251,95,62,0,408,0,1,51,0,52,251,96,113,0,460,84,0,84,544
01/16/2015,SJC,CA,AWP,WE,Towers with Radar,248,75,56,0,379,0,1,34,0,35,248,76,90,0,414,0,0,0,414
01/17/2015,SJC,CA,AWP,WE,Towers with Radar,161,26,38,0,225,0,1,10,0,11,161,27,48,0,236,0,0,0,236
01/18/2015,SJC,CA,AWP,WE,Towers with Radar,213,50,39,0,302,0,0,17,1,18,213,50,56,1,320,0,0,0,320
01/19/2015,SJC,CA,AWP,WE,Towers with Radar,246,98,66,1,411,0,0,13,0,13,246,98,79,1,424,0,0,0,424
01/20/2015,SJC,CA,AWP,WE,Towers with Radar,231,78,50,0,359,0,0,39,0,39,231,78,89,0,398,10,0,10,408
01/21/2015,SJC,CA,AWP,WE,Towers with Radar,243,60,36,0,339,0,4,28,0,32,243,64,64,0,371,8,0,8,379
01/22/2015,SJC,CA,AWP,WE,Towers with Radar,246,81,40,0,367,0,1,31,0,32,246,82,71,0,399,56,0,56,455
01/23/2015,SJC,CA,AWP,WE,Towers with Radar,247,67,43,0,357,0,5,29,0,34,247,72,72,0,391,34,0,34,425
01/24/2015,SJC,CA,AWP,WE,Towers with Radar,163,29,24,0,216,0,2,34,2,38,163,31,58,2,254,0,0,0,254
01/25/2015,SJC,CA,AWP,WE,Towers with Radar,210,52,41,0,303,0,3,30,0,33,210,55,71,0,336,42,0,42,378
01/26/2015,SJC,CA,AWP,WE,Towers with Radar,238,64,30,0,332,0,1,34,0,35,238,65,64,0,367,26,0,26,393
01/27/2015,SJC,CA,AWP,WE,Towers with Radar,235,67,63,0,365,0,6,25,0,31,235,73,88,0,396,16,0,16,412
01/28/2015,SJC,CA,AWP,WE,Towers with Radar,239,77,54,0,370,0,2,41,0,43,239,79,95,0,413,30,0,30,443
01/29/2015,SJC,CA,AWP,WE,Towers with Radar,242,94,54,0,390,0,2,27,0,29,242,96,81,0,419,0,0,0,419
01/30/2015,SJC,CA,AWP,WE,Towers with Radar,249,76,53,0,378,0,1,29,0,30,249,77,82,0,408,8,0,8,416
01/31/2015,SJC,CA,AWP,WE,Towers with Radar,161,32,17,0,210,0,0,21,2,23,161,32,38,2,233,30,0,30,263
02/01/2015,SJC,CA,AWP,WE,Towers with Radar,193,56,20,0,269,0,0,14,1,15,193,56,34,1,284,6,0,6,290
02/02/2015,SJC,CA,AWP,WE,Towers with Radar,245,81,48,1,375,0,1,31,0,32,245,82,79,1,407,0,0,0,407
02/03/2015,SJC,CA,AWP,WE,Towers with Radar,232,76,57,0,365,0,0,27,0,27,232,76,84,0,392,0,0,0,392
02/04/2015,SJC,CA,AWP,WE,Towers with Radar,238,74,57,1,370,0,1,29,0,30,238,75,86,1,400,18,0,18,418
02/05/2015,SJC,CA,AWP,WE,Towers with Radar,242,77,57,0,376,0,0,17,0,17,242,77,74,0,393,38,0,38,431
02/06/2015,SJC,CA,AWP,WE,Towers with Radar,250,84,41,0,375,0,1,2,0,3,250,85,43,0,378,0,0,0,378
02/07/2015,SJC,CA,AWP,WE,Towers with Radar,169,42,33,1,245,0,0,1,0,1,169,42,34,1,246,0,0,0,246
02/08/2015,SJC,CA,AWP,WE,Towers with Radar,212,95,51,0,358,0,0,1,0,1,212,95,52,0,359,0,0,0,359
02/09/2015,SJC,CA,AWP,WE,Towers with Radar,248,60,51,1,360,0,0,12,0,12,248,60,63,1,372,0,0,0,372
02/10/2015,SJC,CA,AWP,WE,Towers with Radar,238,78,46,1,363,0,1,37,0,38,238,79,83,1,401,24,0,24,425
02/11/2015,SJC,CA,AWP,WE,Towers with Radar,249,76,62,0,387,0,0,25,1,26,249,76,87,1,413,0,0,0,413
02/12/2015,SJC,CA,AWP,WE,Towers with Radar,252,76,85,0,413,0,0,21,0,21,252,76,106,0,434,0,0,0,434
02/13/2015,SJC,CA,AWP,WE,Towers with Radar,251,91,79,0,421,0,1,16,0,17,251,92,95,0,438,0,0,0,438
02/14/2015,SJC,CA,AWP,WE,Towers with Radar,167,45,24,0,236,0,1,14,1,16,167,46,38,1,252,8,0,8,260
02/15/2015,SJC,CA,AWP,WE,Towers with Radar,201,52,37,0,290,0,1,27,1,29,201,53,64,1,319,24,0,24,343
02/16/2015,SJC,CA,AWP,WE,Towers with Radar,254,51,72,0,377,0,0,26,1,27,254,51,98,1,404,16,0,16,420
02/17/2015,SJC,CA,AWP,WE,Towers with Radar,238,80,48,0,366,0,0,4,0,4,238,80,52,0,370,0,0,0,370
02/18/2015,SJC,CA,AWP,WE,Towers with Radar,238,82,62,0,382,0,0,22,0,22,238,82,84,0,404,12,0,12,416
02/19/2015,SJC,CA,AWP,WE,Towers with Radar,249,83,62,0,394,0,3,22,2,27,249,86,84,2,421,26,0,26,447
02/20/2015,SJC,CA,AWP,WE,Towers with Radar,257,75,51,0,383,0,0,31,0,31,257,75,82,0,414,26,0,26,440
02/21/2015,SJC,CA,AWP,WE,Towers with Radar,177,52,44,0,273,0,0,27,0,27,177,52,71,0,300,6,0,6,306
02/22/2015,SJC,CA,AWP,WE,Towers with Radar,207,60,66,0,333,0,0,31,0,31,207,60,97,0,364,18,0,18,382
02/23/2015,SJC,CA,AWP,WE,Towers with Radar,244,73,59,0,376,0,1,20,0,21,244,74,79,0,397,0,0,0,397
02/24/2015,SJC,CA,AWP,WE,Towers with Radar,233,71,51,0,355,0,1,30,0,31,233,72,81,0,386,12,0,12,398
02/25/2015,SJC,CA,AWP,WE,Towers with Radar,238,84,81,0,403,0,2,41,2,45,238,86,122,2,448,52,0,52,500
02/26/2015,SJC,CA,AWP,WE,Towers with Radar,251,80,81,0,412,0,0,41,0,41,251,80,122,0,453,38,0,38,491
02/27/2015,SJC,CA,AWP,WE,Towers with Radar,248,60,94,0,402,0,3,9,1,13,248,63,103,1,415,0,0,0,415
02/28/2015,SJC,CA,AWP,WE,Towers with Radar,159,29,29,0,217,0,1,6,0,7,159,30,35,0,224,0,0,0,224
03/01/2015,SJC,CA,AWP,WE,Towers with Radar,207,49,68,0,324,0,0,23,1,24,207,49,91,1,348,20,0,20,368
03/02/2015,SJC,CA,AWP,WE,Towers with Radar,252,59,56,0,367,0,1,5,3,9,252,60,61,3,376,0,0,0,376
03/03/2015,SJC,CA,AWP,WE,Towers with Radar,245,58,51,0,354,0,0,15,0,15,245,58,66,0,369,0,0,0,369
03/04/2015,SJC,CA,AWP,WE,Towers with Radar,234,64,51,0,349,0,0,30,1,31,234,64,81,1,380,4,0,4,384
03/05/2015,SJC,CA,AWP,WE,Towers with Radar,241,72,51,0,364,0,0,24,1,25,241,72,75,1,389,24,0,24,413
03/06/2015,SJC,CA,AWP,WE,Towers with Radar,249,64,40,0,353,0,2,40,5,47,249,66,80,5,400,14,0,14,414
03/07/2015,SJC,CA,AWP,WE,Towers with Radar,166,36,27,0,229,0,2,41,1,44,166,38,68,1,273,22,0,22,295
03/08/2015,SJC,CA,AWP,WE,Towers with Radar,225,67,60,0,352,0,3,33,1,37,225,70,93,1,389,10,0,10,399
03/09/2015,SJC,CA,AWP,WE,Towers with Radar,243,65,54,0,362,0,0,22,0,22,243,65,76,0,384,20,0,20,404
03/10/2015,SJC,CA,AWP,WE,Towers with Radar,248,83,80,0,411,0,5,23,0,28,248,88,103,0,439,6,0,6,445
03/11/2015,SJC,CA,AWP,WE,Towers with Radar,252,78,80,0,410,0,4,21,0,25,252,82,101,0,435,8,0,8,443
03/12/2015,SJC,CA,AWP,WE,Towers with Radar,264,80,74,0,418,0,1,46,0,47,264,81,120,0,465,0,0,0,465
03/13/2015,SJC,CA,AWP,WE,Towers with Radar,265,74,50,0,389,0,2,42,1,45,265,76,92,1,434,20,0,20,454
03/14/2015,SJC,CA,AWP,WE,Towers with Radar,166,30,18,0,214,0,0,38,0,38,166,30,56,0,252,0,0,0,252
03/15/2015,SJC,CA,AWP,WE,Towers with Radar,230,55,39,0,324,0,1,27,0,28,230,56,66,0,352,0,0,0,352
03/16/2015,SJC,CA,AWP,WE,Towers with Radar,252,72,44,0,368,0,4,36,3,43,252,76,80,3,411,2,12,14,425
03/17/2015,SJC,CA,AWP,WE,Towers with Radar,255,68,51,0,374,0,6,35,2,43,255,74,86,2,417,40,0,40,457
03/18/2015,SJC,CA,AWP,WE,Towers with Radar,251,60,51,0,362,0,3,36,0,39,251,63,87,0,401,4,0,4,405
03/19/2015,SJC,CA,AWP,WE,Towers with Radar,251,79,46,0,376,0,4,42,0,46,251,83,88,0,422,10,0,10,432
03/20/2015,SJC,CA,AWP,WE,Towers with Radar,251,79,55,0,385,0,1,35,0,36,251,80,90,0,421,2,0,2,423
03/21/2015,SJC,CA,AWP,WE,Towers with Radar,171,36,25,0,232,0,0,29,1,30,171,36,54,1,262,2,0,2,264
03/22/2015,SJC,CA,AWP,WE,Towers with Radar,224,61,45,0,330,0,0,24,0,24,224,61,69,0,354,18,0,18,372
03/23/2015,SJC,CA,AWP,WE,Towers with Radar,255,65,55,0,375,0,0,27,0,27,255,65,82,0,402,14,0,14,416
03/24/2015,SJC,CA,AWP,WE,Towers with Radar,245,59,62,1,367,0,0,39,1,40,245,59,101,2,407,6,0,6,413
03/25/2015,SJC,CA,AWP,WE,Towers with Radar,251,77,35,0,363,0,0,38,2,40,251,77,73,2,403,16,0,16,419
03/26/2015,SJC,CA,AWP,WE,Towers with Radar,253,78,68,0,399,0,1,49,0,50,253,79,117,0,449,12,0,12,461
03/27/2015,SJC,CA,AWP,WE,Towers with Radar,254,73,44,1,372,0,1,53,0,54,254,74,97,1,426,2,0,2,428
03/28/2015,SJC,CA,AWP,WE,Towers with Radar,170,39,27,0,236,0,0,42,0,42,170,39,69,0,278,6,0,6,284
03/29/2015,SJC,CA,AWP,WE,Towers with Radar,224,55,56,1,336,0,1,34,0,35,224,56,90,1,371,24,0,24,395
03/30/2015,SJC,CA,AWP,WE,Towers with Radar,249,72,37,0,358,0,2,39,1,42,249,74,76,1,400,0,0,0,400
03/31/2015,SJC,CA,AWP,WE,Towers with Radar,251,66,55,1,373,0,0,28,0,28,251,66,83,1,401,32,0,32,433
04/01/2015,SJC,CA,AWP,WE,Towers with Radar,256,84,54,0,394,0,4,46,2,52,256,88,100,2,446,12,0,12,458
04/02/2015,SJC,CA,AWP,WE,Towers with Radar,258,83,59,0,400,0,4,41,10,55,258,87,100,10,455,16,0,16,471
04/03/2015,SJC,CA,AWP,WE,Towers with Radar,253,68,54,0,375,0,2,52,0,54,253,70,106,0,429,0,0,0,429
04/04/2015,SJC,CA,AWP,WE,Towers with Radar,178,43,27,0,248,0,2,43,1,46,178,45,70,1,294,0,0,0,294
04/05/2015,SJC,CA,AWP,WE,Towers with Radar,224,61,28,0,313,0,2,11,0,13,224,63,39,0,326,2,0,2,328
04/06/2015,SJC,CA,AWP,WE,Towers with Radar,257,73,46,0,376,0,4,28,0,32,257,77,74,0,408,2,0,2,410
04/07/2015,SJC,CA,AWP,WE,Towers with Radar,248,79,35,0,362,0,0,13,0,13,248,79,48,0,375,0,0,0,375
04/08/2015,SJC,CA,AWP,WE,Towers with Radar,265,76,38,0,379,0,0,29,0,29,265,76,67,0,408,26,0,26,434
04/09/2015,SJC,CA,AWP,WE,Towers with Radar,271,89,35,0,395,0,3,45,0,48,271,92,80,0,443,28,0,28,471
04/10/2015,SJC,CA,AWP,WE,Towers with Radar,266,66,44,0,376,0,2,34,0,36,266,68,78,0,412,16,0,16,428
04/11/2015,SJC,CA,AWP,WE,Towers with Radar,188,30,40,0,258,0,2,48,1,51,188,32,88,1,309,12,0,12,321
04/12/2015,SJC,CA,AWP,WE,Towers with Radar,247,56,50,0,353,0,0,28,1,29,247,56,78,1,382,54,0,54,436
04/13/2015,SJC,CA,AWP,WE,Towers with Radar,270,71,49,0,390,0,2,31,3,36,270,73,80,3,426,0,0,0,426
04/14/2015,SJC,CA,AWP,WE,Towers with Radar,263,77,57,0,397,0,3,12,0,15,263,80,69,0,412,66,0,66,478
04/15/2015,SJC,CA,AWP,WE,Towers with Radar,264,83,48,0,395,0,0,36,1,37,264,83,84,1,432,30,0,30,462
04/16/2015,SJC,CA,AWP,WE,Towers with Radar,268,105,43,1,417,0,3,43,0,46,268,108,86,1,463,16,0,16,479
04/17/2015,SJC,CA,AWP,WE,Towers with Radar,266,69,47,0,382,0,1,42,0,43,266,70,89,0,425,0,0,0,425
04/18/2015,SJC,CA,AWP,WE,Towers with Radar,182,37,28,0,247,0,0,50,0,50,182,37,78,0,297,2,0,2,299
04/19/2015,SJC,CA,AWP,WE,Towers with Radar,246,53,36,0,335,0,1,31,2,34,246,54,67,2,369,34,0,34,403
04/20/2015,SJC,CA,AWP,WE,Towers with Radar,269,94,52,2,417,0,3,15,0,18,269,97,67,2,435,8,0,8,443
04/21/2015,SJC,CA,AWP,WE,Towers with Radar,255,61,65,0,381,0,3,17,0,20,255,64,82,0,401,18,0,18,419
04/22/2015,SJC,CA,AWP,WE,Towers with Radar,263,81,64,0,408,0,2,25,0,27,263,83,89,0,435,12,0,12,447
04/23/2015,SJC,CA,AWP,WE,Towers with Radar,271,87,58,0,416,0,4,30,2,36,271,91,88,2,452,24,0,24,476
04/24/2015,SJC,CA,AWP,WE,Towers with Radar,265,78,58,0,401,0,0,33,1,34,265,78,91,1,435,2,0,2,437
04/25/2015,SJC,CA,AWP,WE,Towers with Radar,182,51,35,0,268,0,5,26,0,31,182,56,61,0,299,22,0,22,321
04/26/2015,SJC,CA,AWP,WE,Towers with Radar,250,54,44,0,348,0,2,48,0,50,250,56,92,0,398,4,0,4,402
04/27/2015,SJC,CA,AWP,WE,Towers with Radar,271,70,53,2,396,0,3,33,0,36,271,73,86,2,432,0,0,0,432
04/28/2015,SJC,CA,AWP,WE,Towers with Radar,259,78,59,0,396,0,6,23,0,29,259,84,82,0,425,16,0,16,441
04/29/2015,SJC,CA,AWP,WE,Towers with Radar,264,80,58,0,402,0,2,50,0,52,264,82,108,0,454,12,0,12,466
04/30/2015,SJC,CA,AWP,WE,Towers with Radar,265,88,59,0,412,0,2,46,0,48,265,90,105,0,460,8,0,8,468
05/01/2015,SJC,CA,AWP,WE,Towers with Radar,273,88,33,0,394,0,0,37,3,40,273,88,70,3,434,0,0,0,434
05/02/2015,SJC,CA,AWP,WE,Towers with Radar,184,39,36,0,259,0,1,46,0,47,184,40,82,0,306,12,0,12,318
05/03/2015,SJC,CA,AWP,WE,Towers with Radar,252,59,46,0,357,0,1,39,0,40,252,60,85,0,397,54,0,54,451
05/04/2015,SJC,CA,AWP,WE,Towers with Radar,268,73,40,0,381,0,5,27,0,32,268,78,67,0,413,22,0,22,435
05/05/2015,SJC,CA,AWP,WE,Towers with Radar,257,61,65,0,383,0,1,29,0,30,257,62,94,0,413,24,0,24,437
05/06/2015,SJC,CA,AWP,WE,Towers with Radar,267,69,55,0,391,0,3,36,0,39,267,72,91,0,430,38,0,38,468
05/07/2015,SJC,CA,AWP,WE,Towers with Radar,279,86,60,0,425,0,2,12,0,14,279,88,72,0,439,0,0,0,439
05/08/2015,SJC,CA,AWP,WE,Towers with Radar,274,81,52,1,408,0,1,29,1,31,274,82,81,2,439,16,0,16,455
05/09/2015,SJC,CA,AWP,WE,Towers with Radar,187,50,42,0,279,0,7,21,2,30,187,57,63,2,309,20,0,20,329
05/10/2015,SJC,CA,AWP,WE,Towers with Radar,236,65,45,1,347,0,1,31,0,32,236,66,76,1,379,46,0,46,425
05/11/2015,SJC,CA,AWP,WE,Towers with Radar,272,69,39,0,380,0,8,31,0,39,272,77,70,0,419,0,0,0,419
05/12/2015,SJC,CA,AWP,WE,Towers with Radar,264,71,46,0,381,0,3,35,0,38,264,74,81,0,419,26,0,26,445
05/13/2015,SJC,CA,AWP,WE,Towers with Radar,273,56,55,0,384,0,2,34,0,36,273,58,89,0,420,8,0,8,428
05/14/2015,SJC,CA,AWP,WE,Towers with Radar,275,74,63,0,412,0,1,11,0,12,275,75,74,0,424,0,0,0,424
05/15/2015,SJC,CA,AWP,WE,Towers with Radar,274,80,63,0,417,0,7,26,0,33,274,87,89,0,450,14,0,14,464
05/16/2015,SJC,CA,AWP,WE,Towers with Radar,189,36,22,0,247,0,1,37,0,38,189,37,59,0,285,30,0,30,315
05/17/2015,SJC,CA,AWP,WE,Towers with Radar,253,49,50,0,352,0,5,27,0,32,253,54,77,0,384,16,0,16,400
05/18/2015,SJC,CA,AWP,WE,Towers with Radar,271,72,62,0,405,0,1,15,1,17,271,73,77,1,422,4,0,4,426
05/19/2015,SJC,CA,AWP,WE,Towers with Radar,262,70,77,0,409,0,3,17,0,20,262,73,94,0,429,20,0,20,449
05/20/2015,SJC,CA,AWP,WE,Towers with Radar,269,86,63,0,418,0,1,27,0,28,269,87,90,0,446,2,0,2,448
05/21/2015,SJC,CA,AWP,WE,Towers with Radar,272,81,77,2,432,0,1,13,0,14,272,82,90,2,446,8,0,8,454
05/22/2015,SJC,CA,AWP,WE,Towers with Radar,278,79,82,0,439,0,0,14,0,14,278,79,96,0,453,18,0,18,471
05/23/2015,SJC,CA,AWP,WE,Towers with Radar,171,45,30,0,246,0,3,15,0,18,171,48,45,0,264,34,0,34,298
05/24/2015,SJC,CA,AWP,WE,Towers with Radar,185,28,13,0,226,0,4,30,0,34,185,32,43,0,260,50,0,50,310
05/25/2015,SJC,CA,AWP,WE,Towers with Radar,233,84,56,0,373,0,0,27,0,27,233,84,83,0,400,8,0,8,408
05/26/2015,SJC,CA,AWP,WE,Towers with Radar,261,80,63,2,406,0,0,29,0,29,261,80,92,2,435,10,0,10,445
05/27/2015,SJC,CA,AWP,WE,Towers with Radar,269,76,66,1,412,0,0,19,0,19,269,76,85,1,431,0,0,0,431
05/28/2015,SJC,CA,AWP,WE,Towers with Radar,274,85,59,0,418,0,0,25,0,25,274,85,84,0,443,4,0,4,447
05/29/2015,SJC,CA,AWP,WE,Towers with Radar,272,69,34,0,375,0,0,31,0,31,272,69,65,0,406,28,0,28,434
05/30/2015,SJC,CA,AWP,WE,Towers with Radar,188,31,27,0,246,0,0,39,1,40,188,31,66,1,286,18,0,18,304
05/31/2015,SJC,CA,AWP,WE,Towers with Radar,251,61,45,0,357,0,1,31,0,32,251,62,76,0,389,6,0,6,395
06/01/2015,SJC,CA,AWP,WE,Towers with Radar,268,57,45,0,370,0,0,24,0,24,268,57,69,0,394,2,0,2,396
06/02/2015,SJC,CA,AWP,WE,Towers with Radar,266,76,41,0,383,0,1,28,0,29,266,77,69,0,412,12,0,12,424
06/03/2015,SJC,CA,AWP,WE,Towers with Radar,273,79,53,0,405,0,0,18,0,18,273,79,71,0,423,22,0,22,445
06/04/2015,SJC,CA,AWP,WE,Towers with Radar,283,81,62,0,426,0,4,38,0,42,283,85,100,0,468,18,0,18,486
06/05/2015,SJC,CA,AWP,WE,Towers with Radar,283,66,64,0,413,0,2,41,0,43,283,68,105,0,456,28,0,28,484
06/06/2015,SJC,CA,AWP,WE,Towers with Radar,198,33,33,0,264,0,2,40,1,43,198,35,73,1,307,40,0,40,347
06/07/2015,SJC,CA,AWP,WE,Towers with Radar,257,52,52,0,361,0,2,47,2,51,257,54,99,2,412,16,0,16,428
06/08/2015,SJC,CA,AWP,WE,Towers with Radar,277,62,49,0,388,0,3,42,0,45,277,65,91,0,433,6,0,6,439
06/09/2015,SJC,CA,AWP,WE,Towers with Radar,278,81,57,0,416,0,1,43,0,44,278,82,100,0,460,30,0,30,490
06/10/2015,SJC,CA,AWP,WE,Towers with Radar,273,65,59,0,397,0,0,17,0,17,273,65,76,0,414,14,0,14,428
06/11/2015,SJC,CA,AWP,WE,Towers with Radar,281,85,62,0,428,0,1,22,0,23,281,86,84,0,451,22,0,22,473
06/12/2015,SJC,CA,AWP,WE,Towers with Radar,269,69,56,0,394,0,0,56,1,57,269,69,112,1,451,10,0,10,461
06/13/2015,SJC,CA,AWP,WE,Towers with Radar,204,26,34,0,264,0,4,31,1,36,204,30,65,1,300,16,0,16,316
06/14/2015,SJC,CA,AWP,WE,Towers with Radar,254,68,44,0,366,0,2,40,0,42,254,70,84,0,408,10,0,10,418
06/15/2015,SJC,CA,AWP,WE,Towers with Radar,278,48,40,0,366,0,6,21,0,27,278,54,61,0,393,48,0,48,441
06/16/2015,SJC,CA,AWP,WE,Towers with Radar,274,61,54,0,389,0,3,32,2,37,274,64,86,2,426,14,6,20,446
06/17/2015,SJC,CA,AWP,WE,Towers with Radar,279,72,50,0,401,0,2,43,3,48,279,74,93,3,449,22,0,22,471
06/18/2015,SJC,CA,AWP,WE,Towers with Radar,276,66,40,1,383,0,2,50,1,53,276,68,90,2,436,6,4,10,446
06/19/2015,SJC,CA,AWP,WE,Towers with Radar,277,78,46,0,401,0,0,32,0,32,277,78,78,0,433,2,0,2,435
06/20/2015,SJC,CA,AWP,WE,Towers with Radar,214,38,21,0,273,0,3,40,0,43,214,41,61,0,316,10,0,10,326
06/21/2015,SJC,CA,AWP,WE,Towers with Radar,257,56,35,0,348,0,2,36,0,38,257,58,71,0,386,0,0,0,386
06/22/2015,SJC,CA,AWP,WE,Towers with Radar,281,65,60,0,406,0,0,46,0,46,281,65,106,0,452,0,0,0,452
06/23/2015,SJC,CA,AWP,WE,Towers with Radar,275,65,41,0,381,0,0,43,0,43,275,65,84,0,424,38,0,38,462
06/24/2015,SJC,CA,AWP,WE,Towers with Radar,279,72,41,0,392,0,0,54,0,54,279,72,95,0,446,30,0,30,476
06/25/2015,SJC,CA,AWP,WE,Towers with Radar,275,69,51,0,395,0,2,49,0,51,275,71,100,0,446,2,0,2,448
06/26/2015,SJC,CA,AWP,WE,Towers with Radar,281,58,55,0,394,0,0,59,0,59,281,58,114,0,453,26,0,26,479
06/27/2015,SJC,CA,AWP,WE,Towers with Radar,208,48,35,0,291,0,2,46,0,48,208,50,81,0,339,14,0,14,353
06/28/2015,SJC,CA,AWP,WE,Towers with Radar,252,38,56,0,346,0,0,65,0,65,252,38,121,0,411,54,0,54,465
06/29/2015,SJC,CA,AWP,WE,Towers with Radar,276,32,60,0,368,0,0,40,0,40,276,32,100,0,408,6,0,6,414
06/30/2015,SJC,CA,AWP,WE,Towers with Radar,264,37,35,0,336,0,2,48,0,50,264,39,83,0,386,8,0,8,394
07/01/2015,SJC,CA,AWP,WE,Towers with Radar,271,52,39,0,362,0,0,36,0,36,271,52,75,0,398,26,0,26,424
07/02/2015,SJC,CA,AWP,WE,Towers with Radar,270,49,61,0,380,0,0,37,0,37,270,49,98,0,417,0,0,0,417
07/03/2015,SJC,CA,AWP,WE,Towers with Radar,242,33,22,0,297,0,0,44,0,44,242,33,66,0,341,32,0,32,373
07/04/2015,SJC,CA,AWP,WE,Towers with Radar,170,18,21,0,209,0,5,31,3,39,170,23,52,3,248,26,0,26,274
07/05/2015,SJC,CA,AWP,WE,Towers with Radar,256,59,57,0,372,0,3,37,0,40,256,62,94,0,412,38,0,38,450
07/06/2015,SJC,CA,AWP,WE,Towers with Radar,271,58,39,0,368,0,0,40,2,42,271,58,79,2,410,10,0,10,420
07/07/2015,SJC,CA,AWP,WE,Towers with Radar,263,72,68,0,403,0,0,47,1,48,263,72,115,1,451,16,0,16,467
07/08/2015,SJC,CA,AWP,WE,Towers with Radar,277,65,46,2,390,0,1,24,0,25,277,66,70,2,415,2,0,2,417
07/09/2015,SJC,CA,AWP,WE,Towers with Radar,274,73,63,0,410,0,2,22,0,24,274,75,85,0,434,0,0,0,434
07/10/2015,SJC,CA,AWP,WE,Towers with Radar,279,76,77,0,432,0,6,36,0,42,279,82,113,0,474,17,0,17,491
07/11/2015,SJC,CA,AWP,WE,Towers with Radar,209,40,35,0,284,0,0,53,0,53,209,40,88,0,337,6,0,6,343
07/12/2015,SJC,CA,AWP,WE,Towers with Radar,257,58,44,0,359,0,0,54,0,54,257,58,98,0,413,14,0,14,427
07/13/2015,SJC,CA,AWP,WE,Towers with Radar,278,66,61,0,405,0,2,36,0,38,278,68,97,0,443,2,0,2,445
07/14/2015,SJC,CA,AWP,WE,Towers with Radar,276,73,59,0,408,0,4,40,0,44,276,77,99,0,452,38,0,38,490
07/15/2015,SJC,CA,AWP,WE,Towers with Radar,284,78,62,1,425,0,0,45,0,45,284,78,107,1,470,0,0,0,470
07/16/2015,SJC,CA,AWP,WE,Towers with Radar,277,82,54,0,413,0,4,31,0,35,277,86,85,0,448,14,0,14,462
07/17/2015,SJC,CA,AWP,WE,Towers with Radar,277,70,49,0,396,0,4,42,1,47,277,74,91,1,443,8,0,8,451
07/18/2015,SJC,CA,AWP,WE,Towers with Radar,218,27,18,0,263,0,1,39,0,40,218,28,57,0,303,2,0,2,305
07/19/2015,SJC,CA,AWP,WE,Towers with Radar,250,59,47,1,357,0,1,20,0,21,250,60,67,1,378,4,0,4,382
07/20/2015,SJC,CA,AWP,WE,Towers with Radar,284,59,36,0,379,0,0,36,7,43,284,59,72,7,422,0,0,0,422
07/21/2015,SJC,CA,AWP,WE,Towers with Radar,271,68,47,0,386,0,1,29,1,31,271,69,76,1,417,4,2,6,423
07/22/2015,SJC,CA,AWP,WE,Towers with Radar,269,64,54,0,387,0,3,45,0,48,269,67,99,0,435,12,0,12,447
07/23/2015,SJC,CA,AWP,WE,Towers with Radar,278,78,59,0,415,0,4,32,0,36,278,82,91,0,451,0,0,0,451
07/24/2015,SJC,CA,AWP,WE,Towers with Radar,279,65,40,0,384,0,4,61,1,66,279,69,101,1,450,4,10,14,464
07/25/2015,SJC,CA,AWP,WE,Towers with Radar,215,35,43,0,293,0,2,56,0,58,215,37,99,0,351,6,0,6,357
07/26/2015,SJC,CA,AWP,WE,Towers with Radar,255,45,43,0,343,0,0,33,0,33,255,45,76,0,376,0,0,0,376
07/27/2015,SJC,CA,AWP,WE,Towers with Radar,281,54,46,0,381,0,3,35,0,38,281,57,81,0,419,0,0,0,419
07/28/2015,SJC,CA,AWP,WE,Towers with Radar,276,63,43,0,382,0,4,47,0,51,276,67,90,0,433,8,0,8,441
07/29/2015,SJC,CA,AWP,WE,Towers with Radar,275,74,35,0,384,0,1,30,2,33,275,75,65,2,417,0,0,0,417
07/30/2015,SJC,CA,AWP,WE,Towers with Radar,271,87,51,0,409,0,5,49,0,54,271,92,100,0,463,4,0,4,467
07/31/2015,SJC,CA,AWP,WE,Towers with Radar,278,79,46,0,403,0,1,39,1,41,278,80,85,1,444,26,0,26,470
08/01/2015,SJC,CA,AWP,WE,Towers with Radar,213,33,34,0,280,0,1,27,0,28,213,34,61,0,308,22,0,22,330
08/02/2015,SJC,CA,AWP,WE,Towers with Radar,254,50,53,0,357,0,6,33,0,39,254,56,86,0,396,2,0,2,398
08/03/2015,SJC,CA,AWP,WE,Towers with Radar,279,68,51,2,400,0,0,37,0,37,279,68,88,2,437,0,0,0,437
08/04/2015,SJC,CA,AWP,WE,Towers with Radar,275,71,51,2,399,0,1,25,0,26,275,72,76,2,425,6,0,6,431
08/05/2015,SJC,CA,AWP,WE,Towers with Radar,277,72,38,2,389,0,0,51,1,52,277,72,89,3,441,0,0,0,441
08/06/2015,SJC,CA,AWP,WE,Towers with Radar,290,57,47,0,394,0,1,34,0,35,290,58,81,0,429,0,0,0,429
08/07/2015,SJC,CA,AWP,WE,Towers with Radar,289,53,21,0,363,0,2,35,0,37,289,55,56,0,400,0,0,0,400
08/08/2015,SJC,CA,AWP,WE,Towers with Radar,214,27,22,0,263,0,2,39,0,41,214,29,61,0,304,38,0,38,342
08/09/2015,SJC,CA,AWP,WE,Towers with Radar,260,56,54,0,370,0,2,53,0,55,260,58,107,0,425,22,0,22,447
08/10/2015,SJC,CA,AWP,WE,Towers with Radar,272,53,40,0,365,0,0,47,0,47,272,53,87,0,412,16,0,16,428
08/11/2015,SJC,CA,AWP,WE,Towers with Radar,271,55,63,0,389,0,3,51,3,57,271,58,114,3,446,26,0,26,472
08/12/2015,SJC,CA,AWP,WE,Towers with Radar,281,52,39,0,372,0,3,36,1,40,281,55,75,1,412,8,0,8,420
08/13/2015,SJC,CA,AWP,WE,Towers with Radar,276,75,59,0,410,0,2,44,0,46,276,77,103,0,456,8,0,8,464
08/14/2015,SJC,CA,AWP,WE,Towers with Radar,281,68,46,0,395,0,2,49,1,52,281,70,95,1,447,6,0,6,453
08/15/2015,SJC,CA,AWP,WE,Towers with Radar,201,44,42,0,287,0,2,44,1,47,201,46,86,1,334,6,0,6,340
08/16/2015,SJC,CA,AWP,WE,Towers with Radar,258,65,42,0,365,0,1,29,1,31,258,66,71,1,396,0,0,0,396
08/17/2015,SJC,CA,AWP,WE,Towers with Radar,280,56,47,0,383,0,0,45,0,45,280,56,92,0,428,0,0,0,428
08/18/2015,SJC,CA,AWP,WE,Towers with Radar,270,72,57,0,399,0,0,39,0,39,270,72,96,0,438,16,0,16,454
08/19/2015,SJC,CA,AWP,WE,Towers with Radar,274,76,52,0,402,0,1,45,0,46,274,77,97,0,448,5,0,5,453
08/20/2015,SJC,CA,AWP,WE,Towers with Radar,275,84,59,0,418,0,1,30,0,31,275,85,89,0,449,2,0,2,451
08/21/2015,SJC,CA,AWP,WE,Towers with Radar,280,73,44,0,397,0,2,47,1,50,280,75,91,1,447,4,0,4,451
08/22/2015,SJC,CA,AWP,WE,Towers with Radar,201,32,23,0,256,0,0,32,0,32,201,32,55,0,288,34,0,34,322
08/23/2015,SJC,CA,AWP,WE,Towers with Radar,254,55,56,0,365,0,1,53,0,54,254,56,109,0,419,0,0,0,419
08/24/2015,SJC,CA,AWP,WE,Towers with Radar,269,62,47,0,378,0,2,38,1,41,269,64,85,1,419,2,0,2,421
08/25/2015,SJC,CA,AWP,WE,Towers with Radar,265,75,46,0,386,0,4,35,0,39,265,79,81,0,425,0,0,0,425
08/26/2015,SJC,CA,AWP,WE,Towers with Radar,274,71,75,2,422,0,0,41,0,41,274,71,116,2,463,0,2,2,465
08/27/2015,SJC,CA,AWP,WE,Towers with Radar,271,70,43,0,384,0,1,46,0,47,271,71,89,0,431,20,2,22,453
08/28/2015,SJC,CA,AWP,WE,Towers with Radar,271,64,35,0,370,0,3,25,0,28,271,67,60,0,398,0,0,0,398
08/29/2015,SJC,CA,AWP,WE,Towers with Radar,194,26,33,0,253,0,1,31,0,32,194,27,64,0,285,6,0,6,291
08/30/2015,SJC,CA,AWP,WE,Towers with Radar,252,42,45,0,339,0,1,54,0,55,252,43,99,0,394,0,0,0,394
08/31/2015,SJC,CA,AWP,WE,Towers with Radar,277,68,37,0,382,0,2,33,2,37,277,70,70,2,419,18,0,18,437
09/01/2015,SJC,CA,AWP,WE,Towers with Radar,257,71,43,0,371,0,0,38,0,38,257,71,81,0,409,2,0,2,411
09/02/2015,SJC,CA,AWP,WE,Towers with Radar,262,66,34,0,362,0,2,24,0,26,262,68,58,0,388,0,0,0,388
09/03/2015,SJC,CA,AWP,WE,Towers with Radar,275,76,52,0,403,0,3,51,1,55,275,79,103,1,458,6,0,6,464
09/04/2015,SJC,CA,AWP,WE,Towers with Radar,266,73,49,0,388,0,6,57,0,63,266,79,106,0,451,0,0,0,451
09/05/2015,SJC,CA,AWP,WE,Towers with Radar,173,19,22,0,214,0,0,47,0,47,173,19,69,0,261,0,0,0,261
09/06/2015,SJC,CA,AWP,WE,Towers with Radar,182,29,18,0,229,0,0,29,0,29,182,29,47,0,258,0,0,0,258
09/07/2015,SJC,CA,AWP,WE,Towers with Radar,235,81,42,1,359,0,2,65,0,67,235,83,107,1,426,0,0,0,426
09/08/2015,SJC,CA,AWP,WE,Towers with Radar,250,90,31,0,371,0,2,20,2,24,250,92,51,2,395,0,0,0,395
09/09/2015,SJC,CA,AWP,WE,Towers with Radar,255,64,47,0,366,0,3,45,0,48,255,67,92,0,414,14,0,14,428
09/10/2015,SJC,CA,AWP,WE,Towers with Radar,257,75,57,0,389,0,1,42,1,44,257,76,99,1,433,0,0,0,433
09/11/2015,SJC,CA,AWP,WE,Towers with Radar,261,68,44,0,373,0,2,36,4,42,261,70,80,4,415,6,0,6,421
09/12/2015,SJC,CA,AWP,WE,Towers with Radar,175,52,38,0,265,0,6,33,2,41,175,58,71,2,306,2,0,2,308
09/13/2015,SJC,CA,AWP,WE,Towers with Radar,247,60,49,0,356,0,1,31,1,33,247,61,80,1,389,8,0,8,397
09/14/2015,SJC,CA,AWP,WE,Towers with Radar,262,79,104,0,445,0,3,40,1,44,262,82,144,1,489,0,0,0,489
09/15/2015,SJC,CA,AWP,WE,Towers with Radar,249,76,61,1,387,0,1,38,0,39,249,77,99,1,426,6,0,6,432
09/16/2015,SJC,CA,AWP,WE,Towers with Radar,261,97,49,0,407,0,2,33,1,36,261,99,82,1,443,4,0,4,447
09/17/2015,SJC,CA,AWP,WE,Towers with Radar,266,84,67,1,418,0,3,36,0,39,266,87,103,1,457,0,0,0,457
09/18/2015,SJC,CA,AWP,WE,Towers with Radar,277,77,66,0,420,0,3,34,0,37,277,80,100,0,457,2,0,2,459
09/19/2015,SJC,CA,AWP,WE,Towers with Radar,174,37,22,0,233,0,1,34,0,35,174,38,56,0,268,0,0,0,268
09/20/2015,SJC,CA,AWP,WE,Towers with Radar,252,61,56,0,369,0,0,43,0,43,252,61,99,0,412,8,0,8,420
09/21/2015,SJC,CA,AWP,WE,Towers with Radar,267,71,42,0,380,0,2,55,0,57,267,73,97,0,437,0,0,0,437
09/22/2015,SJC,CA,AWP,WE,Towers with Radar,243,88,57,0,388,0,0,34,0,34,243,88,91,0,422,2,2,4,426
09/23/2015,SJC,CA,AWP,WE,Towers with Radar,261,81,52,0,394,0,1,39,0,40,261,82,91,0,434,2,0,2,436
09/24/2015,SJC,CA,AWP,WE,Towers with Radar,271,79,69,2,421,0,7,48,0,55,271,86,117,2,476,0,0,0,476
09/25/2015,SJC,CA,AWP,WE,Towers with Radar,269,59,45,0,373,0,2,25,0,27,269,61,70,0,400,10,0,10,410
09/26/2015,SJC,CA,AWP,WE,Towers with Radar,183,47,36,0,266,0,3,54,0,57,183,50,90,0,323,16,0,16,339
09/27/2015,SJC,CA,AWP,WE,Towers with Radar,249,60,54,0,363,0,2,50,0,52,249,62,104,0,415,0,0,0,415
09/28/2015,SJC,CA,AWP,WE,Towers with Radar,268,64,35,0,367,0,0,23,0,23,268,64,58,0,390,8,0,8,398
09/29/2015,SJC,CA,AWP,WE,Towers with Radar,259,82,68,0,409,0,1,38,0,39,259,83,106,0,448,8,0,8,456
09/30/2015,SJC,CA,AWP,WE,Towers with Radar,268,77,67,0,412,0,1,43,0,44,268,78,110,0,456,0,0,0,456
10/01/2015,SJC,CA,AWP,WE,Towers with Radar,272,88,43,0,403,0,0,32,0,32,272,88,75,0,435,20,0,20,455
10/02/2015,SJC,CA,AWP,WE,Towers with Radar,275,79,33,0,387,0,1,56,0,57,275,80,89,0,444,26,0,26,470
10/03/2015,SJC,CA,AWP,WE,Towers with Radar,180,44,22,0,246,0,0,35,0,35,180,44,57,0,281,6,0,6,287
10/04/2015,SJC,CA,AWP,WE,Towers with Radar,251,74,72,0,397,0,0,50,0,50,251,74,122,0,447,0,0,0,447
10/05/2015,SJC,CA,AWP,WE,Towers with Radar,281,43,58,0,382,0,1,53,3,57,281,44,111,3,439,0,0,0,439
10/06/2015,SJC,CA,AWP,WE,Towers with Radar,278,70,43,0,391,0,2,42,0,44,278,72,85,0,435,0,0,0,435
10/07/2015,SJC,CA,AWP,WE,Towers with Radar,278,56,48,1,383,0,9,34,0,43,278,65,82,1,426,0,2,2,428
10/08/2015,SJC,CA,AWP,WE,Towers with Radar,280,88,62,0,430,0,0,43,0,43,280,88,105,0,473,0,0,0,473
10/09/2015,SJC,CA,AWP,WE,Towers with Radar,280,76,48,0,404,0,0,49,0,49,280,76,97,0,453,6,0,6,459
10/10/2015,SJC,CA,AWP,WE,Towers with Radar,199,31,34,0,264,0,1,7,0,8,199,32,41,0,272,12,0,12,284
10/11/2015,SJC,CA,AWP,WE,Towers with Radar,254,52,40,0,346,0,0,34,3,37,254,52,74,3,383,10,0,10,393
10/12/2015,SJC,CA,AWP,WE,Towers with Radar,278,71,50,0,399,0,2,46,0,48,278,73,96,0,447,0,0,0,447
10/13/2015,SJC,CA,AWP,WE,Towers with Radar,275,69,54,0,398,0,2,28,0,30,275,71,82,0,428,0,0,0,428
10/14/2015,SJC,CA,AWP,WE,Towers with Radar,276,70,55,0,401,0,1,35,0,36,276,71,90,0,437,0,0,0,437
10/15/2015,SJC,CA,AWP,WE,Towers with Radar,281,97,57,2,437,0,0,34,3,37,281,97,91,5,474,16,8,24,498
10/16/2015,SJC,CA,AWP,WE,Towers with Radar,276,75,65,0,416,0,0,28,1,29,276,75,93,1,445,14,0,14,459
10/17/2015,SJC,CA,AWP,WE,Towers with Radar,188,24,25,0,237,0,1,20,0,21,188,25,45,0,258,18,0,18,276
10/18/2015,SJC,CA,AWP,WE,Towers with Radar,259,56,64,0,379,0,0,39,2,41,259,56,103,2,420,4,0,4,424
10/19/2015,SJC,CA,AWP,WE,Towers with Radar,280,62,49,0,391,0,1,38,0,39,280,63,87,0,430,0,0,0,430
10/20/2015,SJC,CA,AWP,WE,Towers with Radar,270,76,68,2,416,0,2,51,0,53,270,78,119,2,469,8,0,8,477
10/21/2015,SJC,CA,AWP,WE,Towers with Radar,272,66,61,0,399,0,3,45,4,52,272,69,106,4,451,0,0,0,451
10/22/2015,SJC,CA,AWP,WE,Towers with Radar,283,73,86,0,442,0,2,67,2,71,283,75,153,2,513,0,0,0,513
10/23/2015,SJC,CA,AWP,WE,Towers with Radar,273,59,70,0,402,0,2,52,0,54,273,61,122,0,456,0,0,0,456
10/24/2015,SJC,CA,AWP,WE,Towers with Radar,189,39,41,0,269,0,1,39,0,40,189,40,80,0,309,0,0,0,309
10/25/2015,SJC,CA,AWP,WE,Towers with Radar,251,54,50,0,355,0,1,44,3,48,251,55,94,3,403,6,0,6,409
10/26/2015,SJC,CA,AWP,WE,Towers with Radar,270,83,69,0,422,0,6,28,0,34,270,89,97,0,456,0,0,0,456
10/27/2015,SJC,CA,AWP,WE,Towers with Radar,255,58,63,0,376,0,4,28,0,32,255,62,91,0,408,16,0,16,424
10/28/2015,SJC,CA,AWP,WE,Towers with Radar,268,58,65,0,391,0,4,30,0,34,268,62,95,0,425,10,0,10,435
10/29/2015,SJC,CA,AWP,WE,Towers with Radar,270,81,55,0,406,0,3,65,2,70,270,84,120,2,476,31,0,31,507
10/30/2015,SJC,CA,AWP,WE,Towers with Radar,270,53,35,0,358,0,0,50,1,51,270,53,85,1,409,4,0,4,413
10/31/2015,SJC,CA,AWP,WE,Towers with Radar,165,24,16,0,205,0,0,42,1,43,165,24,58,1,248,28,0,28,276
11/01/2015,SJC,CA,AWP,WE,Towers with Radar,253,48,38,0,339,0,0,33,0,33,253,48,71,0,372,18,0,18,390
11/02/2015,SJC,CA,AWP,WE,Towers with Radar,271,57,48,0,376,0,2,8,0,10,271,59,56,0,386,0,0,0,386
11/03/2015,SJC,CA,AWP,WE,Towers with Radar,269,59,41,0,369,0,0,33,3,36,269,59,74,3,405,6,0,6,411
11/04/2015,SJC,CA,AWP,WE,Towers with Radar,265,67,59,0,391,0,0,34,0,34,265,67,93,0,425,30,0,30,455
11/05/2015,SJC,CA,AWP,WE,Towers with Radar,281,65,55,0,401,0,1,35,0,36,281,66,90,0,437,0,0,0,437
11/06/2015,SJC,CA,AWP,WE,Towers with Radar,284,68,60,0,412,0,0,54,0,54,284,68,114,0,466,24,0,24,490
11/07/2015,SJC,CA,AWP,WE,Towers with Radar,195,22,34,0,251,0,0,56,1,57,195,22,90,1,308,16,0,16,324
11/08/2015,SJC,CA,AWP,WE,Towers with Radar,254,48,89,2,393,0,0,13,0,13,254,48,102,2,406,0,0,0,406
11/09/2015,SJC,CA,AWP,WE,Towers with Radar,284,33,52,0,369,0,1,13,0,14,284,34,65,0,383,0,0,0,383
11/10/2015,SJC,CA,AWP,WE,Towers with Radar,271,48,54,0,373,0,0,24,0,24,271,48,78,0,397,6,0,6,403
11/11/2015,SJC,CA,AWP,WE,Towers with Radar,276,56,41,0,373,0,0,32,0,32,276,56,73,0,405,0,0,0,405
11/12/2015,SJC,CA,AWP,WE,Towers with Radar,279,80,65,0,424,0,5,44,0,49,279,85,109,0,473,28,0,28,501
11/13/2015,SJC,CA,AWP,WE,Towers with Radar,281,65,62,0,408,0,0,52,1,53,281,65,114,1,461,28,0,28,489
11/14/2015,SJC,CA,AWP,WE,Towers with Radar,190,36,37,0,263,0,0,37,0,37,190,36,74,0,300,6,0,6,306
11/15/2015,SJC,CA,AWP,WE,Towers with Radar,258,48,65,0,371,0,1,5,0,6,258,49,70,0,377,0,0,0,377
11/16/2015,SJC,CA,AWP,WE,Towers with Radar,277,65,41,0,383,0,0,25,0,25,277,65,66,0,408,2,0,2,410
11/17/2015,SJC,CA,AWP,WE,Towers with Radar,266,58,49,0,373,0,2,28,1,31,266,60,77,1,404,0,0,0,404
11/18/2015,SJC,CA,AWP,WE,Towers with Radar,261,65,46,0,372,0,2,49,0,51,261,67,95,0,423,4,0,4,427
11/19/2015,SJC,CA,AWP,WE,Towers with Radar,277,76,65,0,418,0,0,28,0,28,277,76,93,0,446,20,0,20,466
11/20/2015,SJC,CA,AWP,WE,Towers with Radar,282,83,58,0,423,0,0,49,0,49,282,83,107,0,472,20,0,20,492
11/21/2015,SJC,CA,AWP,WE,Towers with Radar,195,35,22,0,252,0,1,26,0,27,195,36,48,0,279,4,0,4,283
11/22/2015,SJC,CA,AWP,WE,Towers with Radar,249,51,26,0,326,0,0,40,0,40,249,51,66,0,366,10,0,10,376
11/23/2015,SJC,CA,AWP,WE,Towers with Radar,261,23,40,2,326,0,0,29,0,29,261,23,69,2,355,0,0,0,355
11/24/2015,SJC,CA,AWP,WE,Towers with Radar,277,46,59,0,382,0,2,10,0,12,277,48,69,0,394,24,0,24,418
11/25/2015,SJC,CA,AWP,WE,Towers with Radar,290,53,52,0,395,0,2,23,0,25,290,55,75,0,420,0,0,0,420
11/26/2015,SJC,CA,AWP,WE,Towers with Radar,183,21,16,0,220,0,0,14,0,14,183,21,30,0,234,8,0,8,242
11/27/2015,SJC,CA,AWP,WE,Towers with Radar,225,24,26,0,275,0,0,32,0,32,225,24,58,0,307,8,0,8,315
11/28/2015,SJC,CA,AWP,WE,Towers with Radar,250,60,55,0,365,0,0,38,0,38,250,60,93,0,403,2,0,2,405
11/29/2015,SJC,CA,AWP,WE,Towers with Radar,293,82,92,0,467,0,0,78,0,78,293,82,170,0,545,12,0,12,557
11/30/2015,SJC,CA,AWP,WE,Towers with Radar,296,67,45,2,410,0,0,31,0,31,296,67,76,2,441,0,0,0,441
12/01/2015,SJC,CA,AWP,WE,Towers with Radar,277,66,47,0,390,0,1,39,0,40,277,67,86,0,430,16,0,16,446
12/02/2015,SJC,CA,AWP,WE,Towers with Radar,272,52,38,0,362,0,3,40,0,43,272,55,78,0,405,4,0,4,409
12/03/2015,SJC,CA,AWP,WE,Towers with Radar,288,73,56,0,417,0,0,9,2,11,288,73,65,2,428,0,0,0,428
12/04/2015,SJC,CA,AWP,WE,Towers with Radar,297,60,58,0,415,0,1,37,0,38,297,61,95,0,453,4,0,4,457
12/05/2015,SJC,CA,AWP,WE,Towers with Radar,187,71,62,0,320,0,1,49,0,50,187,72,111,0,370,44,0,44,414
12/06/2015,SJC,CA,AWP,WE,Towers with Radar,250,47,55,0,352,0,2,21,2,25,250,49,76,2,377,20,0,20,397
12/07/2015,SJC,CA,AWP,WE,Towers with Radar,273,63,70,0,406,0,0,17,1,18,273,63,87,1,424,0,0,0,424
12/08/2015,SJC,CA,AWP,WE,Towers with Radar,270,72,73,0,415,0,0,13,0,13,270,72,86,0,428,4,0,4,432
12/09/2015,SJC,CA,AWP,WE,Towers with Radar,274,60,76,0,410,0,0,20,0,20,274,60,96,0,430,2,0,2,432
12/10/2015,SJC,CA,AWP,WE,Towers with Radar,280,62,66,2,410,0,0,13,0,13,280,62,79,2,423,0,0,0,423
12/11/2015,SJC,CA,AWP,WE,Towers with Radar,283,60,41,0,384,0,0,20,0,20,283,60,61,0,404,0,0,0,404
12/12/2015,SJC,CA,AWP,WE,Towers with Radar,185,33,29,0,247,0,5,43,0,48,185,38,72,0,295,58,0,58,353
12/13/2015,SJC,CA,AWP,WE,Towers with Radar,256,45,32,0,333,0,2,4,0,6,256,47,36,0,339,0,0,0,339
12/14/2015,SJC,CA,AWP,WE,Towers with Radar,278,69,43,0,390,0,1,13,0,14,278,70,56,0,404,14,0,14,418
12/15/2015,SJC,CA,AWP,WE,Towers with Radar,265,65,59,0,389,0,3,34,0,37,265,68,93,0,426,8,0,8,434
12/16/2015,SJC,CA,AWP,WE,Towers with Radar,283,59,40,0,382,0,2,50,2,54,283,61,90,2,436,10,0,10,446
12/17/2015,SJC,CA,AWP,WE,Towers with Radar,281,64,34,0,379,0,3,20,0,23,281,67,54,0,402,28,0,28,430
12/18/2015,SJC,CA,AWP,WE,Towers with Radar,291,72,51,0,414,0,1,24,1,26,291,73,75,1,440,48,0,48,488
12/19/2015,SJC,CA,AWP,WE,Towers with Radar,206,42,33,0,281,0,1,10,1,12,206,43,43,1,293,22,0,22,315
12/20/2015,SJC,CA,AWP,WE,Towers with Radar,250,46,37,0,333,0,0,5,0,5,250,46,42,0,338,0,0,0,338
12/21/2015,SJC,CA,AWP,WE,Towers with Radar,269,30,41,0,340,0,0,1,0,1,269,30,42,0,341,0,0,0,341
12/22/2015,SJC,CA,AWP,WE,Towers with Radar,275,27,39,0,341,0,1,3,1,5,275,28,42,1,346,2,0,2,348
12/23/2015,SJC,CA,AWP,WE,Towers with Radar,283,43,21,0,347,0,0,51,0,51,283,43,72,0,398,48,0,48,446
12/24/2015,SJC,CA,AWP,WE,Towers with Radar,207,18,11,0,236,0,0,1,0,1,207,18,12,0,237,0,0,0,237
12/25/2015,SJC,CA,AWP,WE,Towers with Radar,198,23,13,0,234,0,2,14,0,16,198,25,27,0,250,26,0,26,276
12/26/2015,SJC,CA,AWP,WE,Towers with Radar,229,55,57,0,341,0,1,48,0,49,229,56,105,0,390,23,0,23,413
12/27/2015,SJC,CA,AWP,WE,Towers with Radar,265,35,34,0,334,0,0,14,0,14,265,35,48,0,348,0,0,0,348
12/28/2015,SJC,CA,AWP,WE,Towers with Radar,251,26,32,2,311,0,1,16,0,17,251,27,48,2,328,20,0,20,348
12/29/2015,SJC,CA,AWP,WE,Towers with Radar,261,35,17,0,313,0,2,32,3,37,261,37,49,3,350,30,0,30,380
12/30/2015,SJC,CA,AWP,WE,Towers with Radar,266,35,21,0,322,0,2,19,0,21,266,37,40,0,343,0,0,0,343
12/31/2015,SJC,CA,AWP,WE,Towers with Radar,206,15,15,0,236,0,4,33,0,37,206,19,48,0,273,26,0,26,299
01/01/2016,SJC,CA,AWP,WE,Towers with Radar,209,24,22,0,255,0,0,26,0,26,209,24,48,0,281,0,0,0,281
01/02/2016,SJC,CA,AWP,WE,Towers with Radar,242,59,47,0,348,0,1,16,0,17,242,60,63,0,365,18,0,18,383
01/03/2016,SJC,CA,AWP,WE,Towers with Radar,279,83,74,0,436,0,3,20,0,23,279,86,94,0,459,10,0,10,469
01/04/2016,SJC,CA,AWP,WE,Towers with Radar,269,61,25,0,355,0,0,3,0,3,269,61,28,0,358,6,0,6,364
01/05/2016,SJC,CA,AWP,WE,Towers with Radar,254,64,59,0,377,0,0,1,0,1,254,64,60,0,378,2,0,2,380
01/06/2016,SJC,CA,AWP,WE,Towers with Radar,252,59,49,0,360,0,1,1,0,2,252,60,50,0,362,2,0,2,364
01/07/2016,SJC,CA,AWP,WE,Towers with Radar,269,55,51,0,375,0,0,9,0,9,269,55,60,0,384,0,0,0,384
01/08/2016,SJC,CA,AWP,WE,Towers with Radar,271,60,33,2,366,0,0,23,1,24,271,60,56,3,390,0,0,0,390
01/09/2016,SJC,CA,AWP,WE,Towers with Radar,177,28,23,0,228,0,0,6,0,6,177,28,29,0,234,22,0,22,256
01/10/2016,SJC,CA,AWP,WE,Towers with Radar,235,39,46,0,320,0,0,10,0,10,235,39,56,0,330,22,0,22,352
01/11/2016,SJC,CA,AWP,WE,Towers with Radar,272,53,45,0,370,0,0,24,0,24,272,53,69,0,394,0,0,0,394
01/12/2016,SJC,CA,AWP,WE,Towers with Radar,266,56,50,0,372,0,2,31,5,38,266,58,81,5,410,0,0,0,410
01/13/2016,SJC,CA,AWP,WE,Towers with Radar,267,71,54,0,392,0,0,16,0,16,267,71,70,0,408,0,0,0,408
01/14/2016,SJC,CA,AWP,WE,Towers with Radar,273,79,41,0,393,0,0,24,0,24,273,79,65,0,417,0,0,0,417
01/15/2016,SJC,CA,AWP,WE,Towers with Radar,277,71,49,0,397,0,0,40,0,40,277,71,89,0,437,10,0,10,447
01/16/2016,SJC,CA,AWP,WE,Towers with Radar,182,25,22,0,229,0,0,10,0,10,182,25,32,0,239,18,0,18,257
01/17/2016,SJC,CA,AWP,WE,Towers with Radar,221,37,24,0,282,0,0,6,0,6,221,37,30,0,288,2,0,2,290
01/18/2016,SJC,CA,AWP,WE,Towers with Radar,273,51,55,0,379,0,0,27,1,28,273,51,82,1,407,0,0,0,407
01/19/2016,SJC,CA,AWP,WE,Towers with Radar,276,72,52,0,400,0,1,8,2,11,276,73,60,2,411,26,0,26,437
01/20/2016,SJC,CA,AWP,WE,Towers with Radar,270,79,47,0,396,0,0,29,2,31,270,79,76,2,427,10,0,10,437
01/21/2016,SJC,CA,AWP,WE,Towers with Radar,277,68,51,1,397,0,3,32,1,36,277,71,83,2,433,8,0,8,441
01/22/2016,SJC,CA,AWP,WE,Towers with Radar,276,61,47,0,384,0,0,10,0,10,276,61,57,0,394,0,0,0,394
01/23/2016,SJC,CA,AWP,WE,Towers with Radar,190,16,22,0,228,0,0,11,0,11,190,16,33,0,239,32,0,32,271
01/24/2016,SJC,CA,AWP,WE,Towers with Radar,242,43,34,0,319,0,0,27,0,27,242,43,61,0,346,12,0,12,358
01/25/2016,SJC,CA,AWP,WE,Towers with Radar,275,49,42,0,366,0,0,31,6,37,275,49,73,6,403,12,0,12,415
01/26/2016,SJC,CA,AWP,WE,Towers with Radar,271,67,41,0,379,0,0,26,1,27,271,67,67,1,406,12,0,12,418
01/27/2016,SJC,CA,AWP,WE,Towers with Radar,265,64,49,0,378,0,2,34,0,36,265,66,83,0,414,20,0,20,434
01/28/2016,SJC,CA,AWP,WE,Towers with Radar,273,82,43,0,398,0,2,39,0,41,273,84,82,0,439,20,0,20,459
01/29/2016,SJC,CA,AWP,WE,Towers with Radar,274,57,53,0,384,0,0,8,0,8,274,57,61,0,392,2,0,2,394
01/30/2016,SJC,CA,AWP,WE,Towers with Radar,182,26,14,0,222,0,0,31,0,31,182,26,45,0,253,0,0,0,253
01/31/2016,SJC,CA,AWP,WE,Towers with Radar,240,52,37,0,329,0,1,27,0,28,240,53,64,0,357,36,0,36,393
02/01/2016,SJC,CA,AWP,WE,Towers with Radar,271,51,41,2,365,0,1,34,4,39,271,52,75,6,404,12,2,14,418
02/02/2016,SJC,CA,AWP,WE,Towers with Radar,252,70,34,0,356,0,0,25,1,26,252,70,59,1,382,8,0,8,390
02/03/2016,SJC,CA,AWP,WE,Towers with Radar,259,71,55,0,385,0,2,44,2,48,259,73,99,2,433,0,0,0,433
02/04/2016,SJC,CA,AWP,WE,Towers with Radar,275,66,46,0,387,0,0,35,2,37,275,66,81,2,424,0,0,0,424
02/05/2016,SJC,CA,AWP,WE,Towers with Radar,285,85,55,2,427,0,1,24,2,27,285,86,79,4,454,0,0,0,454
02/06/2016,SJC,CA,AWP,WE,Towers with Radar,181,32,51,0,264,0,0,22,3,25,181,32,73,3,289,14,0,14,303
02/07/2016,SJC,CA,AWP,WE,Towers with Radar,218,52,77,0,347,0,0,20,2,22,218,52,97,2,369,0,0,0,369
02/08/2016,SJC,CA,AWP,WE,Towers with Radar,300,81,81,0,462,0,1,23,0,24,300,82,104,0,486,0,0,0,486
02/09/2016,SJC,CA,AWP,WE,Towers with Radar,258,88,57,1,404,0,3,56,0,59,258,91,113,1,463,0,0,0,463
02/10/2016,SJC,CA,AWP,WE,Towers with Radar,267,64,44,1,376,0,0,33,0,33,267,64,77,1,409,0,0,0,409
02/11/2016,SJC,CA,AWP,WE,Towers with Radar,278,43,47,2,370,0,2,10,0,12,278,45,57,2,382,0,0,0,382
02/12/2016,SJC,CA,AWP,WE,Towers with Radar,284,81,56,0,421,0,3,43,0,46,284,84,99,0,467,0,0,0,467
02/13/2016,SJC,CA,AWP,WE,Towers with Radar,182,58,41,0,281,0,1,41,0,42,182,59,82,0,323,34,0,34,357
02/14/2016,SJC,CA,AWP,WE,Towers with Radar,224,38,20,0,282,0,0,28,0,28,224,38,48,0,310,0,0,0,310
02/15/2016,SJC,CA,AWP,WE,Towers with Radar,273,46,40,0,359,0,0,51,0,51,273,46,91,0,410,6,0,6,416
02/16/2016,SJC,CA,AWP,WE,Towers with Radar,269,67,45,2,383,0,2,40,0,42,269,69,85,2,425,34,0,34,459
02/17/2016,SJC,CA,AWP,WE,Towers with Radar,278,51,54,0,383,0,0,11,0,11,278,51,65,0,394,6,0,6,400
02/18/2016,SJC,CA,AWP,WE,Towers with Radar,277,53,58,0,388,0,0,25,0,25,277,53,83,0,413,0,0,0,413
02/19/2016,SJC,CA,AWP,WE,Towers with Radar,280,59,49,2,390,0,1,15,0,16,280,60,64,2,406,0,0,0,406
02/20/2016,SJC,CA,AWP,WE,Towers with Radar,188,27,37,0,252,0,3,39,0,42,188,30,76,0,294,0,0,0,294
02/21/2016,SJC,CA,AWP,WE,Towers with Radar,247,64,32,1,344,0,0,50,0,50,247,64,82,1,394,24,0,24,418
02/22/2016,SJC,CA,AWP,WE,Towers with Radar,277,52,28,0,357,0,0,50,2,52,277,52,78,2,409,0,0,0,409
02/23/2016,SJC,CA,AWP,WE,Towers with Radar,269,59,47,1,376,0,2,50,1,53,269,61,97,2,429,0,0,0,429
02/24/2016,SJC,CA,AWP,WE,Towers with Radar,266,63,42,0,371,0,0,51,0,51,266,63,93,0,422,4,0,4,426
02/25/2016,SJC,CA,AWP,WE,Towers with Radar,278,78,66,1,423,0,1,40,0,41,278,79,106,1,464,0,0,0,464
02/26/2016,SJC,CA,AWP,WE,Towers with Radar,276,75,63,0,414,0,1,38,1,40,276,76,101,1,454,8,0,8,462
02/27/2016,SJC,CA,AWP,WE,Towers with Radar,188,32,26,0,246,0,1,33,2,36,188,33,59,2,282,6,0,6,288
02/28/2016,SJC,CA,AWP,WE,Towers with Radar,239,52,42,0,333,0,3,46,0,49,239,55,88,0,382,38,0,38,420
02/29/2016,SJC,CA,AWP,WE,Towers with Radar,287,75,48,0,410,0,0,44,1,45,287,75,92,1,455,0,0,0,455
03/01/2016,SJC,CA,AWP,WE,Towers with Radar,281,58,51,2,392,0,0,41,0,41,281,58,92,2,433,0,0,0,433
03/02/2016,SJC,CA,AWP,WE,Towers with Radar,270,63,59,0,392,0,2,37,0,39,270,65,96,0,431,22,0,22,453
03/03/2016,SJC,CA,AWP,WE,Towers with Radar,272,87,71,0,430,0,0,20,0,20,272,87,91,0,450,6,0,6,456
03/04/2016,SJC,CA,AWP,WE,Towers with Radar,279,69,62,0,410,0,0,12,0,12,279,69,74,0,422,6,0,6,428
03/05/2016,SJC,CA,AWP,WE,Towers with Radar,193,21,15,0,229,0,0,0,0,0,193,21,15,0,229,0,0,0,229
03/06/2016,SJC,CA,AWP,WE,Towers with Radar,238,47,43,0,328,0,0,9,0,9,238,47,52,0,337,0,0,0,337
03/07/2016,SJC,CA,AWP,WE,Towers with Radar,266,59,27,0,352,0,1,13,0,14,266,60,40,0,366,0,0,0,366
03/08/2016,SJC,CA,AWP,WE,Towers with Radar,283,68,56,4,411,0,0,45,0,45,283,68,101,4,456,8,4,12,468
03/09/2016,SJC,CA,AWP,WE,Towers with Radar,265,64,57,0,386,0,0,16,0,16,265,64,73,0,402,0,0,0,402
03/10/2016,SJC,CA,AWP,WE,Towers with Radar,274,85,76,0,435,0,0,19,0,19,274,85,95,0,454,4,0,4,458
03/11/2016,SJC,CA,AWP,WE,Towers with Radar,284,102,67,2,455,0,0,3,0,3,284,102,70,2,458,0,0,0,458
03/12/2016,SJC,CA,AWP,WE,Towers with Radar,191,34,36,2,263,0,0,7,0,7,191,34,43,2,270,0,0,0,270
03/13/2016,SJC,CA,AWP,WE,Towers with Radar,244,41,51,0,336,0,0,1,0,1,244,41,52,0,337,0,0,0,337
03/14/2016,SJC,CA,AWP,WE,Towers with Radar,272,61,51,0,384,0,1,31,0,32,272,62,82,0,416,2,0,2,418
03/15/2016,SJC,CA,AWP,WE,Towers with Radar,268,58,48,0,374,0,1,60,0,61,268,59,108,0,435,26,0,26,461
03/16/2016,SJC,CA,AWP,WE,Towers with Radar,277,60,47,0,384,0,0,52,0,52,277,60,99,0,436,2,0,2,438
03/17/2016,SJC,CA,AWP,WE,Towers with Radar,278,82,52,2,414,0,3,60,0,63,278,85,112,2,477,34,2,36,513
03/18/2016,SJC,CA,AWP,WE,Towers with Radar,287,75,50,2,414,0,3,24,0,27,287,78,74,2,441,8,0,8,449
03/19/2016,SJC,CA,AWP,WE,Towers with Radar,191,23,45,0,259,0,0,18,0,18,191,23,63,0,277,0,0,0,277
03/20/2016,SJC,CA,AWP,WE,Towers with Radar,249,62,41,0,352,0,2,9,0,11,249,64,50,0,363,0,0,0,363
03/21/2016,SJC,CA,AWP,WE,Towers with Radar,276,67,47,0,390,0,0,12,0,12,276,67,59,0,402,0,0,0,402
03/22/2016,SJC,CA,AWP,WE,Towers with Radar,273,62,43,0,378,0,3,25,0,28,273,65,68,0,406,8,0,8,414
03/23/2016,SJC,CA,AWP,WE,Towers with Radar,261,63,50,0,374,0,3,30,0,33,261,66,80,0,407,12,0,12,419
03/24/2016,SJC,CA,AWP,WE,Towers with Radar,274,66,80,0,420,0,1,53,0,54,274,67,133,0,474,4,0,4,478
03/25/2016,SJC,CA,AWP,WE,Towers with Radar,275,62,60,0,397,0,0,38,1,39,275,62,98,1,436,10,0,10,446
03/26/2016,SJC,CA,AWP,WE,Towers with Radar,188,25,28,0,241,0,0,40,1,41,188,25,68,1,282,14,0,14,296
03/27/2016,SJC,CA,AWP,WE,Towers with Radar,252,36,41,0,329,0,4,35,0,39,252,40,76,0,368,30,0,30,398
03/28/2016,SJC,CA,AWP,WE,Towers with Radar,277,58,54,0,389,0,0,33,0,33,277,58,87,0,422,0,0,0,422
03/29/2016,SJC,CA,AWP,WE,Towers with Radar,272,57,50,1,380,0,2,32,2,36,272,59,82,3,416,0,0,0,416
03/30/2016,SJC,CA,AWP,WE,Towers with Radar,265,57,46,0,368,0,2,30,0,32,265,59,76,0,400,24,0,24,424
03/31/2016,SJC,CA,AWP,WE,Towers with Radar,278,72,44,0,394,0,3,35,1,39,278,75,79,1,433,20,0,20,453
04/01/2016,SJC,CA,AWP,WE,Towers with Radar,275,71,51,0,397,0,1,39,0,40,275,72,90,0,437,0,0,0,437
04/02/2016,SJC,CA,AWP,WE,Towers with Radar,187,40,42,0,269,0,0,45,1,46,187,40,87,1,315,2,0,2,317
04/03/2016,SJC,CA,AWP,WE,Towers with Radar,247,48,46,0,341,0,0,27,0,27,247,48,73,0,368,0,0,0,368
04/04/2016,SJC,CA,AWP,WE,Towers with Radar,272,65,21,0,358,0,0,16,0,16,272,65,37,0,374,0,0,0,374
04/05/2016,SJC,CA,AWP,WE,Towers with Radar,273,56,32,0,361,0,0,38,0,38,273,56,70,0,399,8,0,8,407
04/06/2016,SJC,CA,AWP,WE,Towers with Radar,277,53,46,2,378,0,7,49,1,57,277,60,95,3,435,22,0,22,457
04/07/2016,SJC,CA,AWP,WE,Towers with Radar,280,70,70,0,420,0,1,51,0,52,280,71,121,0,472,0,0,0,472
04/08/2016,SJC,CA,AWP,WE,Towers with Radar,282,68,65,0,415,0,0,4,0,4,282,68,69,0,419,0,0,0,419
04/09/2016,SJC,CA,AWP,WE,Towers with Radar,198,26,46,0,270,0,0,5,0,5,198,26,51,0,275,20,0,20,295
04/10/2016,SJC,CA,AWP,WE,Towers with Radar,255,62,54,0,371,0,0,2,0,2,255,62,56,0,373,10,0,10,383
04/11/2016,SJC,CA,AWP,WE,Towers with Radar,281,59,63,2,405,0,4,18,2,24,281,63,81,4,429,18,0,18,447
04/12/2016,SJC,CA,AWP,WE,Towers with Radar,277,81,80,0,438,0,0,10,0,10,277,81,90,0,448,18,0,18,466
04/13/2016,SJC,CA,AWP,WE,Towers with Radar,288,91,70,2,451,0,1,46,0,47,288,92,116,2,498,8,0,8,506
04/14/2016,SJC,CA,AWP,WE,Towers with Radar,289,73,64,0,426,0,2,29,1,32,289,75,93,1,458,8,0,8,466
04/15/2016,SJC,CA,AWP,WE,Towers with Radar,292,71,47,0,410,0,5,37,0,42,292,76,84,0,452,6,0,6,458
04/16/2016,SJC,CA,AWP,WE,Towers with Radar,196,35,26,0,257,0,2,54,0,56,196,37,80,0,313,26,0,26,339
04/17/2016,SJC,CA,AWP,WE,Towers with Radar,261,51,35,0,347,0,1,67,0,68,261,52,102,0,415,6,0,6,421
04/18/2016,SJC,CA,AWP,WE,Towers with Radar,289,73,41,0,403,0,0,34,0,34,289,73,75,0,437,0,0,0,437
04/19/2016,SJC,CA,AWP,WE,Towers with Radar,284,72,63,0,419,0,0,38,0,38,284,72,101,0,457,0,0,0,457
04/20/2016,SJC,CA,AWP,WE,Towers with Radar,285,61,58,0,404,0,2,51,3,56,285,63,109,3,460,0,0,0,460
04/21/2016,SJC,CA,AWP,WE,Towers with Radar,296,81,56,0,433,0,1,29,0,30,296,82,85,0,463,20,0,20,483
04/22/2016,SJC,CA,AWP,WE,Towers with Radar,290,79,48,0,417,0,0,7,0,7,290,79,55,0,424,6,0,6,430
04/23/2016,SJC,CA,AWP,WE,Towers with Radar,200,17,23,0,240,0,0,33,0,33,200,17,56,0,273,0,0,0,273
04/24/2016,SJC,CA,AWP,WE,Towers with Radar,264,45,42,0,351,0,0,48,0,48,264,45,90,0,399,16,0,16,415
04/25/2016,SJC,CA,AWP,WE,Towers with Radar,288,80,44,0,412,0,0,38,2,40,288,80,82,2,452,14,0,14,466
04/26/2016,SJC,CA,AWP,WE,Towers with Radar,284,71,40,0,395,0,1,36,0,37,284,72,76,0,432,10,0,10,442
04/27/2016,SJC,CA,AWP,WE,Towers with Radar,281,67,56,0,404,0,0,17,0,17,281,67,73,0,421,0,0,0,421
04/28/2016,SJC,CA,AWP,WE,Towers with Radar,290,82,47,0,419,0,4,37,0,41,290,86,84,0,460,34,0,34,494
04/29/2016,SJC,CA,AWP,WE,Towers with Radar,289,63,49,0,401,0,3,51,0,54,289,66,100,0,455,12,0,12,467
04/30/2016,SJC,CA,AWP,WE,Towers with Radar,209,24,23,0,256,0,0,47,0,47,209,24,70,0,303,16,0,16,319
05/01/2016,SJC,CA,AWP,WE,Towers with Radar,262,50,53,0,365,0,0,59,0,59,262,50,112,0,424,2,0,2,426
05/02/2016,SJC,CA,AWP,WE,Towers with Radar,291,69,46,3,409,0,0,38,1,39,291,69,84,4,448,0,0,0,448
05/03/2016,SJC,CA,AWP,WE,Towers with Radar,287,75,48,1,411,0,0,29,0,29,287,75,77,1,440,0,0,0,440
05/04/2016,SJC,CA,AWP,WE,Towers with Radar,291,76,69,0,436,0,0,23,2,25,291,76,92,2,461,22,0,22,483
05/05/2016,SJC,CA,AWP,WE,Towers with Radar,297,82,65,1,445,0,0,22,0,22,297,82,87,1,467,0,0,0,467
05/06/2016,SJC,CA,AWP,WE,Towers with Radar,297,66,56,0,419,0,0,11,0,11,297,66,67,0,430,4,0,4,434
05/07/2016,SJC,CA,AWP,WE,Towers with Radar,197,34,35,0,266,0,3,14,0,17,197,37,49,0,283,34,0,34,317
05/08/2016,SJC,CA,AWP,WE,Towers with Radar,264,48,57,0,369,0,0,17,1,18,264,48,74,1,387,20,0,20,407
05/09/2016,SJC,CA,AWP,WE,Towers with Radar,302,75,63,0,440,0,1,22,0,23,302,76,85,0,463,0,0,0,463
05/10/2016,SJC,CA,AWP,WE,Towers with Radar,296,72,78,0,446,0,1,25,0,26,296,73,103,0,472,0,0,0,472
05/11/2016,SJC,CA,AWP,WE,Towers with Radar,295,70,67,0,432,0,1,30,1,32,295,71,97,1,464,0,0,0,464
05/12/2016,SJC,CA,AWP,WE,Towers with Radar,303,83,56,0,442,0,0,47,1,48,303,83,103,1,490,28,0,28,518
05/13/2016,SJC,CA,AWP,WE,Towers with Radar,304,83,48,0,435,0,0,34,0,34,304,83,82,0,469,20,0,20,489
05/14/2016,SJC,CA,AWP,WE,Towers with Radar,209,28,18,0,255,0,4,28,0,32,209,32,46,0,287,38,0,38,325
05/15/2016,SJC,CA,AWP,WE,Towers with Radar,266,39,43,0,348,0,0,30,0,30,266,39,73,0,378,26,0,26,404
05/16/2016,SJC,CA,AWP,WE,Towers with Radar,299,56,37,0,392,0,0,36,0,36,299,56,73,0,428,10,0,10,438
05/17/2016,SJC,CA,AWP,WE,Towers with Radar,297,73,69,0,439,0,0,37,1,38,297,73,106,1,477,12,0,12,489
05/18/2016,SJC,CA,AWP,WE,Towers with Radar,301,85,64,0,450,0,2,55,0,57,301,87,119,0,507,6,0,6,513
05/19/2016,SJC,CA,AWP,WE,Towers with Radar,314,91,55,0,460,0,0,39,0,39,314,91,94,0,499,4,0,4,503
05/20/2016,SJC,CA,AWP,WE,Towers with Radar,301,51,52,0,404,0,5,31,1,37,301,56,83,1,441,16,0,16,457
05/21/2016,SJC,CA,AWP,WE,Towers with Radar,202,29,37,0,268,0,0,15,0,15,202,29,52,0,283,30,0,30,313
05/22/2016,SJC,CA,AWP,WE,Towers with Radar,267,38,46,0,351,0,1,41,1,43,267,39,87,1,394,14,0,14,408
05/23/2016,SJC,CA,AWP,WE,Towers with Radar,302,58,53,0,413,0,2,28,1,31,302,60,81,1,444,30,0,30,474
05/24/2016,SJC,CA,AWP,WE,Towers with Radar,296,57,75,0,428,0,4,28,0,32,296,61,103,0,460,0,0,0,460
05/25/2016,SJC,CA,AWP,WE,Towers with Radar,295,61,67,0,423,0,3,46,3,52,295,64,113,3,475,18,0,18,493
05/26/2016,SJC,CA,AWP,WE,Towers with Radar,297,83,63,0,443,0,1,67,1,69,297,84,130,1,512,0,0,0,512
05/27/2016,SJC,CA,AWP,WE,Towers with Radar,300,75,47,0,422,0,1,59,2,62,300,76,106,2,484,12,0,12,496
05/28/2016,SJC,CA,AWP,WE,Towers with Radar,203,28,14,0,245,0,1,46,0,47,203,29,60,0,292,8,0,8,300
05/29/2016,SJC,CA,AWP,WE,Towers with Radar,203,20,14,0,237,0,1,32,0,33,203,21,46,0,270,30,0,30,300
05/30/2016,SJC,CA,AWP,WE,Towers with Radar,260,79,40,0,379,0,2,40,0,42,260,81,80,0,421,0,0,0,421
05/31/2016,SJC,CA,AWP,WE,Towers with Radar,292,82,47,0,421,0,1,41,1,43,292,83,88,1,464,0,0,0,464
06/01/2016,SJC,CA,AWP,WE,Towers with Radar,294,80,57,0,431,0,4,46,0,50,294,84,103,0,481,10,0,10,491
06/02/2016,SJC,CA,AWP,WE,Towers with Radar,309,81,54,0,444,0,3,59,1,63,309,84,113,1,507,22,0,22,529
06/03/2016,SJC,CA,AWP,WE,Towers with Radar,306,72,60,0,438,0,2,52,2,56,306,74,112,2,494,0,0,0,494
06/04/2016,SJC,CA,AWP,WE,Towers with Radar,219,36,45,0,300,0,0,37,0,37,219,36,82,0,337,4,0,4,341
06/05/2016,SJC,CA,AWP,WE,Towers with Radar,277,35,42,0,354,0,4,32,1,37,277,39,74,1,391,0,0,0,391
06/06/2016,SJC,CA,AWP,WE,Towers with Radar,320,73,58,0,451,0,0,30,1,31,320,73,88,1,482,12,0,12,494
06/07/2016,SJC,CA,AWP,WE,Towers with Radar,319,69,50,1,439,0,0,27,1,28,319,69,77,2,467,6,0,6,473
06/08/2016,SJC,CA,AWP,WE,Towers with Radar,315,83,59,0,457,0,2,34,0,36,315,85,93,0,493,8,0,8,501
06/09/2016,SJC,CA,AWP,WE,Towers with Radar,324,78,59,0,461,0,0,40,0,40,324,78,99,0,501,6,0,6,507
06/10/2016,SJC,CA,AWP,WE,Towers with Radar,332,84,44,0,460,0,1,33,1,35,332,85,77,1,495,8,0,8,503
06/11/2016,SJC,CA,AWP,WE,Towers with Radar,247,41,24,0,312,0,3,41,0,44,247,44,65,0,356,10,0,10,366
06/12/2016,SJC,CA,AWP,WE,Towers with Radar,299,63,71,0,433,0,0,38,0,38,299,63,109,0,471,8,0,8,479
06/13/2016,SJC,CA,AWP,WE,Towers with Radar,313,68,55,0,436,0,1,31,0,32,313,69,86,0,468,2,0,2,470
06/14/2016,SJC,CA,AWP,WE,Towers with Radar,323,79,45,0,447,0,3,21,0,24,323,82,66,0,471,4,0,4,475
06/15/2016,SJC,CA,AWP,WE,Towers with Radar,329,65,51,0,445,0,0,34,1,35,329,65,85,1,480,20,0,20,500
06/16/2016,SJC,CA,AWP,WE,Towers with Radar,325,66,51,0,442,0,2,38,1,41,325,68,89,1,483,10,0,10,493
06/17/2016,SJC,CA,AWP,WE,Towers with Radar,319,68,49,0,436,0,1,32,3,36,319,69,81,3,472,0,0,0,472
06/18/2016,SJC,CA,AWP,WE,Towers with Radar,244,29,33,0,306,0,0,48,0,48,244,29,81,0,354,0,0,0,354
06/19/2016,SJC,CA,AWP,WE,Towers with Radar,301,46,30,0,377,0,3,47,1,51,301,49,77,1,428,8,0,8,436
06/20/2016,SJC,CA,AWP,WE,Towers with Radar,321,51,48,0,420,0,5,32,0,37,321,56,80,0,457,10,0,10,467
06/21/2016,SJC,CA,AWP,WE,Towers with Radar,325,61,42,0,428,0,5,38,3,46,325,66,80,3,474,28,0,28,502
06/22/2016,SJC,CA,AWP,WE,Towers with Radar,320,78,42,0,440,0,2,54,0,56,320,80,96,0,496,4,0,4,500
06/23/2016,SJC,CA,AWP,WE,Towers with Radar,333,71,49,0,453,0,0,49,0,49,333,71,98,0,502,0,0,0,502
06/24/2016,SJC,CA,AWP,WE,Towers with Radar,335,62,50,0,447,0,1,47,0,48,335,63,97,0,495,2,0,2,497
06/25/2016,SJC,CA,AWP,WE,Towers with Radar,251,28,22,0,301,0,0,37,1,38,251,28,59,1,339,6,0,6,345
06/26/2016,SJC,CA,AWP,WE,Towers with Radar,295,41,41,0,377,0,0,53,0,53,295,41,94,0,430,2,0,2,432
06/27/2016,SJC,CA,AWP,WE,Towers with Radar,322,53,35,0,410,0,0,35,2,37,322,53,70,2,447,4,0,4,451
06/28/2016,SJC,CA,AWP,WE,Towers with Radar,316,66,34,0,416,0,0,39,0,39,316,66,73,0,455,28,2,30,485
06/29/2016,SJC,CA,AWP,WE,Towers with Radar,324,66,46,1,437,0,4,46,0,50,324,70,92,1,487,30,0,30,517
06/30/2016,SJC,CA,AWP,WE,Towers with Radar,313,69,47,0,429,0,1,45,0,46,313,70,92,0,475,26,0,26,501
07/01/2016,SJC,CA,AWP,WE,Towers with Radar,322,80,48,1,451,0,2,55,2,59,322,82,103,3,510,16,0,16,526
07/02/2016,SJC,CA,AWP,WE,Towers with Radar,239,27,24,0,290,0,0,41,1,42,239,27,65,1,332,10,0,10,342
07/03/2016,SJC,CA,AWP,WE,Towers with Radar,245,9,23,0,277,0,0,31,1,32,245,9,54,1,309,12,0,12,321
07/04/2016,SJC,CA,AWP,WE,Towers with Radar,251,28,21,0,300,0,0,43,0,43,251,28,64,0,343,30,0,30,373
07/05/2016,SJC,CA,AWP,WE,Towers with Radar,320,62,29,0,411,0,1,36,0,37,320,63,65,0,448,0,0,0,448
07/06/2016,SJC,CA,AWP,WE,Towers with Radar,325,32,32,0,389,0,4,39,1,44,325,36,71,1,433,0,0,0,433
07/07/2016,SJC,CA,AWP,WE,Towers with Radar,324,37,52,0,413,0,0,35,1,36,324,37,87,1,449,6,0,6,455
07/08/2016,SJC,CA,AWP,WE,Towers with Radar,328,40,43,0,411,0,4,33,0,37,328,44,76,0,448,0,0,0,448
07/09/2016,SJC,CA,AWP,WE,Towers with Radar,243,45,26,0,314,0,0,37,0,37,243,45,63,0,351,18,0,18,369
07/10/2016,SJC,CA,AWP,WE,Towers with Radar,305,57,51,0,413,0,1,37,0,38,305,58,88,0,451,8,0,8,459
07/11/2016,SJC,CA,AWP,WE,Towers with Radar,327,82,46,0,455,0,0,32,0,32,327,82,78,0,487,6,0,6,493
07/12/2016,SJC,CA,AWP,WE,Towers with Radar,328,74,52,0,454,0,2,44,1,47,328,76,96,1,501,26,0,26,527
07/13/2016,SJC,CA,AWP,WE,Towers with Radar,324,70,57,0,451,0,2,49,0,51,324,72,106,0,502,62,0,62,564
07/14/2016,SJC,CA,AWP,WE,Towers with Radar,323,69,48,0,440,0,6,38,0,44,323,75,86,0,484,40,0,40,524
07/15/2016,SJC,CA,AWP,WE,Towers with Radar,328,75,40,0,443,0,0,41,0,41,328,75,81,0,484,10,0,10,494
07/16/2016,SJC,CA,AWP,WE,Towers with Radar,241,37,21,0,299,0,5,39,0,44,241,42,60,0,343,40,0,40,383
07/17/2016,SJC,CA,AWP,WE,Towers with Radar,302,59,49,0,410,0,2,54,1,57,302,61,103,1,467,37,0,37,504
07/18/2016,SJC,CA,AWP,WE,Towers with Radar,317,73,30,0,420,0,2,35,0,37,317,75,65,0,457,58,0,58,515
07/19/2016,SJC,CA,AWP,WE,Towers with Radar,325,67,46,0,438,0,0,51,0,51,325,67,97,0,489,42,0,42,531
07/20/2016,SJC,CA,AWP,WE,Towers with Radar,294,65,48,0,407,0,1,47,0,48,294,66,95,0,455,40,0,40,495
07/21/2016,SJC,CA,AWP,WE,Towers with Radar,245,105,67,0,417,0,4,66,6,76,245,109,133,6,493,10,0,10,503
07/22/2016,SJC,CA,AWP,WE,Towers with Radar,275,78,38,0,391,0,4,72,1,77,275,82,110,1,468,48,0,48,516
07/23/2016,SJC,CA,AWP,WE,Towers with Radar,217,56,20,0,293,0,1,25,0,26,217,57,45,0,319,0,0,0,319
07/24/2016,SJC,CA,AWP,WE,Towers with Radar,289,61,56,0,406,0,1,49,0,50,289,62,105,0,456,34,0,34,490
07/25/2016,SJC,CA,AWP,WE,Towers with Radar,294,81,54,0,429,0,3,43,1,47,294,84,97,1,476,2,0,2,478
07/26/2016,SJC,CA,AWP,WE,Towers with Radar,290,110,48,2,450,0,0,43,0,43,290,110,91,2,493,20,0,20,513
07/27/2016,SJC,CA,AWP,WE,Towers with Radar,278,112,59,1,450,0,2,49,0,51,278,114,108,1,501,14,0,14,515
07/28/2016,SJC,CA,AWP,WE,Towers with Radar,277,130,73,0,480,0,1,52,2,55,277,131,125,2,535,14,0,14,549
07/29/2016,SJC,CA,AWP,WE,Towers with Radar,278,111,52,0,441,0,1,43,0,44,278,112,95,0,485,4,0,4,489
07/30/2016,SJC,CA,AWP,WE,Towers with Radar,200,66,30,0,296,0,1,30,2,33,200,67,60,2,329,30,0,30,359
07/31/2016,SJC,CA,AWP,WE,Towers with Radar,258,89,46,0,393,0,0,38,0,38,258,89,84,0,431,44,0,44,475
08/01/2016,SJC,CA,AWP,WE,Towers with Radar,280,106,39,0,425,0,1,39,0,40,280,107,78,0,465,2,0,2,467
08/02/2016,SJC,CA,AWP,WE,Towers with Radar,283,107,35,0,425,0,0,32,0,32,283,107,67,0,457,42,0,42,499
08/03/2016,SJC,CA,AWP,WE,Towers with Radar,286,116,53,1,456,0,0,41,0,41,286,116,94,1,497,28,0,28,525
08/04/2016,SJC,CA,AWP,WE,Towers with Radar,292,120,55,1,468,0,0,33,1,34,292,120,88,2,502,2,0,2,504
08/05/2016,SJC,CA,AWP,WE,Towers with Radar,292,100,42,0,434,0,1,34,0,35,292,101,76,0,469,14,0,14,483
08/06/2016,SJC,CA,AWP,WE,Towers with Radar,212,83,35,0,330,0,1,38,0,39,212,84,73,0,369,6,0,6,375
08/07/2016,SJC,CA,AWP,WE,Towers with Radar,263,87,42,0,392,0,1,49,1,51,263,88,91,1,443,6,0,6,449
08/08/2016,SJC,CA,AWP,WE,Towers with Radar,270,99,56,0,425,0,0,31,0,31,270,99,87,0,456,32,0,32,488
08/09/2016,SJC,CA,AWP,WE,Towers with Radar,260,106,48,0,414,0,1,30,0,31,260,107,78,0,445,12,0,12,457
08/10/2016,SJC,CA,AWP,WE,Towers with Radar,271,118,36,0,425,0,2,36,0,38,271,120,72,0,463,0,0,0,463
08/11/2016,SJC,CA,AWP,WE,Towers with Radar,286,113,45,0,444,0,0,40,0,40,286,113,85,0,484,18,0,18,502
08/12/2016,SJC,CA,AWP,WE,Towers with Radar,275,113,49,0,437,0,3,43,0,46,275,116,92,0,483,14,0,14,497
08/13/2016,SJC,CA,AWP,WE,Towers with Radar,205,71,22,0,298,0,0,36,0,36,205,71,58,0,334,35,0,35,369
08/14/2016,SJC,CA,AWP,WE,Towers with Radar,267,72,36,2,377,0,0,55,0,55,267,72,91,2,432,20,0,20,452
08/15/2016,SJC,CA,AWP,WE,Towers with Radar,282,99,58,0,439,0,0,31,0,31,282,99,89,0,470,16,0,16,486
08/16/2016,SJC,CA,AWP,WE,Towers with Radar,283,103,30,0,416,0,0,32,0,32,283,103,62,0,448,6,0,6,454
08/17/2016,SJC,CA,AWP,WE,Towers with Radar,280,109,37,0,426,0,0,46,0,46,280,109,83,0,472,22,0,22,494
08/18/2016,SJC,CA,AWP,WE,Towers with Radar,283,119,50,0,452,0,1,42,0,43,283,120,92,0,495,16,0,16,511
08/19/2016,SJC,CA,AWP,WE,Towers with Radar,280,109,48,0,437,0,5,56,0,61,280,114,104,0,498,40,0,40,538
08/20/2016,SJC,CA,AWP,WE,Towers with Radar,201,67,20,0,288,0,0,40,0,40,201,67,60,0,328,14,0,14,342
08/21/2016,SJC,CA,AWP,WE,Towers with Radar,260,99,36,0,395,0,1,46,0,47,260,100,82,0,442,16,0,16,458
08/22/2016,SJC,CA,AWP,WE,Towers with Radar,278,123,41,0,442,0,1,38,0,39,278,124,79,0,481,16,0,16,497
08/23/2016,SJC,CA,AWP,WE,Towers with Radar,286,114,57,0,457,0,1,28,0,29,286,115,85,0,486,2,0,2,488
08/24/2016,SJC,CA,AWP,WE,Towers with Radar,278,118,52,0,448,0,0,32,0,32,278,118,84,0,480,4,0,4,484
08/25/2016,SJC,CA,AWP,WE,Towers with Radar,277,123,52,0,452,0,1,37,0,38,277,124,89,0,490,20,0,20,510
08/26/2016,SJC,CA,AWP,WE,Towers with Radar,278,123,35,0,436,0,3,53,0,56,278,126,88,0,492,0,0,0,492
08/27/2016,SJC,CA,AWP,WE,Towers with Radar,193,70,34,0,297,0,1,34,0,35,193,71,68,0,332,6,0,6,338
08/28/2016,SJC,CA,AWP,WE,Towers with Radar,256,76,32,0,364,0,1,41,0,42,256,77,73,0,406,2,0,2,408
08/29/2016,SJC,CA,AWP,WE,Towers with Radar,282,111,52,0,445,0,4,31,0,35,282,115,83,0,480,7,0,7,487
08/30/2016,SJC,CA,AWP,WE,Towers with Radar,267,105,46,0,418,0,0,42,2,44,267,105,88,2,462,4,0,4,466
08/31/2016,SJC,CA,AWP,WE,Towers with Radar,316,68,45,2,431,0,4,46,0,50,316,72,91,2,481,10,0,10,491
09/01/2016,SJC,CA,AWP,WE,Towers with Radar,317,78,52,0,447,0,1,38,0,39,317,79,90,0,486,3,0,3,489
09/02/2016,SJC,CA,AWP,WE,Towers with Radar,318,71,55,2,446,0,1,68,0,69,318,72,123,2,515,2,0,2,517
09/03/2016,SJC,CA,AWP,WE,Towers with Radar,204,20,23,0,247,0,5,48,2,55,204,25,71,2,302,54,0,54,356
09/04/2016,SJC,CA,AWP,WE,Towers with Radar,216,30,26,0,272,0,0,28,0,28,216,30,54,0,300,20,0,20,320
09/05/2016,SJC,CA,AWP,WE,Towers with Radar,292,59,51,0,402,0,1,37,0,38,292,60,88,0,440,72,0,72,512
09/06/2016,SJC,CA,AWP,WE,Towers with Radar,301,62,39,0,402,0,0,32,0,32,301,62,71,0,434,20,0,20,454
09/07/2016,SJC,CA,AWP,WE,Towers with Radar,313,63,44,0,420,0,1,55,0,56,313,64,99,0,476,8,0,8,484
09/08/2016,SJC,CA,AWP,WE,Towers with Radar,315,57,51,0,423,0,0,37,1,38,315,57,88,1,461,2,0,2,463
09/09/2016,SJC,CA,AWP,WE,Towers with Radar,313,79,62,0,454,0,4,31,1,36,313,83,93,1,490,9,0,9,499
09/10/2016,SJC,CA,AWP,WE,Towers with Radar,217,29,23,0,269,0,0,40,0,40,217,29,63,0,309,16,0,16,325
09/11/2016,SJC,CA,AWP,WE,Towers with Radar,298,49,46,0,393,0,2,43,1,46,298,51,89,1,439,0,0,0,439
09/12/2016,SJC,CA,AWP,WE,Towers with Radar,320,70,70,0,460,0,1,44,0,45,320,71,114,0,505,6,0,6,511
09/13/2016,SJC,CA,AWP,WE,Towers with Radar,328,64,61,1,454,0,3,27,0,30,328,67,88,1,484,0,0,0,484
09/14/2016,SJC,CA,AWP,WE,Towers with Radar,311,60,38,2,411,0,1,50,0,51,311,61,88,2,462,4,0,4,466
09/15/2016,SJC,CA,AWP,WE,Towers with Radar,323,91,61,3,478,0,1,52,0,53,323,92,113,3,531,22,0,22,553
09/16/2016,SJC,CA,AWP,WE,Towers with Radar,324,62,52,0,438,0,1,56,0,57,324,63,108,0,495,12,0,12,507
09/17/2016,SJC,CA,AWP,WE,Towers with Radar,220,36,44,1,301,0,3,39,0,42,220,39,83,1,343,12,0,12,355
09/18/2016,SJC,CA,AWP,WE,Towers with Radar,297,64,59,0,420,0,4,36,0,40,297,68,95,0,460,4,0,4,464
09/19/2016,SJC,CA,AWP,WE,Towers with Radar,319,56,34,0,409,0,3,34,1,38,319,59,68,1,447,8,0,8,455
09/20/2016,SJC,CA,AWP,WE,Towers with Radar,306,68,58,0,432,0,1,44,0,45,306,69,102,0,477,16,0,16,493
09/21/2016,SJC,CA,AWP,WE,Towers with Radar,314,79,50,0,443,0,1,35,0,36,314,80,85,0,479,8,0,8,487
09/22/2016,SJC,CA,AWP,WE,Towers with Radar,322,74,60,0,456,0,2,42,0,44,322,76,102,0,500,38,0,38,538
09/23/2016,SJC,CA,AWP,WE,Towers with Radar,324,60,51,0,435,0,1,55,0,56,324,61,106,0,491,20,0,20,511
09/24/2016,SJC,CA,AWP,WE,Towers with Radar,224,23,39,0,286,0,1,32,2,35,224,24,71,2,321,12,0,12,333
09/25/2016,SJC,CA,AWP,WE,Towers with Radar,296,59,44,0,399,0,1,39,0,40,296,60,83,0,439,0,0,0,439
09/26/2016,SJC,CA,AWP,WE,Towers with Radar,321,60,41,0,422,0,2,50,0,52,321,62,91,0,474,0,0,0,474
09/27/2016,SJC,CA,AWP,WE,Towers with Radar,312,60,40,0,412,0,2,54,0,56,312,62,94,0,468,24,0,24,492
09/28/2016,SJC,CA,AWP,WE,Towers with Radar,314,67,46,0,427,0,0,49,2,51,314,67,95,2,478,16,0,16,494
09/29/2016,SJC,CA,AWP,WE,Towers with Radar,324,77,57,0,458,0,4,31,1,36,324,81,88,1,494,0,0,0,494
09/30/2016,SJC,CA,AWP,WE,Towers with Radar,328,74,53,0,455,0,5,39,0,44,328,79,92,0,499,70,0,70,569
10/01/2016,SJC,CA,AWP,WE,Towers with Radar,225,43,32,1,301,0,1,35,0,36,225,44,67,1,337,30,0,30,367
10/02/2016,SJC,CA,AWP,WE,Towers with Radar,302,84,60,0,446,0,1,51,2,54,302,85,111,2,500,2,0,2,502
10/03/2016,SJC,CA,AWP,WE,Towers with Radar,322,61,41,1,425,0,0,9,0,9,322,61,50,1,434,0,0,0,434
10/04/2016,SJC,CA,AWP,WE,Towers with Radar,307,74,46,0,427,0,1,31,0,32,307,75,77,0,459,38,0,38,497
10/05/2016,SJC,CA,AWP,WE,Towers with Radar,324,62,56,0,442,0,0,52,0,52,324,62,108,0,494,44,0,44,538
10/06/2016,SJC,CA,AWP,WE,Towers with Radar,322,91,69,0,482,0,1,57,1,59,322,92,126,1,541,4,0,4,545
10/07/2016,SJC,CA,AWP,WE,Towers with Radar,327,74,57,0,458,0,0,37,2,39,327,74,94,2,497,28,0,28,525
10/08/2016,SJC,CA,AWP,WE,Towers with Radar,214,33,28,0,275,0,4,54,0,58,214,37,82,0,333,12,0,12,345
10/09/2016,SJC,CA,AWP,WE,Towers with Radar,294,76,60,0,430,0,1,30,0,31,294,77,90,0,461,10,0,10,471
10/10/2016,SJC,CA,AWP,WE,Towers with Radar,323,70,42,0,435,0,0,35,1,36,323,70,77,1,471,28,0,28,499
10/11/2016,SJC,CA,AWP,WE,Towers with Radar,311,55,64,3,433,0,4,21,1,26,311,59,85,4,459,2,0,2,461
10/12/2016,SJC,CA,AWP,WE,Towers with Radar,319,72,50,2,443,0,6,26,2,34,319,78,76,4,477,36,0,36,513
10/13/2016,SJC,CA,AWP,WE,Towers with Radar,317,75,64,0,456,0,0,46,0,46,317,75,110,0,502,12,0,12,514
10/14/2016,SJC,CA,AWP,WE,Towers with Radar,323,68,65,0,456,0,0,3,1,4,323,68,68,1,460,0,0,0,460
10/15/2016,SJC,CA,AWP,WE,Towers with Radar,212,22,28,0,262,0,3,5,0,8,212,25,33,0,270,0,0,0,270
10/16/2016,SJC,CA,AWP,WE,Towers with Radar,290,47,53,0,390,0,1,5,0,6,290,48,58,0,396,0,0,0,396
10/17/2016,SJC,CA,AWP,WE,Towers with Radar,319,62,43,0,424,0,0,27,0,27,319,62,70,0,451,2,0,2,453
10/18/2016,SJC,CA,AWP,WE,Towers with Radar,310,85,44,0,439,0,1,22,5,28,310,86,66,5,467,22,0,22,489
10/19/2016,SJC,CA,AWP,WE,Towers with Radar,316,85,59,0,460,0,0,35,0,35,316,85,94,0,495,4,0,4,499
10/20/2016,SJC,CA,AWP,WE,Towers with Radar,321,92,52,0,465,0,0,34,0,34,321,92,86,0,499,18,0,18,517
10/21/2016,SJC,CA,AWP,WE,Towers with Radar,324,98,56,0,478,0,2,37,0,39,324,100,93,0,517,10,0,10,527
10/22/2016,SJC,CA,AWP,WE,Towers with Radar,215,41,34,0,290,0,5,49,1,55,215,46,83,1,345,6,0,6,351
10/23/2016,SJC,CA,AWP,WE,Towers with Radar,298,73,64,1,436,0,0,61,12,73,298,73,125,13,509,10,4,14,523
10/24/2016,SJC,CA,AWP,WE,Towers with Radar,327,77,54,0,458,0,0,6,0,6,327,77,60,0,464,6,0,6,470
10/25/2016,SJC,CA,AWP,WE,Towers with Radar,307,87,72,0,466,0,2,10,1,13,307,89,82,1,479,2,0,2,481
10/26/2016,SJC,CA,AWP,WE,Towers with Radar,312,58,37,2,409,0,1,49,0,50,312,59,86,2,459,8,0,8,467
10/27/2016,SJC,CA,AWP,WE,Towers with Radar,318,75,68,1,462,0,0,2,0,2,318,75,70,1,464,6,0,6,470
10/28/2016,SJC,CA,AWP,WE,Towers with Radar,327,64,60,0,451,0,0,2,0,2,327,64,62,0,453,4,0,4,457
10/29/2016,SJC,CA,AWP,WE,Towers with Radar,212,29,33,0,274,0,3,13,0,16,212,32,46,0,290,8,0,8,298
10/30/2016,SJC,CA,AWP,WE,Towers with Radar,290,40,55,0,385,0,0,2,0,2,290,40,57,0,387,2,0,2,389
10/31/2016,SJC,CA,AWP,WE,Towers with Radar,286,67,32,0,385,0,0,14,0,14,286,67,46,0,399,0,0,0,399
11/01/2016,SJC,CA,AWP,WE,Towers with Radar,312,78,52,0,442,0,0,20,0,20,312,78,72,0,462,12,0,12,474
11/02/2016,SJC,CA,AWP,WE,Towers with Radar,319,74,58,0,451,0,0,42,0,42,319,74,100,0,493,56,0,56,549
11/03/2016,SJC,CA,AWP,WE,Towers with Radar,316,89,65,0,470,0,0,49,0,49,316,89,114,0,519,14,0,14,533
11/04/2016,SJC,CA,AWP,WE,Towers with Radar,326,69,45,2,442,0,0,42,4,46,326,69,87,6,488,14,0,14,502
11/05/2016,SJC,CA,AWP,WE,Towers with Radar,217,36,49,0,302,0,1,49,0,50,217,37,98,0,352,18,0,18,370
11/06/2016,SJC,CA,AWP,WE,Towers with Radar,296,58,80,0,434,0,0,45,1,46,296,58,125,1,480,0,0,0,480
11/07/2016,SJC,CA,AWP,WE,Towers with Radar,293,49,44,1,387,0,0,33,0,33,293,49,77,1,420,2,0,2,422
11/08/2016,SJC,CA,AWP,WE,Towers with Radar,276,72,51,0,399,0,2,33,0,35,276,74,84,0,434,0,0,0,434
11/09/2016,SJC,CA,AWP,WE,Towers with Radar,317,82,67,0,466,0,0,49,0,49,317,82,116,0,515,22,0,22,537
11/10/2016,SJC,CA,AWP,WE,Towers with Radar,324,84,65,0,473,0,2,43,2,47,324,86,108,2,520,106,0,106,626
11/11/2016,SJC,CA,AWP,WE,Towers with Radar,326,77,53,0,456,0,0,39,0,39,326,77,92,0,495,0,0,0,495
11/12/2016,SJC,CA,AWP,WE,Towers with Radar,224,33,28,0,285,0,1,27,2,30,224,34,55,2,315,28,0,28,343
11/13/2016,SJC,CA,AWP,WE,Towers with Radar,303,55,53,0,411,0,3,44,0,47,303,58,97,0,458,6,0,6,464
11/14/2016,SJC,CA,AWP,WE,Towers with Radar,324,97,63,2,486,0,0,18,0,18,324,97,81,2,504,0,0,0,504
11/15/2016,SJC,CA,AWP,WE,Towers with Radar,314,86,66,1,467,0,0,14,0,14,314,86,80,1,481,0,0,0,481
11/16/2016,SJC,CA,AWP,WE,Towers with Radar,315,71,68,1,455,0,0,35,0,35,315,71,103,1,490,8,0,8,498
11/17/2016,SJC,CA,AWP,WE,Towers with Radar,319,105,72,0,496,0,0,41,0,41,319,105,113,0,537,32,0,32,569
11/18/2016,SJC,CA,AWP,WE,Towers with Radar,325,92,60,0,477,0,0,53,4,57,325,92,113,4,534,0,0,0,534
11/19/2016,SJC,CA,AWP,WE,Towers with Radar,240,41,39,0,320,0,1,8,2,11,240,42,47,2,331,0,0,0,331
11/20/2016,SJC,CA,AWP,WE,Towers with Radar,285,69,76,1,431,0,1,6,2,9,285,70,82,3,440,0,0,0,440
11/21/2016,SJC,CA,AWP,WE,Towers with Radar,298,38,39,0,375,0,0,19,0,19,298,38,58,0,394,6,0,6,400
11/22/2016,SJC,CA,AWP,WE,Towers with Radar,326,65,58,0,449,0,0,33,0,33,326,65,91,0,482,8,0,8,490
11/23/2016,SJC,CA,AWP,WE,Towers with Radar,343,64,56,0,463,0,0,40,0,40,343,64,96,0,503,0,0,0,503
11/24/2016,SJC,CA,AWP,WE,Towers with Radar,200,27,16,0,243,0,0,16,1,17,200,27,32,1,260,0,0,0,260
11/25/2016,SJC,CA,AWP,WE,Towers with Radar,262,27,27,0,316,0,0,25,1,26,262,27,52,1,342,2,0,2,344
11/26/2016,SJC,CA,AWP,WE,Towers with Radar,282,61,43,0,386,0,0,3,0,3,282,61,46,0,389,0,0,0,389
11/27/2016,SJC,CA,AWP,WE,Towers with Radar,348,87,72,0,507,0,1,34,0,35,348,88,106,0,542,0,0,0,542
11/28/2016,SJC,CA,AWP,WE,Towers with Radar,339,72,50,0,461,0,0,16,0,16,339,72,66,0,477,22,0,22,499
11/29/2016,SJC,CA,AWP,WE,Towers with Radar,317,61,44,0,422,0,1,33,0,34,317,62,77,0,456,2,0,2,458
11/30/2016,SJC,CA,AWP,WE,Towers with Radar,309,59,45,0,413,0,0,15,0,15,309,59,60,0,428,0,0,0,428
12/01/2016,SJC,CA,AWP,WE,Towers with Radar,319,80,46,0,445,0,0,28,0,28,319,80,74,0,473,8,0,8,481
12/02/2016,SJC,CA,AWP,WE,Towers with Radar,312,77,91,2,482,0,3,44,0,47,312,80,135,2,529,2,0,2,531
12/03/2016,SJC,CA,AWP,WE,Towers with Radar,219,37,36,0,292,0,3,40,0,43,219,40,76,0,335,8,0,8,343
12/04/2016,SJC,CA,AWP,WE,Towers with Radar,283,65,47,0,395,0,1,31,0,32,283,66,78,0,427,6,0,6,433
12/05/2016,SJC,CA,AWP,WE,Towers with Radar,305,70,63,0,438,0,1,12,0,13,305,71,75,0,451,12,0,12,463
12/06/2016,SJC,CA,AWP,WE,Towers with Radar,302,78,59,0,439,0,1,37,0,38,302,79,96,0,477,4,0,4,481
12/07/2016,SJC,CA,AWP,WE,Towers with Radar,307,73,54,0,434,0,3,35,0,38,307,76,89,0,472,12,0,12,484
12/08/2016,SJC,CA,AWP,WE,Towers with Radar,301,83,52,0,436,0,0,9,0,9,301,83,61,0,445,12,0,12,457
12/09/2016,SJC,CA,AWP,WE,Towers with Radar,308,71,42,0,421,0,1,17,1,19,308,72,59,1,440,6,0,6,446
12/10/2016,SJC,CA,AWP,WE,Towers with Radar,214,30,26,0,270,0,3,2,0,5,214,33,28,0,275,20,0,20,295
12/11/2016,SJC,CA,AWP,WE,Towers with Radar,285,49,42,0,376,0,2,52,2,56,285,51,94,2,432,40,0,40,472
12/12/2016,SJC,CA,AWP,WE,Towers with Radar,308,58,33,0,399,0,1,33,0,34,308,59,66,0,433,24,0,24,457
12/13/2016,SJC,CA,AWP,WE,Towers with Radar,309,55,57,2,423,0,0,21,0,21,309,55,78,2,444,0,0,0,444
12/14/2016,SJC,CA,AWP,WE,Towers with Radar,313,60,41,0,414,0,1,14,0,15,313,61,55,0,429,0,0,0,429
12/15/2016,SJC,CA,AWP,WE,Towers with Radar,326,87,59,0,472,0,0,4,0,4,326,87,63,0,476,0,0,0,476
12/16/2016,SJC,CA,AWP,WE,Towers with Radar,298,70,47,0,415,0,2,26,1,29,298,72,73,1,444,0,0,0,444
12/17/2016,SJC,CA,AWP,WE,Towers with Radar,226,37,21,0,284,0,2,43,0,45,226,39,64,0,329,6,0,6,335
12/18/2016,SJC,CA,AWP,WE,Towers with Radar,275,38,20,0,333,0,2,48,0,50,275,40,68,0,383,38,0,38,421
12/19/2016,SJC,CA,AWP,WE,Towers with Radar,303,54,37,0,394,0,2,49,0,51,303,56,86,0,445,12,0,12,457
12/20/2016,SJC,CA,AWP,WE,Towers with Radar,303,58,34,0,395,0,2,44,1,47,303,60,78,1,442,10,0,10,452
12/21/2016,SJC,CA,AWP,WE,Towers with Radar,311,66,36,0,413,0,2,47,1,50,311,68,83,1,463,64,0,64,527
12/22/2016,SJC,CA,AWP,WE,Towers with Radar,313,66,31,0,410,0,1,52,0,53,313,67,83,0,463,0,0,0,463
12/23/2016,SJC,CA,AWP,WE,Towers with Radar,331,55,34,0,420,0,0,5,0,5,331,55,39,0,425,0,0,0,425
12/24/2016,SJC,CA,AWP,WE,Towers with Radar,220,29,17,0,266,0,1,17,0,18,220,30,34,0,284,26,0,26,310
12/25/2016,SJC,CA,AWP,WE,Towers with Radar,225,28,19,0,272,0,0,14,1,15,225,28,33,1,287,4,0,4,291
12/26/2016,SJC,CA,AWP,WE,Towers with Radar,318,67,49,0,434,0,0,42,0,42,318,67,91,0,476,4,0,4,480
12/27/2016,SJC,CA,AWP,WE,Towers with Radar,317,45,28,0,390,0,0,34,0,34,317,45,62,0,424,4,0,4,428
12/28/2016,SJC,CA,AWP,WE,Towers with Radar,320,31,19,0,370,0,0,47,0,47,320,31,66,0,417,0,0,0,417
12/29/2016,SJC,CA,AWP,WE,Towers with Radar,319,25,18,0,362,0,0,31,3,34,319,25,49,3,396,0,0,0,396
12/30/2016,SJC,CA,AWP,WE,Towers with Radar,318,37,24,0,379,0,2,44,0,46,318,39,68,0,425,30,0,30,455
12/31/2016,SJC,CA,AWP,WE,Towers with Radar,207,36,21,0,264,0,3,19,2,24,207,39,40,2,288,16,0,16,304
01/01/2017,SJC,CA,AWP,WE,Towers with Radar,260,39,48,0,347,0,2,18,0,20,260,41,66,0,367,24,0,24,391
01/02/2017,SJC,CA,AWP,WE,Towers with Radar,307,74,61,0,442,0,0,10,0,10,307,74,71,0,452,8,0,8,460
01/03/2017,SJC,CA,AWP,WE,Towers with Radar,303,47,47,0,397,0,1,6,0,7,303,48,53,0,404,0,0,0,404
01/04/2017,SJC,CA,AWP,WE,Towers with Radar,308,58,45,2,413,0,0,0,0,0,308,58,45,2,413,0,0,0,413
01/05/2017,SJC,CA,AWP,WE,Towers with Radar,301,47,41,0,389,0,1,34,1,36,301,48,75,1,425,2,0,2,427
01/06/2017,SJC,CA,AWP,WE,Towers with Radar,307,52,47,0,406,0,4,32,0,36,307,56,79,0,442,48,0,48,490
01/07/2017,SJC,CA,AWP,WE,Towers with Radar,199,35,30,0,264,0,0,2,0,2,199,35,32,0,266,0,0,0,266
01/08/2017,SJC,CA,AWP,WE,Towers with Radar,267,71,51,0,389,0,0,2,0,2,267,71,53,0,391,0,0,0,391
01/09/2017,SJC,CA,AWP,WE,Towers with Radar,319,54,58,0,431,0,0,21,1,22,319,54,79,1,453,0,0,0,453
01/10/2017,SJC,CA,AWP,WE,Towers with Radar,316,89,52,0,457,0,0,1,0,1,316,89,53,0,458,0,0,0,458
01/11/2017,SJC,CA,AWP,WE,Towers with Radar,286,52,59,0,397,0,2,14,0,16,286,54,73,0,413,6,0,6,419
01/12/2017,SJC,CA,AWP,WE,Towers with Radar,311,77,44,0,432,0,0,18,0,18,311,77,62,0,450,0,0,0,450
01/13/2017,SJC,CA,AWP,WE,Towers with Radar,319,116,70,0,505,0,2,57,0,59,319,118,127,0,564,0,0,0,564
01/14/2017,SJC,CA,AWP,WE,Towers with Radar,215,25,16,0,256,0,0,37,0,37,215,25,53,0,293,18,0,18,311
01/15/2017,SJC,CA,AWP,WE,Towers with Radar,253,29,40,4,326,0,0,17,1,18,253,29,57,5,344,0,0,0,344
01/16/2017,SJC,CA,AWP,WE,Towers with Radar,322,74,53,1,450,0,0,41,1,42,322,74,94,2,492,40,0,40,532
01/17/2017,SJC,CA,AWP,WE,Towers with Radar,301,39,27,0,367,0,5,20,0,25,301,44,47,0,392,18,0,18,410
01/18/2017,SJC,CA,AWP,WE,Towers with Radar,300,54,54,0,408,0,2,1,0,3,300,56,55,0,411,0,0,0,411
01/19/2017,SJC,CA,AWP,WE,Towers with Radar,324,85,51,0,460,0,1,16,0,17,324,86,67,0,477,20,0,20,497
01/20/2017,SJC,CA,AWP,WE,Towers with Radar,312,62,42,2,418,0,0,17,0,17,312,62,59,2,435,0,0,0,435
01/21/2017,SJC,CA,AWP,WE,Towers with Radar,209,28,31,0,268,0,0,22,0,22,209,28,53,0,290,12,0,12,302
01/22/2017,SJC,CA,AWP,WE,Towers with Radar,263,38,30,0,331,0,0,10,0,10,263,38,40,0,341,6,0,6,347
01/23/2017,SJC,CA,AWP,WE,Towers with Radar,318,51,34,0,403,0,0,12,3,15,318,51,46,3,418,0,0,0,418
01/24/2017,SJC,CA,AWP,WE,Towers with Radar,308,77,47,1,433,0,0,21,0,21,308,77,68,1,454,26,0,26,480
01/25/2017,SJC,CA,AWP,WE,Towers with Radar,305,62,73,0,440,0,3,44,0,47,305,65,117,0,487,0,0,0,487
01/26/2017,SJC,CA,AWP,WE,Towers with Radar,320,101,50,0,471,0,2,61,0,63,320,103,111,0,534,40,0,40,574
01/27/2017,SJC,CA,AWP,WE,Towers with Radar,320,76,50,0,446,0,0,57,0,57,320,76,107,0,503,12,0,12,515
01/28/2017,SJC,CA,AWP,WE,Towers with Radar,206,33,21,0,260,0,2,63,0,65,206,35,84,0,325,32,0,32,357
01/29/2017,SJC,CA,AWP,WE,Towers with Radar,261,63,37,0,361,0,0,37,0,37,261,63,74,0,398,8,0,8,406
01/30/2017,SJC,CA,AWP,WE,Towers with Radar,313,47,32,0,392,0,0,37,0,37,313,47,69,0,429,32,0,32,461
01/31/2017,SJC,CA,AWP,WE,Towers with Radar,297,72,56,0,425,0,0,50,0,50,297,72,106,0,475,14,0,14,489
02/01/2017,SJC,CA,AWP,WE,Towers with Radar,297,63,61,0,421,0,1,32,0,33,297,64,93,0,454,12,0,12,466
02/02/2017,SJC,CA,AWP,WE,Towers with Radar,317,81,68,0,466,0,1,5,0,6,317,82,73,0,472,0,0,0,472
02/03/2017,SJC,CA,AWP,WE,Towers with Radar,323,81,55,0,459,0,1,9,0,10,323,82,64,0,469,0,0,0,469
02/04/2017,SJC,CA,AWP,WE,Towers with Radar,203,37,33,0,273,0,2,11,0,13,203,39,44,0,286,12,0,12,298
02/05/2017,SJC,CA,AWP,WE,Towers with Radar,235,49,37,0,321,0,5,4,0,9,235,54,41,0,330,10,0,10,340
02/06/2017,SJC,CA,AWP,WE,Towers with Radar,307,72,57,0,436,0,3,7,0,10,307,75,64,0,446,0,0,0,446
02/07/2017,SJC,CA,AWP,WE,Towers with Radar,308,66,50,0,424,0,0,5,0,5,308,66,55,0,429,0,0,0,429
02/08/2017,SJC,CA,AWP,WE,Towers with Radar,301,67,62,1,431,0,1,3,0,4,301,68,65,1,435,0,0,0,435
02/09/2017,SJC,CA,AWP,WE,Towers with Radar,314,73,65,0,452,0,0,1,0,1,314,73,66,0,453,0,0,0,453
02/10/2017,SJC,CA,AWP,WE,Towers with Radar,312,85,58,2,457,0,0,14,0,14,312,85,72,2,471,0,0,0,471
02/11/2017,SJC,CA,AWP,WE,Towers with Radar,207,28,23,0,258,0,1,42,0,43,207,29,65,0,301,38,0,38,339
02/12/2017,SJC,CA,AWP,WE,Towers with Radar,272,62,43,0,377,0,0,37,0,37,272,62,80,0,414,0,0,0,414
02/13/2017,SJC,CA,AWP,WE,Towers with Radar,322,61,63,0,446,0,0,30,0,30,322,61,93,0,476,0,0,0,476
02/14/2017,SJC,CA,AWP,WE,Towers with Radar,282,64,39,4,389,0,0,33,0,33,282,64,72,4,422,8,0,8,430
02/15/2017,SJC,CA,AWP,WE,Towers with Radar,299,66,62,0,427,0,2,25,1,28,299,68,87,1,455,26,0,26,481
02/16/2017,SJC,CA,AWP,WE,Towers with Radar,321,90,65,0,476,0,1,25,0,26,321,91,90,0,502,10,0,10,512
02/17/2017,SJC,CA,AWP,WE,Towers with Radar,289,71,73,0,433,0,0,1,0,1,289,71,74,0,434,0,0,0,434
02/18/2017,SJC,CA,AWP,WE,Towers with Radar,212,65,38,0,315,0,0,4,0,4,212,65,42,0,319,0,0,0,319
02/19/2017,SJC,CA,AWP,WE,Towers with Radar,253,39,29,0,321,0,1,6,0,7,253,40,35,0,328,12,0,12,340
02/20/2017,SJC,CA,AWP,WE,Towers with Radar,313,57,37,0,407,0,0,0,0,0,313,57,37,0,407,0,0,0,407
02/21/2017,SJC,CA,AWP,WE,Towers with Radar,309,76,53,0,438,0,2,12,0,14,309,78,65,0,452,0,0,0,452
02/22/2017,SJC,CA,AWP,WE,Towers with Radar,311,66,47,0,424,0,0,36,0,36,311,66,83,0,460,12,0,12,472
02/23/2017,SJC,CA,AWP,WE,Towers with Radar,312,73,54,0,439,0,3,41,0,44,312,76,95,0,483,6,0,6,489
02/24/2017,SJC,CA,AWP,WE,Towers with Radar,322,76,53,0,451,0,0,46,2,48,322,76,99,2,499,8,0,8,507
02/25/2017,SJC,CA,AWP,WE,Towers with Radar,207,68,53,0,328,0,1,28,2,31,207,69,81,2,359,24,0,24,383
02/26/2017,SJC,CA,AWP,WE,Towers with Radar,269,91,62,0,422,0,0,44,0,44,269,91,106,0,466,26,0,26,492
02/27/2017,SJC,CA,AWP,WE,Towers with Radar,315,75,51,0,441,0,0,29,1,30,315,75,80,1,471,0,0,0,471
02/28/2017,SJC,CA,AWP,WE,Towers with Radar,306,56,50,0,412,0,2,47,0,49,306,58,97,0,461,2,0,2,463
03/01/2017,SJC,CA,AWP,WE,Towers with Radar,304,59,59,0,422,0,3,33,1,37,304,62,92,1,459,2,0,2,461
03/02/2017,SJC,CA,AWP,WE,Towers with Radar,312,68,45,0,425,0,3,49,0,52,312,71,94,0,477,36,0,36,513
03/03/2017,SJC,CA,AWP,WE,Towers with Radar,317,74,41,0,432,0,4,59,0,63,317,78,100,0,495,14,0,14,509
03/04/2017,SJC,CA,AWP,WE,Towers with Radar,214,19,17,0,250,0,1,16,0,17,214,20,33,0,267,20,0,20,287
03/05/2017,SJC,CA,AWP,WE,Towers with Radar,262,60,58,0,380,0,0,7,0,7,262,60,65,0,387,6,0,6,393
03/06/2017,SJC,CA,AWP,WE,Towers with Radar,313,58,39,0,410,0,1,20,1,22,313,59,59,1,432,24,0,24,456
03/07/2017,SJC,CA,AWP,WE,Towers with Radar,298,74,56,0,428,0,0,54,0,54,298,74,110,0,482,14,0,14,496
03/08/2017,SJC,CA,AWP,WE,Towers with Radar,308,56,51,0,415,0,1,58,0,59,308,57,109,0,474,10,0,10,484
03/09/2017,SJC,CA,AWP,WE,Towers with Radar,323,87,42,0,452,0,4,36,0,40,323,91,78,0,492,10,0,10,502
03/10/2017,SJC,CA,AWP,WE,Towers with Radar,323,77,52,0,452,0,1,43,0,44,323,78,95,0,496,0,0,0,496
03/11/2017,SJC,CA,AWP,WE,Towers with Radar,217,44,26,0,287,0,0,46,0,46,217,44,72,0,333,30,0,30,363
03/12/2017,SJC,CA,AWP,WE,Towers with Radar,290,73,47,0,410,0,0,36,1,37,290,73,83,1,447,0,0,0,447
03/13/2017,SJC,CA,AWP,WE,Towers with Radar,324,65,45,0,434,0,3,45,0,48,324,68,90,0,482,10,0,10,492
03/14/2017,SJC,CA,AWP,WE,Towers with Radar,313,63,46,0,422,0,4,46,0,50,313,67,92,0,472,38,0,38,510
03/15/2017,SJC,CA,AWP,WE,Towers with Radar,327,61,41,1,430,0,2,30,0,32,327,63,71,1,462,42,0,42,504
03/16/2017,SJC,CA,AWP,WE,Towers with Radar,338,78,45,4,465,0,0,39,0,39,338,78,84,4,504,16,0,16,520
03/17/2017,SJC,CA,AWP,WE,Towers with Radar,333,74,50,2,459,0,3,53,2,58,333,77,103,4,517,32,0,32,549
03/18/2017,SJC,CA,AWP,WE,Towers with Radar,235,41,30,0,306,0,3,17,0,20,235,44,47,0,326,0,0,0,326
03/19/2017,SJC,CA,AWP,WE,Towers with Radar,301,48,51,2,402,0,1,43,0,44,301,49,94,2,446,20,0,20,466
03/20/2017,SJC,CA,AWP,WE,Towers with Radar,329,59,39,1,428,0,0,18,0,18,329,59,57,1,446,20,0,20,466
03/21/2017,SJC,CA,AWP,WE,Towers with Radar,329,77,55,0,461,0,2,15,0,17,329,79,70,0,478,18,0,18,496
03/22/2017,SJC,CA,AWP,WE,Towers with Radar,336,78,65,0,479,0,0,19,0,19,336,78,84,0,498,14,0,14,512
03/23/2017,SJC,CA,AWP,WE,Towers with Radar,333,91,73,0,497,0,2,50,0,52,333,93,123,0,549,36,0,36,585
03/24/2017,SJC,CA,AWP,WE,Towers with Radar,329,97,68,2,496,0,0,0,0,0,329,97,68,2,496,0,0,0,496
03/25/2017,SJC,CA,AWP,WE,Towers with Radar,242,54,47,0,343,0,0,19,0,19,242,54,66,0,362,54,0,54,416
03/26/2017,SJC,CA,AWP,WE,Towers with Radar,304,61,38,0,403,0,0,27,0,27,304,61,65,0,430,2,0,2,432
03/27/2017,SJC,CA,AWP,WE,Towers with Radar,333,63,51,0,447,0,1,17,2,20,333,64,68,2,467,14,0,14,481
03/28/2017,SJC,CA,AWP,WE,Towers with Radar,325,59,48,0,432,0,2,54,0,56,325,61,102,0,488,32,0,32,520
03/29/2017,SJC,CA,AWP,WE,Towers with Radar,332,65,67,0,464,0,0,54,0,54,332,65,121,0,518,16,0,16,534
03/30/2017,SJC,CA,AWP,WE,Towers with Radar,318,62,55,0,435,0,3,35,0,38,318,65,90,0,473,12,0,12,485
03/31/2017,SJC,CA,AWP,WE,Towers with Radar,330,72,48,0,450,0,0,53,0,53,330,72,101,0,503,28,0,28,531
04/01/2017,SJC,CA,AWP,WE,Towers with Radar,234,40,41,0,315,0,2,49,3,54,234,42,90,3,369,12,0,12,381
04/02/2017,SJC,CA,AWP,WE,Towers with Radar,312,46,47,0,405,0,0,39,0,39,312,46,86,0,444,18,0,18,462
04/03/2017,SJC,CA,AWP,WE,Towers with Radar,331,47,37,0,415,0,0,40,1,41,331,47,77,1,456,10,0,10,466
04/04/2017,SJC,CA,AWP,WE,Towers with Radar,321,66,50,0,437,0,0,46,0,46,321,66,96,0,483,12,0,12,495
04/05/2017,SJC,CA,AWP,WE,Towers with Radar,326,73,53,0,452,0,1,43,0,44,326,74,96,0,496,26,0,26,522
04/06/2017,SJC,CA,AWP,WE,Towers with Radar,329,72,60,0,461,0,0,22,0,22,329,72,82,0,483,0,0,0,483
04/07/2017,SJC,CA,AWP,WE,Towers with Radar,318,74,52,0,444,0,2,10,0,12,318,76,62,0,456,0,0,0,456
04/08/2017,SJC,CA,AWP,WE,Towers with Radar,234,38,31,0,303,4,0,10,0,14,238,38,41,0,317,14,0,14,331
04/09/2017,SJC,CA,AWP,WE,Towers with Radar,302,45,35,0,382,0,2,50,0,52,302,47,85,0,434,28,0,28,462
04/10/2017,SJC,CA,AWP,WE,Towers with Radar,322,52,39,0,413,0,1,42,0,43,322,53,81,0,456,28,0,28,484
04/11/2017,SJC,CA,AWP,WE,Towers with Radar,328,68,50,0,446,0,0,27,0,27,328,68,77,0,473,0,0,0,473
04/12/2017,SJC,CA,AWP,WE,Towers with Radar,336,75,55,0,466,0,0,19,0,19,336,75,74,0,485,16,0,16,501
04/13/2017,SJC,CA,AWP,WE,Towers with Radar,330,84,60,0,474,0,0,10,0,10,330,84,70,0,484,18,0,18,502
04/14/2017,SJC,CA,AWP,WE,Towers with Radar,326,70,43,0,439,0,0,44,3,47,326,70,87,3,486,2,0,2,488
04/15/2017,SJC,CA,AWP,WE,Towers with Radar,241,33,28,0,302,0,0,41,0,41,241,33,69,0,343,0,0,0,343
04/16/2017,SJC,CA,AWP,WE,Towers with Radar,298,64,45,0,407,0,5,8,0,13,298,69,53,0,420,0,0,0,420
04/17/2017,SJC,CA,AWP,WE,Towers with Radar,333,74,57,0,464,0,3,17,1,21,333,77,74,1,485,0,0,0,485
04/18/2017,SJC,CA,AWP,WE,Towers with Radar,327,70,74,0,471,0,1,21,0,22,327,71,95,0,493,20,0,20,513
04/19/2017,SJC,CA,AWP,WE,Towers with Radar,334,67,47,0,448,0,0,42,1,43,334,67,89,1,491,0,0,0,491
04/20/2017,SJC,CA,AWP,WE,Towers with Radar,328,73,58,0,459,0,3,50,0,53,328,76,108,0,512,0,0,0,512
04/21/2017,SJC,CA,AWP,WE,Towers with Radar,331,72,52,0,455,0,3,43,0,46,331,75,95,0,501,2,0,2,503
04/22/2017,SJC,CA,AWP,WE,Towers with Radar,237,30,44,0,311,0,1,36,0,37,237,31,80,0,348,12,0,12,360
04/23/2017,SJC,CA,AWP,WE,Towers with Radar,314,68,51,1,434,0,0,49,0,49,314,68,100,1,483,16,2,18,501
04/24/2017,SJC,CA,AWP,WE,Towers with Radar,333,75,72,0,480,0,2,14,0,16,333,77,86,0,496,6,0,6,502
04/25/2017,SJC,CA,AWP,WE,Towers with Radar,325,85,70,0,480,0,0,25,0,25,325,85,95,0,505,2,0,2,507
04/26/2017,SJC,CA,AWP,WE,Towers with Radar,334,60,89,0,483,0,0,13,0,13,334,60,102,0,496,20,0,20,516
04/27/2017,SJC,CA,AWP,WE,Towers with Radar,319,93,69,0,481,0,1,53,0,54,319,94,122,0,535,38,0,38,573
04/28/2017,SJC,CA,AWP,WE,Towers with Radar,341,65,36,0,442,0,0,44,0,44,341,65,80,0,486,0,0,0,486
04/29/2017,SJC,CA,AWP,WE,Towers with Radar,247,26,21,0,294,0,0,44,0,44,247,26,65,0,338,6,0,6,344
04/30/2017,SJC,CA,AWP,WE,Towers with Radar,323,40,56,0,419,0,0,59,0,59,323,40,115,0,478,8,0,8,486
05/01/2017,SJC,CA,AWP,WE,Towers with Radar,343,57,48,0,448,0,1,58,0,59,343,58,106,0,507,16,0,16,523
05/02/2017,SJC,CA,AWP,WE,Towers with Radar,339,70,36,0,445,0,1,42,0,43,339,71,78,0,488,0,0,0,488
05/03/2017,SJC,CA,AWP,WE,Towers with Radar,338,62,58,0,458,0,7,34,1,42,338,69,92,1,500,6,0,6,506
05/04/2017,SJC,CA,AWP,WE,Towers with Radar,344,78,64,0,486,0,2,38,1,41,344,80,102,1,527,32,0,32,559
05/05/2017,SJC,CA,AWP,WE,Towers with Radar,345,74,52,2,473,0,3,44,0,47,345,77,96,2,520,14,0,14,534
05/06/2017,SJC,CA,AWP,WE,Towers with Radar,255,23,28,0,306,0,0,23,0,23,255,23,51,0,329,24,0,24,353
05/07/2017,SJC,CA,AWP,WE,Towers with Radar,327,44,40,0,411,0,5,49,0,54,327,49,89,0,465,0,0,0,465
05/08/2017,SJC,CA,AWP,WE,Towers with Radar,348,54,37,0,439,0,0,21,0,21,348,54,58,0,460,32,0,32,492
05/09/2017,SJC,CA,AWP,WE,Towers with Radar,344,63,45,0,452,0,2,48,1,51,344,65,93,1,503,6,0,6,509
05/10/2017,SJC,CA,AWP,WE,Towers with Radar,349,62,45,0,456,0,0,43,1,44,349,62,88,1,500,22,0,22,522
05/11/2017,SJC,CA,AWP,WE,Towers with Radar,265,63,33,0,361,0,0,23,0,23,265,63,56,0,384,8,0,8,392
05/12/2017,SJC,CA,AWP,WE,Towers with Radar,348,75,45,0,468,0,2,44,0,46,348,77,89,0,514,2,0,2,516
05/13/2017,SJC,CA,AWP,WE,Towers with Radar,253,35,14,0,302,0,2,35,0,37,253,37,49,0,339,16,0,16,355
05/14/2017,SJC,CA,AWP,WE,Towers with Radar,322,52,42,0,416,0,2,50,0,52,322,54,92,0,468,10,0,10,478
05/15/2017,SJC,CA,AWP,WE,Towers with Radar,353,73,54,0,480,0,0,30,0,30,353,73,84,0,510,34,0,34,544
05/16/2017,SJC,CA,AWP,WE,Towers with Radar,350,71,60,1,482,0,2,13,0,15,350,73,73,1,497,40,0,40,537
05/17/2017,SJC,CA,AWP,WE,Towers with Radar,346,82,67,0,495,0,5,48,0,53,346,87,115,0,548,8,0,8,556
05/18/2017,SJC,CA,AWP,WE,Towers with Radar,346,77,62,0,485,0,2,67,0,69,346,79,129,0,554,38,0,38,592
05/19/2017,SJC,CA,AWP,WE,Towers with Radar,350,71,44,0,465,0,0,52,0,52,350,71,96,0,517,14,0,14,531
05/20/2017,SJC,CA,AWP,WE,Towers with Radar,259,16,26,0,301,0,5,46,1,52,259,21,72,1,353,46,0,46,399
05/21/2017,SJC,CA,AWP,WE,Towers with Radar,339,64,42,0,445,0,1,53,0,54,339,65,95,0,499,6,0,6,505
05/22/2017,SJC,CA,AWP,WE,Towers with Radar,347,69,43,0,459,0,1,30,0,31,347,70,73,0,490,32,0,32,522
05/23/2017,SJC,CA,AWP,WE,Towers with Radar,345,85,43,0,473,0,5,32,0,37,345,90,75,0,510,4,0,4,514
05/24/2017,SJC,CA,AWP,WE,Towers with Radar,349,70,45,0,464,0,5,15,1,21,349,75,60,1,485,4,0,4,489
05/25/2017,SJC,CA,AWP,WE,Towers with Radar,347,81,58,0,486,0,6,21,0,27,347,87,79,0,513,0,0,0,513
05/26/2017,SJC,CA,AWP,WE,Towers with Radar,357,74,54,0,485,0,8,37,0,45,357,82,91,0,530,18,0,18,548
05/27/2017,SJC,CA,AWP,WE,Towers with Radar,248,15,23,0,286,0,3,39,0,42,248,18,62,0,328,34,0,34,362
05/28/2017,SJC,CA,AWP,WE,Towers with Radar,264,20,20,0,304,0,1,17,0,18,264,21,37,0,322,34,0,34,356
05/29/2017,SJC,CA,AWP,WE,Towers with Radar,324,74,56,0,454,0,0,23,0,23,324,74,79,0,477,0,0,0,477
05/30/2017,SJC,CA,AWP,WE,Towers with Radar,347,77,59,0,483,0,3,21,0,24,347,80,80,0,507,6,0,6,513
05/31/2017,SJC,CA,AWP,WE,Towers with Radar,354,66,52,0,472,0,0,27,0,27,354,66,79,0,499,12,0,12,511
06/01/2017,SJC,CA,AWP,WE,Towers with Radar,350,90,53,2,495,0,2,31,0,33,350,92,84,2,528,20,0,20,548
06/02/2017,SJC,CA,AWP,WE,Towers with Radar,351,82,42,0,475,0,0,37,0,37,351,82,79,0,512,4,0,4,516
06/03/2017,SJC,CA,AWP,WE,Towers with Radar,260,31,33,0,324,0,2,29,2,33,260,33,62,2,357,42,0,42,399
06/04/2017,SJC,CA,AWP,WE,Towers with Radar,344,54,37,0,435,0,1,44,1,46,344,55,81,1,481,12,0,12,493
06/05/2017,SJC,CA,AWP,WE,Towers with Radar,356,66,36,0,458,0,3,36,1,40,356,69,72,1,498,36,0,36,534
06/06/2017,SJC,CA,AWP,WE,Towers with Radar,354,84,64,0,502,0,4,32,0,36,354,88,96,0,538,0,0,0,538
06/07/2017,SJC,CA,AWP,WE,Towers with Radar,359,64,54,1,478,0,0,24,2,26,359,64,78,3,504,2,0,2,506
06/08/2017,SJC,CA,AWP,WE,Towers with Radar,358,95,56,0,509,0,0,11,0,11,358,95,67,0,520,16,0,16,536
06/09/2017,SJC,CA,AWP,WE,Towers with Radar,356,70,65,0,491,0,0,16,3,19,356,70,81,3,510,0,0,0,510
06/10/2017,SJC,CA,AWP,WE,Towers with Radar,270,43,42,0,355,0,2,38,3,43,270,45,80,3,398,10,0,10,408
06/11/2017,SJC,CA,AWP,WE,Towers with Radar,338,35,46,0,419,0,1,11,0,12,338,36,57,0,431,0,0,0,431
06/12/2017,SJC,CA,AWP,WE,Towers with Radar,362,49,53,0,464,0,1,28,2,31,362,50,81,2,495,8,0,8,503
06/13/2017,SJC,CA,AWP,WE,Towers with Radar,359,61,59,0,479,0,2,50,2,54,359,63,109,2,533,14,0,14,547
06/14/2017,SJC,CA,AWP,WE,Towers with Radar,359,80,55,0,494,0,1,81,0,82,359,81,136,0,576,6,0,6,582
06/15/2017,SJC,CA,AWP,WE,Towers with Radar,354,84,74,0,512,0,2,37,0,39,354,86,111,0,551,4,0,4,555
06/16/2017,SJC,CA,AWP,WE,Towers with Radar,357,86,85,0,528,0,3,55,2,60,357,89,140,2,588,10,0,10,598
06/17/2017,SJC,CA,AWP,WE,Towers with Radar,276,40,44,0,360,0,0,54,1,55,276,40,98,1,415,24,0,24,439
06/18/2017,SJC,CA,AWP,WE,Towers with Radar,341,54,49,0,444,0,2,30,0,32,341,56,79,0,476,12,0,12,488
06/19/2017,SJC,CA,AWP,WE,Towers with Radar,348,64,56,0,468,0,2,34,0,36,348,66,90,0,504,24,0,24,528
06/20/2017,SJC,CA,AWP,WE,Towers with Radar,361,66,56,0,483,0,1,49,0,50,361,67,105,0,533,8,0,8,541
06/21/2017,SJC,CA,AWP,WE,Towers with Radar,350,68,50,0,468,0,2,69,1,72,350,70,119,1,540,12,0,12,552
06/22/2017,SJC,CA,AWP,WE,Towers with Radar,360,73,49,0,482,0,1,58,1,60,360,74,107,1,542,4,0,4,546
06/23/2017,SJC,CA,AWP,WE,Towers with Radar,360,74,50,0,484,0,0,33,2,35,360,74,83,2,519,10,0,10,529
06/24/2017,SJC,CA,AWP,WE,Towers with Radar,277,24,27,0,328,0,0,27,0,27,277,24,54,0,355,16,0,16,371
06/25/2017,SJC,CA,AWP,WE,Towers with Radar,342,57,43,0,442,0,1,37,0,38,342,58,80,0,480,6,0,6,486
06/26/2017,SJC,CA,AWP,WE,Towers with Radar,362,77,47,0,486,0,0,51,0,51,362,77,98,0,537,12,0,12,549
06/27/2017,SJC,CA,AWP,WE,Towers with Radar,361,60,62,0,483,0,4,36,1,41,361,64,98,1,524,0,0,0,524
06/28/2017,SJC,CA,AWP,WE,Towers with Radar,358,56,54,0,468,0,0,39,0,39,358,56,93,0,507,2,0,2,509
06/29/2017,SJC,CA,AWP,WE,Towers with Radar,364,73,70,0,507,0,0,35,1,36,364,73,105,1,543,2,0,2,545
06/30/2017,SJC,CA,AWP,WE,Towers with Radar,356,92,66,0,514,0,2,47,6,55,356,94,113,6,569,28,0,28,597
07/01/2017,SJC,CA,AWP,WE,Towers with Radar,276,48,18,0,342,0,2,32,2,36,276,50,50,2,378,24,0,24,402
07/02/2017,SJC,CA,AWP,WE,Towers with Radar,326,41,30,0,397,0,0,28,0,28,326,41,58,0,425,2,0,2,427
07/03/2017,SJC,CA,AWP,WE,Towers with Radar,297,17,28,0,342,0,4,33,2,39,297,21,61,2,381,42,0,42,423
07/04/2017,SJC,CA,AWP,WE,Towers with Radar,273,15,22,0,310,0,1,22,1,24,273,16,44,1,334,12,0,12,346
07/05/2017,SJC,CA,AWP,WE,Towers with Radar,369,40,70,0,479,0,3,39,0,42,369,43,109,0,521,28,0,28,549
07/06/2017,SJC,CA,AWP,WE,Towers with Radar,362,39,26,2,429,0,0,38,2,40,362,39,64,4,469,6,2,8,477
07/07/2017,SJC,CA,AWP,WE,Towers with Radar,354,51,39,0,444,0,2,38,0,40,354,53,77,0,484,20,0,20,504
07/08/2017,SJC,CA,AWP,WE,Towers with Radar,285,26,36,1,348,0,6,40,0,46,285,32,76,1,394,6,0,6,400
07/09/2017,SJC,CA,AWP,WE,Towers with Radar,344,51,40,0,435,0,1,46,0,47,344,52,86,0,482,30,0,30,512
07/10/2017,SJC,CA,AWP,WE,Towers with Radar,367,48,41,0,456,0,3,51,0,54,367,51,92,0,510,0,0,0,510
07/11/2017,SJC,CA,AWP,WE,Towers with Radar,366,64,41,2,473,0,1,28,1,30,366,65,69,3,503,24,0,24,527
07/12/2017,SJC,CA,AWP,WE,Towers with Radar,361,50,31,0,442,0,2,53,0,55,361,52,84,0,497,6,0,6,503
07/13/2017,SJC,CA,AWP,WE,Towers with Radar,364,67,48,0,479,0,0,44,1,45,364,67,92,1,524,12,0,12,536
07/14/2017,SJC,CA,AWP,WE,Towers with Radar,358,80,51,0,489,0,0,52,0,52,358,80,103,0,541,24,0,24,565
07/15/2017,SJC,CA,AWP,WE,Towers with Radar,278,35,27,0,340,0,0,55,0,55,278,35,82,0,395,26,0,26,421
07/16/2017,SJC,CA,AWP,WE,Towers with Radar,348,67,48,0,463,0,2,56,1,59,348,69,104,1,522,24,0,24,546
07/17/2017,SJC,CA,AWP,WE,Towers with Radar,368,65,38,0,471,0,4,36,1,41,368,69,74,1,512,22,0,22,534
07/18/2017,SJC,CA,AWP,WE,Towers with Radar,370,62,48,0,480,0,2,53,0,55,370,64,101,0,535,72,0,72,607
07/19/2017,SJC,CA,AWP,WE,Towers with Radar,362,67,60,0,489,0,3,53,0,56,362,70,113,0,545,20,0,20,565
07/20/2017,SJC,CA,AWP,WE,Towers with Radar,369,82,46,0,497,0,2,51,0,53,369,84,97,0,550,16,0,16,566
07/21/2017,SJC,CA,AWP,WE,Towers with Radar,356,63,40,0,459,0,5,53,0,58,356,68,93,0,517,0,0,0,517
07/22/2017,SJC,CA,AWP,WE,Towers with Radar,278,24,21,0,323,0,3,40,2,45,278,27,61,2,368,26,0,26,394
07/23/2017,SJC,CA,AWP,WE,Towers with Radar,351,68,39,0,458,0,4,47,1,52,351,72,86,1,510,6,0,6,516
07/24/2017,SJC,CA,AWP,WE,Towers with Radar,362,51,37,0,450,0,0,33,2,35,362,51,70,2,485,18,0,18,503
07/25/2017,SJC,CA,AWP,WE,Towers with Radar,365,50,53,0,468,0,0,47,0,47,365,50,100,0,515,24,0,24,539
07/26/2017,SJC,CA,AWP,WE,Towers with Radar,366,77,54,0,497,0,0,42,0,42,366,77,96,0,539,14,0,14,553
07/27/2017,SJC,CA,AWP,WE,Towers with Radar,375,92,55,0,522,0,2,39,0,41,375,94,94,0,563,6,0,6,569
07/28/2017,SJC,CA,AWP,WE,Towers with Radar,371,69,42,0,482,0,1,41,2,44,371,70,83,2,526,6,0,6,532
07/29/2017,SJC,CA,AWP,WE,Towers with Radar,278,38,24,0,340,0,2,34,0,36,278,40,58,0,376,4,0,4,380
07/30/2017,SJC,CA,AWP,WE,Towers with Radar,347,61,30,0,438,0,1,49,0,50,347,62,79,0,488,14,0,14,502
07/31/2017,SJC,CA,AWP,WE,Towers with Radar,377,64,34,0,475,0,0,40,0,40,377,64,74,0,515,0,0,0,515
08/01/2017,SJC,CA,AWP,WE,Towers with Radar,363,76,54,0,493,0,1,20,1,22,363,77,74,1,515,4,0,4,519
08/02/2017,SJC,CA,AWP,WE,Towers with Radar,363,62,45,0,470,0,1,40,0,41,363,63,85,0,511,0,0,0,511
08/03/2017,SJC,CA,AWP,WE,Towers with Radar,355,68,56,0,479,0,1,45,0,46,355,69,101,0,525,2,0,2,527
08/04/2017,SJC,CA,AWP,WE,Towers with Radar,347,68,43,0,458,0,4,50,1,55,347,72,93,1,513,26,0,26,539
08/05/2017,SJC,CA,AWP,WE,Towers with Radar,278,33,24,0,335,0,3,37,0,40,278,36,61,0,375,14,0,14,389
08/06/2017,SJC,CA,AWP,WE,Towers with Radar,348,43,48,0,439,0,3,47,0,50,348,46,95,0,489,22,0,22,511
08/07/2017,SJC,CA,AWP,WE,Towers with Radar,368,59,47,0,474,0,2,30,0,32,368,61,77,0,506,18,0,18,524
08/08/2017,SJC,CA,AWP,WE,Towers with Radar,366,63,63,0,492,0,2,26,0,28,366,65,89,0,520,44,0,44,564
08/09/2017,SJC,CA,AWP,WE,Towers with Radar,369,77,50,0,496,0,3,17,0,20,369,80,67,0,516,12,0,12,528
08/10/2017,SJC,CA,AWP,WE,Towers with Radar,370,84,50,0,504,0,1,27,0,28,370,85,77,0,532,44,0,44,576
08/11/2017,SJC,CA,AWP,WE,Towers with Radar,367,72,43,0,482,0,1,43,0,44,367,73,86,0,526,14,0,14,540
08/12/2017,SJC,CA,AWP,WE,Towers with Radar,278,30,32,0,340,0,2,44,2,48,278,32,76,2,388,8,0,8,396
08/13/2017,SJC,CA,AWP,WE,Towers with Radar,347,40,38,0,425,0,2,44,0,46,347,42,82,0,471,10,0,10,481
08/14/2017,SJC,CA,AWP,WE,Towers with Radar,366,72,50,0,488,0,0,22,0,22,366,72,72,0,510,10,0,10,520
08/15/2017,SJC,CA,AWP,WE,Towers with Radar,369,71,44,0,484,0,0,24,1,25,369,71,68,1,509,0,0,0,509
08/16/2017,SJC,CA,AWP,WE,Towers with Radar,371,73,59,0,503,0,1,20,0,21,371,74,79,0,524,6,0,6,530
08/17/2017,SJC,CA,AWP,WE,Towers with Radar,368,77,55,0,500,0,3,33,2,38,368,80,88,2,538,24,0,24,562
08/18/2017,SJC,CA,AWP,WE,Towers with Radar,369,74,52,0,495,0,0,37,0,37,369,74,89,0,532,26,0,26,558
08/19/2017,SJC,CA,AWP,WE,Towers with Radar,279,47,32,0,358,0,2,33,0,35,279,49,65,0,393,4,0,4,397
08/20/2017,SJC,CA,AWP,WE,Towers with Radar,352,58,62,0,472,0,0,36,0,36,352,58,98,0,508,0,0,0,508
08/21/2017,SJC,CA,AWP,WE,Towers with Radar,365,106,88,1,560,0,2,44,0,46,365,108,132,1,606,10,0,10,616
08/22/2017,SJC,CA,AWP,WE,Towers with Radar,357,92,56,0,505,0,1,44,0,45,357,93,100,0,550,28,0,28,578
08/23/2017,SJC,CA,AWP,WE,Towers with Radar,362,79,47,1,489,0,2,24,0,26,362,81,71,1,515,0,0,0,515
08/24/2017,SJC,CA,AWP,WE,Towers with Radar,370,103,59,0,532,0,0,44,0,44,370,103,103,0,576,0,0,0,576
08/25/2017,SJC,CA,AWP,WE,Towers with Radar,368,82,34,0,484,0,1,51,3,55,368,83,85,3,539,8,0,8,547
08/26/2017,SJC,CA,AWP,WE,Towers with Radar,275,37,19,0,331,0,6,34,2,42,275,43,53,2,373,30,0,30,403
08/27/2017,SJC,CA,AWP,WE,Towers with Radar,338,53,42,0,433,0,0,59,1,60,338,53,101,1,493,2,0,2,495
08/28/2017,SJC,CA,AWP,WE,Towers with Radar,367,51,35,0,453,0,0,51,0,51,367,51,86,0,504,16,0,16,520
08/29/2017,SJC,CA,AWP,WE,Towers with Radar,356,61,40,0,457,0,0,20,0,20,356,61,60,0,477,2,0,2,479
08/30/2017,SJC,CA,AWP,WE,Towers with Radar,361,55,48,0,464,0,1,54,0,55,361,56,102,0,519,2,0,2,521
08/31/2017,SJC,CA,AWP,WE,Towers with Radar,362,87,41,0,490,0,0,59,0,59,362,87,100,0,549,4,0,4,553
09/01/2017,SJC,CA,AWP,WE,Towers with Radar,364,84,57,0,505,0,6,53,0,59,364,90,110,0,564,12,0,12,576
09/02/2017,SJC,CA,AWP,WE,Towers with Radar,250,34,17,0,301,0,1,28,0,29,250,35,45,0,330,6,0,6,336
09/03/2017,SJC,CA,AWP,WE,Towers with Radar,259,20,12,0,291,0,3,19,0,22,259,23,31,0,313,8,0,8,321
09/04/2017,SJC,CA,AWP,WE,Towers with Radar,341,82,54,1,478,0,6,26,0,32,341,88,80,1,510,4,0,4,514
09/05/2017,SJC,CA,AWP,WE,Towers with Radar,347,85,50,0,482,0,4,30,0,34,347,89,80,0,516,2,0,2,518
09/06/2017,SJC,CA,AWP,WE,Towers with Radar,351,83,43,1,478,0,2,32,0,34,351,85,75,1,512,4,0,4,516
09/07/2017,SJC,CA,AWP,WE,Towers with Radar,357,58,68,0,483,0,0,33,0,33,357,58,101,0,516,12,0,12,528
09/08/2017,SJC,CA,AWP,WE,Towers with Radar,360,65,54,0,479,0,1,41,0,42,360,66,95,0,521,2,0,2,523
09/09/2017,SJC,CA,AWP,WE,Towers with Radar,262,29,25,0,316,0,5,34,0,39,262,34,59,0,355,22,0,22,377
09/10/2017,SJC,CA,AWP,WE,Towers with Radar,354,72,52,0,478,0,9,66,0,75,354,81,118,0,553,0,0,0,553
09/11/2017,SJC,CA,AWP,WE,Towers with Radar,408,53,49,5,515,0,1,36,2,39,408,54,85,7,554,8,0,8,562
09/12/2017,SJC,CA,AWP,WE,Towers with Radar,351,86,56,0,493,0,0,42,0,42,351,86,98,0,535,2,0,2,537
09/13/2017,SJC,CA,AWP,WE,Towers with Radar,367,64,48,2,481,0,2,32,1,35,367,66,80,3,516,2,0,2,518
09/14/2017,SJC,CA,AWP,WE,Towers with Radar,369,92,64,1,526,0,1,45,0,46,369,93,109,1,572,16,0,16,588
09/15/2017,SJC,CA,AWP,WE,Towers with Radar,381,81,55,0,517,0,2,56,0,58,381,83,111,0,575,16,0,16,591
09/16/2017,SJC,CA,AWP,WE,Towers with Radar,262,32,27,0,321,0,2,33,0,35,262,34,60,0,356,18,0,18,374
09/17/2017,SJC,CA,AWP,WE,Towers with Radar,358,60,75,0,493,0,2,44,0,46,358,62,119,0,539,4,0,4,543
09/18/2017,SJC,CA,AWP,WE,Towers with Radar,373,71,59,1,504,0,3,37,0,40,373,74,96,1,544,34,0,34,578
09/19/2017,SJC,CA,AWP,WE,Towers with Radar,345,65,64,0,474,0,2,43,0,45,345,67,107,0,519,24,0,24,543
09/20/2017,SJC,CA,AWP,WE,Towers with Radar,374,71,69,0,514,0,1,29,0,30,374,72,98,0,544,8,0,8,552
09/21/2017,SJC,CA,AWP,WE,Towers with Radar,386,92,67,0,545,0,1,56,0,57,386,93,123,0,602,22,0,22,624
09/22/2017,SJC,CA,AWP,WE,Towers with Radar,386,72,67,0,525,0,8,54,0,62,386,80,121,0,587,2,0,2,589
09/23/2017,SJC,CA,AWP,WE,Towers with Radar,272,18,27,0,317,0,3,36,2,41,272,21,63,2,358,0,0,0,358
09/24/2017,SJC,CA,AWP,WE,Towers with Radar,367,53,56,0,476,0,1,42,1,44,367,54,98,1,520,0,0,0,520
09/25/2017,SJC,CA,AWP,WE,Towers with Radar,384,74,35,0,493,0,2,46,0,48,384,76,81,0,541,32,0,32,573
09/26/2017,SJC,CA,AWP,WE,Towers with Radar,352,76,52,0,480,0,5,43,0,48,352,81,95,0,528,0,0,0,528
09/27/2017,SJC,CA,AWP,WE,Towers with Radar,366,77,72,0,515,0,2,58,0,60,366,79,130,0,575,26,0,26,601
09/28/2017,SJC,CA,AWP,WE,Towers with Radar,387,79,51,0,517,0,2,43,0,45,387,81,94,0,562,0,0,0,562
09/29/2017,SJC,CA,AWP,WE,Towers with Radar,389,67,62,0,518,0,3,47,0,50,389,70,109,0,568,10,0,10,578
09/30/2017,SJC,CA,AWP,WE,Towers with Radar,272,29,24,0,325,0,3,35,0,38,272,32,59,0,363,12,0,12,375
10/01/2017,SJC,CA,AWP,WE,Towers with Radar,360,53,62,0,475,0,4,49,0,53,360,57,111,0,528,0,0,0,528
10/02/2017,SJC,CA,AWP,WE,Towers with Radar,375,60,58,0,493,0,0,33,0,33,375,60,91,0,526,6,0,6,532
10/03/2017,SJC,CA,AWP,WE,Towers with Radar,353,72,56,0,481,0,1,26,0,27,353,73,82,0,508,0,0,0,508
10/04/2017,SJC,CA,AWP,WE,Towers with Radar,371,72,64,0,507,0,1,76,3,80,371,73,140,3,587,24,0,24,611
10/05/2017,SJC,CA,AWP,WE,Towers with Radar,380,83,56,0,519,0,4,44,0,48,380,87,100,0,567,30,0,30,597
10/06/2017,SJC,CA,AWP,WE,Towers with Radar,388,71,49,0,508,0,3,57,0,60,388,74,106,0,568,24,0,24,592
10/07/2017,SJC,CA,AWP,WE,Towers with Radar,277,30,19,0,326,0,0,46,0,46,277,30,65,0,372,6,0,6,378
10/08/2017,SJC,CA,AWP,WE,Towers with Radar,350,53,46,0,449,0,0,54,0,54,350,53,100,0,503,8,0,8,511
10/09/2017,SJC,CA,AWP,WE,Towers with Radar,384,63,37,0,484,0,1,37,0,38,384,64,74,0,522,0,0,0,522
10/10/2017,SJC,CA,AWP,WE,Towers with Radar,370,81,54,0,505,0,3,30,0,33,370,84,84,0,538,2,0,2,540
10/11/2017,SJC,CA,AWP,WE,Towers with Radar,384,68,65,0,517,0,1,10,0,11,384,69,75,0,528,0,0,0,528
10/12/2017,SJC,CA,AWP,WE,Towers with Radar,387,92,71,0,550,0,1,42,0,43,387,93,113,0,593,2,0,2,595
10/13/2017,SJC,CA,AWP,WE,Towers with Radar,388,83,57,0,528,0,1,47,1,49,388,84,104,1,577,0,0,0,577
10/14/2017,SJC,CA,AWP,WE,Towers with Radar,278,36,35,0,349,0,1,26,1,28,278,37,61,1,377,4,0,4,381
10/15/2017,SJC,CA,AWP,WE,Towers with Radar,361,53,74,0,488,0,4,47,1,52,361,57,121,1,540,8,0,8,548
10/16/2017,SJC,CA,AWP,WE,Towers with Radar,389,73,62,0,524,0,0,37,0,37,389,73,99,0,561,0,0,0,561
10/17/2017,SJC,CA,AWP,WE,Towers with Radar,374,80,50,0,504,0,1,37,0,38,374,81,87,0,542,0,0,0,542
10/18/2017,SJC,CA,AWP,WE,Towers with Radar,383,84,58,0,525,0,2,27,2,31,383,86,85,2,556,0,0,0,556
10/19/2017,SJC,CA,AWP,WE,Towers with Radar,387,95,82,0,564,0,0,19,0,19,387,95,101,0,583,20,0,20,603
10/20/2017,SJC,CA,AWP,WE,Towers with Radar,390,92,48,0,530,0,3,44,1,48,390,95,92,1,578,14,0,14,592
10/21/2017,SJC,CA,AWP,WE,Towers with Radar,276,38,26,0,340,0,5,53,2,60,276,43,79,2,400,28,0,28,428
10/22/2017,SJC,CA,AWP,WE,Towers with Radar,361,66,64,0,491,0,0,90,0,90,361,66,154,0,581,4,0,4,585
10/23/2017,SJC,CA,AWP,WE,Towers with Radar,379,67,39,0,485,0,4,35,0,39,379,71,74,0,524,6,0,6,530
10/24/2017,SJC,CA,AWP,WE,Towers with Radar,372,81,45,0,498,0,1,51,0,52,372,82,96,0,550,6,0,6,556
10/25/2017,SJC,CA,AWP,WE,Towers with Radar,373,75,71,0,519,0,0,63,4,67,373,75,134,4,586,28,0,28,614
10/26/2017,SJC,CA,AWP,WE,Towers with Radar,377,94,57,0,528,0,2,54,0,56,377,96,111,0,584,10,0,10,594
10/27/2017,SJC,CA,AWP,WE,Towers with Radar,385,78,70,0,533,0,2,51,0,53,385,80,121,0,586,12,0,12,598
10/28/2017,SJC,CA,AWP,WE,Towers with Radar,276,28,38,0,342,0,2,31,0,33,276,30,69,0,375,24,0,24,399
10/29/2017,SJC,CA,AWP,WE,Towers with Radar,358,51,39,0,448,0,2,26,0,28,358,53,65,0,476,0,0,0,476
10/30/2017,SJC,CA,AWP,WE,Towers with Radar,375,72,31,0,478,0,0,15,0,15,375,72,46,0,493,2,0,2,495
10/31/2017,SJC,CA,AWP,WE,Towers with Radar,326,68,42,0,436,0,0,28,0,28,326,68,70,0,464,0,0,0,464
11/01/2017,SJC,CA,AWP,WE,Towers with Radar,364,67,64,0,495,0,2,49,0,51,364,69,113,0,546,2,0,2,548
11/02/2017,SJC,CA,AWP,WE,Towers with Radar,372,79,57,2,510,0,4,42,2,48,372,83,99,4,558,6,0,6,564
11/03/2017,SJC,CA,AWP,WE,Towers with Radar,374,74,50,0,498,0,1,4,0,5,374,75,54,0,503,0,0,0,503
11/04/2017,SJC,CA,AWP,WE,Towers with Radar,273,34,31,0,338,0,4,3,0,7,273,38,34,0,345,0,0,0,345
11/05/2017,SJC,CA,AWP,WE,Towers with Radar,338,80,51,1,470,0,0,49,0,49,338,80,100,1,519,2,0,2,521
11/06/2017,SJC,CA,AWP,WE,Towers with Radar,374,53,33,0,460,0,1,23,0,24,374,54,56,0,484,20,0,20,504
11/07/2017,SJC,CA,AWP,WE,Towers with Radar,366,79,52,0,497,0,1,50,1,52,366,80,102,1,549,36,0,36,585
11/08/2017,SJC,CA,AWP,WE,Towers with Radar,372,71,80,0,523,0,0,24,0,24,372,71,104,0,547,12,0,12,559
11/09/2017,SJC,CA,AWP,WE,Towers with Radar,384,74,80,0,538,0,1,16,0,17,384,75,96,0,555,8,0,8,563
11/10/2017,SJC,CA,AWP,WE,Towers with Radar,380,78,51,0,509,0,0,25,0,25,380,78,76,0,534,0,0,0,534
11/11/2017,SJC,CA,AWP,WE,Towers with Radar,265,42,32,0,339,0,1,32,0,33,265,43,64,0,372,8,0,8,380
11/12/2017,SJC,CA,AWP,WE,Towers with Radar,355,62,67,0,484,0,3,48,19,70,355,65,115,19,554,16,0,16,570
11/13/2017,SJC,CA,AWP,WE,Towers with Radar,380,52,67,0,499,0,3,19,0,22,380,55,86,0,521,0,0,0,521
11/14/2017,SJC,CA,AWP,WE,Towers with Radar,359,78,52,0,489,0,4,21,0,25,359,82,73,0,514,0,0,0,514
11/15/2017,SJC,CA,AWP,WE,Towers with Radar,368,77,53,0,498,0,2,23,0,25,368,79,76,0,523,46,0,46,569
11/16/2017,SJC,CA,AWP,WE,Towers with Radar,385,102,70,0,557,0,0,1,0,1,385,102,71,0,558,0,0,0,558
11/17/2017,SJC,CA,AWP,WE,Towers with Radar,401,75,55,0,531,0,2,42,2,46,401,77,97,2,577,32,0,32,609
11/18/2017,SJC,CA,AWP,WE,Towers with Radar,290,53,49,0,392,0,10,60,0,70,290,63,109,0,462,10,0,10,472
11/19/2017,SJC,CA,AWP,WE,Towers with Radar,345,48,56,0,449,0,1,47,0,48,345,49,103,0,497,12,0,12,509
11/20/2017,SJC,CA,AWP,WE,Towers with Radar,349,34,38,0,421,0,1,31,0,32,349,35,69,0,453,10,0,10,463
11/21/2017,SJC,CA,AWP,WE,Towers with Radar,390,62,51,0,503,0,0,34,0,34,390,62,85,0,537,26,0,26,563
11/22/2017,SJC,CA,AWP,WE,Towers with Radar,401,44,51,0,496,0,2,53,0,55,401,46,104,0,551,4,0,4,555
11/23/2017,SJC,CA,AWP,WE,Towers with Radar,255,26,14,0,295,0,3,12,2,17,255,29,26,2,312,16,0,16,328
11/24/2017,SJC,CA,AWP,WE,Towers with Radar,287,28,31,0,346,0,0,29,0,29,287,28,60,0,375,10,0,10,385
11/25/2017,SJC,CA,AWP,WE,Towers with Radar,327,60,50,0,437,0,3,29,0,32,327,63,79,0,469,2,0,2,471
11/26/2017,SJC,CA,AWP,WE,Towers with Radar,399,76,112,0,587,0,1,9,0,10,399,77,121,0,597,0,0,0,597
11/27/2017,SJC,CA,AWP,WE,Towers with Radar,405,68,46,0,519,0,2,12,1,15,405,70,58,1,534,22,0,22,556
11/28/2017,SJC,CA,AWP,WE,Towers with Radar,362,67,48,0,477,0,2,61,1,64,362,69,109,1,541,14,0,14,555
11/29/2017,SJC,CA,AWP,WE,Towers with Radar,351,76,46,0,473,0,1,47,0,48,351,77,93,0,521,6,0,6,527
11/30/2017,SJC,CA,AWP,WE,Towers with Radar,365,80,72,0,517,0,3,26,0,29,365,83,98,0,546,36,0,36,582
12/01/2017,SJC,CA,AWP,WE,Towers with Radar,366,83,69,0,518,0,2,28,0,30,366,85,97,0,548,10,0,10,558
12/02/2017,SJC,CA,AWP,WE,Towers with Radar,258,38,33,0,329,0,0,44,0,44,258,38,77,0,373,22,0,22,395
12/03/2017,SJC,CA,AWP,WE,Towers with Radar,330,51,48,0,429,0,3,45,0,48,330,54,93,0,477,2,0,2,479
12/04/2017,SJC,CA,AWP,WE,Towers with Radar,372,57,51,0,480,0,1,19,0,20,372,58,70,0,500,2,0,2,502
12/05/2017,SJC,CA,AWP,WE,Towers with Radar,347,73,36,0,456,0,5,43,2,50,347,78,79,2,506,2,0,2,508
12/06/2017,SJC,CA,AWP,WE,Towers with Radar,357,58,52,0,467,0,1,46,0,47,357,59,98,0,514,2,0,2,516
12/07/2017,SJC,CA,AWP,WE,Towers with Radar,362,77,45,0,484,0,2,38,0,40,362,79,83,0,524,4,0,4,528
12/08/2017,SJC,CA,AWP,WE,Towers with Radar,360,59,41,0,460,0,3,53,0,56,360,62,94,0,516,6,0,6,522
12/09/2017,SJC,CA,AWP,WE,Towers with Radar,257,25,24,0,306,0,4,47,0,51,257,29,71,0,357,12,0,12,369
12/10/2017,SJC,CA,AWP,WE,Towers with Radar,334,39,21,0,394,0,4,38,0,42,334,43,59,0,436,8,0,8,444
12/11/2017,SJC,CA,AWP,WE,Towers with Radar,362,59,45,0,466,0,1,18,3,22,362,60,63,3,488,22,0,22,510
12/12/2017,SJC,CA,AWP,WE,Towers with Radar,352,73,42,0,467,0,3,34,1,38,352,76,76,1,505,14,0,14,519
12/13/2017,SJC,CA,AWP,WE,Towers with Radar,363,79,52,0,494,0,3,31,1,35,363,82,83,1,529,14,0,14,543
12/14/2017,SJC,CA,AWP,WE,Towers with Radar,369,61,42,0,472,0,1,32,3,36,369,62,74,3,508,4,0,4,512
12/15/2017,SJC,CA,AWP,WE,Towers with Radar,376,66,48,0,490,0,2,38,0,40,376,68,86,0,530,0,0,0,530
12/16/2017,SJC,CA,AWP,WE,Towers with Radar,275,38,28,0,341,0,1,14,0,15,275,39,42,0,356,0,0,0,356
12/17/2017,SJC,CA,AWP,WE,Towers with Radar,338,38,39,0,415,0,1,42,0,43,338,39,81,0,458,16,0,16,474
12/18/2017,SJC,CA,AWP,WE,Towers with Radar,368,53,27,0,448,0,2,40,0,42,368,55,67,0,490,10,0,10,500
12/19/2017,SJC,CA,AWP,WE,Towers with Radar,370,66,36,0,472,0,2,30,0,32,370,68,66,0,504,14,0,14,518
12/20/2017,SJC,CA,AWP,WE,Towers with Radar,394,46,40,0,480,0,3,19,0,22,394,49,59,0,502,18,0,18,520
12/21/2017,SJC,CA,AWP,WE,Towers with Radar,386,62,37,0,485,0,1,61,2,64,386,63,98,2,549,6,0,6,555
12/22/2017,SJC,CA,AWP,WE,Towers with Radar,393,45,41,0,479,0,1,46,0,47,393,46,87,0,526,20,0,20,546
12/23/2017,SJC,CA,AWP,WE,Towers with Radar,306,31,51,0,388,0,0,33,0,33,306,31,84,0,421,0,0,0,421
12/24/2017,SJC,CA,AWP,WE,Towers with Radar,270,17,24,0,311,0,0,20,0,20,270,17,44,0,331,2,0,2,333
12/25/2017,SJC,CA,AWP,WE,Towers with Radar,296,23,9,0,328,0,3,2,0,5,296,26,11,0,333,0,0,0,333
12/26/2017,SJC,CA,AWP,WE,Towers with Radar,383,62,53,0,498,0,3,45,0,48,383,65,98,0,546,24,0,24,570
12/27/2017,SJC,CA,AWP,WE,Towers with Radar,393,61,34,0,488,0,4,27,1,32,393,65,61,1,520,8,0,8,528
12/28/2017,SJC,CA,AWP,WE,Towers with Radar,387,37,30,0,454,0,4,28,0,32,387,41,58,0,486,2,0,2,488
12/29/2017,SJC,CA,AWP,WE,Towers with Radar,386,34,23,0,443,0,0,36,0,36,386,34,59,0,479,12,0,12,491
12/30/2017,SJC,CA,AWP,WE,Towers with Radar,297,33,16,0,346,0,0,30,0,30,297,33,46,0,376,12,0,12,388
12/31/2017,SJC,CA,AWP,WE,Towers with Radar,283,22,15,0,320,0,0,13,0,13,283,22,28,0,333,0,0,0,333
01/01/2018,SJC,CA,AWP,WE,Towers with Radar,336,44,36,0,416,0,0,25,0,25,336,44,61,0,441,0,0,0,441
01/02/2018,SJC,CA,AWP,WE,Towers with Radar,371,52,42,0,465,0,0,31,0,31,371,52,73,0,496,0,0,0,496
01/03/2018,SJC,CA,AWP,WE,Towers with Radar,361,41,45,1,448,0,0,12,0,12,361,41,57,1,460,0,0,0,460
01/04/2018,SJC,CA,AWP,WE,Towers with Radar,352,42,35,1,430,0,4,15,0,19,352,46,50,1,449,4,0,4,453
01/05/2018,SJC,CA,AWP,WE,Towers with Radar,355,53,50,0,458,0,0,9,0,9,355,53,59,0,467,10,0,10,477
01/06/2018,SJC,CA,AWP,WE,Towers with Radar,261,39,31,0,331,0,7,24,0,31,261,46,55,0,362,0,0,0,362
01/07/2018,SJC,CA,AWP,WE,Towers with Radar,353,60,56,0,469,0,0,22,0,22,353,60,78,0,491,0,0,0,491
01/08/2018,SJC,CA,AWP,WE,Towers with Radar,370,62,59,0,491,0,0,0,0,0,370,62,59,0,491,0,0,0,491
01/09/2018,SJC,CA,AWP,WE,Towers with Radar,341,64,48,0,453,0,1,5,0,6,341,65,53,0,459,0,0,0,459
01/10/2018,SJC,CA,AWP,WE,Towers with Radar,346,66,68,0,480,0,3,9,0,12,346,69,77,0,492,0,0,0,492
01/11/2018,SJC,CA,AWP,WE,Towers with Radar,360,70,64,2,496,0,0,27,0,27,360,70,91,2,523,0,0,0,523
01/12/2018,SJC,CA,AWP,WE,Towers with Radar,378,79,83,0,540,0,1,26,0,27,378,80,109,0,567,6,0,6,573
01/13/2018,SJC,CA,AWP,WE,Towers with Radar,258,22,24,0,304,0,0,31,0,31,258,22,55,0,335,0,0,0,335
01/14/2018,SJC,CA,AWP,WE,Towers with Radar,323,16,36,1,376,0,0,17,0,17,323,16,53,1,393,0,0,0,393
01/15/2018,SJC,CA,AWP,WE,Towers with Radar,365,49,56,1,471,0,3,32,0,35,365,52,88,1,506,6,0,6,512
01/16/2018,SJC,CA,AWP,WE,Towers with Radar,346,79,64,0,489,0,0,30,0,30,346,79,94,0,519,16,0,16,535
01/17/2018,SJC,CA,AWP,WE,Towers with Radar,344,98,48,2,492,0,0,21,0,21,344,98,69,2,513,2,0,2,515
01/18/2018,SJC,CA,AWP,WE,Towers with Radar,366,87,63,0,516,0,0,8,0,8,366,87,71,0,524,8,0,8,532
01/19/2018,SJC,CA,AWP,WE,Towers with Radar,366,78,50,0,494,0,0,27,1,28,366,78,77,1,522,0,0,0,522
01/20/2018,SJC,CA,AWP,WE,Towers with Radar,256,24,31,0,311,0,4,45,0,49,256,28,76,0,360,10,0,10,370
01/21/2018,SJC,CA,AWP,WE,Towers with Radar,325,43,38,0,406,0,0,23,2,25,325,43,61,2,431,10,0,10,441
01/22/2018,SJC,CA,AWP,WE,Towers with Radar,371,51,50,0,472,0,2,8,0,10,371,53,58,0,482,3,0,3,485
01/23/2018,SJC,CA,AWP,WE,Towers with Radar,347,75,42,1,465,0,0,31,0,31,347,75,73,1,496,10,0,10,506
01/24/2018,SJC,CA,AWP,WE,Towers with Radar,355,74,51,1,481,0,3,11,0,14,355,77,62,1,495,22,0,22,517
01/25/2018,SJC,CA,AWP,WE,Towers with Radar,368,73,54,0,495,0,0,21,0,21,368,73,75,0,516,14,0,14,530
01/26/2018,SJC,CA,AWP,WE,Towers with Radar,364,75,58,0,497,0,0,37,0,37,364,75,95,0,534,0,0,0,534
01/27/2018,SJC,CA,AWP,WE,Towers with Radar,251,31,22,0,304,0,2,27,0,29,251,33,49,0,333,24,0,24,357
01/28/2018,SJC,CA,AWP,WE,Towers with Radar,334,77,43,0,454,0,0,50,0,50,334,77,93,0,504,14,0,14,518
01/29/2018,SJC,CA,AWP,WE,Towers with Radar,366,67,54,0,487,0,4,29,0,33,366,71,83,0,520,16,0,16,536
01/30/2018,SJC,CA,AWP,WE,Towers with Radar,351,82,34,1,468,0,3,30,0,33,351,85,64,1,501,2,0,2,503
01/31/2018,SJC,CA,AWP,WE,Towers with Radar,348,56,43,2,449,0,1,49,1,51,348,57,92,3,500,18,0,18,518
02/01/2018,SJC,CA,AWP,WE,Towers with Radar,357,97,58,1,513,0,3,40,0,43,357,100,98,1,556,48,0,48,604
02/02/2018,SJC,CA,AWP,WE,Towers with Radar,366,74,51,1,492,0,2,42,0,44,366,76,93,1,536,0,0,0,536
02/03/2018,SJC,CA,AWP,WE,Towers with Radar,248,22,21,2,293,0,2,52,0,54,248,24,73,2,347,36,0,36,383
02/04/2018,SJC,CA,AWP,WE,Towers with Radar,288,48,37,0,373,0,2,48,0,50,288,50,85,0,423,6,0,6,429
02/05/2018,SJC,CA,AWP,WE,Towers with Radar,373,64,56,0,493,0,0,40,0,40,373,64,96,0,533,12,0,12,545
02/06/2018,SJC,CA,AWP,WE,Towers with Radar,349,70,46,0,465,0,2,48,0,50,349,72,94,0,515,20,0,20,535
02/07/2018,SJC,CA,AWP,WE,Towers with Radar,345,61,62,0,468,0,1,40,0,41,345,62,102,0,509,0,0,0,509
02/08/2018,SJC,CA,AWP,WE,Towers with Radar,367,89,59,0,515,0,3,64,1,68,367,92,123,1,583,0,0,0,583
02/09/2018,SJC,CA,AWP,WE,Towers with Radar,364,84,56,0,504,0,2,75,0,77,364,86,131,0,581,16,0,16,597
02/10/2018,SJC,CA,AWP,WE,Towers with Radar,256,27,28,0,311,0,2,47,0,49,256,29,75,0,360,30,0,30,390
02/11/2018,SJC,CA,AWP,WE,Towers with Radar,335,56,56,0,447,0,3,36,0,39,335,59,92,0,486,2,0,2,488
02/12/2018,SJC,CA,AWP,WE,Towers with Radar,361,70,41,0,472,0,0,38,0,38,361,70,79,0,510,2,0,2,512
02/13/2018,SJC,CA,AWP,WE,Towers with Radar,342,74,59,1,476,0,3,51,0,54,342,77,110,1,530,12,0,12,542
02/14/2018,SJC,CA,AWP,WE,Towers with Radar,305,71,50,0,426,0,0,50,0,50,305,71,100,0,476,16,0,16,492
02/15/2018,SJC,CA,AWP,WE,Towers with Radar,363,85,53,2,503,0,6,40,0,46,363,91,93,2,549,14,0,14,563
02/16/2018,SJC,CA,AWP,WE,Towers with Radar,365,61,52,0,478,0,0,47,0,47,365,61,99,0,525,0,0,0,525
02/17/2018,SJC,CA,AWP,WE,Towers with Radar,253,41,29,1,324,0,1,50,0,51,253,42,79,1,375,60,0,60,435
02/18/2018,SJC,CA,AWP,WE,Towers with Radar,314,43,24,0,381,0,3,24,0,27,314,46,48,0,408,2,0,2,410
02/19/2018,SJC,CA,AWP,WE,Towers with Radar,372,55,51,0,478,0,1,33,0,34,372,56,84,0,512,14,0,14,526
02/20/2018,SJC,CA,AWP,WE,Towers with Radar,359,72,43,0,474,0,0,59,1,60,359,72,102,1,534,0,0,0,534
02/21/2018,SJC,CA,AWP,WE,Towers with Radar,351,57,39,2,449,0,1,52,0,53,351,58,91,2,502,6,0,6,508
02/22/2018,SJC,CA,AWP,WE,Towers with Radar,368,89,49,0,506,0,5,21,0,26,368,94,70,0,532,8,0,8,540
02/23/2018,SJC,CA,AWP,WE,Towers with Radar,365,67,72,0,504,0,0,29,0,29,365,67,101,0,533,0,0,0,533
02/24/2018,SJC,CA,AWP,WE,Towers with Radar,259,35,45,0,339,0,0,45,0,45,259,35,90,0,384,2,0,2,386
02/25/2018,SJC,CA,AWP,WE,Towers with Radar,330,74,52,0,456,0,5,71,0,76,330,79,123,0,532,2,0,2,534
02/26/2018,SJC,CA,AWP,WE,Towers with Radar,371,67,41,2,481,0,0,16,0,16,371,67,57,2,497,0,0,0,497
02/27/2018,SJC,CA,AWP,WE,Towers with Radar,357,79,47,0,483,0,2,41,2,45,357,81,88,2,528,2,0,2,530
02/28/2018,SJC,CA,AWP,WE,Towers with Radar,355,62,52,0,469,0,0,40,0,40,355,62,92,0,509,8,0,8,517
03/01/2018,SJC,CA,AWP,WE,Towers with Radar,368,105,54,0,527,0,3,1,0,4,368,108,55,0,531,0,0,0,531
03/02/2018,SJC,CA,AWP,WE,Towers with Radar,357,67,48,0,472,0,0,5,0,5,357,67,53,0,477,0,0,0,477
03/03/2018,SJC,CA,AWP,WE,Towers with Radar,253,32,19,0,304,0,3,22,0,25,253,35,41,0,329,12,0,12,341
03/04/2018,SJC,CA,AWP,WE,Towers with Radar,334,70,50,0,454,0,2,46,0,48,334,72,96,0,502,4,0,4,506
03/05/2018,SJC,CA,AWP,WE,Towers with Radar,363,82,58,0,503,0,1,56,0,57,363,83,114,0,560,24,0,24,584
03/06/2018,SJC,CA,AWP,WE,Towers with Radar,366,87,44,0,497,0,0,70,1,71,366,87,114,1,568,16,0,16,584
03/07/2018,SJC,CA,AWP,WE,Towers with Radar,350,82,62,0,494,0,8,44,0,52,350,90,106,0,546,0,0,0,546
03/08/2018,SJC,CA,AWP,WE,Towers with Radar,365,95,59,0,519,0,2,39,0,41,365,97,98,0,560,2,0,2,562
03/09/2018,SJC,CA,AWP,WE,Towers with Radar,366,80,68,0,514,0,2,31,1,34,366,82,99,1,548,0,0,0,548
03/10/2018,SJC,CA,AWP,WE,Towers with Radar,260,48,24,0,332,0,0,10,0,10,260,48,34,0,342,34,0,34,376
03/11/2018,SJC,CA,AWP,WE,Towers with Radar,341,71,56,0,468,0,0,33,0,33,341,71,89,0,501,8,0,8,509
03/12/2018,SJC,CA,AWP,WE,Towers with Radar,358,81,51,0,490,0,0,29,2,31,358,81,80,2,521,24,0,24,545
03/13/2018,SJC,CA,AWP,WE,Towers with Radar,359,88,44,0,491,0,2,4,0,6,359,90,48,0,497,2,0,2,499
03/14/2018,SJC,CA,AWP,WE,Towers with Radar,345,63,62,0,470,0,7,12,0,19,345,70,74,0,489,0,0,0,489
03/15/2018,SJC,CA,AWP,WE,Towers with Radar,362,86,49,0,497,0,2,13,2,17,362,88,62,2,514,0,0,0,514
03/16/2018,SJC,CA,AWP,WE,Towers with Radar,358,82,53,2,495,0,0,2,1,3,358,82,55,3,498,0,0,0,498
03/17/2018,SJC,CA,AWP,WE,Towers with Radar,262,32,22,0,316,0,3,15,2,20,262,35,37,2,336,0,0,0,336
03/18/2018,SJC,CA,AWP,WE,Towers with Radar,336,56,44,0,436,0,1,45,0,46,336,57,89,0,482,24,0,24,506
03/19/2018,SJC,CA,AWP,WE,Towers with Radar,363,74,38,0,475,0,5,52,0,57,363,79,90,0,532,6,0,6,538
03/20/2018,SJC,CA,AWP,WE,Towers with Radar,355,83,61,0,499,0,0,6,0,6,355,83,67,0,505,18,0,18,523
03/21/2018,SJC,CA,AWP,WE,Towers with Radar,355,87,53,0,495,0,6,8,0,14,355,93,61,0,509,4,0,4,513
03/22/2018,SJC,CA,AWP,WE,Towers with Radar,359,97,66,0,522,0,2,7,0,9,359,99,73,0,531,6,0,6,537
03/23/2018,SJC,CA,AWP,WE,Towers with Radar,362,84,48,0,494,0,4,61,0,65,362,88,109,0,559,10,0,10,569
03/24/2018,SJC,CA,AWP,WE,Towers with Radar,263,42,26,0,331,0,0,23,0,23,263,42,49,0,354,8,0,8,362
03/25/2018,SJC,CA,AWP,WE,Towers with Radar,341,69,45,0,455,0,4,25,0,29,341,73,70,0,484,0,0,0,484
03/26/2018,SJC,CA,AWP,WE,Towers with Radar,369,72,40,0,481,0,0,41,0,41,369,72,81,0,522,22,0,22,544
03/27/2018,SJC,CA,AWP,WE,Towers with Radar,350,79,42,0,471,0,5,48,0,53,350,84,90,0,524,0,0,0,524
03/28/2018,SJC,CA,AWP,WE,Towers with Radar,355,68,58,0,481,0,2,72,1,75,355,70,130,1,556,34,0,34,590
03/29/2018,SJC,CA,AWP,WE,Towers with Radar,362,82,38,0,482,0,0,55,0,55,362,82,93,0,537,24,0,24,561
03/30/2018,SJC,CA,AWP,WE,Towers with Radar,363,64,44,0,471,0,1,68,0,69,363,65,112,0,540,22,0,22,562
03/31/2018,SJC,CA,AWP,WE,Towers with Radar,268,23,31,0,322,0,4,43,1,48,268,27,74,1,370,22,0,22,392
04/01/2018,SJC,CA,AWP,WE,Towers with Radar,334,43,36,0,413,0,3,48,0,51,334,46,84,0,464,0,0,0,464
04/02/2018,SJC,CA,AWP,WE,Towers with Radar,373,50,38,0,461,0,6,46,1,53,373,56,84,1,514,8,0,8,522
04/03/2018,SJC,CA,AWP,WE,Towers with Radar,341,72,30,0,443,0,6,63,0,69,341,78,93,0,512,4,0,4,516
04/04/2018,SJC,CA,AWP,WE,Towers with Radar,355,65,32,0,452,0,0,31,0,31,355,65,63,0,483,0,0,0,483
04/05/2018,SJC,CA,AWP,WE,Towers with Radar,363,78,39,0,480,0,0,27,1,28,363,78,66,1,508,4,0,4,512
04/06/2018,SJC,CA,AWP,WE,Towers with Radar,371,80,51,1,503,0,1,3,0,4,371,81,54,1,507,0,0,0,507
04/07/2018,SJC,CA,AWP,WE,Towers with Radar,273,38,40,0,351,0,0,13,0,13,273,38,53,0,364,0,0,0,364
04/08/2018,SJC,CA,AWP,WE,Towers with Radar,374,63,51,0,488,0,8,49,2,59,374,71,100,2,547,14,0,14,561
04/09/2018,SJC,CA,AWP,WE,Towers with Radar,385,53,44,0,482,0,0,31,0,31,385,53,75,0,513,0,0,0,513
04/10/2018,SJC,CA,AWP,WE,Towers with Radar,375,68,39,0,482,0,0,31,0,31,375,68,70,0,513,0,0,0,513
04/11/2018,SJC,CA,AWP,WE,Towers with Radar,388,67,41,1,497,0,6,25,1,32,388,73,66,2,529,6,0,6,535
04/12/2018,SJC,CA,AWP,WE,Towers with Radar,388,72,58,0,518,0,1,49,0,50,388,73,107,0,568,40,0,40,608
04/13/2018,SJC,CA,AWP,WE,Towers with Radar,391,72,47,0,510,0,0,70,0,70,391,72,117,0,580,4,0,4,584
04/14/2018,SJC,CA,AWP,WE,Towers with Radar,282,35,40,0,357,0,0,57,0,57,282,35,97,0,414,2,0,2,416
04/15/2018,SJC,CA,AWP,WE,Towers with Radar,373,69,56,0,498,0,2,29,0,31,373,71,85,0,529,0,0,0,529
04/16/2018,SJC,CA,AWP,WE,Towers with Radar,396,71,56,0,523,0,1,8,2,11,396,72,64,2,534,0,0,0,534
04/17/2018,SJC,CA,AWP,WE,Towers with Radar,375,81,62,1,519,0,3,44,0,47,375,84,106,1,566,0,0,0,566
04/18/2018,SJC,CA,AWP,WE,Towers with Radar,386,74,55,0,515,0,0,58,0,58,386,74,113,0,573,18,0,18,591
04/19/2018,SJC,CA,AWP,WE,Towers with Radar,391,65,56,0,512,0,6,52,0,58,391,71,108,0,570,12,0,12,582
04/20/2018,SJC,CA,AWP,WE,Towers with Radar,394,73,67,0,534,0,2,88,0,90,394,75,155,0,624,16,0,16,640
04/21/2018,SJC,CA,AWP,WE,Towers with Radar,281,26,23,0,330,0,6,62,0,68,281,32,85,0,398,32,0,32,430
04/22/2018,SJC,CA,AWP,WE,Towers with Radar,371,53,67,0,491,0,5,92,1,98,371,58,159,1,589,4,0,4,593
04/23/2018,SJC,CA,AWP,WE,Towers with Radar,391,62,60,0,513,0,0,58,0,58,391,62,118,0,571,8,0,8,579
04/24/2018,SJC,CA,AWP,WE,Towers with Radar,377,89,46,2,514,0,0,39,0,39,377,89,85,2,553,8,2,10,563
04/25/2018,SJC,CA,AWP,WE,Towers with Radar,381,63,37,0,481,0,0,29,0,29,381,63,66,0,510,10,0,10,520
04/26/2018,SJC,CA,AWP,WE,Towers with Radar,388,81,77,0,546,0,3,71,0,74,388,84,148,0,620,12,0,12,632
04/27/2018,SJC,CA,AWP,WE,Towers with Radar,398,68,38,0,504,0,4,33,0,37,398,72,71,0,541,4,0,4,545
04/28/2018,SJC,CA,AWP,WE,Towers with Radar,285,21,27,0,333,0,2,30,0,32,285,23,57,0,365,0,0,0,365
04/29/2018,SJC,CA,AWP,WE,Towers with Radar,376,61,49,0,486,0,0,49,0,49,376,61,98,0,535,8,0,8,543
04/30/2018,SJC,CA,AWP,WE,Towers with Radar,397,93,74,0,564,0,0,39,0,39,397,93,113,0,603,18,0,18,621
05/01/2018,SJC,CA,AWP,WE,Towers with Radar,377,65,44,0,486,0,0,27,3,30,377,65,71,3,516,0,0,0,516
05/02/2018,SJC,CA,AWP,WE,Towers with Radar,396,92,62,0,550,0,6,36,0,42,396,98,98,0,592,20,0,20,612
05/03/2018,SJC,CA,AWP,WE,Towers with Radar,391,81,58,0,530,0,0,20,0,20,391,81,78,0,550,38,0,38,588
05/04/2018,SJC,CA,AWP,WE,Towers with Radar,398,87,60,1,546,0,3,59,2,64,398,90,119,3,610,2,0,2,612
05/05/2018,SJC,CA,AWP,WE,Towers with Radar,292,24,39,0,355,0,0,52,2,54,292,24,91,2,409,54,0,54,463
05/06/2018,SJC,CA,AWP,WE,Towers with Radar,384,73,49,0,506,0,2,53,2,57,384,75,102,2,563,20,0,20,583
05/07/2018,SJC,CA,AWP,WE,Towers with Radar,402,58,35,0,495,0,0,42,0,42,402,58,77,0,537,18,0,18,555
05/08/2018,SJC,CA,AWP,WE,Towers with Radar,380,76,51,0,507,0,3,46,0,49,380,79,97,0,556,24,0,24,580
05/09/2018,SJC,CA,AWP,WE,Towers with Radar,397,86,68,0,551,0,0,50,2,52,397,86,118,2,603,4,0,4,607
05/10/2018,SJC,CA,AWP,WE,Towers with Radar,398,84,61,0,543,0,1,70,0,71,398,85,131,0,614,18,0,18,632
05/11/2018,SJC,CA,AWP,WE,Towers with Radar,404,63,60,2,529,0,5,60,0,65,404,68,120,2,594,2,0,2,596
05/12/2018,SJC,CA,AWP,WE,Towers with Radar,291,27,34,0,352,0,1,61,0,62,291,28,95,0,414,100,0,100,514
05/13/2018,SJC,CA,AWP,WE,Towers with Radar,378,54,46,0,478,0,2,56,0,58,378,56,102,0,536,6,0,6,542
05/14/2018,SJC,CA,AWP,WE,Towers with Radar,395,53,44,0,492,0,0,25,0,25,395,53,69,0,517,0,0,0,517
05/15/2018,SJC,CA,AWP,WE,Towers with Radar,382,56,66,0,504,0,2,40,0,42,382,58,106,0,546,42,0,42,588
05/16/2018,SJC,CA,AWP,WE,Towers with Radar,397,60,50,2,509,0,2,56,0,58,397,62,106,2,567,32,0,32,599
05/17/2018,SJC,CA,AWP,WE,Towers with Radar,397,94,61,0,552,0,0,51,0,51,397,94,112,0,603,10,0,10,613
05/18/2018,SJC,CA,AWP,WE,Towers with Radar,404,59,54,0,517,0,0,47,0,47,404,59,101,0,564,26,0,26,590
05/19/2018,SJC,CA,AWP,WE,Towers with Radar,295,24,28,2,349,0,2,46,0,48,295,26,74,2,397,8,0,8,405
05/20/2018,SJC,CA,AWP,WE,Towers with Radar,382,55,49,0,486,0,0,46,0,46,382,55,95,0,532,40,0,40,572
05/21/2018,SJC,CA,AWP,WE,Towers with Radar,401,80,48,0,529,0,3,37,0,40,401,83,85,0,569,40,0,40,609
05/22/2018,SJC,CA,AWP,WE,Towers with Radar,398,64,64,0,526,0,1,37,0,38,398,65,101,0,564,52,0,52,616
05/23/2018,SJC,CA,AWP,WE,Towers with Radar,404,83,50,0,537,0,2,30,0,32,404,85,80,0,569,0,0,0,569
05/24/2018,SJC,CA,AWP,WE,Towers with Radar,414,72,77,0,563,0,2,20,3,25,414,74,97,3,588,0,0,0,588
05/25/2018,SJC,CA,AWP,WE,Towers with Radar,417,64,60,0,541,0,0,19,0,19,417,64,79,0,560,6,0,6,566
05/26/2018,SJC,CA,AWP,WE,Towers with Radar,295,25,24,0,344,0,3,20,0,23,295,28,44,0,367,2,0,2,369
05/27/2018,SJC,CA,AWP,WE,Towers with Radar,318,22,25,0,365,0,0,48,0,48,318,22,73,0,413,0,0,0,413
05/28/2018,SJC,CA,AWP,WE,Towers with Radar,371,66,46,0,483,0,3,75,2,80,371,69,121,2,563,4,0,4,567
05/29/2018,SJC,CA,AWP,WE,Towers with Radar,395,61,48,0,504,0,0,53,0,53,395,61,101,0,557,0,0,0,557
05/30/2018,SJC,CA,AWP,WE,Towers with Radar,407,78,70,0,555,0,8,56,2,66,407,86,126,2,621,2,0,2,623
05/31/2018,SJC,CA,AWP,WE,Towers with Radar,402,77,48,0,527,0,0,31,0,31,402,77,79,0,558,0,0,0,558
06/01/2018,SJC,CA,AWP,WE,Towers with Radar,408,64,52,0,524,0,8,72,0,80,408,72,124,0,604,24,0,24,628
06/02/2018,SJC,CA,AWP,WE,Towers with Radar,297,29,34,0,360,0,12,78,2,92,297,41,112,2,452,28,0,28,480
06/03/2018,SJC,CA,AWP,WE,Towers with Radar,385,39,48,2,474,0,4,53,3,60,385,43,101,5,534,0,0,0,534
06/04/2018,SJC,CA,AWP,WE,Towers with Radar,410,50,56,8,524,0,3,50,3,56,410,53,106,11,580,0,0,0,580
06/05/2018,SJC,CA,AWP,WE,Towers with Radar,399,60,46,9,514,0,4,52,3,59,399,64,98,12,573,6,0,6,579
06/06/2018,SJC,CA,AWP,WE,Towers with Radar,410,73,53,1,537,0,0,41,0,41,410,73,94,1,578,8,0,8,586
06/07/2018,SJC,CA,AWP,WE,Towers with Radar,405,72,60,1,538,0,2,52,0,54,405,74,112,1,592,8,0,8,600
06/08/2018,SJC,CA,AWP,WE,Towers with Radar,415,66,45,0,526,0,2,76,0,78,415,68,121,0,604,0,0,0,604
06/09/2018,SJC,CA,AWP,WE,Towers with Radar,312,33,32,0,377,0,4,39,0,43,312,37,71,0,420,8,0,8,428
06/10/2018,SJC,CA,AWP,WE,Towers with Radar,382,33,37,0,452,0,0,63,0,63,382,33,100,0,515,46,0,46,561
06/11/2018,SJC,CA,AWP,WE,Towers with Radar,412,66,41,0,519,0,2,50,2,54,412,68,91,2,573,2,2,4,577
06/12/2018,SJC,CA,AWP,WE,Towers with Radar,407,71,37,0,515,0,1,59,0,60,407,72,96,0,575,10,0,10,585
06/13/2018,SJC,CA,AWP,WE,Towers with Radar,403,59,45,0,507,0,2,74,2,78,403,61,119,2,585,0,0,0,585
06/14/2018,SJC,CA,AWP,WE,Towers with Radar,410,61,58,0,529,0,0,60,0,60,410,61,118,0,589,8,0,8,597
06/15/2018,SJC,CA,AWP,WE,Towers with Radar,415,72,73,0,560,0,2,59,1,62,415,74,132,1,622,14,0,14,636
06/16/2018,SJC,CA,AWP,WE,Towers with Radar,310,47,37,0,394,0,1,39,0,40,310,48,76,0,434,4,0,4,438
06/17/2018,SJC,CA,AWP,WE,Towers with Radar,389,48,51,2,490,0,0,56,0,56,389,48,107,2,546,0,0,0,546
06/18/2018,SJC,CA,AWP,WE,Towers with Radar,416,60,76,0,552,0,1,54,0,55,416,61,130,0,607,0,0,0,607
06/19/2018,SJC,CA,AWP,WE,Towers with Radar,398,60,47,0,505,0,1,38,0,39,398,61,85,0,544,8,0,8,552
06/20/2018,SJC,CA,AWP,WE,Towers with Radar,405,51,61,0,517,0,0,36,0,36,405,51,97,0,553,2,0,2,555
06/21/2018,SJC,CA,AWP,WE,Towers with Radar,411,75,50,0,536,0,6,66,1,73,411,81,116,1,609,8,0,8,617
06/22/2018,SJC,CA,AWP,WE,Towers with Radar,420,58,41,0,519,0,10,75,2,87,420,68,116,2,606,22,0,22,628
06/23/2018,SJC,CA,AWP,WE,Towers with Radar,313,22,23,0,358,0,6,52,1,59,313,28,75,1,417,6,0,6,423
06/24/2018,SJC,CA,AWP,WE,Towers with Radar,391,46,36,0,473,0,8,41,0,49,391,54,77,0,522,0,0,0,522
06/25/2018,SJC,CA,AWP,WE,Towers with Radar,420,54,59,0,533,0,2,51,2,55,420,56,110,2,588,8,0,8,596
06/26/2018,SJC,CA,AWP,WE,Towers with Radar,403,80,51,0,534,0,2,42,1,45,403,82,93,1,579,0,0,0,579
06/27/2018,SJC,CA,AWP,WE,Towers with Radar,411,79,45,0,535,0,6,49,0,55,411,85,94,0,590,42,0,42,632
06/28/2018,SJC,CA,AWP,WE,Towers with Radar,407,57,59,0,523,0,0,57,1,58,407,57,116,1,581,12,0,12,593
06/29/2018,SJC,CA,AWP,WE,Towers with Radar,407,71,51,0,529,0,0,62,0,62,407,71,113,0,591,10,0,10,601
06/30/2018,SJC,CA,AWP,WE,Towers with Radar,309,33,23,1,366,0,2,74,3,79,309,35,97,4,445,78,0,78,523
07/01/2018,SJC,CA,AWP,WE,Towers with Radar,372,53,32,0,457,0,0,51,0,51,372,53,83,0,508,26,0,26,534
07/02/2018,SJC,CA,AWP,WE,Towers with Radar,388,39,30,0,457,0,0,38,0,38,388,39,68,0,495,58,0,58,553
07/03/2018,SJC,CA,AWP,WE,Towers with Radar,335,33,43,0,411,0,6,75,1,82,335,39,118,1,493,14,0,14,507
07/04/2018,SJC,CA,AWP,WE,Towers with Radar,327,25,9,0,361,0,2,35,0,37,327,27,44,0,398,2,0,2,400
07/05/2018,SJC,CA,AWP,WE,Towers with Radar,388,40,42,0,470,0,5,54,0,59,388,45,96,0,529,14,0,14,543
07/06/2018,SJC,CA,AWP,WE,Towers with Radar,396,54,28,0,478,0,5,39,0,44,396,59,67,0,522,12,0,12,534
07/07/2018,SJC,CA,AWP,WE,Towers with Radar,318,27,23,0,368,0,2,34,0,36,318,29,57,0,404,16,0,16,420
07/08/2018,SJC,CA,AWP,WE,Towers with Radar,397,63,45,0,505,0,2,63,0,65,397,65,108,0,570,2,0,2,572
07/09/2018,SJC,CA,AWP,WE,Towers with Radar,413,74,31,0,518,0,3,55,0,58,413,77,86,0,576,4,0,4,580
07/10/2018,SJC,CA,AWP,WE,Towers with Radar,414,79,56,0,549,0,0,50,0,50,414,79,106,0,599,4,0,4,603
07/11/2018,SJC,CA,AWP,WE,Towers with Radar,422,67,36,0,525,0,0,41,0,41,422,67,77,0,566,24,0,24,590
07/12/2018,SJC,CA,AWP,WE,Towers with Radar,414,76,68,0,558,0,7,60,3,70,414,83,128,3,628,8,0,8,636
07/13/2018,SJC,CA,AWP,WE,Towers with Radar,416,67,46,0,529,0,9,59,0,68,416,76,105,0,597,4,0,4,601
07/14/2018,SJC,CA,AWP,WE,Towers with Radar,311,32,29,0,372,0,7,33,0,40,311,39,62,0,412,0,0,0,412
07/15/2018,SJC,CA,AWP,WE,Towers with Radar,390,47,35,0,472,0,3,76,0,79,390,50,111,0,551,38,0,38,589
07/16/2018,SJC,CA,AWP,WE,Towers with Radar,412,44,50,0,506,0,0,31,0,31,412,44,81,0,537,0,0,0,537
07/17/2018,SJC,CA,AWP,WE,Towers with Radar,411,57,76,0,544,0,2,42,0,44,411,59,118,0,588,6,0,6,594
07/18/2018,SJC,CA,AWP,WE,Towers with Radar,417,56,60,0,533,0,8,56,0,64,417,64,116,0,597,2,0,2,599
07/19/2018,SJC,CA,AWP,WE,Towers with Radar,415,81,60,0,556,0,2,55,0,57,415,83,115,0,613,0,0,0,613
07/20/2018,SJC,CA,AWP,WE,Towers with Radar,417,80,43,0,540,0,0,63,0,63,417,80,106,0,603,20,0,20,623
07/21/2018,SJC,CA,AWP,WE,Towers with Radar,317,27,27,0,371,0,8,66,0,74,317,35,93,0,445,24,0,24,469
07/22/2018,SJC,CA,AWP,WE,Towers with Radar,398,66,41,1,506,0,3,52,4,59,398,69,93,5,565,0,0,0,565
07/23/2018,SJC,CA,AWP,WE,Towers with Radar,412,52,48,0,512,0,4,45,4,53,412,56,93,4,565,0,0,0,565
07/24/2018,SJC,CA,AWP,WE,Towers with Radar,411,48,48,1,508,0,0,40,0,40,411,48,88,1,548,6,0,6,554
07/25/2018,SJC,CA,AWP,WE,Towers with Radar,411,56,48,2,517,0,2,54,1,57,411,58,102,3,574,14,0,14,588
07/26/2018,SJC,CA,AWP,WE,Towers with Radar,410,68,56,0,534,0,3,44,0,47,410,71,100,0,581,6,0,6,587
07/27/2018,SJC,CA,AWP,WE,Towers with Radar,418,75,38,0,531,0,9,51,3,63,418,84,89,3,594,14,0,14,608
07/28/2018,SJC,CA,AWP,WE,Towers with Radar,312,29,28,0,369,0,2,32,0,34,312,31,60,0,403,0,0,0,403
07/29/2018,SJC,CA,AWP,WE,Towers with Radar,404,51,54,0,509,0,2,49,0,51,404,53,103,0,560,0,0,0,560
07/30/2018,SJC,CA,AWP,WE,Towers with Radar,417,62,38,0,517,0,2,38,0,40,417,64,76,0,557,28,0,28,585
07/31/2018,SJC,CA,AWP,WE,Towers with Radar,413,64,41,0,518,0,5,67,0,72,413,69,108,0,590,30,0,30,620
08/01/2018,SJC,CA,AWP,WE,Towers with Radar,421,58,34,0,513,0,1,34,0,35,421,59,68,0,548,2,0,2,550
08/02/2018,SJC,CA,AWP,WE,Towers with Radar,405,75,58,0,538,0,7,55,0,62,405,82,113,0,600,14,0,14,614
08/03/2018,SJC,CA,AWP,WE,Towers with Radar,409,65,47,0,521,0,0,58,0,58,409,65,105,0,579,56,0,56,635
08/04/2018,SJC,CA,AWP,WE,Towers with Radar,316,29,21,0,366,0,0,66,0,66,316,29,87,0,432,0,0,0,432
08/05/2018,SJC,CA,AWP,WE,Towers with Radar,396,42,46,0,484,0,2,52,0,54,396,44,98,0,538,22,0,22,560
08/06/2018,SJC,CA,AWP,WE,Towers with Radar,419,54,52,0,525,0,2,46,0,48,419,56,98,0,573,14,0,14,587
08/07/2018,SJC,CA,AWP,WE,Towers with Radar,409,70,62,0,541,0,4,43,2,49,409,74,105,2,590,10,0,10,600
08/08/2018,SJC,CA,AWP,WE,Towers with Radar,401,68,51,0,520,0,0,32,0,32,401,68,83,0,552,0,0,0,552
08/09/2018,SJC,CA,AWP,WE,Towers with Radar,416,73,59,0,548,0,0,44,2,46,416,73,103,2,594,2,0,2,596
08/10/2018,SJC,CA,AWP,WE,Towers with Radar,417,63,45,0,525,0,4,67,0,71,417,67,112,0,596,10,0,10,606
08/11/2018,SJC,CA,AWP,WE,Towers with Radar,320,40,21,0,381,0,2,33,0,35,320,42,54,0,416,0,0,0,416
08/12/2018,SJC,CA,AWP,WE,Towers with Radar,387,62,41,0,490,0,0,48,0,48,387,62,89,0,538,0,0,0,538
08/13/2018,SJC,CA,AWP,WE,Towers with Radar,421,62,56,0,539,0,2,44,0,46,421,64,100,0,585,10,0,10,595
08/14/2018,SJC,CA,AWP,WE,Towers with Radar,412,58,69,0,539,0,4,24,0,28,412,62,93,0,567,0,0,0,567
08/15/2018,SJC,CA,AWP,WE,Towers with Radar,418,58,44,0,520,0,6,32,0,38,418,64,76,0,558,2,0,2,560
08/16/2018,SJC,CA,AWP,WE,Towers with Radar,419,79,39,3,540,0,1,58,1,60,419,80,97,4,600,12,0,12,612
08/17/2018,SJC,CA,AWP,WE,Towers with Radar,419,69,52,0,540,0,6,53,0,59,419,75,105,0,599,0,0,0,599
08/18/2018,SJC,CA,AWP,WE,Towers with Radar,313,32,12,0,357,0,2,54,0,56,313,34,66,0,413,4,0,4,417
08/19/2018,SJC,CA,AWP,WE,Towers with Radar,394,58,47,1,500,0,1,41,1,43,394,59,88,2,543,2,0,2,545
08/20/2018,SJC,CA,AWP,WE,Towers with Radar,418,78,58,0,554,0,4,25,0,29,418,82,83,0,583,6,0,6,589
08/21/2018,SJC,CA,AWP,WE,Towers with Radar,406,62,48,0,516,0,0,38,0,38,406,62,86,0,554,14,0,14,568
08/22/2018,SJC,CA,AWP,WE,Towers with Radar,410,60,51,0,521,0,0,45,0,45,410,60,96,0,566,14,0,14,580
08/23/2018,SJC,CA,AWP,WE,Towers with Radar,416,57,61,0,534,0,0,29,2,31,416,57,90,2,565,24,0,24,589
08/24/2018,SJC,CA,AWP,WE,Towers with Radar,421,60,39,2,522,0,2,43,0,45,421,62,82,2,567,12,0,12,579
08/25/2018,SJC,CA,AWP,WE,Towers with Radar,306,27,40,0,373,0,6,22,0,28,306,33,62,0,401,4,0,4,405
08/26/2018,SJC,CA,AWP,WE,Towers with Radar,385,34,47,0,466,0,2,55,0,57,385,36,102,0,523,0,0,0,523
08/27/2018,SJC,CA,AWP,WE,Towers with Radar,425,57,48,0,530,0,4,44,1,49,425,61,92,1,579,18,0,18,597
08/28/2018,SJC,CA,AWP,WE,Towers with Radar,410,61,58,0,529,0,2,24,0,26,410,63,82,0,555,0,0,0,555
08/29/2018,SJC,CA,AWP,WE,Towers with Radar,405,60,52,0,517,0,7,70,1,78,405,67,122,1,595,0,0,0,595
08/30/2018,SJC,CA,AWP,WE,Towers with Radar,423,59,53,0,535,0,4,57,0,61,423,63,110,0,596,6,0,6,602
08/31/2018,SJC,CA,AWP,WE,Towers with Radar,421,64,58,0,543,0,7,44,0,51,421,71,102,0,594,2,0,2,596
09/01/2018,SJC,CA,AWP,WE,Towers with Radar,295,44,20,0,359,0,5,32,0,37,295,49,52,0,396,6,0,6,402
09/02/2018,SJC,CA,AWP,WE,Towers with Radar,304,33,27,0,364,0,4,45,2,51,304,37,72,2,415,34,0,34,449
09/03/2018,SJC,CA,AWP,WE,Towers with Radar,394,69,57,0,520,0,0,61,0,61,394,69,118,0,581,24,0,24,605
09/04/2018,SJC,CA,AWP,WE,Towers with Radar,396,67,43,0,506,0,0,36,0,36,396,67,79,0,542,6,0,6,548
09/05/2018,SJC,CA,AWP,WE,Towers with Radar,402,68,63,1,534,0,9,51,2,62,402,77,114,3,596,6,0,6,602
09/06/2018,SJC,CA,AWP,WE,Towers with Radar,399,63,69,0,531,0,0,82,0,82,399,63,151,0,613,8,0,8,621
09/07/2018,SJC,CA,AWP,WE,Towers with Radar,399,75,64,0,538,0,0,66,0,66,399,75,130,0,604,14,0,14,618
09/08/2018,SJC,CA,AWP,WE,Towers with Radar,299,35,34,0,368,0,2,42,1,45,299,37,76,1,413,22,0,22,435
09/09/2018,SJC,CA,AWP,WE,Towers with Radar,393,41,37,0,471,0,0,69,0,69,393,41,106,0,540,0,0,0,540
09/10/2018,SJC,CA,AWP,WE,Towers with Radar,420,54,35,0,509,0,0,45,0,45,420,54,80,0,554,0,0,0,554
09/11/2018,SJC,CA,AWP,WE,Towers with Radar,404,79,51,0,534,0,8,50,0,58,404,87,101,0,592,8,0,8,600
09/12/2018,SJC,CA,AWP,WE,Towers with Radar,405,82,51,0,538,0,2,48,0,50,405,84,99,0,588,4,0,4,592
09/13/2018,SJC,CA,AWP,WE,Towers with Radar,413,65,48,0,526,0,4,55,1,60,413,69,103,1,586,10,0,10,596
09/14/2018,SJC,CA,AWP,WE,Towers with Radar,424,57,55,0,536,0,0,69,0,69,424,57,124,0,605,24,0,24,629
09/15/2018,SJC,CA,AWP,WE,Towers with Radar,303,38,29,0,370,0,11,53,0,64,303,49,82,0,434,8,0,8,442
09/16/2018,SJC,CA,AWP,WE,Towers with Radar,376,47,63,0,486,0,0,69,0,69,376,47,132,0,555,14,0,14,569
09/17/2018,SJC,CA,AWP,WE,Towers with Radar,415,51,37,0,503,0,0,27,0,27,415,51,64,0,530,0,0,0,530
09/18/2018,SJC,CA,AWP,WE,Towers with Radar,403,61,52,0,516,0,5,27,2,34,403,66,79,2,550,12,0,12,562
09/19/2018,SJC,CA,AWP,WE,Towers with Radar,408,64,42,0,514,0,8,61,2,71,408,72,103,2,585,0,0,0,585
09/20/2018,SJC,CA,AWP,WE,Towers with Radar,413,64,46,0,523,0,4,78,0,82,413,68,124,0,605,8,0,8,613
09/21/2018,SJC,CA,AWP,WE,Towers with Radar,421,69,54,0,544,0,6,65,0,71,421,75,119,0,615,26,0,26,641
09/22/2018,SJC,CA,AWP,WE,Towers with Radar,300,27,36,0,363,0,4,56,1,61,300,31,92,1,424,28,0,28,452
09/23/2018,SJC,CA,AWP,WE,Towers with Radar,389,41,44,0,474,0,1,60,0,61,389,42,104,0,535,6,0,6,541
09/24/2018,SJC,CA,AWP,WE,Towers with Radar,427,65,31,0,523,0,1,39,2,42,427,66,70,2,565,12,0,12,577
09/25/2018,SJC,CA,AWP,WE,Towers with Radar,404,68,51,0,523,0,5,56,0,61,404,73,107,0,584,14,0,14,598
09/26/2018,SJC,CA,AWP,WE,Towers with Radar,405,65,73,0,543,0,0,28,0,28,405,65,101,0,571,0,0,0,571
09/27/2018,SJC,CA,AWP,WE,Towers with Radar,414,86,60,0,560,0,0,36,2,38,414,86,96,2,598,4,0,4,602
09/28/2018,SJC,CA,AWP,WE,Towers with Radar,422,78,60,0,560,0,2,42,0,44,422,80,102,0,604,2,0,2,606
09/29/2018,SJC,CA,AWP,WE,Towers with Radar,302,48,19,1,370,0,4,50,2,56,302,52,69,3,426,0,0,0,426
09/30/2018,SJC,CA,AWP,WE,Towers with Radar,392,63,52,1,508,0,6,52,0,58,392,69,104,1,566,14,0,14,580
10/01/2018,SJC,CA,AWP,WE,Towers with Radar,418,61,33,0,512,0,0,36,0,36,418,61,69,0,548,8,0,8,556
10/02/2018,SJC,CA,AWP,WE,Towers with Radar,397,54,52,0,503,0,0,18,0,18,397,54,70,0,521,2,0,2,523
10/03/2018,SJC,CA,AWP,WE,Towers with Radar,405,62,52,0,519,0,0,43,3,46,405,62,95,3,565,20,0,20,585
10/04/2018,SJC,CA,AWP,WE,Towers with Radar,424,78,51,0,553,0,0,41,0,41,424,78,92,0,594,22,0,22,616
10/05/2018,SJC,CA,AWP,WE,Towers with Radar,425,63,48,4,540,0,3,57,0,60,425,66,105,4,600,6,0,6,606
10/06/2018,SJC,CA,AWP,WE,Towers with Radar,286,32,24,0,342,0,0,45,0,45,286,32,69,0,387,22,0,22,409
10/07/2018,SJC,CA,AWP,WE,Towers with Radar,372,58,50,0,480,0,0,61,0,61,372,58,111,0,541,0,0,0,541
10/08/2018,SJC,CA,AWP,WE,Towers with Radar,412,51,46,2,511,0,5,61,0,66,412,56,107,2,577,26,0,26,603
10/09/2018,SJC,CA,AWP,WE,Towers with Radar,388,60,55,0,503,0,2,58,0,60,388,62,113,0,563,10,0,10,573
10/10/2018,SJC,CA,AWP,WE,Towers with Radar,397,67,64,0,528,0,4,49,0,53,397,71,113,0,581,36,0,36,617
10/11/2018,SJC,CA,AWP,WE,Towers with Radar,416,67,60,2,545,0,5,66,0,71,416,72,126,2,616,0,0,0,616
10/12/2018,SJC,CA,AWP,WE,Towers with Radar,422,77,49,0,548,0,6,69,0,75,422,83,118,0,623,0,0,0,623
10/13/2018,SJC,CA,AWP,WE,Towers with Radar,287,42,24,0,353,0,2,55,0,57,287,44,79,0,410,24,0,24,434
10/14/2018,SJC,CA,AWP,WE,Towers with Radar,381,52,61,0,494,0,1,46,0,47,381,53,107,0,541,0,0,0,541
10/15/2018,SJC,CA,AWP,WE,Towers with Radar,413,56,29,0,498,0,3,56,0,59,413,59,85,0,557,8,0,8,565
10/16/2018,SJC,CA,AWP,WE,Towers with Radar,398,68,57,0,523,0,1,39,0,40,398,69,96,0,563,5,0,5,568
10/17/2018,SJC,CA,AWP,WE,Towers with Radar,399,57,49,2,507,0,2,44,2,48,399,59,93,4,555,0,0,0,555
10/18/2018,SJC,CA,AWP,WE,Towers with Radar,417,64,58,0,539,0,3,50,0,53,417,67,108,0,592,0,0,0,592
10/19/2018,SJC,CA,AWP,WE,Towers with Radar,425,70,40,0,535,0,2,57,0,59,425,72,97,0,594,0,0,0,594
10/20/2018,SJC,CA,AWP,WE,Towers with Radar,289,32,31,0,352,0,1,47,0,48,289,33,78,0,400,20,0,20,420
10/21/2018,SJC,CA,AWP,WE,Towers with Radar,377,63,57,1,498,0,0,45,1,46,377,63,102,2,544,8,0,8,552
10/22/2018,SJC,CA,AWP,WE,Towers with Radar,414,52,66,0,532,0,0,24,1,25,414,52,90,1,557,6,0,6,563
10/23/2018,SJC,CA,AWP,WE,Towers with Radar,395,75,47,0,517,0,0,46,0,46,395,75,93,0,563,40,0,40,603
10/24/2018,SJC,CA,AWP,WE,Towers with Radar,405,53,50,0,508,0,2,47,0,49,405,55,97,0,557,0,0,0,557
10/25/2018,SJC,CA,AWP,WE,Towers with Radar,415,88,64,0,567,0,4,38,0,42,415,92,102,0,609,4,0,4,613
10/26/2018,SJC,CA,AWP,WE,Towers with Radar,420,73,51,0,544,0,4,68,0,72,420,77,119,0,616,0,0,0,616
10/27/2018,SJC,CA,AWP,WE,Towers with Radar,293,43,31,0,367,0,3,52,0,55,293,46,83,0,422,4,0,4,426
10/28/2018,SJC,CA,AWP,WE,Towers with Radar,370,69,39,0,478,0,6,69,0,75,370,75,108,0,553,0,0,0,553
10/29/2018,SJC,CA,AWP,WE,Towers with Radar,399,45,40,0,484,0,4,23,0,27,399,49,63,0,511,2,0,2,513
10/30/2018,SJC,CA,AWP,WE,Towers with Radar,379,67,58,2,506,0,2,52,0,54,379,69,110,2,560,10,0,10,570
10/31/2018,SJC,CA,AWP,WE,Towers with Radar,307,53,48,0,408,0,2,54,0,56,307,55,102,0,464,0,0,0,464
11/01/2018,SJC,CA,AWP,WE,Towers with Radar,404,77,100,0,581,0,0,98,0,98,404,77,198,0,679,6,0,6,685
11/02/2018,SJC,CA,AWP,WE,Towers with Radar,409,55,59,0,523,0,5,67,0,72,409,60,126,0,595,6,0,6,601
11/03/2018,SJC,CA,AWP,WE,Towers with Radar,280,23,37,0,340,0,0,62,1,63,280,23,99,1,403,2,0,2,405
11/04/2018,SJC,CA,AWP,WE,Towers with Radar,377,42,53,0,472,0,2,72,1,75,377,44,125,1,547,2,0,2,549
11/05/2018,SJC,CA,AWP,WE,Towers with Radar,425,55,45,0,525,0,0,48,0,48,425,55,93,0,573,4,0,4,577
11/06/2018,SJC,CA,AWP,WE,Towers with Radar,398,63,46,0,507,0,0,44,0,44,398,63,90,0,551,6,0,6,557
11/07/2018,SJC,CA,AWP,WE,Towers with Radar,410,76,57,0,543,0,5,46,1,52,410,81,103,1,595,38,0,38,633
11/08/2018,SJC,CA,AWP,WE,Towers with Radar,420,65,64,0,549,0,5,49,2,56,420,70,113,2,605,0,0,0,605
11/09/2018,SJC,CA,AWP,WE,Towers with Radar,432,72,57,0,561,0,1,32,0,33,432,73,89,0,594,0,0,0,594
11/10/2018,SJC,CA,AWP,WE,Towers with Radar,275,31,38,0,344,0,0,3,0,3,275,31,41,0,347,0,0,0,347
11/11/2018,SJC,CA,AWP,WE,Towers with Radar,387,57,42,0,486,0,8,20,3,31,387,65,62,3,517,0,0,0,517
11/12/2018,SJC,CA,AWP,WE,Towers with Radar,428,80,63,0,571,0,0,23,2,25,428,80,86,2,596,6,0,6,602
11/13/2018,SJC,CA,AWP,WE,Towers with Radar,420,64,85,0,569,0,2,23,0,25,420,66,108,0,594,12,0,12,606
11/14/2018,SJC,CA,AWP,WE,Towers with Radar,414,84,60,0,558,0,0,14,0,14,414,84,74,0,572,0,0,0,572
11/15/2018,SJC,CA,AWP,WE,Towers with Radar,429,79,71,0,579,0,0,0,0,0,429,79,71,0,579,0,0,0,579
11/16/2018,SJC,CA,AWP,WE,Towers with Radar,422,100,90,3,615,0,0,3,0,3,422,100,93,3,618,0,0,0,618
11/17/2018,SJC,CA,AWP,WE,Towers with Radar,322,53,56,2,433,0,0,1,0,1,322,53,57,2,434,0,0,0,434
11/18/2018,SJC,CA,AWP,WE,Towers with Radar,388,49,44,0,481,0,1,11,0,12,388,50,55,0,493,0,0,0,493
11/19/2018,SJC,CA,AWP,WE,Towers with Radar,408,58,48,0,514,0,0,11,0,11,408,58,59,0,525,0,0,0,525
11/20/2018,SJC,CA,AWP,WE,Towers with Radar,394,49,53,2,498,0,2,41,0,43,394,51,94,2,541,2,0,2,543
11/21/2018,SJC,CA,AWP,WE,Towers with Radar,418,63,48,0,529,0,0,10,0,10,418,63,58,0,539,0,0,0,539
11/22/2018,SJC,CA,AWP,WE,Towers with Radar,270,25,14,0,309,0,2,12,0,14,270,27,26,0,323,8,0,8,331
11/23/2018,SJC,CA,AWP,WE,Towers with Radar,333,38,30,0,401,0,1,6,0,7,333,39,36,0,408,0,0,0,408
11/24/2018,SJC,CA,AWP,WE,Towers with Radar,359,46,46,0,451,0,0,18,0,18,359,46,64,0,469,8,0,8,477
11/25/2018,SJC,CA,AWP,WE,Towers with Radar,416,91,79,0,586,0,3,87,0,90,416,94,166,0,676,0,0,0,676
11/26/2018,SJC,CA,AWP,WE,Towers with Radar,411,62,44,0,517,0,2,45,2,49,411,64,89,2,566,10,0,10,576
11/27/2018,SJC,CA,AWP,WE,Towers with Radar,404,70,50,0,524,0,1,12,0,13,404,71,62,0,537,4,0,4,541
11/28/2018,SJC,CA,AWP,WE,Towers with Radar,397,71,65,0,533,0,0,11,0,11,397,71,76,0,544,4,0,4,548
11/29/2018,SJC,CA,AWP,WE,Towers with Radar,400,81,62,0,543,0,0,1,0,1,400,81,63,0,544,0,0,0,544
11/30/2018,SJC,CA,AWP,WE,Towers with Radar,409,89,91,0,589,0,0,64,0,64,409,89,155,0,653,4,0,4,657
12/01/2018,SJC,CA,AWP,WE,Towers with Radar,269,34,53,0,356,0,0,16,0,16,269,34,69,0,372,14,0,14,386
12/02/2018,SJC,CA,AWP,WE,Towers with Radar,360,43,50,0,453,0,1,73,0,74,360,44,123,0,527,6,0,6,533
12/03/2018,SJC,CA,AWP,WE,Towers with Radar,406,58,49,0,513,0,8,45,0,53,406,66,94,0,566,18,0,18,584
12/04/2018,SJC,CA,AWP,WE,Towers with Radar,391,58,58,0,507,0,0,22,0,22,391,58,80,0,529,0,0,0,529
12/05/2018,SJC,CA,AWP,WE,Towers with Radar,387,42,56,2,487,0,1,26,0,27,387,43,82,2,514,8,0,8,522
12/06/2018,SJC,CA,AWP,WE,Towers with Radar,394,75,44,0,513,0,4,45,0,49,394,79,89,0,562,10,0,10,572
12/07/2018,SJC,CA,AWP,WE,Towers with Radar,399,66,51,0,516,0,0,49,0,49,399,66,100,0,565,6,0,6,571
12/08/2018,SJC,CA,AWP,WE,Towers with Radar,266,33,24,0,323,0,0,52,0,52,266,33,76,0,375,0,0,0,375
12/09/2018,SJC,CA,AWP,WE,Towers with Radar,358,40,47,2,447,0,0,53,1,54,358,40,100,3,501,12,0,12,513
12/10/2018,SJC,CA,AWP,WE,Towers with Radar,399,53,74,0,526,0,3,11,0,14,399,56,85,0,540,6,0,6,546
12/11/2018,SJC,CA,AWP,WE,Towers with Radar,403,79,51,0,533,0,0,40,0,40,403,79,91,0,573,0,0,0,573
12/12/2018,SJC,CA,AWP,WE,Towers with Radar,401,72,63,0,536,0,3,41,0,44,401,75,104,0,580,4,0,4,584
12/13/2018,SJC,CA,AWP,WE,Towers with Radar,403,65,48,0,516,0,0,46,0,46,403,65,94,0,562,4,0,4,566
12/14/2018,SJC,CA,AWP,WE,Towers with Radar,410,56,54,0,520,0,2,32,0,34,410,58,86,0,554,0,0,0,554
12/15/2018,SJC,CA,AWP,WE,Towers with Radar,270,19,34,0,323,0,8,54,0,62,270,27,88,0,385,4,0,4,389
12/16/2018,SJC,CA,AWP,WE,Towers with Radar,381,39,62,0,482,0,0,16,2,18,381,39,78,2,500,10,0,10,510
12/17/2018,SJC,CA,AWP,WE,Towers with Radar,413,59,52,0,524,0,0,26,0,26,413,59,78,0,550,12,0,12,562
12/18/2018,SJC,CA,AWP,WE,Towers with Radar,408,73,47,0,528,0,5,42,2,49,408,78,89,2,577,8,0,8,585
12/19/2018,SJC,CA,AWP,WE,Towers with Radar,415,71,69,0,555,0,0,21,0,21,415,71,90,0,576,20,0,20,596
12/20/2018,SJC,CA,AWP,WE,Towers with Radar,418,74,78,0,570,0,0,5,0,5,418,74,83,0,575,14,0,14,589
12/21/2018,SJC,CA,AWP,WE,Towers with Radar,417,87,52,0,556,0,1,14,0,15,417,88,66,0,571,0,0,0,571
12/22/2018,SJC,CA,AWP,WE,Towers with Radar,346,57,40,0,443,0,2,50,0,52,346,59,90,0,495,12,0,12,507
12/23/2018,SJC,CA,AWP,WE,Towers with Radar,396,38,48,0,482,0,0,55,0,55,396,38,103,0,537,24,0,24,561
12/24/2018,SJC,CA,AWP,WE,Towers with Radar,323,12,21,0,356,0,0,3,0,3,323,12,24,0,359,0,0,0,359
12/25/2018,SJC,CA,AWP,WE,Towers with Radar,336,23,8,0,367,0,0,12,0,12,336,23,20,0,379,0,0,0,379
12/26/2018,SJC,CA,AWP,WE,Towers with Radar,394,52,32,0,478,0,1,53,0,54,394,53,85,0,532,0,0,0,532
12/27/2018,SJC,CA,AWP,WE,Towers with Radar,390,48,46,0,484,0,4,50,2,56,390,52,96,2,540,0,0,0,540
12/28/2018,SJC,CA,AWP,WE,Towers with Radar,398,32,20,0,450,0,3,35,0,38,398,35,55,0,488,8,0,8,496
12/29/2018,SJC,CA,AWP,WE,Towers with Radar,336,41,22,0,399,0,4,52,0,56,336,45,74,0,455,40,0,40,495
12/30/2018,SJC,CA,AWP,WE,Towers with Radar,407,24,22,0,453,0,2,23,2,27,407,26,45,2,480,10,0,10,490
12/31/2018,SJC,CA,AWP,WE,Towers with Radar,346,26,35,0,407,0,4,20,0,24,346,30,55,0,431,0,0,0,431
01/01/2019,SJC,CA,AWP,WE,Towers with Radar,379,41,23,0,443,0,0,43,0,43,379,41,66,0,486,18,0,18,504
01/02/2019,SJC,CA,AWP,WE,Towers with Radar,397,30,34,0,461,0,1,47,0,48,397,31,81,0,509,2,0,2,511
01/03/2019,SJC,CA,AWP,WE,Towers with Radar,402,60,35,0,497,0,0,30,0,30,402,60,65,0,527,0,0,0,527
01/04/2019,SJC,CA,AWP,WE,Towers with Radar,412,51,38,0,501,0,5,41,2,48,412,56,79,2,549,0,0,0,549
01/05/2019,SJC,CA,AWP,WE,Towers with Radar,302,62,50,0,414,0,0,6,0,6,302,62,56,0,420,0,0,0,420
01/06/2019,SJC,CA,AWP,WE,Towers with Radar,395,91,73,0,559,0,0,7,0,7,395,91,80,0,566,4,0,4,570
01/07/2019,SJC,CA,AWP,WE,Towers with Radar,433,106,126,1,666,0,0,32,1,33,433,106,158,2,699,6,0,6,705
01/08/2019,SJC,CA,AWP,WE,Towers with Radar,437,89,116,0,642,0,0,8,2,10,437,89,124,2,652,0,0,0,652
01/09/2019,SJC,CA,AWP,WE,Towers with Radar,407,59,64,0,530,0,2,15,0,17,407,61,79,0,547,0,0,0,547
01/10/2019,SJC,CA,AWP,WE,Towers with Radar,433,73,92,0,598,0,0,40,2,42,433,73,132,2,640,6,0,6,646
01/11/2019,SJC,CA,AWP,WE,Towers with Radar,426,56,48,0,530,0,0,18,0,18,426,56,66,0,548,0,0,0,548
01/12/2019,SJC,CA,AWP,WE,Towers with Radar,266,41,16,0,323,0,0,31,0,31,266,41,47,0,354,4,0,4,358
01/13/2019,SJC,CA,AWP,WE,Towers with Radar,364,47,47,0,458,0,7,27,0,34,364,54,74,0,492,14,0,14,506
01/14/2019,SJC,CA,AWP,WE,Towers with Radar,415,44,61,0,520,0,0,14,0,14,415,44,75,0,534,0,0,0,534
01/15/2019,SJC,CA,AWP,WE,Towers with Radar,401,55,53,0,509,0,0,3,0,3,401,55,56,0,512,0,0,0,512
01/16/2019,SJC,CA,AWP,WE,Towers with Radar,402,58,62,2,524,0,0,4,0,4,402,58,66,2,528,0,0,0,528
01/17/2019,SJC,CA,AWP,WE,Towers with Radar,420,85,58,2,565,0,3,6,0,9,420,88,64,2,574,0,0,0,574
01/18/2019,SJC,CA,AWP,WE,Towers with Radar,413,70,87,2,572,0,0,53,0,53,413,70,140,2,625,0,0,0,625
01/19/2019,SJC,CA,AWP,WE,Towers with Radar,254,33,38,0,325,0,13,57,0,70,254,46,95,0,395,12,0,12,407
01/20/2019,SJC,CA,AWP,WE,Towers with Radar,344,33,43,0,420,0,0,6,0,6,344,33,49,0,426,0,0,0,426
01/21/2019,SJC,CA,AWP,WE,Towers with Radar,407,61,53,0,521,0,2,59,0,61,407,63,112,0,582,0,0,0,582
01/22/2019,SJC,CA,AWP,WE,Towers with Radar,392,71,45,0,508,0,3,36,0,39,392,74,81,0,547,6,0,6,553
01/23/2019,SJC,CA,AWP,WE,Towers with Radar,403,51,58,0,512,0,0,59,0,59,403,51,117,0,571,8,0,8,579
01/24/2019,SJC,CA,AWP,WE,Towers with Radar,415,83,51,0,549,0,0,50,0,50,415,83,101,0,599,0,0,0,599
01/25/2019,SJC,CA,AWP,WE,Towers with Radar,413,65,59,0,537,0,11,48,0,59,413,76,107,0,596,0,0,0,596
01/26/2019,SJC,CA,AWP,WE,Towers with Radar,271,38,16,0,325,0,2,57,1,60,271,40,73,1,385,2,0,2,387
01/27/2019,SJC,CA,AWP,WE,Towers with Radar,361,57,45,0,463,0,1,56,1,58,361,58,101,1,521,0,0,0,521
01/28/2019,SJC,CA,AWP,WE,Towers with Radar,409,47,42,0,498,0,1,27,0,28,409,48,69,0,526,6,0,6,532
01/29/2019,SJC,CA,AWP,WE,Towers with Radar,385,65,55,0,505,0,0,44,0,44,385,65,99,0,549,8,0,8,557
01/30/2019,SJC,CA,AWP,WE,Towers with Radar,392,72,85,2,551,0,4,31,0,35,392,76,116,2,586,16,0,16,602
01/31/2019,SJC,CA,AWP,WE,Towers with Radar,398,69,69,0,536,0,4,30,0,34,398,73,99,0,570,14,0,14,584
02/01/2019,SJC,CA,AWP,WE,Towers with Radar,412,67,69,0,548,0,0,19,0,19,412,67,88,0,567,6,0,6,573
02/02/2019,SJC,CA,AWP,WE,Towers with Radar,260,24,28,0,312,0,0,2,0,2,260,24,30,0,314,2,0,2,316
02/03/2019,SJC,CA,AWP,WE,Towers with Radar,322,56,42,0,420,1,1,2,1,5,323,57,44,1,425,0,0,0,425
02/04/2019,SJC,CA,AWP,WE,Towers with Radar,408,53,43,2,506,0,0,7,0,7,408,53,50,2,513,0,0,0,513
02/05/2019,SJC,CA,AWP,WE,Towers with Radar,394,59,55,5,513,0,0,36,0,36,394,59,91,5,549,0,4,4,553
02/06/2019,SJC,CA,AWP,WE,Towers with Radar,400,64,47,0,511,0,7,78,0,85,400,71,125,0,596,20,0,20,616
02/07/2019,SJC,CA,AWP,WE,Towers with Radar,418,80,58,0,556,0,5,51,0,56,418,85,109,0,612,4,0,4,616
02/08/2019,SJC,CA,AWP,WE,Towers with Radar,405,82,61,0,548,0,3,28,2,33,405,85,89,2,581,4,0,4,585
02/09/2019,SJC,CA,AWP,WE,Towers with Radar,252,36,24,0,312,0,1,25,0,26,252,37,49,0,338,2,0,2,340
02/10/2019,SJC,CA,AWP,WE,Towers with Radar,353,67,50,0,470,0,2,30,0,32,353,69,80,0,502,32,0,32,534
02/11/2019,SJC,CA,AWP,WE,Towers with Radar,396,49,60,0,505,0,3,36,0,39,396,52,96,0,544,4,0,4,548
02/12/2019,SJC,CA,AWP,WE,Towers with Radar,373,57,59,0,489,0,0,24,0,24,373,57,83,0,513,0,0,0,513
02/13/2019,SJC,CA,AWP,WE,Towers with Radar,397,74,79,1,551,0,0,6,0,6,397,74,85,1,557,0,0,0,557
02/14/2019,SJC,CA,AWP,WE,Towers with Radar,390,86,54,3,533,0,1,9,2,12,390,87,63,5,545,0,0,0,545
02/15/2019,SJC,CA,AWP,WE,Towers with Radar,406,81,103,0,590,0,0,8,0,8,406,81,111,0,598,0,0,0,598
02/16/2019,SJC,CA,AWP,WE,Towers with Radar,272,43,40,0,355,0,4,16,0,20,272,47,56,0,375,0,0,0,375
02/17/2019,SJC,CA,AWP,WE,Towers with Radar,343,25,42,0,410,0,0,20,0,20,343,25,62,0,430,0,0,0,430
02/18/2019,SJC,CA,AWP,WE,Towers with Radar,410,52,54,0,516,0,2,56,0,58,410,54,110,0,574,0,0,0,574
02/19/2019,SJC,CA,AWP,WE,Towers with Radar,407,68,54,0,529,0,3,39,2,44,407,71,93,2,573,2,0,2,575
02/20/2019,SJC,CA,AWP,WE,Towers with Radar,406,68,45,0,519,0,1,33,0,34,406,69,78,0,553,4,0,4,557
02/21/2019,SJC,CA,AWP,WE,Towers with Radar,382,59,68,0,509,0,0,53,0,53,382,59,121,0,562,2,0,2,564
02/22/2019,SJC,CA,AWP,WE,Towers with Radar,408,58,47,0,513,0,2,81,0,83,408,60,128,0,596,16,0,16,612
02/23/2019,SJC,CA,AWP,WE,Towers with Radar,270,53,35,0,358,0,0,56,0,56,270,53,91,0,414,18,0,18,432
02/24/2019,SJC,CA,AWP,WE,Towers with Radar,361,62,60,0,483,0,0,58,0,58,361,62,118,0,541,14,0,14,555
02/25/2019,SJC,CA,AWP,WE,Towers with Radar,418,57,40,0,515,0,4,10,0,14,418,61,50,0,529,0,0,0,529
02/26/2019,SJC,CA,AWP,WE,Towers with Radar,407,65,55,0,527,0,0,12,0,12,407,65,67,0,539,0,0,0,539
02/27/2019,SJC,CA,AWP,WE,Towers with Radar,388,63,48,2,501,0,0,12,0,12,388,63,60,2,513,2,0,2,515
02/28/2019,SJC,CA,AWP,WE,Towers with Radar,404,70,65,0,539,0,3,46,1,50,404,73,111,1,589,0,0,0,589
03/01/2019,SJC,CA,AWP,WE,Towers with Radar,399,71,68,0,538,0,1,45,0,46,399,72,113,0,584,10,0,10,594
03/02/2019,SJC,CA,AWP,WE,Towers with Radar,268,41,36,0,345,0,0,8,0,8,268,41,44,0,353,0,0,0,353
03/03/2019,SJC,CA,AWP,WE,Towers with Radar,368,78,51,0,497,0,2,8,0,10,368,80,59,0,507,0,0,0,507
03/04/2019,SJC,CA,AWP,WE,Towers with Radar,410,61,59,0,530,0,7,41,0,48,410,68,100,0,578,44,0,44,622
03/05/2019,SJC,CA,AWP,WE,Towers with Radar,393,69,61,0,523,0,0,5,0,5,393,69,66,0,528,6,0,6,534
03/06/2019,SJC,CA,AWP,WE,Towers with Radar,397,72,65,0,534,0,0,5,0,5,397,72,70,0,539,2,0,2,541
03/07/2019,SJC,CA,AWP,WE,Towers with Radar,415,62,76,0,553,0,5,28,0,33,415,67,104,0,586,40,0,40,626
03/08/2019,SJC,CA,AWP,WE,Towers with Radar,413,64,59,0,536,0,0,67,0,67,413,64,126,0,603,0,0,0,603
03/09/2019,SJC,CA,AWP,WE,Towers with Radar,269,26,19,0,314,0,0,14,0,14,269,26,33,0,328,10,0,10,338
03/10/2019,SJC,CA,AWP,WE,Towers with Radar,370,41,59,0,470,0,2,18,0,20,370,43,77,0,490,0,0,0,490
03/11/2019,SJC,CA,AWP,WE,Towers with Radar,416,73,60,0,549,0,2,58,0,60,416,75,118,0,609,44,0,44,653
03/12/2019,SJC,CA,AWP,WE,Towers with Radar,398,68,52,0,518,0,8,27,0,35,398,76,79,0,553,8,0,8,561
03/13/2019,SJC,CA,AWP,WE,Towers with Radar,406,45,61,0,512,0,4,67,5,76,406,49,128,5,588,32,0,32,620
03/14/2019,SJC,CA,AWP,WE,Towers with Radar,403,62,58,0,523,0,4,63,1,68,403,66,121,1,591,16,0,16,607
03/15/2019,SJC,CA,AWP,WE,Towers with Radar,411,68,68,0,547,0,4,64,0,68,411,72,132,0,615,2,0,2,617
03/16/2019,SJC,CA,AWP,WE,Towers with Radar,271,33,35,0,339,0,0,45,1,46,271,33,80,1,385,10,0,10,395
03/17/2019,SJC,CA,AWP,WE,Towers with Radar,372,35,54,2,463,0,1,86,0,87,372,36,140,2,550,8,0,8,558
03/18/2019,SJC,CA,AWP,WE,Towers with Radar,427,47,51,0,525,0,6,37,0,43,427,53,88,0,568,24,0,24,592
03/19/2019,SJC,CA,AWP,WE,Towers with Radar,401,57,46,0,504,0,4,36,0,40,401,61,82,0,544,4,0,4,548
03/20/2019,SJC,CA,AWP,WE,Towers with Radar,415,60,53,0,528,0,0,15,0,15,415,60,68,0,543,38,0,38,581
03/21/2019,SJC,CA,AWP,WE,Towers with Radar,419,63,49,0,531,0,5,63,8,76,419,68,112,8,607,12,0,12,619
03/22/2019,SJC,CA,AWP,WE,Towers with Radar,428,84,80,0,592,0,1,16,0,17,428,85,96,0,609,0,0,0,609
03/23/2019,SJC,CA,AWP,WE,Towers with Radar,279,31,35,0,345,0,2,34,0,36,279,33,69,0,381,32,0,32,413
03/24/2019,SJC,CA,AWP,WE,Towers with Radar,381,64,70,0,515,0,6,52,0,58,381,70,122,0,573,28,0,28,601
03/25/2019,SJC,CA,AWP,WE,Towers with Radar,431,79,52,0,562,0,6,15,3,24,431,85,67,3,586,32,0,32,618
03/26/2019,SJC,CA,AWP,WE,Towers with Radar,404,54,51,2,511,0,3,32,0,35,404,57,83,2,546,18,0,18,564
03/27/2019,SJC,CA,AWP,WE,Towers with Radar,407,54,51,6,518,0,0,20,0,20,407,54,71,6,538,0,0,0,538
03/28/2019,SJC,CA,AWP,WE,Towers with Radar,429,64,72,0,565,0,7,37,0,44,429,71,109,0,609,36,0,36,645
03/29/2019,SJC,CA,AWP,WE,Towers with Radar,411,62,55,0,528,0,1,59,0,60,411,63,114,0,588,14,0,14,602
03/30/2019,SJC,CA,AWP,WE,Towers with Radar,277,30,44,0,351,0,2,54,0,56,277,32,98,0,407,14,0,14,421
03/31/2019,SJC,CA,AWP,WE,Towers with Radar,373,42,41,0,456,0,3,52,0,55,373,45,93,0,511,12,0,12,523
04/01/2019,SJC,CA,AWP,WE,Towers with Radar,414,49,37,1,501,0,0,28,0,28,414,49,65,1,529,26,0,26,555
04/02/2019,SJC,CA,AWP,WE,Towers with Radar,405,52,55,0,512,0,0,10,0,10,405,52,65,0,522,16,0,16,538
04/03/2019,SJC,CA,AWP,WE,Towers with Radar,414,71,45,0,530,0,2,32,0,34,414,73,77,0,564,14,0,14,578
04/04/2019,SJC,CA,AWP,WE,Towers with Radar,418,61,66,0,545,0,4,30,5,39,418,65,96,5,584,28,0,28,612
04/05/2019,SJC,CA,AWP,WE,Towers with Radar,421,69,35,0,525,0,2,19,0,21,421,71,54,0,546,12,0,12,558
04/06/2019,SJC,CA,AWP,WE,Towers with Radar,288,42,17,0,347,0,6,24,0,30,288,48,41,0,377,14,0,14,391
04/07/2019,SJC,CA,AWP,WE,Towers with Radar,386,56,51,0,493,0,0,29,0,29,386,56,80,0,522,0,0,0,522
04/08/2019,SJC,CA,AWP,WE,Towers with Radar,428,57,50,0,535,0,1,27,0,28,428,58,77,0,563,20,0,20,583
04/09/2019,SJC,CA,AWP,WE,Towers with Radar,424,69,52,0,545,0,5,20,0,25,424,74,72,0,570,4,0,4,574
04/10/2019,SJC,CA,AWP,WE,Towers with Radar,414,60,45,0,519,0,0,82,2,84,414,60,127,2,603,20,2,22,625
04/11/2019,SJC,CA,AWP,WE,Towers with Radar,432,70,70,0,572,0,2,72,1,75,432,72,142,1,647,36,0,36,683
04/12/2019,SJC,CA,AWP,WE,Towers with Radar,440,89,59,0,588,0,3,57,0,60,440,92,116,0,648,0,0,0,648
04/13/2019,SJC,CA,AWP,WE,Towers with Radar,283,49,29,0,361,0,7,72,0,79,283,56,101,0,440,18,0,18,458
04/14/2019,SJC,CA,AWP,WE,Towers with Radar,386,63,54,0,503,0,2,49,0,51,386,65,103,0,554,28,0,28,582
04/15/2019,SJC,CA,AWP,WE,Towers with Radar,434,60,61,0,555,0,2,16,0,18,434,62,77,0,573,2,0,2,575
04/16/2019,SJC,CA,AWP,WE,Towers with Radar,414,54,74,0,542,0,4,37,0,41,414,58,111,0,583,22,0,22,605
04/17/2019,SJC,CA,AWP,WE,Towers with Radar,427,76,60,0,563,0,4,74,3,81,427,80,134,3,644,28,0,28,672
04/18/2019,SJC,CA,AWP,WE,Towers with Radar,423,75,88,0,586,0,2,79,0,81,423,77,167,0,667,12,0,12,679
04/19/2019,SJC,CA,AWP,WE,Towers with Radar,429,66,39,0,534,0,4,49,0,53,429,70,88,0,587,8,0,8,595
04/20/2019,SJC,CA,AWP,WE,Towers with Radar,287,35,33,0,355,0,1,19,0,20,287,36,52,0,375,34,0,34,409
04/21/2019,SJC,CA,AWP,WE,Towers with Radar,388,57,46,0,491,0,2,37,0,39,388,59,83,0,530,0,0,0,530
04/22/2019,SJC,CA,AWP,WE,Towers with Radar,423,77,55,0,555,0,2,48,0,50,423,79,103,0,605,14,0,14,619
04/23/2019,SJC,CA,AWP,WE,Towers with Radar,422,73,45,2,542,0,0,56,0,56,422,73,101,2,598,8,0,8,606
04/24/2019,SJC,CA,AWP,WE,Towers with Radar,425,65,61,0,551,0,0,75,0,75,425,65,136,0,626,42,0,42,668
04/25/2019,SJC,CA,AWP,WE,Towers with Radar,426,72,61,0,559,0,3,62,0,65,426,75,123,0,624,32,0,32,656
04/26/2019,SJC,CA,AWP,WE,Towers with Radar,431,49,63,0,543,0,3,65,0,68,431,52,128,0,611,2,0,2,613
04/27/2019,SJC,CA,AWP,WE,Towers with Radar,286,29,34,0,349,0,4,67,0,71,286,33,101,0,420,20,0,20,440
04/28/2019,SJC,CA,AWP,WE,Towers with Radar,394,36,55,0,485,0,5,85,0,90,394,41,140,0,575,4,0,4,579
04/29/2019,SJC,CA,AWP,WE,Towers with Radar,435,51,58,0,544,0,0,40,0,40,435,51,98,0,584,0,0,0,584
04/30/2019,SJC,CA,AWP,WE,Towers with Radar,417,58,61,0,536,0,2,35,0,37,417,60,96,0,573,0,0,0,573
05/01/2019,SJC,CA,AWP,WE,Towers with Radar,433,66,57,0,556,0,10,48,0,58,433,76,105,0,614,8,0,8,622
05/02/2019,SJC,CA,AWP,WE,Towers with Radar,421,65,37,2,525,0,5,78,1,84,421,70,115,3,609,26,0,26,635
05/03/2019,SJC,CA,AWP,WE,Towers with Radar,438,82,64,0,584,0,5,64,0,69,438,87,128,0,653,10,0,10,663
05/04/2019,SJC,CA,AWP,WE,Towers with Radar,293,36,24,0,353,0,3,55,0,58,293,39,79,0,411,32,0,32,443
05/05/2019,SJC,CA,AWP,WE,Towers with Radar,390,50,54,0,494,0,4,57,0,61,390,54,111,0,555,16,0,16,571
05/06/2019,SJC,CA,AWP,WE,Towers with Radar,435,50,48,0,533,0,0,27,0,27,435,50,75,0,560,0,0,0,560
05/07/2019,SJC,CA,AWP,WE,Towers with Radar,422,53,46,0,521,0,3,30,0,33,422,56,76,0,554,6,0,6,560
05/08/2019,SJC,CA,AWP,WE,Towers with Radar,438,75,65,0,578,0,4,48,3,55,438,79,113,3,633,8,0,8,641
05/09/2019,SJC,CA,AWP,WE,Towers with Radar,426,81,69,2,578,0,9,20,1,30,426,90,89,3,608,0,0,0,608
05/10/2019,SJC,CA,AWP,WE,Towers with Radar,450,61,51,0,562,0,1,45,0,46,450,62,96,0,608,0,0,0,608
05/11/2019,SJC,CA,AWP,WE,Towers with Radar,292,24,30,0,346,0,2,47,0,49,292,26,77,0,395,10,0,10,405
05/12/2019,SJC,CA,AWP,WE,Towers with Radar,388,49,31,0,468,0,4,62,0,66,388,53,93,0,534,6,0,6,540
05/13/2019,SJC,CA,AWP,WE,Towers with Radar,443,61,43,0,547,0,0,41,2,43,443,61,84,2,590,2,0,2,592
05/14/2019,SJC,CA,AWP,WE,Towers with Radar,425,71,61,0,557,0,4,51,0,55,425,75,112,0,612,6,0,6,618
05/15/2019,SJC,CA,AWP,WE,Towers with Radar,443,83,51,0,577,0,0,6,0,6,443,83,57,0,583,0,0,0,583
05/16/2019,SJC,CA,AWP,WE,Towers with Radar,441,81,64,0,586,0,1,12,0,13,441,82,76,0,599,0,0,0,599
05/17/2019,SJC,CA,AWP,WE,Towers with Radar,443,60,64,0,567,0,4,37,0,41,443,64,101,0,608,10,0,10,618
05/18/2019,SJC,CA,AWP,WE,Towers with Radar,290,33,16,0,339,0,0,13,0,13,290,33,29,0,352,0,0,0,352
05/19/2019,SJC,CA,AWP,WE,Towers with Radar,391,48,54,0,493,0,4,9,0,13,391,52,63,0,506,0,0,0,506
05/20/2019,SJC,CA,AWP,WE,Towers with Radar,435,62,54,0,551,0,6,28,0,34,435,68,82,0,585,12,0,12,597
05/21/2019,SJC,CA,AWP,WE,Towers with Radar,415,79,57,0,551,0,0,9,0,9,415,79,66,0,560,8,0,8,568
05/22/2019,SJC,CA,AWP,WE,Towers with Radar,421,56,65,0,542,0,9,37,0,46,421,65,102,0,588,18,0,18,606
05/23/2019,SJC,CA,AWP,WE,Towers with Radar,426,85,73,0,584,0,4,52,2,58,426,89,125,2,642,0,0,0,642
05/24/2019,SJC,CA,AWP,WE,Towers with Radar,445,63,64,0,572,0,2,61,0,63,445,65,125,0,635,2,0,2,637
05/25/2019,SJC,CA,AWP,WE,Towers with Radar,280,25,26,0,331,0,11,38,0,49,280,36,64,0,380,26,0,26,406
05/26/2019,SJC,CA,AWP,WE,Towers with Radar,307,27,18,0,352,0,4,11,0,15,307,31,29,0,367,0,0,0,367
05/27/2019,SJC,CA,AWP,WE,Towers with Radar,405,47,53,0,505,0,2,29,0,31,405,49,82,0,536,30,0,30,566
05/28/2019,SJC,CA,AWP,WE,Towers with Radar,416,58,47,0,521,0,2,46,0,48,416,60,93,0,569,6,0,6,575
05/29/2019,SJC,CA,AWP,WE,Towers with Radar,414,56,64,0,534,0,4,40,0,44,414,60,104,0,578,0,0,0,578
05/30/2019,SJC,CA,AWP,WE,Towers with Radar,411,51,56,0,518,0,4,32,2,38,411,55,88,2,556,8,0,8,564
05/31/2019,SJC,CA,AWP,WE,Towers with Radar,438,50,49,0,537,0,5,61,0,66,438,55,110,0,603,44,0,44,647
06/01/2019,SJC,CA,AWP,WE,Towers with Radar,289,31,24,0,344,0,9,56,0,65,289,40,80,0,409,48,0,48,457
06/02/2019,SJC,CA,AWP,WE,Towers with Radar,387,42,44,0,473,0,1,31,0,32,387,43,75,0,505,0,0,0,505
06/03/2019,SJC,CA,AWP,WE,Towers with Radar,425,60,55,0,540,0,4,43,0,47,425,64,98,0,587,48,0,48,635
06/04/2019,SJC,CA,AWP,WE,Towers with Radar,419,63,58,0,540,0,2,52,0,54,419,65,110,0,594,8,0,8,602
06/05/2019,SJC,CA,AWP,WE,Towers with Radar,424,62,50,0,536,0,1,57,0,58,424,63,107,0,594,20,0,20,614
06/06/2019,SJC,CA,AWP,WE,Towers with Radar,432,61,59,0,552,0,0,49,0,49,432,61,108,0,601,0,0,0,601
06/07/2019,SJC,CA,AWP,WE,Towers with Radar,453,65,56,0,574,0,0,62,0,62,453,65,118,0,636,0,0,0,636
06/08/2019,SJC,CA,AWP,WE,Towers with Radar,312,31,23,0,366,0,0,58,0,58,312,31,81,0,424,4,0,4,428
06/09/2019,SJC,CA,AWP,WE,Towers with Radar,415,34,43,0,492,0,4,61,0,65,415,38,104,0,557,20,0,20,577
06/10/2019,SJC,CA,AWP,WE,Towers with Radar,471,61,46,0,578,0,0,25,0,25,471,61,71,0,603,0,0,0,603
06/11/2019,SJC,CA,AWP,WE,Towers with Radar,458,75,53,3,589,0,0,25,0,25,458,75,78,3,614,16,0,16,630
06/12/2019,SJC,CA,AWP,WE,Towers with Radar,466,76,54,2,598,0,3,35,6,44,466,79,89,8,642,0,6,6,648
06/13/2019,SJC,CA,AWP,WE,Towers with Radar,467,73,56,1,597,0,3,32,4,39,467,76,88,5,636,22,0,22,658
06/14/2019,SJC,CA,AWP,WE,Towers with Radar,468,74,64,2,608,0,1,42,0,43,468,75,106,2,651,2,0,2,653
06/15/2019,SJC,CA,AWP,WE,Towers with Radar,331,41,48,0,420,0,3,40,0,43,331,44,88,0,463,2,0,2,465
06/16/2019,SJC,CA,AWP,WE,Towers with Radar,407,57,64,1,529,0,2,29,0,31,407,59,93,1,560,6,24,30,590
06/17/2019,SJC,CA,AWP,WE,Towers with Radar,457,76,81,0,614,0,0,38,0,38,457,76,119,0,652,22,0,22,674
06/18/2019,SJC,CA,AWP,WE,Towers with Radar,452,66,54,0,572,0,0,37,1,38,452,66,91,1,610,4,0,4,614
06/19/2019,SJC,CA,AWP,WE,Towers with Radar,451,48,72,0,571,0,0,53,1,54,451,48,125,1,625,26,0,26,651
06/20/2019,SJC,CA,AWP,WE,Towers with Radar,463,77,44,0,584,0,2,37,0,39,463,79,81,0,623,6,0,6,629
06/21/2019,SJC,CA,AWP,WE,Towers with Radar,452,59,44,0,555,0,3,47,0,50,452,62,91,0,605,0,0,0,605
06/22/2019,SJC,CA,AWP,WE,Towers with Radar,330,35,26,0,391,0,1,36,0,37,330,36,62,0,428,22,0,22,450
06/23/2019,SJC,CA,AWP,WE,Towers with Radar,414,45,32,0,491,0,2,50,0,52,414,47,82,0,543,16,0,16,559
06/24/2019,SJC,CA,AWP,WE,Towers with Radar,456,73,62,0,591,0,7,29,1,37,456,80,91,1,628,12,0,12,640
06/25/2019,SJC,CA,AWP,WE,Towers with Radar,447,60,48,0,555,0,1,50,0,51,447,61,98,0,606,18,0,18,624
06/26/2019,SJC,CA,AWP,WE,Towers with Radar,459,74,54,0,587,0,1,56,1,58,459,75,110,1,645,14,0,14,659
06/27/2019,SJC,CA,AWP,WE,Towers with Radar,458,73,57,0,588,0,1,45,0,46,458,74,102,0,634,10,0,10,644
06/28/2019,SJC,CA,AWP,WE,Towers with Radar,463,57,51,0,571,0,0,64,2,66,463,57,115,2,637,0,0,0,637
06/29/2019,SJC,CA,AWP,WE,Towers with Radar,331,32,26,0,389,0,2,44,1,47,331,34,70,1,436,0,0,0,436
06/30/2019,SJC,CA,AWP,WE,Towers with Radar,403,34,39,0,476,0,4,51,0,55,403,38,90,0,531,10,0,10,541
07/01/2019,SJC,CA,AWP,WE,Towers with Radar,458,34,49,0,541,0,3,40,0,43,458,37,89,0,584,0,0,0,584
07/02/2019,SJC,CA,AWP,WE,Towers with Radar,439,43,60,2,544,0,1,34,0,35,439,44,94,2,579,10,0,10,589
07/03/2019,SJC,CA,AWP,WE,Towers with Radar,447,43,55,0,545,0,2,54,0,56,447,45,109,0,601,28,0,28,629
07/04/2019,SJC,CA,AWP,WE,Towers with Radar,323,15,16,0,354,0,1,31,0,32,323,16,47,0,386,2,0,2,388
07/05/2019,SJC,CA,AWP,WE,Towers with Radar,383,25,25,0,433,0,4,29,0,33,383,29,54,0,466,20,0,20,486
07/06/2019,SJC,CA,AWP,WE,Towers with Radar,325,28,22,0,375,0,1,24,1,26,325,29,46,1,401,18,0,18,419
07/07/2019,SJC,CA,AWP,WE,Towers with Radar,421,61,69,0,551,0,0,48,0,48,421,61,117,0,599,32,0,32,631
07/08/2019,SJC,CA,AWP,WE,Towers with Radar,466,69,47,0,582,0,1,22,0,23,466,70,69,0,605,0,0,0,605
07/09/2019,SJC,CA,AWP,WE,Towers with Radar,466,60,76,0,602,0,2,39,0,41,466,62,115,0,643,28,0,28,671
07/10/2019,SJC,CA,AWP,WE,Towers with Radar,464,51,60,0,575,0,1,42,0,43,464,52,102,0,618,4,0,4,622
07/11/2019,SJC,CA,AWP,WE,Towers with Radar,446,52,42,0,540,0,3,41,0,44,446,55,83,0,584,12,0,12,596
07/12/2019,SJC,CA,AWP,WE,Towers with Radar,459,58,49,0,566,0,2,41,0,43,459,60,90,0,609,0,0,0,609
07/13/2019,SJC,CA,AWP,WE,Towers with Radar,336,33,38,0,407,0,0,35,0,35,336,33,73,0,442,0,0,0,442
07/14/2019,SJC,CA,AWP,WE,Towers with Radar,420,47,35,0,502,0,2,36,0,38,420,49,71,0,540,20,0,20,560
07/15/2019,SJC,CA,AWP,WE,Towers with Radar,466,48,49,0,563,0,4,35,0,39,466,52,84,0,602,14,0,14,616
07/16/2019,SJC,CA,AWP,WE,Towers with Radar,461,51,42,0,554,0,0,37,0,37,461,51,79,0,591,38,0,38,629
07/17/2019,SJC,CA,AWP,WE,Towers with Radar,461,66,50,0,577,0,2,34,0,36,461,68,84,0,613,4,0,4,617
07/18/2019,SJC,CA,AWP,WE,Towers with Radar,448,58,53,0,559,0,1,45,0,46,448,59,98,0,605,22,0,22,627
07/19/2019,SJC,CA,AWP,WE,Towers with Radar,467,53,51,0,571,0,1,63,0,64,467,54,114,0,635,12,0,12,647
07/20/2019,SJC,CA,AWP,WE,Towers with Radar,333,39,31,0,403,0,2,25,0,27,333,41,56,0,430,4,0,4,434
07/21/2019,SJC,CA,AWP,WE,Towers with Radar,421,44,49,0,514,0,0,45,0,45,421,44,94,0,559,0,0,0,559
07/22/2019,SJC,CA,AWP,WE,Towers with Radar,455,44,40,0,539,0,1,32,0,33,455,45,72,0,572,26,0,26,598
07/23/2019,SJC,CA,AWP,WE,Towers with Radar,455,55,46,4,560,0,1,54,0,55,455,56,100,4,615,8,0,8,623
07/24/2019,SJC,CA,AWP,WE,Towers with Radar,460,61,56,0,577,0,0,49,1,50,460,61,105,1,627,2,0,2,629
07/25/2019,SJC,CA,AWP,WE,Towers with Radar,460,68,64,0,592,0,4,51,0,55,460,72,115,0,647,2,0,2,649
07/26/2019,SJC,CA,AWP,WE,Towers with Radar,468,76,63,0,607,0,2,45,0,47,468,78,108,0,654,32,0,32,686
07/27/2019,SJC,CA,AWP,WE,Towers with Radar,331,32,19,0,382,0,4,40,0,44,331,36,59,0,426,0,0,0,426
07/28/2019,SJC,CA,AWP,WE,Towers with Radar,424,31,39,0,494,0,0,46,0,46,424,31,85,0,540,24,0,24,564
07/29/2019,SJC,CA,AWP,WE,Towers with Radar,470,50,49,0,569,0,2,44,0,46,470,52,93,0,615,4,0,4,619
07/30/2019,SJC,CA,AWP,WE,Towers with Radar,448,53,64,0,565,0,0,43,0,43,448,53,107,0,608,0,0,0,608
07/31/2019,SJC,CA,AWP,WE,Towers with Radar,449,56,51,0,556,0,0,36,0,36,449,56,87,0,592,24,0,24,616
08/01/2019,SJC,CA,AWP,WE,Towers with Radar,459,63,79,0,601,0,0,46,0,46,459,63,125,0,647,0,0,0,647
08/02/2019,SJC,CA,AWP,WE,Towers with Radar,459,52,35,0,546,0,0,57,0,57,459,52,92,0,603,18,0,18,621
08/03/2019,SJC,CA,AWP,WE,Towers with Radar,335,27,28,0,390,0,1,42,0,43,335,28,70,0,433,4,0,4,437
08/04/2019,SJC,CA,AWP,WE,Towers with Radar,419,37,49,0,505,0,0,44,0,44,419,37,93,0,549,0,0,0,549
08/05/2019,SJC,CA,AWP,WE,Towers with Radar,466,50,57,0,573,0,2,22,2,26,466,52,79,2,599,0,0,0,599
08/06/2019,SJC,CA,AWP,WE,Towers with Radar,459,52,43,0,554,0,0,43,0,43,459,52,86,0,597,22,0,22,619
08/07/2019,SJC,CA,AWP,WE,Towers with Radar,463,64,43,0,570,0,2,51,0,53,463,66,94,0,623,28,0,28,651
08/08/2019,SJC,CA,AWP,WE,Towers with Radar,460,61,57,0,578,0,1,58,2,61,460,62,115,2,639,4,0,4,643
08/09/2019,SJC,CA,AWP,WE,Towers with Radar,471,58,47,0,576,0,4,61,0,65,471,62,108,0,641,14,0,14,655
08/10/2019,SJC,CA,AWP,WE,Towers with Radar,337,23,30,0,390,0,1,39,0,40,337,24,69,0,430,24,0,24,454
08/11/2019,SJC,CA,AWP,WE,Towers with Radar,420,54,51,0,525,0,2,39,0,41,420,56,90,0,566,8,0,8,574
08/12/2019,SJC,CA,AWP,WE,Towers with Radar,468,42,44,0,554,0,2,27,0,29,468,44,71,0,583,0,0,0,583
08/13/2019,SJC,CA,AWP,WE,Towers with Radar,458,51,45,2,556,0,1,42,0,43,458,52,87,2,599,4,0,4,603
08/14/2019,SJC,CA,AWP,WE,Towers with Radar,469,41,58,0,568,0,1,45,2,48,469,42,103,2,616,0,20,20,636
08/15/2019,SJC,CA,AWP,WE,Towers with Radar,459,63,52,2,576,0,1,47,1,49,459,64,99,3,625,8,0,8,633
08/16/2019,SJC,CA,AWP,WE,Towers with Radar,474,64,50,0,588,0,4,61,1,66,474,68,111,1,654,2,0,2,656
08/17/2019,SJC,CA,AWP,WE,Towers with Radar,329,47,22,0,398,0,1,42,0,43,329,48,64,0,441,14,0,14,455
08/18/2019,SJC,CA,AWP,WE,Towers with Radar,414,66,46,0,526,0,0,48,2,50,414,66,94,2,576,0,0,0,576
08/19/2019,SJC,CA,AWP,WE,Towers with Radar,469,74,67,0,610,0,0,33,0,33,469,74,100,0,643,0,0,0,643
08/20/2019,SJC,CA,AWP,WE,Towers with Radar,446,65,66,0,577,0,0,34,0,34,446,65,100,0,611,6,0,6,617
08/21/2019,SJC,CA,AWP,WE,Towers with Radar,440,68,68,0,576,0,0,38,0,38,440,68,106,0,614,0,0,0,614
08/22/2019,SJC,CA,AWP,WE,Towers with Radar,454,63,75,2,594,0,1,52,0,53,454,64,127,2,647,12,0,12,659
08/23/2019,SJC,CA,AWP,WE,Towers with Radar,465,58,43,0,566,0,1,54,0,55,465,59,97,0,621,10,0,10,631
08/24/2019,SJC,CA,AWP,WE,Towers with Radar,326,28,34,0,388,0,3,45,0,48,326,31,79,0,436,60,0,60,496
08/25/2019,SJC,CA,AWP,WE,Towers with Radar,402,48,66,0,516,0,3,38,0,41,402,51,104,0,557,16,0,16,573
08/26/2019,SJC,CA,AWP,WE,Towers with Radar,457,57,37,0,551,0,2,51,0,53,457,59,88,0,604,2,0,2,606
08/27/2019,SJC,CA,AWP,WE,Towers with Radar,432,48,52,0,532,0,4,37,0,41,432,52,89,0,573,12,0,12,585
08/28/2019,SJC,CA,AWP,WE,Towers with Radar,446,62,56,0,564,0,3,46,0,49,446,65,102,0,613,10,0,10,623
08/29/2019,SJC,CA,AWP,WE,Towers with Radar,459,72,48,0,579,0,3,52,0,55,459,75,100,0,634,0,0,0,634
08/30/2019,SJC,CA,AWP,WE,Towers with Radar,459,81,52,0,592,0,5,56,0,61,459,86,108,0,653,4,0,4,657
08/31/2019,SJC,CA,AWP,WE,Towers with Radar,305,31,24,0,360,0,4,39,0,43,305,35,63,0,403,14,0,14,417
09/01/2019,SJC,CA,AWP,WE,Towers with Radar,299,28,17,0,344,0,5,31,0,36,299,33,48,0,380,14,0,14,394
09/02/2019,SJC,CA,AWP,WE,Towers with Radar,420,71,44,0,535,0,9,29,0,38,420,80,73,0,573,0,0,0,573
09/03/2019,SJC,CA,AWP,WE,Towers with Radar,438,67,50,0,555,0,1,32,0,33,438,68,82,0,588,18,0,18,606
09/04/2019,SJC,CA,AWP,WE,Towers with Radar,440,49,49,0,538,0,2,45,0,47,440,51,94,0,585,14,0,14,599
09/05/2019,SJC,CA,AWP,WE,Towers with Radar,447,57,62,2,568,0,0,37,0,37,447,57,99,2,605,2,0,2,607
09/06/2019,SJC,CA,AWP,WE,Towers with Radar,465,66,43,0,574,0,2,50,0,52,465,68,93,0,626,6,0,6,632
09/07/2019,SJC,CA,AWP,WE,Towers with Radar,333,21,43,0,397,0,0,15,0,15,333,21,58,0,412,0,0,0,412
09/08/2019,SJC,CA,AWP,WE,Towers with Radar,430,56,33,0,519,0,0,48,0,48,430,56,81,0,567,2,0,2,569
09/09/2019,SJC,CA,AWP,WE,Towers with Radar,473,85,50,0,608,0,0,40,0,40,473,85,90,0,648,0,0,0,648
09/10/2019,SJC,CA,AWP,WE,Towers with Radar,457,65,54,0,576,0,0,34,0,34,457,65,88,0,610,4,0,4,614
09/11/2019,SJC,CA,AWP,WE,Towers with Radar,465,73,57,2,597,0,1,29,0,30,465,74,86,2,627,0,0,0,627
09/12/2019,SJC,CA,AWP,WE,Towers with Radar,472,74,56,0,602,0,0,54,0,54,472,74,110,0,656,0,0,0,656
09/13/2019,SJC,CA,AWP,WE,Towers with Radar,466,84,63,0,613,0,0,55,0,55,466,84,118,0,668,4,0,4,672
09/14/2019,SJC,CA,AWP,WE,Towers with Radar,325,31,33,0,389,0,0,30,0,30,325,31,63,0,419,0,0,0,419
09/15/2019,SJC,CA,AWP,WE,Towers with Radar,430,81,57,0,568,0,1,36,0,37,430,82,93,0,605,0,0,0,605
09/16/2019,SJC,CA,AWP,WE,Towers with Radar,484,62,61,3,610,0,1,19,2,22,484,63,80,5,632,0,0,0,632
09/17/2019,SJC,CA,AWP,WE,Towers with Radar,461,53,54,0,568,0,0,24,0,24,461,53,78,0,592,20,0,20,612
09/18/2019,SJC,CA,AWP,WE,Towers with Radar,468,76,74,0,618,0,0,27,0,27,468,76,101,0,645,0,0,0,645
09/19/2019,SJC,CA,AWP,WE,Towers with Radar,473,76,64,0,613,0,3,37,0,40,473,79,101,0,653,8,0,8,661
09/20/2019,SJC,CA,AWP,WE,Towers with Radar,466,73,68,0,607,0,1,78,1,80,466,74,146,1,687,2,0,2,689
09/21/2019,SJC,CA,AWP,WE,Towers with Radar,326,40,51,0,417,0,0,32,2,34,326,40,83,2,451,0,0,0,451
09/22/2019,SJC,CA,AWP,WE,Towers with Radar,420,67,75,0,562,0,0,80,0,80,420,67,155,0,642,4,0,4,646
09/23/2019,SJC,CA,AWP,WE,Towers with Radar,466,50,53,2,571,0,0,22,0,22,466,50,75,2,593,2,0,2,595
09/24/2019,SJC,CA,AWP,WE,Towers with Radar,447,63,50,0,560,0,9,23,0,32,447,72,73,0,592,8,0,8,600
09/25/2019,SJC,CA,AWP,WE,Towers with Radar,461,68,71,0,600,0,2,58,0,60,461,70,129,0,660,16,0,16,676
09/26/2019,SJC,CA,AWP,WE,Towers with Radar,473,74,50,0,597,0,0,46,0,46,473,74,96,0,643,8,0,8,651
09/27/2019,SJC,CA,AWP,WE,Towers with Radar,463,71,74,0,608,0,1,43,0,44,463,72,117,0,652,12,0,12,664
09/28/2019,SJC,CA,AWP,WE,Towers with Radar,322,22,22,0,366,0,0,25,0,25,322,22,47,0,391,2,0,2,393
09/29/2019,SJC,CA,AWP,WE,Towers with Radar,425,56,41,0,522,0,0,41,0,41,425,56,82,0,563,8,0,8,571
09/30/2019,SJC,CA,AWP,WE,Towers with Radar,472,57,44,0,573,0,1,16,0,17,472,58,60,0,590,0,0,0,590
10/01/2019,SJC,CA,AWP,WE,Towers with Radar,452,63,51,0,566,0,0,45,0,45,452,63,96,0,611,24,0,24,635
10/02/2019,SJC,CA,AWP,WE,Towers with Radar,454,64,50,0,568,0,0,40,0,40,454,64,90,0,608,0,0,0,608
10/03/2019,SJC,CA,AWP,WE,Towers with Radar,467,74,53,0,594,0,2,35,2,39,467,76,88,2,633,6,0,6,639
10/04/2019,SJC,CA,AWP,WE,Towers with Radar,466,52,76,0,594,0,1,57,0,58,466,53,133,0,652,8,0,8,660
10/05/2019,SJC,CA,AWP,WE,Towers with Radar,307,34,28,0,369,0,1,34,0,35,307,35,62,0,404,0,0,0,404
10/06/2019,SJC,CA,AWP,WE,Towers with Radar,405,46,45,0,496,0,0,47,0,47,405,46,92,0,543,0,0,0,543
10/07/2019,SJC,CA,AWP,WE,Towers with Radar,461,66,63,0,590,0,0,53,0,53,461,66,116,0,643,0,0,0,643
10/08/2019,SJC,CA,AWP,WE,Towers with Radar,448,59,49,0,556,0,2,37,0,39,448,61,86,0,595,4,0,4,599
10/09/2019,SJC,CA,AWP,WE,Towers with Radar,449,59,66,0,574,0,0,38,0,38,449,59,104,0,612,8,0,8,620
10/10/2019,SJC,CA,AWP,WE,Towers with Radar,455,70,68,3,596,0,1,33,0,34,455,71,101,3,630,0,2,2,632
10/11/2019,SJC,CA,AWP,WE,Towers with Radar,455,55,53,0,563,0,0,54,0,54,455,55,107,0,617,0,0,0,617
10/12/2019,SJC,CA,AWP,WE,Towers with Radar,304,45,26,0,375,0,3,37,0,40,304,48,63,0,415,8,0,8,423
10/13/2019,SJC,CA,AWP,WE,Towers with Radar,403,60,50,0,513,0,8,37,2,47,403,68,87,2,560,0,0,0,560
10/14/2019,SJC,CA,AWP,WE,Towers with Radar,458,53,53,0,564,0,3,35,0,38,458,56,88,0,602,6,0,6,608
10/15/2019,SJC,CA,AWP,WE,Towers with Radar,445,64,63,0,572,0,2,21,0,23,445,66,84,0,595,10,0,10,605
10/16/2019,SJC,CA,AWP,WE,Towers with Radar,447,64,63,0,574,0,0,38,0,38,447,64,101,0,612,0,0,0,612
10/17/2019,SJC,CA,AWP,WE,Towers with Radar,449,90,63,0,602,0,0,27,0,27,449,90,90,0,629,0,0,0,629
10/18/2019,SJC,CA,AWP,WE,Towers with Radar,456,66,51,0,573,0,0,50,0,50,456,66,101,0,623,18,0,18,641
10/19/2019,SJC,CA,AWP,WE,Towers with Radar,310,40,38,0,388,0,0,32,0,32,310,40,70,0,420,36,0,36,456
10/20/2019,SJC,CA,AWP,WE,Towers with Radar,397,50,45,0,492,0,1,43,0,44,397,51,88,0,536,0,0,0,536
10/21/2019,SJC,CA,AWP,WE,Towers with Radar,459,48,52,0,559,0,0,34,0,34,459,48,86,0,593,6,0,6,599
10/22/2019,SJC,CA,AWP,WE,Towers with Radar,446,62,57,6,571,0,0,45,0,45,446,62,102,6,616,12,2,14,630
10/23/2019,SJC,CA,AWP,WE,Towers with Radar,446,66,67,1,580,0,1,33,0,34,446,67,100,1,614,14,0,14,628
10/24/2019,SJC,CA,AWP,WE,Towers with Radar,457,68,63,2,590,0,4,23,0,27,457,72,86,2,617,0,0,0,617
10/25/2019,SJC,CA,AWP,WE,Towers with Radar,454,72,53,0,579,0,0,53,0,53,454,72,106,0,632,18,0,18,650
10/26/2019,SJC,CA,AWP,WE,Towers with Radar,301,23,20,1,345,0,1,27,0,28,301,24,47,1,373,26,0,26,399
10/27/2019,SJC,CA,AWP,WE,Towers with Radar,395,75,57,0,527,0,1,40,0,41,395,76,97,0,568,8,0,8,576
10/28/2019,SJC,CA,AWP,WE,Towers with Radar,449,49,55,0,553,0,1,38,0,39,449,50,93,0,592,14,0,14,606
10/29/2019,SJC,CA,AWP,WE,Towers with Radar,430,50,60,0,540,0,1,46,2,49,430,51,106,2,589,0,0,0,589
10/30/2019,SJC,CA,AWP,WE,Towers with Radar,425,64,66,0,555,0,0,31,0,31,425,64,97,0,586,18,0,18,604
10/31/2019,SJC,CA,AWP,WE,Towers with Radar,400,60,47,0,507,0,1,38,0,39,400,61,85,0,546,12,0,12,558
11/01/2019,SJC,CA,AWP,WE,Towers with Radar,435,57,69,0,561,0,0,38,0,38,435,57,107,0,599,4,0,4,603
11/02/2019,SJC,CA,AWP,WE,Towers with Radar,295,26,17,0,338,0,5,38,0,43,295,31,55,0,381,16,0,16,397
11/03/2019,SJC,CA,AWP,WE,Towers with Radar,405,51,57,0,513,0,1,43,0,44,405,52,100,0,557,6,0,6,563
11/04/2019,SJC,CA,AWP,WE,Towers with Radar,434,60,52,0,546,0,0,23,2,25,434,60,75,2,571,2,0,2,573
11/05/2019,SJC,CA,AWP,WE,Towers with Radar,414,78,51,0,543,0,1,33,0,34,414,79,84,0,577,12,0,12,589
11/06/2019,SJC,CA,AWP,WE,Towers with Radar,413,65,75,0,553,0,0,29,0,29,413,65,104,0,582,2,0,2,584
11/07/2019,SJC,CA,AWP,WE,Towers with Radar,431,89,101,0,621,0,0,26,0,26,431,89,127,0,647,4,0,4,651
11/08/2019,SJC,CA,AWP,WE,Towers with Radar,436,86,59,0,581,0,2,37,0,39,436,88,96,0,620,8,0,8,628
11/09/2019,SJC,CA,AWP,WE,Towers with Radar,297,38,33,0,368,0,0,15,0,15,297,38,48,0,383,20,0,20,403
11/10/2019,SJC,CA,AWP,WE,Towers with Radar,397,58,36,0,491,0,0,35,0,35,397,58,71,0,526,0,0,0,526
11/11/2019,SJC,CA,AWP,WE,Towers with Radar,425,89,106,0,620,0,5,62,0,67,425,94,168,0,687,0,0,0,687
11/12/2019,SJC,CA,AWP,WE,Towers with Radar,422,67,74,0,563,0,1,49,0,50,422,68,123,0,613,0,0,0,613
11/13/2019,SJC,CA,AWP,WE,Towers with Radar,417,60,65,0,542,0,0,45,1,46,417,60,110,1,588,18,0,18,606
11/14/2019,SJC,CA,AWP,WE,Towers with Radar,431,59,53,0,543,0,0,17,0,17,431,59,70,0,560,12,0,12,572
11/15/2019,SJC,CA,AWP,WE,Towers with Radar,437,71,68,0,576,0,1,29,0,30,437,72,97,0,606,0,0,0,606
11/16/2019,SJC,CA,AWP,WE,Towers with Radar,306,17,29,0,352,0,0,32,0,32,306,17,61,0,384,4,0,4,388
11/17/2019,SJC,CA,AWP,WE,Towers with Radar,400,55,55,0,510,0,1,64,0,65,400,56,119,0,575,6,0,6,581
11/18/2019,SJC,CA,AWP,WE,Towers with Radar,430,45,55,0,530,0,0,37,0,37,430,45,92,0,567,0,0,0,567
11/19/2019,SJC,CA,AWP,WE,Towers with Radar,407,67,71,0,545,0,1,19,2,22,407,68,90,2,567,0,0,0,567
11/20/2019,SJC,CA,AWP,WE,Towers with Radar,413,68,45,0,526,0,0,30,0,30,413,68,75,0,556,18,0,18,574
11/21/2019,SJC,CA,AWP,WE,Towers with Radar,432,61,61,1,555,0,0,25,0,25,432,61,86,1,580,0,0,0,580
11/22/2019,SJC,CA,AWP,WE,Towers with Radar,440,80,76,4,600,0,0,35,0,35,440,80,111,4,635,0,0,0,635
11/23/2019,SJC,CA,AWP,WE,Towers with Radar,346,36,36,4,422,0,2,39,0,41,346,38,75,4,463,0,0,0,463
11/24/2019,SJC,CA,AWP,WE,Towers with Radar,393,52,42,1,488,0,0,59,2,61,393,52,101,3,549,26,0,26,575
11/25/2019,SJC,CA,AWP,WE,Towers with Radar,410,41,42,0,493,0,0,29,0,29,410,41,71,0,522,10,0,10,532
11/26/2019,SJC,CA,AWP,WE,Towers with Radar,403,50,47,0,500,0,0,13,0,13,403,50,60,0,513,0,0,0,513
11/27/2019,SJC,CA,AWP,WE,Towers with Radar,433,34,45,0,512,0,1,14,0,15,433,35,59,0,527,0,0,0,527
11/28/2019,SJC,CA,AWP,WE,Towers with Radar,279,13,4,0,296,0,0,3,0,3,279,13,7,0,299,0,0,0,299
11/29/2019,SJC,CA,AWP,WE,Towers with Radar,330,34,15,0,379,0,0,17,0,17,330,34,32,0,396,0,0,0,396
11/30/2019,SJC,CA,AWP,WE,Towers with Radar,375,63,61,0,499,0,0,3,0,3,375,63,64,0,502,0,0,0,502
12/01/2019,SJC,CA,AWP,WE,Towers with Radar,423,83,85,0,591,0,0,2,0,2,423,83,87,0,593,0,0,0,593
12/02/2019,SJC,CA,AWP,WE,Towers with Radar,453,75,85,0,613,0,0,15,1,16,453,75,100,1,629,0,0,0,629
12/03/2019,SJC,CA,AWP,WE,Towers with Radar,418,65,45,0,528,0,2,23,0,25,418,67,68,0,553,12,0,12,565
12/04/2019,SJC,CA,AWP,WE,Towers with Radar,403,82,65,0,550,0,1,7,0,8,403,83,72,0,558,0,0,0,558
12/05/2019,SJC,CA,AWP,WE,Towers with Radar,432,73,55,0,560,0,0,33,0,33,432,73,88,0,593,0,0,0,593
12/06/2019,SJC,CA,AWP,WE,Towers with Radar,441,64,97,0,602,0,1,23,0,24,441,65,120,0,626,0,0,0,626
12/07/2019,SJC,CA,AWP,WE,Towers with Radar,307,27,34,0,368,0,0,7,0,7,307,27,41,0,375,0,0,0,375
12/08/2019,SJC,CA,AWP,WE,Towers with Radar,391,43,47,0,481,0,0,11,0,11,391,43,58,0,492,4,0,4,496
12/09/2019,SJC,CA,AWP,WE,Towers with Radar,418,68,81,0,567,0,1,9,0,10,418,69,90,0,577,0,0,0,577
12/10/2019,SJC,CA,AWP,WE,Towers with Radar,404,78,64,0,546,0,4,13,0,17,404,82,77,0,563,0,0,0,563
12/11/2019,SJC,CA,AWP,WE,Towers with Radar,410,76,80,0,566,0,0,19,0,19,410,76,99,0,585,14,0,14,599
12/12/2019,SJC,CA,AWP,WE,Towers with Radar,433,79,61,1,574,0,1,11,0,12,433,80,72,1,586,4,0,4,590
12/13/2019,SJC,CA,AWP,WE,Towers with Radar,429,65,60,0,554,0,0,14,0,14,429,65,74,0,568,2,0,2,570
12/14/2019,SJC,CA,AWP,WE,Towers with Radar,301,30,20,0,351,0,2,17,0,19,301,32,37,0,370,6,0,6,376
12/15/2019,SJC,CA,AWP,WE,Towers with Radar,394,37,47,1,479,0,3,58,0,61,394,40,105,1,540,0,0,0,540
12/16/2019,SJC,CA,AWP,WE,Towers with Radar,424,57,50,0,531,0,0,52,0,52,424,57,102,0,583,0,0,0,583
12/17/2019,SJC,CA,AWP,WE,Towers with Radar,418,63,48,0,529,0,2,32,0,34,418,65,80,0,563,0,0,0,563
12/18/2019,SJC,CA,AWP,WE,Towers with Radar,428,66,76,0,570,0,0,14,0,14,428,66,90,0,584,0,0,0,584
12/19/2019,SJC,CA,AWP,WE,Towers with Radar,438,61,59,0,558,0,0,40,0,40,438,61,99,0,598,4,0,4,602
12/20/2019,SJC,CA,AWP,WE,Towers with Radar,438,64,55,0,557,0,2,39,0,41,438,66,94,0,598,2,0,2,600
12/21/2019,SJC,CA,AWP,WE,Towers with Radar,355,46,62,0,463,0,5,47,0,52,355,51,109,0,515,0,0,0,515
12/22/2019,SJC,CA,AWP,WE,Towers with Radar,412,41,48,0,501,0,0,0,0,0,412,41,48,0,501,0,0,0,501
12/23/2019,SJC,CA,AWP,WE,Towers with Radar,429,59,33,0,521,0,0,18,0,18,429,59,51,0,539,24,1,25,564
12/24/2019,SJC,CA,AWP,WE,Towers with Radar,386,20,15,0,421,0,0,4,0,4,386,20,19,0,425,0,0,0,425
12/25/2019,SJC,CA,AWP,WE,Towers with Radar,369,24,6,0,399,0,0,2,0,2,369,24,8,0,401,0,0,0,401
12/26/2019,SJC,CA,AWP,WE,Towers with Radar,410,52,34,0,496,0,0,18,0,18,410,52,52,0,514,0,0,0,514
12/27/2019,SJC,CA,AWP,WE,Towers with Radar,418,34,38,0,490,0,4,28,2,34,418,38,66,2,524,0,0,0,524
12/28/2019,SJC,CA,AWP,WE,Towers with Radar,352,27,18,0,397,0,2,25,2,29,352,29,43,2,426,0,0,0,426
12/29/2019,SJC,CA,AWP,WE,Towers with Radar,395,45,32,0,472,0,1,6,0,7,395,46,38,0,479,0,0,0,479
12/30/2019,SJC,CA,AWP,WE,Towers with Radar,415,29,28,0,472,0,3,21,0,24,415,32,49,0,496,0,0,0,496
12/31/2019,SJC,CA,AWP,WE,Towers with Radar,375,18,12,0,405,0,3,28,0,31,375,21,40,0,436,0,0,0,436
01/01/2020,SJC,CA,AWP,WE,Towers with Radar,400,30,21,0,451,0,0,4,0,4,400,30,25,0,455,0,0,0,455
01/02/2020,SJC,CA,AWP,WE,Towers with Radar,423,32,35,0,490,0,0,28,0,28,423,32,63,0,518,2,0,2,520
01/03/2020,SJC,CA,AWP,WE,Towers with Radar,408,33,57,0,498,0,2,18,0,20,408,35,75,0,518,0,0,0,518
01/04/2020,SJC,CA,AWP,WE,Towers with Radar,307,46,50,0,403,0,4,19,0,23,307,50,69,0,426,12,0,12,438
01/05/2020,SJC,CA,AWP,WE,Towers with Radar,395,52,50,0,497,0,1,29,0,30,395,53,79,0,527,22,0,22,549
01/06/2020,SJC,CA,AWP,WE,Towers with Radar,442,49,55,0,546,0,0,27,0,27,442,49,82,0,573,24,0,24,597
01/07/2020,SJC,CA,AWP,WE,Towers with Radar,422,55,50,0,527,0,0,23,0,23,422,55,73,0,550,4,0,4,554
01/08/2020,SJC,CA,AWP,WE,Towers with Radar,409,58,50,0,517,0,0,14,0,14,409,58,64,0,531,18,0,18,549
01/09/2020,SJC,CA,AWP,WE,Towers with Radar,424,63,80,0,567,0,0,43,2,45,424,63,123,2,612,4,0,4,616
01/10/2020,SJC,CA,AWP,WE,Towers with Radar,428,47,70,0,545,0,1,50,0,51,428,48,120,0,596,2,0,2,598
01/11/2020,SJC,CA,AWP,WE,Towers with Radar,270,47,84,0,401,0,1,31,0,32,270,48,115,0,433,6,0,6,439
01/12/2020,SJC,CA,AWP,WE,Towers with Radar,365,55,56,2,478,0,0,21,0,21,365,55,77,2,499,6,0,6,505
01/13/2020,SJC,CA,AWP,WE,Towers with Radar,420,59,61,0,540,0,0,25,0,25,420,59,86,0,565,10,0,10,575
01/14/2020,SJC,CA,AWP,WE,Towers with Radar,392,55,64,0,511,0,1,30,0,31,392,56,94,0,542,2,0,2,544
01/15/2020,SJC,CA,AWP,WE,Towers with Radar,399,69,76,1,545,0,1,20,0,21,399,70,96,1,566,0,0,0,566
01/16/2020,SJC,CA,AWP,WE,Towers with Radar,438,80,70,1,589,0,0,13,0,13,438,80,83,1,602,0,0,0,602
01/17/2020,SJC,CA,AWP,WE,Towers with Radar,419,71,92,0,582,0,0,52,0,52,419,71,144,0,634,0,0,0,634
01/18/2020,SJC,CA,AWP,WE,Towers with Radar,255,39,35,0,329,0,4,37,0,41,255,43,72,0,370,20,0,20,390
01/19/2020,SJC,CA,AWP,WE,Towers with Radar,334,84,96,0,514,0,2,54,0,56,334,86,150,0,570,0,0,0,570
01/20/2020,SJC,CA,AWP,WE,Towers with Radar,420,68,89,2,579,0,1,40,0,41,420,69,129,2,620,0,0,0,620
01/21/2020,SJC,CA,AWP,WE,Towers with Radar,409,59,60,0,528,0,0,20,0,20,409,59,80,0,548,0,0,0,548
01/22/2020,SJC,CA,AWP,WE,Towers with Radar,407,65,66,0,538,0,0,16,0,16,407,65,82,0,554,2,0,2,556
01/23/2020,SJC,CA,AWP,WE,Towers with Radar,420,58,61,0,539,0,3,31,0,34,420,61,92,0,573,2,0,2,575
01/24/2020,SJC,CA,AWP,WE,Towers with Radar,424,68,60,0,552,0,0,36,0,36,424,68,96,0,588,0,0,0,588
01/25/2020,SJC,CA,AWP,WE,Towers with Radar,263,25,27,0,315,0,1,28,0,29,263,26,55,0,344,6,0,6,350
01/26/2020,SJC,CA,AWP,WE,Towers with Radar,366,50,58,0,474,0,0,12,0,12,366,50,70,0,486,0,0,0,486
01/27/2020,SJC,CA,AWP,WE,Towers with Radar,419,92,57,0,568,0,0,23,0,23,419,92,80,0,591,8,0,8,599
01/28/2020,SJC,CA,AWP,WE,Towers with Radar,388,80,71,0,539,0,0,10,0,10,388,80,81,0,549,0,0,0,549
01/29/2020,SJC,CA,AWP,WE,Towers with Radar,401,64,64,0,529,0,0,43,0,43,401,64,107,0,572,22,0,22,594
01/30/2020,SJC,CA,AWP,WE,Towers with Radar,434,92,91,0,617,0,2,20,0,22,434,94,111,0,639,0,0,0,639
01/31/2020,SJC,CA,AWP,WE,Towers with Radar,437,62,61,0,560,0,2,53,0,55,437,64,114,0,615,0,12,12,627
02/01/2020,SJC,CA,AWP,WE,Towers with Radar,267,58,35,0,360,0,0,42,2,44,267,58,77,2,404,32,0,32,436
02/02/2020,SJC,CA,AWP,WE,Towers with Radar,336,49,24,0,409,0,0,16,0,16,336,49,40,0,425,28,0,28,453
02/03/2020,SJC,CA,AWP,WE,Towers with Radar,435,67,56,0,558,0,0,27,0,27,435,67,83,0,585,12,0,12,597
02/04/2020,SJC,CA,AWP,WE,Towers with Radar,397,59,63,0,519,0,0,37,0,37,397,59,100,0,556,18,0,18,574
02/05/2020,SJC,CA,AWP,WE,Towers with Radar,394,68,55,0,517,0,0,31,0,31,394,68,86,0,548,2,0,2,550
02/06/2020,SJC,CA,AWP,WE,Towers with Radar,421,66,72,0,559,0,2,35,0,37,421,68,107,0,596,4,0,4,600
02/07/2020,SJC,CA,AWP,WE,Towers with Radar,432,70,64,0,566,0,1,57,0,58,432,71,121,0,624,0,0,0,624
02/08/2020,SJC,CA,AWP,WE,Towers with Radar,257,31,31,0,319,0,0,21,0,21,257,31,52,0,340,20,0,20,360
02/09/2020,SJC,CA,AWP,WE,Towers with Radar,387,64,46,0,497,0,0,15,0,15,387,64,61,0,512,0,0,0,512
02/10/2020,SJC,CA,AWP,WE,Towers with Radar,414,69,61,0,544,0,0,31,0,31,414,69,92,0,575,0,0,0,575
02/11/2020,SJC,CA,AWP,WE,Towers with Radar,397,69,62,0,528,0,0,34,0,34,397,69,96,0,562,0,0,0,562
02/12/2020,SJC,CA,AWP,WE,Towers with Radar,407,82,68,0,557,0,1,39,0,40,407,83,107,0,597,14,0,14,611
02/13/2020,SJC,CA,AWP,WE,Towers with Radar,427,84,57,0,568,0,1,28,0,29,427,85,85,0,597,2,0,2,599
02/14/2020,SJC,CA,AWP,WE,Towers with Radar,431,74,66,0,571,0,2,27,0,29,431,76,93,0,600,0,0,0,600
02/15/2020,SJC,CA,AWP,WE,Towers with Radar,278,54,36,0,368,0,2,37,2,41,278,56,73,2,409,16,0,16,425
02/16/2020,SJC,CA,AWP,WE,Towers with Radar,346,47,15,0,408,0,0,26,0,26,346,47,41,0,434,4,0,4,438
02/17/2020,SJC,CA,AWP,WE,Towers with Radar,434,46,52,0,532,0,0,41,0,41,434,46,93,0,573,6,0,6,579
02/18/2020,SJC,CA,AWP,WE,Towers with Radar,402,62,60,1,525,0,0,35,1,36,402,62,95,2,561,0,0,0,561
02/19/2020,SJC,CA,AWP,WE,Towers with Radar,406,68,55,1,530,0,0,43,0,43,406,68,98,1,573,16,0,16,589
02/20/2020,SJC,CA,AWP,WE,Towers with Radar,428,68,53,0,549,0,2,43,0,45,428,70,96,0,594,6,0,6,600
02/21/2020,SJC,CA,AWP,WE,Towers with Radar,427,67,50,0,544,0,3,30,0,33,427,70,80,0,577,8,0,8,585
02/22/2020,SJC,CA,AWP,WE,Towers with Radar,278,63,23,0,364,0,4,31,0,35,278,67,54,0,399,6,0,6,405
02/23/2020,SJC,CA,AWP,WE,Towers with Radar,371,79,62,0,512,0,1,20,0,21,371,80,82,0,533,0,0,0,533
02/24/2020,SJC,CA,AWP,WE,Towers with Radar,423,59,57,0,539,0,1,17,0,18,423,60,74,0,557,0,0,0,557
02/25/2020,SJC,CA,AWP,WE,Towers with Radar,402,65,42,0,509,0,3,26,0,29,402,68,68,0,538,12,0,12,550
02/26/2020,SJC,CA,AWP,WE,Towers with Radar,416,73,58,0,547,0,0,50,0,50,416,73,108,0,597,0,0,0,597
02/27/2020,SJC,CA,AWP,WE,Towers with Radar,426,82,65,2,575,0,2,32,0,34,426,84,97,2,609,6,0,6,615
02/28/2020,SJC,CA,AWP,WE,Towers with Radar,429,69,73,0,571,0,2,47,0,49,429,71,120,0,620,0,0,0,620
02/29/2020,SJC,CA,AWP,WE,Towers with Radar,274,47,28,0,349,0,1,18,2,21,274,48,46,2,370,0,0,0,370
03/01/2020,SJC,CA,AWP,WE,Towers with Radar,364,77,53,0,494,0,3,20,0,23,364,80,73,0,517,0,0,0,517
03/02/2020,SJC,CA,AWP,WE,Towers with Radar,426,61,54,0,541,0,2,35,0,37,426,63,89,0,578,6,0,6,584
03/03/2020,SJC,CA,AWP,WE,Towers with Radar,405,71,57,0,533,0,0,41,0,41,405,71,98,0,574,0,0,0,574
03/04/2020,SJC,CA,AWP,WE,Towers with Radar,406,72,73,0,551,0,3,49,0,52,406,75,122,0,603,10,0,10,613
03/05/2020,SJC,CA,AWP,WE,Towers with Radar,427,77,78,0,582,0,6,65,1,72,427,83,143,1,654,0,0,0,654
03/06/2020,SJC,CA,AWP,WE,Towers with Radar,426,58,65,0,549,0,0,33,0,33,426,58,98,0,582,0,0,0,582
03/07/2020,SJC,CA,AWP,WE,Towers with Radar,279,40,29,0,348,0,0,4,0,4,279,40,33,0,352,0,0,0,352
03/08/2020,SJC,CA,AWP,WE,Towers with Radar,359,53,43,0,455,0,0,23,0,23,359,53,66,0,478,68,0,68,546
03/09/2020,SJC,CA,AWP,WE,Towers with Radar,422,66,42,0,530,0,0,30,0,30,422,66,72,0,560,10,0,10,570
03/10/2020,SJC,CA,AWP,WE,Towers with Radar,399,57,30,0,486,0,0,27,0,27,399,57,57,0,513,8,0,8,521
03/11/2020,SJC,CA,AWP,WE,Towers with Radar,391,76,35,0,502,0,6,37,0,43,391,82,72,0,545,4,0,4,549
03/12/2020,SJC,CA,AWP,WE,Towers with Radar,429,51,64,0,544,0,1,41,0,42,429,52,105,0,586,12,0,12,598
03/13/2020,SJC,CA,AWP,WE,Towers with Radar,409,35,41,0,485,0,0,25,0,25,409,35,66,0,510,4,0,4,514
03/14/2020,SJC,CA,AWP,WE,Towers with Radar,279,33,25,0,337,0,0,0,0,0,279,33,25,0,337,0,0,0,337
03/15/2020,SJC,CA,AWP,WE,Towers with Radar,347,41,23,0,411,0,0,10,0,10,347,41,33,0,421,0,0,0,421
03/16/2020,SJC,CA,AWP,WE,Towers with Radar,410,55,32,0,497,0,0,15,0,15,410,55,47,0,512,0,0,0,512
03/17/2020,SJC,CA,AWP,WE,Towers with Radar,369,19,29,0,417,0,0,6,0,6,369,19,35,0,423,0,0,0,423
03/18/2020,SJC,CA,AWP,WE,Towers with Radar,360,26,14,0,400,0,0,9,0,9,360,26,23,0,409,0,0,0,409
03/19/2020,SJC,CA,AWP,WE,Towers with Radar,349,14,10,0,373,0,2,17,2,21,349,16,27,2,394,0,0,0,394
03/20/2020,SJC,CA,AWP,WE,Towers with Radar,356,12,21,0,389,0,0,35,0,35,356,12,56,0,424,22,0,22,446
03/21/2020,SJC,CA,AWP,WE,Towers with Radar,254,14,6,0,274,0,0,9,0,9,254,14,15,0,283,20,0,20,303
03/22/2020,SJC,CA,AWP,WE,Towers with Radar,248,9,4,0,261,0,0,3,0,3,248,9,7,0,264,8,0,8,272
03/23/2020,SJC,CA,AWP,WE,Towers with Radar,284,9,4,0,297,0,0,2,0,2,284,9,6,0,299,0,0,0,299
03/24/2020,SJC,CA,AWP,WE,Towers with Radar,281,12,11,0,304,0,1,1,0,2,281,13,12,0,306,0,0,0,306
03/25/2020,SJC,CA,AWP,WE,Towers with Radar,254,9,6,0,269,0,0,4,0,4,254,9,10,0,273,0,0,0,273
03/26/2020,SJC,CA,AWP,WE,Towers with Radar,271,23,6,0,300,0,0,30,0,30,271,23,36,0,330,6,0,6,336
03/27/2020,SJC,CA,AWP,WE,Towers with Radar,206,21,9,0,236,0,0,15,0,15,206,21,24,0,251,0,0,0,251
03/28/2020,SJC,CA,AWP,WE,Towers with Radar,158,19,5,0,182,0,0,0,0,0,158,19,5,0,182,2,0,2,184
03/29/2020,SJC,CA,AWP,WE,Towers with Radar,192,10,2,0,204,0,2,12,0,14,192,12,14,0,218,0,0,0,218
03/30/2020,SJC,CA,AWP,WE,Towers with Radar,203,14,9,0,226,0,2,21,0,23,203,16,30,0,249,0,0,0,249
03/31/2020,SJC,CA,AWP,WE,Towers with Radar,177,14,4,0,195,0,0,19,0,19,177,14,23,0,214,8,0,8,222
04/01/2020,SJC,CA,AWP,WE,Towers with Radar,167,24,9,0,200,0,0,21,0,21,167,24,30,0,221,10,0,10,231
04/02/2020,SJC,CA,AWP,WE,Towers with Radar,150,20,4,0,174,0,0,24,0,24,150,20,28,0,198,18,0,18,216
04/03/2020,SJC,CA,AWP,WE,Towers with Radar,137,22,6,0,165,0,0,34,0,34,137,22,40,0,199,0,0,0,199
04/04/2020,SJC,CA,AWP,WE,Towers with Radar,87,19,2,0,108,0,0,3,0,3,87,19,5,0,111,0,0,0,111
04/05/2020,SJC,CA,AWP,WE,Towers with Radar,105,13,6,0,124,0,0,12,0,12,105,13,18,0,136,0,0,0,136
04/06/2020,SJC,CA,AWP,WE,Towers with Radar,109,18,2,0,129,0,1,5,0,6,109,19,7,0,135,0,0,0,135
04/07/2020,SJC,CA,AWP,WE,Towers with Radar,115,12,5,0,132,0,4,14,0,18,115,16,19,0,150,18,0,18,168
04/08/2020,SJC,CA,AWP,WE,Towers with Radar,112,11,8,4,135,0,2,20,0,22,112,13,28,4,157,6,4,10,167
04/09/2020,SJC,CA,AWP,WE,Towers with Radar,115,18,13,0,146,0,0,9,0,9,115,18,22,0,155,8,0,8,163
04/10/2020,SJC,CA,AWP,WE,Towers with Radar,111,15,17,0,143,0,0,18,0,18,111,15,35,0,161,22,0,22,183
04/11/2020,SJC,CA,AWP,WE,Towers with Radar,75,17,9,1,102,0,1,18,0,19,75,18,27,1,121,4,0,4,125
04/12/2020,SJC,CA,AWP,WE,Towers with Radar,94,11,14,0,119,0,0,14,0,14,94,11,28,0,133,36,0,36,169
04/13/2020,SJC,CA,AWP,WE,Towers with Radar,112,23,6,0,141,0,0,20,0,20,112,23,26,0,161,19,0,19,180
04/14/2020,SJC,CA,AWP,WE,Towers with Radar,106,19,9,0,134,0,0,29,0,29,106,19,38,0,163,10,0,10,173
04/15/2020,SJC,CA,AWP,WE,Towers with Radar,96,14,16,0,126,0,3,42,0,45,96,17,58,0,171,18,0,18,189
04/16/2020,SJC,CA,AWP,WE,Towers with Radar,97,23,4,0,124,0,0,13,0,13,97,23,17,0,137,10,0,10,147
04/17/2020,SJC,CA,AWP,WE,Towers with Radar,105,13,12,0,130,0,2,18,0,20,105,15,30,0,150,12,0,12,162
04/18/2020,SJC,CA,AWP,WE,Towers with Radar,69,14,5,0,88,0,0,23,0,23,69,14,28,0,111,4,0,4,115
04/19/2020,SJC,CA,AWP,WE,Towers with Radar,81,21,8,0,110,0,1,17,0,18,81,22,25,0,128,4,0,4,132
04/20/2020,SJC,CA,AWP,WE,Towers with Radar,96,17,7,0,120,0,0,5,0,5,96,17,12,0,125,0,0,0,125
04/21/2020,SJC,CA,AWP,WE,Towers with Radar,91,15,3,0,109,0,3,13,0,16,91,18,16,0,125,4,0,4,129
04/22/2020,SJC,CA,AWP,WE,Towers with Radar,81,12,18,0,111,0,0,20,0,20,81,12,38,0,131,24,0,24,155
04/23/2020,SJC,CA,AWP,WE,Towers with Radar,101,18,5,0,124,0,1,27,0,28,101,19,32,0,152,18,0,18,170
04/24/2020,SJC,CA,AWP,WE,Towers with Radar,92,15,9,0,116,0,1,26,0,27,92,16,35,0,143,34,0,34,177
04/25/2020,SJC,CA,AWP,WE,Towers with Radar,67,2,9,0,78,0,0,21,0,21,67,2,30,0,99,0,0,0,99
04/26/2020,SJC,CA,AWP,WE,Towers with Radar,82,7,11,0,100,0,1,31,0,32,82,8,42,0,132,18,0,18,150
04/27/2020,SJC,CA,AWP,WE,Towers with Radar,90,19,11,1,121,0,0,27,1,28,90,19,38,2,149,0,0,0,149
04/28/2020,SJC,CA,AWP,WE,Towers with Radar,93,23,9,0,125,0,0,29,0,29,93,23,38,0,154,8,0,8,162
04/29/2020,SJC,CA,AWP,WE,Towers with Radar,81,17,32,0,130,0,0,19,0,19,81,17,51,0,149,20,0,20,169
04/30/2020,SJC,CA,AWP,WE,Towers with Radar,85,23,16,2,126,0,6,20,1,27,85,29,36,3,153,22,0,22,175
05/01/2020,SJC,CA,AWP,WE,Towers with Radar,92,23,11,0,126,0,0,31,0,31,92,23,42,0,157,0,0,0,157
05/02/2020,SJC,CA,AWP,WE,Towers with Radar,67,6,7,1,81,0,2,19,1,22,67,8,26,2,103,4,0,4,107
05/03/2020,SJC,CA,AWP,WE,Towers with Radar,81,13,9,0,103,0,0,31,0,31,81,13,40,0,134,8,0,8,142
05/04/2020,SJC,CA,AWP,WE,Towers with Radar,90,19,5,0,114,0,0,29,0,29,90,19,34,0,143,0,0,0,143
05/05/2020,SJC,CA,AWP,WE,Towers with Radar,71,25,1,3,100,0,0,28,7,35,71,25,29,10,135,0,12,12,147
05/06/2020,SJC,CA,AWP,WE,Towers with Radar,82,19,14,0,115,0,0,41,2,43,82,19,55,2,158,0,0,0,158
05/07/2020,SJC,CA,AWP,WE,Towers with Radar,84,14,11,0,109,0,5,33,0,38,84,19,44,0,147,18,0,18,165
05/08/2020,SJC,CA,AWP,WE,Towers with Radar,81,29,14,0,124,0,2,32,0,34,81,31,46,0,158,22,0,22,180
05/09/2020,SJC,CA,AWP,WE,Towers with Radar,76,21,18,0,115,0,0,37,0,37,76,21,55,0,152,20,0,20,172
05/10/2020,SJC,CA,AWP,WE,Towers with Radar,84,22,15,0,121,0,2,26,0,28,84,24,41,0,149,14,4,18,167
05/11/2020,SJC,CA,AWP,WE,Towers with Radar,87,23,7,0,117,0,0,12,0,12,87,23,19,0,129,2,0,2,131
05/12/2020,SJC,CA,AWP,WE,Towers with Radar,82,12,17,1,112,0,2,23,1,26,82,14,40,2,138,68,2,70,208
05/13/2020,SJC,CA,AWP,WE,Towers with Radar,88,20,19,0,127,0,1,23,1,25,88,21,42,1,152,50,4,54,206
05/14/2020,SJC,CA,AWP,WE,Towers with Radar,89,28,18,0,135,0,0,20,0,20,89,28,38,0,155,4,0,4,159
05/15/2020,SJC,CA,AWP,WE,Towers with Radar,88,21,20,2,131,0,3,39,0,42,88,24,59,2,173,0,0,0,173
05/16/2020,SJC,CA,AWP,WE,Towers with Radar,79,16,20,0,115,0,1,42,0,43,79,17,62,0,158,2,0,2,160
05/17/2020,SJC,CA,AWP,WE,Towers with Radar,88,23,17,0,128,0,2,6,0,8,88,25,23,0,136,0,0,0,136
05/18/2020,SJC,CA,AWP,WE,Towers with Radar,92,34,17,0,143,0,1,8,0,9,92,35,25,0,152,0,0,0,152
05/19/2020,SJC,CA,AWP,WE,Towers with Radar,82,21,23,0,126,0,2,27,0,29,82,23,50,0,155,12,0,12,167
05/20/2020,SJC,CA,AWP,WE,Towers with Radar,89,26,19,0,134,0,2,28,0,30,89,28,47,0,164,8,0,8,172
05/21/2020,SJC,CA,AWP,WE,Towers with Radar,95,35,19,0,149,0,0,40,0,40,95,35,59,0,189,46,0,46,235
05/22/2020,SJC,CA,AWP,WE,Towers with Radar,98,27,21,0,146,0,0,53,0,53,98,27,74,0,199,34,0,34,233
05/23/2020,SJC,CA,AWP,WE,Towers with Radar,81,17,17,0,115,0,0,36,0,36,81,17,53,0,151,6,0,6,157
05/24/2020,SJC,CA,AWP,WE,Towers with Radar,83,17,16,0,116,0,4,27,0,31,83,21,43,0,147,8,0,8,155
05/25/2020,SJC,CA,AWP,WE,Towers with Radar,86,21,13,0,120,0,0,36,3,39,86,21,49,3,159,0,0,0,159
05/26/2020,SJC,CA,AWP,WE,Towers with Radar,89,22,11,2,124,0,0,52,0,52,89,22,63,2,176,16,0,16,192
05/27/2020,SJC,CA,AWP,WE,Towers with Radar,89,21,19,0,129,0,0,30,0,30,89,21,49,0,159,0,0,0,159
05/28/2020,SJC,CA,AWP,WE,Towers with Radar,90,28,14,2,134,0,2,41,0,43,90,30,55,2,177,48,0,48,225
05/29/2020,SJC,CA,AWP,WE,Towers with Radar,88,34,21,0,143,0,1,44,0,45,88,35,65,0,188,8,0,8,196
05/30/2020,SJC,CA,AWP,WE,Towers with Radar,78,16,9,0,103,0,2,6,0,8,78,18,15,0,111,6,0,6,117
05/31/2020,SJC,CA,AWP,WE,Towers with Radar,91,22,19,0,132,0,0,21,0,21,91,22,40,0,153,10,0,10,163
06/01/2020,SJC,CA,AWP,WE,Towers with Radar,93,35,27,2,157,0,1,30,0,31,93,36,57,2,188,4,0,4,192
06/02/2020,SJC,CA,AWP,WE,Towers with Radar,96,28,10,2,136,0,0,39,0,39,96,28,49,2,175,42,0,42,217
06/03/2020,SJC,CA,AWP,WE,Towers with Radar,100,30,14,0,144,0,1,42,0,43,100,31,56,0,187,6,0,6,193
06/04/2020,SJC,CA,AWP,WE,Towers with Radar,100,40,28,0,168,0,8,37,2,47,100,48,65,2,215,16,0,16,231
06/05/2020,SJC,CA,AWP,WE,Towers with Radar,98,25,25,0,148,0,0,32,0,32,98,25,57,0,180,0,0,0,180
06/06/2020,SJC,CA,AWP,WE,Towers with Radar,92,26,26,0,144,0,2,31,0,33,92,28,57,0,177,18,0,18,195
06/07/2020,SJC,CA,AWP,WE,Towers with Radar,127,30,15,0,172,0,0,26,0,26,127,30,41,0,198,16,0,16,214
06/08/2020,SJC,CA,AWP,WE,Towers with Radar,135,32,21,0,188,0,0,18,0,18,135,32,39,0,206,20,0,20,226
06/09/2020,SJC,CA,AWP,WE,Towers with Radar,128,35,34,2,199,0,3,44,0,47,128,38,78,2,246,55,0,55,301
06/10/2020,SJC,CA,AWP,WE,Towers with Radar,131,39,35,0,205,0,1,44,0,45,131,40,79,0,250,8,0,8,258
06/11/2020,SJC,CA,AWP,WE,Towers with Radar,142,33,30,0,205,0,2,25,0,27,142,35,55,0,232,20,0,20,252
06/12/2020,SJC,CA,AWP,WE,Towers with Radar,144,48,29,0,221,0,2,31,0,33,144,50,60,0,254,0,0,0,254
06/13/2020,SJC,CA,AWP,WE,Towers with Radar,130,40,21,0,191,0,1,34,1,36,130,41,55,1,227,0,0,0,227
06/14/2020,SJC,CA,AWP,WE,Towers with Radar,138,36,27,0,201,0,2,35,0,37,138,38,62,0,238,2,0,2,240
06/15/2020,SJC,CA,AWP,WE,Towers with Radar,148,42,35,0,225,0,1,28,0,29,148,43,63,0,254,0,0,0,254
06/16/2020,SJC,CA,AWP,WE,Towers with Radar,142,28,14,0,184,0,0,24,0,24,142,28,38,0,208,0,0,0,208
06/17/2020,SJC,CA,AWP,WE,Towers with Radar,143,46,26,0,215,0,0,41,1,42,143,46,67,1,257,4,0,4,261
06/18/2020,SJC,CA,AWP,WE,Towers with Radar,153,40,22,0,215,0,0,38,0,38,153,40,60,0,253,2,0,2,255
06/19/2020,SJC,CA,AWP,WE,Towers with Radar,153,52,34,1,240,0,1,50,1,52,153,53,84,2,292,44,2,46,338
06/20/2020,SJC,CA,AWP,WE,Towers with Radar,141,44,18,0,203,0,0,33,2,35,141,44,51,2,238,30,0,30,268
06/21/2020,SJC,CA,AWP,WE,Towers with Radar,141,38,26,0,205,0,0,43,0,43,141,38,69,0,248,40,0,40,288
06/22/2020,SJC,CA,AWP,WE,Towers with Radar,156,36,37,0,229,0,1,27,0,28,156,37,64,0,257,26,0,26,283
06/23/2020,SJC,CA,AWP,WE,Towers with Radar,146,30,24,0,200,0,1,27,0,28,146,31,51,0,228,6,0,6,234
06/24/2020,SJC,CA,AWP,WE,Towers with Radar,147,51,28,0,226,0,1,41,2,44,147,52,69,2,270,30,0,30,300
06/25/2020,SJC,CA,AWP,WE,Towers with Radar,154,48,35,3,240,0,4,50,0,54,154,52,85,3,294,42,0,42,336
06/26/2020,SJC,CA,AWP,WE,Towers with Radar,154,49,38,0,241,0,7,55,0,62,154,56,93,0,303,12,0,12,315
06/27/2020,SJC,CA,AWP,WE,Towers with Radar,143,49,32,0,224,0,0,43,0,43,143,49,75,0,267,12,0,12,279
06/28/2020,SJC,CA,AWP,WE,Towers with Radar,167,59,36,0,262,0,5,34,0,39,167,64,70,0,301,26,0,26,327
06/29/2020,SJC,CA,AWP,WE,Towers with Radar,173,53,24,0,250,0,1,31,0,32,173,54,55,0,282,0,0,0,282
06/30/2020,SJC,CA,AWP,WE,Towers with Radar,171,44,30,0,245,0,0,45,0,45,171,44,75,0,290,54,0,54,344
07/01/2020,SJC,CA,AWP,WE,Towers with Radar,171,45,35,0,251,0,2,25,0,27,171,47,60,0,278,0,0,0,278
07/02/2020,SJC,CA,AWP,WE,Towers with Radar,182,52,34,0,268,0,0,47,0,47,182,52,81,0,315,0,0,0,315
07/03/2020,SJC,CA,AWP,WE,Towers with Radar,177,43,22,0,242,0,1,44,0,45,177,44,66,0,287,14,0,14,301
07/04/2020,SJC,CA,AWP,WE,Towers with Radar,140,17,10,2,169,0,6,31,0,37,140,23,41,2,206,0,0,0,206
07/05/2020,SJC,CA,AWP,WE,Towers with Radar,183,61,38,0,282,0,0,27,0,27,183,61,65,0,309,6,0,6,315
07/06/2020,SJC,CA,AWP,WE,Towers with Radar,183,43,36,0,262,0,1,39,0,40,183,44,75,0,302,0,0,0,302
07/07/2020,SJC,CA,AWP,WE,Towers with Radar,185,42,33,0,260,0,2,40,0,42,185,44,73,0,302,42,0,42,344
07/08/2020,SJC,CA,AWP,WE,Towers with Radar,190,36,23,0,249,0,2,42,0,44,190,38,65,0,293,44,0,44,337
07/09/2020,SJC,CA,AWP,WE,Towers with Radar,197,40,24,0,261,0,1,35,0,36,197,41,59,0,297,34,0,34,331
07/10/2020,SJC,CA,AWP,WE,Towers with Radar,193,41,23,0,257,0,0,44,0,44,193,41,67,0,301,30,0,30,331
07/11/2020,SJC,CA,AWP,WE,Towers with Radar,179,37,20,0,236,0,1,24,0,25,179,38,44,0,261,18,0,18,279
07/12/2020,SJC,CA,AWP,WE,Towers with Radar,186,66,30,0,282,0,1,37,0,38,186,67,67,0,320,0,0,0,320
07/13/2020,SJC,CA,AWP,WE,Towers with Radar,195,44,17,0,256,0,0,31,0,31,195,44,48,0,287,46,0,46,333
07/14/2020,SJC,CA,AWP,WE,Towers with Radar,185,40,24,0,249,0,5,23,0,28,185,45,47,0,277,14,0,14,291
07/15/2020,SJC,CA,AWP,WE,Towers with Radar,190,39,37,0,266,0,1,48,0,49,190,40,85,0,315,46,0,46,361
07/16/2020,SJC,CA,AWP,WE,Towers with Radar,204,44,27,0,275,0,1,28,0,29,204,45,55,0,304,34,0,34,338
07/17/2020,SJC,CA,AWP,WE,Towers with Radar,197,47,33,0,277,0,0,25,0,25,197,47,58,0,302,26,0,26,328
07/18/2020,SJC,CA,AWP,WE,Towers with Radar,185,51,39,0,275,0,0,32,0,32,185,51,71,0,307,4,0,4,311
07/19/2020,SJC,CA,AWP,WE,Towers with Radar,195,47,44,0,286,0,2,16,0,18,195,49,60,0,304,32,0,32,336
07/20/2020,SJC,CA,AWP,WE,Towers with Radar,196,31,27,0,254,0,1,19,0,20,196,32,46,0,274,22,0,22,296
07/21/2020,SJC,CA,AWP,WE,Towers with Radar,185,30,20,0,235,0,0,15,0,15,185,30,35,0,250,4,0,4,254
07/22/2020,SJC,CA,AWP,WE,Towers with Radar,190,29,23,0,242,0,1,28,0,29,190,30,51,0,271,0,0,0,271
07/23/2020,SJC,CA,AWP,WE,Towers with Radar,197,37,27,0,261,0,2,40,0,42,197,39,67,0,303,0,0,0,303
07/24/2020,SJC,CA,AWP,WE,Towers with Radar,195,48,29,0,272,0,1,34,0,35,195,49,63,0,307,0,0,0,307
07/25/2020,SJC,CA,AWP,WE,Towers with Radar,182,38,20,0,240,0,0,26,0,26,182,38,46,0,266,12,0,12,278
07/26/2020,SJC,CA,AWP,WE,Towers with Radar,192,42,36,0,270,0,1,36,0,37,192,43,72,0,307,0,0,0,307
07/27/2020,SJC,CA,AWP,WE,Towers with Radar,195,27,9,0,231,0,0,21,0,21,195,27,30,0,252,2,0,2,254
07/28/2020,SJC,CA,AWP,WE,Towers with Radar,187,35,25,0,247,0,2,33,1,36,187,37,58,1,283,18,0,18,301
07/29/2020,SJC,CA,AWP,WE,Towers with Radar,185,34,33,0,252,0,1,30,0,31,185,35,63,0,283,10,0,10,293
07/30/2020,SJC,CA,AWP,WE,Towers with Radar,196,44,43,0,283,0,1,33,0,34,196,45,76,0,317,0,0,0,317
07/31/2020,SJC,CA,AWP,WE,Towers with Radar,192,36,34,0,262,0,0,42,0,42,192,36,76,0,304,46,0,46,350
08/01/2020,SJC,CA,AWP,WE,Towers with Radar,176,44,22,0,242,0,3,32,0,35,176,47,54,0,277,10,0,10,287
08/02/2020,SJC,CA,AWP,WE,Towers with Radar,194,41,20,0,255,0,0,38,0,38,194,41,58,0,293,8,0,8,301
08/03/2020,SJC,CA,AWP,WE,Towers with Radar,198,38,22,0,258,0,5,21,0,26,198,43,43,0,284,0,0,0,284
08/04/2020,SJC,CA,AWP,WE,Towers with Radar,187,43,27,0,257,0,2,24,0,26,187,45,51,0,283,14,0,14,297
08/05/2020,SJC,CA,AWP,WE,Towers with Radar,189,47,48,0,284,0,0,17,0,17,189,47,65,0,301,0,0,0,301
08/06/2020,SJC,CA,AWP,WE,Towers with Radar,195,48,43,0,286,0,0,34,1,35,195,48,77,1,321,58,0,58,379
08/07/2020,SJC,CA,AWP,WE,Towers with Radar,197,49,34,0,280,0,5,53,0,58,197,54,87,0,338,26,0,26,364
08/08/2020,SJC,CA,AWP,WE,Towers with Radar,179,40,20,0,239,0,0,30,0,30,179,40,50,0,269,86,0,86,355
08/09/2020,SJC,CA,AWP,WE,Towers with Radar,189,50,26,0,265,0,0,31,0,31,189,50,57,0,296,54,0,54,350
08/10/2020,SJC,CA,AWP,WE,Towers with Radar,193,44,30,0,267,0,2,22,0,24,193,46,52,0,291,16,0,16,307
08/11/2020,SJC,CA,AWP,WE,Towers with Radar,175,40,12,2,229,0,0,39,0,39,175,40,51,2,268,14,0,14,282
08/12/2020,SJC,CA,AWP,WE,Towers with Radar,169,50,35,0,254,0,5,45,1,51,169,55,80,1,305,0,0,0,305
08/13/2020,SJC,CA,AWP,WE,Towers with Radar,171,52,32,0,255,0,1,41,0,42,171,53,73,0,297,8,0,8,305
08/14/2020,SJC,CA,AWP,WE,Towers with Radar,176,48,33,0,257,0,4,42,0,46,176,52,75,0,303,0,0,0,303
08/15/2020,SJC,CA,AWP,WE,Towers with Radar,170,48,17,0,235,0,0,44,0,44,170,48,61,0,279,12,0,12,291
08/16/2020,SJC,CA,AWP,WE,Towers with Radar,164,62,30,0,256,0,0,19,1,20,164,62,49,1,276,42,0,42,318
08/17/2020,SJC,CA,AWP,WE,Towers with Radar,164,30,31,0,225,0,1,25,0,26,164,31,56,0,251,66,0,66,317
08/18/2020,SJC,CA,AWP,WE,Towers with Radar,155,39,30,0,224,0,3,37,1,41,155,42,67,1,265,8,0,8,273
08/19/2020,SJC,CA,AWP,WE,Towers with Radar,157,52,27,0,236,0,1,7,0,8,157,53,34,0,244,4,0,4,248
08/20/2020,SJC,CA,AWP,WE,Towers with Radar,167,57,32,0,256,0,2,28,3,33,167,59,60,3,289,18,0,18,307
08/21/2020,SJC,CA,AWP,WE,Towers with Radar,169,45,36,0,250,0,2,25,0,27,169,47,61,0,277,22,0,22,299
08/22/2020,SJC,CA,AWP,WE,Towers with Radar,163,53,23,1,240,0,1,12,0,13,163,54,35,1,253,0,0,0,253
08/23/2020,SJC,CA,AWP,WE,Towers with Radar,160,42,45,2,249,0,1,4,2,7,160,43,49,4,256,0,0,0,256
08/24/2020,SJC,CA,AWP,WE,Towers with Radar,167,38,37,0,242,0,0,11,0,11,167,38,48,0,253,0,0,0,253
08/25/2020,SJC,CA,AWP,WE,Towers with Radar,163,33,36,3,235,0,0,10,1,11,163,33,46,4,246,18,0,18,264
08/26/2020,SJC,CA,AWP,WE,Towers with Radar,164,51,20,0,235,0,3,30,0,33,164,54,50,0,268,12,0,12,280
08/27/2020,SJC,CA,AWP,WE,Towers with Radar,171,36,49,0,256,0,1,35,1,37,171,37,84,1,293,64,0,64,357
08/28/2020,SJC,CA,AWP,WE,Towers with Radar,166,57,38,2,263,0,3,28,1,32,166,60,66,3,295,8,0,8,303
08/29/2020,SJC,CA,AWP,WE,Towers with Radar,164,39,18,0,221,0,1,14,2,17,164,40,32,2,238,28,0,28,266
08/30/2020,SJC,CA,AWP,WE,Towers with Radar,160,52,34,0,246,0,2,16,0,18,160,54,50,0,264,46,0,46,310
08/31/2020,SJC,CA,AWP,WE,Towers with Radar,165,39,32,0,236,0,0,16,0,16,165,39,48,0,252,0,0,0,252
09/01/2020,SJC,CA,AWP,WE,Towers with Radar,168,43,22,4,237,0,1,25,0,26,168,44,47,4,263,0,0,0,263
09/02/2020,SJC,CA,AWP,WE,Towers with Radar,170,45,42,2,259,0,0,23,0,23,170,45,65,2,282,0,0,0,282
09/03/2020,SJC,CA,AWP,WE,Towers with Radar,171,51,38,0,260,0,0,47,0,47,171,51,85,0,307,22,0,22,329
09/04/2020,SJC,CA,AWP,WE,Towers with Radar,174,45,32,0,251,0,2,34,3,39,174,47,66,3,290,0,0,0,290
09/05/2020,SJC,CA,AWP,WE,Towers with Radar,167,25,17,0,209,0,3,30,1,34,167,28,47,1,243,0,0,0,243
09/06/2020,SJC,CA,AWP,WE,Towers with Radar,132,28,16,0,176,0,1,18,1,20,132,29,34,1,196,8,0,8,204
09/07/2020,SJC,CA,AWP,WE,Towers with Radar,142,67,39,0,248,0,0,22,0,22,142,67,61,0,270,0,0,0,270
09/08/2020,SJC,CA,AWP,WE,Towers with Radar,136,43,23,0,202,0,0,11,0,11,136,43,34,0,213,10,0,10,223
09/09/2020,SJC,CA,AWP,WE,Towers with Radar,139,48,27,0,214,0,0,8,0,8,139,48,35,0,222,8,0,8,230
09/10/2020,SJC,CA,AWP,WE,Towers with Radar,145,54,42,0,241,0,0,3,0,3,145,54,45,0,244,0,0,0,244
09/11/2020,SJC,CA,AWP,WE,Towers with Radar,146,77,56,0,279,0,0,0,0,0,146,77,56,0,279,0,0,0,279
09/12/2020,SJC,CA,AWP,WE,Towers with Radar,139,55,47,0,241,0,0,1,0,1,139,55,48,0,242,0,0,0,242
09/13/2020,SJC,CA,AWP,WE,Towers with Radar,145,63,42,0,250,0,0,4,0,4,145,63,46,0,254,0,0,0,254
09/14/2020,SJC,CA,AWP,WE,Towers with Radar,137,48,20,0,205,0,0,0,0,0,137,48,20,0,205,0,0,0,205
09/15/2020,SJC,CA,AWP,WE,Towers with Radar,133,54,40,0,227,0,0,10,1,11,133,54,50,1,238,18,0,18,256
09/16/2020,SJC,CA,AWP,WE,Towers with Radar,144,42,35,0,221,0,0,18,0,18,144,42,53,0,239,0,0,0,239
09/17/2020,SJC,CA,AWP,WE,Towers with Radar,142,50,36,0,228,0,2,30,1,33,142,52,66,1,261,32,0,32,293
09/18/2020,SJC,CA,AWP,WE,Towers with Radar,144,41,24,0,209,0,1,47,0,48,144,42,71,0,257,54,0,54,311
09/19/2020,SJC,CA,AWP,WE,Towers with Radar,139,46,19,0,204,0,5,42,6,53,139,51,61,6,257,30,0,30,287
09/20/2020,SJC,CA,AWP,WE,Towers with Radar,136,43,33,0,212,0,0,33,0,33,136,43,66,0,245,14,0,14,259
09/21/2020,SJC,CA,AWP,WE,Towers with Radar,141,39,31,1,212,0,0,19,2,21,141,39,50,3,233,0,0,0,233
09/22/2020,SJC,CA,AWP,WE,Towers with Radar,140,40,31,1,212,0,1,35,0,36,140,41,66,1,248,0,0,0,248
09/23/2020,SJC,CA,AWP,WE,Towers with Radar,147,35,19,0,201,0,0,45,0,45,147,35,64,0,246,10,0,10,256
09/24/2020,SJC,CA,AWP,WE,Towers with Radar,144,50,34,0,228,0,1,38,0,39,144,51,72,0,267,16,0,16,283
09/25/2020,SJC,CA,AWP,WE,Towers with Radar,146,49,32,1,228,0,4,50,0,54,146,53,82,1,282,66,0,66,348
09/26/2020,SJC,CA,AWP,WE,Towers with Radar,136,46,24,1,207,0,2,24,2,28,136,48,48,3,235,18,0,18,253
09/27/2020,SJC,CA,AWP,WE,Towers with Radar,139,58,29,0,226,0,0,23,0,23,139,58,52,0,249,20,0,20,269
09/28/2020,SJC,CA,AWP,WE,Towers with Radar,142,41,35,0,218,0,0,39,0,39,142,41,74,0,257,16,0,16,273
09/29/2020,SJC,CA,AWP,WE,Towers with Radar,140,39,45,0,224,0,2,43,0,45,140,41,88,0,269,32,0,32,301
09/30/2020,SJC,CA,AWP,WE,Towers with Radar,142,42,43,0,227,0,0,23,0,23,142,42,66,0,250,0,0,0,250
10/01/2020,SJC,CA,AWP,WE,Towers with Radar,147,49,35,0,231,0,0,11,0,11,147,49,46,0,242,0,0,0,242
10/02/2020,SJC,CA,AWP,WE,Towers with Radar,142,41,70,2,255,0,2,11,0,13,142,43,81,2,268,0,0,0,268
10/03/2020,SJC,CA,AWP,WE,Towers with Radar,141,49,48,0,238,0,1,14,0,15,141,50,62,0,253,6,0,6,259
10/04/2020,SJC,CA,AWP,WE,Towers with Radar,142,51,31,0,224,0,1,35,0,36,142,52,66,0,260,34,0,34,294
10/05/2020,SJC,CA,AWP,WE,Towers with Radar,143,43,19,0,205,0,1,7,0,8,143,44,26,0,213,6,0,6,219
10/06/2020,SJC,CA,AWP,WE,Towers with Radar,137,35,27,0,199,0,2,63,0,65,137,37,90,0,264,48,0,48,312
10/07/2020,SJC,CA,AWP,WE,Towers with Radar,140,48,44,0,232,0,1,17,0,18,140,49,61,0,250,0,0,0,250
10/08/2020,SJC,CA,AWP,WE,Towers with Radar,146,55,47,2,250,0,3,20,0,23,146,58,67,2,273,18,0,18,291
10/09/2020,SJC,CA,AWP,WE,Towers with Radar,140,61,41,0,242,0,1,28,1,30,140,62,69,1,272,46,0,46,318
10/10/2020,SJC,CA,AWP,WE,Towers with Radar,121,56,23,0,200,0,2,36,2,40,121,58,59,2,240,0,0,0,240
10/11/2020,SJC,CA,AWP,WE,Towers with Radar,141,55,34,0,230,0,0,32,3,35,141,55,66,3,265,0,0,0,265
10/12/2020,SJC,CA,AWP,WE,Towers with Radar,145,44,40,0,229,0,2,27,0,29,145,46,67,0,258,0,0,0,258
10/13/2020,SJC,CA,AWP,WE,Towers with Radar,135,38,31,0,204,0,0,37,0,37,135,38,68,0,241,0,0,0,241
10/14/2020,SJC,CA,AWP,WE,Towers with Radar,137,42,30,0,209,0,7,43,0,50,137,49,73,0,259,0,0,0,259
10/15/2020,SJC,CA,AWP,WE,Towers with Radar,145,54,43,0,242,0,0,45,0,45,145,54,88,0,287,44,0,44,331
10/16/2020,SJC,CA,AWP,WE,Towers with Radar,138,42,50,0,230,0,0,40,0,40,138,42,90,0,270,54,0,54,324
10/17/2020,SJC,CA,AWP,WE,Towers with Radar,121,43,36,0,200,0,3,33,0,36,121,46,69,0,236,14,0,14,250
10/18/2020,SJC,CA,AWP,WE,Towers with Radar,147,56,58,0,261,0,1,38,0,39,147,57,96,0,300,6,0,6,306
10/19/2020,SJC,CA,AWP,WE,Towers with Radar,142,47,19,0,208,0,1,49,0,50,142,48,68,0,258,50,0,50,308
10/20/2020,SJC,CA,AWP,WE,Towers with Radar,138,34,28,0,200,0,0,27,0,27,138,34,55,0,227,14,0,14,241
10/21/2020,SJC,CA,AWP,WE,Towers with Radar,134,61,38,0,233,0,1,45,3,49,134,62,83,3,282,6,0,6,288
10/22/2020,SJC,CA,AWP,WE,Towers with Radar,145,45,40,0,230,0,2,41,1,44,145,47,81,1,274,10,0,10,284
10/23/2020,SJC,CA,AWP,WE,Towers with Radar,144,48,43,0,235,0,1,40,0,41,144,49,83,0,276,12,0,12,288
10/24/2020,SJC,CA,AWP,WE,Towers with Radar,124,58,24,0,206,0,0,32,0,32,124,58,56,0,238,0,0,0,238
10/25/2020,SJC,CA,AWP,WE,Towers with Radar,139,64,32,0,235,0,2,16,0,18,139,66,48,0,253,18,0,18,271
10/26/2020,SJC,CA,AWP,WE,Towers with Radar,139,51,23,0,213,2,1,13,0,16,141,52,36,0,229,0,0,0,229
10/27/2020,SJC,CA,AWP,WE,Towers with Radar,139,41,30,0,210,0,1,54,0,55,139,42,84,0,265,60,0,60,325
10/28/2020,SJC,CA,AWP,WE,Towers with Radar,138,33,32,0,203,0,2,57,0,59,138,35,89,0,262,12,0,12,274
10/29/2020,SJC,CA,AWP,WE,Towers with Radar,143,52,33,0,228,0,0,58,0,58,143,52,91,0,286,74,0,74,360
10/30/2020,SJC,CA,AWP,WE,Towers with Radar,142,43,36,0,221,0,4,56,1,61,142,47,92,1,282,20,0,20,302
10/31/2020,SJC,CA,AWP,WE,Towers with Radar,126,28,12,0,166,0,3,31,2,36,126,31,43,2,202,0,0,0,202
11/01/2020,SJC,CA,AWP,WE,Towers with Radar,144,64,30,0,238,0,0,41,0,41,144,64,71,0,279,0,0,0,279
11/02/2020,SJC,CA,AWP,WE,Towers with Radar,148,44,31,0,223,0,0,43,0,43,148,44,74,0,266,0,0,0,266
11/03/2020,SJC,CA,AWP,WE,Towers with Radar,141,29,30,0,200,0,1,27,0,28,141,30,57,0,228,0,0,0,228
11/04/2020,SJC,CA,AWP,WE,Towers with Radar,142,53,43,0,238,0,0,24,0,24,142,53,67,0,262,22,0,22,284
11/05/2020,SJC,CA,AWP,WE,Towers with Radar,182,49,35,0,266,0,0,48,2,50,182,49,83,2,316,24,2,26,342
11/06/2020,SJC,CA,AWP,WE,Towers with Radar,171,35,31,0,237,0,0,18,0,18,171,35,49,0,255,52,0,52,307
11/07/2020,SJC,CA,AWP,WE,Towers with Radar,131,31,18,2,182,0,2,20,0,22,131,33,38,2,204,24,0,24,228
11/08/2020,SJC,CA,AWP,WE,Towers with Radar,173,52,34,0,259,0,0,22,0,22,173,52,56,0,281,30,0,30,311
11/09/2020,SJC,CA,AWP,WE,Towers with Radar,168,31,39,0,238,0,1,40,0,41,168,32,79,0,279,26,0,26,305
11/10/2020,SJC,CA,AWP,WE,Towers with Radar,140,44,26,0,210,2,0,32,0,34,142,44,58,0,244,34,0,34,278
11/11/2020,SJC,CA,AWP,WE,Towers with Radar,139,46,40,3,228,0,0,25,0,25,139,46,65,3,253,0,2,2,255
11/12/2020,SJC,CA,AWP,WE,Towers with Radar,165,65,41,2,273,0,1,56,0,57,165,66,97,2,330,48,8,56,386
11/13/2020,SJC,CA,AWP,WE,Towers with Radar,174,54,37,0,265,0,1,25,0,26,174,55,62,0,291,0,0,0,291
11/14/2020,SJC,CA,AWP,WE,Towers with Radar,131,39,40,0,210,1,0,13,0,14,132,39,53,0,224,4,0,4,228
11/15/2020,SJC,CA,AWP,WE,Towers with Radar,166,45,29,0,240,0,1,49,0,50,166,46,78,0,290,44,0,44,334
11/16/2020,SJC,CA,AWP,WE,Towers with Radar,171,44,32,0,247,0,1,35,0,36,171,45,67,0,283,24,0,24,307
11/17/2020,SJC,CA,AWP,WE,Towers with Radar,146,40,18,0,204,0,3,10,0,13,146,43,28,0,217,6,0,6,223
11/18/2020,SJC,CA,AWP,WE,Towers with Radar,139,53,34,0,226,0,0,14,0,14,139,53,48,0,240,40,0,40,280
11/19/2020,SJC,CA,AWP,WE,Towers with Radar,177,48,34,0,259,0,1,36,0,37,177,49,70,0,296,0,0,0,296
11/20/2020,SJC,CA,AWP,WE,Towers with Radar,184,52,44,0,280,0,6,33,0,39,184,58,77,0,319,0,0,0,319
11/21/2020,SJC,CA,AWP,WE,Towers with Radar,165,50,44,0,259,0,2,62,0,64,165,52,106,0,323,24,0,24,347
11/22/2020,SJC,CA,AWP,WE,Towers with Radar,176,55,31,0,262,0,2,23,0,25,176,57,54,0,287,0,0,0,287
11/23/2020,SJC,CA,AWP,WE,Towers with Radar,196,44,25,0,265,0,0,25,0,25,196,44,50,0,290,0,0,0,290
11/24/2020,SJC,CA,AWP,WE,Towers with Radar,196,59,31,0,286,0,3,44,2,49,196,62,75,2,335,46,0,46,381
11/25/2020,SJC,CA,AWP,WE,Towers with Radar,198,40,47,0,285,0,5,35,2,42,198,45,82,2,327,16,0,16,343
11/26/2020,SJC,CA,AWP,WE,Towers with Radar,115,25,12,0,152,0,0,8,0,8,115,25,20,0,160,4,0,4,164
11/27/2020,SJC,CA,AWP,WE,Towers with Radar,173,40,16,0,229,0,0,36,0,36,173,40,52,0,265,16,0,16,281
11/28/2020,SJC,CA,AWP,WE,Towers with Radar,172,41,30,0,243,0,1,29,0,30,172,42,59,0,273,2,0,2,275
11/29/2020,SJC,CA,AWP,WE,Towers with Radar,195,68,54,0,317,1,2,32,0,35,196,70,86,0,352,0,0,0,352
11/30/2020,SJC,CA,AWP,WE,Towers with Radar,199,35,31,0,265,1,1,42,0,44,200,36,73,0,309,32,0,32,341
12/01/2020,SJC,CA,AWP,WE,Towers with Radar,176,28,37,0,241,0,1,42,0,43,176,29,79,0,284,38,0,38,322
12/02/2020,SJC,CA,AWP,WE,Towers with Radar,147,40,17,0,204,0,0,32,0,32,147,40,49,0,236,12,0,12,248
12/03/2020,SJC,CA,AWP,WE,Towers with Radar,144,35,32,0,211,0,1,47,0,48,144,36,79,0,259,48,0,48,307
12/04/2020,SJC,CA,AWP,WE,Towers with Radar,153,45,34,0,232,0,1,41,0,42,153,46,75,0,274,36,0,36,310
12/05/2020,SJC,CA,AWP,WE,Towers with Radar,142,36,15,0,193,0,0,26,0,26,142,36,41,0,219,40,0,40,259
12/06/2020,SJC,CA,AWP,WE,Towers with Radar,151,48,36,0,235,0,0,16,0,16,151,48,52,0,251,34,0,34,285
12/07/2020,SJC,CA,AWP,WE,Towers with Radar,151,29,16,0,196,0,0,24,2,26,151,29,40,2,222,2,2,4,226
12/08/2020,SJC,CA,AWP,WE,Towers with Radar,149,25,26,0,200,0,0,34,0,34,149,25,60,0,234,12,0,12,246
12/09/2020,SJC,CA,AWP,WE,Towers with Radar,145,35,22,0,202,0,2,30,2,34,145,37,52,2,236,0,0,0,236
12/10/2020,SJC,CA,AWP,WE,Towers with Radar,146,33,27,0,206,0,0,42,0,42,146,33,69,0,248,0,0,0,248
12/11/2020,SJC,CA,AWP,WE,Towers with Radar,151,47,37,0,235,0,0,22,0,22,151,47,59,0,257,4,0,4,261
12/12/2020,SJC,CA,AWP,WE,Towers with Radar,140,44,23,2,209,0,0,12,0,12,140,44,35,2,221,0,0,0,221
12/13/2020,SJC,CA,AWP,WE,Towers with Radar,146,44,36,0,226,0,0,6,0,6,146,44,42,0,232,0,0,0,232
12/14/2020,SJC,CA,AWP,WE,Towers with Radar,148,35,16,1,200,0,2,28,1,31,148,37,44,2,231,24,0,24,255
12/15/2020,SJC,CA,AWP,WE,Towers with Radar,149,33,18,0,200,0,0,35,0,35,149,33,53,0,235,80,0,80,315
12/16/2020,SJC,CA,AWP,WE,Towers with Radar,150,39,22,0,211,0,0,32,0,32,150,39,54,0,243,46,0,46,289
12/17/2020,SJC,CA,AWP,WE,Towers with Radar,177,32,39,0,248,0,1,14,0,15,177,33,53,0,263,64,0,64,327
12/18/2020,SJC,CA,AWP,WE,Towers with Radar,179,57,24,0,260,0,1,45,1,47,179,58,69,1,307,36,0,36,343
12/19/2020,SJC,CA,AWP,WE,Towers with Radar,163,46,33,0,242,0,0,44,2,46,163,46,77,2,288,54,0,54,342
12/20/2020,SJC,CA,AWP,WE,Towers with Radar,173,50,31,0,254,0,0,30,0,30,173,50,61,0,284,0,0,0,284
12/21/2020,SJC,CA,AWP,WE,Towers with Radar,179,44,27,0,250,0,0,36,0,36,179,44,63,0,286,16,0,16,302
12/22/2020,SJC,CA,AWP,WE,Towers with Radar,170,44,35,10,259,0,1,29,0,30,170,45,64,10,289,10,0,10,299
12/23/2020,SJC,CA,AWP,WE,Towers with Radar,187,50,32,0,269,0,0,38,0,38,187,50,70,0,307,0,0,0,307
12/24/2020,SJC,CA,AWP,WE,Towers with Radar,135,27,16,0,178,0,0,12,0,12,135,27,28,0,190,0,0,0,190
12/25/2020,SJC,CA,AWP,WE,Towers with Radar,131,31,11,0,173,0,2,0,0,2,131,33,11,0,175,0,0,0,175
12/26/2020,SJC,CA,AWP,WE,Towers with Radar,163,38,34,0,235,1,0,12,5,18,164,38,46,5,253,20,0,20,273
12/27/2020,SJC,CA,AWP,WE,Towers with Radar,192,56,32,0,280,0,0,19,8,27,192,56,51,8,307,14,0,14,321
12/28/2020,SJC,CA,AWP,WE,Towers with Radar,172,33,22,0,227,0,0,16,4,20,172,33,38,4,247,46,0,46,293
12/29/2020,SJC,CA,AWP,WE,Towers with Radar,171,43,26,0,240,0,0,42,1,43,171,43,68,1,283,0,0,0,283
12/30/2020,SJC,CA,AWP,WE,Towers with Radar,172,34,29,0,235,0,1,29,0,30,172,35,58,0,265,0,0,0,265
12/31/2020,SJC,CA,AWP,WE,Towers with Radar,135,28,23,0,186,0,2,26,0,28,135,30,49,0,214,38,0,38,252
01/01/2021,SJC,CA,AWP,WE,Towers with Radar,136,43,18,2,199,0,0,20,6,26,136,43,38,8,225,0,0,0,225
01/02/2021,SJC,CA,AWP,WE,Towers with Radar,166,43,43,0,252,0,0,3,2,5,166,43,46,2,257,0,0,0,257
01/03/2021,SJC,CA,AWP,WE,Towers with Radar,192,73,61,0,326,0,1,23,0,24,192,74,84,0,350,0,0,0,350
01/04/2021,SJC,CA,AWP,WE,Towers with Radar,176,45,44,0,265,0,0,5,4,9,176,45,49,4,274,16,0,16,290
01/05/2021,SJC,CA,AWP,WE,Towers with Radar,177,48,17,0,242,0,2,24,5,31,177,50,41,5,273,26,0,26,299
01/06/2021,SJC,CA,AWP,WE,Towers with Radar,176,36,17,0,229,0,0,26,0,26,176,36,43,0,255,37,0,37,292
01/07/2021,SJC,CA,AWP,WE,Towers with Radar,150,49,33,1,233,0,3,15,1,19,150,52,48,2,252,6,0,6,258
01/08/2021,SJC,CA,AWP,WE,Towers with Radar,156,35,33,0,224,0,0,21,0,21,156,35,54,0,245,30,0,30,275
01/09/2021,SJC,CA,AWP,WE,Towers with Radar,148,50,16,0,214,0,0,31,11,42,148,50,47,11,256,0,0,0,256
01/10/2021,SJC,CA,AWP,WE,Towers with Radar,148,46,31,0,225,0,1,31,5,37,148,47,62,5,262,32,0,32,294
01/11/2021,SJC,CA,AWP,WE,Towers with Radar,162,41,31,0,234,0,2,25,4,31,162,43,56,4,265,0,0,0,265
01/12/2021,SJC,CA,AWP,WE,Towers with Radar,154,28,17,0,199,0,2,19,4,25,154,30,36,4,224,30,0,30,254
01/13/2021,SJC,CA,AWP,WE,Towers with Radar,149,47,39,0,235,0,2,31,5,38,149,49,70,5,273,62,0,62,335
01/14/2021,SJC,CA,AWP,WE,Towers with Radar,153,43,35,0,231,0,0,30,3,33,153,43,65,3,264,80,0,80,344
01/15/2021,SJC,CA,AWP,WE,Towers with Radar,159,38,37,0,234,0,3,35,1,39,159,41,72,1,273,46,2,48,321
01/16/2021,SJC,CA,AWP,WE,Towers with Radar,135,38,29,0,202,0,2,41,7,50,135,40,70,7,252,36,0,36,288
01/17/2021,SJC,CA,AWP,WE,Towers with Radar,139,36,17,0,192,0,1,33,6,40,139,37,50,6,232,34,0,34,266
01/18/2021,SJC,CA,AWP,WE,Towers with Radar,165,61,33,0,259,0,0,18,6,24,165,61,51,6,283,0,0,0,283
01/19/2021,SJC,CA,AWP,WE,Towers with Radar,153,37,18,0,208,0,0,4,5,9,153,37,22,5,217,0,0,0,217
01/20/2021,SJC,CA,AWP,WE,Towers with Radar,150,46,31,0,227,0,1,41,6,48,150,47,72,6,275,0,0,0,275
01/21/2021,SJC,CA,AWP,WE,Towers with Radar,155,34,32,0,221,0,3,30,6,39,155,37,62,6,260,8,0,8,268
01/22/2021,SJC,CA,AWP,WE,Towers with Radar,159,28,31,0,218,0,0,9,3,12,159,28,40,3,230,0,0,0,230
01/23/2021,SJC,CA,AWP,WE,Towers with Radar,134,34,26,0,194,0,0,27,2,29,134,34,53,2,223,50,0,50,273
01/24/2021,SJC,CA,AWP,WE,Towers with Radar,145,41,30,0,216,0,0,8,0,8,145,41,38,0,224,16,0,16,240
01/25/2021,SJC,CA,AWP,WE,Towers with Radar,158,29,18,0,205,0,1,18,0,19,158,30,36,0,224,2,0,2,226
01/26/2021,SJC,CA,AWP,WE,Towers with Radar,149,33,15,0,197,0,0,28,2,30,149,33,43,2,227,38,0,38,265
01/27/2021,SJC,CA,AWP,WE,Towers with Radar,148,32,20,0,200,0,0,4,0,4,148,32,24,0,204,0,0,0,204
01/28/2021,SJC,CA,AWP,WE,Towers with Radar,153,27,25,1,206,0,0,0,2,2,153,27,25,3,208,0,0,0,208
01/29/2021,SJC,CA,AWP,WE,Towers with Radar,160,42,37,1,240,0,1,32,2,35,160,43,69,3,275,36,0,36,311
01/30/2021,SJC,CA,AWP,WE,Towers with Radar,137,39,24,0,200,0,3,31,9,43,137,42,55,9,243,14,0,14,257
01/31/2021,SJC,CA,AWP,WE,Towers with Radar,148,46,37,0,231,0,1,19,6,26,148,47,56,6,257,52,0,52,309
02/01/2021,SJC,CA,AWP,WE,Towers with Radar,166,35,24,0,225,0,0,10,2,12,166,35,34,2,237,0,0,0,237
02/02/2021,SJC,CA,AWP,WE,Towers with Radar,156,33,30,0,219,0,1,5,5,11,156,34,35,5,230,6,0,6,236
02/03/2021,SJC,CA,AWP,WE,Towers with Radar,152,45,26,0,223,0,0,29,4,33,152,45,55,4,256,14,0,14,270
02/04/2021,SJC,CA,AWP,WE,Towers with Radar,159,33,30,0,222,0,1,34,6,41,159,34,64,6,263,26,0,26,289
02/05/2021,SJC,CA,AWP,WE,Towers with Radar,163,39,27,0,229,0,0,42,5,47,163,39,69,5,276,26,0,26,302
02/06/2021,SJC,CA,AWP,WE,Towers with Radar,141,28,24,0,193,0,1,33,5,39,141,29,57,5,232,26,0,26,258
02/07/2021,SJC,CA,AWP,WE,Towers with Radar,149,42,34,0,225,0,1,38,3,42,149,43,72,3,267,22,0,22,289
02/08/2021,SJC,CA,AWP,WE,Towers with Radar,162,52,22,2,238,0,0,18,5,23,162,52,40,7,261,0,0,0,261
02/09/2021,SJC,CA,AWP,WE,Towers with Radar,154,40,30,0,224,0,0,34,0,34,154,40,64,0,258,30,0,30,288
02/10/2021,SJC,CA,AWP,WE,Towers with Radar,154,50,44,0,248,0,0,42,4,46,154,50,86,4,294,0,0,0,294
02/11/2021,SJC,CA,AWP,WE,Towers with Radar,149,46,45,0,240,0,1,22,1,24,149,47,67,1,264,0,0,0,264
02/12/2021,SJC,CA,AWP,WE,Towers with Radar,153,56,48,0,257,0,2,29,0,31,153,58,77,0,288,44,0,44,332
02/13/2021,SJC,CA,AWP,WE,Towers with Radar,114,61,42,0,217,0,2,17,0,19,114,63,59,0,236,48,0,48,284
02/14/2021,SJC,CA,AWP,WE,Towers with Radar,120,45,33,0,198,0,1,19,0,20,120,46,52,0,218,2,0,2,220
02/15/2021,SJC,CA,AWP,WE,Towers with Radar,133,50,32,0,215,0,0,6,0,6,133,50,38,0,221,0,0,0,221
02/16/2021,SJC,CA,AWP,WE,Towers with Radar,130,40,31,0,201,0,2,31,0,33,130,42,62,0,234,74,0,74,308
02/17/2021,SJC,CA,AWP,WE,Towers with Radar,136,44,32,0,212,0,0,42,0,42,136,44,74,0,254,16,0,16,270
02/18/2021,SJC,CA,AWP,WE,Towers with Radar,138,45,33,0,216,0,0,25,2,27,138,45,58,2,243,0,0,0,243
02/19/2021,SJC,CA,AWP,WE,Towers with Radar,147,54,30,0,231,0,0,12,0,12,147,54,42,0,243,16,0,16,259
02/20/2021,SJC,CA,AWP,WE,Towers with Radar,124,58,31,0,213,0,1,23,0,24,124,59,54,0,237,14,0,14,251
02/21/2021,SJC,CA,AWP,WE,Towers with Radar,149,70,55,0,274,0,2,24,2,28,149,72,79,2,302,18,0,18,320
02/22/2021,SJC,CA,AWP,WE,Towers with Radar,152,42,19,0,213,0,0,31,0,31,152,42,50,0,244,34,0,34,278
02/23/2021,SJC,CA,AWP,WE,Towers with Radar,142,36,31,0,209,0,0,22,0,22,142,36,53,0,231,22,0,22,253
02/24/2021,SJC,CA,AWP,WE,Towers with Radar,148,50,44,0,242,0,1,30,0,31,148,51,74,0,273,28,0,28,301
02/25/2021,SJC,CA,AWP,WE,Towers with Radar,153,52,37,0,242,0,0,42,0,42,153,52,79,0,284,16,0,16,300
02/26/2021,SJC,CA,AWP,WE,Towers with Radar,155,50,39,0,244,0,0,45,0,45,155,50,84,0,289,19,0,19,308
02/27/2021,SJC,CA,AWP,WE,Towers with Radar,129,40,23,0,192,0,2,34,3,39,129,42,57,3,231,12,0,12,243
02/28/2021,SJC,CA,AWP,WE,Towers with Radar,148,53,32,0,233,0,0,35,0,35,148,53,67,0,268,0,0,0,268
03/01/2021,SJC,CA,AWP,WE,Towers with Radar,149,40,39,0,228,0,0,31,0,31,149,40,70,0,259,0,0,0,259
03/02/2021,SJC,CA,AWP,WE,Towers with Radar,139,35,29,0,203,0,0,32,0,32,139,35,61,0,235,0,0,0,235
03/03/2021,SJC,CA,AWP,WE,Towers with Radar,145,58,35,0,238,0,1,28,0,29,145,59,63,0,267,0,0,0,267
03/04/2021,SJC,CA,AWP,WE,Towers with Radar,158,26,36,0,220,0,0,53,0,53,158,26,89,0,273,116,0,116,389
03/05/2021,SJC,CA,AWP,WE,Towers with Radar,153,50,30,0,233,0,0,28,0,28,153,50,58,0,261,36,0,36,297
03/06/2021,SJC,CA,AWP,WE,Towers with Radar,128,25,15,0,168,0,2,22,2,26,128,27,37,2,194,28,0,28,222
03/07/2021,SJC,CA,AWP,WE,Towers with Radar,176,47,53,0,276,0,0,34,0,34,176,47,87,0,310,32,0,32,342
03/08/2021,SJC,CA,AWP,WE,Towers with Radar,179,32,37,0,248,0,1,16,1,18,179,33,53,1,266,58,0,58,324
03/09/2021,SJC,CA,AWP,WE,Towers with Radar,145,44,39,0,228,0,0,21,4,25,145,44,60,4,253,0,0,0,253
03/10/2021,SJC,CA,AWP,WE,Towers with Radar,147,70,38,0,255,0,0,11,6,17,147,70,49,6,272,40,0,40,312
03/11/2021,SJC,CA,AWP,WE,Towers with Radar,192,56,46,0,294,0,0,21,2,23,192,56,67,2,317,0,0,0,317
03/12/2021,SJC,CA,AWP,WE,Towers with Radar,190,52,44,0,286,0,3,65,1,69,190,55,109,1,355,18,0,18,373
03/13/2021,SJC,CA,AWP,WE,Towers with Radar,138,47,24,2,211,0,1,36,4,41,138,48,60,6,252,68,4,72,324
03/14/2021,SJC,CA,AWP,WE,Towers with Radar,171,66,37,0,274,0,0,15,0,15,171,66,52,0,289,54,0,54,343
03/15/2021,SJC,CA,AWP,WE,Towers with Radar,180,45,32,0,257,0,0,11,0,11,180,45,43,0,268,8,0,8,276
03/16/2021,SJC,CA,AWP,WE,Towers with Radar,185,46,14,4,249,0,2,48,2,52,185,48,62,6,301,94,6,100,401
03/17/2021,SJC,CA,AWP,WE,Towers with Radar,177,59,44,0,280,0,1,40,5,46,177,60,84,5,326,78,0,78,404
03/18/2021,SJC,CA,AWP,WE,Towers with Radar,199,42,54,0,295,0,0,8,1,9,199,42,62,1,304,4,0,4,308
03/19/2021,SJC,CA,AWP,WE,Towers with Radar,196,45,41,0,282,0,0,22,0,22,196,45,63,0,304,0,0,0,304
03/20/2021,SJC,CA,AWP,WE,Towers with Radar,155,40,40,0,235,0,1,31,0,32,155,41,71,0,267,20,0,20,287
03/21/2021,SJC,CA,AWP,WE,Towers with Radar,199,50,37,0,286,0,0,43,0,43,199,50,80,0,329,16,0,16,345
03/22/2021,SJC,CA,AWP,WE,Towers with Radar,194,52,48,0,294,0,2,30,0,32,194,54,78,0,326,0,0,0,326
03/23/2021,SJC,CA,AWP,WE,Towers with Radar,196,41,31,0,268,0,0,33,2,35,196,41,64,2,303,20,0,20,323
03/24/2021,SJC,CA,AWP,WE,Towers with Radar,189,65,42,0,296,0,1,35,3,39,189,66,77,3,335,46,0,46,381
03/25/2021,SJC,CA,AWP,WE,Towers with Radar,205,44,44,0,293,0,2,30,4,36,205,46,74,4,329,70,0,70,399
03/26/2021,SJC,CA,AWP,WE,Towers with Radar,198,63,45,0,306,0,1,39,3,43,198,64,84,3,349,64,0,64,413
03/27/2021,SJC,CA,AWP,WE,Towers with Radar,156,59,35,0,250,0,1,46,3,50,156,60,81,3,300,52,0,52,352
03/28/2021,SJC,CA,AWP,WE,Towers with Radar,194,50,36,0,280,0,0,43,0,43,194,50,79,0,323,30,0,30,353
03/29/2021,SJC,CA,AWP,WE,Towers with Radar,192,49,34,0,275,0,2,38,6,46,192,51,72,6,321,14,0,14,335
03/30/2021,SJC,CA,AWP,WE,Towers with Radar,195,45,37,1,278,0,0,44,4,48,195,45,81,5,326,24,0,24,350
03/31/2021,SJC,CA,AWP,WE,Towers with Radar,191,63,36,0,290,0,1,49,3,53,191,64,85,3,343,42,0,42,385
04/01/2021,SJC,CA,AWP,WE,Towers with Radar,209,63,59,0,331,0,1,42,5,48,209,64,101,5,379,18,0,18,397
04/02/2021,SJC,CA,AWP,WE,Towers with Radar,198,61,49,0,308,0,4,29,0,33,198,65,78,0,341,52,0,52,393
04/03/2021,SJC,CA,AWP,WE,Towers with Radar,156,58,27,0,241,0,2,33,2,37,156,60,60,2,278,16,0,16,294
04/04/2021,SJC,CA,AWP,WE,Towers with Radar,203,61,45,0,309,0,1,26,5,32,203,62,71,5,341,26,0,26,367
04/05/2021,SJC,CA,AWP,WE,Towers with Radar,208,61,31,0,300,0,1,27,4,32,208,62,58,4,332,30,0,30,362
04/06/2021,SJC,CA,AWP,WE,Towers with Radar,208,33,35,0,276,0,3,36,4,43,208,36,71,4,319,76,0,76,395
04/07/2021,SJC,CA,AWP,WE,Towers with Radar,191,47,53,0,291,0,2,41,2,45,191,49,94,2,336,44,0,44,380
04/08/2021,SJC,CA,AWP,WE,Towers with Radar,210,50,33,0,293,0,0,26,5,31,210,50,59,5,324,12,0,12,336
04/09/2021,SJC,CA,AWP,WE,Towers with Radar,209,62,33,0,304,0,0,36,3,39,209,62,69,3,343,0,0,0,343
04/10/2021,SJC,CA,AWP,WE,Towers with Radar,166,56,36,0,258,0,2,37,4,43,166,58,73,4,301,0,0,0,301
04/11/2021,SJC,CA,AWP,WE,Towers with Radar,202,57,46,0,305,0,4,32,6,42,202,61,78,6,347,0,0,0,347
04/12/2021,SJC,CA,AWP,WE,Towers with Radar,184,63,38,0,285,0,2,21,4,27,184,65,59,4,312,0,0,0,312
04/13/2021,SJC,CA,AWP,WE,Towers with Radar,170,49,31,0,250,0,0,38,6,44,170,49,69,6,294,28,0,28,322
04/14/2021,SJC,CA,AWP,WE,Towers with Radar,167,40,40,0,247,0,2,35,10,47,167,42,75,10,294,20,0,20,314
04/15/2021,SJC,CA,AWP,WE,Towers with Radar,185,38,42,0,265,0,1,51,5,57,185,39,93,5,322,8,0,8,330
04/16/2021,SJC,CA,AWP,WE,Towers with Radar,182,66,54,1,303,0,2,49,1,52,182,68,103,2,355,52,0,52,407
04/17/2021,SJC,CA,AWP,WE,Towers with Radar,159,37,41,0,237,0,0,38,3,41,159,37,79,3,278,26,0,26,304
04/18/2021,SJC,CA,AWP,WE,Towers with Radar,178,57,38,0,273,0,2,44,5,51,178,59,82,5,324,0,0,0,324
04/19/2021,SJC,CA,AWP,WE,Towers with Radar,179,44,34,0,257,0,5,36,7,48,179,49,70,7,305,0,0,0,305
04/20/2021,SJC,CA,AWP,WE,Towers with Radar,172,33,36,0,241,0,1,29,9,39,172,34,65,9,280,0,0,0,280
04/21/2021,SJC,CA,AWP,WE,Towers with Radar,165,51,62,0,278,0,5,37,6,48,165,56,99,6,326,32,0,32,358
04/22/2021,SJC,CA,AWP,WE,Towers with Radar,186,53,55,0,294,0,0,46,7,53,186,53,101,7,347,0,0,0,347
04/23/2021,SJC,CA,AWP,WE,Towers with Radar,188,54,53,3,298,0,0,39,3,42,188,54,92,6,340,82,2,84,424
04/24/2021,SJC,CA,AWP,WE,Towers with Radar,162,43,35,0,240,0,3,22,2,27,162,46,57,2,267,14,0,14,281
04/25/2021,SJC,CA,AWP,WE,Towers with Radar,179,54,51,0,284,0,1,7,5,13,179,55,58,5,297,0,0,0,297
04/26/2021,SJC,CA,AWP,WE,Towers with Radar,183,41,43,0,267,0,0,16,3,19,183,41,59,3,286,26,0,26,312
04/27/2021,SJC,CA,AWP,WE,Towers with Radar,171,40,30,0,241,0,1,44,8,53,171,41,74,8,294,80,0,80,374
04/28/2021,SJC,CA,AWP,WE,Towers with Radar,163,51,39,2,255,0,4,32,8,44,163,55,71,10,299,0,0,0,299
04/29/2021,SJC,CA,AWP,WE,Towers with Radar,187,48,43,0,278,0,0,38,6,44,187,48,81,6,322,0,0,0,322
04/30/2021,SJC,CA,AWP,WE,Towers with Radar,183,51,31,0,265,0,2,41,4,47,183,53,72,4,312,0,0,0,312
05/01/2021,SJC,CA,AWP,WE,Towers with Radar,164,36,42,0,242,0,0,36,6,42,164,36,78,6,284,0,0,0,284
05/02/2021,SJC,CA,AWP,WE,Towers with Radar,172,71,45,0,288,0,0,37,5,42,172,71,82,5,330,22,0,22,352
05/03/2021,SJC,CA,AWP,WE,Towers with Radar,180,44,43,0,267,0,0,27,3,30,180,44,70,3,297,0,0,0,297
05/04/2021,SJC,CA,AWP,WE,Towers with Radar,169,37,40,0,246,0,0,43,5,48,169,37,83,5,294,22,0,22,316
05/05/2021,SJC,CA,AWP,WE,Towers with Radar,168,46,51,0,265,0,0,35,5,40,168,46,86,5,305,36,0,36,341
05/06/2021,SJC,CA,AWP,WE,Towers with Radar,182,63,49,0,294,0,1,48,4,53,182,64,97,4,347,38,0,38,385
05/07/2021,SJC,CA,AWP,WE,Towers with Radar,184,44,35,0,263,0,0,44,3,47,184,44,79,3,310,56,0,56,366
05/08/2021,SJC,CA,AWP,WE,Towers with Radar,160,31,41,0,232,0,0,35,8,43,160,31,76,8,275,0,0,0,275
05/09/2021,SJC,CA,AWP,WE,Towers with Radar,197,49,32,0,278,0,0,30,4,34,197,49,62,4,312,0,0,0,312
05/10/2021,SJC,CA,AWP,WE,Towers with Radar,206,52,52,0,310,0,3,25,5,33,206,55,77,5,343,0,0,0,343
05/11/2021,SJC,CA,AWP,WE,Towers with Radar,178,42,48,0,268,0,1,21,5,27,178,43,69,5,295,0,0,0,295
05/12/2021,SJC,CA,AWP,WE,Towers with Radar,174,68,54,0,296,0,1,32,6,39,174,69,86,6,335,0,0,0,335
05/13/2021,SJC,CA,AWP,WE,Towers with Radar,203,67,71,0,341,0,0,38,1,39,203,67,109,1,380,44,0,44,424
05/14/2021,SJC,CA,AWP,WE,Towers with Radar,207,66,52,0,325,0,0,32,3,35,207,66,84,3,360,38,0,38,398
05/15/2021,SJC,CA,AWP,WE,Towers with Radar,162,32,39,0,233,0,1,16,3,20,162,33,55,3,253,24,0,24,277
05/16/2021,SJC,CA,AWP,WE,Towers with Radar,196,52,40,0,288,0,1,36,3,40,196,53,76,3,328,18,0,18,346
05/17/2021,SJC,CA,AWP,WE,Towers with Radar,207,59,45,0,311,0,2,32,4,38,207,61,77,4,349,14,0,14,363
05/18/2021,SJC,CA,AWP,WE,Towers with Radar,181,30,28,0,239,0,0,30,2,32,181,30,58,2,271,0,0,0,271
05/19/2021,SJC,CA,AWP,WE,Towers with Radar,174,56,49,0,279,0,0,33,4,37,174,56,82,4,316,0,0,0,316
05/20/2021,SJC,CA,AWP,WE,Towers with Radar,217,52,34,0,303,0,0,29,0,29,217,52,63,0,332,0,0,0,332
05/21/2021,SJC,CA,AWP,WE,Towers with Radar,219,61,43,0,323,0,0,50,2,52,219,61,93,2,375,0,0,0,375
05/22/2021,SJC,CA,AWP,WE,Towers with Radar,173,31,33,0,237,0,0,42,3,45,173,31,75,3,282,0,0,0,282
05/23/2021,SJC,CA,AWP,WE,Towers with Radar,209,46,40,0,295,0,2,41,10,53,209,48,81,10,348,18,0,18,366
05/24/2021,SJC,CA,AWP,WE,Towers with Radar,215,54,36,0,305,0,1,21,3,25,215,55,57,3,330,16,0,16,346
05/25/2021,SJC,CA,AWP,WE,Towers with Radar,186,55,41,0,282,0,0,26,5,31,186,55,67,5,313,32,0,32,345
05/26/2021,SJC,CA,AWP,WE,Towers with Radar,187,68,41,0,296,0,3,49,2,54,187,71,90,2,350,22,0,22,372
05/27/2021,SJC,CA,AWP,WE,Towers with Radar,215,67,46,0,328,0,4,65,2,71,215,71,111,2,399,54,0,54,453
05/28/2021,SJC,CA,AWP,WE,Towers with Radar,218,76,55,0,349,0,9,30,4,43,218,85,85,4,392,32,0,32,424
05/29/2021,SJC,CA,AWP,WE,Towers with Radar,171,40,35,0,246,0,0,29,5,34,171,40,64,5,280,0,0,0,280
05/30/2021,SJC,CA,AWP,WE,Towers with Radar,198,39,22,0,259,0,2,43,3,48,198,41,65,3,307,38,0,38,345
05/31/2021,SJC,CA,AWP,WE,Towers with Radar,207,60,55,0,322,0,0,46,2,48,207,60,101,2,370,26,0,26,396
06/01/2021,SJC,CA,AWP,WE,Towers with Radar,214,64,48,2,328,0,0,36,3,39,214,64,84,5,367,44,0,44,411
06/02/2021,SJC,CA,AWP,WE,Towers with Radar,205,58,49,0,312,0,1,29,6,36,205,59,78,6,348,42,0,42,390
06/03/2021,SJC,CA,AWP,WE,Towers with Radar,219,67,49,2,337,0,1,42,0,43,219,68,91,2,380,14,0,14,394
06/04/2021,SJC,CA,AWP,WE,Towers with Radar,225,72,61,0,358,0,0,48,2,50,225,72,109,2,408,4,0,4,412
06/05/2021,SJC,CA,AWP,WE,Towers with Radar,188,53,25,0,266,0,1,31,0,32,188,54,56,0,298,0,0,0,298
06/06/2021,SJC,CA,AWP,WE,Towers with Radar,232,66,36,0,334,0,6,30,3,39,232,72,66,3,373,2,0,2,375
06/07/2021,SJC,CA,AWP,WE,Towers with Radar,262,64,36,0,362,0,2,34,3,39,262,66,70,3,401,4,0,4,405
06/08/2021,SJC,CA,AWP,WE,Towers with Radar,246,45,33,2,326,0,1,31,4,36,246,46,64,6,362,32,0,32,394
06/09/2021,SJC,CA,AWP,WE,Towers with Radar,244,66,33,2,345,0,2,38,3,43,244,68,71,5,388,22,0,22,410
06/10/2021,SJC,CA,AWP,WE,Towers with Radar,253,80,46,0,379,0,0,56,1,57,253,80,102,1,436,12,0,12,448
06/11/2021,SJC,CA,AWP,WE,Towers with Radar,258,67,58,0,383,0,0,51,0,51,258,67,109,0,434,0,0,0,434
06/12/2021,SJC,CA,AWP,WE,Towers with Radar,189,54,46,0,289,0,0,43,2,45,189,54,89,2,334,12,0,12,346
06/13/2021,SJC,CA,AWP,WE,Towers with Radar,238,68,46,0,352,0,2,46,0,48,238,70,92,0,400,46,0,46,446
06/14/2021,SJC,CA,AWP,WE,Towers with Radar,260,46,54,0,360,0,1,36,1,38,260,47,90,1,398,0,0,0,398
06/15/2021,SJC,CA,AWP,WE,Towers with Radar,233,46,41,0,320,0,3,43,4,50,233,49,84,4,370,8,0,8,378
06/16/2021,SJC,CA,AWP,WE,Towers with Radar,236,80,54,0,370,0,2,56,4,62,236,82,110,4,432,74,0,74,506
06/17/2021,SJC,CA,AWP,WE,Towers with Radar,255,59,50,0,364,0,0,46,3,49,255,59,96,3,413,34,0,34,447
06/18/2021,SJC,CA,AWP,WE,Towers with Radar,260,62,61,0,383,0,1,57,3,61,260,63,118,3,444,48,0,48,492
06/19/2021,SJC,CA,AWP,WE,Towers with Radar,184,59,31,0,274,0,5,31,5,41,184,64,62,5,315,6,0,6,321
06/20/2021,SJC,CA,AWP,WE,Towers with Radar,228,83,47,0,358,0,0,38,0,38,228,83,85,0,396,14,0,14,410
06/21/2021,SJC,CA,AWP,WE,Towers with Radar,257,81,54,0,392,0,2,32,0,34,257,83,86,0,426,24,0,24,450
06/22/2021,SJC,CA,AWP,WE,Towers with Radar,241,34,50,0,325,0,2,42,4,48,241,36,92,4,373,40,0,40,413
06/23/2021,SJC,CA,AWP,WE,Towers with Radar,243,67,64,0,374,0,0,31,3,34,243,67,95,3,408,2,0,2,410
06/24/2021,SJC,CA,AWP,WE,Towers with Radar,260,69,71,0,400,0,0,30,0,30,260,69,101,0,430,6,0,6,436
06/25/2021,SJC,CA,AWP,WE,Towers with Radar,255,65,61,0,381,0,0,19,0,19,255,65,80,0,400,40,0,40,440
06/26/2021,SJC,CA,AWP,WE,Towers with Radar,183,56,30,0,269,0,2,37,4,43,183,58,67,4,312,18,0,18,330
06/27/2021,SJC,CA,AWP,WE,Towers with Radar,231,70,56,0,357,0,2,31,4,37,231,72,87,4,394,0,0,0,394
06/28/2021,SJC,CA,AWP,WE,Towers with Radar,250,66,38,0,354,0,0,38,7,45,250,66,76,7,399,38,0,38,437
06/29/2021,SJC,CA,AWP,WE,Towers with Radar,234,63,55,0,352,0,6,36,4,46,234,69,91,4,398,106,0,106,504
06/30/2021,SJC,CA,AWP,WE,Towers with Radar,245,75,69,0,389,0,1,36,4,41,245,76,105,4,430,50,0,50,480
07/01/2021,SJC,CA,AWP,WE,Towers with Radar,255,81,48,0,384,0,0,36,0,36,255,81,84,0,420,6,0,6,426
07/02/2021,SJC,CA,AWP,WE,Towers with Radar,258,41,58,0,357,0,0,31,0,31,258,41,89,0,388,0,0,0,388
07/03/2021,SJC,CA,AWP,WE,Towers with Radar,182,30,28,0,240,0,2,19,0,21,182,32,47,0,261,4,0,4,265
07/04/2021,SJC,CA,AWP,WE,Towers with Radar,226,29,20,0,275,0,0,20,0,20,226,29,40,0,295,0,0,0,295
07/05/2021,SJC,CA,AWP,WE,Towers with Radar,252,50,40,0,342,0,2,40,1,43,252,52,80,1,385,34,0,34,419
07/06/2021,SJC,CA,AWP,WE,Towers with Radar,240,60,58,0,358,0,2,31,0,33,240,62,89,0,391,0,0,0,391
07/07/2021,SJC,CA,AWP,WE,Towers with Radar,238,70,32,0,340,0,0,29,0,29,238,70,61,0,369,58,0,58,427
07/08/2021,SJC,CA,AWP,WE,Towers with Radar,250,65,40,0,355,0,0,52,0,52,250,65,92,0,407,16,0,16,423
07/09/2021,SJC,CA,AWP,WE,Towers with Radar,252,57,32,0,341,0,1,41,2,44,252,58,73,2,385,0,0,0,385
07/10/2021,SJC,CA,AWP,WE,Towers with Radar,181,51,41,1,274,0,2,26,0,28,181,53,67,1,302,6,0,6,308
07/11/2021,SJC,CA,AWP,WE,Towers with Radar,232,83,51,1,367,0,1,37,0,38,232,84,88,1,405,20,0,20,425
07/12/2021,SJC,CA,AWP,WE,Towers with Radar,257,58,56,0,371,0,0,30,0,30,257,58,86,0,401,16,0,16,417
07/13/2021,SJC,CA,AWP,WE,Towers with Radar,243,54,52,0,349,0,1,24,1,26,243,55,76,1,375,2,0,2,377
07/14/2021,SJC,CA,AWP,WE,Towers with Radar,240,51,40,0,331,0,3,40,5,48,240,54,80,5,379,4,0,4,383
07/15/2021,SJC,CA,AWP,WE,Towers with Radar,260,55,66,0,381,0,0,42,3,45,260,55,108,3,426,16,0,16,442
07/16/2021,SJC,CA,AWP,WE,Towers with Radar,263,56,40,0,359,0,0,32,3,35,263,56,72,3,394,12,0,12,406
07/17/2021,SJC,CA,AWP,WE,Towers with Radar,190,44,33,0,267,0,3,52,3,58,190,47,85,3,325,2,0,2,327
07/18/2021,SJC,CA,AWP,WE,Towers with Radar,234,48,64,3,349,0,2,29,3,34,234,50,93,6,383,12,0,12,395
07/19/2021,SJC,CA,AWP,WE,Towers with Radar,261,59,40,0,360,0,1,35,3,39,261,60,75,3,399,38,0,38,437
07/20/2021,SJC,CA,AWP,WE,Towers with Radar,244,56,42,0,342,0,2,43,5,50,244,58,85,5,392,56,0,56,448
07/21/2021,SJC,CA,AWP,WE,Towers with Radar,246,56,59,0,361,0,1,44,4,49,246,57,103,4,410,10,0,10,420
07/22/2021,SJC,CA,AWP,WE,Towers with Radar,260,69,55,0,384,0,3,36,5,44,260,72,91,5,428,0,0,0,428
07/23/2021,SJC,CA,AWP,WE,Towers with Radar,268,46,56,0,370,0,2,43,3,48,268,48,99,3,418,12,0,12,430
07/24/2021,SJC,CA,AWP,WE,Towers with Radar,192,40,27,0,259,0,0,28,0,28,192,40,55,0,287,0,0,0,287
07/25/2021,SJC,CA,AWP,WE,Towers with Radar,232,52,52,0,336,0,1,24,0,25,232,53,76,0,361,22,0,22,383
07/26/2021,SJC,CA,AWP,WE,Towers with Radar,265,51,52,0,368,0,0,29,0,29,265,51,81,0,397,16,0,16,413
07/27/2021,SJC,CA,AWP,WE,Towers with Radar,239,49,39,0,327,0,1,21,0,22,239,50,60,0,349,18,0,18,367
07/28/2021,SJC,CA,AWP,WE,Towers with Radar,244,53,52,0,349,0,1,30,0,31,244,54,82,0,380,36,0,36,416
07/29/2021,SJC,CA,AWP,WE,Towers with Radar,264,67,58,0,389,0,0,47,0,47,264,67,105,0,436,36,0,36,472
07/30/2021,SJC,CA,AWP,WE,Towers with Radar,264,61,63,0,388,0,2,36,2,40,264,63,99,2,428,0,0,0,428
07/31/2021,SJC,CA,AWP,WE,Towers with Radar,199,47,38,0,284,0,3,41,0,44,199,50,79,0,328,48,0,48,376
08/01/2021,SJC,CA,AWP,WE,Towers with Radar,229,52,49,0,330,0,0,23,0,23,229,52,72,0,353,0,0,0,353
08/02/2021,SJC,CA,AWP,WE,Towers with Radar,259,44,42,0,345,0,0,28,3,31,259,44,70,3,376,8,0,8,384
08/03/2021,SJC,CA,AWP,WE,Towers with Radar,244,51,43,0,338,0,0,35,6,41,244,51,78,6,379,8,0,8,387
08/04/2021,SJC,CA,AWP,WE,Towers with Radar,237,55,49,0,341,0,2,27,5,34,237,57,76,5,375,16,0,16,391
08/05/2021,SJC,CA,AWP,WE,Towers with Radar,261,57,56,0,374,0,2,27,0,29,261,59,83,0,403,38,0,38,441
08/06/2021,SJC,CA,AWP,WE,Towers with Radar,264,50,52,0,366,0,3,31,0,34,264,53,83,0,400,0,0,0,400
08/07/2021,SJC,CA,AWP,WE,Towers with Radar,197,62,29,0,288,0,0,9,0,9,197,62,38,0,297,6,0,6,303
08/08/2021,SJC,CA,AWP,WE,Towers with Radar,239,59,66,2,366,0,2,20,0,22,239,61,86,2,388,8,0,8,396
08/09/2021,SJC,CA,AWP,WE,Towers with Radar,262,40,48,0,350,0,3,21,3,27,262,43,69,3,377,0,0,0,377
08/10/2021,SJC,CA,AWP,WE,Towers with Radar,240,45,47,0,332,0,0,28,5,33,240,45,75,5,365,8,0,8,373
08/11/2021,SJC,CA,AWP,WE,Towers with Radar,242,47,42,0,331,0,0,41,1,42,242,47,83,1,373,36,0,36,409
08/12/2021,SJC,CA,AWP,WE,Towers with Radar,262,57,50,0,369,0,0,34,2,36,262,57,84,2,405,0,0,0,405
08/13/2021,SJC,CA,AWP,WE,Towers with Radar,264,65,67,0,396,0,1,41,4,46,264,66,108,4,442,22,0,22,464
08/14/2021,SJC,CA,AWP,WE,Towers with Radar,191,43,38,0,272,0,2,37,4,43,191,45,75,4,315,0,0,0,315
08/15/2021,SJC,CA,AWP,WE,Towers with Radar,233,70,50,0,353,0,2,36,3,41,233,72,86,3,394,0,0,0,394
08/16/2021,SJC,CA,AWP,WE,Towers with Radar,265,57,45,0,367,0,2,25,6,33,265,59,70,6,400,18,2,20,420
08/17/2021,SJC,CA,AWP,WE,Towers with Radar,239,65,41,0,345,0,2,35,3,40,239,67,76,3,385,38,0,38,423
08/18/2021,SJC,CA,AWP,WE,Towers with Radar,250,70,48,0,368,0,2,17,5,24,250,72,65,5,392,0,0,0,392
08/19/2021,SJC,CA,AWP,WE,Towers with Radar,257,50,66,0,373,0,1,17,3,21,257,51,83,3,394,14,0,14,408
08/20/2021,SJC,CA,AWP,WE,Towers with Radar,262,69,57,0,388,0,0,23,2,25,262,69,80,2,413,16,0,16,429
08/21/2021,SJC,CA,AWP,WE,Towers with Radar,192,41,25,0,258,0,0,23,4,27,192,41,48,4,285,38,0,38,323
08/22/2021,SJC,CA,AWP,WE,Towers with Radar,238,57,42,0,337,0,2,37,0,39,238,59,79,0,376,34,0,34,410
08/23/2021,SJC,CA,AWP,WE,Towers with Radar,265,50,42,0,357,0,0,35,4,39,265,50,77,4,396,42,0,42,438
08/24/2021,SJC,CA,AWP,WE,Towers with Radar,248,48,55,0,351,0,9,30,4,43,248,57,85,4,394,36,0,36,430
08/25/2021,SJC,CA,AWP,WE,Towers with Radar,251,82,51,0,384,0,0,23,3,26,251,82,74,3,410,38,0,38,448
08/26/2021,SJC,CA,AWP,WE,Towers with Radar,263,68,59,0,390,0,5,40,3,48,263,73,99,3,438,34,0,34,472
08/27/2021,SJC,CA,AWP,WE,Towers with Radar,271,81,43,0,395,0,0,41,3,44,271,81,84,3,439,42,0,42,481
08/28/2021,SJC,CA,AWP,WE,Towers with Radar,203,50,28,0,281,0,0,12,3,15,203,50,40,3,296,0,0,0,296
08/29/2021,SJC,CA,AWP,WE,Towers with Radar,239,48,44,0,331,0,2,34,4,40,239,50,78,4,371,10,0,10,381
08/30/2021,SJC,CA,AWP,WE,Towers with Radar,263,50,43,0,356,0,0,22,7,29,263,50,65,7,385,48,0,48,433
08/31/2021,SJC,CA,AWP,WE,Towers with Radar,251,51,44,0,346,0,1,28,4,33,251,52,72,4,379,20,0,20,399
09/01/2021,SJC,CA,AWP,WE,Towers with Radar,255,54,49,0,358,0,0,42,2,44,255,54,91,2,402,28,0,28,430
09/02/2021,SJC,CA,AWP,WE,Towers with Radar,265,67,63,0,395,0,2,29,3,34,265,69,92,3,429,6,0,6,435
09/03/2021,SJC,CA,AWP,WE,Towers with Radar,272,64,48,0,384,0,0,20,1,21,272,64,68,1,405,0,0,0,405
09/04/2021,SJC,CA,AWP,WE,Towers with Radar,204,42,33,0,279,0,0,28,3,31,204,42,61,3,310,0,0,0,310
09/05/2021,SJC,CA,AWP,WE,Towers with Radar,229,51,15,0,295,0,3,22,3,28,229,54,37,3,323,2,0,2,325
09/06/2021,SJC,CA,AWP,WE,Towers with Radar,261,65,53,0,379,0,2,40,3,45,261,67,93,3,424,26,0,26,450
09/07/2021,SJC,CA,AWP,WE,Towers with Radar,261,57,33,0,351,0,2,37,4,43,261,59,70,4,394,42,0,42,436
09/08/2021,SJC,CA,AWP,WE,Towers with Radar,261,51,35,0,347,0,2,35,10,47,261,53,70,10,394,40,0,40,434
09/09/2021,SJC,CA,AWP,WE,Towers with Radar,283,67,53,0,403,0,0,30,2,32,283,67,83,2,435,8,0,8,443
09/10/2021,SJC,CA,AWP,WE,Towers with Radar,293,66,55,0,414,0,1,39,3,43,293,67,94,3,457,0,0,0,457
09/11/2021,SJC,CA,AWP,WE,Towers with Radar,216,50,26,0,292,0,0,26,4,30,216,50,52,4,322,2,0,2,324
09/12/2021,SJC,CA,AWP,WE,Towers with Radar,279,67,44,0,390,0,1,36,7,44,279,68,80,7,434,6,0,6,440
09/13/2021,SJC,CA,AWP,WE,Towers with Radar,291,72,53,0,416,0,0,31,3,34,291,72,84,3,450,4,0,4,454
09/14/2021,SJC,CA,AWP,WE,Towers with Radar,263,63,37,0,363,0,1,29,6,36,263,64,66,6,399,10,0,10,409
09/15/2021,SJC,CA,AWP,WE,Towers with Radar,271,65,45,0,381,0,5,34,3,42,271,70,79,3,423,46,0,46,469
09/16/2021,SJC,CA,AWP,WE,Towers with Radar,299,68,47,0,414,0,4,32,3,39,299,72,79,3,453,48,0,48,501
09/17/2021,SJC,CA,AWP,WE,Towers with Radar,298,60,40,0,398,0,2,46,3,51,298,62,86,3,449,40,0,40,489
09/18/2021,SJC,CA,AWP,WE,Towers with Radar,218,45,26,0,289,0,6,35,2,43,218,51,61,2,332,32,0,32,364
09/19/2021,SJC,CA,AWP,WE,Towers with Radar,289,71,64,1,425,0,1,28,2,31,289,72,92,3,456,8,0,8,464
09/20/2021,SJC,CA,AWP,WE,Towers with Radar,297,54,37,0,388,0,2,29,4,35,297,56,66,4,423,22,0,22,445
09/21/2021,SJC,CA,AWP,WE,Towers with Radar,270,50,29,0,349,0,0,38,3,41,270,50,67,3,390,22,0,22,412
09/22/2021,SJC,CA,AWP,WE,Towers with Radar,265,81,49,0,395,0,3,34,2,39,265,84,83,2,434,42,0,42,476
09/23/2021,SJC,CA,AWP,WE,Towers with Radar,297,69,71,2,439,0,1,41,3,45,297,70,112,5,484,28,0,28,512
09/24/2021,SJC,CA,AWP,WE,Towers with Radar,295,74,55,0,424,0,0,44,3,47,295,74,99,3,471,24,0,24,495
09/25/2021,SJC,CA,AWP,WE,Towers with Radar,219,48,43,0,310,0,0,19,4,23,219,48,62,4,333,0,0,0,333
09/26/2021,SJC,CA,AWP,WE,Towers with Radar,297,74,91,0,462,0,0,43,5,48,297,74,134,5,510,0,0,0,510
09/27/2021,SJC,CA,AWP,WE,Towers with Radar,295,63,43,0,401,0,0,17,9,26,295,63,60,9,427,0,0,0,427
09/28/2021,SJC,CA,AWP,WE,Towers with Radar,267,55,30,1,353,0,2,30,5,37,267,57,60,6,390,0,0,0,390
09/29/2021,SJC,CA,AWP,WE,Towers with Radar,271,76,48,1,396,0,0,44,3,47,271,76,92,4,443,0,0,0,443
09/30/2021,SJC,CA,AWP,WE,Towers with Radar,296,65,42,0,403,0,0,45,3,48,296,65,87,3,451,0,0,0,451
10/01/2021,SJC,CA,AWP,WE,Towers with Radar,294,67,42,0,403,0,2,37,5,44,294,69,79,5,447,6,0,6,453
10/02/2021,SJC,CA,AWP,WE,Towers with Radar,222,56,42,0,320,0,0,43,3,46,222,56,85,3,366,0,0,0,366
10/03/2021,SJC,CA,AWP,WE,Towers with Radar,292,80,73,0,445,0,0,48,3,51,292,80,121,3,496,0,0,0,496
10/04/2021,SJC,CA,AWP,WE,Towers with Radar,287,57,46,0,390,0,1,22,4,27,287,58,68,4,417,0,0,0,417
10/05/2021,SJC,CA,AWP,WE,Towers with Radar,262,50,31,1,344,0,0,22,2,24,262,50,53,3,368,8,0,8,376
10/06/2021,SJC,CA,AWP,WE,Towers with Radar,264,63,43,0,370,0,5,37,2,44,264,68,80,2,414,0,0,0,414
10/07/2021,SJC,CA,AWP,WE,Towers with Radar,284,85,65,0,434,0,2,36,3,41,284,87,101,3,475,0,0,0,475
10/08/2021,SJC,CA,AWP,WE,Towers with Radar,292,77,80,0,449,0,0,30,0,30,292,77,110,0,479,0,0,0,479
10/09/2021,SJC,CA,AWP,WE,Towers with Radar,213,50,43,0,306,0,5,30,0,35,213,55,73,0,341,16,0,16,357
10/10/2021,SJC,CA,AWP,WE,Towers with Radar,256,87,56,1,400,0,2,46,0,48,256,89,102,1,448,10,0,10,458
10/11/2021,SJC,CA,AWP,WE,Towers with Radar,275,69,50,0,394,0,1,12,0,13,275,70,62,0,407,7,0,7,414
10/12/2021,SJC,CA,AWP,WE,Towers with Radar,260,78,44,0,382,0,0,14,0,14,260,78,58,0,396,0,0,0,396
10/13/2021,SJC,CA,AWP,WE,Towers with Radar,264,89,42,0,395,0,2,33,0,35,264,91,75,0,430,14,0,14,444
10/14/2021,SJC,CA,AWP,WE,Towers with Radar,292,97,53,0,442,0,3,34,0,37,292,100,87,0,479,50,0,50,529
10/15/2021,SJC,CA,AWP,WE,Towers with Radar,297,66,49,0,412,0,3,40,0,43,297,69,89,0,455,12,0,12,467
10/16/2021,SJC,CA,AWP,WE,Towers with Radar,235,39,24,0,298,0,4,41,0,45,235,43,65,0,343,4,0,4,347
10/17/2021,SJC,CA,AWP,WE,Towers with Radar,294,72,48,0,414,0,0,25,0,25,294,72,73,0,439,0,0,0,439
10/18/2021,SJC,CA,AWP,WE,Towers with Radar,293,56,50,0,399,0,0,19,0,19,293,56,69,0,418,16,0,16,434
10/19/2021,SJC,CA,AWP,WE,Towers with Radar,262,51,35,0,348,0,0,42,0,42,262,51,77,0,390,14,0,14,404
10/20/2021,SJC,CA,AWP,WE,Towers with Radar,272,57,47,0,376,0,2,12,0,14,272,59,59,0,390,16,0,16,406
10/21/2021,SJC,CA,AWP,WE,Towers with Radar,270,68,62,0,400,0,1,22,0,23,270,69,84,0,423,0,0,0,423
10/22/2021,SJC,CA,AWP,WE,Towers with Radar,264,54,63,1,382,0,1,19,0,20,264,55,82,1,402,14,0,14,416
10/23/2021,SJC,CA,AWP,WE,Towers with Radar,235,35,32,1,303,0,1,19,0,20,235,36,51,1,323,2,0,2,325
10/24/2021,SJC,CA,AWP,WE,Towers with Radar,304,77,69,2,452,0,0,0,0,0,304,77,69,2,452,0,0,0,452
10/25/2021,SJC,CA,AWP,WE,Towers with Radar,277,74,49,0,400,0,0,11,0,11,277,74,60,0,411,0,0,0,411
10/26/2021,SJC,CA,AWP,WE,Towers with Radar,265,54,51,2,372,0,0,18,0,18,265,54,69,2,390,34,0,34,424
10/27/2021,SJC,CA,AWP,WE,Towers with Radar,266,72,50,0,388,0,1,31,0,32,266,73,81,0,420,54,0,54,474
10/28/2021,SJC,CA,AWP,WE,Towers with Radar,291,74,60,2,427,0,1,45,0,46,291,75,105,2,473,22,0,22,495
10/29/2021,SJC,CA,AWP,WE,Towers with Radar,295,56,57,0,408,0,6,42,0,48,295,62,99,0,456,0,0,0,456
10/30/2021,SJC,CA,AWP,WE,Towers with Radar,232,38,40,1,311,0,0,10,0,10,232,38,50,1,321,0,0,0,321
10/31/2021,SJC,CA,AWP,WE,Towers with Radar,265,53,63,0,381,0,0,32,0,32,265,53,95,0,413,0,0,0,413
11/01/2021,SJC,CA,AWP,WE,Towers with Radar,283,58,50,0,391,0,0,7,0,7,283,58,57,0,398,6,0,6,404
11/02/2021,SJC,CA,AWP,WE,Towers with Radar,271,62,43,0,376,0,0,19,0,19,271,62,62,0,395,8,0,8,403
11/03/2021,SJC,CA,AWP,WE,Towers with Radar,267,66,45,0,378,0,0,31,0,31,267,66,76,0,409,16,0,16,425
11/04/2021,SJC,CA,AWP,WE,Towers with Radar,289,59,71,0,419,0,0,42,0,42,289,59,113,0,461,80,0,80,541
11/05/2021,SJC,CA,AWP,WE,Towers with Radar,286,74,53,0,413,0,2,39,0,41,286,76,92,0,454,18,0,18,472
11/06/2021,SJC,CA,AWP,WE,Towers with Radar,230,37,47,0,314,0,0,21,2,23,230,37,68,2,337,18,0,18,355
11/07/2021,SJC,CA,AWP,WE,Towers with Radar,272,77,82,0,431,0,3,54,0,57,272,80,136,0,488,0,0,0,488
11/08/2021,SJC,CA,AWP,WE,Towers with Radar,288,78,49,0,415,0,0,13,0,13,288,78,62,0,428,24,0,24,452
11/09/2021,SJC,CA,AWP,WE,Towers with Radar,250,77,58,2,387,0,0,16,0,16,250,77,74,2,403,26,0,26,429
11/10/2021,SJC,CA,AWP,WE,Towers with Radar,254,84,74,0,412,0,2,29,0,31,254,86,103,0,443,18,0,18,461
11/11/2021,SJC,CA,AWP,WE,Towers with Radar,294,81,52,0,427,0,2,30,1,33,294,83,82,1,460,30,0,30,490
11/12/2021,SJC,CA,AWP,WE,Towers with Radar,299,61,55,2,417,0,0,32,0,32,299,61,87,2,449,0,0,0,449
11/13/2021,SJC,CA,AWP,WE,Towers with Radar,227,48,31,0,306,0,0,29,1,30,227,48,60,1,336,20,0,20,356
11/14/2021,SJC,CA,AWP,WE,Towers with Radar,274,75,48,0,397,0,2,44,0,46,274,77,92,0,443,20,0,20,463
11/15/2021,SJC,CA,AWP,WE,Towers with Radar,289,93,84,2,468,0,2,31,0,33,289,95,115,2,501,34,0,34,535
11/16/2021,SJC,CA,AWP,WE,Towers with Radar,252,63,58,0,373,0,4,14,2,20,252,67,72,2,393,22,2,24,417
11/17/2021,SJC,CA,AWP,WE,Towers with Radar,257,81,55,2,395,0,0,43,0,43,257,81,98,2,438,14,0,14,452
11/18/2021,SJC,CA,AWP,WE,Towers with Radar,295,72,74,2,443,0,0,38,0,38,295,72,112,2,481,58,0,58,539
11/19/2021,SJC,CA,AWP,WE,Towers with Radar,290,65,120,2,477,0,0,13,0,13,290,65,133,2,490,0,0,0,490
11/20/2021,SJC,CA,AWP,WE,Towers with Radar,233,85,55,0,373,0,0,28,0,28,233,85,83,0,401,0,0,0,401
11/21/2021,SJC,CA,AWP,WE,Towers with Radar,270,76,45,0,391,0,0,49,0,49,270,76,94,0,440,10,0,10,450
11/22/2021,SJC,CA,AWP,WE,Towers with Radar,288,47,39,0,374,0,0,30,0,30,288,47,69,0,404,30,0,30,434
11/23/2021,SJC,CA,AWP,WE,Towers with Radar,270,75,33,0,378,0,0,29,0,29,270,75,62,0,407,0,0,0,407
11/24/2021,SJC,CA,AWP,WE,Towers with Radar,280,53,39,0,372,0,0,28,0,28,280,53,67,0,400,20,0,20,420
11/25/2021,SJC,CA,AWP,WE,Towers with Radar,205,23,10,0,238,0,1,17,0,18,205,24,27,0,256,0,0,0,256
11/26/2021,SJC,CA,AWP,WE,Towers with Radar,236,45,42,0,323,0,2,24,0,26,236,47,66,0,349,24,0,24,373
11/27/2021,SJC,CA,AWP,WE,Towers with Radar,242,72,57,2,373,0,2,37,0,39,242,74,94,2,412,10,0,10,422
11/28/2021,SJC,CA,AWP,WE,Towers with Radar,282,86,85,0,453,0,0,43,0,43,282,86,128,0,496,2,0,2,498
11/29/2021,SJC,CA,AWP,WE,Towers with Radar,271,75,49,0,395,0,0,34,0,34,271,75,83,0,429,10,0,10,439
11/30/2021,SJC,CA,AWP,WE,Towers with Radar,266,71,40,0,377,0,0,48,0,48,266,71,88,0,425,50,0,50,475
12/01/2021,SJC,CA,AWP,WE,Towers with Radar,246,66,51,2,365,0,2,39,2,43,246,68,90,4,408,12,0,12,420
12/02/2021,SJC,CA,AWP,WE,Towers with Radar,265,57,61,0,383,0,0,37,0,37,265,57,98,0,420,2,0,2,422
12/03/2021,SJC,CA,AWP,WE,Towers with Radar,258,62,68,0,388,0,0,7,0,7,258,62,75,0,395,0,0,0,395
12/04/2021,SJC,CA,AWP,WE,Towers with Radar,209,48,45,0,302,0,0,19,0,19,209,48,64,0,321,6,0,6,327
12/05/2021,SJC,CA,AWP,WE,Towers with Radar,265,57,54,0,376,0,0,26,0,26,265,57,80,0,402,8,0,8,410
12/06/2021,SJC,CA,AWP,WE,Towers with Radar,250,64,83,0,397,0,0,0,0,0,250,64,83,0,397,0,0,0,397
12/07/2021,SJC,CA,AWP,WE,Towers with Radar,241,62,65,0,368,0,0,5,0,5,241,62,70,0,373,12,0,12,385
12/08/2021,SJC,CA,AWP,WE,Towers with Radar,254,73,77,0,404,0,3,8,0,11,254,76,85,0,415,0,0,0,415
12/09/2021,SJC,CA,AWP,WE,Towers with Radar,267,78,73,0,418,0,0,22,0,22,267,78,95,0,440,14,0,14,454
12/10/2021,SJC,CA,AWP,WE,Towers with Radar,259,69,72,0,400,0,0,43,1,44,259,69,115,1,444,10,0,10,454
12/11/2021,SJC,CA,AWP,WE,Towers with Radar,207,38,35,0,280,0,1,42,1,44,207,39,77,1,324,16,0,16,340
12/12/2021,SJC,CA,AWP,WE,Towers with Radar,272,56,45,0,373,0,0,0,0,0,272,56,45,0,373,0,0,0,373
12/13/2021,SJC,CA,AWP,WE,Towers with Radar,273,57,56,2,388,0,0,1,0,1,273,57,57,2,389,0,0,0,389
12/14/2021,SJC,CA,AWP,WE,Towers with Radar,223,60,43,0,326,0,2,15,0,17,223,62,58,0,343,12,0,12,355
12/15/2021,SJC,CA,AWP,WE,Towers with Radar,245,67,49,2,363,0,0,5,0,5,245,67,54,2,368,0,0,0,368
12/16/2021,SJC,CA,AWP,WE,Towers with Radar,282,66,65,0,413,0,1,12,1,14,282,67,77,1,427,22,0,22,449
12/17/2021,SJC,CA,AWP,WE,Towers with Radar,282,79,79,0,440,0,4,31,0,35,282,83,110,0,475,8,0,8,483
12/18/2021,SJC,CA,AWP,WE,Towers with Radar,217,65,44,0,326,0,4,38,2,44,217,69,82,2,370,0,0,0,370
12/19/2021,SJC,CA,AWP,WE,Towers with Radar,252,80,83,0,415,0,0,18,5,23,252,80,101,5,438,0,0,0,438
12/20/2021,SJC,CA,AWP,WE,Towers with Radar,268,43,33,0,344,0,0,24,5,29,268,43,57,5,373,0,0,0,373
12/21/2021,SJC,CA,AWP,WE,Towers with Radar,264,45,39,0,348,0,0,25,4,29,264,45,64,4,377,0,0,0,377
12/22/2021,SJC,CA,AWP,WE,Towers with Radar,270,59,42,0,371,0,0,3,4,7,270,59,45,4,378,2,0,2,380
12/23/2021,SJC,CA,AWP,WE,Towers with Radar,273,62,31,0,366,0,0,2,2,4,273,62,33,2,370,0,0,0,370
12/24/2021,SJC,CA,AWP,WE,Towers with Radar,227,30,33,1,291,0,0,3,0,3,227,30,36,1,294,2,0,2,296
12/25/2021,SJC,CA,AWP,WE,Towers with Radar,190,34,16,0,240,0,0,0,0,0,190,34,16,0,240,0,0,0,240
12/26/2021,SJC,CA,AWP,WE,Towers with Radar,240,52,44,0,336,0,1,8,4,13,240,53,52,4,349,16,0,16,365
12/27/2021,SJC,CA,AWP,WE,Towers with Radar,245,51,50,0,346,0,1,4,4,9,245,52,54,4,355,0,0,0,355
12/28/2021,SJC,CA,AWP,WE,Towers with Radar,236,47,51,2,336,0,1,1,8,10,236,48,52,10,346,0,0,0,346
12/29/2021,SJC,CA,AWP,WE,Towers with Radar,240,28,32,0,300,0,0,1,0,1,240,28,33,0,301,0,0,0,301
12/30/2021,SJC,CA,AWP,WE,Towers with Radar,248,45,31,2,326,0,0,24,3,27,248,45,55,5,353,6,0,6,359
12/31/2021,SJC,CA,AWP,WE,Towers with Radar,213,35,20,0,268,0,0,22,6,28,213,35,42,6,296,0,0,0,296
01/01/2022,SJC,CA,AWP,WE,Towers with Radar,193,41,36,0,270,0,2,27,2,31,193,43,63,2,301,0,0,0,301
01/02/2022,SJC,CA,AWP,WE,Towers with Radar,243,56,79,0,378,0,1,34,1,36,243,57,113,1,414,8,0,8,422
01/03/2022,SJC,CA,AWP,WE,Towers with Radar,246,41,43,0,330,0,3,12,4,19,246,44,55,4,349,0,0,0,349
01/04/2022,SJC,CA,AWP,WE,Towers with Radar,230,55,48,0,333,0,0,11,0,11,230,55,59,0,344,12,0,12,356
01/05/2022,SJC,CA,AWP,WE,Towers with Radar,211,45,42,0,298,0,0,10,2,12,211,45,52,2,310,16,0,16,326
01/06/2022,SJC,CA,AWP,WE,Towers with Radar,215,53,60,0,328,0,0,2,0,2,215,53,62,0,330,0,0,0,330
01/07/2022,SJC,CA,AWP,WE,Towers with Radar,215,48,48,0,311,0,0,9,3,12,215,48,57,3,323,6,0,6,329
01/08/2022,SJC,CA,AWP,WE,Towers with Radar,188,47,35,0,270,0,0,19,0,19,188,47,54,0,289,0,0,0,289
01/09/2022,SJC,CA,AWP,WE,Towers with Radar,255,45,63,0,363,0,0,40,0,40,255,45,103,0,403,14,0,14,417
01/10/2022,SJC,CA,AWP,WE,Towers with Radar,234,45,34,0,313,0,4,32,0,36,234,49,66,0,349,0,0,0,349
01/11/2022,SJC,CA,AWP,WE,Towers with Radar,226,45,24,0,295,0,0,32,0,32,226,45,56,0,327,0,0,0,327
01/12/2022,SJC,CA,AWP,WE,Towers with Radar,225,51,29,0,305,0,0,23,0,23,225,51,52,0,328,0,0,0,328
01/13/2022,SJC,CA,AWP,WE,Towers with Radar,237,49,39,0,325,0,1,29,2,32,237,50,68,2,357,32,0,32,389
01/14/2022,SJC,CA,AWP,WE,Towers with Radar,274,54,71,0,399,0,2,21,2,25,274,56,92,2,424,10,0,10,434
01/15/2022,SJC,CA,AWP,WE,Towers with Radar,189,49,36,0,274,0,2,25,4,31,189,51,61,4,305,0,0,0,305
01/16/2022,SJC,CA,AWP,WE,Towers with Radar,229,39,35,0,303,0,1,31,0,32,229,40,66,0,335,0,0,0,335
01/17/2022,SJC,CA,AWP,WE,Towers with Radar,270,54,77,0,401,0,0,20,5,25,270,54,97,5,426,0,0,0,426
01/18/2022,SJC,CA,AWP,WE,Towers with Radar,233,54,47,0,334,0,0,10,4,14,233,54,57,4,348,0,0,0,348
01/19/2022,SJC,CA,AWP,WE,Towers with Radar,228,55,53,0,336,0,0,15,2,17,228,55,68,2,353,18,0,18,371
01/20/2022,SJC,CA,AWP,WE,Towers with Radar,288,55,64,0,407,0,0,26,4,30,288,55,90,4,437,22,2,24,461
01/21/2022,SJC,CA,AWP,WE,Towers with Radar,264,46,59,0,369,0,1,16,4,21,264,47,75,4,390,0,0,0,390
01/22/2022,SJC,CA,AWP,WE,Towers with Radar,192,35,38,0,265,0,1,16,3,20,192,36,54,3,285,0,0,0,285
01/23/2022,SJC,CA,AWP,WE,Towers with Radar,258,65,79,0,402,0,1,25,4,30,258,66,104,4,432,0,0,0,432
01/24/2022,SJC,CA,AWP,WE,Towers with Radar,264,52,58,0,374,0,0,16,3,19,264,52,74,3,393,20,0,20,413
01/25/2022,SJC,CA,AWP,WE,Towers with Radar,223,52,55,0,330,0,1,11,4,16,223,53,66,4,346,24,0,24,370
01/26/2022,SJC,CA,AWP,WE,Towers with Radar,226,59,64,0,349,0,0,11,5,16,226,59,75,5,365,0,0,0,365
01/27/2022,SJC,CA,AWP,WE,Towers with Radar,272,59,65,0,396,0,0,30,0,30,272,59,95,0,426,16,0,16,442
01/28/2022,SJC,CA,AWP,WE,Towers with Radar,261,44,64,0,369,0,0,39,0,39,261,44,103,0,408,20,0,20,428
01/29/2022,SJC,CA,AWP,WE,Towers with Radar,189,39,42,0,270,0,1,24,0,25,189,40,66,0,295,8,0,8,303
01/30/2022,SJC,CA,AWP,WE,Towers with Radar,255,59,81,0,395,0,1,20,2,23,255,60,101,2,418,10,0,10,428
01/31/2022,SJC,CA,AWP,WE,Towers with Radar,259,43,48,0,350,0,1,9,0,10,259,44,57,0,360,46,0,46,406
02/01/2022,SJC,CA,AWP,WE,Towers with Radar,223,51,37,0,311,0,1,6,6,13,223,52,43,6,324,10,0,10,334
02/02/2022,SJC,CA,AWP,WE,Towers with Radar,219,63,45,2,329,0,0,14,3,17,219,63,59,5,346,6,0,6,352
02/03/2022,SJC,CA,AWP,WE,Towers with Radar,239,71,49,0,359,0,1,30,0,31,239,72,79,0,390,20,0,20,410
02/04/2022,SJC,CA,AWP,WE,Towers with Radar,247,48,60,0,355,0,3,35,0,38,247,51,95,0,393,0,0,0,393
02/05/2022,SJC,CA,AWP,WE,Towers with Radar,188,26,42,0,256,0,0,13,0,13,188,26,55,0,269,0,0,0,269
02/06/2022,SJC,CA,AWP,WE,Towers with Radar,246,66,59,0,371,0,0,23,4,27,246,66,82,4,398,5,0,5,403
02/07/2022,SJC,CA,AWP,WE,Towers with Radar,261,56,75,0,392,0,0,9,0,9,261,56,84,0,401,36,0,36,437
02/08/2022,SJC,CA,AWP,WE,Towers with Radar,228,40,49,0,317,0,1,18,2,21,228,41,67,2,338,26,0,26,364
02/09/2022,SJC,CA,AWP,WE,Towers with Radar,223,62,56,0,341,0,0,25,4,29,223,62,81,4,370,50,0,50,420
02/10/2022,SJC,CA,AWP,WE,Towers with Radar,268,64,56,0,388,0,1,27,4,32,268,65,83,4,420,16,0,16,436
02/11/2022,SJC,CA,AWP,WE,Towers with Radar,264,65,67,0,396,0,1,24,0,25,264,66,91,0,421,30,0,30,451
02/12/2022,SJC,CA,AWP,WE,Towers with Radar,195,51,42,0,288,0,3,22,0,25,195,54,64,0,313,0,0,0,313
02/13/2022,SJC,CA,AWP,WE,Towers with Radar,247,57,51,0,355,0,1,24,6,31,247,58,75,6,386,4,0,4,390
02/14/2022,SJC,CA,AWP,WE,Towers with Radar,259,68,58,0,385,0,0,2,3,5,259,68,60,3,390,0,0,0,390
02/15/2022,SJC,CA,AWP,WE,Towers with Radar,229,44,59,0,332,0,0,12,4,16,229,44,71,4,348,4,0,4,352
02/16/2022,SJC,CA,AWP,WE,Towers with Radar,220,58,51,0,329,0,0,21,4,25,220,58,72,4,354,0,0,0,354
02/17/2022,SJC,CA,AWP,WE,Towers with Radar,266,76,69,0,411,0,0,19,2,21,266,76,88,2,432,10,0,10,442
02/18/2022,SJC,CA,AWP,WE,Towers with Radar,267,94,86,0,447,0,2,26,3,31,267,96,112,3,478,16,0,16,494
02/19/2022,SJC,CA,AWP,WE,Towers with Radar,206,77,60,0,343,0,4,20,2,26,206,81,80,2,369,0,0,0,369
02/20/2022,SJC,CA,AWP,WE,Towers with Radar,252,57,40,0,349,0,1,7,3,11,252,58,47,3,360,0,0,0,360
02/21/2022,SJC,CA,AWP,WE,Towers with Radar,264,52,88,0,404,0,1,11,4,16,264,53,99,4,420,12,0,12,432
02/22/2022,SJC,CA,AWP,WE,Towers with Radar,231,42,66,0,339,0,2,6,5,13,231,44,72,5,352,8,0,8,360
02/23/2022,SJC,CA,AWP,WE,Towers with Radar,223,63,51,0,337,0,8,29,3,40,223,71,80,3,377,8,0,8,385
02/24/2022,SJC,CA,AWP,WE,Towers with Radar,262,60,59,2,383,0,1,16,3,20,262,61,75,5,403,12,0,12,415
02/25/2022,SJC,CA,AWP,WE,Towers with Radar,266,69,73,0,408,0,2,22,4,28,266,71,95,4,436,26,0,26,462
02/26/2022,SJC,CA,AWP,WE,Towers with Radar,207,72,60,0,339,0,2,21,4,27,207,74,81,4,366,26,0,26,392
02/27/2022,SJC,CA,AWP,WE,Towers with Radar,259,83,69,0,411,0,0,12,3,15,259,83,81,3,426,0,0,0,426
02/28/2022,SJC,CA,AWP,WE,Towers with Radar,268,59,82,0,409,0,3,17,4,24,268,62,99,4,433,24,0,24,457
03/01/2022,SJC,CA,AWP,WE,Towers with Radar,234,51,55,0,340,0,1,26,6,33,234,52,81,6,373,18,0,18,391
03/02/2022,SJC,CA,AWP,WE,Towers with Radar,231,76,78,0,385,0,0,22,4,26,231,76,100,4,411,14,0,14,425
03/03/2022,SJC,CA,AWP,WE,Towers with Radar,276,47,72,0,395,0,0,9,5,14,276,47,81,5,409,22,0,22,431
03/04/2022,SJC,CA,AWP,WE,Towers with Radar,261,40,79,0,380,0,3,7,1,11,261,43,86,1,391,0,0,0,391
03/05/2022,SJC,CA,AWP,WE,Towers with Radar,191,35,33,0,259,0,3,10,5,18,191,38,43,5,277,16,0,16,293
03/06/2022,SJC,CA,AWP,WE,Towers with Radar,249,66,64,0,379,0,1,25,4,30,249,67,89,4,409,28,0,28,437
03/07/2022,SJC,CA,AWP,WE,Towers with Radar,266,60,78,0,404,0,2,15,4,21,266,62,93,4,425,0,0,0,425
03/08/2022,SJC,CA,AWP,WE,Towers with Radar,235,60,54,0,349,0,0,13,4,17,235,60,67,4,366,30,0,30,396
03/09/2022,SJC,CA,AWP,WE,Towers with Radar,233,74,62,0,369,0,1,22,4,27,233,75,84,4,396,8,0,8,404
03/10/2022,SJC,CA,AWP,WE,Towers with Radar,283,60,63,0,406,0,1,27,5,33,283,61,90,5,439,42,0,42,481
03/11/2022,SJC,CA,AWP,WE,Towers with Radar,278,51,76,4,409,0,5,22,5,32,278,56,98,9,441,0,0,0,441
03/12/2022,SJC,CA,AWP,WE,Towers with Radar,200,42,48,0,290,0,2,25,3,30,200,44,73,3,320,0,0,0,320
03/13/2022,SJC,CA,AWP,WE,Towers with Radar,251,44,54,0,349,0,0,14,0,14,251,44,68,0,363,0,0,0,363
03/14/2022,SJC,CA,AWP,WE,Towers with Radar,277,67,68,1,413,0,0,19,7,26,277,67,87,8,439,28,0,28,467
03/15/2022,SJC,CA,AWP,WE,Towers with Radar,261,56,63,0,380,0,3,10,4,17,261,59,73,4,397,6,0,6,403
03/16/2022,SJC,CA,AWP,WE,Towers with Radar,262,71,69,0,402,0,0,14,2,16,262,71,83,2,418,0,0,0,418
03/17/2022,SJC,CA,AWP,WE,Towers with Radar,296,60,86,0,442,0,10,19,0,29,296,70,105,0,471,8,0,8,479
03/18/2022,SJC,CA,AWP,WE,Towers with Radar,281,69,71,0,421,0,6,29,3,38,281,75,100,3,459,2,0,2,461
03/19/2022,SJC,CA,AWP,WE,Towers with Radar,206,44,33,0,283,0,0,3,4,7,206,44,36,4,290,0,0,0,290
03/20/2022,SJC,CA,AWP,WE,Towers with Radar,280,54,79,0,413,0,1,34,4,39,280,55,113,4,452,6,0,6,458
03/21/2022,SJC,CA,AWP,WE,Towers with Radar,288,60,63,0,411,0,3,17,3,23,288,63,80,3,434,8,0,8,442
03/22/2022,SJC,CA,AWP,WE,Towers with Radar,269,59,50,0,378,0,4,17,3,24,269,63,67,3,402,36,0,36,438
03/23/2022,SJC,CA,AWP,WE,Towers with Radar,269,69,41,0,379,0,0,11,7,18,269,69,52,7,397,0,0,0,397
03/24/2022,SJC,CA,AWP,WE,Towers with Radar,291,75,50,0,416,0,4,32,3,39,291,79,82,3,455,6,0,6,461
03/25/2022,SJC,CA,AWP,WE,Towers with Radar,288,64,62,0,414,0,4,22,6,32,288,68,84,6,446,16,0,16,462
03/26/2022,SJC,CA,AWP,WE,Towers with Radar,203,55,60,0,318,0,7,22,0,29,203,62,82,0,347,24,0,24,371
03/27/2022,SJC,CA,AWP,WE,Towers with Radar,279,70,63,0,412,0,1,12,2,15,279,71,75,2,427,0,0,0,427
03/28/2022,SJC,CA,AWP,WE,Towers with Radar,285,51,52,0,388,0,0,3,4,7,285,51,55,4,395,12,0,12,407
03/29/2022,SJC,CA,AWP,WE,Towers with Radar,278,38,54,0,370,0,2,13,4,19,278,40,67,4,389,28,0,28,417
03/30/2022,SJC,CA,AWP,WE,Towers with Radar,266,61,72,0,399,0,2,20,7,29,266,63,92,7,428,12,0,12,440
03/31/2022,SJC,CA,AWP,WE,Towers with Radar,295,56,60,0,411,0,1,32,7,40,295,57,92,7,451,34,0,34,485
04/01/2022,SJC,CA,AWP,WE,Towers with Radar,279,58,65,0,402,0,1,19,4,24,279,59,84,4,426,0,0,0,426
04/02/2022,SJC,CA,AWP,WE,Towers with Radar,201,43,42,0,286,0,2,18,3,23,201,45,60,3,309,22,0,22,331
04/03/2022,SJC,CA,AWP,WE,Towers with Radar,291,45,68,0,404,0,2,22,4,28,291,47,90,4,432,8,0,8,440
04/04/2022,SJC,CA,AWP,WE,Towers with Radar,310,53,59,0,422,0,1,15,5,21,310,54,74,5,443,8,0,8,451
04/05/2022,SJC,CA,AWP,WE,Towers with Radar,303,58,53,0,414,0,2,20,4,26,303,60,73,4,440,0,0,0,440
04/06/2022,SJC,CA,AWP,WE,Towers with Radar,304,68,65,0,437,0,3,31,6,40,304,71,96,6,477,44,0,44,521
04/07/2022,SJC,CA,AWP,WE,Towers with Radar,317,63,63,0,443,0,0,30,7,37,317,63,93,7,480,22,0,22,502
04/08/2022,SJC,CA,AWP,WE,Towers with Radar,318,70,82,0,470,0,4,24,4,32,318,74,106,4,502,24,0,24,526
04/09/2022,SJC,CA,AWP,WE,Towers with Radar,225,53,47,0,325,0,4,19,0,23,225,57,66,0,348,32,0,32,380
04/10/2022,SJC,CA,AWP,WE,Towers with Radar,306,56,34,0,396,0,1,21,0,22,306,57,55,0,418,6,0,6,424
04/11/2022,SJC,CA,AWP,WE,Towers with Radar,323,55,56,0,434,0,0,9,0,9,323,55,65,0,443,0,0,0,443
04/12/2022,SJC,CA,AWP,WE,Towers with Radar,308,43,53,0,404,0,1,20,0,21,308,44,73,0,425,12,0,12,437
04/13/2022,SJC,CA,AWP,WE,Towers with Radar,306,60,47,0,413,0,4,18,7,29,306,64,65,7,442,18,0,18,460
04/14/2022,SJC,CA,AWP,WE,Towers with Radar,319,65,75,0,459,0,0,7,4,11,319,65,82,4,470,0,0,0,470
04/15/2022,SJC,CA,AWP,WE,Towers with Radar,314,60,57,0,431,0,2,26,5,33,314,62,83,5,464,62,0,62,526
04/16/2022,SJC,CA,AWP,WE,Towers with Radar,225,50,32,2,309,0,0,11,6,17,225,50,43,8,326,14,0,14,340
04/17/2022,SJC,CA,AWP,WE,Towers with Radar,308,69,77,0,454,0,1,18,3,22,308,70,95,3,476,28,0,28,504
04/18/2022,SJC,CA,AWP,WE,Towers with Radar,313,59,64,0,436,0,0,19,7,26,313,59,83,7,462,0,0,0,462
04/19/2022,SJC,CA,AWP,WE,Towers with Radar,313,66,46,0,425,0,1,15,4,20,313,67,61,4,445,14,0,14,459
04/20/2022,SJC,CA,AWP,WE,Towers with Radar,322,64,63,2,451,0,2,17,10,29,322,66,80,12,480,6,0,6,486
04/21/2022,SJC,CA,AWP,WE,Towers with Radar,323,86,61,0,470,0,0,6,4,10,323,86,67,4,480,4,0,4,484
04/22/2022,SJC,CA,AWP,WE,Towers with Radar,314,68,67,0,449,0,5,11,1,17,314,73,78,1,466,14,0,14,480
04/23/2022,SJC,CA,AWP,WE,Towers with Radar,242,32,57,0,331,0,1,22,5,28,242,33,79,5,359,18,0,18,377
04/24/2022,SJC,CA,AWP,WE,Towers with Radar,311,57,67,0,435,0,0,29,2,31,311,57,96,2,466,0,0,0,466
04/25/2022,SJC,CA,AWP,WE,Towers with Radar,320,55,55,0,430,0,1,19,3,23,320,56,74,3,453,10,0,10,463
04/26/2022,SJC,CA,AWP,WE,Towers with Radar,318,50,56,0,424,0,0,22,7,29,318,50,78,7,453,66,0,66,519
04/27/2022,SJC,CA,AWP,WE,Towers with Radar,320,54,58,0,432,0,2,27,10,39,320,56,85,10,471,64,0,64,535
04/28/2022,SJC,CA,AWP,WE,Towers with Radar,323,56,62,0,441,0,2,15,5,22,323,58,77,5,463,32,0,32,495
04/29/2022,SJC,CA,AWP,WE,Towers with Radar,312,65,56,1,434,0,6,30,6,42,312,71,86,7,476,0,0,0,476
04/30/2022,SJC,CA,AWP,WE,Towers with Radar,238,37,31,0,306,0,3,10,3,16,238,40,41,3,322,0,0,0,322
05/01/2022,SJC,CA,AWP,WE,Towers with Radar,305,62,71,1,439,0,2,20,3,25,305,64,91,4,464,0,0,0,464
05/02/2022,SJC,CA,AWP,WE,Towers with Radar,309,56,62,0,427,0,1,9,5,15,309,57,71,5,442,0,0,0,442
05/03/2022,SJC,CA,AWP,WE,Towers with Radar,308,45,53,0,406,0,1,14,3,18,308,46,67,3,424,16,0,16,440
05/04/2022,SJC,CA,AWP,WE,Towers with Radar,310,63,65,0,438,0,3,17,6,26,310,66,82,6,464,60,0,60,524
05/05/2022,SJC,CA,AWP,WE,Towers with Radar,317,79,71,0,467,0,1,25,5,31,317,80,96,5,498,16,0,16,514
05/06/2022,SJC,CA,AWP,WE,Towers with Radar,308,60,61,0,429,0,2,22,6,30,308,62,83,6,459,12,0,12,471
05/07/2022,SJC,CA,AWP,WE,Towers with Radar,229,31,27,0,287,0,2,9,6,17,229,33,36,6,304,16,0,16,320
05/08/2022,SJC,CA,AWP,WE,Towers with Radar,307,51,44,0,402,0,1,14,5,20,307,52,58,5,422,0,0,0,422
05/09/2022,SJC,CA,AWP,WE,Towers with Radar,317,66,77,0,460,0,1,7,4,12,317,67,84,4,472,0,0,0,472
05/10/2022,SJC,CA,AWP,WE,Towers with Radar,304,64,68,0,436,0,1,16,5,22,304,65,84,5,458,0,0,0,458
05/11/2022,SJC,CA,AWP,WE,Towers with Radar,308,63,75,2,448,0,0,24,6,30,308,63,99,8,478,4,0,4,482
05/12/2022,SJC,CA,AWP,WE,Towers with Radar,303,64,61,0,428,14,5,31,3,53,317,69,92,3,481,10,0,10,491
05/13/2022,SJC,CA,AWP,WE,Towers with Radar,309,50,64,0,423,0,1,28,8,37,309,51,92,8,460,20,0,20,480
05/14/2022,SJC,CA,AWP,WE,Towers with Radar,237,36,50,0,323,0,2,19,4,25,237,38,69,4,348,0,0,0,348
05/15/2022,SJC,CA,AWP,WE,Towers with Radar,318,65,81,0,464,0,0,17,4,21,318,65,98,4,485,2,0,2,487
05/16/2022,SJC,CA,AWP,WE,Towers with Radar,317,53,70,2,442,0,0,13,1,14,317,53,83,3,456,16,0,16,472
05/17/2022,SJC,CA,AWP,WE,Towers with Radar,311,73,63,0,447,0,2,21,3,26,311,75,84,3,473,0,0,0,473
05/18/2022,SJC,CA,AWP,WE,Towers with Radar,305,58,66,0,429,0,0,20,8,28,305,58,86,8,457,12,0,12,469
05/19/2022,SJC,CA,AWP,WE,Towers with Radar,324,73,70,2,469,0,2,21,0,23,324,75,91,2,492,4,0,4,496
05/20/2022,SJC,CA,AWP,WE,Towers with Radar,313,69,65,0,447,0,1,32,3,36,313,70,97,3,483,0,0,0,483
05/21/2022,SJC,CA,AWP,WE,Towers with Radar,236,43,37,0,316,0,0,33,3,36,236,43,70,3,352,6,0,6,358
05/22/2022,SJC,CA,AWP,WE,Towers with Radar,316,54,63,2,435,0,2,22,3,27,316,56,85,5,462,22,0,22,484
05/23/2022,SJC,CA,AWP,WE,Towers with Radar,326,61,40,0,427,0,0,18,3,21,326,61,58,3,448,10,0,10,458
05/24/2022,SJC,CA,AWP,WE,Towers with Radar,310,73,61,0,444,0,0,18,4,22,310,73,79,4,466,28,0,28,494
05/25/2022,SJC,CA,AWP,WE,Towers with Radar,316,77,70,0,463,0,1,27,3,31,316,78,97,3,494,42,0,42,536
05/26/2022,SJC,CA,AWP,WE,Towers with Radar,323,78,64,0,465,0,1,35,6,42,323,79,99,6,507,20,0,20,527
05/27/2022,SJC,CA,AWP,WE,Towers with Radar,320,60,73,0,453,0,0,34,3,37,320,60,107,3,490,32,0,32,522
05/28/2022,SJC,CA,AWP,WE,Towers with Radar,238,30,40,0,308,0,3,16,4,23,238,33,56,4,331,38,0,38,369
05/29/2022,SJC,CA,AWP,WE,Towers with Radar,307,26,34,0,367,0,0,8,0,8,307,26,42,0,375,0,0,0,375
05/30/2022,SJC,CA,AWP,WE,Towers with Radar,319,58,69,0,446,0,0,32,3,35,319,58,101,3,481,26,0,26,507
05/31/2022,SJC,CA,AWP,WE,Towers with Radar,309,66,72,0,447,0,1,29,5,35,309,67,101,5,482,10,0,10,492
06/01/2022,SJC,CA,AWP,WE,Towers with Radar,302,68,60,0,430,0,6,21,3,30,302,74,81,3,460,42,0,42,502
06/02/2022,SJC,CA,AWP,WE,Towers with Radar,321,69,75,0,465,0,3,25,1,29,321,72,100,1,494,0,0,0,494
06/03/2022,SJC,CA,AWP,WE,Towers with Radar,308,56,51,0,415,0,0,21,4,25,308,56,72,4,440,26,0,26,466
06/04/2022,SJC,CA,AWP,WE,Towers with Radar,224,39,38,0,301,0,5,17,0,22,224,44,55,0,323,0,0,0,323
06/05/2022,SJC,CA,AWP,WE,Towers with Radar,355,54,66,3,478,0,0,11,3,14,355,54,77,6,492,0,0,0,492
06/06/2022,SJC,CA,AWP,WE,Towers with Radar,356,53,63,1,473,0,2,19,3,24,356,55,82,4,497,22,0,22,519
06/07/2022,SJC,CA,AWP,WE,Towers with Radar,350,69,48,0,467,0,1,16,2,19,350,70,64,2,486,0,0,0,486
06/08/2022,SJC,CA,AWP,WE,Towers with Radar,352,78,60,0,490,0,0,26,4,30,352,78,86,4,520,28,0,28,548
06/09/2022,SJC,CA,AWP,WE,Towers with Radar,357,82,66,0,505,0,0,25,4,29,357,82,91,4,534,12,0,12,546
06/10/2022,SJC,CA,AWP,WE,Towers with Radar,356,85,77,2,520,0,4,28,2,34,356,89,105,4,554,22,0,22,576
06/11/2022,SJC,CA,AWP,WE,Towers with Radar,249,42,51,0,342,0,0,20,2,22,249,42,71,2,364,42,0,42,406
06/12/2022,SJC,CA,AWP,WE,Towers with Radar,351,79,84,0,514,0,1,15,2,18,351,80,99,2,532,26,0,26,558
06/13/2022,SJC,CA,AWP,WE,Towers with Radar,362,70,49,0,481,0,0,26,1,27,362,70,75,1,508,4,0,4,512
06/14/2022,SJC,CA,AWP,WE,Towers with Radar,341,62,53,0,456,3,1,20,5,29,344,63,73,5,485,4,0,4,489
06/15/2022,SJC,CA,AWP,WE,Towers with Radar,348,66,59,0,473,0,0,23,2,25,348,66,82,2,498,24,0,24,522
06/16/2022,SJC,CA,AWP,WE,Towers with Radar,352,61,46,0,459,0,0,24,2,26,352,61,70,2,485,0,0,0,485
06/17/2022,SJC,CA,AWP,WE,Towers with Radar,346,58,56,1,461,0,2,17,3,22,346,60,73,4,483,0,0,0,483
06/18/2022,SJC,CA,AWP,WE,Towers with Radar,240,34,44,0,318,0,1,26,4,31,240,35,70,4,349,14,0,14,363
06/19/2022,SJC,CA,AWP,WE,Towers with Radar,345,58,73,2,478,0,1,33,3,37,345,59,106,5,515,0,0,0,515
06/20/2022,SJC,CA,AWP,WE,Towers with Radar,357,61,67,0,485,0,1,21,2,24,357,62,88,2,509,0,0,0,509
06/21/2022,SJC,CA,AWP,WE,Towers with Radar,350,65,68,0,483,0,0,17,2,19,350,65,85,2,502,0,0,0,502
06/22/2022,SJC,CA,AWP,WE,Towers with Radar,350,63,63,0,476,0,0,25,0,25,350,63,88,0,501,26,0,26,527
06/23/2022,SJC,CA,AWP,WE,Towers with Radar,360,72,65,0,497,0,0,26,9,35,360,72,91,9,532,26,2,28,560
06/24/2022,SJC,CA,AWP,WE,Towers with Radar,354,55,71,0,480,0,0,35,4,39,354,55,106,4,519,26,0,26,545
06/25/2022,SJC,CA,AWP,WE,Towers with Radar,238,45,37,0,320,0,1,21,4,26,238,46,58,4,346,8,0,8,354
06/26/2022,SJC,CA,AWP,WE,Towers with Radar,345,56,49,0,450,0,0,22,3,25,345,56,71,3,475,20,0,20,495
06/27/2022,SJC,CA,AWP,WE,Towers with Radar,353,58,62,0,473,0,2,16,1,19,353,60,78,1,492,0,0,0,492
06/28/2022,SJC,CA,AWP,WE,Towers with Radar,338,57,54,0,449,0,0,22,2,24,338,57,76,2,473,0,0,0,473
06/29/2022,SJC,CA,AWP,WE,Towers with Radar,359,63,61,0,483,0,0,20,4,24,359,63,81,4,507,0,0,0,507
06/30/2022,SJC,CA,AWP,WE,Towers with Radar,358,82,75,0,515,0,0,24,2,26,358,82,99,2,541,14,0,14,555
07/01/2022,SJC,CA,AWP,WE,Towers with Radar,353,64,59,0,476,0,1,18,5,24,353,65,77,5,500,6,0,6,506
07/02/2022,SJC,CA,AWP,WE,Towers with Radar,236,55,56,0,347,0,0,18,4,22,236,55,74,4,369,18,0,18,387
07/03/2022,SJC,CA,AWP,WE,Towers with Radar,318,26,35,1,380,0,0,17,3,20,318,26,52,4,400,16,0,16,416
07/04/2022,SJC,CA,AWP,WE,Towers with Radar,337,22,28,0,387,0,1,19,1,21,337,23,47,1,408,20,0,20,428
07/05/2022,SJC,CA,AWP,WE,Towers with Radar,349,53,63,0,465,0,1,24,0,25,349,54,87,0,490,22,0,22,512
07/06/2022,SJC,CA,AWP,WE,Towers with Radar,343,59,36,0,438,0,1,17,1,19,343,60,53,1,457,50,0,50,507
07/07/2022,SJC,CA,AWP,WE,Towers with Radar,361,52,32,0,445,0,1,10,0,11,361,53,42,0,456,2,0,2,458
07/08/2022,SJC,CA,AWP,WE,Towers with Radar,355,48,53,0,456,0,8,20,0,28,355,56,73,0,484,8,0,8,492
07/09/2022,SJC,CA,AWP,WE,Towers with Radar,240,34,42,0,316,0,0,19,0,19,240,34,61,0,335,16,0,16,351
07/10/2022,SJC,CA,AWP,WE,Towers with Radar,347,60,65,0,472,0,3,25,0,28,347,63,90,0,500,40,0,40,540
07/11/2022,SJC,CA,AWP,WE,Towers with Radar,359,66,60,1,486,0,4,22,0,26,359,70,82,1,512,30,0,30,542
07/12/2022,SJC,CA,AWP,WE,Towers with Radar,347,84,64,0,495,0,2,16,0,18,347,86,80,0,513,22,0,22,535
07/13/2022,SJC,CA,AWP,WE,Towers with Radar,348,72,52,1,473,0,0,30,0,30,348,72,82,1,503,12,0,12,515
07/14/2022,SJC,CA,AWP,WE,Towers with Radar,355,78,70,0,503,0,1,29,0,30,355,79,99,0,533,4,0,4,537
07/15/2022,SJC,CA,AWP,WE,Towers with Radar,354,70,55,0,479,0,1,32,0,33,354,71,87,0,512,12,0,12,524
07/16/2022,SJC,CA,AWP,WE,Towers with Radar,242,40,45,0,327,0,2,34,0,36,242,42,79,0,363,42,0,42,405
07/17/2022,SJC,CA,AWP,WE,Towers with Radar,347,68,56,0,471,0,1,25,0,26,347,69,81,0,497,18,0,18,515
07/18/2022,SJC,CA,AWP,WE,Towers with Radar,357,55,44,0,456,0,4,11,0,15,357,59,55,0,471,6,0,6,477
07/19/2022,SJC,CA,AWP,WE,Towers with Radar,354,71,49,0,474,0,0,16,0,16,354,71,65,0,490,0,0,0,490
07/20/2022,SJC,CA,AWP,WE,Towers with Radar,355,70,56,0,481,0,3,23,1,27,355,73,79,1,508,12,0,12,520
07/21/2022,SJC,CA,AWP,WE,Towers with Radar,369,73,70,0,512,0,1,21,0,22,369,74,91,0,534,0,0,0,534
07/22/2022,SJC,CA,AWP,WE,Towers with Radar,367,59,64,0,490,0,0,26,0,26,367,59,90,0,516,0,0,0,516
07/23/2022,SJC,CA,AWP,WE,Towers with Radar,235,27,46,0,308,0,2,20,0,22,235,29,66,0,330,36,0,36,366
07/24/2022,SJC,CA,AWP,WE,Towers with Radar,340,64,81,0,485,0,0,24,0,24,340,64,105,0,509,22,0,22,531
07/25/2022,SJC,CA,AWP,WE,Towers with Radar,353,68,61,0,482,0,0,14,0,14,353,68,75,0,496,20,0,20,516
07/26/2022,SJC,CA,AWP,WE,Towers with Radar,350,62,55,0,467,0,1,16,0,17,350,63,71,0,484,0,0,0,484
07/27/2022,SJC,CA,AWP,WE,Towers with Radar,353,51,63,0,467,0,0,26,0,26,353,51,89,0,493,14,0,14,507
07/28/2022,SJC,CA,AWP,WE,Towers with Radar,353,72,72,0,497,0,1,26,0,27,353,73,98,0,524,40,0,40,564
07/29/2022,SJC,CA,AWP,WE,Towers with Radar,354,80,67,0,501,0,0,24,0,24,354,80,91,0,525,4,0,4,529
07/30/2022,SJC,CA,AWP,WE,Towers with Radar,239,32,31,0,302,0,1,14,0,15,239,33,45,0,317,22,0,22,339
07/31/2022,SJC,CA,AWP,WE,Towers with Radar,342,50,42,0,434,0,1,18,0,19,342,51,60,0,453,0,0,0,453
08/01/2022,SJC,CA,AWP,WE,Towers with Radar,360,53,46,0,459,0,0,17,0,17,360,53,63,0,476,8,0,8,484
08/02/2022,SJC,CA,AWP,WE,Towers with Radar,351,60,39,0,450,0,0,17,0,17,351,60,56,0,467,8,0,8,475
08/03/2022,SJC,CA,AWP,WE,Towers with Radar,346,57,60,0,463,0,1,28,0,29,346,58,88,0,492,54,0,54,546
08/04/2022,SJC,CA,AWP,WE,Towers with Radar,350,68,57,0,475,0,1,24,1,26,350,69,81,1,501,0,0,0,501
08/05/2022,SJC,CA,AWP,WE,Towers with Radar,356,70,48,0,474,0,5,23,2,30,356,75,71,2,504,14,0,14,518
08/06/2022,SJC,CA,AWP,WE,Towers with Radar,240,43,48,0,331,0,2,19,4,25,240,45,67,4,356,0,0,0,356
08/07/2022,SJC,CA,AWP,WE,Towers with Radar,345,45,62,0,452,0,0,27,3,30,345,45,89,3,482,38,0,38,520
08/08/2022,SJC,CA,AWP,WE,Towers with Radar,354,57,53,0,464,0,1,25,3,29,354,58,78,3,493,8,0,8,501
08/09/2022,SJC,CA,AWP,WE,Towers with Radar,334,61,47,0,442,0,5,35,3,43,334,66,82,3,485,18,0,18,503
08/10/2022,SJC,CA,AWP,WE,Towers with Radar,340,69,54,0,463,0,0,27,5,32,340,69,81,5,495,36,0,36,531
08/11/2022,SJC,CA,AWP,WE,Towers with Radar,371,68,66,0,505,0,0,24,6,30,371,68,90,6,535,0,0,0,535
08/12/2022,SJC,CA,AWP,WE,Towers with Radar,358,65,47,0,470,0,0,29,4,33,358,65,76,4,503,0,0,0,503
08/13/2022,SJC,CA,AWP,WE,Towers with Radar,241,35,38,0,314,0,0,25,3,28,241,35,63,3,342,18,0,18,360
08/14/2022,SJC,CA,AWP,WE,Towers with Radar,331,63,53,0,447,0,3,21,4,28,331,66,74,4,475,2,0,2,477
08/15/2022,SJC,CA,AWP,WE,Towers with Radar,361,75,60,0,496,0,0,27,4,31,361,75,87,4,527,38,0,38,565
08/16/2022,SJC,CA,AWP,WE,Towers with Radar,349,80,60,1,490,1,1,27,3,32,350,81,87,4,522,20,0,20,542
08/17/2022,SJC,CA,AWP,WE,Towers with Radar,350,66,66,1,483,0,0,15,4,19,350,66,81,5,502,2,0,2,504
08/18/2022,SJC,CA,AWP,WE,Towers with Radar,358,76,79,0,513,0,1,25,2,28,358,77,104,2,541,16,0,16,557
08/19/2022,SJC,CA,AWP,WE,Towers with Radar,360,58,53,1,472,0,1,29,6,36,360,59,82,7,508,18,0,18,526
08/20/2022,SJC,CA,AWP,WE,Towers with Radar,240,42,51,0,333,0,6,23,6,35,240,48,74,6,368,0,0,0,368
08/21/2022,SJC,CA,AWP,WE,Towers with Radar,336,57,58,1,452,0,2,41,3,46,336,59,99,4,498,8,0,8,506
08/22/2022,SJC,CA,AWP,WE,Towers with Radar,357,82,54,2,495,0,1,20,4,25,357,83,74,6,520,8,0,8,528
08/23/2022,SJC,CA,AWP,WE,Towers with Radar,343,83,53,0,479,0,3,18,4,25,343,86,71,4,504,52,0,52,556
08/24/2022,SJC,CA,AWP,WE,Towers with Radar,345,78,56,0,479,0,3,23,4,30,345,81,79,4,509,16,0,16,525
08/25/2022,SJC,CA,AWP,WE,Towers with Radar,366,73,70,0,509,0,2,22,3,27,366,75,92,3,536,18,0,18,554
08/26/2022,SJC,CA,AWP,WE,Towers with Radar,359,66,52,0,477,0,0,29,3,32,359,66,81,3,509,20,0,20,529
08/27/2022,SJC,CA,AWP,WE,Towers with Radar,237,25,44,1,307,0,0,21,3,24,237,25,65,4,331,10,0,10,341
08/28/2022,SJC,CA,AWP,WE,Towers with Radar,345,59,60,0,464,0,0,29,4,33,345,59,89,4,497,60,0,60,557
08/29/2022,SJC,CA,AWP,WE,Towers with Radar,363,53,46,0,462,0,0,16,4,20,363,53,62,4,482,0,0,0,482
08/30/2022,SJC,CA,AWP,WE,Towers with Radar,342,62,34,0,438,0,2,26,2,30,342,64,60,2,468,10,0,10,478
08/31/2022,SJC,CA,AWP,WE,Towers with Radar,350,82,56,0,488,0,0,23,0,23,350,82,79,0,511,28,0,28,539
09/01/2022,SJC,CA,AWP,WE,Towers with Radar,365,76,55,0,496,0,0,37,2,39,365,76,92,2,535,14,0,14,549
09/02/2022,SJC,CA,AWP,WE,Towers with Radar,358,66,67,0,491,0,2,29,3,34,358,68,96,3,525,42,0,42,567
09/03/2022,SJC,CA,AWP,WE,Towers with Radar,238,40,40,1,319,0,0,25,3,28,238,40,65,4,347,18,0,18,365
09/04/2022,SJC,CA,AWP,WE,Towers with Radar,283,34,39,0,356,0,2,13,4,19,283,36,52,4,375,4,0,4,379
09/05/2022,SJC,CA,AWP,WE,Towers with Radar,353,70,60,0,483,0,2,31,4,37,353,72,91,4,520,22,0,22,542
09/06/2022,SJC,CA,AWP,WE,Towers with Radar,324,72,55,0,451,0,2,14,8,24,324,74,69,8,475,0,0,0,475
09/07/2022,SJC,CA,AWP,WE,Towers with Radar,321,71,63,0,455,0,4,15,3,22,321,75,78,3,477,0,0,0,477
09/08/2022,SJC,CA,AWP,WE,Towers with Radar,368,83,63,1,515,0,2,22,7,31,368,85,85,8,546,24,0,24,570
09/09/2022,SJC,CA,AWP,WE,Towers with Radar,363,60,54,0,477,0,0,27,0,27,363,60,81,0,504,2,0,2,506
09/10/2022,SJC,CA,AWP,WE,Towers with Radar,253,50,55,1,359,0,1,20,4,25,253,51,75,5,384,18,0,18,402
09/11/2022,SJC,CA,AWP,WE,Towers with Radar,310,61,73,0,444,0,4,29,4,37,310,65,102,4,481,14,0,14,495
09/12/2022,SJC,CA,AWP,WE,Towers with Radar,362,58,55,1,476,0,2,20,4,26,362,60,75,5,502,36,0,36,538
09/13/2022,SJC,CA,AWP,WE,Towers with Radar,330,67,44,0,441,0,0,19,8,27,330,67,63,8,468,26,0,26,494
09/14/2022,SJC,CA,AWP,WE,Towers with Radar,337,74,55,0,466,0,0,19,2,21,337,74,74,2,487,0,0,0,487
09/15/2022,SJC,CA,AWP,WE,Towers with Radar,384,64,47,0,495,0,3,15,4,22,384,67,62,4,517,10,0,10,527
09/16/2022,SJC,CA,AWP,WE,Towers with Radar,366,57,63,0,486,0,1,23,3,27,366,58,86,3,513,48,0,48,561
09/17/2022,SJC,CA,AWP,WE,Towers with Radar,264,34,53,1,352,0,1,29,4,34,264,35,82,5,386,0,0,0,386
09/18/2022,SJC,CA,AWP,WE,Towers with Radar,331,75,77,0,483,0,0,2,8,10,331,75,79,8,493,0,0,0,493
09/19/2022,SJC,CA,AWP,WE,Towers with Radar,369,69,59,0,497,0,0,7,2,9,369,69,66,2,506,4,0,4,510
09/20/2022,SJC,CA,AWP,WE,Towers with Radar,338,72,45,1,456,0,0,15,3,18,338,72,60,4,474,16,0,16,490
09/21/2022,SJC,CA,AWP,WE,Towers with Radar,338,78,38,0,454,0,0,17,5,22,338,78,55,5,476,44,0,44,520
09/22/2022,SJC,CA,AWP,WE,Towers with Radar,377,87,55,1,520,0,1,30,9,40,377,88,85,10,560,18,0,18,578
09/23/2022,SJC,CA,AWP,WE,Towers with Radar,369,42,51,2,464,0,1,30,4,35,369,43,81,6,499,38,0,38,537
09/24/2022,SJC,CA,AWP,WE,Towers with Radar,261,46,43,0,350,0,2,32,2,36,261,48,75,2,386,34,0,34,420
09/25/2022,SJC,CA,AWP,WE,Towers with Radar,315,55,55,1,426,0,3,29,3,35,315,58,84,4,461,8,0,8,469
09/26/2022,SJC,CA,AWP,WE,Towers with Radar,369,63,58,1,491,0,0,15,0,15,369,63,73,1,506,26,0,26,532
09/27/2022,SJC,CA,AWP,WE,Towers with Radar,337,58,33,0,428,0,1,14,2,17,337,59,47,2,445,32,0,32,477
09/28/2022,SJC,CA,AWP,WE,Towers with Radar,334,78,43,0,455,0,1,17,2,20,334,79,60,2,475,30,0,30,505
09/29/2022,SJC,CA,AWP,WE,Towers with Radar,375,86,63,0,524,0,6,27,4,37,375,92,90,4,561,22,0,22,583
09/30/2022,SJC,CA,AWP,WE,Towers with Radar,376,94,58,1,529,0,1,28,4,33,376,95,86,5,562,4,0,4,566
10/01/2022,SJC,CA,AWP,WE,Towers with Radar,258,56,42,0,356,0,1,10,0,11,258,57,52,0,367,14,0,14,381
10/02/2022,SJC,CA,AWP,WE,Towers with Radar,313,67,57,1,438,0,0,28,2,30,313,67,85,3,468,0,0,0,468
10/03/2022,SJC,CA,AWP,WE,Towers with Radar,367,93,101,0,561,0,0,37,4,41,367,93,138,4,602,0,0,0,602
10/04/2022,SJC,CA,AWP,WE,Towers with Radar,339,83,84,1,507,0,4,17,0,21,339,87,101,1,528,10,0,10,538
10/05/2022,SJC,CA,AWP,WE,Towers with Radar,340,84,67,0,491,0,3,21,4,28,340,87,88,4,519,36,0,36,555
10/06/2022,SJC,CA,AWP,WE,Towers with Radar,359,75,65,0,499,0,2,20,4,26,359,77,85,4,525,2,0,2,527
10/07/2022,SJC,CA,AWP,WE,Towers with Radar,359,52,74,0,485,0,0,37,5,42,359,52,111,5,527,36,0,36,563
10/08/2022,SJC,CA,AWP,WE,Towers with Radar,244,41,49,0,334,0,2,22,5,29,244,43,71,5,363,0,0,0,363
10/09/2022,SJC,CA,AWP,WE,Towers with Radar,293,60,73,0,426,0,1,20,2,23,293,61,93,2,449,0,0,0,449
10/10/2022,SJC,CA,AWP,WE,Towers with Radar,358,70,63,0,491,0,1,13,4,18,358,71,76,4,509,0,0,0,509
10/11/2022,SJC,CA,AWP,WE,Towers with Radar,345,60,63,0,468,0,1,14,4,19,345,61,77,4,487,8,0,8,495
10/12/2022,SJC,CA,AWP,WE,Towers with Radar,357,87,65,0,509,0,0,16,4,20,357,87,81,4,529,6,0,6,535
10/13/2022,SJC,CA,AWP,WE,Towers with Radar,360,81,63,0,504,0,0,30,3,33,360,81,93,3,537,24,0,24,561
10/14/2022,SJC,CA,AWP,WE,Towers with Radar,360,69,53,0,482,0,0,22,0,22,360,69,75,0,504,0,0,0,504
10/15/2022,SJC,CA,AWP,WE,Towers with Radar,241,38,46,0,325,0,3,17,0,20,241,41,63,0,345,100,0,100,445
10/16/2022,SJC,CA,AWP,WE,Towers with Radar,294,76,70,0,440,0,1,11,0,12,294,77,81,0,452,4,0,4,456
10/17/2022,SJC,CA,AWP,WE,Towers with Radar,354,67,53,0,474,0,2,31,0,33,354,69,84,0,507,10,0,10,517
10/18/2022,SJC,CA,AWP,WE,Towers with Radar,344,72,52,0,468,0,2,24,0,26,344,74,76,0,494,0,0,0,494
10/19/2022,SJC,CA,AWP,WE,Towers with Radar,345,70,45,0,460,0,1,36,0,37,345,71,81,0,497,54,0,54,551
10/20/2022,SJC,CA,AWP,WE,Towers with Radar,355,80,57,0,492,0,1,28,0,29,355,81,85,0,521,26,0,26,547
10/21/2022,SJC,CA,AWP,WE,Towers with Radar,346,76,55,0,477,1,0,34,0,35,347,76,89,0,512,46,0,46,558
10/22/2022,SJC,CA,AWP,WE,Towers with Radar,237,43,41,0,321,0,0,15,2,17,237,43,56,2,338,0,0,0,338
10/23/2022,SJC,CA,AWP,WE,Towers with Radar,295,87,81,0,463,0,0,29,0,29,295,87,110,0,492,6,0,6,498
10/24/2022,SJC,CA,AWP,WE,Towers with Radar,353,76,60,0,489,0,0,25,0,25,353,76,85,0,514,12,0,12,526
10/25/2022,SJC,CA,AWP,WE,Towers with Radar,338,74,46,0,458,0,4,18,0,22,338,78,64,0,480,0,0,0,480
10/26/2022,SJC,CA,AWP,WE,Towers with Radar,348,79,45,4,476,0,2,22,2,26,348,81,67,6,502,10,0,10,512
10/27/2022,SJC,CA,AWP,WE,Towers with Radar,353,76,68,2,499,0,0,26,0,26,353,76,94,2,525,40,0,40,565
10/28/2022,SJC,CA,AWP,WE,Towers with Radar,343,59,63,0,465,0,2,30,0,32,343,61,93,0,497,22,0,22,519
10/29/2022,SJC,CA,AWP,WE,Towers with Radar,241,40,19,0,300,0,2,19,0,21,241,42,38,0,321,0,0,0,321
10/30/2022,SJC,CA,AWP,WE,Towers with Radar,295,60,58,0,413,0,0,17,0,17,295,60,75,0,430,20,0,20,450
10/31/2022,SJC,CA,AWP,WE,Towers with Radar,341,57,35,0,433,0,1,13,0,14,341,58,48,0,447,0,0,0,447
11/01/2022,SJC,CA,AWP,WE,Towers with Radar,347,73,54,0,474,0,0,7,2,9,347,73,61,2,483,0,0,0,483
11/02/2022,SJC,CA,AWP,WE,Towers with Radar,349,85,73,0,507,0,0,18,0,18,349,85,91,0,525,0,0,0,525
11/03/2022,SJC,CA,AWP,WE,Towers with Radar,357,91,54,0,502,0,6,29,0,35,357,97,83,0,537,0,0,0,537
11/04/2022,SJC,CA,AWP,WE,Towers with Radar,352,80,46,0,478,0,0,16,2,18,352,80,62,2,496,12,0,12,508
11/05/2022,SJC,CA,AWP,WE,Towers with Radar,254,34,44,0,332,0,0,6,1,7,254,34,50,1,339,0,0,0,339
11/06/2022,SJC,CA,AWP,WE,Towers with Radar,335,58,51,0,444,0,1,22,2,25,335,59,73,2,469,34,0,34,503
11/07/2022,SJC,CA,AWP,WE,Towers with Radar,339,74,46,0,459,0,4,7,6,17,339,78,53,6,476,0,0,0,476
11/08/2022,SJC,CA,AWP,WE,Towers with Radar,310,51,48,0,409,0,0,4,2,6,310,51,52,2,415,0,0,0,415
11/09/2022,SJC,CA,AWP,WE,Towers with Radar,332,61,45,0,438,0,0,22,2,24,332,61,67,2,462,16,0,16,478
11/10/2022,SJC,CA,AWP,WE,Towers with Radar,348,82,67,0,497,0,5,40,4,49,348,87,107,4,546,30,0,30,576
11/11/2022,SJC,CA,AWP,WE,Towers with Radar,338,59,65,0,462,0,0,34,4,38,338,59,99,4,500,0,0,0,500
11/12/2022,SJC,CA,AWP,WE,Towers with Radar,254,39,34,2,329,0,2,26,5,33,254,41,60,7,362,16,0,16,378
11/13/2022,SJC,CA,AWP,WE,Towers with Radar,342,66,68,0,476,0,1,40,2,43,342,67,108,2,519,14,0,14,533
11/14/2022,SJC,CA,AWP,WE,Towers with Radar,348,77,57,0,482,0,2,16,6,24,348,79,73,6,506,40,0,40,546
11/15/2022,SJC,CA,AWP,WE,Towers with Radar,322,91,56,0,469,0,2,22,3,27,322,93,78,3,496,36,0,36,532
11/16/2022,SJC,CA,AWP,WE,Towers with Radar,325,80,60,0,465,0,0,27,4,31,325,80,87,4,496,30,0,30,526
11/17/2022,SJC,CA,AWP,WE,Towers with Radar,346,79,66,0,491,0,4,21,4,29,346,83,87,4,520,12,0,12,532
11/18/2022,SJC,CA,AWP,WE,Towers with Radar,346,83,86,0,515,0,4,37,2,43,346,87,123,2,558,30,0,30,588
11/19/2022,SJC,CA,AWP,WE,Towers with Radar,272,58,35,0,365,0,2,25,0,27,272,60,60,0,392,0,0,0,392
11/20/2022,SJC,CA,AWP,WE,Towers with Radar,353,52,48,0,453,0,1,31,3,35,353,53,79,3,488,24,0,24,512
11/21/2022,SJC,CA,AWP,WE,Towers with Radar,360,49,40,3,452,0,4,17,4,25,360,53,57,7,477,14,0,14,491
11/22/2022,SJC,CA,AWP,WE,Towers with Radar,337,48,61,0,446,0,1,31,5,37,337,49,92,5,483,20,12,32,515
11/23/2022,SJC,CA,AWP,WE,Towers with Radar,340,40,35,0,415,0,0,20,2,22,340,40,55,2,437,20,0,20,457
11/24/2022,SJC,CA,AWP,WE,Towers with Radar,251,23,10,0,284,0,0,8,0,8,251,23,18,0,292,2,0,2,294
11/25/2022,SJC,CA,AWP,WE,Towers with Radar,332,34,27,2,395,0,0,16,2,18,332,34,43,4,413,0,0,0,413
11/26/2022,SJC,CA,AWP,WE,Towers with Radar,274,52,51,0,377,0,0,25,0,25,274,52,76,0,402,0,0,0,402
11/27/2022,SJC,CA,AWP,WE,Towers with Radar,340,88,94,0,522,0,2,20,0,22,340,90,114,0,544,6,0,6,550
11/28/2022,SJC,CA,AWP,WE,Towers with Radar,337,96,58,0,491,0,0,14,4,18,337,96,72,4,509,0,0,0,509
11/29/2022,SJC,CA,AWP,WE,Towers with Radar,338,57,58,0,453,0,0,22,3,25,338,57,80,3,478,14,0,14,492
11/30/2022,SJC,CA,AWP,WE,Towers with Radar,294,78,65,0,437,0,2,29,7,38,294,80,94,7,475,2,0,2,477
12/01/2022,SJC,CA,AWP,WE,Towers with Radar,317,73,39,0,429,0,0,3,1,4,317,73,42,1,433,0,0,0,433
12/02/2022,SJC,CA,AWP,WE,Towers with Radar,316,61,53,3,433,0,3,24,4,31,316,64,77,7,464,0,0,0,464
12/03/2022,SJC,CA,AWP,WE,Towers with Radar,246,41,42,0,329,0,0,0,0,0,246,41,42,0,329,0,0,0,329
12/04/2022,SJC,CA,AWP,WE,Towers with Radar,336,44,56,2,438,0,1,16,2,19,336,45,72,4,457,0,0,0,457
12/05/2022,SJC,CA,AWP,WE,Towers with Radar,335,66,59,0,460,0,0,9,0,9,335,66,68,0,469,14,0,14,483
12/06/2022,SJC,CA,AWP,WE,Towers with Radar,312,78,55,0,445,0,1,26,0,27,312,79,81,0,472,0,0,0,472
12/07/2022,SJC,CA,AWP,WE,Towers with Radar,314,74,55,0,443,0,0,18,6,24,314,74,73,6,467,0,0,0,467
12/08/2022,SJC,CA,AWP,WE,Towers with Radar,337,85,62,4,488,0,0,16,0,16,337,85,78,4,504,0,0,0,504
12/09/2022,SJC,CA,AWP,WE,Towers with Radar,330,67,74,0,471,0,0,8,0,8,330,67,82,0,479,6,0,6,485
12/10/2022,SJC,CA,AWP,WE,Towers with Radar,243,36,24,0,303,0,0,0,0,0,243,36,24,0,303,0,0,0,303
12/11/2022,SJC,CA,AWP,WE,Towers with Radar,333,77,62,0,472,0,0,11,2,13,333,77,73,2,485,0,0,0,485
12/12/2022,SJC,CA,AWP,WE,Towers with Radar,337,62,54,0,453,0,0,12,0,12,337,62,66,0,465,28,0,28,493
12/13/2022,SJC,CA,AWP,WE,Towers with Radar,304,61,51,0,416,0,1,17,0,18,304,62,68,0,434,12,0,12,446
12/14/2022,SJC,CA,AWP,WE,Towers with Radar,312,78,41,0,431,0,1,27,1,29,312,79,68,1,460,10,0,10,470
12/15/2022,SJC,CA,AWP,WE,Towers with Radar,335,73,51,2,461,0,0,30,0,30,335,73,81,2,491,20,0,20,511
12/16/2022,SJC,CA,AWP,WE,Towers with Radar,348,90,58,1,497,0,0,17,0,17,348,90,75,1,514,0,0,0,514
12/17/2022,SJC,CA,AWP,WE,Towers with Radar,251,41,49,0,341,0,0,28,0,28,251,41,77,0,369,16,0,16,385
12/18/2022,SJC,CA,AWP,WE,Towers with Radar,342,45,41,0,428,0,0,28,0,28,342,45,69,0,456,0,0,0,456
12/19/2022,SJC,CA,AWP,WE,Towers with Radar,339,74,36,2,451,0,0,14,0,14,339,74,50,2,465,10,0,10,475
12/20/2022,SJC,CA,AWP,WE,Towers with Radar,333,56,43,0,432,0,0,23,0,23,333,56,66,0,455,0,0,0,455
12/21/2022,SJC,CA,AWP,WE,Towers with Radar,311,67,39,0,417,0,2,16,0,18,311,69,55,0,435,18,0,18,453
12/22/2022,SJC,CA,AWP,WE,Towers with Radar,300,68,48,0,416,0,0,24,0,24,300,68,72,0,440,20,0,20,460
12/23/2022,SJC,CA,AWP,WE,Towers with Radar,228,44,39,0,311,0,0,32,0,32,228,44,71,0,343,0,0,0,343
12/24/2022,SJC,CA,AWP,WE,Towers with Radar,156,31,34,0,221,0,0,6,0,6,156,31,40,0,227,0,0,0,227
12/25/2022,SJC,CA,AWP,WE,Towers with Radar,165,29,14,2,210,0,2,9,0,11,165,31,23,2,221,16,0,16,237
12/26/2022,SJC,CA,AWP,WE,Towers with Radar,165,57,66,0,288,0,0,9,0,9,165,57,75,0,297,0,0,0,297
12/27/2022,SJC,CA,AWP,WE,Towers with Radar,157,50,42,0,249,0,0,0,0,0,157,50,42,0,249,0,0,0,249
12/28/2022,SJC,CA,AWP,WE,Towers with Radar,171,42,41,0,254,0,0,18,0,18,171,42,59,0,272,4,0,4,276
12/29/2022,SJC,CA,AWP,WE,Towers with Radar,188,45,33,0,266,0,0,2,0,2,188,45,35,0,268,0,0,0,268
12/30/2022,SJC,CA,AWP,WE,Towers with Radar,330,48,24,0,402,0,0,1,0,1,330,48,25,0,403,24,0,24,427
12/31/2022,SJC,CA,AWP,WE,Towers with Radar,228,32,22,0,282,0,0,0,0,0,228,32,22,0,282,0,0,0,282
01/01/2023,SJC,CA,AWP,WE,Towers with Radar,335,55,54,0,444,0,1,23,0,24,335,56,77,0,468,14,0,14,482
01/02/2023,SJC,CA,AWP,WE,Towers with Radar,343,61,63,0,467,0,0,3,0,3,343,61,66,0,470,24,0,24,494
01/03/2023,SJC,CA,AWP,WE,Towers with Radar,327,52,39,0,418,0,1,8,0,9,327,53,47,0,427,0,0,0,427
01/04/2023,SJC,CA,AWP,WE,Towers with Radar,345,40,38,0,423,0,0,0,0,0,345,40,38,0,423,0,0,0,423
01/05/2023,SJC,CA,AWP,WE,Towers with Radar,343,34,33,3,413,0,0,4,0,4,343,34,37,3,417,0,0,0,417
01/06/2023,SJC,CA,AWP,WE,Towers with Radar,320,47,40,0,407,0,1,27,0,28,320,48,67,0,435,12,0,12,447
01/07/2023,SJC,CA,AWP,WE,Towers with Radar,236,43,38,2,319,0,3,10,0,13,236,46,48,2,332,0,0,0,332
01/08/2023,SJC,CA,AWP,WE,Towers with Radar,289,90,84,2,465,0,0,18,3,21,289,90,102,5,486,0,0,0,486
01/09/2023,SJC,CA,AWP,WE,Towers with Radar,333,67,46,0,446,0,1,6,0,7,333,68,52,0,453,0,0,0,453
01/10/2023,SJC,CA,AWP,WE,Towers with Radar,291,58,25,0,374,0,0,4,0,4,291,58,29,0,378,0,0,0,378
01/11/2023,SJC,CA,AWP,WE,Towers with Radar,295,93,38,2,428,0,2,7,0,9,295,95,45,2,437,26,0,26,463
01/12/2023,SJC,CA,AWP,WE,Towers with Radar,335,72,50,1,458,0,1,26,0,27,335,73,76,1,485,8,0,8,493
01/13/2023,SJC,CA,AWP,WE,Towers with Radar,330,56,38,0,424,0,0,3,0,3,330,56,41,0,427,0,0,0,427
01/14/2023,SJC,CA,AWP,WE,Towers with Radar,215,37,36,0,288,0,0,1,0,1,215,37,37,0,289,0,0,0,289
01/15/2023,SJC,CA,AWP,WE,Towers with Radar,267,34,27,0,328,0,0,7,0,7,267,34,34,0,335,12,0,12,347
01/16/2023,SJC,CA,AWP,WE,Towers with Radar,337,50,48,0,435,0,0,11,0,11,337,50,59,0,446,34,0,34,480
01/17/2023,SJC,CA,AWP,WE,Towers with Radar,289,60,63,8,420,0,2,30,1,33,289,62,93,9,453,0,0,0,453
01/18/2023,SJC,CA,AWP,WE,Towers with Radar,304,68,36,2,410,0,3,16,0,19,304,71,52,2,429,0,0,0,429
01/19/2023,SJC,CA,AWP,WE,Towers with Radar,340,51,42,6,439,0,0,12,0,12,340,51,54,6,451,0,0,0,451
01/20/2023,SJC,CA,AWP,WE,Towers with Radar,328,62,49,2,441,0,0,42,0,42,328,62,91,2,483,14,0,14,497
01/21/2023,SJC,CA,AWP,WE,Towers with Radar,218,27,45,2,292,0,0,26,0,26,218,27,71,2,318,64,0,64,382
01/22/2023,SJC,CA,AWP,WE,Towers with Radar,279,105,132,2,518,0,0,34,2,36,279,105,166,4,554,10,0,10,564
01/23/2023,SJC,CA,AWP,WE,Towers with Radar,336,56,56,0,448,0,0,28,0,28,336,56,84,0,476,8,0,8,484
01/24/2023,SJC,CA,AWP,WE,Towers with Radar,294,50,52,2,398,0,3,28,0,31,294,53,80,2,429,2,0,2,431
01/25/2023,SJC,CA,AWP,WE,Towers with Radar,298,71,70,3,442,0,3,38,0,41,298,74,108,3,483,6,0,6,489
01/26/2023,SJC,CA,AWP,WE,Towers with Radar,342,63,53,1,459,0,1,20,0,21,342,64,73,1,480,0,0,0,480
01/27/2023,SJC,CA,AWP,WE,Towers with Radar,332,54,49,4,439,0,2,42,0,44,332,56,91,4,483,14,0,14,497
01/28/2023,SJC,CA,AWP,WE,Towers with Radar,221,43,44,0,308,0,2,17,0,19,221,45,61,0,327,0,0,0,327
01/29/2023,SJC,CA,AWP,WE,Towers with Radar,279,56,50,0,385,0,1,12,0,13,279,57,62,0,398,30,0,30,428
01/30/2023,SJC,CA,AWP,WE,Towers with Radar,319,73,49,1,442,0,2,23,2,27,319,75,72,3,469,24,2,26,495
01/31/2023,SJC,CA,AWP,WE,Towers with Radar,276,55,48,0,379,0,1,20,0,21,276,56,68,0,400,6,0,6,406
02/01/2023,SJC,CA,AWP,WE,Towers with Radar,290,70,68,0,428,0,0,31,0,31,290,70,99,0,459,40,0,40,499
02/02/2023,SJC,CA,AWP,WE,Towers with Radar,339,72,45,0,456,0,1,33,0,34,339,73,78,0,490,18,0,18,508
02/03/2023,SJC,CA,AWP,WE,Towers with Radar,334,55,37,0,426,0,0,13,2,15,334,55,50,2,441,30,0,30,471
02/04/2023,SJC,CA,AWP,WE,Towers with Radar,219,45,30,0,294,0,0,10,0,10,219,45,40,0,304,0,0,0,304
02/05/2023,SJC,CA,AWP,WE,Towers with Radar,283,61,32,0,376,0,0,8,0,8,283,61,40,0,384,2,0,2,386
02/06/2023,SJC,CA,AWP,WE,Towers with Radar,338,59,52,0,449,1,2,25,0,28,339,61,77,0,477,16,0,16,493
02/07/2023,SJC,CA,AWP,WE,Towers with Radar,302,60,62,0,424,0,3,26,0,29,302,63,88,0,453,16,0,16,469
02/08/2023,SJC,CA,AWP,WE,Towers with Radar,307,73,46,0,426,0,1,34,0,35,307,74,80,0,461,26,0,26,487
02/09/2023,SJC,CA,AWP,WE,Towers with Radar,343,55,45,0,443,0,0,34,0,34,343,55,79,0,477,10,0,10,487
02/10/2023,SJC,CA,AWP,WE,Towers with Radar,328,77,50,0,455,0,0,29,0,29,328,77,79,0,484,12,0,12,496
02/11/2023,SJC,CA,AWP,WE,Towers with Radar,217,68,31,0,316,0,0,17,0,17,217,68,48,0,333,14,0,14,347
02/12/2023,SJC,CA,AWP,WE,Towers with Radar,275,55,37,0,367,0,0,30,0,30,275,55,67,0,397,0,0,0,397
02/13/2023,SJC,CA,AWP,WE,Towers with Radar,334,76,55,0,465,0,0,21,0,21,334,76,76,0,486,0,0,0,486
02/14/2023,SJC,CA,AWP,WE,Towers with Radar,295,55,36,0,386,0,1,27,2,30,295,56,63,2,416,6,0,6,422
02/15/2023,SJC,CA,AWP,WE,Towers with Radar,308,84,43,0,435,0,1,31,0,32,308,85,74,0,467,34,0,34,501
02/16/2023,SJC,CA,AWP,WE,Towers with Radar,341,99,70,0,510,0,2,19,0,21,341,101,89,0,531,0,0,0,531
02/17/2023,SJC,CA,AWP,WE,Towers with Radar,323,89,71,0,483,0,0,44,0,44,323,89,115,0,527,6,0,6,533
02/18/2023,SJC,CA,AWP,WE,Towers with Radar,218,52,49,0,319,0,0,21,0,21,218,52,70,0,340,26,0,26,366
02/19/2023,SJC,CA,AWP,WE,Towers with Radar,273,46,41,0,360,0,0,34,0,34,273,46,75,0,394,14,0,14,408
02/20/2023,SJC,CA,AWP,WE,Towers with Radar,340,53,65,0,458,0,0,37,0,37,340,53,102,0,495,26,0,26,521
02/21/2023,SJC,CA,AWP,WE,Towers with Radar,301,57,43,0,401,0,2,8,0,10,301,59,51,0,411,8,0,8,419
02/22/2023,SJC,CA,AWP,WE,Towers with Radar,292,76,33,0,401,0,1,8,2,11,292,77,41,2,412,0,0,0,412
02/23/2023,SJC,CA,AWP,WE,Towers with Radar,333,66,55,0,454,0,0,13,0,13,333,66,68,0,467,18,0,18,485
02/24/2023,SJC,CA,AWP,WE,Towers with Radar,318,74,42,0,434,0,0,9,0,9,318,74,51,0,443,0,0,0,443
02/25/2023,SJC,CA,AWP,WE,Towers with Radar,221,71,40,0,332,0,0,12,0,12,221,71,52,0,344,14,0,14,358
02/26/2023,SJC,CA,AWP,WE,Towers with Radar,280,72,50,0,402,0,0,9,0,9,280,72,59,0,411,22,0,22,433
02/27/2023,SJC,CA,AWP,WE,Towers with Radar,338,70,28,0,436,0,4,5,0,9,338,74,33,0,445,0,0,0,445
02/28/2023,SJC,CA,AWP,WE,Towers with Radar,301,69,30,2,402,0,0,6,0,6,301,69,36,2,408,0,0,0,408
03/01/2023,SJC,CA,AWP,WE,Towers with Radar,305,78,42,0,425,0,0,20,0,20,305,78,62,0,445,22,0,22,467
03/02/2023,SJC,CA,AWP,WE,Towers with Radar,340,61,49,0,450,0,0,33,0,33,340,61,82,0,483,12,0,12,495
03/03/2023,SJC,CA,AWP,WE,Towers with Radar,324,60,43,0,427,0,0,17,1,18,324,60,60,1,445,0,0,0,445
03/04/2023,SJC,CA,AWP,WE,Towers with Radar,215,38,15,0,268,0,0,1,0,1,215,38,16,0,269,0,0,0,269
03/05/2023,SJC,CA,AWP,WE,Towers with Radar,281,64,36,2,383,0,0,5,0,5,281,64,41,2,388,36,0,36,424
03/06/2023,SJC,CA,AWP,WE,Towers with Radar,333,66,43,0,442,0,0,8,0,8,333,66,51,0,450,6,0,6,456
03/07/2023,SJC,CA,AWP,WE,Towers with Radar,290,65,32,0,387,0,0,10,0,10,290,65,42,0,397,24,0,24,421
03/08/2023,SJC,CA,AWP,WE,Towers with Radar,303,80,67,0,450,0,3,10,0,13,303,83,77,0,463,0,0,0,463
03/09/2023,SJC,CA,AWP,WE,Towers with Radar,373,91,52,0,516,0,0,2,0,2,373,91,54,0,518,16,0,16,534
03/10/2023,SJC,CA,AWP,WE,Towers with Radar,319,66,41,2,428,0,0,1,0,1,319,66,42,2,429,0,0,0,429
03/11/2023,SJC,CA,AWP,WE,Towers with Radar,222,33,34,0,289,0,0,4,0,4,222,33,38,0,293,18,0,18,311
03/12/2023,SJC,CA,AWP,WE,Towers with Radar,272,67,46,0,385,0,0,2,0,2,272,67,48,0,387,0,0,0,387
03/13/2023,SJC,CA,AWP,WE,Towers with Radar,332,48,49,2,431,0,0,3,0,3,332,48,52,2,434,4,0,4,438
03/14/2023,SJC,CA,AWP,WE,Towers with Radar,301,36,30,0,367,0,0,3,0,3,301,36,33,0,370,0,0,0,370
03/15/2023,SJC,CA,AWP,WE,Towers with Radar,287,70,58,0,415,0,0,23,0,23,287,70,81,0,438,0,0,0,438
03/16/2023,SJC,CA,AWP,WE,Towers with Radar,337,63,59,0,459,0,0,32,0,32,337,63,91,0,491,2,0,2,493
03/17/2023,SJC,CA,AWP,WE,Towers with Radar,337,63,46,0,446,0,2,23,0,25,337,65,69,0,471,0,0,0,471
03/18/2023,SJC,CA,AWP,WE,Towers with Radar,232,32,29,1,294,0,0,12,0,12,232,32,41,1,306,0,0,0,306
03/19/2023,SJC,CA,AWP,WE,Towers with Radar,279,53,60,0,392,0,0,0,0,0,279,53,60,0,392,0,0,0,392
03/20/2023,SJC,CA,AWP,WE,Towers with Radar,333,46,43,0,422,0,0,4,0,4,333,46,47,0,426,32,0,32,458
03/21/2023,SJC,CA,AWP,WE,Towers with Radar,314,49,32,0,395,0,0,0,0,0,314,49,32,0,395,0,0,0,395
03/22/2023,SJC,CA,AWP,WE,Towers with Radar,301,53,46,0,400,0,0,8,3,11,301,53,54,3,411,22,0,22,433
03/23/2023,SJC,CA,AWP,WE,Towers with Radar,342,63,61,1,467,0,0,15,0,15,342,63,76,1,482,26,0,26,508
03/24/2023,SJC,CA,AWP,WE,Towers with Radar,328,38,54,0,420,0,2,40,0,42,328,40,94,0,462,36,0,36,498
03/25/2023,SJC,CA,AWP,WE,Towers with Radar,228,38,45,2,313,0,2,17,0,19,228,40,62,2,332,2,0,2,334
03/26/2023,SJC,CA,AWP,WE,Towers with Radar,279,63,65,0,407,0,0,29,0,29,279,63,94,0,436,22,0,22,458
03/27/2023,SJC,CA,AWP,WE,Towers with Radar,343,52,46,0,441,0,1,22,0,23,343,53,68,0,464,0,0,0,464
03/28/2023,SJC,CA,AWP,WE,Towers with Radar,300,53,20,0,373,0,1,0,0,1,300,54,20,0,374,0,0,0,374
03/29/2023,SJC,CA,AWP,WE,Towers with Radar,302,55,41,0,398,0,0,3,0,3,302,55,44,0,401,0,0,0,401
03/30/2023,SJC,CA,AWP,WE,Towers with Radar,339,74,45,4,462,0,0,10,0,10,339,74,55,4,472,24,0,24,496
03/31/2023,SJC,CA,AWP,WE,Towers with Radar,329,56,54,0,439,0,1,34,2,37,329,57,88,2,476,2,0,2,478
04/01/2023,SJC,CA,AWP,WE,Towers with Radar,221,45,31,0,297,0,0,18,0,18,221,45,49,0,315,8,0,8,323
04/02/2023,SJC,CA,AWP,WE,Towers with Radar,273,43,57,0,373,0,0,8,0,8,273,43,65,0,381,0,0,0,381
04/03/2023,SJC,CA,AWP,WE,Towers with Radar,346,56,56,0,458,0,2,9,0,11,346,58,65,0,469,0,0,0,469
04/04/2023,SJC,CA,AWP,WE,Towers with Radar,300,71,51,0,422,0,2,31,0,33,300,73,82,0,455,20,0,20,475
04/05/2023,SJC,CA,AWP,WE,Towers with Radar,295,65,46,0,406,0,0,32,0,32,295,65,78,0,438,42,0,42,480
04/06/2023,SJC,CA,AWP,WE,Towers with Radar,334,66,48,0,448,0,1,24,0,25,334,67,72,0,473,0,0,0,473
04/07/2023,SJC,CA,AWP,WE,Towers with Radar,332,59,40,0,431,0,0,11,0,11,332,59,51,0,442,6,0,6,448
04/08/2023,SJC,CA,AWP,WE,Towers with Radar,227,44,41,0,312,0,2,20,0,22,227,46,61,0,334,34,12,46,380
04/09/2023,SJC,CA,AWP,WE,Towers with Radar,271,43,43,0,357,0,2,30,0,32,271,45,73,0,389,24,0,24,413
04/10/2023,SJC,CA,AWP,WE,Towers with Radar,334,52,68,0,454,0,0,17,0,17,334,52,85,0,471,6,0,6,477
04/11/2023,SJC,CA,AWP,WE,Towers with Radar,336,56,45,0,437,0,5,9,2,16,336,61,54,2,453,0,0,0,453
04/12/2023,SJC,CA,AWP,WE,Towers with Radar,332,46,38,0,416,0,2,13,0,15,332,48,51,0,431,0,0,0,431
04/13/2023,SJC,CA,AWP,WE,Towers with Radar,354,71,57,0,482,0,2,25,0,27,354,73,82,0,509,26,0,26,535
04/14/2023,SJC,CA,AWP,WE,Towers with Radar,350,54,41,0,445,0,1,29,0,30,350,55,70,0,475,20,0,20,495
04/15/2023,SJC,CA,AWP,WE,Towers with Radar,235,65,46,0,346,0,0,27,0,27,235,65,73,0,373,38,0,38,411
04/16/2023,SJC,CA,AWP,WE,Towers with Radar,277,65,61,0,403,0,0,38,0,38,277,65,99,0,441,0,0,0,441
04/17/2023,SJC,CA,AWP,WE,Towers with Radar,355,54,53,0,462,0,1,19,0,20,355,55,72,0,482,8,0,8,490
04/18/2023,SJC,CA,AWP,WE,Towers with Radar,324,50,44,0,418,0,0,24,0,24,324,50,68,0,442,6,0,6,448
04/19/2023,SJC,CA,AWP,WE,Towers with Radar,324,64,30,0,418,0,0,45,0,45,324,64,75,0,463,44,0,44,507
04/20/2023,SJC,CA,AWP,WE,Towers with Radar,323,71,63,0,457,0,1,29,0,30,323,72,92,0,487,24,0,24,511
04/21/2023,SJC,CA,AWP,WE,Towers with Radar,331,56,44,2,433,0,4,42,0,46,331,60,86,2,479,26,0,26,505
04/22/2023,SJC,CA,AWP,WE,Towers with Radar,216,35,30,0,281,0,1,30,0,31,216,36,60,0,312,0,0,0,312
04/23/2023,SJC,CA,AWP,WE,Towers with Radar,268,58,57,0,383,0,2,16,0,18,268,60,73,0,401,0,0,0,401
04/24/2023,SJC,CA,AWP,WE,Towers with Radar,333,47,47,1,428,0,0,26,1,27,333,47,73,2,455,2,0,2,457
04/25/2023,SJC,CA,AWP,WE,Towers with Radar,324,51,62,0,437,0,5,25,0,30,324,56,87,0,467,34,0,34,501
04/26/2023,SJC,CA,AWP,WE,Towers with Radar,327,58,50,0,435,0,0,33,0,33,327,58,83,0,468,14,0,14,482
04/27/2023,SJC,CA,AWP,WE,Towers with Radar,339,70,39,0,448,0,3,28,0,31,339,73,67,0,479,26,0,26,505
04/28/2023,SJC,CA,AWP,WE,Towers with Radar,328,65,52,0,445,0,3,39,0,42,328,68,91,0,487,24,0,24,511
04/29/2023,SJC,CA,AWP,WE,Towers with Radar,221,29,35,0,285,0,0,16,0,16,221,29,51,0,301,12,0,12,313
04/30/2023,SJC,CA,AWP,WE,Towers with Radar,263,36,54,0,353,0,0,19,0,19,263,36,73,0,372,30,0,30,402
05/01/2023,SJC,CA,AWP,WE,Towers with Radar,332,67,55,2,456,0,0,6,0,6,332,67,61,2,462,0,0,0,462
05/02/2023,SJC,CA,AWP,WE,Towers with Radar,323,58,46,0,427,0,0,7,0,7,323,58,53,0,434,4,0,4,438
05/03/2023,SJC,CA,AWP,WE,Towers with Radar,325,74,51,0,450,0,2,11,0,13,325,76,62,0,463,0,0,0,463
05/04/2023,SJC,CA,AWP,WE,Towers with Radar,333,54,32,0,419,0,0,4,0,4,333,54,36,0,423,0,0,0,423
05/05/2023,SJC,CA,AWP,WE,Towers with Radar,331,61,66,0,458,0,2,9,0,11,331,63,75,0,469,0,0,0,469
05/06/2023,SJC,CA,AWP,WE,Towers with Radar,223,41,27,0,291,0,0,12,2,14,223,41,39,2,305,0,0,0,305
05/07/2023,SJC,CA,AWP,WE,Towers with Radar,266,58,58,0,382,0,1,17,0,18,266,59,75,0,400,16,0,16,416
05/08/2023,SJC,CA,AWP,WE,Towers with Radar,339,47,51,0,437,0,2,18,0,20,339,49,69,0,457,0,0,0,457
05/09/2023,SJC,CA,AWP,WE,Towers with Radar,329,76,49,2,456,0,0,24,0,24,329,76,73,2,480,16,0,16,496
05/10/2023,SJC,CA,AWP,WE,Towers with Radar,329,61,57,1,448,0,1,28,0,29,329,62,85,1,477,16,0,16,493
05/11/2023,SJC,CA,AWP,WE,Towers with Radar,344,75,63,6,488,0,1,23,0,24,344,76,86,6,512,32,0,32,544
05/12/2023,SJC,CA,AWP,WE,Towers with Radar,331,56,52,0,439,0,2,23,0,25,331,58,75,0,464,0,0,0,464
05/13/2023,SJC,CA,AWP,WE,Towers with Radar,226,30,39,0,295,0,0,22,0,22,226,30,61,0,317,2,0,2,319
05/14/2023,SJC,CA,AWP,WE,Towers with Radar,267,46,51,1,365,0,0,23,0,23,267,46,74,1,388,4,0,4,392
05/15/2023,SJC,CA,AWP,WE,Towers with Radar,350,56,64,0,470,0,0,22,0,22,350,56,86,0,492,28,0,28,520
05/16/2023,SJC,CA,AWP,WE,Towers with Radar,335,56,51,0,442,0,2,22,0,24,335,58,73,0,466,44,0,44,510
05/17/2023,SJC,CA,AWP,WE,Towers with Radar,333,66,59,0,458,0,6,31,0,37,333,72,90,0,495,48,0,48,543
05/18/2023,SJC,CA,AWP,WE,Towers with Radar,337,68,54,0,459,0,4,17,0,21,337,72,71,0,480,0,0,0,480
05/19/2023,SJC,CA,AWP,WE,Towers with Radar,338,65,57,0,460,0,2,27,0,29,338,67,84,0,489,0,0,0,489
05/20/2023,SJC,CA,AWP,WE,Towers with Radar,229,41,32,0,302,0,0,24,0,24,229,41,56,0,326,48,0,48,374
05/21/2023,SJC,CA,AWP,WE,Towers with Radar,279,66,65,0,410,0,0,15,0,15,279,66,80,0,425,2,0,2,427
05/22/2023,SJC,CA,AWP,WE,Towers with Radar,341,76,70,0,487,0,0,16,0,16,341,76,86,0,503,12,0,12,515
05/23/2023,SJC,CA,AWP,WE,Towers with Radar,332,73,48,0,453,0,0,19,0,19,332,73,67,0,472,0,0,0,472
05/24/2023,SJC,CA,AWP,WE,Towers with Radar,339,73,44,0,456,0,1,20,0,21,339,74,64,0,477,0,0,0,477
05/25/2023,SJC,CA,AWP,WE,Towers with Radar,345,63,66,0,474,0,0,28,0,28,345,63,94,0,502,70,0,70,572
05/26/2023,SJC,CA,AWP,WE,Towers with Radar,341,67,50,0,458,0,2,24,0,26,341,69,74,0,484,26,0,26,510
05/27/2023,SJC,CA,AWP,WE,Towers with Radar,224,45,38,0,307,0,0,17,0,17,224,45,55,0,324,4,0,4,328
05/28/2023,SJC,CA,AWP,WE,Towers with Radar,254,37,29,0,320,0,0,7,0,7,254,37,36,0,327,0,0,0,327
05/29/2023,SJC,CA,AWP,WE,Towers with Radar,331,71,51,0,453,0,3,26,3,32,331,74,77,3,485,30,0,30,515
05/30/2023,SJC,CA,AWP,WE,Towers with Radar,335,54,39,0,428,0,2,10,0,12,335,56,49,0,440,0,0,0,440
05/31/2023,SJC,CA,AWP,WE,Towers with Radar,341,52,38,0,431,0,1,13,0,14,341,53,51,0,445,20,0,20,465
06/01/2023,SJC,CA,AWP,WE,Towers with Radar,346,51,56,0,453,0,0,25,0,25,346,51,81,0,478,46,0,46,524
06/02/2023,SJC,CA,AWP,WE,Towers with Radar,339,42,50,0,431,0,4,28,0,32,339,46,78,0,463,14,0,14,477
06/03/2023,SJC,CA,AWP,WE,Towers with Radar,230,38,44,0,312,0,0,26,0,26,230,38,70,0,338,4,0,4,342
06/04/2023,SJC,CA,AWP,WE,Towers with Radar,278,40,54,0,372,0,1,31,0,32,278,41,85,0,404,6,0,6,410
06/05/2023,SJC,CA,AWP,WE,Towers with Radar,332,61,39,0,432,0,0,19,0,19,332,61,58,0,451,0,0,0,451
06/06/2023,SJC,CA,AWP,WE,Towers with Radar,329,59,50,0,438,0,0,15,0,15,329,59,65,0,453,4,0,4,457
06/07/2023,SJC,CA,AWP,WE,Towers with Radar,344,59,53,0,456,0,0,17,0,17,344,59,70,0,473,10,0,10,483
06/08/2023,SJC,CA,AWP,WE,Towers with Radar,346,70,48,0,464,0,0,19,0,19,346,70,67,0,483,0,0,0,483
06/09/2023,SJC,CA,AWP,WE,Towers with Radar,351,53,51,0,455,0,1,22,0,23,351,54,73,0,478,10,0,10,488
06/10/2023,SJC,CA,AWP,WE,Towers with Radar,263,41,45,0,349,0,1,19,0,20,263,42,64,0,369,16,0,16,385
06/11/2023,SJC,CA,AWP,WE,Towers with Radar,284,46,58,0,388,0,0,16,0,16,284,46,74,0,404,0,0,0,404
06/12/2023,SJC,CA,AWP,WE,Towers with Radar,344,60,48,0,452,0,1,21,0,22,344,61,69,0,474,12,0,12,486
06/13/2023,SJC,CA,AWP,WE,Towers with Radar,344,52,46,0,442,0,0,23,0,23,344,52,69,0,465,0,0,0,465
06/14/2023,SJC,CA,AWP,WE,Towers with Radar,348,59,65,0,472,0,3,16,0,19,348,62,81,0,491,0,0,0,491
06/15/2023,SJC,CA,AWP,WE,Towers with Radar,342,64,58,1,465,0,2,34,0,36,342,66,92,1,501,26,0,26,527
06/16/2023,SJC,CA,AWP,WE,Towers with Radar,346,56,58,0,460,0,2,29,0,31,346,58,87,0,491,8,0,8,499
06/17/2023,SJC,CA,AWP,WE,Towers with Radar,245,43,39,0,327,0,0,20,0,20,245,43,59,0,347,0,0,0,347
06/18/2023,SJC,CA,AWP,WE,Towers with Radar,285,66,53,0,404,0,0,23,1,24,285,66,76,1,428,8,0,8,436
06/19/2023,SJC,CA,AWP,WE,Towers with Radar,347,78,55,1,481,0,0,25,0,25,347,78,80,1,506,0,0,0,506
06/20/2023,SJC,CA,AWP,WE,Towers with Radar,336,75,60,0,471,0,0,22,0,22,336,75,82,0,493,24,0,24,517
06/21/2023,SJC,CA,AWP,WE,Towers with Radar,328,62,44,1,435,0,0,29,0,29,328,62,73,1,464,30,0,30,494
06/22/2023,SJC,CA,AWP,WE,Towers with Radar,343,66,53,1,463,0,1,23,1,25,343,67,76,2,488,62,0,62,550
06/23/2023,SJC,CA,AWP,WE,Towers with Radar,346,69,58,0,473,0,2,30,0,32,346,71,88,0,505,0,0,0,505
06/24/2023,SJC,CA,AWP,WE,Towers with Radar,256,39,39,1,335,0,0,26,0,26,256,39,65,1,361,0,0,0,361
06/25/2023,SJC,CA,AWP,WE,Towers with Radar,281,61,52,0,394,0,1,28,0,29,281,62,80,0,423,12,0,12,435
06/26/2023,SJC,CA,AWP,WE,Towers with Radar,346,63,37,0,446,0,0,20,0,20,346,63,57,0,466,2,0,2,468
06/27/2023,SJC,CA,AWP,WE,Towers with Radar,330,54,67,0,451,0,4,11,0,15,330,58,78,0,466,0,0,0,466
06/28/2023,SJC,CA,AWP,WE,Towers with Radar,338,74,48,0,460,0,0,18,0,18,338,74,66,0,478,0,0,0,478
06/29/2023,SJC,CA,AWP,WE,Towers with Radar,343,77,60,0,480,0,0,35,0,35,343,77,95,0,515,16,0,16,531
06/30/2023,SJC,CA,AWP,WE,Towers with Radar,349,50,60,0,459,0,2,30,1,33,349,52,90,1,492,22,0,22,514
07/01/2023,SJC,CA,AWP,WE,Towers with Radar,253,54,37,0,344,0,0,27,0,27,253,54,64,0,371,58,0,58,429
07/02/2023,SJC,CA,AWP,WE,Towers with Radar,270,44,27,0,341,0,0,12,0,12,270,44,39,0,353,14,0,14,367
07/03/2023,SJC,CA,AWP,WE,Towers with Radar,338,25,24,0,387,0,5,13,0,18,338,30,37,0,405,0,0,0,405
07/04/2023,SJC,CA,AWP,WE,Towers with Radar,317,32,21,0,370,0,0,12,0,12,317,32,33,0,382,6,0,6,388
07/05/2023,SJC,CA,AWP,WE,Towers with Radar,347,63,47,0,457,0,0,21,0,21,347,63,68,0,478,0,0,0,478
07/06/2023,SJC,CA,AWP,WE,Towers with Radar,353,61,43,0,457,0,0,19,0,19,353,61,62,0,476,6,0,6,482
07/07/2023,SJC,CA,AWP,WE,Towers with Radar,349,43,44,0,436,0,0,27,3,30,349,43,71,3,466,36,0,36,502
07/08/2023,SJC,CA,AWP,WE,Towers with Radar,245,51,40,1,337,0,0,24,2,26,245,51,64,3,363,2,0,2,365
07/09/2023,SJC,CA,AWP,WE,Towers with Radar,281,67,53,0,401,0,5,19,0,24,281,72,72,0,425,28,0,28,453
07/10/2023,SJC,CA,AWP,WE,Towers with Radar,358,59,52,0,469,0,2,17,0,19,358,61,69,0,488,0,0,0,488
07/11/2023,SJC,CA,AWP,WE,Towers with Radar,328,66,54,0,448,0,4,25,0,29,328,70,79,0,477,16,0,16,493
07/12/2023,SJC,CA,AWP,WE,Towers with Radar,327,68,67,0,462,0,0,26,0,26,327,68,93,0,488,0,0,0,488
07/13/2023,SJC,CA,AWP,WE,Towers with Radar,352,65,64,0,481,0,2,27,1,30,352,67,91,1,511,2,0,2,513
07/14/2023,SJC,CA,AWP,WE,Towers with Radar,348,52,48,0,448,0,1,20,0,21,348,53,68,0,469,0,0,0,469
07/15/2023,SJC,CA,AWP,WE,Towers with Radar,237,46,44,0,327,0,1,25,0,26,237,47,69,0,353,8,0,8,361
07/16/2023,SJC,CA,AWP,WE,Towers with Radar,283,53,55,0,391,0,0,21,0,21,283,53,76,0,412,30,0,30,442
07/17/2023,SJC,CA,AWP,WE,Towers with Radar,351,54,56,2,463,0,0,12,0,12,351,54,68,2,475,8,0,8,483
07/18/2023,SJC,CA,AWP,WE,Towers with Radar,326,42,49,0,417,0,0,24,0,24,326,42,73,0,441,6,0,6,447
07/19/2023,SJC,CA,AWP,WE,Towers with Radar,330,51,61,0,442,0,2,26,0,28,330,53,87,0,470,38,0,38,508
07/20/2023,SJC,CA,AWP,WE,Towers with Radar,344,64,64,0,472,0,0,31,0,31,344,64,95,0,503,54,0,54,557
07/21/2023,SJC,CA,AWP,WE,Towers with Radar,353,43,55,0,451,0,0,40,0,40,353,43,95,0,491,52,0,52,543
07/22/2023,SJC,CA,AWP,WE,Towers with Radar,239,39,34,0,312,0,0,21,0,21,239,39,55,0,333,20,0,20,353
07/23/2023,SJC,CA,AWP,WE,Towers with Radar,282,50,46,2,380,0,5,23,0,28,282,55,69,2,408,0,0,0,408
07/24/2023,SJC,CA,AWP,WE,Towers with Radar,346,51,55,2,454,0,1,11,0,12,346,52,66,2,466,42,0,42,508
07/25/2023,SJC,CA,AWP,WE,Towers with Radar,322,55,32,0,409,0,1,19,0,20,322,56,51,0,429,0,0,0,429
07/26/2023,SJC,CA,AWP,WE,Towers with Radar,326,53,59,0,438,0,0,26,0,26,326,53,85,0,464,30,0,30,494
07/27/2023,SJC,CA,AWP,WE,Towers with Radar,353,59,55,0,467,0,0,42,0,42,353,59,97,0,509,8,0,8,517
07/28/2023,SJC,CA,AWP,WE,Towers with Radar,351,53,54,0,458,0,0,54,0,54,351,53,108,0,512,0,0,0,512
07/29/2023,SJC,CA,AWP,WE,Towers with Radar,237,66,45,0,348,0,0,30,0,30,237,66,75,0,378,36,0,36,414
07/30/2023,SJC,CA,AWP,WE,Towers with Radar,284,66,43,0,393,0,1,28,0,29,284,67,71,0,422,0,0,0,422
07/31/2023,SJC,CA,AWP,WE,Towers with Radar,342,36,38,0,416,0,0,18,0,18,342,36,56,0,434,14,0,14,448
08/01/2023,SJC,CA,AWP,WE,Towers with Radar,322,49,38,0,409,0,0,20,0,20,322,49,58,0,429,14,8,22,451
08/02/2023,SJC,CA,AWP,WE,Towers with Radar,329,66,57,0,452,0,4,30,0,34,329,70,87,0,486,26,0,26,512
08/03/2023,SJC,CA,AWP,WE,Towers with Radar,351,65,55,0,471,0,3,22,0,25,351,68,77,0,496,22,0,22,518
08/04/2023,SJC,CA,AWP,WE,Towers with Radar,350,59,42,1,452,0,2,25,0,27,350,61,67,1,479,24,0,24,503
08/05/2023,SJC,CA,AWP,WE,Towers with Radar,234,41,33,0,308,0,0,22,0,22,234,41,55,0,330,0,0,0,330
08/06/2023,SJC,CA,AWP,WE,Towers with Radar,272,58,44,0,374,0,3,29,0,32,272,61,73,0,406,4,0,4,410
08/07/2023,SJC,CA,AWP,WE,Towers with Radar,348,56,48,0,452,0,2,18,0,20,348,58,66,0,472,52,0,52,524
08/08/2023,SJC,CA,AWP,WE,Towers with Radar,328,63,37,0,428,0,0,19,0,19,328,63,56,0,447,20,0,20,467
08/09/2023,SJC,CA,AWP,WE,Towers with Radar,329,62,42,0,433,0,0,18,0,18,329,62,60,0,451,4,0,4,455
08/10/2023,SJC,CA,AWP,WE,Towers with Radar,353,81,65,0,499,0,0,31,1,32,353,81,96,1,531,8,0,8,539
08/11/2023,SJC,CA,AWP,WE,Towers with Radar,354,52,32,0,438,0,0,25,0,25,354,52,57,0,463,0,0,0,463
08/12/2023,SJC,CA,AWP,WE,Towers with Radar,236,39,36,0,311,0,0,17,0,17,236,39,53,0,328,18,0,18,346
08/13/2023,SJC,CA,AWP,WE,Towers with Radar,284,56,49,0,389,0,0,18,0,18,284,56,67,0,407,0,0,0,407
08/14/2023,SJC,CA,AWP,WE,Towers with Radar,344,43,38,0,425,0,0,18,0,18,344,43,56,0,443,32,0,32,475
08/15/2023,SJC,CA,AWP,WE,Towers with Radar,326,60,53,0,439,0,0,21,0,21,326,60,74,0,460,4,0,4,464
08/16/2023,SJC,CA,AWP,WE,Towers with Radar,328,55,54,0,437,0,4,24,0,28,328,59,78,0,465,6,0,6,471
08/17/2023,SJC,CA,AWP,WE,Towers with Radar,344,77,43,2,466,1,0,24,0,25,345,77,67,2,491,10,0,10,501
08/18/2023,SJC,CA,AWP,WE,Towers with Radar,334,53,48,0,435,0,0,24,0,24,334,53,72,0,459,0,0,0,459
08/19/2023,SJC,CA,AWP,WE,Towers with Radar,240,31,42,0,313,0,0,17,0,17,240,31,59,0,330,0,0,0,330
08/20/2023,SJC,CA,AWP,WE,Towers with Radar,261,71,47,0,379,0,0,14,0,14,261,71,61,0,393,24,0,24,417
08/21/2023,SJC,CA,AWP,WE,Towers with Radar,320,47,38,0,405,0,0,6,0,6,320,47,44,0,411,4,0,4,415
08/22/2023,SJC,CA,AWP,WE,Towers with Radar,328,54,58,0,440,0,1,18,1,20,328,55,76,1,460,24,0,24,484
08/23/2023,SJC,CA,AWP,WE,Towers with Radar,329,61,50,1,441,0,3,28,1,32,329,64,78,2,473,36,2,38,511
08/24/2023,SJC,CA,AWP,WE,Towers with Radar,355,70,51,1,477,0,0,39,1,40,355,70,90,2,517,0,0,0,517
08/25/2023,SJC,CA,AWP,WE,Towers with Radar,347,49,45,0,441,0,1,25,0,26,347,50,70,0,467,0,0,0,467
08/26/2023,SJC,CA,AWP,WE,Towers with Radar,238,38,34,0,310,0,0,13,3,16,238,38,47,3,326,28,0,28,354
08/27/2023,SJC,CA,AWP,WE,Towers with Radar,332,48,47,0,427,0,0,26,0,26,332,48,73,0,453,44,0,44,497
08/28/2023,SJC,CA,AWP,WE,Towers with Radar,338,58,39,0,435,0,0,17,0,17,338,58,56,0,452,0,0,0,452
08/29/2023,SJC,CA,AWP,WE,Towers with Radar,332,65,48,0,445,0,0,26,0,26,332,65,74,0,471,38,0,38,509
08/30/2023,SJC,CA,AWP,WE,Towers with Radar,330,56,48,0,434,0,5,30,0,35,330,61,78,0,469,2,0,2,471
08/31/2023,SJC,CA,AWP,WE,Towers with Radar,343,70,54,0,467,0,1,22,0,23,343,71,76,0,490,4,0,4,494
