01/01/2000,SJT,TX,ASW,CE,Federal Contract Tower,0,3,2,0,5,0,8,21,0,29,0,11,23,0,34,6,0,6,40
01/02/2000,SJT,TX,ASW,CE,Federal Contract Tower,0,7,6,0,13,0,6,59,0,65,0,13,65,0,78,52,0,52,130
01/03/2000,SJT,TX,ASW,CE,Federal Contract Tower,0,20,16,10,46,0,0,26,0,26,0,20,42,10,72,8,16,24,96
01/04/2000,SJT,TX,ASW,CE,Federal Contract Tower,0,25,20,44,89,0,6,58,2,66,0,31,78,46,155,120,208,328,483
01/05/2000,SJT,TX,ASW,CE,Federal Contract Tower,0,21,16,23,60,0,7,29,0,36,0,28,45,23,96,42,168,210,306
01/06/2000,SJT,TX,ASW,CE,Federal Contract Tower,0,23,18,27,68,0,1,67,0,68,0,24,85,27,136,86,198,284,420
01/07/2000,SJT,TX,ASW,CE,Federal Contract Tower,0,26,25,22,73,0,0,20,0,20,0,26,45,22,93,166,98,264,357
01/08/2000,SJT,TX,ASW,CE,Federal Contract Tower,0,14,11,26,51,0,6,38,7,51,0,20,49,33,102,14,12,26,128
01/09/2000,SJT,TX,ASW,CE,Federal Contract Tower,0,9,7,12,28,0,2,47,0,49,0,11,54,12,77,22,26,48,125
01/10/2000,SJT,TX,ASW,CE,Federal Contract Tower,0,21,17,19,57,0,3,38,0,41,0,24,55,19,98,44,114,158,256
01/11/2000,SJT,TX,ASW,CE,Federal Contract Tower,0,20,15,32,67,0,8,59,10,77,0,28,74,42,144,56,140,196,340
01/12/2000,SJT,TX,ASW,CE,Federal Contract Tower,0,27,20,37,84,0,2,46,0,48,0,29,66,37,132,68,118,186,318
01/13/2000,SJT,TX,ASW,CE,Federal Contract Tower,0,26,20,22,68,0,0,39,0,39,0,26,59,22,107,50,274,324,431
01/14/2000,SJT,TX,ASW,CE,Federal Contract Tower,0,16,12,5,33,0,7,59,0,66,0,23,71,5,99,34,172,206,305
01/15/2000,SJT,TX,ASW,CE,Federal Contract Tower,0,15,11,0,26,0,8,30,0,38,0,23,41,0,64,12,0,12,76
01/16/2000,SJT,TX,ASW,CE,Federal Contract Tower,0,7,6,5,18,0,14,49,0,63,0,21,55,5,81,40,2,42,123
01/17/2000,SJT,TX,ASW,CE,Federal Contract Tower,0,12,9,2,23,0,13,70,0,83,0,25,79,2,106,100,0,100,206
01/18/2000,SJT,TX,ASW,CE,Federal Contract Tower,0,23,31,48,102,0,0,34,0,34,0,23,65,48,136,80,318,398,534
01/19/2000,SJT,TX,ASW,CE,Federal Contract Tower,0,23,21,32,76,0,0,39,0,39,0,23,60,32,115,26,176,202,317
01/20/2000,SJT,TX,ASW,CE,Federal Contract Tower,0,22,17,28,67,0,10,45,0,55,0,32,62,28,122,20,118,138,260
01/21/2000,SJT,TX,ASW,CE,Federal Contract Tower,0,25,24,51,100,0,0,34,8,42,0,25,58,59,142,60,162,222,364
01/22/2000,SJT,TX,ASW,CE,Federal Contract Tower,0,13,11,3,27,0,7,62,0,69,0,20,73,3,96,66,18,84,180
01/23/2000,SJT,TX,ASW,CE,Federal Contract Tower,0,7,6,6,19,0,6,59,0,65,0,13,65,6,84,66,6,72,156
01/24/2000,SJT,TX,ASW,CE,Federal Contract Tower,0,20,19,5,44,0,0,50,0,50,0,20,69,5,94,72,86,158,252
01/25/2000,SJT,TX,ASW,CE,Federal Contract Tower,0,23,19,24,66,0,0,63,0,63,0,23,82,24,129,58,136,194,323
01/26/2000,SJT,TX,ASW,CE,Federal Contract Tower,0,25,20,7,52,0,4,21,0,25,0,29,41,7,77,58,124,182,259
01/27/2000,SJT,TX,ASW,CE,Federal Contract Tower,0,10,8,0,18,0,9,4,0,13,0,19,12,0,31,4,4,8,39
01/28/2000,SJT,TX,ASW,CE,Federal Contract Tower,0,18,13,16,47,0,8,27,0,35,0,26,40,16,82,38,66,104,186
01/29/2000,SJT,TX,ASW,CE,Federal Contract Tower,0,8,6,3,17,0,20,60,0,80,0,28,66,3,97,80,6,86,183
01/30/2000,SJT,TX,ASW,CE,Federal Contract Tower,0,5,3,5,13,0,7,47,0,54,0,12,50,5,67,52,6,58,125
01/31/2000,SJT,TX,ASW,CE,Federal Contract Tower,0,17,13,12,42,0,3,46,0,49,0,20,59,12,91,48,104,152,243
02/01/2000,SJT,TX,ASW,CE,Federal Contract Tower,0,13,9,9,31,0,8,15,0,23,0,21,24,9,54,38,20,58,112
02/02/2000,SJT,TX,ASW,CE,Federal Contract Tower,0,24,17,25,66,0,4,42,0,46,0,28,59,25,112,52,98,150,262
02/03/2000,SJT,TX,ASW,CE,Federal Contract Tower,0,20,13,31,64,0,13,53,15,81,0,33,66,46,145,92,96,188,333
02/04/2000,SJT,TX,ASW,CE,Federal Contract Tower,0,13,9,16,38,0,10,58,0,68,0,23,67,16,106,32,104,136,242
02/05/2000,SJT,TX,ASW,CE,Federal Contract Tower,0,13,9,11,33,0,6,56,0,62,0,19,65,11,95,48,50,98,193
02/06/2000,SJT,TX,ASW,CE,Federal Contract Tower,0,10,8,12,30,0,3,36,0,39,0,13,44,12,69,18,38,56,125
02/07/2000,SJT,TX,ASW,CE,Federal Contract Tower,0,24,20,18,62,0,0,40,0,40,0,24,60,18,102,72,154,226,328
02/08/2000,SJT,TX,ASW,CE,Federal Contract Tower,0,28,20,26,74,0,0,60,0,60,0,28,80,26,134,102,188,290,424
02/09/2000,SJT,TX,ASW,CE,Federal Contract Tower,0,29,23,36,88,0,0,35,0,35,0,29,58,36,123,26,160,186,309
02/10/2000,SJT,TX,ASW,CE,Federal Contract Tower,0,25,17,19,61,0,5,47,0,52,0,30,64,19,113,56,98,154,267
02/11/2000,SJT,TX,ASW,CE,Federal Contract Tower,0,25,17,10,52,0,6,31,0,37,0,31,48,10,89,20,110,130,219
02/12/2000,SJT,TX,ASW,CE,Federal Contract Tower,0,16,12,2,30,0,3,50,0,53,0,19,62,2,83,60,20,80,163
02/13/2000,SJT,TX,ASW,CE,Federal Contract Tower,0,5,4,4,13,0,8,39,0,47,0,13,43,4,60,10,16,26,86
02/14/2000,SJT,TX,ASW,CE,Federal Contract Tower,0,13,10,17,40,0,8,45,0,53,0,21,55,17,93,62,104,166,259
02/15/2000,SJT,TX,ASW,CE,Federal Contract Tower,0,24,17,28,69,0,4,55,0,59,0,28,72,28,128,70,126,196,324
02/16/2000,SJT,TX,ASW,CE,Federal Contract Tower,0,28,25,23,76,0,0,40,0,40,0,28,65,23,116,118,190,308,424
02/17/2000,SJT,TX,ASW,CE,Federal Contract Tower,0,31,22,22,75,0,0,26,0,26,0,31,48,22,101,74,156,230,331
02/18/2000,SJT,TX,ASW,CE,Federal Contract Tower,0,14,9,2,25,0,10,52,0,62,0,24,61,2,87,118,18,136,223
02/19/2000,SJT,TX,ASW,CE,Federal Contract Tower,0,14,8,5,27,0,6,102,0,108,0,20,110,5,135,26,36,62,197
02/20/2000,SJT,TX,ASW,CE,Federal Contract Tower,0,4,2,0,6,0,9,52,0,61,0,13,54,0,67,14,0,14,81
02/21/2000,SJT,TX,ASW,CE,Federal Contract Tower,0,14,9,1,24,0,4,31,0,35,0,18,40,1,59,54,0,54,113
02/22/2000,SJT,TX,ASW,CE,Federal Contract Tower,0,21,13,14,48,0,4,55,0,59,0,25,68,14,107,60,54,114,221
02/23/2000,SJT,TX,ASW,CE,Federal Contract Tower,0,26,22,39,87,0,0,55,0,55,0,26,77,39,142,184,173,357,499
02/24/2000,SJT,TX,ASW,CE,Federal Contract Tower,0,23,27,43,93,0,0,38,0,38,0,23,65,43,131,36,308,344,475
02/25/2000,SJT,TX,ASW,CE,Federal Contract Tower,0,25,22,11,58,0,0,38,0,38,0,25,60,11,96,36,170,206,302
02/26/2000,SJT,TX,ASW,CE,Federal Contract Tower,0,8,4,7,19,0,11,44,0,55,0,19,48,7,74,12,12,24,98
02/27/2000,SJT,TX,ASW,CE,Federal Contract Tower,0,11,7,7,25,0,2,55,0,57,0,13,62,7,82,34,16,50,132
02/28/2000,SJT,TX,ASW,CE,Federal Contract Tower,0,21,14,19,54,0,5,57,0,62,0,26,71,19,116,70,132,202,318
02/29/2000,SJT,TX,ASW,CE,Federal Contract Tower,0,26,17,39,82,0,16,63,0,79,0,42,80,39,161,84,100,184,345
03/01/2000,SJT,TX,ASW,CE,Federal Contract Tower,0,23,21,19,63,0,15,33,0,48,0,38,54,19,111,82,124,206,317
03/02/2000,SJT,TX,ASW,CE,Federal Contract Tower,0,34,46,30,110,0,0,4,0,4,0,34,50,30,114,80,260,340,454
03/03/2000,SJT,TX,ASW,CE,Federal Contract Tower,0,24,22,16,62,0,8,44,0,52,0,32,66,16,114,62,104,166,280
03/04/2000,SJT,TX,ASW,CE,Federal Contract Tower,0,9,9,2,20,0,15,74,0,89,0,24,83,2,109,54,0,54,163
03/05/2000,SJT,TX,ASW,CE,Federal Contract Tower,0,7,7,4,18,0,7,23,0,30,0,14,30,4,48,16,8,24,72
03/06/2000,SJT,TX,ASW,CE,Federal Contract Tower,0,22,22,16,60,0,0,37,0,37,0,22,59,16,97,70,96,166,263
03/07/2000,SJT,TX,ASW,CE,Federal Contract Tower,0,21,20,10,51,0,0,19,0,19,0,21,39,10,70,6,108,114,184
03/08/2000,SJT,TX,ASW,CE,Federal Contract Tower,0,27,24,41,92,0,0,50,18,68,0,27,74,59,160,44,220,264,424
03/09/2000,SJT,TX,ASW,CE,Federal Contract Tower,0,21,19,20,60,0,9,48,0,57,0,30,67,20,117,74,116,190,307
03/10/2000,SJT,TX,ASW,CE,Federal Contract Tower,1,14,12,5,32,5,5,42,0,52,6,19,54,5,84,46,70,116,200
03/11/2000,SJT,TX,ASW,CE,Federal Contract Tower,0,10,9,4,23,0,9,72,0,81,0,19,81,4,104,92,12,104,208
03/12/2000,SJT,TX,ASW,CE,Federal Contract Tower,0,4,3,0,7,0,9,47,0,56,0,13,50,0,63,22,0,22,85
03/13/2000,SJT,TX,ASW,CE,Federal Contract Tower,0,16,14,25,55,0,7,44,0,51,0,23,58,25,106,56,138,194,300
03/14/2000,SJT,TX,ASW,CE,Federal Contract Tower,0,22,19,25,66,0,6,45,0,51,0,28,64,25,117,70,114,184,301
03/15/2000,SJT,TX,ASW,CE,Federal Contract Tower,0,23,21,17,61,0,6,40,0,46,0,29,61,17,107,94,88,182,289
03/16/2000,SJT,TX,ASW,CE,Federal Contract Tower,0,23,23,28,74,0,0,18,0,18,0,23,41,28,92,38,154,192,284
03/17/2000,SJT,TX,ASW,CE,Federal Contract Tower,0,26,22,38,86,0,4,46,2,52,0,30,68,40,138,40,114,154,292
03/18/2000,SJT,TX,ASW,CE,Federal Contract Tower,0,15,13,14,42,0,3,55,0,58,0,18,68,14,100,42,42,84,184
03/19/2000,SJT,TX,ASW,CE,Federal Contract Tower,0,7,6,2,15,0,6,66,0,72,0,13,72,2,87,30,4,34,121
03/20/2000,SJT,TX,ASW,CE,Federal Contract Tower,0,13,12,10,35,0,13,32,0,45,0,26,44,10,80,16,82,98,178
03/21/2000,SJT,TX,ASW,CE,Federal Contract Tower,0,29,29,24,82,0,0,35,0,35,0,29,64,24,117,70,294,364,481
03/22/2000,SJT,TX,ASW,CE,Federal Contract Tower,0,22,26,23,71,0,0,50,0,50,0,22,76,23,121,86,136,222,343
03/23/2000,SJT,TX,ASW,CE,Federal Contract Tower,0,28,27,18,73,0,0,40,0,40,0,28,67,18,113,68,156,224,337
03/24/2000,SJT,TX,ASW,CE,Federal Contract Tower,0,29,28,39,96,0,0,69,0,69,0,29,97,39,165,104,342,446,611
03/25/2000,SJT,TX,ASW,CE,Federal Contract Tower,0,8,8,2,18,0,9,74,0,83,0,17,82,2,101,66,14,80,181
03/26/2000,SJT,TX,ASW,CE,Federal Contract Tower,0,10,10,6,26,0,6,42,0,48,0,16,52,6,74,32,26,58,132
03/27/2000,SJT,TX,ASW,CE,Federal Contract Tower,0,21,21,21,63,0,0,59,0,59,0,21,80,21,122,92,158,250,372
03/28/2000,SJT,TX,ASW,CE,Federal Contract Tower,0,21,18,16,55,0,6,32,0,38,0,27,50,16,93,64,67,131,224
03/29/2000,SJT,TX,ASW,CE,Federal Contract Tower,0,27,23,16,66,0,3,44,0,47,0,30,67,16,113,82,86,168,281
03/30/2000,SJT,TX,ASW,CE,Federal Contract Tower,0,23,21,20,64,2,2,61,0,65,2,25,82,20,129,60,122,182,311
03/31/2000,SJT,TX,ASW,CE,Federal Contract Tower,0,27,28,27,82,0,0,37,0,37,0,27,65,27,119,40,46,86,205
04/01/2000,SJT,TX,ASW,CE,Federal Contract Tower,0,12,9,0,21,0,6,9,0,15,0,18,18,0,36,6,0,6,42
04/02/2000,SJT,TX,ASW,CE,Federal Contract Tower,0,16,15,14,45,0,0,40,0,40,0,16,55,14,85,28,40,68,153
04/03/2000,SJT,TX,ASW,CE,Federal Contract Tower,0,25,20,24,69,0,0,61,0,61,0,25,81,24,130,40,168,208,338
04/04/2000,SJT,TX,ASW,CE,Federal Contract Tower,0,29,23,33,85,0,0,57,0,57,0,29,80,33,142,140,246,386,528
04/05/2000,SJT,TX,ASW,CE,Federal Contract Tower,0,27,22,29,78,0,2,60,0,62,0,29,82,29,140,156,92,248,388
04/06/2000,SJT,TX,ASW,CE,Federal Contract Tower,0,27,32,30,89,0,0,77,0,77,0,27,109,30,166,250,216,466,632
04/07/2000,SJT,TX,ASW,CE,Federal Contract Tower,0,25,20,17,62,0,4,58,0,62,0,29,78,17,124,20,92,112,236
04/08/2000,SJT,TX,ASW,CE,Federal Contract Tower,0,12,9,10,31,0,11,84,0,95,0,23,93,10,126,170,14,184,310
04/09/2000,SJT,TX,ASW,CE,Federal Contract Tower,0,13,11,15,39,0,0,74,0,74,0,13,85,15,113,70,76,146,259
04/10/2000,SJT,TX,ASW,CE,Federal Contract Tower,0,22,19,15,56,0,0,64,0,64,0,22,83,15,120,96,84,180,300
04/11/2000,SJT,TX,ASW,CE,Federal Contract Tower,0,22,17,11,50,0,6,58,0,64,0,28,75,11,114,108,20,128,242
04/12/2000,SJT,TX,ASW,CE,Federal Contract Tower,0,27,26,17,70,0,0,32,0,32,0,27,58,17,102,60,90,150,252
04/13/2000,SJT,TX,ASW,CE,Federal Contract Tower,0,24,19,30,73,0,6,77,8,91,0,30,96,38,164,90,286,376,540
04/14/2000,SJT,TX,ASW,CE,Federal Contract Tower,0,24,18,18,60,0,6,50,0,56,0,30,68,18,116,130,98,228,344
04/15/2000,SJT,TX,ASW,CE,Federal Contract Tower,0,18,14,0,32,0,7,29,0,36,0,25,43,0,68,36,0,36,104
04/16/2000,SJT,TX,ASW,CE,Federal Contract Tower,0,10,7,4,21,0,11,47,0,58,0,21,54,4,79,82,12,94,173
04/17/2000,SJT,TX,ASW,CE,Federal Contract Tower,0,24,19,0,43,0,0,58,0,58,0,24,77,0,101,56,76,132,233
04/18/2000,SJT,TX,ASW,CE,Federal Contract Tower,0,25,20,12,57,0,5,65,0,70,0,30,85,12,127,70,90,160,287
04/19/2000,SJT,TX,ASW,CE,Federal Contract Tower,0,28,21,15,64,0,6,64,0,70,0,34,85,15,134,58,86,144,278
04/20/2000,SJT,TX,ASW,CE,Federal Contract Tower,0,26,20,25,71,0,14,62,0,76,0,40,82,25,147,162,172,334,481
04/21/2000,SJT,TX,ASW,CE,Federal Contract Tower,0,21,17,12,50,0,11,67,0,78,0,32,84,12,128,52,102,154,282
04/22/2000,SJT,TX,ASW,CE,Federal Contract Tower,0,11,8,12,31,0,19,29,2,50,0,30,37,14,81,20,0,20,101
04/23/2000,SJT,TX,ASW,CE,Federal Contract Tower,0,8,6,0,14,0,7,46,0,53,0,15,52,0,67,2,2,4,71
04/24/2000,SJT,TX,ASW,CE,Federal Contract Tower,0,20,15,15,50,0,10,42,0,52,0,30,57,15,102,52,106,158,260
04/25/2000,SJT,TX,ASW,CE,Federal Contract Tower,0,28,21,30,79,0,1,48,0,49,0,29,69,30,128,34,132,166,294
04/26/2000,SJT,TX,ASW,CE,Federal Contract Tower,0,27,21,17,65,0,7,64,0,71,0,34,85,17,136,76,86,162,298
04/27/2000,SJT,TX,ASW,CE,Federal Contract Tower,0,36,29,26,91,0,0,45,0,45,0,36,74,26,136,52,172,224,360
04/28/2000,SJT,TX,ASW,CE,Federal Contract Tower,0,21,16,21,58,0,6,44,0,50,0,27,60,21,108,54,64,118,226
04/29/2000,SJT,TX,ASW,CE,Federal Contract Tower,0,11,9,2,22,0,17,49,0,66,0,28,58,2,88,78,0,78,166
04/30/2000,SJT,TX,ASW,CE,Federal Contract Tower,0,9,6,0,15,0,11,35,0,46,0,20,41,0,61,18,0,18,79
05/01/2000,SJT,TX,ASW,CE,Federal Contract Tower,0,26,17,31,74,0,0,38,0,38,0,26,55,31,112,106,146,252,364
05/02/2000,SJT,TX,ASW,CE,Federal Contract Tower,0,28,20,28,76,0,0,60,0,60,0,28,80,28,136,62,216,278,414
05/03/2000,SJT,TX,ASW,CE,Federal Contract Tower,0,30,20,23,73,0,0,71,0,71,0,30,91,23,144,170,124,294,438
05/04/2000,SJT,TX,ASW,CE,Federal Contract Tower,0,28,18,27,73,0,1,44,0,45,0,29,62,27,118,76,94,170,288
05/05/2000,SJT,TX,ASW,CE,Federal Contract Tower,0,30,19,32,81,0,0,23,0,23,0,30,42,32,104,26,128,154,258
05/06/2000,SJT,TX,ASW,CE,Federal Contract Tower,0,16,10,6,32,0,10,58,0,68,0,26,68,6,100,38,26,64,164
05/07/2000,SJT,TX,ASW,CE,Federal Contract Tower,0,12,8,18,38,0,4,25,4,33,0,16,33,22,71,4,8,12,83
05/08/2000,SJT,TX,ASW,CE,Federal Contract Tower,0,26,24,25,75,0,0,37,0,37,0,26,61,25,112,70,240,310,422
05/09/2000,SJT,TX,ASW,CE,Federal Contract Tower,0,28,23,46,97,0,0,41,0,41,0,28,64,46,138,78,250,328,466
05/10/2000,SJT,TX,ASW,CE,Federal Contract Tower,0,26,15,23,64,0,0,46,0,46,0,26,61,23,110,98,238,336,446
05/11/2000,SJT,TX,ASW,CE,Federal Contract Tower,0,38,24,37,99,0,3,40,0,43,0,41,64,37,142,48,194,242,384
05/12/2000,SJT,TX,ASW,CE,Federal Contract Tower,0,22,13,28,63,0,5,51,0,56,0,27,64,28,119,32,164,196,315
05/13/2000,SJT,TX,ASW,CE,Federal Contract Tower,0,7,4,8,19,0,13,56,2,71,0,20,60,10,90,50,16,66,156
05/14/2000,SJT,TX,ASW,CE,Federal Contract Tower,0,13,8,1,22,0,2,40,0,42,0,15,48,1,64,64,4,68,132
05/15/2000,SJT,TX,ASW,CE,Federal Contract Tower,0,26,21,30,77,0,0,47,0,47,0,26,68,30,124,64,164,228,352
05/16/2000,SJT,TX,ASW,CE,Federal Contract Tower,0,23,15,23,61,0,5,56,0,61,0,28,71,23,122,68,58,126,248
05/17/2000,SJT,TX,ASW,CE,Federal Contract Tower,0,21,14,16,51,0,9,45,0,54,0,30,59,16,105,60,58,118,223
05/18/2000,SJT,TX,ASW,CE,Federal Contract Tower,0,27,18,15,60,0,0,79,0,79,0,27,97,15,139,126,48,174,313
05/19/2000,SJT,TX,ASW,CE,Federal Contract Tower,0,13,8,0,21,0,17,26,0,43,0,30,34,0,64,36,0,36,100
05/20/2000,SJT,TX,ASW,CE,Federal Contract Tower,0,10,6,5,21,0,12,34,0,46,0,22,40,5,67,28,10,38,105
05/21/2000,SJT,TX,ASW,CE,Federal Contract Tower,0,14,9,3,26,0,1,45,0,46,0,15,54,3,72,38,30,68,140
05/22/2000,SJT,TX,ASW,CE,Federal Contract Tower,0,17,11,22,50,0,5,59,0,64,0,22,70,22,114,68,96,164,278
05/23/2000,SJT,TX,ASW,CE,Federal Contract Tower,0,24,15,21,60,0,6,47,0,53,0,30,62,21,113,62,128,190,303
05/24/2000,SJT,TX,ASW,CE,Federal Contract Tower,0,23,15,17,55,0,10,64,0,74,0,33,79,17,129,46,78,124,253
05/25/2000,SJT,TX,ASW,CE,Federal Contract Tower,0,31,21,27,79,0,0,56,0,56,0,31,77,27,135,68,188,256,391
05/26/2000,SJT,TX,ASW,CE,Federal Contract Tower,0,36,22,19,77,0,0,44,0,44,0,36,66,19,121,38,216,254,375
05/27/2000,SJT,TX,ASW,CE,Federal Contract Tower,0,8,5,0,13,0,11,28,0,39,0,19,33,0,52,18,0,18,70
05/28/2000,SJT,TX,ASW,CE,Federal Contract Tower,0,7,4,0,11,0,14,49,0,63,0,21,53,0,74,26,0,26,100
05/29/2000,SJT,TX,ASW,CE,Federal Contract Tower,0,9,5,0,14,0,12,53,0,65,0,21,58,0,79,30,0,30,109
05/30/2000,SJT,TX,ASW,CE,Federal Contract Tower,0,26,17,26,69,0,0,48,0,48,0,26,65,26,117,30,142,172,289
05/31/2000,SJT,TX,ASW,CE,Federal Contract Tower,0,29,17,21,67,0,3,42,0,45,0,32,59,21,112,66,208,274,386
06/01/2000,SJT,TX,ASW,CE,Federal Contract Tower,0,32,25,28,85,0,0,45,0,45,0,32,70,28,130,40,196,236,366
06/02/2000,SJT,TX,ASW,CE,Federal Contract Tower,0,13,9,21,43,0,16,27,10,53,0,29,36,31,96,24,66,90,186
06/03/2000,SJT,TX,ASW,CE,Federal Contract Tower,0,11,8,0,19,0,12,29,0,41,0,23,37,0,60,24,0,24,84
06/04/2000,SJT,TX,ASW,CE,Federal Contract Tower,0,7,5,1,13,0,6,36,0,42,0,13,41,1,55,20,10,30,85
06/05/2000,SJT,TX,ASW,CE,Federal Contract Tower,0,26,20,26,72,0,0,24,0,24,0,26,44,26,96,16,198,214,310
06/06/2000,SJT,TX,ASW,CE,Federal Contract Tower,0,27,19,22,68,0,6,68,0,74,0,33,87,22,142,68,118,186,328
06/07/2000,SJT,TX,ASW,CE,Federal Contract Tower,0,28,19,24,71,0,4,49,0,53,0,32,68,24,124,42,146,188,312
06/08/2000,SJT,TX,ASW,CE,Federal Contract Tower,0,29,23,25,77,0,0,26,0,26,0,29,49,25,103,32,136,168,271
06/09/2000,SJT,TX,ASW,CE,Federal Contract Tower,0,31,26,32,89,0,0,22,0,22,0,31,48,32,111,38,220,258,369
06/10/2000,SJT,TX,ASW,CE,Federal Contract Tower,0,15,11,1,27,0,6,40,0,46,0,21,51,1,73,70,10,80,153
06/11/2000,SJT,TX,ASW,CE,Federal Contract Tower,0,13,10,13,36,0,0,32,0,32,0,13,42,13,68,4,48,52,120
06/12/2000,SJT,TX,ASW,CE,Federal Contract Tower,0,17,11,5,33,0,4,42,0,46,0,21,53,5,79,8,26,34,113
06/13/2000,SJT,TX,ASW,CE,Federal Contract Tower,0,26,17,33,76,0,3,55,0,58,0,29,72,33,134,72,196,268,402
06/14/2000,SJT,TX,ASW,CE,Federal Contract Tower,0,21,14,12,47,0,10,34,0,44,0,31,48,12,91,56,114,170,261
06/15/2000,SJT,TX,ASW,CE,Federal Contract Tower,0,28,28,35,91,0,0,52,0,52,0,28,80,35,143,90,124,214,357
06/16/2000,SJT,TX,ASW,CE,Federal Contract Tower,0,32,23,37,92,0,3,25,0,28,0,35,48,37,120,20,112,132,252
06/17/2000,SJT,TX,ASW,CE,Federal Contract Tower,0,10,8,0,18,0,7,51,0,58,0,17,59,0,76,8,0,8,84
06/18/2000,SJT,TX,ASW,CE,Federal Contract Tower,0,8,5,5,18,0,9,8,0,17,0,17,13,5,35,0,0,0,35
06/19/2000,SJT,TX,ASW,CE,Federal Contract Tower,0,23,22,38,83,0,0,25,0,25,0,23,47,38,108,22,250,272,380
06/20/2000,SJT,TX,ASW,CE,Federal Contract Tower,0,13,9,11,33,0,19,46,0,65,0,32,55,11,98,96,38,134,232
06/21/2000,SJT,TX,ASW,CE,Federal Contract Tower,0,26,19,35,80,0,0,74,0,74,0,26,93,35,154,98,199,297,451
06/22/2000,SJT,TX,ASW,CE,Federal Contract Tower,0,28,20,20,68,2,6,38,0,46,2,34,58,20,114,46,130,176,290
06/23/2000,SJT,TX,ASW,CE,Federal Contract Tower,0,31,22,37,90,0,0,32,0,32,0,31,54,37,122,150,4,154,276
06/24/2000,SJT,TX,ASW,CE,Federal Contract Tower,0,8,6,3,17,0,14,51,0,65,0,22,57,3,82,28,0,28,110
06/25/2000,SJT,TX,ASW,CE,Federal Contract Tower,0,10,6,0,16,0,8,55,0,63,0,18,61,0,79,26,0,26,105
06/26/2000,SJT,TX,ASW,CE,Federal Contract Tower,0,23,22,37,82,0,0,32,0,32,0,23,54,37,114,60,174,234,348
06/27/2000,SJT,TX,ASW,CE,Federal Contract Tower,0,28,20,35,83,0,0,62,0,62,0,28,82,35,145,54,158,212,357
06/28/2000,SJT,TX,ASW,CE,Federal Contract Tower,0,32,21,45,98,0,0,56,0,56,0,32,77,45,154,20,126,146,300
06/29/2000,SJT,TX,ASW,CE,Federal Contract Tower,0,27,25,27,79,0,0,50,0,50,0,27,75,27,129,28,140,168,297
06/30/2000,SJT,TX,ASW,CE,Federal Contract Tower,0,22,14,22,58,0,8,34,0,42,0,30,48,22,100,16,58,74,174
07/01/2000,SJT,TX,ASW,CE,Federal Contract Tower,0,12,5,0,17,0,24,32,0,56,0,36,37,0,73,16,0,16,89
07/02/2000,SJT,TX,ASW,CE,Federal Contract Tower,0,4,2,0,6,0,9,25,0,34,0,13,27,0,40,4,0,4,44
07/03/2000,SJT,TX,ASW,CE,Federal Contract Tower,0,8,3,1,12,0,13,42,0,55,0,21,45,1,67,14,0,14,81
07/04/2000,SJT,TX,ASW,CE,Federal Contract Tower,0,4,2,1,7,0,9,55,0,64,0,13,57,1,71,40,0,40,111
07/05/2000,SJT,TX,ASW,CE,Federal Contract Tower,0,31,15,33,79,0,0,52,0,52,0,31,67,33,131,52,126,178,309
07/06/2000,SJT,TX,ASW,CE,Federal Contract Tower,0,33,21,59,113,0,0,38,0,38,0,33,59,59,151,72,200,272,423
07/07/2000,SJT,TX,ASW,CE,Federal Contract Tower,0,28,16,30,74,0,0,50,0,50,0,28,66,30,124,68,156,224,348
07/08/2000,SJT,TX,ASW,CE,Federal Contract Tower,0,18,8,17,43,0,3,48,0,51,0,21,56,17,94,16,56,72,166
07/09/2000,SJT,TX,ASW,CE,Federal Contract Tower,0,14,7,8,29,0,2,41,0,43,0,16,48,8,72,60,48,108,180
07/10/2000,SJT,TX,ASW,CE,Federal Contract Tower,0,23,11,19,53,0,0,38,0,38,0,23,49,19,91,44,156,200,291
07/11/2000,SJT,TX,ASW,CE,Federal Contract Tower,0,25,12,26,63,0,2,58,0,60,0,27,70,26,123,28,102,130,253
07/12/2000,SJT,TX,ASW,CE,Federal Contract Tower,0,21,10,17,48,0,12,64,0,76,0,33,74,17,124,134,56,190,314
07/13/2000,SJT,TX,ASW,CE,Federal Contract Tower,0,18,9,15,42,0,11,53,0,64,0,29,62,15,106,114,114,228,334
07/14/2000,SJT,TX,ASW,CE,Federal Contract Tower,0,25,11,11,47,0,7,47,0,54,0,32,58,11,101,100,40,140,241
07/15/2000,SJT,TX,ASW,CE,Federal Contract Tower,0,17,8,4,29,0,6,49,0,55,0,23,57,4,84,52,46,98,182
07/16/2000,SJT,TX,ASW,CE,Federal Contract Tower,0,12,6,10,28,0,8,36,0,44,0,20,42,10,72,40,46,86,158
07/17/2000,SJT,TX,ASW,CE,Federal Contract Tower,0,23,11,12,46,0,4,48,0,52,0,27,59,12,98,56,94,150,248
07/18/2000,SJT,TX,ASW,CE,Federal Contract Tower,0,36,16,36,88,0,4,51,0,55,0,40,67,36,143,62,108,170,313
07/19/2000,SJT,TX,ASW,CE,Federal Contract Tower,0,24,11,21,56,0,8,53,0,61,0,32,64,21,117,94,60,154,271
07/20/2000,SJT,TX,ASW,CE,Federal Contract Tower,0,29,14,38,81,0,0,55,0,55,0,29,69,38,136,76,192,268,404
07/21/2000,SJT,TX,ASW,CE,Federal Contract Tower,0,30,14,29,73,0,0,62,0,62,0,30,76,29,135,82,122,204,339
07/22/2000,SJT,TX,ASW,CE,Federal Contract Tower,0,12,5,1,18,0,9,50,0,59,0,21,55,1,77,30,24,54,131
07/23/2000,SJT,TX,ASW,CE,Federal Contract Tower,0,17,8,19,44,0,0,57,0,57,0,17,65,19,101,52,60,112,213
07/24/2000,SJT,TX,ASW,CE,Federal Contract Tower,0,26,11,34,71,0,0,56,3,59,0,26,67,37,130,28,136,164,294
07/25/2000,SJT,TX,ASW,CE,Federal Contract Tower,0,25,11,18,54,0,7,46,0,53,0,32,57,18,107,44,88,132,239
07/26/2000,SJT,TX,ASW,CE,Federal Contract Tower,0,29,13,19,61,0,0,55,0,55,0,29,68,19,116,90,82,172,288
07/27/2000,SJT,TX,ASW,CE,Federal Contract Tower,0,34,15,37,86,0,0,73,0,73,0,34,88,37,159,114,88,202,361
07/28/2000,SJT,TX,ASW,CE,Federal Contract Tower,0,27,11,23,61,0,5,48,0,53,0,32,59,23,114,74,76,150,264
07/29/2000,SJT,TX,ASW,CE,Federal Contract Tower,0,16,6,4,26,0,5,56,0,61,0,21,62,4,87,38,6,44,131
07/30/2000,SJT,TX,ASW,CE,Federal Contract Tower,0,12,5,6,23,0,5,57,0,62,0,17,62,6,85,54,50,104,189
07/31/2000,SJT,TX,ASW,CE,Federal Contract Tower,0,25,10,26,61,0,3,40,0,43,0,28,50,26,104,44,136,180,284
08/01/2000,SJT,TX,ASW,CE,Federal Contract Tower,0,32,10,28,70,0,0,46,0,46,0,32,56,28,116,32,124,156,272
08/02/2000,SJT,TX,ASW,CE,Federal Contract Tower,0,31,10,22,63,0,0,63,0,63,0,31,73,22,126,108,166,274,400
08/03/2000,SJT,TX,ASW,CE,Federal Contract Tower,0,30,9,16,55,0,1,75,0,76,0,31,84,16,131,76,148,224,355
08/04/2000,SJT,TX,ASW,CE,Federal Contract Tower,0,32,9,21,62,0,1,57,0,58,0,33,66,21,120,38,74,112,232
08/05/2000,SJT,TX,ASW,CE,Federal Contract Tower,0,12,4,7,23,0,12,40,0,52,0,24,44,7,75,30,24,54,129
08/06/2000,SJT,TX,ASW,CE,Federal Contract Tower,0,8,2,2,12,0,8,57,0,65,0,16,59,2,77,46,0,46,123
08/07/2000,SJT,TX,ASW,CE,Federal Contract Tower,0,28,10,30,68,0,0,52,0,52,0,28,62,30,120,78,152,230,350
08/08/2000,SJT,TX,ASW,CE,Federal Contract Tower,0,31,13,47,91,0,0,26,0,26,0,31,39,47,117,4,118,122,239
08/09/2000,SJT,TX,ASW,CE,Federal Contract Tower,0,30,11,26,67,0,0,59,0,59,0,30,70,26,126,90,138,228,354
08/10/2000,SJT,TX,ASW,CE,Federal Contract Tower,0,32,10,24,66,0,2,49,0,51,0,34,59,24,117,24,62,86,203
08/11/2000,SJT,TX,ASW,CE,Federal Contract Tower,0,30,9,20,59,0,16,54,0,70,0,46,63,20,129,54,76,130,259
08/12/2000,SJT,TX,ASW,CE,Federal Contract Tower,0,20,7,15,42,0,1,72,0,73,0,21,79,15,115,50,48,98,213
08/13/2000,SJT,TX,ASW,CE,Federal Contract Tower,0,10,3,10,23,0,5,43,0,48,0,15,46,10,71,30,44,74,145
08/14/2000,SJT,TX,ASW,CE,Federal Contract Tower,0,26,8,6,40,0,1,52,0,53,0,27,60,6,93,76,32,108,201
08/15/2000,SJT,TX,ASW,CE,Federal Contract Tower,0,27,8,15,50,0,2,48,0,50,0,29,56,15,100,62,70,132,232
08/16/2000,SJT,TX,ASW,CE,Federal Contract Tower,0,31,10,23,64,0,0,48,0,48,0,31,58,23,112,42,112,154,266
08/17/2000,SJT,TX,ASW,CE,Federal Contract Tower,0,22,7,22,51,0,11,69,0,80,0,33,76,22,131,42,46,88,219
08/18/2000,SJT,TX,ASW,CE,Federal Contract Tower,0,32,10,22,64,0,0,51,0,51,0,32,61,22,115,60,86,146,261
08/19/2000,SJT,TX,ASW,CE,Federal Contract Tower,0,14,5,1,20,0,10,59,0,69,0,24,64,1,89,102,24,126,215
08/20/2000,SJT,TX,ASW,CE,Federal Contract Tower,0,11,4,9,24,0,4,36,0,40,0,15,40,9,64,56,34,90,154
08/21/2000,SJT,TX,ASW,CE,Federal Contract Tower,0,28,9,27,64,0,0,41,0,41,0,28,50,27,105,24,90,114,219
08/22/2000,SJT,TX,ASW,CE,Federal Contract Tower,0,26,10,5,41,0,0,71,0,71,0,26,81,5,112,50,82,132,244
08/23/2000,SJT,TX,ASW,CE,Federal Contract Tower,0,23,7,13,43,0,10,60,0,70,0,33,67,13,113,52,88,140,253
08/24/2000,SJT,TX,ASW,CE,Federal Contract Tower,0,30,8,15,53,0,2,44,0,46,0,32,52,15,99,38,104,142,241
08/25/2000,SJT,TX,ASW,CE,Federal Contract Tower,0,27,7,8,42,0,5,70,0,75,0,32,77,8,117,20,54,74,191
08/26/2000,SJT,TX,ASW,CE,Federal Contract Tower,0,20,5,10,35,0,3,50,0,53,0,23,55,10,88,44,52,96,184
08/27/2000,SJT,TX,ASW,CE,Federal Contract Tower,0,12,3,6,21,0,8,54,0,62,0,20,57,6,83,26,10,36,119
08/28/2000,SJT,TX,ASW,CE,Federal Contract Tower,0,26,10,27,63,0,0,34,0,34,0,26,44,27,97,30,146,176,273
08/29/2000,SJT,TX,ASW,CE,Federal Contract Tower,0,30,9,14,53,0,6,67,0,73,0,36,76,14,126,38,116,154,280
08/30/2000,SJT,TX,ASW,CE,Federal Contract Tower,0,34,11,18,63,0,0,52,0,52,0,34,63,18,115,40,172,212,327
08/31/2000,SJT,TX,ASW,CE,Federal Contract Tower,0,23,6,11,40,0,8,58,0,66,0,31,64,11,106,60,86,146,252
09/01/2000,SJT,TX,ASW,CE,Federal Contract Tower,0,29,14,17,60,0,0,58,0,58,0,29,72,17,118,32,142,174,292
09/02/2000,SJT,TX,ASW,CE,Federal Contract Tower,0,11,4,2,17,0,12,51,0,63,0,23,55,2,80,20,0,20,100
09/03/2000,SJT,TX,ASW,CE,Federal Contract Tower,0,7,2,0,9,0,7,45,0,52,0,14,47,0,61,14,0,14,75
09/04/2000,SJT,TX,ASW,CE,Federal Contract Tower,0,7,2,0,9,0,11,48,0,59,0,18,50,0,68,42,0,42,110
09/05/2000,SJT,TX,ASW,CE,Federal Contract Tower,0,28,12,20,60,0,0,54,0,54,0,28,66,20,114,44,92,136,250
09/06/2000,SJT,TX,ASW,CE,Federal Contract Tower,0,31,13,15,59,0,0,52,0,52,0,31,65,15,111,16,120,136,247
09/07/2000,SJT,TX,ASW,CE,Federal Contract Tower,0,29,11,13,53,0,3,71,0,74,0,32,82,13,127,38,90,128,255
09/08/2000,SJT,TX,ASW,CE,Federal Contract Tower,0,28,11,17,56,0,4,47,0,51,0,32,58,17,107,16,96,112,219
09/09/2000,SJT,TX,ASW,CE,Federal Contract Tower,0,21,8,13,42,0,5,37,0,42,0,26,45,13,84,18,36,54,138
09/10/2000,SJT,TX,ASW,CE,Federal Contract Tower,0,11,4,2,17,0,8,46,0,54,0,19,50,2,71,46,10,56,127
09/11/2000,SJT,TX,ASW,CE,Federal Contract Tower,0,25,9,14,48,0,3,60,0,63,0,28,69,14,111,6,84,90,201
09/12/2000,SJT,TX,ASW,CE,Federal Contract Tower,0,19,7,4,30,0,13,45,0,58,0,32,52,4,88,68,24,92,180
09/13/2000,SJT,TX,ASW,CE,Federal Contract Tower,0,23,8,23,54,0,8,43,19,70,0,31,51,42,124,24,152,176,300
09/14/2000,SJT,TX,ASW,CE,Federal Contract Tower,1,29,11,30,71,1,3,46,6,56,2,32,57,36,127,52,72,124,251
09/15/2000,SJT,TX,ASW,CE,Federal Contract Tower,0,35,19,24,78,0,0,42,0,42,0,35,61,24,120,28,128,156,276
09/16/2000,SJT,TX,ASW,CE,Federal Contract Tower,0,15,6,0,21,0,6,70,0,76,0,21,76,0,97,34,0,34,131
09/17/2000,SJT,TX,ASW,CE,Federal Contract Tower,0,11,5,3,19,2,8,35,0,45,2,19,40,3,64,24,12,36,100
09/18/2000,SJT,TX,ASW,CE,Federal Contract Tower,0,27,14,22,63,0,0,50,0,50,0,27,64,22,113,22,122,144,257
09/19/2000,SJT,TX,ASW,CE,Federal Contract Tower,0,31,13,23,67,0,0,41,0,41,0,31,54,23,108,32,64,96,204
09/20/2000,SJT,TX,ASW,CE,Federal Contract Tower,0,23,10,17,50,0,11,68,0,79,0,34,78,17,129,82,46,128,257
09/21/2000,SJT,TX,ASW,CE,Federal Contract Tower,0,32,17,30,79,0,0,51,0,51,0,32,68,30,130,78,112,190,320
09/22/2000,SJT,TX,ASW,CE,Federal Contract Tower,0,31,12,30,73,0,2,41,0,43,0,33,53,30,116,6,52,58,174
09/23/2000,SJT,TX,ASW,CE,Federal Contract Tower,0,20,8,2,30,0,7,25,0,32,0,27,33,2,62,16,58,74,136
09/24/2000,SJT,TX,ASW,CE,Federal Contract Tower,0,12,5,4,21,0,9,19,0,28,0,21,24,4,49,6,0,6,55
09/25/2000,SJT,TX,ASW,CE,Federal Contract Tower,0,23,12,16,51,0,0,61,0,61,0,23,73,16,112,74,100,174,286
09/26/2000,SJT,TX,ASW,CE,Federal Contract Tower,0,33,12,31,76,0,4,71,0,75,0,37,83,31,151,74,154,228,379
09/27/2000,SJT,TX,ASW,CE,Federal Contract Tower,0,23,8,15,46,0,10,75,0,85,0,33,83,15,131,114,46,160,291
09/28/2000,SJT,TX,ASW,CE,Federal Contract Tower,0,28,10,21,59,0,2,67,0,69,0,30,77,21,128,80,108,188,316
09/29/2000,SJT,TX,ASW,CE,Federal Contract Tower,0,17,6,3,26,0,15,56,0,71,0,32,62,3,97,4,10,14,111
09/30/2000,SJT,TX,ASW,CE,Federal Contract Tower,0,11,4,0,15,0,11,56,0,67,0,22,60,0,82,4,0,4,86
10/01/2000,SJT,TX,ASW,CE,Federal Contract Tower,0,10,7,3,20,0,11,32,0,43,0,21,39,3,63,20,32,52,115
10/02/2000,SJT,TX,ASW,CE,Federal Contract Tower,0,19,12,10,41,0,8,45,0,53,0,27,57,10,94,22,48,70,164
10/03/2000,SJT,TX,ASW,CE,Federal Contract Tower,0,22,14,23,59,0,10,38,0,48,0,32,52,23,107,36,52,88,195
10/04/2000,SJT,TX,ASW,CE,Federal Contract Tower,0,28,19,15,62,0,7,48,0,55,0,35,67,15,117,32,98,130,247
10/05/2000,SJT,TX,ASW,CE,Federal Contract Tower,0,21,14,5,40,0,16,51,0,67,0,37,65,5,107,90,26,116,223
10/06/2000,SJT,TX,ASW,CE,Federal Contract Tower,0,35,24,13,72,0,0,25,0,25,0,35,49,13,97,50,50,100,197
10/07/2000,SJT,TX,ASW,CE,Federal Contract Tower,0,10,7,5,22,0,7,8,0,15,0,17,15,5,37,2,0,2,39
10/08/2000,SJT,TX,ASW,CE,Federal Contract Tower,0,9,6,3,18,0,9,13,0,22,0,18,19,3,40,2,6,8,48
10/09/2000,SJT,TX,ASW,CE,Federal Contract Tower,0,15,9,12,36,0,9,29,0,38,0,24,38,12,74,66,0,66,140
10/10/2000,SJT,TX,ASW,CE,Federal Contract Tower,0,29,19,24,72,0,2,45,0,47,0,31,64,24,119,54,80,134,253
10/11/2000,SJT,TX,ASW,CE,Federal Contract Tower,0,33,30,42,105,0,0,47,0,47,0,33,77,42,152,62,66,128,280
10/12/2000,SJT,TX,ASW,CE,Federal Contract Tower,0,34,21,15,70,0,1,18,0,19,0,35,39,15,89,48,42,90,179
10/13/2000,SJT,TX,ASW,CE,Federal Contract Tower,0,30,19,31,80,0,5,33,6,44,0,35,52,37,124,56,98,154,278
10/14/2000,SJT,TX,ASW,CE,Federal Contract Tower,0,23,14,2,39,0,2,139,0,141,0,25,153,2,180,164,6,170,350
10/15/2000,SJT,TX,ASW,CE,Federal Contract Tower,0,14,13,4,31,0,0,24,0,24,0,14,37,4,55,24,0,24,79
10/16/2000,SJT,TX,ASW,CE,Federal Contract Tower,0,24,18,25,67,0,0,37,0,37,0,24,55,25,104,62,52,114,218
10/17/2000,SJT,TX,ASW,CE,Federal Contract Tower,0,20,12,8,40,0,7,21,0,28,0,27,33,8,68,2,64,66,134
10/18/2000,SJT,TX,ASW,CE,Federal Contract Tower,0,29,18,15,62,0,5,62,0,67,0,34,80,15,129,104,42,146,275
10/19/2000,SJT,TX,ASW,CE,Federal Contract Tower,0,26,18,21,65,0,4,50,0,54,0,30,68,21,119,36,80,116,235
10/20/2000,SJT,TX,ASW,CE,Federal Contract Tower,0,25,16,26,67,0,5,47,0,52,0,30,63,26,119,30,88,118,237
10/21/2000,SJT,TX,ASW,CE,Federal Contract Tower,0,15,10,6,31,0,7,25,0,32,0,22,35,6,63,44,8,52,115
10/22/2000,SJT,TX,ASW,CE,Federal Contract Tower,0,12,8,5,25,0,12,43,0,55,0,24,51,5,80,40,8,48,128
10/23/2000,SJT,TX,ASW,CE,Federal Contract Tower,0,17,12,6,35,0,7,7,0,14,0,24,19,6,49,0,134,134,183
10/24/2000,SJT,TX,ASW,CE,Federal Contract Tower,0,34,22,25,81,0,8,38,0,46,0,42,60,25,127,54,92,146,273
10/25/2000,SJT,TX,ASW,CE,Federal Contract Tower,0,41,33,36,110,0,0,17,0,17,0,41,50,36,127,72,164,236,363
10/26/2000,SJT,TX,ASW,CE,Federal Contract Tower,0,36,38,61,135,0,0,24,8,32,0,36,62,69,167,58,238,296,463
10/27/2000,SJT,TX,ASW,CE,Federal Contract Tower,0,35,32,28,95,0,0,40,0,40,0,35,72,28,135,74,214,288,423
10/28/2000,SJT,TX,ASW,CE,Federal Contract Tower,0,16,10,3,29,0,4,22,0,26,0,20,32,3,55,10,8,18,73
10/29/2000,SJT,TX,ASW,CE,Federal Contract Tower,0,14,9,10,33,0,2,48,0,50,0,16,57,10,83,54,16,70,153
10/30/2000,SJT,TX,ASW,CE,Federal Contract Tower,0,32,20,19,71,0,12,49,0,61,0,44,69,19,132,50,140,190,322
10/31/2000,SJT,TX,ASW,CE,Federal Contract Tower,0,33,20,33,86,0,6,21,0,27,0,39,41,33,113,66,132,198,311
11/01/2000,SJT,TX,ASW,CE,Federal Contract Tower,0,35,17,23,75,0,6,46,0,52,0,41,63,23,127,86,94,180,307
11/02/2000,SJT,TX,ASW,CE,Federal Contract Tower,0,37,18,26,81,0,0,27,0,27,0,37,45,26,108,34,160,194,302
11/03/2000,SJT,TX,ASW,CE,Federal Contract Tower,0,25,12,5,42,0,21,4,0,25,0,46,16,5,67,0,0,0,67
11/04/2000,SJT,TX,ASW,CE,Federal Contract Tower,0,19,9,1,29,0,9,2,0,11,0,28,11,1,40,10,0,10,50
11/05/2000,SJT,TX,ASW,CE,Federal Contract Tower,0,9,4,2,15,0,4,11,0,15,0,13,15,2,30,0,0,0,30
11/06/2000,SJT,TX,ASW,CE,Federal Contract Tower,0,25,12,20,57,0,4,47,14,65,0,29,59,34,122,84,220,304,426
11/07/2000,SJT,TX,ASW,CE,Federal Contract Tower,0,35,17,4,56,0,11,17,0,28,0,46,34,4,84,14,8,22,106
11/08/2000,SJT,TX,ASW,CE,Federal Contract Tower,0,24,11,8,43,0,6,6,0,12,0,30,17,8,55,48,22,70,125
11/09/2000,SJT,TX,ASW,CE,Federal Contract Tower,0,35,25,41,101,0,0,47,17,64,0,35,72,58,165,28,228,256,421
11/10/2000,SJT,TX,ASW,CE,Federal Contract Tower,0,22,10,13,45,0,9,58,0,67,0,31,68,13,112,72,14,86,198
11/11/2000,SJT,TX,ASW,CE,Federal Contract Tower,0,16,7,3,26,0,3,38,0,41,0,19,45,3,67,18,2,20,87
11/12/2000,SJT,TX,ASW,CE,Federal Contract Tower,0,14,6,12,32,0,4,12,2,18,0,18,18,14,50,10,44,54,104
11/13/2000,SJT,TX,ASW,CE,Federal Contract Tower,0,22,10,18,50,0,4,49,6,59,0,26,59,24,109,22,146,168,277
11/14/2000,SJT,TX,ASW,CE,Federal Contract Tower,0,25,12,21,58,0,5,61,12,78,0,30,73,33,136,94,254,348,484
11/15/2000,SJT,TX,ASW,CE,Federal Contract Tower,0,33,24,29,86,0,0,33,0,33,0,33,57,29,119,44,120,164,283
11/16/2000,SJT,TX,ASW,CE,Federal Contract Tower,0,34,19,22,75,0,0,52,0,52,0,34,71,22,127,80,86,166,293
11/17/2000,SJT,TX,ASW,CE,Federal Contract Tower,0,32,18,14,64,0,0,46,0,46,0,32,64,14,110,58,84,142,252
11/18/2000,SJT,TX,ASW,CE,Federal Contract Tower,0,14,7,0,21,0,8,1,0,9,0,22,8,0,30,0,0,0,30
11/19/2000,SJT,TX,ASW,CE,Federal Contract Tower,0,17,12,18,47,0,0,64,7,71,0,17,76,25,118,32,68,100,218
11/20/2000,SJT,TX,ASW,CE,Federal Contract Tower,0,27,14,21,62,0,0,54,1,55,0,27,68,22,117,94,170,264,381
11/21/2000,SJT,TX,ASW,CE,Federal Contract Tower,0,31,15,24,70,0,4,64,14,82,0,35,79,38,152,120,144,264,416
11/22/2000,SJT,TX,ASW,CE,Federal Contract Tower,0,33,17,14,64,0,0,25,0,25,0,33,42,14,89,36,46,82,171
11/23/2000,SJT,TX,ASW,CE,Federal Contract Tower,0,7,4,0,11,0,8,10,0,18,0,15,14,0,29,12,0,12,41
11/24/2000,SJT,TX,ASW,CE,Federal Contract Tower,0,16,8,0,24,0,7,32,0,39,0,23,40,0,63,6,0,6,69
11/25/2000,SJT,TX,ASW,CE,Federal Contract Tower,0,19,9,5,33,0,1,82,0,83,0,20,91,5,116,84,0,84,200
11/26/2000,SJT,TX,ASW,CE,Federal Contract Tower,0,15,7,2,24,0,2,38,0,40,0,17,45,2,64,24,0,24,88
11/27/2000,SJT,TX,ASW,CE,Federal Contract Tower,0,28,16,15,59,0,0,52,0,52,0,28,68,15,111,58,206,264,375
11/28/2000,SJT,TX,ASW,CE,Federal Contract Tower,0,30,19,33,82,0,0,48,2,50,0,30,67,35,132,42,222,264,396
11/29/2000,SJT,TX,ASW,CE,Federal Contract Tower,0,28,13,12,53,0,5,61,0,66,0,33,74,12,119,70,86,156,275
11/30/2000,SJT,TX,ASW,CE,Federal Contract Tower,0,33,16,21,70,0,1,15,0,16,0,34,31,21,86,40,150,190,276
12/01/2000,SJT,TX,ASW,CE,Federal Contract Tower,0,37,20,27,84,0,0,29,0,29,0,37,49,27,113,12,114,126,239
12/02/2000,SJT,TX,ASW,CE,Federal Contract Tower,0,16,6,4,26,0,11,49,0,60,0,27,55,4,86,48,10,58,144
12/03/2000,SJT,TX,ASW,CE,Federal Contract Tower,0,11,5,2,18,0,9,8,0,17,0,20,13,2,35,0,4,4,39
12/04/2000,SJT,TX,ASW,CE,Federal Contract Tower,0,27,12,17,56,0,0,17,0,17,0,27,29,17,73,34,70,104,177
12/05/2000,SJT,TX,ASW,CE,Federal Contract Tower,0,33,16,38,87,0,0,18,0,18,0,33,34,38,105,40,90,130,235
12/06/2000,SJT,TX,ASW,CE,Federal Contract Tower,0,34,20,51,105,0,0,36,0,36,0,34,56,51,141,38,152,190,331
12/07/2000,SJT,TX,ASW,CE,Federal Contract Tower,0,31,13,15,59,0,7,67,0,74,0,38,80,15,133,32,92,124,257
12/08/2000,SJT,TX,ASW,CE,Federal Contract Tower,0,32,16,36,84,0,0,54,0,54,0,32,70,36,138,90,226,316,454
12/09/2000,SJT,TX,ASW,CE,Federal Contract Tower,0,12,4,1,17,0,9,45,0,54,0,21,49,1,71,106,18,124,195
12/10/2000,SJT,TX,ASW,CE,Federal Contract Tower,0,12,5,4,21,0,5,57,0,62,0,17,62,4,83,22,12,34,117
12/11/2000,SJT,TX,ASW,CE,Federal Contract Tower,0,27,12,15,54,0,3,8,0,11,0,30,20,15,65,18,124,142,207
12/12/2000,SJT,TX,ASW,CE,Federal Contract Tower,0,17,7,6,30,0,8,13,0,21,0,25,20,6,51,32,48,80,131
12/13/2000,SJT,TX,ASW,CE,Federal Contract Tower,0,25,16,38,79,0,0,30,13,43,0,25,46,51,122,20,308,328,450
12/14/2000,SJT,TX,ASW,CE,Federal Contract Tower,0,26,11,26,63,0,5,54,22,81,0,31,65,48,144,40,120,160,304
12/15/2000,SJT,TX,ASW,CE,Federal Contract Tower,0,36,20,40,96,0,0,33,0,33,0,36,53,40,129,14,64,78,207
12/16/2000,SJT,TX,ASW,CE,Federal Contract Tower,0,17,8,13,38,0,4,54,0,58,0,21,62,13,96,26,10,36,132
12/17/2000,SJT,TX,ASW,CE,Federal Contract Tower,0,19,11,19,49,0,0,35,0,35,0,19,46,19,84,4,86,90,174
12/18/2000,SJT,TX,ASW,CE,Federal Contract Tower,0,28,21,45,94,0,0,50,0,50,0,28,71,45,144,26,370,396,540
12/19/2000,SJT,TX,ASW,CE,Federal Contract Tower,0,35,15,36,86,0,0,54,7,61,0,35,69,43,147,36,212,248,395
12/20/2000,SJT,TX,ASW,CE,Federal Contract Tower,0,32,14,27,73,0,9,54,0,63,0,41,68,27,136,16,174,190,326
12/21/2000,SJT,TX,ASW,CE,Federal Contract Tower,0,32,14,27,73,0,5,74,0,79,0,37,88,27,152,136,194,330,482
12/22/2000,SJT,TX,ASW,CE,Federal Contract Tower,0,36,15,2,53,0,4,46,0,50,0,40,61,2,103,38,4,42,145
12/23/2000,SJT,TX,ASW,CE,Federal Contract Tower,0,19,8,0,27,0,5,47,0,52,0,24,55,0,79,60,0,60,139
12/24/2000,SJT,TX,ASW,CE,Federal Contract Tower,0,4,2,0,6,0,4,0,0,4,0,8,2,0,10,0,0,0,10
12/25/2000,SJT,TX,ASW,CE,Federal Contract Tower,0,4,1,0,5,0,4,0,0,4,0,8,1,0,9,2,0,2,11
12/26/2000,SJT,TX,ASW,CE,Federal Contract Tower,0,4,2,0,6,0,3,12,0,15,0,7,14,0,21,0,0,0,21
12/27/2000,SJT,TX,ASW,CE,Federal Contract Tower,0,18,7,3,28,0,10,23,0,33,0,28,30,3,61,48,8,56,117
12/28/2000,SJT,TX,ASW,CE,Federal Contract Tower,0,24,10,17,51,0,12,84,0,96,0,36,94,17,147,76,24,100,247
12/29/2000,SJT,TX,ASW,CE,Federal Contract Tower,0,17,6,12,35,0,13,57,0,70,0,30,63,12,105,40,6,46,151
12/30/2000,SJT,TX,ASW,CE,Federal Contract Tower,0,12,4,0,16,0,13,58,0,71,0,25,62,0,87,52,0,52,139
12/31/2000,SJT,TX,ASW,CE,Federal Contract Tower,0,8,3,0,11,0,3,15,0,18,0,11,18,0,29,16,0,16,45
01/01/2001,SJT,TX,ASW,CE,Federal Contract Tower,0,6,3,0,9,0,1,9,0,10,0,7,12,0,19,0,0,0,19
01/02/2001,SJT,TX,ASW,CE,Federal Contract Tower,0,12,6,7,25,0,9,2,0,11,0,21,8,7,36,4,0,4,40
01/03/2001,SJT,TX,ASW,CE,Federal Contract Tower,0,22,11,6,39,0,15,67,0,82,0,37,78,6,121,72,96,168,289
01/04/2001,SJT,TX,ASW,CE,Federal Contract Tower,0,28,14,29,71,0,4,63,0,67,0,32,77,29,138,58,214,272,410
01/05/2001,SJT,TX,ASW,CE,Federal Contract Tower,0,29,14,34,77,0,9,55,0,64,0,38,69,34,141,60,172,232,373
01/06/2001,SJT,TX,ASW,CE,Federal Contract Tower,0,12,6,4,22,0,14,66,0,80,0,26,72,4,102,40,8,48,150
01/07/2001,SJT,TX,ASW,CE,Federal Contract Tower,0,11,6,11,28,0,7,35,0,42,0,18,41,11,70,4,2,6,76
01/08/2001,SJT,TX,ASW,CE,Federal Contract Tower,0,23,12,30,65,0,4,55,3,62,0,27,67,33,127,48,188,236,363
01/09/2001,SJT,TX,ASW,CE,Federal Contract Tower,0,24,12,31,67,0,6,37,4,47,0,30,49,35,114,20,114,134,248
01/10/2001,SJT,TX,ASW,CE,Federal Contract Tower,0,24,12,18,54,0,9,0,0,9,0,33,12,18,63,20,34,54,117
01/11/2001,SJT,TX,ASW,CE,Federal Contract Tower,0,33,17,31,81,0,4,73,0,77,0,37,90,31,158,72,182,254,412
01/12/2001,SJT,TX,ASW,CE,Federal Contract Tower,0,25,13,12,50,0,3,29,0,32,0,28,42,12,82,46,66,112,194
01/13/2001,SJT,TX,ASW,CE,Federal Contract Tower,0,16,8,19,43,0,6,16,2,24,0,22,24,21,67,26,74,100,167
01/14/2001,SJT,TX,ASW,CE,Federal Contract Tower,0,18,10,4,32,0,0,52,0,52,0,18,62,4,84,16,0,16,100
01/15/2001,SJT,TX,ASW,CE,Federal Contract Tower,0,20,10,10,40,0,9,39,0,48,0,29,49,10,88,30,32,62,150
01/16/2001,SJT,TX,ASW,CE,Federal Contract Tower,0,24,11,15,50,0,8,0,0,8,0,32,11,15,58,6,26,32,90
01/17/2001,SJT,TX,ASW,CE,Federal Contract Tower,0,25,12,11,48,0,8,1,0,9,0,33,13,11,57,12,6,18,75
01/18/2001,SJT,TX,ASW,CE,Federal Contract Tower,0,30,15,5,50,0,6,11,0,17,0,36,26,5,67,44,8,52,119
01/19/2001,SJT,TX,ASW,CE,Federal Contract Tower,0,32,20,52,104,0,0,50,4,54,0,32,70,56,158,54,208,262,420
01/20/2001,SJT,TX,ASW,CE,Federal Contract Tower,0,17,8,20,45,0,3,24,9,36,0,20,32,29,81,48,48,96,177
01/21/2001,SJT,TX,ASW,CE,Federal Contract Tower,0,14,7,16,37,0,3,52,0,55,0,17,59,16,92,62,38,100,192
01/22/2001,SJT,TX,ASW,CE,Federal Contract Tower,0,24,18,45,87,0,0,43,9,52,0,24,61,54,139,40,212,252,391
01/23/2001,SJT,TX,ASW,CE,Federal Contract Tower,0,37,21,39,97,0,0,41,0,41,0,37,62,39,138,98,272,370,508
01/24/2001,SJT,TX,ASW,CE,Federal Contract Tower,0,38,27,44,109,0,0,46,0,46,0,38,73,44,155,96,342,438,593
01/25/2001,SJT,TX,ASW,CE,Federal Contract Tower,0,31,24,44,99,0,0,34,0,34,0,31,58,44,133,64,164,228,361
01/26/2001,SJT,TX,ASW,CE,Federal Contract Tower,0,33,20,55,108,0,0,37,0,37,0,33,57,55,145,48,242,290,435
01/27/2001,SJT,TX,ASW,CE,Federal Contract Tower,0,9,4,0,13,0,12,1,0,13,0,21,5,0,26,0,0,0,26
01/28/2001,SJT,TX,ASW,CE,Federal Contract Tower,0,9,4,0,13,0,8,8,0,16,0,17,12,0,29,0,0,0,29
01/29/2001,SJT,TX,ASW,CE,Federal Contract Tower,0,25,15,34,74,0,0,15,0,15,0,25,30,34,89,8,90,98,187
01/30/2001,SJT,TX,ASW,CE,Federal Contract Tower,0,29,14,37,80,0,4,41,0,45,0,33,55,37,125,18,94,112,237
01/31/2001,SJT,TX,ASW,CE,Federal Contract Tower,0,29,15,33,77,0,0,73,0,73,0,29,88,33,150,36,154,190,340
02/01/2001,SJT,TX,ASW,CE,Federal Contract Tower,0,30,21,28,79,0,0,64,0,64,0,30,85,28,143,64,110,174,317
02/02/2001,SJT,TX,ASW,CE,Federal Contract Tower,0,27,18,34,79,0,3,43,0,46,0,30,61,34,125,40,84,124,249
02/03/2001,SJT,TX,ASW,CE,Federal Contract Tower,0,10,7,8,25,0,11,38,0,49,0,21,45,8,74,54,20,74,148
02/04/2001,SJT,TX,ASW,CE,Federal Contract Tower,0,11,8,13,32,0,7,42,0,49,0,18,50,13,81,34,30,64,145
02/05/2001,SJT,TX,ASW,CE,Federal Contract Tower,0,29,19,23,71,0,0,13,0,13,0,29,32,23,84,2,204,206,290
02/06/2001,SJT,TX,ASW,CE,Federal Contract Tower,0,32,20,39,91,0,0,53,0,53,0,32,73,39,144,82,138,220,364
02/07/2001,SJT,TX,ASW,CE,Federal Contract Tower,0,29,31,63,123,0,0,42,7,49,0,29,73,70,172,58,314,372,544
02/08/2001,SJT,TX,ASW,CE,Federal Contract Tower,0,26,16,32,74,0,10,47,5,62,0,36,63,37,136,20,66,86,222
02/09/2001,SJT,TX,ASW,CE,Federal Contract Tower,0,34,22,43,99,0,0,32,4,36,0,34,54,47,135,20,240,260,395
02/10/2001,SJT,TX,ASW,CE,Federal Contract Tower,0,15,9,5,29,0,6,57,0,63,0,21,66,5,92,58,16,74,166
02/11/2001,SJT,TX,ASW,CE,Federal Contract Tower,0,14,10,7,31,0,7,31,0,38,0,21,41,7,69,0,20,20,89
02/12/2001,SJT,TX,ASW,CE,Federal Contract Tower,0,27,26,32,85,0,0,31,0,31,0,27,57,32,116,40,132,172,288
02/13/2001,SJT,TX,ASW,CE,Federal Contract Tower,0,30,19,37,86,0,1,22,18,41,0,31,41,55,127,34,166,200,327
02/14/2001,SJT,TX,ASW,CE,Federal Contract Tower,0,23,15,29,67,0,8,8,19,35,0,31,23,48,102,62,184,246,348
02/15/2001,SJT,TX,ASW,CE,Federal Contract Tower,0,28,18,17,63,0,1,4,0,5,0,29,22,17,68,6,34,40,108
02/16/2001,SJT,TX,ASW,CE,Federal Contract Tower,0,35,25,27,87,0,0,17,0,17,0,35,42,27,104,26,58,84,188
02/17/2001,SJT,TX,ASW,CE,Federal Contract Tower,0,14,10,8,32,0,6,70,0,76,0,20,80,8,108,40,10,50,158
02/18/2001,SJT,TX,ASW,CE,Federal Contract Tower,0,11,7,2,20,0,9,48,0,57,0,20,55,2,77,20,0,20,97
02/19/2001,SJT,TX,ASW,CE,Federal Contract Tower,0,17,10,6,33,0,6,56,0,62,0,23,66,6,95,44,32,76,171
02/20/2001,SJT,TX,ASW,CE,Federal Contract Tower,0,31,21,43,95,0,0,33,9,42,0,31,54,52,137,76,234,310,447
02/21/2001,SJT,TX,ASW,CE,Federal Contract Tower,0,26,17,29,72,0,0,3,0,3,0,26,20,29,75,14,16,30,105
02/22/2001,SJT,TX,ASW,CE,Federal Contract Tower,0,25,15,12,52,0,4,12,0,16,0,29,27,12,68,2,20,22,90
02/23/2001,SJT,TX,ASW,CE,Federal Contract Tower,0,17,10,10,37,0,15,3,0,18,0,32,13,10,55,2,0,2,57
02/24/2001,SJT,TX,ASW,CE,Federal Contract Tower,0,13,7,16,36,0,7,14,0,21,0,20,21,16,57,26,4,30,87
02/25/2001,SJT,TX,ASW,CE,Federal Contract Tower,0,15,9,7,31,0,4,65,0,69,0,19,74,7,100,56,2,58,158
02/26/2001,SJT,TX,ASW,CE,Federal Contract Tower,0,24,24,29,77,0,0,41,0,41,0,24,65,29,118,66,226,292,410
02/27/2001,SJT,TX,ASW,CE,Federal Contract Tower,0,20,12,10,42,0,14,3,0,17,0,34,15,10,59,34,40,74,133
02/28/2001,SJT,TX,ASW,CE,Federal Contract Tower,0,9,2,2,13,0,15,0,0,15,0,24,2,2,28,0,0,0,28
03/01/2001,SJT,TX,ASW,CE,Federal Contract Tower,0,31,21,33,85,0,0,33,0,33,0,31,54,33,118,34,202,236,354
03/02/2001,SJT,TX,ASW,CE,Federal Contract Tower,0,24,15,44,83,0,5,19,3,27,0,29,34,47,110,78,104,182,292
03/03/2001,SJT,TX,ASW,CE,Federal Contract Tower,0,9,5,5,19,0,9,25,0,34,0,18,30,5,53,26,12,38,91
03/04/2001,SJT,TX,ASW,CE,Federal Contract Tower,0,15,10,14,39,0,3,68,0,71,0,18,78,14,110,38,60,98,208
03/05/2001,SJT,TX,ASW,CE,Federal Contract Tower,0,18,11,18,47,0,8,64,0,72,0,26,75,18,119,34,126,160,279
03/06/2001,SJT,TX,ASW,CE,Federal Contract Tower,0,20,12,37,69,0,8,56,0,64,0,28,68,37,133,16,94,110,243
03/07/2001,SJT,TX,ASW,CE,Federal Contract Tower,0,27,17,41,85,0,0,51,0,51,0,27,68,41,136,72,168,240,376
03/08/2001,SJT,TX,ASW,CE,Federal Contract Tower,0,17,10,3,30,0,12,36,0,48,0,29,46,3,78,82,40,122,200
03/09/2001,SJT,TX,ASW,CE,Federal Contract Tower,0,25,15,26,66,0,2,45,0,47,0,27,60,26,113,202,94,296,409
03/10/2001,SJT,TX,ASW,CE,Federal Contract Tower,0,13,8,4,25,0,8,36,0,44,0,21,44,4,69,66,20,86,155
03/11/2001,SJT,TX,ASW,CE,Federal Contract Tower,0,16,9,19,44,0,4,27,0,31,0,20,36,19,75,88,94,182,257
03/12/2001,SJT,TX,ASW,CE,Federal Contract Tower,0,26,19,35,80,0,0,41,0,41,0,26,60,35,121,44,278,322,443
03/13/2001,SJT,TX,ASW,CE,Federal Contract Tower,0,25,16,44,85,0,3,57,22,82,0,28,73,66,167,52,242,294,461
03/14/2001,SJT,TX,ASW,CE,Federal Contract Tower,0,18,12,31,61,0,7,33,2,42,0,25,45,33,103,30,62,92,195
03/15/2001,SJT,TX,ASW,CE,Federal Contract Tower,0,24,22,50,96,0,0,41,0,41,0,24,63,50,137,34,208,242,379
03/16/2001,SJT,TX,ASW,CE,Federal Contract Tower,0,27,19,35,81,0,0,81,0,81,0,27,100,35,162,20,90,110,272
03/17/2001,SJT,TX,ASW,CE,Federal Contract Tower,0,13,9,7,29,0,6,47,0,53,0,19,56,7,82,42,30,72,154
03/18/2001,SJT,TX,ASW,CE,Federal Contract Tower,0,14,9,10,33,0,5,18,0,23,0,19,27,10,56,30,12,42,98
03/19/2001,SJT,TX,ASW,CE,Federal Contract Tower,0,24,17,47,88,0,0,35,22,57,0,24,52,69,145,50,324,374,519
03/20/2001,SJT,TX,ASW,CE,Federal Contract Tower,0,21,13,35,69,0,6,66,31,103,0,27,79,66,172,72,168,240,412
03/21/2001,SJT,TX,ASW,CE,Federal Contract Tower,0,30,19,41,90,0,0,48,0,48,0,30,67,41,138,60,174,234,372
03/22/2001,SJT,TX,ASW,CE,Federal Contract Tower,0,26,17,44,87,0,6,54,0,60,0,32,71,44,147,50,124,174,321
03/23/2001,SJT,TX,ASW,CE,Federal Contract Tower,0,28,22,34,84,0,0,49,0,49,0,28,71,34,133,78,220,298,431
03/24/2001,SJT,TX,ASW,CE,Federal Contract Tower,0,17,11,6,34,0,2,19,0,21,0,19,30,6,55,6,12,18,73
03/25/2001,SJT,TX,ASW,CE,Federal Contract Tower,0,13,8,12,33,0,5,26,0,31,0,18,34,12,64,22,32,54,118
03/26/2001,SJT,TX,ASW,CE,Federal Contract Tower,0,25,19,37,81,0,0,23,0,23,0,25,42,37,104,68,208,276,380
03/27/2001,SJT,TX,ASW,CE,Federal Contract Tower,0,15,9,3,27,0,15,5,0,20,0,30,14,3,47,4,2,6,53
03/28/2001,SJT,TX,ASW,CE,Federal Contract Tower,0,23,15,13,51,0,8,15,0,23,0,31,30,13,74,36,66,102,176
03/29/2001,SJT,TX,ASW,CE,Federal Contract Tower,0,27,32,78,137,0,0,29,0,29,0,27,61,78,166,28,188,216,382
03/30/2001,SJT,TX,ASW,CE,Federal Contract Tower,0,32,22,44,98,0,0,30,0,30,0,32,52,44,128,66,192,258,386
03/31/2001,SJT,TX,ASW,CE,Federal Contract Tower,0,17,10,14,41,0,0,62,0,62,0,17,72,14,103,108,22,130,233
04/01/2001,SJT,TX,ASW,CE,Federal Contract Tower,0,13,14,16,43,0,1,18,1,20,0,14,32,17,63,0,34,34,97
04/02/2001,SJT,TX,ASW,CE,Federal Contract Tower,0,21,5,35,61,0,1,35,0,36,0,22,40,35,97,36,170,206,303
04/03/2001,SJT,TX,ASW,CE,Federal Contract Tower,0,23,14,44,81,0,1,48,1,50,0,24,62,45,131,80,114,194,325
04/04/2001,SJT,TX,ASW,CE,Federal Contract Tower,0,25,18,33,76,0,0,58,0,58,0,25,76,33,134,74,106,180,314
04/05/2001,SJT,TX,ASW,CE,Federal Contract Tower,0,27,15,45,87,0,4,27,0,31,0,31,42,45,118,46,200,246,364
04/06/2001,SJT,TX,ASW,CE,Federal Contract Tower,2,27,20,27,76,0,2,25,0,27,2,29,45,27,103,12,68,80,183
04/07/2001,SJT,TX,ASW,CE,Federal Contract Tower,0,20,8,15,43,0,1,47,1,49,0,21,55,16,92,16,26,42,134
04/08/2001,SJT,TX,ASW,CE,Federal Contract Tower,0,16,10,5,31,0,3,19,0,22,0,19,29,5,53,34,18,52,105
04/09/2001,SJT,TX,ASW,CE,Federal Contract Tower,0,24,14,23,61,0,3,31,0,34,0,27,45,23,95,70,128,198,293
04/10/2001,SJT,TX,ASW,CE,Federal Contract Tower,0,28,22,20,70,0,2,24,0,26,0,30,46,20,96,22,60,82,178
04/11/2001,SJT,TX,ASW,CE,Federal Contract Tower,0,26,13,36,75,0,5,36,16,57,0,31,49,52,132,14,104,118,250
04/12/2001,SJT,TX,ASW,CE,Federal Contract Tower,0,23,19,42,84,0,1,79,0,80,0,24,98,42,164,74,228,302,466
04/13/2001,SJT,TX,ASW,CE,Federal Contract Tower,0,17,12,18,47,0,13,65,0,78,0,30,77,18,125,44,2,46,171
04/14/2001,SJT,TX,ASW,CE,Federal Contract Tower,0,23,15,6,44,0,2,24,0,26,0,25,39,6,70,60,0,60,130
04/15/2001,SJT,TX,ASW,CE,Federal Contract Tower,0,16,13,0,29,0,0,25,0,25,0,16,38,0,54,18,0,18,72
04/16/2001,SJT,TX,ASW,CE,Federal Contract Tower,0,24,30,41,95,0,1,49,0,50,0,25,79,41,145,58,194,252,397
04/17/2001,SJT,TX,ASW,CE,Federal Contract Tower,0,28,8,21,57,0,0,27,49,76,0,28,35,70,133,56,140,196,329
04/18/2001,SJT,TX,ASW,CE,Federal Contract Tower,0,27,20,22,69,0,1,25,13,39,0,28,45,35,108,36,54,90,198
04/19/2001,SJT,TX,ASW,CE,Federal Contract Tower,0,26,24,23,73,0,1,34,4,39,0,27,58,27,112,30,96,126,238
04/20/2001,SJT,TX,ASW,CE,Federal Contract Tower,0,19,12,25,56,0,10,58,12,80,0,29,70,37,136,48,94,142,278
04/21/2001,SJT,TX,ASW,CE,Federal Contract Tower,0,20,12,3,35,0,0,18,6,24,0,20,30,9,59,6,4,10,69
04/22/2001,SJT,TX,ASW,CE,Federal Contract Tower,0,16,5,3,24,0,0,24,2,26,0,16,29,5,50,28,8,36,86
04/23/2001,SJT,TX,ASW,CE,Federal Contract Tower,0,24,24,17,65,0,5,56,0,61,0,29,80,17,126,64,118,182,308
04/24/2001,SJT,TX,ASW,CE,Federal Contract Tower,0,26,29,25,80,0,0,76,13,89,0,26,105,38,169,84,120,204,373
04/25/2001,SJT,TX,ASW,CE,Federal Contract Tower,0,28,12,29,69,0,1,53,10,64,0,29,65,39,133,52,112,164,297
04/26/2001,SJT,TX,ASW,CE,Federal Contract Tower,0,26,16,22,64,0,1,47,0,48,0,27,63,22,112,28,130,158,270
04/27/2001,SJT,TX,ASW,CE,Federal Contract Tower,0,25,15,45,85,0,1,70,0,71,0,26,85,45,156,24,184,208,364
04/28/2001,SJT,TX,ASW,CE,Federal Contract Tower,0,21,9,4,34,0,0,80,0,80,0,21,89,4,114,36,6,42,156
04/29/2001,SJT,TX,ASW,CE,Federal Contract Tower,0,14,7,29,50,0,0,51,0,51,0,14,58,29,101,35,136,171,272
04/30/2001,SJT,TX,ASW,CE,Federal Contract Tower,0,24,10,12,46,0,2,45,0,47,0,26,55,12,93,30,38,68,161
05/01/2001,SJT,TX,ASW,CE,Federal Contract Tower,0,26,10,19,55,0,2,56,0,58,0,28,66,19,113,22,56,78,191
05/02/2001,SJT,TX,ASW,CE,Federal Contract Tower,0,24,15,27,66,0,0,46,0,46,0,24,61,27,112,34,70,104,216
05/03/2001,SJT,TX,ASW,CE,Federal Contract Tower,0,29,18,15,62,0,1,24,0,25,0,30,42,15,87,52,46,98,185
05/04/2001,SJT,TX,ASW,CE,Federal Contract Tower,0,21,11,9,41,0,1,11,1,13,0,22,22,10,54,0,8,8,62
05/05/2001,SJT,TX,ASW,CE,Federal Contract Tower,0,19,23,3,45,0,1,16,2,19,0,20,39,5,64,8,8,16,80
05/06/2001,SJT,TX,ASW,CE,Federal Contract Tower,0,16,14,2,32,0,1,27,0,28,0,17,41,2,60,22,12,34,94
05/07/2001,SJT,TX,ASW,CE,Federal Contract Tower,0,22,9,21,52,0,2,46,0,48,0,24,55,21,100,42,206,248,348
05/08/2001,SJT,TX,ASW,CE,Federal Contract Tower,0,28,17,12,57,0,3,34,1,38,0,31,51,13,95,102,26,128,223
05/09/2001,SJT,TX,ASW,CE,Federal Contract Tower,0,28,7,62,97,0,4,68,0,72,0,32,75,62,169,48,210,258,427
05/10/2001,SJT,TX,ASW,CE,Federal Contract Tower,0,27,11,35,73,0,3,66,0,69,0,30,77,35,142,32,206,238,380
05/11/2001,SJT,TX,ASW,CE,Federal Contract Tower,0,29,18,56,103,0,6,42,0,48,0,35,60,56,151,40,302,342,493
05/12/2001,SJT,TX,ASW,CE,Federal Contract Tower,0,19,3,5,27,0,1,54,0,55,0,20,57,5,82,52,20,72,154
05/13/2001,SJT,TX,ASW,CE,Federal Contract Tower,0,5,2,10,17,0,11,47,7,65,0,16,49,17,82,34,28,62,144
05/14/2001,SJT,TX,ASW,CE,Federal Contract Tower,0,13,7,23,43,0,10,55,13,78,0,23,62,36,121,72,176,248,369
05/15/2001,SJT,TX,ASW,CE,Federal Contract Tower,0,24,18,58,100,0,0,35,9,44,0,24,53,67,144,46,292,338,482
05/16/2001,SJT,TX,ASW,CE,Federal Contract Tower,0,22,7,55,84,0,4,45,0,49,0,26,52,55,133,28,184,212,345
05/17/2001,SJT,TX,ASW,CE,Federal Contract Tower,0,23,11,41,75,0,3,56,0,59,0,26,67,41,134,44,176,220,354
05/18/2001,SJT,TX,ASW,CE,Federal Contract Tower,0,25,23,66,114,0,2,49,0,51,0,27,72,66,165,38,236,274,439
05/19/2001,SJT,TX,ASW,CE,Federal Contract Tower,0,20,5,2,27,0,1,46,2,49,0,21,51,4,76,26,0,26,102
05/20/2001,SJT,TX,ASW,CE,Federal Contract Tower,0,9,5,18,32,0,9,41,0,50,0,18,46,18,82,16,44,60,142
05/21/2001,SJT,TX,ASW,CE,Federal Contract Tower,0,23,23,41,87,0,8,41,9,58,0,31,64,50,145,114,152,266,411
05/22/2001,SJT,TX,ASW,CE,Federal Contract Tower,0,25,7,37,69,0,1,56,0,57,0,26,63,37,126,104,116,220,346
05/23/2001,SJT,TX,ASW,CE,Federal Contract Tower,0,25,10,48,83,0,1,71,0,72,0,26,81,48,155,62,158,220,375
05/24/2001,SJT,TX,ASW,CE,Federal Contract Tower,0,28,4,48,80,0,2,64,0,66,0,30,68,48,146,34,200,234,380
05/25/2001,SJT,TX,ASW,CE,Federal Contract Tower,0,29,4,4,37,0,0,48,7,55,0,29,52,11,92,58,32,90,182
05/26/2001,SJT,TX,ASW,CE,Federal Contract Tower,0,17,7,2,26,0,1,27,0,28,0,18,34,2,54,52,0,52,106
05/27/2001,SJT,TX,ASW,CE,Federal Contract Tower,0,14,3,4,21,0,4,36,7,47,0,18,39,11,68,16,12,28,96
05/28/2001,SJT,TX,ASW,CE,Federal Contract Tower,0,15,11,6,32,0,0,34,1,35,0,15,45,7,67,66,38,104,171
05/29/2001,SJT,TX,ASW,CE,Federal Contract Tower,0,32,18,46,96,0,0,37,0,37,0,32,55,46,133,62,254,316,449
05/30/2001,SJT,TX,ASW,CE,Federal Contract Tower,0,28,12,43,83,0,1,44,0,45,0,29,56,43,128,54,230,284,412
05/31/2001,SJT,TX,ASW,CE,Federal Contract Tower,0,26,16,40,82,0,3,44,0,47,0,29,60,40,129,62,222,284,413
06/01/2001,SJT,TX,ASW,CE,Federal Contract Tower,0,22,10,30,62,0,4,57,0,61,0,26,67,30,123,100,64,164,287
06/02/2001,SJT,TX,ASW,CE,Federal Contract Tower,0,19,13,2,34,0,3,60,0,63,0,22,73,2,97,110,14,124,221
06/03/2001,SJT,TX,ASW,CE,Federal Contract Tower,0,14,6,21,41,0,1,30,0,31,0,15,36,21,72,4,76,80,152
06/04/2001,SJT,TX,ASW,CE,Federal Contract Tower,0,20,14,35,69,0,3,43,0,46,0,23,57,35,115,102,268,370,485
06/05/2001,SJT,TX,ASW,CE,Federal Contract Tower,0,26,16,64,106,0,4,59,0,63,0,30,75,64,169,70,194,264,433
06/06/2001,SJT,TX,ASW,CE,Federal Contract Tower,0,22,21,57,100,0,7,49,0,56,0,29,70,57,156,100,212,312,468
06/07/2001,SJT,TX,ASW,CE,Federal Contract Tower,0,27,23,38,88,0,3,63,0,66,0,30,86,38,154,120,186,306,460
06/08/2001,SJT,TX,ASW,CE,Federal Contract Tower,0,27,12,106,145,0,3,41,0,44,0,30,53,106,189,70,344,414,603
06/09/2001,SJT,TX,ASW,CE,Federal Contract Tower,0,14,13,28,55,0,1,65,0,66,0,15,78,28,121,134,124,258,379
06/10/2001,SJT,TX,ASW,CE,Federal Contract Tower,0,16,9,22,47,0,1,42,3,46,0,17,51,25,93,28,44,72,165
06/11/2001,SJT,TX,ASW,CE,Federal Contract Tower,0,20,15,47,82,0,5,47,0,52,0,25,62,47,134,108,252,360,494
06/12/2001,SJT,TX,ASW,CE,Federal Contract Tower,0,25,6,37,68,0,3,44,0,47,0,28,50,37,115,74,248,322,437
06/13/2001,SJT,TX,ASW,CE,Federal Contract Tower,0,27,16,59,102,0,2,38,0,40,0,29,54,59,142,14,268,282,424
06/14/2001,SJT,TX,ASW,CE,Federal Contract Tower,0,20,11,40,71,0,8,64,0,72,0,28,75,40,143,60,192,252,395
06/15/2001,SJT,TX,ASW,CE,Federal Contract Tower,0,32,20,42,94,0,0,39,0,39,0,32,59,42,133,48,200,248,381
06/16/2001,SJT,TX,ASW,CE,Federal Contract Tower,0,18,3,6,27,0,2,68,0,70,0,20,71,6,97,70,14,84,181
06/17/2001,SJT,TX,ASW,CE,Federal Contract Tower,0,12,8,22,42,0,1,40,0,41,0,13,48,22,83,22,90,112,195
06/18/2001,SJT,TX,ASW,CE,Federal Contract Tower,0,20,7,17,44,0,1,72,0,73,0,21,79,17,117,66,128,194,311
06/19/2001,SJT,TX,ASW,CE,Federal Contract Tower,0,26,7,21,54,0,1,56,0,57,0,27,63,21,111,28,170,198,309
06/20/2001,SJT,TX,ASW,CE,Federal Contract Tower,0,21,12,30,63,0,7,48,0,55,0,28,60,30,118,56,186,242,360
06/21/2001,SJT,TX,ASW,CE,Federal Contract Tower,0,24,14,24,62,2,5,57,0,64,2,29,71,24,126,76,136,212,338
06/22/2001,SJT,TX,ASW,CE,Federal Contract Tower,0,32,11,31,74,0,0,53,0,53,0,32,64,31,127,22,110,132,259
06/23/2001,SJT,TX,ASW,CE,Federal Contract Tower,0,17,19,12,48,0,2,35,0,37,0,19,54,12,85,32,26,58,143
06/24/2001,SJT,TX,ASW,CE,Federal Contract Tower,2,13,12,16,43,0,0,41,0,41,2,13,53,16,84,58,72,130,214
06/25/2001,SJT,TX,ASW,CE,Federal Contract Tower,0,19,19,33,71,0,5,57,4,66,0,24,76,37,137,62,106,168,305
06/26/2001,SJT,TX,ASW,CE,Federal Contract Tower,0,24,18,55,97,0,3,50,5,58,0,27,68,60,155,94,230,324,479
06/27/2001,SJT,TX,ASW,CE,Federal Contract Tower,0,25,11,51,87,0,2,41,25,68,0,27,52,76,155,88,230,318,473
06/28/2001,SJT,TX,ASW,CE,Federal Contract Tower,0,32,15,41,88,0,1,49,0,50,0,33,64,41,138,92,206,298,436
06/29/2001,SJT,TX,ASW,CE,Federal Contract Tower,0,25,14,24,63,0,1,47,0,48,0,26,61,24,111,92,96,188,299
06/30/2001,SJT,TX,ASW,CE,Federal Contract Tower,0,18,11,5,34,0,0,44,0,44,0,18,55,5,78,44,34,78,156
07/01/2001,SJT,TX,ASW,CE,Federal Contract Tower,0,12,4,4,20,0,1,35,0,36,0,13,39,4,56,14,12,26,82
07/02/2001,SJT,TX,ASW,CE,Federal Contract Tower,0,19,14,31,64,0,1,25,0,26,0,20,39,31,90,4,92,96,186
07/03/2001,SJT,TX,ASW,CE,Federal Contract Tower,0,23,15,65,103,0,2,44,0,46,0,25,59,65,149,84,308,392,541
07/04/2001,SJT,TX,ASW,CE,Federal Contract Tower,0,8,1,0,9,0,1,38,0,39,0,9,39,0,48,8,0,8,56
07/05/2001,SJT,TX,ASW,CE,Federal Contract Tower,0,21,15,10,46,0,3,50,0,53,0,24,65,10,99,96,18,114,213
07/06/2001,SJT,TX,ASW,CE,Federal Contract Tower,0,22,17,57,96,0,2,50,0,52,0,24,67,57,148,78,312,390,538
07/07/2001,SJT,TX,ASW,CE,Federal Contract Tower,0,15,6,5,26,0,2,64,0,66,0,17,70,5,92,36,8,44,136
07/08/2001,SJT,TX,ASW,CE,Federal Contract Tower,0,11,7,9,27,0,1,30,1,32,0,12,37,10,59,62,16,78,137
07/09/2001,SJT,TX,ASW,CE,Federal Contract Tower,0,17,5,25,47,0,3,45,6,54,0,20,50,31,101,60,60,120,221
07/10/2001,SJT,TX,ASW,CE,Federal Contract Tower,0,23,5,30,58,0,3,58,0,61,0,26,63,30,119,44,80,124,243
07/11/2001,SJT,TX,ASW,CE,Federal Contract Tower,0,21,3,24,48,0,4,37,0,41,0,25,40,24,89,36,94,130,219
07/12/2001,SJT,TX,ASW,CE,Federal Contract Tower,0,23,15,12,50,0,6,65,0,71,0,29,80,12,121,62,208,270,391
07/13/2001,SJT,TX,ASW,CE,Federal Contract Tower,0,21,10,34,65,0,7,58,6,71,0,28,68,40,136,58,124,182,318
07/14/2001,SJT,TX,ASW,CE,Federal Contract Tower,0,16,7,21,44,0,4,84,0,88,0,20,91,21,132,124,90,214,346
07/15/2001,SJT,TX,ASW,CE,Federal Contract Tower,0,13,7,24,44,0,0,131,0,131,0,13,138,24,175,210,80,290,465
07/16/2001,SJT,TX,ASW,CE,Federal Contract Tower,0,20,18,44,82,0,3,43,0,46,0,23,61,44,128,50,154,204,332
07/17/2001,SJT,TX,ASW,CE,Federal Contract Tower,0,24,11,10,45,0,2,44,0,46,0,26,55,10,91,58,176,234,325
07/18/2001,SJT,TX,ASW,CE,Federal Contract Tower,0,25,16,30,71,0,2,57,0,59,0,27,73,30,130,44,156,200,330
07/19/2001,SJT,TX,ASW,CE,Federal Contract Tower,0,25,11,20,56,0,2,59,9,70,0,27,70,29,126,106,104,210,336
07/20/2001,SJT,TX,ASW,CE,Federal Contract Tower,0,16,8,25,49,0,10,57,11,78,0,26,65,36,127,46,128,174,301
07/21/2001,SJT,TX,ASW,CE,Federal Contract Tower,0,16,5,1,22,0,1,69,10,80,0,17,74,11,102,70,2,72,174
07/22/2001,SJT,TX,ASW,CE,Federal Contract Tower,0,10,3,6,19,0,0,39,3,42,0,10,42,9,61,26,22,48,109
07/23/2001,SJT,TX,ASW,CE,Federal Contract Tower,0,20,6,11,37,0,3,61,0,64,0,23,67,11,101,60,114,174,275
07/24/2001,SJT,TX,ASW,CE,Federal Contract Tower,0,28,14,31,73,0,1,53,0,54,0,29,67,31,127,64,132,196,323
07/25/2001,SJT,TX,ASW,CE,Federal Contract Tower,0,24,15,42,81,0,1,56,0,57,0,25,71,42,138,58,260,318,456
07/26/2001,SJT,TX,ASW,CE,Federal Contract Tower,0,24,8,28,60,0,0,56,0,56,0,24,64,28,116,40,134,174,290
07/27/2001,SJT,TX,ASW,CE,Federal Contract Tower,0,24,12,62,98,0,0,46,0,46,0,24,58,62,144,14,226,240,384
07/28/2001,SJT,TX,ASW,CE,Federal Contract Tower,0,17,8,9,34,0,1,42,3,46,0,18,50,12,80,40,16,56,136
07/29/2001,SJT,TX,ASW,CE,Federal Contract Tower,0,12,1,9,22,0,0,36,5,41,0,12,37,14,63,54,20,74,137
07/30/2001,SJT,TX,ASW,CE,Federal Contract Tower,0,19,11,20,50,0,5,44,0,49,0,24,55,20,99,100,156,256,355
07/31/2001,SJT,TX,ASW,CE,Federal Contract Tower,0,23,5,23,51,0,1,52,0,53,0,24,57,23,104,52,130,182,286
08/01/2001,SJT,TX,ASW,CE,Federal Contract Tower,0,23,9,28,60,0,2,58,0,60,0,25,67,28,120,40,138,178,298
08/02/2001,SJT,TX,ASW,CE,Federal Contract Tower,0,23,7,31,61,0,4,56,0,60,0,27,63,31,121,24,124,148,269
08/03/2001,SJT,TX,ASW,CE,Federal Contract Tower,0,27,7,25,59,0,1,67,0,68,0,28,74,25,127,110,80,190,317
08/04/2001,SJT,TX,ASW,CE,Federal Contract Tower,0,17,6,5,28,0,1,60,0,61,0,18,66,5,89,48,16,64,153
08/05/2001,SJT,TX,ASW,CE,Federal Contract Tower,0,12,12,6,30,0,1,33,0,34,0,13,45,6,64,38,14,52,116
08/06/2001,SJT,TX,ASW,CE,Federal Contract Tower,0,20,11,31,62,0,5,52,0,57,0,25,63,31,119,74,222,296,415
08/07/2001,SJT,TX,ASW,CE,Federal Contract Tower,0,26,8,51,85,0,10,42,0,52,0,36,50,51,137,66,394,460,597
08/08/2001,SJT,TX,ASW,CE,Federal Contract Tower,0,23,14,91,128,0,1,56,0,57,0,24,70,91,185,78,260,338,523
08/09/2001,SJT,TX,ASW,CE,Federal Contract Tower,0,25,16,79,120,0,1,51,0,52,0,26,67,79,172,84,338,422,594
08/10/2001,SJT,TX,ASW,CE,Federal Contract Tower,0,25,9,47,81,0,0,56,0,56,0,25,65,47,137,62,308,370,507
08/11/2001,SJT,TX,ASW,CE,Federal Contract Tower,0,18,9,5,32,0,1,55,0,56,0,19,64,5,88,86,6,92,180
08/12/2001,SJT,TX,ASW,CE,Federal Contract Tower,2,12,15,17,46,0,0,37,0,37,2,12,52,17,83,34,64,98,181
08/13/2001,SJT,TX,ASW,CE,Federal Contract Tower,0,20,11,27,58,0,4,65,0,69,0,24,76,27,127,88,326,414,541
08/14/2001,SJT,TX,ASW,CE,Federal Contract Tower,0,16,8,33,57,0,12,32,4,48,0,28,40,37,105,50,234,284,389
08/15/2001,SJT,TX,ASW,CE,Federal Contract Tower,0,29,17,31,77,0,0,38,0,38,0,29,55,31,115,74,148,222,337
08/16/2001,SJT,TX,ASW,CE,Federal Contract Tower,2,27,19,17,65,0,0,34,0,34,2,27,53,17,99,80,44,124,223
08/17/2001,SJT,TX,ASW,CE,Federal Contract Tower,0,26,11,13,50,0,0,35,0,35,0,26,46,13,85,66,70,136,221
08/18/2001,SJT,TX,ASW,CE,Federal Contract Tower,0,17,17,2,36,0,0,37,6,43,0,17,54,8,79,120,0,120,199
08/19/2001,SJT,TX,ASW,CE,Federal Contract Tower,0,12,6,2,20,0,1,34,0,35,0,13,40,2,55,72,18,90,145
08/20/2001,SJT,TX,ASW,CE,Federal Contract Tower,0,19,11,22,52,0,3,69,0,72,0,22,80,22,124,80,238,318,442
08/21/2001,SJT,TX,ASW,CE,Federal Contract Tower,0,23,10,41,74,0,1,65,0,66,0,24,75,41,140,38,288,326,466
08/22/2001,SJT,TX,ASW,CE,Federal Contract Tower,0,22,8,44,74,0,2,72,0,74,0,24,80,44,148,90,366,456,604
08/23/2001,SJT,TX,ASW,CE,Federal Contract Tower,0,24,8,23,55,0,0,47,0,47,0,24,55,23,102,10,216,226,328
08/24/2001,SJT,TX,ASW,CE,Federal Contract Tower,0,27,23,33,83,0,0,80,0,80,0,27,103,33,163,94,242,336,499
08/25/2001,SJT,TX,ASW,CE,Federal Contract Tower,0,16,12,0,28,0,1,54,0,55,0,17,66,0,83,58,4,62,145
08/26/2001,SJT,TX,ASW,CE,Federal Contract Tower,0,10,4,3,17,0,0,49,1,50,0,10,53,4,67,66,14,80,147
08/27/2001,SJT,TX,ASW,CE,Federal Contract Tower,0,22,16,6,44,0,0,39,0,39,0,22,55,6,83,76,22,98,181
08/28/2001,SJT,TX,ASW,CE,Federal Contract Tower,0,22,14,27,63,0,0,35,0,35,0,22,49,27,98,96,78,174,272
08/29/2001,SJT,TX,ASW,CE,Federal Contract Tower,2,28,30,18,78,0,0,33,0,33,2,28,63,18,111,78,64,142,253
08/30/2001,SJT,TX,ASW,CE,Federal Contract Tower,0,28,28,51,107,0,0,22,0,22,0,28,50,51,129,56,228,284,413
08/31/2001,SJT,TX,ASW,CE,Federal Contract Tower,0,25,25,32,82,0,1,31,0,32,0,26,56,32,114,46,182,228,342
09/01/2001,SJT,TX,ASW,CE,Federal Contract Tower,0,14,8,3,25,0,0,43,1,44,0,14,51,4,69,42,0,42,111
09/02/2001,SJT,TX,ASW,CE,Federal Contract Tower,0,9,1,2,12,0,0,45,0,45,0,9,46,2,57,110,0,110,167
09/03/2001,SJT,TX,ASW,CE,Federal Contract Tower,0,14,10,3,27,0,0,41,1,42,0,14,51,4,69,76,8,84,153
09/04/2001,SJT,TX,ASW,CE,Federal Contract Tower,0,21,5,47,73,0,1,38,0,39,0,22,43,47,112,42,304,346,458
09/05/2001,SJT,TX,ASW,CE,Federal Contract Tower,0,21,19,13,53,0,1,37,0,38,0,22,56,13,91,46,82,128,219
09/06/2001,SJT,TX,ASW,CE,Federal Contract Tower,0,24,34,42,100,0,1,37,0,38,0,25,71,42,138,94,178,272,410
09/07/2001,SJT,TX,ASW,CE,Federal Contract Tower,0,23,23,50,96,0,1,51,0,52,0,24,74,50,148,70,226,296,444
09/08/2001,SJT,TX,ASW,CE,Federal Contract Tower,0,16,5,13,34,0,0,44,0,44,0,16,49,13,78,56,60,116,194
09/09/2001,SJT,TX,ASW,CE,Federal Contract Tower,2,11,22,46,81,0,0,21,0,21,2,11,43,46,102,26,118,144,246
09/10/2001,SJT,TX,ASW,CE,Federal Contract Tower,0,22,10,35,67,0,4,62,0,66,0,26,72,35,133,100,176,276,409
09/11/2001,SJT,TX,ASW,CE,Federal Contract Tower,0,7,4,0,11,0,1,3,0,4,0,8,7,0,15,0,0,0,15
09/12/2001,SJT,TX,ASW,CE,Federal Contract Tower,0,0,0,2,2,0,0,3,0,3,0,0,3,2,5,0,0,0,5
09/13/2001,SJT,TX,ASW,CE,Federal Contract Tower,0,10,0,22,32,0,0,0,0,0,0,10,0,22,32,0,104,104,136
09/14/2001,SJT,TX,ASW,CE,Federal Contract Tower,1,15,7,30,53,1,21,0,8,30,2,36,7,38,83,0,196,196,279
09/15/2001,SJT,TX,ASW,CE,Federal Contract Tower,0,17,11,4,32,0,4,4,0,8,0,21,15,4,40,2,66,68,108
09/16/2001,SJT,TX,ASW,CE,Federal Contract Tower,0,16,15,4,35,0,0,2,0,2,0,16,17,4,37,18,22,40,77
09/17/2001,SJT,TX,ASW,CE,Federal Contract Tower,0,23,17,28,68,0,1,3,0,4,0,24,20,28,72,8,224,232,304
09/18/2001,SJT,TX,ASW,CE,Federal Contract Tower,0,34,32,55,121,0,0,3,0,3,0,34,35,55,124,16,430,446,570
09/19/2001,SJT,TX,ASW,CE,Federal Contract Tower,0,29,21,91,141,0,6,0,0,6,0,35,21,91,147,10,540,550,697
09/20/2001,SJT,TX,ASW,CE,Federal Contract Tower,0,25,19,51,95,0,0,22,0,22,0,25,41,51,117,22,244,266,383
09/21/2001,SJT,TX,ASW,CE,Federal Contract Tower,0,28,25,38,91,0,0,30,0,30,0,28,55,38,121,4,198,202,323
09/22/2001,SJT,TX,ASW,CE,Federal Contract Tower,0,15,5,14,34,0,0,38,0,38,0,15,43,14,72,50,84,134,206
09/23/2001,SJT,TX,ASW,CE,Federal Contract Tower,0,10,19,14,43,0,0,24,0,24,0,10,43,14,67,44,70,114,181
09/24/2001,SJT,TX,ASW,CE,Federal Contract Tower,0,17,16,36,69,0,2,66,0,68,0,19,82,36,137,128,148,276,413
09/25/2001,SJT,TX,ASW,CE,Federal Contract Tower,0,22,15,69,106,0,3,65,0,68,0,25,80,69,174,114,266,380,554
09/26/2001,SJT,TX,ASW,CE,Federal Contract Tower,0,22,4,36,62,0,3,72,0,75,0,25,76,36,137,128,228,356,493
09/27/2001,SJT,TX,ASW,CE,Federal Contract Tower,0,24,15,25,64,0,0,63,0,63,0,24,78,25,127,66,118,184,311
09/28/2001,SJT,TX,ASW,CE,Federal Contract Tower,0,29,15,14,58,0,3,61,0,64,0,32,76,14,122,58,14,72,194
09/29/2001,SJT,TX,ASW,CE,Federal Contract Tower,0,14,6,0,20,0,2,45,0,47,0,16,51,0,67,96,0,96,163
09/30/2001,SJT,TX,ASW,CE,Federal Contract Tower,0,8,10,0,18,0,0,40,0,40,0,8,50,0,58,2,0,2,60
10/01/2001,SJT,TX,ASW,CE,Federal Contract Tower,0,18,9,38,65,0,2,71,0,73,0,20,80,38,138,100,226,326,464
10/02/2001,SJT,TX,ASW,CE,Federal Contract Tower,0,20,24,42,86,0,2,61,0,63,0,22,85,42,149,68,168,236,385
10/03/2001,SJT,TX,ASW,CE,Federal Contract Tower,0,18,13,32,63,0,3,64,0,67,0,21,77,32,130,128,130,258,388
10/04/2001,SJT,TX,ASW,CE,Federal Contract Tower,0,22,25,28,75,0,1,48,0,49,0,23,73,28,124,38,146,184,308
10/05/2001,SJT,TX,ASW,CE,Federal Contract Tower,0,24,16,19,59,0,0,44,0,44,0,24,60,19,103,40,88,128,231
10/06/2001,SJT,TX,ASW,CE,Federal Contract Tower,0,10,8,3,21,0,1,61,1,63,0,11,69,4,84,50,0,50,134
10/07/2001,SJT,TX,ASW,CE,Federal Contract Tower,0,9,12,6,27,0,0,33,0,33,0,9,45,6,60,30,42,72,132
10/08/2001,SJT,TX,ASW,CE,Federal Contract Tower,0,15,16,5,36,0,2,29,3,34,0,17,45,8,70,52,28,80,150
10/09/2001,SJT,TX,ASW,CE,Federal Contract Tower,0,18,21,30,69,0,0,22,0,22,0,18,43,30,91,26,160,186,277
10/10/2001,SJT,TX,ASW,CE,Federal Contract Tower,0,17,29,49,95,0,0,41,0,41,0,17,70,49,136,104,170,274,410
10/11/2001,SJT,TX,ASW,CE,Federal Contract Tower,0,21,20,62,103,0,0,52,0,52,0,21,72,62,155,52,350,402,557
10/12/2001,SJT,TX,ASW,CE,Federal Contract Tower,0,15,25,38,78,0,0,34,0,34,0,15,59,38,112,72,200,272,384
10/13/2001,SJT,TX,ASW,CE,Federal Contract Tower,0,7,6,11,24,0,5,32,0,37,0,12,38,11,61,46,56,102,163
10/14/2001,SJT,TX,ASW,CE,Federal Contract Tower,0,6,5,6,17,0,3,32,0,35,0,9,37,6,52,32,60,92,144
10/15/2001,SJT,TX,ASW,CE,Federal Contract Tower,0,13,16,41,70,0,0,15,0,15,0,13,31,41,85,0,278,278,363
10/16/2001,SJT,TX,ASW,CE,Federal Contract Tower,0,16,21,56,93,0,7,47,0,54,0,23,68,56,147,42,206,248,395
10/17/2001,SJT,TX,ASW,CE,Federal Contract Tower,0,17,16,48,81,0,3,75,0,78,0,20,91,48,159,108,188,296,455
10/18/2001,SJT,TX,ASW,CE,Federal Contract Tower,0,16,13,42,71,0,4,49,0,53,0,20,62,42,124,50,222,272,396
10/19/2001,SJT,TX,ASW,CE,Federal Contract Tower,0,15,16,33,64,0,9,64,0,73,0,24,80,33,137,78,206,284,421
10/20/2001,SJT,TX,ASW,CE,Federal Contract Tower,0,2,2,2,6,0,13,93,0,106,0,15,95,2,112,16,0,16,128
10/21/2001,SJT,TX,ASW,CE,Federal Contract Tower,0,10,7,10,27,0,6,27,0,33,0,16,34,10,60,20,60,80,140
10/22/2001,SJT,TX,ASW,CE,Federal Contract Tower,0,13,17,40,70,0,1,52,0,53,0,14,69,40,123,20,430,450,573
10/23/2001,SJT,TX,ASW,CE,Federal Contract Tower,0,17,13,30,60,0,1,44,0,45,0,18,57,30,105,66,338,404,509
10/24/2001,SJT,TX,ASW,CE,Federal Contract Tower,0,16,21,36,73,0,2,38,0,40,0,18,59,36,113,42,132,174,287
10/25/2001,SJT,TX,ASW,CE,Federal Contract Tower,0,17,11,31,59,0,3,64,0,67,0,20,75,31,126,34,232,266,392
10/26/2001,SJT,TX,ASW,CE,Federal Contract Tower,0,18,13,13,44,0,0,56,0,56,0,18,69,13,100,68,142,210,310
10/27/2001,SJT,TX,ASW,CE,Federal Contract Tower,0,12,14,12,38,0,0,63,0,63,0,12,77,12,101,88,40,128,229
10/28/2001,SJT,TX,ASW,CE,Federal Contract Tower,0,10,9,13,32,0,0,54,0,54,0,10,63,13,86,64,26,90,176
10/29/2001,SJT,TX,ASW,CE,Federal Contract Tower,0,13,5,42,60,0,1,48,0,49,0,14,53,42,109,38,338,376,485
10/30/2001,SJT,TX,ASW,CE,Federal Contract Tower,0,17,9,41,67,0,3,52,0,55,0,20,61,41,122,66,174,240,362
10/31/2001,SJT,TX,ASW,CE,Federal Contract Tower,0,18,16,47,81,0,3,49,0,52,0,21,65,47,133,14,196,210,343
11/01/2001,SJT,TX,ASW,CE,Federal Contract Tower,0,23,15,32,70,0,1,54,0,55,0,24,69,32,125,6,242,248,373
11/02/2001,SJT,TX,ASW,CE,Federal Contract Tower,0,22,18,25,65,0,5,43,0,48,0,27,61,25,113,34,82,116,229
11/03/2001,SJT,TX,ASW,CE,Federal Contract Tower,0,11,17,1,29,0,1,46,0,47,0,12,63,1,76,46,8,54,130
11/04/2001,SJT,TX,ASW,CE,Federal Contract Tower,0,11,11,6,28,0,1,38,0,39,0,12,49,6,67,44,66,110,177
11/05/2001,SJT,TX,ASW,CE,Federal Contract Tower,0,14,11,27,52,0,2,21,1,24,0,16,32,28,76,26,148,174,250
11/06/2001,SJT,TX,ASW,CE,Federal Contract Tower,0,23,10,45,78,0,1,46,0,47,0,24,56,45,125,34,288,322,447
11/07/2001,SJT,TX,ASW,CE,Federal Contract Tower,0,27,16,41,84,0,0,46,0,46,0,27,62,41,130,50,148,198,328
11/08/2001,SJT,TX,ASW,CE,Federal Contract Tower,0,22,19,47,88,0,0,32,0,32,0,22,51,47,120,38,142,180,300
11/09/2001,SJT,TX,ASW,CE,Federal Contract Tower,0,19,13,46,78,0,1,35,0,36,0,20,48,46,114,40,224,264,378
11/10/2001,SJT,TX,ASW,CE,Federal Contract Tower,0,14,8,0,22,0,1,56,0,57,0,15,64,0,79,36,0,36,115
11/11/2001,SJT,TX,ASW,CE,Federal Contract Tower,0,12,13,0,25,0,0,24,0,24,0,12,37,0,49,8,0,8,57
11/12/2001,SJT,TX,ASW,CE,Federal Contract Tower,0,15,16,4,35,0,1,16,0,17,0,16,32,4,52,64,2,66,118
11/13/2001,SJT,TX,ASW,CE,Federal Contract Tower,0,26,24,39,89,0,0,33,7,40,0,26,57,46,129,62,274,336,465
11/14/2001,SJT,TX,ASW,CE,Federal Contract Tower,0,21,19,2,42,0,4,7,0,11,0,25,26,2,53,12,16,28,81
11/15/2001,SJT,TX,ASW,CE,Federal Contract Tower,0,20,19,8,47,0,0,12,0,12,0,20,31,8,59,28,42,70,129
11/16/2001,SJT,TX,ASW,CE,Federal Contract Tower,0,26,24,18,68,0,0,13,0,13,0,26,37,18,81,6,72,78,159
11/17/2001,SJT,TX,ASW,CE,Federal Contract Tower,0,16,21,0,37,0,0,37,4,41,0,16,58,4,78,74,0,74,152
11/18/2001,SJT,TX,ASW,CE,Federal Contract Tower,0,12,25,3,40,0,2,6,0,8,0,14,31,3,48,24,12,36,84
11/19/2001,SJT,TX,ASW,CE,Federal Contract Tower,0,17,24,26,67,0,0,10,0,10,0,17,34,26,77,18,140,158,235
11/20/2001,SJT,TX,ASW,CE,Federal Contract Tower,0,17,16,26,59,0,7,72,2,81,0,24,88,28,140,52,158,210,350
11/21/2001,SJT,TX,ASW,CE,Federal Contract Tower,0,18,19,6,43,0,4,73,0,77,0,22,92,6,120,58,70,128,248
11/22/2001,SJT,TX,ASW,CE,Federal Contract Tower,0,10,11,0,21,0,0,27,0,27,0,10,38,0,48,30,0,30,78
11/23/2001,SJT,TX,ASW,CE,Federal Contract Tower,0,12,11,0,23,0,10,42,0,52,0,22,53,0,75,26,0,26,101
11/24/2001,SJT,TX,ASW,CE,Federal Contract Tower,0,17,8,0,25,0,0,32,0,32,0,17,40,0,57,18,0,18,75
11/25/2001,SJT,TX,ASW,CE,Federal Contract Tower,0,12,13,0,25,0,2,36,0,38,0,14,49,0,63,32,0,32,95
11/26/2001,SJT,TX,ASW,CE,Federal Contract Tower,0,20,12,32,64,0,1,47,0,48,0,21,59,32,112,80,250,330,442
11/27/2001,SJT,TX,ASW,CE,Federal Contract Tower,0,20,12,31,63,0,2,6,0,8,0,22,18,31,71,0,320,320,391
11/28/2001,SJT,TX,ASW,CE,Federal Contract Tower,0,11,0,0,11,0,0,1,0,1,0,11,1,0,12,0,0,0,12
11/29/2001,SJT,TX,ASW,CE,Federal Contract Tower,0,30,14,31,75,0,0,24,0,24,0,30,38,31,99,8,148,156,255
11/30/2001,SJT,TX,ASW,CE,Federal Contract Tower,0,17,27,36,80,0,5,47,0,52,0,22,74,36,132,56,188,244,376
12/01/2001,SJT,TX,ASW,CE,Federal Contract Tower,0,13,17,4,34,0,6,60,0,66,0,19,77,4,100,78,8,86,186
12/02/2001,SJT,TX,ASW,CE,Federal Contract Tower,0,11,24,12,47,0,0,21,0,21,0,11,45,12,68,12,58,70,138
12/03/2001,SJT,TX,ASW,CE,Federal Contract Tower,0,16,28,27,71,0,0,5,0,5,0,16,33,27,76,32,104,136,212
12/04/2001,SJT,TX,ASW,CE,Federal Contract Tower,0,20,27,62,109,0,0,34,0,34,0,20,61,62,143,54,176,230,373
12/05/2001,SJT,TX,ASW,CE,Federal Contract Tower,0,21,29,45,95,0,0,28,0,28,0,21,57,45,123,44,158,202,325
12/06/2001,SJT,TX,ASW,CE,Federal Contract Tower,0,23,36,29,88,0,0,24,0,24,0,23,60,29,112,56,172,228,340
12/07/2001,SJT,TX,ASW,CE,Federal Contract Tower,0,21,30,36,87,0,0,29,0,29,0,21,59,36,116,38,150,188,304
12/08/2001,SJT,TX,ASW,CE,Federal Contract Tower,0,13,16,16,45,0,2,53,0,55,0,15,69,16,100,28,32,60,160
12/09/2001,SJT,TX,ASW,CE,Federal Contract Tower,0,15,8,12,35,0,5,35,0,40,0,20,43,12,75,28,58,86,161
12/10/2001,SJT,TX,ASW,CE,Federal Contract Tower,0,18,13,30,61,0,4,37,0,41,0,22,50,30,102,36,162,198,300
12/11/2001,SJT,TX,ASW,CE,Federal Contract Tower,0,20,18,35,73,0,0,35,0,35,0,20,53,35,108,56,208,264,372
12/12/2001,SJT,TX,ASW,CE,Federal Contract Tower,0,26,16,32,74,0,1,24,0,25,0,27,40,32,99,44,112,156,255
12/13/2001,SJT,TX,ASW,CE,Federal Contract Tower,0,22,23,48,93,0,0,35,0,35,0,22,58,48,128,56,148,204,332
12/14/2001,SJT,TX,ASW,CE,Federal Contract Tower,0,20,13,35,68,0,9,47,0,56,0,29,60,35,124,40,146,186,310
12/15/2001,SJT,TX,ASW,CE,Federal Contract Tower,0,12,8,11,31,0,0,18,0,18,0,12,26,11,49,24,30,54,103
12/16/2001,SJT,TX,ASW,CE,Federal Contract Tower,0,10,19,16,45,0,0,3,0,3,0,10,22,16,48,2,72,74,122
12/17/2001,SJT,TX,ASW,CE,Federal Contract Tower,0,16,13,27,56,0,1,51,0,52,0,17,64,27,108,64,120,184,292
12/18/2001,SJT,TX,ASW,CE,Federal Contract Tower,0,20,15,27,62,0,6,67,0,73,0,26,82,27,135,68,150,218,353
12/19/2001,SJT,TX,ASW,CE,Federal Contract Tower,0,22,19,43,84,0,1,52,5,58,0,23,71,48,142,50,128,178,320
12/20/2001,SJT,TX,ASW,CE,Federal Contract Tower,0,23,9,32,64,0,5,72,0,77,0,28,81,32,141,88,222,310,451
12/21/2001,SJT,TX,ASW,CE,Federal Contract Tower,0,26,19,17,62,0,7,57,0,64,0,33,76,17,126,28,84,112,238
12/22/2001,SJT,TX,ASW,CE,Federal Contract Tower,0,14,15,2,31,0,3,39,0,42,0,17,54,2,73,38,0,38,111
12/23/2001,SJT,TX,ASW,CE,Federal Contract Tower,0,9,7,0,16,0,0,33,0,33,0,9,40,0,49,6,0,6,55
12/24/2001,SJT,TX,ASW,CE,Federal Contract Tower,0,14,8,0,22,0,2,41,0,43,0,16,49,0,65,58,0,58,123
12/25/2001,SJT,TX,ASW,CE,Federal Contract Tower,0,6,0,0,6,0,2,26,0,28,0,8,26,0,34,0,0,0,34
12/26/2001,SJT,TX,ASW,CE,Federal Contract Tower,0,20,15,0,35,0,2,75,0,77,0,22,90,0,112,70,0,70,182
12/27/2001,SJT,TX,ASW,CE,Federal Contract Tower,0,20,11,6,37,0,2,62,1,65,0,22,73,7,102,58,22,80,182
12/28/2001,SJT,TX,ASW,CE,Federal Contract Tower,0,18,17,4,39,0,2,54,6,62,0,20,71,10,101,28,4,32,133
12/29/2001,SJT,TX,ASW,CE,Federal Contract Tower,0,13,11,0,24,0,0,63,0,63,0,13,74,0,87,84,0,84,171
12/30/2001,SJT,TX,ASW,CE,Federal Contract Tower,0,10,15,0,25,0,0,14,0,14,0,10,29,0,39,12,0,12,51
12/31/2001,SJT,TX,ASW,CE,Federal Contract Tower,0,5,4,0,9,0,7,36,0,43,0,12,40,0,52,12,0,12,64
01/01/2002,SJT,TX,ASW,CE,Federal Contract Tower,0,8,7,0,15,0,0,0,0,0,0,8,7,0,15,0,0,0,15
01/02/2002,SJT,TX,ASW,CE,Federal Contract Tower,0,22,30,4,56,0,0,34,0,34,0,22,64,4,90,50,20,70,160
01/03/2002,SJT,TX,ASW,CE,Federal Contract Tower,0,21,33,23,77,0,2,60,0,62,0,23,93,23,139,116,166,282,421
01/04/2002,SJT,TX,ASW,CE,Federal Contract Tower,0,18,15,38,71,0,3,29,0,32,0,21,44,38,103,18,248,266,369
01/05/2002,SJT,TX,ASW,CE,Federal Contract Tower,0,12,3,8,23,0,0,26,0,26,0,12,29,8,49,32,50,82,131
01/06/2002,SJT,TX,ASW,CE,Federal Contract Tower,0,10,6,2,18,0,0,39,3,42,0,10,45,5,60,6,0,6,66
01/07/2002,SJT,TX,ASW,CE,Federal Contract Tower,0,14,15,17,46,0,2,51,0,53,0,16,66,17,99,54,188,242,341
01/08/2002,SJT,TX,ASW,CE,Federal Contract Tower,0,22,9,54,85,0,3,64,0,67,0,25,73,54,152,78,304,382,534
01/09/2002,SJT,TX,ASW,CE,Federal Contract Tower,0,21,9,47,77,0,3,54,0,57,0,24,63,47,134,48,224,272,406
01/10/2002,SJT,TX,ASW,CE,Federal Contract Tower,0,20,16,63,99,0,4,56,0,60,0,24,72,63,159,12,426,438,597
01/11/2002,SJT,TX,ASW,CE,Federal Contract Tower,0,19,12,42,73,0,6,44,0,50,0,25,56,42,123,42,254,296,419
01/12/2002,SJT,TX,ASW,CE,Federal Contract Tower,0,12,9,6,27,0,1,59,0,60,0,13,68,6,87,32,56,88,175
01/13/2002,SJT,TX,ASW,CE,Federal Contract Tower,0,10,7,36,53,0,0,28,0,28,0,10,35,36,81,20,144,164,245
01/14/2002,SJT,TX,ASW,CE,Federal Contract Tower,0,15,17,42,74,0,3,63,0,66,0,18,80,42,140,72,276,348,488
01/15/2002,SJT,TX,ASW,CE,Federal Contract Tower,0,18,14,35,67,0,1,53,0,54,0,19,67,35,121,34,180,214,335
01/16/2002,SJT,TX,ASW,CE,Federal Contract Tower,0,19,17,25,61,0,1,41,0,42,0,20,58,25,103,6,216,222,325
01/17/2002,SJT,TX,ASW,CE,Federal Contract Tower,0,27,22,53,102,0,1,25,0,26,0,28,47,53,128,2,186,188,316
01/18/2002,SJT,TX,ASW,CE,Federal Contract Tower,0,22,31,25,78,0,0,25,0,25,0,22,56,25,103,20,256,276,379
01/19/2002,SJT,TX,ASW,CE,Federal Contract Tower,0,14,6,1,21,0,0,51,0,51,0,14,57,1,72,16,46,62,134
01/20/2002,SJT,TX,ASW,CE,Federal Contract Tower,0,10,14,10,34,0,2,37,0,39,0,12,51,10,73,24,22,46,119
01/21/2002,SJT,TX,ASW,CE,Federal Contract Tower,0,15,12,4,31,0,0,58,5,63,0,15,70,9,94,50,8,58,152
01/22/2002,SJT,TX,ASW,CE,Federal Contract Tower,0,17,17,56,90,0,1,47,0,48,0,18,64,56,138,32,342,374,512
01/23/2002,SJT,TX,ASW,CE,Federal Contract Tower,0,20,27,78,125,0,1,25,0,26,0,21,52,78,151,74,394,468,619
01/24/2002,SJT,TX,ASW,CE,Federal Contract Tower,0,19,14,46,79,0,2,33,0,35,0,21,47,46,114,38,250,288,402
01/25/2002,SJT,TX,ASW,CE,Federal Contract Tower,0,21,8,34,63,0,5,56,0,61,0,26,64,34,124,46,222,268,392
01/26/2002,SJT,TX,ASW,CE,Federal Contract Tower,0,11,6,0,17,0,0,64,0,64,0,11,70,0,81,24,0,24,105
01/27/2002,SJT,TX,ASW,CE,Federal Contract Tower,0,12,5,10,27,0,0,50,0,50,0,12,55,10,77,10,36,46,123
01/28/2002,SJT,TX,ASW,CE,Federal Contract Tower,0,15,23,29,67,0,1,56,0,57,0,16,79,29,124,114,174,288,412
01/29/2002,SJT,TX,ASW,CE,Federal Contract Tower,0,18,28,53,99,0,0,39,0,39,0,18,67,53,138,26,414,440,578
01/30/2002,SJT,TX,ASW,CE,Federal Contract Tower,0,21,29,7,57,0,0,0,0,0,0,21,29,7,57,8,8,16,73
01/31/2002,SJT,TX,ASW,CE,Federal Contract Tower,0,19,17,40,76,0,1,46,0,47,0,20,63,40,123,80,220,300,423
02/01/2002,SJT,TX,ASW,CE,Federal Contract Tower,0,18,19,11,48,0,3,68,0,71,0,21,87,11,119,76,62,138,257
02/02/2002,SJT,TX,ASW,CE,Federal Contract Tower,0,12,15,4,31,0,2,43,0,45,0,14,58,4,76,58,6,64,140
02/03/2002,SJT,TX,ASW,CE,Federal Contract Tower,0,9,14,1,24,0,1,31,0,32,0,10,45,1,56,62,0,62,118
02/04/2002,SJT,TX,ASW,CE,Federal Contract Tower,0,17,17,19,53,0,0,11,0,11,0,17,28,19,64,0,156,156,220
02/05/2002,SJT,TX,ASW,CE,Federal Contract Tower,0,17,4,7,28,0,0,0,0,0,0,17,4,7,28,0,26,26,54
02/06/2002,SJT,TX,ASW,CE,Federal Contract Tower,0,22,17,35,74,0,0,44,0,44,0,22,61,35,118,30,226,256,374
02/07/2002,SJT,TX,ASW,CE,Federal Contract Tower,0,20,25,49,94,0,3,49,0,52,0,23,74,49,146,60,222,282,428
02/08/2002,SJT,TX,ASW,CE,Federal Contract Tower,0,18,12,22,52,0,4,67,0,71,0,22,79,22,123,38,136,174,297
02/09/2002,SJT,TX,ASW,CE,Federal Contract Tower,0,12,1,5,18,0,3,39,2,44,0,15,40,7,62,14,20,34,96
02/10/2002,SJT,TX,ASW,CE,Federal Contract Tower,0,10,17,6,33,0,0,14,0,14,0,10,31,6,47,2,26,28,75
02/11/2002,SJT,TX,ASW,CE,Federal Contract Tower,0,14,20,33,67,0,4,28,0,32,0,18,48,33,99,12,146,158,257
02/12/2002,SJT,TX,ASW,CE,Federal Contract Tower,0,17,6,33,56,0,4,50,0,54,0,21,56,33,110,36,228,264,374
02/13/2002,SJT,TX,ASW,CE,Federal Contract Tower,0,22,18,17,57,0,3,51,0,54,0,25,69,17,111,42,160,202,313
02/14/2002,SJT,TX,ASW,CE,Federal Contract Tower,0,19,17,17,53,0,5,53,0,58,0,24,70,17,111,82,146,228,339
02/15/2002,SJT,TX,ASW,CE,Federal Contract Tower,0,26,22,48,96,2,0,45,0,47,2,26,67,48,143,32,202,234,377
02/16/2002,SJT,TX,ASW,CE,Federal Contract Tower,0,15,2,0,17,0,0,70,0,70,0,15,72,0,87,92,0,92,179
02/17/2002,SJT,TX,ASW,CE,Federal Contract Tower,0,10,8,4,22,0,1,42,0,43,0,11,50,4,65,20,22,42,107
02/18/2002,SJT,TX,ASW,CE,Federal Contract Tower,0,16,14,5,35,0,0,16,1,17,0,16,30,6,52,0,8,8,60
02/19/2002,SJT,TX,ASW,CE,Federal Contract Tower,0,18,5,48,71,0,3,31,0,34,0,21,36,48,105,46,304,350,455
02/20/2002,SJT,TX,ASW,CE,Federal Contract Tower,0,17,2,29,48,0,0,56,0,56,0,17,58,29,104,62,146,208,312
02/21/2002,SJT,TX,ASW,CE,Federal Contract Tower,0,22,23,46,91,0,2,17,0,19,0,24,40,46,110,0,185,185,295
02/22/2002,SJT,TX,ASW,CE,Federal Contract Tower,0,22,16,38,76,0,0,43,0,43,0,22,59,38,119,40,114,154,273
02/23/2002,SJT,TX,ASW,CE,Federal Contract Tower,0,15,8,3,26,0,4,61,0,65,0,19,69,3,91,52,86,138,229
02/24/2002,SJT,TX,ASW,CE,Federal Contract Tower,0,11,6,7,24,0,2,37,0,39,0,13,43,7,63,2,126,128,191
02/25/2002,SJT,TX,ASW,CE,Federal Contract Tower,0,15,10,32,57,0,2,53,0,55,0,17,63,32,112,52,268,320,432
02/26/2002,SJT,TX,ASW,CE,Federal Contract Tower,0,16,6,33,55,0,4,41,0,45,0,20,47,33,100,30,114,144,244
02/27/2002,SJT,TX,ASW,CE,Federal Contract Tower,0,20,20,36,76,0,2,37,0,39,0,22,57,36,115,30,190,220,335
02/28/2002,SJT,TX,ASW,CE,Federal Contract Tower,0,19,26,52,97,0,5,40,0,45,0,24,66,52,142,50,138,188,330
03/01/2002,SJT,TX,ASW,CE,Federal Contract Tower,0,22,23,44,89,0,9,34,0,43,0,31,57,44,132,78,188,266,398
03/02/2002,SJT,TX,ASW,CE,Federal Contract Tower,0,6,11,8,25,0,2,17,13,32,0,8,28,21,57,54,38,92,149
03/03/2002,SJT,TX,ASW,CE,Federal Contract Tower,0,8,10,4,22,0,3,25,0,28,0,11,35,4,50,38,28,66,116
03/04/2002,SJT,TX,ASW,CE,Federal Contract Tower,0,12,14,15,41,0,4,38,0,42,0,16,52,15,83,46,132,178,261
03/05/2002,SJT,TX,ASW,CE,Federal Contract Tower,0,14,12,54,80,0,4,54,0,58,0,18,66,54,138,34,272,306,444
03/06/2002,SJT,TX,ASW,CE,Federal Contract Tower,0,18,29,50,97,0,8,28,11,47,0,26,57,61,144,62,166,228,372
03/07/2002,SJT,TX,ASW,CE,Federal Contract Tower,0,20,17,38,75,0,4,37,0,41,0,24,54,38,116,28,244,272,388
03/08/2002,SJT,TX,ASW,CE,Federal Contract Tower,0,22,25,17,64,0,3,22,0,25,0,25,47,17,89,42,192,234,323
03/09/2002,SJT,TX,ASW,CE,Federal Contract Tower,0,12,9,24,45,0,2,39,0,41,0,14,48,24,86,38,48,86,172
03/10/2002,SJT,TX,ASW,CE,Federal Contract Tower,0,8,17,12,37,0,2,32,0,34,0,10,49,12,71,22,24,46,117
03/11/2002,SJT,TX,ASW,CE,Federal Contract Tower,0,17,39,44,100,0,0,0,0,0,0,17,39,44,100,26,264,290,390
03/12/2002,SJT,TX,ASW,CE,Federal Contract Tower,0,16,14,23,53,0,3,29,0,32,0,19,43,23,85,50,150,200,285
03/13/2002,SJT,TX,ASW,CE,Federal Contract Tower,0,16,9,20,45,0,4,59,3,66,0,20,68,23,111,34,108,142,253
03/14/2002,SJT,TX,ASW,CE,Federal Contract Tower,0,19,20,35,74,0,1,45,0,46,0,20,65,35,120,44,142,186,306
03/15/2002,SJT,TX,ASW,CE,Federal Contract Tower,0,18,25,9,52,0,7,46,0,53,0,25,71,9,105,36,190,226,331
03/16/2002,SJT,TX,ASW,CE,Federal Contract Tower,0,12,15,14,41,0,1,49,0,50,0,13,64,14,91,72,94,166,257
03/17/2002,SJT,TX,ASW,CE,Federal Contract Tower,0,9,14,18,41,0,1,25,0,26,0,10,39,18,67,54,98,152,219
03/18/2002,SJT,TX,ASW,CE,Federal Contract Tower,0,17,16,9,42,0,2,8,0,10,0,19,24,9,52,14,162,176,228
03/19/2002,SJT,TX,ASW,CE,Federal Contract Tower,0,16,12,0,28,0,2,8,2,12,0,18,20,2,40,0,0,0,40
03/20/2002,SJT,TX,ASW,CE,Federal Contract Tower,0,21,33,13,67,0,2,26,0,28,0,23,59,13,95,32,128,160,255
03/21/2002,SJT,TX,ASW,CE,Federal Contract Tower,0,20,24,31,75,0,2,51,0,53,0,22,75,31,128,56,178,234,362
03/22/2002,SJT,TX,ASW,CE,Federal Contract Tower,0,15,23,11,49,0,7,52,0,59,0,22,75,11,108,48,158,206,314
03/23/2002,SJT,TX,ASW,CE,Federal Contract Tower,0,14,7,0,21,0,1,64,3,68,0,15,71,3,89,126,0,126,215
03/24/2002,SJT,TX,ASW,CE,Federal Contract Tower,0,11,17,3,31,0,1,38,1,40,0,12,55,4,71,34,6,40,111
03/25/2002,SJT,TX,ASW,CE,Federal Contract Tower,0,16,25,29,70,0,1,26,0,27,0,17,51,29,97,40,196,236,333
03/26/2002,SJT,TX,ASW,CE,Federal Contract Tower,0,16,15,26,57,0,1,70,0,71,0,17,85,26,128,120,120,240,368
03/27/2002,SJT,TX,ASW,CE,Federal Contract Tower,0,17,23,47,87,0,6,55,0,61,0,23,78,47,148,94,220,314,462
03/28/2002,SJT,TX,ASW,CE,Federal Contract Tower,0,19,31,25,75,2,0,33,0,35,2,19,64,25,110,52,264,316,426
03/29/2002,SJT,TX,ASW,CE,Federal Contract Tower,0,17,26,18,61,0,5,66,0,71,0,22,92,18,132,152,84,236,368
03/30/2002,SJT,TX,ASW,CE,Federal Contract Tower,0,12,3,0,15,0,1,26,0,27,0,13,29,0,42,32,0,32,74
03/31/2002,SJT,TX,ASW,CE,Federal Contract Tower,0,9,4,0,13,0,2,39,4,45,0,11,43,4,58,16,0,16,74
04/01/2002,SJT,TX,ASW,CE,Federal Contract Tower,0,17,27,16,60,0,0,44,0,44,0,17,71,16,104,82,214,296,400
04/02/2002,SJT,TX,ASW,CE,Federal Contract Tower,0,19,25,34,78,0,0,33,0,33,0,19,58,34,111,32,316,348,459
04/03/2002,SJT,TX,ASW,CE,Federal Contract Tower,0,18,17,31,66,0,4,51,0,55,0,22,68,31,121,70,310,380,501
04/04/2002,SJT,TX,ASW,CE,Federal Contract Tower,0,21,9,31,61,0,2,54,0,56,0,23,63,31,117,80,146,226,343
04/05/2002,SJT,TX,ASW,CE,Federal Contract Tower,0,23,25,26,74,0,2,51,0,53,0,25,76,26,127,66,142,208,335
04/06/2002,SJT,TX,ASW,CE,Federal Contract Tower,0,12,32,1,45,0,1,0,0,1,0,13,32,1,46,52,0,52,98
04/07/2002,SJT,TX,ASW,CE,Federal Contract Tower,0,5,7,4,16,0,2,32,4,38,0,7,39,8,54,22,10,32,86
04/08/2002,SJT,TX,ASW,CE,Federal Contract Tower,0,16,12,36,64,0,5,70,24,99,0,21,82,60,163,30,150,180,343
04/09/2002,SJT,TX,ASW,CE,Federal Contract Tower,0,22,22,40,84,0,1,48,0,49,0,23,70,40,133,32,200,232,365
04/10/2002,SJT,TX,ASW,CE,Federal Contract Tower,0,22,16,12,50,0,2,61,0,63,0,24,77,12,113,30,210,240,353
04/11/2002,SJT,TX,ASW,CE,Federal Contract Tower,0,20,12,17,49,0,4,55,0,59,0,24,67,17,108,62,104,166,274
04/12/2002,SJT,TX,ASW,CE,Federal Contract Tower,0,17,16,19,52,0,6,62,0,68,0,23,78,19,120,28,206,234,354
04/13/2002,SJT,TX,ASW,CE,Federal Contract Tower,0,13,8,3,24,0,1,70,3,74,0,14,78,6,98,40,0,40,138
04/14/2002,SJT,TX,ASW,CE,Federal Contract Tower,0,9,6,3,18,0,2,48,0,50,0,11,54,3,68,66,82,148,216
04/15/2002,SJT,TX,ASW,CE,Federal Contract Tower,0,16,8,13,37,0,4,44,0,48,0,20,52,13,85,38,72,110,195
04/16/2002,SJT,TX,ASW,CE,Federal Contract Tower,0,21,21,46,88,0,3,45,0,48,0,24,66,46,136,4,252,256,392
04/17/2002,SJT,TX,ASW,CE,Federal Contract Tower,0,19,20,27,66,0,2,33,0,35,0,21,53,27,101,16,242,258,359
04/18/2002,SJT,TX,ASW,CE,Federal Contract Tower,0,20,25,31,76,0,2,44,0,46,0,22,69,31,122,10,210,220,342
04/19/2002,SJT,TX,ASW,CE,Federal Contract Tower,0,21,21,9,51,0,2,30,0,32,0,23,51,9,83,4,140,144,227
04/20/2002,SJT,TX,ASW,CE,Federal Contract Tower,0,13,11,6,30,0,2,26,0,28,0,15,37,6,58,38,16,54,112
04/21/2002,SJT,TX,ASW,CE,Federal Contract Tower,0,9,23,17,49,0,4,43,0,47,0,13,66,17,96,50,74,124,220
04/22/2002,SJT,TX,ASW,CE,Federal Contract Tower,0,18,20,39,77,0,1,25,0,26,0,19,45,39,103,18,326,344,447
04/23/2002,SJT,TX,ASW,CE,Federal Contract Tower,0,21,15,40,76,0,1,58,0,59,0,22,73,40,135,96,154,250,385
04/24/2002,SJT,TX,ASW,CE,Federal Contract Tower,0,19,11,49,79,0,4,64,0,68,0,23,75,49,147,22,268,290,437
04/25/2002,SJT,TX,ASW,CE,Federal Contract Tower,0,24,39,38,101,0,0,28,0,28,0,24,67,38,129,42,138,180,309
04/26/2002,SJT,TX,ASW,CE,Federal Contract Tower,0,25,34,34,93,0,1,19,0,20,0,26,53,34,113,22,114,136,249
04/27/2002,SJT,TX,ASW,CE,Federal Contract Tower,0,13,8,3,24,0,1,52,1,54,0,14,60,4,78,32,4,36,114
04/28/2002,SJT,TX,ASW,CE,Federal Contract Tower,0,10,6,2,18,0,0,46,0,46,0,10,52,2,64,18,24,42,106
04/29/2002,SJT,TX,ASW,CE,Federal Contract Tower,0,18,11,55,84,0,2,51,0,53,0,20,62,55,137,38,386,424,561
04/30/2002,SJT,TX,ASW,CE,Federal Contract Tower,0,17,14,18,49,0,4,52,0,56,0,21,66,18,105,26,92,118,223
05/01/2002,SJT,TX,ASW,CE,Federal Contract Tower,0,19,13,11,43,0,6,56,0,62,0,25,69,11,105,18,88,106,211
05/02/2002,SJT,TX,ASW,CE,Federal Contract Tower,0,19,7,53,79,0,3,49,0,52,0,22,56,53,131,42,342,384,515
05/03/2002,SJT,TX,ASW,CE,Federal Contract Tower,0,24,21,32,77,0,0,66,0,66,0,24,87,32,143,48,192,240,383
05/04/2002,SJT,TX,ASW,CE,Federal Contract Tower,0,18,7,2,27,0,0,52,0,52,0,18,59,2,79,70,10,80,159
05/05/2002,SJT,TX,ASW,CE,Federal Contract Tower,0,11,14,10,35,0,0,31,1,32,0,11,45,11,67,14,20,34,101
05/06/2002,SJT,TX,ASW,CE,Federal Contract Tower,0,14,14,40,68,0,0,40,0,40,0,14,54,40,108,18,250,268,376
05/07/2002,SJT,TX,ASW,CE,Federal Contract Tower,0,20,12,30,62,0,0,38,0,38,0,20,50,30,100,16,148,164,264
05/08/2002,SJT,TX,ASW,CE,Federal Contract Tower,0,19,17,25,61,0,0,54,0,54,0,19,71,25,115,26,220,246,361
05/09/2002,SJT,TX,ASW,CE,Federal Contract Tower,0,18,23,21,62,0,0,52,0,52,0,18,75,21,114,26,146,172,286
05/10/2002,SJT,TX,ASW,CE,Federal Contract Tower,0,14,11,4,29,0,7,51,0,58,0,21,62,4,87,16,50,66,153
05/11/2002,SJT,TX,ASW,CE,Federal Contract Tower,0,15,16,0,31,0,0,31,2,33,0,15,47,2,64,8,14,22,86
05/12/2002,SJT,TX,ASW,CE,Federal Contract Tower,0,11,9,1,21,0,0,31,3,34,0,11,40,4,55,18,4,22,77
05/13/2002,SJT,TX,ASW,CE,Federal Contract Tower,0,15,10,30,55,0,1,62,0,63,0,16,72,30,118,50,172,222,340
05/14/2002,SJT,TX,ASW,CE,Federal Contract Tower,0,20,12,56,88,0,0,65,0,65,0,20,77,56,153,18,262,280,433
05/15/2002,SJT,TX,ASW,CE,Federal Contract Tower,0,22,7,28,57,0,0,52,0,52,0,22,59,28,109,22,202,224,333
05/16/2002,SJT,TX,ASW,CE,Federal Contract Tower,0,20,21,34,75,0,0,52,0,52,0,20,73,34,127,32,162,194,321
05/17/2002,SJT,TX,ASW,CE,Federal Contract Tower,0,19,17,19,55,0,0,45,0,45,0,19,62,19,100,56,102,158,258
05/18/2002,SJT,TX,ASW,CE,Federal Contract Tower,0,13,11,4,28,0,0,58,8,66,0,13,69,12,94,80,14,94,188
05/19/2002,SJT,TX,ASW,CE,Federal Contract Tower,0,10,8,19,37,0,1,37,13,51,0,11,45,32,88,18,66,84,172
05/20/2002,SJT,TX,ASW,CE,Federal Contract Tower,0,14,8,35,57,0,2,57,0,59,0,16,65,35,116,72,148,220,336
05/21/2002,SJT,TX,ASW,CE,Federal Contract Tower,0,19,9,40,68,0,1,49,0,50,0,20,58,40,118,72,172,244,362
05/22/2002,SJT,TX,ASW,CE,Federal Contract Tower,0,21,17,58,96,0,0,32,0,32,0,21,49,58,128,2,230,232,360
05/23/2002,SJT,TX,ASW,CE,Federal Contract Tower,2,21,15,35,73,0,0,47,0,47,2,21,62,35,120,38,174,212,332
05/24/2002,SJT,TX,ASW,CE,Federal Contract Tower,0,19,26,35,80,0,1,42,0,43,0,20,68,35,123,24,224,248,371
05/25/2002,SJT,TX,ASW,CE,Federal Contract Tower,0,12,14,0,26,0,3,27,4,34,0,15,41,4,60,28,0,28,88
05/26/2002,SJT,TX,ASW,CE,Federal Contract Tower,0,8,6,0,14,0,0,23,0,23,0,8,29,0,37,24,0,24,61
05/27/2002,SJT,TX,ASW,CE,Federal Contract Tower,0,10,5,0,15,0,1,17,0,18,0,11,22,0,33,14,4,18,51
05/28/2002,SJT,TX,ASW,CE,Federal Contract Tower,0,17,25,21,63,0,0,25,0,25,0,17,50,21,88,14,154,168,256
05/29/2002,SJT,TX,ASW,CE,Federal Contract Tower,0,18,7,58,83,0,4,62,0,66,0,22,69,58,149,84,270,354,503
05/30/2002,SJT,TX,ASW,CE,Federal Contract Tower,0,16,18,22,56,0,4,53,0,57,0,20,71,22,113,70,206,276,389
05/31/2002,SJT,TX,ASW,CE,Federal Contract Tower,0,19,16,27,62,0,2,64,0,66,0,21,80,27,128,82,216,298,426
06/01/2002,SJT,TX,ASW,CE,Federal Contract Tower,0,12,11,0,23,0,0,70,3,73,0,12,81,3,96,50,0,50,146
06/02/2002,SJT,TX,ASW,CE,Federal Contract Tower,0,12,13,4,29,0,0,55,0,55,0,12,68,4,84,44,8,52,136
06/03/2002,SJT,TX,ASW,CE,Federal Contract Tower,0,16,12,40,68,0,0,36,0,36,0,16,48,40,104,24,222,246,350
06/04/2002,SJT,TX,ASW,CE,Federal Contract Tower,0,20,8,21,49,0,0,47,0,47,0,20,55,21,96,14,160,174,270
06/05/2002,SJT,TX,ASW,CE,Federal Contract Tower,2,23,10,3,38,0,0,35,0,35,2,23,45,3,73,56,4,60,133
06/06/2002,SJT,TX,ASW,CE,Federal Contract Tower,0,26,25,14,65,0,0,55,0,55,0,26,80,14,120,66,78,144,264
06/07/2002,SJT,TX,ASW,CE,Federal Contract Tower,0,23,19,2,44,0,0,31,0,31,0,23,50,2,75,28,56,84,159
06/08/2002,SJT,TX,ASW,CE,Federal Contract Tower,2,13,16,0,31,0,0,33,0,33,2,13,49,0,64,44,8,52,116
06/09/2002,SJT,TX,ASW,CE,Federal Contract Tower,0,10,12,14,36,0,0,40,1,41,0,10,52,15,77,20,34,54,131
06/10/2002,SJT,TX,ASW,CE,Federal Contract Tower,0,14,12,31,57,0,2,40,0,42,0,16,52,31,99,6,300,306,405
06/11/2002,SJT,TX,ASW,CE,Federal Contract Tower,0,21,12,40,73,0,0,57,0,57,0,21,69,40,130,54,238,292,422
06/12/2002,SJT,TX,ASW,CE,Federal Contract Tower,0,19,8,26,53,0,0,46,0,46,0,19,54,26,99,70,230,300,399
06/13/2002,SJT,TX,ASW,CE,Federal Contract Tower,0,21,26,21,68,0,0,57,0,57,0,21,83,21,125,36,188,224,349
06/14/2002,SJT,TX,ASW,CE,Federal Contract Tower,0,20,15,22,57,0,0,53,0,53,0,20,68,22,110,76,88,164,274
06/15/2002,SJT,TX,ASW,CE,Federal Contract Tower,0,13,7,0,20,0,0,15,0,15,0,13,22,0,35,0,0,0,35
06/16/2002,SJT,TX,ASW,CE,Federal Contract Tower,0,10,16,30,56,0,0,40,1,41,0,10,56,31,97,12,66,78,175
06/17/2002,SJT,TX,ASW,CE,Federal Contract Tower,0,16,16,32,64,0,0,59,0,59,0,16,75,32,123,52,246,298,421
06/18/2002,SJT,TX,ASW,CE,Federal Contract Tower,0,17,11,44,72,0,0,59,0,59,0,17,70,44,131,46,214,260,391
06/19/2002,SJT,TX,ASW,CE,Federal Contract Tower,0,18,23,46,87,0,1,53,0,54,0,19,76,46,141,44,186,230,371
06/20/2002,SJT,TX,ASW,CE,Federal Contract Tower,0,18,24,22,64,0,1,64,0,65,0,19,88,22,129,86,110,196,325
06/21/2002,SJT,TX,ASW,CE,Federal Contract Tower,0,24,8,30,62,0,0,48,0,48,0,24,56,30,110,64,216,280,390
06/22/2002,SJT,TX,ASW,CE,Federal Contract Tower,0,13,6,4,23,0,1,69,4,74,0,14,75,8,97,62,8,70,167
06/23/2002,SJT,TX,ASW,CE,Federal Contract Tower,0,11,3,7,21,0,0,35,0,35,0,11,38,7,56,68,58,126,182
06/24/2002,SJT,TX,ASW,CE,Federal Contract Tower,0,15,10,7,32,0,0,56,0,56,0,15,66,7,88,78,36,114,202
06/25/2002,SJT,TX,ASW,CE,Federal Contract Tower,0,20,8,16,44,0,0,53,0,53,0,20,61,16,97,78,154,232,329
06/26/2002,SJT,TX,ASW,CE,Federal Contract Tower,0,24,17,31,72,0,1,58,0,59,0,25,75,31,131,70,172,242,373
06/27/2002,SJT,TX,ASW,CE,Federal Contract Tower,0,19,18,7,44,0,0,32,0,32,0,19,50,7,76,54,142,196,272
06/28/2002,SJT,TX,ASW,CE,Federal Contract Tower,0,21,16,29,66,0,0,33,0,33,0,21,49,29,99,62,204,266,365
06/29/2002,SJT,TX,ASW,CE,Federal Contract Tower,0,14,7,0,21,0,1,35,0,36,0,15,42,0,57,30,18,48,105
06/30/2002,SJT,TX,ASW,CE,Federal Contract Tower,0,10,16,1,27,0,0,13,0,13,0,10,29,1,40,16,10,26,66
07/01/2002,SJT,TX,ASW,CE,Federal Contract Tower,0,14,15,21,50,0,0,32,0,32,0,14,47,21,82,74,54,128,210
07/02/2002,SJT,TX,ASW,CE,Federal Contract Tower,0,17,9,13,39,0,0,32,0,32,0,17,41,13,71,40,44,84,155
07/03/2002,SJT,TX,ASW,CE,Federal Contract Tower,0,23,16,2,41,0,0,29,0,29,0,23,45,2,70,82,14,96,166
07/04/2002,SJT,TX,ASW,CE,Federal Contract Tower,0,7,1,0,8,0,0,8,0,8,0,7,9,0,16,18,0,18,34
07/05/2002,SJT,TX,ASW,CE,Federal Contract Tower,0,16,10,0,26,0,0,18,0,18,0,16,28,0,44,32,0,32,76
07/06/2002,SJT,TX,ASW,CE,Federal Contract Tower,0,14,5,0,19,0,0,19,0,19,0,14,24,0,38,4,0,4,42
07/07/2002,SJT,TX,ASW,CE,Federal Contract Tower,0,12,10,0,22,0,0,29,0,29,0,12,39,0,51,22,0,22,73
07/08/2002,SJT,TX,ASW,CE,Federal Contract Tower,0,15,17,12,44,0,0,39,0,39,0,15,56,12,83,56,132,188,271
07/09/2002,SJT,TX,ASW,CE,Federal Contract Tower,0,20,6,37,63,0,1,50,0,51,0,21,56,37,114,38,258,296,410
07/10/2002,SJT,TX,ASW,CE,Federal Contract Tower,0,22,5,33,60,0,3,50,0,53,0,25,55,33,113,66,200,266,379
07/11/2002,SJT,TX,ASW,CE,Federal Contract Tower,0,18,8,20,46,0,0,58,0,58,0,18,66,20,104,38,176,214,318
07/12/2002,SJT,TX,ASW,CE,Federal Contract Tower,0,18,10,9,37,0,6,41,0,47,0,24,51,9,84,54,108,162,246
07/13/2002,SJT,TX,ASW,CE,Federal Contract Tower,0,17,5,4,26,0,2,50,1,53,0,19,55,5,79,52,0,52,131
07/14/2002,SJT,TX,ASW,CE,Federal Contract Tower,0,10,11,12,33,0,0,48,3,51,0,10,59,15,84,22,40,62,146
07/15/2002,SJT,TX,ASW,CE,Federal Contract Tower,0,15,7,31,53,0,0,50,0,50,0,15,57,31,103,102,262,364,467
07/16/2002,SJT,TX,ASW,CE,Federal Contract Tower,0,22,6,72,100,0,0,29,0,29,0,22,35,72,129,24,312,336,465
07/17/2002,SJT,TX,ASW,CE,Federal Contract Tower,0,21,15,53,89,0,0,21,0,21,0,21,36,53,110,50,162,212,322
07/18/2002,SJT,TX,ASW,CE,Federal Contract Tower,0,19,20,26,65,0,0,47,0,47,0,19,67,26,112,74,162,236,348
07/19/2002,SJT,TX,ASW,CE,Federal Contract Tower,0,19,12,55,86,0,3,70,8,81,0,22,82,63,167,54,158,212,379
07/20/2002,SJT,TX,ASW,CE,Federal Contract Tower,2,15,7,1,25,0,1,42,5,48,2,16,49,6,73,42,4,46,119
07/21/2002,SJT,TX,ASW,CE,Federal Contract Tower,0,10,4,7,21,0,0,38,0,38,0,10,42,7,59,18,20,38,97
07/22/2002,SJT,TX,ASW,CE,Federal Contract Tower,0,14,10,15,39,0,3,40,0,43,0,17,50,15,82,28,220,248,330
07/23/2002,SJT,TX,ASW,CE,Federal Contract Tower,0,18,3,20,41,0,2,52,0,54,0,20,55,20,95,78,92,170,265
07/24/2002,SJT,TX,ASW,CE,Federal Contract Tower,2,21,9,21,53,0,18,54,0,72,2,39,63,21,125,50,142,192,317
07/25/2002,SJT,TX,ASW,CE,Federal Contract Tower,0,22,13,30,65,0,1,74,0,75,0,23,87,30,140,76,292,368,508
07/26/2002,SJT,TX,ASW,CE,Federal Contract Tower,0,18,8,13,39,0,0,56,0,56,0,18,64,13,95,80,174,254,349
07/27/2002,SJT,TX,ASW,CE,Federal Contract Tower,0,15,2,12,29,0,1,56,0,57,0,16,58,12,86,42,84,126,212
07/28/2002,SJT,TX,ASW,CE,Federal Contract Tower,0,10,6,2,18,0,0,36,0,36,0,10,42,2,54,6,26,32,86
07/29/2002,SJT,TX,ASW,CE,Federal Contract Tower,0,16,12,8,36,0,0,34,0,34,0,16,46,8,70,18,84,102,172
07/30/2002,SJT,TX,ASW,CE,Federal Contract Tower,0,19,21,10,50,0,7,40,0,47,0,26,61,10,97,60,98,158,255
07/31/2002,SJT,TX,ASW,CE,Federal Contract Tower,0,24,23,9,56,0,0,47,0,47,0,24,70,9,103,56,182,238,341
08/01/2002,SJT,TX,ASW,CE,Federal Contract Tower,0,23,8,23,54,0,0,57,0,57,0,23,65,23,111,36,292,328,439
08/02/2002,SJT,TX,ASW,CE,Federal Contract Tower,0,21,17,12,50,0,0,49,0,49,0,21,66,12,99,24,130,154,253
08/03/2002,SJT,TX,ASW,CE,Federal Contract Tower,0,16,3,8,27,0,3,58,0,61,0,19,61,8,88,30,38,68,156
08/04/2002,SJT,TX,ASW,CE,Federal Contract Tower,0,10,7,8,25,0,0,60,0,60,0,10,67,8,85,18,16,34,119
08/05/2002,SJT,TX,ASW,CE,Federal Contract Tower,0,14,17,14,45,0,2,54,0,56,0,16,71,14,101,44,150,194,295
08/06/2002,SJT,TX,ASW,CE,Federal Contract Tower,0,18,20,33,71,0,0,40,0,40,0,18,60,33,111,52,224,276,387
08/07/2002,SJT,TX,ASW,CE,Federal Contract Tower,0,22,13,24,59,0,1,62,0,63,0,23,75,24,122,36,172,208,330
08/08/2002,SJT,TX,ASW,CE,Federal Contract Tower,0,20,12,22,54,0,2,57,0,59,0,22,69,22,113,56,206,262,375
08/09/2002,SJT,TX,ASW,CE,Federal Contract Tower,0,19,16,15,50,0,2,43,0,45,0,21,59,15,95,20,126,146,241
08/10/2002,SJT,TX,ASW,CE,Federal Contract Tower,0,15,16,1,32,0,3,52,0,55,0,18,68,1,87,32,18,50,137
08/11/2002,SJT,TX,ASW,CE,Federal Contract Tower,0,12,13,1,26,0,0,25,1,26,0,12,38,2,52,16,0,16,68
08/12/2002,SJT,TX,ASW,CE,Federal Contract Tower,0,14,13,49,76,0,0,37,0,37,0,14,50,49,113,10,166,176,289
08/13/2002,SJT,TX,ASW,CE,Federal Contract Tower,0,17,11,36,64,0,0,42,0,42,0,17,53,36,106,18,186,204,310
08/14/2002,SJT,TX,ASW,CE,Federal Contract Tower,0,18,25,36,79,0,0,49,0,49,0,18,74,36,128,40,160,200,328
08/15/2002,SJT,TX,ASW,CE,Federal Contract Tower,2,24,18,24,68,0,0,41,0,41,2,24,59,24,109,20,160,180,289
08/16/2002,SJT,TX,ASW,CE,Federal Contract Tower,0,27,23,37,87,0,1,30,0,31,0,28,53,37,118,28,190,218,336
08/17/2002,SJT,TX,ASW,CE,Federal Contract Tower,0,18,10,1,29,0,0,21,0,21,0,18,31,1,50,32,10,42,92
08/18/2002,SJT,TX,ASW,CE,Federal Contract Tower,0,10,2,2,14,0,0,29,0,29,0,10,31,2,43,10,6,16,59
08/19/2002,SJT,TX,ASW,CE,Federal Contract Tower,0,15,6,14,35,0,0,41,0,41,0,15,47,14,76,42,190,232,308
08/20/2002,SJT,TX,ASW,CE,Federal Contract Tower,0,22,11,33,66,0,1,37,0,38,0,23,48,33,104,42,192,234,338
08/21/2002,SJT,TX,ASW,CE,Federal Contract Tower,0,20,7,22,49,0,0,48,0,48,0,20,55,22,97,20,158,178,275
08/22/2002,SJT,TX,ASW,CE,Federal Contract Tower,0,19,7,19,45,0,3,38,0,41,0,22,45,19,86,12,184,196,282
08/23/2002,SJT,TX,ASW,CE,Federal Contract Tower,0,20,19,30,69,0,1,70,0,71,0,21,89,30,140,20,122,142,282
08/24/2002,SJT,TX,ASW,CE,Federal Contract Tower,0,15,11,6,32,0,0,30,0,30,0,15,41,6,62,6,62,68,130
08/25/2002,SJT,TX,ASW,CE,Federal Contract Tower,0,10,13,4,27,0,0,34,0,34,0,10,47,4,61,12,12,24,85
08/26/2002,SJT,TX,ASW,CE,Federal Contract Tower,0,17,10,15,42,0,1,42,0,43,0,18,52,15,85,6,166,172,257
08/27/2002,SJT,TX,ASW,CE,Federal Contract Tower,0,24,14,40,78,0,0,63,11,74,0,24,77,51,152,32,178,210,362
08/28/2002,SJT,TX,ASW,CE,Federal Contract Tower,0,20,18,20,58,0,3,40,0,43,0,23,58,20,101,30,150,180,281
08/29/2002,SJT,TX,ASW,CE,Federal Contract Tower,0,19,22,1,42,0,2,37,0,39,0,21,59,1,81,8,34,42,123
08/30/2002,SJT,TX,ASW,CE,Federal Contract Tower,0,23,10,3,36,0,1,59,0,60,0,24,69,3,96,20,110,130,226
08/31/2002,SJT,TX,ASW,CE,Federal Contract Tower,0,11,12,0,23,0,4,65,0,69,0,15,77,0,92,26,0,26,118
09/01/2002,SJT,TX,ASW,CE,Federal Contract Tower,0,8,7,0,15,0,0,42,0,42,0,8,49,0,57,24,0,24,81
09/02/2002,SJT,TX,ASW,CE,Federal Contract Tower,0,9,14,4,27,0,0,50,0,50,0,9,64,4,77,40,4,44,121
09/03/2002,SJT,TX,ASW,CE,Federal Contract Tower,0,15,19,28,62,0,1,37,0,38,0,16,56,28,100,10,208,218,318
09/04/2002,SJT,TX,ASW,CE,Federal Contract Tower,2,18,12,36,68,0,1,37,0,38,2,19,49,36,106,44,112,156,262
09/05/2002,SJT,TX,ASW,CE,Federal Contract Tower,0,19,17,14,50,0,5,58,0,63,0,24,75,14,113,62,98,160,273
09/06/2002,SJT,TX,ASW,CE,Federal Contract Tower,0,21,23,30,74,0,2,47,0,49,0,23,70,30,123,16,196,212,335
09/07/2002,SJT,TX,ASW,CE,Federal Contract Tower,2,13,11,8,34,0,3,26,0,29,2,16,37,8,63,24,22,46,109
09/08/2002,SJT,TX,ASW,CE,Federal Contract Tower,0,10,11,14,35,0,0,14,0,14,0,10,25,14,49,6,22,28,77
09/09/2002,SJT,TX,ASW,CE,Federal Contract Tower,0,14,13,16,43,0,0,12,0,12,0,14,25,16,55,6,78,84,139
09/10/2002,SJT,TX,ASW,CE,Federal Contract Tower,0,20,16,35,71,0,2,33,0,35,0,22,49,35,106,18,192,210,316
09/11/2002,SJT,TX,ASW,CE,Federal Contract Tower,0,20,9,29,58,0,0,27,0,27,0,20,36,29,85,52,248,300,385
09/12/2002,SJT,TX,ASW,CE,Federal Contract Tower,0,19,18,35,72,0,0,47,0,47,0,19,65,35,119,74,128,202,321
09/13/2002,SJT,TX,ASW,CE,Federal Contract Tower,0,24,17,31,72,0,1,24,0,25,0,25,41,31,97,34,198,232,329
09/14/2002,SJT,TX,ASW,CE,Federal Contract Tower,0,13,10,9,32,0,1,26,0,27,0,14,36,9,59,24,28,52,111
09/15/2002,SJT,TX,ASW,CE,Federal Contract Tower,0,12,14,42,68,0,3,7,0,10,0,15,21,42,78,4,78,82,160
09/16/2002,SJT,TX,ASW,CE,Federal Contract Tower,0,14,22,38,74,0,0,52,0,52,0,14,74,38,126,54,288,342,468
09/17/2002,SJT,TX,ASW,CE,Federal Contract Tower,0,17,11,73,101,0,0,46,0,46,0,17,57,73,147,58,480,538,685
09/18/2002,SJT,TX,ASW,CE,Federal Contract Tower,0,19,12,26,57,0,0,38,0,38,0,19,50,26,95,26,286,312,407
09/19/2002,SJT,TX,ASW,CE,Federal Contract Tower,0,22,17,39,78,0,0,26,0,26,0,22,43,39,104,16,234,250,354
09/20/2002,SJT,TX,ASW,CE,Federal Contract Tower,0,20,25,28,73,0,3,42,0,45,0,23,67,28,118,42,212,254,372
09/21/2002,SJT,TX,ASW,CE,Federal Contract Tower,0,11,7,2,20,0,3,62,0,65,0,14,69,2,85,32,0,32,117
09/22/2002,SJT,TX,ASW,CE,Federal Contract Tower,0,11,14,12,37,0,1,54,0,55,0,12,68,12,92,40,62,102,194
09/23/2002,SJT,TX,ASW,CE,Federal Contract Tower,0,15,5,31,51,0,0,54,0,54,0,15,59,31,105,30,186,216,321
09/24/2002,SJT,TX,ASW,CE,Federal Contract Tower,0,20,13,46,79,0,1,54,0,55,0,21,67,46,134,60,342,402,536
09/25/2002,SJT,TX,ASW,CE,Federal Contract Tower,0,19,13,19,51,0,1,48,0,49,0,20,61,19,100,38,148,186,286
09/26/2002,SJT,TX,ASW,CE,Federal Contract Tower,0,20,5,19,44,0,4,37,0,41,0,24,42,19,85,34,96,130,215
09/27/2002,SJT,TX,ASW,CE,Federal Contract Tower,0,19,23,7,49,0,0,59,0,59,0,19,82,7,108,36,58,94,202
09/28/2002,SJT,TX,ASW,CE,Federal Contract Tower,0,13,13,0,26,0,4,46,2,52,0,17,59,2,78,34,0,34,112
09/29/2002,SJT,TX,ASW,CE,Federal Contract Tower,0,14,8,2,24,0,3,40,0,43,0,17,48,2,67,34,0,34,101
09/30/2002,SJT,TX,ASW,CE,Federal Contract Tower,0,19,11,0,30,0,0,38,0,38,0,19,49,0,68,12,6,18,86
10/01/2002,SJT,TX,ASW,CE,Federal Contract Tower,0,19,7,52,78,0,3,36,0,39,0,22,43,52,117,12,296,308,425
10/02/2002,SJT,TX,ASW,CE,Federal Contract Tower,0,22,36,39,97,0,0,29,0,29,0,22,65,39,126,26,272,298,424
10/03/2002,SJT,TX,ASW,CE,Federal Contract Tower,0,24,18,18,60,0,1,26,0,27,0,25,44,18,87,8,162,170,257
10/04/2002,SJT,TX,ASW,CE,Federal Contract Tower,0,19,19,32,70,0,0,59,0,59,0,19,78,32,129,44,280,324,453
10/05/2002,SJT,TX,ASW,CE,Federal Contract Tower,0,12,13,2,27,0,2,33,0,35,0,14,46,2,62,30,22,52,114
10/06/2002,SJT,TX,ASW,CE,Federal Contract Tower,0,10,10,7,27,0,0,37,0,37,0,10,47,7,64,36,8,44,108
10/07/2002,SJT,TX,ASW,CE,Federal Contract Tower,0,12,22,7,41,0,2,2,0,4,0,14,24,7,45,10,44,54,99
10/08/2002,SJT,TX,ASW,CE,Federal Contract Tower,0,18,15,2,35,0,0,3,0,3,0,18,18,2,38,10,0,10,48
10/09/2002,SJT,TX,ASW,CE,Federal Contract Tower,0,20,39,15,74,0,0,0,0,0,0,20,39,15,74,18,62,80,154
10/10/2002,SJT,TX,ASW,CE,Federal Contract Tower,2,18,23,23,66,0,0,44,0,44,2,18,67,23,110,24,154,178,288
10/11/2002,SJT,TX,ASW,CE,Federal Contract Tower,0,20,31,11,62,0,3,34,0,37,0,23,65,11,99,44,100,144,243
10/12/2002,SJT,TX,ASW,CE,Federal Contract Tower,0,18,17,8,43,0,2,54,0,56,0,20,71,8,99,44,30,74,173
10/13/2002,SJT,TX,ASW,CE,Federal Contract Tower,0,12,16,2,30,0,0,30,1,31,0,12,46,3,61,36,6,42,103
10/14/2002,SJT,TX,ASW,CE,Federal Contract Tower,0,15,27,4,46,0,0,15,1,16,0,15,42,5,62,28,10,38,100
10/15/2002,SJT,TX,ASW,CE,Federal Contract Tower,0,18,23,34,75,0,1,42,0,43,0,19,65,34,118,46,286,332,450
10/16/2002,SJT,TX,ASW,CE,Federal Contract Tower,0,21,26,10,57,0,2,72,0,74,0,23,98,10,131,68,120,188,319
10/17/2002,SJT,TX,ASW,CE,Federal Contract Tower,0,20,32,17,69,0,0,52,0,52,0,20,84,17,121,14,142,156,277
10/18/2002,SJT,TX,ASW,CE,Federal Contract Tower,0,26,22,1,49,0,1,6,0,7,0,27,28,1,56,14,42,56,112
10/19/2002,SJT,TX,ASW,CE,Federal Contract Tower,2,15,12,11,40,0,5,45,0,50,2,20,57,11,90,48,40,88,178
10/20/2002,SJT,TX,ASW,CE,Federal Contract Tower,0,11,29,18,58,0,0,6,0,6,0,11,35,18,64,14,28,42,106
10/21/2002,SJT,TX,ASW,CE,Federal Contract Tower,0,17,22,13,52,0,0,10,0,10,0,17,32,13,62,16,38,54,116
10/22/2002,SJT,TX,ASW,CE,Federal Contract Tower,0,19,11,22,52,0,1,14,10,25,0,20,25,32,77,6,72,78,155
10/23/2002,SJT,TX,ASW,CE,Federal Contract Tower,2,21,25,26,74,0,0,15,0,15,2,21,40,26,89,52,122,174,263
10/24/2002,SJT,TX,ASW,CE,Federal Contract Tower,0,19,18,3,40,0,0,0,0,0,0,19,18,3,40,20,6,26,66
10/25/2002,SJT,TX,ASW,CE,Federal Contract Tower,0,20,18,9,47,0,0,6,0,6,0,20,24,9,53,0,58,58,111
10/26/2002,SJT,TX,ASW,CE,Federal Contract Tower,0,16,12,3,31,0,0,0,0,0,0,16,12,3,31,12,6,18,49
10/27/2002,SJT,TX,ASW,CE,Federal Contract Tower,0,8,22,4,34,0,0,1,0,1,0,8,23,4,35,20,0,20,55
10/28/2002,SJT,TX,ASW,CE,Federal Contract Tower,0,18,12,16,46,0,1,26,0,27,0,19,38,16,73,24,160,184,257
10/29/2002,SJT,TX,ASW,CE,Federal Contract Tower,0,24,27,49,100,0,0,69,0,69,0,24,96,49,169,90,280,370,539
10/30/2002,SJT,TX,ASW,CE,Federal Contract Tower,0,24,28,14,66,0,1,16,0,17,0,25,44,14,83,30,56,86,169
10/31/2002,SJT,TX,ASW,CE,Federal Contract Tower,0,20,18,5,43,0,0,5,0,5,0,20,23,5,48,2,68,70,118
11/01/2002,SJT,TX,ASW,CE,Federal Contract Tower,0,25,24,0,49,0,0,0,0,0,0,25,24,0,49,0,8,8,57
11/02/2002,SJT,TX,ASW,CE,Federal Contract Tower,0,13,15,0,28,0,0,0,0,0,0,13,15,0,28,0,0,0,28
11/03/2002,SJT,TX,ASW,CE,Federal Contract Tower,0,10,10,2,22,0,0,0,0,0,0,10,10,2,22,0,0,0,22
11/04/2002,SJT,TX,ASW,CE,Federal Contract Tower,0,19,18,13,50,0,0,10,0,10,0,19,28,13,60,10,26,36,96
11/05/2002,SJT,TX,ASW,CE,Federal Contract Tower,0,20,16,58,94,0,2,71,0,73,0,22,87,58,167,84,298,382,549
11/06/2002,SJT,TX,ASW,CE,Federal Contract Tower,0,22,16,29,67,0,0,62,0,62,0,22,78,29,129,46,270,316,445
11/07/2002,SJT,TX,ASW,CE,Federal Contract Tower,0,23,6,21,50,0,0,54,0,54,0,23,60,21,104,10,196,206,310
11/08/2002,SJT,TX,ASW,CE,Federal Contract Tower,0,21,14,15,50,0,2,39,0,41,0,23,53,15,91,12,132,144,235
11/09/2002,SJT,TX,ASW,CE,Federal Contract Tower,0,14,11,6,31,0,5,35,0,40,0,19,46,6,71,78,94,172,243
11/10/2002,SJT,TX,ASW,CE,Federal Contract Tower,0,14,14,5,33,0,0,45,0,45,0,14,59,5,78,26,0,26,104
11/11/2002,SJT,TX,ASW,CE,Federal Contract Tower,0,20,6,0,26,0,0,33,0,33,0,20,39,0,59,32,0,32,91
11/12/2002,SJT,TX,ASW,CE,Federal Contract Tower,0,20,10,31,61,0,0,52,0,52,0,20,62,31,113,94,220,314,427
11/13/2002,SJT,TX,ASW,CE,Federal Contract Tower,0,18,10,62,90,0,1,47,0,48,0,19,57,62,138,16,268,284,422
11/14/2002,SJT,TX,ASW,CE,Federal Contract Tower,0,19,14,32,65,0,1,59,5,65,0,20,73,37,130,54,118,172,302
11/15/2002,SJT,TX,ASW,CE,Federal Contract Tower,0,20,18,26,64,0,0,40,4,44,0,20,58,30,108,26,84,110,218
11/16/2002,SJT,TX,ASW,CE,Federal Contract Tower,0,17,11,4,32,0,2,36,1,39,0,19,47,5,71,12,26,38,109
11/17/2002,SJT,TX,ASW,CE,Federal Contract Tower,0,10,16,21,47,0,0,25,0,25,0,10,41,21,72,26,108,134,206
11/18/2002,SJT,TX,ASW,CE,Federal Contract Tower,0,16,25,31,72,0,0,42,0,42,0,16,67,31,114,38,110,148,262
11/19/2002,SJT,TX,ASW,CE,Federal Contract Tower,0,20,12,35,67,0,0,35,0,35,0,20,47,35,102,58,160,218,320
11/20/2002,SJT,TX,ASW,CE,Federal Contract Tower,0,17,13,33,63,0,0,52,0,52,0,17,65,33,115,24,100,124,239
11/21/2002,SJT,TX,ASW,CE,Federal Contract Tower,2,19,14,19,54,0,0,48,0,48,2,19,62,19,102,48,168,216,318
11/22/2002,SJT,TX,ASW,CE,Federal Contract Tower,0,20,10,36,66,0,1,69,0,70,0,21,79,36,136,62,164,226,362
11/23/2002,SJT,TX,ASW,CE,Federal Contract Tower,0,13,6,5,24,0,2,50,0,52,0,15,56,5,76,74,26,100,176
11/24/2002,SJT,TX,ASW,CE,Federal Contract Tower,2,10,5,2,19,0,2,32,0,34,2,12,37,2,53,10,28,38,91
11/25/2002,SJT,TX,ASW,CE,Federal Contract Tower,0,15,12,30,57,0,0,32,0,32,0,15,44,30,89,60,194,254,343
11/26/2002,SJT,TX,ASW,CE,Federal Contract Tower,0,20,22,17,59,0,0,8,0,8,0,20,30,17,67,32,70,102,169
11/27/2002,SJT,TX,ASW,CE,Federal Contract Tower,0,18,15,8,41,0,0,37,0,37,0,18,52,8,78,14,188,202,280
11/28/2002,SJT,TX,ASW,CE,Federal Contract Tower,0,7,3,0,10,0,0,25,0,25,0,7,28,0,35,2,0,2,37
11/29/2002,SJT,TX,ASW,CE,Federal Contract Tower,0,19,6,0,25,0,1,33,0,34,0,20,39,0,59,10,8,18,77
11/30/2002,SJT,TX,ASW,CE,Federal Contract Tower,0,13,10,0,23,0,2,35,0,37,0,15,45,0,60,4,0,4,64
12/01/2002,SJT,TX,ASW,CE,Federal Contract Tower,0,12,21,0,33,0,2,51,0,53,0,14,72,0,86,16,0,16,102
12/02/2002,SJT,TX,ASW,CE,Federal Contract Tower,0,15,28,47,90,0,0,36,0,36,0,15,64,47,126,44,322,366,492
12/03/2002,SJT,TX,ASW,CE,Federal Contract Tower,0,10,7,0,17,0,8,1,0,9,0,18,8,0,26,0,0,0,26
12/04/2002,SJT,TX,ASW,CE,Federal Contract Tower,2,24,34,25,85,0,0,5,0,5,2,24,39,25,90,18,94,112,202
12/05/2002,SJT,TX,ASW,CE,Federal Contract Tower,0,23,14,25,62,0,0,22,2,24,0,23,36,27,86,0,124,124,210
12/06/2002,SJT,TX,ASW,CE,Federal Contract Tower,0,23,16,42,81,0,0,38,0,38,0,23,54,42,119,12,164,176,295
12/07/2002,SJT,TX,ASW,CE,Federal Contract Tower,2,13,11,0,26,0,4,58,0,62,2,17,69,0,88,46,0,46,134
12/08/2002,SJT,TX,ASW,CE,Federal Contract Tower,0,13,20,1,34,0,0,5,1,6,0,13,25,2,40,0,0,0,40
12/09/2002,SJT,TX,ASW,CE,Federal Contract Tower,0,16,13,14,43,0,0,2,0,2,0,16,15,14,45,4,128,132,177
12/10/2002,SJT,TX,ASW,CE,Federal Contract Tower,0,19,15,71,105,0,0,58,10,68,0,19,73,81,173,32,388,420,593
12/11/2002,SJT,TX,ASW,CE,Federal Contract Tower,0,26,15,6,47,0,0,32,0,32,0,26,47,6,79,32,124,156,235
12/12/2002,SJT,TX,ASW,CE,Federal Contract Tower,0,21,26,28,75,0,0,42,0,42,0,21,68,28,117,80,218,298,415
12/13/2002,SJT,TX,ASW,CE,Federal Contract Tower,0,24,12,38,74,0,0,64,0,64,0,24,76,38,138,16,118,134,272
12/14/2002,SJT,TX,ASW,CE,Federal Contract Tower,0,14,14,0,28,0,4,78,0,82,0,18,92,0,110,42,44,86,196
12/15/2002,SJT,TX,ASW,CE,Federal Contract Tower,0,13,11,9,33,0,0,52,0,52,0,13,63,9,85,14,28,42,127
12/16/2002,SJT,TX,ASW,CE,Federal Contract Tower,0,14,26,41,81,0,0,67,0,67,0,14,93,41,148,106,178,284,432
12/17/2002,SJT,TX,ASW,CE,Federal Contract Tower,0,19,6,34,59,0,2,50,0,52,0,21,56,34,111,78,130,208,319
12/18/2002,SJT,TX,ASW,CE,Federal Contract Tower,0,19,15,29,63,0,0,68,0,68,0,19,83,29,131,52,208,260,391
12/19/2002,SJT,TX,ASW,CE,Federal Contract Tower,0,21,18,24,63,0,0,52,3,55,0,21,70,27,118,16,64,80,198
12/20/2002,SJT,TX,ASW,CE,Federal Contract Tower,0,19,10,3,32,0,0,67,0,67,0,19,77,3,99,0,104,104,203
12/21/2002,SJT,TX,ASW,CE,Federal Contract Tower,0,14,10,0,24,0,0,32,0,32,0,14,42,0,56,12,0,12,68
12/22/2002,SJT,TX,ASW,CE,Federal Contract Tower,0,10,16,0,26,0,4,58,0,62,0,14,74,0,88,8,0,8,96
12/23/2002,SJT,TX,ASW,CE,Federal Contract Tower,6,18,12,0,36,0,0,0,0,0,6,18,12,0,36,2,0,2,38
12/24/2002,SJT,TX,ASW,CE,Federal Contract Tower,0,18,8,0,26,0,0,22,0,22,0,18,30,0,48,0,0,0,48
12/25/2002,SJT,TX,ASW,CE,Federal Contract Tower,0,9,1,0,10,0,0,16,0,16,0,9,17,0,26,6,0,6,32
12/26/2002,SJT,TX,ASW,CE,Federal Contract Tower,0,21,13,5,39,0,0,53,3,56,0,21,66,8,95,4,28,32,127
12/27/2002,SJT,TX,ASW,CE,Federal Contract Tower,0,21,14,6,41,0,0,84,0,84,0,21,98,6,125,38,80,118,243
12/28/2002,SJT,TX,ASW,CE,Federal Contract Tower,0,12,6,0,18,0,2,21,0,23,0,14,27,0,41,4,0,4,45
12/29/2002,SJT,TX,ASW,CE,Federal Contract Tower,0,11,13,0,24,0,1,17,0,18,0,12,30,0,42,6,0,6,48
12/30/2002,SJT,TX,ASW,CE,Federal Contract Tower,0,18,17,0,35,0,0,26,0,26,0,18,43,0,61,40,0,40,101
12/31/2002,SJT,TX,ASW,CE,Federal Contract Tower,0,21,21,0,42,0,0,51,0,51,0,21,72,0,93,18,0,18,111
01/01/2003,SJT,TX,ASW,CE,Federal Contract Tower,0,9,7,0,16,0,1,36,0,37,0,10,43,0,53,10,0,10,63
01/02/2003,SJT,TX,ASW,CE,Federal Contract Tower,0,17,8,4,29,0,1,48,0,49,0,18,56,4,78,22,40,62,140
01/03/2003,SJT,TX,ASW,CE,Federal Contract Tower,0,16,14,19,49,0,11,44,0,55,0,27,58,19,104,22,226,248,352
01/04/2003,SJT,TX,ASW,CE,Federal Contract Tower,0,9,20,7,36,0,5,40,0,45,0,14,60,7,81,40,116,156,237
01/05/2003,SJT,TX,ASW,CE,Federal Contract Tower,0,12,14,2,28,0,1,42,0,43,0,13,56,2,71,12,10,22,93
01/06/2003,SJT,TX,ASW,CE,Federal Contract Tower,0,13,13,28,54,0,13,42,0,55,0,26,55,28,109,50,310,360,469
01/07/2003,SJT,TX,ASW,CE,Federal Contract Tower,0,20,10,38,68,0,4,33,0,37,0,24,43,38,105,0,288,288,393
01/08/2003,SJT,TX,ASW,CE,Federal Contract Tower,0,18,15,28,61,0,3,46,0,49,0,21,61,28,110,18,204,222,332
01/09/2003,SJT,TX,ASW,CE,Federal Contract Tower,0,19,9,17,45,0,1,35,0,36,0,20,44,17,81,16,210,226,307
01/10/2003,SJT,TX,ASW,CE,Federal Contract Tower,0,18,9,22,49,0,1,44,0,45,0,19,53,22,94,60,172,232,326
01/11/2003,SJT,TX,ASW,CE,Federal Contract Tower,0,12,14,5,31,0,1,27,0,28,0,13,41,5,59,32,44,76,135
01/12/2003,SJT,TX,ASW,CE,Federal Contract Tower,0,5,13,3,21,0,0,2,0,2,0,5,15,3,23,0,6,6,29
01/13/2003,SJT,TX,ASW,CE,Federal Contract Tower,0,15,16,22,53,0,0,35,0,35,0,15,51,22,88,54,208,262,350
01/14/2003,SJT,TX,ASW,CE,Federal Contract Tower,0,18,20,33,71,0,0,18,0,18,0,18,38,33,89,14,212,226,315
01/15/2003,SJT,TX,ASW,CE,Federal Contract Tower,0,30,12,31,73,0,1,31,0,32,0,31,43,31,105,16,240,256,361
01/16/2003,SJT,TX,ASW,CE,Federal Contract Tower,0,21,10,32,63,0,0,29,0,29,0,21,39,32,92,2,170,172,264
01/17/2003,SJT,TX,ASW,CE,Federal Contract Tower,0,25,11,7,43,0,0,46,0,46,0,25,57,7,89,18,160,178,267
01/18/2003,SJT,TX,ASW,CE,Federal Contract Tower,0,5,3,5,13,0,9,44,0,53,0,14,47,5,66,52,14,66,132
01/19/2003,SJT,TX,ASW,CE,Federal Contract Tower,0,10,3,10,23,0,0,32,0,32,0,10,35,10,55,2,18,20,75
01/20/2003,SJT,TX,ASW,CE,Federal Contract Tower,0,16,7,2,25,0,0,41,0,41,0,16,48,2,66,56,50,106,172
01/21/2003,SJT,TX,ASW,CE,Federal Contract Tower,0,19,7,35,61,0,1,36,0,37,0,20,43,35,98,26,184,210,308
01/22/2003,SJT,TX,ASW,CE,Federal Contract Tower,0,22,24,28,74,0,0,22,0,22,0,22,46,28,96,92,394,486,582
01/23/2003,SJT,TX,ASW,CE,Federal Contract Tower,0,21,25,9,55,0,0,46,0,46,0,21,71,9,101,54,118,172,273
01/24/2003,SJT,TX,ASW,CE,Federal Contract Tower,0,24,24,19,67,0,0,36,0,36,0,24,60,19,103,16,298,314,417
01/25/2003,SJT,TX,ASW,CE,Federal Contract Tower,0,14,12,0,26,0,0,5,0,5,0,14,17,0,31,24,0,24,55
01/26/2003,SJT,TX,ASW,CE,Federal Contract Tower,0,11,20,16,47,0,0,15,0,15,0,11,35,16,62,12,36,48,110
01/27/2003,SJT,TX,ASW,CE,Federal Contract Tower,0,20,13,32,65,0,0,40,0,40,0,20,53,32,105,58,200,258,363
01/28/2003,SJT,TX,ASW,CE,Federal Contract Tower,0,21,20,31,72,0,1,35,0,36,0,22,55,31,108,28,206,234,342
01/29/2003,SJT,TX,ASW,CE,Federal Contract Tower,0,19,28,32,79,0,0,32,0,32,0,19,60,32,111,80,196,276,387
01/30/2003,SJT,TX,ASW,CE,Federal Contract Tower,0,23,27,23,73,0,0,46,0,46,0,23,73,23,119,80,54,134,253
01/31/2003,SJT,TX,ASW,CE,Federal Contract Tower,0,23,22,25,70,0,0,54,0,54,0,23,76,25,124,32,116,148,272
02/01/2003,SJT,TX,ASW,CE,Federal Contract Tower,0,12,13,4,29,0,3,45,0,48,0,15,58,4,77,24,22,46,123
02/02/2003,SJT,TX,ASW,CE,Federal Contract Tower,0,9,9,18,36,0,1,22,0,23,0,10,31,18,59,0,8,8,67
02/03/2003,SJT,TX,ASW,CE,Federal Contract Tower,0,15,11,53,79,0,3,27,0,30,0,18,38,53,109,20,226,246,355
02/04/2003,SJT,TX,ASW,CE,Federal Contract Tower,0,16,12,27,55,0,9,38,0,47,0,25,50,27,102,0,158,158,260
02/05/2003,SJT,TX,ASW,CE,Federal Contract Tower,0,19,16,21,56,0,1,27,0,28,0,20,43,21,84,12,154,166,250
02/06/2003,SJT,TX,ASW,CE,Federal Contract Tower,0,21,12,30,63,0,1,17,0,18,0,22,29,30,81,0,164,164,245
02/07/2003,SJT,TX,ASW,CE,Federal Contract Tower,0,20,12,4,36,0,2,8,0,10,0,22,20,4,46,6,46,52,98
02/08/2003,SJT,TX,ASW,CE,Federal Contract Tower,0,10,9,1,20,0,1,20,0,21,0,11,29,1,41,18,0,18,59
02/09/2003,SJT,TX,ASW,CE,Federal Contract Tower,0,11,12,10,33,0,2,22,0,24,0,13,34,10,57,0,24,24,81
02/10/2003,SJT,TX,ASW,CE,Federal Contract Tower,0,17,13,47,77,0,1,37,0,38,0,18,50,47,115,2,284,286,401
02/11/2003,SJT,TX,ASW,CE,Federal Contract Tower,0,21,11,23,55,0,0,60,0,60,0,21,71,23,115,60,194,254,369
02/12/2003,SJT,TX,ASW,CE,Federal Contract Tower,0,24,34,11,69,0,1,19,0,20,0,25,53,11,89,30,88,118,207
02/13/2003,SJT,TX,ASW,CE,Federal Contract Tower,0,19,21,10,50,0,0,27,0,27,0,19,48,10,77,116,38,154,231
02/14/2003,SJT,TX,ASW,CE,Federal Contract Tower,0,20,23,8,51,0,0,20,0,20,0,20,43,8,71,56,40,96,167
02/15/2003,SJT,TX,ASW,CE,Federal Contract Tower,0,14,8,1,23,0,0,36,1,37,0,14,44,2,60,162,4,166,226
02/16/2003,SJT,TX,ASW,CE,Federal Contract Tower,0,14,7,4,25,0,0,33,0,33,0,14,40,4,58,60,12,72,130
02/17/2003,SJT,TX,ASW,CE,Federal Contract Tower,0,13,15,3,31,0,1,24,0,25,0,14,39,3,56,30,16,46,102
02/18/2003,SJT,TX,ASW,CE,Federal Contract Tower,0,16,21,18,55,0,0,50,0,50,0,16,71,18,105,48,116,164,269
02/19/2003,SJT,TX,ASW,CE,Federal Contract Tower,0,22,17,10,49,0,0,18,0,18,0,22,35,10,67,40,192,232,299
02/20/2003,SJT,TX,ASW,CE,Federal Contract Tower,0,22,6,2,30,0,0,2,0,2,0,22,8,2,32,0,8,8,40
02/21/2003,SJT,TX,ASW,CE,Federal Contract Tower,0,21,20,4,45,0,0,6,0,6,0,21,26,4,51,0,8,8,59
02/22/2003,SJT,TX,ASW,CE,Federal Contract Tower,0,11,14,4,29,0,2,73,0,75,0,13,87,4,104,66,10,76,180
02/23/2003,SJT,TX,ASW,CE,Federal Contract Tower,2,10,10,3,25,0,0,33,0,33,2,10,43,3,58,40,10,50,108
02/24/2003,SJT,TX,ASW,CE,Federal Contract Tower,0,7,10,3,20,0,2,3,0,5,0,9,13,3,25,4,14,18,43
02/25/2003,SJT,TX,ASW,CE,Federal Contract Tower,0,13,9,2,24,0,0,0,0,0,0,13,9,2,24,2,16,18,42
02/26/2003,SJT,TX,ASW,CE,Federal Contract Tower,0,13,18,0,31,0,0,0,0,0,0,13,18,0,31,6,48,54,85
02/27/2003,SJT,TX,ASW,CE,Federal Contract Tower,2,25,20,17,64,0,0,42,0,42,2,25,62,17,106,68,130,198,304
02/28/2003,SJT,TX,ASW,CE,Federal Contract Tower,0,19,16,18,53,0,0,46,0,46,0,19,62,18,99,26,88,114,213
03/01/2003,SJT,TX,ASW,CE,Federal Contract Tower,0,11,15,4,30,0,0,33,0,33,0,11,48,4,63,28,20,48,111
03/02/2003,SJT,TX,ASW,CE,Federal Contract Tower,0,10,4,3,17,0,0,0,0,0,0,10,4,3,17,2,0,2,19
03/03/2003,SJT,TX,ASW,CE,Federal Contract Tower,0,14,12,27,53,0,1,14,0,15,0,15,26,27,68,22,170,192,260
03/04/2003,SJT,TX,ASW,CE,Federal Contract Tower,0,20,25,45,90,0,0,38,0,38,0,20,63,45,128,44,294,338,466
03/05/2003,SJT,TX,ASW,CE,Federal Contract Tower,0,16,12,22,50,0,2,28,0,30,0,18,40,22,80,6,136,142,222
03/06/2003,SJT,TX,ASW,CE,Federal Contract Tower,0,22,9,52,83,0,0,49,0,49,0,22,58,52,132,26,278,304,436
03/07/2003,SJT,TX,ASW,CE,Federal Contract Tower,0,24,15,14,53,0,0,53,0,53,0,24,68,14,106,42,118,160,266
03/08/2003,SJT,TX,ASW,CE,Federal Contract Tower,0,11,14,6,31,0,3,46,0,49,0,14,60,6,80,24,84,108,188
03/09/2003,SJT,TX,ASW,CE,Federal Contract Tower,0,10,6,2,18,0,0,23,0,23,0,10,29,2,41,38,2,40,81
03/10/2003,SJT,TX,ASW,CE,Federal Contract Tower,0,15,21,5,41,0,0,26,0,26,0,15,47,5,67,20,38,58,125
03/11/2003,SJT,TX,ASW,CE,Federal Contract Tower,0,17,20,23,60,0,3,30,0,33,0,20,50,23,93,4,186,190,283
03/12/2003,SJT,TX,ASW,CE,Federal Contract Tower,0,24,18,36,78,0,3,41,0,44,0,27,59,36,122,20,306,326,448
03/13/2003,SJT,TX,ASW,CE,Federal Contract Tower,0,23,26,23,72,0,2,32,0,34,0,25,58,23,106,14,172,186,292
03/14/2003,SJT,TX,ASW,CE,Federal Contract Tower,0,21,18,26,65,0,1,51,0,52,0,22,69,26,117,6,98,104,221
03/15/2003,SJT,TX,ASW,CE,Federal Contract Tower,0,11,8,0,19,0,2,31,0,33,0,13,39,0,52,40,0,40,92
03/16/2003,SJT,TX,ASW,CE,Federal Contract Tower,0,10,18,3,31,0,0,43,0,43,0,10,61,3,74,76,0,76,150
03/17/2003,SJT,TX,ASW,CE,Federal Contract Tower,0,17,10,27,54,0,1,29,0,30,0,18,39,27,84,18,216,234,318
03/18/2003,SJT,TX,ASW,CE,Federal Contract Tower,0,20,13,25,58,0,0,18,0,18,0,20,31,25,76,8,94,102,178
03/19/2003,SJT,TX,ASW,CE,Federal Contract Tower,0,21,9,7,37,0,2,28,1,31,0,23,37,8,68,4,34,38,106
03/20/2003,SJT,TX,ASW,CE,Federal Contract Tower,0,18,29,13,60,0,4,13,0,17,0,22,42,13,77,24,54,78,155
03/21/2003,SJT,TX,ASW,CE,Federal Contract Tower,2,17,15,16,50,0,0,52,0,52,2,17,67,16,102,38,188,226,328
03/22/2003,SJT,TX,ASW,CE,Federal Contract Tower,0,10,16,11,37,0,1,15,0,16,0,11,31,11,53,56,48,104,157
03/23/2003,SJT,TX,ASW,CE,Federal Contract Tower,0,13,6,7,26,0,0,56,0,56,0,13,62,7,82,26,24,50,132
03/24/2003,SJT,TX,ASW,CE,Federal Contract Tower,2,14,14,30,60,0,1,44,0,45,2,15,58,30,105,42,206,248,353
03/25/2003,SJT,TX,ASW,CE,Federal Contract Tower,0,19,28,30,77,0,0,30,1,31,0,19,58,31,108,60,116,176,284
03/26/2003,SJT,TX,ASW,CE,Federal Contract Tower,0,19,21,20,60,0,0,57,0,57,0,19,78,20,117,68,218,286,403
03/27/2003,SJT,TX,ASW,CE,Federal Contract Tower,0,21,7,25,53,0,0,35,0,35,0,21,42,25,88,8,180,188,276
03/28/2003,SJT,TX,ASW,CE,Federal Contract Tower,0,20,19,25,64,0,0,14,0,14,0,20,33,25,78,48,144,192,270
03/29/2003,SJT,TX,ASW,CE,Federal Contract Tower,0,10,12,3,25,0,4,32,0,36,0,14,44,3,61,28,10,38,99
03/30/2003,SJT,TX,ASW,CE,Federal Contract Tower,0,8,4,6,18,0,1,42,0,43,0,9,46,6,61,20,20,40,101
03/31/2003,SJT,TX,ASW,CE,Federal Contract Tower,0,19,6,20,45,0,0,48,0,48,0,19,54,20,93,42,152,194,287
04/01/2003,SJT,TX,ASW,CE,Federal Contract Tower,0,21,14,16,51,0,2,42,0,44,0,23,56,16,95,44,122,166,261
04/02/2003,SJT,TX,ASW,CE,Federal Contract Tower,0,18,5,16,39,0,4,31,0,35,0,22,36,16,74,18,190,208,282
04/03/2003,SJT,TX,ASW,CE,Federal Contract Tower,0,21,21,18,60,0,1,38,0,39,0,22,59,18,99,26,206,232,331
04/04/2003,SJT,TX,ASW,CE,Federal Contract Tower,0,25,21,23,69,0,7,43,0,50,0,32,64,23,119,4,208,212,331
04/05/2003,SJT,TX,ASW,CE,Federal Contract Tower,0,10,10,8,28,0,5,35,5,45,0,15,45,13,73,44,10,54,127
04/06/2003,SJT,TX,ASW,CE,Federal Contract Tower,0,11,16,16,43,0,1,28,0,29,0,12,44,16,72,12,18,30,102
04/07/2003,SJT,TX,ASW,CE,Federal Contract Tower,0,10,9,24,43,0,0,29,0,29,0,10,38,24,72,60,264,324,396
04/08/2003,SJT,TX,ASW,CE,Federal Contract Tower,0,13,8,31,52,0,0,52,0,52,0,13,60,31,104,54,176,230,334
04/09/2003,SJT,TX,ASW,CE,Federal Contract Tower,0,17,14,28,59,0,0,62,0,62,0,17,76,28,121,62,266,328,449
04/10/2003,SJT,TX,ASW,CE,Federal Contract Tower,0,15,13,20,48,0,0,43,0,43,0,15,56,20,91,44,90,134,225
04/11/2003,SJT,TX,ASW,CE,Federal Contract Tower,0,24,15,22,61,0,0,66,0,66,0,24,81,22,127,20,142,162,289
04/12/2003,SJT,TX,ASW,CE,Federal Contract Tower,0,11,8,5,24,0,0,49,2,51,0,11,57,7,75,42,20,62,137
04/13/2003,SJT,TX,ASW,CE,Federal Contract Tower,0,15,8,7,30,0,0,24,2,26,0,15,32,9,56,20,4,24,80
04/14/2003,SJT,TX,ASW,CE,Federal Contract Tower,0,17,18,38,73,0,0,26,0,26,0,17,44,38,99,40,152,192,291
04/15/2003,SJT,TX,ASW,CE,Federal Contract Tower,0,13,11,20,44,0,5,11,0,16,0,18,22,20,60,8,128,136,196
04/16/2003,SJT,TX,ASW,CE,Federal Contract Tower,0,20,19,9,48,0,1,48,0,49,0,21,67,9,97,38,132,170,267
04/17/2003,SJT,TX,ASW,CE,Federal Contract Tower,0,18,22,17,57,0,2,46,0,48,0,20,68,17,105,14,176,190,295
04/18/2003,SJT,TX,ASW,CE,Federal Contract Tower,0,22,14,23,59,0,0,47,0,47,0,22,61,23,106,44,226,270,376
04/19/2003,SJT,TX,ASW,CE,Federal Contract Tower,0,9,6,0,15,0,7,17,0,24,0,16,23,0,39,44,0,44,83
04/20/2003,SJT,TX,ASW,CE,Federal Contract Tower,0,8,7,0,15,0,0,26,0,26,0,8,33,0,41,14,0,14,55
04/21/2003,SJT,TX,ASW,CE,Federal Contract Tower,0,15,21,18,54,0,0,34,0,34,0,15,55,18,88,24,144,168,256
04/22/2003,SJT,TX,ASW,CE,Federal Contract Tower,0,18,18,13,49,0,0,16,0,16,0,18,34,13,65,4,80,84,149
04/23/2003,SJT,TX,ASW,CE,Federal Contract Tower,0,21,12,35,68,0,0,18,0,18,0,21,30,35,86,6,184,190,276
04/24/2003,SJT,TX,ASW,CE,Federal Contract Tower,0,18,21,26,65,0,0,52,0,52,0,18,73,26,117,40,186,226,343
04/25/2003,SJT,TX,ASW,CE,Federal Contract Tower,0,21,28,16,65,0,2,47,0,49,0,23,75,16,114,70,226,296,410
04/26/2003,SJT,TX,ASW,CE,Federal Contract Tower,0,9,7,2,18,0,3,39,0,42,0,12,46,2,60,24,4,28,88
04/27/2003,SJT,TX,ASW,CE,Federal Contract Tower,0,10,7,3,20,0,0,27,0,27,0,10,34,3,47,2,10,12,59
04/28/2003,SJT,TX,ASW,CE,Federal Contract Tower,0,16,18,34,68,0,1,41,0,42,0,17,59,34,110,38,222,260,370
04/29/2003,SJT,TX,ASW,CE,Federal Contract Tower,0,16,14,27,57,0,2,34,0,36,0,18,48,27,93,20,196,216,309
04/30/2003,SJT,TX,ASW,CE,Federal Contract Tower,0,20,8,23,51,0,0,37,0,37,0,20,45,23,88,24,206,230,318
05/01/2003,SJT,TX,ASW,CE,Federal Contract Tower,0,19,17,11,47,0,0,35,0,35,0,19,52,11,82,26,58,84,166
05/02/2003,SJT,TX,ASW,CE,Federal Contract Tower,2,25,32,22,81,0,1,23,0,24,2,26,55,22,105,12,178,190,295
05/03/2003,SJT,TX,ASW,CE,Federal Contract Tower,0,11,10,0,21,0,2,24,0,26,0,13,34,0,47,50,0,50,97
05/04/2003,SJT,TX,ASW,CE,Federal Contract Tower,0,11,17,7,35,0,3,16,0,19,0,14,33,7,54,6,14,20,74
05/05/2003,SJT,TX,ASW,CE,Federal Contract Tower,2,15,19,18,54,0,0,35,0,35,2,15,54,18,89,14,116,130,219
05/06/2003,SJT,TX,ASW,CE,Federal Contract Tower,0,17,19,18,54,0,1,38,0,39,0,18,57,18,93,14,108,122,215
05/07/2003,SJT,TX,ASW,CE,Federal Contract Tower,0,20,22,25,67,0,0,37,0,37,0,20,59,25,104,52,268,320,424
05/08/2003,SJT,TX,ASW,CE,Federal Contract Tower,0,20,32,27,79,0,0,33,0,33,0,20,65,27,112,48,206,254,366
05/09/2003,SJT,TX,ASW,CE,Federal Contract Tower,0,23,26,10,59,0,0,17,0,17,0,23,43,10,76,0,114,114,190
05/10/2003,SJT,TX,ASW,CE,Federal Contract Tower,0,11,14,2,27,0,1,35,0,36,0,12,49,2,63,24,0,24,87
05/11/2003,SJT,TX,ASW,CE,Federal Contract Tower,0,10,10,11,31,0,0,37,0,37,0,10,47,11,68,0,18,18,86
05/12/2003,SJT,TX,ASW,CE,Federal Contract Tower,0,15,20,30,65,0,0,22,0,22,0,15,42,30,87,18,110,128,215
05/13/2003,SJT,TX,ASW,CE,Federal Contract Tower,0,19,16,46,81,0,1,43,0,44,0,20,59,46,125,28,214,242,367
05/14/2003,SJT,TX,ASW,CE,Federal Contract Tower,2,20,14,15,51,0,3,44,0,47,2,23,58,15,98,24,154,178,276
05/15/2003,SJT,TX,ASW,CE,Federal Contract Tower,0,21,19,34,74,0,10,43,0,53,0,31,62,34,127,24,204,228,355
05/16/2003,SJT,TX,ASW,CE,Federal Contract Tower,0,19,12,30,61,0,4,48,0,52,0,23,60,30,113,16,106,122,235
05/17/2003,SJT,TX,ASW,CE,Federal Contract Tower,2,11,8,0,21,0,0,55,4,59,2,11,63,4,80,22,0,22,102
05/18/2003,SJT,TX,ASW,CE,Federal Contract Tower,0,10,5,5,20,0,0,31,3,34,0,10,36,8,54,12,10,22,76
05/19/2003,SJT,TX,ASW,CE,Federal Contract Tower,0,15,17,23,55,0,2,42,3,47,0,17,59,26,102,20,116,136,238
05/20/2003,SJT,TX,ASW,CE,Federal Contract Tower,0,22,15,15,52,0,2,14,0,16,0,24,29,15,68,28,184,212,280
05/21/2003,SJT,TX,ASW,CE,Federal Contract Tower,0,23,10,13,46,0,0,29,0,29,0,23,39,13,75,62,144,206,281
05/22/2003,SJT,TX,ASW,CE,Federal Contract Tower,0,22,28,3,53,0,0,11,0,11,0,22,39,3,64,20,80,100,164
05/23/2003,SJT,TX,ASW,CE,Federal Contract Tower,0,20,18,9,47,0,8,33,0,41,0,28,51,9,88,20,188,208,296
05/24/2003,SJT,TX,ASW,CE,Federal Contract Tower,0,9,6,0,15,0,2,22,0,24,0,11,28,0,39,24,0,24,63
05/25/2003,SJT,TX,ASW,CE,Federal Contract Tower,0,8,1,0,9,0,0,11,0,11,0,8,12,0,20,0,0,0,20
05/26/2003,SJT,TX,ASW,CE,Federal Contract Tower,0,10,10,6,26,0,0,12,0,12,0,10,22,6,38,2,4,6,44
05/27/2003,SJT,TX,ASW,CE,Federal Contract Tower,0,15,15,4,34,0,3,22,0,25,0,18,37,4,59,40,10,50,109
05/28/2003,SJT,TX,ASW,CE,Federal Contract Tower,0,20,14,14,48,0,6,58,0,64,0,26,72,14,112,48,230,278,390
05/29/2003,SJT,TX,ASW,CE,Federal Contract Tower,0,20,7,12,39,0,4,62,0,66,0,24,69,12,105,30,120,150,255
05/30/2003,SJT,TX,ASW,CE,Federal Contract Tower,0,20,16,10,46,0,4,48,0,52,0,24,64,10,98,14,106,120,218
05/31/2003,SJT,TX,ASW,CE,Federal Contract Tower,0,10,8,6,24,0,2,46,2,50,0,12,54,8,74,48,32,80,154
06/01/2003,SJT,TX,ASW,CE,Federal Contract Tower,0,9,16,10,35,0,2,30,3,35,0,11,46,13,70,20,20,40,110
06/02/2003,SJT,TX,ASW,CE,Federal Contract Tower,0,16,11,15,42,0,7,40,0,47,0,23,51,15,89,54,120,174,263
06/03/2003,SJT,TX,ASW,CE,Federal Contract Tower,0,23,17,8,48,0,9,38,0,47,0,32,55,8,95,24,68,92,187
06/04/2003,SJT,TX,ASW,CE,Federal Contract Tower,0,20,10,16,46,0,4,42,0,46,0,24,52,16,92,38,234,272,364
06/05/2003,SJT,TX,ASW,CE,Federal Contract Tower,0,27,9,6,42,0,2,22,0,24,0,29,31,6,66,28,64,92,158
06/06/2003,SJT,TX,ASW,CE,Federal Contract Tower,0,22,24,22,68,0,7,20,0,27,0,29,44,22,95,16,198,214,309
06/07/2003,SJT,TX,ASW,CE,Federal Contract Tower,0,11,14,3,28,0,3,91,7,101,0,14,105,10,129,22,14,36,165
06/08/2003,SJT,TX,ASW,CE,Federal Contract Tower,0,11,14,8,33,0,0,17,1,18,0,11,31,9,51,2,52,54,105
06/09/2003,SJT,TX,ASW,CE,Federal Contract Tower,0,16,6,29,51,0,4,25,0,29,0,20,31,29,80,18,94,112,192
06/10/2003,SJT,TX,ASW,CE,Federal Contract Tower,2,16,15,81,114,0,3,51,0,54,2,19,66,81,168,14,258,272,440
06/11/2003,SJT,TX,ASW,CE,Federal Contract Tower,0,24,13,28,65,0,3,43,0,46,0,27,56,28,111,26,138,164,275
06/12/2003,SJT,TX,ASW,CE,Federal Contract Tower,0,23,27,45,95,0,3,33,0,36,0,26,60,45,131,68,158,226,357
06/13/2003,SJT,TX,ASW,CE,Federal Contract Tower,4,23,15,18,60,0,1,36,0,37,4,24,51,18,97,18,122,140,237
06/14/2003,SJT,TX,ASW,CE,Federal Contract Tower,0,10,6,0,16,0,2,30,0,32,0,12,36,0,48,28,4,32,80
06/15/2003,SJT,TX,ASW,CE,Federal Contract Tower,0,12,14,1,27,0,1,26,2,29,0,13,40,3,56,12,4,16,72
06/16/2003,SJT,TX,ASW,CE,Federal Contract Tower,2,14,15,35,66,0,5,50,2,57,2,19,65,37,123,64,146,210,333
06/17/2003,SJT,TX,ASW,CE,Federal Contract Tower,0,26,19,22,67,0,6,35,0,41,0,32,54,22,108,36,178,214,322
06/18/2003,SJT,TX,ASW,CE,Federal Contract Tower,0,22,11,13,46,0,4,48,0,52,0,26,59,13,98,48,184,232,330
06/19/2003,SJT,TX,ASW,CE,Federal Contract Tower,0,20,15,23,58,0,4,56,0,60,0,24,71,23,118,28,124,152,270
06/20/2003,SJT,TX,ASW,CE,Federal Contract Tower,0,21,23,78,122,0,4,27,0,31,0,25,50,78,153,42,302,344,497
06/21/2003,SJT,TX,ASW,CE,Federal Contract Tower,0,12,10,2,24,0,7,61,2,70,0,19,71,4,94,56,2,58,152
06/22/2003,SJT,TX,ASW,CE,Federal Contract Tower,0,10,18,1,29,0,1,34,0,35,0,11,52,1,64,40,2,42,106
06/23/2003,SJT,TX,ASW,CE,Federal Contract Tower,0,13,19,21,53,0,5,33,0,38,0,18,52,21,91,50,210,260,351
06/24/2003,SJT,TX,ASW,CE,Federal Contract Tower,0,18,11,30,59,0,7,31,0,38,0,25,42,30,97,32,172,204,301
06/25/2003,SJT,TX,ASW,CE,Federal Contract Tower,0,24,27,36,87,0,1,44,0,45,0,25,71,36,132,38,260,298,430
06/26/2003,SJT,TX,ASW,CE,Federal Contract Tower,0,24,22,29,75,0,2,20,0,22,0,26,42,29,97,38,188,226,323
06/27/2003,SJT,TX,ASW,CE,Federal Contract Tower,0,24,23,12,59,0,1,20,0,21,0,25,43,12,80,64,42,106,186
06/28/2003,SJT,TX,ASW,CE,Federal Contract Tower,0,9,13,13,35,0,3,38,0,41,0,12,51,13,76,34,112,146,222
06/29/2003,SJT,TX,ASW,CE,Federal Contract Tower,0,11,10,1,22,0,0,23,0,23,0,11,33,1,45,18,8,26,71
06/30/2003,SJT,TX,ASW,CE,Federal Contract Tower,0,17,16,20,53,0,2,37,0,39,0,19,53,20,92,10,206,216,308
07/01/2003,SJT,TX,ASW,CE,Federal Contract Tower,0,18,6,5,29,0,2,41,0,43,0,20,47,5,72,54,70,124,196
07/02/2003,SJT,TX,ASW,CE,Federal Contract Tower,0,19,4,18,41,0,3,39,0,42,0,22,43,18,83,14,106,120,203
07/03/2003,SJT,TX,ASW,CE,Federal Contract Tower,0,20,16,4,40,0,3,51,3,57,0,23,67,7,97,14,4,18,115
07/04/2003,SJT,TX,ASW,CE,Federal Contract Tower,0,8,4,3,15,0,0,35,0,35,0,8,39,3,50,0,6,6,56
07/05/2003,SJT,TX,ASW,CE,Federal Contract Tower,0,13,4,0,17,0,0,18,0,18,0,13,22,0,35,12,0,12,47
07/06/2003,SJT,TX,ASW,CE,Federal Contract Tower,0,10,5,0,15,0,0,30,0,30,0,10,35,0,45,26,0,26,71
07/07/2003,SJT,TX,ASW,CE,Federal Contract Tower,0,16,12,25,53,0,5,42,0,47,0,21,54,25,100,66,180,246,346
07/08/2003,SJT,TX,ASW,CE,Federal Contract Tower,0,23,14,30,67,0,1,56,0,57,0,24,70,30,124,58,144,202,326
07/09/2003,SJT,TX,ASW,CE,Federal Contract Tower,0,19,12,28,59,0,3,32,0,35,0,22,44,28,94,24,332,356,450
07/10/2003,SJT,TX,ASW,CE,Federal Contract Tower,2,22,9,23,56,0,2,38,0,40,2,24,47,23,96,64,252,316,412
07/11/2003,SJT,TX,ASW,CE,Federal Contract Tower,0,23,19,29,71,0,2,54,0,56,0,25,73,29,127,2,136,138,265
07/12/2003,SJT,TX,ASW,CE,Federal Contract Tower,0,8,7,18,33,0,5,42,2,49,0,13,49,20,82,32,16,48,130
07/13/2003,SJT,TX,ASW,CE,Federal Contract Tower,2,10,8,4,24,0,0,52,0,52,2,10,60,4,76,20,60,80,156
07/14/2003,SJT,TX,ASW,CE,Federal Contract Tower,0,13,15,11,39,0,9,39,0,48,0,22,54,11,87,8,172,180,267
07/15/2003,SJT,TX,ASW,CE,Federal Contract Tower,0,18,8,18,44,0,3,48,0,51,0,21,56,18,95,12,106,118,213
07/16/2003,SJT,TX,ASW,CE,Federal Contract Tower,0,21,15,7,43,0,5,35,1,41,0,26,50,8,84,56,20,76,160
07/17/2003,SJT,TX,ASW,CE,Federal Contract Tower,0,22,17,11,50,0,1,50,0,51,0,23,67,11,101,44,164,208,309
07/18/2003,SJT,TX,ASW,CE,Federal Contract Tower,0,21,25,45,91,0,8,26,0,34,0,29,51,45,125,20,248,268,393
07/19/2003,SJT,TX,ASW,CE,Federal Contract Tower,0,11,6,0,17,0,2,30,3,35,0,13,36,3,52,24,0,24,76
07/20/2003,SJT,TX,ASW,CE,Federal Contract Tower,0,13,9,14,36,0,0,39,0,39,0,13,48,14,75,8,28,36,111
07/21/2003,SJT,TX,ASW,CE,Federal Contract Tower,0,15,5,24,44,0,3,36,0,39,0,18,41,24,83,4,178,182,265
07/22/2003,SJT,TX,ASW,CE,Federal Contract Tower,0,24,14,40,78,0,0,50,0,50,0,24,64,40,128,90,224,314,442
07/23/2003,SJT,TX,ASW,CE,Federal Contract Tower,0,18,12,16,46,0,4,65,2,71,0,22,77,18,117,146,80,226,343
07/24/2003,SJT,TX,ASW,CE,Federal Contract Tower,0,21,8,11,40,0,6,57,0,63,0,27,65,11,103,28,206,234,337
07/25/2003,SJT,TX,ASW,CE,Federal Contract Tower,0,21,11,35,67,0,3,53,0,56,0,24,64,35,123,26,290,316,439
07/26/2003,SJT,TX,ASW,CE,Federal Contract Tower,0,13,4,7,24,0,1,32,1,34,0,14,36,8,58,8,22,30,88
07/27/2003,SJT,TX,ASW,CE,Federal Contract Tower,0,10,4,4,18,0,0,21,14,35,0,10,25,18,53,10,56,66,119
07/28/2003,SJT,TX,ASW,CE,Federal Contract Tower,0,15,16,36,67,0,5,29,0,34,0,20,45,36,101,6,202,208,309
07/29/2003,SJT,TX,ASW,CE,Federal Contract Tower,0,16,24,12,52,0,4,38,0,42,0,20,62,12,94,46,112,158,252
07/30/2003,SJT,TX,ASW,CE,Federal Contract Tower,0,18,10,13,41,0,3,39,0,42,0,21,49,13,83,6,88,94,177
07/31/2003,SJT,TX,ASW,CE,Federal Contract Tower,2,20,15,10,47,0,6,36,0,42,2,26,51,10,89,12,118,130,219
08/01/2003,SJT,TX,ASW,CE,Federal Contract Tower,0,19,9,26,54,0,5,43,0,48,0,24,52,26,102,38,262,300,402
08/02/2003,SJT,TX,ASW,CE,Federal Contract Tower,0,10,6,4,20,0,2,41,0,43,0,12,47,4,63,44,14,58,121
08/03/2003,SJT,TX,ASW,CE,Federal Contract Tower,2,12,2,4,20,0,1,29,0,30,2,13,31,4,50,22,68,90,140
08/04/2003,SJT,TX,ASW,CE,Federal Contract Tower,0,15,19,32,66,0,3,47,0,50,0,18,66,32,116,78,124,202,318
08/05/2003,SJT,TX,ASW,CE,Federal Contract Tower,0,16,10,42,68,0,6,47,0,53,0,22,57,42,121,32,184,216,337
08/06/2003,SJT,TX,ASW,CE,Federal Contract Tower,0,18,10,26,54,0,4,47,0,51,0,22,57,26,105,6,226,232,337
08/07/2003,SJT,TX,ASW,CE,Federal Contract Tower,0,24,21,16,61,0,5,36,0,41,0,29,57,16,102,18,92,110,212
08/08/2003,SJT,TX,ASW,CE,Federal Contract Tower,0,24,23,37,84,0,5,50,0,55,0,29,73,37,139,20,104,124,263
08/09/2003,SJT,TX,ASW,CE,Federal Contract Tower,0,9,9,2,20,0,2,37,0,39,0,11,46,2,59,16,8,24,83
08/10/2003,SJT,TX,ASW,CE,Federal Contract Tower,0,10,4,7,21,0,1,35,0,36,0,11,39,7,57,32,10,42,99
08/11/2003,SJT,TX,ASW,CE,Federal Contract Tower,2,14,21,34,71,0,3,34,0,37,2,17,55,34,108,10,156,166,274
08/12/2003,SJT,TX,ASW,CE,Federal Contract Tower,0,18,12,15,45,0,4,41,0,45,0,22,53,15,90,28,106,134,224
08/13/2003,SJT,TX,ASW,CE,Federal Contract Tower,0,19,13,13,45,0,4,27,0,31,0,23,40,13,76,26,120,146,222
08/14/2003,SJT,TX,ASW,CE,Federal Contract Tower,0,19,21,10,50,0,2,36,0,38,0,21,57,10,88,4,78,82,170
08/15/2003,SJT,TX,ASW,CE,Federal Contract Tower,4,20,17,15,56,0,4,42,0,46,4,24,59,15,102,26,106,132,234
08/16/2003,SJT,TX,ASW,CE,Federal Contract Tower,0,11,21,6,38,0,0,29,0,29,0,11,50,6,67,24,16,40,107
08/17/2003,SJT,TX,ASW,CE,Federal Contract Tower,0,11,9,7,27,0,0,27,0,27,0,11,36,7,54,4,18,22,76
08/18/2003,SJT,TX,ASW,CE,Federal Contract Tower,0,16,9,15,40,0,4,35,0,39,0,20,44,15,79,18,128,146,225
08/19/2003,SJT,TX,ASW,CE,Federal Contract Tower,0,16,9,15,40,0,5,52,0,57,0,21,61,15,97,32,64,96,193
08/20/2003,SJT,TX,ASW,CE,Federal Contract Tower,0,18,17,18,53,0,5,49,0,54,0,23,66,18,107,30,62,92,199
08/21/2003,SJT,TX,ASW,CE,Federal Contract Tower,2,27,10,22,61,0,0,56,0,56,2,27,66,22,117,72,122,194,311
08/22/2003,SJT,TX,ASW,CE,Federal Contract Tower,0,19,5,23,47,0,2,26,0,28,0,21,31,23,75,16,136,152,227
08/23/2003,SJT,TX,ASW,CE,Federal Contract Tower,2,11,4,1,18,0,2,42,0,44,2,13,46,1,62,16,8,24,86
08/24/2003,SJT,TX,ASW,CE,Federal Contract Tower,2,10,5,0,17,0,0,28,0,28,2,10,33,0,45,0,0,0,45
08/25/2003,SJT,TX,ASW,CE,Federal Contract Tower,0,14,25,20,59,0,4,17,0,21,0,18,42,20,80,36,100,136,216
08/26/2003,SJT,TX,ASW,CE,Federal Contract Tower,0,14,8,15,37,0,2,23,0,25,0,16,31,15,62,14,94,108,170
08/27/2003,SJT,TX,ASW,CE,Federal Contract Tower,0,22,12,10,44,0,4,39,0,43,0,26,51,10,87,40,132,172,259
08/28/2003,SJT,TX,ASW,CE,Federal Contract Tower,0,19,9,24,52,0,5,59,0,64,0,24,68,24,116,36,52,88,204
08/29/2003,SJT,TX,ASW,CE,Federal Contract Tower,0,21,12,18,51,0,5,32,0,37,0,26,44,18,88,26,136,162,250
08/30/2003,SJT,TX,ASW,CE,Federal Contract Tower,0,10,8,0,18,0,2,32,0,34,0,12,40,0,52,14,0,14,66
08/31/2003,SJT,TX,ASW,CE,Federal Contract Tower,0,11,9,0,20,0,0,0,1,1,0,11,9,1,21,10,0,10,31
09/01/2003,SJT,TX,ASW,CE,Federal Contract Tower,0,10,22,10,42,0,0,10,5,15,0,10,32,15,57,10,18,28,85
09/02/2003,SJT,TX,ASW,CE,Federal Contract Tower,0,19,21,20,60,0,3,20,0,23,0,22,41,20,83,20,78,98,181
09/03/2003,SJT,TX,ASW,CE,Federal Contract Tower,0,19,15,18,52,0,5,49,0,54,0,24,64,18,106,34,88,122,228
09/04/2003,SJT,TX,ASW,CE,Federal Contract Tower,0,19,5,11,35,0,4,45,0,49,0,23,50,11,84,54,18,72,156
09/05/2003,SJT,TX,ASW,CE,Federal Contract Tower,0,24,11,11,46,0,4,31,0,35,0,28,42,11,81,32,102,134,215
09/06/2003,SJT,TX,ASW,CE,Federal Contract Tower,0,13,9,6,28,0,2,34,0,36,0,15,43,6,64,28,48,76,140
09/07/2003,SJT,TX,ASW,CE,Federal Contract Tower,0,10,4,7,21,0,0,32,0,32,0,10,36,7,53,8,38,46,99
09/08/2003,SJT,TX,ASW,CE,Federal Contract Tower,0,17,16,5,38,0,4,36,0,40,0,21,52,5,78,4,30,34,112
09/09/2003,SJT,TX,ASW,CE,Federal Contract Tower,0,21,16,19,56,0,3,45,0,48,0,24,61,19,104,50,106,156,260
09/10/2003,SJT,TX,ASW,CE,Federal Contract Tower,0,23,12,13,48,0,3,36,0,39,0,26,48,13,87,22,92,114,201
09/11/2003,SJT,TX,ASW,CE,Federal Contract Tower,0,22,17,11,50,0,0,25,0,25,0,22,42,11,75,22,128,150,225
09/12/2003,SJT,TX,ASW,CE,Federal Contract Tower,0,23,11,33,67,0,1,32,0,33,0,24,43,33,100,42,196,238,338
09/13/2003,SJT,TX,ASW,CE,Federal Contract Tower,2,11,10,33,56,0,0,26,0,26,2,11,36,33,82,2,62,64,146
09/14/2003,SJT,TX,ASW,CE,Federal Contract Tower,0,12,16,3,31,0,0,5,0,5,0,12,21,3,36,4,12,16,52
09/15/2003,SJT,TX,ASW,CE,Federal Contract Tower,0,24,29,26,79,0,1,38,0,39,0,25,67,26,118,40,182,222,340
09/16/2003,SJT,TX,ASW,CE,Federal Contract Tower,0,27,14,28,69,0,3,50,0,53,0,30,64,28,122,10,108,118,240
09/17/2003,SJT,TX,ASW,CE,Federal Contract Tower,0,27,21,13,61,0,2,35,0,37,0,29,56,13,98,26,182,208,306
09/18/2003,SJT,TX,ASW,CE,Federal Contract Tower,0,25,23,9,57,0,5,26,0,31,0,30,49,9,88,42,150,192,280
09/19/2003,SJT,TX,ASW,CE,Federal Contract Tower,2,28,25,15,70,0,6,31,0,37,2,34,56,15,107,30,76,106,213
09/20/2003,SJT,TX,ASW,CE,Federal Contract Tower,2,14,11,0,27,0,3,43,6,52,2,17,54,6,79,28,0,28,107
09/21/2003,SJT,TX,ASW,CE,Federal Contract Tower,2,13,10,9,34,0,5,40,2,47,2,18,50,11,81,16,10,26,107
09/22/2003,SJT,TX,ASW,CE,Federal Contract Tower,0,21,16,7,44,0,9,33,0,42,0,30,49,7,86,4,50,54,140
09/23/2003,SJT,TX,ASW,CE,Federal Contract Tower,2,25,9,20,56,0,4,39,0,43,2,29,48,20,99,8,104,112,211
09/24/2003,SJT,TX,ASW,CE,Federal Contract Tower,0,29,16,21,66,0,3,21,0,24,0,32,37,21,90,2,112,114,204
09/25/2003,SJT,TX,ASW,CE,Federal Contract Tower,0,27,19,0,46,0,1,6,0,7,0,28,25,0,53,0,6,6,59
09/26/2003,SJT,TX,ASW,CE,Federal Contract Tower,0,31,20,7,58,0,6,35,0,41,0,37,55,7,99,10,10,20,119
09/27/2003,SJT,TX,ASW,CE,Federal Contract Tower,2,19,9,1,31,0,1,21,0,22,2,20,30,1,53,8,4,12,65
09/28/2003,SJT,TX,ASW,CE,Federal Contract Tower,0,18,11,3,32,0,0,48,2,50,0,18,59,5,82,10,2,12,94
09/29/2003,SJT,TX,ASW,CE,Federal Contract Tower,2,26,7,5,40,0,4,40,3,47,2,30,47,8,87,16,0,16,103
09/30/2003,SJT,TX,ASW,CE,Federal Contract Tower,0,26,12,0,38,0,5,84,0,89,0,31,96,0,127,22,0,22,149
10/01/2003,SJT,TX,ASW,CE,Federal Contract Tower,0,26,11,23,60,0,2,50,0,52,0,28,61,23,112,64,230,294,406
10/02/2003,SJT,TX,ASW,CE,Federal Contract Tower,0,25,10,19,54,0,4,63,5,72,0,29,73,24,126,10,138,148,274
10/03/2003,SJT,TX,ASW,CE,Federal Contract Tower,0,29,24,21,74,0,5,54,0,59,0,34,78,21,133,46,135,181,314
10/04/2003,SJT,TX,ASW,CE,Federal Contract Tower,0,15,14,8,37,0,1,32,4,37,0,16,46,12,74,16,6,22,96
10/05/2003,SJT,TX,ASW,CE,Federal Contract Tower,0,14,17,11,42,0,0,21,0,21,0,14,38,11,63,16,0,16,79
10/06/2003,SJT,TX,ASW,CE,Federal Contract Tower,0,25,16,13,54,0,4,24,0,28,0,29,40,13,82,40,108,148,230
10/07/2003,SJT,TX,ASW,CE,Federal Contract Tower,0,26,13,16,55,0,3,14,0,17,0,29,27,16,72,16,164,180,252
10/08/2003,SJT,TX,ASW,CE,Federal Contract Tower,0,28,31,9,68,0,1,7,0,8,0,29,38,9,76,24,120,144,220
10/09/2003,SJT,TX,ASW,CE,Federal Contract Tower,0,28,23,1,52,0,0,0,0,0,0,28,23,1,52,0,28,28,80
10/10/2003,SJT,TX,ASW,CE,Federal Contract Tower,0,33,36,16,85,0,0,24,0,24,0,33,60,16,109,58,72,130,239
10/11/2003,SJT,TX,ASW,CE,Federal Contract Tower,0,17,7,0,24,0,0,3,3,6,0,17,10,3,30,0,0,0,30
10/12/2003,SJT,TX,ASW,CE,Federal Contract Tower,0,15,19,3,37,0,0,0,0,0,0,15,19,3,37,0,0,0,37
10/13/2003,SJT,TX,ASW,CE,Federal Contract Tower,0,23,15,0,38,0,0,38,0,38,0,23,53,0,76,56,0,56,132
10/14/2003,SJT,TX,ASW,CE,Federal Contract Tower,0,26,15,35,76,0,4,49,0,53,0,30,64,35,129,54,218,272,401
10/15/2003,SJT,TX,ASW,CE,Federal Contract Tower,0,26,21,20,67,0,4,66,0,70,0,30,87,20,137,64,146,210,347
10/16/2003,SJT,TX,ASW,CE,Federal Contract Tower,0,26,15,43,84,0,2,48,0,50,0,28,63,43,134,24,204,228,362
10/17/2003,SJT,TX,ASW,CE,Federal Contract Tower,0,29,20,33,82,0,7,73,0,80,0,36,93,33,162,78,120,198,360
10/18/2003,SJT,TX,ASW,CE,Federal Contract Tower,0,14,3,1,18,0,2,61,2,65,0,16,64,3,83,14,0,14,97
10/19/2003,SJT,TX,ASW,CE,Federal Contract Tower,0,16,3,1,20,0,2,44,0,46,0,18,47,1,66,8,24,32,98
10/20/2003,SJT,TX,ASW,CE,Federal Contract Tower,0,24,13,14,51,0,3,56,0,59,0,27,69,14,110,24,114,138,248
10/21/2003,SJT,TX,ASW,CE,Federal Contract Tower,0,25,16,7,48,0,4,61,0,65,0,29,77,7,113,62,82,144,257
10/22/2003,SJT,TX,ASW,CE,Federal Contract Tower,0,24,14,25,63,0,4,52,0,56,0,28,66,25,119,22,214,236,355
10/23/2003,SJT,TX,ASW,CE,Federal Contract Tower,0,29,8,23,60,0,3,68,0,71,0,32,76,23,131,30,194,224,355
10/24/2003,SJT,TX,ASW,CE,Federal Contract Tower,0,31,10,37,78,0,5,46,0,51,0,36,56,37,129,30,170,200,329
10/25/2003,SJT,TX,ASW,CE,Federal Contract Tower,0,14,13,7,34,0,1,17,0,18,0,15,30,7,52,26,22,48,100
10/26/2003,SJT,TX,ASW,CE,Federal Contract Tower,2,15,10,1,28,0,0,11,2,13,2,15,21,3,41,0,0,0,41
10/27/2003,SJT,TX,ASW,CE,Federal Contract Tower,0,23,11,21,55,0,2,50,0,52,0,25,61,21,107,50,254,304,411
10/28/2003,SJT,TX,ASW,CE,Federal Contract Tower,0,25,19,41,85,0,2,45,0,47,0,27,64,41,132,52,200,252,384
10/29/2003,SJT,TX,ASW,CE,Federal Contract Tower,0,24,11,18,53,0,5,45,0,50,0,29,56,18,103,54,124,178,281
10/30/2003,SJT,TX,ASW,CE,Federal Contract Tower,2,24,17,19,62,0,7,28,0,35,2,31,45,19,97,30,134,164,261
10/31/2003,SJT,TX,ASW,CE,Federal Contract Tower,0,29,29,14,72,0,2,44,0,46,0,31,73,14,118,66,78,144,262
11/01/2003,SJT,TX,ASW,CE,Federal Contract Tower,0,16,9,11,36,0,3,27,2,32,0,19,36,13,68,12,36,48,116
11/02/2003,SJT,TX,ASW,CE,Federal Contract Tower,0,16,17,23,56,0,5,28,0,33,0,21,45,23,89,22,68,90,179
11/03/2003,SJT,TX,ASW,CE,Federal Contract Tower,0,23,22,23,68,0,5,29,0,34,0,28,51,23,102,22,182,204,306
11/04/2003,SJT,TX,ASW,CE,Federal Contract Tower,0,28,21,23,72,0,2,53,0,55,0,30,74,23,127,30,134,164,291
11/05/2003,SJT,TX,ASW,CE,Federal Contract Tower,0,31,17,1,49,0,0,0,0,0,0,31,17,1,49,2,12,14,63
11/06/2003,SJT,TX,ASW,CE,Federal Contract Tower,0,33,31,5,69,0,0,0,0,0,0,33,31,5,69,0,0,0,69
11/07/2003,SJT,TX,ASW,CE,Federal Contract Tower,2,29,36,23,90,0,0,0,0,0,2,29,36,23,90,22,16,38,128
11/08/2003,SJT,TX,ASW,CE,Federal Contract Tower,0,20,12,0,32,0,0,0,0,0,0,20,12,0,32,0,0,0,32
11/09/2003,SJT,TX,ASW,CE,Federal Contract Tower,0,16,16,0,32,0,0,0,0,0,0,16,16,0,32,0,0,0,32
11/10/2003,SJT,TX,ASW,CE,Federal Contract Tower,2,28,28,16,74,0,0,21,0,21,2,28,49,16,95,28,78,106,201
11/11/2003,SJT,TX,ASW,CE,Federal Contract Tower,0,25,6,0,31,0,0,44,2,46,0,25,50,2,77,74,0,74,151
11/12/2003,SJT,TX,ASW,CE,Federal Contract Tower,0,29,42,20,91,0,1,23,0,24,0,30,65,20,115,32,110,142,257
11/13/2003,SJT,TX,ASW,CE,Federal Contract Tower,0,32,21,38,91,0,0,21,0,21,0,32,42,38,112,52,168,220,332
11/14/2003,SJT,TX,ASW,CE,Federal Contract Tower,0,32,29,30,91,0,0,21,0,21,0,32,50,30,112,16,246,262,374
11/15/2003,SJT,TX,ASW,CE,Federal Contract Tower,0,14,8,27,49,0,3,28,30,61,0,17,36,57,110,42,34,76,186
11/16/2003,SJT,TX,ASW,CE,Federal Contract Tower,0,17,16,2,35,0,0,15,0,15,0,17,31,2,50,24,6,30,80
11/17/2003,SJT,TX,ASW,CE,Federal Contract Tower,0,18,8,6,32,0,4,15,0,19,0,22,23,6,51,24,52,76,127
11/18/2003,SJT,TX,ASW,CE,Federal Contract Tower,0,25,8,21,54,0,4,25,0,29,0,29,33,21,83,0,104,104,187
11/19/2003,SJT,TX,ASW,CE,Federal Contract Tower,0,26,28,29,83,0,4,53,0,57,0,30,81,29,140,76,148,224,364
11/20/2003,SJT,TX,ASW,CE,Federal Contract Tower,0,26,15,12,53,0,5,59,0,64,0,31,74,12,117,82,186,268,385
11/21/2003,SJT,TX,ASW,CE,Federal Contract Tower,0,27,20,20,67,0,3,68,0,71,0,30,88,20,138,30,160,190,328
11/22/2003,SJT,TX,ASW,CE,Federal Contract Tower,0,13,12,34,59,0,2,36,0,38,0,15,48,34,97,20,112,132,229
11/23/2003,SJT,TX,ASW,CE,Federal Contract Tower,0,16,17,4,37,0,3,29,0,32,0,19,46,4,69,2,4,6,75
11/24/2003,SJT,TX,ASW,CE,Federal Contract Tower,0,23,17,12,52,0,4,62,0,66,0,27,79,12,118,70,170,240,358
11/25/2003,SJT,TX,ASW,CE,Federal Contract Tower,0,27,19,18,64,0,3,34,0,37,0,30,53,18,101,34,148,182,283
11/26/2003,SJT,TX,ASW,CE,Federal Contract Tower,0,26,13,12,51,0,4,63,0,67,0,30,76,12,118,26,138,164,282
11/27/2003,SJT,TX,ASW,CE,Federal Contract Tower,0,16,5,0,21,0,0,25,0,25,0,16,30,0,46,4,0,4,50
11/28/2003,SJT,TX,ASW,CE,Federal Contract Tower,0,26,21,0,47,0,4,66,0,70,0,30,87,0,117,44,0,44,161
11/29/2003,SJT,TX,ASW,CE,Federal Contract Tower,0,15,5,0,20,0,2,68,0,70,0,17,73,0,90,22,0,22,112
11/30/2003,SJT,TX,ASW,CE,Federal Contract Tower,0,16,16,0,32,0,0,35,2,37,0,16,51,2,69,24,0,24,93
12/01/2003,SJT,TX,ASW,CE,Federal Contract Tower,0,24,5,9,38,0,2,24,0,26,0,26,29,9,64,16,84,100,164
12/02/2003,SJT,TX,ASW,CE,Federal Contract Tower,0,28,15,17,60,0,1,14,0,15,0,29,29,17,75,6,78,84,159
12/03/2003,SJT,TX,ASW,CE,Federal Contract Tower,0,26,21,9,56,0,1,28,0,29,0,27,49,9,85,20,88,108,193
12/04/2003,SJT,TX,ASW,CE,Federal Contract Tower,2,28,12,21,63,0,2,63,0,65,2,30,75,21,128,58,92,150,278
12/05/2003,SJT,TX,ASW,CE,Federal Contract Tower,0,28,20,28,76,0,6,29,0,35,0,34,49,28,111,20,212,232,343
12/06/2003,SJT,TX,ASW,CE,Federal Contract Tower,0,12,5,4,21,0,1,41,0,42,0,13,46,4,63,48,26,74,137
12/07/2003,SJT,TX,ASW,CE,Federal Contract Tower,2,17,9,4,32,0,3,24,3,30,2,20,33,7,62,20,12,32,94
12/08/2003,SJT,TX,ASW,CE,Federal Contract Tower,0,24,19,27,70,0,4,48,0,52,0,28,67,27,122,46,204,250,372
12/09/2003,SJT,TX,ASW,CE,Federal Contract Tower,0,23,8,10,41,0,3,9,0,12,0,26,17,10,53,4,98,102,155
12/10/2003,SJT,TX,ASW,CE,Federal Contract Tower,0,24,15,34,73,0,5,64,0,69,0,29,79,34,142,20,178,198,340
12/11/2003,SJT,TX,ASW,CE,Federal Contract Tower,0,22,10,16,48,0,4,52,0,56,0,26,62,16,104,44,154,198,302
12/12/2003,SJT,TX,ASW,CE,Federal Contract Tower,0,35,26,54,115,0,0,36,0,36,0,35,62,54,151,16,308,324,475
12/13/2003,SJT,TX,ASW,CE,Federal Contract Tower,0,14,18,47,79,0,0,38,0,38,0,14,56,47,117,44,158,202,319
12/14/2003,SJT,TX,ASW,CE,Federal Contract Tower,0,14,7,1,22,0,0,37,1,38,0,14,44,2,60,44,0,44,104
12/15/2003,SJT,TX,ASW,CE,Federal Contract Tower,0,21,13,9,43,0,3,30,0,33,0,24,43,9,76,0,88,88,164
12/16/2003,SJT,TX,ASW,CE,Federal Contract Tower,0,29,9,22,60,0,6,57,0,63,0,35,66,22,123,24,136,160,283
12/17/2003,SJT,TX,ASW,CE,Federal Contract Tower,0,24,11,17,52,0,3,59,0,62,0,27,70,17,114,42,154,196,310
12/18/2003,SJT,TX,ASW,CE,Federal Contract Tower,1,23,12,6,42,0,4,58,0,62,1,27,70,6,104,22,198,220,324
12/19/2003,SJT,TX,ASW,CE,Federal Contract Tower,1,25,23,23,72,0,4,74,0,78,1,29,97,23,150,22,286,308,458
12/20/2003,SJT,TX,ASW,CE,Federal Contract Tower,0,12,5,0,17,0,2,40,2,44,0,14,45,2,61,40,0,40,101
12/21/2003,SJT,TX,ASW,CE,Federal Contract Tower,0,14,9,3,26,0,0,37,0,37,0,14,46,3,63,18,2,20,83
12/22/2003,SJT,TX,ASW,CE,Federal Contract Tower,0,23,24,7,54,0,4,32,0,36,0,27,56,7,90,34,32,66,156
12/23/2003,SJT,TX,ASW,CE,Federal Contract Tower,1,24,14,14,53,0,5,70,5,80,1,29,84,19,133,52,44,96,229
12/24/2003,SJT,TX,ASW,CE,Federal Contract Tower,1,19,7,0,27,0,5,30,0,35,1,24,37,0,62,6,0,6,68
12/25/2003,SJT,TX,ASW,CE,Federal Contract Tower,0,14,0,0,14,0,0,13,0,13,0,14,13,0,27,6,0,6,33
12/26/2003,SJT,TX,ASW,CE,Federal Contract Tower,0,27,11,0,38,0,0,39,0,39,0,27,50,0,77,14,0,14,91
12/27/2003,SJT,TX,ASW,CE,Federal Contract Tower,0,12,9,0,21,0,1,44,0,45,0,13,53,0,66,38,0,38,104
12/28/2003,SJT,TX,ASW,CE,Federal Contract Tower,0,12,4,0,16,0,1,42,0,43,0,13,46,0,59,74,0,74,133
12/29/2003,SJT,TX,ASW,CE,Federal Contract Tower,0,17,10,7,34,0,5,60,0,65,0,22,70,7,99,22,46,68,167
12/30/2003,SJT,TX,ASW,CE,Federal Contract Tower,0,20,8,2,30,0,4,52,0,56,0,24,60,2,86,4,0,4,90
12/31/2003,SJT,TX,ASW,CE,Federal Contract Tower,2,19,12,0,33,0,4,28,0,32,2,23,40,0,65,23,0,23,88
01/01/2004,SJT,TX,ASW,CE,Federal Contract Tower,0,12,17,0,29,0,0,14,0,14,0,12,31,0,43,18,0,18,61
01/02/2004,SJT,TX,ASW,CE,Federal Contract Tower,0,25,6,0,31,0,1,41,0,42,0,26,47,0,73,34,0,34,107
01/03/2004,SJT,TX,ASW,CE,Federal Contract Tower,5,9,9,0,23,0,3,31,0,34,5,12,40,0,57,80,0,80,137
01/04/2004,SJT,TX,ASW,CE,Federal Contract Tower,0,12,13,0,25,0,0,26,0,26,0,12,39,0,51,44,0,44,95
01/05/2004,SJT,TX,ASW,CE,Federal Contract Tower,0,18,8,8,34,0,4,26,0,30,0,22,34,8,64,6,118,124,188
01/06/2004,SJT,TX,ASW,CE,Federal Contract Tower,1,21,9,26,57,0,5,32,0,37,1,26,41,26,94,28,160,188,282
01/07/2004,SJT,TX,ASW,CE,Federal Contract Tower,0,31,13,26,70,0,0,28,11,39,0,31,41,37,109,28,112,140,249
01/08/2004,SJT,TX,ASW,CE,Federal Contract Tower,0,25,16,33,74,0,2,41,0,43,0,27,57,33,117,30,314,344,461
01/09/2004,SJT,TX,ASW,CE,Federal Contract Tower,2,20,13,29,64,0,5,30,0,35,2,25,43,29,99,6,126,132,231
01/10/2004,SJT,TX,ASW,CE,Federal Contract Tower,0,10,22,6,38,0,2,43,1,46,0,12,65,7,84,76,22,98,182
01/11/2004,SJT,TX,ASW,CE,Federal Contract Tower,0,12,8,0,20,0,0,35,8,43,0,12,43,8,63,8,0,8,71
01/12/2004,SJT,TX,ASW,CE,Federal Contract Tower,2,13,19,15,49,0,4,37,0,41,2,17,56,15,90,232,0,232,322
01/13/2004,SJT,TX,ASW,CE,Federal Contract Tower,0,28,19,31,78,0,2,48,0,50,0,30,67,31,128,10,290,300,428
01/14/2004,SJT,TX,ASW,CE,Federal Contract Tower,6,30,29,6,71,0,5,39,0,44,6,35,68,6,115,42,118,160,275
01/15/2004,SJT,TX,ASW,CE,Federal Contract Tower,0,22,16,4,42,0,3,0,0,3,0,25,16,4,45,6,34,40,85
01/16/2004,SJT,TX,ASW,CE,Federal Contract Tower,0,26,17,5,48,0,0,3,0,3,0,26,20,5,51,0,12,12,63
01/17/2004,SJT,TX,ASW,CE,Federal Contract Tower,0,12,19,3,34,0,1,8,0,9,0,13,27,3,43,14,4,18,61
01/18/2004,SJT,TX,ASW,CE,Federal Contract Tower,0,12,6,0,18,0,2,31,4,37,0,14,37,4,55,158,0,158,213
01/19/2004,SJT,TX,ASW,CE,Federal Contract Tower,2,20,30,3,55,0,0,55,8,63,2,20,85,11,118,132,6,138,256
01/20/2004,SJT,TX,ASW,CE,Federal Contract Tower,0,21,10,49,80,0,4,37,0,41,0,25,47,49,121,14,266,280,401
01/21/2004,SJT,TX,ASW,CE,Federal Contract Tower,0,24,21,17,62,0,2,20,0,22,0,26,41,17,84,16,164,180,264
01/22/2004,SJT,TX,ASW,CE,Federal Contract Tower,0,25,32,0,57,0,2,22,0,24,0,27,54,0,81,32,42,74,155
01/23/2004,SJT,TX,ASW,CE,Federal Contract Tower,0,29,21,18,68,0,0,3,0,3,0,29,24,18,71,30,52,82,153
01/24/2004,SJT,TX,ASW,CE,Federal Contract Tower,1,14,4,3,22,0,3,34,0,37,1,17,38,3,59,46,4,50,109
01/25/2004,SJT,TX,ASW,CE,Federal Contract Tower,2,10,7,6,25,0,1,35,2,38,2,11,42,8,63,8,10,18,81
01/26/2004,SJT,TX,ASW,CE,Federal Contract Tower,2,13,4,8,27,0,4,24,0,28,2,17,28,8,55,86,112,198,253
01/27/2004,SJT,TX,ASW,CE,Federal Contract Tower,0,22,11,33,66,0,8,65,0,73,0,30,76,33,139,108,232,340,479
01/28/2004,SJT,TX,ASW,CE,Federal Contract Tower,0,25,14,22,61,0,4,44,0,48,0,29,58,22,109,130,184,314,423
01/29/2004,SJT,TX,ASW,CE,Federal Contract Tower,2,22,11,9,44,0,1,20,0,21,2,23,31,9,65,16,106,122,187
01/30/2004,SJT,TX,ASW,CE,Federal Contract Tower,3,26,11,23,63,0,4,18,0,22,3,30,29,23,85,40,88,128,213
01/31/2004,SJT,TX,ASW,CE,Federal Contract Tower,0,14,14,26,54,0,0,42,0,42,0,14,56,26,96,132,74,206,302
02/01/2004,SJT,TX,ASW,CE,Federal Contract Tower,0,12,16,29,57,0,0,26,0,26,0,12,42,29,83,70,100,170,253
02/02/2004,SJT,TX,ASW,CE,Federal Contract Tower,0,19,14,31,64,0,5,39,0,44,0,24,53,31,108,18,190,208,316
02/03/2004,SJT,TX,ASW,CE,Federal Contract Tower,0,23,13,31,67,0,4,51,0,55,0,27,64,31,122,48,182,230,352
02/04/2004,SJT,TX,ASW,CE,Federal Contract Tower,0,28,22,0,50,0,0,0,0,0,0,28,22,0,50,12,0,12,62
02/05/2004,SJT,TX,ASW,CE,Federal Contract Tower,0,29,15,23,67,0,3,33,0,36,0,32,48,23,103,28,130,158,261
02/06/2004,SJT,TX,ASW,CE,Federal Contract Tower,0,24,18,37,79,0,4,51,0,55,0,28,69,37,134,56,166,222,356
02/07/2004,SJT,TX,ASW,CE,Federal Contract Tower,0,11,14,19,44,0,0,57,0,57,0,11,71,19,101,88,124,212,313
02/08/2004,SJT,TX,ASW,CE,Federal Contract Tower,0,12,19,20,51,0,0,26,0,26,0,12,45,20,77,24,62,86,163
02/09/2004,SJT,TX,ASW,CE,Federal Contract Tower,0,20,24,30,74,0,1,24,0,25,0,21,48,30,99,58,144,202,301
02/10/2004,SJT,TX,ASW,CE,Federal Contract Tower,0,28,29,8,65,0,0,0,0,0,0,28,29,8,65,32,26,58,123
02/11/2004,SJT,TX,ASW,CE,Federal Contract Tower,0,25,34,5,64,0,0,1,0,1,0,25,35,5,65,10,24,34,99
02/12/2004,SJT,TX,ASW,CE,Federal Contract Tower,0,27,6,2,35,0,0,17,0,17,0,27,23,2,52,79,50,129,181
02/13/2004,SJT,TX,ASW,CE,Federal Contract Tower,0,29,14,8,51,0,1,14,0,15,0,30,28,8,66,38,124,162,228
02/14/2004,SJT,TX,ASW,CE,Federal Contract Tower,2,8,4,0,14,0,2,34,0,36,2,10,38,0,50,68,0,68,118
02/15/2004,SJT,TX,ASW,CE,Federal Contract Tower,0,12,5,0,17,0,1,42,0,43,0,13,47,0,60,54,6,60,120
02/16/2004,SJT,TX,ASW,CE,Federal Contract Tower,0,18,18,1,37,0,1,49,1,51,0,19,67,2,88,82,2,84,172
02/17/2004,SJT,TX,ASW,CE,Federal Contract Tower,0,22,17,11,50,0,4,72,0,76,0,26,89,11,126,74,174,248,374
02/18/2004,SJT,TX,ASW,CE,Federal Contract Tower,0,21,10,6,37,0,5,54,0,59,0,26,64,6,96,10,90,100,196
02/19/2004,SJT,TX,ASW,CE,Federal Contract Tower,0,25,12,22,59,0,2,19,0,21,0,27,31,22,80,8,178,186,266
02/20/2004,SJT,TX,ASW,CE,Federal Contract Tower,0,24,9,26,59,0,8,53,0,61,0,32,62,26,120,74,224,298,418
02/21/2004,SJT,TX,ASW,CE,Federal Contract Tower,0,12,9,0,21,0,0,77,0,77,0,12,86,0,98,28,0,28,126
02/22/2004,SJT,TX,ASW,CE,Federal Contract Tower,0,12,12,6,30,0,0,29,0,29,0,12,41,6,59,36,48,84,143
02/23/2004,SJT,TX,ASW,CE,Federal Contract Tower,2,23,7,12,44,0,0,17,0,17,2,23,24,12,61,24,90,114,175
02/24/2004,SJT,TX,ASW,CE,Federal Contract Tower,0,31,8,1,40,0,0,1,0,1,0,31,9,1,41,0,22,22,63
02/25/2004,SJT,TX,ASW,CE,Federal Contract Tower,0,22,24,14,60,0,2,5,0,7,0,24,29,14,67,12,36,48,115
02/26/2004,SJT,TX,ASW,CE,Federal Contract Tower,0,26,17,20,63,0,2,57,0,59,0,28,74,20,122,62,160,222,344
02/27/2004,SJT,TX,ASW,CE,Federal Contract Tower,2,22,11,34,69,0,4,52,0,56,2,26,63,34,125,38,186,224,349
02/28/2004,SJT,TX,ASW,CE,Federal Contract Tower,0,16,23,4,43,0,0,4,0,4,0,16,27,4,47,6,14,20,67
02/29/2004,SJT,TX,ASW,CE,Federal Contract Tower,0,12,5,35,52,0,0,28,0,28,0,12,33,35,80,6,90,96,176
03/01/2004,SJT,TX,ASW,CE,Federal Contract Tower,0,19,13,38,70,0,4,45,0,49,0,23,58,38,119,42,304,346,465
03/02/2004,SJT,TX,ASW,CE,Federal Contract Tower,0,22,22,11,55,0,3,4,0,7,0,25,26,11,62,20,104,124,186
03/03/2004,SJT,TX,ASW,CE,Federal Contract Tower,0,28,19,1,48,0,0,12,0,12,0,28,31,1,60,22,8,30,90
03/04/2004,SJT,TX,ASW,CE,Federal Contract Tower,0,15,6,4,25,0,2,20,0,22,0,17,26,4,47,0,46,46,93
03/05/2004,SJT,TX,ASW,CE,Federal Contract Tower,0,25,25,30,80,0,4,29,0,33,0,29,54,30,113,40,86,126,239
03/06/2004,SJT,TX,ASW,CE,Federal Contract Tower,0,15,6,20,41,0,0,62,0,62,0,15,68,20,103,68,110,178,281
03/07/2004,SJT,TX,ASW,CE,Federal Contract Tower,0,11,8,7,26,0,0,44,0,44,0,11,52,7,70,70,18,88,158
03/08/2004,SJT,TX,ASW,CE,Federal Contract Tower,2,17,10,38,67,0,4,72,0,76,2,21,82,38,143,114,228,342,485
03/09/2004,SJT,TX,ASW,CE,Federal Contract Tower,0,20,6,12,38,0,2,66,0,68,0,22,72,12,106,38,128,166,272
03/10/2004,SJT,TX,ASW,CE,Federal Contract Tower,0,19,11,14,44,0,4,58,0,62,0,23,69,14,106,44,126,170,276
03/11/2004,SJT,TX,ASW,CE,Federal Contract Tower,0,18,11,7,36,0,6,23,0,29,0,24,34,7,65,18,56,74,139
03/12/2004,SJT,TX,ASW,CE,Federal Contract Tower,2,27,7,0,36,0,0,4,0,4,2,27,11,0,40,0,8,8,48
03/13/2004,SJT,TX,ASW,CE,Federal Contract Tower,0,14,17,0,31,0,0,14,0,14,0,14,31,0,45,50,0,50,95
03/14/2004,SJT,TX,ASW,CE,Federal Contract Tower,0,12,5,0,17,0,0,3,0,3,0,12,8,0,20,44,0,44,64
03/15/2004,SJT,TX,ASW,CE,Federal Contract Tower,0,21,20,47,88,0,0,34,0,34,0,21,54,47,122,12,170,182,304
03/16/2004,SJT,TX,ASW,CE,Federal Contract Tower,1,18,6,17,42,0,2,55,0,57,1,20,61,17,99,22,182,204,303
03/17/2004,SJT,TX,ASW,CE,Federal Contract Tower,0,25,14,9,48,0,4,49,0,53,0,29,63,9,101,30,68,98,199
03/18/2004,SJT,TX,ASW,CE,Federal Contract Tower,0,27,15,11,53,0,4,63,0,67,0,31,78,11,120,56,142,198,318
03/19/2004,SJT,TX,ASW,CE,Federal Contract Tower,0,24,25,13,62,0,2,40,0,42,0,26,65,13,104,54,118,172,276
03/20/2004,SJT,TX,ASW,CE,Federal Contract Tower,0,13,12,10,35,0,0,41,0,41,0,13,53,10,76,64,30,94,170
03/21/2004,SJT,TX,ASW,CE,Federal Contract Tower,2,14,23,5,44,0,0,17,0,17,2,14,40,5,61,58,28,86,147
03/22/2004,SJT,TX,ASW,CE,Federal Contract Tower,0,18,35,14,67,0,3,30,0,33,0,21,65,14,100,58,192,250,350
03/23/2004,SJT,TX,ASW,CE,Federal Contract Tower,0,27,19,31,77,0,2,37,0,39,0,29,56,31,116,56,250,306,422
03/24/2004,SJT,TX,ASW,CE,Federal Contract Tower,0,28,32,9,69,0,0,19,0,19,0,28,51,9,88,48,80,128,216
03/25/2004,SJT,TX,ASW,CE,Federal Contract Tower,3,23,29,13,68,0,4,34,0,38,3,27,63,13,106,80,170,250,356
03/26/2004,SJT,TX,ASW,CE,Federal Contract Tower,0,24,34,25,83,0,2,18,0,20,0,26,52,25,103,44,192,236,339
03/27/2004,SJT,TX,ASW,CE,Federal Contract Tower,2,11,18,13,44,0,2,25,0,27,2,13,43,13,71,2,32,34,105
03/28/2004,SJT,TX,ASW,CE,Federal Contract Tower,0,15,25,22,62,0,0,57,0,57,0,15,82,22,119,90,112,202,321
03/29/2004,SJT,TX,ASW,CE,Federal Contract Tower,2,17,17,61,97,0,4,40,0,44,2,21,57,61,141,44,304,348,489
03/30/2004,SJT,TX,ASW,CE,Federal Contract Tower,1,20,13,52,86,1,3,61,0,65,2,23,74,52,151,38,168,206,357
03/31/2004,SJT,TX,ASW,CE,Federal Contract Tower,1,21,9,39,70,0,1,72,0,73,1,22,81,39,143,74,242,316,459
04/01/2004,SJT,TX,ASW,CE,Federal Contract Tower,0,22,17,15,54,0,3,74,0,77,0,25,91,15,131,60,118,178,309
04/02/2004,SJT,TX,ASW,CE,Federal Contract Tower,0,30,19,3,52,0,3,18,0,21,0,33,37,3,73,8,16,24,97
04/03/2004,SJT,TX,ASW,CE,Federal Contract Tower,0,18,5,0,23,0,0,26,1,27,0,18,31,1,50,54,0,54,104
04/04/2004,SJT,TX,ASW,CE,Federal Contract Tower,0,16,9,0,25,0,0,19,1,20,0,16,28,1,45,42,0,42,87
04/05/2004,SJT,TX,ASW,CE,Federal Contract Tower,0,25,37,17,79,0,0,6,0,6,0,25,43,17,85,22,106,128,213
04/06/2004,SJT,TX,ASW,CE,Federal Contract Tower,1,28,18,34,81,0,3,32,0,35,1,31,50,34,116,34,196,230,346
04/07/2004,SJT,TX,ASW,CE,Federal Contract Tower,1,21,18,26,66,0,3,52,0,55,1,24,70,26,121,42,324,366,487
04/08/2004,SJT,TX,ASW,CE,Federal Contract Tower,1,25,15,10,51,0,3,69,12,84,1,28,84,22,135,30,4,34,169
04/09/2004,SJT,TX,ASW,CE,Federal Contract Tower,1,24,15,18,58,0,4,57,0,61,1,28,72,18,119,48,180,228,347
04/10/2004,SJT,TX,ASW,CE,Federal Contract Tower,1,12,6,0,19,0,2,5,0,7,1,14,11,0,26,10,0,10,36
04/11/2004,SJT,TX,ASW,CE,Federal Contract Tower,0,14,15,2,31,0,0,10,0,10,0,14,25,2,41,10,0,10,51
04/12/2004,SJT,TX,ASW,CE,Federal Contract Tower,1,17,15,22,55,0,3,45,0,48,1,20,60,22,103,34,126,160,263
04/13/2004,SJT,TX,ASW,CE,Federal Contract Tower,0,23,14,18,55,0,6,55,0,61,0,29,69,18,116,40,136,176,292
04/14/2004,SJT,TX,ASW,CE,Federal Contract Tower,3,20,15,5,43,0,5,66,0,71,3,25,81,5,114,50,94,144,258
04/15/2004,SJT,TX,ASW,CE,Federal Contract Tower,1,21,18,8,48,0,3,70,0,73,1,24,88,8,121,40,166,206,327
04/16/2004,SJT,TX,ASW,CE,Federal Contract Tower,3,22,11,24,60,0,2,62,0,64,3,24,73,24,124,42,108,150,274
04/17/2004,SJT,TX,ASW,CE,Federal Contract Tower,1,13,13,9,36,0,1,31,2,34,1,14,44,11,70,104,28,132,202
04/18/2004,SJT,TX,ASW,CE,Federal Contract Tower,0,14,20,22,56,0,4,31,0,35,0,18,51,22,91,36,60,96,187
04/19/2004,SJT,TX,ASW,CE,Federal Contract Tower,3,16,26,11,56,0,1,17,0,18,3,17,43,11,74,54,90,144,218
04/20/2004,SJT,TX,ASW,CE,Federal Contract Tower,0,27,11,18,56,0,3,39,0,42,0,30,50,18,98,28,96,124,222
04/21/2004,SJT,TX,ASW,CE,Federal Contract Tower,3,21,16,13,53,0,2,32,0,34,3,23,48,13,87,48,122,170,257
04/22/2004,SJT,TX,ASW,CE,Federal Contract Tower,3,22,16,7,48,0,3,33,0,36,3,25,49,7,84,18,104,122,206
04/23/2004,SJT,TX,ASW,CE,Federal Contract Tower,4,23,19,36,82,0,2,36,0,38,4,25,55,36,120,36,154,190,310
04/24/2004,SJT,TX,ASW,CE,Federal Contract Tower,0,12,9,13,34,0,0,21,0,21,0,12,30,13,55,2,74,76,131
04/25/2004,SJT,TX,ASW,CE,Federal Contract Tower,0,12,19,13,44,0,5,35,0,40,0,17,54,13,84,10,48,58,142
04/26/2004,SJT,TX,ASW,CE,Federal Contract Tower,7,13,7,31,58,0,4,42,0,46,7,17,49,31,104,48,268,316,420
04/27/2004,SJT,TX,ASW,CE,Federal Contract Tower,1,20,18,26,65,0,4,52,0,56,1,24,70,26,121,44,100,144,265
04/28/2004,SJT,TX,ASW,CE,Federal Contract Tower,0,21,24,8,53,0,4,37,0,41,0,25,61,8,94,32,100,132,226
04/29/2004,SJT,TX,ASW,CE,Federal Contract Tower,1,22,29,17,69,0,2,48,0,50,1,24,77,17,119,62,222,284,403
04/30/2004,SJT,TX,ASW,CE,Federal Contract Tower,0,24,19,31,74,0,2,36,0,38,0,26,55,31,112,40,282,322,434
05/01/2004,SJT,TX,ASW,CE,Federal Contract Tower,1,11,7,6,25,0,0,12,0,12,1,11,19,6,37,16,20,36,73
05/02/2004,SJT,TX,ASW,CE,Federal Contract Tower,2,10,3,12,27,0,1,53,0,54,2,11,56,12,81,112,24,136,217
05/03/2004,SJT,TX,ASW,CE,Federal Contract Tower,3,16,17,23,59,0,3,77,0,80,3,19,94,23,139,78,204,282,421
05/04/2004,SJT,TX,ASW,CE,Federal Contract Tower,1,19,12,25,57,0,6,78,0,84,1,25,90,25,141,30,162,192,333
05/05/2004,SJT,TX,ASW,CE,Federal Contract Tower,3,21,11,2,37,0,4,73,0,77,3,25,84,2,114,126,126,252,366
05/06/2004,SJT,TX,ASW,CE,Federal Contract Tower,2,22,26,20,70,0,3,41,0,44,2,25,67,20,114,14,316,330,444
05/07/2004,SJT,TX,ASW,CE,Federal Contract Tower,1,26,23,36,86,0,4,39,0,43,1,30,62,36,129,18,300,318,447
05/08/2004,SJT,TX,ASW,CE,Federal Contract Tower,1,12,12,8,33,0,1,33,0,34,1,13,45,8,67,26,24,50,117
05/09/2004,SJT,TX,ASW,CE,Federal Contract Tower,1,12,12,12,37,0,0,40,0,40,1,12,52,12,77,34,54,88,165
05/10/2004,SJT,TX,ASW,CE,Federal Contract Tower,2,19,14,35,70,0,4,46,0,50,2,23,60,35,120,58,276,334,454
05/11/2004,SJT,TX,ASW,CE,Federal Contract Tower,2,20,16,6,44,0,4,51,0,55,2,24,67,6,99,48,50,98,197
05/12/2004,SJT,TX,ASW,CE,Federal Contract Tower,2,21,28,25,76,0,5,34,0,39,2,26,62,25,115,28,230,258,373
05/13/2004,SJT,TX,ASW,CE,Federal Contract Tower,3,21,20,7,51,0,2,42,0,44,3,23,62,7,95,30,68,98,193
05/14/2004,SJT,TX,ASW,CE,Federal Contract Tower,1,26,8,26,61,0,1,29,0,30,1,27,37,26,91,32,266,298,389
05/15/2004,SJT,TX,ASW,CE,Federal Contract Tower,1,10,12,2,25,0,0,25,0,25,1,10,37,2,50,52,8,60,110
05/16/2004,SJT,TX,ASW,CE,Federal Contract Tower,2,9,22,3,36,0,0,25,0,25,2,9,47,3,61,10,18,28,89
05/17/2004,SJT,TX,ASW,CE,Federal Contract Tower,4,19,14,21,58,0,4,41,0,45,4,23,55,21,103,42,150,192,295
05/18/2004,SJT,TX,ASW,CE,Federal Contract Tower,3,18,20,11,52,0,4,39,0,43,3,22,59,11,95,12,132,144,239
05/19/2004,SJT,TX,ASW,CE,Federal Contract Tower,3,22,17,17,59,0,1,53,0,54,3,23,70,17,113,90,98,188,301
05/20/2004,SJT,TX,ASW,CE,Federal Contract Tower,3,20,12,30,65,0,3,46,0,49,3,23,58,30,114,20,218,238,352
05/21/2004,SJT,TX,ASW,CE,Federal Contract Tower,1,25,11,36,73,0,2,33,0,35,1,27,44,36,108,20,322,342,450
05/22/2004,SJT,TX,ASW,CE,Federal Contract Tower,1,10,11,7,29,0,0,39,0,39,1,10,50,7,68,74,14,88,156
05/23/2004,SJT,TX,ASW,CE,Federal Contract Tower,2,9,7,21,39,0,0,47,0,47,2,9,54,21,86,32,108,140,226
05/24/2004,SJT,TX,ASW,CE,Federal Contract Tower,3,17,3,53,76,0,3,24,0,27,3,20,27,53,103,50,298,348,451
05/25/2004,SJT,TX,ASW,CE,Federal Contract Tower,1,22,14,16,53,0,2,45,0,47,1,24,59,16,100,28,106,134,234
05/26/2004,SJT,TX,ASW,CE,Federal Contract Tower,2,22,30,31,85,0,3,29,0,32,2,25,59,31,117,86,220,306,423
05/27/2004,SJT,TX,ASW,CE,Federal Contract Tower,2,25,26,12,65,0,0,32,0,32,2,25,58,12,97,16,68,84,181
05/28/2004,SJT,TX,ASW,CE,Federal Contract Tower,1,22,19,14,56,0,3,78,0,81,1,25,97,14,137,62,120,182,319
05/29/2004,SJT,TX,ASW,CE,Federal Contract Tower,1,11,18,0,30,0,0,39,0,39,1,11,57,0,69,28,0,28,97
05/30/2004,SJT,TX,ASW,CE,Federal Contract Tower,2,12,10,0,24,0,0,28,0,28,2,12,38,0,52,32,0,32,84
05/31/2004,SJT,TX,ASW,CE,Federal Contract Tower,0,15,14,1,30,0,2,61,2,65,0,17,75,3,95,76,4,80,175
06/01/2004,SJT,TX,ASW,CE,Federal Contract Tower,0,21,19,29,69,0,0,19,0,19,0,21,38,29,88,16,214,230,318
06/02/2004,SJT,TX,ASW,CE,Federal Contract Tower,0,16,11,5,32,0,11,39,0,50,0,27,50,5,82,8,84,92,174
06/03/2004,SJT,TX,ASW,CE,Federal Contract Tower,0,14,10,7,31,0,12,18,0,30,0,26,28,7,61,12,90,102,163
06/04/2004,SJT,TX,ASW,CE,Federal Contract Tower,0,26,18,17,61,0,5,36,0,41,0,31,54,17,102,0,130,130,232
06/05/2004,SJT,TX,ASW,CE,Federal Contract Tower,0,7,5,4,16,0,4,47,0,51,0,11,52,4,67,40,34,74,141
06/06/2004,SJT,TX,ASW,CE,Federal Contract Tower,0,8,5,2,15,0,6,27,0,33,0,14,32,2,48,50,16,66,114
06/07/2004,SJT,TX,ASW,CE,Federal Contract Tower,0,24,17,23,64,0,0,27,0,27,0,24,44,23,91,6,210,216,307
06/08/2004,SJT,TX,ASW,CE,Federal Contract Tower,1,18,12,3,34,1,2,26,0,29,2,20,38,3,63,14,82,96,159
06/09/2004,SJT,TX,ASW,CE,Federal Contract Tower,0,20,15,22,57,0,7,23,0,30,0,27,38,22,87,6,102,108,195
06/10/2004,SJT,TX,ASW,CE,Federal Contract Tower,0,26,22,22,70,0,0,16,0,16,0,26,38,22,86,18,200,218,304
06/11/2004,SJT,TX,ASW,CE,Federal Contract Tower,1,20,14,12,47,0,6,31,0,37,1,26,45,12,84,14,46,60,144
06/12/2004,SJT,TX,ASW,CE,Federal Contract Tower,0,7,5,10,22,0,7,28,0,35,0,14,33,10,57,8,34,42,99
06/13/2004,SJT,TX,ASW,CE,Federal Contract Tower,0,8,6,4,18,0,3,38,0,41,0,11,44,4,59,8,10,18,77
06/14/2004,SJT,TX,ASW,CE,Federal Contract Tower,0,20,19,14,53,1,0,33,0,34,1,20,52,14,87,12,147,159,246
06/15/2004,SJT,TX,ASW,CE,Federal Contract Tower,0,20,20,8,48,1,0,38,0,39,1,20,58,8,87,30,174,204,291
06/16/2004,SJT,TX,ASW,CE,Federal Contract Tower,0,27,23,29,79,1,0,22,0,23,1,27,45,29,102,20,160,180,282
06/17/2004,SJT,TX,ASW,CE,Federal Contract Tower,0,27,20,11,58,0,3,32,0,35,0,30,52,11,93,8,138,146,239
06/18/2004,SJT,TX,ASW,CE,Federal Contract Tower,0,24,17,12,53,0,4,34,0,38,0,28,51,12,91,16,68,84,175
06/19/2004,SJT,TX,ASW,CE,Federal Contract Tower,0,6,5,0,11,1,7,44,0,52,1,13,49,0,63,18,0,18,81
06/20/2004,SJT,TX,ASW,CE,Federal Contract Tower,0,6,5,1,12,1,5,37,0,43,1,11,42,1,55,2,0,2,57
06/21/2004,SJT,TX,ASW,CE,Federal Contract Tower,0,20,18,15,53,0,0,33,0,33,0,20,51,15,86,24,148,172,258
06/22/2004,SJT,TX,ASW,CE,Federal Contract Tower,0,19,14,9,42,0,6,29,0,35,0,25,43,9,77,36,80,116,193
06/23/2004,SJT,TX,ASW,CE,Federal Contract Tower,0,25,21,28,74,0,0,20,0,20,0,25,41,28,94,18,224,242,336
06/24/2004,SJT,TX,ASW,CE,Federal Contract Tower,0,27,21,14,62,2,0,25,0,27,2,27,46,14,89,14,188,202,291
06/25/2004,SJT,TX,ASW,CE,Federal Contract Tower,0,17,13,7,37,1,8,27,0,36,1,25,40,7,73,18,32,50,123
06/26/2004,SJT,TX,ASW,CE,Federal Contract Tower,0,10,6,6,22,0,6,35,0,41,0,16,41,6,63,50,38,88,151
06/27/2004,SJT,TX,ASW,CE,Federal Contract Tower,0,11,8,9,28,0,0,22,0,22,0,11,30,9,50,16,30,46,96
06/28/2004,SJT,TX,ASW,CE,Federal Contract Tower,0,13,9,7,29,1,13,25,0,39,1,26,34,7,68,32,6,38,106
06/29/2004,SJT,TX,ASW,CE,Federal Contract Tower,0,0,0,0,0,0,0,0,0,0,0,0,0,0,0,0,0,0,0
06/30/2004,SJT,TX,ASW,CE,Federal Contract Tower,0,0,0,0,0,0,0,0,0,0,0,0,0,0,0,0,0,0,0
07/01/2004,SJT,TX,ASW,CE,Federal Contract Tower,0,26,20,19,65,0,0,48,0,48,0,26,68,19,113,54,212,266,379
07/02/2004,SJT,TX,ASW,CE,Federal Contract Tower,0,11,8,9,28,0,17,55,0,72,0,28,63,9,100,20,2,22,122
07/03/2004,SJT,TX,ASW,CE,Federal Contract Tower,0,3,3,2,8,0,10,40,0,50,0,13,43,2,58,34,2,36,94
07/04/2004,SJT,TX,ASW,CE,Federal Contract Tower,0,3,2,0,5,0,7,26,0,33,0,10,28,0,38,24,0,24,62
07/05/2004,SJT,TX,ASW,CE,Federal Contract Tower,1,9,6,0,16,1,11,49,0,61,2,20,55,0,77,90,0,90,167
07/06/2004,SJT,TX,ASW,CE,Federal Contract Tower,1,20,13,20,54,0,0,11,0,11,1,20,24,20,65,10,314,324,389
07/07/2004,SJT,TX,ASW,CE,Federal Contract Tower,0,24,16,18,58,0,2,29,0,31,0,26,45,18,89,12,154,166,255
07/08/2004,SJT,TX,ASW,CE,Federal Contract Tower,0,20,14,26,60,0,4,37,0,41,0,24,51,26,101,72,232,304,405
07/09/2004,SJT,TX,ASW,CE,Federal Contract Tower,0,24,21,28,73,0,0,41,0,41,0,24,62,28,114,70,238,308,422
07/10/2004,SJT,TX,ASW,CE,Federal Contract Tower,0,14,9,18,41,0,2,30,0,32,0,16,39,18,73,36,60,96,169
07/11/2004,SJT,TX,ASW,CE,Federal Contract Tower,0,12,18,36,66,1,0,41,0,42,1,12,59,36,108,62,186,248,356
07/12/2004,SJT,TX,ASW,CE,Federal Contract Tower,0,24,17,32,73,0,0,52,0,52,0,24,69,32,125,146,184,330,455
07/13/2004,SJT,TX,ASW,CE,Federal Contract Tower,0,24,16,26,66,0,3,51,0,54,0,27,67,26,120,72,122,194,314
07/14/2004,SJT,TX,ASW,CE,Federal Contract Tower,0,25,19,29,73,0,0,55,0,55,0,25,74,29,128,80,158,238,366
07/15/2004,SJT,TX,ASW,CE,Federal Contract Tower,0,25,16,27,68,0,0,42,0,42,0,25,58,27,110,56,144,200,310
07/16/2004,SJT,TX,ASW,CE,Federal Contract Tower,0,20,13,25,58,2,6,50,0,58,2,26,63,25,116,88,120,208,324
07/17/2004,SJT,TX,ASW,CE,Federal Contract Tower,0,9,6,7,22,2,3,53,0,58,2,12,59,7,80,88,52,140,220
07/18/2004,SJT,TX,ASW,CE,Federal Contract Tower,0,6,4,4,14,0,6,40,0,46,0,12,44,4,60,32,2,34,94
07/19/2004,SJT,TX,ASW,CE,Federal Contract Tower,0,14,9,5,28,0,11,64,0,75,0,25,73,5,103,58,54,112,215
07/20/2004,SJT,TX,ASW,CE,Federal Contract Tower,0,20,14,16,50,0,6,64,0,70,0,26,78,16,120,50,150,200,320
07/21/2004,SJT,TX,ASW,CE,Federal Contract Tower,0,23,15,12,50,2,2,52,0,56,2,25,67,12,106,42,158,200,306
07/22/2004,SJT,TX,ASW,CE,Federal Contract Tower,0,22,13,16,51,0,13,39,0,52,0,35,52,16,103,52,128,180,283
07/23/2004,SJT,TX,ASW,CE,Federal Contract Tower,0,26,17,25,68,0,2,66,0,68,0,28,83,25,136,64,178,242,378
07/24/2004,SJT,TX,ASW,CE,Federal Contract Tower,0,13,8,17,38,0,3,68,0,71,0,16,76,17,109,72,62,134,243
07/25/2004,SJT,TX,ASW,CE,Federal Contract Tower,0,11,9,25,45,0,0,23,2,25,0,11,32,27,70,72,38,110,180
07/26/2004,SJT,TX,ASW,CE,Federal Contract Tower,0,19,11,9,39,0,2,19,0,21,0,21,30,9,60,28,12,40,100
07/27/2004,SJT,TX,ASW,CE,Federal Contract Tower,0,0,0,0,0,0,0,0,0,0,0,0,0,0,0,0,0,0,0
07/28/2004,SJT,TX,ASW,CE,Federal Contract Tower,0,0,0,0,0,0,0,0,0,0,0,0,0,0,0,0,0,0,0
07/29/2004,SJT,TX,ASW,CE,Federal Contract Tower,0,0,0,0,0,0,0,0,0,0,0,0,0,0,0,0,0,0,0
07/30/2004,SJT,TX,ASW,CE,Federal Contract Tower,0,0,0,0,0,0,0,0,0,0,0,0,0,0,0,0,0,0,0
07/31/2004,SJT,TX,ASW,CE,Federal Contract Tower,0,0,0,0,0,0,0,0,0,0,0,0,0,0,0,0,0,0,0
08/01/2004,SJT,TX,ASW,CE,Federal Contract Tower,0,11,7,4,22,0,3,50,0,53,0,14,57,4,75,30,12,42,117
08/02/2004,SJT,TX,ASW,CE,Federal Contract Tower,0,23,15,27,65,0,1,55,0,56,0,24,70,27,121,86,174,260,381
08/03/2004,SJT,TX,ASW,CE,Federal Contract Tower,0,27,20,32,79,0,0,37,0,37,0,27,57,32,116,16,132,148,264
08/04/2004,SJT,TX,ASW,CE,Federal Contract Tower,0,24,15,10,49,0,3,73,0,76,0,27,88,10,125,44,118,162,287
08/05/2004,SJT,TX,ASW,CE,Federal Contract Tower,0,22,15,9,46,0,4,56,0,60,0,26,71,9,106,64,76,140,246
08/06/2004,SJT,TX,ASW,CE,Federal Contract Tower,0,24,16,23,63,0,0,55,0,55,0,24,71,23,118,70,146,216,334
08/07/2004,SJT,TX,ASW,CE,Federal Contract Tower,1,5,4,0,10,0,8,22,0,30,1,13,26,0,40,36,0,36,76
08/08/2004,SJT,TX,ASW,CE,Federal Contract Tower,0,4,2,2,8,0,8,25,0,33,0,12,27,2,41,8,0,8,49
08/09/2004,SJT,TX,ASW,CE,Federal Contract Tower,0,14,9,5,28,0,7,40,0,47,0,21,49,5,75,46,60,106,181
08/10/2004,SJT,TX,ASW,CE,Federal Contract Tower,0,23,16,12,51,0,3,30,0,33,0,26,46,12,84,80,96,176,260
08/11/2004,SJT,TX,ASW,CE,Federal Contract Tower,0,26,18,11,55,0,0,41,0,41,0,26,59,11,96,64,120,184,280
08/12/2004,SJT,TX,ASW,CE,Federal Contract Tower,0,18,13,7,38,0,7,45,0,52,0,25,58,7,90,88,48,136,226
08/13/2004,SJT,TX,ASW,CE,Federal Contract Tower,0,20,14,18,52,0,9,39,0,48,0,29,53,18,100,98,46,144,244
08/14/2004,SJT,TX,ASW,CE,Federal Contract Tower,0,13,10,10,33,1,0,66,0,67,1,13,76,10,100,80,6,86,186
08/15/2004,SJT,TX,ASW,CE,Federal Contract Tower,0,14,12,10,36,0,0,34,0,34,0,14,46,10,70,14,62,76,146
08/16/2004,SJT,TX,ASW,CE,Federal Contract Tower,0,20,18,31,69,0,0,30,0,30,0,20,48,31,99,38,174,212,311
08/17/2004,SJT,TX,ASW,CE,Federal Contract Tower,0,24,16,22,62,1,0,50,0,51,1,24,66,22,113,8,128,136,249
08/18/2004,SJT,TX,ASW,CE,Federal Contract Tower,0,20,14,17,51,0,7,27,0,34,0,27,41,17,85,10,90,100,185
08/19/2004,SJT,TX,ASW,CE,Federal Contract Tower,0,23,20,24,67,0,0,28,0,28,0,23,48,24,95,30,224,254,349
08/20/2004,SJT,TX,ASW,CE,Federal Contract Tower,0,28,22,26,76,1,0,14,0,15,1,28,36,26,91,8,162,170,261
08/21/2004,SJT,TX,ASW,CE,Federal Contract Tower,0,15,10,13,38,0,1,10,0,11,0,16,20,13,49,0,12,12,61
08/22/2004,SJT,TX,ASW,CE,Federal Contract Tower,0,12,12,19,43,0,0,36,0,36,0,12,48,19,79,58,86,144,223
08/23/2004,SJT,TX,ASW,CE,Federal Contract Tower,0,21,20,30,71,0,0,33,0,33,0,21,53,30,104,50,154,204,308
08/24/2004,SJT,TX,ASW,CE,Federal Contract Tower,0,25,18,19,62,0,0,51,0,51,0,25,69,19,113,28,174,202,315
08/25/2004,SJT,TX,ASW,CE,Federal Contract Tower,0,22,14,17,53,0,4,49,0,53,0,26,63,17,106,34,190,224,330
08/26/2004,SJT,TX,ASW,CE,Federal Contract Tower,0,25,15,8,48,0,0,59,0,59,0,25,74,8,107,26,138,164,271
08/27/2004,SJT,TX,ASW,CE,Federal Contract Tower,0,19,11,10,40,0,7,48,0,55,0,26,59,10,95,12,74,86,181
08/28/2004,SJT,TX,ASW,CE,Federal Contract Tower,0,8,4,0,12,0,6,23,0,29,0,14,27,0,41,10,0,10,51
08/29/2004,SJT,TX,ASW,CE,Federal Contract Tower,0,11,8,13,32,1,0,31,0,32,1,11,39,13,64,30,58,88,152
08/30/2004,SJT,TX,ASW,CE,Federal Contract Tower,0,24,17,21,62,4,0,50,0,54,4,24,67,21,116,48,114,162,278
08/31/2004,SJT,TX,ASW,CE,Federal Contract Tower,0,19,12,9,40,0,4,22,0,26,0,23,34,9,66,6,82,88,154
09/01/2004,SJT,TX,ASW,CE,Federal Contract Tower,0,25,21,29,75,0,0,53,0,53,0,25,74,29,128,24,206,230,358
09/02/2004,SJT,TX,ASW,CE,Federal Contract Tower,0,20,15,8,43,0,8,51,0,59,0,28,66,8,102,56,66,122,224
09/03/2004,SJT,TX,ASW,CE,Federal Contract Tower,1,31,25,25,82,1,0,35,0,36,2,31,60,25,118,54,310,364,482
09/04/2004,SJT,TX,ASW,CE,Federal Contract Tower,0,5,4,0,9,0,8,41,0,49,0,13,45,0,58,16,0,16,74
09/05/2004,SJT,TX,ASW,CE,Federal Contract Tower,0,6,5,0,11,0,4,45,0,49,0,10,50,0,60,12,0,12,72
09/06/2004,SJT,TX,ASW,CE,Federal Contract Tower,0,10,8,3,21,0,2,53,0,55,0,12,61,3,76,76,14,90,166
09/07/2004,SJT,TX,ASW,CE,Federal Contract Tower,0,18,15,8,41,0,2,26,0,28,0,20,41,8,69,12,130,142,211
09/08/2004,SJT,TX,ASW,CE,Federal Contract Tower,0,23,18,5,46,1,0,45,0,46,1,23,63,5,92,80,104,184,276
09/09/2004,SJT,TX,ASW,CE,Federal Contract Tower,0,23,22,6,51,0,0,47,0,47,0,23,69,6,98,42,136,178,276
09/10/2004,SJT,TX,ASW,CE,Federal Contract Tower,0,20,16,18,54,0,5,23,0,28,0,25,39,18,82,14,94,108,190
09/11/2004,SJT,TX,ASW,CE,Federal Contract Tower,0,8,7,4,19,0,4,42,0,46,0,12,49,4,65,38,4,42,107
09/12/2004,SJT,TX,ASW,CE,Federal Contract Tower,0,8,9,15,32,0,0,32,0,32,0,8,41,15,64,82,42,124,188
09/13/2004,SJT,TX,ASW,CE,Federal Contract Tower,0,21,19,29,69,0,0,26,0,26,0,21,45,29,95,28,188,216,311
09/14/2004,SJT,TX,ASW,CE,Federal Contract Tower,0,26,24,27,77,0,0,22,0,22,0,26,46,27,99,36,182,218,317
09/15/2004,SJT,TX,ASW,CE,Federal Contract Tower,0,19,16,13,48,0,5,26,0,31,0,24,42,13,79,38,70,108,187
09/16/2004,SJT,TX,ASW,CE,Federal Contract Tower,0,20,16,16,52,0,2,40,0,42,0,22,56,16,94,20,112,132,226
09/17/2004,SJT,TX,ASW,CE,Federal Contract Tower,0,25,23,38,86,0,0,64,0,64,0,25,87,38,150,30,144,174,324
09/18/2004,SJT,TX,ASW,CE,Federal Contract Tower,0,13,12,5,30,1,0,50,0,51,1,13,62,5,81,20,14,34,115
09/19/2004,SJT,TX,ASW,CE,Federal Contract Tower,0,11,9,8,28,1,0,41,0,42,1,11,50,8,70,46,46,92,162
09/20/2004,SJT,TX,ASW,CE,Federal Contract Tower,0,20,17,30,67,0,0,30,0,30,0,20,47,30,97,22,218,240,337
09/21/2004,SJT,TX,ASW,CE,Federal Contract Tower,0,21,26,31,78,0,0,35,0,35,0,21,61,31,113,62,210,272,385
09/22/2004,SJT,TX,ASW,CE,Federal Contract Tower,0,23,20,14,57,0,0,30,0,30,0,23,50,14,87,6,124,130,217
09/23/2004,SJT,TX,ASW,CE,Federal Contract Tower,0,18,13,2,33,0,8,37,0,45,0,26,50,2,78,48,36,84,162
09/24/2004,SJT,TX,ASW,CE,Federal Contract Tower,0,26,22,21,69,0,0,24,0,24,0,26,46,21,93,0,138,138,231
09/25/2004,SJT,TX,ASW,CE,Federal Contract Tower,0,8,6,0,14,0,9,19,0,28,0,17,25,0,42,16,0,16,58
09/26/2004,SJT,TX,ASW,CE,Federal Contract Tower,0,12,9,10,31,0,2,13,0,15,0,14,22,10,46,8,32,40,86
09/27/2004,SJT,TX,ASW,CE,Federal Contract Tower,0,13,10,3,26,0,6,17,0,23,0,19,27,3,49,8,24,32,81
09/28/2004,SJT,TX,ASW,CE,Federal Contract Tower,0,18,13,14,45,0,4,40,0,44,0,22,53,14,89,58,86,144,233
09/29/2004,SJT,TX,ASW,CE,Federal Contract Tower,0,25,19,14,58,0,0,49,0,49,0,25,68,14,107,48,90,138,245
09/30/2004,SJT,TX,ASW,CE,Federal Contract Tower,0,11,8,6,25,0,11,32,0,43,0,22,40,6,68,18,38,56,124
10/01/2004,SJT,TX,ASW,CE,Federal Contract Tower,0,31,25,28,84,0,1,39,0,40,0,32,64,28,124,52,170,222,346
10/02/2004,SJT,TX,ASW,CE,Federal Contract Tower,0,16,7,0,23,0,0,9,0,9,0,16,16,0,32,4,6,10,42
10/03/2004,SJT,TX,ASW,CE,Federal Contract Tower,0,12,14,3,29,0,0,11,2,13,0,12,25,5,42,8,0,8,50
10/04/2004,SJT,TX,ASW,CE,Federal Contract Tower,2,16,22,9,49,0,1,18,3,22,2,17,40,12,71,0,32,32,103
10/05/2004,SJT,TX,ASW,CE,Federal Contract Tower,3,20,13,8,44,0,0,12,0,12,3,20,25,8,56,16,14,30,86
10/06/2004,SJT,TX,ASW,CE,Federal Contract Tower,0,25,20,13,58,0,0,25,0,25,0,25,45,13,83,42,26,68,151
10/07/2004,SJT,TX,ASW,CE,Federal Contract Tower,0,25,18,0,43,0,0,18,0,18,0,25,36,0,61,32,16,48,109
10/08/2004,SJT,TX,ASW,CE,Federal Contract Tower,2,32,24,17,75,0,1,23,0,24,2,33,47,17,99,28,58,86,185
10/09/2004,SJT,TX,ASW,CE,Federal Contract Tower,0,12,12,0,24,0,0,45,4,49,0,12,57,4,73,30,0,30,103
10/10/2004,SJT,TX,ASW,CE,Federal Contract Tower,0,11,12,2,25,0,0,41,0,41,0,11,53,2,66,18,14,32,98
10/11/2004,SJT,TX,ASW,CE,Federal Contract Tower,2,16,15,23,56,0,0,34,0,34,2,16,49,23,90,28,142,170,260
10/12/2004,SJT,TX,ASW,CE,Federal Contract Tower,0,24,12,43,79,0,1,60,0,61,0,25,72,43,140,42,158,200,340
10/13/2004,SJT,TX,ASW,CE,Federal Contract Tower,0,21,20,25,66,0,3,22,0,25,0,24,42,25,91,8,198,206,297
10/14/2004,SJT,TX,ASW,CE,Federal Contract Tower,0,21,14,11,46,0,1,51,0,52,0,22,65,11,98,34,136,170,268
10/15/2004,SJT,TX,ASW,CE,Federal Contract Tower,0,27,15,25,67,0,1,63,0,64,0,28,78,25,131,12,160,172,303
10/16/2004,SJT,TX,ASW,CE,Federal Contract Tower,0,13,17,16,46,0,0,47,0,47,0,13,64,16,93,34,30,64,157
10/17/2004,SJT,TX,ASW,CE,Federal Contract Tower,0,11,11,9,31,0,1,39,0,40,0,12,50,9,71,20,52,72,143
10/18/2004,SJT,TX,ASW,CE,Federal Contract Tower,0,24,12,32,68,0,1,34,0,35,0,25,46,32,103,42,202,244,347
10/19/2004,SJT,TX,ASW,CE,Federal Contract Tower,0,21,18,24,63,0,2,29,0,31,0,23,47,24,94,4,200,204,298
10/20/2004,SJT,TX,ASW,CE,Federal Contract Tower,0,23,27,21,71,0,2,35,0,37,0,25,62,21,108,30,98,128,236
10/21/2004,SJT,TX,ASW,CE,Federal Contract Tower,0,23,17,10,50,0,1,34,0,35,0,24,51,10,85,26,40,66,151
10/22/2004,SJT,TX,ASW,CE,Federal Contract Tower,0,30,14,8,52,0,0,24,0,24,0,30,38,8,76,38,24,62,138
10/23/2004,SJT,TX,ASW,CE,Federal Contract Tower,0,12,6,10,28,0,2,29,0,31,0,14,35,10,59,22,42,64,123
10/24/2004,SJT,TX,ASW,CE,Federal Contract Tower,0,12,27,14,53,0,1,6,0,7,0,13,33,14,60,42,62,104,164
10/25/2004,SJT,TX,ASW,CE,Federal Contract Tower,0,20,16,4,40,0,0,8,0,8,0,20,24,4,48,26,2,28,76
10/26/2004,SJT,TX,ASW,CE,Federal Contract Tower,0,25,5,5,35,0,0,5,0,5,0,25,10,5,40,4,12,16,56
10/27/2004,SJT,TX,ASW,CE,Federal Contract Tower,0,25,15,9,49,0,0,22,0,22,0,25,37,9,71,6,32,38,109
10/28/2004,SJT,TX,ASW,CE,Federal Contract Tower,0,24,27,23,74,0,0,38,0,38,0,24,65,23,112,14,162,176,288
10/29/2004,SJT,TX,ASW,CE,Federal Contract Tower,0,27,31,11,69,0,2,39,0,41,0,29,70,11,110,20,82,102,212
10/30/2004,SJT,TX,ASW,CE,Federal Contract Tower,1,13,12,9,35,0,0,21,0,21,1,13,33,9,56,44,8,52,108
10/31/2004,SJT,TX,ASW,CE,Federal Contract Tower,2,11,25,2,40,0,0,7,0,7,2,11,32,2,47,0,0,0,47
11/01/2004,SJT,TX,ASW,CE,Federal Contract Tower,2,14,25,13,54,0,6,16,0,22,2,20,41,13,76,28,144,172,248
11/02/2004,SJT,TX,ASW,CE,Federal Contract Tower,2,23,17,9,51,0,0,5,0,5,2,23,22,9,56,12,60,72,128
11/03/2004,SJT,TX,ASW,CE,Federal Contract Tower,0,25,30,2,57,0,0,26,0,26,0,25,56,2,83,32,48,80,163
11/04/2004,SJT,TX,ASW,CE,Federal Contract Tower,5,23,10,11,49,0,0,65,0,65,5,23,75,11,114,34,148,182,296
11/05/2004,SJT,TX,ASW,CE,Federal Contract Tower,2,26,19,33,80,0,0,64,0,64,2,26,83,33,144,54,144,198,342
11/06/2004,SJT,TX,ASW,CE,Federal Contract Tower,0,12,15,21,48,0,0,38,5,43,0,12,53,26,91,32,102,134,225
11/07/2004,SJT,TX,ASW,CE,Federal Contract Tower,2,11,10,28,51,0,0,61,11,72,2,11,71,39,123,26,118,144,267
11/08/2004,SJT,TX,ASW,CE,Federal Contract Tower,0,18,15,55,88,0,0,36,0,36,0,18,51,55,124,52,222,274,398
11/09/2004,SJT,TX,ASW,CE,Federal Contract Tower,0,22,14,40,76,0,0,41,0,41,0,22,55,40,117,12,218,230,347
11/10/2004,SJT,TX,ASW,CE,Federal Contract Tower,2,21,14,22,59,0,0,45,0,45,2,21,59,22,104,40,174,214,318
11/11/2004,SJT,TX,ASW,CE,Federal Contract Tower,2,24,29,3,58,0,5,31,0,36,2,29,60,3,94,48,42,90,184
11/12/2004,SJT,TX,ASW,CE,Federal Contract Tower,3,22,32,12,69,0,1,11,0,12,3,23,43,12,81,34,188,222,303
11/13/2004,SJT,TX,ASW,CE,Federal Contract Tower,2,14,4,0,20,0,0,0,0,0,2,14,4,0,20,0,0,0,20
11/14/2004,SJT,TX,ASW,CE,Federal Contract Tower,1,13,16,0,30,0,0,0,0,0,1,13,16,0,30,0,0,0,30
11/15/2004,SJT,TX,ASW,CE,Federal Contract Tower,2,16,8,0,26,0,0,0,0,0,2,16,8,0,26,0,0,0,26
11/16/2004,SJT,TX,ASW,CE,Federal Contract Tower,3,24,9,0,36,0,0,0,0,0,3,24,9,0,36,4,0,4,40
11/17/2004,SJT,TX,ASW,CE,Federal Contract Tower,2,22,19,16,59,0,0,19,0,19,2,22,38,16,78,18,92,110,188
11/18/2004,SJT,TX,ASW,CE,Federal Contract Tower,2,27,13,21,63,0,6,29,0,35,2,33,42,21,98,4,222,226,324
11/19/2004,SJT,TX,ASW,CE,Federal Contract Tower,3,24,26,13,66,0,0,65,0,65,3,24,91,13,131,78,92,170,301
11/20/2004,SJT,TX,ASW,CE,Federal Contract Tower,1,15,11,0,27,0,0,4,0,4,1,15,15,0,31,4,4,8,39
11/21/2004,SJT,TX,ASW,CE,Federal Contract Tower,0,22,21,7,50,0,0,0,0,0,0,22,21,7,50,24,16,40,90
11/22/2004,SJT,TX,ASW,CE,Federal Contract Tower,0,17,9,2,28,0,0,0,0,0,0,17,9,2,28,0,0,0,28
11/23/2004,SJT,TX,ASW,CE,Federal Contract Tower,1,18,15,14,48,0,0,11,0,11,1,18,26,14,59,10,56,66,125
11/24/2004,SJT,TX,ASW,CE,Federal Contract Tower,2,24,21,3,50,0,0,49,0,49,2,24,70,3,99,28,40,68,167
11/25/2004,SJT,TX,ASW,CE,Federal Contract Tower,1,10,7,0,18,0,0,24,0,24,1,10,31,0,42,2,0,2,44
11/26/2004,SJT,TX,ASW,CE,Federal Contract Tower,2,21,7,0,30,0,1,41,0,42,2,22,48,0,72,20,0,20,92
11/27/2004,SJT,TX,ASW,CE,Federal Contract Tower,1,13,16,1,31,0,3,47,0,50,1,16,63,1,81,32,0,32,113
11/28/2004,SJT,TX,ASW,CE,Federal Contract Tower,3,11,10,0,24,0,0,37,0,37,3,11,47,0,61,20,0,20,81
11/29/2004,SJT,TX,ASW,CE,Federal Contract Tower,3,16,28,20,67,0,0,7,0,7,3,16,35,20,74,14,174,188,262
11/30/2004,SJT,TX,ASW,CE,Federal Contract Tower,3,22,9,13,47,0,0,29,0,29,3,22,38,13,76,6,122,128,204
12/01/2004,SJT,TX,ASW,CE,Federal Contract Tower,3,24,15,8,50,0,1,34,0,35,3,25,49,8,85,18,128,146,231
12/02/2004,SJT,TX,ASW,CE,Federal Contract Tower,3,24,11,16,54,0,1,58,0,59,3,25,69,16,113,48,80,128,241
12/03/2004,SJT,TX,ASW,CE,Federal Contract Tower,2,25,16,44,87,0,3,72,0,75,2,28,88,44,162,60,216,276,438
12/04/2004,SJT,TX,ASW,CE,Federal Contract Tower,0,14,8,11,33,0,1,42,5,48,0,15,50,16,81,74,30,104,185
12/05/2004,SJT,TX,ASW,CE,Federal Contract Tower,1,11,21,4,37,0,0,28,0,28,1,11,49,4,65,72,12,84,149
12/06/2004,SJT,TX,ASW,CE,Federal Contract Tower,2,16,15,9,42,0,0,21,0,21,2,16,36,9,63,58,16,74,137
12/07/2004,SJT,TX,ASW,CE,Federal Contract Tower,3,21,26,12,62,0,0,35,0,35,3,21,61,12,97,60,58,118,215
12/08/2004,SJT,TX,ASW,CE,Federal Contract Tower,2,21,15,1,39,0,0,26,0,26,2,21,41,1,65,12,16,28,93
12/09/2004,SJT,TX,ASW,CE,Federal Contract Tower,3,21,15,7,46,0,0,36,0,36,3,21,51,7,82,20,26,46,128
12/10/2004,SJT,TX,ASW,CE,Federal Contract Tower,2,25,17,13,57,0,0,60,0,60,2,25,77,13,117,18,28,46,163
12/11/2004,SJT,TX,ASW,CE,Federal Contract Tower,0,12,4,5,21,0,3,53,0,56,0,15,57,5,77,66,8,74,151
12/12/2004,SJT,TX,ASW,CE,Federal Contract Tower,2,11,10,12,35,0,1,55,0,56,2,12,65,12,91,42,26,68,159
12/13/2004,SJT,TX,ASW,CE,Federal Contract Tower,0,21,14,13,48,0,0,34,0,34,0,21,48,13,82,4,28,32,114
12/14/2004,SJT,TX,ASW,CE,Federal Contract Tower,3,21,17,8,49,0,0,57,0,57,3,21,74,8,106,18,26,44,150
12/15/2004,SJT,TX,ASW,CE,Federal Contract Tower,3,21,8,0,32,0,0,56,0,56,3,21,64,0,88,26,24,50,138
12/16/2004,SJT,TX,ASW,CE,Federal Contract Tower,3,25,22,24,74,0,0,81,0,81,3,25,103,24,155,22,92,114,269
12/17/2004,SJT,TX,ASW,CE,Federal Contract Tower,3,24,17,15,59,0,1,66,0,67,3,25,83,15,126,92,46,138,264
12/18/2004,SJT,TX,ASW,CE,Federal Contract Tower,1,13,13,27,54,0,3,56,1,60,1,16,69,28,114,26,54,80,194
12/19/2004,SJT,TX,ASW,CE,Federal Contract Tower,3,12,11,26,52,0,4,75,15,94,3,16,86,41,146,42,132,174,320
12/20/2004,SJT,TX,ASW,CE,Federal Contract Tower,3,18,7,18,46,0,0,35,0,35,3,18,42,18,81,8,50,58,139
12/21/2004,SJT,TX,ASW,CE,Federal Contract Tower,3,30,13,17,63,0,0,69,0,69,3,30,82,17,132,40,70,110,242
12/22/2004,SJT,TX,ASW,CE,Federal Contract Tower,1,21,0,0,22,0,0,5,0,5,1,21,5,0,27,6,0,6,33
12/23/2004,SJT,TX,ASW,CE,Federal Contract Tower,5,22,45,1,73,0,0,0,1,1,5,22,45,2,74,20,0,20,94
12/24/2004,SJT,TX,ASW,CE,Federal Contract Tower,3,21,3,0,27,0,0,17,0,17,3,21,20,0,44,0,0,0,44
12/25/2004,SJT,TX,ASW,CE,Federal Contract Tower,1,8,2,0,11,0,0,35,0,35,1,8,37,0,46,14,0,14,60
12/26/2004,SJT,TX,ASW,CE,Federal Contract Tower,5,11,6,0,22,0,0,35,0,35,5,11,41,0,57,14,0,14,71
12/27/2004,SJT,TX,ASW,CE,Federal Contract Tower,2,24,1,0,27,0,1,39,0,40,2,25,40,0,67,4,0,4,71
12/28/2004,SJT,TX,ASW,CE,Federal Contract Tower,3,22,11,2,38,0,0,27,1,28,3,22,38,3,66,12,6,18,84
12/29/2004,SJT,TX,ASW,CE,Federal Contract Tower,2,24,10,0,36,0,0,29,0,29,2,24,39,0,65,8,0,8,73
12/30/2004,SJT,TX,ASW,CE,Federal Contract Tower,4,22,10,0,36,0,0,33,0,33,4,22,43,0,69,22,0,22,91
12/31/2004,SJT,TX,ASW,CE,Federal Contract Tower,5,18,18,0,41,0,0,30,0,30,5,18,48,0,71,10,0,10,81
01/01/2005,SJT,TX,ASW,CE,Federal Contract Tower,0,7,4,0,11,0,0,7,0,7,0,7,11,0,18,2,0,2,20
01/02/2005,SJT,TX,ASW,CE,Federal Contract Tower,3,11,16,0,30,0,0,16,0,16,3,11,32,0,46,4,0,4,50
01/03/2005,SJT,TX,ASW,CE,Federal Contract Tower,4,18,17,4,43,0,0,10,2,12,4,18,27,6,55,14,4,18,73
01/04/2005,SJT,TX,ASW,CE,Federal Contract Tower,4,31,23,13,71,0,0,26,0,26,4,31,49,13,97,44,28,72,169
01/05/2005,SJT,TX,ASW,CE,Federal Contract Tower,2,22,15,2,41,0,0,5,0,5,2,22,20,2,46,14,10,24,70
01/06/2005,SJT,TX,ASW,CE,Federal Contract Tower,3,24,21,3,51,0,0,21,0,21,3,24,42,3,72,42,12,54,126
01/07/2005,SJT,TX,ASW,CE,Federal Contract Tower,3,25,16,40,84,0,0,32,0,32,3,25,48,40,116,22,142,164,280
01/08/2005,SJT,TX,ASW,CE,Federal Contract Tower,1,13,10,20,44,0,1,41,7,49,1,14,51,27,93,36,68,104,197
01/09/2005,SJT,TX,ASW,CE,Federal Contract Tower,2,14,7,19,42,0,0,25,6,31,2,14,32,25,73,24,32,56,129
01/10/2005,SJT,TX,ASW,CE,Federal Contract Tower,3,24,13,26,66,0,1,30,0,31,3,25,43,26,97,32,76,108,205
01/11/2005,SJT,TX,ASW,CE,Federal Contract Tower,0,27,13,10,50,0,0,30,0,30,0,27,43,10,80,20,26,46,126
01/12/2005,SJT,TX,ASW,CE,Federal Contract Tower,2,25,26,2,55,0,0,22,5,27,2,25,48,7,82,12,6,18,100
01/13/2005,SJT,TX,ASW,CE,Federal Contract Tower,2,22,20,7,51,0,0,46,0,46,2,22,66,7,97,24,24,48,145
01/14/2005,SJT,TX,ASW,CE,Federal Contract Tower,3,27,10,19,59,0,0,51,0,51,3,27,61,19,110,34,88,122,232
01/15/2005,SJT,TX,ASW,CE,Federal Contract Tower,1,15,4,3,23,0,1,57,2,60,1,16,61,5,83,8,8,16,99
01/16/2005,SJT,TX,ASW,CE,Federal Contract Tower,0,11,11,3,25,0,0,19,0,19,0,11,30,3,44,6,8,14,58
01/17/2005,SJT,TX,ASW,CE,Federal Contract Tower,2,19,14,19,54,0,0,45,0,45,2,19,59,19,99,42,80,122,221
01/18/2005,SJT,TX,ASW,CE,Federal Contract Tower,3,21,23,18,65,0,1,36,0,37,3,22,59,18,102,72,26,98,200
01/19/2005,SJT,TX,ASW,CE,Federal Contract Tower,3,20,13,5,41,0,0,33,0,33,3,20,46,5,74,80,44,124,198
01/20/2005,SJT,TX,ASW,CE,Federal Contract Tower,2,22,16,11,51,0,2,51,0,53,2,24,67,11,104,44,30,74,178
01/21/2005,SJT,TX,ASW,CE,Federal Contract Tower,3,24,14,14,55,0,0,53,0,53,3,24,67,14,108,44,20,64,172
01/22/2005,SJT,TX,ASW,CE,Federal Contract Tower,0,17,8,0,25,0,0,24,0,24,0,17,32,0,49,56,0,56,105
01/23/2005,SJT,TX,ASW,CE,Federal Contract Tower,2,11,6,10,29,0,0,35,0,35,2,11,41,10,64,46,20,66,130
01/24/2005,SJT,TX,ASW,CE,Federal Contract Tower,2,19,13,14,48,0,3,86,0,89,2,22,99,14,137,28,40,68,205
01/25/2005,SJT,TX,ASW,CE,Federal Contract Tower,2,22,11,6,41,0,0,20,0,20,2,22,31,6,61,0,8,8,69
01/26/2005,SJT,TX,ASW,CE,Federal Contract Tower,2,22,11,9,44,0,0,52,0,52,2,22,63,9,96,80,16,96,192
01/27/2005,SJT,TX,ASW,CE,Federal Contract Tower,0,13,17,2,32,0,0,0,0,0,0,13,17,2,32,12,12,24,56
01/28/2005,SJT,TX,ASW,CE,Federal Contract Tower,4,25,16,20,65,0,0,25,0,25,4,25,41,20,90,48,36,84,174
01/29/2005,SJT,TX,ASW,CE,Federal Contract Tower,0,14,25,0,39,0,0,5,0,5,0,14,30,0,44,106,0,106,150
01/30/2005,SJT,TX,ASW,CE,Federal Contract Tower,2,12,10,3,27,0,0,0,0,0,2,12,10,3,27,0,0,0,27
01/31/2005,SJT,TX,ASW,CE,Federal Contract Tower,9,11,10,9,39,0,0,5,2,7,9,11,15,11,46,6,20,26,72
02/01/2005,SJT,TX,ASW,CE,Federal Contract Tower,9,16,6,0,31,0,0,0,0,0,9,16,6,0,31,12,0,12,43
02/02/2005,SJT,TX,ASW,CE,Federal Contract Tower,7,18,27,5,57,0,0,26,0,26,7,18,53,5,83,12,28,40,123
02/03/2005,SJT,TX,ASW,CE,Federal Contract Tower,8,15,18,13,54,0,1,46,0,47,8,16,64,13,101,46,56,102,203
02/04/2005,SJT,TX,ASW,CE,Federal Contract Tower,9,17,21,8,55,0,2,45,3,50,9,19,66,11,105,52,16,68,173
02/05/2005,SJT,TX,ASW,CE,Federal Contract Tower,3,13,7,2,25,0,0,28,0,28,3,13,35,2,53,24,8,32,85
02/06/2005,SJT,TX,ASW,CE,Federal Contract Tower,2,9,5,1,17,0,0,15,0,15,2,9,20,1,32,20,0,20,52
02/07/2005,SJT,TX,ASW,CE,Federal Contract Tower,7,15,11,9,42,0,1,38,0,39,7,16,49,9,81,40,22,62,143
02/08/2005,SJT,TX,ASW,CE,Federal Contract Tower,11,26,7,2,46,0,0,12,0,12,11,26,19,2,58,36,8,44,102
02/09/2005,SJT,TX,ASW,CE,Federal Contract Tower,6,18,24,3,51,0,0,10,0,10,6,18,34,3,61,10,10,20,81
02/10/2005,SJT,TX,ASW,CE,Federal Contract Tower,5,15,19,5,44,0,1,52,0,53,5,16,71,5,97,40,4,44,141
02/11/2005,SJT,TX,ASW,CE,Federal Contract Tower,9,17,22,0,48,0,2,14,0,16,9,19,36,0,64,22,4,26,90
02/12/2005,SJT,TX,ASW,CE,Federal Contract Tower,6,13,5,2,26,0,0,0,0,0,6,13,5,2,26,10,0,10,36
02/13/2005,SJT,TX,ASW,CE,Federal Contract Tower,7,4,7,6,24,0,3,24,0,27,7,7,31,6,51,6,0,6,57
02/14/2005,SJT,TX,ASW,CE,Federal Contract Tower,9,11,15,14,49,0,4,52,0,56,9,15,67,14,105,44,74,118,223
02/15/2005,SJT,TX,ASW,CE,Federal Contract Tower,3,22,12,18,55,0,2,75,0,77,3,24,87,18,132,34,60,94,226
02/16/2005,SJT,TX,ASW,CE,Federal Contract Tower,3,18,22,29,72,0,2,28,0,30,3,20,50,29,102,32,174,206,308
02/17/2005,SJT,TX,ASW,CE,Federal Contract Tower,8,15,23,14,60,0,0,35,0,35,8,15,58,14,95,44,126,170,265
02/18/2005,SJT,TX,ASW,CE,Federal Contract Tower,7,23,27,12,69,0,0,11,0,11,7,23,38,12,80,42,16,58,138
02/19/2005,SJT,TX,ASW,CE,Federal Contract Tower,6,8,11,0,25,0,0,22,0,22,6,8,33,0,47,18,0,18,65
02/20/2005,SJT,TX,ASW,CE,Federal Contract Tower,2,9,5,7,23,0,0,39,0,39,2,9,44,7,62,4,18,22,84
02/21/2005,SJT,TX,ASW,CE,Federal Contract Tower,5,15,15,0,35,0,2,38,0,40,5,17,53,0,75,48,6,54,129
02/22/2005,SJT,TX,ASW,CE,Federal Contract Tower,5,14,19,7,45,0,3,23,0,26,5,17,42,7,71,58,60,118,189
02/23/2005,SJT,TX,ASW,CE,Federal Contract Tower,4,16,15,4,39,0,0,2,0,2,4,16,17,4,41,44,10,54,95
02/24/2005,SJT,TX,ASW,CE,Federal Contract Tower,6,18,21,6,51,0,0,9,0,9,6,18,30,6,60,36,34,70,130
02/25/2005,SJT,TX,ASW,CE,Federal Contract Tower,7,17,23,7,54,0,0,9,0,9,7,17,32,7,63,0,46,46,109
02/26/2005,SJT,TX,ASW,CE,Federal Contract Tower,4,8,8,0,20,0,0,0,0,0,4,8,8,0,20,2,0,2,22
02/27/2005,SJT,TX,ASW,CE,Federal Contract Tower,3,10,8,5,26,0,0,29,2,31,3,10,37,7,57,30,24,54,111
02/28/2005,SJT,TX,ASW,CE,Federal Contract Tower,3,17,8,12,40,0,2,54,0,56,3,19,62,12,96,64,92,156,252
03/01/2005,SJT,TX,ASW,CE,Federal Contract Tower,6,15,12,19,52,0,0,57,0,57,6,15,69,19,109,42,146,188,297
03/02/2005,SJT,TX,ASW,CE,Federal Contract Tower,5,23,26,13,67,0,1,32,0,33,5,24,58,13,100,16,68,84,184
03/03/2005,SJT,TX,ASW,CE,Federal Contract Tower,2,24,22,16,64,0,2,27,0,29,2,26,49,16,93,12,68,80,173
03/04/2005,SJT,TX,ASW,CE,Federal Contract Tower,6,18,25,7,56,0,1,27,0,28,6,19,52,7,84,28,92,120,204
03/05/2005,SJT,TX,ASW,CE,Federal Contract Tower,5,9,5,0,19,0,1,0,1,2,5,10,5,1,21,6,0,6,27
03/06/2005,SJT,TX,ASW,CE,Federal Contract Tower,8,5,6,8,27,0,0,2,3,5,8,5,8,11,32,24,16,40,72
03/07/2005,SJT,TX,ASW,CE,Federal Contract Tower,6,17,19,47,89,0,2,34,0,36,6,19,53,47,125,56,422,478,603
03/08/2005,SJT,TX,ASW,CE,Federal Contract Tower,6,16,13,10,45,0,2,61,0,63,6,18,74,10,108,32,56,88,196
03/09/2005,SJT,TX,ASW,CE,Federal Contract Tower,6,14,12,19,51,0,2,56,0,58,6,16,68,19,109,40,140,180,289
03/10/2005,SJT,TX,ASW,CE,Federal Contract Tower,9,16,7,14,46,0,2,62,0,64,9,18,69,14,110,24,56,80,190
03/11/2005,SJT,TX,ASW,CE,Federal Contract Tower,4,20,8,13,45,0,2,69,0,71,4,22,77,13,116,58,100,158,274
03/12/2005,SJT,TX,ASW,CE,Federal Contract Tower,4,12,3,2,21,0,1,32,0,33,4,13,35,2,54,14,12,26,80
03/13/2005,SJT,TX,ASW,CE,Federal Contract Tower,2,12,2,1,17,0,0,35,0,35,2,12,37,1,52,26,30,56,108
03/14/2005,SJT,TX,ASW,CE,Federal Contract Tower,7,11,5,13,36,0,3,47,0,50,7,14,52,13,86,82,138,220,306
03/15/2005,SJT,TX,ASW,CE,Federal Contract Tower,2,21,22,11,56,0,0,1,0,1,2,21,23,11,57,24,230,254,311
03/16/2005,SJT,TX,ASW,CE,Federal Contract Tower,6,21,33,14,74,0,4,14,0,18,6,25,47,14,92,40,138,178,270
03/17/2005,SJT,TX,ASW,CE,Federal Contract Tower,5,20,17,25,67,0,4,53,16,73,5,24,70,41,140,58,126,184,324
03/18/2005,SJT,TX,ASW,CE,Federal Contract Tower,10,16,19,32,77,0,3,50,0,53,10,19,69,32,130,46,214,260,390
03/19/2005,SJT,TX,ASW,CE,Federal Contract Tower,7,12,7,6,32,0,0,49,2,51,7,12,56,8,83,84,16,100,183
03/20/2005,SJT,TX,ASW,CE,Federal Contract Tower,4,7,7,11,29,0,0,50,0,50,4,7,57,11,79,26,24,50,129
03/21/2005,SJT,TX,ASW,CE,Federal Contract Tower,3,18,17,6,44,0,0,20,0,20,3,18,37,6,64,6,28,34,98
03/22/2005,SJT,TX,ASW,CE,Federal Contract Tower,6,18,9,21,54,0,3,30,0,33,6,21,39,21,87,34,228,262,349
03/23/2005,SJT,TX,ASW,CE,Federal Contract Tower,7,16,16,10,49,0,2,51,0,53,7,18,67,10,102,50,114,164,266
03/24/2005,SJT,TX,ASW,CE,Federal Contract Tower,5,15,16,9,45,0,2,43,0,45,5,17,59,9,90,16,112,128,218
03/25/2005,SJT,TX,ASW,CE,Federal Contract Tower,5,18,23,12,58,0,2,41,0,43,5,20,64,12,101,44,178,222,323
03/26/2005,SJT,TX,ASW,CE,Federal Contract Tower,6,14,8,0,28,0,0,0,0,0,6,14,8,0,28,18,0,18,46
03/27/2005,SJT,TX,ASW,CE,Federal Contract Tower,8,2,5,7,22,0,0,30,0,30,8,2,35,7,52,38,12,50,102
03/28/2005,SJT,TX,ASW,CE,Federal Contract Tower,1,20,11,7,39,0,1,31,0,32,1,21,42,7,71,0,98,98,169
03/29/2005,SJT,TX,ASW,CE,Federal Contract Tower,4,15,18,38,75,0,0,39,0,39,4,15,57,38,114,24,252,276,390
03/30/2005,SJT,TX,ASW,CE,Federal Contract Tower,5,17,13,6,41,0,3,42,0,45,5,20,55,6,86,42,82,124,210
03/31/2005,SJT,TX,ASW,CE,Federal Contract Tower,7,14,19,23,63,0,2,53,0,55,7,16,72,23,118,14,152,166,284
04/01/2005,SJT,TX,ASW,CE,Federal Contract Tower,9,19,14,30,72,0,2,39,0,41,9,21,53,30,113,12,228,240,353
04/02/2005,SJT,TX,ASW,CE,Federal Contract Tower,4,15,7,1,27,0,0,56,0,56,4,15,63,1,83,30,8,38,121
04/03/2005,SJT,TX,ASW,CE,Federal Contract Tower,8,6,8,5,27,0,0,41,0,41,8,6,49,5,68,28,48,76,144
04/04/2005,SJT,TX,ASW,CE,Federal Contract Tower,8,9,14,21,52,0,2,32,0,34,8,11,46,21,86,40,156,196,282
04/05/2005,SJT,TX,ASW,CE,Federal Contract Tower,5,17,19,3,44,0,0,24,0,24,5,17,43,3,68,20,104,124,192
04/06/2005,SJT,TX,ASW,CE,Federal Contract Tower,9,14,8,10,41,0,0,30,0,30,9,14,38,10,71,6,114,120,191
04/07/2005,SJT,TX,ASW,CE,Federal Contract Tower,8,13,18,31,70,0,4,49,0,53,8,17,67,31,123,24,244,268,391
04/08/2005,SJT,TX,ASW,CE,Federal Contract Tower,6,18,15,14,53,0,0,47,0,47,6,18,62,14,100,20,170,190,290
04/09/2005,SJT,TX,ASW,CE,Federal Contract Tower,10,10,4,0,24,0,0,42,0,42,10,10,46,0,66,34,18,52,118
04/10/2005,SJT,TX,ASW,CE,Federal Contract Tower,8,6,11,10,35,0,0,37,0,37,8,6,48,10,72,62,68,130,202
04/11/2005,SJT,TX,ASW,CE,Federal Contract Tower,8,12,9,22,51,0,1,45,0,46,8,13,54,22,97,38,162,200,297
04/12/2005,SJT,TX,ASW,CE,Federal Contract Tower,9,14,18,24,65,0,2,46,1,49,9,16,64,25,114,16,132,148,262
04/13/2005,SJT,TX,ASW,CE,Federal Contract Tower,9,17,22,3,51,0,2,49,0,51,9,19,71,3,102,36,128,164,266
04/14/2005,SJT,TX,ASW,CE,Federal Contract Tower,9,11,10,2,32,0,2,70,0,72,9,13,80,2,104,42,102,144,248
04/15/2005,SJT,TX,ASW,CE,Federal Contract Tower,9,11,13,4,37,0,2,32,0,34,9,13,45,4,71,8,0,8,79
04/16/2005,SJT,TX,ASW,CE,Federal Contract Tower,8,9,10,1,28,0,0,37,0,37,8,9,47,1,65,26,2,28,93
04/17/2005,SJT,TX,ASW,CE,Federal Contract Tower,8,11,21,4,44,0,0,9,0,9,8,11,30,4,53,2,2,4,57
04/18/2005,SJT,TX,ASW,CE,Federal Contract Tower,8,11,20,18,57,0,1,18,0,19,8,12,38,18,76,12,252,264,340
04/19/2005,SJT,TX,ASW,CE,Federal Contract Tower,9,9,7,21,46,0,0,42,0,42,9,9,49,21,88,58,140,198,286
04/20/2005,SJT,TX,ASW,CE,Federal Contract Tower,6,16,10,12,44,0,1,39,0,40,6,17,49,12,84,18,116,134,218
04/21/2005,SJT,TX,ASW,CE,Federal Contract Tower,9,14,9,13,45,0,2,48,0,50,9,16,57,13,95,34,200,234,329
04/22/2005,SJT,TX,ASW,CE,Federal Contract Tower,8,14,9,13,44,0,3,43,0,46,8,17,52,13,90,22,80,102,192
04/23/2005,SJT,TX,ASW,CE,Federal Contract Tower,8,10,9,0,27,0,0,61,0,61,8,10,70,0,88,34,0,34,122
04/24/2005,SJT,TX,ASW,CE,Federal Contract Tower,8,3,10,12,33,0,0,8,0,8,8,3,18,12,41,0,38,38,79
04/25/2005,SJT,TX,ASW,CE,Federal Contract Tower,7,9,15,23,54,0,2,15,0,17,7,11,30,23,71,22,208,230,301
04/26/2005,SJT,TX,ASW,CE,Federal Contract Tower,9,14,12,25,60,0,0,60,0,60,9,14,72,25,120,46,208,254,374
04/27/2005,SJT,TX,ASW,CE,Federal Contract Tower,8,14,22,16,60,0,1,49,0,50,8,15,71,16,110,32,80,112,222
04/28/2005,SJT,TX,ASW,CE,Federal Contract Tower,8,11,12,22,53,0,1,62,0,63,8,12,74,22,116,48,236,284,400
04/29/2005,SJT,TX,ASW,CE,Federal Contract Tower,6,13,29,21,69,0,0,31,0,31,6,13,60,21,100,10,234,244,344
04/30/2005,SJT,TX,ASW,CE,Federal Contract Tower,9,9,14,4,36,0,0,37,0,37,9,9,51,4,73,12,52,64,137
05/01/2005,SJT,TX,ASW,CE,Federal Contract Tower,6,5,16,5,32,0,0,24,0,24,6,5,40,5,56,2,12,14,70
05/02/2005,SJT,TX,ASW,CE,Federal Contract Tower,8,11,5,20,44,0,1,18,0,19,8,12,23,20,63,6,100,106,169
05/03/2005,SJT,TX,ASW,CE,Federal Contract Tower,8,15,13,5,41,0,0,6,0,6,8,15,19,5,47,2,70,72,119
05/04/2005,SJT,TX,ASW,CE,Federal Contract Tower,7,15,19,23,64,0,0,5,0,5,7,15,24,23,69,0,128,128,197
05/05/2005,SJT,TX,ASW,CE,Federal Contract Tower,10,15,22,5,52,0,0,19,0,19,10,15,41,5,71,26,52,78,149
05/06/2005,SJT,TX,ASW,CE,Federal Contract Tower,8,14,17,20,59,0,2,60,0,62,8,16,77,20,121,40,234,274,395
05/07/2005,SJT,TX,ASW,CE,Federal Contract Tower,9,9,7,5,30,0,0,17,0,17,9,9,24,5,47,10,52,62,109
05/08/2005,SJT,TX,ASW,CE,Federal Contract Tower,11,4,7,7,29,0,0,30,0,30,11,4,37,7,59,18,20,38,97
05/09/2005,SJT,TX,ASW,CE,Federal Contract Tower,2,14,18,35,69,0,0,29,0,29,2,14,47,35,98,40,236,276,374
05/10/2005,SJT,TX,ASW,CE,Federal Contract Tower,8,13,16,50,87,0,1,10,0,11,8,14,26,50,98,8,218,226,324
05/11/2005,SJT,TX,ASW,CE,Federal Contract Tower,8,14,30,28,80,0,0,18,0,18,8,14,48,28,98,64,150,214,312
05/12/2005,SJT,TX,ASW,CE,Federal Contract Tower,8,17,18,31,74,0,1,29,0,30,8,18,47,31,104,42,182,224,328
05/13/2005,SJT,TX,ASW,CE,Federal Contract Tower,7,16,19,19,61,0,0,42,0,42,7,16,61,19,103,2,132,134,237
05/14/2005,SJT,TX,ASW,CE,Federal Contract Tower,9,10,8,2,29,0,0,34,0,34,9,10,42,2,63,4,0,4,67
05/15/2005,SJT,TX,ASW,CE,Federal Contract Tower,8,6,14,1,29,0,0,13,0,13,8,6,27,1,42,18,0,18,60
05/16/2005,SJT,TX,ASW,CE,Federal Contract Tower,4,16,14,17,51,0,2,33,0,35,4,18,47,17,86,76,170,246,332
05/17/2005,SJT,TX,ASW,CE,Federal Contract Tower,6,12,24,18,60,0,2,50,0,52,6,14,74,18,112,40,134,174,286
05/18/2005,SJT,TX,ASW,CE,Federal Contract Tower,6,12,22,20,60,0,2,43,0,45,6,14,65,20,105,46,104,150,255
05/19/2005,SJT,TX,ASW,CE,Federal Contract Tower,8,13,23,13,57,0,2,41,0,43,8,15,64,13,100,40,160,200,300
05/20/2005,SJT,TX,ASW,CE,Federal Contract Tower,8,14,10,14,46,0,2,58,0,60,8,16,68,14,106,42,146,188,294
05/21/2005,SJT,TX,ASW,CE,Federal Contract Tower,8,9,7,0,24,0,0,46,1,47,8,9,53,1,71,28,8,36,107
05/22/2005,SJT,TX,ASW,CE,Federal Contract Tower,8,3,3,4,18,0,0,37,0,37,8,3,40,4,55,18,28,46,101
05/23/2005,SJT,TX,ASW,CE,Federal Contract Tower,8,10,24,15,57,0,1,44,0,45,8,11,68,15,102,38,130,168,270
05/24/2005,SJT,TX,ASW,CE,Federal Contract Tower,9,12,12,24,57,0,4,57,0,61,9,16,69,24,118,44,134,178,296
05/25/2005,SJT,TX,ASW,CE,Federal Contract Tower,7,12,29,6,54,0,2,54,0,56,7,14,83,6,110,30,70,100,210
05/26/2005,SJT,TX,ASW,CE,Federal Contract Tower,9,17,32,1,59,0,0,10,0,10,9,17,42,1,69,58,8,66,135
05/27/2005,SJT,TX,ASW,CE,Federal Contract Tower,8,17,19,2,46,0,3,12,7,22,8,20,31,9,68,2,0,2,70
05/28/2005,SJT,TX,ASW,CE,Federal Contract Tower,9,8,12,0,29,0,0,9,0,9,9,8,21,0,38,18,0,18,56
05/29/2005,SJT,TX,ASW,CE,Federal Contract Tower,8,3,19,0,30,0,0,10,0,10,8,3,29,0,40,0,0,0,40
05/30/2005,SJT,TX,ASW,CE,Federal Contract Tower,12,6,14,4,36,0,3,11,0,14,12,9,25,4,50,54,18,72,122
05/31/2005,SJT,TX,ASW,CE,Federal Contract Tower,8,10,34,16,68,0,1,25,0,26,8,11,59,16,94,10,66,76,170
06/01/2005,SJT,TX,ASW,CE,Federal Contract Tower,9,12,19,17,57,0,2,53,0,55,9,14,72,17,112,52,118,170,282
06/02/2005,SJT,TX,ASW,CE,Federal Contract Tower,8,16,15,16,55,0,1,61,0,62,8,17,76,16,117,42,136,178,295
06/03/2005,SJT,TX,ASW,CE,Federal Contract Tower,8,15,14,3,40,0,0,33,0,33,8,15,47,3,73,68,26,94,167
06/04/2005,SJT,TX,ASW,CE,Federal Contract Tower,8,8,7,6,29,1,0,29,0,30,9,8,36,6,59,46,64,110,169
06/05/2005,SJT,TX,ASW,CE,Federal Contract Tower,9,4,12,4,29,0,0,35,0,35,9,4,47,4,64,24,10,34,98
06/06/2005,SJT,TX,ASW,CE,Federal Contract Tower,6,10,12,22,50,0,3,41,0,44,6,13,53,22,94,38,132,170,264
06/07/2005,SJT,TX,ASW,CE,Federal Contract Tower,6,15,13,14,48,0,4,33,14,51,6,19,46,28,99,46,110,156,255
06/08/2005,SJT,TX,ASW,CE,Federal Contract Tower,9,18,22,10,59,0,3,51,0,54,9,21,73,10,113,70,106,176,289
06/09/2005,SJT,TX,ASW,CE,Federal Contract Tower,9,15,24,34,82,0,2,42,0,44,9,17,66,34,126,66,94,160,286
06/10/2005,SJT,TX,ASW,CE,Federal Contract Tower,8,15,22,8,53,0,0,19,0,19,8,15,41,8,72,26,90,116,188
06/11/2005,SJT,TX,ASW,CE,Federal Contract Tower,8,8,12,8,36,0,0,18,0,18,8,8,30,8,54,44,38,82,136
06/12/2005,SJT,TX,ASW,CE,Federal Contract Tower,8,4,24,8,44,0,1,9,0,10,8,5,33,8,54,0,44,44,98
06/13/2005,SJT,TX,ASW,CE,Federal Contract Tower,9,10,15,28,62,0,1,53,0,54,9,11,68,28,116,72,128,200,316
06/14/2005,SJT,TX,ASW,CE,Federal Contract Tower,8,20,16,20,64,0,1,29,0,30,8,21,45,20,94,50,180,230,324
06/15/2005,SJT,TX,ASW,CE,Federal Contract Tower,8,15,13,26,62,0,0,65,0,65,8,15,78,26,127,48,106,154,281
06/16/2005,SJT,TX,ASW,CE,Federal Contract Tower,10,20,15,21,66,0,0,54,0,54,10,20,69,21,120,46,182,228,348
06/17/2005,SJT,TX,ASW,CE,Federal Contract Tower,9,17,15,15,56,0,0,40,0,40,9,17,55,15,96,32,208,240,336
06/18/2005,SJT,TX,ASW,CE,Federal Contract Tower,9,8,5,0,22,0,0,41,0,41,9,8,46,0,63,26,0,26,89
06/19/2005,SJT,TX,ASW,CE,Federal Contract Tower,8,5,6,4,23,0,0,23,0,23,8,5,29,4,46,0,12,12,58
06/20/2005,SJT,TX,ASW,CE,Federal Contract Tower,8,13,4,23,48,0,2,43,0,45,8,15,47,23,93,60,112,172,265
06/21/2005,SJT,TX,ASW,CE,Federal Contract Tower,8,15,11,31,65,0,1,46,0,47,8,16,57,31,112,50,170,220,332
06/22/2005,SJT,TX,ASW,CE,Federal Contract Tower,11,11,14,10,46,0,3,43,0,46,11,14,57,10,92,2,96,98,190
06/23/2005,SJT,TX,ASW,CE,Federal Contract Tower,7,13,21,14,55,0,2,46,0,48,7,15,67,14,103,26,76,102,205
06/24/2005,SJT,TX,ASW,CE,Federal Contract Tower,8,13,14,10,45,0,3,44,0,47,8,16,58,10,92,52,84,136,228
06/25/2005,SJT,TX,ASW,CE,Federal Contract Tower,11,10,8,5,34,0,0,31,0,31,11,10,39,5,65,34,36,70,135
06/26/2005,SJT,TX,ASW,CE,Federal Contract Tower,9,5,10,11,35,0,2,39,0,41,9,7,49,11,76,22,76,98,174
06/27/2005,SJT,TX,ASW,CE,Federal Contract Tower,7,13,14,14,48,0,1,52,0,53,7,14,66,14,101,46,56,102,203
06/28/2005,SJT,TX,ASW,CE,Federal Contract Tower,6,14,17,24,61,0,0,26,0,26,6,14,43,24,87,38,96,134,221
06/29/2005,SJT,TX,ASW,CE,Federal Contract Tower,6,13,20,10,49,0,2,40,0,42,6,15,60,10,91,44,58,102,193
06/30/2005,SJT,TX,ASW,CE,Federal Contract Tower,8,17,17,19,61,0,2,53,0,55,8,19,70,19,116,32,176,208,324
07/01/2005,SJT,TX,ASW,CE,Federal Contract Tower,9,18,15,0,42,0,0,64,2,66,9,18,79,2,108,58,0,58,166
07/02/2005,SJT,TX,ASW,CE,Federal Contract Tower,2,14,3,0,19,0,0,51,2,53,2,14,54,2,72,44,0,44,116
07/03/2005,SJT,TX,ASW,CE,Federal Contract Tower,3,9,1,0,13,0,0,25,1,26,3,9,26,1,39,8,0,8,47
07/04/2005,SJT,TX,ASW,CE,Federal Contract Tower,4,5,0,1,10,0,0,33,0,33,4,5,33,1,43,6,0,6,49
07/05/2005,SJT,TX,ASW,CE,Federal Contract Tower,3,12,18,17,50,0,1,59,0,60,3,13,77,17,110,58,100,158,268
07/06/2005,SJT,TX,ASW,CE,Federal Contract Tower,9,12,18,17,56,0,2,46,0,48,9,14,64,17,104,48,96,144,248
07/07/2005,SJT,TX,ASW,CE,Federal Contract Tower,3,13,17,38,71,0,2,54,3,59,3,15,71,41,130,92,160,252,382
07/08/2005,SJT,TX,ASW,CE,Federal Contract Tower,5,17,17,24,63,0,2,35,0,37,5,19,52,24,100,18,126,144,244
07/09/2005,SJT,TX,ASW,CE,Federal Contract Tower,5,12,16,2,35,0,0,32,0,32,5,12,48,2,67,34,8,42,109
07/10/2005,SJT,TX,ASW,CE,Federal Contract Tower,7,5,4,8,24,0,1,37,0,38,7,6,41,8,62,10,72,82,144
07/11/2005,SJT,TX,ASW,CE,Federal Contract Tower,8,11,23,48,90,0,1,49,6,56,8,12,72,54,146,42,212,254,400
07/12/2005,SJT,TX,ASW,CE,Federal Contract Tower,7,18,15,29,69,0,0,45,0,45,7,18,60,29,114,46,90,136,250
07/13/2005,SJT,TX,ASW,CE,Federal Contract Tower,6,18,18,26,68,0,4,52,0,56,6,22,70,26,124,62,114,176,300
07/14/2005,SJT,TX,ASW,CE,Federal Contract Tower,2,21,18,21,62,0,0,51,0,51,2,21,69,21,113,60,104,164,277
07/15/2005,SJT,TX,ASW,CE,Federal Contract Tower,4,19,14,15,52,0,2,37,0,39,4,21,51,15,91,54,130,184,275
07/16/2005,SJT,TX,ASW,CE,Federal Contract Tower,4,12,14,6,36,0,0,22,0,22,4,12,36,6,58,48,34,82,140
07/17/2005,SJT,TX,ASW,CE,Federal Contract Tower,4,5,10,5,24,0,0,26,0,26,4,5,36,5,50,2,24,26,76
07/18/2005,SJT,TX,ASW,CE,Federal Contract Tower,4,12,14,6,36,0,0,22,0,22,4,12,36,6,58,48,34,82,140
07/19/2005,SJT,TX,ASW,CE,Federal Contract Tower,6,16,12,38,72,0,0,54,0,54,6,16,66,38,126,96,206,302,428
07/20/2005,SJT,TX,ASW,CE,Federal Contract Tower,4,20,15,10,49,0,0,31,0,31,4,20,46,10,80,30,174,204,284
07/21/2005,SJT,TX,ASW,CE,Federal Contract Tower,4,17,13,28,62,0,1,40,0,41,4,18,53,28,103,28,390,418,521
07/22/2005,SJT,TX,ASW,CE,Federal Contract Tower,4,19,11,14,48,0,1,51,0,52,4,20,62,14,100,12,130,142,242
07/23/2005,SJT,TX,ASW,CE,Federal Contract Tower,4,13,6,4,27,0,0,38,0,38,4,13,44,4,65,36,24,60,125
07/24/2005,SJT,TX,ASW,CE,Federal Contract Tower,5,6,7,2,20,0,1,33,0,34,5,7,40,2,54,10,18,28,82
07/25/2005,SJT,TX,ASW,CE,Federal Contract Tower,8,14,8,18,48,0,2,38,0,40,8,16,46,18,88,46,130,176,264
07/26/2005,SJT,TX,ASW,CE,Federal Contract Tower,4,20,21,24,69,0,0,45,0,45,4,20,66,24,114,62,148,210,324
07/27/2005,SJT,TX,ASW,CE,Federal Contract Tower,5,25,16,2,48,0,0,6,0,6,5,25,22,2,54,2,8,10,64
07/28/2005,SJT,TX,ASW,CE,Federal Contract Tower,6,17,19,1,43,0,0,27,0,27,6,17,46,1,70,42,32,74,144
07/29/2005,SJT,TX,ASW,CE,Federal Contract Tower,4,19,24,4,51,0,1,15,0,16,4,20,39,4,67,60,90,150,217
07/30/2005,SJT,TX,ASW,CE,Federal Contract Tower,4,9,13,2,28,0,3,36,2,41,4,12,49,4,69,20,0,20,89
07/31/2005,SJT,TX,ASW,CE,Federal Contract Tower,7,4,10,7,28,0,0,40,0,40,7,4,50,7,68,6,16,22,90
08/01/2005,SJT,TX,ASW,CE,Federal Contract Tower,7,15,12,36,70,0,5,45,0,50,7,20,57,36,120,40,446,486,606
08/02/2005,SJT,TX,ASW,CE,Federal Contract Tower,5,19,19,30,73,0,3,65,0,68,5,22,84,30,141,56,284,340,481
08/03/2005,SJT,TX,ASW,CE,Federal Contract Tower,8,13,12,17,50,0,2,71,0,73,8,15,83,17,123,44,106,150,273
08/04/2005,SJT,TX,ASW,CE,Federal Contract Tower,7,16,18,21,62,0,3,51,0,54,7,19,69,21,116,20,176,196,312
08/05/2005,SJT,TX,ASW,CE,Federal Contract Tower,3,19,21,14,57,0,4,39,0,43,3,23,60,14,100,20,112,132,232
08/06/2005,SJT,TX,ASW,CE,Federal Contract Tower,4,14,12,10,40,0,0,33,6,39,4,14,45,16,79,38,14,52,131
08/07/2005,SJT,TX,ASW,CE,Federal Contract Tower,4,8,14,6,32,0,0,21,0,21,4,8,35,6,53,0,20,20,73
08/08/2005,SJT,TX,ASW,CE,Federal Contract Tower,5,12,17,6,40,0,0,22,0,22,5,12,39,6,62,22,100,122,184
08/09/2005,SJT,TX,ASW,CE,Federal Contract Tower,5,17,23,4,49,0,0,14,0,14,5,17,37,4,63,50,18,68,131
08/10/2005,SJT,TX,ASW,CE,Federal Contract Tower,6,22,30,18,76,0,0,21,0,21,6,22,51,18,97,10,90,100,197
08/11/2005,SJT,TX,ASW,CE,Federal Contract Tower,4,16,14,8,42,0,0,58,0,58,4,16,72,8,100,12,146,158,258
08/12/2005,SJT,TX,ASW,CE,Federal Contract Tower,4,14,33,24,75,0,0,39,0,39,4,14,72,24,114,32,140,172,286
08/13/2005,SJT,TX,ASW,CE,Federal Contract Tower,5,11,11,0,27,0,0,14,0,14,5,11,25,0,41,2,0,2,43
08/14/2005,SJT,TX,ASW,CE,Federal Contract Tower,5,7,22,8,42,0,0,8,0,8,5,7,30,8,50,0,86,86,136
08/15/2005,SJT,TX,ASW,CE,Federal Contract Tower,4,13,23,4,44,0,1,17,0,18,4,14,40,4,62,12,24,36,98
08/16/2005,SJT,TX,ASW,CE,Federal Contract Tower,6,18,19,32,75,0,1,40,0,41,6,19,59,32,116,12,316,328,444
08/17/2005,SJT,TX,ASW,CE,Federal Contract Tower,5,16,13,12,46,0,2,50,0,52,5,18,63,12,98,24,136,160,258
08/18/2005,SJT,TX,ASW,CE,Federal Contract Tower,4,14,18,11,47,0,4,54,0,58,4,18,72,11,105,14,160,174,279
08/19/2005,SJT,TX,ASW,CE,Federal Contract Tower,5,16,18,5,44,0,3,50,0,53,5,19,68,5,97,26,152,178,275
08/20/2005,SJT,TX,ASW,CE,Federal Contract Tower,4,13,11,2,30,0,0,40,0,40,4,13,51,2,70,42,12,54,124
08/21/2005,SJT,TX,ASW,CE,Federal Contract Tower,6,5,5,25,41,0,0,31,0,31,6,5,36,25,72,0,132,132,204
08/22/2005,SJT,TX,ASW,CE,Federal Contract Tower,5,12,13,23,53,0,4,42,0,46,5,16,55,23,99,8,204,212,311
08/23/2005,SJT,TX,ASW,CE,Federal Contract Tower,7,17,6,17,47,0,0,54,0,54,7,17,60,17,101,10,202,212,313
08/24/2005,SJT,TX,ASW,CE,Federal Contract Tower,5,18,20,15,58,0,0,53,0,53,5,18,73,15,111,20,144,164,275
08/25/2005,SJT,TX,ASW,CE,Federal Contract Tower,6,16,13,17,52,0,2,30,0,32,6,18,43,17,84,12,124,136,220
08/26/2005,SJT,TX,ASW,CE,Federal Contract Tower,3,21,11,10,45,0,2,35,0,37,3,23,46,10,82,32,188,220,302
08/27/2005,SJT,TX,ASW,CE,Federal Contract Tower,4,13,8,8,33,0,0,37,0,37,4,13,45,8,70,50,36,86,156
08/28/2005,SJT,TX,ASW,CE,Federal Contract Tower,4,7,4,14,29,0,0,21,0,21,4,7,25,14,50,2,104,106,156
08/29/2005,SJT,TX,ASW,CE,Federal Contract Tower,4,15,11,16,46,0,4,35,0,39,4,19,46,16,85,24,94,118,203
08/30/2005,SJT,TX,ASW,CE,Federal Contract Tower,8,14,18,40,80,0,3,36,0,39,8,17,54,40,119,12,308,320,439
08/31/2005,SJT,TX,ASW,CE,Federal Contract Tower,5,16,24,11,56,0,2,22,0,24,5,18,46,11,80,16,154,170,250
09/01/2005,SJT,TX,ASW,CE,Federal Contract Tower,6,14,24,19,63,0,4,21,0,25,6,18,45,19,88,22,148,170,258
09/02/2005,SJT,TX,ASW,CE,Federal Contract Tower,5,17,17,28,67,0,2,34,0,36,5,19,51,28,103,10,108,118,221
09/03/2005,SJT,TX,ASW,CE,Federal Contract Tower,5,12,7,1,25,0,0,52,2,54,5,12,59,3,79,62,0,62,141
09/04/2005,SJT,TX,ASW,CE,Federal Contract Tower,4,5,15,0,24,0,0,39,0,39,4,5,54,0,63,10,0,10,73
09/05/2005,SJT,TX,ASW,CE,Federal Contract Tower,6,8,12,10,36,0,0,28,0,28,6,8,40,10,64,58,46,104,168
09/06/2005,SJT,TX,ASW,CE,Federal Contract Tower,7,18,13,25,63,0,2,26,0,28,7,20,39,25,91,8,188,196,287
09/07/2005,SJT,TX,ASW,CE,Federal Contract Tower,3,16,24,39,82,0,0,21,0,21,3,16,45,39,103,12,302,314,417
09/08/2005,SJT,TX,ASW,CE,Federal Contract Tower,9,20,20,25,74,0,0,38,0,38,9,20,58,25,112,12,162,174,286
09/09/2005,SJT,TX,ASW,CE,Federal Contract Tower,10,17,15,12,54,0,0,28,0,28,10,17,43,12,82,26,78,104,186
09/10/2005,SJT,TX,ASW,CE,Federal Contract Tower,10,9,14,2,35,0,1,36,0,37,10,10,50,2,72,12,0,12,84
09/11/2005,SJT,TX,ASW,CE,Federal Contract Tower,4,9,4,2,19,0,0,12,0,12,4,9,16,2,31,8,8,16,47
09/12/2005,SJT,TX,ASW,CE,Federal Contract Tower,5,17,20,11,53,0,4,4,0,8,5,21,24,11,61,18,64,82,143
09/13/2005,SJT,TX,ASW,CE,Federal Contract Tower,4,12,13,2,31,0,4,20,0,24,4,16,33,2,55,2,98,100,155
09/14/2005,SJT,TX,ASW,CE,Federal Contract Tower,4,19,14,6,43,0,3,41,0,44,4,22,55,6,87,36,102,138,225
09/15/2005,SJT,TX,ASW,CE,Federal Contract Tower,2,19,8,8,37,0,4,32,0,36,2,23,40,8,73,32,134,166,239
09/16/2005,SJT,TX,ASW,CE,Federal Contract Tower,7,21,18,20,66,0,4,6,0,10,7,25,24,20,76,16,92,108,184
09/17/2005,SJT,TX,ASW,CE,Federal Contract Tower,5,11,14,3,33,0,1,51,6,58,5,12,65,9,91,38,14,52,143
09/18/2005,SJT,TX,ASW,CE,Federal Contract Tower,7,6,3,24,40,0,1,37,0,38,7,7,40,24,78,18,72,90,168
09/19/2005,SJT,TX,ASW,CE,Federal Contract Tower,9,14,3,26,52,0,4,44,0,48,9,18,47,26,100,48,132,180,280
09/20/2005,SJT,TX,ASW,CE,Federal Contract Tower,8,17,20,7,52,0,0,35,0,35,8,17,55,7,87,12,46,58,145
09/21/2005,SJT,TX,ASW,CE,Federal Contract Tower,3,18,18,16,55,0,6,75,0,81,3,24,93,16,136,26,74,100,236
09/22/2005,SJT,TX,ASW,CE,Federal Contract Tower,4,19,20,17,60,0,0,74,0,74,4,19,94,17,134,26,130,156,290
09/23/2005,SJT,TX,ASW,CE,Federal Contract Tower,5,19,33,1,58,0,0,47,7,54,5,19,80,8,112,48,0,48,160
09/24/2005,SJT,TX,ASW,CE,Federal Contract Tower,7,7,8,0,22,0,2,58,0,60,7,9,66,0,82,24,10,34,116
09/25/2005,SJT,TX,ASW,CE,Federal Contract Tower,4,5,17,6,32,0,0,52,0,52,4,5,69,6,84,16,30,46,130
09/26/2005,SJT,TX,ASW,CE,Federal Contract Tower,4,14,21,13,52,0,2,34,0,36,4,16,55,13,88,6,102,108,196
09/27/2005,SJT,TX,ASW,CE,Federal Contract Tower,4,16,4,15,39,0,7,32,0,39,4,23,36,15,78,16,82,98,176
09/28/2005,SJT,TX,ASW,CE,Federal Contract Tower,6,14,14,6,40,0,1,35,7,43,6,15,49,13,83,22,26,48,131
09/29/2005,SJT,TX,ASW,CE,Federal Contract Tower,7,18,13,0,38,0,2,27,5,34,7,20,40,5,72,6,0,6,78
09/30/2005,SJT,TX,ASW,CE,Federal Contract Tower,6,20,26,0,52,0,0,38,1,39,6,20,64,1,91,20,0,20,111
10/01/2005,SJT,TX,ASW,CE,Federal Contract Tower,9,7,11,0,27,0,0,24,0,24,9,7,35,0,51,6,0,6,57
10/02/2005,SJT,TX,ASW,CE,Federal Contract Tower,4,10,7,0,21,0,0,23,0,23,4,10,30,0,44,2,0,2,46
10/03/2005,SJT,TX,ASW,CE,Federal Contract Tower,2,16,15,26,59,0,0,29,0,29,2,16,44,26,88,8,192,200,288
10/04/2005,SJT,TX,ASW,CE,Federal Contract Tower,4,21,14,14,53,0,0,39,0,39,4,21,53,14,92,20,90,110,202
10/05/2005,SJT,TX,ASW,CE,Federal Contract Tower,4,21,19,20,64,0,0,41,0,41,4,21,60,20,105,56,206,262,367
10/06/2005,SJT,TX,ASW,CE,Federal Contract Tower,2,26,31,3,62,0,20,0,0,20,2,46,31,3,82,10,18,28,110
10/07/2005,SJT,TX,ASW,CE,Federal Contract Tower,5,19,21,10,55,0,3,14,0,17,5,22,35,10,72,8,24,32,104
10/08/2005,SJT,TX,ASW,CE,Federal Contract Tower,5,12,3,0,20,0,0,27,0,27,5,12,30,0,47,4,0,4,51
10/09/2005,SJT,TX,ASW,CE,Federal Contract Tower,9,7,2,6,24,0,0,26,1,27,9,7,28,7,51,20,0,20,71
10/10/2005,SJT,TX,ASW,CE,Federal Contract Tower,7,10,19,2,38,0,0,27,0,27,7,10,46,2,65,60,16,76,141
10/11/2005,SJT,TX,ASW,CE,Federal Contract Tower,5,21,13,8,47,0,2,38,0,40,5,23,51,8,87,42,38,80,167
10/12/2005,SJT,TX,ASW,CE,Federal Contract Tower,7,14,21,7,49,0,2,26,0,28,7,16,47,7,77,8,90,98,175
10/13/2005,SJT,TX,ASW,CE,Federal Contract Tower,4,16,21,0,41,0,0,12,1,13,4,16,33,1,54,0,0,0,54
10/14/2005,SJT,TX,ASW,CE,Federal Contract Tower,5,18,29,16,68,0,4,35,0,39,5,22,64,16,107,26,242,268,375
10/15/2005,SJT,TX,ASW,CE,Federal Contract Tower,6,10,14,0,30,0,0,35,0,35,6,10,49,0,65,36,0,36,101
10/16/2005,SJT,TX,ASW,CE,Federal Contract Tower,7,3,9,11,30,0,1,20,0,21,7,4,29,11,51,6,50,56,107
10/17/2005,SJT,TX,ASW,CE,Federal Contract Tower,5,15,21,8,49,0,1,40,0,41,5,16,61,8,90,62,168,230,320
10/18/2005,SJT,TX,ASW,CE,Federal Contract Tower,6,17,16,9,48,0,2,64,0,66,6,19,80,9,114,44,102,146,260
10/19/2005,SJT,TX,ASW,CE,Federal Contract Tower,7,14,24,9,54,0,2,39,0,41,7,16,63,9,95,28,60,88,183
10/20/2005,SJT,TX,ASW,CE,Federal Contract Tower,2,18,17,9,46,0,0,43,0,43,2,18,60,9,89,52,78,130,219
10/21/2005,SJT,TX,ASW,CE,Federal Contract Tower,5,16,16,14,51,0,1,55,0,56,5,17,71,14,107,22,128,150,257
10/22/2005,SJT,TX,ASW,CE,Federal Contract Tower,5,14,20,10,49,0,0,46,0,46,5,14,66,10,95,30,56,86,181
10/23/2005,SJT,TX,ASW,CE,Federal Contract Tower,5,7,15,12,39,0,0,18,0,18,5,7,33,12,57,8,52,60,117
10/24/2005,SJT,TX,ASW,CE,Federal Contract Tower,4,15,4,17,40,0,0,36,0,36,4,15,40,17,76,16,176,192,268
10/25/2005,SJT,TX,ASW,CE,Federal Contract Tower,5,17,25,14,61,0,2,45,0,47,5,19,70,14,108,34,208,242,350
10/26/2005,SJT,TX,ASW,CE,Federal Contract Tower,6,18,8,15,47,0,2,56,0,58,6,20,64,15,105,24,172,196,301
10/27/2005,SJT,TX,ASW,CE,Federal Contract Tower,3,16,13,4,36,0,2,14,0,16,3,18,27,4,52,2,20,22,74
10/28/2005,SJT,TX,ASW,CE,Federal Contract Tower,7,19,24,4,54,0,0,38,0,38,7,19,62,4,92,18,84,102,194
10/29/2005,SJT,TX,ASW,CE,Federal Contract Tower,7,9,14,2,32,0,0,25,0,25,7,9,39,2,57,12,20,32,89
10/30/2005,SJT,TX,ASW,CE,Federal Contract Tower,6,9,13,11,39,0,0,30,0,30,6,9,43,11,69,0,64,64,133
10/31/2005,SJT,TX,ASW,CE,Federal Contract Tower,7,14,15,9,45,0,0,19,0,19,7,14,34,9,64,0,172,172,236
11/01/2005,SJT,TX,ASW,CE,Federal Contract Tower,4,15,16,10,45,0,0,50,0,50,4,15,66,10,95,76,130,206,301
11/02/2005,SJT,TX,ASW,CE,Federal Contract Tower,6,15,16,16,53,0,0,57,0,57,6,15,73,16,110,54,128,182,292
11/03/2005,SJT,TX,ASW,CE,Federal Contract Tower,8,17,14,19,58,0,2,36,0,38,8,19,50,19,96,24,120,144,240
11/04/2005,SJT,TX,ASW,CE,Federal Contract Tower,8,17,30,11,66,0,0,60,0,60,8,17,90,11,126,30,46,76,202
11/05/2005,SJT,TX,ASW,CE,Federal Contract Tower,7,12,2,2,23,0,0,24,0,24,7,12,26,2,47,26,12,38,85
11/06/2005,SJT,TX,ASW,CE,Federal Contract Tower,5,7,12,11,35,0,0,45,0,45,5,7,57,11,80,62,126,188,268
11/07/2005,SJT,TX,ASW,CE,Federal Contract Tower,5,15,25,12,57,0,1,32,0,33,5,16,57,12,90,18,112,130,220
11/08/2005,SJT,TX,ASW,CE,Federal Contract Tower,4,18,19,18,59,0,0,43,0,43,4,18,62,18,102,18,166,184,286
11/09/2005,SJT,TX,ASW,CE,Federal Contract Tower,6,16,19,14,55,0,0,41,0,41,6,16,60,14,96,14,102,116,212
11/10/2005,SJT,TX,ASW,CE,Federal Contract Tower,4,16,15,14,49,0,2,56,0,58,4,18,71,14,107,80,174,254,361
11/11/2005,SJT,TX,ASW,CE,Federal Contract Tower,7,19,19,0,45,0,0,15,0,15,7,19,34,0,60,38,0,38,98
11/12/2005,SJT,TX,ASW,CE,Federal Contract Tower,6,15,13,7,41,0,0,31,1,32,6,15,44,8,73,48,12,60,133
11/13/2005,SJT,TX,ASW,CE,Federal Contract Tower,2,12,15,2,31,0,0,41,1,42,2,12,56,3,73,54,0,54,127
11/14/2005,SJT,TX,ASW,CE,Federal Contract Tower,7,14,23,0,44,0,1,38,0,39,7,15,61,0,83,90,0,90,173
11/15/2005,SJT,TX,ASW,CE,Federal Contract Tower,4,24,26,33,87,0,0,18,0,18,4,24,44,33,105,22,436,458,563
11/16/2005,SJT,TX,ASW,CE,Federal Contract Tower,8,13,14,11,46,0,3,46,0,49,8,16,60,11,95,46,166,212,307
11/17/2005,SJT,TX,ASW,CE,Federal Contract Tower,6,16,12,5,39,0,3,61,0,64,6,19,73,5,103,42,36,78,181
11/18/2005,SJT,TX,ASW,CE,Federal Contract Tower,9,16,25,12,62,0,1,30,0,31,9,17,55,12,93,30,78,108,201
11/19/2005,SJT,TX,ASW,CE,Federal Contract Tower,7,10,22,4,43,0,0,31,0,31,7,10,53,4,74,56,16,72,146
11/20/2005,SJT,TX,ASW,CE,Federal Contract Tower,4,6,7,2,19,0,8,38,0,46,4,14,45,2,65,20,6,26,91
11/21/2005,SJT,TX,ASW,CE,Federal Contract Tower,6,17,14,16,53,0,2,56,0,58,6,19,70,16,111,108,74,182,293
11/22/2005,SJT,TX,ASW,CE,Federal Contract Tower,5,16,1,12,34,0,0,72,0,72,5,16,73,12,106,58,164,222,328
11/23/2005,SJT,TX,ASW,CE,Federal Contract Tower,7,16,10,8,41,0,0,82,0,82,7,16,92,8,123,28,162,190,313
11/24/2005,SJT,TX,ASW,CE,Federal Contract Tower,3,7,7,0,17,0,0,34,0,34,3,7,41,0,51,62,0,62,113
11/25/2005,SJT,TX,ASW,CE,Federal Contract Tower,5,17,18,0,40,0,0,36,0,36,5,17,54,0,76,80,0,80,156
11/26/2005,SJT,TX,ASW,CE,Federal Contract Tower,8,13,6,0,27,0,0,25,0,25,8,13,31,0,52,20,0,20,72
11/27/2005,SJT,TX,ASW,CE,Federal Contract Tower,4,8,15,0,27,0,0,18,0,18,4,8,33,0,45,0,0,0,45
11/28/2005,SJT,TX,ASW,CE,Federal Contract Tower,5,15,15,25,60,0,0,46,0,46,5,15,61,25,106,22,208,230,336
11/29/2005,SJT,TX,ASW,CE,Federal Contract Tower,5,27,22,17,71,0,0,39,0,39,5,27,61,17,110,110,214,324,434
11/30/2005,SJT,TX,ASW,CE,Federal Contract Tower,7,14,14,13,48,0,0,48,0,48,7,14,62,13,96,18,90,108,204
12/01/2005,SJT,TX,ASW,CE,Federal Contract Tower,6,15,5,13,39,0,0,67,0,67,6,15,72,13,106,98,74,172,278
12/02/2005,SJT,TX,ASW,CE,Federal Contract Tower,8,14,17,25,64,0,0,51,0,51,8,14,68,25,115,32,274,306,421
12/03/2005,SJT,TX,ASW,CE,Federal Contract Tower,8,7,3,11,29,0,0,31,0,31,8,7,34,11,60,30,46,76,136
12/04/2005,SJT,TX,ASW,CE,Federal Contract Tower,4,8,21,9,42,0,0,37,0,37,4,8,58,9,79,68,34,102,181
12/05/2005,SJT,TX,ASW,CE,Federal Contract Tower,6,18,11,25,60,0,0,32,0,32,6,18,43,25,92,30,216,246,338
12/06/2005,SJT,TX,ASW,CE,Federal Contract Tower,4,19,13,11,47,0,0,27,0,27,4,19,40,11,74,24,136,160,234
12/07/2005,SJT,TX,ASW,CE,Federal Contract Tower,2,17,19,18,56,0,0,4,0,4,2,17,23,18,60,12,54,66,126
12/08/2005,SJT,TX,ASW,CE,Federal Contract Tower,5,16,10,13,44,0,0,33,0,33,5,16,43,13,77,12,74,86,163
12/09/2005,SJT,TX,ASW,CE,Federal Contract Tower,8,17,22,5,52,0,0,29,0,29,8,17,51,5,81,24,130,154,235
12/10/2005,SJT,TX,ASW,CE,Federal Contract Tower,4,13,5,3,25,0,0,40,0,40,4,13,45,3,65,54,40,94,159
12/11/2005,SJT,TX,ASW,CE,Federal Contract Tower,6,6,12,6,30,0,0,33,0,33,6,6,45,6,63,58,58,116,179
12/12/2005,SJT,TX,ASW,CE,Federal Contract Tower,5,16,16,31,68,0,0,46,0,46,5,16,62,31,114,46,224,270,384
12/13/2005,SJT,TX,ASW,CE,Federal Contract Tower,6,23,31,33,93,0,0,56,0,56,6,23,87,33,149,46,236,282,431
12/14/2005,SJT,TX,ASW,CE,Federal Contract Tower,5,19,16,25,65,0,2,33,0,35,5,21,49,25,100,26,210,236,336
12/15/2005,SJT,TX,ASW,CE,Federal Contract Tower,5,21,13,23,62,0,0,59,0,59,5,21,72,23,121,48,240,288,409
12/16/2005,SJT,TX,ASW,CE,Federal Contract Tower,6,18,16,2,42,0,1,11,0,12,6,19,27,2,54,6,28,34,88
12/17/2005,SJT,TX,ASW,CE,Federal Contract Tower,9,14,12,0,35,0,0,25,0,25,9,14,37,0,60,54,16,70,130
12/18/2005,SJT,TX,ASW,CE,Federal Contract Tower,4,10,25,2,41,0,1,12,0,13,4,11,37,2,54,26,4,30,84
12/19/2005,SJT,TX,ASW,CE,Federal Contract Tower,5,16,15,8,44,0,0,23,0,23,5,16,38,8,67,42,44,86,153
12/20/2005,SJT,TX,ASW,CE,Federal Contract Tower,5,23,43,11,82,0,1,28,0,29,5,24,71,11,111,18,104,122,233
12/21/2005,SJT,TX,ASW,CE,Federal Contract Tower,5,31,30,9,75,0,1,46,0,47,5,32,76,9,122,30,82,112,234
12/22/2005,SJT,TX,ASW,CE,Federal Contract Tower,5,26,19,4,54,0,2,70,0,72,5,28,89,4,126,16,68,84,210
12/23/2005,SJT,TX,ASW,CE,Federal Contract Tower,6,22,8,0,36,0,0,72,0,72,6,22,80,0,108,32,0,32,140
12/24/2005,SJT,TX,ASW,CE,Federal Contract Tower,4,11,2,0,17,0,0,18,0,18,4,11,20,0,35,16,0,16,51
12/25/2005,SJT,TX,ASW,CE,Federal Contract Tower,3,9,2,0,14,0,0,26,0,26,3,9,28,0,40,2,0,2,42
12/26/2005,SJT,TX,ASW,CE,Federal Contract Tower,5,12,16,0,33,0,0,18,0,18,5,12,34,0,51,32,0,32,83
12/27/2005,SJT,TX,ASW,CE,Federal Contract Tower,5,14,6,3,28,0,0,13,0,13,5,14,19,3,41,6,28,34,75
12/28/2005,SJT,TX,ASW,CE,Federal Contract Tower,5,19,11,2,37,0,0,45,0,45,5,19,56,2,82,60,6,66,148
12/29/2005,SJT,TX,ASW,CE,Federal Contract Tower,4,18,6,3,31,0,2,35,0,37,4,20,41,3,68,46,28,74,142
12/30/2005,SJT,TX,ASW,CE,Federal Contract Tower,8,13,9,0,30,0,0,50,0,50,8,13,59,0,80,36,0,36,116
12/31/2005,SJT,TX,ASW,CE,Federal Contract Tower,9,8,6,0,23,0,0,28,0,28,9,8,34,0,51,52,0,52,103
01/01/2006,SJT,TX,ASW,CE,Federal Contract Tower,4,9,2,0,15,0,0,6,0,6,4,9,8,0,21,2,0,2,23
01/02/2006,SJT,TX,ASW,CE,Federal Contract Tower,5,10,12,0,27,0,0,47,0,47,5,10,59,0,74,50,0,50,124
01/03/2006,SJT,TX,ASW,CE,Federal Contract Tower,7,13,7,6,33,0,0,38,0,38,7,13,45,6,71,10,88,98,169
01/04/2006,SJT,TX,ASW,CE,Federal Contract Tower,5,17,11,15,48,0,0,57,0,57,5,17,68,15,105,46,226,272,377
01/05/2006,SJT,TX,ASW,CE,Federal Contract Tower,5,22,11,11,49,0,0,45,0,45,5,22,56,11,94,22,128,150,244
01/06/2006,SJT,TX,ASW,CE,Federal Contract Tower,4,21,15,19,59,0,0,43,0,43,4,21,58,19,102,76,178,254,356
01/07/2006,SJT,TX,ASW,CE,Federal Contract Tower,5,11,8,4,28,0,0,25,0,25,5,11,33,4,53,12,0,12,65
01/08/2006,SJT,TX,ASW,CE,Federal Contract Tower,4,11,11,14,40,0,0,32,0,32,4,11,43,14,72,34,132,166,238
01/09/2006,SJT,TX,ASW,CE,Federal Contract Tower,4,16,12,23,55,0,1,22,0,23,4,17,34,23,78,24,180,204,282
01/10/2006,SJT,TX,ASW,CE,Federal Contract Tower,7,16,9,39,71,0,0,48,0,48,7,16,57,39,119,28,286,314,433
01/11/2006,SJT,TX,ASW,CE,Federal Contract Tower,7,14,14,31,66,0,0,53,0,53,7,14,67,31,119,30,290,320,439
01/12/2006,SJT,TX,ASW,CE,Federal Contract Tower,7,18,24,29,78,0,0,35,0,35,7,18,59,29,113,52,254,306,419
01/13/2006,SJT,TX,ASW,CE,Federal Contract Tower,11,13,7,26,57,0,2,40,0,42,11,15,47,26,99,48,248,296,395
01/14/2006,SJT,TX,ASW,CE,Federal Contract Tower,7,9,7,2,25,0,0,52,0,52,7,9,59,2,77,50,14,64,141
01/15/2006,SJT,TX,ASW,CE,Federal Contract Tower,4,14,7,3,28,0,0,22,1,23,4,14,29,4,51,26,0,26,77
01/16/2006,SJT,TX,ASW,CE,Federal Contract Tower,4,16,19,4,43,0,3,20,2,25,4,19,39,6,68,30,0,30,98
01/17/2006,SJT,TX,ASW,CE,Federal Contract Tower,5,16,19,15,55,0,2,50,0,52,5,18,69,15,107,48,176,224,331
01/18/2006,SJT,TX,ASW,CE,Federal Contract Tower,4,20,14,12,50,0,0,41,0,41,4,20,55,12,91,28,125,153,244
01/19/2006,SJT,TX,ASW,CE,Federal Contract Tower,5,19,8,18,50,0,0,52,0,52,5,19,60,18,102,124,134,258,360
01/20/2006,SJT,TX,ASW,CE,Federal Contract Tower,4,18,20,8,50,0,0,24,0,24,4,18,44,8,74,176,172,348,422
01/21/2006,SJT,TX,ASW,CE,Federal Contract Tower,5,11,5,15,36,0,0,19,0,19,5,11,24,15,55,16,68,84,139
01/22/2006,SJT,TX,ASW,CE,Federal Contract Tower,4,9,23,2,38,0,0,5,0,5,4,9,28,2,43,4,70,74,117
01/23/2006,SJT,TX,ASW,CE,Federal Contract Tower,4,16,14,22,56,0,2,53,0,55,4,18,67,22,111,88,132,220,331
01/24/2006,SJT,TX,ASW,CE,Federal Contract Tower,5,16,23,23,67,0,0,50,0,50,5,16,73,23,117,42,198,240,357
01/25/2006,SJT,TX,ASW,CE,Federal Contract Tower,5,14,10,19,48,0,0,45,0,45,5,14,55,19,93,34,166,200,293
01/26/2006,SJT,TX,ASW,CE,Federal Contract Tower,7,21,15,10,53,0,4,68,0,72,7,25,83,10,125,44,142,186,311
01/27/2006,SJT,TX,ASW,CE,Federal Contract Tower,8,17,20,4,49,0,1,15,0,16,8,18,35,4,65,20,4,24,89
01/28/2006,SJT,TX,ASW,CE,Federal Contract Tower,8,6,8,5,27,0,0,23,0,23,8,6,31,5,50,8,42,50,100
01/29/2006,SJT,TX,ASW,CE,Federal Contract Tower,3,10,5,6,24,0,2,28,0,30,3,12,33,6,54,38,30,68,122
01/30/2006,SJT,TX,ASW,CE,Federal Contract Tower,4,18,7,15,44,0,0,39,0,39,4,18,46,15,83,60,92,152,235
01/31/2006,SJT,TX,ASW,CE,Federal Contract Tower,4,21,18,15,58,0,1,40,0,41,4,22,58,15,99,28,170,198,297
02/01/2006,SJT,TX,ASW,CE,Federal Contract Tower,4,17,24,7,52,0,0,49,0,49,4,17,73,7,101,60,128,188,289
02/02/2006,SJT,TX,ASW,CE,Federal Contract Tower,5,25,8,14,52,0,1,58,0,59,5,26,66,14,111,42,154,196,307
02/03/2006,SJT,TX,ASW,CE,Federal Contract Tower,4,17,15,12,48,0,0,25,0,25,4,17,40,12,73,12,228,240,313
02/04/2006,SJT,TX,ASW,CE,Federal Contract Tower,4,15,5,0,24,0,0,55,0,55,4,15,60,0,79,108,10,118,197
02/05/2006,SJT,TX,ASW,CE,Federal Contract Tower,2,11,2,11,26,0,2,16,0,18,2,13,18,11,44,6,58,64,108
02/06/2006,SJT,TX,ASW,CE,Federal Contract Tower,5,17,15,32,69,0,2,36,0,38,5,19,51,32,107,34,254,288,395
02/07/2006,SJT,TX,ASW,CE,Federal Contract Tower,3,16,9,27,55,0,0,47,0,47,3,16,56,27,102,50,164,214,316
02/08/2006,SJT,TX,ASW,CE,Federal Contract Tower,7,15,11,6,39,0,0,50,0,50,7,15,61,6,89,84,128,212,301
02/09/2006,SJT,TX,ASW,CE,Federal Contract Tower,4,19,19,9,51,0,0,46,0,46,4,19,65,9,97,34,176,210,307
02/10/2006,SJT,TX,ASW,CE,Federal Contract Tower,9,14,14,14,51,0,1,13,0,14,9,15,27,14,65,4,64,68,133
02/11/2006,SJT,TX,ASW,CE,Federal Contract Tower,8,10,10,2,30,0,0,29,0,29,8,10,39,2,59,68,10,78,137
02/12/2006,SJT,TX,ASW,CE,Federal Contract Tower,4,8,7,7,26,0,1,26,0,27,4,9,33,7,53,28,52,80,133
02/13/2006,SJT,TX,ASW,CE,Federal Contract Tower,5,15,22,26,68,0,0,37,0,37,5,15,59,26,105,48,290,338,443
02/14/2006,SJT,TX,ASW,CE,Federal Contract Tower,4,18,7,13,42,0,0,36,0,36,4,18,43,13,78,32,180,212,290
02/15/2006,SJT,TX,ASW,CE,Federal Contract Tower,4,22,14,9,49,0,0,48,0,48,4,22,62,9,97,78,90,168,265
02/16/2006,SJT,TX,ASW,CE,Federal Contract Tower,5,18,12,8,43,0,2,48,0,50,5,20,60,8,93,208,142,350,443
02/17/2006,SJT,TX,ASW,CE,Federal Contract Tower,8,15,20,6,49,0,0,13,0,13,8,15,33,6,62,52,20,72,134
02/18/2006,SJT,TX,ASW,CE,Federal Contract Tower,5,9,1,0,15,0,0,1,0,1,5,9,2,0,16,0,0,0,16
02/19/2006,SJT,TX,ASW,CE,Federal Contract Tower,3,9,11,5,28,0,0,11,0,11,3,9,22,5,39,170,4,174,213
02/20/2006,SJT,TX,ASW,CE,Federal Contract Tower,5,12,18,27,62,0,1,42,0,43,5,13,60,27,105,120,84,204,309
02/21/2006,SJT,TX,ASW,CE,Federal Contract Tower,4,21,14,23,62,0,0,35,0,35,4,21,49,23,97,38,190,228,325
02/22/2006,SJT,TX,ASW,CE,Federal Contract Tower,4,21,23,17,65,0,0,25,0,25,4,21,48,17,90,34,156,190,280
02/23/2006,SJT,TX,ASW,CE,Federal Contract Tower,7,19,18,8,52,0,0,28,0,28,7,19,46,8,80,58,58,116,196
02/24/2006,SJT,TX,ASW,CE,Federal Contract Tower,7,16,20,6,49,0,0,1,0,1,7,16,21,6,50,8,48,56,106
02/25/2006,SJT,TX,ASW,CE,Federal Contract Tower,8,8,14,8,38,0,0,9,10,19,8,8,23,18,57,8,6,14,71
02/26/2006,SJT,TX,ASW,CE,Federal Contract Tower,6,12,14,21,53,0,1,53,0,54,6,13,67,21,107,36,102,138,245
02/27/2006,SJT,TX,ASW,CE,Federal Contract Tower,4,16,11,29,60,0,2,40,0,42,4,18,51,29,102,28,224,252,354
02/28/2006,SJT,TX,ASW,CE,Federal Contract Tower,4,16,19,17,56,0,2,51,0,53,4,18,70,17,109,74,222,296,405
03/01/2006,SJT,TX,ASW,CE,Federal Contract Tower,4,23,23,10,60,0,0,52,0,52,4,23,75,10,112,20,192,212,324
03/02/2006,SJT,TX,ASW,CE,Federal Contract Tower,2,21,9,15,47,0,0,49,0,49,2,21,58,15,96,20,260,280,376
03/03/2006,SJT,TX,ASW,CE,Federal Contract Tower,2,16,26,14,58,0,0,13,0,13,2,16,39,14,71,30,238,268,339
03/04/2006,SJT,TX,ASW,CE,Federal Contract Tower,2,12,14,2,30,0,0,15,0,15,2,12,29,2,45,10,10,20,65
03/05/2006,SJT,TX,ASW,CE,Federal Contract Tower,3,11,9,5,28,0,0,24,0,24,3,11,33,5,52,40,68,108,160
03/06/2006,SJT,TX,ASW,CE,Federal Contract Tower,3,16,9,20,48,0,0,48,0,48,3,16,57,20,96,38,200,238,334
03/07/2006,SJT,TX,ASW,CE,Federal Contract Tower,2,19,10,22,53,0,1,30,0,31,2,20,40,22,84,10,134,144,228
03/08/2006,SJT,TX,ASW,CE,Federal Contract Tower,2,23,23,16,64,0,0,22,0,22,2,23,45,16,86,8,128,136,222
03/09/2006,SJT,TX,ASW,CE,Federal Contract Tower,2,20,12,5,39,0,3,33,0,36,2,23,45,5,75,0,52,52,127
03/10/2006,SJT,TX,ASW,CE,Federal Contract Tower,3,20,17,7,47,0,1,47,0,48,3,21,64,7,95,16,36,52,147
03/11/2006,SJT,TX,ASW,CE,Federal Contract Tower,4,9,7,1,21,0,0,55,0,55,4,9,62,1,76,100,8,108,184
03/12/2006,SJT,TX,ASW,CE,Federal Contract Tower,2,9,13,1,25,0,0,27,0,27,2,9,40,1,52,10,6,16,68
03/13/2006,SJT,TX,ASW,CE,Federal Contract Tower,3,15,15,16,49,0,0,20,0,20,3,15,35,16,69,20,126,146,215
03/14/2006,SJT,TX,ASW,CE,Federal Contract Tower,3,23,11,21,58,0,0,67,0,67,3,23,78,21,125,38,224,262,387
03/15/2006,SJT,TX,ASW,CE,Federal Contract Tower,4,18,13,10,45,0,2,48,0,50,4,20,61,10,95,34,196,230,325
03/16/2006,SJT,TX,ASW,CE,Federal Contract Tower,2,23,21,21,67,0,0,43,0,43,2,23,64,21,110,24,156,180,290
03/17/2006,SJT,TX,ASW,CE,Federal Contract Tower,2,20,20,10,52,0,0,15,0,15,2,20,35,10,67,4,170,174,241
03/18/2006,SJT,TX,ASW,CE,Federal Contract Tower,0,14,9,0,23,0,0,0,0,0,0,14,9,0,23,8,0,8,31
03/19/2006,SJT,TX,ASW,CE,Federal Contract Tower,3,14,6,3,26,0,0,3,0,3,3,14,9,3,29,0,10,10,39
03/20/2006,SJT,TX,ASW,CE,Federal Contract Tower,3,18,5,20,46,0,0,24,0,24,3,18,29,20,70,6,78,84,154
03/21/2006,SJT,TX,ASW,CE,Federal Contract Tower,2,17,6,37,62,0,3,54,0,57,2,20,60,37,119,56,272,328,447
03/22/2006,SJT,TX,ASW,CE,Federal Contract Tower,3,19,6,12,40,0,0,20,0,20,3,19,26,12,60,26,150,176,236
03/23/2006,SJT,TX,ASW,CE,Federal Contract Tower,6,16,26,33,81,0,0,17,0,17,6,16,43,33,98,40,202,242,340
03/24/2006,SJT,TX,ASW,CE,Federal Contract Tower,5,17,18,18,58,0,3,54,0,57,5,20,72,18,115,56,150,206,321
03/25/2006,SJT,TX,ASW,CE,Federal Contract Tower,5,12,6,4,27,0,0,54,0,54,5,12,60,4,81,82,22,104,185
03/26/2006,SJT,TX,ASW,CE,Federal Contract Tower,2,12,16,12,42,0,0,35,0,35,2,12,51,12,77,72,98,170,247
03/27/2006,SJT,TX,ASW,CE,Federal Contract Tower,3,15,10,29,57,0,2,21,0,23,3,17,31,29,80,14,266,280,360
03/28/2006,SJT,TX,ASW,CE,Federal Contract Tower,4,16,25,4,49,0,0,13,0,13,4,16,38,4,62,68,144,212,274
03/29/2006,SJT,TX,ASW,CE,Federal Contract Tower,2,20,42,22,86,0,0,11,0,11,2,20,53,22,97,74,158,232,329
03/30/2006,SJT,TX,ASW,CE,Federal Contract Tower,2,22,16,11,51,0,0,20,0,20,2,22,36,11,71,48,102,150,221
03/31/2006,SJT,TX,ASW,CE,Federal Contract Tower,4,21,26,10,61,0,0,31,0,31,4,21,57,10,92,18,100,118,210
04/01/2006,SJT,TX,ASW,CE,Federal Contract Tower,3,15,11,3,32,0,0,24,0,24,3,15,35,3,56,46,6,52,108
04/02/2006,SJT,TX,ASW,CE,Federal Contract Tower,2,12,8,10,32,0,0,47,0,47,2,12,55,10,79,60,48,108,187
04/03/2006,SJT,TX,ASW,CE,Federal Contract Tower,2,14,12,39,67,0,0,40,0,40,2,14,52,39,107,88,338,426,533
04/04/2006,SJT,TX,ASW,CE,Federal Contract Tower,3,17,16,21,57,0,1,25,0,26,3,18,41,21,83,36,150,186,269
04/05/2006,SJT,TX,ASW,CE,Federal Contract Tower,4,21,13,18,56,0,0,39,0,39,4,21,52,18,95,14,114,128,223
04/06/2006,SJT,TX,ASW,CE,Federal Contract Tower,5,21,60,6,92,0,2,0,0,2,5,23,60,6,94,4,104,108,202
04/07/2006,SJT,TX,ASW,CE,Federal Contract Tower,6,16,10,9,41,0,4,22,0,26,6,20,32,9,67,2,222,224,291
04/08/2006,SJT,TX,ASW,CE,Federal Contract Tower,4,11,10,4,29,0,0,52,2,54,4,11,62,6,83,50,36,86,169
04/09/2006,SJT,TX,ASW,CE,Federal Contract Tower,4,11,5,11,31,0,1,41,0,42,4,12,46,11,73,18,90,108,181
04/10/2006,SJT,TX,ASW,CE,Federal Contract Tower,3,19,9,30,61,0,2,44,0,46,3,21,53,30,107,52,208,260,367
04/11/2006,SJT,TX,ASW,CE,Federal Contract Tower,4,17,25,13,59,0,1,30,0,31,4,18,55,13,90,88,94,182,272
04/12/2006,SJT,TX,ASW,CE,Federal Contract Tower,2,21,14,13,50,0,0,32,0,32,2,21,46,13,82,42,236,278,360
04/13/2006,SJT,TX,ASW,CE,Federal Contract Tower,4,21,24,15,64,0,0,34,0,34,4,21,58,15,98,12,102,114,212
04/14/2006,SJT,TX,ASW,CE,Federal Contract Tower,4,22,11,9,46,0,0,45,0,45,4,22,56,9,91,58,114,172,263
04/15/2006,SJT,TX,ASW,CE,Federal Contract Tower,2,11,9,0,22,0,2,25,0,27,2,13,34,0,49,20,0,20,69
04/16/2006,SJT,TX,ASW,CE,Federal Contract Tower,2,15,15,0,32,0,0,39,0,39,2,15,54,0,71,8,0,8,79
04/17/2006,SJT,TX,ASW,CE,Federal Contract Tower,2,16,14,30,62,0,0,33,0,33,2,16,47,30,95,18,160,178,273
04/18/2006,SJT,TX,ASW,CE,Federal Contract Tower,2,18,20,25,65,0,0,48,0,48,2,18,68,25,113,42,208,250,363
04/19/2006,SJT,TX,ASW,CE,Federal Contract Tower,4,20,49,10,83,0,1,5,0,6,4,21,54,10,89,20,32,52,141
04/20/2006,SJT,TX,ASW,CE,Federal Contract Tower,4,20,32,5,61,0,0,3,0,3,4,20,35,5,64,6,58,64,128
04/21/2006,SJT,TX,ASW,CE,Federal Contract Tower,3,18,23,9,53,0,0,42,0,42,3,18,65,9,95,88,144,232,327
04/22/2006,SJT,TX,ASW,CE,Federal Contract Tower,5,10,17,0,32,0,0,16,0,16,5,10,33,0,48,64,0,64,112
04/23/2006,SJT,TX,ASW,CE,Federal Contract Tower,2,10,16,1,29,0,2,35,0,37,2,12,51,1,66,52,2,54,120
04/24/2006,SJT,TX,ASW,CE,Federal Contract Tower,5,13,21,18,57,0,2,23,0,25,5,15,44,18,82,36,164,200,282
04/25/2006,SJT,TX,ASW,CE,Federal Contract Tower,2,18,30,16,66,0,0,18,0,18,2,18,48,16,84,54,180,234,318
04/26/2006,SJT,TX,ASW,CE,Federal Contract Tower,2,18,23,8,51,0,0,31,0,31,2,18,54,8,82,26,76,102,184
04/27/2006,SJT,TX,ASW,CE,Federal Contract Tower,2,20,29,8,59,0,0,28,0,28,2,20,57,8,87,26,36,62,149
04/28/2006,SJT,TX,ASW,CE,Federal Contract Tower,2,17,24,7,50,0,0,7,0,7,2,17,31,7,57,8,66,74,131
04/29/2006,SJT,TX,ASW,CE,Federal Contract Tower,2,12,6,10,30,0,0,19,0,19,2,12,25,10,49,4,28,32,81
04/30/2006,SJT,TX,ASW,CE,Federal Contract Tower,4,12,13,13,42,0,0,42,0,42,4,12,55,13,84,10,36,46,130
05/01/2006,SJT,TX,ASW,CE,Federal Contract Tower,2,15,10,22,49,0,0,29,0,29,2,15,39,22,78,36,142,178,256
05/02/2006,SJT,TX,ASW,CE,Federal Contract Tower,2,19,16,27,64,0,0,18,0,18,2,19,34,27,82,8,152,160,242
05/03/2006,SJT,TX,ASW,CE,Federal Contract Tower,3,17,7,15,42,0,0,21,0,21,3,17,28,15,63,0,160,160,223
05/04/2006,SJT,TX,ASW,CE,Federal Contract Tower,3,21,14,4,42,0,0,33,16,49,3,21,47,20,91,38,142,180,271
05/05/2006,SJT,TX,ASW,CE,Federal Contract Tower,5,14,18,6,43,0,0,29,0,29,5,14,47,6,72,46,156,202,274
05/06/2006,SJT,TX,ASW,CE,Federal Contract Tower,7,8,15,4,34,0,0,30,0,30,7,8,45,4,64,38,10,48,112
05/07/2006,SJT,TX,ASW,CE,Federal Contract Tower,2,14,17,4,37,0,0,4,0,4,2,14,21,4,41,26,20,46,87
05/08/2006,SJT,TX,ASW,CE,Federal Contract Tower,2,13,28,18,61,0,1,34,0,35,2,14,62,18,96,54,132,186,282
05/09/2006,SJT,TX,ASW,CE,Federal Contract Tower,2,16,17,17,52,0,0,49,0,49,2,16,66,17,101,16,88,104,205
05/10/2006,SJT,TX,ASW,CE,Federal Contract Tower,2,18,28,10,58,0,0,35,0,35,2,18,63,10,93,46,194,240,333
05/11/2006,SJT,TX,ASW,CE,Federal Contract Tower,2,20,17,10,49,0,2,70,0,72,2,22,87,10,121,88,168,256,377
05/12/2006,SJT,TX,ASW,CE,Federal Contract Tower,2,19,8,13,42,0,0,40,0,40,2,19,48,13,82,8,106,114,196
05/13/2006,SJT,TX,ASW,CE,Federal Contract Tower,2,12,14,4,32,0,0,46,0,46,2,12,60,4,78,36,10,46,124
05/14/2006,SJT,TX,ASW,CE,Federal Contract Tower,2,11,16,3,32,0,0,23,0,23,2,11,39,3,55,18,14,32,87
05/15/2006,SJT,TX,ASW,CE,Federal Contract Tower,2,13,20,19,54,0,0,37,0,37,2,13,57,19,91,66,232,298,389
05/16/2006,SJT,TX,ASW,CE,Federal Contract Tower,2,18,12,30,62,0,1,55,0,56,2,19,67,30,118,104,182,286,404
05/17/2006,SJT,TX,ASW,CE,Federal Contract Tower,5,13,11,12,41,0,1,36,0,37,5,14,47,12,78,38,108,146,224
05/18/2006,SJT,TX,ASW,CE,Federal Contract Tower,2,21,10,33,66,0,1,58,0,59,2,22,68,33,125,78,174,252,377
05/19/2006,SJT,TX,ASW,CE,Federal Contract Tower,6,15,9,15,45,0,3,48,0,51,6,18,57,15,96,26,184,210,306
05/20/2006,SJT,TX,ASW,CE,Federal Contract Tower,3,12,5,0,20,0,0,19,0,19,3,12,24,0,39,8,10,18,57
05/21/2006,SJT,TX,ASW,CE,Federal Contract Tower,2,10,7,34,53,0,2,31,0,33,2,12,38,34,86,6,88,94,180
05/22/2006,SJT,TX,ASW,CE,Federal Contract Tower,2,13,12,7,34,0,0,42,0,42,2,13,54,7,76,22,68,90,166
05/23/2006,SJT,TX,ASW,CE,Federal Contract Tower,4,16,10,13,43,0,1,39,0,40,4,17,49,13,83,22,146,168,251
05/24/2006,SJT,TX,ASW,CE,Federal Contract Tower,0,22,14,12,48,0,2,43,0,45,0,24,57,12,93,30,106,136,229
05/25/2006,SJT,TX,ASW,CE,Federal Contract Tower,2,20,16,17,55,0,0,43,0,43,2,20,59,17,98,18,172,190,288
05/26/2006,SJT,TX,ASW,CE,Federal Contract Tower,2,24,18,5,49,0,0,68,0,68,2,24,86,5,117,44,50,94,211
05/27/2006,SJT,TX,ASW,CE,Federal Contract Tower,3,15,16,0,34,0,0,20,0,20,3,15,36,0,54,30,0,30,84
05/28/2006,SJT,TX,ASW,CE,Federal Contract Tower,2,10,9,0,21,0,0,27,0,27,2,10,36,0,48,16,0,16,64
05/29/2006,SJT,TX,ASW,CE,Federal Contract Tower,2,10,7,3,22,0,0,38,0,38,2,10,45,3,60,44,4,48,108
05/30/2006,SJT,TX,ASW,CE,Federal Contract Tower,3,17,9,22,51,0,3,45,0,48,3,20,54,22,99,54,210,264,363
05/31/2006,SJT,TX,ASW,CE,Federal Contract Tower,1,24,18,18,61,0,0,36,0,36,1,24,54,18,97,68,102,170,267
06/01/2006,SJT,TX,ASW,CE,Federal Contract Tower,3,18,26,27,74,0,0,37,0,37,3,18,63,27,111,46,216,262,373
06/02/2006,SJT,TX,ASW,CE,Federal Contract Tower,4,12,14,31,61,0,4,55,0,59,4,16,69,31,120,54,126,180,300
06/03/2006,SJT,TX,ASW,CE,Federal Contract Tower,3,12,6,0,21,0,0,35,0,35,3,12,41,0,56,68,4,72,128
06/04/2006,SJT,TX,ASW,CE,Federal Contract Tower,4,9,9,1,23,0,0,22,0,22,4,9,31,1,45,12,20,32,77
06/05/2006,SJT,TX,ASW,CE,Federal Contract Tower,2,14,2,8,26,0,0,43,0,43,2,14,45,8,69,42,48,90,159
06/06/2006,SJT,TX,ASW,CE,Federal Contract Tower,3,18,11,6,38,0,5,41,0,46,3,23,52,6,84,62,44,106,190
06/07/2006,SJT,TX,ASW,CE,Federal Contract Tower,0,19,14,0,33,0,4,49,1,54,0,23,63,1,87,76,0,76,163
06/08/2006,SJT,TX,ASW,CE,Federal Contract Tower,2,21,15,2,40,0,3,32,0,35,2,24,47,2,75,86,30,116,191
06/09/2006,SJT,TX,ASW,CE,Federal Contract Tower,2,21,12,1,36,0,0,47,0,47,2,21,59,1,83,46,50,96,179
06/10/2006,SJT,TX,ASW,CE,Federal Contract Tower,3,13,13,2,31,0,0,38,0,38,3,13,51,2,69,80,8,88,157
06/11/2006,SJT,TX,ASW,CE,Federal Contract Tower,3,11,9,1,24,0,0,23,0,23,3,11,32,1,47,14,2,16,63
06/12/2006,SJT,TX,ASW,CE,Federal Contract Tower,5,17,5,6,33,0,0,41,12,53,5,17,46,18,86,28,18,46,132
06/13/2006,SJT,TX,ASW,CE,Federal Contract Tower,3,17,13,10,43,0,6,44,0,50,3,23,57,10,93,42,24,66,159
06/14/2006,SJT,TX,ASW,CE,Federal Contract Tower,4,18,24,5,51,0,2,38,2,42,4,20,62,7,93,50,6,56,149
06/15/2006,SJT,TX,ASW,CE,Federal Contract Tower,4,17,18,4,43,0,2,45,5,52,4,19,63,9,95,12,14,26,121
06/16/2006,SJT,TX,ASW,CE,Federal Contract Tower,6,16,16,11,49,0,6,28,0,34,6,22,44,11,83,22,54,76,159
06/17/2006,SJT,TX,ASW,CE,Federal Contract Tower,6,13,5,4,28,0,0,34,0,34,6,13,39,4,62,40,44,84,146
06/18/2006,SJT,TX,ASW,CE,Federal Contract Tower,4,8,6,6,24,0,0,21,0,21,4,8,27,6,45,24,18,42,87
06/19/2006,SJT,TX,ASW,CE,Federal Contract Tower,1,16,11,9,37,0,1,52,11,64,1,17,63,20,101,86,26,112,213
06/20/2006,SJT,TX,ASW,CE,Federal Contract Tower,7,21,14,1,43,0,2,37,0,39,7,23,51,1,82,56,8,64,146
06/21/2006,SJT,TX,ASW,CE,Federal Contract Tower,2,16,15,4,37,0,3,44,0,47,2,19,59,4,84,52,34,86,170
06/22/2006,SJT,TX,ASW,CE,Federal Contract Tower,2,18,19,12,51,0,2,24,0,26,2,20,43,12,77,30,62,92,169
06/23/2006,SJT,TX,ASW,CE,Federal Contract Tower,4,19,11,0,34,0,0,17,0,17,4,19,28,0,51,18,32,50,101
06/24/2006,SJT,TX,ASW,CE,Federal Contract Tower,2,10,6,0,18,0,0,28,4,32,2,10,34,4,50,72,2,74,124
06/25/2006,SJT,TX,ASW,CE,Federal Contract Tower,2,12,10,5,29,0,0,23,0,23,2,12,33,5,52,14,30,44,96
06/26/2006,SJT,TX,ASW,CE,Federal Contract Tower,2,16,10,15,43,0,4,40,0,44,2,20,50,15,87,32,62,94,181
06/27/2006,SJT,TX,ASW,CE,Federal Contract Tower,2,21,13,10,46,0,2,56,0,58,2,23,69,10,104,26,38,64,168
06/28/2006,SJT,TX,ASW,CE,Federal Contract Tower,4,19,8,13,44,0,4,45,0,49,4,23,53,13,93,40,62,102,195
06/29/2006,SJT,TX,ASW,CE,Federal Contract Tower,2,25,11,6,44,0,1,37,0,38,2,26,48,6,82,46,28,74,156
06/30/2006,SJT,TX,ASW,CE,Federal Contract Tower,3,19,20,2,44,0,4,45,0,49,3,23,65,2,93,56,12,68,161
07/01/2006,SJT,TX,ASW,CE,Federal Contract Tower,3,13,6,0,22,0,0,62,0,62,3,13,68,0,84,74,0,74,158
07/02/2006,SJT,TX,ASW,CE,Federal Contract Tower,2,9,4,0,15,0,0,23,0,23,2,9,27,0,38,12,0,12,50
07/03/2006,SJT,TX,ASW,CE,Federal Contract Tower,5,11,6,0,22,0,3,17,0,20,5,14,23,0,42,46,2,48,90
07/04/2006,SJT,TX,ASW,CE,Federal Contract Tower,2,10,10,2,24,0,1,21,0,22,2,11,31,2,46,10,0,10,56
07/05/2006,SJT,TX,ASW,CE,Federal Contract Tower,4,19,17,11,51,0,2,21,0,23,4,21,38,11,74,42,82,124,198
07/06/2006,SJT,TX,ASW,CE,Federal Contract Tower,2,18,10,13,43,0,2,27,0,29,2,20,37,13,72,6,126,132,204
07/07/2006,SJT,TX,ASW,CE,Federal Contract Tower,2,18,4,23,47,0,6,54,0,60,2,24,58,23,107,48,160,208,315
07/08/2006,SJT,TX,ASW,CE,Federal Contract Tower,5,10,6,0,21,0,0,60,14,74,5,10,66,14,95,78,0,78,173
07/09/2006,SJT,TX,ASW,CE,Federal Contract Tower,2,12,9,9,32,0,0,36,0,36,2,12,45,9,68,12,60,72,140
07/10/2006,SJT,TX,ASW,CE,Federal Contract Tower,4,14,8,26,52,0,8,35,0,43,4,22,43,26,95,78,168,246,341
07/11/2006,SJT,TX,ASW,CE,Federal Contract Tower,7,14,7,21,49,0,7,32,0,39,7,21,39,21,88,36,114,150,238
07/12/2006,SJT,TX,ASW,CE,Federal Contract Tower,2,18,12,17,49,0,6,57,0,63,2,24,69,17,112,28,158,186,298
07/13/2006,SJT,TX,ASW,CE,Federal Contract Tower,6,16,11,12,45,0,5,56,0,61,6,21,67,12,106,94,154,248,354
07/14/2006,SJT,TX,ASW,CE,Federal Contract Tower,2,18,5,5,30,0,5,28,0,33,2,23,33,5,63,32,128,160,223
07/15/2006,SJT,TX,ASW,CE,Federal Contract Tower,3,11,10,1,25,0,0,44,0,44,3,11,54,1,69,120,20,140,209
07/16/2006,SJT,TX,ASW,CE,Federal Contract Tower,2,11,6,8,27,0,0,36,0,36,2,11,42,8,63,26,66,92,155
07/17/2006,SJT,TX,ASW,CE,Federal Contract Tower,2,21,5,22,50,0,0,25,0,25,2,21,30,22,75,92,182,274,349
07/18/2006,SJT,TX,ASW,CE,Federal Contract Tower,4,19,13,26,62,0,9,53,0,62,4,28,66,26,124,86,164,250,374
07/19/2006,SJT,TX,ASW,CE,Federal Contract Tower,2,19,10,18,49,0,4,27,0,31,2,23,37,18,80,12,172,184,264
07/20/2006,SJT,TX,ASW,CE,Federal Contract Tower,2,20,15,3,40,0,8,40,0,48,2,28,55,3,88,70,38,108,196
07/21/2006,SJT,TX,ASW,CE,Federal Contract Tower,2,23,18,15,58,0,0,41,0,41,2,23,59,15,99,76,118,194,293
07/22/2006,SJT,TX,ASW,CE,Federal Contract Tower,4,12,9,0,25,0,0,22,0,22,4,12,31,0,47,54,0,54,101
07/23/2006,SJT,TX,ASW,CE,Federal Contract Tower,4,12,12,12,40,0,0,23,0,23,4,12,35,12,63,30,44,74,137
07/24/2006,SJT,TX,ASW,CE,Federal Contract Tower,2,18,13,30,63,0,1,31,0,32,2,19,44,30,95,84,106,190,285
07/25/2006,SJT,TX,ASW,CE,Federal Contract Tower,3,20,9,41,73,0,5,42,0,47,3,25,51,41,120,50,252,302,422
07/26/2006,SJT,TX,ASW,CE,Federal Contract Tower,3,20,12,22,57,0,4,41,0,45,3,24,53,22,102,24,252,276,378
07/27/2006,SJT,TX,ASW,CE,Federal Contract Tower,2,19,9,25,55,0,3,40,0,43,2,22,49,25,98,26,158,184,282
07/28/2006,SJT,TX,ASW,CE,Federal Contract Tower,3,22,8,19,52,0,6,37,0,43,3,28,45,19,95,46,198,244,339
07/29/2006,SJT,TX,ASW,CE,Federal Contract Tower,4,10,4,5,23,0,0,22,0,22,4,10,26,5,45,48,28,76,121
07/30/2006,SJT,TX,ASW,CE,Federal Contract Tower,2,11,7,8,28,0,0,30,0,30,2,11,37,8,58,10,52,62,120
07/31/2006,SJT,TX,ASW,CE,Federal Contract Tower,5,13,20,10,48,0,3,39,16,58,5,16,59,26,106,46,38,84,190
08/01/2006,SJT,TX,ASW,CE,Federal Contract Tower,1,20,18,2,41,0,1,26,0,27,1,21,44,2,68,8,8,16,84
08/02/2006,SJT,TX,ASW,CE,Federal Contract Tower,2,18,14,6,40,0,3,84,20,107,2,21,98,26,147,36,10,46,193
08/03/2006,SJT,TX,ASW,CE,Federal Contract Tower,2,17,23,7,49,0,3,32,0,35,2,20,55,7,84,42,20,62,146
08/04/2006,SJT,TX,ASW,CE,Federal Contract Tower,5,18,16,1,40,0,0,24,0,24,5,18,40,1,64,54,40,94,158
08/05/2006,SJT,TX,ASW,CE,Federal Contract Tower,0,19,12,0,31,0,0,25,0,25,0,19,37,0,56,78,0,78,134
08/06/2006,SJT,TX,ASW,CE,Federal Contract Tower,4,10,8,1,23,0,0,25,0,25,4,10,33,1,48,4,4,8,56
08/07/2006,SJT,TX,ASW,CE,Federal Contract Tower,2,13,28,6,49,0,7,19,0,26,2,20,47,6,75,32,30,62,137
08/08/2006,SJT,TX,ASW,CE,Federal Contract Tower,0,22,14,4,40,0,3,36,0,39,0,25,50,4,79,20,26,46,125
08/09/2006,SJT,TX,ASW,CE,Federal Contract Tower,7,19,11,5,42,0,2,49,0,51,7,21,60,5,93,40,14,54,147
08/10/2006,SJT,TX,ASW,CE,Federal Contract Tower,0,27,13,3,43,0,3,40,0,43,0,30,53,3,86,52,24,76,162
08/11/2006,SJT,TX,ASW,CE,Federal Contract Tower,2,16,22,1,41,0,3,28,0,31,2,19,50,1,72,30,22,52,124
08/12/2006,SJT,TX,ASW,CE,Federal Contract Tower,0,15,12,6,33,0,0,43,0,43,0,15,55,6,76,58,28,86,162
08/13/2006,SJT,TX,ASW,CE,Federal Contract Tower,2,15,9,10,36,0,2,20,0,22,2,17,29,10,58,36,84,120,178
08/14/2006,SJT,TX,ASW,CE,Federal Contract Tower,3,13,5,5,26,0,2,26,0,28,3,15,31,5,54,52,24,76,130
08/15/2006,SJT,TX,ASW,CE,Federal Contract Tower,2,19,12,0,33,0,2,39,0,41,2,21,51,0,74,94,10,104,178
08/16/2006,SJT,TX,ASW,CE,Federal Contract Tower,0,19,14,3,36,0,4,32,0,36,0,23,46,3,72,60,22,82,154
08/17/2006,SJT,TX,ASW,CE,Federal Contract Tower,0,18,11,2,31,0,3,51,0,54,0,21,62,2,85,22,20,42,127
08/18/2006,SJT,TX,ASW,CE,Federal Contract Tower,1,22,13,2,38,0,0,46,0,46,1,22,59,2,84,58,50,108,192
08/19/2006,SJT,TX,ASW,CE,Federal Contract Tower,0,13,9,0,22,0,0,33,0,33,0,13,42,0,55,48,0,48,103
08/20/2006,SJT,TX,ASW,CE,Federal Contract Tower,0,16,7,3,26,0,0,30,3,33,0,16,37,6,59,58,4,62,121
08/21/2006,SJT,TX,ASW,CE,Federal Contract Tower,2,13,4,7,26,0,4,47,0,51,2,17,51,7,77,34,24,58,135
08/22/2006,SJT,TX,ASW,CE,Federal Contract Tower,2,15,11,3,31,0,2,46,0,48,2,17,57,3,79,60,20,80,159
08/23/2006,SJT,TX,ASW,CE,Federal Contract Tower,0,18,9,3,30,0,5,41,0,46,0,23,50,3,76,0,14,14,90
08/24/2006,SJT,TX,ASW,CE,Federal Contract Tower,0,22,7,5,34,0,2,35,0,37,0,24,42,5,71,24,20,44,115
08/25/2006,SJT,TX,ASW,CE,Federal Contract Tower,0,14,10,2,26,0,5,46,0,51,0,19,56,2,77,42,24,66,143
08/26/2006,SJT,TX,ASW,CE,Federal Contract Tower,1,8,8,0,17,0,0,39,0,39,1,8,47,0,56,32,0,32,88
08/27/2006,SJT,TX,ASW,CE,Federal Contract Tower,0,12,4,1,17,0,0,13,3,16,0,12,17,4,33,32,0,32,65
08/28/2006,SJT,TX,ASW,CE,Federal Contract Tower,0,20,14,0,34,0,0,2,2,4,0,20,16,2,38,6,0,6,44
08/29/2006,SJT,TX,ASW,CE,Federal Contract Tower,0,16,17,7,40,0,4,26,0,30,0,20,43,7,70,32,6,38,108
08/30/2006,SJT,TX,ASW,CE,Federal Contract Tower,0,7,14,2,23,0,12,36,0,48,0,19,50,2,71,38,32,70,141
08/31/2006,SJT,TX,ASW,CE,Federal Contract Tower,0,20,14,4,38,0,4,44,0,48,0,24,58,4,86,40,8,48,134
09/01/2006,SJT,TX,ASW,CE,Federal Contract Tower,0,21,14,3,38,0,4,39,0,43,0,25,53,3,81,48,4,52,133
09/02/2006,SJT,TX,ASW,CE,Federal Contract Tower,0,11,4,2,17,0,3,43,3,49,0,14,47,5,66,51,0,51,117
09/03/2006,SJT,TX,ASW,CE,Federal Contract Tower,0,9,14,0,23,0,6,18,0,24,0,15,32,0,47,2,0,2,49
09/04/2006,SJT,TX,ASW,CE,Federal Contract Tower,0,10,17,0,27,0,0,0,0,0,0,10,17,0,27,12,0,12,39
09/05/2006,SJT,TX,ASW,CE,Federal Contract Tower,3,18,13,2,36,0,3,35,8,46,3,21,48,10,82,26,0,26,108
09/06/2006,SJT,TX,ASW,CE,Federal Contract Tower,0,21,6,9,36,0,3,39,0,42,0,24,45,9,78,22,22,44,122
09/07/2006,SJT,TX,ASW,CE,Federal Contract Tower,0,23,16,5,44,0,3,39,0,42,0,26,55,5,86,30,4,34,120
09/08/2006,SJT,TX,ASW,CE,Federal Contract Tower,2,20,13,6,41,0,5,43,1,49,2,25,56,7,90,50,20,70,160
09/09/2006,SJT,TX,ASW,CE,Federal Contract Tower,0,11,11,0,22,0,5,36,0,41,0,16,47,0,63,40,24,64,127
09/10/2006,SJT,TX,ASW,CE,Federal Contract Tower,0,14,10,3,27,0,4,24,0,28,0,18,34,3,55,42,44,86,141
09/11/2006,SJT,TX,ASW,CE,Federal Contract Tower,0,20,14,0,34,0,2,37,0,39,0,22,51,0,73,28,4,32,105
09/12/2006,SJT,TX,ASW,CE,Federal Contract Tower,0,20,15,8,43,0,4,40,2,46,0,24,55,10,89,18,14,32,121
09/13/2006,SJT,TX,ASW,CE,Federal Contract Tower,0,21,17,2,40,0,3,50,1,54,0,24,67,3,94,54,0,54,148
09/14/2006,SJT,TX,ASW,CE,Federal Contract Tower,0,21,16,0,37,0,5,37,1,43,0,26,53,1,80,30,0,30,110
09/15/2006,SJT,TX,ASW,CE,Federal Contract Tower,0,21,7,8,36,0,5,39,0,44,0,26,46,8,80,32,46,78,158
09/16/2006,SJT,TX,ASW,CE,Federal Contract Tower,0,16,14,0,30,0,1,19,2,22,0,17,33,2,52,22,0,22,74
09/17/2006,SJT,TX,ASW,CE,Federal Contract Tower,0,12,14,2,28,0,0,7,0,7,0,12,21,2,35,0,0,0,35
09/18/2006,SJT,TX,ASW,CE,Federal Contract Tower,0,17,18,39,74,0,1,36,0,37,0,18,54,39,111,64,82,146,257
09/19/2006,SJT,TX,ASW,CE,Federal Contract Tower,0,23,26,6,55,0,4,58,4,66,0,27,84,10,121,82,20,102,223
09/20/2006,SJT,TX,ASW,CE,Federal Contract Tower,0,23,15,15,53,0,3,49,0,52,0,26,64,15,105,24,40,64,169
09/21/2006,SJT,TX,ASW,CE,Federal Contract Tower,3,16,21,12,52,0,5,30,0,35,3,21,51,12,87,2,36,38,125
09/22/2006,SJT,TX,ASW,CE,Federal Contract Tower,0,22,22,4,48,0,5,45,0,50,0,27,67,4,98,40,40,80,178
09/23/2006,SJT,TX,ASW,CE,Federal Contract Tower,12,5,13,1,31,0,3,44,0,47,12,8,57,1,78,32,4,36,114
09/24/2006,SJT,TX,ASW,CE,Federal Contract Tower,0,12,16,0,28,0,0,18,4,22,0,12,34,4,50,34,0,34,84
09/25/2006,SJT,TX,ASW,CE,Federal Contract Tower,0,13,22,5,40,0,7,30,0,37,0,20,52,5,77,66,26,92,169
09/26/2006,SJT,TX,ASW,CE,Federal Contract Tower,0,21,16,2,39,0,4,30,0,34,0,25,46,2,73,14,4,18,91
09/27/2006,SJT,TX,ASW,CE,Federal Contract Tower,3,19,9,1,32,0,4,19,0,23,3,23,28,1,55,10,14,24,79
09/28/2006,SJT,TX,ASW,CE,Federal Contract Tower,0,21,24,0,45,0,4,45,2,51,0,25,69,2,96,68,0,68,164
09/29/2006,SJT,TX,ASW,CE,Federal Contract Tower,1,21,25,0,47,0,6,32,0,38,1,27,57,0,85,110,0,110,195
09/30/2006,SJT,TX,ASW,CE,Federal Contract Tower,0,10,3,0,13,0,3,51,0,54,0,13,54,0,67,72,0,72,139
10/01/2006,SJT,TX,ASW,CE,Federal Contract Tower,0,11,6,0,17,0,0,25,0,25,0,11,31,0,42,2,0,2,44
10/02/2006,SJT,TX,ASW,CE,Federal Contract Tower,3,11,13,7,34,0,6,31,0,37,3,17,44,7,71,12,12,24,95
10/03/2006,SJT,TX,ASW,CE,Federal Contract Tower,1,19,15,14,49,0,6,40,8,54,1,25,55,22,103,58,68,126,229
10/04/2006,SJT,TX,ASW,CE,Federal Contract Tower,0,19,11,12,42,0,9,59,0,68,0,28,70,12,110,46,46,92,202
10/05/2006,SJT,TX,ASW,CE,Federal Contract Tower,2,21,13,6,42,0,2,62,0,64,2,23,75,6,106,48,36,84,190
10/06/2006,SJT,TX,ASW,CE,Federal Contract Tower,0,20,17,13,50,0,5,52,0,57,0,25,69,13,107,36,70,106,213
10/07/2006,SJT,TX,ASW,CE,Federal Contract Tower,0,11,9,0,20,0,3,63,0,66,0,14,72,0,86,96,0,96,182
10/08/2006,SJT,TX,ASW,CE,Federal Contract Tower,0,14,8,0,22,0,0,31,0,31,0,14,39,0,53,70,0,70,123
10/09/2006,SJT,TX,ASW,CE,Federal Contract Tower,0,14,8,0,22,0,0,23,0,23,0,14,31,0,45,76,0,76,121
10/10/2006,SJT,TX,ASW,CE,Federal Contract Tower,0,22,11,8,41,0,0,15,0,15,0,22,26,8,56,2,22,24,80
10/11/2006,SJT,TX,ASW,CE,Federal Contract Tower,0,18,24,8,50,0,8,52,0,60,0,26,76,8,110,56,38,94,204
10/12/2006,SJT,TX,ASW,CE,Federal Contract Tower,2,17,12,5,36,0,4,38,0,42,2,21,50,5,78,40,18,58,136
10/13/2006,SJT,TX,ASW,CE,Federal Contract Tower,0,26,5,11,42,0,2,33,0,35,0,28,38,11,77,72,50,122,199
10/14/2006,SJT,TX,ASW,CE,Federal Contract Tower,0,12,14,4,30,0,3,15,0,18,0,15,29,4,48,60,28,88,136
10/15/2006,SJT,TX,ASW,CE,Federal Contract Tower,0,11,12,0,23,0,0,2,0,2,0,11,14,0,25,0,0,0,25
10/16/2006,SJT,TX,ASW,CE,Federal Contract Tower,2,20,11,8,41,0,5,19,0,24,2,25,30,8,65,40,34,74,139
10/17/2006,SJT,TX,ASW,CE,Federal Contract Tower,0,21,13,18,52,0,10,30,1,41,0,31,43,19,93,28,60,88,181
10/18/2006,SJT,TX,ASW,CE,Federal Contract Tower,0,21,10,13,44,0,2,24,3,29,0,23,34,16,73,2,60,62,135
10/19/2006,SJT,TX,ASW,CE,Federal Contract Tower,0,22,21,5,48,0,2,59,0,61,0,24,80,5,109,76,22,98,207
10/20/2006,SJT,TX,ASW,CE,Federal Contract Tower,0,21,20,3,44,0,6,50,0,56,0,27,70,3,100,80,22,102,202
10/21/2006,SJT,TX,ASW,CE,Federal Contract Tower,0,14,2,3,19,0,0,46,0,46,0,14,48,3,65,138,18,156,221
10/22/2006,SJT,TX,ASW,CE,Federal Contract Tower,2,10,8,14,34,0,2,47,0,49,2,12,55,14,83,64,34,98,181
10/23/2006,SJT,TX,ASW,CE,Federal Contract Tower,0,15,8,11,34,0,3,28,0,31,0,18,36,11,65,38,20,58,123
10/24/2006,SJT,TX,ASW,CE,Federal Contract Tower,2,23,21,2,48,0,2,14,0,16,2,25,35,2,64,20,16,36,100
10/25/2006,SJT,TX,ASW,CE,Federal Contract Tower,0,23,19,2,44,0,1,12,0,13,0,24,31,2,57,58,18,76,133
10/26/2006,SJT,TX,ASW,CE,Federal Contract Tower,0,21,7,0,28,0,1,34,0,35,0,22,41,0,63,38,20,58,121
10/27/2006,SJT,TX,ASW,CE,Federal Contract Tower,0,18,8,6,32,0,5,29,0,34,0,23,37,6,66,54,68,122,188
10/28/2006,SJT,TX,ASW,CE,Federal Contract Tower,0,10,6,1,17,0,3,50,0,53,0,13,56,1,70,103,16,119,189
10/29/2006,SJT,TX,ASW,CE,Federal Contract Tower,2,13,22,3,40,0,3,22,0,25,2,16,44,3,65,24,22,46,111
10/30/2006,SJT,TX,ASW,CE,Federal Contract Tower,0,17,14,5,36,0,4,46,0,50,0,21,60,5,86,76,26,102,188
10/31/2006,SJT,TX,ASW,CE,Federal Contract Tower,0,18,13,10,41,0,5,54,0,59,0,23,67,10,100,56,50,106,206
11/01/2006,SJT,TX,ASW,CE,Federal Contract Tower,0,22,28,32,82,0,0,56,0,56,0,22,84,32,138,50,254,304,442
11/02/2006,SJT,TX,ASW,CE,Federal Contract Tower,2,25,23,29,79,0,3,47,0,50,2,28,70,29,129,84,210,294,423
11/03/2006,SJT,TX,ASW,CE,Federal Contract Tower,0,20,25,17,62,0,2,23,0,25,0,22,48,17,87,28,184,212,299
11/04/2006,SJT,TX,ASW,CE,Federal Contract Tower,0,14,7,2,23,0,3,28,0,31,0,17,35,2,54,58,20,78,132
11/05/2006,SJT,TX,ASW,CE,Federal Contract Tower,0,16,12,4,32,0,0,15,0,15,0,16,27,4,47,38,40,78,125
11/06/2006,SJT,TX,ASW,CE,Federal Contract Tower,0,22,16,14,52,0,2,18,0,20,0,24,34,14,72,20,148,168,240
11/07/2006,SJT,TX,ASW,CE,Federal Contract Tower,1,22,8,10,41,0,4,33,0,37,1,26,41,10,78,42,80,122,200
11/08/2006,SJT,TX,ASW,CE,Federal Contract Tower,0,18,30,9,57,0,6,49,0,55,0,24,79,9,112,58,208,266,378
11/09/2006,SJT,TX,ASW,CE,Federal Contract Tower,0,24,19,4,47,0,4,38,3,45,0,28,57,7,92,48,4,52,144
11/10/2006,SJT,TX,ASW,CE,Federal Contract Tower,4,20,14,0,38,0,10,19,0,29,4,30,33,0,67,48,0,48,115
11/11/2006,SJT,TX,ASW,CE,Federal Contract Tower,0,12,8,1,21,0,2,22,0,24,0,14,30,1,45,42,2,44,89
11/12/2006,SJT,TX,ASW,CE,Federal Contract Tower,2,12,14,1,29,0,3,26,0,29,2,15,40,1,58,16,6,22,80
11/13/2006,SJT,TX,ASW,CE,Federal Contract Tower,1,15,11,29,56,0,4,27,0,31,1,19,38,29,87,54,148,202,289
11/14/2006,SJT,TX,ASW,CE,Federal Contract Tower,0,23,25,27,75,0,5,24,0,29,0,28,49,27,104,14,186,200,304
11/15/2006,SJT,TX,ASW,CE,Federal Contract Tower,2,20,5,27,54,0,4,18,0,22,2,24,23,27,76,0,282,282,358
11/16/2006,SJT,TX,ASW,CE,Federal Contract Tower,4,20,27,31,82,0,3,75,0,78,4,23,102,31,160,56,156,212,372
11/17/2006,SJT,TX,ASW,CE,Federal Contract Tower,5,25,29,13,72,0,6,43,0,49,5,31,72,13,121,76,72,148,269
11/18/2006,SJT,TX,ASW,CE,Federal Contract Tower,0,13,17,0,30,0,5,41,0,46,0,18,58,0,76,34,0,34,110
11/19/2006,SJT,TX,ASW,CE,Federal Contract Tower,2,12,11,25,50,0,0,56,18,74,2,12,67,43,124,72,92,164,288
11/20/2006,SJT,TX,ASW,CE,Federal Contract Tower,5,18,19,30,72,0,3,42,0,45,5,21,61,30,117,62,154,216,333
11/21/2006,SJT,TX,ASW,CE,Federal Contract Tower,2,21,17,17,57,0,3,31,0,34,2,24,48,17,91,54,78,132,223
11/22/2006,SJT,TX,ASW,CE,Federal Contract Tower,2,21,13,7,43,0,4,42,0,46,2,25,55,7,89,20,98,118,207
11/23/2006,SJT,TX,ASW,CE,Federal Contract Tower,0,9,7,0,16,0,0,34,0,34,0,9,41,0,50,24,0,24,74
11/24/2006,SJT,TX,ASW,CE,Federal Contract Tower,2,15,6,0,23,0,3,44,0,47,2,18,50,0,70,10,0,10,80
11/25/2006,SJT,TX,ASW,CE,Federal Contract Tower,0,19,9,0,28,0,1,44,0,45,0,20,53,0,73,38,0,38,111
11/26/2006,SJT,TX,ASW,CE,Federal Contract Tower,2,12,13,0,27,0,0,25,0,25,2,12,38,0,52,34,0,34,86
11/27/2006,SJT,TX,ASW,CE,Federal Contract Tower,2,24,18,41,85,0,2,14,0,16,2,26,32,41,101,2,266,268,369
11/28/2006,SJT,TX,ASW,CE,Federal Contract Tower,4,21,14,37,76,0,3,39,0,42,4,24,53,37,118,34,152,186,304
11/29/2006,SJT,TX,ASW,CE,Federal Contract Tower,7,16,25,32,80,0,4,29,0,33,7,20,54,32,113,4,204,208,321
11/30/2006,SJT,TX,ASW,CE,Federal Contract Tower,2,14,11,14,41,0,0,8,0,8,2,14,19,14,49,0,112,112,161
12/01/2006,SJT,TX,ASW,CE,Federal Contract Tower,0,25,25,8,58,0,2,30,0,32,0,27,55,8,90,88,36,124,214
12/02/2006,SJT,TX,ASW,CE,Federal Contract Tower,0,11,6,10,27,0,4,39,0,43,0,15,45,10,70,56,54,110,180
12/03/2006,SJT,TX,ASW,CE,Federal Contract Tower,2,9,14,1,26,0,5,11,0,16,2,14,25,1,42,22,10,32,74
12/04/2006,SJT,TX,ASW,CE,Federal Contract Tower,1,16,12,31,60,0,2,21,0,23,1,18,33,31,83,20,276,296,379
12/05/2006,SJT,TX,ASW,CE,Federal Contract Tower,1,19,15,8,43,0,7,42,0,49,1,26,57,8,92,14,56,70,162
12/06/2006,SJT,TX,ASW,CE,Federal Contract Tower,2,23,8,13,46,0,1,32,0,33,2,24,40,13,79,40,162,202,281
12/07/2006,SJT,TX,ASW,CE,Federal Contract Tower,2,23,14,26,65,0,0,16,0,16,2,23,30,26,81,44,88,132,213
12/08/2006,SJT,TX,ASW,CE,Federal Contract Tower,4,15,20,12,51,0,6,36,0,42,4,21,56,12,93,22,176,198,291
12/09/2006,SJT,TX,ASW,CE,Federal Contract Tower,1,11,7,0,19,0,4,53,0,57,1,15,60,0,76,64,0,64,140
12/10/2006,SJT,TX,ASW,CE,Federal Contract Tower,0,14,4,20,38,0,0,39,0,39,0,14,43,20,77,60,88,148,225
12/11/2006,SJT,TX,ASW,CE,Federal Contract Tower,2,18,24,18,62,0,1,20,0,21,2,19,44,18,83,8,104,112,195
12/12/2006,SJT,TX,ASW,CE,Federal Contract Tower,0,22,9,41,72,0,1,67,0,68,0,23,76,41,140,76,212,288,428
12/13/2006,SJT,TX,ASW,CE,Federal Contract Tower,4,20,21,4,49,0,1,37,0,38,4,21,58,4,87,28,26,54,141
12/14/2006,SJT,TX,ASW,CE,Federal Contract Tower,5,16,13,30,64,0,2,58,0,60,5,18,71,30,124,28,210,238,362
12/15/2006,SJT,TX,ASW,CE,Federal Contract Tower,2,25,17,12,56,0,2,69,0,71,2,27,86,12,127,44,110,154,281
12/16/2006,SJT,TX,ASW,CE,Federal Contract Tower,6,13,17,0,36,0,0,48,0,48,6,13,65,0,84,94,0,94,178
12/17/2006,SJT,TX,ASW,CE,Federal Contract Tower,2,9,10,2,23,0,5,48,0,53,2,14,58,2,76,66,40,106,182
12/18/2006,SJT,TX,ASW,CE,Federal Contract Tower,2,19,17,23,61,0,0,13,0,13,2,19,30,23,74,2,218,220,294
12/19/2006,SJT,TX,ASW,CE,Federal Contract Tower,5,24,5,0,34,0,0,0,0,0,5,24,5,0,34,0,8,8,42
12/20/2006,SJT,TX,ASW,CE,Federal Contract Tower,4,24,25,16,69,0,2,30,0,32,4,26,55,16,101,8,168,176,277
12/21/2006,SJT,TX,ASW,CE,Federal Contract Tower,0,26,27,28,81,0,5,59,0,64,0,31,86,28,145,16,184,200,345
12/22/2006,SJT,TX,ASW,CE,Federal Contract Tower,2,22,11,0,35,0,5,53,0,58,2,27,64,0,93,22,0,22,115
12/23/2006,SJT,TX,ASW,CE,Federal Contract Tower,4,10,10,0,24,0,1,18,0,19,4,11,28,0,43,14,0,14,57
12/24/2006,SJT,TX,ASW,CE,Federal Contract Tower,4,9,4,0,17,0,0,27,0,27,4,9,31,0,44,50,0,50,94
12/25/2006,SJT,TX,ASW,CE,Federal Contract Tower,1,9,1,0,11,0,0,20,0,20,1,9,21,0,31,0,0,0,31
12/26/2006,SJT,TX,ASW,CE,Federal Contract Tower,2,25,12,3,42,0,1,44,2,47,2,26,56,5,89,14,6,20,109
12/27/2006,SJT,TX,ASW,CE,Federal Contract Tower,4,21,8,2,35,0,0,39,0,39,4,21,47,2,74,10,8,18,92
12/28/2006,SJT,TX,ASW,CE,Federal Contract Tower,2,25,16,1,44,0,1,9,0,10,2,26,25,1,54,20,4,24,78
12/29/2006,SJT,TX,ASW,CE,Federal Contract Tower,0,20,9,0,29,0,0,3,0,3,0,20,12,0,32,0,0,0,32
12/30/2006,SJT,TX,ASW,CE,Federal Contract Tower,0,11,21,0,32,0,3,20,0,23,0,14,41,0,55,42,0,42,97
12/31/2006,SJT,TX,ASW,CE,Federal Contract Tower,0,11,14,0,25,0,0,7,0,7,0,11,21,0,32,24,0,24,56
01/01/2007,SJT,TX,ASW,CE,Federal Contract Tower,1,14,5,0,20,0,0,23,0,23,1,14,28,0,43,14,0,14,57
01/02/2007,SJT,TX,ASW,CE,Federal Contract Tower,0,22,12,0,34,0,0,32,0,32,0,22,44,0,66,52,0,52,118
01/03/2007,SJT,TX,ASW,CE,Federal Contract Tower,1,24,6,0,31,0,1,3,0,4,1,25,9,0,35,2,8,10,45
01/04/2007,SJT,TX,ASW,CE,Federal Contract Tower,0,28,17,6,51,0,1,36,0,37,0,29,53,6,88,30,92,122,210
01/05/2007,SJT,TX,ASW,CE,Federal Contract Tower,2,25,29,17,73,0,0,37,0,37,2,25,66,17,110,46,236,282,392
01/06/2007,SJT,TX,ASW,CE,Federal Contract Tower,2,14,20,1,37,0,0,21,0,21,2,14,41,1,58,42,0,42,100
01/07/2007,SJT,TX,ASW,CE,Federal Contract Tower,3,15,25,0,43,0,0,14,0,14,3,15,39,0,57,12,0,12,69
01/08/2007,SJT,TX,ASW,CE,Federal Contract Tower,0,22,19,30,71,0,1,40,0,41,0,23,59,30,112,16,192,208,320
01/09/2007,SJT,TX,ASW,CE,Federal Contract Tower,1,20,11,24,56,0,4,54,0,58,1,24,65,24,114,64,208,272,386
01/10/2007,SJT,TX,ASW,CE,Federal Contract Tower,0,25,13,28,66,0,2,21,0,23,0,27,34,28,89,20,254,274,363
01/11/2007,SJT,TX,ASW,CE,Federal Contract Tower,0,27,20,24,71,0,0,13,0,13,0,27,33,24,84,40,202,242,326
01/12/2007,SJT,TX,ASW,CE,Federal Contract Tower,0,27,29,8,64,0,0,2,0,2,0,27,31,8,66,48,160,208,274
01/13/2007,SJT,TX,ASW,CE,Federal Contract Tower,0,5,2,0,7,0,0,0,0,0,0,5,2,0,7,0,0,0,7
01/14/2007,SJT,TX,ASW,CE,Federal Contract Tower,0,8,1,0,9,0,0,0,0,0,0,8,1,0,9,0,0,0,9
01/15/2007,SJT,TX,ASW,CE,Federal Contract Tower,1,13,6,0,20,0,0,9,0,9,1,13,15,0,29,14,4,18,47
01/16/2007,SJT,TX,ASW,CE,Federal Contract Tower,2,15,3,0,20,0,2,3,0,5,2,17,6,0,25,10,0,10,35
01/17/2007,SJT,TX,ASW,CE,Federal Contract Tower,0,7,3,0,10,0,0,2,0,2,0,7,5,0,12,0,0,0,12
01/18/2007,SJT,TX,ASW,CE,Federal Contract Tower,2,23,8,2,35,0,0,5,0,5,2,23,13,2,40,32,18,50,90
01/19/2007,SJT,TX,ASW,CE,Federal Contract Tower,4,17,3,13,37,0,0,0,0,0,4,17,3,13,37,0,106,106,143
01/20/2007,SJT,TX,ASW,CE,Federal Contract Tower,1,12,1,2,16,0,0,2,0,2,1,12,3,2,18,0,8,8,26
01/21/2007,SJT,TX,ASW,CE,Federal Contract Tower,0,14,14,18,46,0,0,52,0,52,0,14,66,18,98,70,44,114,212
01/22/2007,SJT,TX,ASW,CE,Federal Contract Tower,4,15,11,41,71,0,0,10,0,10,4,15,21,41,81,6,330,336,417
01/23/2007,SJT,TX,ASW,CE,Federal Contract Tower,2,18,11,31,62,0,3,9,0,12,2,21,20,31,74,22,150,172,246
01/24/2007,SJT,TX,ASW,CE,Federal Contract Tower,2,24,13,68,107,0,3,20,0,23,2,27,33,68,130,28,380,408,538
01/25/2007,SJT,TX,ASW,CE,Federal Contract Tower,0,23,12,35,70,0,4,60,0,64,0,27,72,35,134,90,252,342,476
01/26/2007,SJT,TX,ASW,CE,Federal Contract Tower,5,22,13,24,64,0,0,30,0,30,5,22,43,24,94,24,420,444,538
01/27/2007,SJT,TX,ASW,CE,Federal Contract Tower,0,17,12,3,32,0,1,37,0,38,0,18,49,3,70,38,14,52,122
01/28/2007,SJT,TX,ASW,CE,Federal Contract Tower,2,12,5,6,25,0,1,46,0,47,2,13,51,6,72,60,40,100,172
01/29/2007,SJT,TX,ASW,CE,Federal Contract Tower,0,22,13,20,55,0,3,33,0,36,0,25,46,20,91,52,192,244,335
01/30/2007,SJT,TX,ASW,CE,Federal Contract Tower,0,20,9,25,54,0,2,13,0,15,0,22,22,25,69,4,264,268,337
01/31/2007,SJT,TX,ASW,CE,Federal Contract Tower,3,18,21,18,60,0,1,21,0,22,3,19,42,18,82,40,228,268,350
02/01/2007,SJT,TX,ASW,CE,Federal Contract Tower,0,21,8,3,32,0,2,5,0,7,0,23,13,3,39,2,58,60,99
02/02/2007,SJT,TX,ASW,CE,Federal Contract Tower,0,28,9,20,57,0,3,16,0,19,0,31,25,20,76,50,160,210,286
02/03/2007,SJT,TX,ASW,CE,Federal Contract Tower,2,10,11,2,25,0,1,32,0,33,2,11,43,2,58,46,0,46,104
02/04/2007,SJT,TX,ASW,CE,Federal Contract Tower,0,12,7,0,19,0,0,32,0,32,0,12,39,0,51,48,0,48,99
02/05/2007,SJT,TX,ASW,CE,Federal Contract Tower,2,16,20,17,55,0,3,40,0,43,2,19,60,17,98,60,110,170,268
02/06/2007,SJT,TX,ASW,CE,Federal Contract Tower,0,18,13,33,64,0,2,53,0,55,0,20,66,33,119,38,160,198,317
02/07/2007,SJT,TX,ASW,CE,Federal Contract Tower,0,25,21,28,74,0,4,51,0,55,0,29,72,28,129,80,306,386,515
02/08/2007,SJT,TX,ASW,CE,Federal Contract Tower,0,27,26,12,65,0,0,0,0,0,0,27,26,12,65,38,74,112,177
02/09/2007,SJT,TX,ASW,CE,Federal Contract Tower,6,26,9,1,42,0,0,2,0,2,6,26,11,1,44,0,4,4,48
02/10/2007,SJT,TX,ASW,CE,Federal Contract Tower,2,12,2,3,19,0,0,0,0,0,2,12,2,3,19,0,18,18,37
02/11/2007,SJT,TX,ASW,CE,Federal Contract Tower,2,11,23,1,37,0,0,3,0,3,2,11,26,1,40,42,32,74,114
02/12/2007,SJT,TX,ASW,CE,Federal Contract Tower,4,17,16,13,50,0,3,13,0,16,4,20,29,13,66,94,98,192,258
02/13/2007,SJT,TX,ASW,CE,Federal Contract Tower,2,21,7,17,47,0,2,32,0,34,2,23,39,17,81,26,188,214,295
02/14/2007,SJT,TX,ASW,CE,Federal Contract Tower,1,24,13,13,51,0,2,8,0,10,1,26,21,13,61,42,152,194,255
02/15/2007,SJT,TX,ASW,CE,Federal Contract Tower,1,22,15,9,47,0,5,22,0,27,1,27,37,9,74,112,50,162,236
02/16/2007,SJT,TX,ASW,CE,Federal Contract Tower,0,23,20,15,58,0,3,41,0,44,0,26,61,15,102,72,254,326,428
02/17/2007,SJT,TX,ASW,CE,Federal Contract Tower,0,10,15,0,25,0,5,48,0,53,0,15,63,0,78,56,8,64,142
02/18/2007,SJT,TX,ASW,CE,Federal Contract Tower,0,14,10,0,24,0,0,49,0,49,0,14,59,0,73,32,0,32,105
02/19/2007,SJT,TX,ASW,CE,Federal Contract Tower,0,18,18,6,42,0,4,13,0,17,0,22,31,6,59,34,24,58,117
02/20/2007,SJT,TX,ASW,CE,Federal Contract Tower,0,23,17,44,84,0,4,45,0,49,0,27,62,44,133,10,238,248,381
02/21/2007,SJT,TX,ASW,CE,Federal Contract Tower,0,21,8,29,58,0,5,50,0,55,0,26,58,29,113,22,168,190,303
02/22/2007,SJT,TX,ASW,CE,Federal Contract Tower,4,20,15,17,56,0,4,42,0,46,4,24,57,17,102,44,98,142,244
02/23/2007,SJT,TX,ASW,CE,Federal Contract Tower,1,27,22,43,93,0,0,7,0,7,1,27,29,43,100,44,334,378,478
02/24/2007,SJT,TX,ASW,CE,Federal Contract Tower,1,7,4,0,12,0,0,3,0,3,1,7,7,0,15,0,4,4,19
02/25/2007,SJT,TX,ASW,CE,Federal Contract Tower,5,12,18,48,83,0,0,37,0,37,5,12,55,48,120,38,164,202,322
02/26/2007,SJT,TX,ASW,CE,Federal Contract Tower,2,16,11,23,52,0,2,34,0,36,2,18,45,23,88,38,184,222,310
02/27/2007,SJT,TX,ASW,CE,Federal Contract Tower,0,24,7,27,58,0,7,46,0,53,0,31,53,27,111,62,310,372,483
02/28/2007,SJT,TX,ASW,CE,Federal Contract Tower,2,29,22,44,97,0,2,25,0,27,2,31,47,44,124,64,398,462,586
03/01/2007,SJT,TX,ASW,CE,Federal Contract Tower,2,23,20,26,71,0,6,22,0,28,2,29,42,26,99,2,250,252,351
03/02/2007,SJT,TX,ASW,CE,Federal Contract Tower,2,21,7,32,62,0,4,50,0,54,2,25,57,32,116,98,234,332,448
03/03/2007,SJT,TX,ASW,CE,Federal Contract Tower,6,8,9,3,26,0,3,18,0,21,6,11,27,3,47,42,8,50,97
03/04/2007,SJT,TX,ASW,CE,Federal Contract Tower,1,14,5,10,30,0,0,41,0,41,1,14,46,10,71,60,60,120,191
03/05/2007,SJT,TX,ASW,CE,Federal Contract Tower,0,20,10,30,60,0,5,37,0,42,0,25,47,30,102,50,230,280,382
03/06/2007,SJT,TX,ASW,CE,Federal Contract Tower,3,17,8,26,54,0,11,44,0,55,3,28,52,26,109,42,188,230,339
03/07/2007,SJT,TX,ASW,CE,Federal Contract Tower,0,21,16,37,74,0,4,23,0,27,0,25,39,37,101,34,188,222,323
03/08/2007,SJT,TX,ASW,CE,Federal Contract Tower,2,24,21,36,83,0,4,25,0,29,2,28,46,36,112,22,174,196,308
03/09/2007,SJT,TX,ASW,CE,Federal Contract Tower,6,25,14,27,72,0,2,33,0,35,6,27,47,27,107,32,242,274,381
03/10/2007,SJT,TX,ASW,CE,Federal Contract Tower,4,11,12,1,28,0,2,37,11,50,4,13,49,12,78,92,20,112,190
03/11/2007,SJT,TX,ASW,CE,Federal Contract Tower,2,14,10,10,36,0,0,3,0,3,2,14,13,10,39,28,58,86,125
03/12/2007,SJT,TX,ASW,CE,Federal Contract Tower,6,16,12,47,81,0,3,27,0,30,6,19,39,47,111,80,436,516,627
03/13/2007,SJT,TX,ASW,CE,Federal Contract Tower,1,23,14,23,61,0,1,26,0,27,1,24,40,23,88,24,232,256,344
03/14/2007,SJT,TX,ASW,CE,Federal Contract Tower,3,23,22,11,59,0,4,22,0,26,3,27,44,11,85,22,220,242,327
03/15/2007,SJT,TX,ASW,CE,Federal Contract Tower,0,22,23,18,63,0,2,28,0,30,0,24,51,18,93,64,82,146,239
03/16/2007,SJT,TX,ASW,CE,Federal Contract Tower,2,22,15,22,61,0,4,33,0,37,2,26,48,22,98,46,114,160,258
03/17/2007,SJT,TX,ASW,CE,Federal Contract Tower,0,14,11,0,25,0,4,45,0,49,0,18,56,0,74,58,0,58,132
03/18/2007,SJT,TX,ASW,CE,Federal Contract Tower,0,13,11,20,44,0,0,17,0,17,0,13,28,20,61,58,102,160,221
03/19/2007,SJT,TX,ASW,CE,Federal Contract Tower,0,21,10,45,76,0,2,20,0,22,0,23,30,45,98,48,182,230,328
03/20/2007,SJT,TX,ASW,CE,Federal Contract Tower,0,31,31,45,107,0,1,8,0,9,0,32,39,45,116,10,194,204,320
03/21/2007,SJT,TX,ASW,CE,Federal Contract Tower,0,24,20,19,63,0,2,17,0,19,0,26,37,19,82,14,186,200,282
03/22/2007,SJT,TX,ASW,CE,Federal Contract Tower,3,20,26,26,75,0,3,4,0,7,3,23,30,26,82,12,280,292,374
03/23/2007,SJT,TX,ASW,CE,Federal Contract Tower,2,20,16,24,62,0,2,10,0,12,2,22,26,24,74,8,302,310,384
03/24/2007,SJT,TX,ASW,CE,Federal Contract Tower,0,15,15,0,30,0,0,13,6,19,0,15,28,6,49,42,0,42,91
03/25/2007,SJT,TX,ASW,CE,Federal Contract Tower,0,14,10,3,27,0,1,0,3,4,0,15,10,6,31,16,4,20,51
03/26/2007,SJT,TX,ASW,CE,Federal Contract Tower,3,18,6,0,27,0,2,4,0,6,3,20,10,0,33,24,0,24,57
03/27/2007,SJT,TX,ASW,CE,Federal Contract Tower,1,22,12,21,56,0,4,33,0,37,1,26,45,21,93,16,134,150,243
03/28/2007,SJT,TX,ASW,CE,Federal Contract Tower,0,25,31,9,65,0,2,12,0,14,0,27,43,9,79,2,126,128,207
03/29/2007,SJT,TX,ASW,CE,Federal Contract Tower,1,22,11,2,36,0,3,21,0,24,1,25,32,2,60,36,64,100,160
03/30/2007,SJT,TX,ASW,CE,Federal Contract Tower,0,19,20,0,39,0,0,8,0,8,0,19,28,0,47,0,0,0,47
03/31/2007,SJT,TX,ASW,CE,Federal Contract Tower,1,14,11,14,40,0,0,82,7,89,1,14,93,21,129,100,112,212,341
04/01/2007,SJT,TX,ASW,CE,Federal Contract Tower,0,13,10,5,28,0,0,50,0,50,0,13,60,5,78,80,30,110,188
04/02/2007,SJT,TX,ASW,CE,Federal Contract Tower,0,18,29,28,75,0,3,30,0,33,0,21,59,28,108,34,146,180,288
04/03/2007,SJT,TX,ASW,CE,Federal Contract Tower,1,26,27,38,92,0,0,49,0,49,1,26,76,38,141,68,192,260,401
04/04/2007,SJT,TX,ASW,CE,Federal Contract Tower,3,18,18,28,67,0,5,32,0,37,3,23,50,28,104,46,158,204,308
04/05/2007,SJT,TX,ASW,CE,Federal Contract Tower,2,19,29,21,71,0,4,34,0,38,2,23,63,21,109,76,126,202,311
04/06/2007,SJT,TX,ASW,CE,Federal Contract Tower,0,21,13,0,34,0,4,13,4,21,0,25,26,4,55,0,0,0,55
04/07/2007,SJT,TX,ASW,CE,Federal Contract Tower,5,3,0,0,8,0,0,0,0,0,5,3,0,0,8,0,0,0,8
04/08/2007,SJT,TX,ASW,CE,Federal Contract Tower,1,11,13,4,29,0,0,5,2,7,1,11,18,6,36,8,0,8,44
04/09/2007,SJT,TX,ASW,CE,Federal Contract Tower,2,18,25,29,74,0,0,16,0,16,2,18,41,29,90,52,250,302,392
04/10/2007,SJT,TX,ASW,CE,Federal Contract Tower,0,27,7,18,52,0,2,27,0,29,0,29,34,18,81,16,294,310,391
04/11/2007,SJT,TX,ASW,CE,Federal Contract Tower,2,20,21,13,56,0,4,45,0,49,2,24,66,13,105,84,142,226,331
04/12/2007,SJT,TX,ASW,CE,Federal Contract Tower,0,20,12,25,57,0,5,31,0,36,0,25,43,25,93,50,230,280,373
04/13/2007,SJT,TX,ASW,CE,Federal Contract Tower,3,29,17,28,77,0,1,12,0,13,3,30,29,28,90,0,296,296,386
04/14/2007,SJT,TX,ASW,CE,Federal Contract Tower,4,11,8,0,23,0,0,32,4,36,4,11,40,4,59,22,0,22,81
04/15/2007,SJT,TX,ASW,CE,Federal Contract Tower,0,12,8,22,42,0,0,47,0,47,0,12,55,22,89,120,88,208,297
04/16/2007,SJT,TX,ASW,CE,Federal Contract Tower,0,22,15,27,64,0,4,17,0,21,0,26,32,27,85,28,124,152,237
04/17/2007,SJT,TX,ASW,CE,Federal Contract Tower,0,28,25,16,69,0,2,11,0,13,0,30,36,16,82,0,92,92,174
04/18/2007,SJT,TX,ASW,CE,Federal Contract Tower,0,24,29,25,78,0,4,53,0,57,0,28,82,25,135,36,180,216,351
04/19/2007,SJT,TX,ASW,CE,Federal Contract Tower,2,24,10,21,57,0,3,37,0,40,2,27,47,21,97,28,102,130,227
04/20/2007,SJT,TX,ASW,CE,Federal Contract Tower,0,23,4,14,41,0,4,18,0,22,0,27,22,14,63,0,112,112,175
04/21/2007,SJT,TX,ASW,CE,Federal Contract Tower,2,12,9,2,25,0,1,17,0,18,2,13,26,2,43,20,0,20,63
04/22/2007,SJT,TX,ASW,CE,Federal Contract Tower,4,10,31,3,48,0,0,30,0,30,4,10,61,3,78,24,4,28,106
04/23/2007,SJT,TX,ASW,CE,Federal Contract Tower,0,19,17,31,67,0,1,23,0,24,0,20,40,31,91,16,248,264,355
04/24/2007,SJT,TX,ASW,CE,Federal Contract Tower,2,21,7,9,39,0,2,23,0,25,2,23,30,9,64,2,60,62,126
04/25/2007,SJT,TX,ASW,CE,Federal Contract Tower,0,24,16,26,66,0,6,31,0,37,0,30,47,26,103,60,208,268,371
04/26/2007,SJT,TX,ASW,CE,Federal Contract Tower,0,26,14,14,54,0,5,47,0,52,0,31,61,14,106,158,210,368,474
04/27/2007,SJT,TX,ASW,CE,Federal Contract Tower,0,23,17,8,48,0,2,41,0,43,0,25,58,8,91,52,134,186,277
04/28/2007,SJT,TX,ASW,CE,Federal Contract Tower,0,13,7,0,20,0,4,34,0,38,0,17,41,0,58,56,0,56,114
04/29/2007,SJT,TX,ASW,CE,Federal Contract Tower,0,13,9,4,26,0,0,24,0,24,0,13,33,4,50,34,8,42,92
04/30/2007,SJT,TX,ASW,CE,Federal Contract Tower,2,25,14,11,52,0,6,19,0,25,2,31,33,11,77,24,96,120,197
05/01/2007,SJT,TX,ASW,CE,Federal Contract Tower,0,35,16,26,77,0,1,21,0,22,0,36,37,26,99,28,350,378,477
05/02/2007,SJT,TX,ASW,CE,Federal Contract Tower,2,28,9,7,46,0,1,9,0,10,2,29,18,7,56,2,100,102,158
05/03/2007,SJT,TX,ASW,CE,Federal Contract Tower,2,20,16,29,67,0,5,42,0,47,2,25,58,29,114,64,212,276,390
05/04/2007,SJT,TX,ASW,CE,Federal Contract Tower,0,24,23,28,75,0,3,31,0,34,0,27,54,28,109,100,248,348,457
05/05/2007,SJT,TX,ASW,CE,Federal Contract Tower,6,10,8,1,25,0,2,19,1,22,6,12,27,2,47,2,0,2,49
05/06/2007,SJT,TX,ASW,CE,Federal Contract Tower,0,14,11,30,55,0,0,18,20,38,0,14,29,50,93,46,46,92,185
05/07/2007,SJT,TX,ASW,CE,Federal Contract Tower,0,22,6,5,33,0,0,1,5,6,0,22,7,10,39,0,26,26,65
05/08/2007,SJT,TX,ASW,CE,Federal Contract Tower,0,22,5,31,58,0,0,25,0,25,0,22,30,31,83,30,296,326,409
05/09/2007,SJT,TX,ASW,CE,Federal Contract Tower,0,25,12,4,41,0,0,5,0,5,0,25,17,4,46,8,18,26,72
05/10/2007,SJT,TX,ASW,CE,Federal Contract Tower,2,21,14,14,51,0,4,23,0,27,2,25,37,14,78,24,124,148,226
05/11/2007,SJT,TX,ASW,CE,Federal Contract Tower,0,27,14,19,60,0,2,37,0,39,0,29,51,19,99,62,240,302,401
05/12/2007,SJT,TX,ASW,CE,Federal Contract Tower,2,12,6,0,20,0,3,41,0,44,2,15,47,0,64,126,0,126,190
05/13/2007,SJT,TX,ASW,CE,Federal Contract Tower,0,12,3,1,16,0,0,26,0,26,0,12,29,1,42,92,6,98,140
05/14/2007,SJT,TX,ASW,CE,Federal Contract Tower,0,17,26,29,72,0,4,40,0,44,0,21,66,29,116,36,192,228,344
05/15/2007,SJT,TX,ASW,CE,Federal Contract Tower,0,21,17,30,68,0,1,35,0,36,0,22,52,30,104,18,204,222,326
05/16/2007,SJT,TX,ASW,CE,Federal Contract Tower,2,20,23,31,76,0,3,33,0,36,2,23,56,31,112,38,224,262,374
05/17/2007,SJT,TX,ASW,CE,Federal Contract Tower,0,21,9,13,43,0,3,17,0,20,0,24,26,13,63,38,52,90,153
05/18/2007,SJT,TX,ASW,CE,Federal Contract Tower,0,22,24,10,56,0,4,12,0,16,0,26,36,10,72,32,138,170,242
05/19/2007,SJT,TX,ASW,CE,Federal Contract Tower,0,16,14,2,32,0,1,13,1,15,0,17,27,3,47,58,0,58,105
05/20/2007,SJT,TX,ASW,CE,Federal Contract Tower,0,17,15,7,39,0,0,25,0,25,0,17,40,7,64,48,20,68,132
05/21/2007,SJT,TX,ASW,CE,Federal Contract Tower,0,22,24,14,60,0,2,6,0,8,0,24,30,14,68,48,212,260,328
05/22/2007,SJT,TX,ASW,CE,Federal Contract Tower,0,31,28,18,77,0,0,1,0,1,0,31,29,18,78,82,172,254,332
05/23/2007,SJT,TX,ASW,CE,Federal Contract Tower,0,26,20,32,78,0,0,22,0,22,0,26,42,32,100,60,210,270,370
05/24/2007,SJT,TX,ASW,CE,Federal Contract Tower,0,25,27,12,64,0,0,33,0,33,0,25,60,12,97,42,130,172,269
05/25/2007,SJT,TX,ASW,CE,Federal Contract Tower,2,30,5,12,49,0,0,14,0,14,2,30,19,12,63,60,152,212,275
05/26/2007,SJT,TX,ASW,CE,Federal Contract Tower,1,13,13,0,27,0,4,25,0,29,1,17,38,0,56,134,0,134,190
05/27/2007,SJT,TX,ASW,CE,Federal Contract Tower,0,15,4,0,19,0,4,22,0,26,0,19,26,0,45,50,6,56,101
05/28/2007,SJT,TX,ASW,CE,Federal Contract Tower,0,18,13,2,33,0,3,22,1,26,0,21,35,3,59,88,2,90,149
05/29/2007,SJT,TX,ASW,CE,Federal Contract Tower,0,23,20,42,85,0,5,25,0,30,0,28,45,42,115,30,270,300,415
05/30/2007,SJT,TX,ASW,CE,Federal Contract Tower,0,22,24,25,71,0,4,39,0,43,0,26,63,25,114,100,174,274,388
05/31/2007,SJT,TX,ASW,CE,Federal Contract Tower,0,25,10,44,79,0,0,32,0,32,0,25,42,44,111,62,444,506,617
06/01/2007,SJT,TX,ASW,CE,Federal Contract Tower,2,24,12,24,62,0,2,30,0,32,2,26,42,24,94,60,84,144,238
06/02/2007,SJT,TX,ASW,CE,Federal Contract Tower,0,12,8,0,20,0,2,51,0,53,0,14,59,0,73,162,0,162,235
06/03/2007,SJT,TX,ASW,CE,Federal Contract Tower,0,10,5,26,41,0,0,28,0,28,0,10,33,26,69,36,106,142,211
06/04/2007,SJT,TX,ASW,CE,Federal Contract Tower,0,19,12,44,75,0,5,47,0,52,0,24,59,44,127,80,270,350,477
06/05/2007,SJT,TX,ASW,CE,Federal Contract Tower,0,21,21,15,57,0,0,36,0,36,0,21,57,15,93,98,90,188,281
06/06/2007,SJT,TX,ASW,CE,Federal Contract Tower,0,20,10,14,44,0,5,24,0,29,0,25,34,14,73,18,304,322,395
06/07/2007,SJT,TX,ASW,CE,Federal Contract Tower,0,21,16,10,47,0,1,37,0,38,0,22,53,10,85,80,76,156,241
06/08/2007,SJT,TX,ASW,CE,Federal Contract Tower,0,23,23,6,52,0,1,28,0,29,0,24,51,6,81,34,74,108,189
06/09/2007,SJT,TX,ASW,CE,Federal Contract Tower,0,15,9,0,24,0,1,46,0,47,0,16,55,0,71,78,0,78,149
06/10/2007,SJT,TX,ASW,CE,Federal Contract Tower,2,11,23,3,39,0,4,24,1,29,2,15,47,4,68,12,4,16,84
06/11/2007,SJT,TX,ASW,CE,Federal Contract Tower,2,16,8,29,55,0,6,52,0,58,2,22,60,29,113,118,182,300,413
06/12/2007,SJT,TX,ASW,CE,Federal Contract Tower,0,22,12,15,49,0,1,25,0,26,0,23,37,15,75,64,56,120,195
06/13/2007,SJT,TX,ASW,CE,Federal Contract Tower,0,21,25,22,68,0,6,46,0,52,0,27,71,22,120,124,174,298,418
06/14/2007,SJT,TX,ASW,CE,Federal Contract Tower,2,16,18,17,53,0,4,52,0,56,2,20,70,17,109,66,90,156,265
06/15/2007,SJT,TX,ASW,CE,Federal Contract Tower,2,18,12,5,37,0,3,32,0,35,2,21,44,5,72,68,46,114,186
06/16/2007,SJT,TX,ASW,CE,Federal Contract Tower,0,13,8,1,22,0,3,15,0,18,0,16,23,1,40,76,4,80,120
06/17/2007,SJT,TX,ASW,CE,Federal Contract Tower,2,9,11,1,23,0,0,20,2,22,2,9,31,3,45,72,0,72,117
06/18/2007,SJT,TX,ASW,CE,Federal Contract Tower,0,18,20,33,71,0,3,31,0,34,0,21,51,33,105,30,198,228,333
06/19/2007,SJT,TX,ASW,CE,Federal Contract Tower,0,21,15,23,59,0,3,45,0,48,0,24,60,23,107,60,210,270,377
06/20/2007,SJT,TX,ASW,CE,Federal Contract Tower,1,22,8,9,40,0,4,24,0,28,1,26,32,9,68,18,88,106,174
06/21/2007,SJT,TX,ASW,CE,Federal Contract Tower,0,24,22,13,59,0,4,45,0,49,0,28,67,13,108,40,180,220,328
06/22/2007,SJT,TX,ASW,CE,Federal Contract Tower,5,16,22,19,62,0,2,31,0,33,5,18,53,19,95,38,106,144,239
06/23/2007,SJT,TX,ASW,CE,Federal Contract Tower,4,5,13,5,27,0,3,50,0,53,4,8,63,5,80,140,14,154,234
06/24/2007,SJT,TX,ASW,CE,Federal Contract Tower,0,11,19,37,67,1,0,20,3,24,1,11,39,40,91,64,116,180,271
06/25/2007,SJT,TX,ASW,CE,Federal Contract Tower,0,14,28,3,45,0,2,32,0,34,0,16,60,3,79,12,40,52,131
06/26/2007,SJT,TX,ASW,CE,Federal Contract Tower,2,19,14,36,71,0,1,48,0,49,2,20,62,36,120,48,192,240,360
06/27/2007,SJT,TX,ASW,CE,Federal Contract Tower,3,26,21,20,70,0,3,31,1,35,3,29,52,21,105,86,76,162,267
06/28/2007,SJT,TX,ASW,CE,Federal Contract Tower,0,20,13,16,49,0,3,33,0,36,0,23,46,16,85,60,80,140,225
06/29/2007,SJT,TX,ASW,CE,Federal Contract Tower,0,22,21,11,54,0,0,15,0,15,0,22,36,11,69,40,98,138,207
06/30/2007,SJT,TX,ASW,CE,Federal Contract Tower,0,12,6,2,20,0,1,36,0,37,0,13,42,2,57,62,4,66,123
07/01/2007,SJT,TX,ASW,CE,Federal Contract Tower,0,14,10,15,39,0,0,30,0,30,0,14,40,15,69,36,22,58,127
07/02/2007,SJT,TX,ASW,CE,Federal Contract Tower,4,16,12,24,56,0,2,10,0,12,4,18,22,24,68,6,124,130,198
07/03/2007,SJT,TX,ASW,CE,Federal Contract Tower,0,24,19,3,46,0,3,29,0,32,0,27,48,3,78,64,6,70,148
07/04/2007,SJT,TX,ASW,CE,Federal Contract Tower,0,13,2,0,15,0,0,13,0,13,0,13,15,0,28,36,0,36,64
07/05/2007,SJT,TX,ASW,CE,Federal Contract Tower,0,19,15,9,43,0,0,43,0,43,0,19,58,9,86,50,30,80,166
07/06/2007,SJT,TX,ASW,CE,Federal Contract Tower,0,26,16,18,60,0,1,30,0,31,0,27,46,18,91,82,156,238,329
07/07/2007,SJT,TX,ASW,CE,Federal Contract Tower,0,15,18,8,41,0,3,49,0,52,0,18,67,8,93,114,44,158,251
07/08/2007,SJT,TX,ASW,CE,Federal Contract Tower,0,12,12,29,53,0,0,26,0,26,0,12,38,29,79,50,56,106,185
07/09/2007,SJT,TX,ASW,CE,Federal Contract Tower,2,15,9,21,47,0,2,35,0,37,2,17,44,21,84,74,134,208,292
07/10/2007,SJT,TX,ASW,CE,Federal Contract Tower,0,23,18,17,58,0,0,53,0,53,0,23,71,17,111,96,230,326,437
07/11/2007,SJT,TX,ASW,CE,Federal Contract Tower,2,16,18,14,50,0,3,30,0,33,2,19,48,14,83,36,68,104,187
07/12/2007,SJT,TX,ASW,CE,Federal Contract Tower,0,21,18,23,62,0,3,47,0,50,0,24,65,23,112,46,92,138,250
07/13/2007,SJT,TX,ASW,CE,Federal Contract Tower,0,21,21,24,66,0,2,21,0,23,0,23,42,24,89,82,132,214,303
07/14/2007,SJT,TX,ASW,CE,Federal Contract Tower,0,15,7,10,32,0,0,24,0,24,0,15,31,10,56,34,52,86,142
07/15/2007,SJT,TX,ASW,CE,Federal Contract Tower,0,15,13,27,55,0,0,34,0,34,0,15,47,27,89,78,156,234,323
07/16/2007,SJT,TX,ASW,CE,Federal Contract Tower,1,17,15,27,60,0,2,32,0,34,1,19,47,27,94,64,288,352,446
07/17/2007,SJT,TX,ASW,CE,Federal Contract Tower,0,18,6,15,39,0,3,50,0,53,0,21,56,15,92,88,168,256,348
07/18/2007,SJT,TX,ASW,CE,Federal Contract Tower,3,20,15,9,47,0,3,34,0,37,3,23,49,9,84,64,134,198,282
07/19/2007,SJT,TX,ASW,CE,Federal Contract Tower,2,24,26,18,70,0,3,35,0,38,2,27,61,18,108,58,268,326,434
07/20/2007,SJT,TX,ASW,CE,Federal Contract Tower,2,25,25,13,65,0,0,26,0,26,2,25,51,13,91,88,138,226,317
07/21/2007,SJT,TX,ASW,CE,Federal Contract Tower,0,14,10,0,24,0,0,19,2,21,0,14,29,2,45,86,2,88,133
07/22/2007,SJT,TX,ASW,CE,Federal Contract Tower,4,10,14,45,73,0,1,58,0,59,4,11,72,45,132,28,82,110,242
07/23/2007,SJT,TX,ASW,CE,Federal Contract Tower,0,19,16,25,60,0,5,44,0,49,0,24,60,25,109,32,156,188,297
07/24/2007,SJT,TX,ASW,CE,Federal Contract Tower,0,22,29,18,69,0,1,35,0,36,0,23,64,18,105,38,66,104,209
07/25/2007,SJT,TX,ASW,CE,Federal Contract Tower,0,23,10,15,48,0,1,25,0,26,0,24,35,15,74,44,102,146,220
07/26/2007,SJT,TX,ASW,CE,Federal Contract Tower,3,19,15,27,64,0,2,31,0,33,3,21,46,27,97,64,122,186,283
07/27/2007,SJT,TX,ASW,CE,Federal Contract Tower,0,17,12,17,46,0,6,21,0,27,0,23,33,17,73,42,246,288,361
07/28/2007,SJT,TX,ASW,CE,Federal Contract Tower,2,13,14,0,29,0,3,35,2,40,2,16,49,2,69,36,22,58,127
07/29/2007,SJT,TX,ASW,CE,Federal Contract Tower,4,13,16,2,35,0,0,23,0,23,4,13,39,2,58,20,4,24,82
07/30/2007,SJT,TX,ASW,CE,Federal Contract Tower,0,20,31,13,64,0,0,33,5,38,0,20,64,18,102,116,26,142,244
07/31/2007,SJT,TX,ASW,CE,Federal Contract Tower,0,23,21,12,56,0,0,29,0,29,0,23,50,12,85,54,190,244,329
08/01/2007,SJT,TX,ASW,CE,Federal Contract Tower,1,19,15,19,54,0,2,39,0,41,1,21,54,19,95,38,190,228,323
08/02/2007,SJT,TX,ASW,CE,Federal Contract Tower,1,27,22,4,54,0,0,26,0,26,1,27,48,4,80,42,116,158,238
08/03/2007,SJT,TX,ASW,CE,Federal Contract Tower,0,23,17,24,64,0,0,18,0,18,0,23,35,24,82,32,128,160,242
08/04/2007,SJT,TX,ASW,CE,Federal Contract Tower,0,11,4,38,53,0,2,44,4,50,0,13,48,42,103,98,68,166,269
08/05/2007,SJT,TX,ASW,CE,Federal Contract Tower,0,12,13,23,48,0,1,25,6,32,0,13,38,29,80,44,16,60,140
08/06/2007,SJT,TX,ASW,CE,Federal Contract Tower,0,21,7,23,51,0,1,23,0,24,0,22,30,23,75,8,98,106,181
08/07/2007,SJT,TX,ASW,CE,Federal Contract Tower,0,22,14,48,84,0,10,46,0,56,0,32,60,48,140,70,178,248,388
08/08/2007,SJT,TX,ASW,CE,Federal Contract Tower,0,19,29,28,76,0,5,40,0,45,0,24,69,28,121,40,186,226,347
08/09/2007,SJT,TX,ASW,CE,Federal Contract Tower,2,20,11,8,41,0,5,52,0,57,2,25,63,8,98,31,96,127,225
08/10/2007,SJT,TX,ASW,CE,Federal Contract Tower,0,20,13,31,64,0,5,47,0,52,0,25,60,31,116,66,132,198,314
08/11/2007,SJT,TX,ASW,CE,Federal Contract Tower,0,11,27,0,38,0,4,44,0,48,0,15,71,0,86,84,0,84,170
08/12/2007,SJT,TX,ASW,CE,Federal Contract Tower,0,14,13,15,42,0,0,31,0,31,0,14,44,15,73,36,56,92,165
08/13/2007,SJT,TX,ASW,CE,Federal Contract Tower,0,13,9,19,41,0,7,59,0,66,0,20,68,19,107,54,172,226,333
08/14/2007,SJT,TX,ASW,CE,Federal Contract Tower,0,20,12,24,56,0,6,39,0,45,0,26,51,24,101,60,166,226,327
08/15/2007,SJT,TX,ASW,CE,Federal Contract Tower,0,17,17,32,66,0,7,55,0,62,0,24,72,32,128,102,256,358,486
08/16/2007,SJT,TX,ASW,CE,Federal Contract Tower,0,19,15,5,39,0,5,33,0,38,0,24,48,5,77,84,26,110,187
08/17/2007,SJT,TX,ASW,CE,Federal Contract Tower,0,17,10,0,27,0,0,0,0,0,0,17,10,0,27,0,0,0,27
08/18/2007,SJT,TX,ASW,CE,Federal Contract Tower,0,14,4,3,21,0,1,7,0,8,0,15,11,3,29,32,14,46,75
08/19/2007,SJT,TX,ASW,CE,Federal Contract Tower,0,12,22,20,54,0,0,34,0,34,0,12,56,20,88,56,78,134,222
08/20/2007,SJT,TX,ASW,CE,Federal Contract Tower,0,23,11,25,59,0,0,36,2,38,0,23,47,27,97,26,84,110,207
08/21/2007,SJT,TX,ASW,CE,Federal Contract Tower,0,24,21,35,80,0,3,43,0,46,0,27,64,35,126,66,148,214,340
08/22/2007,SJT,TX,ASW,CE,Federal Contract Tower,0,27,8,29,64,0,1,31,0,32,0,28,39,29,96,76,112,188,284
08/23/2007,SJT,TX,ASW,CE,Federal Contract Tower,2,22,15,36,75,0,1,36,0,37,2,23,51,36,112,38,184,222,334
08/24/2007,SJT,TX,ASW,CE,Federal Contract Tower,2,18,24,28,72,0,3,23,0,26,2,21,47,28,98,58,202,260,358
08/25/2007,SJT,TX,ASW,CE,Federal Contract Tower,0,10,12,22,44,0,3,39,6,48,0,13,51,28,92,176,44,220,312
08/26/2007,SJT,TX,ASW,CE,Federal Contract Tower,2,11,11,35,59,0,3,42,0,45,2,14,53,35,104,86,108,194,298
08/27/2007,SJT,TX,ASW,CE,Federal Contract Tower,2,14,10,35,61,0,5,21,0,26,2,19,31,35,87,46,298,344,431
08/28/2007,SJT,TX,ASW,CE,Federal Contract Tower,0,24,20,17,61,0,1,55,0,56,0,25,75,17,117,82,138,220,337
08/29/2007,SJT,TX,ASW,CE,Federal Contract Tower,0,22,24,7,53,0,5,36,0,41,0,27,60,7,94,100,196,296,390
08/30/2007,SJT,TX,ASW,CE,Federal Contract Tower,0,17,13,9,39,0,4,41,0,45,0,21,54,9,84,54,172,226,310
08/31/2007,SJT,TX,ASW,CE,Federal Contract Tower,2,22,18,12,54,0,2,45,0,47,2,24,63,12,101,40,172,212,313
09/01/2007,SJT,TX,ASW,CE,Federal Contract Tower,0,18,11,0,29,0,0,29,0,29,0,18,40,0,58,50,0,50,108
09/02/2007,SJT,TX,ASW,CE,Federal Contract Tower,0,14,5,3,22,0,0,35,1,36,0,14,40,4,58,6,8,14,72
09/03/2007,SJT,TX,ASW,CE,Federal Contract Tower,2,11,11,0,24,0,0,19,0,19,2,11,30,0,43,46,0,46,89
09/04/2007,SJT,TX,ASW,CE,Federal Contract Tower,0,21,18,33,72,0,0,23,0,23,0,21,41,33,95,96,44,140,235
09/05/2007,SJT,TX,ASW,CE,Federal Contract Tower,0,25,13,25,63,0,0,23,0,23,0,25,36,25,86,38,132,170,256
09/06/2007,SJT,TX,ASW,CE,Federal Contract Tower,0,23,21,24,68,0,0,48,0,48,0,23,69,24,116,64,108,172,288
09/07/2007,SJT,TX,ASW,CE,Federal Contract Tower,0,23,16,21,60,0,0,35,0,35,0,23,51,21,95,52,218,270,365
09/08/2007,SJT,TX,ASW,CE,Federal Contract Tower,0,13,12,13,38,0,1,49,0,50,0,14,61,13,88,114,40,154,242
09/09/2007,SJT,TX,ASW,CE,Federal Contract Tower,0,12,12,17,41,0,0,31,0,31,0,12,43,17,72,60,76,136,208
09/10/2007,SJT,TX,ASW,CE,Federal Contract Tower,2,15,19,20,56,0,0,34,0,34,2,15,53,20,90,62,62,124,214
09/11/2007,SJT,TX,ASW,CE,Federal Contract Tower,0,25,14,10,49,0,0,14,0,14,0,25,28,10,63,56,42,98,161
09/12/2007,SJT,TX,ASW,CE,Federal Contract Tower,0,20,16,19,55,0,2,70,0,72,0,22,86,19,127,98,110,208,335
09/13/2007,SJT,TX,ASW,CE,Federal Contract Tower,0,24,17,3,44,0,1,52,0,53,0,25,69,3,97,84,114,198,295
09/14/2007,SJT,TX,ASW,CE,Federal Contract Tower,0,23,23,14,60,0,3,39,0,42,0,26,62,14,102,20,242,262,364
09/15/2007,SJT,TX,ASW,CE,Federal Contract Tower,2,12,11,7,32,0,2,33,0,35,2,14,44,7,67,60,50,110,177
09/16/2007,SJT,TX,ASW,CE,Federal Contract Tower,1,12,14,16,43,0,0,34,0,34,1,12,48,16,77,54,88,142,219
09/17/2007,SJT,TX,ASW,CE,Federal Contract Tower,0,21,11,27,59,0,2,49,0,51,0,23,60,27,110,34,140,174,284
09/18/2007,SJT,TX,ASW,CE,Federal Contract Tower,0,26,17,31,74,0,4,42,0,46,0,30,59,31,120,52,104,156,276
09/19/2007,SJT,TX,ASW,CE,Federal Contract Tower,0,23,16,32,71,0,1,27,11,39,0,24,43,43,110,44,82,126,236
09/20/2007,SJT,TX,ASW,CE,Federal Contract Tower,2,17,24,34,77,0,6,38,0,44,2,23,62,34,121,68,122,190,311
09/21/2007,SJT,TX,ASW,CE,Federal Contract Tower,0,23,16,22,61,0,2,36,0,38,0,25,52,22,99,30,206,236,335
09/22/2007,SJT,TX,ASW,CE,Federal Contract Tower,0,12,6,3,21,0,4,39,3,46,0,16,45,6,67,30,6,36,103
09/23/2007,SJT,TX,ASW,CE,Federal Contract Tower,0,11,8,18,37,0,0,24,0,24,0,11,32,18,61,82,58,140,201
09/24/2007,SJT,TX,ASW,CE,Federal Contract Tower,4,17,14,27,62,0,2,35,0,37,4,19,49,27,99,30,178,208,307
09/25/2007,SJT,TX,ASW,CE,Federal Contract Tower,0,25,11,12,48,0,4,29,0,33,0,29,40,12,81,36,132,168,249
09/26/2007,SJT,TX,ASW,CE,Federal Contract Tower,0,25,12,22,59,0,2,21,0,23,0,27,33,22,82,14,166,180,262
09/27/2007,SJT,TX,ASW,CE,Federal Contract Tower,0,23,20,16,59,0,4,41,0,45,0,27,61,16,104,10,80,90,194
09/28/2007,SJT,TX,ASW,CE,Federal Contract Tower,0,25,15,2,42,0,4,55,4,63,0,29,70,6,105,46,0,46,151
09/29/2007,SJT,TX,ASW,CE,Federal Contract Tower,1,15,9,2,27,0,3,25,0,28,1,18,34,2,55,60,10,70,125
09/30/2007,SJT,TX,ASW,CE,Federal Contract Tower,0,14,19,2,35,0,1,21,2,24,0,15,40,4,59,42,0,42,101
10/01/2007,SJT,TX,ASW,CE,Federal Contract Tower,0,17,22,39,78,0,3,23,0,26,0,20,45,39,104,34,164,198,302
10/02/2007,SJT,TX,ASW,CE,Federal Contract Tower,0,23,17,12,52,0,0,38,0,38,0,23,55,12,90,30,54,84,174
10/03/2007,SJT,TX,ASW,CE,Federal Contract Tower,0,23,11,13,47,0,2,27,0,29,0,25,38,13,76,36,102,138,214
10/04/2007,SJT,TX,ASW,CE,Federal Contract Tower,0,22,30,18,70,0,3,41,0,44,0,25,71,18,114,18,206,224,338
10/05/2007,SJT,TX,ASW,CE,Federal Contract Tower,2,22,24,25,73,0,3,44,0,47,2,25,68,25,120,20,150,170,290
10/06/2007,SJT,TX,ASW,CE,Federal Contract Tower,0,13,26,2,41,0,4,10,0,14,0,17,36,2,55,44,18,62,117
10/07/2007,SJT,TX,ASW,CE,Federal Contract Tower,0,14,21,0,35,0,1,34,0,35,0,15,55,0,70,38,0,38,108
10/08/2007,SJT,TX,ASW,CE,Federal Contract Tower,3,16,14,2,35,0,5,37,0,42,3,21,51,2,77,32,6,38,115
10/09/2007,SJT,TX,ASW,CE,Federal Contract Tower,0,22,18,18,58,0,1,14,0,15,0,23,32,18,73,28,78,106,179
10/10/2007,SJT,TX,ASW,CE,Federal Contract Tower,0,25,21,27,73,0,0,26,0,26,0,25,47,27,99,0,134,134,233
10/11/2007,SJT,TX,ASW,CE,Federal Contract Tower,0,21,17,1,39,0,3,26,0,29,0,24,43,1,68,34,32,66,134
10/12/2007,SJT,TX,ASW,CE,Federal Contract Tower,0,20,16,6,42,0,15,29,0,44,0,35,45,6,86,24,106,130,216
10/13/2007,SJT,TX,ASW,CE,Federal Contract Tower,0,14,8,0,22,0,5,37,0,42,0,19,45,0,64,22,2,24,88
10/14/2007,SJT,TX,ASW,CE,Federal Contract Tower,0,20,18,7,45,0,0,35,0,35,0,20,53,7,80,54,32,86,166
10/15/2007,SJT,TX,ASW,CE,Federal Contract Tower,0,16,11,28,55,0,0,31,0,31,0,16,42,28,86,18,190,208,294
10/16/2007,SJT,TX,ASW,CE,Federal Contract Tower,0,25,24,22,71,0,1,29,0,30,0,26,53,22,101,50,70,120,221
10/17/2007,SJT,TX,ASW,CE,Federal Contract Tower,1,22,10,19,52,0,2,26,0,28,1,24,36,19,80,18,146,164,244
10/18/2007,SJT,TX,ASW,CE,Federal Contract Tower,0,23,25,14,62,0,4,44,0,48,0,27,69,14,110,64,130,194,304
10/19/2007,SJT,TX,ASW,CE,Federal Contract Tower,0,25,11,15,51,0,0,43,0,43,0,25,54,15,94,74,272,346,440
10/20/2007,SJT,TX,ASW,CE,Federal Contract Tower,0,13,12,1,26,0,2,31,1,34,0,15,43,2,60,2,6,8,68
10/21/2007,SJT,TX,ASW,CE,Federal Contract Tower,1,13,9,6,29,0,0,14,0,14,1,13,23,6,43,8,40,48,91
10/22/2007,SJT,TX,ASW,CE,Federal Contract Tower,0,17,16,29,62,0,2,14,0,16,0,19,30,29,78,6,246,252,330
10/23/2007,SJT,TX,ASW,CE,Federal Contract Tower,0,21,15,28,64,0,2,31,0,33,0,23,46,28,97,30,224,254,351
10/24/2007,SJT,TX,ASW,CE,Federal Contract Tower,2,21,14,17,54,0,1,47,0,48,2,22,61,17,102,66,94,160,262
10/25/2007,SJT,TX,ASW,CE,Federal Contract Tower,0,23,21,11,55,0,4,46,0,50,0,27,67,11,105,92,106,198,303
10/26/2007,SJT,TX,ASW,CE,Federal Contract Tower,0,21,20,23,64,0,2,30,0,32,0,23,50,23,96,58,208,266,362
10/27/2007,SJT,TX,ASW,CE,Federal Contract Tower,1,10,19,1,31,0,3,15,0,18,1,13,34,1,49,92,10,102,151
10/28/2007,SJT,TX,ASW,CE,Federal Contract Tower,0,11,17,10,38,0,2,34,0,36,0,13,51,10,74,64,24,88,162
10/29/2007,SJT,TX,ASW,CE,Federal Contract Tower,1,19,32,34,86,0,2,32,0,34,1,21,64,34,120,22,170,192,312
10/30/2007,SJT,TX,ASW,CE,Federal Contract Tower,0,20,17,38,75,0,4,35,0,39,0,24,52,38,114,48,186,234,348
10/31/2007,SJT,TX,ASW,CE,Federal Contract Tower,2,19,11,41,73,0,6,40,0,46,2,25,51,41,119,20,182,202,321
11/01/2007,SJT,TX,ASW,CE,Federal Contract Tower,0,23,25,53,101,0,2,35,0,37,0,25,60,53,138,122,136,258,396
11/02/2007,SJT,TX,ASW,CE,Federal Contract Tower,0,21,32,19,72,0,3,40,0,43,0,24,72,19,115,64,184,248,363
11/03/2007,SJT,TX,ASW,CE,Federal Contract Tower,0,13,14,5,32,0,0,34,5,39,0,13,48,10,71,108,12,120,191
11/04/2007,SJT,TX,ASW,CE,Federal Contract Tower,0,14,11,9,34,0,1,29,0,30,0,15,40,9,64,18,46,64,128
11/05/2007,SJT,TX,ASW,CE,Federal Contract Tower,0,16,27,15,58,0,4,35,0,39,0,20,62,15,97,64,228,292,389
11/06/2007,SJT,TX,ASW,CE,Federal Contract Tower,0,21,23,26,70,0,2,19,0,21,0,23,42,26,91,28,244,272,363
11/07/2007,SJT,TX,ASW,CE,Federal Contract Tower,2,20,24,22,68,0,5,45,0,50,2,25,69,22,118,58,300,358,476
11/08/2007,SJT,TX,ASW,CE,Federal Contract Tower,0,20,17,32,69,0,4,51,0,55,0,24,68,32,124,54,233,287,411
11/09/2007,SJT,TX,ASW,CE,Federal Contract Tower,0,23,27,22,72,0,0,42,0,42,0,23,69,22,114,42,160,202,316
11/10/2007,SJT,TX,ASW,CE,Federal Contract Tower,0,14,15,0,29,0,0,22,0,22,0,14,37,0,51,20,4,24,75
11/11/2007,SJT,TX,ASW,CE,Federal Contract Tower,0,12,22,3,37,0,0,30,0,30,0,12,52,3,67,0,22,22,89
11/12/2007,SJT,TX,ASW,CE,Federal Contract Tower,2,16,22,0,40,0,2,17,0,19,2,18,39,0,59,14,0,14,73
11/13/2007,SJT,TX,ASW,CE,Federal Contract Tower,0,19,30,50,99,0,4,35,0,39,0,23,65,50,138,44,348,392,530
11/14/2007,SJT,TX,ASW,CE,Federal Contract Tower,0,24,26,42,92,0,3,35,0,38,0,27,61,42,130,56,258,314,444
11/15/2007,SJT,TX,ASW,CE,Federal Contract Tower,0,20,11,40,71,0,2,56,0,58,0,22,67,40,129,70,182,252,381
11/16/2007,SJT,TX,ASW,CE,Federal Contract Tower,0,24,32,17,73,0,4,40,0,44,0,28,72,17,117,46,74,120,237
11/17/2007,SJT,TX,ASW,CE,Federal Contract Tower,0,14,6,7,27,0,1,34,7,42,0,15,40,14,69,28,34,62,131
11/18/2007,SJT,TX,ASW,CE,Federal Contract Tower,0,12,21,13,46,0,0,39,10,49,0,12,60,23,95,36,56,92,187
11/19/2007,SJT,TX,ASW,CE,Federal Contract Tower,0,17,11,11,39,0,4,33,0,37,0,21,44,11,76,46,118,164,240
11/20/2007,SJT,TX,ASW,CE,Federal Contract Tower,0,22,39,10,71,0,2,12,0,14,0,24,51,10,85,66,60,126,211
11/21/2007,SJT,TX,ASW,CE,Federal Contract Tower,0,22,16,27,65,0,1,18,0,19,0,23,34,27,84,18,116,134,218
11/22/2007,SJT,TX,ASW,CE,Federal Contract Tower,0,8,5,0,13,0,3,0,0,3,0,11,5,0,16,4,0,4,20
11/23/2007,SJT,TX,ASW,CE,Federal Contract Tower,0,23,7,0,30,0,0,17,0,17,0,23,24,0,47,22,0,22,69
11/24/2007,SJT,TX,ASW,CE,Federal Contract Tower,0,17,5,0,22,0,0,0,0,0,0,17,5,0,22,0,0,0,22
11/25/2007,SJT,TX,ASW,CE,Federal Contract Tower,0,12,5,0,17,0,0,0,0,0,0,12,5,0,17,0,0,0,17
11/26/2007,SJT,TX,ASW,CE,Federal Contract Tower,0,17,27,36,80,0,1,30,0,31,0,18,57,36,111,34,228,262,373
11/27/2007,SJT,TX,ASW,CE,Federal Contract Tower,0,22,17,32,71,0,2,65,0,67,0,24,82,32,138,128,164,292,430
11/28/2007,SJT,TX,ASW,CE,Federal Contract Tower,0,19,16,55,90,0,0,48,0,48,0,19,64,55,138,104,314,418,556
11/29/2007,SJT,TX,ASW,CE,Federal Contract Tower,0,20,14,1,35,0,5,46,0,51,0,25,60,1,86,54,8,62,148
11/30/2007,SJT,TX,ASW,CE,Federal Contract Tower,0,26,22,33,81,0,0,12,0,12,0,26,34,33,93,2,334,336,429
12/01/2007,SJT,TX,ASW,CE,Federal Contract Tower,1,17,16,2,36,0,0,4,0,4,1,17,20,2,40,20,20,40,80
12/02/2007,SJT,TX,ASW,CE,Federal Contract Tower,0,12,11,20,43,0,0,22,1,23,0,12,33,21,66,20,124,144,210
12/03/2007,SJT,TX,ASW,CE,Federal Contract Tower,0,16,12,29,57,0,4,30,0,34,0,20,42,29,91,36,264,300,391
12/04/2007,SJT,TX,ASW,CE,Federal Contract Tower,2,19,21,20,62,0,5,44,0,49,2,24,65,20,111,86,122,208,319
12/05/2007,SJT,TX,ASW,CE,Federal Contract Tower,0,19,8,30,57,0,6,40,0,46,0,25,48,30,103,72,250,322,425
12/06/2007,SJT,TX,ASW,CE,Federal Contract Tower,0,22,24,19,65,0,6,45,0,51,0,28,69,19,116,40,172,212,328
12/07/2007,SJT,TX,ASW,CE,Federal Contract Tower,0,21,22,33,76,0,4,29,0,33,0,25,51,33,109,30,220,250,359
12/08/2007,SJT,TX,ASW,CE,Federal Contract Tower,0,16,13,3,32,0,0,27,0,27,0,16,40,3,59,42,0,42,101
12/09/2007,SJT,TX,ASW,CE,Federal Contract Tower,2,14,17,0,33,0,0,0,0,0,2,14,17,0,33,0,0,0,33
12/10/2007,SJT,TX,ASW,CE,Federal Contract Tower,0,12,8,1,21,0,0,0,0,0,0,12,8,1,21,0,10,10,31
12/11/2007,SJT,TX,ASW,CE,Federal Contract Tower,0,25,18,13,56,0,5,8,0,13,0,30,26,13,69,16,42,58,127
12/12/2007,SJT,TX,ASW,CE,Federal Contract Tower,0,26,30,20,76,0,3,5,0,8,0,29,35,20,84,34,80,114,198
12/13/2007,SJT,TX,ASW,CE,Federal Contract Tower,2,23,20,16,61,0,3,50,0,53,2,26,70,16,114,150,44,194,308
12/14/2007,SJT,TX,ASW,CE,Federal Contract Tower,2,26,35,36,99,0,4,0,0,4,2,30,35,36,103,14,174,188,291
12/15/2007,SJT,TX,ASW,CE,Federal Contract Tower,0,16,14,0,30,0,1,16,1,18,0,17,30,1,48,8,0,8,56
12/16/2007,SJT,TX,ASW,CE,Federal Contract Tower,0,12,23,2,37,0,0,35,2,37,0,12,58,4,74,22,14,36,110
12/17/2007,SJT,TX,ASW,CE,Federal Contract Tower,0,19,23,21,63,0,6,46,0,52,0,25,69,21,115,56,204,260,375
12/18/2007,SJT,TX,ASW,CE,Federal Contract Tower,0,25,21,17,63,0,4,50,0,54,0,29,71,17,117,96,102,198,315
12/19/2007,SJT,TX,ASW,CE,Federal Contract Tower,0,25,29,46,100,0,4,33,0,37,0,29,62,46,137,112,224,336,473
12/20/2007,SJT,TX,ASW,CE,Federal Contract Tower,0,23,16,7,46,0,3,42,0,45,0,26,58,7,91,42,108,150,241
12/21/2007,SJT,TX,ASW,CE,Federal Contract Tower,0,24,11,17,52,0,3,39,0,42,0,27,50,17,94,26,154,180,274
12/22/2007,SJT,TX,ASW,CE,Federal Contract Tower,0,17,6,0,23,0,1,9,0,10,0,18,15,0,33,8,0,8,41
12/23/2007,SJT,TX,ASW,CE,Federal Contract Tower,0,12,7,0,19,0,0,32,0,32,0,12,39,0,51,20,0,20,71
12/24/2007,SJT,TX,ASW,CE,Federal Contract Tower,0,14,4,0,18,0,6,13,0,19,0,20,17,0,37,2,0,2,39
12/25/2007,SJT,TX,ASW,CE,Federal Contract Tower,0,10,1,0,11,0,0,14,0,14,0,10,15,0,25,42,0,42,67
12/26/2007,SJT,TX,ASW,CE,Federal Contract Tower,0,23,17,0,40,0,1,13,0,14,0,24,30,0,54,38,12,50,104
12/27/2007,SJT,TX,ASW,CE,Federal Contract Tower,0,25,20,4,49,0,0,31,0,31,0,25,51,4,80,30,10,40,120
12/28/2007,SJT,TX,ASW,CE,Federal Contract Tower,0,20,22,0,42,0,4,28,0,32,0,24,50,0,74,16,0,16,90
12/29/2007,SJT,TX,ASW,CE,Federal Contract Tower,0,18,15,0,33,0,3,33,0,36,0,21,48,0,69,14,0,14,83
12/30/2007,SJT,TX,ASW,CE,Federal Contract Tower,0,12,18,0,30,0,0,27,0,27,0,12,45,0,57,0,0,0,57
12/31/2007,SJT,TX,ASW,CE,Federal Contract Tower,0,14,5,0,19,0,4,11,0,15,0,18,16,0,34,4,0,4,38
01/01/2008,SJT,TX,ASW,CE,Federal Contract Tower,0,13,2,0,15,0,0,17,0,17,0,13,19,0,32,16,0,16,48
01/02/2008,SJT,TX,ASW,CE,Federal Contract Tower,0,19,21,0,40,0,5,27,0,32,0,24,48,0,72,34,0,34,106
01/03/2008,SJT,TX,ASW,CE,Federal Contract Tower,0,22,22,8,52,0,2,19,0,21,0,24,41,8,73,44,186,230,303
01/04/2008,SJT,TX,ASW,CE,Federal Contract Tower,0,17,15,16,48,0,4,16,0,20,0,21,31,16,68,12,206,218,286
01/05/2008,SJT,TX,ASW,CE,Federal Contract Tower,0,12,13,0,25,0,2,21,0,23,0,14,34,0,48,14,0,14,62
01/06/2008,SJT,TX,ASW,CE,Federal Contract Tower,0,11,15,17,43,0,4,16,20,40,0,15,31,37,83,12,26,38,121
01/07/2008,SJT,TX,ASW,CE,Federal Contract Tower,4,10,14,44,72,0,3,22,0,25,4,13,36,44,97,20,196,216,313
01/08/2008,SJT,TX,ASW,CE,Federal Contract Tower,2,17,22,42,83,0,3,30,0,33,2,20,52,42,116,50,256,306,422
01/09/2008,SJT,TX,ASW,CE,Federal Contract Tower,2,16,19,32,69,0,2,32,0,34,2,18,51,32,103,42,192,234,337
01/10/2008,SJT,TX,ASW,CE,Federal Contract Tower,2,15,12,32,61,0,5,51,0,56,2,20,63,32,117,48,216,264,381
01/11/2008,SJT,TX,ASW,CE,Federal Contract Tower,2,19,22,32,75,0,3,38,0,41,2,22,60,32,116,44,206,250,366
01/12/2008,SJT,TX,ASW,CE,Federal Contract Tower,0,12,10,0,22,0,3,47,0,50,0,15,57,0,72,50,0,50,122
01/13/2008,SJT,TX,ASW,CE,Federal Contract Tower,0,10,17,15,42,0,0,37,0,37,0,10,54,15,79,32,52,84,163
01/14/2008,SJT,TX,ASW,CE,Federal Contract Tower,0,13,10,10,33,0,4,31,0,35,0,17,41,10,68,42,176,218,286
01/15/2008,SJT,TX,ASW,CE,Federal Contract Tower,0,19,25,27,71,0,4,13,0,17,0,23,38,27,88,54,198,252,340
01/16/2008,SJT,TX,ASW,CE,Federal Contract Tower,2,20,19,53,94,0,3,31,0,34,2,23,50,53,128,66,232,298,426
01/17/2008,SJT,TX,ASW,CE,Federal Contract Tower,2,21,24,37,84,0,3,11,0,14,2,24,35,37,98,54,348,402,500
01/18/2008,SJT,TX,ASW,CE,Federal Contract Tower,0,22,20,29,71,0,1,23,0,24,0,23,43,29,95,54,294,348,443
01/19/2008,SJT,TX,ASW,CE,Federal Contract Tower,2,11,9,0,22,0,0,48,0,48,2,11,57,0,70,28,0,28,98
01/20/2008,SJT,TX,ASW,CE,Federal Contract Tower,0,9,16,1,26,0,0,32,2,34,0,9,48,3,60,6,0,6,66
01/21/2008,SJT,TX,ASW,CE,Federal Contract Tower,2,12,7,0,21,0,1,21,0,22,2,13,28,0,43,8,0,8,51
01/22/2008,SJT,TX,ASW,CE,Federal Contract Tower,3,12,8,8,31,0,0,0,0,0,3,12,8,8,31,0,26,26,57
01/23/2008,SJT,TX,ASW,CE,Federal Contract Tower,2,19,16,8,45,0,0,0,0,0,2,19,16,8,45,8,16,24,69
01/24/2008,SJT,TX,ASW,CE,Federal Contract Tower,2,19,8,24,53,0,2,7,0,9,2,21,15,24,62,4,144,148,210
01/25/2008,SJT,TX,ASW,CE,Federal Contract Tower,0,18,11,19,48,0,1,1,0,2,0,19,12,19,50,0,110,110,160
01/26/2008,SJT,TX,ASW,CE,Federal Contract Tower,9,12,13,4,38,0,1,45,8,54,9,13,58,12,92,78,82,160,252
01/27/2008,SJT,TX,ASW,CE,Federal Contract Tower,1,11,14,7,33,0,0,45,1,46,1,11,59,8,79,58,38,96,175
01/28/2008,SJT,TX,ASW,CE,Federal Contract Tower,5,16,14,47,82,0,1,16,0,17,5,17,30,47,99,14,164,178,277
01/29/2008,SJT,TX,ASW,CE,Federal Contract Tower,2,17,17,19,55,0,5,16,0,21,2,22,33,19,76,30,92,122,198
01/30/2008,SJT,TX,ASW,CE,Federal Contract Tower,2,18,20,31,71,0,3,29,0,32,2,21,49,31,103,44,224,268,371
01/31/2008,SJT,TX,ASW,CE,Federal Contract Tower,4,19,16,10,49,0,5,14,0,19,4,24,30,10,68,8,30,38,106
02/01/2008,SJT,TX,ASW,CE,Federal Contract Tower,0,25,24,21,70,0,4,26,0,30,0,29,50,21,100,28,240,268,368
02/02/2008,SJT,TX,ASW,CE,Federal Contract Tower,0,17,16,0,33,0,4,57,0,61,0,21,73,0,94,134,0,134,228
02/03/2008,SJT,TX,ASW,CE,Federal Contract Tower,3,10,16,0,29,0,0,43,0,43,3,10,59,0,72,24,0,24,96
02/04/2008,SJT,TX,ASW,CE,Federal Contract Tower,4,11,14,25,54,0,3,29,0,32,4,14,43,25,86,88,136,224,310
02/05/2008,SJT,TX,ASW,CE,Federal Contract Tower,2,15,27,37,81,0,4,16,0,20,2,19,43,37,101,34,192,226,327
02/06/2008,SJT,TX,ASW,CE,Federal Contract Tower,2,16,20,20,58,0,4,27,0,31,2,20,47,20,89,58,202,260,349
02/07/2008,SJT,TX,ASW,CE,Federal Contract Tower,2,20,30,24,76,0,4,24,0,28,2,24,54,24,104,58,184,242,346
02/08/2008,SJT,TX,ASW,CE,Federal Contract Tower,1,21,14,19,55,0,2,32,0,34,1,23,46,19,89,6,216,222,311
02/09/2008,SJT,TX,ASW,CE,Federal Contract Tower,0,15,24,0,39,0,2,47,30,79,0,17,71,30,118,188,0,188,306
02/10/2008,SJT,TX,ASW,CE,Federal Contract Tower,2,9,11,4,26,0,0,12,0,12,2,9,23,4,38,18,40,58,96
02/11/2008,SJT,TX,ASW,CE,Federal Contract Tower,5,11,24,24,64,0,5,17,0,22,5,16,41,24,86,50,82,132,218
02/12/2008,SJT,TX,ASW,CE,Federal Contract Tower,4,16,31,37,88,0,6,37,0,43,4,22,68,37,131,82,232,314,445
02/13/2008,SJT,TX,ASW,CE,Federal Contract Tower,2,20,36,19,77,0,4,48,0,52,2,24,84,19,129,96,140,236,365
02/14/2008,SJT,TX,ASW,CE,Federal Contract Tower,2,18,11,29,60,0,4,22,0,26,2,22,33,29,86,44,254,298,384
02/15/2008,SJT,TX,ASW,CE,Federal Contract Tower,2,18,10,21,51,0,1,2,0,3,2,19,12,21,54,6,194,200,254
02/16/2008,SJT,TX,ASW,CE,Federal Contract Tower,1,9,7,2,19,0,2,5,0,7,1,11,12,2,26,6,0,6,32
02/17/2008,SJT,TX,ASW,CE,Federal Contract Tower,0,12,10,0,22,0,0,48,2,50,0,12,58,2,72,176,4,180,252
02/18/2008,SJT,TX,ASW,CE,Federal Contract Tower,2,12,11,10,35,0,4,45,7,56,2,16,56,17,91,92,36,128,219
02/19/2008,SJT,TX,ASW,CE,Federal Contract Tower,2,17,19,46,84,0,4,45,0,49,2,21,64,46,133,110,316,426,559
02/20/2008,SJT,TX,ASW,CE,Federal Contract Tower,3,16,27,38,84,0,2,39,0,41,3,18,66,38,125,140,240,380,505
02/21/2008,SJT,TX,ASW,CE,Federal Contract Tower,2,18,38,17,75,0,2,13,0,15,2,20,51,17,90,69,132,201,291
02/22/2008,SJT,TX,ASW,CE,Federal Contract Tower,5,18,20,34,77,0,4,28,0,32,5,22,48,34,109,20,328,348,457
02/23/2008,SJT,TX,ASW,CE,Federal Contract Tower,0,11,11,12,34,0,0,26,0,26,0,11,37,12,60,22,48,70,130
02/24/2008,SJT,TX,ASW,CE,Federal Contract Tower,0,12,20,9,41,0,1,40,0,41,0,13,60,9,82,46,44,90,172
02/25/2008,SJT,TX,ASW,CE,Federal Contract Tower,6,9,9,28,52,0,5,12,0,17,6,14,21,28,69,12,110,122,191
02/26/2008,SJT,TX,ASW,CE,Federal Contract Tower,2,17,21,47,87,0,5,48,0,53,2,22,69,47,140,106,230,336,476
02/27/2008,SJT,TX,ASW,CE,Federal Contract Tower,2,22,11,33,68,0,4,42,0,46,2,26,53,33,114,92,224,316,430
02/28/2008,SJT,TX,ASW,CE,Federal Contract Tower,4,14,18,32,68,0,4,33,0,37,4,18,51,32,105,40,210,250,355
02/29/2008,SJT,TX,ASW,CE,Federal Contract Tower,2,17,16,28,63,0,6,27,0,33,2,23,43,28,96,54,196,250,346
03/01/2008,SJT,TX,ASW,CE,Federal Contract Tower,0,11,19,8,38,0,3,30,0,33,0,14,49,8,71,50,36,86,157
03/02/2008,SJT,TX,ASW,CE,Federal Contract Tower,0,11,18,16,45,0,0,12,0,12,0,11,30,16,57,2,76,78,135
03/03/2008,SJT,TX,ASW,CE,Federal Contract Tower,1,10,14,7,32,0,4,6,7,17,1,14,20,14,49,4,28,32,81
03/04/2008,SJT,TX,ASW,CE,Federal Contract Tower,2,18,19,60,99,0,6,38,0,44,2,24,57,60,143,36,142,178,321
03/05/2008,SJT,TX,ASW,CE,Federal Contract Tower,1,18,25,21,65,0,4,58,0,62,1,22,83,21,127,78,124,202,329
03/06/2008,SJT,TX,ASW,CE,Federal Contract Tower,1,14,18,4,37,0,0,14,0,14,1,14,32,4,51,14,18,32,83
03/07/2008,SJT,TX,ASW,CE,Federal Contract Tower,1,20,23,25,69,0,2,35,0,37,1,22,58,25,106,40,164,204,310
03/08/2008,SJT,TX,ASW,CE,Federal Contract Tower,1,9,20,4,34,0,4,39,0,43,1,13,59,4,77,70,10,80,157
03/09/2008,SJT,TX,ASW,CE,Federal Contract Tower,1,10,16,7,34,0,0,19,0,19,1,10,35,7,53,18,32,50,103
03/10/2008,SJT,TX,ASW,CE,Federal Contract Tower,1,15,11,7,34,0,2,34,0,36,1,17,45,7,70,30,46,76,146
03/11/2008,SJT,TX,ASW,CE,Federal Contract Tower,1,18,18,10,47,0,5,53,0,58,1,23,71,10,105,90,106,196,301
03/12/2008,SJT,TX,ASW,CE,Federal Contract Tower,1,17,20,17,55,0,7,41,0,48,1,24,61,17,103,24,144,168,271
03/13/2008,SJT,TX,ASW,CE,Federal Contract Tower,1,17,14,27,59,0,4,45,2,51,1,21,59,29,110,24,110,134,244
03/14/2008,SJT,TX,ASW,CE,Federal Contract Tower,1,16,6,37,60,0,2,27,0,29,1,18,33,37,89,14,538,552,641
03/15/2008,SJT,TX,ASW,CE,Federal Contract Tower,1,9,6,3,19,0,1,86,42,129,1,10,92,45,148,242,190,432,580
03/16/2008,SJT,TX,ASW,CE,Federal Contract Tower,1,10,13,7,31,0,0,38,9,47,1,10,51,16,78,4,14,18,96
03/17/2008,SJT,TX,ASW,CE,Federal Contract Tower,1,17,8,22,48,0,0,11,0,11,1,17,19,22,59,12,128,140,199
03/18/2008,SJT,TX,ASW,CE,Federal Contract Tower,0,17,10,6,33,0,0,1,0,1,0,17,11,6,34,0,18,18,52
03/19/2008,SJT,TX,ASW,CE,Federal Contract Tower,1,17,15,19,52,0,3,34,0,37,1,20,49,19,89,24,56,80,169
03/20/2008,SJT,TX,ASW,CE,Federal Contract Tower,1,23,16,34,74,0,4,41,0,45,1,27,57,34,119,16,228,244,363
03/21/2008,SJT,TX,ASW,CE,Federal Contract Tower,1,19,13,13,46,0,4,29,0,33,1,23,42,13,79,6,74,80,159
03/22/2008,SJT,TX,ASW,CE,Federal Contract Tower,1,10,8,2,21,0,1,41,0,42,1,11,49,2,63,40,16,56,119
03/23/2008,SJT,TX,ASW,CE,Federal Contract Tower,1,9,5,0,15,0,0,4,0,4,1,9,9,0,19,0,0,0,19
03/24/2008,SJT,TX,ASW,CE,Federal Contract Tower,1,13,28,16,58,0,5,34,0,39,1,18,62,16,97,16,172,188,285
03/25/2008,SJT,TX,ASW,CE,Federal Contract Tower,1,17,18,18,54,0,7,32,0,39,1,24,50,18,93,20,168,188,281
03/26/2008,SJT,TX,ASW,CE,Federal Contract Tower,1,18,7,24,50,0,4,54,0,58,1,22,61,24,108,102,208,310,418
03/27/2008,SJT,TX,ASW,CE,Federal Contract Tower,0,20,30,22,72,0,2,33,0,35,0,22,63,22,107,90,86,176,283
03/28/2008,SJT,TX,ASW,CE,Federal Contract Tower,1,23,33,15,72,0,0,5,0,5,1,23,38,15,77,68,40,108,185
03/29/2008,SJT,TX,ASW,CE,Federal Contract Tower,1,13,21,0,35,0,0,6,0,6,1,13,27,0,41,36,0,36,77
03/30/2008,SJT,TX,ASW,CE,Federal Contract Tower,1,9,21,7,38,0,0,36,3,39,1,9,57,10,77,46,22,68,145
03/31/2008,SJT,TX,ASW,CE,Federal Contract Tower,1,10,18,45,74,0,6,25,0,31,1,16,43,45,105,32,216,248,353
04/01/2008,SJT,TX,ASW,CE,Federal Contract Tower,1,18,13,53,85,0,4,28,0,32,1,22,41,53,117,16,374,390,507
04/02/2008,SJT,TX,ASW,CE,Federal Contract Tower,1,19,23,34,77,0,2,4,0,6,1,21,27,34,83,8,168,176,259
04/03/2008,SJT,TX,ASW,CE,Federal Contract Tower,1,19,35,20,75,0,3,16,0,19,1,22,51,20,94,14,182,196,290
04/04/2008,SJT,TX,ASW,CE,Federal Contract Tower,1,18,18,30,67,0,3,27,0,30,1,21,45,30,97,50,196,246,343
04/05/2008,SJT,TX,ASW,CE,Federal Contract Tower,3,10,15,1,29,0,1,32,0,33,3,11,47,1,62,36,12,48,110
04/06/2008,SJT,TX,ASW,CE,Federal Contract Tower,2,10,22,7,41,0,0,32,6,38,2,10,54,13,79,14,14,28,107
04/07/2008,SJT,TX,ASW,CE,Federal Contract Tower,3,15,12,13,43,0,2,18,0,20,3,17,30,13,63,4,36,40,103
04/08/2008,SJT,TX,ASW,CE,Federal Contract Tower,1,22,28,5,56,0,3,23,5,31,1,25,51,10,87,42,12,54,141
04/09/2008,SJT,TX,ASW,CE,Federal Contract Tower,3,29,24,10,66,0,2,9,0,11,3,31,33,10,77,28,74,102,179
04/10/2008,SJT,TX,ASW,CE,Federal Contract Tower,3,21,13,8,45,0,2,19,0,21,3,23,32,8,66,4,40,44,110
04/11/2008,SJT,TX,ASW,CE,Federal Contract Tower,0,25,28,22,75,0,0,32,0,32,0,25,60,22,107,152,94,246,353
04/12/2008,SJT,TX,ASW,CE,Federal Contract Tower,3,17,11,2,33,0,1,46,0,47,3,18,57,2,80,80,14,94,174
04/13/2008,SJT,TX,ASW,CE,Federal Contract Tower,5,14,8,5,32,0,0,37,9,46,5,14,45,14,78,94,20,114,192
04/14/2008,SJT,TX,ASW,CE,Federal Contract Tower,3,14,13,22,52,0,4,41,0,45,3,18,54,22,97,60,58,118,215
04/15/2008,SJT,TX,ASW,CE,Federal Contract Tower,3,23,17,25,68,0,8,27,0,35,3,31,44,25,103,36,84,120,223
04/16/2008,SJT,TX,ASW,CE,Federal Contract Tower,5,17,21,20,63,0,4,17,0,21,5,21,38,20,84,28,142,170,254
04/17/2008,SJT,TX,ASW,CE,Federal Contract Tower,4,27,39,20,90,0,1,18,0,19,4,28,57,20,109,92,148,240,349
04/18/2008,SJT,TX,ASW,CE,Federal Contract Tower,5,14,24,8,51,0,3,39,0,42,5,17,63,8,93,36,70,106,199
04/19/2008,SJT,TX,ASW,CE,Federal Contract Tower,3,13,10,1,27,0,2,45,1,48,3,15,55,2,75,152,6,158,233
04/20/2008,SJT,TX,ASW,CE,Federal Contract Tower,3,9,13,14,39,0,0,27,0,27,3,9,40,14,66,28,44,72,138
04/21/2008,SJT,TX,ASW,CE,Federal Contract Tower,3,17,22,21,63,0,3,27,0,30,3,20,49,21,93,38,52,90,183
04/22/2008,SJT,TX,ASW,CE,Federal Contract Tower,3,19,30,36,88,0,3,23,0,26,3,22,53,36,114,126,332,458,572
04/23/2008,SJT,TX,ASW,CE,Federal Contract Tower,3,24,20,16,63,0,0,3,0,3,3,24,23,16,66,44,86,130,196
04/24/2008,SJT,TX,ASW,CE,Federal Contract Tower,3,24,26,4,57,0,5,47,0,52,3,29,73,4,109,64,38,102,211
04/25/2008,SJT,TX,ASW,CE,Federal Contract Tower,4,19,22,21,66,0,4,30,0,34,4,23,52,21,100,56,176,232,332
04/26/2008,SJT,TX,ASW,CE,Federal Contract Tower,2,16,8,1,27,0,2,43,1,46,2,18,51,2,73,16,8,24,97
04/27/2008,SJT,TX,ASW,CE,Federal Contract Tower,4,9,3,19,35,0,0,17,1,18,4,9,20,20,53,36,34,70,123
04/28/2008,SJT,TX,ASW,CE,Federal Contract Tower,3,12,18,30,63,0,2,81,0,83,3,14,99,30,146,76,158,234,380
04/29/2008,SJT,TX,ASW,CE,Federal Contract Tower,4,20,26,35,85,0,6,51,0,57,4,26,77,35,142,64,168,232,374
04/30/2008,SJT,TX,ASW,CE,Federal Contract Tower,4,24,22,43,93,0,3,42,0,45,4,27,64,43,138,90,92,182,320
05/01/2008,SJT,TX,ASW,CE,Federal Contract Tower,3,20,26,13,62,0,4,30,0,34,3,24,56,13,96,32,78,110,206
05/02/2008,SJT,TX,ASW,CE,Federal Contract Tower,3,18,15,32,68,0,2,35,0,37,3,20,50,32,105,100,310,410,515
05/03/2008,SJT,TX,ASW,CE,Federal Contract Tower,3,8,9,0,20,0,3,20,8,31,3,11,29,8,51,26,0,26,77
05/04/2008,SJT,TX,ASW,CE,Federal Contract Tower,1,10,10,6,27,0,0,24,0,24,1,10,34,6,51,26,10,36,87
05/05/2008,SJT,TX,ASW,CE,Federal Contract Tower,3,17,17,1,38,0,1,14,0,15,3,18,31,1,53,10,0,10,63
05/06/2008,SJT,TX,ASW,CE,Federal Contract Tower,7,19,16,15,57,0,1,29,0,30,7,20,45,15,87,38,26,64,151
05/07/2008,SJT,TX,ASW,CE,Federal Contract Tower,3,21,20,6,50,0,1,19,0,20,3,22,39,6,70,48,28,76,146
05/08/2008,SJT,TX,ASW,CE,Federal Contract Tower,3,20,28,8,59,0,7,37,0,44,3,27,65,8,103,126,16,142,245
05/09/2008,SJT,TX,ASW,CE,Federal Contract Tower,3,22,17,14,56,0,2,50,0,52,3,24,67,14,108,34,38,72,180
05/10/2008,SJT,TX,ASW,CE,Federal Contract Tower,3,12,19,3,37,0,0,26,0,26,3,12,45,3,63,76,6,82,145
05/11/2008,SJT,TX,ASW,CE,Federal Contract Tower,3,9,5,1,18,0,0,40,0,40,3,9,45,1,58,18,0,18,76
05/12/2008,SJT,TX,ASW,CE,Federal Contract Tower,3,15,14,20,52,0,4,30,0,34,3,19,44,20,86,34,128,162,248
05/13/2008,SJT,TX,ASW,CE,Federal Contract Tower,3,24,18,11,56,0,2,20,0,22,3,26,38,11,78,26,142,168,246
05/14/2008,SJT,TX,ASW,CE,Federal Contract Tower,3,20,14,25,62,0,1,23,0,24,3,21,37,25,86,40,406,446,532
05/15/2008,SJT,TX,ASW,CE,Federal Contract Tower,3,22,27,15,67,0,2,27,0,29,3,24,54,15,96,68,124,192,288
05/16/2008,SJT,TX,ASW,CE,Federal Contract Tower,3,17,18,23,61,0,3,34,0,37,3,20,52,23,98,28,134,162,260
05/17/2008,SJT,TX,ASW,CE,Federal Contract Tower,3,13,7,0,23,0,1,10,4,15,3,14,17,4,38,38,0,38,76
05/18/2008,SJT,TX,ASW,CE,Federal Contract Tower,3,11,15,35,64,0,0,51,0,51,3,11,66,35,115,24,118,142,257
05/19/2008,SJT,TX,ASW,CE,Federal Contract Tower,3,12,8,24,47,0,4,37,0,41,3,16,45,24,88,46,100,146,234
05/20/2008,SJT,TX,ASW,CE,Federal Contract Tower,3,20,12,12,47,0,8,51,0,59,3,28,63,12,106,62,56,118,224
05/21/2008,SJT,TX,ASW,CE,Federal Contract Tower,3,22,10,25,60,0,3,40,0,43,3,25,50,25,103,18,138,156,259
05/22/2008,SJT,TX,ASW,CE,Federal Contract Tower,3,19,16,3,41,0,4,25,1,30,3,23,41,4,71,6,12,18,89
05/23/2008,SJT,TX,ASW,CE,Federal Contract Tower,3,25,22,14,64,0,3,16,0,19,3,28,38,14,83,38,126,164,247
05/24/2008,SJT,TX,ASW,CE,Federal Contract Tower,6,8,11,4,29,0,3,56,0,59,6,11,67,4,88,124,24,148,236
05/25/2008,SJT,TX,ASW,CE,Federal Contract Tower,5,8,6,0,19,0,0,14,4,18,5,8,20,4,37,0,0,0,37
05/26/2008,SJT,TX,ASW,CE,Federal Contract Tower,3,9,14,0,26,0,0,17,0,17,3,9,31,0,43,24,0,24,67
05/27/2008,SJT,TX,ASW,CE,Federal Contract Tower,1,19,19,27,66,0,2,22,0,24,1,21,41,27,90,2,80,82,172
05/28/2008,SJT,TX,ASW,CE,Federal Contract Tower,3,17,21,23,64,0,4,26,0,30,3,21,47,23,94,42,140,182,276
05/29/2008,SJT,TX,ASW,CE,Federal Contract Tower,4,23,22,39,88,0,3,36,0,39,4,26,58,39,127,62,168,230,357
05/30/2008,SJT,TX,ASW,CE,Federal Contract Tower,4,20,18,14,56,0,2,26,0,28,4,22,44,14,84,16,124,140,224
05/31/2008,SJT,TX,ASW,CE,Federal Contract Tower,3,11,8,1,23,0,2,27,4,33,3,13,35,5,56,36,10,46,102
06/01/2008,SJT,TX,ASW,CE,Federal Contract Tower,3,14,11,13,41,0,0,36,0,36,3,14,47,13,77,0,46,46,123
06/02/2008,SJT,TX,ASW,CE,Federal Contract Tower,5,12,12,13,42,0,4,19,0,23,5,16,31,13,65,8,76,84,149
06/03/2008,SJT,TX,ASW,CE,Federal Contract Tower,4,17,14,24,59,0,5,37,0,42,4,22,51,24,101,36,132,168,269
06/04/2008,SJT,TX,ASW,CE,Federal Contract Tower,3,19,14,13,49,0,3,26,0,29,3,22,40,13,78,32,68,100,178
06/05/2008,SJT,TX,ASW,CE,Federal Contract Tower,3,17,13,21,54,0,4,36,0,40,3,21,49,21,94,38,42,80,174
06/06/2008,SJT,TX,ASW,CE,Federal Contract Tower,3,18,17,19,57,0,2,19,0,21,3,20,36,19,78,18,134,152,230
06/07/2008,SJT,TX,ASW,CE,Federal Contract Tower,3,12,4,2,21,0,1,16,0,17,3,13,20,2,38,22,0,22,60
06/08/2008,SJT,TX,ASW,CE,Federal Contract Tower,3,10,8,4,25,0,0,25,4,29,3,10,33,8,54,2,6,8,62
06/09/2008,SJT,TX,ASW,CE,Federal Contract Tower,5,15,15,9,44,0,1,14,0,15,5,16,29,9,59,8,40,48,107
06/10/2008,SJT,TX,ASW,CE,Federal Contract Tower,3,17,11,24,55,0,5,45,0,50,3,22,56,24,105,104,126,230,335
06/11/2008,SJT,TX,ASW,CE,Federal Contract Tower,3,17,29,34,83,0,7,35,0,42,3,24,64,34,125,60,156,216,341
06/12/2008,SJT,TX,ASW,CE,Federal Contract Tower,3,22,36,18,79,0,4,8,0,12,3,26,44,18,91,38,174,212,303
06/13/2008,SJT,TX,ASW,CE,Federal Contract Tower,3,26,23,13,65,0,1,15,0,16,3,27,38,13,81,56,104,160,241
06/14/2008,SJT,TX,ASW,CE,Federal Contract Tower,2,17,13,0,32,0,1,46,0,47,2,18,59,0,79,46,0,46,125
06/15/2008,SJT,TX,ASW,CE,Federal Contract Tower,3,9,10,4,26,0,0,20,0,20,3,9,30,4,46,40,8,48,94
06/16/2008,SJT,TX,ASW,CE,Federal Contract Tower,3,12,22,14,51,0,4,30,0,34,3,16,52,14,85,30,92,122,207
06/17/2008,SJT,TX,ASW,CE,Federal Contract Tower,3,16,18,29,66,0,3,42,0,45,3,19,60,29,111,40,138,178,289
06/18/2008,SJT,TX,ASW,CE,Federal Contract Tower,3,18,25,16,62,0,4,32,0,36,3,22,57,16,98,46,90,136,234
06/19/2008,SJT,TX,ASW,CE,Federal Contract Tower,3,16,12,13,44,0,3,27,0,30,3,19,39,13,74,28,132,160,234
06/20/2008,SJT,TX,ASW,CE,Federal Contract Tower,6,17,12,16,51,0,4,38,0,42,6,21,50,16,93,14,66,80,173
06/21/2008,SJT,TX,ASW,CE,Federal Contract Tower,5,10,12,1,28,0,2,45,0,47,5,12,57,1,75,32,0,32,107
06/22/2008,SJT,TX,ASW,CE,Federal Contract Tower,3,10,10,11,34,0,0,19,3,22,3,10,29,14,56,0,26,26,82
06/23/2008,SJT,TX,ASW,CE,Federal Contract Tower,3,13,6,27,49,0,3,41,0,44,3,16,47,27,93,20,110,130,223
06/24/2008,SJT,TX,ASW,CE,Federal Contract Tower,3,19,21,16,59,0,3,37,0,40,3,22,58,16,99,10,60,70,169
06/25/2008,SJT,TX,ASW,CE,Federal Contract Tower,5,22,21,18,66,0,5,26,0,31,5,27,47,18,97,44,150,194,291
06/26/2008,SJT,TX,ASW,CE,Federal Contract Tower,3,17,5,17,42,0,3,33,0,36,3,20,38,17,78,46,134,180,258
06/27/2008,SJT,TX,ASW,CE,Federal Contract Tower,3,16,13,12,44,0,4,19,0,23,3,20,32,12,67,30,46,76,143
06/28/2008,SJT,TX,ASW,CE,Federal Contract Tower,0,12,20,0,32,0,8,31,0,39,0,20,51,0,71,60,0,60,131
06/29/2008,SJT,TX,ASW,CE,Federal Contract Tower,2,11,6,0,19,0,0,8,0,8,2,11,14,0,27,6,0,6,33
06/30/2008,SJT,TX,ASW,CE,Federal Contract Tower,3,16,10,4,33,0,2,11,0,13,3,18,21,4,46,6,14,20,66
07/01/2008,SJT,TX,ASW,CE,Federal Contract Tower,3,16,20,23,62,3,21,47,12,83,6,37,67,35,145,20,116,136,281
07/02/2008,SJT,TX,ASW,CE,Federal Contract Tower,3,20,14,25,62,3,23,44,13,83,6,43,58,38,145,22,90,112,257
07/03/2008,SJT,TX,ASW,CE,Federal Contract Tower,3,16,15,62,96,3,19,44,31,97,6,35,59,93,193,4,188,192,385
07/04/2008,SJT,TX,ASW,CE,Federal Contract Tower,2,9,8,0,19,2,12,36,0,50,4,21,44,0,69,90,0,90,159
07/05/2008,SJT,TX,ASW,CE,Federal Contract Tower,3,13,12,0,28,3,16,32,0,51,6,29,44,0,79,46,2,48,127
07/06/2008,SJT,TX,ASW,CE,Federal Contract Tower,3,9,16,0,28,3,9,37,0,49,6,18,53,0,77,24,2,26,103
07/07/2008,SJT,TX,ASW,CE,Federal Contract Tower,3,13,19,0,35,3,14,27,4,48,6,27,46,4,83,2,4,6,89
07/08/2008,SJT,TX,ASW,CE,Federal Contract Tower,3,20,19,26,68,3,22,31,18,74,6,42,50,44,142,16,58,74,216
07/09/2008,SJT,TX,ASW,CE,Federal Contract Tower,3,17,16,54,90,3,19,38,24,84,6,36,54,78,174,36,234,270,444
07/10/2008,SJT,TX,ASW,CE,Federal Contract Tower,3,16,19,66,104,3,19,56,40,118,6,35,75,106,222,46,298,344,566
07/11/2008,SJT,TX,ASW,CE,Federal Contract Tower,5,13,11,33,62,5,15,36,15,71,10,28,47,48,133,12,90,102,235
07/12/2008,SJT,TX,ASW,CE,Federal Contract Tower,3,11,9,0,23,3,13,45,0,61,6,24,54,0,84,10,0,10,94
07/13/2008,SJT,TX,ASW,CE,Federal Contract Tower,3,11,11,11,36,3,11,23,2,39,6,22,34,13,75,10,28,38,113
07/14/2008,SJT,TX,ASW,CE,Federal Contract Tower,3,11,9,45,68,3,15,25,19,62,6,26,34,64,130,24,212,236,366
07/15/2008,SJT,TX,ASW,CE,Federal Contract Tower,3,12,19,66,100,3,18,48,34,103,6,30,67,100,203,20,300,320,523
07/16/2008,SJT,TX,ASW,CE,Federal Contract Tower,3,14,9,48,74,3,19,36,23,81,6,33,45,71,155,62,210,272,427
07/17/2008,SJT,TX,ASW,CE,Federal Contract Tower,5,16,23,49,93,5,16,45,15,81,10,32,68,64,174,34,120,154,328
07/18/2008,SJT,TX,ASW,CE,Federal Contract Tower,3,18,15,31,67,3,24,52,14,93,6,42,67,45,160,64,66,130,290
07/19/2008,SJT,TX,ASW,CE,Federal Contract Tower,3,10,6,0,19,3,12,42,2,59,6,22,48,2,78,30,0,30,108
07/20/2008,SJT,TX,ASW,CE,Federal Contract Tower,7,9,4,8,28,7,9,46,8,70,14,18,50,16,98,16,32,48,146
07/21/2008,SJT,TX,ASW,CE,Federal Contract Tower,3,13,19,39,74,3,17,54,29,103,6,30,73,68,177,34,64,98,275
07/22/2008,SJT,TX,ASW,CE,Federal Contract Tower,3,12,13,63,91,3,18,52,49,122,6,30,65,112,213,62,128,190,403
07/23/2008,SJT,TX,ASW,CE,Federal Contract Tower,3,14,18,55,90,3,18,32,29,82,6,32,50,84,172,20,148,168,340
07/24/2008,SJT,TX,ASW,CE,Federal Contract Tower,5,15,16,2,38,5,20,37,5,67,10,35,53,7,105,28,8,36,141
07/25/2008,SJT,TX,ASW,CE,Federal Contract Tower,3,17,23,78,121,3,19,42,44,108,6,36,65,122,229,36,204,240,469
07/26/2008,SJT,TX,ASW,CE,Federal Contract Tower,3,10,3,11,27,3,10,43,6,62,6,20,46,17,89,34,42,76,165
07/27/2008,SJT,TX,ASW,CE,Federal Contract Tower,2,10,10,4,26,2,10,24,3,39,4,20,34,7,65,10,8,18,83
07/28/2008,SJT,TX,ASW,CE,Federal Contract Tower,3,12,24,49,88,3,17,41,26,87,6,29,65,75,175,16,168,184,359
07/29/2008,SJT,TX,ASW,CE,Federal Contract Tower,2,19,17,28,66,2,23,32,22,79,4,42,49,50,145,22,70,92,237
07/30/2008,SJT,TX,ASW,CE,Federal Contract Tower,3,15,18,68,104,3,15,32,30,80,6,30,50,98,184,18,320,338,522
07/31/2008,SJT,TX,ASW,CE,Federal Contract Tower,30,17,16,40,103,3,24,47,15,89,33,41,63,55,192,42,124,166,358
08/01/2008,SJT,TX,ASW,CE,Federal Contract Tower,6,14,12,51,83,6,19,42,22,89,12,33,54,73,172,148,176,324,496
08/02/2008,SJT,TX,ASW,CE,Federal Contract Tower,4,8,13,2,27,5,11,50,8,74,9,19,63,10,101,72,50,122,223
08/03/2008,SJT,TX,ASW,CE,Federal Contract Tower,5,9,14,29,57,5,10,33,25,73,10,19,47,54,130,0,44,44,174
08/04/2008,SJT,TX,ASW,CE,Federal Contract Tower,5,13,14,78,110,5,20,40,33,98,10,33,54,111,208,28,160,188,396
08/05/2008,SJT,TX,ASW,CE,Federal Contract Tower,3,15,14,86,118,3,17,42,59,121,6,32,56,145,239,4,302,306,545
08/06/2008,SJT,TX,ASW,CE,Federal Contract Tower,3,20,21,8,52,3,26,25,60,114,6,46,46,68,166,2,58,60,226
08/07/2008,SJT,TX,ASW,CE,Federal Contract Tower,5,14,24,84,127,5,18,44,37,104,10,32,68,121,231,58,304,362,593
08/08/2008,SJT,TX,ASW,CE,Federal Contract Tower,3,16,19,78,116,3,20,76,34,133,6,36,95,112,249,56,282,338,587
08/09/2008,SJT,TX,ASW,CE,Federal Contract Tower,3,8,9,0,20,0,0,0,0,0,3,8,9,0,20,6,0,6,26
08/10/2008,SJT,TX,ASW,CE,Federal Contract Tower,30,12,12,4,58,3,13,57,5,78,33,25,69,9,136,28,0,28,164
08/11/2008,SJT,TX,ASW,CE,Federal Contract Tower,1,17,12,41,71,1,21,27,19,68,2,38,39,60,139,2,126,128,267
08/12/2008,SJT,TX,ASW,CE,Federal Contract Tower,3,15,20,36,74,3,21,43,33,100,6,36,63,69,174,28,126,154,328
08/13/2008,SJT,TX,ASW,CE,Federal Contract Tower,1,17,21,44,83,1,20,59,22,102,2,37,80,66,185,24,146,170,355
08/14/2008,SJT,TX,ASW,CE,Federal Contract Tower,3,18,28,66,115,0,0,0,2,2,3,18,28,68,117,32,176,208,325
08/15/2008,SJT,TX,ASW,CE,Federal Contract Tower,5,16,20,45,86,5,20,44,20,89,10,36,64,65,175,18,194,212,387
08/16/2008,SJT,TX,ASW,CE,Federal Contract Tower,3,10,7,0,20,3,12,12,0,27,6,22,19,0,47,6,0,6,53
08/17/2008,SJT,TX,ASW,CE,Federal Contract Tower,3,9,14,2,28,3,9,14,2,28,6,18,28,4,56,0,0,0,56
08/18/2008,SJT,TX,ASW,CE,Federal Contract Tower,4,15,9,4,32,4,16,22,4,46,8,31,31,8,78,0,0,0,78
08/19/2008,SJT,TX,ASW,CE,Federal Contract Tower,3,23,6,44,76,3,25,32,45,105,6,48,38,89,181,38,176,214,395
08/20/2008,SJT,TX,ASW,CE,Federal Contract Tower,3,19,25,59,106,3,20,50,54,127,6,39,75,113,233,182,202,384,617
08/21/2008,SJT,TX,ASW,CE,Federal Contract Tower,3,14,19,101,137,3,20,64,45,132,6,34,83,146,269,46,408,454,723
08/22/2008,SJT,TX,ASW,CE,Federal Contract Tower,3,17,19,89,128,3,20,48,54,125,6,37,67,143,253,12,374,386,639
08/23/2008,SJT,TX,ASW,CE,Federal Contract Tower,5,7,21,2,35,5,8,27,2,42,10,15,48,4,77,16,2,18,95
08/24/2008,SJT,TX,ASW,CE,Federal Contract Tower,30,10,17,26,83,3,10,51,37,101,33,20,68,63,184,36,86,122,306
08/25/2008,SJT,TX,ASW,CE,Federal Contract Tower,3,15,15,46,79,3,18,37,29,87,6,33,52,75,166,6,140,146,312
08/26/2008,SJT,TX,ASW,CE,Federal Contract Tower,3,14,24,41,82,3,19,54,15,91,6,33,78,56,173,130,198,328,501
08/27/2008,SJT,TX,ASW,CE,Federal Contract Tower,4,14,29,88,135,4,18,62,27,111,8,32,91,115,246,100,170,270,516
08/28/2008,SJT,TX,ASW,CE,Federal Contract Tower,3,16,23,22,64,3,21,53,13,90,6,37,76,35,154,94,38,132,286
08/29/2008,SJT,TX,ASW,CE,Federal Contract Tower,3,20,24,35,82,3,22,48,24,97,6,42,72,59,179,34,102,136,315
08/30/2008,SJT,TX,ASW,CE,Federal Contract Tower,3,10,9,8,30,3,10,25,4,42,6,20,34,12,72,26,8,34,106
08/31/2008,SJT,TX,ASW,CE,Federal Contract Tower,3,6,4,0,13,3,6,17,0,26,6,12,21,0,39,2,0,2,41
09/01/2008,SJT,TX,ASW,CE,Federal Contract Tower,3,13,9,5,30,3,14,40,4,61,6,27,49,9,91,16,8,24,115
09/02/2008,SJT,TX,ASW,CE,Federal Contract Tower,3,17,14,83,117,3,17,50,46,116,6,34,64,129,233,48,242,290,523
09/03/2008,SJT,TX,ASW,CE,Federal Contract Tower,7,15,22,61,105,7,18,43,28,96,14,33,65,89,201,24,126,150,351
09/04/2008,SJT,TX,ASW,CE,Federal Contract Tower,7,14,29,64,114,7,18,71,28,124,14,32,100,92,238,76,174,250,488
09/05/2008,SJT,TX,ASW,CE,Federal Contract Tower,7,13,13,92,125,7,19,52,37,115,14,32,65,129,240,72,208,280,520
09/06/2008,SJT,TX,ASW,CE,Federal Contract Tower,7,4,9,5,25,7,6,41,1,55,14,10,50,6,80,92,28,120,200
09/07/2008,SJT,TX,ASW,CE,Federal Contract Tower,7,11,14,16,48,7,11,29,11,58,14,22,43,27,106,62,42,104,210
09/08/2008,SJT,TX,ASW,CE,Federal Contract Tower,7,11,11,24,53,7,14,24,8,53,14,25,35,32,106,16,44,60,166
09/09/2008,SJT,TX,ASW,CE,Federal Contract Tower,5,19,22,25,71,5,19,37,17,78,10,38,59,42,149,8,74,82,231
09/10/2008,SJT,TX,ASW,CE,Federal Contract Tower,7,15,16,20,58,7,18,13,5,43,14,33,29,25,101,2,36,38,139
09/11/2008,SJT,TX,ASW,CE,Federal Contract Tower,10,11,26,30,77,11,13,47,21,92,21,24,73,51,169,56,78,134,303
09/12/2008,SJT,TX,ASW,CE,Federal Contract Tower,7,11,16,54,88,7,13,36,25,81,14,24,52,79,169,4,206,210,379
09/13/2008,SJT,TX,ASW,CE,Federal Contract Tower,7,5,13,0,25,7,5,31,7,50,14,10,44,7,75,44,0,44,119
09/14/2008,SJT,TX,ASW,CE,Federal Contract Tower,7,3,14,0,24,7,4,46,0,57,14,7,60,0,81,28,0,28,109
09/15/2008,SJT,TX,ASW,CE,Federal Contract Tower,7,9,17,32,65,7,14,47,32,100,14,23,64,64,165,44,130,174,339
09/16/2008,SJT,TX,ASW,CE,Federal Contract Tower,7,10,5,51,73,7,14,49,27,97,14,24,54,78,170,26,204,230,400
09/17/2008,SJT,TX,ASW,CE,Federal Contract Tower,7,11,20,37,75,7,15,61,12,95,14,26,81,49,170,80,114,194,364
09/18/2008,SJT,TX,ASW,CE,Federal Contract Tower,7,10,11,14,42,7,14,60,6,87,14,24,71,20,129,82,42,124,253
09/19/2008,SJT,TX,ASW,CE,Federal Contract Tower,5,19,17,37,78,5,23,61,32,121,10,42,78,69,199,16,134,150,349
09/20/2008,SJT,TX,ASW,CE,Federal Contract Tower,7,7,12,4,30,7,8,55,2,72,14,15,67,6,102,28,8,36,138
09/21/2008,SJT,TX,ASW,CE,Federal Contract Tower,8,5,7,14,34,8,5,59,10,82,16,10,66,24,116,56,16,72,188
09/22/2008,SJT,TX,ASW,CE,Federal Contract Tower,7,7,18,48,80,7,13,48,19,87,14,20,66,67,167,28,220,248,415
09/23/2008,SJT,TX,ASW,CE,Federal Contract Tower,6,12,14,48,80,6,16,60,28,110,12,28,74,76,190,40,126,166,356
09/24/2008,SJT,TX,ASW,CE,Federal Contract Tower,7,11,15,60,93,7,15,42,25,89,14,26,57,85,182,26,170,196,378
09/25/2008,SJT,TX,ASW,CE,Federal Contract Tower,9,11,11,45,76,9,15,41,17,82,18,26,52,62,158,20,108,128,286
09/26/2008,SJT,TX,ASW,CE,Federal Contract Tower,9,4,18,32,63,9,13,57,20,99,18,17,75,52,162,42,76,118,280
09/27/2008,SJT,TX,ASW,CE,Federal Contract Tower,7,4,3,0,14,7,6,25,0,38,14,10,28,0,52,32,0,32,84
09/28/2008,SJT,TX,ASW,CE,Federal Contract Tower,7,8,13,23,51,7,8,45,18,78,14,16,58,41,129,10,64,74,203
09/29/2008,SJT,TX,ASW,CE,Federal Contract Tower,9,10,13,35,67,9,16,64,19,108,18,26,77,54,175,58,132,190,365
09/30/2008,SJT,TX,ASW,CE,Federal Contract Tower,8,16,9,29,62,8,16,46,18,88,16,32,55,47,150,36,58,94,244
10/01/2008,SJT,TX,ASW,CE,Federal Contract Tower,4,15,9,72,100,4,18,42,33,97,8,33,51,105,197,26,204,230,427
10/02/2008,SJT,TX,ASW,CE,Federal Contract Tower,1,14,18,42,75,1,18,56,19,94,2,32,74,61,169,100,96,196,365
10/03/2008,SJT,TX,ASW,CE,Federal Contract Tower,7,11,31,36,85,7,11,24,58,100,14,22,55,94,185,40,174,214,399
10/04/2008,SJT,TX,ASW,CE,Federal Contract Tower,9,4,22,0,35,9,3,31,0,43,18,7,53,0,78,10,0,10,88
10/05/2008,SJT,TX,ASW,CE,Federal Contract Tower,6,0,27,11,44,6,0,24,14,44,12,0,51,25,88,16,18,34,122
10/06/2008,SJT,TX,ASW,CE,Federal Contract Tower,5,5,33,42,85,5,7,35,21,68,10,12,68,63,153,20,114,134,287
10/07/2008,SJT,TX,ASW,CE,Federal Contract Tower,8,11,22,48,89,8,14,65,36,123,16,25,87,84,212,42,206,248,460
10/08/2008,SJT,TX,ASW,CE,Federal Contract Tower,7,7,31,42,87,7,11,77,24,119,14,18,108,66,206,68,56,124,330
10/09/2008,SJT,TX,ASW,CE,Federal Contract Tower,7,6,32,22,67,7,10,76,14,107,14,16,108,36,174,80,72,152,326
10/10/2008,SJT,TX,ASW,CE,Federal Contract Tower,7,9,30,47,93,7,12,67,20,106,14,21,97,67,199,46,158,204,403
10/11/2008,SJT,TX,ASW,CE,Federal Contract Tower,6,9,13,0,28,6,11,22,0,39,12,20,35,0,67,40,0,40,107
10/12/2008,SJT,TX,ASW,CE,Federal Contract Tower,8,2,35,8,53,8,2,24,0,34,16,4,59,8,87,14,0,14,101
10/13/2008,SJT,TX,ASW,CE,Federal Contract Tower,6,5,15,0,26,6,6,24,0,36,12,11,39,0,62,10,0,10,72
10/14/2008,SJT,TX,ASW,CE,Federal Contract Tower,7,12,27,112,158,7,14,41,66,128,14,26,68,178,286,36,276,312,598
10/15/2008,SJT,TX,ASW,CE,Federal Contract Tower,7,8,31,47,93,7,10,38,17,72,14,18,69,64,165,102,112,214,379
10/16/2008,SJT,TX,ASW,CE,Federal Contract Tower,8,15,24,65,112,8,20,44,18,90,16,35,68,83,202,50,176,226,428
10/17/2008,SJT,TX,ASW,CE,Federal Contract Tower,7,5,14,61,87,7,11,55,40,113,14,16,69,101,200,16,216,232,432
10/18/2008,SJT,TX,ASW,CE,Federal Contract Tower,5,3,13,0,21,5,6,43,0,54,10,9,56,0,75,16,0,16,91
10/19/2008,SJT,TX,ASW,CE,Federal Contract Tower,6,1,9,4,20,6,1,39,8,54,12,2,48,12,74,14,12,26,100
10/20/2008,SJT,TX,ASW,CE,Federal Contract Tower,7,4,10,34,55,7,10,39,16,72,14,14,49,50,127,2,110,112,239
10/21/2008,SJT,TX,ASW,CE,Federal Contract Tower,7,9,24,37,77,7,13,60,19,99,14,22,84,56,176,38,92,130,306
10/22/2008,SJT,TX,ASW,CE,Federal Contract Tower,7,7,27,10,51,7,11,48,8,74,14,18,75,18,125,64,34,98,223
10/23/2008,SJT,TX,ASW,CE,Federal Contract Tower,7,12,19,64,102,7,16,62,39,124,14,28,81,103,226,68,118,186,412
10/24/2008,SJT,TX,ASW,CE,Federal Contract Tower,7,11,22,53,93,7,21,53,31,112,14,32,75,84,205,56,150,206,411
10/25/2008,SJT,TX,ASW,CE,Federal Contract Tower,9,1,8,0,18,9,4,35,3,51,18,5,43,3,69,54,12,66,135
10/26/2008,SJT,TX,ASW,CE,Federal Contract Tower,7,7,13,3,30,7,8,49,3,67,14,15,62,6,97,36,20,56,153
10/27/2008,SJT,TX,ASW,CE,Federal Contract Tower,7,6,13,20,46,7,9,47,11,74,14,15,60,31,120,6,4,10,130
10/28/2008,SJT,TX,ASW,CE,Federal Contract Tower,7,7,17,44,75,7,11,60,32,110,14,18,77,76,185,60,172,232,417
10/29/2008,SJT,TX,ASW,CE,Federal Contract Tower,9,8,5,37,59,9,14,51,28,102,18,22,56,65,161,86,50,136,297
10/30/2008,SJT,TX,ASW,CE,Federal Contract Tower,7,9,20,28,64,7,15,64,14,100,14,24,84,42,164,150,70,220,384
10/31/2008,SJT,TX,ASW,CE,Federal Contract Tower,8,19,48,14,89,8,19,48,14,89,16,38,96,28,178,8,120,128,306
11/01/2008,SJT,TX,ASW,CE,Federal Contract Tower,7,5,16,5,33,7,6,59,3,75,14,11,75,8,108,54,10,64,172
11/02/2008,SJT,TX,ASW,CE,Federal Contract Tower,7,3,20,8,38,7,3,49,9,68,14,6,69,17,106,12,14,26,132
11/03/2008,SJT,TX,ASW,CE,Federal Contract Tower,7,5,22,42,76,7,8,46,20,81,14,13,68,62,157,10,182,192,349
11/04/2008,SJT,TX,ASW,CE,Federal Contract Tower,7,6,19,33,65,7,10,47,16,80,14,16,66,49,145,56,118,174,319
11/05/2008,SJT,TX,ASW,CE,Federal Contract Tower,7,13,34,55,109,7,15,44,29,95,14,28,78,84,204,40,202,242,446
11/06/2008,SJT,TX,ASW,CE,Federal Contract Tower,7,6,24,70,107,7,11,60,24,102,14,17,84,94,209,64,192,256,465
11/07/2008,SJT,TX,ASW,CE,Federal Contract Tower,7,11,16,18,52,7,14,62,15,98,14,25,78,33,150,36,62,98,248
11/08/2008,SJT,TX,ASW,CE,Federal Contract Tower,9,2,13,6,30,9,4,41,4,58,18,6,54,10,88,18,14,32,120
11/09/2008,SJT,TX,ASW,CE,Federal Contract Tower,8,0,15,6,29,8,0,50,8,66,16,0,65,14,95,0,30,30,125
11/10/2008,SJT,TX,ASW,CE,Federal Contract Tower,1,3,0,0,4,1,3,4,0,8,2,6,4,0,12,10,0,10,22
11/11/2008,SJT,TX,ASW,CE,Federal Contract Tower,8,11,12,3,34,8,11,57,3,79,16,22,69,6,113,124,0,124,237
11/12/2008,SJT,TX,ASW,CE,Federal Contract Tower,7,11,32,96,146,7,14,65,28,114,14,25,97,124,260,96,308,404,664
11/13/2008,SJT,TX,ASW,CE,Federal Contract Tower,8,15,38,47,108,8,19,52,17,96,16,34,90,64,204,78,88,166,370
11/14/2008,SJT,TX,ASW,CE,Federal Contract Tower,7,9,27,50,93,7,12,46,30,95,14,21,73,80,188,28,152,180,368
11/15/2008,SJT,TX,ASW,CE,Federal Contract Tower,5,1,16,4,26,5,3,46,9,63,10,4,62,13,89,36,8,44,133
11/16/2008,SJT,TX,ASW,CE,Federal Contract Tower,7,2,15,14,38,7,5,43,9,64,14,7,58,23,102,28,28,56,158
11/17/2008,SJT,TX,ASW,CE,Federal Contract Tower,7,6,14,26,53,7,8,45,9,69,14,14,59,35,122,16,68,84,206
11/18/2008,SJT,TX,ASW,CE,Federal Contract Tower,7,9,21,62,99,7,12,51,28,98,14,21,72,90,197,40,132,172,369
11/19/2008,SJT,TX,ASW,CE,Federal Contract Tower,7,9,27,43,86,7,12,76,25,120,14,21,103,68,206,64,116,180,386
11/20/2008,SJT,TX,ASW,CE,Federal Contract Tower,9,8,19,70,106,9,12,49,42,112,18,20,68,112,218,46,210,256,474
11/21/2008,SJT,TX,ASW,CE,Federal Contract Tower,9,10,19,85,123,9,14,37,30,90,18,24,56,115,213,22,224,246,459
11/22/2008,SJT,TX,ASW,CE,Federal Contract Tower,7,3,14,0,24,7,5,57,0,69,14,8,71,0,93,28,0,28,121
11/23/2008,SJT,TX,ASW,CE,Federal Contract Tower,10,1,22,28,61,10,2,54,25,91,20,3,76,53,152,20,78,98,250
11/24/2008,SJT,TX,ASW,CE,Federal Contract Tower,9,7,18,50,84,9,9,45,30,93,18,16,63,80,177,20,208,228,405
11/25/2008,SJT,TX,ASW,CE,Federal Contract Tower,7,7,9,20,43,7,10,52,9,78,14,17,61,29,121,10,44,54,175
11/26/2008,SJT,TX,ASW,CE,Federal Contract Tower,7,6,25,14,52,7,11,57,20,95,14,17,82,34,147,26,92,118,265
11/27/2008,SJT,TX,ASW,CE,Federal Contract Tower,6,2,3,0,11,5,2,22,0,29,11,4,25,0,40,16,0,16,56
11/28/2008,SJT,TX,ASW,CE,Federal Contract Tower,7,10,12,0,29,7,13,42,0,62,14,23,54,0,91,28,0,28,119
11/29/2008,SJT,TX,ASW,CE,Federal Contract Tower,7,3,15,0,25,7,3,42,0,52,14,6,57,0,77,20,0,20,97
11/30/2008,SJT,TX,ASW,CE,Federal Contract Tower,7,0,21,0,28,7,0,43,0,50,14,0,64,0,78,2,0,2,80
12/01/2008,SJT,TX,ASW,CE,Federal Contract Tower,8,5,26,35,74,8,11,60,17,96,16,16,86,52,170,2,112,114,284
12/02/2008,SJT,TX,ASW,CE,Federal Contract Tower,5,7,18,27,57,5,12,68,12,97,10,19,86,39,154,16,104,120,274
12/03/2008,SJT,TX,ASW,CE,Federal Contract Tower,7,11,26,51,95,7,15,51,23,96,14,26,77,74,191,104,146,250,441
12/04/2008,SJT,TX,ASW,CE,Federal Contract Tower,7,7,12,50,76,7,10,55,15,87,14,17,67,65,163,10,120,130,293
12/05/2008,SJT,TX,ASW,CE,Federal Contract Tower,7,8,20,30,65,7,13,65,8,93,14,21,85,38,158,28,100,128,286
12/06/2008,SJT,TX,ASW,CE,Federal Contract Tower,5,3,12,0,20,5,5,47,2,59,10,8,59,2,79,32,0,32,111
12/07/2008,SJT,TX,ASW,CE,Federal Contract Tower,7,0,21,0,28,7,0,36,0,43,14,0,57,0,71,36,0,36,107
12/08/2008,SJT,TX,ASW,CE,Federal Contract Tower,7,9,7,42,65,7,11,35,32,85,14,20,42,74,150,20,98,118,268
12/09/2008,SJT,TX,ASW,CE,Federal Contract Tower,7,6,14,50,77,7,12,35,37,91,14,18,49,87,168,42,154,196,364
12/10/2008,SJT,TX,ASW,CE,Federal Contract Tower,6,9,25,36,76,6,13,80,21,120,12,22,105,57,196,62,76,138,334
12/11/2008,SJT,TX,ASW,CE,Federal Contract Tower,8,13,32,41,94,8,22,85,20,135,16,35,117,61,229,146,130,276,505
12/12/2008,SJT,TX,ASW,CE,Federal Contract Tower,7,6,11,38,62,7,10,60,22,99,14,16,71,60,161,64,134,198,359
12/13/2008,SJT,TX,ASW,CE,Federal Contract Tower,6,3,8,0,17,6,4,33,1,44,12,7,41,1,61,0,0,0,61
12/14/2008,SJT,TX,ASW,CE,Federal Contract Tower,7,4,24,46,81,7,4,24,46,81,14,8,48,92,162,48,92,140,302
12/15/2008,SJT,TX,ASW,CE,Federal Contract Tower,7,9,21,42,79,7,13,41,31,92,14,22,62,73,171,24,154,178,349
12/16/2008,SJT,TX,ASW,CE,Federal Contract Tower,5,11,15,44,75,5,12,21,20,58,10,23,36,64,133,28,190,218,351
12/17/2008,SJT,TX,ASW,CE,Federal Contract Tower,7,10,18,71,106,7,13,56,30,106,14,23,74,101,212,82,174,256,468
12/18/2008,SJT,TX,ASW,CE,Federal Contract Tower,7,10,30,70,117,7,12,38,27,84,14,22,68,97,201,48,142,190,391
12/19/2008,SJT,TX,ASW,CE,Federal Contract Tower,7,21,26,33,87,7,18,82,32,139,14,39,108,65,226,122,202,324,550
12/20/2008,SJT,TX,ASW,CE,Federal Contract Tower,7,3,16,0,26,7,6,46,0,59,14,9,62,0,85,102,0,102,187
12/21/2008,SJT,TX,ASW,CE,Federal Contract Tower,7,2,15,9,33,7,3,48,6,64,14,5,63,15,97,6,26,32,129
12/22/2008,SJT,TX,ASW,CE,Federal Contract Tower,7,6,8,37,58,7,7,31,22,67,14,13,39,59,125,30,144,174,299
12/23/2008,SJT,TX,ASW,CE,Federal Contract Tower,7,15,15,4,41,7,20,31,6,64,14,35,46,10,105,50,8,58,163
12/24/2008,SJT,TX,ASW,CE,Federal Contract Tower,7,11,1,0,19,7,15,34,0,56,14,26,35,0,75,94,0,94,169
12/25/2008,SJT,TX,ASW,CE,Federal Contract Tower,7,0,1,0,8,7,0,28,0,35,14,0,29,0,43,56,0,56,99
12/26/2008,SJT,TX,ASW,CE,Federal Contract Tower,5,18,7,0,30,5,20,36,0,61,10,38,43,0,91,118,0,118,209
12/27/2008,SJT,TX,ASW,CE,Federal Contract Tower,5,1,4,0,10,5,4,42,0,51,10,5,46,0,61,40,0,40,101
12/28/2008,SJT,TX,ASW,CE,Federal Contract Tower,7,0,69,0,76,7,0,1,0,8,14,0,70,0,84,82,0,82,166
12/29/2008,SJT,TX,ASW,CE,Federal Contract Tower,7,4,13,3,27,7,10,74,3,94,14,14,87,6,121,40,0,40,161
12/30/2008,SJT,TX,ASW,CE,Federal Contract Tower,7,6,15,0,28,7,11,43,0,61,14,17,58,0,89,12,0,12,101
12/31/2008,SJT,TX,ASW,CE,Federal Contract Tower,6,7,10,0,23,6,13,56,0,75,12,20,66,0,98,42,0,42,140
01/01/2009,SJT,TX,ASW,CE,Federal Contract Tower,7,1,7,0,15,7,1,25,0,33,14,2,32,0,48,12,0,12,60
01/02/2009,SJT,TX,ASW,CE,Federal Contract Tower,7,9,5,1,22,7,18,35,2,62,14,27,40,3,84,40,0,40,124
01/03/2009,SJT,TX,ASW,CE,Federal Contract Tower,7,2,11,0,20,7,3,41,0,51,14,5,52,0,71,46,0,46,117
01/04/2009,SJT,TX,ASW,CE,Federal Contract Tower,7,0,13,0,20,7,1,51,0,59,14,1,64,0,79,38,0,38,117
01/05/2009,SJT,TX,ASW,CE,Federal Contract Tower,5,7,1,4,17,5,8,13,2,28,10,15,14,6,45,42,12,54,99
01/06/2009,SJT,TX,ASW,CE,Federal Contract Tower,8,11,23,33,75,8,17,49,18,92,16,28,72,51,167,102,112,214,381
01/07/2009,SJT,TX,ASW,CE,Federal Contract Tower,7,9,26,40,82,7,12,85,22,126,14,21,111,62,208,144,278,422,630
01/08/2009,SJT,TX,ASW,CE,Federal Contract Tower,7,9,26,43,85,7,12,96,56,171,14,21,122,99,256,260,258,518,774
01/09/2009,SJT,TX,ASW,CE,Federal Contract Tower,8,7,24,112,151,8,10,61,60,139,16,17,85,172,290,116,410,526,816
01/10/2009,SJT,TX,ASW,CE,Federal Contract Tower,9,2,13,3,27,9,2,57,6,74,18,4,70,9,101,84,18,102,203
01/11/2009,SJT,TX,ASW,CE,Federal Contract Tower,7,3,9,16,35,7,3,51,13,74,14,6,60,29,109,70,58,128,237
01/12/2009,SJT,TX,ASW,CE,Federal Contract Tower,8,7,10,74,99,8,11,39,27,85,16,18,49,101,184,30,328,358,542
01/13/2009,SJT,TX,ASW,CE,Federal Contract Tower,6,7,18,47,78,5,11,67,22,105,11,18,85,69,183,76,160,236,419
01/14/2009,SJT,TX,ASW,CE,Federal Contract Tower,7,6,19,44,76,7,9,78,18,112,14,15,97,62,188,214,134,348,536
01/15/2009,SJT,TX,ASW,CE,Federal Contract Tower,7,11,22,79,119,7,13,50,38,108,14,24,72,117,227,84,262,346,573
01/16/2009,SJT,TX,ASW,CE,Federal Contract Tower,7,13,28,54,102,7,15,72,28,122,14,28,100,82,224,94,206,300,524
01/17/2009,SJT,TX,ASW,CE,Federal Contract Tower,6,4,6,0,16,6,4,34,0,44,12,8,40,0,60,48,0,48,108
01/18/2009,SJT,TX,ASW,CE,Federal Contract Tower,7,0,8,0,15,7,1,59,0,67,14,1,67,0,82,98,0,98,180
01/19/2009,SJT,TX,ASW,CE,Federal Contract Tower,7,5,16,3,31,7,8,56,2,73,14,13,72,5,104,54,4,58,162
01/20/2009,SJT,TX,ASW,CE,Federal Contract Tower,8,10,27,81,126,8,14,85,35,142,16,24,112,116,268,192,260,452,720
01/21/2009,SJT,TX,ASW,CE,Federal Contract Tower,7,8,8,63,86,7,12,58,28,105,14,20,66,91,191,102,246,348,539
01/22/2009,SJT,TX,ASW,CE,Federal Contract Tower,5,6,14,36,61,5,10,70,22,107,10,16,84,58,168,96,140,236,404
01/23/2009,SJT,TX,ASW,CE,Federal Contract Tower,8,12,18,59,97,8,15,55,24,102,16,27,73,83,199,34,362,396,595
01/24/2009,SJT,TX,ASW,CE,Federal Contract Tower,4,5,9,9,27,4,9,49,2,64,8,14,58,11,91,88,14,102,193
01/25/2009,SJT,TX,ASW,CE,Federal Contract Tower,7,3,11,11,32,7,4,89,8,108,14,7,100,19,140,140,34,174,314
01/26/2009,SJT,TX,ASW,CE,Federal Contract Tower,8,9,25,24,66,8,9,34,5,56,16,18,59,29,122,40,48,88,210
01/27/2009,SJT,TX,ASW,CE,Federal Contract Tower,2,9,2,2,15,2,8,5,0,15,4,17,7,2,30,0,2,2,32
01/28/2009,SJT,TX,ASW,CE,Federal Contract Tower,3,7,21,16,47,3,9,49,14,75,6,16,70,30,122,52,30,82,204
01/29/2009,SJT,TX,ASW,CE,Federal Contract Tower,5,13,14,19,51,5,17,69,10,101,10,30,83,29,152,184,66,250,402
01/30/2009,SJT,TX,ASW,CE,Federal Contract Tower,6,8,13,62,89,6,10,84,32,132,12,18,97,94,221,200,310,510,731
01/31/2009,SJT,TX,ASW,CE,Federal Contract Tower,7,3,4,3,17,7,6,62,2,77,14,9,66,5,94,80,4,84,178
02/01/2009,SJT,TX,ASW,CE,Federal Contract Tower,7,1,5,16,29,7,2,31,27,67,14,3,36,43,96,0,22,22,118
02/02/2009,SJT,TX,ASW,CE,Federal Contract Tower,7,7,18,4,36,7,10,47,28,92,14,17,65,32,128,18,116,134,262
02/03/2009,SJT,TX,ASW,CE,Federal Contract Tower,8,10,16,35,69,8,16,60,26,110,16,26,76,61,179,110,168,278,457
02/04/2009,SJT,TX,ASW,CE,Federal Contract Tower,5,10,21,42,78,5,13,69,28,115,10,23,90,70,193,130,178,308,501
02/05/2009,SJT,TX,ASW,CE,Federal Contract Tower,7,10,20,59,96,7,14,52,33,106,14,24,72,92,202,64,184,248,450
02/06/2009,SJT,TX,ASW,CE,Federal Contract Tower,8,8,9,61,86,8,11,51,28,98,16,19,60,89,184,20,204,224,408
02/07/2009,SJT,TX,ASW,CE,Federal Contract Tower,7,4,10,0,21,7,3,46,2,58,14,7,56,2,79,62,0,62,141
02/08/2009,SJT,TX,ASW,CE,Federal Contract Tower,6,3,15,36,60,6,3,21,25,55,12,6,36,61,115,0,46,46,161
02/09/2009,SJT,TX,ASW,CE,Federal Contract Tower,8,9,5,53,75,8,12,44,24,88,16,21,49,77,163,68,218,286,449
02/10/2009,SJT,TX,ASW,CE,Federal Contract Tower,7,8,15,94,124,7,12,44,39,102,14,20,59,133,226,109,330,439,665
02/11/2009,SJT,TX,ASW,CE,Federal Contract Tower,6,9,20,64,99,6,11,68,30,115,12,20,88,94,214,78,202,280,494
02/12/2009,SJT,TX,ASW,CE,Federal Contract Tower,5,12,9,59,85,5,18,55,25,103,10,30,64,84,188,56,194,250,438
02/13/2009,SJT,TX,ASW,CE,Federal Contract Tower,7,6,16,68,97,7,10,42,30,89,14,16,58,98,186,30,314,344,530
02/14/2009,SJT,TX,ASW,CE,Federal Contract Tower,7,3,18,2,30,7,3,56,3,69,14,6,74,5,99,86,6,92,191
02/15/2009,SJT,TX,ASW,CE,Federal Contract Tower,7,0,9,0,16,7,4,58,2,71,14,4,67,2,87,184,0,184,271
02/16/2009,SJT,TX,ASW,CE,Federal Contract Tower,8,4,38,0,50,8,7,71,0,86,16,11,109,0,136,232,0,232,368
02/17/2009,SJT,TX,ASW,CE,Federal Contract Tower,7,8,28,72,115,7,10,78,40,135,14,18,106,112,250,62,308,370,620
02/18/2009,SJT,TX,ASW,CE,Federal Contract Tower,6,5,15,43,69,6,10,58,19,93,12,15,73,62,162,60,142,202,364
02/19/2009,SJT,TX,ASW,CE,Federal Contract Tower,8,6,22,46,82,8,10,74,20,112,16,16,96,66,194,58,114,172,366
02/20/2009,SJT,TX,ASW,CE,Federal Contract Tower,7,6,15,42,70,7,10,59,37,113,14,16,74,79,183,46,148,194,377
02/21/2009,SJT,TX,ASW,CE,Federal Contract Tower,7,1,6,1,15,7,3,35,2,47,14,4,41,3,62,36,0,36,98
02/22/2009,SJT,TX,ASW,CE,Federal Contract Tower,7,2,17,8,34,7,3,80,5,95,14,5,97,13,129,60,24,84,213
02/23/2009,SJT,TX,ASW,CE,Federal Contract Tower,7,5,10,67,89,7,9,38,24,78,14,14,48,91,167,36,234,270,437
02/24/2009,SJT,TX,ASW,CE,Federal Contract Tower,8,8,23,37,76,8,10,59,14,91,16,18,82,51,167,58,216,274,441
02/25/2009,SJT,TX,ASW,CE,Federal Contract Tower,8,11,22,59,100,8,15,56,23,102,16,26,78,82,202,86,232,318,520
02/26/2009,SJT,TX,ASW,CE,Federal Contract Tower,6,6,12,76,100,6,10,56,32,104,12,16,68,108,204,68,280,348,552
02/27/2009,SJT,TX,ASW,CE,Federal Contract Tower,7,14,6,146,173,7,15,40,59,121,14,29,46,205,294,40,360,400,694
02/28/2009,SJT,TX,ASW,CE,Federal Contract Tower,5,4,7,7,23,5,6,38,5,54,10,10,45,12,77,30,36,66,143
03/01/2009,SJT,TX,ASW,CE,Federal Contract Tower,7,2,4,22,35,7,6,80,17,110,14,8,84,39,145,76,80,156,301
03/02/2009,SJT,TX,ASW,CE,Federal Contract Tower,6,4,6,74,90,7,7,36,53,103,13,11,42,127,193,42,196,238,431
03/03/2009,SJT,TX,ASW,CE,Federal Contract Tower,7,9,16,56,88,7,15,47,39,108,14,24,63,95,196,38,158,196,392
03/04/2009,SJT,TX,ASW,CE,Federal Contract Tower,7,13,13,24,57,7,19,52,13,91,14,32,65,37,148,56,32,88,236
03/05/2009,SJT,TX,ASW,CE,Federal Contract Tower,5,8,19,95,127,5,12,57,42,116,10,20,76,137,243,84,384,468,711
03/06/2009,SJT,TX,ASW,CE,Federal Contract Tower,7,12,23,48,90,7,15,46,18,86,14,27,69,66,176,18,130,148,324
03/07/2009,SJT,TX,ASW,CE,Federal Contract Tower,7,4,19,6,36,7,4,34,6,51,14,8,53,12,87,36,24,60,147
03/08/2009,SJT,TX,ASW,CE,Federal Contract Tower,7,0,2,9,18,7,0,42,6,55,14,0,44,15,73,62,26,88,161
03/09/2009,SJT,TX,ASW,CE,Federal Contract Tower,7,4,13,55,79,7,9,27,20,63,14,13,40,75,142,38,150,188,330
03/10/2009,SJT,TX,ASW,CE,Federal Contract Tower,7,6,17,56,86,7,11,53,21,92,14,17,70,77,178,28,142,170,348
03/11/2009,SJT,TX,ASW,CE,Federal Contract Tower,6,13,8,27,54,6,13,8,20,47,12,26,16,47,101,10,38,48,149
03/12/2009,SJT,TX,ASW,CE,Federal Contract Tower,5,15,13,18,51,5,15,19,5,44,10,30,32,23,95,12,24,36,131
03/13/2009,SJT,TX,ASW,CE,Federal Contract Tower,9,13,18,11,51,9,13,18,6,46,18,26,36,17,97,0,42,42,139
03/14/2009,SJT,TX,ASW,CE,Federal Contract Tower,7,4,22,0,33,7,4,23,0,34,14,8,45,0,67,62,12,74,141
03/15/2009,SJT,TX,ASW,CE,Federal Contract Tower,7,0,12,30,49,7,0,63,18,88,14,0,75,48,137,40,76,116,253
03/16/2009,SJT,TX,ASW,CE,Federal Contract Tower,7,4,12,35,58,7,10,77,24,118,14,14,89,59,176,76,70,146,322
03/17/2009,SJT,TX,ASW,CE,Federal Contract Tower,7,6,9,52,74,7,10,64,47,128,14,16,73,99,202,42,236,278,480
03/18/2009,SJT,TX,ASW,CE,Federal Contract Tower,5,6,23,70,104,5,10,62,45,122,10,16,85,115,226,102,208,310,536
03/19/2009,SJT,TX,ASW,CE,Federal Contract Tower,7,8,17,84,116,7,14,65,42,128,14,22,82,126,244,90,298,388,632
03/20/2009,SJT,TX,ASW,CE,Federal Contract Tower,7,9,13,59,88,7,12,62,30,111,14,21,75,89,199,86,150,236,435
03/21/2009,SJT,TX,ASW,CE,Federal Contract Tower,7,3,12,2,24,7,6,62,3,78,14,9,74,5,102,62,0,62,164
03/22/2009,SJT,TX,ASW,CE,Federal Contract Tower,8,0,14,7,29,8,0,31,5,44,16,0,45,12,73,22,20,42,115
03/23/2009,SJT,TX,ASW,CE,Federal Contract Tower,7,5,9,70,91,7,7,26,49,89,14,12,35,119,180,6,158,164,344
03/24/2009,SJT,TX,ASW,CE,Federal Contract Tower,6,10,24,57,97,6,14,58,26,104,12,24,82,83,201,54,186,240,441
03/25/2009,SJT,TX,ASW,CE,Federal Contract Tower,5,14,22,44,85,5,17,46,14,82,10,31,68,58,167,36,100,136,303
03/26/2009,SJT,TX,ASW,CE,Federal Contract Tower,7,9,18,58,92,7,14,72,21,114,14,23,90,79,206,46,132,178,384
03/27/2009,SJT,TX,ASW,CE,Federal Contract Tower,9,11,8,65,93,9,13,18,39,79,18,24,26,104,172,4,116,120,292
03/28/2009,SJT,TX,ASW,CE,Federal Contract Tower,7,5,6,1,19,7,5,42,7,61,14,10,48,8,80,58,0,58,138
03/29/2009,SJT,TX,ASW,CE,Federal Contract Tower,10,0,5,22,37,10,0,51,12,73,20,0,56,34,110,18,38,56,166
03/30/2009,SJT,TX,ASW,CE,Federal Contract Tower,7,7,27,26,67,7,14,45,17,83,14,21,72,43,150,32,76,108,258
03/31/2009,SJT,TX,ASW,CE,Federal Contract Tower,8,6,14,49,77,8,13,70,40,131,16,19,84,89,208,102,278,380,588
04/01/2009,SJT,TX,ASW,CE,Federal Contract Tower,7,7,3,29,46,7,11,37,21,76,14,18,40,50,122,26,90,116,238
04/02/2009,SJT,TX,ASW,CE,Federal Contract Tower,7,5,6,38,56,7,9,17,16,49,14,14,23,54,105,16,74,90,195
04/03/2009,SJT,TX,ASW,CE,Federal Contract Tower,7,9,14,24,54,7,16,53,16,92,14,25,67,40,146,86,70,156,302
04/04/2009,SJT,TX,ASW,CE,Federal Contract Tower,7,1,10,2,20,7,3,27,2,39,14,4,37,4,59,38,0,38,97
04/05/2009,SJT,TX,ASW,CE,Federal Contract Tower,7,2,6,42,57,7,2,36,29,74,14,4,42,71,131,2,70,72,203
04/06/2009,SJT,TX,ASW,CE,Federal Contract Tower,7,10,7,70,94,7,13,50,42,112,14,23,57,112,206,32,198,230,436
04/07/2009,SJT,TX,ASW,CE,Federal Contract Tower,8,8,11,58,85,8,12,50,22,92,16,20,61,80,177,24,132,156,333
04/08/2009,SJT,TX,ASW,CE,Federal Contract Tower,6,6,18,60,90,6,12,50,16,84,12,18,68,76,174,100,164,264,438
04/09/2009,SJT,TX,ASW,CE,Federal Contract Tower,5,10,13,0,28,5,14,34,0,53,10,24,47,0,81,28,0,28,109
04/10/2009,SJT,TX,ASW,CE,Federal Contract Tower,10,6,22,53,91,10,10,68,27,115,20,16,90,80,206,108,194,302,508
04/11/2009,SJT,TX,ASW,CE,Federal Contract Tower,7,3,9,0,19,7,4,26,0,37,14,7,35,0,56,42,0,42,98
04/12/2009,SJT,TX,ASW,CE,Federal Contract Tower,7,1,10,26,44,7,1,36,19,63,14,2,46,45,107,10,46,56,163
04/13/2009,SJT,TX,ASW,CE,Federal Contract Tower,9,3,7,43,62,9,6,89,40,144,18,9,96,83,206,82,194,276,482
04/14/2009,SJT,TX,ASW,CE,Federal Contract Tower,6,8,15,36,65,7,11,85,39,142,13,19,100,75,207,98,158,256,463
04/15/2009,SJT,TX,ASW,CE,Federal Contract Tower,7,7,27,48,89,5,11,84,21,121,12,18,111,69,210,88,136,224,434
04/16/2009,SJT,TX,ASW,CE,Federal Contract Tower,8,11,22,42,83,8,13,31,28,80,16,24,53,70,163,40,98,138,301
04/17/2009,SJT,TX,ASW,CE,Federal Contract Tower,7,10,12,32,61,7,10,48,16,81,14,20,60,48,142,50,90,140,282
04/18/2009,SJT,TX,ASW,CE,Federal Contract Tower,3,2,6,0,11,3,4,56,0,63,6,6,62,0,74,154,0,154,228
04/19/2009,SJT,TX,ASW,CE,Federal Contract Tower,7,0,6,22,35,7,2,45,15,69,14,2,51,37,104,48,52,100,204
04/20/2009,SJT,TX,ASW,CE,Federal Contract Tower,7,2,14,19,42,7,6,70,8,91,14,8,84,27,133,94,78,172,305
04/21/2009,SJT,TX,ASW,CE,Federal Contract Tower,7,11,9,16,43,7,16,72,7,102,14,27,81,23,145,76,26,102,247
04/22/2009,SJT,TX,ASW,CE,Federal Contract Tower,6,9,20,27,62,6,15,62,13,96,12,24,82,40,158,68,64,132,290
04/23/2009,SJT,TX,ASW,CE,Federal Contract Tower,8,10,11,46,75,9,15,54,26,104,17,25,65,72,179,34,108,142,321
04/24/2009,SJT,TX,ASW,CE,Federal Contract Tower,7,6,16,53,82,7,10,60,24,101,14,16,76,77,183,128,276,404,587
04/25/2009,SJT,TX,ASW,CE,Federal Contract Tower,7,2,10,3,22,7,3,29,2,41,14,5,39,5,63,40,8,48,111
04/26/2009,SJT,TX,ASW,CE,Federal Contract Tower,7,2,25,3,37,7,2,31,4,44,14,4,56,7,81,22,4,26,107
04/27/2009,SJT,TX,ASW,CE,Federal Contract Tower,7,6,13,28,54,7,9,42,16,74,14,15,55,44,128,20,72,92,220
04/28/2009,SJT,TX,ASW,CE,Federal Contract Tower,10,13,41,33,97,10,13,33,17,73,20,26,74,50,170,52,60,112,282
04/29/2009,SJT,TX,ASW,CE,Federal Contract Tower,5,13,14,34,66,5,14,21,11,51,10,27,35,45,117,26,102,128,245
04/30/2009,SJT,TX,ASW,CE,Federal Contract Tower,7,7,15,50,79,7,11,74,29,121,14,18,89,79,200,190,148,338,538
05/01/2009,SJT,TX,ASW,CE,Federal Contract Tower,7,8,16,34,65,7,10,64,13,94,14,18,80,47,159,56,72,128,287
05/02/2009,SJT,TX,ASW,CE,Federal Contract Tower,1,10,17,1,29,1,10,30,1,42,2,20,47,2,71,14,0,14,85
05/03/2009,SJT,TX,ASW,CE,Federal Contract Tower,6,2,14,24,46,6,2,46,17,71,12,4,60,41,117,76,72,148,265
05/04/2009,SJT,TX,ASW,CE,Federal Contract Tower,7,6,13,72,98,7,8,45,25,85,14,14,58,97,183,48,198,246,429
05/05/2009,SJT,TX,ASW,CE,Federal Contract Tower,7,9,14,25,55,7,11,50,22,90,14,20,64,47,145,30,144,174,319
05/06/2009,SJT,TX,ASW,CE,Federal Contract Tower,7,13,17,70,107,7,14,74,40,135,14,27,91,110,242,114,334,448,690
05/07/2009,SJT,TX,ASW,CE,Federal Contract Tower,6,13,18,34,71,6,15,50,14,85,12,28,68,48,156,84,128,212,368
05/08/2009,SJT,TX,ASW,CE,Federal Contract Tower,9,10,13,6,38,9,13,65,5,92,18,23,78,11,130,50,2,52,182
05/09/2009,SJT,TX,ASW,CE,Federal Contract Tower,9,5,25,0,39,9,5,38,0,52,18,10,63,0,91,72,0,72,163
05/10/2009,SJT,TX,ASW,CE,Federal Contract Tower,11,0,4,14,29,11,0,36,12,59,22,0,40,26,88,56,32,88,176
05/11/2009,SJT,TX,ASW,CE,Federal Contract Tower,9,14,21,31,75,9,15,46,25,95,18,29,67,56,170,58,38,96,266
05/12/2009,SJT,TX,ASW,CE,Federal Contract Tower,10,9,17,48,84,10,13,48,25,96,20,22,65,73,180,32,100,132,312
05/13/2009,SJT,TX,ASW,CE,Federal Contract Tower,9,9,20,75,113,7,14,49,39,109,16,23,69,114,222,56,238,294,516
05/14/2009,SJT,TX,ASW,CE,Federal Contract Tower,15,7,26,42,90,15,11,66,21,113,30,18,92,63,203,50,126,176,379
05/15/2009,SJT,TX,ASW,CE,Federal Contract Tower,8,6,9,52,75,8,11,45,29,93,16,17,54,81,168,20,200,220,388
05/16/2009,SJT,TX,ASW,CE,Federal Contract Tower,9,4,10,2,25,9,4,21,4,38,18,8,31,6,63,36,0,36,99
05/17/2009,SJT,TX,ASW,CE,Federal Contract Tower,9,1,8,4,22,9,1,70,3,83,18,2,78,7,105,46,4,50,155
05/18/2009,SJT,TX,ASW,CE,Federal Contract Tower,7,5,5,18,35,7,10,47,17,81,14,15,52,35,116,28,84,112,228
05/19/2009,SJT,TX,ASW,CE,Federal Contract Tower,9,10,14,20,53,8,16,63,12,99,17,26,77,32,152,34,64,98,250
05/20/2009,SJT,TX,ASW,CE,Federal Contract Tower,9,7,6,30,52,9,10,60,27,106,18,17,66,57,158,52,118,170,328
05/21/2009,SJT,TX,ASW,CE,Federal Contract Tower,9,8,13,21,51,9,14,49,14,86,18,22,62,35,137,58,46,104,241
05/22/2009,SJT,TX,ASW,CE,Federal Contract Tower,9,7,11,35,62,9,11,45,18,83,18,18,56,53,145,36,114,150,295
05/23/2009,SJT,TX,ASW,CE,Federal Contract Tower,9,4,7,0,20,9,4,37,0,50,18,8,44,0,70,24,0,24,94
05/24/2009,SJT,TX,ASW,CE,Federal Contract Tower,7,1,7,0,15,7,5,26,0,38,14,6,33,0,53,18,0,18,71
05/25/2009,SJT,TX,ASW,CE,Federal Contract Tower,9,3,6,12,30,9,4,61,10,84,18,7,67,22,114,54,34,88,202
05/26/2009,SJT,TX,ASW,CE,Federal Contract Tower,9,5,17,75,106,9,8,49,52,118,18,13,66,127,224,24,224,248,472
05/27/2009,SJT,TX,ASW,CE,Federal Contract Tower,11,10,14,50,85,11,14,58,24,107,22,24,72,74,192,166,96,262,454
05/28/2009,SJT,TX,ASW,CE,Federal Contract Tower,9,9,17,15,50,9,13,60,17,99,18,22,77,32,149,112,68,180,329
05/29/2009,SJT,TX,ASW,CE,Federal Contract Tower,9,12,16,48,85,9,16,51,17,93,18,28,67,65,178,64,178,242,420
05/30/2009,SJT,TX,ASW,CE,Federal Contract Tower,11,5,8,0,24,11,6,49,2,68,22,11,57,2,92,120,0,120,212
05/31/2009,SJT,TX,ASW,CE,Federal Contract Tower,9,1,10,8,28,9,1,33,8,51,18,2,43,16,79,22,14,36,115
06/01/2009,SJT,TX,ASW,CE,Federal Contract Tower,8,4,4,22,38,8,9,42,12,71,16,13,46,34,109,54,66,120,229
06/02/2009,SJT,TX,ASW,CE,Federal Contract Tower,9,12,9,25,55,9,14,53,15,91,18,26,62,40,146,64,78,142,288
06/03/2009,SJT,TX,ASW,CE,Federal Contract Tower,9,12,13,41,75,9,13,55,22,99,18,25,68,63,174,88,160,248,422
06/04/2009,SJT,TX,ASW,CE,Federal Contract Tower,5,9,9,28,51,5,13,63,15,96,10,22,72,43,147,96,76,172,319
06/05/2009,SJT,TX,ASW,CE,Federal Contract Tower,9,10,11,26,56,9,19,51,13,92,18,29,62,39,148,34,56,90,238
06/06/2009,SJT,TX,ASW,CE,Federal Contract Tower,8,1,9,2,20,7,3,43,1,54,15,4,52,3,74,28,4,32,106
06/07/2009,SJT,TX,ASW,CE,Federal Contract Tower,9,1,14,4,28,9,1,55,2,67,18,2,69,6,95,10,8,18,113
06/08/2009,SJT,TX,ASW,CE,Federal Contract Tower,9,8,10,39,66,9,11,55,23,98,18,19,65,62,164,28,112,140,304
06/09/2009,SJT,TX,ASW,CE,Federal Contract Tower,9,6,20,30,65,9,11,58,24,102,18,17,78,54,167,72,98,170,337
06/10/2009,SJT,TX,ASW,CE,Federal Contract Tower,8,11,17,105,141,8,12,55,48,123,16,23,72,153,264,62,362,424,688
06/11/2009,SJT,TX,ASW,CE,Federal Contract Tower,6,12,11,36,65,6,16,47,18,87,12,28,58,54,152,54,146,200,352
06/12/2009,SJT,TX,ASW,CE,Federal Contract Tower,7,8,17,39,71,7,12,56,10,85,14,20,73,49,156,66,62,128,284
06/13/2009,SJT,TX,ASW,CE,Federal Contract Tower,9,2,8,0,19,9,3,53,1,66,18,5,61,1,85,134,0,134,219
06/14/2009,SJT,TX,ASW,CE,Federal Contract Tower,7,0,8,17,32,6,0,25,10,41,13,0,33,27,73,0,30,30,103
06/15/2009,SJT,TX,ASW,CE,Federal Contract Tower,11,3,9,29,52,11,7,34,27,79,22,10,43,56,131,50,86,136,267
06/16/2009,SJT,TX,ASW,CE,Federal Contract Tower,9,6,15,54,84,9,11,49,24,93,18,17,64,78,177,14,138,152,329
06/17/2009,SJT,TX,ASW,CE,Federal Contract Tower,10,9,19,17,55,10,13,45,13,81,20,22,64,30,136,26,88,114,250
06/18/2009,SJT,TX,ASW,CE,Federal Contract Tower,9,7,22,70,108,9,14,64,36,123,18,21,86,106,231,50,223,273,504
06/19/2009,SJT,TX,ASW,CE,Federal Contract Tower,10,9,13,19,51,10,10,37,18,75,20,19,50,37,126,30,22,52,178
06/20/2009,SJT,TX,ASW,CE,Federal Contract Tower,9,1,16,0,26,9,3,38,0,50,18,4,54,0,76,96,0,96,172
06/21/2009,SJT,TX,ASW,CE,Federal Contract Tower,9,3,11,24,47,9,7,61,21,98,18,10,72,45,145,58,34,92,237
06/22/2009,SJT,TX,ASW,CE,Federal Contract Tower,9,4,18,41,72,9,10,73,22,114,18,14,91,63,186,64,106,170,356
06/23/2009,SJT,TX,ASW,CE,Federal Contract Tower,5,8,21,37,71,5,12,70,30,117,10,20,91,67,188,16,114,130,318
06/24/2009,SJT,TX,ASW,CE,Federal Contract Tower,10,9,22,38,79,10,15,62,32,119,20,24,84,70,198,118,178,296,494
06/25/2009,SJT,TX,ASW,CE,Federal Contract Tower,9,7,8,26,50,9,11,57,30,107,18,18,65,56,157,86,104,190,347
06/26/2009,SJT,TX,ASW,CE,Federal Contract Tower,9,7,13,51,80,9,9,67,23,108,18,16,80,74,188,52,94,146,334
06/27/2009,SJT,TX,ASW,CE,Federal Contract Tower,11,1,7,2,21,11,3,43,1,58,22,4,50,3,79,72,16,88,167
06/28/2009,SJT,TX,ASW,CE,Federal Contract Tower,7,2,3,23,35,7,4,37,8,56,14,6,40,31,91,26,46,72,163
06/29/2009,SJT,TX,ASW,CE,Federal Contract Tower,9,4,10,23,46,9,7,41,12,69,18,11,51,35,115,52,58,110,225
06/30/2009,SJT,TX,ASW,CE,Federal Contract Tower,9,7,15,6,37,9,13,38,11,71,18,20,53,17,108,20,16,36,144
07/01/2009,SJT,TX,ASW,CE,Federal Contract Tower,9,8,11,8,36,9,12,26,5,52,18,20,37,13,88,130,20,150,238
07/02/2009,SJT,TX,ASW,CE,Federal Contract Tower,9,9,13,31,62,9,13,69,16,107,18,22,82,47,169,238,104,342,511
07/03/2009,SJT,TX,ASW,CE,Federal Contract Tower,8,3,8,1,20,8,6,66,2,82,16,9,74,3,102,168,14,182,284
07/04/2009,SJT,TX,ASW,CE,Federal Contract Tower,7,2,2,0,11,7,2,44,0,53,14,4,46,0,64,74,0,74,138
07/05/2009,SJT,TX,ASW,CE,Federal Contract Tower,9,0,9,0,18,9,0,39,0,48,18,0,48,0,66,32,0,32,98
07/06/2009,SJT,TX,ASW,CE,Federal Contract Tower,9,7,22,3,41,9,9,43,3,64,18,16,65,6,105,38,2,40,145
07/07/2009,SJT,TX,ASW,CE,Federal Contract Tower,9,6,13,82,110,9,14,56,65,144,18,20,69,147,254,54,254,308,562
07/08/2009,SJT,TX,ASW,CE,Federal Contract Tower,9,8,11,34,62,9,12,51,16,88,18,20,62,50,150,146,126,272,422
07/09/2009,SJT,TX,ASW,CE,Federal Contract Tower,8,6,10,39,63,8,11,60,15,94,16,17,70,54,157,114,84,198,355
07/10/2009,SJT,TX,ASW,CE,Federal Contract Tower,9,6,6,35,56,9,12,46,22,89,18,18,52,57,145,154,94,248,393
07/11/2009,SJT,TX,ASW,CE,Federal Contract Tower,10,1,14,0,25,10,4,69,0,83,20,5,83,0,108,176,0,176,284
07/12/2009,SJT,TX,ASW,CE,Federal Contract Tower,9,1,3,12,25,9,1,31,9,50,18,2,34,21,75,8,16,24,99
07/13/2009,SJT,TX,ASW,CE,Federal Contract Tower,9,3,13,49,74,9,8,38,27,82,18,11,51,76,156,34,144,178,334
07/14/2009,SJT,TX,ASW,CE,Federal Contract Tower,9,8,3,30,50,9,12,42,24,87,18,20,45,54,137,76,68,144,281
07/15/2009,SJT,TX,ASW,CE,Federal Contract Tower,10,8,10,32,60,10,12,38,15,75,20,20,48,47,135,34,112,146,281
07/16/2009,SJT,TX,ASW,CE,Federal Contract Tower,9,6,12,13,40,9,10,54,10,83,18,16,66,23,123,94,18,112,235
07/17/2009,SJT,TX,ASW,CE,Federal Contract Tower,9,8,21,74,112,9,12,75,27,123,18,20,96,101,235,112,236,348,583
07/18/2009,SJT,TX,ASW,CE,Federal Contract Tower,9,3,5,0,17,9,5,43,0,57,18,8,48,0,74,50,0,50,124
07/19/2009,SJT,TX,ASW,CE,Federal Contract Tower,7,0,10,0,17,7,0,26,1,34,14,0,36,1,51,16,2,18,69
07/20/2009,SJT,TX,ASW,CE,Federal Contract Tower,9,4,7,20,40,9,8,36,9,62,18,12,43,29,102,28,82,110,212
07/21/2009,SJT,TX,ASW,CE,Federal Contract Tower,11,8,20,36,75,10,10,45,26,91,21,18,65,62,166,54,98,152,318
07/22/2009,SJT,TX,ASW,CE,Federal Contract Tower,9,11,19,21,60,9,13,40,16,78,18,24,59,37,138,12,60,72,210
07/23/2009,SJT,TX,ASW,CE,Federal Contract Tower,9,10,25,16,60,9,13,39,25,86,18,23,64,41,146,46,76,122,268
07/24/2009,SJT,TX,ASW,CE,Federal Contract Tower,9,8,30,39,86,9,12,71,21,113,18,20,101,60,199,122,64,186,385
07/25/2009,SJT,TX,ASW,CE,Federal Contract Tower,11,3,6,0,20,11,5,43,0,59,22,8,49,0,79,102,0,102,181
07/26/2009,SJT,TX,ASW,CE,Federal Contract Tower,7,0,22,41,70,7,0,61,27,95,14,0,83,68,165,24,128,152,317
07/27/2009,SJT,TX,ASW,CE,Federal Contract Tower,7,3,15,54,79,7,7,52,28,94,14,10,67,82,173,78,160,238,411
07/28/2009,SJT,TX,ASW,CE,Federal Contract Tower,10,8,16,54,88,10,12,48,23,93,20,20,64,77,181,64,158,222,403
07/29/2009,SJT,TX,ASW,CE,Federal Contract Tower,10,13,11,11,45,10,15,33,7,65,20,28,44,18,110,60,40,100,210
07/30/2009,SJT,TX,ASW,CE,Federal Contract Tower,9,14,14,61,98,9,16,26,13,64,18,30,40,74,162,30,116,146,308
07/31/2009,SJT,TX,ASW,CE,Federal Contract Tower,9,12,16,36,73,9,13,35,15,72,18,25,51,51,145,50,124,174,319
08/01/2009,SJT,TX,ASW,CE,Federal Contract Tower,6,1,13,0,20,6,3,55,0,64,12,4,68,0,84,128,0,128,212
08/02/2009,SJT,TX,ASW,CE,Federal Contract Tower,9,4,7,22,42,9,4,34,22,69,18,8,41,44,111,40,84,124,235
08/03/2009,SJT,TX,ASW,CE,Federal Contract Tower,9,3,6,34,52,9,7,47,17,80,18,10,53,51,132,44,74,118,250
08/04/2009,SJT,TX,ASW,CE,Federal Contract Tower,9,6,8,56,79,9,14,60,35,118,18,20,68,91,197,58,190,248,445
08/05/2009,SJT,TX,ASW,CE,Federal Contract Tower,9,8,8,69,94,9,12,58,27,106,18,20,66,96,200,118,190,308,508
08/06/2009,SJT,TX,ASW,CE,Federal Contract Tower,9,8,21,33,71,9,12,80,26,127,18,20,101,59,198,88,80,168,366
08/07/2009,SJT,TX,ASW,CE,Federal Contract Tower,8,6,16,26,56,8,15,59,11,93,16,21,75,37,149,132,50,182,331
08/08/2009,SJT,TX,ASW,CE,Federal Contract Tower,9,1,12,2,24,9,3,64,4,80,18,4,76,6,104,158,14,172,276
08/09/2009,SJT,TX,ASW,CE,Federal Contract Tower,9,0,2,8,19,9,1,29,8,47,18,1,31,16,66,26,22,48,114
08/10/2009,SJT,TX,ASW,CE,Federal Contract Tower,6,5,3,48,62,6,9,40,17,72,12,14,43,65,134,28,110,138,272
08/11/2009,SJT,TX,ASW,CE,Federal Contract Tower,7,10,12,48,77,8,13,53,21,95,15,23,65,69,172,60,96,156,328
08/12/2009,SJT,TX,ASW,CE,Federal Contract Tower,9,13,20,28,70,9,16,49,25,99,18,29,69,53,169,50,48,98,267
08/13/2009,SJT,TX,ASW,CE,Federal Contract Tower,8,8,17,38,71,8,12,52,19,91,16,20,69,57,162,120,72,192,354
08/14/2009,SJT,TX,ASW,CE,Federal Contract Tower,12,6,10,45,73,12,11,50,24,97,24,17,60,69,170,56,114,170,340
08/15/2009,SJT,TX,ASW,CE,Federal Contract Tower,9,3,9,0,21,9,3,32,0,44,18,6,41,0,65,24,0,24,89
08/16/2009,SJT,TX,ASW,CE,Federal Contract Tower,9,0,11,6,26,9,0,45,5,59,18,0,56,11,85,10,14,24,109
08/17/2009,SJT,TX,ASW,CE,Federal Contract Tower,11,3,13,41,68,11,10,55,36,112,22,13,68,77,180,58,124,182,362
08/18/2009,SJT,TX,ASW,CE,Federal Contract Tower,9,6,8,80,103,9,12,52,68,141,18,18,60,148,244,78,218,296,540
08/19/2009,SJT,TX,ASW,CE,Federal Contract Tower,9,7,5,36,57,9,11,53,23,96,18,18,58,59,153,100,100,200,353
08/20/2009,SJT,TX,ASW,CE,Federal Contract Tower,9,10,20,51,90,9,14,88,26,137,18,24,108,77,227,144,98,242,469
08/21/2009,SJT,TX,ASW,CE,Federal Contract Tower,9,6,11,53,79,9,11,52,28,100,18,17,63,81,179,72,190,262,441
08/22/2009,SJT,TX,ASW,CE,Federal Contract Tower,9,1,13,0,23,9,4,46,3,62,18,5,59,3,85,78,6,84,169
08/23/2009,SJT,TX,ASW,CE,Federal Contract Tower,9,0,10,22,41,9,0,51,9,69,18,0,61,31,110,38,46,84,194
08/24/2009,SJT,TX,ASW,CE,Federal Contract Tower,9,3,11,40,63,9,7,62,17,95,18,10,73,57,158,100,102,202,360
08/25/2009,SJT,TX,ASW,CE,Federal Contract Tower,9,7,7,25,48,9,12,50,20,91,18,19,57,45,139,40,66,106,245
08/26/2009,SJT,TX,ASW,CE,Federal Contract Tower,9,9,38,49,105,9,13,70,25,117,18,22,108,74,222,72,112,184,406
08/27/2009,SJT,TX,ASW,CE,Federal Contract Tower,8,8,22,27,65,8,12,53,12,85,16,20,75,39,150,38,156,194,344
08/28/2009,SJT,TX,ASW,CE,Federal Contract Tower,7,10,15,30,62,7,15,44,13,79,14,25,59,43,141,44,116,160,301
08/29/2009,SJT,TX,ASW,CE,Federal Contract Tower,8,4,12,6,30,8,6,47,4,65,16,10,59,10,95,236,26,262,357
08/30/2009,SJT,TX,ASW,CE,Federal Contract Tower,9,0,8,5,22,9,3,60,3,75,18,3,68,8,97,56,10,66,163
08/31/2009,SJT,TX,ASW,CE,Federal Contract Tower,9,7,3,31,50,9,12,29,19,69,18,19,32,50,119,78,102,180,299
09/01/2009,SJT,TX,ASW,CE,Federal Contract Tower,9,7,5,41,62,9,11,40,16,76,18,18,45,57,138,28,74,102,240
09/02/2009,SJT,TX,ASW,CE,Federal Contract Tower,11,6,7,50,74,11,10,43,24,88,22,16,50,74,162,70,182,252,414
09/03/2009,SJT,TX,ASW,CE,Federal Contract Tower,11,8,14,41,74,11,12,57,11,91,22,20,71,52,165,42,140,182,347
09/04/2009,SJT,TX,ASW,CE,Federal Contract Tower,9,13,15,42,79,9,15,62,18,104,18,28,77,60,183,38,240,278,461
09/05/2009,SJT,TX,ASW,CE,Federal Contract Tower,11,4,5,0,20,11,6,44,0,61,22,10,49,0,81,22,0,22,103
09/06/2009,SJT,TX,ASW,CE,Federal Contract Tower,8,0,11,0,19,8,0,45,0,53,16,0,56,0,72,18,0,18,90
09/07/2009,SJT,TX,ASW,CE,Federal Contract Tower,10,4,10,5,29,10,5,52,5,72,20,9,62,10,101,2,6,8,109
09/08/2009,SJT,TX,ASW,CE,Federal Contract Tower,9,5,15,52,81,9,8,40,20,77,18,13,55,72,158,42,108,150,308
09/09/2009,SJT,TX,ASW,CE,Federal Contract Tower,9,8,9,25,51,9,11,31,12,63,18,19,40,37,114,26,72,98,212
09/10/2009,SJT,TX,ASW,CE,Federal Contract Tower,10,12,23,18,63,10,14,36,12,72,20,26,59,30,135,48,28,76,211
09/11/2009,SJT,TX,ASW,CE,Federal Contract Tower,7,9,9,32,57,7,9,10,8,34,14,18,19,40,91,20,58,78,169
09/12/2009,SJT,TX,ASW,CE,Federal Contract Tower,9,3,12,0,24,9,3,12,0,24,18,6,24,0,48,0,0,0,48
09/13/2009,SJT,TX,ASW,CE,Federal Contract Tower,9,0,9,18,36,9,0,14,13,36,18,0,23,31,72,4,24,28,100
09/14/2009,SJT,TX,ASW,CE,Federal Contract Tower,9,6,11,44,70,9,9,31,31,80,18,15,42,75,150,32,138,170,320
09/15/2009,SJT,TX,ASW,CE,Federal Contract Tower,9,10,13,67,99,9,16,38,52,115,18,26,51,119,214,40,178,218,432
09/16/2009,SJT,TX,ASW,CE,Federal Contract Tower,9,8,15,88,120,9,11,60,41,121,18,19,75,129,241,94,326,420,661
09/17/2009,SJT,TX,ASW,CE,Federal Contract Tower,9,10,20,39,78,9,14,49,23,95,18,24,69,62,173,40,92,132,305
09/18/2009,SJT,TX,ASW,CE,Federal Contract Tower,9,13,10,52,84,9,16,39,26,90,18,29,49,78,174,52,80,132,306
09/19/2009,SJT,TX,ASW,CE,Federal Contract Tower,9,2,9,0,20,9,3,48,0,60,18,5,57,0,80,68,0,68,148
09/20/2009,SJT,TX,ASW,CE,Federal Contract Tower,9,1,8,14,32,9,3,41,8,61,18,4,49,22,93,12,22,34,127
09/21/2009,SJT,TX,ASW,CE,Federal Contract Tower,9,3,5,37,54,9,7,56,21,93,18,10,61,58,147,26,116,142,289
09/22/2009,SJT,TX,ASW,CE,Federal Contract Tower,10,13,20,92,135,10,16,40,34,100,20,29,60,126,235,84,176,260,495
09/23/2009,SJT,TX,ASW,CE,Federal Contract Tower,9,8,18,40,75,9,12,65,28,114,18,20,83,68,189,142,134,276,465
09/24/2009,SJT,TX,ASW,CE,Federal Contract Tower,9,8,11,76,104,9,11,38,34,92,18,19,49,110,196,74,308,382,578
09/25/2009,SJT,TX,ASW,CE,Federal Contract Tower,11,7,19,53,90,11,12,48,26,97,22,19,67,79,187,102,140,242,429
09/26/2009,SJT,TX,ASW,CE,Federal Contract Tower,10,0,6,6,22,10,3,41,6,60,20,3,47,12,82,32,34,66,148
09/27/2009,SJT,TX,ASW,CE,Federal Contract Tower,8,2,4,0,14,8,4,42,1,55,16,6,46,1,69,20,0,20,89
09/28/2009,SJT,TX,ASW,CE,Federal Contract Tower,9,3,11,67,90,9,7,49,34,99,18,10,60,101,189,24,272,296,485
09/29/2009,SJT,TX,ASW,CE,Federal Contract Tower,10,8,14,51,83,10,11,58,30,109,20,19,72,81,192,68,176,244,436
09/30/2009,SJT,TX,ASW,CE,Federal Contract Tower,9,10,9,18,46,9,14,36,21,80,18,24,45,39,126,20,52,72,198
10/01/2009,SJT,TX,ASW,CE,Federal Contract Tower,9,13,10,53,85,9,19,59,40,127,18,32,69,93,212,98,192,290,502
10/02/2009,SJT,TX,ASW,CE,Federal Contract Tower,9,7,9,40,65,9,11,60,25,105,18,18,69,65,170,50,76,126,296
10/03/2009,SJT,TX,ASW,CE,Federal Contract Tower,8,2,6,0,16,8,7,23,0,38,16,9,29,0,54,24,0,24,78
10/04/2009,SJT,TX,ASW,CE,Federal Contract Tower,9,1,7,7,24,9,1,19,6,35,18,2,26,13,59,40,2,42,101
10/05/2009,SJT,TX,ASW,CE,Federal Contract Tower,7,3,7,18,35,7,5,16,11,39,14,8,23,29,74,16,40,56,130
10/06/2009,SJT,TX,ASW,CE,Federal Contract Tower,7,13,19,26,65,7,13,33,12,65,14,26,52,38,130,22,126,148,278
10/07/2009,SJT,TX,ASW,CE,Federal Contract Tower,9,15,31,13,68,9,15,38,56,118,18,30,69,69,186,144,18,162,348
10/08/2009,SJT,TX,ASW,CE,Federal Contract Tower,9,9,20,32,70,9,13,44,15,81,18,22,64,47,151,84,72,156,307
10/09/2009,SJT,TX,ASW,CE,Federal Contract Tower,9,12,19,14,54,9,13,48,5,75,18,25,67,19,129,94,32,126,255
10/10/2009,SJT,TX,ASW,CE,Federal Contract Tower,11,7,12,7,37,11,7,28,2,48,22,14,40,9,85,56,12,68,153
10/11/2009,SJT,TX,ASW,CE,Federal Contract Tower,13,3,16,2,34,13,3,21,1,38,26,6,37,3,72,10,6,16,88
10/12/2009,SJT,TX,ASW,CE,Federal Contract Tower,10,6,20,5,41,10,8,29,5,52,20,14,49,10,93,4,12,16,109
10/13/2009,SJT,TX,ASW,CE,Federal Contract Tower,10,13,28,26,77,10,15,48,23,96,20,28,76,49,173,64,74,138,311
10/14/2009,SJT,TX,ASW,CE,Federal Contract Tower,8,15,17,58,98,8,17,59,24,108,16,32,76,82,206,74,182,256,462
10/15/2009,SJT,TX,ASW,CE,Federal Contract Tower,10,7,28,27,72,10,10,55,22,97,20,17,83,49,169,94,92,186,355
10/16/2009,SJT,TX,ASW,CE,Federal Contract Tower,11,10,19,47,87,11,13,70,26,120,22,23,89,73,207,56,164,220,427
10/17/2009,SJT,TX,ASW,CE,Federal Contract Tower,9,1,4,1,15,9,3,51,5,68,18,4,55,6,83,36,0,36,119
10/18/2009,SJT,TX,ASW,CE,Federal Contract Tower,9,1,18,8,36,9,1,46,3,59,18,2,64,11,95,22,18,40,135
10/19/2009,SJT,TX,ASW,CE,Federal Contract Tower,9,5,10,17,41,9,9,38,14,70,18,14,48,31,111,0,76,76,187
10/20/2009,SJT,TX,ASW,CE,Federal Contract Tower,9,6,9,21,45,9,10,32,24,75,18,16,41,45,120,18,50,68,188
10/21/2009,SJT,TX,ASW,CE,Federal Contract Tower,9,11,11,20,51,9,11,16,9,45,18,22,27,29,96,16,64,80,176
10/22/2009,SJT,TX,ASW,CE,Federal Contract Tower,11,11,26,43,91,11,15,58,36,120,22,26,84,79,211,106,202,308,519
10/23/2009,SJT,TX,ASW,CE,Federal Contract Tower,8,10,14,65,97,8,12,60,35,115,16,22,74,100,212,118,178,296,508
10/24/2009,SJT,TX,ASW,CE,Federal Contract Tower,7,6,9,0,22,7,8,49,0,64,14,14,58,0,86,24,0,24,110
10/25/2009,SJT,TX,ASW,CE,Federal Contract Tower,13,3,20,22,58,11,7,62,17,97,24,10,82,39,155,130,60,190,345
10/26/2009,SJT,TX,ASW,CE,Federal Contract Tower,9,8,10,32,59,9,11,21,13,54,18,19,31,45,113,10,88,98,211
10/27/2009,SJT,TX,ASW,CE,Federal Contract Tower,9,8,9,9,35,9,12,51,13,85,18,20,60,22,120,22,24,46,166
10/28/2009,SJT,TX,ASW,CE,Federal Contract Tower,9,7,16,40,72,9,11,36,29,85,18,18,52,69,157,32,128,160,317
10/29/2009,SJT,TX,ASW,CE,Federal Contract Tower,7,10,15,61,93,7,13,23,40,83,14,23,38,101,176,14,184,198,374
10/30/2009,SJT,TX,ASW,CE,Federal Contract Tower,8,7,12,36,63,8,12,43,17,80,16,19,55,53,143,20,158,178,321
10/31/2009,SJT,TX,ASW,CE,Federal Contract Tower,7,2,13,0,22,7,4,46,2,59,14,6,59,2,81,20,0,20,101
11/01/2009,SJT,TX,ASW,CE,Federal Contract Tower,9,5,10,7,31,9,8,51,6,74,18,13,61,13,105,52,38,90,195
11/02/2009,SJT,TX,ASW,CE,Federal Contract Tower,9,3,4,50,66,9,8,46,29,92,18,11,50,79,158,30,128,158,316
11/03/2009,SJT,TX,ASW,CE,Federal Contract Tower,9,9,17,36,71,9,14,58,20,101,18,23,75,56,172,138,100,238,410
11/04/2009,SJT,TX,ASW,CE,Federal Contract Tower,9,8,14,32,63,9,12,51,19,91,18,20,65,51,154,48,124,172,326
11/05/2009,SJT,TX,ASW,CE,Federal Contract Tower,9,9,23,25,66,9,13,66,19,107,18,22,89,44,173,94,102,196,369
11/06/2009,SJT,TX,ASW,CE,Federal Contract Tower,9,8,15,40,72,9,12,59,21,101,18,20,74,61,173,56,106,162,335
11/07/2009,SJT,TX,ASW,CE,Federal Contract Tower,9,5,8,0,22,9,6,34,0,49,18,11,42,0,71,12,0,12,83
11/08/2009,SJT,TX,ASW,CE,Federal Contract Tower,9,6,25,10,50,9,6,47,8,70,18,12,72,18,120,8,45,53,173
11/09/2009,SJT,TX,ASW,CE,Federal Contract Tower,9,6,17,78,110,9,8,24,41,82,18,14,41,119,192,16,178,194,386
11/10/2009,SJT,TX,ASW,CE,Federal Contract Tower,9,9,8,56,82,9,11,54,20,94,18,20,62,76,176,80,172,252,428
11/11/2009,SJT,TX,ASW,CE,Federal Contract Tower,9,8,13,1,31,9,8,63,1,81,18,16,76,2,112,94,0,94,206
11/12/2009,SJT,TX,ASW,CE,Federal Contract Tower,9,12,13,40,74,9,16,47,19,91,18,28,60,59,165,20,108,128,293
11/13/2009,SJT,TX,ASW,CE,Federal Contract Tower,9,7,18,69,103,9,10,60,31,110,18,17,78,100,213,38,180,218,431
11/14/2009,SJT,TX,ASW,CE,Federal Contract Tower,9,1,5,5,20,9,3,44,4,60,18,4,49,9,80,20,14,34,114
11/15/2009,SJT,TX,ASW,CE,Federal Contract Tower,9,0,12,28,49,9,0,32,17,58,18,0,44,45,107,2,54,56,163
11/16/2009,SJT,TX,ASW,CE,Federal Contract Tower,9,3,10,49,71,9,7,29,27,72,18,10,39,76,143,20,140,160,303
11/17/2009,SJT,TX,ASW,CE,Federal Contract Tower,9,15,9,39,72,9,16,52,26,103,18,31,61,65,175,56,68,124,299
11/18/2009,SJT,TX,ASW,CE,Federal Contract Tower,12,11,8,45,76,12,15,46,24,97,24,26,54,69,173,58,110,168,341
11/19/2009,SJT,TX,ASW,CE,Federal Contract Tower,9,10,13,85,117,9,16,44,44,113,18,26,57,129,230,34,228,262,492
11/20/2009,SJT,TX,ASW,CE,Federal Contract Tower,9,13,8,86,116,9,15,26,37,87,18,28,34,123,203,88,230,318,521
11/21/2009,SJT,TX,ASW,CE,Federal Contract Tower,12,3,8,11,34,13,3,44,6,66,25,6,52,17,100,40,18,58,158
11/22/2009,SJT,TX,ASW,CE,Federal Contract Tower,10,4,10,6,30,10,10,30,4,54,20,14,40,10,84,4,16,20,104
11/23/2009,SJT,TX,ASW,CE,Federal Contract Tower,11,5,15,61,92,11,10,41,36,98,22,15,56,97,190,84,170,254,444
11/24/2009,SJT,TX,ASW,CE,Federal Contract Tower,9,16,4,49,78,9,18,49,29,105,18,34,53,78,183,146,238,384,567
11/25/2009,SJT,TX,ASW,CE,Federal Contract Tower,9,10,13,46,78,9,14,56,11,90,18,24,69,57,168,76,128,204,372
11/26/2009,SJT,TX,ASW,CE,Federal Contract Tower,8,0,8,1,17,8,0,27,0,35,16,0,35,1,52,58,0,58,110
11/27/2009,SJT,TX,ASW,CE,Federal Contract Tower,9,6,11,0,26,9,10,42,0,61,18,16,53,0,87,168,0,168,255
11/28/2009,SJT,TX,ASW,CE,Federal Contract Tower,9,2,9,0,20,9,4,24,0,37,18,6,33,0,57,8,0,8,65
11/29/2009,SJT,TX,ASW,CE,Federal Contract Tower,9,2,16,0,27,9,2,22,0,33,18,4,38,0,60,16,0,16,76
11/30/2009,SJT,TX,ASW,CE,Federal Contract Tower,10,2,3,39,54,10,6,17,18,51,20,8,20,57,105,24,148,172,277
12/01/2009,SJT,TX,ASW,CE,Federal Contract Tower,9,11,2,21,43,9,11,2,10,32,18,22,4,31,75,0,38,38,113
12/02/2009,SJT,TX,ASW,CE,Federal Contract Tower,9,19,20,76,124,9,23,38,34,104,18,42,58,110,228,66,314,380,608
12/03/2009,SJT,TX,ASW,CE,Federal Contract Tower,9,9,11,50,79,9,13,39,19,80,18,22,50,69,159,98,114,212,371
12/04/2009,SJT,TX,ASW,CE,Federal Contract Tower,7,13,7,20,47,7,14,13,10,44,14,27,20,30,91,2,56,58,149
12/05/2009,SJT,TX,ASW,CE,Federal Contract Tower,9,2,5,7,23,9,4,30,8,51,18,6,35,15,74,130,22,152,226
12/06/2009,SJT,TX,ASW,CE,Federal Contract Tower,11,2,15,19,47,11,2,34,12,59,22,4,49,31,106,6,40,46,152
12/07/2009,SJT,TX,ASW,CE,Federal Contract Tower,11,7,7,27,52,11,7,7,9,34,22,14,14,36,86,0,42,42,128
12/08/2009,SJT,TX,ASW,CE,Federal Contract Tower,10,9,13,13,45,10,10,25,5,50,20,19,38,18,95,46,16,62,157
12/09/2009,SJT,TX,ASW,CE,Federal Contract Tower,10,8,21,56,95,10,11,54,23,98,20,19,75,79,193,172,164,336,529
12/10/2009,SJT,TX,ASW,CE,Federal Contract Tower,8,11,10,59,88,8,13,41,34,96,16,24,51,93,184,52,180,232,416
12/11/2009,SJT,TX,ASW,CE,Federal Contract Tower,9,12,24,39,84,9,13,45,21,88,18,25,69,60,172,84,82,166,338
12/12/2009,SJT,TX,ASW,CE,Federal Contract Tower,5,10,11,12,38,5,10,27,4,46,10,20,38,16,84,460,32,492,576
12/13/2009,SJT,TX,ASW,CE,Federal Contract Tower,9,4,16,24,53,9,4,52,11,76,18,8,68,35,129,40,66,106,235
12/14/2009,SJT,TX,ASW,CE,Federal Contract Tower,9,8,10,59,86,9,11,32,27,79,18,19,42,86,165,14,196,210,375
12/15/2009,SJT,TX,ASW,CE,Federal Contract Tower,9,10,14,46,79,9,16,47,26,98,18,26,61,72,177,52,168,220,397
12/16/2009,SJT,TX,ASW,CE,Federal Contract Tower,9,8,17,74,108,9,13,57,41,120,18,21,74,115,228,70,284,354,582
12/17/2009,SJT,TX,ASW,CE,Federal Contract Tower,9,9,19,46,83,9,12,54,13,88,18,21,73,59,171,148,134,282,453
12/18/2009,SJT,TX,ASW,CE,Federal Contract Tower,9,8,26,31,74,9,12,47,19,87,18,20,73,50,161,40,222,262,423
12/19/2009,SJT,TX,ASW,CE,Federal Contract Tower,9,1,15,0,25,9,3,48,0,60,18,4,63,0,85,58,0,58,143
12/20/2009,SJT,TX,ASW,CE,Federal Contract Tower,9,3,10,17,39,9,3,43,9,64,18,6,53,26,103,22,50,72,175
12/21/2009,SJT,TX,ASW,CE,Federal Contract Tower,8,5,9,24,46,8,10,25,18,61,16,15,34,42,107,34,102,136,243
12/22/2009,SJT,TX,ASW,CE,Federal Contract Tower,8,9,17,15,49,8,15,39,14,76,16,24,56,29,125,54,58,112,237
12/23/2009,SJT,TX,ASW,CE,Federal Contract Tower,9,10,12,0,31,9,12,46,0,67,18,22,58,0,98,106,0,106,204
12/24/2009,SJT,TX,ASW,CE,Federal Contract Tower,5,9,9,0,23,5,11,14,0,30,10,20,23,0,53,6,0,6,59
12/25/2009,SJT,TX,ASW,CE,Federal Contract Tower,5,1,2,0,8,5,1,14,0,20,10,2,16,0,28,6,0,6,34
12/26/2009,SJT,TX,ASW,CE,Federal Contract Tower,9,3,9,0,21,9,6,33,0,48,18,9,42,0,69,84,0,84,153
12/27/2009,SJT,TX,ASW,CE,Federal Contract Tower,9,2,8,0,19,9,2,32,0,43,18,4,40,0,62,4,0,4,66
12/28/2009,SJT,TX,ASW,CE,Federal Contract Tower,9,2,9,0,20,9,6,27,0,42,18,8,36,0,62,38,0,38,100
12/29/2009,SJT,TX,ASW,CE,Federal Contract Tower,5,13,3,0,21,5,14,3,0,22,10,27,6,0,43,0,0,0,43
12/30/2009,SJT,TX,ASW,CE,Federal Contract Tower,8,6,10,5,29,8,9,23,1,41,16,15,33,6,70,14,42,56,126
12/31/2009,SJT,TX,ASW,CE,Federal Contract Tower,8,12,7,4,31,8,14,24,2,48,16,26,31,6,79,28,8,36,115
01/01/2010,SJT,TX,ASW,CE,Federal Contract Tower,9,0,7,0,16,9,0,24,0,33,18,0,31,0,49,4,0,4,53
01/02/2010,SJT,TX,ASW,CE,Federal Contract Tower,9,3,7,1,20,9,3,24,1,37,18,6,31,2,57,28,0,28,85
01/03/2010,SJT,TX,ASW,CE,Federal Contract Tower,7,2,7,3,19,7,2,23,2,34,14,4,30,5,53,54,4,58,111
01/04/2010,SJT,TX,ASW,CE,Federal Contract Tower,9,4,9,0,22,9,6,32,0,47,18,10,41,0,69,28,0,28,97
01/05/2010,SJT,TX,ASW,CE,Federal Contract Tower,8,7,9,63,87,8,13,34,29,84,16,20,43,92,171,8,204,212,383
01/06/2010,SJT,TX,ASW,CE,Federal Contract Tower,9,8,21,53,91,9,8,40,31,88,18,16,61,84,179,84,208,292,471
01/07/2010,SJT,TX,ASW,CE,Federal Contract Tower,11,7,19,48,85,11,9,36,29,85,22,16,55,77,170,32,180,212,382
01/08/2010,SJT,TX,ASW,CE,Federal Contract Tower,6,9,12,58,85,6,12,19,28,65,12,21,31,86,150,14,196,210,360
01/09/2010,SJT,TX,ASW,CE,Federal Contract Tower,10,1,7,5,23,10,2,32,5,49,20,3,39,10,72,16,18,34,106
01/10/2010,SJT,TX,ASW,CE,Federal Contract Tower,9,0,6,33,48,9,3,27,26,65,18,3,33,59,113,38,56,94,207
01/11/2010,SJT,TX,ASW,CE,Federal Contract Tower,9,2,6,45,62,9,6,41,25,81,18,8,47,70,143,58,102,160,303
01/12/2010,SJT,TX,ASW,CE,Federal Contract Tower,9,8,1,28,46,9,10,51,17,87,18,18,52,45,133,152,44,196,329
01/13/2010,SJT,TX,ASW,CE,Federal Contract Tower,9,9,19,21,58,9,9,18,12,48,18,18,37,33,106,36,60,96,202
01/14/2010,SJT,TX,ASW,CE,Federal Contract Tower,9,11,23,10,53,9,11,21,7,48,18,22,44,17,101,80,14,94,195
01/15/2010,SJT,TX,ASW,CE,Federal Contract Tower,9,14,7,4,34,9,14,7,3,33,18,28,14,7,67,2,8,10,77
01/16/2010,SJT,TX,ASW,CE,Federal Contract Tower,9,7,9,7,32,9,7,37,7,60,18,14,46,14,92,100,6,106,198
01/17/2010,SJT,TX,ASW,CE,Federal Contract Tower,15,0,7,5,27,15,3,56,8,82,30,3,63,13,109,74,10,84,193
01/18/2010,SJT,TX,ASW,CE,Federal Contract Tower,9,4,21,10,44,9,4,47,13,73,18,8,68,23,117,68,40,108,225
01/19/2010,SJT,TX,ASW,CE,Federal Contract Tower,9,13,17,114,153,9,15,49,66,139,18,28,66,180,292,110,232,342,634
01/20/2010,SJT,TX,ASW,CE,Federal Contract Tower,9,14,26,68,117,9,16,37,40,102,18,30,63,108,219,90,160,250,469
01/21/2010,SJT,TX,ASW,CE,Federal Contract Tower,13,8,8,101,130,13,12,59,60,144,26,20,67,161,274,98,282,380,654
01/22/2010,SJT,TX,ASW,CE,Federal Contract Tower,9,7,21,54,91,9,10,38,24,81,18,17,59,78,172,20,132,152,324
01/23/2010,SJT,TX,ASW,CE,Federal Contract Tower,9,3,11,7,30,9,3,19,4,35,18,6,30,11,65,12,8,20,85
01/24/2010,SJT,TX,ASW,CE,Federal Contract Tower,11,3,8,6,28,11,2,38,4,55,22,5,46,10,83,32,12,44,127
01/25/2010,SJT,TX,ASW,CE,Federal Contract Tower,9,2,11,76,98,9,6,74,30,119,18,8,85,106,217,50,200,250,467
01/26/2010,SJT,TX,ASW,CE,Federal Contract Tower,9,6,6,61,82,10,11,41,23,85,19,17,47,84,167,72,192,264,431
01/27/2010,SJT,TX,ASW,CE,Federal Contract Tower,9,11,20,64,104,9,11,33,19,72,18,22,53,83,176,34,104,138,314
01/28/2010,SJT,TX,ASW,CE,Federal Contract Tower,5,9,5,0,19,5,9,13,0,27,10,18,18,0,46,18,0,18,64
01/29/2010,SJT,TX,ASW,CE,Federal Contract Tower,8,8,8,16,40,8,8,18,10,44,16,16,26,26,84,18,52,70,154
01/30/2010,SJT,TX,ASW,CE,Federal Contract Tower,7,2,7,22,38,7,5,60,11,83,14,7,67,33,121,78,66,144,265
01/31/2010,SJT,TX,ASW,CE,Federal Contract Tower,9,2,7,0,18,9,2,14,0,25,18,4,21,0,43,30,0,30,73
02/01/2010,SJT,TX,ASW,CE,Federal Contract Tower,11,5,17,34,67,11,7,36,26,80,22,12,53,60,147,60,140,200,347
02/02/2010,SJT,TX,ASW,CE,Federal Contract Tower,9,20,17,9,55,9,20,17,5,51,18,40,34,14,106,6,4,10,116
02/03/2010,SJT,TX,ASW,CE,Federal Contract Tower,9,11,14,3,37,9,11,14,3,37,18,22,28,6,74,0,0,0,74
02/04/2010,SJT,TX,ASW,CE,Federal Contract Tower,9,8,13,26,56,9,9,14,14,46,18,17,27,40,102,10,36,46,148
02/05/2010,SJT,TX,ASW,CE,Federal Contract Tower,11,9,15,50,85,11,12,61,29,113,22,21,76,79,198,68,142,210,408
02/06/2010,SJT,TX,ASW,CE,Federal Contract Tower,10,5,15,14,44,10,5,68,25,108,20,10,83,39,152,94,96,190,342
02/07/2010,SJT,TX,ASW,CE,Federal Contract Tower,10,0,14,8,32,10,0,14,5,29,20,0,28,13,61,0,6,6,67
02/08/2010,SJT,TX,ASW,CE,Federal Contract Tower,7,10,3,10,30,7,10,4,5,26,14,20,7,15,56,4,14,18,74
02/09/2010,SJT,TX,ASW,CE,Federal Contract Tower,9,13,17,60,99,9,15,64,36,124,18,28,81,96,223,80,140,220,443
02/10/2010,SJT,TX,ASW,CE,Federal Contract Tower,9,9,13,77,108,18,13,30,31,92,27,22,43,108,200,56,278,334,534
02/11/2010,SJT,TX,ASW,CE,Federal Contract Tower,0,14,7,0,21,0,14,7,0,21,0,28,14,0,42,0,0,0,42
02/12/2010,SJT,TX,ASW,CE,Federal Contract Tower,5,13,14,28,60,5,17,37,14,73,10,30,51,42,133,58,174,232,365
02/13/2010,SJT,TX,ASW,CE,Federal Contract Tower,21,6,18,0,45,21,8,68,2,99,42,14,86,2,144,90,0,90,234
02/14/2010,SJT,TX,ASW,CE,Federal Contract Tower,10,2,21,0,33,10,3,33,0,46,20,5,54,0,79,40,0,40,119
02/15/2010,SJT,TX,ASW,CE,Federal Contract Tower,9,8,19,0,36,9,8,46,0,63,18,16,65,0,99,22,0,22,121
02/16/2010,SJT,TX,ASW,CE,Federal Contract Tower,9,7,15,44,75,9,11,55,29,104,18,18,70,73,179,52,204,256,435
02/17/2010,SJT,TX,ASW,CE,Federal Contract Tower,11,7,14,32,64,11,11,60,24,106,22,18,74,56,170,96,88,184,354
02/18/2010,SJT,TX,ASW,CE,Federal Contract Tower,9,5,14,65,93,9,10,59,35,113,18,15,73,100,206,90,150,240,446
02/19/2010,SJT,TX,ASW,CE,Federal Contract Tower,9,7,22,65,103,9,9,55,33,106,18,16,77,98,209,21,229,250,459
02/20/2010,SJT,TX,ASW,CE,Federal Contract Tower,12,4,17,8,41,12,4,46,5,67,24,8,63,13,108,100,50,150,258
02/21/2010,SJT,TX,ASW,CE,Federal Contract Tower,9,4,17,3,33,9,4,36,1,50,18,8,53,4,83,0,6,6,89
02/22/2010,SJT,TX,ASW,CE,Federal Contract Tower,9,6,14,26,55,9,6,25,10,50,18,12,39,36,105,10,72,82,187
02/23/2010,SJT,TX,ASW,CE,Federal Contract Tower,0,6,3,4,13,0,8,3,1,12,0,14,6,5,25,2,26,28,53
02/24/2010,SJT,TX,ASW,CE,Federal Contract Tower,12,5,10,85,112,11,10,52,30,103,23,15,62,115,215,116,270,386,601
02/25/2010,SJT,TX,ASW,CE,Federal Contract Tower,9,10,15,94,128,9,14,49,37,109,18,24,64,131,237,86,340,426,663
02/26/2010,SJT,TX,ASW,CE,Federal Contract Tower,9,10,29,78,126,9,13,33,35,90,18,23,62,113,216,172,208,380,596
02/27/2010,SJT,TX,ASW,CE,Federal Contract Tower,8,3,6,22,39,8,5,60,12,85,16,8,66,34,124,96,62,158,282
02/28/2010,SJT,TX,ASW,CE,Federal Contract Tower,9,0,9,9,27,9,0,21,11,41,18,0,30,20,68,20,44,64,132
03/01/2010,SJT,TX,ASW,CE,Federal Contract Tower,8,6,11,31,56,8,6,14,12,40,16,12,25,43,96,6,56,62,158
03/02/2010,SJT,TX,ASW,CE,Federal Contract Tower,6,6,9,35,56,6,10,67,27,110,12,16,76,62,166,120,128,248,414
03/03/2010,SJT,TX,ASW,CE,Federal Contract Tower,8,10,15,40,73,8,14,79,20,121,16,24,94,60,194,126,108,234,428
03/04/2010,SJT,TX,ASW,CE,Federal Contract Tower,7,6,11,31,55,7,9,45,11,72,14,15,56,42,127,82,70,152,279
03/05/2010,SJT,TX,ASW,CE,Federal Contract Tower,9,9,9,28,55,9,11,11,14,45,18,20,20,42,100,2,50,52,152
03/06/2010,SJT,TX,ASW,CE,Federal Contract Tower,9,3,24,2,38,9,3,29,2,43,18,6,53,4,81,4,10,14,95
03/07/2010,SJT,TX,ASW,CE,Federal Contract Tower,9,1,10,4,24,9,1,20,2,32,18,2,30,6,56,26,6,32,88
03/08/2010,SJT,TX,ASW,CE,Federal Contract Tower,13,6,3,104,126,13,7,13,33,66,26,13,16,137,192,36,350,386,578
03/09/2010,SJT,TX,ASW,CE,Federal Contract Tower,10,8,12,54,84,10,13,47,30,100,20,21,59,84,184,36,140,176,360
03/10/2010,SJT,TX,ASW,CE,Federal Contract Tower,7,9,6,27,49,7,12,30,16,65,14,21,36,43,114,14,46,60,174
03/11/2010,SJT,TX,ASW,CE,Federal Contract Tower,11,6,16,31,64,11,12,61,14,98,22,18,77,45,162,110,72,182,344
03/12/2010,SJT,TX,ASW,CE,Federal Contract Tower,11,7,12,42,72,11,12,50,13,86,22,19,62,55,158,94,106,200,358
03/13/2010,SJT,TX,ASW,CE,Federal Contract Tower,8,6,13,10,37,8,6,76,4,94,16,12,89,14,131,152,20,172,303
03/14/2010,SJT,TX,ASW,CE,Federal Contract Tower,9,6,13,24,52,9,6,61,18,94,18,12,74,42,146,56,56,112,258
03/15/2010,SJT,TX,ASW,CE,Federal Contract Tower,9,6,4,57,76,9,6,9,16,40,18,12,13,73,116,10,64,74,190
03/16/2010,SJT,TX,ASW,CE,Federal Contract Tower,9,8,15,38,70,9,10,26,34,79,18,18,41,72,149,6,134,140,289
03/17/2010,SJT,TX,ASW,CE,Federal Contract Tower,9,5,17,33,64,9,9,60,14,92,18,14,77,47,156,64,94,158,314
03/18/2010,SJT,TX,ASW,CE,Federal Contract Tower,9,11,10,31,61,9,13,46,18,86,18,24,56,49,147,100,102,202,349
03/19/2010,SJT,TX,ASW,CE,Federal Contract Tower,9,8,15,93,125,9,12,48,36,105,18,20,63,129,230,30,196,226,456
03/20/2010,SJT,TX,ASW,CE,Federal Contract Tower,9,6,3,8,26,9,6,5,11,31,18,12,8,19,57,14,18,32,89
03/21/2010,SJT,TX,ASW,CE,Federal Contract Tower,9,2,8,0,19,9,4,32,2,47,18,6,40,2,66,24,0,24,90
03/22/2010,SJT,TX,ASW,CE,Federal Contract Tower,8,4,8,27,47,8,8,53,14,83,16,12,61,41,130,54,80,134,264
03/23/2010,SJT,TX,ASW,CE,Federal Contract Tower,9,5,25,46,85,9,9,82,20,120,18,14,107,66,205,82,106,188,393
03/24/2010,SJT,TX,ASW,CE,Federal Contract Tower,11,9,9,89,118,11,11,39,40,101,22,20,48,129,219,86,334,420,639
03/25/2010,SJT,TX,ASW,CE,Federal Contract Tower,9,8,11,56,84,9,10,43,26,88,18,18,54,82,172,82,188,270,442
03/26/2010,SJT,TX,ASW,CE,Federal Contract Tower,9,5,14,52,80,9,9,40,24,82,18,14,54,76,162,38,344,382,544
03/27/2010,SJT,TX,ASW,CE,Federal Contract Tower,9,1,10,6,26,9,3,21,4,37,18,4,31,10,63,28,14,42,105
03/28/2010,SJT,TX,ASW,CE,Federal Contract Tower,9,0,8,4,21,9,1,45,2,57,18,1,53,6,78,4,18,22,100
03/29/2010,SJT,TX,ASW,CE,Federal Contract Tower,9,2,9,71,91,9,6,52,35,102,18,8,61,106,193,26,208,234,427
03/30/2010,SJT,TX,ASW,CE,Federal Contract Tower,9,7,8,72,96,9,11,33,37,90,18,18,41,109,186,32,196,228,414
03/31/2010,SJT,TX,ASW,CE,Federal Contract Tower,9,9,9,56,83,9,16,49,29,103,18,25,58,85,186,40,170,210,396
04/01/2010,SJT,TX,ASW,CE,Federal Contract Tower,9,7,13,27,56,9,12,32,12,65,18,19,45,39,121,14,102,116,237
04/02/2010,SJT,TX,ASW,CE,Federal Contract Tower,9,9,15,55,88,9,15,26,16,66,18,24,41,71,154,8,188,196,350
04/03/2010,SJT,TX,ASW,CE,Federal Contract Tower,9,4,12,8,33,9,5,62,7,83,18,9,74,15,116,88,26,114,230
04/04/2010,SJT,TX,ASW,CE,Federal Contract Tower,9,2,5,2,18,9,2,23,2,36,18,4,28,4,54,0,2,2,56
04/05/2010,SJT,TX,ASW,CE,Federal Contract Tower,9,7,18,59,93,9,11,32,15,67,18,18,50,74,160,10,90,100,260
04/06/2010,SJT,TX,ASW,CE,Federal Contract Tower,9,6,11,30,56,9,9,40,20,78,18,15,51,50,134,66,46,112,246
04/07/2010,SJT,TX,ASW,CE,Federal Contract Tower,9,8,17,77,111,9,12,37,30,88,18,20,54,107,199,26,250,276,475
04/08/2010,SJT,TX,ASW,CE,Federal Contract Tower,8,11,23,66,108,8,15,80,24,127,16,26,103,90,235,170,202,372,607
04/09/2010,SJT,TX,ASW,CE,Federal Contract Tower,10,8,8,28,54,10,13,48,16,87,20,21,56,44,141,40,158,198,339
04/10/2010,SJT,TX,ASW,CE,Federal Contract Tower,9,2,6,7,24,9,3,48,6,66,18,5,54,13,90,46,32,78,168
04/11/2010,SJT,TX,ASW,CE,Federal Contract Tower,11,0,12,8,31,11,0,22,7,40,22,0,34,15,71,8,32,40,111
04/12/2010,SJT,TX,ASW,CE,Federal Contract Tower,11,9,11,22,53,11,11,34,10,66,22,20,45,32,119,32,106,138,257
04/13/2010,SJT,TX,ASW,CE,Federal Contract Tower,9,13,24,75,121,11,13,46,32,102,20,26,70,107,223,56,218,274,497
04/14/2010,SJT,TX,ASW,CE,Federal Contract Tower,9,15,16,52,92,9,15,29,26,79,18,30,45,78,171,18,268,286,457
04/15/2010,SJT,TX,ASW,CE,Federal Contract Tower,11,10,5,16,42,11,10,5,4,30,22,20,10,20,72,0,28,28,100
04/16/2010,SJT,TX,ASW,CE,Federal Contract Tower,8,9,6,13,36,8,11,19,10,48,16,20,25,23,84,32,34,66,150
04/17/2010,SJT,TX,ASW,CE,Federal Contract Tower,8,3,7,9,27,8,4,13,6,31,16,7,20,15,58,32,14,46,104
04/18/2010,SJT,TX,ASW,CE,Federal Contract Tower,10,1,9,32,52,10,1,27,21,59,20,2,36,53,111,54,56,110,221
04/19/2010,SJT,TX,ASW,CE,Federal Contract Tower,9,11,11,47,78,9,12,48,20,89,18,23,59,67,167,68,282,350,517
04/20/2010,SJT,TX,ASW,CE,Federal Contract Tower,9,6,26,39,80,9,10,64,27,110,18,16,90,66,190,110,64,174,364
04/21/2010,SJT,TX,ASW,CE,Federal Contract Tower,9,9,18,50,86,9,13,49,26,97,18,22,67,76,183,78,72,150,333
04/22/2010,SJT,TX,ASW,CE,Federal Contract Tower,9,12,21,30,72,9,10,31,17,67,18,22,52,47,139,98,120,218,357
04/23/2010,SJT,TX,ASW,CE,Federal Contract Tower,9,10,17,87,123,9,13,58,40,120,18,23,75,127,243,86,394,480,723
04/24/2010,SJT,TX,ASW,CE,Federal Contract Tower,9,8,8,0,25,9,10,36,0,55,18,18,44,0,80,18,0,18,98
04/25/2010,SJT,TX,ASW,CE,Federal Contract Tower,9,2,6,34,51,9,4,52,19,84,18,6,58,53,135,116,116,232,367
04/26/2010,SJT,TX,ASW,CE,Federal Contract Tower,9,7,12,33,61,9,9,44,16,78,18,16,56,49,139,42,58,100,239
04/27/2010,SJT,TX,ASW,CE,Federal Contract Tower,9,5,19,47,80,9,11,69,23,112,18,16,88,70,192,62,188,250,442
04/28/2010,SJT,TX,ASW,CE,Federal Contract Tower,9,6,8,49,72,9,14,49,30,102,18,20,57,79,174,46,206,252,426
04/29/2010,SJT,TX,ASW,CE,Federal Contract Tower,12,7,9,43,71,12,11,33,26,82,24,18,42,69,153,40,114,154,307
04/30/2010,SJT,TX,ASW,CE,Federal Contract Tower,9,7,13,11,40,9,13,38,7,67,18,20,51,18,107,22,96,118,225
05/01/2010,SJT,TX,ASW,CE,Federal Contract Tower,9,1,4,0,14,9,3,29,0,41,18,4,33,0,55,66,0,66,121
05/02/2010,SJT,TX,ASW,CE,Federal Contract Tower,9,3,11,14,37,9,3,46,11,69,18,6,57,25,106,0,14,14,120
05/03/2010,SJT,TX,ASW,CE,Federal Contract Tower,8,7,10,21,46,8,9,47,9,73,16,16,57,30,119,44,54,98,217
05/04/2010,SJT,TX,ASW,CE,Federal Contract Tower,9,7,25,26,67,9,17,78,19,123,18,24,103,45,190,114,110,224,414
05/05/2010,SJT,TX,ASW,CE,Federal Contract Tower,9,7,20,20,56,9,11,65,17,102,18,18,85,37,158,54,36,90,248
05/06/2010,SJT,TX,ASW,CE,Federal Contract Tower,9,6,11,21,47,9,11,44,11,75,18,17,55,32,122,108,72,180,302
05/07/2010,SJT,TX,ASW,CE,Federal Contract Tower,9,7,13,34,63,9,12,41,25,87,18,19,54,59,150,54,174,228,378
05/08/2010,SJT,TX,ASW,CE,Federal Contract Tower,9,2,11,0,22,9,2,39,2,52,18,4,50,2,74,74,0,74,148
05/09/2010,SJT,TX,ASW,CE,Federal Contract Tower,9,2,14,18,43,9,4,26,9,48,18,6,40,27,91,38,28,66,157
05/10/2010,SJT,TX,ASW,CE,Federal Contract Tower,9,7,20,52,88,9,12,44,32,97,18,19,64,84,185,170,92,262,447
05/11/2010,SJT,TX,ASW,CE,Federal Contract Tower,8,10,22,31,71,8,12,49,9,78,16,22,71,40,149,56,74,130,279
05/12/2010,SJT,TX,ASW,CE,Federal Contract Tower,9,9,20,38,76,9,12,31,14,66,18,21,51,52,142,38,180,218,360
05/13/2010,SJT,TX,ASW,CE,Federal Contract Tower,9,7,27,48,91,9,9,40,20,78,18,16,67,68,169,48,186,234,403
05/14/2010,SJT,TX,ASW,CE,Federal Contract Tower,10,15,19,3,47,10,15,29,3,57,20,30,48,6,104,24,2,26,130
05/15/2010,SJT,TX,ASW,CE,Federal Contract Tower,9,3,8,7,27,9,3,24,4,40,18,6,32,11,67,64,10,74,141
05/16/2010,SJT,TX,ASW,CE,Federal Contract Tower,8,3,3,0,14,8,3,20,0,31,16,6,23,0,45,42,0,42,87
05/17/2010,SJT,TX,ASW,CE,Federal Contract Tower,8,2,21,21,52,8,6,40,18,72,16,8,61,39,124,36,66,102,226
05/18/2010,SJT,TX,ASW,CE,Federal Contract Tower,9,6,7,43,65,9,10,41,16,76,18,16,48,59,141,52,138,190,331
05/19/2010,SJT,TX,ASW,CE,Federal Contract Tower,8,7,23,78,116,8,9,61,32,110,16,16,84,110,226,68,216,284,510
05/20/2010,SJT,TX,ASW,CE,Federal Contract Tower,11,10,15,43,79,11,13,45,22,91,22,23,60,65,170,124,162,286,456
05/21/2010,SJT,TX,ASW,CE,Federal Contract Tower,7,9,19,44,79,7,11,54,30,102,14,20,73,74,181,90,150,240,421
05/22/2010,SJT,TX,ASW,CE,Federal Contract Tower,9,2,17,4,32,9,3,36,3,51,18,5,53,7,83,38,4,42,125
05/23/2010,SJT,TX,ASW,CE,Federal Contract Tower,19,2,15,6,42,19,4,39,11,73,38,6,54,17,115,2,22,24,139
05/24/2010,SJT,TX,ASW,CE,Federal Contract Tower,11,6,8,27,52,11,9,26,22,68,22,15,34,49,120,192,84,276,396
05/25/2010,SJT,TX,ASW,CE,Federal Contract Tower,8,8,7,17,40,8,11,43,24,86,16,19,50,41,126,68,52,120,246
05/26/2010,SJT,TX,ASW,CE,Federal Contract Tower,9,6,23,61,99,9,10,73,51,143,18,16,96,112,242,232,212,444,686
05/27/2010,SJT,TX,ASW,CE,Federal Contract Tower,9,5,11,23,48,9,10,46,11,76,18,15,57,34,124,232,40,272,396
05/28/2010,SJT,TX,ASW,CE,Federal Contract Tower,9,5,24,34,72,9,10,67,12,98,18,15,91,46,170,40,120,160,330
05/29/2010,SJT,TX,ASW,CE,Federal Contract Tower,10,3,4,4,21,10,5,44,2,61,20,8,48,6,82,22,8,30,112
05/30/2010,SJT,TX,ASW,CE,Federal Contract Tower,9,1,5,0,15,9,1,42,0,52,18,2,47,0,67,36,0,36,103
05/31/2010,SJT,TX,ASW,CE,Federal Contract Tower,7,3,9,5,24,7,3,34,4,48,14,6,43,9,72,2,6,8,80
06/01/2010,SJT,TX,ASW,CE,Federal Contract Tower,9,5,6,47,67,9,9,55,17,90,18,14,61,64,157,40,136,176,333
06/02/2010,SJT,TX,ASW,CE,Federal Contract Tower,7,12,14,54,87,7,13,41,18,79,14,25,55,72,166,76,118,194,360
06/03/2010,SJT,TX,ASW,CE,Federal Contract Tower,9,7,12,89,117,9,10,61,33,113,18,17,73,122,230,268,280,548,778
06/04/2010,SJT,TX,ASW,CE,Federal Contract Tower,9,7,4,68,88,9,13,44,47,113,18,20,48,115,201,160,168,328,529
06/05/2010,SJT,TX,ASW,CE,Federal Contract Tower,9,2,20,0,31,9,4,59,2,74,18,6,79,2,105,184,0,184,289
06/06/2010,SJT,TX,ASW,CE,Federal Contract Tower,9,1,11,34,55,9,3,14,21,47,18,4,25,55,102,0,66,66,168
06/07/2010,SJT,TX,ASW,CE,Federal Contract Tower,8,5,17,33,63,8,10,46,14,78,16,15,63,47,141,124,76,200,341
06/08/2010,SJT,TX,ASW,CE,Federal Contract Tower,8,16,6,46,76,8,19,34,22,83,16,35,40,68,159,158,114,272,431
06/09/2010,SJT,TX,ASW,CE,Federal Contract Tower,9,8,20,87,124,9,14,41,36,100,18,22,61,123,224,38,250,288,512
06/10/2010,SJT,TX,ASW,CE,Federal Contract Tower,9,7,15,43,74,9,9,30,18,66,18,16,45,61,140,42,186,228,368
06/11/2010,SJT,TX,ASW,CE,Federal Contract Tower,6,8,14,27,55,7,14,48,19,88,13,22,62,46,143,98,62,160,303
06/12/2010,SJT,TX,ASW,CE,Federal Contract Tower,9,2,17,0,28,9,2,25,14,50,18,4,42,14,78,30,0,30,108
06/13/2010,SJT,TX,ASW,CE,Federal Contract Tower,7,1,9,11,28,7,1,32,16,56,14,2,41,27,84,26,12,38,122
06/14/2010,SJT,TX,ASW,CE,Federal Contract Tower,9,5,11,33,58,9,7,38,16,70,18,12,49,49,128,106,76,182,310
06/15/2010,SJT,TX,ASW,CE,Federal Contract Tower,9,10,12,45,76,9,12,50,26,97,18,22,62,71,173,52,130,182,355
06/16/2010,SJT,TX,ASW,CE,Federal Contract Tower,9,5,21,36,71,9,10,66,20,105,18,15,87,56,176,22,124,146,322
06/17/2010,SJT,TX,ASW,CE,Federal Contract Tower,9,8,25,27,69,9,14,73,10,106,18,22,98,37,175,104,94,198,373
06/18/2010,SJT,TX,ASW,CE,Federal Contract Tower,9,9,3,23,44,9,13,30,11,63,18,22,33,34,107,48,104,152,259
06/19/2010,SJT,TX,ASW,CE,Federal Contract Tower,9,3,5,0,17,9,4,31,1,45,18,7,36,1,62,56,0,56,118
06/20/2010,SJT,TX,ASW,CE,Federal Contract Tower,10,1,3,2,16,10,1,36,3,50,20,2,39,5,66,28,22,50,116
06/21/2010,SJT,TX,ASW,CE,Federal Contract Tower,8,3,10,30,51,8,7,46,30,91,16,10,56,60,142,84,122,206,348
06/22/2010,SJT,TX,ASW,CE,Federal Contract Tower,9,5,7,27,48,9,9,58,29,105,18,14,65,56,153,58,120,178,331
06/23/2010,SJT,TX,ASW,CE,Federal Contract Tower,9,8,4,21,42,9,13,46,26,94,18,21,50,47,136,54,52,106,242
06/24/2010,SJT,TX,ASW,CE,Federal Contract Tower,10,6,13,41,70,9,10,48,29,96,19,16,61,70,166,80,210,290,456
06/25/2010,SJT,TX,ASW,CE,Federal Contract Tower,8,5,8,43,64,8,11,43,22,84,16,16,51,65,148,48,90,138,286
06/26/2010,SJT,TX,ASW,CE,Federal Contract Tower,7,3,8,0,18,7,8,47,3,65,14,11,55,3,83,30,0,30,113
06/27/2010,SJT,TX,ASW,CE,Federal Contract Tower,9,1,7,20,37,9,1,49,16,75,18,2,56,36,112,68,42,110,222
06/28/2010,SJT,TX,ASW,CE,Federal Contract Tower,7,4,26,37,74,7,8,58,17,90,14,12,84,54,164,56,106,162,326
06/29/2010,SJT,TX,ASW,CE,Federal Contract Tower,9,7,33,42,91,9,9,42,22,82,18,16,75,64,173,26,80,106,279
06/30/2010,SJT,TX,ASW,CE,Federal Contract Tower,10,9,17,39,75,10,12,29,19,70,20,21,46,58,145,14,56,70,215
07/01/2010,SJT,TX,ASW,CE,Federal Contract Tower,9,9,10,23,51,9,9,13,8,39,18,18,23,31,90,6,40,46,136
07/02/2010,SJT,TX,ASW,CE,Federal Contract Tower,9,11,17,6,43,9,11,24,6,50,18,22,41,12,93,34,0,34,127
07/03/2010,SJT,TX,ASW,CE,Federal Contract Tower,9,3,13,0,25,9,3,21,0,33,18,6,34,0,58,36,0,36,94
07/04/2010,SJT,TX,ASW,CE,Federal Contract Tower,7,0,5,0,12,7,0,11,1,19,14,0,16,1,31,10,0,10,41
07/05/2010,SJT,TX,ASW,CE,Federal Contract Tower,10,0,18,0,28,10,0,55,0,65,20,0,73,0,93,104,0,104,197
07/06/2010,SJT,TX,ASW,CE,Federal Contract Tower,9,3,17,42,71,9,7,62,20,98,18,10,79,62,169,132,178,310,479
07/07/2010,SJT,TX,ASW,CE,Federal Contract Tower,9,8,12,103,132,9,9,48,31,97,18,17,60,134,229,94,328,422,651
07/08/2010,SJT,TX,ASW,CE,Federal Contract Tower,10,7,9,48,74,10,9,15,16,50,20,16,24,64,124,32,80,112,236
07/09/2010,SJT,TX,ASW,CE,Federal Contract Tower,10,8,11,33,62,10,10,20,9,49,20,18,31,42,111,72,78,150,261
07/10/2010,SJT,TX,ASW,CE,Federal Contract Tower,10,3,8,2,23,10,3,40,4,57,20,6,48,6,80,148,6,154,234
07/11/2010,SJT,TX,ASW,CE,Federal Contract Tower,9,0,8,34,51,9,0,38,26,73,18,0,46,60,124,50,92,142,266
07/12/2010,SJT,TX,ASW,CE,Federal Contract Tower,10,4,14,53,81,10,6,43,24,83,20,10,57,77,164,86,146,232,396
07/13/2010,SJT,TX,ASW,CE,Federal Contract Tower,9,5,14,70,98,9,9,70,47,135,18,14,84,117,233,106,182,288,521
07/14/2010,SJT,TX,ASW,CE,Federal Contract Tower,8,10,12,38,68,8,13,56,16,93,16,23,68,54,161,130,200,330,491
07/15/2010,SJT,TX,ASW,CE,Federal Contract Tower,8,8,15,31,62,8,12,48,12,80,16,20,63,43,142,114,98,212,354
07/16/2010,SJT,TX,ASW,CE,Federal Contract Tower,11,10,22,37,80,11,15,73,16,115,22,25,95,53,195,116,136,252,447
07/17/2010,SJT,TX,ASW,CE,Federal Contract Tower,9,3,3,2,17,9,5,38,3,55,18,8,41,5,72,56,4,60,132
07/18/2010,SJT,TX,ASW,CE,Federal Contract Tower,9,3,10,10,32,9,3,51,11,74,18,6,61,21,106,36,42,78,184
07/19/2010,SJT,TX,ASW,CE,Federal Contract Tower,9,4,9,41,63,9,8,41,36,94,18,12,50,77,157,48,136,184,341
07/20/2010,SJT,TX,ASW,CE,Federal Contract Tower,9,6,13,61,89,9,10,44,33,96,18,16,57,94,185,36,194,230,415
07/21/2010,SJT,TX,ASW,CE,Federal Contract Tower,9,7,27,65,108,9,12,71,26,118,18,19,98,91,226,188,174,362,588
07/22/2010,SJT,TX,ASW,CE,Federal Contract Tower,11,6,16,50,83,11,10,43,19,83,22,16,59,69,166,24,124,148,314
07/23/2010,SJT,TX,ASW,CE,Federal Contract Tower,9,7,23,51,90,9,11,59,21,100,18,18,82,72,190,174,178,352,542
07/24/2010,SJT,TX,ASW,CE,Federal Contract Tower,11,1,5,4,21,11,4,42,8,65,22,5,47,12,86,72,4,76,162
07/25/2010,SJT,TX,ASW,CE,Federal Contract Tower,11,2,5,7,25,11,2,43,3,59,22,4,48,10,84,48,8,56,140
07/26/2010,SJT,TX,ASW,CE,Federal Contract Tower,9,4,10,18,41,9,7,35,12,63,18,11,45,30,104,64,82,146,250
07/27/2010,SJT,TX,ASW,CE,Federal Contract Tower,11,5,10,33,59,11,11,46,15,83,22,16,56,48,142,186,116,302,444
07/28/2010,SJT,TX,ASW,CE,Federal Contract Tower,9,12,17,36,74,9,15,43,22,89,18,27,60,58,163,84,200,284,447
07/29/2010,SJT,TX,ASW,CE,Federal Contract Tower,9,9,11,31,60,9,11,46,11,77,18,20,57,42,137,140,116,256,393
07/30/2010,SJT,TX,ASW,CE,Federal Contract Tower,9,7,16,46,78,9,12,59,20,100,18,19,75,66,178,80,112,192,370
07/31/2010,SJT,TX,ASW,CE,Federal Contract Tower,8,2,4,0,14,8,6,22,0,36,16,8,26,0,50,72,0,72,122
08/01/2010,SJT,TX,ASW,CE,Federal Contract Tower,9,2,10,12,33,10,8,37,5,60,19,10,47,17,93,38,22,60,153
08/02/2010,SJT,TX,ASW,CE,Federal Contract Tower,9,2,11,26,48,9,6,65,17,97,18,8,76,43,145,54,94,148,293
08/03/2010,SJT,TX,ASW,CE,Federal Contract Tower,9,10,17,22,58,9,14,47,12,82,18,24,64,34,140,88,52,140,280
08/04/2010,SJT,TX,ASW,CE,Federal Contract Tower,9,7,11,60,87,9,13,73,29,124,18,20,84,89,211,244,284,528,739
08/05/2010,SJT,TX,ASW,CE,Federal Contract Tower,9,8,9,36,62,9,16,45,12,82,18,24,54,48,144,74,126,200,344
08/06/2010,SJT,TX,ASW,CE,Federal Contract Tower,8,6,8,38,60,8,10,41,9,68,16,16,49,47,128,64,78,142,270
08/07/2010,SJT,TX,ASW,CE,Federal Contract Tower,9,1,11,8,29,9,3,49,3,64,18,4,60,11,93,42,14,56,149
08/08/2010,SJT,TX,ASW,CE,Federal Contract Tower,9,0,4,5,18,9,0,33,3,45,18,0,37,8,63,24,16,40,103
08/09/2010,SJT,TX,ASW,CE,Federal Contract Tower,9,3,9,51,72,9,9,35,32,85,18,12,44,83,157,52,140,192,349
08/10/2010,SJT,TX,ASW,CE,Federal Contract Tower,9,5,9,48,71,9,10,51,20,90,18,15,60,68,161,84,98,182,343
08/11/2010,SJT,TX,ASW,CE,Federal Contract Tower,9,7,18,35,69,9,12,71,13,105,18,19,89,48,174,72,102,174,348
08/12/2010,SJT,TX,ASW,CE,Federal Contract Tower,8,8,21,16,53,8,14,74,8,104,16,22,95,24,157,90,110,200,357
08/13/2010,SJT,TX,ASW,CE,Federal Contract Tower,9,8,16,28,61,9,12,80,11,112,18,20,96,39,173,87,72,159,332
08/14/2010,SJT,TX,ASW,CE,Federal Contract Tower,9,2,1,4,16,9,4,26,2,41,18,6,27,6,57,28,24,52,109
08/15/2010,SJT,TX,ASW,CE,Federal Contract Tower,7,2,10,13,32,7,2,57,12,78,14,4,67,25,110,12,24,36,146
08/16/2010,SJT,TX,ASW,CE,Federal Contract Tower,8,3,8,34,53,8,7,34,18,67,16,10,42,52,120,8,12,20,140
08/17/2010,SJT,TX,ASW,CE,Federal Contract Tower,9,7,13,32,61,9,11,86,17,123,18,18,99,49,184,130,32,162,346
08/18/2010,SJT,TX,ASW,CE,Federal Contract Tower,9,6,7,57,79,9,11,50,34,104,18,17,57,91,183,82,214,296,479
08/19/2010,SJT,TX,ASW,CE,Federal Contract Tower,9,7,20,42,78,9,16,68,17,110,18,23,88,59,188,172,104,276,464
08/20/2010,SJT,TX,ASW,CE,Federal Contract Tower,11,8,10,60,89,11,12,46,28,97,22,20,56,88,186,38,140,178,364
08/21/2010,SJT,TX,ASW,CE,Federal Contract Tower,8,1,17,7,33,8,4,30,3,45,16,5,47,10,78,90,28,118,196
08/22/2010,SJT,TX,ASW,CE,Federal Contract Tower,8,0,8,17,33,8,2,39,6,55,16,2,47,23,88,40,34,74,162
08/23/2010,SJT,TX,ASW,CE,Federal Contract Tower,12,4,7,45,68,12,8,52,17,89,24,12,59,62,157,46,136,182,339
08/24/2010,SJT,TX,ASW,CE,Federal Contract Tower,8,6,15,8,37,8,8,60,6,82,16,14,75,14,119,58,32,90,209
08/25/2010,SJT,TX,ASW,CE,Federal Contract Tower,9,10,18,23,60,9,12,55,13,89,18,22,73,36,149,46,60,106,255
08/26/2010,SJT,TX,ASW,CE,Federal Contract Tower,11,9,32,18,70,11,12,62,14,99,22,21,94,32,169,46,90,136,305
08/27/2010,SJT,TX,ASW,CE,Federal Contract Tower,10,7,9,49,75,10,13,53,25,101,20,20,62,74,176,34,194,228,404
08/28/2010,SJT,TX,ASW,CE,Federal Contract Tower,8,1,13,6,28,9,3,49,2,63,17,4,62,8,91,190,14,204,295
08/29/2010,SJT,TX,ASW,CE,Federal Contract Tower,9,0,7,18,34,9,0,49,12,70,18,0,56,30,104,98,34,132,236
08/30/2010,SJT,TX,ASW,CE,Federal Contract Tower,9,4,13,57,83,9,7,53,39,108,18,11,66,96,191,86,226,312,503
08/31/2010,SJT,TX,ASW,CE,Federal Contract Tower,9,8,22,59,98,9,11,39,30,89,18,19,61,89,187,110,168,278,465
09/01/2010,SJT,TX,ASW,CE,Federal Contract Tower,8,7,14,45,74,8,11,55,35,109,16,18,69,80,183,84,220,304,487
09/02/2010,SJT,TX,ASW,CE,Federal Contract Tower,8,7,8,38,61,8,13,57,18,96,16,20,65,56,157,44,108,152,309
09/03/2010,SJT,TX,ASW,CE,Federal Contract Tower,9,12,25,9,55,9,13,44,9,75,18,25,69,18,130,12,58,70,200
09/04/2010,SJT,TX,ASW,CE,Federal Contract Tower,9,1,9,0,19,9,5,62,0,76,18,6,71,0,95,38,0,38,133
09/05/2010,SJT,TX,ASW,CE,Federal Contract Tower,9,0,5,0,14,9,2,30,0,41,18,2,35,0,55,122,0,122,177
09/06/2010,SJT,TX,ASW,CE,Federal Contract Tower,9,2,16,0,27,9,3,43,0,55,18,5,59,0,82,34,0,34,116
09/07/2010,SJT,TX,ASW,CE,Federal Contract Tower,10,5,11,15,41,10,7,15,5,37,20,12,26,20,78,12,32,44,122
09/08/2010,SJT,TX,ASW,CE,Federal Contract Tower,6,10,15,36,67,6,11,23,15,55,12,21,38,51,122,14,52,66,188
09/09/2010,SJT,TX,ASW,CE,Federal Contract Tower,9,8,13,76,106,9,11,48,35,103,18,19,61,111,209,62,236,298,507
09/10/2010,SJT,TX,ASW,CE,Federal Contract Tower,9,8,11,36,64,9,11,35,14,69,18,19,46,50,133,28,88,116,249
09/11/2010,SJT,TX,ASW,CE,Federal Contract Tower,9,3,5,8,25,9,15,54,7,85,18,18,59,15,110,232,14,246,356
09/12/2010,SJT,TX,ASW,CE,Federal Contract Tower,9,3,7,7,26,9,10,41,9,69,18,13,48,16,95,100,20,120,215
09/13/2010,SJT,TX,ASW,CE,Federal Contract Tower,9,5,13,46,73,9,9,56,28,102,18,14,69,74,175,90,108,198,373
09/14/2010,SJT,TX,ASW,CE,Federal Contract Tower,9,13,11,56,89,9,13,70,27,119,18,26,81,83,208,122,90,212,420
09/15/2010,SJT,TX,ASW,CE,Federal Contract Tower,9,9,20,59,97,9,14,69,33,125,18,23,89,92,222,54,212,266,488
09/16/2010,SJT,TX,ASW,CE,Federal Contract Tower,9,9,13,34,65,9,9,68,24,110,18,18,81,58,175,140,160,300,475
09/17/2010,SJT,TX,ASW,CE,Federal Contract Tower,9,12,13,30,64,9,12,52,16,89,18,24,65,46,153,216,82,298,451
09/18/2010,SJT,TX,ASW,CE,Federal Contract Tower,9,3,9,0,21,9,5,53,1,68,18,8,62,1,89,216,2,218,307
09/19/2010,SJT,TX,ASW,CE,Federal Contract Tower,9,15,5,0,29,9,0,35,3,47,18,15,40,3,76,14,8,22,98
09/20/2010,SJT,TX,ASW,CE,Federal Contract Tower,11,10,13,42,76,11,10,40,27,88,22,20,53,69,164,130,66,196,360
09/21/2010,SJT,TX,ASW,CE,Federal Contract Tower,6,10,12,32,60,6,10,43,32,91,12,20,55,64,151,100,52,152,303
09/22/2010,SJT,TX,ASW,CE,Federal Contract Tower,11,13,7,65,96,11,13,25,43,92,22,26,32,108,188,86,162,248,436
09/23/2010,SJT,TX,ASW,CE,Federal Contract Tower,11,8,19,51,89,10,11,44,27,92,21,19,63,78,181,30,108,138,319
09/24/2010,SJT,TX,ASW,CE,Federal Contract Tower,9,9,22,21,61,9,10,38,11,68,18,19,60,32,129,60,44,104,233
09/25/2010,SJT,TX,ASW,CE,Federal Contract Tower,9,3,10,0,22,9,3,25,3,40,18,6,35,3,62,32,0,32,94
09/26/2010,SJT,TX,ASW,CE,Federal Contract Tower,9,0,7,7,23,9,0,46,9,64,18,0,53,16,87,16,20,36,123
09/27/2010,SJT,TX,ASW,CE,Federal Contract Tower,8,2,8,62,80,8,7,52,28,95,16,9,60,90,175,18,162,180,355
09/28/2010,SJT,TX,ASW,CE,Federal Contract Tower,9,6,15,39,69,9,10,60,12,91,18,16,75,51,160,104,114,218,378
09/29/2010,SJT,TX,ASW,CE,Federal Contract Tower,9,7,17,38,71,9,11,81,15,116,18,18,98,53,187,48,104,152,339
09/30/2010,SJT,TX,ASW,CE,Federal Contract Tower,9,6,14,80,109,9,9,78,43,139,18,15,92,123,248,44,322,366,614
10/01/2010,SJT,TX,ASW,CE,Federal Contract Tower,10,8,16,17,51,10,13,66,9,98,20,21,82,26,149,50,54,104,253
10/02/2010,SJT,TX,ASW,CE,Federal Contract Tower,9,1,14,0,24,9,3,55,0,67,18,4,69,0,91,42,0,42,133
10/03/2010,SJT,TX,ASW,CE,Federal Contract Tower,12,1,20,16,49,12,1,38,12,63,24,2,58,28,112,16,38,54,166
10/04/2010,SJT,TX,ASW,CE,Federal Contract Tower,9,3,7,63,82,9,7,39,26,81,18,10,46,89,163,36,146,182,345
10/05/2010,SJT,TX,ASW,CE,Federal Contract Tower,9,5,13,40,67,9,9,43,20,81,18,14,56,60,148,72,82,154,302
10/06/2010,SJT,TX,ASW,CE,Federal Contract Tower,8,7,11,50,76,8,11,44,30,93,16,18,55,80,169,26,80,106,275
10/07/2010,SJT,TX,ASW,CE,Federal Contract Tower,13,6,9,67,95,13,11,47,36,107,26,17,56,103,202,40,138,178,380
10/08/2010,SJT,TX,ASW,CE,Federal Contract Tower,9,7,22,88,126,9,11,70,47,137,18,18,92,135,263,34,204,238,501
10/09/2010,SJT,TX,ASW,CE,Federal Contract Tower,9,6,6,0,21,9,8,53,1,71,18,14,59,1,92,74,2,76,168
10/10/2010,SJT,TX,ASW,CE,Federal Contract Tower,11,3,20,4,38,11,5,57,8,81,22,8,77,12,119,16,12,28,147
10/11/2010,SJT,TX,ASW,CE,Federal Contract Tower,9,2,12,7,30,9,2,39,9,59,18,4,51,16,89,28,12,40,129
10/12/2010,SJT,TX,ASW,CE,Federal Contract Tower,10,8,15,61,94,10,12,53,42,117,20,20,68,103,211,40,210,250,461
10/13/2010,SJT,TX,ASW,CE,Federal Contract Tower,9,8,28,65,110,9,18,57,39,123,18,26,85,104,233,144,244,388,621
10/14/2010,SJT,TX,ASW,CE,Federal Contract Tower,9,6,14,58,87,9,10,64,32,115,18,16,78,90,202,82,126,208,410
10/15/2010,SJT,TX,ASW,CE,Federal Contract Tower,9,8,9,50,76,9,13,54,34,110,18,21,63,84,186,60,164,224,410
10/16/2010,SJT,TX,ASW,CE,Federal Contract Tower,9,3,5,4,21,9,5,45,5,64,18,8,50,9,85,56,18,74,159
10/17/2010,SJT,TX,ASW,CE,Federal Contract Tower,9,2,7,9,27,9,2,28,7,46,18,4,35,16,73,24,34,58,131
10/18/2010,SJT,TX,ASW,CE,Federal Contract Tower,12,2,12,41,67,9,9,32,25,75,21,11,44,66,142,38,124,162,304
10/19/2010,SJT,TX,ASW,CE,Federal Contract Tower,9,8,12,41,70,9,12,32,23,76,18,20,44,64,146,46,128,174,320
10/20/2010,SJT,TX,ASW,CE,Federal Contract Tower,8,8,15,40,71,8,12,45,17,82,16,20,60,57,153,102,70,172,325
10/21/2010,SJT,TX,ASW,CE,Federal Contract Tower,9,8,24,43,84,8,11,39,26,84,17,19,63,69,168,32,110,142,310
10/22/2010,SJT,TX,ASW,CE,Federal Contract Tower,9,9,14,48,80,9,11,26,18,64,18,20,40,66,144,40,196,236,380
10/23/2010,SJT,TX,ASW,CE,Federal Contract Tower,4,1,1,0,6,4,1,17,0,22,8,2,18,0,28,36,0,36,64
10/24/2010,SJT,TX,ASW,CE,Federal Contract Tower,8,0,20,15,43,8,4,45,14,71,16,4,65,29,114,0,22,22,136
10/25/2010,SJT,TX,ASW,CE,Federal Contract Tower,9,2,14,57,82,9,11,41,41,102,18,13,55,98,184,20,162,182,366
10/26/2010,SJT,TX,ASW,CE,Federal Contract Tower,9,6,11,69,95,9,10,59,44,122,18,16,70,113,217,54,168,222,439
10/27/2010,SJT,TX,ASW,CE,Federal Contract Tower,9,9,15,57,90,9,21,69,30,129,18,30,84,87,219,226,158,384,603
10/28/2010,SJT,TX,ASW,CE,Federal Contract Tower,9,9,18,48,84,9,13,59,34,115,18,22,77,82,199,156,72,228,427
10/29/2010,SJT,TX,ASW,CE,Federal Contract Tower,9,8,20,16,53,9,13,59,17,98,18,21,79,33,151,54,40,94,245
10/30/2010,SJT,TX,ASW,CE,Federal Contract Tower,10,2,11,0,23,10,4,58,0,72,20,6,69,0,95,70,0,70,165
10/31/2010,SJT,TX,ASW,CE,Federal Contract Tower,9,3,12,10,34,9,8,56,8,81,18,11,68,18,115,32,24,56,171
11/01/2010,SJT,TX,ASW,CE,Federal Contract Tower,7,3,8,55,73,7,6,46,28,87,14,9,54,83,160,40,172,212,372
11/02/2010,SJT,TX,ASW,CE,Federal Contract Tower,7,9,13,61,90,7,13,34,33,87,14,22,47,94,177,58,190,248,425
11/03/2010,SJT,TX,ASW,CE,Federal Contract Tower,8,7,12,93,120,9,11,33,40,93,17,18,45,133,213,34,338,372,585
11/04/2010,SJT,TX,ASW,CE,Federal Contract Tower,8,7,32,61,108,8,11,76,41,136,16,18,108,102,244,36,182,218,462
11/05/2010,SJT,TX,ASW,CE,Federal Contract Tower,9,6,20,24,59,9,12,69,22,112,18,18,89,46,171,88,52,140,311
11/06/2010,SJT,TX,ASW,CE,Federal Contract Tower,9,3,17,1,30,9,5,42,3,59,18,8,59,4,89,106,0,106,195
11/07/2010,SJT,TX,ASW,CE,Federal Contract Tower,9,4,26,10,49,9,4,82,12,107,18,8,108,22,156,26,56,82,238
11/08/2010,SJT,TX,ASW,CE,Federal Contract Tower,10,6,11,37,64,10,10,51,27,98,20,16,62,64,162,20,196,216,378
11/09/2010,SJT,TX,ASW,CE,Federal Contract Tower,8,9,9,22,48,8,15,47,18,88,16,24,56,40,136,38,174,212,348
11/10/2010,SJT,TX,ASW,CE,Federal Contract Tower,9,9,23,48,89,9,18,66,34,127,18,27,89,82,216,102,148,250,466
11/11/2010,SJT,TX,ASW,CE,Federal Contract Tower,9,9,20,0,38,9,9,41,0,59,18,18,61,0,97,40,8,48,145
11/12/2010,SJT,TX,ASW,CE,Federal Contract Tower,9,11,24,80,124,9,13,43,31,96,18,24,67,111,220,24,254,278,498
11/13/2010,SJT,TX,ASW,CE,Federal Contract Tower,9,2,5,11,27,9,4,32,12,57,18,6,37,23,84,48,48,96,180
11/14/2010,SJT,TX,ASW,CE,Federal Contract Tower,11,0,18,9,38,11,0,48,6,65,22,0,66,15,103,30,44,74,177
11/15/2010,SJT,TX,ASW,CE,Federal Contract Tower,10,3,13,42,68,10,7,28,26,71,20,10,41,68,139,18,92,110,249
11/16/2010,SJT,TX,ASW,CE,Federal Contract Tower,9,8,15,34,66,9,12,34,29,84,18,20,49,63,150,32,118,150,300
11/17/2010,SJT,TX,ASW,CE,Federal Contract Tower,9,7,17,26,59,9,11,46,22,88,18,18,63,48,147,92,144,236,383
11/18/2010,SJT,TX,ASW,CE,Federal Contract Tower,10,10,23,17,60,10,14,47,18,89,20,24,70,35,149,92,60,152,301
11/19/2010,SJT,TX,ASW,CE,Federal Contract Tower,10,9,23,68,110,10,15,57,31,113,20,24,80,99,223,20,230,250,473
11/20/2010,SJT,TX,ASW,CE,Federal Contract Tower,9,2,22,6,39,9,4,56,3,72,18,6,78,9,111,68,12,80,191
11/21/2010,SJT,TX,ASW,CE,Federal Contract Tower,9,0,10,24,43,9,0,36,18,63,18,0,46,42,106,28,46,74,180
11/22/2010,SJT,TX,ASW,CE,Federal Contract Tower,8,3,17,25,53,8,7,59,18,92,16,10,76,43,145,32,152,184,329
11/23/2010,SJT,TX,ASW,CE,Federal Contract Tower,8,7,22,20,57,8,10,69,21,108,16,17,91,41,165,224,46,270,435
11/24/2010,SJT,TX,ASW,CE,Federal Contract Tower,9,7,20,36,72,9,11,40,22,82,18,18,60,58,154,36,234,270,424
11/25/2010,SJT,TX,ASW,CE,Federal Contract Tower,8,1,2,0,11,8,1,12,0,21,16,2,14,0,32,18,0,18,50
11/26/2010,SJT,TX,ASW,CE,Federal Contract Tower,6,6,19,0,31,6,10,44,0,60,12,16,63,0,91,42,0,42,133
11/27/2010,SJT,TX,ASW,CE,Federal Contract Tower,10,1,2,1,14,10,3,26,2,41,20,4,28,3,55,26,0,26,81
11/28/2010,SJT,TX,ASW,CE,Federal Contract Tower,9,2,20,0,31,9,2,38,2,51,18,4,58,2,82,4,0,4,86
11/29/2010,SJT,TX,ASW,CE,Federal Contract Tower,7,3,14,19,43,7,7,31,10,55,14,10,45,29,98,28,118,146,244
11/30/2010,SJT,TX,ASW,CE,Federal Contract Tower,10,8,10,39,67,10,10,39,24,83,20,18,49,63,150,66,134,200,350
12/01/2010,SJT,TX,ASW,CE,Federal Contract Tower,8,7,11,53,79,8,11,44,27,90,16,18,55,80,169,68,112,180,349
12/02/2010,SJT,TX,ASW,CE,Federal Contract Tower,9,13,21,52,95,9,16,50,30,105,18,29,71,82,200,62,142,204,404
12/03/2010,SJT,TX,ASW,CE,Federal Contract Tower,10,9,16,43,78,10,16,67,22,115,20,25,83,65,193,100,148,248,441
12/04/2010,SJT,TX,ASW,CE,Federal Contract Tower,9,4,15,2,30,9,5,50,1,65,18,9,65,3,95,52,10,62,157
12/05/2010,SJT,TX,ASW,CE,Federal Contract Tower,9,8,15,1,33,9,16,56,5,86,18,24,71,6,119,12,10,22,141
12/06/2010,SJT,TX,ASW,CE,Federal Contract Tower,11,10,2,25,48,11,14,37,12,74,22,24,39,37,122,38,70,108,230
12/07/2010,SJT,TX,ASW,CE,Federal Contract Tower,9,7,16,56,88,9,12,38,26,85,18,19,54,82,173,40,238,278,451
12/08/2010,SJT,TX,ASW,CE,Federal Contract Tower,9,6,19,43,77,9,10,52,31,102,18,16,71,74,179,80,198,278,457
12/09/2010,SJT,TX,ASW,CE,Federal Contract Tower,9,6,14,35,64,9,12,46,13,80,18,18,60,48,144,26,128,154,298
12/10/2010,SJT,TX,ASW,CE,Federal Contract Tower,9,6,25,17,57,9,10,61,17,97,18,16,86,34,154,124,48,172,326
12/11/2010,SJT,TX,ASW,CE,Federal Contract Tower,10,2,5,14,31,10,6,41,17,74,20,8,46,31,105,70,42,112,217
12/12/2010,SJT,TX,ASW,CE,Federal Contract Tower,9,0,19,16,44,9,0,53,15,77,18,0,72,31,121,20,18,38,159
12/13/2010,SJT,TX,ASW,CE,Federal Contract Tower,9,1,4,24,38,9,7,30,19,65,18,8,34,43,103,58,112,170,273
12/14/2010,SJT,TX,ASW,CE,Federal Contract Tower,9,9,8,25,51,9,14,61,34,118,18,23,69,59,169,46,82,128,297
12/15/2010,SJT,TX,ASW,CE,Federal Contract Tower,12,8,20,45,85,12,14,53,28,107,24,22,73,73,192,36,116,152,344
12/16/2010,SJT,TX,ASW,CE,Federal Contract Tower,7,7,11,30,55,7,13,48,18,86,14,20,59,48,141,38,108,146,287
12/17/2010,SJT,TX,ASW,CE,Federal Contract Tower,7,8,13,28,56,7,14,41,14,76,14,22,54,42,132,96,46,142,274
12/18/2010,SJT,TX,ASW,CE,Federal Contract Tower,7,1,14,5,27,7,3,41,1,52,14,4,55,6,79,70,20,90,169
12/19/2010,SJT,TX,ASW,CE,Federal Contract Tower,7,0,6,0,13,7,0,41,3,51,14,0,47,3,64,20,6,26,90
12/20/2010,SJT,TX,ASW,CE,Federal Contract Tower,7,2,19,53,81,7,6,55,31,99,14,8,74,84,180,118,204,322,502
12/21/2010,SJT,TX,ASW,CE,Federal Contract Tower,7,8,12,29,56,7,12,58,16,93,14,20,70,45,149,102,88,190,339
12/22/2010,SJT,TX,ASW,CE,Federal Contract Tower,7,15,18,19,59,7,15,37,3,62,14,30,55,22,121,58,22,80,201
12/23/2010,SJT,TX,ASW,CE,Federal Contract Tower,7,11,6,0,24,7,11,7,0,25,14,22,13,0,49,8,0,8,57
12/24/2010,SJT,TX,ASW,CE,Federal Contract Tower,8,12,3,0,23,8,12,3,0,23,16,24,6,0,46,12,0,12,58
12/25/2010,SJT,TX,ASW,CE,Federal Contract Tower,5,0,1,0,6,5,0,14,0,19,10,0,15,0,25,18,0,18,43
12/26/2010,SJT,TX,ASW,CE,Federal Contract Tower,7,0,8,0,15,7,0,31,0,38,14,0,39,0,53,2,0,2,55
12/27/2010,SJT,TX,ASW,CE,Federal Contract Tower,9,5,3,2,19,9,9,26,6,50,18,14,29,8,69,30,6,36,105
12/28/2010,SJT,TX,ASW,CE,Federal Contract Tower,7,9,5,0,21,7,9,15,0,31,14,18,20,0,52,12,0,12,64
12/29/2010,SJT,TX,ASW,CE,Federal Contract Tower,8,7,13,6,34,8,9,32,3,52,16,16,45,9,86,50,8,58,144
12/30/2010,SJT,TX,ASW,CE,Federal Contract Tower,7,7,15,0,29,7,11,54,0,72,14,18,69,0,101,37,0,37,138
12/31/2010,SJT,TX,ASW,CE,Federal Contract Tower,7,11,3,0,21,7,14,32,0,53,14,25,35,0,74,68,0,68,142
01/01/2011,SJT,TX,ASW,CE,Federal Contract Tower,7,0,5,0,12,7,0,24,0,31,14,0,29,0,43,8,0,8,51
01/02/2011,SJT,TX,ASW,CE,Federal Contract Tower,7,0,4,0,11,7,2,47,0,56,14,2,51,0,67,58,0,58,125
01/03/2011,SJT,TX,ASW,CE,Federal Contract Tower,9,3,5,2,19,9,7,29,1,46,18,10,34,3,65,40,2,42,107
01/04/2011,SJT,TX,ASW,CE,Federal Contract Tower,7,9,13,38,67,7,11,46,17,81,14,20,59,55,148,60,234,294,442
01/05/2011,SJT,TX,ASW,CE,Federal Contract Tower,7,5,13,66,91,7,9,45,34,95,14,14,58,100,186,78,256,334,520
01/06/2011,SJT,TX,ASW,CE,Federal Contract Tower,7,6,10,51,74,7,10,52,33,102,14,16,62,84,176,86,174,260,436
01/07/2011,SJT,TX,ASW,CE,Federal Contract Tower,9,6,12,45,72,9,10,39,53,111,18,16,51,98,183,30,150,180,363
01/08/2011,SJT,TX,ASW,CE,Federal Contract Tower,7,4,10,4,25,7,4,35,2,48,14,8,45,6,73,48,36,84,157
01/09/2011,SJT,TX,ASW,CE,Federal Contract Tower,3,0,9,19,31,3,0,36,12,51,6,0,45,31,82,76,30,106,188
01/10/2011,SJT,TX,ASW,CE,Federal Contract Tower,3,7,12,8,30,3,7,7,2,19,6,14,19,10,49,24,16,40,89
01/11/2011,SJT,TX,ASW,CE,Federal Contract Tower,7,5,12,55,79,7,10,32,24,73,14,15,44,79,152,32,188,220,372
01/12/2011,SJT,TX,ASW,CE,Federal Contract Tower,7,5,10,40,62,7,12,24,21,64,14,17,34,61,126,60,96,156,282
01/13/2011,SJT,TX,ASW,CE,Federal Contract Tower,7,6,7,23,43,7,13,25,6,51,14,19,32,29,94,54,86,140,234
01/14/2011,SJT,TX,ASW,CE,Federal Contract Tower,8,10,24,44,86,8,13,42,24,87,16,23,66,68,173,32,118,150,323
01/15/2011,SJT,TX,ASW,CE,Federal Contract Tower,7,5,9,0,21,7,5,12,0,24,14,10,21,0,45,30,0,30,75
01/16/2011,SJT,TX,ASW,CE,Federal Contract Tower,9,0,9,8,26,9,0,44,5,58,18,0,53,13,84,64,10,74,158
01/17/2011,SJT,TX,ASW,CE,Federal Contract Tower,7,2,15,10,34,7,2,52,10,71,14,4,67,20,105,74,42,116,221
01/18/2011,SJT,TX,ASW,CE,Federal Contract Tower,7,9,6,74,96,7,17,59,54,137,14,26,65,128,233,108,272,380,613
01/19/2011,SJT,TX,ASW,CE,Federal Contract Tower,7,5,9,62,83,7,11,26,34,78,14,16,35,96,161,34,292,326,487
01/20/2011,SJT,TX,ASW,CE,Federal Contract Tower,9,7,4,54,74,9,10,19,24,62,18,17,23,78,136,32,216,248,384
01/21/2011,SJT,TX,ASW,CE,Federal Contract Tower,7,6,9,47,69,7,12,60,18,97,14,18,69,65,166,70,148,218,384
01/22/2011,SJT,TX,ASW,CE,Federal Contract Tower,7,4,4,4,19,7,4,55,7,73,14,8,59,11,92,128,4,132,224
01/23/2011,SJT,TX,ASW,CE,Federal Contract Tower,7,0,7,10,24,7,5,20,9,41,14,5,27,19,65,34,36,70,135
01/24/2011,SJT,TX,ASW,CE,Federal Contract Tower,7,3,4,47,61,7,7,43,34,91,14,10,47,81,152,50,272,322,474
01/25/2011,SJT,TX,ASW,CE,Federal Contract Tower,8,9,4,49,70,8,12,28,32,80,16,21,32,81,150,66,262,328,478
01/26/2011,SJT,TX,ASW,CE,Federal Contract Tower,7,6,14,61,88,7,10,44,25,86,14,16,58,86,174,52,190,242,416
01/27/2011,SJT,TX,ASW,CE,Federal Contract Tower,7,6,25,74,112,7,10,54,25,96,14,16,79,99,208,34,204,238,446
01/28/2011,SJT,TX,ASW,CE,Federal Contract Tower,7,9,7,37,60,7,11,49,23,90,14,20,56,60,150,114,204,318,468
01/29/2011,SJT,TX,ASW,CE,Federal Contract Tower,5,2,5,0,12,5,4,44,0,53,10,6,49,0,65,44,0,44,109
01/30/2011,SJT,TX,ASW,CE,Federal Contract Tower,8,2,6,27,43,8,2,33,22,65,16,4,39,49,108,22,52,74,182
01/31/2011,SJT,TX,ASW,CE,Federal Contract Tower,7,13,6,55,81,7,13,33,25,78,14,26,39,80,159,28,234,262,421
02/01/2011,SJT,TX,ASW,CE,Federal Contract Tower,0,2,1,10,13,0,4,1,10,15,0,6,2,20,28,4,18,22,50
02/02/2011,SJT,TX,ASW,CE,Federal Contract Tower,0,15,12,49,76,0,17,18,22,57,0,32,30,71,133,30,130,160,293
02/03/2011,SJT,TX,ASW,CE,Federal Contract Tower,1,6,8,18,33,1,10,12,39,62,2,16,20,57,95,22,66,88,183
02/04/2011,SJT,TX,ASW,CE,Federal Contract Tower,0,8,3,5,16,0,9,24,7,40,0,17,27,12,56,50,6,56,112
02/05/2011,SJT,TX,ASW,CE,Federal Contract Tower,7,5,4,12,28,7,7,41,7,62,14,12,45,19,90,110,16,126,216
02/06/2011,SJT,TX,ASW,CE,Federal Contract Tower,7,2,3,0,12,7,2,20,0,29,14,4,23,0,41,62,0,62,103
02/07/2011,SJT,TX,ASW,CE,Federal Contract Tower,7,7,15,55,84,7,10,55,22,94,14,17,70,77,178,58,138,196,374
02/08/2011,SJT,TX,ASW,CE,Federal Contract Tower,9,5,19,46,79,9,9,34,26,78,18,14,53,72,157,110,248,358,515
02/09/2011,SJT,TX,ASW,CE,Federal Contract Tower,3,7,7,64,81,3,11,26,22,62,6,18,33,86,143,68,278,346,489
02/10/2011,SJT,TX,ASW,CE,Federal Contract Tower,5,9,11,57,82,5,12,20,26,63,10,21,31,83,145,58,142,200,345
02/11/2011,SJT,TX,ASW,CE,Federal Contract Tower,10,9,17,30,66,10,13,10,0,33,20,22,27,30,99,42,92,134,233
02/12/2011,SJT,TX,ASW,CE,Federal Contract Tower,7,2,2,0,11,7,3,61,2,73,14,5,63,2,84,134,0,134,218
02/13/2011,SJT,TX,ASW,CE,Federal Contract Tower,7,0,5,1,13,7,0,57,1,65,14,0,62,2,78,92,0,92,170
02/14/2011,SJT,TX,ASW,CE,Federal Contract Tower,13,4,7,60,84,13,8,57,50,128,26,12,64,110,212,50,186,236,448
02/15/2011,SJT,TX,ASW,CE,Federal Contract Tower,7,6,20,37,70,7,14,46,45,112,14,20,66,82,182,18,96,114,296
02/16/2011,SJT,TX,ASW,CE,Federal Contract Tower,7,10,27,75,119,7,12,60,34,113,14,22,87,109,232,36,154,190,422
02/17/2011,SJT,TX,ASW,CE,Federal Contract Tower,9,10,11,56,86,9,12,29,19,69,18,22,40,75,155,40,158,198,353
02/18/2011,SJT,TX,ASW,CE,Federal Contract Tower,7,11,11,68,97,7,13,32,24,76,14,24,43,92,173,14,90,104,277
02/19/2011,SJT,TX,ASW,CE,Federal Contract Tower,5,6,6,0,17,5,6,22,0,33,10,12,28,0,50,44,0,44,94
02/20/2011,SJT,TX,ASW,CE,Federal Contract Tower,3,0,7,4,14,3,0,23,2,28,6,0,30,6,42,10,4,14,56
02/21/2011,SJT,TX,ASW,CE,Federal Contract Tower,5,2,12,0,19,5,2,55,4,66,10,4,67,4,85,126,0,126,211
02/22/2011,SJT,TX,ASW,CE,Federal Contract Tower,7,8,12,54,81,7,13,32,22,74,14,21,44,76,155,34,282,316,471
02/23/2011,SJT,TX,ASW,CE,Federal Contract Tower,7,10,14,98,129,7,13,40,29,89,14,23,54,127,218,70,510,580,798
02/24/2011,SJT,TX,ASW,CE,Federal Contract Tower,6,8,10,61,85,7,11,29,24,71,13,19,39,85,156,150,88,238,394
02/25/2011,SJT,TX,ASW,CE,Federal Contract Tower,7,10,34,28,79,7,17,93,17,134,14,27,127,45,213,122,104,226,439
02/26/2011,SJT,TX,ASW,CE,Federal Contract Tower,7,3,11,0,21,7,3,48,0,58,14,6,59,0,79,52,0,52,131
02/27/2011,SJT,TX,ASW,CE,Federal Contract Tower,7,2,17,5,31,7,2,23,10,42,14,4,40,15,73,4,20,24,97
02/28/2011,SJT,TX,ASW,CE,Federal Contract Tower,7,3,8,57,75,7,11,40,28,86,14,14,48,85,161,48,120,168,329
03/01/2011,SJT,TX,ASW,CE,Federal Contract Tower,7,5,9,40,61,7,7,40,23,77,14,12,49,63,138,88,102,190,328
03/02/2011,SJT,TX,ASW,CE,Federal Contract Tower,7,9,15,40,71,7,15,59,37,118,14,24,74,77,189,194,111,305,494
03/03/2011,SJT,TX,ASW,CE,Federal Contract Tower,7,5,17,72,101,7,11,43,36,97,14,16,60,108,198,90,264,354,552
03/04/2011,SJT,TX,ASW,CE,Federal Contract Tower,7,10,27,49,93,7,15,59,26,107,14,25,86,75,200,64,124,188,388
03/05/2011,SJT,TX,ASW,CE,Federal Contract Tower,10,7,3,5,25,8,6,26,1,41,18,13,29,6,66,104,8,112,178
03/06/2011,SJT,TX,ASW,CE,Federal Contract Tower,7,0,5,0,12,7,4,32,0,43,14,4,37,0,55,26,0,26,81
03/07/2011,SJT,TX,ASW,CE,Federal Contract Tower,12,2,9,56,79,12,8,25,41,86,24,10,34,97,165,8,166,174,339
03/08/2011,SJT,TX,ASW,CE,Federal Contract Tower,7,6,15,55,83,7,10,27,23,67,14,16,42,78,150,46,264,310,460
03/09/2011,SJT,TX,ASW,CE,Federal Contract Tower,8,8,16,23,55,8,13,56,13,90,16,21,72,36,145,102,40,142,287
03/10/2011,SJT,TX,ASW,CE,Federal Contract Tower,7,6,9,51,73,7,10,45,20,82,14,16,54,71,155,28,174,202,357
03/11/2011,SJT,TX,ASW,CE,Federal Contract Tower,6,10,7,72,95,5,16,42,36,99,11,26,49,108,194,8,216,224,418
03/12/2011,SJT,TX,ASW,CE,Federal Contract Tower,7,2,6,3,18,7,4,50,7,68,14,6,56,10,86,126,8,134,220
03/13/2011,SJT,TX,ASW,CE,Federal Contract Tower,7,6,9,28,50,7,5,47,27,86,14,11,56,55,136,162,104,266,402
03/14/2011,SJT,TX,ASW,CE,Federal Contract Tower,6,4,22,58,90,6,10,58,38,112,12,14,80,96,202,80,222,302,504
03/15/2011,SJT,TX,ASW,CE,Federal Contract Tower,7,7,11,57,82,7,10,58,28,103,14,17,69,85,185,78,132,210,395
03/16/2011,SJT,TX,ASW,CE,Federal Contract Tower,7,9,23,64,103,7,11,41,46,105,14,20,64,110,208,44,226,270,478
03/17/2011,SJT,TX,ASW,CE,Federal Contract Tower,9,11,7,60,87,9,13,46,27,95,18,24,53,87,182,64,252,316,498
03/18/2011,SJT,TX,ASW,CE,Federal Contract Tower,7,10,15,24,56,7,12,49,24,92,14,22,64,48,148,46,100,146,294
03/19/2011,SJT,TX,ASW,CE,Federal Contract Tower,7,3,10,5,25,7,7,39,7,60,14,10,49,12,85,54,2,56,141
03/20/2011,SJT,TX,ASW,CE,Federal Contract Tower,7,3,14,4,28,7,3,32,2,44,14,6,46,6,72,66,4,70,142
03/21/2011,SJT,TX,ASW,CE,Federal Contract Tower,7,4,18,69,98,7,6,44,42,99,14,10,62,111,197,56,126,182,379
03/22/2011,SJT,TX,ASW,CE,Federal Contract Tower,8,8,13,43,72,8,11,30,25,74,16,19,43,68,146,0,170,170,316
03/23/2011,SJT,TX,ASW,CE,Federal Contract Tower,7,5,8,32,52,7,9,62,23,101,14,14,70,55,153,156,180,336,489
03/24/2011,SJT,TX,ASW,CE,Federal Contract Tower,7,7,17,48,79,7,11,43,15,76,14,18,60,63,155,104,166,270,425
03/25/2011,SJT,TX,ASW,CE,Federal Contract Tower,7,6,8,64,85,7,10,53,40,110,14,16,61,104,195,112,422,534,729
03/26/2011,SJT,TX,ASW,CE,Federal Contract Tower,7,2,7,0,16,7,7,52,16,82,14,9,59,16,98,104,0,104,202
03/27/2011,SJT,TX,ASW,CE,Federal Contract Tower,7,2,10,12,31,7,2,29,11,49,14,4,39,23,80,8,40,48,128
03/28/2011,SJT,TX,ASW,CE,Federal Contract Tower,7,6,16,90,119,7,7,46,40,100,14,13,62,130,219,88,230,318,537
03/29/2011,SJT,TX,ASW,CE,Federal Contract Tower,7,13,13,24,57,7,13,23,16,59,14,26,36,40,116,42,44,86,202
03/30/2011,SJT,TX,ASW,CE,Federal Contract Tower,7,8,23,62,100,7,9,40,33,89,14,17,63,95,189,96,124,220,409
03/31/2011,SJT,TX,ASW,CE,Federal Contract Tower,7,6,11,51,75,7,12,59,25,103,14,18,70,76,178,196,164,360,538
04/01/2011,SJT,TX,ASW,CE,Federal Contract Tower,9,12,13,50,84,9,14,43,27,93,18,26,56,77,177,28,168,196,373
04/02/2011,SJT,TX,ASW,CE,Federal Contract Tower,7,3,6,11,27,7,5,62,24,98,14,8,68,35,125,162,8,170,295
04/03/2011,SJT,TX,ASW,CE,Federal Contract Tower,7,1,11,1,20,7,1,34,3,45,14,2,45,4,65,0,0,0,65
04/04/2011,SJT,TX,ASW,CE,Federal Contract Tower,9,5,6,75,95,9,9,18,38,74,18,14,24,113,169,4,224,228,397
04/05/2011,SJT,TX,ASW,CE,Federal Contract Tower,7,9,13,50,79,7,13,51,26,97,14,22,64,76,176,30,170,200,376
04/06/2011,SJT,TX,ASW,CE,Federal Contract Tower,7,7,24,69,107,7,11,45,33,96,14,18,69,102,203,40,250,290,493
04/07/2011,SJT,TX,ASW,CE,Federal Contract Tower,7,8,26,56,97,7,11,43,27,88,14,19,69,83,185,60,184,244,429
04/08/2011,SJT,TX,ASW,CE,Federal Contract Tower,7,12,9,55,83,7,14,43,24,88,14,26,52,79,171,54,292,346,517
04/09/2011,SJT,TX,ASW,CE,Federal Contract Tower,7,2,11,21,41,7,4,23,7,41,14,6,34,28,82,36,44,80,162
04/10/2011,SJT,TX,ASW,CE,Federal Contract Tower,7,0,5,0,12,7,0,24,0,31,14,0,29,0,43,14,0,14,57
04/11/2011,SJT,TX,ASW,CE,Federal Contract Tower,7,4,15,48,74,7,8,45,34,94,14,12,60,82,168,28,128,156,324
04/12/2011,SJT,TX,ASW,CE,Federal Contract Tower,7,9,12,52,80,7,11,65,27,110,14,20,77,79,190,124,142,266,456
04/13/2011,SJT,TX,ASW,CE,Federal Contract Tower,8,11,31,71,121,8,12,55,28,103,16,23,86,99,224,82,260,342,566
04/14/2011,SJT,TX,ASW,CE,Federal Contract Tower,7,6,13,33,59,7,9,44,14,74,14,15,57,47,133,48,108,156,289
04/15/2011,SJT,TX,ASW,CE,Federal Contract Tower,5,7,9,37,58,5,12,51,16,84,10,19,60,53,142,34,130,164,306
04/16/2011,SJT,TX,ASW,CE,Federal Contract Tower,9,2,9,0,20,9,3,67,0,79,18,5,76,0,99,54,0,54,153
04/17/2011,SJT,TX,ASW,CE,Federal Contract Tower,7,0,15,6,28,7,1,51,4,63,14,1,66,10,91,22,4,26,117
04/18/2011,SJT,TX,ASW,CE,Federal Contract Tower,7,9,18,36,70,7,11,69,28,115,14,20,87,64,185,58,100,158,343
04/19/2011,SJT,TX,ASW,CE,Federal Contract Tower,6,9,9,25,49,6,11,50,21,88,12,20,59,46,137,54,90,144,281
04/20/2011,SJT,TX,ASW,CE,Federal Contract Tower,8,9,25,25,67,8,12,57,13,90,16,21,82,38,157,60,80,140,297
04/21/2011,SJT,TX,ASW,CE,Federal Contract Tower,7,11,28,56,102,7,11,59,17,94,14,22,87,73,196,116,164,280,476
04/22/2011,SJT,TX,ASW,CE,Federal Contract Tower,7,12,27,80,126,7,13,38,32,90,14,25,65,112,216,74,254,328,544
04/23/2011,SJT,TX,ASW,CE,Federal Contract Tower,8,2,7,0,17,8,2,31,4,45,16,4,38,4,62,60,0,60,122
04/24/2011,SJT,TX,ASW,CE,Federal Contract Tower,7,3,5,0,15,7,3,26,0,36,14,6,31,0,51,4,0,4,55
04/25/2011,SJT,TX,ASW,CE,Federal Contract Tower,5,2,25,48,80,5,9,48,21,83,10,11,73,69,163,22,130,152,315
04/26/2011,SJT,TX,ASW,CE,Federal Contract Tower,7,8,13,44,72,7,14,41,21,83,14,22,54,65,155,32,134,166,321
04/27/2011,SJT,TX,ASW,CE,Federal Contract Tower,5,10,16,34,65,5,14,63,13,95,10,24,79,47,160,64,92,156,316
04/28/2011,SJT,TX,ASW,CE,Federal Contract Tower,7,6,18,33,64,7,12,97,19,135,14,18,115,52,199,158,150,308,507
04/29/2011,SJT,TX,ASW,CE,Federal Contract Tower,7,7,14,29,57,7,14,60,32,113,14,21,74,61,170,114,120,234,404
04/30/2011,SJT,TX,ASW,CE,Federal Contract Tower,7,3,11,19,40,7,3,64,14,88,14,6,75,33,128,130,66,196,324
05/01/2011,SJT,TX,ASW,CE,Federal Contract Tower,9,1,11,13,34,9,1,22,11,43,18,2,33,24,77,14,14,28,105
05/02/2011,SJT,TX,ASW,CE,Federal Contract Tower,3,2,23,43,71,3,6,50,20,79,6,8,73,63,150,74,66,140,290
05/03/2011,SJT,TX,ASW,CE,Federal Contract Tower,5,8,12,14,39,5,12,60,5,82,10,20,72,19,121,66,70,136,257
05/04/2011,SJT,TX,ASW,CE,Federal Contract Tower,7,7,18,34,66,6,13,56,34,109,13,20,74,68,175,72,138,210,385
05/05/2011,SJT,TX,ASW,CE,Federal Contract Tower,9,6,15,48,78,9,13,46,28,96,18,19,61,76,174,44,186,230,404
05/06/2011,SJT,TX,ASW,CE,Federal Contract Tower,7,11,10,30,58,7,14,33,22,76,14,25,43,52,134,48,90,138,272
05/07/2011,SJT,TX,ASW,CE,Federal Contract Tower,7,3,10,2,22,7,5,45,5,62,14,8,55,7,84,138,16,154,238
05/08/2011,SJT,TX,ASW,CE,Federal Contract Tower,7,0,5,32,44,7,0,28,22,57,14,0,33,54,101,30,56,86,187
05/09/2011,SJT,TX,ASW,CE,Federal Contract Tower,7,2,7,47,63,7,6,51,32,96,14,8,58,79,159,44,198,242,401
05/10/2011,SJT,TX,ASW,CE,Federal Contract Tower,8,10,9,13,40,8,11,22,11,52,16,21,31,24,92,16,24,40,132
05/11/2011,SJT,TX,ASW,CE,Federal Contract Tower,6,8,15,4,33,6,11,35,8,60,12,19,50,12,93,112,4,116,209
05/12/2011,SJT,TX,ASW,CE,Federal Contract Tower,8,6,19,16,49,8,8,56,17,89,16,14,75,33,138,150,40,190,328
05/13/2011,SJT,TX,ASW,CE,Federal Contract Tower,7,7,6,19,39,7,14,36,17,74,14,21,42,36,113,40,40,80,193
05/14/2011,SJT,TX,ASW,CE,Federal Contract Tower,7,3,3,2,15,7,5,63,7,82,14,8,66,9,97,102,14,116,213
05/15/2011,SJT,TX,ASW,CE,Federal Contract Tower,7,3,13,9,32,7,5,30,12,54,14,8,43,21,86,14,22,36,122
05/16/2011,SJT,TX,ASW,CE,Federal Contract Tower,7,3,14,33,57,7,7,44,25,83,14,10,58,58,140,110,86,196,336
05/17/2011,SJT,TX,ASW,CE,Federal Contract Tower,7,9,15,22,53,7,13,53,20,93,14,22,68,42,146,48,52,100,246
05/18/2011,SJT,TX,ASW,CE,Federal Contract Tower,7,9,19,44,79,7,11,54,29,101,14,20,73,73,180,54,168,222,402
05/19/2011,SJT,TX,ASW,CE,Federal Contract Tower,7,9,25,42,83,7,12,39,20,78,14,21,64,62,161,60,176,236,397
05/20/2011,SJT,TX,ASW,CE,Federal Contract Tower,5,8,7,32,52,5,11,30,28,74,10,19,37,60,126,100,120,220,346
05/21/2011,SJT,TX,ASW,CE,Federal Contract Tower,7,4,8,0,19,7,7,47,10,71,14,11,55,10,90,34,0,34,124
05/22/2011,SJT,TX,ASW,CE,Federal Contract Tower,7,2,10,6,25,7,4,34,4,49,14,6,44,10,74,42,8,50,124
05/23/2011,SJT,TX,ASW,CE,Federal Contract Tower,5,9,14,37,65,5,12,46,24,87,10,21,60,61,152,118,92,210,362
05/24/2011,SJT,TX,ASW,CE,Federal Contract Tower,8,8,9,47,72,8,11,46,29,94,16,19,55,76,166,94,182,276,442
05/25/2011,SJT,TX,ASW,CE,Federal Contract Tower,5,9,15,29,58,5,12,63,29,109,10,21,78,58,167,168,118,286,453
05/26/2011,SJT,TX,ASW,CE,Federal Contract Tower,7,7,26,46,86,7,10,104,33,154,14,17,130,79,240,226,120,346,586
05/27/2011,SJT,TX,ASW,CE,Federal Contract Tower,11,9,13,37,70,11,16,39,22,88,22,25,52,59,158,14,80,94,252
05/28/2011,SJT,TX,ASW,CE,Federal Contract Tower,8,0,5,0,13,8,2,22,0,32,16,2,27,0,45,20,0,20,65
05/29/2011,SJT,TX,ASW,CE,Federal Contract Tower,5,0,1,0,6,5,0,18,0,23,10,0,19,0,29,6,0,6,35
05/30/2011,SJT,TX,ASW,CE,Federal Contract Tower,9,0,9,3,21,9,0,22,2,33,18,0,31,5,54,22,10,32,86
05/31/2011,SJT,TX,ASW,CE,Federal Contract Tower,7,3,13,40,63,7,7,36,17,67,14,10,49,57,130,76,68,144,274
06/01/2011,SJT,TX,ASW,CE,Federal Contract Tower,7,4,6,21,38,7,9,39,8,63,14,13,45,29,101,74,50,124,225
06/02/2011,SJT,TX,ASW,CE,Federal Contract Tower,7,6,14,40,67,7,10,44,21,82,14,16,58,61,149,82,138,220,369
06/03/2011,SJT,TX,ASW,CE,Federal Contract Tower,7,13,8,18,46,7,17,30,13,67,14,30,38,31,113,36,74,110,223
06/04/2011,SJT,TX,ASW,CE,Federal Contract Tower,7,1,3,3,14,7,3,45,1,56,14,4,48,4,70,56,6,62,132
06/05/2011,SJT,TX,ASW,CE,Federal Contract Tower,7,0,9,2,18,7,10,33,1,51,14,10,42,3,69,18,2,20,89
06/06/2011,SJT,TX,ASW,CE,Federal Contract Tower,7,6,7,41,61,7,10,27,22,66,14,16,34,63,127,40,96,136,263
06/07/2011,SJT,TX,ASW,CE,Federal Contract Tower,7,7,16,48,78,8,14,39,32,93,15,21,55,80,171,36,120,156,327
06/08/2011,SJT,TX,ASW,CE,Federal Contract Tower,8,8,7,65,88,8,9,42,21,80,16,17,49,86,168,140,150,290,458
06/09/2011,SJT,TX,ASW,CE,Federal Contract Tower,5,8,7,41,61,5,12,43,18,78,10,20,50,59,139,64,150,214,353
06/10/2011,SJT,TX,ASW,CE,Federal Contract Tower,5,8,24,49,86,5,12,79,31,127,10,20,103,80,213,28,150,178,391
06/11/2011,SJT,TX,ASW,CE,Federal Contract Tower,5,1,13,0,19,5,3,56,1,65,10,4,69,1,84,130,0,130,214
06/12/2011,SJT,TX,ASW,CE,Federal Contract Tower,5,0,16,19,40,5,0,38,11,54,10,0,54,30,94,2,44,46,140
06/13/2011,SJT,TX,ASW,CE,Federal Contract Tower,5,3,9,24,41,5,10,46,15,76,10,13,55,39,117,40,34,74,191
06/14/2011,SJT,TX,ASW,CE,Federal Contract Tower,5,10,10,33,58,5,12,46,18,81,10,22,56,51,139,40,78,118,257
06/15/2011,SJT,TX,ASW,CE,Federal Contract Tower,5,10,9,17,41,4,17,45,12,78,9,27,54,29,119,76,70,146,265
06/16/2011,SJT,TX,ASW,CE,Federal Contract Tower,5,14,12,22,53,5,20,50,16,91,10,34,62,38,144,94,71,165,309
06/17/2011,SJT,TX,ASW,CE,Federal Contract Tower,5,6,14,45,70,5,9,48,21,83,10,15,62,66,153,46,136,182,335
06/18/2011,SJT,TX,ASW,CE,Federal Contract Tower,5,1,13,0,19,5,3,41,0,49,10,4,54,0,68,76,0,76,144
06/19/2011,SJT,TX,ASW,CE,Federal Contract Tower,5,2,4,6,17,5,3,25,9,42,10,5,29,15,59,24,4,28,87
06/20/2011,SJT,TX,ASW,CE,Federal Contract Tower,5,8,8,26,47,5,12,27,28,72,10,20,35,54,119,42,98,140,259
06/21/2011,SJT,TX,ASW,CE,Federal Contract Tower,5,12,8,24,49,5,14,41,32,92,10,26,49,56,141,82,122,204,345
06/22/2011,SJT,TX,ASW,CE,Federal Contract Tower,5,7,16,51,79,5,11,53,36,105,10,18,69,87,184,210,166,376,560
06/23/2011,SJT,TX,ASW,CE,Federal Contract Tower,5,8,12,35,60,5,12,51,17,85,10,20,63,52,145,140,92,232,377
06/24/2011,SJT,TX,ASW,CE,Federal Contract Tower,5,6,7,55,73,5,10,30,35,80,10,16,37,90,153,112,144,256,409
06/25/2011,SJT,TX,ASW,CE,Federal Contract Tower,5,2,17,8,32,5,4,54,4,67,10,6,71,12,99,180,30,210,309
06/26/2011,SJT,TX,ASW,CE,Federal Contract Tower,5,1,4,6,16,5,2,23,7,37,10,3,27,13,53,8,6,14,67
06/27/2011,SJT,TX,ASW,CE,Federal Contract Tower,5,5,14,25,49,5,9,40,16,70,10,14,54,41,119,68,138,206,325
06/28/2011,SJT,TX,ASW,CE,Federal Contract Tower,5,7,12,28,52,5,11,54,21,91,10,18,66,49,143,118,50,168,311
06/29/2011,SJT,TX,ASW,CE,Federal Contract Tower,5,9,5,43,62,5,12,38,25,80,10,21,43,68,142,74,126,200,342
06/30/2011,SJT,TX,ASW,CE,Federal Contract Tower,5,5,10,25,45,5,9,49,19,82,10,14,59,44,127,122,44,166,293
07/01/2011,SJT,TX,ASW,CE,Federal Contract Tower,5,7,17,0,29,5,11,44,4,64,10,18,61,4,93,128,0,128,221
07/02/2011,SJT,TX,ASW,CE,Federal Contract Tower,5,1,4,0,10,5,4,37,0,46,10,5,41,0,56,110,0,110,166
07/03/2011,SJT,TX,ASW,CE,Federal Contract Tower,5,0,2,0,7,5,3,24,0,32,10,3,26,0,39,10,0,10,49
07/04/2011,SJT,TX,ASW,CE,Federal Contract Tower,5,0,3,0,8,5,0,28,0,33,10,0,31,0,41,48,0,48,89
07/05/2011,SJT,TX,ASW,CE,Federal Contract Tower,5,5,15,28,53,5,16,60,22,103,10,21,75,50,156,148,112,260,416
07/06/2011,SJT,TX,ASW,CE,Federal Contract Tower,5,5,8,33,51,5,12,34,23,74,10,17,42,56,125,60,128,188,313
07/07/2011,SJT,TX,ASW,CE,Federal Contract Tower,5,6,11,33,55,5,10,68,17,100,10,16,79,50,155,178,90,268,423
07/08/2011,SJT,TX,ASW,CE,Federal Contract Tower,5,7,9,23,44,5,11,56,12,84,10,18,65,35,128,108,82,190,318
07/09/2011,SJT,TX,ASW,CE,Federal Contract Tower,5,1,5,0,11,5,3,54,0,62,10,4,59,0,73,96,0,96,169
07/10/2011,SJT,TX,ASW,CE,Federal Contract Tower,5,0,8,1,14,5,0,35,2,42,10,0,43,3,56,32,10,42,98
07/11/2011,SJT,TX,ASW,CE,Federal Contract Tower,5,2,6,29,42,5,5,29,18,57,10,7,35,47,99,32,68,100,199
07/12/2011,SJT,TX,ASW,CE,Federal Contract Tower,5,5,20,46,76,5,9,58,16,88,10,14,78,62,164,174,124,298,462
07/13/2011,SJT,TX,ASW,CE,Federal Contract Tower,5,7,24,49,85,5,12,50,24,91,10,19,74,73,176,86,120,206,382
07/14/2011,SJT,TX,ASW,CE,Federal Contract Tower,5,6,19,40,70,5,10,59,20,94,10,16,78,60,164,154,78,232,396
07/15/2011,SJT,TX,ASW,CE,Federal Contract Tower,5,10,9,39,63,5,15,41,16,77,10,25,50,55,140,101,112,213,353
07/16/2011,SJT,TX,ASW,CE,Federal Contract Tower,5,2,4,1,12,5,5,52,16,78,10,7,56,17,90,168,4,172,262
07/17/2011,SJT,TX,ASW,CE,Federal Contract Tower,5,1,8,3,17,5,4,37,3,49,10,5,45,6,66,52,6,58,124
07/18/2011,SJT,TX,ASW,CE,Federal Contract Tower,5,6,14,35,60,5,10,53,16,84,10,16,67,51,144,12,46,58,202
07/19/2011,SJT,TX,ASW,CE,Federal Contract Tower,5,7,16,14,42,5,12,48,19,84,10,19,64,33,126,72,96,168,294
07/20/2011,SJT,TX,ASW,CE,Federal Contract Tower,5,7,20,36,68,5,13,60,21,99,10,20,80,57,167,136,178,314,481
07/21/2011,SJT,TX,ASW,CE,Federal Contract Tower,5,9,28,43,85,5,15,56,23,99,10,24,84,66,184,132,130,262,446
07/22/2011,SJT,TX,ASW,CE,Federal Contract Tower,5,5,13,17,40,5,11,49,8,73,10,16,62,25,113,76,30,106,219
07/23/2011,SJT,TX,ASW,CE,Federal Contract Tower,5,2,8,10,25,5,4,31,5,45,10,6,39,15,70,20,26,46,116
07/24/2011,SJT,TX,ASW,CE,Federal Contract Tower,5,2,13,14,34,5,3,37,9,54,10,5,50,23,88,22,22,44,132
07/25/2011,SJT,TX,ASW,CE,Federal Contract Tower,5,2,6,25,38,5,6,21,16,48,10,8,27,41,86,6,78,84,170
07/26/2011,SJT,TX,ASW,CE,Federal Contract Tower,5,5,7,54,71,5,10,34,21,70,10,15,41,75,141,82,160,242,383
07/27/2011,SJT,TX,ASW,CE,Federal Contract Tower,5,6,20,12,43,5,11,54,8,78,10,17,74,20,121,118,32,150,271
07/28/2011,SJT,TX,ASW,CE,Federal Contract Tower,5,6,11,22,44,5,10,45,13,73,10,16,56,35,117,66,58,124,241
07/29/2011,SJT,TX,ASW,CE,Federal Contract Tower,5,5,12,70,92,5,9,37,23,74,10,14,49,93,166,100,158,258,424
07/30/2011,SJT,TX,ASW,CE,Federal Contract Tower,6,1,14,6,27,6,3,31,4,44,12,4,45,10,71,98,28,126,197
07/31/2011,SJT,TX,ASW,CE,Federal Contract Tower,5,0,3,38,46,5,0,24,20,49,10,0,27,58,95,108,70,178,273
08/01/2011,SJT,TX,ASW,CE,Federal Contract Tower,5,2,12,39,58,5,6,32,22,65,10,8,44,61,123,24,88,112,235
08/02/2011,SJT,TX,ASW,CE,Federal Contract Tower,5,9,9,22,45,5,16,53,10,84,10,25,62,32,129,118,44,162,291
08/03/2011,SJT,TX,ASW,CE,Federal Contract Tower,5,7,4,23,39,5,12,36,16,69,10,19,40,39,108,114,64,178,286
08/04/2011,SJT,TX,ASW,CE,Federal Contract Tower,5,7,17,30,59,5,12,54,18,89,10,19,71,48,148,68,38,106,254
08/05/2011,SJT,TX,ASW,CE,Federal Contract Tower,5,7,10,45,67,5,12,43,16,76,10,19,53,61,143,98,70,168,311
08/06/2011,SJT,TX,ASW,CE,Federal Contract Tower,5,1,6,0,12,6,2,36,0,44,11,3,42,0,56,108,0,108,164
08/07/2011,SJT,TX,ASW,CE,Federal Contract Tower,5,0,10,9,24,5,0,42,6,53,10,0,52,15,77,24,18,42,119
08/08/2011,SJT,TX,ASW,CE,Federal Contract Tower,5,2,10,53,70,5,6,44,23,78,10,8,54,76,148,66,114,180,328
08/09/2011,SJT,TX,ASW,CE,Federal Contract Tower,5,6,10,47,68,5,10,40,32,87,10,16,50,79,155,86,168,254,409
08/10/2011,SJT,TX,ASW,CE,Federal Contract Tower,6,8,22,45,81,7,12,50,20,89,13,20,72,65,170,104,98,202,372
08/11/2011,SJT,TX,ASW,CE,Federal Contract Tower,5,13,39,24,81,5,16,60,9,90,10,29,99,33,171,146,64,210,381
08/12/2011,SJT,TX,ASW,CE,Federal Contract Tower,6,9,9,52,76,6,18,35,24,83,12,27,44,76,159,52,120,172,331
08/13/2011,SJT,TX,ASW,CE,Federal Contract Tower,5,4,5,2,16,4,4,19,2,29,9,8,24,4,45,48,0,48,93
08/14/2011,SJT,TX,ASW,CE,Federal Contract Tower,5,1,17,2,25,5,1,40,3,49,10,2,57,5,74,46,4,50,124
08/15/2011,SJT,TX,ASW,CE,Federal Contract Tower,5,3,10,60,78,5,7,47,35,94,10,10,57,95,172,36,166,202,374
08/16/2011,SJT,TX,ASW,CE,Federal Contract Tower,4,13,11,29,57,4,17,41,17,79,8,30,52,46,136,54,104,158,294
08/17/2011,SJT,TX,ASW,CE,Federal Contract Tower,5,6,20,34,65,5,14,55,13,87,10,20,75,47,152,172,142,314,466
08/18/2011,SJT,TX,ASW,CE,Federal Contract Tower,5,9,20,37,71,5,16,63,13,97,10,25,83,50,168,152,154,306,474
08/19/2011,SJT,TX,ASW,CE,Federal Contract Tower,5,6,11,62,84,4,12,32,28,76,9,18,43,90,160,88,152,240,400
08/20/2011,SJT,TX,ASW,CE,Federal Contract Tower,8,3,5,3,19,4,5,37,2,48,12,8,42,5,67,176,4,180,247
08/21/2011,SJT,TX,ASW,CE,Federal Contract Tower,5,2,10,13,30,5,3,29,10,47,10,5,39,23,77,16,24,40,117
08/22/2011,SJT,TX,ASW,CE,Federal Contract Tower,6,3,5,34,48,6,7,40,13,66,12,10,45,47,114,14,106,120,234
08/23/2011,SJT,TX,ASW,CE,Federal Contract Tower,6,7,18,40,71,6,11,37,16,70,12,18,55,56,141,96,92,188,329
08/24/2011,SJT,TX,ASW,CE,Federal Contract Tower,5,6,15,60,86,5,13,39,20,77,10,19,54,80,163,128,146,274,437
08/25/2011,SJT,TX,ASW,CE,Federal Contract Tower,7,7,14,56,84,7,11,43,29,90,14,18,57,85,174,128,168,296,470
08/26/2011,SJT,TX,ASW,CE,Federal Contract Tower,9,12,14,26,61,9,17,67,16,109,18,29,81,42,170,164,52,216,386
08/27/2011,SJT,TX,ASW,CE,Federal Contract Tower,5,1,5,0,11,5,3,47,1,56,10,4,52,1,67,148,0,148,215
08/28/2011,SJT,TX,ASW,CE,Federal Contract Tower,5,0,7,4,16,5,0,34,4,43,10,0,41,8,59,28,8,36,95
08/29/2011,SJT,TX,ASW,CE,Federal Contract Tower,7,3,5,21,36,7,11,39,17,74,14,14,44,38,110,32,44,76,186
08/30/2011,SJT,TX,ASW,CE,Federal Contract Tower,5,7,13,9,34,5,16,41,9,71,10,23,54,18,105,76,22,98,203
08/31/2011,SJT,TX,ASW,CE,Federal Contract Tower,5,8,15,11,39,5,12,67,10,94,10,20,82,21,133,106,66,172,305
09/01/2011,SJT,TX,ASW,CE,Federal Contract Tower,10,6,15,36,67,8,11,71,15,105,18,17,86,51,172,247,160,407,579
09/02/2011,SJT,TX,ASW,CE,Federal Contract Tower,8,10,17,36,71,8,14,53,28,103,16,24,70,64,174,78,128,206,380
09/03/2011,SJT,TX,ASW,CE,Federal Contract Tower,3,1,11,1,16,3,3,38,14,58,6,4,49,15,74,96,4,100,174
09/04/2011,SJT,TX,ASW,CE,Federal Contract Tower,9,2,7,3,21,8,2,24,4,38,17,4,31,7,59,18,2,20,79
09/05/2011,SJT,TX,ASW,CE,Federal Contract Tower,5,1,7,13,26,5,1,46,9,61,10,2,53,22,87,24,40,64,151
09/06/2011,SJT,TX,ASW,CE,Federal Contract Tower,5,4,17,31,57,5,8,44,12,69,10,12,61,43,126,54,44,98,224
09/07/2011,SJT,TX,ASW,CE,Federal Contract Tower,5,4,9,69,87,5,9,37,19,70,10,13,46,88,157,60,134,194,351
09/08/2011,SJT,TX,ASW,CE,Federal Contract Tower,7,6,16,39,68,7,11,41,12,71,14,17,57,51,139,84,82,166,305
09/09/2011,SJT,TX,ASW,CE,Federal Contract Tower,9,8,22,36,75,9,15,55,18,97,18,23,77,54,172,66,102,168,340
09/10/2011,SJT,TX,ASW,CE,Federal Contract Tower,5,3,20,5,33,5,5,48,4,62,10,8,68,9,95,126,22,148,243
09/11/2011,SJT,TX,ASW,CE,Federal Contract Tower,5,1,16,43,65,5,3,34,18,60,10,4,50,61,125,16,64,80,205
09/12/2011,SJT,TX,ASW,CE,Federal Contract Tower,7,3,10,29,49,7,9,41,16,73,14,12,51,45,122,26,66,92,214
09/13/2011,SJT,TX,ASW,CE,Federal Contract Tower,5,8,10,47,70,5,12,42,13,72,10,20,52,60,142,98,96,194,336
09/14/2011,SJT,TX,ASW,CE,Federal Contract Tower,5,6,12,36,59,5,10,41,21,77,10,16,53,57,136,100,84,184,320
09/15/2011,SJT,TX,ASW,CE,Federal Contract Tower,7,10,14,13,44,7,9,23,12,51,14,19,37,25,95,106,6,112,207
09/16/2011,SJT,TX,ASW,CE,Federal Contract Tower,9,10,6,13,38,9,18,32,8,67,18,28,38,21,105,60,20,80,185
09/17/2011,SJT,TX,ASW,CE,Federal Contract Tower,5,2,6,0,13,5,3,37,0,45,10,5,43,0,58,80,0,80,138
09/18/2011,SJT,TX,ASW,CE,Federal Contract Tower,7,1,9,0,17,7,1,36,3,47,14,2,45,3,64,18,2,20,84
09/19/2011,SJT,TX,ASW,CE,Federal Contract Tower,11,4,9,41,65,11,8,26,34,79,22,12,35,75,144,28,134,162,306
09/20/2011,SJT,TX,ASW,CE,Federal Contract Tower,5,11,6,20,42,5,16,28,30,79,10,27,34,50,121,56,68,124,245
09/21/2011,SJT,TX,ASW,CE,Federal Contract Tower,5,6,20,29,60,5,11,46,21,83,10,17,66,50,143,46,70,116,259
09/22/2011,SJT,TX,ASW,CE,Federal Contract Tower,11,7,19,22,59,10,11,28,12,61,21,18,47,34,120,60,64,124,244
09/23/2011,SJT,TX,ASW,CE,Federal Contract Tower,7,7,16,32,62,7,13,63,26,109,14,20,79,58,171,114,94,208,379
09/24/2011,SJT,TX,ASW,CE,Federal Contract Tower,5,2,5,0,12,5,4,36,0,45,10,6,41,0,57,140,4,144,201
09/25/2011,SJT,TX,ASW,CE,Federal Contract Tower,5,1,7,37,50,5,1,40,33,79,10,2,47,70,129,92,102,194,323
09/26/2011,SJT,TX,ASW,CE,Federal Contract Tower,7,7,12,19,45,7,11,69,38,125,14,18,81,57,170,68,54,122,292
09/27/2011,SJT,TX,ASW,CE,Federal Contract Tower,5,10,9,28,52,5,13,42,22,82,10,23,51,50,134,106,56,162,296
09/28/2011,SJT,TX,ASW,CE,Federal Contract Tower,5,6,10,64,85,5,14,42,26,87,10,20,52,90,172,112,142,254,426
09/29/2011,SJT,TX,ASW,CE,Federal Contract Tower,7,10,27,32,76,7,15,54,24,100,14,25,81,56,176,142,94,236,412
09/30/2011,SJT,TX,ASW,CE,Federal Contract Tower,8,7,11,34,60,8,18,65,20,111,16,25,76,54,171,52,70,122,293
10/01/2011,SJT,TX,ASW,CE,Federal Contract Tower,5,3,7,5,20,5,5,44,10,64,10,8,51,15,84,84,22,106,190
10/02/2011,SJT,TX,ASW,CE,Federal Contract Tower,5,0,4,18,27,5,0,39,13,57,10,0,43,31,84,24,30,54,138
10/03/2011,SJT,TX,ASW,CE,Federal Contract Tower,7,4,14,47,72,7,8,46,19,80,14,12,60,66,152,20,128,148,300
10/04/2011,SJT,TX,ASW,CE,Federal Contract Tower,5,11,7,32,55,5,16,40,16,77,10,27,47,48,132,68,56,124,256
10/05/2011,SJT,TX,ASW,CE,Federal Contract Tower,5,6,20,41,72,5,12,26,24,67,10,18,46,65,139,74,180,254,393
10/06/2011,SJT,TX,ASW,CE,Federal Contract Tower,9,8,12,48,77,9,11,26,34,80,18,19,38,82,157,68,190,258,415
10/07/2011,SJT,TX,ASW,CE,Federal Contract Tower,7,8,18,63,96,7,11,30,23,71,14,19,48,86,167,60,236,296,463
10/08/2011,SJT,TX,ASW,CE,Federal Contract Tower,5,2,3,0,10,5,3,3,0,11,10,5,6,0,21,22,0,22,43
10/09/2011,SJT,TX,ASW,CE,Federal Contract Tower,6,0,16,0,22,6,0,17,0,23,12,0,33,0,45,12,0,12,57
10/10/2011,SJT,TX,ASW,CE,Federal Contract Tower,9,4,26,0,39,9,4,35,1,49,18,8,61,1,88,24,10,34,122
10/11/2011,SJT,TX,ASW,CE,Federal Contract Tower,5,5,10,74,94,5,9,32,45,91,10,14,42,119,185,38,234,272,457
10/12/2011,SJT,TX,ASW,CE,Federal Contract Tower,5,7,19,69,100,5,11,49,54,119,10,18,68,123,219,70,238,308,527
10/13/2011,SJT,TX,ASW,CE,Federal Contract Tower,7,9,22,77,115,7,17,75,34,133,14,26,97,111,248,116,176,292,540
10/14/2011,SJT,TX,ASW,CE,Federal Contract Tower,7,8,6,44,65,7,13,34,16,70,14,21,40,60,135,46,142,188,323
10/15/2011,SJT,TX,ASW,CE,Federal Contract Tower,8,2,9,0,19,8,2,35,2,47,16,4,44,2,66,46,0,46,112
10/16/2011,SJT,TX,ASW,CE,Federal Contract Tower,5,1,13,28,47,5,2,46,13,66,10,3,59,41,113,48,62,110,223
10/17/2011,SJT,TX,ASW,CE,Federal Contract Tower,7,6,8,74,95,7,12,35,49,103,14,18,43,123,198,12,174,186,384
10/18/2011,SJT,TX,ASW,CE,Federal Contract Tower,7,11,14,48,80,7,18,42,28,95,14,29,56,76,175,62,96,158,333
10/19/2011,SJT,TX,ASW,CE,Federal Contract Tower,5,8,14,55,82,5,16,47,40,108,10,24,61,95,190,36,208,244,434
10/20/2011,SJT,TX,ASW,CE,Federal Contract Tower,7,9,11,36,63,7,20,47,31,105,14,29,58,67,168,50,132,182,350
10/21/2011,SJT,TX,ASW,CE,Federal Contract Tower,7,5,9,40,61,7,12,52,26,97,14,17,61,66,158,62,112,174,332
10/22/2011,SJT,TX,ASW,CE,Federal Contract Tower,5,3,8,16,32,5,3,45,12,65,10,6,53,28,97,44,32,76,173
10/23/2011,SJT,TX,ASW,CE,Federal Contract Tower,5,2,20,27,54,5,6,45,13,69,10,8,65,40,123,42,48,90,213
10/24/2011,SJT,TX,ASW,CE,Federal Contract Tower,9,4,9,50,72,9,11,43,29,92,18,15,52,79,164,80,136,216,380
10/25/2011,SJT,TX,ASW,CE,Federal Contract Tower,5,7,9,51,72,5,11,36,19,71,10,18,45,70,143,154,110,264,407
10/26/2011,SJT,TX,ASW,CE,Federal Contract Tower,5,6,18,39,68,5,10,36,23,74,10,16,54,62,142,94,132,226,368
10/27/2011,SJT,TX,ASW,CE,Federal Contract Tower,7,12,16,28,63,7,12,16,7,42,14,24,32,35,105,8,60,68,173
10/28/2011,SJT,TX,ASW,CE,Federal Contract Tower,7,11,21,50,89,7,13,31,20,71,14,24,52,70,160,64,84,148,308
10/29/2011,SJT,TX,ASW,CE,Federal Contract Tower,5,1,6,12,24,5,3,72,3,83,10,4,78,15,107,152,20,172,279
10/30/2011,SJT,TX,ASW,CE,Federal Contract Tower,5,1,7,30,43,5,1,50,19,75,10,2,57,49,118,0,68,68,186
10/31/2011,SJT,TX,ASW,CE,Federal Contract Tower,7,7,8,30,52,7,11,24,16,58,14,18,32,46,110,60,36,96,206
11/01/2011,SJT,TX,ASW,CE,Federal Contract Tower,5,8,14,27,54,5,10,41,15,71,10,18,55,42,125,86,110,196,321
11/02/2011,SJT,TX,ASW,CE,Federal Contract Tower,5,7,13,41,66,5,10,31,17,63,10,17,44,58,129,88,96,184,313
11/03/2011,SJT,TX,ASW,CE,Federal Contract Tower,7,9,14,26,56,7,13,51,15,86,14,22,65,41,142,128,114,242,384
11/04/2011,SJT,TX,ASW,CE,Federal Contract Tower,7,9,10,39,65,7,18,61,38,124,14,27,71,77,189,98,108,206,395
11/05/2011,SJT,TX,ASW,CE,Federal Contract Tower,5,2,2,0,9,5,5,22,0,32,10,7,24,0,41,60,0,60,101
11/06/2011,SJT,TX,ASW,CE,Federal Contract Tower,6,2,15,16,39,6,3,34,9,52,12,5,49,25,91,25,32,57,148
11/07/2011,SJT,TX,ASW,CE,Federal Contract Tower,7,5,4,47,63,7,6,13,20,46,14,11,17,67,109,16,124,140,249
11/08/2011,SJT,TX,ASW,CE,Federal Contract Tower,5,9,18,54,86,5,11,40,27,83,10,20,58,81,169,66,146,212,381
11/09/2011,SJT,TX,ASW,CE,Federal Contract Tower,5,12,14,20,51,5,13,56,17,91,10,25,70,37,142,152,122,274,416
11/10/2011,SJT,TX,ASW,CE,Federal Contract Tower,7,11,12,34,64,7,12,50,17,86,14,23,62,51,150,90,150,240,390
11/11/2011,SJT,TX,ASW,CE,Federal Contract Tower,6,9,16,0,31,6,12,57,0,75,12,21,73,0,106,88,0,88,194
11/12/2011,SJT,TX,ASW,CE,Federal Contract Tower,5,1,8,0,14,5,3,36,0,44,10,4,44,0,58,84,0,84,142
11/13/2011,SJT,TX,ASW,CE,Federal Contract Tower,7,4,14,21,46,7,4,32,5,48,14,8,46,26,94,10,44,54,148
11/14/2011,SJT,TX,ASW,CE,Federal Contract Tower,7,6,29,54,96,7,10,35,30,82,14,16,64,84,178,58,124,182,360
11/15/2011,SJT,TX,ASW,CE,Federal Contract Tower,5,11,13,73,102,5,14,45,39,103,10,25,58,112,205,170,130,300,505
11/16/2011,SJT,TX,ASW,CE,Federal Contract Tower,7,7,13,34,61,7,14,44,36,101,14,21,57,70,162,160,116,276,438
11/17/2011,SJT,TX,ASW,CE,Federal Contract Tower,9,11,24,46,90,9,18,70,28,125,18,29,94,74,215,238,118,356,571
11/18/2011,SJT,TX,ASW,CE,Federal Contract Tower,7,11,23,43,84,7,19,36,16,78,14,30,59,59,162,94,130,224,386
11/19/2011,SJT,TX,ASW,CE,Federal Contract Tower,7,6,10,8,31,7,6,25,10,48,14,12,35,18,79,96,40,136,215
11/20/2011,SJT,TX,ASW,CE,Federal Contract Tower,7,2,33,19,61,7,2,38,13,60,14,4,71,32,121,20,28,48,169
11/21/2011,SJT,TX,ASW,CE,Federal Contract Tower,5,17,14,6,42,3,12,37,3,55,8,29,51,9,97,12,10,22,119
11/22/2011,SJT,TX,ASW,CE,Federal Contract Tower,8,13,17,53,91,8,16,48,31,103,16,29,65,84,194,108,162,270,464
11/23/2011,SJT,TX,ASW,CE,Federal Contract Tower,7,9,26,38,80,6,7,54,11,78,13,16,80,49,158,128,47,175,333
11/24/2011,SJT,TX,ASW,CE,Federal Contract Tower,6,0,1,0,7,6,0,17,0,23,12,0,18,0,30,34,0,34,64
11/25/2011,SJT,TX,ASW,CE,Federal Contract Tower,5,13,7,1,26,5,14,17,1,37,10,27,24,2,63,28,2,30,93
11/26/2011,SJT,TX,ASW,CE,Federal Contract Tower,9,4,2,2,17,9,6,7,2,24,18,10,9,4,41,16,4,20,61
11/27/2011,SJT,TX,ASW,CE,Federal Contract Tower,7,1,9,0,17,7,1,27,3,38,14,2,36,3,55,42,0,42,97
11/28/2011,SJT,TX,ASW,CE,Federal Contract Tower,6,4,13,26,49,6,8,43,29,86,12,12,56,55,135,28,136,164,299
11/29/2011,SJT,TX,ASW,CE,Federal Contract Tower,7,7,8,40,62,7,13,33,17,70,14,20,41,57,132,96,90,186,318
11/30/2011,SJT,TX,ASW,CE,Federal Contract Tower,7,5,21,66,99,7,9,42,26,84,14,14,63,92,183,82,182,264,447
12/01/2011,SJT,TX,ASW,CE,Federal Contract Tower,8,7,19,16,50,8,10,43,7,68,16,17,62,23,118,82,24,106,224
12/02/2011,SJT,TX,ASW,CE,Federal Contract Tower,7,11,15,23,56,7,12,13,9,41,14,23,28,32,97,6,52,58,155
12/03/2011,SJT,TX,ASW,CE,Federal Contract Tower,7,5,15,0,27,7,5,20,0,32,14,10,35,0,59,76,0,76,135
12/04/2011,SJT,TX,ASW,CE,Federal Contract Tower,7,2,10,3,22,7,4,16,2,29,14,6,26,5,51,26,6,32,83
12/05/2011,SJT,TX,ASW,CE,Federal Contract Tower,5,9,2,14,30,5,8,3,8,24,10,17,5,22,54,0,20,20,74
12/06/2011,SJT,TX,ASW,CE,Federal Contract Tower,8,9,6,49,72,6,13,11,27,57,14,22,17,76,129,28,224,252,381
12/07/2011,SJT,TX,ASW,CE,Federal Contract Tower,7,11,16,58,92,7,12,28,51,98,14,23,44,109,190,58,156,214,404
12/08/2011,SJT,TX,ASW,CE,Federal Contract Tower,9,12,11,44,76,9,14,45,36,104,18,26,56,80,180,90,122,212,392
12/09/2011,SJT,TX,ASW,CE,Federal Contract Tower,7,9,17,65,98,7,13,41,32,93,14,22,58,97,191,62,294,356,547
12/10/2011,SJT,TX,ASW,CE,Federal Contract Tower,6,4,5,0,15,6,4,5,0,15,12,8,10,0,30,2,0,2,32
12/11/2011,SJT,TX,ASW,CE,Federal Contract Tower,7,4,12,4,27,7,4,24,5,40,14,8,36,9,67,4,12,16,83
12/12/2011,SJT,TX,ASW,CE,Federal Contract Tower,6,6,19,10,41,6,6,17,4,33,12,12,36,14,74,6,16,22,96
12/13/2011,SJT,TX,ASW,CE,Federal Contract Tower,8,20,3,27,58,8,20,3,4,35,16,40,6,31,93,8,58,66,159
12/14/2011,SJT,TX,ASW,CE,Federal Contract Tower,8,11,9,60,88,8,12,17,62,99,16,23,26,122,187,12,130,142,329
12/15/2011,SJT,TX,ASW,CE,Federal Contract Tower,7,14,19,50,90,7,16,48,22,93,14,30,67,72,183,68,90,158,341
12/16/2011,SJT,TX,ASW,CE,Federal Contract Tower,7,9,19,59,94,7,12,31,41,91,14,21,50,100,185,94,268,362,547
12/17/2011,SJT,TX,ASW,CE,Federal Contract Tower,7,5,11,2,25,7,6,50,15,78,14,11,61,17,103,150,0,150,253
12/18/2011,SJT,TX,ASW,CE,Federal Contract Tower,7,0,14,2,23,7,0,23,2,32,14,0,37,4,55,32,0,32,87
12/19/2011,SJT,TX,ASW,CE,Federal Contract Tower,7,6,5,17,35,7,8,9,15,39,14,14,14,32,74,36,90,126,200
12/20/2011,SJT,TX,ASW,CE,Federal Contract Tower,7,7,13,21,48,7,11,22,34,74,14,18,35,55,122,68,114,182,304
12/21/2011,SJT,TX,ASW,CE,Federal Contract Tower,7,8,27,60,102,7,13,41,25,86,14,21,68,85,188,62,124,186,374
12/22/2011,SJT,TX,ASW,CE,Federal Contract Tower,8,9,11,47,75,8,18,19,17,62,16,27,30,64,137,90,156,246,383
12/23/2011,SJT,TX,ASW,CE,Federal Contract Tower,7,13,7,0,27,7,14,11,0,32,14,27,18,0,59,4,0,4,63
12/24/2011,SJT,TX,ASW,CE,Federal Contract Tower,6,4,2,0,12,6,4,2,0,12,12,8,4,0,24,0,0,0,24
12/25/2011,SJT,TX,ASW,CE,Federal Contract Tower,6,1,1,0,8,6,1,3,0,10,12,2,4,0,18,0,0,0,18
12/26/2011,SJT,TX,ASW,CE,Federal Contract Tower,7,3,6,0,16,7,3,23,0,33,14,6,29,0,49,14,0,14,63
12/27/2011,SJT,TX,ASW,CE,Federal Contract Tower,7,4,8,0,19,7,8,31,0,46,14,12,39,0,65,46,0,46,111
12/28/2011,SJT,TX,ASW,CE,Federal Contract Tower,8,8,3,5,24,8,13,53,1,75,16,21,56,6,99,90,12,102,201
12/29/2011,SJT,TX,ASW,CE,Federal Contract Tower,8,5,14,0,27,8,9,58,0,75,16,14,72,0,102,89,0,89,191
12/30/2011,SJT,TX,ASW,CE,Federal Contract Tower,7,6,13,0,26,7,9,47,0,63,14,15,60,0,89,58,0,58,147
12/31/2011,SJT,TX,ASW,CE,Federal Contract Tower,6,1,5,0,12,6,3,26,0,35,12,4,31,0,47,38,0,38,85
01/01/2012,SJT,TX,ASW,CE,Federal Contract Tower,6,2,13,0,21,6,4,27,0,37,12,6,40,0,58,16,0,16,74
01/02/2012,SJT,TX,ASW,CE,Federal Contract Tower,7,0,16,0,23,7,1,48,0,56,14,1,64,0,79,40,0,40,119
01/03/2012,SJT,TX,ASW,CE,Federal Contract Tower,7,3,14,46,70,7,6,37,15,65,14,9,51,61,135,68,148,216,351
01/04/2012,SJT,TX,ASW,CE,Federal Contract Tower,9,8,13,26,56,9,12,34,10,65,18,20,47,36,121,182,86,268,389
01/05/2012,SJT,TX,ASW,CE,Federal Contract Tower,7,6,23,50,86,7,10,56,25,98,14,16,79,75,184,98,258,356,540
01/06/2012,SJT,TX,ASW,CE,Federal Contract Tower,7,7,15,38,67,7,13,46,19,85,14,20,61,57,152,78,112,190,342
01/07/2012,SJT,TX,ASW,CE,Federal Contract Tower,8,2,9,0,19,8,4,35,0,47,16,6,44,0,66,106,0,106,172
01/08/2012,SJT,TX,ASW,CE,Federal Contract Tower,7,4,13,21,45,7,5,27,19,58,14,9,40,40,103,40,40,80,183
01/09/2012,SJT,TX,ASW,CE,Federal Contract Tower,6,8,2,2,18,4,8,3,1,16,10,16,5,3,34,10,12,22,56
01/10/2012,SJT,TX,ASW,CE,Federal Contract Tower,6,11,12,22,51,6,13,21,13,53,12,24,33,35,104,52,44,96,200
01/11/2012,SJT,TX,ASW,CE,Federal Contract Tower,7,8,21,35,71,7,14,34,22,77,14,22,55,57,148,84,96,180,328
01/12/2012,SJT,TX,ASW,CE,Federal Contract Tower,6,9,19,24,58,6,17,37,12,72,12,26,56,36,130,62,64,126,256
01/13/2012,SJT,TX,ASW,CE,Federal Contract Tower,7,4,17,47,75,7,10,60,29,106,14,14,77,76,181,164,140,304,485
01/14/2012,SJT,TX,ASW,CE,Federal Contract Tower,7,1,12,1,21,7,3,65,2,77,14,4,77,3,98,84,0,84,182
01/15/2012,SJT,TX,ASW,CE,Federal Contract Tower,7,0,11,0,18,7,0,34,0,41,14,0,45,0,59,18,0,18,77
01/16/2012,SJT,TX,ASW,CE,Federal Contract Tower,8,3,8,10,29,8,3,20,9,40,16,6,28,19,69,0,16,16,85
01/17/2012,SJT,TX,ASW,CE,Federal Contract Tower,8,7,7,51,73,8,11,26,31,76,16,18,33,82,149,76,152,228,377
01/18/2012,SJT,TX,ASW,CE,Federal Contract Tower,7,5,12,31,55,7,11,26,24,68,14,16,38,55,123,126,96,222,345
01/19/2012,SJT,TX,ASW,CE,Federal Contract Tower,8,8,18,22,56,8,13,59,27,107,16,21,77,49,163,70,132,202,365
01/20/2012,SJT,TX,ASW,CE,Federal Contract Tower,8,10,16,66,100,8,14,40,36,98,16,24,56,102,198,96,182,278,476
01/21/2012,SJT,TX,ASW,CE,Federal Contract Tower,9,2,9,13,33,9,4,54,8,75,18,6,63,21,108,136,46,182,290
01/22/2012,SJT,TX,ASW,CE,Federal Contract Tower,5,2,13,20,40,5,2,21,15,43,10,4,34,35,83,4,44,48,131
01/23/2012,SJT,TX,ASW,CE,Federal Contract Tower,7,14,9,47,77,7,21,49,13,90,14,35,58,60,167,98,100,198,365
01/24/2012,SJT,TX,ASW,CE,Federal Contract Tower,5,12,14,13,44,5,13,14,5,37,10,25,28,18,81,16,20,36,117
01/25/2012,SJT,TX,ASW,CE,Federal Contract Tower,9,13,11,11,44,8,11,12,7,38,17,24,23,18,82,16,18,34,116
01/26/2012,SJT,TX,ASW,CE,Federal Contract Tower,6,9,21,32,68,6,14,42,40,102,12,23,63,72,170,58,134,192,362
01/27/2012,SJT,TX,ASW,CE,Federal Contract Tower,7,7,11,80,105,7,12,29,46,94,14,19,40,126,199,44,256,300,499
01/28/2012,SJT,TX,ASW,CE,Federal Contract Tower,8,1,11,0,20,8,4,45,0,57,16,5,56,0,77,100,0,100,177
01/29/2012,SJT,TX,ASW,CE,Federal Contract Tower,7,5,16,36,64,6,8,49,16,79,13,13,65,52,143,14,56,70,213
01/30/2012,SJT,TX,ASW,CE,Federal Contract Tower,9,4,11,42,66,9,8,25,29,71,18,12,36,71,137,45,118,163,300
01/31/2012,SJT,TX,ASW,CE,Federal Contract Tower,6,16,17,76,115,6,18,27,40,91,12,34,44,116,206,46,170,216,422
02/01/2012,SJT,TX,ASW,CE,Federal Contract Tower,8,8,14,46,76,8,12,30,34,84,16,20,44,80,160,68,156,224,384
02/02/2012,SJT,TX,ASW,CE,Federal Contract Tower,8,13,18,27,66,8,14,18,13,53,16,27,36,40,119,44,74,118,237
02/03/2012,SJT,TX,ASW,CE,Federal Contract Tower,8,10,7,89,114,8,18,15,48,89,16,28,22,137,203,46,232,278,481
02/04/2012,SJT,TX,ASW,CE,Federal Contract Tower,6,2,9,4,21,6,4,46,3,59,12,6,55,7,80,116,14,130,210
02/05/2012,SJT,TX,ASW,CE,Federal Contract Tower,8,1,7,4,20,8,1,13,1,23,16,2,20,5,43,22,10,32,75
02/06/2012,SJT,TX,ASW,CE,Federal Contract Tower,8,5,5,66,84,8,11,28,29,76,16,16,33,95,160,24,140,164,324
02/07/2012,SJT,TX,ASW,CE,Federal Contract Tower,7,7,6,49,69,7,11,32,27,77,14,18,38,76,146,30,118,148,294
02/08/2012,SJT,TX,ASW,CE,Federal Contract Tower,8,9,17,64,98,8,10,31,27,76,16,19,48,91,174,106,148,254,428
02/09/2012,SJT,TX,ASW,CE,Federal Contract Tower,8,10,25,56,99,8,12,41,23,84,16,22,66,79,183,90,144,234,417
02/10/2012,SJT,TX,ASW,CE,Federal Contract Tower,8,8,11,100,127,8,11,34,57,110,16,19,45,157,237,64,260,324,561
02/11/2012,SJT,TX,ASW,CE,Federal Contract Tower,6,3,8,11,28,6,8,25,9,48,12,11,33,20,76,38,22,60,136
02/12/2012,SJT,TX,ASW,CE,Federal Contract Tower,5,0,3,0,8,5,0,4,0,9,10,0,7,0,17,0,0,0,17
02/13/2012,SJT,TX,ASW,CE,Federal Contract Tower,6,5,7,58,76,6,7,13,29,55,12,12,20,87,131,10,104,114,245
02/14/2012,SJT,TX,ASW,CE,Federal Contract Tower,8,8,20,95,131,8,13,57,38,116,16,21,77,133,247,130,328,458,705
02/15/2012,SJT,TX,ASW,CE,Federal Contract Tower,7,11,13,58,89,7,17,37,33,94,14,28,50,91,183,114,182,296,479
02/16/2012,SJT,TX,ASW,CE,Federal Contract Tower,9,10,14,56,89,9,11,24,28,72,18,21,38,84,161,58,256,314,475
02/17/2012,SJT,TX,ASW,CE,Federal Contract Tower,7,11,14,28,60,7,11,11,16,45,14,22,25,44,105,8,36,44,149
02/18/2012,SJT,TX,ASW,CE,Federal Contract Tower,4,3,3,0,10,4,3,6,1,14,8,6,9,1,24,0,0,0,24
02/19/2012,SJT,TX,ASW,CE,Federal Contract Tower,10,2,20,2,34,10,3,40,3,56,20,5,60,5,90,48,2,50,140
02/20/2012,SJT,TX,ASW,CE,Federal Contract Tower,8,5,16,0,29,8,6,23,0,37,16,11,39,0,66,8,2,10,76
02/21/2012,SJT,TX,ASW,CE,Federal Contract Tower,7,6,19,57,89,7,11,40,54,112,14,17,59,111,201,70,148,218,419
02/22/2012,SJT,TX,ASW,CE,Federal Contract Tower,6,8,17,23,54,6,12,48,13,79,12,20,65,36,133,94,30,124,257
02/23/2012,SJT,TX,ASW,CE,Federal Contract Tower,7,6,10,19,42,6,10,26,8,50,13,16,36,27,92,70,64,134,226
02/24/2012,SJT,TX,ASW,CE,Federal Contract Tower,8,15,23,65,111,8,20,54,49,131,16,35,77,114,242,42,354,396,638
02/25/2012,SJT,TX,ASW,CE,Federal Contract Tower,6,3,7,0,16,6,12,56,0,74,12,15,63,0,90,154,0,154,244
02/26/2012,SJT,TX,ASW,CE,Federal Contract Tower,8,6,7,16,37,8,8,44,10,70,16,14,51,26,107,62,20,82,189
02/27/2012,SJT,TX,ASW,CE,Federal Contract Tower,7,10,15,29,61,7,10,17,17,51,14,20,32,46,112,22,52,74,186
02/28/2012,SJT,TX,ASW,CE,Federal Contract Tower,8,11,11,66,96,8,13,23,24,68,16,24,34,90,164,60,146,206,370
02/29/2012,SJT,TX,ASW,CE,Federal Contract Tower,8,8,12,46,74,8,12,66,21,107,16,20,78,67,181,144,156,300,481
03/01/2012,SJT,TX,ASW,CE,Federal Contract Tower,8,13,19,42,82,8,17,46,40,111,16,30,65,82,193,100,200,300,493
03/02/2012,SJT,TX,ASW,CE,Federal Contract Tower,8,11,17,56,92,8,16,44,21,89,16,27,61,77,181,84,154,238,419
03/03/2012,SJT,TX,ASW,CE,Federal Contract Tower,8,1,9,9,27,8,3,36,24,71,16,4,45,33,98,92,22,114,212
03/04/2012,SJT,TX,ASW,CE,Federal Contract Tower,7,0,7,13,27,7,0,51,8,66,14,0,58,21,93,48,34,82,175
03/05/2012,SJT,TX,ASW,CE,Federal Contract Tower,8,4,16,30,58,8,9,49,17,83,16,13,65,47,141,68,66,134,275
03/06/2012,SJT,TX,ASW,CE,Federal Contract Tower,8,13,13,33,67,8,15,24,14,61,16,28,37,47,128,44,70,114,242
03/07/2012,SJT,TX,ASW,CE,Federal Contract Tower,9,11,11,58,89,9,14,22,25,70,18,25,33,83,159,62,152,214,373
03/08/2012,SJT,TX,ASW,CE,Federal Contract Tower,9,11,10,32,62,9,13,11,22,55,18,24,21,54,117,4,70,74,191
03/09/2012,SJT,TX,ASW,CE,Federal Contract Tower,7,13,17,32,69,7,11,11,14,43,14,24,28,46,112,30,70,100,212
03/10/2012,SJT,TX,ASW,CE,Federal Contract Tower,6,5,3,2,16,6,5,3,2,16,12,10,6,4,32,0,0,0,32
03/11/2012,SJT,TX,ASW,CE,Federal Contract Tower,8,3,16,11,38,7,8,45,19,79,15,11,61,30,117,48,34,82,199
03/12/2012,SJT,TX,ASW,CE,Federal Contract Tower,8,5,24,50,87,8,13,70,28,119,16,18,94,78,206,152,204,356,562
03/13/2012,SJT,TX,ASW,CE,Federal Contract Tower,8,13,25,62,108,8,17,43,28,96,16,30,68,90,204,56,202,258,462
03/14/2012,SJT,TX,ASW,CE,Federal Contract Tower,8,13,20,41,82,8,14,32,18,72,16,27,52,59,154,82,144,226,380
03/15/2012,SJT,TX,ASW,CE,Federal Contract Tower,8,11,25,51,95,8,13,32,19,72,16,24,57,70,167,114,112,226,393
03/16/2012,SJT,TX,ASW,CE,Federal Contract Tower,7,10,28,59,104,7,11,43,24,85,14,21,71,83,189,78,196,274,463
03/17/2012,SJT,TX,ASW,CE,Federal Contract Tower,6,6,10,0,22,6,9,31,0,46,12,15,41,0,68,36,0,36,104
03/18/2012,SJT,TX,ASW,CE,Federal Contract Tower,8,0,7,20,35,8,0,10,12,30,16,0,17,32,65,0,26,26,91
03/19/2012,SJT,TX,ASW,CE,Federal Contract Tower,7,8,4,21,40,7,8,16,11,42,14,16,20,32,82,30,56,86,168
03/20/2012,SJT,TX,ASW,CE,Federal Contract Tower,6,11,15,82,114,6,16,26,37,85,12,27,41,119,199,44,222,266,465
03/21/2012,SJT,TX,ASW,CE,Federal Contract Tower,7,12,18,18,55,7,16,51,11,85,14,28,69,29,140,82,38,120,260
03/22/2012,SJT,TX,ASW,CE,Federal Contract Tower,7,7,20,44,78,7,18,49,38,112,14,25,69,82,190,88,164,252,442
03/23/2012,SJT,TX,ASW,CE,Federal Contract Tower,7,11,32,46,96,7,16,72,35,130,14,27,104,81,226,104,230,334,560
03/24/2012,SJT,TX,ASW,CE,Federal Contract Tower,6,5,8,0,19,6,7,50,0,63,12,12,58,0,82,44,0,44,126
03/25/2012,SJT,TX,ASW,CE,Federal Contract Tower,8,2,5,14,29,8,2,37,16,63,16,4,42,30,92,34,40,74,166
03/26/2012,SJT,TX,ASW,CE,Federal Contract Tower,7,4,14,35,60,7,6,49,22,84,14,10,63,57,144,46,110,156,300
03/27/2012,SJT,TX,ASW,CE,Federal Contract Tower,7,9,19,46,81,8,15,52,40,115,15,24,71,86,196,84,92,176,372
03/28/2012,SJT,TX,ASW,CE,Federal Contract Tower,8,6,24,69,107,8,10,44,26,88,16,16,68,95,195,88,188,276,471
03/29/2012,SJT,TX,ASW,CE,Federal Contract Tower,8,13,24,23,68,8,14,32,13,67,16,27,56,36,135,42,50,92,227
03/30/2012,SJT,TX,ASW,CE,Federal Contract Tower,10,10,6,68,94,10,14,27,27,78,20,24,33,95,172,70,152,222,394
03/31/2012,SJT,TX,ASW,CE,Federal Contract Tower,6,3,13,0,22,6,7,61,0,74,12,10,74,0,96,120,0,120,216
04/01/2012,SJT,TX,ASW,CE,Federal Contract Tower,8,4,14,20,46,8,5,47,12,72,16,9,61,32,118,52,48,100,218
04/02/2012,SJT,TX,ASW,CE,Federal Contract Tower,9,4,11,59,83,9,8,37,29,83,18,12,48,88,166,50,130,180,346
04/03/2012,SJT,TX,ASW,CE,Federal Contract Tower,5,8,22,38,73,5,12,42,19,78,10,20,64,57,151,60,142,202,353
04/04/2012,SJT,TX,ASW,CE,Federal Contract Tower,5,8,15,57,85,5,12,35,26,78,10,20,50,83,163,90,164,254,417
04/05/2012,SJT,TX,ASW,CE,Federal Contract Tower,9,6,22,28,65,6,13,60,19,98,15,19,82,47,163,112,134,246,409
04/06/2012,SJT,TX,ASW,CE,Federal Contract Tower,6,6,21,35,68,6,10,35,16,67,12,16,56,51,135,90,92,182,317
04/07/2012,SJT,TX,ASW,CE,Federal Contract Tower,6,2,7,9,24,6,3,46,6,61,12,5,53,15,85,158,26,184,269
04/08/2012,SJT,TX,ASW,CE,Federal Contract Tower,6,0,7,0,13,6,0,25,4,35,12,0,32,4,48,50,0,50,98
04/09/2012,SJT,TX,ASW,CE,Federal Contract Tower,8,7,23,19,57,8,11,55,22,96,16,18,78,41,153,62,74,136,289
04/10/2012,SJT,TX,ASW,CE,Federal Contract Tower,6,12,31,46,95,6,16,77,29,128,12,28,108,75,223,160,196,356,579
04/11/2012,SJT,TX,ASW,CE,Federal Contract Tower,6,8,22,27,63,6,12,57,23,98,12,20,79,50,161,108,94,202,363
04/12/2012,SJT,TX,ASW,CE,Federal Contract Tower,8,12,14,73,107,8,16,29,25,78,16,28,43,98,185,38,398,436,621
04/13/2012,SJT,TX,ASW,CE,Federal Contract Tower,6,12,51,46,115,6,13,49,24,92,12,25,100,70,207,124,104,228,435
04/14/2012,SJT,TX,ASW,CE,Federal Contract Tower,6,3,7,0,16,6,4,13,0,23,12,7,20,0,39,70,0,70,109
04/15/2012,SJT,TX,ASW,CE,Federal Contract Tower,10,3,10,3,26,10,3,22,6,41,20,6,32,9,67,6,16,22,89
04/16/2012,SJT,TX,ASW,CE,Federal Contract Tower,6,5,13,65,89,6,7,42,32,87,12,12,55,97,176,38,134,172,348
04/17/2012,SJT,TX,ASW,CE,Federal Contract Tower,6,7,10,29,52,6,11,62,26,105,12,18,72,55,157,128,66,194,351
04/18/2012,SJT,TX,ASW,CE,Federal Contract Tower,6,6,12,35,59,6,10,54,19,89,12,16,66,54,148,80,86,166,314
04/19/2012,SJT,TX,ASW,CE,Federal Contract Tower,6,9,20,24,59,6,13,46,18,83,12,22,66,42,142,90,128,218,360
04/20/2012,SJT,TX,ASW,CE,Federal Contract Tower,6,8,22,90,126,6,12,42,37,97,12,20,64,127,223,58,278,336,559
04/21/2012,SJT,TX,ASW,CE,Federal Contract Tower,6,1,13,0,20,6,3,65,1,75,12,4,78,1,95,102,0,102,197
04/22/2012,SJT,TX,ASW,CE,Federal Contract Tower,6,2,17,9,34,6,14,48,5,73,12,16,65,14,107,26,16,42,149
04/23/2012,SJT,TX,ASW,CE,Federal Contract Tower,6,2,7,33,48,6,6,49,19,80,12,8,56,52,128,102,110,212,340
04/24/2012,SJT,TX,ASW,CE,Federal Contract Tower,7,8,18,46,79,7,12,50,20,89,14,20,68,66,168,58,164,222,390
04/25/2012,SJT,TX,ASW,CE,Federal Contract Tower,6,7,12,58,83,6,11,40,25,82,12,18,52,83,165,76,170,246,411
04/26/2012,SJT,TX,ASW,CE,Federal Contract Tower,6,6,24,26,62,6,11,73,9,99,12,17,97,35,161,182,70,252,413
04/27/2012,SJT,TX,ASW,CE,Federal Contract Tower,6,10,17,46,79,6,14,38,31,89,12,24,55,77,168,80,164,244,412
04/28/2012,SJT,TX,ASW,CE,Federal Contract Tower,7,4,6,5,22,7,5,45,5,62,14,9,51,10,84,118,34,152,236
04/29/2012,SJT,TX,ASW,CE,Federal Contract Tower,6,4,22,11,43,6,4,38,8,56,12,8,60,19,99,8,32,40,139
04/30/2012,SJT,TX,ASW,CE,Federal Contract Tower,5,13,20,54,92,5,17,39,30,91,10,30,59,84,183,26,84,110,293
05/01/2012,SJT,TX,ASW,CE,Federal Contract Tower,6,6,15,36,63,6,11,25,15,57,12,17,40,51,120,32,104,136,256
05/02/2012,SJT,TX,ASW,CE,Federal Contract Tower,6,11,24,57,98,6,14,41,29,90,12,25,65,86,188,86,154,240,428
05/03/2012,SJT,TX,ASW,CE,Federal Contract Tower,6,8,20,62,96,6,10,52,34,102,12,18,72,96,198,198,126,324,522
05/04/2012,SJT,TX,ASW,CE,Federal Contract Tower,6,6,23,87,122,6,10,56,42,114,12,16,79,129,236,110,272,382,618
05/05/2012,SJT,TX,ASW,CE,Federal Contract Tower,6,3,15,3,27,6,7,61,5,79,12,10,76,8,106,106,4,110,216
05/06/2012,SJT,TX,ASW,CE,Federal Contract Tower,6,1,7,2,16,6,1,38,2,47,12,2,45,4,63,44,0,44,107
05/07/2012,SJT,TX,ASW,CE,Federal Contract Tower,10,4,5,24,43,10,7,26,13,56,20,11,31,37,99,4,140,144,243
05/08/2012,SJT,TX,ASW,CE,Federal Contract Tower,6,12,10,26,54,5,12,32,16,65,11,24,42,42,119,122,48,170,289
05/09/2012,SJT,TX,ASW,CE,Federal Contract Tower,8,13,24,32,77,8,16,63,28,115,16,29,87,60,192,130,196,326,518
05/10/2012,SJT,TX,ASW,CE,Federal Contract Tower,6,9,9,0,24,6,10,9,0,25,12,19,18,0,49,0,0,0,49
05/11/2012,SJT,TX,ASW,CE,Federal Contract Tower,7,11,14,31,63,7,13,22,8,50,14,24,36,39,113,8,66,74,187
05/12/2012,SJT,TX,ASW,CE,Federal Contract Tower,6,3,23,5,37,6,3,50,5,64,12,6,73,10,101,88,4,92,193
05/13/2012,SJT,TX,ASW,CE,Federal Contract Tower,6,3,5,5,19,6,3,32,4,45,12,6,37,9,64,14,24,38,102
05/14/2012,SJT,TX,ASW,CE,Federal Contract Tower,6,6,13,25,50,6,6,32,14,58,12,12,45,39,108,42,82,124,232
05/15/2012,SJT,TX,ASW,CE,Federal Contract Tower,6,7,23,94,130,6,12,51,43,112,12,19,74,137,242,60,184,244,486
05/16/2012,SJT,TX,ASW,CE,Federal Contract Tower,6,8,15,49,78,6,12,51,24,93,12,20,66,73,171,140,144,284,455
05/17/2012,SJT,TX,ASW,CE,Federal Contract Tower,6,7,15,26,54,6,11,55,9,81,12,18,70,35,135,134,88,222,357
05/18/2012,SJT,TX,ASW,CE,Federal Contract Tower,6,9,21,62,98,6,14,57,21,98,12,23,78,83,196,118,160,278,474
05/19/2012,SJT,TX,ASW,CE,Federal Contract Tower,8,1,24,5,38,8,5,70,2,85,16,6,94,7,123,128,10,138,261
05/20/2012,SJT,TX,ASW,CE,Federal Contract Tower,6,0,24,17,47,6,2,59,15,82,12,2,83,32,129,38,42,80,209
05/21/2012,SJT,TX,ASW,CE,Federal Contract Tower,6,4,6,49,65,6,8,55,43,112,12,12,61,92,177,76,104,180,357
05/22/2012,SJT,TX,ASW,CE,Federal Contract Tower,6,5,12,51,74,6,9,69,22,106,12,14,81,73,180,78,128,206,386
05/23/2012,SJT,TX,ASW,CE,Federal Contract Tower,6,5,20,50,81,0,0,6,2,8,6,5,26,52,89,114,188,302,391
05/24/2012,SJT,TX,ASW,CE,Federal Contract Tower,6,7,7,33,53,6,11,53,26,96,12,18,60,59,149,114,114,228,377
05/25/2012,SJT,TX,ASW,CE,Federal Contract Tower,6,7,12,1,26,6,12,46,7,71,12,19,58,8,97,124,14,138,235
05/26/2012,SJT,TX,ASW,CE,Federal Contract Tower,5,2,13,0,20,3,4,37,1,45,8,6,50,1,65,102,0,102,167
05/27/2012,SJT,TX,ASW,CE,Federal Contract Tower,6,1,10,0,17,6,1,32,0,39,12,2,42,0,56,28,0,28,84
05/28/2012,SJT,TX,ASW,CE,Federal Contract Tower,5,2,10,6,23,5,2,31,4,42,10,4,41,10,65,72,18,90,155
05/29/2012,SJT,TX,ASW,CE,Federal Contract Tower,6,5,12,38,61,6,9,50,24,89,12,14,62,62,150,18,72,90,240
05/30/2012,SJT,TX,ASW,CE,Federal Contract Tower,6,6,22,83,117,6,9,54,38,107,12,15,76,121,224,64,222,286,510
05/31/2012,SJT,TX,ASW,CE,Federal Contract Tower,6,9,25,70,110,6,10,43,30,89,12,19,68,100,199,98,144,242,441
06/01/2012,SJT,TX,ASW,CE,Federal Contract Tower,8,11,9,29,57,8,14,52,15,89,16,25,61,44,146,160,110,270,416
06/02/2012,SJT,TX,ASW,CE,Federal Contract Tower,6,3,10,16,35,6,5,38,6,55,12,8,48,22,90,24,24,48,138
06/03/2012,SJT,TX,ASW,CE,Federal Contract Tower,6,7,9,15,37,6,7,37,14,64,12,14,46,29,101,14,28,42,143
06/04/2012,SJT,TX,ASW,CE,Federal Contract Tower,8,8,17,32,65,8,12,48,23,91,16,20,65,55,156,82,80,162,318
06/05/2012,SJT,TX,ASW,CE,Federal Contract Tower,6,7,28,58,99,6,10,56,32,104,12,17,84,90,203,66,130,196,399
06/06/2012,SJT,TX,ASW,CE,Federal Contract Tower,9,6,14,48,77,6,11,44,18,79,15,17,58,66,156,82,90,172,328
06/07/2012,SJT,TX,ASW,CE,Federal Contract Tower,7,12,27,44,90,7,18,54,38,117,14,30,81,82,207,110,150,260,467
06/08/2012,SJT,TX,ASW,CE,Federal Contract Tower,8,13,24,69,114,8,15,58,38,119,16,28,82,107,233,100,182,282,515
06/09/2012,SJT,TX,ASW,CE,Federal Contract Tower,6,3,9,14,32,6,6,33,11,56,12,9,42,25,88,64,46,110,198
06/10/2012,SJT,TX,ASW,CE,Federal Contract Tower,6,2,7,33,48,6,2,33,19,60,12,4,40,52,108,48,54,102,210
06/11/2012,SJT,TX,ASW,CE,Federal Contract Tower,6,5,10,22,43,6,8,25,11,50,12,13,35,33,93,10,52,62,155
06/12/2012,SJT,TX,ASW,CE,Federal Contract Tower,6,10,26,22,64,6,16,46,13,81,12,26,72,35,145,96,58,154,299
06/13/2012,SJT,TX,ASW,CE,Federal Contract Tower,7,10,14,73,104,7,15,57,28,107,14,25,71,101,211,132,174,306,517
06/14/2012,SJT,TX,ASW,CE,Federal Contract Tower,6,11,17,64,98,6,17,39,25,87,12,28,56,89,185,96,240,336,521
06/15/2012,SJT,TX,ASW,CE,Federal Contract Tower,6,7,19,85,117,6,11,44,40,101,12,18,63,125,218,52,178,230,448
06/16/2012,SJT,TX,ASW,CE,Federal Contract Tower,6,3,7,7,23,6,5,30,2,43,12,8,37,9,66,94,16,110,176
06/17/2012,SJT,TX,ASW,CE,Federal Contract Tower,6,3,10,6,25,6,3,30,8,47,12,6,40,14,72,4,0,4,76
06/18/2012,SJT,TX,ASW,CE,Federal Contract Tower,6,2,13,60,81,6,6,35,40,87,12,8,48,100,168,0,120,120,288
06/19/2012,SJT,TX,ASW,CE,Federal Contract Tower,6,6,10,33,55,6,9,32,22,69,12,15,42,55,124,66,70,136,260
06/20/2012,SJT,TX,ASW,CE,Federal Contract Tower,6,9,21,89,125,6,12,34,35,87,12,21,55,124,212,76,258,334,546
06/21/2012,SJT,TX,ASW,CE,Federal Contract Tower,6,7,28,71,112,6,11,39,29,85,12,18,67,100,197,116,208,324,521
06/22/2012,SJT,TX,ASW,CE,Federal Contract Tower,6,7,21,82,116,6,11,79,25,121,12,18,100,107,237,132,210,342,579
06/23/2012,SJT,TX,ASW,CE,Federal Contract Tower,6,1,6,0,13,6,3,47,0,56,12,4,53,0,69,326,0,326,395
06/24/2012,SJT,TX,ASW,CE,Federal Contract Tower,6,0,7,3,16,6,1,34,2,43,12,1,41,5,59,12,2,14,73
06/25/2012,SJT,TX,ASW,CE,Federal Contract Tower,6,3,9,57,75,6,8,39,30,83,12,11,48,87,158,42,210,252,410
06/26/2012,SJT,TX,ASW,CE,Federal Contract Tower,6,7,10,32,55,6,11,30,20,67,12,18,40,52,122,12,54,66,188
06/27/2012,SJT,TX,ASW,CE,Federal Contract Tower,6,8,15,29,58,6,12,56,32,106,12,20,71,61,164,20,68,88,252
06/28/2012,SJT,TX,ASW,CE,Federal Contract Tower,6,6,15,74,101,6,9,52,33,100,12,15,67,107,201,52,131,183,384
06/29/2012,SJT,TX,ASW,CE,Federal Contract Tower,6,9,10,78,103,6,13,54,31,104,12,22,64,109,207,98,198,296,503
06/30/2012,SJT,TX,ASW,CE,Federal Contract Tower,6,3,16,0,25,6,5,48,8,67,12,8,64,8,92,132,0,132,224
07/01/2012,SJT,TX,ASW,CE,Federal Contract Tower,6,1,15,8,30,6,1,38,5,50,12,2,53,13,80,40,20,60,140
07/02/2012,SJT,TX,ASW,CE,Federal Contract Tower,6,8,12,40,66,6,11,38,26,81,12,19,50,66,147,58,86,144,291
07/03/2012,SJT,TX,ASW,CE,Federal Contract Tower,6,9,10,38,63,6,13,22,18,59,12,22,32,56,122,58,158,216,338
07/04/2012,SJT,TX,ASW,CE,Federal Contract Tower,3,1,6,0,10,3,1,31,0,35,6,2,37,0,45,44,0,44,89
07/05/2012,SJT,TX,ASW,CE,Federal Contract Tower,7,4,6,0,17,7,8,31,4,50,14,12,37,4,67,66,0,66,133
07/06/2012,SJT,TX,ASW,CE,Federal Contract Tower,8,7,22,67,104,8,11,48,22,89,16,18,70,89,193,138,166,304,497
07/07/2012,SJT,TX,ASW,CE,Federal Contract Tower,6,4,10,2,22,6,5,40,3,54,12,9,50,5,76,126,0,126,202
07/08/2012,SJT,TX,ASW,CE,Federal Contract Tower,6,2,8,3,19,6,2,27,2,37,12,4,35,5,56,64,86,150,206
07/09/2012,SJT,TX,ASW,CE,Federal Contract Tower,5,3,11,44,63,4,7,34,16,61,9,10,45,60,124,64,124,188,312
07/10/2012,SJT,TX,ASW,CE,Federal Contract Tower,6,9,18,42,75,6,15,37,16,74,12,24,55,58,149,124,94,218,367
07/11/2012,SJT,TX,ASW,CE,Federal Contract Tower,6,6,20,28,60,6,10,39,16,71,12,16,59,44,131,130,146,276,407
07/12/2012,SJT,TX,ASW,CE,Federal Contract Tower,6,9,12,100,127,6,13,42,48,109,12,22,54,148,236,178,346,524,760
07/13/2012,SJT,TX,ASW,CE,Federal Contract Tower,6,13,19,86,124,6,16,66,44,132,12,29,85,130,256,102,234,336,592
07/14/2012,SJT,TX,ASW,CE,Federal Contract Tower,6,2,4,10,22,6,4,47,7,64,12,6,51,17,86,116,30,146,232
07/15/2012,SJT,TX,ASW,CE,Federal Contract Tower,6,3,19,8,36,6,4,35,8,53,12,7,54,16,89,54,16,70,159
07/16/2012,SJT,TX,ASW,CE,Federal Contract Tower,7,12,13,7,39,7,12,35,12,66,14,24,48,19,105,20,42,62,167
07/17/2012,SJT,TX,ASW,CE,Federal Contract Tower,6,7,15,50,78,6,11,37,28,82,12,18,52,78,160,28,164,192,352
07/18/2012,SJT,TX,ASW,CE,Federal Contract Tower,10,7,16,44,77,7,14,50,28,99,17,21,66,72,176,102,102,204,380
07/19/2012,SJT,TX,ASW,CE,Federal Contract Tower,8,10,25,76,119,8,14,73,33,128,16,24,98,109,247,206,244,450,697
07/20/2012,SJT,TX,ASW,CE,Federal Contract Tower,4,9,5,71,89,4,12,33,31,80,8,21,38,102,169,74,142,216,385
07/21/2012,SJT,TX,ASW,CE,Federal Contract Tower,5,3,7,2,17,5,6,42,6,59,10,9,49,8,76,92,4,96,172
07/22/2012,SJT,TX,ASW,CE,Federal Contract Tower,4,0,6,13,23,4,0,32,28,64,8,0,38,41,87,56,52,108,195
07/23/2012,SJT,TX,ASW,CE,Federal Contract Tower,6,4,15,34,59,6,8,30,25,69,12,12,45,59,128,22,78,100,228
07/24/2012,SJT,TX,ASW,CE,Federal Contract Tower,6,6,16,48,76,6,10,34,33,83,12,16,50,81,159,50,158,208,367
07/25/2012,SJT,TX,ASW,CE,Federal Contract Tower,6,8,19,64,97,6,12,35,22,75,12,20,54,86,172,66,148,214,386
07/26/2012,SJT,TX,ASW,CE,Federal Contract Tower,6,11,18,35,70,6,15,36,22,79,12,26,54,57,149,104,100,204,353
07/27/2012,SJT,TX,ASW,CE,Federal Contract Tower,6,9,13,25,53,6,11,45,12,74,12,20,58,37,127,78,64,142,269
07/28/2012,SJT,TX,ASW,CE,Federal Contract Tower,6,4,7,13,30,6,5,27,5,43,12,9,34,18,73,74,58,132,205
07/29/2012,SJT,TX,ASW,CE,Federal Contract Tower,6,0,11,0,17,6,2,29,0,37,12,2,40,0,54,4,0,4,58
07/30/2012,SJT,TX,ASW,CE,Federal Contract Tower,8,3,5,32,48,9,9,17,21,56,17,12,22,53,104,2,102,104,208
07/31/2012,SJT,TX,ASW,CE,Federal Contract Tower,6,7,5,13,31,6,11,19,10,46,12,18,24,23,77,54,24,78,155
08/01/2012,SJT,TX,ASW,CE,Federal Contract Tower,6,11,14,49,80,6,17,32,23,78,12,28,46,72,158,110,142,252,410
08/02/2012,SJT,TX,ASW,CE,Federal Contract Tower,8,8,6,21,43,8,12,41,7,68,16,20,47,28,111,122,44,166,277
08/03/2012,SJT,TX,ASW,CE,Federal Contract Tower,6,8,14,52,80,6,12,42,25,85,12,20,56,77,165,118,220,338,503
08/04/2012,SJT,TX,ASW,CE,Federal Contract Tower,6,3,7,16,32,6,3,31,9,49,12,6,38,25,81,74,30,104,185
08/05/2012,SJT,TX,ASW,CE,Federal Contract Tower,6,2,4,16,28,6,3,42,10,61,12,5,46,26,89,76,20,96,185
08/06/2012,SJT,TX,ASW,CE,Federal Contract Tower,6,3,11,36,56,6,9,41,21,77,12,12,52,57,133,92,70,162,295
08/07/2012,SJT,TX,ASW,CE,Federal Contract Tower,6,7,17,38,68,6,11,35,17,69,12,18,52,55,137,122,86,208,345
08/08/2012,SJT,TX,ASW,CE,Federal Contract Tower,5,12,8,52,77,5,16,29,35,85,10,28,37,87,162,106,194,300,462
08/09/2012,SJT,TX,ASW,CE,Federal Contract Tower,6,9,18,70,103,6,12,54,47,119,12,21,72,117,222,108,132,240,462
08/10/2012,SJT,TX,ASW,CE,Federal Contract Tower,6,6,26,51,89,6,11,64,28,109,12,17,90,79,198,122,122,244,442
08/11/2012,SJT,TX,ASW,CE,Federal Contract Tower,6,4,11,6,27,6,6,53,8,73,12,10,64,14,100,88,18,106,206
08/12/2012,SJT,TX,ASW,CE,Federal Contract Tower,6,1,14,12,33,6,3,29,11,49,12,4,43,23,82,104,20,124,206
08/13/2012,SJT,TX,ASW,CE,Federal Contract Tower,8,6,10,14,38,8,10,38,10,66,16,16,48,24,104,54,52,106,210
08/14/2012,SJT,TX,ASW,CE,Federal Contract Tower,5,9,19,29,62,5,13,56,18,92,10,22,75,47,154,74,40,114,268
08/15/2012,SJT,TX,ASW,CE,Federal Contract Tower,6,12,18,24,60,6,16,64,20,106,12,28,82,44,166,50,34,84,250
08/16/2012,SJT,TX,ASW,CE,Federal Contract Tower,4,9,17,63,93,4,13,47,30,94,8,22,64,93,187,46,108,154,341
08/17/2012,SJT,TX,ASW,CE,Federal Contract Tower,6,11,13,38,68,6,14,44,24,88,12,25,57,62,156,30,76,106,262
08/18/2012,SJT,TX,ASW,CE,Federal Contract Tower,3,4,8,7,22,3,5,21,5,34,6,9,29,12,56,12,2,14,70
08/19/2012,SJT,TX,ASW,CE,Federal Contract Tower,7,2,11,11,31,7,2,27,8,44,14,4,38,19,75,24,20,44,119
08/20/2012,SJT,TX,ASW,CE,Federal Contract Tower,6,3,11,42,62,6,7,22,34,69,12,10,33,76,131,32,96,128,259
08/21/2012,SJT,TX,ASW,CE,Federal Contract Tower,6,8,8,29,51,6,12,34,23,75,12,20,42,52,126,50,110,160,286
08/22/2012,SJT,TX,ASW,CE,Federal Contract Tower,6,8,9,43,66,6,12,39,24,81,12,20,48,67,147,106,102,208,355
08/23/2012,SJT,TX,ASW,CE,Federal Contract Tower,6,10,20,40,76,6,14,50,21,91,12,24,70,61,167,76,122,198,365
08/24/2012,SJT,TX,ASW,CE,Federal Contract Tower,9,12,13,28,62,9,16,54,13,92,18,28,67,41,154,74,80,154,308
08/25/2012,SJT,TX,ASW,CE,Federal Contract Tower,8,2,14,7,31,8,4,34,4,50,16,6,48,11,81,72,24,96,177
08/26/2012,SJT,TX,ASW,CE,Federal Contract Tower,6,3,8,32,49,6,3,25,39,73,12,6,33,71,122,48,68,116,238
08/27/2012,SJT,TX,ASW,CE,Federal Contract Tower,6,5,15,7,33,6,8,44,3,61,12,13,59,10,94,44,12,56,150
08/28/2012,SJT,TX,ASW,CE,Federal Contract Tower,6,7,14,10,37,6,11,45,10,72,12,18,59,20,109,46,16,62,171
08/29/2012,SJT,TX,ASW,CE,Federal Contract Tower,6,9,10,45,70,6,13,43,29,91,12,22,53,74,161,94,184,278,439
08/30/2012,SJT,TX,ASW,CE,Federal Contract Tower,6,17,14,24,61,6,16,50,21,93,12,33,64,45,154,252,86,338,492
08/31/2012,SJT,TX,ASW,CE,Federal Contract Tower,6,9,14,47,76,6,14,82,41,143,12,23,96,88,219,142,124,266,485
09/01/2012,SJT,TX,ASW,CE,Federal Contract Tower,5,3,10,0,18,5,5,38,0,48,10,8,48,0,66,156,0,156,222
09/02/2012,SJT,TX,ASW,CE,Federal Contract Tower,3,2,6,0,11,3,3,31,0,37,6,5,37,0,48,42,6,48,96
09/03/2012,SJT,TX,ASW,CE,Federal Contract Tower,6,0,15,1,22,6,0,44,1,51,12,0,59,2,73,84,12,96,169
09/04/2012,SJT,TX,ASW,CE,Federal Contract Tower,6,4,8,41,59,6,8,40,19,73,12,12,48,60,132,86,100,186,318
09/05/2012,SJT,TX,ASW,CE,Federal Contract Tower,6,8,9,42,65,6,14,29,14,63,12,22,38,56,128,74,106,180,308
09/06/2012,SJT,TX,ASW,CE,Federal Contract Tower,6,16,22,11,55,6,19,48,19,92,12,35,70,30,147,132,118,250,397
09/07/2012,SJT,TX,ASW,CE,Federal Contract Tower,6,8,6,20,40,6,12,50,17,85,12,20,56,37,125,42,70,112,237
09/08/2012,SJT,TX,ASW,CE,Federal Contract Tower,7,2,4,4,17,7,4,20,4,35,14,6,24,8,52,76,8,84,136
09/09/2012,SJT,TX,ASW,CE,Federal Contract Tower,6,3,4,0,13,6,7,25,0,38,12,10,29,0,51,16,0,16,67
09/10/2012,SJT,TX,ASW,CE,Federal Contract Tower,6,9,8,16,39,6,13,50,15,84,12,22,58,31,123,30,40,70,193
09/11/2012,SJT,TX,ASW,CE,Federal Contract Tower,6,10,17,31,64,6,16,57,17,96,12,26,74,48,160,138,90,228,388
09/12/2012,SJT,TX,ASW,CE,Federal Contract Tower,6,12,26,27,71,6,21,61,13,101,12,33,87,40,172,82,74,156,328
09/13/2012,SJT,TX,ASW,CE,Federal Contract Tower,6,14,20,6,46,6,14,23,4,47,12,28,43,10,93,16,48,64,157
09/14/2012,SJT,TX,ASW,CE,Federal Contract Tower,5,17,29,64,115,5,16,28,24,73,10,33,57,88,188,56,132,188,376
09/15/2012,SJT,TX,ASW,CE,Federal Contract Tower,5,7,7,0,19,5,6,19,0,30,10,13,26,0,49,82,0,82,131
09/16/2012,SJT,TX,ASW,CE,Federal Contract Tower,6,2,18,29,55,5,2,31,17,55,11,4,49,46,110,16,54,70,180
09/17/2012,SJT,TX,ASW,CE,Federal Contract Tower,6,10,15,32,63,6,12,38,27,83,12,22,53,59,146,38,86,124,270
09/18/2012,SJT,TX,ASW,CE,Federal Contract Tower,7,11,7,38,63,7,14,31,21,73,14,25,38,59,136,42,100,142,278
09/19/2012,SJT,TX,ASW,CE,Federal Contract Tower,6,7,10,22,45,6,11,46,20,83,12,18,56,42,128,112,46,158,286
09/20/2012,SJT,TX,ASW,CE,Federal Contract Tower,6,11,10,70,97,6,17,55,32,110,12,28,65,102,207,44,194,238,445
09/21/2012,SJT,TX,ASW,CE,Federal Contract Tower,8,13,16,46,83,8,16,43,26,93,16,29,59,72,176,86,160,246,422
09/22/2012,SJT,TX,ASW,CE,Federal Contract Tower,5,2,3,4,14,5,4,54,2,65,10,6,57,6,79,154,8,162,241
09/23/2012,SJT,TX,ASW,CE,Federal Contract Tower,6,3,5,10,24,6,3,44,8,61,12,6,49,18,85,36,20,56,141
09/24/2012,SJT,TX,ASW,CE,Federal Contract Tower,8,9,13,48,78,8,13,37,29,87,16,22,50,77,165,78,78,156,321
09/25/2012,SJT,TX,ASW,CE,Federal Contract Tower,6,7,7,50,70,6,11,24,24,65,12,18,31,74,135,48,134,182,317
09/26/2012,SJT,TX,ASW,CE,Federal Contract Tower,6,6,11,57,80,6,10,31,19,66,12,16,42,76,146,66,106,172,318
09/27/2012,SJT,TX,ASW,CE,Federal Contract Tower,6,13,22,30,71,6,16,41,13,76,12,29,63,43,147,158,166,324,471
09/28/2012,SJT,TX,ASW,CE,Federal Contract Tower,6,10,20,2,38,6,10,27,2,45,12,20,47,4,83,18,0,18,101
09/29/2012,SJT,TX,ASW,CE,Federal Contract Tower,6,3,5,5,19,5,3,6,4,18,11,6,11,9,37,8,4,12,49
09/30/2012,SJT,TX,ASW,CE,Federal Contract Tower,6,2,8,3,19,6,2,33,5,46,12,4,41,8,65,16,14,30,95
10/01/2012,SJT,TX,ASW,CE,Federal Contract Tower,6,6,8,119,139,6,10,51,27,94,12,16,59,146,233,60,186,246,479
10/02/2012,SJT,TX,ASW,CE,Federal Contract Tower,7,9,18,90,124,7,13,61,32,113,14,22,79,122,237,108,240,348,585
10/03/2012,SJT,TX,ASW,CE,Federal Contract Tower,6,10,11,59,86,6,14,62,26,108,12,24,73,85,194,154,248,402,596
10/04/2012,SJT,TX,ASW,CE,Federal Contract Tower,6,11,18,32,67,6,14,52,19,91,12,25,70,51,158,88,138,226,384
10/05/2012,SJT,TX,ASW,CE,Federal Contract Tower,6,9,14,41,70,6,14,41,16,77,12,23,55,57,147,62,144,206,353
10/06/2012,SJT,TX,ASW,CE,Federal Contract Tower,6,5,10,0,21,5,5,11,0,21,11,10,21,0,42,8,0,8,50
10/07/2012,SJT,TX,ASW,CE,Federal Contract Tower,8,3,14,0,25,8,3,21,0,32,16,6,35,0,57,4,0,4,61
10/08/2012,SJT,TX,ASW,CE,Federal Contract Tower,6,8,10,6,30,6,10,43,4,63,12,18,53,10,93,84,18,102,195
10/09/2012,SJT,TX,ASW,CE,Federal Contract Tower,6,11,16,58,91,6,14,57,20,97,12,25,73,78,188,108,128,236,424
10/10/2012,SJT,TX,ASW,CE,Federal Contract Tower,6,11,33,60,110,6,10,42,24,82,12,21,75,84,192,118,150,268,460
10/11/2012,SJT,TX,ASW,CE,Federal Contract Tower,10,12,21,60,103,8,14,47,29,98,18,26,68,89,201,62,204,266,467
10/12/2012,SJT,TX,ASW,CE,Federal Contract Tower,6,14,19,46,85,6,14,38,20,78,12,28,57,66,163,52,164,216,379
10/13/2012,SJT,TX,ASW,CE,Federal Contract Tower,5,2,10,1,18,5,3,24,3,35,10,5,34,4,53,22,0,22,75
10/14/2012,SJT,TX,ASW,CE,Federal Contract Tower,6,2,17,2,27,6,2,41,3,52,12,4,58,5,79,0,6,6,85
10/15/2012,SJT,TX,ASW,CE,Federal Contract Tower,6,5,12,39,62,6,9,42,28,85,12,14,54,67,147,28,128,156,303
10/16/2012,SJT,TX,ASW,CE,Federal Contract Tower,6,6,26,54,92,6,10,57,31,104,12,16,83,85,196,68,144,212,408
10/17/2012,SJT,TX,ASW,CE,Federal Contract Tower,6,9,29,70,114,6,13,47,30,96,12,22,76,100,210,126,172,298,508
10/18/2012,SJT,TX,ASW,CE,Federal Contract Tower,6,10,21,44,81,6,17,45,29,97,12,27,66,73,178,126,146,272,450
10/19/2012,SJT,TX,ASW,CE,Federal Contract Tower,6,11,18,45,80,6,15,49,27,97,12,26,67,72,177,116,122,238,415
10/20/2012,SJT,TX,ASW,CE,Federal Contract Tower,5,4,7,0,16,5,9,33,6,53,10,13,40,6,69,88,0,88,157
10/21/2012,SJT,TX,ASW,CE,Federal Contract Tower,6,2,10,9,27,6,2,39,13,60,12,4,49,22,87,0,24,24,111
10/22/2012,SJT,TX,ASW,CE,Federal Contract Tower,8,12,11,26,57,8,12,31,12,63,16,24,42,38,120,60,68,128,248
10/23/2012,SJT,TX,ASW,CE,Federal Contract Tower,6,9,20,42,77,0,0,30,0,30,6,9,50,42,107,62,118,180,287
10/24/2012,SJT,TX,ASW,CE,Federal Contract Tower,6,10,21,34,71,6,13,38,17,74,12,23,59,51,145,92,82,174,319
10/25/2012,SJT,TX,ASW,CE,Federal Contract Tower,6,15,17,51,89,6,17,53,24,100,12,32,70,75,189,66,184,250,439
10/26/2012,SJT,TX,ASW,CE,Federal Contract Tower,6,12,12,55,85,6,15,39,25,85,12,27,51,80,170,40,210,250,420
10/27/2012,SJT,TX,ASW,CE,Federal Contract Tower,5,4,7,0,16,5,4,31,0,40,10,8,38,0,56,74,0,74,130
10/28/2012,SJT,TX,ASW,CE,Federal Contract Tower,6,2,10,0,18,6,1,50,1,58,12,3,60,1,76,112,4,116,192
10/29/2012,SJT,TX,ASW,CE,Federal Contract Tower,6,9,8,41,64,6,10,28,30,74,12,19,36,71,138,40,152,192,330
10/30/2012,SJT,TX,ASW,CE,Federal Contract Tower,6,6,10,57,79,6,10,63,31,110,12,16,73,88,189,64,114,178,367
10/31/2012,SJT,TX,ASW,CE,Federal Contract Tower,6,9,9,92,116,6,10,48,30,94,12,19,57,122,210,90,314,404,614
11/01/2012,SJT,TX,ASW,CE,Federal Contract Tower,8,9,16,78,111,8,10,43,27,88,16,19,59,105,199,116,210,326,525
11/02/2012,SJT,TX,ASW,CE,Federal Contract Tower,6,12,25,90,133,6,16,41,42,105,12,28,66,132,238,84,266,350,588
11/03/2012,SJT,TX,ASW,CE,Federal Contract Tower,5,3,10,4,22,5,5,24,3,37,10,8,34,7,59,82,12,94,153
11/04/2012,SJT,TX,ASW,CE,Federal Contract Tower,6,1,11,1,19,6,1,43,3,53,12,2,54,4,72,6,12,18,90
11/05/2012,SJT,TX,ASW,CE,Federal Contract Tower,7,5,11,30,53,7,10,34,14,65,14,15,45,44,118,38,66,104,222
11/06/2012,SJT,TX,ASW,CE,Federal Contract Tower,6,11,15,55,87,6,13,46,24,89,12,24,61,79,176,100,150,250,426
11/07/2012,SJT,TX,ASW,CE,Federal Contract Tower,8,7,11,48,74,8,11,38,27,84,16,18,49,75,158,72,146,218,376
11/08/2012,SJT,TX,ASW,CE,Federal Contract Tower,6,14,17,52,89,6,18,65,20,109,12,32,82,72,198,64,210,274,472
11/09/2012,SJT,TX,ASW,CE,Federal Contract Tower,6,12,20,15,53,6,14,47,8,75,12,26,67,23,128,72,92,164,292
11/10/2012,SJT,TX,ASW,CE,Federal Contract Tower,7,1,5,0,13,5,3,7,0,15,12,4,12,0,28,16,0,16,44
11/11/2012,SJT,TX,ASW,CE,Federal Contract Tower,6,0,16,0,22,6,0,30,0,36,12,0,46,0,58,20,0,20,78
11/12/2012,SJT,TX,ASW,CE,Federal Contract Tower,7,4,13,0,24,7,4,42,0,53,14,8,55,0,77,84,0,84,161
11/13/2012,SJT,TX,ASW,CE,Federal Contract Tower,6,6,12,66,90,6,10,40,29,85,12,16,52,95,175,36,150,186,361
11/14/2012,SJT,TX,ASW,CE,Federal Contract Tower,6,9,17,34,66,6,13,50,13,82,12,22,67,47,148,92,64,156,304
11/15/2012,SJT,TX,ASW,CE,Federal Contract Tower,6,6,14,26,52,6,12,46,13,77,12,18,60,39,129,78,50,128,257
11/16/2012,SJT,TX,ASW,CE,Federal Contract Tower,6,13,13,45,77,6,17,39,34,96,12,30,52,79,173,80,196,276,449
11/17/2012,SJT,TX,ASW,CE,Federal Contract Tower,5,7,10,0,22,5,9,39,0,53,10,16,49,0,75,66,0,66,141
11/18/2012,SJT,TX,ASW,CE,Federal Contract Tower,6,1,19,0,26,6,1,51,0,58,12,2,70,0,84,28,4,32,116
11/19/2012,SJT,TX,ASW,CE,Federal Contract Tower,6,6,9,17,38,6,8,40,25,79,12,14,49,42,117,88,56,144,261
11/20/2012,SJT,TX,ASW,CE,Federal Contract Tower,6,8,17,40,71,6,13,35,22,76,12,21,52,62,147,68,112,180,327
11/21/2012,SJT,TX,ASW,CE,Federal Contract Tower,6,12,19,21,58,6,17,46,16,85,12,29,65,37,143,34,92,126,269
11/22/2012,SJT,TX,ASW,CE,Federal Contract Tower,3,2,6,0,11,3,2,18,0,23,6,4,24,0,34,24,0,24,58
11/23/2012,SJT,TX,ASW,CE,Federal Contract Tower,5,13,7,0,25,5,15,18,8,46,10,28,25,8,71,36,0,36,107
11/24/2012,SJT,TX,ASW,CE,Federal Contract Tower,5,1,6,1,13,5,3,46,1,55,10,4,52,2,68,66,0,66,134
11/25/2012,SJT,TX,ASW,CE,Federal Contract Tower,6,3,25,0,34,6,4,50,1,61,12,7,75,1,95,30,0,30,125
11/26/2012,SJT,TX,ASW,CE,Federal Contract Tower,6,4,10,69,89,6,6,31,45,88,12,10,41,114,177,42,212,254,431
11/27/2012,SJT,TX,ASW,CE,Federal Contract Tower,6,9,13,44,72,6,13,46,29,94,12,22,59,73,166,116,98,214,380
11/28/2012,SJT,TX,ASW,CE,Federal Contract Tower,6,8,14,66,94,6,11,45,30,92,12,19,59,96,186,62,188,250,436
11/29/2012,SJT,TX,ASW,CE,Federal Contract Tower,9,12,20,68,109,6,17,37,43,103,15,29,57,111,212,84,246,330,542
11/30/2012,SJT,TX,ASW,CE,Federal Contract Tower,6,11,20,69,106,6,13,32,35,86,12,24,52,104,192,28,174,202,394
12/01/2012,SJT,TX,ASW,CE,Federal Contract Tower,5,2,21,13,41,5,3,34,7,49,10,5,55,20,90,6,28,34,124
12/02/2012,SJT,TX,ASW,CE,Federal Contract Tower,8,0,20,35,63,8,0,33,21,62,16,0,53,56,125,18,54,72,197
12/03/2012,SJT,TX,ASW,CE,Federal Contract Tower,6,6,10,33,55,6,9,23,21,59,12,15,33,54,114,50,70,120,234
12/04/2012,SJT,TX,ASW,CE,Federal Contract Tower,6,9,20,72,107,6,12,58,24,100,12,21,78,96,207,66,190,256,463
12/05/2012,SJT,TX,ASW,CE,Federal Contract Tower,6,11,7,51,75,6,17,35,20,78,12,28,42,71,153,78,160,238,391
12/06/2012,SJT,TX,ASW,CE,Federal Contract Tower,8,11,30,50,99,9,15,56,26,106,17,26,86,76,205,84,172,256,461
12/07/2012,SJT,TX,ASW,CE,Federal Contract Tower,6,7,28,69,110,6,11,57,46,120,12,18,85,115,230,58,192,250,480
12/08/2012,SJT,TX,ASW,CE,Federal Contract Tower,5,5,4,1,15,5,5,30,2,42,10,10,34,3,57,72,0,72,129
12/09/2012,SJT,TX,ASW,CE,Federal Contract Tower,6,2,13,42,63,6,2,28,28,64,12,4,41,70,127,12,72,84,211
12/10/2012,SJT,TX,ASW,CE,Federal Contract Tower,6,3,5,48,62,6,7,19,21,53,12,10,24,69,115,36,146,182,297
12/11/2012,SJT,TX,ASW,CE,Federal Contract Tower,6,9,9,65,89,5,13,28,28,74,11,22,37,93,163,70,212,282,445
12/12/2012,SJT,TX,ASW,CE,Federal Contract Tower,6,8,13,33,60,6,13,41,20,80,12,21,54,53,140,90,136,226,366
12/13/2012,SJT,TX,ASW,CE,Federal Contract Tower,8,11,21,28,68,9,17,57,17,100,17,28,78,45,168,140,90,230,398
12/14/2012,SJT,TX,ASW,CE,Federal Contract Tower,6,17,19,52,94,6,17,17,20,60,12,34,36,72,154,42,110,152,306
12/15/2012,SJT,TX,ASW,CE,Federal Contract Tower,6,5,1,7,19,6,9,32,4,51,12,14,33,11,70,126,6,132,202
12/16/2012,SJT,TX,ASW,CE,Federal Contract Tower,8,1,7,32,48,8,1,25,24,58,16,2,32,56,106,28,52,80,186
12/17/2012,SJT,TX,ASW,CE,Federal Contract Tower,6,5,7,32,50,6,8,27,24,65,12,13,34,56,115,45,91,136,251
12/18/2012,SJT,TX,ASW,CE,Federal Contract Tower,6,12,13,58,89,6,17,64,26,113,12,29,77,84,202,98,226,324,526
12/19/2012,SJT,TX,ASW,CE,Federal Contract Tower,6,10,11,53,80,6,11,18,29,64,12,21,29,82,144,8,192,200,344
12/20/2012,SJT,TX,ASW,CE,Federal Contract Tower,6,8,12,44,70,6,11,52,36,105,12,19,64,80,175,140,126,266,441
12/21/2012,SJT,TX,ASW,CE,Federal Contract Tower,7,10,5,21,43,7,14,48,10,79,14,24,53,31,122,70,68,138,260
12/22/2012,SJT,TX,ASW,CE,Federal Contract Tower,5,8,4,0,17,5,9,50,0,64,10,17,54,0,81,0,0,0,81
12/23/2012,SJT,TX,ASW,CE,Federal Contract Tower,6,2,9,0,17,6,2,45,0,53,12,4,54,0,70,6,0,6,76
12/24/2012,SJT,TX,ASW,CE,Federal Contract Tower,7,3,3,0,13,7,7,24,0,38,14,10,27,0,51,26,0,26,77
12/25/2012,SJT,TX,ASW,CE,Federal Contract Tower,4,0,1,0,5,4,0,4,0,8,8,0,5,0,13,0,0,0,13
12/26/2012,SJT,TX,ASW,CE,Federal Contract Tower,3,5,11,1,20,3,11,44,0,58,6,16,55,1,78,38,0,38,116
12/27/2012,SJT,TX,ASW,CE,Federal Contract Tower,8,5,4,2,19,8,9,27,4,48,16,14,31,6,67,20,10,30,97
12/28/2012,SJT,TX,ASW,CE,Federal Contract Tower,6,11,11,4,32,6,12,34,2,54,12,23,45,6,86,26,20,46,132
12/29/2012,SJT,TX,ASW,CE,Federal Contract Tower,5,2,16,0,23,5,5,46,0,56,10,7,62,0,79,70,0,70,149
12/30/2012,SJT,TX,ASW,CE,Federal Contract Tower,6,0,7,0,13,6,0,22,3,31,12,0,29,3,44,0,0,0,44
12/31/2012,SJT,TX,ASW,CE,Federal Contract Tower,5,5,3,0,13,5,5,15,0,25,10,10,18,0,38,42,0,42,80
01/01/2013,SJT,TX,ASW,CE,Federal Contract Tower,6,1,5,0,12,6,1,14,0,21,12,2,19,0,33,4,0,4,37
01/02/2013,SJT,TX,ASW,CE,Federal Contract Tower,6,9,12,43,70,6,15,34,18,73,12,24,46,61,143,88,194,282,425
01/03/2013,SJT,TX,ASW,CE,Federal Contract Tower,6,11,10,37,64,6,13,24,15,58,12,24,34,52,122,16,186,202,324
01/04/2013,SJT,TX,ASW,CE,Federal Contract Tower,5,12,11,7,35,5,12,19,4,40,10,24,30,11,75,4,16,20,95
01/05/2013,SJT,TX,ASW,CE,Federal Contract Tower,5,2,11,10,28,5,3,23,21,52,10,5,34,31,80,66,50,116,196
01/06/2013,SJT,TX,ASW,CE,Federal Contract Tower,6,1,2,19,28,6,1,31,27,65,12,2,33,46,93,16,70,86,179
01/07/2013,SJT,TX,ASW,CE,Federal Contract Tower,6,3,9,46,64,6,10,25,55,96,12,13,34,101,160,48,76,124,284
01/08/2013,SJT,TX,ASW,CE,Federal Contract Tower,6,13,10,15,44,6,12,10,6,34,12,25,20,21,78,2,18,20,98
01/09/2013,SJT,TX,ASW,CE,Federal Contract Tower,6,12,8,16,42,6,12,8,9,35,12,24,16,25,77,0,32,32,109
01/10/2013,SJT,TX,ASW,CE,Federal Contract Tower,6,11,29,32,78,6,13,44,18,81,12,24,73,50,159,70,92,162,321
01/11/2013,SJT,TX,ASW,CE,Federal Contract Tower,6,17,30,60,113,6,17,37,36,96,12,34,67,96,209,68,172,240,449
01/12/2013,SJT,TX,ASW,CE,Federal Contract Tower,5,1,11,10,27,5,3,24,4,36,10,4,35,14,63,34,18,52,115
01/13/2013,SJT,TX,ASW,CE,Federal Contract Tower,6,0,7,11,24,6,0,33,9,48,12,0,40,20,72,32,38,70,142
01/14/2013,SJT,TX,ASW,CE,Federal Contract Tower,6,8,9,38,61,6,12,35,26,79,12,20,44,64,140,32,166,198,338
01/15/2013,SJT,TX,ASW,CE,Federal Contract Tower,3,14,13,65,95,3,17,34,34,88,6,31,47,99,183,58,212,270,453
01/16/2013,SJT,TX,ASW,CE,Federal Contract Tower,6,8,10,43,67,6,13,19,28,66,12,21,29,71,133,44,104,148,281
01/17/2013,SJT,TX,ASW,CE,Federal Contract Tower,6,10,14,33,63,6,14,40,25,85,12,24,54,58,148,54,174,228,376
01/18/2013,SJT,TX,ASW,CE,Federal Contract Tower,6,7,19,85,117,6,10,50,37,103,12,17,69,122,220,74,278,352,572
01/19/2013,SJT,TX,ASW,CE,Federal Contract Tower,6,0,7,2,15,5,4,38,3,50,11,4,45,5,65,50,0,50,115
01/20/2013,SJT,TX,ASW,CE,Federal Contract Tower,6,2,10,0,18,6,2,45,0,53,12,4,55,0,71,38,0,38,109
01/21/2013,SJT,TX,ASW,CE,Federal Contract Tower,6,8,11,0,25,6,8,29,0,43,12,16,40,0,68,8,0,8,76
01/22/2013,SJT,TX,ASW,CE,Federal Contract Tower,8,9,10,51,78,8,12,27,17,64,16,21,37,68,142,36,130,166,308
01/23/2013,SJT,TX,ASW,CE,Federal Contract Tower,6,18,25,39,88,6,24,48,20,98,12,42,73,59,186,100,110,210,396
01/24/2013,SJT,TX,ASW,CE,Federal Contract Tower,6,7,33,77,123,6,12,61,54,133,12,19,94,131,256,98,266,364,620
01/25/2013,SJT,TX,ASW,CE,Federal Contract Tower,6,6,11,47,70,6,10,41,22,79,12,16,52,69,149,76,150,226,375
01/26/2013,SJT,TX,ASW,CE,Federal Contract Tower,7,9,24,3,43,7,12,37,1,57,14,21,61,4,100,36,10,46,146
01/27/2013,SJT,TX,ASW,CE,Federal Contract Tower,6,4,11,1,22,6,4,30,1,41,12,8,41,2,63,20,2,22,85
01/28/2013,SJT,TX,ASW,CE,Federal Contract Tower,6,5,9,82,102,6,7,17,28,58,12,12,26,110,160,26,228,254,414
01/29/2013,SJT,TX,ASW,CE,Federal Contract Tower,3,9,29,18,59,3,11,33,6,53,6,20,62,24,112,4,58,62,174
01/30/2013,SJT,TX,ASW,CE,Federal Contract Tower,6,11,23,44,84,6,15,65,30,116,12,26,88,74,200,186,96,282,482
01/31/2013,SJT,TX,ASW,CE,Federal Contract Tower,6,19,8,49,82,6,23,51,18,98,12,42,59,67,180,128,134,262,442
02/01/2013,SJT,TX,ASW,CE,Federal Contract Tower,6,12,7,63,88,6,16,51,28,101,12,28,58,91,189,218,198,416,605
02/02/2013,SJT,TX,ASW,CE,Federal Contract Tower,5,4,1,2,12,5,6,38,4,53,10,10,39,6,65,106,14,120,185
02/03/2013,SJT,TX,ASW,CE,Federal Contract Tower,6,4,16,1,27,6,4,26,26,62,12,8,42,27,89,4,4,8,97
02/04/2013,SJT,TX,ASW,CE,Federal Contract Tower,6,4,43,40,93,6,8,27,13,54,12,12,70,53,147,40,142,182,329
02/05/2013,SJT,TX,ASW,CE,Federal Contract Tower,6,9,15,44,74,6,13,55,17,91,12,22,70,61,165,138,118,256,421
02/06/2013,SJT,TX,ASW,CE,Federal Contract Tower,6,9,20,68,103,6,16,46,24,92,12,25,66,92,195,116,210,326,521
02/07/2013,SJT,TX,ASW,CE,Federal Contract Tower,6,9,16,46,77,6,14,36,21,77,12,23,52,67,154,244,172,416,570
02/08/2013,SJT,TX,ASW,CE,Federal Contract Tower,6,14,17,88,125,6,18,62,74,160,12,32,79,162,285,74,222,296,581
02/09/2013,SJT,TX,ASW,CE,Federal Contract Tower,5,4,12,5,26,5,6,11,2,24,10,10,23,7,50,14,8,22,72
02/10/2013,SJT,TX,ASW,CE,Federal Contract Tower,6,1,12,11,30,6,1,36,11,54,12,2,48,22,84,38,28,66,150
02/11/2013,SJT,TX,ASW,CE,Federal Contract Tower,6,4,12,43,65,6,8,36,19,69,12,12,48,62,134,48,120,168,302
02/12/2013,SJT,TX,ASW,CE,Federal Contract Tower,6,17,19,55,97,6,17,21,23,67,12,34,40,78,164,24,152,176,340
02/13/2013,SJT,TX,ASW,CE,Federal Contract Tower,6,7,24,43,80,6,13,63,22,104,12,20,87,65,184,66,140,206,390
02/14/2013,SJT,TX,ASW,CE,Federal Contract Tower,7,14,22,48,91,7,18,48,18,91,14,32,70,66,182,72,190,262,444
02/15/2013,SJT,TX,ASW,CE,Federal Contract Tower,8,9,18,62,97,8,13,44,28,93,16,22,62,90,190,38,284,322,512
02/16/2013,SJT,TX,ASW,CE,Federal Contract Tower,7,2,9,10,28,7,4,47,22,80,14,6,56,32,108,64,18,82,190
02/17/2013,SJT,TX,ASW,CE,Federal Contract Tower,8,2,9,3,22,8,8,24,1,41,16,10,33,4,63,12,8,20,83
02/18/2013,SJT,TX,ASW,CE,Federal Contract Tower,8,9,15,5,37,8,9,24,4,45,16,18,39,9,82,12,28,40,122
02/19/2013,SJT,TX,ASW,CE,Federal Contract Tower,8,10,10,35,63,8,14,43,25,90,16,24,53,60,153,10,150,160,313
02/20/2013,SJT,TX,ASW,CE,Federal Contract Tower,8,13,20,32,73,8,13,14,10,45,16,26,34,42,118,62,38,100,218
02/21/2013,SJT,TX,ASW,CE,Federal Contract Tower,7,12,12,26,57,7,16,26,12,61,14,28,38,38,118,20,58,78,196
02/22/2013,SJT,TX,ASW,CE,Federal Contract Tower,8,9,29,47,93,9,13,50,26,98,17,22,79,73,191,76,128,204,395
02/23/2013,SJT,TX,ASW,CE,Federal Contract Tower,8,3,25,11,47,8,3,48,11,70,16,6,73,22,117,130,26,156,273
02/24/2013,SJT,TX,ASW,CE,Federal Contract Tower,8,5,7,15,35,8,5,24,8,45,16,10,31,23,80,0,46,46,126
02/25/2013,SJT,TX,ASW,CE,Federal Contract Tower,2,9,4,4,19,2,10,7,2,21,4,19,11,6,40,6,14,20,60
02/26/2013,SJT,TX,ASW,CE,Federal Contract Tower,9,8,24,28,69,9,13,52,14,88,18,21,76,42,157,74,100,174,331
02/27/2013,SJT,TX,ASW,CE,Federal Contract Tower,10,11,11,35,67,10,15,53,17,95,20,26,64,52,162,78,80,158,320
02/28/2013,SJT,TX,ASW,CE,Federal Contract Tower,8,12,14,47,81,8,16,43,23,90,16,28,57,70,171,98,140,238,409
03/01/2013,SJT,TX,ASW,CE,Federal Contract Tower,10,15,21,66,112,10,17,51,33,111,20,32,72,99,223,150,230,380,603
03/02/2013,SJT,TX,ASW,CE,Federal Contract Tower,9,1,16,8,34,9,3,60,5,77,18,4,76,13,111,166,14,180,291
03/03/2013,SJT,TX,ASW,CE,Federal Contract Tower,8,3,7,9,27,8,5,29,7,49,16,8,36,16,76,4,10,14,90
03/04/2013,SJT,TX,ASW,CE,Federal Contract Tower,8,4,4,40,56,8,8,21,23,60,16,12,25,63,116,12,136,148,264
03/05/2013,SJT,TX,ASW,CE,Federal Contract Tower,10,10,16,41,77,10,14,29,31,84,20,24,45,72,161,34,50,84,245
03/06/2013,SJT,TX,ASW,CE,Federal Contract Tower,8,19,12,43,82,8,23,50,17,98,16,42,62,60,180,92,126,218,398
03/07/2013,SJT,TX,ASW,CE,Federal Contract Tower,8,7,25,42,82,8,10,53,23,94,16,17,78,65,176,66,130,196,372
03/08/2013,SJT,TX,ASW,CE,Federal Contract Tower,8,10,16,7,41,8,13,35,5,61,16,23,51,12,102,22,22,44,146
03/09/2013,SJT,TX,ASW,CE,Federal Contract Tower,7,3,4,0,14,7,4,8,0,19,14,7,12,0,33,6,0,6,39
03/10/2013,SJT,TX,ASW,CE,Federal Contract Tower,9,0,6,34,49,9,0,14,14,37,18,0,20,48,86,10,62,72,158
03/11/2013,SJT,TX,ASW,CE,Federal Contract Tower,10,8,11,53,82,10,12,44,23,89,20,20,55,76,171,88,170,258,429
03/12/2013,SJT,TX,ASW,CE,Federal Contract Tower,8,6,24,44,82,8,9,44,14,75,16,15,68,58,157,10,72,82,239
03/13/2013,SJT,TX,ASW,CE,Federal Contract Tower,8,9,30,37,84,8,13,61,12,94,16,22,91,49,178,72,84,156,334
03/14/2013,SJT,TX,ASW,CE,Federal Contract Tower,8,6,12,68,94,8,10,33,29,80,16,16,45,97,174,56,198,254,428
03/15/2013,SJT,TX,ASW,CE,Federal Contract Tower,8,11,27,59,105,8,16,44,27,95,16,27,71,86,200,74,192,266,466
03/16/2013,SJT,TX,ASW,CE,Federal Contract Tower,7,3,6,0,16,7,5,30,0,42,14,8,36,0,58,42,0,42,100
03/17/2013,SJT,TX,ASW,CE,Federal Contract Tower,8,3,17,4,32,8,3,41,3,55,16,6,58,7,87,10,10,20,107
03/18/2013,SJT,TX,ASW,CE,Federal Contract Tower,8,3,9,75,95,8,6,29,38,81,16,9,38,113,176,18,198,216,392
03/19/2013,SJT,TX,ASW,CE,Federal Contract Tower,9,9,12,30,60,9,13,35,21,78,18,22,47,51,138,48,116,164,302
03/20/2013,SJT,TX,ASW,CE,Federal Contract Tower,8,10,13,65,96,8,14,41,29,92,16,24,54,94,188,58,260,318,506
03/21/2013,SJT,TX,ASW,CE,Federal Contract Tower,8,9,11,38,66,8,17,17,20,62,16,26,28,58,128,34,72,106,234
03/22/2013,SJT,TX,ASW,CE,Federal Contract Tower,8,9,13,87,117,8,11,38,40,97,16,20,51,127,214,106,322,428,642
03/23/2013,SJT,TX,ASW,CE,Federal Contract Tower,9,4,5,22,40,9,4,21,14,48,18,8,26,36,88,70,32,102,190
03/24/2013,SJT,TX,ASW,CE,Federal Contract Tower,8,4,6,22,40,8,4,30,13,55,16,8,36,35,95,14,48,62,157
03/25/2013,SJT,TX,ASW,CE,Federal Contract Tower,8,6,14,49,77,8,9,45,21,83,16,15,59,70,160,94,136,230,390
03/26/2013,SJT,TX,ASW,CE,Federal Contract Tower,8,8,18,23,57,8,13,44,33,98,16,21,62,56,155,38,40,78,233
03/27/2013,SJT,TX,ASW,CE,Federal Contract Tower,8,7,6,30,51,8,19,31,19,77,16,26,37,49,128,100,94,194,322
03/28/2013,SJT,TX,ASW,CE,Federal Contract Tower,8,9,14,52,83,8,15,49,37,109,16,24,63,89,192,90,164,254,446
03/29/2013,SJT,TX,ASW,CE,Federal Contract Tower,8,14,7,29,58,8,23,27,17,75,16,37,34,46,133,86,94,180,313
03/30/2013,SJT,TX,ASW,CE,Federal Contract Tower,7,2,8,0,17,7,4,22,0,33,14,6,30,0,50,10,0,10,60
03/31/2013,SJT,TX,ASW,CE,Federal Contract Tower,8,0,6,0,14,8,0,25,0,33,16,0,31,0,47,14,0,14,61
04/01/2013,SJT,TX,ASW,CE,Federal Contract Tower,8,3,14,69,94,8,7,44,29,88,16,10,58,98,182,68,200,268,450
04/02/2013,SJT,TX,ASW,CE,Federal Contract Tower,8,15,18,95,136,8,12,32,42,94,16,27,50,137,230,68,212,280,510
04/03/2013,SJT,TX,ASW,CE,Federal Contract Tower,8,16,21,48,93,8,13,23,15,59,16,29,44,63,152,34,106,140,292
04/04/2013,SJT,TX,ASW,CE,Federal Contract Tower,8,9,29,65,111,8,11,45,30,94,16,20,74,95,205,106,252,358,563
04/05/2013,SJT,TX,ASW,CE,Federal Contract Tower,9,8,15,55,87,0,0,0,26,26,9,8,15,81,113,200,246,446,559
04/06/2013,SJT,TX,ASW,CE,Federal Contract Tower,9,1,9,3,22,9,2,30,6,47,18,3,39,9,69,72,16,88,157
04/07/2013,SJT,TX,ASW,CE,Federal Contract Tower,8,2,9,11,30,8,4,51,17,80,16,6,60,28,110,40,24,64,174
04/08/2013,SJT,TX,ASW,CE,Federal Contract Tower,8,7,14,39,68,8,13,27,16,64,16,20,41,55,132,24,98,122,254
04/09/2013,SJT,TX,ASW,CE,Federal Contract Tower,8,9,17,93,127,8,14,38,37,97,16,23,55,130,224,34,248,282,506
04/10/2013,SJT,TX,ASW,CE,Federal Contract Tower,6,10,25,110,151,6,12,44,53,115,12,22,69,163,266,44,402,446,712
04/11/2013,SJT,TX,ASW,CE,Federal Contract Tower,9,7,17,45,78,9,16,49,24,98,18,23,66,69,176,46,164,210,386
04/12/2013,SJT,TX,ASW,CE,Federal Contract Tower,8,8,14,38,68,8,18,52,25,103,16,26,66,63,171,56,132,188,359
04/13/2013,SJT,TX,ASW,CE,Federal Contract Tower,9,1,2,0,12,9,7,31,0,47,18,8,33,0,59,50,0,50,109
04/14/2013,SJT,TX,ASW,CE,Federal Contract Tower,8,1,6,17,32,8,1,29,10,48,16,2,35,27,80,10,34,44,124
04/15/2013,SJT,TX,ASW,CE,Federal Contract Tower,8,3,18,32,61,8,7,52,22,89,16,10,70,54,150,40,81,121,271
04/16/2013,SJT,TX,ASW,CE,Federal Contract Tower,2,6,15,26,49,2,11,37,15,65,4,17,52,41,114,68,54,122,236
04/17/2013,SJT,TX,ASW,CE,Federal Contract Tower,8,13,17,49,87,8,12,27,32,79,16,25,44,81,166,18,188,206,372
04/18/2013,SJT,TX,ASW,CE,Federal Contract Tower,8,8,14,64,94,8,13,18,31,70,16,21,32,95,164,26,176,202,366
04/19/2013,SJT,TX,ASW,CE,Federal Contract Tower,8,11,26,15,60,8,19,51,13,91,16,30,77,28,151,98,64,162,313
04/20/2013,SJT,TX,ASW,CE,Federal Contract Tower,9,4,9,4,26,9,10,15,1,35,18,14,24,5,61,14,6,20,81
04/21/2013,SJT,TX,ASW,CE,Federal Contract Tower,8,3,8,14,33,8,14,32,10,64,16,17,40,24,97,62,22,84,181
04/22/2013,SJT,TX,ASW,CE,Federal Contract Tower,9,9,17,19,54,9,21,30,13,73,18,30,47,32,127,90,44,134,261
04/23/2013,SJT,TX,ASW,CE,Federal Contract Tower,8,17,19,37,81,8,20,19,23,70,16,37,38,60,151,24,111,135,286
04/24/2013,SJT,TX,ASW,CE,Federal Contract Tower,8,13,21,79,121,8,19,45,35,107,16,32,66,114,228,96,192,288,516
04/25/2013,SJT,TX,ASW,CE,Federal Contract Tower,8,7,16,49,80,8,14,36,15,73,16,21,52,64,153,40,144,184,337
04/26/2013,SJT,TX,ASW,CE,Federal Contract Tower,9,9,27,47,92,9,13,48,28,98,18,22,75,75,190,0,204,204,394
04/27/2013,SJT,TX,ASW,CE,Federal Contract Tower,8,6,8,0,22,8,14,26,0,48,16,20,34,0,70,72,0,72,142
04/28/2013,SJT,TX,ASW,CE,Federal Contract Tower,8,1,16,17,42,8,3,41,11,63,16,4,57,28,105,36,42,78,183
04/29/2013,SJT,TX,ASW,CE,Federal Contract Tower,10,5,9,43,67,10,13,39,23,85,20,18,48,66,152,66,136,202,354
04/30/2013,SJT,TX,ASW,CE,Federal Contract Tower,8,11,12,56,87,8,15,39,29,91,16,26,51,85,178,44,136,180,358
05/01/2013,SJT,TX,ASW,CE,Federal Contract Tower,8,9,18,69,104,8,11,53,36,108,16,20,71,105,212,72,260,332,544
05/02/2013,SJT,TX,ASW,CE,Federal Contract Tower,8,12,13,48,81,8,12,17,19,56,16,24,30,67,137,2,132,134,271
05/03/2013,SJT,TX,ASW,CE,Federal Contract Tower,10,13,15,48,86,10,16,51,26,103,20,29,66,74,189,36,92,128,317
05/04/2013,SJT,TX,ASW,CE,Federal Contract Tower,9,4,17,2,32,9,7,21,1,38,18,11,38,3,70,46,4,50,120
05/05/2013,SJT,TX,ASW,CE,Federal Contract Tower,10,2,14,29,55,10,2,30,19,61,20,4,44,48,116,6,96,102,218
05/06/2013,SJT,TX,ASW,CE,Federal Contract Tower,10,5,9,27,51,10,9,25,13,57,20,14,34,40,108,36,72,108,216
05/07/2013,SJT,TX,ASW,CE,Federal Contract Tower,8,7,10,39,64,8,13,37,26,84,16,20,47,65,148,38,132,170,318
05/08/2013,SJT,TX,ASW,CE,Federal Contract Tower,12,16,22,47,97,8,17,36,21,82,20,33,58,68,179,46,118,164,343
05/09/2013,SJT,TX,ASW,CE,Federal Contract Tower,10,10,14,40,74,10,12,30,9,61,20,22,44,49,135,74,100,174,309
05/10/2013,SJT,TX,ASW,CE,Federal Contract Tower,8,15,13,67,103,8,19,25,27,79,16,34,38,94,182,52,160,212,394
05/11/2013,SJT,TX,ASW,CE,Federal Contract Tower,10,5,16,2,33,10,8,38,6,62,20,13,54,8,95,62,8,70,165
05/12/2013,SJT,TX,ASW,CE,Federal Contract Tower,8,2,3,0,13,8,2,21,0,31,16,4,24,0,44,12,0,12,56
05/13/2013,SJT,TX,ASW,CE,Federal Contract Tower,8,7,7,39,61,8,16,40,21,85,16,23,47,60,146,60,106,166,312
05/14/2013,SJT,TX,ASW,CE,Federal Contract Tower,7,9,22,21,59,8,15,57,9,89,15,24,79,30,148,54,66,120,268
05/15/2013,SJT,TX,ASW,CE,Federal Contract Tower,8,14,19,61,102,8,23,45,29,105,16,37,64,90,207,200,206,406,613
05/16/2013,SJT,TX,ASW,CE,Federal Contract Tower,8,8,23,58,97,8,15,41,28,92,16,23,64,86,189,106,218,324,513
05/17/2013,SJT,TX,ASW,CE,Federal Contract Tower,8,9,11,62,90,8,13,32,23,76,16,22,43,85,166,38,148,186,352
05/18/2013,SJT,TX,ASW,CE,Federal Contract Tower,9,2,5,0,16,9,8,27,0,44,18,10,32,0,60,36,0,36,96
05/19/2013,SJT,TX,ASW,CE,Federal Contract Tower,8,2,9,8,27,8,2,32,7,49,16,4,41,15,76,30,24,54,130
05/20/2013,SJT,TX,ASW,CE,Federal Contract Tower,6,9,25,35,75,6,17,57,20,100,12,26,82,55,175,30,162,192,367
05/21/2013,SJT,TX,ASW,CE,Federal Contract Tower,7,10,17,47,81,7,13,35,28,83,14,23,52,75,164,58,210,268,432
05/22/2013,SJT,TX,ASW,CE,Federal Contract Tower,9,12,25,62,108,9,21,66,24,120,18,33,91,86,228,122,348,470,698
05/23/2013,SJT,TX,ASW,CE,Federal Contract Tower,8,7,20,86,121,8,9,27,32,76,16,16,47,118,197,56,222,278,475
05/24/2013,SJT,TX,ASW,CE,Federal Contract Tower,8,12,20,0,40,8,13,32,0,53,16,25,52,0,93,8,0,8,101
05/25/2013,SJT,TX,ASW,CE,Federal Contract Tower,11,3,9,4,27,11,3,17,2,33,22,6,26,6,60,34,3,37,97
05/26/2013,SJT,TX,ASW,CE,Federal Contract Tower,6,1,5,0,12,6,6,19,0,31,12,7,24,0,43,60,0,60,103
05/27/2013,SJT,TX,ASW,CE,Federal Contract Tower,8,1,10,2,21,8,4,19,7,38,16,5,29,9,59,18,2,20,79
05/28/2013,SJT,TX,ASW,CE,Federal Contract Tower,8,8,17,21,54,8,10,23,16,57,16,18,40,37,111,6,84,90,201
05/29/2013,SJT,TX,ASW,CE,Federal Contract Tower,11,12,19,23,65,11,14,43,12,80,22,26,62,35,145,54,134,188,333
05/30/2013,SJT,TX,ASW,CE,Federal Contract Tower,8,14,17,23,62,8,18,35,16,77,16,32,52,39,139,10,92,102,241
05/31/2013,SJT,TX,ASW,CE,Federal Contract Tower,8,12,15,70,105,8,16,36,25,85,16,28,51,95,190,66,136,202,392
06/01/2013,SJT,TX,ASW,CE,Federal Contract Tower,9,4,3,2,18,9,6,26,2,43,18,10,29,4,61,14,0,14,75
06/02/2013,SJT,TX,ASW,CE,Federal Contract Tower,10,2,5,8,25,10,4,30,10,54,20,6,35,18,79,20,22,42,121
06/03/2013,SJT,TX,ASW,CE,Federal Contract Tower,8,3,7,44,62,8,7,25,45,85,16,10,32,89,147,28,164,192,339
06/04/2013,SJT,TX,ASW,CE,Federal Contract Tower,8,8,8,45,69,8,12,35,23,78,16,20,43,68,147,18,162,180,327
06/05/2013,SJT,TX,ASW,CE,Federal Contract Tower,8,9,20,74,111,8,13,60,28,109,16,22,80,102,220,44,200,244,464
06/06/2013,SJT,TX,ASW,CE,Federal Contract Tower,9,8,24,50,91,9,11,42,15,77,18,19,66,65,168,66,134,200,368
06/07/2013,SJT,TX,ASW,CE,Federal Contract Tower,8,15,12,25,60,8,19,26,21,74,16,34,38,46,134,36,32,68,202
06/08/2013,SJT,TX,ASW,CE,Federal Contract Tower,9,2,5,5,21,9,4,33,6,52,18,6,38,11,73,64,8,72,145
06/09/2013,SJT,TX,ASW,CE,Federal Contract Tower,7,4,10,19,40,7,8,20,15,50,14,12,30,34,90,38,54,92,182
06/10/2013,SJT,TX,ASW,CE,Federal Contract Tower,8,4,6,27,45,8,12,33,12,65,16,16,39,39,110,4,82,86,196
06/11/2013,SJT,TX,ASW,CE,Federal Contract Tower,8,10,18,59,95,8,16,44,33,101,16,26,62,92,196,20,166,186,382
06/12/2013,SJT,TX,ASW,CE,Federal Contract Tower,8,22,24,42,96,8,23,52,26,109,16,45,76,68,205,50,96,146,351
06/13/2013,SJT,TX,ASW,CE,Federal Contract Tower,10,12,29,50,101,10,17,55,24,106,20,29,84,74,207,52,136,188,395
06/14/2013,SJT,TX,ASW,CE,Federal Contract Tower,8,15,18,17,58,8,18,44,29,99,16,33,62,46,157,42,64,106,263
06/15/2013,SJT,TX,ASW,CE,Federal Contract Tower,9,3,5,19,36,9,9,19,37,74,18,12,24,56,110,36,44,80,190
06/16/2013,SJT,TX,ASW,CE,Federal Contract Tower,10,3,8,13,34,10,5,28,5,48,20,8,36,18,82,6,18,24,106
06/17/2013,SJT,TX,ASW,CE,Federal Contract Tower,7,8,15,65,95,7,14,44,30,95,14,22,59,95,190,34,168,202,392
06/18/2013,SJT,TX,ASW,CE,Federal Contract Tower,8,7,20,50,85,8,18,36,32,94,16,25,56,82,179,90,186,276,455
06/19/2013,SJT,TX,ASW,CE,Federal Contract Tower,8,10,26,37,81,9,18,68,28,123,17,28,94,65,204,14,112,126,330
06/20/2013,SJT,TX,ASW,CE,Federal Contract Tower,9,10,14,51,84,9,15,48,37,109,18,25,62,88,193,78,182,260,453
06/21/2013,SJT,TX,ASW,CE,Federal Contract Tower,8,8,12,55,83,8,15,38,41,102,16,23,50,96,185,36,188,224,409
06/22/2013,SJT,TX,ASW,CE,Federal Contract Tower,9,4,5,0,18,9,11,27,6,53,18,15,32,6,71,26,2,28,99
06/23/2013,SJT,TX,ASW,CE,Federal Contract Tower,8,5,4,27,44,8,7,25,16,56,16,12,29,43,100,30,64,94,194
06/24/2013,SJT,TX,ASW,CE,Federal Contract Tower,9,7,18,33,67,9,10,36,23,78,18,17,54,56,145,26,60,86,231
06/25/2013,SJT,TX,ASW,CE,Federal Contract Tower,8,11,20,34,73,8,11,56,31,106,16,22,76,65,179,50,76,126,305
06/26/2013,SJT,TX,ASW,CE,Federal Contract Tower,8,9,20,50,87,8,13,57,31,109,16,22,77,81,196,80,122,202,398
06/27/2013,SJT,TX,ASW,CE,Federal Contract Tower,8,8,20,15,51,8,17,35,15,75,16,25,55,30,126,122,24,146,272
06/28/2013,SJT,TX,ASW,CE,Federal Contract Tower,8,9,13,32,62,8,21,33,15,77,16,30,46,47,139,48,76,124,263
06/29/2013,SJT,TX,ASW,CE,Federal Contract Tower,10,2,11,0,23,10,6,51,2,69,20,8,62,2,92,114,8,122,214
06/30/2013,SJT,TX,ASW,CE,Federal Contract Tower,8,2,9,33,52,8,12,21,21,62,16,14,30,54,114,50,64,114,228
07/01/2013,SJT,TX,ASW,CE,Federal Contract Tower,8,5,20,40,73,8,9,39,12,68,16,14,59,52,141,64,88,152,293
07/02/2013,SJT,TX,ASW,CE,Federal Contract Tower,8,9,18,43,78,8,13,37,18,76,16,22,55,61,154,26,112,138,292
07/03/2013,SJT,TX,ASW,CE,Federal Contract Tower,8,6,9,33,56,8,13,56,17,94,16,19,65,50,150,58,98,156,306
07/04/2013,SJT,TX,ASW,CE,Federal Contract Tower,8,0,10,0,18,7,0,27,0,34,15,0,37,0,52,24,0,24,76
07/05/2013,SJT,TX,ASW,CE,Federal Contract Tower,8,6,2,0,16,8,9,33,0,50,16,15,35,0,66,38,0,38,104
07/06/2013,SJT,TX,ASW,CE,Federal Contract Tower,8,2,7,0,17,8,9,27,0,44,16,11,34,0,61,40,0,40,101
07/07/2013,SJT,TX,ASW,CE,Federal Contract Tower,8,3,11,0,22,8,6,25,0,39,16,9,36,0,61,70,0,70,131
07/08/2013,SJT,TX,ASW,CE,Federal Contract Tower,6,2,23,55,86,6,9,40,25,80,12,11,63,80,166,46,182,228,394
07/09/2013,SJT,TX,ASW,CE,Federal Contract Tower,6,5,7,37,55,6,15,28,24,73,12,20,35,61,128,62,108,170,298
07/10/2013,SJT,TX,ASW,CE,Federal Contract Tower,10,8,16,57,91,10,16,50,27,103,20,24,66,84,194,116,192,308,502
07/11/2013,SJT,TX,ASW,CE,Federal Contract Tower,6,9,19,25,59,6,13,61,19,99,12,22,80,44,158,18,124,142,300
07/12/2013,SJT,TX,ASW,CE,Federal Contract Tower,8,10,10,17,45,8,23,52,21,104,16,33,62,38,149,52,54,106,255
07/13/2013,SJT,TX,ASW,CE,Federal Contract Tower,10,3,11,0,24,10,9,24,0,43,20,12,35,0,67,40,0,40,107
07/14/2013,SJT,TX,ASW,CE,Federal Contract Tower,8,0,6,34,48,8,0,33,18,59,16,0,39,52,107,2,66,68,175
07/15/2013,SJT,TX,ASW,CE,Federal Contract Tower,8,10,7,8,33,8,10,8,2,28,16,20,15,10,61,6,12,18,79
07/16/2013,SJT,TX,ASW,CE,Federal Contract Tower,10,10,6,3,29,9,9,11,2,31,19,19,17,5,60,6,6,12,72
07/17/2013,SJT,TX,ASW,CE,Federal Contract Tower,8,18,15,48,89,8,22,16,21,67,16,40,31,69,156,24,192,216,372
07/18/2013,SJT,TX,ASW,CE,Federal Contract Tower,8,10,19,49,86,8,12,32,29,81,16,22,51,78,167,8,116,124,291
07/19/2013,SJT,TX,ASW,CE,Federal Contract Tower,8,6,11,5,30,8,21,35,5,69,16,27,46,10,99,64,26,90,189
07/20/2013,SJT,TX,ASW,CE,Federal Contract Tower,9,5,8,0,22,9,15,42,0,66,18,20,50,0,88,26,0,26,114
07/21/2013,SJT,TX,ASW,CE,Federal Contract Tower,7,0,7,27,41,7,1,35,14,57,14,1,42,41,98,48,44,92,190
07/22/2013,SJT,TX,ASW,CE,Federal Contract Tower,8,3,12,27,50,8,10,31,11,60,16,13,43,38,110,56,104,160,270
07/23/2013,SJT,TX,ASW,CE,Federal Contract Tower,8,7,19,11,45,8,13,43,14,78,16,20,62,25,123,54,16,70,193
07/24/2013,SJT,TX,ASW,CE,Federal Contract Tower,8,10,15,25,58,8,21,41,12,82,16,31,56,37,140,52,76,128,268
07/25/2013,SJT,TX,ASW,CE,Federal Contract Tower,8,9,20,39,76,8,15,52,13,88,16,24,72,52,164,48,104,152,316
07/26/2013,SJT,TX,ASW,CE,Federal Contract Tower,8,9,10,0,27,8,14,35,2,59,16,23,45,2,86,62,4,66,152
07/27/2013,SJT,TX,ASW,CE,Federal Contract Tower,9,4,9,5,27,9,6,57,4,76,18,10,66,9,103,84,10,94,197
07/28/2013,SJT,TX,ASW,CE,Federal Contract Tower,8,1,7,8,24,8,11,21,5,45,16,12,28,13,69,66,16,82,151
07/29/2013,SJT,TX,ASW,CE,Federal Contract Tower,8,6,14,49,77,8,13,41,22,84,16,19,55,71,161,46,110,156,317
07/30/2013,SJT,TX,ASW,CE,Federal Contract Tower,9,7,12,24,52,9,12,42,10,73,18,19,54,34,125,48,50,98,223
07/31/2013,SJT,TX,ASW,CE,Federal Contract Tower,8,8,10,43,69,8,12,40,22,82,16,20,50,65,151,66,90,156,307
08/01/2013,SJT,TX,ASW,CE,Federal Contract Tower,8,11,8,77,104,8,14,53,24,99,16,25,61,101,203,86,206,292,495
08/02/2013,SJT,TX,ASW,CE,Federal Contract Tower,10,7,11,1,29,10,15,52,4,81,20,22,63,5,110,108,0,108,218
08/03/2013,SJT,TX,ASW,CE,Federal Contract Tower,10,1,12,14,37,10,5,35,8,58,20,6,47,22,95,102,24,126,221
08/04/2013,SJT,TX,ASW,CE,Federal Contract Tower,8,4,9,1,22,8,10,30,6,54,16,14,39,7,76,56,8,64,140
08/05/2013,SJT,TX,ASW,CE,Federal Contract Tower,8,5,8,51,72,8,10,29,25,72,16,15,37,76,144,20,218,238,382
08/06/2013,SJT,TX,ASW,CE,Federal Contract Tower,8,5,21,45,79,8,9,46,22,85,16,14,67,67,164,18,108,126,290
08/07/2013,SJT,TX,ASW,CE,Federal Contract Tower,8,9,12,79,108,8,14,56,23,101,16,23,68,102,209,70,154,224,433
08/08/2013,SJT,TX,ASW,CE,Federal Contract Tower,7,10,13,24,54,7,14,62,17,100,14,24,75,41,154,82,60,142,296
08/09/2013,SJT,TX,ASW,CE,Federal Contract Tower,8,7,8,10,33,8,18,37,8,71,16,25,45,18,104,52,26,78,182
08/10/2013,SJT,TX,ASW,CE,Federal Contract Tower,10,3,6,2,21,10,13,51,2,76,20,16,57,4,97,46,0,46,143
08/11/2013,SJT,TX,ASW,CE,Federal Contract Tower,11,3,3,6,23,11,4,34,4,53,22,7,37,10,76,30,8,38,114
08/12/2013,SJT,TX,ASW,CE,Federal Contract Tower,9,8,20,58,95,9,18,53,28,108,18,26,73,86,203,46,168,214,417
08/13/2013,SJT,TX,ASW,CE,Federal Contract Tower,6,5,10,80,101,6,9,31,34,80,12,14,41,114,181,48,174,222,403
08/14/2013,SJT,TX,ASW,CE,Federal Contract Tower,8,14,31,76,129,8,17,52,39,116,16,31,83,115,245,166,258,424,669
08/15/2013,SJT,TX,ASW,CE,Federal Contract Tower,9,11,22,52,94,9,15,49,17,90,18,26,71,69,184,0,114,114,298
08/16/2013,SJT,TX,ASW,CE,Federal Contract Tower,8,13,8,0,29,8,16,31,0,55,16,29,39,0,84,16,0,16,100
08/17/2013,SJT,TX,ASW,CE,Federal Contract Tower,9,2,11,10,32,9,5,48,10,72,18,7,59,20,104,24,16,40,144
08/18/2013,SJT,TX,ASW,CE,Federal Contract Tower,8,5,7,8,28,8,5,40,6,59,16,10,47,14,87,24,18,42,129
08/19/2013,SJT,TX,ASW,CE,Federal Contract Tower,8,3,17,57,85,8,7,43,27,85,16,10,60,84,170,20,130,150,320
08/20/2013,SJT,TX,ASW,CE,Federal Contract Tower,8,5,11,30,54,8,9,37,29,83,16,14,48,59,137,26,70,96,233
08/21/2013,SJT,TX,ASW,CE,Federal Contract Tower,8,12,15,39,74,8,16,35,27,86,16,28,50,66,160,26,114,140,300
08/22/2013,SJT,TX,ASW,CE,Federal Contract Tower,7,20,16,31,74,7,30,50,16,103,14,50,66,47,177,72,130,202,379
08/23/2013,SJT,TX,ASW,CE,Federal Contract Tower,7,8,15,26,56,7,12,57,12,88,14,20,72,38,144,48,56,104,248
08/24/2013,SJT,TX,ASW,CE,Federal Contract Tower,9,5,8,0,22,9,9,70,0,88,18,14,78,0,110,176,0,176,286
08/25/2013,SJT,TX,ASW,CE,Federal Contract Tower,8,2,14,5,29,8,11,26,1,46,16,13,40,6,75,42,8,50,125
08/26/2013,SJT,TX,ASW,CE,Federal Contract Tower,9,3,9,66,87,9,9,29,29,76,18,12,38,95,163,24,140,164,327
08/27/2013,SJT,TX,ASW,CE,Federal Contract Tower,9,11,12,71,103,9,20,41,25,95,18,31,53,96,198,90,194,284,482
08/28/2013,SJT,TX,ASW,CE,Federal Contract Tower,9,15,22,56,102,9,19,58,26,112,18,34,80,82,214,136,96,232,446
08/29/2013,SJT,TX,ASW,CE,Federal Contract Tower,8,11,18,38,75,8,19,50,21,98,16,30,68,59,173,86,148,234,407
08/30/2013,SJT,TX,ASW,CE,Federal Contract Tower,9,8,8,56,81,9,19,45,25,98,18,27,53,81,179,90,140,230,409
08/31/2013,SJT,TX,ASW,CE,Federal Contract Tower,9,1,7,0,17,9,4,43,0,56,18,5,50,0,73,104,0,104,177
09/01/2013,SJT,TX,ASW,CE,Federal Contract Tower,4,3,3,0,10,4,5,24,0,33,8,8,27,0,43,12,0,12,55
09/02/2013,SJT,TX,ASW,CE,Federal Contract Tower,8,2,9,1,20,8,3,30,4,45,16,5,39,5,65,18,6,24,89
09/03/2013,SJT,TX,ASW,CE,Federal Contract Tower,8,7,12,30,57,8,12,49,15,84,16,19,61,45,141,22,54,76,217
09/04/2013,SJT,TX,ASW,CE,Federal Contract Tower,11,14,26,35,86,11,15,56,26,108,22,29,82,61,194,128,86,214,408
09/05/2013,SJT,TX,ASW,CE,Federal Contract Tower,8,9,16,27,60,8,19,43,17,87,16,28,59,44,147,40,80,120,267
09/06/2013,SJT,TX,ASW,CE,Federal Contract Tower,8,10,15,51,84,8,21,57,23,109,16,31,72,74,193,42,158,200,393
09/07/2013,SJT,TX,ASW,CE,Federal Contract Tower,9,3,5,0,17,9,10,30,1,50,18,13,35,1,67,50,0,50,117
09/08/2013,SJT,TX,ASW,CE,Federal Contract Tower,8,3,3,7,21,8,11,40,8,67,16,14,43,15,88,64,14,78,166
09/09/2013,SJT,TX,ASW,CE,Federal Contract Tower,8,6,13,76,103,8,12,27,24,71,16,18,40,100,174,50,240,290,464
09/10/2013,SJT,TX,ASW,CE,Federal Contract Tower,11,13,15,53,92,11,14,22,26,73,22,27,37,79,165,12,122,134,299
09/11/2013,SJT,TX,ASW,CE,Federal Contract Tower,10,14,11,49,84,10,14,30,28,82,20,28,41,77,166,24,136,160,326
09/12/2013,SJT,TX,ASW,CE,Federal Contract Tower,9,13,14,50,86,9,26,44,23,102,18,39,58,73,188,60,166,226,414
09/13/2013,SJT,TX,ASW,CE,Federal Contract Tower,7,7,12,66,92,7,13,63,27,110,14,20,75,93,202,40,134,174,376
09/14/2013,SJT,TX,ASW,CE,Federal Contract Tower,7,2,14,15,38,7,4,57,6,74,14,6,71,21,112,122,24,146,258
09/15/2013,SJT,TX,ASW,CE,Federal Contract Tower,8,2,4,7,21,8,2,27,4,41,16,4,31,11,62,26,10,36,98
09/16/2013,SJT,TX,ASW,CE,Federal Contract Tower,8,4,14,43,69,8,11,30,28,77,16,15,44,71,146,24,168,192,338
09/17/2013,SJT,TX,ASW,CE,Federal Contract Tower,9,7,14,29,59,9,9,40,28,86,18,16,54,57,145,30,108,138,283
09/18/2013,SJT,TX,ASW,CE,Federal Contract Tower,9,8,16,19,52,9,14,36,29,88,18,22,52,48,140,52,70,122,262
09/19/2013,SJT,TX,ASW,CE,Federal Contract Tower,8,12,9,40,69,8,12,13,7,40,16,24,22,47,109,0,90,90,199
09/20/2013,SJT,TX,ASW,CE,Federal Contract Tower,8,13,5,0,26,8,14,5,0,27,16,27,10,0,53,2,0,2,55
09/21/2013,SJT,TX,ASW,CE,Federal Contract Tower,8,3,6,13,30,8,9,37,10,64,16,12,43,23,94,72,74,146,240
09/22/2013,SJT,TX,ASW,CE,Federal Contract Tower,8,2,4,13,27,8,6,34,6,54,16,8,38,19,81,58,34,92,173
09/23/2013,SJT,TX,ASW,CE,Federal Contract Tower,8,6,17,47,78,8,10,45,28,91,16,16,62,75,169,36,118,154,323
09/24/2013,SJT,TX,ASW,CE,Federal Contract Tower,10,5,17,56,88,10,9,55,38,112,20,14,72,94,200,32,170,202,402
09/25/2013,SJT,TX,ASW,CE,Federal Contract Tower,9,8,15,19,51,9,13,50,24,96,18,21,65,43,147,44,62,106,253
09/26/2013,SJT,TX,ASW,CE,Federal Contract Tower,9,15,11,38,73,9,19,53,19,100,18,34,64,57,173,44,122,166,339
09/27/2013,SJT,TX,ASW,CE,Federal Contract Tower,9,16,20,65,110,9,18,48,33,108,18,34,68,98,218,20,198,218,436
09/28/2013,SJT,TX,ASW,CE,Federal Contract Tower,6,9,18,0,33,6,9,19,0,34,12,18,37,0,67,0,0,0,67
09/29/2013,SJT,TX,ASW,CE,Federal Contract Tower,8,3,16,23,50,8,7,54,13,82,16,10,70,36,132,82,50,132,264
09/30/2013,SJT,TX,ASW,CE,Federal Contract Tower,9,4,11,34,58,9,7,39,17,72,18,11,50,51,130,50,108,158,288
10/01/2013,SJT,TX,ASW,CE,Federal Contract Tower,9,7,6,59,81,9,11,28,28,76,18,18,34,87,157,60,188,248,405
10/02/2013,SJT,TX,ASW,CE,Federal Contract Tower,8,18,20,25,71,8,23,55,24,110,16,41,75,49,181,112,84,196,377
10/03/2013,SJT,TX,ASW,CE,Federal Contract Tower,8,13,15,68,104,9,14,29,25,77,17,27,44,93,181,50,132,182,363
10/04/2013,SJT,TX,ASW,CE,Federal Contract Tower,11,13,12,74,110,10,15,55,24,104,21,28,67,98,214,42,246,288,502
10/05/2013,SJT,TX,ASW,CE,Federal Contract Tower,7,5,9,0,21,7,9,22,0,38,14,14,31,0,59,54,0,54,113
10/06/2013,SJT,TX,ASW,CE,Federal Contract Tower,9,0,15,0,24,9,0,43,0,52,18,0,58,0,76,14,0,14,90
10/07/2013,SJT,TX,ASW,CE,Federal Contract Tower,8,11,14,87,120,8,15,50,33,106,16,26,64,120,226,14,221,235,461
10/08/2013,SJT,TX,ASW,CE,Federal Contract Tower,10,10,11,43,74,10,14,45,25,94,20,24,56,68,168,18,136,154,322
10/09/2013,SJT,TX,ASW,CE,Federal Contract Tower,10,9,11,24,54,10,13,43,7,73,20,22,54,31,127,60,54,114,241
10/10/2013,SJT,TX,ASW,CE,Federal Contract Tower,8,10,25,47,90,8,16,49,23,96,16,26,74,70,186,54,112,166,352
10/11/2013,SJT,TX,ASW,CE,Federal Contract Tower,9,6,12,70,97,9,11,36,33,89,18,17,48,103,186,30,146,176,362
10/12/2013,SJT,TX,ASW,CE,Federal Contract Tower,8,3,6,2,19,8,6,18,2,34,16,9,24,4,53,14,0,14,67
10/13/2013,SJT,TX,ASW,CE,Federal Contract Tower,8,3,10,0,21,8,5,16,4,33,16,8,26,4,54,24,0,24,78
10/14/2013,SJT,TX,ASW,CE,Federal Contract Tower,8,6,9,5,28,8,7,15,5,35,16,13,24,10,63,20,0,20,83
10/15/2013,SJT,TX,ASW,CE,Federal Contract Tower,9,10,6,16,41,9,10,6,5,30,18,20,12,21,71,0,22,22,93
10/16/2013,SJT,TX,ASW,CE,Federal Contract Tower,8,10,15,49,82,8,14,30,22,74,16,24,45,71,156,40,128,168,324
10/17/2013,SJT,TX,ASW,CE,Federal Contract Tower,8,13,19,21,61,8,20,61,9,98,16,33,80,30,159,50,116,166,325
10/18/2013,SJT,TX,ASW,CE,Federal Contract Tower,11,14,21,58,104,11,19,34,20,84,22,33,55,78,188,70,152,222,410
10/19/2013,SJT,TX,ASW,CE,Federal Contract Tower,8,7,3,1,19,8,9,37,0,54,16,16,40,1,73,92,2,94,167
10/20/2013,SJT,TX,ASW,CE,Federal Contract Tower,10,3,11,19,43,10,11,37,10,68,20,14,48,29,111,66,28,94,205
10/21/2013,SJT,TX,ASW,CE,Federal Contract Tower,9,9,17,39,74,9,13,35,17,74,18,22,52,56,148,26,56,82,230
10/22/2013,SJT,TX,ASW,CE,Federal Contract Tower,9,10,8,21,48,9,14,40,17,80,18,24,48,38,128,54,22,76,204
10/23/2013,SJT,TX,ASW,CE,Federal Contract Tower,9,12,1,41,63,9,18,41,23,91,18,30,42,64,154,60,176,236,390
10/24/2013,SJT,TX,ASW,CE,Federal Contract Tower,8,16,17,51,92,8,21,36,24,89,16,37,53,75,181,48,118,166,347
10/25/2013,SJT,TX,ASW,CE,Federal Contract Tower,10,8,13,130,161,10,14,57,39,120,20,22,70,169,281,24,312,336,617
10/26/2013,SJT,TX,ASW,CE,Federal Contract Tower,7,7,8,1,23,7,7,18,1,33,14,14,26,2,56,0,2,2,58
10/27/2013,SJT,TX,ASW,CE,Federal Contract Tower,8,3,24,28,63,8,6,47,12,73,16,9,71,40,136,82,56,138,274
10/28/2013,SJT,TX,ASW,CE,Federal Contract Tower,9,7,6,35,57,9,12,19,18,58,18,19,25,53,115,12,144,156,271
10/29/2013,SJT,TX,ASW,CE,Federal Contract Tower,8,10,16,55,89,8,14,27,23,72,16,24,43,78,161,2,70,72,233
10/30/2013,SJT,TX,ASW,CE,Federal Contract Tower,8,16,16,45,85,8,20,22,24,74,16,36,38,69,159,26,138,164,323
10/31/2013,SJT,TX,ASW,CE,Federal Contract Tower,8,9,13,55,85,8,11,33,37,89,16,20,46,92,174,12,182,194,368
11/01/2013,SJT,TX,ASW,CE,Federal Contract Tower,9,8,23,16,56,9,14,57,21,101,18,22,80,37,157,12,66,78,235
11/02/2013,SJT,TX,ASW,CE,Federal Contract Tower,8,4,8,2,22,8,11,62,2,83,16,15,70,4,105,98,4,102,207
11/03/2013,SJT,TX,ASW,CE,Federal Contract Tower,9,3,14,2,28,9,3,28,2,42,18,6,42,4,70,22,2,24,94
11/04/2013,SJT,TX,ASW,CE,Federal Contract Tower,7,6,16,33,62,7,10,26,26,69,14,16,42,59,131,2,60,62,193
11/05/2013,SJT,TX,ASW,CE,Federal Contract Tower,11,10,20,61,102,20,13,30,25,88,31,23,50,86,190,50,122,172,362
11/06/2013,SJT,TX,ASW,CE,Federal Contract Tower,8,9,7,99,123,8,13,25,45,91,16,22,32,144,214,36,298,334,548
11/07/2013,SJT,TX,ASW,CE,Federal Contract Tower,10,13,18,39,80,10,21,52,27,110,20,34,70,66,190,42,144,186,376
11/08/2013,SJT,TX,ASW,CE,Federal Contract Tower,11,12,22,29,74,11,15,44,14,84,22,27,66,43,158,28,104,132,290
11/09/2013,SJT,TX,ASW,CE,Federal Contract Tower,7,4,23,0,34,7,8,50,0,65,14,12,73,0,99,166,0,166,265
11/10/2013,SJT,TX,ASW,CE,Federal Contract Tower,7,0,8,8,23,7,0,34,7,48,14,0,42,15,71,32,10,42,113
11/11/2013,SJT,TX,ASW,CE,Federal Contract Tower,8,3,23,2,36,8,8,53,3,72,16,11,76,5,108,76,14,90,198
11/12/2013,SJT,TX,ASW,CE,Federal Contract Tower,9,8,20,73,110,9,10,28,28,75,18,18,48,101,185,28,170,198,383
11/13/2013,SJT,TX,ASW,CE,Federal Contract Tower,9,7,22,42,80,9,18,49,35,111,18,25,71,77,191,94,150,244,435
11/14/2013,SJT,TX,ASW,CE,Federal Contract Tower,8,10,21,90,129,8,14,52,35,109,16,24,73,125,238,6,220,226,464
11/15/2013,SJT,TX,ASW,CE,Federal Contract Tower,10,7,9,69,95,10,13,50,34,107,20,20,59,103,202,46,176,222,424
11/16/2013,SJT,TX,ASW,CE,Federal Contract Tower,8,1,12,3,24,8,5,31,1,45,16,6,43,4,69,68,8,76,145
11/17/2013,SJT,TX,ASW,CE,Federal Contract Tower,9,0,10,32,51,9,2,45,24,80,18,2,55,56,131,24,100,124,255
11/18/2013,SJT,TX,ASW,CE,Federal Contract Tower,9,8,18,132,167,9,20,40,39,108,18,28,58,171,275,72,162,234,509
11/19/2013,SJT,TX,ASW,CE,Federal Contract Tower,9,5,23,53,90,9,12,40,29,90,18,17,63,82,180,70,150,220,400
11/20/2013,SJT,TX,ASW,CE,Federal Contract Tower,8,12,27,84,131,8,14,43,36,101,16,26,70,120,232,64,208,272,504
11/21/2013,SJT,TX,ASW,CE,Federal Contract Tower,8,8,32,27,75,8,16,50,16,90,16,24,82,43,165,64,78,142,307
11/22/2013,SJT,TX,ASW,CE,Federal Contract Tower,2,12,1,0,15,2,12,1,0,15,4,24,2,0,30,8,0,8,38
11/23/2013,SJT,TX,ASW,CE,Federal Contract Tower,6,0,5,0,11,6,0,5,0,11,12,0,10,0,22,0,0,0,22
11/24/2013,SJT,TX,ASW,CE,Federal Contract Tower,2,0,4,0,6,2,0,5,0,7,4,0,9,0,13,0,0,0,13
11/25/2013,SJT,TX,ASW,CE,Federal Contract Tower,3,8,3,35,49,3,9,6,14,32,6,17,9,49,81,6,82,88,169
11/26/2013,SJT,TX,ASW,CE,Federal Contract Tower,9,15,23,86,133,9,21,52,51,133,18,36,75,137,266,30,308,338,604
11/27/2013,SJT,TX,ASW,CE,Federal Contract Tower,8,10,15,40,73,8,16,45,25,94,16,26,60,65,167,78,182,260,427
11/28/2013,SJT,TX,ASW,CE,Federal Contract Tower,7,2,1,2,12,7,2,15,1,25,14,4,16,3,37,16,4,20,57
11/29/2013,SJT,TX,ASW,CE,Federal Contract Tower,8,7,12,0,27,8,16,31,0,55,16,23,43,0,82,56,0,56,138
11/30/2013,SJT,TX,ASW,CE,Federal Contract Tower,7,9,2,0,18,7,14,13,0,34,14,23,15,0,52,4,0,4,56
12/01/2013,SJT,TX,ASW,CE,Federal Contract Tower,8,1,17,6,32,8,2,29,20,59,16,3,46,26,91,0,0,0,91
12/02/2013,SJT,TX,ASW,CE,Federal Contract Tower,8,3,12,87,110,8,8,35,69,120,16,11,47,156,230,14,200,214,444
12/03/2013,SJT,TX,ASW,CE,Federal Contract Tower,8,7,16,78,109,8,11,51,36,106,16,18,67,114,215,58,240,298,513
12/04/2013,SJT,TX,ASW,CE,Federal Contract Tower,8,12,12,84,116,8,19,53,49,129,16,31,65,133,245,40,252,292,537
12/05/2013,SJT,TX,ASW,CE,Federal Contract Tower,6,6,19,60,91,6,8,20,27,61,12,14,39,87,152,6,314,320,472
12/06/2013,SJT,TX,ASW,CE,Federal Contract Tower,0,4,0,0,4,0,4,4,0,8,0,8,4,0,12,0,0,0,12
12/07/2013,SJT,TX,ASW,CE,Federal Contract Tower,0,2,2,0,4,0,6,2,0,8,0,8,4,0,12,2,0,2,14
12/08/2013,SJT,TX,ASW,CE,Federal Contract Tower,2,0,13,53,68,2,0,44,37,83,4,0,57,90,151,12,136,148,299
12/09/2013,SJT,TX,ASW,CE,Federal Contract Tower,3,6,12,0,21,3,6,12,0,21,6,12,24,0,42,0,0,0,42
12/10/2013,SJT,TX,ASW,CE,Federal Contract Tower,9,16,24,153,202,9,23,61,73,166,18,39,85,226,368,86,380,466,834
12/11/2013,SJT,TX,ASW,CE,Federal Contract Tower,9,10,17,101,137,9,17,46,58,130,18,27,63,159,267,26,302,328,595
12/12/2013,SJT,TX,ASW,CE,Federal Contract Tower,8,10,17,66,101,8,15,53,31,107,16,25,70,97,208,36,174,210,418
12/13/2013,SJT,TX,ASW,CE,Federal Contract Tower,7,17,13,103,140,7,25,49,46,127,14,42,62,149,267,58,402,460,727
12/14/2013,SJT,TX,ASW,CE,Federal Contract Tower,6,6,12,18,42,6,16,55,9,86,12,22,67,27,128,52,26,78,206
12/15/2013,SJT,TX,ASW,CE,Federal Contract Tower,8,0,13,22,43,8,0,63,20,91,16,0,76,42,134,32,58,90,224
12/16/2013,SJT,TX,ASW,CE,Federal Contract Tower,8,3,14,49,74,8,9,57,28,102,16,12,71,77,176,40,74,114,290
12/17/2013,SJT,TX,ASW,CE,Federal Contract Tower,8,11,21,39,79,8,17,65,22,112,16,28,86,61,191,52,136,188,379
12/18/2013,SJT,TX,ASW,CE,Federal Contract Tower,8,9,20,54,91,8,16,73,21,118,16,25,93,75,209,70,194,264,473
12/19/2013,SJT,TX,ASW,CE,Federal Contract Tower,8,16,22,55,101,8,25,54,24,111,16,41,76,79,212,58,184,242,454
12/20/2013,SJT,TX,ASW,CE,Federal Contract Tower,8,21,18,76,123,8,21,17,25,71,16,42,35,101,194,6,154,160,354
12/21/2013,SJT,TX,ASW,CE,Federal Contract Tower,5,11,11,0,27,5,18,17,0,40,10,29,28,0,67,18,0,18,85
12/22/2013,SJT,TX,ASW,CE,Federal Contract Tower,8,3,6,2,19,8,6,36,0,50,16,9,42,2,69,52,0,52,121
12/23/2013,SJT,TX,ASW,CE,Federal Contract Tower,9,5,10,2,26,9,15,58,2,84,18,20,68,4,110,22,2,24,134
12/24/2013,SJT,TX,ASW,CE,Federal Contract Tower,9,13,9,0,31,9,21,50,0,80,18,34,59,0,111,16,0,16,127
12/25/2013,SJT,TX,ASW,CE,Federal Contract Tower,8,4,5,0,17,8,4,32,0,44,16,8,37,0,61,10,0,10,71
12/26/2013,SJT,TX,ASW,CE,Federal Contract Tower,8,12,7,6,33,8,17,35,0,60,16,29,42,6,93,58,26,84,177
12/27/2013,SJT,TX,ASW,CE,Federal Contract Tower,8,13,8,0,29,8,22,37,0,67,16,35,45,0,96,62,0,62,158
12/28/2013,SJT,TX,ASW,CE,Federal Contract Tower,7,6,7,0,20,7,6,27,0,40,14,12,34,0,60,36,0,36,96
12/29/2013,SJT,TX,ASW,CE,Federal Contract Tower,7,0,6,0,13,7,0,7,0,14,14,0,13,0,27,0,0,0,27
12/30/2013,SJT,TX,ASW,CE,Federal Contract Tower,6,4,7,0,17,6,14,68,12,100,12,18,75,12,117,68,0,68,185
12/31/2013,SJT,TX,ASW,CE,Federal Contract Tower,9,11,8,0,28,9,18,41,0,68,18,29,49,0,96,24,0,24,120
01/01/2014,SJT,TX,ASW,CE,Federal Contract Tower,8,0,5,0,13,8,7,29,0,44,16,7,34,0,57,18,0,18,75
01/02/2014,SJT,TX,ASW,CE,Federal Contract Tower,8,11,11,0,30,8,16,51,4,79,16,27,62,4,109,38,0,38,147
01/03/2014,SJT,TX,ASW,CE,Federal Contract Tower,9,9,11,37,66,9,13,54,34,110,18,22,65,71,176,66,114,180,356
01/04/2014,SJT,TX,ASW,CE,Federal Contract Tower,7,5,9,0,21,7,11,23,6,47,14,16,32,6,68,22,0,22,90
01/05/2014,SJT,TX,ASW,CE,Federal Contract Tower,8,2,10,0,20,8,3,37,0,48,16,5,47,0,68,54,0,54,122
01/06/2014,SJT,TX,ASW,CE,Federal Contract Tower,10,2,7,28,47,10,6,45,17,78,20,8,52,45,125,34,114,148,273
01/07/2014,SJT,TX,ASW,CE,Federal Contract Tower,9,5,13,51,78,9,11,47,28,95,18,16,60,79,173,14,172,186,359
01/08/2014,SJT,TX,ASW,CE,Federal Contract Tower,8,8,15,3,34,8,11,26,4,49,16,19,41,7,83,70,4,74,157
01/09/2014,SJT,TX,ASW,CE,Federal Contract Tower,7,17,21,9,54,7,18,36,8,69,14,35,57,17,123,86,20,106,229
01/10/2014,SJT,TX,ASW,CE,Federal Contract Tower,8,11,11,87,117,8,13,36,42,99,16,24,47,129,216,26,174,200,416
01/11/2014,SJT,TX,ASW,CE,Federal Contract Tower,7,3,6,5,21,7,5,72,7,91,14,8,78,12,112,128,8,136,248
01/12/2014,SJT,TX,ASW,CE,Federal Contract Tower,7,3,14,15,39,7,5,31,9,52,14,8,45,24,91,18,38,56,147
01/13/2014,SJT,TX,ASW,CE,Federal Contract Tower,10,6,13,48,77,10,11,61,34,116,20,17,74,82,193,54,226,280,473
01/14/2014,SJT,TX,ASW,CE,Federal Contract Tower,8,5,17,41,71,8,9,68,23,108,16,14,85,64,179,52,178,230,409
01/15/2014,SJT,TX,ASW,CE,Federal Contract Tower,8,9,10,83,110,8,15,67,34,124,16,24,77,117,234,178,196,374,608
01/16/2014,SJT,TX,ASW,CE,Federal Contract Tower,8,15,24,52,99,8,21,68,17,114,16,36,92,69,213,120,180,300,513
01/17/2014,SJT,TX,ASW,CE,Federal Contract Tower,10,9,15,49,83,10,18,64,23,115,20,27,79,72,198,70,168,238,436
01/18/2014,SJT,TX,ASW,CE,Federal Contract Tower,7,3,12,3,25,7,6,51,2,66,14,9,63,5,91,70,4,74,165
01/19/2014,SJT,TX,ASW,CE,Federal Contract Tower,10,0,12,35,57,10,1,36,19,66,20,1,48,54,123,32,94,126,249
01/20/2014,SJT,TX,ASW,CE,Federal Contract Tower,8,4,7,3,22,8,8,52,2,70,16,12,59,5,92,34,6,40,132
01/21/2014,SJT,TX,ASW,CE,Federal Contract Tower,8,9,10,19,46,8,13,46,9,76,16,22,56,28,122,17,56,73,195
01/22/2014,SJT,TX,ASW,CE,Federal Contract Tower,6,11,18,28,63,6,16,73,18,113,12,27,91,46,176,122,192,314,490
01/23/2014,SJT,TX,ASW,CE,Federal Contract Tower,9,8,6,25,48,9,11,9,11,40,18,19,15,36,88,6,160,166,254
01/24/2014,SJT,TX,ASW,CE,Federal Contract Tower,8,4,6,20,38,8,8,28,26,70,16,12,34,46,108,2,54,56,164
01/25/2014,SJT,TX,ASW,CE,Federal Contract Tower,7,4,12,4,27,7,6,109,0,122,14,10,121,4,149,98,6,104,253
01/26/2014,SJT,TX,ASW,CE,Federal Contract Tower,6,4,14,8,32,6,5,32,9,52,12,9,46,17,84,20,12,32,116
01/27/2014,SJT,TX,ASW,CE,Federal Contract Tower,8,4,19,52,83,8,9,39,32,88,16,13,58,84,171,2,194,196,367
01/28/2014,SJT,TX,ASW,CE,Federal Contract Tower,8,5,7,28,48,7,11,30,13,61,15,16,37,41,109,26,74,100,209
01/29/2014,SJT,TX,ASW,CE,Federal Contract Tower,8,8,17,42,75,8,14,43,21,86,16,22,60,63,161,112,164,276,437
01/30/2014,SJT,TX,ASW,CE,Federal Contract Tower,8,13,16,26,63,8,20,51,12,91,16,33,67,38,154,72,82,154,308
01/31/2014,SJT,TX,ASW,CE,Federal Contract Tower,8,14,17,32,71,8,19,70,19,116,16,33,87,51,187,106,86,192,379
02/01/2014,SJT,TX,ASW,CE,Federal Contract Tower,7,4,6,10,27,7,5,37,11,60,14,9,43,21,87,92,24,116,203
02/02/2014,SJT,TX,ASW,CE,Federal Contract Tower,2,2,5,0,9,2,2,5,0,9,4,4,10,0,18,6,0,6,24
02/03/2014,SJT,TX,ASW,CE,Federal Contract Tower,7,9,26,37,79,7,9,27,10,53,14,18,53,47,132,0,58,58,190
02/04/2014,SJT,TX,ASW,CE,Federal Contract Tower,8,21,19,45,93,8,24,23,36,91,16,45,42,81,184,32,222,254,438
02/05/2014,SJT,TX,ASW,CE,Federal Contract Tower,8,10,8,28,54,8,11,15,27,61,16,21,23,55,115,4,90,94,209
02/06/2014,SJT,TX,ASW,CE,Federal Contract Tower,4,16,13,16,49,4,15,18,10,47,8,31,31,26,96,18,41,59,155
02/07/2014,SJT,TX,ASW,CE,Federal Contract Tower,8,10,15,79,112,8,18,27,44,97,16,28,42,123,209,50,234,284,493
02/08/2014,SJT,TX,ASW,CE,Federal Contract Tower,8,5,17,6,36,8,7,51,18,84,16,12,68,24,120,120,8,128,248
02/09/2014,SJT,TX,ASW,CE,Federal Contract Tower,8,0,5,3,16,8,0,36,10,54,16,0,41,13,70,42,38,80,150
02/10/2014,SJT,TX,ASW,CE,Federal Contract Tower,4,9,6,4,23,4,9,6,3,22,8,18,12,7,45,0,8,8,53
02/11/2014,SJT,TX,ASW,CE,Federal Contract Tower,0,1,3,2,6,0,0,0,0,0,0,1,3,2,6,0,4,4,10
02/12/2014,SJT,TX,ASW,CE,Federal Contract Tower,11,13,23,28,75,11,16,61,23,111,22,29,84,51,186,40,146,186,372
02/13/2014,SJT,TX,ASW,CE,Federal Contract Tower,8,13,13,35,69,8,19,73,16,116,16,32,86,51,185,40,174,214,399
02/14/2014,SJT,TX,ASW,CE,Federal Contract Tower,10,12,18,20,60,10,16,65,16,107,20,28,83,36,167,24,128,152,319
02/15/2014,SJT,TX,ASW,CE,Federal Contract Tower,7,5,5,4,21,7,7,36,5,55,14,12,41,9,76,52,6,58,134
02/16/2014,SJT,TX,ASW,CE,Federal Contract Tower,8,4,17,2,31,8,4,45,3,60,16,8,62,5,91,36,0,36,127
02/17/2014,SJT,TX,ASW,CE,Federal Contract Tower,8,5,23,0,36,8,7,58,0,73,16,12,81,0,109,16,0,16,125
02/18/2014,SJT,TX,ASW,CE,Federal Contract Tower,9,17,16,28,70,9,20,57,18,104,18,37,73,46,174,102,198,300,474
02/19/2014,SJT,TX,ASW,CE,Federal Contract Tower,8,19,22,45,94,8,22,52,28,110,16,41,74,73,204,68,96,164,368
02/20/2014,SJT,TX,ASW,CE,Federal Contract Tower,8,13,22,54,97,8,20,35,34,97,16,33,57,88,194,46,236,282,476
02/21/2014,SJT,TX,ASW,CE,Federal Contract Tower,8,13,25,22,68,8,17,59,10,94,16,30,84,32,162,54,60,114,276
02/22/2014,SJT,TX,ASW,CE,Federal Contract Tower,7,3,14,2,26,7,4,56,2,69,14,7,70,4,95,146,0,146,241
02/23/2014,SJT,TX,ASW,CE,Federal Contract Tower,8,3,4,16,31,8,3,53,9,73,16,6,57,25,104,76,18,94,198
02/24/2014,SJT,TX,ASW,CE,Federal Contract Tower,8,9,21,46,84,8,10,45,30,93,16,19,66,76,177,76,190,266,443
02/25/2014,SJT,TX,ASW,CE,Federal Contract Tower,8,12,14,30,64,8,12,14,17,51,16,24,28,47,115,6,34,40,155
02/26/2014,SJT,TX,ASW,CE,Federal Contract Tower,8,6,7,68,89,8,12,18,28,66,16,18,25,96,155,66,154,220,375
02/27/2014,SJT,TX,ASW,CE,Federal Contract Tower,8,11,27,18,64,8,17,44,15,84,16,28,71,33,148,50,24,74,222
02/28/2014,SJT,TX,ASW,CE,Federal Contract Tower,6,10,15,47,78,6,14,40,34,94,12,24,55,81,172,16,120,136,308
03/01/2014,SJT,TX,ASW,CE,Federal Contract Tower,7,2,23,15,47,7,3,72,7,89,14,5,95,22,136,120,72,192,328
03/02/2014,SJT,TX,ASW,CE,Federal Contract Tower,3,2,7,6,18,3,2,5,5,15,6,4,12,11,33,8,24,32,65
03/03/2014,SJT,TX,ASW,CE,Federal Contract Tower,6,7,18,50,81,6,9,49,19,83,12,16,67,69,164,44,236,280,444
03/04/2014,SJT,TX,ASW,CE,Federal Contract Tower,8,11,6,62,87,8,15,41,42,106,16,26,47,104,193,24,196,220,413
03/05/2014,SJT,TX,ASW,CE,Federal Contract Tower,10,7,12,45,74,8,13,55,22,98,18,20,67,67,172,116,270,386,558
03/06/2014,SJT,TX,ASW,CE,Federal Contract Tower,8,10,13,36,67,8,15,70,16,109,16,25,83,52,176,98,122,220,396
03/07/2014,SJT,TX,ASW,CE,Federal Contract Tower,10,14,16,24,64,10,21,38,21,90,20,35,54,45,154,44,50,94,248
03/08/2014,SJT,TX,ASW,CE,Federal Contract Tower,7,7,22,5,41,7,7,30,7,51,14,14,52,12,92,20,4,24,116
03/09/2014,SJT,TX,ASW,CE,Federal Contract Tower,10,4,11,24,49,10,5,35,17,67,20,9,46,41,116,58,50,108,224
03/10/2014,SJT,TX,ASW,CE,Federal Contract Tower,8,14,17,70,109,8,17,53,33,111,16,31,70,103,220,70,222,292,512
03/11/2014,SJT,TX,ASW,CE,Federal Contract Tower,8,10,21,83,122,8,12,41,35,96,16,22,62,118,218,26,250,276,494
03/12/2014,SJT,TX,ASW,CE,Federal Contract Tower,10,10,21,35,76,10,13,44,34,101,20,23,65,69,177,58,220,278,455
03/13/2014,SJT,TX,ASW,CE,Federal Contract Tower,8,11,16,29,64,8,20,56,20,104,16,31,72,49,168,44,100,144,312
03/14/2014,SJT,TX,ASW,CE,Federal Contract Tower,8,13,10,64,95,8,19,37,42,106,16,32,47,106,201,70,252,322,523
03/15/2014,SJT,TX,ASW,CE,Federal Contract Tower,9,7,12,23,51,9,7,28,29,73,18,14,40,52,124,40,40,80,204
03/16/2014,SJT,TX,ASW,CE,Federal Contract Tower,8,1,13,9,31,8,1,24,12,45,16,2,37,21,76,4,30,34,110
03/17/2014,SJT,TX,ASW,CE,Federal Contract Tower,8,12,8,40,68,8,14,45,18,85,16,26,53,58,153,78,166,244,397
03/18/2014,SJT,TX,ASW,CE,Federal Contract Tower,7,9,8,27,51,7,15,28,8,58,14,24,36,35,109,10,46,56,165
03/19/2014,SJT,TX,ASW,CE,Federal Contract Tower,10,13,14,55,92,10,17,56,32,115,20,30,70,87,207,84,194,278,485
03/20/2014,SJT,TX,ASW,CE,Federal Contract Tower,8,14,18,54,94,7,12,78,28,125,15,26,96,82,219,100,186,286,505
03/21/2014,SJT,TX,ASW,CE,Federal Contract Tower,7,21,10,71,109,7,15,25,46,93,14,36,35,117,202,68,172,240,442
03/22/2014,SJT,TX,ASW,CE,Federal Contract Tower,5,7,6,4,22,5,7,33,2,47,10,14,39,6,69,34,20,54,123
03/23/2014,SJT,TX,ASW,CE,Federal Contract Tower,8,1,9,27,45,8,1,10,17,36,16,2,19,44,81,6,22,28,109
03/24/2014,SJT,TX,ASW,CE,Federal Contract Tower,9,12,11,67,99,9,19,39,40,107,18,31,50,107,206,20,164,184,390
03/25/2014,SJT,TX,ASW,CE,Federal Contract Tower,8,9,22,50,89,8,12,50,26,96,16,21,72,76,185,10,142,152,337
03/26/2014,SJT,TX,ASW,CE,Federal Contract Tower,10,13,15,21,59,10,14,20,5,49,20,27,35,26,108,24,34,58,166
03/27/2014,SJT,TX,ASW,CE,Federal Contract Tower,8,15,20,66,109,8,22,42,37,109,16,37,62,103,218,66,168,234,452
03/28/2014,SJT,TX,ASW,CE,Federal Contract Tower,10,13,18,53,94,10,17,66,31,124,20,30,84,84,218,42,194,236,454
03/29/2014,SJT,TX,ASW,CE,Federal Contract Tower,7,2,4,0,13,7,7,46,0,60,14,9,50,0,73,74,0,74,147
03/30/2014,SJT,TX,ASW,CE,Federal Contract Tower,7,3,7,26,43,7,5,31,18,61,14,8,38,44,104,6,70,76,180
03/31/2014,SJT,TX,ASW,CE,Federal Contract Tower,8,7,20,54,89,8,11,57,21,97,16,18,77,75,186,34,190,224,410
04/01/2014,SJT,TX,ASW,CE,Federal Contract Tower,8,7,16,71,102,8,11,66,44,129,16,18,82,115,231,74,192,266,497
04/02/2014,SJT,TX,ASW,CE,Federal Contract Tower,7,14,22,52,95,7,17,67,35,126,14,31,89,87,221,114,114,228,449
04/03/2014,SJT,TX,ASW,CE,Federal Contract Tower,7,10,21,17,55,7,14,53,18,92,14,24,74,35,147,28,30,58,205
04/04/2014,SJT,TX,ASW,CE,Federal Contract Tower,8,16,18,37,79,8,22,62,34,126,16,38,80,71,205,44,103,147,352
04/05/2014,SJT,TX,ASW,CE,Federal Contract Tower,7,5,7,8,27,7,5,35,10,57,14,10,42,18,84,30,12,42,126
04/06/2014,SJT,TX,ASW,CE,Federal Contract Tower,10,2,18,36,66,10,2,27,19,58,20,4,45,55,124,2,64,66,190
04/07/2014,SJT,TX,ASW,CE,Federal Contract Tower,9,11,8,35,63,9,13,29,20,71,18,24,37,55,134,6,176,182,316
04/08/2014,SJT,TX,ASW,CE,Federal Contract Tower,9,10,9,28,56,9,14,51,21,95,18,24,60,49,151,50,86,136,287
04/09/2014,SJT,TX,ASW,CE,Federal Contract Tower,8,9,15,43,75,8,13,42,21,84,16,22,57,64,159,72,102,174,333
04/10/2014,SJT,TX,ASW,CE,Federal Contract Tower,8,10,12,47,77,8,15,32,27,82,16,25,44,74,159,39,100,139,298
04/11/2014,SJT,TX,ASW,CE,Federal Contract Tower,10,10,13,71,104,10,20,41,36,107,20,30,54,107,211,20,204,224,435
04/12/2014,SJT,TX,ASW,CE,Federal Contract Tower,7,2,7,0,16,7,4,44,0,55,14,6,51,0,71,50,0,50,121
04/13/2014,SJT,TX,ASW,CE,Federal Contract Tower,8,2,10,23,43,8,2,25,17,52,16,4,35,40,95,46,40,86,181
04/14/2014,SJT,TX,ASW,CE,Federal Contract Tower,8,3,15,33,59,8,6,26,19,59,16,9,41,52,118,6,140,146,264
04/15/2014,SJT,TX,ASW,CE,Federal Contract Tower,8,8,26,43,85,8,12,57,21,98,16,20,83,64,183,56,142,198,381
04/16/2014,SJT,TX,ASW,CE,Federal Contract Tower,8,12,28,31,79,8,18,59,19,104,16,30,87,50,183,68,68,136,319
04/17/2014,SJT,TX,ASW,CE,Federal Contract Tower,8,19,23,55,105,8,20,40,25,93,16,39,63,80,198,50,144,194,392
04/18/2014,SJT,TX,ASW,CE,Federal Contract Tower,8,12,19,55,94,8,15,59,21,103,16,27,78,76,197,148,270,418,615
04/19/2014,SJT,TX,ASW,CE,Federal Contract Tower,7,2,12,0,21,7,3,30,0,40,14,5,42,0,61,60,0,60,121
04/20/2014,SJT,TX,ASW,CE,Federal Contract Tower,8,0,18,1,27,8,0,21,3,32,16,0,39,4,59,14,2,16,75
04/21/2014,SJT,TX,ASW,CE,Federal Contract Tower,8,7,24,19,58,8,10,46,7,71,16,17,70,26,129,14,16,30,159
04/22/2014,SJT,TX,ASW,CE,Federal Contract Tower,9,13,32,45,99,9,17,54,22,102,18,30,86,67,201,72,98,170,371
04/23/2014,SJT,TX,ASW,CE,Federal Contract Tower,6,12,19,28,65,6,16,39,25,86,12,28,58,53,151,34,120,154,305
04/24/2014,SJT,TX,ASW,CE,Federal Contract Tower,8,15,31,30,84,8,21,58,20,107,16,36,89,50,191,78,82,160,351
04/25/2014,SJT,TX,ASW,CE,Federal Contract Tower,8,9,17,53,87,8,13,61,33,115,16,22,78,86,202,30,110,140,342
04/26/2014,SJT,TX,ASW,CE,Federal Contract Tower,7,4,8,1,20,7,6,19,1,33,14,10,27,2,53,18,0,18,71
04/27/2014,SJT,TX,ASW,CE,Federal Contract Tower,6,4,16,11,37,6,6,35,6,53,12,10,51,17,90,10,34,44,134
04/28/2014,SJT,TX,ASW,CE,Federal Contract Tower,8,5,10,20,43,8,9,35,9,61,16,14,45,29,104,8,32,40,144
04/29/2014,SJT,TX,ASW,CE,Federal Contract Tower,9,10,15,22,56,9,13,25,15,62,18,23,40,37,118,30,96,126,244
04/30/2014,SJT,TX,ASW,CE,Federal Contract Tower,8,12,24,49,93,8,16,57,40,121,16,28,81,89,214,90,166,256,470
05/01/2014,SJT,TX,ASW,CE,Federal Contract Tower,8,14,12,44,78,8,18,46,29,101,16,32,58,73,179,30,118,148,327
05/02/2014,SJT,TX,ASW,CE,Federal Contract Tower,8,10,19,52,89,8,15,52,28,103,16,25,71,80,192,12,118,130,322
05/03/2014,SJT,TX,ASW,CE,Federal Contract Tower,7,5,10,5,27,7,6,54,1,68,14,11,64,6,95,82,8,90,185
05/04/2014,SJT,TX,ASW,CE,Federal Contract Tower,6,0,13,20,39,6,0,33,13,52,12,0,46,33,91,18,84,102,193
05/05/2014,SJT,TX,ASW,CE,Federal Contract Tower,8,6,6,23,43,8,10,60,18,96,16,16,66,41,139,24,44,68,207
05/06/2014,SJT,TX,ASW,CE,Federal Contract Tower,8,6,22,36,72,8,11,49,16,84,16,17,71,52,156,44,142,186,342
05/07/2014,SJT,TX,ASW,CE,Federal Contract Tower,8,10,17,78,113,8,13,53,34,108,16,23,70,112,221,80,208,288,509
05/08/2014,SJT,TX,ASW,CE,Federal Contract Tower,6,12,20,41,79,6,14,39,11,70,12,26,59,52,149,140,108,248,397
05/09/2014,SJT,TX,ASW,CE,Federal Contract Tower,9,22,13,3,47,9,29,47,7,92,18,51,60,10,139,52,12,64,203
05/10/2014,SJT,TX,ASW,CE,Federal Contract Tower,10,10,8,2,30,10,11,47,2,70,20,21,55,4,100,38,0,38,138
05/11/2014,SJT,TX,ASW,CE,Federal Contract Tower,8,7,10,23,48,8,10,17,17,52,16,17,27,40,100,2,30,32,132
05/12/2014,SJT,TX,ASW,CE,Federal Contract Tower,6,13,12,37,68,6,16,29,16,67,12,29,41,53,135,36,80,116,251
05/13/2014,SJT,TX,ASW,CE,Federal Contract Tower,10,15,19,69,113,12,17,32,36,97,22,32,51,105,210,16,122,138,348
05/14/2014,SJT,TX,ASW,CE,Federal Contract Tower,8,11,12,40,71,8,15,45,27,95,16,26,57,67,166,38,78,116,282
05/15/2014,SJT,TX,ASW,CE,Federal Contract Tower,8,8,12,41,69,8,17,44,25,94,16,25,56,66,163,62,86,148,311
05/16/2014,SJT,TX,ASW,CE,Federal Contract Tower,8,15,15,42,80,8,19,48,28,103,16,34,63,70,183,38,104,142,325
05/17/2014,SJT,TX,ASW,CE,Federal Contract Tower,8,1,8,7,24,8,3,51,5,67,16,4,59,12,91,72,8,80,171
05/18/2014,SJT,TX,ASW,CE,Federal Contract Tower,8,2,10,24,44,8,2,42,11,63,16,4,52,35,107,42,48,90,197
05/19/2014,SJT,TX,ASW,CE,Federal Contract Tower,10,9,18,60,97,10,11,39,29,89,20,20,57,89,186,48,128,176,362
05/20/2014,SJT,TX,ASW,CE,Federal Contract Tower,7,9,14,23,53,7,12,35,12,66,14,21,49,35,119,18,96,114,233
05/21/2014,SJT,TX,ASW,CE,Federal Contract Tower,8,14,16,54,92,8,18,44,25,95,16,32,60,79,187,52,158,210,397
05/22/2014,SJT,TX,ASW,CE,Federal Contract Tower,9,16,32,53,110,9,18,51,30,108,18,34,83,83,218,32,132,164,382
05/23/2014,SJT,TX,ASW,CE,Federal Contract Tower,10,13,21,2,46,10,16,41,2,69,20,29,62,4,115,24,2,26,141
05/24/2014,SJT,TX,ASW,CE,Federal Contract Tower,10,3,10,0,23,10,5,18,0,33,20,8,28,0,56,58,0,58,114
05/25/2014,SJT,TX,ASW,CE,Federal Contract Tower,4,0,2,0,6,4,0,4,0,8,8,0,6,0,14,0,0,0,14
05/26/2014,SJT,TX,ASW,CE,Federal Contract Tower,8,0,10,0,18,7,1,35,1,44,15,1,45,1,62,94,0,94,156
05/27/2014,SJT,TX,ASW,CE,Federal Contract Tower,8,6,18,55,87,8,8,47,26,89,16,14,65,81,176,20,158,178,354
05/28/2014,SJT,TX,ASW,CE,Federal Contract Tower,8,9,14,34,65,8,13,51,17,89,16,22,65,51,154,36,78,114,268
05/29/2014,SJT,TX,ASW,CE,Federal Contract Tower,9,16,14,22,61,9,18,60,19,106,18,34,74,41,167,58,44,102,269
05/30/2014,SJT,TX,ASW,CE,Federal Contract Tower,8,14,12,35,69,8,22,61,20,111,16,36,73,55,180,42,116,158,338
05/31/2014,SJT,TX,ASW,CE,Federal Contract Tower,8,2,9,10,29,8,3,48,7,66,16,5,57,17,95,94,28,122,217
06/01/2014,SJT,TX,ASW,CE,Federal Contract Tower,6,1,9,35,51,6,1,52,19,78,12,2,61,54,129,32,88,120,249
06/02/2014,SJT,TX,ASW,CE,Federal Contract Tower,8,7,19,50,84,8,11,56,28,103,16,18,75,78,187,54,172,226,413
06/03/2014,SJT,TX,ASW,CE,Federal Contract Tower,8,9,18,37,72,8,13,44,20,85,16,22,62,57,157,46,84,130,287
06/04/2014,SJT,TX,ASW,CE,Federal Contract Tower,8,7,23,49,87,8,11,61,24,104,16,18,84,73,191,64,166,230,421
06/05/2014,SJT,TX,ASW,CE,Federal Contract Tower,8,12,17,35,72,8,14,49,14,85,16,26,66,49,157,48,82,130,287
06/06/2014,SJT,TX,ASW,CE,Federal Contract Tower,8,13,11,37,69,8,17,35,24,84,16,30,46,61,153,74,176,250,403
06/07/2014,SJT,TX,ASW,CE,Federal Contract Tower,8,4,7,10,29,8,4,43,5,60,16,8,50,15,89,142,20,162,251
06/08/2014,SJT,TX,ASW,CE,Federal Contract Tower,6,2,12,9,29,6,3,27,0,36,12,5,39,9,65,10,0,10,75
06/09/2014,SJT,TX,ASW,CE,Federal Contract Tower,11,3,23,55,92,11,6,53,18,88,22,9,76,73,180,86,110,196,376
06/10/2014,SJT,TX,ASW,CE,Federal Contract Tower,8,9,27,37,81,8,16,62,19,105,16,25,89,56,186,68,194,262,448
06/11/2014,SJT,TX,ASW,CE,Federal Contract Tower,6,14,20,41,81,6,16,58,28,108,12,30,78,69,189,30,118,148,337
06/12/2014,SJT,TX,ASW,CE,Federal Contract Tower,6,9,19,39,73,6,12,42,17,77,12,21,61,56,150,36,122,158,308
06/13/2014,SJT,TX,ASW,CE,Federal Contract Tower,9,15,21,29,74,8,18,65,20,111,17,33,86,49,185,100,52,152,337
06/14/2014,SJT,TX,ASW,CE,Federal Contract Tower,6,2,12,16,36,6,3,33,9,51,12,5,45,25,87,24,68,92,179
06/15/2014,SJT,TX,ASW,CE,Federal Contract Tower,8,4,7,1,20,8,6,19,1,34,16,10,26,2,54,12,20,32,86
06/16/2014,SJT,TX,ASW,CE,Federal Contract Tower,10,6,19,59,94,10,9,47,25,91,20,15,66,84,185,28,172,200,385
06/17/2014,SJT,TX,ASW,CE,Federal Contract Tower,8,16,31,68,123,8,18,58,27,111,16,34,89,95,234,48,128,176,410
06/18/2014,SJT,TX,ASW,CE,Federal Contract Tower,8,10,20,49,87,8,12,45,28,93,16,22,65,77,180,110,212,322,502
06/19/2014,SJT,TX,ASW,CE,Federal Contract Tower,8,16,22,42,88,8,20,38,23,89,16,36,60,65,177,14,154,168,345
06/20/2014,SJT,TX,ASW,CE,Federal Contract Tower,9,15,14,34,72,9,15,25,13,62,18,30,39,47,134,10,190,200,334
06/21/2014,SJT,TX,ASW,CE,Federal Contract Tower,7,3,2,9,21,7,3,21,6,37,14,6,23,15,58,70,10,80,138
06/22/2014,SJT,TX,ASW,CE,Federal Contract Tower,8,2,18,4,32,8,2,33,11,54,16,4,51,15,86,30,38,68,154
06/23/2014,SJT,TX,ASW,CE,Federal Contract Tower,13,12,15,44,84,13,17,22,25,77,26,29,37,69,161,10,106,116,277
06/24/2014,SJT,TX,ASW,CE,Federal Contract Tower,6,8,17,21,52,6,10,24,16,56,12,18,41,37,108,32,54,86,194
06/25/2014,SJT,TX,ASW,CE,Federal Contract Tower,4,13,19,37,73,4,15,44,32,95,8,28,63,69,168,30,232,262,430
06/26/2014,SJT,TX,ASW,CE,Federal Contract Tower,8,5,23,44,80,8,10,64,34,116,16,15,87,78,196,58,218,276,472
06/27/2014,SJT,TX,ASW,CE,Federal Contract Tower,8,11,18,34,71,8,13,41,20,82,16,24,59,54,153,28,118,146,299
06/28/2014,SJT,TX,ASW,CE,Federal Contract Tower,5,4,22,20,51,5,4,44,10,63,10,8,66,30,114,62,62,124,238
06/29/2014,SJT,TX,ASW,CE,Federal Contract Tower,9,3,9,24,45,9,3,38,13,63,18,6,47,37,108,24,46,70,178
06/30/2014,SJT,TX,ASW,CE,Federal Contract Tower,8,6,15,16,45,8,10,57,12,87,16,16,72,28,132,36,36,72,204
07/01/2014,SJT,TX,ASW,CE,Federal Contract Tower,9,12,19,37,77,9,15,46,27,97,18,27,65,64,174,34,134,168,342
07/02/2014,SJT,TX,ASW,CE,Federal Contract Tower,12,8,17,48,85,12,11,66,28,117,24,19,83,76,202,48,120,168,370
07/03/2014,SJT,TX,ASW,CE,Federal Contract Tower,6,15,9,42,72,6,17,25,20,68,12,32,34,62,140,14,132,146,286
07/04/2014,SJT,TX,ASW,CE,Federal Contract Tower,5,1,11,0,17,5,1,35,0,41,10,2,46,0,58,12,0,12,70
07/05/2014,SJT,TX,ASW,CE,Federal Contract Tower,8,1,7,0,16,8,3,34,0,45,16,4,41,0,61,18,0,18,79
07/06/2014,SJT,TX,ASW,CE,Federal Contract Tower,8,2,8,0,18,8,2,29,0,39,16,4,37,0,57,6,0,6,63
07/07/2014,SJT,TX,ASW,CE,Federal Contract Tower,9,5,7,9,30,9,11,21,0,41,18,16,28,9,71,14,0,14,85
07/08/2014,SJT,TX,ASW,CE,Federal Contract Tower,11,9,9,52,81,9,13,53,19,94,20,22,62,71,175,20,152,172,347
07/09/2014,SJT,TX,ASW,CE,Federal Contract Tower,8,10,9,22,49,8,15,46,7,76,16,25,55,29,125,48,44,92,217
07/10/2014,SJT,TX,ASW,CE,Federal Contract Tower,8,9,11,38,66,8,13,39,24,84,16,22,50,62,150,26,118,144,294
07/11/2014,SJT,TX,ASW,CE,Federal Contract Tower,8,14,14,45,81,8,17,46,27,98,16,31,60,72,179,14,161,175,354
07/12/2014,SJT,TX,ASW,CE,Federal Contract Tower,6,3,12,0,21,6,5,38,4,53,12,8,50,4,74,36,0,36,110
07/13/2014,SJT,TX,ASW,CE,Federal Contract Tower,8,1,4,49,62,8,1,34,36,79,16,2,38,85,141,70,118,188,329
07/14/2014,SJT,TX,ASW,CE,Federal Contract Tower,12,7,13,24,56,12,11,46,9,78,24,18,59,33,134,14,76,90,224
07/15/2014,SJT,TX,ASW,CE,Federal Contract Tower,8,6,22,38,74,8,12,47,13,80,16,18,69,51,154,36,132,168,322
07/16/2014,SJT,TX,ASW,CE,Federal Contract Tower,9,8,10,31,58,9,13,38,15,75,18,21,48,46,133,40,94,134,267
07/17/2014,SJT,TX,ASW,CE,Federal Contract Tower,3,16,12,36,67,2,18,25,18,63,5,34,37,54,130,10,74,84,214
07/18/2014,SJT,TX,ASW,CE,Federal Contract Tower,12,15,13,59,99,12,15,20,28,75,24,30,33,87,174,2,218,220,394
07/19/2014,SJT,TX,ASW,CE,Federal Contract Tower,6,3,16,0,25,6,3,44,0,53,12,6,60,0,78,62,2,64,142
07/20/2014,SJT,TX,ASW,CE,Federal Contract Tower,8,1,8,30,47,8,1,46,17,72,16,2,54,47,119,32,70,102,221
07/21/2014,SJT,TX,ASW,CE,Federal Contract Tower,8,5,13,34,60,8,9,45,21,83,16,14,58,55,143,60,152,212,355
07/22/2014,SJT,TX,ASW,CE,Federal Contract Tower,8,9,10,33,60,8,13,51,26,98,16,22,61,59,158,102,192,294,452
07/23/2014,SJT,TX,ASW,CE,Federal Contract Tower,10,12,15,68,105,10,18,73,30,131,20,30,88,98,236,110,262,372,608
07/24/2014,SJT,TX,ASW,CE,Federal Contract Tower,8,8,18,43,77,8,12,47,14,81,16,20,65,57,158,60,110,170,328
07/25/2014,SJT,TX,ASW,CE,Federal Contract Tower,12,7,17,30,66,11,14,59,14,98,23,21,76,44,164,12,66,78,242
07/26/2014,SJT,TX,ASW,CE,Federal Contract Tower,6,6,6,1,19,6,7,23,5,41,12,13,29,6,60,6,0,6,66
07/27/2014,SJT,TX,ASW,CE,Federal Contract Tower,8,0,11,37,56,8,0,29,18,55,16,0,40,55,111,12,70,82,193
07/28/2014,SJT,TX,ASW,CE,Federal Contract Tower,10,8,16,34,68,10,12,39,22,83,20,20,55,56,151,18,94,112,263
07/29/2014,SJT,TX,ASW,CE,Federal Contract Tower,8,11,11,30,60,8,14,49,17,88,16,25,60,47,148,14,168,182,330
07/30/2014,SJT,TX,ASW,CE,Federal Contract Tower,8,13,12,23,56,8,17,41,17,83,16,30,53,40,139,42,98,140,279
07/31/2014,SJT,TX,ASW,CE,Federal Contract Tower,9,9,18,21,57,9,12,37,11,69,18,21,55,32,126,10,84,94,220
08/01/2014,SJT,TX,ASW,CE,Federal Contract Tower,9,11,29,42,91,9,13,42,67,131,18,24,71,109,222,14,184,198,420
08/02/2014,SJT,TX,ASW,CE,Federal Contract Tower,6,2,10,6,24,6,3,60,14,83,12,5,70,20,107,48,10,58,165
08/03/2014,SJT,TX,ASW,CE,Federal Contract Tower,8,2,8,6,24,8,2,30,3,43,16,4,38,9,67,24,0,24,91
08/04/2014,SJT,TX,ASW,CE,Federal Contract Tower,8,4,8,28,48,8,8,35,16,67,16,12,43,44,115,22,118,140,255
08/05/2014,SJT,TX,ASW,CE,Federal Contract Tower,9,9,28,58,104,9,13,54,37,113,18,22,82,95,217,142,250,392,609
08/06/2014,SJT,TX,ASW,CE,Federal Contract Tower,8,11,21,40,80,8,17,70,17,112,16,28,91,57,192,112,70,182,374
08/07/2014,SJT,TX,ASW,CE,Federal Contract Tower,8,7,17,43,75,8,11,54,13,86,16,18,71,56,161,10,120,130,291
08/08/2014,SJT,TX,ASW,CE,Federal Contract Tower,8,9,8,36,61,8,16,53,21,98,16,25,61,57,159,30,116,146,305
08/09/2014,SJT,TX,ASW,CE,Federal Contract Tower,6,1,9,4,20,6,3,59,7,75,12,4,68,11,95,100,40,140,235
08/10/2014,SJT,TX,ASW,CE,Federal Contract Tower,11,0,13,30,54,11,0,36,14,61,22,0,49,44,115,8,120,128,243
08/11/2014,SJT,TX,ASW,CE,Federal Contract Tower,10,5,16,16,47,10,8,51,9,78,20,13,67,25,125,2,74,76,201
08/12/2014,SJT,TX,ASW,CE,Federal Contract Tower,8,9,17,33,67,8,13,44,25,90,16,22,61,58,157,28,66,94,251
08/13/2014,SJT,TX,ASW,CE,Federal Contract Tower,8,12,24,52,96,8,16,60,22,106,16,28,84,74,202,30,134,164,366
08/14/2014,SJT,TX,ASW,CE,Federal Contract Tower,8,10,21,48,87,8,14,49,14,85,16,24,70,62,172,60,116,176,348
08/15/2014,SJT,TX,ASW,CE,Federal Contract Tower,9,11,11,39,70,9,16,62,33,120,18,27,73,72,190,58,146,204,394
08/16/2014,SJT,TX,ASW,CE,Federal Contract Tower,6,2,6,0,14,6,5,39,0,50,12,7,45,0,64,32,0,32,96
08/17/2014,SJT,TX,ASW,CE,Federal Contract Tower,2,5,10,6,23,2,5,38,5,50,4,10,48,11,73,48,8,56,129
08/18/2014,SJT,TX,ASW,CE,Federal Contract Tower,8,5,14,22,49,8,6,21,10,45,16,11,35,32,94,10,32,42,136
08/19/2014,SJT,TX,ASW,CE,Federal Contract Tower,9,9,13,15,46,9,16,39,11,75,18,25,52,26,121,14,80,94,215
08/20/2014,SJT,TX,ASW,CE,Federal Contract Tower,11,12,13,76,112,9,17,52,29,107,20,29,65,105,219,30,232,262,481
08/21/2014,SJT,TX,ASW,CE,Federal Contract Tower,8,17,15,32,72,8,20,65,15,108,16,37,80,47,180,66,142,208,388
08/22/2014,SJT,TX,ASW,CE,Federal Contract Tower,8,10,18,35,71,9,22,59,24,114,17,32,77,59,185,10,164,174,359
08/23/2014,SJT,TX,ASW,CE,Federal Contract Tower,6,2,2,0,10,6,4,36,0,46,12,6,38,0,56,20,0,20,76
08/24/2014,SJT,TX,ASW,CE,Federal Contract Tower,8,4,2,25,39,8,4,38,12,62,16,8,40,37,101,68,56,124,225
08/25/2014,SJT,TX,ASW,CE,Federal Contract Tower,8,7,9,43,67,8,15,45,24,92,16,22,54,67,159,20,140,160,319
08/26/2014,SJT,TX,ASW,CE,Federal Contract Tower,9,8,30,35,82,9,14,55,14,92,18,22,85,49,174,54,136,190,364
08/27/2014,SJT,TX,ASW,CE,Federal Contract Tower,8,16,13,42,79,8,18,48,21,95,16,34,61,63,174,100,148,248,422
08/28/2014,SJT,TX,ASW,CE,Federal Contract Tower,11,24,18,59,112,9,30,47,30,116,20,54,65,89,228,16,274,290,518
08/29/2014,SJT,TX,ASW,CE,Federal Contract Tower,13,13,25,75,126,13,17,52,37,119,26,30,77,112,245,20,290,310,555
08/30/2014,SJT,TX,ASW,CE,Federal Contract Tower,7,3,7,0,17,7,7,37,6,57,14,10,44,6,74,10,10,20,94
08/31/2014,SJT,TX,ASW,CE,Federal Contract Tower,5,0,6,0,11,4,0,34,0,38,9,0,40,0,49,26,0,26,75
09/01/2014,SJT,TX,ASW,CE,Federal Contract Tower,8,2,18,0,28,8,4,53,0,65,16,6,71,0,93,4,0,4,97
09/02/2014,SJT,TX,ASW,CE,Federal Contract Tower,9,4,27,70,110,9,7,56,35,107,18,11,83,105,217,48,158,206,423
09/03/2014,SJT,TX,ASW,CE,Federal Contract Tower,7,12,14,62,95,7,16,49,34,106,14,28,63,96,201,40,228,268,469
09/04/2014,SJT,TX,ASW,CE,Federal Contract Tower,8,12,20,36,76,8,15,59,28,110,16,27,79,64,186,50,56,106,292
09/05/2014,SJT,TX,ASW,CE,Federal Contract Tower,11,15,18,47,91,11,20,42,20,93,22,35,60,67,184,26,136,162,346
09/06/2014,SJT,TX,ASW,CE,Federal Contract Tower,9,5,14,0,28,8,7,28,0,43,17,12,42,0,71,32,0,32,103
09/07/2014,SJT,TX,ASW,CE,Federal Contract Tower,9,1,22,60,92,9,3,42,31,85,18,4,64,91,177,26,110,136,313
09/08/2014,SJT,TX,ASW,CE,Federal Contract Tower,9,7,17,51,84,9,10,47,25,91,18,17,64,76,175,22,176,198,373
09/09/2014,SJT,TX,ASW,CE,Federal Contract Tower,8,9,8,33,58,8,14,53,18,93,16,23,61,51,151,30,118,148,299
09/10/2014,SJT,TX,ASW,CE,Federal Contract Tower,8,8,12,37,65,8,15,44,24,91,16,23,56,61,156,14,64,78,234
09/11/2014,SJT,TX,ASW,CE,Federal Contract Tower,9,15,17,46,87,9,20,40,26,95,18,35,57,72,182,12,136,148,330
09/12/2014,SJT,TX,ASW,CE,Federal Contract Tower,10,11,17,84,122,10,11,21,39,81,20,22,38,123,203,16,166,182,385
09/13/2014,SJT,TX,ASW,CE,Federal Contract Tower,6,10,16,11,43,6,10,26,8,50,12,20,42,19,93,18,12,30,123
09/14/2014,SJT,TX,ASW,CE,Federal Contract Tower,8,1,17,10,36,8,1,29,6,44,16,2,46,16,80,30,14,44,124
09/15/2014,SJT,TX,ASW,CE,Federal Contract Tower,9,9,19,50,87,9,11,37,22,79,18,20,56,72,166,36,98,134,300
09/16/2014,SJT,TX,ASW,CE,Federal Contract Tower,9,8,20,58,95,9,13,44,27,93,18,21,64,85,188,58,198,256,444
09/17/2014,SJT,TX,ASW,CE,Federal Contract Tower,11,15,21,65,112,11,19,46,40,116,22,34,67,105,228,10,270,280,508
09/18/2014,SJT,TX,ASW,CE,Federal Contract Tower,8,12,21,60,101,7,18,50,25,100,15,30,71,85,201,32,302,334,535
09/19/2014,SJT,TX,ASW,CE,Federal Contract Tower,9,10,27,43,89,9,9,21,20,59,18,19,48,63,148,26,78,104,252
09/20/2014,SJT,TX,ASW,CE,Federal Contract Tower,6,5,12,6,29,6,5,24,4,39,12,10,36,10,68,10,8,18,86
09/21/2014,SJT,TX,ASW,CE,Federal Contract Tower,9,4,11,29,53,9,4,21,14,48,18,8,32,43,101,4,94,98,199
09/22/2014,SJT,TX,ASW,CE,Federal Contract Tower,9,6,16,58,89,9,9,54,28,100,18,15,70,86,189,10,176,186,375
09/23/2014,SJT,TX,ASW,CE,Federal Contract Tower,8,10,12,48,78,8,30,42,22,102,16,40,54,70,180,44,120,164,344
09/24/2014,SJT,TX,ASW,CE,Federal Contract Tower,8,12,18,47,85,8,17,50,32,107,16,29,68,79,192,52,186,238,430
09/25/2014,SJT,TX,ASW,CE,Federal Contract Tower,9,11,24,33,77,9,15,51,20,95,18,26,75,53,172,72,68,140,312
09/26/2014,SJT,TX,ASW,CE,Federal Contract Tower,10,11,27,50,98,10,15,51,15,91,20,26,78,65,189,24,178,202,391
09/27/2014,SJT,TX,ASW,CE,Federal Contract Tower,6,2,8,1,17,6,3,25,7,41,12,5,33,8,58,94,14,108,166
09/28/2014,SJT,TX,ASW,CE,Federal Contract Tower,8,1,8,14,31,8,3,31,7,49,16,4,39,21,80,58,26,84,164
09/29/2014,SJT,TX,ASW,CE,Federal Contract Tower,8,9,11,68,96,8,14,63,24,109,16,23,74,92,205,10,168,178,383
09/30/2014,SJT,TX,ASW,CE,Federal Contract Tower,8,7,20,36,71,8,11,52,17,88,16,18,72,53,159,38,88,126,285
10/01/2014,SJT,TX,ASW,CE,Federal Contract Tower,9,9,20,28,66,9,12,28,14,63,18,21,48,42,129,52,68,120,249
10/02/2014,SJT,TX,ASW,CE,Federal Contract Tower,11,10,22,56,99,10,15,44,30,99,21,25,66,86,198,20,204,224,422
10/03/2014,SJT,TX,ASW,CE,Federal Contract Tower,8,7,16,23,54,8,11,71,10,100,16,18,87,33,154,44,48,92,246
10/04/2014,SJT,TX,ASW,CE,Federal Contract Tower,6,5,15,0,26,6,5,62,0,73,12,10,77,0,99,38,0,38,137
10/05/2014,SJT,TX,ASW,CE,Federal Contract Tower,8,3,16,2,29,8,3,52,3,66,16,6,68,5,95,26,6,32,127
10/06/2014,SJT,TX,ASW,CE,Federal Contract Tower,4,7,12,43,66,4,10,43,25,82,8,17,55,68,148,32,124,156,304
10/07/2014,SJT,TX,ASW,CE,Federal Contract Tower,8,10,21,57,96,8,16,62,21,107,16,26,83,78,203,20,122,142,345
10/08/2014,SJT,TX,ASW,CE,Federal Contract Tower,8,19,16,69,112,8,23,38,33,102,16,42,54,102,214,14,210,224,438
10/09/2014,SJT,TX,ASW,CE,Federal Contract Tower,8,21,21,45,95,8,23,43,27,101,16,44,64,72,196,12,112,124,320
10/10/2014,SJT,TX,ASW,CE,Federal Contract Tower,8,10,14,71,103,8,14,37,46,105,16,24,51,117,208,10,294,304,512
10/11/2014,SJT,TX,ASW,CE,Federal Contract Tower,6,3,9,0,18,6,5,14,4,29,12,8,23,4,47,6,0,6,53
10/12/2014,SJT,TX,ASW,CE,Federal Contract Tower,8,2,21,0,31,8,8,40,0,56,16,10,61,0,87,52,0,52,139
10/13/2014,SJT,TX,ASW,CE,Federal Contract Tower,11,6,18,2,37,11,11,31,1,54,22,17,49,3,91,42,2,44,135
10/14/2014,SJT,TX,ASW,CE,Federal Contract Tower,8,6,17,51,82,8,10,59,29,106,16,16,76,80,188,28,108,136,324
10/15/2014,SJT,TX,ASW,CE,Federal Contract Tower,8,9,10,45,72,8,12,60,22,102,16,21,70,67,174,40,122,162,336
10/16/2014,SJT,TX,ASW,CE,Federal Contract Tower,10,10,14,50,84,10,14,43,29,96,20,24,57,79,180,8,140,148,328
10/17/2014,SJT,TX,ASW,CE,Federal Contract Tower,11,15,33,23,82,11,19,60,18,108,22,34,93,41,190,20,148,168,358
10/18/2014,SJT,TX,ASW,CE,Federal Contract Tower,6,6,7,2,21,6,6,35,3,50,12,12,42,5,71,8,0,8,79
10/19/2014,SJT,TX,ASW,CE,Federal Contract Tower,8,2,15,9,34,8,2,29,5,44,16,4,44,14,78,22,36,58,136
10/20/2014,SJT,TX,ASW,CE,Federal Contract Tower,10,6,26,27,69,10,10,51,15,86,20,16,77,42,155,4,68,72,227
10/21/2014,SJT,TX,ASW,CE,Federal Contract Tower,8,12,14,24,58,0,0,0,10,10,8,12,14,34,68,38,44,82,150
10/22/2014,SJT,TX,ASW,CE,Federal Contract Tower,8,13,20,28,69,8,15,46,15,84,16,28,66,43,153,42,58,100,253
10/23/2014,SJT,TX,ASW,CE,Federal Contract Tower,8,18,39,29,94,8,21,69,17,115,16,39,108,46,209,24,140,164,373
10/24/2014,SJT,TX,ASW,CE,Federal Contract Tower,8,10,13,34,65,8,7,42,19,76,16,17,55,53,141,12,92,104,245
10/25/2014,SJT,TX,ASW,CE,Federal Contract Tower,7,2,6,1,16,7,4,39,2,52,14,6,45,3,68,20,0,20,88
10/26/2014,SJT,TX,ASW,CE,Federal Contract Tower,10,5,6,8,29,10,5,34,7,56,20,10,40,15,85,42,42,84,169
10/27/2014,SJT,TX,ASW,CE,Federal Contract Tower,8,6,16,49,79,8,12,30,20,70,16,18,46,69,149,28,200,228,377
10/28/2014,SJT,TX,ASW,CE,Federal Contract Tower,8,9,18,54,89,8,13,65,48,134,16,22,83,102,223,22,174,196,419
10/29/2014,SJT,TX,ASW,CE,Federal Contract Tower,8,10,12,47,77,8,14,31,18,71,16,24,43,65,148,14,170,184,332
10/30/2014,SJT,TX,ASW,CE,Federal Contract Tower,11,9,15,45,80,11,13,57,30,111,22,22,72,75,191,30,92,122,313
10/31/2014,SJT,TX,ASW,CE,Federal Contract Tower,8,8,21,0,37,8,11,52,0,71,16,19,73,0,108,12,0,12,120
11/01/2014,SJT,TX,ASW,CE,Federal Contract Tower,9,5,6,0,20,9,7,29,2,47,18,12,35,2,67,60,8,68,135
11/02/2014,SJT,TX,ASW,CE,Federal Contract Tower,8,1,13,5,27,8,1,20,2,31,16,2,33,7,58,0,8,8,66
11/03/2014,SJT,TX,ASW,CE,Federal Contract Tower,8,6,15,8,37,8,8,20,4,40,16,14,35,12,77,8,8,16,93
11/04/2014,SJT,TX,ASW,CE,Federal Contract Tower,8,12,8,7,35,8,12,8,2,30,16,24,16,9,65,0,12,12,77
11/05/2014,SJT,TX,ASW,CE,Federal Contract Tower,8,20,25,46,99,8,20,26,8,62,16,40,51,54,161,0,94,94,255
11/06/2014,SJT,TX,ASW,CE,Federal Contract Tower,8,7,17,56,88,8,12,48,45,113,16,19,65,101,201,17,244,261,462
11/07/2014,SJT,TX,ASW,CE,Federal Contract Tower,8,12,28,32,80,8,19,61,17,105,16,31,89,49,185,40,66,106,291
11/08/2014,SJT,TX,ASW,CE,Federal Contract Tower,6,2,11,3,22,6,5,27,2,40,12,7,38,5,62,50,8,58,120
11/09/2014,SJT,TX,ASW,CE,Federal Contract Tower,8,3,14,0,25,8,3,48,0,59,16,6,62,0,84,70,0,70,154
11/10/2014,SJT,TX,ASW,CE,Federal Contract Tower,8,2,19,57,86,8,5,42,17,72,16,7,61,74,158,42,212,254,412
11/11/2014,SJT,TX,ASW,CE,Federal Contract Tower,10,9,19,0,38,10,9,56,0,75,20,18,75,0,113,64,0,64,177
11/12/2014,SJT,TX,ASW,CE,Federal Contract Tower,8,9,31,28,76,8,14,51,18,91,16,23,82,46,167,44,96,140,307
11/13/2014,SJT,TX,ASW,CE,Federal Contract Tower,15,9,32,86,142,15,23,52,47,137,30,32,84,133,279,46,314,360,639
11/14/2014,SJT,TX,ASW,CE,Federal Contract Tower,8,12,24,38,82,8,22,45,27,102,16,34,69,65,184,22,90,112,296
11/15/2014,SJT,TX,ASW,CE,Federal Contract Tower,8,4,17,1,30,8,4,43,1,56,16,8,60,2,86,20,0,20,106
11/16/2014,SJT,TX,ASW,CE,Federal Contract Tower,7,3,19,23,52,7,3,14,11,35,14,6,33,34,87,14,32,46,133
11/17/2014,SJT,TX,ASW,CE,Federal Contract Tower,7,6,22,75,110,7,12,50,37,106,14,18,72,112,216,26,208,234,450
11/18/2014,SJT,TX,ASW,CE,Federal Contract Tower,9,9,23,41,82,9,12,44,23,88,18,21,67,64,170,34,124,158,328
11/19/2014,SJT,TX,ASW,CE,Federal Contract Tower,9,11,25,57,102,9,15,57,26,107,18,26,82,83,209,44,182,226,435
11/20/2014,SJT,TX,ASW,CE,Federal Contract Tower,8,13,31,40,92,8,18,57,21,104,16,31,88,61,196,62,84,146,342
11/21/2014,SJT,TX,ASW,CE,Federal Contract Tower,8,12,16,18,54,8,13,33,12,66,16,25,49,30,120,36,160,196,316
11/22/2014,SJT,TX,ASW,CE,Federal Contract Tower,6,3,4,0,13,6,3,7,0,16,12,6,11,0,29,0,0,0,29
11/23/2014,SJT,TX,ASW,CE,Federal Contract Tower,7,2,18,4,31,7,2,39,2,50,14,4,57,6,81,50,6,56,137
11/24/2014,SJT,TX,ASW,CE,Federal Contract Tower,4,12,75,0,91,7,7,47,37,98,11,19,122,37,189,72,218,290,479
11/25/2014,SJT,TX,ASW,CE,Federal Contract Tower,8,9,11,51,79,8,13,48,18,87,16,22,59,69,166,14,114,128,294
11/26/2014,SJT,TX,ASW,CE,Federal Contract Tower,6,8,23,67,104,6,12,58,30,106,12,20,81,97,210,52,234,286,496
11/27/2014,SJT,TX,ASW,CE,Federal Contract Tower,7,4,4,0,15,7,4,21,0,32,14,8,25,0,47,38,0,38,85
11/28/2014,SJT,TX,ASW,CE,Federal Contract Tower,8,12,12,0,32,8,14,36,1,59,16,26,48,1,91,34,0,34,125
11/29/2014,SJT,TX,ASW,CE,Federal Contract Tower,12,4,11,0,27,12,6,51,0,69,24,10,62,0,96,52,0,52,148
11/30/2014,SJT,TX,ASW,CE,Federal Contract Tower,8,8,16,0,32,8,8,46,0,62,16,16,62,0,94,30,0,30,124
12/01/2014,SJT,TX,ASW,CE,Federal Contract Tower,8,4,14,93,119,8,8,23,33,72,16,12,37,126,191,48,286,334,525
12/02/2014,SJT,TX,ASW,CE,Federal Contract Tower,12,12,31,73,128,12,14,55,31,112,24,26,86,104,240,36,160,196,436
12/03/2014,SJT,TX,ASW,CE,Federal Contract Tower,8,18,54,55,135,8,20,40,21,89,16,38,94,76,224,16,194,210,434
12/04/2014,SJT,TX,ASW,CE,Federal Contract Tower,8,10,30,58,106,8,11,35,32,86,16,21,65,90,192,20,138,158,350
12/05/2014,SJT,TX,ASW,CE,Federal Contract Tower,10,11,28,70,119,9,13,54,29,105,19,24,82,99,224,18,326,344,568
12/06/2014,SJT,TX,ASW,CE,Federal Contract Tower,6,9,15,0,30,6,11,41,0,58,12,20,56,0,88,18,0,18,106
12/07/2014,SJT,TX,ASW,CE,Federal Contract Tower,8,1,24,5,38,8,1,33,5,47,16,2,57,10,85,22,8,30,115
12/08/2014,SJT,TX,ASW,CE,Federal Contract Tower,9,4,24,43,80,9,7,41,26,83,18,11,65,69,163,62,200,262,425
12/09/2014,SJT,TX,ASW,CE,Federal Contract Tower,4,10,28,90,132,4,12,63,36,115,8,22,91,126,247,34,208,242,489
12/10/2014,SJT,TX,ASW,CE,Federal Contract Tower,10,15,39,33,97,10,16,51,17,94,20,31,90,50,191,24,96,120,311
12/11/2014,SJT,TX,ASW,CE,Federal Contract Tower,8,15,44,86,153,8,15,53,41,117,16,30,97,127,270,32,296,328,598
12/12/2014,SJT,TX,ASW,CE,Federal Contract Tower,8,11,25,33,77,8,13,43,22,86,16,24,68,55,163,32,74,106,269
12/13/2014,SJT,TX,ASW,CE,Federal Contract Tower,6,9,19,0,34,6,9,42,2,59,12,18,61,2,93,48,0,48,141
12/14/2014,SJT,TX,ASW,CE,Federal Contract Tower,8,4,17,4,33,8,4,36,2,50,16,8,53,6,83,56,16,72,155
12/15/2014,SJT,TX,ASW,CE,Federal Contract Tower,8,7,14,49,78,8,11,58,23,100,16,18,72,72,178,34,132,166,344
12/16/2014,SJT,TX,ASW,CE,Federal Contract Tower,10,10,11,26,57,10,14,33,22,79,20,24,44,48,136,14,34,48,184
12/17/2014,SJT,TX,ASW,CE,Federal Contract Tower,8,26,34,44,112,8,28,35,18,89,16,54,69,62,201,10,162,172,373
12/18/2014,SJT,TX,ASW,CE,Federal Contract Tower,8,22,22,67,119,8,16,36,34,94,16,38,58,101,213,32,150,182,395
12/19/2014,SJT,TX,ASW,CE,Federal Contract Tower,8,17,27,52,104,8,17,37,25,87,16,34,64,77,191,44,186,230,421
12/20/2014,SJT,TX,ASW,CE,Federal Contract Tower,8,9,18,2,37,8,10,40,2,60,16,19,58,4,97,42,0,42,139
12/21/2014,SJT,TX,ASW,CE,Federal Contract Tower,8,4,16,0,28,8,4,40,6,58,16,8,56,6,86,6,0,6,92
12/22/2014,SJT,TX,ASW,CE,Federal Contract Tower,8,4,14,20,46,8,8,45,19,80,16,12,59,39,126,44,90,134,260
12/23/2014,SJT,TX,ASW,CE,Federal Contract Tower,6,9,15,31,61,6,14,26,5,51,12,23,41,36,112,24,50,74,186
12/24/2014,SJT,TX,ASW,CE,Federal Contract Tower,4,12,12,0,28,4,15,35,0,54,8,27,47,0,82,16,0,16,98
12/25/2014,SJT,TX,ASW,CE,Federal Contract Tower,6,0,1,0,7,6,0,11,0,17,12,0,12,0,24,0,0,0,24
12/26/2014,SJT,TX,ASW,CE,Federal Contract Tower,7,10,8,0,25,7,14,44,0,65,14,24,52,0,90,50,0,50,140
12/27/2014,SJT,TX,ASW,CE,Federal Contract Tower,8,9,15,0,32,8,9,23,0,40,16,18,38,0,72,26,0,26,98
12/28/2014,SJT,TX,ASW,CE,Federal Contract Tower,10,1,9,0,20,10,1,20,0,31,20,2,29,0,51,2,0,2,53
12/29/2014,SJT,TX,ASW,CE,Federal Contract Tower,8,6,13,5,32,8,10,49,5,72,16,16,62,10,104,84,0,84,188
12/30/2014,SJT,TX,ASW,CE,Federal Contract Tower,9,10,15,2,36,9,10,15,1,35,18,20,30,3,71,2,4,6,77
12/31/2014,SJT,TX,ASW,CE,Federal Contract Tower,0,0,0,0,0,0,0,0,0,0,0,0,0,0,0,0,0,0,0
01/01/2015,SJT,TX,ASW,CE,Federal Contract Tower,0,0,4,0,4,0,0,0,0,0,0,0,4,0,4,0,0,0,4
01/02/2015,SJT,TX,ASW,CE,Federal Contract Tower,6,11,7,0,24,6,11,7,0,24,12,22,14,0,48,0,0,0,48
01/03/2015,SJT,TX,ASW,CE,Federal Contract Tower,7,10,9,2,28,7,10,18,2,37,14,20,27,4,65,20,0,20,85
01/04/2015,SJT,TX,ASW,CE,Federal Contract Tower,6,3,8,0,17,6,3,25,2,36,12,6,33,2,53,18,0,18,71
01/05/2015,SJT,TX,ASW,CE,Federal Contract Tower,6,6,21,22,55,6,11,55,16,88,12,17,76,38,143,26,126,152,295
01/06/2015,SJT,TX,ASW,CE,Federal Contract Tower,9,9,7,54,79,9,15,53,20,97,18,24,60,74,176,36,208,244,420
01/07/2015,SJT,TX,ASW,CE,Federal Contract Tower,8,11,8,56,83,8,14,29,34,85,16,25,37,90,168,24,220,244,412
01/08/2015,SJT,TX,ASW,CE,Federal Contract Tower,8,9,22,32,71,8,11,57,21,97,16,20,79,53,168,32,84,116,284
01/09/2015,SJT,TX,ASW,CE,Federal Contract Tower,8,11,13,56,88,8,15,21,27,71,16,26,34,83,159,8,220,228,387
01/10/2015,SJT,TX,ASW,CE,Federal Contract Tower,6,6,5,0,17,6,6,6,2,20,12,12,11,2,37,0,0,0,37
01/11/2015,SJT,TX,ASW,CE,Federal Contract Tower,8,3,12,16,39,8,3,28,6,45,16,6,40,22,84,42,46,88,172
01/12/2015,SJT,TX,ASW,CE,Federal Contract Tower,9,7,10,13,39,9,7,10,3,29,18,14,20,16,68,0,20,20,88
01/13/2015,SJT,TX,ASW,CE,Federal Contract Tower,8,4,11,36,59,8,6,15,11,40,16,10,26,47,99,10,88,98,197
01/14/2015,SJT,TX,ASW,CE,Federal Contract Tower,8,9,20,121,158,6,11,22,50,89,14,20,42,171,247,16,458,474,721
01/15/2015,SJT,TX,ASW,CE,Federal Contract Tower,8,9,19,23,59,8,13,54,19,94,16,22,73,42,153,64,98,162,315
01/16/2015,SJT,TX,ASW,CE,Federal Contract Tower,8,10,22,52,92,8,16,56,21,101,16,26,78,73,193,64,128,192,385
01/17/2015,SJT,TX,ASW,CE,Federal Contract Tower,6,4,7,2,19,6,4,24,2,36,12,8,31,4,55,10,4,14,69
01/18/2015,SJT,TX,ASW,CE,Federal Contract Tower,10,2,9,0,21,10,2,40,0,52,20,4,49,0,73,30,0,30,103
01/19/2015,SJT,TX,ASW,CE,Federal Contract Tower,11,6,20,0,37,11,6,60,0,77,22,12,80,0,114,18,0,18,132
01/20/2015,SJT,TX,ASW,CE,Federal Contract Tower,8,7,12,74,101,8,13,29,33,83,16,20,41,107,184,18,234,252,436
01/21/2015,SJT,TX,ASW,CE,Federal Contract Tower,11,13,19,35,78,11,17,23,11,62,22,30,42,46,140,10,74,84,224
01/22/2015,SJT,TX,ASW,CE,Federal Contract Tower,8,8,15,3,34,7,3,11,1,22,15,11,26,4,56,0,8,8,64
01/23/2015,SJT,TX,ASW,CE,Federal Contract Tower,10,8,13,15,46,10,8,26,11,55,20,16,39,26,101,20,22,42,143
01/24/2015,SJT,TX,ASW,CE,Federal Contract Tower,6,8,10,2,26,6,9,33,1,49,12,17,43,3,75,6,4,10,85
01/25/2015,SJT,TX,ASW,CE,Federal Contract Tower,8,5,3,4,20,8,7,36,3,54,16,12,39,7,74,8,6,14,88
01/26/2015,SJT,TX,ASW,CE,Federal Contract Tower,8,4,5,67,84,8,8,23,38,77,16,12,28,105,161,2,134,136,297
01/27/2015,SJT,TX,ASW,CE,Federal Contract Tower,8,9,16,53,86,8,13,51,25,97,16,22,67,78,183,12,144,156,339
01/28/2015,SJT,TX,ASW,CE,Federal Contract Tower,9,12,15,73,109,9,18,44,24,95,18,30,59,97,204,14,188,202,406
01/29/2015,SJT,TX,ASW,CE,Federal Contract Tower,8,16,27,49,100,8,27,52,31,118,16,43,79,80,218,6,124,130,348
01/30/2015,SJT,TX,ASW,CE,Federal Contract Tower,9,7,23,23,62,9,11,36,24,80,18,18,59,47,142,2,48,50,192
01/31/2015,SJT,TX,ASW,CE,Federal Contract Tower,6,6,12,21,45,6,6,10,9,31,12,12,22,30,76,4,34,38,114
02/01/2015,SJT,TX,ASW,CE,Federal Contract Tower,8,2,9,27,46,8,3,14,17,42,16,5,23,44,88,2,74,76,164
02/02/2015,SJT,TX,ASW,CE,Federal Contract Tower,6,2,10,39,57,6,6,34,18,64,12,8,44,57,121,4,138,142,263
02/03/2015,SJT,TX,ASW,CE,Federal Contract Tower,9,9,17,89,124,9,13,46,31,99,18,22,63,120,223,32,222,254,477
02/04/2015,SJT,TX,ASW,CE,Federal Contract Tower,8,19,25,70,122,8,19,41,24,92,16,38,66,94,214,40,146,186,400
02/05/2015,SJT,TX,ASW,CE,Federal Contract Tower,6,9,26,33,74,6,13,33,16,68,12,22,59,49,142,38,64,102,244
02/06/2015,SJT,TX,ASW,CE,Federal Contract Tower,8,9,20,41,78,8,11,59,27,105,16,20,79,68,183,46,104,150,333
02/07/2015,SJT,TX,ASW,CE,Federal Contract Tower,6,4,8,19,37,6,4,33,12,55,12,8,41,31,92,48,40,88,180
02/08/2015,SJT,TX,ASW,CE,Federal Contract Tower,10,4,11,37,62,9,4,41,18,72,19,8,52,55,134,84,88,172,306
02/09/2015,SJT,TX,ASW,CE,Federal Contract Tower,8,5,17,55,85,8,9,56,24,97,16,14,73,79,182,78,162,240,422
02/10/2015,SJT,TX,ASW,CE,Federal Contract Tower,8,9,20,63,100,8,13,75,19,115,16,22,95,82,215,36,178,214,429
02/11/2015,SJT,TX,ASW,CE,Federal Contract Tower,9,10,13,100,132,9,14,46,48,117,18,24,59,148,249,42,368,410,659
02/12/2015,SJT,TX,ASW,CE,Federal Contract Tower,8,8,19,88,123,8,12,67,49,136,16,20,86,137,259,42,326,368,627
02/13/2015,SJT,TX,ASW,CE,Federal Contract Tower,8,11,12,40,71,8,14,60,27,109,16,25,72,67,180,2,164,166,346
02/14/2015,SJT,TX,ASW,CE,Federal Contract Tower,6,4,8,3,21,6,6,59,8,79,12,10,67,11,100,86,6,92,192
02/15/2015,SJT,TX,ASW,CE,Federal Contract Tower,8,2,11,23,44,8,2,37,13,60,16,4,48,36,104,74,78,152,256
02/16/2015,SJT,TX,ASW,CE,Federal Contract Tower,8,6,10,2,26,8,8,19,1,36,16,14,29,3,62,24,4,28,90
02/17/2015,SJT,TX,ASW,CE,Federal Contract Tower,9,10,13,39,71,9,14,42,26,91,18,24,55,65,162,46,124,170,332
02/19/2015,SJT,TX,ASW,CE,Federal Contract Tower,7,11,17,66,101,7,11,43,46,107,14,22,60,112,208,12,174,186,394
02/20/2015,SJT,TX,ASW,CE,Federal Contract Tower,8,10,16,94,128,8,10,43,42,103,16,20,59,136,231,24,222,246,477
02/21/2015,SJT,TX,ASW,CE,Federal Contract Tower,6,3,9,8,26,6,5,30,5,46,12,8,39,13,72,18,18,36,108
02/22/2015,SJT,TX,ASW,CE,Federal Contract Tower,6,3,8,0,17,6,3,8,0,17,12,6,16,0,34,0,0,0,34
02/23/2015,SJT,TX,ASW,CE,Federal Contract Tower,2,2,2,6,12,2,2,2,2,8,4,4,4,8,20,0,12,12,32
02/24/2015,SJT,TX,ASW,CE,Federal Contract Tower,3,7,10,40,60,3,7,14,20,44,6,14,24,60,104,22,66,88,192
02/25/2015,SJT,TX,ASW,CE,Federal Contract Tower,5,11,19,69,104,5,10,53,36,104,10,21,72,105,208,26,206,232,440
02/26/2015,SJT,TX,ASW,CE,Federal Contract Tower,8,11,17,52,88,8,11,24,20,63,16,22,41,72,151,16,90,106,257
02/27/2015,SJT,TX,ASW,CE,Federal Contract Tower,0,0,2,1,3,0,0,2,1,3,0,0,4,2,6,0,0,0,6
02/28/2015,SJT,TX,ASW,CE,Federal Contract Tower,0,1,4,0,5,0,1,4,0,5,0,2,8,0,10,0,0,0,10
03/01/2015,SJT,TX,ASW,CE,Federal Contract Tower,4,0,6,0,10,4,0,6,0,10,8,0,12,0,20,0,0,0,20
03/02/2015,SJT,TX,ASW,CE,Federal Contract Tower,11,2,9,50,72,11,2,9,8,30,22,4,18,58,102,0,102,102,204
03/03/2015,SJT,TX,ASW,CE,Federal Contract Tower,8,9,16,48,81,9,11,39,28,87,17,20,55,76,168,8,152,160,328
03/04/2015,SJT,TX,ASW,CE,Federal Contract Tower,5,8,7,52,72,5,8,14,24,51,10,16,21,76,123,30,154,184,307
03/05/2015,SJT,TX,ASW,CE,Federal Contract Tower,0,4,9,98,111,0,4,59,64,127,0,8,68,162,238,14,220,234,472
03/06/2015,SJT,TX,ASW,CE,Federal Contract Tower,6,12,12,30,60,6,14,57,24,101,12,26,69,54,161,12,54,66,227
03/07/2015,SJT,TX,ASW,CE,Federal Contract Tower,9,4,5,3,21,9,4,46,5,64,18,8,51,8,85,66,4,70,155
03/08/2015,SJT,TX,ASW,CE,Federal Contract Tower,8,2,9,14,33,8,2,22,8,40,16,4,31,22,73,58,42,100,173
03/09/2015,SJT,TX,ASW,CE,Federal Contract Tower,8,6,5,10,29,8,6,5,2,21,16,12,10,12,50,0,18,18,68
03/10/2015,SJT,TX,ASW,CE,Federal Contract Tower,8,8,16,83,115,8,12,64,50,134,16,20,80,133,249,44,194,238,487
03/11/2015,SJT,TX,ASW,CE,Federal Contract Tower,8,15,17,61,101,8,15,37,21,81,16,30,54,82,182,8,198,206,388
03/12/2015,SJT,TX,ASW,CE,Federal Contract Tower,8,9,20,73,110,8,11,45,40,104,16,20,65,113,214,20,378,398,612
03/13/2015,SJT,TX,ASW,CE,Federal Contract Tower,10,11,16,72,109,10,11,83,39,143,20,22,99,111,252,6,292,298,550
03/14/2015,SJT,TX,ASW,CE,Federal Contract Tower,8,5,6,4,23,8,5,26,2,41,16,10,32,6,64,22,8,30,94
03/15/2015,SJT,TX,ASW,CE,Federal Contract Tower,10,2,10,2,24,10,2,48,4,64,20,4,58,6,88,48,8,56,144
03/16/2015,SJT,TX,ASW,CE,Federal Contract Tower,8,4,14,61,87,8,6,47,30,91,16,10,61,91,178,20,180,200,378
03/17/2015,SJT,TX,ASW,CE,Federal Contract Tower,8,9,19,25,61,8,9,19,16,52,16,18,38,41,113,2,30,32,145
03/18/2015,SJT,TX,ASW,CE,Federal Contract Tower,8,11,7,22,48,8,11,20,19,58,16,22,27,41,106,12,24,36,142
03/19/2015,SJT,TX,ASW,CE,Federal Contract Tower,8,13,14,35,70,8,13,31,21,73,16,26,45,56,143,8,160,168,311
03/20/2015,SJT,TX,ASW,CE,Federal Contract Tower,8,10,6,2,26,8,10,6,2,26,16,20,12,4,52,0,2,2,54
03/21/2015,SJT,TX,ASW,CE,Federal Contract Tower,8,5,10,0,23,8,5,11,0,24,16,10,21,0,47,0,0,0,47
03/22/2015,SJT,TX,ASW,CE,Federal Contract Tower,9,1,16,12,38,9,2,32,9,52,18,3,48,21,90,20,30,50,140
03/23/2015,SJT,TX,ASW,CE,Federal Contract Tower,8,4,13,50,75,8,7,50,33,98,16,11,63,83,173,52,180,232,405
03/24/2015,SJT,TX,ASW,CE,Federal Contract Tower,8,8,21,55,92,8,8,56,28,100,16,16,77,83,192,32,160,192,384
03/25/2015,SJT,TX,ASW,CE,Federal Contract Tower,10,8,12,61,91,10,8,35,27,80,20,16,47,88,171,4,246,250,421
03/26/2015,SJT,TX,ASW,CE,Federal Contract Tower,11,17,28,57,113,11,21,43,24,99,22,38,71,81,212,2,168,170,382
03/27/2015,SJT,TX,ASW,CE,Federal Contract Tower,8,6,17,28,59,8,8,50,17,83,16,14,67,45,142,20,62,82,224
03/28/2015,SJT,TX,ASW,CE,Federal Contract Tower,8,5,9,10,32,8,15,33,3,59,16,20,42,13,91,22,16,38,129
03/29/2015,SJT,TX,ASW,CE,Federal Contract Tower,10,4,7,14,35,10,4,48,7,69,20,8,55,21,104,70,22,92,196
03/30/2015,SJT,TX,ASW,CE,Federal Contract Tower,8,4,16,60,88,8,4,38,24,74,16,8,54,84,162,44,192,236,398
03/31/2015,SJT,TX,ASW,CE,Federal Contract Tower,8,7,22,76,113,8,7,38,31,84,16,14,60,107,197,42,342,384,581
04/01/2015,SJT,TX,ASW,CE,Federal Contract Tower,8,11,17,39,75,8,13,51,19,91,16,24,68,58,166,22,194,216,382
04/02/2015,SJT,TX,ASW,CE,Federal Contract Tower,8,7,30,60,105,8,7,58,28,101,16,14,88,88,206,14,158,172,378
04/03/2015,SJT,TX,ASW,CE,Federal Contract Tower,8,11,22,74,115,8,10,37,37,92,16,21,59,111,207,16,176,192,399
04/04/2015,SJT,TX,ASW,CE,Federal Contract Tower,8,5,9,0,22,8,5,33,0,46,16,10,42,0,68,32,0,32,100
04/05/2015,SJT,TX,ASW,CE,Federal Contract Tower,8,0,5,7,20,8,0,17,6,31,16,0,22,13,51,16,18,34,85
04/06/2015,SJT,TX,ASW,CE,Federal Contract Tower,8,4,31,45,88,8,4,49,20,81,16,8,80,65,169,152,106,258,427
04/07/2015,SJT,TX,ASW,CE,Federal Contract Tower,8,6,21,33,68,8,6,43,14,71,16,12,64,47,139,22,104,126,265
04/08/2015,SJT,TX,ASW,CE,Federal Contract Tower,8,6,17,57,88,8,6,28,20,62,16,12,45,77,150,28,128,156,306
04/09/2015,SJT,TX,ASW,CE,Federal Contract Tower,8,9,21,41,79,8,11,51,28,98,16,20,72,69,177,76,156,232,409
04/10/2015,SJT,TX,ASW,CE,Federal Contract Tower,10,11,16,57,94,10,22,45,30,107,20,33,61,87,201,4,118,122,323
04/11/2015,SJT,TX,ASW,CE,Federal Contract Tower,9,8,2,1,20,9,8,26,2,45,18,16,28,3,65,44,0,44,109
04/12/2015,SJT,TX,ASW,CE,Federal Contract Tower,8,2,17,10,37,8,2,34,9,53,16,4,51,19,90,58,60,118,208
04/13/2015,SJT,TX,ASW,CE,Federal Contract Tower,6,10,11,63,90,6,10,35,33,84,12,20,46,96,174,46,260,306,480
04/14/2015,SJT,TX,ASW,CE,Federal Contract Tower,7,8,26,68,109,7,8,40,31,86,14,16,66,99,195,30,164,194,389
04/15/2015,SJT,TX,ASW,CE,Federal Contract Tower,12,9,30,58,109,10,11,60,37,118,22,20,90,95,227,80,214,294,521
04/16/2015,SJT,TX,ASW,CE,Federal Contract Tower,8,7,21,39,75,8,8,36,26,78,16,15,57,65,153,0,76,76,229
04/17/2015,SJT,TX,ASW,CE,Federal Contract Tower,7,12,12,9,40,7,12,30,8,57,14,24,42,17,97,30,16,46,143
04/18/2015,SJT,TX,ASW,CE,Federal Contract Tower,8,6,12,35,61,8,6,36,28,78,16,12,48,63,139,32,60,92,231
04/19/2015,SJT,TX,ASW,CE,Federal Contract Tower,8,0,10,14,32,8,2,50,37,97,16,2,60,51,129,66,38,104,233
04/20/2015,SJT,TX,ASW,CE,Federal Contract Tower,8,4,14,63,89,8,6,54,30,98,16,10,68,93,187,42,298,340,527
04/21/2015,SJT,TX,ASW,CE,Federal Contract Tower,6,10,16,59,91,6,12,50,46,114,12,22,66,105,205,10,266,276,481
04/22/2015,SJT,TX,ASW,CE,Federal Contract Tower,8,7,19,63,97,8,11,35,28,82,16,18,54,91,179,12,166,178,357
04/23/2015,SJT,TX,ASW,CE,Federal Contract Tower,8,8,25,23,64,8,8,54,21,91,16,16,79,44,155,48,94,142,297
04/24/2015,SJT,TX,ASW,CE,Federal Contract Tower,4,12,19,84,119,4,12,39,39,94,8,24,58,123,213,28,292,320,533
04/25/2015,SJT,TX,ASW,CE,Federal Contract Tower,7,2,8,0,17,7,4,52,1,64,14,6,60,1,81,14,0,14,95
04/26/2015,SJT,TX,ASW,CE,Federal Contract Tower,8,2,17,23,50,8,2,35,15,60,16,4,52,38,110,40,60,100,210
04/27/2015,SJT,TX,ASW,CE,Federal Contract Tower,7,14,17,52,90,7,14,36,22,79,14,28,53,74,169,20,138,158,327
04/28/2015,SJT,TX,ASW,CE,Federal Contract Tower,8,9,19,49,85,8,11,23,21,63,16,20,42,70,148,52,92,144,292
04/29/2015,SJT,TX,ASW,CE,Federal Contract Tower,9,9,18,22,58,9,9,58,12,88,18,18,76,34,146,48,36,84,230
04/30/2015,SJT,TX,ASW,CE,Federal Contract Tower,8,20,21,29,78,8,14,57,9,88,16,34,78,38,166,32,62,94,260
05/01/2015,SJT,TX,ASW,CE,Federal Contract Tower,8,10,19,52,89,8,10,62,22,102,16,20,81,74,191,52,153,205,396
05/02/2015,SJT,TX,ASW,CE,Federal Contract Tower,8,8,10,0,26,8,8,48,0,64,16,16,58,0,90,22,0,22,112
05/03/2015,SJT,TX,ASW,CE,Federal Contract Tower,10,5,9,22,46,10,14,31,8,63,20,19,40,30,109,4,56,60,169
05/04/2015,SJT,TX,ASW,CE,Federal Contract Tower,11,10,13,41,75,11,10,28,12,61,22,20,41,53,136,14,138,152,288
05/05/2015,SJT,TX,ASW,CE,Federal Contract Tower,9,9,9,39,66,9,9,22,23,63,18,18,31,62,129,0,134,134,263
05/06/2015,SJT,TX,ASW,CE,Federal Contract Tower,8,12,19,66,105,8,16,41,22,87,16,28,60,88,192,24,268,292,484
05/07/2015,SJT,TX,ASW,CE,Federal Contract Tower,11,11,20,50,92,11,11,40,34,96,22,22,60,84,188,20,188,208,396
05/08/2015,SJT,TX,ASW,CE,Federal Contract Tower,11,13,25,32,81,11,16,47,22,96,22,29,72,54,177,36,76,112,289
05/09/2015,SJT,TX,ASW,CE,Federal Contract Tower,8,7,11,6,32,8,7,25,7,47,16,14,36,13,79,20,22,42,121
05/10/2015,SJT,TX,ASW,CE,Federal Contract Tower,3,0,7,2,12,3,2,18,2,25,6,2,25,4,37,26,42,68,105
05/11/2015,SJT,TX,ASW,CE,Federal Contract Tower,8,3,26,49,86,8,3,38,54,103,16,6,64,103,189,66,76,142,331
05/12/2015,SJT,TX,ASW,CE,Federal Contract Tower,10,8,29,50,97,10,8,25,47,90,20,16,54,97,187,20,42,62,249
05/13/2015,SJT,TX,ASW,CE,Federal Contract Tower,8,6,9,7,30,8,6,16,6,36,16,12,25,13,66,0,8,8,74
05/14/2015,SJT,TX,ASW,CE,Federal Contract Tower,8,8,30,48,94,8,10,55,25,98,16,18,85,73,192,82,176,258,450
05/15/2015,SJT,TX,ASW,CE,Federal Contract Tower,8,13,20,35,76,8,15,43,19,85,16,28,63,54,161,56,142,198,359
05/16/2015,SJT,TX,ASW,CE,Federal Contract Tower,9,16,17,0,42,9,12,32,0,53,18,28,49,0,95,142,0,142,237
05/17/2015,SJT,TX,ASW,CE,Federal Contract Tower,8,5,9,7,29,8,9,40,3,60,16,14,49,10,89,92,8,100,189
05/18/2015,SJT,TX,ASW,CE,Federal Contract Tower,8,6,12,65,91,8,6,40,30,84,16,12,52,95,175,6,216,222,397
05/19/2015,SJT,TX,ASW,CE,Federal Contract Tower,10,8,12,11,41,9,10,32,4,55,19,18,44,15,96,16,14,30,126
05/20/2015,SJT,TX,ASW,CE,Federal Contract Tower,8,9,13,68,98,8,13,25,35,81,16,22,38,103,179,2,218,220,399
05/21/2015,SJT,TX,ASW,CE,Federal Contract Tower,10,11,22,32,75,10,11,28,6,55,20,22,50,38,130,22,60,82,212
05/22/2015,SJT,TX,ASW,CE,Federal Contract Tower,8,10,18,1,37,8,10,18,4,40,16,20,36,5,77,2,0,2,79
05/23/2015,SJT,TX,ASW,CE,Federal Contract Tower,6,3,7,0,16,6,3,11,0,20,12,6,18,0,36,0,0,0,36
05/24/2015,SJT,TX,ASW,CE,Federal Contract Tower,9,4,4,0,17,9,5,15,0,29,18,9,19,0,46,24,0,24,70
05/25/2015,SJT,TX,ASW,CE,Federal Contract Tower,7,0,6,0,13,7,1,25,0,33,14,1,31,0,46,50,0,50,96
05/26/2015,SJT,TX,ASW,CE,Federal Contract Tower,10,7,23,27,67,10,7,37,14,68,20,14,60,41,135,2,68,70,205
05/27/2015,SJT,TX,ASW,CE,Federal Contract Tower,6,9,29,24,68,6,9,49,15,79,12,18,78,39,147,48,28,76,223
05/28/2015,SJT,TX,ASW,CE,Federal Contract Tower,8,9,17,22,56,8,9,39,6,62,16,18,56,28,118,10,34,44,162
05/29/2015,SJT,TX,ASW,CE,Federal Contract Tower,10,8,8,46,72,10,11,41,20,82,20,19,49,66,154,4,164,168,322
05/30/2015,SJT,TX,ASW,CE,Federal Contract Tower,9,3,7,0,19,9,4,16,0,29,18,7,23,0,48,14,0,14,62
05/31/2015,SJT,TX,ASW,CE,Federal Contract Tower,8,0,7,19,34,8,1,38,12,59,16,1,45,31,93,70,70,140,233
06/01/2015,SJT,TX,ASW,CE,Federal Contract Tower,8,2,7,39,56,8,4,43,24,79,16,6,50,63,135,78,102,180,315
06/02/2015,SJT,TX,ASW,CE,Federal Contract Tower,8,7,17,47,79,8,7,45,17,77,16,14,62,64,156,20,104,124,280
06/03/2015,SJT,TX,ASW,CE,Federal Contract Tower,9,8,10,30,57,8,8,52,22,90,17,16,62,52,147,42,116,158,305
06/04/2015,SJT,TX,ASW,CE,Federal Contract Tower,8,7,23,41,79,8,10,62,17,97,16,17,85,58,176,40,136,176,352
06/05/2015,SJT,TX,ASW,CE,Federal Contract Tower,9,14,18,48,89,9,14,42,50,115,18,28,60,98,204,4,136,140,344
06/06/2015,SJT,TX,ASW,CE,Federal Contract Tower,8,8,4,33,53,8,8,39,9,64,16,16,43,42,117,4,72,76,193
06/07/2015,SJT,TX,ASW,CE,Federal Contract Tower,8,5,9,11,33,8,6,43,9,66,16,11,52,20,99,20,40,60,159
06/08/2015,SJT,TX,ASW,CE,Federal Contract Tower,9,6,10,27,52,9,6,30,19,64,18,12,40,46,116,12,58,70,186
06/09/2015,SJT,TX,ASW,CE,Federal Contract Tower,8,6,5,52,71,8,6,43,30,87,16,12,48,82,158,40,132,172,330
06/10/2015,SJT,TX,ASW,CE,Federal Contract Tower,8,8,17,56,89,8,10,50,28,96,16,18,67,84,185,30,182,212,397
06/11/2015,SJT,TX,ASW,CE,Federal Contract Tower,8,8,11,12,39,8,8,46,9,71,16,16,57,21,110,26,22,48,158
06/12/2015,SJT,TX,ASW,CE,Federal Contract Tower,8,11,18,44,81,8,11,32,18,69,16,22,50,62,150,0,146,146,296
06/13/2015,SJT,TX,ASW,CE,Federal Contract Tower,8,3,17,7,35,8,3,24,7,42,16,6,41,14,77,34,28,62,139
06/14/2015,SJT,TX,ASW,CE,Federal Contract Tower,10,5,9,32,56,10,6,22,17,55,20,11,31,49,111,4,112,116,227
06/15/2015,SJT,TX,ASW,CE,Federal Contract Tower,10,4,9,52,75,10,5,28,35,78,20,9,37,87,153,0,118,118,271
06/16/2015,SJT,TX,ASW,CE,Federal Contract Tower,9,9,15,65,98,9,7,18,18,52,18,16,33,83,150,0,128,128,278
06/17/2015,SJT,TX,ASW,CE,Federal Contract Tower,6,6,8,52,72,6,6,19,26,57,12,12,27,78,129,62,120,182,311
06/18/2015,SJT,TX,ASW,CE,Federal Contract Tower,10,13,18,95,136,10,13,32,38,93,20,26,50,133,229,10,164,174,403
06/19/2015,SJT,TX,ASW,CE,Federal Contract Tower,8,9,9,62,88,8,9,25,24,66,16,18,34,86,154,0,94,94,248
06/20/2015,SJT,TX,ASW,CE,Federal Contract Tower,8,7,8,5,28,8,7,25,12,52,16,14,33,17,80,88,0,88,168
06/21/2015,SJT,TX,ASW,CE,Federal Contract Tower,10,0,16,26,52,9,0,34,18,61,19,0,50,44,113,30,130,160,273
06/22/2015,SJT,TX,ASW,CE,Federal Contract Tower,8,5,16,42,71,8,5,30,29,72,16,10,46,71,143,12,124,136,279
06/23/2015,SJT,TX,ASW,CE,Federal Contract Tower,9,5,16,45,75,9,5,51,23,88,18,10,67,68,163,76,132,208,371
06/24/2015,SJT,TX,ASW,CE,Federal Contract Tower,9,11,15,62,97,9,11,55,24,99,18,22,70,86,196,14,120,134,330
06/25/2015,SJT,TX,ASW,CE,Federal Contract Tower,8,8,21,34,71,8,8,60,22,98,16,16,81,56,169,26,86,112,281
06/26/2015,SJT,TX,ASW,CE,Federal Contract Tower,8,16,14,43,81,8,15,43,32,98,16,31,57,75,179,2,114,116,295
06/27/2015,SJT,TX,ASW,CE,Federal Contract Tower,6,6,6,0,18,6,6,29,0,41,12,12,35,0,59,38,0,38,97
06/28/2015,SJT,TX,ASW,CE,Federal Contract Tower,8,3,10,16,37,8,3,34,15,60,16,6,44,31,97,10,36,46,143
06/29/2015,SJT,TX,ASW,CE,Federal Contract Tower,8,5,15,72,100,8,7,41,43,99,16,12,56,115,199,16,166,182,381
06/30/2015,SJT,TX,ASW,CE,Federal Contract Tower,9,5,19,39,72,9,6,58,17,90,18,11,77,56,162,62,64,126,288
07/01/2015,SJT,TX,ASW,CE,Federal Contract Tower,8,9,13,67,97,8,9,39,23,79,16,18,52,90,176,8,182,190,366
07/02/2015,SJT,TX,ASW,CE,Federal Contract Tower,8,7,25,2,42,8,7,59,1,75,16,14,84,3,117,4,12,16,133
07/03/2015,SJT,TX,ASW,CE,Federal Contract Tower,7,6,18,2,33,7,6,38,2,53,14,12,56,4,86,40,0,40,126
07/04/2015,SJT,TX,ASW,CE,Federal Contract Tower,8,1,3,0,12,8,1,29,0,38,16,2,32,0,50,42,0,42,92
07/05/2015,SJT,TX,ASW,CE,Federal Contract Tower,8,4,13,2,27,8,4,31,2,45,16,8,44,4,72,2,0,2,74
07/06/2015,SJT,TX,ASW,CE,Federal Contract Tower,8,5,5,28,46,8,5,19,19,51,16,10,24,47,97,4,144,148,245
07/07/2015,SJT,TX,ASW,CE,Federal Contract Tower,10,5,11,5,31,10,5,16,5,36,20,10,27,10,67,2,6,8,75
07/08/2015,SJT,TX,ASW,CE,Federal Contract Tower,8,8,16,22,54,8,8,26,17,59,16,16,42,39,113,0,28,28,141
07/09/2015,SJT,TX,ASW,CE,Federal Contract Tower,8,9,24,40,81,8,9,60,18,95,16,18,84,58,176,68,108,176,352
07/10/2015,SJT,TX,ASW,CE,Federal Contract Tower,9,8,8,36,61,9,8,49,24,90,18,16,57,60,151,32,100,132,283
07/11/2015,SJT,TX,ASW,CE,Federal Contract Tower,8,6,2,5,21,8,4,37,8,57,16,10,39,13,78,72,16,88,166
07/12/2015,SJT,TX,ASW,CE,Federal Contract Tower,8,1,6,46,61,8,1,32,34,75,16,2,38,80,136,24,70,94,230
07/13/2015,SJT,TX,ASW,CE,Federal Contract Tower,6,6,14,46,72,6,5,63,31,105,12,11,77,77,177,84,258,342,519
07/14/2015,SJT,TX,ASW,CE,Federal Contract Tower,8,11,16,32,67,8,11,52,18,89,16,22,68,50,156,6,90,96,252
07/15/2015,SJT,TX,ASW,CE,Federal Contract Tower,8,10,14,42,74,8,12,43,14,77,16,22,57,56,151,38,94,132,283
07/16/2015,SJT,TX,ASW,CE,Federal Contract Tower,8,9,19,57,93,8,9,49,16,82,16,18,68,73,175,40,164,204,379
07/17/2015,SJT,TX,ASW,CE,Federal Contract Tower,12,5,10,45,72,12,5,42,23,82,24,10,52,68,154,16,124,140,294
07/18/2015,SJT,TX,ASW,CE,Federal Contract Tower,8,4,8,1,21,8,5,37,4,54,16,9,45,5,75,54,8,62,137
07/19/2015,SJT,TX,ASW,CE,Federal Contract Tower,8,5,17,30,60,8,5,54,19,86,16,10,71,49,146,60,52,112,258
07/20/2015,SJT,TX,ASW,CE,Federal Contract Tower,8,3,10,54,75,8,5,42,21,76,16,8,52,75,151,26,124,150,301
07/21/2015,SJT,TX,ASW,CE,Federal Contract Tower,8,7,8,52,75,8,7,40,24,79,16,14,48,76,154,26,76,102,256
07/22/2015,SJT,TX,ASW,CE,Federal Contract Tower,8,9,10,52,79,8,9,51,20,88,16,18,61,72,167,19,94,113,280
07/23/2015,SJT,TX,ASW,CE,Federal Contract Tower,8,10,18,33,69,8,11,50,10,79,16,21,68,43,148,56,94,150,298
07/24/2015,SJT,TX,ASW,CE,Federal Contract Tower,8,7,5,52,72,8,7,40,28,83,16,14,45,80,155,28,84,112,267
07/25/2015,SJT,TX,ASW,CE,Federal Contract Tower,10,3,7,0,20,10,6,49,0,65,20,9,56,0,85,54,0,54,139
07/26/2015,SJT,TX,ASW,CE,Federal Contract Tower,10,3,8,12,33,10,3,43,12,68,20,6,51,24,101,72,24,96,197
07/27/2015,SJT,TX,ASW,CE,Federal Contract Tower,8,2,10,26,46,8,2,50,11,71,16,4,60,37,117,14,64,78,195
07/28/2015,SJT,TX,ASW,CE,Federal Contract Tower,8,6,7,31,52,8,9,52,22,91,16,15,59,53,143,42,110,152,295
07/29/2015,SJT,TX,ASW,CE,Federal Contract Tower,8,10,18,35,71,8,11,55,20,94,16,21,73,55,165,44,112,156,321
07/30/2015,SJT,TX,ASW,CE,Federal Contract Tower,11,11,16,36,74,11,11,39,21,82,22,22,55,57,156,14,98,112,268
07/31/2015,SJT,TX,ASW,CE,Federal Contract Tower,8,13,7,28,56,8,13,48,18,87,16,26,55,46,143,14,124,138,281
08/01/2015,SJT,TX,ASW,CE,Federal Contract Tower,9,4,11,0,24,10,5,45,0,60,19,9,56,0,84,28,0,28,112
08/02/2015,SJT,TX,ASW,CE,Federal Contract Tower,8,2,10,9,29,8,4,34,9,55,16,6,44,18,84,16,8,24,108
08/03/2015,SJT,TX,ASW,CE,Federal Contract Tower,8,3,5,18,34,8,3,28,9,48,16,6,33,27,82,8,42,50,132
08/04/2015,SJT,TX,ASW,CE,Federal Contract Tower,10,8,23,46,87,10,8,82,25,125,20,16,105,71,212,114,158,272,484
08/05/2015,SJT,TX,ASW,CE,Federal Contract Tower,7,7,8,58,80,7,7,56,20,90,14,14,64,78,170,70,150,220,390
08/06/2015,SJT,TX,ASW,CE,Federal Contract Tower,8,8,18,20,54,8,10,50,17,85,16,18,68,37,139,16,76,92,231
08/07/2015,SJT,TX,ASW,CE,Federal Contract Tower,8,12,10,34,64,8,12,55,26,101,16,24,65,60,165,4,96,100,265
08/08/2015,SJT,TX,ASW,CE,Federal Contract Tower,8,3,3,0,14,8,5,38,4,55,16,8,41,4,69,36,0,36,105
08/09/2015,SJT,TX,ASW,CE,Federal Contract Tower,8,1,14,22,45,8,3,51,14,76,16,4,65,36,121,36,74,110,231
08/10/2015,SJT,TX,ASW,CE,Federal Contract Tower,6,3,15,31,55,6,3,45,15,69,12,6,60,46,124,0,44,44,168
08/11/2015,SJT,TX,ASW,CE,Federal Contract Tower,8,7,15,15,45,8,7,42,11,68,16,14,57,26,113,24,46,70,183
08/12/2015,SJT,TX,ASW,CE,Federal Contract Tower,8,7,5,13,33,8,7,36,9,60,16,14,41,22,93,6,24,30,123
08/13/2015,SJT,TX,ASW,CE,Federal Contract Tower,8,8,17,21,54,8,8,63,16,95,16,16,80,37,149,64,62,126,275
08/14/2015,SJT,TX,ASW,CE,Federal Contract Tower,7,7,10,37,61,7,7,47,25,86,14,14,57,62,147,44,90,134,281
08/15/2015,SJT,TX,ASW,CE,Federal Contract Tower,8,2,12,11,33,8,3,53,5,69,16,5,65,16,102,22,20,42,144
08/16/2015,SJT,TX,ASW,CE,Federal Contract Tower,8,6,6,30,50,8,3,43,16,70,16,9,49,46,120,28,76,104,224
08/17/2015,SJT,TX,ASW,CE,Federal Contract Tower,8,6,10,23,47,8,6,42,13,69,16,12,52,36,116,8,70,78,194
08/18/2015,SJT,TX,ASW,CE,Federal Contract Tower,8,10,17,39,74,8,7,51,23,89,16,17,68,62,163,20,90,110,273
08/19/2015,SJT,TX,ASW,CE,Federal Contract Tower,8,9,10,50,77,8,9,40,19,76,16,18,50,69,153,14,102,116,269
08/20/2015,SJT,TX,ASW,CE,Federal Contract Tower,8,13,25,41,87,8,15,50,23,96,16,28,75,64,183,110,150,260,443
08/21/2015,SJT,TX,ASW,CE,Federal Contract Tower,8,7,11,49,75,8,7,47,23,85,16,14,58,72,160,14,172,186,346
08/22/2015,SJT,TX,ASW,CE,Federal Contract Tower,8,4,6,0,18,8,4,48,0,60,16,8,54,0,78,32,0,32,110
08/23/2015,SJT,TX,ASW,CE,Federal Contract Tower,8,2,11,31,52,8,3,28,16,55,16,5,39,47,107,0,46,46,153
08/24/2015,SJT,TX,ASW,CE,Federal Contract Tower,8,2,11,41,62,8,2,42,27,79,16,4,53,68,141,8,84,92,233
08/25/2015,SJT,TX,ASW,CE,Federal Contract Tower,10,8,12,15,45,10,8,43,8,69,20,16,55,23,114,0,84,84,198
08/26/2015,SJT,TX,ASW,CE,Federal Contract Tower,8,8,12,40,68,8,8,56,23,95,16,16,68,63,163,68,164,232,395
08/27/2015,SJT,TX,ASW,CE,Federal Contract Tower,8,10,13,43,74,8,10,48,25,91,16,20,61,68,165,42,110,152,317
08/28/2015,SJT,TX,ASW,CE,Federal Contract Tower,8,9,12,40,69,8,5,48,20,81,16,14,60,60,150,6,130,136,286
08/29/2015,SJT,TX,ASW,CE,Federal Contract Tower,8,1,4,3,16,8,3,37,4,52,16,4,41,7,68,16,2,18,86
08/30/2015,SJT,TX,ASW,CE,Federal Contract Tower,8,2,5,21,36,8,2,27,10,47,16,4,32,31,83,10,48,58,141
08/31/2015,SJT,TX,ASW,CE,Federal Contract Tower,8,4,9,41,62,8,4,46,23,81,16,8,55,64,143,10,156,166,309
09/01/2015,SJT,TX,ASW,CE,Federal Contract Tower,8,9,19,41,77,18,9,54,20,101,26,18,73,61,178,8,114,122,300
09/02/2015,SJT,TX,ASW,CE,Federal Contract Tower,8,9,18,55,90,8,10,45,30,93,16,19,63,85,183,40,128,168,351
09/03/2015,SJT,TX,ASW,CE,Federal Contract Tower,8,11,20,85,124,8,10,51,31,100,16,21,71,116,224,64,188,252,476
09/04/2015,SJT,TX,ASW,CE,Federal Contract Tower,8,9,24,1,42,8,9,53,2,72,16,18,77,3,114,22,10,32,146
09/05/2015,SJT,TX,ASW,CE,Federal Contract Tower,8,2,10,0,20,8,3,27,0,38,16,5,37,0,58,32,0,32,90
09/06/2015,SJT,TX,ASW,CE,Federal Contract Tower,7,1,5,2,15,6,1,15,2,24,13,2,20,4,39,0,0,0,39
09/07/2015,SJT,TX,ASW,CE,Federal Contract Tower,8,3,22,0,33,8,6,47,4,65,16,9,69,4,98,0,0,0,98
09/08/2015,SJT,TX,ASW,CE,Federal Contract Tower,9,6,11,37,63,9,6,41,17,73,18,12,52,54,136,48,102,150,286
09/09/2015,SJT,TX,ASW,CE,Federal Contract Tower,9,7,18,11,45,9,7,32,12,60,18,14,50,23,105,10,20,30,135
09/10/2015,SJT,TX,ASW,CE,Federal Contract Tower,8,9,23,24,64,8,9,80,12,109,16,18,103,36,173,26,148,174,347
09/11/2015,SJT,TX,ASW,CE,Federal Contract Tower,9,9,16,71,105,9,9,45,43,106,18,18,61,114,211,16,264,280,491
09/12/2015,SJT,TX,ASW,CE,Federal Contract Tower,6,4,13,0,23,6,7,51,5,69,12,11,64,5,92,26,4,30,122
09/13/2015,SJT,TX,ASW,CE,Federal Contract Tower,10,2,9,16,37,10,4,27,10,51,20,6,36,26,88,14,34,48,136
09/14/2015,SJT,TX,ASW,CE,Federal Contract Tower,8,11,15,41,75,8,11,35,15,69,16,22,50,56,144,2,108,110,254
09/15/2015,SJT,TX,ASW,CE,Federal Contract Tower,8,8,11,47,74,8,6,55,21,90,16,14,66,68,164,68,132,200,364
09/16/2015,SJT,TX,ASW,CE,Federal Contract Tower,8,7,11,65,91,8,8,46,35,97,16,15,57,100,188,6,158,164,352
09/17/2015,SJT,TX,ASW,CE,Federal Contract Tower,8,9,20,64,101,8,9,51,25,93,16,18,71,89,194,26,264,290,484
09/18/2015,SJT,TX,ASW,CE,Federal Contract Tower,8,9,15,74,106,8,9,39,35,91,16,18,54,109,197,38,186,224,421
09/19/2015,SJT,TX,ASW,CE,Federal Contract Tower,6,3,10,4,23,6,3,36,5,50,12,6,46,9,73,48,6,54,127
09/20/2015,SJT,TX,ASW,CE,Federal Contract Tower,8,6,13,71,98,8,5,36,34,83,16,11,49,105,181,20,112,132,313
09/21/2015,SJT,TX,ASW,CE,Federal Contract Tower,8,2,13,10,33,8,2,43,7,60,16,4,56,17,93,16,88,104,197
09/22/2015,SJT,TX,ASW,CE,Federal Contract Tower,8,5,16,30,59,8,5,54,20,87,16,10,70,50,146,62,66,128,274
09/23/2015,SJT,TX,ASW,CE,Federal Contract Tower,8,10,12,30,60,8,10,37,18,73,16,20,49,48,133,38,38,76,209
09/24/2015,SJT,TX,ASW,CE,Federal Contract Tower,8,12,18,52,90,8,15,52,35,110,16,27,70,87,200,0,90,90,290
09/25/2015,SJT,TX,ASW,CE,Federal Contract Tower,7,10,18,35,70,7,10,49,27,93,14,20,67,62,163,20,88,108,271
09/26/2015,SJT,TX,ASW,CE,Federal Contract Tower,6,2,13,0,21,6,2,56,0,64,12,4,69,0,85,92,6,98,183
09/27/2015,SJT,TX,ASW,CE,Federal Contract Tower,10,0,13,14,37,10,1,60,12,83,20,1,73,26,120,64,12,76,196
09/28/2015,SJT,TX,ASW,CE,Federal Contract Tower,8,3,13,73,97,8,3,42,36,89,16,6,55,109,186,54,222,276,462
09/29/2015,SJT,TX,ASW,CE,Federal Contract Tower,8,7,15,32,62,8,7,46,17,78,16,14,61,49,140,60,100,160,300
09/30/2015,SJT,TX,ASW,CE,Federal Contract Tower,8,12,13,12,45,8,12,59,5,84,16,24,72,17,129,46,36,82,211
10/01/2015,SJT,TX,ASW,CE,Federal Contract Tower,8,13,11,42,74,8,17,52,20,97,16,30,63,62,171,32,112,144,315
10/02/2015,SJT,TX,ASW,CE,Federal Contract Tower,8,8,13,22,51,8,9,44,14,75,16,17,57,36,126,18,82,100,226
10/03/2015,SJT,TX,ASW,CE,Federal Contract Tower,6,2,13,10,31,6,4,35,5,50,12,6,48,15,81,16,14,30,111
10/04/2015,SJT,TX,ASW,CE,Federal Contract Tower,8,4,21,5,38,8,4,39,4,55,16,8,60,9,93,32,12,44,137
10/05/2015,SJT,TX,ASW,CE,Federal Contract Tower,8,4,12,55,79,8,4,41,21,74,16,8,53,76,153,18,124,142,295
10/06/2015,SJT,TX,ASW,CE,Federal Contract Tower,9,7,27,32,75,9,7,50,12,78,18,14,77,44,153,48,92,140,293
10/07/2015,SJT,TX,ASW,CE,Federal Contract Tower,10,9,19,36,74,10,9,51,15,85,20,18,70,51,159,28,78,106,265
10/08/2015,SJT,TX,ASW,CE,Federal Contract Tower,8,6,23,26,63,8,6,34,10,58,16,12,57,36,121,14,120,134,255
10/09/2015,SJT,TX,ASW,CE,Federal Contract Tower,10,7,18,30,65,10,7,36,13,66,20,14,54,43,131,14,52,66,197
10/10/2015,SJT,TX,ASW,CE,Federal Contract Tower,10,5,4,0,19,10,6,43,0,59,20,11,47,0,78,66,0,66,144
10/11/2015,SJT,TX,ASW,CE,Federal Contract Tower,8,0,9,0,17,8,0,50,0,58,16,0,59,0,75,50,0,50,125
10/12/2015,SJT,TX,ASW,CE,Federal Contract Tower,10,2,16,0,28,10,2,65,0,77,20,4,81,0,105,36,0,36,141
10/13/2015,SJT,TX,ASW,CE,Federal Contract Tower,9,9,8,50,76,9,9,42,26,86,18,18,50,76,162,60,200,260,422
10/14/2015,SJT,TX,ASW,CE,Federal Contract Tower,8,7,22,47,84,8,9,67,22,106,16,16,89,69,190,32,112,144,334
10/15/2015,SJT,TX,ASW,CE,Federal Contract Tower,8,7,13,50,78,8,10,39,30,87,16,17,52,80,165,34,140,174,339
10/16/2015,SJT,TX,ASW,CE,Federal Contract Tower,8,6,12,23,49,8,6,54,14,82,16,12,66,37,131,22,60,82,213
10/17/2015,SJT,TX,ASW,CE,Federal Contract Tower,8,4,15,0,27,8,4,46,1,59,16,8,61,1,86,4,0,4,90
10/18/2015,SJT,TX,ASW,CE,Federal Contract Tower,8,1,13,26,48,8,1,46,18,73,16,2,59,44,121,20,54,74,195
10/19/2015,SJT,TX,ASW,CE,Federal Contract Tower,8,5,19,26,58,8,5,47,16,76,16,10,66,42,134,64,82,146,280
10/20/2015,SJT,TX,ASW,CE,Federal Contract Tower,8,8,22,28,66,8,8,37,18,71,16,16,59,46,137,62,56,118,255
10/21/2015,SJT,TX,ASW,CE,Federal Contract Tower,8,9,22,29,68,9,10,21,13,53,17,19,43,42,121,12,70,82,203
10/22/2015,SJT,TX,ASW,CE,Federal Contract Tower,7,9,7,24,47,7,9,12,14,42,14,18,19,38,89,0,36,36,125
10/23/2015,SJT,TX,ASW,CE,Federal Contract Tower,7,9,6,19,41,7,9,13,9,38,14,18,19,28,79,4,46,50,129
10/24/2015,SJT,TX,ASW,CE,Federal Contract Tower,9,3,5,0,17,9,3,6,1,19,18,6,11,1,36,2,0,2,38
10/25/2015,SJT,TX,ASW,CE,Federal Contract Tower,8,2,11,18,39,8,2,40,16,66,16,4,51,34,105,52,28,80,185
10/26/2015,SJT,TX,ASW,CE,Federal Contract Tower,8,9,9,42,68,8,11,53,24,96,16,20,62,66,164,16,176,192,356
10/27/2015,SJT,TX,ASW,CE,Federal Contract Tower,8,6,12,36,62,8,7,62,24,101,16,13,74,60,163,24,134,158,321
10/28/2015,SJT,TX,ASW,CE,Federal Contract Tower,8,6,12,17,43,8,8,53,10,79,16,14,65,27,122,26,32,58,180
10/29/2015,SJT,TX,ASW,CE,Federal Contract Tower,8,12,15,24,59,8,12,90,11,121,16,24,105,35,180,48,84,132,312
10/30/2015,SJT,TX,ASW,CE,Federal Contract Tower,11,10,9,15,45,11,9,11,9,40,22,19,20,24,85,20,26,46,131
10/31/2015,SJT,TX,ASW,CE,Federal Contract Tower,5,11,24,6,46,5,10,36,3,54,10,21,60,9,100,64,14,78,178
11/01/2015,SJT,TX,ASW,CE,Federal Contract Tower,8,2,10,21,41,8,2,57,9,76,16,4,67,30,117,76,34,110,227
11/02/2015,SJT,TX,ASW,CE,Federal Contract Tower,12,5,17,22,56,12,5,62,15,94,24,10,79,37,150,32,58,90,240
11/03/2015,SJT,TX,ASW,CE,Federal Contract Tower,9,9,17,33,68,9,10,64,18,101,18,19,81,51,169,42,106,148,317
11/04/2015,SJT,TX,ASW,CE,Federal Contract Tower,8,11,25,42,86,8,11,36,16,71,16,22,61,58,157,4,134,138,295
11/05/2015,SJT,TX,ASW,CE,Federal Contract Tower,7,9,13,61,90,7,10,31,27,75,14,19,44,88,165,14,202,216,381
11/06/2015,SJT,TX,ASW,CE,Federal Contract Tower,8,10,18,17,53,8,10,65,14,97,16,20,83,31,150,56,44,100,250
11/07/2015,SJT,TX,ASW,CE,Federal Contract Tower,8,10,10,0,28,8,10,16,2,36,16,20,26,2,64,0,0,0,64
11/08/2015,SJT,TX,ASW,CE,Federal Contract Tower,8,0,17,16,41,8,1,40,10,59,16,1,57,26,100,34,50,84,184
11/09/2015,SJT,TX,ASW,CE,Federal Contract Tower,8,2,17,30,57,8,4,50,19,81,16,6,67,49,138,48,56,104,242
11/10/2015,SJT,TX,ASW,CE,Federal Contract Tower,9,13,17,23,62,9,14,44,20,87,18,27,61,43,149,18,36,54,203
11/11/2015,SJT,TX,ASW,CE,Federal Contract Tower,8,11,20,0,39,8,11,36,0,55,16,22,56,0,94,4,0,4,98
11/12/2015,SJT,TX,ASW,CE,Federal Contract Tower,8,12,23,16,59,8,18,57,18,101,16,30,80,34,160,50,40,90,250
11/13/2015,SJT,TX,ASW,CE,Federal Contract Tower,8,9,20,50,87,8,9,47,25,89,16,18,67,75,176,52,102,154,330
11/14/2015,SJT,TX,ASW,CE,Federal Contract Tower,8,4,12,0,24,8,4,31,0,43,16,8,43,0,67,30,0,30,97
11/15/2015,SJT,TX,ASW,CE,Federal Contract Tower,8,3,21,7,39,8,3,24,4,39,16,6,45,11,78,18,8,26,104
11/16/2015,SJT,TX,ASW,CE,Federal Contract Tower,8,2,10,56,76,8,2,9,23,42,16,4,19,79,118,0,138,138,256
11/17/2015,SJT,TX,ASW,CE,Federal Contract Tower,8,9,15,47,79,8,9,29,21,67,16,18,44,68,146,0,86,86,232
11/18/2015,SJT,TX,ASW,CE,Federal Contract Tower,8,8,19,18,53,8,9,54,12,83,16,17,73,30,136,78,32,110,246
11/19/2015,SJT,TX,ASW,CE,Federal Contract Tower,8,9,15,17,49,8,9,67,9,93,16,18,82,26,142,42,76,118,260
11/20/2015,SJT,TX,ASW,CE,Federal Contract Tower,8,9,23,48,88,8,9,54,19,90,16,18,77,67,178,26,114,140,318
11/21/2015,SJT,TX,ASW,CE,Federal Contract Tower,8,4,10,0,22,8,4,18,0,30,16,8,28,0,52,0,0,0,52
11/22/2015,SJT,TX,ASW,CE,Federal Contract Tower,8,2,11,16,37,8,6,49,8,71,16,8,60,24,108,22,18,40,148
11/23/2015,SJT,TX,ASW,CE,Federal Contract Tower,8,3,12,43,66,8,3,45,34,90,16,6,57,77,156,40,130,170,326
11/24/2015,SJT,TX,ASW,CE,Federal Contract Tower,9,9,26,37,81,9,9,47,21,86,18,18,73,58,167,4,128,132,299
11/25/2015,SJT,TX,ASW,CE,Federal Contract Tower,8,14,19,14,55,8,14,24,4,50,16,28,43,18,105,2,20,22,127
11/26/2015,SJT,TX,ASW,CE,Federal Contract Tower,5,0,4,0,9,5,0,4,0,9,10,0,8,0,18,0,0,0,18
11/28/2015,SJT,TX,ASW,CE,Federal Contract Tower,8,1,9,0,18,8,1,9,0,18,16,2,18,0,36,0,0,0,36
11/29/2015,SJT,TX,ASW,CE,Federal Contract Tower,8,4,14,0,26,8,4,14,0,26,16,8,28,0,52,0,0,0,52
11/30/2015,SJT,TX,ASW,CE,Federal Contract Tower,8,6,21,46,81,8,6,35,16,65,16,12,56,62,146,56,112,168,314
12/01/2015,SJT,TX,ASW,CE,Federal Contract Tower,10,7,11,28,56,10,7,32,12,61,20,14,43,40,117,18,64,82,199
12/02/2015,SJT,TX,ASW,CE,Federal Contract Tower,8,14,25,56,103,8,14,64,24,110,16,28,89,80,213,46,158,204,417
12/03/2015,SJT,TX,ASW,CE,Federal Contract Tower,8,10,17,36,71,8,13,51,21,93,16,23,68,57,164,32,116,148,312
12/04/2015,SJT,TX,ASW,CE,Federal Contract Tower,8,10,21,77,116,8,10,61,36,115,16,20,82,113,231,18,226,244,475
12/05/2015,SJT,TX,ASW,CE,Federal Contract Tower,8,2,4,4,18,8,7,32,4,51,16,9,36,8,69,2,2,4,73
12/06/2015,SJT,TX,ASW,CE,Federal Contract Tower,8,0,8,37,53,8,4,30,29,71,16,4,38,66,124,0,50,50,174
12/07/2015,SJT,TX,ASW,CE,Federal Contract Tower,11,6,14,45,76,11,6,37,19,73,22,12,51,64,149,16,84,100,249
12/08/2015,SJT,TX,ASW,CE,Federal Contract Tower,8,7,25,39,79,8,7,57,27,99,16,14,82,66,178,6,126,132,310
12/09/2015,SJT,TX,ASW,CE,Federal Contract Tower,8,9,15,20,52,8,16,46,13,83,16,25,61,33,135,38,36,74,209
12/10/2015,SJT,TX,ASW,CE,Federal Contract Tower,11,14,11,46,82,10,15,38,23,86,21,29,49,69,168,8,72,80,248
12/11/2015,SJT,TX,ASW,CE,Federal Contract Tower,8,14,23,24,69,8,14,52,14,88,16,28,75,38,157,42,132,174,331
12/12/2015,SJT,TX,ASW,CE,Federal Contract Tower,8,7,9,11,35,8,7,14,3,32,16,14,23,14,67,2,46,48,115
12/13/2015,SJT,TX,ASW,CE,Federal Contract Tower,8,1,15,9,33,8,5,20,7,40,16,6,35,16,73,22,10,32,105
12/14/2015,SJT,TX,ASW,CE,Federal Contract Tower,8,9,22,48,87,8,9,53,28,98,16,18,75,76,185,32,82,114,299
12/15/2015,SJT,TX,ASW,CE,Federal Contract Tower,9,9,21,53,92,9,10,37,30,86,18,19,58,83,178,2,136,138,316
12/16/2015,SJT,TX,ASW,CE,Federal Contract Tower,8,10,20,27,65,8,11,52,16,87,16,21,72,43,152,40,124,164,316
12/17/2015,SJT,TX,ASW,CE,Federal Contract Tower,8,12,15,10,45,8,14,45,5,72,16,26,60,15,117,28,10,38,155
12/18/2015,SJT,TX,ASW,CE,Federal Contract Tower,8,12,14,42,76,8,12,76,23,119,16,24,90,65,195,12,80,92,287
12/19/2015,SJT,TX,ASW,CE,Federal Contract Tower,8,6,8,0,22,8,10,42,0,60,16,16,50,0,82,38,0,38,120
12/20/2015,SJT,TX,ASW,CE,Federal Contract Tower,8,3,9,13,33,8,4,20,10,42,16,7,29,23,75,10,18,28,103
12/21/2015,SJT,TX,ASW,CE,Federal Contract Tower,8,8,14,17,47,11,8,40,14,73,19,16,54,31,120,34,48,82,202
12/22/2015,SJT,TX,ASW,CE,Federal Contract Tower,10,10,17,23,60,10,11,43,12,76,20,21,60,35,136,17,84,101,237
12/23/2015,SJT,TX,ASW,CE,Federal Contract Tower,8,12,11,1,32,8,13,25,2,48,16,25,36,3,80,22,8,30,110
12/24/2015,SJT,TX,ASW,CE,Federal Contract Tower,8,9,6,0,23,8,10,59,0,77,16,19,65,0,100,86,0,86,186
12/25/2015,SJT,TX,ASW,CE,Federal Contract Tower,8,0,4,0,12,8,2,13,0,23,16,2,17,0,35,4,0,4,39
12/26/2015,SJT,TX,ASW,CE,Federal Contract Tower,9,3,14,0,26,9,3,16,0,28,18,6,30,0,54,0,0,0,54
12/27/2015,SJT,TX,ASW,CE,Federal Contract Tower,3,0,0,0,3,0,0,0,0,0,3,0,0,0,3,0,0,0,3
12/28/2015,SJT,TX,ASW,CE,Federal Contract Tower,4,6,26,0,36,4,6,24,0,34,8,12,50,0,70,2,0,2,72
12/29/2015,SJT,TX,ASW,CE,Federal Contract Tower,8,7,11,1,27,8,10,35,2,55,16,17,46,3,82,52,0,52,134
12/30/2015,SJT,TX,ASW,CE,Federal Contract Tower,8,20,20,0,48,8,25,50,0,83,16,45,70,0,131,56,0,56,187
12/31/2015,SJT,TX,ASW,CE,Federal Contract Tower,8,11,11,0,30,8,11,12,0,31,16,22,23,0,61,0,0,0,61
01/01/2016,SJT,TX,ASW,CE,Federal Contract Tower,8,0,4,0,12,8,2,9,0,19,16,2,13,0,31,0,0,0,31
01/02/2016,SJT,TX,ASW,CE,Federal Contract Tower,8,4,5,0,17,8,4,16,0,28,16,8,21,0,45,6,0,6,51
01/03/2016,SJT,TX,ASW,CE,Federal Contract Tower,10,0,10,0,20,10,0,44,0,54,20,0,54,0,74,24,0,24,98
01/04/2016,SJT,TX,ASW,CE,Federal Contract Tower,9,7,12,10,38,9,7,36,4,56,18,14,48,14,94,30,40,70,164
01/05/2016,SJT,TX,ASW,CE,Federal Contract Tower,6,8,16,30,60,6,8,29,16,59,12,16,45,46,119,12,102,114,233
01/06/2016,SJT,TX,ASW,CE,Federal Contract Tower,6,7,23,55,91,6,7,27,25,65,12,14,50,80,156,4,96,100,256
01/07/2016,SJT,TX,ASW,CE,Federal Contract Tower,6,12,8,37,63,6,14,38,20,78,12,26,46,57,141,16,98,114,255
01/08/2016,SJT,TX,ASW,CE,Federal Contract Tower,6,6,16,45,73,6,8,32,32,78,12,14,48,77,151,6,188,194,345
01/09/2016,SJT,TX,ASW,CE,Federal Contract Tower,6,6,8,13,33,6,5,21,7,39,12,11,29,20,72,4,42,46,118
01/10/2016,SJT,TX,ASW,CE,Federal Contract Tower,6,1,12,3,22,6,1,36,18,61,12,2,48,21,83,4,58,62,145
01/11/2016,SJT,TX,ASW,CE,Federal Contract Tower,8,4,12,40,64,8,4,33,20,65,16,8,45,60,129,24,136,160,289
01/12/2016,SJT,TX,ASW,CE,Federal Contract Tower,6,7,13,18,44,6,8,49,11,74,12,15,62,29,118,64,46,110,228
01/13/2016,SJT,TX,ASW,CE,Federal Contract Tower,6,10,13,44,73,6,12,42,28,88,12,22,55,72,161,48,132,180,341
01/14/2016,SJT,TX,ASW,CE,Federal Contract Tower,5,10,16,31,62,5,10,33,15,63,10,20,49,46,125,22,100,122,247
01/15/2016,SJT,TX,ASW,CE,Federal Contract Tower,9,9,24,31,73,9,12,62,21,104,18,21,86,52,177,14,118,132,309
01/16/2016,SJT,TX,ASW,CE,Federal Contract Tower,7,6,9,4,26,7,6,26,4,43,14,12,35,8,69,2,0,2,71
01/17/2016,SJT,TX,ASW,CE,Federal Contract Tower,6,2,13,21,42,6,3,37,14,60,12,5,50,35,102,26,46,72,174
01/18/2016,SJT,TX,ASW,CE,Federal Contract Tower,6,4,17,0,27,6,4,36,2,48,12,8,53,2,75,60,0,60,135
01/19/2016,SJT,TX,ASW,CE,Federal Contract Tower,6,8,13,34,61,6,8,33,19,66,12,16,46,53,127,0,106,106,233
01/20/2016,SJT,TX,ASW,CE,Federal Contract Tower,6,6,9,37,58,6,7,45,17,75,12,13,54,54,133,6,108,114,247
01/21/2016,SJT,TX,ASW,CE,Federal Contract Tower,6,8,12,64,90,6,8,31,38,83,12,16,43,102,173,10,324,334,507
01/22/2016,SJT,TX,ASW,CE,Federal Contract Tower,6,10,16,44,76,7,12,36,34,89,13,22,52,78,165,0,106,106,271
01/23/2016,SJT,TX,ASW,CE,Federal Contract Tower,6,4,6,8,24,6,6,43,11,66,12,10,49,19,90,12,26,38,128
01/24/2016,SJT,TX,ASW,CE,Federal Contract Tower,6,1,12,17,36,6,1,25,12,44,12,2,37,29,80,10,38,48,128
01/25/2016,SJT,TX,ASW,CE,Federal Contract Tower,6,5,17,34,62,6,5,60,24,95,12,10,77,58,157,38,68,106,263
01/26/2016,SJT,TX,ASW,CE,Federal Contract Tower,6,12,8,22,48,6,12,13,12,43,12,24,21,34,91,14,82,96,187
01/27/2016,SJT,TX,ASW,CE,Federal Contract Tower,7,6,18,21,52,7,6,45,14,72,14,12,63,35,124,40,34,74,198
01/28/2016,SJT,TX,ASW,CE,Federal Contract Tower,6,12,22,14,54,6,12,55,12,85,12,24,77,26,139,38,62,100,239
01/29/2016,SJT,TX,ASW,CE,Federal Contract Tower,6,11,22,36,75,6,11,46,30,93,12,22,68,66,168,12,110,122,290
01/30/2016,SJT,TX,ASW,CE,Federal Contract Tower,6,4,12,7,29,6,6,37,14,63,12,10,49,21,92,20,8,28,120
01/31/2016,SJT,TX,ASW,CE,Federal Contract Tower,5,2,8,19,34,5,2,38,15,60,10,4,46,34,94,0,20,20,114
02/01/2016,SJT,TX,ASW,CE,Federal Contract Tower,6,1,13,19,39,6,1,30,13,50,12,2,43,32,89,4,88,92,181
02/02/2016,SJT,TX,ASW,CE,Federal Contract Tower,6,10,14,18,48,6,10,28,13,57,12,20,42,31,105,4,64,68,173
02/03/2016,SJT,TX,ASW,CE,Federal Contract Tower,8,7,18,24,57,8,7,68,18,101,16,14,86,42,158,66,130,196,354
02/04/2016,SJT,TX,ASW,CE,Federal Contract Tower,7,9,12,21,49,0,0,55,12,67,7,9,67,33,116,20,50,70,186
02/05/2016,SJT,TX,ASW,CE,Federal Contract Tower,6,10,11,22,49,0,2,28,2,32,6,12,39,24,81,6,92,98,179
02/06/2016,SJT,TX,ASW,CE,Federal Contract Tower,8,3,9,4,24,0,8,38,1,47,8,11,47,5,71,28,4,32,103
02/07/2016,SJT,TX,ASW,CE,Federal Contract Tower,5,5,14,6,30,1,1,31,3,36,6,6,45,9,66,14,26,40,106
02/08/2016,SJT,TX,ASW,CE,Federal Contract Tower,6,6,13,27,52,0,1,19,0,20,6,7,32,27,72,32,10,42,114
02/09/2016,SJT,TX,ASW,CE,Federal Contract Tower,6,6,14,56,82,4,6,34,5,49,10,12,48,61,131,40,158,198,329
02/10/2016,SJT,TX,ASW,CE,Federal Contract Tower,6,10,13,30,59,0,5,47,2,54,6,15,60,32,113,48,66,114,227
02/11/2016,SJT,TX,ASW,CE,Federal Contract Tower,6,11,15,20,52,0,4,40,4,48,6,15,55,24,100,80,62,142,242
02/12/2016,SJT,TX,ASW,CE,Federal Contract Tower,6,14,14,40,74,0,0,36,8,44,6,14,50,48,118,22,66,88,206
02/13/2016,SJT,TX,ASW,CE,Federal Contract Tower,6,4,11,0,21,0,0,40,2,42,6,4,51,2,63,14,0,14,77
02/14/2016,SJT,TX,ASW,CE,Federal Contract Tower,6,6,24,31,67,0,0,38,5,43,6,6,62,36,110,32,32,64,174
02/15/2016,SJT,TX,ASW,CE,Federal Contract Tower,6,8,16,6,36,0,4,40,2,46,6,12,56,8,82,94,20,114,196
02/16/2016,SJT,TX,ASW,CE,Federal Contract Tower,6,12,29,52,99,0,0,42,14,56,6,12,71,66,155,68,134,202,357
02/17/2016,SJT,TX,ASW,CE,Federal Contract Tower,6,12,17,27,62,0,2,53,14,69,6,14,70,41,131,74,112,186,317
02/18/2016,SJT,TX,ASW,CE,Federal Contract Tower,6,8,14,50,78,0,3,24,27,54,6,11,38,77,132,20,316,336,468
02/19/2016,SJT,TX,ASW,CE,Federal Contract Tower,6,16,21,45,88,0,0,61,6,67,6,16,82,51,155,6,36,42,197
02/20/2016,SJT,TX,ASW,CE,Federal Contract Tower,6,3,12,0,21,0,3,29,2,34,6,6,41,2,55,4,0,4,59
02/21/2016,SJT,TX,ASW,CE,Federal Contract Tower,6,1,15,9,31,1,2,1,1,5,7,3,16,10,36,0,4,4,40
02/23/2016,SJT,TX,ASW,CE,Federal Contract Tower,7,9,10,14,40,0,1,5,4,10,7,10,15,18,50,8,6,14,64
02/24/2016,SJT,TX,ASW,CE,Federal Contract Tower,6,12,24,13,55,0,3,59,10,72,6,15,83,23,127,16,22,38,165
02/25/2016,SJT,TX,ASW,CE,Federal Contract Tower,6,13,23,20,62,0,4,37,2,43,6,17,60,22,105,46,46,92,197
02/26/2016,SJT,TX,ASW,CE,Federal Contract Tower,6,9,19,25,59,0,4,76,12,92,6,13,95,37,151,46,18,64,215
02/27/2016,SJT,TX,ASW,CE,Federal Contract Tower,6,2,8,2,18,0,3,30,3,36,6,5,38,5,54,8,20,28,82
02/28/2016,SJT,TX,ASW,CE,Federal Contract Tower,6,4,13,22,45,0,0,26,6,32,6,4,39,28,77,26,50,76,153
02/29/2016,SJT,TX,ASW,CE,Federal Contract Tower,8,4,23,23,58,0,0,30,4,34,8,4,53,27,92,4,42,46,138
03/01/2016,SJT,TX,ASW,CE,Federal Contract Tower,6,8,14,15,43,0,2,23,5,30,6,10,37,20,73,4,36,40,113
03/02/2016,SJT,TX,ASW,CE,Federal Contract Tower,6,8,14,28,56,0,3,34,21,58,6,11,48,49,114,0,62,62,176
03/03/2016,SJT,TX,ASW,CE,Federal Contract Tower,6,7,17,28,58,0,0,45,11,56,6,7,62,39,114,28,84,112,226
03/04/2016,SJT,TX,ASW,CE,Federal Contract Tower,8,10,11,59,88,0,0,35,26,61,8,10,46,85,149,24,76,100,249
03/05/2016,SJT,TX,ASW,CE,Federal Contract Tower,6,1,9,4,20,0,6,47,0,53,6,7,56,4,73,36,6,42,115
03/06/2016,SJT,TX,ASW,CE,Federal Contract Tower,7,0,13,6,26,0,0,9,0,9,7,0,22,6,35,4,10,14,49
03/07/2016,SJT,TX,ASW,CE,Federal Contract Tower,6,4,12,34,56,0,0,35,14,49,6,4,47,48,105,36,64,100,205
03/08/2016,SJT,TX,ASW,CE,Federal Contract Tower,8,16,19,14,57,0,3,27,7,37,8,19,46,21,94,38,30,68,162
03/09/2016,SJT,TX,ASW,CE,Federal Contract Tower,5,14,15,11,45,0,0,7,4,11,5,14,22,15,56,10,24,34,90
03/10/2016,SJT,TX,ASW,CE,Federal Contract Tower,10,13,15,47,85,0,0,20,20,40,10,13,35,67,125,24,62,86,211
03/11/2016,SJT,TX,ASW,CE,Federal Contract Tower,9,9,8,6,32,0,0,0,0,0,9,9,8,6,32,4,0,4,36
03/12/2016,SJT,TX,ASW,CE,Federal Contract Tower,6,4,10,6,26,0,0,31,1,32,6,4,41,7,58,2,14,16,74
03/13/2016,SJT,TX,ASW,CE,Federal Contract Tower,6,1,10,7,24,0,1,15,1,17,6,2,25,8,41,0,24,24,65
03/14/2016,SJT,TX,ASW,CE,Federal Contract Tower,6,3,5,39,53,0,2,19,2,23,6,5,24,41,76,24,72,96,172
03/15/2016,SJT,TX,ASW,CE,Federal Contract Tower,6,12,3,32,53,0,3,41,13,57,6,15,44,45,110,70,48,118,228
03/16/2016,SJT,TX,ASW,CE,Federal Contract Tower,6,5,15,8,34,0,1,39,5,45,6,6,54,13,79,58,40,98,177
03/17/2016,SJT,TX,ASW,CE,Federal Contract Tower,6,8,19,42,75,2,6,32,24,64,8,14,51,66,139,8,254,262,401
03/18/2016,SJT,TX,ASW,CE,Federal Contract Tower,6,14,13,16,49,0,5,3,1,9,6,19,16,17,58,8,6,14,72
03/19/2016,SJT,TX,ASW,CE,Federal Contract Tower,8,4,20,3,35,0,2,26,0,28,8,6,46,3,63,12,4,16,79
03/20/2016,SJT,TX,ASW,CE,Federal Contract Tower,6,0,11,26,43,0,0,40,9,49,6,0,51,35,92,50,80,130,222
03/21/2016,SJT,TX,ASW,CE,Federal Contract Tower,6,5,11,27,49,0,1,26,1,28,6,6,37,28,77,12,106,118,195
03/22/2016,SJT,TX,ASW,CE,Federal Contract Tower,6,8,16,29,59,1,2,21,12,36,7,10,37,41,95,12,108,120,215
03/23/2016,SJT,TX,ASW,CE,Federal Contract Tower,6,6,17,61,90,0,0,23,13,36,6,6,40,74,126,6,174,180,306
03/24/2016,SJT,TX,ASW,CE,Federal Contract Tower,6,14,13,46,79,0,7,43,21,71,6,21,56,67,150,12,216,228,378
03/25/2016,SJT,TX,ASW,CE,Federal Contract Tower,6,8,22,61,97,0,0,32,13,45,6,8,54,74,142,0,124,124,266
03/26/2016,SJT,TX,ASW,CE,Federal Contract Tower,6,8,6,0,20,0,7,65,0,72,6,15,71,0,92,74,0,74,166
03/27/2016,SJT,TX,ASW,CE,Federal Contract Tower,6,4,4,0,14,0,3,25,0,28,6,7,29,0,42,6,0,6,48
03/28/2016,SJT,TX,ASW,CE,Federal Contract Tower,7,3,12,72,94,0,1,28,25,54,7,4,40,97,148,6,106,112,260
03/29/2016,SJT,TX,ASW,CE,Federal Contract Tower,7,8,12,44,71,0,0,18,16,34,7,8,30,60,105,0,138,138,243
03/30/2016,SJT,TX,ASW,CE,Federal Contract Tower,5,11,17,23,56,0,4,22,8,34,5,15,39,31,90,52,98,150,240
03/31/2016,SJT,TX,ASW,CE,Federal Contract Tower,7,13,10,33,63,0,4,64,9,77,7,17,74,42,140,88,102,190,330
04/01/2016,SJT,TX,ASW,CE,Federal Contract Tower,6,11,15,38,70,0,2,15,9,26,6,13,30,47,96,6,38,44,140
04/02/2016,SJT,TX,ASW,CE,Federal Contract Tower,6,5,9,0,20,0,4,46,0,50,6,9,55,0,70,36,0,36,106
04/03/2016,SJT,TX,ASW,CE,Federal Contract Tower,6,7,10,14,37,0,3,37,3,43,6,10,47,17,80,8,42,50,130
04/04/2016,SJT,TX,ASW,CE,Federal Contract Tower,6,4,14,43,67,0,1,40,1,42,6,5,54,44,109,10,66,76,185
04/05/2016,SJT,TX,ASW,CE,Federal Contract Tower,6,9,9,22,46,0,3,14,4,21,6,12,23,26,67,24,60,84,151
04/06/2016,SJT,TX,ASW,CE,Federal Contract Tower,6,7,11,40,64,0,0,19,14,33,6,7,30,54,97,6,126,132,229
04/07/2016,SJT,TX,ASW,CE,Federal Contract Tower,6,9,20,22,57,1,0,56,6,63,7,9,76,28,120,42,54,96,216
04/08/2016,SJT,TX,ASW,CE,Federal Contract Tower,6,8,10,44,68,0,0,17,6,23,6,8,27,50,91,2,74,76,167
04/09/2016,SJT,TX,ASW,CE,Federal Contract Tower,7,3,6,2,18,1,0,8,0,9,8,3,14,2,27,0,0,0,27
04/10/2016,SJT,TX,ASW,CE,Federal Contract Tower,6,1,6,6,19,0,0,5,0,5,6,1,11,6,24,0,10,10,34
04/11/2016,SJT,TX,ASW,CE,Federal Contract Tower,6,3,15,72,96,0,0,30,9,39,6,3,45,81,135,2,66,68,203
04/12/2016,SJT,TX,ASW,CE,Federal Contract Tower,6,11,13,21,51,1,0,5,0,6,7,11,18,21,57,14,42,56,113
04/13/2016,SJT,TX,ASW,CE,Federal Contract Tower,6,26,23,35,90,0,15,37,14,66,6,41,60,49,156,60,106,166,322
04/14/2016,SJT,TX,ASW,CE,Federal Contract Tower,6,16,20,45,87,0,1,46,13,60,6,17,66,58,147,36,76,112,259
04/15/2016,SJT,TX,ASW,CE,Federal Contract Tower,6,12,9,88,115,0,0,21,26,47,6,12,30,114,162,0,140,140,302
04/16/2016,SJT,TX,ASW,CE,Federal Contract Tower,8,13,11,0,32,0,0,14,0,14,8,13,25,0,46,0,0,0,46
04/17/2016,SJT,TX,ASW,CE,Federal Contract Tower,2,2,6,19,29,0,0,7,0,7,2,2,13,19,36,20,43,63,99
04/18/2016,SJT,TX,ASW,CE,Federal Contract Tower,10,4,5,2,21,0,1,3,1,5,10,5,8,3,26,0,2,2,28
04/19/2016,SJT,TX,ASW,CE,Federal Contract Tower,8,6,18,5,37,0,0,18,3,21,8,6,36,8,58,26,20,46,104
04/20/2016,SJT,TX,ASW,CE,Federal Contract Tower,6,10,20,44,80,0,5,44,18,67,6,15,64,62,147,30,100,130,277
04/21/2016,SJT,TX,ASW,CE,Federal Contract Tower,6,11,6,26,49,0,7,51,9,67,6,18,57,35,116,62,144,206,322
04/22/2016,SJT,TX,ASW,CE,Federal Contract Tower,6,9,14,45,74,0,1,46,10,57,6,10,60,55,131,22,90,112,243
04/23/2016,SJT,TX,ASW,CE,Federal Contract Tower,7,3,5,0,15,0,5,33,0,38,7,8,38,0,53,18,0,18,71
04/24/2016,SJT,TX,ASW,CE,Federal Contract Tower,6,6,6,5,23,0,1,30,3,34,6,7,36,8,57,44,24,68,125
04/25/2016,SJT,TX,ASW,CE,Federal Contract Tower,6,3,10,69,88,0,1,33,4,38,6,4,43,73,126,52,76,128,254
04/26/2016,SJT,TX,ASW,CE,Federal Contract Tower,6,8,15,63,92,0,6,29,15,50,6,14,44,78,142,30,220,250,392
04/27/2016,SJT,TX,ASW,CE,Federal Contract Tower,6,13,14,27,60,0,5,58,21,84,6,18,72,48,144,102,56,158,302
04/28/2016,SJT,TX,ASW,CE,Federal Contract Tower,6,9,13,57,85,0,3,34,32,69,6,12,47,89,154,20,122,142,296
04/29/2016,SJT,TX,ASW,CE,Federal Contract Tower,4,8,15,30,57,0,2,21,11,34,4,10,36,41,91,16,44,60,151
04/30/2016,SJT,TX,ASW,CE,Federal Contract Tower,10,3,8,0,21,0,3,43,2,48,10,6,51,2,69,66,0,66,135
05/01/2016,SJT,TX,ASW,CE,Federal Contract Tower,6,3,10,42,61,0,4,23,20,47,6,7,33,62,108,6,82,88,196
05/02/2016,SJT,TX,ASW,CE,Federal Contract Tower,6,7,14,52,79,0,0,20,3,23,6,7,34,55,102,26,92,118,220
05/03/2016,SJT,TX,ASW,CE,Federal Contract Tower,6,9,10,19,44,0,2,45,8,55,6,11,55,27,99,42,78,120,219
05/04/2016,SJT,TX,ASW,CE,Federal Contract Tower,6,8,16,43,73,0,4,70,17,91,6,12,86,60,164,24,92,116,280
05/05/2016,SJT,TX,ASW,CE,Federal Contract Tower,6,11,18,28,63,0,2,51,13,66,6,13,69,41,129,72,86,158,287
05/06/2016,SJT,TX,ASW,CE,Federal Contract Tower,6,13,16,44,79,0,4,48,4,56,6,17,64,48,135,52,38,90,225
05/07/2016,SJT,TX,ASW,CE,Federal Contract Tower,7,2,2,0,11,0,3,12,0,15,7,5,14,0,26,14,0,14,40
05/08/2016,SJT,TX,ASW,CE,Federal Contract Tower,5,0,3,4,12,0,2,13,4,19,5,2,16,8,31,2,4,6,37
05/09/2016,SJT,TX,ASW,CE,Federal Contract Tower,6,6,13,63,88,0,1,15,18,34,6,7,28,81,122,2,104,106,228
05/10/2016,SJT,TX,ASW,CE,Federal Contract Tower,6,12,8,13,39,0,5,26,1,32,6,17,34,14,71,21,20,41,112
05/11/2016,SJT,TX,ASW,CE,Federal Contract Tower,7,7,12,48,74,0,2,38,19,59,7,9,50,67,133,26,144,170,303
05/12/2016,SJT,TX,ASW,CE,Federal Contract Tower,8,7,19,18,52,0,0,32,8,40,8,7,51,26,92,26,60,86,178
05/13/2016,SJT,TX,ASW,CE,Federal Contract Tower,6,10,10,37,63,0,1,23,3,27,6,11,33,40,90,48,78,126,216
05/14/2016,SJT,TX,ASW,CE,Federal Contract Tower,6,4,5,2,17,0,2,17,0,19,6,6,22,2,36,10,12,22,58
05/15/2016,SJT,TX,ASW,CE,Federal Contract Tower,6,4,8,21,39,0,0,14,12,26,6,4,22,33,65,0,34,34,99
05/16/2016,SJT,TX,ASW,CE,Federal Contract Tower,9,5,17,68,99,0,2,24,16,42,9,7,41,84,141,12,174,186,327
05/17/2016,SJT,TX,ASW,CE,Federal Contract Tower,5,11,13,37,66,0,0,8,4,12,5,11,21,41,78,0,98,98,176
05/18/2016,SJT,TX,ASW,CE,Federal Contract Tower,7,8,7,5,27,0,0,3,1,4,7,8,10,6,31,2,2,4,35
05/19/2016,SJT,TX,ASW,CE,Federal Contract Tower,6,7,12,12,37,0,1,17,9,27,6,8,29,21,64,14,56,70,134
05/20/2016,SJT,TX,ASW,CE,Federal Contract Tower,9,11,21,59,100,0,2,37,20,59,9,13,58,79,159,6,124,130,289
05/21/2016,SJT,TX,ASW,CE,Federal Contract Tower,4,5,17,0,26,0,2,28,0,30,4,7,45,0,56,10,0,10,66
05/22/2016,SJT,TX,ASW,CE,Federal Contract Tower,6,0,17,5,28,0,0,27,3,30,6,0,44,8,58,12,4,16,74
05/23/2016,SJT,TX,ASW,CE,Federal Contract Tower,8,6,17,44,75,0,0,9,3,12,8,6,26,47,87,0,114,114,201
05/24/2016,SJT,TX,ASW,CE,Federal Contract Tower,6,10,14,46,76,0,0,32,11,43,6,10,46,57,119,68,168,236,355
05/25/2016,SJT,TX,ASW,CE,Federal Contract Tower,6,7,21,71,105,0,3,27,26,56,6,10,48,97,161,2,184,186,347
05/26/2016,SJT,TX,ASW,CE,Federal Contract Tower,7,13,10,15,45,0,5,32,7,44,7,18,42,22,89,34,82,116,205
05/27/2016,SJT,TX,ASW,CE,Federal Contract Tower,9,8,18,1,36,0,0,43,2,45,9,8,61,3,81,36,0,36,117
05/28/2016,SJT,TX,ASW,CE,Federal Contract Tower,5,4,4,0,13,0,1,24,0,25,5,5,28,0,38,20,0,20,58
05/29/2016,SJT,TX,ASW,CE,Federal Contract Tower,6,1,8,0,15,0,0,9,0,9,6,1,17,0,24,10,0,10,34
05/30/2016,SJT,TX,ASW,CE,Federal Contract Tower,6,2,20,0,28,0,0,15,0,15,6,2,35,0,43,4,0,4,47
05/31/2016,SJT,TX,ASW,CE,Federal Contract Tower,6,6,11,26,49,0,0,8,12,20,6,6,19,38,69,4,66,70,139
06/01/2016,SJT,TX,ASW,CE,Federal Contract Tower,6,10,18,47,81,0,1,26,19,46,6,11,44,66,127,4,104,108,235
06/02/2016,SJT,TX,ASW,CE,Federal Contract Tower,6,12,10,37,65,0,0,17,6,23,6,12,27,43,88,18,36,54,142
06/03/2016,SJT,TX,ASW,CE,Federal Contract Tower,9,12,6,13,40,0,2,11,0,13,9,14,17,13,53,32,0,32,85
06/04/2016,SJT,TX,ASW,CE,Federal Contract Tower,7,4,5,0,16,0,0,26,2,28,7,4,31,2,44,38,0,38,82
06/05/2016,SJT,TX,ASW,CE,Federal Contract Tower,8,1,10,11,30,2,56,4,0,62,10,57,14,11,92,60,32,92,184
06/06/2016,SJT,TX,ASW,CE,Federal Contract Tower,8,4,21,25,58,0,0,53,4,57,8,4,74,29,115,10,90,100,215
06/07/2016,SJT,TX,ASW,CE,Federal Contract Tower,8,5,11,48,72,0,4,44,7,55,8,9,55,55,127,45,152,197,324
06/08/2016,SJT,TX,ASW,CE,Federal Contract Tower,8,10,13,51,82,0,0,41,10,51,8,10,54,61,133,52,136,188,321
06/09/2016,SJT,TX,ASW,CE,Federal Contract Tower,8,12,25,33,78,0,7,58,16,81,8,19,83,49,159,10,78,88,247
06/10/2016,SJT,TX,ASW,CE,Federal Contract Tower,9,9,17,45,80,0,0,48,16,64,9,9,65,61,144,30,62,92,236
06/11/2016,SJT,TX,ASW,CE,Federal Contract Tower,7,5,6,7,25,0,3,15,2,20,7,8,21,9,45,0,10,10,55
06/12/2016,SJT,TX,ASW,CE,Federal Contract Tower,6,3,7,51,67,0,0,21,6,27,6,3,28,57,94,28,120,148,242
06/13/2016,SJT,TX,ASW,CE,Federal Contract Tower,4,6,6,29,45,0,0,29,13,42,4,6,35,42,87,32,52,84,171
06/14/2016,SJT,TX,ASW,CE,Federal Contract Tower,6,13,29,41,89,0,13,28,14,55,6,26,57,55,144,2,110,112,256
06/15/2016,SJT,TX,ASW,CE,Federal Contract Tower,8,11,20,54,93,0,11,54,17,82,8,22,74,71,175,44,142,186,361
06/16/2016,SJT,TX,ASW,CE,Federal Contract Tower,8,11,9,51,79,0,7,27,16,50,8,18,36,67,129,2,156,158,287
06/17/2016,SJT,TX,ASW,CE,Federal Contract Tower,8,9,24,63,104,0,2,49,25,76,8,11,73,88,180,10,76,86,266
06/18/2016,SJT,TX,ASW,CE,Federal Contract Tower,7,7,13,0,27,0,4,34,2,40,7,11,47,2,67,10,0,10,77
06/19/2016,SJT,TX,ASW,CE,Federal Contract Tower,10,6,6,24,46,0,0,32,17,49,10,6,38,41,95,0,36,36,131
06/20/2016,SJT,TX,ASW,CE,Federal Contract Tower,8,2,14,45,69,0,0,22,10,32,8,2,36,55,101,24,40,64,165
06/21/2016,SJT,TX,ASW,CE,Federal Contract Tower,8,7,12,39,66,0,3,35,11,49,8,10,47,50,115,78,62,140,255
06/22/2016,SJT,TX,ASW,CE,Federal Contract Tower,10,11,14,56,91,0,0,50,21,71,10,11,64,77,162,14,128,142,304
06/23/2016,SJT,TX,ASW,CE,Federal Contract Tower,8,14,14,29,65,0,2,38,6,46,8,16,52,35,111,30,62,92,203
06/24/2016,SJT,TX,ASW,CE,Federal Contract Tower,8,14,9,65,96,0,0,51,13,64,8,14,60,78,160,54,68,122,282
06/25/2016,SJT,TX,ASW,CE,Federal Contract Tower,7,3,4,0,14,0,0,25,0,25,7,3,29,0,39,6,0,6,45
06/26/2016,SJT,TX,ASW,CE,Federal Contract Tower,8,3,15,0,26,0,0,16,0,16,8,3,31,0,42,8,0,8,50
06/27/2016,SJT,TX,ASW,CE,Federal Contract Tower,7,3,17,34,61,0,1,24,12,37,7,4,41,46,98,34,64,98,196
06/28/2016,SJT,TX,ASW,CE,Federal Contract Tower,8,5,18,22,53,0,7,27,6,40,8,12,45,28,93,80,106,186,279
06/29/2016,SJT,TX,ASW,CE,Federal Contract Tower,8,10,14,19,51,0,3,36,7,46,8,13,50,26,97,10,32,42,139
06/30/2016,SJT,TX,ASW,CE,Federal Contract Tower,9,7,13,41,70,0,2,39,13,54,9,9,52,54,124,4,114,118,242
07/01/2016,SJT,TX,ASW,CE,Federal Contract Tower,9,7,21,68,105,0,6,62,23,91,9,13,83,91,196,28,142,170,366
07/02/2016,SJT,TX,ASW,CE,Federal Contract Tower,7,3,3,15,28,0,0,41,2,43,7,3,44,17,71,8,22,30,101
07/03/2016,SJT,TX,ASW,CE,Federal Contract Tower,7,0,3,0,10,0,0,11,3,14,7,0,14,3,24,8,6,14,38
07/04/2016,SJT,TX,ASW,CE,Federal Contract Tower,7,2,12,0,21,0,0,24,0,24,7,2,36,0,45,26,0,26,71
07/05/2016,SJT,TX,ASW,CE,Federal Contract Tower,8,4,14,1,27,0,0,24,1,25,8,4,38,2,52,0,0,0,52
07/06/2016,SJT,TX,ASW,CE,Federal Contract Tower,9,10,10,65,94,0,8,52,19,79,9,18,62,84,173,6,144,150,323
07/07/2016,SJT,TX,ASW,CE,Federal Contract Tower,8,14,10,32,64,0,10,35,10,55,8,24,45,42,119,26,90,116,235
07/08/2016,SJT,TX,ASW,CE,Federal Contract Tower,8,10,6,31,55,0,4,31,16,51,8,14,37,47,106,18,48,66,172
07/09/2016,SJT,TX,ASW,CE,Federal Contract Tower,7,3,8,0,18,0,0,29,0,29,7,3,37,0,47,32,0,32,79
07/10/2016,SJT,TX,ASW,CE,Federal Contract Tower,10,0,8,24,42,0,0,31,8,39,10,0,39,32,81,10,52,62,143
07/11/2016,SJT,TX,ASW,CE,Federal Contract Tower,8,5,13,36,62,0,0,20,4,24,8,5,33,40,86,14,72,86,172
07/12/2016,SJT,TX,ASW,CE,Federal Contract Tower,8,6,14,36,64,0,1,33,6,40,8,7,47,42,104,8,120,128,232
07/13/2016,SJT,TX,ASW,CE,Federal Contract Tower,8,12,10,52,82,0,6,32,14,52,8,18,42,66,134,34,122,156,290
07/14/2016,SJT,TX,ASW,CE,Federal Contract Tower,8,12,7,37,64,0,3,32,10,45,8,15,39,47,109,14,52,66,175
07/15/2016,SJT,TX,ASW,CE,Federal Contract Tower,6,12,5,56,79,0,7,23,10,40,6,19,28,66,119,10,70,80,199
07/16/2016,SJT,TX,ASW,CE,Federal Contract Tower,7,9,8,2,26,1,9,38,5,53,8,18,46,7,79,36,4,40,119
07/17/2016,SJT,TX,ASW,CE,Federal Contract Tower,8,2,11,18,39,0,0,43,12,55,8,2,54,30,94,46,30,76,170
07/18/2016,SJT,TX,ASW,CE,Federal Contract Tower,8,5,8,46,67,0,0,35,7,42,8,5,43,53,109,40,92,132,241
07/19/2016,SJT,TX,ASW,CE,Federal Contract Tower,8,7,14,49,78,0,10,40,16,66,8,17,54,65,144,68,126,194,338
07/20/2016,SJT,TX,ASW,CE,Federal Contract Tower,8,6,10,57,81,0,1,35,12,48,8,7,45,69,129,33,140,173,302
07/21/2016,SJT,TX,ASW,CE,Federal Contract Tower,7,10,10,48,75,0,9,39,12,60,7,19,49,60,135,58,88,146,281
07/22/2016,SJT,TX,ASW,CE,Federal Contract Tower,8,12,13,67,100,0,7,30,21,58,8,19,43,88,158,22,118,140,298
07/23/2016,SJT,TX,ASW,CE,Federal Contract Tower,7,3,4,0,14,0,3,32,0,35,7,6,36,0,49,30,0,30,79
07/24/2016,SJT,TX,ASW,CE,Federal Contract Tower,8,2,10,15,35,0,4,29,2,35,8,6,39,17,70,54,10,64,134
07/25/2016,SJT,TX,ASW,CE,Federal Contract Tower,10,5,4,24,43,0,0,21,15,36,10,5,25,39,79,25,60,85,164
07/26/2016,SJT,TX,ASW,CE,Federal Contract Tower,8,8,7,12,35,0,0,33,2,35,8,8,40,14,70,36,20,56,126
07/27/2016,SJT,TX,ASW,CE,Federal Contract Tower,8,7,10,33,58,0,2,46,15,63,8,9,56,48,121,32,118,150,271
07/28/2016,SJT,TX,ASW,CE,Federal Contract Tower,8,17,19,44,88,1,17,45,27,90,9,34,64,71,178,68,160,228,406
07/29/2016,SJT,TX,ASW,CE,Federal Contract Tower,8,9,11,45,73,0,9,39,32,80,8,18,50,77,153,40,56,96,249
07/30/2016,SJT,TX,ASW,CE,Federal Contract Tower,7,4,7,3,21,0,5,29,2,36,7,9,36,5,57,18,18,36,93
07/31/2016,SJT,TX,ASW,CE,Federal Contract Tower,8,1,14,41,64,0,0,35,31,66,8,1,49,72,130,28,52,80,210
08/01/2016,SJT,TX,ASW,CE,Federal Contract Tower,6,5,11,53,75,0,0,34,7,41,6,5,45,60,116,14,94,108,224
08/02/2016,SJT,TX,ASW,CE,Federal Contract Tower,8,7,9,58,82,0,7,32,16,55,8,14,41,74,137,14,130,144,281
08/03/2016,SJT,TX,ASW,CE,Federal Contract Tower,8,15,10,33,66,0,14,34,14,62,8,29,44,47,128,4,158,162,290
08/04/2016,SJT,TX,ASW,CE,Federal Contract Tower,8,10,14,34,66,0,18,48,19,85,8,28,62,53,151,18,68,86,237
08/05/2016,SJT,TX,ASW,CE,Federal Contract Tower,8,10,9,22,49,0,1,38,5,44,8,11,47,27,93,0,18,18,111
08/06/2016,SJT,TX,ASW,CE,Federal Contract Tower,7,9,6,10,32,0,7,29,0,36,7,16,35,10,68,38,28,66,134
08/07/2016,SJT,TX,ASW,CE,Federal Contract Tower,8,3,13,31,55,0,1,30,21,52,8,4,43,52,107,36,86,122,229
08/08/2016,SJT,TX,ASW,CE,Federal Contract Tower,8,7,4,38,57,0,0,28,9,37,8,7,32,47,94,18,70,88,182
08/09/2016,SJT,TX,ASW,CE,Federal Contract Tower,8,9,10,50,77,0,9,34,16,59,8,18,44,66,136,16,192,208,344
08/10/2016,SJT,TX,ASW,CE,Federal Contract Tower,8,12,10,52,82,0,2,34,12,48,8,14,44,64,130,12,134,146,276
08/11/2016,SJT,TX,ASW,CE,Federal Contract Tower,8,8,7,41,64,0,5,34,13,52,8,13,41,54,116,12,56,68,184
08/12/2016,SJT,TX,ASW,CE,Federal Contract Tower,6,8,11,32,57,0,10,40,16,66,6,18,51,48,123,42,38,80,203
08/13/2016,SJT,TX,ASW,CE,Federal Contract Tower,7,3,4,0,14,0,4,13,0,17,7,7,17,0,31,18,0,18,49
08/14/2016,SJT,TX,ASW,CE,Federal Contract Tower,9,2,9,40,60,0,2,34,16,52,9,4,43,56,112,66,76,142,254
08/15/2016,SJT,TX,ASW,CE,Federal Contract Tower,8,3,15,49,75,0,0,28,21,49,8,3,43,70,124,34,124,158,282
08/16/2016,SJT,TX,ASW,CE,Federal Contract Tower,9,6,16,23,54,0,6,36,11,53,9,12,52,34,107,46,66,112,219
08/17/2016,SJT,TX,ASW,CE,Federal Contract Tower,6,11,12,4,33,0,9,13,6,28,6,20,25,10,61,18,2,20,81
08/18/2016,SJT,TX,ASW,CE,Federal Contract Tower,10,10,15,15,50,0,6,22,6,34,10,16,37,21,84,4,26,30,114
08/19/2016,SJT,TX,ASW,CE,Federal Contract Tower,5,9,18,46,78,0,6,24,9,39,5,15,42,55,117,0,40,40,157
08/20/2016,SJT,TX,ASW,CE,Federal Contract Tower,0,7,6,0,13,0,2,15,0,17,0,9,21,0,30,0,0,0,30
08/21/2016,SJT,TX,ASW,CE,Federal Contract Tower,9,4,13,32,58,0,1,11,10,22,9,5,24,42,80,0,82,82,162
08/22/2016,SJT,TX,ASW,CE,Federal Contract Tower,8,8,17,36,69,0,3,13,0,16,8,11,30,36,85,0,40,40,125
08/23/2016,SJT,TX,ASW,CE,Federal Contract Tower,9,9,14,47,79,1,5,32,16,54,10,14,46,63,133,33,82,115,248
08/24/2016,SJT,TX,ASW,CE,Federal Contract Tower,9,10,22,36,77,0,8,44,11,63,9,18,66,47,140,30,102,132,272
08/25/2016,SJT,TX,ASW,CE,Federal Contract Tower,10,11,25,40,86,0,12,53,4,69,10,23,78,44,155,60,122,182,337
08/26/2016,SJT,TX,ASW,CE,Federal Contract Tower,6,10,11,65,92,0,5,39,22,66,6,15,50,87,158,82,82,164,322
08/27/2016,SJT,TX,ASW,CE,Federal Contract Tower,7,7,7,7,28,0,2,38,3,43,7,9,45,10,71,52,0,52,123
08/28/2016,SJT,TX,ASW,CE,Federal Contract Tower,8,8,4,22,42,0,0,19,1,20,8,8,23,23,62,46,50,96,158
08/29/2016,SJT,TX,ASW,CE,Federal Contract Tower,8,9,17,73,107,0,0,19,9,28,8,9,36,82,135,24,100,124,259
08/30/2016,SJT,TX,ASW,CE,Federal Contract Tower,7,16,18,36,77,0,12,22,14,48,7,28,40,50,125,46,152,198,323
08/31/2016,SJT,TX,ASW,CE,Federal Contract Tower,10,10,19,49,88,0,8,51,24,83,10,18,70,73,171,68,174,242,413
09/01/2016,SJT,TX,ASW,CE,Federal Contract Tower,10,6,23,43,82,0,6,35,15,56,10,12,58,58,138,62,107,169,307
09/02/2016,SJT,TX,ASW,CE,Federal Contract Tower,6,13,19,0,38,0,7,22,0,29,6,20,41,0,67,0,0,0,67
09/03/2016,SJT,TX,ASW,CE,Federal Contract Tower,9,3,11,0,23,0,0,16,0,16,9,3,27,0,39,20,0,20,59
09/04/2016,SJT,TX,ASW,CE,Federal Contract Tower,6,1,12,2,21,0,0,31,2,33,6,1,43,4,54,0,0,0,54
09/05/2016,SJT,TX,ASW,CE,Federal Contract Tower,8,4,14,2,28,0,0,19,0,19,8,4,33,2,47,28,2,30,77
09/06/2016,SJT,TX,ASW,CE,Federal Contract Tower,9,8,16,58,91,0,6,38,9,53,9,14,54,67,144,108,160,268,412
09/07/2016,SJT,TX,ASW,CE,Federal Contract Tower,9,9,17,73,108,0,3,35,12,50,9,12,52,85,158,48,196,244,402
09/08/2016,SJT,TX,ASW,CE,Federal Contract Tower,8,8,20,26,62,0,4,60,8,72,8,12,80,34,134,48,92,140,274
09/09/2016,SJT,TX,ASW,CE,Federal Contract Tower,10,7,20,91,128,0,4,42,64,110,10,11,62,155,238,42,242,284,522
09/10/2016,SJT,TX,ASW,CE,Federal Contract Tower,7,4,5,0,16,0,0,22,0,22,7,4,27,0,38,34,0,34,72
09/11/2016,SJT,TX,ASW,CE,Federal Contract Tower,8,2,18,15,43,0,1,56,11,68,8,3,74,26,111,60,34,94,205
09/12/2016,SJT,TX,ASW,CE,Federal Contract Tower,10,9,17,56,92,0,1,43,6,50,10,10,60,62,142,46,72,118,260
09/13/2016,SJT,TX,ASW,CE,Federal Contract Tower,11,7,11,20,49,0,0,25,11,36,11,7,36,31,85,24,56,80,165
09/14/2016,SJT,TX,ASW,CE,Federal Contract Tower,9,8,17,75,109,0,0,54,9,63,9,8,71,84,172,52,172,224,396
09/15/2016,SJT,TX,ASW,CE,Federal Contract Tower,8,11,15,38,72,0,2,49,11,62,8,13,64,49,134,88,100,188,322
09/16/2016,SJT,TX,ASW,CE,Federal Contract Tower,10,11,15,29,65,0,2,37,3,42,10,13,52,32,107,42,58,100,207
09/17/2016,SJT,TX,ASW,CE,Federal Contract Tower,7,2,6,0,15,0,1,33,0,34,7,3,39,0,49,70,0,70,119
09/18/2016,SJT,TX,ASW,CE,Federal Contract Tower,8,2,4,23,37,1,2,33,16,52,9,4,37,39,89,68,48,116,205
09/19/2016,SJT,TX,ASW,CE,Federal Contract Tower,9,4,10,48,71,0,0,35,28,63,9,4,45,76,134,18,84,102,236
09/20/2016,SJT,TX,ASW,CE,Federal Contract Tower,8,7,15,32,62,0,3,35,11,49,8,10,50,43,111,26,82,108,219
09/21/2016,SJT,TX,ASW,CE,Federal Contract Tower,8,8,12,19,47,0,3,43,8,54,8,11,55,27,101,20,52,72,173
09/22/2016,SJT,TX,ASW,CE,Federal Contract Tower,8,8,11,36,63,0,3,51,16,70,8,11,62,52,133,94,82,176,309
09/23/2016,SJT,TX,ASW,CE,Federal Contract Tower,8,10,25,43,86,0,7,43,7,57,8,17,68,50,143,24,150,174,317
09/24/2016,SJT,TX,ASW,CE,Federal Contract Tower,7,12,11,0,30,0,0,12,0,12,7,12,23,0,42,12,0,12,54
09/25/2016,SJT,TX,ASW,CE,Federal Contract Tower,6,1,3,2,12,0,0,3,2,5,6,1,6,4,17,0,2,2,19
09/26/2016,SJT,TX,ASW,CE,Federal Contract Tower,8,7,14,7,36,0,0,18,2,20,8,7,32,9,56,0,12,12,68
09/27/2016,SJT,TX,ASW,CE,Federal Contract Tower,8,5,12,42,67,0,5,31,15,51,8,10,43,57,118,34,124,158,276
09/28/2016,SJT,TX,ASW,CE,Federal Contract Tower,8,10,16,45,79,0,11,47,19,77,8,21,63,64,156,26,96,122,278
09/29/2016,SJT,TX,ASW,CE,Federal Contract Tower,8,6,21,46,81,1,8,56,21,86,9,14,77,67,167,66,154,220,387
09/30/2016,SJT,TX,ASW,CE,Federal Contract Tower,8,13,7,34,62,0,11,47,9,67,8,24,54,43,129,52,70,122,251
10/01/2016,SJT,TX,ASW,CE,Federal Contract Tower,7,6,9,0,22,0,1,44,0,45,7,7,53,0,67,4,0,4,71
10/02/2016,SJT,TX,ASW,CE,Federal Contract Tower,8,1,11,4,24,0,1,22,0,23,8,2,33,4,47,36,8,44,91
10/03/2016,SJT,TX,ASW,CE,Federal Contract Tower,8,3,10,39,60,0,0,40,8,48,8,3,50,47,108,18,74,92,200
10/04/2016,SJT,TX,ASW,CE,Federal Contract Tower,8,7,15,39,69,0,7,27,8,42,8,14,42,47,111,8,116,124,235
10/05/2016,SJT,TX,ASW,CE,Federal Contract Tower,8,8,20,48,84,0,7,39,17,63,8,15,59,65,147,4,138,142,289
10/06/2016,SJT,TX,ASW,CE,Federal Contract Tower,8,11,17,27,63,0,9,34,8,51,8,20,51,35,114,26,100,126,240
10/07/2016,SJT,TX,ASW,CE,Federal Contract Tower,8,14,13,21,56,0,0,9,9,18,8,14,22,30,74,16,32,48,122
10/08/2016,SJT,TX,ASW,CE,Federal Contract Tower,9,3,10,4,26,0,3,24,2,29,9,6,34,6,55,30,6,36,91
10/09/2016,SJT,TX,ASW,CE,Federal Contract Tower,8,0,21,1,30,0,0,54,3,57,8,0,75,4,87,12,0,12,99
10/10/2016,SJT,TX,ASW,CE,Federal Contract Tower,8,4,14,0,26,0,2,46,0,48,8,6,60,0,74,4,0,4,78
10/11/2016,SJT,TX,ASW,CE,Federal Contract Tower,7,9,13,45,74,0,8,29,27,64,7,17,42,72,138,8,98,106,244
10/12/2016,SJT,TX,ASW,CE,Federal Contract Tower,8,9,13,45,75,0,9,38,13,60,8,18,51,58,135,18,62,80,215
10/13/2016,SJT,TX,ASW,CE,Federal Contract Tower,8,7,23,43,81,0,5,29,16,50,8,12,52,59,131,16,66,82,213
10/14/2016,SJT,TX,ASW,CE,Federal Contract Tower,8,9,37,72,126,0,0,47,18,65,8,9,84,90,191,20,42,62,253
10/15/2016,SJT,TX,ASW,CE,Federal Contract Tower,7,10,12,8,37,0,1,21,4,26,7,11,33,12,63,16,16,32,95
10/16/2016,SJT,TX,ASW,CE,Federal Contract Tower,10,0,24,41,75,0,2,48,20,70,10,2,72,61,145,22,80,102,247
10/17/2016,SJT,TX,ASW,CE,Federal Contract Tower,8,7,5,63,83,0,1,11,18,30,8,8,16,81,113,2,116,118,231
10/18/2016,SJT,TX,ASW,CE,Federal Contract Tower,8,5,9,37,59,0,8,33,18,59,8,13,42,55,118,16,116,132,250
10/19/2016,SJT,TX,ASW,CE,Federal Contract Tower,10,8,14,16,48,0,0,40,9,49,10,8,54,25,97,46,32,78,175
10/20/2016,SJT,TX,ASW,CE,Federal Contract Tower,10,6,17,39,72,0,5,41,20,66,10,11,58,59,138,46,86,132,270
10/21/2016,SJT,TX,ASW,CE,Federal Contract Tower,8,10,19,12,49,0,7,83,10,100,8,17,102,22,149,66,64,130,279
10/22/2016,SJT,TX,ASW,CE,Federal Contract Tower,7,7,7,0,21,0,5,41,0,46,7,12,48,0,67,40,0,40,107
10/23/2016,SJT,TX,ASW,CE,Federal Contract Tower,8,2,9,13,32,0,0,48,2,50,8,2,57,15,82,40,26,66,148
10/24/2016,SJT,TX,ASW,CE,Federal Contract Tower,8,3,18,25,54,0,1,33,4,38,8,4,51,29,92,6,36,42,134
10/25/2016,SJT,TX,ASW,CE,Federal Contract Tower,8,12,14,74,108,0,12,50,29,91,8,24,64,103,199,26,150,176,375
10/26/2016,SJT,TX,ASW,CE,Federal Contract Tower,8,7,25,83,123,0,5,56,19,80,8,12,81,102,203,52,182,234,437
10/27/2016,SJT,TX,ASW,CE,Federal Contract Tower,8,8,23,41,80,0,5,52,17,74,8,13,75,58,154,40,96,136,290
10/28/2016,SJT,TX,ASW,CE,Federal Contract Tower,6,10,8,55,79,0,7,58,11,76,6,17,66,66,155,44,54,98,253
10/29/2016,SJT,TX,ASW,CE,Federal Contract Tower,7,3,17,2,29,0,0,41,4,45,7,3,58,6,74,6,0,6,80
10/30/2016,SJT,TX,ASW,CE,Federal Contract Tower,8,2,7,3,20,0,0,31,2,33,8,2,38,5,53,0,14,14,67
10/31/2016,SJT,TX,ASW,CE,Federal Contract Tower,7,3,13,2,25,0,0,27,0,27,7,3,40,2,52,14,2,16,68
11/01/2016,SJT,TX,ASW,CE,Federal Contract Tower,9,10,26,87,132,0,12,44,27,83,9,22,70,114,215,30,212,242,457
11/02/2016,SJT,TX,ASW,CE,Federal Contract Tower,6,6,10,39,61,0,1,21,1,23,6,7,31,40,84,60,78,138,222
11/03/2016,SJT,TX,ASW,CE,Federal Contract Tower,9,6,12,16,43,0,3,11,3,17,9,9,23,19,60,0,26,26,86
11/04/2016,SJT,TX,ASW,CE,Federal Contract Tower,10,8,14,19,51,0,0,7,2,9,10,8,21,21,60,0,8,8,68
11/05/2016,SJT,TX,ASW,CE,Federal Contract Tower,7,4,13,0,24,0,1,4,0,5,7,5,17,0,29,28,0,28,57
11/06/2016,SJT,TX,ASW,CE,Federal Contract Tower,10,7,11,4,32,0,0,18,3,21,10,7,29,7,53,38,8,46,99
11/07/2016,SJT,TX,ASW,CE,Federal Contract Tower,8,2,16,100,126,0,0,26,15,41,8,2,42,115,167,4,96,100,267
11/08/2016,SJT,TX,ASW,CE,Federal Contract Tower,6,9,17,52,84,0,9,22,5,36,6,18,39,57,120,26,150,176,296
11/09/2016,SJT,TX,ASW,CE,Federal Contract Tower,8,6,11,24,49,0,0,0,0,0,8,6,11,24,49,2,32,34,83
11/10/2016,SJT,TX,ASW,CE,Federal Contract Tower,8,7,34,21,70,0,0,20,5,25,8,7,54,26,95,30,28,58,153
11/11/2016,SJT,TX,ASW,CE,Federal Contract Tower,7,12,13,0,32,0,0,42,2,44,7,12,55,2,76,28,0,28,104
11/12/2016,SJT,TX,ASW,CE,Federal Contract Tower,7,6,9,0,22,0,2,58,0,60,7,8,67,0,82,40,0,40,122
11/13/2016,SJT,TX,ASW,CE,Federal Contract Tower,8,2,16,0,26,0,1,59,0,60,8,3,75,0,86,66,0,66,152
11/14/2016,SJT,TX,ASW,CE,Federal Contract Tower,8,4,17,66,95,0,0,36,15,51,8,4,53,81,146,44,118,162,308
11/15/2016,SJT,TX,ASW,CE,Federal Contract Tower,6,12,19,23,60,0,4,65,18,87,6,16,84,41,147,40,122,162,309
11/16/2016,SJT,TX,ASW,CE,Federal Contract Tower,6,6,15,59,86,0,0,34,19,53,6,6,49,78,139,52,112,164,303
11/17/2016,SJT,TX,ASW,CE,Federal Contract Tower,8,8,20,48,84,0,2,30,17,49,8,10,50,65,133,32,142,174,307
11/18/2016,SJT,TX,ASW,CE,Federal Contract Tower,8,7,15,14,44,0,2,43,6,51,8,9,58,20,95,16,30,46,141
11/19/2016,SJT,TX,ASW,CE,Federal Contract Tower,7,3,14,0,24,0,0,56,6,62,7,3,70,6,86,6,0,6,92
11/20/2016,SJT,TX,ASW,CE,Federal Contract Tower,7,4,20,2,33,0,0,51,0,51,7,4,71,2,84,70,18,88,172
11/21/2016,SJT,TX,ASW,CE,Federal Contract Tower,7,4,12,25,48,0,0,40,5,45,7,4,52,30,93,24,30,54,147
11/22/2016,SJT,TX,ASW,CE,Federal Contract Tower,7,12,29,26,74,0,0,27,7,34,7,12,56,33,108,24,38,62,170
11/23/2016,SJT,TX,ASW,CE,Federal Contract Tower,7,10,16,35,68,1,44,5,0,50,8,54,21,35,118,46,104,150,268
11/24/2016,SJT,TX,ASW,CE,Federal Contract Tower,3,4,5,0,12,0,0,28,0,28,3,4,33,0,40,14,0,14,54
11/25/2016,SJT,TX,ASW,CE,Federal Contract Tower,7,11,17,0,35,0,1,11,0,12,7,12,28,0,47,14,0,14,61
11/26/2016,SJT,TX,ASW,CE,Federal Contract Tower,8,6,23,0,37,0,0,1,0,1,8,6,24,0,38,4,0,4,42
11/27/2016,SJT,TX,ASW,CE,Federal Contract Tower,8,4,25,0,37,0,0,9,0,9,8,4,34,0,46,0,0,0,46
11/28/2016,SJT,TX,ASW,CE,Federal Contract Tower,8,7,16,21,52,0,0,15,6,21,8,7,31,27,73,0,30,30,103
11/29/2016,SJT,TX,ASW,CE,Federal Contract Tower,9,7,26,23,65,0,3,33,5,41,9,10,59,28,106,50,60,110,216
11/30/2016,SJT,TX,ASW,CE,Federal Contract Tower,6,16,21,22,65,0,4,54,5,63,6,20,75,27,128,110,62,172,300
12/01/2016,SJT,TX,ASW,CE,Federal Contract Tower,8,17,24,55,104,0,2,64,19,85,8,19,88,74,189,100,176,276,465
12/02/2016,SJT,TX,ASW,CE,Federal Contract Tower,9,13,17,17,56,0,0,3,0,3,9,13,20,17,59,4,6,10,69
12/03/2016,SJT,TX,ASW,CE,Federal Contract Tower,7,3,3,0,13,0,0,0,0,0,7,3,3,0,13,0,0,0,13
12/04/2016,SJT,TX,ASW,CE,Federal Contract Tower,9,0,11,36,56,0,0,5,14,19,9,0,16,50,75,16,68,84,159
12/05/2016,SJT,TX,ASW,CE,Federal Contract Tower,8,3,10,39,60,0,0,2,0,2,8,3,12,39,62,2,44,46,108
12/06/2016,SJT,TX,ASW,CE,Federal Contract Tower,6,11,22,51,90,0,0,15,0,15,6,11,37,51,105,56,114,170,275
12/07/2016,SJT,TX,ASW,CE,Federal Contract Tower,9,10,25,35,79,0,0,22,8,30,9,10,47,43,109,2,56,58,167
12/08/2016,SJT,TX,ASW,CE,Federal Contract Tower,10,14,5,4,33,0,0,6,11,17,10,14,11,15,50,2,14,16,66
12/09/2016,SJT,TX,ASW,CE,Federal Contract Tower,9,11,13,41,74,0,1,39,7,47,9,12,52,48,121,18,34,52,173
12/10/2016,SJT,TX,ASW,CE,Federal Contract Tower,7,7,9,0,23,0,0,23,0,23,7,7,32,0,46,8,0,8,54
12/11/2016,SJT,TX,ASW,CE,Federal Contract Tower,10,7,6,9,32,0,0,12,5,17,10,7,18,14,49,42,8,50,99
12/12/2016,SJT,TX,ASW,CE,Federal Contract Tower,7,5,22,65,99,0,1,55,19,75,7,6,77,84,174,78,202,280,454
12/13/2016,SJT,TX,ASW,CE,Federal Contract Tower,6,9,12,59,86,0,5,34,3,42,6,14,46,62,128,36,168,204,332
12/14/2016,SJT,TX,ASW,CE,Federal Contract Tower,7,10,22,70,109,0,8,47,33,88,7,18,69,103,197,50,126,176,373
12/15/2016,SJT,TX,ASW,CE,Federal Contract Tower,8,13,30,22,73,0,0,25,12,37,8,13,55,34,110,0,16,16,126
12/16/2016,SJT,TX,ASW,CE,Federal Contract Tower,8,13,22,52,95,0,0,21,11,32,8,13,43,63,127,14,62,76,203
12/17/2016,SJT,TX,ASW,CE,Federal Contract Tower,6,11,9,31,57,0,4,42,3,49,6,15,51,34,106,52,68,120,226
12/19/2016,SJT,TX,ASW,CE,Federal Contract Tower,5,8,14,20,47,0,0,31,6,37,5,8,45,26,84,36,40,76,160
12/20/2016,SJT,TX,ASW,CE,Federal Contract Tower,9,14,15,11,49,0,0,45,1,46,9,14,60,12,95,40,12,52,147
12/21/2016,SJT,TX,ASW,CE,Federal Contract Tower,9,13,24,30,76,0,5,60,7,72,9,18,84,37,148,82,64,146,294
12/22/2016,SJT,TX,ASW,CE,Federal Contract Tower,8,10,15,37,70,0,9,40,6,55,8,19,55,43,125,36,86,122,247
12/23/2016,SJT,TX,ASW,CE,Federal Contract Tower,8,11,22,45,86,0,0,26,7,33,8,11,48,52,119,22,48,70,189
12/24/2016,SJT,TX,ASW,CE,Federal Contract Tower,7,5,12,0,24,0,0,3,0,3,7,5,15,0,27,0,0,0,27
12/25/2016,SJT,TX,ASW,CE,Federal Contract Tower,7,0,3,0,10,0,0,0,0,0,7,0,3,0,10,0,0,0,10
12/26/2016,SJT,TX,ASW,CE,Federal Contract Tower,8,3,16,0,27,0,0,23,0,23,8,3,39,0,50,70,0,70,120
12/27/2016,SJT,TX,ASW,CE,Federal Contract Tower,8,5,9,0,22,0,5,32,0,37,8,10,41,0,59,52,0,52,111
12/28/2016,SJT,TX,ASW,CE,Federal Contract Tower,10,8,13,0,31,0,6,36,0,42,10,14,49,0,73,22,0,22,95
12/29/2016,SJT,TX,ASW,CE,Federal Contract Tower,9,10,12,0,31,0,5,20,0,25,9,15,32,0,56,22,0,22,78
12/30/2016,SJT,TX,ASW,CE,Federal Contract Tower,9,7,9,0,25,0,0,17,0,17,9,7,26,0,42,10,0,10,52
12/31/2016,SJT,TX,ASW,CE,Federal Contract Tower,7,3,5,0,15,0,1,27,0,28,7,4,32,0,43,0,0,0,43
01/01/2017,SJT,TX,ASW,CE,Federal Contract Tower,7,2,7,0,16,0,0,20,0,20,7,2,27,0,36,6,0,6,42
01/02/2017,SJT,TX,ASW,CE,Federal Contract Tower,8,1,10,0,19,0,0,34,0,34,8,1,44,0,53,18,0,18,71
01/03/2017,SJT,TX,ASW,CE,Federal Contract Tower,8,6,13,28,55,0,5,34,9,48,8,11,47,37,103,32,98,130,233
01/04/2017,SJT,TX,ASW,CE,Federal Contract Tower,8,8,12,23,51,0,5,43,14,62,8,13,55,37,113,30,56,86,199
01/05/2017,SJT,TX,ASW,CE,Federal Contract Tower,8,14,10,60,92,0,2,24,21,47,8,16,34,81,139,18,248,266,405
01/06/2017,SJT,TX,ASW,CE,Federal Contract Tower,8,6,7,36,57,0,0,18,11,29,8,6,25,47,86,2,108,110,196
01/07/2017,SJT,TX,ASW,CE,Federal Contract Tower,6,4,8,4,22,0,4,22,2,28,6,8,30,6,50,4,12,16,66
01/08/2017,SJT,TX,ASW,CE,Federal Contract Tower,8,5,10,29,52,0,0,29,16,45,8,5,39,45,97,4,82,86,183
01/09/2017,SJT,TX,ASW,CE,Federal Contract Tower,7,5,17,64,93,0,0,33,19,52,7,5,50,83,145,24,148,172,317
01/10/2017,SJT,TX,ASW,CE,Federal Contract Tower,5,8,16,2,31,0,5,46,1,52,5,13,62,3,83,38,6,44,127
01/11/2017,SJT,TX,ASW,CE,Federal Contract Tower,6,9,17,42,74,0,5,46,14,65,6,14,63,56,139,28,140,168,307
01/12/2017,SJT,TX,ASW,CE,Federal Contract Tower,6,12,20,19,57,0,9,30,5,44,6,21,50,24,101,22,18,40,141
01/13/2017,SJT,TX,ASW,CE,Federal Contract Tower,6,7,15,27,55,0,4,12,9,25,6,11,27,36,80,6,34,40,120
01/14/2017,SJT,TX,ASW,CE,Federal Contract Tower,5,1,7,0,13,0,0,0,0,0,5,1,7,0,13,2,0,2,15
01/15/2017,SJT,TX,ASW,CE,Federal Contract Tower,6,0,6,5,17,0,0,0,0,0,6,0,6,5,17,0,0,0,17
01/16/2017,SJT,TX,ASW,CE,Federal Contract Tower,6,4,23,0,33,0,0,46,3,49,6,4,69,3,82,66,0,66,148
01/17/2017,SJT,TX,ASW,CE,Federal Contract Tower,4,10,14,17,45,0,5,9,8,22,4,15,23,25,67,0,112,112,179
01/18/2017,SJT,TX,ASW,CE,Federal Contract Tower,7,9,12,34,62,0,7,25,14,46,7,16,37,48,108,42,48,90,198
01/19/2017,SJT,TX,ASW,CE,Federal Contract Tower,12,9,20,31,72,0,0,35,17,52,12,9,55,48,124,10,142,152,276
01/20/2017,SJT,TX,ASW,CE,Federal Contract Tower,6,13,12,88,119,0,2,39,16,57,6,15,51,104,176,16,80,96,272
01/21/2017,SJT,TX,ASW,CE,Federal Contract Tower,6,6,12,7,31,0,0,18,2,20,6,6,30,9,51,24,12,36,87
01/22/2017,SJT,TX,ASW,CE,Federal Contract Tower,5,2,4,20,31,0,0,6,14,20,5,2,10,34,51,0,28,28,79
01/23/2017,SJT,TX,ASW,CE,Federal Contract Tower,6,6,11,40,63,0,0,57,8,65,6,6,68,48,128,40,62,102,230
01/24/2017,SJT,TX,ASW,CE,Federal Contract Tower,5,13,14,33,65,0,9,37,7,53,5,22,51,40,118,78,62,140,258
01/25/2017,SJT,TX,ASW,CE,Federal Contract Tower,6,13,11,36,66,0,13,38,15,66,6,26,49,51,132,126,92,218,350
01/26/2017,SJT,TX,ASW,CE,Federal Contract Tower,7,12,22,43,84,0,11,54,10,75,7,23,76,53,159,70,88,158,317
01/27/2017,SJT,TX,ASW,CE,Federal Contract Tower,6,6,18,49,79,0,6,30,17,53,6,12,48,66,132,80,120,200,332
01/28/2017,SJT,TX,ASW,CE,Federal Contract Tower,6,5,4,5,20,0,0,17,0,17,6,5,21,5,37,24,8,32,69
01/29/2017,SJT,TX,ASW,CE,Federal Contract Tower,7,2,9,18,36,0,1,44,6,51,7,3,53,24,87,10,48,58,145
01/30/2017,SJT,TX,ASW,CE,Federal Contract Tower,6,8,6,32,52,0,0,32,6,38,6,8,38,38,90,58,40,98,188
01/31/2017,SJT,TX,ASW,CE,Federal Contract Tower,4,9,19,39,71,0,4,41,0,45,4,13,60,39,116,92,138,230,346
02/01/2017,SJT,TX,ASW,CE,Federal Contract Tower,6,8,18,10,42,0,2,48,3,53,6,10,66,13,95,58,16,74,169
02/02/2017,SJT,TX,ASW,CE,Federal Contract Tower,6,9,24,12,51,0,5,67,5,77,6,14,91,17,128,68,56,124,252
02/03/2017,SJT,TX,ASW,CE,Federal Contract Tower,6,10,44,8,68,0,3,42,1,46,6,13,86,9,114,76,12,88,202
02/04/2017,SJT,TX,ASW,CE,Federal Contract Tower,10,12,14,2,38,1,7,5,2,15,11,19,19,4,53,4,0,4,57
02/05/2017,SJT,TX,ASW,CE,Federal Contract Tower,7,0,6,0,13,0,5,35,0,40,7,5,41,0,53,30,0,30,83
02/06/2017,SJT,TX,ASW,CE,Federal Contract Tower,5,14,23,40,82,0,4,45,24,73,5,18,68,64,155,0,102,102,257
02/07/2017,SJT,TX,ASW,CE,Federal Contract Tower,4,11,15,25,55,0,6,45,20,71,4,17,60,45,126,16,104,120,246
02/08/2017,SJT,TX,ASW,CE,Federal Contract Tower,6,11,32,43,92,0,2,60,8,70,6,13,92,51,162,66,78,144,306
02/09/2017,SJT,TX,ASW,CE,Federal Contract Tower,7,12,9,72,100,0,11,59,18,88,7,23,68,90,188,40,180,220,408
02/10/2017,SJT,TX,ASW,CE,Federal Contract Tower,6,9,16,62,93,0,6,39,21,66,6,15,55,83,159,22,78,100,259
02/11/2017,SJT,TX,ASW,CE,Federal Contract Tower,6,5,7,2,20,0,1,33,4,38,6,6,40,6,58,14,2,16,74
02/12/2017,SJT,TX,ASW,CE,Federal Contract Tower,7,0,13,6,26,0,0,27,6,33,7,0,40,12,59,2,20,22,81
02/13/2017,SJT,TX,ASW,CE,Federal Contract Tower,6,5,13,5,29,0,0,1,2,3,6,5,14,7,32,0,12,12,44
02/14/2017,SJT,TX,ASW,CE,Federal Contract Tower,4,22,13,47,86,0,8,16,7,31,4,30,29,54,117,36,70,106,223
02/15/2017,SJT,TX,ASW,CE,Federal Contract Tower,5,12,23,57,97,0,0,65,31,96,5,12,88,88,193,74,130,204,397
02/16/2017,SJT,TX,ASW,CE,Federal Contract Tower,6,15,19,50,90,0,8,60,24,92,6,23,79,74,182,44,120,164,346
02/17/2017,SJT,TX,ASW,CE,Federal Contract Tower,12,18,15,51,96,0,3,42,21,66,12,21,57,72,162,58,96,154,316
02/18/2017,SJT,TX,ASW,CE,Federal Contract Tower,5,10,11,0,26,0,1,53,0,54,5,11,64,0,80,78,0,78,158
02/19/2017,SJT,TX,ASW,CE,Federal Contract Tower,4,1,11,0,16,0,0,20,0,20,4,1,31,0,36,0,0,0,36
02/20/2017,SJT,TX,ASW,CE,Federal Contract Tower,7,5,15,0,27,0,0,28,0,28,7,5,43,0,55,16,0,16,71
02/21/2017,SJT,TX,ASW,CE,Federal Contract Tower,6,9,18,37,70,0,1,53,8,62,6,10,71,45,132,56,80,136,268
02/22/2017,SJT,TX,ASW,CE,Federal Contract Tower,7,13,24,27,71,0,5,80,18,103,7,18,104,45,174,154,76,230,404
02/23/2017,SJT,TX,ASW,CE,Federal Contract Tower,7,8,21,25,61,0,3,39,8,50,7,11,60,33,111,78,36,114,225
02/24/2017,SJT,TX,ASW,CE,Federal Contract Tower,6,10,22,58,96,0,5,47,14,66,6,15,69,72,162,18,106,124,286
02/25/2017,SJT,TX,ASW,CE,Federal Contract Tower,5,5,13,5,28,0,0,65,1,66,5,5,78,6,94,68,8,76,170
02/26/2017,SJT,TX,ASW,CE,Federal Contract Tower,6,1,9,5,21,0,2,27,3,32,6,3,36,8,53,30,6,36,89
02/28/2017,SJT,TX,ASW,CE,Federal Contract Tower,7,12,11,33,63,0,5,31,6,42,7,17,42,39,105,68,88,156,261
03/01/2017,SJT,TX,ASW,CE,Federal Contract Tower,6,23,15,58,102,0,5,50,9,64,6,28,65,67,166,74,182,256,422
03/02/2017,SJT,TX,ASW,CE,Federal Contract Tower,6,15,28,20,69,0,5,71,6,82,6,20,99,26,151,166,72,238,389
03/03/2017,SJT,TX,ASW,CE,Federal Contract Tower,6,10,16,21,53,0,1,73,7,81,6,11,89,28,134,84,36,120,254
03/04/2017,SJT,TX,ASW,CE,Federal Contract Tower,5,10,11,2,28,0,0,12,4,16,5,10,23,6,44,26,4,30,74
03/05/2017,SJT,TX,ASW,CE,Federal Contract Tower,8,5,16,15,44,0,6,42,13,61,8,11,58,28,105,30,30,60,165
03/06/2017,SJT,TX,ASW,CE,Federal Contract Tower,7,7,14,46,74,0,0,25,8,33,7,7,39,54,107,10,202,212,319
03/07/2017,SJT,TX,ASW,CE,Federal Contract Tower,6,13,19,60,98,0,6,23,45,74,6,19,42,105,172,8,194,202,374
03/08/2017,SJT,TX,ASW,CE,Federal Contract Tower,9,16,16,49,90,0,5,53,22,80,9,21,69,71,170,24,120,144,314
03/09/2017,SJT,TX,ASW,CE,Federal Contract Tower,7,13,22,52,94,0,4,44,12,60,7,17,66,64,154,36,72,108,262
03/10/2017,SJT,TX,ASW,CE,Federal Contract Tower,6,10,26,58,100,0,1,46,18,65,6,11,72,76,165,106,42,148,313
03/11/2017,SJT,TX,ASW,CE,Federal Contract Tower,5,5,16,4,30,1,1,31,1,34,6,6,47,5,64,50,18,68,132
03/12/2017,SJT,TX,ASW,CE,Federal Contract Tower,6,4,26,10,46,0,0,19,4,23,6,4,45,14,69,28,8,36,105
03/13/2017,SJT,TX,ASW,CE,Federal Contract Tower,6,10,7,38,61,0,0,32,5,37,6,10,39,43,98,44,46,90,188
03/14/2017,SJT,TX,ASW,CE,Federal Contract Tower,6,12,13,11,42,0,8,39,8,55,6,20,52,19,97,86,60,146,243
03/15/2017,SJT,TX,ASW,CE,Federal Contract Tower,6,14,15,35,70,0,3,48,17,68,6,17,63,52,138,112,56,168,306
03/16/2017,SJT,TX,ASW,CE,Federal Contract Tower,6,18,19,37,80,0,5,30,15,50,6,23,49,52,130,86,148,234,364
03/17/2017,SJT,TX,ASW,CE,Federal Contract Tower,7,15,10,53,85,0,0,46,27,73,7,15,56,80,158,60,164,224,382
03/18/2017,SJT,TX,ASW,CE,Federal Contract Tower,5,6,16,0,27,0,2,42,0,44,5,8,58,0,71,116,0,116,187
03/19/2017,SJT,TX,ASW,CE,Federal Contract Tower,7,3,14,5,29,0,4,43,6,53,7,7,57,11,82,16,6,22,104
03/20/2017,SJT,TX,ASW,CE,Federal Contract Tower,6,13,16,45,80,0,2,41,21,64,6,15,57,66,144,42,128,170,314
03/21/2017,SJT,TX,ASW,CE,Federal Contract Tower,6,16,13,19,54,0,3,37,8,48,6,19,50,27,102,84,56,140,242
03/22/2017,SJT,TX,ASW,CE,Federal Contract Tower,6,14,19,32,71,0,4,64,14,82,6,18,83,46,153,120,76,196,349
03/23/2017,SJT,TX,ASW,CE,Federal Contract Tower,9,11,6,16,42,0,0,7,10,17,9,11,13,26,59,4,60,64,123
03/24/2017,SJT,TX,ASW,CE,Federal Contract Tower,6,9,7,48,70,0,0,18,16,34,6,9,25,64,104,4,76,80,184
03/25/2017,SJT,TX,ASW,CE,Federal Contract Tower,5,5,10,1,21,0,4,71,1,76,5,9,81,2,97,62,0,62,159
03/26/2017,SJT,TX,ASW,CE,Federal Contract Tower,5,2,11,3,21,0,3,33,0,36,5,5,44,3,57,16,6,22,79
03/27/2017,SJT,TX,ASW,CE,Federal Contract Tower,5,8,11,41,65,0,0,37,8,45,5,8,48,49,110,52,68,120,230
03/28/2017,SJT,TX,ASW,CE,Federal Contract Tower,7,12,22,56,97,0,4,15,9,28,7,16,37,65,125,34,218,252,377
03/29/2017,SJT,TX,ASW,CE,Federal Contract Tower,6,11,23,24,64,0,4,31,12,47,6,15,54,36,111,4,70,74,185
03/30/2017,SJT,TX,ASW,CE,Federal Contract Tower,7,14,25,29,75,0,4,64,6,74,7,18,89,35,149,86,88,174,323
03/31/2017,SJT,TX,ASW,CE,Federal Contract Tower,6,10,15,29,60,0,2,36,9,47,6,12,51,38,107,12,42,54,161
04/01/2017,SJT,TX,ASW,CE,Federal Contract Tower,5,3,12,0,20,0,2,30,0,32,5,5,42,0,52,106,0,106,158
04/02/2017,SJT,TX,ASW,CE,Federal Contract Tower,6,0,2,0,8,0,0,0,0,0,6,0,2,0,8,0,0,0,8
04/03/2017,SJT,TX,ASW,CE,Federal Contract Tower,6,13,20,25,64,0,0,40,3,43,6,13,60,28,107,34,50,84,191
04/04/2017,SJT,TX,ASW,CE,Federal Contract Tower,6,6,8,20,40,0,1,38,4,43,6,7,46,24,83,2,48,50,133
04/06/2017,SJT,TX,ASW,CE,Federal Contract Tower,7,13,18,26,64,0,2,70,11,83,7,15,88,37,147,50,84,134,281
04/07/2017,SJT,TX,ASW,CE,Federal Contract Tower,7,16,14,34,71,0,5,44,10,59,7,21,58,44,130,10,80,90,220
04/08/2017,SJT,TX,ASW,CE,Federal Contract Tower,5,3,6,0,14,0,2,30,0,32,5,5,36,0,46,10,0,10,56
04/09/2017,SJT,TX,ASW,CE,Federal Contract Tower,6,7,8,6,27,0,6,29,3,38,6,13,37,9,65,20,4,24,89
04/10/2017,SJT,TX,ASW,CE,Federal Contract Tower,8,4,8,23,43,0,0,19,9,28,8,4,27,32,71,26,26,52,123
04/11/2017,SJT,TX,ASW,CE,Federal Contract Tower,10,10,10,17,47,0,3,12,9,24,10,13,22,26,71,4,18,22,93
04/12/2017,SJT,TX,ASW,CE,Federal Contract Tower,6,9,35,91,141,0,3,18,12,33,6,12,53,103,174,86,186,272,446
04/13/2017,SJT,TX,ASW,CE,Federal Contract Tower,7,7,17,30,61,0,0,56,10,66,7,7,73,40,127,84,44,128,255
04/14/2017,SJT,TX,ASW,CE,Federal Contract Tower,9,10,30,24,73,0,0,32,9,41,9,10,62,33,114,120,86,206,320
04/15/2017,SJT,TX,ASW,CE,Federal Contract Tower,5,3,15,0,23,0,3,37,1,41,5,6,52,1,64,138,0,138,202
04/16/2017,SJT,TX,ASW,CE,Federal Contract Tower,6,4,13,0,23,0,0,11,0,11,6,4,24,0,34,6,0,6,40
04/17/2017,SJT,TX,ASW,CE,Federal Contract Tower,5,12,13,45,75,0,0,37,12,49,5,12,50,57,124,30,98,128,252
04/18/2017,SJT,TX,ASW,CE,Federal Contract Tower,6,9,21,37,73,0,0,26,3,29,6,9,47,40,102,8,120,128,230
04/19/2017,SJT,TX,ASW,CE,Federal Contract Tower,7,10,26,57,100,0,7,35,59,101,7,17,61,116,201,24,176,200,401
04/20/2017,SJT,TX,ASW,CE,Federal Contract Tower,7,12,20,32,71,0,10,48,19,77,7,22,68,51,148,46,58,104,252
04/21/2017,SJT,TX,ASW,CE,Federal Contract Tower,8,12,13,26,59,0,2,34,7,43,8,14,47,33,102,18,22,40,142
04/22/2017,SJT,TX,ASW,CE,Federal Contract Tower,6,4,12,0,22,0,0,46,0,46,6,4,58,0,68,48,0,48,116
04/23/2017,SJT,TX,ASW,CE,Federal Contract Tower,8,0,10,7,25,0,0,56,6,62,8,0,66,13,87,14,12,26,113
04/24/2017,SJT,TX,ASW,CE,Federal Contract Tower,7,4,9,62,82,0,0,0,31,31,7,4,9,93,113,4,130,134,247
04/25/2017,SJT,TX,ASW,CE,Federal Contract Tower,7,12,20,50,89,0,9,36,2,47,7,21,56,52,136,16,182,198,334
04/26/2017,SJT,TX,ASW,CE,Federal Contract Tower,8,6,11,66,91,0,0,23,18,41,8,6,34,84,132,12,168,180,312
04/27/2017,SJT,TX,ASW,CE,Federal Contract Tower,8,12,18,35,73,0,1,27,11,39,8,13,45,46,112,36,50,86,198
04/28/2017,SJT,TX,ASW,CE,Federal Contract Tower,7,11,34,27,79,0,10,52,9,71,7,21,86,36,150,54,82,136,286
04/29/2017,SJT,TX,ASW,CE,Federal Contract Tower,5,3,11,10,29,0,0,18,3,21,5,3,29,13,50,26,22,48,98
04/30/2017,SJT,TX,ASW,CE,Federal Contract Tower,3,1,8,15,27,1,5,34,3,43,4,6,42,18,70,0,28,28,98
05/01/2017,SJT,TX,ASW,CE,Federal Contract Tower,6,4,33,34,77,0,0,48,6,54,6,4,81,40,131,48,38,86,217
05/02/2017,SJT,TX,ASW,CE,Federal Contract Tower,7,10,13,14,44,0,3,53,6,62,7,13,66,20,106,20,26,46,152
05/03/2017,SJT,TX,ASW,CE,Federal Contract Tower,6,8,23,51,88,0,2,56,10,68,6,10,79,61,156,60,158,218,374
05/04/2017,SJT,TX,ASW,CE,Federal Contract Tower,7,9,18,12,46,0,0,48,4,52,7,9,66,16,98,32,30,62,160
05/05/2017,SJT,TX,ASW,CE,Federal Contract Tower,7,12,18,34,71,0,0,52,11,63,7,12,70,45,134,62,38,100,234
05/06/2017,SJT,TX,ASW,CE,Federal Contract Tower,7,4,11,0,22,0,1,45,0,46,7,5,56,0,68,16,0,16,84
05/07/2017,SJT,TX,ASW,CE,Federal Contract Tower,4,4,9,1,18,0,3,37,2,42,4,7,46,3,60,14,2,16,76
05/08/2017,SJT,TX,ASW,CE,Federal Contract Tower,6,4,18,39,67,0,0,20,11,31,6,4,38,50,98,6,40,46,144
05/09/2017,SJT,TX,ASW,CE,Federal Contract Tower,8,7,34,31,80,0,2,21,5,28,8,9,55,36,108,26,60,86,194
05/10/2017,SJT,TX,ASW,CE,Federal Contract Tower,4,15,13,27,59,0,3,31,2,36,4,18,44,29,95,44,102,146,241
05/11/2017,SJT,TX,ASW,CE,Federal Contract Tower,5,8,22,91,126,0,2,60,29,91,5,10,82,120,217,82,280,362,579
05/12/2017,SJT,TX,ASW,CE,Federal Contract Tower,4,16,34,23,77,0,0,41,12,53,4,16,75,35,130,30,90,120,250
05/13/2017,SJT,TX,ASW,CE,Federal Contract Tower,7,1,13,0,21,0,0,45,0,45,7,1,58,0,66,38,0,38,104
05/14/2017,SJT,TX,ASW,CE,Federal Contract Tower,5,5,9,3,22,0,0,35,1,36,5,5,44,4,58,22,8,30,88
05/15/2017,SJT,TX,ASW,CE,Federal Contract Tower,6,6,18,45,75,0,0,45,19,64,6,6,63,64,139,48,68,116,255
05/16/2017,SJT,TX,ASW,CE,Federal Contract Tower,5,7,15,39,66,0,4,20,10,34,5,11,35,49,100,22,102,124,224
05/17/2017,SJT,TX,ASW,CE,Federal Contract Tower,4,8,15,42,69,0,1,47,6,54,4,9,62,48,123,48,144,192,315
05/18/2017,SJT,TX,ASW,CE,Federal Contract Tower,7,11,32,33,83,0,3,43,10,56,7,14,75,43,139,12,90,102,241
05/19/2017,SJT,TX,ASW,CE,Federal Contract Tower,4,11,14,28,57,0,3,25,6,34,4,14,39,34,91,8,110,118,209
05/20/2017,SJT,TX,ASW,CE,Federal Contract Tower,5,11,4,0,20,0,6,16,0,22,5,17,20,0,42,6,0,6,48
05/21/2017,SJT,TX,ASW,CE,Federal Contract Tower,5,1,5,4,15,0,0,29,3,32,5,1,34,7,47,16,8,24,71
05/22/2017,SJT,TX,ASW,CE,Federal Contract Tower,4,11,27,19,61,0,0,11,0,11,4,11,38,19,72,10,20,30,102
05/23/2017,SJT,TX,ASW,CE,Federal Contract Tower,4,8,23,50,85,0,8,24,21,53,4,16,47,71,138,32,342,374,512
05/24/2017,SJT,TX,ASW,CE,Federal Contract Tower,5,11,17,37,70,0,0,57,8,65,5,11,74,45,135,66,78,144,279
05/25/2017,SJT,TX,ASW,CE,Federal Contract Tower,5,11,19,45,80,0,1,41,9,51,5,12,60,54,131,10,132,142,273
05/26/2017,SJT,TX,ASW,CE,Federal Contract Tower,6,7,17,2,32,0,0,37,1,38,6,7,54,3,70,46,2,48,118
05/27/2017,SJT,TX,ASW,CE,Federal Contract Tower,5,4,11,0,20,0,2,20,0,22,5,6,31,0,42,10,0,10,52
05/28/2017,SJT,TX,ASW,CE,Federal Contract Tower,6,2,4,0,12,0,0,17,0,17,6,2,21,0,29,4,0,4,33
05/29/2017,SJT,TX,ASW,CE,Federal Contract Tower,4,0,14,0,18,0,0,42,0,42,4,0,56,0,60,34,0,34,94
05/30/2017,SJT,TX,ASW,CE,Federal Contract Tower,5,4,14,10,33,0,0,32,3,35,5,4,46,13,68,44,18,62,130
05/31/2017,SJT,TX,ASW,CE,Federal Contract Tower,5,11,18,5,39,0,0,22,2,24,5,11,40,7,63,46,12,58,121
06/01/2017,SJT,TX,ASW,CE,Federal Contract Tower,4,9,30,56,99,0,4,24,17,45,4,13,54,73,144,6,198,204,348
06/02/2017,SJT,TX,ASW,CE,Federal Contract Tower,3,9,8,50,70,0,0,15,10,25,3,9,23,60,95,30,178,208,303
06/03/2017,SJT,TX,ASW,CE,Federal Contract Tower,4,11,7,0,22,0,5,26,8,39,4,16,33,8,61,58,0,58,119
06/04/2017,SJT,TX,ASW,CE,Federal Contract Tower,6,1,9,5,21,0,0,36,1,37,6,1,45,6,58,122,12,134,192
06/05/2017,SJT,TX,ASW,CE,Federal Contract Tower,4,10,18,59,91,0,0,25,5,30,4,10,43,64,121,26,88,114,235
06/06/2017,SJT,TX,ASW,CE,Federal Contract Tower,4,13,19,49,85,0,12,46,21,79,4,25,65,70,164,38,126,164,328
06/07/2017,SJT,TX,ASW,CE,Federal Contract Tower,4,13,13,45,75,0,0,51,12,63,4,13,64,57,138,46,118,164,302
06/08/2017,SJT,TX,ASW,CE,Federal Contract Tower,5,10,16,34,65,0,1,30,8,39,5,11,46,42,104,60,86,146,250
06/09/2017,SJT,TX,ASW,CE,Federal Contract Tower,8,7,6,54,75,0,0,44,8,52,8,7,50,62,127,80,148,228,355
06/10/2017,SJT,TX,ASW,CE,Federal Contract Tower,4,9,11,0,24,0,0,38,0,38,4,9,49,0,62,52,0,52,114
06/11/2017,SJT,TX,ASW,CE,Federal Contract Tower,4,0,8,4,16,0,1,24,3,28,4,1,32,7,44,16,14,30,74
06/12/2017,SJT,TX,ASW,CE,Federal Contract Tower,4,3,9,55,71,0,0,40,20,60,4,3,49,75,131,30,98,128,259
06/13/2017,SJT,TX,ASW,CE,Federal Contract Tower,5,6,16,89,116,0,2,52,19,73,5,8,68,108,189,10,188,198,387
06/14/2017,SJT,TX,ASW,CE,Federal Contract Tower,5,13,22,55,95,0,5,53,21,79,5,18,75,76,174,32,200,232,406
06/15/2017,SJT,TX,ASW,CE,Federal Contract Tower,5,12,12,21,50,0,3,47,6,56,5,15,59,27,106,40,134,174,280
06/16/2017,SJT,TX,ASW,CE,Federal Contract Tower,9,8,29,34,80,0,0,39,4,43,9,8,68,38,123,10,120,130,253
06/17/2017,SJT,TX,ASW,CE,Federal Contract Tower,5,9,17,0,31,0,5,71,0,76,5,14,88,0,107,10,0,10,117
06/18/2017,SJT,TX,ASW,CE,Federal Contract Tower,4,3,15,9,31,0,0,44,2,46,4,3,59,11,77,40,18,58,135
06/19/2017,SJT,TX,ASW,CE,Federal Contract Tower,5,4,22,35,66,0,0,51,9,60,5,4,73,44,126,50,74,124,250
06/20/2017,SJT,TX,ASW,CE,Federal Contract Tower,4,11,31,82,128,0,4,49,72,125,4,15,80,154,253,70,182,252,505
06/21/2017,SJT,TX,ASW,CE,Federal Contract Tower,4,12,20,44,80,0,4,66,0,70,4,16,86,44,150,94,124,218,368
06/22/2017,SJT,TX,ASW,CE,Federal Contract Tower,74,6,12,51,143,0,0,49,22,71,74,6,61,73,214,64,136,200,414
06/23/2017,SJT,TX,ASW,CE,Federal Contract Tower,4,7,14,45,70,0,0,40,18,58,4,7,54,63,128,30,152,182,310
06/24/2017,SJT,TX,ASW,CE,Federal Contract Tower,1,4,5,2,12,0,1,12,0,13,1,5,17,2,25,54,6,60,85
06/25/2017,SJT,TX,ASW,CE,Federal Contract Tower,6,0,20,30,56,0,0,46,18,64,6,0,66,48,120,46,56,102,222
06/26/2017,SJT,TX,ASW,CE,Federal Contract Tower,4,2,21,3,30,0,0,48,1,49,4,2,69,4,79,18,6,24,103
06/27/2017,SJT,TX,ASW,CE,Federal Contract Tower,4,8,25,30,67,0,2,42,8,52,4,10,67,38,119,16,98,114,233
06/28/2017,SJT,TX,ASW,CE,Federal Contract Tower,4,14,24,33,75,0,2,63,28,93,4,16,87,61,168,86,86,172,340
06/29/2017,SJT,TX,ASW,CE,Federal Contract Tower,10,11,41,103,165,0,1,86,36,123,10,12,127,139,288,88,240,328,616
06/30/2017,SJT,TX,ASW,CE,Federal Contract Tower,5,7,18,28,58,0,4,41,11,56,5,11,59,39,114,50,66,116,230
07/01/2017,SJT,TX,ASW,CE,Federal Contract Tower,5,8,7,0,20,0,0,31,0,31,5,8,38,0,51,26,0,26,77
07/02/2017,SJT,TX,ASW,CE,Federal Contract Tower,8,1,14,0,23,0,0,32,0,32,8,1,46,0,55,38,0,38,93
07/03/2017,SJT,TX,ASW,CE,Federal Contract Tower,4,2,6,0,12,0,0,37,0,37,4,2,43,0,49,8,0,8,57
07/04/2017,SJT,TX,ASW,CE,Federal Contract Tower,4,0,12,0,16,0,5,44,0,49,4,5,56,0,65,30,0,30,95
07/05/2017,SJT,TX,ASW,CE,Federal Contract Tower,6,10,11,35,62,0,0,28,5,33,6,10,39,40,95,24,96,120,215
07/06/2017,SJT,TX,ASW,CE,Federal Contract Tower,5,6,18,43,72,0,0,41,16,57,5,6,59,59,129,64,80,144,273
07/07/2017,SJT,TX,ASW,CE,Federal Contract Tower,5,6,8,29,48,0,0,49,14,63,5,6,57,43,111,66,72,138,249
07/08/2017,SJT,TX,ASW,CE,Federal Contract Tower,4,3,6,0,13,0,3,37,0,40,4,6,43,0,53,70,0,70,123
07/09/2017,SJT,TX,ASW,CE,Federal Contract Tower,4,3,6,4,17,0,2,36,0,38,4,5,42,4,55,24,18,42,97
07/10/2017,SJT,TX,ASW,CE,Federal Contract Tower,4,2,16,67,89,0,0,29,14,43,4,2,45,81,132,8,150,158,290
07/11/2017,SJT,TX,ASW,CE,Federal Contract Tower,4,7,14,36,61,0,3,35,20,58,4,10,49,56,119,13,125,138,257
07/12/2017,SJT,TX,ASW,CE,Federal Contract Tower,4,7,14,35,60,0,1,42,9,52,4,8,56,44,112,42,64,106,218
07/13/2017,SJT,TX,ASW,CE,Federal Contract Tower,5,15,22,7,49,0,4,46,13,63,5,19,68,20,112,48,26,74,186
07/14/2017,SJT,TX,ASW,CE,Federal Contract Tower,4,13,10,73,100,0,1,35,18,54,4,14,45,91,154,28,146,174,328
07/15/2017,SJT,TX,ASW,CE,Federal Contract Tower,6,8,7,0,21,0,4,41,9,54,6,12,48,9,75,56,20,76,151
07/16/2017,SJT,TX,ASW,CE,Federal Contract Tower,4,1,14,1,20,0,0,43,3,46,4,1,57,4,66,16,2,18,84
07/17/2017,SJT,TX,ASW,CE,Federal Contract Tower,5,5,17,55,82,0,0,29,6,35,5,5,46,61,117,48,152,200,317
07/18/2017,SJT,TX,ASW,CE,Federal Contract Tower,4,16,13,32,65,0,7,73,4,84,4,23,86,36,149,6,46,52,201
07/19/2017,SJT,TX,ASW,CE,Federal Contract Tower,4,11,26,90,131,0,3,55,28,86,4,14,81,118,217,44,188,232,449
07/20/2017,SJT,TX,ASW,CE,Federal Contract Tower,4,14,25,57,100,0,4,51,20,75,4,18,76,77,175,4,134,138,313
07/21/2017,SJT,TX,ASW,CE,Federal Contract Tower,4,10,12,57,83,0,2,48,18,68,4,12,60,75,151,30,166,196,347
07/22/2017,SJT,TX,ASW,CE,Federal Contract Tower,5,3,6,2,16,0,2,40,2,44,5,5,46,4,60,36,0,36,96
07/23/2017,SJT,TX,ASW,CE,Federal Contract Tower,6,2,4,1,13,0,0,33,2,35,6,2,37,3,48,18,12,30,78
07/24/2017,SJT,TX,ASW,CE,Federal Contract Tower,4,9,9,65,87,0,0,39,10,49,4,9,48,75,136,18,124,142,278
07/25/2017,SJT,TX,ASW,CE,Federal Contract Tower,4,9,8,63,84,0,3,49,8,60,4,12,57,71,144,26,174,200,344
07/26/2017,SJT,TX,ASW,CE,Federal Contract Tower,4,7,11,71,93,0,3,62,13,78,4,10,73,84,171,102,156,258,429
07/27/2017,SJT,TX,ASW,CE,Federal Contract Tower,6,9,20,50,85,0,3,69,16,88,6,12,89,66,173,150,136,286,459
07/28/2017,SJT,TX,ASW,CE,Federal Contract Tower,4,9,11,80,104,0,1,43,24,68,4,10,54,104,172,78,128,206,378
07/29/2017,SJT,TX,ASW,CE,Federal Contract Tower,4,6,7,0,17,0,0,36,0,36,4,6,43,0,53,0,0,0,53
07/30/2017,SJT,TX,ASW,CE,Federal Contract Tower,4,1,7,7,19,0,0,39,5,44,4,1,46,12,63,26,8,34,97
07/31/2017,SJT,TX,ASW,CE,Federal Contract Tower,4,3,9,35,51,0,0,30,9,39,4,3,39,44,90,36,78,114,204
08/01/2017,SJT,TX,ASW,CE,Federal Contract Tower,4,9,5,4,22,0,0,27,1,28,4,9,32,5,50,58,20,78,128
08/02/2017,SJT,TX,ASW,CE,Federal Contract Tower,4,9,28,26,67,0,0,10,10,20,4,9,38,36,87,32,64,96,183
08/03/2017,SJT,TX,ASW,CE,Federal Contract Tower,5,11,24,40,80,0,2,48,12,62,5,13,72,52,142,36,118,154,296
08/04/2017,SJT,TX,ASW,CE,Federal Contract Tower,4,10,26,70,110,0,3,56,16,75,4,13,82,86,185,34,86,120,305
08/05/2017,SJT,TX,ASW,CE,Federal Contract Tower,4,3,12,0,19,0,0,30,0,30,4,3,42,0,49,0,0,0,49
08/06/2017,SJT,TX,ASW,CE,Federal Contract Tower,4,0,11,0,15,0,0,45,2,47,4,0,56,2,62,10,0,10,72
08/07/2017,SJT,TX,ASW,CE,Federal Contract Tower,4,6,15,23,48,0,0,16,4,20,4,6,31,27,68,0,48,48,116
08/08/2017,SJT,TX,ASW,CE,Federal Contract Tower,4,18,20,51,93,0,4,27,11,42,4,22,47,62,135,44,144,188,323
08/09/2017,SJT,TX,ASW,CE,Federal Contract Tower,4,10,9,48,71,0,1,40,14,55,4,11,49,62,126,56,106,162,288
08/10/2017,SJT,TX,ASW,CE,Federal Contract Tower,4,10,21,34,69,0,3,69,13,85,4,13,90,47,154,36,168,204,358
08/11/2017,SJT,TX,ASW,CE,Federal Contract Tower,5,6,10,63,84,0,1,58,6,65,5,7,68,69,149,16,100,116,265
08/12/2017,SJT,TX,ASW,CE,Federal Contract Tower,4,3,5,9,21,0,0,38,0,38,4,3,43,9,59,22,4,26,85
08/13/2017,SJT,TX,ASW,CE,Federal Contract Tower,4,1,7,23,35,0,0,38,11,49,4,1,45,34,84,4,60,64,148
08/14/2017,SJT,TX,ASW,CE,Federal Contract Tower,5,6,12,57,80,0,0,63,12,75,5,6,75,69,155,30,150,180,335
08/15/2017,SJT,TX,ASW,CE,Federal Contract Tower,5,9,16,69,99,0,3,12,9,24,5,12,28,78,123,0,144,144,267
08/16/2017,SJT,TX,ASW,CE,Federal Contract Tower,5,11,25,62,103,0,3,62,21,86,5,14,87,83,189,40,126,166,355
08/17/2017,SJT,TX,ASW,CE,Federal Contract Tower,4,5,10,49,68,0,0,65,12,77,4,5,75,61,145,4,130,134,279
08/18/2017,SJT,TX,ASW,CE,Federal Contract Tower,4,9,14,64,91,0,6,66,13,85,4,15,80,77,176,66,128,194,370
08/19/2017,SJT,TX,ASW,CE,Federal Contract Tower,4,6,9,0,19,0,2,40,0,42,4,8,49,0,61,40,0,40,101
08/20/2017,SJT,TX,ASW,CE,Federal Contract Tower,6,3,4,30,43,0,0,34,1,35,6,3,38,31,78,34,68,102,180
08/21/2017,SJT,TX,ASW,CE,Federal Contract Tower,5,5,11,44,65,0,0,26,14,40,5,5,37,58,105,48,80,128,233
08/22/2017,SJT,TX,ASW,CE,Federal Contract Tower,4,11,25,30,70,0,6,59,2,67,4,17,84,32,137,59,52,111,248
08/23/2017,SJT,TX,ASW,CE,Federal Contract Tower,5,11,6,18,40,0,2,21,4,27,5,13,27,22,67,74,44,118,185
08/24/2017,SJT,TX,ASW,CE,Federal Contract Tower,6,12,21,39,78,0,0,34,32,66,6,12,55,71,144,38,80,118,262
08/25/2017,SJT,TX,ASW,CE,Federal Contract Tower,6,13,19,13,51,0,0,30,4,34,6,13,49,17,85,16,10,26,111
08/26/2017,SJT,TX,ASW,CE,Federal Contract Tower,5,5,11,8,29,0,4,13,0,17,5,9,24,8,46,4,4,8,54
08/27/2017,SJT,TX,ASW,CE,Federal Contract Tower,6,4,13,7,30,0,5,13,0,18,6,9,26,7,48,12,6,18,66
08/28/2017,SJT,TX,ASW,CE,Federal Contract Tower,5,5,10,55,75,0,0,37,11,48,5,5,47,66,123,32,88,120,243
08/29/2017,SJT,TX,ASW,CE,Federal Contract Tower,5,10,15,29,59,0,18,0,6,24,5,28,15,35,83,74,72,146,229
08/30/2017,SJT,TX,ASW,CE,Federal Contract Tower,4,5,17,80,106,0,3,49,38,90,4,8,66,118,196,12,210,222,418
08/31/2017,SJT,TX,ASW,CE,Federal Contract Tower,7,8,22,36,73,0,4,60,11,75,7,12,82,47,148,26,110,136,284
09/01/2017,SJT,TX,ASW,CE,Federal Contract Tower,6,14,20,0,40,0,4,46,8,58,6,18,66,8,98,28,0,28,126
09/02/2017,SJT,TX,ASW,CE,Federal Contract Tower,5,7,10,0,22,0,0,51,0,51,5,7,61,0,73,38,0,38,111
09/03/2017,SJT,TX,ASW,CE,Federal Contract Tower,3,2,10,0,15,0,2,30,0,32,3,4,40,0,47,30,0,30,77
09/04/2017,SJT,TX,ASW,CE,Federal Contract Tower,4,3,23,0,30,0,2,60,0,62,4,5,83,0,92,42,0,42,134
09/05/2017,SJT,TX,ASW,CE,Federal Contract Tower,5,7,9,39,60,0,4,42,14,60,5,11,51,53,120,24,98,122,242
09/06/2017,SJT,TX,ASW,CE,Federal Contract Tower,4,9,22,70,105,0,2,45,14,61,4,11,67,84,166,120,214,334,500
09/07/2017,SJT,TX,ASW,CE,Federal Contract Tower,4,13,27,42,86,0,6,54,13,73,4,19,81,55,159,30,196,226,385
09/08/2017,SJT,TX,ASW,CE,Federal Contract Tower,4,15,33,60,112,0,4,65,34,103,4,19,98,94,215,70,100,170,385
09/09/2017,SJT,TX,ASW,CE,Federal Contract Tower,6,9,23,2,40,0,2,49,2,53,6,11,72,4,93,8,0,8,101
09/10/2017,SJT,TX,ASW,CE,Federal Contract Tower,4,0,23,8,35,0,0,48,8,56,4,0,71,16,91,18,12,30,121
09/11/2017,SJT,TX,ASW,CE,Federal Contract Tower,4,4,12,53,73,0,0,33,9,42,4,4,45,62,115,16,92,108,223
09/12/2017,SJT,TX,ASW,CE,Federal Contract Tower,4,7,13,35,59,0,3,53,1,57,4,10,66,36,116,50,76,126,242
09/13/2017,SJT,TX,ASW,CE,Federal Contract Tower,4,8,14,38,64,0,2,76,9,87,4,10,90,47,151,42,114,156,307
09/14/2017,SJT,TX,ASW,CE,Federal Contract Tower,4,11,10,44,69,0,0,27,6,33,4,11,37,50,102,12,176,188,290
09/15/2017,SJT,TX,ASW,CE,Federal Contract Tower,4,13,15,53,85,0,10,30,9,49,4,23,45,62,134,2,74,76,210
09/16/2017,SJT,TX,ASW,CE,Federal Contract Tower,6,4,10,0,20,0,3,26,7,36,6,7,36,7,56,12,0,12,68
09/17/2017,SJT,TX,ASW,CE,Federal Contract Tower,4,2,10,13,29,0,0,39,6,45,4,2,49,19,74,30,18,48,122
09/18/2017,SJT,TX,ASW,CE,Federal Contract Tower,6,9,20,44,79,0,1,49,13,63,6,10,69,57,142,34,48,82,224
09/19/2017,SJT,TX,ASW,CE,Federal Contract Tower,4,12,12,2,30,0,3,27,2,32,4,15,39,4,62,26,12,38,100
09/20/2017,SJT,TX,ASW,CE,Federal Contract Tower,4,7,27,28,66,0,0,48,10,58,4,7,75,38,124,30,110,140,264
09/21/2017,SJT,TX,ASW,CE,Federal Contract Tower,4,8,23,44,79,0,2,52,19,73,4,10,75,63,152,32,62,94,246
09/22/2017,SJT,TX,ASW,CE,Federal Contract Tower,4,10,19,62,95,0,1,32,8,41,4,11,51,70,136,40,170,210,346
09/23/2017,SJT,TX,ASW,CE,Federal Contract Tower,5,5,14,0,24,0,2,32,0,34,5,7,46,0,58,44,0,44,102
09/24/2017,SJT,TX,ASW,CE,Federal Contract Tower,6,4,12,7,29,0,0,18,4,22,6,4,30,11,51,64,8,72,123
09/25/2017,SJT,TX,ASW,CE,Federal Contract Tower,4,4,8,0,16,0,0,17,0,17,4,4,25,0,33,4,0,4,37
09/26/2017,SJT,TX,ASW,CE,Federal Contract Tower,4,10,19,42,75,0,3,13,6,22,4,13,32,48,97,12,124,136,233
09/27/2017,SJT,TX,ASW,CE,Federal Contract Tower,4,6,17,0,27,0,0,1,0,1,4,6,18,0,28,2,0,2,30
09/28/2017,SJT,TX,ASW,CE,Federal Contract Tower,6,9,18,0,33,0,0,0,0,0,6,9,18,0,33,2,0,2,35
09/29/2017,SJT,TX,ASW,CE,Federal Contract Tower,3,10,17,15,45,0,0,0,0,0,3,10,17,15,45,0,26,26,71
09/30/2017,SJT,TX,ASW,CE,Federal Contract Tower,6,5,13,1,25,0,0,26,1,27,6,5,39,2,52,90,0,90,142
10/01/2017,SJT,TX,ASW,CE,Federal Contract Tower,4,2,23,0,29,0,0,39,0,39,4,2,62,0,68,90,0,90,158
10/02/2017,SJT,TX,ASW,CE,Federal Contract Tower,4,9,19,18,50,0,0,31,4,35,4,9,50,22,85,22,68,90,175
10/03/2017,SJT,TX,ASW,CE,Federal Contract Tower,4,8,15,63,90,0,5,32,11,48,4,13,47,74,138,26,208,234,372
10/04/2017,SJT,TX,ASW,CE,Federal Contract Tower,7,7,18,41,73,0,2,30,12,44,7,9,48,53,117,66,134,200,317
10/05/2017,SJT,TX,ASW,CE,Federal Contract Tower,9,5,19,42,75,0,5,32,11,48,9,10,51,53,123,10,110,120,243
10/06/2017,SJT,TX,ASW,CE,Federal Contract Tower,4,6,15,23,48,0,1,39,3,43,4,7,54,26,91,38,82,120,211
10/07/2017,SJT,TX,ASW,CE,Federal Contract Tower,5,6,14,2,27,0,2,34,1,37,5,8,48,3,64,90,0,90,154
10/08/2017,SJT,TX,ASW,CE,Federal Contract Tower,4,1,13,3,21,0,0,42,1,43,4,1,55,4,64,60,4,64,128
10/09/2017,SJT,TX,ASW,CE,Federal Contract Tower,5,2,12,0,19,0,0,39,1,40,5,2,51,1,59,16,0,16,75
10/10/2017,SJT,TX,ASW,CE,Federal Contract Tower,6,7,20,60,93,0,3,39,8,50,6,10,59,68,143,26,230,256,399
10/11/2017,SJT,TX,ASW,CE,Federal Contract Tower,4,11,25,39,79,0,1,50,15,66,4,12,75,54,145,40,102,142,287
10/12/2017,SJT,TX,ASW,CE,Federal Contract Tower,4,19,16,32,71,0,3,44,9,56,4,22,60,41,127,52,104,156,283
10/13/2017,SJT,TX,ASW,CE,Federal Contract Tower,5,17,22,92,136,0,1,45,16,62,5,18,67,108,198,26,124,150,348
10/14/2017,SJT,TX,ASW,CE,Federal Contract Tower,4,10,12,4,30,0,5,33,2,40,4,15,45,6,70,70,12,82,152
10/15/2017,SJT,TX,ASW,CE,Federal Contract Tower,4,2,12,21,39,0,0,28,2,30,4,2,40,23,69,42,34,76,145
10/16/2017,SJT,TX,ASW,CE,Federal Contract Tower,5,3,84,29,121,0,0,56,11,67,5,3,140,40,188,52,66,118,306
10/17/2017,SJT,TX,ASW,CE,Federal Contract Tower,4,9,19,31,63,0,2,49,10,61,4,11,68,41,124,60,68,128,252
10/18/2017,SJT,TX,ASW,CE,Federal Contract Tower,4,6,17,26,53,0,4,53,15,72,4,10,70,41,125,74,92,166,291
10/19/2017,SJT,TX,ASW,CE,Federal Contract Tower,4,11,24,18,57,0,0,31,4,35,4,11,55,22,92,28,20,48,140
10/20/2017,SJT,TX,ASW,CE,Federal Contract Tower,4,11,17,26,58,0,2,24,6,32,4,13,41,32,90,14,72,86,176
10/21/2017,SJT,TX,ASW,CE,Federal Contract Tower,4,3,16,1,24,0,0,21,0,21,4,3,37,1,45,38,2,40,85
10/22/2017,SJT,TX,ASW,CE,Federal Contract Tower,4,0,13,22,39,0,0,51,10,61,4,0,64,32,100,64,44,108,208
10/23/2017,SJT,TX,ASW,CE,Federal Contract Tower,7,6,14,47,74,0,0,43,5,48,7,6,57,52,122,28,110,138,260
10/24/2017,SJT,TX,ASW,CE,Federal Contract Tower,4,8,15,21,48,0,5,45,2,52,4,13,60,23,100,80,76,156,256
10/25/2017,SJT,TX,ASW,CE,Federal Contract Tower,4,8,8,27,47,0,0,39,21,60,4,8,47,48,107,46,78,124,231
10/26/2017,SJT,TX,ASW,CE,Federal Contract Tower,7,9,12,40,68,0,6,38,18,62,7,15,50,58,130,46,62,108,238
10/27/2017,SJT,TX,ASW,CE,Federal Contract Tower,6,7,14,17,44,0,1,31,4,36,6,8,45,21,80,6,24,30,110
10/28/2017,SJT,TX,ASW,CE,Federal Contract Tower,4,4,17,0,25,0,0,49,0,49,4,4,66,0,74,70,0,70,144
10/29/2017,SJT,TX,ASW,CE,Federal Contract Tower,6,0,10,13,29,0,2,47,5,54,6,2,57,18,83,96,28,124,207
10/30/2017,SJT,TX,ASW,CE,Federal Contract Tower,6,3,12,41,62,0,0,36,9,45,6,3,48,50,107,18,102,120,227
10/31/2017,SJT,TX,ASW,CE,Federal Contract Tower,3,7,11,15,36,0,3,17,2,22,3,10,28,17,58,22,60,82,140
11/01/2017,SJT,TX,ASW,CE,Federal Contract Tower,5,6,15,42,68,0,3,26,8,37,5,9,41,50,105,48,168,216,321
11/02/2017,SJT,TX,ASW,CE,Federal Contract Tower,6,10,19,72,107,0,4,49,12,65,6,14,68,84,172,30,168,198,370
11/03/2017,SJT,TX,ASW,CE,Federal Contract Tower,5,7,30,24,66,0,2,45,3,50,5,9,75,27,116,12,58,70,186
11/04/2017,SJT,TX,ASW,CE,Federal Contract Tower,4,3,15,0,22,0,0,25,1,26,4,3,40,1,48,70,0,70,118
11/05/2017,SJT,TX,ASW,CE,Federal Contract Tower,8,6,20,18,52,0,0,33,9,42,8,6,53,27,94,36,46,82,176
11/06/2017,SJT,TX,ASW,CE,Federal Contract Tower,7,7,18,21,53,0,0,42,9,51,7,7,60,30,104,10,16,26,130
11/07/2017,SJT,TX,ASW,CE,Federal Contract Tower,6,8,31,31,76,0,2,27,4,33,6,10,58,35,109,34,64,98,207
11/08/2017,SJT,TX,ASW,CE,Federal Contract Tower,6,12,15,19,52,0,0,0,0,0,6,12,15,19,52,0,28,28,80
11/09/2017,SJT,TX,ASW,CE,Federal Contract Tower,7,12,43,80,142,0,3,56,5,64,7,15,99,85,206,44,136,180,386
11/10/2017,SJT,TX,ASW,CE,Federal Contract Tower,6,12,32,0,50,0,0,15,0,15,6,12,47,0,65,34,0,34,99
11/11/2017,SJT,TX,ASW,CE,Federal Contract Tower,6,7,18,1,32,0,0,24,1,25,6,7,42,2,57,16,0,16,73
11/12/2017,SJT,TX,ASW,CE,Federal Contract Tower,9,3,24,0,36,0,1,36,0,37,9,4,60,0,73,36,0,36,109
11/13/2017,SJT,TX,ASW,CE,Federal Contract Tower,6,8,15,6,35,0,0,0,2,2,6,8,15,8,37,0,2,2,39
11/14/2017,SJT,TX,ASW,CE,Federal Contract Tower,6,16,24,55,101,0,5,28,11,44,6,21,52,66,145,32,198,230,375
11/15/2017,SJT,TX,ASW,CE,Federal Contract Tower,6,28,18,51,103,0,10,44,14,68,6,38,62,65,171,36,154,190,361
11/16/2017,SJT,TX,ASW,CE,Federal Contract Tower,7,17,18,53,95,0,6,43,13,62,7,23,61,66,157,54,92,146,303
11/17/2017,SJT,TX,ASW,CE,Federal Contract Tower,6,7,26,63,102,0,0,40,11,51,6,7,66,74,153,76,76,152,305
11/18/2017,SJT,TX,ASW,CE,Federal Contract Tower,6,9,6,8,29,0,0,16,3,19,6,9,22,11,48,22,34,56,104
11/19/2017,SJT,TX,ASW,CE,Federal Contract Tower,7,2,15,16,40,0,2,55,12,69,7,4,70,28,109,84,46,130,239
11/20/2017,SJT,TX,ASW,CE,Federal Contract Tower,15,4,23,34,76,0,0,55,7,62,15,4,78,41,138,26,44,70,208
11/21/2017,SJT,TX,ASW,CE,Federal Contract Tower,6,15,17,14,52,0,11,10,3,24,6,26,27,17,76,4,62,66,142
11/22/2017,SJT,TX,ASW,CE,Federal Contract Tower,7,11,26,12,56,0,3,49,0,52,7,14,75,12,108,30,36,66,174
11/23/2017,SJT,TX,ASW,CE,Federal Contract Tower,6,2,8,0,16,0,0,24,0,24,6,2,32,0,40,0,0,0,40
11/24/2017,SJT,TX,ASW,CE,Federal Contract Tower,6,8,11,0,25,0,1,14,0,15,6,9,25,0,40,4,0,4,44
11/25/2017,SJT,TX,ASW,CE,Federal Contract Tower,6,3,7,0,16,0,3,27,0,30,6,6,34,0,46,10,0,10,56
11/26/2017,SJT,TX,ASW,CE,Federal Contract Tower,8,0,18,0,26,0,0,46,0,46,8,0,64,0,72,78,0,78,150
11/27/2017,SJT,TX,ASW,CE,Federal Contract Tower,6,3,10,47,66,0,0,29,11,40,6,3,39,58,106,22,106,128,234
11/28/2017,SJT,TX,ASW,CE,Federal Contract Tower,5,11,20,32,68,0,6,29,9,44,5,17,49,41,112,20,78,98,210
11/29/2017,SJT,TX,ASW,CE,Federal Contract Tower,6,12,25,35,78,0,3,49,5,57,6,15,74,40,135,116,100,216,351
11/30/2017,SJT,TX,ASW,CE,Federal Contract Tower,8,8,20,45,81,0,2,33,25,60,8,10,53,70,141,68,248,316,457
12/01/2017,SJT,TX,ASW,CE,Federal Contract Tower,6,7,16,10,39,0,0,22,3,25,6,7,38,13,64,2,24,26,90
12/02/2017,SJT,TX,ASW,CE,Federal Contract Tower,7,6,7,0,20,0,0,55,2,57,7,6,62,2,77,64,6,70,147
12/03/2017,SJT,TX,ASW,CE,Federal Contract Tower,6,0,16,52,74,0,0,43,26,69,6,0,59,78,143,26,104,130,273
12/04/2017,SJT,TX,ASW,CE,Federal Contract Tower,6,5,28,32,71,0,1,37,8,46,6,6,65,40,117,44,68,112,229
12/05/2017,SJT,TX,ASW,CE,Federal Contract Tower,6,10,23,40,79,0,1,27,7,35,6,11,50,47,114,30,158,188,302
12/06/2017,SJT,TX,ASW,CE,Federal Contract Tower,7,11,13,0,31,0,0,0,0,0,7,11,13,0,31,0,0,0,31
12/07/2017,SJT,TX,ASW,CE,Federal Contract Tower,6,16,28,24,74,0,0,22,19,41,6,16,50,43,115,0,36,36,151
12/08/2017,SJT,TX,ASW,CE,Federal Contract Tower,6,8,14,34,62,0,0,32,10,42,6,8,46,44,104,20,74,94,198
12/09/2017,SJT,TX,ASW,CE,Federal Contract Tower,6,7,12,0,25,0,0,46,7,53,6,7,58,7,78,12,0,12,90
12/10/2017,SJT,TX,ASW,CE,Federal Contract Tower,6,2,12,17,37,0,2,60,7,69,6,4,72,24,106,48,30,78,184
12/11/2017,SJT,TX,ASW,CE,Federal Contract Tower,6,11,13,47,77,0,0,41,17,58,6,11,54,64,135,36,106,142,277
12/12/2017,SJT,TX,ASW,CE,Federal Contract Tower,7,13,13,60,93,0,5,53,12,70,7,18,66,72,163,58,198,256,419
12/13/2017,SJT,TX,ASW,CE,Federal Contract Tower,7,7,23,69,106,0,2,38,17,57,7,9,61,86,163,10,264,274,437
12/14/2017,SJT,TX,ASW,CE,Federal Contract Tower,8,12,16,39,75,0,2,26,9,37,8,14,42,48,112,4,218,222,334
12/15/2017,SJT,TX,ASW,CE,Federal Contract Tower,8,10,9,39,66,0,2,28,16,46,8,12,37,55,112,32,168,200,312
12/16/2017,SJT,TX,ASW,CE,Federal Contract Tower,8,7,14,0,29,0,5,17,0,22,8,12,31,0,51,8,2,10,61
12/17/2017,SJT,TX,ASW,CE,Federal Contract Tower,10,1,13,22,46,0,0,30,0,30,10,1,43,22,76,36,60,96,172
12/18/2017,SJT,TX,ASW,CE,Federal Contract Tower,9,9,14,45,77,0,0,20,18,38,9,9,34,63,115,0,50,50,165
12/19/2017,SJT,TX,ASW,CE,Federal Contract Tower,9,17,12,27,65,0,10,10,6,26,9,27,22,33,91,22,88,110,201
12/21/2017,SJT,TX,ASW,CE,Federal Contract Tower,9,12,17,38,76,0,3,44,18,65,9,15,61,56,141,58,144,202,343
12/22/2017,SJT,TX,ASW,CE,Federal Contract Tower,8,13,18,19,58,0,1,5,0,6,8,14,23,19,64,6,24,30,94
12/23/2017,SJT,TX,ASW,CE,Federal Contract Tower,9,7,14,0,30,0,3,43,0,46,9,10,57,0,76,18,0,18,94
12/24/2017,SJT,TX,ASW,CE,Federal Contract Tower,5,0,5,0,10,0,0,8,0,8,5,0,13,0,18,6,0,6,24
12/26/2017,SJT,TX,ASW,CE,Federal Contract Tower,7,10,8,0,25,0,0,0,0,0,7,10,8,0,25,0,0,0,25
12/27/2017,SJT,TX,ASW,CE,Federal Contract Tower,9,11,7,3,30,0,0,0,0,0,9,11,7,3,30,0,4,4,34
12/28/2017,SJT,TX,ASW,CE,Federal Contract Tower,7,8,9,0,24,0,0,0,0,0,7,8,9,0,24,0,0,0,24
12/29/2017,SJT,TX,ASW,CE,Federal Contract Tower,8,10,26,0,44,0,0,4,0,4,8,10,30,0,48,0,0,0,48
12/30/2017,SJT,TX,ASW,CE,Federal Contract Tower,8,9,14,0,31,0,0,0,0,0,8,9,14,0,31,6,0,6,37
12/31/2017,SJT,TX,ASW,CE,Federal Contract Tower,3,0,2,0,5,0,0,0,0,0,3,0,2,0,5,0,0,0,5
01/01/2018,SJT,TX,ASW,CE,Federal Contract Tower,6,5,15,0,26,0,2,3,0,5,6,7,18,0,31,24,0,24,55
01/02/2018,SJT,TX,ASW,CE,Federal Contract Tower,8,17,14,2,41,0,0,6,2,8,8,17,20,4,49,0,4,4,53
01/03/2018,SJT,TX,ASW,CE,Federal Contract Tower,9,17,11,11,48,0,1,25,8,34,9,18,36,19,82,36,82,118,200
01/04/2018,SJT,TX,ASW,CE,Federal Contract Tower,8,8,19,4,39,0,2,39,2,43,8,10,58,6,82,24,14,38,120
01/05/2018,SJT,TX,ASW,CE,Federal Contract Tower,8,12,9,1,30,0,1,30,1,32,8,13,39,2,62,48,0,48,110
01/06/2018,SJT,TX,ASW,CE,Federal Contract Tower,7,9,12,0,28,0,0,18,0,18,7,9,30,0,46,18,0,18,64
01/07/2018,SJT,TX,ASW,CE,Federal Contract Tower,6,2,15,21,44,0,0,23,6,29,6,2,38,27,73,10,30,40,113
01/08/2018,SJT,TX,ASW,CE,Federal Contract Tower,6,8,21,10,45,0,0,36,3,39,6,8,57,13,84,4,44,48,132
01/09/2018,SJT,TX,ASW,CE,Federal Contract Tower,6,9,26,15,56,0,9,49,1,59,6,18,75,16,115,52,26,78,193
01/10/2018,SJT,TX,ASW,CE,Federal Contract Tower,6,9,25,12,52,0,2,30,5,37,6,11,55,17,89,42,14,56,145
01/11/2018,SJT,TX,ASW,CE,Federal Contract Tower,5,9,15,10,39,0,2,7,5,14,5,11,22,15,53,0,20,20,73
01/12/2018,SJT,TX,ASW,CE,Federal Contract Tower,8,11,12,13,44,0,1,37,2,40,8,12,49,15,84,48,8,56,140
01/13/2018,SJT,TX,ASW,CE,Federal Contract Tower,5,9,8,1,23,0,4,31,2,37,5,13,39,3,60,66,0,66,126
01/14/2018,SJT,TX,ASW,CE,Federal Contract Tower,8,1,14,0,23,0,0,21,0,21,8,1,35,0,44,38,0,38,82
01/15/2018,SJT,TX,ASW,CE,Federal Contract Tower,6,11,14,0,31,0,0,27,0,27,6,11,41,0,58,6,0,6,64
01/16/2018,SJT,TX,ASW,CE,Federal Contract Tower,6,4,4,3,17,0,2,4,0,6,6,6,8,3,23,12,2,14,37
01/17/2018,SJT,TX,ASW,CE,Federal Contract Tower,6,10,16,9,41,0,4,53,8,65,6,14,69,17,106,38,20,58,164
01/18/2018,SJT,TX,ASW,CE,Federal Contract Tower,8,11,19,2,40,0,1,39,1,41,8,12,58,3,81,24,2,26,107
01/19/2018,SJT,TX,ASW,CE,Federal Contract Tower,7,21,13,24,65,0,4,32,2,38,7,25,45,26,103,30,26,56,159
01/20/2018,SJT,TX,ASW,CE,Federal Contract Tower,6,4,5,12,27,0,7,46,1,54,6,11,51,13,81,46,10,56,137
01/21/2018,SJT,TX,ASW,CE,Federal Contract Tower,5,2,0,42,49,0,0,9,32,41,5,2,9,74,90,14,54,68,158
01/22/2018,SJT,TX,ASW,CE,Federal Contract Tower,6,7,14,3,30,0,0,17,2,19,6,7,31,5,49,10,2,12,61
01/23/2018,SJT,TX,ASW,CE,Federal Contract Tower,8,14,18,20,60,0,5,50,8,63,8,19,68,28,123,46,22,68,191
01/24/2018,SJT,TX,ASW,CE,Federal Contract Tower,7,11,18,0,36,0,2,40,0,42,7,13,58,0,78,50,0,50,128
01/25/2018,SJT,TX,ASW,CE,Federal Contract Tower,7,13,25,15,60,0,5,31,4,40,7,18,56,19,100,14,24,38,138
01/26/2018,SJT,TX,ASW,CE,Federal Contract Tower,6,12,19,9,46,0,6,14,1,21,6,18,33,10,67,8,6,14,81
01/27/2018,SJT,TX,ASW,CE,Federal Contract Tower,5,3,26,5,39,0,0,27,1,28,5,3,53,6,67,28,8,36,103
01/28/2018,SJT,TX,ASW,CE,Federal Contract Tower,8,1,14,26,49,0,0,56,14,70,8,1,70,40,119,66,30,96,215
01/29/2018,SJT,TX,ASW,CE,Federal Contract Tower,6,12,6,12,36,0,4,31,11,46,6,16,37,23,82,24,10,34,116
01/30/2018,SJT,TX,ASW,CE,Federal Contract Tower,6,12,8,8,34,0,5,25,4,34,6,17,33,12,68,2,14,16,84
01/31/2018,SJT,TX,ASW,CE,Federal Contract Tower,6,14,8,8,36,0,5,31,6,42,6,19,39,14,78,20,8,28,106
02/01/2018,SJT,TX,ASW,CE,Federal Contract Tower,9,12,23,1,45,0,0,40,5,45,9,12,63,6,90,52,0,52,142
02/02/2018,SJT,TX,ASW,CE,Federal Contract Tower,8,16,24,12,60,0,0,54,1,55,8,16,78,13,115,80,12,92,207
02/03/2018,SJT,TX,ASW,CE,Federal Contract Tower,6,3,11,0,20,0,0,26,4,30,6,3,37,4,50,62,0,62,112
02/04/2018,SJT,TX,ASW,CE,Federal Contract Tower,6,3,11,0,20,0,1,51,0,52,6,4,62,0,72,46,0,46,118
02/05/2018,SJT,TX,ASW,CE,Federal Contract Tower,6,10,21,3,40,0,0,34,1,35,6,10,55,4,75,12,2,14,89
02/06/2018,SJT,TX,ASW,CE,Federal Contract Tower,6,14,18,18,56,0,6,12,2,20,6,20,30,20,76,34,68,102,178
02/07/2018,SJT,TX,ASW,CE,Federal Contract Tower,9,16,27,12,64,0,2,46,3,51,9,18,73,15,115,36,20,56,171
02/08/2018,SJT,TX,ASW,CE,Federal Contract Tower,6,14,17,6,43,0,2,62,0,64,6,16,79,6,107,112,6,118,225
02/09/2018,SJT,TX,ASW,CE,Federal Contract Tower,6,21,17,6,50,0,9,42,0,51,6,30,59,6,101,28,6,34,135
02/10/2018,SJT,TX,ASW,CE,Federal Contract Tower,7,7,12,2,28,0,0,23,0,23,7,7,35,2,51,102,6,108,159
02/11/2018,SJT,TX,ASW,CE,Federal Contract Tower,8,2,8,15,33,0,0,37,6,43,8,2,45,21,76,18,50,68,144
02/12/2018,SJT,TX,ASW,CE,Federal Contract Tower,7,3,18,1,29,0,0,50,4,54,7,3,68,5,83,30,0,30,113
02/13/2018,SJT,TX,ASW,CE,Federal Contract Tower,6,14,23,5,48,0,4,18,1,23,6,18,41,6,71,50,6,56,127
02/14/2018,SJT,TX,ASW,CE,Federal Contract Tower,7,17,23,2,49,0,2,28,0,30,7,19,51,2,79,46,0,46,125
02/15/2018,SJT,TX,ASW,CE,Federal Contract Tower,6,12,29,5,52,0,2,43,4,49,6,14,72,9,101,94,40,134,235
02/16/2018,SJT,TX,ASW,CE,Federal Contract Tower,8,15,26,8,57,0,0,32,3,35,8,15,58,11,92,16,10,26,118
02/17/2018,SJT,TX,ASW,CE,Federal Contract Tower,5,4,28,0,37,0,0,60,0,60,5,4,88,0,97,100,0,100,197
02/18/2018,SJT,TX,ASW,CE,Federal Contract Tower,7,6,17,0,30,0,0,2,0,2,7,6,19,0,32,0,0,0,32
02/19/2018,SJT,TX,ASW,CE,Federal Contract Tower,6,8,15,2,31,0,0,17,0,17,6,8,32,2,48,6,4,10,58
02/20/2018,SJT,TX,ASW,CE,Federal Contract Tower,6,16,13,9,44,0,7,28,4,39,6,23,41,13,83,0,22,22,105
02/21/2018,SJT,TX,ASW,CE,Federal Contract Tower,5,4,6,0,15,0,0,0,0,0,5,4,6,0,15,0,0,0,15
02/22/2018,SJT,TX,ASW,CE,Federal Contract Tower,6,8,10,9,33,0,0,0,0,0,6,8,10,9,33,2,24,26,59
02/23/2018,SJT,TX,ASW,CE,Federal Contract Tower,7,16,15,16,54,0,0,0,0,0,7,16,15,16,54,2,16,18,72
02/24/2018,SJT,TX,ASW,CE,Federal Contract Tower,4,5,9,0,18,0,0,17,0,17,4,5,26,0,35,2,0,2,37
02/25/2018,SJT,TX,ASW,CE,Federal Contract Tower,6,1,20,1,28,0,4,75,0,79,6,5,95,1,107,48,2,50,157
02/26/2018,SJT,TX,ASW,CE,Federal Contract Tower,7,8,23,21,59,0,0,61,5,66,7,8,84,26,125,44,26,70,195
02/27/2018,SJT,TX,ASW,CE,Federal Contract Tower,7,16,13,9,45,0,4,9,1,14,7,20,22,10,59,22,10,32,91
02/28/2018,SJT,TX,ASW,CE,Federal Contract Tower,6,13,22,6,47,0,3,17,0,20,6,16,39,6,67,36,8,44,111
03/01/2018,SJT,TX,ASW,CE,Federal Contract Tower,6,17,21,17,61,0,1,57,5,63,6,18,78,22,124,54,24,78,202
03/02/2018,SJT,TX,ASW,CE,Federal Contract Tower,8,13,26,6,53,0,0,66,1,67,8,13,92,7,120,136,6,142,262
03/03/2018,SJT,TX,ASW,CE,Federal Contract Tower,5,3,9,0,17,0,0,18,0,18,5,3,27,0,35,64,0,64,99
03/04/2018,SJT,TX,ASW,CE,Federal Contract Tower,8,1,20,6,35,0,0,36,4,40,8,1,56,10,75,40,8,48,123
03/05/2018,SJT,TX,ASW,CE,Federal Contract Tower,6,13,21,16,56,0,0,48,3,51,6,13,69,19,107,46,22,68,175
03/06/2018,SJT,TX,ASW,CE,Federal Contract Tower,6,20,11,5,42,0,3,42,3,48,6,23,53,8,90,28,6,34,124
03/07/2018,SJT,TX,ASW,CE,Federal Contract Tower,7,22,19,4,52,0,1,65,1,67,7,23,84,5,119,80,10,90,209
03/08/2018,SJT,TX,ASW,CE,Federal Contract Tower,8,14,17,8,47,0,4,41,2,47,8,18,58,10,94,18,8,26,120
03/09/2018,SJT,TX,ASW,CE,Federal Contract Tower,7,13,14,35,69,0,1,43,11,55,7,14,57,46,124,40,44,84,208
03/10/2018,SJT,TX,ASW,CE,Federal Contract Tower,5,5,8,5,23,0,0,45,0,45,5,5,53,5,68,28,6,34,102
03/11/2018,SJT,TX,ASW,CE,Federal Contract Tower,6,0,11,6,23,0,0,16,2,18,6,0,27,8,41,12,12,24,65
03/12/2018,SJT,TX,ASW,CE,Federal Contract Tower,7,11,8,15,41,0,2,33,10,45,7,13,41,25,86,34,8,42,128
03/13/2018,SJT,TX,ASW,CE,Federal Contract Tower,7,21,17,8,53,0,0,0,0,0,7,21,17,8,53,48,10,58,111
03/14/2018,SJT,TX,ASW,CE,Federal Contract Tower,7,15,13,17,52,0,5,51,2,58,7,20,64,19,110,54,34,88,198
03/15/2018,SJT,TX,ASW,CE,Federal Contract Tower,6,14,16,12,48,0,0,40,2,42,6,14,56,14,90,14,10,24,114
03/16/2018,SJT,TX,ASW,CE,Federal Contract Tower,8,9,6,33,56,0,2,33,8,43,8,11,39,41,99,50,24,74,173
03/17/2018,SJT,TX,ASW,CE,Federal Contract Tower,5,11,15,13,44,0,0,37,0,37,5,11,52,13,81,74,8,82,163
03/18/2018,SJT,TX,ASW,CE,Federal Contract Tower,6,2,9,10,27,0,0,18,8,26,6,2,27,18,53,16,24,40,93
03/19/2018,SJT,TX,ASW,CE,Federal Contract Tower,6,6,8,8,28,0,1,18,5,24,6,7,26,13,52,0,16,16,68
03/20/2018,SJT,TX,ASW,CE,Federal Contract Tower,6,18,26,5,55,0,6,67,5,78,6,24,93,10,133,104,8,112,245
03/21/2018,SJT,TX,ASW,CE,Federal Contract Tower,6,13,28,9,56,0,0,43,11,54,6,13,71,20,110,58,10,68,178
03/22/2018,SJT,TX,ASW,CE,Federal Contract Tower,8,12,15,0,35,0,0,45,0,45,8,12,60,0,80,14,0,14,94
03/23/2018,SJT,TX,ASW,CE,Federal Contract Tower,6,11,11,12,40,0,1,43,3,47,6,12,54,15,87,30,14,44,131
03/24/2018,SJT,TX,ASW,CE,Federal Contract Tower,5,4,13,2,24,0,0,40,0,40,5,4,53,2,64,56,4,60,124
03/25/2018,SJT,TX,ASW,CE,Federal Contract Tower,7,0,9,9,25,0,0,46,7,53,7,0,55,16,78,70,24,94,172
03/26/2018,SJT,TX,ASW,CE,Federal Contract Tower,6,8,18,4,36,0,1,30,0,31,6,9,48,4,67,40,6,46,113
03/27/2018,SJT,TX,ASW,CE,Federal Contract Tower,3,5,11,0,19,0,2,5,0,7,3,7,16,0,26,28,0,28,54
03/28/2018,SJT,TX,ASW,CE,Federal Contract Tower,7,16,29,6,58,0,4,45,4,53,7,20,74,10,111,38,6,44,155
03/29/2018,SJT,TX,ASW,CE,Federal Contract Tower,7,13,17,8,45,0,8,44,3,55,7,21,61,11,100,106,6,112,212
03/30/2018,SJT,TX,ASW,CE,Federal Contract Tower,6,14,17,29,66,0,1,42,5,48,6,15,59,34,114,0,34,34,148
03/31/2018,SJT,TX,ASW,CE,Federal Contract Tower,5,3,13,0,21,0,4,36,0,40,5,7,49,0,61,6,0,6,67
04/01/2018,SJT,TX,ASW,CE,Federal Contract Tower,8,4,12,13,37,0,0,39,7,46,8,4,51,20,83,50,8,58,141
04/02/2018,SJT,TX,ASW,CE,Federal Contract Tower,5,6,18,32,61,0,0,31,14,45,5,6,49,46,106,24,36,60,166
04/03/2018,SJT,TX,ASW,CE,Federal Contract Tower,7,10,28,10,55,0,0,32,2,34,7,10,60,12,89,6,20,26,115
04/04/2018,SJT,TX,ASW,CE,Federal Contract Tower,7,16,16,11,50,0,1,55,7,63,7,17,71,18,113,42,32,74,187
04/06/2018,SJT,TX,ASW,CE,Federal Contract Tower,5,10,22,28,65,0,2,21,4,27,5,12,43,32,92,0,40,40,132
04/07/2018,SJT,TX,ASW,CE,Federal Contract Tower,6,2,10,11,29,0,3,8,1,12,6,5,18,12,41,6,30,36,77
04/08/2018,SJT,TX,ASW,CE,Federal Contract Tower,6,0,13,26,45,0,4,36,19,59,6,4,49,45,104,86,30,116,220
04/09/2018,SJT,TX,ASW,CE,Federal Contract Tower,6,6,18,14,44,0,0,29,4,33,6,6,47,18,77,40,12,52,129
04/10/2018,SJT,TX,ASW,CE,Federal Contract Tower,6,8,17,15,46,0,5,49,2,56,6,13,66,17,102,58,40,98,200
04/11/2018,SJT,TX,ASW,CE,Federal Contract Tower,6,13,10,4,33,0,0,37,3,40,6,13,47,7,73,32,4,36,109
04/12/2018,SJT,TX,ASW,CE,Federal Contract Tower,7,10,13,29,59,0,0,38,6,44,7,10,51,35,103,22,40,62,165
04/13/2018,SJT,TX,ASW,CE,Federal Contract Tower,5,9,6,57,77,0,1,7,6,14,5,10,13,63,91,10,80,90,181
04/14/2018,SJT,TX,ASW,CE,Federal Contract Tower,7,4,5,0,16,0,0,20,2,22,7,4,25,2,38,4,0,4,42
04/15/2018,SJT,TX,ASW,CE,Federal Contract Tower,8,0,8,9,25,0,0,70,1,71,8,0,78,10,96,58,14,72,168
04/16/2018,SJT,TX,ASW,CE,Federal Contract Tower,7,9,6,7,29,0,0,28,1,29,7,9,34,8,58,28,14,42,100
04/17/2018,SJT,TX,ASW,CE,Federal Contract Tower,6,13,9,6,34,0,2,34,2,38,6,15,43,8,72,32,4,36,108
04/18/2018,SJT,TX,ASW,CE,Federal Contract Tower,8,12,12,9,41,0,1,31,9,41,8,13,43,18,82,30,6,36,118
04/19/2018,SJT,TX,ASW,CE,Federal Contract Tower,6,16,9,5,36,0,5,40,4,49,6,21,49,9,85,96,14,110,195
04/20/2018,SJT,TX,ASW,CE,Federal Contract Tower,7,13,15,33,68,0,0,16,2,18,7,13,31,35,86,16,60,76,162
04/21/2018,SJT,TX,ASW,CE,Federal Contract Tower,6,4,6,8,24,0,0,17,2,19,6,4,23,10,43,16,28,44,87
04/22/2018,SJT,TX,ASW,CE,Federal Contract Tower,6,6,13,18,43,0,0,52,7,59,6,6,65,25,102,26,44,70,172
04/23/2018,SJT,TX,ASW,CE,Federal Contract Tower,7,6,13,21,47,0,0,42,6,48,7,6,55,27,95,56,24,80,175
04/24/2018,SJT,TX,ASW,CE,Federal Contract Tower,6,5,10,15,36,0,1,47,0,48,6,6,57,15,84,90,28,118,202
04/25/2018,SJT,TX,ASW,CE,Federal Contract Tower,6,11,23,4,44,0,0,14,1,15,6,11,37,5,59,20,2,22,81
04/26/2018,SJT,TX,ASW,CE,Federal Contract Tower,10,12,24,24,70,0,2,68,13,83,10,14,92,37,153,48,40,88,241
04/27/2018,SJT,TX,ASW,CE,Federal Contract Tower,6,16,15,15,52,0,1,26,14,41,6,17,41,29,93,4,46,50,143
04/28/2018,SJT,TX,ASW,CE,Federal Contract Tower,6,7,8,0,21,0,1,25,0,26,6,8,33,0,47,12,0,12,59
04/29/2018,SJT,TX,ASW,CE,Federal Contract Tower,9,2,14,16,41,0,0,22,0,22,9,2,36,16,63,16,30,46,109
04/30/2018,SJT,TX,ASW,CE,Federal Contract Tower,6,5,16,6,33,0,0,13,1,14,6,5,29,7,47,28,10,38,85
05/01/2018,SJT,TX,ASW,CE,Federal Contract Tower,7,10,12,41,70,0,1,9,7,17,7,11,21,48,87,14,104,118,205
05/02/2018,SJT,TX,ASW,CE,Federal Contract Tower,6,13,21,45,85,0,0,33,26,59,6,13,54,71,144,30,110,140,284
05/03/2018,SJT,TX,ASW,CE,Federal Contract Tower,5,16,16,50,87,0,3,31,23,57,5,19,47,73,144,34,200,234,378
05/04/2018,SJT,TX,ASW,CE,Federal Contract Tower,7,11,13,38,69,0,0,19,5,24,7,11,32,43,93,62,60,122,215
05/05/2018,SJT,TX,ASW,CE,Federal Contract Tower,6,6,11,0,23,0,0,50,8,58,6,6,61,8,81,38,0,38,119
05/06/2018,SJT,TX,ASW,CE,Federal Contract Tower,8,0,9,14,31,0,1,33,4,38,8,1,42,18,69,36,28,64,133
05/07/2018,SJT,TX,ASW,CE,Federal Contract Tower,7,9,11,23,50,0,0,36,8,44,7,9,47,31,94,24,128,152,246
05/08/2018,SJT,TX,ASW,CE,Federal Contract Tower,6,14,13,19,52,0,9,28,12,49,6,23,41,31,101,74,36,110,211
05/09/2018,SJT,TX,ASW,CE,Federal Contract Tower,6,17,20,33,76,0,6,46,11,63,6,23,66,44,139,94,52,146,285
05/10/2018,SJT,TX,ASW,CE,Federal Contract Tower,9,14,19,47,89,0,0,32,10,42,9,14,51,57,131,14,82,96,227
05/11/2018,SJT,TX,ASW,CE,Federal Contract Tower,6,15,10,15,46,0,4,39,5,48,6,19,49,20,94,28,40,68,162
05/12/2018,SJT,TX,ASW,CE,Federal Contract Tower,6,5,10,1,22,0,10,33,2,45,6,15,43,3,67,30,2,32,99
05/13/2018,SJT,TX,ASW,CE,Federal Contract Tower,6,5,13,30,54,0,0,25,11,36,6,5,38,41,90,64,82,146,236
05/14/2018,SJT,TX,ASW,CE,Federal Contract Tower,6,4,8,14,32,0,2,36,8,46,6,6,44,22,78,66,110,176,254
05/15/2018,SJT,TX,ASW,CE,Federal Contract Tower,6,12,12,9,39,0,6,38,3,47,6,18,50,12,86,42,34,76,162
05/16/2018,SJT,TX,ASW,CE,Federal Contract Tower,6,15,16,22,59,0,4,45,6,55,6,19,61,28,114,118,72,190,304
05/17/2018,SJT,TX,ASW,CE,Federal Contract Tower,5,10,17,39,71,0,2,59,15,76,5,12,76,54,147,74,98,172,319
05/18/2018,SJT,TX,ASW,CE,Federal Contract Tower,6,9,13,57,85,0,1,24,6,31,6,10,37,63,116,28,76,104,220
05/19/2018,SJT,TX,ASW,CE,Federal Contract Tower,6,3,9,12,30,0,0,42,2,44,6,3,51,14,74,92,52,144,218
05/20/2018,SJT,TX,ASW,CE,Federal Contract Tower,5,2,14,2,23,0,0,23,1,24,5,2,37,3,47,44,12,56,103
05/21/2018,SJT,TX,ASW,CE,Federal Contract Tower,6,12,25,21,64,0,1,31,0,32,6,13,56,21,96,40,26,66,162
05/22/2018,SJT,TX,ASW,CE,Federal Contract Tower,6,21,25,39,91,0,5,35,11,51,6,26,60,50,142,32,120,152,294
05/23/2018,SJT,TX,ASW,CE,Federal Contract Tower,6,19,21,29,75,0,2,40,11,53,6,21,61,40,128,50,156,206,334
05/24/2018,SJT,TX,ASW,CE,Federal Contract Tower,7,10,31,34,82,0,2,55,5,62,7,12,86,39,144,62,98,160,304
05/25/2018,SJT,TX,ASW,CE,Federal Contract Tower,7,12,24,0,43,0,0,44,0,44,7,12,68,0,87,42,0,42,129
05/26/2018,SJT,TX,ASW,CE,Federal Contract Tower,6,3,10,0,19,0,1,22,2,25,6,4,32,2,44,24,6,30,74
05/27/2018,SJT,TX,ASW,CE,Federal Contract Tower,5,3,9,0,17,0,0,31,2,33,5,3,40,2,50,32,0,32,82
05/28/2018,SJT,TX,ASW,CE,Federal Contract Tower,6,1,7,0,14,0,2,27,0,29,6,3,34,0,43,22,0,22,65
05/29/2018,SJT,TX,ASW,CE,Federal Contract Tower,6,6,12,19,43,0,3,25,4,32,6,9,37,23,75,46,82,128,203
05/30/2018,SJT,TX,ASW,CE,Federal Contract Tower,6,9,6,14,35,0,1,27,8,36,6,10,33,22,71,32,72,104,175
05/31/2018,SJT,TX,ASW,CE,Federal Contract Tower,7,16,27,31,81,0,3,43,12,58,7,19,70,43,139,20,90,110,249
06/01/2018,SJT,TX,ASW,CE,Federal Contract Tower,6,14,17,34,71,0,2,27,14,43,6,16,44,48,114,18,64,82,196
06/02/2018,SJT,TX,ASW,CE,Federal Contract Tower,6,1,6,0,13,0,7,22,2,31,6,8,28,2,44,18,0,18,62
06/03/2018,SJT,TX,ASW,CE,Federal Contract Tower,6,4,13,10,33,0,0,31,6,37,6,4,44,16,70,28,18,46,116
06/04/2018,SJT,TX,ASW,CE,Federal Contract Tower,7,7,14,34,62,0,0,27,11,38,7,7,41,45,100,24,88,112,212
06/05/2018,SJT,TX,ASW,CE,Federal Contract Tower,6,15,17,42,80,0,5,42,7,54,6,20,59,49,134,78,82,160,294
06/06/2018,SJT,TX,ASW,CE,Federal Contract Tower,6,12,25,29,72,0,3,46,7,56,6,15,71,36,128,22,110,132,260
06/07/2018,SJT,TX,ASW,CE,Federal Contract Tower,7,11,9,42,69,0,2,41,3,46,7,13,50,45,115,22,144,166,281
06/08/2018,SJT,TX,ASW,CE,Federal Contract Tower,6,10,8,31,55,0,3,42,5,50,6,13,50,36,105,70,74,144,249
06/09/2018,SJT,TX,ASW,CE,Federal Contract Tower,6,3,7,0,16,0,0,44,0,44,6,3,51,0,60,18,0,18,78
06/10/2018,SJT,TX,ASW,CE,Federal Contract Tower,7,3,14,6,30,0,0,48,3,51,7,3,62,9,81,34,52,86,167
06/11/2018,SJT,TX,ASW,CE,Federal Contract Tower,6,7,13,23,49,0,0,59,12,71,6,7,72,35,120,76,92,168,288
06/12/2018,SJT,TX,ASW,CE,Federal Contract Tower,6,13,14,16,49,0,4,40,9,53,6,17,54,25,102,62,48,110,212
06/13/2018,SJT,TX,ASW,CE,Federal Contract Tower,6,10,17,30,63,0,4,39,8,51,6,14,56,38,114,64,96,160,274
06/14/2018,SJT,TX,ASW,CE,Federal Contract Tower,9,15,25,15,64,0,4,56,5,65,9,19,81,20,129,46,48,94,223
06/15/2018,SJT,TX,ASW,CE,Federal Contract Tower,5,12,13,29,59,0,2,42,6,50,5,14,55,35,109,26,64,90,199
06/16/2018,SJT,TX,ASW,CE,Federal Contract Tower,6,5,1,0,12,0,1,31,0,32,6,6,32,0,44,46,0,46,90
06/17/2018,SJT,TX,ASW,CE,Federal Contract Tower,6,2,12,0,20,0,0,19,0,19,6,2,31,0,39,10,0,10,49
06/18/2018,SJT,TX,ASW,CE,Federal Contract Tower,8,4,7,15,34,0,0,35,6,41,8,4,42,21,75,18,72,90,165
06/19/2018,SJT,TX,ASW,CE,Federal Contract Tower,6,15,21,454,496,2,5,39,5,51,8,20,60,459,547,20,238,258,805
06/20/2018,SJT,TX,ASW,CE,Federal Contract Tower,6,10,18,61,95,0,1,41,16,58,6,11,59,77,153,24,214,238,391
06/21/2018,SJT,TX,ASW,CE,Federal Contract Tower,9,18,16,60,103,0,2,59,10,71,9,20,75,70,174,106,186,292,466
06/22/2018,SJT,TX,ASW,CE,Federal Contract Tower,6,9,16,20,51,0,3,43,13,59,6,12,59,33,110,52,112,164,274
06/23/2018,SJT,TX,ASW,CE,Federal Contract Tower,6,12,12,0,30,0,4,42,0,46,6,16,54,0,76,6,0,6,82
06/24/2018,SJT,TX,ASW,CE,Federal Contract Tower,6,2,20,17,45,0,0,32,14,46,6,2,52,31,91,0,48,48,139
06/25/2018,SJT,TX,ASW,CE,Federal Contract Tower,6,6,19,25,56,0,0,35,9,44,6,6,54,34,100,14,56,70,170
06/26/2018,SJT,TX,ASW,CE,Federal Contract Tower,6,10,13,26,55,0,1,35,8,44,6,11,48,34,99,30,118,148,247
06/27/2018,SJT,TX,ASW,CE,Federal Contract Tower,6,15,14,37,72,0,3,35,6,44,6,18,49,43,116,22,110,132,248
06/28/2018,SJT,TX,ASW,CE,Federal Contract Tower,6,13,18,9,46,0,2,35,2,39,6,15,53,11,85,50,18,68,153
06/29/2018,SJT,TX,ASW,CE,Federal Contract Tower,6,9,21,15,51,0,2,48,3,53,6,11,69,18,104,12,8,20,124
06/30/2018,SJT,TX,ASW,CE,Federal Contract Tower,6,4,8,0,18,0,0,22,0,22,6,4,30,0,40,52,0,52,92
07/01/2018,SJT,TX,ASW,CE,Federal Contract Tower,6,5,10,8,29,0,0,31,8,39,6,5,41,16,68,16,6,22,90
07/02/2018,SJT,TX,ASW,CE,Federal Contract Tower,6,7,13,43,69,0,0,32,11,43,6,7,45,54,112,28,52,80,192
07/03/2018,SJT,TX,ASW,CE,Federal Contract Tower,6,9,14,22,51,0,2,34,4,40,6,11,48,26,91,4,46,50,141
07/04/2018,SJT,TX,ASW,CE,Federal Contract Tower,4,3,0,0,7,0,1,27,0,28,4,4,27,0,35,6,0,6,41
07/05/2018,SJT,TX,ASW,CE,Federal Contract Tower,5,10,14,0,29,0,0,22,0,22,5,10,36,0,51,8,0,8,59
07/06/2018,SJT,TX,ASW,CE,Federal Contract Tower,6,11,5,9,31,0,0,21,10,31,6,11,26,19,62,46,26,72,134
07/07/2018,SJT,TX,ASW,CE,Federal Contract Tower,6,3,11,0,20,0,0,36,0,36,6,3,47,0,56,38,0,38,94
07/08/2018,SJT,TX,ASW,CE,Federal Contract Tower,6,1,10,12,29,0,0,27,5,32,6,1,37,17,61,30,34,64,125
07/09/2018,SJT,TX,ASW,CE,Federal Contract Tower,6,8,13,23,50,0,0,18,2,20,6,8,31,25,70,0,46,46,116
07/10/2018,SJT,TX,ASW,CE,Federal Contract Tower,4,9,16,20,49,0,10,35,2,47,4,19,51,22,96,36,82,118,214
07/11/2018,SJT,TX,ASW,CE,Federal Contract Tower,6,12,16,34,68,0,2,43,17,62,6,14,59,51,130,30,74,104,234
07/12/2018,SJT,TX,ASW,CE,Federal Contract Tower,4,16,21,33,74,0,3,46,6,55,4,19,67,39,129,28,140,168,297
07/13/2018,SJT,TX,ASW,CE,Federal Contract Tower,6,9,18,20,53,0,0,54,7,61,6,9,72,27,114,36,30,66,180
07/14/2018,SJT,TX,ASW,CE,Federal Contract Tower,6,6,14,1,27,0,5,34,1,40,6,11,48,2,67,20,12,32,99
07/15/2018,SJT,TX,ASW,CE,Federal Contract Tower,8,0,9,11,28,0,0,28,10,38,8,0,37,21,66,2,36,38,104
07/16/2018,SJT,TX,ASW,CE,Federal Contract Tower,6,6,12,10,34,0,0,33,2,35,6,6,45,12,69,6,18,24,93
07/17/2018,SJT,TX,ASW,CE,Federal Contract Tower,6,12,15,41,74,0,0,30,14,44,6,12,45,55,118,10,118,128,246
07/18/2018,SJT,TX,ASW,CE,Federal Contract Tower,6,10,13,15,44,0,4,42,6,52,6,14,55,21,96,38,28,66,162
07/19/2018,SJT,TX,ASW,CE,Federal Contract Tower,8,10,9,22,49,0,5,50,6,61,8,15,59,28,110,76,60,136,246
07/20/2018,SJT,TX,ASW,CE,Federal Contract Tower,6,13,6,62,87,0,0,33,15,48,6,13,39,77,135,26,114,140,275
07/21/2018,SJT,TX,ASW,CE,Federal Contract Tower,4,3,9,6,22,0,6,31,1,38,4,9,40,7,60,26,10,36,96
07/22/2018,SJT,TX,ASW,CE,Federal Contract Tower,6,0,1,14,21,0,0,23,9,32,6,0,24,23,53,38,26,64,117
07/23/2018,SJT,TX,ASW,CE,Federal Contract Tower,7,9,6,5,27,0,0,7,4,11,7,9,13,9,38,10,26,36,74
07/24/2018,SJT,TX,ASW,CE,Federal Contract Tower,6,15,13,20,54,0,1,32,45,78,6,16,45,65,132,52,46,98,230
07/25/2018,SJT,TX,ASW,CE,Federal Contract Tower,6,13,24,45,88,0,6,38,13,57,6,19,62,58,145,20,118,138,283
07/26/2018,SJT,TX,ASW,CE,Federal Contract Tower,6,8,17,24,55,0,3,35,6,44,6,11,52,30,99,46,84,130,229
07/27/2018,SJT,TX,ASW,CE,Federal Contract Tower,6,18,8,21,53,0,2,22,2,26,6,20,30,23,79,16,34,50,129
07/28/2018,SJT,TX,ASW,CE,Federal Contract Tower,6,4,5,8,23,0,2,37,0,39,6,6,42,8,62,56,16,72,134
07/29/2018,SJT,TX,ASW,CE,Federal Contract Tower,6,1,9,32,48,0,0,37,15,52,6,1,46,47,100,30,52,82,182
07/30/2018,SJT,TX,ASW,CE,Federal Contract Tower,6,5,20,26,57,0,0,29,6,35,6,5,49,32,92,18,44,62,154
07/31/2018,SJT,TX,ASW,CE,Federal Contract Tower,6,14,18,59,97,0,0,29,12,41,6,14,47,71,138,74,142,216,354
08/01/2018,SJT,TX,ASW,CE,Federal Contract Tower,6,13,17,46,82,0,0,34,9,43,6,13,51,55,125,20,68,88,213
08/02/2018,SJT,TX,ASW,CE,Federal Contract Tower,7,9,12,41,69,0,1,32,2,35,7,10,44,43,104,16,80,96,200
08/03/2018,SJT,TX,ASW,CE,Federal Contract Tower,6,13,12,28,59,0,0,47,4,51,6,13,59,32,110,28,70,98,208
08/04/2018,SJT,TX,ASW,CE,Federal Contract Tower,6,6,4,0,16,0,8,13,0,21,6,14,17,0,37,2,0,2,39
08/05/2018,SJT,TX,ASW,CE,Federal Contract Tower,6,2,10,19,37,0,1,23,3,27,6,3,33,22,64,8,36,44,108
08/06/2018,SJT,TX,ASW,CE,Federal Contract Tower,9,6,11,35,61,0,0,24,7,31,9,6,35,42,92,6,108,114,206
08/07/2018,SJT,TX,ASW,CE,Federal Contract Tower,7,7,11,39,64,0,2,41,23,66,7,9,52,62,130,24,108,132,262
08/08/2018,SJT,TX,ASW,CE,Federal Contract Tower,7,13,14,35,69,0,11,36,9,56,7,24,50,44,125,69,112,181,306
08/09/2018,SJT,TX,ASW,CE,Federal Contract Tower,8,10,6,2,26,0,1,24,1,26,8,11,30,3,52,2,6,8,60
08/10/2018,SJT,TX,ASW,CE,Federal Contract Tower,7,11,18,6,42,0,0,20,0,20,7,11,38,6,62,4,10,14,76
08/11/2018,SJT,TX,ASW,CE,Federal Contract Tower,6,4,11,0,21,0,0,16,0,16,6,4,27,0,37,6,0,6,43
08/12/2018,SJT,TX,ASW,CE,Federal Contract Tower,9,0,8,10,27,0,0,0,0,0,9,0,8,10,27,0,18,18,45
08/13/2018,SJT,TX,ASW,CE,Federal Contract Tower,4,8,7,9,28,0,0,8,0,8,4,8,15,9,36,8,8,16,52
08/14/2018,SJT,TX,ASW,CE,Federal Contract Tower,6,8,22,20,56,0,5,32,3,40,6,13,54,23,96,18,134,152,248
08/15/2018,SJT,TX,ASW,CE,Federal Contract Tower,9,9,13,43,74,0,2,38,30,70,9,11,51,73,144,32,226,258,402
08/16/2018,SJT,TX,ASW,CE,Federal Contract Tower,8,14,13,39,74,0,4,35,17,56,8,18,48,56,130,32,84,116,246
08/17/2018,SJT,TX,ASW,CE,Federal Contract Tower,6,9,15,31,61,2,0,29,12,43,8,9,44,43,104,6,62,68,172
08/18/2018,SJT,TX,ASW,CE,Federal Contract Tower,5,3,7,0,15,0,8,29,4,41,5,11,36,4,56,16,18,34,90
08/19/2018,SJT,TX,ASW,CE,Federal Contract Tower,6,4,5,13,28,0,0,25,2,27,6,4,30,15,55,20,50,70,125
08/20/2018,SJT,TX,ASW,CE,Federal Contract Tower,4,8,2,38,52,0,0,17,3,20,4,8,19,41,72,4,74,78,150
08/21/2018,SJT,TX,ASW,CE,Federal Contract Tower,6,15,14,23,58,0,6,16,3,25,6,21,30,26,83,8,48,56,139
08/22/2018,SJT,TX,ASW,CE,Federal Contract Tower,7,12,26,71,116,0,4,42,21,67,7,16,68,92,183,66,188,254,437
08/23/2018,SJT,TX,ASW,CE,Federal Contract Tower,6,9,13,46,74,0,4,27,20,51,6,13,40,66,125,64,104,168,293
08/24/2018,SJT,TX,ASW,CE,Federal Contract Tower,6,15,8,11,40,0,1,37,5,43,6,16,45,16,83,18,22,40,123
08/25/2018,SJT,TX,ASW,CE,Federal Contract Tower,5,5,12,0,22,0,4,44,0,48,5,9,56,0,70,10,0,10,80
08/26/2018,SJT,TX,ASW,CE,Federal Contract Tower,7,1,14,12,34,0,0,19,3,22,7,1,33,15,56,14,24,38,94
08/27/2018,SJT,TX,ASW,CE,Federal Contract Tower,6,6,5,39,56,0,0,20,5,25,6,6,25,44,81,58,90,148,229
08/28/2018,SJT,TX,ASW,CE,Federal Contract Tower,6,15,12,43,76,0,3,29,12,44,6,18,41,55,120,50,110,160,280
08/29/2018,SJT,TX,ASW,CE,Federal Contract Tower,6,12,20,62,100,0,0,40,22,62,6,12,60,84,162,60,158,218,380
08/30/2018,SJT,TX,ASW,CE,Federal Contract Tower,8,12,18,43,81,0,1,47,14,62,8,13,65,57,143,10,108,118,261
08/31/2018,SJT,TX,ASW,CE,Federal Contract Tower,8,15,25,0,48,0,1,53,0,54,8,16,78,0,102,22,4,26,128
09/01/2018,SJT,TX,ASW,CE,Federal Contract Tower,5,4,10,0,19,0,1,37,0,38,5,5,47,0,57,36,0,36,93
09/02/2018,SJT,TX,ASW,CE,Federal Contract Tower,5,2,6,0,13,0,1,23,0,24,5,3,29,0,37,14,0,14,51
09/03/2018,SJT,TX,ASW,CE,Federal Contract Tower,6,3,11,2,22,0,0,13,1,14,6,3,24,3,36,16,2,18,54
09/04/2018,SJT,TX,ASW,CE,Federal Contract Tower,6,9,20,29,64,0,4,13,5,22,6,13,33,34,86,8,76,84,170
09/05/2018,SJT,TX,ASW,CE,Federal Contract Tower,6,10,14,31,61,0,2,11,4,17,6,12,25,35,78,0,72,72,150
09/06/2018,SJT,TX,ASW,CE,Federal Contract Tower,4,12,14,0,30,0,0,3,2,5,4,12,17,2,35,0,0,0,35
09/07/2018,SJT,TX,ASW,CE,Federal Contract Tower,4,10,21,45,80,0,0,26,13,39,4,10,47,58,119,12,48,60,179
09/08/2018,SJT,TX,ASW,CE,Federal Contract Tower,6,9,14,0,29,0,1,0,0,1,6,10,14,0,30,6,0,6,36
09/09/2018,SJT,TX,ASW,CE,Federal Contract Tower,5,3,18,31,57,0,0,21,2,23,5,3,39,33,80,14,86,100,180
09/10/2018,SJT,TX,ASW,CE,Federal Contract Tower,6,7,19,41,73,0,0,32,16,48,6,7,51,57,121,48,100,148,269
09/11/2018,SJT,TX,ASW,CE,Federal Contract Tower,6,13,21,25,65,0,8,23,7,38,6,21,44,32,103,4,60,64,167
09/12/2018,SJT,TX,ASW,CE,Federal Contract Tower,6,11,15,33,65,0,1,17,13,31,6,12,32,46,96,28,126,154,250
09/13/2018,SJT,TX,ASW,CE,Federal Contract Tower,6,16,27,85,134,0,5,34,32,71,6,21,61,117,205,52,308,360,565
09/14/2018,SJT,TX,ASW,CE,Federal Contract Tower,6,12,18,111,147,0,3,21,20,44,6,15,39,131,191,6,132,138,329
09/15/2018,SJT,TX,ASW,CE,Federal Contract Tower,5,3,7,12,27,0,0,3,0,3,5,3,10,12,30,4,0,4,34
09/16/2018,SJT,TX,ASW,CE,Federal Contract Tower,5,6,13,11,35,0,0,18,3,21,5,6,31,14,56,14,0,14,70
09/17/2018,SJT,TX,ASW,CE,Federal Contract Tower,8,9,15,22,54,0,3,26,9,38,8,12,41,31,92,58,32,90,182
09/18/2018,SJT,TX,ASW,CE,Federal Contract Tower,6,14,20,17,57,0,0,40,6,46,6,14,60,23,103,40,28,68,171
09/19/2018,SJT,TX,ASW,CE,Federal Contract Tower,6,12,18,30,66,0,0,41,10,51,6,12,59,40,117,18,100,118,235
09/21/2018,SJT,TX,ASW,CE,Federal Contract Tower,4,13,15,0,32,0,0,9,2,11,4,13,24,2,43,24,0,24,67
09/22/2018,SJT,TX,ASW,CE,Federal Contract Tower,5,4,8,6,23,0,0,1,0,1,5,4,9,6,24,4,6,10,34
09/23/2018,SJT,TX,ASW,CE,Federal Contract Tower,5,4,23,10,42,0,0,20,2,22,5,4,43,12,64,42,32,74,138
09/24/2018,SJT,TX,ASW,CE,Federal Contract Tower,5,9,26,37,77,0,3,50,16,69,5,12,76,53,146,88,88,176,322
09/25/2018,SJT,TX,ASW,CE,Federal Contract Tower,6,10,8,33,57,0,5,35,5,45,6,15,43,38,102,60,72,132,234
09/26/2018,SJT,TX,ASW,CE,Federal Contract Tower,6,7,10,37,60,0,0,6,5,11,6,7,16,42,71,0,90,90,161
09/27/2018,SJT,TX,ASW,CE,Federal Contract Tower,6,9,18,76,109,0,1,37,22,60,6,10,55,98,169,44,144,188,357
09/28/2018,SJT,TX,ASW,CE,Federal Contract Tower,6,9,16,39,70,0,0,30,12,42,6,9,46,51,112,38,118,156,268
09/29/2018,SJT,TX,ASW,CE,Federal Contract Tower,5,3,20,4,32,0,0,25,0,25,5,3,45,4,57,40,4,44,101
09/30/2018,SJT,TX,ASW,CE,Federal Contract Tower,5,0,30,4,39,0,0,41,0,41,5,0,71,4,80,40,8,48,128
10/01/2018,SJT,TX,ASW,CE,Federal Contract Tower,6,12,22,80,120,0,0,34,16,50,6,12,56,96,170,48,196,244,414
10/02/2018,SJT,TX,ASW,CE,Federal Contract Tower,6,13,16,50,85,0,12,22,5,39,6,25,38,55,124,94,94,188,312
10/03/2018,SJT,TX,ASW,CE,Federal Contract Tower,6,13,24,52,95,0,4,28,13,45,6,17,52,65,140,36,128,164,304
10/04/2018,SJT,TX,ASW,CE,Federal Contract Tower,6,12,25,84,127,0,1,34,18,53,6,13,59,102,180,22,120,142,322
10/05/2018,SJT,TX,ASW,CE,Federal Contract Tower,6,12,21,50,89,0,0,31,11,42,6,12,52,61,131,40,68,108,239
10/06/2018,SJT,TX,ASW,CE,Federal Contract Tower,5,8,11,0,24,0,6,8,3,17,5,14,19,3,41,2,0,2,43
10/07/2018,SJT,TX,ASW,CE,Federal Contract Tower,4,3,12,18,37,0,0,9,3,12,4,3,21,21,49,2,32,34,83
10/08/2018,SJT,TX,ASW,CE,Federal Contract Tower,5,9,24,4,42,0,0,8,0,8,5,9,32,4,50,58,4,62,112
10/09/2018,SJT,TX,ASW,CE,Federal Contract Tower,8,7,17,0,32,0,6,19,10,35,8,13,36,10,67,30,14,44,111
10/10/2018,SJT,TX,ASW,CE,Federal Contract Tower,6,11,16,76,109,0,1,71,44,116,6,12,87,120,225,70,242,312,537
10/11/2018,SJT,TX,ASW,CE,Federal Contract Tower,6,13,13,13,45,0,2,45,6,53,6,15,58,19,98,46,56,102,200
10/12/2018,SJT,TX,ASW,CE,Federal Contract Tower,7,10,15,34,66,0,0,19,7,26,7,10,34,41,92,14,50,64,156
10/13/2018,SJT,TX,ASW,CE,Federal Contract Tower,3,8,9,12,32,0,0,16,3,19,3,8,25,15,51,14,22,36,87
10/14/2018,SJT,TX,ASW,CE,Federal Contract Tower,5,1,15,9,30,0,0,21,4,25,5,1,36,13,55,4,14,18,73
10/15/2018,SJT,TX,ASW,CE,Federal Contract Tower,6,9,9,0,24,0,0,2,3,5,6,9,11,3,29,2,0,2,31
10/16/2018,SJT,TX,ASW,CE,Federal Contract Tower,6,13,12,19,50,0,0,0,0,0,6,13,12,19,50,0,36,36,86
10/17/2018,SJT,TX,ASW,CE,Federal Contract Tower,6,12,11,4,33,0,0,0,0,0,6,12,11,4,33,0,6,6,39
10/18/2018,SJT,TX,ASW,CE,Federal Contract Tower,6,7,23,8,44,0,0,0,0,0,6,7,23,8,44,10,10,20,64
10/19/2018,SJT,TX,ASW,CE,Federal Contract Tower,6,17,11,4,38,0,0,0,0,0,6,17,11,4,38,2,4,6,44
10/20/2018,SJT,TX,ASW,CE,Federal Contract Tower,6,4,16,4,30,0,0,31,9,40,6,4,47,13,70,32,24,56,126
10/21/2018,SJT,TX,ASW,CE,Federal Contract Tower,6,3,8,20,37,0,0,40,2,42,6,3,48,22,79,54,20,74,153
10/22/2018,SJT,TX,ASW,CE,Federal Contract Tower,6,9,7,52,74,0,2,28,2,32,6,11,35,54,106,46,84,130,236
10/23/2018,SJT,TX,ASW,CE,Federal Contract Tower,6,9,9,36,60,0,3,23,9,35,6,12,32,45,95,36,76,112,207
10/24/2018,SJT,TX,ASW,CE,Federal Contract Tower,6,12,7,12,37,0,0,0,0,0,6,12,7,12,37,0,34,34,71
10/25/2018,SJT,TX,ASW,CE,Federal Contract Tower,8,8,17,79,112,0,0,54,37,91,8,8,71,116,203,48,278,326,529
10/26/2018,SJT,TX,ASW,CE,Federal Contract Tower,8,22,29,54,113,0,5,85,21,111,8,27,114,75,224,92,186,278,502
10/27/2018,SJT,TX,ASW,CE,Federal Contract Tower,5,6,14,24,49,0,5,54,39,98,5,11,68,63,147,62,66,128,275
10/28/2018,SJT,TX,ASW,CE,Federal Contract Tower,6,3,7,24,40,0,0,41,38,79,6,3,48,62,119,34,118,152,271
10/29/2018,SJT,TX,ASW,CE,Federal Contract Tower,8,7,13,50,78,0,0,49,37,86,8,7,62,87,164,14,152,166,330
10/30/2018,SJT,TX,ASW,CE,Federal Contract Tower,6,10,22,73,111,0,7,37,59,103,6,17,59,132,214,32,232,264,478
10/31/2018,SJT,TX,ASW,CE,Federal Contract Tower,6,11,15,2,34,0,0,3,2,5,6,11,18,4,39,0,0,0,39
11/01/2018,SJT,TX,ASW,CE,Federal Contract Tower,6,11,20,56,93,0,4,45,11,60,6,15,65,67,153,78,174,252,405
11/02/2018,SJT,TX,ASW,CE,Federal Contract Tower,8,17,12,75,112,0,4,44,11,59,8,21,56,86,171,82,122,204,375
11/03/2018,SJT,TX,ASW,CE,Federal Contract Tower,5,4,5,0,14,0,2,20,1,23,5,6,25,1,37,12,0,12,49
11/04/2018,SJT,TX,ASW,CE,Federal Contract Tower,6,10,14,29,59,0,0,31,3,34,6,10,45,32,93,30,76,106,199
11/05/2018,SJT,TX,ASW,CE,Federal Contract Tower,6,8,8,58,80,0,1,35,5,41,6,9,43,63,121,60,128,188,309
11/06/2018,SJT,TX,ASW,CE,Federal Contract Tower,6,12,14,74,106,0,2,28,18,48,6,14,42,92,154,39,206,245,399
11/07/2018,SJT,TX,ASW,CE,Federal Contract Tower,6,21,25,35,87,0,1,14,20,35,6,22,39,55,122,14,64,78,200
11/08/2018,SJT,TX,ASW,CE,Federal Contract Tower,6,14,18,4,42,0,0,0,0,0,6,14,18,4,42,0,0,0,42
11/09/2018,SJT,TX,ASW,CE,Federal Contract Tower,6,17,24,35,82,0,0,20,7,27,6,17,44,42,109,56,86,142,251
11/10/2018,SJT,TX,ASW,CE,Federal Contract Tower,5,5,14,5,29,0,7,51,0,58,5,12,65,5,87,62,14,76,163
11/11/2018,SJT,TX,ASW,CE,Federal Contract Tower,7,5,16,35,63,0,4,29,3,36,7,9,45,38,99,42,60,102,201
11/12/2018,SJT,TX,ASW,CE,Federal Contract Tower,6,8,9,2,25,0,3,1,0,4,6,11,10,2,29,0,2,2,31
11/13/2018,SJT,TX,ASW,CE,Federal Contract Tower,5,20,24,31,80,0,0,30,13,43,5,20,54,44,123,70,86,156,279
11/14/2018,SJT,TX,ASW,CE,Federal Contract Tower,6,14,43,5,68,0,2,70,5,77,6,16,113,10,145,100,20,120,265
11/15/2018,SJT,TX,ASW,CE,Federal Contract Tower,6,23,27,0,56,0,1,53,0,54,6,24,80,0,110,94,0,94,204
11/16/2018,SJT,TX,ASW,CE,Federal Contract Tower,6,12,31,45,94,0,0,48,14,62,6,12,79,59,156,94,110,204,360
11/17/2018,SJT,TX,ASW,CE,Federal Contract Tower,5,7,6,2,20,0,3,44,1,48,5,10,50,3,68,64,6,70,138
11/18/2018,SJT,TX,ASW,CE,Federal Contract Tower,6,1,13,3,23,0,0,16,0,16,6,1,29,3,39,28,6,34,73
11/19/2018,SJT,TX,ASW,CE,Federal Contract Tower,6,12,28,45,91,0,1,33,2,36,6,13,61,47,127,80,146,226,353
11/20/2018,SJT,TX,ASW,CE,Federal Contract Tower,6,18,23,39,86,0,1,40,4,45,6,19,63,43,131,38,156,194,325
11/21/2018,SJT,TX,ASW,CE,Federal Contract Tower,6,19,33,2,60,0,0,41,3,44,6,19,74,5,104,34,0,34,138
11/22/2018,SJT,TX,ASW,CE,Federal Contract Tower,3,5,6,0,14,0,0,4,0,4,3,5,10,0,18,0,0,0,18
11/23/2018,SJT,TX,ASW,CE,Federal Contract Tower,4,11,13,0,28,0,2,25,0,27,4,13,38,0,55,10,0,10,65
11/24/2018,SJT,TX,ASW,CE,Federal Contract Tower,7,6,12,0,25,0,0,24,0,24,7,6,36,0,49,24,0,24,73
11/25/2018,SJT,TX,ASW,CE,Federal Contract Tower,7,8,15,0,30,0,2,23,0,25,7,10,38,0,55,4,0,4,59
11/26/2018,SJT,TX,ASW,CE,Federal Contract Tower,8,12,10,35,65,0,0,28,15,43,8,12,38,50,108,14,120,134,242
11/27/2018,SJT,TX,ASW,CE,Federal Contract Tower,5,13,14,40,72,0,2,34,5,41,5,15,48,45,113,60,130,190,303
11/28/2018,SJT,TX,ASW,CE,Federal Contract Tower,7,16,19,49,91,0,1,42,24,67,7,17,61,73,158,32,132,164,322
11/29/2018,SJT,TX,ASW,CE,Federal Contract Tower,8,15,14,48,85,0,0,53,15,68,8,15,67,63,153,150,140,290,443
11/30/2018,SJT,TX,ASW,CE,Federal Contract Tower,8,13,23,65,109,0,0,21,10,31,8,13,44,75,140,16,142,158,298
12/01/2018,SJT,TX,ASW,CE,Federal Contract Tower,5,6,7,6,24,0,0,10,1,11,5,6,17,7,35,0,6,6,41
12/02/2018,SJT,TX,ASW,CE,Federal Contract Tower,5,4,15,25,49,0,0,41,7,48,5,4,56,32,97,40,44,84,181
12/03/2018,SJT,TX,ASW,CE,Federal Contract Tower,6,14,16,30,66,0,0,30,6,36,6,14,46,36,102,48,68,116,218
12/04/2018,SJT,TX,ASW,CE,Federal Contract Tower,6,14,12,29,61,0,2,40,12,54,6,16,52,41,115,64,84,148,263
12/05/2018,SJT,TX,ASW,CE,Federal Contract Tower,6,20,19,7,52,0,6,28,24,58,6,26,47,31,110,35,12,47,157
12/06/2018,SJT,TX,ASW,CE,Federal Contract Tower,6,13,16,41,76,0,0,11,5,16,6,13,27,46,92,12,42,54,146
12/07/2018,SJT,TX,ASW,CE,Federal Contract Tower,6,13,7,10,36,0,0,0,0,0,6,13,7,10,36,0,16,16,52
12/08/2018,SJT,TX,ASW,CE,Federal Contract Tower,5,5,0,0,10,0,0,0,0,0,5,5,0,0,10,0,0,0,10
12/09/2018,SJT,TX,ASW,CE,Federal Contract Tower,6,5,32,19,62,0,0,47,6,53,6,5,79,25,115,84,76,160,275
12/10/2018,SJT,TX,ASW,CE,Federal Contract Tower,6,8,10,40,64,0,0,40,13,53,6,8,50,53,117,64,112,176,293
12/11/2018,SJT,TX,ASW,CE,Federal Contract Tower,6,13,11,41,71,0,4,36,72,112,6,17,47,113,183,74,152,226,409
12/12/2018,SJT,TX,ASW,CE,Federal Contract Tower,6,21,30,67,124,0,3,56,85,144,6,24,86,152,268,140,322,462,730
12/13/2018,SJT,TX,ASW,CE,Federal Contract Tower,4,7,15,15,41,0,0,8,17,25,4,7,23,32,66,6,52,58,124
12/14/2018,SJT,TX,ASW,CE,Federal Contract Tower,6,13,9,51,79,0,2,15,25,42,6,15,24,76,121,0,150,150,271
12/15/2018,SJT,TX,ASW,CE,Federal Contract Tower,7,6,23,3,39,0,0,67,1,68,7,6,90,4,107,32,10,42,149
12/16/2018,SJT,TX,ASW,CE,Federal Contract Tower,6,2,7,14,29,0,0,37,11,48,6,2,44,25,77,8,14,22,99
12/17/2018,SJT,TX,ASW,CE,Federal Contract Tower,6,11,6,25,48,0,1,33,10,44,6,12,39,35,92,22,52,74,166
12/18/2018,SJT,TX,ASW,CE,Federal Contract Tower,8,17,26,59,110,0,2,18,5,25,8,19,44,64,135,42,130,172,307
12/19/2018,SJT,TX,ASW,CE,Federal Contract Tower,8,13,17,38,76,0,0,42,18,60,8,13,59,56,136,64,112,176,312
12/20/2018,SJT,TX,ASW,CE,Federal Contract Tower,8,17,16,28,69,0,0,29,14,43,8,17,45,42,112,10,102,112,224
12/21/2018,SJT,TX,ASW,CE,Federal Contract Tower,8,16,10,50,84,0,6,44,12,62,8,22,54,62,146,28,162,190,336
12/22/2018,SJT,TX,ASW,CE,Federal Contract Tower,9,6,11,0,26,0,2,53,0,55,9,8,64,0,81,30,0,30,111
12/23/2018,SJT,TX,ASW,CE,Federal Contract Tower,8,5,10,4,27,0,7,39,1,47,8,12,49,5,74,38,6,44,118
12/24/2018,SJT,TX,ASW,CE,Federal Contract Tower,8,6,3,0,17,0,3,28,0,31,8,9,31,0,48,50,0,50,98
12/25/2018,SJT,TX,ASW,CE,Federal Contract Tower,6,1,3,0,10,0,0,10,0,10,6,1,13,0,20,10,0,10,30
12/26/2018,SJT,TX,ASW,CE,Federal Contract Tower,4,2,11,0,17,0,0,4,0,4,4,2,15,0,21,0,0,0,21
12/27/2018,SJT,TX,ASW,CE,Federal Contract Tower,9,19,10,2,40,0,2,36,1,39,9,21,46,3,79,18,2,20,99
12/28/2018,SJT,TX,ASW,CE,Federal Contract Tower,8,17,15,0,40,0,1,26,0,27,8,18,41,0,67,14,0,14,81
12/29/2018,SJT,TX,ASW,CE,Federal Contract Tower,8,10,4,0,22,0,1,15,0,16,8,11,19,0,38,50,0,50,88
12/30/2018,SJT,TX,ASW,CE,Federal Contract Tower,8,10,10,3,31,0,0,11,0,11,8,10,21,3,42,42,2,44,86
12/31/2018,SJT,TX,ASW,CE,Federal Contract Tower,8,5,10,0,23,0,0,22,0,22,8,5,32,0,45,18,0,18,63
01/01/2019,SJT,TX,ASW,CE,Federal Contract Tower,6,2,7,0,15,0,0,1,0,1,6,2,8,0,16,0,0,0,16
01/02/2019,SJT,TX,ASW,CE,Federal Contract Tower,4,12,1,0,17,0,0,0,0,0,4,12,1,0,17,0,0,0,17
01/03/2019,SJT,TX,ASW,CE,Federal Contract Tower,8,20,11,20,59,0,1,23,16,40,8,21,34,36,99,20,76,96,195
01/04/2019,SJT,TX,ASW,CE,Federal Contract Tower,8,12,20,56,96,0,1,42,52,95,8,13,62,108,191,36,98,134,325
01/05/2019,SJT,TX,ASW,CE,Federal Contract Tower,6,8,17,0,31,0,0,56,0,56,6,8,73,0,87,79,4,83,170
01/06/2019,SJT,TX,ASW,CE,Federal Contract Tower,6,4,17,45,72,0,3,25,19,47,6,7,42,64,119,22,62,84,203
01/07/2019,SJT,TX,ASW,CE,Federal Contract Tower,9,7,9,68,93,0,2,41,12,55,9,9,50,80,148,44,194,238,386
01/08/2019,SJT,TX,ASW,CE,Federal Contract Tower,6,12,20,61,99,0,5,41,16,62,6,17,61,77,161,50,212,262,423
01/09/2019,SJT,TX,ASW,CE,Federal Contract Tower,6,9,20,29,64,0,0,51,10,61,6,9,71,39,125,86,74,160,285
01/10/2019,SJT,TX,ASW,CE,Federal Contract Tower,8,16,22,63,109,0,2,32,15,49,8,18,54,78,158,110,258,368,526
01/11/2019,SJT,TX,ASW,CE,Federal Contract Tower,10,15,17,18,60,0,0,1,0,1,10,15,18,18,61,0,22,22,83
01/12/2019,SJT,TX,ASW,CE,Federal Contract Tower,5,5,12,7,29,0,1,39,9,49,5,6,51,16,78,34,16,50,128
01/13/2019,SJT,TX,ASW,CE,Federal Contract Tower,6,1,16,24,47,0,0,35,6,41,6,1,51,30,88,36,38,74,162
01/14/2019,SJT,TX,ASW,CE,Federal Contract Tower,8,8,7,53,76,0,0,20,8,28,8,8,27,61,104,40,150,190,294
01/15/2019,SJT,TX,ASW,CE,Federal Contract Tower,7,12,20,13,52,0,2,4,3,9,7,14,24,16,61,20,30,50,111
01/16/2019,SJT,TX,ASW,CE,Federal Contract Tower,6,13,23,43,85,0,0,40,21,61,6,13,63,64,146,68,92,160,306
01/17/2019,SJT,TX,ASW,CE,Federal Contract Tower,8,10,37,44,99,9,9,72,23,113,17,19,109,67,212,84,158,242,454
01/18/2019,SJT,TX,ASW,CE,Federal Contract Tower,9,14,26,13,62,0,0,49,1,50,9,14,75,14,112,36,18,54,166
01/19/2019,SJT,TX,ASW,CE,Federal Contract Tower,6,3,10,0,19,0,0,22,2,24,6,3,32,2,43,12,14,26,69
01/20/2019,SJT,TX,ASW,CE,Federal Contract Tower,6,1,20,4,31,0,0,77,1,78,6,1,97,5,109,36,10,46,155
01/21/2019,SJT,TX,ASW,CE,Federal Contract Tower,8,11,12,0,31,0,2,14,0,16,8,13,26,0,47,0,0,0,47
01/22/2019,SJT,TX,ASW,CE,Federal Contract Tower,6,9,18,52,85,0,0,38,13,51,6,9,56,65,136,30,150,180,316
01/23/2019,SJT,TX,ASW,CE,Federal Contract Tower,6,12,30,22,70,0,0,64,6,70,6,12,94,28,140,60,44,104,244
01/24/2019,SJT,TX,ASW,CE,Federal Contract Tower,9,12,32,23,76,0,0,46,10,56,9,12,78,33,132,0,116,116,248
01/25/2019,SJT,TX,ASW,CE,Federal Contract Tower,8,13,13,63,97,1,2,63,27,93,9,15,76,90,190,56,108,164,354
01/26/2019,SJT,TX,ASW,CE,Federal Contract Tower,5,4,10,1,20,0,0,50,5,55,5,4,60,6,75,44,0,44,119
01/27/2019,SJT,TX,ASW,CE,Federal Contract Tower,5,2,16,11,34,0,0,59,0,59,5,2,75,11,93,46,22,68,161
01/28/2019,SJT,TX,ASW,CE,Federal Contract Tower,8,5,19,19,51,0,0,14,1,15,8,5,33,20,66,26,78,104,170
01/29/2019,SJT,TX,ASW,CE,Federal Contract Tower,6,15,16,39,76,0,3,35,15,53,6,18,51,54,129,46,66,112,241
01/30/2019,SJT,TX,ASW,CE,Federal Contract Tower,6,9,23,34,72,0,3,62,12,77,6,12,85,46,149,88,84,172,321
01/31/2019,SJT,TX,ASW,CE,Federal Contract Tower,8,13,23,24,68,0,0,45,6,51,8,13,68,30,119,32,52,84,203
02/01/2019,SJT,TX,ASW,CE,Federal Contract Tower,8,9,28,40,85,0,0,29,20,49,8,9,57,60,134,38,84,122,256
02/02/2019,SJT,TX,ASW,CE,Federal Contract Tower,5,6,5,0,16,0,0,39,0,39,5,6,44,0,55,40,0,40,95
02/03/2019,SJT,TX,ASW,CE,Federal Contract Tower,8,2,13,63,86,0,2,21,16,39,8,4,34,79,125,18,122,140,265
02/04/2019,SJT,TX,ASW,CE,Federal Contract Tower,8,5,23,21,57,0,0,52,8,60,8,5,75,29,117,56,88,144,261
02/05/2019,SJT,TX,ASW,CE,Federal Contract Tower,6,21,38,48,113,0,0,27,6,33,6,21,65,54,146,54,102,156,302
02/06/2019,SJT,TX,ASW,CE,Federal Contract Tower,6,18,35,65,124,0,1,26,19,46,6,19,61,84,170,50,182,232,402
02/07/2019,SJT,TX,ASW,CE,Federal Contract Tower,8,11,30,48,97,0,0,36,11,47,8,11,66,59,144,68,282,350,494
02/08/2019,SJT,TX,ASW,CE,Federal Contract Tower,11,14,13,46,84,0,0,16,3,19,11,14,29,49,103,58,142,200,303
02/09/2019,SJT,TX,ASW,CE,Federal Contract Tower,5,7,15,1,28,0,0,31,0,31,5,7,46,1,59,86,0,86,145
02/10/2019,SJT,TX,ASW,CE,Federal Contract Tower,7,2,10,46,65,0,0,8,3,11,7,2,18,49,76,16,42,58,134
02/11/2019,SJT,TX,ASW,CE,Federal Contract Tower,8,5,14,43,70,0,1,3,1,5,8,6,17,44,75,0,202,202,277
02/12/2019,SJT,TX,ASW,CE,Federal Contract Tower,6,9,12,31,58,0,0,67,3,70,6,9,79,34,128,30,70,100,228
02/13/2019,SJT,TX,ASW,CE,Federal Contract Tower,6,13,29,47,95,0,0,44,7,51,6,13,73,54,146,26,92,118,264
02/14/2019,SJT,TX,ASW,CE,Federal Contract Tower,8,15,22,54,99,0,3,19,10,32,8,18,41,64,131,24,132,156,287
02/15/2019,SJT,TX,ASW,CE,Federal Contract Tower,9,8,17,9,43,0,0,22,1,23,9,8,39,10,66,26,12,38,104
02/16/2019,SJT,TX,ASW,CE,Federal Contract Tower,5,7,15,4,31,0,3,52,2,57,5,10,67,6,88,58,4,62,150
02/17/2019,SJT,TX,ASW,CE,Federal Contract Tower,8,4,10,6,28,0,2,50,3,55,8,6,60,9,83,22,14,36,119
02/18/2019,SJT,TX,ASW,CE,Federal Contract Tower,9,3,19,5,36,0,1,44,1,46,9,4,63,6,82,64,10,74,156
02/19/2019,SJT,TX,ASW,CE,Federal Contract Tower,4,10,9,61,84,0,0,1,5,6,4,10,10,66,90,0,66,66,156
02/20/2019,SJT,TX,ASW,CE,Federal Contract Tower,6,18,28,58,110,0,0,43,18,61,6,18,71,76,171,98,142,240,411
02/21/2019,SJT,TX,ASW,CE,Federal Contract Tower,8,13,14,60,95,0,2,26,5,33,8,15,40,65,128,36,138,174,302
02/22/2019,SJT,TX,ASW,CE,Federal Contract Tower,8,10,16,76,110,0,1,22,5,28,8,11,38,81,138,24,146,170,308
02/23/2019,SJT,TX,ASW,CE,Federal Contract Tower,5,5,6,2,18,0,0,4,2,6,5,5,10,4,24,0,0,0,24
02/24/2019,SJT,TX,ASW,CE,Federal Contract Tower,8,5,14,32,59,0,2,65,10,77,8,7,79,42,136,32,64,96,232
02/25/2019,SJT,TX,ASW,CE,Federal Contract Tower,8,15,19,37,79,0,0,33,8,41,8,15,52,45,120,24,53,77,197
02/26/2019,SJT,TX,ASW,CE,Federal Contract Tower,5,16,37,76,134,0,2,37,12,51,5,18,74,88,185,94,270,364,549
02/27/2019,SJT,TX,ASW,CE,Federal Contract Tower,6,12,28,77,123,2,0,52,15,69,8,12,80,92,192,60,136,196,388
02/28/2019,SJT,TX,ASW,CE,Federal Contract Tower,8,16,28,25,77,0,0,24,2,26,8,16,52,27,103,40,44,84,187
03/01/2019,SJT,TX,ASW,CE,Federal Contract Tower,8,15,29,35,87,0,0,41,14,55,8,15,70,49,142,58,108,166,308
03/02/2019,SJT,TX,ASW,CE,Federal Contract Tower,5,3,3,0,11,0,0,0,0,0,5,3,3,0,11,0,0,0,11
03/03/2019,SJT,TX,ASW,CE,Federal Contract Tower,8,2,27,0,37,0,0,2,1,3,8,2,29,1,40,28,0,28,68
03/04/2019,SJT,TX,ASW,CE,Federal Contract Tower,8,6,18,53,85,0,2,23,7,32,8,8,41,60,117,44,162,206,323
03/05/2019,SJT,TX,ASW,CE,Federal Contract Tower,7,14,23,46,90,0,1,47,13,61,7,15,70,59,151,36,152,188,339
03/06/2019,SJT,TX,ASW,CE,Federal Contract Tower,6,21,13,43,83,0,1,23,17,41,6,22,36,60,124,26,132,158,282
03/07/2019,SJT,TX,ASW,CE,Federal Contract Tower,8,15,30,65,118,0,0,48,14,62,8,15,78,79,180,54,142,196,376
03/08/2019,SJT,TX,ASW,CE,Federal Contract Tower,8,15,27,37,87,0,1,47,19,67,8,16,74,56,154,62,144,206,360
03/09/2019,SJT,TX,ASW,CE,Federal Contract Tower,5,1,4,8,18,0,2,32,8,42,5,3,36,16,60,28,82,110,170
03/10/2019,SJT,TX,ASW,CE,Federal Contract Tower,10,2,18,4,34,0,0,21,0,21,10,2,39,4,55,18,4,22,77
03/11/2019,SJT,TX,ASW,CE,Federal Contract Tower,8,4,12,8,32,0,0,4,1,5,8,4,16,9,37,24,28,52,89
03/12/2019,SJT,TX,ASW,CE,Federal Contract Tower,6,12,10,84,112,0,0,5,24,29,6,12,15,108,141,12,142,154,295
03/13/2019,SJT,TX,ASW,CE,Federal Contract Tower,6,14,14,9,43,0,1,12,2,15,6,15,26,11,58,0,20,20,78
03/14/2019,SJT,TX,ASW,CE,Federal Contract Tower,11,16,16,3,46,0,4,55,5,64,11,20,71,8,110,20,14,34,144
03/15/2019,SJT,TX,ASW,CE,Federal Contract Tower,8,11,19,31,69,0,0,42,9,51,8,11,61,40,120,28,110,138,258
03/16/2019,SJT,TX,ASW,CE,Federal Contract Tower,5,4,28,1,38,0,2,71,0,73,5,6,99,1,111,26,0,26,137
03/17/2019,SJT,TX,ASW,CE,Federal Contract Tower,8,3,15,20,46,0,1,63,16,80,8,4,78,36,126,56,40,96,222
03/18/2019,SJT,TX,ASW,CE,Federal Contract Tower,10,10,9,43,72,0,0,29,10,39,10,10,38,53,111,38,90,128,239
03/19/2019,SJT,TX,ASW,CE,Federal Contract Tower,6,23,19,42,90,0,0,41,5,46,6,23,60,47,136,76,174,250,386
03/20/2019,SJT,TX,ASW,CE,Federal Contract Tower,6,15,31,43,95,0,5,36,17,58,6,20,67,60,153,76,58,134,287
03/21/2019,SJT,TX,ASW,CE,Federal Contract Tower,8,10,15,52,85,0,2,65,9,76,8,12,80,61,161,38,190,228,389
03/22/2019,SJT,TX,ASW,CE,Federal Contract Tower,11,13,12,44,80,0,2,17,9,28,11,15,29,53,108,56,208,264,372
03/23/2019,SJT,TX,ASW,CE,Federal Contract Tower,5,5,12,0,22,0,0,27,0,27,5,5,39,0,49,36,0,36,85
03/24/2019,SJT,TX,ASW,CE,Federal Contract Tower,8,1,6,26,41,0,0,30,8,38,8,1,36,34,79,38,42,80,159
03/25/2019,SJT,TX,ASW,CE,Federal Contract Tower,8,8,26,57,99,0,2,26,17,45,8,10,52,74,144,2,182,184,328
03/26/2019,SJT,TX,ASW,CE,Federal Contract Tower,5,13,17,27,62,0,2,24,4,30,5,15,41,31,92,10,96,106,198
03/27/2019,SJT,TX,ASW,CE,Federal Contract Tower,6,14,21,57,98,0,0,18,12,30,6,14,39,69,128,42,194,236,364
03/28/2019,SJT,TX,ASW,CE,Federal Contract Tower,8,12,18,36,74,0,1,20,22,43,8,13,38,58,117,12,72,84,201
03/29/2019,SJT,TX,ASW,CE,Federal Contract Tower,8,12,16,33,69,0,0,42,11,53,8,12,58,44,122,22,76,98,220
03/30/2019,SJT,TX,ASW,CE,Federal Contract Tower,5,5,10,10,30,0,2,13,1,16,5,7,23,11,46,6,28,34,80
03/31/2019,SJT,TX,ASW,CE,Federal Contract Tower,8,2,10,46,66,0,0,38,15,53,8,2,48,61,119,114,86,200,319
04/01/2019,SJT,TX,ASW,CE,Federal Contract Tower,8,3,18,52,81,0,0,46,12,58,8,3,64,64,139,98,114,212,351
04/02/2019,SJT,TX,ASW,CE,Federal Contract Tower,6,17,19,46,88,0,0,37,9,46,6,17,56,55,134,40,90,130,264
04/03/2019,SJT,TX,ASW,CE,Federal Contract Tower,7,17,20,62,106,0,0,29,8,37,7,17,49,70,143,38,218,256,399
04/04/2019,SJT,TX,ASW,CE,Federal Contract Tower,8,9,12,50,79,0,0,43,13,56,8,9,55,63,135,58,160,218,353
04/05/2019,SJT,TX,ASW,CE,Federal Contract Tower,8,15,25,87,135,0,1,29,14,44,8,16,54,101,179,40,200,240,419
04/06/2019,SJT,TX,ASW,CE,Federal Contract Tower,5,6,10,5,26,0,1,20,0,21,5,7,30,5,47,52,4,56,103
04/07/2019,SJT,TX,ASW,CE,Federal Contract Tower,10,4,6,25,45,0,0,29,2,31,10,4,35,27,76,68,76,144,220
04/08/2019,SJT,TX,ASW,CE,Federal Contract Tower,8,6,16,27,57,0,2,38,5,45,8,8,54,32,102,52,88,140,242
04/09/2019,SJT,TX,ASW,CE,Federal Contract Tower,6,13,24,38,81,0,0,54,14,68,6,13,78,52,149,58,76,134,283
04/10/2019,SJT,TX,ASW,CE,Federal Contract Tower,6,8,16,28,58,0,2,17,9,28,6,10,33,37,86,8,54,62,148
04/11/2019,SJT,TX,ASW,CE,Federal Contract Tower,11,14,25,20,70,0,0,33,0,33,11,14,58,20,103,54,46,100,203
04/12/2019,SJT,TX,ASW,CE,Federal Contract Tower,8,14,28,42,92,0,0,26,6,32,8,14,54,48,124,32,72,104,228
04/13/2019,SJT,TX,ASW,CE,Federal Contract Tower,5,2,3,0,10,0,0,0,0,0,5,2,3,0,10,2,0,2,12
04/14/2019,SJT,TX,ASW,CE,Federal Contract Tower,8,1,17,30,56,0,3,54,7,64,8,4,71,37,120,164,46,210,330
04/15/2019,SJT,TX,ASW,CE,Federal Contract Tower,10,6,24,41,81,0,0,43,10,53,10,6,67,51,134,52,74,126,260
04/16/2019,SJT,TX,ASW,CE,Federal Contract Tower,8,16,23,51,98,0,1,29,8,38,8,17,52,59,136,60,136,196,332
04/17/2019,SJT,TX,ASW,CE,Federal Contract Tower,5,10,32,93,140,0,12,45,29,86,5,22,77,122,226,40,200,240,466
04/18/2019,SJT,TX,ASW,CE,Federal Contract Tower,8,17,20,52,97,0,3,19,7,29,8,20,39,59,126,36,90,126,252
04/19/2019,SJT,TX,ASW,CE,Federal Contract Tower,8,17,15,37,77,0,0,47,4,51,8,17,62,41,128,68,120,188,316
04/20/2019,SJT,TX,ASW,CE,Federal Contract Tower,5,6,6,0,17,0,2,41,0,43,5,8,47,0,60,52,0,52,112
04/21/2019,SJT,TX,ASW,CE,Federal Contract Tower,8,2,13,3,26,0,0,26,2,28,8,2,39,5,54,50,2,52,106
04/22/2019,SJT,TX,ASW,CE,Federal Contract Tower,9,7,22,16,54,0,1,37,5,43,9,8,59,21,97,70,32,102,199
04/23/2019,SJT,TX,ASW,CE,Federal Contract Tower,6,6,17,38,67,0,0,10,4,14,6,6,27,42,81,82,54,136,217
04/24/2019,SJT,TX,ASW,CE,Federal Contract Tower,6,7,3,1,17,0,0,7,1,8,6,7,10,2,25,24,0,24,49
04/25/2019,SJT,TX,ASW,CE,Federal Contract Tower,8,12,20,22,62,0,2,52,19,73,8,14,72,41,135,122,38,160,295
04/26/2019,SJT,TX,ASW,CE,Federal Contract Tower,9,11,22,13,55,0,2,51,22,75,9,13,73,35,130,30,22,52,182
04/27/2019,SJT,TX,ASW,CE,Federal Contract Tower,8,3,15,0,26,0,9,32,0,41,8,12,47,0,67,32,0,32,99
04/28/2019,SJT,TX,ASW,CE,Federal Contract Tower,8,6,13,24,51,0,1,53,17,71,8,7,66,41,122,38,38,76,198
04/29/2019,SJT,TX,ASW,CE,Federal Contract Tower,7,6,9,53,75,0,0,21,16,37,7,6,30,69,112,60,88,148,260
04/30/2019,SJT,TX,ASW,CE,Federal Contract Tower,6,12,33,43,94,0,1,21,22,44,6,13,54,65,138,28,74,102,240
05/02/2019,SJT,TX,ASW,CE,Federal Contract Tower,6,16,18,10,50,0,0,2,2,4,6,16,20,12,54,2,10,12,66
05/03/2019,SJT,TX,ASW,CE,Federal Contract Tower,10,15,15,22,62,0,0,17,6,23,10,15,32,28,85,58,20,78,163
05/04/2019,SJT,TX,ASW,CE,Federal Contract Tower,6,6,9,2,23,0,0,31,5,36,6,6,40,7,59,116,0,116,175
05/05/2019,SJT,TX,ASW,CE,Federal Contract Tower,10,3,5,32,50,0,0,30,12,42,10,3,35,44,92,88,48,136,228
05/06/2019,SJT,TX,ASW,CE,Federal Contract Tower,8,8,20,56,92,0,0,36,16,52,8,8,56,72,144,64,146,210,354
05/07/2019,SJT,TX,ASW,CE,Federal Contract Tower,10,11,25,63,109,0,1,21,4,26,10,12,46,67,135,86,112,198,333
05/08/2019,SJT,TX,ASW,CE,Federal Contract Tower,8,14,19,36,77,0,1,37,14,52,8,15,56,50,129,80,82,162,291
05/09/2019,SJT,TX,ASW,CE,Federal Contract Tower,10,19,42,32,103,0,0,29,2,31,10,19,71,34,134,56,66,122,256
05/10/2019,SJT,TX,ASW,CE,Federal Contract Tower,8,12,10,35,65,0,0,21,18,39,8,12,31,53,104,64,36,100,204
05/11/2019,SJT,TX,ASW,CE,Federal Contract Tower,5,3,17,18,43,0,0,23,10,33,5,3,40,28,76,22,44,66,142
05/12/2019,SJT,TX,ASW,CE,Federal Contract Tower,8,6,4,7,25,0,0,43,6,49,8,6,47,13,74,36,8,44,118
05/13/2019,SJT,TX,ASW,CE,Federal Contract Tower,8,12,12,6,38,0,2,38,5,45,8,14,50,11,83,48,14,62,145
05/14/2019,SJT,TX,ASW,CE,Federal Contract Tower,8,12,11,24,55,0,0,40,11,51,8,12,51,35,106,38,82,120,226
05/15/2019,SJT,TX,ASW,CE,Federal Contract Tower,8,11,22,33,74,0,0,32,10,42,8,11,54,43,116,22,82,104,220
05/16/2019,SJT,TX,ASW,CE,Federal Contract Tower,8,17,17,12,54,0,1,42,6,49,8,18,59,18,103,104,66,170,273
05/17/2019,SJT,TX,ASW,CE,Federal Contract Tower,8,16,16,32,72,0,2,28,11,41,8,18,44,43,113,30,62,92,205
05/18/2019,SJT,TX,ASW,CE,Federal Contract Tower,4,1,14,0,19,0,0,16,0,16,4,1,30,0,35,8,0,8,43
05/19/2019,SJT,TX,ASW,CE,Federal Contract Tower,8,2,16,11,37,0,1,71,12,84,8,3,87,23,121,94,28,122,243
05/20/2019,SJT,TX,ASW,CE,Federal Contract Tower,8,7,5,20,40,0,0,10,10,20,8,7,15,30,60,20,92,112,172
05/21/2019,SJT,TX,ASW,CE,Federal Contract Tower,10,17,16,28,71,0,1,28,10,39,10,18,44,38,110,22,30,52,162
05/22/2019,SJT,TX,ASW,CE,Federal Contract Tower,8,13,23,41,85,0,4,52,8,64,8,17,75,49,149,56,112,168,317
05/23/2019,SJT,TX,ASW,CE,Federal Contract Tower,8,14,19,35,76,0,1,14,11,26,8,15,33,46,102,32,92,124,226
05/24/2019,SJT,TX,ASW,CE,Federal Contract Tower,8,15,15,5,43,0,0,20,1,21,8,15,35,6,64,68,8,76,140
05/25/2019,SJT,TX,ASW,CE,Federal Contract Tower,6,8,6,0,20,0,1,13,10,24,6,9,19,10,44,52,0,52,96
05/26/2019,SJT,TX,ASW,CE,Federal Contract Tower,10,4,9,3,26,0,0,17,1,18,10,4,26,4,44,44,4,48,92
05/27/2019,SJT,TX,ASW,CE,Federal Contract Tower,8,0,14,5,27,0,0,29,2,31,8,0,43,7,58,24,6,30,88
05/28/2019,SJT,TX,ASW,CE,Federal Contract Tower,8,6,12,24,50,0,0,42,15,57,8,6,54,39,107,80,108,188,295
05/29/2019,SJT,TX,ASW,CE,Federal Contract Tower,3,11,24,7,45,0,0,23,0,23,3,11,47,7,68,0,10,10,78
05/30/2019,SJT,TX,ASW,CE,Federal Contract Tower,8,16,14,0,38,0,0,11,0,11,8,16,25,0,49,0,0,0,49
05/31/2019,SJT,TX,ASW,CE,Federal Contract Tower,8,14,24,9,55,0,0,35,6,41,8,14,59,15,96,10,20,30,126
06/01/2019,SJT,TX,ASW,CE,Federal Contract Tower,5,4,2,0,11,0,8,34,0,42,5,12,36,0,53,52,0,52,105
06/02/2019,SJT,TX,ASW,CE,Federal Contract Tower,10,1,9,8,28,0,0,31,5,36,10,1,40,13,64,8,30,38,102
06/03/2019,SJT,TX,ASW,CE,Federal Contract Tower,8,9,5,26,48,0,0,23,14,37,8,9,28,40,85,26,38,64,149
06/04/2019,SJT,TX,ASW,CE,Federal Contract Tower,8,16,22,1,47,0,2,47,3,52,8,18,69,4,99,18,0,18,117
06/05/2019,SJT,TX,ASW,CE,Federal Contract Tower,7,17,18,68,110,0,0,39,33,72,7,17,57,101,182,48,194,242,424
06/06/2019,SJT,TX,ASW,CE,Federal Contract Tower,8,8,19,67,102,0,2,54,21,77,8,10,73,88,179,40,146,186,365
06/07/2019,SJT,TX,ASW,CE,Federal Contract Tower,9,26,17,36,88,0,0,60,16,76,9,26,77,52,164,56,104,160,324
06/08/2019,SJT,TX,ASW,CE,Federal Contract Tower,6,3,15,0,24,0,0,61,0,61,6,3,76,0,85,26,0,26,111
06/09/2019,SJT,TX,ASW,CE,Federal Contract Tower,8,1,21,23,53,0,0,47,7,54,8,1,68,30,107,30,32,62,169
06/10/2019,SJT,TX,ASW,CE,Federal Contract Tower,9,4,13,19,45,9,9,18,5,41,18,13,31,24,86,6,34,40,126
06/11/2019,SJT,TX,ASW,CE,Federal Contract Tower,9,18,26,43,96,0,0,35,17,52,9,18,61,60,148,28,74,102,250
06/13/2019,SJT,TX,ASW,CE,Federal Contract Tower,10,16,19,15,60,0,0,48,10,58,10,16,67,25,118,46,28,74,192
06/14/2019,SJT,TX,ASW,CE,Federal Contract Tower,9,15,15,14,53,0,2,23,7,32,9,17,38,21,85,22,40,62,147
06/15/2019,SJT,TX,ASW,CE,Federal Contract Tower,7,5,7,2,21,0,6,35,7,48,7,11,42,9,69,4,2,6,75
06/16/2019,SJT,TX,ASW,CE,Federal Contract Tower,10,3,12,16,41,0,1,28,6,35,10,4,40,22,76,16,34,50,126
06/17/2019,SJT,TX,ASW,CE,Federal Contract Tower,7,7,16,20,50,0,3,20,9,32,7,10,36,29,82,28,48,76,158
06/18/2019,SJT,TX,ASW,CE,Federal Contract Tower,8,14,11,15,48,0,1,27,9,37,8,15,38,24,85,56,52,108,193
06/19/2019,SJT,TX,ASW,CE,Federal Contract Tower,11,10,26,28,75,0,1,34,14,49,11,11,60,42,124,44,50,94,218
06/20/2019,SJT,TX,ASW,CE,Federal Contract Tower,9,7,21,23,60,0,0,40,12,52,9,7,61,35,112,16,86,102,214
06/21/2019,SJT,TX,ASW,CE,Federal Contract Tower,9,17,20,32,78,0,3,38,23,64,9,20,58,55,142,72,70,142,284
06/22/2019,SJT,TX,ASW,CE,Federal Contract Tower,9,6,7,3,25,0,3,34,5,42,9,9,41,8,67,44,4,48,115
06/23/2019,SJT,TX,ASW,CE,Federal Contract Tower,9,1,18,35,63,0,2,27,15,44,9,3,45,50,107,28,90,118,225
06/24/2019,SJT,TX,ASW,CE,Federal Contract Tower,7,4,9,30,50,0,0,27,6,33,7,4,36,36,83,46,94,140,223
06/25/2019,SJT,TX,ASW,CE,Federal Contract Tower,9,11,20,22,62,0,2,45,19,66,9,13,65,41,128,54,90,144,272
06/26/2019,SJT,TX,ASW,CE,Federal Contract Tower,9,13,14,34,70,0,0,39,10,49,9,13,53,44,119,50,62,112,231
06/27/2019,SJT,TX,ASW,CE,Federal Contract Tower,10,13,20,21,64,0,2,44,13,59,10,15,64,34,123,10,62,72,195
06/28/2019,SJT,TX,ASW,CE,Federal Contract Tower,9,15,8,41,73,0,0,29,16,45,9,15,37,57,118,64,108,172,290
06/29/2019,SJT,TX,ASW,CE,Federal Contract Tower,7,4,10,13,34,0,7,49,4,60,7,11,59,17,94,44,20,64,158
06/30/2019,SJT,TX,ASW,CE,Federal Contract Tower,8,4,4,31,47,0,1,21,9,31,8,5,25,40,78,12,68,80,158
07/01/2019,SJT,TX,ASW,CE,Federal Contract Tower,8,7,14,33,62,0,0,37,17,54,8,7,51,50,116,22,58,80,196
07/02/2019,SJT,TX,ASW,CE,Federal Contract Tower,9,10,14,67,100,0,0,46,31,77,9,10,60,98,177,34,212,246,423
07/03/2019,SJT,TX,ASW,CE,Federal Contract Tower,6,15,17,60,98,0,1,33,11,45,6,16,50,71,143,40,168,208,351
07/04/2019,SJT,TX,ASW,CE,Federal Contract Tower,5,2,4,1,12,0,0,26,1,27,5,2,30,2,39,54,2,56,95
07/05/2019,SJT,TX,ASW,CE,Federal Contract Tower,7,10,10,0,27,0,0,47,0,47,7,10,57,0,74,48,0,48,122
07/06/2019,SJT,TX,ASW,CE,Federal Contract Tower,4,5,4,0,13,0,5,29,0,34,4,10,33,0,47,12,0,12,59
07/07/2019,SJT,TX,ASW,CE,Federal Contract Tower,8,2,14,0,24,0,0,22,0,22,8,2,36,0,46,0,0,0,46
07/08/2019,SJT,TX,ASW,CE,Federal Contract Tower,8,5,15,22,50,0,2,56,9,67,8,7,71,31,117,46,44,90,207
07/09/2019,SJT,TX,ASW,CE,Federal Contract Tower,8,12,25,48,93,0,6,48,11,65,8,18,73,59,158,58,150,208,366
07/11/2019,SJT,TX,ASW,CE,Federal Contract Tower,9,10,19,27,65,0,4,47,10,61,9,14,66,37,126,24,114,138,264
07/12/2019,SJT,TX,ASW,CE,Federal Contract Tower,9,15,16,38,78,0,5,35,7,47,9,20,51,45,125,22,62,84,209
07/13/2019,SJT,TX,ASW,CE,Federal Contract Tower,6,4,7,9,26,0,0,44,7,51,6,4,51,16,77,28,10,38,115
07/14/2019,SJT,TX,ASW,CE,Federal Contract Tower,10,4,24,21,59,0,2,52,14,68,10,6,76,35,127,32,52,84,211
07/15/2019,SJT,TX,ASW,CE,Federal Contract Tower,8,7,20,33,68,0,0,50,8,58,8,7,70,41,126,18,44,62,188
07/16/2019,SJT,TX,ASW,CE,Federal Contract Tower,8,16,18,28,70,0,0,39,15,54,8,16,57,43,124,10,66,76,200
07/17/2019,SJT,TX,ASW,CE,Federal Contract Tower,8,17,20,16,61,0,3,45,6,54,8,20,65,22,115,40,20,60,175
07/18/2019,SJT,TX,ASW,CE,Federal Contract Tower,11,16,16,11,54,0,1,41,3,45,11,17,57,14,99,58,10,68,167
07/19/2019,SJT,TX,ASW,CE,Federal Contract Tower,8,18,20,9,55,0,1,43,20,64,8,19,63,29,119,28,18,46,165
07/20/2019,SJT,TX,ASW,CE,Federal Contract Tower,7,10,8,4,29,0,4,26,2,32,7,14,34,6,61,30,4,34,95
07/21/2019,SJT,TX,ASW,CE,Federal Contract Tower,11,3,6,24,44,0,2,30,14,46,11,5,36,38,90,20,70,90,180
07/22/2019,SJT,TX,ASW,CE,Federal Contract Tower,8,6,20,39,73,0,0,43,20,63,8,6,63,59,136,26,114,140,276
07/23/2019,SJT,TX,ASW,CE,Federal Contract Tower,7,9,12,47,75,0,2,23,7,32,7,11,35,54,107,48,116,164,271
07/24/2019,SJT,TX,ASW,CE,Federal Contract Tower,9,10,11,43,73,0,0,44,17,61,9,10,55,60,134,54,126,180,314
07/25/2019,SJT,TX,ASW,CE,Federal Contract Tower,9,14,18,50,91,0,5,41,14,60,9,19,59,64,151,64,102,166,317
07/26/2019,SJT,TX,ASW,CE,Federal Contract Tower,9,13,25,23,70,0,0,68,12,80,9,13,93,35,150,104,66,170,320
07/27/2019,SJT,TX,ASW,CE,Federal Contract Tower,7,7,19,1,34,0,0,44,2,46,7,7,63,3,80,20,0,20,100
07/28/2019,SJT,TX,ASW,CE,Federal Contract Tower,9,3,10,32,54,0,0,30,8,38,9,3,40,40,92,22,60,82,174
07/29/2019,SJT,TX,ASW,CE,Federal Contract Tower,8,5,11,47,71,0,0,24,15,39,8,5,35,62,110,22,82,104,214
07/30/2019,SJT,TX,ASW,CE,Federal Contract Tower,8,18,21,52,99,0,0,29,9,38,8,18,50,61,137,14,68,82,219
07/31/2019,SJT,TX,ASW,CE,Federal Contract Tower,9,15,26,64,114,0,1,35,14,50,9,16,61,78,164,18,106,124,288
08/01/2019,SJT,TX,ASW,CE,Federal Contract Tower,9,13,8,39,69,0,0,35,4,39,9,13,43,43,108,10,46,56,164
08/02/2019,SJT,TX,ASW,CE,Federal Contract Tower,9,11,10,48,78,0,3,33,17,53,9,14,43,65,131,34,84,118,249
08/03/2019,SJT,TX,ASW,CE,Federal Contract Tower,6,6,9,5,26,0,2,23,3,28,6,8,32,8,54,20,4,24,78
08/04/2019,SJT,TX,ASW,CE,Federal Contract Tower,9,2,7,5,23,0,0,28,4,32,9,2,35,9,55,20,14,34,89
08/05/2019,SJT,TX,ASW,CE,Federal Contract Tower,8,7,19,24,58,0,0,32,4,36,8,7,51,28,94,40,58,98,192
08/06/2019,SJT,TX,ASW,CE,Federal Contract Tower,9,11,17,26,63,0,4,34,6,44,9,15,51,32,107,48,74,122,229
08/07/2019,SJT,TX,ASW,CE,Federal Contract Tower,8,10,25,28,71,0,4,51,16,71,8,14,76,44,142,12,78,90,232
08/08/2019,SJT,TX,ASW,CE,Federal Contract Tower,8,16,20,49,93,0,1,31,9,41,8,17,51,58,134,36,152,188,322
08/09/2019,SJT,TX,ASW,CE,Federal Contract Tower,9,14,15,34,72,0,8,41,12,61,9,22,56,46,133,24,60,84,217
08/10/2019,SJT,TX,ASW,CE,Federal Contract Tower,7,3,6,0,16,0,0,26,0,26,7,3,32,0,42,16,0,16,58
08/11/2019,SJT,TX,ASW,CE,Federal Contract Tower,10,2,6,12,30,0,0,24,5,29,10,2,30,17,59,6,22,28,87
08/12/2019,SJT,TX,ASW,CE,Federal Contract Tower,8,8,11,38,65,0,0,27,17,44,8,8,38,55,109,30,94,124,233
08/13/2019,SJT,TX,ASW,CE,Federal Contract Tower,8,9,21,28,66,0,3,41,10,54,8,12,62,38,120,14,44,58,178
08/14/2019,SJT,TX,ASW,CE,Federal Contract Tower,11,16,21,26,74,0,4,37,14,55,11,20,58,40,129,54,50,104,233
08/15/2019,SJT,TX,ASW,CE,Federal Contract Tower,8,14,14,29,65,0,0,26,9,35,8,14,40,38,100,24,64,88,188
08/16/2019,SJT,TX,ASW,CE,Federal Contract Tower,13,21,32,38,104,0,1,63,23,87,13,22,95,61,191,74,76,150,341
08/17/2019,SJT,TX,ASW,CE,Federal Contract Tower,7,5,16,0,28,1,3,20,0,24,8,8,36,0,52,12,0,12,64
08/18/2019,SJT,TX,ASW,CE,Federal Contract Tower,9,2,7,13,31,0,0,27,5,32,9,2,34,18,63,8,20,28,91
08/19/2019,SJT,TX,ASW,CE,Federal Contract Tower,13,9,20,53,95,0,4,37,18,59,13,13,57,71,154,34,96,130,284
08/20/2019,SJT,TX,ASW,CE,Federal Contract Tower,8,14,25,52,99,0,1,46,20,67,8,15,71,72,166,42,122,164,330
08/21/2019,SJT,TX,ASW,CE,Federal Contract Tower,10,15,30,34,89,0,0,44,14,58,10,15,74,48,147,74,66,140,287
08/22/2019,SJT,TX,ASW,CE,Federal Contract Tower,10,14,23,59,106,0,0,35,21,56,10,14,58,80,162,50,176,226,388
08/23/2019,SJT,TX,ASW,CE,Federal Contract Tower,7,17,38,4,66,0,1,30,3,34,7,18,68,7,100,32,6,38,138
08/24/2019,SJT,TX,ASW,CE,Federal Contract Tower,6,3,7,6,22,0,5,29,6,40,6,8,36,12,62,44,10,54,116
08/25/2019,SJT,TX,ASW,CE,Federal Contract Tower,8,4,15,7,34,0,0,34,2,36,8,4,49,9,70,36,0,36,106
08/26/2019,SJT,TX,ASW,CE,Federal Contract Tower,8,8,19,44,79,0,1,27,5,33,8,9,46,49,112,14,40,54,166
08/27/2019,SJT,TX,ASW,CE,Federal Contract Tower,9,17,24,40,90,0,1,31,11,43,9,18,55,51,133,48,86,134,267
08/28/2019,SJT,TX,ASW,CE,Federal Contract Tower,9,11,24,47,91,0,2,39,9,50,9,13,63,56,141,52,66,118,259
08/29/2019,SJT,TX,ASW,CE,Federal Contract Tower,8,18,29,19,74,0,0,31,1,32,8,18,60,20,106,30,20,50,156
08/30/2019,SJT,TX,ASW,CE,Federal Contract Tower,3,19,19,0,41,0,4,42,0,46,3,23,61,0,87,6,0,6,93
08/31/2019,SJT,TX,ASW,CE,Federal Contract Tower,6,5,8,0,19,0,2,52,0,54,6,7,60,0,73,40,0,40,113
09/01/2019,SJT,TX,ASW,CE,Federal Contract Tower,8,1,2,4,15,0,0,39,1,40,8,1,41,5,55,44,8,52,107
09/02/2019,SJT,TX,ASW,CE,Federal Contract Tower,8,6,8,0,22,0,1,26,0,27,8,7,34,0,49,32,0,32,81
09/03/2019,SJT,TX,ASW,CE,Federal Contract Tower,8,10,13,62,93,0,0,30,12,42,8,10,43,74,135,76,92,168,303
09/04/2019,SJT,TX,ASW,CE,Federal Contract Tower,10,11,14,61,96,0,1,38,13,52,10,12,52,74,148,46,112,158,306
09/05/2019,SJT,TX,ASW,CE,Federal Contract Tower,10,16,15,25,66,0,2,41,18,61,10,18,56,43,127,22,70,92,219
09/06/2019,SJT,TX,ASW,CE,Federal Contract Tower,9,20,14,55,98,0,1,46,14,61,9,21,60,69,159,48,92,140,299
09/07/2019,SJT,TX,ASW,CE,Federal Contract Tower,8,7,8,7,30,0,3,30,6,39,8,10,38,13,69,36,8,44,113
09/08/2019,SJT,TX,ASW,CE,Federal Contract Tower,9,13,12,18,52,0,4,42,24,70,9,17,54,42,122,30,36,66,188
09/09/2019,SJT,TX,ASW,CE,Federal Contract Tower,11,7,14,68,100,0,0,41,21,62,11,7,55,89,162,42,138,180,342
09/10/2019,SJT,TX,ASW,CE,Federal Contract Tower,10,10,28,75,123,0,1,38,1,40,10,11,66,76,163,48,116,164,327
09/11/2019,SJT,TX,ASW,CE,Federal Contract Tower,10,10,18,32,70,0,0,37,8,45,10,10,55,40,115,80,80,160,275
09/12/2019,SJT,TX,ASW,CE,Federal Contract Tower,10,9,27,88,134,0,1,57,27,85,10,10,84,115,219,60,144,204,423
09/13/2019,SJT,TX,ASW,CE,Federal Contract Tower,10,15,22,55,102,0,0,43,18,61,10,15,65,73,163,62,112,174,337
09/14/2019,SJT,TX,ASW,CE,Federal Contract Tower,8,4,9,0,21,0,10,39,0,49,8,14,48,0,70,38,0,38,108
09/15/2019,SJT,TX,ASW,CE,Federal Contract Tower,9,5,9,19,42,0,0,37,7,44,9,5,46,26,86,28,24,52,138
09/16/2019,SJT,TX,ASW,CE,Federal Contract Tower,10,6,9,36,61,0,0,40,8,48,10,6,49,44,109,54,32,86,195
09/17/2019,SJT,TX,ASW,CE,Federal Contract Tower,10,14,31,50,105,1,4,53,19,77,11,18,84,69,182,6,86,92,274
09/18/2019,SJT,TX,ASW,CE,Federal Contract Tower,11,8,16,60,95,0,4,37,24,65,11,12,53,84,160,28,124,152,312
09/19/2019,SJT,TX,ASW,CE,Federal Contract Tower,10,11,17,70,108,0,0,35,24,59,10,11,52,94,167,64,178,242,409
09/20/2019,SJT,TX,ASW,CE,Federal Contract Tower,8,13,22,121,164,0,2,44,44,90,8,15,66,165,254,36,292,328,582
09/21/2019,SJT,TX,ASW,CE,Federal Contract Tower,8,10,9,0,27,0,2,14,0,16,8,12,23,0,43,14,0,14,57
09/22/2019,SJT,TX,ASW,CE,Federal Contract Tower,9,4,10,14,37,0,0,16,9,25,9,4,26,23,62,14,48,62,124
09/23/2019,SJT,TX,ASW,CE,Federal Contract Tower,10,12,10,27,59,0,0,26,7,33,10,12,36,34,92,20,104,124,216
09/24/2019,SJT,TX,ASW,CE,Federal Contract Tower,10,13,20,33,76,0,3,37,17,57,10,16,57,50,133,40,134,174,307
09/25/2019,SJT,TX,ASW,CE,Federal Contract Tower,11,15,15,39,80,0,0,46,21,67,11,15,61,60,147,62,78,140,287
09/26/2019,SJT,TX,ASW,CE,Federal Contract Tower,10,9,17,25,61,0,3,39,19,61,10,12,56,44,122,32,80,112,234
09/27/2019,SJT,TX,ASW,CE,Federal Contract Tower,12,19,16,36,83,0,3,49,14,66,12,22,65,50,149,58,120,178,327
09/28/2019,SJT,TX,ASW,CE,Federal Contract Tower,8,5,7,2,22,0,0,24,2,26,8,5,31,4,48,16,0,16,64
09/29/2019,SJT,TX,ASW,CE,Federal Contract Tower,9,7,14,20,50,0,0,20,9,29,9,7,34,29,79,24,24,48,127
09/30/2019,SJT,TX,ASW,CE,Federal Contract Tower,9,9,15,39,72,0,0,21,13,34,9,9,36,52,106,44,100,144,250
10/01/2019,SJT,TX,ASW,CE,Federal Contract Tower,9,13,21,81,124,0,0,37,11,48,9,13,58,92,172,66,124,190,362
10/02/2019,SJT,TX,ASW,CE,Federal Contract Tower,10,20,29,73,132,0,1,55,22,78,10,21,84,95,210,66,186,252,462
10/03/2019,SJT,TX,ASW,CE,Federal Contract Tower,10,20,34,54,118,0,2,47,12,61,10,22,81,66,179,46,136,182,361
10/04/2019,SJT,TX,ASW,CE,Federal Contract Tower,11,11,25,51,98,0,2,37,4,43,11,13,62,55,141,68,98,166,307
10/05/2019,SJT,TX,ASW,CE,Federal Contract Tower,9,11,11,9,40,0,0,38,2,40,9,11,49,11,80,16,14,30,110
10/06/2019,SJT,TX,ASW,CE,Federal Contract Tower,8,2,7,11,28,0,2,30,9,41,8,4,37,20,69,14,32,46,115
10/07/2019,SJT,TX,ASW,CE,Federal Contract Tower,12,8,14,76,110,0,3,27,22,52,12,11,41,98,162,70,146,216,378
10/08/2019,SJT,TX,ASW,CE,Federal Contract Tower,10,10,23,54,97,0,0,42,8,50,10,10,65,62,147,84,78,162,309
10/09/2019,SJT,TX,ASW,CE,Federal Contract Tower,10,11,12,43,76,0,2,42,23,67,10,13,54,66,143,90,92,182,325
10/10/2019,SJT,TX,ASW,CE,Federal Contract Tower,10,13,18,81,122,0,0,24,4,28,10,13,42,85,150,42,98,140,290
10/11/2019,SJT,TX,ASW,CE,Federal Contract Tower,10,11,14,32,67,0,0,15,53,68,10,11,29,85,135,30,48,78,213
10/12/2019,SJT,TX,ASW,CE,Federal Contract Tower,10,5,12,8,35,0,0,29,50,79,10,5,41,58,114,0,40,40,154
10/13/2019,SJT,TX,ASW,CE,Federal Contract Tower,10,4,18,16,48,0,0,50,66,116,10,4,68,82,164,22,70,92,256
10/14/2019,SJT,TX,ASW,CE,Federal Contract Tower,10,8,23,15,56,0,0,26,57,83,10,8,49,72,139,24,78,102,241
10/15/2019,SJT,TX,ASW,CE,Federal Contract Tower,10,6,13,38,67,0,2,31,25,58,10,8,44,63,125,24,86,110,235
10/16/2019,SJT,TX,ASW,CE,Federal Contract Tower,13,13,21,46,93,0,2,42,18,62,13,15,63,64,155,34,108,142,297
10/17/2019,SJT,TX,ASW,CE,Federal Contract Tower,11,10,31,64,116,0,1,48,34,83,11,11,79,98,199,38,114,152,351
10/18/2019,SJT,TX,ASW,CE,Federal Contract Tower,12,13,21,23,69,0,2,46,8,56,12,15,67,31,125,40,44,84,209
10/19/2019,SJT,TX,ASW,CE,Federal Contract Tower,10,10,12,2,34,0,6,43,0,49,10,16,55,2,83,46,0,46,129
10/20/2019,SJT,TX,ASW,CE,Federal Contract Tower,12,4,13,9,38,0,3,37,4,44,12,7,50,13,82,24,20,44,126
10/21/2019,SJT,TX,ASW,CE,Federal Contract Tower,11,10,13,47,81,0,2,53,26,81,11,12,66,73,162,102,82,184,346
10/22/2019,SJT,TX,ASW,CE,Federal Contract Tower,12,11,13,64,100,0,5,48,22,75,12,16,61,86,175,78,90,168,343
10/23/2019,SJT,TX,ASW,CE,Federal Contract Tower,11,9,24,28,72,0,2,30,15,47,11,11,54,43,119,54,42,96,215
10/24/2019,SJT,TX,ASW,CE,Federal Contract Tower,7,10,20,15,52,0,0,8,4,12,7,10,28,19,64,36,12,48,112
10/25/2019,SJT,TX,ASW,CE,Federal Contract Tower,10,13,15,58,96,0,4,29,25,58,10,17,44,83,154,44,122,166,320
10/26/2019,SJT,TX,ASW,CE,Federal Contract Tower,9,4,13,4,30,0,0,39,1,40,9,4,52,5,70,20,8,28,98
10/27/2019,SJT,TX,ASW,CE,Federal Contract Tower,10,0,5,1,16,0,0,47,0,47,10,0,52,1,63,40,2,42,105
10/28/2019,SJT,TX,ASW,CE,Federal Contract Tower,10,9,8,77,104,0,0,13,19,32,10,9,21,96,136,20,108,128,264
10/29/2019,SJT,TX,ASW,CE,Federal Contract Tower,8,13,6,0,27,0,0,0,0,0,8,13,6,0,27,0,0,0,27
10/30/2019,SJT,TX,ASW,CE,Federal Contract Tower,10,10,9,19,48,0,0,3,1,4,10,10,12,20,52,2,38,40,92
10/31/2019,SJT,TX,ASW,CE,Federal Contract Tower,9,16,20,36,81,0,1,32,23,56,9,17,52,59,137,32,104,136,273
11/01/2019,SJT,TX,ASW,CE,Federal Contract Tower,10,13,17,56,96,0,0,37,14,51,10,13,54,70,147,16,124,140,287
11/02/2019,SJT,TX,ASW,CE,Federal Contract Tower,9,4,8,0,21,0,10,45,0,55,9,14,53,0,76,18,0,18,94
11/03/2019,SJT,TX,ASW,CE,Federal Contract Tower,9,6,12,19,46,0,0,33,4,37,9,6,45,23,83,16,14,30,113
11/04/2019,SJT,TX,ASW,CE,Federal Contract Tower,9,11,10,55,85,0,1,31,12,44,9,12,41,67,129,56,102,158,287
11/05/2019,SJT,TX,ASW,CE,Federal Contract Tower,9,14,30,56,109,0,2,41,11,54,9,16,71,67,163,74,156,230,393
11/06/2019,SJT,TX,ASW,CE,Federal Contract Tower,10,12,21,20,63,0,0,24,6,30,10,12,45,26,93,34,28,62,155
11/07/2019,SJT,TX,ASW,CE,Federal Contract Tower,10,12,15,3,40,0,0,0,0,0,10,12,15,3,40,8,0,8,48
11/08/2019,SJT,TX,ASW,CE,Federal Contract Tower,11,19,17,11,58,0,0,16,2,18,11,19,33,13,76,12,44,56,132
11/09/2019,SJT,TX,ASW,CE,Federal Contract Tower,9,4,15,12,40,0,5,37,3,45,9,9,52,15,85,26,10,36,121
11/10/2019,SJT,TX,ASW,CE,Federal Contract Tower,10,6,15,0,31,0,1,37,0,38,10,7,52,0,69,26,0,26,95
11/11/2019,SJT,TX,ASW,CE,Federal Contract Tower,12,1,6,0,19,0,0,5,1,6,12,1,11,1,25,0,0,0,25
11/12/2019,SJT,TX,ASW,CE,Federal Contract Tower,10,16,19,38,83,0,0,37,11,48,10,16,56,49,131,28,144,172,303
11/13/2019,SJT,TX,ASW,CE,Federal Contract Tower,10,15,11,31,67,0,3,31,8,42,10,18,42,39,109,42,132,174,283
11/14/2019,SJT,TX,ASW,CE,Federal Contract Tower,10,14,38,62,124,1,0,26,14,41,11,14,64,76,165,32,200,232,397
11/15/2019,SJT,TX,ASW,CE,Federal Contract Tower,10,16,39,51,116,0,0,62,12,74,10,16,101,63,190,36,116,152,342
11/16/2019,SJT,TX,ASW,CE,Federal Contract Tower,10,5,11,8,34,0,1,54,0,55,10,6,65,8,89,24,18,42,131
11/17/2019,SJT,TX,ASW,CE,Federal Contract Tower,10,2,18,6,36,0,0,47,5,52,10,2,65,11,88,18,16,34,122
11/18/2019,SJT,TX,ASW,CE,Federal Contract Tower,12,10,20,36,78,0,0,39,7,46,12,10,59,43,124,66,62,128,252
11/19/2019,SJT,TX,ASW,CE,Federal Contract Tower,10,11,33,15,69,0,0,39,8,47,10,11,72,23,116,6,52,58,174
11/20/2019,SJT,TX,ASW,CE,Federal Contract Tower,10,12,21,33,76,0,0,18,2,20,10,12,39,35,96,54,58,112,208
11/21/2019,SJT,TX,ASW,CE,Federal Contract Tower,11,11,22,24,68,0,0,18,10,28,11,11,40,34,96,46,38,84,180
11/22/2019,SJT,TX,ASW,CE,Federal Contract Tower,12,18,19,94,143,0,0,13,4,17,12,18,32,98,160,52,134,186,346
11/23/2019,SJT,TX,ASW,CE,Federal Contract Tower,8,8,17,24,57,0,4,62,6,72,8,12,79,30,129,12,54,66,195
11/24/2019,SJT,TX,ASW,CE,Federal Contract Tower,10,3,21,23,57,0,0,44,19,63,10,3,65,42,120,4,62,66,186
11/25/2019,SJT,TX,ASW,CE,Federal Contract Tower,9,10,12,25,56,1,0,31,11,43,10,10,43,36,99,40,60,100,199
11/26/2019,SJT,TX,ASW,CE,Federal Contract Tower,10,13,22,50,95,0,0,22,12,34,10,13,44,62,129,20,96,116,245
11/27/2019,SJT,TX,ASW,CE,Federal Contract Tower,11,15,16,34,76,0,0,18,6,24,11,15,34,40,100,4,68,72,172
11/28/2019,SJT,TX,ASW,CE,Federal Contract Tower,4,5,1,0,10,0,0,0,0,0,4,5,1,0,10,0,0,0,10
11/29/2019,SJT,TX,ASW,CE,Federal Contract Tower,8,10,8,0,26,0,0,1,0,1,8,10,9,0,27,0,0,0,27
11/30/2019,SJT,TX,ASW,CE,Federal Contract Tower,11,7,12,0,30,0,0,23,0,23,11,7,35,0,53,10,0,10,63
12/01/2019,SJT,TX,ASW,CE,Federal Contract Tower,8,2,11,0,21,0,0,34,0,34,8,2,45,0,55,16,0,16,71
12/02/2019,SJT,TX,ASW,CE,Federal Contract Tower,10,14,15,16,55,0,1,29,6,36,10,15,44,22,91,88,58,146,237
12/03/2019,SJT,TX,ASW,CE,Federal Contract Tower,10,15,14,16,55,0,1,23,5,29,10,16,37,21,84,24,30,54,138
12/04/2019,SJT,TX,ASW,CE,Federal Contract Tower,10,16,30,31,87,0,2,83,12,97,10,18,113,43,184,52,98,150,334
12/05/2019,SJT,TX,ASW,CE,Federal Contract Tower,9,14,17,29,69,0,0,27,11,38,9,14,44,40,107,22,98,120,227
12/06/2019,SJT,TX,ASW,CE,Federal Contract Tower,10,20,17,77,124,0,0,36,23,59,10,20,53,100,183,52,172,224,407
12/07/2019,SJT,TX,ASW,CE,Federal Contract Tower,9,8,8,0,25,0,1,36,0,37,9,9,44,0,62,64,0,64,126
12/08/2019,SJT,TX,ASW,CE,Federal Contract Tower,11,5,9,16,41,0,0,22,6,28,11,5,31,22,69,8,46,54,123
12/09/2019,SJT,TX,ASW,CE,Federal Contract Tower,9,16,25,44,94,0,0,27,18,45,9,16,52,62,139,20,114,134,273
12/10/2019,SJT,TX,ASW,CE,Federal Contract Tower,9,12,23,38,82,0,0,26,17,43,9,12,49,55,125,54,140,194,319
12/11/2019,SJT,TX,ASW,CE,Federal Contract Tower,10,20,38,45,113,0,0,28,4,32,10,20,66,49,145,18,34,52,197
12/12/2019,SJT,TX,ASW,CE,Federal Contract Tower,10,13,34,59,116,0,0,43,14,57,10,13,77,73,173,14,170,184,357
12/13/2019,SJT,TX,ASW,CE,Federal Contract Tower,11,15,18,61,105,0,0,20,69,89,11,15,38,130,194,10,124,134,328
12/14/2019,SJT,TX,ASW,CE,Federal Contract Tower,10,8,9,19,46,0,0,42,69,111,10,8,51,88,157,68,176,244,401
12/15/2019,SJT,TX,ASW,CE,Federal Contract Tower,10,4,20,19,53,0,0,30,42,72,10,4,50,61,125,6,86,92,217
12/16/2019,SJT,TX,ASW,CE,Federal Contract Tower,13,11,20,112,156,0,0,28,70,98,13,11,48,182,254,60,288,348,602
12/17/2019,SJT,TX,ASW,CE,Federal Contract Tower,9,12,32,42,95,0,0,57,40,97,9,12,89,82,192,80,96,176,368
12/18/2019,SJT,TX,ASW,CE,Federal Contract Tower,8,14,32,29,83,0,1,59,15,75,8,15,91,44,158,8,106,114,272
12/19/2019,SJT,TX,ASW,CE,Federal Contract Tower,8,11,15,22,56,0,1,34,13,48,8,12,49,35,104,36,50,86,190
12/20/2019,SJT,TX,ASW,CE,Federal Contract Tower,8,11,19,41,79,0,1,21,11,33,8,12,40,52,112,20,114,134,246
12/21/2019,SJT,TX,ASW,CE,Federal Contract Tower,8,5,11,1,25,0,0,26,0,26,8,5,37,1,51,24,0,24,75
12/22/2019,SJT,TX,ASW,CE,Federal Contract Tower,12,3,13,0,28,0,0,18,0,18,12,3,31,0,46,6,0,6,52
12/23/2019,SJT,TX,ASW,CE,Federal Contract Tower,13,10,10,3,36,1,0,24,0,25,14,10,34,3,61,22,2,24,85
12/24/2019,SJT,TX,ASW,CE,Federal Contract Tower,6,10,7,0,23,0,0,25,0,25,6,10,32,0,48,40,0,40,88
12/25/2019,SJT,TX,ASW,CE,Federal Contract Tower,6,5,1,0,12,0,0,6,0,6,6,5,7,0,18,0,0,0,18
12/26/2019,SJT,TX,ASW,CE,Federal Contract Tower,7,11,28,0,46,0,0,7,0,7,7,11,35,0,53,18,0,18,71
12/27/2019,SJT,TX,ASW,CE,Federal Contract Tower,8,11,19,0,38,0,0,0,0,0,8,11,19,0,38,4,0,4,42
12/28/2019,SJT,TX,ASW,CE,Federal Contract Tower,9,8,12,0,29,0,0,4,0,4,9,8,16,0,33,8,0,8,41
12/29/2019,SJT,TX,ASW,CE,Federal Contract Tower,8,5,12,0,25,0,4,12,0,16,8,9,24,0,41,8,0,8,49
12/30/2019,SJT,TX,ASW,CE,Federal Contract Tower,8,10,9,0,27,0,1,23,0,24,8,11,32,0,51,70,0,70,121
12/31/2019,SJT,TX,ASW,CE,Federal Contract Tower,10,11,10,0,31,0,1,29,0,30,10,12,39,0,61,62,0,62,123
01/01/2020,SJT,TX,ASW,CE,Federal Contract Tower,8,6,8,0,22,0,0,9,0,9,8,6,17,0,31,8,0,8,39
01/02/2020,SJT,TX,ASW,CE,Federal Contract Tower,9,9,18,0,36,0,0,14,0,14,9,9,32,0,50,10,0,10,60
01/03/2020,SJT,TX,ASW,CE,Federal Contract Tower,6,13,7,25,51,0,0,24,13,37,6,13,31,38,88,6,138,144,232
01/04/2020,SJT,TX,ASW,CE,Federal Contract Tower,8,6,14,3,31,0,0,49,0,49,8,6,63,3,80,30,4,34,114
01/05/2020,SJT,TX,ASW,CE,Federal Contract Tower,8,0,12,0,20,0,0,27,0,27,8,0,39,0,47,14,0,14,61
01/06/2020,SJT,TX,ASW,CE,Federal Contract Tower,8,5,16,24,53,0,0,33,23,56,8,5,49,47,109,54,26,80,189
01/07/2020,SJT,TX,ASW,CE,Federal Contract Tower,7,9,18,15,49,0,0,39,8,47,7,9,57,23,96,76,30,106,202
01/08/2020,SJT,TX,ASW,CE,Federal Contract Tower,6,11,18,28,63,0,0,22,19,41,6,11,40,47,104,40,82,122,226
01/09/2020,SJT,TX,ASW,CE,Federal Contract Tower,10,15,27,53,105,0,0,42,8,50,10,15,69,61,155,82,100,182,337
01/10/2020,SJT,TX,ASW,CE,Federal Contract Tower,3,10,23,96,132,0,1,18,24,43,3,11,41,120,175,32,156,188,363
01/11/2020,SJT,TX,ASW,CE,Federal Contract Tower,5,6,21,11,43,0,3,28,7,38,5,9,49,18,81,18,38,56,137
01/12/2020,SJT,TX,ASW,CE,Federal Contract Tower,8,3,14,28,53,0,0,26,22,48,8,3,40,50,101,8,102,110,211
01/13/2020,SJT,TX,ASW,CE,Federal Contract Tower,8,5,30,45,88,0,0,27,16,43,8,5,57,61,131,24,178,202,333
01/14/2020,SJT,TX,ASW,CE,Federal Contract Tower,6,12,30,56,104,0,0,39,30,69,6,12,69,86,173,44,168,212,385
01/15/2020,SJT,TX,ASW,CE,Federal Contract Tower,6,12,30,38,86,0,0,17,12,29,6,12,47,50,115,4,140,144,259
01/16/2020,SJT,TX,ASW,CE,Federal Contract Tower,9,8,8,0,25,0,0,0,0,0,9,8,8,0,25,0,0,0,25
01/17/2020,SJT,TX,ASW,CE,Federal Contract Tower,11,13,14,8,46,0,0,0,0,0,11,13,14,8,46,0,6,6,52
01/18/2020,SJT,TX,ASW,CE,Federal Contract Tower,5,4,21,0,30,0,0,23,1,24,5,4,44,1,54,32,0,32,86
01/19/2020,SJT,TX,ASW,CE,Federal Contract Tower,8,4,8,1,21,0,0,21,1,22,8,4,29,2,43,18,6,24,67
01/20/2020,SJT,TX,ASW,CE,Federal Contract Tower,8,6,11,2,27,0,3,36,1,40,8,9,47,3,67,58,0,58,125
01/21/2020,SJT,TX,ASW,CE,Federal Contract Tower,6,18,19,35,78,0,0,25,8,33,6,18,44,43,111,14,102,116,227
01/22/2020,SJT,TX,ASW,CE,Federal Contract Tower,8,13,22,87,130,0,0,16,21,37,8,13,38,108,167,4,268,272,439
01/23/2020,SJT,TX,ASW,CE,Federal Contract Tower,8,10,11,118,147,0,4,31,21,56,8,14,42,139,203,56,374,430,633
01/24/2020,SJT,TX,ASW,CE,Federal Contract Tower,8,11,35,50,104,0,2,49,20,71,8,13,84,70,175,54,178,232,407
01/25/2020,SJT,TX,ASW,CE,Federal Contract Tower,5,9,1,6,21,0,1,19,2,22,5,10,20,8,43,2,14,16,59
01/26/2020,SJT,TX,ASW,CE,Federal Contract Tower,8,9,14,38,69,0,0,26,17,43,8,9,40,55,112,36,75,111,223
01/27/2020,SJT,TX,ASW,CE,Federal Contract Tower,7,7,12,73,99,0,1,19,43,63,7,8,31,116,162,8,370,378,540
01/28/2020,SJT,TX,ASW,CE,Federal Contract Tower,6,18,26,50,100,0,2,12,10,24,6,20,38,60,124,14,82,96,220
01/29/2020,SJT,TX,ASW,CE,Federal Contract Tower,7,11,23,45,86,1,3,42,22,68,8,14,65,67,154,34,59,93,247
01/30/2020,SJT,TX,ASW,CE,Federal Contract Tower,8,7,18,17,50,0,0,5,1,6,8,7,23,18,56,0,58,58,114
01/31/2020,SJT,TX,ASW,CE,Federal Contract Tower,8,8,24,0,40,0,0,22,0,22,8,8,46,0,62,24,0,24,86
02/01/2020,SJT,TX,ASW,CE,Federal Contract Tower,5,6,9,0,20,0,0,38,0,38,5,6,47,0,58,24,0,24,82
02/02/2020,SJT,TX,ASW,CE,Federal Contract Tower,8,1,11,8,28,0,1,23,2,26,8,2,34,10,54,28,14,42,96
02/03/2020,SJT,TX,ASW,CE,Federal Contract Tower,8,3,16,41,68,0,0,21,9,30,8,3,37,50,98,8,232,240,338
02/04/2020,SJT,TX,ASW,CE,Federal Contract Tower,6,11,22,25,64,0,1,2,0,3,6,12,24,25,67,0,26,26,93
02/05/2020,SJT,TX,ASW,CE,Federal Contract Tower,4,10,11,0,25,0,0,0,0,0,4,10,11,0,25,10,0,10,35
02/06/2020,SJT,TX,ASW,CE,Federal Contract Tower,8,10,13,29,60,0,0,38,16,54,8,10,51,45,114,32,116,148,262
02/07/2020,SJT,TX,ASW,CE,Federal Contract Tower,8,7,20,23,58,0,0,35,10,45,8,7,55,33,103,20,70,90,193
02/08/2020,SJT,TX,ASW,CE,Federal Contract Tower,5,9,20,4,38,0,0,43,0,43,5,9,63,4,81,40,10,50,131
02/09/2020,SJT,TX,ASW,CE,Federal Contract Tower,9,2,9,11,31,0,0,17,6,23,9,2,26,17,54,14,16,30,84
02/10/2020,SJT,TX,ASW,CE,Federal Contract Tower,9,6,22,5,42,0,0,11,4,15,9,6,33,9,57,0,6,6,63
02/11/2020,SJT,TX,ASW,CE,Federal Contract Tower,4,15,16,1,36,0,0,0,0,0,4,15,16,1,36,8,8,16,52
02/12/2020,SJT,TX,ASW,CE,Federal Contract Tower,9,18,24,61,112,0,0,26,21,47,9,18,50,82,159,22,164,186,345
02/14/2020,SJT,TX,ASW,CE,Federal Contract Tower,7,14,24,24,69,0,0,37,11,48,7,14,61,35,117,116,84,200,317
02/15/2020,SJT,TX,ASW,CE,Federal Contract Tower,6,7,10,0,23,0,1,26,0,27,6,8,36,0,50,30,0,30,80
02/16/2020,SJT,TX,ASW,CE,Federal Contract Tower,7,4,7,0,18,0,0,27,0,27,7,4,34,0,45,38,0,38,83
02/17/2020,SJT,TX,ASW,CE,Federal Contract Tower,19,13,24,0,56,0,0,33,0,33,19,13,57,0,89,96,0,96,185
02/18/2020,SJT,TX,ASW,CE,Federal Contract Tower,8,9,31,43,91,0,0,26,11,37,8,9,57,54,128,14,124,138,266
02/19/2020,SJT,TX,ASW,CE,Federal Contract Tower,9,8,23,28,68,0,0,6,0,6,9,8,29,28,74,44,36,80,154
02/20/2020,SJT,TX,ASW,CE,Federal Contract Tower,9,11,16,22,58,0,2,14,0,16,9,13,30,22,74,40,130,170,244
02/21/2020,SJT,TX,ASW,CE,Federal Contract Tower,8,14,25,41,88,0,8,52,18,78,8,22,77,59,166,104,216,320,486
02/22/2020,SJT,TX,ASW,CE,Federal Contract Tower,6,1,21,0,28,0,4,53,1,58,6,5,74,1,86,90,0,90,176
02/23/2020,SJT,TX,ASW,CE,Federal Contract Tower,8,2,30,1,41,0,0,14,1,15,8,2,44,2,56,38,0,38,94
02/24/2020,SJT,TX,ASW,CE,Federal Contract Tower,8,8,26,33,75,0,0,30,14,44,8,8,56,47,119,46,156,202,321
02/25/2020,SJT,TX,ASW,CE,Federal Contract Tower,7,12,20,16,55,0,2,33,5,40,7,14,53,21,95,28,34,62,157
02/26/2020,SJT,TX,ASW,CE,Federal Contract Tower,8,16,27,38,89,0,6,42,13,61,8,22,69,51,150,62,218,280,430
02/27/2020,SJT,TX,ASW,CE,Federal Contract Tower,8,14,15,28,65,0,0,36,31,67,8,14,51,59,132,27,232,259,391
02/28/2020,SJT,TX,ASW,CE,Federal Contract Tower,8,10,17,26,61,0,2,34,12,48,8,12,51,38,109,52,202,254,363
02/29/2020,SJT,TX,ASW,CE,Federal Contract Tower,6,4,12,0,22,0,2,29,0,31,6,6,41,0,53,22,0,22,75
03/01/2020,SJT,TX,ASW,CE,Federal Contract Tower,8,3,13,10,34,0,0,28,10,38,8,3,41,20,72,22,16,38,110
03/02/2020,SJT,TX,ASW,CE,Federal Contract Tower,8,4,22,52,86,0,1,24,12,37,8,5,46,64,123,20,192,212,335
03/03/2020,SJT,TX,ASW,CE,Federal Contract Tower,7,15,20,64,106,0,0,9,10,19,7,15,29,74,125,16,200,216,341
03/04/2020,SJT,TX,ASW,CE,Federal Contract Tower,8,7,11,1,27,0,0,1,0,1,8,7,12,1,28,0,2,2,30
03/05/2020,SJT,TX,ASW,CE,Federal Contract Tower,8,12,28,40,88,0,0,45,9,54,8,12,73,49,142,66,146,212,354
03/06/2020,SJT,TX,ASW,CE,Federal Contract Tower,8,9,19,59,95,0,4,39,12,55,8,13,58,71,150,6,120,126,276
03/07/2020,SJT,TX,ASW,CE,Federal Contract Tower,6,1,12,2,21,0,4,36,3,43,6,5,48,5,64,34,30,64,128
03/08/2020,SJT,TX,ASW,CE,Federal Contract Tower,8,7,12,0,27,0,0,3,0,3,8,7,15,0,30,0,0,0,30
03/09/2020,SJT,TX,ASW,CE,Federal Contract Tower,8,6,19,7,40,0,0,23,4,27,8,6,42,11,67,70,32,102,169
03/10/2020,SJT,TX,ASW,CE,Federal Contract Tower,8,18,24,15,65,0,0,19,3,22,8,18,43,18,87,44,24,68,155
03/11/2020,SJT,TX,ASW,CE,Federal Contract Tower,8,11,22,75,116,0,0,24,13,37,8,11,46,88,153,44,184,228,381
03/12/2020,SJT,TX,ASW,CE,Federal Contract Tower,8,7,28,28,71,0,4,46,7,57,8,11,74,35,128,40,158,198,326
03/13/2020,SJT,TX,ASW,CE,Federal Contract Tower,8,9,16,37,70,0,0,3,0,3,8,9,19,37,73,8,50,58,131
03/14/2020,SJT,TX,ASW,CE,Federal Contract Tower,6,8,15,4,33,0,0,1,0,1,6,8,16,4,34,0,0,0,34
03/15/2020,SJT,TX,ASW,CE,Federal Contract Tower,7,2,6,0,15,0,0,0,0,0,7,2,6,0,15,6,0,6,21
03/16/2020,SJT,TX,ASW,CE,Federal Contract Tower,8,9,9,3,29,0,0,4,0,4,8,9,13,3,33,0,0,0,33
03/17/2020,SJT,TX,ASW,CE,Federal Contract Tower,8,8,16,18,50,0,0,16,3,19,8,8,32,21,69,8,36,44,113
03/18/2020,SJT,TX,ASW,CE,Federal Contract Tower,6,14,17,23,60,0,1,6,0,7,6,15,23,23,67,28,62,90,157
03/19/2020,SJT,TX,ASW,CE,Federal Contract Tower,7,11,4,39,61,0,0,21,4,25,7,11,25,43,86,44,114,158,244
03/20/2020,SJT,TX,ASW,CE,Federal Contract Tower,6,8,20,55,89,0,0,32,2,34,6,8,52,57,123,30,166,196,319
03/21/2020,SJT,TX,ASW,CE,Federal Contract Tower,6,3,6,0,15,0,1,2,0,3,6,4,8,0,18,8,0,8,26
03/22/2020,SJT,TX,ASW,CE,Federal Contract Tower,5,6,8,0,19,0,0,10,0,10,5,6,18,0,29,20,0,20,49
03/23/2020,SJT,TX,ASW,CE,Federal Contract Tower,7,2,11,59,79,0,0,35,14,49,7,2,46,73,128,26,146,172,300
03/24/2020,SJT,TX,ASW,CE,Federal Contract Tower,6,9,13,30,58,0,0,24,10,34,6,9,37,40,92,52,60,112,204
03/25/2020,SJT,TX,ASW,CE,Federal Contract Tower,5,15,22,53,95,0,4,26,11,41,5,19,48,64,136,32,116,148,284
03/26/2020,SJT,TX,ASW,CE,Federal Contract Tower,7,9,6,25,47,0,0,18,1,19,7,9,24,26,66,16,70,86,152
03/27/2020,SJT,TX,ASW,CE,Federal Contract Tower,8,7,11,29,55,0,0,21,6,27,8,7,32,35,82,60,144,204,286
03/28/2020,SJT,TX,ASW,CE,Federal Contract Tower,3,3,2,0,8,0,2,9,0,11,3,5,11,0,19,4,0,4,23
03/29/2020,SJT,TX,ASW,CE,Federal Contract Tower,5,0,10,7,22,0,0,20,4,24,5,0,30,11,46,44,10,54,100
03/30/2020,SJT,TX,ASW,CE,Federal Contract Tower,5,5,8,17,35,0,0,13,2,15,5,5,21,19,50,12,36,48,98
03/31/2020,SJT,TX,ASW,CE,Federal Contract Tower,4,7,13,40,64,0,6,26,2,34,4,13,39,42,98,46,124,170,268
04/01/2020,SJT,TX,ASW,CE,Federal Contract Tower,6,7,13,41,67,0,2,12,12,26,6,9,25,53,93,56,144,200,293
04/02/2020,SJT,TX,ASW,CE,Federal Contract Tower,2,15,8,38,63,0,3,12,5,20,2,18,20,43,83,20,98,118,201
04/03/2020,SJT,TX,ASW,CE,Federal Contract Tower,6,11,5,0,22,0,0,16,0,16,6,11,21,0,38,4,0,4,42
04/04/2020,SJT,TX,ASW,CE,Federal Contract Tower,2,4,0,0,6,0,0,0,0,0,2,4,0,0,6,0,0,0,6
04/05/2020,SJT,TX,ASW,CE,Federal Contract Tower,4,2,9,0,15,0,0,13,0,13,4,2,22,0,28,16,0,16,44
04/06/2020,SJT,TX,ASW,CE,Federal Contract Tower,7,2,11,11,31,0,0,10,2,12,7,2,21,13,43,16,26,42,85
04/07/2020,SJT,TX,ASW,CE,Federal Contract Tower,4,10,16,42,72,0,0,32,10,42,4,10,48,52,114,28,86,114,228
04/08/2020,SJT,TX,ASW,CE,Federal Contract Tower,2,12,15,45,74,0,0,24,13,37,2,12,39,58,111,22,184,206,317
04/09/2020,SJT,TX,ASW,CE,Federal Contract Tower,3,9,18,13,43,0,0,1,0,1,3,9,19,13,44,4,26,30,74
04/10/2020,SJT,TX,ASW,CE,Federal Contract Tower,4,13,11,23,51,0,0,12,2,14,4,13,23,25,65,28,50,78,143
04/11/2020,SJT,TX,ASW,CE,Federal Contract Tower,4,5,3,2,14,0,0,2,0,2,4,5,5,2,16,0,2,2,18
04/12/2020,SJT,TX,ASW,CE,Federal Contract Tower,3,0,3,0,6,0,0,8,0,8,3,0,11,0,14,20,0,20,34
04/13/2020,SJT,TX,ASW,CE,Federal Contract Tower,3,5,17,40,65,0,0,34,16,50,3,5,51,56,115,8,188,196,311
04/14/2020,SJT,TX,ASW,CE,Federal Contract Tower,2,5,16,21,44,0,0,19,3,22,2,5,35,24,66,16,54,70,136
04/16/2020,SJT,TX,ASW,CE,Federal Contract Tower,3,10,7,12,32,0,0,9,2,11,3,10,16,14,43,6,50,56,99
04/17/2020,SJT,TX,ASW,CE,Federal Contract Tower,6,10,7,41,64,0,0,2,10,12,6,10,9,51,76,12,68,80,156
04/18/2020,SJT,TX,ASW,CE,Federal Contract Tower,1,4,9,33,47,0,0,1,0,1,1,4,10,33,48,6,68,74,122
04/19/2020,SJT,TX,ASW,CE,Federal Contract Tower,4,3,5,11,23,0,1,23,4,28,4,4,28,15,51,8,26,34,85
04/20/2020,SJT,TX,ASW,CE,Federal Contract Tower,1,2,12,39,54,0,0,39,11,50,1,2,51,50,104,44,118,162,266
04/21/2020,SJT,TX,ASW,CE,Federal Contract Tower,1,10,19,58,88,0,4,21,9,34,1,14,40,67,122,24,178,202,324
04/22/2020,SJT,TX,ASW,CE,Federal Contract Tower,2,10,6,20,38,0,2,20,6,28,2,12,26,26,66,40,52,92,158
04/23/2020,SJT,TX,ASW,CE,Federal Contract Tower,2,8,15,30,55,0,2,36,8,46,2,10,51,38,101,52,39,91,192
04/24/2020,SJT,TX,ASW,CE,Federal Contract Tower,4,8,11,25,48,0,2,17,12,31,4,10,28,37,79,8,46,54,133
04/25/2020,SJT,TX,ASW,CE,Federal Contract Tower,2,5,8,32,47,0,0,12,8,20,2,5,20,40,67,8,156,164,231
04/26/2020,SJT,TX,ASW,CE,Federal Contract Tower,0,3,13,0,16,0,0,32,0,32,0,3,45,0,48,24,0,24,72
04/27/2020,SJT,TX,ASW,CE,Federal Contract Tower,2,2,7,12,23,0,0,21,9,30,2,2,28,21,53,2,16,18,71
04/28/2020,SJT,TX,ASW,CE,Federal Contract Tower,2,7,8,39,56,0,0,17,2,19,2,7,25,41,75,0,112,112,187
04/29/2020,SJT,TX,ASW,CE,Federal Contract Tower,0,5,10,52,67,0,0,19,2,21,0,5,29,54,88,0,124,124,212
04/30/2020,SJT,TX,ASW,CE,Federal Contract Tower,2,12,34,21,69,0,2,35,3,40,2,14,69,24,109,26,38,64,173
05/01/2020,SJT,TX,ASW,CE,Federal Contract Tower,6,11,12,41,70,0,1,24,5,30,6,12,36,46,100,11,132,143,243
05/02/2020,SJT,TX,ASW,CE,Federal Contract Tower,2,7,1,12,22,0,0,22,1,23,2,7,23,13,45,0,12,12,57
05/03/2020,SJT,TX,ASW,CE,Federal Contract Tower,2,2,2,0,6,0,0,17,0,17,2,2,19,0,23,0,0,0,23
05/04/2020,SJT,TX,ASW,CE,Federal Contract Tower,4,7,21,23,55,0,1,16,7,24,4,8,37,30,79,24,36,60,139
05/05/2020,SJT,TX,ASW,CE,Federal Contract Tower,6,12,13,47,78,0,0,29,25,54,6,12,42,72,132,2,79,81,213
05/06/2020,SJT,TX,ASW,CE,Federal Contract Tower,4,12,32,48,96,0,0,45,6,51,4,12,77,54,147,58,96,154,301
05/07/2020,SJT,TX,ASW,CE,Federal Contract Tower,6,10,16,68,100,0,0,27,14,41,6,10,43,82,141,16,108,124,265
05/08/2020,SJT,TX,ASW,CE,Federal Contract Tower,8,17,5,48,78,0,1,6,9,16,8,18,11,57,94,12,130,142,236
05/09/2020,SJT,TX,ASW,CE,Federal Contract Tower,6,7,23,45,81,0,0,42,6,48,6,7,65,51,129,42,124,166,295
05/10/2020,SJT,TX,ASW,CE,Federal Contract Tower,6,3,15,5,29,0,0,12,1,13,6,3,27,6,42,14,6,20,62
05/11/2020,SJT,TX,ASW,CE,Federal Contract Tower,6,5,12,28,51,0,0,21,17,38,6,5,33,45,89,10,78,88,177
05/12/2020,SJT,TX,ASW,CE,Federal Contract Tower,5,13,22,40,80,0,1,34,7,42,5,14,56,47,122,72,180,252,374
05/13/2020,SJT,TX,ASW,CE,Federal Contract Tower,6,18,22,66,112,0,0,19,10,29,6,18,41,76,141,72,162,234,375
05/14/2020,SJT,TX,ASW,CE,Federal Contract Tower,6,11,23,54,94,0,4,51,5,60,6,15,74,59,154,58,160,218,372
05/15/2020,SJT,TX,ASW,CE,Federal Contract Tower,8,9,9,48,74,0,0,12,16,28,8,9,21,64,102,12,90,102,204
05/16/2020,SJT,TX,ASW,CE,Federal Contract Tower,10,6,8,36,60,0,4,24,0,28,10,10,32,36,88,16,166,182,270
05/17/2020,SJT,TX,ASW,CE,Federal Contract Tower,6,0,12,0,18,0,0,33,0,33,6,0,45,0,51,14,0,14,65
05/18/2020,SJT,TX,ASW,CE,Federal Contract Tower,8,2,11,35,56,0,2,30,13,45,8,4,41,48,101,60,104,164,265
05/19/2020,SJT,TX,ASW,CE,Federal Contract Tower,6,14,13,62,95,0,4,24,19,47,6,18,37,81,142,16,108,124,266
05/20/2020,SJT,TX,ASW,CE,Federal Contract Tower,5,12,28,34,79,0,3,11,10,24,5,15,39,44,103,20,68,88,191
05/21/2020,SJT,TX,ASW,CE,Federal Contract Tower,7,15,8,34,64,0,1,25,6,32,7,16,33,40,96,22,88,110,206
05/22/2020,SJT,TX,ASW,CE,Federal Contract Tower,6,10,25,2,43,0,0,28,0,28,6,10,53,2,71,40,0,40,111
05/23/2020,SJT,TX,ASW,CE,Federal Contract Tower,6,5,10,3,24,0,0,16,0,16,6,5,26,3,40,20,4,24,64
05/24/2020,SJT,TX,ASW,CE,Federal Contract Tower,6,0,10,0,16,0,1,14,0,15,6,1,24,0,31,30,0,30,61
05/25/2020,SJT,TX,ASW,CE,Federal Contract Tower,5,5,7,0,17,0,2,23,0,25,5,7,30,0,42,64,0,64,106
05/26/2020,SJT,TX,ASW,CE,Federal Contract Tower,6,4,22,70,102,0,0,39,3,42,6,4,61,73,144,78,136,214,358
05/27/2020,SJT,TX,ASW,CE,Federal Contract Tower,8,9,19,38,74,0,0,38,2,40,8,9,57,40,114,46,80,126,240
05/28/2020,SJT,TX,ASW,CE,Federal Contract Tower,6,11,23,46,86,0,1,36,11,48,6,12,59,57,134,88,93,181,315
05/29/2020,SJT,TX,ASW,CE,Federal Contract Tower,7,11,21,41,80,0,0,38,8,46,7,11,59,49,126,202,194,396,522
05/30/2020,SJT,TX,ASW,CE,Federal Contract Tower,6,3,11,0,20,0,1,63,0,64,6,4,74,0,84,106,0,106,190
05/31/2020,SJT,TX,ASW,CE,Federal Contract Tower,6,6,8,5,25,0,1,32,2,35,6,7,40,7,60,26,10,36,96
06/01/2020,SJT,TX,ASW,CE,Federal Contract Tower,6,9,4,6,25,0,2,19,2,23,6,11,23,8,48,40,8,48,96
06/02/2020,SJT,TX,ASW,CE,Federal Contract Tower,6,12,33,61,112,0,0,39,16,55,6,12,72,77,167,200,150,350,517
06/03/2020,SJT,TX,ASW,CE,Federal Contract Tower,6,12,38,66,122,0,1,48,23,72,6,13,86,89,194,212,184,396,590
06/04/2020,SJT,TX,ASW,CE,Federal Contract Tower,6,13,33,12,64,0,5,42,11,58,6,18,75,23,122,140,44,184,306
06/05/2020,SJT,TX,ASW,CE,Federal Contract Tower,6,16,20,41,83,0,0,32,5,37,6,16,52,46,120,52,104,156,276
06/06/2020,SJT,TX,ASW,CE,Federal Contract Tower,4,3,6,10,23,0,2,39,1,42,4,5,45,11,65,80,24,104,169
06/07/2020,SJT,TX,ASW,CE,Federal Contract Tower,4,0,11,16,31,0,0,24,4,28,4,0,35,20,59,14,26,40,99
06/08/2020,SJT,TX,ASW,CE,Federal Contract Tower,4,5,12,47,68,0,2,49,18,69,4,7,61,65,137,134,102,236,373
06/09/2020,SJT,TX,ASW,CE,Federal Contract Tower,4,10,15,53,82,0,0,26,18,44,4,10,41,71,126,36,148,184,310
06/10/2020,SJT,TX,ASW,CE,Federal Contract Tower,4,7,21,44,76,0,4,53,19,76,4,11,74,63,152,90,176,266,418
06/11/2020,SJT,TX,ASW,CE,Federal Contract Tower,4,9,12,56,81,3,0,40,13,56,7,9,52,69,137,52,174,226,363
06/12/2020,SJT,TX,ASW,CE,Federal Contract Tower,5,15,19,116,155,0,2,43,39,84,5,17,62,155,239,12,357,369,608
06/13/2020,SJT,TX,ASW,CE,Federal Contract Tower,4,5,9,12,30,0,4,32,1,37,4,9,41,13,67,84,20,104,171
06/14/2020,SJT,TX,ASW,CE,Federal Contract Tower,5,1,5,14,25,0,0,38,5,43,5,1,43,19,68,10,28,38,106
06/15/2020,SJT,TX,ASW,CE,Federal Contract Tower,4,8,12,58,82,0,3,44,19,66,4,11,56,77,148,28,148,176,324
06/16/2020,SJT,TX,ASW,CE,Federal Contract Tower,4,15,23,84,126,0,0,35,26,61,4,15,58,110,187,16,222,238,425
06/17/2020,SJT,TX,ASW,CE,Federal Contract Tower,4,11,9,49,73,0,0,49,24,73,4,11,58,73,146,104,126,230,376
06/18/2020,SJT,TX,ASW,CE,Federal Contract Tower,4,8,20,64,96,0,2,19,8,29,4,10,39,72,125,18,190,208,333
06/19/2020,SJT,TX,ASW,CE,Federal Contract Tower,5,10,23,93,131,0,0,35,20,55,5,10,58,113,186,88,240,328,514
06/20/2020,SJT,TX,ASW,CE,Federal Contract Tower,4,6,11,19,40,0,6,29,2,37,4,12,40,21,77,38,44,82,159
06/21/2020,SJT,TX,ASW,CE,Federal Contract Tower,4,4,13,0,21,0,0,33,0,33,4,4,46,0,54,16,0,16,70
06/22/2020,SJT,TX,ASW,CE,Federal Contract Tower,4,3,19,74,100,0,1,44,8,53,4,4,63,82,153,102,146,248,401
06/23/2020,SJT,TX,ASW,CE,Federal Contract Tower,4,9,12,39,64,0,0,32,4,36,4,9,44,43,100,54,216,270,370
06/24/2020,SJT,TX,ASW,CE,Federal Contract Tower,6,11,23,66,106,0,0,47,15,62,6,11,70,81,168,114,294,408,576
06/25/2020,SJT,TX,ASW,CE,Federal Contract Tower,4,14,30,45,93,0,0,28,15,43,4,14,58,60,136,66,208,274,410
06/26/2020,SJT,TX,ASW,CE,Federal Contract Tower,6,13,22,79,120,0,0,28,22,50,6,13,50,101,170,36,256,292,462
06/27/2020,SJT,TX,ASW,CE,Federal Contract Tower,4,7,8,0,19,0,0,24,0,24,4,7,32,0,43,24,0,24,67
06/28/2020,SJT,TX,ASW,CE,Federal Contract Tower,4,1,6,0,11,0,0,1,0,1,4,1,7,0,12,0,0,0,12
06/29/2020,SJT,TX,ASW,CE,Federal Contract Tower,3,10,15,45,73,0,0,22,15,37,3,10,37,60,110,60,158,218,328
06/30/2020,SJT,TX,ASW,CE,Federal Contract Tower,4,7,25,53,89,0,0,55,18,73,4,7,80,71,162,148,220,368,530
07/01/2020,SJT,TX,ASW,CE,Federal Contract Tower,4,7,18,43,72,0,0,27,16,43,4,7,45,59,115,22,140,162,277
07/02/2020,SJT,TX,ASW,CE,Federal Contract Tower,4,12,26,23,65,0,0,30,10,40,4,12,56,33,105,92,96,188,293
07/03/2020,SJT,TX,ASW,CE,Federal Contract Tower,4,8,15,1,28,0,0,34,0,34,4,8,49,1,62,70,2,72,134
07/04/2020,SJT,TX,ASW,CE,Federal Contract Tower,4,0,3,0,7,0,0,27,0,27,4,0,30,0,34,42,0,42,76
07/05/2020,SJT,TX,ASW,CE,Federal Contract Tower,4,4,4,6,18,0,0,17,1,18,4,4,21,7,36,6,10,16,52
07/06/2020,SJT,TX,ASW,CE,Federal Contract Tower,4,6,5,2,17,0,0,17,0,17,4,6,22,2,34,40,0,40,74
07/07/2020,SJT,TX,ASW,CE,Federal Contract Tower,6,7,15,53,81,0,0,18,6,24,6,7,33,59,105,14,160,174,279
07/08/2020,SJT,TX,ASW,CE,Federal Contract Tower,6,10,24,32,72,0,3,32,9,44,6,13,56,41,116,80,76,156,272
07/09/2020,SJT,TX,ASW,CE,Federal Contract Tower,5,9,16,43,73,0,2,21,11,34,5,11,37,54,107,44,118,162,269
07/10/2020,SJT,TX,ASW,CE,Federal Contract Tower,6,11,16,39,72,0,2,22,9,33,6,13,38,48,105,38,106,144,249
07/11/2020,SJT,TX,ASW,CE,Federal Contract Tower,4,4,12,0,20,0,3,25,8,36,4,7,37,8,56,34,0,34,90
07/12/2020,SJT,TX,ASW,CE,Federal Contract Tower,6,3,5,0,14,0,2,25,0,27,6,5,30,0,41,16,0,16,57
07/13/2020,SJT,TX,ASW,CE,Federal Contract Tower,6,7,20,15,48,0,0,19,0,19,6,7,39,15,67,56,20,76,143
07/14/2020,SJT,TX,ASW,CE,Federal Contract Tower,5,12,10,19,46,0,5,16,4,25,5,17,26,23,71,18,20,38,109
07/15/2020,SJT,TX,ASW,CE,Federal Contract Tower,8,12,17,31,68,0,0,28,3,31,8,12,45,34,99,14,66,80,179
07/16/2020,SJT,TX,ASW,CE,Federal Contract Tower,7,15,19,24,65,0,0,12,2,14,7,15,31,26,79,18,36,54,133
07/17/2020,SJT,TX,ASW,CE,Federal Contract Tower,11,14,21,45,91,0,0,38,5,43,11,14,59,50,134,6,112,118,252
07/18/2020,SJT,TX,ASW,CE,Federal Contract Tower,3,8,14,3,28,0,1,28,2,31,3,9,42,5,59,34,6,40,99
07/19/2020,SJT,TX,ASW,CE,Federal Contract Tower,7,5,7,0,19,0,2,25,2,29,7,7,32,2,48,44,0,44,92
07/20/2020,SJT,TX,ASW,CE,Federal Contract Tower,7,5,12,55,79,0,0,26,11,37,7,5,38,66,116,36,128,164,280
07/21/2020,SJT,TX,ASW,CE,Federal Contract Tower,7,12,27,32,78,0,1,31,8,40,7,13,58,40,118,28,88,116,234
07/22/2020,SJT,TX,ASW,CE,Federal Contract Tower,6,13,26,33,78,0,3,22,4,29,6,16,48,37,107,10,72,82,189
07/23/2020,SJT,TX,ASW,CE,Federal Contract Tower,610,17,21,54,702,0,2,15,2,19,610,19,36,56,721,2,54,56,777
07/24/2020,SJT,TX,ASW,CE,Federal Contract Tower,7,10,13,34,64,0,0,27,10,37,7,10,40,44,101,28,98,126,227
07/25/2020,SJT,TX,ASW,CE,Federal Contract Tower,3,3,8,0,14,0,1,20,3,24,3,4,28,3,38,42,0,42,80
07/26/2020,SJT,TX,ASW,CE,Federal Contract Tower,6,2,8,0,16,0,0,12,0,12,6,2,20,0,28,20,0,20,48
07/27/2020,SJT,TX,ASW,CE,Federal Contract Tower,6,6,23,40,75,0,2,33,9,44,6,8,56,49,119,64,70,134,253
07/28/2020,SJT,TX,ASW,CE,Federal Contract Tower,6,12,13,30,61,0,1,20,9,30,6,13,33,39,91,26,100,126,217
07/29/2020,SJT,TX,ASW,CE,Federal Contract Tower,6,12,11,58,87,0,0,41,19,60,6,12,52,77,147,68,200,268,415
07/30/2020,SJT,TX,ASW,CE,Federal Contract Tower,6,13,16,28,63,0,3,23,10,36,6,16,39,38,99,54,108,162,261
07/31/2020,SJT,TX,ASW,CE,Federal Contract Tower,7,12,19,49,87,0,0,26,9,35,7,12,45,58,122,24,140,164,286
08/01/2020,SJT,TX,ASW,CE,Federal Contract Tower,3,4,11,11,29,0,2,29,0,31,3,6,40,11,60,10,20,30,90
08/02/2020,SJT,TX,ASW,CE,Federal Contract Tower,6,4,17,7,34,0,0,23,3,26,6,4,40,10,60,36,10,46,106
08/03/2020,SJT,TX,ASW,CE,Federal Contract Tower,8,4,15,10,37,0,3,27,2,32,8,7,42,12,69,84,50,134,203
08/04/2020,SJT,TX,ASW,CE,Federal Contract Tower,6,11,17,18,52,0,3,21,5,29,6,14,38,23,81,16,50,66,147
08/05/2020,SJT,TX,ASW,CE,Federal Contract Tower,6,11,18,22,57,0,0,34,3,37,6,11,52,25,94,12,90,102,196
08/07/2020,SJT,TX,ASW,CE,Federal Contract Tower,7,11,25,24,67,0,2,45,3,50,7,13,70,27,117,32,66,98,215
08/08/2020,SJT,TX,ASW,CE,Federal Contract Tower,4,3,8,2,17,0,1,22,0,23,4,4,30,2,40,10,2,12,52
08/09/2020,SJT,TX,ASW,CE,Federal Contract Tower,6,2,17,8,33,0,0,28,4,32,6,2,45,12,65,34,18,52,117
08/10/2020,SJT,TX,ASW,CE,Federal Contract Tower,7,6,16,22,51,0,0,24,8,32,7,6,40,30,83,6,68,74,157
08/11/2020,SJT,TX,ASW,CE,Federal Contract Tower,8,11,26,9,54,0,5,26,3,34,8,16,52,12,88,64,24,88,176
08/12/2020,SJT,TX,ASW,CE,Federal Contract Tower,6,10,25,32,73,0,0,22,5,27,6,10,47,37,100,6,88,94,194
08/13/2020,SJT,TX,ASW,CE,Federal Contract Tower,7,12,14,32,65,0,1,23,3,27,7,13,37,35,92,12,86,98,190
08/14/2020,SJT,TX,ASW,CE,Federal Contract Tower,8,13,19,46,86,0,0,29,17,46,8,13,48,63,132,50,152,202,334
08/15/2020,SJT,TX,ASW,CE,Federal Contract Tower,3,4,8,0,15,0,1,52,0,53,3,5,60,0,68,62,0,62,130
08/16/2020,SJT,TX,ASW,CE,Federal Contract Tower,4,2,14,5,25,0,1,41,3,45,4,3,55,8,70,46,10,56,126
08/17/2020,SJT,TX,ASW,CE,Federal Contract Tower,6,7,9,39,61,0,2,30,2,34,6,9,39,41,95,32,58,90,185
08/18/2020,SJT,TX,ASW,CE,Federal Contract Tower,6,11,17,34,68,0,0,32,6,38,6,11,49,40,106,46,110,156,262
08/19/2020,SJT,TX,ASW,CE,Federal Contract Tower,6,6,23,40,75,0,2,29,6,37,6,8,52,46,112,62,114,176,288
08/20/2020,SJT,TX,ASW,CE,Federal Contract Tower,6,14,29,45,94,0,2,44,9,55,6,16,73,54,149,34,90,124,273
08/21/2020,SJT,TX,ASW,CE,Federal Contract Tower,8,13,14,32,67,0,0,36,2,38,8,13,50,34,105,12,58,70,175
08/22/2020,SJT,TX,ASW,CE,Federal Contract Tower,4,8,9,0,21,0,0,21,3,24,4,8,30,3,45,22,0,22,67
08/23/2020,SJT,TX,ASW,CE,Federal Contract Tower,6,0,8,11,25,0,2,29,1,32,6,2,37,12,57,34,18,52,109
08/24/2020,SJT,TX,ASW,CE,Federal Contract Tower,6,6,15,51,78,0,0,33,12,45,6,6,48,63,123,40,160,200,323
08/25/2020,SJT,TX,ASW,CE,Federal Contract Tower,6,11,19,45,81,0,10,34,8,52,6,21,53,53,133,104,86,190,323
08/26/2020,SJT,TX,ASW,CE,Federal Contract Tower,4,20,16,56,96,0,1,29,8,38,4,21,45,64,134,24,162,186,320
08/27/2020,SJT,TX,ASW,CE,Federal Contract Tower,5,15,27,45,92,0,0,40,29,69,5,15,67,74,161,92,75,167,328
08/28/2020,SJT,TX,ASW,CE,Federal Contract Tower,9,17,15,23,64,0,2,54,4,60,9,19,69,27,124,38,54,92,216
08/29/2020,SJT,TX,ASW,CE,Federal Contract Tower,4,1,17,2,24,0,2,39,16,57,4,3,56,18,81,48,2,50,131
08/30/2020,SJT,TX,ASW,CE,Federal Contract Tower,5,5,18,3,31,0,0,28,1,29,5,5,46,4,60,30,6,36,96
08/31/2020,SJT,TX,ASW,CE,Federal Contract Tower,5,7,15,40,67,0,0,23,18,41,5,7,38,58,108,8,66,74,182
09/01/2020,SJT,TX,ASW,CE,Federal Contract Tower,5,17,11,31,64,0,5,26,2,33,5,22,37,33,97,36,58,94,191
09/02/2020,SJT,TX,ASW,CE,Federal Contract Tower,4,15,27,103,149,0,1,29,12,42,4,16,56,115,191,70,392,462,653
09/03/2020,SJT,TX,ASW,CE,Federal Contract Tower,8,19,5,33,65,0,5,35,9,49,8,24,40,42,114,48,130,178,292
09/04/2020,SJT,TX,ASW,CE,Federal Contract Tower,7,14,25,0,46,0,3,45,0,48,7,17,70,0,94,28,0,28,122
09/05/2020,SJT,TX,ASW,CE,Federal Contract Tower,4,4,10,0,18,0,4,10,26,40,4,8,20,26,58,12,0,12,70
09/06/2020,SJT,TX,ASW,CE,Federal Contract Tower,6,2,9,0,17,0,0,30,12,42,6,2,39,12,59,30,0,30,89
09/07/2020,SJT,TX,ASW,CE,Federal Contract Tower,6,4,9,0,19,0,2,30,2,34,6,6,39,2,53,14,0,14,67
09/08/2020,SJT,TX,ASW,CE,Federal Contract Tower,6,8,12,65,91,0,0,27,14,41,6,8,39,79,132,14,236,250,382
09/09/2020,SJT,TX,ASW,CE,Federal Contract Tower,4,12,2,0,18,0,0,0,0,0,4,12,2,0,18,6,0,6,24
09/10/2020,SJT,TX,ASW,CE,Federal Contract Tower,4,14,12,4,34,0,0,3,0,3,4,14,15,4,37,6,4,10,47
09/11/2020,SJT,TX,ASW,CE,Federal Contract Tower,6,11,19,15,51,0,0,15,2,17,6,11,34,17,68,10,16,26,94
09/12/2020,SJT,TX,ASW,CE,Federal Contract Tower,4,3,21,1,29,0,9,44,6,59,4,12,65,7,88,52,0,52,140
09/13/2020,SJT,TX,ASW,CE,Federal Contract Tower,4,2,7,0,13,0,0,13,0,13,4,2,20,0,26,8,0,8,34
09/14/2020,SJT,TX,ASW,CE,Federal Contract Tower,4,6,13,56,79,0,1,41,21,63,4,7,54,77,142,100,152,252,394
09/15/2020,SJT,TX,ASW,CE,Federal Contract Tower,4,12,21,61,98,0,4,41,28,73,4,16,62,89,171,42,154,196,367
09/16/2020,SJT,TX,ASW,CE,Federal Contract Tower,4,12,25,39,80,0,1,31,2,34,4,13,56,41,114,76,110,186,300
09/17/2020,SJT,TX,ASW,CE,Federal Contract Tower,4,12,31,68,115,0,2,37,12,51,4,14,68,80,166,64,314,378,544
09/18/2020,SJT,TX,ASW,CE,Federal Contract Tower,6,11,15,39,71,0,5,46,12,63,6,16,61,51,134,48,216,264,398
09/19/2020,SJT,TX,ASW,CE,Federal Contract Tower,4,5,16,0,25,0,0,18,0,18,4,5,34,0,43,6,0,6,49
09/20/2020,SJT,TX,ASW,CE,Federal Contract Tower,5,1,15,6,27,0,2,37,0,39,5,3,52,6,66,30,46,76,142
09/21/2020,SJT,TX,ASW,CE,Federal Contract Tower,5,6,20,52,83,0,0,18,4,22,5,6,38,56,105,60,164,224,329
09/22/2020,SJT,TX,ASW,CE,Federal Contract Tower,4,13,32,46,95,0,0,21,5,26,4,13,53,51,121,102,140,242,363
09/23/2020,SJT,TX,ASW,CE,Federal Contract Tower,4,16,27,81,128,0,0,22,13,35,4,16,49,94,163,28,246,274,437
09/24/2020,SJT,TX,ASW,CE,Federal Contract Tower,4,17,16,32,69,0,1,32,10,43,4,18,48,42,112,26,92,118,230
09/25/2020,SJT,TX,ASW,CE,Federal Contract Tower,10,11,35,55,111,0,4,37,5,46,10,15,72,60,157,44,184,228,385
09/26/2020,SJT,TX,ASW,CE,Federal Contract Tower,4,9,6,0,19,0,0,23,2,25,4,9,29,2,44,42,0,42,86
09/27/2020,SJT,TX,ASW,CE,Federal Contract Tower,4,2,8,8,22,0,0,25,6,31,4,2,33,14,53,38,14,52,105
09/28/2020,SJT,TX,ASW,CE,Federal Contract Tower,3,6,21,68,98,0,1,13,6,20,3,7,34,74,118,42,222,264,382
09/29/2020,SJT,TX,ASW,CE,Federal Contract Tower,4,14,52,21,91,0,0,24,4,28,4,14,76,25,119,16,32,48,167
09/30/2020,SJT,TX,ASW,CE,Federal Contract Tower,4,15,17,16,52,0,0,33,3,36,4,15,50,19,88,50,24,74,162
10/01/2020,SJT,TX,ASW,CE,Federal Contract Tower,4,15,13,18,50,0,0,33,7,40,4,15,46,25,90,50,14,64,154
10/02/2020,SJT,TX,ASW,CE,Federal Contract Tower,6,16,15,31,68,0,2,26,16,44,6,18,41,47,112,20,22,42,154
10/03/2020,SJT,TX,ASW,CE,Federal Contract Tower,5,4,7,0,16,0,0,27,3,30,5,4,34,3,46,30,0,30,76
10/04/2020,SJT,TX,ASW,CE,Federal Contract Tower,4,1,12,0,17,0,0,35,0,35,4,1,47,0,52,24,0,24,76
10/05/2020,SJT,TX,ASW,CE,Federal Contract Tower,4,10,18,7,39,0,1,33,1,35,4,11,51,8,74,48,4,52,126
10/06/2020,SJT,TX,ASW,CE,Federal Contract Tower,4,15,14,12,45,0,2,26,7,35,4,17,40,19,80,60,14,74,154
10/07/2020,SJT,TX,ASW,CE,Federal Contract Tower,7,11,25,11,54,0,3,28,2,33,7,14,53,13,87,28,24,52,139
10/08/2020,SJT,TX,ASW,CE,Federal Contract Tower,9,12,20,17,58,0,1,30,2,33,9,13,50,19,91,20,44,64,155
10/09/2020,SJT,TX,ASW,CE,Federal Contract Tower,8,13,24,8,53,0,1,39,0,40,8,14,63,8,93,54,12,66,159
10/10/2020,SJT,TX,ASW,CE,Federal Contract Tower,4,6,10,11,31,0,5,32,0,37,4,11,42,11,68,32,10,42,110
10/11/2020,SJT,TX,ASW,CE,Federal Contract Tower,6,1,12,0,19,0,2,26,0,28,6,3,38,0,47,42,0,42,89
10/12/2020,SJT,TX,ASW,CE,Federal Contract Tower,7,4,15,3,29,0,0,33,0,33,7,4,48,3,62,46,4,50,112
10/13/2020,SJT,TX,ASW,CE,Federal Contract Tower,7,10,12,20,49,0,0,22,5,27,7,10,34,25,76,28,20,48,124
10/14/2020,SJT,TX,ASW,CE,Federal Contract Tower,7,19,20,9,55,0,1,25,3,29,7,20,45,12,84,68,20,88,172
10/15/2020,SJT,TX,ASW,CE,Federal Contract Tower,8,14,17,19,58,0,2,26,8,36,8,16,43,27,94,28,24,52,146
10/16/2020,SJT,TX,ASW,CE,Federal Contract Tower,7,13,17,29,66,0,0,37,9,46,7,13,54,38,112,36,46,82,194
10/17/2020,SJT,TX,ASW,CE,Federal Contract Tower,4,5,9,14,32,0,4,15,5,24,4,9,24,19,56,6,18,24,80
10/18/2020,SJT,TX,ASW,CE,Federal Contract Tower,7,8,11,2,28,0,0,20,0,20,7,8,31,2,48,8,0,8,56
10/19/2020,SJT,TX,ASW,CE,Federal Contract Tower,8,12,21,15,56,0,0,14,1,15,8,12,35,16,71,33,16,49,120
10/20/2020,SJT,TX,ASW,CE,Federal Contract Tower,6,19,22,16,63,0,0,9,0,9,6,19,31,16,72,26,22,48,120
10/21/2020,SJT,TX,ASW,CE,Federal Contract Tower,7,11,30,14,62,0,12,28,2,42,7,23,58,16,104,54,40,94,198
10/23/2020,SJT,TX,ASW,CE,Federal Contract Tower,11,12,22,50,95,0,3,5,0,8,11,15,27,50,103,14,82,96,199
10/24/2020,SJT,TX,ASW,CE,Federal Contract Tower,4,5,23,0,32,0,7,22,0,29,4,12,45,0,61,69,0,69,130
10/25/2020,SJT,TX,ASW,CE,Federal Contract Tower,6,5,20,14,45,0,0,18,8,26,6,5,38,22,71,52,56,108,179
10/26/2020,SJT,TX,ASW,CE,Federal Contract Tower,7,11,16,4,38,0,0,0,0,0,7,11,16,4,38,0,4,4,42
10/27/2020,SJT,TX,ASW,CE,Federal Contract Tower,5,5,4,0,14,0,0,0,0,0,5,5,4,0,14,0,0,0,14
10/28/2020,SJT,TX,ASW,CE,Federal Contract Tower,6,16,18,24,64,1,2,7,2,12,7,18,25,26,76,32,50,82,158
10/29/2020,SJT,TX,ASW,CE,Federal Contract Tower,6,17,15,23,61,0,0,17,0,17,6,17,32,23,78,4,50,54,132
10/30/2020,SJT,TX,ASW,CE,Federal Contract Tower,10,15,14,27,66,0,0,52,3,55,10,15,66,30,121,42,130,172,293
10/31/2020,SJT,TX,ASW,CE,Federal Contract Tower,4,5,25,0,34,0,7,19,4,30,4,12,44,4,64,40,0,40,104
11/01/2020,SJT,TX,ASW,CE,Federal Contract Tower,5,9,10,39,63,0,2,19,4,25,5,11,29,43,88,6,68,74,162
11/02/2020,SJT,TX,ASW,CE,Federal Contract Tower,7,7,18,28,60,0,0,32,0,32,7,7,50,28,92,36,84,120,212
11/03/2020,SJT,TX,ASW,CE,Federal Contract Tower,7,14,16,43,80,0,1,33,20,54,7,15,49,63,134,20,128,148,282
11/04/2020,SJT,TX,ASW,CE,Federal Contract Tower,6,14,27,24,71,0,2,29,2,33,6,16,56,26,104,28,46,74,178
11/05/2020,SJT,TX,ASW,CE,Federal Contract Tower,6,10,22,36,74,0,3,32,2,37,6,13,54,38,111,20,72,92,203
11/06/2020,SJT,TX,ASW,CE,Federal Contract Tower,8,10,15,42,75,0,0,21,3,24,8,10,36,45,99,12,100,112,211
11/07/2020,SJT,TX,ASW,CE,Federal Contract Tower,6,10,12,0,28,0,2,24,0,26,6,12,36,0,54,10,0,10,64
11/08/2020,SJT,TX,ASW,CE,Federal Contract Tower,6,1,13,11,31,0,4,28,8,40,6,5,41,19,71,6,6,12,83
11/09/2020,SJT,TX,ASW,CE,Federal Contract Tower,6,10,11,66,93,0,2,20,9,31,6,12,31,75,124,18,176,194,318
11/10/2020,SJT,TX,ASW,CE,Federal Contract Tower,9,14,12,31,66,0,0,28,1,29,9,14,40,32,95,40,100,140,235
11/11/2020,SJT,TX,ASW,CE,Federal Contract Tower,6,11,25,3,45,0,0,22,0,22,6,11,47,3,67,30,4,34,101
11/12/2020,SJT,TX,ASW,CE,Federal Contract Tower,6,19,24,27,76,0,1,35,9,45,6,20,59,36,121,48,42,90,211
11/13/2020,SJT,TX,ASW,CE,Federal Contract Tower,10,16,14,19,59,0,0,7,2,9,10,16,21,21,68,6,22,28,96
11/14/2020,SJT,TX,ASW,CE,Federal Contract Tower,6,4,7,2,19,0,0,12,0,12,6,4,19,2,31,2,2,4,35
11/15/2020,SJT,TX,ASW,CE,Federal Contract Tower,6,5,15,19,45,0,0,25,12,37,6,5,40,31,82,28,26,54,136
11/16/2020,SJT,TX,ASW,CE,Federal Contract Tower,8,9,16,20,53,0,2,19,6,27,8,11,35,26,80,14,20,34,114
11/17/2020,SJT,TX,ASW,CE,Federal Contract Tower,6,15,25,39,85,0,0,23,13,36,6,15,48,52,121,8,70,78,199
11/18/2020,SJT,TX,ASW,CE,Federal Contract Tower,7,12,28,50,97,0,0,32,23,55,7,12,60,73,152,46,164,210,362
11/19/2020,SJT,TX,ASW,CE,Federal Contract Tower,6,13,18,48,85,0,1,24,4,29,6,14,42,52,114,4,127,131,245
11/20/2020,SJT,TX,ASW,CE,Federal Contract Tower,11,13,29,27,80,2,50,6,0,58,13,63,35,27,138,64,46,110,248
11/21/2020,SJT,TX,ASW,CE,Federal Contract Tower,6,7,22,14,49,0,0,27,2,29,6,7,49,16,78,26,28,54,132
11/22/2020,SJT,TX,ASW,CE,Federal Contract Tower,6,4,22,4,36,0,0,2,0,2,6,4,24,4,38,20,8,28,66
11/23/2020,SJT,TX,ASW,CE,Federal Contract Tower,6,7,24,26,63,0,0,17,4,21,6,7,41,30,84,20,32,52,136
11/24/2020,SJT,TX,ASW,CE,Federal Contract Tower,6,13,16,49,84,0,0,12,13,25,6,13,28,62,109,4,110,114,223
11/25/2020,SJT,TX,ASW,CE,Federal Contract Tower,6,14,18,28,66,0,0,50,3,53,6,14,68,31,119,62,120,182,301
11/26/2020,SJT,TX,ASW,CE,Federal Contract Tower,2,1,1,0,4,0,0,9,0,9,2,1,10,0,13,0,0,0,13
11/27/2020,SJT,TX,ASW,CE,Federal Contract Tower,8,12,19,4,43,0,0,6,0,6,8,12,25,4,49,28,6,34,83
11/28/2020,SJT,TX,ASW,CE,Federal Contract Tower,7,12,4,0,23,0,0,0,0,0,7,12,4,0,23,0,0,0,23
11/29/2020,SJT,TX,ASW,CE,Federal Contract Tower,8,8,24,0,40,0,0,15,0,15,8,8,39,0,55,6,0,6,61
11/30/2020,SJT,TX,ASW,CE,Federal Contract Tower,8,3,13,42,66,0,10,37,12,59,8,13,50,54,125,150,78,228,353
12/01/2020,SJT,TX,ASW,CE,Federal Contract Tower,6,19,16,38,79,0,1,12,12,25,6,20,28,50,104,24,88,112,216
12/02/2020,SJT,TX,ASW,CE,Federal Contract Tower,6,16,29,55,106,0,5,20,16,41,6,21,49,71,147,36,210,246,393
12/03/2020,SJT,TX,ASW,CE,Federal Contract Tower,9,11,17,73,110,0,5,10,3,18,9,16,27,76,128,4,170,174,302
12/04/2020,SJT,TX,ASW,CE,Federal Contract Tower,10,15,17,28,70,0,6,46,2,54,10,21,63,30,124,68,54,122,246
12/05/2020,SJT,TX,ASW,CE,Federal Contract Tower,4,8,10,5,27,0,0,20,0,20,4,8,30,5,47,50,8,58,105
12/06/2020,SJT,TX,ASW,CE,Federal Contract Tower,6,1,10,12,29,0,1,47,7,55,6,2,57,19,84,14,28,42,126
12/07/2020,SJT,TX,ASW,CE,Federal Contract Tower,7,6,30,26,69,0,1,42,5,48,7,7,72,31,117,46,72,118,235
12/08/2020,SJT,TX,ASW,CE,Federal Contract Tower,6,8,24,30,68,0,1,37,15,53,6,9,61,45,121,28,86,114,235
12/09/2020,SJT,TX,ASW,CE,Federal Contract Tower,6,19,20,41,86,0,2,36,10,48,6,21,56,51,134,54,54,108,242
12/10/2020,SJT,TX,ASW,CE,Federal Contract Tower,7,13,14,54,88,0,2,18,1,21,7,15,32,55,109,12,112,124,233
12/11/2020,SJT,TX,ASW,CE,Federal Contract Tower,8,13,16,52,89,0,0,21,8,29,8,13,37,60,118,28,90,118,236
12/12/2020,SJT,TX,ASW,CE,Federal Contract Tower,4,7,10,0,21,0,4,41,4,49,4,11,51,4,70,62,0,62,132
12/13/2020,SJT,TX,ASW,CE,Federal Contract Tower,6,2,10,7,25,0,0,11,2,13,6,2,21,9,38,0,32,32,70
12/14/2020,SJT,TX,ASW,CE,Federal Contract Tower,6,7,14,44,71,0,2,23,5,30,6,9,37,49,101,16,110,126,227
12/15/2020,SJT,TX,ASW,CE,Federal Contract Tower,5,16,19,50,90,0,1,15,6,22,5,17,34,56,112,14,138,152,264
12/16/2020,SJT,TX,ASW,CE,Federal Contract Tower,5,19,22,35,81,0,5,26,11,42,5,24,48,46,123,18,102,120,243
12/17/2020,SJT,TX,ASW,CE,Federal Contract Tower,9,16,22,46,93,0,4,21,10,35,9,20,43,56,128,24,124,148,276
12/18/2020,SJT,TX,ASW,CE,Federal Contract Tower,10,18,26,30,84,0,0,13,3,16,10,18,39,33,100,10,98,108,208
12/19/2020,SJT,TX,ASW,CE,Federal Contract Tower,8,7,6,0,21,0,0,15,0,15,8,7,21,0,36,8,0,8,44
12/20/2020,SJT,TX,ASW,CE,Federal Contract Tower,9,5,13,7,34,0,4,35,1,40,9,9,48,8,74,18,14,32,106
12/21/2020,SJT,TX,ASW,CE,Federal Contract Tower,8,14,12,28,62,0,2,26,0,28,8,16,38,28,90,22,72,94,184
12/22/2020,SJT,TX,ASW,CE,Federal Contract Tower,8,15,26,33,82,0,2,21,4,27,8,17,47,37,109,0,46,46,155
12/23/2020,SJT,TX,ASW,CE,Federal Contract Tower,8,17,8,0,33,0,0,15,0,15,8,17,23,0,48,0,0,0,48
12/24/2020,SJT,TX,ASW,CE,Federal Contract Tower,6,10,10,0,26,0,1,18,0,19,6,11,28,0,45,38,0,38,83
12/25/2020,SJT,TX,ASW,CE,Federal Contract Tower,2,4,5,0,11,0,0,10,0,10,2,4,15,0,21,12,0,12,33
12/26/2020,SJT,TX,ASW,CE,Federal Contract Tower,8,5,9,0,22,0,0,15,0,15,8,5,24,0,37,4,0,4,41
12/27/2020,SJT,TX,ASW,CE,Federal Contract Tower,9,2,4,0,15,0,4,21,0,25,9,6,25,0,40,10,0,10,50
12/28/2020,SJT,TX,ASW,CE,Federal Contract Tower,8,12,24,0,44,0,2,13,0,15,8,14,37,0,59,6,0,6,65
12/29/2020,SJT,TX,ASW,CE,Federal Contract Tower,8,16,11,0,35,0,2,3,0,5,8,18,14,0,40,2,0,2,42
12/30/2020,SJT,TX,ASW,CE,Federal Contract Tower,6,8,9,4,27,0,0,0,0,0,6,8,9,4,27,0,2,2,29
12/31/2020,SJT,TX,ASW,CE,Federal Contract Tower,2,2,3,0,7,0,0,0,0,0,2,2,3,0,7,0,0,0,7
01/01/2021,SJT,TX,ASW,CE,Federal Contract Tower,9,6,9,0,24,0,0,11,0,11,9,6,20,0,35,2,0,2,37
01/02/2021,SJT,TX,ASW,CE,Federal Contract Tower,8,5,23,0,36,0,0,23,0,23,8,5,46,0,59,20,0,20,79
01/03/2021,SJT,TX,ASW,CE,Federal Contract Tower,8,5,15,0,28,0,0,38,0,38,8,5,53,0,66,18,0,18,84
01/04/2021,SJT,TX,ASW,CE,Federal Contract Tower,8,13,7,3,31,0,2,20,0,22,8,15,27,3,53,44,0,44,97
01/05/2021,SJT,TX,ASW,CE,Federal Contract Tower,7,13,17,6,43,0,0,22,0,22,7,13,39,6,65,32,6,38,103
01/06/2021,SJT,TX,ASW,CE,Federal Contract Tower,7,15,27,23,72,0,3,16,2,21,7,18,43,25,93,16,88,104,197
01/07/2021,SJT,TX,ASW,CE,Federal Contract Tower,7,12,24,34,77,0,0,28,6,34,7,12,52,40,111,52,92,144,255
01/08/2021,SJT,TX,ASW,CE,Federal Contract Tower,10,18,23,47,98,0,0,2,0,2,10,18,25,47,100,0,78,78,178
01/09/2021,SJT,TX,ASW,CE,Federal Contract Tower,8,3,9,3,23,0,0,4,0,4,8,3,13,3,27,4,0,4,31
01/10/2021,SJT,TX,ASW,CE,Federal Contract Tower,0,4,1,0,5,0,0,0,0,0,0,4,1,0,5,0,0,0,5
01/11/2021,SJT,TX,ASW,CE,Federal Contract Tower,6,11,24,26,67,0,1,11,2,14,6,12,35,28,81,42,52,94,175
01/12/2021,SJT,TX,ASW,CE,Federal Contract Tower,8,10,16,24,58,0,3,25,17,45,8,13,41,41,103,12,62,74,177
01/13/2021,SJT,TX,ASW,CE,Federal Contract Tower,8,12,22,26,68,0,12,37,7,56,8,24,59,33,124,38,94,132,256
01/14/2021,SJT,TX,ASW,CE,Federal Contract Tower,7,16,17,12,52,0,6,23,4,33,7,22,40,16,85,26,48,74,159
01/15/2021,SJT,TX,ASW,CE,Federal Contract Tower,12,9,20,24,65,0,1,21,4,26,12,10,41,28,91,2,52,54,145
01/16/2021,SJT,TX,ASW,CE,Federal Contract Tower,6,5,6,0,17,0,3,27,0,30,6,8,33,0,47,34,0,34,81
01/17/2021,SJT,TX,ASW,CE,Federal Contract Tower,7,4,10,3,24,0,3,16,0,19,7,7,26,3,43,2,4,6,49
01/18/2021,SJT,TX,ASW,CE,Federal Contract Tower,7,10,14,1,32,0,1,17,5,23,7,11,31,6,55,18,2,20,75
01/19/2021,SJT,TX,ASW,CE,Federal Contract Tower,9,10,16,51,86,0,1,11,13,25,9,11,27,64,111,0,86,86,197
01/20/2021,SJT,TX,ASW,CE,Federal Contract Tower,7,12,7,0,26,0,0,0,0,0,7,12,7,0,26,0,0,0,26
01/21/2021,SJT,TX,ASW,CE,Federal Contract Tower,7,10,14,36,67,0,2,6,2,10,7,12,20,38,77,14,86,100,177
01/22/2021,SJT,TX,ASW,CE,Federal Contract Tower,12,12,20,122,166,0,2,32,11,45,12,14,52,133,211,100,188,288,499
01/24/2021,SJT,TX,ASW,CE,Federal Contract Tower,9,3,7,11,30,0,0,7,4,11,9,3,14,15,41,0,24,24,65
01/25/2021,SJT,TX,ASW,CE,Federal Contract Tower,7,7,15,52,81,0,0,19,15,34,7,7,34,67,115,0,86,86,201
01/26/2021,SJT,TX,ASW,CE,Federal Contract Tower,8,7,25,44,84,0,5,48,16,69,8,12,73,60,153,56,100,156,309
01/27/2021,SJT,TX,ASW,CE,Federal Contract Tower,7,16,18,39,80,0,6,25,10,41,7,22,43,49,121,94,104,198,319
01/28/2021,SJT,TX,ASW,CE,Federal Contract Tower,7,12,10,46,75,0,4,55,9,68,7,16,65,55,143,114,76,190,333
01/29/2021,SJT,TX,ASW,CE,Federal Contract Tower,12,18,30,50,110,0,0,15,0,15,12,18,45,50,125,26,90,116,241
01/30/2021,SJT,TX,ASW,CE,Federal Contract Tower,7,7,6,6,26,0,1,10,2,13,7,8,16,8,39,4,18,22,61
01/31/2021,SJT,TX,ASW,CE,Federal Contract Tower,8,6,14,13,41,0,0,54,1,55,8,6,68,14,96,30,46,76,172
02/01/2021,SJT,TX,ASW,CE,Federal Contract Tower,7,8,14,62,91,0,1,23,12,36,7,9,37,74,127,28,174,202,329
02/02/2021,SJT,TX,ASW,CE,Federal Contract Tower,7,16,16,31,70,0,6,35,12,53,7,22,51,43,123,26,84,110,233
02/03/2021,SJT,TX,ASW,CE,Federal Contract Tower,7,13,19,12,51,0,4,38,9,51,7,17,57,21,102,48,16,64,166
02/04/2021,SJT,TX,ASW,CE,Federal Contract Tower,8,8,9,49,74,0,9,27,15,51,8,17,36,64,125,24,210,234,359
02/05/2021,SJT,TX,ASW,CE,Federal Contract Tower,12,21,17,37,87,0,8,59,15,82,12,29,76,52,169,90,142,232,401
02/06/2021,SJT,TX,ASW,CE,Federal Contract Tower,7,4,6,25,42,0,2,25,6,33,7,6,31,31,75,18,52,70,145
02/07/2021,SJT,TX,ASW,CE,Federal Contract Tower,8,1,9,12,30,0,0,16,5,21,8,1,25,17,51,24,16,40,91
02/08/2021,SJT,TX,ASW,CE,Federal Contract Tower,6,6,17,75,104,0,4,21,9,34,6,10,38,84,138,0,134,134,272
02/09/2021,SJT,TX,ASW,CE,Federal Contract Tower,7,7,14,24,52,0,0,3,0,3,7,7,17,24,55,0,18,18,73
02/10/2021,SJT,TX,ASW,CE,Federal Contract Tower,7,10,9,2,28,0,0,0,2,2,7,10,9,4,30,0,0,0,30
02/11/2021,SJT,TX,ASW,CE,Federal Contract Tower,1,2,4,0,7,0,0,0,0,0,1,2,4,0,7,0,0,0,7
02/12/2021,SJT,TX,ASW,CE,Federal Contract Tower,0,0,7,0,7,0,0,0,0,0,0,0,7,0,7,2,0,2,9
02/13/2021,SJT,TX,ASW,CE,Federal Contract Tower,0,1,1,0,2,0,0,0,0,0,0,1,1,0,2,0,0,0,2
02/14/2021,SJT,TX,ASW,CE,Federal Contract Tower,0,0,0,0,0,0,0,0,0,0,0,0,0,0,0,0,0,0,0
02/15/2021,SJT,TX,ASW,CE,Federal Contract Tower,0,0,0,0,0,0,0,2,4,6,0,0,2,4,6,0,0,0,6
02/16/2021,SJT,TX,ASW,CE,Federal Contract Tower,0,0,0,0,0,0,0,2,0,2,0,0,2,0,2,0,0,0,2
02/17/2021,SJT,TX,ASW,CE,Federal Contract Tower,0,0,0,0,0,0,0,0,0,0,0,0,0,0,0,0,0,0,0
02/18/2021,SJT,TX,ASW,CE,Federal Contract Tower,0,0,0,0,0,0,0,0,0,0,0,0,0,0,0,0,0,0,0
02/19/2021,SJT,TX,ASW,CE,Federal Contract Tower,3,5,3,0,11,0,0,19,0,19,3,5,22,0,30,6,0,6,36
02/20/2021,SJT,TX,ASW,CE,Federal Contract Tower,8,6,13,0,27,0,2,34,0,36,8,8,47,0,63,64,0,64,127
02/21/2021,SJT,TX,ASW,CE,Federal Contract Tower,9,3,4,0,16,0,0,35,0,35,9,3,39,0,51,2,22,24,75
02/22/2021,SJT,TX,ASW,CE,Federal Contract Tower,9,7,24,26,66,0,6,23,5,34,9,13,47,31,100,54,40,94,194
02/23/2021,SJT,TX,ASW,CE,Federal Contract Tower,7,15,17,51,90,0,3,19,11,33,7,18,36,62,123,6,208,214,337
02/24/2021,SJT,TX,ASW,CE,Federal Contract Tower,7,19,23,62,111,0,6,31,22,59,7,25,54,84,170,70,224,294,464
02/25/2021,SJT,TX,ASW,CE,Federal Contract Tower,8,17,37,88,150,0,0,16,3,19,8,17,53,91,169,138,78,216,385
02/26/2021,SJT,TX,ASW,CE,Federal Contract Tower,9,16,34,93,152,0,5,27,50,82,9,21,61,143,234,86,287,373,607
02/27/2021,SJT,TX,ASW,CE,Federal Contract Tower,7,5,8,20,40,0,2,7,13,22,7,7,15,33,62,12,52,64,126
02/28/2021,SJT,TX,ASW,CE,Federal Contract Tower,10,0,16,11,37,0,2,11,46,59,10,2,27,57,96,14,68,82,178
03/01/2021,SJT,TX,ASW,CE,Federal Contract Tower,9,10,19,70,108,0,1,34,69,104,9,11,53,139,212,102,300,402,614
03/02/2021,SJT,TX,ASW,CE,Federal Contract Tower,9,8,28,59,104,0,6,37,39,82,9,14,65,98,186,96,226,322,508
03/03/2021,SJT,TX,ASW,CE,Federal Contract Tower,7,19,20,44,90,0,8,34,8,50,7,27,54,52,140,72,114,186,326
03/04/2021,SJT,TX,ASW,CE,Federal Contract Tower,8,13,29,54,104,0,0,40,11,51,8,13,69,65,155,26,158,184,339
03/05/2021,SJT,TX,ASW,CE,Federal Contract Tower,10,15,14,55,94,0,0,15,8,23,10,15,29,63,117,0,158,158,275
03/06/2021,SJT,TX,ASW,CE,Federal Contract Tower,6,6,16,0,28,0,0,39,20,59,6,6,55,20,87,32,0,32,119
03/07/2021,SJT,TX,ASW,CE,Federal Contract Tower,10,5,15,2,32,0,2,16,0,18,10,7,31,2,50,30,2,32,82
03/08/2021,SJT,TX,ASW,CE,Federal Contract Tower,9,12,11,27,59,0,0,11,2,13,9,12,22,29,72,44,38,82,154
03/09/2021,SJT,TX,ASW,CE,Federal Contract Tower,9,11,26,53,99,0,1,12,3,16,9,12,38,56,115,34,150,184,299
03/10/2021,SJT,TX,ASW,CE,Federal Contract Tower,8,9,25,55,97,0,0,11,10,21,8,9,36,65,118,16,142,158,276
03/11/2021,SJT,TX,ASW,CE,Federal Contract Tower,8,8,20,20,56,0,0,20,2,22,8,8,40,22,78,38,48,86,164
03/12/2021,SJT,TX,ASW,CE,Federal Contract Tower,11,10,21,22,64,0,2,18,1,21,11,12,39,23,85,16,56,72,157
03/13/2021,SJT,TX,ASW,CE,Federal Contract Tower,6,8,6,0,20,0,0,10,0,10,6,8,16,0,30,10,0,10,40
03/14/2021,SJT,TX,ASW,CE,Federal Contract Tower,10,4,7,1,22,0,0,9,5,14,10,4,16,6,36,2,0,2,38
03/15/2021,SJT,TX,ASW,CE,Federal Contract Tower,8,12,6,28,54,0,3,22,7,32,8,15,28,35,86,12,48,60,146
03/16/2021,SJT,TX,ASW,CE,Federal Contract Tower,8,12,29,27,76,0,2,23,5,30,8,14,52,32,106,52,56,108,214
03/17/2021,SJT,TX,ASW,CE,Federal Contract Tower,3,9,5,8,25,0,2,2,2,6,3,11,7,10,31,0,10,10,41
03/18/2021,SJT,TX,ASW,CE,Federal Contract Tower,9,8,38,46,101,0,0,58,16,74,9,8,96,62,175,56,116,172,347
03/19/2021,SJT,TX,ASW,CE,Federal Contract Tower,8,13,34,27,82,0,1,45,8,54,8,14,79,35,136,72,102,174,310
03/20/2021,SJT,TX,ASW,CE,Federal Contract Tower,8,7,13,45,73,0,0,25,7,32,8,7,38,52,105,12,146,158,263
03/21/2021,SJT,TX,ASW,CE,Federal Contract Tower,8,7,8,7,30,0,4,20,7,31,8,11,28,14,61,0,46,46,107
03/22/2021,SJT,TX,ASW,CE,Federal Contract Tower,6,4,8,6,24,0,0,8,5,13,6,4,16,11,37,0,4,4,41
03/23/2021,SJT,TX,ASW,CE,Federal Contract Tower,8,11,22,25,66,0,0,36,12,48,8,11,58,37,114,30,92,122,236
03/24/2021,SJT,TX,ASW,CE,Federal Contract Tower,7,8,22,73,110,0,0,19,16,35,7,8,41,89,145,16,246,262,407
03/25/2021,SJT,TX,ASW,CE,Federal Contract Tower,8,19,25,48,100,0,0,50,24,74,8,19,75,72,174,22,226,248,422
03/26/2021,SJT,TX,ASW,CE,Federal Contract Tower,8,11,19,26,64,0,1,37,5,43,8,12,56,31,107,20,92,112,219
03/27/2021,SJT,TX,ASW,CE,Federal Contract Tower,6,5,20,10,41,0,0,33,6,39,6,5,53,16,80,38,28,66,146
03/28/2021,SJT,TX,ASW,CE,Federal Contract Tower,8,4,16,20,48,0,0,25,4,29,8,4,41,24,77,44,38,82,159
03/29/2021,SJT,TX,ASW,CE,Federal Contract Tower,8,9,12,36,65,0,1,21,4,26,8,10,33,40,91,16,94,110,201
03/30/2021,SJT,TX,ASW,CE,Federal Contract Tower,8,17,11,9,45,0,1,18,2,21,8,18,29,11,66,34,16,50,116
03/31/2021,SJT,TX,ASW,CE,Federal Contract Tower,8,8,17,109,142,0,1,22,34,57,8,9,39,143,199,62,264,326,525
04/01/2021,SJT,TX,ASW,CE,Federal Contract Tower,8,11,23,26,68,1,0,53,12,66,9,11,76,38,134,10,210,220,354
04/02/2021,SJT,TX,ASW,CE,Federal Contract Tower,12,11,21,20,64,0,1,33,19,53,12,12,54,39,117,48,82,130,247
04/03/2021,SJT,TX,ASW,CE,Federal Contract Tower,8,7,3,6,24,0,0,8,16,24,8,7,11,22,48,14,2,16,64
04/04/2021,SJT,TX,ASW,CE,Federal Contract Tower,7,1,8,0,16,0,0,8,0,8,7,1,16,0,24,2,0,2,26
04/05/2021,SJT,TX,ASW,CE,Federal Contract Tower,8,8,27,57,100,0,1,20,6,27,8,9,47,63,127,30,86,116,243
04/06/2021,SJT,TX,ASW,CE,Federal Contract Tower,7,17,20,43,87,0,2,21,3,26,7,19,41,46,113,10,110,120,233
04/07/2021,SJT,TX,ASW,CE,Federal Contract Tower,8,11,22,45,86,0,0,31,22,53,8,11,53,67,139,58,220,278,417
04/08/2021,SJT,TX,ASW,CE,Federal Contract Tower,7,15,27,25,74,0,3,40,11,54,7,18,67,36,128,54,58,112,240
04/09/2021,SJT,TX,ASW,CE,Federal Contract Tower,8,11,14,28,61,0,1,25,4,30,8,12,39,32,91,4,42,46,137
04/10/2021,SJT,TX,ASW,CE,Federal Contract Tower,9,9,15,14,47,0,4,40,4,48,9,13,55,18,95,52,28,80,175
04/11/2021,SJT,TX,ASW,CE,Federal Contract Tower,9,6,10,18,43,0,3,16,6,25,9,9,26,24,68,10,8,18,86
04/12/2021,SJT,TX,ASW,CE,Federal Contract Tower,8,7,19,16,50,0,2,25,1,28,8,9,44,17,78,48,76,124,202
04/13/2021,SJT,TX,ASW,CE,Federal Contract Tower,9,18,26,58,111,0,2,14,0,16,9,20,40,58,127,50,166,216,343
04/14/2021,SJT,TX,ASW,CE,Federal Contract Tower,7,16,37,54,114,0,0,17,3,20,7,16,54,57,134,64,92,156,290
04/15/2021,SJT,TX,ASW,CE,Federal Contract Tower,8,9,13,0,30,0,0,0,0,0,8,9,13,0,30,2,0,2,32
04/16/2021,SJT,TX,ASW,CE,Federal Contract Tower,8,14,26,9,57,0,0,0,0,0,8,14,26,9,57,8,12,20,77
04/17/2021,SJT,TX,ASW,CE,Federal Contract Tower,9,9,16,3,37,0,4,19,0,23,9,13,35,3,60,70,0,70,130
04/18/2021,SJT,TX,ASW,CE,Federal Contract Tower,8,13,12,14,47,0,1,29,11,41,8,14,41,25,88,40,62,102,190
04/19/2021,SJT,TX,ASW,CE,Federal Contract Tower,8,3,17,40,68,0,3,38,22,63,8,6,55,62,131,46,110,156,287
04/20/2021,SJT,TX,ASW,CE,Federal Contract Tower,9,12,22,64,107,0,1,20,4,25,9,13,42,68,132,40,154,194,326
04/21/2021,SJT,TX,ASW,CE,Federal Contract Tower,11,14,17,45,87,0,1,22,12,35,11,15,39,57,122,26,134,160,282
04/23/2021,SJT,TX,ASW,CE,Federal Contract Tower,16,11,15,28,70,0,1,12,3,16,16,12,27,31,86,32,65,97,183
04/24/2021,SJT,TX,ASW,CE,Federal Contract Tower,12,7,8,10,37,0,2,47,1,50,12,9,55,11,87,88,34,122,209
04/25/2021,SJT,TX,ASW,CE,Federal Contract Tower,13,5,11,5,34,0,0,29,4,33,13,5,40,9,67,24,22,46,113
04/26/2021,SJT,TX,ASW,CE,Federal Contract Tower,12,7,17,58,94,0,3,33,21,57,12,10,50,79,151,40,152,192,343
04/27/2021,SJT,TX,ASW,CE,Federal Contract Tower,11,8,18,46,83,0,1,18,8,27,11,9,36,54,110,10,140,150,260
04/28/2021,SJT,TX,ASW,CE,Federal Contract Tower,13,10,9,6,38,0,0,9,10,19,13,10,18,16,57,14,8,22,79
04/29/2021,SJT,TX,ASW,CE,Federal Contract Tower,13,14,21,18,66,0,0,5,1,6,13,14,26,19,72,14,22,36,108
04/30/2021,SJT,TX,ASW,CE,Federal Contract Tower,13,11,20,13,57,0,0,17,0,17,13,11,37,13,74,38,28,66,140
05/01/2021,SJT,TX,ASW,CE,Federal Contract Tower,12,7,2,0,21,0,0,0,0,0,12,7,2,0,21,0,0,0,21
05/02/2021,SJT,TX,ASW,CE,Federal Contract Tower,12,5,17,5,39,0,0,21,0,21,12,5,38,5,60,8,2,10,70
05/03/2021,SJT,TX,ASW,CE,Federal Contract Tower,14,6,23,55,98,0,1,29,6,36,14,7,52,61,134,18,160,178,312
05/04/2021,SJT,TX,ASW,CE,Federal Contract Tower,10,19,21,62,112,0,1,18,11,30,10,20,39,73,142,2,262,264,406
05/05/2021,SJT,TX,ASW,CE,Federal Contract Tower,12,16,22,45,95,0,6,24,19,49,12,22,46,64,144,94,102,196,340
05/06/2021,SJT,TX,ASW,CE,Federal Contract Tower,13,16,32,25,86,0,0,33,16,49,13,16,65,41,135,48,34,82,217
05/07/2021,SJT,TX,ASW,CE,Federal Contract Tower,17,14,11,9,51,0,1,29,0,30,17,15,40,9,81,28,34,62,143
05/08/2021,SJT,TX,ASW,CE,Federal Contract Tower,10,5,16,5,36,0,0,29,4,33,10,5,45,9,69,10,8,18,87
05/09/2021,SJT,TX,ASW,CE,Federal Contract Tower,12,5,15,17,49,0,0,21,5,26,12,5,36,22,75,10,38,48,123
05/10/2021,SJT,TX,ASW,CE,Federal Contract Tower,9,3,12,43,67,0,0,8,0,8,9,3,20,43,75,16,126,142,217
05/11/2021,SJT,TX,ASW,CE,Federal Contract Tower,7,10,8,3,28,0,0,0,0,0,7,10,8,3,28,0,0,0,28
05/12/2021,SJT,TX,ASW,CE,Federal Contract Tower,12,10,27,42,91,0,0,18,10,28,12,10,45,52,119,38,82,120,239
05/13/2021,SJT,TX,ASW,CE,Federal Contract Tower,14,9,35,27,85,0,0,24,0,24,14,9,59,27,109,26,76,102,211
05/14/2021,SJT,TX,ASW,CE,Federal Contract Tower,12,15,31,6,64,0,0,22,0,22,12,15,53,6,86,82,4,86,172
05/15/2021,SJT,TX,ASW,CE,Federal Contract Tower,11,6,11,0,28,0,4,8,0,12,11,10,19,0,40,18,0,18,58
05/16/2021,SJT,TX,ASW,CE,Federal Contract Tower,14,3,14,19,50,0,0,37,9,46,14,3,51,28,96,54,44,98,194
05/17/2021,SJT,TX,ASW,CE,Federal Contract Tower,12,5,16,15,48,0,1,18,0,19,12,6,34,15,67,12,26,38,105
05/18/2021,SJT,TX,ASW,CE,Federal Contract Tower,11,9,14,13,47,0,5,24,5,34,11,14,38,18,81,30,96,126,207
05/19/2021,SJT,TX,ASW,CE,Federal Contract Tower,12,10,15,14,51,0,0,11,0,11,12,10,26,14,62,50,10,60,122
05/20/2021,SJT,TX,ASW,CE,Federal Contract Tower,14,11,32,45,102,0,3,69,9,81,14,14,101,54,183,56,106,162,345
05/21/2021,SJT,TX,ASW,CE,Federal Contract Tower,12,14,22,95,143,0,0,24,9,33,12,14,46,104,176,34,188,222,398
05/22/2021,SJT,TX,ASW,CE,Federal Contract Tower,11,5,9,23,48,0,0,15,6,21,11,5,24,29,69,30,58,88,157
05/23/2021,SJT,TX,ASW,CE,Federal Contract Tower,13,5,14,23,55,2,2,12,3,19,15,7,26,26,74,18,44,62,136
05/24/2021,SJT,TX,ASW,CE,Federal Contract Tower,15,5,9,69,98,0,3,21,0,24,15,8,30,69,122,38,242,280,402
05/25/2021,SJT,TX,ASW,CE,Federal Contract Tower,10,19,18,76,123,0,1,34,12,47,10,20,52,88,170,60,314,374,544
05/26/2021,SJT,TX,ASW,CE,Federal Contract Tower,14,13,25,73,125,0,0,43,11,54,14,13,68,84,179,78,192,270,449
05/27/2021,SJT,TX,ASW,CE,Federal Contract Tower,11,13,22,45,91,0,7,35,14,56,11,20,57,59,147,94,160,254,401
05/28/2021,SJT,TX,ASW,CE,Federal Contract Tower,12,19,17,6,54,0,1,10,1,12,12,20,27,7,66,18,4,22,88
05/29/2021,SJT,TX,ASW,CE,Federal Contract Tower,14,7,16,0,37,0,0,5,0,5,14,7,21,0,42,2,0,2,44
05/30/2021,SJT,TX,ASW,CE,Federal Contract Tower,15,2,11,0,28,0,0,8,0,8,15,2,19,0,36,6,0,6,42
05/31/2021,SJT,TX,ASW,CE,Federal Contract Tower,12,5,7,0,24,0,0,5,0,5,12,5,12,0,29,36,0,36,65
06/01/2021,SJT,TX,ASW,CE,Federal Contract Tower,14,10,22,50,96,0,0,20,3,23,14,10,42,53,119,24,110,134,253
06/02/2021,SJT,TX,ASW,CE,Federal Contract Tower,12,14,22,55,103,0,2,28,8,38,12,16,50,63,141,46,124,170,311
06/03/2021,SJT,TX,ASW,CE,Federal Contract Tower,15,16,42,28,101,0,2,22,5,29,15,18,64,33,130,72,208,280,410
06/04/2021,SJT,TX,ASW,CE,Federal Contract Tower,15,11,19,37,82,0,3,20,1,24,15,14,39,38,106,42,130,172,278
06/05/2021,SJT,TX,ASW,CE,Federal Contract Tower,11,8,18,10,47,0,2,28,0,30,11,10,46,10,77,64,28,92,169
06/06/2021,SJT,TX,ASW,CE,Federal Contract Tower,15,2,11,33,61,0,0,19,3,22,15,2,30,36,83,64,98,162,245
06/07/2021,SJT,TX,ASW,CE,Federal Contract Tower,9,8,23,45,85,0,1,21,5,27,9,9,44,50,112,38,60,98,210
06/08/2021,SJT,TX,ASW,CE,Federal Contract Tower,14,17,26,31,88,0,0,25,6,31,14,17,51,37,119,38,68,106,225
06/09/2021,SJT,TX,ASW,CE,Federal Contract Tower,13,16,29,35,93,0,1,29,10,40,13,17,58,45,133,44,88,132,265
06/10/2021,SJT,TX,ASW,CE,Federal Contract Tower,14,11,48,31,104,0,3,24,8,35,14,14,72,39,139,16,140,156,295
06/11/2021,SJT,TX,ASW,CE,Federal Contract Tower,15,13,12,35,75,0,3,28,10,41,15,16,40,45,116,70,84,154,270
06/12/2021,SJT,TX,ASW,CE,Federal Contract Tower,12,7,12,10,41,0,3,23,1,27,12,10,35,11,68,12,26,38,106
06/13/2021,SJT,TX,ASW,CE,Federal Contract Tower,12,9,29,2,52,0,5,43,1,49,12,14,72,3,101,70,18,88,189
06/14/2021,SJT,TX,ASW,CE,Federal Contract Tower,14,5,12,6,37,0,2,21,1,24,14,7,33,7,61,26,10,36,97
06/15/2021,SJT,TX,ASW,CE,Federal Contract Tower,12,12,8,4,36,0,7,22,6,35,12,19,30,10,71,4,32,36,107
06/16/2021,SJT,TX,ASW,CE,Federal Contract Tower,13,11,20,31,75,0,6,32,10,48,13,17,52,41,123,38,50,88,211
06/17/2021,SJT,TX,ASW,CE,Federal Contract Tower,13,12,22,22,69,0,4,21,5,30,13,16,43,27,99,44,60,104,203
06/18/2021,SJT,TX,ASW,CE,Federal Contract Tower,11,12,28,13,64,0,0,30,4,34,11,12,58,17,98,54,24,78,176
06/19/2021,SJT,TX,ASW,CE,Federal Contract Tower,11,10,15,0,36,0,8,32,0,40,11,18,47,0,76,12,0,12,88
06/20/2021,SJT,TX,ASW,CE,Federal Contract Tower,13,1,17,6,37,0,4,18,7,29,13,5,35,13,66,2,2,4,70
06/21/2021,SJT,TX,ASW,CE,Federal Contract Tower,13,7,6,59,85,0,0,14,17,31,13,7,20,76,116,0,196,196,312
06/22/2021,SJT,TX,ASW,CE,Federal Contract Tower,13,11,22,18,64,0,0,7,0,7,13,11,29,18,71,8,32,40,111
06/23/2021,SJT,TX,ASW,CE,Federal Contract Tower,14,14,20,50,98,0,2,20,4,26,14,16,40,54,124,16,130,146,270
06/24/2021,SJT,TX,ASW,CE,Federal Contract Tower,13,15,17,45,90,0,4,19,19,42,13,19,36,64,132,0,154,154,286
06/25/2021,SJT,TX,ASW,CE,Federal Contract Tower,12,9,13,29,63,0,2,18,2,22,12,11,31,31,85,8,66,74,159
06/26/2021,SJT,TX,ASW,CE,Federal Contract Tower,11,2,10,10,33,0,2,11,8,21,11,4,21,18,54,10,22,32,86
06/27/2021,SJT,TX,ASW,CE,Federal Contract Tower,14,1,18,33,66,0,0,29,7,36,14,1,47,40,102,26,62,88,190
06/28/2021,SJT,TX,ASW,CE,Federal Contract Tower,9,5,14,39,67,0,0,3,5,8,9,5,17,44,75,0,52,52,127
06/29/2021,SJT,TX,ASW,CE,Federal Contract Tower,12,17,33,91,153,1,0,7,4,12,13,17,40,95,165,44,158,202,367
06/30/2021,SJT,TX,ASW,CE,Federal Contract Tower,13,15,25,47,100,0,0,22,8,30,13,15,47,55,130,30,136,166,296
07/01/2021,SJT,TX,ASW,CE,Federal Contract Tower,14,7,28,39,88,0,1,33,8,42,14,8,61,47,130,12,86,98,228
07/02/2021,SJT,TX,ASW,CE,Federal Contract Tower,10,13,20,0,43,0,6,24,0,30,10,19,44,0,73,34,0,34,107
07/03/2021,SJT,TX,ASW,CE,Federal Contract Tower,9,5,6,0,20,0,0,3,0,3,9,5,9,0,23,0,0,0,23
07/04/2021,SJT,TX,ASW,CE,Federal Contract Tower,12,5,6,0,23,0,0,7,0,7,12,5,13,0,30,2,0,2,32
07/05/2021,SJT,TX,ASW,CE,Federal Contract Tower,15,4,18,0,37,0,0,6,0,6,15,4,24,0,43,0,0,0,43
07/06/2021,SJT,TX,ASW,CE,Federal Contract Tower,11,6,14,27,58,0,0,18,12,30,11,6,32,39,88,2,54,56,144
07/07/2021,SJT,TX,ASW,CE,Federal Contract Tower,10,11,27,37,85,0,1,15,4,20,10,12,42,41,105,26,66,92,197
07/08/2021,SJT,TX,ASW,CE,Federal Contract Tower,18,13,36,42,109,0,0,34,12,46,18,13,70,54,155,38,114,152,307
07/09/2021,SJT,TX,ASW,CE,Federal Contract Tower,15,15,29,92,151,0,1,23,17,41,15,16,52,109,192,29,146,175,367
07/10/2021,SJT,TX,ASW,CE,Federal Contract Tower,11,11,14,2,38,0,2,29,1,32,11,13,43,3,70,68,0,68,138
07/11/2021,SJT,TX,ASW,CE,Federal Contract Tower,13,6,17,23,59,0,0,10,0,10,13,6,27,23,69,4,33,37,106
07/12/2021,SJT,TX,ASW,CE,Federal Contract Tower,13,2,12,0,27,0,0,20,0,20,13,2,32,0,47,5,0,5,52
07/13/2021,SJT,TX,ASW,CE,Federal Contract Tower,9,15,8,16,48,0,3,37,11,51,9,18,45,27,99,30,68,98,197
07/14/2021,SJT,TX,ASW,CE,Federal Contract Tower,12,12,21,36,81,0,0,34,16,50,12,12,55,52,131,22,108,130,261
07/15/2021,SJT,TX,ASW,CE,Federal Contract Tower,14,14,34,37,99,0,6,20,8,34,14,20,54,45,133,12,56,68,201
07/16/2021,SJT,TX,ASW,CE,Federal Contract Tower,16,22,12,37,87,0,5,24,7,36,16,27,36,44,123,64,70,134,257
07/17/2021,SJT,TX,ASW,CE,Federal Contract Tower,9,8,6,2,25,0,4,28,2,34,9,12,34,4,59,58,6,64,123
07/18/2021,SJT,TX,ASW,CE,Federal Contract Tower,13,8,12,25,58,0,1,30,11,42,13,9,42,36,100,6,74,80,180
07/19/2021,SJT,TX,ASW,CE,Federal Contract Tower,10,4,15,5,34,0,1,20,0,21,10,5,35,5,55,8,6,14,69
07/20/2021,SJT,TX,ASW,CE,Federal Contract Tower,8,20,16,42,86,0,6,25,16,47,8,26,41,58,133,32,54,86,219
07/21/2021,SJT,TX,ASW,CE,Federal Contract Tower,10,10,20,43,83,0,2,29,16,47,10,12,49,59,130,30,144,174,304
07/22/2021,SJT,TX,ASW,CE,Federal Contract Tower,12,17,5,25,59,0,0,32,3,35,12,17,37,28,94,30,50,80,174
07/23/2021,SJT,TX,ASW,CE,Federal Contract Tower,14,18,22,48,102,0,2,35,7,44,14,20,57,55,146,46,70,116,262
07/24/2021,SJT,TX,ASW,CE,Federal Contract Tower,9,6,7,0,22,0,4,27,0,31,9,10,34,0,53,18,0,18,71
07/25/2021,SJT,TX,ASW,CE,Federal Contract Tower,13,5,11,6,35,0,4,17,0,21,13,9,28,6,56,20,12,32,88
07/26/2021,SJT,TX,ASW,CE,Federal Contract Tower,12,13,14,23,62,0,2,20,3,25,12,15,34,26,87,62,88,150,237
07/27/2021,SJT,TX,ASW,CE,Federal Contract Tower,8,12,20,33,73,0,2,35,19,56,8,14,55,52,129,32,80,112,241
07/28/2021,SJT,TX,ASW,CE,Federal Contract Tower,8,16,17,18,59,3,4,29,13,49,11,20,46,31,108,26,54,80,188
07/29/2021,SJT,TX,ASW,CE,Federal Contract Tower,13,15,25,51,104,1,1,44,12,58,14,16,69,63,162,36,106,142,304
07/30/2021,SJT,TX,ASW,CE,Federal Contract Tower,13,13,14,75,115,0,0,44,8,52,13,13,58,83,167,90,130,220,387
07/31/2021,SJT,TX,ASW,CE,Federal Contract Tower,9,7,9,6,31,0,4,36,0,40,9,11,45,6,71,66,8,74,145
08/01/2021,SJT,TX,ASW,CE,Federal Contract Tower,7,3,19,13,42,0,0,21,0,21,7,3,40,13,63,12,8,20,83
08/02/2021,SJT,TX,ASW,CE,Federal Contract Tower,13,5,13,12,43,0,0,21,5,26,13,5,34,17,69,76,22,98,167
08/03/2021,SJT,TX,ASW,CE,Federal Contract Tower,12,12,17,34,75,0,0,26,10,36,12,12,43,44,111,22,108,130,241
08/04/2021,SJT,TX,ASW,CE,Federal Contract Tower,13,14,22,54,103,0,1,28,15,44,13,15,50,69,147,24,196,220,367
08/05/2021,SJT,TX,ASW,CE,Federal Contract Tower,12,9,20,17,58,0,0,32,12,44,12,9,52,29,102,14,108,122,224
08/06/2021,SJT,TX,ASW,CE,Federal Contract Tower,13,19,15,38,85,0,0,32,73,105,13,19,47,111,190,25,210,235,425
08/07/2021,SJT,TX,ASW,CE,Federal Contract Tower,10,9,12,10,41,0,2,15,57,74,10,11,27,67,115,20,123,143,258
08/08/2021,SJT,TX,ASW,CE,Federal Contract Tower,13,5,11,14,43,0,0,27,60,87,13,5,38,74,130,52,118,170,300
08/09/2021,SJT,TX,ASW,CE,Federal Contract Tower,13,11,11,37,72,0,0,25,72,97,13,11,36,109,169,18,186,204,373
08/10/2021,SJT,TX,ASW,CE,Federal Contract Tower,10,13,15,55,93,0,1,24,55,80,10,14,39,110,173,84,162,246,419
08/11/2021,SJT,TX,ASW,CE,Federal Contract Tower,16,10,15,51,92,0,3,33,20,56,16,13,48,71,148,38,94,132,280
08/12/2021,SJT,TX,ASW,CE,Federal Contract Tower,15,10,19,32,76,0,1,43,11,55,15,11,62,43,131,34,96,130,261
08/13/2021,SJT,TX,ASW,CE,Federal Contract Tower,13,15,22,74,124,0,2,46,15,63,13,17,68,89,187,64,146,210,397
08/14/2021,SJT,TX,ASW,CE,Federal Contract Tower,13,7,6,3,29,0,2,20,4,26,13,9,26,7,55,2,20,22,77
08/15/2021,SJT,TX,ASW,CE,Federal Contract Tower,14,4,10,1,29,0,2,19,0,21,14,6,29,1,50,14,0,14,64
08/16/2021,SJT,TX,ASW,CE,Federal Contract Tower,13,6,23,51,93,0,3,30,13,46,13,9,53,64,139,48,184,232,371
08/17/2021,SJT,TX,ASW,CE,Federal Contract Tower,4,8,5,0,17,0,0,2,0,2,4,8,7,0,19,0,0,0,19
08/18/2021,SJT,TX,ASW,CE,Federal Contract Tower,9,15,8,16,48,0,1,3,0,4,9,16,11,16,52,6,24,30,82
08/19/2021,SJT,TX,ASW,CE,Federal Contract Tower,13,8,13,40,74,0,0,26,2,28,13,8,39,42,102,24,50,74,176
08/20/2021,SJT,TX,ASW,CE,Federal Contract Tower,15,11,21,47,94,0,1,22,17,40,15,12,43,64,134,34,78,112,246
08/21/2021,SJT,TX,ASW,CE,Federal Contract Tower,12,7,7,4,30,0,1,23,0,24,12,8,30,4,54,4,16,20,74
08/22/2021,SJT,TX,ASW,CE,Federal Contract Tower,13,1,10,8,32,0,1,26,5,32,13,2,36,13,64,24,16,40,104
08/23/2021,SJT,TX,ASW,CE,Federal Contract Tower,14,7,16,14,51,0,0,42,4,46,14,7,58,18,97,54,38,92,189
08/24/2021,SJT,TX,ASW,CE,Federal Contract Tower,12,14,7,44,77,0,1,30,10,41,12,15,37,54,118,36,72,108,226
08/25/2021,SJT,TX,ASW,CE,Federal Contract Tower,12,13,22,33,80,0,2,45,8,55,12,15,67,41,135,14,76,90,225
08/26/2021,SJT,TX,ASW,CE,Federal Contract Tower,12,12,15,25,64,0,5,43,3,51,12,17,58,28,115,22,42,64,179
08/27/2021,SJT,TX,ASW,CE,Federal Contract Tower,12,22,13,97,144,0,1,37,20,58,12,23,50,117,202,48,164,212,414
08/28/2021,SJT,TX,ASW,CE,Federal Contract Tower,13,7,8,2,30,0,1,24,11,36,13,8,32,13,66,20,10,30,96
08/29/2021,SJT,TX,ASW,CE,Federal Contract Tower,13,4,15,0,32,0,1,27,0,28,13,5,42,0,60,8,0,8,68
08/31/2021,SJT,TX,ASW,CE,Federal Contract Tower,10,13,29,23,75,0,6,36,25,67,10,19,65,48,142,42,104,146,288
09/01/2021,SJT,TX,ASW,CE,Federal Contract Tower,12,17,20,36,85,0,6,33,8,47,12,23,53,44,132,30,58,88,220
09/02/2021,SJT,TX,ASW,CE,Federal Contract Tower,12,14,20,60,106,0,9,42,25,76,12,23,62,85,182,40,162,202,384
09/03/2021,SJT,TX,ASW,CE,Federal Contract Tower,13,16,19,2,50,0,7,52,0,59,13,23,71,2,109,14,0,14,123
09/04/2021,SJT,TX,ASW,CE,Federal Contract Tower,9,10,12,0,31,0,0,32,2,34,9,10,44,2,65,8,0,8,73
09/05/2021,SJT,TX,ASW,CE,Federal Contract Tower,13,2,12,0,27,1,3,25,2,31,14,5,37,2,58,4,0,4,62
09/06/2021,SJT,TX,ASW,CE,Federal Contract Tower,13,3,11,3,30,1,0,26,5,32,14,3,37,8,62,0,4,4,66
09/07/2021,SJT,TX,ASW,CE,Federal Contract Tower,11,8,23,35,77,0,1,30,9,40,11,9,53,44,117,10,84,94,211
09/08/2021,SJT,TX,ASW,CE,Federal Contract Tower,13,16,17,45,91,0,1,27,11,39,13,17,44,56,130,14,134,148,278
09/09/2021,SJT,TX,ASW,CE,Federal Contract Tower,13,23,25,20,81,0,0,35,9,44,13,23,60,29,125,16,54,70,195
09/10/2021,SJT,TX,ASW,CE,Federal Contract Tower,14,16,21,36,87,0,0,51,6,57,14,16,72,42,144,80,72,152,296
09/11/2021,SJT,TX,ASW,CE,Federal Contract Tower,8,5,2,4,19,0,0,28,1,29,8,5,30,5,48,8,6,14,62
09/12/2021,SJT,TX,ASW,CE,Federal Contract Tower,15,5,10,3,33,0,1,25,6,32,15,6,35,9,65,16,2,18,83
09/13/2021,SJT,TX,ASW,CE,Federal Contract Tower,12,11,16,78,117,0,0,41,10,51,12,11,57,88,168,76,222,298,466
09/14/2021,SJT,TX,ASW,CE,Federal Contract Tower,13,15,24,54,106,0,3,22,6,31,13,18,46,60,137,38,180,218,355
09/15/2021,SJT,TX,ASW,CE,Federal Contract Tower,13,14,26,32,85,0,0,43,5,48,13,14,69,37,133,52,62,114,247
09/16/2021,SJT,TX,ASW,CE,Federal Contract Tower,13,18,21,39,91,0,0,36,7,43,13,18,57,46,134,64,52,116,250
09/17/2021,SJT,TX,ASW,CE,Federal Contract Tower,11,16,31,29,87,0,0,39,8,47,11,16,70,37,134,46,74,120,254
09/19/2021,SJT,TX,ASW,CE,Federal Contract Tower,12,5,15,4,36,0,1,50,4,55,12,6,65,8,91,4,26,30,121
09/20/2021,SJT,TX,ASW,CE,Federal Contract Tower,13,8,14,28,63,0,3,40,2,45,13,11,54,30,108,48,48,96,204
09/21/2021,SJT,TX,ASW,CE,Federal Contract Tower,12,15,20,9,56,1,9,40,4,54,13,24,60,13,110,60,30,90,200
09/22/2021,SJT,TX,ASW,CE,Federal Contract Tower,16,11,21,39,87,1,5,66,13,85,17,16,87,52,172,72,52,124,296
09/23/2021,SJT,TX,ASW,CE,Federal Contract Tower,14,13,26,8,61,0,3,58,1,62,14,16,84,9,123,104,4,108,231
09/25/2021,SJT,TX,ASW,CE,Federal Contract Tower,8,8,6,0,22,0,4,51,0,55,8,12,57,0,77,32,0,32,109
09/26/2021,SJT,TX,ASW,CE,Federal Contract Tower,13,6,8,0,27,0,2,62,0,64,13,8,70,0,91,32,0,32,123
09/27/2021,SJT,TX,ASW,CE,Federal Contract Tower,12,7,15,12,46,0,1,49,7,57,12,8,64,19,103,72,26,98,201
09/28/2021,SJT,TX,ASW,CE,Federal Contract Tower,12,7,17,20,56,0,0,41,9,50,12,7,58,29,106,28,52,80,186
09/29/2021,SJT,TX,ASW,CE,Federal Contract Tower,11,19,18,62,110,0,2,44,10,56,11,21,62,72,166,52,120,172,338
09/30/2021,SJT,TX,ASW,CE,Federal Contract Tower,11,13,18,49,91,0,2,29,12,43,11,15,47,61,134,16,104,120,254
10/01/2021,SJT,TX,ASW,CE,Federal Contract Tower,11,11,19,40,81,0,0,17,1,18,11,11,36,41,99,54,86,140,239
10/02/2021,SJT,TX,ASW,CE,Federal Contract Tower,7,6,9,2,24,0,0,16,0,16,7,6,25,2,40,14,2,16,56
10/03/2021,SJT,TX,ASW,CE,Federal Contract Tower,11,2,16,9,38,0,0,35,7,42,11,2,51,16,80,70,14,84,164
10/04/2021,SJT,TX,ASW,CE,Federal Contract Tower,9,10,14,51,84,0,11,44,15,70,9,21,58,66,154,94,150,244,398
10/05/2021,SJT,TX,ASW,CE,Federal Contract Tower,9,12,19,19,59,0,9,39,9,57,9,21,58,28,116,66,26,92,208
10/06/2021,SJT,TX,ASW,CE,Federal Contract Tower,11,19,18,47,95,0,6,57,13,76,11,25,75,60,171,58,102,160,331
10/07/2021,SJT,TX,ASW,CE,Federal Contract Tower,8,13,20,19,60,0,0,48,4,52,8,13,68,23,112,64,12,76,188
10/08/2021,SJT,TX,ASW,CE,Federal Contract Tower,9,12,22,26,69,0,3,44,3,50,9,15,66,29,119,56,40,96,215
10/09/2021,SJT,TX,ASW,CE,Federal Contract Tower,7,4,17,0,28,0,8,17,0,25,7,12,34,0,53,18,0,18,71
10/10/2021,SJT,TX,ASW,CE,Federal Contract Tower,6,7,15,0,28,0,0,21,0,21,6,7,36,0,49,28,0,28,77
10/11/2021,SJT,TX,ASW,CE,Federal Contract Tower,8,7,20,2,37,0,0,55,1,56,8,7,75,3,93,54,4,58,151
10/12/2021,SJT,TX,ASW,CE,Federal Contract Tower,7,11,11,51,80,0,0,11,10,21,7,11,22,61,101,14,148,162,263
10/13/2021,SJT,TX,ASW,CE,Federal Contract Tower,5,9,16,21,51,0,0,9,3,12,5,9,25,24,63,14,94,108,171
10/14/2021,SJT,TX,ASW,CE,Federal Contract Tower,6,19,22,12,59,0,2,25,1,28,6,21,47,13,87,104,14,118,205
10/15/2021,SJT,TX,ASW,CE,Federal Contract Tower,8,15,24,12,59,0,0,41,2,43,8,15,65,14,102,86,32,118,220
10/16/2021,SJT,TX,ASW,CE,Federal Contract Tower,7,5,11,12,35,0,3,67,8,78,7,8,78,20,113,54,28,82,195
10/17/2021,SJT,TX,ASW,CE,Federal Contract Tower,8,3,16,3,30,0,2,48,3,53,8,5,64,6,83,98,4,102,185
10/18/2021,SJT,TX,ASW,CE,Federal Contract Tower,7,6,11,22,46,0,0,38,2,40,7,6,49,24,86,68,34,102,188
10/19/2021,SJT,TX,ASW,CE,Federal Contract Tower,7,10,30,20,67,0,0,56,8,64,7,10,86,28,131,98,36,134,265
10/20/2021,SJT,TX,ASW,CE,Federal Contract Tower,8,14,30,26,78,0,0,40,6,46,8,14,70,32,124,90,74,164,288
10/21/2021,SJT,TX,ASW,CE,Federal Contract Tower,4,13,28,9,54,0,0,28,0,28,4,13,56,9,82,58,24,82,164
10/22/2021,SJT,TX,ASW,CE,Federal Contract Tower,7,17,13,40,77,0,1,47,8,56,7,18,60,48,133,38,90,128,261
10/23/2021,SJT,TX,ASW,CE,Federal Contract Tower,7,6,8,1,22,0,3,24,2,29,7,9,32,3,51,24,22,46,97
10/24/2021,SJT,TX,ASW,CE,Federal Contract Tower,8,3,17,10,38,0,0,45,9,54,8,3,62,19,92,69,34,103,195
10/25/2021,SJT,TX,ASW,CE,Federal Contract Tower,7,8,13,39,67,0,0,60,17,77,7,8,73,56,144,130,152,282,426
10/26/2021,SJT,TX,ASW,CE,Federal Contract Tower,7,16,21,45,89,0,2,29,10,41,7,18,50,55,130,30,128,158,288
10/27/2021,SJT,TX,ASW,CE,Federal Contract Tower,8,12,11,29,60,0,5,10,7,22,8,17,21,36,82,2,30,32,114
10/28/2021,SJT,TX,ASW,CE,Federal Contract Tower,2,12,25,23,62,0,5,50,4,59,2,17,75,27,121,84,38,122,243
10/29/2021,SJT,TX,ASW,CE,Federal Contract Tower,8,14,14,23,59,0,5,42,16,63,8,19,56,39,122,50,34,84,206
10/30/2021,SJT,TX,ASW,CE,Federal Contract Tower,7,7,15,0,29,0,4,39,0,43,7,11,54,0,72,30,0,30,102
10/31/2021,SJT,TX,ASW,CE,Federal Contract Tower,8,4,14,0,26,0,0,49,0,49,8,4,63,0,75,64,0,64,139
11/01/2021,SJT,TX,ASW,CE,Federal Contract Tower,7,6,20,46,79,0,3,38,11,52,7,9,58,57,131,62,92,154,285
11/02/2021,SJT,TX,ASW,CE,Federal Contract Tower,8,14,31,9,62,0,0,0,0,0,8,14,31,9,62,14,14,28,90
11/03/2021,SJT,TX,ASW,CE,Federal Contract Tower,8,10,21,4,43,0,0,0,0,0,8,10,21,4,43,8,2,10,53
11/04/2021,SJT,TX,ASW,CE,Federal Contract Tower,8,10,24,73,115,0,0,0,0,0,8,10,24,73,115,6,160,166,281
11/05/2021,SJT,TX,ASW,CE,Federal Contract Tower,8,11,14,88,121,0,0,42,13,55,8,11,56,101,176,62,196,258,434
11/06/2021,SJT,TX,ASW,CE,Federal Contract Tower,8,5,12,11,36,0,0,30,14,44,8,5,42,25,80,18,74,92,172
11/07/2021,SJT,TX,ASW,CE,Federal Contract Tower,8,1,6,11,26,0,0,57,14,71,8,1,63,25,97,50,30,80,177
11/08/2021,SJT,TX,ASW,CE,Federal Contract Tower,7,7,14,34,62,0,2,43,10,55,7,9,57,44,117,32,74,106,223
11/09/2021,SJT,TX,ASW,CE,Federal Contract Tower,8,13,21,39,81,0,5,45,8,58,8,18,66,47,139,134,112,246,385
11/10/2021,SJT,TX,ASW,CE,Federal Contract Tower,8,17,30,5,60,0,2,35,5,42,8,19,65,10,102,36,12,48,150
11/11/2021,SJT,TX,ASW,CE,Federal Contract Tower,8,11,34,0,53,0,1,56,2,59,8,12,90,2,112,56,0,56,168
11/12/2021,SJT,TX,ASW,CE,Federal Contract Tower,10,19,29,50,108,0,2,55,24,81,10,21,84,74,189,52,132,184,373
11/13/2021,SJT,TX,ASW,CE,Federal Contract Tower,8,5,24,17,54,0,1,38,4,43,8,6,62,21,97,64,42,106,203
11/14/2021,SJT,TX,ASW,CE,Federal Contract Tower,9,9,16,6,40,0,1,62,1,64,9,10,78,7,104,102,8,110,214
11/15/2021,SJT,TX,ASW,CE,Federal Contract Tower,8,13,10,29,60,0,5,56,8,69,8,18,66,37,129,62,128,190,319
11/16/2021,SJT,TX,ASW,CE,Federal Contract Tower,8,19,31,30,88,0,2,56,6,64,8,21,87,36,152,46,94,140,292
11/17/2021,SJT,TX,ASW,CE,Federal Contract Tower,8,9,24,34,75,0,0,44,6,50,8,9,68,40,125,60,98,158,283
11/18/2021,SJT,TX,ASW,CE,Federal Contract Tower,8,16,9,58,91,0,0,37,8,45,8,16,46,66,136,24,130,154,290
11/19/2021,SJT,TX,ASW,CE,Federal Contract Tower,7,20,19,20,66,0,5,66,6,77,7,25,85,26,143,40,20,60,203
11/20/2021,SJT,TX,ASW,CE,Federal Contract Tower,8,4,17,0,29,0,1,35,0,36,8,5,52,0,65,20,0,20,85
11/21/2021,SJT,TX,ASW,CE,Federal Contract Tower,7,0,18,0,25,0,0,21,6,27,7,0,39,6,52,18,0,18,70
11/22/2021,SJT,TX,ASW,CE,Federal Contract Tower,8,7,12,6,33,0,0,56,2,58,8,7,68,8,91,48,22,70,161
11/23/2021,SJT,TX,ASW,CE,Federal Contract Tower,8,11,18,9,46,0,1,41,23,65,8,12,59,32,111,34,10,44,155
11/24/2021,SJT,TX,ASW,CE,Federal Contract Tower,10,11,23,10,54,0,1,40,5,46,10,12,63,15,100,24,30,54,154
11/25/2021,SJT,TX,ASW,CE,Federal Contract Tower,4,2,4,0,10,0,0,5,0,5,4,2,9,0,15,0,0,0,15
11/26/2021,SJT,TX,ASW,CE,Federal Contract Tower,7,10,18,0,35,0,0,21,0,21,7,10,39,0,56,42,0,42,98
11/27/2021,SJT,TX,ASW,CE,Federal Contract Tower,12,4,20,0,36,0,0,2,0,2,12,4,22,0,38,0,0,0,38
11/28/2021,SJT,TX,ASW,CE,Federal Contract Tower,10,4,20,0,34,0,0,34,0,34,10,4,54,0,68,50,0,50,118
11/29/2021,SJT,TX,ASW,CE,Federal Contract Tower,8,12,11,14,45,0,3,32,3,38,8,15,43,17,83,20,56,76,159
11/30/2021,SJT,TX,ASW,CE,Federal Contract Tower,8,12,11,36,67,0,4,50,14,68,8,16,61,50,135,88,88,176,311
12/01/2021,SJT,TX,ASW,CE,Federal Contract Tower,8,17,26,43,94,0,9,66,18,93,8,26,92,61,187,48,104,152,339
12/02/2021,SJT,TX,ASW,CE,Federal Contract Tower,6,20,18,38,82,0,3,60,8,71,6,23,78,46,153,101,106,207,360
12/03/2021,SJT,TX,ASW,CE,Federal Contract Tower,7,15,15,68,105,0,1,41,12,54,7,16,56,80,159,20,144,164,323
12/04/2021,SJT,TX,ASW,CE,Federal Contract Tower,7,7,22,17,53,0,2,41,1,44,7,9,63,18,97,48,36,84,181
12/05/2021,SJT,TX,ASW,CE,Federal Contract Tower,7,4,14,8,33,0,0,20,2,22,7,4,34,10,55,6,18,24,79
12/06/2021,SJT,TX,ASW,CE,Federal Contract Tower,7,10,13,65,95,0,4,26,14,44,7,14,39,79,139,14,168,182,321
12/07/2021,SJT,TX,ASW,CE,Federal Contract Tower,6,14,34,33,87,0,0,38,9,47,6,14,72,42,134,56,72,128,262
12/08/2021,SJT,TX,ASW,CE,Federal Contract Tower,6,19,27,40,92,0,1,54,17,72,6,20,81,57,164,32,136,168,332
12/09/2021,SJT,TX,ASW,CE,Federal Contract Tower,6,14,26,53,99,0,0,40,16,56,6,14,66,69,155,30,130,160,315
12/10/2021,SJT,TX,ASW,CE,Federal Contract Tower,6,20,13,29,68,0,0,28,5,33,6,20,41,34,101,36,78,114,215
12/11/2021,SJT,TX,ASW,CE,Federal Contract Tower,6,6,13,38,63,0,1,45,5,51,6,7,58,43,114,50,68,118,232
12/12/2021,SJT,TX,ASW,CE,Federal Contract Tower,6,4,17,3,30,0,1,46,0,47,6,5,63,3,77,38,14,52,129
12/13/2021,SJT,TX,ASW,CE,Federal Contract Tower,6,7,12,82,107,0,0,48,8,56,6,7,60,90,163,34,234,268,431
12/14/2021,SJT,TX,ASW,CE,Federal Contract Tower,7,16,27,82,132,0,0,24,10,34,7,16,51,92,166,10,214,224,390
12/15/2021,SJT,TX,ASW,CE,Federal Contract Tower,7,11,14,54,86,0,3,7,15,25,7,14,21,69,111,10,208,218,329
12/16/2021,SJT,TX,ASW,CE,Federal Contract Tower,8,21,27,28,84,0,0,30,5,35,8,21,57,33,119,28,88,116,235
12/17/2021,SJT,TX,ASW,CE,Federal Contract Tower,8,17,22,14,61,0,2,22,1,25,8,19,44,15,86,12,32,44,130
12/18/2021,SJT,TX,ASW,CE,Federal Contract Tower,8,10,17,2,37,0,0,12,1,13,8,10,29,3,50,4,4,8,58
12/19/2021,SJT,TX,ASW,CE,Federal Contract Tower,11,5,22,0,38,0,0,26,0,26,11,5,48,0,64,18,0,18,82
12/20/2021,SJT,TX,ASW,CE,Federal Contract Tower,9,10,22,21,62,0,1,68,1,70,9,11,90,22,132,54,76,130,262
12/21/2021,SJT,TX,ASW,CE,Federal Contract Tower,8,13,21,22,64,0,0,69,6,75,8,13,90,28,139,62,76,138,277
12/22/2021,SJT,TX,ASW,CE,Federal Contract Tower,8,16,24,24,72,0,3,47,5,55,8,19,71,29,127,42,50,92,219
12/23/2021,SJT,TX,ASW,CE,Federal Contract Tower,8,16,14,4,42,0,0,34,0,34,8,16,48,4,76,12,8,20,96
12/24/2021,SJT,TX,ASW,CE,Federal Contract Tower,5,14,4,0,23,0,0,13,0,13,5,14,17,0,36,8,0,8,44
12/25/2021,SJT,TX,ASW,CE,Federal Contract Tower,9,4,5,0,18,0,1,8,0,9,9,5,13,0,27,0,0,0,27
12/26/2021,SJT,TX,ASW,CE,Federal Contract Tower,8,6,16,0,30,0,2,25,0,27,8,8,41,0,57,10,18,28,85
12/27/2021,SJT,TX,ASW,CE,Federal Contract Tower,8,4,15,0,27,0,0,30,0,30,8,4,45,0,57,50,0,50,107
12/28/2021,SJT,TX,ASW,CE,Federal Contract Tower,9,18,18,2,47,0,3,33,1,37,9,21,51,3,84,10,18,28,112
12/29/2021,SJT,TX,ASW,CE,Federal Contract Tower,6,12,22,0,40,0,0,28,0,28,6,12,50,0,68,50,0,50,118
12/30/2021,SJT,TX,ASW,CE,Federal Contract Tower,8,12,24,0,44,0,4,38,0,42,8,16,62,0,86,36,0,36,122
12/31/2021,SJT,TX,ASW,CE,Federal Contract Tower,6,9,19,0,34,0,1,11,0,12,6,10,30,0,46,20,0,20,66
01/01/2022,SJT,TX,ASW,CE,Federal Contract Tower,7,1,3,0,11,0,0,11,0,11,7,1,14,0,22,0,0,0,22
01/02/2022,SJT,TX,ASW,CE,Federal Contract Tower,8,1,13,0,22,0,5,28,0,33,8,6,41,0,55,30,0,30,85
01/03/2022,SJT,TX,ASW,CE,Federal Contract Tower,6,7,15,0,28,0,3,32,0,35,6,10,47,0,63,42,0,42,105
01/04/2022,SJT,TX,ASW,CE,Federal Contract Tower,6,14,16,10,46,0,0,24,2,26,6,14,40,12,72,18,52,70,142
01/05/2022,SJT,TX,ASW,CE,Federal Contract Tower,6,13,19,40,78,0,4,29,10,43,6,17,48,50,121,20,82,102,223
01/06/2022,SJT,TX,ASW,CE,Federal Contract Tower,5,15,13,36,69,0,2,32,6,40,5,17,45,42,109,8,68,76,185
01/07/2022,SJT,TX,ASW,CE,Federal Contract Tower,8,15,7,47,77,0,2,22,4,28,8,17,29,51,105,26,132,158,263
01/08/2022,SJT,TX,ASW,CE,Federal Contract Tower,7,2,6,10,25,0,1,19,3,23,7,3,25,13,48,24,52,76,124
01/09/2022,SJT,TX,ASW,CE,Federal Contract Tower,6,5,12,29,52,0,4,18,8,30,6,9,30,37,82,34,48,82,164
01/10/2022,SJT,TX,ASW,CE,Federal Contract Tower,7,7,4,38,56,0,4,25,10,39,7,11,29,48,95,26,74,100,195
01/11/2022,SJT,TX,ASW,CE,Federal Contract Tower,7,13,19,35,74,0,5,22,8,35,7,18,41,43,109,54,68,122,231
01/12/2022,SJT,TX,ASW,CE,Federal Contract Tower,6,12,21,49,88,0,2,41,19,62,6,14,62,68,150,58,142,200,350
01/13/2022,SJT,TX,ASW,CE,Federal Contract Tower,6,11,31,68,116,0,2,48,9,59,6,13,79,77,175,26,204,230,405
01/14/2022,SJT,TX,ASW,CE,Federal Contract Tower,6,8,15,26,55,1,15,10,0,26,7,23,25,26,81,14,108,122,203
01/15/2022,SJT,TX,ASW,CE,Federal Contract Tower,5,3,5,4,17,0,0,9,0,9,5,3,14,4,26,8,4,12,38
01/16/2022,SJT,TX,ASW,CE,Federal Contract Tower,6,9,22,2,39,0,2,46,0,48,6,11,68,2,87,76,8,84,171
01/17/2022,SJT,TX,ASW,CE,Federal Contract Tower,6,6,15,2,29,0,3,46,1,50,6,9,61,3,79,32,6,38,117
01/18/2022,SJT,TX,ASW,CE,Federal Contract Tower,6,13,15,37,71,0,0,18,1,19,6,13,33,38,90,10,52,62,152
01/19/2022,SJT,TX,ASW,CE,Federal Contract Tower,5,13,16,34,68,0,10,16,10,36,5,23,32,44,104,48,124,172,276
01/20/2022,SJT,TX,ASW,CE,Federal Contract Tower,6,8,14,5,33,0,0,14,0,14,6,8,28,5,47,24,8,32,79
01/21/2022,SJT,TX,ASW,CE,Federal Contract Tower,6,11,23,35,75,0,4,31,6,41,6,15,54,41,116,36,52,88,204
01/22/2022,SJT,TX,ASW,CE,Federal Contract Tower,5,11,23,5,44,0,24,28,1,53,5,35,51,6,97,12,22,34,131
01/23/2022,SJT,TX,ASW,CE,Federal Contract Tower,6,7,9,14,36,0,0,20,2,22,6,7,29,16,58,46,46,92,150
01/24/2022,SJT,TX,ASW,CE,Federal Contract Tower,7,8,14,74,103,0,1,22,8,31,7,9,36,82,134,38,214,252,386
01/25/2022,SJT,TX,ASW,CE,Federal Contract Tower,7,9,39,70,125,0,1,49,18,68,7,10,88,88,193,74,280,354,547
01/26/2022,SJT,TX,ASW,CE,Federal Contract Tower,7,15,25,12,59,0,0,8,4,12,7,15,33,16,71,28,6,34,105
01/27/2022,SJT,TX,ASW,CE,Federal Contract Tower,6,8,22,39,75,0,0,17,0,17,6,8,39,39,92,20,82,102,194
01/28/2022,SJT,TX,ASW,CE,Federal Contract Tower,6,12,18,70,106,0,3,37,7,47,6,15,55,77,153,24,190,214,367
01/29/2022,SJT,TX,ASW,CE,Federal Contract Tower,5,8,13,0,26,0,5,31,0,36,5,13,44,0,62,12,0,12,74
01/30/2022,SJT,TX,ASW,CE,Federal Contract Tower,6,6,17,20,49,0,0,51,4,55,6,6,68,24,104,36,58,94,198
01/31/2022,SJT,TX,ASW,CE,Federal Contract Tower,6,8,10,68,92,0,1,32,11,44,6,9,42,79,136,50,244,294,430
02/01/2022,SJT,TX,ASW,CE,Federal Contract Tower,7,11,21,52,91,0,2,32,9,43,7,13,53,61,134,68,92,160,294
02/02/2022,SJT,TX,ASW,CE,Federal Contract Tower,3,7,4,36,50,0,0,4,5,9,3,7,8,41,59,16,82,98,157
02/03/2022,SJT,TX,ASW,CE,Federal Contract Tower,0,0,0,0,0,0,0,0,0,0,0,0,0,0,0,0,0,0,0
02/04/2022,SJT,TX,ASW,CE,Federal Contract Tower,0,1,15,14,30,0,2,17,2,21,0,3,32,16,51,0,16,16,67
02/05/2022,SJT,TX,ASW,CE,Federal Contract Tower,3,12,21,7,43,0,1,32,2,35,3,13,53,9,78,24,10,34,112
02/06/2022,SJT,TX,ASW,CE,Federal Contract Tower,6,2,9,19,36,0,0,56,9,65,6,2,65,28,101,12,60,72,173
02/07/2022,SJT,TX,ASW,CE,Federal Contract Tower,7,13,26,63,109,0,1,42,17,60,7,14,68,80,169,44,154,198,367
02/08/2022,SJT,TX,ASW,CE,Federal Contract Tower,7,8,18,35,68,0,4,44,4,52,7,12,62,39,120,88,72,160,280
02/09/2022,SJT,TX,ASW,CE,Federal Contract Tower,6,12,20,28,66,0,1,58,11,70,6,13,78,39,136,60,80,140,276
02/10/2022,SJT,TX,ASW,CE,Federal Contract Tower,7,15,26,47,95,0,3,45,13,61,7,18,71,60,156,60,80,140,296
02/11/2022,SJT,TX,ASW,CE,Federal Contract Tower,5,13,20,31,69,0,2,43,1,46,5,15,63,32,115,64,44,108,223
02/12/2022,SJT,TX,ASW,CE,Federal Contract Tower,5,7,7,20,39,0,3,12,4,19,5,10,19,24,58,0,40,40,98
02/13/2022,SJT,TX,ASW,CE,Federal Contract Tower,7,4,13,12,36,0,0,40,9,49,7,4,53,21,85,56,76,132,217
02/14/2022,SJT,TX,ASW,CE,Federal Contract Tower,7,9,13,30,59,0,4,44,16,64,7,13,57,46,123,62,74,136,259
02/15/2022,SJT,TX,ASW,CE,Federal Contract Tower,6,11,24,36,77,0,4,30,13,47,6,15,54,49,124,18,54,72,196
02/16/2022,SJT,TX,ASW,CE,Federal Contract Tower,6,12,16,63,97,0,1,20,18,39,6,13,36,81,136,20,158,178,314
02/17/2022,SJT,TX,ASW,CE,Federal Contract Tower,6,11,21,36,74,0,1,29,0,30,6,12,50,36,104,16,50,66,170
02/18/2022,SJT,TX,ASW,CE,Federal Contract Tower,7,14,30,51,102,0,3,46,12,61,7,17,76,63,163,40,92,132,295
02/19/2022,SJT,TX,ASW,CE,Federal Contract Tower,5,5,10,0,20,0,6,49,0,55,5,11,59,0,75,84,0,84,159
02/20/2022,SJT,TX,ASW,CE,Federal Contract Tower,6,2,12,17,37,0,2,35,2,39,6,4,47,19,76,80,22,102,178
02/21/2022,SJT,TX,ASW,CE,Federal Contract Tower,7,7,15,2,31,0,3,35,0,38,7,10,50,2,69,58,2,60,129
02/22/2022,SJT,TX,ASW,CE,Federal Contract Tower,8,17,21,65,111,0,6,37,13,56,8,23,58,78,167,54,110,164,331
02/23/2022,SJT,TX,ASW,CE,Federal Contract Tower,2,7,7,0,16,0,0,4,0,4,2,7,11,0,20,12,0,12,32
02/24/2022,SJT,TX,ASW,CE,Federal Contract Tower,3,2,13,23,41,0,2,13,0,15,3,4,26,23,56,18,56,74,130
02/25/2022,SJT,TX,ASW,CE,Federal Contract Tower,6,14,28,45,93,0,3,35,17,55,6,17,63,62,148,68,112,180,328
02/26/2022,SJT,TX,ASW,CE,Federal Contract Tower,5,4,9,5,23,0,0,6,0,6,5,4,15,5,29,46,8,54,83
02/27/2022,SJT,TX,ASW,CE,Federal Contract Tower,6,8,20,9,43,0,0,52,9,61,6,8,72,18,104,60,28,88,192
02/28/2022,SJT,TX,ASW,CE,Federal Contract Tower,7,10,15,35,67,0,3,37,10,50,7,13,52,45,117,68,46,114,231
03/01/2022,SJT,TX,ASW,CE,Federal Contract Tower,7,12,21,41,81,0,6,53,8,67,7,18,74,49,148,120,64,184,332
03/02/2022,SJT,TX,ASW,CE,Federal Contract Tower,7,12,35,40,94,0,4,52,9,65,7,16,87,49,159,24,114,138,297
03/03/2022,SJT,TX,ASW,CE,Federal Contract Tower,6,12,25,25,68,0,6,42,8,56,6,18,67,33,124,76,72,148,272
03/04/2022,SJT,TX,ASW,CE,Federal Contract Tower,6,9,26,43,84,0,1,14,4,19,6,10,40,47,103,12,132,144,247
03/05/2022,SJT,TX,ASW,CE,Federal Contract Tower,5,4,15,9,33,0,3,21,0,24,5,7,36,9,57,32,18,50,107
03/06/2022,SJT,TX,ASW,CE,Federal Contract Tower,6,5,6,23,40,0,0,15,5,20,6,5,21,28,60,10,30,40,100
03/07/2022,SJT,TX,ASW,CE,Federal Contract Tower,8,11,13,46,78,0,0,32,11,43,8,11,45,57,121,44,90,134,255
03/08/2022,SJT,TX,ASW,CE,Federal Contract Tower,6,25,16,65,112,0,0,37,12,49,6,25,53,77,161,64,172,236,397
03/09/2022,SJT,TX,ASW,CE,Federal Contract Tower,8,17,18,44,87,0,1,37,14,52,8,18,55,58,139,70,94,164,303
03/10/2022,SJT,TX,ASW,CE,Federal Contract Tower,7,15,30,23,75,0,1,48,12,61,7,16,78,35,136,160,48,208,344
03/11/2022,SJT,TX,ASW,CE,Federal Contract Tower,5,7,15,5,32,0,0,13,0,13,5,7,28,5,45,52,26,78,123
03/12/2022,SJT,TX,ASW,CE,Federal Contract Tower,6,7,18,7,38,0,3,40,0,43,6,10,58,7,81,54,10,64,145
03/13/2022,SJT,TX,ASW,CE,Federal Contract Tower,6,3,15,7,31,0,0,20,9,29,6,3,35,16,60,32,26,58,118
03/14/2022,SJT,TX,ASW,CE,Federal Contract Tower,5,8,15,24,52,0,1,8,11,20,5,9,23,35,72,8,56,64,136
03/15/2022,SJT,TX,ASW,CE,Federal Contract Tower,8,11,20,28,67,0,0,31,8,39,8,11,51,36,106,32,54,86,192
03/16/2022,SJT,TX,ASW,CE,Federal Contract Tower,7,10,28,32,77,0,1,24,5,30,7,11,52,37,107,54,80,134,241
03/17/2022,SJT,TX,ASW,CE,Federal Contract Tower,8,12,17,9,46,0,0,15,1,16,8,12,32,10,62,6,20,26,88
03/18/2022,SJT,TX,ASW,CE,Federal Contract Tower,3,14,17,32,66,0,0,29,11,40,3,14,46,43,106,38,98,136,242
03/19/2022,SJT,TX,ASW,CE,Federal Contract Tower,6,5,20,0,31,0,3,46,0,49,6,8,66,0,80,78,0,78,158
03/20/2022,SJT,TX,ASW,CE,Federal Contract Tower,6,3,18,7,34,0,0,14,4,18,6,3,32,11,52,22,24,46,98
03/21/2022,SJT,TX,ASW,CE,Federal Contract Tower,3,3,17,47,70,0,0,6,1,7,3,3,23,48,77,4,86,90,167
03/22/2022,SJT,TX,ASW,CE,Federal Contract Tower,6,10,23,27,66,0,0,11,6,17,6,10,34,33,83,0,46,46,129
03/23/2022,SJT,TX,ASW,CE,Federal Contract Tower,7,12,21,30,70,2,5,23,12,42,9,17,44,42,112,26,78,104,216
03/24/2022,SJT,TX,ASW,CE,Federal Contract Tower,3,11,10,34,58,0,2,30,20,52,3,13,40,54,110,62,102,164,274
03/25/2022,SJT,TX,ASW,CE,Federal Contract Tower,6,13,16,12,47,0,0,61,4,65,6,13,77,16,112,164,18,182,294
03/26/2022,SJT,TX,ASW,CE,Federal Contract Tower,6,2,7,16,31,0,3,32,6,41,6,5,39,22,72,56,34,90,162
03/27/2022,SJT,TX,ASW,CE,Federal Contract Tower,4,5,8,1,18,0,1,58,1,60,4,6,66,2,78,86,2,88,166
03/28/2022,SJT,TX,ASW,CE,Federal Contract Tower,7,11,14,24,56,0,0,54,8,62,7,11,68,32,118,88,36,124,242
03/29/2022,SJT,TX,ASW,CE,Federal Contract Tower,7,12,14,52,85,0,2,11,9,22,7,14,25,61,107,6,138,144,251
03/30/2022,SJT,TX,ASW,CE,Federal Contract Tower,8,12,13,20,53,0,0,25,9,34,8,12,38,29,87,14,60,74,161
03/31/2022,SJT,TX,ASW,CE,Federal Contract Tower,6,19,27,24,76,0,0,66,13,79,6,19,93,37,155,86,130,216,371
04/01/2022,SJT,TX,ASW,CE,Federal Contract Tower,6,13,14,24,57,0,4,28,3,35,6,17,42,27,92,76,58,134,226
04/02/2022,SJT,TX,ASW,CE,Federal Contract Tower,7,7,8,4,26,0,1,57,2,60,7,8,65,6,86,43,12,55,141
04/03/2022,SJT,TX,ASW,CE,Federal Contract Tower,6,5,14,7,32,0,7,39,1,47,6,12,53,8,79,62,24,86,165
04/04/2022,SJT,TX,ASW,CE,Federal Contract Tower,7,9,27,18,61,0,2,11,0,13,7,11,38,18,74,84,32,116,190
04/05/2022,SJT,TX,ASW,CE,Federal Contract Tower,6,18,45,24,93,0,1,43,6,50,6,19,88,30,143,48,44,92,235
04/06/2022,SJT,TX,ASW,CE,Federal Contract Tower,5,17,28,17,67,0,4,36,2,42,5,21,64,19,109,96,28,124,233
04/07/2022,SJT,TX,ASW,CE,Federal Contract Tower,9,15,27,37,88,0,4,57,13,74,9,19,84,50,162,164,122,286,448
04/08/2022,SJT,TX,ASW,CE,Federal Contract Tower,8,10,21,30,69,0,1,66,15,82,8,11,87,45,151,88,84,172,323
04/09/2022,SJT,TX,ASW,CE,Federal Contract Tower,6,3,10,2,21,0,2,36,4,42,6,5,46,6,63,60,2,62,125
04/10/2022,SJT,TX,ASW,CE,Federal Contract Tower,8,3,22,11,44,0,0,34,4,38,8,3,56,15,82,58,28,86,168
04/11/2022,SJT,TX,ASW,CE,Federal Contract Tower,7,7,24,41,79,0,2,31,17,50,7,9,55,58,129,46,116,162,291
04/12/2022,SJT,TX,ASW,CE,Federal Contract Tower,6,10,12,56,84,0,4,36,17,57,6,14,48,73,141,48,166,214,355
04/13/2022,SJT,TX,ASW,CE,Federal Contract Tower,6,10,28,49,93,0,2,32,6,40,6,12,60,55,133,50,128,178,311
04/14/2022,SJT,TX,ASW,CE,Federal Contract Tower,8,14,30,18,70,0,2,73,3,78,8,16,103,21,148,110,26,136,284
04/15/2022,SJT,TX,ASW,CE,Federal Contract Tower,8,10,28,36,82,0,0,65,6,71,8,10,93,42,153,122,116,238,391
04/16/2022,SJT,TX,ASW,CE,Federal Contract Tower,6,8,3,1,18,0,0,43,2,45,6,8,46,3,63,62,2,64,127
04/17/2022,SJT,TX,ASW,CE,Federal Contract Tower,10,8,9,1,28,0,1,21,0,22,10,9,30,1,50,24,0,24,74
04/18/2022,SJT,TX,ASW,CE,Federal Contract Tower,8,11,17,67,103,0,3,32,9,44,8,14,49,76,147,36,178,214,361
04/19/2022,SJT,TX,ASW,CE,Federal Contract Tower,6,10,29,24,69,0,3,20,11,34,6,13,49,35,103,8,34,42,145
04/20/2022,SJT,TX,ASW,CE,Federal Contract Tower,8,8,24,76,116,0,4,9,58,71,8,12,33,134,187,24,228,252,439
04/21/2022,SJT,TX,ASW,CE,Federal Contract Tower,8,11,35,49,103,0,1,48,83,132,8,12,83,132,235,46,194,240,475
04/22/2022,SJT,TX,ASW,CE,Federal Contract Tower,10,10,19,57,96,0,1,33,49,83,10,11,52,106,179,36,168,204,383
04/23/2022,SJT,TX,ASW,CE,Federal Contract Tower,6,6,31,19,62,0,0,54,37,91,6,6,85,56,153,92,142,234,387
04/24/2022,SJT,TX,ASW,CE,Federal Contract Tower,12,2,14,46,74,0,0,21,15,36,12,2,35,61,110,46,38,84,194
04/25/2022,SJT,TX,ASW,CE,Federal Contract Tower,10,7,6,12,35,0,4,12,21,37,10,11,18,33,72,4,88,92,164
04/26/2022,SJT,TX,ASW,CE,Federal Contract Tower,6,12,27,53,98,0,4,61,43,108,6,16,88,96,206,93,130,223,429
04/27/2022,SJT,TX,ASW,CE,Federal Contract Tower,7,18,32,44,101,0,0,23,4,27,7,18,55,48,128,90,152,242,370
04/28/2022,SJT,TX,ASW,CE,Federal Contract Tower,8,12,32,48,100,0,1,27,7,35,8,13,59,55,135,62,90,152,287
04/29/2022,SJT,TX,ASW,CE,Federal Contract Tower,8,11,13,22,54,0,0,26,5,31,8,11,39,27,85,36,64,100,185
04/30/2022,SJT,TX,ASW,CE,Federal Contract Tower,6,4,16,14,40,0,1,43,4,48,6,5,59,18,88,46,32,78,166
05/01/2022,SJT,TX,ASW,CE,Federal Contract Tower,8,0,20,3,31,0,0,7,0,7,8,0,27,3,38,8,2,10,48
05/02/2022,SJT,TX,ASW,CE,Federal Contract Tower,9,8,25,29,71,0,10,19,5,34,9,18,44,34,105,16,80,96,201
05/03/2022,SJT,TX,ASW,CE,Federal Contract Tower,6,14,19,41,80,0,4,39,9,52,6,18,58,50,132,56,114,170,302
05/04/2022,SJT,TX,ASW,CE,Federal Contract Tower,7,15,19,20,61,0,0,14,4,18,7,15,33,24,79,24,48,72,151
05/05/2022,SJT,TX,ASW,CE,Federal Contract Tower,12,16,24,16,68,0,4,33,2,39,12,20,57,18,107,42,52,94,201
05/06/2022,SJT,TX,ASW,CE,Federal Contract Tower,8,15,11,3,37,0,6,44,5,55,8,21,55,8,92,28,12,40,132
05/07/2022,SJT,TX,ASW,CE,Federal Contract Tower,8,3,11,0,22,0,1,54,2,57,8,4,65,2,79,68,0,68,147
05/08/2022,SJT,TX,ASW,CE,Federal Contract Tower,8,5,8,9,30,0,0,29,1,30,8,5,37,10,60,22,32,54,114
05/09/2022,SJT,TX,ASW,CE,Federal Contract Tower,8,11,17,45,81,0,5,23,8,36,8,16,40,53,117,18,130,148,265
05/10/2022,SJT,TX,ASW,CE,Federal Contract Tower,7,17,11,23,58,0,0,33,4,37,7,17,44,27,95,100,80,180,275
05/11/2022,SJT,TX,ASW,CE,Federal Contract Tower,8,11,30,36,85,0,6,31,8,45,8,17,61,44,130,46,82,128,258
05/12/2022,SJT,TX,ASW,CE,Federal Contract Tower,7,17,30,30,84,0,4,37,12,53,7,21,67,42,137,46,72,118,255
05/13/2022,SJT,TX,ASW,CE,Federal Contract Tower,8,6,37,6,57,0,2,51,4,57,8,8,88,10,114,32,22,54,168
05/14/2022,SJT,TX,ASW,CE,Federal Contract Tower,8,4,6,2,20,0,4,42,4,50,8,8,48,6,70,54,0,54,124
05/15/2022,SJT,TX,ASW,CE,Federal Contract Tower,8,5,12,8,33,0,0,31,3,34,8,5,43,11,67,24,24,48,115
05/16/2022,SJT,TX,ASW,CE,Federal Contract Tower,8,12,18,18,56,0,2,44,2,48,8,14,62,20,104,94,34,128,232
05/17/2022,SJT,TX,ASW,CE,Federal Contract Tower,9,13,25,28,75,0,13,33,16,62,9,26,58,44,137,50,96,146,283
05/18/2022,SJT,TX,ASW,CE,Federal Contract Tower,6,16,20,15,57,0,2,46,5,53,6,18,66,20,110,45,18,63,173
05/19/2022,SJT,TX,ASW,CE,Federal Contract Tower,7,13,27,11,58,0,2,24,13,39,7,15,51,24,97,32,36,68,165
05/20/2022,SJT,TX,ASW,CE,Federal Contract Tower,8,15,16,19,58,0,2,26,7,35,8,17,42,26,93,60,58,118,211
05/21/2022,SJT,TX,ASW,CE,Federal Contract Tower,8,10,11,2,31,0,0,41,1,42,8,10,52,3,73,98,2,100,173
05/22/2022,SJT,TX,ASW,CE,Federal Contract Tower,10,0,8,4,22,0,2,31,3,36,10,2,39,7,58,48,10,58,116
05/23/2022,SJT,TX,ASW,CE,Federal Contract Tower,7,5,15,7,34,0,2,10,2,14,7,7,25,9,48,44,0,44,92
05/24/2022,SJT,TX,ASW,CE,Federal Contract Tower,3,10,14,16,43,0,3,16,0,19,3,13,30,16,62,60,66,126,188
05/25/2022,SJT,TX,ASW,CE,Federal Contract Tower,9,15,17,9,50,0,4,46,6,56,9,19,63,15,106,88,32,120,226
05/26/2022,SJT,TX,ASW,CE,Federal Contract Tower,6,13,23,2,44,0,2,36,0,38,6,15,59,2,82,45,0,45,127
05/27/2022,SJT,TX,ASW,CE,Federal Contract Tower,8,11,23,2,44,0,5,41,0,46,8,16,64,2,90,68,0,68,158
05/28/2022,SJT,TX,ASW,CE,Federal Contract Tower,7,4,17,1,29,0,0,32,0,32,7,4,49,1,61,22,0,22,83
05/29/2022,SJT,TX,ASW,CE,Federal Contract Tower,8,3,7,0,18,0,2,21,0,23,8,5,28,0,41,38,0,38,79
05/30/2022,SJT,TX,ASW,CE,Federal Contract Tower,8,7,14,0,29,0,0,24,0,24,8,7,38,0,53,34,0,34,87
05/31/2022,SJT,TX,ASW,CE,Federal Contract Tower,8,13,23,5,49,0,7,36,3,46,8,20,59,8,95,64,16,80,175
06/01/2022,SJT,TX,ASW,CE,Federal Contract Tower,8,20,27,16,71,0,1,31,11,43,8,21,58,27,114,96,52,148,262
06/02/2022,SJT,TX,ASW,CE,Federal Contract Tower,10,14,30,24,78,0,1,21,1,23,10,15,51,25,101,64,74,138,239
06/03/2022,SJT,TX,ASW,CE,Federal Contract Tower,7,9,17,9,42,0,1,17,1,19,7,10,34,10,61,28,30,58,119
06/04/2022,SJT,TX,ASW,CE,Federal Contract Tower,6,5,8,4,23,0,3,43,4,50,6,8,51,8,73,58,6,64,137
06/05/2022,SJT,TX,ASW,CE,Federal Contract Tower,5,7,8,2,22,0,0,39,3,42,5,7,47,5,64,10,2,12,76
06/06/2022,SJT,TX,ASW,CE,Federal Contract Tower,6,12,6,11,35,0,6,30,33,69,6,18,36,44,104,34,10,44,148
06/07/2022,SJT,TX,ASW,CE,Federal Contract Tower,6,11,28,11,56,0,8,60,6,74,6,19,88,17,130,96,24,120,250
06/08/2022,SJT,TX,ASW,CE,Federal Contract Tower,8,18,30,35,91,0,3,25,14,42,8,21,55,49,133,56,182,238,371
06/09/2022,SJT,TX,ASW,CE,Federal Contract Tower,5,13,31,13,62,0,6,51,18,75,5,19,82,31,137,82,58,140,277
06/10/2022,SJT,TX,ASW,CE,Federal Contract Tower,7,20,22,23,72,0,0,51,15,66,7,20,73,38,138,60,70,130,268
06/11/2022,SJT,TX,ASW,CE,Federal Contract Tower,5,8,10,0,23,0,2,29,3,34,5,10,39,3,57,34,0,34,91
06/12/2022,SJT,TX,ASW,CE,Federal Contract Tower,6,4,25,9,44,0,0,39,19,58,6,4,64,28,102,18,16,34,136
06/13/2022,SJT,TX,ASW,CE,Federal Contract Tower,8,9,30,14,61,0,7,42,2,51,8,16,72,16,112,94,20,114,226
06/14/2022,SJT,TX,ASW,CE,Federal Contract Tower,6,11,30,5,52,0,2,61,1,64,6,13,91,6,116,98,24,122,238
06/15/2022,SJT,TX,ASW,CE,Federal Contract Tower,6,9,28,14,57,0,7,46,17,70,6,16,74,31,127,36,22,58,185
06/16/2022,SJT,TX,ASW,CE,Federal Contract Tower,6,13,27,3,49,0,5,28,1,34,6,18,55,4,83,52,6,58,141
06/17/2022,SJT,TX,ASW,CE,Federal Contract Tower,6,17,23,10,56,0,7,41,7,55,6,24,64,17,111,52,10,62,173
06/18/2022,SJT,TX,ASW,CE,Federal Contract Tower,6,7,12,14,39,0,1,46,1,48,6,8,58,15,87,28,12,40,127
06/19/2022,SJT,TX,ASW,CE,Federal Contract Tower,6,3,9,0,18,0,0,24,0,24,6,3,33,0,42,38,0,38,80
06/20/2022,SJT,TX,ASW,CE,Federal Contract Tower,6,9,30,9,54,0,4,39,4,47,6,13,69,13,101,112,16,128,229
06/21/2022,SJT,TX,ASW,CE,Federal Contract Tower,6,12,35,24,77,0,2,43,2,47,6,14,78,26,124,76,52,128,252
06/22/2022,SJT,TX,ASW,CE,Federal Contract Tower,6,12,45,25,88,0,3,30,6,39,6,15,75,31,127,54,60,114,241
06/23/2022,SJT,TX,ASW,CE,Federal Contract Tower,6,11,28,13,58,0,2,48,0,50,6,13,76,13,108,88,32,120,228
06/24/2022,SJT,TX,ASW,CE,Federal Contract Tower,7,14,24,15,60,0,1,47,13,61,7,15,71,28,121,72,44,116,237
06/25/2022,SJT,TX,ASW,CE,Federal Contract Tower,6,2,14,9,31,0,2,39,0,41,6,4,53,9,72,60,10,70,142
06/26/2022,SJT,TX,ASW,CE,Federal Contract Tower,6,4,15,2,27,0,0,42,12,54,6,4,57,14,81,106,4,110,191
06/27/2022,SJT,TX,ASW,CE,Federal Contract Tower,6,5,32,20,63,0,7,34,6,47,6,12,66,26,110,34,28,62,172
06/28/2022,SJT,TX,ASW,CE,Federal Contract Tower,6,8,27,33,74,0,1,41,7,49,6,9,68,40,123,78,60,138,261
06/29/2022,SJT,TX,ASW,CE,Federal Contract Tower,5,16,31,37,89,0,6,53,12,71,5,22,84,49,160,66,50,116,276
06/30/2022,SJT,TX,ASW,CE,Federal Contract Tower,6,16,27,22,71,0,3,60,7,70,6,19,87,29,141,124,58,182,323
07/01/2022,SJT,TX,ASW,CE,Federal Contract Tower,6,19,19,2,46,0,1,31,0,32,6,20,50,2,78,40,6,46,124
07/02/2022,SJT,TX,ASW,CE,Federal Contract Tower,6,2,13,2,23,0,1,49,0,50,6,3,62,2,73,62,2,64,137
07/03/2022,SJT,TX,ASW,CE,Federal Contract Tower,5,0,20,0,25,0,0,33,0,33,5,0,53,0,58,40,0,40,98
07/04/2022,SJT,TX,ASW,CE,Federal Contract Tower,6,3,12,0,21,0,0,49,0,49,6,3,61,0,70,56,0,56,126
07/05/2022,SJT,TX,ASW,CE,Federal Contract Tower,6,11,15,15,47,0,3,40,7,50,6,14,55,22,97,66,20,86,183
07/06/2022,SJT,TX,ASW,CE,Federal Contract Tower,6,12,16,37,71,0,3,42,42,87,6,15,58,79,158,84,76,160,318
07/07/2022,SJT,TX,ASW,CE,Federal Contract Tower,7,19,8,36,70,0,2,55,3,60,7,21,63,39,130,96,134,230,360
07/08/2022,SJT,TX,ASW,CE,Federal Contract Tower,7,15,6,9,37,1,3,43,7,54,8,18,49,16,91,58,20,78,169
07/09/2022,SJT,TX,ASW,CE,Federal Contract Tower,6,2,11,6,25,0,3,40,9,52,6,5,51,15,77,24,50,74,151
07/10/2022,SJT,TX,ASW,CE,Federal Contract Tower,6,1,22,8,37,0,2,28,2,32,6,3,50,10,69,60,20,80,149
07/11/2022,SJT,TX,ASW,CE,Federal Contract Tower,7,8,11,28,54,0,5,36,15,56,7,13,47,43,110,30,34,64,174
07/12/2022,SJT,TX,ASW,CE,Federal Contract Tower,6,13,21,17,57,0,4,28,5,37,6,17,49,22,94,34,18,52,146
07/13/2022,SJT,TX,ASW,CE,Federal Contract Tower,6,12,30,21,69,0,4,47,5,56,6,16,77,26,125,58,48,106,231
07/14/2022,SJT,TX,ASW,CE,Federal Contract Tower,5,15,30,24,74,0,3,34,2,39,5,18,64,26,113,36,40,76,189
07/15/2022,SJT,TX,ASW,CE,Federal Contract Tower,6,11,18,43,78,0,5,39,2,46,6,16,57,45,124,40,76,116,240
07/16/2022,SJT,TX,ASW,CE,Federal Contract Tower,6,3,5,0,14,0,1,29,2,32,6,4,34,2,46,28,0,28,74
07/17/2022,SJT,TX,ASW,CE,Federal Contract Tower,6,2,16,24,48,0,1,26,5,32,6,3,42,29,80,48,122,170,250
07/18/2022,SJT,TX,ASW,CE,Federal Contract Tower,6,10,6,33,55,0,5,39,6,50,6,15,45,39,105,42,48,90,195
07/19/2022,SJT,TX,ASW,CE,Federal Contract Tower,6,12,14,23,55,0,12,43,9,64,6,24,57,32,119,86,34,120,239
07/20/2022,SJT,TX,ASW,CE,Federal Contract Tower,4,13,15,25,57,0,24,48,13,85,4,37,63,38,142,80,66,146,288
07/21/2022,SJT,TX,ASW,CE,Federal Contract Tower,6,20,14,32,72,0,2,34,3,39,6,22,48,35,111,46,78,124,235
07/22/2022,SJT,TX,ASW,CE,Federal Contract Tower,6,10,21,46,83,0,3,40,5,48,6,13,61,51,131,36,62,98,229
07/23/2022,SJT,TX,ASW,CE,Federal Contract Tower,5,5,8,0,18,0,1,54,1,56,5,6,62,1,74,52,0,52,126
07/24/2022,SJT,TX,ASW,CE,Federal Contract Tower,6,0,8,13,27,0,0,38,10,48,6,0,46,23,75,8,32,40,115
07/25/2022,SJT,TX,ASW,CE,Federal Contract Tower,6,14,13,32,65,0,0,24,16,40,6,14,37,48,105,30,86,116,221
07/26/2022,SJT,TX,ASW,CE,Federal Contract Tower,6,16,18,42,82,0,3,38,10,51,6,19,56,52,133,52,64,116,249
07/27/2022,SJT,TX,ASW,CE,Federal Contract Tower,6,14,14,49,83,0,2,36,21,59,6,16,50,70,142,22,104,126,268
07/28/2022,SJT,TX,ASW,CE,Federal Contract Tower,6,19,18,13,56,0,7,48,5,60,6,26,66,18,116,48,30,78,194
07/29/2022,SJT,TX,ASW,CE,Federal Contract Tower,6,9,19,23,57,0,1,25,7,33,6,10,44,30,90,32,48,80,170
07/30/2022,SJT,TX,ASW,CE,Federal Contract Tower,6,5,6,14,31,0,1,31,1,33,6,6,37,15,64,12,28,40,104
07/31/2022,SJT,TX,ASW,CE,Federal Contract Tower,6,4,10,0,20,0,0,23,0,23,6,4,33,0,43,16,0,16,59
08/01/2022,SJT,TX,ASW,CE,Federal Contract Tower,6,7,10,25,48,0,1,28,6,35,6,8,38,31,83,30,60,90,173
08/02/2022,SJT,TX,ASW,CE,Federal Contract Tower,7,12,16,27,62,0,1,30,4,35,7,13,46,31,97,4,70,74,171
08/03/2022,SJT,TX,ASW,CE,Federal Contract Tower,6,15,16,19,56,0,0,25,7,32,6,15,41,26,88,12,26,38,126
08/04/2022,SJT,TX,ASW,CE,Federal Contract Tower,7,16,16,13,52,0,4,39,10,53,7,20,55,23,105,36,54,90,195
08/05/2022,SJT,TX,ASW,CE,Federal Contract Tower,6,11,17,21,55,0,1,26,11,38,6,12,43,32,93,12,42,54,147
08/06/2022,SJT,TX,ASW,CE,Federal Contract Tower,6,3,15,5,29,0,1,36,2,39,6,4,51,7,68,22,22,44,112
08/07/2022,SJT,TX,ASW,CE,Federal Contract Tower,6,0,14,22,42,0,0,30,3,33,6,0,44,25,75,16,34,50,125
08/08/2022,SJT,TX,ASW,CE,Federal Contract Tower,6,4,10,22,42,0,1,49,4,54,6,5,59,26,96,44,58,102,198
08/09/2022,SJT,TX,ASW,CE,Federal Contract Tower,5,14,14,38,71,0,2,28,17,47,5,16,42,55,118,38,65,103,221
08/10/2022,SJT,TX,ASW,CE,Federal Contract Tower,6,5,12,18,41,0,4,32,4,40,6,9,44,22,81,78,64,142,223
08/11/2022,SJT,TX,ASW,CE,Federal Contract Tower,6,9,21,15,51,0,8,32,6,46,6,17,53,21,97,38,20,58,155
08/12/2022,SJT,TX,ASW,CE,Federal Contract Tower,6,16,12,53,87,0,5,38,2,45,6,21,50,55,132,38,106,144,276
08/13/2022,SJT,TX,ASW,CE,Federal Contract Tower,6,9,6,2,23,0,5,26,0,31,6,14,32,2,54,56,0,56,110
08/14/2022,SJT,TX,ASW,CE,Federal Contract Tower,6,4,6,0,16,0,5,27,0,32,6,9,33,0,48,26,0,26,74
08/15/2022,SJT,TX,ASW,CE,Federal Contract Tower,6,6,14,12,38,0,6,30,4,40,6,12,44,16,78,22,18,40,118
08/16/2022,SJT,TX,ASW,CE,Federal Contract Tower,6,10,15,21,52,0,4,37,6,47,6,14,52,27,99,56,42,98,197
08/17/2022,SJT,TX,ASW,CE,Federal Contract Tower,91,12,13,39,155,0,6,43,2,51,91,18,56,41,206,60,76,136,342
08/18/2022,SJT,TX,ASW,CE,Federal Contract Tower,6,16,22,12,56,0,1,24,2,27,6,17,46,14,83,42,20,62,145
08/19/2022,SJT,TX,ASW,CE,Federal Contract Tower,6,15,15,7,43,0,3,20,1,24,6,18,35,8,67,16,4,20,87
08/20/2022,SJT,TX,ASW,CE,Federal Contract Tower,9,4,7,1,21,0,1,43,0,44,9,5,50,1,65,38,0,38,103
08/21/2022,SJT,TX,ASW,CE,Federal Contract Tower,5,5,9,8,27,0,0,8,8,16,5,5,17,16,43,2,20,22,65
08/22/2022,SJT,TX,ASW,CE,Federal Contract Tower,4,8,7,4,23,0,2,9,0,11,4,10,16,4,34,20,4,24,58
08/23/2022,SJT,TX,ASW,CE,Federal Contract Tower,6,23,24,31,84,0,20,45,12,77,6,43,69,43,161,80,82,162,323
08/24/2022,SJT,TX,ASW,CE,Federal Contract Tower,5,19,21,43,88,0,6,56,4,66,5,25,77,47,154,124,88,212,366
08/25/2022,SJT,TX,ASW,CE,Federal Contract Tower,6,21,16,92,135,0,20,74,14,108,6,41,90,106,243,98,138,236,479
08/26/2022,SJT,TX,ASW,CE,Federal Contract Tower,6,15,18,41,80,0,7,43,5,55,6,22,61,46,135,34,118,152,287
08/27/2022,SJT,TX,ASW,CE,Federal Contract Tower,6,4,11,1,22,0,1,57,2,60,6,5,68,3,82,60,10,70,152
08/28/2022,SJT,TX,ASW,CE,Federal Contract Tower,8,4,10,22,44,0,1,25,8,34,8,5,35,30,78,8,46,54,132
08/29/2022,SJT,TX,ASW,CE,Federal Contract Tower,6,6,17,39,68,0,3,42,18,63,6,9,59,57,131,44,76,120,251
08/30/2022,SJT,TX,ASW,CE,Federal Contract Tower,6,10,8,13,37,0,0,35,0,35,6,10,43,13,72,48,20,68,140
08/31/2022,SJT,TX,ASW,CE,Federal Contract Tower,5,9,21,4,39,0,0,30,2,32,5,9,51,6,71,62,2,64,135
09/01/2022,SJT,TX,ASW,CE,Federal Contract Tower,4,6,22,0,32,0,0,21,0,21,4,6,43,0,53,20,0,20,73
09/02/2022,SJT,TX,ASW,CE,Federal Contract Tower,6,11,22,0,39,0,0,24,5,29,6,11,46,5,68,50,4,54,122
09/03/2022,SJT,TX,ASW,CE,Federal Contract Tower,5,4,12,0,21,0,2,29,1,32,5,6,41,1,53,24,0,24,77
09/04/2022,SJT,TX,ASW,CE,Federal Contract Tower,4,10,4,3,21,0,0,15,0,15,4,10,19,3,36,38,4,42,78
09/05/2022,SJT,TX,ASW,CE,Federal Contract Tower,7,3,22,0,32,0,37,4,0,41,7,40,26,0,73,40,4,44,117
09/06/2022,SJT,TX,ASW,CE,Federal Contract Tower,7,9,24,52,92,0,7,79,13,99,7,16,103,65,191,124,85,209,400
09/07/2022,SJT,TX,ASW,CE,Federal Contract Tower,6,18,20,43,87,0,7,60,7,74,6,25,80,50,161,124,131,255,416
09/08/2022,SJT,TX,ASW,CE,Federal Contract Tower,6,10,15,4,35,0,3,73,7,83,6,13,88,11,118,214,18,232,350
09/09/2022,SJT,TX,ASW,CE,Federal Contract Tower,6,13,36,11,66,0,10,43,4,57,6,23,79,15,123,52,18,70,193
09/10/2022,SJT,TX,ASW,CE,Federal Contract Tower,6,4,10,2,22,0,5,41,2,48,6,9,51,4,70,38,8,46,116
09/11/2022,SJT,TX,ASW,CE,Federal Contract Tower,6,4,16,9,35,0,0,56,1,57,6,4,72,10,92,96,6,102,194
09/12/2022,SJT,TX,ASW,CE,Federal Contract Tower,6,8,22,18,54,0,2,60,12,74,6,10,82,30,128,68,32,100,228
09/13/2022,SJT,TX,ASW,CE,Federal Contract Tower,8,13,31,54,106,10,4,99,3,116,18,17,130,57,222,218,26,244,466
09/14/2022,SJT,TX,ASW,CE,Federal Contract Tower,6,15,20,19,60,0,4,49,3,56,6,19,69,22,116,100,30,130,246
09/15/2022,SJT,TX,ASW,CE,Federal Contract Tower,6,13,19,25,63,0,0,68,7,75,6,13,87,32,138,136,108,244,382
09/16/2022,SJT,TX,ASW,CE,Federal Contract Tower,8,10,22,20,60,0,2,46,3,51,8,12,68,23,111,54,52,106,217
09/17/2022,SJT,TX,ASW,CE,Federal Contract Tower,6,7,9,7,29,0,0,47,3,50,6,7,56,10,79,72,18,90,169
09/18/2022,SJT,TX,ASW,CE,Federal Contract Tower,6,5,15,8,34,0,0,44,6,50,6,5,59,14,84,80,14,94,178
09/19/2022,SJT,TX,ASW,CE,Federal Contract Tower,6,11,12,38,67,0,3,43,9,55,6,14,55,47,122,80,110,190,312
09/20/2022,SJT,TX,ASW,CE,Federal Contract Tower,6,15,20,19,60,0,3,67,16,86,6,18,87,35,146,142,68,210,356
09/21/2022,SJT,TX,ASW,CE,Federal Contract Tower,6,9,18,24,57,0,2,46,14,62,6,11,64,38,119,48,114,162,281
09/22/2022,SJT,TX,ASW,CE,Federal Contract Tower,6,13,23,36,78,0,1,58,10,69,6,14,81,46,147,148,68,216,363
09/23/2022,SJT,TX,ASW,CE,Federal Contract Tower,6,17,16,22,61,0,4,49,12,65,6,21,65,34,126,58,44,102,228
09/24/2022,SJT,TX,ASW,CE,Federal Contract Tower,8,4,23,0,35,0,4,43,1,48,8,8,66,1,83,104,0,104,187
09/25/2022,SJT,TX,ASW,CE,Federal Contract Tower,6,3,18,10,37,0,0,54,7,61,6,3,72,17,98,62,12,74,172
09/26/2022,SJT,TX,ASW,CE,Federal Contract Tower,6,4,26,39,75,0,4,39,18,61,6,8,65,57,136,48,108,156,292
09/27/2022,SJT,TX,ASW,CE,Federal Contract Tower,8,17,26,23,74,0,2,82,11,95,8,19,108,34,169,152,70,222,391
09/28/2022,SJT,TX,ASW,CE,Federal Contract Tower,6,15,31,28,80,0,7,50,8,65,6,22,81,36,145,120,90,210,355
09/29/2022,SJT,TX,ASW,CE,Federal Contract Tower,6,17,17,41,81,0,7,84,6,97,6,24,101,47,178,104,132,236,414
09/30/2022,SJT,TX,ASW,CE,Federal Contract Tower,6,17,14,26,63,0,6,58,12,76,6,23,72,38,139,102,90,192,331
10/01/2022,SJT,TX,ASW,CE,Federal Contract Tower,7,6,4,2,19,0,1,72,1,74,7,7,76,3,93,56,15,71,164
10/02/2022,SJT,TX,ASW,CE,Federal Contract Tower,5,9,17,3,34,0,0,54,0,54,5,9,71,3,88,54,2,56,144
10/03/2022,SJT,TX,ASW,CE,Federal Contract Tower,6,6,15,31,58,0,0,50,12,62,6,6,65,43,120,110,94,204,324
10/04/2022,SJT,TX,ASW,CE,Federal Contract Tower,6,17,33,30,86,0,14,73,12,99,6,31,106,42,185,144,74,218,403
10/05/2022,SJT,TX,ASW,CE,Federal Contract Tower,6,11,53,47,117,0,6,67,24,97,6,17,120,71,214,176,100,276,490
10/06/2022,SJT,TX,ASW,CE,Federal Contract Tower,6,10,27,38,81,0,2,62,8,72,6,12,89,46,153,86,84,170,323
10/07/2022,SJT,TX,ASW,CE,Federal Contract Tower,8,13,35,58,114,0,4,44,6,54,8,17,79,64,168,64,140,204,372
10/08/2022,SJT,TX,ASW,CE,Federal Contract Tower,4,5,10,0,19,0,0,41,0,41,4,5,51,0,60,6,0,6,66
10/09/2022,SJT,TX,ASW,CE,Federal Contract Tower,6,2,27,0,35,0,0,38,0,38,6,2,65,0,73,36,0,36,109
10/10/2022,SJT,TX,ASW,CE,Federal Contract Tower,4,5,16,0,25,0,1,29,0,30,4,6,45,0,55,20,0,20,75
10/11/2022,SJT,TX,ASW,CE,Federal Contract Tower,4,15,22,32,73,0,3,44,1,48,4,18,66,33,121,110,44,154,275
10/12/2022,SJT,TX,ASW,CE,Federal Contract Tower,3,14,20,27,64,0,3,40,16,59,3,17,60,43,123,78,44,122,245
10/13/2022,SJT,TX,ASW,CE,Federal Contract Tower,6,9,27,28,70,0,3,58,4,65,6,12,85,32,135,58,98,156,291
10/14/2022,SJT,TX,ASW,CE,Federal Contract Tower,6,18,35,45,104,0,1,84,1,86,6,19,119,46,190,144,74,218,408
10/15/2022,SJT,TX,ASW,CE,Federal Contract Tower,4,4,17,0,25,0,0,42,5,47,4,4,59,5,72,70,24,94,166
10/16/2022,SJT,TX,ASW,CE,Federal Contract Tower,6,0,19,0,25,0,0,6,0,6,6,0,25,0,31,14,0,14,45
10/17/2022,SJT,TX,ASW,CE,Federal Contract Tower,4,8,9,10,31,0,1,18,0,19,4,9,27,10,50,68,22,90,140
10/18/2022,SJT,TX,ASW,CE,Federal Contract Tower,4,13,30,30,77,0,3,70,6,79,4,16,100,36,156,192,132,324,480
10/19/2022,SJT,TX,ASW,CE,Federal Contract Tower,4,10,37,58,109,0,3,47,4,54,4,13,84,62,163,66,146,212,375
10/20/2022,SJT,TX,ASW,CE,Federal Contract Tower,6,20,23,36,85,0,10,55,5,70,6,30,78,41,155,70,84,154,309
10/21/2022,SJT,TX,ASW,CE,Federal Contract Tower,6,15,18,18,57,0,3,57,6,66,6,18,75,24,123,60,52,112,235
10/22/2022,SJT,TX,ASW,CE,Federal Contract Tower,4,6,13,0,23,0,0,31,0,31,4,6,44,0,54,30,0,30,84
10/23/2022,SJT,TX,ASW,CE,Federal Contract Tower,6,4,19,14,43,0,0,29,0,29,6,4,48,14,72,2,30,32,104
10/24/2022,SJT,TX,ASW,CE,Federal Contract Tower,4,5,17,3,29,0,2,17,3,22,4,7,34,6,51,46,10,56,107
10/25/2022,SJT,TX,ASW,CE,Federal Contract Tower,4,12,30,28,74,0,8,70,19,97,4,20,100,47,171,150,96,246,417
10/26/2022,SJT,TX,ASW,CE,Federal Contract Tower,3,18,38,23,82,0,4,48,9,61,3,22,86,32,143,60,100,160,303
10/27/2022,SJT,TX,ASW,CE,Federal Contract Tower,6,16,31,19,72,0,4,55,9,68,6,20,86,28,140,94,62,156,296
10/28/2022,SJT,TX,ASW,CE,Federal Contract Tower,11,8,29,10,58,0,0,8,0,8,11,8,37,10,66,12,8,20,86
10/29/2022,SJT,TX,ASW,CE,Federal Contract Tower,3,11,21,10,45,0,2,30,8,40,3,13,51,18,85,44,14,58,143
10/30/2022,SJT,TX,ASW,CE,Federal Contract Tower,6,1,16,11,34,0,0,61,11,72,6,1,77,22,106,64,48,112,218
10/31/2022,SJT,TX,ASW,CE,Federal Contract Tower,3,10,26,44,83,0,5,53,11,69,3,15,79,55,152,131,97,228,380
11/01/2022,SJT,TX,ASW,CE,Federal Contract Tower,4,15,23,28,70,0,0,58,10,68,4,15,81,38,138,56,84,140,278
11/02/2022,SJT,TX,ASW,CE,Federal Contract Tower,4,9,32,39,84,0,1,40,10,51,4,10,72,49,135,70,142,212,347
11/03/2022,SJT,TX,ASW,CE,Federal Contract Tower,4,10,31,18,63,0,3,16,4,23,4,13,47,22,86,28,62,90,176
11/04/2022,SJT,TX,ASW,CE,Federal Contract Tower,2,9,9,58,78,0,0,7,14,21,2,9,16,72,99,2,130,132,231
11/05/2022,SJT,TX,ASW,CE,Federal Contract Tower,2,7,8,1,18,0,0,52,2,54,2,7,60,3,72,88,0,88,160
11/06/2022,SJT,TX,ASW,CE,Federal Contract Tower,6,3,21,8,38,0,0,52,10,62,6,3,73,18,100,28,30,58,158
11/07/2022,SJT,TX,ASW,CE,Federal Contract Tower,4,6,25,10,45,0,2,34,1,37,4,8,59,11,82,48,72,120,202
11/08/2022,SJT,TX,ASW,CE,Federal Contract Tower,5,12,42,40,99,0,3,51,5,59,5,15,93,45,158,52,88,140,298
11/09/2022,SJT,TX,ASW,CE,Federal Contract Tower,6,15,23,55,99,0,8,20,4,32,6,23,43,59,131,42,116,158,289
11/10/2022,SJT,TX,ASW,CE,Federal Contract Tower,4,17,39,52,112,0,3,36,9,48,4,20,75,61,160,76,124,200,360
11/11/2022,SJT,TX,ASW,CE,Federal Contract Tower,4,12,20,2,38,0,0,6,0,6,4,12,26,2,44,8,6,14,58
11/12/2022,SJT,TX,ASW,CE,Federal Contract Tower,4,5,41,0,50,0,2,42,2,46,4,7,83,2,96,52,0,52,148
11/13/2022,SJT,TX,ASW,CE,Federal Contract Tower,4,4,33,0,41,0,0,35,0,35,4,4,68,0,76,72,0,72,148
11/14/2022,SJT,TX,ASW,CE,Federal Contract Tower,4,14,13,0,31,0,1,15,0,16,4,15,28,0,47,38,0,38,85
11/15/2022,SJT,TX,ASW,CE,Federal Contract Tower,3,10,24,42,79,0,3,59,10,72,3,13,83,52,151,72,94,166,317
11/16/2022,SJT,TX,ASW,CE,Federal Contract Tower,4,12,26,42,84,0,0,62,16,78,4,12,88,58,162,68,88,156,318
11/17/2022,SJT,TX,ASW,CE,Federal Contract Tower,4,14,27,42,87,0,4,54,14,72,4,18,81,56,159,78,98,176,335
11/18/2022,SJT,TX,ASW,CE,Federal Contract Tower,4,10,28,34,76,0,1,23,2,26,4,11,51,36,102,22,76,98,200
11/19/2022,SJT,TX,ASW,CE,Federal Contract Tower,4,7,13,0,24,0,0,7,0,7,4,7,20,0,31,20,0,20,51
11/20/2022,SJT,TX,ASW,CE,Federal Contract Tower,4,5,8,2,19,0,5,0,0,5,4,10,8,2,24,6,4,10,34
11/21/2022,SJT,TX,ASW,CE,Federal Contract Tower,4,12,16,26,58,0,1,16,0,17,4,13,32,26,75,54,40,94,169
11/22/2022,SJT,TX,ASW,CE,Federal Contract Tower,4,12,20,9,45,0,1,35,0,36,4,13,55,9,81,46,12,58,139
11/23/2022,SJT,TX,ASW,CE,Federal Contract Tower,4,16,16,6,42,0,0,17,0,17,4,16,33,6,59,2,10,12,71
11/24/2022,SJT,TX,ASW,CE,Federal Contract Tower,5,1,13,0,19,0,0,1,0,1,5,1,14,0,20,0,0,0,20
11/25/2022,SJT,TX,ASW,CE,Federal Contract Tower,6,12,4,0,22,0,0,0,0,0,6,12,4,0,22,2,0,2,24
11/26/2022,SJT,TX,ASW,CE,Federal Contract Tower,4,7,10,0,21,0,0,13,0,13,4,7,23,0,34,10,0,10,44
11/27/2022,SJT,TX,ASW,CE,Federal Contract Tower,5,0,31,0,36,0,0,43,0,43,5,0,74,0,79,50,0,50,129
11/28/2022,SJT,TX,ASW,CE,Federal Contract Tower,4,11,19,56,90,0,5,38,7,50,4,16,57,63,140,80,130,210,350
11/29/2022,SJT,TX,ASW,CE,Federal Contract Tower,4,17,11,41,73,0,6,63,26,95,4,23,74,67,168,102,82,184,352
11/30/2022,SJT,TX,ASW,CE,Federal Contract Tower,4,15,31,40,90,0,8,38,22,68,4,23,69,62,158,54,120,174,332
12/01/2022,SJT,TX,ASW,CE,Federal Contract Tower,6,16,34,40,96,0,3,41,7,51,6,19,75,47,147,132,84,216,363
12/02/2022,SJT,TX,ASW,CE,Federal Contract Tower,5,16,32,21,74,0,1,32,0,33,5,17,64,21,107,74,82,156,263
12/03/2022,SJT,TX,ASW,CE,Federal Contract Tower,5,10,29,16,60,0,0,38,0,38,5,10,67,16,98,46,42,88,186
12/04/2022,SJT,TX,ASW,CE,Federal Contract Tower,4,4,33,13,54,0,0,16,0,16,4,4,49,13,70,52,30,82,152
12/05/2022,SJT,TX,ASW,CE,Federal Contract Tower,4,7,28,22,61,0,7,50,2,59,4,14,78,24,120,118,52,170,290
12/06/2022,SJT,TX,ASW,CE,Federal Contract Tower,4,12,32,34,82,0,0,84,24,108,4,12,116,58,190,96,82,178,368
12/07/2022,SJT,TX,ASW,CE,Federal Contract Tower,4,17,28,11,60,0,2,21,7,30,4,19,49,18,90,36,36,72,162
12/08/2022,SJT,TX,ASW,CE,Federal Contract Tower,5,18,34,10,67,0,0,33,0,33,5,18,67,10,100,62,14,76,176
12/09/2022,SJT,TX,ASW,CE,Federal Contract Tower,5,12,21,11,49,0,2,38,0,40,5,14,59,11,89,102,34,136,225
12/10/2022,SJT,TX,ASW,CE,Federal Contract Tower,3,10,12,0,25,0,0,1,0,1,3,10,13,0,26,0,0,0,26
12/11/2022,SJT,TX,ASW,CE,Federal Contract Tower,3,7,19,10,39,0,0,0,0,0,3,7,19,10,39,0,14,14,53
12/12/2022,SJT,TX,ASW,CE,Federal Contract Tower,4,8,34,31,77,0,0,40,6,46,4,8,74,37,123,78,46,124,247
12/13/2022,SJT,TX,ASW,CE,Federal Contract Tower,4,14,34,32,84,0,3,75,31,109,4,17,109,63,193,90,78,168,361
12/14/2022,SJT,TX,ASW,CE,Federal Contract Tower,4,16,23,6,49,0,7,39,4,50,4,23,62,10,99,22,10,32,131
12/15/2022,SJT,TX,ASW,CE,Federal Contract Tower,5,22,16,42,85,0,4,66,3,73,5,26,82,45,158,158,38,196,354
12/16/2022,SJT,TX,ASW,CE,Federal Contract Tower,5,15,36,44,100,0,2,48,2,52,5,17,84,46,152,94,108,202,354
12/17/2022,SJT,TX,ASW,CE,Federal Contract Tower,4,7,24,0,35,0,0,74,0,74,4,7,98,0,109,112,0,112,221
12/18/2022,SJT,TX,ASW,CE,Federal Contract Tower,4,0,35,12,51,0,0,25,2,27,4,0,60,14,78,34,16,50,128
12/19/2022,SJT,TX,ASW,CE,Federal Contract Tower,4,17,15,39,75,0,0,25,9,34,4,17,40,48,109,36,68,104,213
12/20/2022,SJT,TX,ASW,CE,Federal Contract Tower,4,16,34,30,84,0,2,24,3,29,4,18,58,33,113,38,36,74,187
12/21/2022,SJT,TX,ASW,CE,Federal Contract Tower,4,20,17,39,80,0,1,26,0,27,4,21,43,39,107,54,32,86,193
12/22/2022,SJT,TX,ASW,CE,Federal Contract Tower,4,10,19,0,33,0,1,9,0,10,4,11,28,0,43,6,0,6,49
12/23/2022,SJT,TX,ASW,CE,Federal Contract Tower,4,14,8,0,26,0,0,10,0,10,4,14,18,0,36,10,0,10,46
12/24/2022,SJT,TX,ASW,CE,Federal Contract Tower,3,3,6,0,12,0,0,12,0,12,3,3,18,0,24,10,0,10,34
12/25/2022,SJT,TX,ASW,CE,Federal Contract Tower,2,2,6,0,10,0,0,7,0,7,2,2,13,0,17,8,0,8,25
12/26/2022,SJT,TX,ASW,CE,Federal Contract Tower,4,3,29,0,36,0,0,16,0,16,4,3,45,0,52,16,0,16,68
12/27/2022,SJT,TX,ASW,CE,Federal Contract Tower,4,8,14,2,28,0,1,30,1,32,4,9,44,3,60,22,2,24,84
12/28/2022,SJT,TX,ASW,CE,Federal Contract Tower,4,21,15,0,40,0,4,43,0,47,4,25,58,0,87,50,0,50,137
12/29/2022,SJT,TX,ASW,CE,Federal Contract Tower,4,13,13,0,30,0,1,48,0,49,4,14,61,0,79,60,0,60,139
12/30/2022,SJT,TX,ASW,CE,Federal Contract Tower,4,14,21,0,39,0,0,47,0,47,4,14,68,0,86,104,0,104,190
12/31/2022,SJT,TX,ASW,CE,Federal Contract Tower,3,5,13,0,21,0,2,29,0,31,3,7,42,0,52,16,0,16,68
01/01/2023,SJT,TX,ASW,CE,Federal Contract Tower,2,7,9,0,18,0,0,28,0,28,2,7,37,0,46,30,0,30,76
01/02/2023,SJT,TX,ASW,CE,Federal Contract Tower,5,8,16,0,29,0,0,23,0,23,5,8,39,0,52,16,0,16,68
01/03/2023,SJT,TX,ASW,CE,Federal Contract Tower,3,13,13,0,29,0,5,22,0,27,3,18,35,0,56,26,0,26,82
01/04/2023,SJT,TX,ASW,CE,Federal Contract Tower,4,11,21,8,44,0,5,25,0,30,4,16,46,8,74,26,10,36,110
01/05/2023,SJT,TX,ASW,CE,Federal Contract Tower,4,19,32,39,94,0,3,41,11,55,4,22,73,50,149,52,88,140,289
01/06/2023,SJT,TX,ASW,CE,Federal Contract Tower,4,8,20,29,61,0,2,42,18,62,4,10,62,47,123,46,88,134,257
01/07/2023,SJT,TX,ASW,CE,Federal Contract Tower,4,4,5,5,18,0,0,51,0,51,4,4,56,5,69,126,8,134,203
01/08/2023,SJT,TX,ASW,CE,Federal Contract Tower,4,5,26,13,48,0,3,46,5,54,4,8,72,18,102,30,30,60,162
01/09/2023,SJT,TX,ASW,CE,Federal Contract Tower,4,10,12,49,75,0,10,47,15,72,4,20,59,64,147,44,116,160,307
01/10/2023,SJT,TX,ASW,CE,Federal Contract Tower,4,21,25,42,92,0,7,35,24,66,4,28,60,66,158,52,150,202,360
01/11/2023,SJT,TX,ASW,CE,Federal Contract Tower,4,13,28,19,64,0,9,38,14,61,4,22,66,33,125,78,40,118,243
01/12/2023,SJT,TX,ASW,CE,Federal Contract Tower,4,14,25,54,97,0,3,42,11,56,4,17,67,65,153,68,164,232,385
01/13/2023,SJT,TX,ASW,CE,Federal Contract Tower,4,17,14,20,55,0,6,46,8,60,4,23,60,28,115,68,48,116,231
01/14/2023,SJT,TX,ASW,CE,Federal Contract Tower,3,6,16,0,25,0,0,36,0,36,3,6,52,0,61,16,0,16,77
01/15/2023,SJT,TX,ASW,CE,Federal Contract Tower,3,3,15,0,21,0,0,15,0,15,3,3,30,0,36,18,0,18,54
01/16/2023,SJT,TX,ASW,CE,Federal Contract Tower,4,7,27,1,39,0,1,34,0,35,4,8,61,1,74,93,0,93,167
01/17/2023,SJT,TX,ASW,CE,Federal Contract Tower,4,8,17,34,63,0,3,68,21,92,4,11,85,55,155,52,46,98,253
01/18/2023,SJT,TX,ASW,CE,Federal Contract Tower,4,14,26,33,77,0,0,20,11,31,4,14,46,44,108,26,68,94,202
01/19/2023,SJT,TX,ASW,CE,Federal Contract Tower,4,16,35,32,87,0,0,90,3,93,4,16,125,35,180,110,96,206,386
01/20/2023,SJT,TX,ASW,CE,Federal Contract Tower,4,11,16,29,60,0,2,54,18,74,4,13,70,47,134,58,36,94,228
01/21/2023,SJT,TX,ASW,CE,Federal Contract Tower,4,4,17,2,27,0,0,92,10,102,4,4,109,12,129,122,0,122,251
01/22/2023,SJT,TX,ASW,CE,Federal Contract Tower,4,4,13,31,52,0,0,61,18,79,4,4,74,49,131,76,74,150,281
01/23/2023,SJT,TX,ASW,CE,Federal Contract Tower,4,9,15,37,65,0,1,44,12,57,4,10,59,49,122,38,44,82,204
01/24/2023,SJT,TX,ASW,CE,Federal Contract Tower,6,10,8,5,29,0,4,3,6,13,6,14,11,11,42,4,10,14,56
01/25/2023,SJT,TX,ASW,CE,Federal Contract Tower,6,10,30,34,80,0,2,89,19,110,6,12,119,53,190,106,78,184,374
01/26/2023,SJT,TX,ASW,CE,Federal Contract Tower,5,9,17,23,54,0,1,113,34,148,5,10,130,57,202,134,78,212,414
01/27/2023,SJT,TX,ASW,CE,Federal Contract Tower,8,17,14,32,71,0,1,82,4,87,8,18,96,36,158,74,56,130,288
01/28/2023,SJT,TX,ASW,CE,Federal Contract Tower,4,6,17,18,45,0,0,42,5,47,4,6,59,23,92,30,10,40,132
01/29/2023,SJT,TX,ASW,CE,Federal Contract Tower,4,3,21,31,59,0,0,8,0,8,4,3,29,31,67,6,40,46,113
01/30/2023,SJT,TX,ASW,CE,Federal Contract Tower,0,1,3,0,4,0,0,0,0,0,0,1,3,0,4,0,0,0,4
01/31/2023,SJT,TX,ASW,CE,Federal Contract Tower,0,0,0,0,0,0,0,0,0,0,0,0,0,0,0,0,0,0,0
02/01/2023,SJT,TX,ASW,CE,Federal Contract Tower,0,0,0,0,0,0,0,0,0,0,0,0,0,0,0,0,0,0,0
02/02/2023,SJT,TX,ASW,CE,Federal Contract Tower,5,8,5,1,19,0,0,5,0,5,5,8,10,1,24,10,0,10,34
02/03/2023,SJT,TX,ASW,CE,Federal Contract Tower,5,11,33,68,117,0,1,83,17,101,5,12,116,85,218,120,210,330,548
02/04/2023,SJT,TX,ASW,CE,Federal Contract Tower,7,5,14,0,26,0,0,72,0,72,7,5,86,0,98,110,0,110,208
02/05/2023,SJT,TX,ASW,CE,Federal Contract Tower,6,6,32,13,57,0,1,73,14,88,6,7,105,27,145,128,82,210,355
02/06/2023,SJT,TX,ASW,CE,Federal Contract Tower,6,9,17,35,67,0,4,45,11,60,6,13,62,46,127,72,66,138,265
02/07/2023,SJT,TX,ASW,CE,Federal Contract Tower,5,14,28,28,75,0,0,0,0,0,5,14,28,28,75,10,30,40,115
02/08/2023,SJT,TX,ASW,CE,Federal Contract Tower,4,14,28,36,82,0,1,38,29,68,4,15,66,65,150,30,78,108,258
02/09/2023,SJT,TX,ASW,CE,Federal Contract Tower,6,11,25,15,57,0,8,73,23,104,6,19,98,38,161,108,76,184,345
02/10/2023,SJT,TX,ASW,CE,Federal Contract Tower,6,12,33,8,59,0,4,56,4,64,6,16,89,12,123,76,22,98,221
02/11/2023,SJT,TX,ASW,CE,Federal Contract Tower,6,12,22,19,59,0,1,77,5,83,6,13,99,24,142,92,28,120,262
02/12/2023,SJT,TX,ASW,CE,Federal Contract Tower,6,5,16,2,29,0,0,53,0,53,6,5,69,2,82,40,4,44,126
02/13/2023,SJT,TX,ASW,CE,Federal Contract Tower,6,7,27,34,74,0,4,38,8,50,6,11,65,42,124,50,94,144,268
02/14/2023,SJT,TX,ASW,CE,Federal Contract Tower,5,9,8,9,31,0,2,37,12,51,5,11,45,21,82,56,56,112,194
02/15/2023,SJT,TX,ASW,CE,Federal Contract Tower,5,16,23,20,64,0,6,26,13,45,5,22,49,33,109,46,50,96,205
02/16/2023,SJT,TX,ASW,CE,Federal Contract Tower,6,11,29,51,97,0,12,91,22,125,6,23,120,73,222,110,202,312,534
02/17/2023,SJT,TX,ASW,CE,Federal Contract Tower,6,11,31,26,74,0,2,82,18,102,6,13,113,44,176,134,82,216,392
02/18/2023,SJT,TX,ASW,CE,Federal Contract Tower,5,9,9,2,25,0,0,89,0,89,5,9,98,2,114,114,0,114,228
02/19/2023,SJT,TX,ASW,CE,Federal Contract Tower,6,5,17,5,33,0,1,48,0,49,6,6,65,5,82,50,4,54,136
02/20/2023,SJT,TX,ASW,CE,Federal Contract Tower,6,8,35,2,51,0,1,80,3,84,6,9,115,5,135,112,4,116,251
02/21/2023,SJT,TX,ASW,CE,Federal Contract Tower,6,9,30,33,78,0,4,74,18,96,6,13,104,51,174,94,82,176,350
02/22/2023,SJT,TX,ASW,CE,Federal Contract Tower,6,11,27,20,64,0,4,19,14,37,6,15,46,34,101,34,50,84,185
02/23/2023,SJT,TX,ASW,CE,Federal Contract Tower,6,10,38,58,112,0,4,53,9,66,6,14,91,67,178,82,122,204,382
02/24/2023,SJT,TX,ASW,CE,Federal Contract Tower,6,14,15,41,76,0,7,54,13,74,6,21,69,54,150,170,78,248,398
02/25/2023,SJT,TX,ASW,CE,Federal Contract Tower,6,5,13,2,26,0,1,7,0,8,6,6,20,2,34,6,0,6,40
02/26/2023,SJT,TX,ASW,CE,Federal Contract Tower,8,5,17,20,50,0,4,3,2,9,8,9,20,22,59,2,36,38,97
02/27/2023,SJT,TX,ASW,CE,Federal Contract Tower,7,11,25,33,76,0,6,79,15,100,7,17,104,48,176,118,56,174,350
02/28/2023,SJT,TX,ASW,CE,Federal Contract Tower,5,15,34,38,92,0,7,114,18,139,5,22,148,56,231,170,104,274,505
03/01/2023,SJT,TX,ASW,CE,Federal Contract Tower,7,16,40,38,101,0,6,85,10,101,7,22,125,48,202,144,72,216,418
03/02/2023,SJT,TX,ASW,CE,Federal Contract Tower,4,13,21,27,65,0,1,29,4,34,4,14,50,31,99,52,50,102,201
03/03/2023,SJT,TX,ASW,CE,Federal Contract Tower,5,13,37,28,83,0,2,81,8,91,5,15,118,36,174,98,78,176,350
03/04/2023,SJT,TX,ASW,CE,Federal Contract Tower,6,8,23,17,54,0,4,63,1,68,6,12,86,18,122,50,20,70,192
03/05/2023,SJT,TX,ASW,CE,Federal Contract Tower,6,5,13,2,26,0,1,32,0,33,6,6,45,2,59,32,8,40,99
03/06/2023,SJT,TX,ASW,CE,Federal Contract Tower,6,12,35,41,94,0,5,61,19,85,6,17,96,60,179,178,100,278,457
03/07/2023,SJT,TX,ASW,CE,Federal Contract Tower,4,14,27,52,97,0,1,133,27,161,4,15,160,79,258,270,112,382,640
03/08/2023,SJT,TX,ASW,CE,Federal Contract Tower,4,11,31,14,60,0,1,32,0,33,4,12,63,14,93,76,8,84,177
03/09/2023,SJT,TX,ASW,CE,Federal Contract Tower,11,20,26,3,60,0,3,19,2,24,11,23,45,5,84,78,0,78,162
03/10/2023,SJT,TX,ASW,CE,Federal Contract Tower,6,14,26,29,75,0,2,43,0,45,6,16,69,29,120,92,40,132,252
03/11/2023,SJT,TX,ASW,CE,Federal Contract Tower,6,3,15,0,24,0,0,37,2,39,6,3,52,2,63,22,0,22,85
03/12/2023,SJT,TX,ASW,CE,Federal Contract Tower,6,5,17,10,38,0,0,52,6,58,6,5,69,16,96,60,8,68,164
03/13/2023,SJT,TX,ASW,CE,Federal Contract Tower,6,7,22,26,61,0,2,77,14,93,6,9,99,40,154,108,70,178,332
03/14/2023,SJT,TX,ASW,CE,Federal Contract Tower,5,8,29,39,81,0,4,120,15,139,5,12,149,54,220,200,80,280,500
03/15/2023,SJT,TX,ASW,CE,Federal Contract Tower,5,11,13,7,36,0,2,28,0,30,5,13,41,7,66,16,14,30,96
03/16/2023,SJT,TX,ASW,CE,Federal Contract Tower,7,8,15,50,80,0,3,11,24,38,7,11,26,74,118,10,106,116,234
03/17/2023,SJT,TX,ASW,CE,Federal Contract Tower,6,12,16,33,67,0,3,35,16,54,6,15,51,49,121,94,96,190,311
03/18/2023,SJT,TX,ASW,CE,Federal Contract Tower,5,10,23,2,40,0,3,56,0,59,5,13,79,2,99,92,2,94,193
03/19/2023,SJT,TX,ASW,CE,Federal Contract Tower,6,8,27,8,49,0,2,63,2,67,6,10,90,10,116,132,8,140,256
03/20/2023,SJT,TX,ASW,CE,Federal Contract Tower,6,12,24,15,57,0,0,12,5,17,6,12,36,20,74,8,38,46,120
03/21/2023,SJT,TX,ASW,CE,Federal Contract Tower,5,15,37,29,86,0,2,85,47,134,5,17,122,76,220,108,124,232,452
03/22/2023,SJT,TX,ASW,CE,Federal Contract Tower,5,12,21,35,73,0,8,59,4,71,5,20,80,39,144,98,34,132,276
03/23/2023,SJT,TX,ASW,CE,Federal Contract Tower,6,11,28,17,62,0,3,62,2,67,6,14,90,19,129,206,36,242,371
03/24/2023,SJT,TX,ASW,CE,Federal Contract Tower,7,15,15,29,66,0,1,38,20,59,7,16,53,49,125,44,90,134,259
03/25/2023,SJT,TX,ASW,CE,Federal Contract Tower,6,7,19,5,37,0,5,80,3,88,6,12,99,8,125,128,8,136,261
03/26/2023,SJT,TX,ASW,CE,Federal Contract Tower,6,3,39,0,48,0,44,0,0,44,6,47,39,0,92,99,0,99,191
03/27/2023,SJT,TX,ASW,CE,Federal Contract Tower,6,2,20,19,47,0,0,23,5,28,6,2,43,24,75,32,42,74,149
03/28/2023,SJT,TX,ASW,CE,Federal Contract Tower,5,12,24,30,71,0,2,57,14,73,5,14,81,44,144,120,106,226,370
03/29/2023,SJT,TX,ASW,CE,Federal Contract Tower,5,18,21,8,52,0,6,117,20,143,5,24,138,28,195,276,26,302,497
03/30/2023,SJT,TX,ASW,CE,Federal Contract Tower,6,21,17,24,68,0,8,8,3,19,6,29,25,27,87,0,28,28,115
03/31/2023,SJT,TX,ASW,CE,Federal Contract Tower,6,12,16,30,64,0,6,24,12,42,6,18,40,42,106,26,40,66,172
04/01/2023,SJT,TX,ASW,CE,Federal Contract Tower,6,15,20,0,41,0,2,67,2,71,6,17,87,2,112,98,0,98,210
04/02/2023,SJT,TX,ASW,CE,Federal Contract Tower,6,7,14,12,39,0,0,19,1,20,6,7,33,13,59,44,20,64,123
04/03/2023,SJT,TX,ASW,CE,Federal Contract Tower,6,12,33,19,70,0,3,62,7,72,6,15,95,26,142,188,79,267,409
04/04/2023,SJT,TX,ASW,CE,Federal Contract Tower,4,11,18,22,55,0,8,44,5,57,4,19,62,27,112,144,34,178,290
04/05/2023,SJT,TX,ASW,CE,Federal Contract Tower,4,14,35,46,99,0,5,72,26,103,4,19,107,72,202,80,108,188,390
04/06/2023,SJT,TX,ASW,CE,Federal Contract Tower,4,7,23,17,51,0,9,53,1,63,4,16,76,18,114,110,68,178,292
04/07/2023,SJT,TX,ASW,CE,Federal Contract Tower,4,9,20,11,44,0,0,14,2,16,4,9,34,13,60,26,12,38,98
04/08/2023,SJT,TX,ASW,CE,Federal Contract Tower,2,4,21,10,37,0,4,61,0,65,2,8,82,10,102,80,8,88,190
04/09/2023,SJT,TX,ASW,CE,Federal Contract Tower,5,0,15,0,20,0,0,26,0,26,5,0,41,0,46,24,0,24,70
04/10/2023,SJT,TX,ASW,CE,Federal Contract Tower,5,12,26,44,87,0,0,54,16,70,5,12,80,60,157,136,92,228,385
04/11/2023,SJT,TX,ASW,CE,Federal Contract Tower,4,11,25,42,82,0,5,59,9,73,4,16,84,51,155,80,78,158,313
04/12/2023,SJT,TX,ASW,CE,Federal Contract Tower,4,13,35,24,76,0,2,103,9,114,4,15,138,33,190,134,54,188,378
04/13/2023,SJT,TX,ASW,CE,Federal Contract Tower,4,13,34,8,59,0,4,131,18,153,4,17,165,26,212,202,56,258,470
04/14/2023,SJT,TX,ASW,CE,Federal Contract Tower,10,11,24,32,77,0,4,25,7,36,10,15,49,39,113,52,70,122,235
04/15/2023,SJT,TX,ASW,CE,Federal Contract Tower,4,7,18,5,34,0,1,58,2,61,4,8,76,7,95,60,6,66,161
04/16/2023,SJT,TX,ASW,CE,Federal Contract Tower,4,9,25,0,38,0,1,69,0,70,4,10,94,0,108,54,0,54,162
04/17/2023,SJT,TX,ASW,CE,Federal Contract Tower,4,10,33,26,73,0,4,42,6,52,4,14,75,32,125,72,58,130,255
04/18/2023,SJT,TX,ASW,CE,Federal Contract Tower,6,13,21,29,69,0,2,57,29,88,6,15,78,58,157,64,86,150,307
04/19/2023,SJT,TX,ASW,CE,Federal Contract Tower,4,13,36,34,87,0,9,39,3,51,4,22,75,37,138,102,92,194,332
04/20/2023,SJT,TX,ASW,CE,Federal Contract Tower,5,20,22,31,78,0,17,54,70,141,5,37,76,101,219,58,166,224,443
04/21/2023,SJT,TX,ASW,CE,Federal Contract Tower,4,24,26,46,100,0,2,60,30,92,4,26,86,76,192,90,70,160,352
04/22/2023,SJT,TX,ASW,CE,Federal Contract Tower,4,5,14,0,23,0,2,36,0,38,4,7,50,0,61,22,0,22,83
04/23/2023,SJT,TX,ASW,CE,Federal Contract Tower,4,4,8,8,24,0,0,2,0,2,4,4,10,8,26,0,8,8,34
04/24/2023,SJT,TX,ASW,CE,Federal Contract Tower,4,14,19,22,59,0,2,26,0,28,4,16,45,22,87,88,30,118,205
04/25/2023,SJT,TX,ASW,CE,Federal Contract Tower,4,17,29,18,68,0,0,73,4,77,4,17,102,22,145,152,28,180,325
04/26/2023,SJT,TX,ASW,CE,Federal Contract Tower,2,11,35,41,89,0,0,62,6,68,2,11,97,47,157,120,122,242,399
04/27/2023,SJT,TX,ASW,CE,Federal Contract Tower,4,13,19,4,40,0,0,130,8,138,4,13,149,12,178,181,4,185,363
04/28/2023,SJT,TX,ASW,CE,Federal Contract Tower,4,16,20,2,42,0,1,57,0,58,4,17,77,2,100,90,0,90,190
04/29/2023,SJT,TX,ASW,CE,Federal Contract Tower,4,4,32,2,42,0,3,124,4,131,4,7,156,6,173,94,0,94,267
04/30/2023,SJT,TX,ASW,CE,Federal Contract Tower,5,2,22,11,40,0,0,49,2,51,5,2,71,13,91,56,16,72,163
05/01/2023,SJT,TX,ASW,CE,Federal Contract Tower,4,8,26,6,44,0,4,65,2,71,4,12,91,8,115,114,16,130,245
05/02/2023,SJT,TX,ASW,CE,Federal Contract Tower,6,10,42,40,98,0,0,67,14,81,6,10,109,54,179,148,50,198,377
05/03/2023,SJT,TX,ASW,CE,Federal Contract Tower,4,10,44,30,88,0,0,56,7,63,4,10,100,37,151,100,48,148,299
05/04/2023,SJT,TX,ASW,CE,Federal Contract Tower,4,9,48,10,71,0,1,36,1,38,4,10,84,11,109,74,10,84,193
05/05/2023,SJT,TX,ASW,CE,Federal Contract Tower,4,11,40,26,81,0,2,36,13,51,4,13,76,39,132,100,32,132,264
05/06/2023,SJT,TX,ASW,CE,Federal Contract Tower,6,4,10,2,22,0,0,24,2,26,6,4,34,4,48,116,0,116,164
05/07/2023,SJT,TX,ASW,CE,Federal Contract Tower,3,4,20,12,39,0,0,15,0,15,3,4,35,12,54,36,22,58,112
05/08/2023,SJT,TX,ASW,CE,Federal Contract Tower,3,11,20,29,63,0,2,41,12,55,3,13,61,41,118,104,70,174,292
05/09/2023,SJT,TX,ASW,CE,Federal Contract Tower,4,11,24,32,71,0,1,56,16,73,4,12,80,48,144,106,66,172,316
05/10/2023,SJT,TX,ASW,CE,Federal Contract Tower,4,17,49,41,111,0,2,39,10,51,4,19,88,51,162,144,46,190,352
05/11/2023,SJT,TX,ASW,CE,Federal Contract Tower,4,18,45,32,99,0,1,52,11,64,4,19,97,43,163,124,74,198,361
05/12/2023,SJT,TX,ASW,CE,Federal Contract Tower,4,10,37,13,64,0,1,36,2,39,4,11,73,15,103,122,18,140,243
05/13/2023,SJT,TX,ASW,CE,Federal Contract Tower,4,6,14,0,24,0,0,14,0,14,4,6,28,0,38,22,0,22,60
05/14/2023,SJT,TX,ASW,CE,Federal Contract Tower,4,6,26,17,53,0,2,22,2,26,4,8,48,19,79,78,28,106,185
05/15/2023,SJT,TX,ASW,CE,Federal Contract Tower,3,8,33,3,47,0,0,69,3,72,3,8,102,6,119,122,14,136,255
05/16/2023,SJT,TX,ASW,CE,Federal Contract Tower,4,15,32,18,69,0,1,51,11,63,4,16,83,29,132,70,34,104,236
05/17/2023,SJT,TX,ASW,CE,Federal Contract Tower,4,11,24,31,70,0,1,64,15,80,4,12,88,46,150,70,72,142,292
05/18/2023,SJT,TX,ASW,CE,Federal Contract Tower,4,10,35,8,57,0,1,60,5,66,4,11,95,13,123,94,22,116,239
05/19/2023,SJT,TX,ASW,CE,Federal Contract Tower,8,5,20,7,40,0,0,54,4,58,8,5,74,11,98,110,40,150,248
05/20/2023,SJT,TX,ASW,CE,Federal Contract Tower,4,4,14,1,23,0,0,18,0,18,4,4,32,1,41,4,2,6,47
05/21/2023,SJT,TX,ASW,CE,Federal Contract Tower,4,6,7,4,21,0,0,19,0,19,4,6,26,4,40,98,4,102,142
05/22/2023,SJT,TX,ASW,CE,Federal Contract Tower,4,10,8,1,23,0,0,37,0,37,4,10,45,1,60,58,10,68,128
05/23/2023,SJT,TX,ASW,CE,Federal Contract Tower,4,9,24,2,39,0,3,63,2,68,4,12,87,4,107,80,0,80,187
05/24/2023,SJT,TX,ASW,CE,Federal Contract Tower,4,17,25,24,70,0,0,29,8,37,4,17,54,32,107,48,74,122,229
05/25/2023,SJT,TX,ASW,CE,Federal Contract Tower,3,14,26,2,45,0,5,31,0,36,3,19,57,2,81,56,4,60,141
05/26/2023,SJT,TX,ASW,CE,Federal Contract Tower,4,12,30,0,46,0,3,24,0,27,4,15,54,0,73,45,0,45,118
05/27/2023,SJT,TX,ASW,CE,Federal Contract Tower,5,4,20,0,29,0,1,35,12,48,5,5,55,12,77,31,0,31,108
05/28/2023,SJT,TX,ASW,CE,Federal Contract Tower,4,4,13,0,21,0,0,14,6,20,4,4,27,6,41,26,0,26,67
05/29/2023,SJT,TX,ASW,CE,Federal Contract Tower,4,3,13,1,21,0,0,31,13,44,4,3,44,14,65,100,0,100,165
05/30/2023,SJT,TX,ASW,CE,Federal Contract Tower,4,8,30,14,56,0,1,45,9,55,4,9,75,23,111,78,52,130,241
05/31/2023,SJT,TX,ASW,CE,Federal Contract Tower,4,13,20,20,57,0,2,37,6,45,4,15,57,26,102,44,78,122,224
06/01/2023,SJT,TX,ASW,CE,Federal Contract Tower,3,12,24,21,60,0,0,45,10,55,3,12,69,31,115,102,48,150,265
06/02/2023,SJT,TX,ASW,CE,Federal Contract Tower,3,10,18,17,48,0,1,50,5,56,3,11,68,22,104,100,52,152,256
06/03/2023,SJT,TX,ASW,CE,Federal Contract Tower,4,7,20,0,31,0,0,28,2,30,4,7,48,2,61,20,0,20,81
06/04/2023,SJT,TX,ASW,CE,Federal Contract Tower,4,0,9,6,19,0,0,32,0,32,4,0,41,6,51,38,4,42,93
06/05/2023,SJT,TX,ASW,CE,Federal Contract Tower,6,9,24,30,69,0,0,28,4,32,6,9,52,34,101,64,104,168,269
06/06/2023,SJT,TX,ASW,CE,Federal Contract Tower,2,10,28,27,67,1,1,79,14,95,3,11,107,41,162,132,88,220,382
06/07/2023,SJT,TX,ASW,CE,Federal Contract Tower,4,15,16,19,54,0,5,44,11,60,4,20,60,30,114,54,58,112,226
06/08/2023,SJT,TX,ASW,CE,Federal Contract Tower,4,11,18,14,47,0,6,61,7,74,4,17,79,21,121,114,64,178,299
06/09/2023,SJT,TX,ASW,CE,Federal Contract Tower,6,10,18,24,58,0,1,58,13,72,6,11,76,37,130,78,40,118,248
06/10/2023,SJT,TX,ASW,CE,Federal Contract Tower,3,4,11,0,18,0,2,41,0,43,3,6,52,0,61,46,0,46,107
06/11/2023,SJT,TX,ASW,CE,Federal Contract Tower,5,2,16,8,31,0,0,41,3,44,5,2,57,11,75,62,12,74,149
06/12/2023,SJT,TX,ASW,CE,Federal Contract Tower,5,13,21,21,60,1,0,33,3,37,6,13,54,24,97,70,46,116,213
06/13/2023,SJT,TX,ASW,CE,Federal Contract Tower,4,13,33,24,74,0,0,41,5,46,4,13,74,29,120,80,40,120,240
06/14/2023,SJT,TX,ASW,CE,Federal Contract Tower,4,13,28,26,71,0,6,48,6,60,4,19,76,32,131,90,58,148,279
06/15/2023,SJT,TX,ASW,CE,Federal Contract Tower,4,6,23,3,36,0,1,53,7,61,4,7,76,10,97,82,4,86,183
06/16/2023,SJT,TX,ASW,CE,Federal Contract Tower,4,16,23,17,60,0,1,47,4,52,4,17,70,21,112,86,16,102,214
06/17/2023,SJT,TX,ASW,CE,Federal Contract Tower,4,3,31,4,42,0,1,49,1,51,4,4,80,5,93,42,0,42,135
06/18/2023,SJT,TX,ASW,CE,Federal Contract Tower,4,6,13,0,23,0,0,23,0,23,4,6,36,0,46,16,0,16,62
06/19/2023,SJT,TX,ASW,CE,Federal Contract Tower,4,9,20,3,36,0,32,0,0,32,4,41,20,3,68,40,6,46,114
06/20/2023,SJT,TX,ASW,CE,Federal Contract Tower,4,8,28,12,52,0,0,52,2,54,4,8,80,14,106,108,22,130,236
06/21/2023,SJT,TX,ASW,CE,Federal Contract Tower,4,12,30,10,56,0,3,46,8,57,4,15,76,18,113,66,14,80,193
06/22/2023,SJT,TX,ASW,CE,Federal Contract Tower,4,15,31,16,66,0,2,42,10,54,4,17,73,26,120,68,34,102,222
06/23/2023,SJT,TX,ASW,CE,Federal Contract Tower,6,10,23,12,51,0,4,41,5,50,6,14,64,17,101,80,32,112,213
06/24/2023,SJT,TX,ASW,CE,Federal Contract Tower,4,5,12,0,21,0,1,35,0,36,4,6,47,0,57,18,0,18,75
06/25/2023,SJT,TX,ASW,CE,Federal Contract Tower,4,0,14,8,26,0,2,40,5,47,4,2,54,13,73,58,12,70,143
06/26/2023,SJT,TX,ASW,CE,Federal Contract Tower,4,12,18,30,64,0,8,45,5,58,4,20,63,35,122,66,46,112,234
06/27/2023,SJT,TX,ASW,CE,Federal Contract Tower,5,10,19,14,48,0,1,99,19,119,5,11,118,33,167,142,38,180,347
06/28/2023,SJT,TX,ASW,CE,Federal Contract Tower,4,9,26,2,41,0,2,42,4,48,4,11,68,6,89,40,0,40,129
06/29/2023,SJT,TX,ASW,CE,Federal Contract Tower,8,10,25,5,48,0,2,39,3,44,8,12,64,8,92,44,10,54,146
06/30/2023,SJT,TX,ASW,CE,Federal Contract Tower,4,14,23,7,48,0,1,33,12,46,4,15,56,19,94,20,12,32,126
07/01/2023,SJT,TX,ASW,CE,Federal Contract Tower,4,3,8,0,15,0,0,53,0,53,4,3,61,0,68,58,0,58,126
07/02/2023,SJT,TX,ASW,CE,Federal Contract Tower,4,2,15,0,21,0,0,45,10,55,4,2,60,10,76,68,0,68,144
07/03/2023,SJT,TX,ASW,CE,Federal Contract Tower,4,13,17,0,34,0,3,55,2,60,4,16,72,2,94,120,0,120,214
07/04/2023,SJT,TX,ASW,CE,Federal Contract Tower,3,0,22,0,25,0,0,52,0,52,3,0,74,0,77,102,0,102,179
07/05/2023,SJT,TX,ASW,CE,Federal Contract Tower,6,9,25,32,72,0,0,50,10,60,6,9,75,42,132,78,52,130,262
07/06/2023,SJT,TX,ASW,CE,Federal Contract Tower,4,10,39,45,98,0,1,56,19,76,4,11,95,64,174,120,60,180,354
07/07/2023,SJT,TX,ASW,CE,Federal Contract Tower,4,10,30,38,82,0,2,39,7,48,4,12,69,45,130,88,46,134,264
07/08/2023,SJT,TX,ASW,CE,Federal Contract Tower,4,3,12,1,20,0,1,47,1,49,4,4,59,2,69,46,0,46,115
07/09/2023,SJT,TX,ASW,CE,Federal Contract Tower,6,4,16,34,60,0,4,37,13,54,6,8,53,47,114,76,68,144,258
07/10/2023,SJT,TX,ASW,CE,Federal Contract Tower,4,8,20,25,57,0,1,34,13,48,4,9,54,38,105,56,60,116,221
07/11/2023,SJT,TX,ASW,CE,Federal Contract Tower,4,11,42,16,73,0,0,52,9,61,4,11,94,25,134,100,24,124,258
07/12/2023,SJT,TX,ASW,CE,Federal Contract Tower,4,11,34,12,61,0,0,33,11,44,4,11,67,23,105,92,12,104,209
07/13/2023,SJT,TX,ASW,CE,Federal Contract Tower,4,11,32,8,55,0,0,57,2,59,4,11,89,10,114,120,4,124,238
07/14/2023,SJT,TX,ASW,CE,Federal Contract Tower,4,9,26,17,56,0,0,34,7,41,4,9,60,24,97,56,32,88,185
07/15/2023,SJT,TX,ASW,CE,Federal Contract Tower,4,3,10,0,17,0,1,39,0,40,4,4,49,0,57,20,0,20,77
07/16/2023,SJT,TX,ASW,CE,Federal Contract Tower,2,4,13,5,24,0,0,37,0,37,2,4,50,5,61,40,6,46,107
07/17/2023,SJT,TX,ASW,CE,Federal Contract Tower,4,5,30,19,58,0,0,55,19,74,4,5,85,38,132,90,70,160,292
07/18/2023,SJT,TX,ASW,CE,Federal Contract Tower,4,10,34,27,75,0,0,46,22,68,4,10,80,49,143,92,86,178,321
07/19/2023,SJT,TX,ASW,CE,Federal Contract Tower,4,11,32,31,78,0,0,53,17,70,4,11,85,48,148,112,44,156,304
07/20/2023,SJT,TX,ASW,CE,Federal Contract Tower,4,12,31,28,75,0,0,74,26,100,4,12,105,54,175,98,78,176,351
07/21/2023,SJT,TX,ASW,CE,Federal Contract Tower,4,12,24,22,62,0,0,66,13,79,4,12,90,35,141,62,68,130,271
07/22/2023,SJT,TX,ASW,CE,Federal Contract Tower,4,2,9,0,15,0,2,55,0,57,4,4,64,0,72,32,0,32,104
07/23/2023,SJT,TX,ASW,CE,Federal Contract Tower,4,3,24,9,40,0,0,36,2,38,4,3,60,11,78,34,22,56,134
07/24/2023,SJT,TX,ASW,CE,Federal Contract Tower,4,5,18,9,36,0,0,52,9,61,4,5,70,18,97,58,28,86,183
07/25/2023,SJT,TX,ASW,CE,Federal Contract Tower,4,8,30,17,59,0,0,63,17,80,4,8,93,34,139,105,16,121,260
07/26/2023,SJT,TX,ASW,CE,Federal Contract Tower,4,9,26,9,48,0,0,70,6,76,4,9,96,15,124,122,10,132,256
07/27/2023,SJT,TX,ASW,CE,Federal Contract Tower,4,9,25,26,64,0,0,63,10,73,4,9,88,36,137,62,50,112,249
07/28/2023,SJT,TX,ASW,CE,Federal Contract Tower,4,8,29,9,50,0,0,67,26,93,4,8,96,35,143,128,24,152,295
07/29/2023,SJT,TX,ASW,CE,Federal Contract Tower,4,4,18,0,26,0,0,50,10,60,4,4,68,10,86,112,0,112,198
07/30/2023,SJT,TX,ASW,CE,Federal Contract Tower,6,2,17,0,25,0,0,39,6,45,6,2,56,6,70,96,12,108,178
07/31/2023,SJT,TX,ASW,CE,Federal Contract Tower,4,8,46,4,62,0,0,71,10,81,4,8,117,14,143,142,18,160,303
08/01/2023,SJT,TX,ASW,CE,Federal Contract Tower,4,11,41,13,69,0,0,52,21,73,4,11,93,34,142,78,35,113,255
08/02/2023,SJT,TX,ASW,CE,Federal Contract Tower,6,14,30,12,62,0,1,67,13,81,6,15,97,25,143,124,46,170,313
08/03/2023,SJT,TX,ASW,CE,Federal Contract Tower,4,9,36,11,60,0,0,51,6,57,4,9,87,17,117,136,20,156,273
08/04/2023,SJT,TX,ASW,CE,Federal Contract Tower,4,9,15,22,50,0,0,55,5,60,4,9,70,27,110,58,28,86,196
08/05/2023,SJT,TX,ASW,CE,Federal Contract Tower,4,4,14,0,22,0,1,45,0,46,4,5,59,0,68,36,0,36,104
08/06/2023,SJT,TX,ASW,CE,Federal Contract Tower,4,3,17,0,24,0,0,28,0,28,4,3,45,0,52,50,0,50,102
08/07/2023,SJT,TX,ASW,CE,Federal Contract Tower,4,4,21,17,46,0,0,45,4,49,4,4,66,21,95,46,22,68,163
08/08/2023,SJT,TX,ASW,CE,Federal Contract Tower,4,8,15,29,56,0,0,42,16,58,4,8,57,45,114,76,36,112,226
08/09/2023,SJT,TX,ASW,CE,Federal Contract Tower,4,8,21,17,50,0,0,27,10,37,4,8,48,27,87,38,54,92,179
08/10/2023,SJT,TX,ASW,CE,Federal Contract Tower,5,11,26,8,50,0,0,35,2,37,5,11,61,10,87,74,16,90,177
08/11/2023,SJT,TX,ASW,CE,Federal Contract Tower,4,10,27,21,62,0,0,50,1,51,4,10,77,22,113,78,30,108,221
08/12/2023,SJT,TX,ASW,CE,Federal Contract Tower,4,5,7,0,16,0,0,52,0,52,4,5,59,0,68,40,0,40,108
08/13/2023,SJT,TX,ASW,CE,Federal Contract Tower,4,5,26,0,35,0,0,46,0,46,4,5,72,0,81,86,0,86,167
08/14/2023,SJT,TX,ASW,CE,Federal Contract Tower,4,9,16,8,37,0,0,49,5,54,4,9,65,13,91,52,14,66,157
08/15/2023,SJT,TX,ASW,CE,Federal Contract Tower,4,9,20,3,36,0,0,71,6,77,4,9,91,9,113,178,12,190,303
08/16/2023,SJT,TX,ASW,CE,Federal Contract Tower,4,7,26,16,53,0,0,82,1,83,4,7,108,17,136,112,16,128,264
08/17/2023,SJT,TX,ASW,CE,Federal Contract Tower,4,3,22,9,38,0,2,68,9,79,4,5,90,18,117,102,32,134,251
08/18/2023,SJT,TX,ASW,CE,Federal Contract Tower,4,11,24,14,53,0,0,42,7,49,4,11,66,21,102,28,22,50,152
08/19/2023,SJT,TX,ASW,CE,Federal Contract Tower,4,3,21,3,31,0,2,27,0,29,4,5,48,3,60,18,0,18,78
08/20/2023,SJT,TX,ASW,CE,Federal Contract Tower,4,4,8,13,29,0,0,16,10,26,4,4,24,23,55,20,20,40,95
08/21/2023,SJT,TX,ASW,CE,Federal Contract Tower,4,2,14,24,44,0,0,54,11,65,4,2,68,35,109,10,38,48,157
08/22/2023,SJT,TX,ASW,CE,Federal Contract Tower,4,5,23,16,48,0,0,83,5,88,4,5,106,21,136,116,44,160,296
08/23/2023,SJT,TX,ASW,CE,Federal Contract Tower,4,8,18,37,67,0,0,63,6,69,4,8,81,43,136,90,80,170,306
08/24/2023,SJT,TX,ASW,CE,Federal Contract Tower,4,6,25,23,58,0,0,85,10,95,4,6,110,33,153,150,42,192,345
08/25/2023,SJT,TX,ASW,CE,Federal Contract Tower,5,9,11,29,54,1,0,47,15,63,6,9,58,44,117,32,54,86,203
08/26/2023,SJT,TX,ASW,CE,Federal Contract Tower,4,3,7,7,21,0,0,52,1,53,4,3,59,8,74,20,14,34,108
08/27/2023,SJT,TX,ASW,CE,Federal Contract Tower,4,1,4,24,33,0,0,42,8,50,4,1,46,32,83,8,58,66,149
08/28/2023,SJT,TX,ASW,CE,Federal Contract Tower,4,5,18,8,35,0,0,30,2,32,4,5,48,10,67,42,18,60,127
08/29/2023,SJT,TX,ASW,CE,Federal Contract Tower,4,5,18,10,37,0,0,55,14,69,4,5,73,24,106,114,38,152,258
08/30/2023,SJT,TX,ASW,CE,Federal Contract Tower,8,11,27,9,55,0,0,57,0,57,8,11,84,9,112,64,8,72,184
08/31/2023,SJT,TX,ASW,CE,Federal Contract Tower,3,10,20,11,44,0,0,66,20,86,3,10,86,31,130,84,46,130,260
