01/01/2000,SJU,PR,ASO,ES,Combined TRACON& Tower with Radar,241,126,22,0,389,2,79,34,0,115,243,205,56,0,504,0,0,0,504
01/02/2000,SJU,PR,ASO,ES,Combined TRACON& Tower with Radar,306,270,59,0,635,2,130,80,0,212,308,400,139,0,847,8,0,8,855
01/03/2000,SJU,PR,ASO,ES,Combined TRACON& Tower with Radar,289,181,34,1,505,2,138,87,0,227,291,319,121,1,732,2,1,3,735
01/04/2000,SJU,PR,ASO,ES,Combined TRACON& Tower with Radar,325,265,51,1,642,2,193,120,2,317,327,458,171,3,959,6,0,6,965
01/05/2000,SJU,PR,ASO,ES,Combined TRACON& Tower with Radar,380,208,37,6,631,2,117,85,1,205,382,325,122,7,836,28,4,32,868
01/06/2000,SJU,PR,ASO,ES,Combined TRACON& Tower with Radar,335,157,25,3,520,2,74,42,0,118,337,231,67,3,638,7,0,7,645
01/07/2000,SJU,PR,ASO,ES,Combined TRACON& Tower with Radar,302,185,27,4,518,0,71,72,1,144,302,256,99,5,662,10,4,14,676
01/08/2000,SJU,PR,ASO,ES,Combined TRACON& Tower with Radar,368,173,20,5,566,2,84,63,1,150,370,257,83,6,716,24,0,24,740
01/09/2000,SJU,PR,ASO,ES,Combined TRACON& Tower with Radar,375,169,21,1,566,2,102,58,0,162,377,271,79,1,728,14,0,14,742
01/10/2000,SJU,PR,ASO,ES,Combined TRACON& Tower with Radar,308,243,38,4,593,2,99,75,0,176,310,342,113,4,769,8,0,8,777
01/11/2000,SJU,PR,ASO,ES,Combined TRACON& Tower with Radar,279,182,34,5,500,2,115,72,4,193,281,297,106,9,693,6,0,6,699
01/12/2000,SJU,PR,ASO,ES,Combined TRACON& Tower with Radar,322,165,30,6,523,2,103,85,1,191,324,268,115,7,714,24,0,24,738
01/13/2000,SJU,PR,ASO,ES,Combined TRACON& Tower with Radar,390,166,22,8,586,2,89,45,0,136,392,255,67,8,722,20,0,20,742
01/14/2000,SJU,PR,ASO,ES,Combined TRACON& Tower with Radar,283,195,26,3,507,2,105,42,2,151,285,300,68,5,658,22,0,22,680
01/15/2000,SJU,PR,ASO,ES,Combined TRACON& Tower with Radar,351,212,33,5,601,0,121,42,4,167,351,333,75,9,768,41,0,41,809
01/16/2000,SJU,PR,ASO,ES,Combined TRACON& Tower with Radar,308,190,29,4,531,0,62,46,1,109,308,252,75,5,640,16,0,16,656
01/17/2000,SJU,PR,ASO,ES,Combined TRACON& Tower with Radar,320,211,34,1,566,2,94,66,1,163,322,305,100,2,729,26,0,26,755
01/18/2000,SJU,PR,ASO,ES,Combined TRACON& Tower with Radar,371,229,60,11,671,2,66,4,0,72,373,295,64,11,743,22,0,22,765
01/19/2000,SJU,PR,ASO,ES,Combined TRACON& Tower with Radar,340,179,24,7,550,2,118,81,0,201,342,297,105,7,751,16,0,16,767
01/20/2000,SJU,PR,ASO,ES,Combined TRACON& Tower with Radar,420,157,25,4,606,2,105,61,1,169,422,262,86,5,775,38,0,38,813
01/21/2000,SJU,PR,ASO,ES,Combined TRACON& Tower with Radar,328,207,29,6,570,1,116,45,4,166,329,323,74,10,736,40,0,40,776
01/22/2000,SJU,PR,ASO,ES,Combined TRACON& Tower with Radar,321,209,32,5,567,0,130,93,5,228,321,339,125,10,795,18,4,22,817
01/23/2000,SJU,PR,ASO,ES,Combined TRACON& Tower with Radar,298,164,36,6,504,1,87,72,1,161,299,251,108,7,665,2,2,4,669
01/24/2000,SJU,PR,ASO,ES,Combined TRACON& Tower with Radar,286,227,30,3,546,1,97,73,0,171,287,324,103,3,717,4,0,4,721
01/25/2000,SJU,PR,ASO,ES,Combined TRACON& Tower with Radar,304,154,30,5,493,1,90,56,3,150,305,244,86,8,643,30,0,30,673
01/26/2000,SJU,PR,ASO,ES,Combined TRACON& Tower with Radar,357,210,33,5,605,16,69,67,13,165,373,279,100,18,770,28,12,40,810
01/27/2000,SJU,PR,ASO,ES,Combined TRACON& Tower with Radar,336,218,30,10,594,1,105,49,0,155,337,323,79,10,749,30,0,30,779
01/28/2000,SJU,PR,ASO,ES,Combined TRACON& Tower with Radar,288,202,19,7,516,1,70,51,4,126,289,272,70,11,642,2,2,4,646
01/29/2000,SJU,PR,ASO,ES,Combined TRACON& Tower with Radar,335,186,12,9,542,1,105,66,0,172,336,291,78,9,714,2,0,2,716
01/30/2000,SJU,PR,ASO,ES,Combined TRACON& Tower with Radar,332,205,22,2,561,1,66,25,3,95,333,271,47,5,656,0,8,8,664
01/31/2000,SJU,PR,ASO,ES,Combined TRACON& Tower with Radar,309,167,15,3,494,1,69,69,0,139,310,236,84,3,633,30,4,34,667
02/01/2000,SJU,PR,ASO,ES,Combined TRACON& Tower with Radar,262,167,30,4,463,0,81,43,2,126,262,248,73,6,589,28,0,28,617
02/02/2000,SJU,PR,ASO,ES,Combined TRACON& Tower with Radar,318,171,17,5,511,0,92,66,5,163,318,263,83,10,674,48,0,48,722
02/03/2000,SJU,PR,ASO,ES,Combined TRACON& Tower with Radar,346,207,29,1,583,0,93,51,18,162,346,300,80,19,745,16,0,16,761
02/04/2000,SJU,PR,ASO,ES,Combined TRACON& Tower with Radar,344,267,23,9,643,0,2,4,1,7,344,269,27,10,650,24,0,24,674
02/05/2000,SJU,PR,ASO,ES,Combined TRACON& Tower with Radar,351,160,28,5,544,0,75,62,1,138,351,235,90,6,682,14,0,14,696
02/06/2000,SJU,PR,ASO,ES,Combined TRACON& Tower with Radar,295,188,27,6,516,0,58,50,2,110,295,246,77,8,626,16,0,16,642
02/07/2000,SJU,PR,ASO,ES,Combined TRACON& Tower with Radar,247,169,19,4,439,48,77,58,4,187,295,246,77,8,626,16,0,16,642
02/08/2000,SJU,PR,ASO,ES,Combined TRACON& Tower with Radar,289,199,22,5,515,44,48,54,10,156,333,247,76,15,671,16,0,16,687
02/09/2000,SJU,PR,ASO,ES,Combined TRACON& Tower with Radar,320,225,44,22,611,0,78,88,7,173,320,303,132,29,784,24,0,24,808
02/10/2000,SJU,PR,ASO,ES,Combined TRACON& Tower with Radar,346,242,29,6,623,0,142,78,0,220,346,384,107,6,843,34,0,34,877
02/11/2000,SJU,PR,ASO,ES,Combined TRACON& Tower with Radar,351,256,31,6,644,0,150,74,1,225,351,406,105,7,869,30,0,30,899
02/12/2000,SJU,PR,ASO,ES,Combined TRACON& Tower with Radar,296,227,25,4,552,1,88,79,1,169,297,315,104,5,721,0,0,0,721
02/13/2000,SJU,PR,ASO,ES,Combined TRACON& Tower with Radar,306,266,83,5,660,0,0,2,1,3,306,266,85,6,663,8,0,8,671
02/14/2000,SJU,PR,ASO,ES,Combined TRACON& Tower with Radar,314,242,31,8,595,0,106,66,3,175,314,348,97,11,770,28,4,32,802
02/15/2000,SJU,PR,ASO,ES,Combined TRACON& Tower with Radar,382,182,34,8,606,1,95,59,8,163,383,277,93,16,769,38,0,38,807
02/16/2000,SJU,PR,ASO,ES,Combined TRACON& Tower with Radar,305,211,25,5,546,25,102,87,11,225,330,313,112,16,771,26,0,26,797
02/17/2000,SJU,PR,ASO,ES,Combined TRACON& Tower with Radar,404,280,34,7,725,15,78,72,13,178,419,358,106,20,903,22,0,22,925
02/18/2000,SJU,PR,ASO,ES,Combined TRACON& Tower with Radar,388,352,45,12,797,0,5,86,0,91,388,357,131,12,888,6,0,6,894
02/19/2000,SJU,PR,ASO,ES,Combined TRACON& Tower with Radar,343,240,29,6,618,0,116,83,0,199,343,356,112,6,817,6,0,6,823
02/20/2000,SJU,PR,ASO,ES,Combined TRACON& Tower with Radar,305,203,19,0,527,1,84,50,3,138,306,287,69,3,665,4,0,4,669
02/21/2000,SJU,PR,ASO,ES,Combined TRACON& Tower with Radar,299,237,29,4,569,0,178,97,0,275,299,415,126,4,844,8,0,8,852
02/22/2000,SJU,PR,ASO,ES,Combined TRACON& Tower with Radar,240,187,21,4,452,0,79,0,0,79,240,266,21,4,531,4,0,4,535
02/23/2000,SJU,PR,ASO,ES,Combined TRACON& Tower with Radar,327,232,39,4,602,1,104,76,3,184,328,336,115,7,786,32,0,32,818
02/24/2000,SJU,PR,ASO,ES,Combined TRACON& Tower with Radar,345,245,12,7,609,1,106,116,2,225,346,351,128,9,834,48,0,48,882
02/25/2000,SJU,PR,ASO,ES,Combined TRACON& Tower with Radar,307,237,29,6,579,0,197,90,4,291,307,434,119,10,870,34,4,38,908
02/26/2000,SJU,PR,ASO,ES,Combined TRACON& Tower with Radar,315,233,14,4,566,1,97,82,1,181,316,330,96,5,747,2,0,2,749
02/27/2000,SJU,PR,ASO,ES,Combined TRACON& Tower with Radar,54,126,58,0,238,213,199,25,3,440,267,325,83,3,678,26,0,26,704
02/28/2000,SJU,PR,ASO,ES,Combined TRACON& Tower with Radar,287,264,23,3,577,1,108,62,2,173,288,372,85,5,750,4,0,4,754
02/29/2000,SJU,PR,ASO,ES,Combined TRACON& Tower with Radar,329,218,21,1,569,1,111,83,2,197,330,329,104,3,766,22,0,22,788
03/01/2000,SJU,PR,ASO,ES,Combined TRACON& Tower with Radar,310,178,29,6,523,2,113,54,3,172,312,291,83,9,695,12,0,12,707
03/02/2000,SJU,PR,ASO,ES,Combined TRACON& Tower with Radar,323,216,44,2,585,2,70,83,2,157,325,286,127,4,742,12,0,12,754
03/03/2000,SJU,PR,ASO,ES,Combined TRACON& Tower with Radar,306,217,41,6,570,2,84,67,2,155,308,301,108,8,725,54,0,54,779
03/04/2000,SJU,PR,ASO,ES,Combined TRACON& Tower with Radar,258,233,28,11,530,2,89,73,1,165,260,322,101,12,695,10,0,10,705
03/05/2000,SJU,PR,ASO,ES,Combined TRACON& Tower with Radar,271,197,17,0,485,3,63,45,0,111,274,260,62,0,596,0,0,0,596
03/06/2000,SJU,PR,ASO,ES,Combined TRACON& Tower with Radar,284,216,30,6,536,0,100,70,5,175,284,316,100,11,711,18,0,18,729
03/07/2000,SJU,PR,ASO,ES,Combined TRACON& Tower with Radar,282,223,35,9,549,2,93,65,2,162,284,316,100,11,711,18,0,18,729
03/08/2000,SJU,PR,ASO,ES,Combined TRACON& Tower with Radar,365,202,34,9,610,2,99,53,1,155,367,301,87,10,765,34,0,34,799
03/09/2000,SJU,PR,ASO,ES,Combined TRACON& Tower with Radar,271,192,34,8,505,2,115,67,6,190,273,307,101,14,695,40,0,40,735
03/10/2000,SJU,PR,ASO,ES,Combined TRACON& Tower with Radar,351,247,35,4,637,0,151,59,0,210,351,398,94,4,847,28,0,28,875
03/11/2000,SJU,PR,ASO,ES,Combined TRACON& Tower with Radar,312,258,39,7,616,2,134,94,2,232,314,392,133,9,848,12,0,12,860
03/12/2000,SJU,PR,ASO,ES,Combined TRACON& Tower with Radar,307,219,33,2,561,2,102,78,4,186,309,321,111,6,747,8,0,8,755
03/13/2000,SJU,PR,ASO,ES,Combined TRACON& Tower with Radar,335,220,35,8,598,2,101,92,3,198,337,321,127,11,796,20,0,20,816
03/14/2000,SJU,PR,ASO,ES,Combined TRACON& Tower with Radar,286,232,55,5,578,0,100,53,0,153,286,332,108,5,731,4,0,4,735
03/15/2000,SJU,PR,ASO,ES,Combined TRACON& Tower with Radar,322,227,32,6,587,27,83,99,20,229,349,310,131,26,816,0,0,0,816
03/16/2000,SJU,PR,ASO,ES,Combined TRACON& Tower with Radar,317,257,22,7,603,2,96,75,15,188,319,353,97,22,791,26,0,26,817
03/17/2000,SJU,PR,ASO,ES,Combined TRACON& Tower with Radar,362,254,36,7,659,15,107,67,1,190,377,361,103,8,849,12,0,12,861
03/18/2000,SJU,PR,ASO,ES,Combined TRACON& Tower with Radar,356,264,32,10,662,2,124,77,2,205,358,388,109,12,867,6,0,6,873
03/19/2000,SJU,PR,ASO,ES,Combined TRACON& Tower with Radar,325,228,25,7,585,2,91,54,1,148,327,319,79,8,733,0,0,0,733
03/20/2000,SJU,PR,ASO,ES,Combined TRACON& Tower with Radar,298,249,23,7,577,2,118,90,1,211,300,367,113,8,788,0,2,2,790
03/21/2000,SJU,PR,ASO,ES,Combined TRACON& Tower with Radar,306,230,40,9,585,2,98,75,2,177,308,328,115,11,762,4,0,4,766
03/22/2000,SJU,PR,ASO,ES,Combined TRACON& Tower with Radar,326,199,38,7,570,2,112,60,4,178,328,311,98,11,748,6,0,6,754
03/23/2000,SJU,PR,ASO,ES,Combined TRACON& Tower with Radar,374,244,9,2,629,2,124,78,3,207,376,368,87,5,836,6,4,10,846
03/24/2000,SJU,PR,ASO,ES,Combined TRACON& Tower with Radar,426,286,29,3,744,2,99,75,1,177,428,385,104,4,921,4,0,4,925
03/25/2000,SJU,PR,ASO,ES,Combined TRACON& Tower with Radar,451,245,41,16,753,2,123,101,1,227,453,368,142,17,980,10,0,10,990
03/26/2000,SJU,PR,ASO,ES,Combined TRACON& Tower with Radar,282,230,48,5,565,2,114,68,2,186,284,344,116,7,751,4,0,4,755
03/27/2000,SJU,PR,ASO,ES,Combined TRACON& Tower with Radar,310,238,52,10,610,0,112,50,0,162,310,350,102,10,772,2,0,2,774
03/28/2000,SJU,PR,ASO,ES,Combined TRACON& Tower with Radar,289,213,41,10,553,2,95,62,2,161,291,308,103,12,714,14,0,14,728
03/29/2000,SJU,PR,ASO,ES,Combined TRACON& Tower with Radar,314,219,37,4,574,2,67,46,3,118,316,286,83,7,692,26,4,30,722
03/30/2000,SJU,PR,ASO,ES,Combined TRACON& Tower with Radar,363,221,37,7,628,23,0,5,12,40,386,221,42,19,668,46,0,46,714
03/31/2000,SJU,PR,ASO,ES,Combined TRACON& Tower with Radar,328,231,33,6,598,2,102,81,3,188,330,333,114,9,786,18,0,18,804
04/01/2000,SJU,PR,ASO,ES,Combined TRACON& Tower with Radar,356,259,39,2,656,2,109,78,1,190,358,368,117,3,846,14,0,14,860
04/02/2000,SJU,PR,ASO,ES,Combined TRACON& Tower with Radar,359,213,56,2,630,2,108,81,0,191,361,321,137,2,821,22,0,22,843
04/03/2000,SJU,PR,ASO,ES,Combined TRACON& Tower with Radar,362,230,29,5,626,2,104,85,0,191,364,334,114,5,817,36,4,40,857
04/04/2000,SJU,PR,ASO,ES,Combined TRACON& Tower with Radar,386,261,34,11,692,2,113,81,1,197,388,374,115,12,889,30,0,30,919
04/05/2000,SJU,PR,ASO,ES,Combined TRACON& Tower with Radar,353,232,14,13,612,2,91,60,3,156,355,323,74,16,768,22,0,22,790
04/06/2000,SJU,PR,ASO,ES,Combined TRACON& Tower with Radar,346,241,13,7,607,2,131,81,1,215,348,372,94,8,822,16,0,16,838
04/07/2000,SJU,PR,ASO,ES,Combined TRACON& Tower with Radar,315,228,30,3,576,0,122,59,0,181,315,350,89,3,757,2,0,2,759
04/08/2000,SJU,PR,ASO,ES,Combined TRACON& Tower with Radar,292,218,25,7,542,0,24,14,0,38,292,242,39,7,580,4,8,12,592
04/09/2000,SJU,PR,ASO,ES,Combined TRACON& Tower with Radar,292,222,29,5,548,0,102,85,2,189,292,324,114,7,737,4,8,12,749
04/10/2000,SJU,PR,ASO,ES,Combined TRACON& Tower with Radar,299,265,37,4,605,2,85,62,0,149,301,350,99,4,754,2,0,2,756
04/11/2000,SJU,PR,ASO,ES,Combined TRACON& Tower with Radar,308,210,14,7,539,2,99,57,0,158,310,309,71,7,697,28,0,28,725
04/12/2000,SJU,PR,ASO,ES,Combined TRACON& Tower with Radar,315,213,24,6,558,2,88,51,1,142,317,301,75,7,700,36,0,36,736
04/13/2000,SJU,PR,ASO,ES,Combined TRACON& Tower with Radar,316,247,23,9,595,2,154,58,1,215,318,401,81,10,810,0,2,2,812
04/14/2000,SJU,PR,ASO,ES,Combined TRACON& Tower with Radar,327,205,29,5,566,1,97,76,7,181,328,302,105,12,747,14,0,14,761
04/15/2000,SJU,PR,ASO,ES,Combined TRACON& Tower with Radar,327,216,32,7,582,1,75,54,10,140,328,291,86,17,722,6,0,6,728
04/16/2000,SJU,PR,ASO,ES,Combined TRACON& Tower with Radar,288,190,30,0,508,1,72,52,11,136,289,262,82,11,644,14,10,24,668
04/17/2000,SJU,PR,ASO,ES,Combined TRACON& Tower with Radar,312,196,40,0,548,1,93,80,1,175,313,289,120,1,723,36,0,36,759
04/18/2000,SJU,PR,ASO,ES,Combined TRACON& Tower with Radar,347,231,35,6,619,1,100,64,1,166,348,331,99,7,785,30,0,30,815
04/19/2000,SJU,PR,ASO,ES,Combined TRACON& Tower with Radar,344,236,40,11,631,1,100,64,1,166,345,336,104,12,797,22,0,22,819
04/20/2000,SJU,PR,ASO,ES,Combined TRACON& Tower with Radar,306,209,26,5,546,25,115,54,2,196,331,324,80,7,742,6,6,12,754
04/21/2000,SJU,PR,ASO,ES,Combined TRACON& Tower with Radar,325,202,12,3,542,1,112,63,0,176,326,314,75,3,718,16,0,16,734
04/22/2000,SJU,PR,ASO,ES,Combined TRACON& Tower with Radar,325,212,15,5,557,1,110,73,3,187,326,322,88,8,744,14,0,14,758
04/23/2000,SJU,PR,ASO,ES,Combined TRACON& Tower with Radar,290,204,26,3,523,0,111,67,0,178,290,315,93,3,701,0,0,0,701
04/24/2000,SJU,PR,ASO,ES,Combined TRACON& Tower with Radar,364,214,32,2,612,1,91,73,3,168,365,305,105,5,780,22,0,22,802
04/25/2000,SJU,PR,ASO,ES,Combined TRACON& Tower with Radar,394,252,48,11,705,1,97,85,3,186,395,349,133,14,891,20,0,20,911
04/26/2000,SJU,PR,ASO,ES,Combined TRACON& Tower with Radar,341,210,24,11,586,1,76,55,0,132,342,286,79,11,718,8,0,8,726
04/27/2000,SJU,PR,ASO,ES,Combined TRACON& Tower with Radar,315,187,25,3,530,1,96,62,4,163,316,283,87,7,693,8,0,8,701
04/28/2000,SJU,PR,ASO,ES,Combined TRACON& Tower with Radar,298,216,15,3,532,1,85,56,1,143,299,301,71,4,675,4,0,4,679
04/29/2000,SJU,PR,ASO,ES,Combined TRACON& Tower with Radar,317,261,22,4,604,1,71,69,0,141,318,332,91,4,745,12,0,12,757
04/30/2000,SJU,PR,ASO,ES,Combined TRACON& Tower with Radar,305,232,39,0,576,1,77,64,0,142,306,309,103,0,718,62,0,62,780
05/01/2000,SJU,PR,ASO,ES,Combined TRACON& Tower with Radar,318,207,40,2,567,0,107,74,0,181,318,314,114,2,748,4,0,4,752
05/02/2000,SJU,PR,ASO,ES,Combined TRACON& Tower with Radar,326,188,39,5,558,0,87,70,1,158,326,275,109,6,716,0,0,0,716
05/03/2000,SJU,PR,ASO,ES,Combined TRACON& Tower with Radar,325,151,28,4,508,0,90,54,1,145,325,241,82,5,653,26,4,30,683
05/04/2000,SJU,PR,ASO,ES,Combined TRACON& Tower with Radar,324,172,44,6,546,0,93,75,1,169,324,265,119,7,715,14,0,14,729
05/05/2000,SJU,PR,ASO,ES,Combined TRACON& Tower with Radar,49,15,3,0,67,342,350,130,4,826,391,365,133,4,893,20,0,20,913
05/06/2000,SJU,PR,ASO,ES,Combined TRACON& Tower with Radar,383,204,20,17,624,0,73,50,2,125,383,277,70,19,749,16,0,16,765
05/07/2000,SJU,PR,ASO,ES,Combined TRACON& Tower with Radar,313,193,22,2,530,0,62,49,1,112,313,255,71,3,642,4,2,6,648
05/08/2000,SJU,PR,ASO,ES,Combined TRACON& Tower with Radar,311,196,30,4,541,0,95,54,1,150,311,291,84,5,691,18,0,18,709
05/09/2000,SJU,PR,ASO,ES,Combined TRACON& Tower with Radar,277,209,22,2,510,0,106,49,0,155,277,315,71,2,665,50,0,50,715
05/10/2000,SJU,PR,ASO,ES,Combined TRACON& Tower with Radar,296,191,29,2,518,0,77,52,0,129,296,268,81,2,647,0,18,18,665
05/11/2000,SJU,PR,ASO,ES,Combined TRACON& Tower with Radar,259,230,18,3,510,0,63,29,0,92,259,293,47,3,602,10,0,10,612
05/12/2000,SJU,PR,ASO,ES,Combined TRACON& Tower with Radar,344,196,30,5,575,0,123,44,3,170,344,319,74,8,745,10,4,14,759
05/13/2000,SJU,PR,ASO,ES,Combined TRACON& Tower with Radar,359,201,20,7,587,0,76,39,1,116,359,277,59,8,703,14,0,14,717
05/14/2000,SJU,PR,ASO,ES,Combined TRACON& Tower with Radar,342,224,11,17,594,0,82,39,0,121,342,306,50,17,715,6,0,6,721
05/15/2000,SJU,PR,ASO,ES,Combined TRACON& Tower with Radar,308,210,14,7,539,0,137,53,1,191,308,347,67,8,730,8,0,8,738
05/16/2000,SJU,PR,ASO,ES,Combined TRACON& Tower with Radar,318,200,35,11,564,0,69,59,5,133,318,269,94,16,697,26,4,30,727
05/17/2000,SJU,PR,ASO,ES,Combined TRACON& Tower with Radar,308,159,21,5,493,0,64,46,0,110,308,223,67,5,603,18,0,18,621
05/18/2000,SJU,PR,ASO,ES,Combined TRACON& Tower with Radar,312,166,25,5,508,0,79,62,5,146,312,245,87,10,654,26,0,26,680
05/19/2000,SJU,PR,ASO,ES,Combined TRACON& Tower with Radar,335,208,31,9,583,0,94,45,1,140,335,302,76,10,723,31,8,39,762
05/20/2000,SJU,PR,ASO,ES,Combined TRACON& Tower with Radar,361,187,27,3,578,0,83,62,0,145,361,270,89,3,723,24,2,26,749
05/21/2000,SJU,PR,ASO,ES,Combined TRACON& Tower with Radar,369,230,19,6,624,0,72,38,2,112,369,302,57,8,736,16,0,16,752
05/22/2000,SJU,PR,ASO,ES,Combined TRACON& Tower with Radar,322,185,16,1,524,0,92,58,0,150,322,277,74,1,674,26,6,32,706
05/23/2000,SJU,PR,ASO,ES,Combined TRACON& Tower with Radar,337,223,25,8,593,0,109,85,1,195,337,332,110,9,788,8,0,8,796
05/24/2000,SJU,PR,ASO,ES,Combined TRACON& Tower with Radar,328,229,34,6,597,0,32,61,1,94,328,261,95,7,691,20,6,26,717
05/25/2000,SJU,PR,ASO,ES,Combined TRACON& Tower with Radar,304,158,45,3,510,0,110,58,0,168,304,268,103,3,678,6,2,8,686
05/26/2000,SJU,PR,ASO,ES,Combined TRACON& Tower with Radar,362,146,32,3,543,0,129,63,0,192,362,275,95,3,735,24,0,24,759
05/27/2000,SJU,PR,ASO,ES,Combined TRACON& Tower with Radar,375,162,26,7,570,0,74,52,0,126,375,236,78,7,696,50,6,56,752
05/28/2000,SJU,PR,ASO,ES,Combined TRACON& Tower with Radar,295,163,22,4,484,0,70,45,9,124,295,233,67,13,608,26,0,26,634
05/29/2000,SJU,PR,ASO,ES,Combined TRACON& Tower with Radar,318,213,25,1,557,0,77,50,0,127,318,290,75,1,684,22,2,24,708
05/30/2000,SJU,PR,ASO,ES,Combined TRACON& Tower with Radar,311,184,27,6,528,0,97,67,7,171,311,281,94,13,699,28,12,40,739
05/31/2000,SJU,PR,ASO,ES,Combined TRACON& Tower with Radar,303,170,24,5,502,0,85,47,1,133,303,255,71,6,635,58,16,74,709
06/01/2000,SJU,PR,ASO,ES,Combined TRACON& Tower with Radar,289,182,18,4,493,0,76,58,2,136,289,258,76,6,629,14,0,14,643
06/02/2000,SJU,PR,ASO,ES,Combined TRACON& Tower with Radar,291,218,11,5,525,0,77,39,1,117,291,295,50,6,642,10,2,12,654
06/03/2000,SJU,PR,ASO,ES,Combined TRACON& Tower with Radar,299,178,23,5,505,0,57,47,6,110,299,235,70,11,615,10,0,10,625
06/04/2000,SJU,PR,ASO,ES,Combined TRACON& Tower with Radar,256,183,17,4,460,0,55,31,0,86,256,238,48,4,546,0,0,0,546
06/05/2000,SJU,PR,ASO,ES,Combined TRACON& Tower with Radar,257,180,9,2,448,0,79,30,1,110,257,259,39,3,558,8,0,8,566
06/06/2000,SJU,PR,ASO,ES,Combined TRACON& Tower with Radar,286,193,26,11,516,0,79,44,2,125,286,272,70,13,641,14,6,20,661
06/07/2000,SJU,PR,ASO,ES,Combined TRACON& Tower with Radar,339,183,31,9,562,0,63,42,1,106,339,246,73,10,668,22,6,28,696
06/08/2000,SJU,PR,ASO,ES,Combined TRACON& Tower with Radar,339,193,29,2,563,0,75,65,0,140,339,268,94,2,703,8,0,8,711
06/09/2000,SJU,PR,ASO,ES,Combined TRACON& Tower with Radar,279,183,24,5,491,0,109,65,0,174,279,292,89,5,665,8,0,8,673
06/10/2000,SJU,PR,ASO,ES,Combined TRACON& Tower with Radar,300,179,24,3,506,6,68,44,0,118,306,247,68,3,624,0,0,0,624
06/11/2000,SJU,PR,ASO,ES,Combined TRACON& Tower with Radar,274,172,20,5,471,0,49,32,0,81,274,221,52,5,552,0,0,0,552
06/12/2000,SJU,PR,ASO,ES,Combined TRACON& Tower with Radar,287,193,26,3,509,0,51,39,0,90,287,244,65,3,599,6,0,6,605
06/13/2000,SJU,PR,ASO,ES,Combined TRACON& Tower with Radar,285,228,19,6,538,0,67,46,0,113,285,295,65,6,651,14,6,20,671
06/14/2000,SJU,PR,ASO,ES,Combined TRACON& Tower with Radar,335,133,30,12,510,0,71,45,0,116,335,204,75,12,626,18,0,18,644
06/15/2000,SJU,PR,ASO,ES,Combined TRACON& Tower with Radar,267,160,20,5,452,3,75,65,0,143,270,235,85,5,595,8,2,10,605
06/16/2000,SJU,PR,ASO,ES,Combined TRACON& Tower with Radar,272,206,32,4,514,0,42,31,0,73,272,248,63,4,587,6,0,6,593
06/17/2000,SJU,PR,ASO,ES,Combined TRACON& Tower with Radar,250,149,20,4,423,24,26,31,0,81,274,175,51,4,504,0,0,0,504
06/18/2000,SJU,PR,ASO,ES,Combined TRACON& Tower with Radar,282,168,21,5,476,46,35,14,0,95,328,203,35,5,571,0,0,0,571
06/19/2000,SJU,PR,ASO,ES,Combined TRACON& Tower with Radar,254,181,29,9,473,0,72,51,2,125,254,253,80,11,598,10,2,12,610
06/20/2000,SJU,PR,ASO,ES,Combined TRACON& Tower with Radar,241,158,20,6,425,0,88,50,3,141,241,246,70,9,566,52,0,52,618
06/21/2000,SJU,PR,ASO,ES,Combined TRACON& Tower with Radar,283,167,15,6,471,0,78,35,0,113,283,245,50,6,584,14,0,14,598
06/22/2000,SJU,PR,ASO,ES,Combined TRACON& Tower with Radar,301,143,21,3,468,0,73,41,4,118,301,216,62,7,586,8,0,8,594
06/23/2000,SJU,PR,ASO,ES,Combined TRACON& Tower with Radar,287,166,14,5,472,0,84,40,2,126,287,250,54,7,598,2,0,2,600
06/24/2000,SJU,PR,ASO,ES,Combined TRACON& Tower with Radar,266,174,15,7,462,0,58,54,0,112,266,232,69,7,574,8,0,8,582
06/25/2000,SJU,PR,ASO,ES,Combined TRACON& Tower with Radar,291,142,12,6,451,0,38,26,0,64,291,180,38,6,515,14,4,18,533
06/26/2000,SJU,PR,ASO,ES,Combined TRACON& Tower with Radar,290,150,26,4,470,0,50,46,0,96,290,200,72,4,566,28,0,28,594
06/27/2000,SJU,PR,ASO,ES,Combined TRACON& Tower with Radar,336,166,23,2,527,0,65,38,0,103,336,231,61,2,630,24,6,30,660
06/28/2000,SJU,PR,ASO,ES,Combined TRACON& Tower with Radar,283,160,31,7,481,0,79,43,3,125,283,239,74,10,606,8,0,8,614
06/29/2000,SJU,PR,ASO,ES,Combined TRACON& Tower with Radar,292,175,22,5,494,16,47,36,20,119,308,222,58,25,613,10,0,10,623
06/30/2000,SJU,PR,ASO,ES,Combined TRACON& Tower with Radar,290,188,21,2,501,0,99,54,0,153,290,287,75,2,654,0,0,0,654
07/01/2000,SJU,PR,ASO,ES,Combined TRACON& Tower with Radar,326,184,23,4,537,44,13,26,0,83,370,197,49,4,620,12,0,12,632
07/02/2000,SJU,PR,ASO,ES,Combined TRACON& Tower with Radar,289,165,21,0,475,0,3,1,0,4,289,168,22,0,479,0,0,0,479
07/03/2000,SJU,PR,ASO,ES,Combined TRACON& Tower with Radar,267,190,20,1,478,1,61,37,0,99,268,251,57,1,577,14,0,14,591
07/04/2000,SJU,PR,ASO,ES,Combined TRACON& Tower with Radar,262,174,13,1,450,1,50,33,1,85,263,224,46,2,535,2,0,2,537
07/05/2000,SJU,PR,ASO,ES,Combined TRACON& Tower with Radar,294,163,19,13,489,1,81,26,1,109,295,244,45,14,598,16,2,18,616
07/06/2000,SJU,PR,ASO,ES,Combined TRACON& Tower with Radar,259,155,15,5,434,1,79,28,1,109,260,234,43,6,543,8,0,8,551
07/07/2000,SJU,PR,ASO,ES,Combined TRACON& Tower with Radar,296,139,10,3,448,1,74,36,2,113,297,213,46,5,561,0,2,2,563
07/08/2000,SJU,PR,ASO,ES,Combined TRACON& Tower with Radar,309,190,23,1,523,0,7,24,0,31,309,197,47,1,554,10,0,10,564
07/09/2000,SJU,PR,ASO,ES,Combined TRACON& Tower with Radar,323,110,14,4,451,0,38,27,2,67,323,148,41,6,518,8,0,8,526
07/10/2000,SJU,PR,ASO,ES,Combined TRACON& Tower with Radar,292,168,20,3,483,0,63,43,1,107,292,231,63,4,590,16,2,18,608
07/11/2000,SJU,PR,ASO,ES,Combined TRACON& Tower with Radar,310,176,22,4,512,0,67,49,4,120,310,243,71,8,632,20,0,20,652
07/12/2000,SJU,PR,ASO,ES,Combined TRACON& Tower with Radar,342,166,22,4,534,0,57,57,0,114,342,223,79,4,648,20,0,20,668
07/13/2000,SJU,PR,ASO,ES,Combined TRACON& Tower with Radar,280,179,24,7,490,0,75,48,1,124,280,254,72,8,614,30,2,32,646
07/14/2000,SJU,PR,ASO,ES,Combined TRACON& Tower with Radar,287,166,21,3,477,0,83,34,1,118,287,249,55,4,595,5,2,7,602
07/15/2000,SJU,PR,ASO,ES,Combined TRACON& Tower with Radar,277,157,20,3,457,0,65,12,4,81,277,222,32,7,538,10,0,10,548
07/16/2000,SJU,PR,ASO,ES,Combined TRACON& Tower with Radar,289,144,14,4,451,0,43,18,0,61,289,187,32,4,512,4,0,4,516
07/17/2000,SJU,PR,ASO,ES,Combined TRACON& Tower with Radar,299,173,21,3,496,0,73,37,6,116,299,246,58,9,612,12,0,12,624
07/18/2000,SJU,PR,ASO,ES,Combined TRACON& Tower with Radar,337,145,18,5,505,0,51,34,0,85,337,196,52,5,590,20,0,20,610
07/19/2000,SJU,PR,ASO,ES,Combined TRACON& Tower with Radar,294,210,23,4,531,0,58,44,5,107,294,268,67,9,638,16,0,16,654
07/20/2000,SJU,PR,ASO,ES,Combined TRACON& Tower with Radar,287,172,19,5,483,0,52,50,3,105,287,224,69,8,588,2,6,8,596
07/21/2000,SJU,PR,ASO,ES,Combined TRACON& Tower with Radar,318,171,31,3,523,0,64,62,1,127,318,235,93,4,650,10,0,10,660
07/22/2000,SJU,PR,ASO,ES,Combined TRACON& Tower with Radar,311,207,20,2,540,0,54,41,0,95,311,261,61,2,635,8,0,8,643
07/23/2000,SJU,PR,ASO,ES,Combined TRACON& Tower with Radar,302,194,6,2,504,0,37,24,0,61,302,231,30,2,565,4,0,4,569
07/24/2000,SJU,PR,ASO,ES,Combined TRACON& Tower with Radar,297,197,10,5,509,0,56,31,3,90,297,253,41,8,599,2,2,4,603
07/25/2000,SJU,PR,ASO,ES,Combined TRACON& Tower with Radar,270,165,40,5,480,0,42,44,2,88,270,207,84,7,568,18,0,18,586
07/26/2000,SJU,PR,ASO,ES,Combined TRACON& Tower with Radar,296,159,35,3,493,0,61,45,1,107,296,220,80,4,600,10,0,10,610
07/27/2000,SJU,PR,ASO,ES,Combined TRACON& Tower with Radar,328,172,40,2,542,0,63,45,1,109,328,235,85,3,651,14,0,14,665
07/28/2000,SJU,PR,ASO,ES,Combined TRACON& Tower with Radar,327,215,36,1,579,0,67,37,2,106,327,282,73,3,685,20,0,20,705
07/29/2000,SJU,PR,ASO,ES,Combined TRACON& Tower with Radar,317,154,30,3,504,0,22,16,0,38,317,176,46,3,542,4,0,4,546
07/30/2000,SJU,PR,ASO,ES,Combined TRACON& Tower with Radar,320,145,27,3,495,0,33,29,0,62,320,178,56,3,557,8,0,8,565
07/31/2000,SJU,PR,ASO,ES,Combined TRACON& Tower with Radar,316,161,16,4,497,0,60,32,1,93,316,221,48,5,590,8,0,8,598
08/01/2000,SJU,PR,ASO,ES,Combined TRACON& Tower with Radar,287,163,25,5,480,0,63,32,8,103,287,226,57,13,583,26,12,38,621
08/02/2000,SJU,PR,ASO,ES,Combined TRACON& Tower with Radar,315,183,25,3,526,6,49,25,0,80,321,232,50,3,606,26,0,26,632
08/03/2000,SJU,PR,ASO,ES,Combined TRACON& Tower with Radar,301,204,30,1,536,0,61,34,0,95,301,265,64,1,631,20,0,20,651
08/04/2000,SJU,PR,ASO,ES,Combined TRACON& Tower with Radar,325,138,21,1,485,6,50,46,0,102,331,188,67,1,587,14,0,14,601
08/05/2000,SJU,PR,ASO,ES,Combined TRACON& Tower with Radar,314,141,16,6,477,6,45,22,0,73,320,186,38,6,550,12,0,12,562
08/06/2000,SJU,PR,ASO,ES,Combined TRACON& Tower with Radar,316,154,12,5,487,6,46,26,2,80,322,200,38,7,567,8,0,8,575
08/07/2000,SJU,PR,ASO,ES,Combined TRACON& Tower with Radar,299,172,31,4,506,6,46,31,0,83,305,218,62,4,589,16,0,16,605
08/08/2000,SJU,PR,ASO,ES,Combined TRACON& Tower with Radar,299,165,20,10,494,6,64,43,1,114,305,229,63,11,608,6,4,10,618
08/09/2000,SJU,PR,ASO,ES,Combined TRACON& Tower with Radar,302,153,44,8,507,6,51,52,0,109,308,204,96,8,616,6,0,6,622
08/10/2000,SJU,PR,ASO,ES,Combined TRACON& Tower with Radar,298,169,29,13,509,6,51,46,5,108,304,220,75,18,617,8,2,10,627
08/11/2000,SJU,PR,ASO,ES,Combined TRACON& Tower with Radar,320,177,26,6,529,0,96,45,0,141,320,273,71,6,670,2,0,2,672
08/12/2000,SJU,PR,ASO,ES,Combined TRACON& Tower with Radar,307,151,10,9,477,6,41,24,0,71,313,192,34,9,548,6,0,6,554
08/13/2000,SJU,PR,ASO,ES,Combined TRACON& Tower with Radar,258,108,15,11,392,6,29,24,1,60,264,137,39,12,452,6,4,10,462
08/14/2000,SJU,PR,ASO,ES,Combined TRACON& Tower with Radar,291,158,20,2,471,5,64,54,1,124,296,222,74,3,595,2,4,6,601
08/15/2000,SJU,PR,ASO,ES,Combined TRACON& Tower with Radar,291,169,32,2,494,5,55,46,1,107,296,224,78,3,601,34,0,34,635
08/16/2000,SJU,PR,ASO,ES,Combined TRACON& Tower with Radar,278,164,19,5,466,5,42,34,7,88,283,206,53,12,554,4,0,4,558
08/17/2000,SJU,PR,ASO,ES,Combined TRACON& Tower with Radar,295,153,21,1,470,5,36,38,1,80,300,189,59,2,550,2,0,2,552
08/18/2000,SJU,PR,ASO,ES,Combined TRACON& Tower with Radar,333,140,35,6,514,5,56,40,2,103,338,196,75,8,617,2,0,2,619
08/19/2000,SJU,PR,ASO,ES,Combined TRACON& Tower with Radar,349,132,9,7,497,5,40,43,0,88,354,172,52,7,585,0,0,0,585
08/20/2000,SJU,PR,ASO,ES,Combined TRACON& Tower with Radar,345,150,12,6,513,5,33,15,0,53,350,183,27,6,566,4,12,16,582
08/21/2000,SJU,PR,ASO,ES,Combined TRACON& Tower with Radar,281,150,23,4,458,5,33,31,5,74,286,183,54,9,532,2,0,2,534
08/22/2000,SJU,PR,ASO,ES,Combined TRACON& Tower with Radar,71,63,18,4,156,5,12,20,0,37,76,75,38,4,193,0,0,0,193
08/23/2000,SJU,PR,ASO,ES,Combined TRACON& Tower with Radar,209,129,20,4,362,0,66,35,6,107,209,195,55,10,469,0,0,0,469
08/24/2000,SJU,PR,ASO,ES,Combined TRACON& Tower with Radar,297,147,32,4,480,5,49,59,5,118,302,196,91,9,598,0,1,1,599
08/25/2000,SJU,PR,ASO,ES,Combined TRACON& Tower with Radar,305,129,10,6,450,5,58,29,0,92,310,187,39,6,542,0,0,0,542
08/26/2000,SJU,PR,ASO,ES,Combined TRACON& Tower with Radar,297,157,23,5,482,26,17,27,3,73,323,174,50,8,555,10,0,10,565
08/27/2000,SJU,PR,ASO,ES,Combined TRACON& Tower with Radar,335,142,11,3,491,5,31,38,0,74,340,173,49,3,565,2,0,2,567
08/28/2000,SJU,PR,ASO,ES,Combined TRACON& Tower with Radar,329,119,33,8,489,5,52,40,5,102,334,171,73,13,591,8,4,12,603
08/29/2000,SJU,PR,ASO,ES,Combined TRACON& Tower with Radar,292,167,32,3,494,5,50,48,0,103,297,217,80,3,597,22,0,22,619
08/30/2000,SJU,PR,ASO,ES,Combined TRACON& Tower with Radar,284,157,24,5,470,0,39,53,1,93,284,196,77,6,563,4,6,10,573
08/31/2000,SJU,PR,ASO,ES,Combined TRACON& Tower with Radar,304,186,32,5,527,5,57,53,0,115,309,243,85,5,642,2,0,2,644
09/01/2000,SJU,PR,ASO,ES,Combined TRACON& Tower with Radar,360,187,36,3,586,1,60,53,0,114,361,247,89,3,700,4,0,4,704
09/02/2000,SJU,PR,ASO,ES,Combined TRACON& Tower with Radar,290,158,28,10,486,1,36,18,0,55,291,194,46,10,541,8,0,8,549
09/03/2000,SJU,PR,ASO,ES,Combined TRACON& Tower with Radar,275,165,16,2,458,1,21,29,0,51,276,186,45,2,509,14,0,14,523
09/04/2000,SJU,PR,ASO,ES,Combined TRACON& Tower with Radar,345,178,6,4,533,1,34,26,0,61,346,212,32,4,594,0,0,0,594
09/05/2000,SJU,PR,ASO,ES,Combined TRACON& Tower with Radar,290,161,21,6,478,0,74,34,0,108,290,235,55,6,586,0,0,0,586
09/06/2000,SJU,PR,ASO,ES,Combined TRACON& Tower with Radar,257,165,17,7,446,0,71,51,1,123,257,236,68,8,569,18,8,26,595
09/07/2000,SJU,PR,ASO,ES,Combined TRACON& Tower with Radar,279,129,20,8,436,0,55,42,3,100,279,184,62,11,536,26,0,26,562
09/08/2000,SJU,PR,ASO,ES,Combined TRACON& Tower with Radar,237,160,23,7,427,0,58,46,2,106,237,218,69,9,533,0,0,0,533
09/09/2000,SJU,PR,ASO,ES,Combined TRACON& Tower with Radar,275,120,22,6,423,0,39,29,0,68,275,159,51,6,491,14,0,14,505
09/10/2000,SJU,PR,ASO,ES,Combined TRACON& Tower with Radar,236,125,27,4,392,0,18,33,0,51,236,143,60,4,443,24,0,24,467
09/11/2000,SJU,PR,ASO,ES,Combined TRACON& Tower with Radar,270,131,33,4,438,0,74,59,16,149,270,205,92,20,587,26,8,34,621
09/12/2000,SJU,PR,ASO,ES,Combined TRACON& Tower with Radar,258,136,33,7,434,0,55,60,12,127,258,191,93,19,561,0,0,0,561
09/13/2000,SJU,PR,ASO,ES,Combined TRACON& Tower with Radar,253,162,25,11,451,0,45,43,6,94,253,207,68,17,545,10,0,10,555
09/14/2000,SJU,PR,ASO,ES,Combined TRACON& Tower with Radar,243,140,31,8,422,0,46,65,3,114,243,186,96,11,536,0,0,0,536
09/15/2000,SJU,PR,ASO,ES,Combined TRACON& Tower with Radar,250,157,22,6,435,0,60,53,1,114,250,217,75,7,549,8,0,8,557
09/16/2000,SJU,PR,ASO,ES,Combined TRACON& Tower with Radar,238,126,12,5,381,0,28,18,0,46,238,154,30,5,427,4,0,4,431
09/17/2000,SJU,PR,ASO,ES,Combined TRACON& Tower with Radar,245,110,16,3,374,0,9,7,0,16,245,119,23,3,390,0,0,0,390
09/18/2000,SJU,PR,ASO,ES,Combined TRACON& Tower with Radar,212,153,17,13,395,0,39,21,2,62,212,192,38,15,457,2,0,2,459
09/19/2000,SJU,PR,ASO,ES,Combined TRACON& Tower with Radar,233,160,20,6,419,0,40,49,0,89,233,200,69,6,508,0,0,0,508
09/20/2000,SJU,PR,ASO,ES,Combined TRACON& Tower with Radar,252,134,22,10,418,0,42,37,2,81,252,176,59,12,499,0,0,0,499
09/21/2000,SJU,PR,ASO,ES,Combined TRACON& Tower with Radar,270,154,23,6,453,0,33,62,8,103,270,187,85,14,556,0,0,0,556
09/22/2000,SJU,PR,ASO,ES,Combined TRACON& Tower with Radar,252,169,26,3,450,0,42,57,2,101,252,211,83,5,551,2,0,2,553
09/23/2000,SJU,PR,ASO,ES,Combined TRACON& Tower with Radar,224,122,9,5,360,0,26,23,1,50,224,148,32,6,410,0,2,2,412
09/24/2000,SJU,PR,ASO,ES,Combined TRACON& Tower with Radar,279,104,8,3,394,0,31,22,5,58,279,135,30,8,452,8,10,18,470
09/25/2000,SJU,PR,ASO,ES,Combined TRACON& Tower with Radar,256,145,17,5,423,0,47,45,0,92,256,192,62,5,515,6,8,14,529
09/26/2000,SJU,PR,ASO,ES,Combined TRACON& Tower with Radar,225,141,29,6,401,0,50,52,2,104,225,191,81,8,505,2,2,4,509
09/27/2000,SJU,PR,ASO,ES,Combined TRACON& Tower with Radar,213,141,30,3,387,0,26,42,2,70,213,167,72,5,457,2,0,2,459
09/28/2000,SJU,PR,ASO,ES,Combined TRACON& Tower with Radar,246,163,40,11,460,0,28,49,4,81,246,191,89,15,541,0,0,0,541
09/29/2000,SJU,PR,ASO,ES,Combined TRACON& Tower with Radar,235,149,15,2,401,0,41,40,3,84,235,190,55,5,485,4,0,4,489
09/30/2000,SJU,PR,ASO,ES,Combined TRACON& Tower with Radar,230,136,20,5,391,0,30,38,0,68,230,166,58,5,459,2,0,2,461
10/01/2000,SJU,PR,ASO,ES,Combined TRACON& Tower with Radar,275,103,12,0,390,0,26,23,0,49,275,129,35,0,439,0,0,0,439
10/02/2000,SJU,PR,ASO,ES,Combined TRACON& Tower with Radar,214,153,27,0,394,0,46,46,2,94,214,199,73,2,488,0,0,0,488
10/03/2000,SJU,PR,ASO,ES,Combined TRACON& Tower with Radar,202,152,37,2,393,0,36,39,1,76,202,188,76,3,469,0,0,0,469
10/04/2000,SJU,PR,ASO,ES,Combined TRACON& Tower with Radar,219,114,27,8,368,0,57,43,3,103,219,171,70,11,471,0,0,0,471
10/05/2000,SJU,PR,ASO,ES,Combined TRACON& Tower with Radar,264,114,17,3,398,0,52,72,3,127,264,166,89,6,525,0,0,0,525
10/06/2000,SJU,PR,ASO,ES,Combined TRACON& Tower with Radar,257,144,29,3,433,0,51,69,0,120,257,195,98,3,553,0,0,0,553
10/07/2000,SJU,PR,ASO,ES,Combined TRACON& Tower with Radar,251,123,21,5,400,25,15,36,0,76,276,138,57,5,476,0,0,0,476
10/08/2000,SJU,PR,ASO,ES,Combined TRACON& Tower with Radar,281,88,8,2,379,0,15,23,0,38,281,103,31,2,417,0,0,0,417
10/09/2000,SJU,PR,ASO,ES,Combined TRACON& Tower with Radar,246,136,15,3,400,0,32,65,3,100,246,168,80,6,500,0,0,0,500
10/10/2000,SJU,PR,ASO,ES,Combined TRACON& Tower with Radar,238,137,24,6,405,0,37,44,3,84,238,174,68,9,489,2,0,2,491
10/11/2000,SJU,PR,ASO,ES,Combined TRACON& Tower with Radar,218,124,27,11,380,0,30,62,13,105,218,154,89,24,485,0,10,10,495
10/12/2000,SJU,PR,ASO,ES,Combined TRACON& Tower with Radar,275,115,20,8,418,0,45,70,6,121,275,160,90,14,539,0,0,0,539
10/13/2000,SJU,PR,ASO,ES,Combined TRACON& Tower with Radar,275,131,27,6,439,0,50,67,3,120,275,181,94,9,559,2,0,2,561
10/14/2000,SJU,PR,ASO,ES,Combined TRACON& Tower with Radar,280,107,14,20,421,0,29,41,8,78,280,136,55,28,499,0,0,0,499
10/15/2000,SJU,PR,ASO,ES,Combined TRACON& Tower with Radar,258,102,14,7,381,0,24,38,4,66,258,126,52,11,447,0,0,0,447
10/16/2000,SJU,PR,ASO,ES,Combined TRACON& Tower with Radar,226,120,9,4,359,0,48,64,0,112,226,168,73,4,471,0,0,0,471
10/17/2000,SJU,PR,ASO,ES,Combined TRACON& Tower with Radar,249,100,26,4,379,0,52,72,3,127,249,152,98,7,506,2,0,2,508
10/18/2000,SJU,PR,ASO,ES,Combined TRACON& Tower with Radar,212,148,24,5,389,0,58,87,20,165,212,206,111,25,554,2,0,2,556
10/19/2000,SJU,PR,ASO,ES,Combined TRACON& Tower with Radar,239,145,25,3,412,0,45,84,6,135,239,190,109,9,547,0,0,0,547
10/20/2000,SJU,PR,ASO,ES,Combined TRACON& Tower with Radar,249,137,16,12,414,0,49,86,4,139,249,186,102,16,553,0,0,0,553
10/21/2000,SJU,PR,ASO,ES,Combined TRACON& Tower with Radar,272,121,11,5,409,0,33,42,1,76,272,154,53,6,485,2,0,2,487
10/22/2000,SJU,PR,ASO,ES,Combined TRACON& Tower with Radar,266,104,11,1,382,0,41,27,1,69,266,145,38,2,451,4,0,4,455
10/23/2000,SJU,PR,ASO,ES,Combined TRACON& Tower with Radar,231,118,10,1,360,0,42,53,0,95,231,160,63,1,455,0,0,0,455
10/24/2000,SJU,PR,ASO,ES,Combined TRACON& Tower with Radar,252,125,14,7,398,0,38,36,2,76,252,163,50,9,474,0,0,0,474
10/25/2000,SJU,PR,ASO,ES,Combined TRACON& Tower with Radar,243,157,22,13,435,0,44,61,3,108,243,201,83,16,543,0,0,0,543
10/26/2000,SJU,PR,ASO,ES,Combined TRACON& Tower with Radar,250,140,39,2,431,0,41,86,2,129,250,181,125,4,560,12,0,12,572
10/27/2000,SJU,PR,ASO,ES,Combined TRACON& Tower with Radar,262,136,32,6,436,0,45,61,2,108,262,181,93,8,544,2,0,2,546
10/28/2000,SJU,PR,ASO,ES,Combined TRACON& Tower with Radar,291,106,19,9,425,0,23,42,0,65,291,129,61,9,490,1,0,1,491
10/29/2000,SJU,PR,ASO,ES,Combined TRACON& Tower with Radar,274,101,23,6,404,0,40,25,4,69,274,141,48,10,473,3,0,3,476
10/30/2000,SJU,PR,ASO,ES,Combined TRACON& Tower with Radar,247,149,28,3,427,0,47,59,0,106,247,196,87,3,533,2,0,2,535
10/31/2000,SJU,PR,ASO,ES,Combined TRACON& Tower with Radar,227,121,31,3,382,0,39,55,2,96,227,160,86,5,478,0,0,0,478
11/01/2000,SJU,PR,ASO,ES,Combined TRACON& Tower with Radar,285,139,39,5,468,1,40,55,0,96,286,179,94,5,564,0,0,0,564
11/02/2000,SJU,PR,ASO,ES,Combined TRACON& Tower with Radar,249,172,30,7,458,1,56,54,0,111,250,228,84,7,569,2,0,2,571
11/03/2000,SJU,PR,ASO,ES,Combined TRACON& Tower with Radar,273,144,23,8,448,1,50,56,3,110,274,194,79,11,558,0,0,0,558
11/04/2000,SJU,PR,ASO,ES,Combined TRACON& Tower with Radar,296,113,19,3,431,1,50,33,1,85,297,163,52,4,516,0,0,0,516
11/05/2000,SJU,PR,ASO,ES,Combined TRACON& Tower with Radar,302,128,17,1,448,1,63,50,1,115,303,191,67,2,563,2,0,2,565
11/06/2000,SJU,PR,ASO,ES,Combined TRACON& Tower with Radar,262,146,26,1,435,1,54,56,0,111,263,200,82,1,546,0,0,0,546
11/07/2000,SJU,PR,ASO,ES,Combined TRACON& Tower with Radar,262,131,20,10,423,1,48,40,10,99,263,179,60,20,522,0,0,0,522
11/08/2000,SJU,PR,ASO,ES,Combined TRACON& Tower with Radar,240,149,30,17,436,1,61,71,4,137,241,210,101,21,573,0,0,0,573
11/09/2000,SJU,PR,ASO,ES,Combined TRACON& Tower with Radar,243,168,24,6,441,1,48,71,1,121,244,216,95,7,562,4,0,4,566
11/10/2000,SJU,PR,ASO,ES,Combined TRACON& Tower with Radar,270,157,25,5,457,1,71,68,0,140,271,228,93,5,597,4,0,4,601
11/11/2000,SJU,PR,ASO,ES,Combined TRACON& Tower with Radar,318,129,16,7,470,1,53,42,0,96,319,182,58,7,566,2,0,2,568
11/12/2000,SJU,PR,ASO,ES,Combined TRACON& Tower with Radar,313,118,26,3,460,1,57,30,0,88,314,175,56,3,548,0,0,0,548
11/13/2000,SJU,PR,ASO,ES,Combined TRACON& Tower with Radar,270,140,26,6,442,1,69,65,2,137,271,209,91,8,579,4,0,4,583
11/14/2000,SJU,PR,ASO,ES,Combined TRACON& Tower with Radar,268,132,36,8,444,1,70,66,7,144,269,202,102,15,588,0,0,0,588
11/15/2000,SJU,PR,ASO,ES,Combined TRACON& Tower with Radar,250,150,34,11,445,1,55,55,7,118,251,205,89,18,563,2,0,2,565
11/16/2000,SJU,PR,ASO,ES,Combined TRACON& Tower with Radar,267,158,34,6,465,0,59,77,0,136,267,217,111,6,601,2,0,2,603
11/17/2000,SJU,PR,ASO,ES,Combined TRACON& Tower with Radar,277,152,39,10,478,1,64,97,4,166,278,216,136,14,644,2,0,2,646
11/18/2000,SJU,PR,ASO,ES,Combined TRACON& Tower with Radar,274,134,25,8,441,1,85,47,0,133,275,219,72,8,574,2,0,2,576
11/19/2000,SJU,PR,ASO,ES,Combined TRACON& Tower with Radar,281,133,23,6,443,1,58,33,0,92,282,191,56,6,535,0,0,0,535
11/20/2000,SJU,PR,ASO,ES,Combined TRACON& Tower with Radar,231,160,32,6,429,1,65,87,0,153,232,225,119,6,582,0,0,0,582
11/21/2000,SJU,PR,ASO,ES,Combined TRACON& Tower with Radar,254,145,21,14,434,1,67,72,8,148,255,212,93,22,582,0,0,0,582
11/22/2000,SJU,PR,ASO,ES,Combined TRACON& Tower with Radar,290,151,31,12,484,1,66,77,5,149,291,217,108,17,633,0,0,0,633
11/23/2000,SJU,PR,ASO,ES,Combined TRACON& Tower with Radar,267,167,31,0,465,1,56,37,3,97,268,223,68,3,562,0,0,0,562
11/24/2000,SJU,PR,ASO,ES,Combined TRACON& Tower with Radar,241,161,40,1,443,1,69,58,2,130,242,230,98,3,573,0,0,0,573
11/25/2000,SJU,PR,ASO,ES,Combined TRACON& Tower with Radar,288,133,30,8,459,1,62,48,0,111,289,195,78,8,570,0,0,0,570
11/26/2000,SJU,PR,ASO,ES,Combined TRACON& Tower with Radar,302,135,39,0,476,0,44,43,0,87,302,179,82,0,563,0,0,0,563
11/27/2000,SJU,PR,ASO,ES,Combined TRACON& Tower with Radar,264,151,35,2,452,0,75,90,0,165,264,226,125,2,617,0,0,0,617
11/28/2000,SJU,PR,ASO,ES,Combined TRACON& Tower with Radar,279,161,50,8,498,0,51,57,4,112,279,212,107,12,610,0,0,0,610
11/29/2000,SJU,PR,ASO,ES,Combined TRACON& Tower with Radar,234,148,45,5,432,0,64,72,5,141,234,212,117,10,573,0,0,0,573
11/30/2000,SJU,PR,ASO,ES,Combined TRACON& Tower with Radar,245,168,54,6,473,0,62,59,1,122,245,230,113,7,595,2,0,2,597
12/01/2000,SJU,PR,ASO,ES,Combined TRACON& Tower with Radar,273,151,36,7,467,0,80,65,7,152,273,231,101,14,619,0,2,2,621
12/02/2000,SJU,PR,ASO,ES,Combined TRACON& Tower with Radar,303,142,35,11,491,0,57,50,3,110,303,199,85,14,601,0,0,0,601
12/03/2000,SJU,PR,ASO,ES,Combined TRACON& Tower with Radar,314,131,25,5,475,0,52,41,6,99,314,183,66,11,574,4,0,4,578
12/04/2000,SJU,PR,ASO,ES,Combined TRACON& Tower with Radar,284,152,44,15,495,0,73,80,15,168,284,225,124,30,663,0,0,0,663
12/05/2000,SJU,PR,ASO,ES,Combined TRACON& Tower with Radar,261,144,25,8,438,0,62,63,7,132,261,206,88,15,570,0,0,0,570
12/06/2000,SJU,PR,ASO,ES,Combined TRACON& Tower with Radar,281,149,53,7,490,0,66,83,7,156,281,215,136,14,646,0,0,0,646
12/07/2000,SJU,PR,ASO,ES,Combined TRACON& Tower with Radar,269,127,39,11,446,0,63,69,5,137,269,190,108,16,583,0,0,0,583
12/08/2000,SJU,PR,ASO,ES,Combined TRACON& Tower with Radar,321,148,30,7,506,0,70,75,1,146,321,218,105,8,652,0,0,0,652
12/09/2000,SJU,PR,ASO,ES,Combined TRACON& Tower with Radar,301,135,40,6,482,0,46,49,2,97,301,181,89,8,579,0,0,0,579
12/10/2000,SJU,PR,ASO,ES,Combined TRACON& Tower with Radar,283,167,33,6,489,0,34,43,2,79,283,201,76,8,568,0,0,0,568
12/11/2000,SJU,PR,ASO,ES,Combined TRACON& Tower with Radar,256,138,47,0,441,0,61,76,0,137,256,199,123,0,578,0,0,0,578
12/12/2000,SJU,PR,ASO,ES,Combined TRACON& Tower with Radar,269,166,29,9,473,0,61,59,1,121,269,227,88,10,594,0,0,0,594
12/13/2000,SJU,PR,ASO,ES,Combined TRACON& Tower with Radar,260,148,35,6,449,0,58,90,3,151,260,206,125,9,600,0,0,0,600
12/14/2000,SJU,PR,ASO,ES,Combined TRACON& Tower with Radar,273,156,63,7,499,0,63,72,3,138,273,219,135,10,637,0,0,0,637
12/15/2000,SJU,PR,ASO,ES,Combined TRACON& Tower with Radar,285,177,41,16,519,0,59,63,4,126,285,236,104,20,645,0,0,0,645
12/16/2000,SJU,PR,ASO,ES,Combined TRACON& Tower with Radar,328,159,34,11,532,0,31,43,5,79,328,190,77,16,611,0,0,0,611
12/17/2000,SJU,PR,ASO,ES,Combined TRACON& Tower with Radar,288,158,23,3,472,0,31,29,1,61,288,189,52,4,533,0,0,0,533
12/18/2000,SJU,PR,ASO,ES,Combined TRACON& Tower with Radar,259,165,40,6,470,0,64,69,2,135,259,229,109,8,605,0,0,0,605
12/19/2000,SJU,PR,ASO,ES,Combined TRACON& Tower with Radar,271,158,36,7,472,0,61,78,8,147,271,219,114,15,619,2,0,2,621
12/20/2000,SJU,PR,ASO,ES,Combined TRACON& Tower with Radar,289,164,26,7,486,0,71,70,3,144,289,235,96,10,630,2,0,2,632
12/21/2000,SJU,PR,ASO,ES,Combined TRACON& Tower with Radar,290,158,54,6,508,0,94,97,3,194,290,252,151,9,702,0,0,0,702
12/22/2000,SJU,PR,ASO,ES,Combined TRACON& Tower with Radar,306,173,56,5,540,0,71,91,0,162,306,244,147,5,702,0,0,0,702
12/23/2000,SJU,PR,ASO,ES,Combined TRACON& Tower with Radar,321,151,36,5,513,0,74,66,1,141,321,225,102,6,654,0,0,0,654
12/24/2000,SJU,PR,ASO,ES,Combined TRACON& Tower with Radar,338,155,30,0,523,0,57,35,0,92,338,212,65,0,615,0,0,0,615
12/25/2000,SJU,PR,ASO,ES,Combined TRACON& Tower with Radar,237,129,15,0,381,0,65,37,1,103,237,194,52,1,484,0,0,0,484
12/26/2000,SJU,PR,ASO,ES,Combined TRACON& Tower with Radar,234,135,39,1,409,0,90,76,3,169,234,225,115,4,578,0,0,0,578
12/27/2000,SJU,PR,ASO,ES,Combined TRACON& Tower with Radar,277,150,37,7,471,0,87,97,2,186,277,237,134,9,657,0,0,0,657
12/28/2000,SJU,PR,ASO,ES,Combined TRACON& Tower with Radar,272,152,42,1,467,0,84,73,3,160,272,236,115,4,627,0,0,0,627
12/29/2000,SJU,PR,ASO,ES,Combined TRACON& Tower with Radar,270,175,61,7,513,0,90,95,1,186,270,265,156,8,699,0,0,0,699
12/30/2000,SJU,PR,ASO,ES,Combined TRACON& Tower with Radar,272,141,30,8,451,0,82,62,1,145,272,223,92,9,596,0,0,0,596
12/31/2000,SJU,PR,ASO,ES,Combined TRACON& Tower with Radar,261,132,19,0,412,0,66,41,2,109,261,198,60,2,521,2,0,2,523
01/01/2001,SJU,PR,ASO,ES,Combined TRACON& Tower with Radar,253,125,34,5,417,0,85,44,0,129,253,210,78,5,546,0,0,0,546
01/02/2001,SJU,PR,ASO,ES,Combined TRACON& Tower with Radar,261,155,64,10,490,0,93,97,4,194,261,248,161,14,684,0,0,0,684
01/03/2001,SJU,PR,ASO,ES,Combined TRACON& Tower with Radar,269,152,34,10,465,0,120,80,2,202,269,272,114,12,667,0,0,0,667
01/04/2001,SJU,PR,ASO,ES,Combined TRACON& Tower with Radar,272,177,38,8,495,0,124,85,1,210,272,301,123,9,705,4,0,4,709
01/05/2001,SJU,PR,ASO,ES,Combined TRACON& Tower with Radar,312,173,42,6,533,0,123,56,4,183,312,296,98,10,716,10,0,10,726
01/06/2001,SJU,PR,ASO,ES,Combined TRACON& Tower with Radar,306,125,26,6,463,0,88,56,2,146,306,213,82,8,609,0,0,0,609
01/07/2001,SJU,PR,ASO,ES,Combined TRACON& Tower with Radar,303,152,41,4,500,0,83,48,0,131,303,235,89,4,631,0,0,0,631
01/08/2001,SJU,PR,ASO,ES,Combined TRACON& Tower with Radar,250,174,47,4,475,0,98,41,0,139,250,272,88,4,614,2,0,2,616
01/09/2001,SJU,PR,ASO,ES,Combined TRACON& Tower with Radar,272,155,39,8,474,0,95,55,4,154,272,250,94,12,628,0,0,0,628
01/10/2001,SJU,PR,ASO,ES,Combined TRACON& Tower with Radar,267,154,44,11,476,0,89,50,1,140,267,243,94,12,616,2,2,4,620
01/11/2001,SJU,PR,ASO,ES,Combined TRACON& Tower with Radar,273,179,32,5,489,0,109,71,2,182,273,288,103,7,671,4,0,4,675
01/12/2001,SJU,PR,ASO,ES,Combined TRACON& Tower with Radar,269,172,28,4,473,0,110,54,1,165,269,282,82,5,638,0,0,0,638
01/13/2001,SJU,PR,ASO,ES,Combined TRACON& Tower with Radar,267,152,40,10,469,0,75,50,4,129,267,227,90,14,598,5,0,5,603
01/14/2001,SJU,PR,ASO,ES,Combined TRACON& Tower with Radar,308,153,18,1,480,0,71,31,0,102,308,224,49,1,582,0,0,0,582
01/15/2001,SJU,PR,ASO,ES,Combined TRACON& Tower with Radar,261,134,40,6,441,0,100,43,0,143,261,234,83,6,584,0,0,0,584
01/16/2001,SJU,PR,ASO,ES,Combined TRACON& Tower with Radar,262,143,31,11,447,0,91,63,1,155,262,234,94,12,602,0,0,0,602
01/17/2001,SJU,PR,ASO,ES,Combined TRACON& Tower with Radar,272,125,34,10,441,0,104,57,6,167,272,229,91,16,608,0,0,0,608
01/18/2001,SJU,PR,ASO,ES,Combined TRACON& Tower with Radar,269,140,27,10,446,0,97,67,7,171,269,237,94,17,617,0,0,0,617
01/19/2001,SJU,PR,ASO,ES,Combined TRACON& Tower with Radar,254,128,41,2,425,0,98,71,2,171,254,226,112,4,596,0,0,0,596
01/20/2001,SJU,PR,ASO,ES,Combined TRACON& Tower with Radar,317,133,21,6,477,0,82,63,0,145,317,215,84,6,622,1,0,1,623
01/21/2001,SJU,PR,ASO,ES,Combined TRACON& Tower with Radar,282,133,27,10,452,0,65,24,1,90,282,198,51,11,542,0,0,0,542
01/22/2001,SJU,PR,ASO,ES,Combined TRACON& Tower with Radar,256,169,18,1,444,0,89,57,1,147,256,258,75,2,591,0,0,0,591
01/23/2001,SJU,PR,ASO,ES,Combined TRACON& Tower with Radar,263,155,30,4,452,0,80,64,3,147,263,235,94,7,599,2,0,2,601
01/24/2001,SJU,PR,ASO,ES,Combined TRACON& Tower with Radar,269,148,30,5,452,0,102,60,2,164,269,250,90,7,616,0,0,0,616
01/25/2001,SJU,PR,ASO,ES,Combined TRACON& Tower with Radar,258,148,38,3,447,0,19,66,4,89,258,167,104,7,536,2,0,2,538
01/26/2001,SJU,PR,ASO,ES,Combined TRACON& Tower with Radar,282,178,44,10,514,0,106,65,9,180,282,284,109,19,694,2,0,2,696
01/27/2001,SJU,PR,ASO,ES,Combined TRACON& Tower with Radar,301,136,18,7,462,0,60,51,3,114,301,196,69,10,576,0,0,0,576
01/28/2001,SJU,PR,ASO,ES,Combined TRACON& Tower with Radar,281,150,31,6,468,0,47,45,0,92,281,197,76,6,560,0,0,0,560
01/29/2001,SJU,PR,ASO,ES,Combined TRACON& Tower with Radar,284,225,47,5,561,0,16,16,2,34,284,241,63,7,595,0,0,0,595
01/30/2001,SJU,PR,ASO,ES,Combined TRACON& Tower with Radar,258,146,29,4,437,0,93,67,3,163,258,239,96,7,600,0,0,0,600
01/31/2001,SJU,PR,ASO,ES,Combined TRACON& Tower with Radar,258,162,33,6,459,0,93,71,4,168,258,255,104,10,627,0,0,0,627
02/01/2001,SJU,PR,ASO,ES,Combined TRACON& Tower with Radar,273,147,40,9,469,4,112,79,4,199,277,259,119,13,668,0,0,0,668
02/02/2001,SJU,PR,ASO,ES,Combined TRACON& Tower with Radar,286,162,37,5,490,4,110,61,3,178,290,272,98,8,668,0,0,0,668
02/03/2001,SJU,PR,ASO,ES,Combined TRACON& Tower with Radar,327,117,21,9,474,4,107,53,1,165,331,224,74,10,639,0,0,0,639
02/04/2001,SJU,PR,ASO,ES,Combined TRACON& Tower with Radar,290,118,19,2,429,4,77,36,4,121,294,195,55,6,550,0,0,0,550
02/05/2001,SJU,PR,ASO,ES,Combined TRACON& Tower with Radar,272,132,36,2,442,4,125,63,2,194,276,257,99,4,636,2,0,2,638
02/06/2001,SJU,PR,ASO,ES,Combined TRACON& Tower with Radar,293,145,32,9,479,4,133,62,2,201,297,278,94,11,680,0,0,0,680
02/07/2001,SJU,PR,ASO,ES,Combined TRACON& Tower with Radar,276,152,32,8,468,4,128,63,6,201,280,280,95,14,669,0,0,0,669
02/08/2001,SJU,PR,ASO,ES,Combined TRACON& Tower with Radar,303,118,30,2,453,4,125,78,1,208,307,243,108,3,661,0,0,0,661
02/09/2001,SJU,PR,ASO,ES,Combined TRACON& Tower with Radar,294,213,44,4,555,0,105,40,0,145,294,318,84,4,700,0,0,0,700
02/10/2001,SJU,PR,ASO,ES,Combined TRACON& Tower with Radar,328,124,27,2,481,4,101,57,1,163,332,225,84,3,644,0,0,0,644
02/11/2001,SJU,PR,ASO,ES,Combined TRACON& Tower with Radar,319,125,19,6,469,4,80,40,1,125,323,205,59,7,594,0,0,0,594
02/12/2001,SJU,PR,ASO,ES,Combined TRACON& Tower with Radar,262,174,22,5,463,4,84,49,2,139,266,258,71,7,602,0,0,0,602
02/13/2001,SJU,PR,ASO,ES,Combined TRACON& Tower with Radar,259,125,20,8,412,4,94,56,6,160,263,219,76,14,572,0,0,0,572
02/14/2001,SJU,PR,ASO,ES,Combined TRACON& Tower with Radar,261,148,26,11,446,4,79,56,4,143,265,227,82,15,589,0,0,0,589
02/15/2001,SJU,PR,ASO,ES,Combined TRACON& Tower with Radar,262,141,28,10,441,4,109,66,2,181,266,250,94,12,622,2,0,2,624
02/16/2001,SJU,PR,ASO,ES,Combined TRACON& Tower with Radar,279,152,36,24,491,4,105,79,3,191,283,257,115,27,682,0,0,0,682
02/17/2001,SJU,PR,ASO,ES,Combined TRACON& Tower with Radar,289,146,29,6,470,39,78,52,7,176,328,224,81,13,646,0,0,0,646
02/18/2001,SJU,PR,ASO,ES,Combined TRACON& Tower with Radar,326,134,20,5,485,4,87,44,1,136,330,221,64,6,621,0,0,0,621
02/19/2001,SJU,PR,ASO,ES,Combined TRACON& Tower with Radar,256,138,29,4,427,4,108,40,1,153,260,246,69,5,580,0,0,0,580
02/20/2001,SJU,PR,ASO,ES,Combined TRACON& Tower with Radar,294,147,29,6,476,2,98,82,11,193,296,245,111,17,669,4,0,4,673
02/21/2001,SJU,PR,ASO,ES,Combined TRACON& Tower with Radar,279,188,79,9,555,2,40,0,0,42,281,228,79,9,597,0,0,0,597
02/22/2001,SJU,PR,ASO,ES,Combined TRACON& Tower with Radar,313,167,34,5,519,3,136,86,2,227,316,303,120,7,746,0,0,0,746
02/23/2001,SJU,PR,ASO,ES,Combined TRACON& Tower with Radar,311,184,27,6,528,3,138,67,3,211,314,322,94,9,739,0,0,0,739
02/24/2001,SJU,PR,ASO,ES,Combined TRACON& Tower with Radar,346,149,36,8,539,3,90,60,1,154,349,239,96,9,693,0,0,0,693
02/25/2001,SJU,PR,ASO,ES,Combined TRACON& Tower with Radar,318,120,25,1,464,3,107,43,2,155,321,227,68,3,619,0,0,0,619
02/26/2001,SJU,PR,ASO,ES,Combined TRACON& Tower with Radar,282,149,25,3,459,3,122,74,1,200,285,271,99,4,659,0,0,0,659
02/27/2001,SJU,PR,ASO,ES,Combined TRACON& Tower with Radar,292,139,30,1,462,3,117,79,4,203,295,256,109,5,665,8,0,8,673
02/28/2001,SJU,PR,ASO,ES,Combined TRACON& Tower with Radar,263,160,20,9,452,3,117,61,4,185,266,277,81,13,637,0,0,0,637
03/01/2001,SJU,PR,ASO,ES,Combined TRACON& Tower with Radar,266,149,32,7,454,0,128,49,6,183,266,277,81,13,637,0,0,0,637
03/02/2001,SJU,PR,ASO,ES,Combined TRACON& Tower with Radar,299,147,31,7,484,2,128,76,1,207,301,275,107,8,691,4,0,4,695
03/03/2001,SJU,PR,ASO,ES,Combined TRACON& Tower with Radar,290,158,34,3,485,0,134,86,0,220,290,292,120,3,705,0,0,0,705
03/04/2001,SJU,PR,ASO,ES,Combined TRACON& Tower with Radar,299,131,18,4,452,2,84,49,1,136,301,215,67,5,588,0,0,0,588
03/05/2001,SJU,PR,ASO,ES,Combined TRACON& Tower with Radar,259,135,24,4,422,2,143,68,2,215,261,278,92,6,637,0,0,0,637
03/06/2001,SJU,PR,ASO,ES,Combined TRACON& Tower with Radar,256,137,27,6,426,2,114,51,1,168,258,251,78,7,594,2,0,2,596
03/07/2001,SJU,PR,ASO,ES,Combined TRACON& Tower with Radar,292,156,29,13,490,2,118,874,4,998,294,274,903,17,1488,10,0,10,1498
03/08/2001,SJU,PR,ASO,ES,Combined TRACON& Tower with Radar,290,142,31,7,470,4,132,62,10,208,294,274,93,17,678,10,0,10,688
03/09/2001,SJU,PR,ASO,ES,Combined TRACON& Tower with Radar,290,154,34,7,485,0,133,56,5,194,290,287,90,12,679,0,0,0,679
03/10/2001,SJU,PR,ASO,ES,Combined TRACON& Tower with Radar,349,114,30,4,497,2,113,73,4,192,351,227,103,8,689,2,0,2,691
03/11/2001,SJU,PR,ASO,ES,Combined TRACON& Tower with Radar,315,125,32,10,482,2,80,33,5,120,317,205,65,15,602,2,0,2,604
03/12/2001,SJU,PR,ASO,ES,Combined TRACON& Tower with Radar,275,140,24,9,448,2,134,67,3,206,277,274,91,12,654,0,0,0,654
03/13/2001,SJU,PR,ASO,ES,Combined TRACON& Tower with Radar,276,158,38,10,482,2,99,68,1,170,278,257,106,11,652,0,0,0,652
03/14/2001,SJU,PR,ASO,ES,Combined TRACON& Tower with Radar,301,130,55,13,499,2,111,97,2,212,303,241,152,15,711,0,0,0,711
03/15/2001,SJU,PR,ASO,ES,Combined TRACON& Tower with Radar,310,139,20,9,478,1,124,64,0,189,311,263,84,9,667,0,0,0,667
03/16/2001,SJU,PR,ASO,ES,Combined TRACON& Tower with Radar,303,175,34,7,519,1,115,59,1,176,304,290,93,8,695,0,0,0,695
03/17/2001,SJU,PR,ASO,ES,Combined TRACON& Tower with Radar,349,120,23,6,498,1,129,74,3,207,350,249,97,9,705,0,0,0,705
03/18/2001,SJU,PR,ASO,ES,Combined TRACON& Tower with Radar,336,125,36,4,501,1,99,53,1,154,337,224,89,5,655,0,0,0,655
03/19/2001,SJU,PR,ASO,ES,Combined TRACON& Tower with Radar,278,133,16,1,428,1,133,79,0,213,279,266,95,1,641,0,0,0,641
03/20/2001,SJU,PR,ASO,ES,Combined TRACON& Tower with Radar,265,156,42,7,470,1,83,51,2,137,266,239,93,9,607,0,0,0,607
03/21/2001,SJU,PR,ASO,ES,Combined TRACON& Tower with Radar,295,169,38,13,515,1,77,69,2,149,296,246,107,15,664,0,0,0,664
03/22/2001,SJU,PR,ASO,ES,Combined TRACON& Tower with Radar,286,155,33,5,479,0,82,65,0,147,286,237,98,5,626,1,0,1,627
03/23/2001,SJU,PR,ASO,ES,Combined TRACON& Tower with Radar,302,197,41,6,546,1,92,72,1,166,303,289,113,7,712,0,0,0,712
03/24/2001,SJU,PR,ASO,ES,Combined TRACON& Tower with Radar,347,146,29,7,529,1,98,77,1,177,348,244,106,8,706,0,0,0,706
03/25/2001,SJU,PR,ASO,ES,Combined TRACON& Tower with Radar,317,126,22,2,467,1,92,54,1,148,318,218,76,3,615,0,0,0,615
03/26/2001,SJU,PR,ASO,ES,Combined TRACON& Tower with Radar,279,142,29,9,459,1,98,68,0,167,280,240,97,9,626,4,0,4,630
03/27/2001,SJU,PR,ASO,ES,Combined TRACON& Tower with Radar,280,150,32,7,469,0,90,75,8,173,280,240,107,15,642,2,0,2,644
03/28/2001,SJU,PR,ASO,ES,Combined TRACON& Tower with Radar,261,123,39,17,440,1,105,54,4,164,262,228,93,21,604,0,0,0,604
03/29/2001,SJU,PR,ASO,ES,Combined TRACON& Tower with Radar,275,136,33,13,457,1,108,63,2,174,276,244,96,15,631,0,0,0,631
03/30/2001,SJU,PR,ASO,ES,Combined TRACON& Tower with Radar,269,175,39,1,484,1,125,82,1,209,270,300,121,2,693,0,0,0,693
03/31/2001,SJU,PR,ASO,ES,Combined TRACON& Tower with Radar,333,134,36,5,508,1,119,72,0,192,334,253,108,5,700,0,0,0,700
04/01/2001,SJU,PR,ASO,ES,Combined TRACON& Tower with Radar,315,129,29,0,473,2,96,54,2,154,317,225,83,2,627,2,0,2,629
04/02/2001,SJU,PR,ASO,ES,Combined TRACON& Tower with Radar,246,153,32,2,433,2,119,48,4,173,248,272,80,6,606,2,0,2,608
04/03/2001,SJU,PR,ASO,ES,Combined TRACON& Tower with Radar,288,132,25,1,446,2,99,67,5,173,290,231,92,6,619,0,0,0,619
04/04/2001,SJU,PR,ASO,ES,Combined TRACON& Tower with Radar,274,138,28,3,443,2,100,68,3,173,276,238,96,6,616,0,0,0,616
04/05/2001,SJU,PR,ASO,ES,Combined TRACON& Tower with Radar,244,151,36,0,431,3,102,67,2,174,247,253,103,2,605,0,0,0,605
04/06/2001,SJU,PR,ASO,ES,Combined TRACON& Tower with Radar,292,147,32,9,480,2,109,62,2,175,294,256,94,11,655,2,0,2,657
04/07/2001,SJU,PR,ASO,ES,Combined TRACON& Tower with Radar,330,127,17,8,482,2,113,64,2,181,332,240,81,10,663,0,0,0,663
04/08/2001,SJU,PR,ASO,ES,Combined TRACON& Tower with Radar,312,109,18,0,439,3,81,35,2,121,315,190,53,2,560,0,0,0,560
04/09/2001,SJU,PR,ASO,ES,Combined TRACON& Tower with Radar,285,135,35,7,462,2,83,62,3,150,287,218,97,10,612,0,0,0,612
04/10/2001,SJU,PR,ASO,ES,Combined TRACON& Tower with Radar,248,128,29,8,413,2,119,60,3,184,250,247,89,11,597,0,0,0,597
04/11/2001,SJU,PR,ASO,ES,Combined TRACON& Tower with Radar,246,128,30,7,411,2,113,78,2,195,248,241,108,9,606,0,0,0,606
04/12/2001,SJU,PR,ASO,ES,Combined TRACON& Tower with Radar,266,127,35,5,433,2,98,65,2,167,268,225,100,7,600,0,0,0,600
04/13/2001,SJU,PR,ASO,ES,Combined TRACON& Tower with Radar,283,137,27,2,449,9,107,64,0,180,292,244,91,2,629,2,0,2,631
04/14/2001,SJU,PR,ASO,ES,Combined TRACON& Tower with Radar,320,128,15,6,469,2,96,61,1,160,322,224,76,7,629,0,0,0,629
04/15/2001,SJU,PR,ASO,ES,Combined TRACON& Tower with Radar,283,115,16,2,416,2,80,55,3,140,285,195,71,5,556,0,0,0,556
04/16/2001,SJU,PR,ASO,ES,Combined TRACON& Tower with Radar,252,155,23,5,435,2,127,69,4,202,254,282,92,9,637,0,0,0,637
04/17/2001,SJU,PR,ASO,ES,Combined TRACON& Tower with Radar,248,145,23,6,422,2,88,58,3,151,250,233,81,9,573,4,0,4,577
04/18/2001,SJU,PR,ASO,ES,Combined TRACON& Tower with Radar,267,142,25,6,440,2,78,61,1,142,269,220,86,7,582,0,0,0,582
04/19/2001,SJU,PR,ASO,ES,Combined TRACON& Tower with Radar,280,138,29,11,458,2,113,89,2,206,282,251,118,13,664,2,0,2,666
04/20/2001,SJU,PR,ASO,ES,Combined TRACON& Tower with Radar,291,156,42,7,496,2,135,74,4,215,293,291,116,11,711,0,0,0,711
04/21/2001,SJU,PR,ASO,ES,Combined TRACON& Tower with Radar,300,172,35,6,513,2,61,49,1,113,302,233,84,7,626,0,0,0,626
04/22/2001,SJU,PR,ASO,ES,Combined TRACON& Tower with Radar,287,141,16,12,456,2,61,33,3,99,289,202,49,15,555,0,0,0,555
04/23/2001,SJU,PR,ASO,ES,Combined TRACON& Tower with Radar,251,136,30,4,421,2,90,65,2,159,253,226,95,6,580,0,0,0,580
04/24/2001,SJU,PR,ASO,ES,Combined TRACON& Tower with Radar,268,133,26,5,432,0,77,67,12,156,268,210,93,17,588,0,0,0,588
04/25/2001,SJU,PR,ASO,ES,Combined TRACON& Tower with Radar,274,129,30,9,442,2,87,53,5,147,276,216,83,14,589,0,0,0,589
04/26/2001,SJU,PR,ASO,ES,Combined TRACON& Tower with Radar,300,116,28,11,455,2,83,64,9,158,302,199,92,20,613,0,0,0,613
04/27/2001,SJU,PR,ASO,ES,Combined TRACON& Tower with Radar,293,121,24,2,440,2,107,82,2,193,295,228,106,4,633,2,0,2,635
04/28/2001,SJU,PR,ASO,ES,Combined TRACON& Tower with Radar,279,135,27,5,446,35,71,48,4,158,314,206,75,9,604,0,0,0,604
04/29/2001,SJU,PR,ASO,ES,Combined TRACON& Tower with Radar,264,108,18,0,390,3,79,42,0,124,267,187,60,0,514,0,0,0,514
04/30/2001,SJU,PR,ASO,ES,Combined TRACON& Tower with Radar,250,165,32,10,457,0,0,0,0,0,250,165,32,10,457,0,0,0,457
05/01/2001,SJU,PR,ASO,ES,Combined TRACON& Tower with Radar,264,145,31,9,449,0,59,28,2,89,264,204,59,11,538,0,0,0,538
05/02/2001,SJU,PR,ASO,ES,Combined TRACON& Tower with Radar,257,138,23,9,427,0,95,43,0,138,257,233,66,9,565,0,0,0,565
05/03/2001,SJU,PR,ASO,ES,Combined TRACON& Tower with Radar,315,191,37,3,546,0,99,80,2,181,315,290,117,5,727,20,0,20,747
05/04/2001,SJU,PR,ASO,ES,Combined TRACON& Tower with Radar,267,134,24,7,432,0,104,66,1,171,267,238,90,8,603,0,0,0,603
05/05/2001,SJU,PR,ASO,ES,Combined TRACON& Tower with Radar,312,128,16,4,460,0,98,47,1,146,312,226,63,5,606,0,0,0,606
05/06/2001,SJU,PR,ASO,ES,Combined TRACON& Tower with Radar,286,114,11,5,416,0,37,30,2,69,286,151,41,7,485,0,0,0,485
05/07/2001,SJU,PR,ASO,ES,Combined TRACON& Tower with Radar,282,163,31,3,479,0,48,33,0,81,282,211,64,3,560,0,0,0,560
05/08/2001,SJU,PR,ASO,ES,Combined TRACON& Tower with Radar,273,144,38,14,469,0,42,47,6,95,273,186,85,20,564,0,0,0,564
05/09/2001,SJU,PR,ASO,ES,Combined TRACON& Tower with Radar,250,137,28,6,421,0,60,56,2,118,250,197,84,8,539,0,0,0,539
05/10/2001,SJU,PR,ASO,ES,Combined TRACON& Tower with Radar,274,157,41,6,478,0,59,55,4,118,274,216,96,10,596,0,0,0,596
05/11/2001,SJU,PR,ASO,ES,Combined TRACON& Tower with Radar,285,159,37,9,490,0,89,53,6,148,285,248,90,15,638,0,0,0,638
05/12/2001,SJU,PR,ASO,ES,Combined TRACON& Tower with Radar,320,126,20,5,471,0,87,52,2,141,320,213,72,7,612,0,0,0,612
05/13/2001,SJU,PR,ASO,ES,Combined TRACON& Tower with Radar,291,102,11,2,406,0,64,30,2,96,291,166,41,4,502,0,0,0,502
05/14/2001,SJU,PR,ASO,ES,Combined TRACON& Tower with Radar,277,109,21,1,408,0,77,49,0,126,277,186,70,1,534,0,0,0,534
05/15/2001,SJU,PR,ASO,ES,Combined TRACON& Tower with Radar,266,129,23,8,426,3,90,47,0,140,269,219,70,8,566,0,0,0,566
05/16/2001,SJU,PR,ASO,ES,Combined TRACON& Tower with Radar,238,155,36,8,437,0,72,64,0,136,238,227,100,8,573,0,0,0,573
05/17/2001,SJU,PR,ASO,ES,Combined TRACON& Tower with Radar,276,129,27,3,435,0,68,53,0,121,276,197,80,3,556,0,0,0,556
05/18/2001,SJU,PR,ASO,ES,Combined TRACON& Tower with Radar,276,153,38,6,473,0,71,74,0,145,276,224,112,6,618,0,0,0,618
05/19/2001,SJU,PR,ASO,ES,Combined TRACON& Tower with Radar,274,132,24,8,438,2,66,33,11,112,276,198,57,19,550,0,0,0,550
05/20/2001,SJU,PR,ASO,ES,Combined TRACON& Tower with Radar,242,117,21,4,384,28,39,30,0,97,270,156,51,4,481,2,2,4,485
05/21/2001,SJU,PR,ASO,ES,Combined TRACON& Tower with Radar,265,119,26,20,430,0,77,49,2,128,265,196,75,22,558,0,0,0,558
05/22/2001,SJU,PR,ASO,ES,Combined TRACON& Tower with Radar,281,149,23,15,468,10,75,54,2,141,291,224,77,17,609,0,0,0,609
05/23/2001,SJU,PR,ASO,ES,Combined TRACON& Tower with Radar,271,135,28,14,448,0,63,72,2,137,271,198,100,16,585,0,2,2,587
05/24/2001,SJU,PR,ASO,ES,Combined TRACON& Tower with Radar,282,115,33,9,439,0,70,63,0,133,282,185,96,9,572,0,0,0,572
05/25/2001,SJU,PR,ASO,ES,Combined TRACON& Tower with Radar,299,146,29,8,482,0,0,54,8,62,299,146,83,16,544,2,0,2,546
05/26/2001,SJU,PR,ASO,ES,Combined TRACON& Tower with Radar,299,110,14,11,434,0,64,48,3,115,299,174,62,14,549,0,0,0,549
05/27/2001,SJU,PR,ASO,ES,Combined TRACON& Tower with Radar,283,122,7,0,412,0,71,20,1,92,283,193,27,1,504,0,0,0,504
05/28/2001,SJU,PR,ASO,ES,Combined TRACON& Tower with Radar,278,143,35,1,457,0,74,43,0,117,278,217,78,1,574,0,0,0,574
05/29/2001,SJU,PR,ASO,ES,Combined TRACON& Tower with Radar,253,115,19,9,396,0,87,51,9,147,253,202,70,18,543,0,0,0,543
05/30/2001,SJU,PR,ASO,ES,Combined TRACON& Tower with Radar,277,130,26,11,444,0,0,0,0,0,277,130,26,11,444,0,14,14,458
05/31/2001,SJU,PR,ASO,ES,Combined TRACON& Tower with Radar,287,121,29,13,450,0,84,90,3,177,287,205,119,16,627,0,8,8,635
06/01/2001,SJU,PR,ASO,ES,Combined TRACON& Tower with Radar,307,164,29,5,505,0,74,70,0,144,307,238,99,5,649,0,0,0,649
06/02/2001,SJU,PR,ASO,ES,Combined TRACON& Tower with Radar,298,99,17,6,420,0,59,40,0,99,298,158,57,6,519,0,0,0,519
06/03/2001,SJU,PR,ASO,ES,Combined TRACON& Tower with Radar,294,96,2,2,394,0,54,25,1,80,294,150,27,3,474,0,0,0,474
06/04/2001,SJU,PR,ASO,ES,Combined TRACON& Tower with Radar,287,137,27,3,454,0,79,48,0,127,287,216,75,3,581,0,0,0,581
06/05/2001,SJU,PR,ASO,ES,Combined TRACON& Tower with Radar,298,148,23,9,478,0,66,64,5,135,298,214,87,14,613,4,0,4,617
06/06/2001,SJU,PR,ASO,ES,Combined TRACON& Tower with Radar,296,114,18,11,439,0,70,60,3,133,296,184,78,14,572,0,2,2,574
06/07/2001,SJU,PR,ASO,ES,Combined TRACON& Tower with Radar,280,138,32,4,454,0,75,62,2,139,280,213,94,6,593,0,0,0,593
06/08/2001,SJU,PR,ASO,ES,Combined TRACON& Tower with Radar,298,145,37,7,487,0,84,74,8,166,298,229,111,15,653,0,0,0,653
06/09/2001,SJU,PR,ASO,ES,Combined TRACON& Tower with Radar,301,124,25,0,450,33,39,17,0,89,334,163,42,0,539,0,0,0,539
06/10/2001,SJU,PR,ASO,ES,Combined TRACON& Tower with Radar,308,110,22,0,440,26,0,0,0,26,334,110,22,0,466,0,0,0,466
06/11/2001,SJU,PR,ASO,ES,Combined TRACON& Tower with Radar,270,131,27,2,430,0,81,61,1,143,270,212,88,3,573,0,0,0,573
06/12/2001,SJU,PR,ASO,ES,Combined TRACON& Tower with Radar,274,117,23,4,418,0,82,56,7,145,274,199,79,11,563,0,0,0,563
06/13/2001,SJU,PR,ASO,ES,Combined TRACON& Tower with Radar,282,136,25,9,452,0,69,70,8,147,282,205,95,17,599,1,13,14,613
06/14/2001,SJU,PR,ASO,ES,Combined TRACON& Tower with Radar,285,123,36,12,456,0,80,59,6,145,285,203,95,18,601,0,8,8,609
06/15/2001,SJU,PR,ASO,ES,Combined TRACON& Tower with Radar,311,151,40,3,505,0,81,78,5,164,311,232,118,8,669,0,0,0,669
06/16/2001,SJU,PR,ASO,ES,Combined TRACON& Tower with Radar,325,100,15,9,449,0,61,52,7,120,325,161,67,16,569,0,0,0,569
06/17/2001,SJU,PR,ASO,ES,Combined TRACON& Tower with Radar,306,114,13,2,435,0,49,21,1,71,306,163,34,3,506,0,0,0,506
06/18/2001,SJU,PR,ASO,ES,Combined TRACON& Tower with Radar,271,111,23,5,410,7,72,54,1,134,278,183,77,6,544,0,0,0,544
06/19/2001,SJU,PR,ASO,ES,Combined TRACON& Tower with Radar,285,115,39,10,449,0,72,62,3,137,285,187,101,13,586,0,0,0,586
06/20/2001,SJU,PR,ASO,ES,Combined TRACON& Tower with Radar,275,119,40,11,445,0,72,57,5,134,275,191,97,16,579,0,0,0,579
06/21/2001,SJU,PR,ASO,ES,Combined TRACON& Tower with Radar,303,137,36,26,502,0,87,73,3,163,303,224,109,29,665,0,0,0,665
06/22/2001,SJU,PR,ASO,ES,Combined TRACON& Tower with Radar,315,123,17,8,463,0,86,47,10,143,315,209,64,18,606,2,0,2,608
06/23/2001,SJU,PR,ASO,ES,Combined TRACON& Tower with Radar,316,102,26,5,449,0,62,52,1,115,316,164,78,6,564,2,0,2,566
06/24/2001,SJU,PR,ASO,ES,Combined TRACON& Tower with Radar,260,108,22,2,392,21,42,17,0,80,281,150,39,2,472,0,0,0,472
06/25/2001,SJU,PR,ASO,ES,Combined TRACON& Tower with Radar,272,143,26,3,444,0,52,47,0,99,272,195,73,3,543,0,0,0,543
06/26/2001,SJU,PR,ASO,ES,Combined TRACON& Tower with Radar,296,133,39,5,473,0,63,61,1,125,296,196,100,6,598,3,1,4,602
06/27/2001,SJU,PR,ASO,ES,Combined TRACON& Tower with Radar,292,136,30,4,462,0,67,58,1,126,292,203,88,5,588,0,0,0,588
06/28/2001,SJU,PR,ASO,ES,Combined TRACON& Tower with Radar,298,122,23,5,448,0,66,65,1,132,298,188,88,6,580,0,0,0,580
06/29/2001,SJU,PR,ASO,ES,Combined TRACON& Tower with Radar,325,131,27,8,491,0,89,70,2,161,325,220,97,10,652,6,0,6,658
06/30/2001,SJU,PR,ASO,ES,Combined TRACON& Tower with Radar,327,117,28,7,479,0,65,65,1,131,327,182,93,8,610,2,0,2,612
07/01/2001,SJU,PR,ASO,ES,Combined TRACON& Tower with Radar,311,122,22,5,460,1,42,30,0,73,312,164,52,5,533,0,0,0,533
07/02/2001,SJU,PR,ASO,ES,Combined TRACON& Tower with Radar,275,149,47,1,472,1,50,63,0,114,276,199,110,1,586,0,0,0,586
07/03/2001,SJU,PR,ASO,ES,Combined TRACON& Tower with Radar,269,128,47,3,447,1,69,63,2,135,270,197,110,5,582,0,0,0,582
07/04/2001,SJU,PR,ASO,ES,Combined TRACON& Tower with Radar,268,141,27,1,437,1,58,28,0,87,269,199,55,1,524,0,0,0,524
07/05/2001,SJU,PR,ASO,ES,Combined TRACON& Tower with Radar,295,146,37,5,483,6,74,75,12,167,301,220,112,17,650,0,2,2,652
07/06/2001,SJU,PR,ASO,ES,Combined TRACON& Tower with Radar,282,137,36,1,456,1,85,62,2,150,283,222,98,3,606,0,0,0,606
07/07/2001,SJU,PR,ASO,ES,Combined TRACON& Tower with Radar,265,132,33,4,434,27,35,23,5,90,292,167,56,9,524,4,0,4,528
07/08/2001,SJU,PR,ASO,ES,Combined TRACON& Tower with Radar,281,101,15,2,399,1,62,24,0,87,282,163,39,2,486,0,0,0,486
07/09/2001,SJU,PR,ASO,ES,Combined TRACON& Tower with Radar,260,149,28,1,438,1,69,66,1,137,261,218,94,2,575,0,0,0,575
07/10/2001,SJU,PR,ASO,ES,Combined TRACON& Tower with Radar,294,141,42,4,481,1,77,50,0,128,295,218,92,4,609,2,0,2,611
07/11/2001,SJU,PR,ASO,ES,Combined TRACON& Tower with Radar,300,137,35,3,475,1,75,71,0,147,301,212,106,3,622,0,0,0,622
07/12/2001,SJU,PR,ASO,ES,Combined TRACON& Tower with Radar,295,145,26,5,471,1,80,41,2,124,296,225,67,7,595,0,0,0,595
07/13/2001,SJU,PR,ASO,ES,Combined TRACON& Tower with Radar,298,149,49,12,508,1,79,48,7,135,299,228,97,19,643,2,0,2,645
07/14/2001,SJU,PR,ASO,ES,Combined TRACON& Tower with Radar,302,128,32,8,470,0,87,43,2,132,302,215,75,10,602,0,0,0,602
07/15/2001,SJU,PR,ASO,ES,Combined TRACON& Tower with Radar,280,115,19,1,415,0,52,25,0,77,280,167,44,1,492,0,0,0,492
07/16/2001,SJU,PR,ASO,ES,Combined TRACON& Tower with Radar,253,132,33,0,418,0,67,53,0,120,253,199,86,0,538,0,0,0,538
07/17/2001,SJU,PR,ASO,ES,Combined TRACON& Tower with Radar,270,136,28,6,440,0,66,61,0,127,270,202,89,6,567,0,0,0,567
07/18/2001,SJU,PR,ASO,ES,Combined TRACON& Tower with Radar,268,143,27,8,446,0,70,52,5,127,268,213,79,13,573,2,0,2,575
07/19/2001,SJU,PR,ASO,ES,Combined TRACON& Tower with Radar,269,136,48,8,461,0,82,63,5,150,269,218,111,13,611,0,0,0,611
07/20/2001,SJU,PR,ASO,ES,Combined TRACON& Tower with Radar,292,163,33,2,490,0,1,0,0,1,292,164,33,2,491,0,0,0,491
07/21/2001,SJU,PR,ASO,ES,Combined TRACON& Tower with Radar,308,126,37,6,477,0,61,34,0,95,308,187,71,6,572,0,0,0,572
07/22/2001,SJU,PR,ASO,ES,Combined TRACON& Tower with Radar,265,110,21,2,398,0,48,15,0,63,265,158,36,2,461,0,0,0,461
07/23/2001,SJU,PR,ASO,ES,Combined TRACON& Tower with Radar,273,138,39,2,452,0,65,49,1,115,273,203,88,3,567,0,0,0,567
07/24/2001,SJU,PR,ASO,ES,Combined TRACON& Tower with Radar,282,150,41,3,476,0,71,64,0,135,282,221,105,3,611,2,0,2,613
07/25/2001,SJU,PR,ASO,ES,Combined TRACON& Tower with Radar,278,146,43,3,470,0,67,60,6,133,278,213,103,9,603,0,0,0,603
07/26/2001,SJU,PR,ASO,ES,Combined TRACON& Tower with Radar,294,159,40,4,497,0,87,65,2,154,294,246,105,6,651,2,0,2,653
07/27/2001,SJU,PR,ASO,ES,Combined TRACON& Tower with Radar,284,188,38,2,512,0,74,70,2,146,284,262,108,4,658,0,0,0,658
07/28/2001,SJU,PR,ASO,ES,Combined TRACON& Tower with Radar,286,137,30,8,461,0,50,22,1,73,286,187,52,9,534,2,0,2,536
07/29/2001,SJU,PR,ASO,ES,Combined TRACON& Tower with Radar,261,141,23,1,426,0,21,15,1,37,261,162,38,2,463,0,0,0,463
07/30/2001,SJU,PR,ASO,ES,Combined TRACON& Tower with Radar,29,42,19,0,90,0,61,33,0,94,29,103,52,0,184,0,0,0,184
07/31/2001,SJU,PR,ASO,ES,Combined TRACON& Tower with Radar,282,165,42,11,500,0,92,73,0,165,282,257,115,11,665,0,0,0,665
08/01/2001,SJU,PR,ASO,ES,Combined TRACON& Tower with Radar,293,175,43,12,523,2,75,53,3,133,295,250,96,15,656,0,0,0,656
08/02/2001,SJU,PR,ASO,ES,Combined TRACON& Tower with Radar,270,168,32,6,476,2,67,59,1,129,272,235,91,7,605,0,0,0,605
08/03/2001,SJU,PR,ASO,ES,Combined TRACON& Tower with Radar,278,147,48,7,480,2,71,68,1,142,280,218,116,8,622,0,0,0,622
08/04/2001,SJU,PR,ASO,ES,Combined TRACON& Tower with Radar,298,112,25,13,448,2,55,43,3,103,300,167,68,16,551,0,0,0,551
08/05/2001,SJU,PR,ASO,ES,Combined TRACON& Tower with Radar,287,116,23,2,428,2,52,29,2,85,289,168,52,4,513,0,0,0,513
08/06/2001,SJU,PR,ASO,ES,Combined TRACON& Tower with Radar,255,128,27,1,411,2,65,50,2,119,257,193,77,3,530,0,0,0,530
08/07/2001,SJU,PR,ASO,ES,Combined TRACON& Tower with Radar,255,131,37,5,428,2,51,56,1,110,257,182,93,6,538,0,0,0,538
08/08/2001,SJU,PR,ASO,ES,Combined TRACON& Tower with Radar,272,152,29,4,457,2,61,50,2,115,274,213,79,6,572,0,0,0,572
08/09/2001,SJU,PR,ASO,ES,Combined TRACON& Tower with Radar,288,160,30,11,489,2,66,63,6,137,290,226,93,17,626,0,0,0,626
08/10/2001,SJU,PR,ASO,ES,Combined TRACON& Tower with Radar,285,155,34,1,475,2,64,43,0,109,287,219,77,1,584,0,0,0,584
08/11/2001,SJU,PR,ASO,ES,Combined TRACON& Tower with Radar,302,124,30,7,463,2,58,35,3,98,304,182,65,10,561,0,0,0,561
08/12/2001,SJU,PR,ASO,ES,Combined TRACON& Tower with Radar,278,108,18,5,409,2,43,34,0,79,280,151,52,5,488,0,0,0,488
08/13/2001,SJU,PR,ASO,ES,Combined TRACON& Tower with Radar,239,151,23,1,414,2,60,45,0,107,241,211,68,1,521,0,0,0,521
08/14/2001,SJU,PR,ASO,ES,Combined TRACON& Tower with Radar,235,115,23,5,378,2,53,64,1,120,237,168,87,6,498,0,0,0,498
08/15/2001,SJU,PR,ASO,ES,Combined TRACON& Tower with Radar,261,123,39,5,428,2,65,58,0,125,263,188,97,5,553,0,0,0,553
08/16/2001,SJU,PR,ASO,ES,Combined TRACON& Tower with Radar,246,139,23,10,418,2,52,57,2,113,248,191,80,12,531,0,0,0,531
08/17/2001,SJU,PR,ASO,ES,Combined TRACON& Tower with Radar,248,174,33,1,456,2,35,44,0,81,250,209,77,1,537,2,0,2,539
08/18/2001,SJU,PR,ASO,ES,Combined TRACON& Tower with Radar,278,105,20,8,411,2,55,28,0,85,280,160,48,8,496,0,0,0,496
08/19/2001,SJU,PR,ASO,ES,Combined TRACON& Tower with Radar,271,109,17,3,400,2,50,26,0,78,273,159,43,3,478,0,0,0,478
08/20/2001,SJU,PR,ASO,ES,Combined TRACON& Tower with Radar,226,137,30,2,395,35,72,53,0,160,261,209,83,2,555,0,0,0,555
08/21/2001,SJU,PR,ASO,ES,Combined TRACON& Tower with Radar,268,141,30,6,445,0,48,51,10,109,268,189,81,16,554,0,0,0,554
08/22/2001,SJU,PR,ASO,ES,Combined TRACON& Tower with Radar,259,174,32,2,467,2,35,51,0,88,261,209,83,2,555,0,0,0,555
08/23/2001,SJU,PR,ASO,ES,Combined TRACON& Tower with Radar,276,163,35,5,479,0,97,86,0,183,276,260,121,5,662,0,0,0,662
08/24/2001,SJU,PR,ASO,ES,Combined TRACON& Tower with Radar,278,144,35,4,461,2,68,85,1,156,280,212,120,5,617,0,0,0,617
08/25/2001,SJU,PR,ASO,ES,Combined TRACON& Tower with Radar,305,107,5,7,424,2,58,47,0,107,307,165,52,7,531,1,0,1,532
08/26/2001,SJU,PR,ASO,ES,Combined TRACON& Tower with Radar,278,117,19,0,414,2,42,28,0,72,280,159,47,0,486,0,0,0,486
08/27/2001,SJU,PR,ASO,ES,Combined TRACON& Tower with Radar,257,145,31,5,438,0,74,48,12,134,257,219,79,17,572,0,0,0,572
08/28/2001,SJU,PR,ASO,ES,Combined TRACON& Tower with Radar,259,160,37,5,461,1,46,58,1,106,260,206,95,6,567,0,0,0,567
08/29/2001,SJU,PR,ASO,ES,Combined TRACON& Tower with Radar,252,166,29,0,447,1,51,56,0,108,253,217,85,0,555,0,0,0,555
08/30/2001,SJU,PR,ASO,ES,Combined TRACON& Tower with Radar,249,161,49,6,465,1,72,74,2,149,250,233,123,8,614,0,0,0,614
08/31/2001,SJU,PR,ASO,ES,Combined TRACON& Tower with Radar,289,165,62,2,518,1,65,76,1,143,290,230,138,3,661,0,0,0,661
09/01/2001,SJU,PR,ASO,ES,Combined TRACON& Tower with Radar,284,121,23,4,432,0,43,28,0,71,284,164,51,4,503,0,0,0,503
09/02/2001,SJU,PR,ASO,ES,Combined TRACON& Tower with Radar,291,112,19,2,424,0,38,27,0,65,291,150,46,2,489,0,0,0,489
09/03/2001,SJU,PR,ASO,ES,Combined TRACON& Tower with Radar,249,169,35,0,453,0,50,51,0,101,249,219,86,0,554,0,0,0,554
09/04/2001,SJU,PR,ASO,ES,Combined TRACON& Tower with Radar,263,142,44,8,457,0,65,60,3,128,263,207,104,11,585,0,0,0,585
09/05/2001,SJU,PR,ASO,ES,Combined TRACON& Tower with Radar,204,135,20,10,369,0,58,61,5,124,204,193,81,15,493,0,0,0,493
09/06/2001,SJU,PR,ASO,ES,Combined TRACON& Tower with Radar,235,131,38,1,405,0,68,48,0,116,235,199,86,1,521,0,0,0,521
09/07/2001,SJU,PR,ASO,ES,Combined TRACON& Tower with Radar,226,127,24,3,380,0,63,58,0,121,226,190,82,3,501,0,0,0,501
09/08/2001,SJU,PR,ASO,ES,Combined TRACON& Tower with Radar,205,121,17,3,346,35,29,28,0,92,240,150,45,3,438,0,0,0,438
09/09/2001,SJU,PR,ASO,ES,Combined TRACON& Tower with Radar,23,123,17,3,166,0,11,25,3,39,23,134,42,6,205,0,0,0,205
09/10/2001,SJU,PR,ASO,ES,Combined TRACON& Tower with Radar,223,138,27,4,392,0,62,63,4,129,223,200,90,8,521,0,0,0,521
09/11/2001,SJU,PR,ASO,ES,Combined TRACON& Tower with Radar,68,16,1,17,102,0,2,1,0,3,68,18,2,17,105,0,0,0,105
09/12/2001,SJU,PR,ASO,ES,Combined TRACON& Tower with Radar,0,0,0,3,3,0,0,6,3,9,0,0,6,6,12,0,0,0,12
09/13/2001,SJU,PR,ASO,ES,Combined TRACON& Tower with Radar,0,0,0,0,0,0,0,6,6,12,0,0,6,6,12,0,0,0,12
09/14/2001,SJU,PR,ASO,ES,Combined TRACON& Tower with Radar,113,161,0,0,274,0,60,10,0,70,113,221,10,0,344,0,0,0,344
09/15/2001,SJU,PR,ASO,ES,Combined TRACON& Tower with Radar,188,125,6,4,323,0,41,7,0,48,188,166,13,4,371,0,0,0,371
09/16/2001,SJU,PR,ASO,ES,Combined TRACON& Tower with Radar,216,106,0,2,324,0,33,0,0,33,216,139,0,2,357,0,0,0,357
09/17/2001,SJU,PR,ASO,ES,Combined TRACON& Tower with Radar,200,170,5,1,376,0,48,6,0,54,200,218,11,1,430,0,0,0,430
09/18/2001,SJU,PR,ASO,ES,Combined TRACON& Tower with Radar,203,158,13,2,376,0,53,14,0,67,203,211,27,2,443,0,0,0,443
09/19/2001,SJU,PR,ASO,ES,Combined TRACON& Tower with Radar,199,163,15,2,379,0,57,14,0,71,199,220,29,2,450,0,0,0,450
09/20/2001,SJU,PR,ASO,ES,Combined TRACON& Tower with Radar,191,154,21,0,366,0,66,27,3,96,191,220,48,3,462,0,0,0,462
09/21/2001,SJU,PR,ASO,ES,Combined TRACON& Tower with Radar,196,126,47,3,372,0,41,46,0,87,196,167,93,3,459,0,0,0,459
09/22/2001,SJU,PR,ASO,ES,Combined TRACON& Tower with Radar,210,87,2,4,303,0,40,24,0,64,210,127,26,4,367,0,0,0,367
09/23/2001,SJU,PR,ASO,ES,Combined TRACON& Tower with Radar,191,113,16,3,323,19,14,10,1,44,210,127,26,4,367,0,0,0,367
09/24/2001,SJU,PR,ASO,ES,Combined TRACON& Tower with Radar,206,141,29,0,376,0,31,40,0,71,206,172,69,0,447,0,0,0,447
09/25/2001,SJU,PR,ASO,ES,Combined TRACON& Tower with Radar,206,130,29,4,369,0,33,63,0,96,206,163,92,4,465,0,0,0,465
09/26/2001,SJU,PR,ASO,ES,Combined TRACON& Tower with Radar,198,155,16,3,372,0,51,25,0,76,198,206,41,3,448,2,0,2,450
09/27/2001,SJU,PR,ASO,ES,Combined TRACON& Tower with Radar,204,149,19,6,378,0,64,49,0,113,204,213,68,6,491,0,0,0,491
09/28/2001,SJU,PR,ASO,ES,Combined TRACON& Tower with Radar,211,126,11,8,356,0,63,61,2,126,211,189,72,10,482,0,0,0,482
09/29/2001,SJU,PR,ASO,ES,Combined TRACON& Tower with Radar,202,77,9,9,297,0,50,36,0,86,202,127,45,9,383,0,0,0,383
09/30/2001,SJU,PR,ASO,ES,Combined TRACON& Tower with Radar,206,100,2,3,311,0,35,15,3,53,206,135,17,6,364,0,0,0,364
10/01/2001,SJU,PR,ASO,ES,Combined TRACON& Tower with Radar,214,160,16,4,394,1,46,28,1,76,215,206,44,5,470,0,0,0,470
10/02/2001,SJU,PR,ASO,ES,Combined TRACON& Tower with Radar,218,132,16,5,371,1,51,37,0,89,219,183,53,5,460,2,0,2,462
10/03/2001,SJU,PR,ASO,ES,Combined TRACON& Tower with Radar,206,160,13,3,382,1,44,34,0,79,207,204,47,3,461,0,0,0,461
10/04/2001,SJU,PR,ASO,ES,Combined TRACON& Tower with Radar,216,149,26,4,395,1,53,41,0,95,217,202,67,4,490,0,0,0,490
10/05/2001,SJU,PR,ASO,ES,Combined TRACON& Tower with Radar,215,145,13,4,377,1,40,18,0,59,216,185,31,4,436,0,0,0,436
10/06/2001,SJU,PR,ASO,ES,Combined TRACON& Tower with Radar,224,89,13,4,330,1,49,33,0,83,225,138,46,4,413,0,0,0,413
10/07/2001,SJU,PR,ASO,ES,Combined TRACON& Tower with Radar,193,99,9,0,301,0,35,18,0,53,193,134,27,0,354,0,0,0,354
10/08/2001,SJU,PR,ASO,ES,Combined TRACON& Tower with Radar,201,156,18,0,375,1,41,30,0,72,202,197,48,0,447,0,0,0,447
10/09/2001,SJU,PR,ASO,ES,Combined TRACON& Tower with Radar,193,144,15,6,358,1,49,53,0,103,194,193,68,6,461,0,0,0,461
10/10/2001,SJU,PR,ASO,ES,Combined TRACON& Tower with Radar,198,143,12,17,370,1,65,50,6,122,199,208,62,23,492,2,0,2,494
10/11/2001,SJU,PR,ASO,ES,Combined TRACON& Tower with Radar,200,150,20,2,372,1,66,82,0,149,201,216,102,2,521,0,0,0,521
10/12/2001,SJU,PR,ASO,ES,Combined TRACON& Tower with Radar,203,138,14,2,357,1,72,50,0,123,204,210,64,2,480,0,0,0,480
10/13/2001,SJU,PR,ASO,ES,Combined TRACON& Tower with Radar,137,83,12,3,235,1,40,33,0,74,138,123,45,3,309,0,0,0,309
10/14/2001,SJU,PR,ASO,ES,Combined TRACON& Tower with Radar,210,121,5,0,336,0,30,6,1,37,210,151,11,1,373,1,0,1,374
10/15/2001,SJU,PR,ASO,ES,Combined TRACON& Tower with Radar,196,167,7,1,371,1,32,11,0,44,197,199,18,1,415,0,0,0,415
10/16/2001,SJU,PR,ASO,ES,Combined TRACON& Tower with Radar,175,141,17,4,337,0,62,40,0,102,175,203,57,4,439,0,0,0,439
10/17/2001,SJU,PR,ASO,ES,Combined TRACON& Tower with Radar,186,120,22,1,329,1,65,38,0,104,187,185,60,1,433,0,0,0,433
10/18/2001,SJU,PR,ASO,ES,Combined TRACON& Tower with Radar,191,124,14,3,332,4,80,39,0,123,195,204,53,3,455,0,0,0,455
10/19/2001,SJU,PR,ASO,ES,Combined TRACON& Tower with Radar,204,121,18,3,346,1,55,67,0,123,205,176,85,3,469,0,0,0,469
10/20/2001,SJU,PR,ASO,ES,Combined TRACON& Tower with Radar,221,74,4,8,307,1,55,25,0,81,222,129,29,8,388,0,0,0,388
10/21/2001,SJU,PR,ASO,ES,Combined TRACON& Tower with Radar,190,77,8,4,279,0,42,10,1,53,190,119,18,5,332,0,0,0,332
10/22/2001,SJU,PR,ASO,ES,Combined TRACON& Tower with Radar,188,132,11,2,333,1,61,53,0,115,189,193,64,2,448,0,0,0,448
10/23/2001,SJU,PR,ASO,ES,Combined TRACON& Tower with Radar,192,140,14,5,351,1,56,55,3,115,193,196,69,8,466,0,0,0,466
10/24/2001,SJU,PR,ASO,ES,Combined TRACON& Tower with Radar,177,145,15,2,339,1,64,48,1,114,178,209,63,3,453,0,0,0,453
10/25/2001,SJU,PR,ASO,ES,Combined TRACON& Tower with Radar,198,126,13,4,341,1,74,68,3,146,199,200,81,7,487,0,0,0,487
10/26/2001,SJU,PR,ASO,ES,Combined TRACON& Tower with Radar,201,138,23,3,365,1,78,57,2,138,202,216,80,5,503,0,0,0,503
10/27/2001,SJU,PR,ASO,ES,Combined TRACON& Tower with Radar,197,97,13,6,313,1,72,26,2,101,198,169,39,8,414,0,0,0,414
10/28/2001,SJU,PR,ASO,ES,Combined TRACON& Tower with Radar,190,78,27,1,296,0,62,2,0,64,190,140,29,1,360,0,0,0,360
10/29/2001,SJU,PR,ASO,ES,Combined TRACON& Tower with Radar,187,138,16,3,344,0,77,37,1,115,187,215,53,4,459,0,0,0,459
10/30/2001,SJU,PR,ASO,ES,Combined TRACON& Tower with Radar,199,125,23,4,351,1,74,52,0,127,200,199,75,4,478,8,0,8,486
10/31/2001,SJU,PR,ASO,ES,Combined TRACON& Tower with Radar,179,131,7,3,320,1,73,52,0,126,180,204,59,3,446,0,0,0,446
11/01/2001,SJU,PR,ASO,ES,Combined TRACON& Tower with Radar,224,134,12,7,377,2,78,67,2,149,226,212,79,9,526,0,0,0,526
11/02/2001,SJU,PR,ASO,ES,Combined TRACON& Tower with Radar,240,118,9,2,369,2,105,37,0,144,242,223,46,2,513,0,0,0,513
11/03/2001,SJU,PR,ASO,ES,Combined TRACON& Tower with Radar,209,104,15,4,332,33,29,20,14,96,242,133,35,18,428,0,1,1,429
11/04/2001,SJU,PR,ASO,ES,Combined TRACON& Tower with Radar,238,74,6,3,321,2,62,23,0,87,240,136,29,3,408,0,0,0,408
11/05/2001,SJU,PR,ASO,ES,Combined TRACON& Tower with Radar,220,113,11,1,345,2,72,66,0,140,222,185,77,1,485,0,0,0,485
11/06/2001,SJU,PR,ASO,ES,Combined TRACON& Tower with Radar,229,96,11,13,349,2,82,41,0,125,231,178,52,13,474,0,0,0,474
11/07/2001,SJU,PR,ASO,ES,Combined TRACON& Tower with Radar,221,160,15,5,401,2,26,20,0,48,223,186,35,5,449,0,0,0,449
11/08/2001,SJU,PR,ASO,ES,Combined TRACON& Tower with Radar,247,140,22,2,411,0,73,26,0,99,247,213,48,2,510,0,0,0,510
11/09/2001,SJU,PR,ASO,ES,Combined TRACON& Tower with Radar,261,184,22,2,469,1,22,28,0,51,262,206,50,2,520,0,0,0,520
11/10/2001,SJU,PR,ASO,ES,Combined TRACON& Tower with Radar,254,92,15,5,366,1,82,22,0,105,255,174,37,5,471,0,0,0,471
11/11/2001,SJU,PR,ASO,ES,Combined TRACON& Tower with Radar,242,75,8,0,325,1,65,24,0,90,243,140,32,0,415,0,0,0,415
11/12/2001,SJU,PR,ASO,ES,Combined TRACON& Tower with Radar,228,112,10,0,350,1,84,36,0,121,229,196,46,0,471,0,0,0,471
11/13/2001,SJU,PR,ASO,ES,Combined TRACON& Tower with Radar,227,125,20,4,376,0,60,65,5,130,227,185,85,9,506,0,0,0,506
11/14/2001,SJU,PR,ASO,ES,Combined TRACON& Tower with Radar,226,133,27,3,389,1,65,61,0,127,227,198,88,3,516,0,0,0,516
11/15/2001,SJU,PR,ASO,ES,Combined TRACON& Tower with Radar,259,135,31,6,431,1,79,66,6,152,260,214,97,12,583,0,0,0,583
11/16/2001,SJU,PR,ASO,ES,Combined TRACON& Tower with Radar,281,135,27,3,446,1,87,67,0,155,282,222,94,3,601,0,0,0,601
11/17/2001,SJU,PR,ASO,ES,Combined TRACON& Tower with Radar,300,83,15,6,404,1,83,44,0,128,301,166,59,6,532,0,0,0,532
11/18/2001,SJU,PR,ASO,ES,Combined TRACON& Tower with Radar,284,94,8,2,388,1,61,24,1,87,285,155,32,3,475,0,0,0,475
11/19/2001,SJU,PR,ASO,ES,Combined TRACON& Tower with Radar,254,147,21,1,423,1,73,41,0,115,255,220,62,1,538,2,0,2,540
11/20/2001,SJU,PR,ASO,ES,Combined TRACON& Tower with Radar,265,139,29,10,443,1,62,68,7,138,266,201,97,17,581,0,0,0,581
11/21/2001,SJU,PR,ASO,ES,Combined TRACON& Tower with Radar,263,139,26,9,437,1,81,75,2,159,264,220,101,11,596,0,0,0,596
11/22/2001,SJU,PR,ASO,ES,Combined TRACON& Tower with Radar,277,144,12,0,433,1,52,29,0,82,278,196,41,0,515,0,0,0,515
11/23/2001,SJU,PR,ASO,ES,Combined TRACON& Tower with Radar,256,136,13,1,406,1,90,53,0,144,257,226,66,1,550,0,0,0,550
11/24/2001,SJU,PR,ASO,ES,Combined TRACON& Tower with Radar,289,90,13,4,396,1,98,56,0,155,290,188,69,4,551,0,0,0,551
11/25/2001,SJU,PR,ASO,ES,Combined TRACON& Tower with Radar,296,126,21,2,445,1,85,36,0,122,297,211,57,2,567,0,0,0,567
11/26/2001,SJU,PR,ASO,ES,Combined TRACON& Tower with Radar,264,134,25,13,436,1,91,47,2,141,265,225,72,15,577,0,0,0,577
11/27/2001,SJU,PR,ASO,ES,Combined TRACON& Tower with Radar,270,172,31,13,486,1,46,66,0,113,271,218,97,13,599,0,0,0,599
11/28/2001,SJU,PR,ASO,ES,Combined TRACON& Tower with Radar,245,147,33,5,430,1,84,44,0,129,246,231,77,5,559,2,14,16,575
11/29/2001,SJU,PR,ASO,ES,Combined TRACON& Tower with Radar,282,146,32,6,466,1,77,52,3,133,283,223,84,9,599,0,0,0,599
11/30/2001,SJU,PR,ASO,ES,Combined TRACON& Tower with Radar,263,136,30,4,433,1,80,65,0,146,264,216,95,4,579,0,0,0,579
12/01/2001,SJU,PR,ASO,ES,Combined TRACON& Tower with Radar,296,97,7,5,405,2,71,39,0,112,298,168,46,5,517,0,0,0,517
12/02/2001,SJU,PR,ASO,ES,Combined TRACON& Tower with Radar,274,105,23,3,405,2,50,32,0,84,276,155,55,3,489,0,0,0,489
12/03/2001,SJU,PR,ASO,ES,Combined TRACON& Tower with Radar,248,139,31,3,421,2,56,71,0,129,250,195,102,3,550,0,0,0,550
12/04/2001,SJU,PR,ASO,ES,Combined TRACON& Tower with Radar,254,147,18,0,419,1,33,58,2,94,255,180,76,2,513,0,0,0,513
12/05/2001,SJU,PR,ASO,ES,Combined TRACON& Tower with Radar,249,153,40,1,443,1,36,39,2,78,250,189,79,3,521,0,0,0,521
12/06/2001,SJU,PR,ASO,ES,Combined TRACON& Tower with Radar,243,137,30,0,410,1,71,64,0,136,244,208,94,0,546,0,0,0,546
12/07/2001,SJU,PR,ASO,ES,Combined TRACON& Tower with Radar,259,159,47,4,469,1,63,46,1,111,260,222,93,5,580,0,0,0,580
12/08/2001,SJU,PR,ASO,ES,Combined TRACON& Tower with Radar,288,104,22,3,417,1,71,34,1,107,289,175,56,4,524,0,0,0,524
12/09/2001,SJU,PR,ASO,ES,Combined TRACON& Tower with Radar,267,99,15,2,383,1,58,28,0,87,268,157,43,2,470,0,0,0,470
12/10/2001,SJU,PR,ASO,ES,Combined TRACON& Tower with Radar,249,143,23,4,419,1,66,46,0,113,250,209,69,4,532,0,0,0,532
12/11/2001,SJU,PR,ASO,ES,Combined TRACON& Tower with Radar,270,160,27,9,466,1,38,77,0,116,271,198,104,9,582,0,0,0,582
12/12/2001,SJU,PR,ASO,ES,Combined TRACON& Tower with Radar,277,166,41,4,488,1,36,36,1,74,278,202,77,5,562,0,0,0,562
12/13/2001,SJU,PR,ASO,ES,Combined TRACON& Tower with Radar,279,143,29,6,457,1,67,68,0,136,280,210,97,6,593,0,0,0,593
12/14/2001,SJU,PR,ASO,ES,Combined TRACON& Tower with Radar,292,164,24,11,491,1,62,64,3,130,293,226,88,14,621,0,0,0,621
12/15/2001,SJU,PR,ASO,ES,Combined TRACON& Tower with Radar,334,149,24,4,511,1,18,26,0,45,335,167,50,4,556,0,0,0,556
12/16/2001,SJU,PR,ASO,ES,Combined TRACON& Tower with Radar,334,128,32,1,495,1,37,21,0,59,335,165,53,1,554,0,0,0,554
12/17/2001,SJU,PR,ASO,ES,Combined TRACON& Tower with Radar,286,180,37,3,506,1,30,28,0,59,287,210,65,3,565,0,0,0,565
12/18/2001,SJU,PR,ASO,ES,Combined TRACON& Tower with Radar,304,175,50,6,535,1,41,55,1,98,305,216,105,7,633,0,0,0,633
12/19/2001,SJU,PR,ASO,ES,Combined TRACON& Tower with Radar,315,144,48,7,514,1,86,69,0,156,316,230,117,7,670,0,0,0,670
12/20/2001,SJU,PR,ASO,ES,Combined TRACON& Tower with Radar,319,169,48,2,538,1,96,82,1,180,320,265,130,3,718,0,0,0,718
12/21/2001,SJU,PR,ASO,ES,Combined TRACON& Tower with Radar,313,168,48,1,530,1,89,82,1,173,314,257,130,2,703,0,0,0,703
12/22/2001,SJU,PR,ASO,ES,Combined TRACON& Tower with Radar,346,187,69,3,605,1,50,50,0,101,347,237,119,3,706,0,0,0,706
12/23/2001,SJU,PR,ASO,ES,Combined TRACON& Tower with Radar,335,183,42,0,560,0,35,38,0,73,335,218,80,0,633,0,0,0,633
12/24/2001,SJU,PR,ASO,ES,Combined TRACON& Tower with Radar,287,187,29,0,503,1,64,43,0,108,288,251,72,0,611,0,0,0,611
12/25/2001,SJU,PR,ASO,ES,Combined TRACON& Tower with Radar,267,91,13,0,371,1,63,36,0,100,268,154,49,0,471,0,0,0,471
12/26/2001,SJU,PR,ASO,ES,Combined TRACON& Tower with Radar,290,144,38,3,475,1,123,75,0,199,291,267,113,3,674,4,0,4,678
12/27/2001,SJU,PR,ASO,ES,Combined TRACON& Tower with Radar,292,139,45,6,482,1,153,88,3,245,293,292,133,9,727,0,0,0,727
12/28/2001,SJU,PR,ASO,ES,Combined TRACON& Tower with Radar,306,136,36,3,481,1,111,85,0,197,307,247,121,3,678,0,0,0,678
12/29/2001,SJU,PR,ASO,ES,Combined TRACON& Tower with Radar,357,105,29,5,496,1,83,48,0,132,358,188,77,5,628,0,0,0,628
12/30/2001,SJU,PR,ASO,ES,Combined TRACON& Tower with Radar,330,115,38,0,483,1,70,47,0,118,331,185,85,0,601,0,0,0,601
12/31/2001,SJU,PR,ASO,ES,Combined TRACON& Tower with Radar,277,149,26,0,452,1,79,51,0,131,278,228,77,0,583,0,0,0,583
01/01/2002,SJU,PR,ASO,ES,Combined TRACON& Tower with Radar,266,116,39,0,421,1,82,53,0,136,267,198,92,0,557,0,0,0,557
01/02/2002,SJU,PR,ASO,ES,Combined TRACON& Tower with Radar,287,147,46,3,483,1,117,86,2,206,288,264,132,5,689,0,0,0,689
01/03/2002,SJU,PR,ASO,ES,Combined TRACON& Tower with Radar,288,153,38,1,480,0,135,86,0,221,288,288,124,1,701,0,0,0,701
01/04/2002,SJU,PR,ASO,ES,Combined TRACON& Tower with Radar,304,178,22,2,506,1,140,66,1,208,305,318,88,3,714,0,0,0,714
01/05/2002,SJU,PR,ASO,ES,Combined TRACON& Tower with Radar,358,178,42,3,581,1,81,51,0,133,359,259,93,3,714,0,0,0,714
01/06/2002,SJU,PR,ASO,ES,Combined TRACON& Tower with Radar,321,164,53,2,540,1,49,41,0,91,322,213,94,2,631,0,0,0,631
01/07/2002,SJU,PR,ASO,ES,Combined TRACON& Tower with Radar,291,153,26,2,472,1,92,39,0,132,292,245,65,2,604,0,0,0,604
01/08/2002,SJU,PR,ASO,ES,Combined TRACON& Tower with Radar,287,145,36,8,476,1,81,70,3,155,288,226,106,11,631,0,0,0,631
01/09/2002,SJU,PR,ASO,ES,Combined TRACON& Tower with Radar,273,159,35,4,471,1,98,56,5,160,274,257,91,9,631,0,0,0,631
01/10/2002,SJU,PR,ASO,ES,Combined TRACON& Tower with Radar,276,158,34,3,471,1,84,92,0,177,277,242,126,3,648,0,0,0,648
01/11/2002,SJU,PR,ASO,ES,Combined TRACON& Tower with Radar,289,159,32,2,482,1,88,93,0,182,290,247,125,2,664,0,0,0,664
01/12/2002,SJU,PR,ASO,ES,Combined TRACON& Tower with Radar,332,103,22,12,469,1,78,70,2,151,333,181,92,14,620,0,0,0,620
01/13/2002,SJU,PR,ASO,ES,Combined TRACON& Tower with Radar,321,104,25,8,458,1,60,24,2,87,322,164,49,10,545,0,0,0,545
01/14/2002,SJU,PR,ASO,ES,Combined TRACON& Tower with Radar,278,146,30,0,454,1,88,37,0,126,279,234,67,0,580,0,0,0,580
01/15/2002,SJU,PR,ASO,ES,Combined TRACON& Tower with Radar,268,139,41,10,458,1,69,86,1,157,269,208,127,11,615,0,0,0,615
01/16/2002,SJU,PR,ASO,ES,Combined TRACON& Tower with Radar,276,139,53,10,478,1,75,87,1,164,277,214,140,11,642,0,0,0,642
01/17/2002,SJU,PR,ASO,ES,Combined TRACON& Tower with Radar,278,136,43,5,462,1,88,79,0,168,279,224,122,5,630,0,0,0,630
01/18/2002,SJU,PR,ASO,ES,Combined TRACON& Tower with Radar,277,158,43,6,484,1,87,63,0,151,278,245,106,6,635,0,0,0,635
01/19/2002,SJU,PR,ASO,ES,Combined TRACON& Tower with Radar,327,97,20,5,449,1,75,43,0,119,328,172,63,5,568,0,0,0,568
01/20/2002,SJU,PR,ASO,ES,Combined TRACON& Tower with Radar,324,101,15,2,442,1,60,43,0,104,325,161,58,2,546,0,0,0,546
01/21/2002,SJU,PR,ASO,ES,Combined TRACON& Tower with Radar,272,136,28,0,436,1,87,53,0,141,273,223,81,0,577,0,0,0,577
01/22/2002,SJU,PR,ASO,ES,Combined TRACON& Tower with Radar,267,152,41,8,468,1,64,67,1,133,268,216,108,9,601,0,0,0,601
01/23/2002,SJU,PR,ASO,ES,Combined TRACON& Tower with Radar,267,138,36,5,446,1,84,60,3,148,268,222,96,8,594,0,0,0,594
01/24/2002,SJU,PR,ASO,ES,Combined TRACON& Tower with Radar,275,149,25,4,453,1,52,54,0,107,276,201,79,4,560,0,0,0,560
01/25/2002,SJU,PR,ASO,ES,Combined TRACON& Tower with Radar,299,139,34,6,478,1,88,70,1,160,300,227,104,7,638,0,0,0,638
01/26/2002,SJU,PR,ASO,ES,Combined TRACON& Tower with Radar,322,100,19,6,447,1,76,52,0,129,323,176,71,6,576,0,0,0,576
01/27/2002,SJU,PR,ASO,ES,Combined TRACON& Tower with Radar,298,93,21,5,417,1,46,36,0,83,299,139,57,5,500,0,0,0,500
01/28/2002,SJU,PR,ASO,ES,Combined TRACON& Tower with Radar,270,166,37,6,479,1,43,25,0,69,271,209,62,6,548,0,0,0,548
01/29/2002,SJU,PR,ASO,ES,Combined TRACON& Tower with Radar,291,152,40,7,490,1,49,48,2,100,292,201,88,9,590,0,0,0,590
01/30/2002,SJU,PR,ASO,ES,Combined TRACON& Tower with Radar,278,144,30,10,462,1,71,56,2,130,279,215,86,12,592,0,0,0,592
01/31/2002,SJU,PR,ASO,ES,Combined TRACON& Tower with Radar,277,140,65,0,482,0,88,84,4,176,277,228,149,4,658,0,0,0,658
02/01/2002,SJU,PR,ASO,ES,Combined TRACON& Tower with Radar,280,185,49,2,516,0,85,81,0,166,280,270,130,2,682,0,0,0,682
02/02/2002,SJU,PR,ASO,ES,Combined TRACON& Tower with Radar,328,117,17,6,468,0,82,43,0,125,328,199,60,6,593,0,0,0,593
02/03/2002,SJU,PR,ASO,ES,Combined TRACON& Tower with Radar,311,150,32,0,493,0,28,29,0,57,311,178,61,0,550,0,0,0,550
02/04/2002,SJU,PR,ASO,ES,Combined TRACON& Tower with Radar,270,144,25,1,440,0,74,65,0,139,270,218,90,1,579,0,0,0,579
02/05/2002,SJU,PR,ASO,ES,Combined TRACON& Tower with Radar,263,159,36,7,465,0,59,71,5,135,263,218,107,12,600,0,0,0,600
02/06/2002,SJU,PR,ASO,ES,Combined TRACON& Tower with Radar,259,149,27,1,436,0,77,60,0,137,259,226,87,1,573,0,0,0,573
02/07/2002,SJU,PR,ASO,ES,Combined TRACON& Tower with Radar,272,166,36,5,479,0,70,80,0,150,272,236,116,5,629,0,0,0,629
02/08/2002,SJU,PR,ASO,ES,Combined TRACON& Tower with Radar,279,142,32,10,463,0,80,86,0,166,279,222,118,10,629,0,0,0,629
02/09/2002,SJU,PR,ASO,ES,Combined TRACON& Tower with Radar,301,112,24,9,446,0,83,56,2,141,301,195,80,11,587,0,0,0,587
02/10/2002,SJU,PR,ASO,ES,Combined TRACON& Tower with Radar,301,108,20,5,434,0,66,46,1,113,301,174,66,6,547,0,0,0,547
02/11/2002,SJU,PR,ASO,ES,Combined TRACON& Tower with Radar,255,142,35,6,438,0,89,66,1,156,255,231,101,7,594,0,0,0,594
02/12/2002,SJU,PR,ASO,ES,Combined TRACON& Tower with Radar,256,147,25,9,437,0,69,60,4,133,256,216,85,13,570,0,0,0,570
02/13/2002,SJU,PR,ASO,ES,Combined TRACON& Tower with Radar,255,162,28,7,452,0,73,84,0,157,255,235,112,7,609,7,0,7,616
02/14/2002,SJU,PR,ASO,ES,Combined TRACON& Tower with Radar,262,155,21,6,444,0,93,85,0,178,262,248,106,6,622,0,0,0,622
02/15/2002,SJU,PR,ASO,ES,Combined TRACON& Tower with Radar,277,152,42,0,471,0,93,89,5,187,277,245,131,5,658,0,0,0,658
02/16/2002,SJU,PR,ASO,ES,Combined TRACON& Tower with Radar,329,109,30,5,473,0,90,59,0,149,329,199,89,5,622,0,0,0,622
02/17/2002,SJU,PR,ASO,ES,Combined TRACON& Tower with Radar,307,107,29,4,447,0,67,33,0,100,307,174,62,4,547,0,0,0,547
02/18/2002,SJU,PR,ASO,ES,Combined TRACON& Tower with Radar,265,146,38,2,451,0,75,52,0,127,265,221,90,2,578,0,0,0,578
02/19/2002,SJU,PR,ASO,ES,Combined TRACON& Tower with Radar,264,165,38,6,473,0,42,67,0,109,264,207,105,6,582,0,0,0,582
02/20/2002,SJU,PR,ASO,ES,Combined TRACON& Tower with Radar,257,131,40,3,431,0,115,43,0,158,257,246,83,3,589,0,0,0,589
02/21/2002,SJU,PR,ASO,ES,Combined TRACON& Tower with Radar,278,136,38,13,465,0,103,70,1,174,278,239,108,14,639,0,0,0,639
02/22/2002,SJU,PR,ASO,ES,Combined TRACON& Tower with Radar,273,144,50,3,470,0,97,96,1,194,273,241,146,4,664,2,0,2,666
02/23/2002,SJU,PR,ASO,ES,Combined TRACON& Tower with Radar,322,99,34,5,460,0,100,72,0,172,322,199,106,5,632,0,0,0,632
02/24/2002,SJU,PR,ASO,ES,Combined TRACON& Tower with Radar,300,117,34,4,455,0,68,61,0,129,300,185,95,4,584,0,0,0,584
02/25/2002,SJU,PR,ASO,ES,Combined TRACON& Tower with Radar,275,139,38,3,455,0,102,73,2,177,275,241,111,5,632,0,0,0,632
02/26/2002,SJU,PR,ASO,ES,Combined TRACON& Tower with Radar,264,169,53,6,492,0,39,52,0,91,264,208,105,6,583,0,0,0,583
02/27/2002,SJU,PR,ASO,ES,Combined TRACON& Tower with Radar,259,141,38,14,452,0,82,66,3,151,259,223,104,17,603,0,0,0,603
02/28/2002,SJU,PR,ASO,ES,Combined TRACON& Tower with Radar,276,131,25,10,442,0,91,77,0,168,276,222,102,10,610,0,0,0,610
03/01/2002,SJU,PR,ASO,ES,Combined TRACON& Tower with Radar,279,165,48,6,498,0,80,75,2,157,279,245,123,8,655,0,0,0,655
03/02/2002,SJU,PR,ASO,ES,Combined TRACON& Tower with Radar,329,92,24,6,451,0,121,78,1,200,329,213,102,7,651,0,0,0,651
03/03/2002,SJU,PR,ASO,ES,Combined TRACON& Tower with Radar,304,117,27,3,451,0,70,49,0,119,304,187,76,3,570,0,0,0,570
03/04/2002,SJU,PR,ASO,ES,Combined TRACON& Tower with Radar,277,131,34,3,445,0,90,60,0,150,277,221,94,3,595,0,0,0,595
03/05/2002,SJU,PR,ASO,ES,Combined TRACON& Tower with Radar,265,120,32,15,432,0,81,63,1,145,265,201,95,16,577,0,0,0,577
03/06/2002,SJU,PR,ASO,ES,Combined TRACON& Tower with Radar,258,155,36,5,454,0,79,67,1,147,258,234,103,6,601,0,0,0,601
03/07/2002,SJU,PR,ASO,ES,Combined TRACON& Tower with Radar,266,144,54,2,466,0,89,84,1,174,266,233,138,3,640,0,0,0,640
03/08/2002,SJU,PR,ASO,ES,Combined TRACON& Tower with Radar,279,155,33,3,470,0,79,90,2,171,279,234,123,5,641,0,0,0,641
03/09/2002,SJU,PR,ASO,ES,Combined TRACON& Tower with Radar,324,124,24,7,479,0,112,69,0,181,324,236,93,7,660,0,0,0,660
03/10/2002,SJU,PR,ASO,ES,Combined TRACON& Tower with Radar,318,118,21,11,468,0,56,44,0,100,318,174,65,11,568,0,0,0,568
03/11/2002,SJU,PR,ASO,ES,Combined TRACON& Tower with Radar,264,150,46,4,464,0,80,60,0,140,264,230,106,4,604,0,0,0,604
03/12/2002,SJU,PR,ASO,ES,Combined TRACON& Tower with Radar,238,120,37,8,403,0,72,67,0,139,238,192,104,8,542,0,0,0,542
03/13/2002,SJU,PR,ASO,ES,Combined TRACON& Tower with Radar,268,132,36,5,441,0,80,68,3,151,268,212,104,8,592,0,0,0,592
03/14/2002,SJU,PR,ASO,ES,Combined TRACON& Tower with Radar,274,131,37,6,448,0,89,86,3,178,274,220,123,9,626,0,0,0,626
03/15/2002,SJU,PR,ASO,ES,Combined TRACON& Tower with Radar,281,128,39,9,457,0,116,86,4,206,281,244,125,13,663,0,0,0,663
03/16/2002,SJU,PR,ASO,ES,Combined TRACON& Tower with Radar,334,86,24,8,452,0,110,54,1,165,334,196,78,9,617,0,0,0,617
03/17/2002,SJU,PR,ASO,ES,Combined TRACON& Tower with Radar,311,96,15,4,426,0,75,51,0,126,311,171,66,4,552,0,0,0,552
03/18/2002,SJU,PR,ASO,ES,Combined TRACON& Tower with Radar,273,151,44,3,471,0,94,56,0,150,273,245,100,3,621,0,0,0,621
03/19/2002,SJU,PR,ASO,ES,Combined TRACON& Tower with Radar,262,123,39,9,433,0,86,66,3,155,262,209,105,12,588,0,0,0,588
03/20/2002,SJU,PR,ASO,ES,Combined TRACON& Tower with Radar,268,131,39,17,455,0,84,60,6,150,268,215,99,23,605,0,0,0,605
03/21/2002,SJU,PR,ASO,ES,Combined TRACON& Tower with Radar,280,122,55,14,471,0,100,93,0,193,280,222,148,14,664,0,0,0,664
03/22/2002,SJU,PR,ASO,ES,Combined TRACON& Tower with Radar,295,136,45,18,494,0,110,72,9,191,295,246,117,27,685,0,0,0,685
03/23/2002,SJU,PR,ASO,ES,Combined TRACON& Tower with Radar,343,102,40,6,491,0,121,84,2,207,343,223,124,8,698,0,0,0,698
03/24/2002,SJU,PR,ASO,ES,Combined TRACON& Tower with Radar,314,100,30,9,453,0,96,73,0,169,314,196,103,9,622,0,0,0,622
03/25/2002,SJU,PR,ASO,ES,Combined TRACON& Tower with Radar,259,139,31,4,433,0,96,50,0,146,259,235,81,4,579,0,0,0,579
03/26/2002,SJU,PR,ASO,ES,Combined TRACON& Tower with Radar,285,140,32,7,464,0,90,77,5,172,285,230,109,12,636,0,0,0,636
03/27/2002,SJU,PR,ASO,ES,Combined TRACON& Tower with Radar,290,166,36,18,510,0,71,65,0,136,290,237,101,18,646,0,0,0,646
03/28/2002,SJU,PR,ASO,ES,Combined TRACON& Tower with Radar,305,136,39,0,480,0,99,59,0,158,305,235,98,0,638,0,0,0,638
03/29/2002,SJU,PR,ASO,ES,Combined TRACON& Tower with Radar,284,108,13,1,406,0,90,62,0,152,284,198,75,1,558,0,0,0,558
03/30/2002,SJU,PR,ASO,ES,Combined TRACON& Tower with Radar,334,92,31,5,462,0,125,78,1,204,334,217,109,6,666,0,0,0,666
03/31/2002,SJU,PR,ASO,ES,Combined TRACON& Tower with Radar,330,119,17,2,468,0,110,66,0,176,330,229,83,2,644,0,0,0,644
04/01/2002,SJU,PR,ASO,ES,Combined TRACON& Tower with Radar,286,140,44,7,477,0,85,65,4,154,286,225,109,11,631,0,0,0,631
04/02/2002,SJU,PR,ASO,ES,Combined TRACON& Tower with Radar,277,152,26,10,465,0,67,56,2,125,277,219,82,12,590,0,0,0,590
04/03/2002,SJU,PR,ASO,ES,Combined TRACON& Tower with Radar,278,120,32,7,437,0,82,60,1,143,278,202,92,8,580,0,0,0,580
04/04/2002,SJU,PR,ASO,ES,Combined TRACON& Tower with Radar,283,138,21,5,447,0,82,58,0,140,283,220,79,5,587,0,0,0,587
04/05/2002,SJU,PR,ASO,ES,Combined TRACON& Tower with Radar,283,137,27,11,458,0,98,61,0,159,283,235,88,11,617,0,0,0,617
04/06/2002,SJU,PR,ASO,ES,Combined TRACON& Tower with Radar,330,123,21,8,482,0,82,48,0,130,330,205,69,8,612,0,0,0,612
04/07/2002,SJU,PR,ASO,ES,Combined TRACON& Tower with Radar,308,100,16,4,428,0,53,40,0,93,308,153,56,4,521,0,0,0,521
04/08/2002,SJU,PR,ASO,ES,Combined TRACON& Tower with Radar,273,145,38,27,483,0,68,44,1,113,273,213,82,28,596,0,0,0,596
04/09/2002,SJU,PR,ASO,ES,Combined TRACON& Tower with Radar,239,146,23,3,411,0,57,40,1,98,239,203,63,4,509,0,0,0,509
04/10/2002,SJU,PR,ASO,ES,Combined TRACON& Tower with Radar,242,157,30,12,441,0,65,63,2,130,242,222,93,14,571,0,0,0,571
04/11/2002,SJU,PR,ASO,ES,Combined TRACON& Tower with Radar,261,162,34,7,464,0,67,61,3,131,261,229,95,10,595,0,0,0,595
04/12/2002,SJU,PR,ASO,ES,Combined TRACON& Tower with Radar,248,157,28,12,445,0,89,68,3,160,248,246,96,15,605,0,0,0,605
04/13/2002,SJU,PR,ASO,ES,Combined TRACON& Tower with Radar,290,109,20,10,429,0,98,51,11,160,290,207,71,21,589,0,0,0,589
04/14/2002,SJU,PR,ASO,ES,Combined TRACON& Tower with Radar,271,105,23,6,405,0,61,35,0,96,271,166,58,6,501,0,0,0,501
04/15/2002,SJU,PR,ASO,ES,Combined TRACON& Tower with Radar,245,195,38,7,485,0,18,19,0,37,245,213,57,7,522,0,0,0,522
04/16/2002,SJU,PR,ASO,ES,Combined TRACON& Tower with Radar,221,162,34,8,425,0,31,42,1,74,221,193,76,9,499,0,0,0,499
04/17/2002,SJU,PR,ASO,ES,Combined TRACON& Tower with Radar,236,157,38,10,441,0,71,59,0,130,236,228,97,10,571,0,0,0,571
04/18/2002,SJU,PR,ASO,ES,Combined TRACON& Tower with Radar,264,148,44,8,464,0,76,51,2,129,264,224,95,10,593,0,0,0,593
04/19/2002,SJU,PR,ASO,ES,Combined TRACON& Tower with Radar,263,147,43,5,458,0,65,81,0,146,263,212,124,5,604,0,0,0,604
04/20/2002,SJU,PR,ASO,ES,Combined TRACON& Tower with Radar,286,173,25,6,490,0,30,29,0,59,286,203,54,6,549,0,0,0,549
04/21/2002,SJU,PR,ASO,ES,Combined TRACON& Tower with Radar,284,142,30,5,461,0,0,0,0,0,284,142,30,5,461,0,0,0,461
04/22/2002,SJU,PR,ASO,ES,Combined TRACON& Tower with Radar,234,162,33,4,433,0,81,68,1,150,234,243,101,5,583,0,0,0,583
04/23/2002,SJU,PR,ASO,ES,Combined TRACON& Tower with Radar,238,152,36,6,432,0,68,82,0,150,238,220,118,6,582,0,0,0,582
04/24/2002,SJU,PR,ASO,ES,Combined TRACON& Tower with Radar,244,147,36,11,438,0,88,53,3,144,244,235,89,14,582,0,0,0,582
04/25/2002,SJU,PR,ASO,ES,Combined TRACON& Tower with Radar,244,153,40,3,440,0,91,76,0,167,244,244,116,3,607,0,0,0,607
04/26/2002,SJU,PR,ASO,ES,Combined TRACON& Tower with Radar,268,158,51,5,482,0,100,69,0,169,268,258,120,5,651,0,0,0,651
04/27/2002,SJU,PR,ASO,ES,Combined TRACON& Tower with Radar,271,115,30,4,420,0,76,62,0,138,271,191,92,4,558,0,0,0,558
04/28/2002,SJU,PR,ASO,ES,Combined TRACON& Tower with Radar,268,131,13,4,416,0,84,43,3,130,268,215,56,7,546,0,0,0,546
04/29/2002,SJU,PR,ASO,ES,Combined TRACON& Tower with Radar,242,165,37,13,457,0,107,85,0,192,242,272,122,13,649,0,0,0,649
04/30/2002,SJU,PR,ASO,ES,Combined TRACON& Tower with Radar,241,171,42,6,460,0,72,74,2,148,241,243,116,8,608,0,0,0,608
05/01/2002,SJU,PR,ASO,ES,Combined TRACON& Tower with Radar,259,157,35,10,461,0,66,75,0,141,259,223,110,10,602,0,0,0,602
05/02/2002,SJU,PR,ASO,ES,Combined TRACON& Tower with Radar,214,129,44,9,396,0,67,47,0,114,214,196,91,9,510,0,0,0,510
05/03/2002,SJU,PR,ASO,ES,Combined TRACON& Tower with Radar,257,138,25,1,421,0,88,86,0,174,257,226,111,1,595,0,0,0,595
05/04/2002,SJU,PR,ASO,ES,Combined TRACON& Tower with Radar,255,120,24,9,408,0,76,38,1,115,255,196,62,10,523,0,0,0,523
05/05/2002,SJU,PR,ASO,ES,Combined TRACON& Tower with Radar,253,111,21,1,386,0,44,38,0,82,253,155,59,1,468,0,0,0,468
05/06/2002,SJU,PR,ASO,ES,Combined TRACON& Tower with Radar,234,123,23,4,384,0,81,49,0,130,234,204,72,4,514,0,0,0,514
05/07/2002,SJU,PR,ASO,ES,Combined TRACON& Tower with Radar,253,142,27,6,428,0,58,73,1,132,253,200,100,7,560,0,0,0,560
05/08/2002,SJU,PR,ASO,ES,Combined TRACON& Tower with Radar,246,130,25,4,405,0,58,80,0,138,246,188,105,4,543,0,0,0,543
05/09/2002,SJU,PR,ASO,ES,Combined TRACON& Tower with Radar,243,138,30,5,416,0,71,65,0,136,243,209,95,5,552,0,0,0,552
05/10/2002,SJU,PR,ASO,ES,Combined TRACON& Tower with Radar,251,137,26,5,419,0,71,70,5,146,251,208,96,10,565,0,0,0,565
05/11/2002,SJU,PR,ASO,ES,Combined TRACON& Tower with Radar,239,123,23,1,386,26,44,33,0,103,265,167,56,1,489,0,0,0,489
05/12/2002,SJU,PR,ASO,ES,Combined TRACON& Tower with Radar,229,117,22,1,369,30,24,24,0,78,259,141,46,1,447,0,0,0,447
05/13/2002,SJU,PR,ASO,ES,Combined TRACON& Tower with Radar,233,124,24,2,383,0,79,62,0,141,233,203,86,2,524,0,0,0,524
05/14/2002,SJU,PR,ASO,ES,Combined TRACON& Tower with Radar,244,132,26,5,407,0,71,66,6,143,244,203,92,11,550,0,0,0,550
05/15/2002,SJU,PR,ASO,ES,Combined TRACON& Tower with Radar,239,127,24,5,395,0,86,77,6,169,239,213,101,11,564,0,0,0,564
05/16/2002,SJU,PR,ASO,ES,Combined TRACON& Tower with Radar,233,126,24,5,388,0,96,58,0,154,233,222,82,5,542,0,0,0,542
05/17/2002,SJU,PR,ASO,ES,Combined TRACON& Tower with Radar,243,131,25,5,404,0,80,54,0,134,243,211,79,5,538,0,0,0,538
05/18/2002,SJU,PR,ASO,ES,Combined TRACON& Tower with Radar,238,123,23,5,389,26,31,76,3,136,264,154,99,8,525,0,0,0,525
05/19/2002,SJU,PR,ASO,ES,Combined TRACON& Tower with Radar,229,118,22,4,373,27,32,35,0,94,256,150,57,4,467,0,0,0,467
05/20/2002,SJU,PR,ASO,ES,Combined TRACON& Tower with Radar,244,127,25,2,398,0,79,48,0,127,244,206,73,2,525,0,0,0,525
05/21/2002,SJU,PR,ASO,ES,Combined TRACON& Tower with Radar,241,131,25,5,402,0,71,46,10,127,241,202,71,15,529,0,0,0,529
05/22/2002,SJU,PR,ASO,ES,Combined TRACON& Tower with Radar,238,128,24,5,395,0,83,57,5,145,238,211,81,10,540,0,0,0,540
05/23/2002,SJU,PR,ASO,ES,Combined TRACON& Tower with Radar,256,138,27,4,425,0,54,70,0,124,256,192,97,4,549,0,0,0,549
05/24/2002,SJU,PR,ASO,ES,Combined TRACON& Tower with Radar,308,160,31,6,505,3,49,64,4,120,311,209,95,10,625,0,0,0,625
05/25/2002,SJU,PR,ASO,ES,Combined TRACON& Tower with Radar,269,140,27,7,443,43,40,30,6,119,312,180,57,13,562,0,0,0,562
05/26/2002,SJU,PR,ASO,ES,Combined TRACON& Tower with Radar,229,119,22,3,373,55,13,26,0,94,284,132,48,3,467,0,0,0,467
05/27/2002,SJU,PR,ASO,ES,Combined TRACON& Tower with Radar,269,141,27,5,442,0,56,35,0,91,269,197,62,5,533,0,0,0,533
05/28/2002,SJU,PR,ASO,ES,Combined TRACON& Tower with Radar,222,132,26,6,386,0,95,52,1,148,222,227,78,7,534,0,0,0,534
05/29/2002,SJU,PR,ASO,ES,Combined TRACON& Tower with Radar,246,139,27,5,417,0,88,55,0,143,246,227,82,5,560,0,0,0,560
05/30/2002,SJU,PR,ASO,ES,Combined TRACON& Tower with Radar,273,148,28,7,456,0,37,53,2,92,273,185,81,9,548,0,0,0,548
05/31/2002,SJU,PR,ASO,ES,Combined TRACON& Tower with Radar,267,141,27,6,441,0,54,61,2,117,267,195,88,8,558,0,0,0,558
06/01/2002,SJU,PR,ASO,ES,Combined TRACON& Tower with Radar,250,124,27,5,406,29,42,36,0,107,279,166,63,5,513,0,0,0,513
06/02/2002,SJU,PR,ASO,ES,Combined TRACON& Tower with Radar,252,125,28,2,407,29,29,19,0,77,281,154,47,2,484,0,0,0,484
06/03/2002,SJU,PR,ASO,ES,Combined TRACON& Tower with Radar,272,137,30,3,442,0,77,42,0,119,272,214,72,3,561,0,0,0,561
06/04/2002,SJU,PR,ASO,ES,Combined TRACON& Tower with Radar,242,139,31,6,418,0,66,50,1,117,242,205,81,7,535,0,0,0,535
06/05/2002,SJU,PR,ASO,ES,Combined TRACON& Tower with Radar,254,132,30,5,421,0,68,37,3,108,254,200,67,8,529,0,0,0,529
06/06/2002,SJU,PR,ASO,ES,Combined TRACON& Tower with Radar,268,138,30,7,443,0,69,88,3,160,268,207,118,10,603,0,0,0,603
06/07/2002,SJU,PR,ASO,ES,Combined TRACON& Tower with Radar,257,127,27,2,413,6,68,59,0,133,263,195,86,2,546,0,0,0,546
06/08/2002,SJU,PR,ASO,ES,Combined TRACON& Tower with Radar,254,125,27,5,411,25,33,33,0,91,279,158,60,5,502,0,0,0,502
06/09/2002,SJU,PR,ASO,ES,Combined TRACON& Tower with Radar,260,129,28,6,423,31,3,40,4,78,291,132,68,10,501,0,0,0,501
06/10/2002,SJU,PR,ASO,ES,Combined TRACON& Tower with Radar,252,128,28,6,414,0,64,43,2,109,252,192,71,8,523,0,0,0,523
06/11/2002,SJU,PR,ASO,ES,Combined TRACON& Tower with Radar,237,130,28,6,401,0,91,52,8,151,237,221,80,14,552,0,0,0,552
06/12/2002,SJU,PR,ASO,ES,Combined TRACON& Tower with Radar,252,136,29,7,424,0,93,71,2,166,252,229,100,9,590,0,0,0,590
06/13/2002,SJU,PR,ASO,ES,Combined TRACON& Tower with Radar,253,132,29,6,420,0,69,63,1,133,253,201,92,7,553,0,0,0,553
06/14/2002,SJU,PR,ASO,ES,Combined TRACON& Tower with Radar,270,134,30,5,439,0,87,51,0,138,270,221,81,5,577,0,0,0,577
06/15/2002,SJU,PR,ASO,ES,Combined TRACON& Tower with Radar,266,131,29,6,432,22,33,65,3,123,288,164,94,9,555,0,0,0,555
06/16/2002,SJU,PR,ASO,ES,Combined TRACON& Tower with Radar,241,118,26,0,385,38,33,20,0,91,279,151,46,0,476,0,0,0,476
06/17/2002,SJU,PR,ASO,ES,Combined TRACON& Tower with Radar,262,141,31,3,437,0,84,64,0,148,262,225,95,3,585,0,0,0,585
06/18/2002,SJU,PR,ASO,ES,Combined TRACON& Tower with Radar,249,133,30,4,416,0,67,36,0,103,249,200,66,4,519,0,0,0,519
06/19/2002,SJU,PR,ASO,ES,Combined TRACON& Tower with Radar,243,129,29,6,407,0,83,46,2,131,243,212,75,8,538,0,0,0,538
06/20/2002,SJU,PR,ASO,ES,Combined TRACON& Tower with Radar,272,139,30,7,448,0,73,72,3,148,272,212,102,10,596,0,0,0,596
06/21/2002,SJU,PR,ASO,ES,Combined TRACON& Tower with Radar,274,139,30,7,450,0,56,80,3,139,274,195,110,10,589,0,0,0,589
06/22/2002,SJU,PR,ASO,ES,Combined TRACON& Tower with Radar,255,124,27,6,412,37,41,49,0,127,292,165,76,6,539,0,0,0,539
06/23/2002,SJU,PR,ASO,ES,Combined TRACON& Tower with Radar,252,123,27,5,407,41,25,18,0,84,293,148,45,5,491,0,0,0,491
06/24/2002,SJU,PR,ASO,ES,Combined TRACON& Tower with Radar,269,133,29,2,433,0,60,66,0,126,269,193,95,2,559,0,0,0,559
06/25/2002,SJU,PR,ASO,ES,Combined TRACON& Tower with Radar,254,130,29,5,418,0,66,73,12,151,254,196,102,17,569,0,0,0,569
06/26/2002,SJU,PR,ASO,ES,Combined TRACON& Tower with Radar,258,132,29,5,424,0,68,74,5,147,258,200,103,10,571,0,0,0,571
06/27/2002,SJU,PR,ASO,ES,Combined TRACON& Tower with Radar,265,138,30,6,439,0,66,93,4,163,265,204,123,10,602,0,0,0,602
06/28/2002,SJU,PR,ASO,ES,Combined TRACON& Tower with Radar,278,146,32,2,458,0,68,79,0,147,278,214,111,2,605,0,0,0,605
06/29/2002,SJU,PR,ASO,ES,Combined TRACON& Tower with Radar,259,128,28,5,420,23,41,60,0,124,282,169,88,5,544,0,0,0,544
06/30/2002,SJU,PR,ASO,ES,Combined TRACON& Tower with Radar,263,129,28,5,425,20,26,28,2,76,283,155,56,7,501,0,0,0,501
07/01/2002,SJU,PR,ASO,ES,Combined TRACON& Tower with Radar,280,131,29,2,442,0,81,51,0,132,280,212,80,2,574,0,0,0,574
07/02/2002,SJU,PR,ASO,ES,Combined TRACON& Tower with Radar,258,118,27,3,406,1,56,79,3,139,259,174,106,6,545,0,0,0,545
07/03/2002,SJU,PR,ASO,ES,Combined TRACON& Tower with Radar,286,133,30,4,453,0,51,80,2,133,286,184,110,6,586,0,0,0,586
07/04/2002,SJU,PR,ASO,ES,Combined TRACON& Tower with Radar,294,137,31,1,463,0,57,34,0,91,294,194,65,1,554,0,0,0,554
07/05/2002,SJU,PR,ASO,ES,Combined TRACON& Tower with Radar,240,110,25,0,375,4,89,57,0,150,244,199,82,0,525,0,0,0,525
07/06/2002,SJU,PR,ASO,ES,Combined TRACON& Tower with Radar,264,121,27,3,415,42,37,27,0,106,306,158,54,3,521,0,0,0,521
07/07/2002,SJU,PR,ASO,ES,Combined TRACON& Tower with Radar,273,125,29,2,429,28,47,30,0,105,301,172,59,2,534,0,0,0,534
07/08/2002,SJU,PR,ASO,ES,Combined TRACON& Tower with Radar,287,137,31,4,459,0,92,54,4,150,287,229,85,8,609,0,0,0,609
07/09/2002,SJU,PR,ASO,ES,Combined TRACON& Tower with Radar,271,127,28,4,430,0,61,49,6,116,271,188,77,10,546,0,0,0,546
07/10/2002,SJU,PR,ASO,ES,Combined TRACON& Tower with Radar,271,124,27,4,426,0,70,63,1,134,271,194,90,5,560,0,0,0,560
07/11/2002,SJU,PR,ASO,ES,Combined TRACON& Tower with Radar,290,132,29,4,455,17,45,74,0,136,307,177,103,4,591,0,0,0,591
07/12/2002,SJU,PR,ASO,ES,Combined TRACON& Tower with Radar,285,130,28,5,448,4,59,52,5,120,289,189,80,10,568,0,0,0,568
07/13/2002,SJU,PR,ASO,ES,Combined TRACON& Tower with Radar,266,122,27,4,419,24,45,51,5,125,290,167,78,9,544,0,0,0,544
07/14/2002,SJU,PR,ASO,ES,Combined TRACON& Tower with Radar,264,121,27,4,416,31,23,15,3,72,295,144,42,7,488,0,0,0,488
07/15/2002,SJU,PR,ASO,ES,Combined TRACON& Tower with Radar,306,144,31,3,484,0,82,33,0,115,306,226,64,3,599,0,0,0,599
07/16/2002,SJU,PR,ASO,ES,Combined TRACON& Tower with Radar,269,135,29,1,434,0,81,88,0,169,269,216,117,1,603,0,0,0,603
07/17/2002,SJU,PR,ASO,ES,Combined TRACON& Tower with Radar,286,131,28,5,450,2,76,67,1,146,288,207,95,6,596,0,0,0,596
07/18/2002,SJU,PR,ASO,ES,Combined TRACON& Tower with Radar,286,129,28,4,447,3,81,55,0,139,289,210,83,4,586,0,0,0,586
07/19/2002,SJU,PR,ASO,ES,Combined TRACON& Tower with Radar,269,122,26,3,420,1,62,69,0,132,270,184,95,3,552,0,0,0,552
07/20/2002,SJU,PR,ASO,ES,Combined TRACON& Tower with Radar,270,122,27,4,423,35,19,52,4,110,305,141,79,8,533,0,0,0,533
07/21/2002,SJU,PR,ASO,ES,Combined TRACON& Tower with Radar,262,118,26,4,410,32,29,32,1,94,294,147,58,5,504,0,0,0,504
07/22/2002,SJU,PR,ASO,ES,Combined TRACON& Tower with Radar,260,127,28,3,418,0,94,46,0,140,260,221,74,3,558,0,0,0,558
07/23/2002,SJU,PR,ASO,ES,Combined TRACON& Tower with Radar,264,132,29,5,430,0,67,57,2,126,264,199,86,7,556,0,0,0,556
07/24/2002,SJU,PR,ASO,ES,Combined TRACON& Tower with Radar,288,136,30,1,455,0,76,90,0,166,288,212,120,1,621,0,0,0,621
07/25/2002,SJU,PR,ASO,ES,Combined TRACON& Tower with Radar,311,145,33,4,493,0,74,73,4,151,311,219,106,8,644,0,0,0,644
07/26/2002,SJU,PR,ASO,ES,Combined TRACON& Tower with Radar,292,132,30,1,455,0,79,70,0,149,292,211,100,1,604,0,0,0,604
07/27/2002,SJU,PR,ASO,ES,Combined TRACON& Tower with Radar,294,134,29,0,457,2,44,37,0,83,296,178,66,0,540,0,0,0,540
07/28/2002,SJU,PR,ASO,ES,Combined TRACON& Tower with Radar,330,159,35,0,524,0,61,68,0,129,330,220,103,0,653,0,0,0,653
07/29/2002,SJU,PR,ASO,ES,Combined TRACON& Tower with Radar,291,143,32,4,470,0,104,73,0,177,291,247,105,4,647,0,0,0,647
07/30/2002,SJU,PR,ASO,ES,Combined TRACON& Tower with Radar,269,134,29,4,436,0,82,87,4,173,269,216,116,8,609,0,0,0,609
07/31/2002,SJU,PR,ASO,ES,Combined TRACON& Tower with Radar,263,125,27,3,418,0,80,68,6,154,263,205,95,9,572,0,0,0,572
08/01/2002,SJU,PR,ASO,ES,Combined TRACON& Tower with Radar,269,118,27,5,419,16,67,59,0,142,285,185,86,5,561,0,0,0,561
08/02/2002,SJU,PR,ASO,ES,Combined TRACON& Tower with Radar,268,117,26,2,413,5,78,50,0,133,273,195,76,2,546,0,0,0,546
08/03/2002,SJU,PR,ASO,ES,Combined TRACON& Tower with Radar,246,108,24,5,383,25,50,31,1,107,271,158,55,6,490,0,0,0,490
08/04/2002,SJU,PR,ASO,ES,Combined TRACON& Tower with Radar,250,110,25,0,385,26,47,49,0,122,276,157,74,0,507,0,0,0,507
08/05/2002,SJU,PR,ASO,ES,Combined TRACON& Tower with Radar,267,117,26,6,416,0,62,73,1,136,267,179,99,7,552,0,0,0,552
08/06/2002,SJU,PR,ASO,ES,Combined TRACON& Tower with Radar,251,112,25,6,394,0,85,83,1,169,251,197,108,7,563,0,0,0,563
08/07/2002,SJU,PR,ASO,ES,Combined TRACON& Tower with Radar,250,110,25,4,389,0,51,58,0,109,250,161,83,4,498,0,0,0,498
08/08/2002,SJU,PR,ASO,ES,Combined TRACON& Tower with Radar,267,123,28,5,423,0,55,76,5,136,267,178,104,10,559,0,0,0,559
08/09/2002,SJU,PR,ASO,ES,Combined TRACON& Tower with Radar,260,119,27,4,410,0,64,81,0,145,260,183,108,4,555,0,0,0,555
08/10/2002,SJU,PR,ASO,ES,Combined TRACON& Tower with Radar,248,109,25,4,386,15,57,47,5,124,263,166,72,9,510,0,0,0,510
08/11/2002,SJU,PR,ASO,ES,Combined TRACON& Tower with Radar,257,113,25,5,400,4,49,55,1,109,261,162,80,6,509,0,0,0,509
08/12/2002,SJU,PR,ASO,ES,Combined TRACON& Tower with Radar,251,111,25,5,392,3,75,53,11,142,254,186,78,16,534,0,0,0,534
08/13/2002,SJU,PR,ASO,ES,Combined TRACON& Tower with Radar,263,120,27,5,415,0,70,48,8,126,263,190,75,13,541,0,0,0,541
08/14/2002,SJU,PR,ASO,ES,Combined TRACON& Tower with Radar,292,133,30,6,461,0,78,74,2,154,292,211,104,8,615,0,0,0,615
08/15/2002,SJU,PR,ASO,ES,Combined TRACON& Tower with Radar,281,131,29,5,446,0,63,101,9,173,281,194,130,14,619,0,0,0,619
08/16/2002,SJU,PR,ASO,ES,Combined TRACON& Tower with Radar,262,128,29,5,424,0,85,51,3,139,262,213,80,8,563,0,0,0,563
08/17/2002,SJU,PR,ASO,ES,Combined TRACON& Tower with Radar,253,112,24,6,395,28,26,43,5,102,281,138,67,11,497,0,0,0,497
08/18/2002,SJU,PR,ASO,ES,Combined TRACON& Tower with Radar,259,114,25,4,402,24,12,31,0,67,283,126,56,4,469,0,0,0,469
08/19/2002,SJU,PR,ASO,ES,Combined TRACON& Tower with Radar,271,115,28,5,419,1,77,50,1,129,272,192,78,6,548,0,0,0,548
08/20/2002,SJU,PR,ASO,ES,Combined TRACON& Tower with Radar,242,116,25,6,389,0,91,47,6,144,242,207,72,12,533,0,0,0,533
08/21/2002,SJU,PR,ASO,ES,Combined TRACON& Tower with Radar,245,116,25,5,391,0,90,38,0,128,245,206,63,5,519,0,0,0,519
08/22/2002,SJU,PR,ASO,ES,Combined TRACON& Tower with Radar,273,123,27,5,428,0,60,94,0,154,273,183,121,5,582,0,0,0,582
08/23/2002,SJU,PR,ASO,ES,Combined TRACON& Tower with Radar,250,117,26,2,395,0,73,57,4,134,250,190,83,6,529,0,0,0,529
08/24/2002,SJU,PR,ASO,ES,Combined TRACON& Tower with Radar,241,105,23,5,374,17,44,38,2,101,258,149,61,7,475,0,0,0,475
08/25/2002,SJU,PR,ASO,ES,Combined TRACON& Tower with Radar,271,105,13,2,391,0,36,43,0,79,271,141,56,2,470,0,0,0,470
08/26/2002,SJU,PR,ASO,ES,Combined TRACON& Tower with Radar,260,112,25,1,398,3,66,23,0,92,263,178,48,1,490,0,0,0,490
08/27/2002,SJU,PR,ASO,ES,Combined TRACON& Tower with Radar,267,121,27,6,421,0,69,48,12,129,267,190,75,18,550,0,0,0,550
08/28/2002,SJU,PR,ASO,ES,Combined TRACON& Tower with Radar,265,120,26,6,417,0,60,74,5,139,265,180,100,11,556,0,0,0,556
08/29/2002,SJU,PR,ASO,ES,Combined TRACON& Tower with Radar,261,124,29,4,418,0,67,44,0,111,261,191,73,4,529,0,0,0,529
08/30/2002,SJU,PR,ASO,ES,Combined TRACON& Tower with Radar,293,140,30,7,470,0,63,54,1,118,293,203,84,8,588,0,0,0,588
08/31/2002,SJU,PR,ASO,ES,Combined TRACON& Tower with Radar,254,111,24,6,395,15,35,32,1,83,269,146,56,7,478,0,0,0,478
09/01/2002,SJU,PR,ASO,ES,Combined TRACON& Tower with Radar,284,120,18,1,423,1,27,16,0,44,285,147,34,1,467,0,0,0,467
09/02/2002,SJU,PR,ASO,ES,Combined TRACON& Tower with Radar,277,134,29,1,441,1,47,36,0,84,278,181,65,1,525,0,0,0,525
09/03/2002,SJU,PR,ASO,ES,Combined TRACON& Tower with Radar,252,130,35,9,426,1,67,50,2,120,253,197,85,11,546,0,0,0,546
09/04/2002,SJU,PR,ASO,ES,Combined TRACON& Tower with Radar,241,127,40,10,418,1,54,62,2,119,242,181,102,12,537,0,0,0,537
09/05/2002,SJU,PR,ASO,ES,Combined TRACON& Tower with Radar,201,126,30,13,370,1,73,60,0,134,202,199,90,13,504,0,0,0,504
09/06/2002,SJU,PR,ASO,ES,Combined TRACON& Tower with Radar,246,110,39,4,399,1,54,60,1,116,247,164,99,5,515,0,0,0,515
09/07/2002,SJU,PR,ASO,ES,Combined TRACON& Tower with Radar,251,78,23,5,357,1,45,30,2,78,252,123,53,7,435,0,0,0,435
09/08/2002,SJU,PR,ASO,ES,Combined TRACON& Tower with Radar,246,72,11,0,329,1,39,39,1,80,247,111,50,1,409,0,0,0,409
09/09/2002,SJU,PR,ASO,ES,Combined TRACON& Tower with Radar,226,110,43,0,379,1,56,55,1,113,227,166,98,1,492,0,0,0,492
09/10/2002,SJU,PR,ASO,ES,Combined TRACON& Tower with Radar,224,117,29,1,371,0,74,67,0,141,224,191,96,1,512,0,0,0,512
09/11/2002,SJU,PR,ASO,ES,Combined TRACON& Tower with Radar,182,92,25,3,302,1,54,43,2,100,183,146,68,5,402,0,0,0,402
09/12/2002,SJU,PR,ASO,ES,Combined TRACON& Tower with Radar,223,107,30,0,360,1,63,52,0,116,224,170,82,0,476,0,0,0,476
09/13/2002,SJU,PR,ASO,ES,Combined TRACON& Tower with Radar,242,107,31,2,382,1,56,49,1,107,243,163,80,3,489,0,0,0,489
09/14/2002,SJU,PR,ASO,ES,Combined TRACON& Tower with Radar,240,88,38,5,371,1,38,36,4,79,241,126,74,9,450,0,0,0,450
09/15/2002,SJU,PR,ASO,ES,Combined TRACON& Tower with Radar,228,91,21,5,345,1,19,33,1,54,229,110,54,6,399,0,0,0,399
09/16/2002,SJU,PR,ASO,ES,Combined TRACON& Tower with Radar,210,121,24,3,358,1,51,42,0,94,211,172,66,3,452,0,0,0,452
09/17/2002,SJU,PR,ASO,ES,Combined TRACON& Tower with Radar,221,129,27,7,384,0,76,40,4,120,221,205,67,11,504,0,0,0,504
09/18/2002,SJU,PR,ASO,ES,Combined TRACON& Tower with Radar,227,144,30,4,405,0,42,69,2,113,227,186,99,6,518,0,0,0,518
09/19/2002,SJU,PR,ASO,ES,Combined TRACON& Tower with Radar,224,130,38,10,402,0,66,62,2,130,224,196,100,12,532,0,0,0,532
09/20/2002,SJU,PR,ASO,ES,Combined TRACON& Tower with Radar,232,116,22,7,377,0,65,60,4,129,232,181,82,11,506,0,0,0,506
09/21/2002,SJU,PR,ASO,ES,Combined TRACON& Tower with Radar,239,72,8,5,324,0,46,29,0,75,239,118,37,5,399,0,0,0,399
09/22/2002,SJU,PR,ASO,ES,Combined TRACON& Tower with Radar,227,90,27,1,345,0,35,44,0,79,227,125,71,1,424,0,0,0,424
09/23/2002,SJU,PR,ASO,ES,Combined TRACON& Tower with Radar,214,114,20,4,352,0,41,37,5,83,214,155,57,9,435,0,0,0,435
09/24/2002,SJU,PR,ASO,ES,Combined TRACON& Tower with Radar,218,136,28,4,386,0,20,30,0,50,218,156,58,4,436,0,0,0,436
09/25/2002,SJU,PR,ASO,ES,Combined TRACON& Tower with Radar,215,156,26,5,402,0,25,32,0,57,215,181,58,5,459,0,0,0,459
09/26/2002,SJU,PR,ASO,ES,Combined TRACON& Tower with Radar,220,130,28,3,381,0,38,57,0,95,220,168,85,3,476,0,0,0,476
09/27/2002,SJU,PR,ASO,ES,Combined TRACON& Tower with Radar,232,125,17,3,377,0,62,49,0,111,232,187,66,3,488,0,0,0,488
09/28/2002,SJU,PR,ASO,ES,Combined TRACON& Tower with Radar,232,88,25,4,349,0,40,51,0,91,232,128,76,4,440,0,0,0,440
09/29/2002,SJU,PR,ASO,ES,Combined TRACON& Tower with Radar,230,98,24,3,355,0,43,36,1,80,230,141,60,4,435,0,0,0,435
09/30/2002,SJU,PR,ASO,ES,Combined TRACON& Tower with Radar,214,132,25,1,372,0,50,46,1,97,214,182,71,2,469,0,0,0,469
10/01/2002,SJU,PR,ASO,ES,Combined TRACON& Tower with Radar,215,104,25,2,346,1,64,58,0,123,216,168,83,2,469,0,0,0,469
10/02/2002,SJU,PR,ASO,ES,Combined TRACON& Tower with Radar,228,122,0,5,355,0,11,0,3,14,228,133,0,8,369,0,0,0,369
10/03/2002,SJU,PR,ASO,ES,Combined TRACON& Tower with Radar,231,124,30,2,387,1,58,49,4,112,232,182,79,6,499,0,0,0,499
10/04/2002,SJU,PR,ASO,ES,Combined TRACON& Tower with Radar,222,127,36,2,387,1,58,54,2,115,223,185,90,4,502,0,0,0,502
10/05/2002,SJU,PR,ASO,ES,Combined TRACON& Tower with Radar,235,102,29,5,371,1,57,30,0,88,236,159,59,5,459,0,0,0,459
10/06/2002,SJU,PR,ASO,ES,Combined TRACON& Tower with Radar,243,89,8,12,352,1,44,25,0,70,244,133,33,12,422,0,0,0,422
10/07/2002,SJU,PR,ASO,ES,Combined TRACON& Tower with Radar,208,116,28,6,358,1,61,50,0,112,209,177,78,6,470,0,0,0,470
10/08/2002,SJU,PR,ASO,ES,Combined TRACON& Tower with Radar,218,132,28,6,384,1,54,51,0,106,219,186,79,6,490,0,0,0,490
10/09/2002,SJU,PR,ASO,ES,Combined TRACON& Tower with Radar,221,140,20,3,384,1,62,51,0,114,222,202,71,3,498,0,0,0,498
10/10/2002,SJU,PR,ASO,ES,Combined TRACON& Tower with Radar,223,128,31,4,386,0,53,64,9,126,223,181,95,13,512,0,0,0,512
10/11/2002,SJU,PR,ASO,ES,Combined TRACON& Tower with Radar,231,133,32,7,403,1,61,62,3,127,232,194,94,10,530,0,0,0,530
10/12/2002,SJU,PR,ASO,ES,Combined TRACON& Tower with Radar,244,72,23,4,343,1,57,29,0,87,245,129,52,4,430,0,0,0,430
10/13/2002,SJU,PR,ASO,ES,Combined TRACON& Tower with Radar,258,83,12,3,356,1,33,24,0,58,259,116,36,3,414,18,0,18,432
10/14/2002,SJU,PR,ASO,ES,Combined TRACON& Tower with Radar,214,123,29,0,366,1,51,48,0,100,215,174,77,0,466,0,0,0,466
10/15/2002,SJU,PR,ASO,ES,Combined TRACON& Tower with Radar,200,128,68,2,398,1,36,63,1,101,201,164,131,3,499,0,0,0,499
10/16/2002,SJU,PR,ASO,ES,Combined TRACON& Tower with Radar,219,141,27,1,388,1,57,56,0,114,220,198,83,1,502,0,0,0,502
10/17/2002,SJU,PR,ASO,ES,Combined TRACON& Tower with Radar,229,125,43,13,410,1,61,65,5,132,230,186,108,18,542,0,0,0,542
10/18/2002,SJU,PR,ASO,ES,Combined TRACON& Tower with Radar,220,127,37,2,386,1,76,77,1,155,221,203,114,3,541,0,0,0,541
10/19/2002,SJU,PR,ASO,ES,Combined TRACON& Tower with Radar,241,83,30,3,357,1,62,45,0,108,242,145,75,3,465,0,0,0,465
10/20/2002,SJU,PR,ASO,ES,Combined TRACON& Tower with Radar,239,87,25,1,352,1,40,36,0,77,240,127,61,1,429,0,0,0,429
10/21/2002,SJU,PR,ASO,ES,Combined TRACON& Tower with Radar,217,125,33,1,376,1,60,44,0,105,218,185,77,1,481,0,0,0,481
10/22/2002,SJU,PR,ASO,ES,Combined TRACON& Tower with Radar,219,138,24,3,384,1,56,61,2,120,220,194,85,5,504,0,0,0,504
10/23/2002,SJU,PR,ASO,ES,Combined TRACON& Tower with Radar,211,113,41,3,368,1,69,42,1,113,212,182,83,4,481,0,0,0,481
10/24/2002,SJU,PR,ASO,ES,Combined TRACON& Tower with Radar,222,124,28,9,383,1,70,70,5,146,223,194,98,14,529,0,0,0,529
10/25/2002,SJU,PR,ASO,ES,Combined TRACON& Tower with Radar,235,129,35,5,404,1,69,60,4,134,236,198,95,9,538,0,0,0,538
10/26/2002,SJU,PR,ASO,ES,Combined TRACON& Tower with Radar,232,104,15,10,361,1,77,36,0,114,233,181,51,10,475,0,0,0,475
10/27/2002,SJU,PR,ASO,ES,Combined TRACON& Tower with Radar,217,75,14,0,306,1,57,34,0,92,218,132,48,0,398,0,0,0,398
10/28/2002,SJU,PR,ASO,ES,Combined TRACON& Tower with Radar,219,119,22,3,363,1,73,45,0,119,220,192,67,3,482,0,0,0,482
10/29/2002,SJU,PR,ASO,ES,Combined TRACON& Tower with Radar,174,128,28,1,331,1,67,45,0,113,175,195,73,1,444,0,0,0,444
10/30/2002,SJU,PR,ASO,ES,Combined TRACON& Tower with Radar,217,115,26,1,359,1,79,51,0,131,218,194,77,1,490,0,0,0,490
10/31/2002,SJU,PR,ASO,ES,Combined TRACON& Tower with Radar,229,112,28,11,380,1,55,61,4,121,230,167,89,15,501,0,0,0,501
11/01/2002,SJU,PR,ASO,ES,Combined TRACON& Tower with Radar,246,108,36,6,396,1,70,67,5,143,247,178,103,11,539,0,0,0,539
11/02/2002,SJU,PR,ASO,ES,Combined TRACON& Tower with Radar,265,87,22,5,379,1,61,32,3,97,266,148,54,8,476,0,0,0,476
11/03/2002,SJU,PR,ASO,ES,Combined TRACON& Tower with Radar,248,93,9,4,354,1,48,18,1,68,249,141,27,5,422,0,0,0,422
11/04/2002,SJU,PR,ASO,ES,Combined TRACON& Tower with Radar,222,116,35,7,380,1,86,51,1,139,223,202,86,8,519,0,0,0,519
11/05/2002,SJU,PR,ASO,ES,Combined TRACON& Tower with Radar,229,114,39,3,385,1,138,38,0,177,230,252,77,3,562,0,0,0,562
11/06/2002,SJU,PR,ASO,ES,Combined TRACON& Tower with Radar,228,121,38,3,390,1,54,63,0,118,229,175,101,3,508,0,0,0,508
11/07/2002,SJU,PR,ASO,ES,Combined TRACON& Tower with Radar,240,119,36,3,398,1,80,64,2,147,241,199,100,5,545,0,0,0,545
11/08/2002,SJU,PR,ASO,ES,Combined TRACON& Tower with Radar,233,100,30,2,365,1,90,66,0,157,234,190,96,2,522,0,0,0,522
11/09/2002,SJU,PR,ASO,ES,Combined TRACON& Tower with Radar,273,79,26,6,384,1,77,31,0,109,274,156,57,6,493,0,0,0,493
11/10/2002,SJU,PR,ASO,ES,Combined TRACON& Tower with Radar,257,87,13,2,359,1,68,47,0,116,258,155,60,2,475,0,0,0,475
11/11/2002,SJU,PR,ASO,ES,Combined TRACON& Tower with Radar,213,107,34,0,354,1,66,55,2,124,214,173,89,2,478,0,0,0,478
11/12/2002,SJU,PR,ASO,ES,Combined TRACON& Tower with Radar,213,128,29,3,373,0,71,59,0,130,213,199,88,3,503,0,0,0,503
11/13/2002,SJU,PR,ASO,ES,Combined TRACON& Tower with Radar,224,122,32,0,378,0,66,52,1,119,224,188,84,1,497,0,0,0,497
11/14/2002,SJU,PR,ASO,ES,Combined TRACON& Tower with Radar,227,113,33,1,374,0,55,55,1,111,227,168,88,2,485,0,0,0,485
11/15/2002,SJU,PR,ASO,ES,Combined TRACON& Tower with Radar,231,143,28,4,406,0,78,54,0,132,231,221,82,4,538,0,0,0,538
11/16/2002,SJU,PR,ASO,ES,Combined TRACON& Tower with Radar,293,98,17,3,411,0,76,41,0,117,293,174,58,3,528,0,0,0,528
11/17/2002,SJU,PR,ASO,ES,Combined TRACON& Tower with Radar,274,89,2,0,365,0,68,36,0,104,274,157,38,0,469,0,0,0,469
11/18/2002,SJU,PR,ASO,ES,Combined TRACON& Tower with Radar,239,141,27,6,413,0,56,67,1,124,239,197,94,7,537,0,0,0,537
11/19/2002,SJU,PR,ASO,ES,Combined TRACON& Tower with Radar,247,137,26,4,414,0,66,34,0,100,247,203,60,4,514,0,0,0,514
11/20/2002,SJU,PR,ASO,ES,Combined TRACON& Tower with Radar,240,116,27,3,386,0,95,43,2,140,240,211,70,5,526,0,0,0,526
11/21/2002,SJU,PR,ASO,ES,Combined TRACON& Tower with Radar,257,145,43,8,453,0,77,68,3,148,257,222,111,11,601,0,0,0,601
11/22/2002,SJU,PR,ASO,ES,Combined TRACON& Tower with Radar,252,139,36,5,432,0,79,64,2,145,252,218,100,7,577,0,0,0,577
11/23/2002,SJU,PR,ASO,ES,Combined TRACON& Tower with Radar,273,113,34,4,424,0,90,59,1,150,273,203,93,5,574,0,0,0,574
11/24/2002,SJU,PR,ASO,ES,Combined TRACON& Tower with Radar,243,104,11,1,359,0,66,40,0,106,243,170,51,1,465,0,0,0,465
11/25/2002,SJU,PR,ASO,ES,Combined TRACON& Tower with Radar,250,133,28,3,414,0,82,55,3,140,250,215,83,6,554,0,0,0,554
11/26/2002,SJU,PR,ASO,ES,Combined TRACON& Tower with Radar,253,117,38,6,414,0,90,73,4,167,253,207,111,10,581,0,0,0,581
11/27/2002,SJU,PR,ASO,ES,Combined TRACON& Tower with Radar,249,118,38,5,410,0,87,63,2,152,249,205,101,7,562,0,0,0,562
11/28/2002,SJU,PR,ASO,ES,Combined TRACON& Tower with Radar,287,93,14,0,394,0,61,42,0,103,287,154,56,0,497,0,0,0,497
11/29/2002,SJU,PR,ASO,ES,Combined TRACON& Tower with Radar,213,124,21,0,358,0,85,44,0,129,213,209,65,0,487,0,0,0,487
11/30/2002,SJU,PR,ASO,ES,Combined TRACON& Tower with Radar,281,99,16,4,400,0,98,44,1,143,281,197,60,5,543,0,0,0,543
12/01/2002,SJU,PR,ASO,ES,Combined TRACON& Tower with Radar,358,108,27,2,495,0,85,41,0,126,358,193,68,2,621,0,0,0,621
12/02/2002,SJU,PR,ASO,ES,Combined TRACON& Tower with Radar,236,155,35,3,429,0,86,74,1,161,236,241,109,4,590,0,0,0,590
12/03/2002,SJU,PR,ASO,ES,Combined TRACON& Tower with Radar,223,132,39,6,400,0,77,75,6,158,223,209,114,12,558,0,0,0,558
12/04/2002,SJU,PR,ASO,ES,Combined TRACON& Tower with Radar,257,155,34,12,458,0,47,35,0,82,257,202,69,12,540,0,0,0,540
12/05/2002,SJU,PR,ASO,ES,Combined TRACON& Tower with Radar,249,129,40,1,419,0,63,49,0,112,249,192,89,1,531,0,0,0,531
12/06/2002,SJU,PR,ASO,ES,Combined TRACON& Tower with Radar,253,156,39,4,452,0,96,62,1,159,253,252,101,5,611,0,0,0,611
12/07/2002,SJU,PR,ASO,ES,Combined TRACON& Tower with Radar,278,92,17,3,390,0,90,51,3,144,278,182,68,6,534,0,0,0,534
12/08/2002,SJU,PR,ASO,ES,Combined TRACON& Tower with Radar,269,121,37,3,430,28,43,10,6,87,297,164,47,9,517,0,0,0,517
12/09/2002,SJU,PR,ASO,ES,Combined TRACON& Tower with Radar,237,115,36,2,390,0,86,81,2,169,237,201,117,4,559,0,0,0,559
12/10/2002,SJU,PR,ASO,ES,Combined TRACON& Tower with Radar,234,126,55,5,420,0,74,62,3,139,234,200,117,8,559,0,0,0,559
12/11/2002,SJU,PR,ASO,ES,Combined TRACON& Tower with Radar,246,120,38,0,404,0,66,51,0,117,246,186,89,0,521,0,0,0,521
12/12/2002,SJU,PR,ASO,ES,Combined TRACON& Tower with Radar,265,132,41,5,443,0,85,81,0,166,265,217,122,5,609,0,0,0,609
12/13/2002,SJU,PR,ASO,ES,Combined TRACON& Tower with Radar,304,129,42,0,475,0,77,69,0,146,304,206,111,0,621,0,0,0,621
12/14/2002,SJU,PR,ASO,ES,Combined TRACON& Tower with Radar,312,116,19,5,452,0,85,46,2,133,312,201,65,7,585,0,0,0,585
12/15/2002,SJU,PR,ASO,ES,Combined TRACON& Tower with Radar,316,92,25,6,439,0,64,28,1,93,316,156,53,7,532,0,0,0,532
12/16/2002,SJU,PR,ASO,ES,Combined TRACON& Tower with Radar,288,147,38,2,475,0,86,54,1,141,288,233,92,3,616,0,0,0,616
12/17/2002,SJU,PR,ASO,ES,Combined TRACON& Tower with Radar,298,148,57,4,507,0,67,69,1,137,298,215,126,5,644,0,0,0,644
12/18/2002,SJU,PR,ASO,ES,Combined TRACON& Tower with Radar,297,137,40,5,479,0,93,72,0,165,297,230,112,5,644,0,0,0,644
12/19/2002,SJU,PR,ASO,ES,Combined TRACON& Tower with Radar,317,138,48,4,507,0,90,70,2,162,317,228,118,6,669,0,0,0,669
12/20/2002,SJU,PR,ASO,ES,Combined TRACON& Tower with Radar,315,140,64,6,525,0,110,86,4,200,315,250,150,10,725,0,0,0,725
12/21/2002,SJU,PR,ASO,ES,Combined TRACON& Tower with Radar,363,120,63,6,552,0,223,79,0,302,363,343,142,6,854,0,0,0,854
12/22/2002,SJU,PR,ASO,ES,Combined TRACON& Tower with Radar,349,152,40,3,544,0,55,32,0,87,349,207,72,3,631,0,0,0,631
12/23/2002,SJU,PR,ASO,ES,Combined TRACON& Tower with Radar,315,172,56,4,547,0,112,64,0,176,315,284,120,4,723,0,0,0,723
12/24/2002,SJU,PR,ASO,ES,Combined TRACON& Tower with Radar,299,159,46,1,505,0,78,73,0,151,299,237,119,1,656,0,0,0,656
12/25/2002,SJU,PR,ASO,ES,Combined TRACON& Tower with Radar,237,99,12,0,348,0,44,35,0,79,237,143,47,0,427,0,0,0,427
12/26/2002,SJU,PR,ASO,ES,Combined TRACON& Tower with Radar,283,139,66,2,490,0,107,88,0,195,283,246,154,2,685,0,0,0,685
12/27/2002,SJU,PR,ASO,ES,Combined TRACON& Tower with Radar,300,138,43,1,482,0,119,103,0,222,300,257,146,1,704,0,0,0,704
12/28/2002,SJU,PR,ASO,ES,Combined TRACON& Tower with Radar,345,107,35,5,492,0,119,47,1,167,345,226,82,6,659,0,0,0,659
12/29/2002,SJU,PR,ASO,ES,Combined TRACON& Tower with Radar,315,98,26,0,439,0,98,55,0,153,315,196,81,0,592,0,0,0,592
12/30/2002,SJU,PR,ASO,ES,Combined TRACON& Tower with Radar,292,133,59,0,484,0,96,59,2,157,292,229,118,2,641,0,0,0,641
12/31/2002,SJU,PR,ASO,ES,Combined TRACON& Tower with Radar,271,122,38,1,432,3,105,41,0,149,274,227,79,1,581,0,0,0,581
01/01/2003,SJU,PR,ASO,ES,Combined TRACON& Tower with Radar,241,102,40,0,383,1,55,42,0,98,242,157,82,0,481,0,0,0,481
01/02/2003,SJU,PR,ASO,ES,Combined TRACON& Tower with Radar,277,173,50,0,500,1,103,64,0,168,278,276,114,0,668,0,0,0,668
01/03/2003,SJU,PR,ASO,ES,Combined TRACON& Tower with Radar,302,133,44,3,482,1,140,103,0,244,303,273,147,3,726,0,0,0,726
01/04/2003,SJU,PR,ASO,ES,Combined TRACON& Tower with Radar,357,117,72,3,549,1,146,92,0,239,358,263,164,3,788,0,0,0,788
01/05/2003,SJU,PR,ASO,ES,Combined TRACON& Tower with Radar,328,130,45,2,505,1,76,55,0,132,329,206,100,2,637,0,0,0,637
01/06/2003,SJU,PR,ASO,ES,Combined TRACON& Tower with Radar,311,151,33,4,499,1,110,42,1,154,312,261,75,5,653,0,0,0,653
01/07/2003,SJU,PR,ASO,ES,Combined TRACON& Tower with Radar,272,123,56,3,454,1,94,46,1,142,273,217,102,4,596,0,0,0,596
01/08/2003,SJU,PR,ASO,ES,Combined TRACON& Tower with Radar,291,134,25,3,453,1,116,67,2,186,292,250,92,5,639,0,0,0,639
01/09/2003,SJU,PR,ASO,ES,Combined TRACON& Tower with Radar,289,161,29,9,488,1,107,62,2,172,290,268,91,11,660,0,0,0,660
01/10/2003,SJU,PR,ASO,ES,Combined TRACON& Tower with Radar,298,144,36,2,480,0,90,66,6,162,298,234,102,8,642,0,0,0,642
01/11/2003,SJU,PR,ASO,ES,Combined TRACON& Tower with Radar,325,96,26,3,450,0,97,57,1,155,325,193,83,4,605,0,0,0,605
01/12/2003,SJU,PR,ASO,ES,Combined TRACON& Tower with Radar,310,94,45,1,450,0,80,50,0,130,310,174,95,1,580,0,0,0,580
01/13/2003,SJU,PR,ASO,ES,Combined TRACON& Tower with Radar,265,143,34,1,443,0,89,76,0,165,265,232,110,1,608,0,0,0,608
01/14/2003,SJU,PR,ASO,ES,Combined TRACON& Tower with Radar,252,149,27,17,445,0,84,47,0,131,252,233,74,17,576,0,0,0,576
01/15/2003,SJU,PR,ASO,ES,Combined TRACON& Tower with Radar,263,113,42,1,419,0,99,57,0,156,263,212,99,1,575,0,0,0,575
01/16/2003,SJU,PR,ASO,ES,Combined TRACON& Tower with Radar,277,138,28,1,444,0,97,80,1,178,277,235,108,2,622,0,0,0,622
01/17/2003,SJU,PR,ASO,ES,Combined TRACON& Tower with Radar,272,131,23,3,429,0,115,68,1,184,272,246,91,4,613,0,0,0,613
01/18/2003,SJU,PR,ASO,ES,Combined TRACON& Tower with Radar,306,117,14,1,438,0,85,45,0,130,306,202,59,1,568,0,0,0,568
01/19/2003,SJU,PR,ASO,ES,Combined TRACON& Tower with Radar,297,85,19,1,402,0,79,47,0,126,297,164,66,1,528,0,0,0,528
01/20/2003,SJU,PR,ASO,ES,Combined TRACON& Tower with Radar,260,122,49,0,431,0,71,50,0,121,260,193,99,0,552,0,0,0,552
01/21/2003,SJU,PR,ASO,ES,Combined TRACON& Tower with Radar,260,138,47,8,453,0,94,46,2,142,260,232,93,10,595,0,0,0,595
01/22/2003,SJU,PR,ASO,ES,Combined TRACON& Tower with Radar,261,126,30,11,428,0,85,59,0,144,261,211,89,11,572,0,0,0,572
01/23/2003,SJU,PR,ASO,ES,Combined TRACON& Tower with Radar,269,167,33,3,472,0,75,51,0,126,269,242,84,3,598,0,0,0,598
01/24/2003,SJU,PR,ASO,ES,Combined TRACON& Tower with Radar,278,134,37,3,452,0,98,72,6,176,278,232,109,9,628,0,0,0,628
01/25/2003,SJU,PR,ASO,ES,Combined TRACON& Tower with Radar,306,133,31,5,475,0,49,26,0,75,306,182,57,5,550,0,0,0,550
01/26/2003,SJU,PR,ASO,ES,Combined TRACON& Tower with Radar,288,100,31,8,427,0,60,29,0,89,288,160,60,8,516,0,0,0,516
01/27/2003,SJU,PR,ASO,ES,Combined TRACON& Tower with Radar,259,122,34,1,416,0,108,65,0,173,259,230,99,1,589,0,0,0,589
01/28/2003,SJU,PR,ASO,ES,Combined TRACON& Tower with Radar,263,123,28,10,424,0,82,66,2,150,263,205,94,12,574,0,0,0,574
01/29/2003,SJU,PR,ASO,ES,Combined TRACON& Tower with Radar,249,128,52,9,438,0,96,51,3,150,249,224,103,12,588,0,0,0,588
01/30/2003,SJU,PR,ASO,ES,Combined TRACON& Tower with Radar,268,129,43,6,446,0,88,79,1,168,268,217,122,7,614,0,0,0,614
01/31/2003,SJU,PR,ASO,ES,Combined TRACON& Tower with Radar,290,134,43,6,473,0,94,57,4,155,290,228,100,10,628,0,0,0,628
02/01/2003,SJU,PR,ASO,ES,Combined TRACON& Tower with Radar,301,105,23,6,435,1,97,48,0,146,302,202,71,6,581,0,0,0,581
02/02/2003,SJU,PR,ASO,ES,Combined TRACON& Tower with Radar,297,85,17,4,403,1,71,35,0,107,298,156,52,4,510,0,0,0,510
02/03/2003,SJU,PR,ASO,ES,Combined TRACON& Tower with Radar,254,127,31,1,413,0,111,60,0,171,254,238,91,1,584,0,0,0,584
02/04/2003,SJU,PR,ASO,ES,Combined TRACON& Tower with Radar,241,173,44,5,463,1,40,36,0,77,242,213,80,5,540,0,0,0,540
02/05/2003,SJU,PR,ASO,ES,Combined TRACON& Tower with Radar,250,143,34,12,439,1,82,57,6,146,251,225,91,18,585,0,0,0,585
02/06/2003,SJU,PR,ASO,ES,Combined TRACON& Tower with Radar,273,133,35,4,445,3,94,87,3,187,276,227,122,7,632,0,0,0,632
02/07/2003,SJU,PR,ASO,ES,Combined TRACON& Tower with Radar,273,134,31,2,440,1,109,53,3,166,274,243,84,5,606,0,0,0,606
02/08/2003,SJU,PR,ASO,ES,Combined TRACON& Tower with Radar,332,97,32,4,465,1,108,57,1,167,333,205,89,5,632,0,0,0,632
02/09/2003,SJU,PR,ASO,ES,Combined TRACON& Tower with Radar,292,93,25,9,419,1,75,29,6,111,293,168,54,15,530,0,0,0,530
02/11/2003,SJU,PR,ASO,ES,Combined TRACON& Tower with Radar,252,161,35,10,458,1,54,62,1,118,253,215,97,11,576,0,0,0,576
02/12/2003,SJU,PR,ASO,ES,Combined TRACON& Tower with Radar,276,146,13,5,440,1,107,87,1,196,277,253,100,6,636,0,0,0,636
02/13/2003,SJU,PR,ASO,ES,Combined TRACON& Tower with Radar,296,163,50,6,515,1,115,81,0,197,297,278,131,6,712,0,0,0,712
02/14/2003,SJU,PR,ASO,ES,Combined TRACON& Tower with Radar,292,160,46,7,505,1,133,65,1,200,293,293,111,8,705,0,0,0,705
02/15/2003,SJU,PR,ASO,ES,Combined TRACON& Tower with Radar,323,110,40,3,476,1,118,60,0,179,324,228,100,3,655,0,0,0,655
02/16/2003,SJU,PR,ASO,ES,Combined TRACON& Tower with Radar,311,121,27,1,460,1,71,25,2,99,312,192,52,3,559,0,0,0,559
02/17/2003,SJU,PR,ASO,ES,Combined TRACON& Tower with Radar,239,150,39,2,430,1,93,44,0,138,240,243,83,2,568,0,0,0,568
02/18/2003,SJU,PR,ASO,ES,Combined TRACON& Tower with Radar,227,147,30,8,412,1,94,59,0,154,228,241,89,8,566,0,0,0,566
02/19/2003,SJU,PR,ASO,ES,Combined TRACON& Tower with Radar,257,128,31,11,427,1,94,72,10,177,258,222,103,21,604,0,0,0,604
02/20/2003,SJU,PR,ASO,ES,Combined TRACON& Tower with Radar,266,146,50,5,467,1,95,72,0,168,267,241,122,5,635,0,0,0,635
02/21/2003,SJU,PR,ASO,ES,Combined TRACON& Tower with Radar,289,150,43,5,487,1,117,69,0,187,290,267,112,5,674,0,0,0,674
02/22/2003,SJU,PR,ASO,ES,Combined TRACON& Tower with Radar,319,108,42,7,476,1,146,59,4,210,320,254,101,11,686,0,0,0,686
02/23/2003,SJU,PR,ASO,ES,Combined TRACON& Tower with Radar,313,87,32,2,434,1,103,45,0,149,314,190,77,2,583,0,0,0,583
02/24/2003,SJU,PR,ASO,ES,Combined TRACON& Tower with Radar,272,142,40,0,454,1,101,55,0,157,273,243,95,0,611,0,0,0,611
02/25/2003,SJU,PR,ASO,ES,Combined TRACON& Tower with Radar,256,151,35,6,448,1,66,61,1,129,257,217,96,7,577,0,0,0,577
02/26/2003,SJU,PR,ASO,ES,Combined TRACON& Tower with Radar,250,132,32,6,420,1,110,59,1,171,251,242,91,7,591,0,0,0,591
02/27/2003,SJU,PR,ASO,ES,Combined TRACON& Tower with Radar,270,144,53,10,477,1,89,75,7,172,271,233,128,17,649,0,0,0,649
02/28/2003,SJU,PR,ASO,ES,Combined TRACON& Tower with Radar,282,148,38,9,477,0,136,93,0,229,282,284,131,9,706,0,0,0,706
03/01/2003,SJU,PR,ASO,ES,Combined TRACON& Tower with Radar,331,95,25,2,453,1,113,45,0,159,332,208,70,2,612,0,0,0,612
03/02/2003,SJU,PR,ASO,ES,Combined TRACON& Tower with Radar,309,93,44,0,446,1,72,38,0,111,310,165,82,0,557,0,0,0,557
03/03/2003,SJU,PR,ASO,ES,Combined TRACON& Tower with Radar,259,127,28,0,414,1,100,61,2,164,260,227,89,2,578,0,0,0,578
03/04/2003,SJU,PR,ASO,ES,Combined TRACON& Tower with Radar,261,108,23,3,395,1,88,49,0,138,262,196,72,3,533,0,0,0,533
03/05/2003,SJU,PR,ASO,ES,Combined TRACON& Tower with Radar,274,120,35,3,432,7,91,52,6,156,281,211,87,9,588,0,0,0,588
03/06/2003,SJU,PR,ASO,ES,Combined TRACON& Tower with Radar,260,122,31,5,418,1,88,64,0,153,261,210,95,5,571,0,0,0,571
03/07/2003,SJU,PR,ASO,ES,Combined TRACON& Tower with Radar,286,188,38,4,516,1,112,67,0,180,287,300,105,4,696,0,0,0,696
03/08/2003,SJU,PR,ASO,ES,Combined TRACON& Tower with Radar,313,101,39,10,463,1,119,59,1,180,314,220,98,11,643,0,0,0,643
03/09/2003,SJU,PR,ASO,ES,Combined TRACON& Tower with Radar,294,97,17,6,414,1,82,48,0,131,295,179,65,6,545,0,0,0,545
03/10/2003,SJU,PR,ASO,ES,Combined TRACON& Tower with Radar,252,148,33,10,443,1,101,52,1,155,253,249,85,11,598,0,0,0,598
03/11/2003,SJU,PR,ASO,ES,Combined TRACON& Tower with Radar,231,122,29,5,387,0,103,70,0,173,231,225,99,5,560,0,0,0,560
03/12/2003,SJU,PR,ASO,ES,Combined TRACON& Tower with Radar,250,138,42,6,436,0,110,65,0,175,250,248,107,6,611,0,0,0,611
03/13/2003,SJU,PR,ASO,ES,Combined TRACON& Tower with Radar,257,142,53,1,453,0,120,80,0,200,257,262,133,1,653,0,0,0,653
03/14/2003,SJU,PR,ASO,ES,Combined TRACON& Tower with Radar,276,128,47,0,451,0,138,90,0,228,276,266,137,0,679,0,0,0,679
03/15/2003,SJU,PR,ASO,ES,Combined TRACON& Tower with Radar,323,105,27,1,456,0,131,64,0,195,323,236,91,1,651,0,0,0,651
03/16/2003,SJU,PR,ASO,ES,Combined TRACON& Tower with Radar,314,102,41,0,457,0,87,61,0,148,314,189,102,0,605,0,0,0,605
03/17/2003,SJU,PR,ASO,ES,Combined TRACON& Tower with Radar,236,124,45,2,407,0,110,68,0,178,236,234,113,2,585,0,0,0,585
03/18/2003,SJU,PR,ASO,ES,Combined TRACON& Tower with Radar,244,112,33,3,392,0,104,77,4,185,244,216,110,7,577,0,0,0,577
03/19/2003,SJU,PR,ASO,ES,Combined TRACON& Tower with Radar,253,145,29,7,434,0,87,77,0,164,253,232,106,7,598,0,0,0,598
03/20/2003,SJU,PR,ASO,ES,Combined TRACON& Tower with Radar,266,149,30,7,452,0,113,63,0,176,266,262,93,7,628,0,0,0,628
03/21/2003,SJU,PR,ASO,ES,Combined TRACON& Tower with Radar,283,129,41,3,456,0,132,86,0,218,283,261,127,3,674,0,0,0,674
03/22/2003,SJU,PR,ASO,ES,Combined TRACON& Tower with Radar,305,91,30,2,428,0,149,54,1,204,305,240,84,3,632,0,0,0,632
03/23/2003,SJU,PR,ASO,ES,Combined TRACON& Tower with Radar,297,100,32,1,430,0,95,57,0,152,297,195,89,1,582,0,0,0,582
03/24/2003,SJU,PR,ASO,ES,Combined TRACON& Tower with Radar,251,110,31,2,394,0,98,68,1,167,251,208,99,3,561,0,0,0,561
03/25/2003,SJU,PR,ASO,ES,Combined TRACON& Tower with Radar,253,110,33,5,401,0,97,69,2,168,253,207,102,7,569,0,0,0,569
03/26/2003,SJU,PR,ASO,ES,Combined TRACON& Tower with Radar,247,122,52,8,429,0,93,81,1,175,247,215,133,9,604,0,0,0,604
03/27/2003,SJU,PR,ASO,ES,Combined TRACON& Tower with Radar,257,133,48,4,442,0,86,84,0,170,257,219,132,4,612,0,0,0,612
03/28/2003,SJU,PR,ASO,ES,Combined TRACON& Tower with Radar,278,130,29,5,442,0,122,68,1,191,278,252,97,6,633,0,0,0,633
03/29/2003,SJU,PR,ASO,ES,Combined TRACON& Tower with Radar,297,94,27,1,419,0,125,64,0,189,297,219,91,1,608,0,0,0,608
03/30/2003,SJU,PR,ASO,ES,Combined TRACON& Tower with Radar,298,88,30,3,419,0,86,52,1,139,298,174,82,4,558,0,0,0,558
03/31/2003,SJU,PR,ASO,ES,Combined TRACON& Tower with Radar,253,122,47,2,424,0,105,66,0,171,253,227,113,2,595,0,0,0,595
04/01/2003,SJU,PR,ASO,ES,Combined TRACON& Tower with Radar,257,150,34,8,449,0,64,47,0,111,257,214,81,8,560,0,0,0,560
04/02/2003,SJU,PR,ASO,ES,Combined TRACON& Tower with Radar,243,125,30,10,408,0,78,60,3,141,243,203,90,13,549,0,0,0,549
04/03/2003,SJU,PR,ASO,ES,Combined TRACON& Tower with Radar,261,156,36,3,456,0,69,61,1,131,261,225,97,4,587,0,0,0,587
04/04/2003,SJU,PR,ASO,ES,Combined TRACON& Tower with Radar,262,133,39,2,436,0,101,69,1,171,262,234,108,3,607,0,0,0,607
04/05/2003,SJU,PR,ASO,ES,Combined TRACON& Tower with Radar,316,130,29,0,475,0,72,32,1,105,316,202,61,1,580,0,0,0,580
04/06/2003,SJU,PR,ASO,ES,Combined TRACON& Tower with Radar,284,94,21,1,400,0,67,42,1,110,284,161,63,2,510,0,0,0,510
04/07/2003,SJU,PR,ASO,ES,Combined TRACON& Tower with Radar,225,127,31,3,386,0,98,58,0,156,225,225,89,3,542,0,0,0,542
04/08/2003,SJU,PR,ASO,ES,Combined TRACON& Tower with Radar,237,121,21,10,389,0,72,56,3,131,237,193,77,13,520,0,0,0,520
04/09/2003,SJU,PR,ASO,ES,Combined TRACON& Tower with Radar,265,121,30,7,423,0,80,53,1,134,265,201,83,8,557,0,0,0,557
04/10/2003,SJU,PR,ASO,ES,Combined TRACON& Tower with Radar,241,150,26,6,423,0,83,40,0,123,241,233,66,6,546,2,0,2,548
04/11/2003,SJU,PR,ASO,ES,Combined TRACON& Tower with Radar,260,189,37,5,491,0,64,53,0,117,260,253,90,5,608,0,0,0,608
04/12/2003,SJU,PR,ASO,ES,Combined TRACON& Tower with Radar,307,99,27,5,438,0,132,51,0,183,307,231,78,5,621,0,0,0,621
04/13/2003,SJU,PR,ASO,ES,Combined TRACON& Tower with Radar,296,94,25,5,420,0,80,46,0,126,296,174,71,5,546,0,0,0,546
04/14/2003,SJU,PR,ASO,ES,Combined TRACON& Tower with Radar,266,102,26,1,395,0,111,63,8,182,266,213,89,9,577,0,0,0,577
04/15/2003,SJU,PR,ASO,ES,Combined TRACON& Tower with Radar,257,123,41,3,424,0,94,53,0,147,257,217,94,3,571,0,0,0,571
04/16/2003,SJU,PR,ASO,ES,Combined TRACON& Tower with Radar,278,140,50,5,473,0,106,84,1,191,278,246,134,6,664,0,0,0,664
04/17/2003,SJU,PR,ASO,ES,Combined TRACON& Tower with Radar,290,176,65,10,541,0,27,22,0,49,290,203,87,10,590,0,0,0,590
04/18/2003,SJU,PR,ASO,ES,Combined TRACON& Tower with Radar,265,137,45,5,452,0,49,67,0,116,265,186,112,5,568,0,0,0,568
04/19/2003,SJU,PR,ASO,ES,Combined TRACON& Tower with Radar,293,140,39,1,473,6,129,58,0,193,299,269,97,1,666,0,0,0,666
04/20/2003,SJU,PR,ASO,ES,Combined TRACON& Tower with Radar,319,97,25,0,441,0,78,53,0,131,319,175,78,0,572,0,0,0,572
04/21/2003,SJU,PR,ASO,ES,Combined TRACON& Tower with Radar,266,146,58,2,472,0,79,66,1,146,266,225,124,3,618,0,0,0,618
04/22/2003,SJU,PR,ASO,ES,Combined TRACON& Tower with Radar,246,186,48,7,487,0,28,57,1,86,246,214,105,8,573,0,0,0,573
04/23/2003,SJU,PR,ASO,ES,Combined TRACON& Tower with Radar,254,141,39,5,439,0,83,52,2,137,254,224,91,7,576,0,0,0,576
04/24/2003,SJU,PR,ASO,ES,Combined TRACON& Tower with Radar,246,144,39,1,430,0,113,65,0,178,246,257,104,1,608,0,0,0,608
04/25/2003,SJU,PR,ASO,ES,Combined TRACON& Tower with Radar,261,118,38,1,418,0,99,81,0,180,261,217,119,1,598,0,0,0,598
04/26/2003,SJU,PR,ASO,ES,Combined TRACON& Tower with Radar,295,83,34,2,414,0,103,72,0,175,295,186,106,2,589,0,0,0,589
04/27/2003,SJU,PR,ASO,ES,Combined TRACON& Tower with Radar,297,92,32,1,422,0,83,51,0,134,297,175,83,1,556,0,0,0,556
04/28/2003,SJU,PR,ASO,ES,Combined TRACON& Tower with Radar,246,111,29,0,386,0,94,88,0,182,246,205,117,0,568,0,0,0,568
04/29/2003,SJU,PR,ASO,ES,Combined TRACON& Tower with Radar,264,110,49,2,425,0,87,65,1,153,264,197,114,3,578,0,0,0,578
04/30/2003,SJU,PR,ASO,ES,Combined TRACON& Tower with Radar,253,131,47,3,434,0,88,74,0,162,253,219,121,3,596,0,0,0,596
05/01/2003,SJU,PR,ASO,ES,Combined TRACON& Tower with Radar,244,111,39,6,400,1,89,62,0,152,245,200,101,6,552,0,0,0,552
05/02/2003,SJU,PR,ASO,ES,Combined TRACON& Tower with Radar,256,103,50,1,410,1,93,72,2,168,257,196,122,3,578,0,0,0,578
05/03/2003,SJU,PR,ASO,ES,Combined TRACON& Tower with Radar,281,59,40,3,383,1,100,56,0,157,282,159,96,3,540,0,0,0,540
05/04/2003,SJU,PR,ASO,ES,Combined TRACON& Tower with Radar,256,71,39,2,368,1,80,40,0,121,257,151,79,2,489,0,0,0,489
05/05/2003,SJU,PR,ASO,ES,Combined TRACON& Tower with Radar,244,87,51,9,391,1,106,71,1,179,245,193,122,10,570,0,0,0,570
05/06/2003,SJU,PR,ASO,ES,Combined TRACON& Tower with Radar,225,91,54,4,374,1,72,50,0,123,226,163,104,4,497,0,0,0,497
05/07/2003,SJU,PR,ASO,ES,Combined TRACON& Tower with Radar,261,101,36,7,405,1,82,52,1,136,262,183,88,8,541,0,0,0,541
05/08/2003,SJU,PR,ASO,ES,Combined TRACON& Tower with Radar,266,112,42,7,427,1,86,68,1,156,267,198,110,8,583,0,0,0,583
05/09/2003,SJU,PR,ASO,ES,Combined TRACON& Tower with Radar,260,98,46,2,406,1,80,71,0,152,261,178,117,2,558,0,0,0,558
05/10/2003,SJU,PR,ASO,ES,Combined TRACON& Tower with Radar,274,77,10,4,365,0,75,43,0,118,274,152,53,4,483,0,0,0,483
05/11/2003,SJU,PR,ASO,ES,Combined TRACON& Tower with Radar,254,74,8,5,341,0,65,29,0,94,254,139,37,5,435,0,0,0,435
05/12/2003,SJU,PR,ASO,ES,Combined TRACON& Tower with Radar,236,102,19,11,368,0,79,58,1,138,236,181,77,12,506,0,0,0,506
05/13/2003,SJU,PR,ASO,ES,Combined TRACON& Tower with Radar,250,114,28,5,397,0,74,56,2,132,250,188,84,7,529,0,0,0,529
05/14/2003,SJU,PR,ASO,ES,Combined TRACON& Tower with Radar,245,127,28,5,405,0,66,54,1,121,245,193,82,6,526,0,0,0,526
05/15/2003,SJU,PR,ASO,ES,Combined TRACON& Tower with Radar,241,100,30,4,375,0,86,69,1,156,241,186,99,5,531,0,0,0,531
05/16/2003,SJU,PR,ASO,ES,Combined TRACON& Tower with Radar,261,112,31,7,411,0,71,51,0,122,261,183,82,7,533,0,0,0,533
05/17/2003,SJU,PR,ASO,ES,Combined TRACON& Tower with Radar,271,106,11,1,389,0,67,30,0,97,271,173,41,1,486,0,0,0,486
05/18/2003,SJU,PR,ASO,ES,Combined TRACON& Tower with Radar,270,84,34,2,390,0,44,25,0,69,270,128,59,2,459,0,0,0,459
05/19/2003,SJU,PR,ASO,ES,Combined TRACON& Tower with Radar,247,119,37,1,404,0,64,46,0,110,247,183,83,1,514,0,0,0,514
05/20/2003,SJU,PR,ASO,ES,Combined TRACON& Tower with Radar,248,127,27,6,408,0,46,54,1,101,248,173,81,7,509,0,0,0,509
05/21/2003,SJU,PR,ASO,ES,Combined TRACON& Tower with Radar,243,124,23,7,397,0,68,54,2,124,243,192,77,9,521,0,0,0,521
05/22/2003,SJU,PR,ASO,ES,Combined TRACON& Tower with Radar,252,128,29,3,412,0,70,40,0,110,252,198,69,3,522,0,0,0,522
05/23/2003,SJU,PR,ASO,ES,Combined TRACON& Tower with Radar,291,133,42,4,470,0,81,51,0,132,291,214,93,4,602,0,0,0,602
05/24/2003,SJU,PR,ASO,ES,Combined TRACON& Tower with Radar,291,103,29,3,426,0,70,36,0,106,291,173,65,3,532,0,0,0,532
05/25/2003,SJU,PR,ASO,ES,Combined TRACON& Tower with Radar,289,102,14,6,411,0,58,30,0,88,289,160,44,6,499,0,0,0,499
05/26/2003,SJU,PR,ASO,ES,Combined TRACON& Tower with Radar,251,119,31,4,405,0,76,43,0,119,251,195,74,4,524,0,0,0,524
05/27/2003,SJU,PR,ASO,ES,Combined TRACON& Tower with Radar,260,123,22,22,427,0,75,54,1,130,260,198,76,23,557,0,0,0,557
05/28/2003,SJU,PR,ASO,ES,Combined TRACON& Tower with Radar,260,103,34,9,406,0,79,65,2,146,260,182,99,11,552,0,0,0,552
05/29/2003,SJU,PR,ASO,ES,Combined TRACON& Tower with Radar,271,108,38,1,418,0,92,55,0,147,271,200,93,1,565,0,0,0,565
05/30/2003,SJU,PR,ASO,ES,Combined TRACON& Tower with Radar,269,101,39,4,413,0,83,47,0,130,269,184,86,4,543,0,0,0,543
05/31/2003,SJU,PR,ASO,ES,Combined TRACON& Tower with Radar,276,83,12,2,373,0,71,39,0,110,276,154,51,2,483,0,0,0,483
06/01/2003,SJU,PR,ASO,ES,Combined TRACON& Tower with Radar,293,72,15,2,382,0,56,27,0,83,293,128,42,2,465,0,0,0,465
06/02/2003,SJU,PR,ASO,ES,Combined TRACON& Tower with Radar,261,123,23,4,411,0,84,41,1,126,261,207,64,5,537,0,0,0,537
06/03/2003,SJU,PR,ASO,ES,Combined TRACON& Tower with Radar,262,117,42,10,431,0,70,67,1,138,262,187,109,11,569,0,0,0,569
06/04/2003,SJU,PR,ASO,ES,Combined TRACON& Tower with Radar,242,93,21,3,359,3,80,32,0,115,245,173,53,3,474,0,0,0,474
06/05/2003,SJU,PR,ASO,ES,Combined TRACON& Tower with Radar,274,130,23,6,433,0,68,59,0,127,274,198,82,6,560,0,0,0,560
06/06/2003,SJU,PR,ASO,ES,Combined TRACON& Tower with Radar,267,112,29,7,415,0,61,52,1,114,267,173,81,8,529,0,0,0,529
06/07/2003,SJU,PR,ASO,ES,Combined TRACON& Tower with Radar,286,97,16,5,404,0,62,30,4,96,286,159,46,9,500,0,0,0,500
06/08/2003,SJU,PR,ASO,ES,Combined TRACON& Tower with Radar,281,82,11,7,381,0,47,30,0,77,281,129,41,7,458,0,0,0,458
06/09/2003,SJU,PR,ASO,ES,Combined TRACON& Tower with Radar,281,109,28,1,419,0,74,38,2,114,281,183,66,3,533,0,0,0,533
06/10/2003,SJU,PR,ASO,ES,Combined TRACON& Tower with Radar,255,118,19,7,399,0,74,57,3,134,255,192,76,10,533,0,0,0,533
06/11/2003,SJU,PR,ASO,ES,Combined TRACON& Tower with Radar,264,92,28,7,391,0,58,55,5,118,264,150,83,12,509,0,0,0,509
06/12/2003,SJU,PR,ASO,ES,Combined TRACON& Tower with Radar,274,116,34,6,430,0,64,49,0,113,274,180,83,6,543,0,0,0,543
06/13/2003,SJU,PR,ASO,ES,Combined TRACON& Tower with Radar,269,103,41,5,418,0,71,80,2,153,269,174,121,7,571,0,0,0,571
06/14/2003,SJU,PR,ASO,ES,Combined TRACON& Tower with Radar,292,83,11,11,397,0,61,45,0,106,292,144,56,11,503,0,0,0,503
06/15/2003,SJU,PR,ASO,ES,Combined TRACON& Tower with Radar,311,107,26,3,447,0,27,26,0,53,311,134,52,3,500,0,0,0,500
06/16/2003,SJU,PR,ASO,ES,Combined TRACON& Tower with Radar,266,123,37,0,426,0,79,59,1,139,266,202,96,1,565,0,0,0,565
06/17/2003,SJU,PR,ASO,ES,Combined TRACON& Tower with Radar,264,100,41,12,417,0,79,70,5,154,264,179,111,17,571,0,0,0,571
06/18/2003,SJU,PR,ASO,ES,Combined TRACON& Tower with Radar,275,118,27,6,426,0,77,41,2,120,275,195,68,8,546,0,0,0,546
06/19/2003,SJU,PR,ASO,ES,Combined TRACON& Tower with Radar,270,126,35,4,435,0,73,48,0,121,270,199,83,4,556,0,0,0,556
06/20/2003,SJU,PR,ASO,ES,Combined TRACON& Tower with Radar,286,103,31,7,427,0,68,64,0,132,286,171,95,7,559,0,0,0,559
06/21/2003,SJU,PR,ASO,ES,Combined TRACON& Tower with Radar,302,86,17,1,406,0,62,29,0,91,302,148,46,1,497,0,0,0,497
06/22/2003,SJU,PR,ASO,ES,Combined TRACON& Tower with Radar,304,74,16,2,396,0,59,33,0,92,304,133,49,2,488,0,0,0,488
06/23/2003,SJU,PR,ASO,ES,Combined TRACON& Tower with Radar,272,125,26,4,427,0,85,58,2,145,272,210,84,6,572,0,0,0,572
06/24/2003,SJU,PR,ASO,ES,Combined TRACON& Tower with Radar,271,121,37,9,438,0,71,54,1,126,271,192,91,10,564,0,0,0,564
06/25/2003,SJU,PR,ASO,ES,Combined TRACON& Tower with Radar,279,122,28,3,432,0,78,54,0,132,279,200,82,3,564,0,0,0,564
06/26/2003,SJU,PR,ASO,ES,Combined TRACON& Tower with Radar,287,125,28,6,446,0,75,66,0,141,287,200,94,6,587,0,0,0,587
06/27/2003,SJU,PR,ASO,ES,Combined TRACON& Tower with Radar,286,118,25,1,430,0,66,58,1,125,286,184,83,2,555,0,0,0,555
06/28/2003,SJU,PR,ASO,ES,Combined TRACON& Tower with Radar,312,92,18,0,422,0,91,62,0,153,312,183,80,0,575,0,0,0,575
06/29/2003,SJU,PR,ASO,ES,Combined TRACON& Tower with Radar,304,81,13,1,399,0,79,39,0,118,304,160,52,1,517,0,0,0,517
06/30/2003,SJU,PR,ASO,ES,Combined TRACON& Tower with Radar,282,127,30,3,442,0,84,44,0,128,282,211,74,3,570,0,0,0,570
07/01/2003,SJU,PR,ASO,ES,Combined TRACON& Tower with Radar,246,111,21,5,383,2,71,32,2,107,248,182,53,7,490,0,0,0,490
07/02/2003,SJU,PR,ASO,ES,Combined TRACON& Tower with Radar,291,111,33,3,438,2,90,50,0,142,293,201,83,3,580,0,0,0,580
07/03/2003,SJU,PR,ASO,ES,Combined TRACON& Tower with Radar,334,136,39,1,510,2,84,77,1,164,336,220,116,2,674,0,0,0,674
07/04/2003,SJU,PR,ASO,ES,Combined TRACON& Tower with Radar,285,126,44,0,455,2,61,36,0,99,287,187,80,0,554,0,0,0,554
07/05/2003,SJU,PR,ASO,ES,Combined TRACON& Tower with Radar,308,97,21,1,427,2,59,26,0,87,310,156,47,1,514,0,0,0,514
07/06/2003,SJU,PR,ASO,ES,Combined TRACON& Tower with Radar,311,101,23,3,438,1,55,53,1,110,312,156,76,4,548,0,0,0,548
07/07/2003,SJU,PR,ASO,ES,Combined TRACON& Tower with Radar,299,133,25,0,457,1,85,36,1,123,300,218,61,1,580,0,0,0,580
07/08/2003,SJU,PR,ASO,ES,Combined TRACON& Tower with Radar,273,154,41,3,471,1,42,42,1,86,274,196,83,4,557,0,0,0,557
07/09/2003,SJU,PR,ASO,ES,Combined TRACON& Tower with Radar,288,118,32,1,439,0,89,29,0,118,288,207,61,1,557,4,0,4,561
07/10/2003,SJU,PR,ASO,ES,Combined TRACON& Tower with Radar,309,130,30,10,479,1,101,49,2,153,310,231,79,12,632,0,0,0,632
07/11/2003,SJU,PR,ASO,ES,Combined TRACON& Tower with Radar,300,120,36,4,460,1,86,53,0,140,301,206,89,4,600,0,0,0,600
07/12/2003,SJU,PR,ASO,ES,Combined TRACON& Tower with Radar,303,99,11,3,416,1,77,38,0,116,304,176,49,3,532,0,0,0,532
07/13/2003,SJU,PR,ASO,ES,Combined TRACON& Tower with Radar,233,71,24,3,331,1,30,19,0,50,234,101,43,3,381,0,0,0,381
07/14/2003,SJU,PR,ASO,ES,Combined TRACON& Tower with Radar,280,84,43,3,410,1,86,68,0,155,281,170,111,3,565,0,0,0,565
07/15/2003,SJU,PR,ASO,ES,Combined TRACON& Tower with Radar,300,137,51,5,493,1,83,51,1,136,301,220,102,6,629,10,0,10,639
07/16/2003,SJU,PR,ASO,ES,Combined TRACON& Tower with Radar,287,121,32,0,440,0,105,48,0,153,287,226,80,0,593,6,0,6,599
07/17/2003,SJU,PR,ASO,ES,Combined TRACON& Tower with Radar,296,132,30,10,468,1,90,51,0,142,297,222,81,10,610,0,0,0,610
07/18/2003,SJU,PR,ASO,ES,Combined TRACON& Tower with Radar,290,115,36,2,443,1,80,80,0,161,291,195,116,2,604,0,0,0,604
07/19/2003,SJU,PR,ASO,ES,Combined TRACON& Tower with Radar,334,97,15,0,446,1,75,42,0,118,335,172,57,0,564,0,0,0,564
07/20/2003,SJU,PR,ASO,ES,Combined TRACON& Tower with Radar,308,92,9,1,410,1,61,53,0,115,309,153,62,1,525,0,0,0,525
07/21/2003,SJU,PR,ASO,ES,Combined TRACON& Tower with Radar,289,130,28,1,448,1,78,46,0,125,290,208,74,1,573,0,0,0,573
07/22/2003,SJU,PR,ASO,ES,Combined TRACON& Tower with Radar,274,140,31,16,461,1,40,21,0,62,275,180,52,16,523,0,0,0,523
07/23/2003,SJU,PR,ASO,ES,Combined TRACON& Tower with Radar,306,121,38,2,467,1,92,46,0,139,307,213,84,2,606,0,0,0,606
07/24/2003,SJU,PR,ASO,ES,Combined TRACON& Tower with Radar,337,119,37,5,498,1,103,57,0,161,338,222,94,5,659,0,0,0,659
07/25/2003,SJU,PR,ASO,ES,Combined TRACON& Tower with Radar,302,120,32,3,457,8,99,56,3,166,310,219,88,6,623,0,0,0,623
07/26/2003,SJU,PR,ASO,ES,Combined TRACON& Tower with Radar,306,110,24,0,440,1,77,49,0,127,307,187,73,0,567,0,0,0,567
07/27/2003,SJU,PR,ASO,ES,Combined TRACON& Tower with Radar,329,126,37,1,493,1,54,39,0,94,330,180,76,1,587,0,0,0,587
07/28/2003,SJU,PR,ASO,ES,Combined TRACON& Tower with Radar,319,132,35,4,490,0,85,59,4,148,319,217,94,8,638,0,0,0,638
07/29/2003,SJU,PR,ASO,ES,Combined TRACON& Tower with Radar,296,121,57,5,479,1,80,70,1,152,297,201,127,6,631,0,0,0,631
07/30/2003,SJU,PR,ASO,ES,Combined TRACON& Tower with Radar,291,112,25,9,437,1,98,54,0,153,292,210,79,9,590,0,0,0,590
07/31/2003,SJU,PR,ASO,ES,Combined TRACON& Tower with Radar,307,124,38,4,473,1,90,55,0,146,308,214,93,4,619,0,0,0,619
08/01/2003,SJU,PR,ASO,ES,Combined TRACON& Tower with Radar,298,122,15,2,437,3,82,79,0,164,301,204,94,2,601,0,0,0,601
08/02/2003,SJU,PR,ASO,ES,Combined TRACON& Tower with Radar,325,103,13,8,449,3,54,22,0,79,328,157,35,8,528,0,0,0,528
08/03/2003,SJU,PR,ASO,ES,Combined TRACON& Tower with Radar,301,93,29,3,426,3,46,33,0,82,304,139,62,3,508,0,0,0,508
08/04/2003,SJU,PR,ASO,ES,Combined TRACON& Tower with Radar,293,111,36,6,446,3,63,50,1,117,296,174,86,7,563,0,0,0,563
08/05/2003,SJU,PR,ASO,ES,Combined TRACON& Tower with Radar,281,105,36,8,430,3,68,47,0,118,284,173,83,8,548,0,0,0,548
08/06/2003,SJU,PR,ASO,ES,Combined TRACON& Tower with Radar,287,120,34,4,445,0,64,32,2,98,287,184,66,6,543,0,0,0,543
08/07/2003,SJU,PR,ASO,ES,Combined TRACON& Tower with Radar,286,124,35,4,449,0,70,54,5,129,286,194,89,9,578,0,0,0,578
08/08/2003,SJU,PR,ASO,ES,Combined TRACON& Tower with Radar,291,122,25,1,439,3,70,53,0,126,294,192,78,1,565,0,0,0,565
08/09/2003,SJU,PR,ASO,ES,Combined TRACON& Tower with Radar,302,101,16,5,424,3,59,27,1,90,305,160,43,6,514,0,0,0,514
08/10/2003,SJU,PR,ASO,ES,Combined TRACON& Tower with Radar,293,87,21,7,408,3,48,38,0,89,296,135,59,7,497,0,0,0,497
08/11/2003,SJU,PR,ASO,ES,Combined TRACON& Tower with Radar,280,120,45,3,448,3,57,65,0,125,283,177,110,3,573,0,0,0,573
08/12/2003,SJU,PR,ASO,ES,Combined TRACON& Tower with Radar,271,128,34,5,438,3,72,67,4,146,274,200,101,9,584,0,0,0,584
08/13/2003,SJU,PR,ASO,ES,Combined TRACON& Tower with Radar,274,115,35,3,427,0,68,61,0,129,274,183,96,3,556,0,0,0,556
08/14/2003,SJU,PR,ASO,ES,Combined TRACON& Tower with Radar,301,121,41,5,468,3,62,72,1,138,304,183,113,6,606,0,0,0,606
08/15/2003,SJU,PR,ASO,ES,Combined TRACON& Tower with Radar,275,124,47,3,449,3,72,52,1,128,278,196,99,4,577,0,0,0,577
08/16/2003,SJU,PR,ASO,ES,Combined TRACON& Tower with Radar,298,93,12,2,405,3,64,35,1,103,301,157,47,3,508,0,0,0,508
08/17/2003,SJU,PR,ASO,ES,Combined TRACON& Tower with Radar,301,89,35,1,426,3,52,26,0,81,304,141,61,1,507,0,0,0,507
08/18/2003,SJU,PR,ASO,ES,Combined TRACON& Tower with Radar,281,128,28,1,438,3,64,62,2,131,284,192,90,3,569,0,0,0,569
08/19/2003,SJU,PR,ASO,ES,Combined TRACON& Tower with Radar,274,140,27,6,447,3,71,54,0,128,277,211,81,6,575,0,0,0,575
08/20/2003,SJU,PR,ASO,ES,Combined TRACON& Tower with Radar,275,131,53,5,464,3,66,49,5,123,278,197,102,10,587,0,0,0,587
08/21/2003,SJU,PR,ASO,ES,Combined TRACON& Tower with Radar,263,139,40,1,443,3,63,56,0,122,266,202,96,1,565,0,0,0,565
08/22/2003,SJU,PR,ASO,ES,Combined TRACON& Tower with Radar,276,146,47,0,469,3,55,39,0,97,279,201,86,0,566,0,0,0,566
08/23/2003,SJU,PR,ASO,ES,Combined TRACON& Tower with Radar,298,93,26,7,424,3,62,39,0,104,301,155,65,7,528,0,0,0,528
08/24/2003,SJU,PR,ASO,ES,Combined TRACON& Tower with Radar,297,96,44,3,440,3,50,34,0,87,300,146,78,3,527,0,0,0,527
08/25/2003,SJU,PR,ASO,ES,Combined TRACON& Tower with Radar,269,127,37,4,437,0,73,55,0,128,269,200,92,4,565,0,0,0,565
08/26/2003,SJU,PR,ASO,ES,Combined TRACON& Tower with Radar,267,126,29,8,430,3,60,31,1,95,270,186,60,9,525,0,0,0,525
08/27/2003,SJU,PR,ASO,ES,Combined TRACON& Tower with Radar,281,107,51,6,445,3,68,52,1,124,284,175,103,7,569,0,0,0,569
08/28/2003,SJU,PR,ASO,ES,Combined TRACON& Tower with Radar,284,117,38,3,442,3,62,47,2,114,287,179,85,5,556,0,0,0,556
08/29/2003,SJU,PR,ASO,ES,Combined TRACON& Tower with Radar,304,138,40,2,484,3,67,55,0,125,307,205,95,2,609,0,0,0,609
08/30/2003,SJU,PR,ASO,ES,Combined TRACON& Tower with Radar,303,97,31,5,436,2,49,37,0,88,305,146,68,5,524,0,0,0,524
08/31/2003,SJU,PR,ASO,ES,Combined TRACON& Tower with Radar,281,94,28,1,404,2,47,24,0,73,283,141,52,1,477,0,0,0,477
09/01/2003,SJU,PR,ASO,ES,Combined TRACON& Tower with Radar,276,129,43,1,449,0,46,39,0,85,276,175,82,1,534,0,0,0,534
09/02/2003,SJU,PR,ASO,ES,Combined TRACON& Tower with Radar,269,131,44,8,452,0,62,45,6,113,269,193,89,14,565,0,0,0,565
09/03/2003,SJU,PR,ASO,ES,Combined TRACON& Tower with Radar,231,98,19,0,348,0,62,36,0,98,231,160,55,0,446,0,0,0,446
09/04/2003,SJU,PR,ASO,ES,Combined TRACON& Tower with Radar,228,101,30,8,367,0,67,44,4,115,228,168,74,12,482,0,0,0,482
09/05/2003,SJU,PR,ASO,ES,Combined TRACON& Tower with Radar,231,108,33,1,373,0,71,77,0,148,231,179,110,1,521,0,0,0,521
09/06/2003,SJU,PR,ASO,ES,Combined TRACON& Tower with Radar,230,91,24,3,348,0,43,37,0,80,230,134,61,3,428,0,0,0,428
09/07/2003,SJU,PR,ASO,ES,Combined TRACON& Tower with Radar,237,72,16,2,327,0,42,22,0,64,237,114,38,2,391,0,0,0,391
09/08/2003,SJU,PR,ASO,ES,Combined TRACON& Tower with Radar,215,94,51,5,365,0,57,33,0,90,215,151,84,5,455,0,0,0,455
09/09/2003,SJU,PR,ASO,ES,Combined TRACON& Tower with Radar,215,98,29,7,349,0,67,37,1,105,215,165,66,8,454,0,0,0,454
09/10/2003,SJU,PR,ASO,ES,Combined TRACON& Tower with Radar,220,91,35,10,356,0,68,47,4,119,220,159,82,14,475,0,0,0,475
09/11/2003,SJU,PR,ASO,ES,Combined TRACON& Tower with Radar,224,103,31,1,359,0,75,34,1,110,224,178,65,2,469,0,0,0,469
09/12/2003,SJU,PR,ASO,ES,Combined TRACON& Tower with Radar,220,92,21,1,334,0,60,51,0,111,220,152,72,1,445,0,0,0,445
09/13/2003,SJU,PR,ASO,ES,Combined TRACON& Tower with Radar,232,80,15,8,335,0,38,28,1,67,232,118,43,9,402,0,0,0,402
09/14/2003,SJU,PR,ASO,ES,Combined TRACON& Tower with Radar,240,67,29,2,338,0,28,8,0,36,240,95,37,2,374,0,0,0,374
09/15/2003,SJU,PR,ASO,ES,Combined TRACON& Tower with Radar,224,89,38,1,352,0,71,41,0,112,224,160,79,1,464,0,0,0,464
09/16/2003,SJU,PR,ASO,ES,Combined TRACON& Tower with Radar,211,94,30,7,342,0,56,32,0,88,211,150,62,7,430,0,0,0,430
09/17/2003,SJU,PR,ASO,ES,Combined TRACON& Tower with Radar,227,102,44,11,384,0,67,40,0,107,227,169,84,11,491,0,0,0,491
09/18/2003,SJU,PR,ASO,ES,Combined TRACON& Tower with Radar,227,97,30,10,364,0,63,34,2,99,227,160,64,12,463,0,0,0,463
09/19/2003,SJU,PR,ASO,ES,Combined TRACON& Tower with Radar,229,100,38,4,371,0,61,62,1,124,229,161,100,5,495,0,0,0,495
09/20/2003,SJU,PR,ASO,ES,Combined TRACON& Tower with Radar,232,91,16,5,344,0,38,17,0,55,232,129,33,5,399,0,0,0,399
09/21/2003,SJU,PR,ASO,ES,Combined TRACON& Tower with Radar,250,76,31,2,359,0,33,14,0,47,250,109,45,2,406,0,0,0,406
09/22/2003,SJU,PR,ASO,ES,Combined TRACON& Tower with Radar,216,91,32,1,340,0,65,23,0,88,216,156,55,1,428,0,0,0,428
09/23/2003,SJU,PR,ASO,ES,Combined TRACON& Tower with Radar,222,94,38,5,359,0,57,36,0,93,222,151,74,5,452,0,0,0,452
09/24/2003,SJU,PR,ASO,ES,Combined TRACON& Tower with Radar,211,99,45,3,358,0,63,55,1,119,211,162,100,4,477,0,0,0,477
09/25/2003,SJU,PR,ASO,ES,Combined TRACON& Tower with Radar,228,93,42,5,368,0,76,40,0,116,228,169,82,5,484,0,0,0,484
09/26/2003,SJU,PR,ASO,ES,Combined TRACON& Tower with Radar,231,105,58,8,402,0,69,55,2,126,231,174,113,10,528,0,0,0,528
09/27/2003,SJU,PR,ASO,ES,Combined TRACON& Tower with Radar,238,71,21,6,336,0,56,12,0,68,238,127,33,6,404,0,0,0,404
09/28/2003,SJU,PR,ASO,ES,Combined TRACON& Tower with Radar,241,77,16,1,335,0,42,25,0,67,241,119,41,1,402,0,0,0,402
09/29/2003,SJU,PR,ASO,ES,Combined TRACON& Tower with Radar,215,99,58,6,378,0,72,37,1,110,215,171,95,7,488,0,0,0,488
09/30/2003,SJU,PR,ASO,ES,Combined TRACON& Tower with Radar,223,90,33,6,352,0,61,40,1,102,223,151,73,7,454,0,0,0,454
10/01/2003,SJU,PR,ASO,ES,Combined TRACON& Tower with Radar,213,97,42,3,355,0,66,76,0,142,213,163,118,3,497,0,0,0,497
10/02/2003,SJU,PR,ASO,ES,Combined TRACON& Tower with Radar,218,101,43,4,366,0,62,63,1,126,218,163,106,5,492,0,0,0,492
10/03/2003,SJU,PR,ASO,ES,Combined TRACON& Tower with Radar,229,99,44,1,373,2,64,44,0,110,231,163,88,1,483,0,0,0,483
10/04/2003,SJU,PR,ASO,ES,Combined TRACON& Tower with Radar,212,92,40,4,348,34,24,5,2,65,246,116,45,6,413,0,0,0,413
10/05/2003,SJU,PR,ASO,ES,Combined TRACON& Tower with Radar,193,84,32,1,310,49,15,0,0,64,242,99,32,1,374,0,0,0,374
10/06/2003,SJU,PR,ASO,ES,Combined TRACON& Tower with Radar,213,92,40,4,349,1,55,39,0,95,214,147,79,4,444,0,0,0,444
10/07/2003,SJU,PR,ASO,ES,Combined TRACON& Tower with Radar,205,88,39,4,336,0,73,24,2,99,205,161,63,6,435,0,0,0,435
10/08/2003,SJU,PR,ASO,ES,Combined TRACON& Tower with Radar,209,91,39,4,343,4,55,53,2,114,213,146,92,6,457,0,0,0,457
10/09/2003,SJU,PR,ASO,ES,Combined TRACON& Tower with Radar,223,116,50,5,394,0,69,49,0,118,223,185,99,5,512,0,0,0,512
10/10/2003,SJU,PR,ASO,ES,Combined TRACON& Tower with Radar,237,119,51,4,411,0,59,17,0,76,237,178,68,4,487,0,0,0,487
10/11/2003,SJU,PR,ASO,ES,Combined TRACON& Tower with Radar,222,96,41,5,364,22,43,9,0,74,244,139,50,5,438,0,0,0,438
10/12/2003,SJU,PR,ASO,ES,Combined TRACON& Tower with Radar,210,91,31,1,333,26,48,0,0,74,236,139,31,1,407,0,0,0,407
10/13/2003,SJU,PR,ASO,ES,Combined TRACON& Tower with Radar,233,107,45,2,387,0,78,34,0,112,233,185,79,2,499,0,0,0,499
10/14/2003,SJU,PR,ASO,ES,Combined TRACON& Tower with Radar,197,89,37,5,328,0,63,59,6,128,197,152,96,11,456,0,0,0,456
10/15/2003,SJU,PR,ASO,ES,Combined TRACON& Tower with Radar,209,92,40,2,343,0,75,66,0,141,209,167,106,2,484,0,0,0,484
10/16/2003,SJU,PR,ASO,ES,Combined TRACON& Tower with Radar,205,88,38,1,332,0,66,60,0,126,205,154,98,1,458,0,0,0,458
10/17/2003,SJU,PR,ASO,ES,Combined TRACON& Tower with Radar,210,93,40,2,345,0,73,61,0,134,210,166,101,2,479,0,0,0,479
10/18/2003,SJU,PR,ASO,ES,Combined TRACON& Tower with Radar,206,88,37,5,336,25,42,20,6,93,231,130,57,11,429,0,0,0,429
10/19/2003,SJU,PR,ASO,ES,Combined TRACON& Tower with Radar,213,90,39,5,347,24,27,17,9,77,237,117,56,14,424,0,0,0,424
10/20/2003,SJU,PR,ASO,ES,Combined TRACON& Tower with Radar,221,95,40,1,357,0,74,48,0,122,221,169,88,1,479,0,0,0,479
10/21/2003,SJU,PR,ASO,ES,Combined TRACON& Tower with Radar,215,95,41,5,356,0,70,32,0,102,215,165,73,5,458,0,0,0,458
10/22/2003,SJU,PR,ASO,ES,Combined TRACON& Tower with Radar,220,95,41,5,361,0,83,55,1,139,220,178,96,6,500,0,0,0,500
10/23/2003,SJU,PR,ASO,ES,Combined TRACON& Tower with Radar,216,101,43,5,365,0,74,57,7,138,216,175,100,12,503,0,0,0,503
10/24/2003,SJU,PR,ASO,ES,Combined TRACON& Tower with Radar,222,101,43,5,371,0,103,81,0,184,222,204,124,5,555,0,0,0,555
10/25/2003,SJU,PR,ASO,ES,Combined TRACON& Tower with Radar,204,86,37,5,332,27,44,43,0,114,231,130,80,5,446,0,0,0,446
10/26/2003,SJU,PR,ASO,ES,Combined TRACON& Tower with Radar,204,93,39,0,336,0,98,102,0,200,204,191,141,0,536,0,0,0,536
10/27/2003,SJU,PR,ASO,ES,Combined TRACON& Tower with Radar,204,97,41,0,342,0,94,100,0,194,204,191,141,0,536,0,0,0,536
10/28/2003,SJU,PR,ASO,ES,Combined TRACON& Tower with Radar,217,97,41,4,359,0,74,55,8,137,217,171,96,12,496,0,0,0,496
10/29/2003,SJU,PR,ASO,ES,Combined TRACON& Tower with Radar,239,104,45,4,392,0,80,32,19,131,239,184,77,23,523,0,0,0,523
10/30/2003,SJU,PR,ASO,ES,Combined TRACON& Tower with Radar,235,102,43,3,383,2,93,44,0,139,237,195,87,3,522,0,0,0,522
10/31/2003,SJU,PR,ASO,ES,Combined TRACON& Tower with Radar,231,102,43,2,378,0,80,40,0,120,231,182,83,2,498,0,0,0,498
11/01/2003,SJU,PR,ASO,ES,Combined TRACON& Tower with Radar,257,112,44,5,418,24,43,38,1,106,281,155,82,6,524,0,0,0,524
11/02/2003,SJU,PR,ASO,ES,Combined TRACON& Tower with Radar,220,96,38,1,355,39,34,12,0,85,259,130,50,1,440,0,0,0,440
11/03/2003,SJU,PR,ASO,ES,Combined TRACON& Tower with Radar,221,100,41,0,362,0,74,69,0,143,221,174,110,0,505,0,0,0,505
11/04/2003,SJU,PR,ASO,ES,Combined TRACON& Tower with Radar,230,105,42,5,382,0,67,57,6,130,230,172,99,11,512,0,0,0,512
11/05/2003,SJU,PR,ASO,ES,Combined TRACON& Tower with Radar,241,105,42,5,393,0,68,75,8,151,241,173,117,13,544,0,0,0,544
11/06/2003,SJU,PR,ASO,ES,Combined TRACON& Tower with Radar,254,111,44,5,414,6,80,59,5,150,260,191,103,10,564,0,0,0,564
11/07/2003,SJU,PR,ASO,ES,Combined TRACON& Tower with Radar,243,112,45,2,402,0,103,59,0,162,243,215,104,2,564,0,0,0,564
11/08/2003,SJU,PR,ASO,ES,Combined TRACON& Tower with Radar,248,107,43,5,403,34,44,32,1,111,282,151,75,6,514,0,0,0,514
11/09/2003,SJU,PR,ASO,ES,Combined TRACON& Tower with Radar,262,114,45,0,421,26,23,7,0,56,288,137,52,0,477,0,0,0,477
11/10/2003,SJU,PR,ASO,ES,Combined TRACON& Tower with Radar,244,109,42,0,395,0,77,37,0,114,244,186,79,0,509,0,0,0,509
11/11/2003,SJU,PR,ASO,ES,Combined TRACON& Tower with Radar,231,114,45,6,396,0,61,22,1,84,231,175,67,7,480,0,0,0,480
11/12/2003,SJU,PR,ASO,ES,Combined TRACON& Tower with Radar,240,125,49,4,418,0,44,27,0,71,240,169,76,4,489,0,0,0,489
11/13/2003,SJU,PR,ASO,ES,Combined TRACON& Tower with Radar,240,128,50,5,423,0,42,81,0,123,240,170,131,5,546,0,0,0,546
11/14/2003,SJU,PR,ASO,ES,Combined TRACON& Tower with Radar,248,135,53,7,443,0,92,73,1,166,248,227,126,8,609,0,0,0,609
11/15/2003,SJU,PR,ASO,ES,Combined TRACON& Tower with Radar,264,115,45,6,430,21,49,36,5,111,285,164,81,11,541,0,0,0,541
11/16/2003,SJU,PR,ASO,ES,Combined TRACON& Tower with Radar,231,101,39,5,376,41,24,6,0,71,272,125,45,5,447,0,0,0,447
11/17/2003,SJU,PR,ASO,ES,Combined TRACON& Tower with Radar,254,121,48,6,429,0,11,38,2,51,254,132,86,8,480,0,0,0,480
11/18/2003,SJU,PR,ASO,ES,Combined TRACON& Tower with Radar,228,102,40,5,375,0,78,51,4,133,228,180,91,9,508,0,0,0,508
11/19/2003,SJU,PR,ASO,ES,Combined TRACON& Tower with Radar,237,103,41,4,385,0,96,65,0,161,237,199,106,4,546,0,0,0,546
11/20/2003,SJU,PR,ASO,ES,Combined TRACON& Tower with Radar,257,116,45,6,424,0,72,69,16,157,257,188,114,22,581,0,0,0,581
11/21/2003,SJU,PR,ASO,ES,Combined TRACON& Tower with Radar,263,116,46,1,426,0,105,65,0,170,263,221,111,1,596,0,0,0,596
11/22/2003,SJU,PR,ASO,ES,Combined TRACON& Tower with Radar,284,122,48,6,460,18,38,35,9,100,302,160,83,15,560,0,0,0,560
11/23/2003,SJU,PR,ASO,ES,Combined TRACON& Tower with Radar,242,103,41,6,392,34,44,27,0,105,276,147,68,6,497,0,0,0,497
11/24/2003,SJU,PR,ASO,ES,Combined TRACON& Tower with Radar,252,114,45,5,416,0,77,28,0,105,252,191,73,5,521,0,0,0,521
11/25/2003,SJU,PR,ASO,ES,Combined TRACON& Tower with Radar,263,122,48,5,438,0,63,69,13,145,263,185,117,18,583,0,0,0,583
11/26/2003,SJU,PR,ASO,ES,Combined TRACON& Tower with Radar,297,128,50,5,480,3,95,70,0,168,300,223,120,5,648,0,0,0,648
11/27/2003,SJU,PR,ASO,ES,Combined TRACON& Tower with Radar,277,120,35,0,432,7,55,0,0,62,284,175,35,0,494,0,0,0,494
11/28/2003,SJU,PR,ASO,ES,Combined TRACON& Tower with Radar,246,115,45,1,407,0,109,42,0,151,246,224,87,1,558,0,0,0,558
11/29/2003,SJU,PR,ASO,ES,Combined TRACON& Tower with Radar,253,110,43,4,410,50,60,33,0,143,303,170,76,4,553,0,0,0,553
11/30/2003,SJU,PR,ASO,ES,Combined TRACON& Tower with Radar,287,125,49,4,465,46,41,36,0,123,333,166,85,4,588,0,0,0,588
12/01/2003,SJU,PR,ASO,ES,Combined TRACON& Tower with Radar,261,114,55,3,433,0,92,41,15,148,261,206,96,18,581,0,0,0,581
12/02/2003,SJU,PR,ASO,ES,Combined TRACON& Tower with Radar,254,108,53,3,418,0,100,79,11,190,254,208,132,14,608,0,0,0,608
12/03/2003,SJU,PR,ASO,ES,Combined TRACON& Tower with Radar,247,104,51,3,405,8,100,49,3,160,255,204,100,6,565,0,0,0,565
12/04/2003,SJU,PR,ASO,ES,Combined TRACON& Tower with Radar,251,110,53,3,417,0,80,60,6,146,251,190,113,9,563,0,0,0,563
12/05/2003,SJU,PR,ASO,ES,Combined TRACON& Tower with Radar,228,96,47,1,372,8,82,33,0,123,236,178,80,1,495,0,0,0,495
12/06/2003,SJU,PR,ASO,ES,Combined TRACON& Tower with Radar,256,108,50,3,417,8,44,0,3,55,264,152,50,6,472,0,0,0,472
12/07/2003,SJU,PR,ASO,ES,Combined TRACON& Tower with Radar,224,94,46,3,367,32,43,12,0,87,256,137,58,3,454,0,0,0,454
12/08/2003,SJU,PR,ASO,ES,Combined TRACON& Tower with Radar,248,119,58,0,425,0,85,28,0,113,248,204,86,0,538,0,0,0,538
12/09/2003,SJU,PR,ASO,ES,Combined TRACON& Tower with Radar,248,110,54,3,415,0,80,29,8,117,248,190,83,11,532,0,0,0,532
12/10/2003,SJU,PR,ASO,ES,Combined TRACON& Tower with Radar,248,108,51,4,411,0,104,36,2,142,248,212,87,6,553,0,0,0,553
12/11/2003,SJU,PR,ASO,ES,Combined TRACON& Tower with Radar,269,116,56,0,441,0,120,62,0,182,269,236,118,0,623,0,0,0,623
12/12/2003,SJU,PR,ASO,ES,Combined TRACON& Tower with Radar,257,112,53,4,426,0,93,64,0,157,257,205,117,4,583,0,0,0,583
12/13/2003,SJU,PR,ASO,ES,Combined TRACON& Tower with Radar,0,0,0,0,0,0,0,0,0,0,0,0,0,0,0,0,0,0,0
12/14/2003,SJU,PR,ASO,ES,Combined TRACON& Tower with Radar,222,94,44,4,364,54,24,17,0,95,276,118,61,4,459,0,0,0,459
12/15/2003,SJU,PR,ASO,ES,Combined TRACON& Tower with Radar,263,111,54,4,432,11,84,59,6,160,274,195,113,10,592,0,0,0,592
12/16/2003,SJU,PR,ASO,ES,Combined TRACON& Tower with Radar,276,123,59,5,463,0,101,55,4,160,276,224,114,9,623,0,0,0,623
12/17/2003,SJU,PR,ASO,ES,Combined TRACON& Tower with Radar,277,118,57,4,456,0,110,43,2,155,277,228,100,6,611,0,0,0,611
12/18/2003,SJU,PR,ASO,ES,Combined TRACON& Tower with Radar,291,132,64,5,492,0,120,81,7,208,291,252,145,12,700,0,0,0,700
12/19/2003,SJU,PR,ASO,ES,Combined TRACON& Tower with Radar,313,146,70,5,534,0,127,67,1,195,313,273,137,6,729,0,0,0,729
12/20/2003,SJU,PR,ASO,ES,Combined TRACON& Tower with Radar,375,157,75,5,612,10,90,83,0,183,385,247,158,5,795,0,0,0,795
12/21/2003,SJU,PR,ASO,ES,Combined TRACON& Tower with Radar,340,142,68,2,552,7,67,74,0,148,347,209,142,2,700,0,0,0,700
12/22/2003,SJU,PR,ASO,ES,Combined TRACON& Tower with Radar,333,140,68,1,542,0,99,87,0,186,333,239,155,1,728,0,0,0,728
12/23/2003,SJU,PR,ASO,ES,Combined TRACON& Tower with Radar,321,135,65,4,525,0,101,61,0,162,321,236,126,4,687,0,0,0,687
12/24/2003,SJU,PR,ASO,ES,Combined TRACON& Tower with Radar,313,140,68,0,521,0,103,40,0,143,313,243,108,0,664,0,0,0,664
12/25/2003,SJU,PR,ASO,ES,Combined TRACON& Tower with Radar,263,109,53,0,425,29,47,20,0,96,292,156,73,0,521,0,0,0,521
12/26/2003,SJU,PR,ASO,ES,Combined TRACON& Tower with Radar,292,130,62,1,485,0,117,91,0,208,292,247,153,1,693,0,0,0,693
12/27/2003,SJU,PR,ASO,ES,Combined TRACON& Tower with Radar,358,151,72,4,585,0,68,96,0,164,358,219,168,4,749,0,0,0,749
12/28/2003,SJU,PR,ASO,ES,Combined TRACON& Tower with Radar,313,131,63,3,510,16,75,31,0,122,329,206,94,3,632,0,0,0,632
12/29/2003,SJU,PR,ASO,ES,Combined TRACON& Tower with Radar,297,127,61,2,487,0,119,58,0,177,297,246,119,2,664,0,0,0,664
12/30/2003,SJU,PR,ASO,ES,Combined TRACON& Tower with Radar,304,129,62,4,499,0,118,93,2,213,304,247,155,6,712,12,0,12,724
12/31/2003,SJU,PR,ASO,ES,Combined TRACON& Tower with Radar,291,123,58,0,472,1,111,54,0,166,292,234,112,0,638,0,0,0,638
01/01/2004,SJU,PR,ASO,ES,Combined TRACON& Tower with Radar,256,104,48,0,408,27,82,23,2,134,283,186,71,2,542,0,0,0,542
01/02/2004,SJU,PR,ASO,ES,Combined TRACON& Tower with Radar,308,137,63,0,508,0,128,95,0,223,308,265,158,0,731,0,0,0,731
01/03/2004,SJU,PR,ASO,ES,Combined TRACON& Tower with Radar,346,140,64,0,550,29,93,121,2,245,375,233,185,2,795,0,0,0,795
01/04/2004,SJU,PR,ASO,ES,Combined TRACON& Tower with Radar,327,132,61,0,520,30,56,109,0,195,357,188,170,0,715,0,0,0,715
01/05/2004,SJU,PR,ASO,ES,Combined TRACON& Tower with Radar,316,134,61,0,511,0,100,62,4,166,316,234,123,4,677,0,0,0,677
01/06/2004,SJU,PR,ASO,ES,Combined TRACON& Tower with Radar,330,143,66,0,539,0,83,22,2,107,330,226,88,2,646,0,0,0,646
01/07/2004,SJU,PR,ASO,ES,Combined TRACON& Tower with Radar,310,129,60,0,499,0,99,55,4,158,310,228,115,4,657,0,0,0,657
01/08/2004,SJU,PR,ASO,ES,Combined TRACON& Tower with Radar,288,126,58,0,472,0,111,66,1,178,288,237,124,1,650,0,0,0,650
01/09/2004,SJU,PR,ASO,ES,Combined TRACON& Tower with Radar,295,121,55,0,471,0,103,55,2,160,295,224,110,2,631,0,0,0,631
01/10/2004,SJU,PR,ASO,ES,Combined TRACON& Tower with Radar,293,105,32,0,430,36,0,0,0,36,329,105,32,0,466,0,0,0,466
01/11/2004,SJU,PR,ASO,ES,Combined TRACON& Tower with Radar,282,114,51,1,448,23,39,25,9,96,305,153,76,10,544,0,0,0,544
01/12/2004,SJU,PR,ASO,ES,Combined TRACON& Tower with Radar,280,121,54,1,456,0,94,46,1,141,280,215,100,2,597,0,0,0,597
01/13/2004,SJU,PR,ASO,ES,Combined TRACON& Tower with Radar,271,110,50,1,432,0,88,72,1,161,271,198,122,2,593,0,0,0,593
01/14/2004,SJU,PR,ASO,ES,Combined TRACON& Tower with Radar,275,111,51,1,438,0,106,59,4,169,275,217,110,5,607,0,0,0,607
01/15/2004,SJU,PR,ASO,ES,Combined TRACON& Tower with Radar,280,118,53,1,452,0,117,65,5,187,280,235,118,6,639,0,0,0,639
01/16/2004,SJU,PR,ASO,ES,Combined TRACON& Tower with Radar,282,118,53,1,454,0,121,60,0,181,282,239,113,1,635,0,0,0,635
01/17/2004,SJU,PR,ASO,ES,Combined TRACON& Tower with Radar,307,124,57,1,489,29,49,31,4,113,336,173,88,5,602,0,0,0,602
01/18/2004,SJU,PR,ASO,ES,Combined TRACON& Tower with Radar,269,108,49,1,427,37,37,24,0,98,306,145,73,1,525,0,0,0,525
01/19/2004,SJU,PR,ASO,ES,Combined TRACON& Tower with Radar,268,107,49,0,424,5,78,45,0,128,273,185,94,0,552,0,0,0,552
01/20/2004,SJU,PR,ASO,ES,Combined TRACON& Tower with Radar,271,111,51,1,434,0,104,39,5,148,271,215,90,6,582,0,0,0,582
01/21/2004,SJU,PR,ASO,ES,Combined TRACON& Tower with Radar,274,113,52,1,440,0,119,28,3,150,274,232,80,4,590,12,0,12,602
01/22/2004,SJU,PR,ASO,ES,Combined TRACON& Tower with Radar,273,115,53,1,442,0,105,29,2,136,273,220,82,3,578,0,0,0,578
01/23/2004,SJU,PR,ASO,ES,Combined TRACON& Tower with Radar,283,120,55,1,459,0,103,55,11,169,283,223,110,12,628,0,0,0,628
01/24/2004,SJU,PR,ASO,ES,Combined TRACON& Tower with Radar,302,120,55,1,478,16,52,38,11,117,318,172,93,12,595,0,0,0,595
01/25/2004,SJU,PR,ASO,ES,Combined TRACON& Tower with Radar,267,107,48,0,422,41,57,6,0,104,308,164,54,0,526,0,0,0,526
01/26/2004,SJU,PR,ASO,ES,Combined TRACON& Tower with Radar,262,113,52,0,427,0,110,35,0,145,262,223,87,0,572,0,0,0,572
01/27/2004,SJU,PR,ASO,ES,Combined TRACON& Tower with Radar,242,111,50,1,404,0,108,38,1,147,242,219,88,2,551,0,0,0,551
01/28/2004,SJU,PR,ASO,ES,Combined TRACON& Tower with Radar,251,107,49,1,408,0,110,52,4,166,251,217,101,5,574,0,0,0,574
01/29/2004,SJU,PR,ASO,ES,Combined TRACON& Tower with Radar,275,115,52,1,443,0,109,44,4,157,275,224,96,5,600,0,0,0,600
01/30/2004,SJU,PR,ASO,ES,Combined TRACON& Tower with Radar,288,124,57,0,469,0,92,101,0,193,288,216,158,0,662,0,0,0,662
01/31/2004,SJU,PR,ASO,ES,Combined TRACON& Tower with Radar,304,123,55,0,482,41,54,31,1,127,345,177,86,1,609,0,0,0,609
02/01/2004,SJU,PR,ASO,ES,Combined TRACON& Tower with Radar,267,128,35,5,435,61,30,46,1,138,328,158,81,6,573,0,0,0,573
02/02/2004,SJU,PR,ASO,ES,Combined TRACON& Tower with Radar,248,118,32,2,400,35,93,60,0,188,283,211,92,2,588,0,0,0,588
02/03/2004,SJU,PR,ASO,ES,Combined TRACON& Tower with Radar,260,125,33,1,419,19,85,71,0,175,279,210,104,1,594,0,0,0,594
02/04/2004,SJU,PR,ASO,ES,Combined TRACON& Tower with Radar,280,137,36,5,458,0,65,76,0,141,280,202,112,5,599,0,0,0,599
02/05/2004,SJU,PR,ASO,ES,Combined TRACON& Tower with Radar,270,129,35,3,437,8,93,49,0,150,278,222,84,3,587,0,0,0,587
02/06/2004,SJU,PR,ASO,ES,Combined TRACON& Tower with Radar,273,131,36,5,445,22,93,77,2,194,295,224,113,7,639,0,0,0,639
02/07/2004,SJU,PR,ASO,ES,Combined TRACON& Tower with Radar,270,130,35,5,440,71,56,45,2,174,341,186,80,7,614,0,0,0,614
02/08/2004,SJU,PR,ASO,ES,Combined TRACON& Tower with Radar,286,137,36,6,465,55,15,46,6,122,341,152,82,12,587,0,0,0,587
02/09/2004,SJU,PR,ASO,ES,Combined TRACON& Tower with Radar,257,124,32,5,418,29,77,51,0,157,286,201,83,5,575,0,0,0,575
02/10/2004,SJU,PR,ASO,ES,Combined TRACON& Tower with Radar,271,130,34,3,438,20,50,92,0,162,291,180,126,3,600,0,0,0,600
02/11/2004,SJU,PR,ASO,ES,Combined TRACON& Tower with Radar,278,135,36,6,455,0,75,74,10,159,278,210,110,16,614,0,0,0,614
02/12/2004,SJU,PR,ASO,ES,Combined TRACON& Tower with Radar,270,130,34,6,440,24,97,106,1,228,294,227,140,7,668,0,0,0,668
02/13/2004,SJU,PR,ASO,ES,Combined TRACON& Tower with Radar,299,150,40,3,492,0,90,89,0,179,299,240,129,3,671,0,0,0,671
02/14/2004,SJU,PR,ASO,ES,Combined TRACON& Tower with Radar,311,148,39,2,500,49,46,57,0,152,360,194,96,2,652,0,0,0,652
02/15/2004,SJU,PR,ASO,ES,Combined TRACON& Tower with Radar,294,139,37,0,470,43,27,47,0,117,337,166,84,0,587,0,0,0,587
02/16/2004,SJU,PR,ASO,ES,Combined TRACON& Tower with Radar,268,135,35,3,441,0,66,100,0,166,268,201,135,3,607,0,0,0,607
02/17/2004,SJU,PR,ASO,ES,Combined TRACON& Tower with Radar,265,126,33,0,424,25,114,74,0,213,290,240,107,0,637,0,0,0,637
02/18/2004,SJU,PR,ASO,ES,Combined TRACON& Tower with Radar,254,120,32,6,412,34,99,82,3,218,288,219,114,9,630,0,0,0,630
02/19/2004,SJU,PR,ASO,ES,Combined TRACON& Tower with Radar,263,125,33,6,427,23,84,117,2,226,286,209,150,8,653,0,0,0,653
02/20/2004,SJU,PR,ASO,ES,Combined TRACON& Tower with Radar,288,137,36,6,467,22,84,138,4,248,310,221,174,10,715,0,0,0,715
02/21/2004,SJU,PR,ASO,ES,Combined TRACON& Tower with Radar,300,143,37,1,481,16,35,52,0,103,316,178,89,1,584,0,0,0,584
02/22/2004,SJU,PR,ASO,ES,Combined TRACON& Tower with Radar,294,139,37,2,472,42,51,51,0,144,336,190,88,2,616,0,0,0,616
02/23/2004,SJU,PR,ASO,ES,Combined TRACON& Tower with Radar,268,128,33,5,434,24,102,89,0,215,292,230,122,5,649,0,0,0,649
02/24/2004,SJU,PR,ASO,ES,Combined TRACON& Tower with Radar,280,134,35,0,449,9,99,79,0,187,289,233,114,0,636,0,0,0,636
02/25/2004,SJU,PR,ASO,ES,Combined TRACON& Tower with Radar,276,132,35,5,448,15,110,63,6,194,291,242,98,11,642,0,0,0,642
02/26/2004,SJU,PR,ASO,ES,Combined TRACON& Tower with Radar,259,124,32,5,420,16,110,92,7,225,275,234,124,12,645,0,0,0,645
02/27/2004,SJU,PR,ASO,ES,Combined TRACON& Tower with Radar,294,141,37,5,477,32,82,112,1,227,326,223,149,6,704,0,0,0,704
02/28/2004,SJU,PR,ASO,ES,Combined TRACON& Tower with Radar,294,141,37,5,477,43,69,64,1,177,337,210,101,6,654,0,0,0,654
02/29/2004,SJU,PR,ASO,ES,Combined TRACON& Tower with Radar,0,0,0,0,0,318,164,62,4,548,318,164,62,4,548,0,0,0,548
03/01/2004,SJU,PR,ASO,ES,Combined TRACON& Tower with Radar,260,109,36,5,410,27,110,70,0,207,287,219,106,5,617,0,0,0,617
03/02/2004,SJU,PR,ASO,ES,Combined TRACON& Tower with Radar,269,122,40,7,438,0,75,31,0,106,269,197,71,7,544,0,0,0,544
03/03/2004,SJU,PR,ASO,ES,Combined TRACON& Tower with Radar,280,124,42,7,453,0,100,68,1,169,280,224,110,8,622,0,0,0,622
03/04/2004,SJU,PR,ASO,ES,Combined TRACON& Tower with Radar,288,129,44,7,468,0,127,68,1,196,288,256,112,8,664,0,0,0,664
03/05/2004,SJU,PR,ASO,ES,Combined TRACON& Tower with Radar,299,127,43,4,473,0,111,78,0,189,299,238,121,4,662,0,0,0,662
03/06/2004,SJU,PR,ASO,ES,Combined TRACON& Tower with Radar,305,128,42,7,482,48,85,22,1,156,353,213,64,8,638,0,0,0,638
03/07/2004,SJU,PR,ASO,ES,Combined TRACON& Tower with Radar,274,115,38,2,429,55,45,22,0,122,329,160,60,2,551,0,0,0,551
03/08/2004,SJU,PR,ASO,ES,Combined TRACON& Tower with Radar,271,114,38,6,429,7,107,60,0,174,278,221,98,6,603,0,0,0,603
03/09/2004,SJU,PR,ASO,ES,Combined TRACON& Tower with Radar,272,113,38,0,423,11,90,76,0,177,283,203,114,0,600,0,0,0,600
03/10/2004,SJU,PR,ASO,ES,Combined TRACON& Tower with Radar,274,115,38,7,434,2,92,62,13,169,276,207,100,20,603,0,0,0,603
03/11/2004,SJU,PR,ASO,ES,Combined TRACON& Tower with Radar,288,127,41,8,464,0,104,78,4,186,288,231,119,12,650,0,0,0,650
03/12/2004,SJU,PR,ASO,ES,Combined TRACON& Tower with Radar,302,129,43,4,478,0,130,82,0,212,302,259,125,4,690,0,0,0,690
03/13/2004,SJU,PR,ASO,ES,Combined TRACON& Tower with Radar,316,132,43,4,495,40,94,58,0,192,356,226,101,4,687,0,0,0,687
03/14/2004,SJU,PR,ASO,ES,Combined TRACON& Tower with Radar,282,118,39,5,444,38,52,38,0,128,320,170,77,5,572,0,0,0,572
03/15/2004,SJU,PR,ASO,ES,Combined TRACON& Tower with Radar,0,0,0,0,0,0,0,0,0,0,0,0,0,0,0,0,0,0,0
03/16/2004,SJU,PR,ASO,ES,Combined TRACON& Tower with Radar,258,116,38,6,418,0,132,58,0,190,258,248,96,6,608,0,0,0,608
03/17/2004,SJU,PR,ASO,ES,Combined TRACON& Tower with Radar,273,129,42,9,453,0,106,91,16,213,273,235,133,25,666,0,0,0,666
03/18/2004,SJU,PR,ASO,ES,Combined TRACON& Tower with Radar,284,136,44,3,467,0,79,46,0,125,284,215,90,3,592,0,0,0,592
03/19/2004,SJU,PR,ASO,ES,Combined TRACON& Tower with Radar,287,132,43,9,471,0,94,63,2,159,287,226,106,11,630,0,0,0,630
03/20/2004,SJU,PR,ASO,ES,Combined TRACON& Tower with Radar,319,132,43,9,503,19,107,76,0,202,338,239,119,9,705,0,0,0,705
03/21/2004,SJU,PR,ASO,ES,Combined TRACON& Tower with Radar,292,121,40,6,459,22,49,65,0,136,314,170,105,6,595,0,0,0,595
03/22/2004,SJU,PR,ASO,ES,Combined TRACON& Tower with Radar,269,121,40,6,436,0,113,64,0,177,269,234,104,6,613,0,0,0,613
03/23/2004,SJU,PR,ASO,ES,Combined TRACON& Tower with Radar,270,119,39,8,436,0,100,71,4,175,270,219,110,12,611,0,0,0,611
03/24/2004,SJU,PR,ASO,ES,Combined TRACON& Tower with Radar,280,119,39,6,444,0,90,55,0,145,280,209,94,6,589,0,0,0,589
03/25/2004,SJU,PR,ASO,ES,Combined TRACON& Tower with Radar,278,115,38,7,438,2,107,36,4,149,280,222,74,11,587,0,0,0,587
03/26/2004,SJU,PR,ASO,ES,Combined TRACON& Tower with Radar,289,136,44,8,477,0,105,81,9,195,289,241,125,17,672,0,0,0,672
03/27/2004,SJU,PR,ASO,ES,Combined TRACON& Tower with Radar,310,129,43,6,488,40,66,63,0,169,350,195,106,6,657,0,0,0,657
03/28/2004,SJU,PR,ASO,ES,Combined TRACON& Tower with Radar,299,125,40,5,469,19,46,53,0,118,318,171,93,5,587,0,0,0,587
03/29/2004,SJU,PR,ASO,ES,Combined TRACON& Tower with Radar,274,127,41,7,449,0,102,63,0,165,274,229,104,7,614,0,0,0,614
03/30/2004,SJU,PR,ASO,ES,Combined TRACON& Tower with Radar,279,116,38,7,440,3,85,72,11,171,282,201,110,18,611,0,0,0,611
03/31/2004,SJU,PR,ASO,ES,Combined TRACON& Tower with Radar,276,116,38,7,437,0,107,60,4,171,276,223,98,11,608,0,0,0,608
04/01/2004,SJU,PR,ASO,ES,Combined TRACON& Tower with Radar,297,121,43,9,470,0,109,72,12,193,297,230,115,21,663,0,0,0,663
04/02/2004,SJU,PR,ASO,ES,Combined TRACON& Tower with Radar,296,123,44,9,472,0,111,97,3,211,296,234,141,12,683,0,0,0,683
04/03/2004,SJU,PR,ASO,ES,Combined TRACON& Tower with Radar,319,123,43,6,491,39,87,48,0,174,358,210,91,6,665,0,0,0,665
04/04/2004,SJU,PR,ASO,ES,Combined TRACON& Tower with Radar,320,123,44,9,496,0,56,51,2,109,320,179,95,11,605,0,0,0,605
04/05/2004,SJU,PR,ASO,ES,Combined TRACON& Tower with Radar,282,111,39,8,440,0,86,93,1,180,282,197,132,9,620,0,0,0,620
04/06/2004,SJU,PR,ASO,ES,Combined TRACON& Tower with Radar,293,116,41,8,458,0,111,75,2,188,293,227,116,10,646,0,0,0,646
04/07/2004,SJU,PR,ASO,ES,Combined TRACON& Tower with Radar,294,122,43,8,467,0,95,94,0,189,294,217,137,8,656,0,0,0,656
04/08/2004,SJU,PR,ASO,ES,Combined TRACON& Tower with Radar,313,120,43,5,481,0,113,85,0,198,313,233,128,5,679,0,0,0,679
04/09/2004,SJU,PR,ASO,ES,Combined TRACON& Tower with Radar,272,105,37,7,421,43,63,28,0,134,315,168,65,7,555,0,0,0,555
04/10/2004,SJU,PR,ASO,ES,Combined TRACON& Tower with Radar,301,116,41,8,466,41,63,31,0,135,342,179,72,8,601,0,0,0,601
04/11/2004,SJU,PR,ASO,ES,Combined TRACON& Tower with Radar,303,117,41,8,469,40,69,26,1,136,343,186,67,9,605,0,0,0,605
04/12/2004,SJU,PR,ASO,ES,Combined TRACON& Tower with Radar,308,119,42,9,478,0,88,63,7,158,308,207,105,16,636,0,0,0,636
04/13/2004,SJU,PR,ASO,ES,Combined TRACON& Tower with Radar,288,118,41,8,455,0,102,75,9,186,288,220,116,17,641,0,0,0,641
04/14/2004,SJU,PR,ASO,ES,Combined TRACON& Tower with Radar,295,117,40,9,461,0,85,66,5,156,295,202,106,14,617,0,0,0,617
04/15/2004,SJU,PR,ASO,ES,Combined TRACON& Tower with Radar,311,119,41,10,481,0,111,75,1,187,311,230,116,11,668,0,0,0,668
04/16/2004,SJU,PR,ASO,ES,Combined TRACON& Tower with Radar,316,123,43,6,488,0,107,74,0,181,316,230,117,6,669,0,0,0,669
04/17/2004,SJU,PR,ASO,ES,Combined TRACON& Tower with Radar,296,113,39,6,454,50,64,54,0,168,346,177,93,6,622,0,0,0,622
04/18/2004,SJU,PR,ASO,ES,Combined TRACON& Tower with Radar,286,108,38,5,437,40,57,26,0,123,326,165,64,5,560,0,0,0,560
04/19/2004,SJU,PR,ASO,ES,Combined TRACON& Tower with Radar,291,122,42,5,460,0,99,52,0,151,291,221,94,5,611,0,0,0,611
04/20/2004,SJU,PR,ASO,ES,Combined TRACON& Tower with Radar,300,127,44,9,480,0,80,54,0,134,300,207,98,9,614,0,0,0,614
04/21/2004,SJU,PR,ASO,ES,Combined TRACON& Tower with Radar,296,123,42,10,471,0,87,89,0,176,296,210,131,10,647,0,0,0,647
04/22/2004,SJU,PR,ASO,ES,Combined TRACON& Tower with Radar,314,128,44,10,496,0,110,39,9,158,314,238,83,19,654,0,0,0,654
04/23/2004,SJU,PR,ASO,ES,Combined TRACON& Tower with Radar,307,122,42,10,481,0,115,50,2,167,307,237,92,12,648,0,0,0,648
04/24/2004,SJU,PR,ASO,ES,Combined TRACON& Tower with Radar,300,114,40,9,463,38,76,28,5,147,338,190,68,14,610,0,0,0,610
04/25/2004,SJU,PR,ASO,ES,Combined TRACON& Tower with Radar,291,111,38,9,449,32,54,17,1,104,323,165,55,10,553,0,0,0,553
04/26/2004,SJU,PR,ASO,ES,Combined TRACON& Tower with Radar,285,117,41,7,450,0,90,68,0,158,285,207,109,7,608,0,0,0,608
04/27/2004,SJU,PR,ASO,ES,Combined TRACON& Tower with Radar,282,117,42,8,449,0,104,75,0,179,282,221,117,8,628,0,0,0,628
04/28/2004,SJU,PR,ASO,ES,Combined TRACON& Tower with Radar,295,118,41,10,464,0,98,74,0,172,295,216,115,10,636,0,0,0,636
04/29/2004,SJU,PR,ASO,ES,Combined TRACON& Tower with Radar,296,118,41,8,463,0,100,66,5,171,296,218,107,13,634,0,0,0,634
04/30/2004,SJU,PR,ASO,ES,Combined TRACON& Tower with Radar,316,123,42,9,490,0,82,90,5,177,316,205,132,14,667,0,0,0,667
05/01/2004,SJU,PR,ASO,ES,Combined TRACON& Tower with Radar,286,105,39,5,435,36,83,17,3,139,322,188,56,8,574,0,0,0,574
05/02/2004,SJU,PR,ASO,ES,Combined TRACON& Tower with Radar,280,103,38,5,426,26,49,33,2,110,306,152,71,7,536,0,0,0,536
05/03/2004,SJU,PR,ASO,ES,Combined TRACON& Tower with Radar,261,98,37,5,401,0,89,45,0,134,261,187,82,5,535,0,0,0,535
05/04/2004,SJU,PR,ASO,ES,Combined TRACON& Tower with Radar,289,120,45,6,460,0,111,36,5,152,289,231,81,11,612,0,0,0,612
05/05/2004,SJU,PR,ASO,ES,Combined TRACON& Tower with Radar,273,106,40,5,424,0,86,54,2,142,273,192,94,7,566,0,0,0,566
05/06/2004,SJU,PR,ASO,ES,Combined TRACON& Tower with Radar,276,108,41,5,430,0,102,36,8,146,276,210,77,13,576,0,0,0,576
05/07/2004,SJU,PR,ASO,ES,Combined TRACON& Tower with Radar,302,115,43,5,465,0,98,73,2,173,302,213,116,7,638,0,0,0,638
05/08/2004,SJU,PR,ASO,ES,Combined TRACON& Tower with Radar,273,100,3,0,376,45,63,0,0,108,318,163,3,0,484,0,0,0,484
05/09/2004,SJU,PR,ASO,ES,Combined TRACON& Tower with Radar,277,101,38,2,418,30,43,20,0,93,307,144,58,2,511,0,0,0,511
05/10/2004,SJU,PR,ASO,ES,Combined TRACON& Tower with Radar,284,108,40,4,436,0,78,43,0,121,284,186,83,4,557,0,0,0,557
05/11/2004,SJU,PR,ASO,ES,Combined TRACON& Tower with Radar,276,110,42,4,432,0,83,41,0,124,276,193,83,4,556,0,0,0,556
05/12/2004,SJU,PR,ASO,ES,Combined TRACON& Tower with Radar,270,108,40,5,423,0,83,49,0,132,270,191,89,5,555,0,0,0,555
05/13/2004,SJU,PR,ASO,ES,Combined TRACON& Tower with Radar,285,110,40,5,440,0,77,45,0,122,285,187,85,5,562,0,0,0,562
05/14/2004,SJU,PR,ASO,ES,Combined TRACON& Tower with Radar,286,113,41,6,446,0,52,57,1,110,286,165,98,7,556,0,0,0,556
05/15/2004,SJU,PR,ASO,ES,Combined TRACON& Tower with Radar,279,102,37,2,420,20,32,41,0,93,299,134,78,2,513,0,0,0,513
05/16/2004,SJU,PR,ASO,ES,Combined TRACON& Tower with Radar,252,92,34,1,379,36,22,52,0,110,288,114,86,1,489,0,0,0,489
05/17/2004,SJU,PR,ASO,ES,Combined TRACON& Tower with Radar,277,103,38,6,424,0,92,45,1,138,277,195,83,7,562,0,0,0,562
05/18/2004,SJU,PR,ASO,ES,Combined TRACON& Tower with Radar,276,109,40,6,431,0,75,63,7,145,276,184,103,13,576,0,0,0,576
05/19/2004,SJU,PR,ASO,ES,Combined TRACON& Tower with Radar,272,103,38,5,418,0,75,56,0,131,272,178,94,5,549,0,0,0,549
05/20/2004,SJU,PR,ASO,ES,Combined TRACON& Tower with Radar,305,113,42,6,466,0,61,23,4,88,305,174,65,10,554,0,0,0,554
05/21/2004,SJU,PR,ASO,ES,Combined TRACON& Tower with Radar,316,120,44,3,483,0,76,38,0,114,316,196,82,3,597,0,0,0,597
05/22/2004,SJU,PR,ASO,ES,Combined TRACON& Tower with Radar,310,112,42,2,466,8,55,29,0,92,318,167,71,2,558,0,0,0,558
05/23/2004,SJU,PR,ASO,ES,Combined TRACON& Tower with Radar,290,105,39,1,435,8,1,28,0,37,298,106,67,1,472,0,0,0,472
05/24/2004,SJU,PR,ASO,ES,Combined TRACON& Tower with Radar,280,108,40,4,432,0,69,75,0,144,280,177,115,4,576,0,0,0,576
05/25/2004,SJU,PR,ASO,ES,Combined TRACON& Tower with Radar,289,114,42,6,451,0,99,43,6,148,289,213,85,12,599,0,0,0,599
05/26/2004,SJU,PR,ASO,ES,Combined TRACON& Tower with Radar,281,104,38,6,429,0,81,70,6,157,281,185,108,12,586,0,0,0,586
05/27/2004,SJU,PR,ASO,ES,Combined TRACON& Tower with Radar,272,102,38,6,418,0,82,88,3,173,272,184,126,9,591,0,0,0,591
05/28/2004,SJU,PR,ASO,ES,Combined TRACON& Tower with Radar,343,124,46,1,514,4,56,82,0,142,347,180,128,1,656,0,0,0,656
05/29/2004,SJU,PR,ASO,ES,Combined TRACON& Tower with Radar,302,110,41,5,458,36,44,30,9,119,338,154,71,14,577,0,0,0,577
05/30/2004,SJU,PR,ASO,ES,Combined TRACON& Tower with Radar,264,97,35,4,400,47,20,15,0,82,311,117,50,4,482,0,0,0,482
05/31/2004,SJU,PR,ASO,ES,Combined TRACON& Tower with Radar,292,107,39,0,438,25,56,49,0,130,317,163,88,0,568,0,0,0,568
06/01/2004,SJU,PR,ASO,ES,Combined TRACON& Tower with Radar,300,97,40,5,442,5,84,79,13,181,305,181,119,18,623,0,0,0,623
06/02/2004,SJU,PR,ASO,ES,Combined TRACON& Tower with Radar,302,101,41,5,449,0,91,66,3,160,302,192,107,8,609,0,0,0,609
06/03/2004,SJU,PR,ASO,ES,Combined TRACON& Tower with Radar,307,100,41,5,453,0,79,45,1,125,307,179,86,6,578,0,0,0,578
06/04/2004,SJU,PR,ASO,ES,Combined TRACON& Tower with Radar,295,99,42,5,441,0,78,48,6,132,295,177,90,11,573,0,0,0,573
06/05/2004,SJU,PR,ASO,ES,Combined TRACON& Tower with Radar,299,97,40,5,441,23,52,34,4,113,322,149,74,9,554,0,0,0,554
06/06/2004,SJU,PR,ASO,ES,Combined TRACON& Tower with Radar,282,91,38,0,411,32,42,32,0,106,314,133,70,0,517,0,0,0,517
06/07/2004,SJU,PR,ASO,ES,Combined TRACON& Tower with Radar,290,97,40,1,428,0,60,84,0,144,290,157,124,1,572,0,0,0,572
06/08/2004,SJU,PR,ASO,ES,Combined TRACON& Tower with Radar,295,106,43,6,450,0,102,51,11,164,295,208,94,17,614,0,0,0,614
06/09/2004,SJU,PR,ASO,ES,Combined TRACON& Tower with Radar,294,99,42,5,440,0,78,77,3,158,294,177,119,8,598,0,0,0,598
06/10/2004,SJU,PR,ASO,ES,Combined TRACON& Tower with Radar,322,109,45,6,482,0,66,27,6,99,322,175,72,12,581,0,0,0,581
06/11/2004,SJU,PR,ASO,ES,Combined TRACON& Tower with Radar,324,108,43,7,482,0,64,76,1,141,324,172,119,8,623,0,0,0,623
06/12/2004,SJU,PR,ASO,ES,Combined TRACON& Tower with Radar,295,95,38,2,430,38,33,39,0,110,333,128,77,2,540,0,0,0,540
06/13/2004,SJU,PR,ASO,ES,Combined TRACON& Tower with Radar,291,94,38,3,426,35,37,47,0,119,326,131,85,3,545,0,0,0,545
06/14/2004,SJU,PR,ASO,ES,Combined TRACON& Tower with Radar,310,100,40,0,450,4,82,57,0,143,314,182,97,0,593,0,0,0,593
06/15/2004,SJU,PR,ASO,ES,Combined TRACON& Tower with Radar,315,100,41,5,461,0,82,40,0,122,315,182,81,5,583,0,0,0,583
06/16/2004,SJU,PR,ASO,ES,Combined TRACON& Tower with Radar,300,98,40,5,443,0,77,67,0,144,300,175,107,5,587,0,0,0,587
06/17/2004,SJU,PR,ASO,ES,Combined TRACON& Tower with Radar,315,106,43,7,471,0,72,52,1,125,315,178,95,8,596,0,0,0,596
06/18/2004,SJU,PR,ASO,ES,Combined TRACON& Tower with Radar,339,111,45,3,498,0,86,54,0,140,339,197,99,3,638,0,0,0,638
06/19/2004,SJU,PR,ASO,ES,Combined TRACON& Tower with Radar,312,100,40,5,457,25,50,41,0,116,337,150,81,5,573,0,0,0,573
06/20/2004,SJU,PR,ASO,ES,Combined TRACON& Tower with Radar,298,95,38,5,436,46,29,17,0,92,344,124,55,5,528,0,0,0,528
06/21/2004,SJU,PR,ASO,ES,Combined TRACON& Tower with Radar,327,106,43,5,481,0,75,79,0,154,327,181,122,5,635,0,0,0,635
06/22/2004,SJU,PR,ASO,ES,Combined TRACON& Tower with Radar,320,110,45,7,482,0,88,70,1,159,320,198,115,8,641,0,0,0,641
06/23/2004,SJU,PR,ASO,ES,Combined TRACON& Tower with Radar,313,105,43,7,468,0,88,66,6,160,313,193,109,13,628,9,0,9,637
06/24/2004,SJU,PR,ASO,ES,Combined TRACON& Tower with Radar,329,108,44,7,488,0,82,67,0,149,329,190,111,7,637,0,0,0,637
06/25/2004,SJU,PR,ASO,ES,Combined TRACON& Tower with Radar,329,112,45,4,490,0,86,69,0,155,329,198,114,4,645,0,0,0,645
06/26/2004,SJU,PR,ASO,ES,Combined TRACON& Tower with Radar,313,100,40,4,457,37,46,49,0,132,350,146,89,4,589,0,0,0,589
06/27/2004,SJU,PR,ASO,ES,Combined TRACON& Tower with Radar,290,94,37,2,423,44,22,22,0,88,334,116,59,2,511,0,0,0,511
06/28/2004,SJU,PR,ASO,ES,Combined TRACON& Tower with Radar,306,106,43,2,457,0,84,66,0,150,306,190,109,2,607,0,0,0,607
06/29/2004,SJU,PR,ASO,ES,Combined TRACON& Tower with Radar,303,98,39,5,445,10,71,45,1,127,313,169,84,6,572,0,0,0,572
06/30/2004,SJU,PR,ASO,ES,Combined TRACON& Tower with Radar,318,106,42,6,472,0,88,62,4,154,318,194,104,10,626,0,0,0,626
07/01/2004,SJU,PR,ASO,ES,Combined TRACON& Tower with Radar,311,105,38,4,458,2,64,46,2,114,313,169,84,6,572,0,0,0,572
07/02/2004,SJU,PR,ASO,ES,Combined TRACON& Tower with Radar,343,117,42,4,506,0,68,66,0,134,343,185,108,4,640,0,0,0,640
07/03/2004,SJU,PR,ASO,ES,Combined TRACON& Tower with Radar,298,101,36,3,438,38,37,40,2,117,336,138,76,5,555,0,0,0,555
07/04/2004,SJU,PR,ASO,ES,Combined TRACON& Tower with Radar,277,94,34,2,407,33,41,5,0,79,310,135,39,2,486,0,0,0,486
07/05/2004,SJU,PR,ASO,ES,Combined TRACON& Tower with Radar,322,109,39,4,474,2,75,45,1,123,324,184,84,5,597,0,0,0,597
07/06/2004,SJU,PR,ASO,ES,Combined TRACON& Tower with Radar,299,104,38,4,445,0,75,54,4,133,299,179,92,8,578,0,0,0,578
07/07/2004,SJU,PR,ASO,ES,Combined TRACON& Tower with Radar,306,103,37,2,448,1,75,37,0,113,307,178,74,2,561,0,0,0,561
07/08/2004,SJU,PR,ASO,ES,Combined TRACON& Tower with Radar,308,107,38,4,457,0,73,50,3,126,308,180,88,7,583,0,0,0,583
07/09/2004,SJU,PR,ASO,ES,Combined TRACON& Tower with Radar,324,117,42,4,487,0,69,73,8,150,324,186,115,12,637,0,0,0,637
07/10/2004,SJU,PR,ASO,ES,Combined TRACON& Tower with Radar,306,103,37,4,450,28,35,41,8,112,334,138,78,12,562,0,0,0,562
07/11/2004,SJU,PR,ASO,ES,Combined TRACON& Tower with Radar,293,99,37,3,432,31,27,20,2,80,324,126,57,5,512,0,0,0,512
07/12/2004,SJU,PR,ASO,ES,Combined TRACON& Tower with Radar,297,110,40,1,448,0,75,50,0,125,297,185,90,1,573,0,0,0,573
07/13/2004,SJU,PR,ASO,ES,Combined TRACON& Tower with Radar,310,105,37,5,457,14,72,53,0,139,324,177,90,5,596,0,0,0,596
07/14/2004,SJU,PR,ASO,ES,Combined TRACON& Tower with Radar,311,113,40,5,469,0,78,63,3,144,311,191,103,8,613,0,0,0,613
07/15/2004,SJU,PR,ASO,ES,Combined TRACON& Tower with Radar,308,107,38,1,454,0,72,49,0,121,308,179,87,1,575,0,0,0,575
07/16/2004,SJU,PR,ASO,ES,Combined TRACON& Tower with Radar,340,116,41,1,498,0,72,65,0,137,340,188,106,1,635,0,0,0,635
07/17/2004,SJU,PR,ASO,ES,Combined TRACON& Tower with Radar,311,85,22,5,423,33,0,0,1,34,344,85,22,6,457,0,0,0,457
07/18/2004,SJU,PR,ASO,ES,Combined TRACON& Tower with Radar,299,100,35,4,438,45,56,29,2,132,344,156,64,6,570,0,0,0,570
07/19/2004,SJU,PR,ASO,ES,Combined TRACON& Tower with Radar,332,111,39,0,482,4,24,35,0,63,336,135,74,0,545,0,0,0,545
07/20/2004,SJU,PR,ASO,ES,Combined TRACON& Tower with Radar,326,109,39,3,477,0,76,63,0,139,326,185,102,3,616,0,0,0,616
07/21/2004,SJU,PR,ASO,ES,Combined TRACON& Tower with Radar,301,101,35,2,439,2,93,90,0,185,303,194,125,2,624,0,0,0,624
07/22/2004,SJU,PR,ASO,ES,Combined TRACON& Tower with Radar,295,111,40,4,450,0,68,24,0,92,295,179,64,4,542,0,0,0,542
07/23/2004,SJU,PR,ASO,ES,Combined TRACON& Tower with Radar,308,117,42,5,472,0,69,69,7,145,308,186,111,12,617,0,0,0,617
07/24/2004,SJU,PR,ASO,ES,Combined TRACON& Tower with Radar,336,128,46,6,516,0,30,41,0,71,336,158,87,6,587,0,0,0,587
07/25/2004,SJU,PR,ASO,ES,Combined TRACON& Tower with Radar,305,103,37,1,446,19,18,34,0,71,324,121,71,1,517,0,0,0,517
07/26/2004,SJU,PR,ASO,ES,Combined TRACON& Tower with Radar,331,112,39,4,486,0,71,40,0,111,331,183,79,4,597,0,0,0,597
07/27/2004,SJU,PR,ASO,ES,Combined TRACON& Tower with Radar,318,114,40,2,474,0,84,67,0,151,318,198,107,2,625,0,0,0,625
07/28/2004,SJU,PR,ASO,ES,Combined TRACON& Tower with Radar,300,101,36,3,440,5,68,26,2,101,305,169,62,5,541,0,0,0,541
07/29/2004,SJU,PR,ASO,ES,Combined TRACON& Tower with Radar,320,115,40,4,479,0,62,70,2,134,320,177,110,6,613,0,0,0,613
07/30/2004,SJU,PR,ASO,ES,Combined TRACON& Tower with Radar,325,114,40,3,482,0,77,66,0,143,325,191,106,3,625,0,0,0,625
07/31/2004,SJU,PR,ASO,ES,Combined TRACON& Tower with Radar,307,104,36,1,448,41,34,44,0,119,348,138,80,1,567,0,0,0,567
08/01/2004,SJU,PR,ASO,ES,Combined TRACON& Tower with Radar,305,62,24,0,391,0,65,49,0,114,305,127,73,0,505,0,0,0,505
08/02/2004,SJU,PR,ASO,ES,Combined TRACON& Tower with Radar,300,102,55,3,460,0,77,51,0,128,300,179,106,3,588,0,0,0,588
08/03/2004,SJU,PR,ASO,ES,Combined TRACON& Tower with Radar,301,97,54,4,456,0,57,39,1,97,301,154,93,5,553,0,0,0,553
08/04/2004,SJU,PR,ASO,ES,Combined TRACON& Tower with Radar,282,107,39,5,433,0,66,76,3,145,282,173,115,8,578,0,0,0,578
08/05/2004,SJU,PR,ASO,ES,Combined TRACON& Tower with Radar,318,109,40,6,473,0,68,62,0,130,318,177,102,6,603,0,0,0,603
08/06/2004,SJU,PR,ASO,ES,Combined TRACON& Tower with Radar,328,109,29,4,470,0,85,54,0,139,328,194,83,4,609,0,0,0,609
08/07/2004,SJU,PR,ASO,ES,Combined TRACON& Tower with Radar,325,71,15,2,413,0,68,54,0,122,325,139,69,2,535,0,0,0,535
08/08/2004,SJU,PR,ASO,ES,Combined TRACON& Tower with Radar,318,65,23,1,407,0,44,26,0,70,318,109,49,1,477,0,0,0,477
08/09/2004,SJU,PR,ASO,ES,Combined TRACON& Tower with Radar,291,110,58,5,464,0,69,76,0,145,291,179,134,5,609,0,0,0,609
08/10/2004,SJU,PR,ASO,ES,Combined TRACON& Tower with Radar,300,108,38,8,454,0,81,51,0,132,300,189,89,8,586,0,0,0,586
08/11/2004,SJU,PR,ASO,ES,Combined TRACON& Tower with Radar,273,116,41,6,436,0,77,63,0,140,273,193,104,6,576,0,0,0,576
08/12/2004,SJU,PR,ASO,ES,Combined TRACON& Tower with Radar,288,113,39,11,451,0,79,46,9,134,288,192,85,20,585,0,0,0,585
08/13/2004,SJU,PR,ASO,ES,Combined TRACON& Tower with Radar,307,104,40,5,456,0,53,42,0,95,307,157,82,5,551,0,0,0,551
08/14/2004,SJU,PR,ASO,ES,Combined TRACON& Tower with Radar,294,71,33,6,404,0,70,77,0,147,294,141,110,6,551,0,0,0,551
08/15/2004,SJU,PR,ASO,ES,Combined TRACON& Tower with Radar,305,71,22,6,404,0,58,28,0,86,305,129,50,6,490,0,0,0,490
08/16/2004,SJU,PR,ASO,ES,Combined TRACON& Tower with Radar,274,101,35,3,413,0,70,61,1,132,274,171,96,4,545,0,0,0,545
08/17/2004,SJU,PR,ASO,ES,Combined TRACON& Tower with Radar,291,95,31,5,422,0,65,49,1,115,291,160,80,6,537,0,0,0,537
08/18/2004,SJU,PR,ASO,ES,Combined TRACON& Tower with Radar,293,88,35,20,436,0,62,51,4,117,293,150,86,24,553,0,0,0,553
08/19/2004,SJU,PR,ASO,ES,Combined TRACON& Tower with Radar,278,102,29,15,424,0,72,52,2,126,278,174,81,17,550,0,0,0,550
08/20/2004,SJU,PR,ASO,ES,Combined TRACON& Tower with Radar,296,105,23,5,429,0,72,58,2,132,296,177,81,7,561,0,0,0,561
08/21/2004,SJU,PR,ASO,ES,Combined TRACON& Tower with Radar,322,68,21,4,415,0,56,48,0,104,322,124,69,4,519,0,0,0,519
08/22/2004,SJU,PR,ASO,ES,Combined TRACON& Tower with Radar,298,76,25,8,407,0,52,35,3,90,298,128,60,11,497,0,0,0,497
08/23/2004,SJU,PR,ASO,ES,Combined TRACON& Tower with Radar,260,106,60,2,428,0,65,52,1,118,260,171,112,3,546,0,0,0,546
08/24/2004,SJU,PR,ASO,ES,Combined TRACON& Tower with Radar,267,171,45,3,486,0,26,63,0,89,267,197,108,3,575,0,0,0,575
08/25/2004,SJU,PR,ASO,ES,Combined TRACON& Tower with Radar,277,106,44,7,434,0,69,48,0,117,277,175,92,7,551,0,0,0,551
08/26/2004,SJU,PR,ASO,ES,Combined TRACON& Tower with Radar,305,115,41,6,467,0,75,49,1,125,305,190,90,7,592,0,0,0,592
08/27/2004,SJU,PR,ASO,ES,Combined TRACON& Tower with Radar,288,116,42,3,449,0,78,50,1,129,288,194,92,4,578,0,0,0,578
08/28/2004,SJU,PR,ASO,ES,Combined TRACON& Tower with Radar,309,68,19,5,401,0,52,72,0,124,309,120,91,5,525,0,0,0,525
08/29/2004,SJU,PR,ASO,ES,Combined TRACON& Tower with Radar,306,57,19,4,386,0,42,24,0,66,306,99,43,4,452,0,0,0,452
08/30/2004,SJU,PR,ASO,ES,Combined TRACON& Tower with Radar,275,89,49,2,415,0,67,49,0,116,275,156,98,2,531,0,0,0,531
08/31/2004,SJU,PR,ASO,ES,Combined TRACON& Tower with Radar,286,31,26,3,346,0,13,18,0,31,286,44,44,3,377,0,0,0,377
09/01/2004,SJU,PR,ASO,ES,Combined TRACON& Tower with Radar,287,92,36,4,419,3,71,66,3,143,290,163,102,7,562,0,0,0,562
09/02/2004,SJU,PR,ASO,ES,Combined TRACON& Tower with Radar,303,100,40,2,445,0,81,79,0,160,303,181,119,2,605,0,0,0,605
09/03/2004,SJU,PR,ASO,ES,Combined TRACON& Tower with Radar,289,97,38,1,425,0,76,54,0,130,289,173,92,1,555,0,0,0,555
09/04/2004,SJU,PR,ASO,ES,Combined TRACON& Tower with Radar,251,80,32,1,364,17,42,36,0,95,268,122,68,1,459,0,0,0,459
09/05/2004,SJU,PR,ASO,ES,Combined TRACON& Tower with Radar,238,77,30,1,346,32,26,8,0,66,270,103,38,1,412,0,0,0,412
09/06/2004,SJU,PR,ASO,ES,Combined TRACON& Tower with Radar,284,91,36,2,413,14,54,16,0,84,298,145,52,2,497,0,0,0,497
09/07/2004,SJU,PR,ASO,ES,Combined TRACON& Tower with Radar,260,83,33,1,377,14,69,44,0,127,274,152,77,1,504,0,0,0,504
09/08/2004,SJU,PR,ASO,ES,Combined TRACON& Tower with Radar,231,76,30,3,340,0,60,54,0,114,231,136,84,3,454,0,0,0,454
09/09/2004,SJU,PR,ASO,ES,Combined TRACON& Tower with Radar,243,81,33,3,360,0,80,75,0,155,243,161,108,3,515,0,0,0,515
09/10/2004,SJU,PR,ASO,ES,Combined TRACON& Tower with Radar,243,78,31,3,355,1,78,30,0,109,244,156,61,3,464,0,0,0,464
09/11/2004,SJU,PR,ASO,ES,Combined TRACON& Tower with Radar,228,73,28,2,331,19,27,43,0,89,247,100,71,2,420,0,0,0,420
09/12/2004,SJU,PR,ASO,ES,Combined TRACON& Tower with Radar,224,72,27,3,326,32,23,14,0,69,256,95,41,3,395,0,0,0,395
09/13/2004,SJU,PR,ASO,ES,Combined TRACON& Tower with Radar,236,75,29,3,343,0,59,38,0,97,236,134,67,3,440,0,0,0,440
09/14/2004,SJU,PR,ASO,ES,Combined TRACON& Tower with Radar,235,78,30,4,347,0,40,51,0,91,235,118,81,4,438,0,0,0,438
09/15/2004,SJU,PR,ASO,ES,Combined TRACON& Tower with Radar,5,2,0,0,7,0,2,1,0,3,5,4,1,0,10,0,0,0,10
09/16/2004,SJU,PR,ASO,ES,Combined TRACON& Tower with Radar,179,43,17,3,242,17,0,0,2,19,196,43,17,5,261,0,0,0,261
09/17/2004,SJU,PR,ASO,ES,Combined TRACON& Tower with Radar,221,78,30,2,331,0,70,66,0,136,221,148,96,2,467,0,0,0,467
09/18/2004,SJU,PR,ASO,ES,Combined TRACON& Tower with Radar,234,74,29,4,341,0,46,48,5,99,234,120,77,9,440,0,0,0,440
09/19/2004,SJU,PR,ASO,ES,Combined TRACON& Tower with Radar,221,70,27,4,322,24,15,49,0,88,245,85,76,4,410,0,0,0,410
09/20/2004,SJU,PR,ASO,ES,Combined TRACON& Tower with Radar,227,76,29,4,336,0,69,53,6,128,227,145,82,10,464,0,0,0,464
09/21/2004,SJU,PR,ASO,ES,Combined TRACON& Tower with Radar,230,73,28,4,335,0,73,55,2,130,230,146,83,6,465,0,0,0,465
09/22/2004,SJU,PR,ASO,ES,Combined TRACON& Tower with Radar,216,77,30,4,327,0,71,67,2,140,216,148,97,6,467,0,0,0,467
09/23/2004,SJU,PR,ASO,ES,Combined TRACON& Tower with Radar,213,74,28,0,315,0,88,70,0,158,213,162,98,0,473,0,0,0,473
09/24/2004,SJU,PR,ASO,ES,Combined TRACON& Tower with Radar,224,75,29,3,331,0,15,1,0,16,224,90,30,3,347,0,0,0,347
09/25/2004,SJU,PR,ASO,ES,Combined TRACON& Tower with Radar,205,64,25,4,298,11,45,41,6,103,216,109,66,10,401,0,0,0,401
09/26/2004,SJU,PR,ASO,ES,Combined TRACON& Tower with Radar,191,60,24,3,278,13,39,30,2,84,204,99,54,5,362,0,0,0,362
09/27/2004,SJU,PR,ASO,ES,Combined TRACON& Tower with Radar,213,70,26,2,311,0,67,29,0,96,213,137,55,2,407,0,0,0,407
09/28/2004,SJU,PR,ASO,ES,Combined TRACON& Tower with Radar,232,75,29,3,339,0,70,31,6,107,232,145,60,9,446,0,0,0,446
09/29/2004,SJU,PR,ASO,ES,Combined TRACON& Tower with Radar,223,76,29,3,331,0,69,49,9,127,223,145,78,12,458,0,0,0,458
09/30/2004,SJU,PR,ASO,ES,Combined TRACON& Tower with Radar,239,82,31,3,355,0,94,49,2,145,239,176,80,5,500,0,0,0,500
10/01/2004,SJU,PR,ASO,ES,Combined TRACON& Tower with Radar,242,81,35,0,358,0,73,37,0,110,242,154,72,0,468,0,0,0,468
10/02/2004,SJU,PR,ASO,ES,Combined TRACON& Tower with Radar,256,61,18,2,337,0,50,27,0,77,256,111,45,2,414,0,0,0,414
10/03/2004,SJU,PR,ASO,ES,Combined TRACON& Tower with Radar,250,57,15,0,322,0,73,21,2,96,250,130,36,2,418,0,0,0,418
10/04/2004,SJU,PR,ASO,ES,Combined TRACON& Tower with Radar,221,78,46,5,350,0,73,42,0,115,221,151,88,5,465,0,0,0,465
10/05/2004,SJU,PR,ASO,ES,Combined TRACON& Tower with Radar,245,81,38,3,367,0,71,47,1,119,245,152,85,4,486,0,0,0,486
10/06/2004,SJU,PR,ASO,ES,Combined TRACON& Tower with Radar,238,77,30,11,356,0,80,38,4,122,238,157,68,15,478,0,0,0,478
10/07/2004,SJU,PR,ASO,ES,Combined TRACON& Tower with Radar,252,76,50,8,386,0,68,29,0,97,252,144,79,8,483,0,0,0,483
10/08/2004,SJU,PR,ASO,ES,Combined TRACON& Tower with Radar,258,84,51,11,404,0,78,59,0,137,258,162,110,11,541,0,0,0,541
10/09/2004,SJU,PR,ASO,ES,Combined TRACON& Tower with Radar,255,48,30,6,339,0,49,28,0,77,255,97,58,6,416,0,0,0,416
10/10/2004,SJU,PR,ASO,ES,Combined TRACON& Tower with Radar,249,53,24,2,328,0,47,28,0,75,249,100,52,2,403,0,0,0,403
10/11/2004,SJU,PR,ASO,ES,Combined TRACON& Tower with Radar,210,80,26,1,317,0,56,35,0,91,210,136,61,1,408,0,0,0,408
10/12/2004,SJU,PR,ASO,ES,Combined TRACON& Tower with Radar,243,72,33,3,351,0,64,53,0,117,243,136,86,3,468,0,0,0,468
10/13/2004,SJU,PR,ASO,ES,Combined TRACON& Tower with Radar,238,76,27,3,344,0,68,61,0,129,238,144,88,3,473,0,0,0,473
10/14/2004,SJU,PR,ASO,ES,Combined TRACON& Tower with Radar,241,84,29,7,361,0,74,55,1,130,241,158,84,8,491,0,0,0,491
10/15/2004,SJU,PR,ASO,ES,Combined TRACON& Tower with Radar,238,83,74,0,395,0,78,74,1,153,238,161,148,1,548,0,0,0,548
10/16/2004,SJU,PR,ASO,ES,Combined TRACON& Tower with Radar,276,44,13,2,335,0,57,35,0,92,276,101,48,2,427,0,0,0,427
10/17/2004,SJU,PR,ASO,ES,Combined TRACON& Tower with Radar,257,46,19,7,329,0,44,31,0,75,257,90,50,7,404,0,0,0,404
10/18/2004,SJU,PR,ASO,ES,Combined TRACON& Tower with Radar,225,87,38,0,350,0,71,45,0,116,225,158,83,0,466,0,0,0,466
10/19/2004,SJU,PR,ASO,ES,Combined TRACON& Tower with Radar,235,82,42,4,363,0,84,35,2,121,235,166,77,6,484,0,0,0,484
10/20/2004,SJU,PR,ASO,ES,Combined TRACON& Tower with Radar,221,105,40,2,368,0,63,40,0,103,221,168,80,2,471,0,0,0,471
10/21/2004,SJU,PR,ASO,ES,Combined TRACON& Tower with Radar,234,101,35,2,372,0,60,48,2,110,234,161,83,4,482,0,0,0,482
10/22/2004,SJU,PR,ASO,ES,Combined TRACON& Tower with Radar,243,90,41,0,374,0,99,40,0,139,243,189,81,0,513,0,0,0,513
10/23/2004,SJU,PR,ASO,ES,Combined TRACON& Tower with Radar,250,51,34,5,340,0,65,42,0,107,250,116,76,5,447,0,0,0,447
10/24/2004,SJU,PR,ASO,ES,Combined TRACON& Tower with Radar,253,53,33,0,339,0,58,35,0,93,253,111,68,0,432,0,0,0,432
10/25/2004,SJU,PR,ASO,ES,Combined TRACON& Tower with Radar,210,93,43,5,351,0,83,46,3,132,210,176,89,8,483,0,0,0,483
10/26/2004,SJU,PR,ASO,ES,Combined TRACON& Tower with Radar,237,95,44,1,377,0,81,53,0,134,237,176,97,1,511,0,0,0,511
10/27/2004,SJU,PR,ASO,ES,Combined TRACON& Tower with Radar,239,81,38,6,364,0,73,78,0,151,239,154,116,6,515,0,0,0,515
10/28/2004,SJU,PR,ASO,ES,Combined TRACON& Tower with Radar,242,77,62,12,393,0,95,51,1,147,242,172,113,13,540,0,0,0,540
10/29/2004,SJU,PR,ASO,ES,Combined TRACON& Tower with Radar,228,92,48,9,377,0,79,73,2,154,228,171,121,11,531,0,0,0,531
10/30/2004,SJU,PR,ASO,ES,Combined TRACON& Tower with Radar,0,0,0,0,0,257,130,52,2,441,257,130,52,2,441,0,0,0,441
10/31/2004,SJU,PR,ASO,ES,Combined TRACON& Tower with Radar,248,54,19,1,322,0,56,34,0,90,248,110,53,1,412,0,0,0,412
11/01/2004,SJU,PR,ASO,ES,Towers with Radar,238,102,39,2,381,0,56,52,0,108,238,158,91,2,489,0,0,0,489
11/02/2004,SJU,PR,ASO,ES,Towers with Radar,243,79,35,5,362,0,52,31,0,83,243,131,66,5,445,0,0,0,445
11/03/2004,SJU,PR,ASO,ES,Towers with Radar,255,95,38,4,392,0,73,43,0,116,255,168,81,4,508,0,0,0,508
11/04/2004,SJU,PR,ASO,ES,Towers with Radar,250,78,57,7,392,0,79,51,1,131,250,157,108,8,523,0,0,0,523
11/05/2004,SJU,PR,ASO,ES,Towers with Radar,249,83,41,2,375,0,92,62,0,154,249,175,103,2,529,0,0,0,529
11/06/2004,SJU,PR,ASO,ES,Towers with Radar,287,54,19,7,367,0,71,42,1,114,287,125,61,8,481,0,0,0,481
11/07/2004,SJU,PR,ASO,ES,Towers with Radar,273,44,26,4,347,0,59,44,6,109,273,103,70,10,456,0,0,0,456
11/08/2004,SJU,PR,ASO,ES,Towers with Radar,257,98,52,7,414,0,64,41,2,107,257,162,93,9,521,0,0,0,521
11/09/2004,SJU,PR,ASO,ES,Towers with Radar,246,81,51,3,381,0,52,58,1,111,246,133,109,4,492,0,0,0,492
11/10/2004,SJU,PR,ASO,ES,Towers with Radar,253,104,55,12,424,0,37,34,0,71,253,141,89,12,495,0,0,0,495
11/11/2004,SJU,PR,ASO,ES,Towers with Radar,257,96,52,5,410,0,63,39,0,102,257,159,91,5,512,0,0,0,512
11/12/2004,SJU,PR,ASO,ES,Towers with Radar,260,115,53,6,434,0,39,26,0,65,260,154,79,6,499,0,0,0,499
11/13/2004,SJU,PR,ASO,ES,Towers with Radar,281,77,24,4,386,0,39,23,0,62,281,116,47,4,448,0,0,0,448
11/14/2004,SJU,PR,ASO,ES,Towers with Radar,277,83,39,0,399,0,43,17,0,60,277,126,56,0,459,0,0,0,459
11/15/2004,SJU,PR,ASO,ES,Towers with Radar,252,119,83,1,455,0,75,54,1,130,252,194,137,2,585,0,0,0,585
11/16/2004,SJU,PR,ASO,ES,Towers with Radar,250,93,54,1,398,0,70,41,0,111,250,163,95,1,509,0,0,0,509
11/17/2004,SJU,PR,ASO,ES,Towers with Radar,262,87,58,5,412,0,68,66,0,134,262,155,124,5,546,0,0,0,546
11/18/2004,SJU,PR,ASO,ES,Towers with Radar,281,100,50,0,431,0,81,60,0,141,281,181,110,0,572,0,0,0,572
11/19/2004,SJU,PR,ASO,ES,Towers with Radar,268,96,42,8,414,0,109,69,0,178,268,205,111,8,592,0,0,0,592
11/20/2004,SJU,PR,ASO,ES,Towers with Radar,306,79,30,13,428,0,74,84,4,162,306,153,114,17,590,0,0,0,590
11/21/2004,SJU,PR,ASO,ES,Towers with Radar,287,68,32,4,391,0,60,24,0,84,287,128,56,4,475,0,0,0,475
11/22/2004,SJU,PR,ASO,ES,Towers with Radar,276,88,47,1,412,0,86,66,0,152,276,174,113,1,564,0,0,0,564
11/23/2004,SJU,PR,ASO,ES,Towers with Radar,268,82,49,14,413,0,84,68,3,155,268,166,117,17,568,0,0,0,568
11/24/2004,SJU,PR,ASO,ES,Towers with Radar,305,85,76,6,472,0,81,57,0,138,305,166,133,6,610,0,0,0,610
11/25/2004,SJU,PR,ASO,ES,Towers with Radar,292,86,26,4,408,0,58,31,0,89,292,144,57,4,497,0,0,0,497
11/26/2004,SJU,PR,ASO,ES,Towers with Radar,272,92,34,5,403,0,84,29,0,113,272,176,63,5,516,0,0,0,516
11/27/2004,SJU,PR,ASO,ES,Towers with Radar,330,59,25,4,418,0,91,70,0,161,330,150,95,4,579,0,0,0,579
11/28/2004,SJU,PR,ASO,ES,Towers with Radar,352,56,49,0,457,0,91,72,0,163,352,147,121,0,620,0,0,0,620
11/29/2004,SJU,PR,ASO,ES,Towers with Radar,296,83,62,0,441,0,103,59,1,163,296,186,121,1,604,0,0,0,604
11/30/2004,SJU,PR,ASO,ES,Towers with Radar,298,81,68,3,450,0,105,73,1,179,298,186,141,4,629,0,0,0,629
12/01/2004,SJU,PR,ASO,ES,Towers with Radar,282,105,60,16,463,0,69,50,2,121,282,174,110,18,584,0,0,0,584
12/02/2004,SJU,PR,ASO,ES,Towers with Radar,276,92,40,5,413,0,101,36,8,145,276,193,76,13,558,0,0,0,558
12/03/2004,SJU,PR,ASO,ES,Towers with Radar,245,96,44,2,387,0,106,31,4,141,245,202,75,6,528,0,0,0,528
12/04/2004,SJU,PR,ASO,ES,Towers with Radar,305,13,44,8,370,0,115,44,3,162,305,128,88,11,532,0,0,0,532
12/05/2004,SJU,PR,ASO,ES,Towers with Radar,284,59,20,1,364,0,69,26,0,95,284,128,46,1,459,0,0,0,459
12/06/2004,SJU,PR,ASO,ES,Towers with Radar,261,104,53,10,428,0,82,50,0,132,261,186,103,10,560,0,0,0,560
12/07/2004,SJU,PR,ASO,ES,Towers with Radar,258,104,49,10,421,0,53,31,5,89,258,157,80,15,510,0,0,0,510
12/08/2004,SJU,PR,ASO,ES,Towers with Radar,275,107,46,6,434,0,65,43,1,109,275,172,89,7,543,0,0,0,543
12/09/2004,SJU,PR,ASO,ES,Towers with Radar,267,87,39,3,396,0,93,44,3,140,267,180,83,6,536,0,0,0,536
12/10/2004,SJU,PR,ASO,ES,Towers with Radar,278,97,51,2,428,0,102,70,0,172,278,199,121,2,600,0,0,0,600
12/11/2004,SJU,PR,ASO,ES,Towers with Radar,271,59,32,5,367,0,65,47,0,112,271,124,79,5,479,0,0,0,479
12/12/2004,SJU,PR,ASO,ES,Towers with Radar,280,51,17,2,350,0,73,20,0,93,280,124,37,2,443,0,0,0,443
12/13/2004,SJU,PR,ASO,ES,Towers with Radar,265,132,78,1,476,0,61,51,0,112,265,193,129,1,588,0,0,0,588
12/14/2004,SJU,PR,ASO,ES,Towers with Radar,277,98,53,3,431,0,70,61,0,131,277,168,114,3,562,0,0,0,562
12/15/2004,SJU,PR,ASO,ES,Towers with Radar,268,108,57,1,434,0,86,57,0,143,268,194,114,1,577,0,0,0,577
12/16/2004,SJU,PR,ASO,ES,Towers with Radar,302,101,48,1,452,0,90,36,1,127,302,191,84,2,579,0,0,0,579
12/17/2004,SJU,PR,ASO,ES,Towers with Radar,338,103,60,1,502,0,107,80,0,187,338,210,140,1,689,0,0,0,689
12/18/2004,SJU,PR,ASO,ES,Towers with Radar,372,62,46,6,486,0,75,54,0,129,372,137,100,6,615,0,0,0,615
12/19/2004,SJU,PR,ASO,ES,Towers with Radar,372,55,28,2,457,0,88,51,0,139,372,143,79,2,596,0,0,0,596
12/20/2004,SJU,PR,ASO,ES,Towers with Radar,321,113,64,3,501,0,104,56,0,160,321,217,120,3,661,0,0,0,661
12/21/2004,SJU,PR,ASO,ES,Towers with Radar,336,103,79,1,519,0,104,57,0,161,336,207,136,1,680,0,0,0,680
12/22/2004,SJU,PR,ASO,ES,Towers with Radar,342,105,71,4,522,0,89,64,0,153,342,194,135,4,675,0,0,0,675
12/23/2004,SJU,PR,ASO,ES,Towers with Radar,336,104,87,6,533,0,124,68,1,193,336,228,155,7,726,0,0,0,726
12/24/2004,SJU,PR,ASO,ES,Towers with Radar,339,92,46,2,479,0,101,53,0,154,339,193,99,2,633,0,0,0,633
12/25/2004,SJU,PR,ASO,ES,Towers with Radar,344,45,23,0,412,0,88,42,2,132,344,133,65,2,544,0,0,0,544
12/26/2004,SJU,PR,ASO,ES,Towers with Radar,365,72,71,2,510,0,110,107,0,217,365,182,178,2,727,0,0,0,727
12/27/2004,SJU,PR,ASO,ES,Towers with Radar,333,108,90,1,532,0,128,105,1,234,333,236,195,2,766,0,0,0,766
12/28/2004,SJU,PR,ASO,ES,Towers with Radar,332,95,61,2,490,0,114,94,0,208,332,209,155,2,698,0,0,0,698
12/29/2004,SJU,PR,ASO,ES,Towers with Radar,346,101,95,8,550,0,90,65,0,155,346,191,160,8,705,0,0,0,705
12/30/2004,SJU,PR,ASO,ES,Towers with Radar,338,99,72,2,511,0,115,62,0,177,338,214,134,2,688,0,0,0,688
12/31/2004,SJU,PR,ASO,ES,Towers with Radar,333,96,34,2,465,0,98,55,0,153,333,194,89,2,618,0,0,0,618
01/01/2005,SJU,PR,ASO,ES,Towers with Radar,343,99,59,2,503,0,73,51,0,124,343,172,110,2,627,0,0,0,627
01/02/2005,SJU,PR,ASO,ES,Towers with Radar,369,54,77,3,503,0,110,100,0,210,369,164,177,3,713,0,0,0,713
01/03/2005,SJU,PR,ASO,ES,Towers with Radar,365,82,66,1,514,0,113,105,0,218,365,195,171,1,732,0,0,0,732
01/04/2005,SJU,PR,ASO,ES,Towers with Radar,341,83,70,4,498,0,103,53,1,157,341,186,123,5,655,0,0,0,655
01/05/2005,SJU,PR,ASO,ES,Towers with Radar,329,111,39,5,484,0,78,49,0,127,329,189,88,5,611,0,0,0,611
01/06/2005,SJU,PR,ASO,ES,Towers with Radar,321,97,35,0,453,0,98,37,0,135,321,195,72,0,588,0,0,0,588
01/07/2005,SJU,PR,ASO,ES,Towers with Radar,329,112,48,0,489,0,91,49,0,140,329,203,97,0,629,0,0,0,629
01/08/2005,SJU,PR,ASO,ES,Towers with Radar,366,69,45,0,480,0,66,45,2,113,366,135,90,2,593,0,0,0,593
01/09/2005,SJU,PR,ASO,ES,Towers with Radar,358,102,30,1,491,0,49,29,0,78,358,151,59,1,569,0,0,0,569
01/10/2005,SJU,PR,ASO,ES,Towers with Radar,312,112,49,1,474,0,93,42,1,136,312,205,91,2,610,0,0,0,610
01/11/2005,SJU,PR,ASO,ES,Towers with Radar,307,90,66,2,465,0,83,68,2,153,307,173,134,4,618,0,0,0,618
01/12/2005,SJU,PR,ASO,ES,Towers with Radar,302,119,60,18,499,0,67,44,2,113,302,186,104,20,612,0,0,0,612
01/13/2005,SJU,PR,ASO,ES,Towers with Radar,301,137,72,4,514,0,82,38,0,120,301,219,110,4,634,0,0,0,634
01/14/2005,SJU,PR,ASO,ES,Towers with Radar,317,100,62,3,482,0,125,58,0,183,317,225,120,3,665,0,0,0,665
01/15/2005,SJU,PR,ASO,ES,Towers with Radar,334,79,29,4,446,0,76,53,0,129,334,155,82,4,575,0,0,0,575
01/16/2005,SJU,PR,ASO,ES,Towers with Radar,339,53,16,1,409,0,85,39,0,124,339,138,55,1,533,0,0,0,533
01/17/2005,SJU,PR,ASO,ES,Towers with Radar,292,90,31,5,418,0,95,37,0,132,292,185,68,5,550,0,0,0,550
01/18/2005,SJU,PR,ASO,ES,Towers with Radar,285,100,54,0,439,0,87,58,4,149,285,187,112,4,588,0,0,0,588
01/19/2005,SJU,PR,ASO,ES,Towers with Radar,293,115,37,16,461,0,47,35,1,83,293,162,72,17,544,0,0,0,544
01/20/2005,SJU,PR,ASO,ES,Towers with Radar,275,136,48,10,469,0,54,41,2,97,275,190,89,12,566,0,0,0,566
01/21/2005,SJU,PR,ASO,ES,Towers with Radar,298,89,43,3,433,0,105,60,0,165,298,194,103,3,598,0,0,0,598
01/22/2005,SJU,PR,ASO,ES,Towers with Radar,303,59,18,6,386,0,76,48,2,126,303,135,66,8,512,0,0,0,512
01/23/2005,SJU,PR,ASO,ES,Towers with Radar,282,40,9,1,332,0,81,25,0,106,282,121,34,1,438,0,0,0,438
01/24/2005,SJU,PR,ASO,ES,Towers with Radar,263,93,62,8,426,0,98,49,0,147,263,191,111,8,573,0,0,0,573
01/25/2005,SJU,PR,ASO,ES,Towers with Radar,283,105,38,12,438,0,84,44,1,129,283,189,82,13,567,0,0,0,567
01/26/2005,SJU,PR,ASO,ES,Towers with Radar,285,104,50,10,449,0,65,53,2,120,285,169,103,12,569,0,0,0,569
01/27/2005,SJU,PR,ASO,ES,Towers with Radar,290,85,48,7,430,0,132,58,0,190,290,217,106,7,620,0,0,0,620
01/28/2005,SJU,PR,ASO,ES,Towers with Radar,282,86,42,8,418,0,98,64,1,163,282,184,106,9,581,0,0,0,581
01/29/2005,SJU,PR,ASO,ES,Towers with Radar,326,74,30,5,435,0,91,44,0,135,326,165,74,5,570,0,0,0,570
01/30/2005,SJU,PR,ASO,ES,Towers with Radar,327,81,32,0,440,0,45,42,0,87,327,126,74,0,527,0,0,0,527
01/31/2005,SJU,PR,ASO,ES,Towers with Radar,293,102,36,6,437,0,103,45,0,148,293,205,81,6,585,0,0,0,585
02/01/2005,SJU,PR,ASO,ES,Towers with Radar,317,83,34,9,443,0,102,59,0,161,317,185,93,9,604,0,0,0,604
02/02/2005,SJU,PR,ASO,ES,Towers with Radar,315,81,31,13,440,0,90,64,2,156,315,171,95,15,596,0,0,0,596
02/03/2005,SJU,PR,ASO,ES,Towers with Radar,291,105,39,13,448,0,79,45,0,124,291,184,84,13,572,0,0,0,572
02/04/2005,SJU,PR,ASO,ES,Towers with Radar,317,78,50,4,449,0,109,71,0,180,317,187,121,4,629,0,0,0,629
02/05/2005,SJU,PR,ASO,ES,Towers with Radar,343,49,25,4,421,0,81,42,0,123,343,130,67,4,544,0,0,0,544
02/06/2005,SJU,PR,ASO,ES,Towers with Radar,336,74,21,6,437,0,34,24,1,59,336,108,45,7,496,0,0,0,496
02/07/2005,SJU,PR,ASO,ES,Towers with Radar,314,73,45,6,438,0,94,44,0,138,314,167,89,6,576,0,0,0,576
02/08/2005,SJU,PR,ASO,ES,Towers with Radar,294,75,33,1,403,0,89,69,13,171,294,164,102,14,574,0,0,0,574
02/09/2005,SJU,PR,ASO,ES,Towers with Radar,302,76,37,10,425,0,92,88,1,181,302,168,125,11,606,0,0,0,606
02/10/2005,SJU,PR,ASO,ES,Towers with Radar,307,89,42,10,448,0,120,61,3,184,307,209,103,13,632,0,0,0,632
02/11/2005,SJU,PR,ASO,ES,Towers with Radar,326,79,48,6,459,0,96,74,3,173,326,175,122,9,632,0,0,0,632
02/12/2005,SJU,PR,ASO,ES,Towers with Radar,363,50,30,2,445,0,116,72,0,188,363,166,102,2,633,0,0,0,633
02/13/2005,SJU,PR,ASO,ES,Towers with Radar,342,67,27,3,439,0,70,38,0,108,342,137,65,3,547,0,0,0,547
02/14/2005,SJU,PR,ASO,ES,Towers with Radar,276,124,45,5,450,0,62,31,0,93,276,186,76,5,543,0,0,0,543
02/15/2005,SJU,PR,ASO,ES,Towers with Radar,296,77,32,7,412,0,69,68,0,137,296,146,100,7,549,0,0,0,549
02/16/2005,SJU,PR,ASO,ES,Towers with Radar,317,75,49,5,446,0,96,75,1,172,317,171,124,6,618,0,0,0,618
02/17/2005,SJU,PR,ASO,ES,Towers with Radar,311,89,40,9,449,0,128,92,0,220,311,217,132,9,669,0,0,0,669
02/18/2005,SJU,PR,ASO,ES,Towers with Radar,308,93,75,2,478,0,135,100,0,235,308,228,175,2,713,0,0,0,713
02/19/2005,SJU,PR,ASO,ES,Towers with Radar,360,63,44,7,474,0,128,82,0,210,360,191,126,7,684,0,0,0,684
02/20/2005,SJU,PR,ASO,ES,Towers with Radar,355,51,19,1,426,0,80,56,0,136,355,131,75,1,562,0,0,0,562
02/21/2005,SJU,PR,ASO,ES,Towers with Radar,311,83,45,3,442,0,96,65,0,161,311,179,110,3,603,0,0,0,603
02/22/2005,SJU,PR,ASO,ES,Towers with Radar,330,80,53,2,465,0,89,65,0,154,330,169,118,2,619,0,0,0,619
02/23/2005,SJU,PR,ASO,ES,Towers with Radar,310,73,55,7,445,0,82,46,4,132,310,155,101,11,577,0,0,0,577
02/24/2005,SJU,PR,ASO,ES,Towers with Radar,315,119,51,9,494,0,96,70,0,166,315,215,121,9,660,0,0,0,660
02/25/2005,SJU,PR,ASO,ES,Towers with Radar,324,114,61,5,504,0,68,68,0,136,324,182,129,5,640,0,0,0,640
02/26/2005,SJU,PR,ASO,ES,Towers with Radar,365,60,36,6,467,0,114,76,0,190,365,174,112,6,657,0,0,0,657
02/27/2005,SJU,PR,ASO,ES,Towers with Radar,377,25,22,3,427,0,108,71,2,181,377,133,93,5,608,0,0,0,608
02/28/2005,SJU,PR,ASO,ES,Towers with Radar,299,80,44,1,424,0,128,69,0,197,299,208,113,1,621,0,0,0,621
03/01/2005,SJU,PR,ASO,ES,Towers with Radar,302,86,49,7,444,0,90,79,0,169,302,176,128,7,613,0,0,0,613
03/02/2005,SJU,PR,ASO,ES,Towers with Radar,319,83,42,4,448,0,87,68,0,155,319,170,110,4,603,0,0,0,603
03/03/2005,SJU,PR,ASO,ES,Towers with Radar,313,85,41,4,443,0,102,62,1,165,313,187,103,5,608,0,0,0,608
03/04/2005,SJU,PR,ASO,ES,Towers with Radar,314,77,39,5,435,0,119,73,0,192,314,196,112,5,627,0,0,0,627
03/05/2005,SJU,PR,ASO,ES,Towers with Radar,343,51,28,2,424,0,97,70,0,167,343,148,98,2,591,0,0,0,591
03/06/2005,SJU,PR,ASO,ES,Towers with Radar,350,40,42,2,434,0,84,54,0,138,350,124,96,2,572,0,0,0,572
03/07/2005,SJU,PR,ASO,ES,Towers with Radar,305,76,48,7,436,0,116,63,0,179,305,192,111,7,615,0,0,0,615
03/08/2005,SJU,PR,ASO,ES,Towers with Radar,297,78,31,8,414,0,92,47,2,141,297,170,78,10,555,0,0,0,555
03/09/2005,SJU,PR,ASO,ES,Towers with Radar,294,80,48,9,431,0,104,74,1,179,294,184,122,10,610,0,0,0,610
03/10/2005,SJU,PR,ASO,ES,Towers with Radar,315,81,47,9,452,0,110,71,0,181,315,191,118,9,633,0,0,0,633
03/11/2005,SJU,PR,ASO,ES,Towers with Radar,337,81,57,4,479,0,113,69,0,182,337,194,126,4,661,0,0,0,661
03/12/2005,SJU,PR,ASO,ES,Towers with Radar,338,57,25,5,425,0,114,84,0,198,338,171,109,5,623,0,0,0,623
03/13/2005,SJU,PR,ASO,ES,Towers with Radar,316,69,16,1,402,0,111,59,0,170,316,180,75,1,572,0,0,0,572
03/14/2005,SJU,PR,ASO,ES,Towers with Radar,302,97,46,0,445,0,97,55,1,153,302,194,101,1,598,0,0,0,598
03/15/2005,SJU,PR,ASO,ES,Towers with Radar,286,80,44,4,414,0,97,67,0,164,286,177,111,4,578,0,0,0,578
03/16/2005,SJU,PR,ASO,ES,Towers with Radar,343,91,36,12,482,0,76,60,1,137,343,167,96,13,619,0,0,0,619
03/17/2005,SJU,PR,ASO,ES,Towers with Radar,328,85,52,3,468,0,114,79,0,193,328,199,131,3,661,0,0,0,661
03/18/2005,SJU,PR,ASO,ES,Towers with Radar,315,73,61,2,451,0,140,90,0,230,315,213,151,2,681,0,0,0,681
03/19/2005,SJU,PR,ASO,ES,Towers with Radar,358,60,45,15,478,0,135,87,0,222,358,195,132,15,700,0,0,0,700
03/20/2005,SJU,PR,ASO,ES,Towers with Radar,338,47,41,8,434,0,107,72,0,179,338,154,113,8,613,0,0,0,613
03/21/2005,SJU,PR,ASO,ES,Towers with Radar,313,91,41,1,446,0,130,71,0,201,313,221,112,1,647,0,0,0,647
03/22/2005,SJU,PR,ASO,ES,Towers with Radar,317,81,40,2,440,0,86,74,0,160,317,167,114,2,600,0,0,0,600
03/23/2005,SJU,PR,ASO,ES,Towers with Radar,336,76,37,3,452,0,95,77,0,172,336,171,114,3,624,0,0,0,624
03/24/2005,SJU,PR,ASO,ES,Towers with Radar,299,90,46,2,437,0,133,69,0,202,299,223,115,2,639,0,0,0,639
03/25/2005,SJU,PR,ASO,ES,Towers with Radar,325,54,20,0,399,0,128,65,0,193,325,182,85,0,592,0,0,0,592
03/26/2005,SJU,PR,ASO,ES,Towers with Radar,352,61,36,1,450,0,138,66,0,204,352,199,102,1,654,0,0,0,654
03/27/2005,SJU,PR,ASO,ES,Towers with Radar,339,40,28,1,408,0,94,46,0,140,339,134,74,1,548,0,0,0,548
03/28/2005,SJU,PR,ASO,ES,Towers with Radar,313,75,59,2,449,0,125,56,2,183,313,200,115,4,632,0,0,0,632
03/29/2005,SJU,PR,ASO,ES,Towers with Radar,316,67,43,6,432,0,117,52,0,169,316,184,95,6,601,0,0,0,601
03/30/2005,SJU,PR,ASO,ES,Towers with Radar,312,78,38,6,434,0,90,60,0,150,312,168,98,6,584,0,0,0,584
03/31/2005,SJU,PR,ASO,ES,Towers with Radar,315,86,25,3,429,0,112,43,0,155,315,198,68,3,584,0,0,0,584
04/01/2005,SJU,PR,ASO,ES,Towers with Radar,305,111,45,3,464,0,114,83,27,224,305,225,128,30,688,0,0,0,688
04/02/2005,SJU,PR,ASO,ES,Towers with Radar,356,57,33,7,453,0,120,84,0,204,356,177,117,7,657,0,0,0,657
04/03/2005,SJU,PR,ASO,ES,Towers with Radar,354,51,19,4,428,0,109,42,0,151,354,160,61,4,579,0,0,0,579
04/04/2005,SJU,PR,ASO,ES,Towers with Radar,292,88,38,4,422,0,107,52,0,159,292,195,90,4,581,0,0,0,581
04/05/2005,SJU,PR,ASO,ES,Towers with Radar,297,65,23,9,394,0,77,41,0,118,297,142,64,9,512,0,0,0,512
04/06/2005,SJU,PR,ASO,ES,Towers with Radar,311,93,3,0,407,0,78,2,8,88,311,171,5,8,495,0,0,0,495
04/07/2005,SJU,PR,ASO,ES,Towers with Radar,311,100,30,2,443,0,78,47,0,125,311,178,77,2,568,0,0,0,568
04/08/2005,SJU,PR,ASO,ES,Towers with Radar,316,98,29,1,444,0,91,62,0,153,316,189,91,1,597,0,0,0,597
04/09/2005,SJU,PR,ASO,ES,Towers with Radar,323,42,17,6,388,0,101,52,0,153,323,143,69,6,541,0,0,0,541
04/10/2005,SJU,PR,ASO,ES,Towers with Radar,325,38,21,3,387,0,76,31,0,107,325,114,52,3,494,0,0,0,494
04/11/2005,SJU,PR,ASO,ES,Towers with Radar,296,81,38,1,416,0,89,50,0,139,296,170,88,1,555,0,0,0,555
04/12/2005,SJU,PR,ASO,ES,Towers with Radar,299,62,42,5,408,0,80,50,0,130,299,142,92,5,538,0,0,0,538
04/13/2005,SJU,PR,ASO,ES,Towers with Radar,303,70,31,7,411,0,91,74,2,167,303,161,105,9,578,0,0,0,578
04/14/2005,SJU,PR,ASO,ES,Towers with Radar,312,75,32,4,423,0,93,61,0,154,312,168,93,4,577,0,0,0,577
04/15/2005,SJU,PR,ASO,ES,Towers with Radar,313,89,31,4,437,0,107,57,0,164,313,196,88,4,601,0,0,0,601
04/16/2005,SJU,PR,ASO,ES,Towers with Radar,340,50,19,7,416,0,102,65,0,167,340,152,84,7,583,0,0,0,583
04/17/2005,SJU,PR,ASO,ES,Towers with Radar,326,36,15,1,378,0,76,32,0,108,326,112,47,1,486,0,0,0,486
04/18/2005,SJU,PR,ASO,ES,Towers with Radar,321,76,36,1,434,0,86,26,1,113,321,162,62,2,547,0,0,0,547
04/19/2005,SJU,PR,ASO,ES,Towers with Radar,307,81,33,1,422,0,79,32,0,111,307,160,65,1,533,0,0,0,533
04/20/2005,SJU,PR,ASO,ES,Towers with Radar,306,106,52,2,466,0,63,39,0,102,306,169,91,2,568,0,0,0,568
04/21/2005,SJU,PR,ASO,ES,Towers with Radar,322,108,56,1,487,0,62,21,0,83,322,170,77,1,570,0,0,0,570
04/22/2005,SJU,PR,ASO,ES,Towers with Radar,336,97,46,7,486,0,93,63,0,156,336,190,109,7,642,0,0,0,642
04/23/2005,SJU,PR,ASO,ES,Towers with Radar,352,74,22,0,448,0,97,62,0,159,352,171,84,0,607,0,0,0,607
04/24/2005,SJU,PR,ASO,ES,Towers with Radar,329,38,18,2,387,0,82,27,0,109,329,120,45,2,496,0,0,0,496
04/25/2005,SJU,PR,ASO,ES,Towers with Radar,309,91,40,1,441,0,94,52,0,146,309,185,92,1,587,0,0,0,587
04/26/2005,SJU,PR,ASO,ES,Towers with Radar,318,68,41,3,430,0,71,61,0,132,318,139,102,3,562,0,0,0,562
04/27/2005,SJU,PR,ASO,ES,Towers with Radar,310,74,27,6,417,0,89,54,1,144,310,163,81,7,561,0,0,0,561
04/28/2005,SJU,PR,ASO,ES,Towers with Radar,313,89,44,15,461,0,104,62,1,167,313,193,106,16,628,0,0,0,628
04/29/2005,SJU,PR,ASO,ES,Towers with Radar,329,81,31,0,441,0,88,61,5,154,329,169,92,5,595,0,0,0,595
04/30/2005,SJU,PR,ASO,ES,Towers with Radar,339,41,14,1,395,0,99,53,0,152,339,140,67,1,547,0,0,0,547
05/01/2005,SJU,PR,ASO,ES,Towers with Radar,316,38,22,6,382,0,96,36,0,132,316,134,58,6,514,0,0,0,514
05/02/2005,SJU,PR,ASO,ES,Towers with Radar,300,79,54,2,435,0,91,54,2,147,300,170,108,4,582,0,0,0,582
05/03/2005,SJU,PR,ASO,ES,Towers with Radar,300,70,45,7,422,0,82,68,1,151,300,152,113,8,573,0,0,0,573
05/04/2005,SJU,PR,ASO,ES,Towers with Radar,290,67,20,9,386,0,83,47,3,133,290,150,67,12,519,0,0,0,519
05/05/2005,SJU,PR,ASO,ES,Towers with Radar,296,80,29,9,414,0,79,59,4,142,296,159,88,13,556,0,0,0,556
05/06/2005,SJU,PR,ASO,ES,Towers with Radar,302,84,27,1,414,0,84,56,1,141,302,168,83,2,555,0,0,0,555
05/07/2005,SJU,PR,ASO,ES,Towers with Radar,301,34,9,12,356,0,80,21,0,101,301,114,30,12,457,0,0,0,457
05/08/2005,SJU,PR,ASO,ES,Towers with Radar,296,47,12,0,355,0,65,35,0,100,296,112,47,0,455,0,0,0,455
05/09/2005,SJU,PR,ASO,ES,Towers with Radar,287,86,45,0,418,0,81,35,16,132,287,167,80,16,550,0,0,0,550
05/10/2005,SJU,PR,ASO,ES,Towers with Radar,300,67,26,7,400,0,72,46,4,122,300,139,72,11,522,0,0,0,522
05/11/2005,SJU,PR,ASO,ES,Towers with Radar,298,77,32,8,415,0,56,44,0,100,298,133,76,8,515,0,0,0,515
05/12/2005,SJU,PR,ASO,ES,Towers with Radar,285,90,50,3,428,0,66,29,0,95,285,156,79,3,523,0,0,0,523
05/13/2005,SJU,PR,ASO,ES,Towers with Radar,309,105,50,0,464,0,59,35,5,99,309,164,85,5,563,0,0,0,563
05/14/2005,SJU,PR,ASO,ES,Towers with Radar,303,67,16,9,395,0,68,35,0,103,303,135,51,9,498,0,0,0,498
05/15/2005,SJU,PR,ASO,ES,Towers with Radar,303,55,18,6,382,0,61,26,0,87,303,116,44,6,469,0,0,0,469
05/16/2005,SJU,PR,ASO,ES,Towers with Radar,276,115,53,7,451,0,49,28,1,78,276,164,81,8,529,0,0,0,529
05/17/2005,SJU,PR,ASO,ES,Towers with Radar,300,99,45,12,456,0,45,37,0,82,300,144,82,12,538,0,0,0,538
05/18/2005,SJU,PR,ASO,ES,Towers with Radar,300,78,28,12,418,0,42,35,0,77,300,120,63,12,495,0,0,0,495
05/19/2005,SJU,PR,ASO,ES,Towers with Radar,306,83,38,7,434,0,54,36,0,90,306,137,74,7,524,0,0,0,524
05/20/2005,SJU,PR,ASO,ES,Towers with Radar,297,79,30,3,409,0,91,47,0,138,297,170,77,3,547,0,0,0,547
05/21/2005,SJU,PR,ASO,ES,Towers with Radar,326,52,11,2,391,0,71,11,0,82,326,123,22,2,473,0,0,0,473
05/22/2005,SJU,PR,ASO,ES,Towers with Radar,300,59,26,1,386,0,37,19,0,56,300,96,45,1,442,0,0,0,442
05/23/2005,SJU,PR,ASO,ES,Towers with Radar,292,116,40,5,453,0,64,22,0,86,292,180,62,5,539,0,0,0,539
05/24/2005,SJU,PR,ASO,ES,Towers with Radar,282,72,42,5,401,0,48,37,0,85,282,120,79,5,486,24,0,24,510
05/25/2005,SJU,PR,ASO,ES,Towers with Radar,281,78,39,6,404,0,70,54,1,125,281,148,93,7,529,0,0,0,529
05/26/2005,SJU,PR,ASO,ES,Towers with Radar,319,76,47,10,452,0,95,63,5,163,319,171,110,15,615,0,0,0,615
05/27/2005,SJU,PR,ASO,ES,Towers with Radar,340,75,41,2,458,0,106,68,0,174,340,181,109,2,632,0,0,0,632
05/28/2005,SJU,PR,ASO,ES,Towers with Radar,315,53,13,4,385,0,80,57,0,137,315,133,70,4,522,0,0,0,522
05/29/2005,SJU,PR,ASO,ES,Towers with Radar,310,51,14,0,375,0,65,37,0,102,310,116,51,0,477,0,0,0,477
05/30/2005,SJU,PR,ASO,ES,Towers with Radar,306,96,28,0,430,0,74,69,0,143,306,170,97,0,573,0,0,0,573
05/31/2005,SJU,PR,ASO,ES,Towers with Radar,285,68,31,8,392,0,85,57,2,144,285,153,88,10,536,0,0,0,536
06/01/2005,SJU,PR,ASO,ES,Towers with Radar,283,71,47,12,413,0,85,67,2,154,283,156,114,14,567,0,0,0,567
06/02/2005,SJU,PR,ASO,ES,Towers with Radar,308,76,44,9,437,0,81,51,2,134,308,157,95,11,571,0,0,0,571
06/03/2005,SJU,PR,ASO,ES,Towers with Radar,316,89,30,3,438,0,89,51,2,142,316,178,81,5,580,0,0,0,580
06/04/2005,SJU,PR,ASO,ES,Towers with Radar,335,60,9,8,412,0,70,57,2,129,335,130,66,10,541,0,0,0,541
06/05/2005,SJU,PR,ASO,ES,Towers with Radar,323,50,11,18,402,0,60,39,0,99,323,110,50,18,501,0,0,0,501
06/06/2005,SJU,PR,ASO,ES,Towers with Radar,307,101,50,5,463,0,63,43,2,108,307,164,93,7,571,0,0,0,571
06/07/2005,SJU,PR,ASO,ES,Towers with Radar,301,86,44,10,441,0,63,50,1,114,301,149,94,11,555,0,0,0,555
06/08/2005,SJU,PR,ASO,ES,Towers with Radar,300,74,40,7,421,0,85,80,1,166,300,159,120,8,587,0,0,0,587
06/09/2005,SJU,PR,ASO,ES,Towers with Radar,291,78,38,5,412,0,69,59,0,128,291,147,97,5,540,0,0,0,540
06/10/2005,SJU,PR,ASO,ES,Towers with Radar,340,95,40,4,479,0,95,62,0,157,340,190,102,4,636,0,0,0,636
06/11/2005,SJU,PR,ASO,ES,Towers with Radar,344,64,12,4,424,0,70,51,0,121,344,134,63,4,545,0,0,0,545
06/12/2005,SJU,PR,ASO,ES,Towers with Radar,326,61,19,2,408,0,73,33,0,106,326,134,52,2,514,0,0,0,514
06/13/2005,SJU,PR,ASO,ES,Towers with Radar,324,91,30,1,446,0,68,50,0,118,324,159,80,1,564,0,0,0,564
06/14/2005,SJU,PR,ASO,ES,Towers with Radar,314,64,37,0,415,0,74,60,0,134,314,138,97,0,549,0,0,0,549
06/15/2005,SJU,PR,ASO,ES,Towers with Radar,278,71,36,2,387,0,86,67,0,153,278,157,103,2,540,0,0,0,540
06/16/2005,SJU,PR,ASO,ES,Towers with Radar,313,78,29,4,424,0,91,61,0,152,313,169,90,4,576,0,0,0,576
06/17/2005,SJU,PR,ASO,ES,Towers with Radar,343,89,35,1,468,0,82,67,0,149,343,171,102,1,617,0,0,0,617
06/18/2005,SJU,PR,ASO,ES,Towers with Radar,338,60,16,7,421,0,77,36,1,114,338,137,52,8,535,0,0,0,535
06/19/2005,SJU,PR,ASO,ES,Towers with Radar,337,48,13,1,399,0,55,34,0,89,337,103,47,1,488,0,0,0,488
06/20/2005,SJU,PR,ASO,ES,Towers with Radar,328,82,40,7,457,0,72,42,0,114,328,154,82,7,571,0,0,0,571
06/21/2005,SJU,PR,ASO,ES,Towers with Radar,313,76,37,6,432,0,72,42,3,117,313,148,79,9,549,0,0,0,549
06/22/2005,SJU,PR,ASO,ES,Towers with Radar,312,69,40,6,427,0,64,58,0,122,312,133,98,6,549,0,0,0,549
06/23/2005,SJU,PR,ASO,ES,Towers with Radar,316,74,39,2,431,0,83,34,1,118,316,157,73,3,549,0,0,0,549
06/24/2005,SJU,PR,ASO,ES,Towers with Radar,347,86,44,2,479,0,72,52,0,124,347,158,96,2,603,0,0,0,603
06/25/2005,SJU,PR,ASO,ES,Towers with Radar,348,64,6,10,428,0,72,40,0,112,348,136,46,10,540,0,0,0,540
06/26/2005,SJU,PR,ASO,ES,Towers with Radar,350,56,8,5,419,0,56,34,0,90,350,112,42,5,509,0,0,0,509
06/27/2005,SJU,PR,ASO,ES,Towers with Radar,346,91,28,2,467,0,68,26,3,97,346,159,54,5,564,0,0,0,564
06/28/2005,SJU,PR,ASO,ES,Towers with Radar,334,85,38,4,461,0,69,45,3,117,334,154,83,7,578,0,0,0,578
06/29/2005,SJU,PR,ASO,ES,Towers with Radar,305,68,43,8,424,0,70,38,1,109,305,138,81,9,533,0,0,0,533
06/30/2005,SJU,PR,ASO,ES,Towers with Radar,335,83,24,6,448,0,73,46,0,119,335,156,70,6,567,0,0,0,567
07/01/2005,SJU,PR,ASO,ES,Towers with Radar,369,90,45,3,507,0,84,58,0,142,369,174,103,3,649,0,0,0,649
07/02/2005,SJU,PR,ASO,ES,Towers with Radar,334,69,15,3,421,0,69,42,0,111,334,138,57,3,532,0,0,0,532
07/03/2005,SJU,PR,ASO,ES,Towers with Radar,352,58,8,0,418,0,53,31,0,84,352,111,39,0,502,0,0,0,502
07/04/2005,SJU,PR,ASO,ES,Towers with Radar,339,94,16,2,451,0,55,25,0,80,339,149,41,2,531,0,0,0,531
07/05/2005,SJU,PR,ASO,ES,Towers with Radar,320,94,35,6,455,0,58,43,0,101,320,152,78,6,556,0,0,0,556
07/06/2005,SJU,PR,ASO,ES,Towers with Radar,311,78,39,5,433,0,51,33,1,85,311,129,72,6,518,0,0,0,518
07/07/2005,SJU,PR,ASO,ES,Towers with Radar,341,87,30,5,463,0,61,27,0,88,341,148,57,5,551,0,0,0,551
07/08/2005,SJU,PR,ASO,ES,Towers with Radar,367,92,34,3,496,0,66,44,0,110,367,158,78,3,606,0,0,0,606
07/09/2005,SJU,PR,ASO,ES,Towers with Radar,361,76,14,9,460,0,68,37,0,105,361,144,51,9,565,0,0,0,565
07/10/2005,SJU,PR,ASO,ES,Towers with Radar,343,68,18,2,431,0,0,0,0,0,343,68,18,2,431,0,0,0,431
07/11/2005,SJU,PR,ASO,ES,Towers with Radar,337,98,32,2,469,0,63,35,0,98,337,161,67,2,567,0,0,0,567
07/12/2005,SJU,PR,ASO,ES,Towers with Radar,340,89,41,0,470,0,60,58,1,119,340,149,99,1,589,0,0,0,589
07/13/2005,SJU,PR,ASO,ES,Towers with Radar,299,60,25,4,388,0,75,51,0,126,299,135,76,4,514,0,0,0,514
07/14/2005,SJU,PR,ASO,ES,Towers with Radar,322,84,31,9,446,0,77,33,0,110,322,161,64,9,556,0,0,0,556
07/15/2005,SJU,PR,ASO,ES,Towers with Radar,354,94,29,1,478,0,74,52,0,126,354,168,81,1,604,0,0,0,604
07/16/2005,SJU,PR,ASO,ES,Towers with Radar,348,58,15,4,425,0,68,54,0,122,348,126,69,4,547,0,0,0,547
07/17/2005,SJU,PR,ASO,ES,Towers with Radar,352,61,14,2,429,0,52,23,0,75,352,113,37,2,504,0,0,0,504
07/18/2005,SJU,PR,ASO,ES,Towers with Radar,319,93,20,3,435,0,71,38,7,116,319,164,58,10,551,0,0,0,551
07/19/2005,SJU,PR,ASO,ES,Towers with Radar,319,88,27,4,438,0,60,42,0,102,319,148,69,4,540,0,0,0,540
07/20/2005,SJU,PR,ASO,ES,Towers with Radar,313,102,37,7,459,0,72,44,0,116,313,174,81,7,575,0,0,0,575
07/21/2005,SJU,PR,ASO,ES,Towers with Radar,353,88,33,6,480,0,76,43,0,119,353,164,76,6,599,0,0,0,599
07/22/2005,SJU,PR,ASO,ES,Towers with Radar,362,104,37,0,503,0,94,66,8,168,362,198,103,8,671,0,0,0,671
07/23/2005,SJU,PR,ASO,ES,Towers with Radar,364,67,21,8,460,0,68,48,0,116,364,135,69,8,576,0,0,0,576
07/24/2005,SJU,PR,ASO,ES,Towers with Radar,339,64,12,1,416,0,56,34,0,90,339,120,46,1,506,0,0,0,506
07/25/2005,SJU,PR,ASO,ES,Towers with Radar,334,98,25,1,458,0,73,48,0,121,334,171,73,1,579,0,0,0,579
07/26/2005,SJU,PR,ASO,ES,Towers with Radar,315,89,35,0,439,0,71,44,0,115,315,160,79,0,554,0,0,0,554
07/27/2005,SJU,PR,ASO,ES,Towers with Radar,313,89,28,2,432,0,70,49,0,119,313,159,77,2,551,0,0,0,551
07/28/2005,SJU,PR,ASO,ES,Towers with Radar,348,99,23,3,473,0,93,48,0,141,348,192,71,3,614,0,0,0,614
07/29/2005,SJU,PR,ASO,ES,Towers with Radar,355,118,52,8,533,0,60,48,2,110,355,178,100,10,643,0,0,0,643
07/30/2005,SJU,PR,ASO,ES,Towers with Radar,360,73,17,4,454,0,73,39,0,112,360,146,56,4,566,0,0,0,566
07/31/2005,SJU,PR,ASO,ES,Towers with Radar,356,62,25,3,446,0,67,37,0,104,356,129,62,3,550,0,0,0,550
08/01/2005,SJU,PR,ASO,ES,Towers with Radar,310,96,41,4,451,0,78,63,0,141,310,174,104,4,592,0,0,0,592
08/02/2005,SJU,PR,ASO,ES,Towers with Radar,317,91,38,7,453,0,66,48,4,118,317,157,86,11,571,0,0,0,571
08/03/2005,SJU,PR,ASO,ES,Towers with Radar,315,95,30,5,445,0,73,58,0,131,315,168,88,5,576,0,0,0,576
08/04/2005,SJU,PR,ASO,ES,Towers with Radar,324,90,33,4,451,0,65,50,0,115,324,155,83,4,566,0,0,0,566
08/05/2005,SJU,PR,ASO,ES,Towers with Radar,321,83,27,1,432,0,62,49,0,111,321,145,76,1,543,0,0,0,543
08/06/2005,SJU,PR,ASO,ES,Towers with Radar,346,56,9,10,421,0,71,46,3,120,346,127,55,13,541,0,0,0,541
08/07/2005,SJU,PR,ASO,ES,Towers with Radar,337,57,22,1,417,0,67,42,0,109,337,124,64,1,526,0,0,0,526
08/08/2005,SJU,PR,ASO,ES,Towers with Radar,298,90,40,7,435,0,78,46,1,125,298,168,86,8,560,0,0,0,560
08/09/2005,SJU,PR,ASO,ES,Towers with Radar,326,79,20,6,431,0,69,50,2,121,326,148,70,8,552,0,0,0,552
08/10/2005,SJU,PR,ASO,ES,Towers with Radar,316,82,33,7,438,0,69,55,0,124,316,151,88,7,562,0,0,0,562
08/11/2005,SJU,PR,ASO,ES,Towers with Radar,305,97,30,3,435,0,79,54,0,133,305,176,84,3,568,0,0,0,568
08/12/2005,SJU,PR,ASO,ES,Towers with Radar,324,97,49,9,479,0,76,50,0,126,324,173,99,9,605,0,0,0,605
08/13/2005,SJU,PR,ASO,ES,Towers with Radar,326,70,21,8,425,0,55,50,0,105,326,125,71,8,530,0,0,0,530
08/14/2005,SJU,PR,ASO,ES,Towers with Radar,317,57,12,9,395,0,52,18,0,70,317,109,30,9,465,0,0,0,465
08/15/2005,SJU,PR,ASO,ES,Towers with Radar,294,86,20,5,405,0,67,36,0,103,294,153,56,5,508,0,0,0,508
08/16/2005,SJU,PR,ASO,ES,Towers with Radar,305,88,24,14,431,0,50,47,0,97,305,138,71,14,528,0,0,0,528
08/17/2005,SJU,PR,ASO,ES,Towers with Radar,294,75,35,5,409,0,63,43,2,108,294,138,78,7,517,0,0,0,517
08/18/2005,SJU,PR,ASO,ES,Towers with Radar,303,93,30,4,430,0,71,64,0,135,303,164,94,4,565,0,0,0,565
08/19/2005,SJU,PR,ASO,ES,Towers with Radar,310,92,35,2,439,0,65,51,0,116,310,157,86,2,555,0,0,0,555
08/20/2005,SJU,PR,ASO,ES,Towers with Radar,315,69,4,8,396,0,54,44,2,100,315,123,48,10,496,0,0,0,496
08/21/2005,SJU,PR,ASO,ES,Towers with Radar,310,58,8,7,383,0,56,26,0,82,310,114,34,7,465,0,0,0,465
08/22/2005,SJU,PR,ASO,ES,Towers with Radar,293,92,27,2,414,0,67,44,0,111,293,159,71,2,525,0,0,0,525
08/23/2005,SJU,PR,ASO,ES,Towers with Radar,280,102,34,5,421,0,66,47,0,113,280,168,81,5,534,0,0,0,534
08/24/2005,SJU,PR,ASO,ES,Towers with Radar,271,104,38,5,418,0,60,43,0,103,271,164,81,5,521,0,0,0,521
08/25/2005,SJU,PR,ASO,ES,Towers with Radar,276,87,25,3,391,0,60,40,0,100,276,147,65,3,491,0,0,0,491
08/26/2005,SJU,PR,ASO,ES,Towers with Radar,257,82,33,13,385,0,82,52,0,134,257,164,85,13,519,0,0,0,519
08/27/2005,SJU,PR,ASO,ES,Towers with Radar,286,51,15,5,357,0,48,33,0,81,286,99,48,5,438,0,0,0,438
08/28/2005,SJU,PR,ASO,ES,Towers with Radar,278,46,14,1,339,0,61,19,0,80,278,107,33,1,419,0,0,0,419
08/29/2005,SJU,PR,ASO,ES,Towers with Radar,254,85,38,4,381,0,61,33,1,95,254,146,71,5,476,0,0,0,476
08/30/2005,SJU,PR,ASO,ES,Towers with Radar,280,77,36,5,398,0,67,54,1,122,280,144,90,6,520,0,0,0,520
08/31/2005,SJU,PR,ASO,ES,Towers with Radar,236,69,23,13,341,0,74,32,4,110,236,143,55,17,451,0,0,0,451
09/01/2005,SJU,PR,ASO,ES,Towers with Radar,270,90,34,5,399,0,75,51,1,127,270,165,85,6,526,0,0,0,526
09/02/2005,SJU,PR,ASO,ES,Towers with Radar,277,135,36,9,457,0,80,51,1,132,277,215,87,10,589,0,0,0,589
09/03/2005,SJU,PR,ASO,ES,Towers with Radar,272,46,5,9,332,0,68,28,0,96,272,114,33,9,428,0,0,0,428
09/04/2005,SJU,PR,ASO,ES,Towers with Radar,266,48,10,24,348,0,52,17,1,70,266,100,27,25,418,0,0,0,418
09/05/2005,SJU,PR,ASO,ES,Towers with Radar,263,91,19,14,387,0,81,39,1,121,263,172,58,15,508,0,0,0,508
09/06/2005,SJU,PR,ASO,ES,Towers with Radar,263,91,19,14,387,0,81,39,1,121,263,172,58,15,508,0,0,0,508
09/07/2005,SJU,PR,ASO,ES,Towers with Radar,231,85,23,8,347,0,87,38,0,125,231,172,61,8,472,0,0,0,472
09/08/2005,SJU,PR,ASO,ES,Towers with Radar,227,80,23,10,340,0,87,39,0,126,227,167,62,10,466,0,0,0,466
09/09/2005,SJU,PR,ASO,ES,Towers with Radar,233,87,24,6,350,0,74,38,0,112,233,161,62,6,462,0,0,0,462
09/10/2005,SJU,PR,ASO,ES,Towers with Radar,233,48,13,9,303,0,63,27,0,90,233,111,40,9,393,0,0,0,393
09/11/2005,SJU,PR,ASO,ES,Towers with Radar,227,56,13,6,302,0,65,24,0,89,227,121,37,6,391,0,0,0,391
09/12/2005,SJU,PR,ASO,ES,Towers with Radar,219,79,29,4,331,0,69,31,0,100,219,148,60,4,431,0,0,0,431
09/13/2005,SJU,PR,ASO,ES,Towers with Radar,218,82,30,8,338,0,62,40,1,103,218,144,70,9,441,0,0,0,441
09/14/2005,SJU,PR,ASO,ES,Towers with Radar,216,82,30,5,333,0,70,38,0,108,216,152,68,5,441,0,0,0,441
09/15/2005,SJU,PR,ASO,ES,Towers with Radar,236,84,28,2,350,0,58,50,0,108,236,142,78,2,458,0,0,0,458
09/16/2005,SJU,PR,ASO,ES,Towers with Radar,230,77,31,2,340,0,68,45,0,113,230,145,76,2,453,0,0,0,453
09/17/2005,SJU,PR,ASO,ES,Towers with Radar,229,52,7,5,293,0,62,42,0,104,229,114,49,5,397,0,0,0,397
09/18/2005,SJU,PR,ASO,ES,Towers with Radar,229,42,12,1,284,0,61,24,0,85,229,103,36,1,369,0,0,0,369
09/19/2005,SJU,PR,ASO,ES,Towers with Radar,217,85,45,4,351,0,68,38,5,111,217,153,83,9,462,0,0,0,462
09/20/2005,SJU,PR,ASO,ES,Towers with Radar,211,61,45,0,317,0,84,13,10,107,211,145,58,10,424,0,0,0,424
09/21/2005,SJU,PR,ASO,ES,Towers with Radar,226,88,23,14,351,0,62,43,4,109,226,150,66,18,460,0,0,0,460
09/22/2005,SJU,PR,ASO,ES,Towers with Radar,218,76,42,11,347,0,56,53,1,110,218,132,95,12,457,0,0,0,457
09/23/2005,SJU,PR,ASO,ES,Towers with Radar,232,81,40,7,360,0,75,48,0,123,232,156,88,7,483,0,0,0,483
09/24/2005,SJU,PR,ASO,ES,Towers with Radar,220,48,7,4,279,0,62,15,0,77,220,110,22,4,356,0,0,0,356
09/25/2005,SJU,PR,ASO,ES,Towers with Radar,213,45,21,0,279,0,51,31,0,82,213,96,52,0,361,0,0,0,361
09/26/2005,SJU,PR,ASO,ES,Towers with Radar,219,80,26,3,328,0,62,35,0,97,219,142,61,3,425,0,0,0,425
09/27/2005,SJU,PR,ASO,ES,Towers with Radar,208,70,19,4,301,0,57,52,0,109,208,127,71,4,410,0,0,0,410
09/28/2005,SJU,PR,ASO,ES,Towers with Radar,209,80,24,8,321,0,58,44,2,104,209,138,68,10,425,0,0,0,425
09/29/2005,SJU,PR,ASO,ES,Towers with Radar,222,84,29,14,349,0,79,53,0,132,222,163,82,14,481,0,0,0,481
09/30/2005,SJU,PR,ASO,ES,Towers with Radar,225,76,32,10,343,0,66,51,0,117,225,142,83,10,460,0,0,0,460
10/01/2005,SJU,PR,ASO,ES,Towers with Radar,227,55,22,8,312,0,56,37,1,94,227,111,59,9,406,0,0,0,406
10/02/2005,SJU,PR,ASO,ES,Towers with Radar,241,50,20,6,317,0,57,14,2,73,241,107,34,8,390,0,0,0,390
10/03/2005,SJU,PR,ASO,ES,Towers with Radar,229,99,40,6,374,0,45,31,0,76,229,144,71,6,450,0,0,0,450
10/04/2005,SJU,PR,ASO,ES,Towers with Radar,218,96,33,7,354,0,53,26,0,79,218,149,59,7,433,0,0,0,433
10/05/2005,SJU,PR,ASO,ES,Towers with Radar,206,81,22,8,317,0,72,46,0,118,206,153,68,8,435,0,0,0,435
10/06/2005,SJU,PR,ASO,ES,Towers with Radar,225,93,31,5,354,0,79,36,0,115,225,172,67,5,469,0,0,0,469
10/07/2005,SJU,PR,ASO,ES,Towers with Radar,239,81,40,7,367,0,80,47,8,135,239,161,87,15,502,0,0,0,502
10/08/2005,SJU,PR,ASO,ES,Towers with Radar,236,64,7,8,315,0,68,29,0,97,236,132,36,8,412,0,0,0,412
10/09/2005,SJU,PR,ASO,ES,Towers with Radar,237,57,15,3,312,0,58,19,0,77,237,115,34,3,389,0,0,0,389
10/10/2005,SJU,PR,ASO,ES,Towers with Radar,216,98,32,2,348,0,29,17,0,46,216,127,49,2,394,0,0,0,394
10/11/2005,SJU,PR,ASO,ES,Towers with Radar,236,118,38,11,403,0,38,27,5,70,236,156,65,16,473,0,0,0,473
10/12/2005,SJU,PR,ASO,ES,Towers with Radar,226,87,32,4,349,0,51,35,0,86,226,138,67,4,435,0,0,0,435
10/13/2005,SJU,PR,ASO,ES,Towers with Radar,232,85,34,3,354,0,83,62,0,145,232,168,96,3,499,0,0,0,499
10/14/2005,SJU,PR,ASO,ES,Towers with Radar,226,92,28,6,352,0,92,56,0,148,226,184,84,6,500,0,0,0,500
10/15/2005,SJU,PR,ASO,ES,Towers with Radar,238,52,11,7,308,0,63,31,0,94,238,115,42,7,402,0,0,0,402
10/16/2005,SJU,PR,ASO,ES,Towers with Radar,241,49,19,6,315,0,70,25,0,95,241,119,44,6,410,0,0,0,410
10/17/2005,SJU,PR,ASO,ES,Towers with Radar,219,93,46,3,361,0,71,40,0,111,219,164,86,3,472,0,0,0,472
10/18/2005,SJU,PR,ASO,ES,Towers with Radar,222,90,41,1,354,0,86,38,0,124,222,176,79,1,478,0,0,0,478
10/19/2005,SJU,PR,ASO,ES,Towers with Radar,226,79,33,9,347,0,84,53,4,141,226,163,86,13,488,0,0,0,488
10/20/2005,SJU,PR,ASO,ES,Towers with Radar,229,90,26,9,354,0,73,57,1,131,229,163,83,10,485,0,0,0,485
10/21/2005,SJU,PR,ASO,ES,Towers with Radar,230,76,40,9,355,0,73,45,6,124,230,149,85,15,479,0,0,0,479
10/22/2005,SJU,PR,ASO,ES,Towers with Radar,228,70,24,4,326,0,54,29,0,83,228,124,53,4,409,0,0,0,409
10/23/2005,SJU,PR,ASO,ES,Towers with Radar,240,52,13,3,308,0,58,15,0,73,240,110,28,3,381,0,0,0,381
10/24/2005,SJU,PR,ASO,ES,Towers with Radar,191,90,25,13,319,0,83,32,0,115,191,173,57,13,434,0,0,0,434
10/25/2005,SJU,PR,ASO,ES,Towers with Radar,197,77,32,7,313,0,79,37,0,116,197,156,69,7,429,0,0,0,429
10/26/2005,SJU,PR,ASO,ES,Towers with Radar,195,87,33,5,320,0,83,59,4,146,195,170,92,9,466,0,0,0,466
10/27/2005,SJU,PR,ASO,ES,Towers with Radar,221,88,53,8,370,0,94,56,1,151,221,182,109,9,521,0,0,0,521
10/28/2005,SJU,PR,ASO,ES,Towers with Radar,219,100,42,5,366,0,70,48,0,118,219,170,90,5,484,0,0,0,484
10/29/2005,SJU,PR,ASO,ES,Towers with Radar,237,65,11,4,317,0,63,29,0,92,237,128,40,4,409,0,0,0,409
10/30/2005,SJU,PR,ASO,ES,Towers with Radar,253,47,12,3,315,0,71,37,0,108,253,118,49,3,423,0,0,0,423
10/31/2005,SJU,PR,ASO,ES,Towers with Radar,223,91,28,4,346,0,80,52,1,133,223,171,80,5,479,0,0,0,479
11/01/2005,SJU,PR,ASO,ES,Towers with Radar,250,85,23,10,368,0,74,55,0,129,250,159,78,10,497,0,0,0,497
11/02/2005,SJU,PR,ASO,ES,Towers with Radar,251,88,27,10,376,0,93,62,0,155,251,181,89,10,531,0,0,0,531
11/03/2005,SJU,PR,ASO,ES,Towers with Radar,253,108,27,6,394,0,99,60,0,159,253,207,87,6,553,0,0,0,553
11/04/2005,SJU,PR,ASO,ES,Towers with Radar,264,98,35,2,399,0,92,64,0,156,264,190,99,2,555,0,0,0,555
11/05/2005,SJU,PR,ASO,ES,Towers with Radar,268,53,7,8,336,0,83,42,1,126,268,136,49,9,462,0,0,0,462
11/06/2005,SJU,PR,ASO,ES,Towers with Radar,268,48,18,11,345,0,71,30,3,104,268,119,48,14,449,0,0,0,449
11/07/2005,SJU,PR,ASO,ES,Towers with Radar,238,88,38,10,374,0,94,59,0,153,238,182,97,10,527,0,0,0,527
11/08/2005,SJU,PR,ASO,ES,Towers with Radar,257,82,35,13,387,0,83,62,7,152,257,165,97,20,539,0,0,0,539
11/09/2005,SJU,PR,ASO,ES,Towers with Radar,257,83,27,25,392,0,86,52,1,139,257,169,79,26,531,0,0,0,531
11/10/2005,SJU,PR,ASO,ES,Towers with Radar,245,94,43,2,384,0,103,77,2,182,245,197,120,4,566,0,0,0,566
11/11/2005,SJU,PR,ASO,ES,Towers with Radar,270,86,41,3,400,0,73,38,0,111,270,159,79,3,511,0,0,0,511
11/12/2005,SJU,PR,ASO,ES,Towers with Radar,319,63,5,1,388,0,82,30,0,112,319,145,35,1,500,0,0,0,500
11/13/2005,SJU,PR,ASO,ES,Towers with Radar,261,67,14,2,344,0,74,28,0,102,261,141,42,2,446,0,0,0,446
11/14/2005,SJU,PR,ASO,ES,Towers with Radar,248,102,33,2,385,0,91,43,0,134,248,193,76,2,519,0,0,0,519
11/15/2005,SJU,PR,ASO,ES,Towers with Radar,260,124,48,3,435,0,78,57,2,137,260,202,105,5,572,0,0,0,572
11/16/2005,SJU,PR,ASO,ES,Towers with Radar,268,101,35,6,410,0,86,45,0,131,268,187,80,6,541,0,0,0,541
11/17/2005,SJU,PR,ASO,ES,Towers with Radar,271,96,42,12,421,0,85,64,0,149,271,181,106,12,570,0,0,0,570
11/18/2005,SJU,PR,ASO,ES,Towers with Radar,272,92,38,5,407,0,108,62,0,170,272,200,100,5,577,0,0,0,577
11/19/2005,SJU,PR,ASO,ES,Towers with Radar,305,58,11,10,384,0,107,64,0,171,305,165,75,10,555,0,0,0,555
11/20/2005,SJU,PR,ASO,ES,Towers with Radar,315,56,14,3,388,0,83,28,0,111,315,139,42,3,499,0,0,0,499
11/21/2005,SJU,PR,ASO,ES,Towers with Radar,266,101,25,1,393,0,107,37,0,144,266,208,62,1,537,0,0,0,537
11/22/2005,SJU,PR,ASO,ES,Towers with Radar,294,90,41,5,430,0,88,78,7,173,294,178,119,12,603,0,0,0,603
11/23/2005,SJU,PR,ASO,ES,Towers with Radar,298,101,51,4,454,0,85,45,1,131,298,186,96,5,585,0,0,0,585
11/24/2005,SJU,PR,ASO,ES,Towers with Radar,271,108,31,3,413,0,39,23,0,62,271,147,54,3,475,0,0,0,475
11/25/2005,SJU,PR,ASO,ES,Towers with Radar,264,100,27,4,395,0,101,46,0,147,264,201,73,4,542,0,0,0,542
11/26/2005,SJU,PR,ASO,ES,Towers with Radar,304,65,13,0,382,0,73,48,0,121,304,138,61,0,503,0,0,0,503
11/27/2005,SJU,PR,ASO,ES,Towers with Radar,325,64,32,0,421,0,115,39,0,154,325,179,71,0,575,0,0,0,575
11/28/2005,SJU,PR,ASO,ES,Towers with Radar,274,93,44,0,411,0,105,50,0,155,274,198,94,0,566,0,0,0,566
11/29/2005,SJU,PR,ASO,ES,Towers with Radar,285,91,55,2,433,0,93,51,0,144,285,184,106,2,577,0,0,0,577
11/30/2005,SJU,PR,ASO,ES,Towers with Radar,269,82,40,0,391,0,89,57,7,153,269,171,97,7,544,0,0,0,544
12/01/2005,SJU,PR,ASO,ES,Towers with Radar,273,75,27,3,378,0,100,37,1,138,273,175,64,4,516,0,0,0,516
12/02/2005,SJU,PR,ASO,ES,Towers with Radar,279,86,29,2,396,0,117,52,0,169,279,203,81,2,565,0,0,0,565
12/03/2005,SJU,PR,ASO,ES,Towers with Radar,285,82,11,7,385,0,81,22,0,103,285,163,33,7,488,0,0,0,488
12/04/2005,SJU,PR,ASO,ES,Towers with Radar,281,45,14,4,344,0,83,43,2,128,281,128,57,6,472,0,0,0,472
12/05/2005,SJU,PR,ASO,ES,Towers with Radar,255,102,28,7,392,0,110,52,5,167,255,212,80,12,559,0,0,0,559
12/06/2005,SJU,PR,ASO,ES,Towers with Radar,268,82,37,10,397,0,80,47,0,127,268,162,84,10,524,0,0,0,524
12/07/2005,SJU,PR,ASO,ES,Towers with Radar,264,88,49,6,407,0,77,59,0,136,264,165,108,6,543,0,0,0,543
12/08/2005,SJU,PR,ASO,ES,Towers with Radar,270,89,24,4,387,0,98,48,1,147,270,187,72,5,534,0,0,0,534
12/09/2005,SJU,PR,ASO,ES,Towers with Radar,264,103,29,0,396,0,90,39,2,131,264,193,68,2,527,0,0,0,527
12/10/2005,SJU,PR,ASO,ES,Towers with Radar,288,53,28,2,371,0,99,49,0,148,288,152,77,2,519,0,0,0,519
12/11/2005,SJU,PR,ASO,ES,Towers with Radar,290,81,27,2,400,0,55,24,0,79,290,136,51,2,479,0,0,0,479
12/12/2005,SJU,PR,ASO,ES,Towers with Radar,260,89,48,1,398,0,108,49,0,157,260,197,97,1,555,0,0,0,555
12/13/2005,SJU,PR,ASO,ES,Towers with Radar,277,78,30,3,388,0,92,39,1,132,277,170,69,4,520,0,0,0,520
12/14/2005,SJU,PR,ASO,ES,Towers with Radar,265,113,57,8,443,0,85,41,0,126,265,198,98,8,569,0,0,0,569
12/15/2005,SJU,PR,ASO,ES,Towers with Radar,299,125,36,5,465,0,71,40,0,111,299,196,76,5,576,0,0,0,576
12/16/2005,SJU,PR,ASO,ES,Towers with Radar,332,97,41,1,471,0,109,60,0,169,332,206,101,1,640,0,0,0,640
12/17/2005,SJU,PR,ASO,ES,Towers with Radar,358,65,39,2,464,0,99,0,0,99,358,164,39,2,563,0,0,0,563
12/18/2005,SJU,PR,ASO,ES,Towers with Radar,341,61,33,0,435,0,82,57,0,139,341,143,90,0,574,0,0,0,574
12/19/2005,SJU,PR,ASO,ES,Towers with Radar,325,99,42,1,467,0,110,42,1,153,325,209,84,2,620,0,0,0,620
12/20/2005,SJU,PR,ASO,ES,Towers with Radar,313,95,54,3,465,0,107,60,1,168,313,202,114,4,633,0,0,0,633
12/21/2005,SJU,PR,ASO,ES,Towers with Radar,333,125,69,5,532,0,79,56,1,136,333,204,125,6,668,0,0,0,668
12/22/2005,SJU,PR,ASO,ES,Towers with Radar,352,98,84,3,537,0,116,74,1,191,352,214,158,4,728,0,0,0,728
12/23/2005,SJU,PR,ASO,ES,Towers with Radar,342,98,74,0,514,0,135,62,1,198,342,233,136,1,712,0,0,0,712
12/24/2005,SJU,PR,ASO,ES,Towers with Radar,378,73,39,2,492,0,97,50,1,148,378,170,89,3,640,0,0,0,640
12/25/2005,SJU,PR,ASO,ES,Towers with Radar,323,56,20,0,399,0,94,28,0,122,323,150,48,0,521,0,0,0,521
12/26/2005,SJU,PR,ASO,ES,Towers with Radar,319,59,45,0,423,0,125,89,0,214,319,184,134,0,637,0,0,0,637
12/27/2005,SJU,PR,ASO,ES,Towers with Radar,329,66,48,2,445,0,118,56,0,174,329,184,104,2,619,0,0,0,619
12/28/2005,SJU,PR,ASO,ES,Towers with Radar,337,86,45,2,470,0,131,69,0,200,337,217,114,2,670,0,0,0,670
12/29/2005,SJU,PR,ASO,ES,Towers with Radar,327,81,55,1,464,0,119,59,0,178,327,200,114,1,642,0,0,0,642
12/30/2005,SJU,PR,ASO,ES,Towers with Radar,324,80,49,0,453,0,125,67,0,192,324,205,116,0,645,0,0,0,645
12/31/2005,SJU,PR,ASO,ES,Towers with Radar,337,67,31,2,437,0,118,53,0,171,337,185,84,2,608,0,0,0,608
01/01/2006,SJU,PR,ASO,ES,Towers with Radar,346,58,47,0,451,0,88,51,0,139,346,146,98,0,590,0,0,0,590
01/02/2006,SJU,PR,ASO,ES,Towers with Radar,322,62,73,0,457,0,126,86,0,212,322,188,159,0,669,0,0,0,669
01/03/2006,SJU,PR,ASO,ES,Towers with Radar,332,88,79,8,507,0,141,69,0,210,332,229,148,8,717,0,0,0,717
01/04/2006,SJU,PR,ASO,ES,Towers with Radar,325,83,49,4,461,0,122,91,2,215,325,205,140,6,676,0,0,0,676
01/05/2006,SJU,PR,ASO,ES,Towers with Radar,331,81,48,1,461,0,129,64,0,193,331,210,112,1,654,0,0,0,654
01/06/2006,SJU,PR,ASO,ES,Towers with Radar,332,78,38,0,448,0,116,34,0,150,332,194,72,0,598,0,0,0,598
01/07/2006,SJU,PR,ASO,ES,Towers with Radar,344,66,37,3,450,0,123,38,0,161,344,189,75,3,611,0,0,0,611
01/08/2006,SJU,PR,ASO,ES,Towers with Radar,357,48,30,2,437,0,113,36,1,150,357,161,66,3,587,0,0,0,587
01/09/2006,SJU,PR,ASO,ES,Towers with Radar,323,138,30,1,492,0,83,27,0,110,323,221,57,1,602,0,0,0,602
01/10/2006,SJU,PR,ASO,ES,Towers with Radar,285,74,40,1,400,0,112,51,0,163,285,186,91,1,563,0,0,0,563
01/11/2006,SJU,PR,ASO,ES,Towers with Radar,291,75,39,8,413,0,113,40,0,153,291,188,79,8,566,0,0,0,566
01/12/2006,SJU,PR,ASO,ES,Towers with Radar,301,103,42,3,449,0,109,54,0,163,301,212,96,3,612,0,0,0,612
01/13/2006,SJU,PR,ASO,ES,Towers with Radar,311,91,45,1,448,0,122,38,0,160,311,213,83,1,608,0,0,0,608
01/14/2006,SJU,PR,ASO,ES,Towers with Radar,331,56,36,4,427,0,131,29,0,160,331,187,65,4,587,0,0,0,587
01/15/2006,SJU,PR,ASO,ES,Towers with Radar,312,63,26,2,403,0,72,23,0,95,312,135,49,2,498,0,0,0,498
01/16/2006,SJU,PR,ASO,ES,Towers with Radar,289,90,28,0,407,0,92,35,0,127,289,182,63,0,534,0,0,0,534
01/17/2006,SJU,PR,ASO,ES,Towers with Radar,280,63,37,8,388,0,107,52,7,166,280,170,89,15,554,0,0,0,554
01/18/2006,SJU,PR,ASO,ES,Towers with Radar,276,83,35,6,400,0,85,40,0,125,276,168,75,6,525,0,0,0,525
01/19/2006,SJU,PR,ASO,ES,Towers with Radar,291,92,40,5,428,0,115,54,0,169,291,207,94,5,597,0,0,0,597
01/20/2006,SJU,PR,ASO,ES,Towers with Radar,297,89,29,1,416,0,113,49,0,162,297,202,78,1,578,0,0,0,578
01/21/2006,SJU,PR,ASO,ES,Towers with Radar,308,66,12,2,388,0,110,22,0,132,308,176,34,2,520,0,0,0,520
01/22/2006,SJU,PR,ASO,ES,Towers with Radar,330,148,51,6,535,0,0,0,0,0,330,148,51,6,535,0,0,0,535
01/23/2006,SJU,PR,ASO,ES,Towers with Radar,296,81,28,0,405,0,122,47,0,169,296,203,75,0,574,0,0,0,574
01/24/2006,SJU,PR,ASO,ES,Towers with Radar,283,78,35,10,406,0,114,63,1,178,283,192,98,11,584,0,0,0,584
01/25/2006,SJU,PR,ASO,ES,Towers with Radar,260,67,34,13,374,0,118,57,0,175,260,185,91,13,549,0,0,0,549
01/26/2006,SJU,PR,ASO,ES,Towers with Radar,287,98,29,16,430,0,122,49,1,172,287,220,78,17,602,0,0,0,602
01/27/2006,SJU,PR,ASO,ES,Towers with Radar,288,92,36,2,418,0,108,51,0,159,288,200,87,2,577,0,0,0,577
01/28/2006,SJU,PR,ASO,ES,Towers with Radar,316,78,22,2,418,0,93,52,0,145,316,171,74,2,563,0,0,0,563
01/29/2006,SJU,PR,ASO,ES,Towers with Radar,311,60,23,4,398,0,90,42,0,132,311,150,65,4,530,0,0,0,530
01/30/2006,SJU,PR,ASO,ES,Towers with Radar,289,88,45,5,427,0,147,60,0,207,289,235,105,5,634,0,0,0,634
01/31/2006,SJU,PR,ASO,ES,Towers with Radar,291,74,34,8,407,0,97,81,0,178,291,171,115,8,585,0,0,0,585
02/01/2006,SJU,PR,ASO,ES,Towers with Radar,279,82,48,9,418,0,113,66,0,179,279,195,114,9,597,0,0,0,597
02/02/2006,SJU,PR,ASO,ES,Towers with Radar,295,145,63,4,507,0,72,44,4,120,295,217,107,8,627,0,0,0,627
02/03/2006,SJU,PR,ASO,ES,Towers with Radar,311,97,34,5,447,0,123,45,1,169,311,220,79,6,616,0,0,0,616
02/04/2006,SJU,PR,ASO,ES,Towers with Radar,316,63,34,6,419,0,109,57,0,166,316,172,91,6,585,0,0,0,585
02/05/2006,SJU,PR,ASO,ES,Towers with Radar,331,68,19,2,420,0,106,33,1,140,331,174,52,3,560,0,0,0,560
02/06/2006,SJU,PR,ASO,ES,Towers with Radar,288,83,40,2,413,0,137,53,0,190,288,220,93,2,603,0,0,0,603
02/07/2006,SJU,PR,ASO,ES,Towers with Radar,285,106,34,6,431,0,97,47,0,144,285,203,81,6,575,0,0,0,575
02/08/2006,SJU,PR,ASO,ES,Towers with Radar,295,97,51,4,447,0,110,60,1,171,295,207,111,5,618,0,0,0,618
02/09/2006,SJU,PR,ASO,ES,Towers with Radar,302,79,34,9,424,0,132,54,0,186,302,211,88,9,610,0,0,0,610
02/10/2006,SJU,PR,ASO,ES,Towers with Radar,312,88,43,9,452,0,147,70,0,217,312,235,113,9,669,0,0,0,669
02/11/2006,SJU,PR,ASO,ES,Towers with Radar,319,75,20,2,416,0,134,58,0,192,319,209,78,2,608,0,0,0,608
02/12/2006,SJU,PR,ASO,ES,Towers with Radar,274,55,15,2,346,0,89,36,0,125,274,144,51,2,471,0,0,0,471
02/13/2006,SJU,PR,ASO,ES,Towers with Radar,259,85,46,6,396,0,139,60,1,200,259,224,106,7,596,0,0,0,596
02/14/2006,SJU,PR,ASO,ES,Towers with Radar,296,85,53,7,441,0,127,72,0,199,296,212,125,7,640,0,0,0,640
02/15/2006,SJU,PR,ASO,ES,Towers with Radar,273,91,44,6,414,0,107,72,0,179,273,198,116,6,593,0,0,0,593
02/16/2006,SJU,PR,ASO,ES,Towers with Radar,299,89,51,2,441,0,129,71,0,200,299,218,122,2,641,0,0,0,641
02/17/2006,SJU,PR,ASO,ES,Towers with Radar,302,90,52,3,447,0,142,92,0,234,302,232,144,3,681,0,0,0,681
02/18/2006,SJU,PR,ASO,ES,Towers with Radar,323,83,38,1,445,0,148,69,1,218,323,231,107,2,663,0,0,0,663
02/19/2006,SJU,PR,ASO,ES,Towers with Radar,333,55,26,0,414,0,124,60,0,184,333,179,86,0,598,0,0,0,598
02/20/2006,SJU,PR,ASO,ES,Towers with Radar,290,98,45,2,435,0,112,68,1,181,290,210,113,3,616,0,0,0,616
02/21/2006,SJU,PR,ASO,ES,Towers with Radar,260,86,42,5,393,0,127,61,2,190,260,213,103,7,583,0,0,0,583
02/22/2006,SJU,PR,ASO,ES,Towers with Radar,289,76,37,12,414,0,127,57,10,194,289,203,94,22,608,0,0,0,608
02/23/2006,SJU,PR,ASO,ES,Towers with Radar,286,90,44,6,426,0,142,68,0,210,286,232,112,6,636,0,0,0,636
02/24/2006,SJU,PR,ASO,ES,Towers with Radar,309,98,51,0,458,0,129,64,3,196,309,227,115,3,654,0,0,0,654
02/25/2006,SJU,PR,ASO,ES,Towers with Radar,329,63,32,6,430,0,147,75,0,222,329,210,107,6,652,0,0,0,652
02/26/2006,SJU,PR,ASO,ES,Towers with Radar,325,53,23,8,409,0,134,59,0,193,325,187,82,8,602,0,0,0,602
02/27/2006,SJU,PR,ASO,ES,Towers with Radar,293,79,33,6,411,0,134,55,3,192,293,213,88,9,603,0,0,0,603
02/28/2006,SJU,PR,ASO,ES,Towers with Radar,294,76,36,10,416,0,135,75,5,215,294,211,111,15,631,0,0,0,631
03/01/2006,SJU,PR,ASO,ES,Towers with Radar,283,81,20,10,394,0,102,54,0,156,283,183,74,10,550,0,0,0,550
03/02/2006,SJU,PR,ASO,ES,Towers with Radar,293,85,31,6,415,0,119,42,0,161,293,204,73,6,576,0,0,0,576
03/03/2006,SJU,PR,ASO,ES,Towers with Radar,306,87,35,7,435,0,126,69,0,195,306,213,104,7,630,0,0,0,630
03/04/2006,SJU,PR,ASO,ES,Towers with Radar,325,66,20,4,415,0,129,62,0,191,325,195,82,4,606,0,0,0,606
03/05/2006,SJU,PR,ASO,ES,Towers with Radar,322,56,22,2,402,0,115,38,0,153,322,171,60,2,555,0,0,0,555
03/06/2006,SJU,PR,ASO,ES,Towers with Radar,295,85,32,2,414,0,135,44,4,183,295,220,76,6,597,0,0,0,597
03/07/2006,SJU,PR,ASO,ES,Towers with Radar,286,85,31,0,402,0,113,46,0,159,286,198,77,0,561,0,0,0,561
03/08/2006,SJU,PR,ASO,ES,Towers with Radar,279,60,29,10,378,0,119,56,1,176,279,179,85,11,554,0,0,0,554
03/09/2006,SJU,PR,ASO,ES,Towers with Radar,307,92,51,6,456,0,122,81,3,206,307,214,132,9,662,0,0,0,662
03/10/2006,SJU,PR,ASO,ES,Towers with Radar,308,104,47,7,466,0,128,75,0,203,308,232,122,7,669,0,0,0,669
03/11/2006,SJU,PR,ASO,ES,Towers with Radar,323,63,23,6,415,0,155,66,2,223,323,218,89,8,638,0,0,0,638
03/12/2006,SJU,PR,ASO,ES,Towers with Radar,322,59,18,9,408,0,126,44,3,173,322,185,62,12,581,0,0,0,581
03/13/2006,SJU,PR,ASO,ES,Towers with Radar,280,80,39,0,399,0,116,45,0,161,280,196,84,0,560,0,0,0,560
03/14/2006,SJU,PR,ASO,ES,Towers with Radar,288,88,34,0,410,0,90,38,10,138,288,178,72,10,548,0,0,0,548
03/15/2006,SJU,PR,ASO,ES,Towers with Radar,282,81,49,8,420,0,120,50,1,171,282,201,99,9,591,0,0,0,591
03/16/2006,SJU,PR,ASO,ES,Towers with Radar,315,87,68,3,473,0,143,48,0,191,315,230,116,3,664,0,0,0,664
03/17/2006,SJU,PR,ASO,ES,Towers with Radar,305,82,41,5,433,0,165,71,0,236,305,247,112,5,669,0,0,0,669
03/18/2006,SJU,PR,ASO,ES,Towers with Radar,318,62,16,2,398,0,160,68,0,228,318,222,84,2,626,0,0,0,626
03/19/2006,SJU,PR,ASO,ES,Towers with Radar,321,57,18,8,404,0,144,70,0,214,321,201,88,8,618,0,0,0,618
03/20/2006,SJU,PR,ASO,ES,Towers with Radar,303,79,31,6,419,0,131,58,0,189,303,210,89,6,608,0,0,0,608
03/21/2006,SJU,PR,ASO,ES,Towers with Radar,287,74,46,1,408,0,117,64,1,182,287,191,110,2,590,0,0,0,590
03/22/2006,SJU,PR,ASO,ES,Towers with Radar,284,71,37,10,402,0,106,63,1,170,284,177,100,11,572,0,0,0,572
03/23/2006,SJU,PR,ASO,ES,Towers with Radar,319,95,44,7,465,0,153,81,0,234,319,248,125,7,699,0,0,0,699
03/24/2006,SJU,PR,ASO,ES,Towers with Radar,300,99,36,4,439,0,146,57,0,203,300,245,93,4,642,0,0,0,642
03/25/2006,SJU,PR,ASO,ES,Towers with Radar,332,66,23,5,426,0,155,92,0,247,332,221,115,5,673,0,0,0,673
03/26/2006,SJU,PR,ASO,ES,Towers with Radar,320,60,26,2,408,0,124,54,0,178,320,184,80,2,586,0,0,0,586
03/27/2006,SJU,PR,ASO,ES,Towers with Radar,297,104,55,2,458,0,115,49,0,164,297,219,104,2,622,0,0,0,622
03/28/2006,SJU,PR,ASO,ES,Towers with Radar,278,100,47,2,427,0,85,70,0,155,278,185,117,2,582,0,0,0,582
03/29/2006,SJU,PR,ASO,ES,Towers with Radar,288,93,47,4,432,0,119,60,1,180,288,212,107,5,612,0,0,0,612
03/30/2006,SJU,PR,ASO,ES,Towers with Radar,306,102,38,6,452,0,123,53,0,176,306,225,91,6,628,0,0,0,628
03/31/2006,SJU,PR,ASO,ES,Towers with Radar,300,91,44,3,438,0,145,63,2,210,300,236,107,5,648,0,0,0,648
04/01/2006,SJU,PR,ASO,ES,Towers with Radar,335,106,29,2,472,0,76,42,0,118,335,182,71,2,590,0,0,0,590
04/02/2006,SJU,PR,ASO,ES,Towers with Radar,342,51,22,3,418,0,131,43,0,174,342,182,65,3,592,0,0,0,592
04/03/2006,SJU,PR,ASO,ES,Towers with Radar,296,74,42,2,414,0,123,49,0,172,296,197,91,2,586,0,0,0,586
04/04/2006,SJU,PR,ASO,ES,Towers with Radar,299,59,43,1,402,0,78,49,0,127,299,137,92,1,529,0,0,0,529
04/05/2006,SJU,PR,ASO,ES,Towers with Radar,302,61,40,4,407,0,89,58,0,147,302,150,98,4,554,0,0,0,554
04/06/2006,SJU,PR,ASO,ES,Towers with Radar,304,64,32,1,401,0,102,39,0,141,304,166,71,1,542,0,0,0,542
04/07/2006,SJU,PR,ASO,ES,Towers with Radar,318,77,33,5,433,0,103,50,1,154,318,180,83,6,587,0,0,0,587
04/08/2006,SJU,PR,ASO,ES,Towers with Radar,328,55,30,14,427,0,109,45,0,154,328,164,75,14,581,0,0,0,581
04/09/2006,SJU,PR,ASO,ES,Towers with Radar,325,42,22,10,399,0,105,35,0,140,325,147,57,10,539,0,0,0,539
04/10/2006,SJU,PR,ASO,ES,Towers with Radar,306,61,35,6,408,0,113,39,0,152,306,174,74,6,560,0,0,0,560
04/11/2006,SJU,PR,ASO,ES,Towers with Radar,293,47,33,4,377,0,92,54,3,149,293,139,87,7,526,0,0,0,526
04/12/2006,SJU,PR,ASO,ES,Towers with Radar,310,69,41,18,438,0,81,42,0,123,310,150,83,18,561,0,0,0,561
04/13/2006,SJU,PR,ASO,ES,Towers with Radar,312,70,33,3,418,0,114,52,0,166,312,184,85,3,584,0,0,0,584
04/14/2006,SJU,PR,ASO,ES,Towers with Radar,320,64,24,1,409,0,95,40,0,135,320,159,64,1,544,0,0,0,544
04/15/2006,SJU,PR,ASO,ES,Towers with Radar,335,51,23,0,409,0,126,53,1,180,335,177,76,1,589,0,0,0,589
04/16/2006,SJU,PR,ASO,ES,Towers with Radar,342,36,15,0,393,0,100,50,1,151,342,136,65,1,544,0,0,0,544
04/17/2006,SJU,PR,ASO,ES,Towers with Radar,299,59,33,5,396,0,124,57,0,181,299,183,90,5,577,0,0,0,577
04/18/2006,SJU,PR,ASO,ES,Towers with Radar,303,63,32,9,407,0,104,50,0,154,303,167,82,9,561,0,0,0,561
04/19/2006,SJU,PR,ASO,ES,Towers with Radar,309,59,24,6,398,0,87,50,3,140,309,146,74,9,538,0,0,0,538
04/20/2006,SJU,PR,ASO,ES,Towers with Radar,297,73,43,12,425,0,95,57,0,152,297,168,100,12,577,0,0,0,577
04/21/2006,SJU,PR,ASO,ES,Towers with Radar,313,75,29,7,424,0,103,50,0,153,313,178,79,7,577,0,0,0,577
04/22/2006,SJU,PR,ASO,ES,Towers with Radar,332,72,11,6,421,0,90,34,0,124,332,162,45,6,545,0,0,0,545
04/23/2006,SJU,PR,ASO,ES,Towers with Radar,330,49,17,2,398,0,92,43,0,135,330,141,60,2,533,0,0,0,533
04/24/2006,SJU,PR,ASO,ES,Towers with Radar,276,73,37,4,390,0,96,46,2,144,276,169,83,6,534,0,0,0,534
04/25/2006,SJU,PR,ASO,ES,Towers with Radar,287,58,39,8,392,0,95,52,2,149,287,153,91,10,541,0,0,0,541
04/26/2006,SJU,PR,ASO,ES,Towers with Radar,308,59,40,5,412,0,90,53,0,143,308,149,93,5,555,0,0,0,555
04/27/2006,SJU,PR,ASO,ES,Towers with Radar,313,71,41,2,427,0,104,59,0,163,313,175,100,2,590,0,0,0,590
04/28/2006,SJU,PR,ASO,ES,Towers with Radar,321,78,37,5,441,0,125,59,0,184,321,203,96,5,625,0,0,0,625
04/29/2006,SJU,PR,ASO,ES,Towers with Radar,332,47,20,0,399,0,107,32,0,139,332,154,52,0,538,0,0,0,538
04/30/2006,SJU,PR,ASO,ES,Towers with Radar,335,62,18,4,419,0,62,34,1,97,335,124,52,5,516,0,0,0,516
05/01/2006,SJU,PR,ASO,ES,Towers with Radar,306,75,53,13,447,0,82,28,0,110,306,157,81,13,557,0,0,0,557
05/02/2006,SJU,PR,ASO,ES,Towers with Radar,304,82,38,4,428,0,63,35,2,100,304,145,73,6,528,0,0,0,528
05/03/2006,SJU,PR,ASO,ES,Towers with Radar,306,98,50,7,461,0,43,20,1,64,306,141,70,8,525,0,0,0,525
05/04/2006,SJU,PR,ASO,ES,Towers with Radar,305,71,55,5,436,0,109,51,0,160,305,180,106,5,596,0,0,0,596
05/05/2006,SJU,PR,ASO,ES,Towers with Radar,310,69,39,2,420,0,98,65,1,164,310,167,104,3,584,0,0,0,584
05/06/2006,SJU,PR,ASO,ES,Towers with Radar,330,39,12,5,386,0,83,42,0,125,330,122,54,5,511,0,0,0,511
05/07/2006,SJU,PR,ASO,ES,Towers with Radar,318,46,10,6,380,0,68,23,0,91,318,114,33,6,471,0,0,0,471
05/08/2006,SJU,PR,ASO,ES,Towers with Radar,308,77,37,12,434,0,77,45,0,122,308,154,82,12,556,0,0,0,556
05/09/2006,SJU,PR,ASO,ES,Towers with Radar,310,64,32,11,417,0,90,35,7,132,310,154,67,18,549,0,0,0,549
05/10/2006,SJU,PR,ASO,ES,Towers with Radar,289,61,22,9,381,0,83,44,1,128,289,144,66,10,509,0,0,0,509
05/11/2006,SJU,PR,ASO,ES,Towers with Radar,316,70,33,12,431,0,89,48,0,137,316,159,81,12,568,0,0,0,568
05/12/2006,SJU,PR,ASO,ES,Towers with Radar,311,76,34,9,430,0,85,60,6,151,311,161,94,15,581,0,0,0,581
05/13/2006,SJU,PR,ASO,ES,Towers with Radar,304,39,7,3,353,0,86,35,0,121,304,125,42,3,474,0,0,0,474
05/14/2006,SJU,PR,ASO,ES,Towers with Radar,310,39,13,1,363,0,70,18,0,88,310,109,31,1,451,0,0,0,451
05/15/2006,SJU,PR,ASO,ES,Towers with Radar,291,78,41,6,416,0,87,59,0,146,291,165,100,6,562,0,0,0,562
05/16/2006,SJU,PR,ASO,ES,Towers with Radar,311,55,27,2,395,0,86,39,0,125,311,141,66,2,520,0,0,0,520
05/17/2006,SJU,PR,ASO,ES,Towers with Radar,302,57,16,7,382,0,83,52,2,137,302,140,68,9,519,0,0,0,519
05/18/2006,SJU,PR,ASO,ES,Towers with Radar,316,64,40,19,439,0,87,63,0,150,316,151,103,19,589,0,0,0,589
05/19/2006,SJU,PR,ASO,ES,Towers with Radar,329,74,25,4,432,0,82,51,0,133,329,156,76,4,565,0,0,0,565
05/20/2006,SJU,PR,ASO,ES,Towers with Radar,314,39,10,7,370,0,71,24,1,96,314,110,34,8,466,0,0,0,466
05/21/2006,SJU,PR,ASO,ES,Towers with Radar,290,34,12,4,340,0,74,36,0,110,290,108,48,4,450,0,0,0,450
05/22/2006,SJU,PR,ASO,ES,Towers with Radar,292,63,31,7,393,0,81,45,2,128,292,144,76,9,521,0,0,0,521
05/23/2006,SJU,PR,ASO,ES,Towers with Radar,267,57,33,4,361,0,96,65,1,162,267,153,98,5,523,0,0,0,523
05/24/2006,SJU,PR,ASO,ES,Towers with Radar,286,60,26,7,379,0,94,56,2,152,286,154,82,9,531,0,0,0,531
05/25/2006,SJU,PR,ASO,ES,Towers with Radar,305,63,25,5,398,0,105,42,0,147,305,168,67,5,545,0,0,0,545
05/26/2006,SJU,PR,ASO,ES,Towers with Radar,345,66,40,2,453,0,118,55,0,173,345,184,95,2,626,0,0,0,626
05/27/2006,SJU,PR,ASO,ES,Towers with Radar,316,38,11,1,366,0,86,28,0,114,316,124,39,1,480,0,0,0,480
05/28/2006,SJU,PR,ASO,ES,Towers with Radar,316,41,7,6,370,0,65,22,0,87,316,106,29,6,457,0,0,0,457
05/29/2006,SJU,PR,ASO,ES,Towers with Radar,321,56,16,7,400,0,83,30,1,114,321,139,46,8,514,0,0,0,514
05/30/2006,SJU,PR,ASO,ES,Towers with Radar,294,58,35,6,393,0,84,53,3,140,294,142,88,9,533,0,0,0,533
05/31/2006,SJU,PR,ASO,ES,Towers with Radar,312,56,34,10,412,0,78,66,0,144,312,134,100,10,556,0,0,0,556
06/01/2006,SJU,PR,ASO,ES,Towers with Radar,323,64,26,11,424,0,87,54,9,150,323,151,80,20,574,0,0,0,574
06/02/2006,SJU,PR,ASO,ES,Towers with Radar,320,71,27,8,426,0,82,57,7,146,320,153,84,15,572,0,0,0,572
06/03/2006,SJU,PR,ASO,ES,Towers with Radar,317,37,19,7,380,0,94,31,0,125,317,131,50,7,505,0,0,0,505
06/04/2006,SJU,PR,ASO,ES,Towers with Radar,311,44,16,16,387,0,73,49,0,122,311,117,65,16,509,0,0,0,509
06/05/2006,SJU,PR,ASO,ES,Towers with Radar,274,76,46,0,396,0,111,75,0,186,274,187,121,0,582,0,0,0,582
06/06/2006,SJU,PR,ASO,ES,Towers with Radar,314,56,30,0,400,0,79,47,0,126,314,135,77,0,526,0,0,0,526
06/07/2006,SJU,PR,ASO,ES,Towers with Radar,303,59,20,6,388,0,79,56,0,135,303,138,76,6,523,0,0,0,523
06/08/2006,SJU,PR,ASO,ES,Towers with Radar,312,57,39,3,411,0,80,53,0,133,312,137,92,3,544,0,0,0,544
06/09/2006,SJU,PR,ASO,ES,Towers with Radar,314,92,25,1,432,0,80,69,0,149,314,172,94,1,581,0,0,0,581
06/10/2006,SJU,PR,ASO,ES,Towers with Radar,322,47,26,8,403,0,75,28,0,103,322,122,54,8,506,0,0,0,506
06/11/2006,SJU,PR,ASO,ES,Towers with Radar,345,55,24,4,428,0,65,34,0,99,345,120,58,4,527,0,0,0,527
06/12/2006,SJU,PR,ASO,ES,Towers with Radar,330,70,22,17,439,0,72,44,0,116,330,142,66,17,555,0,0,0,555
06/13/2006,SJU,PR,ASO,ES,Towers with Radar,316,61,53,3,433,0,66,48,0,114,316,127,101,3,547,0,0,0,547
06/14/2006,SJU,PR,ASO,ES,Towers with Radar,296,68,40,8,412,0,67,50,2,119,296,135,90,10,531,0,0,0,531
06/15/2006,SJU,PR,ASO,ES,Towers with Radar,333,68,30,1,432,0,79,56,0,135,333,147,86,1,567,0,0,0,567
06/16/2006,SJU,PR,ASO,ES,Towers with Radar,329,70,38,10,447,0,87,34,0,121,329,157,72,10,568,0,0,0,568
06/17/2006,SJU,PR,ASO,ES,Towers with Radar,346,68,17,5,436,0,74,45,0,119,346,142,62,5,555,0,0,0,555
06/18/2006,SJU,PR,ASO,ES,Towers with Radar,350,33,8,2,393,0,62,18,1,81,350,95,26,3,474,0,0,0,474
06/19/2006,SJU,PR,ASO,ES,Towers with Radar,300,49,25,1,375,0,62,49,0,111,300,111,74,1,486,0,0,0,486
06/20/2006,SJU,PR,ASO,ES,Towers with Radar,316,95,26,2,439,0,49,33,0,82,316,144,59,2,521,0,0,0,521
06/21/2006,SJU,PR,ASO,ES,Towers with Radar,326,86,28,6,446,0,64,46,0,110,326,150,74,6,556,0,0,0,556
06/22/2006,SJU,PR,ASO,ES,Towers with Radar,342,92,21,8,463,0,81,43,2,126,342,173,64,10,589,0,0,0,589
06/23/2006,SJU,PR,ASO,ES,Towers with Radar,350,69,34,1,454,0,63,41,0,104,350,132,75,1,558,0,0,0,558
06/24/2006,SJU,PR,ASO,ES,Towers with Radar,332,48,15,4,399,0,70,55,0,125,332,118,70,4,524,0,0,0,524
06/25/2006,SJU,PR,ASO,ES,Towers with Radar,347,32,21,0,400,0,75,39,0,114,347,107,60,0,514,0,0,0,514
06/26/2006,SJU,PR,ASO,ES,Towers with Radar,331,156,40,0,527,0,65,45,0,110,331,221,85,0,637,0,0,0,637
06/27/2006,SJU,PR,ASO,ES,Towers with Radar,319,59,28,3,409,0,82,48,1,131,319,141,76,4,540,0,0,0,540
06/28/2006,SJU,PR,ASO,ES,Towers with Radar,326,54,26,6,412,0,73,47,0,120,326,127,73,6,532,0,0,0,532
06/29/2006,SJU,PR,ASO,ES,Towers with Radar,345,71,36,3,455,0,71,30,0,101,345,142,66,3,556,0,0,0,556
06/30/2006,SJU,PR,ASO,ES,Towers with Radar,342,78,51,9,480,0,71,44,2,117,342,149,95,11,597,0,0,0,597
07/01/2006,SJU,PR,ASO,ES,Towers with Radar,335,49,25,3,412,0,90,59,0,149,335,139,84,3,561,0,0,0,561
07/02/2006,SJU,PR,ASO,ES,Towers with Radar,355,35,16,0,406,0,61,30,0,91,355,96,46,0,497,0,0,0,497
07/03/2006,SJU,PR,ASO,ES,Towers with Radar,348,55,36,1,440,0,70,36,3,109,348,125,72,4,549,0,0,0,549
07/04/2006,SJU,PR,ASO,ES,Towers with Radar,319,49,23,0,391,0,49,38,0,87,319,98,61,0,478,0,0,0,478
07/05/2006,SJU,PR,ASO,ES,Towers with Radar,319,55,25,4,403,0,76,45,3,124,319,131,70,7,527,0,0,0,527
07/06/2006,SJU,PR,ASO,ES,Towers with Radar,366,69,29,6,470,0,72,45,0,117,366,141,74,6,587,0,0,0,587
07/07/2006,SJU,PR,ASO,ES,Towers with Radar,351,66,31,3,451,0,73,35,0,108,351,139,66,3,559,0,0,0,559
07/08/2006,SJU,PR,ASO,ES,Towers with Radar,363,40,16,1,420,0,88,28,0,116,363,128,44,1,536,0,0,0,536
07/09/2006,SJU,PR,ASO,ES,Towers with Radar,371,37,25,1,434,0,72,27,0,99,371,109,52,1,533,0,0,0,533
07/10/2006,SJU,PR,ASO,ES,Towers with Radar,336,66,23,5,430,0,48,30,0,78,336,114,53,5,508,0,0,0,508
07/11/2006,SJU,PR,ASO,ES,Towers with Radar,324,55,41,14,434,0,60,37,12,109,324,115,78,26,543,0,0,0,543
07/12/2006,SJU,PR,ASO,ES,Towers with Radar,327,53,38,9,427,0,52,54,4,110,327,105,92,13,537,0,0,0,537
07/13/2006,SJU,PR,ASO,ES,Towers with Radar,342,68,36,6,452,0,79,40,0,119,342,147,76,6,571,0,0,0,571
07/14/2006,SJU,PR,ASO,ES,Towers with Radar,361,75,32,17,485,0,64,39,0,103,361,139,71,17,588,0,0,0,588
07/15/2006,SJU,PR,ASO,ES,Towers with Radar,373,50,17,14,454,0,62,42,0,104,373,112,59,14,558,0,0,0,558
07/16/2006,SJU,PR,ASO,ES,Towers with Radar,363,36,18,2,419,0,67,22,0,89,363,103,40,2,508,0,0,0,508
07/17/2006,SJU,PR,ASO,ES,Towers with Radar,332,75,27,3,437,0,72,39,0,111,332,147,66,3,548,0,0,0,548
07/18/2006,SJU,PR,ASO,ES,Towers with Radar,333,61,27,7,428,0,64,51,2,117,333,125,78,9,545,0,0,0,545
07/19/2006,SJU,PR,ASO,ES,Towers with Radar,322,64,28,6,420,0,69,40,0,109,322,133,68,6,529,0,0,0,529
07/20/2006,SJU,PR,ASO,ES,Towers with Radar,342,67,38,6,453,0,76,42,3,121,342,143,80,9,574,0,0,0,574
07/21/2006,SJU,PR,ASO,ES,Towers with Radar,350,85,20,4,459,0,89,59,0,148,350,174,79,4,607,0,0,0,607
07/22/2006,SJU,PR,ASO,ES,Towers with Radar,363,45,10,0,418,0,71,40,0,111,363,116,50,0,529,0,0,0,529
07/23/2006,SJU,PR,ASO,ES,Towers with Radar,361,42,15,1,419,0,58,39,0,97,361,100,54,1,516,0,0,0,516
07/24/2006,SJU,PR,ASO,ES,Towers with Radar,345,71,28,0,444,0,75,46,0,121,345,146,74,0,565,0,0,0,565
07/25/2006,SJU,PR,ASO,ES,Towers with Radar,325,57,20,2,404,0,71,45,1,117,325,128,65,3,521,0,0,0,521
07/26/2006,SJU,PR,ASO,ES,Towers with Radar,337,66,23,7,433,0,72,45,2,119,337,138,68,9,552,0,0,0,552
07/27/2006,SJU,PR,ASO,ES,Towers with Radar,369,94,43,3,509,0,65,43,1,109,369,159,86,4,618,0,0,0,618
07/28/2006,SJU,PR,ASO,ES,Towers with Radar,338,99,26,2,465,0,59,39,0,98,338,158,65,2,563,0,0,0,563
07/29/2006,SJU,PR,ASO,ES,Towers with Radar,371,79,15,2,467,0,48,28,0,76,371,127,43,2,543,0,0,0,543
07/30/2006,SJU,PR,ASO,ES,Towers with Radar,359,66,21,1,447,0,39,24,0,63,359,105,45,1,510,0,0,0,510
07/31/2006,SJU,PR,ASO,ES,Towers with Radar,339,81,29,3,452,0,63,59,0,122,339,144,88,3,574,0,0,0,574
08/01/2006,SJU,PR,ASO,ES,Towers with Radar,333,67,21,0,421,0,78,72,0,150,333,145,93,0,571,0,0,0,571
08/02/2006,SJU,PR,ASO,ES,Towers with Radar,307,79,27,14,427,0,52,26,0,78,307,131,53,14,505,0,0,0,505
08/03/2006,SJU,PR,ASO,ES,Towers with Radar,332,81,28,3,444,0,62,27,8,97,332,143,55,11,541,0,0,0,541
08/04/2006,SJU,PR,ASO,ES,Towers with Radar,352,78,30,13,473,0,70,55,14,139,352,148,85,27,612,0,0,0,612
08/05/2006,SJU,PR,ASO,ES,Towers with Radar,353,63,7,1,424,0,53,34,0,87,353,116,41,1,511,0,0,0,511
08/06/2006,SJU,PR,ASO,ES,Towers with Radar,347,44,13,1,405,0,53,33,0,86,347,97,46,1,491,0,0,0,491
08/07/2006,SJU,PR,ASO,ES,Towers with Radar,330,96,22,0,448,0,61,35,0,96,330,157,57,0,544,0,0,0,544
08/08/2006,SJU,PR,ASO,ES,Towers with Radar,311,72,36,9,428,0,48,48,1,97,311,120,84,10,525,0,0,0,525
08/09/2006,SJU,PR,ASO,ES,Towers with Radar,318,77,24,18,437,0,43,28,3,74,318,120,52,21,511,0,0,0,511
08/10/2006,SJU,PR,ASO,ES,Towers with Radar,324,88,41,6,459,0,64,60,8,132,324,152,101,14,591,0,0,0,591
08/11/2006,SJU,PR,ASO,ES,Towers with Radar,309,81,38,4,432,0,69,47,0,116,309,150,85,4,548,0,0,0,548
08/12/2006,SJU,PR,ASO,ES,Towers with Radar,335,42,4,6,387,0,81,28,0,109,335,123,32,6,496,0,0,0,496
08/13/2006,SJU,PR,ASO,ES,Towers with Radar,332,38,16,17,403,0,58,27,0,85,332,96,43,17,488,0,0,0,488
08/14/2006,SJU,PR,ASO,ES,Towers with Radar,315,67,25,3,410,0,67,33,0,100,315,134,58,3,510,0,0,0,510
08/15/2006,SJU,PR,ASO,ES,Towers with Radar,310,67,17,1,395,0,66,40,2,108,310,133,57,3,503,0,0,0,503
08/16/2006,SJU,PR,ASO,ES,Towers with Radar,308,62,20,7,397,0,69,37,0,106,308,131,57,7,503,0,0,0,503
08/17/2006,SJU,PR,ASO,ES,Towers with Radar,315,72,34,5,426,0,83,49,0,132,315,155,83,5,558,0,0,0,558
08/18/2006,SJU,PR,ASO,ES,Towers with Radar,333,81,39,11,464,0,67,41,3,111,333,148,80,14,575,0,0,0,575
08/19/2006,SJU,PR,ASO,ES,Towers with Radar,330,42,13,3,388,0,61,28,0,89,330,103,41,3,477,0,0,0,477
08/20/2006,SJU,PR,ASO,ES,Towers with Radar,320,41,7,1,369,0,52,31,0,83,320,93,38,1,452,0,0,0,452
08/21/2006,SJU,PR,ASO,ES,Towers with Radar,291,69,38,11,409,0,68,41,3,112,291,137,79,14,521,0,0,0,521
08/22/2006,SJU,PR,ASO,ES,Towers with Radar,312,71,36,2,421,0,61,47,0,108,312,132,83,2,529,0,0,0,529
08/23/2006,SJU,PR,ASO,ES,Towers with Radar,298,74,22,6,400,0,57,40,0,97,298,131,62,6,497,0,0,0,497
08/24/2006,SJU,PR,ASO,ES,Towers with Radar,313,81,39,0,433,0,76,32,0,108,313,157,71,0,541,0,0,0,541
08/25/2006,SJU,PR,ASO,ES,Towers with Radar,328,89,39,5,461,0,64,41,1,106,328,153,80,6,567,0,0,0,567
08/26/2006,SJU,PR,ASO,ES,Towers with Radar,315,56,22,2,395,0,57,20,0,77,315,113,42,2,472,0,0,0,472
08/27/2006,SJU,PR,ASO,ES,Towers with Radar,325,41,17,2,385,0,45,22,0,67,325,86,39,2,452,0,0,0,452
08/28/2006,SJU,PR,ASO,ES,Towers with Radar,307,65,41,12,425,0,56,39,0,95,307,121,80,12,520,0,0,0,520
08/29/2006,SJU,PR,ASO,ES,Towers with Radar,305,65,31,3,404,0,65,42,1,108,305,130,73,4,512,0,0,0,512
08/30/2006,SJU,PR,ASO,ES,Towers with Radar,293,70,27,3,393,0,65,46,0,111,293,135,73,3,504,0,0,0,504
08/31/2006,SJU,PR,ASO,ES,Towers with Radar,314,69,32,5,420,0,73,35,10,118,314,142,67,15,538,0,0,0,538
09/01/2006,SJU,PR,ASO,ES,Towers with Radar,319,74,27,6,426,0,67,38,0,105,319,141,65,6,531,0,0,0,531
09/02/2006,SJU,PR,ASO,ES,Towers with Radar,304,44,11,3,362,0,53,46,0,99,304,97,57,3,461,0,0,0,461
09/03/2006,SJU,PR,ASO,ES,Towers with Radar,295,36,15,1,347,0,50,21,0,71,295,86,36,1,418,0,0,0,418
09/04/2006,SJU,PR,ASO,ES,Towers with Radar,297,66,24,0,387,0,58,29,0,87,297,124,53,0,474,0,0,0,474
09/05/2006,SJU,PR,ASO,ES,Towers with Radar,299,76,36,1,412,0,56,42,0,98,299,132,78,1,510,0,0,0,510
09/06/2006,SJU,PR,ASO,ES,Towers with Radar,250,76,26,15,367,0,51,46,1,98,250,127,72,16,465,0,0,0,465
09/07/2006,SJU,PR,ASO,ES,Towers with Radar,235,67,39,3,344,0,62,42,0,104,235,129,81,3,448,0,0,0,448
09/08/2006,SJU,PR,ASO,ES,Towers with Radar,241,81,29,0,351,0,60,43,0,103,241,141,72,0,454,0,0,0,454
09/09/2006,SJU,PR,ASO,ES,Towers with Radar,242,41,9,4,296,0,58,27,0,85,242,99,36,4,381,0,0,0,381
09/10/2006,SJU,PR,ASO,ES,Towers with Radar,250,35,13,2,300,0,51,22,2,75,250,86,35,4,375,0,0,0,375
09/11/2006,SJU,PR,ASO,ES,Towers with Radar,248,73,33,0,354,0,67,56,0,123,248,140,89,0,477,0,0,0,477
09/12/2006,SJU,PR,ASO,ES,Towers with Radar,228,56,47,4,335,0,55,69,0,124,228,111,116,4,459,0,0,0,459
09/13/2006,SJU,PR,ASO,ES,Towers with Radar,231,57,24,6,318,0,48,38,3,89,231,105,62,9,407,0,0,0,407
09/14/2006,SJU,PR,ASO,ES,Towers with Radar,239,60,35,5,339,0,62,41,0,103,239,122,76,5,442,0,0,0,442
09/15/2006,SJU,PR,ASO,ES,Towers with Radar,236,78,40,2,356,0,48,55,0,103,236,126,95,2,459,0,0,0,459
09/16/2006,SJU,PR,ASO,ES,Towers with Radar,244,30,7,1,282,0,46,21,0,67,244,76,28,1,349,0,0,0,349
09/17/2006,SJU,PR,ASO,ES,Towers with Radar,238,24,9,1,272,0,49,20,0,69,238,73,29,1,341,0,0,0,341
09/18/2006,SJU,PR,ASO,ES,Towers with Radar,236,59,44,1,340,0,61,51,1,113,236,120,95,2,453,0,0,0,453
09/19/2006,SJU,PR,ASO,ES,Towers with Radar,246,58,28,0,332,0,55,55,1,111,246,113,83,1,443,0,0,0,443
09/20/2006,SJU,PR,ASO,ES,Towers with Radar,230,50,39,9,328,0,53,49,0,102,230,103,88,9,430,0,0,0,430
09/21/2006,SJU,PR,ASO,ES,Towers with Radar,241,63,60,5,369,0,61,16,0,77,241,124,76,5,446,0,0,0,446
09/22/2006,SJU,PR,ASO,ES,Towers with Radar,251,55,39,6,351,0,78,34,1,113,251,133,73,7,464,0,0,0,464
09/23/2006,SJU,PR,ASO,ES,Towers with Radar,230,32,9,4,275,0,68,16,1,85,230,100,25,5,360,0,0,0,360
09/24/2006,SJU,PR,ASO,ES,Towers with Radar,246,24,7,3,280,0,66,16,1,83,246,90,23,4,363,0,0,0,363
09/25/2006,SJU,PR,ASO,ES,Towers with Radar,229,55,36,2,322,0,73,27,1,101,229,128,63,3,423,0,0,0,423
09/26/2006,SJU,PR,ASO,ES,Towers with Radar,221,65,27,8,321,0,59,51,3,113,221,124,78,11,434,0,0,0,434
09/27/2006,SJU,PR,ASO,ES,Towers with Radar,240,51,26,4,321,0,64,65,0,129,240,115,91,4,450,0,0,0,450
09/28/2006,SJU,PR,ASO,ES,Towers with Radar,236,51,54,2,343,0,75,54,1,130,236,126,108,3,473,0,0,0,473
09/29/2006,SJU,PR,ASO,ES,Towers with Radar,246,60,41,3,350,0,70,39,0,109,246,130,80,3,459,0,0,0,459
09/30/2006,SJU,PR,ASO,ES,Towers with Radar,239,24,5,0,268,0,72,20,0,92,239,96,25,0,360,0,0,0,360
10/01/2006,SJU,PR,ASO,ES,Towers with Radar,249,23,11,0,283,0,56,12,0,68,249,79,23,0,351,0,0,0,351
10/02/2006,SJU,PR,ASO,ES,Towers with Radar,224,55,31,0,310,0,64,32,0,96,224,119,63,0,406,0,0,0,406
10/03/2006,SJU,PR,ASO,ES,Towers with Radar,233,43,27,1,304,0,79,49,0,128,233,122,76,1,432,0,0,0,432
10/04/2006,SJU,PR,ASO,ES,Towers with Radar,224,54,30,3,311,0,80,52,0,132,224,134,82,3,443,0,0,0,443
10/05/2006,SJU,PR,ASO,ES,Towers with Radar,260,55,59,3,377,0,86,53,0,139,260,141,112,3,516,0,0,0,516
10/06/2006,SJU,PR,ASO,ES,Towers with Radar,244,59,37,1,341,0,83,43,0,126,244,142,80,1,467,0,0,0,467
10/07/2006,SJU,PR,ASO,ES,Towers with Radar,232,21,9,3,265,0,88,30,0,118,232,109,39,3,383,0,0,0,383
10/08/2006,SJU,PR,ASO,ES,Towers with Radar,247,22,17,0,286,0,64,21,0,85,247,86,38,0,371,0,0,0,371
10/09/2006,SJU,PR,ASO,ES,Towers with Radar,238,55,33,2,328,0,68,24,0,92,238,123,57,2,420,0,0,0,420
10/10/2006,SJU,PR,ASO,ES,Towers with Radar,230,48,28,1,307,0,85,46,0,131,230,133,74,1,438,0,0,0,438
10/11/2006,SJU,PR,ASO,ES,Towers with Radar,228,51,43,3,325,0,80,41,0,121,228,131,84,3,446,0,0,0,446
10/12/2006,SJU,PR,ASO,ES,Towers with Radar,246,51,29,0,326,0,76,42,0,118,246,127,71,0,444,0,0,0,444
10/13/2006,SJU,PR,ASO,ES,Towers with Radar,230,67,45,2,344,0,95,41,0,136,230,162,86,2,480,0,0,0,480
10/14/2006,SJU,PR,ASO,ES,Towers with Radar,247,38,21,2,308,0,58,24,0,82,247,96,45,2,390,0,0,0,390
10/15/2006,SJU,PR,ASO,ES,Towers with Radar,274,33,22,3,332,0,67,38,0,105,274,100,60,3,437,0,0,0,437
10/16/2006,SJU,PR,ASO,ES,Towers with Radar,227,54,50,1,332,0,70,39,0,109,227,124,89,1,441,0,0,0,441
10/17/2006,SJU,PR,ASO,ES,Towers with Radar,244,64,67,4,379,0,80,51,1,132,244,144,118,5,511,0,0,0,511
10/18/2006,SJU,PR,ASO,ES,Towers with Radar,222,58,38,5,323,0,83,29,1,113,222,141,67,6,436,0,0,0,436
10/19/2006,SJU,PR,ASO,ES,Towers with Radar,245,54,39,2,340,0,77,35,1,113,245,131,74,3,453,0,0,0,453
10/20/2006,SJU,PR,ASO,ES,Towers with Radar,251,53,37,3,344,0,83,36,0,119,251,136,73,3,463,0,0,0,463
10/21/2006,SJU,PR,ASO,ES,Towers with Radar,242,25,13,8,288,0,77,27,0,104,242,102,40,8,392,0,0,0,392
10/22/2006,SJU,PR,ASO,ES,Towers with Radar,246,24,24,3,297,0,82,25,0,107,246,106,49,3,404,0,0,0,404
10/23/2006,SJU,PR,ASO,ES,Towers with Radar,230,48,43,5,326,0,85,27,0,112,230,133,70,5,438,0,0,0,438
10/24/2006,SJU,PR,ASO,ES,Towers with Radar,236,45,37,3,321,0,81,45,1,127,236,126,82,4,448,0,0,0,448
10/25/2006,SJU,PR,ASO,ES,Towers with Radar,227,58,40,15,340,0,93,35,3,131,227,151,75,18,471,0,0,0,471
10/26/2006,SJU,PR,ASO,ES,Towers with Radar,237,54,51,9,351,0,94,40,0,134,237,148,91,9,485,0,0,0,485
10/27/2006,SJU,PR,ASO,ES,Towers with Radar,241,73,47,1,362,0,85,27,0,112,241,158,74,1,474,0,0,0,474
10/28/2006,SJU,PR,ASO,ES,Towers with Radar,248,28,16,1,293,0,80,7,0,87,248,108,23,1,380,0,0,0,380
10/29/2006,SJU,PR,ASO,ES,Towers with Radar,266,17,23,0,306,0,87,12,1,100,266,104,35,1,406,0,0,0,406
10/30/2006,SJU,PR,ASO,ES,Towers with Radar,244,57,47,2,350,0,76,31,0,107,244,133,78,2,457,0,0,0,457
10/31/2006,SJU,PR,ASO,ES,Towers with Radar,243,71,31,4,349,0,89,47,0,136,243,160,78,4,485,0,0,0,485
11/01/2006,SJU,PR,ASO,ES,Towers with Radar,221,159,74,4,458,0,0,0,0,0,221,159,74,4,458,0,0,0,458
11/02/2006,SJU,PR,ASO,ES,Towers with Radar,242,67,58,7,374,0,108,36,0,144,242,175,94,7,518,0,0,0,518
11/03/2006,SJU,PR,ASO,ES,Towers with Radar,246,56,41,1,344,0,102,36,0,138,246,158,77,1,482,0,0,0,482
11/04/2006,SJU,PR,ASO,ES,Towers with Radar,266,42,15,3,326,0,77,24,0,101,266,119,39,3,427,0,0,0,427
11/05/2006,SJU,PR,ASO,ES,Towers with Radar,257,24,18,5,304,0,85,23,0,108,257,109,41,5,412,0,0,0,412
11/06/2006,SJU,PR,ASO,ES,Towers with Radar,239,52,29,1,321,0,94,19,5,118,239,146,48,6,439,0,0,0,439
11/07/2006,SJU,PR,ASO,ES,Towers with Radar,240,51,56,0,347,0,90,33,0,123,240,141,89,0,470,0,0,0,470
11/08/2006,SJU,PR,ASO,ES,Towers with Radar,234,58,31,2,325,0,93,39,0,132,234,151,70,2,457,0,0,0,457
11/09/2006,SJU,PR,ASO,ES,Towers with Radar,235,63,39,1,338,0,97,33,0,130,235,160,72,1,468,0,0,0,468
11/10/2006,SJU,PR,ASO,ES,Towers with Radar,263,55,51,0,369,0,101,46,0,147,263,156,97,0,516,0,0,0,516
11/11/2006,SJU,PR,ASO,ES,Towers with Radar,264,30,22,0,316,0,91,15,0,106,264,121,37,0,422,0,0,0,422
11/12/2006,SJU,PR,ASO,ES,Towers with Radar,270,21,22,3,316,0,88,14,1,103,270,109,36,4,419,0,0,0,419
11/13/2006,SJU,PR,ASO,ES,Towers with Radar,256,57,41,2,356,0,94,33,0,127,256,151,74,2,483,0,0,0,483
11/14/2006,SJU,PR,ASO,ES,Towers with Radar,247,53,41,1,342,0,84,42,2,128,247,137,83,3,470,0,0,0,470
11/15/2006,SJU,PR,ASO,ES,Towers with Radar,246,56,41,1,344,0,103,47,0,150,246,159,88,1,494,0,0,0,494
11/16/2006,SJU,PR,ASO,ES,Towers with Radar,265,54,45,6,370,0,117,41,0,158,265,171,86,6,528,0,0,0,528
11/17/2006,SJU,PR,ASO,ES,Towers with Radar,271,59,34,1,365,0,142,48,2,192,271,201,82,3,557,0,0,0,557
11/18/2006,SJU,PR,ASO,ES,Towers with Radar,291,32,16,1,340,0,139,43,0,182,291,171,59,1,522,0,0,0,522
11/19/2006,SJU,PR,ASO,ES,Towers with Radar,294,27,17,3,341,0,119,14,0,133,294,146,31,3,474,0,0,0,474
11/20/2006,SJU,PR,ASO,ES,Towers with Radar,273,60,45,3,381,0,106,27,0,133,273,166,72,3,514,0,0,0,514
11/21/2006,SJU,PR,ASO,ES,Towers with Radar,260,51,34,0,345,0,114,42,2,158,260,165,76,2,503,0,0,0,503
11/22/2006,SJU,PR,ASO,ES,Towers with Radar,288,61,44,2,395,0,114,50,0,164,288,175,94,2,559,0,0,0,559
11/23/2006,SJU,PR,ASO,ES,Towers with Radar,282,48,18,1,349,0,101,20,0,121,282,149,38,1,470,0,0,0,470
11/24/2006,SJU,PR,ASO,ES,Towers with Radar,269,66,47,2,384,0,116,41,0,157,269,182,88,2,541,0,0,0,541
11/25/2006,SJU,PR,ASO,ES,Towers with Radar,320,39,21,1,381,0,135,37,0,172,320,174,58,1,553,0,0,0,553
11/26/2006,SJU,PR,ASO,ES,Towers with Radar,326,37,33,3,399,0,149,51,0,200,326,186,84,3,599,0,0,0,599
11/27/2006,SJU,PR,ASO,ES,Towers with Radar,263,57,38,3,361,0,107,42,0,149,263,164,80,3,510,0,0,0,510
11/28/2006,SJU,PR,ASO,ES,Towers with Radar,286,69,48,4,407,0,94,24,3,121,286,163,72,7,528,0,0,0,528
11/29/2006,SJU,PR,ASO,ES,Towers with Radar,258,69,31,7,365,0,86,40,1,127,258,155,71,8,492,0,0,0,492
11/30/2006,SJU,PR,ASO,ES,Towers with Radar,277,65,42,0,384,0,114,37,1,152,277,179,79,1,536,0,0,0,536
12/01/2006,SJU,PR,ASO,ES,Towers with Radar,0,0,0,0,0,262,174,0,0,436,262,174,0,0,436,0,0,0,436
12/02/2006,SJU,PR,ASO,ES,Towers with Radar,288,31,14,9,342,0,120,29,0,149,288,151,43,9,491,0,0,0,491
12/03/2006,SJU,PR,ASO,ES,Towers with Radar,288,24,8,2,322,0,93,30,0,123,288,117,38,2,445,0,0,0,445
12/04/2006,SJU,PR,ASO,ES,Towers with Radar,209,57,47,2,315,0,110,38,0,148,209,167,85,2,463,0,0,0,463
12/05/2006,SJU,PR,ASO,ES,Towers with Radar,256,56,50,0,362,0,108,31,0,139,256,164,81,0,501,0,0,0,501
12/06/2006,SJU,PR,ASO,ES,Towers with Radar,258,56,34,12,360,0,83,40,1,124,258,139,74,13,484,0,0,0,484
12/07/2006,SJU,PR,ASO,ES,Towers with Radar,267,68,55,4,394,0,107,43,0,150,267,175,98,4,544,0,0,0,544
12/08/2006,SJU,PR,ASO,ES,Towers with Radar,274,71,56,1,402,0,105,48,0,153,274,176,104,1,555,0,0,0,555
12/09/2006,SJU,PR,ASO,ES,Towers with Radar,287,34,38,1,360,0,130,35,0,165,287,164,73,1,525,0,0,0,525
12/10/2006,SJU,PR,ASO,ES,Towers with Radar,266,24,19,2,311,0,106,16,0,122,266,130,35,2,433,0,0,0,433
12/11/2006,SJU,PR,ASO,ES,Towers with Radar,256,58,70,1,385,0,126,48,0,174,256,184,118,1,559,0,0,0,559
12/12/2006,SJU,PR,ASO,ES,Towers with Radar,253,57,54,4,368,0,102,30,1,133,253,159,84,5,501,0,0,0,501
12/13/2006,SJU,PR,ASO,ES,Towers with Radar,262,73,63,3,401,0,102,39,1,142,262,175,102,4,543,0,0,0,543
12/14/2006,SJU,PR,ASO,ES,Towers with Radar,298,77,41,3,419,0,124,52,0,176,298,201,93,3,595,0,0,0,595
12/15/2006,SJU,PR,ASO,ES,Towers with Radar,324,72,56,4,456,0,120,46,2,168,324,192,102,6,624,0,0,0,624
12/16/2006,SJU,PR,ASO,ES,Towers with Radar,367,25,29,6,427,0,119,36,0,155,367,144,65,6,582,0,0,0,582
12/17/2006,SJU,PR,ASO,ES,Towers with Radar,369,21,44,6,440,0,101,22,1,124,369,122,66,7,564,0,0,0,564
12/18/2006,SJU,PR,ASO,ES,Towers with Radar,317,67,51,9,444,0,129,23,0,152,317,196,74,9,596,0,0,0,596
12/19/2006,SJU,PR,ASO,ES,Towers with Radar,314,59,44,2,419,0,144,42,2,188,314,203,86,4,607,0,0,0,607
12/20/2006,SJU,PR,ASO,ES,Towers with Radar,330,63,50,3,446,0,162,53,3,218,330,225,103,6,664,0,0,0,664
12/21/2006,SJU,PR,ASO,ES,Towers with Radar,342,76,46,2,466,0,146,49,2,197,342,222,95,4,663,0,0,0,663
12/22/2006,SJU,PR,ASO,ES,Towers with Radar,344,70,48,0,462,0,158,80,0,238,344,228,128,0,700,0,0,0,700
12/23/2006,SJU,PR,ASO,ES,Towers with Radar,375,38,56,0,469,0,180,55,0,235,375,218,111,0,704,0,0,0,704
12/24/2006,SJU,PR,ASO,ES,Towers with Radar,334,21,25,0,380,0,116,20,0,136,334,137,45,0,516,0,0,0,516
12/25/2006,SJU,PR,ASO,ES,Towers with Radar,262,19,12,0,293,0,127,13,0,140,262,146,25,0,433,0,0,0,433
12/26/2006,SJU,PR,ASO,ES,Towers with Radar,304,48,52,1,405,0,185,60,0,245,304,233,112,1,650,0,0,0,650
12/27/2006,SJU,PR,ASO,ES,Towers with Radar,336,65,55,4,460,0,141,60,0,201,336,206,115,4,661,0,0,0,661
12/28/2006,SJU,PR,ASO,ES,Towers with Radar,346,66,50,1,463,0,123,67,0,190,346,189,117,1,653,0,0,0,653
12/29/2006,SJU,PR,ASO,ES,Towers with Radar,332,80,59,0,471,0,138,45,0,183,332,218,104,0,654,0,0,0,654
12/30/2006,SJU,PR,ASO,ES,Towers with Radar,381,29,42,6,458,0,137,49,0,186,381,166,91,6,644,0,0,0,644
12/31/2006,SJU,PR,ASO,ES,Towers with Radar,344,31,20,1,396,0,117,28,0,145,344,148,48,1,541,0,0,0,541
01/01/2007,SJU,PR,ASO,ES,Towers with Radar,296,31,35,0,362,0,130,44,0,174,296,161,79,0,536,0,0,0,536
01/02/2007,SJU,PR,ASO,ES,Towers with Radar,342,77,85,2,506,0,146,79,0,225,342,223,164,2,731,0,0,0,731
01/03/2007,SJU,PR,ASO,ES,Towers with Radar,352,54,66,9,481,0,149,62,0,211,352,203,128,9,692,0,0,0,692
01/04/2007,SJU,PR,ASO,ES,Towers with Radar,342,65,44,2,453,0,150,53,0,203,342,215,97,2,656,0,0,0,656
01/05/2007,SJU,PR,ASO,ES,Towers with Radar,370,72,34,0,476,0,145,46,0,191,370,217,80,0,667,0,0,0,667
01/06/2007,SJU,PR,ASO,ES,Towers with Radar,378,35,33,0,446,0,153,56,0,209,378,188,89,0,655,0,0,0,655
01/07/2007,SJU,PR,ASO,ES,Towers with Radar,360,31,31,0,422,0,159,38,0,197,360,190,69,0,619,0,0,0,619
01/08/2007,SJU,PR,ASO,ES,Towers with Radar,320,63,45,1,429,0,130,49,2,181,320,193,94,3,610,0,0,0,610
01/09/2007,SJU,PR,ASO,ES,Towers with Radar,310,55,46,3,414,0,142,37,0,179,310,197,83,3,593,0,0,0,593
01/10/2007,SJU,PR,ASO,ES,Towers with Radar,312,43,33,5,393,0,149,53,0,202,312,192,86,5,595,0,0,0,595
01/11/2007,SJU,PR,ASO,ES,Towers with Radar,323,83,54,3,463,0,150,43,0,193,323,233,97,3,656,0,0,0,656
01/12/2007,SJU,PR,ASO,ES,Towers with Radar,304,85,61,3,453,0,123,57,0,180,304,208,118,3,633,0,0,0,633
01/13/2007,SJU,PR,ASO,ES,Towers with Radar,347,33,29,7,416,0,129,53,0,182,347,162,82,7,598,0,0,0,598
01/14/2007,SJU,PR,ASO,ES,Towers with Radar,327,24,12,2,365,0,119,31,0,150,327,143,43,2,515,0,0,0,515
01/15/2007,SJU,PR,ASO,ES,Towers with Radar,293,52,48,4,397,0,122,36,0,158,293,174,84,4,555,0,0,0,555
01/16/2007,SJU,PR,ASO,ES,Towers with Radar,302,47,45,9,403,0,121,44,1,166,302,168,89,10,569,0,0,0,569
01/17/2007,SJU,PR,ASO,ES,Towers with Radar,283,38,55,10,386,0,105,39,0,144,283,143,94,10,530,0,0,0,530
01/18/2007,SJU,PR,ASO,ES,Towers with Radar,303,52,41,3,399,0,125,36,0,161,303,177,77,3,560,0,0,0,560
01/19/2007,SJU,PR,ASO,ES,Towers with Radar,303,58,30,3,394,0,0,0,0,0,303,58,30,3,394,0,0,0,394
01/20/2007,SJU,PR,ASO,ES,Towers with Radar,391,19,15,4,429,0,148,39,2,189,391,167,54,6,618,0,0,0,618
01/21/2007,SJU,PR,ASO,ES,Towers with Radar,337,12,17,7,373,0,127,32,0,159,337,139,49,7,532,0,0,0,532
01/22/2007,SJU,PR,ASO,ES,Towers with Radar,295,47,52,1,395,0,127,43,0,170,295,174,95,1,565,0,0,0,565
01/23/2007,SJU,PR,ASO,ES,Towers with Radar,0,0,0,0,0,300,146,100,8,554,300,146,100,8,554,70,2,72,626
01/24/2007,SJU,PR,ASO,ES,Towers with Radar,273,45,50,2,370,0,103,39,0,142,273,148,89,2,512,0,0,0,512
01/25/2007,SJU,PR,ASO,ES,Towers with Radar,308,44,53,1,406,0,144,61,0,205,308,188,114,1,611,0,0,0,611
01/26/2007,SJU,PR,ASO,ES,Towers with Radar,296,49,38,0,383,0,128,48,0,176,296,177,86,0,559,0,0,0,559
01/27/2007,SJU,PR,ASO,ES,Towers with Radar,334,19,14,4,371,0,134,34,0,168,334,153,48,4,539,0,0,0,539
01/28/2007,SJU,PR,ASO,ES,Towers with Radar,330,14,26,2,372,0,135,22,0,157,330,149,48,2,529,0,0,0,529
01/29/2007,SJU,PR,ASO,ES,Towers with Radar,286,49,41,2,378,0,126,37,0,163,286,175,78,2,541,0,0,0,541
01/30/2007,SJU,PR,ASO,ES,Towers with Radar,290,37,34,3,364,0,124,51,0,175,290,161,85,3,539,0,0,0,539
01/31/2007,SJU,PR,ASO,ES,Towers with Radar,284,48,49,7,388,0,124,35,0,159,284,172,84,7,547,0,0,0,547
02/01/2007,SJU,PR,ASO,ES,Towers with Radar,291,49,33,1,374,0,153,39,0,192,291,202,72,1,566,0,0,0,566
02/02/2007,SJU,PR,ASO,ES,Towers with Radar,297,52,47,1,397,0,122,43,0,165,297,174,90,1,562,0,0,0,562
02/03/2007,SJU,PR,ASO,ES,Towers with Radar,321,13,30,1,365,0,151,47,0,198,321,164,77,1,563,0,0,0,563
02/04/2007,SJU,PR,ASO,ES,Towers with Radar,329,11,9,2,351,0,116,19,0,135,329,127,28,2,486,0,0,0,486
02/05/2007,SJU,PR,ASO,ES,Towers with Radar,264,59,22,3,348,0,79,34,1,114,264,138,56,4,462,0,0,0,462
02/06/2007,SJU,PR,ASO,ES,Towers with Radar,305,49,47,1,402,0,117,45,0,162,305,166,92,1,564,0,0,0,564
02/07/2007,SJU,PR,ASO,ES,Towers with Radar,289,38,52,6,385,0,126,52,0,178,289,164,104,6,563,0,0,0,563
02/08/2007,SJU,PR,ASO,ES,Towers with Radar,294,46,40,3,383,0,147,29,0,176,294,193,69,3,559,0,0,0,559
02/09/2007,SJU,PR,ASO,ES,Towers with Radar,298,45,60,3,406,0,152,55,0,207,298,197,115,3,613,0,0,0,613
02/10/2007,SJU,PR,ASO,ES,Towers with Radar,344,26,27,5,402,0,177,69,0,246,344,203,96,5,648,0,0,0,648
02/11/2007,SJU,PR,ASO,ES,Towers with Radar,334,13,24,0,371,0,149,39,1,189,334,162,63,1,560,0,0,0,560
02/12/2007,SJU,PR,ASO,ES,Towers with Radar,279,43,59,7,388,0,137,35,0,172,279,180,94,7,560,0,0,0,560
02/13/2007,SJU,PR,ASO,ES,Towers with Radar,293,30,51,2,376,0,125,52,1,178,293,155,103,3,554,0,0,0,554
02/14/2007,SJU,PR,ASO,ES,Towers with Radar,260,44,32,4,340,0,132,55,2,189,260,176,87,6,529,0,0,0,529
02/15/2007,SJU,PR,ASO,ES,Towers with Radar,214,57,43,1,315,61,157,69,0,287,275,214,112,1,602,0,0,0,602
02/16/2007,SJU,PR,ASO,ES,Towers with Radar,300,48,66,3,417,0,177,82,0,259,300,225,148,3,676,0,0,0,676
02/17/2007,SJU,PR,ASO,ES,Towers with Radar,356,31,41,1,429,0,192,100,1,293,356,223,141,2,722,0,0,0,722
02/18/2007,SJU,PR,ASO,ES,Towers with Radar,324,13,20,0,357,0,145,34,0,179,324,158,54,0,536,0,0,0,536
02/19/2007,SJU,PR,ASO,ES,Towers with Radar,294,64,32,2,392,0,119,43,0,162,294,183,75,2,554,0,0,0,554
02/20/2007,SJU,PR,ASO,ES,Towers with Radar,305,116,41,3,465,0,64,27,0,91,305,180,68,3,556,0,0,0,556
02/21/2007,SJU,PR,ASO,ES,Towers with Radar,308,74,34,2,418,0,126,61,3,190,308,200,95,5,608,0,0,0,608
02/22/2007,SJU,PR,ASO,ES,Towers with Radar,290,42,39,2,373,0,142,48,0,190,290,184,87,2,563,0,0,0,563
02/23/2007,SJU,PR,ASO,ES,Towers with Radar,311,63,50,11,435,0,169,60,0,229,311,232,110,11,664,0,0,0,664
02/24/2007,SJU,PR,ASO,ES,Towers with Radar,366,10,24,4,404,0,190,65,0,255,366,200,89,4,659,0,0,0,659
02/25/2007,SJU,PR,ASO,ES,Towers with Radar,321,13,23,2,359,0,148,52,0,200,321,161,75,2,559,0,0,0,559
02/26/2007,SJU,PR,ASO,ES,Towers with Radar,283,50,41,4,378,0,153,59,1,213,283,203,100,5,591,0,0,0,591
02/27/2007,SJU,PR,ASO,ES,Towers with Radar,311,46,46,2,405,0,142,63,3,208,311,188,109,5,613,0,0,0,613
02/28/2007,SJU,PR,ASO,ES,Towers with Radar,289,47,48,6,390,0,143,57,0,200,289,190,105,6,590,0,0,0,590
03/01/2007,SJU,PR,ASO,ES,Towers with Radar,287,50,48,6,391,0,151,49,4,204,287,201,97,10,595,0,0,0,595
03/02/2007,SJU,PR,ASO,ES,Towers with Radar,292,50,52,10,404,0,146,53,0,199,292,196,105,10,603,0,0,0,603
03/03/2007,SJU,PR,ASO,ES,Towers with Radar,322,27,26,3,378,0,141,56,0,197,322,168,82,3,575,0,0,0,575
03/04/2007,SJU,PR,ASO,ES,Towers with Radar,332,24,19,13,388,0,127,45,1,173,332,151,64,14,561,0,0,0,561
03/05/2007,SJU,PR,ASO,ES,Towers with Radar,288,51,33,4,376,0,143,42,0,185,288,194,75,4,561,0,0,0,561
03/06/2007,SJU,PR,ASO,ES,Towers with Radar,286,51,36,14,387,0,131,59,2,192,286,182,95,16,579,0,0,0,579
03/07/2007,SJU,PR,ASO,ES,Towers with Radar,281,35,24,12,352,0,143,56,0,199,281,178,80,12,551,0,0,0,551
03/08/2007,SJU,PR,ASO,ES,Towers with Radar,278,59,78,12,427,0,154,47,0,201,278,213,125,12,628,0,0,0,628
03/09/2007,SJU,PR,ASO,ES,Towers with Radar,288,49,49,3,389,0,132,71,0,203,288,181,120,3,592,0,0,0,592
03/10/2007,SJU,PR,ASO,ES,Towers with Radar,355,15,19,9,398,0,180,88,1,269,355,195,107,10,667,0,0,0,667
03/11/2007,SJU,PR,ASO,ES,Towers with Radar,347,14,19,8,388,0,155,52,0,207,347,169,71,8,595,0,0,0,595
03/12/2007,SJU,PR,ASO,ES,Towers with Radar,300,53,41,13,407,0,158,42,4,204,300,211,83,17,611,0,0,0,611
03/13/2007,SJU,PR,ASO,ES,Towers with Radar,291,57,63,11,422,0,120,60,0,180,291,177,123,11,602,0,0,0,602
03/14/2007,SJU,PR,ASO,ES,Towers with Radar,280,39,20,15,354,0,142,37,2,181,280,181,57,17,535,0,0,0,535
03/15/2007,SJU,PR,ASO,ES,Towers with Radar,280,73,37,15,405,0,141,50,0,191,280,214,87,15,596,0,0,0,596
03/16/2007,SJU,PR,ASO,ES,Towers with Radar,279,63,33,3,378,0,165,52,0,217,279,228,85,3,595,0,0,0,595
03/17/2007,SJU,PR,ASO,ES,Towers with Radar,251,24,38,2,315,0,153,65,0,218,251,177,103,2,533,0,0,0,533
03/18/2007,SJU,PR,ASO,ES,Towers with Radar,322,14,31,1,368,0,147,56,0,203,322,161,87,1,571,0,0,0,571
03/19/2007,SJU,PR,ASO,ES,Towers with Radar,279,45,42,5,371,0,153,52,4,209,279,198,94,9,580,0,0,0,580
03/20/2007,SJU,PR,ASO,ES,Towers with Radar,282,43,40,9,374,0,141,55,1,197,282,184,95,10,571,0,0,0,571
03/21/2007,SJU,PR,ASO,ES,Towers with Radar,283,52,38,7,380,0,150,54,0,204,283,202,92,7,584,0,0,0,584
03/22/2007,SJU,PR,ASO,ES,Towers with Radar,279,48,37,4,368,0,156,47,0,203,279,204,84,4,571,0,0,0,571
03/23/2007,SJU,PR,ASO,ES,Towers with Radar,311,46,55,3,415,0,181,62,0,243,311,227,117,3,658,0,0,0,658
03/24/2007,SJU,PR,ASO,ES,Towers with Radar,334,12,25,5,376,0,160,64,0,224,334,172,89,5,600,0,0,0,600
03/25/2007,SJU,PR,ASO,ES,Towers with Radar,327,13,35,3,378,0,151,53,0,204,327,164,88,3,582,0,0,0,582
03/26/2007,SJU,PR,ASO,ES,Towers with Radar,296,51,34,4,385,0,135,41,0,176,296,186,75,4,561,0,0,0,561
03/27/2007,SJU,PR,ASO,ES,Towers with Radar,283,51,33,5,372,0,110,34,0,144,283,161,67,5,516,0,0,0,516
03/28/2007,SJU,PR,ASO,ES,Towers with Radar,295,62,34,5,396,0,119,42,1,162,295,181,76,6,558,0,0,0,558
03/29/2007,SJU,PR,ASO,ES,Towers with Radar,300,49,41,6,396,0,142,51,0,193,300,191,92,6,589,0,0,0,589
03/30/2007,SJU,PR,ASO,ES,Towers with Radar,305,82,44,0,431,0,144,50,0,194,305,226,94,0,625,0,0,0,625
03/31/2007,SJU,PR,ASO,ES,Towers with Radar,346,41,37,3,427,0,165,67,0,232,346,206,104,3,659,0,0,0,659
04/01/2007,SJU,PR,ASO,ES,Towers with Radar,321,11,19,0,351,0,149,43,0,192,321,160,62,0,543,0,0,0,543
04/02/2007,SJU,PR,ASO,ES,Towers with Radar,296,55,27,4,382,0,147,56,1,204,296,202,83,5,586,0,0,0,586
04/03/2007,SJU,PR,ASO,ES,Towers with Radar,298,49,42,6,395,0,124,42,1,167,298,173,84,7,562,0,0,0,562
04/04/2007,SJU,PR,ASO,ES,Towers with Radar,307,76,58,10,451,0,103,61,2,166,307,179,119,12,617,0,0,0,617
04/05/2007,SJU,PR,ASO,ES,Towers with Radar,299,44,48,6,397,0,145,59,0,204,299,189,107,6,601,0,0,0,601
04/06/2007,SJU,PR,ASO,ES,Towers with Radar,307,17,13,1,338,0,141,24,0,165,307,158,37,1,503,0,0,0,503
04/07/2007,SJU,PR,ASO,ES,Towers with Radar,334,22,23,5,384,0,158,59,0,217,334,180,82,5,601,0,0,0,601
04/08/2007,SJU,PR,ASO,ES,Towers with Radar,329,22,24,10,385,0,148,46,0,194,329,170,70,10,579,0,0,0,579
04/09/2007,SJU,PR,ASO,ES,Towers with Radar,296,41,39,4,380,0,148,62,0,210,296,189,101,4,590,0,0,0,590
04/10/2007,SJU,PR,ASO,ES,Towers with Radar,301,45,40,26,412,0,116,51,0,167,301,161,91,26,579,0,0,0,579
04/11/2007,SJU,PR,ASO,ES,Towers with Radar,286,39,44,11,380,0,115,47,0,162,286,154,91,11,542,0,0,0,542
04/12/2007,SJU,PR,ASO,ES,Towers with Radar,296,48,37,2,383,0,140,29,0,169,296,188,66,2,552,0,0,0,552
04/13/2007,SJU,PR,ASO,ES,Towers with Radar,307,42,41,1,391,0,138,53,0,191,307,180,94,1,582,0,0,0,582
04/14/2007,SJU,PR,ASO,ES,Towers with Radar,329,17,23,0,369,0,155,55,0,210,329,172,78,0,579,0,0,0,579
04/15/2007,SJU,PR,ASO,ES,Towers with Radar,317,9,24,3,353,0,126,39,0,165,317,135,63,3,518,0,0,0,518
04/16/2007,SJU,PR,ASO,ES,Towers with Radar,287,42,37,0,366,0,123,43,0,166,287,165,80,0,532,0,0,0,532
04/17/2007,SJU,PR,ASO,ES,Towers with Radar,296,42,41,6,385,0,119,36,3,158,296,161,77,9,543,0,0,0,543
04/18/2007,SJU,PR,ASO,ES,Towers with Radar,282,81,51,4,418,0,69,57,0,126,282,150,108,4,544,0,0,0,544
04/19/2007,SJU,PR,ASO,ES,Towers with Radar,317,40,48,4,409,0,132,36,0,168,317,172,84,4,577,0,0,0,577
04/20/2007,SJU,PR,ASO,ES,Towers with Radar,321,53,35,4,413,0,120,35,0,155,321,173,70,4,568,0,0,0,568
04/21/2007,SJU,PR,ASO,ES,Towers with Radar,319,39,24,4,386,0,133,41,0,174,319,172,65,4,560,0,0,0,560
04/22/2007,SJU,PR,ASO,ES,Towers with Radar,316,41,29,9,395,0,92,17,1,110,316,133,46,10,505,0,0,0,505
04/23/2007,SJU,PR,ASO,ES,Towers with Radar,282,117,56,13,468,0,19,17,0,36,282,136,73,13,504,0,0,0,504
04/24/2007,SJU,PR,ASO,ES,Towers with Radar,293,75,35,13,416,0,51,25,0,76,293,126,60,13,492,0,0,0,492
04/25/2007,SJU,PR,ASO,ES,Towers with Radar,251,42,53,3,349,0,97,28,0,125,251,139,81,3,474,0,0,0,474
04/26/2007,SJU,PR,ASO,ES,Towers with Radar,291,73,57,5,426,0,82,32,0,114,291,155,89,5,540,0,0,0,540
04/27/2007,SJU,PR,ASO,ES,Towers with Radar,299,59,67,3,428,0,119,43,0,162,299,178,110,3,590,0,0,0,590
04/28/2007,SJU,PR,ASO,ES,Towers with Radar,314,9,20,2,345,0,124,32,0,156,314,133,52,2,501,0,0,0,501
04/29/2007,SJU,PR,ASO,ES,Towers with Radar,318,11,22,4,355,0,100,40,0,140,318,111,62,4,495,0,0,0,495
04/30/2007,SJU,PR,ASO,ES,Towers with Radar,293,55,23,0,371,0,127,33,0,160,293,182,56,0,531,0,0,0,531
05/01/2007,SJU,PR,ASO,ES,Towers with Radar,294,62,48,5,409,0,76,31,0,107,294,138,79,5,516,0,0,0,516
05/02/2007,SJU,PR,ASO,ES,Towers with Radar,281,43,38,5,367,0,93,36,0,129,281,136,74,5,496,0,0,0,496
05/03/2007,SJU,PR,ASO,ES,Towers with Radar,282,53,67,11,413,0,105,37,1,143,282,158,104,12,556,0,0,0,556
05/04/2007,SJU,PR,ASO,ES,Towers with Radar,297,43,45,3,388,0,111,41,1,153,297,154,86,4,541,0,0,0,541
05/05/2007,SJU,PR,ASO,ES,Towers with Radar,308,16,31,9,364,0,95,31,10,136,308,111,62,19,500,0,0,0,500
05/06/2007,SJU,PR,ASO,ES,Towers with Radar,315,16,25,12,368,0,89,32,0,121,315,105,57,12,489,0,0,0,489
05/07/2007,SJU,PR,ASO,ES,Towers with Radar,282,62,36,3,383,0,115,66,18,199,282,177,102,21,582,0,0,0,582
05/08/2007,SJU,PR,ASO,ES,Towers with Radar,277,65,49,6,397,0,81,61,1,143,277,146,110,7,540,0,0,0,540
05/09/2007,SJU,PR,ASO,ES,Towers with Radar,265,55,45,5,370,0,92,59,1,152,265,147,104,6,522,0,0,0,522
05/10/2007,SJU,PR,ASO,ES,Towers with Radar,285,49,36,10,380,0,117,50,0,167,285,166,86,10,547,0,0,0,547
05/11/2007,SJU,PR,ASO,ES,Towers with Radar,292,55,51,4,402,0,106,53,0,159,292,161,104,4,561,0,0,0,561
05/12/2007,SJU,PR,ASO,ES,Towers with Radar,302,18,32,5,357,0,97,23,0,120,302,115,55,5,477,0,0,0,477
05/13/2007,SJU,PR,ASO,ES,Towers with Radar,279,9,16,0,304,0,73,16,0,89,279,82,32,0,393,0,0,0,393
05/14/2007,SJU,PR,ASO,ES,Towers with Radar,262,40,32,0,334,0,111,39,1,151,262,151,71,1,485,0,0,0,485
05/15/2007,SJU,PR,ASO,ES,Towers with Radar,275,44,42,0,361,0,115,35,2,152,275,159,77,2,513,0,0,0,513
05/16/2007,SJU,PR,ASO,ES,Towers with Radar,268,47,32,4,351,0,101,40,0,141,268,148,72,4,492,0,0,0,492
05/17/2007,SJU,PR,ASO,ES,Towers with Radar,294,42,35,5,376,0,106,52,0,158,294,148,87,5,534,0,0,0,534
05/18/2007,SJU,PR,ASO,ES,Towers with Radar,284,67,36,6,393,0,113,45,3,161,284,180,81,9,554,0,0,0,554
05/19/2007,SJU,PR,ASO,ES,Towers with Radar,299,38,19,7,363,0,98,25,0,123,299,136,44,7,486,0,0,0,486
05/20/2007,SJU,PR,ASO,ES,Towers with Radar,307,28,27,3,365,0,90,49,0,139,307,118,76,3,504,0,0,0,504
05/21/2007,SJU,PR,ASO,ES,Towers with Radar,281,40,40,1,362,0,112,45,2,159,281,152,85,3,521,0,0,0,521
05/22/2007,SJU,PR,ASO,ES,Towers with Radar,285,50,46,14,395,0,118,57,10,185,285,168,103,24,580,0,0,0,580
05/23/2007,SJU,PR,ASO,ES,Towers with Radar,281,43,43,10,377,0,104,54,1,159,281,147,97,11,536,0,0,0,536
05/24/2007,SJU,PR,ASO,ES,Towers with Radar,280,57,45,18,400,0,101,57,3,161,280,158,102,21,561,0,0,0,561
05/25/2007,SJU,PR,ASO,ES,Towers with Radar,322,40,41,3,406,0,122,57,3,182,322,162,98,6,588,0,0,0,588
05/26/2007,SJU,PR,ASO,ES,Towers with Radar,306,19,21,0,346,0,116,44,0,160,306,135,65,0,506,0,0,0,506
05/27/2007,SJU,PR,ASO,ES,Towers with Radar,316,9,11,0,336,0,100,26,0,126,316,109,37,0,462,0,0,0,462
05/28/2007,SJU,PR,ASO,ES,Towers with Radar,309,22,30,1,362,0,91,28,0,119,309,113,58,1,481,0,0,0,481
05/29/2007,SJU,PR,ASO,ES,Towers with Radar,274,42,25,4,345,0,104,38,0,142,274,146,63,4,487,0,0,0,487
05/30/2007,SJU,PR,ASO,ES,Towers with Radar,268,44,34,9,355,0,98,40,1,139,268,142,74,10,494,0,0,0,494
05/31/2007,SJU,PR,ASO,ES,Towers with Radar,298,43,41,5,387,0,107,47,3,157,298,150,88,8,544,0,0,0,544
06/01/2007,SJU,PR,ASO,ES,Towers with Radar,295,48,40,0,383,0,95,49,0,144,295,143,89,0,527,0,0,0,527
06/02/2007,SJU,PR,ASO,ES,Towers with Radar,319,13,30,4,366,0,104,45,0,149,319,117,75,4,515,0,0,0,515
06/03/2007,SJU,PR,ASO,ES,Towers with Radar,316,11,10,1,338,0,71,31,0,102,316,82,41,1,440,0,0,0,440
06/04/2007,SJU,PR,ASO,ES,Towers with Radar,308,51,30,1,390,0,85,50,1,136,308,136,80,2,526,0,0,0,526
06/05/2007,SJU,PR,ASO,ES,Towers with Radar,288,33,47,3,371,0,75,51,3,129,288,108,98,6,500,0,0,0,500
06/06/2007,SJU,PR,ASO,ES,Towers with Radar,288,38,50,4,380,0,76,54,1,131,288,114,104,5,511,0,0,0,511
06/07/2007,SJU,PR,ASO,ES,Towers with Radar,293,46,31,2,372,0,81,47,7,135,293,127,78,9,507,0,0,0,507
06/08/2007,SJU,PR,ASO,ES,Towers with Radar,310,48,35,5,398,0,74,44,1,119,310,122,79,6,517,0,0,0,517
06/09/2007,SJU,PR,ASO,ES,Towers with Radar,329,12,25,1,367,0,90,39,0,129,329,102,64,1,496,0,0,0,496
06/10/2007,SJU,PR,ASO,ES,Towers with Radar,330,11,24,6,371,0,60,38,1,99,330,71,62,7,470,0,0,0,470
06/11/2007,SJU,PR,ASO,ES,Towers with Radar,308,38,43,5,394,0,86,49,0,135,308,124,92,5,529,0,0,0,529
06/12/2007,SJU,PR,ASO,ES,Towers with Radar,303,32,49,1,385,0,77,52,0,129,303,109,101,1,514,0,0,0,514
06/13/2007,SJU,PR,ASO,ES,Towers with Radar,298,48,29,2,377,0,45,47,1,93,298,93,76,3,470,0,0,0,470
06/14/2007,SJU,PR,ASO,ES,Towers with Radar,313,37,32,7,389,0,42,65,1,108,313,79,97,8,497,0,0,0,497
06/15/2007,SJU,PR,ASO,ES,Towers with Radar,324,38,36,1,399,0,43,60,0,103,324,81,96,1,502,0,0,0,502
06/16/2007,SJU,PR,ASO,ES,Towers with Radar,331,6,17,7,361,0,49,42,0,91,331,55,59,7,452,0,0,0,452
06/17/2007,SJU,PR,ASO,ES,Towers with Radar,344,7,6,1,358,0,47,28,0,75,344,54,34,1,433,0,0,0,433
06/18/2007,SJU,PR,ASO,ES,Towers with Radar,332,38,35,1,406,0,81,51,0,132,332,119,86,1,538,0,0,0,538
06/19/2007,SJU,PR,ASO,ES,Towers with Radar,305,28,57,13,403,0,74,42,2,118,305,102,99,15,521,0,0,0,521
06/20/2007,SJU,PR,ASO,ES,Towers with Radar,307,40,63,10,420,0,91,54,4,149,307,131,117,14,569,0,0,0,569
06/21/2007,SJU,PR,ASO,ES,Towers with Radar,345,41,43,1,430,0,83,47,1,131,345,124,90,2,561,0,0,0,561
06/22/2007,SJU,PR,ASO,ES,Towers with Radar,332,39,40,6,417,0,80,43,4,127,332,119,83,10,544,0,0,0,544
06/23/2007,SJU,PR,ASO,ES,Towers with Radar,347,12,19,1,379,0,96,32,0,128,347,108,51,1,507,0,0,0,507
06/24/2007,SJU,PR,ASO,ES,Towers with Radar,337,9,21,1,368,0,77,27,0,104,337,86,48,1,472,0,0,0,472
06/25/2007,SJU,PR,ASO,ES,Towers with Radar,322,36,53,1,412,0,87,66,0,153,322,123,119,1,565,0,0,0,565
06/26/2007,SJU,PR,ASO,ES,Towers with Radar,314,47,54,1,416,0,73,64,5,142,314,120,118,6,558,0,0,0,558
06/27/2007,SJU,PR,ASO,ES,Towers with Radar,301,35,43,4,383,0,81,65,2,148,301,116,108,6,531,0,0,0,531
06/28/2007,SJU,PR,ASO,ES,Towers with Radar,308,39,46,6,399,0,75,65,5,145,308,114,111,11,544,0,0,0,544
06/29/2007,SJU,PR,ASO,ES,Towers with Radar,334,40,39,5,418,0,86,53,2,141,334,126,92,7,559,0,0,0,559
06/30/2007,SJU,PR,ASO,ES,Towers with Radar,343,20,17,6,386,0,89,49,0,138,343,109,66,6,524,0,0,0,524
07/01/2007,SJU,PR,ASO,ES,Towers with Radar,346,16,11,5,378,0,85,39,0,124,346,101,50,5,502,0,0,0,502
07/02/2007,SJU,PR,ASO,ES,Towers with Radar,321,35,42,0,398,0,71,47,0,118,321,106,89,0,516,0,0,0,516
07/03/2007,SJU,PR,ASO,ES,Towers with Radar,315,34,44,2,395,0,62,53,4,119,315,96,97,6,514,0,0,0,514
07/04/2007,SJU,PR,ASO,ES,Towers with Radar,294,26,12,2,334,0,61,23,0,84,294,87,35,2,418,0,0,0,418
07/05/2007,SJU,PR,ASO,ES,Towers with Radar,313,33,35,7,388,0,68,40,1,109,313,101,75,8,497,0,0,0,497
07/06/2007,SJU,PR,ASO,ES,Towers with Radar,339,45,45,3,432,0,72,41,2,115,339,117,86,5,547,0,0,0,547
07/07/2007,SJU,PR,ASO,ES,Towers with Radar,329,23,36,0,388,0,73,34,0,107,329,96,70,0,495,0,0,0,495
07/08/2007,SJU,PR,ASO,ES,Towers with Radar,333,5,21,5,364,0,77,51,0,128,333,82,72,5,492,0,0,0,492
07/09/2007,SJU,PR,ASO,ES,Towers with Radar,322,36,64,2,424,0,67,51,0,118,322,103,115,2,542,0,0,0,542
07/10/2007,SJU,PR,ASO,ES,Towers with Radar,305,35,52,7,399,0,62,61,1,124,305,97,113,8,523,0,0,0,523
07/11/2007,SJU,PR,ASO,ES,Towers with Radar,346,16,11,5,378,0,85,39,0,124,346,101,50,5,502,0,0,0,502
07/12/2007,SJU,PR,ASO,ES,Towers with Radar,317,42,37,6,402,0,60,66,3,129,317,102,103,9,531,0,0,0,531
07/13/2007,SJU,PR,ASO,ES,Towers with Radar,311,40,27,4,382,0,81,47,4,132,311,121,74,8,514,0,0,0,514
07/14/2007,SJU,PR,ASO,ES,Towers with Radar,347,6,7,2,362,0,74,24,0,98,347,80,31,2,460,0,0,0,460
07/15/2007,SJU,PR,ASO,ES,Towers with Radar,343,10,20,4,377,0,70,31,0,101,343,80,51,4,478,0,0,0,478
07/16/2007,SJU,PR,ASO,ES,Towers with Radar,316,40,41,0,397,0,66,36,0,102,316,106,77,0,499,0,0,0,499
07/17/2007,SJU,PR,ASO,ES,Towers with Radar,301,52,26,10,389,0,51,53,2,106,301,103,79,12,495,0,0,0,495
07/18/2007,SJU,PR,ASO,ES,Towers with Radar,298,40,47,7,392,0,63,38,4,105,298,103,85,11,497,0,0,0,497
07/19/2007,SJU,PR,ASO,ES,Towers with Radar,307,45,33,8,393,0,54,49,3,106,307,99,82,11,499,0,0,0,499
07/20/2007,SJU,PR,ASO,ES,Towers with Radar,325,43,39,3,410,0,74,48,2,124,325,117,87,5,534,0,0,0,534
07/21/2007,SJU,PR,ASO,ES,Towers with Radar,344,14,21,5,384,0,77,32,0,109,344,91,53,5,493,0,0,0,493
07/22/2007,SJU,PR,ASO,ES,Towers with Radar,353,26,20,1,400,0,60,26,0,86,353,86,46,1,486,0,0,0,486
07/23/2007,SJU,PR,ASO,ES,Towers with Radar,320,37,60,3,420,0,73,58,0,131,320,110,118,3,551,0,0,0,551
07/24/2007,SJU,PR,ASO,ES,Towers with Radar,308,36,61,6,411,0,72,57,4,133,308,108,118,10,544,0,0,0,544
07/25/2007,SJU,PR,ASO,ES,Towers with Radar,314,34,34,3,385,0,69,44,1,114,314,103,78,4,499,0,0,0,499
07/26/2007,SJU,PR,ASO,ES,Towers with Radar,314,46,36,0,396,0,66,62,4,132,314,112,98,4,528,0,0,0,528
07/27/2007,SJU,PR,ASO,ES,Towers with Radar,331,45,49,5,430,0,73,71,3,147,331,118,120,8,577,0,0,0,577
07/28/2007,SJU,PR,ASO,ES,Towers with Radar,334,8,41,4,387,0,80,69,2,151,334,88,110,6,538,0,0,0,538
07/29/2007,SJU,PR,ASO,ES,Towers with Radar,350,3,31,0,384,0,75,43,0,118,350,78,74,0,502,0,0,0,502
07/30/2007,SJU,PR,ASO,ES,Towers with Radar,328,41,51,2,422,0,71,52,0,123,328,112,103,2,545,0,0,0,545
07/31/2007,SJU,PR,ASO,ES,Towers with Radar,307,97,96,6,506,0,0,0,0,0,307,97,96,6,506,0,0,0,506
08/01/2007,SJU,PR,ASO,ES,Towers with Radar,313,36,42,10,401,0,54,57,1,112,313,90,99,11,513,0,0,0,513
08/02/2007,SJU,PR,ASO,ES,Towers with Radar,315,38,43,9,405,0,64,61,4,129,315,102,104,13,534,0,0,0,534
08/03/2007,SJU,PR,ASO,ES,Towers with Radar,330,45,46,0,421,0,71,61,0,132,330,116,107,0,553,0,0,0,553
08/04/2007,SJU,PR,ASO,ES,Towers with Radar,319,10,16,0,345,0,73,42,0,115,319,83,58,0,460,0,0,0,460
08/05/2007,SJU,PR,ASO,ES,Towers with Radar,315,25,19,1,360,0,77,40,0,117,315,102,59,1,477,0,0,0,477
08/06/2007,SJU,PR,ASO,ES,Towers with Radar,314,40,47,2,403,0,66,59,2,127,314,106,106,4,530,0,0,0,530
08/07/2007,SJU,PR,ASO,ES,Towers with Radar,294,64,33,2,393,0,36,32,0,68,294,100,65,2,461,0,0,0,461
08/08/2007,SJU,PR,ASO,ES,Towers with Radar,301,47,58,18,424,0,71,45,5,121,301,118,103,23,545,0,0,0,545
08/09/2007,SJU,PR,ASO,ES,Towers with Radar,314,44,49,5,412,0,66,60,9,135,314,110,109,14,547,0,0,0,547
08/10/2007,SJU,PR,ASO,ES,Towers with Radar,316,48,40,0,404,0,72,54,3,129,316,120,94,3,533,0,0,0,533
08/11/2007,SJU,PR,ASO,ES,Towers with Radar,308,13,16,5,342,0,63,21,0,84,308,76,37,5,426,0,0,0,426
08/12/2007,SJU,PR,ASO,ES,Towers with Radar,310,15,39,1,365,0,73,30,0,103,310,88,69,1,468,0,0,0,468
08/13/2007,SJU,PR,ASO,ES,Towers with Radar,309,37,37,8,391,0,56,44,0,100,309,93,81,8,491,0,0,0,491
08/14/2007,SJU,PR,ASO,ES,Towers with Radar,304,33,52,4,393,0,65,61,0,126,304,98,113,4,519,0,0,0,519
08/15/2007,SJU,PR,ASO,ES,Towers with Radar,293,35,47,6,381,0,70,60,1,131,293,105,107,7,512,0,0,0,512
08/16/2007,SJU,PR,ASO,ES,Towers with Radar,297,49,44,9,399,0,67,93,1,161,297,116,137,10,560,0,0,0,560
08/17/2007,SJU,PR,ASO,ES,Towers with Radar,274,22,27,11,334,0,69,55,0,124,274,91,82,11,458,0,0,0,458
08/18/2007,SJU,PR,ASO,ES,Towers with Radar,305,27,12,1,345,0,45,29,0,74,305,72,41,1,419,0,0,0,419
08/19/2007,SJU,PR,ASO,ES,Towers with Radar,332,9,19,10,370,0,65,25,15,105,332,74,44,25,475,0,0,0,475
08/20/2007,SJU,PR,ASO,ES,Towers with Radar,295,43,42,5,385,0,64,33,0,97,295,107,75,5,482,0,0,0,482
08/21/2007,SJU,PR,ASO,ES,Towers with Radar,304,39,55,12,410,0,65,77,5,147,304,104,132,17,557,0,0,0,557
08/22/2007,SJU,PR,ASO,ES,Towers with Radar,288,39,40,2,369,0,65,45,0,110,288,104,85,2,479,0,0,0,479
08/23/2007,SJU,PR,ASO,ES,Towers with Radar,298,41,61,12,412,0,58,51,0,109,298,99,112,12,521,0,0,0,521
08/24/2007,SJU,PR,ASO,ES,Towers with Radar,297,50,35,12,394,0,58,35,2,95,297,108,70,14,489,0,0,0,489
08/25/2007,SJU,PR,ASO,ES,Towers with Radar,296,11,23,3,333,0,68,35,0,103,296,79,58,3,436,0,0,0,436
08/26/2007,SJU,PR,ASO,ES,Towers with Radar,315,6,9,5,335,0,57,20,0,77,315,63,29,5,412,0,0,0,412
08/27/2007,SJU,PR,ASO,ES,Towers with Radar,289,35,34,6,364,0,65,43,0,108,289,100,77,6,472,0,0,0,472
08/28/2007,SJU,PR,ASO,ES,Towers with Radar,297,35,48,8,388,0,60,42,0,102,297,95,90,8,490,0,0,0,490
08/29/2007,SJU,PR,ASO,ES,Towers with Radar,287,38,48,8,381,0,53,83,4,140,287,91,131,12,521,0,0,0,521
08/30/2007,SJU,PR,ASO,ES,Towers with Radar,321,38,52,5,416,0,62,47,0,109,321,100,99,5,525,0,0,0,525
08/31/2007,SJU,PR,ASO,ES,Towers with Radar,325,45,36,5,411,0,58,50,0,108,325,103,86,5,519,0,0,0,519
09/01/2007,SJU,PR,ASO,ES,Towers with Radar,293,8,26,4,331,0,62,38,1,101,293,70,64,5,432,0,0,0,432
09/02/2007,SJU,PR,ASO,ES,Towers with Radar,304,6,13,1,324,0,41,21,0,62,304,47,34,1,386,0,0,0,386
09/03/2007,SJU,PR,ASO,ES,Towers with Radar,272,41,32,3,348,0,68,40,0,108,272,109,72,3,456,0,0,0,456
09/04/2007,SJU,PR,ASO,ES,Towers with Radar,290,33,32,11,366,0,61,45,0,106,290,94,77,11,472,0,0,0,472
09/05/2007,SJU,PR,ASO,ES,Towers with Radar,248,43,65,8,364,0,53,49,4,106,248,96,114,12,470,0,0,0,470
09/06/2007,SJU,PR,ASO,ES,Towers with Radar,255,31,53,2,341,0,58,57,0,115,255,89,110,2,456,0,0,0,456
09/07/2007,SJU,PR,ASO,ES,Towers with Radar,267,31,33,2,333,0,58,29,1,88,267,89,62,3,421,0,0,0,421
09/08/2007,SJU,PR,ASO,ES,Towers with Radar,256,11,29,10,306,0,53,31,0,84,256,64,60,10,390,0,0,0,390
09/09/2007,SJU,PR,ASO,ES,Towers with Radar,244,6,31,0,281,0,45,25,0,70,244,51,56,0,351,0,0,0,351
09/10/2007,SJU,PR,ASO,ES,Towers with Radar,245,40,52,0,337,0,49,32,5,86,245,89,84,5,423,0,0,0,423
09/11/2007,SJU,PR,ASO,ES,Towers with Radar,265,26,40,6,337,0,62,50,3,115,265,88,90,9,452,0,0,0,452
09/12/2007,SJU,PR,ASO,ES,Towers with Radar,185,44,38,6,273,0,53,50,1,104,185,97,88,7,377,0,0,0,377
09/13/2007,SJU,PR,ASO,ES,Towers with Radar,170,29,32,7,238,0,47,49,2,98,170,76,81,9,336,0,0,0,336
09/14/2007,SJU,PR,ASO,ES,Towers with Radar,260,32,59,3,354,0,59,45,0,104,260,91,104,3,458,0,0,0,458
09/15/2007,SJU,PR,ASO,ES,Towers with Radar,257,10,9,4,280,0,50,40,0,90,257,60,49,4,370,0,0,0,370
09/16/2007,SJU,PR,ASO,ES,Towers with Radar,252,6,19,0,277,0,42,24,0,66,252,48,43,0,343,0,0,0,343
09/17/2007,SJU,PR,ASO,ES,Towers with Radar,236,42,44,4,326,0,42,57,1,100,236,84,101,5,426,0,0,0,426
09/18/2007,SJU,PR,ASO,ES,Towers with Radar,241,52,34,13,340,0,58,42,1,101,241,110,76,14,441,0,0,0,441
09/19/2007,SJU,PR,ASO,ES,Towers with Radar,237,48,35,7,327,0,59,50,0,109,237,107,85,7,436,0,0,0,436
09/20/2007,SJU,PR,ASO,ES,Towers with Radar,244,47,49,4,344,0,56,50,0,106,244,103,99,4,450,0,0,0,450
09/21/2007,SJU,PR,ASO,ES,Towers with Radar,245,40,46,7,338,0,57,45,1,103,245,97,91,8,441,0,0,0,441
09/22/2007,SJU,PR,ASO,ES,Towers with Radar,244,9,23,5,281,0,49,42,0,91,244,58,65,5,372,0,0,0,372
09/23/2007,SJU,PR,ASO,ES,Towers with Radar,256,4,23,3,286,0,45,14,0,59,256,49,37,3,345,0,0,0,345
09/24/2007,SJU,PR,ASO,ES,Towers with Radar,241,39,41,0,321,0,68,35,0,103,241,107,76,0,424,0,0,0,424
09/25/2007,SJU,PR,ASO,ES,Towers with Radar,240,31,51,4,326,0,63,60,1,124,240,94,111,5,450,0,0,0,450
09/26/2007,SJU,PR,ASO,ES,Towers with Radar,236,39,60,3,338,0,52,39,1,92,236,91,99,4,430,0,0,0,430
09/27/2007,SJU,PR,ASO,ES,Towers with Radar,245,30,56,20,351,0,59,46,0,105,245,89,102,20,456,0,0,0,456
09/28/2007,SJU,PR,ASO,ES,Towers with Radar,250,49,41,1,341,0,59,40,0,99,250,108,81,1,440,0,0,0,440
09/29/2007,SJU,PR,ASO,ES,Towers with Radar,256,10,8,1,275,0,58,35,0,93,256,68,43,1,368,0,0,0,368
09/30/2007,SJU,PR,ASO,ES,Towers with Radar,256,15,11,1,283,0,43,14,2,59,256,58,25,3,342,0,0,0,342
10/01/2007,SJU,PR,ASO,ES,Towers with Radar,238,44,60,2,344,0,64,63,0,127,238,132,123,2,495,0,0,0,515
10/02/2007,SJU,PR,ASO,ES,Towers with Radar,237,40,39,0,316,0,55,40,0,95,237,120,79,0,436,0,0,0,479
10/03/2007,SJU,PR,ASO,ES,Towers with Radar,245,50,38,4,337,0,65,39,2,106,245,137,77,6,465,0,0,0,500
10/04/2007,SJU,PR,ASO,ES,Towers with Radar,255,43,40,4,342,0,68,72,0,140,255,133,112,4,504,0,0,0,532
10/05/2007,SJU,PR,ASO,ES,Towers with Radar,248,49,35,0,332,0,70,45,1,116,248,148,80,1,477,0,0,0,520
10/06/2007,SJU,PR,ASO,ES,Towers with Radar,260,11,18,1,290,0,74,31,0,105,260,107,49,1,417,0,0,0,465
10/07/2007,SJU,PR,ASO,ES,Towers with Radar,265,7,14,3,289,0,49,27,0,76,265,72,41,3,381,0,0,0,403
10/08/2007,SJU,PR,ASO,ES,Towers with Radar,248,35,28,0,311,0,46,22,0,68,248,119,50,0,417,0,0,0,446
10/09/2007,SJU,PR,ASO,ES,Towers with Radar,241,34,46,13,334,0,62,49,7,118,241,122,95,20,478,0,0,0,516
10/10/2007,SJU,PR,ASO,ES,Towers with Radar,245,52,48,11,356,0,65,55,3,123,245,140,103,14,502,0,0,0,536
10/11/2007,SJU,PR,ASO,ES,Towers with Radar,237,44,31,5,317,0,62,65,0,127,237,132,96,5,470,0,0,0,498
10/12/2007,SJU,PR,ASO,ES,Towers with Radar,253,44,37,3,337,0,66,51,4,121,253,135,88,7,483,0,0,0,543
10/13/2007,SJU,PR,ASO,ES,Towers with Radar,256,11,20,5,292,0,55,29,1,85,256,95,49,6,406,0,0,0,447
10/14/2007,SJU,PR,ASO,ES,Towers with Radar,240,7,12,8,267,0,49,17,0,66,240,79,29,8,356,0,0,0,396
10/15/2007,SJU,PR,ASO,ES,Towers with Radar,241,40,34,2,317,0,60,43,0,103,241,125,77,2,445,0,0,0,472
10/16/2007,SJU,PR,ASO,ES,Towers with Radar,242,34,29,3,308,0,65,48,0,113,242,119,77,3,441,0,0,0,469
10/17/2007,SJU,PR,ASO,ES,Towers with Radar,239,34,30,8,311,0,55,46,2,103,239,123,76,10,448,0,0,0,467
10/18/2007,SJU,PR,ASO,ES,Towers with Radar,231,47,58,4,340,0,74,41,2,117,231,144,99,6,480,0,0,0,509
10/19/2007,SJU,PR,ASO,ES,Towers with Radar,250,41,33,5,329,0,67,60,1,128,250,139,93,6,488,0,0,0,529
10/20/2007,SJU,PR,ASO,ES,Towers with Radar,246,10,18,7,281,0,58,37,0,95,246,86,55,7,394,0,0,0,435
10/21/2007,SJU,PR,ASO,ES,Towers with Radar,264,10,10,0,284,0,58,31,0,89,264,87,41,0,392,0,0,0,419
10/22/2007,SJU,PR,ASO,ES,Towers with Radar,245,35,49,2,331,0,65,53,0,118,245,127,102,2,476,0,0,0,507
10/23/2007,SJU,PR,ASO,ES,Towers with Radar,250,36,47,7,340,0,81,38,4,123,250,136,85,11,482,0,0,0,510
10/24/2007,SJU,PR,ASO,ES,Towers with Radar,245,45,48,3,341,0,70,55,0,125,245,141,103,3,492,0,0,0,514
10/25/2007,SJU,PR,ASO,ES,Towers with Radar,260,64,49,5,378,0,55,30,0,85,260,136,79,5,480,0,0,0,508
10/26/2007,SJU,PR,ASO,ES,Towers with Radar,237,56,29,2,324,0,44,35,0,79,237,128,64,2,431,0,0,0,462
10/27/2007,SJU,PR,ASO,ES,Towers with Radar,255,37,29,4,325,0,33,16,0,49,255,72,45,4,376,0,0,0,383
10/28/2007,SJU,PR,ASO,ES,Towers with Radar,269,32,6,0,307,0,29,14,0,43,269,70,20,0,359,0,0,0,364
10/29/2007,SJU,PR,ASO,ES,Towers with Radar,236,57,37,1,331,0,53,22,0,75,236,133,59,1,429,0,0,0,454
10/30/2007,SJU,PR,ASO,ES,Towers with Radar,247,55,40,7,349,0,60,34,0,94,247,136,74,7,464,0,0,0,490
10/31/2007,SJU,PR,ASO,ES,Towers with Radar,241,50,45,9,345,0,62,54,3,119,241,136,99,12,488,0,0,0,531
11/01/2007,SJU,PR,ASO,ES,Towers with Radar,249,41,38,3,331,0,72,41,0,113,249,139,79,3,470,0,0,0,505
11/02/2007,SJU,PR,ASO,ES,Towers with Radar,264,49,33,2,348,0,78,68,0,146,264,158,101,2,525,0,0,0,561
11/03/2007,SJU,PR,ASO,ES,Towers with Radar,260,43,10,8,321,0,72,37,0,109,260,141,47,8,456,0,0,0,502
11/04/2007,SJU,PR,ASO,ES,Towers with Radar,277,10,14,2,303,0,68,28,0,96,277,97,42,2,418,0,0,0,453
11/05/2007,SJU,PR,ASO,ES,Towers with Radar,260,50,38,10,358,0,65,54,5,124,260,137,92,15,504,0,0,0,532
11/06/2007,SJU,PR,ASO,ES,Towers with Radar,266,43,49,3,361,0,62,75,0,137,266,124,124,3,517,0,0,0,546
11/07/2007,SJU,PR,ASO,ES,Towers with Radar,282,48,36,7,373,0,74,59,3,136,282,142,95,10,529,0,0,0,559
11/08/2007,SJU,PR,ASO,ES,Towers with Radar,257,47,34,3,341,0,78,59,1,138,257,145,93,4,499,0,0,0,547
11/09/2007,SJU,PR,ASO,ES,Towers with Radar,281,42,43,6,372,0,75,54,0,129,281,143,97,6,527,0,0,0,586
11/10/2007,SJU,PR,ASO,ES,Towers with Radar,283,8,7,6,304,0,73,43,0,116,283,100,50,6,439,0,0,0,483
11/11/2007,SJU,PR,ASO,ES,Towers with Radar,289,6,18,1,314,0,68,33,0,101,289,92,51,1,433,0,0,0,466
11/12/2007,SJU,PR,ASO,ES,Towers with Radar,266,63,38,0,367,0,61,36,0,97,266,150,74,0,490,0,0,0,517
11/13/2007,SJU,PR,ASO,ES,Towers with Radar,272,60,41,3,376,0,61,35,2,98,272,147,76,5,500,0,0,0,529
11/14/2007,SJU,PR,ASO,ES,Towers with Radar,271,36,41,8,356,0,74,44,12,130,271,133,85,20,509,0,0,0,550
11/15/2007,SJU,PR,ASO,ES,Towers with Radar,278,45,71,5,399,0,75,43,1,119,278,147,114,6,545,0,0,0,588
11/16/2007,SJU,PR,ASO,ES,Towers with Radar,289,48,37,9,383,0,92,51,3,146,289,174,88,12,563,0,0,0,610
11/17/2007,SJU,PR,ASO,ES,Towers with Radar,314,25,15,16,370,0,110,68,0,178,314,161,83,16,574,0,0,0,620
11/18/2007,SJU,PR,ASO,ES,Towers with Radar,299,9,18,11,337,0,95,34,4,133,299,125,52,15,491,0,0,0,515
11/19/2007,SJU,PR,ASO,ES,Towers with Radar,290,70,58,6,424,0,53,51,0,104,290,151,109,6,556,0,0,0,583
11/20/2007,SJU,PR,ASO,ES,Towers with Radar,295,55,55,3,408,0,66,47,0,113,295,147,102,3,547,0,0,0,577
11/21/2007,SJU,PR,ASO,ES,Towers with Radar,304,56,50,3,413,0,75,44,0,119,304,162,94,3,563,0,0,0,604
11/22/2007,SJU,PR,ASO,ES,Towers with Radar,260,24,8,1,293,0,77,8,0,85,260,132,16,1,409,0,0,0,423
11/23/2007,SJU,PR,ASO,ES,Towers with Radar,256,33,26,0,315,0,122,49,0,171,256,182,75,0,513,0,0,0,554
11/24/2007,SJU,PR,ASO,ES,Towers with Radar,309,15,15,0,339,0,111,59,0,170,309,157,74,0,540,0,0,0,575
11/25/2007,SJU,PR,ASO,ES,Towers with Radar,324,22,27,0,373,0,112,71,0,183,324,162,98,0,584,0,0,0,614
11/26/2007,SJU,PR,ASO,ES,Towers with Radar,298,55,49,3,405,0,88,63,0,151,298,177,112,3,590,0,0,0,613
11/27/2007,SJU,PR,ASO,ES,Towers with Radar,287,41,35,17,380,0,86,59,2,147,287,156,94,19,556,0,0,0,592
11/28/2007,SJU,PR,ASO,ES,Towers with Radar,313,49,28,6,396,0,77,74,0,151,313,152,102,6,573,0,0,0,622
11/29/2007,SJU,PR,ASO,ES,Towers with Radar,277,55,41,4,377,0,85,48,0,133,277,163,89,4,533,0,0,0,575
11/30/2007,SJU,PR,ASO,ES,Towers with Radar,289,59,30,3,381,0,75,52,0,127,289,156,82,3,530,0,0,0,560
12/01/2007,SJU,PR,ASO,ES,Towers with Radar,294,20,21,6,341,0,87,60,0,147,294,126,81,6,507,0,0,0,542
12/02/2007,SJU,PR,ASO,ES,Towers with Radar,280,22,20,2,324,0,67,27,1,95,280,113,47,3,443,0,0,0,461
12/03/2007,SJU,PR,ASO,ES,Towers with Radar,284,46,41,0,371,0,86,67,1,154,284,154,108,1,547,0,0,0,594
12/04/2007,SJU,PR,ASO,ES,Towers with Radar,280,52,50,15,397,0,69,54,7,130,280,143,104,22,549,0,0,0,581
12/05/2007,SJU,PR,ASO,ES,Towers with Radar,271,50,48,5,374,0,73,44,0,117,271,146,92,5,514,0,0,0,561
12/06/2007,SJU,PR,ASO,ES,Towers with Radar,295,47,66,9,417,0,93,34,0,127,295,164,100,9,568,0,0,0,603
12/07/2007,SJU,PR,ASO,ES,Towers with Radar,298,62,63,2,425,0,89,62,0,151,298,185,125,2,610,0,0,0,649
12/08/2007,SJU,PR,ASO,ES,Towers with Radar,313,28,24,5,370,0,94,47,3,144,313,138,71,8,530,0,0,0,566
12/09/2007,SJU,PR,ASO,ES,Towers with Radar,296,15,11,0,322,0,86,28,0,114,296,124,39,0,459,0,0,0,480
12/10/2007,SJU,PR,ASO,ES,Towers with Radar,274,55,64,1,394,0,67,47,0,114,274,146,111,1,532,0,0,0,553
12/11/2007,SJU,PR,ASO,ES,Towers with Radar,289,70,50,10,419,0,48,25,0,73,289,141,75,10,515,0,0,0,520
12/12/2007,SJU,PR,ASO,ES,Towers with Radar,282,57,42,7,388,0,77,58,0,135,282,159,100,7,548,0,0,0,575
12/13/2007,SJU,PR,ASO,ES,Towers with Radar,285,57,50,9,401,0,82,59,1,142,285,165,109,10,569,0,0,0,599
12/14/2007,SJU,PR,ASO,ES,Towers with Radar,309,63,38,0,410,0,82,40,0,122,309,179,78,0,566,0,0,0,595
12/15/2007,SJU,PR,ASO,ES,Towers with Radar,348,29,19,6,402,0,92,29,0,121,348,144,48,6,546,0,0,0,599
12/16/2007,SJU,PR,ASO,ES,Towers with Radar,304,9,27,2,342,0,95,35,0,130,304,124,62,2,492,0,0,0,512
12/17/2007,SJU,PR,ASO,ES,Towers with Radar,316,65,43,0,424,0,110,64,0,174,316,205,107,0,628,0,0,0,653
12/18/2007,SJU,PR,ASO,ES,Towers with Radar,326,56,53,4,439,0,107,51,0,158,326,193,104,4,627,0,0,0,653
12/19/2007,SJU,PR,ASO,ES,Towers with Radar,313,83,42,6,444,0,100,59,2,161,313,211,101,8,633,0,0,0,688
12/20/2007,SJU,PR,ASO,ES,Towers with Radar,324,53,59,4,440,0,134,74,1,209,324,217,133,5,679,0,0,0,717
12/21/2007,SJU,PR,ASO,ES,Towers with Radar,326,69,61,0,456,0,157,65,1,223,326,253,126,1,706,0,0,0,750
12/22/2007,SJU,PR,ASO,ES,Towers with Radar,354,20,59,1,434,0,156,48,0,204,354,209,107,1,671,0,0,0,720
12/23/2007,SJU,PR,ASO,ES,Towers with Radar,345,12,47,0,404,0,128,58,0,186,345,162,105,0,612,0,0,0,643
12/24/2007,SJU,PR,ASO,ES,Towers with Radar,289,51,25,0,365,0,111,40,0,151,289,188,65,0,542,0,0,0,572
12/25/2007,SJU,PR,ASO,ES,Towers with Radar,261,8,10,0,279,0,88,22,0,110,261,117,32,0,410,0,0,0,422
12/26/2007,SJU,PR,ASO,ES,Towers with Radar,317,27,49,1,394,0,142,85,0,227,317,202,134,1,654,0,0,0,679
12/27/2007,SJU,PR,ASO,ES,Towers with Radar,330,51,49,0,430,0,146,97,0,243,330,226,146,0,702,0,0,0,736
12/28/2007,SJU,PR,ASO,ES,Towers with Radar,311,49,38,3,401,0,148,70,0,218,311,228,108,3,650,0,0,0,692
12/29/2007,SJU,PR,ASO,ES,Towers with Radar,355,12,50,5,422,0,148,50,0,198,355,187,100,5,647,0,0,0,699
12/30/2007,SJU,PR,ASO,ES,Towers with Radar,338,25,33,0,396,0,125,43,8,176,338,180,76,8,602,0,0,0,659
12/31/2007,SJU,PR,ASO,ES,Towers with Radar,288,25,28,5,346,0,115,44,0,159,288,159,72,5,524,0,0,0,565
01/01/2008,SJU,PR,ASO,ES,Towers with Radar,284,24,29,1,338,0,116,28,0,144,284,158,57,1,500,0,0,0,532
01/02/2008,SJU,PR,ASO,ES,Towers with Radar,321,46,59,11,437,0,134,58,0,192,321,218,117,11,667,0,0,0,703
01/03/2008,SJU,PR,ASO,ES,Towers with Radar,324,41,51,0,416,0,145,73,0,218,324,216,124,0,664,0,0,0,706
01/04/2008,SJU,PR,ASO,ES,Towers with Radar,331,39,37,0,407,0,173,78,0,251,331,244,115,0,690,0,0,0,730
01/05/2008,SJU,PR,ASO,ES,Towers with Radar,340,27,28,0,395,0,158,72,0,230,340,205,100,0,645,0,0,0,683
01/06/2008,SJU,PR,ASO,ES,Towers with Radar,321,58,53,0,432,0,107,47,0,154,321,178,100,0,599,0,0,0,613
01/07/2008,SJU,PR,ASO,ES,Towers with Radar,310,42,47,6,405,0,113,39,0,152,310,191,86,6,593,0,0,0,636
01/08/2008,SJU,PR,ASO,ES,Towers with Radar,297,45,46,4,392,0,106,59,2,167,297,171,105,6,579,0,0,0,617
01/09/2008,SJU,PR,ASO,ES,Towers with Radar,287,41,47,4,379,0,109,52,0,161,287,171,99,4,561,0,0,0,591
01/10/2008,SJU,PR,ASO,ES,Towers with Radar,296,50,47,4,397,0,116,48,0,164,296,191,95,4,586,0,0,0,620
01/11/2008,SJU,PR,ASO,ES,Towers with Radar,291,38,35,2,366,0,121,46,0,167,291,187,81,2,561,0,0,0,605
01/12/2008,SJU,PR,ASO,ES,Towers with Radar,315,15,20,6,356,0,138,56,0,194,315,177,76,6,574,0,0,0,616
01/13/2008,SJU,PR,ASO,ES,Towers with Radar,304,13,28,1,346,0,96,39,0,135,304,129,67,1,501,0,0,0,525
01/14/2008,SJU,PR,ASO,ES,Towers with Radar,282,40,50,2,374,0,102,51,0,153,282,161,101,2,546,0,0,0,576
01/15/2008,SJU,PR,ASO,ES,Towers with Radar,259,47,32,1,339,0,110,54,0,164,259,179,86,1,525,0,0,0,554
01/16/2008,SJU,PR,ASO,ES,Towers with Radar,258,55,27,16,356,0,98,70,1,169,258,174,97,17,546,0,0,0,578
01/17/2008,SJU,PR,ASO,ES,Towers with Radar,273,68,47,14,402,0,114,62,1,177,273,208,109,15,605,0,0,0,640
01/18/2008,SJU,PR,ASO,ES,Towers with Radar,277,73,36,15,401,0,101,44,39,184,277,209,80,54,620,0,0,0,640
01/19/2008,SJU,PR,ASO,ES,Towers with Radar,298,21,29,2,350,0,1459,51,0,1510,298,1518,80,2,1898,0,0,0,1931
01/20/2008,SJU,PR,ASO,ES,Towers with Radar,300,45,11,2,358,0,98,24,0,122,300,169,35,2,506,0,0,0,537
01/21/2008,SJU,PR,ASO,ES,Towers with Radar,259,98,28,1,386,0,44,14,0,58,259,156,42,1,458,0,0,0,473
01/22/2008,SJU,PR,ASO,ES,Towers with Radar,257,48,39,1,345,0,113,44,0,157,257,190,83,1,531,0,0,0,564
01/23/2008,SJU,PR,ASO,ES,Towers with Radar,259,55,51,6,371,0,103,66,0,169,259,185,117,6,567,0,0,0,612
01/24/2008,SJU,PR,ASO,ES,Towers with Radar,274,48,46,4,372,0,115,59,0,174,274,191,105,4,574,0,0,0,610
01/25/2008,SJU,PR,ASO,ES,Towers with Radar,266,64,42,6,378,0,114,58,2,174,266,208,100,8,582,0,0,0,619
01/26/2008,SJU,PR,ASO,ES,Towers with Radar,290,32,17,1,340,0,134,55,6,195,290,197,72,7,566,0,0,0,620
01/27/2008,SJU,PR,ASO,ES,Towers with Radar,296,14,21,10,341,0,118,38,0,156,296,150,59,10,515,0,0,0,547
01/28/2008,SJU,PR,ASO,ES,Towers with Radar,271,38,43,4,356,0,107,56,0,163,271,176,99,4,550,0,0,0,591
01/29/2008,SJU,PR,ASO,ES,Towers with Radar,255,59,35,5,354,0,104,45,2,151,255,186,80,7,528,0,0,0,552
01/30/2008,SJU,PR,ASO,ES,Towers with Radar,262,51,37,6,356,0,106,60,1,167,262,185,97,7,551,0,0,0,587
01/31/2008,SJU,PR,ASO,ES,Towers with Radar,260,41,37,3,341,0,129,62,0,191,260,199,99,3,561,0,0,0,587
02/01/2008,SJU,PR,ASO,ES,Towers with Radar,277,57,53,3,390,0,115,51,2,168,277,201,104,5,587,0,0,0,627
02/02/2008,SJU,PR,ASO,ES,Towers with Radar,287,24,36,0,347,0,131,45,0,176,287,184,81,0,552,0,0,0,601
02/03/2008,SJU,PR,ASO,ES,Towers with Radar,306,15,25,10,356,0,100,34,0,134,306,140,59,10,515,0,0,0,542
02/04/2008,SJU,PR,ASO,ES,Towers with Radar,274,58,34,0,366,0,94,72,0,166,274,179,106,0,559,0,0,0,583
02/05/2008,SJU,PR,ASO,ES,Towers with Radar,261,33,32,3,329,0,115,57,0,172,261,173,89,3,526,0,0,0,554
02/06/2008,SJU,PR,ASO,ES,Towers with Radar,270,60,40,3,373,0,91,42,0,133,270,178,82,3,533,0,0,0,562
02/07/2008,SJU,PR,ASO,ES,Towers with Radar,267,45,55,7,374,0,109,62,1,172,267,177,117,8,569,0,0,0,589
02/08/2008,SJU,PR,ASO,ES,Towers with Radar,279,48,41,24,392,0,143,58,38,239,279,223,99,62,663,0,0,0,713
02/09/2008,SJU,PR,ASO,ES,Towers with Radar,286,22,29,8,345,0,151,58,1,210,286,195,87,9,577,0,0,0,615
02/10/2008,SJU,PR,ASO,ES,Towers with Radar,301,21,21,1,344,0,134,51,0,185,301,174,72,1,548,0,0,0,579
02/11/2008,SJU,PR,ASO,ES,Towers with Radar,273,55,37,2,367,0,110,83,1,194,273,184,120,3,580,0,0,0,611
02/12/2008,SJU,PR,ASO,ES,Towers with Radar,266,51,61,3,381,0,111,75,0,186,266,185,136,3,590,0,0,0,645
02/13/2008,SJU,PR,ASO,ES,Towers with Radar,257,49,53,3,362,0,127,80,1,208,257,206,133,4,600,0,0,0,640
02/14/2008,SJU,PR,ASO,ES,Towers with Radar,284,42,55,6,387,0,119,57,0,176,284,191,112,6,593,0,0,0,646
02/15/2008,SJU,PR,ASO,ES,Towers with Radar,278,45,39,1,363,0,147,75,1,223,278,225,114,2,619,0,0,0,673
02/16/2008,SJU,PR,ASO,ES,Towers with Radar,318,26,25,0,369,0,162,59,0,221,318,212,84,0,614,0,0,0,652
02/17/2008,SJU,PR,ASO,ES,Towers with Radar,328,52,29,4,413,0,105,34,0,139,328,179,63,4,574,0,0,0,611
02/18/2008,SJU,PR,ASO,ES,Towers with Radar,276,42,40,6,364,0,113,47,0,160,276,180,87,6,549,0,0,0,583
02/19/2008,SJU,PR,ASO,ES,Towers with Radar,282,43,37,2,364,0,125,57,0,182,282,192,94,2,570,0,0,0,603
02/20/2008,SJU,PR,ASO,ES,Towers with Radar,278,43,38,9,368,0,116,59,2,177,278,188,97,11,574,0,0,0,609
02/21/2008,SJU,PR,ASO,ES,Towers with Radar,303,39,47,5,394,0,123,63,2,188,303,193,110,7,613,0,0,0,673
02/22/2008,SJU,PR,ASO,ES,Towers with Radar,285,45,28,7,365,0,129,44,0,173,285,209,72,7,573,0,0,0,609
02/23/2008,SJU,PR,ASO,ES,Towers with Radar,318,26,29,6,379,0,181,81,0,262,318,233,110,6,667,0,0,0,720
02/24/2008,SJU,PR,ASO,ES,Towers with Radar,325,11,16,4,356,0,142,59,0,201,325,180,75,4,584,0,0,0,624
02/25/2008,SJU,PR,ASO,ES,Towers with Radar,297,37,47,2,383,0,123,53,0,176,297,200,100,2,599,0,0,0,623
02/26/2008,SJU,PR,ASO,ES,Towers with Radar,285,50,27,4,366,0,126,47,0,173,285,213,74,4,576,0,0,0,601
02/27/2008,SJU,PR,ASO,ES,Towers with Radar,270,43,47,8,368,0,113,85,2,200,270,191,132,10,603,0,0,0,635
02/28/2008,SJU,PR,ASO,ES,Towers with Radar,282,47,34,6,369,0,107,66,0,173,282,186,100,6,574,0,0,0,611
02/29/2008,SJU,PR,ASO,ES,Towers with Radar,293,46,52,14,405,0,125,56,1,182,293,206,108,15,622,0,0,0,670
03/01/2008,SJU,PR,ASO,ES,Towers with Radar,327,18,19,0,364,0,140,49,0,189,327,183,68,0,578,0,0,0,635
03/02/2008,SJU,PR,ASO,ES,Towers with Radar,309,12,7,0,328,0,125,32,0,157,309,172,39,0,520,0,0,0,563
03/03/2008,SJU,PR,ASO,ES,Towers with Radar,282,67,38,1,388,0,86,43,0,129,282,189,81,1,553,0,0,0,577
03/04/2008,SJU,PR,ASO,ES,Towers with Radar,292,53,33,3,381,0,109,54,0,163,292,204,87,3,586,0,0,0,613
03/05/2008,SJU,PR,ASO,ES,Towers with Radar,286,41,27,7,361,0,115,51,1,167,286,178,78,8,550,0,0,0,586
03/06/2008,SJU,PR,ASO,ES,Towers with Radar,292,51,48,7,398,0,114,69,0,183,292,196,117,7,612,0,0,0,645
03/07/2008,SJU,PR,ASO,ES,Towers with Radar,280,51,35,6,372,0,114,53,0,167,280,193,88,6,567,0,0,0,617
03/08/2008,SJU,PR,ASO,ES,Towers with Radar,330,25,17,5,377,0,143,51,0,194,330,200,68,5,603,0,0,0,646
03/09/2008,SJU,PR,ASO,ES,Towers with Radar,333,16,24,3,376,0,133,51,0,184,333,177,75,3,588,0,0,0,617
03/10/2008,SJU,PR,ASO,ES,Towers with Radar,296,47,35,3,381,0,120,50,0,170,296,204,85,3,588,0,0,0,617
03/11/2008,SJU,PR,ASO,ES,Towers with Radar,316,44,36,4,400,0,107,52,0,159,316,182,88,4,590,0,0,0,639
03/12/2008,SJU,PR,ASO,ES,Towers with Radar,304,37,51,7,399,0,128,61,1,190,304,192,112,8,616,0,0,0,654
03/13/2008,SJU,PR,ASO,ES,Towers with Radar,315,43,47,11,416,0,123,66,2,191,315,196,113,13,637,0,0,0,685
03/14/2008,SJU,PR,ASO,ES,Towers with Radar,294,55,33,3,385,0,158,79,0,237,294,252,112,3,661,0,0,0,696
03/15/2008,SJU,PR,ASO,ES,Towers with Radar,326,20,46,5,397,0,181,75,1,257,326,222,121,6,675,0,0,0,752
03/16/2008,SJU,PR,ASO,ES,Towers with Radar,340,24,29,6,399,0,144,42,0,186,340,195,71,6,612,0,0,0,669
03/17/2008,SJU,PR,ASO,ES,Towers with Radar,293,67,34,4,398,0,95,58,0,153,293,202,92,4,591,0,0,0,625
03/18/2008,SJU,PR,ASO,ES,Towers with Radar,295,78,15,7,395,0,103,61,0,164,295,217,76,7,595,0,0,0,620
03/19/2008,SJU,PR,ASO,ES,Towers with Radar,288,78,40,6,412,0,123,62,1,186,288,233,102,7,630,0,0,0,671
03/20/2008,SJU,PR,ASO,ES,Towers with Radar,304,78,40,15,437,0,132,88,0,220,304,236,128,15,683,0,0,0,746
03/21/2008,SJU,PR,ASO,ES,Towers with Radar,296,21,30,6,353,0,159,52,0,211,296,198,82,6,582,0,0,0,611
03/22/2008,SJU,PR,ASO,ES,Towers with Radar,334,17,36,13,400,0,182,45,0,227,334,227,81,13,655,0,0,0,713
03/23/2008,SJU,PR,ASO,ES,Towers with Radar,320,25,37,1,383,0,162,78,0,240,320,219,115,1,655,0,0,0,707
03/24/2008,SJU,PR,ASO,ES,Towers with Radar,300,70,46,7,423,0,126,58,1,185,300,234,104,8,646,0,0,0,685
03/25/2008,SJU,PR,ASO,ES,Towers with Radar,295,69,39,7,410,0,105,55,1,161,295,207,94,8,604,0,0,0,625
03/26/2008,SJU,PR,ASO,ES,Towers with Radar,291,60,28,6,385,0,104,64,0,168,291,187,92,6,576,0,0,0,601
03/27/2008,SJU,PR,ASO,ES,Towers with Radar,299,60,24,7,390,0,119,47,2,168,299,214,71,9,593,0,0,0,653
03/28/2008,SJU,PR,ASO,ES,Towers with Radar,293,64,16,3,376,0,160,66,0,226,293,254,82,3,632,0,0,0,676
03/29/2008,SJU,PR,ASO,ES,Towers with Radar,331,20,32,1,384,0,171,75,1,247,331,216,107,2,656,0,0,0,702
03/30/2008,SJU,PR,ASO,ES,Towers with Radar,322,20,32,0,374,0,166,66,0,232,322,216,98,0,636,0,0,0,691
03/31/2008,SJU,PR,ASO,ES,Towers with Radar,297,68,16,3,384,0,117,55,0,172,297,217,71,3,588,0,0,0,617
04/01/2008,SJU,PR,ASO,ES,Towers with Radar,291,80,31,20,422,0,108,44,0,152,291,215,75,20,601,0,0,0,633
04/02/2008,SJU,PR,ASO,ES,Towers with Radar,274,73,27,6,380,0,105,46,0,151,274,178,73,6,531,0,0,0,531
04/03/2008,SJU,PR,ASO,ES,Towers with Radar,290,86,24,14,414,0,93,37,2,132,290,211,61,16,578,0,0,0,600
04/04/2008,SJU,PR,ASO,ES,Towers with Radar,283,58,25,3,369,0,127,62,0,189,283,217,87,3,590,0,0,0,627
04/05/2008,SJU,PR,ASO,ES,Towers with Radar,303,14,22,7,346,0,147,63,0,210,303,184,85,7,579,0,0,0,610
04/06/2008,SJU,PR,ASO,ES,Towers with Radar,323,21,21,3,368,0,111,42,1,154,323,155,63,4,545,0,0,0,574
04/07/2008,SJU,PR,ASO,ES,Towers with Radar,279,62,34,6,381,0,103,43,0,146,279,199,77,6,561,0,0,0,609
04/08/2008,SJU,PR,ASO,ES,Towers with Radar,281,58,19,14,372,0,112,46,5,163,281,204,65,19,569,0,0,0,620
04/09/2008,SJU,PR,ASO,ES,Towers with Radar,266,67,30,10,373,0,120,33,4,157,266,213,63,14,556,0,0,0,606
04/10/2008,SJU,PR,ASO,ES,Towers with Radar,275,66,29,9,379,0,116,50,2,168,275,213,79,11,578,0,0,0,613
04/11/2008,SJU,PR,ASO,ES,Towers with Radar,288,66,19,27,400,0,154,68,1,223,288,248,87,28,651,0,0,0,712
04/12/2008,SJU,PR,ASO,ES,Towers with Radar,314,19,25,5,363,0,145,60,0,205,314,191,85,5,595,0,0,0,642
04/13/2008,SJU,PR,ASO,ES,Towers with Radar,313,26,11,6,356,0,113,33,0,146,313,166,44,6,529,0,0,0,567
04/14/2008,SJU,PR,ASO,ES,Towers with Radar,272,119,19,1,411,0,41,30,0,71,272,160,49,1,482,0,0,0,482
04/15/2008,SJU,PR,ASO,ES,Towers with Radar,281,72,30,11,394,0,99,38,12,149,281,202,68,23,574,0,0,0,607
04/16/2008,SJU,PR,ASO,ES,Towers with Radar,280,65,14,4,363,0,121,42,2,165,280,186,56,6,528,0,0,0,528
04/17/2008,SJU,PR,ASO,ES,Towers with Radar,279,74,32,12,397,0,139,69,10,218,279,243,101,22,645,0,0,0,681
04/18/2008,SJU,PR,ASO,ES,Towers with Radar,283,66,32,1,382,0,135,60,0,195,283,237,92,1,613,0,0,0,656
04/19/2008,SJU,PR,ASO,ES,Towers with Radar,313,26,21,2,362,0,143,51,0,194,313,197,72,2,584,0,0,0,638
04/20/2008,SJU,PR,ASO,ES,Towers with Radar,308,10,10,0,328,0,128,21,1,150,308,167,31,1,507,0,0,0,543
04/21/2008,SJU,PR,ASO,ES,Towers with Radar,262,66,18,7,353,0,127,66,0,193,262,228,84,7,581,0,0,0,630
04/22/2008,SJU,PR,ASO,ES,Towers with Radar,283,64,24,20,391,0,106,41,7,154,283,201,65,27,576,0,0,0,613
04/23/2008,SJU,PR,ASO,ES,Towers with Radar,273,71,21,5,370,0,95,50,0,145,273,194,71,5,543,0,0,0,589
04/24/2008,SJU,PR,ASO,ES,Towers with Radar,277,90,20,9,396,0,110,54,4,168,277,226,74,13,590,0,0,0,633
04/25/2008,SJU,PR,ASO,ES,Towers with Radar,278,77,45,8,408,0,113,66,1,180,278,221,111,9,619,0,0,0,650
04/26/2008,SJU,PR,ASO,ES,Towers with Radar,301,40,19,2,362,0,140,56,0,196,301,212,75,2,590,0,0,0,632
04/27/2008,SJU,PR,ASO,ES,Towers with Radar,302,35,24,0,361,0,97,41,0,138,302,147,65,0,514,0,0,0,530
04/28/2008,SJU,PR,ASO,ES,Towers with Radar,279,81,23,1,384,0,89,57,0,146,279,201,80,1,561,0,0,0,586
04/29/2008,SJU,PR,ASO,ES,Towers with Radar,270,56,37,4,367,0,99,62,0,161,270,182,99,4,555,0,0,0,595
04/30/2008,SJU,PR,ASO,ES,Towers with Radar,267,54,30,6,357,0,77,59,0,136,267,163,89,6,525,0,0,0,569
05/01/2008,SJU,PR,ASO,ES,Towers with Radar,272,64,27,8,371,0,79,58,0,137,272,166,85,8,531,0,0,0,564
05/02/2008,SJU,PR,ASO,ES,Towers with Radar,288,69,16,10,383,0,82,59,0,141,288,174,75,10,547,0,0,0,587
05/03/2008,SJU,PR,ASO,ES,Towers with Radar,295,22,14,5,336,0,73,26,0,99,295,120,40,5,460,0,0,0,498
05/04/2008,SJU,PR,ASO,ES,Towers with Radar,295,19,21,3,338,0,77,39,1,117,295,125,60,4,484,0,0,0,516
05/05/2008,SJU,PR,ASO,ES,Towers with Radar,272,60,32,0,364,0,74,64,0,138,272,169,96,0,537,0,0,0,560
05/06/2008,SJU,PR,ASO,ES,Towers with Radar,286,70,42,8,406,0,68,47,4,119,286,172,89,12,559,0,0,0,596
05/07/2008,SJU,PR,ASO,ES,Towers with Radar,267,57,28,5,357,0,59,45,0,104,267,148,73,5,493,0,0,0,525
05/08/2008,SJU,PR,ASO,ES,Towers with Radar,289,93,32,5,419,0,60,53,0,113,289,185,85,5,564,0,0,0,587
05/09/2008,SJU,PR,ASO,ES,Towers with Radar,270,66,29,2,367,0,86,50,1,137,270,182,79,3,534,0,0,0,575
05/10/2008,SJU,PR,ASO,ES,Towers with Radar,295,12,23,1,331,0,86,36,0,122,295,124,59,1,479,0,0,0,516
05/11/2008,SJU,PR,ASO,ES,Towers with Radar,291,15,9,2,317,0,78,35,0,113,291,116,44,2,453,0,0,0,473
05/12/2008,SJU,PR,ASO,ES,Towers with Radar,265,60,26,1,352,0,75,56,0,131,265,163,82,1,511,0,0,0,555
05/13/2008,SJU,PR,ASO,ES,Towers with Radar,256,58,29,10,353,0,81,42,3,126,256,168,71,13,508,0,0,0,538
05/14/2008,SJU,PR,ASO,ES,Towers with Radar,269,54,12,9,344,0,85,67,4,156,269,166,79,13,527,0,0,0,555
05/15/2008,SJU,PR,ASO,ES,Towers with Radar,273,66,17,8,364,0,76,57,2,135,273,179,74,10,536,0,0,0,576
05/16/2008,SJU,PR,ASO,ES,Towers with Radar,267,59,11,8,345,0,84,45,2,131,267,172,56,10,505,0,0,0,551
05/17/2008,SJU,PR,ASO,ES,Towers with Radar,281,20,20,9,330,0,80,40,1,121,281,123,60,10,474,0,0,0,529
05/18/2008,SJU,PR,ASO,ES,Towers with Radar,288,18,10,1,317,0,85,22,0,107,288,128,32,1,449,0,0,0,498
05/19/2008,SJU,PR,ASO,ES,Towers with Radar,269,55,9,1,334,0,82,45,0,127,269,166,54,1,490,0,0,0,545
05/20/2008,SJU,PR,ASO,ES,Towers with Radar,262,61,20,18,361,0,81,47,0,128,262,169,67,18,516,0,0,0,546
05/21/2008,SJU,PR,ASO,ES,Towers with Radar,247,59,50,14,370,27,94,55,1,177,274,184,105,15,578,0,0,0,616
05/22/2008,SJU,PR,ASO,ES,Towers with Radar,290,82,27,10,409,0,78,81,3,162,290,187,108,13,598,0,0,0,633
05/23/2008,SJU,PR,ASO,ES,Towers with Radar,300,55,14,4,373,0,81,52,6,139,300,165,66,10,541,0,0,0,593
05/24/2008,SJU,PR,ASO,ES,Towers with Radar,275,17,27,3,322,0,82,31,0,113,275,125,58,3,461,0,0,0,512
05/25/2008,SJU,PR,ASO,ES,Towers with Radar,283,21,21,2,327,0,82,16,0,98,283,134,37,2,456,0,0,0,491
05/26/2008,SJU,PR,ASO,ES,Towers with Radar,275,34,42,0,351,0,89,51,0,140,275,160,93,0,528,0,0,0,577
05/27/2008,SJU,PR,ASO,ES,Towers with Radar,267,62,25,12,366,0,72,42,2,116,267,161,67,14,509,0,0,0,553
05/28/2008,SJU,PR,ASO,ES,Towers with Radar,270,67,34,10,381,0,67,48,3,118,270,161,82,13,526,0,0,0,559
05/29/2008,SJU,PR,ASO,ES,Towers with Radar,273,65,25,6,369,0,78,52,0,130,273,165,77,6,521,0,0,0,555
05/30/2008,SJU,PR,ASO,ES,Towers with Radar,292,61,18,1,372,0,80,48,0,128,292,176,66,1,535,0,0,0,579
05/31/2008,SJU,PR,ASO,ES,Towers with Radar,291,27,22,9,349,0,93,23,0,116,291,141,45,9,486,0,0,0,522
06/01/2008,SJU,PR,ASO,ES,Towers with Radar,305,18,20,5,348,0,60,25,1,86,305,104,45,6,460,0,0,0,487
06/02/2008,SJU,PR,ASO,ES,Towers with Radar,273,76,10,2,361,0,59,49,0,108,273,155,59,2,489,0,0,0,542
06/03/2008,SJU,PR,ASO,ES,Towers with Radar,280,68,25,7,380,0,68,39,1,108,280,163,64,8,515,0,0,0,546
06/04/2008,SJU,PR,ASO,ES,Towers with Radar,278,51,13,16,358,0,66,41,0,107,278,142,54,16,490,0,0,0,529
06/05/2008,SJU,PR,ASO,ES,Towers with Radar,295,55,13,5,368,0,67,53,0,120,295,144,66,5,510,0,0,0,544
06/06/2008,SJU,PR,ASO,ES,Towers with Radar,290,55,33,3,381,0,65,36,1,102,290,145,69,4,508,0,0,0,568
06/07/2008,SJU,PR,ASO,ES,Towers with Radar,303,11,11,2,327,0,69,40,0,109,303,108,51,2,464,0,0,0,491
06/08/2008,SJU,PR,ASO,ES,Towers with Radar,300,12,11,4,327,0,52,33,0,85,300,88,44,4,436,0,0,0,475
06/09/2008,SJU,PR,ASO,ES,Towers with Radar,272,65,9,1,347,0,55,35,0,90,272,146,44,1,463,0,0,0,518
06/10/2008,SJU,PR,ASO,ES,Towers with Radar,275,52,6,7,340,0,74,51,0,125,275,157,57,7,496,0,0,0,535
06/11/2008,SJU,PR,ASO,ES,Towers with Radar,280,52,8,7,347,0,71,50,1,122,280,152,58,8,498,0,0,0,530
06/12/2008,SJU,PR,ASO,ES,Towers with Radar,291,61,12,9,373,0,61,39,0,100,291,155,51,9,506,0,0,0,535
06/13/2008,SJU,PR,ASO,ES,Towers with Radar,304,66,20,9,399,0,61,43,9,113,304,160,63,18,545,0,0,0,595
06/14/2008,SJU,PR,ASO,ES,Towers with Radar,302,25,7,7,341,0,77,33,0,110,302,125,40,7,474,0,0,0,514
06/15/2008,SJU,PR,ASO,ES,Towers with Radar,322,15,19,2,358,0,60,36,0,96,322,101,55,2,480,0,0,0,491
06/16/2008,SJU,PR,ASO,ES,Towers with Radar,300,60,21,6,387,0,50,85,0,135,300,142,106,6,554,0,0,0,604
06/17/2008,SJU,PR,ASO,ES,Towers with Radar,299,50,18,14,381,0,81,44,14,139,299,163,62,28,552,0,0,0,590
06/18/2008,SJU,PR,ASO,ES,Towers with Radar,287,55,20,7,369,0,60,44,0,104,287,145,64,7,503,0,0,0,539
06/19/2008,SJU,PR,ASO,ES,Towers with Radar,313,53,21,4,391,0,70,58,7,135,313,151,79,11,554,0,0,0,588
06/20/2008,SJU,PR,ASO,ES,Towers with Radar,332,52,21,11,416,0,75,47,2,124,332,162,68,13,575,0,0,0,628
06/21/2008,SJU,PR,ASO,ES,Towers with Radar,325,19,13,2,359,0,82,53,0,135,325,120,66,2,513,0,0,0,564
06/22/2008,SJU,PR,ASO,ES,Towers with Radar,317,29,8,4,358,0,82,46,0,128,317,141,54,4,516,0,0,0,547
06/23/2008,SJU,PR,ASO,ES,Towers with Radar,296,66,14,8,384,0,54,44,4,102,296,147,58,12,513,0,0,0,548
06/24/2008,SJU,PR,ASO,ES,Towers with Radar,297,51,40,3,391,0,63,56,0,119,297,147,96,3,543,0,0,0,565
06/25/2008,SJU,PR,ASO,ES,Towers with Radar,292,56,34,17,399,0,76,49,1,126,292,167,83,18,560,0,0,0,603
06/26/2008,SJU,PR,ASO,ES,Towers with Radar,306,67,11,2,386,0,67,63,0,130,306,167,74,2,549,0,0,0,587
06/27/2008,SJU,PR,ASO,ES,Towers with Radar,314,57,26,6,403,0,75,45,4,124,314,160,71,10,555,0,0,0,616
06/28/2008,SJU,PR,ASO,ES,Towers with Radar,312,27,19,2,360,0,66,55,0,121,312,121,74,2,509,0,0,0,576
06/29/2008,SJU,PR,ASO,ES,Towers with Radar,328,26,19,3,376,0,65,29,1,95,328,121,48,4,501,0,0,0,530
06/30/2008,SJU,PR,ASO,ES,Towers with Radar,307,65,31,1,404,0,69,55,0,124,307,159,86,1,553,0,0,0,606
07/01/2008,SJU,PR,ASO,ES,Towers with Radar,268,50,15,22,355,0,72,47,1,120,268,122,62,23,475,0,0,0,475
07/02/2008,SJU,PR,ASO,ES,Towers with Radar,298,53,17,11,379,0,82,43,1,126,298,135,60,12,505,0,0,0,505
07/03/2008,SJU,PR,ASO,ES,Towers with Radar,323,123,72,14,532,0,0,0,0,0,323,123,72,14,532,0,0,0,532
07/04/2008,SJU,PR,ASO,ES,Towers with Radar,287,24,11,1,323,0,59,34,0,93,287,83,45,1,416,0,0,0,416
07/05/2008,SJU,PR,ASO,ES,Towers with Radar,327,20,8,1,356,0,67,35,1,103,327,87,43,2,459,0,0,0,459
07/06/2008,SJU,PR,ASO,ES,Towers with Radar,305,82,40,0,427,0,0,0,0,0,305,82,40,0,427,0,0,0,427
07/08/2008,SJU,PR,ASO,ES,Towers with Radar,298,140,87,6,531,0,0,0,0,0,298,140,87,6,531,0,0,0,531
07/09/2008,SJU,PR,ASO,ES,Towers with Radar,299,88,21,8,416,0,80,33,0,113,299,168,54,8,529,0,0,0,529
07/10/2008,SJU,PR,ASO,ES,Towers with Radar,323,61,17,7,408,0,73,47,2,122,323,134,64,9,530,0,0,0,530
07/11/2008,SJU,PR,ASO,ES,Towers with Radar,310,55,35,8,408,0,70,62,0,132,310,125,97,8,540,0,0,0,540
07/12/2008,SJU,PR,ASO,ES,Towers with Radar,296,11,10,2,319,0,74,37,0,111,296,85,47,2,430,0,0,0,430
07/13/2008,SJU,PR,ASO,ES,Towers with Radar,326,12,12,3,353,0,64,35,1,100,326,76,47,4,453,0,0,0,453
07/14/2008,SJU,PR,ASO,ES,Towers with Radar,307,64,23,2,396,0,62,56,0,118,307,126,79,2,514,0,0,0,514
07/15/2008,SJU,PR,ASO,ES,Towers with Radar,298,49,33,4,384,0,56,55,0,111,298,105,88,4,495,0,0,0,495
07/16/2008,SJU,PR,ASO,ES,Towers with Radar,295,62,35,4,396,0,63,46,0,109,295,125,81,4,505,0,0,0,505
07/17/2008,SJU,PR,ASO,ES,Towers with Radar,322,62,26,6,416,0,52,60,3,115,322,114,86,9,531,0,0,0,531
07/18/2008,SJU,PR,ASO,ES,Towers with Radar,324,54,28,7,413,0,72,48,0,120,324,126,76,7,533,0,0,0,533
07/19/2008,SJU,PR,ASO,ES,Towers with Radar,341,14,13,3,371,0,75,53,0,128,341,89,66,3,499,0,0,0,499
07/20/2008,SJU,PR,ASO,ES,Towers with Radar,328,15,24,3,370,0,67,28,2,97,328,82,52,5,467,0,0,0,467
07/21/2008,SJU,PR,ASO,ES,Towers with Radar,317,53,16,9,395,0,59,67,4,130,317,112,83,13,525,0,0,0,525
07/22/2008,SJU,PR,ASO,ES,Towers with Radar,300,60,13,5,378,0,73,50,0,123,300,133,63,5,501,0,0,0,501
07/23/2008,SJU,PR,ASO,ES,Towers with Radar,306,58,17,4,385,0,71,41,0,112,306,129,58,4,497,0,0,0,497
07/24/2008,SJU,PR,ASO,ES,Towers with Radar,318,53,25,4,400,0,64,45,0,109,318,117,70,4,509,0,0,0,509
07/25/2008,SJU,PR,ASO,ES,Towers with Radar,319,57,28,0,404,0,59,47,0,106,319,116,75,0,510,0,0,0,510
07/26/2008,SJU,PR,ASO,ES,Towers with Radar,333,11,14,5,363,0,70,44,0,114,333,81,58,5,477,0,0,0,477
07/27/2008,SJU,PR,ASO,ES,Towers with Radar,312,12,2,1,327,0,62,32,0,94,312,74,34,1,421,0,0,0,421
07/28/2008,SJU,PR,ASO,ES,Towers with Radar,334,63,18,2,417,0,69,60,0,129,334,132,78,2,546,0,0,0,546
07/29/2008,SJU,PR,ASO,ES,Towers with Radar,309,49,22,5,385,0,64,54,2,120,309,113,76,7,505,0,0,0,505
07/30/2008,SJU,PR,ASO,ES,Towers with Radar,297,52,15,12,376,0,69,36,9,114,297,121,51,21,490,0,0,0,490
07/31/2008,SJU,PR,ASO,ES,Towers with Radar,313,64,18,9,404,0,42,43,0,85,313,106,61,9,489,0,0,0,489
08/01/2008,SJU,PR,ASO,ES,Towers with Radar,282,67,27,13,389,0,76,38,2,116,282,143,65,15,505,0,0,0,505
08/02/2008,SJU,PR,ASO,ES,Towers with Radar,313,30,33,4,380,0,49,42,0,91,313,79,75,4,471,0,0,0,471
08/03/2008,SJU,PR,ASO,ES,Towers with Radar,306,12,10,3,331,0,65,30,0,95,306,77,40,3,426,0,0,0,426
08/04/2008,SJU,PR,ASO,ES,Towers with Radar,298,44,38,3,383,0,59,69,0,128,298,103,107,3,511,0,0,0,511
08/05/2008,SJU,PR,ASO,ES,Towers with Radar,287,63,8,2,360,0,74,32,0,106,287,137,40,2,466,0,0,0,466
08/06/2008,SJU,PR,ASO,ES,Towers with Radar,282,64,22,10,378,0,69,27,0,96,282,133,49,10,474,0,0,0,474
08/07/2008,SJU,PR,ASO,ES,Towers with Radar,306,59,20,16,401,0,69,38,4,111,306,128,58,20,512,0,0,0,512
08/08/2008,SJU,PR,ASO,ES,Towers with Radar,297,58,14,13,382,0,67,60,0,127,297,125,74,13,509,0,0,0,509
08/09/2008,SJU,PR,ASO,ES,Towers with Radar,299,12,15,2,328,0,59,35,0,94,299,71,50,2,422,0,0,0,422
08/10/2008,SJU,PR,ASO,ES,Towers with Radar,303,8,11,3,325,0,70,41,0,111,303,78,52,3,436,0,0,0,436
08/11/2008,SJU,PR,ASO,ES,Towers with Radar,289,63,12,4,368,0,54,43,0,97,289,117,55,4,465,0,0,0,465
08/12/2008,SJU,PR,ASO,ES,Towers with Radar,292,53,11,16,372,0,65,41,1,107,292,118,52,17,479,0,0,0,479
08/13/2008,SJU,PR,ASO,ES,Towers with Radar,280,48,12,6,346,0,62,28,0,90,280,110,40,6,436,0,0,0,436
08/14/2008,SJU,PR,ASO,ES,Towers with Radar,271,120,46,18,455,0,0,0,0,0,271,120,46,18,455,0,0,0,455
08/15/2008,SJU,PR,ASO,ES,Towers with Radar,285,115,40,18,458,0,62,22,0,84,285,177,62,18,542,0,0,0,542
08/16/2008,SJU,PR,ASO,ES,Towers with Radar,305,13,11,4,333,0,63,27,0,90,305,76,38,4,423,0,0,0,423
08/17/2008,SJU,PR,ASO,ES,Towers with Radar,293,15,11,12,331,0,60,24,8,92,293,75,35,20,423,0,0,0,423
08/18/2008,SJU,PR,ASO,ES,Towers with Radar,288,55,22,38,403,0,56,52,6,114,288,111,74,44,517,0,0,0,517
08/19/2008,SJU,PR,ASO,ES,Towers with Radar,273,47,14,5,339,0,56,41,0,97,273,103,55,5,436,0,0,0,436
08/20/2008,SJU,PR,ASO,ES,Towers with Radar,265,139,61,8,473,0,70,49,0,119,265,209,110,8,592,0,0,0,592
08/21/2008,SJU,PR,ASO,ES,Towers with Radar,288,58,13,3,362,0,53,51,0,104,288,111,64,3,466,0,0,0,466
08/22/2008,SJU,PR,ASO,ES,Towers with Radar,289,47,12,3,351,0,0,0,0,0,289,47,12,3,351,0,0,0,351
08/23/2008,SJU,PR,ASO,ES,Towers with Radar,304,12,9,7,332,0,64,34,0,98,304,76,43,7,430,0,0,0,430
08/24/2008,SJU,PR,ASO,ES,Towers with Radar,296,12,7,6,321,0,63,42,0,105,296,75,49,6,426,0,0,0,426
08/25/2008,SJU,PR,ASO,ES,Towers with Radar,277,75,11,5,368,0,37,23,0,60,277,112,34,5,428,0,0,0,428
08/26/2008,SJU,PR,ASO,ES,Towers with Radar,279,58,36,1,374,0,70,56,1,127,279,128,92,2,501,0,0,0,501
08/27/2008,SJU,PR,ASO,ES,Towers with Radar,272,62,18,5,357,0,59,39,0,98,272,121,57,5,455,2,0,2,457
08/28/2008,SJU,PR,ASO,ES,Towers with Radar,266,57,46,6,375,0,60,68,0,128,266,117,114,6,503,0,0,0,503
08/29/2008,SJU,PR,ASO,ES,Towers with Radar,282,104,71,6,463,0,34,20,2,56,282,138,91,8,519,0,0,0,519
08/30/2008,SJU,PR,ASO,ES,Towers with Radar,271,16,27,6,320,0,37,50,2,89,271,53,77,8,409,0,0,0,409
08/31/2008,SJU,PR,ASO,ES,Towers with Radar,248,13,11,2,274,0,43,26,0,69,248,56,37,2,343,0,0,0,343
09/01/2008,SJU,PR,ASO,ES,Towers with Radar,242,63,21,2,328,0,55,59,0,114,242,118,80,2,442,0,0,0,442
09/02/2008,SJU,PR,ASO,ES,Towers with Radar,241,76,13,4,334,0,66,55,0,121,241,142,68,4,455,0,0,0,455
09/03/2008,SJU,PR,ASO,ES,Towers with Radar,188,62,10,3,263,0,22,30,0,52,188,84,40,3,315,0,0,0,315
09/04/2008,SJU,PR,ASO,ES,Towers with Radar,180,59,36,2,277,0,64,57,0,121,180,123,93,2,398,0,0,0,398
09/05/2008,SJU,PR,ASO,ES,Towers with Radar,190,120,65,3,378,0,69,51,0,120,190,189,116,3,498,0,0,0,498
09/06/2008,SJU,PR,ASO,ES,Towers with Radar,180,7,15,5,207,0,56,43,0,99,180,63,58,5,306,0,0,0,306
09/07/2008,SJU,PR,ASO,ES,Towers with Radar,191,22,18,12,243,0,52,24,0,76,191,74,42,12,319,0,0,0,319
09/08/2008,SJU,PR,ASO,ES,Towers with Radar,161,55,20,6,242,0,46,49,5,100,161,101,69,11,342,0,0,0,342
09/09/2008,SJU,PR,ASO,ES,Towers with Radar,180,55,29,15,279,0,71,50,5,126,180,126,79,20,405,0,0,0,405
09/10/2008,SJU,PR,ASO,ES,Towers with Radar,179,52,19,8,258,0,66,54,2,122,179,118,73,10,380,0,0,0,380
09/11/2008,SJU,PR,ASO,ES,Towers with Radar,170,58,10,3,241,0,67,54,0,121,170,125,64,3,362,0,0,0,362
09/12/2008,SJU,PR,ASO,ES,Towers with Radar,173,57,17,4,251,0,66,42,0,108,173,123,59,4,359,0,0,0,359
09/13/2008,SJU,PR,ASO,ES,Towers with Radar,177,24,5,12,218,0,63,28,0,91,177,87,33,12,309,0,0,0,309
09/14/2008,SJU,PR,ASO,ES,Towers with Radar,184,14,5,3,206,0,78,20,0,98,184,92,25,3,304,0,0,0,304
09/15/2008,SJU,PR,ASO,ES,Towers with Radar,164,49,7,3,223,0,69,47,0,116,164,118,54,3,339,0,0,0,339
09/16/2008,SJU,PR,ASO,ES,Towers with Radar,166,130,85,7,388,0,69,68,0,137,166,199,153,7,525,0,0,0,525
09/17/2008,SJU,PR,ASO,ES,Towers with Radar,175,54,16,5,250,0,60,59,5,124,175,114,75,10,374,0,0,0,374
09/18/2008,SJU,PR,ASO,ES,Towers with Radar,178,58,11,9,256,0,97,39,0,136,178,155,50,9,392,0,0,0,392
09/19/2008,SJU,PR,ASO,ES,Towers with Radar,181,55,21,6,263,0,79,69,0,148,181,134,90,6,411,0,0,0,411
09/20/2008,SJU,PR,ASO,ES,Towers with Radar,171,11,10,15,207,0,44,29,0,73,171,55,39,15,280,0,0,0,280
09/21/2008,SJU,PR,ASO,ES,Towers with Radar,183,48,5,3,239,0,21,24,0,45,183,69,29,3,284,0,0,0,284
09/22/2008,SJU,PR,ASO,ES,Towers with Radar,171,67,17,3,258,0,37,21,0,58,171,104,38,3,316,0,0,0,316
09/23/2008,SJU,PR,ASO,ES,Towers with Radar,181,62,21,3,267,0,49,35,0,84,181,111,56,3,351,0,0,0,351
09/24/2008,SJU,PR,ASO,ES,Towers with Radar,169,59,17,5,250,0,79,49,0,128,169,138,66,5,378,0,0,0,378
09/25/2008,SJU,PR,ASO,ES,Towers with Radar,183,62,23,4,272,0,67,75,0,142,183,129,98,4,414,0,0,0,414
09/26/2008,SJU,PR,ASO,ES,Towers with Radar,181,46,14,3,244,0,71,64,0,135,181,117,78,3,379,0,0,0,379
09/27/2008,SJU,PR,ASO,ES,Towers with Radar,177,16,11,3,207,0,54,27,0,81,177,70,38,3,288,0,0,0,288
09/28/2008,SJU,PR,ASO,ES,Towers with Radar,180,13,8,5,206,0,61,24,0,85,180,74,32,5,291,0,0,0,291
09/29/2008,SJU,PR,ASO,ES,Towers with Radar,167,57,8,2,234,0,62,53,0,115,167,119,61,2,349,0,0,0,349
09/30/2008,SJU,PR,ASO,ES,Towers with Radar,170,60,11,4,245,0,71,36,4,111,170,131,47,8,356,0,0,0,356
10/01/2008,SJU,PR,ASO,ES,Towers with Radar,173,65,8,3,249,0,83,56,2,141,173,148,64,5,390,0,0,0,390
10/02/2008,SJU,PR,ASO,ES,Towers with Radar,169,55,25,0,249,0,97,52,0,149,169,152,77,0,398,0,0,0,398
10/03/2008,SJU,PR,ASO,ES,Towers with Radar,173,46,11,5,235,0,103,44,0,147,173,149,55,5,382,0,0,0,382
10/04/2008,SJU,PR,ASO,ES,Towers with Radar,175,17,4,2,198,0,90,47,0,137,175,107,51,2,335,0,0,0,335
10/05/2008,SJU,PR,ASO,ES,Towers with Radar,185,18,18,0,221,0,80,24,0,104,185,98,42,0,325,0,0,0,325
10/06/2008,SJU,PR,ASO,ES,Towers with Radar,163,59,8,0,230,0,89,67,0,156,163,148,75,0,386,0,0,0,386
10/07/2008,SJU,PR,ASO,ES,Towers with Radar,192,56,21,11,280,0,93,37,4,134,192,149,58,15,414,0,0,0,414
10/08/2008,SJU,PR,ASO,ES,Towers with Radar,166,64,33,16,279,0,82,46,3,131,166,146,79,19,410,0,0,0,410
10/09/2008,SJU,PR,ASO,ES,Towers with Radar,174,83,28,11,296,0,89,46,1,136,174,172,74,12,432,0,0,0,432
10/10/2008,SJU,PR,ASO,ES,Towers with Radar,191,60,23,1,275,0,95,61,0,156,191,155,84,1,431,0,0,0,431
10/11/2008,SJU,PR,ASO,ES,Towers with Radar,196,42,9,1,248,0,88,23,0,111,196,130,32,1,359,0,0,0,359
10/12/2008,SJU,PR,ASO,ES,Towers with Radar,193,19,7,2,221,0,82,19,0,101,193,101,26,2,322,0,0,0,322
10/13/2008,SJU,PR,ASO,ES,Towers with Radar,171,75,24,0,270,0,56,27,0,83,171,131,51,0,353,0,0,0,353
10/14/2008,SJU,PR,ASO,ES,Towers with Radar,171,85,24,5,285,0,77,53,0,130,171,162,77,5,415,0,0,0,415
10/15/2008,SJU,PR,ASO,ES,Towers with Radar,139,30,12,3,184,0,41,54,1,96,139,71,66,4,280,0,0,0,280
10/16/2008,SJU,PR,ASO,ES,Towers with Radar,149,78,9,9,245,0,69,60,2,131,149,147,69,11,376,0,0,0,376
10/17/2008,SJU,PR,ASO,ES,Towers with Radar,173,76,23,1,273,0,115,63,1,179,173,191,86,2,452,0,0,0,452
10/18/2008,SJU,PR,ASO,ES,Towers with Radar,177,25,28,6,236,0,102,45,2,149,177,127,73,8,385,0,0,0,385
10/19/2008,SJU,PR,ASO,ES,Towers with Radar,184,18,9,8,219,0,94,38,2,134,184,112,47,10,353,0,0,0,353
10/20/2008,SJU,PR,ASO,ES,Towers with Radar,161,82,7,17,267,0,115,38,0,153,161,197,45,17,420,0,0,0,420
10/21/2008,SJU,PR,ASO,ES,Towers with Radar,177,88,28,3,296,0,122,45,0,167,177,210,73,3,463,0,0,0,463
10/22/2008,SJU,PR,ASO,ES,Towers with Radar,173,72,31,10,286,0,117,45,2,164,173,189,76,12,450,0,0,0,450
10/23/2008,SJU,PR,ASO,ES,Towers with Radar,181,78,23,8,290,0,104,39,0,143,181,182,62,8,433,0,0,0,433
10/24/2008,SJU,PR,ASO,ES,Towers with Radar,176,64,30,5,275,0,121,67,0,188,176,185,97,5,463,0,0,0,463
10/25/2008,SJU,PR,ASO,ES,Towers with Radar,181,20,19,7,227,0,125,43,0,168,181,145,62,7,395,0,0,0,395
10/26/2008,SJU,PR,ASO,ES,Towers with Radar,182,34,22,4,242,0,118,25,0,143,182,152,47,4,385,0,0,0,385
10/27/2008,SJU,PR,ASO,ES,Towers with Radar,163,64,10,0,237,0,108,61,0,169,163,172,71,0,406,0,0,0,406
10/28/2008,SJU,PR,ASO,ES,Towers with Radar,179,65,15,3,262,0,118,48,0,166,179,183,63,3,428,0,0,0,428
10/29/2008,SJU,PR,ASO,ES,Towers with Radar,174,77,30,20,301,0,78,55,0,133,174,155,85,20,434,0,0,0,434
10/30/2008,SJU,PR,ASO,ES,Towers with Radar,183,81,21,5,290,0,95,82,1,178,183,176,103,6,468,0,0,0,468
10/31/2008,SJU,PR,ASO,ES,Towers with Radar,184,61,8,4,257,0,117,68,0,185,184,178,76,4,442,0,0,0,442
11/01/2008,SJU,PR,ASO,ES,Towers with Radar,180,24,13,0,217,0,131,38,0,169,180,155,51,0,386,0,0,0,386
11/02/2008,SJU,PR,ASO,ES,Towers with Radar,190,20,7,0,217,0,118,22,0,140,190,138,29,0,357,0,0,0,357
11/03/2008,SJU,PR,ASO,ES,Towers with Radar,182,70,14,1,267,0,101,105,0,206,182,171,119,1,473,0,0,0,473
11/04/2008,SJU,PR,ASO,ES,Towers with Radar,188,57,11,1,257,0,105,59,0,164,188,162,70,1,421,0,0,0,421
11/05/2008,SJU,PR,ASO,ES,Towers with Radar,194,65,23,3,285,0,123,69,0,192,194,188,92,3,477,0,0,0,477
11/06/2008,SJU,PR,ASO,ES,Towers with Radar,195,84,29,5,313,0,137,87,3,227,195,221,116,8,540,0,0,0,540
11/07/2008,SJU,PR,ASO,ES,Towers with Radar,203,65,17,2,287,0,133,63,0,196,203,198,80,2,483,0,0,0,483
11/08/2008,SJU,PR,ASO,ES,Towers with Radar,211,24,16,3,254,0,138,60,0,198,211,162,76,3,452,0,0,0,452
11/09/2008,SJU,PR,ASO,ES,Towers with Radar,205,31,12,0,248,0,113,43,0,156,205,144,55,0,404,0,0,0,404
11/10/2008,SJU,PR,ASO,ES,Towers with Radar,176,52,13,4,245,0,133,78,0,211,176,185,91,4,456,0,0,0,456
11/11/2008,SJU,PR,ASO,ES,Towers with Radar,196,53,15,0,264,0,121,17,0,138,196,174,32,0,402,0,0,0,402
11/12/2008,SJU,PR,ASO,ES,Towers with Radar,195,75,29,13,312,0,144,73,4,221,195,219,102,17,533,0,0,0,533
11/13/2008,SJU,PR,ASO,ES,Towers with Radar,194,75,16,17,302,0,130,53,0,183,194,205,69,17,485,0,0,0,485
11/14/2008,SJU,PR,ASO,ES,Towers with Radar,213,124,24,3,364,0,122,67,0,189,213,246,91,3,553,0,0,0,553
11/15/2008,SJU,PR,ASO,ES,Towers with Radar,231,33,4,13,281,0,134,33,0,167,231,167,37,13,448,0,0,0,448
11/16/2008,SJU,PR,ASO,ES,Towers with Radar,223,25,15,6,269,0,130,43,0,173,223,155,58,6,442,0,0,0,442
11/17/2008,SJU,PR,ASO,ES,Towers with Radar,194,84,13,7,298,0,103,44,0,147,194,187,57,7,445,0,0,0,445
11/18/2008,SJU,PR,ASO,ES,Towers with Radar,200,71,16,4,291,0,113,45,0,158,200,184,61,4,449,0,0,0,449
11/19/2008,SJU,PR,ASO,ES,Towers with Radar,206,59,16,10,291,0,130,41,0,171,206,189,57,10,462,0,0,0,462
11/20/2008,SJU,PR,ASO,ES,Towers with Radar,215,71,27,6,319,0,135,61,0,196,215,206,88,6,515,0,0,0,515
11/21/2008,SJU,PR,ASO,ES,Towers with Radar,221,68,21,3,313,0,151,71,0,222,221,219,92,3,535,0,0,0,535
11/22/2008,SJU,PR,ASO,ES,Towers with Radar,235,30,15,1,281,0,165,85,0,250,235,195,100,1,531,0,0,0,531
11/23/2008,SJU,PR,ASO,ES,Towers with Radar,226,41,5,1,273,0,124,31,0,155,226,165,36,1,428,0,0,0,428
11/24/2008,SJU,PR,ASO,ES,Towers with Radar,198,72,9,2,281,0,93,41,0,134,198,165,50,2,415,0,0,0,415
11/25/2008,SJU,PR,ASO,ES,Towers with Radar,215,67,18,4,304,0,144,48,0,192,215,211,66,4,496,0,0,0,496
11/26/2008,SJU,PR,ASO,ES,Towers with Radar,221,69,18,2,310,0,135,44,0,179,221,204,62,2,489,0,0,0,489
11/27/2008,SJU,PR,ASO,ES,Towers with Radar,203,41,9,1,254,0,110,19,0,129,203,151,28,1,383,0,0,0,383
11/28/2008,SJU,PR,ASO,ES,Towers with Radar,180,52,13,1,246,0,137,33,0,170,180,189,46,1,416,0,0,0,416
11/29/2008,SJU,PR,ASO,ES,Towers with Radar,240,26,11,4,281,0,182,63,0,245,240,208,74,4,526,0,0,0,526
11/30/2008,SJU,PR,ASO,ES,Towers with Radar,231,27,21,1,280,0,161,53,0,214,231,188,74,1,494,0,0,0,494
12/01/2008,SJU,PR,ASO,ES,Towers with Radar,225,85,9,2,321,0,170,45,0,215,225,255,54,2,536,0,0,0,536
12/02/2008,SJU,PR,ASO,ES,Towers with Radar,220,77,16,6,319,0,130,36,4,170,220,207,52,10,489,0,0,0,489
12/03/2008,SJU,PR,ASO,ES,Towers with Radar,207,90,8,2,307,0,112,42,0,154,207,202,50,2,461,0,0,0,461
12/04/2008,SJU,PR,ASO,ES,Towers with Radar,218,95,10,8,331,0,108,65,0,173,218,203,75,8,504,0,0,0,504
12/05/2008,SJU,PR,ASO,ES,Towers with Radar,215,68,19,1,303,0,151,43,0,194,215,219,62,1,497,0,0,0,497
12/06/2008,SJU,PR,ASO,ES,Towers with Radar,246,34,17,1,298,0,158,38,0,196,246,192,55,1,494,0,0,0,494
12/07/2008,SJU,PR,ASO,ES,Towers with Radar,225,37,19,3,284,0,132,23,0,155,225,169,42,3,439,0,0,0,439
12/08/2008,SJU,PR,ASO,ES,Towers with Radar,200,78,16,9,303,0,118,59,0,177,200,196,75,9,480,0,0,0,480
12/09/2008,SJU,PR,ASO,ES,Towers with Radar,206,89,21,1,317,0,144,44,0,188,206,233,65,1,505,0,0,0,505
12/10/2008,SJU,PR,ASO,ES,Towers with Radar,203,85,24,3,315,0,118,37,0,155,203,203,61,3,470,0,0,0,470
12/11/2008,SJU,PR,ASO,ES,Towers with Radar,208,87,22,4,321,0,116,45,0,161,208,203,67,4,482,0,0,0,482
12/12/2008,SJU,PR,ASO,ES,Towers with Radar,219,64,20,2,305,0,158,85,1,244,219,222,105,3,549,0,0,0,549
12/13/2008,SJU,PR,ASO,ES,Towers with Radar,243,32,20,7,302,0,149,48,0,197,243,181,68,7,499,0,0,0,499
12/14/2008,SJU,PR,ASO,ES,Towers with Radar,229,38,23,0,290,0,143,44,0,187,229,181,67,0,477,0,0,0,477
12/15/2008,SJU,PR,ASO,ES,Towers with Radar,209,79,22,1,311,0,139,51,0,190,209,218,73,1,501,0,0,0,501
12/16/2008,SJU,PR,ASO,ES,Towers with Radar,209,65,32,1,307,0,131,48,0,179,209,196,80,1,486,0,0,0,486
12/17/2008,SJU,PR,ASO,ES,Towers with Radar,214,94,46,14,368,0,120,55,7,182,214,214,101,21,550,0,0,0,550
12/18/2008,SJU,PR,ASO,ES,Towers with Radar,258,85,32,8,383,0,135,72,0,207,258,220,104,8,590,0,0,0,590
12/19/2008,SJU,PR,ASO,ES,Towers with Radar,282,94,34,1,411,0,157,69,0,226,282,251,103,1,637,0,0,0,637
12/20/2008,SJU,PR,ASO,ES,Towers with Radar,302,36,52,2,392,0,198,86,0,284,302,234,138,2,676,0,0,0,676
12/21/2008,SJU,PR,ASO,ES,Towers with Radar,280,32,37,2,351,0,129,57,0,186,280,161,94,2,537,0,0,0,537
12/22/2008,SJU,PR,ASO,ES,Towers with Radar,251,86,31,5,373,0,154,56,2,212,251,240,87,7,585,0,0,0,585
12/23/2008,SJU,PR,ASO,ES,Towers with Radar,266,79,48,3,396,0,154,68,0,222,266,233,116,3,618,0,0,0,618
12/24/2008,SJU,PR,ASO,ES,Towers with Radar,249,86,34,4,373,0,95,35,0,130,249,181,69,4,503,0,0,0,503
12/25/2008,SJU,PR,ASO,ES,Towers with Radar,231,31,36,0,298,0,103,29,0,132,231,134,65,0,430,0,0,0,430
12/26/2008,SJU,PR,ASO,ES,Towers with Radar,255,38,29,2,324,0,159,68,1,228,255,197,97,3,552,0,0,0,552
12/27/2008,SJU,PR,ASO,ES,Towers with Radar,279,69,38,4,390,0,175,61,0,236,279,244,99,4,626,0,0,0,626
12/28/2008,SJU,PR,ASO,ES,Towers with Radar,279,210,84,2,575,0,156,62,0,218,279,366,146,2,793,0,0,0,793
12/29/2008,SJU,PR,ASO,ES,Towers with Radar,244,142,23,0,409,0,90,46,0,136,244,232,69,0,545,0,0,0,545
12/30/2008,SJU,PR,ASO,ES,Towers with Radar,247,61,22,0,330,0,154,83,0,237,247,215,105,0,567,0,0,0,567
12/31/2008,SJU,PR,ASO,ES,Towers with Radar,244,57,9,4,314,0,152,39,1,192,244,209,48,5,506,0,0,0,506
01/01/2009,SJU,PR,ASO,ES,Towers with Radar,235,15,19,0,269,0,128,19,0,147,235,143,38,0,416,0,0,0,416
01/02/2009,SJU,PR,ASO,ES,Towers with Radar,241,63,42,0,346,0,212,69,0,281,241,275,111,0,627,0,0,0,627
01/03/2009,SJU,PR,ASO,ES,Towers with Radar,278,68,45,0,391,0,179,104,0,283,278,247,149,0,674,0,0,0,674
01/04/2009,SJU,PR,ASO,ES,Towers with Radar,286,33,36,0,355,0,197,78,0,275,286,230,114,0,630,0,0,0,630
01/05/2009,SJU,PR,ASO,ES,Towers with Radar,274,71,36,5,386,0,170,69,0,239,274,241,105,5,625,0,0,0,625
01/06/2009,SJU,PR,ASO,ES,Towers with Radar,230,59,19,1,309,0,118,30,0,148,230,177,49,1,457,0,0,0,457
01/07/2009,SJU,PR,ASO,ES,Towers with Radar,239,64,17,17,337,0,152,41,1,194,239,216,58,18,531,0,0,0,531
01/08/2009,SJU,PR,ASO,ES,Towers with Radar,252,70,30,2,354,0,126,60,0,186,252,196,90,2,540,0,0,0,540
01/09/2009,SJU,PR,ASO,ES,Towers with Radar,247,61,25,0,333,0,134,51,0,185,247,195,76,0,518,0,0,0,518
01/10/2009,SJU,PR,ASO,ES,Towers with Radar,281,40,16,4,341,0,148,44,0,192,281,188,60,4,533,0,0,0,533
01/11/2009,SJU,PR,ASO,ES,Towers with Radar,277,41,12,0,330,0,126,30,0,156,277,167,42,0,486,0,0,0,486
01/12/2009,SJU,PR,ASO,ES,Towers with Radar,223,65,6,0,294,0,126,39,0,165,223,191,45,0,459,0,0,0,459
01/13/2009,SJU,PR,ASO,ES,Towers with Radar,223,55,17,6,301,0,132,43,0,175,223,187,60,6,476,0,0,0,476
01/14/2009,SJU,PR,ASO,ES,Towers with Radar,215,68,14,12,309,0,132,35,0,167,215,200,49,12,476,0,0,0,476
01/15/2009,SJU,PR,ASO,ES,Towers with Radar,217,71,29,6,323,0,147,65,3,215,217,218,94,9,538,0,0,0,538
01/16/2009,SJU,PR,ASO,ES,Towers with Radar,238,192,73,5,508,0,102,54,0,156,238,294,127,5,664,0,0,0,664
01/17/2009,SJU,PR,ASO,ES,Towers with Radar,267,69,18,0,354,0,111,43,0,154,267,180,61,0,508,0,0,0,508
01/18/2009,SJU,PR,ASO,ES,Towers with Radar,264,23,12,2,301,0,127,23,0,150,264,150,35,2,451,0,0,0,451
01/19/2009,SJU,PR,ASO,ES,Towers with Radar,220,57,4,2,283,0,120,35,0,155,220,177,39,2,438,0,0,0,438
01/20/2009,SJU,PR,ASO,ES,Towers with Radar,237,82,15,2,336,0,138,53,0,191,237,220,68,2,527,0,0,0,527
01/21/2009,SJU,PR,ASO,ES,Towers with Radar,233,77,48,6,364,0,118,50,3,171,233,195,98,9,535,0,0,0,535
01/22/2009,SJU,PR,ASO,ES,Towers with Radar,226,75,16,6,323,0,115,76,0,191,226,190,92,6,514,0,0,0,514
01/23/2009,SJU,PR,ASO,ES,Towers with Radar,237,61,12,5,315,0,138,57,4,199,237,199,69,9,514,0,0,0,514
01/24/2009,SJU,PR,ASO,ES,Towers with Radar,244,26,13,5,288,0,169,50,0,219,244,195,63,5,507,0,0,0,507
01/25/2009,SJU,PR,ASO,ES,Towers with Radar,281,30,8,0,319,0,141,21,0,162,281,171,29,0,481,0,0,0,481
01/26/2009,SJU,PR,ASO,ES,Towers with Radar,213,72,25,2,312,0,115,61,0,176,213,187,86,2,488,0,0,0,488
01/27/2009,SJU,PR,ASO,ES,Towers with Radar,198,60,9,5,272,0,118,40,0,158,198,178,49,5,430,0,0,0,430
01/28/2009,SJU,PR,ASO,ES,Towers with Radar,224,70,22,8,324,0,118,65,0,183,224,188,87,8,507,0,0,0,507
01/29/2009,SJU,PR,ASO,ES,Towers with Radar,212,75,18,10,315,0,118,62,0,180,212,193,80,10,495,0,0,0,495
01/30/2009,SJU,PR,ASO,ES,Towers with Radar,224,65,23,2,314,0,140,73,0,213,224,205,96,2,527,0,0,0,527
01/31/2009,SJU,PR,ASO,ES,Towers with Radar,248,28,13,2,291,0,149,39,0,188,248,177,52,2,479,0,0,0,479
02/01/2009,SJU,PR,ASO,ES,Towers with Radar,255,29,17,1,302,0,133,26,0,159,255,162,43,1,461,0,0,0,461
02/02/2009,SJU,PR,ASO,ES,Towers with Radar,217,79,36,0,332,0,121,56,3,180,217,200,92,3,512,0,0,0,512
02/03/2009,SJU,PR,ASO,ES,Towers with Radar,214,53,15,3,285,0,139,50,0,189,214,192,65,3,474,0,0,0,474
02/04/2009,SJU,PR,ASO,ES,Towers with Radar,215,57,10,4,286,0,132,60,0,192,215,189,70,4,478,0,0,0,478
02/05/2009,SJU,PR,ASO,ES,Towers with Radar,228,66,28,22,344,0,127,68,3,198,228,193,96,25,542,0,0,0,542
02/06/2009,SJU,PR,ASO,ES,Towers with Radar,236,59,15,5,315,0,134,50,3,187,236,193,65,8,502,0,0,0,502
02/07/2009,SJU,PR,ASO,ES,Towers with Radar,248,35,15,10,308,0,143,47,1,191,248,178,62,11,499,0,0,0,499
02/08/2009,SJU,PR,ASO,ES,Towers with Radar,264,35,9,18,326,0,127,23,7,157,264,162,32,25,483,0,0,0,483
02/09/2009,SJU,PR,ASO,ES,Towers with Radar,213,97,27,4,341,0,102,37,0,139,213,199,64,4,480,0,0,0,480
02/10/2009,SJU,PR,ASO,ES,Towers with Radar,216,124,28,11,379,0,88,42,0,130,216,212,70,11,509,0,0,0,509
02/11/2009,SJU,PR,ASO,ES,Towers with Radar,225,70,45,9,349,0,146,70,2,218,225,216,115,11,567,0,0,0,567
02/12/2009,SJU,PR,ASO,ES,Towers with Radar,218,72,23,5,318,0,130,92,0,222,218,202,115,5,540,0,0,0,540
02/13/2009,SJU,PR,ASO,ES,Towers with Radar,239,69,31,6,345,0,169,69,2,240,239,238,100,8,585,0,0,0,585
02/14/2009,SJU,PR,ASO,ES,Towers with Radar,269,25,18,0,312,0,199,59,1,259,269,224,77,1,571,0,0,0,571
02/15/2009,SJU,PR,ASO,ES,Towers with Radar,268,36,11,1,316,0,146,30,3,179,268,182,41,4,495,0,0,0,495
02/16/2009,SJU,PR,ASO,ES,Towers with Radar,216,47,26,0,289,0,142,53,0,195,216,189,79,0,484,0,0,0,484
02/17/2009,SJU,PR,ASO,ES,Towers with Radar,229,55,37,10,331,0,137,69,0,206,229,192,106,10,537,0,0,0,537
02/18/2009,SJU,PR,ASO,ES,Towers with Radar,231,58,24,15,328,0,145,56,0,201,231,203,80,15,529,0,0,0,529
02/19/2009,SJU,PR,ASO,ES,Towers with Radar,230,97,45,4,376,0,96,56,5,157,230,193,101,9,533,0,0,0,533
02/20/2009,SJU,PR,ASO,ES,Towers with Radar,234,54,32,2,322,0,174,68,0,242,234,228,100,2,564,0,0,0,564
02/21/2009,SJU,PR,ASO,ES,Towers with Radar,259,24,16,2,301,0,189,77,0,266,259,213,93,2,567,0,0,0,567
02/22/2009,SJU,PR,ASO,ES,Towers with Radar,274,31,13,0,318,0,123,59,0,182,274,154,72,0,500,0,0,0,500
02/23/2009,SJU,PR,ASO,ES,Towers with Radar,199,52,13,0,264,0,127,47,0,174,199,179,60,0,438,0,0,0,438
02/24/2009,SJU,PR,ASO,ES,Towers with Radar,224,61,28,7,320,0,149,45,0,194,224,210,73,7,514,0,0,0,514
02/25/2009,SJU,PR,ASO,ES,Towers with Radar,236,57,17,22,332,0,145,61,2,208,236,202,78,24,540,0,0,0,540
02/26/2009,SJU,PR,ASO,ES,Towers with Radar,234,52,16,17,319,0,154,90,6,250,234,206,106,23,569,0,0,0,569
02/27/2009,SJU,PR,ASO,ES,Towers with Radar,230,63,16,0,309,0,150,63,0,213,230,213,79,0,522,0,0,0,522
02/28/2009,SJU,PR,ASO,ES,Towers with Radar,267,24,25,5,321,0,175,66,0,241,267,199,91,5,562,0,0,0,562
03/01/2009,SJU,PR,ASO,ES,Towers with Radar,256,41,22,2,321,0,129,41,0,170,256,170,63,2,491,0,0,0,491
03/02/2009,SJU,PR,ASO,ES,Towers with Radar,244,67,29,3,343,0,130,69,3,202,244,197,98,6,545,0,0,0,545
03/03/2009,SJU,PR,ASO,ES,Towers with Radar,230,92,31,6,359,0,111,73,0,184,230,203,104,6,543,0,0,0,543
03/04/2009,SJU,PR,ASO,ES,Towers with Radar,229,78,23,17,347,0,86,50,2,138,229,164,73,19,485,0,0,0,485
03/05/2009,SJU,PR,ASO,ES,Towers with Radar,240,138,21,6,405,0,53,43,0,96,240,191,64,6,501,0,0,0,501
03/06/2009,SJU,PR,ASO,ES,Towers with Radar,256,87,22,3,368,0,91,54,0,145,256,178,76,3,513,0,0,0,513
03/07/2009,SJU,PR,ASO,ES,Towers with Radar,278,19,15,4,316,0,161,46,0,207,278,180,61,4,523,0,0,0,523
03/08/2009,SJU,PR,ASO,ES,Towers with Radar,255,22,8,3,288,0,137,19,0,156,255,159,27,3,444,0,0,0,444
03/09/2009,SJU,PR,ASO,ES,Towers with Radar,228,62,26,5,321,0,130,55,0,185,228,192,81,5,506,0,0,0,506
03/10/2009,SJU,PR,ASO,ES,Towers with Radar,221,56,23,3,303,0,124,48,0,172,221,180,71,3,475,0,0,0,475
03/11/2009,SJU,PR,ASO,ES,Towers with Radar,234,58,19,0,311,0,126,65,0,191,234,184,84,0,502,0,0,0,502
03/12/2009,SJU,PR,ASO,ES,Towers with Radar,246,66,20,0,332,0,143,59,0,202,246,209,79,0,534,0,0,0,534
03/13/2009,SJU,PR,ASO,ES,Towers with Radar,232,96,32,3,363,0,146,66,0,212,232,242,98,3,575,0,0,0,575
03/14/2009,SJU,PR,ASO,ES,Towers with Radar,255,43,36,0,334,0,205,63,0,268,255,248,99,0,602,0,0,0,602
03/15/2009,SJU,PR,ASO,ES,Towers with Radar,276,39,28,5,348,0,143,43,0,186,276,182,71,5,534,0,0,0,534
03/16/2009,SJU,PR,ASO,ES,Towers with Radar,218,91,15,2,326,0,114,34,0,148,218,205,49,2,474,0,0,0,474
03/17/2009,SJU,PR,ASO,ES,Towers with Radar,233,64,11,1,309,0,125,41,0,166,233,189,52,1,475,0,0,0,475
03/18/2009,SJU,PR,ASO,ES,Towers with Radar,221,57,20,1,299,0,125,66,0,191,221,182,86,1,490,0,0,0,490
03/19/2009,SJU,PR,ASO,ES,Towers with Radar,228,58,30,7,323,0,140,68,0,208,228,198,98,7,531,0,0,0,531
03/20/2009,SJU,PR,ASO,ES,Towers with Radar,227,57,29,7,320,0,178,75,0,253,227,235,104,7,573,0,0,0,573
03/21/2009,SJU,PR,ASO,ES,Towers with Radar,259,24,24,9,316,0,180,62,2,244,259,204,86,11,560,0,0,0,560
03/22/2009,SJU,PR,ASO,ES,Towers with Radar,269,26,18,2,315,0,144,41,0,185,269,170,59,2,500,0,0,0,500
03/23/2009,SJU,PR,ASO,ES,Towers with Radar,226,83,17,5,331,0,96,55,0,151,226,179,72,5,482,0,0,0,482
03/24/2009,SJU,PR,ASO,ES,Towers with Radar,229,51,12,9,301,0,143,66,0,209,229,194,78,9,510,0,0,0,510
03/25/2009,SJU,PR,ASO,ES,Towers with Radar,225,80,29,18,352,0,104,59,2,165,225,184,88,20,517,0,0,0,517
03/26/2009,SJU,PR,ASO,ES,Towers with Radar,240,88,18,13,359,0,113,48,11,172,240,201,66,24,531,0,0,0,531
03/27/2009,SJU,PR,ASO,ES,Towers with Radar,244,53,15,5,317,0,144,55,14,213,244,197,70,19,530,0,0,0,530
03/28/2009,SJU,PR,ASO,ES,Towers with Radar,264,19,20,8,311,0,183,30,6,219,264,202,50,14,530,0,0,0,530
03/29/2009,SJU,PR,ASO,ES,Towers with Radar,253,38,22,8,321,0,130,34,0,164,253,168,56,8,485,0,0,0,485
03/30/2009,SJU,PR,ASO,ES,Towers with Radar,239,64,24,6,333,0,141,61,0,202,239,205,85,6,535,0,0,0,535
03/31/2009,SJU,PR,ASO,ES,Towers with Radar,234,104,20,6,364,0,84,50,0,134,234,188,70,6,498,0,0,0,498
04/01/2009,SJU,PR,ASO,ES,Towers with Radar,229,56,10,7,302,0,118,52,0,170,229,174,62,7,472,0,0,0,472
04/02/2009,SJU,PR,ASO,ES,Towers with Radar,227,66,15,9,317,0,110,47,4,161,227,176,62,13,478,0,0,0,478
04/03/2009,SJU,PR,ASO,ES,Towers with Radar,244,59,16,1,320,0,159,67,0,226,244,218,83,1,546,0,0,0,546
04/04/2009,SJU,PR,ASO,ES,Towers with Radar,268,22,5,5,300,0,161,60,0,221,268,183,65,5,521,0,0,0,521
04/05/2009,SJU,PR,ASO,ES,Towers with Radar,266,25,5,0,296,0,112,27,0,139,266,137,32,0,435,0,0,0,435
04/06/2009,SJU,PR,ASO,ES,Towers with Radar,219,70,20,7,316,0,125,39,0,164,219,195,59,7,480,0,0,0,480
04/07/2009,SJU,PR,ASO,ES,Towers with Radar,221,58,26,12,317,0,126,58,0,184,221,184,84,12,501,0,0,0,501
04/08/2009,SJU,PR,ASO,ES,Towers with Radar,239,67,7,10,323,0,110,55,1,166,239,177,62,11,489,0,0,0,489
04/09/2009,SJU,PR,ASO,ES,Towers with Radar,220,60,15,0,295,0,100,35,0,135,220,160,50,0,430,0,0,0,430
04/10/2009,SJU,PR,ASO,ES,Towers with Radar,247,16,6,0,269,0,134,26,1,161,247,150,32,1,430,0,0,0,430
04/11/2009,SJU,PR,ASO,ES,Towers with Radar,262,18,4,8,292,0,165,55,2,222,262,183,59,10,514,0,0,0,514
04/12/2009,SJU,PR,ASO,ES,Towers with Radar,265,30,7,1,303,0,147,39,0,186,265,177,46,1,489,0,0,0,489
04/13/2009,SJU,PR,ASO,ES,Towers with Radar,220,60,15,0,295,0,100,35,0,135,220,160,50,0,430,0,0,0,430
04/14/2009,SJU,PR,ASO,ES,Towers with Radar,228,62,18,3,311,0,119,51,10,180,228,181,69,13,491,0,0,0,491
04/15/2009,SJU,PR,ASO,ES,Towers with Radar,239,61,26,11,337,0,106,57,0,163,239,167,83,11,500,0,0,0,500
04/16/2009,SJU,PR,ASO,ES,Towers with Radar,250,59,13,14,336,0,124,72,0,196,250,183,85,14,532,0,0,0,532
04/17/2009,SJU,PR,ASO,ES,Towers with Radar,239,60,19,13,331,0,130,56,0,186,239,190,75,13,517,0,0,0,517
04/18/2009,SJU,PR,ASO,ES,Towers with Radar,284,35,9,13,341,0,155,55,5,215,284,190,64,18,556,0,0,0,556
04/19/2009,SJU,PR,ASO,ES,Towers with Radar,270,42,8,15,335,0,123,42,2,167,270,165,50,17,502,0,0,0,502
04/20/2009,SJU,PR,ASO,ES,Towers with Radar,236,61,19,2,318,0,110,42,5,157,236,171,61,7,475,0,0,0,475
04/21/2009,SJU,PR,ASO,ES,Towers with Radar,232,70,13,8,323,0,112,43,9,164,232,182,56,17,487,0,0,0,487
04/22/2009,SJU,PR,ASO,ES,Towers with Radar,247,74,21,11,353,0,114,76,4,194,247,188,97,15,547,0,0,0,547
04/23/2009,SJU,PR,ASO,ES,Towers with Radar,233,59,6,8,306,0,114,57,4,175,233,173,63,12,481,0,0,0,481
04/24/2009,SJU,PR,ASO,ES,Towers with Radar,254,68,13,4,339,0,133,54,1,188,254,201,67,5,527,0,0,0,527
04/25/2009,SJU,PR,ASO,ES,Towers with Radar,264,59,12,1,336,0,123,37,0,160,264,182,49,1,496,0,0,0,496
04/26/2009,SJU,PR,ASO,ES,Towers with Radar,247,30,9,2,288,0,119,31,0,150,247,149,40,2,438,0,0,0,438
04/27/2009,SJU,PR,ASO,ES,Towers with Radar,230,58,21,7,316,0,109,49,1,159,230,167,70,8,475,0,0,0,475
04/28/2009,SJU,PR,ASO,ES,Towers with Radar,241,66,13,3,323,0,68,54,3,125,241,134,67,6,448,0,0,0,448
04/29/2009,SJU,PR,ASO,ES,Towers with Radar,233,74,36,4,347,0,85,64,0,149,233,159,100,4,496,0,0,0,496
04/30/2009,SJU,PR,ASO,ES,Towers with Radar,233,54,20,3,310,0,69,35,0,104,233,123,55,3,414,0,0,0,414
05/01/2009,SJU,PR,ASO,ES,Towers with Radar,248,62,14,9,333,0,99,60,4,163,248,161,74,13,496,0,0,0,496
05/02/2009,SJU,PR,ASO,ES,Towers with Radar,269,30,34,7,340,0,86,32,0,118,269,116,66,7,458,0,0,0,458
05/03/2009,SJU,PR,ASO,ES,Towers with Radar,250,23,19,1,293,0,79,18,0,97,250,102,37,1,390,0,0,0,390
05/04/2009,SJU,PR,ASO,ES,Towers with Radar,241,89,30,2,362,0,62,49,1,112,241,151,79,3,474,0,0,0,474
05/05/2009,SJU,PR,ASO,ES,Towers with Radar,251,69,29,8,357,0,79,68,4,151,251,148,97,12,508,0,0,0,508
05/06/2009,SJU,PR,ASO,ES,Towers with Radar,241,91,29,9,370,0,52,42,0,94,241,143,71,9,464,0,0,0,464
05/07/2009,SJU,PR,ASO,ES,Towers with Radar,254,110,21,19,404,0,54,50,3,107,254,164,71,22,511,0,0,0,511
05/08/2009,SJU,PR,ASO,ES,Towers with Radar,263,85,13,1,362,0,71,51,0,122,263,156,64,1,484,0,0,0,484
05/09/2009,SJU,PR,ASO,ES,Towers with Radar,260,43,14,4,321,0,79,28,0,107,260,122,42,4,428,0,0,0,428
05/10/2009,SJU,PR,ASO,ES,Towers with Radar,239,25,10,0,274,0,80,16,0,96,239,105,26,0,370,0,0,0,370
05/11/2009,SJU,PR,ASO,ES,Towers with Radar,232,74,22,4,332,0,68,43,0,111,232,142,65,4,443,0,0,0,443
05/12/2009,SJU,PR,ASO,ES,Towers with Radar,242,90,31,2,365,0,48,43,0,91,242,138,74,2,456,0,0,0,456
05/13/2009,SJU,PR,ASO,ES,Towers with Radar,236,105,40,11,392,0,40,37,0,77,236,145,77,11,469,0,0,0,469
05/14/2009,SJU,PR,ASO,ES,Towers with Radar,240,75,27,4,346,0,73,43,0,116,240,148,70,4,462,0,0,0,462
05/15/2009,SJU,PR,ASO,ES,Towers with Radar,247,74,28,10,359,0,96,42,4,142,247,170,70,14,501,0,8,8,509
05/16/2009,SJU,PR,ASO,ES,Towers with Radar,259,24,22,7,312,0,90,28,0,118,259,114,50,7,430,0,0,0,430
05/17/2009,SJU,PR,ASO,ES,Towers with Radar,240,23,11,5,279,0,69,19,10,98,240,92,30,15,377,0,0,0,377
05/18/2009,SJU,PR,ASO,ES,Towers with Radar,236,99,31,3,369,0,48,36,0,84,236,147,67,3,453,0,0,0,453
05/19/2009,SJU,PR,ASO,ES,Towers with Radar,238,68,17,5,328,0,64,51,0,115,238,132,68,5,443,0,0,0,443
05/20/2009,SJU,PR,ASO,ES,Towers with Radar,238,73,33,9,353,0,69,52,2,123,238,142,85,11,476,0,0,0,476
05/21/2009,SJU,PR,ASO,ES,Towers with Radar,264,91,29,21,405,0,73,55,6,134,264,164,84,27,539,0,0,0,539
05/22/2009,SJU,PR,ASO,ES,Towers with Radar,273,66,29,3,371,0,77,58,0,135,273,143,87,3,506,0,0,0,506
05/23/2009,SJU,PR,ASO,ES,Towers with Radar,267,26,12,0,305,0,93,52,0,145,267,119,64,0,450,0,0,0,450
05/24/2009,SJU,PR,ASO,ES,Towers with Radar,256,33,12,0,301,0,64,30,0,94,256,97,42,0,395,0,0,0,395
05/25/2009,SJU,PR,ASO,ES,Towers with Radar,251,58,19,0,328,0,72,34,0,106,251,130,53,0,434,0,0,0,434
05/26/2009,SJU,PR,ASO,ES,Towers with Radar,226,92,37,2,357,0,53,45,0,98,226,145,82,2,455,0,0,0,455
05/27/2009,SJU,PR,ASO,ES,Towers with Radar,243,75,17,3,338,0,131,56,2,189,243,206,73,5,527,0,0,0,527
05/28/2009,SJU,PR,ASO,ES,Towers with Radar,251,78,37,8,374,0,77,66,2,145,251,155,103,10,519,0,0,0,519
05/29/2009,SJU,PR,ASO,ES,Towers with Radar,274,73,23,2,372,0,65,66,0,131,274,138,89,2,503,0,0,0,503
05/30/2009,SJU,PR,ASO,ES,Towers with Radar,262,27,8,1,298,0,101,37,1,139,262,128,45,2,437,0,0,0,437
05/31/2009,SJU,PR,ASO,ES,Towers with Radar,240,19,15,8,282,0,82,22,3,107,240,101,37,11,389,0,0,0,389
06/01/2009,SJU,PR,ASO,ES,Towers with Radar,241,68,16,1,326,0,71,55,1,127,241,139,71,2,453,0,0,0,453
06/02/2009,SJU,PR,ASO,ES,Towers with Radar,239,73,10,4,326,0,66,43,0,109,239,139,53,4,435,0,0,0,435
06/03/2009,SJU,PR,ASO,ES,Towers with Radar,255,96,27,9,387,0,39,31,0,70,255,135,58,9,457,0,0,0,457
06/04/2009,SJU,PR,ASO,ES,Towers with Radar,263,72,31,3,369,0,77,79,2,158,263,149,110,5,527,0,0,0,527
06/05/2009,SJU,PR,ASO,ES,Towers with Radar,270,58,11,4,343,0,84,67,8,159,270,142,78,12,502,0,0,0,502
06/06/2009,SJU,PR,ASO,ES,Towers with Radar,273,37,12,11,333,0,67,26,1,94,273,104,38,12,427,0,0,0,427
06/07/2009,SJU,PR,ASO,ES,Towers with Radar,252,27,7,1,287,0,59,26,0,85,252,86,33,1,372,0,0,0,372
06/08/2009,SJU,PR,ASO,ES,Towers with Radar,263,75,27,18,383,0,63,47,0,110,263,138,74,18,493,0,0,0,493
06/09/2009,SJU,PR,ASO,ES,Towers with Radar,247,69,32,2,350,0,59,47,0,106,247,128,79,2,456,0,0,0,456
06/10/2009,SJU,PR,ASO,ES,Towers with Radar,234,65,8,12,319,0,88,64,13,165,234,153,72,25,484,0,0,0,484
06/11/2009,SJU,PR,ASO,ES,Towers with Radar,265,92,13,2,372,0,57,40,0,97,265,149,53,2,469,0,0,0,469
06/12/2009,SJU,PR,ASO,ES,Towers with Radar,268,61,24,4,357,0,64,46,0,110,268,125,70,4,467,0,0,0,467
06/13/2009,SJU,PR,ASO,ES,Towers with Radar,274,42,25,10,351,0,59,46,0,105,274,101,71,10,456,0,0,0,456
06/14/2009,SJU,PR,ASO,ES,Towers with Radar,268,39,8,6,321,0,67,29,0,96,268,106,37,6,417,0,0,0,417
06/15/2009,SJU,PR,ASO,ES,Towers with Radar,264,87,13,7,371,0,70,41,0,111,264,157,54,7,482,0,0,0,482
06/16/2009,SJU,PR,ASO,ES,Towers with Radar,256,71,18,2,347,0,66,37,0,103,256,137,55,2,450,0,0,0,450
06/17/2009,SJU,PR,ASO,ES,Towers with Radar,251,58,19,5,333,0,69,47,0,116,251,127,66,5,449,0,0,0,449
06/18/2009,SJU,PR,ASO,ES,Towers with Radar,260,68,15,8,351,0,67,65,0,132,260,135,80,8,483,0,0,0,483
06/19/2009,SJU,PR,ASO,ES,Towers with Radar,277,57,17,5,356,0,80,53,0,133,277,137,70,5,489,0,0,0,489
06/20/2009,SJU,PR,ASO,ES,Towers with Radar,310,25,5,1,341,0,71,23,0,94,310,96,28,1,435,0,0,0,435
06/21/2009,SJU,PR,ASO,ES,Towers with Radar,278,25,8,0,311,0,63,24,0,87,278,88,32,0,398,0,0,0,398
06/22/2009,SJU,PR,ASO,ES,Towers with Radar,264,66,15,22,367,0,77,47,2,126,264,143,62,24,493,0,0,0,493
06/23/2009,SJU,PR,ASO,ES,Towers with Radar,246,59,21,8,334,0,60,47,1,108,246,119,68,9,442,0,0,0,442
06/24/2009,SJU,PR,ASO,ES,Towers with Radar,254,69,27,14,364,0,69,44,0,113,254,138,71,14,477,0,0,0,477
06/25/2009,SJU,PR,ASO,ES,Towers with Radar,261,81,11,2,355,0,62,62,1,125,261,143,73,3,480,0,0,0,480
06/26/2009,SJU,PR,ASO,ES,Towers with Radar,273,83,27,6,389,0,66,43,0,109,273,149,70,6,498,0,0,0,498
06/27/2009,SJU,PR,ASO,ES,Towers with Radar,282,55,17,2,356,0,51,26,0,77,282,106,43,2,433,0,0,0,433
06/28/2009,SJU,PR,ASO,ES,Towers with Radar,269,35,8,0,312,0,46,29,0,75,269,81,37,0,387,0,0,0,387
06/29/2009,SJU,PR,ASO,ES,Towers with Radar,272,60,19,3,354,0,70,54,0,124,272,130,73,3,478,0,0,0,478
06/30/2009,SJU,PR,ASO,ES,Towers with Radar,252,64,16,2,334,0,56,47,1,104,252,120,63,3,438,0,0,0,438
07/01/2009,SJU,PR,ASO,ES,Towers with Radar,259,66,13,6,344,0,68,58,3,129,259,134,71,9,473,0,0,0,473
07/02/2009,SJU,PR,ASO,ES,Towers with Radar,261,59,10,3,333,0,70,60,0,130,261,129,70,3,463,0,0,0,463
07/03/2009,SJU,PR,ASO,ES,Towers with Radar,258,47,24,0,329,0,62,32,0,94,258,109,56,0,423,0,0,0,423
07/04/2009,SJU,PR,ASO,ES,Towers with Radar,288,29,7,2,326,0,48,31,0,79,288,77,38,2,405,0,0,0,405
07/05/2009,SJU,PR,ASO,ES,Towers with Radar,281,43,11,0,335,0,43,28,0,71,281,86,39,0,406,0,0,0,406
07/06/2009,SJU,PR,ASO,ES,Towers with Radar,265,90,17,3,375,0,47,50,1,98,265,137,67,4,473,0,0,0,473
07/07/2009,SJU,PR,ASO,ES,Towers with Radar,246,62,25,1,334,0,65,49,1,115,246,127,74,2,449,0,0,0,449
07/08/2009,SJU,PR,ASO,ES,Towers with Radar,250,67,15,6,338,0,62,38,0,100,250,129,53,6,438,0,0,0,438
07/09/2009,SJU,PR,ASO,ES,Towers with Radar,260,69,9,9,347,0,61,59,2,122,260,130,68,11,469,0,0,0,469
07/10/2009,SJU,PR,ASO,ES,Towers with Radar,270,78,21,6,375,0,68,52,1,121,270,146,73,7,496,0,0,0,496
07/11/2009,SJU,PR,ASO,ES,Towers with Radar,302,28,11,7,348,0,67,21,2,90,302,95,32,9,438,0,0,0,438
07/12/2009,SJU,PR,ASO,ES,Towers with Radar,279,33,7,4,323,0,55,23,0,78,279,88,30,4,401,0,0,0,401
07/13/2009,SJU,PR,ASO,ES,Towers with Radar,262,83,20,3,368,0,51,35,0,86,262,134,55,3,454,0,0,0,454
07/14/2009,SJU,PR,ASO,ES,Towers with Radar,265,73,19,2,359,0,127,51,0,178,265,200,70,2,537,12,0,12,549
07/15/2009,SJU,PR,ASO,ES,Towers with Radar,255,74,7,13,349,0,76,40,2,118,255,150,47,15,467,0,0,0,467
07/16/2009,SJU,PR,ASO,ES,Towers with Radar,272,75,23,6,376,0,64,49,22,135,272,139,72,28,511,0,0,0,511
07/17/2009,SJU,PR,ASO,ES,Towers with Radar,276,69,19,4,368,0,58,44,0,102,276,127,63,4,470,2,0,2,472
07/18/2009,SJU,PR,ASO,ES,Towers with Radar,300,30,16,7,353,0,61,26,0,87,300,91,42,7,440,0,0,0,440
07/19/2009,SJU,PR,ASO,ES,Towers with Radar,278,37,9,6,330,0,49,19,0,68,278,86,28,6,398,0,0,0,398
07/20/2009,SJU,PR,ASO,ES,Towers with Radar,249,71,23,3,346,0,58,37,0,95,249,129,60,3,441,0,0,0,441
07/21/2009,SJU,PR,ASO,ES,Towers with Radar,243,63,21,0,327,0,47,38,1,86,243,110,59,1,413,0,0,0,413
07/22/2009,SJU,PR,ASO,ES,Towers with Radar,344,70,10,3,427,0,69,53,0,122,344,139,63,3,549,0,0,0,549
07/23/2009,SJU,PR,ASO,ES,Towers with Radar,258,80,24,5,367,0,62,59,2,123,258,142,83,7,490,0,0,0,490
07/24/2009,SJU,PR,ASO,ES,Towers with Radar,277,50,25,3,355,0,68,41,0,109,277,118,66,3,464,0,0,0,464
07/25/2009,SJU,PR,ASO,ES,Towers with Radar,301,38,12,0,351,0,60,24,0,84,301,98,36,0,435,0,0,0,435
07/26/2009,SJU,PR,ASO,ES,Towers with Radar,274,34,7,1,316,0,66,41,0,107,274,100,48,1,423,0,0,0,423
07/27/2009,SJU,PR,ASO,ES,Towers with Radar,261,69,20,0,350,0,61,57,0,118,261,130,77,0,468,0,0,0,468
07/28/2009,SJU,PR,ASO,ES,Towers with Radar,253,69,9,6,337,0,69,61,0,130,253,138,70,6,467,0,0,0,467
07/29/2009,SJU,PR,ASO,ES,Towers with Radar,257,70,35,16,378,0,83,69,0,152,257,153,104,16,530,0,0,0,530
07/30/2009,SJU,PR,ASO,ES,Towers with Radar,271,77,24,7,379,0,83,68,0,151,271,160,92,7,530,0,0,0,530
07/31/2009,SJU,PR,ASO,ES,Towers with Radar,284,57,25,1,367,0,77,50,0,127,284,134,75,1,494,0,0,0,494
08/01/2009,SJU,PR,ASO,ES,Towers with Radar,298,29,17,4,348,0,77,30,0,107,298,106,47,4,455,0,0,0,455
08/02/2009,SJU,PR,ASO,ES,Towers with Radar,280,30,7,1,318,0,60,28,0,88,280,90,35,1,406,0,0,0,406
08/03/2009,SJU,PR,ASO,ES,Towers with Radar,239,65,10,5,319,0,63,36,1,100,239,128,46,6,419,0,0,0,419
08/04/2009,SJU,PR,ASO,ES,Towers with Radar,254,58,19,6,337,0,63,49,0,112,254,121,68,6,449,0,0,0,449
08/05/2009,SJU,PR,ASO,ES,Towers with Radar,251,65,16,20,352,0,62,49,0,111,251,127,65,20,463,0,0,0,463
08/06/2009,SJU,PR,ASO,ES,Towers with Radar,246,67,18,14,345,0,62,50,4,116,246,129,68,18,461,0,0,0,461
08/07/2009,SJU,PR,ASO,ES,Towers with Radar,265,58,19,3,345,0,76,70,0,146,265,134,89,3,491,2,0,2,493
08/08/2009,SJU,PR,ASO,ES,Towers with Radar,240,18,10,2,270,0,55,10,0,65,240,73,20,2,335,0,0,0,335
08/09/2009,SJU,PR,ASO,ES,Towers with Radar,215,40,14,2,271,0,38,23,1,62,215,78,37,3,333,0,0,0,333
08/10/2009,SJU,PR,ASO,ES,Towers with Radar,246,64,19,3,332,0,62,62,0,124,246,126,81,3,456,0,0,0,456
08/11/2009,SJU,PR,ASO,ES,Towers with Radar,250,60,16,3,329,0,69,56,0,125,250,129,72,3,454,0,0,0,454
08/12/2009,SJU,PR,ASO,ES,Towers with Radar,241,64,17,10,332,0,53,50,0,103,241,117,67,10,435,0,0,0,435
08/13/2009,SJU,PR,ASO,ES,Towers with Radar,253,67,16,18,354,0,63,49,0,112,253,130,65,18,466,0,0,0,466
08/14/2009,SJU,PR,ASO,ES,Towers with Radar,272,58,12,6,348,0,70,39,2,111,272,128,51,8,459,0,0,0,459
08/15/2009,SJU,PR,ASO,ES,Towers with Radar,267,25,14,0,306,0,61,26,0,87,267,86,40,0,393,0,0,0,393
08/16/2009,SJU,PR,ASO,ES,Towers with Radar,247,24,11,5,287,0,71,38,0,109,247,95,49,5,396,0,0,0,396
08/17/2009,SJU,PR,ASO,ES,Towers with Radar,246,80,10,0,336,0,33,21,0,54,246,113,31,0,390,0,0,0,390
08/18/2009,SJU,PR,ASO,ES,Towers with Radar,236,66,16,0,318,0,67,54,0,121,236,133,70,0,439,0,0,0,439
08/19/2009,SJU,PR,ASO,ES,Towers with Radar,241,59,9,5,314,0,59,50,0,109,241,118,59,5,423,0,0,0,423
08/20/2009,SJU,PR,ASO,ES,Towers with Radar,227,75,9,3,314,0,53,51,0,104,227,128,60,3,418,0,0,0,418
08/21/2009,SJU,PR,ASO,ES,Towers with Radar,233,60,9,3,305,0,68,45,1,114,233,128,54,4,419,0,0,0,419
08/22/2009,SJU,PR,ASO,ES,Towers with Radar,255,27,19,18,319,0,56,21,0,77,255,83,40,18,396,0,0,0,396
08/23/2009,SJU,PR,ASO,ES,Towers with Radar,250,25,15,0,290,0,62,20,8,90,250,87,35,8,380,0,0,0,380
08/24/2009,SJU,PR,ASO,ES,Towers with Radar,230,76,24,1,331,0,48,41,0,89,230,124,65,1,420,0,0,0,420
08/25/2009,SJU,PR,ASO,ES,Towers with Radar,227,61,17,1,306,0,71,40,0,111,227,132,57,1,417,0,0,0,417
08/26/2009,SJU,PR,ASO,ES,Towers with Radar,221,75,17,13,326,0,62,82,0,144,221,137,99,13,470,0,0,0,470
08/27/2009,SJU,PR,ASO,ES,Towers with Radar,234,78,15,13,340,0,64,39,5,108,234,142,54,18,448,0,0,0,448
08/28/2009,SJU,PR,ASO,ES,Towers with Radar,226,59,27,3,315,0,75,55,0,130,226,134,82,3,445,0,0,0,445
08/29/2009,SJU,PR,ASO,ES,Towers with Radar,253,59,20,4,336,0,32,24,0,56,253,91,44,4,392,0,0,0,392
08/30/2009,SJU,PR,ASO,ES,Towers with Radar,240,32,7,13,292,0,62,29,0,91,240,94,36,13,383,0,0,0,383
08/31/2009,SJU,PR,ASO,ES,Towers with Radar,217,66,23,1,307,0,60,41,0,101,217,126,64,1,408,0,0,0,408
09/01/2009,SJU,PR,ASO,ES,Towers with Radar,213,61,22,4,300,0,69,47,1,117,213,130,69,5,417,0,0,0,417
09/02/2009,SJU,PR,ASO,ES,Towers with Radar,213,50,39,6,308,0,61,46,4,111,213,111,85,10,419,0,0,0,419
09/03/2009,SJU,PR,ASO,ES,Towers with Radar,201,48,12,12,273,0,27,28,4,59,201,75,40,16,332,0,0,0,332
09/04/2009,SJU,PR,ASO,ES,Towers with Radar,238,69,16,1,324,0,37,34,0,71,238,106,50,1,395,4,0,4,399
09/05/2009,SJU,PR,ASO,ES,Towers with Radar,228,34,12,2,276,0,25,13,0,38,228,59,25,2,314,0,0,0,314
09/06/2009,SJU,PR,ASO,ES,Towers with Radar,221,32,7,1,261,0,39,9,0,48,221,71,16,1,309,0,0,0,309
09/07/2009,SJU,PR,ASO,ES,Towers with Radar,224,47,11,0,282,0,65,20,0,85,224,112,31,0,367,0,0,0,367
09/08/2009,SJU,PR,ASO,ES,Towers with Radar,212,65,17,2,296,0,70,48,0,118,212,135,65,2,414,0,0,0,414
09/09/2009,SJU,PR,ASO,ES,Towers with Radar,210,64,20,11,305,0,53,27,1,81,210,117,47,12,386,0,0,0,386
09/10/2009,SJU,PR,ASO,ES,Towers with Radar,212,61,26,7,306,0,66,49,14,129,212,127,75,21,435,0,0,0,435
09/11/2009,SJU,PR,ASO,ES,Towers with Radar,215,61,43,6,325,0,62,34,22,118,215,123,77,28,443,0,0,0,443
09/12/2009,SJU,PR,ASO,ES,Towers with Radar,225,26,15,14,280,0,51,17,1,69,225,77,32,15,349,0,0,0,349
09/13/2009,SJU,PR,ASO,ES,Towers with Radar,225,28,7,8,268,0,54,14,2,70,225,82,21,10,338,0,0,0,338
09/14/2009,SJU,PR,ASO,ES,Towers with Radar,202,65,31,2,300,0,51,60,0,111,202,116,91,2,411,0,0,0,411
09/15/2009,SJU,PR,ASO,ES,Towers with Radar,199,48,19,2,268,0,66,47,0,113,199,114,66,2,381,0,0,0,381
09/16/2009,SJU,PR,ASO,ES,Towers with Radar,204,52,13,4,273,0,63,53,1,117,204,115,66,5,390,0,0,0,390
09/17/2009,SJU,PR,ASO,ES,Towers with Radar,211,64,19,22,316,0,75,43,2,120,211,139,62,24,436,0,0,0,436
09/18/2009,SJU,PR,ASO,ES,Towers with Radar,216,51,28,2,297,0,60,55,1,116,216,111,83,3,413,4,0,4,417
09/19/2009,SJU,PR,ASO,ES,Towers with Radar,230,26,11,2,269,0,51,30,0,81,230,77,41,2,350,0,0,0,350
09/20/2009,SJU,PR,ASO,ES,Towers with Radar,207,26,9,0,242,0,41,19,0,60,207,67,28,0,302,0,0,0,302
09/21/2009,SJU,PR,ASO,ES,Towers with Radar,209,68,28,3,308,0,58,33,0,91,209,126,61,3,399,0,0,0,399
09/22/2009,SJU,PR,ASO,ES,Towers with Radar,203,68,27,1,299,0,48,50,0,98,203,116,77,1,397,0,0,0,397
09/23/2009,SJU,PR,ASO,ES,Towers with Radar,209,56,28,9,302,0,72,46,1,119,209,128,74,10,421,0,0,0,421
09/24/2009,SJU,PR,ASO,ES,Towers with Radar,211,59,29,2,301,0,80,69,0,149,211,139,98,2,450,0,0,0,450
09/25/2009,SJU,PR,ASO,ES,Towers with Radar,205,38,19,7,269,0,52,23,0,75,205,90,42,7,344,0,0,0,344
09/26/2009,SJU,PR,ASO,ES,Towers with Radar,228,17,14,3,262,0,79,35,0,114,228,96,49,3,376,0,0,0,376
09/27/2009,SJU,PR,ASO,ES,Towers with Radar,215,38,12,1,266,0,64,14,0,78,215,102,26,1,344,0,0,0,344
09/28/2009,SJU,PR,ASO,ES,Towers with Radar,202,65,24,3,294,0,58,49,2,109,202,123,73,5,403,0,0,0,403
09/29/2009,SJU,PR,ASO,ES,Towers with Radar,227,63,27,1,318,0,61,47,0,108,227,124,74,1,426,0,0,0,426
09/30/2009,SJU,PR,ASO,ES,Towers with Radar,207,56,24,5,292,0,70,41,0,111,207,126,65,5,403,0,0,0,403
10/01/2009,SJU,PR,ASO,ES,Towers with Radar,209,59,26,0,294,0,72,63,0,135,209,131,89,0,429,0,0,0,429
10/02/2009,SJU,PR,ASO,ES,Towers with Radar,225,58,36,3,322,0,73,41,0,114,225,131,77,3,436,6,2,8,444
10/03/2009,SJU,PR,ASO,ES,Towers with Radar,228,22,23,5,278,0,59,29,0,88,228,81,52,5,366,0,0,0,366
10/04/2009,SJU,PR,ASO,ES,Towers with Radar,214,26,6,4,250,0,53,13,4,70,214,79,19,8,320,0,0,0,320
10/05/2009,SJU,PR,ASO,ES,Towers with Radar,207,66,21,4,298,0,58,27,4,89,207,124,48,8,387,0,0,0,387
10/06/2009,SJU,PR,ASO,ES,Towers with Radar,207,66,20,1,294,0,61,56,1,118,207,127,76,2,412,0,0,0,412
10/07/2009,SJU,PR,ASO,ES,Towers with Radar,209,65,11,5,290,0,60,42,1,103,209,125,53,6,393,0,0,0,393
10/08/2009,SJU,PR,ASO,ES,Towers with Radar,221,85,26,19,351,0,61,38,0,99,221,146,64,19,450,0,0,0,450
10/09/2009,SJU,PR,ASO,ES,Towers with Radar,175,58,11,5,249,0,71,26,5,102,175,129,37,10,351,0,0,0,351
10/10/2009,SJU,PR,ASO,ES,Towers with Radar,232,22,12,7,273,0,70,24,0,94,232,92,36,7,367,0,0,0,367
10/11/2009,SJU,PR,ASO,ES,Towers with Radar,219,33,11,9,272,0,39,22,0,61,219,72,33,9,333,0,0,0,333
10/12/2009,SJU,PR,ASO,ES,Towers with Radar,227,67,19,1,314,0,40,22,0,62,227,107,41,1,376,0,0,0,376
10/13/2009,SJU,PR,ASO,ES,Towers with Radar,204,78,27,4,313,0,60,74,0,134,204,138,101,4,447,0,14,14,461
10/14/2009,SJU,PR,ASO,ES,Towers with Radar,213,67,28,4,312,0,67,64,0,131,213,134,92,4,443,0,0,0,443
10/15/2009,SJU,PR,ASO,ES,Towers with Radar,212,69,29,5,315,0,51,29,2,82,212,120,58,7,397,0,0,0,397
10/16/2009,SJU,PR,ASO,ES,Towers with Radar,229,48,14,1,292,0,78,45,0,123,229,126,59,1,415,0,0,0,415
10/17/2009,SJU,PR,ASO,ES,Towers with Radar,214,20,6,14,254,0,64,22,0,86,214,84,28,14,340,0,0,0,340
10/18/2009,SJU,PR,ASO,ES,Towers with Radar,224,20,12,0,256,0,65,25,0,90,224,85,37,0,346,0,0,0,346
10/19/2009,SJU,PR,ASO,ES,Towers with Radar,207,67,15,3,292,0,65,51,0,116,207,132,66,3,408,0,0,0,408
10/20/2009,SJU,PR,ASO,ES,Towers with Radar,206,63,16,3,288,0,65,61,0,126,206,128,77,3,414,0,0,0,414
10/21/2009,SJU,PR,ASO,ES,Towers with Radar,212,69,30,12,323,0,62,47,0,109,212,131,77,12,432,0,0,0,432
10/22/2009,SJU,PR,ASO,ES,Towers with Radar,214,68,22,8,312,0,54,45,0,99,214,122,67,8,411,0,0,0,411
10/23/2009,SJU,PR,ASO,ES,Towers with Radar,222,59,16,5,302,0,63,49,1,113,222,122,65,6,415,0,0,0,415
10/24/2009,SJU,PR,ASO,ES,Towers with Radar,235,12,16,10,273,0,66,24,1,91,235,78,40,11,364,0,0,0,364
10/25/2009,SJU,PR,ASO,ES,Towers with Radar,219,15,13,7,254,0,65,24,0,89,219,80,37,7,343,0,0,0,343
10/26/2009,SJU,PR,ASO,ES,Towers with Radar,204,59,15,1,279,0,73,43,0,116,204,132,58,1,395,0,0,0,395
10/27/2009,SJU,PR,ASO,ES,Towers with Radar,175,58,11,5,249,0,71,26,5,102,175,129,37,10,351,0,0,0,351
10/28/2009,SJU,PR,ASO,ES,Towers with Radar,207,72,22,16,317,0,70,36,10,116,207,142,58,26,433,0,0,0,433
10/29/2009,SJU,PR,ASO,ES,Towers with Radar,217,55,22,12,306,0,74,56,0,130,217,129,78,12,436,0,0,0,436
10/30/2009,SJU,PR,ASO,ES,Towers with Radar,227,62,25,8,322,0,72,63,3,138,227,134,88,11,460,16,0,16,476
10/31/2009,SJU,PR,ASO,ES,Towers with Radar,222,24,16,4,266,0,72,23,0,95,222,96,39,4,361,0,0,0,361
11/01/2009,SJU,PR,ASO,ES,Towers with Radar,229,37,14,1,281,0,68,20,1,89,229,105,34,2,370,0,0,0,370
11/02/2009,SJU,PR,ASO,ES,Towers with Radar,237,71,14,1,323,0,95,47,0,142,237,166,61,1,465,8,0,8,473
11/03/2009,SJU,PR,ASO,ES,Towers with Radar,227,56,14,11,308,0,104,46,10,160,227,160,60,21,468,0,0,0,468
11/04/2009,SJU,PR,ASO,ES,Towers with Radar,223,68,27,16,334,0,91,49,0,140,223,159,76,16,474,0,0,0,474
11/05/2009,SJU,PR,ASO,ES,Towers with Radar,223,62,29,5,319,0,99,39,0,138,223,161,68,5,457,0,0,0,457
11/06/2009,SJU,PR,ASO,ES,Towers with Radar,258,56,27,5,346,0,112,75,0,187,258,168,102,5,533,0,0,0,533
11/07/2009,SJU,PR,ASO,ES,Towers with Radar,249,28,22,1,300,0,105,47,0,152,249,133,69,1,452,0,0,0,452
11/08/2009,SJU,PR,ASO,ES,Towers with Radar,228,31,11,0,270,0,74,33,0,107,228,105,44,0,377,0,0,0,377
11/09/2009,SJU,PR,ASO,ES,Towers with Radar,222,82,28,1,333,0,72,24,0,96,222,154,52,1,429,0,0,0,429
11/10/2009,SJU,PR,ASO,ES,Towers with Radar,220,74,40,5,339,0,107,54,0,161,220,181,94,5,500,0,0,0,500
11/11/2009,SJU,PR,ASO,ES,Towers with Radar,219,51,28,3,301,0,93,48,0,141,219,144,76,3,442,0,0,0,442
11/12/2009,SJU,PR,ASO,ES,Towers with Radar,225,57,28,6,316,0,91,45,0,136,225,148,73,6,452,0,0,0,452
11/13/2009,SJU,PR,ASO,ES,Towers with Radar,228,66,23,0,317,0,108,55,0,163,228,174,78,0,480,4,0,4,484
11/14/2009,SJU,PR,ASO,ES,Towers with Radar,265,33,13,4,315,0,101,35,1,137,265,134,48,5,452,0,0,0,452
11/15/2009,SJU,PR,ASO,ES,Towers with Radar,236,33,8,3,280,0,82,28,0,110,236,115,36,3,390,0,0,0,390
11/16/2009,SJU,PR,ASO,ES,Towers with Radar,224,94,29,3,350,0,36,23,0,59,224,130,52,3,409,0,0,0,409
11/17/2009,SJU,PR,ASO,ES,Towers with Radar,235,68,34,12,349,0,99,51,0,150,235,167,85,12,499,0,0,0,499
11/18/2009,SJU,PR,ASO,ES,Towers with Radar,231,92,43,6,372,0,82,67,0,149,231,174,110,6,521,0,0,0,521
11/19/2009,SJU,PR,ASO,ES,Towers with Radar,250,88,18,6,362,0,129,49,3,181,250,217,67,9,543,0,0,0,543
11/20/2009,SJU,PR,ASO,ES,Towers with Radar,254,73,36,5,368,0,103,70,0,173,254,176,106,5,541,5,4,9,550
11/21/2009,SJU,PR,ASO,ES,Towers with Radar,274,28,10,3,315,0,129,49,0,178,274,157,59,3,493,0,0,0,493
11/22/2009,SJU,PR,ASO,ES,Towers with Radar,264,34,18,6,322,0,106,45,0,151,264,140,63,6,473,0,0,0,473
11/23/2009,SJU,PR,ASO,ES,Towers with Radar,246,57,25,3,331,0,101,53,0,154,246,158,78,3,485,4,0,4,489
11/24/2009,SJU,PR,ASO,ES,Towers with Radar,245,59,16,4,324,0,113,56,3,172,245,172,72,7,496,8,0,8,504
11/25/2009,SJU,PR,ASO,ES,Towers with Radar,262,69,30,5,366,0,103,71,0,174,262,172,101,5,540,0,0,0,540
11/26/2009,SJU,PR,ASO,ES,Towers with Radar,245,45,8,0,298,0,90,14,0,104,245,135,22,0,402,0,0,0,402
11/27/2009,SJU,PR,ASO,ES,Towers with Radar,245,67,17,0,329,0,102,38,0,140,245,169,55,0,469,3,0,3,472
11/28/2009,SJU,PR,ASO,ES,Towers with Radar,279,28,16,2,325,0,135,64,0,199,279,163,80,2,524,0,0,0,524
11/29/2009,SJU,PR,ASO,ES,Towers with Radar,269,40,13,2,324,0,108,40,0,148,269,148,53,2,472,0,0,0,472
11/30/2009,SJU,PR,ASO,ES,Towers with Radar,246,62,28,1,337,0,119,56,0,175,246,181,84,1,512,4,0,4,516
12/01/2009,SJU,PR,ASO,ES,Towers with Radar,237,51,28,8,324,0,103,58,0,161,237,154,86,8,485,13,0,13,498
12/02/2009,SJU,PR,ASO,ES,Towers with Radar,235,61,18,19,333,0,104,46,1,151,235,165,64,20,484,0,0,0,484
12/03/2009,SJU,PR,ASO,ES,Towers with Radar,238,67,31,15,351,0,99,50,0,149,238,166,81,15,500,0,0,0,500
12/04/2009,SJU,PR,ASO,ES,Towers with Radar,223,63,27,1,314,0,112,58,0,170,223,175,85,1,484,0,0,0,484
12/05/2009,SJU,PR,ASO,ES,Towers with Radar,266,17,20,0,303,0,130,55,1,186,266,147,75,1,489,0,0,0,489
12/06/2009,SJU,PR,ASO,ES,Towers with Radar,234,19,18,5,276,0,96,35,1,132,234,115,53,6,408,0,0,0,408
12/07/2009,SJU,PR,ASO,ES,Towers with Radar,227,65,23,3,318,0,96,55,7,158,227,161,78,10,476,0,0,0,476
12/08/2009,SJU,PR,ASO,ES,Towers with Radar,228,51,24,4,307,0,103,65,1,169,228,154,89,5,476,0,0,0,476
12/09/2009,SJU,PR,ASO,ES,Towers with Radar,234,65,35,8,342,0,92,64,1,157,234,157,99,9,499,0,0,0,499
12/10/2009,SJU,PR,ASO,ES,Towers with Radar,240,75,39,9,363,0,75,59,4,138,240,150,98,13,501,0,0,0,501
12/11/2009,SJU,PR,ASO,ES,Towers with Radar,261,74,35,2,372,0,105,69,0,174,261,179,104,2,546,3,0,3,549
12/12/2009,SJU,PR,ASO,ES,Towers with Radar,264,34,22,9,329,0,95,43,4,142,264,129,65,13,471,0,0,0,471
12/13/2009,SJU,PR,ASO,ES,Towers with Radar,233,40,21,11,305,0,93,26,0,119,233,133,47,11,424,0,0,0,424
12/14/2009,SJU,PR,ASO,ES,Towers with Radar,229,85,41,4,359,0,111,36,2,149,229,196,77,6,508,0,0,0,508
12/15/2009,SJU,PR,ASO,ES,Towers with Radar,212,48,42,4,306,0,114,47,2,163,212,162,89,6,469,4,0,4,473
12/16/2009,SJU,PR,ASO,ES,Towers with Radar,247,67,43,13,370,0,118,56,0,174,247,185,99,13,544,0,0,0,544
12/17/2009,SJU,PR,ASO,ES,Towers with Radar,274,86,55,13,428,0,121,75,1,197,274,207,130,14,625,0,0,0,625
12/18/2009,SJU,PR,ASO,ES,Towers with Radar,287,69,39,3,398,0,127,57,0,184,287,196,96,3,582,0,0,0,582
12/19/2009,SJU,PR,ASO,ES,Towers with Radar,290,45,43,0,378,0,137,62,0,199,290,182,105,0,577,0,0,0,577
12/20/2009,SJU,PR,ASO,ES,Towers with Radar,268,32,26,1,327,0,114,43,0,157,268,146,69,1,484,0,0,0,484
12/21/2009,SJU,PR,ASO,ES,Towers with Radar,286,73,48,0,407,0,147,69,0,216,286,220,117,0,623,0,0,0,623
12/22/2009,SJU,PR,ASO,ES,Towers with Radar,281,61,39,3,384,0,150,70,0,220,281,211,109,3,604,0,0,0,604
12/23/2009,SJU,PR,ASO,ES,Towers with Radar,284,69,43,3,399,0,152,68,0,220,284,221,111,3,619,0,0,0,619
12/24/2009,SJU,PR,ASO,ES,Towers with Radar,282,64,38,1,385,0,129,50,0,179,282,193,88,1,564,0,0,0,564
12/25/2009,SJU,PR,ASO,ES,Towers with Radar,283,39,22,0,344,0,95,13,0,108,283,134,35,0,452,0,0,0,452
12/26/2009,SJU,PR,ASO,ES,Towers with Radar,298,44,41,5,388,0,167,48,0,215,298,211,89,5,603,0,0,0,603
12/27/2009,SJU,PR,ASO,ES,Towers with Radar,295,48,20,0,363,0,164,72,0,236,295,212,92,0,599,0,0,0,599
12/28/2009,SJU,PR,ASO,ES,Towers with Radar,286,66,26,1,379,0,122,49,0,171,286,188,75,1,550,0,0,0,550
12/29/2009,SJU,PR,ASO,ES,Towers with Radar,239,65,43,7,354,0,110,78,0,188,239,175,121,7,542,6,0,6,548
12/30/2009,SJU,PR,ASO,ES,Towers with Radar,276,141,52,3,472,0,52,42,0,94,276,193,94,3,566,0,0,0,566
12/31/2009,SJU,PR,ASO,ES,Towers with Radar,301,96,42,2,441,0,91,50,0,141,301,187,92,2,582,0,0,0,582
01/01/2010,SJU,PR,ASO,ES,Towers with Radar,261,40,26,0,327,0,135,39,0,174,261,175,65,0,501,0,0,0,501
01/02/2010,SJU,PR,ASO,ES,Towers with Radar,295,33,51,0,379,0,176,78,0,254,295,209,129,0,633,0,0,0,633
01/03/2010,SJU,PR,ASO,ES,Towers with Radar,307,40,49,1,397,0,181,70,0,251,307,221,119,1,648,0,0,0,648
01/04/2010,SJU,PR,ASO,ES,Towers with Radar,283,62,46,6,397,0,178,73,0,251,283,240,119,6,648,0,0,0,648
01/05/2010,SJU,PR,ASO,ES,Towers with Radar,273,55,15,0,343,0,156,41,0,197,273,211,56,0,540,0,0,0,540
01/06/2010,SJU,PR,ASO,ES,Towers with Radar,278,52,15,2,347,0,120,43,0,163,278,172,58,2,510,0,0,0,510
01/07/2010,SJU,PR,ASO,ES,Towers with Radar,259,146,49,2,456,0,40,23,0,63,259,186,72,2,519,0,0,0,519
01/08/2010,SJU,PR,ASO,ES,Towers with Radar,275,106,32,8,421,0,67,40,5,112,275,173,72,13,533,3,3,6,539
01/09/2010,SJU,PR,ASO,ES,Towers with Radar,299,27,23,2,351,0,130,34,0,164,299,157,57,2,515,0,0,0,515
01/10/2010,SJU,PR,ASO,ES,Towers with Radar,301,27,38,0,366,0,115,29,0,144,301,142,67,0,510,0,0,0,510
01/11/2010,SJU,PR,ASO,ES,Towers with Radar,257,56,22,0,335,0,132,29,0,161,257,188,51,0,496,0,0,0,496
01/12/2010,SJU,PR,ASO,ES,Towers with Radar,245,60,12,1,318,0,110,41,3,154,245,170,53,4,472,0,0,0,472
01/13/2010,SJU,PR,ASO,ES,Towers with Radar,225,61,24,10,320,0,99,56,3,158,225,160,80,13,478,0,0,0,478
01/14/2010,SJU,PR,ASO,ES,Towers with Radar,261,139,39,4,443,0,21,12,0,33,261,160,51,4,476,0,0,0,476
01/15/2010,SJU,PR,ASO,ES,Towers with Radar,277,154,62,14,507,0,19,24,0,43,277,173,86,14,550,0,0,0,550
01/16/2010,SJU,PR,ASO,ES,Towers with Radar,298,101,26,11,436,0,72,30,0,102,298,173,56,11,538,0,0,0,538
01/17/2010,SJU,PR,ASO,ES,Towers with Radar,288,83,10,12,393,0,39,16,0,55,288,122,26,12,448,0,0,0,448
01/18/2010,SJU,PR,ASO,ES,Towers with Radar,248,59,36,14,357,0,128,38,0,166,248,187,74,14,523,0,0,0,523
01/19/2010,SJU,PR,ASO,ES,Towers with Radar,257,61,24,12,354,0,143,55,1,199,257,204,79,13,553,0,0,0,553
01/20/2010,SJU,PR,ASO,ES,Towers with Radar,247,87,14,15,363,0,94,53,2,149,247,181,67,17,512,0,0,0,512
01/21/2010,SJU,PR,ASO,ES,Towers with Radar,252,70,26,19,367,0,121,61,0,182,252,191,87,19,549,0,0,0,549
01/22/2010,SJU,PR,ASO,ES,Towers with Radar,259,105,26,15,405,0,87,51,0,138,259,192,77,15,543,0,0,0,543
01/23/2010,SJU,PR,ASO,ES,Towers with Radar,297,27,20,25,369,0,133,17,0,150,297,160,37,25,519,4,2,6,525
01/24/2010,SJU,PR,ASO,ES,Towers with Radar,264,30,11,12,317,0,104,21,0,125,264,134,32,12,442,0,0,0,442
01/25/2010,SJU,PR,ASO,ES,Towers with Radar,244,102,19,9,374,0,67,31,0,98,244,169,50,9,472,0,0,0,472
01/26/2010,SJU,PR,ASO,ES,Towers with Radar,226,55,25,7,313,0,118,62,0,180,226,173,87,7,493,0,0,0,493
01/27/2010,SJU,PR,ASO,ES,Towers with Radar,231,60,25,12,328,0,118,51,0,169,231,178,76,12,497,0,0,0,497
01/28/2010,SJU,PR,ASO,ES,Towers with Radar,236,76,25,13,350,0,114,54,0,168,236,190,79,13,518,0,0,0,518
01/29/2010,SJU,PR,ASO,ES,Towers with Radar,256,69,32,18,375,0,111,52,0,163,256,180,84,18,538,0,0,0,538
01/30/2010,SJU,PR,ASO,ES,Towers with Radar,268,40,13,10,331,0,123,38,1,162,268,163,51,11,493,0,0,0,493
01/31/2010,SJU,PR,ASO,ES,Towers with Radar,294,70,19,9,392,0,89,35,0,124,294,159,54,9,516,0,0,0,516
02/01/2010,SJU,PR,ASO,ES,Towers with Radar,246,75,16,10,347,0,119,59,0,178,246,194,75,10,525,0,0,0,525
02/02/2010,SJU,PR,ASO,ES,Towers with Radar,243,69,26,5,343,0,105,45,0,150,243,174,71,5,493,5,0,5,498
02/03/2010,SJU,PR,ASO,ES,Towers with Radar,223,65,25,8,321,0,116,43,2,161,223,181,68,10,482,0,0,0,482
02/04/2010,SJU,PR,ASO,ES,Towers with Radar,241,75,42,12,370,0,108,44,5,157,241,183,86,17,527,0,0,0,527
02/05/2010,SJU,PR,ASO,ES,Towers with Radar,247,68,32,5,352,0,123,61,3,187,247,191,93,8,539,0,0,0,539
02/06/2010,SJU,PR,ASO,ES,Towers with Radar,276,24,20,7,327,0,0,0,0,0,276,24,20,7,327,5,0,5,332
02/07/2010,SJU,PR,ASO,ES,Towers with Radar,265,19,22,3,309,0,114,34,1,149,265,133,56,4,458,0,0,0,458
02/08/2010,SJU,PR,ASO,ES,Towers with Radar,240,65,12,12,329,0,136,47,0,183,240,201,59,12,512,0,0,0,512
02/09/2010,SJU,PR,ASO,ES,Towers with Radar,229,61,24,14,328,0,126,63,7,196,229,187,87,21,524,3,0,3,527
02/10/2010,SJU,PR,ASO,ES,Towers with Radar,198,67,23,3,291,0,132,40,1,173,198,199,63,4,464,0,0,0,464
02/11/2010,SJU,PR,ASO,ES,Towers with Radar,237,53,30,14,334,0,132,71,5,208,237,185,101,19,542,0,0,0,542
02/12/2010,SJU,PR,ASO,ES,Towers with Radar,241,132,55,6,434,0,82,56,0,138,241,214,111,6,572,0,0,0,572
02/13/2010,SJU,PR,ASO,ES,Towers with Radar,291,52,34,6,383,0,164,60,0,224,291,216,94,6,607,0,0,0,607
02/14/2010,SJU,PR,ASO,ES,Towers with Radar,289,33,17,11,350,0,129,52,0,181,289,162,69,11,531,0,0,0,531
02/15/2010,SJU,PR,ASO,ES,Towers with Radar,255,50,23,7,335,0,139,34,0,173,255,189,57,7,508,0,0,0,508
02/16/2010,SJU,PR,ASO,ES,Towers with Radar,257,77,29,19,382,0,42,27,0,69,257,119,56,19,451,3,0,3,454
02/17/2010,SJU,PR,ASO,ES,Towers with Radar,250,53,22,10,335,0,137,59,0,196,250,190,81,10,531,0,0,0,531
02/18/2010,SJU,PR,ASO,ES,Towers with Radar,262,66,32,11,371,0,138,58,0,196,262,204,90,11,567,4,2,6,573
02/19/2010,SJU,PR,ASO,ES,Towers with Radar,270,99,36,2,407,0,96,53,0,149,270,195,89,2,556,0,0,0,556
02/20/2010,SJU,PR,ASO,ES,Towers with Radar,291,67,29,8,395,0,134,44,1,179,291,201,73,9,574,0,0,0,574
02/21/2010,SJU,PR,ASO,ES,Towers with Radar,283,66,66,7,422,0,100,41,6,147,283,166,107,13,569,0,0,0,569
02/22/2010,SJU,PR,ASO,ES,Towers with Radar,247,73,24,4,348,0,125,44,2,171,247,198,68,6,519,0,0,0,519
02/23/2010,SJU,PR,ASO,ES,Towers with Radar,243,67,27,9,346,0,122,59,10,191,243,189,86,19,537,0,0,0,537
02/24/2010,SJU,PR,ASO,ES,Towers with Radar,241,76,18,9,344,0,104,53,0,157,241,180,71,9,501,0,0,0,501
02/25/2010,SJU,PR,ASO,ES,Towers with Radar,244,64,25,7,340,0,148,41,2,191,244,212,66,9,531,0,0,0,531
02/26/2010,SJU,PR,ASO,ES,Towers with Radar,255,108,15,7,385,0,91,46,0,137,255,199,61,7,522,0,0,0,522
02/27/2010,SJU,PR,ASO,ES,Towers with Radar,290,92,21,6,409,0,92,37,0,129,290,184,58,6,538,3,0,3,541
02/28/2010,SJU,PR,ASO,ES,Towers with Radar,293,43,13,0,349,0,84,44,0,128,293,127,57,0,477,0,0,0,477
03/01/2010,SJU,PR,ASO,ES,Towers with Radar,250,78,29,12,369,0,129,51,0,180,250,207,80,12,549,0,0,0,549
03/02/2010,SJU,PR,ASO,ES,Towers with Radar,246,68,23,10,347,0,113,25,2,140,246,181,48,12,487,3,3,6,493
03/03/2010,SJU,PR,ASO,ES,Towers with Radar,259,68,17,5,349,0,97,60,1,158,259,165,77,6,507,0,0,0,507
03/04/2010,SJU,PR,ASO,ES,Towers with Radar,257,66,30,3,356,0,132,56,13,201,257,198,86,16,557,0,0,0,557
03/05/2010,SJU,PR,ASO,ES,Towers with Radar,280,85,30,6,401,0,80,54,0,134,280,165,84,6,535,0,0,0,535
03/06/2010,SJU,PR,ASO,ES,Towers with Radar,276,121,35,9,441,0,19,13,0,32,276,140,48,9,473,0,0,0,473
03/07/2010,SJU,PR,ASO,ES,Towers with Radar,287,93,22,8,410,0,38,21,0,59,287,131,43,8,469,0,0,0,469
03/08/2010,SJU,PR,ASO,ES,Towers with Radar,261,86,19,1,367,0,90,37,1,128,261,176,56,2,495,0,0,0,495
03/09/2010,SJU,PR,ASO,ES,Towers with Radar,249,72,13,7,341,0,85,51,1,137,249,157,64,8,478,5,3,8,486
03/10/2010,SJU,PR,ASO,ES,Towers with Radar,250,63,39,9,361,0,112,55,12,179,250,175,94,21,540,0,0,0,540
03/11/2010,SJU,PR,ASO,ES,Towers with Radar,257,118,41,6,422,0,44,26,2,72,257,162,67,8,494,0,0,0,494
03/12/2010,SJU,PR,ASO,ES,Towers with Radar,267,87,31,5,390,0,118,79,0,197,267,205,110,5,587,0,0,0,587
03/13/2010,SJU,PR,ASO,ES,Towers with Radar,262,15,19,2,298,0,181,54,0,235,262,196,73,2,533,0,0,0,533
03/14/2010,SJU,PR,ASO,ES,Towers with Radar,228,43,16,1,288,0,138,40,0,178,228,181,56,1,466,0,0,0,466
03/15/2010,SJU,PR,ASO,ES,Towers with Radar,247,67,16,0,330,0,180,42,2,224,247,247,58,2,554,0,0,0,554
03/16/2010,SJU,PR,ASO,ES,Towers with Radar,237,61,33,3,334,0,128,69,0,197,237,189,102,3,531,0,0,0,531
03/17/2010,SJU,PR,ASO,ES,Towers with Radar,233,52,31,4,320,0,120,41,0,161,233,172,72,4,481,0,0,0,481
03/18/2010,SJU,PR,ASO,ES,Towers with Radar,244,74,26,8,352,0,118,65,0,183,244,192,91,8,535,0,0,0,535
03/19/2010,SJU,PR,ASO,ES,Towers with Radar,270,75,26,2,373,0,130,73,0,203,270,205,99,2,576,0,0,0,576
03/20/2010,SJU,PR,ASO,ES,Towers with Radar,286,29,16,4,335,0,168,55,0,223,286,197,71,4,558,0,0,0,558
03/21/2010,SJU,PR,ASO,ES,Towers with Radar,288,20,17,6,331,0,127,33,0,160,288,147,50,6,491,0,0,0,491
03/22/2010,SJU,PR,ASO,ES,Towers with Radar,239,67,18,6,330,0,119,43,0,162,239,186,61,6,492,0,0,0,492
03/23/2010,SJU,PR,ASO,ES,Towers with Radar,250,61,26,3,340,0,133,44,0,177,250,194,70,3,517,0,0,0,517
03/24/2010,SJU,PR,ASO,ES,Towers with Radar,247,60,21,2,330,0,126,59,0,185,247,186,80,2,515,0,0,0,515
03/25/2010,SJU,PR,ASO,ES,Towers with Radar,241,47,28,4,320,0,135,71,0,206,241,182,99,4,526,0,0,0,526
03/26/2010,SJU,PR,ASO,ES,Towers with Radar,254,81,29,2,366,0,156,53,0,209,254,237,82,2,575,0,0,0,575
03/27/2010,SJU,PR,ASO,ES,Towers with Radar,285,52,11,9,357,0,176,47,0,223,285,228,58,9,580,0,0,0,580
03/28/2010,SJU,PR,ASO,ES,Towers with Radar,284,36,26,7,353,0,110,34,0,144,284,146,60,7,497,0,0,0,497
03/29/2010,SJU,PR,ASO,ES,Towers with Radar,237,58,30,3,328,0,103,45,0,148,237,161,75,3,476,0,0,0,476
03/30/2010,SJU,PR,ASO,ES,Towers with Radar,245,52,25,5,327,0,132,68,0,200,245,184,93,5,527,0,0,0,527
03/31/2010,SJU,PR,ASO,ES,Towers with Radar,243,43,29,6,321,0,129,94,1,224,243,172,123,7,545,0,0,0,545
04/01/2010,SJU,PR,ASO,ES,Towers with Radar,240,68,22,0,330,0,157,60,0,217,240,225,82,0,547,0,0,0,547
04/02/2010,SJU,PR,ASO,ES,Towers with Radar,278,33,14,0,325,0,140,45,0,185,278,173,59,0,510,0,0,0,510
04/03/2010,SJU,PR,ASO,ES,Towers with Radar,275,45,17,5,342,0,169,50,0,219,275,214,67,5,561,0,0,0,561
04/04/2010,SJU,PR,ASO,ES,Towers with Radar,280,39,25,1,345,0,128,50,0,178,280,167,75,1,523,0,0,0,523
04/05/2010,SJU,PR,ASO,ES,Towers with Radar,247,57,17,3,324,0,147,55,0,202,247,204,72,3,526,0,0,0,526
04/06/2010,SJU,PR,ASO,ES,Towers with Radar,250,67,14,1,332,0,100,43,0,143,250,167,57,1,475,0,0,0,475
04/07/2010,SJU,PR,ASO,ES,Towers with Radar,246,53,26,7,332,0,116,54,0,170,246,169,80,7,502,0,0,0,502
04/08/2010,SJU,PR,ASO,ES,Towers with Radar,234,80,33,4,351,0,103,54,2,159,234,183,87,6,510,0,0,0,510
04/09/2010,SJU,PR,ASO,ES,Towers with Radar,247,72,21,0,340,0,123,48,0,171,247,195,69,0,511,0,0,0,511
04/10/2010,SJU,PR,ASO,ES,Towers with Radar,286,28,11,3,328,0,141,27,0,168,286,169,38,3,496,0,0,0,496
04/11/2010,SJU,PR,ASO,ES,Towers with Radar,264,37,19,2,322,0,110,30,0,140,264,147,49,2,462,0,0,0,462
04/12/2010,SJU,PR,ASO,ES,Towers with Radar,234,70,20,9,333,0,123,35,0,158,234,193,55,9,491,0,0,0,491
04/13/2010,SJU,PR,ASO,ES,Towers with Radar,233,83,25,3,344,0,88,39,0,127,233,171,64,3,471,0,0,0,471
04/14/2010,SJU,PR,ASO,ES,Towers with Radar,240,62,25,11,338,0,111,56,1,168,240,173,81,12,506,0,0,0,506
04/15/2010,SJU,PR,ASO,ES,Towers with Radar,228,99,43,10,380,0,95,38,6,139,228,194,81,16,519,0,0,0,519
04/16/2010,SJU,PR,ASO,ES,Towers with Radar,254,77,16,5,352,0,108,69,0,177,254,185,85,5,529,0,0,0,529
04/17/2010,SJU,PR,ASO,ES,Towers with Radar,261,62,27,6,356,0,110,38,0,148,261,172,65,6,504,0,0,0,504
04/18/2010,SJU,PR,ASO,ES,Towers with Radar,239,23,7,3,272,0,106,32,0,138,239,129,39,3,410,0,0,0,410
04/19/2010,SJU,PR,ASO,ES,Towers with Radar,238,76,16,4,334,0,121,37,0,158,238,197,53,4,492,0,0,0,492
04/20/2010,SJU,PR,ASO,ES,Towers with Radar,239,70,8,28,345,0,104,31,2,137,239,174,39,30,482,0,0,0,482
04/21/2010,SJU,PR,ASO,ES,Towers with Radar,247,75,21,12,355,0,106,66,4,176,247,181,87,16,531,0,0,0,531
04/22/2010,SJU,PR,ASO,ES,Towers with Radar,236,77,15,6,334,0,143,42,0,185,236,220,57,6,519,0,0,0,519
04/23/2010,SJU,PR,ASO,ES,Towers with Radar,250,93,22,7,372,0,112,43,8,163,250,205,65,15,535,0,0,0,535
04/24/2010,SJU,PR,ASO,ES,Towers with Radar,259,101,11,3,374,0,84,32,0,116,259,185,43,3,490,0,0,0,490
04/25/2010,SJU,PR,ASO,ES,Towers with Radar,239,46,12,4,301,0,101,23,0,124,239,147,35,4,425,0,0,0,425
04/26/2010,SJU,PR,ASO,ES,Towers with Radar,228,73,17,3,321,0,102,43,1,146,228,175,60,4,467,0,0,0,467
04/27/2010,SJU,PR,ASO,ES,Towers with Radar,240,61,25,3,329,0,88,47,0,135,240,149,72,3,464,0,0,0,464
04/28/2010,SJU,PR,ASO,ES,Towers with Radar,232,69,39,10,350,0,72,38,1,111,232,141,77,11,461,0,0,0,461
04/29/2010,SJU,PR,ASO,ES,Towers with Radar,214,75,21,3,313,0,79,42,0,121,214,154,63,3,434,0,0,0,434
04/30/2010,SJU,PR,ASO,ES,Towers with Radar,251,60,26,5,342,0,79,42,0,121,251,139,68,5,463,0,0,0,463
05/01/2010,SJU,PR,ASO,ES,Towers with Radar,257,42,12,3,314,0,80,31,0,111,257,122,43,3,425,0,0,0,425
05/02/2010,SJU,PR,ASO,ES,Towers with Radar,228,53,17,1,299,0,46,19,0,65,228,99,36,1,364,0,0,0,364
05/03/2010,SJU,PR,ASO,ES,Towers with Radar,224,79,22,3,328,0,71,44,0,115,224,150,66,3,443,0,0,0,443
05/04/2010,SJU,PR,ASO,ES,Towers with Radar,231,78,34,8,351,0,80,93,0,173,231,158,127,8,524,0,0,0,524
05/05/2010,SJU,PR,ASO,ES,Towers with Radar,243,69,26,7,345,0,79,48,2,129,243,148,74,9,474,0,0,0,474
05/06/2010,SJU,PR,ASO,ES,Towers with Radar,225,65,14,12,316,0,86,53,3,142,225,151,67,15,458,0,0,0,458
05/07/2010,SJU,PR,ASO,ES,Towers with Radar,235,97,21,5,358,0,46,40,0,86,235,143,61,5,444,0,0,0,444
05/08/2010,SJU,PR,ASO,ES,Towers with Radar,249,42,21,7,319,0,59,23,0,82,249,101,44,7,401,0,0,0,401
05/09/2010,SJU,PR,ASO,ES,Towers with Radar,241,20,17,2,280,0,68,29,0,97,241,88,46,2,377,0,0,0,377
05/10/2010,SJU,PR,ASO,ES,Towers with Radar,228,64,26,2,320,0,86,55,0,141,228,150,81,2,461,0,0,0,461
05/11/2010,SJU,PR,ASO,ES,Towers with Radar,229,56,38,9,332,0,74,44,0,118,229,130,82,9,450,0,0,0,450
05/12/2010,SJU,PR,ASO,ES,Towers with Radar,233,53,22,12,320,0,92,65,0,157,233,145,87,12,477,0,0,0,477
05/13/2010,SJU,PR,ASO,ES,Towers with Radar,226,72,29,15,342,0,57,59,11,127,226,129,88,26,469,0,0,0,469
05/14/2010,SJU,PR,ASO,ES,Towers with Radar,250,73,32,4,359,0,65,47,0,112,250,138,79,4,471,0,0,0,471
05/15/2010,SJU,PR,ASO,ES,Towers with Radar,261,33,6,2,302,0,74,24,0,98,261,107,30,2,400,0,0,0,400
05/16/2010,SJU,PR,ASO,ES,Towers with Radar,243,36,3,1,283,0,54,20,0,74,243,90,23,1,357,0,0,0,357
05/17/2010,SJU,PR,ASO,ES,Towers with Radar,233,114,28,3,378,0,39,31,0,70,233,153,59,3,448,0,0,0,448
05/18/2010,SJU,PR,ASO,ES,Towers with Radar,227,62,16,5,310,0,62,30,0,92,227,124,46,5,402,0,0,0,402
05/19/2010,SJU,PR,ASO,ES,Towers with Radar,242,59,35,7,343,0,71,60,2,133,242,130,95,9,476,0,0,0,476
05/20/2010,SJU,PR,ASO,ES,Towers with Radar,231,79,23,5,338,0,82,39,0,121,231,161,62,5,459,0,0,0,459
05/21/2010,SJU,PR,ASO,ES,Towers with Radar,253,71,24,1,349,0,69,77,0,146,253,140,101,1,495,0,0,0,495
05/22/2010,SJU,PR,ASO,ES,Towers with Radar,254,18,22,4,298,0,81,38,0,119,254,99,60,4,417,0,0,0,417
05/23/2010,SJU,PR,ASO,ES,Towers with Radar,234,46,13,4,297,0,55,26,2,83,234,101,39,6,380,0,0,0,380
05/24/2010,SJU,PR,ASO,ES,Towers with Radar,239,65,28,2,334,0,72,49,0,121,239,137,77,2,455,0,0,0,455
05/25/2010,SJU,PR,ASO,ES,Towers with Radar,234,80,27,6,347,0,67,51,0,118,234,147,78,6,465,0,0,0,465
05/26/2010,SJU,PR,ASO,ES,Towers with Radar,227,77,27,15,346,0,66,56,4,126,227,143,83,19,472,0,0,0,472
05/27/2010,SJU,PR,ASO,ES,Towers with Radar,228,93,49,5,375,0,58,51,10,119,228,151,100,15,494,0,0,0,494
05/28/2010,SJU,PR,ASO,ES,Towers with Radar,261,100,34,6,401,0,41,51,0,92,261,141,85,6,493,0,0,0,493
05/29/2010,SJU,PR,ASO,ES,Towers with Radar,275,55,18,5,353,0,53,30,0,83,275,108,48,5,436,0,0,0,436
05/30/2010,SJU,PR,ASO,ES,Towers with Radar,262,28,12,5,307,0,61,35,0,96,262,89,47,5,403,0,0,0,403
05/31/2010,SJU,PR,ASO,ES,Towers with Radar,253,58,10,2,323,0,72,26,1,99,253,130,36,3,422,0,0,0,422
06/01/2010,SJU,PR,ASO,ES,Towers with Radar,234,68,27,4,333,0,69,28,0,97,234,137,55,4,430,0,0,0,430
06/02/2010,SJU,PR,ASO,ES,Towers with Radar,254,84,27,15,380,0,52,72,2,126,254,136,99,17,506,0,0,0,506
06/03/2010,SJU,PR,ASO,ES,Towers with Radar,242,81,17,8,348,0,63,33,0,96,242,144,50,8,444,0,0,0,444
06/04/2010,SJU,PR,ASO,ES,Towers with Radar,266,86,15,2,369,0,60,49,0,109,266,146,64,2,478,0,0,0,478
06/05/2010,SJU,PR,ASO,ES,Towers with Radar,286,36,13,5,340,0,61,32,0,93,286,97,45,5,433,0,0,0,433
06/06/2010,SJU,PR,ASO,ES,Towers with Radar,266,19,7,1,293,0,77,37,0,114,266,96,44,1,407,0,0,0,407
06/07/2010,SJU,PR,ASO,ES,Towers with Radar,258,59,18,2,337,0,76,56,0,132,258,135,74,2,469,0,0,0,469
06/08/2010,SJU,PR,ASO,ES,Towers with Radar,247,58,25,3,333,0,80,40,1,121,247,138,65,4,454,0,0,0,454
06/09/2010,SJU,PR,ASO,ES,Towers with Radar,256,56,16,6,334,0,65,56,5,126,256,121,72,11,460,0,0,0,460
06/10/2010,SJU,PR,ASO,ES,Towers with Radar,255,59,18,0,332,0,64,39,0,103,255,123,57,0,435,0,0,0,435
06/11/2010,SJU,PR,ASO,ES,Towers with Radar,271,64,15,4,354,0,56,34,0,90,271,120,49,4,444,0,0,0,444
06/12/2010,SJU,PR,ASO,ES,Towers with Radar,263,31,27,7,328,0,73,33,1,107,263,104,60,8,435,0,0,0,435
06/13/2010,SJU,PR,ASO,ES,Towers with Radar,257,20,2,7,286,0,60,14,0,74,257,80,16,7,360,0,0,0,360
06/14/2010,SJU,PR,ASO,ES,Towers with Radar,249,49,14,2,314,0,72,54,0,126,249,121,68,2,440,0,0,0,440
06/15/2010,SJU,PR,ASO,ES,Towers with Radar,249,48,22,3,322,0,69,55,1,125,249,117,77,4,447,0,0,0,447
06/16/2010,SJU,PR,ASO,ES,Towers with Radar,232,48,17,8,305,0,68,59,1,128,232,116,76,9,433,0,0,0,433
06/17/2010,SJU,PR,ASO,ES,Towers with Radar,253,65,14,6,338,0,56,34,1,91,253,121,48,7,429,0,0,0,429
06/18/2010,SJU,PR,ASO,ES,Towers with Radar,265,71,15,2,353,0,57,48,3,108,265,128,63,5,461,0,0,0,461
06/19/2010,SJU,PR,ASO,ES,Towers with Radar,295,42,29,8,374,0,29,13,0,42,295,71,42,8,416,0,0,0,416
06/20/2010,SJU,PR,ASO,ES,Towers with Radar,276,33,5,0,314,0,38,12,0,50,276,71,17,0,364,0,0,0,364
06/21/2010,SJU,PR,ASO,ES,Towers with Radar,276,60,16,2,354,0,51,27,0,78,276,111,43,2,432,0,0,0,432
06/22/2010,SJU,PR,ASO,ES,Towers with Radar,275,52,10,7,344,0,69,33,0,102,275,121,43,7,446,0,0,0,446
06/23/2010,SJU,PR,ASO,ES,Towers with Radar,255,50,19,6,330,0,67,50,1,118,255,117,69,7,448,0,0,0,448
06/24/2010,SJU,PR,ASO,ES,Towers with Radar,261,73,19,1,354,0,46,30,0,76,261,119,49,1,430,0,0,0,430
06/25/2010,SJU,PR,ASO,ES,Towers with Radar,274,88,26,2,390,0,44,53,0,97,274,132,79,2,487,0,0,0,487
06/26/2010,SJU,PR,ASO,ES,Towers with Radar,288,27,17,4,336,0,65,24,1,90,288,92,41,5,426,0,0,0,426
06/27/2010,SJU,PR,ASO,ES,Towers with Radar,279,23,9,1,312,0,50,20,0,70,279,73,29,1,382,0,0,0,382
06/28/2010,SJU,PR,ASO,ES,Towers with Radar,263,52,16,4,335,0,64,30,0,94,263,116,46,4,429,0,0,0,429
06/29/2010,SJU,PR,ASO,ES,Towers with Radar,261,57,14,11,343,0,63,57,2,122,261,120,71,13,465,0,0,0,465
06/30/2010,SJU,PR,ASO,ES,Towers with Radar,258,45,18,16,337,0,66,35,0,101,258,111,53,16,438,0,0,0,438
07/01/2010,SJU,PR,ASO,ES,Towers with Radar,250,65,20,0,335,0,63,49,0,112,250,128,69,0,447,0,0,0,447
07/02/2010,SJU,PR,ASO,ES,Towers with Radar,268,65,17,1,351,0,56,50,0,106,268,121,67,1,457,0,0,0,457
07/03/2010,SJU,PR,ASO,ES,Towers with Radar,292,21,21,1,335,0,65,40,0,105,292,86,61,1,440,0,0,0,440
07/04/2010,SJU,PR,ASO,ES,Towers with Radar,271,19,12,2,304,0,47,27,0,74,271,66,39,2,378,0,0,0,378
07/05/2010,SJU,PR,ASO,ES,Towers with Radar,260,59,12,2,333,0,51,18,0,69,260,110,30,2,402,0,0,0,402
07/06/2010,SJU,PR,ASO,ES,Towers with Radar,247,62,19,0,328,0,69,22,2,93,247,131,41,2,421,0,0,0,421
07/07/2010,SJU,PR,ASO,ES,Towers with Radar,251,43,17,3,314,0,72,50,0,122,251,115,67,3,436,0,0,0,436
07/08/2010,SJU,PR,ASO,ES,Towers with Radar,248,64,22,7,341,0,59,43,2,104,248,123,65,9,445,0,0,0,445
07/09/2010,SJU,PR,ASO,ES,Towers with Radar,270,53,24,1,348,0,69,60,0,129,270,122,84,1,477,0,0,0,477
07/10/2010,SJU,PR,ASO,ES,Towers with Radar,277,13,30,4,324,0,83,39,2,124,277,96,69,6,448,0,0,0,448
07/11/2010,SJU,PR,ASO,ES,Towers with Radar,273,16,4,1,294,0,58,36,0,94,273,74,40,1,388,0,0,0,388
07/12/2010,SJU,PR,ASO,ES,Towers with Radar,268,53,14,6,341,0,66,42,5,113,268,119,56,11,454,0,0,0,454
07/13/2010,SJU,PR,ASO,ES,Towers with Radar,399,50,17,13,479,0,66,35,1,102,399,116,52,14,581,0,0,0,581
07/14/2010,SJU,PR,ASO,ES,Towers with Radar,244,53,19,7,323,0,71,39,2,112,244,124,58,9,435,0,0,0,435
07/15/2010,SJU,PR,ASO,ES,Towers with Radar,245,61,13,1,320,0,63,45,0,108,245,124,58,1,428,0,0,0,428
07/16/2010,SJU,PR,ASO,ES,Towers with Radar,282,69,26,13,390,0,52,45,0,97,282,121,71,13,487,0,0,0,487
07/17/2010,SJU,PR,ASO,ES,Towers with Radar,296,32,22,2,352,0,53,17,0,70,296,85,39,2,422,0,0,0,422
07/18/2010,SJU,PR,ASO,ES,Towers with Radar,270,32,6,3,311,0,51,18,0,69,270,83,24,3,380,0,0,0,380
07/19/2010,SJU,PR,ASO,ES,Towers with Radar,250,81,27,1,359,0,20,27,1,48,250,101,54,2,407,0,0,0,407
07/20/2010,SJU,PR,ASO,ES,Towers with Radar,259,96,28,5,388,0,23,25,0,48,259,119,53,5,436,0,0,0,436
07/21/2010,SJU,PR,ASO,ES,Towers with Radar,256,65,24,10,355,0,52,32,2,86,256,117,56,12,441,0,0,0,441
07/22/2010,SJU,PR,ASO,ES,Towers with Radar,253,78,17,2,350,0,44,29,1,74,253,122,46,3,424,0,0,0,424
07/23/2010,SJU,PR,ASO,ES,Towers with Radar,270,76,35,0,381,0,58,34,0,92,270,134,69,0,473,0,0,0,473
07/24/2010,SJU,PR,ASO,ES,Towers with Radar,298,20,26,4,348,0,57,24,0,81,298,77,50,4,429,0,0,0,429
07/25/2010,SJU,PR,ASO,ES,Towers with Radar,266,21,11,1,299,0,66,44,0,110,266,87,55,1,409,0,0,0,409
07/26/2010,SJU,PR,ASO,ES,Towers with Radar,271,53,18,4,346,0,59,44,0,103,271,112,62,4,449,0,0,0,449
07/27/2010,SJU,PR,ASO,ES,Towers with Radar,250,49,16,5,320,0,77,41,0,118,250,126,57,5,438,0,0,0,438
07/28/2010,SJU,PR,ASO,ES,Towers with Radar,262,45,22,8,337,0,75,51,2,128,262,120,73,10,465,0,0,0,465
07/29/2010,SJU,PR,ASO,ES,Towers with Radar,262,70,30,7,369,0,55,40,0,95,262,125,70,7,464,0,0,0,464
07/30/2010,SJU,PR,ASO,ES,Towers with Radar,256,63,29,2,350,0,52,30,0,82,256,115,59,2,432,0,0,0,432
07/31/2010,SJU,PR,ASO,ES,Towers with Radar,295,21,18,0,334,0,68,34,0,102,295,89,52,0,436,0,0,0,436
08/01/2010,SJU,PR,ASO,ES,Towers with Radar,283,30,10,0,323,0,52,35,1,88,283,82,45,1,411,0,0,0,411
08/02/2010,SJU,PR,ASO,ES,Towers with Radar,264,54,23,1,342,0,58,33,0,91,264,112,56,1,433,0,0,0,433
08/03/2010,SJU,PR,ASO,ES,Towers with Radar,220,56,12,8,296,0,52,26,0,78,220,108,38,8,374,0,0,0,374
08/04/2010,SJU,PR,ASO,ES,Towers with Radar,255,51,31,3,340,0,71,52,0,123,255,122,83,3,463,0,0,0,463
08/05/2010,SJU,PR,ASO,ES,Towers with Radar,241,52,18,8,319,0,66,38,0,104,241,118,56,8,423,0,0,0,423
08/06/2010,SJU,PR,ASO,ES,Towers with Radar,258,52,32,0,342,0,66,46,0,112,258,118,78,0,454,0,0,0,454
08/07/2010,SJU,PR,ASO,ES,Towers with Radar,267,14,12,8,301,0,60,55,10,125,267,74,67,18,426,0,0,0,426
08/08/2010,SJU,PR,ASO,ES,Towers with Radar,265,23,12,2,302,0,71,35,0,106,265,94,47,2,408,0,0,0,408
08/09/2010,SJU,PR,ASO,ES,Towers with Radar,249,54,21,4,328,0,51,31,1,83,249,105,52,5,411,0,0,0,411
08/10/2010,SJU,PR,ASO,ES,Towers with Radar,257,59,21,1,338,0,62,27,0,89,257,121,48,1,427,0,0,0,427
08/11/2010,SJU,PR,ASO,ES,Towers with Radar,262,58,27,13,360,0,65,30,2,97,262,123,57,15,457,0,0,0,457
08/12/2010,SJU,PR,ASO,ES,Towers with Radar,251,78,33,14,376,0,65,37,0,102,251,143,70,14,478,0,0,0,478
08/13/2010,SJU,PR,ASO,ES,Towers with Radar,265,67,16,1,349,0,65,57,0,122,265,132,73,1,471,0,0,0,471
08/14/2010,SJU,PR,ASO,ES,Towers with Radar,263,24,6,1,294,0,66,24,0,90,263,90,30,1,384,0,0,0,384
08/15/2010,SJU,PR,ASO,ES,Towers with Radar,253,24,9,4,290,0,51,35,0,86,253,75,44,4,376,0,0,0,376
08/16/2010,SJU,PR,ASO,ES,Towers with Radar,246,66,13,13,338,0,63,27,0,90,246,129,40,13,428,0,0,0,428
08/17/2010,SJU,PR,ASO,ES,Towers with Radar,243,46,15,5,309,0,45,51,1,97,243,91,66,6,406,0,0,0,406
08/18/2010,SJU,PR,ASO,ES,Towers with Radar,220,52,16,7,295,0,68,32,0,100,220,120,48,7,395,0,0,0,395
08/19/2010,SJU,PR,ASO,ES,Towers with Radar,231,60,27,8,326,0,68,46,0,114,231,128,73,8,440,0,0,0,440
08/20/2010,SJU,PR,ASO,ES,Towers with Radar,233,51,21,3,308,0,74,29,0,103,233,125,50,3,411,0,0,0,411
08/21/2010,SJU,PR,ASO,ES,Towers with Radar,247,16,7,4,274,0,63,20,0,83,247,79,27,4,357,0,0,0,357
08/22/2010,SJU,PR,ASO,ES,Towers with Radar,240,21,10,2,273,0,68,26,0,94,240,89,36,2,367,0,0,0,367
08/23/2010,SJU,PR,ASO,ES,Towers with Radar,222,49,34,10,315,0,63,43,4,110,222,112,77,14,425,0,0,0,425
08/24/2010,SJU,PR,ASO,ES,Towers with Radar,186,50,35,6,277,0,108,51,0,159,186,158,86,6,436,0,0,0,436
08/25/2010,SJU,PR,ASO,ES,Towers with Radar,184,57,30,30,301,0,62,26,0,88,184,119,56,30,389,0,0,0,389
08/26/2010,SJU,PR,ASO,ES,Towers with Radar,195,66,26,5,292,0,55,43,5,103,195,121,69,10,395,0,0,0,395
08/27/2010,SJU,PR,ASO,ES,Towers with Radar,199,57,23,7,286,0,63,34,0,97,199,120,57,7,383,0,0,0,383
08/28/2010,SJU,PR,ASO,ES,Towers with Radar,216,23,12,3,254,0,60,28,0,88,216,83,40,3,342,0,0,0,342
08/29/2010,SJU,PR,ASO,ES,Towers with Radar,207,20,8,2,237,0,64,45,3,112,207,84,53,5,349,0,0,0,349
08/30/2010,SJU,PR,ASO,ES,Towers with Radar,127,20,14,3,164,0,6,3,0,9,127,26,17,3,173,0,0,0,173
08/31/2010,SJU,PR,ASO,ES,Towers with Radar,203,72,24,7,306,0,52,45,1,98,203,124,69,8,404,0,0,0,404
09/01/2010,SJU,PR,ASO,ES,Towers with Radar,206,58,15,2,281,0,68,37,4,109,206,126,52,6,390,0,0,0,390
09/02/2010,SJU,PR,ASO,ES,Towers with Radar,192,60,16,7,275,0,70,39,1,110,192,130,55,8,385,0,0,0,385
09/03/2010,SJU,PR,ASO,ES,Towers with Radar,200,68,25,12,305,0,56,56,0,112,200,124,81,12,417,0,0,0,417
09/04/2010,SJU,PR,ASO,ES,Towers with Radar,202,20,5,2,229,0,52,32,0,84,202,72,37,2,313,0,0,0,313
09/05/2010,SJU,PR,ASO,ES,Towers with Radar,207,20,6,1,234,0,47,22,0,69,207,67,28,1,303,0,0,0,303
09/06/2010,SJU,PR,ASO,ES,Towers with Radar,184,51,17,1,253,0,58,37,0,95,184,109,54,1,348,0,0,0,348
09/07/2010,SJU,PR,ASO,ES,Towers with Radar,178,73,26,5,282,0,56,37,0,93,178,129,63,5,375,0,0,0,375
09/08/2010,SJU,PR,ASO,ES,Towers with Radar,168,51,23,7,249,0,64,45,0,109,168,115,68,7,358,0,0,0,358
09/09/2010,SJU,PR,ASO,ES,Towers with Radar,168,59,13,3,243,0,65,44,1,110,168,124,57,4,353,0,0,0,353
09/10/2010,SJU,PR,ASO,ES,Towers with Radar,179,67,19,0,265,0,54,45,0,99,179,121,64,0,364,0,0,0,364
09/11/2010,SJU,PR,ASO,ES,Towers with Radar,186,34,12,0,232,0,48,13,1,62,186,82,25,1,294,0,0,0,294
09/12/2010,SJU,PR,ASO,ES,Towers with Radar,177,32,16,1,226,0,49,18,1,68,177,81,34,2,294,0,0,0,294
09/13/2010,SJU,PR,ASO,ES,Towers with Radar,172,64,9,4,249,0,58,38,0,96,172,122,47,4,345,0,0,0,345
09/14/2010,SJU,PR,ASO,ES,Towers with Radar,164,63,19,3,249,0,67,28,1,96,164,130,47,4,345,0,0,0,345
09/15/2010,SJU,PR,ASO,ES,Towers with Radar,170,63,19,10,262,0,52,31,13,96,170,115,50,23,358,0,0,0,358
09/16/2010,SJU,PR,ASO,ES,Towers with Radar,168,55,33,23,279,0,57,60,1,118,168,112,93,24,397,0,0,0,397
09/17/2010,SJU,PR,ASO,ES,Towers with Radar,202,68,15,3,288,0,63,46,4,113,202,131,61,7,401,0,0,0,401
09/18/2010,SJU,PR,ASO,ES,Towers with Radar,184,24,8,2,218,0,51,15,0,66,184,75,23,2,284,0,0,0,284
09/19/2010,SJU,PR,ASO,ES,Towers with Radar,182,30,17,1,230,0,47,32,0,79,182,77,49,1,309,0,0,0,309
09/20/2010,SJU,PR,ASO,ES,Towers with Radar,164,112,45,3,324,0,0,0,0,0,164,112,45,3,324,0,0,0,324
09/21/2010,SJU,PR,ASO,ES,Towers with Radar,180,80,19,5,284,0,64,22,2,88,180,144,41,7,372,0,0,0,372
09/22/2010,SJU,PR,ASO,ES,Towers with Radar,168,74,31,7,280,0,62,49,0,111,168,136,80,7,391,0,0,0,391
09/23/2010,SJU,PR,ASO,ES,Towers with Radar,173,87,32,17,309,0,66,39,20,125,173,153,71,37,434,0,0,0,434
09/24/2010,SJU,PR,ASO,ES,Towers with Radar,177,67,37,3,284,0,54,54,2,110,177,121,91,5,394,0,0,0,394
09/25/2010,SJU,PR,ASO,ES,Towers with Radar,179,22,19,7,227,0,52,23,0,75,179,74,42,7,302,0,0,0,302
09/26/2010,SJU,PR,ASO,ES,Towers with Radar,181,21,10,2,214,0,53,24,0,77,181,74,34,2,291,0,0,0,291
09/27/2010,SJU,PR,ASO,ES,Towers with Radar,162,66,13,1,242,0,53,35,0,88,162,119,48,1,330,0,0,0,330
09/28/2010,SJU,PR,ASO,ES,Towers with Radar,166,69,25,2,262,0,56,30,0,86,166,125,55,2,348,3,0,3,351
09/29/2010,SJU,PR,ASO,ES,Towers with Radar,168,69,27,0,264,0,71,39,0,110,168,140,66,0,374,0,0,0,374
09/30/2010,SJU,PR,ASO,ES,Towers with Radar,174,75,41,3,293,0,53,51,0,104,174,128,92,3,397,0,0,0,397
10/01/2010,SJU,PR,ASO,ES,Towers with Radar,185,78,23,6,292,0,53,40,0,93,185,131,63,6,385,0,0,0,385
10/02/2010,SJU,PR,ASO,ES,Towers with Radar,184,28,14,9,235,0,50,25,0,75,184,78,39,9,310,3,0,3,313
10/03/2010,SJU,PR,ASO,ES,Towers with Radar,186,46,25,6,263,0,52,14,0,66,186,98,39,6,329,0,0,0,329
10/04/2010,SJU,PR,ASO,ES,Towers with Radar,165,74,22,0,261,0,53,44,1,98,165,127,66,1,359,0,0,0,359
10/05/2010,SJU,PR,ASO,ES,Towers with Radar,187,81,27,0,295,0,74,27,0,101,187,155,54,0,396,3,1,4,400
10/06/2010,SJU,PR,ASO,ES,Towers with Radar,165,85,34,7,291,0,49,41,1,91,165,134,75,8,382,0,0,0,382
10/07/2010,SJU,PR,ASO,ES,Towers with Radar,183,97,47,17,344,0,36,50,1,87,183,133,97,18,431,0,0,0,431
10/08/2010,SJU,PR,ASO,ES,Towers with Radar,199,72,23,22,316,0,66,33,1,100,199,138,56,23,416,0,0,0,416
10/09/2010,SJU,PR,ASO,ES,Towers with Radar,192,20,27,2,241,0,54,21,0,75,192,74,48,2,316,3,1,4,320
10/10/2010,SJU,PR,ASO,ES,Towers with Radar,177,19,5,1,202,0,63,18,0,81,177,82,23,1,283,0,0,0,283
10/11/2010,SJU,PR,ASO,ES,Towers with Radar,177,64,7,1,249,0,52,20,0,72,177,116,27,1,321,0,0,0,321
10/12/2010,SJU,PR,ASO,ES,Towers with Radar,179,78,29,7,293,0,59,37,0,96,179,137,66,7,389,4,1,5,394
10/13/2010,SJU,PR,ASO,ES,Towers with Radar,174,96,22,6,298,0,66,22,0,88,174,162,44,6,386,0,0,0,386
10/14/2010,SJU,PR,ASO,ES,Towers with Radar,178,56,14,10,258,0,70,43,3,116,178,126,57,13,374,0,0,0,374
10/15/2010,SJU,PR,ASO,ES,Towers with Radar,182,59,32,2,275,0,68,47,0,115,182,127,79,2,390,0,0,0,390
10/16/2010,SJU,PR,ASO,ES,Towers with Radar,193,19,21,11,244,0,76,35,0,111,193,95,56,11,355,0,0,0,355
10/17/2010,SJU,PR,ASO,ES,Towers with Radar,189,17,10,4,220,0,53,25,1,79,189,70,35,5,299,0,0,0,299
10/18/2010,SJU,PR,ASO,ES,Towers with Radar,166,53,17,3,239,0,55,44,0,99,166,108,61,3,338,0,0,0,338
10/19/2010,SJU,PR,ASO,ES,Towers with Radar,175,52,28,10,265,0,78,35,0,113,175,130,63,10,378,0,0,0,378
10/20/2010,SJU,PR,ASO,ES,Towers with Radar,173,80,25,4,282,0,81,40,0,121,173,161,65,4,403,0,0,0,403
10/21/2010,SJU,PR,ASO,ES,Towers with Radar,165,62,21,5,253,0,59,52,19,130,165,121,73,24,383,0,0,0,383
10/22/2010,SJU,PR,ASO,ES,Towers with Radar,189,61,18,5,273,0,79,41,1,121,189,140,59,6,394,0,0,0,394
10/23/2010,SJU,PR,ASO,ES,Towers with Radar,192,19,26,4,241,0,76,32,0,108,192,95,58,4,349,0,0,0,349
10/24/2010,SJU,PR,ASO,ES,Towers with Radar,187,20,4,4,215,0,62,18,0,80,187,82,22,4,295,0,0,0,295
10/25/2010,SJU,PR,ASO,ES,Towers with Radar,166,66,16,20,268,0,71,45,0,116,166,137,61,20,384,0,0,0,384
10/26/2010,SJU,PR,ASO,ES,Towers with Radar,189,62,32,9,292,0,73,36,4,113,189,135,68,13,405,5,0,5,410
10/27/2010,SJU,PR,ASO,ES,Towers with Radar,169,58,11,5,243,0,71,26,0,97,169,129,37,5,340,0,0,0,340
10/28/2010,SJU,PR,ASO,ES,Towers with Radar,188,76,39,7,310,0,68,71,0,139,188,144,110,7,449,0,0,0,449
10/29/2010,SJU,PR,ASO,ES,Towers with Radar,183,79,30,8,300,0,85,39,1,125,183,164,69,9,425,3,2,5,430
10/30/2010,SJU,PR,ASO,ES,Towers with Radar,182,32,23,5,242,0,75,42,0,117,182,107,65,5,359,0,0,0,359
10/31/2010,SJU,PR,ASO,ES,Towers with Radar,187,19,11,2,219,0,57,19,0,76,187,76,30,2,295,0,0,0,295
11/01/2010,SJU,PR,ASO,ES,Towers with Radar,174,68,15,3,260,0,66,40,1,107,174,134,55,4,367,0,0,0,367
11/02/2010,SJU,PR,ASO,ES,Towers with Radar,186,64,32,3,285,0,79,35,0,114,186,143,67,3,399,0,0,0,399
11/03/2010,SJU,PR,ASO,ES,Towers with Radar,181,73,22,4,280,0,71,36,0,107,181,144,58,4,387,0,0,0,387
11/04/2010,SJU,PR,ASO,ES,Towers with Radar,184,75,21,4,284,0,98,43,0,141,184,173,64,4,425,0,0,0,425
11/05/2010,SJU,PR,ASO,ES,Towers with Radar,193,57,21,7,278,0,74,47,0,121,193,131,68,7,399,0,0,0,399
11/06/2010,SJU,PR,ASO,ES,Towers with Radar,212,41,16,7,276,0,99,22,0,121,212,140,38,7,397,0,0,0,397
11/07/2010,SJU,PR,ASO,ES,Towers with Radar,189,50,11,4,254,0,53,19,0,72,189,103,30,4,326,0,0,0,326
11/08/2010,SJU,PR,ASO,ES,Towers with Radar,175,81,32,3,291,0,57,39,0,96,175,138,71,3,387,0,0,0,387
11/09/2010,SJU,PR,ASO,ES,Towers with Radar,187,73,29,5,294,0,55,45,0,100,187,128,74,5,394,3,0,3,397
11/10/2010,SJU,PR,ASO,ES,Towers with Radar,179,100,19,5,303,0,67,33,0,100,179,167,52,5,403,0,0,0,403
11/11/2010,SJU,PR,ASO,ES,Towers with Radar,191,96,21,1,309,0,58,24,1,83,191,154,45,2,392,0,0,0,392
11/12/2010,SJU,PR,ASO,ES,Towers with Radar,191,85,17,0,293,0,67,55,0,122,191,152,72,0,415,0,0,0,415
11/13/2010,SJU,PR,ASO,ES,Towers with Radar,205,36,19,11,271,0,108,41,0,149,205,144,60,11,420,0,0,0,420
11/14/2010,SJU,PR,ASO,ES,Towers with Radar,189,30,16,14,249,0,87,41,0,128,189,117,57,14,377,0,0,0,377
11/15/2010,SJU,PR,ASO,ES,Towers with Radar,183,63,24,0,270,0,85,36,0,121,183,148,60,0,391,0,0,0,391
11/16/2010,SJU,PR,ASO,ES,Towers with Radar,183,60,16,1,260,0,77,34,0,111,183,137,50,1,371,0,0,0,371
11/17/2010,SJU,PR,ASO,ES,Towers with Radar,177,74,28,5,284,0,82,37,1,120,177,156,65,6,404,0,0,0,404
11/18/2010,SJU,PR,ASO,ES,Towers with Radar,194,96,36,2,328,0,91,56,0,147,194,187,92,2,475,0,0,0,475
11/19/2010,SJU,PR,ASO,ES,Towers with Radar,218,114,26,0,358,0,106,69,1,176,218,220,95,1,534,0,0,0,534
11/20/2010,SJU,PR,ASO,ES,Towers with Radar,235,31,30,5,301,0,134,86,0,220,235,165,116,5,521,0,0,0,521
11/21/2010,SJU,PR,ASO,ES,Towers with Radar,207,29,5,7,248,0,87,34,2,123,207,116,39,9,371,0,0,0,371
11/22/2010,SJU,PR,ASO,ES,Towers with Radar,193,85,17,1,296,0,77,30,0,107,193,162,47,1,403,0,0,0,403
11/23/2010,SJU,PR,ASO,ES,Towers with Radar,203,69,21,7,300,0,99,35,0,134,203,168,56,7,434,3,0,3,437
11/24/2010,SJU,PR,ASO,ES,Towers with Radar,213,72,35,5,325,0,92,63,0,155,213,164,98,5,480,0,0,0,480
11/25/2010,SJU,PR,ASO,ES,Towers with Radar,181,70,11,0,262,0,60,13,0,73,181,130,24,0,335,0,0,0,335
11/26/2010,SJU,PR,ASO,ES,Towers with Radar,191,60,24,2,277,0,95,47,0,142,191,155,71,2,419,0,0,0,419
11/27/2010,SJU,PR,ASO,ES,Towers with Radar,231,27,18,8,284,0,143,66,0,209,231,170,84,8,493,3,0,3,496
11/28/2010,SJU,PR,ASO,ES,Towers with Radar,224,33,19,2,278,0,121,70,0,191,224,154,89,2,469,0,0,0,469
11/29/2010,SJU,PR,ASO,ES,Towers with Radar,219,51,33,3,306,0,105,55,5,165,219,156,88,8,471,0,0,0,471
11/30/2010,SJU,PR,ASO,ES,Towers with Radar,203,76,29,5,313,0,111,37,0,148,203,187,66,5,461,3,0,3,464
12/01/2010,SJU,PR,ASO,ES,Towers with Radar,203,67,39,7,316,0,99,35,1,135,203,166,74,8,451,0,0,0,451
12/02/2010,SJU,PR,ASO,ES,Towers with Radar,192,75,22,1,290,0,73,36,3,112,192,148,58,4,402,0,0,0,402
12/03/2010,SJU,PR,ASO,ES,Towers with Radar,206,74,15,5,300,0,98,49,0,147,206,172,64,5,447,0,0,0,447
12/04/2010,SJU,PR,ASO,ES,Towers with Radar,220,15,22,7,264,0,88,27,5,120,220,103,49,12,384,3,0,3,387
12/05/2010,SJU,PR,ASO,ES,Towers with Radar,204,18,18,2,242,0,92,29,0,121,204,110,47,2,363,0,0,0,363
12/06/2010,SJU,PR,ASO,ES,Towers with Radar,173,58,19,10,260,0,95,47,3,145,173,153,66,13,405,0,0,0,405
12/07/2010,SJU,PR,ASO,ES,Towers with Radar,192,68,35,3,298,0,69,25,0,94,192,137,60,3,392,0,0,0,392
12/08/2010,SJU,PR,ASO,ES,Towers with Radar,193,83,25,8,309,0,76,32,5,113,193,159,57,13,422,0,0,0,422
12/09/2010,SJU,PR,ASO,ES,Towers with Radar,198,85,28,13,324,0,0,0,0,0,198,85,28,13,324,0,0,0,324
12/10/2010,SJU,PR,ASO,ES,Towers with Radar,217,72,34,9,332,0,71,47,0,118,217,143,81,9,450,2,0,2,452
12/11/2010,SJU,PR,ASO,ES,Towers with Radar,225,23,9,7,264,0,95,44,0,139,225,118,53,7,403,3,0,3,406
12/12/2010,SJU,PR,ASO,ES,Towers with Radar,189,28,19,3,239,0,67,33,1,101,189,95,52,4,340,0,0,0,340
12/13/2010,SJU,PR,ASO,ES,Towers with Radar,195,70,27,10,302,0,90,64,2,156,195,160,91,12,458,0,0,0,458
12/14/2010,SJU,PR,ASO,ES,Towers with Radar,191,75,37,11,314,0,85,44,0,129,191,160,81,11,443,3,2,5,448
12/15/2010,SJU,PR,ASO,ES,Towers with Radar,192,107,32,14,345,0,59,13,1,73,192,166,45,15,418,0,0,0,418
12/16/2010,SJU,PR,ASO,ES,Towers with Radar,224,90,61,10,385,0,101,39,0,140,224,191,100,10,525,0,0,0,525
12/17/2010,SJU,PR,ASO,ES,Towers with Radar,254,95,30,8,387,0,125,62,6,193,254,220,92,14,580,0,0,0,580
12/18/2010,SJU,PR,ASO,ES,Towers with Radar,272,24,46,14,356,0,137,54,0,191,272,161,100,14,547,0,0,0,547
12/19/2010,SJU,PR,ASO,ES,Towers with Radar,279,20,33,5,337,0,121,30,0,151,279,141,63,5,488,0,0,0,488
12/20/2010,SJU,PR,ASO,ES,Towers with Radar,256,98,37,8,399,0,94,35,0,129,256,192,72,8,528,0,0,0,528
12/21/2010,SJU,PR,ASO,ES,Towers with Radar,254,89,48,9,400,0,90,47,1,138,254,179,95,10,538,0,0,0,538
12/22/2010,SJU,PR,ASO,ES,Towers with Radar,256,99,39,11,405,0,106,42,1,149,256,205,81,12,554,0,0,0,554
12/23/2010,SJU,PR,ASO,ES,Towers with Radar,263,85,40,2,390,0,131,61,0,192,263,216,101,2,582,0,0,0,582
12/24/2010,SJU,PR,ASO,ES,Towers with Radar,241,58,35,0,334,0,135,56,0,191,241,193,91,0,525,4,0,4,529
12/25/2010,SJU,PR,ASO,ES,Towers with Radar,256,37,20,0,313,0,102,26,1,129,256,139,46,1,442,3,0,3,445
12/26/2010,SJU,PR,ASO,ES,Towers with Radar,263,65,48,0,376,0,131,91,0,222,263,196,139,0,598,0,0,0,598
12/27/2010,SJU,PR,ASO,ES,Towers with Radar,205,65,42,0,312,0,135,45,0,180,205,200,87,0,492,0,0,0,492
12/28/2010,SJU,PR,ASO,ES,Towers with Radar,237,110,40,1,388,0,75,48,0,123,237,185,88,1,511,3,0,3,514
12/29/2010,SJU,PR,ASO,ES,Towers with Radar,238,97,62,2,399,0,78,45,0,123,238,175,107,2,522,0,0,0,522
12/30/2010,SJU,PR,ASO,ES,Towers with Radar,278,101,41,0,420,0,144,67,0,211,278,245,108,0,631,0,0,0,631
12/31/2010,SJU,PR,ASO,ES,Towers with Radar,261,57,47,0,365,0,137,25,0,162,261,194,72,0,527,0,0,0,527
01/01/2011,SJU,PR,ASO,ES,Towers with Radar,265,48,37,3,353,0,158,49,0,207,265,206,86,3,560,3,0,3,563
01/02/2011,SJU,PR,ASO,ES,Towers with Radar,281,75,69,3,428,0,135,70,0,205,281,210,139,3,633,0,0,0,633
01/03/2011,SJU,PR,ASO,ES,Towers with Radar,250,90,43,1,384,0,138,60,0,198,250,228,103,1,582,0,0,0,582
01/04/2011,SJU,PR,ASO,ES,Towers with Radar,246,74,43,2,365,0,127,42,1,170,246,201,85,3,535,0,0,0,535
01/05/2011,SJU,PR,ASO,ES,Towers with Radar,221,76,31,3,331,0,113,47,0,160,221,189,78,3,491,0,0,0,491
01/06/2011,SJU,PR,ASO,ES,Towers with Radar,235,65,31,0,331,0,99,24,0,123,235,164,55,0,454,0,0,0,454
01/07/2011,SJU,PR,ASO,ES,Towers with Radar,223,60,23,0,306,0,105,49,0,154,223,165,72,0,460,0,0,0,460
01/08/2011,SJU,PR,ASO,ES,Towers with Radar,258,32,11,6,307,0,116,21,0,137,258,148,32,6,444,0,0,0,444
01/09/2011,SJU,PR,ASO,ES,Towers with Radar,250,28,22,2,302,0,98,42,1,141,250,126,64,3,443,0,0,0,443
01/10/2011,SJU,PR,ASO,ES,Towers with Radar,216,64,25,5,310,0,104,37,0,141,216,168,62,5,451,0,0,0,451
01/11/2011,SJU,PR,ASO,ES,Towers with Radar,220,75,13,3,311,0,96,38,1,135,220,171,51,4,446,3,2,5,451
01/12/2011,SJU,PR,ASO,ES,Towers with Radar,208,79,17,14,318,0,93,31,3,127,208,172,48,17,445,0,0,0,445
01/13/2011,SJU,PR,ASO,ES,Towers with Radar,225,98,38,8,369,0,102,40,0,142,225,200,78,8,511,0,0,0,511
01/14/2011,SJU,PR,ASO,ES,Towers with Radar,224,70,25,2,321,0,135,48,1,184,224,205,73,3,505,0,0,0,505
01/15/2011,SJU,PR,ASO,ES,Towers with Radar,253,27,15,6,301,0,130,27,0,157,253,157,42,6,458,0,0,0,458
01/16/2011,SJU,PR,ASO,ES,Towers with Radar,238,23,16,4,281,0,96,30,0,126,238,119,46,4,407,0,0,0,407
01/17/2011,SJU,PR,ASO,ES,Towers with Radar,211,60,17,4,292,0,131,30,0,161,211,191,47,4,453,0,0,0,453
01/18/2011,SJU,PR,ASO,ES,Towers with Radar,210,63,31,8,312,0,105,68,7,180,210,168,99,15,492,0,0,0,492
01/19/2011,SJU,PR,ASO,ES,Towers with Radar,229,64,28,6,327,0,125,58,9,192,229,189,86,15,519,0,0,0,519
01/20/2011,SJU,PR,ASO,ES,Towers with Radar,205,71,18,5,299,0,131,57,2,190,205,202,75,7,489,0,0,0,489
01/21/2011,SJU,PR,ASO,ES,Towers with Radar,228,79,11,1,319,0,132,51,2,185,228,211,62,3,504,0,0,0,504
01/22/2011,SJU,PR,ASO,ES,Towers with Radar,241,27,11,4,283,0,134,29,0,163,241,161,40,4,446,3,0,3,449
01/23/2011,SJU,PR,ASO,ES,Towers with Radar,245,27,18,13,303,0,122,24,0,146,245,149,42,13,449,0,0,0,449
01/24/2011,SJU,PR,ASO,ES,Towers with Radar,221,65,26,0,312,0,123,45,0,168,221,188,71,0,480,0,0,0,480
01/25/2011,SJU,PR,ASO,ES,Towers with Radar,212,64,21,4,301,0,128,39,1,168,212,192,60,5,469,0,0,0,469
01/26/2011,SJU,PR,ASO,ES,Towers with Radar,209,82,37,10,338,0,125,44,0,169,209,207,81,10,507,0,0,0,507
01/27/2011,SJU,PR,ASO,ES,Towers with Radar,199,86,34,11,330,0,124,38,1,163,199,210,72,12,493,0,0,0,493
01/28/2011,SJU,PR,ASO,ES,Towers with Radar,228,85,20,3,336,0,131,63,1,195,228,216,83,4,531,0,0,0,531
01/29/2011,SJU,PR,ASO,ES,Towers with Radar,251,17,10,9,287,0,139,44,0,183,251,156,54,9,470,3,0,3,473
01/30/2011,SJU,PR,ASO,ES,Towers with Radar,247,31,23,7,308,0,117,35,0,152,247,148,58,7,460,0,0,0,460
01/31/2011,SJU,PR,ASO,ES,Towers with Radar,218,68,12,2,300,0,113,47,1,161,218,181,59,3,461,0,0,0,461
02/01/2011,SJU,PR,ASO,ES,Towers with Radar,194,60,16,4,274,0,134,51,1,186,194,194,67,5,460,0,0,0,460
02/02/2011,SJU,PR,ASO,ES,Towers with Radar,194,73,13,3,283,0,129,40,2,171,194,202,53,5,454,0,0,0,454
02/03/2011,SJU,PR,ASO,ES,Towers with Radar,211,88,16,1,316,0,120,51,0,171,211,208,67,1,487,0,0,0,487
02/04/2011,SJU,PR,ASO,ES,Towers with Radar,220,66,21,2,309,0,131,41,2,174,220,197,62,4,483,0,0,0,483
02/05/2011,SJU,PR,ASO,ES,Towers with Radar,256,44,17,6,323,0,128,29,0,157,256,172,46,6,480,3,0,3,483
02/06/2011,SJU,PR,ASO,ES,Towers with Radar,246,31,18,6,301,0,123,34,0,157,246,154,52,6,458,0,0,0,458
02/07/2011,SJU,PR,ASO,ES,Towers with Radar,207,64,26,8,305,0,126,58,2,186,207,190,84,10,491,0,0,0,491
02/08/2011,SJU,PR,ASO,ES,Towers with Radar,218,67,19,7,311,0,127,41,0,168,218,194,60,7,479,0,0,0,479
02/09/2011,SJU,PR,ASO,ES,Towers with Radar,215,69,32,10,326,0,140,52,4,196,215,209,84,14,522,0,0,0,522
02/10/2011,SJU,PR,ASO,ES,Towers with Radar,215,85,26,9,335,0,129,52,3,184,215,214,78,12,519,0,0,0,519
02/11/2011,SJU,PR,ASO,ES,Towers with Radar,220,67,12,0,299,0,133,44,0,177,220,200,56,0,476,0,0,0,476
02/12/2011,SJU,PR,ASO,ES,Towers with Radar,245,19,26,6,296,0,164,53,1,218,245,183,79,7,514,0,0,0,514
02/13/2011,SJU,PR,ASO,ES,Towers with Radar,247,45,20,4,316,0,122,35,0,157,247,167,55,4,473,0,0,0,473
02/14/2011,SJU,PR,ASO,ES,Towers with Radar,212,89,22,1,324,0,106,38,0,144,212,195,60,1,468,0,0,0,468
02/15/2011,SJU,PR,ASO,ES,Towers with Radar,210,68,21,7,306,0,135,64,4,203,210,203,85,11,509,0,0,0,509
02/16/2011,SJU,PR,ASO,ES,Towers with Radar,218,67,43,39,367,0,139,79,0,218,218,206,122,39,585,0,0,0,585
02/17/2011,SJU,PR,ASO,ES,Towers with Radar,215,76,28,7,326,0,165,50,0,215,215,241,78,7,541,0,0,0,541
02/18/2011,SJU,PR,ASO,ES,Towers with Radar,206,74,35,10,325,0,167,83,7,257,206,241,118,17,582,0,0,0,582
02/19/2011,SJU,PR,ASO,ES,Towers with Radar,251,29,9,9,298,0,179,59,4,242,251,208,68,13,540,0,0,0,540
02/20/2011,SJU,PR,ASO,ES,Towers with Radar,245,22,5,6,278,0,130,33,0,163,245,152,38,6,441,0,0,0,441
02/21/2011,SJU,PR,ASO,ES,Towers with Radar,207,62,37,6,312,0,115,60,0,175,207,177,97,6,487,0,0,0,487
02/22/2011,SJU,PR,ASO,ES,Towers with Radar,233,73,19,7,332,0,126,57,2,185,233,199,76,9,517,0,0,0,517
02/23/2011,SJU,PR,ASO,ES,Towers with Radar,218,63,27,12,320,0,116,61,1,178,218,179,88,13,498,0,0,0,498
02/24/2011,SJU,PR,ASO,ES,Towers with Radar,223,78,31,11,343,0,149,54,4,207,223,227,85,15,550,0,0,0,550
02/25/2011,SJU,PR,ASO,ES,Towers with Radar,224,72,22,4,322,0,140,58,17,215,224,212,80,21,537,0,0,0,537
02/26/2011,SJU,PR,ASO,ES,Towers with Radar,249,26,19,0,294,0,167,64,0,231,249,193,83,0,525,3,0,3,528
02/27/2011,SJU,PR,ASO,ES,Towers with Radar,248,39,21,3,311,0,141,38,0,179,248,180,59,3,490,0,0,0,490
02/28/2011,SJU,PR,ASO,ES,Towers with Radar,226,72,14,12,324,0,139,62,1,202,226,211,76,13,526,0,0,0,526
03/01/2011,SJU,PR,ASO,ES,Towers with Radar,211,68,18,3,300,0,115,60,1,176,211,183,78,4,476,0,0,0,476
03/02/2011,SJU,PR,ASO,ES,Towers with Radar,231,62,24,19,336,0,118,57,1,176,231,180,81,20,512,0,0,0,512
03/03/2011,SJU,PR,ASO,ES,Towers with Radar,219,96,14,6,335,0,131,58,0,189,219,227,72,6,524,0,0,0,524
03/04/2011,SJU,PR,ASO,ES,Towers with Radar,219,70,24,1,314,0,138,55,9,202,219,208,79,10,516,2,0,2,518
03/05/2011,SJU,PR,ASO,ES,Towers with Radar,266,32,17,4,319,0,161,43,0,204,266,193,60,4,523,3,0,3,526
03/06/2011,SJU,PR,ASO,ES,Towers with Radar,246,25,27,1,299,0,109,36,0,145,246,134,63,1,444,0,0,0,444
03/07/2011,SJU,PR,ASO,ES,Towers with Radar,222,67,19,8,316,0,107,35,0,142,222,174,54,8,458,0,0,0,458
03/08/2011,SJU,PR,ASO,ES,Towers with Radar,239,67,30,8,344,0,121,31,4,156,239,188,61,12,500,0,0,0,500
03/09/2011,SJU,PR,ASO,ES,Towers with Radar,220,86,29,11,346,0,119,50,3,172,220,205,79,14,518,0,0,0,518
03/10/2011,SJU,PR,ASO,ES,Towers with Radar,224,106,29,12,371,0,163,66,21,250,224,269,95,33,621,0,0,0,621
03/11/2011,SJU,PR,ASO,ES,Towers with Radar,216,61,83,14,374,0,166,83,3,252,216,227,166,17,626,0,0,0,626
03/12/2011,SJU,PR,ASO,ES,Towers with Radar,262,21,27,11,321,0,209,58,1,268,262,230,85,12,589,3,0,3,592
03/13/2011,SJU,PR,ASO,ES,Towers with Radar,262,27,24,6,319,0,148,47,1,196,262,175,71,7,515,0,0,0,515
03/14/2011,SJU,PR,ASO,ES,Towers with Radar,207,73,17,12,309,0,134,43,0,177,207,207,60,12,486,0,0,0,486
03/15/2011,SJU,PR,ASO,ES,Towers with Radar,239,51,21,10,321,0,125,46,0,171,239,176,67,10,492,0,0,0,492
03/16/2011,SJU,PR,ASO,ES,Towers with Radar,224,66,32,23,345,0,117,52,0,169,224,183,84,23,514,0,0,0,514
03/17/2011,SJU,PR,ASO,ES,Towers with Radar,228,73,23,23,347,0,149,51,8,208,228,222,74,31,555,0,0,0,555
03/18/2011,SJU,PR,ASO,ES,Towers with Radar,234,58,22,17,331,0,170,64,0,234,234,228,86,17,565,0,0,0,565
03/19/2011,SJU,PR,ASO,ES,Towers with Radar,260,33,17,10,320,0,189,50,0,239,260,222,67,10,559,3,0,3,562
03/20/2011,SJU,PR,ASO,ES,Towers with Radar,248,42,27,8,325,0,112,36,0,148,248,154,63,8,473,0,0,0,473
03/21/2011,SJU,PR,ASO,ES,Towers with Radar,221,67,22,3,313,0,121,53,0,174,221,188,75,3,487,0,0,0,487
03/22/2011,SJU,PR,ASO,ES,Towers with Radar,235,82,26,7,350,0,121,41,0,162,235,203,67,7,512,0,0,0,512
03/23/2011,SJU,PR,ASO,ES,Towers with Radar,223,54,19,14,310,0,137,62,8,207,223,191,81,22,517,0,0,0,517
03/24/2011,SJU,PR,ASO,ES,Towers with Radar,238,84,21,5,348,0,127,55,1,183,238,211,76,6,531,0,0,0,531
03/25/2011,SJU,PR,ASO,ES,Towers with Radar,233,72,27,13,345,0,141,60,1,202,233,213,87,14,547,0,0,0,547
03/26/2011,SJU,PR,ASO,ES,Towers with Radar,261,33,26,6,326,0,163,58,0,221,261,196,84,6,547,0,0,0,547
03/27/2011,SJU,PR,ASO,ES,Towers with Radar,252,30,25,6,313,0,116,39,0,155,252,146,64,6,468,0,0,0,468
03/28/2011,SJU,PR,ASO,ES,Towers with Radar,237,68,17,6,328,0,125,41,0,166,237,193,58,6,494,0,0,0,494
03/29/2011,SJU,PR,ASO,ES,Towers with Radar,238,62,20,7,327,0,103,58,1,162,238,165,78,8,489,0,0,0,489
03/30/2011,SJU,PR,ASO,ES,Towers with Radar,234,79,21,15,349,0,104,32,2,138,234,183,53,17,487,0,0,0,487
03/31/2011,SJU,PR,ASO,ES,Towers with Radar,217,72,32,8,329,0,97,74,2,173,217,169,106,10,502,0,0,0,502
04/01/2011,SJU,PR,ASO,ES,Towers with Radar,231,74,25,3,333,0,131,74,1,206,231,205,99,4,539,0,0,0,539
04/02/2011,SJU,PR,ASO,ES,Towers with Radar,262,32,28,7,329,0,151,62,0,213,262,183,90,7,542,3,0,3,545
04/03/2011,SJU,PR,ASO,ES,Towers with Radar,268,23,11,5,307,0,118,41,0,159,268,141,52,5,466,0,0,0,466
04/04/2011,SJU,PR,ASO,ES,Towers with Radar,231,74,31,4,340,0,122,54,12,188,231,196,85,16,528,0,0,0,528
04/05/2011,SJU,PR,ASO,ES,Towers with Radar,215,92,27,14,348,0,85,39,1,125,215,177,66,15,473,0,0,0,473
04/06/2011,SJU,PR,ASO,ES,Towers with Radar,218,64,14,8,304,0,117,66,0,183,218,181,80,8,487,0,0,0,487
04/07/2011,SJU,PR,ASO,ES,Towers with Radar,207,73,20,7,307,0,124,57,0,181,207,197,77,7,488,0,0,0,488
04/08/2011,SJU,PR,ASO,ES,Towers with Radar,206,76,31,3,316,0,105,72,1,178,206,181,103,4,494,0,0,0,494
04/09/2011,SJU,PR,ASO,ES,Towers with Radar,226,20,19,6,271,0,137,34,0,171,226,157,53,6,442,3,0,3,445
04/10/2011,SJU,PR,ASO,ES,Towers with Radar,230,29,8,1,268,0,121,38,0,159,230,150,46,1,427,0,0,0,427
04/11/2011,SJU,PR,ASO,ES,Towers with Radar,194,60,20,3,277,0,115,57,1,173,194,175,77,4,450,0,0,0,450
04/12/2011,SJU,PR,ASO,ES,Towers with Radar,215,78,15,2,310,0,102,49,0,151,215,180,64,2,461,3,0,3,464
04/13/2011,SJU,PR,ASO,ES,Towers with Radar,213,83,27,3,326,0,135,54,0,189,213,218,81,3,515,0,0,0,515
04/14/2011,SJU,PR,ASO,ES,Towers with Radar,212,82,24,6,324,0,128,52,1,181,212,210,76,7,505,0,0,0,505
04/15/2011,SJU,PR,ASO,ES,Towers with Radar,213,109,22,5,349,0,136,62,0,198,213,245,84,5,547,0,0,0,547
04/16/2011,SJU,PR,ASO,ES,Towers with Radar,231,47,25,2,305,0,167,52,0,219,231,214,77,2,524,0,0,0,524
04/17/2011,SJU,PR,ASO,ES,Towers with Radar,229,20,146,3,398,0,146,47,0,193,229,166,193,3,591,0,0,0,591
04/18/2011,SJU,PR,ASO,ES,Towers with Radar,205,89,27,1,322,0,129,32,0,161,205,218,59,1,483,0,0,0,483
04/19/2011,SJU,PR,ASO,ES,Towers with Radar,217,73,20,4,314,0,135,45,1,181,217,208,65,5,495,0,0,0,495
04/20/2011,SJU,PR,ASO,ES,Towers with Radar,215,87,33,5,340,0,145,77,1,223,215,232,110,6,563,0,0,0,563
04/21/2011,SJU,PR,ASO,ES,Towers with Radar,214,71,26,4,315,0,144,53,0,197,214,215,79,4,512,0,0,0,512
04/22/2011,SJU,PR,ASO,ES,Towers with Radar,209,26,17,0,252,0,143,45,0,188,209,169,62,0,440,0,0,0,440
04/23/2011,SJU,PR,ASO,ES,Towers with Radar,222,20,16,1,259,0,178,64,0,242,222,198,80,1,501,0,0,0,501
04/24/2011,SJU,PR,ASO,ES,Towers with Radar,240,30,25,1,296,0,158,57,0,215,240,188,82,1,511,0,0,0,511
04/25/2011,SJU,PR,ASO,ES,Towers with Radar,211,69,37,17,334,0,0,0,0,0,211,69,37,17,334,0,0,0,334
04/26/2011,SJU,PR,ASO,ES,Towers with Radar,236,86,23,8,353,0,130,62,1,193,236,216,85,9,546,5,5,10,556
04/27/2011,SJU,PR,ASO,ES,Towers with Radar,209,106,21,12,348,0,84,26,0,110,209,190,47,12,458,0,0,0,458
04/28/2011,SJU,PR,ASO,ES,Towers with Radar,202,82,31,4,319,0,126,51,1,178,202,208,82,5,497,0,0,0,497
04/29/2011,SJU,PR,ASO,ES,Towers with Radar,207,65,26,0,298,0,142,47,0,189,207,207,73,0,487,0,0,0,487
04/30/2011,SJU,PR,ASO,ES,Towers with Radar,227,41,18,5,291,0,131,43,0,174,227,172,61,5,465,0,0,0,465
05/01/2011,SJU,PR,ASO,ES,Towers with Radar,211,68,15,6,300,0,68,18,1,87,211,136,33,7,387,0,0,0,387
05/02/2011,SJU,PR,ASO,ES,Towers with Radar,205,71,30,5,311,0,111,44,2,157,205,182,74,7,468,0,0,0,468
05/03/2011,SJU,PR,ASO,ES,Towers with Radar,196,58,25,3,282,0,94,55,0,149,196,152,80,3,431,0,0,0,431
05/04/2011,SJU,PR,ASO,ES,Towers with Radar,206,60,17,2,285,0,108,56,0,164,206,168,73,2,449,0,0,0,449
05/05/2011,SJU,PR,ASO,ES,Towers with Radar,193,55,16,4,268,0,90,45,1,136,193,145,61,5,404,0,0,0,404
05/06/2011,SJU,PR,ASO,ES,Towers with Radar,205,46,22,1,274,0,118,45,0,163,205,164,67,1,437,0,0,0,437
05/07/2011,SJU,PR,ASO,ES,Towers with Radar,204,17,17,6,244,0,104,30,0,134,204,121,47,6,378,3,0,3,381
05/08/2011,SJU,PR,ASO,ES,Towers with Radar,207,13,10,2,232,0,111,19,0,130,207,124,29,2,362,0,0,0,362
05/09/2011,SJU,PR,ASO,ES,Towers with Radar,197,58,20,8,283,0,112,46,0,158,197,170,66,8,441,0,0,0,441
05/10/2011,SJU,PR,ASO,ES,Towers with Radar,196,70,35,1,302,0,96,42,0,138,196,166,77,1,440,0,0,0,440
05/11/2011,SJU,PR,ASO,ES,Towers with Radar,197,66,25,2,290,0,117,33,0,150,197,183,58,2,440,0,0,0,440
05/12/2011,SJU,PR,ASO,ES,Towers with Radar,187,77,15,2,281,0,76,31,0,107,187,153,46,2,388,0,0,0,388
05/13/2011,SJU,PR,ASO,ES,Towers with Radar,203,90,29,1,323,0,75,36,0,111,203,165,65,1,434,0,0,0,434
05/14/2011,SJU,PR,ASO,ES,Towers with Radar,198,55,15,3,271,0,64,29,0,93,198,119,44,3,364,0,0,0,364
05/15/2011,SJU,PR,ASO,ES,Towers with Radar,213,46,24,6,289,0,67,21,0,88,213,113,45,6,377,0,0,0,377
05/16/2011,SJU,PR,ASO,ES,Towers with Radar,195,62,13,1,271,0,100,32,0,132,195,162,45,1,403,0,0,0,403
05/17/2011,SJU,PR,ASO,ES,Towers with Radar,203,117,29,2,351,0,31,28,0,59,203,148,57,2,410,0,0,0,410
05/18/2011,SJU,PR,ASO,ES,Towers with Radar,198,60,20,5,283,0,109,45,0,154,198,169,65,5,437,0,0,0,437
05/19/2011,SJU,PR,ASO,ES,Towers with Radar,205,104,34,4,347,0,71,37,0,108,205,175,71,4,455,0,0,0,455
05/20/2011,SJU,PR,ASO,ES,Towers with Radar,208,114,36,3,361,0,21,19,0,40,208,135,55,3,401,0,0,0,401
05/21/2011,SJU,PR,ASO,ES,Towers with Radar,209,41,26,3,279,0,88,23,0,111,209,129,49,3,390,0,0,0,390
05/22/2011,SJU,PR,ASO,ES,Towers with Radar,215,24,27,2,268,0,83,33,0,116,215,107,60,2,384,0,0,0,384
05/23/2011,SJU,PR,ASO,ES,Towers with Radar,202,72,14,1,289,0,87,40,0,127,202,159,54,1,416,0,0,0,416
05/24/2011,SJU,PR,ASO,ES,Towers with Radar,215,52,26,16,309,0,85,50,0,135,215,137,76,16,444,0,0,0,444
05/25/2011,SJU,PR,ASO,ES,Towers with Radar,206,76,17,6,305,0,87,50,0,137,206,163,67,6,442,0,0,0,442
05/26/2011,SJU,PR,ASO,ES,Towers with Radar,192,56,28,6,282,0,107,44,0,151,192,163,72,6,433,0,0,0,433
05/27/2011,SJU,PR,ASO,ES,Towers with Radar,232,57,18,0,307,0,104,54,0,158,232,161,72,0,465,2,0,2,467
05/28/2011,SJU,PR,ASO,ES,Towers with Radar,225,22,23,6,276,0,103,29,0,132,225,125,52,6,408,0,0,0,408
05/29/2011,SJU,PR,ASO,ES,Towers with Radar,227,18,9,2,256,0,97,31,0,128,227,115,40,2,384,0,0,0,384
05/30/2011,SJU,PR,ASO,ES,Towers with Radar,223,53,9,10,295,0,105,37,1,143,223,158,46,11,438,0,0,0,438
05/31/2011,SJU,PR,ASO,ES,Towers with Radar,196,64,25,4,289,0,92,41,0,133,196,156,66,4,422,0,0,0,422
06/01/2011,SJU,PR,ASO,ES,Towers with Radar,218,70,16,13,317,0,72,39,0,111,218,142,55,13,428,0,0,0,428
06/02/2011,SJU,PR,ASO,ES,Towers with Radar,221,72,25,5,323,0,80,28,0,108,221,152,53,5,431,0,0,0,431
06/03/2011,SJU,PR,ASO,ES,Towers with Radar,238,66,42,1,347,0,105,59,0,164,238,171,101,1,511,0,0,0,511
06/04/2011,SJU,PR,ASO,ES,Towers with Radar,232,45,11,10,298,0,74,31,0,105,232,119,42,10,403,0,0,0,403
06/05/2011,SJU,PR,ASO,ES,Towers with Radar,227,40,15,4,286,0,58,10,0,68,227,98,25,4,354,0,0,0,354
06/06/2011,SJU,PR,ASO,ES,Towers with Radar,219,76,22,5,322,0,86,35,8,129,219,162,57,13,451,0,0,0,451
06/07/2011,SJU,PR,ASO,ES,Towers with Radar,223,99,19,11,352,0,54,16,19,89,223,153,35,30,441,0,0,0,441
06/08/2011,SJU,PR,ASO,ES,Towers with Radar,221,68,18,17,324,0,82,31,18,131,221,150,49,35,455,0,0,0,455
06/09/2011,SJU,PR,ASO,ES,Towers with Radar,223,92,22,4,341,0,89,57,9,155,223,181,79,13,496,0,0,0,496
06/10/2011,SJU,PR,ASO,ES,Towers with Radar,240,55,16,1,312,0,92,70,0,162,240,147,86,1,474,0,0,0,474
06/11/2011,SJU,PR,ASO,ES,Towers with Radar,248,17,15,5,285,0,89,24,0,113,248,106,39,5,398,0,0,0,398
06/12/2011,SJU,PR,ASO,ES,Towers with Radar,234,32,3,1,270,0,72,35,0,107,234,104,38,1,377,0,0,0,377
06/13/2011,SJU,PR,ASO,ES,Towers with Radar,243,58,18,4,323,0,91,24,0,115,243,149,42,4,438,0,0,0,438
06/14/2011,SJU,PR,ASO,ES,Towers with Radar,226,53,21,9,309,0,79,35,0,114,226,132,56,9,423,0,0,0,423
06/15/2011,SJU,PR,ASO,ES,Towers with Radar,231,52,18,3,304,0,89,43,1,133,231,141,61,4,437,0,0,0,437
06/16/2011,SJU,PR,ASO,ES,Towers with Radar,229,63,20,1,313,0,73,46,0,119,229,136,66,1,432,0,0,0,432
06/17/2011,SJU,PR,ASO,ES,Towers with Radar,253,71,38,8,370,0,104,52,0,156,253,175,90,8,526,0,0,0,526
06/18/2011,SJU,PR,ASO,ES,Towers with Radar,263,18,17,3,301,0,105,37,0,142,263,123,54,3,443,0,0,0,443
06/19/2011,SJU,PR,ASO,ES,Towers with Radar,243,24,9,3,279,0,90,21,0,111,243,114,30,3,390,0,0,0,390
06/20/2011,SJU,PR,ASO,ES,Towers with Radar,248,59,22,4,333,0,100,42,1,143,248,159,64,5,476,0,0,0,476
06/21/2011,SJU,PR,ASO,ES,Towers with Radar,238,56,25,7,326,0,95,35,4,134,238,151,60,11,460,3,1,4,464
06/22/2011,SJU,PR,ASO,ES,Towers with Radar,229,40,15,12,296,0,94,45,2,141,229,134,60,14,437,0,0,0,437
06/23/2011,SJU,PR,ASO,ES,Towers with Radar,233,62,19,11,325,0,102,48,0,150,233,164,67,11,475,0,0,0,475
06/24/2011,SJU,PR,ASO,ES,Towers with Radar,245,52,27,6,330,0,106,31,0,137,245,158,58,6,467,0,0,0,467
06/25/2011,SJU,PR,ASO,ES,Towers with Radar,269,20,10,16,315,0,118,33,0,151,269,138,43,16,466,0,0,0,466
06/26/2011,SJU,PR,ASO,ES,Towers with Radar,243,18,14,0,275,0,106,20,3,129,243,124,34,3,404,0,0,0,404
06/27/2011,SJU,PR,ASO,ES,Towers with Radar,236,98,22,19,375,0,74,26,7,107,236,172,48,26,482,0,20,20,502
06/28/2011,SJU,PR,ASO,ES,Towers with Radar,240,68,10,6,324,0,85,29,2,116,240,153,39,8,440,0,0,0,440
06/29/2011,SJU,PR,ASO,ES,Towers with Radar,234,53,14,4,305,0,99,39,0,138,234,152,53,4,443,0,0,0,443
06/30/2011,SJU,PR,ASO,ES,Towers with Radar,238,61,27,2,328,0,108,44,0,152,238,169,71,2,480,0,0,0,480
07/01/2011,SJU,PR,ASO,ES,Towers with Radar,257,75,16,1,349,0,91,50,0,141,257,166,66,1,490,3,0,3,493
07/02/2011,SJU,PR,ASO,ES,Towers with Radar,257,30,26,2,315,0,80,38,0,118,257,110,64,2,433,3,0,3,436
07/03/2011,SJU,PR,ASO,ES,Towers with Radar,255,51,8,1,315,0,39,12,0,51,255,90,20,1,366,0,0,0,366
07/04/2011,SJU,PR,ASO,ES,Towers with Radar,237,43,8,3,291,0,84,34,0,118,237,127,42,3,409,0,0,0,409
07/05/2011,SJU,PR,ASO,ES,Towers with Radar,228,52,10,7,297,0,97,46,4,147,228,149,56,11,444,0,0,0,444
07/06/2011,SJU,PR,ASO,ES,Towers with Radar,238,59,18,3,318,0,98,36,18,152,238,157,54,21,470,0,0,0,470
07/07/2011,SJU,PR,ASO,ES,Towers with Radar,242,71,18,2,333,0,75,36,10,121,242,146,54,12,454,0,0,0,454
07/08/2011,SJU,PR,ASO,ES,Towers with Radar,252,75,16,4,347,0,100,41,0,141,252,175,57,4,488,2,1,3,491
07/09/2011,SJU,PR,ASO,ES,Towers with Radar,262,24,24,12,322,0,91,50,0,141,262,115,74,12,463,0,0,0,463
07/10/2011,SJU,PR,ASO,ES,Towers with Radar,245,19,26,6,296,0,86,36,0,122,245,105,62,6,418,0,0,0,418
07/11/2011,SJU,PR,ASO,ES,Towers with Radar,240,50,17,1,308,0,93,35,0,128,240,143,52,1,436,0,0,0,436
07/12/2011,SJU,PR,ASO,ES,Towers with Radar,230,64,24,8,326,0,83,24,0,107,230,147,48,8,433,0,0,0,433
07/13/2011,SJU,PR,ASO,ES,Towers with Radar,245,54,13,4,316,0,96,37,0,133,245,150,50,4,449,0,0,0,449
07/14/2011,SJU,PR,ASO,ES,Towers with Radar,246,63,28,3,340,0,89,31,0,120,246,152,59,3,460,0,0,0,460
07/15/2011,SJU,PR,ASO,ES,Towers with Radar,251,59,14,3,327,0,99,33,1,133,251,158,47,4,460,0,0,0,460
07/16/2011,SJU,PR,ASO,ES,Towers with Radar,267,26,21,3,317,0,96,33,0,129,267,122,54,3,446,0,0,0,446
07/17/2011,SJU,PR,ASO,ES,Towers with Radar,245,19,28,1,293,0,86,30,1,117,245,105,58,2,410,0,0,0,410
07/18/2011,SJU,PR,ASO,ES,Towers with Radar,236,61,15,4,316,0,103,38,0,141,236,164,53,4,457,0,0,0,457
07/19/2011,SJU,PR,ASO,ES,Towers with Radar,252,53,15,2,322,0,102,31,0,133,252,155,46,2,455,0,0,0,455
07/20/2011,SJU,PR,ASO,ES,Towers with Radar,233,55,10,7,305,0,91,43,3,137,233,146,53,10,442,0,0,0,442
07/21/2011,SJU,PR,ASO,ES,Towers with Radar,241,61,27,9,338,0,93,55,4,152,241,154,82,13,490,0,0,0,490
07/22/2011,SJU,PR,ASO,ES,Towers with Radar,259,63,30,0,352,0,98,81,0,179,259,161,111,0,531,3,0,3,534
07/23/2011,SJU,PR,ASO,ES,Towers with Radar,266,28,28,5,327,0,74,33,0,107,266,102,61,5,434,0,0,0,434
07/24/2011,SJU,PR,ASO,ES,Towers with Radar,247,20,24,4,295,0,85,21,0,106,247,105,45,4,401,0,0,0,401
07/25/2011,SJU,PR,ASO,ES,Towers with Radar,240,50,17,1,308,0,83,38,0,121,240,133,55,1,429,0,0,0,429
07/26/2011,SJU,PR,ASO,ES,Towers with Radar,230,54,24,5,313,0,87,46,0,133,230,141,70,5,446,0,0,0,446
07/27/2011,SJU,PR,ASO,ES,Towers with Radar,247,61,22,33,363,0,88,31,0,119,247,149,53,33,482,0,0,0,482
07/28/2011,SJU,PR,ASO,ES,Towers with Radar,235,62,26,7,330,0,93,39,0,132,235,155,65,7,462,0,0,0,462
07/29/2011,SJU,PR,ASO,ES,Towers with Radar,261,60,21,5,347,0,100,40,0,140,261,160,61,5,487,3,0,3,490
07/30/2011,SJU,PR,ASO,ES,Towers with Radar,272,17,22,3,314,0,104,29,0,133,272,121,51,3,447,0,0,0,447
07/31/2011,SJU,PR,ASO,ES,Towers with Radar,244,15,7,1,267,0,89,35,0,124,244,104,42,1,391,0,0,0,391
08/01/2011,SJU,PR,ASO,ES,Towers with Radar,255,59,13,3,330,0,88,43,0,131,255,147,56,3,461,0,0,0,461
08/02/2011,SJU,PR,ASO,ES,Towers with Radar,234,29,18,16,297,0,85,23,0,108,234,114,41,16,405,0,0,0,405
08/03/2011,SJU,PR,ASO,ES,Towers with Radar,227,70,25,3,325,0,44,14,0,58,227,114,39,3,383,0,0,0,383
08/04/2011,SJU,PR,ASO,ES,Towers with Radar,235,59,20,3,317,0,72,32,6,110,235,131,52,9,427,0,0,0,427
08/05/2011,SJU,PR,ASO,ES,Towers with Radar,242,67,12,4,325,0,93,52,0,145,242,160,64,4,470,0,0,0,470
08/06/2011,SJU,PR,ASO,ES,Towers with Radar,244,18,19,12,293,0,86,31,0,117,244,104,50,12,410,0,0,0,410
08/07/2011,SJU,PR,ASO,ES,Towers with Radar,235,29,7,6,277,0,79,31,0,110,235,108,38,6,387,0,0,0,387
08/08/2011,SJU,PR,ASO,ES,Towers with Radar,227,58,19,3,307,0,94,28,0,122,227,152,47,3,429,0,0,0,429
08/09/2011,SJU,PR,ASO,ES,Towers with Radar,227,53,39,6,325,0,88,37,1,126,227,141,76,7,451,0,0,0,451
08/10/2011,SJU,PR,ASO,ES,Towers with Radar,220,50,23,3,296,0,87,32,1,120,220,137,55,4,416,0,0,0,416
08/11/2011,SJU,PR,ASO,ES,Towers with Radar,228,55,36,2,321,0,97,43,2,142,228,152,79,4,463,0,0,0,463
08/12/2011,SJU,PR,ASO,ES,Towers with Radar,236,86,31,2,355,0,106,32,0,138,236,192,63,2,493,3,0,3,496
08/13/2011,SJU,PR,ASO,ES,Towers with Radar,237,27,11,6,281,0,92,24,0,116,237,119,35,6,397,0,0,0,397
08/14/2011,SJU,PR,ASO,ES,Towers with Radar,230,18,27,5,280,0,84,27,0,111,230,102,54,5,391,0,0,0,391
08/15/2011,SJU,PR,ASO,ES,Towers with Radar,221,72,20,2,315,0,92,32,0,124,221,164,52,2,439,0,0,0,439
08/16/2011,SJU,PR,ASO,ES,Towers with Radar,208,55,38,0,301,0,80,35,0,115,208,135,73,0,416,0,0,0,416
08/17/2011,SJU,PR,ASO,ES,Towers with Radar,232,55,26,4,317,0,88,48,0,136,232,143,74,4,453,0,0,0,453
08/18/2011,SJU,PR,ASO,ES,Towers with Radar,218,56,27,6,307,0,105,50,6,161,218,161,77,12,468,0,0,0,468
08/19/2011,SJU,PR,ASO,ES,Towers with Radar,218,54,22,0,294,0,106,24,0,130,218,160,46,0,424,2,0,2,426
08/20/2011,SJU,PR,ASO,ES,Towers with Radar,223,19,18,4,264,0,99,22,0,121,223,118,40,4,385,0,0,0,385
08/21/2011,SJU,PR,ASO,ES,Towers with Radar,211,14,12,8,245,0,8,15,0,23,211,22,27,8,268,0,0,0,268
08/22/2011,SJU,PR,ASO,ES,Towers with Radar,109,16,12,1,138,0,16,12,0,28,109,32,24,1,166,0,0,0,166
08/23/2011,SJU,PR,ASO,ES,Towers with Radar,202,99,28,4,333,0,50,26,6,82,202,149,54,10,415,0,0,0,415
08/24/2011,SJU,PR,ASO,ES,Towers with Radar,210,80,18,5,313,0,85,41,0,126,210,165,59,5,439,0,0,0,439
08/25/2011,SJU,PR,ASO,ES,Towers with Radar,188,58,16,4,266,0,88,33,6,127,188,146,49,10,393,0,0,0,393
08/26/2011,SJU,PR,ASO,ES,Towers with Radar,210,56,24,3,293,0,93,46,1,140,210,149,70,4,433,3,0,3,436
08/27/2011,SJU,PR,ASO,ES,Towers with Radar,190,17,15,5,227,0,79,19,2,100,190,96,34,7,327,0,0,0,327
08/28/2011,SJU,PR,ASO,ES,Towers with Radar,155,16,7,1,179,0,70,16,0,86,155,86,23,1,265,0,0,0,265
08/29/2011,SJU,PR,ASO,ES,Towers with Radar,169,60,18,5,252,0,94,40,0,134,169,154,58,5,386,0,0,0,386
08/30/2011,SJU,PR,ASO,ES,Towers with Radar,192,50,32,6,280,0,86,47,3,136,192,136,79,9,416,0,0,0,416
08/31/2011,SJU,PR,ASO,ES,Towers with Radar,200,59,22,14,295,0,91,46,0,137,200,150,68,14,432,0,0,0,432
09/01/2011,SJU,PR,ASO,ES,Towers with Radar,185,51,27,1,264,0,78,45,0,123,185,129,72,1,387,0,0,0,387
09/02/2011,SJU,PR,ASO,ES,Towers with Radar,208,57,27,2,294,0,90,43,0,133,208,147,70,2,427,3,1,4,431
09/03/2011,SJU,PR,ASO,ES,Towers with Radar,203,19,14,3,239,0,68,33,1,102,203,87,47,4,341,0,0,0,341
09/04/2011,SJU,PR,ASO,ES,Towers with Radar,192,17,7,1,217,0,81,21,0,102,192,98,28,1,319,0,0,0,319
09/05/2011,SJU,PR,ASO,ES,Towers with Radar,195,56,18,2,271,0,92,22,1,115,195,148,40,3,386,0,0,0,386
09/06/2011,SJU,PR,ASO,ES,Towers with Radar,178,62,19,2,261,0,88,46,0,134,178,150,65,2,395,0,0,0,395
09/07/2011,SJU,PR,ASO,ES,Towers with Radar,160,51,16,7,234,0,87,44,11,142,160,138,60,18,376,0,0,0,376
09/08/2011,SJU,PR,ASO,ES,Towers with Radar,175,59,19,10,263,0,69,29,0,98,175,128,48,10,361,0,0,0,361
09/09/2011,SJU,PR,ASO,ES,Towers with Radar,163,58,16,2,239,0,74,44,2,120,163,132,60,4,359,0,0,0,359
09/10/2011,SJU,PR,ASO,ES,Towers with Radar,156,20,5,14,195,0,31,4,4,39,156,51,9,18,234,0,5,5,239
09/11/2011,SJU,PR,ASO,ES,Towers with Radar,143,24,5,3,175,0,26,3,0,29,143,50,8,3,204,0,0,0,204
09/12/2011,SJU,PR,ASO,ES,Towers with Radar,171,88,19,7,285,0,60,20,0,80,171,148,39,7,365,0,0,0,365
09/13/2011,SJU,PR,ASO,ES,Towers with Radar,161,70,24,2,257,0,44,21,0,65,161,114,45,2,322,0,0,0,322
09/14/2011,SJU,PR,ASO,ES,Towers with Radar,155,45,20,6,226,0,62,24,0,86,155,107,44,6,312,0,0,0,312
09/15/2011,SJU,PR,ASO,ES,Towers with Radar,179,64,23,3,269,0,87,54,0,141,179,151,77,3,410,0,0,0,410
09/16/2011,SJU,PR,ASO,ES,Towers with Radar,173,58,16,3,250,0,90,35,0,125,173,148,51,3,375,0,0,0,375
09/17/2011,SJU,PR,ASO,ES,Towers with Radar,165,12,11,4,192,0,67,15,1,83,165,79,26,5,275,0,0,0,275
09/18/2011,SJU,PR,ASO,ES,Towers with Radar,176,9,9,4,198,0,64,15,0,79,176,73,24,4,277,0,0,0,277
09/19/2011,SJU,PR,ASO,ES,Towers with Radar,170,54,4,1,229,0,70,25,2,97,170,124,29,3,326,0,0,0,326
09/20/2011,SJU,PR,ASO,ES,Towers with Radar,169,58,22,2,251,0,73,33,1,107,169,131,55,3,358,0,0,0,358
09/21/2011,SJU,PR,ASO,ES,Towers with Radar,161,46,14,3,224,0,77,36,0,113,161,123,50,3,337,0,0,0,337
09/22/2011,SJU,PR,ASO,ES,Towers with Radar,170,57,22,2,251,0,71,33,0,104,170,128,55,2,355,0,0,0,355
09/23/2011,SJU,PR,ASO,ES,Towers with Radar,173,51,22,4,250,0,85,33,3,121,173,136,55,7,371,3,0,3,374
09/24/2011,SJU,PR,ASO,ES,Towers with Radar,173,11,10,4,198,0,69,13,0,82,173,80,23,4,280,0,0,0,280
09/25/2011,SJU,PR,ASO,ES,Towers with Radar,179,14,9,2,204,0,75,13,0,88,179,89,22,2,292,0,0,0,292
09/26/2011,SJU,PR,ASO,ES,Towers with Radar,157,50,21,2,230,0,71,30,0,101,157,121,51,2,331,0,0,0,331
09/27/2011,SJU,PR,ASO,ES,Towers with Radar,165,69,16,1,251,0,64,21,0,85,165,133,37,1,336,3,1,4,340
09/28/2011,SJU,PR,ASO,ES,Towers with Radar,160,50,26,3,239,0,80,42,0,122,160,130,68,3,361,0,0,0,361
09/29/2011,SJU,PR,ASO,ES,Towers with Radar,162,71,30,4,267,0,89,63,7,159,162,160,93,11,426,0,0,0,426
09/30/2011,SJU,PR,ASO,ES,Towers with Radar,190,61,23,2,276,0,81,37,0,118,190,142,60,2,394,0,0,0,394
10/01/2011,SJU,PR,ASO,ES,Towers with Radar,184,15,19,17,235,0,63,24,0,87,184,78,43,17,322,0,0,0,322
10/02/2011,SJU,PR,ASO,ES,Towers with Radar,175,10,12,3,200,0,69,24,4,97,175,79,36,7,297,0,0,0,297
10/03/2011,SJU,PR,ASO,ES,Towers with Radar,172,57,19,2,250,0,87,26,3,116,172,144,45,5,366,0,0,0,366
10/04/2011,SJU,PR,ASO,ES,Towers with Radar,167,51,22,5,245,0,75,34,1,110,167,126,56,6,355,0,0,0,355
10/05/2011,SJU,PR,ASO,ES,Towers with Radar,157,56,12,7,232,0,66,28,0,94,157,122,40,7,326,0,0,0,326
10/06/2011,SJU,PR,ASO,ES,Towers with Radar,171,62,5,1,239,0,86,38,0,124,171,148,43,1,363,0,0,0,363
10/07/2011,SJU,PR,ASO,ES,Towers with Radar,179,55,18,5,257,0,90,49,0,139,179,145,67,5,396,2,1,3,399
10/08/2011,SJU,PR,ASO,ES,Towers with Radar,179,19,14,4,216,0,62,39,2,103,179,81,53,6,319,0,0,0,319
10/09/2011,SJU,PR,ASO,ES,Towers with Radar,182,13,8,0,203,0,82,26,1,109,182,95,34,1,312,0,0,0,312
10/10/2011,SJU,PR,ASO,ES,Towers with Radar,175,45,4,1,225,0,82,45,1,128,175,127,49,2,353,0,0,0,353
10/11/2011,SJU,PR,ASO,ES,Towers with Radar,178,59,9,2,248,0,71,55,1,127,178,130,64,3,375,0,0,0,375
10/12/2011,SJU,PR,ASO,ES,Towers with Radar,165,58,14,3,240,0,90,45,0,135,165,148,59,3,375,0,0,0,375
10/13/2011,SJU,PR,ASO,ES,Towers with Radar,183,58,9,2,252,0,83,33,0,116,183,141,42,2,368,0,0,0,368
10/14/2011,SJU,PR,ASO,ES,Towers with Radar,191,56,23,2,272,0,83,52,0,135,191,139,75,2,407,2,0,2,409
10/15/2011,SJU,PR,ASO,ES,Towers with Radar,180,17,14,9,220,0,74,24,0,98,180,91,38,9,318,0,0,0,318
10/16/2011,SJU,PR,ASO,ES,Towers with Radar,177,18,16,15,226,0,76,16,1,93,177,94,32,16,319,0,0,0,319
10/17/2011,SJU,PR,ASO,ES,Towers with Radar,178,54,14,0,246,0,76,43,0,119,178,130,57,0,365,0,0,0,365
10/18/2011,SJU,PR,ASO,ES,Towers with Radar,168,52,23,0,243,0,63,43,0,106,168,115,66,0,349,0,0,0,349
10/19/2011,SJU,PR,ASO,ES,Towers with Radar,162,49,22,5,238,0,80,55,0,135,162,129,77,5,373,0,0,0,373
10/20/2011,SJU,PR,ASO,ES,Towers with Radar,183,53,23,8,267,0,81,47,1,129,183,134,70,9,396,0,0,0,396
10/21/2011,SJU,PR,ASO,ES,Towers with Radar,182,57,11,10,260,0,78,34,1,113,182,135,45,11,373,4,0,4,377
10/22/2011,SJU,PR,ASO,ES,Towers with Radar,174,19,11,2,206,0,85,24,0,109,174,104,35,2,315,0,0,0,315
10/23/2011,SJU,PR,ASO,ES,Towers with Radar,172,14,13,1,200,0,83,17,0,100,172,97,30,1,300,0,0,0,300
10/24/2011,SJU,PR,ASO,ES,Towers with Radar,178,58,7,5,248,0,72,40,2,114,178,130,47,7,362,0,0,0,362
10/25/2011,SJU,PR,ASO,ES,Towers with Radar,181,47,15,1,244,0,72,41,0,113,181,119,56,1,357,0,0,0,357
10/26/2011,SJU,PR,ASO,ES,Towers with Radar,160,54,9,7,230,0,86,36,0,122,160,140,45,7,352,0,0,0,352
10/27/2011,SJU,PR,ASO,ES,Towers with Radar,169,58,27,4,258,0,90,42,0,132,169,148,69,4,390,0,0,0,390
10/28/2011,SJU,PR,ASO,ES,Towers with Radar,181,60,9,2,252,0,93,49,0,142,181,153,58,2,394,2,0,2,396
10/29/2011,SJU,PR,ASO,ES,Towers with Radar,178,35,26,4,243,0,104,32,0,136,178,139,58,4,379,0,0,0,379
10/30/2011,SJU,PR,ASO,ES,Towers with Radar,190,21,14,0,225,0,77,10,0,87,190,98,24,0,312,0,0,0,312
10/31/2011,SJU,PR,ASO,ES,Towers with Radar,181,67,15,6,269,0,81,41,0,122,181,148,56,6,391,0,0,0,391
11/01/2011,SJU,PR,ASO,ES,Towers with Radar,173,57,13,3,246,0,96,38,0,134,173,153,51,3,380,0,0,0,380
11/02/2011,SJU,PR,ASO,ES,Towers with Radar,176,71,31,4,282,0,93,40,0,133,176,164,71,4,415,0,0,0,415
11/03/2011,SJU,PR,ASO,ES,Towers with Radar,181,83,23,8,295,0,81,34,5,120,181,164,57,13,415,0,0,0,415
11/04/2011,SJU,PR,ASO,ES,Towers with Radar,195,64,21,2,282,0,103,52,0,155,195,167,73,2,437,2,0,2,439
11/05/2011,SJU,PR,ASO,ES,Towers with Radar,187,18,18,3,226,0,96,28,0,124,187,114,46,3,350,0,0,0,350
11/06/2011,SJU,PR,ASO,ES,Towers with Radar,182,26,6,9,223,0,87,22,0,109,182,113,28,9,332,0,0,0,332
11/07/2011,SJU,PR,ASO,ES,Towers with Radar,167,74,12,1,254,0,93,43,0,136,167,167,55,1,390,0,0,0,390
11/08/2011,SJU,PR,ASO,ES,Towers with Radar,192,56,26,12,286,0,92,49,9,150,192,148,75,21,436,0,0,0,436
11/09/2011,SJU,PR,ASO,ES,Towers with Radar,179,71,26,8,284,0,75,40,0,115,179,146,66,8,399,0,0,0,399
11/10/2011,SJU,PR,ASO,ES,Towers with Radar,185,64,18,1,268,0,113,45,0,158,185,177,63,1,426,0,0,0,426
11/11/2011,SJU,PR,ASO,ES,Towers with Radar,197,55,17,0,269,0,97,39,0,136,197,152,56,0,405,2,0,2,407
11/12/2011,SJU,PR,ASO,ES,Towers with Radar,195,40,12,4,251,0,104,31,0,135,195,144,43,4,386,0,0,0,386
11/13/2011,SJU,PR,ASO,ES,Towers with Radar,188,13,17,2,220,0,110,33,0,143,188,123,50,2,363,0,0,0,363
11/14/2011,SJU,PR,ASO,ES,Towers with Radar,176,77,90,0,343,0,110,59,8,177,176,187,149,8,520,0,8,8,528
11/15/2011,SJU,PR,ASO,ES,Towers with Radar,186,62,22,4,274,0,106,51,0,157,186,168,73,4,431,0,0,0,431
11/16/2011,SJU,PR,ASO,ES,Towers with Radar,186,57,11,6,260,0,117,54,2,173,186,174,65,8,433,0,0,0,433
11/17/2011,SJU,PR,ASO,ES,Towers with Radar,199,66,16,4,285,0,105,48,1,154,199,171,64,5,439,0,0,0,439
11/18/2011,SJU,PR,ASO,ES,Towers with Radar,219,74,24,9,326,0,128,86,8,222,219,202,110,17,548,2,1,3,551
11/19/2011,SJU,PR,ASO,ES,Towers with Radar,219,28,25,10,282,0,128,51,0,179,219,156,76,10,461,0,0,0,461
11/20/2011,SJU,PR,ASO,ES,Towers with Radar,226,26,5,2,259,0,112,25,0,137,226,138,30,2,396,0,0,0,396
11/21/2011,SJU,PR,ASO,ES,Towers with Radar,209,65,25,2,301,0,104,64,0,168,209,169,89,2,469,0,0,0,469
11/22/2011,SJU,PR,ASO,ES,Towers with Radar,209,68,19,2,298,0,120,51,2,173,209,188,70,4,471,0,0,0,471
11/23/2011,SJU,PR,ASO,ES,Towers with Radar,204,82,23,4,313,0,116,56,0,172,204,198,79,4,485,0,0,0,485
11/24/2011,SJU,PR,ASO,ES,Towers with Radar,189,56,19,0,264,0,91,14,0,105,189,147,33,0,369,0,0,0,369
11/25/2011,SJU,PR,ASO,ES,Towers with Radar,220,54,8,4,286,0,100,41,0,141,220,154,49,4,427,2,0,2,429
11/26/2011,SJU,PR,ASO,ES,Towers with Radar,216,46,18,4,284,0,121,54,0,175,216,167,72,4,459,0,0,0,459
11/27/2011,SJU,PR,ASO,ES,Towers with Radar,219,61,35,1,316,0,126,46,0,172,219,187,81,1,488,0,0,0,488
11/28/2011,SJU,PR,ASO,ES,Towers with Radar,209,87,9,0,305,0,117,51,0,168,209,204,60,0,473,0,0,0,473
11/29/2011,SJU,PR,ASO,ES,Towers with Radar,204,64,22,8,298,0,110,66,0,176,204,174,88,8,474,0,0,0,474
11/30/2011,SJU,PR,ASO,ES,Towers with Radar,197,73,24,15,309,0,94,51,0,145,197,167,75,15,454,0,0,0,454
12/01/2011,SJU,PR,ASO,ES,Towers with Radar,192,78,21,8,299,0,93,61,4,158,192,171,82,12,457,0,0,0,457
12/02/2011,SJU,PR,ASO,ES,Towers with Radar,204,85,19,5,313,0,98,50,3,151,204,183,69,8,464,0,0,0,464
12/03/2011,SJU,PR,ASO,ES,Towers with Radar,206,34,3,10,253,0,90,39,3,132,206,124,42,13,385,0,0,0,385
12/04/2011,SJU,PR,ASO,ES,Towers with Radar,193,36,16,5,250,0,92,22,0,114,193,128,38,5,364,0,0,0,364
12/05/2011,SJU,PR,ASO,ES,Towers with Radar,189,87,15,1,292,0,73,31,0,104,189,160,46,1,396,0,0,0,396
12/06/2011,SJU,PR,ASO,ES,Towers with Radar,189,60,23,4,276,0,91,52,0,143,189,151,75,4,419,0,0,0,419
12/07/2011,SJU,PR,ASO,ES,Towers with Radar,193,59,25,11,288,0,85,60,2,147,193,144,85,13,435,0,0,0,435
12/08/2011,SJU,PR,ASO,ES,Towers with Radar,191,66,15,9,281,0,92,50,2,144,191,158,65,11,425,0,0,0,425
12/09/2011,SJU,PR,ASO,ES,Towers with Radar,204,88,24,13,329,0,81,52,4,137,204,169,76,17,466,2,1,3,469
12/10/2011,SJU,PR,ASO,ES,Towers with Radar,204,78,20,6,308,0,68,27,0,95,204,146,47,6,403,0,0,0,403
12/11/2011,SJU,PR,ASO,ES,Towers with Radar,200,47,8,2,257,0,97,25,0,122,200,144,33,2,379,0,0,0,379
12/12/2011,SJU,PR,ASO,ES,Towers with Radar,184,61,10,1,256,0,89,60,1,150,184,150,70,2,406,0,0,0,406
12/13/2011,SJU,PR,ASO,ES,Towers with Radar,204,65,17,2,288,0,91,55,2,148,204,156,72,4,436,0,0,0,436
12/14/2011,SJU,PR,ASO,ES,Towers with Radar,201,64,13,2,280,0,96,46,0,142,201,160,59,2,422,0,0,0,422
12/15/2011,SJU,PR,ASO,ES,Towers with Radar,206,81,23,13,323,0,97,58,0,155,206,178,81,13,478,0,0,0,478
12/16/2011,SJU,PR,ASO,ES,Towers with Radar,240,72,21,7,340,0,98,65,0,163,240,170,86,7,503,2,1,3,506
12/17/2011,SJU,PR,ASO,ES,Towers with Radar,264,27,21,9,321,0,117,43,0,160,264,144,64,9,481,0,0,0,481
12/18/2011,SJU,PR,ASO,ES,Towers with Radar,258,32,32,4,326,0,115,32,3,150,258,147,64,7,476,0,0,0,476
12/19/2011,SJU,PR,ASO,ES,Towers with Radar,238,63,7,1,309,0,101,58,0,159,238,164,65,1,468,0,0,0,468
12/20/2011,SJU,PR,ASO,ES,Towers with Radar,245,89,37,8,379,0,79,58,0,137,245,168,95,8,516,0,0,0,516
12/21/2011,SJU,PR,ASO,ES,Towers with Radar,245,68,26,5,344,0,112,63,0,175,245,180,89,5,519,0,0,0,519
12/22/2011,SJU,PR,ASO,ES,Towers with Radar,257,73,20,6,356,0,125,70,8,203,257,198,90,14,559,0,0,0,559
12/23/2011,SJU,PR,ASO,ES,Towers with Radar,262,75,26,2,365,0,137,72,0,209,262,212,98,2,574,0,0,0,574
12/24/2011,SJU,PR,ASO,ES,Towers with Radar,274,29,20,0,323,0,146,36,1,183,274,175,56,1,506,0,0,0,506
12/25/2011,SJU,PR,ASO,ES,Towers with Radar,243,34,16,1,294,0,103,21,0,124,243,137,37,1,418,0,0,0,418
12/26/2011,SJU,PR,ASO,ES,Towers with Radar,232,41,23,2,298,0,164,84,1,249,232,205,107,3,547,0,0,0,547
12/27/2011,SJU,PR,ASO,ES,Towers with Radar,225,168,26,0,419,0,168,93,0,261,225,336,119,0,680,0,0,0,680
12/28/2011,SJU,PR,ASO,ES,Towers with Radar,249,72,23,3,347,0,141,69,0,210,249,213,92,3,557,0,0,0,557
12/29/2011,SJU,PR,ASO,ES,Towers with Radar,254,71,21,2,348,0,130,67,0,197,254,201,88,2,545,0,0,0,545
12/30/2011,SJU,PR,ASO,ES,Towers with Radar,254,64,32,3,353,0,173,72,1,246,254,237,104,4,599,3,1,4,603
12/31/2011,SJU,PR,ASO,ES,Towers with Radar,263,28,21,0,312,0,140,29,0,169,263,168,50,0,481,0,0,0,481
01/01/2012,SJU,PR,ASO,ES,Towers with Radar,243,49,56,0,348,0,168,56,0,224,243,217,112,0,572,0,0,0,572
01/02/2012,SJU,PR,ASO,ES,Towers with Radar,235,66,65,0,366,0,163,49,0,212,235,229,114,0,578,0,0,0,578
01/03/2012,SJU,PR,ASO,ES,Towers with Radar,245,64,48,2,359,0,151,75,0,226,245,215,123,2,585,0,0,0,585
01/04/2012,SJU,PR,ASO,ES,Towers with Radar,241,62,25,2,330,0,146,50,1,197,241,208,75,3,527,0,0,0,527
01/05/2012,SJU,PR,ASO,ES,Towers with Radar,232,76,25,0,333,0,115,70,0,185,232,191,95,0,518,0,0,0,518
01/06/2012,SJU,PR,ASO,ES,Towers with Radar,239,60,34,1,334,0,122,37,0,159,239,182,71,1,493,3,0,3,496
01/07/2012,SJU,PR,ASO,ES,Towers with Radar,268,37,17,11,333,0,141,40,0,181,268,178,57,11,514,0,0,0,514
01/08/2012,SJU,PR,ASO,ES,Towers with Radar,259,31,14,2,306,0,126,24,0,150,259,157,38,2,456,0,0,0,456
01/09/2012,SJU,PR,ASO,ES,Towers with Radar,213,66,20,3,302,0,120,36,2,158,213,186,56,5,460,0,0,0,460
01/10/2012,SJU,PR,ASO,ES,Towers with Radar,222,56,10,8,296,0,99,52,3,154,222,155,62,11,450,0,0,0,450
01/11/2012,SJU,PR,ASO,ES,Towers with Radar,211,55,14,12,292,0,84,33,3,120,211,139,47,15,412,0,0,0,412
01/12/2012,SJU,PR,ASO,ES,Towers with Radar,217,57,12,3,289,0,114,48,2,164,217,171,60,5,453,0,0,0,453
01/13/2012,SJU,PR,ASO,ES,Towers with Radar,221,77,26,6,330,0,99,40,2,141,221,176,66,8,471,3,1,4,475
01/14/2012,SJU,PR,ASO,ES,Towers with Radar,241,26,10,6,283,0,141,18,0,159,241,167,28,6,442,0,0,0,442
01/15/2012,SJU,PR,ASO,ES,Towers with Radar,241,27,15,4,287,0,78,19,1,98,241,105,34,5,385,0,0,0,385
01/16/2012,SJU,PR,ASO,ES,Towers with Radar,207,67,14,2,290,0,105,23,0,128,207,172,37,2,418,0,0,0,418
01/17/2012,SJU,PR,ASO,ES,Towers with Radar,207,75,22,6,310,0,113,40,1,154,207,188,62,7,464,0,0,0,464
01/18/2012,SJU,PR,ASO,ES,Towers with Radar,213,74,23,8,318,0,93,30,0,123,213,167,53,8,441,0,0,0,441
01/19/2012,SJU,PR,ASO,ES,Towers with Radar,215,72,18,6,311,0,91,46,3,140,215,163,64,9,451,0,0,0,451
01/20/2012,SJU,PR,ASO,ES,Towers with Radar,222,82,19,7,330,0,125,60,0,185,222,207,79,7,515,2,0,2,517
01/21/2012,SJU,PR,ASO,ES,Towers with Radar,238,27,15,14,294,0,127,28,0,155,238,154,43,14,449,0,0,0,449
01/22/2012,SJU,PR,ASO,ES,Towers with Radar,238,26,15,4,283,0,104,28,6,138,238,130,43,10,421,0,0,0,421
01/23/2012,SJU,PR,ASO,ES,Towers with Radar,205,58,20,1,284,0,105,25,0,130,205,163,45,1,414,0,0,0,414
01/24/2012,SJU,PR,ASO,ES,Towers with Radar,211,50,26,2,289,0,103,39,0,142,211,153,65,2,431,0,0,0,431
01/25/2012,SJU,PR,ASO,ES,Towers with Radar,200,56,14,12,282,0,100,42,1,143,200,156,56,13,425,0,0,0,425
01/26/2012,SJU,PR,ASO,ES,Towers with Radar,211,73,21,6,311,0,121,47,8,176,211,194,68,14,487,0,0,0,487
01/27/2012,SJU,PR,ASO,ES,Towers with Radar,199,58,28,6,291,0,123,49,3,175,199,181,77,9,466,0,0,0,466
01/28/2012,SJU,PR,ASO,ES,Towers with Radar,241,34,35,8,318,0,116,37,1,154,241,150,72,9,472,0,0,0,472
01/29/2012,SJU,PR,ASO,ES,Towers with Radar,225,29,13,8,275,0,97,31,0,128,225,126,44,8,403,0,0,0,403
01/30/2012,SJU,PR,ASO,ES,Towers with Radar,197,80,12,5,294,0,106,40,1,147,197,186,52,6,441,0,0,0,441
01/31/2012,SJU,PR,ASO,ES,Towers with Radar,202,63,10,7,282,0,90,42,0,132,202,153,52,7,414,0,0,0,414
02/01/2012,SJU,PR,ASO,ES,Towers with Radar,199,61,10,4,274,0,107,35,0,142,199,168,45,4,416,0,0,0,416
02/02/2012,SJU,PR,ASO,ES,Towers with Radar,211,74,28,8,321,0,105,44,8,157,211,179,72,16,478,0,0,0,478
02/03/2012,SJU,PR,ASO,ES,Towers with Radar,210,69,20,5,304,0,111,42,1,154,210,180,62,6,458,2,0,2,460
02/04/2012,SJU,PR,ASO,ES,Towers with Radar,237,34,18,3,292,0,136,30,0,166,237,170,48,3,458,0,0,0,458
02/05/2012,SJU,PR,ASO,ES,Towers with Radar,229,27,16,2,274,0,113,22,1,136,229,140,38,3,410,0,0,0,410
02/06/2012,SJU,PR,ASO,ES,Towers with Radar,203,62,11,12,288,0,87,34,3,124,203,149,45,15,412,0,0,0,412
02/07/2012,SJU,PR,ASO,ES,Towers with Radar,202,66,15,4,287,0,107,32,3,142,202,173,47,7,429,4,0,4,433
02/08/2012,SJU,PR,ASO,ES,Towers with Radar,211,67,23,11,312,0,103,41,1,145,211,170,64,12,457,0,0,0,457
02/09/2012,SJU,PR,ASO,ES,Towers with Radar,202,74,18,8,302,0,135,60,4,199,202,209,78,12,501,0,0,0,501
02/10/2012,SJU,PR,ASO,ES,Towers with Radar,207,80,14,5,306,0,132,58,6,196,207,212,72,11,502,3,1,4,506
02/11/2012,SJU,PR,ASO,ES,Towers with Radar,238,21,20,2,281,0,129,44,0,173,238,150,64,2,454,0,0,0,454
02/12/2012,SJU,PR,ASO,ES,Towers with Radar,240,25,25,1,291,0,113,34,0,147,240,138,59,1,438,0,0,0,438
02/13/2012,SJU,PR,ASO,ES,Towers with Radar,206,82,19,1,308,0,110,43,0,153,206,192,62,1,461,0,0,0,461
02/14/2012,SJU,PR,ASO,ES,Towers with Radar,244,73,21,2,340,0,111,28,1,140,244,184,49,3,480,0,0,0,480
02/15/2012,SJU,PR,ASO,ES,Towers with Radar,206,61,18,7,292,0,129,36,2,167,206,190,54,9,459,0,0,0,459
02/16/2012,SJU,PR,ASO,ES,Towers with Radar,216,71,20,17,324,0,147,50,0,197,216,218,70,17,521,0,0,0,521
02/17/2012,SJU,PR,ASO,ES,Towers with Radar,228,74,24,4,330,0,161,59,1,221,228,235,83,5,551,0,0,0,551
02/18/2012,SJU,PR,ASO,ES,Towers with Radar,256,28,24,7,315,0,170,44,0,214,256,198,68,7,529,0,0,0,529
02/19/2012,SJU,PR,ASO,ES,Towers with Radar,240,27,17,3,287,0,136,26,0,162,240,163,43,3,449,0,0,0,449
02/20/2012,SJU,PR,ASO,ES,Towers with Radar,230,52,14,0,296,0,128,23,0,151,230,180,37,0,447,0,0,0,447
02/21/2012,SJU,PR,ASO,ES,Towers with Radar,217,62,17,5,301,0,108,41,1,150,217,170,58,6,451,1,0,1,452
02/22/2012,SJU,PR,ASO,ES,Towers with Radar,219,61,24,4,308,0,112,41,0,153,219,173,65,4,461,0,0,0,461
02/23/2012,SJU,PR,ASO,ES,Towers with Radar,226,70,29,8,333,0,122,58,3,183,226,192,87,11,516,0,0,0,516
02/24/2012,SJU,PR,ASO,ES,Towers with Radar,214,80,23,0,317,0,144,43,0,187,214,224,66,0,504,0,0,0,504
02/25/2012,SJU,PR,ASO,ES,Towers with Radar,261,22,11,4,298,0,125,50,0,175,261,147,61,4,473,0,0,0,473
02/26/2012,SJU,PR,ASO,ES,Towers with Radar,228,25,18,2,273,0,94,48,0,142,228,119,66,2,415,0,0,0,415
02/27/2012,SJU,PR,ASO,ES,Towers with Radar,212,66,13,2,293,0,114,39,0,153,212,180,52,2,446,0,0,0,446
02/28/2012,SJU,PR,ASO,ES,Towers with Radar,223,66,7,7,303,0,115,59,0,174,223,181,66,7,477,0,0,0,477
02/29/2012,SJU,PR,ASO,ES,Towers with Radar,221,60,15,14,310,0,116,31,10,157,221,176,46,24,467,0,0,0,467
03/01/2012,SJU,PR,ASO,ES,Towers with Radar,225,80,35,12,352,0,96,46,5,147,225,176,81,17,499,0,0,0,499
03/02/2012,SJU,PR,ASO,ES,Towers with Radar,236,63,22,10,331,0,148,44,0,192,236,211,66,10,523,0,0,0,523
03/03/2012,SJU,PR,ASO,ES,Towers with Radar,254,43,16,0,313,0,143,36,0,179,254,186,52,0,492,3,0,3,495
03/04/2012,SJU,PR,ASO,ES,Towers with Radar,252,23,15,7,297,0,109,20,0,129,252,132,35,7,426,0,0,0,426
03/05/2012,SJU,PR,ASO,ES,Towers with Radar,223,65,18,6,312,0,111,42,3,156,223,176,60,9,468,0,0,0,468
03/06/2012,SJU,PR,ASO,ES,Towers with Radar,223,51,18,5,297,0,112,38,0,150,223,163,56,5,447,0,0,0,447
03/07/2012,SJU,PR,ASO,ES,Towers with Radar,221,83,21,8,333,0,100,26,9,135,221,183,47,17,468,0,0,0,468
03/08/2012,SJU,PR,ASO,ES,Towers with Radar,225,74,19,18,336,0,108,44,8,160,225,182,63,26,496,0,0,0,496
03/09/2012,SJU,PR,ASO,ES,Towers with Radar,236,69,17,3,325,0,163,56,0,219,236,232,73,3,544,0,0,0,544
03/10/2012,SJU,PR,ASO,ES,Towers with Radar,261,33,22,20,336,0,141,69,0,210,261,174,91,20,546,0,0,0,546
03/11/2012,SJU,PR,ASO,ES,Towers with Radar,251,25,14,0,290,0,125,69,3,197,251,150,83,3,487,0,0,0,487
03/12/2012,SJU,PR,ASO,ES,Towers with Radar,226,69,17,4,316,0,131,41,0,172,226,200,58,4,488,0,0,0,488
03/13/2012,SJU,PR,ASO,ES,Towers with Radar,222,52,14,7,295,0,115,46,1,162,222,167,60,8,457,0,0,0,457
03/14/2012,SJU,PR,ASO,ES,Towers with Radar,244,60,23,15,342,0,117,31,1,149,244,177,54,16,491,0,0,0,491
03/15/2012,SJU,PR,ASO,ES,Towers with Radar,222,65,26,6,319,0,119,46,2,167,222,184,72,8,486,0,0,0,486
03/16/2012,SJU,PR,ASO,ES,Towers with Radar,222,77,21,5,325,0,157,48,0,205,222,234,69,5,530,0,0,0,530
03/17/2012,SJU,PR,ASO,ES,Towers with Radar,250,36,21,8,315,0,172,54,0,226,250,208,75,8,541,0,0,0,541
03/18/2012,SJU,PR,ASO,ES,Towers with Radar,256,22,25,1,304,0,132,31,0,163,256,154,56,1,467,0,0,0,467
03/19/2012,SJU,PR,ASO,ES,Towers with Radar,223,85,9,4,321,0,104,28,0,132,223,189,37,4,453,0,0,0,453
03/20/2012,SJU,PR,ASO,ES,Towers with Radar,226,70,10,7,313,0,116,38,19,173,226,186,48,26,486,0,0,0,486
03/21/2012,SJU,PR,ASO,ES,Towers with Radar,233,44,21,9,307,0,144,30,5,179,233,188,51,14,486,0,0,0,486
03/22/2012,SJU,PR,ASO,ES,Towers with Radar,231,98,25,3,357,0,82,33,2,117,231,180,58,5,474,0,0,0,474
03/23/2012,SJU,PR,ASO,ES,Towers with Radar,236,72,39,7,354,0,132,47,0,179,236,204,86,7,533,0,0,0,533
03/24/2012,SJU,PR,ASO,ES,Towers with Radar,269,43,20,6,338,0,164,43,0,207,269,207,63,6,545,0,0,0,545
03/25/2012,SJU,PR,ASO,ES,Towers with Radar,254,53,21,5,333,0,97,31,0,128,254,150,52,5,461,0,0,0,461
03/26/2012,SJU,PR,ASO,ES,Towers with Radar,221,68,13,1,303,0,112,44,0,156,221,180,57,1,459,0,0,0,459
03/27/2012,SJU,PR,ASO,ES,Towers with Radar,240,66,10,1,317,0,99,47,0,146,240,165,57,1,463,0,0,0,463
03/28/2012,SJU,PR,ASO,ES,Towers with Radar,229,75,19,5,328,0,106,33,0,139,229,181,52,5,467,0,0,0,467
03/29/2012,SJU,PR,ASO,ES,Towers with Radar,221,105,23,1,350,0,68,26,0,94,221,173,49,1,444,0,0,0,444
03/30/2012,SJU,PR,ASO,ES,Towers with Radar,233,141,27,1,402,0,103,46,0,149,233,244,73,1,551,2,0,2,553
03/31/2012,SJU,PR,ASO,ES,Towers with Radar,261,36,22,15,334,0,178,46,0,224,261,214,68,15,558,0,0,0,558
04/01/2012,SJU,PR,ASO,ES,Towers with Radar,254,35,15,2,306,0,149,43,1,193,254,184,58,3,499,0,0,0,499
04/02/2012,SJU,PR,ASO,ES,Towers with Radar,224,75,16,4,319,0,103,30,1,134,224,178,46,5,453,0,0,0,453
04/03/2012,SJU,PR,ASO,ES,Towers with Radar,227,53,18,2,300,0,118,52,0,170,227,171,70,2,470,0,0,0,470
04/04/2012,SJU,PR,ASO,ES,Towers with Radar,227,72,17,10,326,0,125,28,0,153,227,197,45,10,479,0,0,0,479
04/05/2012,SJU,PR,ASO,ES,Towers with Radar,225,67,20,0,312,0,125,35,0,160,225,192,55,0,472,0,0,0,472
04/06/2012,SJU,PR,ASO,ES,Towers with Radar,229,65,14,4,312,0,125,43,0,168,229,190,57,4,480,2,0,2,482
04/07/2012,SJU,PR,ASO,ES,Towers with Radar,273,31,16,3,323,0,160,54,0,214,273,191,70,3,537,0,0,0,537
04/08/2012,SJU,PR,ASO,ES,Towers with Radar,247,46,12,1,306,0,146,18,0,164,247,192,30,1,470,0,0,0,470
04/09/2012,SJU,PR,ASO,ES,Towers with Radar,234,74,25,0,333,0,116,27,0,143,234,190,52,0,476,0,0,0,476
04/10/2012,SJU,PR,ASO,ES,Towers with Radar,243,70,11,0,324,0,99,39,0,138,243,169,50,0,462,0,0,0,462
04/11/2012,SJU,PR,ASO,ES,Towers with Radar,222,59,23,9,313,0,115,35,1,151,222,174,58,10,464,0,0,0,464
04/12/2012,SJU,PR,ASO,ES,Towers with Radar,240,73,14,22,349,0,112,63,1,176,240,185,77,23,525,0,0,0,525
04/13/2012,SJU,PR,ASO,ES,Towers with Radar,237,90,29,10,366,0,136,45,0,181,237,226,74,10,547,2,0,2,549
04/14/2012,SJU,PR,ASO,ES,Towers with Radar,246,69,19,27,361,0,109,21,0,130,246,178,40,27,491,0,0,0,491
04/15/2012,SJU,PR,ASO,ES,Towers with Radar,248,41,12,12,313,0,130,32,1,163,248,171,44,13,476,0,0,0,476
04/16/2012,SJU,PR,ASO,ES,Towers with Radar,222,76,17,1,316,0,0,0,0,0,222,76,17,1,316,0,0,0,316
04/17/2012,SJU,PR,ASO,ES,Towers with Radar,225,68,18,8,319,0,102,41,0,143,225,170,59,8,462,1,0,1,463
04/18/2012,SJU,PR,ASO,ES,Towers with Radar,235,57,10,6,308,0,108,20,5,133,235,165,30,11,441,0,0,0,441
04/19/2012,SJU,PR,ASO,ES,Towers with Radar,226,77,20,6,329,0,113,40,0,153,226,190,60,6,482,0,0,0,482
04/20/2012,SJU,PR,ASO,ES,Towers with Radar,230,76,11,11,328,0,136,57,0,193,230,212,68,11,521,2,0,2,523
04/21/2012,SJU,PR,ASO,ES,Towers with Radar,248,39,16,5,308,0,135,38,0,173,248,174,54,5,481,0,0,0,481
04/22/2012,SJU,PR,ASO,ES,Towers with Radar,255,72,12,10,349,0,111,25,3,139,255,183,37,13,488,0,0,0,488
04/23/2012,SJU,PR,ASO,ES,Towers with Radar,226,84,14,4,328,0,129,33,3,165,226,213,47,7,493,0,0,0,493
04/24/2012,SJU,PR,ASO,ES,Towers with Radar,220,62,21,2,305,0,102,37,1,140,220,164,58,3,445,0,0,0,445
04/25/2012,SJU,PR,ASO,ES,Towers with Radar,231,68,24,1,324,0,125,33,2,160,231,193,57,3,484,0,0,0,484
04/26/2012,SJU,PR,ASO,ES,Towers with Radar,209,77,18,3,307,0,98,38,1,137,209,175,56,4,444,0,0,0,444
04/27/2012,SJU,PR,ASO,ES,Towers with Radar,229,76,28,4,337,0,125,35,0,160,229,201,63,4,497,2,0,2,499
04/28/2012,SJU,PR,ASO,ES,Towers with Radar,243,29,16,6,294,0,132,26,0,158,243,161,42,6,452,0,0,0,452
04/29/2012,SJU,PR,ASO,ES,Towers with Radar,238,28,14,7,287,0,147,10,0,157,238,175,24,7,444,0,0,0,444
04/30/2012,SJU,PR,ASO,ES,Towers with Radar,216,82,17,11,326,0,122,22,0,144,216,204,39,11,470,0,0,0,470
05/01/2012,SJU,PR,ASO,ES,Towers with Radar,218,59,10,7,294,0,134,26,2,162,218,193,36,9,456,0,0,0,456
05/02/2012,SJU,PR,ASO,ES,Towers with Radar,215,99,23,12,349,0,86,17,1,104,215,185,40,13,453,0,0,0,453
05/03/2012,SJU,PR,ASO,ES,Towers with Radar,224,84,20,10,338,0,85,35,1,121,224,169,55,11,459,0,0,0,459
05/04/2012,SJU,PR,ASO,ES,Towers with Radar,223,78,26,2,329,0,87,40,0,127,223,165,66,2,456,0,0,0,456
05/05/2012,SJU,PR,ASO,ES,Towers with Radar,230,42,11,8,291,0,120,37,2,159,230,162,48,10,450,0,0,0,450
05/06/2012,SJU,PR,ASO,ES,Towers with Radar,226,81,26,7,340,0,71,14,0,85,226,152,40,7,425,0,0,0,425
05/07/2012,SJU,PR,ASO,ES,Towers with Radar,208,70,21,0,299,0,101,24,0,125,208,171,45,0,424,0,0,0,424
05/08/2012,SJU,PR,ASO,ES,Towers with Radar,230,64,7,7,308,0,105,47,5,157,230,169,54,12,465,2,0,2,467
05/09/2012,SJU,PR,ASO,ES,Towers with Radar,209,58,9,7,283,0,92,49,3,144,209,150,58,10,427,0,0,0,427
05/10/2012,SJU,PR,ASO,ES,Towers with Radar,222,83,20,4,329,0,91,37,1,129,222,174,57,5,458,0,0,0,458
05/11/2012,SJU,PR,ASO,ES,Towers with Radar,214,88,19,2,323,0,98,35,0,133,214,186,54,2,456,1,0,1,457
05/12/2012,SJU,PR,ASO,ES,Towers with Radar,230,37,14,6,287,0,83,36,0,119,230,120,50,6,406,0,0,0,406
05/13/2012,SJU,PR,ASO,ES,Towers with Radar,223,40,17,2,282,0,70,7,1,78,223,110,24,3,360,0,0,0,360
05/14/2012,SJU,PR,ASO,ES,Towers with Radar,209,69,7,1,286,0,91,19,1,111,209,160,26,2,397,0,0,0,397
05/15/2012,SJU,PR,ASO,ES,Towers with Radar,218,56,20,6,300,0,94,26,0,120,218,150,46,6,420,0,0,0,420
05/16/2012,SJU,PR,ASO,ES,Towers with Radar,221,78,19,7,325,0,84,26,1,111,221,162,45,8,436,0,0,0,436
05/17/2012,SJU,PR,ASO,ES,Towers with Radar,215,71,16,15,317,0,82,29,0,111,215,153,45,15,428,0,0,0,428
05/18/2012,SJU,PR,ASO,ES,Towers with Radar,223,69,26,11,329,0,91,34,0,125,223,160,60,11,454,0,0,0,454
05/19/2012,SJU,PR,ASO,ES,Towers with Radar,227,42,14,8,291,0,94,15,4,113,227,136,29,12,404,0,0,0,404
05/20/2012,SJU,PR,ASO,ES,Towers with Radar,227,26,13,4,270,0,101,15,4,120,227,127,28,8,390,0,0,0,390
05/21/2012,SJU,PR,ASO,ES,Towers with Radar,206,61,13,4,284,0,100,20,0,120,206,161,33,4,404,0,0,0,404
05/22/2012,SJU,PR,ASO,ES,Towers with Radar,209,67,10,6,292,0,81,39,1,121,209,148,49,7,413,0,0,0,413
05/23/2012,SJU,PR,ASO,ES,Towers with Radar,229,60,24,6,319,0,86,39,1,126,229,146,63,7,445,0,0,0,445
05/24/2012,SJU,PR,ASO,ES,Towers with Radar,229,65,12,17,323,0,106,45,2,153,229,171,57,19,476,0,0,0,476
05/25/2012,SJU,PR,ASO,ES,Towers with Radar,239,62,26,1,328,0,116,49,0,165,239,178,75,1,493,2,0,2,495
05/26/2012,SJU,PR,ASO,ES,Towers with Radar,248,22,11,4,285,0,112,16,0,128,248,134,27,4,413,0,0,0,413
05/27/2012,SJU,PR,ASO,ES,Towers with Radar,245,28,13,0,286,0,97,16,0,113,245,125,29,0,399,0,0,0,399
05/28/2012,SJU,PR,ASO,ES,Towers with Radar,235,45,6,0,286,0,96,20,0,116,235,141,26,0,402,0,0,0,402
05/29/2012,SJU,PR,ASO,ES,Towers with Radar,224,68,16,1,309,0,85,25,0,110,224,153,41,1,419,2,0,2,421
05/30/2012,SJU,PR,ASO,ES,Towers with Radar,228,63,22,6,319,0,102,47,5,154,228,165,69,11,473,0,0,0,473
05/31/2012,SJU,PR,ASO,ES,Towers with Radar,230,82,7,8,327,0,94,40,2,136,230,176,47,10,463,0,0,0,463
06/01/2012,SJU,PR,ASO,ES,Towers with Radar,234,59,17,2,312,0,108,39,0,147,234,167,56,2,459,0,0,0,459
06/02/2012,SJU,PR,ASO,ES,Towers with Radar,240,32,13,4,289,0,99,13,0,112,240,131,26,4,401,0,0,0,401
06/03/2012,SJU,PR,ASO,ES,Towers with Radar,241,20,7,6,274,0,106,33,1,140,241,126,40,7,414,0,0,0,414
06/04/2012,SJU,PR,ASO,ES,Towers with Radar,228,65,10,6,309,0,88,42,0,130,228,153,52,6,439,0,0,0,439
06/05/2012,SJU,PR,ASO,ES,Towers with Radar,237,62,17,2,318,0,78,31,0,109,237,140,48,2,427,0,0,0,427
06/06/2012,SJU,PR,ASO,ES,Towers with Radar,239,57,8,2,306,0,89,16,0,105,239,146,24,2,411,0,0,0,411
06/07/2012,SJU,PR,ASO,ES,Towers with Radar,244,76,22,0,342,0,90,29,0,119,244,166,51,0,461,0,0,0,461
06/08/2012,SJU,PR,ASO,ES,Towers with Radar,254,52,17,4,327,0,114,28,0,142,254,166,45,4,469,1,0,1,470
06/09/2012,SJU,PR,ASO,ES,Towers with Radar,268,31,14,10,323,0,113,18,1,132,268,144,32,11,455,0,0,0,455
06/10/2012,SJU,PR,ASO,ES,Towers with Radar,249,17,11,1,278,0,76,24,0,100,249,93,35,1,378,0,0,0,378
06/11/2012,SJU,PR,ASO,ES,Towers with Radar,251,61,9,0,321,0,99,32,0,131,251,160,41,0,452,0,0,0,452
06/12/2012,SJU,PR,ASO,ES,Towers with Radar,237,60,9,4,310,0,89,32,2,123,237,149,41,6,433,0,0,0,433
06/13/2012,SJU,PR,ASO,ES,Towers with Radar,254,58,21,13,346,0,77,32,4,113,254,135,53,17,459,0,0,0,459
06/14/2012,SJU,PR,ASO,ES,Towers with Radar,243,60,15,9,327,0,78,46,0,124,243,138,61,9,451,0,0,0,451
06/15/2012,SJU,PR,ASO,ES,Towers with Radar,258,82,29,1,370,0,88,54,0,142,258,170,83,1,512,2,0,2,514
06/16/2012,SJU,PR,ASO,ES,Towers with Radar,265,20,17,0,302,0,118,34,0,152,265,138,51,0,454,0,0,0,454
06/17/2012,SJU,PR,ASO,ES,Towers with Radar,260,24,16,3,303,0,82,15,0,97,260,106,31,3,400,0,0,0,400
06/18/2012,SJU,PR,ASO,ES,Towers with Radar,259,73,12,4,348,0,74,30,4,108,259,147,42,8,456,0,0,0,456
06/19/2012,SJU,PR,ASO,ES,Towers with Radar,234,55,25,4,318,0,85,43,2,130,234,140,68,6,448,0,0,0,448
06/20/2012,SJU,PR,ASO,ES,Towers with Radar,238,52,17,15,322,0,83,25,7,115,238,135,42,22,437,0,0,0,437
06/21/2012,SJU,PR,ASO,ES,Towers with Radar,249,68,26,9,352,0,82,53,2,137,249,150,79,11,489,0,0,0,489
06/22/2012,SJU,PR,ASO,ES,Towers with Radar,263,68,26,2,359,0,111,35,0,146,263,179,61,2,505,2,0,2,507
06/23/2012,SJU,PR,ASO,ES,Towers with Radar,277,17,25,1,320,0,84,35,0,119,277,101,60,1,439,0,0,0,439
06/24/2012,SJU,PR,ASO,ES,Towers with Radar,262,14,15,1,292,0,70,11,0,81,262,84,26,1,373,0,0,0,373
06/25/2012,SJU,PR,ASO,ES,Towers with Radar,247,73,16,5,341,0,75,30,5,110,247,148,46,10,451,0,0,0,451
06/26/2012,SJU,PR,ASO,ES,Towers with Radar,259,57,15,10,341,0,74,50,8,132,259,131,65,18,473,0,0,0,473
06/27/2012,SJU,PR,ASO,ES,Towers with Radar,259,51,13,5,328,0,80,38,3,121,259,131,51,8,449,0,0,0,449
06/28/2012,SJU,PR,ASO,ES,Towers with Radar,243,71,18,9,341,0,71,49,6,126,243,142,67,15,467,0,0,0,467
06/29/2012,SJU,PR,ASO,ES,Towers with Radar,259,75,16,2,352,0,89,42,2,133,259,164,58,4,485,0,0,0,485
06/30/2012,SJU,PR,ASO,ES,Towers with Radar,276,20,12,2,310,0,85,48,2,135,276,105,60,4,445,0,0,0,445
07/01/2012,SJU,PR,ASO,ES,Towers with Radar,260,34,16,1,311,0,80,25,0,105,260,114,41,1,416,0,0,0,416
07/02/2012,SJU,PR,ASO,ES,Towers with Radar,261,77,23,2,363,0,58,41,1,100,261,135,64,3,463,0,0,0,463
07/03/2012,SJU,PR,ASO,ES,Towers with Radar,248,59,20,7,334,0,70,56,8,134,248,129,76,15,468,0,0,0,468
07/04/2012,SJU,PR,ASO,ES,Towers with Radar,226,44,12,3,285,0,57,28,0,85,226,101,40,3,370,0,0,0,370
07/05/2012,SJU,PR,ASO,ES,Towers with Radar,259,86,13,1,359,0,47,25,0,72,259,133,38,1,431,0,0,0,431
07/06/2012,SJU,PR,ASO,ES,Towers with Radar,248,76,15,1,340,0,87,49,0,136,248,163,64,1,476,2,0,2,478
07/07/2012,SJU,PR,ASO,ES,Towers with Radar,267,29,9,4,309,0,77,49,0,126,267,106,58,4,435,0,0,0,435
07/08/2012,SJU,PR,ASO,ES,Towers with Radar,254,28,16,0,298,0,73,30,1,104,254,101,46,1,402,0,0,0,402
07/09/2012,SJU,PR,ASO,ES,Towers with Radar,264,79,18,1,362,0,68,40,1,109,264,147,58,2,471,0,0,0,471
07/10/2012,SJU,PR,ASO,ES,Towers with Radar,238,77,15,5,335,0,78,42,0,120,238,155,57,5,455,0,0,0,455
07/11/2012,SJU,PR,ASO,ES,Towers with Radar,242,62,34,9,347,0,82,34,0,116,242,144,68,9,463,0,0,0,463
07/12/2012,SJU,PR,ASO,ES,Towers with Radar,253,73,19,11,356,0,75,54,3,132,253,148,73,14,488,0,0,0,488
07/13/2012,SJU,PR,ASO,ES,Towers with Radar,270,60,15,5,350,0,92,33,1,126,270,152,48,6,476,0,0,0,476
07/14/2012,SJU,PR,ASO,ES,Towers with Radar,275,42,25,1,343,0,77,32,0,109,275,119,57,1,452,0,0,0,452
07/15/2012,SJU,PR,ASO,ES,Towers with Radar,260,36,19,4,319,0,62,28,0,90,260,98,47,4,409,0,0,0,409
07/16/2012,SJU,PR,ASO,ES,Towers with Radar,253,73,4,1,331,0,78,39,2,119,253,151,43,3,450,0,0,0,450
07/17/2012,SJU,PR,ASO,ES,Towers with Radar,251,66,29,2,348,0,71,49,1,121,251,137,78,3,469,0,0,0,469
07/18/2012,SJU,PR,ASO,ES,Towers with Radar,250,57,17,4,328,0,92,40,0,132,250,149,57,4,460,0,0,0,460
07/19/2012,SJU,PR,ASO,ES,Towers with Radar,245,82,16,8,351,0,73,46,1,120,245,155,62,9,471,0,0,0,471
07/20/2012,SJU,PR,ASO,ES,Towers with Radar,262,104,16,3,385,0,52,27,0,79,262,156,43,3,464,2,0,2,466
07/21/2012,SJU,PR,ASO,ES,Towers with Radar,281,37,23,8,349,0,89,33,0,122,281,126,56,8,471,0,0,0,471
07/22/2012,SJU,PR,ASO,ES,Towers with Radar,257,25,14,2,298,0,89,18,0,107,257,114,32,2,405,0,0,0,405
07/23/2012,SJU,PR,ASO,ES,Towers with Radar,260,81,17,4,362,0,72,35,1,108,260,153,52,5,470,0,0,0,470
07/24/2012,SJU,PR,ASO,ES,Towers with Radar,251,63,17,4,335,0,83,35,0,118,251,146,52,4,453,0,0,0,453
07/25/2012,SJU,PR,ASO,ES,Towers with Radar,248,65,12,5,330,0,74,45,1,120,248,139,57,6,450,0,0,0,450
07/26/2012,SJU,PR,ASO,ES,Towers with Radar,240,73,15,8,336,0,85,45,1,131,240,158,60,9,467,0,0,0,467
07/27/2012,SJU,PR,ASO,ES,Towers with Radar,262,78,9,9,358,0,76,42,0,118,262,154,51,9,476,0,0,0,476
07/28/2012,SJU,PR,ASO,ES,Towers with Radar,287,35,21,4,347,0,90,27,1,118,287,125,48,5,465,0,0,0,465
07/29/2012,SJU,PR,ASO,ES,Towers with Radar,268,27,8,2,305,0,88,29,0,117,268,115,37,2,422,0,0,0,422
07/30/2012,SJU,PR,ASO,ES,Towers with Radar,260,81,17,0,358,0,63,29,0,92,260,144,46,0,450,0,0,0,450
07/31/2012,SJU,PR,ASO,ES,Towers with Radar,249,106,11,7,373,0,51,15,2,68,249,157,26,9,441,0,0,0,441
08/01/2012,SJU,PR,ASO,ES,Towers with Radar,234,60,16,4,314,0,76,41,0,117,234,136,57,4,431,0,0,0,431
08/02/2012,SJU,PR,ASO,ES,Towers with Radar,246,70,14,8,338,0,71,34,1,106,246,141,48,9,444,0,0,0,444
08/03/2012,SJU,PR,ASO,ES,Towers with Radar,250,98,26,2,376,0,84,56,12,152,250,182,82,14,528,1,0,1,529
08/04/2012,SJU,PR,ASO,ES,Towers with Radar,276,29,17,8,330,0,79,32,1,112,276,108,49,9,442,0,0,0,442
08/05/2012,SJU,PR,ASO,ES,Towers with Radar,240,21,14,3,278,0,80,20,1,101,240,101,34,4,379,0,0,0,379
08/06/2012,SJU,PR,ASO,ES,Towers with Radar,255,66,8,1,330,0,80,27,0,107,255,146,35,1,437,0,0,0,437
08/07/2012,SJU,PR,ASO,ES,Towers with Radar,245,62,17,4,328,0,62,29,0,91,245,124,46,4,419,0,0,0,419
08/08/2012,SJU,PR,ASO,ES,Towers with Radar,250,58,11,12,331,0,75,34,0,109,250,133,45,12,440,0,0,0,440
08/09/2012,SJU,PR,ASO,ES,Towers with Radar,241,80,70,11,402,0,70,21,21,112,241,150,91,32,514,0,0,0,514
08/10/2012,SJU,PR,ASO,ES,Towers with Radar,250,74,13,10,347,0,77,48,1,126,250,151,61,11,473,0,0,0,473
08/11/2012,SJU,PR,ASO,ES,Towers with Radar,265,22,10,1,298,0,81,27,0,108,265,103,37,1,406,0,0,0,406
08/12/2012,SJU,PR,ASO,ES,Towers with Radar,244,18,11,3,276,0,67,11,0,78,244,85,22,3,354,0,0,0,354
08/13/2012,SJU,PR,ASO,ES,Towers with Radar,221,70,10,8,309,0,65,29,1,95,221,135,39,9,404,0,0,0,404
08/14/2012,SJU,PR,ASO,ES,Towers with Radar,245,71,26,4,346,0,70,39,0,109,245,141,65,4,455,0,0,0,455
08/15/2012,SJU,PR,ASO,ES,Towers with Radar,244,54,29,8,335,0,90,37,0,127,244,144,66,8,462,0,0,0,462
08/16/2012,SJU,PR,ASO,ES,Towers with Radar,243,65,18,4,330,0,69,40,3,112,243,134,58,7,442,0,0,0,442
08/17/2012,SJU,PR,ASO,ES,Towers with Radar,252,83,9,2,346,0,87,24,0,111,252,170,33,2,457,0,0,0,457
08/18/2012,SJU,PR,ASO,ES,Towers with Radar,247,27,10,7,291,0,68,19,0,87,247,95,29,7,378,0,0,0,378
08/19/2012,SJU,PR,ASO,ES,Towers with Radar,249,18,4,3,274,0,77,22,0,99,249,95,26,3,373,0,0,0,373
08/20/2012,SJU,PR,ASO,ES,Towers with Radar,231,73,23,2,329,0,74,27,1,102,231,147,50,3,431,0,0,0,431
08/21/2012,SJU,PR,ASO,ES,Towers with Radar,209,66,14,2,291,0,70,37,0,107,209,136,51,2,398,0,0,0,398
08/22/2012,SJU,PR,ASO,ES,Towers with Radar,198,52,16,10,276,0,62,31,0,93,198,114,47,10,369,0,0,0,369
08/23/2012,SJU,PR,ASO,ES,Towers with Radar,177,11,9,2,199,0,0,4,0,4,177,11,13,2,203,0,0,0,203
08/24/2012,SJU,PR,ASO,ES,Towers with Radar,217,112,21,10,360,0,70,41,0,111,217,182,62,10,471,0,0,0,471
08/25/2012,SJU,PR,ASO,ES,Towers with Radar,223,30,18,2,273,0,72,26,0,98,223,102,44,2,371,0,0,0,371
08/26/2012,SJU,PR,ASO,ES,Towers with Radar,207,20,5,3,235,0,67,27,0,94,207,87,32,3,329,0,0,0,329
08/27/2012,SJU,PR,ASO,ES,Towers with Radar,195,68,8,0,271,0,88,41,5,134,195,156,49,5,405,0,0,0,405
08/28/2012,SJU,PR,ASO,ES,Towers with Radar,207,58,20,0,285,0,64,44,0,108,207,122,64,0,393,0,0,0,393
08/29/2012,SJU,PR,ASO,ES,Towers with Radar,198,57,16,4,275,0,74,57,0,131,198,131,73,4,406,0,0,0,406
08/30/2012,SJU,PR,ASO,ES,Towers with Radar,199,68,16,6,289,0,84,33,0,117,199,152,49,6,406,0,0,0,406
08/31/2012,SJU,PR,ASO,ES,Towers with Radar,215,84,27,5,331,0,77,61,1,139,215,161,88,6,470,4,0,4,474
09/01/2012,SJU,PR,ASO,ES,Towers with Radar,209,27,13,4,253,0,85,29,0,114,209,112,42,4,367,0,0,0,367
09/02/2012,SJU,PR,ASO,ES,Towers with Radar,199,27,12,2,240,0,62,17,1,80,199,89,29,3,320,0,0,0,320
09/03/2012,SJU,PR,ASO,ES,Towers with Radar,200,63,8,2,273,0,73,34,0,107,200,136,42,2,380,0,0,0,380
09/04/2012,SJU,PR,ASO,ES,Towers with Radar,183,52,6,5,246,0,58,27,2,87,183,110,33,7,333,0,0,0,333
09/05/2012,SJU,PR,ASO,ES,Towers with Radar,178,57,12,4,251,0,70,51,0,121,178,127,63,4,372,0,0,0,372
09/06/2012,SJU,PR,ASO,ES,Towers with Radar,179,58,11,15,263,0,77,30,1,108,179,135,41,16,371,0,0,0,371
09/07/2012,SJU,PR,ASO,ES,Towers with Radar,180,56,8,1,245,0,81,24,2,107,180,137,32,3,352,0,0,0,352
09/08/2012,SJU,PR,ASO,ES,Towers with Radar,197,12,6,0,215,0,70,18,0,88,197,82,24,0,303,0,0,0,303
09/09/2012,SJU,PR,ASO,ES,Towers with Radar,200,18,10,2,230,0,63,13,1,77,200,81,23,3,307,0,0,0,307
09/10/2012,SJU,PR,ASO,ES,Towers with Radar,180,52,7,5,244,0,68,28,4,100,180,120,35,9,344,0,0,0,344
09/11/2012,SJU,PR,ASO,ES,Towers with Radar,171,57,8,1,237,0,65,47,1,113,171,122,55,2,350,0,0,0,350
09/12/2012,SJU,PR,ASO,ES,Towers with Radar,184,71,23,12,290,0,71,42,2,115,184,142,65,14,405,0,0,0,405
09/13/2012,SJU,PR,ASO,ES,Towers with Radar,177,60,7,7,251,0,73,31,3,107,177,133,38,10,358,0,0,0,358
09/14/2012,SJU,PR,ASO,ES,Towers with Radar,189,90,17,7,303,0,81,30,1,112,189,171,47,8,415,0,0,0,415
09/15/2012,SJU,PR,ASO,ES,Towers with Radar,201,19,11,4,235,0,70,17,0,87,201,89,28,4,322,0,0,0,322
09/16/2012,SJU,PR,ASO,ES,Towers with Radar,183,15,5,4,207,0,61,21,1,83,183,76,26,5,290,0,0,0,290
09/17/2012,SJU,PR,ASO,ES,Towers with Radar,184,66,21,8,279,0,75,21,6,102,184,141,42,14,381,0,0,0,381
09/18/2012,SJU,PR,ASO,ES,Towers with Radar,183,63,18,3,267,0,57,37,0,94,183,120,55,3,361,0,0,0,361
09/19/2012,SJU,PR,ASO,ES,Towers with Radar,170,51,18,4,243,0,51,39,20,110,170,102,57,24,353,0,0,0,353
09/20/2012,SJU,PR,ASO,ES,Towers with Radar,186,65,10,7,268,0,69,32,4,105,186,134,42,11,373,0,0,0,373
09/21/2012,SJU,PR,ASO,ES,Towers with Radar,190,65,10,3,268,0,77,20,2,99,190,142,30,5,367,2,0,2,369
09/22/2012,SJU,PR,ASO,ES,Towers with Radar,192,12,7,0,211,0,78,24,1,103,192,90,31,1,314,0,0,0,314
09/23/2012,SJU,PR,ASO,ES,Towers with Radar,184,8,6,1,199,0,65,15,0,80,184,73,21,1,279,0,0,0,279
09/24/2012,SJU,PR,ASO,ES,Towers with Radar,188,62,2,10,262,0,84,27,1,112,188,146,29,11,374,0,0,0,374
09/25/2012,SJU,PR,ASO,ES,Towers with Radar,0,180,11,5,196,0,73,33,1,107,0,253,44,6,303,0,0,0,303
09/26/2012,SJU,PR,ASO,ES,Towers with Radar,175,59,13,4,251,0,73,25,0,98,175,132,38,4,349,0,0,0,349
09/27/2012,SJU,PR,ASO,ES,Towers with Radar,185,63,16,4,268,0,67,25,2,94,185,130,41,6,362,0,0,0,362
09/28/2012,SJU,PR,ASO,ES,Towers with Radar,191,64,11,3,269,0,64,33,0,97,191,128,44,3,366,2,0,2,368
09/29/2012,SJU,PR,ASO,ES,Towers with Radar,199,25,9,6,239,0,66,20,0,86,199,91,29,6,325,0,0,0,325
09/30/2012,SJU,PR,ASO,ES,Towers with Radar,188,13,8,1,210,0,62,9,0,71,188,75,17,1,281,0,0,0,281
10/01/2012,SJU,PR,ASO,ES,Towers with Radar,181,62,8,9,260,0,81,29,6,116,181,143,37,15,376,0,0,0,376
10/02/2012,SJU,PR,ASO,ES,Towers with Radar,180,70,4,0,254,0,65,38,0,103,180,135,42,0,357,0,0,0,357
10/03/2012,SJU,PR,ASO,ES,Towers with Radar,167,60,12,7,246,0,80,37,3,120,167,140,49,10,366,0,0,0,366
10/04/2012,SJU,PR,ASO,ES,Towers with Radar,191,72,11,0,274,0,84,56,0,140,191,156,67,0,414,0,0,0,414
10/05/2012,SJU,PR,ASO,ES,Towers with Radar,196,89,3,5,293,0,80,29,4,113,196,169,32,9,406,2,0,2,408
10/06/2012,SJU,PR,ASO,ES,Towers with Radar,196,29,0,6,231,0,71,15,1,87,196,100,15,7,318,0,0,0,318
10/07/2012,SJU,PR,ASO,ES,Towers with Radar,187,17,5,2,211,0,80,24,1,105,187,97,29,3,316,0,0,0,316
10/08/2012,SJU,PR,ASO,ES,Towers with Radar,173,72,5,3,253,0,77,17,0,94,173,149,22,3,347,0,0,0,347
10/09/2012,SJU,PR,ASO,ES,Towers with Radar,182,60,10,19,271,0,84,40,0,124,182,144,50,19,395,2,0,2,397
10/10/2012,SJU,PR,ASO,ES,Towers with Radar,179,60,7,5,251,0,86,44,0,130,179,146,51,5,381,0,0,0,381
10/11/2012,SJU,PR,ASO,ES,Towers with Radar,202,72,8,3,285,0,82,42,1,125,202,154,50,4,410,0,0,0,410
10/12/2012,SJU,PR,ASO,ES,Towers with Radar,198,70,10,3,281,0,71,21,0,92,198,141,31,3,373,1,0,1,374
10/13/2012,SJU,PR,ASO,ES,Towers with Radar,197,17,12,4,230,0,44,10,0,54,197,61,22,4,284,0,0,0,284
10/14/2012,SJU,PR,ASO,ES,Towers with Radar,202,20,9,1,232,0,47,5,1,53,202,67,14,2,285,0,0,0,285
10/15/2012,SJU,PR,ASO,ES,Towers with Radar,198,77,13,1,289,0,72,24,0,96,198,149,37,1,385,0,0,0,385
10/16/2012,SJU,PR,ASO,ES,Towers with Radar,186,68,16,0,270,0,78,29,0,107,186,146,45,0,377,0,0,0,377
10/17/2012,SJU,PR,ASO,ES,Towers with Radar,178,73,11,7,269,0,84,29,2,115,178,157,40,9,384,0,0,0,384
10/18/2012,SJU,PR,ASO,ES,Towers with Radar,190,75,16,2,283,0,84,31,27,142,190,159,47,29,425,0,0,0,425
10/19/2012,SJU,PR,ASO,ES,Towers with Radar,183,89,15,16,303,0,74,21,0,95,183,163,36,16,398,2,0,2,400
10/20/2012,SJU,PR,ASO,ES,Towers with Radar,169,27,11,10,217,0,96,35,0,131,169,123,46,10,348,0,0,0,348
10/21/2012,SJU,PR,ASO,ES,Towers with Radar,177,30,7,7,221,0,75,28,5,108,177,105,35,12,329,0,0,0,329
10/22/2012,SJU,PR,ASO,ES,Towers with Radar,187,56,5,0,248,0,99,29,0,128,187,155,34,0,376,0,0,0,376
10/23/2012,SJU,PR,ASO,ES,Towers with Radar,180,57,9,1,247,0,90,54,0,144,180,147,63,1,391,0,0,0,391
10/24/2012,SJU,PR,ASO,ES,Towers with Radar,180,63,11,2,256,0,97,55,5,157,180,160,66,7,413,0,0,0,413
10/25/2012,SJU,PR,ASO,ES,Towers with Radar,194,72,13,0,279,0,87,65,0,152,194,159,78,0,431,0,0,0,431
10/26/2012,SJU,PR,ASO,ES,Towers with Radar,192,83,8,0,283,0,76,31,0,107,192,159,39,0,390,1,0,1,391
10/27/2012,SJU,PR,ASO,ES,Towers with Radar,194,24,10,5,233,0,103,62,0,165,194,127,72,5,398,0,0,0,398
10/28/2012,SJU,PR,ASO,ES,Towers with Radar,191,19,6,0,216,0,73,41,0,114,191,92,47,0,330,0,0,0,330
10/29/2012,SJU,PR,ASO,ES,Towers with Radar,143,76,11,0,230,0,85,43,0,128,143,161,54,0,358,0,0,0,358
10/30/2012,SJU,PR,ASO,ES,Towers with Radar,137,73,14,4,228,0,89,53,1,143,137,162,67,5,371,0,0,0,371
10/31/2012,SJU,PR,ASO,ES,Towers with Radar,146,60,18,6,230,0,96,30,0,126,146,156,48,6,356,0,0,0,356
11/01/2012,SJU,PR,ASO,ES,Towers with Radar,184,85,24,6,299,0,105,50,3,158,184,190,74,9,457,0,0,0,457
11/02/2012,SJU,PR,ASO,ES,Towers with Radar,197,71,15,3,286,0,118,48,1,167,197,189,63,4,453,0,0,0,453
11/03/2012,SJU,PR,ASO,ES,Towers with Radar,180,39,13,2,234,0,98,42,0,140,180,137,55,2,374,0,0,0,374
11/04/2012,SJU,PR,ASO,ES,Towers with Radar,199,35,11,2,247,0,86,22,6,114,199,121,33,8,361,0,0,0,361
11/05/2012,SJU,PR,ASO,ES,Towers with Radar,190,75,21,0,286,0,106,38,4,148,190,181,59,4,434,0,0,0,434
11/06/2012,SJU,PR,ASO,ES,Towers with Radar,188,108,21,1,318,2,105,39,0,146,190,213,60,1,464,0,0,0,464
11/07/2012,SJU,PR,ASO,ES,Towers with Radar,180,75,22,13,290,0,118,43,1,162,180,193,65,14,452,0,0,0,452
11/08/2012,SJU,PR,ASO,ES,Towers with Radar,201,72,11,9,293,0,104,45,0,149,201,176,56,9,442,0,0,0,442
11/09/2012,SJU,PR,ASO,ES,Towers with Radar,198,62,7,0,267,0,55,17,0,72,198,117,24,0,339,0,0,0,339
11/10/2012,SJU,PR,ASO,ES,Towers with Radar,194,28,9,4,235,0,94,38,0,132,194,122,47,4,367,0,0,0,367
11/11/2012,SJU,PR,ASO,ES,Towers with Radar,176,29,6,4,215,0,108,5,0,113,176,137,11,4,328,0,0,0,328
11/12/2012,SJU,PR,ASO,ES,Towers with Radar,143,69,17,0,229,0,107,23,0,130,143,176,40,0,359,0,0,0,359
11/13/2012,SJU,PR,ASO,ES,Towers with Radar,188,79,20,2,289,0,97,35,0,132,188,176,55,2,421,0,0,0,421
11/14/2012,SJU,PR,ASO,ES,Towers with Radar,191,70,23,3,287,0,97,35,0,132,191,167,58,3,419,0,0,0,419
11/15/2012,SJU,PR,ASO,ES,Towers with Radar,214,79,19,8,320,0,109,47,3,159,214,188,66,11,479,0,0,0,479
11/16/2012,SJU,PR,ASO,ES,Towers with Radar,216,71,25,5,317,0,115,46,2,163,216,186,71,7,480,0,0,0,480
11/17/2012,SJU,PR,ASO,ES,Towers with Radar,232,27,15,3,277,0,140,58,2,200,232,167,73,5,477,0,0,0,477
11/18/2012,SJU,PR,ASO,ES,Towers with Radar,230,28,16,4,278,0,105,29,0,134,230,133,45,4,412,0,0,0,412
11/19/2012,SJU,PR,ASO,ES,Towers with Radar,220,88,11,6,325,0,82,25,0,107,220,170,36,6,432,0,0,0,432
11/20/2012,SJU,PR,ASO,ES,Towers with Radar,0,0,0,0,0,0,0,0,0,0,0,0,0,0,0,0,0,0,0
11/21/2012,SJU,PR,ASO,ES,Towers with Radar,0,0,0,0,0,0,0,0,0,0,0,0,0,0,0,0,0,0,0
11/22/2012,SJU,PR,ASO,ES,Towers with Radar,193,53,12,1,259,0,95,10,1,106,193,148,22,2,365,0,0,0,365
11/23/2012,SJU,PR,ASO,ES,Towers with Radar,0,0,0,0,0,0,0,0,0,0,0,0,0,0,0,0,0,0,0
11/24/2012,SJU,PR,ASO,ES,Towers with Radar,0,0,0,0,0,0,0,0,0,0,0,0,0,0,0,0,0,0,0
11/25/2012,SJU,PR,ASO,ES,Towers with Radar,0,0,0,0,0,0,0,0,0,0,0,0,0,0,0,0,0,0,0
11/26/2012,SJU,PR,ASO,ES,Towers with Radar,0,0,0,0,0,0,0,0,0,0,0,0,0,0,0,0,0,0,0
11/27/2012,SJU,PR,ASO,ES,Towers with Radar,0,0,0,0,0,0,0,0,0,0,0,0,0,0,0,0,0,0,0
11/28/2012,SJU,PR,ASO,ES,Towers with Radar,193,92,19,5,309,0,86,23,1,110,193,178,42,6,419,0,0,0,419
11/29/2012,SJU,PR,ASO,ES,Towers with Radar,0,0,0,0,0,0,0,0,0,0,0,0,0,0,0,0,0,0,0
11/30/2012,SJU,PR,ASO,ES,Towers with Radar,5,0,1,0,6,0,0,0,0,0,5,0,1,0,6,0,0,0,6
12/01/2012,SJU,PR,ASO,ES,Towers with Radar,224,26,15,10,275,0,111,18,3,132,224,137,33,13,407,0,0,0,407
12/02/2012,SJU,PR,ASO,ES,Towers with Radar,205,25,14,5,249,0,108,15,0,123,205,133,29,5,372,0,0,0,372
12/03/2012,SJU,PR,ASO,ES,Towers with Radar,198,96,20,2,316,0,80,26,0,106,198,176,46,2,422,0,0,0,422
12/04/2012,SJU,PR,ASO,ES,Towers with Radar,204,64,22,2,292,0,91,33,0,124,204,155,55,2,416,0,0,0,416
12/05/2012,SJU,PR,ASO,ES,Towers with Radar,198,58,15,5,276,0,97,30,0,127,198,155,45,5,403,0,0,0,403
12/06/2012,SJU,PR,ASO,ES,Towers with Radar,215,76,29,5,325,0,123,58,1,182,215,199,87,6,507,0,0,0,507
12/07/2012,SJU,PR,ASO,ES,Towers with Radar,209,77,16,3,305,0,111,45,0,156,209,188,61,3,461,0,0,0,461
12/08/2012,SJU,PR,ASO,ES,Towers with Radar,220,26,12,8,266,0,96,27,0,123,220,122,39,8,389,0,0,0,389
12/09/2012,SJU,PR,ASO,ES,Towers with Radar,224,28,13,5,270,0,108,35,0,143,224,136,48,5,413,0,0,0,413
12/10/2012,SJU,PR,ASO,ES,Towers with Radar,195,77,27,1,300,0,110,38,1,149,195,187,65,2,449,0,0,0,449
12/11/2012,SJU,PR,ASO,ES,Towers with Radar,191,80,11,1,283,0,88,39,1,128,191,168,50,2,411,0,0,0,411
12/12/2012,SJU,PR,ASO,ES,Towers with Radar,206,81,23,8,318,0,100,30,2,132,206,181,53,10,450,0,0,0,450
12/13/2012,SJU,PR,ASO,ES,Towers with Radar,214,87,24,7,332,0,85,26,4,115,214,172,50,11,447,0,0,0,447
12/14/2012,SJU,PR,ASO,ES,Towers with Radar,225,79,24,2,330,0,117,34,0,151,225,196,58,2,481,0,0,0,481
12/15/2012,SJU,PR,ASO,ES,Towers with Radar,241,35,9,5,290,0,107,23,0,130,241,142,32,5,420,0,0,0,420
12/16/2012,SJU,PR,ASO,ES,Towers with Radar,231,32,3,2,268,0,108,15,0,123,231,140,18,2,391,0,0,0,391
12/17/2012,SJU,PR,ASO,ES,Towers with Radar,208,105,24,0,337,0,103,25,0,128,208,208,49,0,465,0,0,0,465
12/18/2012,SJU,PR,ASO,ES,Towers with Radar,211,92,35,3,341,0,93,40,6,139,211,185,75,9,480,0,0,0,480
12/19/2012,SJU,PR,ASO,ES,Towers with Radar,232,92,33,4,361,0,90,33,20,143,232,182,66,24,504,0,0,0,504
12/20/2012,SJU,PR,ASO,ES,Towers with Radar,230,80,30,7,347,0,118,61,5,184,230,198,91,12,531,0,0,0,531
12/21/2012,SJU,PR,ASO,ES,Towers with Radar,258,130,31,0,419,0,142,31,0,173,258,272,62,0,592,0,0,0,592
12/22/2012,SJU,PR,ASO,ES,Towers with Radar,292,47,49,4,392,0,239,63,0,302,292,286,112,4,694,0,0,0,694
12/23/2012,SJU,PR,ASO,ES,Towers with Radar,272,48,44,2,366,0,157,25,1,183,272,205,69,3,549,0,0,0,549
12/24/2012,SJU,PR,ASO,ES,Towers with Radar,231,78,22,2,333,0,135,32,0,167,231,213,54,2,500,0,0,0,500
12/25/2012,SJU,PR,ASO,ES,Towers with Radar,231,23,17,0,271,0,99,16,0,115,231,122,33,0,386,0,0,0,386
12/26/2012,SJU,PR,ASO,ES,Towers with Radar,239,45,53,3,340,0,185,66,1,252,239,230,119,4,592,0,0,0,592
12/27/2012,SJU,PR,ASO,ES,Towers with Radar,261,87,36,0,384,0,169,78,0,247,261,256,114,0,631,0,0,0,631
12/28/2012,SJU,PR,ASO,ES,Towers with Radar,257,84,38,2,381,0,190,58,0,248,257,274,96,2,629,0,0,0,629
12/29/2012,SJU,PR,ASO,ES,Towers with Radar,287,37,36,3,363,0,175,25,0,200,287,212,61,3,563,0,0,0,563
12/30/2012,SJU,PR,ASO,ES,Towers with Radar,264,28,16,1,309,0,154,20,0,174,264,182,36,1,483,0,0,0,483
12/31/2012,SJU,PR,ASO,ES,Towers with Radar,251,65,16,1,333,0,136,30,0,166,251,201,46,1,499,0,0,0,499
01/01/2013,SJU,PR,ASO,ES,Towers with Radar,228,26,36,1,291,0,163,16,0,179,228,189,52,1,470,0,0,0,470
01/02/2013,SJU,PR,ASO,ES,Towers with Radar,253,82,43,1,379,0,203,63,0,266,253,285,106,1,645,0,0,0,645
01/03/2013,SJU,PR,ASO,ES,Towers with Radar,261,120,29,2,412,0,153,48,0,201,261,273,77,2,613,0,0,0,613
01/04/2013,SJU,PR,ASO,ES,Towers with Radar,259,111,38,0,408,0,186,53,0,239,259,297,91,0,647,0,0,0,647
01/05/2013,SJU,PR,ASO,ES,Towers with Radar,280,58,30,6,374,0,205,74,0,279,280,263,104,6,653,0,0,0,653
01/06/2013,SJU,PR,ASO,ES,Towers with Radar,266,37,21,3,327,0,187,25,0,212,266,224,46,3,539,0,0,0,539
01/07/2013,SJU,PR,ASO,ES,Towers with Radar,211,88,19,2,320,0,39,8,0,47,211,127,27,2,367,0,0,0,367
01/08/2013,SJU,PR,ASO,ES,Towers with Radar,216,99,22,3,340,0,94,33,0,127,216,193,55,3,467,0,0,0,467
01/09/2013,SJU,PR,ASO,ES,Towers with Radar,221,75,28,9,333,0,102,43,0,145,221,177,71,9,478,0,0,0,478
01/10/2013,SJU,PR,ASO,ES,Towers with Radar,225,85,28,10,348,0,91,31,2,124,225,176,59,12,472,0,0,0,472
01/11/2013,SJU,PR,ASO,ES,Towers with Radar,204,110,18,3,335,0,102,32,1,135,204,212,50,4,470,0,0,0,470
01/12/2013,SJU,PR,ASO,ES,Towers with Radar,254,39,11,3,307,0,123,34,0,157,254,162,45,3,464,0,0,0,464
01/13/2013,SJU,PR,ASO,ES,Towers with Radar,240,20,13,2,275,0,122,13,0,135,240,142,26,2,410,0,0,0,410
01/14/2013,SJU,PR,ASO,ES,Towers with Radar,217,85,26,0,328,0,115,37,0,152,217,200,63,0,480,0,0,0,480
01/15/2013,SJU,PR,ASO,ES,Towers with Radar,211,76,27,7,321,0,107,39,1,147,211,183,66,8,468,0,0,0,468
01/16/2013,SJU,PR,ASO,ES,Towers with Radar,200,86,30,4,320,0,101,25,1,127,200,187,55,5,447,0,0,0,447
01/17/2013,SJU,PR,ASO,ES,Towers with Radar,212,70,38,2,322,0,112,53,1,166,212,182,91,3,488,0,0,0,488
01/18/2013,SJU,PR,ASO,ES,Towers with Radar,212,80,30,2,324,0,113,26,0,139,212,193,56,2,463,0,0,0,463
01/19/2013,SJU,PR,ASO,ES,Towers with Radar,241,39,8,14,302,0,135,22,0,157,241,174,30,14,459,0,0,0,459
01/20/2013,SJU,PR,ASO,ES,Towers with Radar,220,29,8,5,262,0,103,18,4,125,220,132,26,9,387,0,0,0,387
01/21/2013,SJU,PR,ASO,ES,Towers with Radar,194,84,29,2,309,0,110,49,0,159,194,194,78,2,468,0,0,0,468
01/22/2013,SJU,PR,ASO,ES,Towers with Radar,205,78,30,8,321,0,107,51,1,159,205,185,81,9,480,0,0,0,480
01/23/2013,SJU,PR,ASO,ES,Towers with Radar,208,80,24,6,318,0,108,49,2,159,208,188,73,8,477,0,0,0,477
01/24/2013,SJU,PR,ASO,ES,Towers with Radar,208,83,30,5,326,0,111,39,39,189,208,194,69,44,515,0,0,0,515
01/25/2013,SJU,PR,ASO,ES,Towers with Radar,214,70,15,4,303,0,115,45,0,160,214,185,60,4,463,0,0,0,463
01/26/2013,SJU,PR,ASO,ES,Towers with Radar,248,49,23,7,327,0,117,12,3,132,248,166,35,10,459,0,0,0,459
01/27/2013,SJU,PR,ASO,ES,Towers with Radar,230,29,12,3,274,0,103,22,0,125,230,132,34,3,399,0,0,0,399
01/28/2013,SJU,PR,ASO,ES,Towers with Radar,200,92,6,1,299,0,107,28,0,135,200,199,34,1,434,0,0,0,434
01/29/2013,SJU,PR,ASO,ES,Towers with Radar,206,63,18,4,291,0,99,40,0,139,206,162,58,4,430,0,0,0,430
01/30/2013,SJU,PR,ASO,ES,Towers with Radar,208,68,20,5,301,1,102,37,0,140,209,170,57,5,441,0,0,0,441
01/31/2013,SJU,PR,ASO,ES,Towers with Radar,211,91,26,7,335,0,137,42,0,179,211,228,68,7,514,0,0,0,514
02/01/2013,SJU,PR,ASO,ES,Towers with Radar,208,80,19,2,309,0,117,39,0,156,208,197,58,2,465,0,0,0,465
02/02/2013,SJU,PR,ASO,ES,Towers with Radar,240,27,27,3,297,0,172,34,1,207,240,199,61,4,504,0,0,0,504
02/03/2013,SJU,PR,ASO,ES,Towers with Radar,220,21,17,0,258,0,111,19,0,130,220,132,36,0,388,0,0,0,388
02/04/2013,SJU,PR,ASO,ES,Towers with Radar,197,69,25,4,295,0,110,27,2,139,197,179,52,6,434,0,0,0,434
02/05/2013,SJU,PR,ASO,ES,Towers with Radar,201,77,25,5,308,0,109,41,1,151,201,186,66,6,459,0,0,0,459
02/06/2013,SJU,PR,ASO,ES,Towers with Radar,207,80,30,4,321,0,99,43,0,142,207,179,73,4,463,0,0,0,463
02/07/2013,SJU,PR,ASO,ES,Towers with Radar,196,72,23,11,302,0,116,34,15,165,196,188,57,26,467,0,0,0,467
02/08/2013,SJU,PR,ASO,ES,Towers with Radar,178,85,24,1,288,0,129,26,0,155,178,214,50,1,443,0,0,0,443
02/09/2013,SJU,PR,ASO,ES,Towers with Radar,216,45,16,8,285,0,160,42,1,203,216,205,58,9,488,0,0,0,488
02/10/2013,SJU,PR,ASO,ES,Towers with Radar,225,28,11,3,267,0,137,43,2,182,225,165,54,5,449,0,0,0,449
02/11/2013,SJU,PR,ASO,ES,Towers with Radar,198,80,11,5,294,0,106,36,0,142,198,186,47,5,436,0,0,0,436
02/12/2013,SJU,PR,ASO,ES,Towers with Radar,212,66,19,9,306,0,116,37,2,155,212,182,56,11,461,0,0,0,461
02/13/2013,SJU,PR,ASO,ES,Towers with Radar,210,68,7,4,289,0,131,48,1,180,210,199,55,5,469,0,0,0,469
02/14/2013,SJU,PR,ASO,ES,Towers with Radar,221,77,11,6,315,0,159,30,2,191,221,236,41,8,506,0,0,0,506
02/15/2013,SJU,PR,ASO,ES,Towers with Radar,223,78,29,3,333,0,165,45,1,211,223,243,74,4,544,0,0,0,544
02/16/2013,SJU,PR,ASO,ES,Towers with Radar,254,44,24,7,329,0,176,37,0,213,254,220,61,7,542,0,0,0,542
02/17/2013,SJU,PR,ASO,ES,Towers with Radar,225,27,9,0,261,0,133,32,0,165,225,160,41,0,426,0,0,0,426
02/18/2013,SJU,PR,ASO,ES,Towers with Radar,217,62,18,0,297,0,141,22,0,163,217,203,40,0,460,0,0,0,460
02/19/2013,SJU,PR,ASO,ES,Towers with Radar,215,64,26,3,308,0,143,43,1,187,215,207,69,4,495,0,0,0,495
02/20/2013,SJU,PR,ASO,ES,Towers with Radar,183,75,27,6,291,0,136,34,0,170,183,211,61,6,461,0,0,0,461
02/21/2013,SJU,PR,ASO,ES,Towers with Radar,232,70,18,18,338,0,133,54,16,203,232,203,72,34,541,0,0,0,541
02/22/2013,SJU,PR,ASO,ES,Towers with Radar,225,70,7,2,304,0,132,26,3,161,225,202,33,5,465,0,0,0,465
02/23/2013,SJU,PR,ASO,ES,Towers with Radar,256,27,13,2,298,0,189,33,0,222,256,216,46,2,520,0,0,0,520
02/24/2013,SJU,PR,ASO,ES,Towers with Radar,226,38,22,2,288,0,155,20,0,175,226,193,42,2,463,0,0,0,463
02/25/2013,SJU,PR,ASO,ES,Towers with Radar,214,70,9,2,295,0,122,22,2,146,214,192,31,4,441,0,0,0,441
02/26/2013,SJU,PR,ASO,ES,Towers with Radar,221,86,18,10,335,0,111,39,14,164,221,197,57,24,499,0,0,0,499
02/27/2013,SJU,PR,ASO,ES,Towers with Radar,220,70,23,14,327,0,123,33,9,165,220,193,56,23,492,0,0,0,492
02/28/2013,SJU,PR,ASO,ES,Towers with Radar,211,72,17,5,305,0,156,37,0,193,211,228,54,5,498,0,0,0,498
03/01/2013,SJU,PR,ASO,ES,Towers with Radar,221,78,15,2,316,0,161,39,3,203,221,239,54,5,519,0,0,0,519
03/02/2013,SJU,PR,ASO,ES,Towers with Radar,254,23,14,5,296,0,158,34,0,192,254,181,48,5,488,0,0,0,488
03/03/2013,SJU,PR,ASO,ES,Towers with Radar,239,23,16,6,284,0,138,28,0,166,239,161,44,6,450,0,0,0,450
03/04/2013,SJU,PR,ASO,ES,Towers with Radar,217,70,16,5,308,0,124,32,0,156,217,194,48,5,464,0,0,0,464
03/05/2013,SJU,PR,ASO,ES,Towers with Radar,216,111,31,5,363,0,93,23,0,116,216,204,54,5,479,0,0,0,479
03/06/2013,SJU,PR,ASO,ES,Towers with Radar,237,87,13,6,343,0,102,39,1,142,237,189,52,7,485,0,0,0,485
03/07/2013,SJU,PR,ASO,ES,Towers with Radar,227,62,20,2,311,0,130,40,5,175,227,192,60,7,486,0,0,0,486
03/08/2013,SJU,PR,ASO,ES,Towers with Radar,233,87,18,0,338,0,141,37,0,178,233,228,55,0,516,0,0,0,516
03/09/2013,SJU,PR,ASO,ES,Towers with Radar,259,42,28,4,333,0,175,44,10,229,259,217,72,14,562,0,0,0,562
03/10/2013,SJU,PR,ASO,ES,Towers with Radar,255,28,18,0,301,0,140,25,0,165,255,168,43,0,466,0,0,0,466
03/11/2013,SJU,PR,ASO,ES,Towers with Radar,217,71,33,9,330,0,151,45,0,196,217,222,78,9,526,0,0,0,526
03/12/2013,SJU,PR,ASO,ES,Towers with Radar,216,69,16,3,304,0,133,28,10,171,216,202,44,13,475,0,0,0,475
03/13/2013,SJU,PR,ASO,ES,Towers with Radar,220,72,11,10,313,0,120,22,0,142,220,192,33,10,455,0,0,0,455
03/14/2013,SJU,PR,ASO,ES,Towers with Radar,221,78,34,2,335,0,138,54,2,194,221,216,88,4,529,0,0,0,529
03/15/2013,SJU,PR,ASO,ES,Towers with Radar,0,0,0,0,0,0,0,0,0,0,0,0,0,0,0,0,0,0,0
03/16/2013,SJU,PR,ASO,ES,Towers with Radar,0,0,0,0,0,0,0,0,0,0,0,0,0,0,0,0,0,0,0
03/17/2013,SJU,PR,ASO,ES,Towers with Radar,243,26,17,0,286,0,156,24,0,180,243,182,41,0,466,0,0,0,466
03/18/2013,SJU,PR,ASO,ES,Towers with Radar,207,101,16,4,328,0,113,31,3,147,207,214,47,7,475,0,0,0,475
03/19/2013,SJU,PR,ASO,ES,Towers with Radar,222,91,23,1,337,0,127,32,14,173,222,218,55,15,510,0,0,0,510
03/20/2013,SJU,PR,ASO,ES,Towers with Radar,222,72,24,9,327,0,117,60,12,189,222,189,84,21,516,0,0,0,516
03/21/2013,SJU,PR,ASO,ES,Towers with Radar,212,59,11,2,284,0,149,47,17,213,212,208,58,19,497,0,0,0,497
03/22/2013,SJU,PR,ASO,ES,Towers with Radar,220,78,31,1,330,0,185,65,0,250,220,263,96,1,580,0,0,0,580
03/23/2013,SJU,PR,ASO,ES,Towers with Radar,270,35,29,2,336,0,210,59,0,269,270,245,88,2,605,0,0,0,605
03/24/2013,SJU,PR,ASO,ES,Towers with Radar,257,22,22,1,302,0,170,40,0,210,257,192,62,1,512,0,0,0,512
03/25/2013,SJU,PR,ASO,ES,Towers with Radar,218,61,14,2,295,0,152,55,5,212,218,213,69,7,507,0,0,0,507
03/26/2013,SJU,PR,ASO,ES,Towers with Radar,229,75,29,10,343,0,145,33,6,184,229,220,62,16,527,0,0,0,527
03/27/2013,SJU,PR,ASO,ES,Towers with Radar,224,70,30,6,330,0,150,41,0,191,224,220,71,6,521,0,0,0,521
03/28/2013,SJU,PR,ASO,ES,Towers with Radar,231,84,30,3,348,0,163,52,3,218,231,247,82,6,566,0,0,0,566
03/29/2013,SJU,PR,ASO,ES,Towers with Radar,225,76,16,0,317,0,115,21,0,136,225,191,37,0,453,0,0,0,453
03/30/2013,SJU,PR,ASO,ES,Towers with Radar,264,82,23,6,375,0,172,46,0,218,264,254,69,6,593,0,0,0,593
03/31/2013,SJU,PR,ASO,ES,Towers with Radar,247,101,17,0,365,0,109,24,0,133,247,210,41,0,498,0,0,0,498
04/01/2013,SJU,PR,ASO,ES,Towers with Radar,192,94,29,5,320,0,177,33,10,220,192,271,62,15,540,0,0,0,540
04/02/2013,SJU,PR,ASO,ES,Towers with Radar,183,89,9,8,289,0,163,54,2,219,183,252,63,10,508,0,0,0,508
04/03/2013,SJU,PR,ASO,ES,Towers with Radar,197,84,21,12,314,0,128,36,1,165,197,212,57,13,479,0,0,0,479
04/04/2013,SJU,PR,ASO,ES,Towers with Radar,184,94,6,2,286,0,131,48,4,183,184,225,54,6,469,0,0,0,469
04/05/2013,SJU,PR,ASO,ES,Towers with Radar,179,102,10,0,291,0,144,28,1,173,179,246,38,1,464,0,0,0,464
04/06/2013,SJU,PR,ASO,ES,Towers with Radar,209,67,15,2,293,17,170,24,0,211,226,237,39,2,504,0,0,0,504
04/07/2013,SJU,PR,ASO,ES,Towers with Radar,196,60,11,1,268,0,147,26,0,173,196,207,37,1,441,0,0,0,441
04/08/2013,SJU,PR,ASO,ES,Towers with Radar,173,86,9,9,277,0,138,37,1,176,173,224,46,10,453,0,0,0,453
04/09/2013,SJU,PR,ASO,ES,Towers with Radar,168,95,21,10,294,0,131,23,22,176,168,226,44,32,470,0,0,0,470
04/10/2013,SJU,PR,ASO,ES,Towers with Radar,170,75,12,11,268,0,117,25,2,144,170,192,37,13,412,0,0,0,412
04/11/2013,SJU,PR,ASO,ES,Towers with Radar,184,78,11,8,281,0,156,40,4,200,184,234,51,12,481,0,0,0,481
04/12/2013,SJU,PR,ASO,ES,Towers with Radar,176,85,17,2,280,0,157,52,4,213,176,242,69,6,493,0,0,0,493
04/13/2013,SJU,PR,ASO,ES,Towers with Radar,203,60,11,16,290,0,167,31,0,198,203,227,42,16,488,0,0,0,488
04/14/2013,SJU,PR,ASO,ES,Towers with Radar,200,51,16,0,267,0,145,27,0,172,200,196,43,0,439,0,0,0,439
04/15/2013,SJU,PR,ASO,ES,Towers with Radar,170,97,21,2,290,0,126,28,0,154,170,223,49,2,444,0,0,0,444
04/16/2013,SJU,PR,ASO,ES,Towers with Radar,171,103,22,7,303,0,130,51,0,181,171,233,73,7,484,16,0,16,500
04/17/2013,SJU,PR,ASO,ES,Towers with Radar,188,86,42,9,325,0,124,49,0,173,188,210,91,9,498,0,0,0,498
04/18/2013,SJU,PR,ASO,ES,Towers with Radar,186,90,12,4,292,0,127,36,1,164,186,217,48,5,456,0,0,0,456
04/19/2013,SJU,PR,ASO,ES,Towers with Radar,192,105,20,0,317,0,155,23,0,178,192,260,43,0,495,0,0,0,495
04/20/2013,SJU,PR,ASO,ES,Towers with Radar,198,72,14,5,289,0,162,18,0,180,198,234,32,5,469,0,0,0,469
04/21/2013,SJU,PR,ASO,ES,Towers with Radar,188,49,15,4,256,0,153,40,0,193,188,202,55,4,449,0,0,0,449
04/22/2013,SJU,PR,ASO,ES,Towers with Radar,171,91,11,2,275,0,152,27,0,179,171,243,38,2,454,0,0,0,454
04/23/2013,SJU,PR,ASO,ES,Towers with Radar,184,103,13,10,310,0,128,38,0,166,184,231,51,10,476,0,0,0,476
04/24/2013,SJU,PR,ASO,ES,Towers with Radar,180,104,17,5,306,0,124,24,0,148,180,228,41,5,454,0,0,0,454
04/25/2013,SJU,PR,ASO,ES,Towers with Radar,181,90,13,4,288,0,124,29,0,153,181,214,42,4,441,0,0,0,441
04/26/2013,SJU,PR,ASO,ES,Towers with Radar,176,84,9,0,269,0,137,33,0,170,176,221,42,0,439,0,0,0,439
04/27/2013,SJU,PR,ASO,ES,Towers with Radar,198,58,12,4,272,0,153,14,0,167,198,211,26,4,439,0,0,0,439
04/28/2013,SJU,PR,ASO,ES,Towers with Radar,186,42,8,5,241,0,128,17,1,146,186,170,25,6,387,0,0,0,387
04/29/2013,SJU,PR,ASO,ES,Towers with Radar,171,106,9,1,287,0,139,20,0,159,171,245,29,1,446,0,0,0,446
04/30/2013,SJU,PR,ASO,ES,Towers with Radar,180,128,37,7,352,0,122,22,0,144,180,250,59,7,496,0,0,0,496
05/01/2013,SJU,PR,ASO,ES,Towers with Radar,166,109,11,13,299,0,126,25,3,154,166,235,36,16,453,0,0,0,453
05/02/2013,SJU,PR,ASO,ES,Towers with Radar,172,116,19,3,310,0,125,40,1,166,172,241,59,4,476,0,0,0,476
05/03/2013,SJU,PR,ASO,ES,Towers with Radar,175,89,11,4,279,0,128,30,1,159,175,217,41,5,438,0,0,0,438
05/04/2013,SJU,PR,ASO,ES,Towers with Radar,192,55,12,0,259,0,147,48,0,195,192,202,60,0,454,0,0,0,454
05/05/2013,SJU,PR,ASO,ES,Towers with Radar,171,49,4,4,228,0,126,9,0,135,171,175,13,4,363,0,0,0,363
05/06/2013,SJU,PR,ASO,ES,Towers with Radar,158,90,20,2,270,0,106,30,2,138,158,196,50,4,408,0,0,0,408
05/07/2013,SJU,PR,ASO,ES,Towers with Radar,168,99,17,7,291,0,102,24,0,126,168,201,41,7,417,0,0,0,417
05/08/2013,SJU,PR,ASO,ES,Towers with Radar,164,118,21,5,308,0,67,17,0,84,164,185,38,5,392,0,0,0,392
05/09/2013,SJU,PR,ASO,ES,Towers with Radar,170,121,11,4,306,0,58,22,0,80,170,179,33,4,386,0,0,0,386
05/10/2013,SJU,PR,ASO,ES,Towers with Radar,175,104,25,2,306,0,90,22,2,114,175,194,47,4,420,0,0,0,420
05/11/2013,SJU,PR,ASO,ES,Towers with Radar,187,62,19,5,273,0,142,23,2,167,187,204,42,7,440,0,0,0,440
05/12/2013,SJU,PR,ASO,ES,Towers with Radar,165,47,4,0,216,0,101,11,1,113,165,148,15,1,329,0,0,0,329
05/13/2013,SJU,PR,ASO,ES,Towers with Radar,154,87,17,1,259,0,123,29,0,152,154,210,46,1,411,0,0,0,411
05/14/2013,SJU,PR,ASO,ES,Towers with Radar,167,89,22,8,286,0,103,43,2,148,167,192,65,10,434,0,0,0,434
05/15/2013,SJU,PR,ASO,ES,Towers with Radar,166,103,31,6,306,0,85,20,0,105,166,188,51,6,411,0,0,0,411
05/16/2013,SJU,PR,ASO,ES,Towers with Radar,167,91,24,3,285,0,104,33,1,138,167,195,57,4,423,0,0,0,423
05/17/2013,SJU,PR,ASO,ES,Towers with Radar,167,90,17,7,281,0,104,29,3,136,167,194,46,10,417,0,0,0,417
05/18/2013,SJU,PR,ASO,ES,Towers with Radar,174,52,6,16,248,0,115,13,3,131,174,167,19,19,379,0,0,0,379
05/19/2013,SJU,PR,ASO,ES,Towers with Radar,161,34,10,6,211,0,104,28,0,132,161,138,38,6,343,0,0,0,343
05/20/2013,SJU,PR,ASO,ES,Towers with Radar,154,91,16,8,269,0,110,29,13,152,154,201,45,21,421,0,0,0,421
05/21/2013,SJU,PR,ASO,ES,Towers with Radar,161,103,17,7,288,0,74,16,0,90,161,177,33,7,378,13,0,13,391
05/22/2013,SJU,PR,ASO,ES,Towers with Radar,170,128,38,8,344,0,56,17,0,73,170,184,55,8,417,0,0,0,417
05/23/2013,SJU,PR,ASO,ES,Towers with Radar,169,90,19,4,282,0,98,27,3,128,169,188,46,7,410,0,0,0,410
05/24/2013,SJU,PR,ASO,ES,Towers with Radar,183,101,24,0,308,0,113,29,0,142,183,214,53,0,450,0,0,0,450
05/25/2013,SJU,PR,ASO,ES,Towers with Radar,201,67,18,5,291,0,106,24,0,130,201,173,42,5,421,0,0,0,421
05/26/2013,SJU,PR,ASO,ES,Towers with Radar,182,46,15,1,244,0,89,16,0,105,182,135,31,1,349,0,0,0,349
05/27/2013,SJU,PR,ASO,ES,Towers with Radar,161,83,11,1,256,0,102,14,0,116,161,185,25,1,372,0,0,0,372
05/28/2013,SJU,PR,ASO,ES,Towers with Radar,173,91,23,4,291,0,102,25,1,128,173,193,48,5,419,0,0,0,419
05/29/2013,SJU,PR,ASO,ES,Towers with Radar,175,91,12,2,280,0,87,16,0,103,175,178,28,2,383,0,0,0,383
05/30/2013,SJU,PR,ASO,ES,Towers with Radar,178,88,27,3,296,0,86,25,1,112,178,174,52,4,408,0,0,0,408
05/31/2013,SJU,PR,ASO,ES,Towers with Radar,187,112,21,4,324,0,70,26,0,96,187,182,47,4,420,0,0,0,420
06/01/2013,SJU,PR,ASO,ES,Towers with Radar,196,47,13,13,269,0,105,19,3,127,196,152,32,16,396,0,0,0,396
06/02/2013,SJU,PR,ASO,ES,Towers with Radar,181,38,14,7,240,0,94,23,1,118,181,132,37,8,358,0,0,0,358
06/03/2013,SJU,PR,ASO,ES,Towers with Radar,169,88,21,2,280,0,106,30,0,136,169,194,51,2,416,0,0,0,416
06/04/2013,SJU,PR,ASO,ES,Towers with Radar,183,103,27,4,317,0,86,37,1,124,183,189,64,5,441,0,0,0,441
06/05/2013,SJU,PR,ASO,ES,Towers with Radar,173,75,13,9,270,0,85,27,5,117,173,160,40,14,387,0,0,0,387
06/06/2013,SJU,PR,ASO,ES,Towers with Radar,181,87,27,4,299,0,97,45,0,142,181,184,72,4,441,0,0,0,441
06/07/2013,SJU,PR,ASO,ES,Towers with Radar,184,93,23,3,303,0,93,33,0,126,184,186,56,3,429,0,0,0,429
06/08/2013,SJU,PR,ASO,ES,Towers with Radar,210,54,8,5,277,0,117,30,0,147,210,171,38,5,424,0,0,0,424
06/09/2013,SJU,PR,ASO,ES,Towers with Radar,187,40,6,0,233,0,110,13,0,123,187,150,19,0,356,0,0,0,356
06/10/2013,SJU,PR,ASO,ES,Towers with Radar,185,107,21,4,317,0,82,41,3,126,185,189,62,7,443,0,0,0,443
06/11/2013,SJU,PR,ASO,ES,Towers with Radar,181,92,16,5,294,0,79,26,0,105,181,171,42,5,399,0,0,0,399
06/12/2013,SJU,PR,ASO,ES,Towers with Radar,194,111,25,5,335,0,78,17,1,96,194,189,42,6,431,0,0,0,431
06/13/2013,SJU,PR,ASO,ES,Towers with Radar,182,91,13,4,290,0,93,31,0,124,182,184,44,4,414,0,0,0,414
06/14/2013,SJU,PR,ASO,ES,Towers with Radar,0,0,0,0,0,0,0,0,0,0,0,0,0,0,0,0,0,0,0
06/15/2013,SJU,PR,ASO,ES,Towers with Radar,218,67,15,1,301,0,106,34,0,140,218,173,49,1,441,0,0,0,441
06/16/2013,SJU,PR,ASO,ES,Towers with Radar,194,42,17,1,254,0,101,40,0,141,194,143,57,1,395,0,0,0,395
06/17/2013,SJU,PR,ASO,ES,Towers with Radar,179,97,15,4,295,0,112,38,0,150,179,209,53,4,445,0,0,0,445
06/18/2013,SJU,PR,ASO,ES,Towers with Radar,184,84,24,8,300,0,97,34,1,132,184,181,58,9,432,0,0,0,432
06/19/2013,SJU,PR,ASO,ES,Towers with Radar,200,103,20,4,327,0,84,24,0,108,200,187,44,4,435,0,0,0,435
06/20/2013,SJU,PR,ASO,ES,Towers with Radar,194,95,22,9,320,0,102,37,0,139,194,197,59,9,459,0,0,0,459
06/21/2013,SJU,PR,ASO,ES,Towers with Radar,203,88,15,0,306,0,100,20,1,121,203,188,35,1,427,0,0,0,427
06/22/2013,SJU,PR,ASO,ES,Towers with Radar,228,53,19,7,307,0,103,34,0,137,228,156,53,7,444,0,0,0,444
06/23/2013,SJU,PR,ASO,ES,Towers with Radar,218,41,7,0,266,0,96,18,0,114,218,137,25,0,380,0,0,0,380
06/24/2013,SJU,PR,ASO,ES,Towers with Radar,197,93,17,1,308,0,91,25,0,116,197,184,42,1,424,0,0,0,424
06/25/2013,SJU,PR,ASO,ES,Towers with Radar,191,99,16,7,313,0,82,23,0,105,191,181,39,7,418,0,9,9,427
06/26/2013,SJU,PR,ASO,ES,Towers with Radar,200,112,25,7,344,0,68,18,1,87,200,180,43,8,431,0,0,0,431
06/27/2013,SJU,PR,ASO,ES,Towers with Radar,195,104,18,3,320,0,81,21,2,104,195,185,39,5,424,0,0,0,424
06/28/2013,SJU,PR,ASO,ES,Towers with Radar,211,92,17,2,322,0,104,27,0,131,211,196,44,2,453,0,0,0,453
06/29/2013,SJU,PR,ASO,ES,Towers with Radar,244,40,9,5,298,0,136,48,5,189,244,176,57,10,487,0,0,0,487
06/30/2013,SJU,PR,ASO,ES,Towers with Radar,215,51,15,2,283,0,108,30,1,139,215,159,45,3,422,0,0,0,422
07/01/2013,SJU,PR,ASO,ES,Towers with Radar,210,79,15,6,310,0,107,26,7,140,210,186,41,13,450,0,0,0,450
07/02/2013,SJU,PR,ASO,ES,Towers with Radar,204,94,24,5,327,0,87,23,0,110,204,181,47,5,437,0,0,0,437
07/03/2013,SJU,PR,ASO,ES,Towers with Radar,194,80,14,9,297,0,102,36,4,142,194,182,50,13,439,0,0,0,439
07/04/2013,SJU,PR,ASO,ES,Towers with Radar,196,48,19,0,263,0,88,23,1,112,196,136,42,1,375,0,0,0,375
07/05/2013,SJU,PR,ASO,ES,Towers with Radar,207,87,20,0,314,0,99,34,0,133,207,186,54,0,447,0,0,0,447
07/06/2013,SJU,PR,ASO,ES,Towers with Radar,225,57,19,4,305,0,117,40,1,158,225,174,59,5,463,0,0,0,463
07/07/2013,SJU,PR,ASO,ES,Towers with Radar,222,60,8,3,293,0,123,44,2,169,222,183,52,5,462,0,0,0,462
07/08/2013,SJU,PR,ASO,ES,Towers with Radar,166,51,9,1,227,0,70,26,0,96,166,121,35,1,323,0,0,0,323
07/09/2013,SJU,PR,ASO,ES,Towers with Radar,183,66,24,2,275,0,87,29,11,127,183,153,53,13,402,0,0,0,402
07/10/2013,SJU,PR,ASO,ES,Towers with Radar,205,108,8,4,325,0,68,12,0,80,205,176,20,4,405,0,0,0,405
07/11/2013,SJU,PR,ASO,ES,Towers with Radar,197,95,17,6,315,0,101,31,0,132,197,196,48,6,447,0,0,0,447
07/12/2013,SJU,PR,ASO,ES,Towers with Radar,208,93,36,5,342,0,104,25,4,133,208,197,61,9,475,0,0,0,475
07/13/2013,SJU,PR,ASO,ES,Towers with Radar,225,63,11,4,303,0,91,28,2,121,225,154,39,6,424,0,0,0,424
07/14/2013,SJU,PR,ASO,ES,Towers with Radar,213,54,5,4,276,0,86,11,0,97,213,140,16,4,373,0,0,0,373
07/15/2013,SJU,PR,ASO,ES,Towers with Radar,211,74,24,2,311,0,92,17,0,109,211,166,41,2,420,0,0,0,420
07/16/2013,SJU,PR,ASO,ES,Towers with Radar,198,75,19,2,294,0,100,33,1,134,198,175,52,3,428,0,0,0,428
07/17/2013,SJU,PR,ASO,ES,Towers with Radar,192,74,12,4,282,0,100,33,1,134,192,174,45,5,416,0,0,0,416
07/18/2013,SJU,PR,ASO,ES,Towers with Radar,214,78,26,0,318,0,45,9,0,54,214,123,35,0,372,0,0,0,372
07/19/2013,SJU,PR,ASO,ES,Towers with Radar,220,91,17,4,332,0,102,31,0,133,220,193,48,4,465,0,0,0,465
07/20/2013,SJU,PR,ASO,ES,Towers with Radar,234,38,13,5,290,0,122,31,0,153,234,160,44,5,443,0,0,0,443
07/21/2013,SJU,PR,ASO,ES,Towers with Radar,227,41,15,2,285,0,111,21,0,132,227,152,36,2,417,0,0,0,417
07/22/2013,SJU,PR,ASO,ES,Towers with Radar,205,112,25,0,342,0,71,17,0,88,205,183,42,0,430,0,0,0,430
07/23/2013,SJU,PR,ASO,ES,Towers with Radar,191,90,18,4,303,0,95,37,0,132,191,185,55,4,435,8,0,8,443
07/24/2013,SJU,PR,ASO,ES,Towers with Radar,196,89,8,4,297,0,98,31,2,131,196,187,39,6,428,0,0,0,428
07/25/2013,SJU,PR,ASO,ES,Towers with Radar,205,72,13,1,291,0,106,39,0,145,205,178,52,1,436,0,0,0,436
07/26/2013,SJU,PR,ASO,ES,Towers with Radar,210,83,25,4,322,0,101,15,1,117,210,184,40,5,439,0,0,0,439
07/27/2013,SJU,PR,ASO,ES,Towers with Radar,229,45,19,3,296,0,109,28,0,137,229,154,47,3,433,0,0,0,433
07/28/2013,SJU,PR,ASO,ES,Towers with Radar,219,44,11,2,276,0,96,33,0,129,219,140,44,2,405,0,0,0,405
07/29/2013,SJU,PR,ASO,ES,Towers with Radar,209,86,22,7,324,0,96,26,4,126,209,182,48,11,450,0,0,0,450
07/30/2013,SJU,PR,ASO,ES,Towers with Radar,204,93,13,5,315,0,92,32,1,125,204,185,45,6,440,0,0,0,440
07/31/2013,SJU,PR,ASO,ES,Towers with Radar,194,79,10,11,294,0,105,27,0,132,194,184,37,11,426,0,0,0,426
08/01/2013,SJU,PR,ASO,ES,Towers with Radar,195,75,23,4,297,0,89,20,0,109,195,164,43,4,406,0,0,0,406
08/02/2013,SJU,PR,ASO,ES,Towers with Radar,216,80,25,3,324,0,104,31,0,135,216,184,56,3,459,0,0,0,459
08/03/2013,SJU,PR,ASO,ES,Towers with Radar,226,51,16,7,300,0,88,32,0,120,226,139,48,7,420,4,0,4,424
08/04/2013,SJU,PR,ASO,ES,Towers with Radar,217,40,9,2,268,0,89,31,0,120,217,129,40,2,388,0,0,0,388
08/05/2013,SJU,PR,ASO,ES,Towers with Radar,195,88,20,1,304,0,89,26,0,115,195,177,46,1,419,0,0,0,419
08/06/2013,SJU,PR,ASO,ES,Towers with Radar,192,87,15,2,296,0,84,25,1,110,192,171,40,3,406,0,10,10,416
08/07/2013,SJU,PR,ASO,ES,Towers with Radar,194,76,25,8,303,0,89,25,2,116,194,165,50,10,419,0,0,0,419
08/08/2013,SJU,PR,ASO,ES,Towers with Radar,193,94,11,1,299,0,81,35,0,116,193,175,46,1,415,0,0,0,415
08/09/2013,SJU,PR,ASO,ES,Towers with Radar,189,92,25,2,308,0,79,29,1,109,189,171,54,3,417,0,0,0,417
08/10/2013,SJU,PR,ASO,ES,Towers with Radar,36,8,3,0,47,0,7,5,0,12,36,15,8,0,59,0,0,0,59
08/11/2013,SJU,PR,ASO,ES,Towers with Radar,189,42,33,2,266,0,79,11,0,90,189,121,44,2,356,0,0,0,356
08/12/2013,SJU,PR,ASO,ES,Towers with Radar,181,92,14,4,291,0,91,33,0,124,181,183,47,4,415,0,0,0,415
08/13/2013,SJU,PR,ASO,ES,Towers with Radar,181,83,17,1,282,0,59,16,0,75,181,142,33,1,357,0,0,0,357
08/14/2013,SJU,PR,ASO,ES,Towers with Radar,206,82,21,3,312,0,78,33,0,111,206,160,54,3,423,0,0,0,423
08/15/2013,SJU,PR,ASO,ES,Towers with Radar,193,73,20,1,287,0,85,41,0,126,193,158,61,1,413,0,0,0,413
08/16/2013,SJU,PR,ASO,ES,Towers with Radar,189,83,21,2,295,0,101,50,0,151,189,184,71,2,446,0,0,0,446
08/17/2013,SJU,PR,ASO,ES,Towers with Radar,207,37,14,4,262,0,87,27,0,114,207,124,41,4,376,0,0,0,376
08/18/2013,SJU,PR,ASO,ES,Towers with Radar,196,55,18,4,273,0,81,22,1,104,196,136,40,5,377,0,0,0,377
08/19/2013,SJU,PR,ASO,ES,Towers with Radar,181,79,20,6,286,0,90,24,1,115,181,169,44,7,401,0,0,0,401
08/20/2013,SJU,PR,ASO,ES,Towers with Radar,183,80,17,10,290,0,75,30,0,105,183,155,47,10,395,0,0,0,395
08/21/2013,SJU,PR,ASO,ES,Towers with Radar,182,79,22,8,291,0,88,30,1,119,182,167,52,9,410,0,0,0,410
08/22/2013,SJU,PR,ASO,ES,Towers with Radar,186,86,18,4,294,0,68,25,0,93,186,154,43,4,387,0,0,0,387
08/23/2013,SJU,PR,ASO,ES,Towers with Radar,172,78,27,0,277,0,90,34,2,126,172,168,61,2,403,0,0,0,403
08/24/2013,SJU,PR,ASO,ES,Towers with Radar,180,40,12,8,240,0,75,28,0,103,180,115,40,8,343,0,0,0,343
08/25/2013,SJU,PR,ASO,ES,Towers with Radar,182,54,14,4,254,0,79,19,2,100,182,133,33,6,354,0,0,0,354
08/26/2013,SJU,PR,ASO,ES,Towers with Radar,164,84,13,0,261,0,78,31,0,109,164,162,44,0,370,0,0,0,370
08/27/2013,SJU,PR,ASO,ES,Towers with Radar,152,76,10,7,245,0,74,26,0,100,152,150,36,7,345,0,0,0,345
08/28/2013,SJU,PR,ASO,ES,Towers with Radar,163,73,11,11,258,0,87,50,2,139,163,160,61,13,397,0,0,0,397
08/29/2013,SJU,PR,ASO,ES,Towers with Radar,180,83,28,9,300,0,75,29,1,105,180,158,57,10,405,0,0,0,405
08/30/2013,SJU,PR,ASO,ES,Towers with Radar,164,75,28,4,271,0,86,34,0,120,164,161,62,4,391,0,0,0,391
08/31/2013,SJU,PR,ASO,ES,Towers with Radar,174,44,28,7,253,0,76,15,0,91,174,120,43,7,344,0,0,0,344
09/01/2013,SJU,PR,ASO,ES,Towers with Radar,153,39,4,0,196,0,67,7,0,74,153,106,11,0,270,0,0,0,270
09/02/2013,SJU,PR,ASO,ES,Towers with Radar,153,65,19,0,237,0,84,9,0,93,153,149,28,0,330,0,0,0,330
09/03/2013,SJU,PR,ASO,ES,Towers with Radar,154,69,24,14,261,0,68,17,0,85,154,137,41,14,346,0,0,0,346
09/04/2013,SJU,PR,ASO,ES,Towers with Radar,147,104,19,5,275,0,48,14,0,62,147,152,33,5,337,0,0,0,337
09/05/2013,SJU,PR,ASO,ES,Towers with Radar,146,80,16,11,253,0,37,6,13,56,146,117,22,24,309,0,0,0,309
09/06/2013,SJU,PR,ASO,ES,Towers with Radar,147,87,14,0,248,0,56,24,0,80,147,143,38,0,328,0,0,0,328
09/07/2013,SJU,PR,ASO,ES,Towers with Radar,160,43,26,2,231,0,62,17,0,79,160,105,43,2,310,0,0,0,310
09/08/2013,SJU,PR,ASO,ES,Towers with Radar,145,32,11,3,191,0,63,16,0,79,145,95,27,3,270,0,0,0,270
09/09/2013,SJU,PR,ASO,ES,Towers with Radar,140,82,23,2,247,0,79,42,7,128,140,161,65,9,375,0,0,0,375
09/10/2013,SJU,PR,ASO,ES,Towers with Radar,129,83,16,8,236,0,63,39,0,102,129,146,55,8,338,0,0,0,338
09/11/2013,SJU,PR,ASO,ES,Towers with Radar,136,69,20,12,237,0,72,21,8,101,136,141,41,20,338,0,0,0,338
09/12/2013,SJU,PR,ASO,ES,Towers with Radar,148,85,36,2,271,0,52,30,1,83,148,137,66,3,354,0,0,0,354
09/13/2013,SJU,PR,ASO,ES,Towers with Radar,143,74,21,0,238,0,76,27,0,103,143,150,48,0,341,0,0,0,341
09/14/2013,SJU,PR,ASO,ES,Towers with Radar,163,35,18,6,222,0,64,24,0,88,163,99,42,6,310,0,0,0,310
09/15/2013,SJU,PR,ASO,ES,Towers with Radar,126,37,10,3,176,0,58,10,1,69,126,95,20,4,245,0,0,0,245
09/16/2013,SJU,PR,ASO,ES,Towers with Radar,143,81,15,0,239,0,58,43,2,103,143,139,58,2,342,0,0,0,342
09/17/2013,SJU,PR,ASO,ES,Towers with Radar,139,73,13,7,232,0,73,31,4,108,139,146,44,11,340,0,0,0,340
09/18/2013,SJU,PR,ASO,ES,Towers with Radar,145,69,33,9,256,0,78,22,3,103,145,147,55,12,359,0,0,0,359
09/19/2013,SJU,PR,ASO,ES,Towers with Radar,145,77,24,8,254,0,72,26,2,100,145,149,50,10,354,0,0,0,354
09/20/2013,SJU,PR,ASO,ES,Towers with Radar,148,76,12,2,238,0,67,41,0,108,148,143,53,2,346,0,0,0,346
09/21/2013,SJU,PR,ASO,ES,Towers with Radar,157,42,21,5,225,0,57,4,0,61,157,99,25,5,286,0,0,0,286
09/22/2013,SJU,PR,ASO,ES,Towers with Radar,137,33,4,6,180,0,72,27,0,99,137,105,31,6,279,0,0,0,279
09/23/2013,SJU,PR,ASO,ES,Towers with Radar,138,71,12,2,223,0,66,29,0,95,138,137,41,2,318,0,0,0,318
09/24/2013,SJU,PR,ASO,ES,Towers with Radar,128,91,16,3,238,0,64,68,0,132,128,155,84,3,370,55,0,55,425
09/25/2013,SJU,PR,ASO,ES,Towers with Radar,138,64,12,2,216,0,64,49,0,113,138,128,61,2,329,0,0,0,329
09/26/2013,SJU,PR,ASO,ES,Towers with Radar,143,72,7,7,229,0,77,62,0,139,143,149,69,7,368,0,0,0,368
09/27/2013,SJU,PR,ASO,ES,Towers with Radar,143,70,19,2,234,0,68,23,0,91,143,138,42,2,325,0,0,0,325
09/28/2013,SJU,PR,ASO,ES,Towers with Radar,156,36,6,5,203,0,68,38,0,106,156,104,44,5,309,0,0,0,309
09/29/2013,SJU,PR,ASO,ES,Towers with Radar,29,8,2,1,40,0,24,3,0,27,29,32,5,1,67,0,0,0,67
09/30/2013,SJU,PR,ASO,ES,Towers with Radar,0,0,0,0,0,0,0,0,0,0,0,0,0,0,0,0,0,0,0
10/01/2013,SJU,PR,ASO,ES,Towers with Radar,136,84,10,0,230,0,71,33,2,106,136,155,43,2,336,0,0,0,336
10/02/2013,SJU,PR,ASO,ES,Towers with Radar,146,71,23,4,244,0,73,19,0,92,146,144,42,4,336,0,0,0,336
10/03/2013,SJU,PR,ASO,ES,Towers with Radar,0,0,0,0,0,0,0,0,0,0,0,0,0,0,0,0,0,0,0
10/04/2013,SJU,PR,ASO,ES,Towers with Radar,0,0,0,0,0,0,0,0,0,0,0,0,0,0,0,0,0,0,0
10/05/2013,SJU,PR,ASO,ES,Towers with Radar,0,0,0,0,0,0,0,0,0,0,0,0,0,0,0,0,0,0,0
10/06/2013,SJU,PR,ASO,ES,Towers with Radar,0,0,0,0,0,0,0,0,0,0,0,0,0,0,0,0,0,0,0
10/07/2013,SJU,PR,ASO,ES,Towers with Radar,2,0,3,0,5,0,0,0,0,0,2,0,3,0,5,0,0,0,5
10/08/2013,SJU,PR,ASO,ES,Towers with Radar,0,0,0,0,0,0,0,0,0,0,0,0,0,0,0,0,0,0,0
10/09/2013,SJU,PR,ASO,ES,Towers with Radar,0,0,0,0,0,0,0,0,0,0,0,0,0,0,0,0,0,0,0
10/10/2013,SJU,PR,ASO,ES,Towers with Radar,0,0,0,0,0,0,0,0,0,0,0,0,0,0,0,0,0,0,0
10/11/2013,SJU,PR,ASO,ES,Towers with Radar,158,82,24,1,265,0,82,29,1,112,158,164,53,2,377,2,0,2,379
10/12/2013,SJU,PR,ASO,ES,Towers with Radar,0,0,0,0,0,0,0,0,0,0,0,0,0,0,0,0,0,0,0
10/13/2013,SJU,PR,ASO,ES,Towers with Radar,141,45,4,3,193,0,54,9,0,63,141,99,13,3,256,0,0,0,256
10/14/2013,SJU,PR,ASO,ES,Towers with Radar,0,0,0,0,0,0,0,0,0,0,0,0,0,0,0,0,0,0,0
10/15/2013,SJU,PR,ASO,ES,Towers with Radar,0,0,0,0,0,0,0,0,0,0,0,0,0,0,0,0,0,0,0
10/16/2013,SJU,PR,ASO,ES,Towers with Radar,0,0,0,0,0,0,0,0,0,0,0,0,0,0,0,0,0,0,0
10/17/2013,SJU,PR,ASO,ES,Towers with Radar,0,0,0,0,0,0,0,0,0,0,0,0,0,0,0,0,0,0,0
10/18/2013,SJU,PR,ASO,ES,Towers with Radar,157,80,26,0,263,0,95,19,0,114,157,175,45,0,377,3,0,3,380
10/19/2013,SJU,PR,ASO,ES,Towers with Radar,0,0,0,0,0,0,0,0,0,0,0,0,0,0,0,0,0,0,0
10/20/2013,SJU,PR,ASO,ES,Towers with Radar,0,0,0,0,0,0,0,0,0,0,0,0,0,0,0,0,0,0,0
10/21/2013,SJU,PR,ASO,ES,Towers with Radar,0,0,0,0,0,0,0,0,0,0,0,0,0,0,0,0,0,0,0
10/22/2013,SJU,PR,ASO,ES,Towers with Radar,154,74,14,1,243,0,89,33,2,124,154,163,47,3,367,0,0,0,367
10/23/2013,SJU,PR,ASO,ES,Towers with Radar,0,0,0,0,0,0,0,0,0,0,0,0,0,0,0,0,0,0,0
10/24/2013,SJU,PR,ASO,ES,Towers with Radar,0,0,0,0,0,0,0,0,0,0,0,0,0,0,0,0,0,0,0
10/25/2013,SJU,PR,ASO,ES,Towers with Radar,0,0,0,0,0,0,0,0,0,0,0,0,0,0,0,0,0,0,0
10/26/2013,SJU,PR,ASO,ES,Towers with Radar,0,0,0,0,0,0,0,0,0,0,0,0,0,0,0,0,0,0,0
10/27/2013,SJU,PR,ASO,ES,Towers with Radar,0,0,0,0,0,0,0,0,0,0,0,0,0,0,0,0,0,0,0
10/28/2013,SJU,PR,ASO,ES,Towers with Radar,159,85,19,3,266,0,86,21,0,107,159,171,40,3,373,0,0,0,373
10/29/2013,SJU,PR,ASO,ES,Towers with Radar,0,0,0,0,0,0,0,0,0,0,0,0,0,0,0,0,0,0,0
10/30/2013,SJU,PR,ASO,ES,Towers with Radar,0,0,0,0,0,0,0,0,0,0,0,0,0,0,0,0,0,0,0
10/31/2013,SJU,PR,ASO,ES,Towers with Radar,0,0,0,0,0,0,0,0,0,0,0,0,0,0,0,0,0,0,0
11/01/2013,SJU,PR,ASO,ES,Towers with Radar,164,97,19,2,282,0,96,31,0,127,164,193,50,2,409,0,0,0,409
11/02/2013,SJU,PR,ASO,ES,Towers with Radar,167,67,15,22,271,0,94,13,4,111,167,161,28,26,382,0,0,0,382
11/03/2013,SJU,PR,ASO,ES,Towers with Radar,154,64,14,20,252,0,80,4,9,93,154,144,18,29,345,0,0,0,345
11/04/2013,SJU,PR,ASO,ES,Towers with Radar,161,99,12,6,278,0,99,33,1,133,161,198,45,7,411,0,0,0,411
11/05/2013,SJU,PR,ASO,ES,Towers with Radar,160,91,13,4,268,0,93,40,0,133,160,184,53,4,401,0,0,0,401
11/06/2013,SJU,PR,ASO,ES,Towers with Radar,161,68,24,4,257,0,113,29,2,144,161,181,53,6,401,0,0,0,401
11/07/2013,SJU,PR,ASO,ES,Towers with Radar,170,83,19,1,273,0,112,34,0,146,170,195,53,1,419,0,0,0,419
11/08/2013,SJU,PR,ASO,ES,Towers with Radar,164,100,25,1,290,0,124,42,0,166,164,224,67,1,456,0,0,0,456
11/09/2013,SJU,PR,ASO,ES,Towers with Radar,177,43,22,7,249,0,114,32,0,146,177,157,54,7,395,0,0,0,395
11/10/2013,SJU,PR,ASO,ES,Towers with Radar,163,37,18,2,220,0,113,28,0,141,163,150,46,2,361,0,0,0,361
11/11/2013,SJU,PR,ASO,ES,Towers with Radar,154,86,16,0,256,0,103,34,0,137,154,189,50,0,393,0,0,0,393
11/12/2013,SJU,PR,ASO,ES,Towers with Radar,150,98,20,2,270,0,113,60,0,173,150,211,80,2,443,0,0,0,443
11/13/2013,SJU,PR,ASO,ES,Towers with Radar,158,82,22,12,274,0,96,46,30,172,158,178,68,42,446,0,0,0,446
11/14/2013,SJU,PR,ASO,ES,Towers with Radar,167,85,16,7,275,0,118,55,1,174,167,203,71,8,449,0,0,0,449
11/15/2013,SJU,PR,ASO,ES,Towers with Radar,173,113,15,6,307,0,120,34,0,154,173,233,49,6,461,0,0,0,461
11/16/2013,SJU,PR,ASO,ES,Towers with Radar,173,51,12,5,241,0,125,12,0,137,173,176,24,5,378,0,0,0,378
11/17/2013,SJU,PR,ASO,ES,Towers with Radar,170,38,8,3,219,0,94,16,0,110,170,132,24,3,329,0,0,0,329
11/18/2013,SJU,PR,ASO,ES,Towers with Radar,157,95,20,1,273,0,85,16,0,101,157,180,36,1,374,0,0,0,374
11/19/2013,SJU,PR,ASO,ES,Towers with Radar,152,85,13,14,264,0,84,33,5,122,152,169,46,19,386,0,0,0,386
11/20/2013,SJU,PR,ASO,ES,Towers with Radar,161,92,28,12,293,0,109,39,1,149,161,201,67,13,442,0,0,0,442
11/21/2013,SJU,PR,ASO,ES,Towers with Radar,175,113,47,16,351,7,80,34,0,121,182,193,81,16,472,0,0,0,472
11/22/2013,SJU,PR,ASO,ES,Towers with Radar,190,101,14,5,310,0,136,41,0,177,190,237,55,5,487,0,0,0,487
11/23/2013,SJU,PR,ASO,ES,Towers with Radar,197,50,19,2,268,0,168,65,0,233,197,218,84,2,501,0,0,0,501
11/24/2013,SJU,PR,ASO,ES,Towers with Radar,179,44,23,0,246,0,105,35,0,140,179,149,58,0,386,0,0,0,386
11/25/2013,SJU,PR,ASO,ES,Towers with Radar,189,87,14,0,290,0,96,31,1,128,189,183,45,1,418,0,0,0,418
11/26/2013,SJU,PR,ASO,ES,Towers with Radar,182,98,14,5,299,0,126,47,2,175,182,224,61,7,474,0,0,0,474
11/27/2013,SJU,PR,ASO,ES,Towers with Radar,197,110,49,1,357,0,143,32,0,175,197,253,81,1,532,0,0,0,532
11/28/2013,SJU,PR,ASO,ES,Towers with Radar,168,57,12,0,237,0,94,20,0,114,168,151,32,0,351,0,0,0,351
11/29/2013,SJU,PR,ASO,ES,Towers with Radar,171,114,29,1,315,0,107,36,1,144,171,221,65,2,459,0,0,0,459
11/30/2013,SJU,PR,ASO,ES,Towers with Radar,197,99,32,0,328,0,97,24,0,121,197,196,56,0,449,0,0,0,449
12/01/2013,SJU,PR,ASO,ES,Towers with Radar,197,65,38,1,301,0,152,45,1,198,197,217,83,2,499,0,0,0,499
12/02/2013,SJU,PR,ASO,ES,Towers with Radar,180,90,16,1,287,0,146,36,1,183,180,236,52,2,470,0,0,0,470
12/03/2013,SJU,PR,ASO,ES,Towers with Radar,175,104,20,11,310,0,107,39,20,166,175,211,59,31,476,0,0,0,476
12/04/2013,SJU,PR,ASO,ES,Towers with Radar,170,106,33,10,319,0,68,35,11,114,170,174,68,21,433,0,0,0,433
12/05/2013,SJU,PR,ASO,ES,Towers with Radar,184,116,39,15,354,0,89,26,28,143,184,205,65,43,497,0,0,0,497
12/06/2013,SJU,PR,ASO,ES,Towers with Radar,173,112,14,0,299,0,109,24,0,133,173,221,38,0,432,0,0,0,432
12/07/2013,SJU,PR,ASO,ES,Towers with Radar,177,62,19,9,267,0,91,17,1,109,177,153,36,10,376,0,0,0,376
12/08/2013,SJU,PR,ASO,ES,Towers with Radar,167,69,7,7,250,0,76,20,0,96,167,145,27,7,346,0,0,0,346
12/09/2013,SJU,PR,ASO,ES,Towers with Radar,178,88,24,4,294,0,123,31,0,154,178,211,55,4,448,0,0,0,448
12/10/2013,SJU,PR,ASO,ES,Towers with Radar,159,107,20,13,299,0,106,54,1,161,159,213,74,14,460,0,0,0,460
12/11/2013,SJU,PR,ASO,ES,Towers with Radar,179,98,28,15,320,0,110,24,4,138,179,208,52,19,458,0,0,0,458
12/12/2013,SJU,PR,ASO,ES,Towers with Radar,178,108,22,6,314,0,101,34,9,144,178,209,56,15,458,0,0,0,458
12/13/2013,SJU,PR,ASO,ES,Towers with Radar,170,99,21,6,296,0,113,43,0,156,170,212,64,6,452,0,0,0,452
12/14/2013,SJU,PR,ASO,ES,Towers with Radar,187,54,17,2,260,0,131,52,0,183,187,185,69,2,443,0,0,0,443
12/15/2013,SJU,PR,ASO,ES,Towers with Radar,185,54,18,2,259,0,106,14,0,120,185,160,32,2,379,0,0,0,379
12/16/2013,SJU,PR,ASO,ES,Towers with Radar,171,112,17,0,300,0,91,35,2,128,171,203,52,2,428,0,0,0,428
12/17/2013,SJU,PR,ASO,ES,Towers with Radar,171,118,18,14,321,0,121,33,2,156,171,239,51,16,477,0,0,0,477
12/18/2013,SJU,PR,ASO,ES,Towers with Radar,193,76,19,15,303,0,123,38,18,179,193,199,57,33,482,0,0,0,482
12/19/2013,SJU,PR,ASO,ES,Towers with Radar,218,99,33,8,358,0,127,56,9,192,218,226,89,17,550,0,0,0,550
12/20/2013,SJU,PR,ASO,ES,Towers with Radar,238,120,38,1,397,0,144,40,0,184,238,264,78,1,581,0,0,0,581
12/21/2013,SJU,PR,ASO,ES,Towers with Radar,235,72,28,0,335,0,201,54,0,255,235,273,82,0,590,0,0,0,590
12/22/2013,SJU,PR,ASO,ES,Towers with Radar,218,54,30,1,303,0,184,31,0,215,218,238,61,1,518,0,0,0,518
12/23/2013,SJU,PR,ASO,ES,Towers with Radar,228,100,30,0,358,0,141,51,0,192,228,241,81,0,550,0,0,0,550
12/24/2013,SJU,PR,ASO,ES,Towers with Radar,223,109,34,0,366,0,106,28,0,134,223,215,62,0,500,0,0,0,500
12/25/2013,SJU,PR,ASO,ES,Towers with Radar,206,37,16,0,259,0,109,27,0,136,206,146,43,0,395,0,0,0,395
12/26/2013,SJU,PR,ASO,ES,Towers with Radar,220,67,48,0,335,0,224,65,0,289,220,291,113,0,624,0,0,0,624
12/27/2013,SJU,PR,ASO,ES,Towers with Radar,241,112,37,1,391,0,226,72,0,298,241,338,109,1,689,0,0,0,689
12/28/2013,SJU,PR,ASO,ES,Towers with Radar,0,0,0,0,0,0,0,0,0,0,0,0,0,0,0,0,0,0,0
12/29/2013,SJU,PR,ASO,ES,Towers with Radar,225,71,17,0,313,0,152,28,0,180,225,223,45,0,493,0,0,0,493
12/30/2013,SJU,PR,ASO,ES,Towers with Radar,222,87,29,0,338,0,171,25,1,197,222,258,54,1,535,0,0,0,535
12/31/2013,SJU,PR,ASO,ES,Towers with Radar,225,59,26,0,310,0,125,56,0,181,225,184,82,0,491,0,0,0,491
01/01/2014,SJU,PR,ASO,ES,Towers with Radar,201,43,23,0,267,0,150,29,0,179,201,193,52,0,446,0,0,0,446
01/02/2014,SJU,PR,ASO,ES,Towers with Radar,206,99,55,0,360,0,191,48,0,239,206,290,103,0,599,0,0,0,599
01/03/2014,SJU,PR,ASO,ES,Towers with Radar,200,122,54,2,378,0,219,69,0,288,200,341,123,2,666,0,0,0,666
01/04/2014,SJU,PR,ASO,ES,Towers with Radar,203,75,60,2,340,0,225,84,0,309,203,300,144,2,649,0,0,0,649
01/05/2014,SJU,PR,ASO,ES,Towers with Radar,199,63,50,1,313,0,197,77,0,274,199,260,127,1,587,0,0,0,587
01/06/2014,SJU,PR,ASO,ES,Towers with Radar,189,112,41,1,343,0,158,37,0,195,189,270,78,1,538,0,0,0,538
01/07/2014,SJU,PR,ASO,ES,Towers with Radar,171,102,29,3,305,0,117,25,1,143,171,219,54,4,448,0,0,0,448
01/08/2014,SJU,PR,ASO,ES,Towers with Radar,193,78,23,1,295,0,124,33,1,158,193,202,56,2,453,0,0,0,453
01/09/2014,SJU,PR,ASO,ES,Towers with Radar,184,77,31,5,297,0,110,28,1,139,184,187,59,6,436,0,0,0,436
01/10/2014,SJU,PR,ASO,ES,Towers with Radar,183,95,16,2,296,0,132,37,0,169,183,227,53,2,465,0,0,0,465
01/11/2014,SJU,PR,ASO,ES,Towers with Radar,212,39,26,2,279,0,137,32,6,175,212,176,58,8,454,0,0,0,454
01/12/2014,SJU,PR,ASO,ES,Towers with Radar,201,47,22,4,274,0,139,11,3,153,201,186,33,7,427,0,0,0,427
01/13/2014,SJU,PR,ASO,ES,Towers with Radar,169,100,16,4,289,0,113,15,2,130,169,213,31,6,419,0,0,0,419
01/14/2014,SJU,PR,ASO,ES,Towers with Radar,172,96,20,4,292,0,102,26,5,133,172,198,46,9,425,0,0,0,425
01/15/2014,SJU,PR,ASO,ES,Towers with Radar,176,86,10,9,281,0,161,27,12,200,176,247,37,21,481,0,0,0,481
01/16/2014,SJU,PR,ASO,ES,Towers with Radar,175,97,24,7,303,0,148,45,0,193,175,245,69,7,496,0,0,0,496
01/17/2014,SJU,PR,ASO,ES,Towers with Radar,179,95,22,0,296,0,147,29,2,178,179,242,51,2,474,0,0,0,474
01/18/2014,SJU,PR,ASO,ES,Towers with Radar,208,46,12,1,267,0,160,37,1,198,208,206,49,2,465,0,0,0,465
01/19/2014,SJU,PR,ASO,ES,Towers with Radar,184,47,13,0,244,0,123,16,0,139,184,170,29,0,383,0,0,0,383
01/20/2014,SJU,PR,ASO,ES,Towers with Radar,176,81,19,3,279,0,134,27,0,161,176,215,46,3,440,0,0,0,440
01/21/2014,SJU,PR,ASO,ES,Towers with Radar,155,86,19,10,270,0,126,53,13,192,155,212,72,23,462,0,0,0,462
01/22/2014,SJU,PR,ASO,ES,Towers with Radar,160,81,31,4,276,0,120,41,1,162,160,201,72,5,438,0,0,0,438
01/23/2014,SJU,PR,ASO,ES,Towers with Radar,175,83,45,18,321,0,133,29,2,164,175,216,74,20,485,0,0,0,485
01/24/2014,SJU,PR,ASO,ES,Towers with Radar,182,124,26,4,336,0,119,23,0,142,182,243,49,4,478,0,0,0,478
01/25/2014,SJU,PR,ASO,ES,Towers with Radar,181,64,13,6,264,0,175,42,4,221,181,239,55,10,485,0,0,0,485
01/26/2014,SJU,PR,ASO,ES,Towers with Radar,189,55,9,7,260,0,122,17,2,141,189,177,26,9,401,0,0,0,401
01/27/2014,SJU,PR,ASO,ES,Towers with Radar,166,91,11,2,270,0,112,43,0,155,166,203,54,2,425,0,6,6,431
01/28/2014,SJU,PR,ASO,ES,Towers with Radar,155,85,19,11,270,0,127,50,5,182,155,212,69,16,452,0,0,0,452
01/29/2014,SJU,PR,ASO,ES,Towers with Radar,168,82,25,11,286,0,132,45,0,177,168,214,70,11,463,0,0,0,463
01/30/2014,SJU,PR,ASO,ES,Towers with Radar,160,82,10,7,259,0,121,26,4,151,160,203,36,11,410,0,0,0,410
01/31/2014,SJU,PR,ASO,ES,Towers with Radar,175,85,24,2,286,0,137,27,1,165,175,222,51,3,451,0,0,0,451
02/01/2014,SJU,PR,ASO,ES,Towers with Radar,205,52,23,3,283,0,183,32,0,215,205,235,55,3,498,0,0,0,498
02/02/2014,SJU,PR,ASO,ES,Towers with Radar,175,54,19,0,248,0,122,12,0,134,175,176,31,0,382,0,0,0,382
02/03/2014,SJU,PR,ASO,ES,Towers with Radar,140,98,27,0,265,0,129,29,0,158,140,227,56,0,423,8,0,8,431
02/04/2014,SJU,PR,ASO,ES,Towers with Radar,158,87,26,4,275,0,118,32,0,150,158,205,58,4,425,0,0,0,425
02/05/2014,SJU,PR,ASO,ES,Towers with Radar,163,72,25,13,273,0,127,36,6,169,163,199,61,19,442,0,0,0,442
02/06/2014,SJU,PR,ASO,ES,Towers with Radar,179,85,10,4,278,0,128,30,2,160,179,213,40,6,438,0,0,0,438
02/07/2014,SJU,PR,ASO,ES,Towers with Radar,147,115,16,2,280,0,123,38,0,161,147,238,54,2,441,0,0,0,441
02/08/2014,SJU,PR,ASO,ES,Towers with Radar,207,72,27,2,308,0,162,19,0,181,207,234,46,2,489,0,0,0,489
02/09/2014,SJU,PR,ASO,ES,Towers with Radar,178,47,15,7,247,0,113,35,1,149,178,160,50,8,396,0,0,0,396
02/10/2014,SJU,PR,ASO,ES,Towers with Radar,162,93,9,1,265,0,154,34,4,192,162,247,43,5,457,0,0,0,457
02/11/2014,SJU,PR,ASO,ES,Towers with Radar,161,78,29,6,274,0,137,41,14,192,161,215,70,20,466,0,0,0,466
02/12/2014,SJU,PR,ASO,ES,Towers with Radar,163,71,26,6,266,0,145,56,0,201,163,216,82,6,467,0,0,0,467
02/13/2014,SJU,PR,ASO,ES,Towers with Radar,135,90,39,11,275,0,270,62,4,336,135,360,101,15,611,0,0,0,611
02/14/2014,SJU,PR,ASO,ES,Towers with Radar,202,74,35,8,319,0,184,63,4,251,202,258,98,12,570,0,0,0,570
02/15/2014,SJU,PR,ASO,ES,Towers with Radar,216,58,22,3,299,0,207,47,0,254,216,265,69,3,553,0,0,0,553
02/16/2014,SJU,PR,ASO,ES,Towers with Radar,210,53,11,6,280,0,182,13,0,195,210,235,24,6,475,0,0,0,475
02/17/2014,SJU,PR,ASO,ES,Towers with Radar,177,87,24,4,292,0,169,28,0,197,177,256,52,4,489,0,0,0,489
02/18/2014,SJU,PR,ASO,ES,Towers with Radar,182,98,39,5,324,0,139,34,0,173,182,237,73,5,497,0,0,0,497
02/19/2014,SJU,PR,ASO,ES,Towers with Radar,188,80,17,8,293,0,144,21,3,168,188,224,38,11,461,0,0,0,461
02/20/2014,SJU,PR,ASO,ES,Towers with Radar,194,93,27,3,317,0,145,53,2,200,194,238,80,5,517,0,0,0,517
02/21/2014,SJU,PR,ASO,ES,Towers with Radar,181,91,22,1,295,0,178,44,0,222,181,269,66,1,517,0,0,0,517
02/22/2014,SJU,PR,ASO,ES,Towers with Radar,218,68,15,6,307,0,219,32,1,252,218,287,47,7,559,0,0,0,559
02/23/2014,SJU,PR,ASO,ES,Towers with Radar,210,49,8,1,268,0,193,24,0,217,210,242,32,1,485,0,0,0,485
02/24/2014,SJU,PR,ASO,ES,Towers with Radar,175,110,24,1,310,0,147,30,2,179,175,257,54,3,489,0,0,0,489
02/25/2014,SJU,PR,ASO,ES,Towers with Radar,174,86,28,4,292,0,128,43,1,172,174,214,71,5,464,0,0,0,464
02/26/2014,SJU,PR,ASO,ES,Towers with Radar,185,81,33,7,306,0,155,47,3,205,185,236,80,10,511,0,0,0,511
02/27/2014,SJU,PR,ASO,ES,Towers with Radar,179,84,38,6,307,0,155,23,1,179,179,239,61,7,486,0,0,0,486
02/28/2014,SJU,PR,ASO,ES,Towers with Radar,186,116,30,6,338,0,166,75,0,241,186,282,105,6,579,0,0,0,579
03/01/2014,SJU,PR,ASO,ES,Towers with Radar,210,68,15,0,293,0,211,29,0,240,210,279,44,0,533,0,0,0,533
03/02/2014,SJU,PR,ASO,ES,Towers with Radar,202,64,18,3,287,0,151,20,0,171,202,215,38,3,458,0,0,0,458
03/03/2014,SJU,PR,ASO,ES,Towers with Radar,166,88,26,1,281,0,136,27,0,163,166,224,53,1,444,0,0,0,444
03/04/2014,SJU,PR,ASO,ES,Towers with Radar,177,87,16,4,284,0,122,42,15,179,177,209,58,19,463,0,0,0,463
03/05/2014,SJU,PR,ASO,ES,Towers with Radar,186,81,24,5,296,0,157,34,0,191,186,238,58,5,487,0,0,0,487
03/06/2014,SJU,PR,ASO,ES,Towers with Radar,197,81,22,8,308,0,150,33,3,186,197,231,55,11,494,0,0,0,494
03/07/2014,SJU,PR,ASO,ES,Towers with Radar,192,104,24,2,322,0,171,35,0,206,192,275,59,2,528,0,0,0,528
03/08/2014,SJU,PR,ASO,ES,Towers with Radar,219,78,30,6,333,0,199,28,0,227,219,277,58,6,560,0,0,0,560
03/09/2014,SJU,PR,ASO,ES,Towers with Radar,211,48,22,8,289,0,138,21,5,164,211,186,43,13,453,0,0,0,453
03/10/2014,SJU,PR,ASO,ES,Towers with Radar,176,76,20,4,276,0,158,25,1,184,176,234,45,5,460,0,0,0,460
03/11/2014,SJU,PR,ASO,ES,Towers with Radar,188,103,22,9,322,0,148,30,0,178,188,251,52,9,500,0,0,0,500
03/12/2014,SJU,PR,ASO,ES,Towers with Radar,206,64,18,14,302,0,141,33,17,191,206,205,51,31,493,0,0,0,493
03/13/2014,SJU,PR,ASO,ES,Towers with Radar,197,86,20,9,312,0,136,38,8,182,197,222,58,17,494,0,0,0,494
03/14/2014,SJU,PR,ASO,ES,Towers with Radar,206,77,28,11,322,0,200,47,1,248,206,277,75,12,570,0,0,0,570
03/15/2014,SJU,PR,ASO,ES,Towers with Radar,224,59,26,0,309,0,237,62,0,299,224,296,88,0,608,0,0,0,608
03/16/2014,SJU,PR,ASO,ES,Towers with Radar,211,48,19,0,278,0,172,31,0,203,211,220,50,0,481,0,0,0,481
03/17/2014,SJU,PR,ASO,ES,Towers with Radar,184,92,15,1,292,0,143,26,0,169,184,235,41,1,461,0,0,0,461
03/18/2014,SJU,PR,ASO,ES,Towers with Radar,183,83,28,3,297,0,152,40,0,192,183,235,68,3,489,0,0,0,489
03/19/2014,SJU,PR,ASO,ES,Towers with Radar,188,86,10,3,287,0,157,32,9,198,188,243,42,12,485,0,0,0,485
03/20/2014,SJU,PR,ASO,ES,Towers with Radar,198,112,11,15,336,0,165,52,2,219,198,277,63,17,555,0,0,0,555
03/21/2014,SJU,PR,ASO,ES,Towers with Radar,202,98,22,9,331,0,191,62,0,253,202,289,84,9,584,0,0,0,584
03/22/2014,SJU,PR,ASO,ES,Towers with Radar,215,57,22,3,297,0,225,47,0,272,215,282,69,3,569,0,0,0,569
03/23/2014,SJU,PR,ASO,ES,Towers with Radar,214,50,14,3,281,0,189,21,4,214,214,239,35,7,495,0,0,0,495
03/24/2014,SJU,PR,ASO,ES,Towers with Radar,179,86,13,12,290,0,158,36,0,194,179,244,49,12,484,0,0,0,484
03/25/2014,SJU,PR,ASO,ES,Towers with Radar,194,68,24,1,287,0,158,32,0,190,194,226,56,1,477,0,0,0,477
03/26/2014,SJU,PR,ASO,ES,Towers with Radar,190,91,24,5,310,0,166,38,2,206,190,257,62,7,516,0,0,0,516
03/27/2014,SJU,PR,ASO,ES,Towers with Radar,192,90,19,2,303,0,136,39,1,176,192,226,58,3,479,0,0,0,479
03/28/2014,SJU,PR,ASO,ES,Towers with Radar,198,111,15,1,325,0,178,36,1,215,198,289,51,2,540,0,0,0,540
03/29/2014,SJU,PR,ASO,ES,Towers with Radar,223,57,22,3,305,0,191,36,0,227,223,248,58,3,532,0,0,0,532
03/30/2014,SJU,PR,ASO,ES,Towers with Radar,0,0,0,0,0,0,0,0,0,0,0,0,0,0,0,0,0,0,0
03/31/2014,SJU,PR,ASO,ES,Towers with Radar,175,106,19,1,301,0,166,30,0,196,175,272,49,1,497,0,0,0,497
04/01/2014,SJU,PR,ASO,ES,Towers with Radar,177,108,24,7,316,0,143,35,2,180,177,251,59,9,496,0,0,0,496
04/02/2014,SJU,PR,ASO,ES,Towers with Radar,202,86,5,6,299,0,130,20,0,150,202,216,25,6,449,0,0,0,449
04/03/2014,SJU,PR,ASO,ES,Towers with Radar,180,88,15,6,289,0,127,16,4,147,180,215,31,10,436,0,0,0,436
04/04/2014,SJU,PR,ASO,ES,Towers with Radar,175,128,21,3,327,0,126,24,1,151,175,254,45,4,478,0,0,0,478
04/05/2014,SJU,PR,ASO,ES,Towers with Radar,216,59,13,3,291,0,167,30,0,197,216,226,43,3,488,0,0,0,488
04/06/2014,SJU,PR,ASO,ES,Towers with Radar,193,48,8,9,258,0,144,28,0,172,193,192,36,9,430,0,0,0,430
04/07/2014,SJU,PR,ASO,ES,Towers with Radar,173,97,36,5,311,0,144,12,1,157,173,241,48,6,468,0,0,0,468
04/08/2014,SJU,PR,ASO,ES,Towers with Radar,177,85,10,6,278,0,120,33,3,156,177,205,43,9,434,0,0,0,434
04/09/2014,SJU,PR,ASO,ES,Towers with Radar,202,66,13,4,285,0,138,24,2,164,202,204,37,6,449,0,0,0,449
04/10/2014,SJU,PR,ASO,ES,Towers with Radar,188,81,17,5,291,0,139,47,1,187,188,220,64,6,478,0,0,0,478
04/11/2014,SJU,PR,ASO,ES,Towers with Radar,192,100,11,1,304,0,188,40,0,228,192,288,51,1,532,0,0,0,532
04/12/2014,SJU,PR,ASO,ES,Towers with Radar,210,60,30,4,304,0,219,57,2,278,210,279,87,6,582,24,0,24,606
04/13/2014,SJU,PR,ASO,ES,Towers with Radar,197,64,13,1,275,0,153,18,4,175,197,217,31,5,450,0,0,0,450
04/14/2014,SJU,PR,ASO,ES,Towers with Radar,171,91,23,3,288,0,136,30,0,166,171,227,53,3,454,0,0,0,454
04/15/2014,SJU,PR,ASO,ES,Towers with Radar,171,96,17,2,286,0,128,51,0,179,171,224,68,2,465,0,0,0,465
04/16/2014,SJU,PR,ASO,ES,Towers with Radar,170,95,36,1,302,0,174,47,0,221,170,269,83,1,523,0,0,0,523
04/17/2014,SJU,PR,ASO,ES,Towers with Radar,185,112,20,4,321,0,169,26,1,196,185,281,46,5,517,0,0,0,517
04/18/2014,SJU,PR,ASO,ES,Towers with Radar,179,65,21,4,269,0,200,20,0,220,179,265,41,4,489,0,0,0,489
04/19/2014,SJU,PR,ASO,ES,Towers with Radar,203,76,20,5,304,0,196,38,4,238,203,272,58,9,542,0,0,0,542
04/20/2014,SJU,PR,ASO,ES,Towers with Radar,199,70,10,0,279,0,212,21,0,233,199,282,31,0,512,0,0,0,512
04/21/2014,SJU,PR,ASO,ES,Towers with Radar,180,96,12,0,288,0,193,28,0,221,180,289,40,0,509,0,0,0,509
04/22/2014,SJU,PR,ASO,ES,Towers with Radar,181,112,10,1,304,0,163,40,0,203,181,275,50,1,507,0,0,0,507
04/23/2014,SJU,PR,ASO,ES,Towers with Radar,188,90,13,4,295,0,140,22,0,162,188,230,35,4,457,0,0,0,457
04/24/2014,SJU,PR,ASO,ES,Towers with Radar,189,69,6,1,265,0,150,49,0,199,189,219,55,1,464,0,0,0,464
04/25/2014,SJU,PR,ASO,ES,Towers with Radar,180,103,22,2,307,0,174,44,0,218,180,277,66,2,525,0,0,0,525
04/26/2014,SJU,PR,ASO,ES,Towers with Radar,197,63,12,1,273,0,195,16,0,211,197,258,28,1,484,0,0,0,484
04/27/2014,SJU,PR,ASO,ES,Towers with Radar,205,46,20,1,272,0,185,30,3,218,205,231,50,4,490,0,0,0,490
04/28/2014,SJU,PR,ASO,ES,Towers with Radar,175,92,7,0,274,0,154,42,0,196,175,246,49,0,470,0,0,0,470
04/29/2014,SJU,PR,ASO,ES,Towers with Radar,170,71,32,0,273,0,114,31,0,145,170,185,63,0,418,0,0,0,418
04/30/2014,SJU,PR,ASO,ES,Towers with Radar,175,70,20,0,265,0,156,21,0,177,175,226,41,0,442,0,0,0,442
05/01/2014,SJU,PR,ASO,ES,Towers with Radar,170,94,10,1,275,0,137,34,0,171,170,231,44,1,446,0,0,0,446
05/02/2014,SJU,PR,ASO,ES,Towers with Radar,176,107,9,1,293,0,149,21,0,170,176,256,30,1,463,0,0,0,463
05/03/2014,SJU,PR,ASO,ES,Towers with Radar,192,63,8,0,263,0,167,30,0,197,192,230,38,0,460,0,0,0,460
05/04/2014,SJU,PR,ASO,ES,Towers with Radar,188,54,5,0,247,0,154,17,4,175,188,208,22,4,422,0,0,0,422
05/05/2014,SJU,PR,ASO,ES,Towers with Radar,162,97,7,5,271,0,152,13,0,165,162,249,20,5,436,0,0,0,436
05/06/2014,SJU,PR,ASO,ES,Towers with Radar,159,95,12,5,271,0,118,28,0,146,159,213,40,5,417,0,0,0,417
05/07/2014,SJU,PR,ASO,ES,Towers with Radar,169,84,8,5,266,0,128,29,0,157,169,212,37,5,423,0,0,0,423
05/08/2014,SJU,PR,ASO,ES,Towers with Radar,183,119,21,4,327,0,97,32,2,131,183,216,53,6,458,0,0,0,458
05/09/2014,SJU,PR,ASO,ES,Towers with Radar,177,102,30,4,313,0,126,36,0,162,177,228,66,4,475,0,0,0,475
05/10/2014,SJU,PR,ASO,ES,Towers with Radar,189,97,10,3,299,0,59,2,0,61,189,156,12,3,360,0,0,0,360
05/11/2014,SJU,PR,ASO,ES,Towers with Radar,171,73,6,2,252,0,124,8,1,133,171,197,14,3,385,0,0,0,385
05/12/2014,SJU,PR,ASO,ES,Towers with Radar,167,98,24,4,293,0,121,16,1,138,167,219,40,5,431,0,0,0,431
05/13/2014,SJU,PR,ASO,ES,Towers with Radar,159,85,13,1,258,0,103,40,0,143,159,188,53,1,401,0,0,0,401
05/14/2014,SJU,PR,ASO,ES,Towers with Radar,170,85,16,6,277,0,96,28,0,124,170,181,44,6,401,0,0,0,401
05/15/2014,SJU,PR,ASO,ES,Towers with Radar,169,109,11,11,300,0,120,31,4,155,169,229,42,15,455,0,0,0,455
05/16/2014,SJU,PR,ASO,ES,Towers with Radar,178,98,5,4,285,0,113,25,0,138,178,211,30,4,423,0,0,0,423
05/17/2014,SJU,PR,ASO,ES,Towers with Radar,196,57,7,21,281,0,138,20,0,158,196,195,27,21,439,0,0,0,439
05/18/2014,SJU,PR,ASO,ES,Towers with Radar,171,48,8,7,234,0,108,10,10,128,171,156,18,17,362,0,17,17,379
05/19/2014,SJU,PR,ASO,ES,Towers with Radar,164,98,12,9,283,0,92,28,0,120,164,190,40,9,403,0,0,0,403
05/20/2014,SJU,PR,ASO,ES,Towers with Radar,173,90,25,17,305,0,83,41,1,125,173,173,66,18,430,0,0,0,430
05/21/2014,SJU,PR,ASO,ES,Towers with Radar,183,76,18,3,280,0,99,26,0,125,183,175,44,3,405,0,0,0,405
05/22/2014,SJU,PR,ASO,ES,Towers with Radar,177,101,20,4,302,0,117,33,1,151,177,218,53,5,453,0,0,0,453
05/23/2014,SJU,PR,ASO,ES,Towers with Radar,197,94,5,1,297,0,127,37,1,165,197,221,42,2,462,0,0,0,462
05/24/2014,SJU,PR,ASO,ES,Towers with Radar,188,57,7,1,253,0,133,25,0,158,188,190,32,1,411,0,0,0,411
05/25/2014,SJU,PR,ASO,ES,Towers with Radar,184,52,6,0,242,0,97,14,0,111,184,149,20,0,353,0,0,0,353
05/26/2014,SJU,PR,ASO,ES,Towers with Radar,180,75,7,4,266,0,120,22,0,142,180,195,29,4,408,0,0,0,408
05/27/2014,SJU,PR,ASO,ES,Towers with Radar,162,85,17,3,267,0,113,23,1,137,162,198,40,4,404,0,0,0,404
05/28/2014,SJU,PR,ASO,ES,Towers with Radar,184,77,11,7,279,0,104,39,16,159,184,181,50,23,438,0,0,0,438
05/29/2014,SJU,PR,ASO,ES,Towers with Radar,184,92,33,12,321,0,98,34,0,132,184,190,67,12,453,0,0,0,453
05/30/2014,SJU,PR,ASO,ES,Towers with Radar,182,110,11,3,306,0,93,37,0,130,182,203,48,3,436,0,0,0,436
05/31/2014,SJU,PR,ASO,ES,Towers with Radar,195,61,7,5,268,0,126,19,0,145,195,187,26,5,413,0,0,0,413
06/01/2014,SJU,PR,ASO,ES,Towers with Radar,169,91,10,3,273,0,107,20,0,127,169,198,30,3,400,0,0,0,400
06/02/2014,SJU,PR,ASO,ES,Towers with Radar,169,91,10,3,273,0,107,20,0,127,169,198,30,3,400,0,0,0,400
06/03/2014,SJU,PR,ASO,ES,Towers with Radar,173,94,12,8,287,0,87,35,1,123,173,181,47,9,410,0,0,0,410
06/04/2014,SJU,PR,ASO,ES,Towers with Radar,172,86,5,3,266,0,81,11,2,94,172,167,16,5,360,0,0,0,360
06/05/2014,SJU,PR,ASO,ES,Towers with Radar,184,105,7,10,306,0,74,22,8,104,184,179,29,18,410,0,0,0,410
06/06/2014,SJU,PR,ASO,ES,Towers with Radar,191,95,15,2,303,0,124,31,0,155,191,219,46,2,458,0,0,0,458
06/07/2014,SJU,PR,ASO,ES,Towers with Radar,212,59,11,2,284,0,113,15,2,130,212,172,26,4,414,0,0,0,414
06/08/2014,SJU,PR,ASO,ES,Towers with Radar,209,63,10,0,282,0,107,6,0,113,209,170,16,0,395,0,0,0,395
06/09/2014,SJU,PR,ASO,ES,Towers with Radar,188,104,6,3,301,0,115,30,0,145,188,219,36,3,446,0,0,0,446
06/10/2014,SJU,PR,ASO,ES,Towers with Radar,199,115,25,6,345,0,122,39,2,163,199,237,64,8,508,0,0,0,508
06/11/2014,SJU,PR,ASO,ES,Towers with Radar,203,89,10,4,306,0,90,24,3,117,203,179,34,7,423,0,0,0,423
06/12/2014,SJU,PR,ASO,ES,Towers with Radar,200,95,9,4,308,0,103,30,1,134,200,198,39,5,442,0,0,0,442
06/13/2014,SJU,PR,ASO,ES,Towers with Radar,207,107,9,0,323,0,126,20,0,146,207,233,29,0,469,0,0,0,469
06/14/2014,SJU,PR,ASO,ES,Towers with Radar,229,57,5,4,295,0,108,28,0,136,229,165,33,4,431,0,0,0,431
06/15/2014,SJU,PR,ASO,ES,Towers with Radar,218,57,7,1,283,0,118,22,0,140,218,175,29,1,423,0,0,0,423
06/16/2014,SJU,PR,ASO,ES,Towers with Radar,198,92,14,2,306,0,99,34,1,134,198,191,48,3,440,0,0,0,440
06/17/2014,SJU,PR,ASO,ES,Towers with Radar,188,84,24,7,303,0,84,32,5,121,188,168,56,12,424,0,0,0,424
06/18/2014,SJU,PR,ASO,ES,Towers with Radar,198,77,19,9,303,0,88,23,0,111,198,165,42,9,414,0,0,0,414
06/19/2014,SJU,PR,ASO,ES,Towers with Radar,196,95,13,10,314,0,95,22,14,131,196,190,35,24,445,0,0,0,445
06/20/2014,SJU,PR,ASO,ES,Towers with Radar,207,117,10,4,338,0,128,27,0,155,207,245,37,4,493,0,0,0,493
06/21/2014,SJU,PR,ASO,ES,Towers with Radar,238,60,11,6,315,0,112,33,1,146,238,172,44,7,461,0,0,0,461
06/22/2014,SJU,PR,ASO,ES,Towers with Radar,231,46,5,2,284,0,110,14,1,125,231,156,19,3,409,0,17,17,426
06/23/2014,SJU,PR,ASO,ES,Towers with Radar,208,97,9,1,315,0,113,17,0,130,208,210,26,1,445,0,0,0,445
06/24/2014,SJU,PR,ASO,ES,Towers with Radar,200,85,12,5,302,0,100,33,0,133,200,185,45,5,435,0,0,0,435
06/25/2014,SJU,PR,ASO,ES,Towers with Radar,208,95,13,7,323,0,118,26,3,147,208,213,39,10,470,0,0,0,470
06/26/2014,SJU,PR,ASO,ES,Towers with Radar,0,0,0,0,0,0,0,0,0,0,0,0,0,0,0,0,0,0,0
06/27/2014,SJU,PR,ASO,ES,Towers with Radar,208,100,12,0,320,0,109,57,0,166,208,209,69,0,486,0,0,0,486
06/28/2014,SJU,PR,ASO,ES,Towers with Radar,249,55,5,1,310,0,120,51,0,171,249,175,56,1,481,0,0,0,481
06/29/2014,SJU,PR,ASO,ES,Towers with Radar,224,54,8,2,288,0,107,19,0,126,224,161,27,2,414,0,0,0,414
06/30/2014,SJU,PR,ASO,ES,Towers with Radar,211,93,6,3,313,0,104,21,1,126,211,197,27,4,439,0,0,0,439
07/01/2014,SJU,PR,ASO,ES,Towers with Radar,200,88,5,6,299,0,87,27,2,116,200,175,32,8,415,0,0,0,415
07/02/2014,SJU,PR,ASO,ES,Towers with Radar,191,89,5,4,289,0,102,22,0,124,191,191,27,4,413,0,0,0,413
07/03/2014,SJU,PR,ASO,ES,Towers with Radar,187,109,13,1,310,0,106,41,1,148,187,215,54,2,458,0,0,0,458
07/04/2014,SJU,PR,ASO,ES,Towers with Radar,211,84,8,1,304,0,96,18,0,114,211,180,26,1,418,0,0,0,418
07/05/2014,SJU,PR,ASO,ES,Towers with Radar,239,54,7,1,301,0,122,28,0,150,239,176,35,1,451,0,0,0,451
07/06/2014,SJU,PR,ASO,ES,Towers with Radar,219,51,12,1,283,0,130,27,0,157,219,181,39,1,440,0,0,0,440
07/07/2014,SJU,PR,ASO,ES,Towers with Radar,62,46,3,0,111,0,39,17,0,56,62,85,20,0,167,0,0,0,167
07/08/2014,SJU,PR,ASO,ES,Towers with Radar,201,83,18,10,312,0,100,25,0,125,201,183,43,10,437,0,0,0,437
07/09/2014,SJU,PR,ASO,ES,Towers with Radar,192,84,4,2,282,0,87,36,1,124,192,171,40,3,406,0,0,0,406
07/10/2014,SJU,PR,ASO,ES,Towers with Radar,197,100,11,2,310,0,95,33,1,129,197,195,44,3,439,0,0,0,439
07/11/2014,SJU,PR,ASO,ES,Towers with Radar,213,104,16,1,334,0,108,25,0,133,213,212,41,1,467,0,0,0,467
07/12/2014,SJU,PR,ASO,ES,Towers with Radar,239,52,4,3,298,0,114,28,0,142,239,166,32,3,440,0,0,0,440
07/13/2014,SJU,PR,ASO,ES,Towers with Radar,221,46,8,10,285,0,118,12,0,130,221,164,20,10,415,0,0,0,415
07/14/2014,SJU,PR,ASO,ES,Towers with Radar,0,0,0,0,0,0,0,0,0,0,0,0,0,0,0,0,0,0,0
07/15/2014,SJU,PR,ASO,ES,Towers with Radar,176,88,20,8,292,0,70,37,0,107,176,158,57,8,399,0,0,0,399
07/16/2014,SJU,PR,ASO,ES,Towers with Radar,197,78,10,12,297,0,101,15,4,120,197,179,25,16,417,0,0,0,417
07/17/2014,SJU,PR,ASO,ES,Towers with Radar,197,102,5,2,306,0,91,42,0,133,197,193,47,2,439,0,0,0,439
07/18/2014,SJU,PR,ASO,ES,Towers with Radar,205,93,15,6,319,0,130,25,0,155,205,223,40,6,474,0,0,0,474
07/19/2014,SJU,PR,ASO,ES,Towers with Radar,245,54,2,2,303,0,125,21,0,146,245,179,23,2,449,0,0,0,449
07/20/2014,SJU,PR,ASO,ES,Towers with Radar,224,61,6,3,294,0,119,12,0,131,224,180,18,3,425,0,0,0,425
07/21/2014,SJU,PR,ASO,ES,Towers with Radar,211,92,5,3,311,0,108,16,1,125,211,200,21,4,436,0,0,0,436
07/22/2014,SJU,PR,ASO,ES,Towers with Radar,202,78,26,7,313,0,84,15,2,101,202,162,41,9,414,0,0,0,414
07/23/2014,SJU,PR,ASO,ES,Towers with Radar,196,81,4,8,289,0,104,34,7,145,196,185,38,15,434,0,0,0,434
07/24/2014,SJU,PR,ASO,ES,Towers with Radar,204,112,12,4,332,0,101,30,1,132,204,213,42,5,464,0,0,0,464
07/25/2014,SJU,PR,ASO,ES,Towers with Radar,219,96,15,3,333,0,133,24,0,157,219,229,39,3,490,0,0,0,490
07/26/2014,SJU,PR,ASO,ES,Towers with Radar,241,56,4,3,304,0,108,26,0,134,241,164,30,3,438,0,0,0,438
07/27/2014,SJU,PR,ASO,ES,Towers with Radar,228,57,9,0,294,0,116,16,0,132,228,173,25,0,426,0,0,0,426
07/28/2014,SJU,PR,ASO,ES,Towers with Radar,228,102,10,1,341,0,112,30,0,142,228,214,40,1,483,0,0,0,483
07/29/2014,SJU,PR,ASO,ES,Towers with Radar,198,94,4,6,302,0,108,25,4,137,198,202,29,10,439,0,0,0,439
07/30/2014,SJU,PR,ASO,ES,Towers with Radar,199,82,6,0,287,0,108,11,0,119,199,190,17,0,406,0,0,0,406
07/31/2014,SJU,PR,ASO,ES,Towers with Radar,200,104,9,6,319,0,116,35,2,153,200,220,44,8,472,0,0,0,472
08/01/2014,SJU,PR,ASO,ES,Towers with Radar,208,101,12,1,322,0,120,31,0,151,208,221,43,1,473,0,0,0,473
08/02/2014,SJU,PR,ASO,ES,Towers with Radar,237,44,7,2,290,0,17,15,0,32,237,61,22,2,322,0,0,0,322
08/03/2014,SJU,PR,ASO,ES,Towers with Radar,224,52,10,1,287,0,109,39,0,148,224,161,49,1,435,0,0,0,435
08/04/2014,SJU,PR,ASO,ES,Towers with Radar,207,103,9,5,324,0,96,20,0,116,207,199,29,5,440,0,0,0,440
08/05/2014,SJU,PR,ASO,ES,Towers with Radar,207,92,14,5,318,0,91,49,22,162,207,183,63,27,480,0,0,0,480
08/06/2014,SJU,PR,ASO,ES,Towers with Radar,196,93,7,5,301,0,93,18,2,113,196,186,25,7,414,0,0,0,414
08/07/2014,SJU,PR,ASO,ES,Towers with Radar,192,101,5,2,300,0,99,21,0,120,192,200,26,2,420,0,0,0,420
08/08/2014,SJU,PR,ASO,ES,Towers with Radar,206,101,15,1,323,0,86,26,0,112,206,187,41,1,435,0,0,0,435
08/09/2014,SJU,PR,ASO,ES,Towers with Radar,216,51,18,4,289,0,107,27,0,134,216,158,45,4,423,0,0,0,423
08/10/2014,SJU,PR,ASO,ES,Towers with Radar,208,49,7,5,269,0,99,5,1,105,208,148,12,6,374,0,0,0,374
08/11/2014,SJU,PR,ASO,ES,Towers with Radar,189,84,8,0,281,0,76,32,0,108,189,160,40,0,389,0,0,0,389
08/12/2014,SJU,PR,ASO,ES,Towers with Radar,178,92,17,8,295,0,78,21,1,100,178,170,38,9,395,0,0,0,395
08/13/2014,SJU,PR,ASO,ES,Towers with Radar,186,72,20,12,290,0,78,32,3,113,186,150,52,15,403,0,0,0,403
08/14/2014,SJU,PR,ASO,ES,Towers with Radar,185,93,13,2,293,0,78,35,5,118,185,171,48,7,411,0,0,0,411
08/15/2014,SJU,PR,ASO,ES,Towers with Radar,177,91,6,0,274,0,109,22,0,131,177,200,28,0,405,0,0,0,405
08/16/2014,SJU,PR,ASO,ES,Towers with Radar,203,64,9,5,281,0,105,19,0,124,203,169,28,5,405,0,0,0,405
08/17/2014,SJU,PR,ASO,ES,Towers with Radar,215,35,8,3,261,0,97,17,1,115,215,132,25,4,376,0,0,0,376
08/18/2014,SJU,PR,ASO,ES,Towers with Radar,183,92,14,13,302,0,80,14,0,94,183,172,28,13,396,26,0,26,422
08/19/2014,SJU,PR,ASO,ES,Towers with Radar,175,98,13,11,297,0,80,17,2,99,175,178,30,13,396,0,0,0,396
08/20/2014,SJU,PR,ASO,ES,Towers with Radar,176,106,18,15,315,0,88,25,2,115,176,194,43,17,430,0,0,0,430
08/21/2014,SJU,PR,ASO,ES,Towers with Radar,182,118,13,8,321,0,78,25,0,103,182,196,38,8,424,0,0,0,424
08/22/2014,SJU,PR,ASO,ES,Towers with Radar,170,137,9,2,318,0,18,0,0,18,170,155,9,2,336,0,0,0,336
08/23/2014,SJU,PR,ASO,ES,Towers with Radar,190,70,8,0,268,0,40,15,0,55,190,110,23,0,323,0,0,0,323
08/24/2014,SJU,PR,ASO,ES,Towers with Radar,160,46,9,1,216,0,101,8,0,109,160,147,17,1,325,0,0,0,325
08/25/2014,SJU,PR,ASO,ES,Towers with Radar,167,78,18,2,265,0,85,39,0,124,167,163,57,2,389,0,0,0,389
08/26/2014,SJU,PR,ASO,ES,Towers with Radar,169,70,20,10,269,0,87,48,8,143,169,157,68,18,412,0,0,0,412
08/27/2014,SJU,PR,ASO,ES,Towers with Radar,171,70,15,5,261,0,80,34,7,121,171,150,49,12,382,0,0,0,382
08/28/2014,SJU,PR,ASO,ES,Towers with Radar,174,101,9,2,286,0,71,18,2,91,174,172,27,4,377,0,0,0,377
08/29/2014,SJU,PR,ASO,ES,Towers with Radar,171,116,11,2,300,0,87,27,3,117,171,203,38,5,417,0,0,0,417
08/30/2014,SJU,PR,ASO,ES,Towers with Radar,179,62,5,0,246,0,77,18,0,95,179,139,23,0,341,0,0,0,341
08/31/2014,SJU,PR,ASO,ES,Towers with Radar,173,48,6,7,234,0,84,11,0,95,173,132,17,7,329,0,0,0,329
09/01/2014,SJU,PR,ASO,ES,Towers with Radar,162,58,4,0,224,0,95,7,0,102,162,153,11,0,326,0,0,0,326
09/02/2014,SJU,PR,ASO,ES,Towers with Radar,161,79,4,6,250,0,82,27,0,109,161,161,31,6,359,0,0,0,359
09/03/2014,SJU,PR,ASO,ES,Towers with Radar,157,68,11,13,249,0,86,34,8,128,157,154,45,21,377,0,0,0,377
09/04/2014,SJU,PR,ASO,ES,Towers with Radar,145,89,10,4,248,0,69,32,1,102,145,158,42,5,350,0,0,0,350
09/05/2014,SJU,PR,ASO,ES,Towers with Radar,150,98,5,2,255,0,75,16,0,91,150,173,21,2,346,0,0,0,346
09/06/2014,SJU,PR,ASO,ES,Towers with Radar,154,53,8,5,220,0,74,23,1,98,154,127,31,6,318,0,0,0,318
09/07/2014,SJU,PR,ASO,ES,Towers with Radar,152,54,3,10,219,0,57,10,1,68,152,111,13,11,287,0,0,0,287
09/08/2014,SJU,PR,ASO,ES,Towers with Radar,139,95,8,2,244,0,65,15,0,80,139,160,23,2,324,0,0,0,324
09/09/2014,SJU,PR,ASO,ES,Towers with Radar,142,81,7,6,236,0,70,25,15,110,142,151,32,21,346,0,0,0,346
09/10/2014,SJU,PR,ASO,ES,Towers with Radar,134,71,12,12,229,0,69,30,5,104,134,140,42,17,333,0,10,10,343
09/11/2014,SJU,PR,ASO,ES,Towers with Radar,157,102,6,6,271,0,61,29,1,91,157,163,35,7,362,0,8,8,370
09/12/2014,SJU,PR,ASO,ES,Towers with Radar,146,98,9,3,256,0,68,24,2,94,146,166,33,5,350,9,0,9,359
09/13/2014,SJU,PR,ASO,ES,Towers with Radar,146,45,2,1,194,0,74,11,0,85,146,119,13,1,279,0,0,0,279
09/14/2014,SJU,PR,ASO,ES,Towers with Radar,144,40,13,2,199,0,61,6,0,67,144,101,19,2,266,0,0,0,266
09/15/2014,SJU,PR,ASO,ES,Towers with Radar,137,82,5,1,225,0,68,18,0,86,137,150,23,1,311,0,0,0,311
09/16/2014,SJU,PR,ASO,ES,Towers with Radar,137,81,14,5,237,0,73,31,0,104,137,154,45,5,341,0,0,0,341
09/17/2014,SJU,PR,ASO,ES,Towers with Radar,142,78,25,2,247,0,80,29,2,111,142,158,54,4,358,0,0,0,358
09/18/2014,SJU,PR,ASO,ES,Towers with Radar,151,96,10,1,258,0,74,17,2,93,151,170,27,3,351,8,0,8,359
09/19/2014,SJU,PR,ASO,ES,Towers with Radar,144,86,6,5,241,0,79,17,3,99,144,165,23,8,340,0,0,0,340
09/20/2014,SJU,PR,ASO,ES,Towers with Radar,158,52,5,2,217,0,74,13,0,87,158,126,18,2,304,0,0,0,304
09/21/2014,SJU,PR,ASO,ES,Towers with Radar,161,38,5,2,206,0,68,5,0,73,161,106,10,2,279,0,0,0,279
09/22/2014,SJU,PR,ASO,ES,Towers with Radar,140,87,7,8,242,0,74,15,1,90,140,161,22,9,332,0,0,0,332
09/23/2014,SJU,PR,ASO,ES,Towers with Radar,142,76,13,2,233,0,77,24,0,101,142,153,37,2,334,0,0,0,334
09/24/2014,SJU,PR,ASO,ES,Towers with Radar,152,78,13,0,243,0,84,22,0,106,152,162,35,0,349,0,0,0,349
09/25/2014,SJU,PR,ASO,ES,Towers with Radar,152,96,11,2,261,7,54,15,0,76,159,150,26,2,337,0,0,0,337
09/26/2014,SJU,PR,ASO,ES,Towers with Radar,151,108,7,0,266,6,62,18,0,86,157,170,25,0,352,0,0,0,352
09/27/2014,SJU,PR,ASO,ES,Towers with Radar,150,64,7,9,230,0,77,25,6,108,150,141,32,15,338,0,0,0,338
09/28/2014,SJU,PR,ASO,ES,Towers with Radar,158,47,12,0,217,0,80,16,0,96,158,127,28,0,313,0,0,0,313
09/29/2014,SJU,PR,ASO,ES,Towers with Radar,138,92,6,1,237,0,73,25,1,99,138,165,31,2,336,0,0,0,336
09/30/2014,SJU,PR,ASO,ES,Towers with Radar,148,73,11,0,232,0,75,22,0,97,148,148,33,0,329,0,0,0,329
10/01/2014,SJU,PR,ASO,ES,Towers with Radar,143,77,12,13,245,0,69,23,7,99,143,146,35,20,344,0,0,0,344
10/02/2014,SJU,PR,ASO,ES,Towers with Radar,152,89,5,0,246,0,81,33,0,114,152,170,38,0,360,0,0,0,360
10/03/2014,SJU,PR,ASO,ES,Towers with Radar,140,97,9,3,249,0,92,28,0,120,140,189,37,3,369,0,0,0,369
10/04/2014,SJU,PR,ASO,ES,Towers with Radar,154,46,6,2,208,0,83,18,0,101,154,129,24,2,309,0,0,0,309
10/05/2014,SJU,PR,ASO,ES,Towers with Radar,0,0,0,0,0,0,0,0,0,0,0,0,0,0,0,0,0,0,0
10/06/2014,SJU,PR,ASO,ES,Towers with Radar,137,87,5,0,229,0,70,20,0,90,137,157,25,0,319,8,0,8,327
10/07/2014,SJU,PR,ASO,ES,Towers with Radar,137,79,14,1,231,0,80,25,0,105,137,159,39,1,336,0,0,0,336
10/08/2014,SJU,PR,ASO,ES,Towers with Radar,136,89,17,9,251,0,87,33,5,125,136,176,50,14,376,0,0,0,376
10/09/2014,SJU,PR,ASO,ES,Towers with Radar,152,83,18,5,258,0,86,37,2,125,152,169,55,7,383,0,4,4,387
10/10/2014,SJU,PR,ASO,ES,Towers with Radar,146,99,6,0,251,0,88,21,0,109,146,187,27,0,360,0,0,0,360
10/11/2014,SJU,PR,ASO,ES,Towers with Radar,164,55,5,6,230,0,80,26,0,106,164,135,31,6,336,0,0,0,336
10/12/2014,SJU,PR,ASO,ES,Towers with Radar,151,46,7,0,204,0,95,8,0,103,151,141,15,0,307,0,0,0,307
10/13/2014,SJU,PR,ASO,ES,Towers with Radar,137,56,11,4,208,7,53,34,0,94,144,109,45,4,302,0,0,0,302
10/14/2014,SJU,PR,ASO,ES,Towers with Radar,143,100,5,5,253,0,60,30,1,91,143,160,35,6,344,0,0,0,344
10/15/2014,SJU,PR,ASO,ES,Towers with Radar,152,85,17,17,271,0,102,27,0,129,152,187,44,17,400,0,0,0,400
10/16/2014,SJU,PR,ASO,ES,Towers with Radar,152,108,21,6,287,0,75,48,34,157,152,183,69,40,444,0,0,0,444
10/17/2014,SJU,PR,ASO,ES,Towers with Radar,151,101,18,6,276,0,104,33,1,138,151,205,51,7,414,0,0,0,414
10/18/2014,SJU,PR,ASO,ES,Towers with Radar,165,47,10,5,227,0,96,22,32,150,165,143,32,37,377,0,0,0,377
10/19/2014,SJU,PR,ASO,ES,Towers with Radar,160,39,10,6,215,0,85,25,1,111,160,124,35,7,326,0,0,0,326
10/20/2014,SJU,PR,ASO,ES,Towers with Radar,132,66,6,0,204,0,93,23,0,116,132,159,29,0,320,0,0,0,320
10/21/2014,SJU,PR,ASO,ES,Towers with Radar,143,83,19,5,250,0,85,38,7,130,143,168,57,12,380,0,0,0,380
10/22/2014,SJU,PR,ASO,ES,Towers with Radar,133,104,16,5,258,0,57,21,0,78,133,161,37,5,336,0,0,0,336
10/23/2014,SJU,PR,ASO,ES,Towers with Radar,158,100,15,3,276,0,92,23,30,145,158,192,38,33,421,0,0,0,421
10/24/2014,SJU,PR,ASO,ES,Towers with Radar,144,113,11,2,270,0,85,22,11,118,144,198,33,13,388,0,0,0,388
10/25/2014,SJU,PR,ASO,ES,Towers with Radar,163,51,11,2,227,0,96,22,1,119,163,147,33,3,346,0,0,0,346
10/26/2014,SJU,PR,ASO,ES,Towers with Radar,160,55,13,6,234,0,90,22,6,118,160,145,35,12,352,0,0,0,352
10/27/2014,SJU,PR,ASO,ES,Towers with Radar,143,90,7,1,241,0,89,21,0,110,143,179,28,1,351,0,0,0,351
10/28/2014,SJU,PR,ASO,ES,Towers with Radar,146,86,8,2,242,0,90,28,0,118,146,176,36,2,360,0,0,0,360
10/29/2014,SJU,PR,ASO,ES,Towers with Radar,147,86,18,7,258,0,73,37,3,113,147,159,55,10,371,0,0,0,371
10/30/2014,SJU,PR,ASO,ES,Towers with Radar,165,109,9,2,285,0,163,23,5,191,165,272,32,7,476,0,0,0,476
10/31/2014,SJU,PR,ASO,ES,Towers with Radar,140,102,19,3,264,0,86,35,2,123,140,188,54,5,387,0,0,0,387
11/01/2014,SJU,PR,ASO,ES,Towers with Radar,157,55,7,1,220,0,87,35,2,124,157,142,42,3,344,0,0,0,344
11/02/2014,SJU,PR,ASO,ES,Towers with Radar,173,49,19,3,244,0,103,22,0,125,173,152,41,3,369,0,0,0,369
11/03/2014,SJU,PR,ASO,ES,Towers with Radar,154,103,9,3,269,12,81,34,0,127,166,184,43,3,396,0,0,0,396
11/04/2014,SJU,PR,ASO,ES,Towers with Radar,162,119,9,4,294,0,45,13,0,58,162,164,22,4,352,0,0,0,352
11/05/2014,SJU,PR,ASO,ES,Towers with Radar,148,115,11,18,292,0,105,22,0,127,148,220,33,18,419,0,0,0,419
11/06/2014,SJU,PR,ASO,ES,Towers with Radar,172,106,26,1,305,0,95,59,7,161,172,201,85,8,466,0,10,10,476
11/07/2014,SJU,PR,ASO,ES,Towers with Radar,167,103,24,9,303,0,5,4,0,9,167,108,28,9,312,0,0,0,312
11/08/2014,SJU,PR,ASO,ES,Towers with Radar,184,63,22,1,270,0,131,42,0,173,184,194,64,1,443,0,0,0,443
11/09/2014,SJU,PR,ASO,ES,Towers with Radar,177,55,9,6,247,0,86,29,8,123,177,141,38,14,370,0,0,0,370
11/10/2014,SJU,PR,ASO,ES,Towers with Radar,178,87,6,4,275,0,91,43,0,134,178,178,49,4,409,0,0,0,409
11/11/2014,SJU,PR,ASO,ES,Towers with Radar,138,68,24,2,232,0,66,30,0,96,138,134,54,2,328,0,0,0,328
11/12/2014,SJU,PR,ASO,ES,Towers with Radar,169,104,26,5,304,0,97,36,3,136,169,201,62,8,440,0,0,0,440
11/13/2014,SJU,PR,ASO,ES,Towers with Radar,169,104,26,5,304,0,95,38,4,137,169,199,64,9,441,0,0,0,441
11/14/2014,SJU,PR,ASO,ES,Towers with Radar,160,116,11,3,290,0,115,45,0,160,160,231,56,3,450,0,0,0,450
11/15/2014,SJU,PR,ASO,ES,Towers with Radar,171,54,8,2,235,0,113,17,0,130,171,167,25,2,365,0,0,0,365
11/16/2014,SJU,PR,ASO,ES,Towers with Radar,183,47,6,1,237,0,103,21,6,130,183,150,27,7,367,0,0,0,367
11/17/2014,SJU,PR,ASO,ES,Towers with Radar,150,106,10,2,268,0,99,24,0,123,150,205,34,2,391,0,0,0,391
11/18/2014,SJU,PR,ASO,ES,Towers with Radar,170,98,24,3,295,0,93,37,1,131,170,191,61,4,426,0,0,0,426
11/19/2014,SJU,PR,ASO,ES,Towers with Radar,179,88,15,6,288,0,84,33,1,118,179,172,48,7,406,0,0,0,406
11/20/2014,SJU,PR,ASO,ES,Towers with Radar,173,113,12,9,307,0,88,38,2,128,173,201,50,11,435,0,0,0,435
11/21/2014,SJU,PR,ASO,ES,Towers with Radar,170,112,16,8,306,0,137,55,5,197,170,249,71,13,503,0,0,0,503
11/22/2014,SJU,PR,ASO,ES,Towers with Radar,196,92,8,4,300,10,122,37,0,169,206,214,45,4,469,0,0,0,469
11/23/2014,SJU,PR,ASO,ES,Towers with Radar,209,44,8,0,261,0,117,48,0,165,209,161,56,0,426,0,0,0,426
11/24/2014,SJU,PR,ASO,ES,Towers with Radar,169,111,11,9,300,0,77,16,8,101,169,188,27,17,401,0,0,0,401
11/25/2014,SJU,PR,ASO,ES,Towers with Radar,182,104,29,6,321,0,87,47,18,152,182,191,76,24,473,0,0,0,473
11/26/2014,SJU,PR,ASO,ES,Towers with Radar,193,115,21,0,329,0,102,42,0,144,193,217,63,0,473,0,0,0,473
11/27/2014,SJU,PR,ASO,ES,Towers with Radar,156,100,3,2,261,0,94,8,2,104,156,194,11,4,365,0,0,0,365
11/28/2014,SJU,PR,ASO,ES,Towers with Radar,158,117,13,1,289,0,112,24,0,136,158,229,37,1,425,0,0,0,425
11/29/2014,SJU,PR,ASO,ES,Towers with Radar,186,77,15,1,279,0,166,37,0,203,186,243,52,1,482,0,0,0,482
11/30/2014,SJU,PR,ASO,ES,Towers with Radar,217,70,11,0,298,0,161,35,0,196,217,231,46,0,494,0,0,0,494
12/01/2014,SJU,PR,ASO,ES,Towers with Radar,187,108,13,1,309,0,122,27,0,149,187,230,40,1,458,0,0,0,458
12/02/2014,SJU,PR,ASO,ES,Towers with Radar,175,94,14,3,286,0,91,49,0,140,175,185,63,3,426,0,0,0,426
12/03/2014,SJU,PR,ASO,ES,Towers with Radar,154,91,21,2,268,0,94,44,1,139,154,185,65,3,407,0,0,0,407
12/04/2014,SJU,PR,ASO,ES,Towers with Radar,176,116,17,11,320,0,93,48,16,157,176,209,65,27,477,0,13,13,490
12/05/2014,SJU,PR,ASO,ES,Towers with Radar,170,119,15,1,305,0,104,29,0,133,170,223,44,1,438,0,0,0,438
12/06/2014,SJU,PR,ASO,ES,Towers with Radar,198,65,11,0,274,0,117,23,0,140,198,182,34,0,414,0,0,0,414
12/07/2014,SJU,PR,ASO,ES,Towers with Radar,179,54,7,5,245,0,108,11,2,121,179,162,18,7,366,0,0,0,366
12/08/2014,SJU,PR,ASO,ES,Towers with Radar,164,114,17,1,296,0,113,40,0,153,164,227,57,1,449,0,0,0,449
12/09/2014,SJU,PR,ASO,ES,Towers with Radar,168,100,13,4,285,0,87,32,7,126,168,187,45,11,411,0,0,0,411
12/10/2014,SJU,PR,ASO,ES,Towers with Radar,171,91,13,10,285,0,93,32,33,158,171,184,45,43,443,0,0,0,443
12/11/2014,SJU,PR,ASO,ES,Towers with Radar,170,107,15,6,298,0,95,37,0,132,170,202,52,6,430,0,0,0,430
12/12/2014,SJU,PR,ASO,ES,Towers with Radar,186,124,24,2,336,0,100,40,0,140,186,224,64,2,476,0,0,0,476
12/13/2014,SJU,PR,ASO,ES,Towers with Radar,196,62,5,3,266,0,106,34,0,140,196,168,39,3,406,0,0,0,406
12/14/2014,SJU,PR,ASO,ES,Towers with Radar,198,23,8,2,231,0,104,31,1,136,198,127,39,3,367,0,0,0,367
12/15/2014,SJU,PR,ASO,ES,Towers with Radar,182,123,9,2,316,0,124,32,0,156,182,247,41,2,472,0,0,0,472
12/16/2014,SJU,PR,ASO,ES,Towers with Radar,181,142,18,3,344,0,48,13,2,63,181,190,31,5,407,0,0,0,407
12/17/2014,SJU,PR,ASO,ES,Towers with Radar,200,87,18,7,312,0,95,38,5,138,200,182,56,12,450,0,0,0,450
12/18/2014,SJU,PR,ASO,ES,Towers with Radar,212,129,20,9,370,0,98,44,6,148,212,227,64,15,518,0,0,0,518
12/19/2014,SJU,PR,ASO,ES,Towers with Radar,215,114,20,4,353,0,159,45,2,206,215,273,65,6,559,0,0,0,559
12/20/2014,SJU,PR,ASO,ES,Towers with Radar,250,71,25,1,347,0,199,64,0,263,250,270,89,1,610,0,0,0,610
12/21/2014,SJU,PR,ASO,ES,Towers with Radar,233,65,26,1,325,0,170,33,0,203,233,235,59,1,528,0,0,0,528
12/22/2014,SJU,PR,ASO,ES,Towers with Radar,213,109,11,0,333,0,152,26,0,178,213,261,37,0,511,0,0,0,511
12/23/2014,SJU,PR,ASO,ES,Towers with Radar,220,97,26,1,344,0,139,48,1,188,220,236,74,2,532,0,0,0,532
12/24/2014,SJU,PR,ASO,ES,Towers with Radar,208,110,14,1,333,0,117,40,0,157,208,227,54,1,490,0,0,0,490
12/25/2014,SJU,PR,ASO,ES,Towers with Radar,206,56,17,3,282,0,133,24,0,157,206,189,41,3,439,0,0,0,439
12/26/2014,SJU,PR,ASO,ES,Towers with Radar,222,98,32,0,352,0,210,54,0,264,222,308,86,0,616,0,0,0,616
12/27/2014,SJU,PR,ASO,ES,Towers with Radar,262,78,40,1,381,0,237,80,0,317,262,315,120,1,698,0,0,0,698
12/28/2014,SJU,PR,ASO,ES,Towers with Radar,258,63,19,1,341,0,176,67,0,243,258,239,86,1,584,0,0,0,584
12/29/2014,SJU,PR,ASO,ES,Towers with Radar,217,119,27,0,363,0,156,44,0,200,217,275,71,0,563,0,0,0,563
12/30/2014,SJU,PR,ASO,ES,Towers with Radar,233,90,28,0,351,0,135,51,0,186,233,225,79,0,537,0,0,0,537
12/31/2014,SJU,PR,ASO,ES,Towers with Radar,217,72,26,4,319,0,123,42,2,167,217,195,68,6,486,0,0,0,486
01/01/2015,SJU,PR,ASO,ES,Towers with Radar,219,57,30,0,306,0,127,7,0,134,219,184,37,0,440,0,0,0,440
01/02/2015,SJU,PR,ASO,ES,Towers with Radar,217,126,35,11,389,0,215,52,1,268,217,341,87,12,657,0,0,0,657
01/03/2015,SJU,PR,ASO,ES,Towers with Radar,266,95,33,4,398,0,247,99,0,346,266,342,132,4,744,0,0,0,744
01/04/2015,SJU,PR,ASO,ES,Towers with Radar,239,70,31,3,343,0,242,77,0,319,239,312,108,3,662,0,0,0,662
01/05/2015,SJU,PR,ASO,ES,Towers with Radar,222,94,24,1,341,0,188,32,2,222,222,282,56,3,563,0,0,0,563
01/06/2015,SJU,PR,ASO,ES,Towers with Radar,194,82,8,5,289,0,128,45,0,173,194,210,53,5,462,0,0,0,462
01/07/2015,SJU,PR,ASO,ES,Towers with Radar,203,106,13,1,323,0,122,22,0,144,203,228,35,1,467,0,0,0,467
01/08/2015,SJU,PR,ASO,ES,Towers with Radar,202,105,16,0,323,0,112,61,2,175,202,217,77,2,498,12,0,12,510
01/09/2015,SJU,PR,ASO,ES,Towers with Radar,193,105,12,1,311,0,148,35,0,183,193,253,47,1,494,0,0,0,494
01/10/2015,SJU,PR,ASO,ES,Towers with Radar,222,54,8,2,286,0,160,26,0,186,222,214,34,2,472,0,0,0,472
01/11/2015,SJU,PR,ASO,ES,Towers with Radar,211,56,10,1,278,0,130,34,0,164,211,186,44,1,442,0,0,0,442
01/12/2015,SJU,PR,ASO,ES,Towers with Radar,178,81,5,0,264,0,116,23,1,140,178,197,28,1,404,0,0,0,404
01/13/2015,SJU,PR,ASO,ES,Towers with Radar,165,94,10,10,279,0,110,32,0,142,165,204,42,10,421,0,0,0,421
01/14/2015,SJU,PR,ASO,ES,Towers with Radar,166,84,26,4,280,0,130,34,1,165,166,214,60,5,445,0,0,0,445
01/15/2015,SJU,PR,ASO,ES,Towers with Radar,177,99,23,0,299,0,127,44,4,175,177,226,67,4,474,0,0,0,474
01/16/2015,SJU,PR,ASO,ES,Towers with Radar,174,114,24,0,312,0,139,31,1,171,174,253,55,1,483,0,0,0,483
01/17/2015,SJU,PR,ASO,ES,Towers with Radar,195,58,9,1,263,0,155,23,0,178,195,213,32,1,441,0,0,0,441
01/18/2015,SJU,PR,ASO,ES,Towers with Radar,183,55,13,9,260,0,122,21,4,147,183,177,34,13,407,0,0,0,407
01/19/2015,SJU,PR,ASO,ES,Towers with Radar,166,108,15,1,290,0,129,17,1,147,166,237,32,2,437,0,0,0,437
01/20/2015,SJU,PR,ASO,ES,Towers with Radar,155,106,12,1,274,0,123,33,0,156,155,229,45,1,430,0,0,0,430
01/21/2015,SJU,PR,ASO,ES,Towers with Radar,166,89,24,11,290,0,111,39,6,156,166,200,63,17,446,0,0,0,446
01/22/2015,SJU,PR,ASO,ES,Towers with Radar,164,116,26,3,309,0,119,25,7,151,164,235,51,10,460,0,0,0,460
01/23/2015,SJU,PR,ASO,ES,Towers with Radar,166,106,19,0,291,0,145,28,0,173,166,251,47,0,464,0,0,0,464
01/24/2015,SJU,PR,ASO,ES,Towers with Radar,200,59,10,8,277,0,170,25,0,195,200,229,35,8,472,0,0,0,472
01/25/2015,SJU,PR,ASO,ES,Towers with Radar,185,48,12,12,257,0,140,34,11,185,185,188,46,23,442,0,0,0,442
01/26/2015,SJU,PR,ASO,ES,Towers with Radar,146,102,9,1,258,0,126,20,0,146,146,228,29,1,404,0,0,0,404
01/27/2015,SJU,PR,ASO,ES,Towers with Radar,128,92,24,5,249,0,115,39,0,154,128,207,63,5,403,0,0,0,403
01/28/2015,SJU,PR,ASO,ES,Towers with Radar,159,89,14,9,271,0,142,29,7,178,159,231,43,16,449,0,0,0,449
01/29/2015,SJU,PR,ASO,ES,Towers with Radar,184,101,9,4,298,0,138,39,1,178,184,239,48,5,476,0,0,0,476
01/30/2015,SJU,PR,ASO,ES,Towers with Radar,168,118,16,3,305,0,135,36,2,173,168,253,52,5,478,0,0,0,478
01/31/2015,SJU,PR,ASO,ES,Towers with Radar,215,51,19,1,286,0,177,21,0,198,215,228,40,1,484,0,0,0,484
02/01/2015,SJU,PR,ASO,ES,Towers with Radar,186,46,12,0,244,0,135,18,0,153,186,181,30,0,397,0,0,0,397
02/02/2015,SJU,PR,ASO,ES,Towers with Radar,164,84,17,1,266,0,135,32,0,167,164,219,49,1,433,0,0,0,433
02/03/2015,SJU,PR,ASO,ES,Towers with Radar,159,80,9,1,249,0,122,30,11,163,159,202,39,12,412,0,0,0,412
02/04/2015,SJU,PR,ASO,ES,Towers with Radar,167,86,11,10,274,0,123,32,0,155,167,209,43,10,429,0,0,0,429
02/05/2015,SJU,PR,ASO,ES,Towers with Radar,171,109,18,13,311,0,131,27,0,158,171,240,45,13,469,0,0,0,469
02/06/2015,SJU,PR,ASO,ES,Towers with Radar,159,112,11,1,283,0,154,23,0,177,159,266,34,1,460,0,0,0,460
02/07/2015,SJU,PR,ASO,ES,Towers with Radar,190,65,11,11,277,0,193,37,2,232,190,258,48,13,509,0,0,0,509
02/08/2015,SJU,PR,ASO,ES,Towers with Radar,188,53,16,11,268,0,135,11,3,149,188,188,27,14,417,0,0,0,417
02/09/2015,SJU,PR,ASO,ES,Towers with Radar,168,87,6,0,261,0,128,21,0,149,168,215,27,0,410,0,0,0,410
02/10/2015,SJU,PR,ASO,ES,Towers with Radar,158,94,24,1,277,0,115,51,1,167,158,209,75,2,444,0,0,0,444
02/11/2015,SJU,PR,ASO,ES,Towers with Radar,183,84,14,7,288,0,137,20,34,191,183,221,34,41,479,0,0,0,479
02/12/2015,SJU,PR,ASO,ES,Towers with Radar,176,119,27,8,330,0,134,30,2,166,176,253,57,10,496,0,0,0,496
02/13/2015,SJU,PR,ASO,ES,Towers with Radar,181,144,20,2,347,0,138,40,2,180,181,282,60,4,527,0,0,0,527
02/14/2015,SJU,PR,ASO,ES,Towers with Radar,222,79,16,1,318,0,202,42,0,244,222,281,58,1,562,0,0,0,562
02/15/2015,SJU,PR,ASO,ES,Towers with Radar,188,73,9,3,273,0,134,29,2,165,188,207,38,5,438,0,0,0,438
02/16/2015,SJU,PR,ASO,ES,Towers with Radar,182,124,19,0,325,0,91,38,0,129,182,215,57,0,454,0,0,0,454
02/17/2015,SJU,PR,ASO,ES,Towers with Radar,173,98,20,6,297,0,127,45,3,175,173,225,65,9,472,0,0,0,472
02/18/2015,SJU,PR,ASO,ES,Towers with Radar,180,99,16,6,301,0,126,43,1,170,180,225,59,7,471,0,0,0,471
02/19/2015,SJU,PR,ASO,ES,Towers with Radar,0,0,0,0,0,0,0,0,0,0,0,0,0,0,0,0,0,0,0
02/20/2015,SJU,PR,ASO,ES,Towers with Radar,180,110,23,6,319,0,172,30,0,202,180,282,53,6,521,0,0,0,521
02/21/2015,SJU,PR,ASO,ES,Towers with Radar,220,80,14,3,317,0,182,62,0,244,220,262,76,3,561,0,0,0,561
02/22/2015,SJU,PR,ASO,ES,Towers with Radar,201,73,20,5,299,0,156,32,0,188,201,229,52,5,487,0,0,0,487
02/23/2015,SJU,PR,ASO,ES,Towers with Radar,191,91,12,2,296,0,153,25,0,178,191,244,37,2,474,0,0,0,474
02/24/2015,SJU,PR,ASO,ES,Towers with Radar,172,94,18,11,295,0,131,37,0,168,172,225,55,11,463,0,0,0,463
02/25/2015,SJU,PR,ASO,ES,Towers with Radar,171,88,16,12,287,0,118,33,1,152,171,206,49,13,439,0,0,0,439
02/26/2015,SJU,PR,ASO,ES,Towers with Radar,177,100,20,7,304,0,128,35,2,165,177,228,55,9,469,0,0,0,469
02/27/2015,SJU,PR,ASO,ES,Towers with Radar,171,111,14,2,298,0,142,28,0,170,171,253,42,2,468,0,0,0,468
02/28/2015,SJU,PR,ASO,ES,Towers with Radar,213,86,16,9,324,0,160,67,0,227,213,246,83,9,551,0,0,0,551
03/01/2015,SJU,PR,ASO,ES,Towers with Radar,191,68,8,5,272,0,171,23,10,204,191,239,31,15,476,0,0,0,476
03/02/2015,SJU,PR,ASO,ES,Towers with Radar,176,116,16,0,308,0,134,20,0,154,176,250,36,0,462,0,0,0,462
03/03/2015,SJU,PR,ASO,ES,Towers with Radar,184,88,27,6,305,0,131,57,0,188,184,219,84,6,493,0,0,0,493
03/04/2015,SJU,PR,ASO,ES,Towers with Radar,170,85,15,6,276,0,129,47,7,183,170,214,62,13,459,0,0,0,459
03/05/2015,SJU,PR,ASO,ES,Towers with Radar,151,102,26,4,283,0,119,38,2,159,151,221,64,6,442,0,0,0,442
03/06/2015,SJU,PR,ASO,ES,Towers with Radar,177,118,16,3,314,0,186,42,0,228,177,304,58,3,542,0,0,0,542
03/07/2015,SJU,PR,ASO,ES,Towers with Radar,212,73,12,6,303,0,193,37,0,230,212,266,49,6,533,0,0,0,533
03/08/2015,SJU,PR,ASO,ES,Towers with Radar,216,56,19,7,298,0,159,34,1,194,216,215,53,8,492,0,0,0,492
03/09/2015,SJU,PR,ASO,ES,Towers with Radar,190,97,12,2,301,0,149,22,1,172,190,246,34,3,473,0,0,0,473
03/10/2015,SJU,PR,ASO,ES,Towers with Radar,181,92,18,8,299,0,138,39,0,177,181,230,57,8,476,0,0,0,476
03/11/2015,SJU,PR,ASO,ES,Towers with Radar,167,114,15,13,309,0,120,24,1,145,167,234,39,14,454,0,0,0,454
03/12/2015,SJU,PR,ASO,ES,Towers with Radar,182,117,33,9,341,0,168,46,0,214,182,285,79,9,555,0,0,0,555
03/13/2015,SJU,PR,ASO,ES,Towers with Radar,179,127,8,2,316,0,151,24,1,176,179,278,32,3,492,0,0,0,492
03/14/2015,SJU,PR,ASO,ES,Towers with Radar,210,76,18,6,310,0,188,60,0,248,210,264,78,6,558,0,0,0,558
03/15/2015,SJU,PR,ASO,ES,Towers with Radar,201,66,22,12,301,0,154,30,6,190,201,220,52,18,491,0,0,0,491
03/16/2015,SJU,PR,ASO,ES,Towers with Radar,184,120,17,9,330,0,146,51,0,197,184,266,68,9,527,0,0,0,527
03/17/2015,SJU,PR,ASO,ES,Towers with Radar,167,105,28,11,311,0,161,46,0,207,167,266,74,11,518,0,0,0,518
03/18/2015,SJU,PR,ASO,ES,Towers with Radar,177,93,12,5,287,0,142,37,4,183,177,235,49,9,470,0,0,0,470
03/19/2015,SJU,PR,ASO,ES,Towers with Radar,173,103,11,11,298,0,134,30,5,169,173,237,41,16,467,0,0,0,467
03/20/2015,SJU,PR,ASO,ES,Towers with Radar,174,164,28,6,372,0,181,26,0,207,174,345,54,6,579,0,0,0,579
03/21/2015,SJU,PR,ASO,ES,Towers with Radar,208,64,20,9,301,0,219,54,0,273,208,283,74,9,574,0,0,0,574
03/22/2015,SJU,PR,ASO,ES,Towers with Radar,208,49,15,4,276,0,176,51,0,227,208,225,66,4,503,0,0,0,503
03/23/2015,SJU,PR,ASO,ES,Towers with Radar,170,109,11,4,294,0,158,28,3,189,170,267,39,7,483,0,0,0,483
03/24/2015,SJU,PR,ASO,ES,Towers with Radar,170,81,19,2,272,0,136,34,1,171,170,217,53,3,443,0,0,0,443
03/25/2015,SJU,PR,ASO,ES,Towers with Radar,174,88,15,5,282,0,124,22,6,152,174,212,37,11,434,0,0,0,434
03/26/2015,SJU,PR,ASO,ES,Towers with Radar,176,113,28,8,325,0,140,56,1,197,176,253,84,9,522,7,7,14,536
03/27/2015,SJU,PR,ASO,ES,Towers with Radar,191,117,17,1,326,0,139,63,4,206,191,256,80,5,532,0,0,0,532
03/28/2015,SJU,PR,ASO,ES,Towers with Radar,217,71,33,1,322,0,190,51,0,241,217,261,84,1,563,0,0,0,563
03/29/2015,SJU,PR,ASO,ES,Towers with Radar,227,40,14,0,281,0,160,37,1,198,227,200,51,1,479,0,0,0,479
03/30/2015,SJU,PR,ASO,ES,Towers with Radar,184,110,11,2,307,0,144,27,0,171,184,254,38,2,478,0,0,0,478
03/31/2015,SJU,PR,ASO,ES,Towers with Radar,176,85,13,5,279,0,113,33,4,150,176,198,46,9,429,0,0,0,429
04/01/2015,SJU,PR,ASO,ES,Towers with Radar,176,109,29,5,319,0,124,42,3,169,176,233,71,8,488,0,0,0,488
04/02/2015,SJU,PR,ASO,ES,Towers with Radar,184,109,13,0,306,0,145,56,0,201,184,254,69,0,507,0,0,0,507
04/03/2015,SJU,PR,ASO,ES,Towers with Radar,185,65,7,4,261,0,161,22,1,184,185,226,29,5,445,0,0,0,445
04/04/2015,SJU,PR,ASO,ES,Towers with Radar,247,79,9,7,342,0,150,43,4,197,247,229,52,11,539,0,0,0,539
04/05/2015,SJU,PR,ASO,ES,Towers with Radar,228,51,10,2,291,0,153,38,0,191,228,204,48,2,482,0,0,0,482
04/06/2015,SJU,PR,ASO,ES,Towers with Radar,188,98,8,0,294,0,154,38,0,192,188,252,46,0,486,0,0,0,486
04/07/2015,SJU,PR,ASO,ES,Towers with Radar,175,108,19,2,304,0,141,48,0,189,175,249,67,2,493,0,0,0,493
04/08/2015,SJU,PR,ASO,ES,Towers with Radar,187,94,31,6,318,0,119,46,0,165,187,213,77,6,483,0,0,0,483
04/09/2015,SJU,PR,ASO,ES,Towers with Radar,181,104,17,2,304,0,118,28,2,148,181,222,45,4,452,0,0,0,452
04/10/2015,SJU,PR,ASO,ES,Towers with Radar,192,126,10,1,329,0,144,27,3,174,192,270,37,4,503,0,0,0,503
04/11/2015,SJU,PR,ASO,ES,Towers with Radar,216,64,21,4,305,0,181,54,1,236,216,245,75,5,541,0,0,0,541
04/12/2015,SJU,PR,ASO,ES,Towers with Radar,203,66,17,5,291,0,153,51,2,206,203,219,68,7,497,0,0,0,497
04/13/2015,SJU,PR,ASO,ES,Towers with Radar,190,101,15,3,309,0,115,19,1,135,190,216,34,4,444,0,0,0,444
04/14/2015,SJU,PR,ASO,ES,Towers with Radar,169,99,18,4,290,0,131,17,1,149,169,230,35,5,439,0,0,0,439
04/15/2015,SJU,PR,ASO,ES,Towers with Radar,175,85,23,11,294,0,126,36,3,165,175,211,59,14,459,0,0,0,459
04/16/2015,SJU,PR,ASO,ES,Towers with Radar,180,108,15,5,308,0,132,41,7,180,180,240,56,12,488,0,0,0,488
04/17/2015,SJU,PR,ASO,ES,Towers with Radar,184,121,17,1,323,0,133,34,0,167,184,254,51,1,490,0,0,0,490
04/18/2015,SJU,PR,ASO,ES,Towers with Radar,207,72,10,4,293,0,165,44,0,209,207,237,54,4,502,0,0,0,502
04/19/2015,SJU,PR,ASO,ES,Towers with Radar,196,63,15,3,277,0,158,32,0,190,196,221,47,3,467,0,0,0,467
04/20/2015,SJU,PR,ASO,ES,Towers with Radar,184,92,10,2,288,0,111,26,0,137,184,203,36,2,425,0,0,0,425
04/21/2015,SJU,PR,ASO,ES,Towers with Radar,176,88,20,5,289,0,97,34,9,140,176,185,54,14,429,0,0,0,429
04/22/2015,SJU,PR,ASO,ES,Towers with Radar,203,76,15,7,301,0,147,17,11,175,203,223,32,18,476,0,0,0,476
04/23/2015,SJU,PR,ASO,ES,Towers with Radar,176,117,5,10,308,0,148,22,0,170,176,265,27,10,478,0,0,0,478
04/24/2015,SJU,PR,ASO,ES,Towers with Radar,184,105,14,2,305,0,129,21,1,151,184,234,35,3,456,0,0,0,456
04/25/2015,SJU,PR,ASO,ES,Towers with Radar,207,61,10,2,280,0,144,23,0,167,207,205,33,2,447,0,0,0,447
04/26/2015,SJU,PR,ASO,ES,Towers with Radar,191,54,6,1,252,0,125,8,0,133,191,179,14,1,385,0,0,0,385
04/27/2015,SJU,PR,ASO,ES,Towers with Radar,182,77,15,12,286,0,136,17,3,156,182,213,32,15,442,0,0,0,442
04/28/2015,SJU,PR,ASO,ES,Towers with Radar,174,82,10,1,267,0,123,23,2,148,174,205,33,3,415,0,0,0,415
04/29/2015,SJU,PR,ASO,ES,Towers with Radar,184,71,13,5,273,0,122,43,1,166,184,193,56,6,439,0,0,0,439
04/30/2015,SJU,PR,ASO,ES,Towers with Radar,178,105,27,3,313,0,118,27,0,145,178,223,54,3,458,0,0,0,458
05/01/2015,SJU,PR,ASO,ES,Towers with Radar,172,88,15,3,278,0,139,32,1,172,172,227,47,4,450,0,0,0,450
05/02/2015,SJU,PR,ASO,ES,Towers with Radar,192,72,8,0,272,0,169,22,0,191,192,241,30,0,463,0,0,0,463
05/03/2015,SJU,PR,ASO,ES,Towers with Radar,176,63,6,2,247,0,109,21,0,130,176,172,27,2,377,0,0,0,377
05/04/2015,SJU,PR,ASO,ES,Towers with Radar,184,112,7,5,308,0,92,8,2,102,184,204,15,7,410,0,0,0,410
05/05/2015,SJU,PR,ASO,ES,Towers with Radar,150,94,16,3,263,0,89,21,7,117,150,183,37,10,380,0,0,0,380
05/06/2015,SJU,PR,ASO,ES,Towers with Radar,174,75,22,5,276,0,103,32,4,139,174,178,54,9,415,0,0,0,415
05/07/2015,SJU,PR,ASO,ES,Towers with Radar,168,108,6,3,285,0,110,23,1,134,168,218,29,4,419,0,0,0,419
05/08/2015,SJU,PR,ASO,ES,Towers with Radar,171,84,7,1,263,0,114,22,0,136,171,198,29,1,399,0,0,0,399
05/09/2015,SJU,PR,ASO,ES,Towers with Radar,202,51,11,0,264,0,116,19,0,135,202,167,30,0,399,0,0,0,399
05/10/2015,SJU,PR,ASO,ES,Towers with Radar,176,49,11,0,236,0,89,9,0,98,176,138,20,0,334,0,0,0,334
05/11/2015,SJU,PR,ASO,ES,Towers with Radar,167,112,16,0,295,0,90,25,1,116,167,202,41,1,411,0,0,0,411
05/12/2015,SJU,PR,ASO,ES,Towers with Radar,155,103,16,6,280,0,82,14,0,96,155,185,30,6,376,0,0,0,376
05/13/2015,SJU,PR,ASO,ES,Towers with Radar,164,88,9,18,279,0,97,18,1,116,164,185,27,19,395,0,0,0,395
05/14/2015,SJU,PR,ASO,ES,Towers with Radar,166,104,5,4,279,0,98,35,1,134,166,202,40,5,413,0,0,0,413
05/15/2015,SJU,PR,ASO,ES,Towers with Radar,166,101,6,1,274,0,108,27,0,135,166,209,33,1,409,0,0,0,409
05/16/2015,SJU,PR,ASO,ES,Towers with Radar,183,71,7,1,262,0,137,16,0,153,183,208,23,1,415,0,0,0,415
05/17/2015,SJU,PR,ASO,ES,Towers with Radar,179,53,8,1,241,0,92,21,0,113,179,145,29,1,354,0,0,0,354
05/18/2015,SJU,PR,ASO,ES,Towers with Radar,156,111,25,0,292,0,88,24,0,112,156,199,49,0,404,0,0,0,404
05/19/2015,SJU,PR,ASO,ES,Towers with Radar,164,90,14,3,271,0,85,25,3,113,164,175,39,6,384,0,0,0,384
05/20/2015,SJU,PR,ASO,ES,Towers with Radar,180,98,29,9,316,0,92,28,1,121,180,190,57,10,437,0,0,0,437
05/21/2015,SJU,PR,ASO,ES,Towers with Radar,172,106,14,3,295,0,102,28,0,130,172,208,42,3,425,0,0,0,425
05/22/2015,SJU,PR,ASO,ES,Towers with Radar,184,108,7,3,302,0,112,21,0,133,184,220,28,3,435,0,0,0,435
05/23/2015,SJU,PR,ASO,ES,Towers with Radar,196,65,10,1,272,0,120,23,2,145,196,185,33,3,417,0,0,0,417
05/24/2015,SJU,PR,ASO,ES,Towers with Radar,183,59,4,1,247,0,96,8,0,104,183,155,12,1,351,0,0,0,351
05/25/2015,SJU,PR,ASO,ES,Towers with Radar,173,84,13,0,270,0,102,18,0,120,173,186,31,0,390,0,0,0,390
05/26/2015,SJU,PR,ASO,ES,Towers with Radar,165,96,10,5,276,0,103,28,3,134,165,199,38,8,410,0,0,0,410
05/27/2015,SJU,PR,ASO,ES,Towers with Radar,181,85,12,17,295,0,88,18,9,115,181,173,30,26,410,0,0,0,410
05/28/2015,SJU,PR,ASO,ES,Towers with Radar,181,106,17,6,310,0,93,43,1,137,181,199,60,7,447,0,0,0,447
05/29/2015,SJU,PR,ASO,ES,Towers with Radar,183,114,13,1,311,0,84,26,0,110,183,198,39,1,421,0,0,0,421
05/30/2015,SJU,PR,ASO,ES,Towers with Radar,203,67,4,3,277,0,120,19,4,143,203,187,23,7,420,0,0,0,420
05/31/2015,SJU,PR,ASO,ES,Towers with Radar,177,54,6,2,239,0,102,18,0,120,177,156,24,2,359,0,0,0,359
06/01/2015,SJU,PR,ASO,ES,Towers with Radar,183,119,8,6,316,0,83,24,3,110,183,202,32,9,426,0,0,0,426
06/02/2015,SJU,PR,ASO,ES,Towers with Radar,180,97,20,0,297,0,89,22,1,112,180,186,42,1,409,0,0,0,409
06/03/2015,SJU,PR,ASO,ES,Towers with Radar,200,73,19,6,298,0,87,34,8,129,200,160,53,14,427,0,0,0,427
06/04/2015,SJU,PR,ASO,ES,Towers with Radar,172,120,14,1,307,0,103,27,4,134,172,223,41,5,441,0,0,0,441
06/05/2015,SJU,PR,ASO,ES,Towers with Radar,206,103,19,2,330,0,106,29,0,135,206,209,48,2,465,0,0,0,465
06/06/2015,SJU,PR,ASO,ES,Towers with Radar,213,77,5,3,298,0,95,24,2,121,213,172,29,5,419,0,0,0,419
06/07/2015,SJU,PR,ASO,ES,Towers with Radar,211,58,8,3,280,0,88,20,0,108,211,146,28,3,388,0,0,0,388
06/08/2015,SJU,PR,ASO,ES,Towers with Radar,191,102,7,5,305,0,100,17,1,118,191,202,24,6,423,0,0,0,423
06/09/2015,SJU,PR,ASO,ES,Towers with Radar,168,94,16,6,284,0,90,23,1,114,168,184,39,7,398,0,0,0,398
06/10/2015,SJU,PR,ASO,ES,Towers with Radar,201,81,16,9,307,0,92,44,0,136,201,173,60,9,443,0,0,0,443
06/11/2015,SJU,PR,ASO,ES,Towers with Radar,190,111,13,4,318,0,86,29,1,116,190,197,42,5,434,0,0,0,434
06/12/2015,SJU,PR,ASO,ES,Towers with Radar,193,122,8,6,329,0,113,23,0,136,193,235,31,6,465,0,0,0,465
06/13/2015,SJU,PR,ASO,ES,Towers with Radar,215,75,10,1,301,0,110,13,0,123,215,185,23,1,424,0,0,0,424
06/14/2015,SJU,PR,ASO,ES,Towers with Radar,214,59,3,1,277,4,91,13,0,108,218,150,16,1,385,0,0,0,385
06/15/2015,SJU,PR,ASO,ES,Towers with Radar,208,107,7,3,325,0,93,27,1,121,208,200,34,4,446,0,0,0,446
06/16/2015,SJU,PR,ASO,ES,Towers with Radar,181,112,18,3,314,0,90,39,1,130,181,202,57,4,444,0,0,0,444
06/17/2015,SJU,PR,ASO,ES,Towers with Radar,257,98,20,9,384,0,69,29,4,102,257,167,49,13,486,0,0,0,486
06/18/2015,SJU,PR,ASO,ES,Towers with Radar,210,108,18,5,341,0,91,52,3,146,210,199,70,8,487,0,0,0,487
06/19/2015,SJU,PR,ASO,ES,Towers with Radar,210,115,12,3,340,0,110,34,0,144,210,225,46,3,484,0,0,0,484
06/20/2015,SJU,PR,ASO,ES,Towers with Radar,240,75,7,3,325,0,120,5,0,125,240,195,12,3,450,0,0,0,450
06/21/2015,SJU,PR,ASO,ES,Towers with Radar,221,60,7,0,288,0,103,23,0,126,221,163,30,0,414,0,0,0,414
06/22/2015,SJU,PR,ASO,ES,Towers with Radar,209,118,14,0,341,0,83,19,0,102,209,201,33,0,443,0,0,0,443
06/23/2015,SJU,PR,ASO,ES,Towers with Radar,196,90,11,1,298,0,74,18,0,92,196,164,29,1,390,0,0,0,390
06/24/2015,SJU,PR,ASO,ES,Towers with Radar,199,88,10,5,302,0,76,23,0,99,199,164,33,5,401,0,0,0,401
06/25/2015,SJU,PR,ASO,ES,Towers with Radar,218,94,13,5,330,0,103,21,0,124,218,197,34,5,454,0,0,0,454
06/26/2015,SJU,PR,ASO,ES,Towers with Radar,211,110,12,4,337,0,97,21,0,118,211,207,33,4,455,0,0,0,455
06/27/2015,SJU,PR,ASO,ES,Towers with Radar,242,65,18,0,325,0,101,41,0,142,242,166,59,0,467,0,0,0,467
06/28/2015,SJU,PR,ASO,ES,Towers with Radar,248,39,17,2,306,0,95,24,0,119,248,134,41,2,425,0,0,0,425
06/29/2015,SJU,PR,ASO,ES,Towers with Radar,210,100,17,3,330,0,96,23,1,120,210,196,40,4,450,0,0,0,450
06/30/2015,SJU,PR,ASO,ES,Towers with Radar,186,89,25,3,303,0,63,24,0,87,186,152,49,3,390,0,0,0,390
07/01/2015,SJU,PR,ASO,ES,Towers with Radar,198,81,19,5,303,0,78,28,1,107,198,159,47,6,410,0,0,0,410
07/02/2015,SJU,PR,ASO,ES,Towers with Radar,214,89,13,1,317,0,100,31,0,131,214,189,44,1,448,0,0,0,448
07/03/2015,SJU,PR,ASO,ES,Towers with Radar,242,82,11,3,338,0,109,29,0,138,242,191,40,3,476,0,0,0,476
07/04/2015,SJU,PR,ASO,ES,Towers with Radar,243,59,12,3,317,0,96,19,0,115,243,155,31,3,432,0,0,0,432
07/05/2015,SJU,PR,ASO,ES,Towers with Radar,233,54,11,2,300,0,94,15,0,109,233,148,26,2,409,0,0,0,409
07/06/2015,SJU,PR,ASO,ES,Towers with Radar,210,101,3,0,314,0,94,34,0,128,210,195,37,0,442,0,0,0,442
07/07/2015,SJU,PR,ASO,ES,Towers with Radar,200,92,14,3,309,0,84,38,0,122,200,176,52,3,431,0,0,0,431
07/08/2015,SJU,PR,ASO,ES,Towers with Radar,203,72,8,8,291,0,84,35,6,125,203,156,43,14,416,0,0,0,416
07/09/2015,SJU,PR,ASO,ES,Towers with Radar,208,102,11,6,327,0,100,44,8,152,208,202,55,14,479,0,0,0,479
07/10/2015,SJU,PR,ASO,ES,Towers with Radar,227,111,4,1,343,0,97,19,0,116,227,208,23,1,459,0,0,0,459
07/11/2015,SJU,PR,ASO,ES,Towers with Radar,252,67,7,2,328,0,96,32,2,130,252,163,39,4,458,0,0,0,458
07/12/2015,SJU,PR,ASO,ES,Towers with Radar,238,53,10,0,301,0,86,21,0,107,238,139,31,0,408,0,0,0,408
07/13/2015,SJU,PR,ASO,ES,Towers with Radar,206,99,2,0,307,0,90,20,0,110,206,189,22,0,417,0,0,0,417
07/14/2015,SJU,PR,ASO,ES,Towers with Radar,208,84,19,1,312,0,72,33,0,105,208,156,52,1,417,0,0,0,417
07/15/2015,SJU,PR,ASO,ES,Towers with Radar,202,102,10,3,317,0,81,26,3,110,202,183,36,6,427,0,0,0,427
07/16/2015,SJU,PR,ASO,ES,Towers with Radar,207,119,6,1,333,0,92,21,0,113,207,211,27,1,446,0,0,0,446
07/17/2015,SJU,PR,ASO,ES,Towers with Radar,215,110,4,4,333,0,106,19,0,125,215,216,23,4,458,0,0,0,458
07/18/2015,SJU,PR,ASO,ES,Towers with Radar,252,70,5,5,332,0,99,19,0,118,252,169,24,5,450,0,0,0,450
07/19/2015,SJU,PR,ASO,ES,Towers with Radar,224,58,10,8,300,0,85,14,5,104,224,143,24,13,404,0,0,0,404
07/20/2015,SJU,PR,ASO,ES,Towers with Radar,213,114,10,1,338,0,84,25,0,109,213,198,35,1,447,11,0,11,458
07/21/2015,SJU,PR,ASO,ES,Towers with Radar,202,99,3,3,307,0,75,19,16,110,202,174,22,19,417,0,0,0,417
07/22/2015,SJU,PR,ASO,ES,Towers with Radar,208,83,8,1,300,0,95,33,0,128,208,178,41,1,428,0,0,0,428
07/23/2015,SJU,PR,ASO,ES,Towers with Radar,227,87,12,0,326,0,112,44,1,157,227,199,56,1,483,0,0,0,483
07/24/2015,SJU,PR,ASO,ES,Towers with Radar,220,120,9,0,349,0,111,18,0,129,220,231,27,0,478,0,0,0,478
07/25/2015,SJU,PR,ASO,ES,Towers with Radar,250,70,2,1,323,0,105,13,1,119,250,175,15,2,442,0,0,0,442
07/26/2015,SJU,PR,ASO,ES,Towers with Radar,224,64,15,2,305,0,99,15,1,115,224,163,30,3,420,0,0,0,420
07/27/2015,SJU,PR,ASO,ES,Towers with Radar,220,106,3,0,329,0,103,29,0,132,220,209,32,0,461,0,0,0,461
07/28/2015,SJU,PR,ASO,ES,Towers with Radar,204,88,0,0,292,0,85,19,0,104,204,173,19,0,396,0,0,0,396
07/29/2015,SJU,PR,ASO,ES,Towers with Radar,206,91,7,10,314,0,94,29,7,130,206,185,36,17,444,0,0,0,444
07/30/2015,SJU,PR,ASO,ES,Towers with Radar,208,104,17,10,339,0,92,25,2,119,208,196,42,12,458,0,0,0,458
07/31/2015,SJU,PR,ASO,ES,Towers with Radar,236,131,11,0,378,0,123,31,0,154,236,254,42,0,532,0,0,0,532
08/01/2015,SJU,PR,ASO,ES,Towers with Radar,271,71,4,7,353,0,93,15,3,111,271,164,19,10,464,0,0,0,464
08/02/2015,SJU,PR,ASO,ES,Towers with Radar,283,54,6,5,348,0,90,19,2,111,283,144,25,7,459,0,0,0,459
08/03/2015,SJU,PR,ASO,ES,Towers with Radar,211,96,5,6,318,0,94,20,4,118,211,190,25,10,436,0,0,0,436
08/04/2015,SJU,PR,ASO,ES,Towers with Radar,210,80,16,4,310,0,83,40,3,126,210,163,56,7,436,0,0,0,436
08/05/2015,SJU,PR,ASO,ES,Towers with Radar,199,85,13,2,299,0,85,37,0,122,199,170,50,2,421,0,0,0,421
08/06/2015,SJU,PR,ASO,ES,Towers with Radar,205,106,9,1,321,0,91,24,0,115,205,197,33,1,436,0,0,0,436
08/07/2015,SJU,PR,ASO,ES,Towers with Radar,201,104,8,2,315,0,89,19,1,109,201,193,27,3,424,0,0,0,424
08/08/2015,SJU,PR,ASO,ES,Towers with Radar,223,75,3,3,304,0,93,29,0,122,223,168,32,3,426,0,0,0,426
08/09/2015,SJU,PR,ASO,ES,Towers with Radar,202,53,4,2,261,0,94,11,0,105,202,147,15,2,366,0,0,0,366
08/10/2015,SJU,PR,ASO,ES,Towers with Radar,181,97,5,0,283,0,81,12,0,93,181,178,17,0,376,0,0,0,376
08/11/2015,SJU,PR,ASO,ES,Towers with Radar,196,78,11,0,285,0,81,30,0,111,196,159,41,0,396,0,0,0,396
08/12/2015,SJU,PR,ASO,ES,Towers with Radar,182,88,10,0,280,0,69,44,1,114,182,157,54,1,394,0,0,0,394
08/13/2015,SJU,PR,ASO,ES,Towers with Radar,196,104,12,0,312,0,89,14,0,103,196,193,26,0,415,0,0,0,415
08/14/2015,SJU,PR,ASO,ES,Towers with Radar,183,107,15,1,306,0,85,25,0,110,183,192,40,1,416,0,0,0,416
08/15/2015,SJU,PR,ASO,ES,Towers with Radar,226,70,17,1,314,0,83,14,0,97,226,153,31,1,411,0,0,0,411
08/16/2015,SJU,PR,ASO,ES,Towers with Radar,208,59,6,0,273,0,69,4,0,73,208,128,10,0,346,0,0,0,346
08/17/2015,SJU,PR,ASO,ES,Towers with Radar,187,90,5,0,282,0,97,12,0,109,187,187,17,0,391,0,0,0,391
08/18/2015,SJU,PR,ASO,ES,Towers with Radar,171,116,7,0,294,0,86,14,0,100,171,202,21,0,394,10,0,10,404
08/19/2015,SJU,PR,ASO,ES,Towers with Radar,164,92,13,2,271,0,84,34,0,118,164,176,47,2,389,0,0,0,389
08/20/2015,SJU,PR,ASO,ES,Towers with Radar,178,107,13,1,299,0,99,32,0,131,178,206,45,1,430,0,0,0,430
08/21/2015,SJU,PR,ASO,ES,Towers with Radar,0,0,0,0,0,0,0,0,0,0,0,0,0,0,0,0,0,0,0
08/22/2015,SJU,PR,ASO,ES,Towers with Radar,194,66,16,0,276,0,87,30,0,117,194,153,46,0,393,0,0,0,393
08/23/2015,SJU,PR,ASO,ES,Towers with Radar,177,45,10,1,233,0,85,24,0,109,177,130,34,1,342,0,0,0,342
08/24/2015,SJU,PR,ASO,ES,Towers with Radar,168,67,12,1,248,0,89,20,0,109,168,156,32,1,357,0,0,0,357
08/25/2015,SJU,PR,ASO,ES,Towers with Radar,186,103,11,1,301,0,51,6,0,57,186,154,17,1,358,0,0,0,358
08/26/2015,SJU,PR,ASO,ES,Towers with Radar,174,79,10,2,265,0,74,8,1,83,174,153,18,3,348,0,0,0,348
08/27/2015,SJU,PR,ASO,ES,Towers with Radar,153,33,5,4,195,0,4,16,0,20,153,37,21,4,215,0,0,0,215
08/28/2015,SJU,PR,ASO,ES,Towers with Radar,163,75,3,0,241,0,51,24,0,75,163,126,27,0,316,0,0,0,316
08/29/2015,SJU,PR,ASO,ES,Towers with Radar,214,67,4,4,289,0,85,14,0,99,214,152,18,4,388,0,0,0,388
08/30/2015,SJU,PR,ASO,ES,Towers with Radar,186,45,0,1,232,0,74,8,0,82,186,119,8,1,314,0,0,0,314
08/31/2015,SJU,PR,ASO,ES,Towers with Radar,180,102,5,6,293,0,74,13,5,92,180,176,18,11,385,0,0,0,385
09/01/2015,SJU,PR,ASO,ES,Towers with Radar,172,81,12,14,279,0,68,15,3,86,172,149,27,17,365,0,0,0,365
09/02/2015,SJU,PR,ASO,ES,Towers with Radar,161,74,17,8,260,0,78,25,1,104,161,152,42,9,364,0,0,0,364
09/03/2015,SJU,PR,ASO,ES,Towers with Radar,165,102,13,1,281,0,92,21,0,113,165,194,34,1,394,0,0,0,394
09/04/2015,SJU,PR,ASO,ES,Towers with Radar,172,106,16,2,296,0,96,12,0,108,172,202,28,2,404,0,0,0,404
09/05/2015,SJU,PR,ASO,ES,Towers with Radar,167,65,9,3,244,0,76,12,0,88,167,141,21,3,332,0,0,0,332
09/06/2015,SJU,PR,ASO,ES,Towers with Radar,159,47,12,1,219,0,58,9,0,67,159,105,21,1,286,0,0,0,286
09/07/2015,SJU,PR,ASO,ES,Towers with Radar,164,67,10,0,241,0,83,7,0,90,164,150,17,0,331,0,0,0,331
09/08/2015,SJU,PR,ASO,ES,Towers with Radar,141,80,9,5,235,0,90,15,1,106,141,170,24,6,341,0,0,0,341
09/09/2015,SJU,PR,ASO,ES,Towers with Radar,158,73,10,5,246,0,87,25,4,116,158,160,35,9,362,0,0,0,362
09/10/2015,SJU,PR,ASO,ES,Towers with Radar,154,83,6,3,246,0,83,15,4,102,154,166,21,7,348,0,0,0,348
09/11/2015,SJU,PR,ASO,ES,Towers with Radar,150,91,14,1,256,0,74,14,0,88,150,165,28,1,344,0,0,0,344
09/12/2015,SJU,PR,ASO,ES,Towers with Radar,162,52,4,12,230,0,54,7,0,61,162,106,11,12,291,0,0,0,291
09/13/2015,SJU,PR,ASO,ES,Towers with Radar,144,40,11,1,196,0,64,9,1,74,144,104,20,2,270,0,0,0,270
09/14/2015,SJU,PR,ASO,ES,Towers with Radar,139,87,7,1,234,0,83,14,0,97,139,170,21,1,331,0,0,0,331
09/15/2015,SJU,PR,ASO,ES,Towers with Radar,148,93,5,0,246,0,64,12,0,76,148,157,17,0,322,0,0,0,322
09/16/2015,SJU,PR,ASO,ES,Towers with Radar,140,84,8,1,233,0,63,10,24,97,140,147,18,25,330,0,0,0,330
09/17/2015,SJU,PR,ASO,ES,Towers with Radar,150,107,11,6,274,0,61,12,10,83,150,168,23,16,357,0,0,0,357
09/18/2015,SJU,PR,ASO,ES,Towers with Radar,155,103,10,5,273,0,76,24,2,102,155,179,34,7,375,0,0,0,375
09/19/2015,SJU,PR,ASO,ES,Towers with Radar,158,49,9,4,220,0,66,10,1,77,158,115,19,5,297,0,0,0,297
09/20/2015,SJU,PR,ASO,ES,Towers with Radar,160,42,1,1,204,0,73,8,0,81,160,115,9,1,285,0,0,0,285
09/21/2015,SJU,PR,ASO,ES,Towers with Radar,144,91,11,0,246,0,76,19,0,95,144,167,30,0,341,0,0,0,341
09/22/2015,SJU,PR,ASO,ES,Towers with Radar,144,83,24,13,264,0,75,23,1,99,144,158,47,14,363,0,0,0,363
09/23/2015,SJU,PR,ASO,ES,Towers with Radar,145,85,13,10,253,0,72,23,5,100,145,157,36,15,353,0,0,0,353
09/24/2015,SJU,PR,ASO,ES,Towers with Radar,157,96,12,4,269,0,77,23,0,100,157,173,35,4,369,0,0,0,369
09/25/2015,SJU,PR,ASO,ES,Towers with Radar,148,93,16,2,259,0,69,35,0,104,148,162,51,2,363,0,0,0,363
09/26/2015,SJU,PR,ASO,ES,Towers with Radar,164,53,6,2,225,0,60,7,0,67,164,113,13,2,292,0,0,0,292
09/27/2015,SJU,PR,ASO,ES,Towers with Radar,146,31,10,1,188,0,68,9,0,77,146,99,19,1,265,0,0,0,265
09/28/2015,SJU,PR,ASO,ES,Towers with Radar,148,79,15,15,257,0,82,18,2,102,148,161,33,17,359,0,0,0,359
09/29/2015,SJU,PR,ASO,ES,Towers with Radar,142,67,21,2,232,0,82,28,0,110,142,149,49,2,342,0,0,0,342
09/30/2015,SJU,PR,ASO,ES,Towers with Radar,148,77,12,6,243,0,85,17,11,113,148,162,29,17,356,0,0,0,356
10/01/2015,SJU,PR,ASO,ES,Towers with Radar,163,82,11,5,261,0,91,47,0,138,163,173,58,5,399,0,0,0,399
10/02/2015,SJU,PR,ASO,ES,Towers with Radar,167,109,8,3,287,0,86,38,0,124,167,195,46,3,411,0,0,0,411
10/03/2015,SJU,PR,ASO,ES,Towers with Radar,179,54,9,0,242,0,82,11,0,93,179,136,20,0,335,0,0,0,335
10/04/2015,SJU,PR,ASO,ES,Towers with Radar,152,44,3,0,199,0,82,18,0,100,152,126,21,0,299,0,0,0,299
10/05/2015,SJU,PR,ASO,ES,Towers with Radar,151,94,4,0,249,0,75,19,2,96,151,169,23,2,345,0,0,0,345
10/06/2015,SJU,PR,ASO,ES,Towers with Radar,145,75,8,4,232,0,78,15,1,94,145,153,23,5,326,10,0,10,336
10/07/2015,SJU,PR,ASO,ES,Towers with Radar,166,63,10,4,243,0,77,17,2,96,166,140,27,6,339,0,0,0,339
10/08/2015,SJU,PR,ASO,ES,Towers with Radar,164,105,15,2,286,0,105,23,4,132,164,210,38,6,418,0,0,0,418
10/09/2015,SJU,PR,ASO,ES,Towers with Radar,157,99,9,0,265,0,78,13,0,91,157,177,22,0,356,0,0,0,356
10/10/2015,SJU,PR,ASO,ES,Towers with Radar,187,50,9,3,249,0,82,29,0,111,187,132,38,3,360,0,0,0,360
10/11/2015,SJU,PR,ASO,ES,Towers with Radar,162,39,2,4,207,0,98,13,0,111,162,137,15,4,318,0,0,0,318
10/12/2015,SJU,PR,ASO,ES,Towers with Radar,156,69,16,1,242,0,101,21,0,122,156,170,37,1,364,0,0,0,364
10/13/2015,SJU,PR,ASO,ES,Towers with Radar,143,74,7,13,237,0,92,21,8,121,143,166,28,21,358,0,0,0,358
10/14/2015,SJU,PR,ASO,ES,Towers with Radar,152,78,16,9,255,0,84,28,5,117,152,162,44,14,372,0,0,0,372
10/15/2015,SJU,PR,ASO,ES,Towers with Radar,0,0,0,0,0,0,0,0,0,0,0,0,0,0,0,0,0,0,0
10/16/2015,SJU,PR,ASO,ES,Towers with Radar,157,96,14,3,270,0,66,22,0,88,157,162,36,3,358,0,0,0,358
10/17/2015,SJU,PR,ASO,ES,Towers with Radar,181,52,8,6,247,0,93,15,2,110,181,145,23,8,357,0,0,0,357
10/18/2015,SJU,PR,ASO,ES,Towers with Radar,152,47,19,5,223,0,87,14,2,103,152,134,33,7,326,0,0,0,326
10/19/2015,SJU,PR,ASO,ES,Towers with Radar,153,91,12,2,258,0,92,15,0,107,153,183,27,2,365,0,0,0,365
10/20/2015,SJU,PR,ASO,ES,Towers with Radar,155,87,9,2,253,0,75,11,2,88,155,162,20,4,341,0,0,0,341
10/21/2015,SJU,PR,ASO,ES,Towers with Radar,146,79,21,3,249,0,90,25,0,115,146,169,46,3,364,0,0,0,364
10/22/2015,SJU,PR,ASO,ES,Towers with Radar,159,92,14,16,281,0,87,39,2,128,159,179,53,18,409,0,0,0,409
10/23/2015,SJU,PR,ASO,ES,Towers with Radar,157,96,9,4,266,0,82,13,1,96,157,178,22,5,362,0,0,0,362
10/24/2015,SJU,PR,ASO,ES,Towers with Radar,192,61,5,4,262,0,93,18,0,111,192,154,23,4,373,0,0,0,373
10/25/2015,SJU,PR,ASO,ES,Towers with Radar,175,46,6,9,236,0,76,9,0,85,175,122,15,9,321,0,0,0,321
10/26/2015,SJU,PR,ASO,ES,Towers with Radar,162,109,11,1,283,0,71,12,1,84,162,180,23,2,367,0,0,0,367
10/27/2015,SJU,PR,ASO,ES,Towers with Radar,151,93,8,1,253,0,79,19,0,98,151,172,27,1,351,0,0,0,351
10/28/2015,SJU,PR,ASO,ES,Towers with Radar,149,98,10,7,264,0,80,14,1,95,149,178,24,8,359,0,0,0,359
10/29/2015,SJU,PR,ASO,ES,Towers with Radar,173,120,12,5,310,0,94,14,1,109,173,214,26,6,419,0,0,0,419
10/30/2015,SJU,PR,ASO,ES,Towers with Radar,157,107,9,2,275,0,105,13,1,119,157,212,22,3,394,0,0,0,394
10/31/2015,SJU,PR,ASO,ES,Towers with Radar,184,60,2,2,248,0,93,18,0,111,184,153,20,2,359,0,0,0,359
11/01/2015,SJU,PR,ASO,ES,Towers with Radar,186,55,6,0,247,0,83,7,0,90,186,138,13,0,337,0,0,0,337
11/02/2015,SJU,PR,ASO,ES,Towers with Radar,169,106,15,2,292,0,91,19,2,112,169,197,34,4,404,0,0,0,404
11/03/2015,SJU,PR,ASO,ES,Towers with Radar,168,96,20,3,287,0,84,6,5,95,168,180,26,8,382,0,0,0,382
11/04/2015,SJU,PR,ASO,ES,Towers with Radar,160,100,26,3,289,0,81,25,0,106,160,181,51,3,395,0,0,0,395
11/05/2015,SJU,PR,ASO,ES,Towers with Radar,187,122,23,4,336,0,77,20,0,97,187,199,43,4,433,0,0,0,433
11/06/2015,SJU,PR,ASO,ES,Towers with Radar,160,100,26,3,289,0,81,25,0,106,160,181,51,3,395,0,0,0,395
11/07/2015,SJU,PR,ASO,ES,Towers with Radar,212,69,6,1,288,0,81,10,0,91,212,150,16,1,379,0,0,0,379
11/08/2015,SJU,PR,ASO,ES,Towers with Radar,189,69,11,0,269,0,94,12,0,106,189,163,23,0,375,0,0,0,375
11/09/2015,SJU,PR,ASO,ES,Towers with Radar,169,114,8,8,299,0,97,9,1,107,169,211,17,9,406,0,0,0,406
11/10/2015,SJU,PR,ASO,ES,Towers with Radar,171,98,10,3,282,0,78,12,4,94,171,176,22,7,376,0,0,0,376
11/11/2015,SJU,PR,ASO,ES,Towers with Radar,177,76,17,14,284,0,88,23,3,114,177,164,40,17,398,0,0,0,398
11/12/2015,SJU,PR,ASO,ES,Towers with Radar,182,136,22,7,347,0,99,30,2,131,182,235,52,9,478,0,0,0,478
11/13/2015,SJU,PR,ASO,ES,Towers with Radar,179,106,21,2,308,0,104,22,3,129,179,210,43,5,437,0,0,0,437
11/14/2015,SJU,PR,ASO,ES,Towers with Radar,202,66,7,3,278,0,103,19,2,124,202,169,26,5,402,0,0,0,402
11/15/2015,SJU,PR,ASO,ES,Towers with Radar,187,53,17,3,260,0,102,17,0,119,187,155,34,3,379,0,0,0,379
11/16/2015,SJU,PR,ASO,ES,Towers with Radar,175,100,17,1,293,0,93,39,0,132,175,193,56,1,425,0,0,0,425
11/17/2015,SJU,PR,ASO,ES,Towers with Radar,174,100,26,4,304,0,103,35,0,138,174,203,61,4,442,0,0,0,442
11/18/2015,SJU,PR,ASO,ES,Towers with Radar,179,99,20,13,311,0,102,32,7,141,179,201,52,20,452,0,0,0,452
11/19/2015,SJU,PR,ASO,ES,Towers with Radar,202,110,13,4,329,0,106,22,10,138,202,216,35,14,467,0,0,0,467
11/20/2015,SJU,PR,ASO,ES,Towers with Radar,187,116,7,13,323,0,123,32,0,155,187,239,39,13,478,0,0,0,478
11/21/2015,SJU,PR,ASO,ES,Towers with Radar,247,90,18,4,359,0,154,62,0,216,247,244,80,4,575,0,0,0,575
11/22/2015,SJU,PR,ASO,ES,Towers with Radar,216,57,7,0,280,0,100,18,0,118,216,157,25,0,398,0,0,0,398
11/23/2015,SJU,PR,ASO,ES,Towers with Radar,202,117,8,1,328,0,99,24,0,123,202,216,32,1,451,0,0,0,451
11/24/2015,SJU,PR,ASO,ES,Towers with Radar,193,101,28,9,331,0,129,42,0,171,193,230,70,9,502,0,0,0,502
11/25/2015,SJU,PR,ASO,ES,Towers with Radar,211,112,20,1,344,0,123,38,0,161,211,235,58,1,505,0,0,0,505
11/26/2015,SJU,PR,ASO,ES,Towers with Radar,191,80,9,1,281,0,105,17,0,122,191,185,26,1,403,0,0,0,403
11/27/2015,SJU,PR,ASO,ES,Towers with Radar,182,107,7,0,296,0,111,17,0,128,182,218,24,0,424,0,0,0,424
11/28/2015,SJU,PR,ASO,ES,Towers with Radar,235,91,19,0,345,0,117,45,0,162,235,208,64,0,507,0,0,0,507
11/29/2015,SJU,PR,ASO,ES,Towers with Radar,198,91,22,0,311,0,125,26,0,151,198,216,48,0,462,0,0,0,462
11/30/2015,SJU,PR,ASO,ES,Towers with Radar,189,106,19,1,315,0,124,26,0,150,189,230,45,1,465,0,0,0,465
12/01/2015,SJU,PR,ASO,ES,Towers with Radar,187,111,9,10,317,0,97,20,0,117,187,208,29,10,434,0,0,0,434
12/02/2015,SJU,PR,ASO,ES,Towers with Radar,176,91,15,14,296,0,103,23,11,137,176,194,38,25,433,0,0,0,433
12/03/2015,SJU,PR,ASO,ES,Towers with Radar,188,106,18,5,317,0,125,29,2,156,188,231,47,7,473,0,0,0,473
12/04/2015,SJU,PR,ASO,ES,Towers with Radar,181,111,10,0,302,0,103,35,0,138,181,214,45,0,440,0,0,0,440
12/05/2015,SJU,PR,ASO,ES,Towers with Radar,201,86,6,6,299,0,108,24,0,132,201,194,30,6,431,0,0,0,431
12/06/2015,SJU,PR,ASO,ES,Towers with Radar,202,69,18,0,289,0,94,12,0,106,202,163,30,0,395,0,0,0,395
12/07/2015,SJU,PR,ASO,ES,Towers with Radar,184,135,31,4,354,0,94,12,3,109,184,229,43,7,463,0,0,0,463
12/08/2015,SJU,PR,ASO,ES,Towers with Radar,190,94,21,2,307,0,120,24,0,144,190,214,45,2,451,0,0,0,451
12/09/2015,SJU,PR,ASO,ES,Towers with Radar,185,92,15,11,303,0,80,25,3,108,185,172,40,14,411,0,0,0,411
12/10/2015,SJU,PR,ASO,ES,Towers with Radar,195,115,8,7,325,0,134,14,4,152,195,249,22,11,477,0,0,0,477
12/11/2015,SJU,PR,ASO,ES,Towers with Radar,184,99,19,6,308,0,123,20,6,149,184,222,39,12,457,0,0,0,457
12/12/2015,SJU,PR,ASO,ES,Towers with Radar,210,78,5,1,294,0,117,20,0,137,210,195,25,1,431,0,0,0,431
12/13/2015,SJU,PR,ASO,ES,Towers with Radar,202,73,23,3,301,0,104,27,0,131,202,177,50,3,432,0,0,0,432
12/14/2015,SJU,PR,ASO,ES,Towers with Radar,189,125,6,4,324,0,111,15,3,129,189,236,21,7,453,0,0,0,453
12/15/2015,SJU,PR,ASO,ES,Towers with Radar,179,104,9,2,294,0,111,20,1,132,179,215,29,3,426,0,0,0,426
12/16/2015,SJU,PR,ASO,ES,Towers with Radar,195,97,29,5,326,0,99,29,6,134,195,196,58,11,460,0,0,0,460
12/17/2015,SJU,PR,ASO,ES,Towers with Radar,204,122,27,4,357,0,111,36,2,149,204,233,63,6,506,0,0,0,506
12/18/2015,SJU,PR,ASO,ES,Towers with Radar,220,119,31,4,374,0,153,33,0,186,220,272,64,4,560,0,0,0,560
12/19/2015,SJU,PR,ASO,ES,Towers with Radar,257,116,34,2,409,0,180,37,0,217,257,296,71,2,626,0,0,0,626
12/20/2015,SJU,PR,ASO,ES,Towers with Radar,240,86,16,4,346,20,122,27,2,171,260,208,43,6,517,0,0,0,517
12/21/2015,SJU,PR,ASO,ES,Towers with Radar,237,119,10,3,369,0,136,19,0,155,237,255,29,3,524,0,0,0,524
12/22/2015,SJU,PR,ASO,ES,Towers with Radar,243,97,29,7,376,0,125,28,0,153,243,222,57,7,529,0,0,0,529
12/23/2015,SJU,PR,ASO,ES,Towers with Radar,234,102,14,1,351,0,142,41,0,183,234,244,55,1,534,0,0,0,534
12/24/2015,SJU,PR,ASO,ES,Towers with Radar,229,128,21,0,378,0,158,22,0,180,229,286,43,0,558,0,0,0,558
12/25/2015,SJU,PR,ASO,ES,Towers with Radar,202,65,10,0,277,0,117,25,1,143,202,182,35,1,420,0,0,0,420
12/26/2015,SJU,PR,ASO,ES,Towers with Radar,253,108,35,0,396,0,210,73,0,283,253,318,108,0,679,0,0,0,679
12/27/2015,SJU,PR,ASO,ES,Towers with Radar,244,99,31,0,374,0,188,81,0,269,244,287,112,0,643,0,0,0,643
12/28/2015,SJU,PR,ASO,ES,Towers with Radar,227,122,16,1,366,0,161,28,0,189,227,283,44,1,555,0,0,0,555
12/29/2015,SJU,PR,ASO,ES,Towers with Radar,227,100,17,1,345,0,130,37,0,167,227,230,54,1,512,0,0,0,512
12/30/2015,SJU,PR,ASO,ES,Towers with Radar,233,106,24,2,365,0,129,27,0,156,233,235,51,2,521,0,0,0,521
12/31/2015,SJU,PR,ASO,ES,Towers with Radar,234,97,14,0,345,0,143,22,2,167,234,240,36,2,512,0,0,0,512
01/01/2016,SJU,PR,ASO,ES,Towers with Radar,210,79,20,0,309,0,170,19,0,189,210,249,39,0,498,0,0,0,498
01/02/2016,SJU,PR,ASO,ES,Towers with Radar,259,84,48,0,391,0,252,78,0,330,259,336,126,0,721,0,0,0,721
01/03/2016,SJU,PR,ASO,ES,Towers with Radar,252,81,48,0,381,0,246,87,0,333,252,327,135,0,714,0,0,0,714
01/04/2016,SJU,PR,ASO,ES,Towers with Radar,228,110,23,1,362,0,197,46,0,243,228,307,69,1,605,0,0,0,605
01/05/2016,SJU,PR,ASO,ES,Towers with Radar,207,97,17,0,321,0,141,26,2,169,207,238,43,2,490,0,0,0,490
01/06/2016,SJU,PR,ASO,ES,Towers with Radar,202,92,22,0,316,0,136,22,0,158,202,228,44,0,474,0,0,0,474
01/07/2016,SJU,PR,ASO,ES,Towers with Radar,218,109,10,2,339,0,135,18,0,153,218,244,28,2,492,0,0,0,492
01/08/2016,SJU,PR,ASO,ES,Towers with Radar,212,107,14,3,336,0,124,37,0,161,212,231,51,3,497,0,0,0,497
01/09/2016,SJU,PR,ASO,ES,Towers with Radar,232,73,12,8,325,0,165,23,0,188,232,238,35,8,513,0,0,0,513
01/10/2016,SJU,PR,ASO,ES,Towers with Radar,207,70,14,1,292,0,125,18,0,143,207,195,32,1,435,0,0,0,435
01/11/2016,SJU,PR,ASO,ES,Towers with Radar,196,110,12,14,332,0,120,21,0,141,196,230,33,14,473,0,0,0,473
01/12/2016,SJU,PR,ASO,ES,Towers with Radar,164,87,20,2,273,0,121,25,0,146,164,208,45,2,419,0,0,0,419
01/13/2016,SJU,PR,ASO,ES,Towers with Radar,172,88,18,10,288,0,114,26,1,141,172,202,44,11,429,0,0,0,429
01/14/2016,SJU,PR,ASO,ES,Towers with Radar,185,94,23,6,308,0,126,27,2,155,185,220,50,8,463,0,0,0,463
01/15/2016,SJU,PR,ASO,ES,Towers with Radar,187,106,28,1,322,0,138,30,1,169,187,244,58,2,491,0,0,0,491
01/16/2016,SJU,PR,ASO,ES,Towers with Radar,216,90,16,1,323,0,172,25,0,197,216,262,41,1,520,0,0,0,520
01/17/2016,SJU,PR,ASO,ES,Towers with Radar,201,58,23,2,284,0,121,15,0,136,201,179,38,2,420,0,0,0,420
01/18/2016,SJU,PR,ASO,ES,Towers with Radar,196,104,15,2,317,0,133,26,0,159,196,237,41,2,476,0,0,0,476
01/19/2016,SJU,PR,ASO,ES,Towers with Radar,175,105,12,11,303,0,127,21,5,153,175,232,33,16,456,0,0,0,456
01/20/2016,SJU,PR,ASO,ES,Towers with Radar,173,86,11,3,273,0,118,23,0,141,173,204,34,3,414,0,0,0,414
01/21/2016,SJU,PR,ASO,ES,Towers with Radar,174,107,13,1,295,0,116,31,2,149,174,223,44,3,444,0,0,0,444
01/22/2016,SJU,PR,ASO,ES,Towers with Radar,164,111,13,2,290,0,133,29,0,162,164,244,42,2,452,0,0,0,452
01/23/2016,SJU,PR,ASO,ES,Towers with Radar,162,61,15,7,245,0,142,38,0,180,162,203,53,7,425,0,0,0,425
01/24/2016,SJU,PR,ASO,ES,Towers with Radar,160,65,14,5,244,0,119,24,0,143,160,184,38,5,387,0,0,0,387
01/25/2016,SJU,PR,ASO,ES,Towers with Radar,163,126,19,2,310,0,102,14,0,116,163,228,33,2,426,0,0,0,426
01/26/2016,SJU,PR,ASO,ES,Towers with Radar,178,92,19,4,293,0,114,21,0,135,178,206,40,4,428,0,0,0,428
01/27/2016,SJU,PR,ASO,ES,Towers with Radar,173,88,9,7,277,0,101,34,1,136,173,189,43,8,413,0,0,0,413
01/28/2016,SJU,PR,ASO,ES,Towers with Radar,187,118,37,6,348,0,127,30,4,161,187,245,67,10,509,0,0,0,509
01/29/2016,SJU,PR,ASO,ES,Towers with Radar,182,106,19,3,310,0,143,47,0,190,182,249,66,3,500,0,0,0,500
01/30/2016,SJU,PR,ASO,ES,Towers with Radar,224,76,9,0,309,0,151,29,8,188,224,227,38,8,497,0,0,0,497
01/31/2016,SJU,PR,ASO,ES,Towers with Radar,201,55,10,0,266,0,133,21,0,154,201,188,31,0,420,0,0,0,420
02/01/2016,SJU,PR,ASO,ES,Towers with Radar,169,105,4,1,279,0,159,10,2,171,169,264,14,3,450,0,0,0,450
02/02/2016,SJU,PR,ASO,ES,Towers with Radar,180,84,8,5,277,0,117,39,2,158,180,201,47,7,435,0,0,0,435
02/03/2016,SJU,PR,ASO,ES,Towers with Radar,168,90,11,10,279,0,133,42,6,181,168,223,53,16,460,0,0,0,460
02/04/2016,SJU,PR,ASO,ES,Towers with Radar,180,126,24,18,348,0,116,19,0,135,180,242,43,18,483,0,0,0,483
02/05/2016,SJU,PR,ASO,ES,Towers with Radar,170,114,13,1,298,0,131,26,0,157,170,245,39,1,455,0,0,0,455
02/06/2016,SJU,PR,ASO,ES,Towers with Radar,216,80,12,0,308,0,181,25,0,206,216,261,37,0,514,0,0,0,514
02/07/2016,SJU,PR,ASO,ES,Towers with Radar,200,67,18,2,287,0,126,12,0,138,200,193,30,2,425,0,0,0,425
02/08/2016,SJU,PR,ASO,ES,Towers with Radar,170,111,21,2,304,0,157,35,0,192,170,268,56,2,496,0,0,0,496
02/09/2016,SJU,PR,ASO,ES,Towers with Radar,163,92,20,3,278,0,157,46,1,204,163,249,66,4,482,0,0,0,482
02/10/2016,SJU,PR,ASO,ES,Towers with Radar,0,0,0,0,0,0,0,0,0,0,0,0,0,0,0,0,0,0,0
02/11/2016,SJU,PR,ASO,ES,Towers with Radar,185,110,11,8,314,0,183,38,3,224,185,293,49,11,538,0,0,0,538
02/12/2016,SJU,PR,ASO,ES,Towers with Radar,199,120,24,3,346,0,166,36,0,202,199,286,60,3,548,0,0,0,548
02/13/2016,SJU,PR,ASO,ES,Towers with Radar,220,73,10,2,305,0,201,32,1,234,220,274,42,3,539,0,0,0,539
02/14/2016,SJU,PR,ASO,ES,Towers with Radar,207,68,9,0,284,0,146,19,0,165,207,214,28,0,449,0,0,0,449
02/15/2016,SJU,PR,ASO,ES,Towers with Radar,190,113,21,0,324,0,145,32,0,177,190,258,53,0,501,0,0,0,501
02/16/2016,SJU,PR,ASO,ES,Towers with Radar,191,98,20,1,310,0,138,28,0,166,191,236,48,1,476,0,0,0,476
02/17/2016,SJU,PR,ASO,ES,Towers with Radar,185,93,17,17,312,0,136,28,4,168,185,229,45,21,480,0,0,0,480
02/18/2016,SJU,PR,ASO,ES,Towers with Radar,199,112,16,14,341,0,136,44,12,192,199,248,60,26,533,0,0,0,533
02/19/2016,SJU,PR,ASO,ES,Towers with Radar,206,110,32,2,350,0,164,17,0,181,206,274,49,2,531,0,0,0,531
02/20/2016,SJU,PR,ASO,ES,Towers with Radar,237,98,11,9,355,0,194,46,3,243,237,292,57,12,598,0,0,0,598
02/21/2016,SJU,PR,ASO,ES,Towers with Radar,220,72,5,11,308,0,158,16,2,176,220,230,21,13,484,0,0,0,484
02/22/2016,SJU,PR,ASO,ES,Towers with Radar,193,110,12,4,319,0,134,24,4,162,193,244,36,8,481,0,0,0,481
02/23/2016,SJU,PR,ASO,ES,Towers with Radar,190,92,16,15,313,0,142,26,6,174,190,234,42,21,487,0,0,0,487
02/24/2016,SJU,PR,ASO,ES,Towers with Radar,184,100,9,4,297,0,129,25,2,156,184,229,34,6,453,0,0,0,453
02/25/2016,SJU,PR,ASO,ES,Towers with Radar,199,107,23,8,337,0,133,25,1,159,199,240,48,9,496,0,0,0,496
02/26/2016,SJU,PR,ASO,ES,Towers with Radar,191,94,12,11,308,0,151,22,7,180,191,245,34,18,488,0,0,0,488
02/27/2016,SJU,PR,ASO,ES,Towers with Radar,226,74,14,5,319,0,184,16,0,200,226,258,30,5,519,0,0,0,519
02/28/2016,SJU,PR,ASO,ES,Towers with Radar,208,60,8,3,279,0,164,13,0,177,208,224,21,3,456,0,0,0,456
02/29/2016,SJU,PR,ASO,ES,Towers with Radar,184,108,18,4,314,0,147,22,0,169,184,255,40,4,483,0,0,0,483
03/01/2016,SJU,PR,ASO,ES,Towers with Radar,185,94,27,2,308,0,143,57,0,200,185,237,84,2,508,0,0,0,508
03/02/2016,SJU,PR,ASO,ES,Towers with Radar,188,83,10,6,287,0,107,28,0,135,188,190,38,6,422,0,0,0,422
03/03/2016,SJU,PR,ASO,ES,Towers with Radar,183,115,10,11,319,0,126,52,16,194,183,241,62,27,513,0,21,21,534
03/04/2016,SJU,PR,ASO,ES,Towers with Radar,193,114,15,2,324,0,134,15,13,162,193,248,30,15,486,0,0,0,486
03/05/2016,SJU,PR,ASO,ES,Towers with Radar,236,74,20,8,338,0,179,34,2,215,236,253,54,10,553,0,0,0,553
03/06/2016,SJU,PR,ASO,ES,Towers with Radar,213,74,14,6,307,0,108,14,1,123,213,182,28,7,430,0,0,0,430
03/07/2016,SJU,PR,ASO,ES,Towers with Radar,170,135,13,0,318,0,101,19,0,120,170,236,32,0,438,0,0,0,438
03/08/2016,SJU,PR,ASO,ES,Towers with Radar,177,131,18,2,328,0,110,26,0,136,177,241,44,2,464,0,0,0,464
03/09/2016,SJU,PR,ASO,ES,Towers with Radar,182,96,35,6,319,0,119,50,2,171,182,215,85,8,490,0,0,0,490
03/10/2016,SJU,PR,ASO,ES,Towers with Radar,208,140,18,4,370,0,128,33,0,161,208,268,51,4,531,0,0,0,531
03/11/2016,SJU,PR,ASO,ES,Towers with Radar,174,118,23,2,317,0,146,28,0,174,174,264,51,2,491,0,0,0,491
03/12/2016,SJU,PR,ASO,ES,Towers with Radar,235,113,19,5,372,0,187,52,2,241,235,300,71,7,613,0,0,0,613
03/13/2016,SJU,PR,ASO,ES,Towers with Radar,223,91,12,5,331,16,101,16,0,133,239,192,28,5,464,0,0,0,464
03/14/2016,SJU,PR,ASO,ES,Towers with Radar,181,137,10,4,332,0,104,14,3,121,181,241,24,7,453,0,0,0,453
03/15/2016,SJU,PR,ASO,ES,Towers with Radar,187,108,28,17,340,0,110,41,4,155,187,218,69,21,495,0,0,0,495
03/16/2016,SJU,PR,ASO,ES,Towers with Radar,182,96,18,8,304,0,120,40,2,162,182,216,58,10,466,0,0,0,466
03/17/2016,SJU,PR,ASO,ES,Towers with Radar,182,104,8,12,306,0,157,45,0,202,182,261,53,12,508,0,0,0,508
03/18/2016,SJU,PR,ASO,ES,Towers with Radar,190,117,19,5,331,0,139,34,1,174,190,256,53,6,505,0,0,0,505
03/19/2016,SJU,PR,ASO,ES,Towers with Radar,233,91,27,5,356,0,226,57,1,284,233,317,84,6,640,0,0,0,640
03/20/2016,SJU,PR,ASO,ES,Towers with Radar,219,83,20,7,329,0,164,28,0,192,219,247,48,7,521,0,0,0,521
03/21/2016,SJU,PR,ASO,ES,Towers with Radar,180,122,17,8,327,0,140,40,0,180,180,262,57,8,507,0,0,0,507
03/22/2016,SJU,PR,ASO,ES,Towers with Radar,199,98,20,9,326,0,146,34,1,181,199,244,54,10,507,0,0,0,507
03/23/2016,SJU,PR,ASO,ES,Towers with Radar,200,105,17,7,329,0,122,34,2,158,200,227,51,9,487,0,0,0,487
03/24/2016,SJU,PR,ASO,ES,Towers with Radar,197,122,16,12,347,0,178,36,0,214,197,300,52,12,561,0,0,0,561
03/25/2016,SJU,PR,ASO,ES,Towers with Radar,199,87,14,12,312,0,163,29,0,192,199,250,43,12,504,0,0,0,504
03/26/2016,SJU,PR,ASO,ES,Towers with Radar,248,101,16,9,374,0,194,56,0,250,248,295,72,9,624,0,0,0,624
03/27/2016,SJU,PR,ASO,ES,Towers with Radar,229,94,12,0,335,0,203,43,0,246,229,297,55,0,581,0,0,0,581
03/28/2016,SJU,PR,ASO,ES,Towers with Radar,188,110,16,6,320,0,153,44,1,198,188,263,60,7,518,0,0,0,518
03/29/2016,SJU,PR,ASO,ES,Towers with Radar,202,120,22,9,353,0,123,34,2,159,202,243,56,11,512,0,0,0,512
03/30/2016,SJU,PR,ASO,ES,Towers with Radar,191,102,15,10,318,0,102,30,0,132,191,204,45,10,450,0,0,0,450
03/31/2016,SJU,PR,ASO,ES,Towers with Radar,200,121,10,13,344,0,129,24,0,153,200,250,34,13,497,0,0,0,497
04/01/2016,SJU,PR,ASO,ES,Towers with Radar,189,142,26,7,364,0,93,37,0,130,189,235,63,7,494,0,0,0,494
04/02/2016,SJU,PR,ASO,ES,Towers with Radar,226,73,23,1,323,0,179,59,0,238,226,252,82,1,561,0,0,0,561
04/03/2016,SJU,PR,ASO,ES,Towers with Radar,222,58,13,2,295,0,141,27,1,169,222,199,40,3,464,0,0,0,464
04/04/2016,SJU,PR,ASO,ES,Towers with Radar,181,108,8,4,301,0,125,25,2,152,181,233,33,6,453,0,0,0,453
04/05/2016,SJU,PR,ASO,ES,Towers with Radar,192,93,19,4,308,0,127,38,5,170,192,220,57,9,478,0,0,0,478
04/06/2016,SJU,PR,ASO,ES,Towers with Radar,182,85,24,6,297,0,117,30,2,149,182,202,54,8,446,0,0,0,446
04/07/2016,SJU,PR,ASO,ES,Towers with Radar,192,99,30,1,322,0,139,42,3,184,192,238,72,4,506,0,0,0,506
04/08/2016,SJU,PR,ASO,ES,Towers with Radar,201,128,19,1,349,0,132,45,0,177,201,260,64,1,526,0,0,0,526
04/09/2016,SJU,PR,ASO,ES,Towers with Radar,231,79,12,2,324,0,175,28,3,206,231,254,40,5,530,0,0,0,530
04/10/2016,SJU,PR,ASO,ES,Towers with Radar,209,57,16,5,287,0,119,19,6,144,209,176,35,11,431,0,0,0,431
04/11/2016,SJU,PR,ASO,ES,Towers with Radar,183,122,10,1,316,0,115,29,0,144,183,237,39,1,460,0,0,0,460
04/12/2016,SJU,PR,ASO,ES,Towers with Radar,175,114,34,5,328,0,91,37,0,128,175,205,71,5,456,0,0,0,456
04/13/2016,SJU,PR,ASO,ES,Towers with Radar,185,99,19,2,305,0,99,50,1,150,185,198,69,3,455,0,0,0,455
04/14/2016,SJU,PR,ASO,ES,Towers with Radar,203,110,20,10,343,0,116,58,0,174,203,226,78,10,517,4,4,8,525
04/15/2016,SJU,PR,ASO,ES,Towers with Radar,190,110,29,8,337,0,141,54,2,197,190,251,83,10,534,0,0,0,534
04/16/2016,SJU,PR,ASO,ES,Towers with Radar,224,70,16,9,319,0,160,39,0,199,224,230,55,9,518,0,0,0,518
04/17/2016,SJU,PR,ASO,ES,Towers with Radar,202,57,6,2,267,0,117,14,0,131,202,174,20,2,398,0,0,0,398
04/18/2016,SJU,PR,ASO,ES,Towers with Radar,180,123,7,1,311,0,87,30,0,117,180,210,37,1,428,0,0,0,428
04/19/2016,SJU,PR,ASO,ES,Towers with Radar,182,107,30,8,327,0,67,41,4,112,182,174,71,12,439,0,0,0,439
04/20/2016,SJU,PR,ASO,ES,Towers with Radar,185,108,23,3,319,0,90,30,0,120,185,198,53,3,439,0,0,0,439
04/21/2016,SJU,PR,ASO,ES,Towers with Radar,195,122,12,9,338,0,79,26,5,110,195,201,38,14,448,0,0,0,448
04/22/2016,SJU,PR,ASO,ES,Towers with Radar,186,157,15,2,360,0,88,32,0,120,186,245,47,2,480,0,0,0,480
04/23/2016,SJU,PR,ASO,ES,Towers with Radar,224,95,8,1,328,0,120,28,0,148,224,215,36,1,476,0,0,0,476
04/24/2016,SJU,PR,ASO,ES,Towers with Radar,197,59,6,1,263,0,117,12,0,129,197,176,18,1,392,0,0,0,392
04/25/2016,SJU,PR,ASO,ES,Towers with Radar,188,115,32,3,338,0,75,25,0,100,188,190,57,3,438,0,0,0,438
04/26/2016,SJU,PR,ASO,ES,Towers with Radar,182,110,15,2,309,0,85,26,0,111,182,195,41,2,420,0,0,0,420
04/27/2016,SJU,PR,ASO,ES,Towers with Radar,200,104,11,3,318,0,103,38,4,145,200,207,49,7,463,0,0,0,463
04/28/2016,SJU,PR,ASO,ES,Towers with Radar,196,127,16,4,343,0,91,27,3,121,196,218,43,7,464,0,0,0,464
04/29/2016,SJU,PR,ASO,ES,Towers with Radar,190,113,26,0,329,0,102,27,0,129,190,215,53,0,458,0,0,0,458
04/30/2016,SJU,PR,ASO,ES,Towers with Radar,223,95,16,5,339,0,96,16,0,112,223,191,32,5,451,0,0,0,451
05/01/2016,SJU,PR,ASO,ES,Towers with Radar,195,75,14,7,291,0,77,12,2,91,195,152,26,9,382,0,0,0,382
05/02/2016,SJU,PR,ASO,ES,Towers with Radar,183,124,8,5,320,0,90,39,0,129,183,214,47,5,449,0,0,0,449
05/03/2016,SJU,PR,ASO,ES,Towers with Radar,184,107,9,11,311,0,86,35,3,124,184,193,44,14,435,0,0,0,435
05/04/2016,SJU,PR,ASO,ES,Towers with Radar,186,92,25,7,310,0,92,33,3,128,186,184,58,10,438,0,0,0,438
05/05/2016,SJU,PR,ASO,ES,Towers with Radar,181,122,8,6,317,0,83,50,6,139,181,205,58,12,456,0,0,0,456
05/06/2016,SJU,PR,ASO,ES,Towers with Radar,182,118,7,1,308,0,104,44,0,148,182,222,51,1,456,0,0,0,456
05/07/2016,SJU,PR,ASO,ES,Towers with Radar,208,68,5,0,281,0,123,19,0,142,208,191,24,0,423,0,0,0,423
05/08/2016,SJU,PR,ASO,ES,Towers with Radar,188,82,4,0,274,0,96,2,0,98,188,178,6,0,372,0,0,0,372
05/09/2016,SJU,PR,ASO,ES,Towers with Radar,170,102,22,5,299,0,92,23,2,117,170,194,45,7,416,0,0,0,416
05/10/2016,SJU,PR,ASO,ES,Towers with Radar,178,90,32,7,307,0,96,22,1,119,178,186,54,8,426,0,0,0,426
05/11/2016,SJU,PR,ASO,ES,Towers with Radar,180,88,14,8,290,0,105,32,3,140,180,193,46,11,430,0,0,0,430
05/12/2016,SJU,PR,ASO,ES,Towers with Radar,189,106,9,5,309,0,104,33,3,140,189,210,42,8,449,0,0,0,449
05/13/2016,SJU,PR,ASO,ES,Towers with Radar,183,120,16,1,320,0,121,28,0,149,183,241,44,1,469,0,0,0,469
05/14/2016,SJU,PR,ASO,ES,Towers with Radar,212,76,3,2,293,0,104,25,0,129,212,180,28,2,422,0,0,0,422
05/15/2016,SJU,PR,ASO,ES,Towers with Radar,196,55,7,0,258,0,105,5,0,110,196,160,12,0,368,0,0,0,368
05/16/2016,SJU,PR,ASO,ES,Towers with Radar,176,116,19,6,317,0,103,16,9,128,176,219,35,15,445,0,0,0,445
05/17/2016,SJU,PR,ASO,ES,Towers with Radar,184,104,26,7,321,0,95,33,3,131,184,199,59,10,452,0,0,0,452
05/18/2016,SJU,PR,ASO,ES,Towers with Radar,171,91,8,3,273,0,80,36,2,118,171,171,44,5,391,0,0,0,391
05/19/2016,SJU,PR,ASO,ES,Towers with Radar,191,111,7,3,312,0,98,25,2,125,191,209,32,5,437,0,0,0,437
05/20/2016,SJU,PR,ASO,ES,Towers with Radar,187,111,4,4,306,0,112,23,0,135,187,223,27,4,441,0,0,0,441
05/21/2016,SJU,PR,ASO,ES,Towers with Radar,215,63,3,8,289,0,126,22,0,148,215,189,25,8,437,0,0,0,437
05/22/2016,SJU,PR,ASO,ES,Towers with Radar,192,55,8,5,260,0,102,19,0,121,192,157,27,5,381,0,0,0,381
05/23/2016,SJU,PR,ASO,ES,Towers with Radar,178,95,27,1,301,0,116,16,2,134,178,211,43,3,435,0,0,0,435
05/24/2016,SJU,PR,ASO,ES,Towers with Radar,174,90,28,2,294,0,73,29,2,104,174,163,57,4,398,0,0,0,398
05/25/2016,SJU,PR,ASO,ES,Towers with Radar,190,81,11,2,284,0,78,29,0,107,190,159,40,2,391,0,0,0,391
05/26/2016,SJU,PR,ASO,ES,Towers with Radar,178,117,14,5,314,0,119,24,2,145,178,236,38,7,459,0,0,0,459
05/27/2016,SJU,PR,ASO,ES,Towers with Radar,194,114,9,6,323,0,116,45,0,161,194,230,54,6,484,0,0,0,484
05/28/2016,SJU,PR,ASO,ES,Towers with Radar,217,67,9,2,295,0,115,22,0,137,217,182,31,2,432,0,0,0,432
05/29/2016,SJU,PR,ASO,ES,Towers with Radar,207,57,3,0,267,0,83,18,0,101,207,140,21,0,368,0,0,0,368
05/30/2016,SJU,PR,ASO,ES,Towers with Radar,193,89,7,0,289,0,101,22,0,123,193,190,29,0,412,0,0,0,412
05/31/2016,SJU,PR,ASO,ES,Towers with Radar,185,106,26,7,324,0,77,31,1,109,185,183,57,8,433,0,0,0,433
06/01/2016,SJU,PR,ASO,ES,Towers with Radar,185,88,26,3,302,0,75,20,0,95,185,163,46,3,397,0,0,0,397
06/02/2016,SJU,PR,ASO,ES,Towers with Radar,198,124,6,6,334,0,72,23,3,98,198,196,29,9,432,0,0,0,432
06/03/2016,SJU,PR,ASO,ES,Towers with Radar,194,101,17,0,312,0,106,26,0,132,194,207,43,0,444,0,0,0,444
06/04/2016,SJU,PR,ASO,ES,Towers with Radar,215,74,7,3,299,0,93,19,1,113,215,167,26,4,412,0,0,0,412
06/05/2016,SJU,PR,ASO,ES,Towers with Radar,213,48,17,2,280,0,86,16,0,102,213,134,33,2,382,0,0,0,382
06/06/2016,SJU,PR,ASO,ES,Towers with Radar,202,85,16,8,311,0,96,16,6,118,202,181,32,14,429,0,0,0,429
06/07/2016,SJU,PR,ASO,ES,Towers with Radar,195,71,20,3,289,0,87,33,1,121,195,158,53,4,410,0,0,0,410
06/08/2016,SJU,PR,ASO,ES,Towers with Radar,190,86,16,2,294,0,85,15,1,101,190,171,31,3,395,0,0,0,395
06/09/2016,SJU,PR,ASO,ES,Towers with Radar,200,102,19,2,323,0,96,42,0,138,200,198,61,2,461,0,0,0,461
06/10/2016,SJU,PR,ASO,ES,Towers with Radar,209,106,3,2,320,0,101,19,0,120,209,207,22,2,440,0,0,0,440
06/11/2016,SJU,PR,ASO,ES,Towers with Radar,229,60,9,3,301,0,130,17,0,147,229,190,26,3,448,0,0,0,448
06/12/2016,SJU,PR,ASO,ES,Towers with Radar,221,49,7,4,281,0,101,2,0,103,221,150,9,4,384,0,0,0,384
06/13/2016,SJU,PR,ASO,ES,Towers with Radar,205,99,9,3,316,0,110,21,2,133,205,209,30,5,449,0,0,0,449
06/14/2016,SJU,PR,ASO,ES,Towers with Radar,197,84,15,7,303,0,111,21,4,136,197,195,36,11,439,0,0,0,439
06/15/2016,SJU,PR,ASO,ES,Towers with Radar,204,84,9,12,309,0,92,14,19,125,204,176,23,31,434,0,0,0,434
06/16/2016,SJU,PR,ASO,ES,Towers with Radar,207,110,11,3,331,0,104,22,11,137,207,214,33,14,468,0,0,0,468
06/17/2016,SJU,PR,ASO,ES,Towers with Radar,211,96,15,5,327,0,121,24,0,145,211,217,39,5,472,0,0,0,472
06/18/2016,SJU,PR,ASO,ES,Towers with Radar,220,64,8,3,295,0,110,48,0,158,220,174,56,3,453,0,0,0,453
06/19/2016,SJU,PR,ASO,ES,Towers with Radar,232,55,6,1,294,0,94,17,0,111,232,149,23,1,405,0,0,0,405
06/20/2016,SJU,PR,ASO,ES,Towers with Radar,215,103,15,0,333,0,78,27,0,105,215,181,42,0,438,0,0,0,438
06/21/2016,SJU,PR,ASO,ES,Towers with Radar,193,98,11,3,305,0,98,47,3,148,193,196,58,6,453,0,0,0,453
06/22/2016,SJU,PR,ASO,ES,Towers with Radar,208,81,12,5,306,0,78,29,0,107,208,159,41,5,413,0,0,0,413
06/23/2016,SJU,PR,ASO,ES,Towers with Radar,210,102,15,2,329,0,106,37,0,143,210,208,52,2,472,0,0,0,472
06/24/2016,SJU,PR,ASO,ES,Towers with Radar,207,111,12,3,333,0,126,21,0,147,207,237,33,3,480,0,0,0,480
06/25/2016,SJU,PR,ASO,ES,Towers with Radar,232,61,5,0,298,0,99,22,0,121,232,160,27,0,419,0,0,0,419
06/26/2016,SJU,PR,ASO,ES,Towers with Radar,229,65,2,2,298,0,110,17,0,127,229,175,19,2,425,0,0,0,425
06/27/2016,SJU,PR,ASO,ES,Towers with Radar,211,98,18,1,328,0,95,25,0,120,211,193,43,1,448,0,0,0,448
06/28/2016,SJU,PR,ASO,ES,Towers with Radar,205,90,18,1,314,0,68,32,1,101,205,158,50,2,415,0,0,0,415
06/29/2016,SJU,PR,ASO,ES,Towers with Radar,205,91,14,3,313,0,78,29,1,108,205,169,43,4,421,0,0,0,421
06/30/2016,SJU,PR,ASO,ES,Towers with Radar,214,111,16,0,341,0,89,14,0,103,214,200,30,0,444,0,0,0,444
07/01/2016,SJU,PR,ASO,ES,Towers with Radar,219,107,9,0,335,0,112,14,0,126,219,219,23,0,461,0,0,0,461
07/02/2016,SJU,PR,ASO,ES,Towers with Radar,249,67,10,0,326,0,91,21,0,112,249,158,31,0,438,0,0,0,438
07/03/2016,SJU,PR,ASO,ES,Towers with Radar,245,56,6,0,307,0,80,6,0,86,245,136,12,0,393,0,0,0,393
07/04/2016,SJU,PR,ASO,ES,Towers with Radar,206,70,5,0,281,0,84,13,0,97,206,154,18,0,378,0,0,0,378
07/05/2016,SJU,PR,ASO,ES,Towers with Radar,214,83,18,1,316,0,85,28,0,113,214,168,46,1,429,0,0,0,429
07/06/2016,SJU,PR,ASO,ES,Towers with Radar,220,100,21,21,362,0,85,27,1,113,220,185,48,22,475,0,0,0,475
07/07/2016,SJU,PR,ASO,ES,Towers with Radar,229,100,18,2,349,0,91,22,0,113,229,191,40,2,462,0,0,0,462
07/08/2016,SJU,PR,ASO,ES,Towers with Radar,213,112,16,3,344,0,113,35,0,148,213,225,51,3,492,0,0,0,492
07/09/2016,SJU,PR,ASO,ES,Towers with Radar,257,76,6,2,341,0,83,33,1,117,257,159,39,3,458,0,0,0,458
07/10/2016,SJU,PR,ASO,ES,Towers with Radar,236,51,6,0,293,0,96,22,0,118,236,147,28,0,411,0,0,0,411
07/11/2016,SJU,PR,ASO,ES,Towers with Radar,215,90,18,1,324,0,91,23,0,114,215,181,41,1,438,0,0,0,438
07/12/2016,SJU,PR,ASO,ES,Towers with Radar,215,84,3,2,304,0,94,11,25,130,215,178,14,27,434,0,0,0,434
07/13/2016,SJU,PR,ASO,ES,Towers with Radar,205,86,13,5,309,0,80,21,1,102,205,166,34,6,411,0,0,0,411
07/14/2016,SJU,PR,ASO,ES,Towers with Radar,229,109,10,5,353,0,81,38,2,121,229,190,48,7,474,0,0,0,474
07/15/2016,SJU,PR,ASO,ES,Towers with Radar,216,96,14,1,327,0,131,36,0,167,216,227,50,1,494,0,0,0,494
07/16/2016,SJU,PR,ASO,ES,Towers with Radar,245,64,7,14,330,0,94,26,2,122,245,158,33,16,452,0,0,0,452
07/17/2016,SJU,PR,ASO,ES,Towers with Radar,239,47,5,8,299,0,110,11,13,134,239,157,16,21,433,0,0,0,433
07/18/2016,SJU,PR,ASO,ES,Towers with Radar,214,105,18,3,340,0,107,29,1,137,214,212,47,4,477,0,0,0,477
07/19/2016,SJU,PR,ASO,ES,Towers with Radar,217,82,11,6,316,0,103,32,3,138,217,185,43,9,454,0,0,0,454
07/20/2016,SJU,PR,ASO,ES,Towers with Radar,218,107,8,3,336,0,84,23,1,108,218,191,31,4,444,0,0,0,444
07/21/2016,SJU,PR,ASO,ES,Towers with Radar,245,105,28,3,381,0,128,43,9,180,245,233,71,12,561,0,0,0,561
07/22/2016,SJU,PR,ASO,ES,Towers with Radar,216,105,12,3,336,0,126,56,1,183,216,231,68,4,519,0,0,0,519
07/23/2016,SJU,PR,ASO,ES,Towers with Radar,240,67,7,4,318,0,114,28,0,142,240,181,35,4,460,0,0,0,460
07/24/2016,SJU,PR,ASO,ES,Towers with Radar,239,54,5,5,303,0,100,28,3,131,239,154,33,8,434,0,0,0,434
07/25/2016,SJU,PR,ASO,ES,Towers with Radar,223,96,16,3,338,0,113,30,0,143,223,209,46,3,481,0,0,0,481
07/26/2016,SJU,PR,ASO,ES,Towers with Radar,214,117,11,0,342,0,93,32,0,125,214,210,43,0,467,0,0,0,467
07/27/2016,SJU,PR,ASO,ES,Towers with Radar,209,94,12,1,316,0,104,18,0,122,209,198,30,1,438,0,0,0,438
07/28/2016,SJU,PR,ASO,ES,Towers with Radar,227,104,11,1,343,0,102,31,0,133,227,206,42,1,476,0,0,0,476
07/29/2016,SJU,PR,ASO,ES,Towers with Radar,218,99,11,2,330,0,103,30,0,133,218,202,41,2,463,0,0,0,463
07/30/2016,SJU,PR,ASO,ES,Towers with Radar,257,65,15,0,337,0,110,40,0,150,257,175,55,0,487,0,0,0,487
07/31/2016,SJU,PR,ASO,ES,Towers with Radar,244,66,13,2,325,0,67,28,0,95,244,133,41,2,420,0,0,0,420
08/01/2016,SJU,PR,ASO,ES,Towers with Radar,229,117,8,1,355,0,69,20,2,91,229,186,28,3,446,0,0,0,446
08/02/2016,SJU,PR,ASO,ES,Towers with Radar,200,93,9,6,308,0,81,18,3,102,200,174,27,9,410,0,0,0,410
08/03/2016,SJU,PR,ASO,ES,Towers with Radar,207,80,16,13,316,0,89,39,0,128,207,169,55,13,444,0,0,0,444
08/04/2016,SJU,PR,ASO,ES,Towers with Radar,217,105,6,6,334,0,78,28,6,112,217,183,34,12,446,0,0,0,446
08/05/2016,SJU,PR,ASO,ES,Towers with Radar,210,124,18,3,355,0,58,14,1,73,210,182,32,4,428,0,0,0,428
08/06/2016,SJU,PR,ASO,ES,Towers with Radar,225,66,3,1,295,0,88,17,0,105,225,154,20,1,400,0,0,0,400
08/07/2016,SJU,PR,ASO,ES,Towers with Radar,215,57,12,0,284,0,84,13,0,97,215,141,25,0,381,0,0,0,381
08/08/2016,SJU,PR,ASO,ES,Towers with Radar,195,92,9,3,299,0,93,20,2,115,195,185,29,5,414,0,0,0,414
08/09/2016,SJU,PR,ASO,ES,Towers with Radar,188,81,30,4,303,0,86,10,0,96,188,167,40,4,399,0,0,0,399
08/10/2016,SJU,PR,ASO,ES,Towers with Radar,186,94,12,3,295,0,86,30,6,122,186,180,42,9,417,0,0,0,417
08/11/2016,SJU,PR,ASO,ES,Towers with Radar,212,101,14,1,328,0,84,19,0,103,212,185,33,1,431,0,0,0,431
08/12/2016,SJU,PR,ASO,ES,Towers with Radar,187,100,17,3,307,0,101,38,0,139,187,201,55,3,446,0,0,0,446
08/13/2016,SJU,PR,ASO,ES,Towers with Radar,219,63,13,9,304,0,83,23,0,106,219,146,36,9,410,0,0,0,410
08/14/2016,SJU,PR,ASO,ES,Towers with Radar,203,52,2,6,263,0,86,11,0,97,203,138,13,6,360,0,0,0,360
08/15/2016,SJU,PR,ASO,ES,Towers with Radar,190,94,14,6,304,0,83,22,0,105,190,177,36,6,409,0,0,0,409
08/16/2016,SJU,PR,ASO,ES,Towers with Radar,195,102,11,2,310,0,85,24,0,109,195,187,35,2,419,0,0,0,419
08/17/2016,SJU,PR,ASO,ES,Towers with Radar,188,82,11,14,295,0,75,31,4,110,188,157,42,18,405,0,0,0,405
08/18/2016,SJU,PR,ASO,ES,Towers with Radar,188,104,17,6,315,0,84,16,2,102,188,188,33,8,417,0,0,0,417
08/19/2016,SJU,PR,ASO,ES,Towers with Radar,190,99,4,3,296,0,107,17,2,126,190,206,21,5,422,0,0,0,422
08/20/2016,SJU,PR,ASO,ES,Towers with Radar,208,58,8,3,277,0,87,22,0,109,208,145,30,3,386,0,0,0,386
08/21/2016,SJU,PR,ASO,ES,Towers with Radar,189,42,6,1,238,0,80,9,0,89,189,122,15,1,327,0,0,0,327
08/22/2016,SJU,PR,ASO,ES,Towers with Radar,177,92,7,0,276,0,76,21,0,97,177,168,28,0,373,0,0,0,373
08/23/2016,SJU,PR,ASO,ES,Towers with Radar,166,71,14,2,253,0,92,16,0,108,166,163,30,2,361,0,0,0,361
08/24/2016,SJU,PR,ASO,ES,Towers with Radar,0,0,0,0,0,0,0,0,0,0,0,0,0,0,0,0,0,0,0
08/25/2016,SJU,PR,ASO,ES,Towers with Radar,0,0,0,0,0,0,0,0,0,0,0,0,0,0,0,0,0,0,0
08/26/2016,SJU,PR,ASO,ES,Towers with Radar,0,0,0,0,0,0,0,0,0,0,0,0,0,0,0,0,0,0,0
08/27/2016,SJU,PR,ASO,ES,Towers with Radar,0,0,0,0,0,0,0,0,0,0,0,0,0,0,0,0,0,0,0
08/28/2016,SJU,PR,ASO,ES,Towers with Radar,0,0,0,0,0,0,0,0,0,0,0,0,0,0,0,0,0,0,0
08/29/2016,SJU,PR,ASO,ES,Towers with Radar,0,0,0,0,0,0,0,0,0,0,0,0,0,0,0,0,0,0,0
08/30/2016,SJU,PR,ASO,ES,Towers with Radar,0,0,0,0,0,0,0,0,0,0,0,0,0,0,0,0,0,0,0
08/31/2016,SJU,PR,ASO,ES,Towers with Radar,0,0,0,0,0,0,0,0,0,0,0,0,0,0,0,0,0,0,0
09/01/2016,SJU,PR,ASO,ES,Towers with Radar,162,93,15,1,271,0,91,24,1,116,162,184,39,2,387,0,0,0,387
09/02/2016,SJU,PR,ASO,ES,Towers with Radar,166,100,12,1,279,0,99,13,0,112,166,199,25,1,391,0,0,0,391
09/03/2016,SJU,PR,ASO,ES,Towers with Radar,178,54,8,0,240,0,85,12,0,97,178,139,20,0,337,0,0,0,337
09/04/2016,SJU,PR,ASO,ES,Towers with Radar,161,38,5,0,204,0,66,7,0,73,161,104,12,0,277,0,0,0,277
09/05/2016,SJU,PR,ASO,ES,Towers with Radar,156,70,17,11,254,0,71,15,1,87,156,141,32,12,341,0,0,0,341
09/06/2016,SJU,PR,ASO,ES,Towers with Radar,153,83,9,10,255,0,75,34,1,110,153,158,43,11,365,0,0,0,365
09/07/2016,SJU,PR,ASO,ES,Towers with Radar,142,77,14,6,239,0,56,14,1,71,142,133,28,7,310,0,0,0,310
09/08/2016,SJU,PR,ASO,ES,Towers with Radar,144,86,9,2,241,0,65,32,0,97,144,151,41,2,338,0,0,0,338
09/09/2016,SJU,PR,ASO,ES,Towers with Radar,145,88,8,2,243,0,88,16,0,104,145,176,24,2,347,0,0,0,347
09/10/2016,SJU,PR,ASO,ES,Towers with Radar,156,46,10,5,217,0,60,12,1,73,156,106,22,6,290,0,0,0,290
09/11/2016,SJU,PR,ASO,ES,Towers with Radar,146,39,14,12,211,0,46,8,0,54,146,85,22,12,265,0,0,0,265
09/12/2016,SJU,PR,ASO,ES,Towers with Radar,129,87,17,5,238,0,72,21,0,93,129,159,38,5,331,0,0,0,331
09/13/2016,SJU,PR,ASO,ES,Towers with Radar,126,73,7,3,209,0,61,14,2,77,126,134,21,5,286,0,0,0,286
09/14/2016,SJU,PR,ASO,ES,Towers with Radar,135,70,9,9,223,0,79,25,0,104,135,149,34,9,327,0,0,0,327
09/15/2016,SJU,PR,ASO,ES,Towers with Radar,135,96,17,4,252,0,74,37,2,113,135,170,54,6,365,0,0,0,365
09/16/2016,SJU,PR,ASO,ES,Towers with Radar,138,91,6,0,235,0,88,15,0,103,138,179,21,0,338,0,0,0,338
09/17/2016,SJU,PR,ASO,ES,Towers with Radar,159,44,7,2,212,0,76,14,0,90,159,120,21,2,302,0,0,0,302
09/18/2016,SJU,PR,ASO,ES,Towers with Radar,136,43,3,0,182,0,68,12,0,80,136,111,15,0,262,0,0,0,262
09/19/2016,SJU,PR,ASO,ES,Towers with Radar,138,79,9,0,226,0,112,20,0,132,138,191,29,0,358,0,0,0,358
09/20/2016,SJU,PR,ASO,ES,Towers with Radar,127,74,26,3,230,0,65,16,0,81,127,139,42,3,311,0,0,0,311
09/21/2016,SJU,PR,ASO,ES,Towers with Radar,128,77,6,5,216,0,74,21,2,97,128,151,27,7,313,0,0,0,313
09/22/2016,SJU,PR,ASO,ES,Towers with Radar,142,74,10,0,226,0,66,27,0,93,142,140,37,0,319,0,0,0,319
09/23/2016,SJU,PR,ASO,ES,Towers with Radar,138,77,5,2,222,0,72,29,1,102,138,149,34,3,324,0,0,0,324
09/24/2016,SJU,PR,ASO,ES,Towers with Radar,162,36,0,3,201,0,62,5,2,69,162,98,5,5,270,0,0,0,270
09/25/2016,SJU,PR,ASO,ES,Towers with Radar,141,33,3,1,178,0,59,9,0,68,141,92,12,1,246,0,0,0,246
09/26/2016,SJU,PR,ASO,ES,Towers with Radar,141,88,4,8,241,0,80,26,0,106,141,168,30,8,347,0,0,0,347
09/27/2016,SJU,PR,ASO,ES,Towers with Radar,130,84,14,3,231,0,89,21,0,110,130,173,35,3,341,0,0,0,341
09/28/2016,SJU,PR,ASO,ES,Towers with Radar,121,68,9,0,198,0,62,38,3,103,121,130,47,3,301,0,0,0,301
09/29/2016,SJU,PR,ASO,ES,Towers with Radar,141,112,11,11,275,0,58,18,3,79,141,170,29,14,354,0,0,0,354
09/30/2016,SJU,PR,ASO,ES,Towers with Radar,140,98,19,4,261,0,95,14,2,111,140,193,33,6,372,0,0,0,372
10/01/2016,SJU,PR,ASO,ES,Towers with Radar,162,51,5,0,218,0,70,16,0,86,162,121,21,0,304,0,0,0,304
10/02/2016,SJU,PR,ASO,ES,Towers with Radar,144,38,9,1,192,0,54,7,0,61,144,92,16,1,253,0,0,0,253
10/03/2016,SJU,PR,ASO,ES,Towers with Radar,151,90,11,6,258,0,67,12,4,83,151,157,23,10,341,0,0,0,341
10/04/2016,SJU,PR,ASO,ES,Towers with Radar,142,79,7,2,230,0,53,37,8,98,142,132,44,10,328,0,0,0,328
10/05/2016,SJU,PR,ASO,ES,Towers with Radar,143,82,7,14,246,0,69,13,0,82,143,151,20,14,328,0,0,0,328
10/06/2016,SJU,PR,ASO,ES,Towers with Radar,129,83,8,5,225,0,87,19,3,109,129,170,27,8,334,0,0,0,334
10/07/2016,SJU,PR,ASO,ES,Towers with Radar,120,92,26,2,240,0,75,18,6,99,120,167,44,8,339,0,0,0,339
10/08/2016,SJU,PR,ASO,ES,Towers with Radar,166,48,17,4,235,0,68,13,1,82,166,116,30,5,317,0,0,0,317
10/09/2016,SJU,PR,ASO,ES,Towers with Radar,155,38,6,1,200,0,59,10,3,72,155,97,16,4,272,0,0,0,272
10/10/2016,SJU,PR,ASO,ES,Towers with Radar,157,70,8,9,244,0,75,14,0,89,157,145,22,9,333,0,0,0,333
10/11/2016,SJU,PR,ASO,ES,Towers with Radar,134,89,16,14,253,0,70,30,1,101,134,159,46,15,354,0,0,0,354
10/12/2016,SJU,PR,ASO,ES,Towers with Radar,144,79,22,17,262,0,80,71,0,151,144,159,93,17,413,0,0,0,413
10/13/2016,SJU,PR,ASO,ES,Towers with Radar,155,89,15,4,263,0,79,19,0,98,155,168,34,4,361,0,0,0,361
10/14/2016,SJU,PR,ASO,ES,Towers with Radar,161,70,11,2,244,0,89,27,2,118,161,159,38,4,362,0,0,0,362
10/15/2016,SJU,PR,ASO,ES,Towers with Radar,164,50,4,5,223,0,84,20,5,109,164,134,24,10,332,0,0,0,332
10/16/2016,SJU,PR,ASO,ES,Towers with Radar,157,38,5,7,207,0,58,16,2,76,157,96,21,9,283,0,0,0,283
10/17/2016,SJU,PR,ASO,ES,Towers with Radar,151,82,5,2,240,0,77,29,0,106,151,159,34,2,346,0,0,0,346
10/18/2016,SJU,PR,ASO,ES,Towers with Radar,142,95,8,2,247,0,72,18,0,90,142,167,26,2,337,0,0,0,337
10/19/2016,SJU,PR,ASO,ES,Towers with Radar,147,91,12,3,253,0,78,25,1,104,147,169,37,4,357,0,0,0,357
10/20/2016,SJU,PR,ASO,ES,Towers with Radar,157,93,18,8,276,0,86,31,3,120,157,179,49,11,396,0,0,0,396
10/21/2016,SJU,PR,ASO,ES,Towers with Radar,159,83,5,9,256,0,97,15,12,124,159,180,20,21,380,0,0,0,380
10/22/2016,SJU,PR,ASO,ES,Towers with Radar,164,43,8,2,217,0,80,32,1,113,164,123,40,3,330,0,0,0,330
10/23/2016,SJU,PR,ASO,ES,Towers with Radar,154,36,8,2,200,0,76,12,0,88,154,112,20,2,288,0,0,0,288
10/24/2016,SJU,PR,ASO,ES,Towers with Radar,157,97,9,1,264,0,78,13,0,91,157,175,22,1,355,0,0,0,355
10/25/2016,SJU,PR,ASO,ES,Towers with Radar,143,88,12,2,245,0,60,11,5,76,143,148,23,7,321,0,0,0,321
10/26/2016,SJU,PR,ASO,ES,Towers with Radar,136,88,8,8,240,0,63,21,1,85,136,151,29,9,325,0,0,0,325
10/27/2016,SJU,PR,ASO,ES,Towers with Radar,150,95,12,3,260,0,85,20,1,106,150,180,32,4,366,0,0,0,366
10/28/2016,SJU,PR,ASO,ES,Towers with Radar,154,107,11,4,276,0,97,36,6,139,154,204,47,10,415,0,0,0,415
10/29/2016,SJU,PR,ASO,ES,Towers with Radar,169,43,6,3,221,0,85,22,2,109,169,128,28,5,330,0,0,0,330
10/30/2016,SJU,PR,ASO,ES,Towers with Radar,170,44,2,1,217,0,70,17,0,87,170,114,19,1,304,0,0,0,304
10/31/2016,SJU,PR,ASO,ES,Towers with Radar,137,89,10,0,236,0,69,18,0,87,137,158,28,0,323,0,0,0,323
11/01/2016,SJU,PR,ASO,ES,Towers with Radar,140,102,23,1,266,0,62,33,0,95,140,164,56,1,361,0,0,0,361
11/02/2016,SJU,PR,ASO,ES,Towers with Radar,155,102,12,0,269,0,80,37,0,117,155,182,49,0,386,0,0,0,386
11/03/2016,SJU,PR,ASO,ES,Towers with Radar,151,114,11,2,278,0,74,20,1,95,151,188,31,3,373,0,0,0,373
11/04/2016,SJU,PR,ASO,ES,Towers with Radar,157,101,10,5,273,0,93,6,0,99,157,194,16,5,372,0,0,0,372
11/05/2016,SJU,PR,ASO,ES,Towers with Radar,202,55,9,1,267,0,94,26,1,121,202,149,35,2,388,0,0,0,388
11/06/2016,SJU,PR,ASO,ES,Towers with Radar,170,45,7,1,223,0,75,10,1,86,170,120,17,2,309,0,0,0,309
11/07/2016,SJU,PR,ASO,ES,Towers with Radar,152,101,25,3,281,0,78,23,0,101,152,179,48,3,382,0,0,0,382
11/08/2016,SJU,PR,ASO,ES,Towers with Radar,163,105,10,5,283,0,69,18,0,87,163,174,28,5,370,0,0,0,370
11/09/2016,SJU,PR,ASO,ES,Towers with Radar,163,91,15,16,285,0,94,35,2,131,163,185,50,18,416,0,0,0,416
11/10/2016,SJU,PR,ASO,ES,Towers with Radar,173,108,14,3,298,0,126,18,0,144,173,234,32,3,442,0,16,16,458
11/11/2016,SJU,PR,ASO,ES,Towers with Radar,187,91,9,1,288,0,98,34,1,133,187,189,43,2,421,0,0,0,421
11/12/2016,SJU,PR,ASO,ES,Towers with Radar,199,59,8,2,268,0,96,28,0,124,199,155,36,2,392,0,0,0,392
11/13/2016,SJU,PR,ASO,ES,Towers with Radar,181,48,13,0,242,0,88,40,0,128,181,136,53,0,370,0,0,0,370
11/14/2016,SJU,PR,ASO,ES,Towers with Radar,166,113,9,11,299,0,110,12,2,124,166,223,21,13,423,0,0,0,423
11/15/2016,SJU,PR,ASO,ES,Towers with Radar,165,105,14,5,289,0,88,31,0,119,165,193,45,5,408,0,0,0,408
11/16/2016,SJU,PR,ASO,ES,Towers with Radar,169,85,13,6,273,0,82,56,2,140,169,167,69,8,413,0,0,0,413
11/17/2016,SJU,PR,ASO,ES,Towers with Radar,201,119,22,3,345,0,91,44,2,137,201,210,66,5,482,0,0,0,482
11/18/2016,SJU,PR,ASO,ES,Towers with Radar,195,126,18,7,346,0,132,40,0,172,195,258,58,7,518,0,0,0,518
11/19/2016,SJU,PR,ASO,ES,Towers with Radar,204,82,22,4,312,0,86,68,0,154,204,168,90,4,466,0,0,0,466
11/20/2016,SJU,PR,ASO,ES,Towers with Radar,204,63,9,3,279,0,83,22,2,107,204,146,31,5,386,0,0,0,386
11/21/2016,SJU,PR,ASO,ES,Towers with Radar,187,116,28,0,331,0,48,19,0,67,187,164,47,0,398,0,0,0,398
11/22/2016,SJU,PR,ASO,ES,Towers with Radar,193,139,19,0,351,0,58,24,0,82,193,197,43,0,433,0,0,0,433
11/23/2016,SJU,PR,ASO,ES,Towers with Radar,191,123,11,0,325,0,98,38,0,136,191,221,49,0,461,0,0,0,461
11/24/2016,SJU,PR,ASO,ES,Towers with Radar,151,58,2,0,211,0,77,3,0,80,151,135,5,0,291,0,0,0,291
11/25/2016,SJU,PR,ASO,ES,Towers with Radar,164,106,3,0,273,0,96,25,0,121,164,202,28,0,394,0,0,0,394
11/26/2016,SJU,PR,ASO,ES,Towers with Radar,199,66,6,0,271,0,125,53,0,178,199,191,59,0,449,0,0,0,449
11/27/2016,SJU,PR,ASO,ES,Towers with Radar,209,60,19,0,288,0,105,30,0,135,209,165,49,0,423,0,0,0,423
11/28/2016,SJU,PR,ASO,ES,Towers with Radar,184,142,13,16,355,0,72,26,3,101,184,214,39,19,456,0,0,0,456
11/29/2016,SJU,PR,ASO,ES,Towers with Radar,181,101,14,2,298,0,74,23,3,100,181,175,37,5,398,0,0,0,398
11/30/2016,SJU,PR,ASO,ES,Towers with Radar,175,99,17,7,298,0,73,27,4,104,175,172,44,11,402,0,0,0,402
12/01/2016,SJU,PR,ASO,ES,Towers with Radar,176,124,13,18,331,0,82,34,4,120,176,206,47,22,451,0,0,0,451
12/02/2016,SJU,PR,ASO,ES,Towers with Radar,169,102,9,2,282,0,98,19,1,118,169,200,28,3,400,0,0,0,400
12/03/2016,SJU,PR,ASO,ES,Towers with Radar,200,65,17,5,287,0,92,28,3,123,200,157,45,8,410,0,0,0,410
12/04/2016,SJU,PR,ASO,ES,Towers with Radar,182,60,9,0,251,0,82,13,0,95,182,142,22,0,346,0,0,0,346
12/05/2016,SJU,PR,ASO,ES,Towers with Radar,166,109,13,0,288,0,82,26,0,108,166,191,39,0,396,0,0,0,396
12/06/2016,SJU,PR,ASO,ES,Towers with Radar,177,97,19,6,299,0,84,32,2,118,177,181,51,8,417,0,0,0,417
12/07/2016,SJU,PR,ASO,ES,Towers with Radar,0,0,0,0,0,0,0,0,0,0,0,0,0,0,0,0,0,0,0
12/08/2016,SJU,PR,ASO,ES,Towers with Radar,181,122,12,9,324,0,103,40,6,149,181,225,52,15,473,0,0,0,473
12/09/2016,SJU,PR,ASO,ES,Towers with Radar,188,129,19,7,343,0,86,22,0,108,188,215,41,7,451,0,0,0,451
12/10/2016,SJU,PR,ASO,ES,Towers with Radar,202,67,6,8,283,0,105,21,0,126,202,172,27,8,409,0,0,0,409
12/11/2016,SJU,PR,ASO,ES,Towers with Radar,191,64,11,2,268,0,104,9,0,113,191,168,20,2,381,0,0,0,381
12/12/2016,SJU,PR,ASO,ES,Towers with Radar,177,129,7,5,318,0,71,20,0,91,177,200,27,5,409,0,0,0,409
12/13/2016,SJU,PR,ASO,ES,Towers with Radar,181,119,25,7,332,0,65,28,6,99,181,184,53,13,431,0,0,0,431
12/14/2016,SJU,PR,ASO,ES,Towers with Radar,186,105,13,19,323,0,85,28,0,113,186,190,41,19,436,0,0,0,436
12/15/2016,SJU,PR,ASO,ES,Towers with Radar,210,141,11,2,364,0,130,40,1,171,210,271,51,3,535,0,0,0,535
12/16/2016,SJU,PR,ASO,ES,Towers with Radar,211,136,14,8,369,0,110,16,0,126,211,246,30,8,495,0,0,0,495
12/17/2016,SJU,PR,ASO,ES,Towers with Radar,249,94,18,4,365,0,134,53,0,187,249,228,71,4,552,0,0,0,552
12/18/2016,SJU,PR,ASO,ES,Towers with Radar,238,83,11,2,334,0,117,27,0,144,238,200,38,2,478,0,0,0,478
12/19/2016,SJU,PR,ASO,ES,Towers with Radar,222,126,15,1,364,0,113,31,0,144,222,239,46,1,508,0,0,0,508
12/20/2016,SJU,PR,ASO,ES,Towers with Radar,218,121,11,7,357,0,107,42,0,149,218,228,53,7,506,0,0,0,506
12/21/2016,SJU,PR,ASO,ES,Towers with Radar,231,100,15,9,355,0,83,43,8,134,231,183,58,17,489,0,0,0,489
12/22/2016,SJU,PR,ASO,ES,Towers with Radar,246,128,18,5,397,0,150,43,1,194,246,278,61,6,591,0,0,0,591
12/23/2016,SJU,PR,ASO,ES,Towers with Radar,232,128,26,4,390,0,150,28,0,178,232,278,54,4,568,0,0,0,568
12/24/2016,SJU,PR,ASO,ES,Towers with Radar,254,72,7,0,333,0,119,31,0,150,254,191,38,0,483,0,0,0,483
12/25/2016,SJU,PR,ASO,ES,Towers with Radar,223,74,7,0,304,0,103,10,0,113,223,177,17,0,417,0,0,0,417
12/26/2016,SJU,PR,ASO,ES,Towers with Radar,207,75,27,0,309,0,173,66,0,239,207,248,93,0,548,0,4,4,552
12/27/2016,SJU,PR,ASO,ES,Towers with Radar,218,118,30,0,366,0,139,87,0,226,218,257,117,0,592,0,0,0,592
12/28/2016,SJU,PR,ASO,ES,Towers with Radar,231,125,13,2,371,0,151,35,0,186,231,276,48,2,557,0,0,0,557
12/29/2016,SJU,PR,ASO,ES,Towers with Radar,233,117,16,0,366,0,138,45,0,183,233,255,61,0,549,0,0,0,549
12/30/2016,SJU,PR,ASO,ES,Towers with Radar,230,114,16,0,360,0,149,26,0,175,230,263,42,0,535,0,0,0,535
12/31/2016,SJU,PR,ASO,ES,Towers with Radar,259,75,18,0,352,0,128,23,0,151,259,203,41,0,503,0,0,0,503
01/01/2017,SJU,PR,ASO,ES,Towers with Radar,233,67,33,0,333,0,150,26,0,176,233,217,59,0,509,0,0,0,509
01/02/2017,SJU,PR,ASO,ES,Towers with Radar,210,82,56,0,348,0,203,80,0,283,210,285,136,0,631,0,0,0,631
01/03/2017,SJU,PR,ASO,ES,Towers with Radar,224,117,25,0,366,0,138,61,0,199,224,255,86,0,565,0,0,0,565
01/04/2017,SJU,PR,ASO,ES,Towers with Radar,215,122,13,0,350,0,135,45,0,180,215,257,58,0,530,0,0,0,530
01/05/2017,SJU,PR,ASO,ES,Towers with Radar,233,120,7,0,360,0,143,23,0,166,233,263,30,0,526,0,0,0,526
01/06/2017,SJU,PR,ASO,ES,Towers with Radar,195,118,9,0,322,0,138,9,0,147,195,256,18,0,469,0,0,0,469
01/07/2017,SJU,PR,ASO,ES,Towers with Radar,256,91,4,0,351,0,114,42,0,156,256,205,46,0,507,0,0,0,507
01/08/2017,SJU,PR,ASO,ES,Towers with Radar,220,69,15,2,306,0,120,25,0,145,220,189,40,2,451,0,0,0,451
01/09/2017,SJU,PR,ASO,ES,Towers with Radar,189,114,10,1,314,0,99,20,0,119,189,213,30,1,433,0,0,0,433
01/10/2017,SJU,PR,ASO,ES,Towers with Radar,180,107,9,1,297,0,113,22,0,135,180,220,31,1,432,0,0,0,432
01/11/2017,SJU,PR,ASO,ES,Towers with Radar,188,111,10,9,318,0,110,21,0,131,188,221,31,9,449,0,0,0,449
01/12/2017,SJU,PR,ASO,ES,Towers with Radar,196,106,22,2,326,0,138,31,0,169,196,244,53,2,495,0,0,0,495
01/13/2017,SJU,PR,ASO,ES,Towers with Radar,185,128,28,4,345,0,136,31,0,167,185,264,59,4,512,0,0,0,512
01/14/2017,SJU,PR,ASO,ES,Towers with Radar,223,70,5,5,303,0,163,24,4,191,223,233,29,9,494,0,0,0,494
01/15/2017,SJU,PR,ASO,ES,Towers with Radar,202,57,12,4,275,0,113,13,0,126,202,170,25,4,401,0,0,0,401
01/16/2017,SJU,PR,ASO,ES,Towers with Radar,178,96,13,1,288,0,131,33,0,164,178,227,46,1,452,0,0,0,452
01/17/2017,SJU,PR,ASO,ES,Towers with Radar,184,100,12,2,298,0,107,21,1,129,184,207,33,3,427,0,0,0,427
01/18/2017,SJU,PR,ASO,ES,Towers with Radar,182,90,15,12,299,0,112,27,4,143,182,202,42,16,442,0,0,0,442
01/19/2017,SJU,PR,ASO,ES,Towers with Radar,191,111,32,4,338,0,116,32,0,148,191,227,64,4,486,0,0,0,486
01/20/2017,SJU,PR,ASO,ES,Towers with Radar,182,101,20,0,303,0,139,26,0,165,182,240,46,0,468,0,0,0,468
01/21/2017,SJU,PR,ASO,ES,Towers with Radar,226,64,14,9,313,0,147,29,0,176,226,211,43,9,489,0,0,0,489
01/22/2017,SJU,PR,ASO,ES,Towers with Radar,199,65,7,6,277,0,99,22,0,121,199,164,29,6,398,0,0,0,398
01/23/2017,SJU,PR,ASO,ES,Towers with Radar,177,107,10,3,297,0,108,15,0,123,177,215,25,3,420,0,0,0,420
01/24/2017,SJU,PR,ASO,ES,Towers with Radar,178,108,32,1,319,0,112,41,1,154,178,220,73,2,473,0,0,0,473
01/25/2017,SJU,PR,ASO,ES,Towers with Radar,172,108,22,12,314,0,119,33,2,154,172,227,55,14,468,0,0,0,468
01/26/2017,SJU,PR,ASO,ES,Towers with Radar,181,114,26,1,322,0,145,35,0,180,181,259,61,1,502,0,0,0,502
01/27/2017,SJU,PR,ASO,ES,Towers with Radar,179,124,18,2,323,0,120,28,2,150,179,244,46,4,473,0,0,0,473
01/28/2017,SJU,PR,ASO,ES,Towers with Radar,221,69,6,0,296,0,158,33,1,192,221,227,39,1,488,0,0,0,488
01/29/2017,SJU,PR,ASO,ES,Towers with Radar,190,62,22,1,275,0,107,33,0,140,190,169,55,1,415,0,0,0,415
01/30/2017,SJU,PR,ASO,ES,Towers with Radar,175,126,16,1,318,0,103,22,0,125,175,229,38,1,443,0,0,0,443
01/31/2017,SJU,PR,ASO,ES,Towers with Radar,176,87,25,3,291,0,97,30,0,127,176,184,55,3,418,0,0,0,418
02/01/2017,SJU,PR,ASO,ES,Towers with Radar,172,97,25,5,299,0,110,43,0,153,172,207,68,5,452,0,0,0,452
02/02/2017,SJU,PR,ASO,ES,Towers with Radar,191,107,19,12,329,0,107,28,11,146,191,214,47,23,475,0,0,0,475
02/03/2017,SJU,PR,ASO,ES,Towers with Radar,184,117,28,2,331,0,133,34,0,167,184,250,62,2,498,0,0,0,498
02/04/2017,SJU,PR,ASO,ES,Towers with Radar,226,76,13,5,320,0,139,40,1,180,226,215,53,6,500,0,0,0,500
02/05/2017,SJU,PR,ASO,ES,Towers with Radar,190,53,14,2,259,0,115,10,6,131,190,168,24,8,390,0,0,0,390
02/06/2017,SJU,PR,ASO,ES,Towers with Radar,171,112,16,11,310,0,105,40,0,145,171,217,56,11,455,0,0,0,455
02/07/2017,SJU,PR,ASO,ES,Towers with Radar,173,96,23,13,305,0,104,33,0,137,173,200,56,13,442,0,0,0,442
02/08/2017,SJU,PR,ASO,ES,Towers with Radar,175,100,25,8,308,0,93,38,0,131,175,193,63,8,439,0,0,0,439
02/09/2017,SJU,PR,ASO,ES,Towers with Radar,156,105,22,5,288,0,120,36,0,156,156,225,58,5,444,0,0,0,444
02/10/2017,SJU,PR,ASO,ES,Towers with Radar,169,109,26,15,319,0,136,41,2,179,169,245,67,17,498,0,0,0,498
02/11/2017,SJU,PR,ASO,ES,Towers with Radar,221,64,21,0,306,0,161,54,0,215,221,225,75,0,521,0,0,0,521
02/12/2017,SJU,PR,ASO,ES,Towers with Radar,188,61,9,1,259,0,125,22,0,147,188,186,31,1,406,0,0,0,406
02/13/2017,SJU,PR,ASO,ES,Towers with Radar,173,111,22,1,307,0,117,24,0,141,173,228,46,1,448,0,0,0,448
02/14/2017,SJU,PR,ASO,ES,Towers with Radar,169,101,49,4,323,0,110,52,7,169,169,211,101,11,492,0,0,0,492
02/15/2017,SJU,PR,ASO,ES,Towers with Radar,169,95,35,3,302,0,120,76,3,199,169,215,111,6,501,0,0,0,501
02/16/2017,SJU,PR,ASO,ES,Towers with Radar,183,107,25,0,315,0,135,33,0,168,183,242,58,0,483,0,0,0,483
02/17/2017,SJU,PR,ASO,ES,Towers with Radar,179,119,34,5,337,0,170,35,3,208,179,289,69,8,545,0,0,0,545
02/18/2017,SJU,PR,ASO,ES,Towers with Radar,227,85,17,2,331,0,171,47,0,218,227,256,64,2,549,0,0,0,549
02/19/2017,SJU,PR,ASO,ES,Towers with Radar,201,73,8,3,285,0,132,22,0,154,201,205,30,3,439,0,0,0,439
02/20/2017,SJU,PR,ASO,ES,Towers with Radar,174,99,31,4,308,0,142,28,0,170,174,241,59,4,478,0,0,0,478
02/21/2017,SJU,PR,ASO,ES,Towers with Radar,183,95,18,1,297,0,89,26,0,115,183,184,44,1,412,0,0,0,412
02/22/2017,SJU,PR,ASO,ES,Towers with Radar,181,101,21,5,308,0,112,45,0,157,181,213,66,5,465,0,0,0,465
02/23/2017,SJU,PR,ASO,ES,Towers with Radar,184,151,33,0,368,0,89,11,0,100,184,240,44,0,468,0,0,0,468
02/24/2017,SJU,PR,ASO,ES,Towers with Radar,176,112,9,7,304,0,125,45,1,171,176,237,54,8,475,0,0,0,475
02/25/2017,SJU,PR,ASO,ES,Towers with Radar,231,86,16,2,335,0,160,41,0,201,231,246,57,2,536,0,0,0,536
02/26/2017,SJU,PR,ASO,ES,Towers with Radar,194,66,10,2,272,0,138,28,0,166,194,204,38,2,438,0,0,0,438
02/27/2017,SJU,PR,ASO,ES,Towers with Radar,169,134,18,4,325,0,127,27,0,154,169,261,45,4,479,0,0,0,479
02/28/2017,SJU,PR,ASO,ES,Towers with Radar,179,106,23,3,311,0,102,48,0,150,179,208,71,3,461,0,0,0,461
03/01/2017,SJU,PR,ASO,ES,Towers with Radar,176,103,14,11,304,0,111,36,1,148,176,214,50,12,452,0,0,0,452
03/02/2017,SJU,PR,ASO,ES,Towers with Radar,193,120,28,3,344,0,124,27,0,151,193,244,55,3,495,0,5,5,500
03/03/2017,SJU,PR,ASO,ES,Towers with Radar,191,136,14,3,344,0,109,36,1,146,191,245,50,4,490,0,0,0,490
03/04/2017,SJU,PR,ASO,ES,Towers with Radar,230,82,10,10,332,0,166,45,7,218,230,248,55,17,550,0,0,0,550
03/05/2017,SJU,PR,ASO,ES,Towers with Radar,192,65,10,6,273,0,137,12,0,149,192,202,22,6,422,0,0,0,422
03/06/2017,SJU,PR,ASO,ES,Towers with Radar,176,147,22,2,347,0,98,10,0,108,176,245,32,2,455,0,0,0,455
03/07/2017,SJU,PR,ASO,ES,Towers with Radar,184,122,16,5,327,0,85,8,0,93,184,207,24,5,420,0,0,0,420
03/08/2017,SJU,PR,ASO,ES,Towers with Radar,182,107,22,10,321,0,106,29,1,136,182,213,51,11,457,0,0,0,457
03/09/2017,SJU,PR,ASO,ES,Towers with Radar,187,126,27,3,343,0,97,34,2,133,187,223,61,5,476,0,0,0,476
03/10/2017,SJU,PR,ASO,ES,Towers with Radar,188,124,23,4,339,0,132,46,1,179,188,256,69,5,518,0,0,0,518
03/11/2017,SJU,PR,ASO,ES,Towers with Radar,234,74,21,0,329,0,217,58,0,275,234,291,79,0,604,0,0,0,604
03/12/2017,SJU,PR,ASO,ES,Towers with Radar,212,66,16,1,295,0,142,30,0,172,212,208,46,1,467,0,0,0,467
03/13/2017,SJU,PR,ASO,ES,Towers with Radar,167,108,18,5,298,0,127,43,4,174,167,235,61,9,472,0,0,0,472
03/14/2017,SJU,PR,ASO,ES,Towers with Radar,149,95,21,0,265,0,149,23,0,172,149,244,44,0,437,0,0,0,437
03/15/2017,SJU,PR,ASO,ES,Towers with Radar,181,92,26,2,301,0,131,29,0,160,181,223,55,2,461,0,0,0,461
03/16/2017,SJU,PR,ASO,ES,Towers with Radar,198,112,45,3,358,0,131,45,2,178,198,243,90,5,536,0,0,0,536
03/17/2017,SJU,PR,ASO,ES,Towers with Radar,180,126,21,2,329,0,136,35,0,171,180,262,56,2,500,0,0,0,500
03/18/2017,SJU,PR,ASO,ES,Towers with Radar,230,83,22,4,339,0,183,64,0,247,230,266,86,4,586,0,0,0,586
03/19/2017,SJU,PR,ASO,ES,Towers with Radar,210,63,10,1,284,0,136,27,3,166,210,199,37,4,450,0,0,0,450
03/20/2017,SJU,PR,ASO,ES,Towers with Radar,172,121,9,7,309,0,146,15,0,161,172,267,24,7,470,0,0,0,470
03/21/2017,SJU,PR,ASO,ES,Towers with Radar,187,100,23,0,310,0,128,42,2,172,187,228,65,2,482,0,0,0,482
03/22/2017,SJU,PR,ASO,ES,Towers with Radar,193,85,23,3,304,0,109,18,1,128,193,194,41,4,432,0,0,0,432
03/23/2017,SJU,PR,ASO,ES,Towers with Radar,203,133,28,2,366,0,62,28,0,90,203,195,56,2,456,0,0,0,456
03/24/2017,SJU,PR,ASO,ES,Towers with Radar,195,157,18,5,375,0,100,23,0,123,195,257,41,5,498,0,0,0,498
03/25/2017,SJU,PR,ASO,ES,Towers with Radar,227,98,14,7,346,0,148,48,2,198,227,246,62,9,544,0,0,0,544
03/26/2017,SJU,PR,ASO,ES,Towers with Radar,211,78,28,1,318,0,118,20,0,138,211,196,48,1,456,0,0,0,456
03/27/2017,SJU,PR,ASO,ES,Towers with Radar,192,101,15,1,309,0,122,27,0,149,192,223,42,1,458,0,0,0,458
03/28/2017,SJU,PR,ASO,ES,Towers with Radar,177,87,20,6,290,0,86,32,1,119,177,173,52,7,409,0,0,0,409
03/29/2017,SJU,PR,ASO,ES,Towers with Radar,197,93,29,3,322,0,143,37,3,183,197,236,66,6,505,0,0,0,505
03/30/2017,SJU,PR,ASO,ES,Towers with Radar,196,112,9,5,322,0,131,28,2,161,196,243,37,7,483,0,0,0,483
03/31/2017,SJU,PR,ASO,ES,Towers with Radar,179,114,13,2,308,0,146,47,0,193,179,260,60,2,501,0,0,0,501
04/01/2017,SJU,PR,ASO,ES,Towers with Radar,227,61,18,0,306,0,181,48,0,229,227,242,66,0,535,0,0,0,535
04/02/2017,SJU,PR,ASO,ES,Towers with Radar,212,62,14,1,289,0,125,14,0,139,212,187,28,1,428,0,0,0,428
04/03/2017,SJU,PR,ASO,ES,Towers with Radar,180,105,17,0,302,0,114,42,1,157,180,219,59,1,459,0,0,0,459
04/04/2017,SJU,PR,ASO,ES,Towers with Radar,181,88,20,6,295,0,102,27,0,129,181,190,47,6,424,0,0,0,424
04/05/2017,SJU,PR,ASO,ES,Towers with Radar,169,97,25,1,292,0,106,38,1,145,169,203,63,2,437,0,0,0,437
04/06/2017,SJU,PR,ASO,ES,Towers with Radar,179,106,21,6,312,0,111,34,0,145,179,217,55,6,457,0,0,0,457
04/07/2017,SJU,PR,ASO,ES,Towers with Radar,181,122,10,2,315,0,122,32,6,160,181,244,42,8,475,0,0,0,475
04/08/2017,SJU,PR,ASO,ES,Towers with Radar,237,65,23,4,329,0,168,40,0,208,237,233,63,4,537,0,0,0,537
04/09/2017,SJU,PR,ASO,ES,Towers with Radar,205,61,8,2,276,0,125,22,3,150,205,186,30,5,426,0,0,0,426
04/10/2017,SJU,PR,ASO,ES,Towers with Radar,188,118,10,2,318,0,91,16,1,108,188,209,26,3,426,0,0,0,426
04/11/2017,SJU,PR,ASO,ES,Towers with Radar,183,105,21,4,313,0,94,26,0,120,183,199,47,4,433,0,0,0,433
04/12/2017,SJU,PR,ASO,ES,Towers with Radar,182,107,17,3,309,0,101,27,0,128,182,208,44,3,437,0,0,0,437
04/13/2017,SJU,PR,ASO,ES,Towers with Radar,188,113,13,2,316,0,126,29,2,157,188,239,42,4,473,0,0,0,473
04/14/2017,SJU,PR,ASO,ES,Towers with Radar,186,58,14,0,258,0,130,30,0,160,186,188,44,0,418,0,0,0,418
04/15/2017,SJU,PR,ASO,ES,Towers with Radar,229,88,14,2,333,0,140,28,0,168,229,228,42,2,501,0,0,0,501
04/16/2017,SJU,PR,ASO,ES,Towers with Radar,202,78,14,0,294,0,147,45,0,192,202,225,59,0,486,0,0,0,486
04/17/2017,SJU,PR,ASO,ES,Towers with Radar,0,0,0,0,0,0,0,0,0,0,0,0,0,0,0,0,0,0,0
04/18/2017,SJU,PR,ASO,ES,Towers with Radar,181,124,23,1,329,0,86,43,1,130,181,210,66,2,459,0,0,0,459
04/19/2017,SJU,PR,ASO,ES,Towers with Radar,178,133,16,0,327,0,86,20,0,106,178,219,36,0,433,0,0,0,433
04/20/2017,SJU,PR,ASO,ES,Towers with Radar,185,100,22,8,315,0,91,18,0,109,185,191,40,8,424,0,0,0,424
04/21/2017,SJU,PR,ASO,ES,Towers with Radar,190,103,16,3,312,0,126,24,0,150,190,229,40,3,462,0,0,0,462
04/22/2017,SJU,PR,ASO,ES,Towers with Radar,226,67,11,1,305,0,128,46,0,174,226,195,57,1,479,0,0,0,479
04/23/2017,SJU,PR,ASO,ES,Towers with Radar,200,59,10,1,270,0,114,14,0,128,200,173,24,1,398,0,0,0,398
04/24/2017,SJU,PR,ASO,ES,Towers with Radar,185,108,10,5,308,0,83,17,1,101,185,191,27,6,409,0,0,0,409
04/25/2017,SJU,PR,ASO,ES,Towers with Radar,171,95,14,3,283,0,89,29,0,118,171,184,43,3,401,0,0,0,401
04/26/2017,SJU,PR,ASO,ES,Towers with Radar,184,105,29,1,319,0,93,26,0,119,184,198,55,1,438,0,0,0,438
04/27/2017,SJU,PR,ASO,ES,Towers with Radar,174,100,25,12,311,0,102,24,1,127,174,202,49,13,438,0,0,0,438
04/28/2017,SJU,PR,ASO,ES,Towers with Radar,170,109,27,9,315,0,103,25,0,128,170,212,52,9,443,0,0,0,443
04/29/2017,SJU,PR,ASO,ES,Towers with Radar,207,90,8,0,305,0,92,26,0,118,207,182,34,0,423,0,0,0,423
04/30/2017,SJU,PR,ASO,ES,Towers with Radar,169,86,13,0,268,0,92,14,0,106,169,178,27,0,374,0,0,0,374
05/01/2017,SJU,PR,ASO,ES,Towers with Radar,169,97,7,2,275,0,72,14,0,86,169,169,21,2,361,0,0,0,361
05/02/2017,SJU,PR,ASO,ES,Towers with Radar,172,102,24,2,300,0,96,32,5,133,172,198,56,7,433,0,0,0,433
05/03/2017,SJU,PR,ASO,ES,Towers with Radar,173,85,11,3,272,0,102,37,3,142,173,187,48,6,414,0,0,0,414
05/04/2017,SJU,PR,ASO,ES,Towers with Radar,176,110,24,6,316,0,100,34,33,167,176,210,58,39,483,0,0,0,483
05/05/2017,SJU,PR,ASO,ES,Towers with Radar,177,94,20,17,308,0,119,31,0,150,177,213,51,17,458,0,0,0,458
05/06/2017,SJU,PR,ASO,ES,Towers with Radar,178,65,8,7,258,0,105,19,0,124,178,170,27,7,382,0,0,0,382
05/07/2017,SJU,PR,ASO,ES,Towers with Radar,173,67,7,9,256,0,99,25,3,127,173,166,32,12,383,0,0,0,383
05/08/2017,SJU,PR,ASO,ES,Towers with Radar,176,101,28,3,308,0,94,27,1,122,176,195,55,4,430,0,0,0,430
05/09/2017,SJU,PR,ASO,ES,Towers with Radar,173,109,30,5,317,0,59,30,0,89,173,168,60,5,406,0,0,0,406
05/10/2017,SJU,PR,ASO,ES,Towers with Radar,173,90,18,6,287,0,90,25,1,116,173,180,43,7,403,0,0,0,403
05/11/2017,SJU,PR,ASO,ES,Towers with Radar,168,116,22,3,309,0,87,28,0,115,168,203,50,3,424,0,0,0,424
05/12/2017,SJU,PR,ASO,ES,Towers with Radar,178,108,10,4,300,0,108,21,1,130,178,216,31,5,430,0,0,0,430
05/13/2017,SJU,PR,ASO,ES,Towers with Radar,192,62,19,0,273,0,108,23,0,131,192,170,42,0,404,0,0,0,404
05/14/2017,SJU,PR,ASO,ES,Towers with Radar,169,61,9,3,242,0,78,17,4,99,169,139,26,7,341,0,0,0,341
05/15/2017,SJU,PR,ASO,ES,Towers with Radar,174,93,17,2,286,0,85,23,0,108,174,178,40,2,394,0,0,0,394
05/16/2017,SJU,PR,ASO,ES,Towers with Radar,168,93,17,9,287,0,82,23,2,107,168,175,40,11,394,0,0,0,394
05/17/2017,SJU,PR,ASO,ES,Towers with Radar,168,87,34,9,298,0,94,36,2,132,168,181,70,11,430,0,0,0,430
05/18/2017,SJU,PR,ASO,ES,Towers with Radar,178,103,12,5,298,0,85,34,0,119,178,188,46,5,417,0,0,0,417
05/19/2017,SJU,PR,ASO,ES,Towers with Radar,175,94,12,1,282,0,98,13,7,118,175,192,25,8,400,0,0,0,400
05/20/2017,SJU,PR,ASO,ES,Towers with Radar,197,61,8,3,269,0,96,15,0,111,197,157,23,3,380,0,0,0,380
05/21/2017,SJU,PR,ASO,ES,Towers with Radar,172,56,5,2,235,0,74,23,0,97,172,130,28,2,332,0,0,0,332
05/22/2017,SJU,PR,ASO,ES,Towers with Radar,173,103,12,5,293,0,78,14,0,92,173,181,26,5,385,0,0,0,385
05/23/2017,SJU,PR,ASO,ES,Towers with Radar,169,93,21,5,288,0,77,56,0,133,169,170,77,5,421,0,0,0,421
05/24/2017,SJU,PR,ASO,ES,Towers with Radar,181,81,22,7,291,0,98,37,0,135,181,179,59,7,426,0,0,0,426
05/25/2017,SJU,PR,ASO,ES,Towers with Radar,186,93,18,4,301,0,101,29,1,131,186,194,47,5,432,0,0,0,432
05/26/2017,SJU,PR,ASO,ES,Towers with Radar,186,102,15,2,305,10,120,13,1,144,196,222,28,3,449,0,0,0,449
05/27/2017,SJU,PR,ASO,ES,Towers with Radar,217,58,2,0,277,0,105,22,0,127,217,163,24,0,404,0,0,0,404
05/28/2017,SJU,PR,ASO,ES,Towers with Radar,188,61,5,0,254,0,99,11,0,110,188,160,16,0,364,0,0,0,364
05/29/2017,SJU,PR,ASO,ES,Towers with Radar,181,75,21,0,277,0,104,33,0,137,181,179,54,0,414,0,0,0,414
05/30/2017,SJU,PR,ASO,ES,Towers with Radar,169,88,16,1,274,0,96,23,0,119,169,184,39,1,393,0,0,0,393
05/31/2017,SJU,PR,ASO,ES,Towers with Radar,173,93,13,1,280,0,88,29,0,117,173,181,42,1,397,0,0,0,397
06/01/2017,SJU,PR,ASO,ES,Towers with Radar,194,104,18,1,317,0,84,29,0,113,194,188,47,1,430,0,0,0,430
06/02/2017,SJU,PR,ASO,ES,Towers with Radar,187,100,13,5,305,0,99,25,2,126,187,199,38,7,431,0,0,0,431
06/03/2017,SJU,PR,ASO,ES,Towers with Radar,214,58,10,4,286,0,100,28,0,128,214,158,38,4,414,0,0,0,414
06/04/2017,SJU,PR,ASO,ES,Towers with Radar,214,62,11,9,296,0,82,10,3,95,214,144,21,12,391,0,0,0,391
06/05/2017,SJU,PR,ASO,ES,Towers with Radar,200,92,14,3,309,0,84,20,0,104,200,176,34,3,413,0,0,0,413
06/06/2017,SJU,PR,ASO,ES,Towers with Radar,194,87,9,11,301,0,69,14,0,83,194,156,23,11,384,0,0,0,384
06/07/2017,SJU,PR,ASO,ES,Towers with Radar,189,83,19,8,299,0,91,27,1,119,189,174,46,9,418,0,0,0,418
06/08/2017,SJU,PR,ASO,ES,Towers with Radar,205,111,11,6,333,0,88,6,1,95,205,199,17,7,428,0,1,1,429
06/09/2017,SJU,PR,ASO,ES,Towers with Radar,208,106,19,1,334,0,100,25,0,125,208,206,44,1,459,0,0,0,459
06/10/2017,SJU,PR,ASO,ES,Towers with Radar,229,66,5,2,302,0,105,16,2,123,229,171,21,4,425,0,0,0,425
06/11/2017,SJU,PR,ASO,ES,Towers with Radar,229,65,12,0,306,0,94,4,1,99,229,159,16,1,405,0,0,0,405
06/12/2017,SJU,PR,ASO,ES,Towers with Radar,211,114,7,0,332,0,94,18,0,112,211,208,25,0,444,0,0,0,444
06/13/2017,SJU,PR,ASO,ES,Towers with Radar,203,97,18,1,319,0,85,30,1,116,203,182,48,2,435,0,0,0,435
06/14/2017,SJU,PR,ASO,ES,Towers with Radar,199,84,11,6,300,0,88,29,0,117,199,172,40,6,417,0,0,0,417
06/15/2017,SJU,PR,ASO,ES,Towers with Radar,200,114,14,1,329,0,86,21,0,107,200,200,35,1,436,0,0,0,436
06/16/2017,SJU,PR,ASO,ES,Towers with Radar,211,91,12,10,324,0,111,28,0,139,211,202,40,10,463,0,0,0,463
06/17/2017,SJU,PR,ASO,ES,Towers with Radar,247,62,15,1,325,0,103,30,4,137,247,165,45,5,462,0,0,0,462
06/18/2017,SJU,PR,ASO,ES,Towers with Radar,219,58,15,3,295,0,85,12,1,98,219,143,27,4,393,0,0,0,393
06/19/2017,SJU,PR,ASO,ES,Towers with Radar,206,106,7,2,321,0,78,18,1,97,206,184,25,3,418,0,0,0,418
06/20/2017,SJU,PR,ASO,ES,Towers with Radar,209,101,13,0,323,0,77,22,0,99,209,178,35,0,422,0,0,0,422
06/21/2017,SJU,PR,ASO,ES,Towers with Radar,205,83,20,17,325,0,75,46,2,123,205,158,66,19,448,0,0,0,448
06/22/2017,SJU,PR,ASO,ES,Towers with Radar,221,98,16,1,336,0,106,22,0,128,221,204,38,1,464,0,0,0,464
06/23/2017,SJU,PR,ASO,ES,Towers with Radar,225,96,12,6,339,0,112,18,1,131,225,208,30,7,470,0,0,0,470
06/24/2017,SJU,PR,ASO,ES,Towers with Radar,238,59,16,0,313,0,103,36,0,139,238,162,52,0,452,0,0,0,452
06/25/2017,SJU,PR,ASO,ES,Towers with Radar,234,53,4,9,300,0,104,13,1,118,234,157,17,10,418,0,0,0,418
06/26/2017,SJU,PR,ASO,ES,Towers with Radar,204,100,15,3,322,0,95,18,2,115,204,195,33,5,437,0,0,0,437
06/27/2017,SJU,PR,ASO,ES,Towers with Radar,206,80,14,2,302,0,85,48,0,133,206,165,62,2,435,0,0,0,435
06/28/2017,SJU,PR,ASO,ES,Towers with Radar,0,0,0,0,0,0,0,0,0,0,0,0,0,0,0,0,0,0,0
06/29/2017,SJU,PR,ASO,ES,Towers with Radar,224,117,17,1,359,0,85,30,0,115,224,202,47,1,474,0,0,0,474
06/30/2017,SJU,PR,ASO,ES,Towers with Radar,221,98,18,4,341,0,114,31,2,147,221,212,49,6,488,0,0,0,488
07/01/2017,SJU,PR,ASO,ES,Towers with Radar,242,66,10,3,321,0,120,56,0,176,242,186,66,3,497,0,0,0,497
07/02/2017,SJU,PR,ASO,ES,Towers with Radar,231,52,7,1,291,0,91,23,0,114,231,143,30,1,405,0,0,0,405
07/03/2017,SJU,PR,ASO,ES,Towers with Radar,211,107,8,2,328,0,82,6,0,88,211,189,14,2,416,0,0,0,416
07/04/2017,SJU,PR,ASO,ES,Towers with Radar,196,69,6,1,272,0,69,17,0,86,196,138,23,1,358,0,0,0,358
07/05/2017,SJU,PR,ASO,ES,Towers with Radar,213,80,26,5,324,0,114,30,0,144,213,194,56,5,468,0,0,0,468
07/06/2017,SJU,PR,ASO,ES,Towers with Radar,210,105,14,5,334,0,92,34,0,126,210,197,48,5,460,0,0,0,460
07/07/2017,SJU,PR,ASO,ES,Towers with Radar,207,107,9,3,326,0,109,28,0,137,207,216,37,3,463,0,0,0,463
07/08/2017,SJU,PR,ASO,ES,Towers with Radar,248,60,9,2,319,0,111,33,0,144,248,171,42,2,463,0,0,0,463
07/09/2017,SJU,PR,ASO,ES,Towers with Radar,233,61,13,3,310,0,89,8,0,97,233,150,21,3,407,0,0,0,407
07/10/2017,SJU,PR,ASO,ES,Towers with Radar,211,101,6,10,328,0,85,12,3,100,211,186,18,13,428,0,0,0,428
07/11/2017,SJU,PR,ASO,ES,Towers with Radar,206,102,15,3,326,0,70,21,0,91,206,172,36,3,417,0,0,0,417
07/12/2017,SJU,PR,ASO,ES,Towers with Radar,209,86,14,12,321,0,79,16,4,99,209,165,30,16,420,0,0,0,420
07/13/2017,SJU,PR,ASO,ES,Towers with Radar,221,125,12,13,371,0,75,24,6,105,221,200,36,19,476,0,0,0,476
07/14/2017,SJU,PR,ASO,ES,Towers with Radar,214,132,13,5,364,0,114,25,2,141,214,246,38,7,505,0,0,0,505
07/15/2017,SJU,PR,ASO,ES,Towers with Radar,243,66,7,6,322,0,91,23,2,116,243,157,30,8,438,0,0,0,438
07/16/2017,SJU,PR,ASO,ES,Towers with Radar,230,56,16,2,304,0,100,27,0,127,230,156,43,2,431,0,0,0,431
07/17/2017,SJU,PR,ASO,ES,Towers with Radar,212,106,17,8,343,0,100,30,0,130,212,206,47,8,473,0,0,0,473
07/18/2017,SJU,PR,ASO,ES,Towers with Radar,212,93,6,14,325,0,90,16,2,108,212,183,22,16,433,0,0,0,433
07/19/2017,SJU,PR,ASO,ES,Towers with Radar,217,97,19,8,341,0,87,33,3,123,217,184,52,11,464,0,0,0,464
07/20/2017,SJU,PR,ASO,ES,Towers with Radar,223,97,17,5,342,0,114,38,1,153,223,211,55,6,495,0,0,0,495
07/21/2017,SJU,PR,ASO,ES,Towers with Radar,206,99,17,3,325,0,114,40,0,154,206,213,57,3,479,0,0,0,479
07/22/2017,SJU,PR,ASO,ES,Towers with Radar,233,62,3,5,303,0,116,27,1,144,233,178,30,6,447,0,0,0,447
07/23/2017,SJU,PR,ASO,ES,Towers with Radar,229,52,2,2,285,0,90,27,1,118,229,142,29,3,403,0,0,0,403
07/24/2017,SJU,PR,ASO,ES,Towers with Radar,216,100,4,3,323,0,98,23,1,122,216,198,27,4,445,0,0,0,445
07/25/2017,SJU,PR,ASO,ES,Towers with Radar,204,87,14,4,309,0,78,22,0,100,204,165,36,4,409,0,0,0,409
07/26/2017,SJU,PR,ASO,ES,Towers with Radar,201,91,9,7,308,0,80,41,3,124,201,171,50,10,432,0,0,0,432
07/27/2017,SJU,PR,ASO,ES,Towers with Radar,213,109,10,2,334,0,94,39,0,133,213,203,49,2,467,0,0,0,467
07/28/2017,SJU,PR,ASO,ES,Towers with Radar,214,105,12,2,333,0,98,39,0,137,214,203,51,2,470,0,0,0,470
07/29/2017,SJU,PR,ASO,ES,Towers with Radar,247,66,12,7,332,0,107,28,0,135,247,173,40,7,467,0,0,0,467
07/30/2017,SJU,PR,ASO,ES,Towers with Radar,226,62,13,10,311,0,98,29,0,127,226,160,42,10,438,0,0,0,438
07/31/2017,SJU,PR,ASO,ES,Towers with Radar,218,114,10,2,344,0,76,14,1,91,218,190,24,3,435,0,0,0,435
08/01/2017,SJU,PR,ASO,ES,Towers with Radar,212,81,18,7,318,0,84,23,2,109,212,165,41,9,427,0,0,0,427
08/02/2017,SJU,PR,ASO,ES,Towers with Radar,194,94,13,5,306,0,73,16,1,90,194,167,29,6,396,0,0,0,396
08/03/2017,SJU,PR,ASO,ES,Towers with Radar,203,116,19,2,340,0,93,33,0,126,203,209,52,2,466,0,0,0,466
08/04/2017,SJU,PR,ASO,ES,Towers with Radar,197,95,16,1,309,0,79,13,0,92,197,174,29,1,401,0,0,0,401
08/05/2017,SJU,PR,ASO,ES,Towers with Radar,237,60,9,3,309,0,91,15,0,106,237,151,24,3,415,0,0,0,415
08/06/2017,SJU,PR,ASO,ES,Towers with Radar,221,63,4,0,288,0,81,12,0,93,221,144,16,0,381,0,0,0,381
08/07/2017,SJU,PR,ASO,ES,Towers with Radar,208,101,6,6,321,0,73,11,0,84,208,174,17,6,405,0,0,0,405
08/08/2017,SJU,PR,ASO,ES,Towers with Radar,199,83,32,3,317,0,76,32,0,108,199,159,64,3,425,0,0,0,425
08/09/2017,SJU,PR,ASO,ES,Towers with Radar,211,93,34,6,344,0,64,52,0,116,211,157,86,6,460,0,0,0,460
08/10/2017,SJU,PR,ASO,ES,Towers with Radar,215,110,9,4,338,0,90,12,8,110,215,200,21,12,448,0,0,0,448
08/11/2017,SJU,PR,ASO,ES,Towers with Radar,201,99,12,2,314,0,83,11,1,95,201,182,23,3,409,0,0,0,409
08/12/2017,SJU,PR,ASO,ES,Towers with Radar,227,68,10,0,305,0,85,19,0,104,227,153,29,0,409,0,0,0,409
08/13/2017,SJU,PR,ASO,ES,Towers with Radar,206,56,7,2,271,0,83,22,0,105,206,139,29,2,376,0,0,0,376
08/14/2017,SJU,PR,ASO,ES,Towers with Radar,203,101,13,4,321,0,78,17,3,98,203,179,30,7,419,0,0,0,419
08/15/2017,SJU,PR,ASO,ES,Towers with Radar,181,76,25,3,285,0,79,43,0,122,181,155,68,3,407,0,0,0,407
08/16/2017,SJU,PR,ASO,ES,Towers with Radar,178,104,9,3,294,0,66,16,2,84,178,170,25,5,378,0,0,0,378
08/17/2017,SJU,PR,ASO,ES,Towers with Radar,177,107,11,3,298,0,57,17,0,74,177,164,28,3,372,0,0,0,372
08/18/2017,SJU,PR,ASO,ES,Towers with Radar,174,101,11,6,292,0,77,19,0,96,174,178,30,6,388,0,0,0,388
08/19/2017,SJU,PR,ASO,ES,Towers with Radar,206,58,4,3,271,0,70,6,0,76,206,128,10,3,347,0,0,0,347
08/20/2017,SJU,PR,ASO,ES,Towers with Radar,178,59,5,4,246,0,60,16,0,76,178,119,21,4,322,0,0,0,322
08/21/2017,SJU,PR,ASO,ES,Towers with Radar,179,106,11,0,296,0,69,13,0,82,179,175,24,0,378,0,0,0,378
08/22/2017,SJU,PR,ASO,ES,Towers with Radar,150,84,26,0,260,0,80,28,3,111,150,164,54,3,371,0,0,0,371
08/23/2017,SJU,PR,ASO,ES,Towers with Radar,151,84,20,3,258,0,81,21,0,102,151,165,41,3,360,0,0,0,360
08/24/2017,SJU,PR,ASO,ES,Towers with Radar,159,104,14,8,285,0,72,30,21,123,159,176,44,29,408,0,0,0,408
08/25/2017,SJU,PR,ASO,ES,Towers with Radar,170,100,16,11,297,0,73,25,0,98,170,173,41,11,395,0,0,0,395
08/26/2017,SJU,PR,ASO,ES,Towers with Radar,170,59,20,2,251,0,75,26,1,102,170,134,46,3,353,0,0,0,353
08/27/2017,SJU,PR,ASO,ES,Towers with Radar,164,52,10,1,227,0,68,9,0,77,164,120,19,1,304,0,0,0,304
08/28/2017,SJU,PR,ASO,ES,Towers with Radar,152,105,10,0,267,0,71,8,0,79,152,176,18,0,346,0,0,0,346
08/29/2017,SJU,PR,ASO,ES,Towers with Radar,0,0,0,0,0,0,0,0,0,0,0,0,0,0,0,0,0,0,0
08/30/2017,SJU,PR,ASO,ES,Towers with Radar,0,0,0,0,0,0,0,0,0,0,0,0,0,0,0,0,0,0,0
08/31/2017,SJU,PR,ASO,ES,Towers with Radar,0,0,0,0,0,0,0,0,0,0,0,0,0,0,0,0,0,0,0
09/01/2017,SJU,PR,ASO,ES,Towers with Radar,167,96,13,1,277,0,86,37,0,123,167,182,50,1,400,0,0,0,400
09/02/2017,SJU,PR,ASO,ES,Towers with Radar,170,50,2,2,224,0,84,17,0,101,170,134,19,2,325,0,0,0,325
09/03/2017,SJU,PR,ASO,ES,Towers with Radar,160,56,9,1,226,0,55,8,0,63,160,111,17,1,289,0,0,0,289
09/04/2017,SJU,PR,ASO,ES,Towers with Radar,148,87,22,0,257,0,78,19,2,99,148,165,41,2,356,0,0,0,356
09/05/2017,SJU,PR,ASO,ES,Towers with Radar,151,86,57,11,305,0,21,30,0,51,151,107,87,11,356,0,0,0,356
09/06/2017,SJU,PR,ASO,ES,Towers with Radar,32,2,2,2,38,0,1,2,0,3,32,3,4,2,41,0,0,0,41
09/07/2017,SJU,PR,ASO,ES,Towers with Radar,16,14,10,8,48,0,4,10,0,14,16,18,20,8,62,0,0,0,62
09/08/2017,SJU,PR,ASO,ES,Towers with Radar,109,56,30,9,204,0,23,44,5,72,109,79,74,14,276,0,0,0,276
09/09/2017,SJU,PR,ASO,ES,Towers with Radar,94,61,16,17,188,0,40,32,13,85,94,101,48,30,273,0,0,0,273
09/10/2017,SJU,PR,ASO,ES,Towers with Radar,109,44,26,21,200,0,51,54,12,117,109,95,80,33,317,0,0,0,317
09/11/2017,SJU,PR,ASO,ES,Towers with Radar,0,0,0,0,0,0,0,0,0,0,0,0,0,0,0,0,0,0,0
09/12/2017,SJU,PR,ASO,ES,Towers with Radar,0,0,0,0,0,0,0,0,0,0,0,0,0,0,0,0,0,0,0
09/13/2017,SJU,PR,ASO,ES,Towers with Radar,97,50,22,8,177,0,27,21,2,50,97,77,43,10,227,0,0,0,227
09/14/2017,SJU,PR,ASO,ES,Towers with Radar,0,0,0,0,0,0,0,0,0,0,0,0,0,0,0,0,0,0,0
09/15/2017,SJU,PR,ASO,ES,Towers with Radar,157,93,31,11,292,0,82,58,7,147,157,175,89,18,439,0,0,0,439
09/16/2017,SJU,PR,ASO,ES,Towers with Radar,145,52,34,13,244,0,68,65,15,148,145,120,99,28,392,0,0,0,392
09/17/2017,SJU,PR,ASO,ES,Towers with Radar,0,0,0,0,0,0,0,0,0,0,0,0,0,0,0,0,0,0,0
09/18/2017,SJU,PR,ASO,ES,Towers with Radar,0,0,0,0,0,0,0,0,0,0,0,0,0,0,0,0,0,0,0
09/19/2017,SJU,PR,ASO,ES,Towers with Radar,0,0,0,0,0,0,0,0,0,0,0,0,0,0,0,0,0,0,0
09/20/2017,SJU,PR,ASO,ES,Towers with Radar,0,0,0,0,0,0,0,0,0,0,0,0,0,0,0,0,0,0,0
09/21/2017,SJU,PR,ASO,ES,Towers with Radar,0,0,0,0,0,0,0,0,0,0,0,0,0,0,0,0,0,0,0
09/22/2017,SJU,PR,ASO,ES,Towers with Radar,0,0,0,0,0,0,0,0,0,0,0,0,0,0,0,0,0,0,0
09/23/2017,SJU,PR,ASO,ES,Towers with Radar,0,0,0,0,0,0,0,0,0,0,0,0,0,0,0,0,0,0,0
09/24/2017,SJU,PR,ASO,ES,Towers with Radar,0,0,0,0,0,0,0,0,0,0,0,0,0,0,0,0,0,0,0
09/25/2017,SJU,PR,ASO,ES,Towers with Radar,0,0,0,0,0,0,0,0,0,0,0,0,0,0,0,0,0,0,0
09/26/2017,SJU,PR,ASO,ES,Towers with Radar,0,0,0,0,0,0,0,0,0,0,0,0,0,0,0,0,0,0,0
09/27/2017,SJU,PR,ASO,ES,Towers with Radar,0,0,0,0,0,0,0,0,0,0,0,0,0,0,0,0,0,0,0
09/28/2017,SJU,PR,ASO,ES,Towers with Radar,0,0,0,0,0,0,0,0,0,0,0,0,0,0,0,0,0,0,0
09/29/2017,SJU,PR,ASO,ES,Towers with Radar,0,0,0,0,0,0,0,0,0,0,0,0,0,0,0,0,0,0,0
09/30/2017,SJU,PR,ASO,ES,Towers with Radar,0,0,0,0,0,0,0,0,0,0,0,0,0,0,0,0,0,0,0
10/01/2017,SJU,PR,ASO,ES,Towers with Radar,115,33,72,48,268,0,15,37,41,93,115,48,109,89,361,0,0,0,361
10/02/2017,SJU,PR,ASO,ES,Towers with Radar,128,46,102,43,319,0,48,62,25,135,128,94,164,68,454,0,0,0,454
10/03/2017,SJU,PR,ASO,ES,Towers with Radar,121,49,43,34,247,0,15,23,17,55,121,64,66,51,302,0,0,0,302
10/04/2017,SJU,PR,ASO,ES,Towers with Radar,137,63,75,50,325,0,70,52,18,140,137,133,127,68,465,0,0,0,465
10/05/2017,SJU,PR,ASO,ES,Towers with Radar,141,69,76,49,335,0,56,45,28,129,141,125,121,77,464,0,0,0,464
10/06/2017,SJU,PR,ASO,ES,Towers with Radar,142,79,41,36,298,0,67,40,15,122,142,146,81,51,420,0,0,0,420
10/07/2017,SJU,PR,ASO,ES,Towers with Radar,198,61,43,44,346,0,61,41,51,153,198,122,84,95,499,0,0,0,499
10/08/2017,SJU,PR,ASO,ES,Towers with Radar,131,42,33,39,245,0,43,12,27,82,131,85,45,66,327,0,0,0,327
10/09/2017,SJU,PR,ASO,ES,Towers with Radar,149,65,27,14,255,0,48,31,4,83,149,113,58,18,338,0,0,0,338
10/10/2017,SJU,PR,ASO,ES,Towers with Radar,156,80,42,23,301,0,45,26,16,87,156,125,68,39,388,0,0,0,388
10/11/2017,SJU,PR,ASO,ES,Towers with Radar,160,64,32,16,272,0,52,22,12,86,160,116,54,28,358,0,0,0,358
10/12/2017,SJU,PR,ASO,ES,Towers with Radar,156,71,46,35,308,0,55,30,27,112,156,126,76,62,420,2,0,2,422
10/13/2017,SJU,PR,ASO,ES,Towers with Radar,161,72,29,30,292,0,57,21,18,96,161,129,50,48,388,0,0,0,388
10/14/2017,SJU,PR,ASO,ES,Towers with Radar,180,50,35,13,278,0,55,17,12,84,180,105,52,25,362,0,0,0,362
10/15/2017,SJU,PR,ASO,ES,Towers with Radar,146,45,23,14,228,0,28,20,6,54,146,73,43,20,282,0,0,0,282
10/16/2017,SJU,PR,ASO,ES,Towers with Radar,170,85,29,32,316,0,30,18,5,53,170,115,47,37,369,0,0,0,369
10/17/2017,SJU,PR,ASO,ES,Towers with Radar,147,71,36,19,273,0,41,31,13,85,147,112,67,32,358,0,0,0,358
10/18/2017,SJU,PR,ASO,ES,Towers with Radar,163,97,21,16,297,0,54,20,3,77,163,151,41,19,374,0,0,0,374
10/19/2017,SJU,PR,ASO,ES,Towers with Radar,161,92,30,23,306,0,61,27,3,91,161,153,57,26,397,0,0,0,397
10/20/2017,SJU,PR,ASO,ES,Towers with Radar,159,89,21,9,278,0,64,31,5,100,159,153,52,14,378,0,0,0,378
10/21/2017,SJU,PR,ASO,ES,Towers with Radar,168,50,15,11,244,0,68,24,19,111,168,118,39,30,355,0,0,0,355
10/22/2017,SJU,PR,ASO,ES,Towers with Radar,136,46,6,2,190,0,53,11,5,69,136,99,17,7,259,0,0,0,259
10/23/2017,SJU,PR,ASO,ES,Towers with Radar,150,69,16,10,245,0,70,23,17,110,150,139,39,27,355,0,0,0,355
10/24/2017,SJU,PR,ASO,ES,Towers with Radar,136,74,21,9,240,0,75,22,21,118,136,149,43,30,358,0,0,0,358
10/25/2017,SJU,PR,ASO,ES,Towers with Radar,127,106,19,9,261,0,62,25,17,104,127,168,44,26,365,0,0,0,365
10/26/2017,SJU,PR,ASO,ES,Towers with Radar,160,83,18,12,273,0,69,44,17,130,160,152,62,29,403,0,0,0,403
10/27/2017,SJU,PR,ASO,ES,Towers with Radar,145,97,25,8,275,11,67,34,20,132,156,164,59,28,407,0,0,0,407
10/28/2017,SJU,PR,ASO,ES,Towers with Radar,145,68,11,5,229,0,57,22,16,95,145,125,33,21,324,0,0,0,324
10/29/2017,SJU,PR,ASO,ES,Towers with Radar,116,63,12,6,197,0,53,25,4,82,116,116,37,10,279,0,0,0,279
10/30/2017,SJU,PR,ASO,ES,Towers with Radar,124,104,12,9,249,0,59,20,5,84,124,163,32,14,333,0,0,0,333
10/31/2017,SJU,PR,ASO,ES,Towers with Radar,115,79,25,9,228,0,62,30,2,94,115,141,55,11,322,0,0,0,322
11/01/2017,SJU,PR,ASO,ES,Towers with Radar,140,86,19,10,255,0,79,40,1,120,140,165,59,11,375,0,0,0,375
11/02/2017,SJU,PR,ASO,ES,Towers with Radar,139,76,23,9,247,0,81,41,3,125,139,157,64,12,372,0,0,0,372
11/03/2017,SJU,PR,ASO,ES,Towers with Radar,126,79,24,5,234,0,84,30,2,116,126,163,54,7,350,0,0,0,350
11/04/2017,SJU,PR,ASO,ES,Towers with Radar,144,37,22,16,219,0,70,34,7,111,144,107,56,23,330,0,0,0,330
11/05/2017,SJU,PR,ASO,ES,Towers with Radar,119,43,11,9,182,0,77,11,0,88,119,120,22,9,270,0,0,0,270
11/06/2017,SJU,PR,ASO,ES,Towers with Radar,132,94,4,4,234,0,55,31,0,86,132,149,35,4,320,0,0,0,320
11/07/2017,SJU,PR,ASO,ES,Towers with Radar,148,80,11,4,243,0,64,25,0,89,148,144,36,4,332,0,0,0,332
11/08/2017,SJU,PR,ASO,ES,Towers with Radar,212,85,29,17,343,0,58,27,1,86,212,143,56,18,429,0,0,0,429
11/09/2017,SJU,PR,ASO,ES,Towers with Radar,151,86,28,5,270,0,86,32,1,119,151,172,60,6,389,0,0,0,389
11/10/2017,SJU,PR,ASO,ES,Towers with Radar,130,75,16,2,223,0,59,25,0,84,130,134,41,2,307,0,0,0,307
11/11/2017,SJU,PR,ASO,ES,Towers with Radar,147,44,21,8,220,0,58,43,1,102,147,102,64,9,322,0,0,0,322
11/12/2017,SJU,PR,ASO,ES,Towers with Radar,123,47,20,5,195,0,61,18,6,85,123,108,38,11,280,0,0,0,280
11/13/2017,SJU,PR,ASO,ES,Towers with Radar,127,82,19,12,240,0,61,15,4,80,127,143,34,16,320,0,0,0,320
11/14/2017,SJU,PR,ASO,ES,Towers with Radar,138,88,19,12,257,0,76,22,2,100,138,164,41,14,357,0,0,0,357
11/15/2017,SJU,PR,ASO,ES,Towers with Radar,135,77,16,26,254,0,64,25,8,97,135,141,41,34,351,0,0,0,351
11/16/2017,SJU,PR,ASO,ES,Towers with Radar,140,89,16,10,255,0,63,28,5,96,140,152,44,15,351,0,0,0,351
11/17/2017,SJU,PR,ASO,ES,Towers with Radar,138,104,27,5,274,0,72,41,1,114,138,176,68,6,388,0,0,0,388
11/18/2017,SJU,PR,ASO,ES,Towers with Radar,151,77,9,5,242,0,47,21,0,68,151,124,30,5,310,0,0,0,310
11/19/2017,SJU,PR,ASO,ES,Towers with Radar,139,56,6,5,206,0,49,8,0,57,139,105,14,5,263,0,0,0,263
11/20/2017,SJU,PR,ASO,ES,Towers with Radar,129,96,12,21,258,0,70,19,2,91,129,166,31,23,349,0,0,0,349
11/21/2017,SJU,PR,ASO,ES,Towers with Radar,138,87,21,12,258,0,80,29,0,109,138,167,50,12,367,0,0,0,367
11/22/2017,SJU,PR,ASO,ES,Towers with Radar,143,84,9,13,249,0,69,30,1,100,143,153,39,14,349,0,0,0,349
11/23/2017,SJU,PR,ASO,ES,Towers with Radar,109,57,5,0,171,0,38,18,0,56,109,95,23,0,227,0,0,0,227
11/24/2017,SJU,PR,ASO,ES,Towers with Radar,110,80,9,8,207,0,74,26,1,101,110,154,35,9,308,0,0,0,308
11/25/2017,SJU,PR,ASO,ES,Towers with Radar,139,47,9,6,201,0,67,41,0,108,139,114,50,6,309,0,0,0,309
11/26/2017,SJU,PR,ASO,ES,Towers with Radar,117,36,6,3,162,0,54,14,2,70,117,90,20,5,232,0,0,0,232
11/27/2017,SJU,PR,ASO,ES,Towers with Radar,127,77,13,7,224,0,71,22,4,97,127,148,35,11,321,0,0,0,321
11/28/2017,SJU,PR,ASO,ES,Towers with Radar,127,84,11,5,227,0,67,30,0,97,127,151,41,5,324,0,0,0,324
11/29/2017,SJU,PR,ASO,ES,Towers with Radar,179,79,20,16,294,0,62,54,3,119,179,141,74,19,413,0,0,0,413
11/30/2017,SJU,PR,ASO,ES,Towers with Radar,140,86,12,4,242,0,64,39,1,104,140,150,51,5,346,0,0,0,346
12/01/2017,SJU,PR,ASO,ES,Towers with Radar,139,70,9,7,225,0,75,28,0,103,139,145,37,7,328,0,0,0,328
12/02/2017,SJU,PR,ASO,ES,Towers with Radar,158,34,13,14,219,0,68,15,3,86,158,102,28,17,305,0,0,0,305
12/03/2017,SJU,PR,ASO,ES,Towers with Radar,122,44,5,3,174,0,66,13,0,79,122,110,18,3,253,0,0,0,253
12/04/2017,SJU,PR,ASO,ES,Towers with Radar,128,96,16,9,249,0,60,20,7,87,128,156,36,16,336,0,0,0,336
12/05/2017,SJU,PR,ASO,ES,Towers with Radar,137,86,24,5,252,0,90,34,0,124,137,176,58,5,376,0,0,0,376
12/06/2017,SJU,PR,ASO,ES,Towers with Radar,142,100,16,15,273,0,57,16,0,73,142,157,32,15,346,0,0,0,346
12/07/2017,SJU,PR,ASO,ES,Towers with Radar,137,99,35,8,279,0,62,31,1,94,137,161,66,9,373,0,0,0,373
12/08/2017,SJU,PR,ASO,ES,Towers with Radar,132,80,8,7,227,0,80,38,0,118,132,160,46,7,345,0,0,0,345
12/09/2017,SJU,PR,ASO,ES,Towers with Radar,140,41,10,0,191,0,80,9,0,89,140,121,19,0,280,0,0,0,280
12/10/2017,SJU,PR,ASO,ES,Towers with Radar,139,43,13,3,198,0,72,14,0,86,139,115,27,3,284,0,0,0,284
12/11/2017,SJU,PR,ASO,ES,Towers with Radar,132,86,15,9,242,0,67,17,3,87,132,153,32,12,329,0,0,0,329
12/12/2017,SJU,PR,ASO,ES,Towers with Radar,135,83,30,14,262,0,79,39,5,123,135,162,69,19,385,0,0,0,385
12/13/2017,SJU,PR,ASO,ES,Towers with Radar,137,75,31,10,253,0,70,65,5,140,137,145,96,15,393,0,0,0,393
12/14/2017,SJU,PR,ASO,ES,Towers with Radar,131,100,17,11,259,0,73,27,4,104,131,173,44,15,363,0,0,0,363
12/15/2017,SJU,PR,ASO,ES,Towers with Radar,128,110,12,0,250,0,97,42,3,142,128,207,54,3,392,0,0,0,392
12/16/2017,SJU,PR,ASO,ES,Towers with Radar,171,67,11,7,256,0,92,20,0,112,171,159,31,7,368,0,0,0,368
12/17/2017,SJU,PR,ASO,ES,Towers with Radar,145,52,13,1,211,0,58,10,0,68,145,110,23,1,279,0,0,0,279
12/18/2017,SJU,PR,ASO,ES,Towers with Radar,143,111,12,4,270,0,77,23,1,101,143,188,35,5,371,0,0,0,371
12/19/2017,SJU,PR,ASO,ES,Towers with Radar,147,86,19,7,259,0,98,30,2,130,147,184,49,9,389,0,0,0,389
12/20/2017,SJU,PR,ASO,ES,Towers with Radar,157,85,20,0,262,0,97,20,0,117,157,182,40,0,379,0,0,0,379
12/21/2017,SJU,PR,ASO,ES,Towers with Radar,186,97,19,1,303,0,110,41,0,151,186,207,60,1,454,0,0,0,454
12/22/2017,SJU,PR,ASO,ES,Towers with Radar,190,86,17,1,294,0,117,28,1,146,190,203,45,2,440,0,0,0,440
12/23/2017,SJU,PR,ASO,ES,Towers with Radar,191,56,18,0,265,0,107,25,0,132,191,163,43,0,397,0,0,0,397
12/24/2017,SJU,PR,ASO,ES,Towers with Radar,190,42,14,0,246,0,81,9,0,90,190,123,23,0,336,0,0,0,336
12/25/2017,SJU,PR,ASO,ES,Towers with Radar,163,30,9,0,202,0,46,0,0,46,163,76,9,0,248,0,0,0,248
12/26/2017,SJU,PR,ASO,ES,Towers with Radar,181,78,19,0,278,0,116,32,0,148,181,194,51,0,426,0,0,0,426
12/27/2017,SJU,PR,ASO,ES,Towers with Radar,189,102,16,0,307,0,75,43,1,119,189,177,59,1,426,0,0,0,426
12/28/2017,SJU,PR,ASO,ES,Towers with Radar,175,106,11,0,292,0,81,31,0,112,175,187,42,0,404,0,0,0,404
12/29/2017,SJU,PR,ASO,ES,Towers with Radar,184,94,9,0,287,0,88,20,0,108,184,182,29,0,395,0,0,0,395
12/30/2017,SJU,PR,ASO,ES,Towers with Radar,192,47,13,0,252,0,88,18,0,106,192,135,31,0,358,0,0,0,358
12/31/2017,SJU,PR,ASO,ES,Towers with Radar,167,41,9,0,217,0,74,11,0,85,167,115,20,0,302,0,0,0,302
01/01/2018,SJU,PR,ASO,ES,Towers with Radar,160,41,9,0,210,0,74,9,0,83,160,115,18,0,293,0,0,0,293
01/02/2018,SJU,PR,ASO,ES,Towers with Radar,171,90,25,8,294,0,100,24,0,124,171,190,49,8,418,0,0,0,418
01/03/2018,SJU,PR,ASO,ES,Towers with Radar,189,71,28,0,288,0,101,28,0,129,189,172,56,0,417,0,0,0,417
01/04/2018,SJU,PR,ASO,ES,Towers with Radar,143,91,13,1,248,0,75,27,0,102,143,166,40,1,350,0,0,0,350
01/05/2018,SJU,PR,ASO,ES,Towers with Radar,149,92,23,2,266,0,82,24,5,111,149,174,47,7,377,0,0,0,377
01/06/2018,SJU,PR,ASO,ES,Towers with Radar,165,41,14,1,221,0,106,19,0,125,165,147,33,1,346,0,0,0,346
01/07/2018,SJU,PR,ASO,ES,Towers with Radar,157,53,11,1,222,0,81,19,0,100,157,134,30,1,322,0,0,0,322
01/08/2018,SJU,PR,ASO,ES,Towers with Radar,153,86,21,4,264,0,92,19,2,113,153,178,40,6,377,0,0,0,377
01/09/2018,SJU,PR,ASO,ES,Towers with Radar,163,96,12,8,279,0,75,25,10,110,163,171,37,18,389,0,0,0,389
01/10/2018,SJU,PR,ASO,ES,Towers with Radar,160,90,12,17,279,0,71,28,7,106,160,161,40,24,385,0,0,0,385
01/11/2018,SJU,PR,ASO,ES,Towers with Radar,153,91,17,7,268,0,99,14,6,119,153,190,31,13,387,0,0,0,387
01/12/2018,SJU,PR,ASO,ES,Towers with Radar,147,89,43,0,279,0,88,35,2,125,147,177,78,2,404,0,0,0,404
01/13/2018,SJU,PR,ASO,ES,Towers with Radar,176,40,19,0,235,0,87,18,0,105,176,127,37,0,340,0,0,0,340
01/14/2018,SJU,PR,ASO,ES,Towers with Radar,154,39,14,1,208,0,66,18,0,84,154,105,32,1,292,0,0,0,292
01/15/2018,SJU,PR,ASO,ES,Towers with Radar,152,79,16,0,247,0,76,11,0,87,152,155,27,0,334,0,0,0,334
01/16/2018,SJU,PR,ASO,ES,Towers with Radar,150,91,12,7,260,0,98,23,1,122,150,189,35,8,382,0,0,0,382
01/17/2018,SJU,PR,ASO,ES,Towers with Radar,157,82,29,3,271,0,84,44,6,134,157,166,73,9,405,0,0,0,405
01/18/2018,SJU,PR,ASO,ES,Towers with Radar,153,98,31,1,283,0,79,22,5,106,153,177,53,6,389,0,0,0,389
01/19/2018,SJU,PR,ASO,ES,Towers with Radar,161,92,16,8,277,0,89,20,0,109,161,181,36,8,386,0,0,0,386
01/20/2018,SJU,PR,ASO,ES,Towers with Radar,175,43,7,0,225,0,75,29,0,104,175,118,36,0,329,0,0,0,329
01/21/2018,SJU,PR,ASO,ES,Towers with Radar,162,40,10,0,212,0,68,15,0,83,162,108,25,0,295,0,0,0,295
01/22/2018,SJU,PR,ASO,ES,Towers with Radar,161,90,9,0,260,0,69,10,0,79,161,159,19,0,339,0,0,0,339
01/23/2018,SJU,PR,ASO,ES,Towers with Radar,153,89,27,0,269,0,78,29,0,107,153,167,56,0,376,0,0,0,376
01/24/2018,SJU,PR,ASO,ES,Towers with Radar,151,80,15,5,251,0,76,92,0,168,151,156,107,5,419,0,0,0,419
01/25/2018,SJU,PR,ASO,ES,Towers with Radar,158,120,23,0,301,0,82,49,0,131,158,202,72,0,432,0,0,0,432
01/26/2018,SJU,PR,ASO,ES,Towers with Radar,146,111,20,0,277,0,87,23,0,110,146,198,43,0,387,0,0,0,387
01/27/2018,SJU,PR,ASO,ES,Towers with Radar,174,43,14,0,231,0,82,14,0,96,174,125,28,0,327,0,0,0,327
01/28/2018,SJU,PR,ASO,ES,Towers with Radar,159,52,19,0,230,0,80,20,1,101,159,132,39,1,331,0,0,0,331
01/29/2018,SJU,PR,ASO,ES,Towers with Radar,143,112,15,3,273,0,64,12,0,76,143,176,27,3,349,0,0,0,349
01/30/2018,SJU,PR,ASO,ES,Towers with Radar,152,101,10,4,267,0,65,23,3,91,152,166,33,7,358,0,0,0,358
01/31/2018,SJU,PR,ASO,ES,Towers with Radar,146,77,40,0,263,0,89,48,1,138,146,166,88,1,401,0,0,0,401
02/01/2018,SJU,PR,ASO,ES,Towers with Radar,156,90,21,1,268,0,109,30,0,139,156,199,51,1,407,0,0,0,407
02/02/2018,SJU,PR,ASO,ES,Towers with Radar,156,86,19,3,264,0,93,26,0,119,156,179,45,3,383,0,0,0,383
02/03/2018,SJU,PR,ASO,ES,Towers with Radar,178,47,16,0,241,0,99,26,0,125,178,146,42,0,366,0,0,0,366
02/04/2018,SJU,PR,ASO,ES,Towers with Radar,156,49,14,3,222,0,62,21,2,85,156,111,35,5,307,0,0,0,307
02/05/2018,SJU,PR,ASO,ES,Towers with Radar,151,84,16,5,256,0,89,17,0,106,151,173,33,5,362,0,0,0,362
02/06/2018,SJU,PR,ASO,ES,Towers with Radar,156,94,5,4,259,0,95,24,1,120,156,189,29,5,379,0,0,0,379
02/07/2018,SJU,PR,ASO,ES,Towers with Radar,146,75,13,5,239,1,92,30,0,123,147,167,43,5,362,0,0,0,362
02/08/2018,SJU,PR,ASO,ES,Towers with Radar,159,85,20,5,269,0,88,42,0,130,159,173,62,5,399,0,0,0,399
02/09/2018,SJU,PR,ASO,ES,Towers with Radar,161,93,13,1,268,0,118,9,0,127,161,211,22,1,395,0,0,0,395
02/10/2018,SJU,PR,ASO,ES,Towers with Radar,176,43,6,6,231,0,109,32,7,148,176,152,38,13,379,0,0,0,379
02/11/2018,SJU,PR,ASO,ES,Towers with Radar,157,46,10,3,216,0,86,9,0,95,157,132,19,3,311,0,0,0,311
02/12/2018,SJU,PR,ASO,ES,Towers with Radar,150,95,18,6,269,0,90,22,0,112,150,185,40,6,381,0,0,0,381
02/13/2018,SJU,PR,ASO,ES,Towers with Radar,160,91,11,3,265,0,109,21,3,133,160,200,32,6,398,0,0,0,398
02/14/2018,SJU,PR,ASO,ES,Towers with Radar,162,81,10,10,263,0,89,29,0,118,162,170,39,10,381,0,0,0,381
02/15/2018,SJU,PR,ASO,ES,Towers with Radar,159,95,21,0,275,0,104,41,1,146,159,199,62,1,421,0,0,0,421
02/16/2018,SJU,PR,ASO,ES,Towers with Radar,164,118,16,10,308,0,102,22,7,131,164,220,38,17,439,0,0,0,439
02/17/2018,SJU,PR,ASO,ES,Towers with Radar,186,53,21,3,263,0,119,24,0,143,186,172,45,3,406,0,0,0,406
02/18/2018,SJU,PR,ASO,ES,Towers with Radar,167,45,15,1,228,0,98,12,1,111,167,143,27,2,339,0,0,0,339
02/19/2018,SJU,PR,ASO,ES,Towers with Radar,151,94,10,2,257,0,97,15,1,113,151,191,25,3,370,0,0,0,370
02/20/2018,SJU,PR,ASO,ES,Towers with Radar,154,94,21,4,273,0,104,18,1,123,154,198,39,5,396,0,0,0,396
02/21/2018,SJU,PR,ASO,ES,Towers with Radar,156,82,21,1,260,0,122,27,1,150,156,204,48,2,410,0,0,0,410
02/22/2018,SJU,PR,ASO,ES,Towers with Radar,160,90,21,9,280,0,91,48,17,156,160,181,69,26,436,0,0,0,436
02/23/2018,SJU,PR,ASO,ES,Towers with Radar,165,100,20,7,292,0,93,44,13,150,165,193,64,20,442,0,0,0,442
02/24/2018,SJU,PR,ASO,ES,Towers with Radar,175,48,25,2,250,0,94,43,1,138,175,142,68,3,388,0,0,0,388
02/25/2018,SJU,PR,ASO,ES,Towers with Radar,166,49,15,0,230,0,87,23,2,112,166,136,38,2,342,0,0,0,342
02/26/2018,SJU,PR,ASO,ES,Towers with Radar,153,97,17,0,267,0,78,14,0,92,153,175,31,0,359,0,0,0,359
02/27/2018,SJU,PR,ASO,ES,Towers with Radar,156,84,16,1,257,0,95,30,19,144,156,179,46,20,401,0,0,0,401
02/28/2018,SJU,PR,ASO,ES,Towers with Radar,147,86,17,2,252,0,79,19,1,99,147,165,36,3,351,0,0,0,351
03/01/2018,SJU,PR,ASO,ES,Towers with Radar,164,96,21,3,284,0,94,39,0,133,164,190,60,3,417,0,0,0,417
03/02/2018,SJU,PR,ASO,ES,Towers with Radar,142,84,5,1,232,0,91,18,2,111,142,175,23,3,343,0,0,0,343
03/03/2018,SJU,PR,ASO,ES,Towers with Radar,171,42,15,2,230,0,98,34,2,134,171,140,49,4,364,0,0,0,364
03/04/2018,SJU,PR,ASO,ES,Towers with Radar,160,53,11,0,224,0,58,3,0,61,160,111,14,0,285,0,0,0,285
03/05/2018,SJU,PR,ASO,ES,Towers with Radar,142,98,9,2,251,0,87,8,0,95,142,185,17,2,346,0,0,0,346
03/06/2018,SJU,PR,ASO,ES,Towers with Radar,151,89,14,3,257,0,94,37,0,131,151,183,51,3,388,0,0,0,388
03/07/2018,SJU,PR,ASO,ES,Towers with Radar,144,83,15,1,243,0,81,27,0,108,144,164,42,1,351,0,0,0,351
03/08/2018,SJU,PR,ASO,ES,Towers with Radar,157,91,20,9,277,0,98,42,17,157,157,189,62,26,434,0,0,0,434
03/09/2018,SJU,PR,ASO,ES,Towers with Radar,171,96,26,0,293,0,97,26,2,125,171,193,52,2,418,0,0,0,418
03/10/2018,SJU,PR,ASO,ES,Towers with Radar,177,47,28,0,252,0,110,42,0,152,177,157,70,0,404,0,0,0,404
03/11/2018,SJU,PR,ASO,ES,Towers with Radar,170,42,21,0,233,0,108,8,0,116,170,150,29,0,349,0,0,0,349
03/12/2018,SJU,PR,ASO,ES,Towers with Radar,160,100,31,2,293,0,94,18,0,112,160,194,49,2,405,0,0,0,405
03/13/2018,SJU,PR,ASO,ES,Towers with Radar,163,86,10,6,265,0,85,19,8,112,163,171,29,14,377,0,0,0,377
03/14/2018,SJU,PR,ASO,ES,Towers with Radar,158,81,19,3,261,0,91,27,0,118,158,172,46,3,379,0,0,0,379
03/15/2018,SJU,PR,ASO,ES,Towers with Radar,166,90,28,9,293,0,106,24,4,134,166,196,52,13,427,0,0,0,427
03/16/2018,SJU,PR,ASO,ES,Towers with Radar,161,94,20,1,276,0,107,28,0,135,161,201,48,1,411,0,0,0,411
03/17/2018,SJU,PR,ASO,ES,Towers with Radar,176,54,22,4,256,0,107,41,11,159,176,161,63,15,415,0,0,0,415
03/18/2018,SJU,PR,ASO,ES,Towers with Radar,169,53,16,8,246,0,90,29,4,123,169,143,45,12,369,0,0,0,369
03/19/2018,SJU,PR,ASO,ES,Towers with Radar,160,101,21,1,283,0,103,31,0,134,160,204,52,1,417,0,0,0,417
03/20/2018,SJU,PR,ASO,ES,Towers with Radar,163,86,20,11,280,0,92,25,1,118,163,178,45,12,398,0,0,0,398
03/21/2018,SJU,PR,ASO,ES,Towers with Radar,145,85,34,16,280,0,97,26,3,126,145,182,60,19,406,0,0,0,406
03/22/2018,SJU,PR,ASO,ES,Towers with Radar,164,93,20,0,277,0,94,30,0,124,164,187,50,0,401,0,0,0,401
03/23/2018,SJU,PR,ASO,ES,Towers with Radar,166,107,21,4,298,0,99,18,1,118,166,206,39,5,416,0,0,0,416
03/24/2018,SJU,PR,ASO,ES,Towers with Radar,178,45,8,2,233,0,108,24,0,132,178,153,32,2,365,0,0,0,365
03/25/2018,SJU,PR,ASO,ES,Towers with Radar,177,53,13,1,244,0,87,26,0,113,177,140,39,1,357,0,0,0,357
03/26/2018,SJU,PR,ASO,ES,Towers with Radar,162,95,23,1,281,0,100,32,0,132,162,195,55,1,413,0,0,0,413
03/27/2018,SJU,PR,ASO,ES,Towers with Radar,174,110,33,8,325,0,110,36,1,147,174,220,69,9,472,4,8,12,484
03/28/2018,SJU,PR,ASO,ES,Towers with Radar,198,84,23,11,316,6,97,37,2,142,204,181,60,13,458,29,17,46,504
03/29/2018,SJU,PR,ASO,ES,Towers with Radar,174,87,15,4,280,24,85,27,0,136,198,172,42,4,416,0,2,2,418
03/30/2018,SJU,PR,ASO,ES,Towers with Radar,180,65,19,0,264,0,119,14,0,133,180,184,33,0,397,13,0,13,410
03/31/2018,SJU,PR,ASO,ES,Towers with Radar,177,44,20,1,242,0,141,35,0,176,177,185,55,1,418,0,0,0,418
04/01/2018,SJU,PR,ASO,ES,Towers with Radar,185,49,14,0,248,0,129,10,0,139,185,178,24,0,387,0,0,0,387
04/02/2018,SJU,PR,ASO,ES,Towers with Radar,171,93,24,2,290,34,99,20,1,154,205,192,44,3,444,8,0,8,452
04/03/2018,SJU,PR,ASO,ES,Towers with Radar,174,97,10,9,290,27,76,15,1,119,201,173,25,10,409,0,0,0,409
04/04/2018,SJU,PR,ASO,ES,Towers with Radar,176,104,9,13,302,29,94,4,3,130,205,198,13,16,432,0,4,4,436
04/05/2018,SJU,PR,ASO,ES,Towers with Radar,165,93,18,11,287,12,84,40,0,136,177,177,58,11,423,0,2,2,425
04/06/2018,SJU,PR,ASO,ES,Towers with Radar,188,87,29,2,306,13,103,24,0,140,201,190,53,2,446,0,0,0,446
04/07/2018,SJU,PR,ASO,ES,Towers with Radar,192,56,6,4,258,9,102,52,4,167,201,158,58,8,425,0,0,0,425
04/08/2018,SJU,PR,ASO,ES,Towers with Radar,173,41,7,7,228,0,89,18,1,108,173,130,25,8,336,13,0,13,349
04/09/2018,SJU,PR,ASO,ES,Towers with Radar,163,85,21,7,276,0,83,16,4,103,163,168,37,11,379,0,0,0,379
04/10/2018,SJU,PR,ASO,ES,Towers with Radar,179,84,8,12,283,11,84,22,1,118,190,168,30,13,401,0,8,8,409
04/11/2018,SJU,PR,ASO,ES,Towers with Radar,192,95,16,9,312,0,95,15,0,110,192,190,31,9,422,0,14,14,436
04/12/2018,SJU,PR,ASO,ES,Towers with Radar,181,111,19,1,312,12,88,29,0,129,193,199,48,1,441,0,2,2,443
04/13/2018,SJU,PR,ASO,ES,Towers with Radar,180,99,16,0,295,0,117,28,0,145,180,216,44,0,440,0,0,0,440
04/14/2018,SJU,PR,ASO,ES,Towers with Radar,186,54,14,0,254,0,87,25,0,112,186,141,39,0,366,0,0,0,366
04/15/2018,SJU,PR,ASO,ES,Towers with Radar,197,50,10,0,257,0,101,13,0,114,197,151,23,0,371,0,0,0,371
04/16/2018,SJU,PR,ASO,ES,Towers with Radar,182,100,17,10,309,0,70,20,1,91,182,170,37,11,400,0,0,0,400
04/17/2018,SJU,PR,ASO,ES,Towers with Radar,185,93,14,7,299,0,98,24,4,126,185,191,38,11,425,2,0,2,427
04/18/2018,SJU,PR,ASO,ES,Towers with Radar,161,76,26,1,264,2,81,25,0,108,163,157,51,1,372,6,0,6,378
04/19/2018,SJU,PR,ASO,ES,Towers with Radar,189,81,11,11,292,3,93,35,4,135,192,174,46,15,427,14,30,44,471
04/20/2018,SJU,PR,ASO,ES,Towers with Radar,179,97,14,2,292,0,101,23,4,128,179,198,37,6,420,0,0,0,420
04/21/2018,SJU,PR,ASO,ES,Towers with Radar,201,46,1,0,248,0,108,17,1,126,201,154,18,1,374,0,0,0,374
04/22/2018,SJU,PR,ASO,ES,Towers with Radar,180,40,4,4,228,0,88,10,0,98,180,128,14,4,326,0,0,0,326
04/23/2018,SJU,PR,ASO,ES,Towers with Radar,182,102,19,0,303,0,73,10,0,83,182,175,29,0,386,0,0,0,386
04/24/2018,SJU,PR,ASO,ES,Towers with Radar,184,81,18,3,286,0,96,13,4,113,184,177,31,7,399,0,0,0,399
04/25/2018,SJU,PR,ASO,ES,Towers with Radar,182,89,12,19,302,14,81,19,0,114,196,170,31,19,416,2,0,2,418
04/26/2018,SJU,PR,ASO,ES,Towers with Radar,180,112,14,2,308,0,64,18,2,84,180,176,32,4,392,17,0,17,409
04/27/2018,SJU,PR,ASO,ES,Towers with Radar,174,99,13,4,290,13,96,39,5,153,187,195,52,9,443,0,0,0,443
04/28/2018,SJU,PR,ASO,ES,Towers with Radar,185,56,13,2,256,0,95,38,0,133,185,151,51,2,389,0,0,0,389
04/29/2018,SJU,PR,ASO,ES,Towers with Radar,188,41,16,1,246,0,83,27,0,110,188,124,43,1,356,0,0,0,356
04/30/2018,SJU,PR,ASO,ES,Towers with Radar,177,104,14,4,299,0,104,13,2,119,177,208,27,6,418,0,0,0,418
05/01/2018,SJU,PR,ASO,ES,Towers with Radar,169,95,10,3,277,0,68,16,3,87,169,163,26,6,364,0,1,1,365
05/02/2018,SJU,PR,ASO,ES,Towers with Radar,166,77,11,7,261,7,59,13,0,79,173,136,24,7,340,0,0,0,340
05/03/2018,SJU,PR,ASO,ES,Towers with Radar,188,109,14,0,311,4,78,22,4,108,192,187,36,4,419,0,0,0,419
05/04/2018,SJU,PR,ASO,ES,Towers with Radar,193,101,15,2,311,0,83,19,2,104,193,184,34,4,415,0,1,1,416
05/05/2018,SJU,PR,ASO,ES,Towers with Radar,185,46,6,0,237,0,85,15,2,102,185,131,21,2,339,0,0,0,339
05/06/2018,SJU,PR,ASO,ES,Towers with Radar,163,47,16,0,226,0,60,11,0,71,163,107,27,0,297,0,0,0,297
05/07/2018,SJU,PR,ASO,ES,Towers with Radar,172,93,8,3,276,0,71,21,3,95,172,164,29,6,371,14,0,14,385
05/08/2018,SJU,PR,ASO,ES,Towers with Radar,175,100,15,2,292,0,81,33,4,118,175,181,48,6,410,0,1,1,411
05/09/2018,SJU,PR,ASO,ES,Towers with Radar,173,89,18,0,280,0,69,29,0,98,173,158,47,0,378,0,0,0,378
05/10/2018,SJU,PR,ASO,ES,Towers with Radar,189,93,16,2,300,0,93,44,2,139,189,186,60,4,439,0,0,0,439
05/11/2018,SJU,PR,ASO,ES,Towers with Radar,179,98,9,1,287,8,79,19,1,107,187,177,28,2,394,0,0,0,394
05/12/2018,SJU,PR,ASO,ES,Towers with Radar,210,48,4,1,263,0,83,11,0,94,210,131,15,1,357,0,0,0,357
05/13/2018,SJU,PR,ASO,ES,Towers with Radar,182,45,8,2,237,5,68,30,0,103,187,113,38,2,340,0,0,0,340
05/14/2018,SJU,PR,ASO,ES,Towers with Radar,179,98,16,3,296,16,73,11,0,100,195,171,27,3,396,5,0,5,401
05/15/2018,SJU,PR,ASO,ES,Towers with Radar,182,96,13,2,293,6,67,19,2,94,188,163,32,4,387,0,0,0,387
05/16/2018,SJU,PR,ASO,ES,Towers with Radar,167,81,14,1,263,0,73,15,2,90,167,154,29,3,353,0,0,0,353
05/17/2018,SJU,PR,ASO,ES,Towers with Radar,187,96,18,2,303,0,65,32,1,98,187,161,50,3,401,0,0,0,401
05/18/2018,SJU,PR,ASO,ES,Towers with Radar,177,90,15,3,285,0,83,32,0,115,177,173,47,3,400,0,0,0,400
05/19/2018,SJU,PR,ASO,ES,Towers with Radar,186,43,8,2,239,8,59,15,0,82,194,102,23,2,321,0,0,0,321
05/20/2018,SJU,PR,ASO,ES,Towers with Radar,179,50,19,0,248,0,70,8,0,78,179,120,27,0,326,0,0,0,326
05/21/2018,SJU,PR,ASO,ES,Towers with Radar,184,86,22,0,292,1,68,18,0,87,185,154,40,0,379,0,0,0,379
05/22/2018,SJU,PR,ASO,ES,Towers with Radar,185,86,22,0,293,0,82,18,0,100,185,168,40,0,393,21,0,21,414
05/23/2018,SJU,PR,ASO,ES,Towers with Radar,196,81,11,2,290,0,94,32,0,126,196,175,43,2,416,0,0,0,416
05/24/2018,SJU,PR,ASO,ES,Towers with Radar,207,99,19,5,330,0,92,56,0,148,207,191,75,5,478,0,0,0,478
05/25/2018,SJU,PR,ASO,ES,Towers with Radar,184,91,18,0,293,0,81,18,0,99,184,172,36,0,392,1,0,1,393
05/26/2018,SJU,PR,ASO,ES,Towers with Radar,187,43,16,0,246,0,90,22,1,113,187,133,38,1,359,0,0,0,359
05/27/2018,SJU,PR,ASO,ES,Towers with Radar,189,36,9,7,241,6,72,17,0,95,195,108,26,7,336,0,0,0,336
05/28/2018,SJU,PR,ASO,ES,Towers with Radar,169,70,8,3,250,0,90,13,2,105,169,160,21,5,355,0,0,0,355
05/29/2018,SJU,PR,ASO,ES,Towers with Radar,175,74,9,4,262,0,87,13,2,102,175,161,22,6,364,0,0,0,364
05/30/2018,SJU,PR,ASO,ES,Towers with Radar,197,78,12,2,289,0,106,36,2,144,197,184,48,4,433,7,0,7,440
05/31/2018,SJU,PR,ASO,ES,Towers with Radar,176,111,5,2,294,0,86,22,0,108,176,197,27,2,402,0,0,0,402
06/01/2018,SJU,PR,ASO,ES,Towers with Radar,202,82,5,0,289,0,111,20,2,133,202,193,25,2,422,1,0,1,423
06/02/2018,SJU,PR,ASO,ES,Towers with Radar,229,45,20,3,297,0,86,36,0,122,229,131,56,3,419,4,0,4,423
06/03/2018,SJU,PR,ASO,ES,Towers with Radar,212,49,12,2,275,0,76,19,0,95,212,125,31,2,370,0,0,0,370
06/04/2018,SJU,PR,ASO,ES,Towers with Radar,188,88,7,5,288,0,87,17,7,111,188,175,24,12,399,0,0,0,399
06/05/2018,SJU,PR,ASO,ES,Towers with Radar,203,78,12,4,297,0,96,31,1,128,203,174,43,5,425,32,0,32,457
06/06/2018,SJU,PR,ASO,ES,Towers with Radar,195,72,16,0,283,0,84,33,0,117,195,156,49,0,400,1,0,1,401
06/07/2018,SJU,PR,ASO,ES,Towers with Radar,204,99,20,0,323,0,84,19,0,103,204,183,39,0,426,0,0,0,426
06/08/2018,SJU,PR,ASO,ES,Towers with Radar,228,99,14,0,341,3,90,30,0,123,231,189,44,0,464,5,0,5,469
06/09/2018,SJU,PR,ASO,ES,Towers with Radar,226,57,4,1,288,0,62,19,0,81,226,119,23,1,369,0,0,0,369
06/10/2018,SJU,PR,ASO,ES,Towers with Radar,215,48,22,1,286,0,60,3,0,63,215,108,25,1,349,0,0,0,349
06/11/2018,SJU,PR,ASO,ES,Towers with Radar,208,100,5,0,313,0,85,13,0,98,208,185,18,0,411,12,0,12,423
06/12/2018,SJU,PR,ASO,ES,Towers with Radar,226,74,11,0,311,0,86,17,0,103,226,160,28,0,414,8,0,8,422
06/13/2018,SJU,PR,ASO,ES,Towers with Radar,208,76,8,4,296,0,78,9,1,88,208,154,17,5,384,7,0,7,391
06/14/2018,SJU,PR,ASO,ES,Towers with Radar,207,96,14,1,318,0,90,41,0,131,207,186,55,1,449,0,0,0,449
06/15/2018,SJU,PR,ASO,ES,Towers with Radar,230,90,12,4,336,0,83,20,0,103,230,173,32,4,439,0,0,0,439
06/16/2018,SJU,PR,ASO,ES,Towers with Radar,246,48,15,10,319,3,79,17,0,99,249,127,32,10,418,0,0,0,418
06/17/2018,SJU,PR,ASO,ES,Towers with Radar,227,45,6,1,279,0,88,8,0,96,227,133,14,1,375,0,0,0,375
06/18/2018,SJU,PR,ASO,ES,Towers with Radar,221,95,10,9,335,0,96,16,2,114,221,191,26,11,449,0,0,0,449
06/19/2018,SJU,PR,ASO,ES,Towers with Radar,214,93,12,5,324,0,83,28,0,111,214,176,40,5,435,0,0,0,435
06/20/2018,SJU,PR,ASO,ES,Towers with Radar,233,86,13,7,339,0,93,17,3,113,233,179,30,10,452,0,0,0,452
06/21/2018,SJU,PR,ASO,ES,Towers with Radar,240,106,27,1,374,0,97,39,2,138,240,203,66,3,512,4,0,4,516
06/22/2018,SJU,PR,ASO,ES,Towers with Radar,232,103,20,1,356,0,92,28,1,121,232,195,48,2,477,0,0,0,477
06/23/2018,SJU,PR,ASO,ES,Towers with Radar,256,85,12,2,355,0,52,16,0,68,256,137,28,2,423,0,0,0,423
06/24/2018,SJU,PR,ASO,ES,Towers with Radar,253,59,12,6,330,0,70,10,1,81,253,129,22,7,411,0,0,0,411
06/25/2018,SJU,PR,ASO,ES,Towers with Radar,225,91,16,6,338,0,87,24,2,113,225,178,40,8,451,9,0,9,460
06/26/2018,SJU,PR,ASO,ES,Towers with Radar,212,93,8,2,315,0,90,21,1,112,212,183,29,3,427,0,0,0,427
06/27/2018,SJU,PR,ASO,ES,Towers with Radar,240,109,19,12,380,10,112,35,1,158,250,221,54,13,538,0,0,0,538
06/28/2018,SJU,PR,ASO,ES,Towers with Radar,229,118,14,3,364,0,90,33,0,123,229,208,47,3,487,0,0,0,487
06/29/2018,SJU,PR,ASO,ES,Towers with Radar,230,112,17,2,361,0,110,35,0,145,230,222,52,2,506,0,0,0,506
06/30/2018,SJU,PR,ASO,ES,Towers with Radar,251,65,12,5,333,0,97,21,0,118,251,162,33,5,451,0,0,0,451
07/01/2018,SJU,PR,ASO,ES,Towers with Radar,229,51,11,3,294,0,78,11,0,89,229,129,22,3,383,0,0,0,383
07/02/2018,SJU,PR,ASO,ES,Towers with Radar,220,84,12,3,319,0,95,13,3,111,220,179,25,6,430,0,0,0,430
07/03/2018,SJU,PR,ASO,ES,Towers with Radar,219,87,12,2,320,0,77,20,1,98,219,164,32,3,418,0,0,0,418
07/04/2018,SJU,PR,ASO,ES,Towers with Radar,232,50,7,0,289,5,54,11,1,71,237,104,18,1,360,0,0,0,360
07/05/2018,SJU,PR,ASO,ES,Towers with Radar,227,104,9,1,341,0,80,29,0,109,227,184,38,1,450,0,0,0,450
07/06/2018,SJU,PR,ASO,ES,Towers with Radar,214,82,8,1,305,11,89,33,0,133,225,171,41,1,438,0,0,0,438
07/07/2018,SJU,PR,ASO,ES,Towers with Radar,248,54,9,7,318,0,82,42,1,125,248,136,51,8,443,0,0,0,443
07/08/2018,SJU,PR,ASO,ES,Towers with Radar,228,49,14,0,291,0,78,14,1,93,228,127,28,1,384,0,0,0,384
07/09/2018,SJU,PR,ASO,ES,Towers with Radar,222,72,16,0,310,0,32,2,0,34,222,104,18,0,344,0,0,0,344
07/10/2018,SJU,PR,ASO,ES,Towers with Radar,203,101,11,0,315,0,76,16,0,92,203,177,27,0,407,0,0,0,407
07/11/2018,SJU,PR,ASO,ES,Towers with Radar,216,77,14,1,308,7,76,39,2,124,223,153,53,3,432,2,0,2,434
07/12/2018,SJU,PR,ASO,ES,Towers with Radar,235,102,14,0,351,9,83,45,1,138,244,185,59,1,489,0,0,0,489
07/13/2018,SJU,PR,ASO,ES,Towers with Radar,224,97,5,5,331,0,94,13,0,107,224,191,18,5,438,1,3,4,442
07/14/2018,SJU,PR,ASO,ES,Towers with Radar,257,48,5,9,319,0,87,25,3,115,257,135,30,12,434,0,0,0,434
07/15/2018,SJU,PR,ASO,ES,Towers with Radar,232,52,9,9,302,0,86,26,0,112,232,138,35,9,414,0,0,0,414
07/16/2018,SJU,PR,ASO,ES,Towers with Radar,226,93,7,2,328,0,97,13,0,110,226,190,20,2,438,0,0,0,438
07/17/2018,SJU,PR,ASO,ES,Towers with Radar,222,83,8,19,332,0,85,31,10,126,222,168,39,29,458,0,8,8,466
07/18/2018,SJU,PR,ASO,ES,Towers with Radar,227,79,21,12,339,0,83,47,12,142,227,162,68,24,481,0,30,30,511
07/19/2018,SJU,PR,ASO,ES,Towers with Radar,218,104,20,9,351,0,71,24,3,98,218,175,44,12,449,0,4,4,453
07/20/2018,SJU,PR,ASO,ES,Towers with Radar,224,94,18,5,341,0,99,21,1,121,224,193,39,6,462,0,0,0,462
07/21/2018,SJU,PR,ASO,ES,Towers with Radar,237,53,6,1,297,0,107,21,0,128,237,160,27,1,425,0,0,0,425
07/22/2018,SJU,PR,ASO,ES,Towers with Radar,218,52,11,0,281,5,83,21,0,109,223,135,32,0,390,4,0,4,394
07/23/2018,SJU,PR,ASO,ES,Towers with Radar,202,92,13,4,311,0,119,31,2,152,202,211,44,6,463,2,0,2,465
07/24/2018,SJU,PR,ASO,ES,Towers with Radar,210,74,15,1,300,0,88,43,1,132,210,162,58,2,432,0,0,0,432
07/25/2018,SJU,PR,ASO,ES,Towers with Radar,240,82,6,3,331,0,81,28,3,112,240,163,34,6,443,0,0,0,443
07/26/2018,SJU,PR,ASO,ES,Towers with Radar,228,103,80,5,416,0,96,27,0,123,228,199,107,5,539,0,0,0,539
07/27/2018,SJU,PR,ASO,ES,Towers with Radar,220,92,15,2,329,0,109,25,0,134,220,201,40,2,463,0,0,0,463
07/28/2018,SJU,PR,ASO,ES,Towers with Radar,251,45,10,0,306,0,103,22,0,125,251,148,32,0,431,0,0,0,431
07/29/2018,SJU,PR,ASO,ES,Towers with Radar,224,47,15,0,286,0,82,19,0,101,224,129,34,0,387,0,0,0,387
07/30/2018,SJU,PR,ASO,ES,Towers with Radar,215,91,15,5,326,0,99,22,4,125,215,190,37,9,451,0,0,0,451
07/31/2018,SJU,PR,ASO,ES,Towers with Radar,219,81,20,2,322,0,92,21,2,115,219,173,41,4,437,0,0,0,437
08/01/2018,SJU,PR,ASO,ES,Towers with Radar,231,71,17,7,326,0,93,41,1,135,231,164,58,8,461,0,1,1,462
08/02/2018,SJU,PR,ASO,ES,Towers with Radar,229,100,16,1,346,0,93,19,1,113,229,193,35,2,459,16,0,16,475
08/03/2018,SJU,PR,ASO,ES,Towers with Radar,225,102,7,1,335,0,109,23,0,132,225,211,30,1,467,0,0,0,467
08/04/2018,SJU,PR,ASO,ES,Towers with Radar,251,57,5,0,313,0,76,26,0,102,251,133,31,0,415,0,0,0,415
08/05/2018,SJU,PR,ASO,ES,Towers with Radar,209,55,6,1,271,3,66,15,0,84,212,121,21,1,355,0,0,0,355
08/06/2018,SJU,PR,ASO,ES,Towers with Radar,237,92,17,5,351,0,96,15,3,114,237,188,32,8,465,0,0,0,465
08/07/2018,SJU,PR,ASO,ES,Towers with Radar,194,85,16,1,296,0,92,28,2,122,194,177,44,3,418,5,1,6,424
08/08/2018,SJU,PR,ASO,ES,Towers with Radar,194,81,18,0,293,0,66,31,0,97,194,147,49,0,390,0,0,0,390
08/09/2018,SJU,PR,ASO,ES,Towers with Radar,191,92,8,0,291,8,93,19,0,120,199,185,27,0,411,0,0,0,411
08/10/2018,SJU,PR,ASO,ES,Towers with Radar,194,90,4,6,294,0,110,28,0,138,194,200,32,6,432,0,0,0,432
08/11/2018,SJU,PR,ASO,ES,Towers with Radar,189,50,8,2,249,0,59,5,0,64,189,109,13,2,313,0,0,0,313
08/12/2018,SJU,PR,ASO,ES,Towers with Radar,183,50,3,0,236,0,76,9,0,85,183,126,12,0,321,0,0,0,321
08/13/2018,SJU,PR,ASO,ES,Towers with Radar,177,88,13,0,278,0,80,16,0,96,177,168,29,0,374,10,0,10,384
08/14/2018,SJU,PR,ASO,ES,Towers with Radar,206,82,9,0,297,0,85,18,4,107,206,167,27,4,404,0,0,0,404
08/15/2018,SJU,PR,ASO,ES,Towers with Radar,198,79,8,0,285,0,90,28,2,120,198,169,36,2,405,0,0,0,405
08/16/2018,SJU,PR,ASO,ES,Towers with Radar,190,107,14,1,312,0,91,22,0,113,190,198,36,1,425,0,0,0,425
08/17/2018,SJU,PR,ASO,ES,Towers with Radar,207,100,33,2,342,0,104,18,0,122,207,204,51,2,464,1,0,1,465
08/18/2018,SJU,PR,ASO,ES,Towers with Radar,193,58,14,2,267,0,72,26,2,100,193,130,40,4,367,0,0,0,367
08/19/2018,SJU,PR,ASO,ES,Towers with Radar,184,51,6,5,246,0,57,16,0,73,184,108,22,5,319,0,0,0,319
08/20/2018,SJU,PR,ASO,ES,Towers with Radar,199,93,21,0,313,0,85,15,1,101,199,178,36,1,414,17,0,17,431
08/21/2018,SJU,PR,ASO,ES,Towers with Radar,169,77,12,2,260,0,96,29,2,127,169,173,41,4,387,15,0,15,402
08/22/2018,SJU,PR,ASO,ES,Towers with Radar,162,69,21,1,253,0,90,28,2,120,162,159,49,3,373,0,0,0,373
08/23/2018,SJU,PR,ASO,ES,Towers with Radar,188,98,21,0,307,0,84,46,3,133,188,182,67,3,440,0,0,0,440
08/24/2018,SJU,PR,ASO,ES,Towers with Radar,169,86,20,0,275,0,86,35,0,121,169,172,55,0,396,0,0,0,396
08/25/2018,SJU,PR,ASO,ES,Towers with Radar,176,54,10,1,241,0,77,19,0,96,176,131,29,1,337,1,0,1,338
08/26/2018,SJU,PR,ASO,ES,Towers with Radar,167,50,3,1,221,0,65,17,0,82,167,115,20,1,303,0,0,0,303
08/27/2018,SJU,PR,ASO,ES,Towers with Radar,173,76,15,5,269,0,88,25,1,114,173,164,40,6,383,0,0,0,383
08/28/2018,SJU,PR,ASO,ES,Towers with Radar,167,69,20,2,258,0,104,21,2,127,167,173,41,4,385,0,0,0,385
08/29/2018,SJU,PR,ASO,ES,Towers with Radar,173,94,19,0,286,0,71,40,0,111,173,165,59,0,397,0,0,0,397
08/30/2018,SJU,PR,ASO,ES,Towers with Radar,162,105,11,2,280,0,70,19,0,89,162,175,30,2,369,0,0,0,369
08/31/2018,SJU,PR,ASO,ES,Towers with Radar,188,98,15,7,308,0,117,49,1,167,188,215,64,8,475,0,0,0,475
09/01/2018,SJU,PR,ASO,ES,Towers with Radar,181,45,10,0,236,0,76,14,0,90,181,121,24,0,326,0,0,0,326
09/02/2018,SJU,PR,ASO,ES,Towers with Radar,147,45,10,0,202,0,57,7,0,64,147,102,17,0,266,0,0,0,266
09/03/2018,SJU,PR,ASO,ES,Towers with Radar,155,71,7,2,235,0,68,8,0,76,155,139,15,2,311,0,0,0,311
09/04/2018,SJU,PR,ASO,ES,Towers with Radar,165,70,9,2,246,0,98,15,0,113,165,168,24,2,359,5,0,5,364
09/05/2018,SJU,PR,ASO,ES,Towers with Radar,157,63,16,22,258,0,83,19,3,105,157,146,35,25,363,0,0,0,363
09/06/2018,SJU,PR,ASO,ES,Towers with Radar,152,93,12,2,259,0,100,70,2,172,152,193,82,4,431,0,0,0,431
09/07/2018,SJU,PR,ASO,ES,Towers with Radar,154,79,6,7,246,0,86,22,4,112,154,165,28,11,358,0,0,0,358
09/08/2018,SJU,PR,ASO,ES,Towers with Radar,166,50,9,4,229,0,70,24,0,94,166,120,33,4,323,0,0,0,323
09/09/2018,SJU,PR,ASO,ES,Towers with Radar,132,39,7,2,180,0,48,16,1,65,132,87,23,3,245,0,0,0,245
09/10/2018,SJU,PR,ASO,ES,Towers with Radar,145,83,11,5,244,0,77,21,5,103,145,160,32,10,347,0,0,0,347
09/11/2018,SJU,PR,ASO,ES,Towers with Radar,163,87,28,2,280,0,67,39,0,106,163,154,67,2,386,21,0,21,407
09/12/2018,SJU,PR,ASO,ES,Towers with Radar,146,86,20,1,253,0,77,46,4,127,146,163,66,5,380,8,0,8,388
09/13/2018,SJU,PR,ASO,ES,Towers with Radar,163,92,14,0,269,0,75,22,0,97,163,167,36,0,366,0,0,0,366
09/14/2018,SJU,PR,ASO,ES,Towers with Radar,156,104,4,0,264,0,70,11,0,81,156,174,15,0,345,0,0,0,345
09/15/2018,SJU,PR,ASO,ES,Towers with Radar,152,37,10,0,199,0,65,14,0,79,152,102,24,0,278,0,0,0,278
09/16/2018,SJU,PR,ASO,ES,Towers with Radar,159,47,2,0,208,0,39,6,0,45,159,86,8,0,253,0,0,0,253
09/17/2018,SJU,PR,ASO,ES,Towers with Radar,150,64,24,2,240,9,69,39,0,117,159,133,63,2,357,0,0,0,357
09/18/2018,SJU,PR,ASO,ES,Towers with Radar,138,80,19,1,238,0,82,28,0,110,138,162,47,1,348,40,0,40,388
09/19/2018,SJU,PR,ASO,ES,Towers with Radar,145,58,11,0,214,0,68,16,0,84,145,126,27,0,298,0,0,0,298
09/20/2018,SJU,PR,ASO,ES,Towers with Radar,155,83,16,1,255,0,73,18,0,91,155,156,34,1,346,2,0,2,348
09/21/2018,SJU,PR,ASO,ES,Towers with Radar,155,91,10,1,257,0,72,31,1,104,155,163,41,2,361,0,0,0,361
09/22/2018,SJU,PR,ASO,ES,Towers with Radar,161,31,11,1,204,1,57,19,0,77,162,88,30,1,281,0,0,0,281
09/23/2018,SJU,PR,ASO,ES,Towers with Radar,139,41,8,1,189,0,65,9,0,74,139,106,17,1,263,0,0,0,263
09/24/2018,SJU,PR,ASO,ES,Towers with Radar,145,91,8,0,244,0,74,18,0,92,145,165,26,0,336,0,0,0,336
09/25/2018,SJU,PR,ASO,ES,Towers with Radar,155,80,7,0,242,0,74,10,2,86,155,154,17,2,328,28,0,28,356
09/26/2018,SJU,PR,ASO,ES,Towers with Radar,150,88,13,2,253,0,65,18,0,83,150,153,31,2,336,9,0,9,345
09/27/2018,SJU,PR,ASO,ES,Towers with Radar,153,91,14,1,259,0,70,13,0,83,153,161,27,1,342,2,0,2,344
09/28/2018,SJU,PR,ASO,ES,Towers with Radar,160,84,13,5,262,0,61,11,2,74,160,145,24,7,336,2,0,2,338
09/29/2018,SJU,PR,ASO,ES,Towers with Radar,149,42,4,0,195,6,63,16,0,85,155,105,20,0,280,0,0,0,280
09/30/2018,SJU,PR,ASO,ES,Towers with Radar,147,38,10,0,195,0,65,7,0,72,147,103,17,0,267,0,0,0,267
10/01/2018,SJU,PR,ASO,ES,Towers with Radar,146,88,8,6,248,0,72,17,2,91,146,160,25,8,339,6,0,6,345
10/02/2018,SJU,PR,ASO,ES,Towers with Radar,152,78,13,0,243,0,70,18,0,88,152,148,31,0,331,18,0,18,349
10/03/2018,SJU,PR,ASO,ES,Towers with Radar,156,77,5,1,239,0,61,16,0,77,156,138,21,1,316,0,0,0,316
10/04/2018,SJU,PR,ASO,ES,Towers with Radar,153,99,12,0,264,0,66,19,0,85,153,165,31,0,349,0,0,0,349
10/05/2018,SJU,PR,ASO,ES,Towers with Radar,164,102,21,0,287,0,68,27,0,95,164,170,48,0,382,0,0,0,382
10/06/2018,SJU,PR,ASO,ES,Towers with Radar,164,38,11,0,213,0,72,14,0,86,164,110,25,0,299,0,0,0,299
10/07/2018,SJU,PR,ASO,ES,Towers with Radar,145,37,7,0,189,0,62,3,0,65,145,99,10,0,254,0,0,0,254
10/08/2018,SJU,PR,ASO,ES,Towers with Radar,155,83,4,0,242,0,83,5,0,88,155,166,9,0,330,5,0,5,335
10/09/2018,SJU,PR,ASO,ES,Towers with Radar,161,84,10,3,258,0,83,27,0,110,161,167,37,3,368,0,0,0,368
10/10/2018,SJU,PR,ASO,ES,Towers with Radar,151,68,17,3,239,0,59,18,3,80,151,127,35,6,319,0,0,0,319
10/11/2018,SJU,PR,ASO,ES,Towers with Radar,160,105,20,0,285,0,88,21,0,109,160,193,41,0,394,0,0,0,394
10/12/2018,SJU,PR,ASO,ES,Towers with Radar,160,91,21,0,272,0,68,20,0,88,160,159,41,0,360,0,0,0,360
10/13/2018,SJU,PR,ASO,ES,Towers with Radar,165,45,9,0,219,0,67,22,1,90,165,112,31,1,309,0,0,0,309
10/14/2018,SJU,PR,ASO,ES,Towers with Radar,143,40,12,0,195,0,60,20,0,80,143,100,32,0,275,0,0,0,275
10/15/2018,SJU,PR,ASO,ES,Towers with Radar,150,105,10,1,266,0,62,11,0,73,150,167,21,1,339,0,0,0,339
10/16/2018,SJU,PR,ASO,ES,Towers with Radar,150,89,20,0,259,0,58,7,0,65,150,147,27,0,324,9,0,9,333
10/17/2018,SJU,PR,ASO,ES,Towers with Radar,160,81,29,0,270,0,75,19,0,94,160,156,48,0,364,18,0,18,382
10/18/2018,SJU,PR,ASO,ES,Towers with Radar,152,90,18,3,263,0,85,15,0,100,152,175,33,3,363,9,0,9,372
10/19/2018,SJU,PR,ASO,ES,Towers with Radar,157,90,24,5,276,0,79,20,3,102,157,169,44,8,378,4,0,4,382
10/20/2018,SJU,PR,ASO,ES,Towers with Radar,160,55,13,0,228,7,72,9,3,91,167,127,22,3,319,0,0,0,319
10/21/2018,SJU,PR,ASO,ES,Towers with Radar,149,46,6,1,202,0,67,4,1,72,149,113,10,2,274,0,0,0,274
10/22/2018,SJU,PR,ASO,ES,Towers with Radar,153,97,24,1,275,11,62,11,1,85,164,159,35,2,360,1,0,1,361
10/23/2018,SJU,PR,ASO,ES,Towers with Radar,151,90,27,0,268,0,87,21,0,108,151,177,48,0,376,0,0,0,376
10/24/2018,SJU,PR,ASO,ES,Towers with Radar,150,70,20,0,240,0,74,45,0,119,150,144,65,0,359,22,0,22,381
10/25/2018,SJU,PR,ASO,ES,Towers with Radar,149,92,8,1,250,12,81,26,1,120,161,173,34,2,370,0,0,0,370
10/26/2018,SJU,PR,ASO,ES,Towers with Radar,155,90,20,1,266,0,79,31,0,110,155,169,51,1,376,0,0,0,376
10/27/2018,SJU,PR,ASO,ES,Towers with Radar,161,46,23,1,231,1,94,15,0,110,162,140,38,1,341,0,0,0,341
10/28/2018,SJU,PR,ASO,ES,Towers with Radar,151,44,10,0,205,0,75,15,0,90,151,119,25,0,295,0,0,0,295
10/29/2018,SJU,PR,ASO,ES,Towers with Radar,159,81,6,5,251,0,68,19,0,87,159,149,25,5,338,14,1,15,353
10/30/2018,SJU,PR,ASO,ES,Towers with Radar,151,87,6,0,244,0,70,26,0,96,151,157,32,0,340,31,0,31,371
10/31/2018,SJU,PR,ASO,ES,Towers with Radar,162,74,20,0,256,9,74,17,0,100,171,148,37,0,356,1,1,2,358
11/01/2018,SJU,PR,ASO,ES,Towers with Radar,169,93,25,0,287,0,111,31,0,142,169,204,56,0,429,10,0,10,439
11/02/2018,SJU,PR,ASO,ES,Towers with Radar,156,106,14,1,277,0,85,30,0,115,156,191,44,1,392,6,0,6,398
11/03/2018,SJU,PR,ASO,ES,Towers with Radar,178,67,9,0,254,0,69,24,0,93,178,136,33,0,347,0,0,0,347
11/04/2018,SJU,PR,ASO,ES,Towers with Radar,161,59,11,0,231,0,63,8,1,72,161,122,19,1,303,0,0,0,303
11/05/2018,SJU,PR,ASO,ES,Towers with Radar,163,128,36,0,327,0,63,21,0,84,163,191,57,0,411,0,0,0,411
11/06/2018,SJU,PR,ASO,ES,Towers with Radar,168,95,27,0,290,0,98,38,1,137,168,193,65,1,427,15,0,15,442
11/07/2018,SJU,PR,ASO,ES,Towers with Radar,161,93,30,6,290,0,72,21,2,95,161,165,51,8,385,22,0,22,407
11/08/2018,SJU,PR,ASO,ES,Towers with Radar,175,106,16,0,297,0,87,17,0,104,175,193,33,0,401,26,0,26,427
11/09/2018,SJU,PR,ASO,ES,Towers with Radar,164,106,30,2,302,0,112,33,1,146,164,218,63,3,448,15,0,15,463
11/10/2018,SJU,PR,ASO,ES,Towers with Radar,183,42,17,0,242,2,84,24,0,110,185,126,41,0,352,0,0,0,352
11/11/2018,SJU,PR,ASO,ES,Towers with Radar,154,49,9,0,212,0,69,17,0,86,154,118,26,0,298,4,0,4,302
11/12/2018,SJU,PR,ASO,ES,Towers with Radar,150,70,11,0,231,0,81,9,0,90,150,151,20,0,321,0,0,0,321
11/13/2018,SJU,PR,ASO,ES,Towers with Radar,174,92,5,0,271,0,98,23,0,121,174,190,28,0,392,0,0,0,392
11/14/2018,SJU,PR,ASO,ES,Towers with Radar,170,84,21,13,288,0,78,20,2,100,170,162,41,15,388,0,0,0,388
11/15/2018,SJU,PR,ASO,ES,Towers with Radar,181,111,20,2,314,0,99,21,2,122,181,210,41,4,436,0,0,0,436
11/16/2018,SJU,PR,ASO,ES,Towers with Radar,176,98,23,14,311,10,93,31,4,138,186,191,54,18,449,0,1,1,450
11/17/2018,SJU,PR,ASO,ES,Towers with Radar,194,45,26,9,274,0,113,57,0,170,194,158,83,9,444,0,1,1,445
11/18/2018,SJU,PR,ASO,ES,Towers with Radar,176,53,10,2,241,0,85,16,0,101,176,138,26,2,342,0,0,0,342
11/19/2018,SJU,PR,ASO,ES,Towers with Radar,183,105,8,3,299,0,94,21,2,117,183,199,29,5,416,0,0,0,416
11/20/2018,SJU,PR,ASO,ES,Towers with Radar,187,106,22,2,317,0,113,29,2,144,187,219,51,4,461,0,0,0,461
11/21/2018,SJU,PR,ASO,ES,Towers with Radar,204,106,17,1,328,0,95,33,1,129,204,201,50,2,457,2,3,5,462
11/22/2018,SJU,PR,ASO,ES,Towers with Radar,160,56,6,0,222,0,74,10,0,84,160,130,16,0,306,0,0,0,306
11/23/2018,SJU,PR,ASO,ES,Towers with Radar,175,93,11,2,281,0,76,9,0,85,175,169,20,2,366,0,0,0,366
11/24/2018,SJU,PR,ASO,ES,Towers with Radar,189,43,9,9,250,0,123,26,0,149,189,166,35,9,399,0,0,0,399
11/25/2018,SJU,PR,ASO,ES,Towers with Radar,169,64,16,5,254,0,127,13,0,140,169,191,29,5,394,0,0,0,394
11/26/2018,SJU,PR,ASO,ES,Towers with Radar,176,108,11,13,308,12,98,7,5,122,188,206,18,18,430,0,0,0,430
11/27/2018,SJU,PR,ASO,ES,Towers with Radar,174,89,11,11,285,0,93,18,0,111,174,182,29,11,396,16,0,16,412
11/28/2018,SJU,PR,ASO,ES,Towers with Radar,176,99,15,8,298,0,79,18,1,98,176,178,33,9,396,0,0,0,396
11/29/2018,SJU,PR,ASO,ES,Towers with Radar,173,110,21,6,310,0,91,23,1,115,173,201,44,7,425,0,0,0,425
11/30/2018,SJU,PR,ASO,ES,Towers with Radar,177,100,19,11,307,0,79,23,0,102,177,179,42,11,409,0,0,0,409
12/01/2018,SJU,PR,ASO,ES,Towers with Radar,179,57,13,10,259,0,75,10,0,85,179,132,23,10,344,0,0,0,344
12/02/2018,SJU,PR,ASO,ES,Towers with Radar,171,51,14,21,257,0,60,11,0,71,171,111,25,21,328,0,0,0,328
12/03/2018,SJU,PR,ASO,ES,Towers with Radar,180,123,15,14,332,0,65,20,0,85,180,188,35,14,417,25,0,25,442
12/04/2018,SJU,PR,ASO,ES,Towers with Radar,163,103,18,1,285,0,109,16,1,126,163,212,34,2,411,0,0,0,411
12/05/2018,SJU,PR,ASO,ES,Towers with Radar,173,102,18,3,296,0,90,11,0,101,173,192,29,3,397,10,0,10,407
12/06/2018,SJU,PR,ASO,ES,Towers with Radar,168,95,23,3,289,0,86,33,1,120,168,181,56,4,409,0,0,0,409
12/07/2018,SJU,PR,ASO,ES,Towers with Radar,180,113,16,11,320,0,79,22,0,101,180,192,38,11,421,0,0,0,421
12/08/2018,SJU,PR,ASO,ES,Towers with Radar,172,39,11,12,234,0,89,28,2,119,172,128,39,14,353,11,1,12,365
12/09/2018,SJU,PR,ASO,ES,Towers with Radar,161,51,8,6,226,0,73,7,0,80,161,124,15,6,306,0,0,0,306
12/10/2018,SJU,PR,ASO,ES,Towers with Radar,186,123,16,0,325,0,91,27,0,118,186,214,43,0,443,0,0,0,443
12/11/2018,SJU,PR,ASO,ES,Towers with Radar,164,102,28,7,301,0,83,28,2,113,164,185,56,9,414,0,0,0,414
12/12/2018,SJU,PR,ASO,ES,Towers with Radar,185,99,22,0,306,0,105,18,0,123,185,204,40,0,429,0,0,0,429
12/13/2018,SJU,PR,ASO,ES,Towers with Radar,190,131,25,10,356,0,89,33,0,122,190,220,58,10,478,0,0,0,478
12/14/2018,SJU,PR,ASO,ES,Towers with Radar,197,98,22,1,318,0,98,14,0,112,197,196,36,1,430,0,0,0,430
12/15/2018,SJU,PR,ASO,ES,Towers with Radar,209,49,9,2,269,0,100,11,0,111,209,149,20,2,380,10,0,10,390
12/16/2018,SJU,PR,ASO,ES,Towers with Radar,195,48,12,1,256,0,86,11,1,98,195,134,23,2,354,0,0,0,354
12/17/2018,SJU,PR,ASO,ES,Towers with Radar,207,117,23,2,349,0,112,27,2,141,207,229,50,4,490,0,0,0,490
12/18/2018,SJU,PR,ASO,ES,Towers with Radar,192,105,21,3,321,13,80,26,2,121,205,185,47,5,442,0,0,0,442
12/19/2018,SJU,PR,ASO,ES,Towers with Radar,220,104,26,2,352,0,113,36,2,151,220,217,62,4,503,20,1,21,524
12/20/2018,SJU,PR,ASO,ES,Towers with Radar,219,118,30,0,367,0,109,38,0,147,219,227,68,0,514,26,0,26,540
12/21/2018,SJU,PR,ASO,ES,Towers with Radar,219,114,25,4,362,0,128,27,0,155,219,242,52,4,517,25,0,25,542
12/22/2018,SJU,PR,ASO,ES,Towers with Radar,229,83,22,3,337,0,108,34,0,142,229,191,56,3,479,10,0,10,489
12/23/2018,SJU,PR,ASO,ES,Towers with Radar,243,66,20,1,330,0,114,19,0,133,243,180,39,1,463,0,0,0,463
12/24/2018,SJU,PR,ASO,ES,Towers with Radar,215,139,11,0,365,0,89,13,0,102,215,228,24,0,467,0,0,0,467
12/25/2018,SJU,PR,ASO,ES,Towers with Radar,204,44,5,0,253,0,70,10,0,80,204,114,15,0,333,2,0,2,335
12/26/2018,SJU,PR,ASO,ES,Towers with Radar,212,82,20,0,314,0,125,39,0,164,212,207,59,0,478,2,0,2,480
12/27/2018,SJU,PR,ASO,ES,Towers with Radar,227,135,35,1,398,0,139,40,0,179,227,274,75,1,577,0,0,0,577
12/28/2018,SJU,PR,ASO,ES,Towers with Radar,233,150,30,1,414,0,92,26,0,118,233,242,56,1,532,0,0,0,532
12/29/2018,SJU,PR,ASO,ES,Towers with Radar,242,75,13,0,330,0,109,16,0,125,242,184,29,0,455,0,0,0,455
12/30/2018,SJU,PR,ASO,ES,Towers with Radar,245,55,18,0,318,0,98,23,0,121,245,153,41,0,439,0,0,0,439
12/31/2018,SJU,PR,ASO,ES,Towers with Radar,230,77,10,2,319,0,120,10,1,131,230,197,20,3,450,0,0,0,450
01/01/2019,SJU,PR,ASO,ES,Towers with Radar,195,45,16,0,256,0,105,11,0,116,195,150,27,0,372,1,0,1,373
01/02/2019,SJU,PR,ASO,ES,Towers with Radar,229,127,46,4,406,0,144,44,0,188,229,271,90,4,594,0,0,0,594
01/03/2019,SJU,PR,ASO,ES,Towers with Radar,224,100,31,12,367,10,102,22,0,134,234,202,53,12,501,0,0,0,501
01/04/2019,SJU,PR,ASO,ES,Towers with Radar,225,103,34,11,373,0,148,20,1,169,225,251,54,12,542,7,0,7,549
01/05/2019,SJU,PR,ASO,ES,Towers with Radar,235,71,36,4,346,0,171,38,3,212,235,242,74,7,558,6,0,6,564
01/06/2019,SJU,PR,ASO,ES,Towers with Radar,209,53,33,4,299,4,111,16,0,131,213,164,49,4,430,0,0,0,430
01/07/2019,SJU,PR,ASO,ES,Towers with Radar,200,117,14,1,332,0,117,15,0,132,200,234,29,1,464,0,0,0,464
01/08/2019,SJU,PR,ASO,ES,Towers with Radar,199,111,16,1,327,0,110,26,1,137,199,221,42,2,464,0,0,0,464
01/09/2019,SJU,PR,ASO,ES,Towers with Radar,187,112,13,3,315,0,93,15,2,110,187,205,28,5,425,0,0,0,425
01/10/2019,SJU,PR,ASO,ES,Towers with Radar,189,116,13,3,321,0,92,26,2,120,189,208,39,5,441,0,0,0,441
01/11/2019,SJU,PR,ASO,ES,Towers with Radar,209,113,29,4,355,0,90,18,0,108,209,203,47,4,463,0,0,0,463
01/12/2019,SJU,PR,ASO,ES,Towers with Radar,224,57,18,1,300,0,115,23,0,138,224,172,41,1,438,7,0,7,445
01/13/2019,SJU,PR,ASO,ES,Towers with Radar,208,58,28,2,296,0,76,16,0,92,208,134,44,2,388,0,0,0,388
01/14/2019,SJU,PR,ASO,ES,Towers with Radar,173,110,20,3,306,0,81,16,3,100,173,191,36,6,406,0,0,0,406
01/15/2019,SJU,PR,ASO,ES,Towers with Radar,207,123,21,5,356,7,112,19,4,142,214,235,40,9,498,6,0,6,504
01/16/2019,SJU,PR,ASO,ES,Towers with Radar,183,98,11,4,296,0,85,19,6,110,183,183,30,10,406,26,0,26,432
01/17/2019,SJU,PR,ASO,ES,Towers with Radar,206,129,34,1,370,0,96,32,0,128,206,225,66,1,498,0,0,0,498
01/18/2019,SJU,PR,ASO,ES,Towers with Radar,215,124,37,3,379,0,124,21,2,147,215,248,58,5,526,0,0,0,526
01/19/2019,SJU,PR,ASO,ES,Towers with Radar,206,56,22,0,284,0,116,16,0,132,206,172,38,0,416,0,0,0,416
01/20/2019,SJU,PR,ASO,ES,Towers with Radar,183,63,13,0,259,0,83,9,0,92,183,146,22,0,351,0,0,0,351
01/21/2019,SJU,PR,ASO,ES,Towers with Radar,173,99,27,1,300,0,84,17,3,104,173,183,44,4,404,0,0,0,404
01/22/2019,SJU,PR,ASO,ES,Towers with Radar,195,113,19,9,336,0,114,30,0,144,195,227,49,9,480,2,0,2,482
01/23/2019,SJU,PR,ASO,ES,Towers with Radar,195,92,25,1,313,0,96,25,1,122,195,188,50,2,435,0,0,0,435
01/24/2019,SJU,PR,ASO,ES,Towers with Radar,186,123,24,4,337,0,103,20,1,124,186,226,44,5,461,0,0,0,461
01/25/2019,SJU,PR,ASO,ES,Towers with Radar,182,136,28,6,352,0,57,27,0,84,182,193,55,6,436,6,0,6,442
01/26/2019,SJU,PR,ASO,ES,Towers with Radar,201,58,16,0,275,0,130,26,0,156,201,188,42,0,431,0,0,0,431
01/27/2019,SJU,PR,ASO,ES,Towers with Radar,190,79,20,0,289,0,96,14,0,110,190,175,34,0,399,0,0,0,399
01/28/2019,SJU,PR,ASO,ES,Towers with Radar,169,118,28,1,316,0,95,33,0,128,169,213,61,1,444,0,0,0,444
01/29/2019,SJU,PR,ASO,ES,Towers with Radar,183,112,34,0,329,0,99,35,0,134,183,211,69,0,463,5,0,5,468
01/30/2019,SJU,PR,ASO,ES,Towers with Radar,190,110,20,11,331,0,107,21,1,129,190,217,41,12,460,6,0,6,466
01/31/2019,SJU,PR,ASO,ES,Towers with Radar,173,108,30,0,311,0,93,32,0,125,173,201,62,0,436,0,0,0,436
02/01/2019,SJU,PR,ASO,ES,Towers with Radar,203,114,17,4,338,0,113,20,2,135,203,227,37,6,473,0,0,0,473
02/02/2019,SJU,PR,ASO,ES,Towers with Radar,202,69,10,0,281,0,105,38,1,144,202,174,48,1,425,25,0,25,450
02/03/2019,SJU,PR,ASO,ES,Towers with Radar,189,59,14,0,262,0,76,13,0,89,189,135,27,0,351,0,0,0,351
02/04/2019,SJU,PR,ASO,ES,Towers with Radar,174,118,30,0,322,0,97,22,0,119,174,215,52,0,441,0,0,0,441
02/05/2019,SJU,PR,ASO,ES,Towers with Radar,187,107,28,0,322,0,95,18,2,115,187,202,46,2,437,0,0,0,437
02/06/2019,SJU,PR,ASO,ES,Towers with Radar,188,105,13,7,313,0,89,16,4,109,188,194,29,11,422,23,0,23,445
02/07/2019,SJU,PR,ASO,ES,Towers with Radar,188,116,18,3,325,0,109,24,0,133,188,225,42,3,458,0,0,0,458
02/08/2019,SJU,PR,ASO,ES,Towers with Radar,204,104,27,3,338,0,111,20,1,132,204,215,47,4,470,8,1,9,479
02/09/2019,SJU,PR,ASO,ES,Towers with Radar,216,61,13,0,290,0,121,31,0,152,216,182,44,0,442,0,0,0,442
02/10/2019,SJU,PR,ASO,ES,Towers with Radar,196,66,21,0,283,0,83,22,1,106,196,149,43,1,389,0,0,0,389
02/11/2019,SJU,PR,ASO,ES,Towers with Radar,171,108,12,1,292,0,97,10,2,109,171,205,22,3,401,0,0,0,401
02/12/2019,SJU,PR,ASO,ES,Towers with Radar,173,106,18,2,299,0,110,22,1,133,173,216,40,3,432,0,0,0,432
02/13/2019,SJU,PR,ASO,ES,Towers with Radar,187,95,30,1,313,0,99,23,0,122,187,194,53,1,435,0,0,0,435
02/14/2019,SJU,PR,ASO,ES,Towers with Radar,173,130,37,5,345,0,93,25,1,119,173,223,62,6,464,0,0,0,464
02/15/2019,SJU,PR,ASO,ES,Towers with Radar,185,124,34,6,349,0,119,16,1,136,185,243,50,7,485,0,0,0,485
02/16/2019,SJU,PR,ASO,ES,Towers with Radar,212,55,15,3,285,0,131,30,0,161,212,186,45,3,446,0,0,0,446
02/17/2019,SJU,PR,ASO,ES,Towers with Radar,194,62,17,4,277,0,82,16,1,99,194,144,33,5,376,0,0,0,376
02/18/2019,SJU,PR,ASO,ES,Towers with Radar,194,97,35,3,329,0,109,13,0,122,194,206,48,3,451,0,0,0,451
02/19/2019,SJU,PR,ASO,ES,Towers with Radar,181,118,27,2,328,0,105,18,0,123,181,223,45,2,451,0,1,1,452
02/20/2019,SJU,PR,ASO,ES,Towers with Radar,201,103,17,7,328,0,90,18,1,109,201,193,35,8,437,0,0,0,437
02/21/2019,SJU,PR,ASO,ES,Towers with Radar,200,97,27,0,324,0,98,17,0,115,200,195,44,0,439,0,0,0,439
02/22/2019,SJU,PR,ASO,ES,Towers with Radar,196,111,24,4,335,12,89,33,2,136,208,200,57,6,471,0,0,0,471
02/23/2019,SJU,PR,ASO,ES,Towers with Radar,198,65,12,6,281,0,127,29,4,160,198,192,41,10,441,0,1,1,442
02/24/2019,SJU,PR,ASO,ES,Towers with Radar,192,71,11,2,276,1,101,6,0,108,193,172,17,2,384,0,0,0,384
02/25/2019,SJU,PR,ASO,ES,Towers with Radar,186,119,29,14,348,0,102,15,3,120,186,221,44,17,468,28,0,28,496
02/26/2019,SJU,PR,ASO,ES,Towers with Radar,204,93,16,4,317,0,94,22,0,116,204,187,38,4,433,0,0,0,433
02/27/2019,SJU,PR,ASO,ES,Towers with Radar,185,97,25,4,311,0,113,12,0,125,185,210,37,4,436,5,0,5,441
02/28/2019,SJU,PR,ASO,ES,Towers with Radar,195,108,16,1,320,0,133,23,0,156,195,241,39,1,476,0,0,0,476
03/01/2019,SJU,PR,ASO,ES,Towers with Radar,187,121,23,6,337,0,117,12,2,131,187,238,35,8,468,0,0,0,468
03/02/2019,SJU,PR,ASO,ES,Towers with Radar,206,48,25,3,282,0,134,21,1,156,206,182,46,4,438,2,0,2,440
03/03/2019,SJU,PR,ASO,ES,Towers with Radar,198,58,14,9,279,0,83,9,0,92,198,141,23,9,371,0,0,0,371
03/04/2019,SJU,PR,ASO,ES,Towers with Radar,186,99,28,2,315,0,104,23,0,127,186,203,51,2,442,2,0,2,444
03/05/2019,SJU,PR,ASO,ES,Towers with Radar,185,110,28,1,324,0,117,25,1,143,185,227,53,2,467,0,0,0,467
03/06/2019,SJU,PR,ASO,ES,Towers with Radar,200,81,14,2,297,0,115,15,1,131,200,196,29,3,428,0,0,0,428
03/07/2019,SJU,PR,ASO,ES,Towers with Radar,196,128,27,0,351,0,115,14,0,129,196,243,41,0,480,0,0,0,480
03/08/2019,SJU,PR,ASO,ES,Towers with Radar,193,113,34,5,345,0,111,36,0,147,193,224,70,5,492,0,0,0,492
03/09/2019,SJU,PR,ASO,ES,Towers with Radar,213,55,12,4,284,0,151,27,0,178,213,206,39,4,462,0,0,0,462
03/10/2019,SJU,PR,ASO,ES,Towers with Radar,195,61,20,9,285,0,116,6,1,123,195,177,26,10,408,0,0,0,408
03/11/2019,SJU,PR,ASO,ES,Towers with Radar,196,85,18,2,301,0,115,15,0,130,196,200,33,2,431,14,0,14,445
03/12/2019,SJU,PR,ASO,ES,Towers with Radar,194,86,12,5,297,0,96,30,3,129,194,182,42,8,426,15,0,15,441
03/13/2019,SJU,PR,ASO,ES,Towers with Radar,187,97,32,10,326,0,86,29,2,117,187,183,61,12,443,0,0,0,443
03/14/2019,SJU,PR,ASO,ES,Towers with Radar,196,94,27,7,324,0,123,37,1,161,196,217,64,8,485,0,0,0,485
03/15/2019,SJU,PR,ASO,ES,Towers with Radar,195,104,29,9,337,0,116,31,0,147,195,220,60,9,484,20,0,20,504
03/16/2019,SJU,PR,ASO,ES,Towers with Radar,218,71,36,4,329,0,149,52,1,202,218,220,88,5,531,0,0,0,531
03/17/2019,SJU,PR,ASO,ES,Towers with Radar,205,61,30,8,304,0,103,15,5,123,205,164,45,13,427,1,1,2,429
03/18/2019,SJU,PR,ASO,ES,Towers with Radar,177,105,27,7,316,0,131,30,3,164,177,236,57,10,480,0,0,0,480
03/19/2019,SJU,PR,ASO,ES,Towers with Radar,199,89,19,15,322,0,114,20,2,136,199,203,39,17,458,0,0,0,458
03/20/2019,SJU,PR,ASO,ES,Towers with Radar,190,83,26,2,301,0,106,32,0,138,190,189,58,2,439,20,1,21,460
03/21/2019,SJU,PR,ASO,ES,Towers with Radar,198,96,31,12,337,0,103,13,2,118,198,199,44,14,455,0,0,0,455
03/22/2019,SJU,PR,ASO,ES,Towers with Radar,189,110,36,2,337,0,116,33,0,149,189,226,69,2,486,0,0,0,486
03/23/2019,SJU,PR,ASO,ES,Towers with Radar,214,75,31,0,320,0,145,46,0,191,214,220,77,0,511,0,0,0,511
03/24/2019,SJU,PR,ASO,ES,Towers with Radar,213,68,19,1,301,0,114,18,0,132,213,182,37,1,433,0,0,0,433
03/25/2019,SJU,PR,ASO,ES,Towers with Radar,190,108,27,1,326,0,100,25,1,126,190,208,52,2,452,0,0,0,452
03/26/2019,SJU,PR,ASO,ES,Towers with Radar,193,95,23,0,311,0,109,37,0,146,193,204,60,0,457,0,0,0,457
03/27/2019,SJU,PR,ASO,ES,Towers with Radar,183,104,21,6,314,0,86,30,1,117,183,190,51,7,431,0,0,0,431
03/28/2019,SJU,PR,ASO,ES,Towers with Radar,224,111,27,2,364,0,111,38,1,150,224,222,65,3,514,0,0,0,514
03/29/2019,SJU,PR,ASO,ES,Towers with Radar,191,97,17,6,311,0,100,26,3,129,191,197,43,9,440,0,0,0,440
03/30/2019,SJU,PR,ASO,ES,Towers with Radar,202,66,13,2,283,0,169,47,0,216,202,235,60,2,499,0,0,0,499
03/31/2019,SJU,PR,ASO,ES,Towers with Radar,207,75,11,5,298,0,101,9,0,110,207,176,20,5,408,0,0,0,408
04/01/2019,SJU,PR,ASO,ES,Towers with Radar,185,109,25,0,319,0,114,36,0,150,185,223,61,0,469,4,0,4,473
04/02/2019,SJU,PR,ASO,ES,Towers with Radar,185,101,25,4,315,0,107,23,3,133,185,208,48,7,448,0,0,0,448
04/03/2019,SJU,PR,ASO,ES,Towers with Radar,185,83,21,4,293,0,110,31,0,141,185,193,52,4,434,0,5,5,439
04/04/2019,SJU,PR,ASO,ES,Towers with Radar,200,100,26,1,327,0,92,28,2,122,200,192,54,3,449,0,0,0,449
04/05/2019,SJU,PR,ASO,ES,Towers with Radar,187,105,19,2,313,0,116,31,2,149,187,221,50,4,462,18,0,18,480
04/06/2019,SJU,PR,ASO,ES,Towers with Radar,226,57,33,1,317,0,121,33,2,156,226,178,66,3,473,0,0,0,473
04/07/2019,SJU,PR,ASO,ES,Towers with Radar,218,66,11,2,297,0,81,21,3,105,218,147,32,5,402,0,0,0,402
04/08/2019,SJU,PR,ASO,ES,Towers with Radar,181,111,26,12,330,0,106,17,12,135,181,217,43,24,465,0,0,0,465
04/09/2019,SJU,PR,ASO,ES,Towers with Radar,188,86,17,4,295,0,110,23,8,141,188,196,40,12,436,7,0,7,443
04/10/2019,SJU,PR,ASO,ES,Towers with Radar,187,105,13,3,308,0,114,20,1,135,187,219,33,4,443,16,0,16,459
04/11/2019,SJU,PR,ASO,ES,Towers with Radar,189,119,24,2,334,0,122,27,5,154,189,241,51,7,488,6,0,6,494
04/12/2019,SJU,PR,ASO,ES,Towers with Radar,215,103,29,4,351,0,108,34,0,142,215,211,63,4,493,17,0,17,510
04/13/2019,SJU,PR,ASO,ES,Towers with Radar,206,64,9,5,284,0,134,33,1,168,206,198,42,6,452,0,0,0,452
04/14/2019,SJU,PR,ASO,ES,Towers with Radar,196,65,20,3,284,0,93,18,0,111,196,158,38,3,395,0,0,0,395
04/15/2019,SJU,PR,ASO,ES,Towers with Radar,173,105,30,2,310,0,110,17,0,127,173,215,47,2,437,0,0,0,437
04/16/2019,SJU,PR,ASO,ES,Towers with Radar,191,87,21,1,300,13,118,28,0,159,204,205,49,1,459,0,0,0,459
04/17/2019,SJU,PR,ASO,ES,Towers with Radar,195,101,31,0,327,0,129,37,0,166,195,230,68,0,493,0,0,0,493
04/18/2019,SJU,PR,ASO,ES,Towers with Radar,188,120,13,2,323,0,131,11,0,142,188,251,24,2,465,2,0,2,467
04/19/2019,SJU,PR,ASO,ES,Towers with Radar,170,61,12,1,244,0,110,17,0,127,170,171,29,1,371,0,0,0,371
04/20/2019,SJU,PR,ASO,ES,Towers with Radar,202,59,10,1,272,1,137,42,0,180,203,196,52,1,452,0,0,0,452
04/21/2019,SJU,PR,ASO,ES,Towers with Radar,210,61,16,1,288,13,123,16,0,152,223,184,32,1,440,0,0,0,440
04/22/2019,SJU,PR,ASO,ES,Towers with Radar,181,79,24,0,284,0,139,36,0,175,181,218,60,0,459,6,0,6,465
04/23/2019,SJU,PR,ASO,ES,Towers with Radar,173,102,9,0,284,0,128,15,0,143,173,230,24,0,427,13,0,13,440
04/24/2019,SJU,PR,ASO,ES,Towers with Radar,201,88,24,2,315,0,124,25,0,149,201,212,49,2,464,10,0,10,474
04/25/2019,SJU,PR,ASO,ES,Towers with Radar,181,108,8,5,302,0,99,30,1,130,181,207,38,6,432,0,0,0,432
04/26/2019,SJU,PR,ASO,ES,Towers with Radar,193,98,24,2,317,0,105,23,0,128,193,203,47,2,445,5,0,5,450
04/27/2019,SJU,PR,ASO,ES,Towers with Radar,219,69,18,6,312,0,131,16,0,147,219,200,34,6,459,0,0,0,459
04/28/2019,SJU,PR,ASO,ES,Towers with Radar,259,61,17,1,338,0,101,7,0,108,259,162,24,1,446,0,0,0,446
04/29/2019,SJU,PR,ASO,ES,Towers with Radar,157,101,15,4,277,0,109,19,3,131,157,210,34,7,408,0,0,0,408
04/30/2019,SJU,PR,ASO,ES,Towers with Radar,192,102,20,0,314,0,97,19,0,116,192,199,39,0,430,15,0,15,445
05/01/2019,SJU,PR,ASO,ES,Towers with Radar,195,101,25,0,321,0,106,23,0,129,195,207,48,0,450,3,0,3,453
05/02/2019,SJU,PR,ASO,ES,Towers with Radar,174,125,15,0,314,0,109,29,0,138,174,234,44,0,452,7,0,7,459
05/03/2019,SJU,PR,ASO,ES,Towers with Radar,202,103,20,1,326,0,113,21,0,134,202,216,41,1,460,0,0,0,460
05/04/2019,SJU,PR,ASO,ES,Towers with Radar,203,55,14,0,272,0,125,29,0,154,203,180,43,0,426,0,0,0,426
05/05/2019,SJU,PR,ASO,ES,Towers with Radar,167,49,26,0,242,0,104,18,0,122,167,153,44,0,364,0,0,0,364
05/06/2019,SJU,PR,ASO,ES,Towers with Radar,170,109,16,4,299,0,93,11,2,106,170,202,27,6,405,2,0,2,407
05/07/2019,SJU,PR,ASO,ES,Towers with Radar,201,92,11,2,306,0,125,20,1,146,201,217,31,3,452,9,0,9,461
05/08/2019,SJU,PR,ASO,ES,Towers with Radar,176,73,18,6,273,0,118,27,2,147,176,191,45,8,420,6,0,6,426
05/09/2019,SJU,PR,ASO,ES,Towers with Radar,191,117,21,1,330,11,103,30,1,145,202,220,51,2,475,11,0,11,486
05/10/2019,SJU,PR,ASO,ES,Towers with Radar,197,112,12,6,327,0,112,16,1,129,197,224,28,7,456,0,0,0,456
05/11/2019,SJU,PR,ASO,ES,Towers with Radar,194,65,10,3,272,0,125,18,0,143,194,190,28,3,415,15,0,15,430
05/12/2019,SJU,PR,ASO,ES,Towers with Radar,180,58,4,1,243,0,84,8,0,92,180,142,12,1,335,1,0,1,336
05/13/2019,SJU,PR,ASO,ES,Towers with Radar,176,107,14,8,305,0,105,27,1,133,176,212,41,9,438,0,0,0,438
05/14/2019,SJU,PR,ASO,ES,Towers with Radar,191,94,28,3,316,0,106,36,1,143,191,200,64,4,459,0,0,0,459
05/15/2019,SJU,PR,ASO,ES,Towers with Radar,184,78,33,1,296,0,100,37,0,137,184,178,70,1,433,14,0,14,447
05/16/2019,SJU,PR,ASO,ES,Towers with Radar,184,101,15,8,308,0,120,26,0,146,184,221,41,8,454,0,0,0,454
05/17/2019,SJU,PR,ASO,ES,Towers with Radar,198,107,34,7,346,0,124,36,3,163,198,231,70,10,509,0,0,0,509
05/18/2019,SJU,PR,ASO,ES,Towers with Radar,185,50,21,1,257,0,118,35,5,158,185,168,56,6,415,1,0,1,416
05/19/2019,SJU,PR,ASO,ES,Towers with Radar,160,54,7,1,222,0,95,11,0,106,160,149,18,1,328,1,0,1,329
05/20/2019,SJU,PR,ASO,ES,Towers with Radar,193,103,19,4,319,0,113,19,0,132,193,216,38,4,451,0,0,0,451
05/21/2019,SJU,PR,ASO,ES,Towers with Radar,178,83,19,2,282,0,105,26,3,134,178,188,45,5,416,28,0,28,444
05/22/2019,SJU,PR,ASO,ES,Towers with Radar,187,84,16,2,289,0,98,11,0,109,187,182,27,2,398,52,0,52,450
05/23/2019,SJU,PR,ASO,ES,Towers with Radar,203,106,33,2,344,0,103,34,1,138,203,209,67,3,482,8,0,8,490
05/24/2019,SJU,PR,ASO,ES,Towers with Radar,208,115,30,3,356,0,123,23,0,146,208,238,53,3,502,0,0,0,502
05/25/2019,SJU,PR,ASO,ES,Towers with Radar,208,49,11,1,269,0,148,35,0,183,208,197,46,1,452,14,0,14,466
05/26/2019,SJU,PR,ASO,ES,Towers with Radar,189,48,6,1,244,0,85,8,0,93,189,133,14,1,337,0,0,0,337
05/27/2019,SJU,PR,ASO,ES,Towers with Radar,178,83,21,0,282,0,104,25,1,130,178,187,46,1,412,0,0,0,412
05/28/2019,SJU,PR,ASO,ES,Towers with Radar,174,103,44,1,322,0,102,30,0,132,174,205,74,1,454,21,0,21,475
05/29/2019,SJU,PR,ASO,ES,Towers with Radar,203,105,24,3,335,0,91,12,3,106,203,196,36,6,441,14,0,14,455
05/30/2019,SJU,PR,ASO,ES,Towers with Radar,197,110,50,6,363,0,99,20,1,120,197,209,70,7,483,0,0,0,483
05/31/2019,SJU,PR,ASO,ES,Towers with Radar,230,107,31,2,370,0,110,37,0,147,230,217,68,2,517,6,0,6,523
06/01/2019,SJU,PR,ASO,ES,Towers with Radar,224,63,13,0,300,0,119,42,0,161,224,182,55,0,461,0,0,0,461
06/02/2019,SJU,PR,ASO,ES,Towers with Radar,166,52,25,0,243,0,94,26,0,120,166,146,51,0,363,0,0,0,363
06/03/2019,SJU,PR,ASO,ES,Towers with Radar,181,113,14,3,311,0,106,21,4,131,181,219,35,7,442,6,0,6,448
06/04/2019,SJU,PR,ASO,ES,Towers with Radar,214,101,24,6,345,0,128,24,2,154,214,229,48,8,499,22,0,22,521
06/05/2019,SJU,PR,ASO,ES,Towers with Radar,212,94,12,2,320,0,111,9,0,120,212,205,21,2,440,6,0,6,446
06/06/2019,SJU,PR,ASO,ES,Towers with Radar,185,98,22,0,305,0,110,21,0,131,185,208,43,0,436,15,0,15,451
06/07/2019,SJU,PR,ASO,ES,Towers with Radar,218,99,17,3,337,12,115,13,0,140,230,214,30,3,477,15,0,15,492
06/08/2019,SJU,PR,ASO,ES,Towers with Radar,213,55,5,2,275,0,88,19,0,107,213,143,24,2,382,0,0,0,382
06/09/2019,SJU,PR,ASO,ES,Towers with Radar,198,58,17,4,277,0,93,18,3,114,198,151,35,7,391,0,0,0,391
06/10/2019,SJU,PR,ASO,ES,Towers with Radar,205,105,25,0,335,0,100,35,0,135,205,205,60,0,470,12,0,12,482
06/11/2019,SJU,PR,ASO,ES,Towers with Radar,216,90,19,2,327,0,106,18,2,126,216,196,37,4,453,9,0,9,462
06/12/2019,SJU,PR,ASO,ES,Towers with Radar,226,88,9,0,323,0,102,22,0,124,226,190,31,0,447,0,0,0,447
06/13/2019,SJU,PR,ASO,ES,Towers with Radar,210,118,26,2,356,0,112,31,1,144,210,230,57,3,500,0,0,0,500
06/14/2019,SJU,PR,ASO,ES,Towers with Radar,230,99,23,0,352,0,114,24,0,138,230,213,47,0,490,0,0,0,490
06/15/2019,SJU,PR,ASO,ES,Towers with Radar,231,67,9,2,309,0,108,19,1,128,231,175,28,3,437,0,0,0,437
06/16/2019,SJU,PR,ASO,ES,Towers with Radar,214,50,15,2,281,0,84,15,0,99,214,134,30,2,380,0,0,0,380
06/17/2019,SJU,PR,ASO,ES,Towers with Radar,212,108,20,3,343,0,101,26,6,133,212,209,46,9,476,8,0,8,484
06/18/2019,SJU,PR,ASO,ES,Towers with Radar,217,93,20,1,331,0,117,25,1,143,217,210,45,2,474,11,0,11,485
06/19/2019,SJU,PR,ASO,ES,Towers with Radar,232,101,25,1,359,0,106,32,0,138,232,207,57,1,497,0,0,0,497
06/20/2019,SJU,PR,ASO,ES,Towers with Radar,226,111,18,4,359,0,108,23,2,133,226,219,41,6,492,0,0,0,492
06/21/2019,SJU,PR,ASO,ES,Towers with Radar,227,103,16,2,348,0,113,14,0,127,227,216,30,2,475,0,0,0,475
06/22/2019,SJU,PR,ASO,ES,Towers with Radar,233,52,12,0,297,0,109,27,0,136,233,161,39,0,433,0,0,0,433
06/23/2019,SJU,PR,ASO,ES,Towers with Radar,201,43,17,3,264,0,94,12,1,107,201,137,29,4,371,0,0,0,371
06/24/2019,SJU,PR,ASO,ES,Towers with Radar,227,102,21,4,354,0,100,49,0,149,227,202,70,4,503,0,0,0,503
06/25/2019,SJU,PR,ASO,ES,Towers with Radar,216,81,15,2,314,0,86,23,0,109,216,167,38,2,423,0,0,0,423
06/26/2019,SJU,PR,ASO,ES,Towers with Radar,220,74,22,1,317,0,94,29,0,123,220,168,51,1,440,3,0,3,443
06/27/2019,SJU,PR,ASO,ES,Towers with Radar,231,93,16,2,342,9,124,22,0,155,240,217,38,2,497,0,0,0,497
06/28/2019,SJU,PR,ASO,ES,Towers with Radar,239,109,23,4,375,0,114,16,3,133,239,223,39,7,508,4,0,4,512
06/29/2019,SJU,PR,ASO,ES,Towers with Radar,221,51,10,2,284,9,109,22,0,140,230,160,32,2,424,0,0,0,424
06/30/2019,SJU,PR,ASO,ES,Towers with Radar,224,54,7,2,287,0,94,15,2,111,224,148,22,4,398,0,0,0,398
07/01/2019,SJU,PR,ASO,ES,Towers with Radar,239,107,16,19,381,0,102,13,1,116,239,209,29,20,497,0,0,0,497
07/02/2019,SJU,PR,ASO,ES,Towers with Radar,221,87,21,0,329,0,109,37,1,147,221,196,58,1,476,0,0,0,476
07/03/2019,SJU,PR,ASO,ES,Towers with Radar,228,91,34,1,354,0,124,26,0,150,228,215,60,1,504,32,0,32,536
07/04/2019,SJU,PR,ASO,ES,Towers with Radar,225,65,12,1,303,0,95,12,0,107,225,160,24,1,410,0,0,0,410
07/05/2019,SJU,PR,ASO,ES,Towers with Radar,234,104,19,0,357,0,102,12,0,114,234,206,31,0,471,0,0,0,471
07/06/2019,SJU,PR,ASO,ES,Towers with Radar,219,53,16,0,288,0,98,27,0,125,219,151,43,0,413,0,0,0,413
07/07/2019,SJU,PR,ASO,ES,Towers with Radar,226,63,17,0,306,0,92,6,0,98,226,155,23,0,404,0,0,0,404
07/08/2019,SJU,PR,ASO,ES,Towers with Radar,199,103,18,0,320,0,92,28,2,122,199,195,46,2,442,0,0,0,442
07/09/2019,SJU,PR,ASO,ES,Towers with Radar,224,83,26,1,334,0,86,20,0,106,224,169,46,1,440,0,0,0,440
07/10/2019,SJU,PR,ASO,ES,Towers with Radar,223,84,22,1,330,11,90,20,0,121,234,174,42,1,451,10,0,10,461
07/11/2019,SJU,PR,ASO,ES,Towers with Radar,228,99,18,4,349,0,113,31,1,145,228,212,49,5,494,0,0,0,494
07/12/2019,SJU,PR,ASO,ES,Towers with Radar,228,104,14,4,350,0,105,14,0,119,228,209,28,4,469,6,0,6,475
07/13/2019,SJU,PR,ASO,ES,Towers with Radar,246,51,6,0,303,0,99,27,0,126,246,150,33,0,429,0,0,0,429
07/14/2019,SJU,PR,ASO,ES,Towers with Radar,227,46,20,3,296,0,95,22,2,119,227,141,42,5,415,0,0,0,415
07/15/2019,SJU,PR,ASO,ES,Towers with Radar,218,112,27,1,358,0,95,14,1,110,218,207,41,2,468,9,0,9,477
07/16/2019,SJU,PR,ASO,ES,Towers with Radar,218,82,32,2,334,0,101,27,1,129,218,183,59,3,463,28,0,28,491
07/17/2019,SJU,PR,ASO,ES,Towers with Radar,222,91,33,2,348,0,80,25,0,105,222,171,58,2,453,0,0,0,453
07/18/2019,SJU,PR,ASO,ES,Towers with Radar,198,103,26,1,328,0,107,26,1,134,198,210,52,2,462,0,0,0,462
07/19/2019,SJU,PR,ASO,ES,Towers with Radar,247,115,24,4,390,0,123,21,3,147,247,238,45,7,537,0,0,0,537
07/20/2019,SJU,PR,ASO,ES,Towers with Radar,230,50,15,0,295,0,83,19,0,102,230,133,34,0,397,0,0,0,397
07/21/2019,SJU,PR,ASO,ES,Towers with Radar,211,50,10,0,271,0,79,12,0,91,211,129,22,0,362,0,0,0,362
07/22/2019,SJU,PR,ASO,ES,Towers with Radar,214,113,15,3,345,0,104,20,0,124,214,217,35,3,469,0,0,0,469
07/23/2019,SJU,PR,ASO,ES,Towers with Radar,212,82,24,3,321,0,110,26,6,142,212,192,50,9,463,4,0,4,467
07/24/2019,SJU,PR,ASO,ES,Towers with Radar,226,92,18,1,337,0,101,34,13,148,226,193,52,14,485,37,0,37,522
07/25/2019,SJU,PR,ASO,ES,Towers with Radar,213,95,17,3,328,0,100,42,6,148,213,195,59,9,476,17,0,17,493
07/26/2019,SJU,PR,ASO,ES,Towers with Radar,228,90,23,3,344,19,94,25,6,144,247,184,48,9,488,22,0,22,510
07/27/2019,SJU,PR,ASO,ES,Towers with Radar,228,48,16,2,294,0,91,19,1,111,228,139,35,3,405,0,0,0,405
07/28/2019,SJU,PR,ASO,ES,Towers with Radar,225,56,12,2,295,0,85,16,3,104,225,141,28,5,399,0,0,0,399
07/29/2019,SJU,PR,ASO,ES,Towers with Radar,220,110,20,0,350,0,99,26,2,127,220,209,46,2,477,0,0,0,477
07/30/2019,SJU,PR,ASO,ES,Towers with Radar,220,112,14,3,349,0,37,8,0,45,220,149,22,3,394,0,0,0,394
07/31/2019,SJU,PR,ASO,ES,Towers with Radar,223,87,10,4,324,0,86,18,2,106,223,173,28,6,430,0,0,0,430
08/01/2019,SJU,PR,ASO,ES,Towers with Radar,236,110,29,3,378,0,124,33,8,165,236,234,62,11,543,19,0,19,562
08/02/2019,SJU,PR,ASO,ES,Towers with Radar,236,98,19,3,356,0,117,22,5,144,236,215,41,8,500,9,0,9,509
08/03/2019,SJU,PR,ASO,ES,Towers with Radar,237,51,14,2,304,0,100,25,3,128,237,151,39,5,432,0,0,0,432
08/04/2019,SJU,PR,ASO,ES,Towers with Radar,232,54,22,0,308,0,77,19,0,96,232,131,41,0,404,0,0,0,404
08/05/2019,SJU,PR,ASO,ES,Towers with Radar,220,81,16,10,327,0,81,22,3,106,220,162,38,13,433,2,0,2,435
08/06/2019,SJU,PR,ASO,ES,Towers with Radar,192,86,19,3,300,0,94,16,1,111,192,180,35,4,411,3,0,3,414
08/07/2019,SJU,PR,ASO,ES,Towers with Radar,192,84,12,12,300,0,102,19,7,128,192,186,31,19,428,16,0,16,444
08/08/2019,SJU,PR,ASO,ES,Towers with Radar,203,99,31,7,340,7,83,41,5,136,210,182,72,12,476,0,0,0,476
08/09/2019,SJU,PR,ASO,ES,Towers with Radar,212,101,26,1,340,0,107,20,3,130,212,208,46,4,470,11,0,11,481
08/10/2019,SJU,PR,ASO,ES,Towers with Radar,211,54,11,1,277,0,89,12,0,101,211,143,23,1,378,0,0,0,378
08/11/2019,SJU,PR,ASO,ES,Towers with Radar,205,58,16,1,280,0,84,12,0,96,205,142,28,1,376,0,0,0,376
08/12/2019,SJU,PR,ASO,ES,Towers with Radar,189,100,17,2,308,0,80,17,6,103,189,180,34,8,411,0,0,0,411
08/13/2019,SJU,PR,ASO,ES,Towers with Radar,197,95,19,5,316,0,90,10,6,106,197,185,29,11,422,0,0,0,422
08/14/2019,SJU,PR,ASO,ES,Towers with Radar,202,87,20,2,311,0,96,26,5,127,202,183,46,7,438,8,0,8,446
08/15/2019,SJU,PR,ASO,ES,Towers with Radar,200,86,20,9,315,0,88,32,6,126,200,174,52,15,441,12,0,12,453
08/16/2019,SJU,PR,ASO,ES,Towers with Radar,208,93,18,1,320,0,95,20,3,118,208,188,38,4,438,0,0,0,438
08/17/2019,SJU,PR,ASO,ES,Towers with Radar,208,35,23,2,268,0,107,32,2,141,208,142,55,4,409,0,0,0,409
08/18/2019,SJU,PR,ASO,ES,Towers with Radar,189,42,20,1,252,0,79,22,1,102,189,121,42,2,354,0,0,0,354
08/19/2019,SJU,PR,ASO,ES,Towers with Radar,180,93,12,6,291,0,102,9,2,113,180,195,21,8,404,0,0,0,404
08/20/2019,SJU,PR,ASO,ES,Towers with Radar,202,87,12,2,303,25,87,19,1,132,227,174,31,3,435,39,0,39,474
08/21/2019,SJU,PR,ASO,ES,Towers with Radar,195,84,37,6,322,0,115,38,5,158,195,199,75,11,480,4,0,4,484
08/22/2019,SJU,PR,ASO,ES,Towers with Radar,195,102,15,3,315,0,90,21,0,111,195,192,36,3,426,4,0,4,430
08/23/2019,SJU,PR,ASO,ES,Towers with Radar,198,79,21,11,309,20,93,26,2,141,218,172,47,13,450,0,0,0,450
08/24/2019,SJU,PR,ASO,ES,Towers with Radar,213,52,19,0,284,0,114,27,2,143,213,166,46,2,427,0,0,0,427
08/25/2019,SJU,PR,ASO,ES,Towers with Radar,183,41,29,2,255,14,70,30,0,114,197,111,59,2,369,0,0,0,369
08/26/2019,SJU,PR,ASO,ES,Towers with Radar,180,87,16,4,287,21,71,12,5,109,201,158,28,9,396,0,0,0,396
08/27/2019,SJU,PR,ASO,ES,Towers with Radar,202,81,10,0,293,0,96,27,0,123,202,177,37,0,416,0,0,0,416
08/28/2019,SJU,PR,ASO,ES,Towers with Radar,133,0,9,0,142,1,0,4,0,5,134,0,13,0,147,0,0,0,147
08/29/2019,SJU,PR,ASO,ES,Towers with Radar,196,101,9,0,306,0,78,16,2,96,196,179,25,2,402,0,0,0,402
08/30/2019,SJU,PR,ASO,ES,Towers with Radar,201,94,14,2,311,0,118,19,5,142,201,212,33,7,453,0,0,0,453
08/31/2019,SJU,PR,ASO,ES,Towers with Radar,202,45,9,0,256,16,73,11,0,100,218,118,20,0,356,0,0,0,356
09/01/2019,SJU,PR,ASO,ES,Towers with Radar,178,40,15,0,233,16,66,6,0,88,194,106,21,0,321,12,0,12,333
09/02/2019,SJU,PR,ASO,ES,Towers with Radar,143,66,24,0,233,0,85,26,0,111,143,151,50,0,344,1,0,1,345
09/03/2019,SJU,PR,ASO,ES,Towers with Radar,150,81,19,12,262,0,98,29,1,128,150,179,48,13,390,0,0,0,390
09/04/2019,SJU,PR,ASO,ES,Towers with Radar,139,74,21,11,245,0,97,24,6,127,139,171,45,17,372,28,0,28,400
09/05/2019,SJU,PR,ASO,ES,Towers with Radar,160,91,21,0,272,0,82,24,1,107,160,173,45,1,379,0,0,0,379
09/06/2019,SJU,PR,ASO,ES,Towers with Radar,155,88,20,8,271,0,105,18,1,124,155,193,38,9,395,13,0,13,408
09/07/2019,SJU,PR,ASO,ES,Towers with Radar,178,51,8,1,238,0,57,9,0,66,178,108,17,1,304,0,0,0,304
09/08/2019,SJU,PR,ASO,ES,Towers with Radar,150,48,9,0,207,0,59,14,2,75,150,107,23,2,282,0,0,0,282
09/09/2019,SJU,PR,ASO,ES,Towers with Radar,146,92,8,3,249,0,93,13,1,107,146,185,21,4,356,0,0,0,356
09/10/2019,SJU,PR,ASO,ES,Towers with Radar,147,71,18,2,238,0,74,17,1,92,147,145,35,3,330,2,0,2,332
09/11/2019,SJU,PR,ASO,ES,Towers with Radar,140,69,8,3,220,0,83,19,4,106,140,152,27,7,326,0,0,0,326
09/12/2019,SJU,PR,ASO,ES,Towers with Radar,146,73,21,1,241,0,77,30,3,110,146,150,51,4,351,0,0,0,351
09/13/2019,SJU,PR,ASO,ES,Towers with Radar,159,78,24,1,262,0,90,25,0,115,159,168,49,1,377,0,0,0,377
09/14/2019,SJU,PR,ASO,ES,Towers with Radar,173,40,13,0,226,9,83,16,0,108,182,123,29,0,334,6,0,6,340
09/15/2019,SJU,PR,ASO,ES,Towers with Radar,159,39,17,0,215,0,74,10,0,84,159,113,27,0,299,0,0,0,299
09/16/2019,SJU,PR,ASO,ES,Towers with Radar,149,88,14,0,251,0,76,8,0,84,149,164,22,0,335,0,0,0,335
09/17/2019,SJU,PR,ASO,ES,Towers with Radar,152,86,24,1,263,0,89,13,2,104,152,175,37,3,367,0,0,0,367
09/18/2019,SJU,PR,ASO,ES,Towers with Radar,146,91,23,11,271,0,70,30,3,103,146,161,53,14,374,0,0,0,374
09/19/2019,SJU,PR,ASO,ES,Towers with Radar,163,93,31,0,287,13,103,21,0,137,176,196,52,0,424,0,0,0,424
09/20/2019,SJU,PR,ASO,ES,Towers with Radar,157,81,26,1,265,0,93,24,3,120,157,174,50,4,385,0,0,0,385
09/21/2019,SJU,PR,ASO,ES,Towers with Radar,174,39,11,0,224,0,98,17,0,115,174,137,28,0,339,0,0,0,339
09/22/2019,SJU,PR,ASO,ES,Towers with Radar,150,42,17,0,209,10,62,10,0,82,160,104,27,0,291,0,0,0,291
09/23/2019,SJU,PR,ASO,ES,Towers with Radar,137,88,13,2,240,0,78,24,2,104,137,166,37,4,344,0,0,0,344
09/24/2019,SJU,PR,ASO,ES,Towers with Radar,142,0,1,1,144,0,10,0,0,10,142,10,1,1,154,0,0,0,154
09/25/2019,SJU,PR,ASO,ES,Towers with Radar,140,77,14,2,233,9,75,13,0,97,149,152,27,2,330,0,0,0,330
09/26/2019,SJU,PR,ASO,ES,Towers with Radar,158,83,15,0,256,0,81,15,0,96,158,164,30,0,352,16,0,16,368
09/27/2019,SJU,PR,ASO,ES,Towers with Radar,159,102,17,2,280,0,72,23,3,98,159,174,40,5,378,4,0,4,382
09/28/2019,SJU,PR,ASO,ES,Towers with Radar,174,42,17,0,233,0,80,20,0,100,174,122,37,0,333,2,0,2,335
09/29/2019,SJU,PR,ASO,ES,Towers with Radar,163,45,11,0,219,0,84,17,0,101,163,129,28,0,320,0,0,0,320
09/30/2019,SJU,PR,ASO,ES,Towers with Radar,146,85,30,4,265,0,83,24,0,107,146,168,54,4,372,4,0,4,376
10/01/2019,SJU,PR,ASO,ES,Towers with Radar,154,82,17,1,254,0,88,22,1,111,154,170,39,2,365,5,0,5,370
10/02/2019,SJU,PR,ASO,ES,Towers with Radar,155,68,18,7,248,0,85,15,0,100,155,153,33,7,348,8,0,8,356
10/03/2019,SJU,PR,ASO,ES,Towers with Radar,160,76,19,0,255,7,86,21,6,120,167,162,40,6,375,0,0,0,375
10/04/2019,SJU,PR,ASO,ES,Towers with Radar,173,87,16,0,276,0,84,20,0,104,173,171,36,0,380,0,0,0,380
10/05/2019,SJU,PR,ASO,ES,Towers with Radar,180,39,8,0,227,0,87,12,0,99,180,126,20,0,326,1,0,1,327
10/06/2019,SJU,PR,ASO,ES,Towers with Radar,136,29,7,0,172,0,61,8,0,69,136,90,15,0,241,2,0,2,243
10/07/2019,SJU,PR,ASO,ES,Towers with Radar,158,94,9,1,262,0,112,17,1,130,158,206,26,2,392,5,0,5,397
10/08/2019,SJU,PR,ASO,ES,Towers with Radar,159,75,19,0,253,0,83,27,0,110,159,158,46,0,363,18,0,18,381
10/09/2019,SJU,PR,ASO,ES,Towers with Radar,154,89,30,12,285,0,78,30,0,108,154,167,60,12,393,8,0,8,401
10/10/2019,SJU,PR,ASO,ES,Towers with Radar,171,108,26,1,306,0,92,32,2,126,171,200,58,3,432,6,0,6,438
10/11/2019,SJU,PR,ASO,ES,Towers with Radar,157,88,17,3,265,0,96,28,0,124,157,184,45,3,389,0,0,0,389
10/12/2019,SJU,PR,ASO,ES,Towers with Radar,192,32,21,2,247,0,84,26,0,110,192,116,47,2,357,0,0,0,357
10/13/2019,SJU,PR,ASO,ES,Towers with Radar,148,40,7,2,197,0,76,9,0,85,148,116,16,2,282,0,0,0,282
10/14/2019,SJU,PR,ASO,ES,Towers with Radar,154,85,14,3,256,0,97,9,1,107,154,182,23,4,363,0,0,0,363
10/15/2019,SJU,PR,ASO,ES,Towers with Radar,158,85,12,7,262,0,85,24,3,112,158,170,36,10,374,14,0,14,388
10/16/2019,SJU,PR,ASO,ES,Towers with Radar,155,70,13,6,244,0,86,28,0,114,155,156,41,6,358,0,0,0,358
10/17/2019,SJU,PR,ASO,ES,Towers with Radar,151,85,22,3,261,0,97,26,0,123,151,182,48,3,384,0,0,0,384
10/18/2019,SJU,PR,ASO,ES,Towers with Radar,188,93,13,5,299,0,96,16,1,113,188,189,29,6,412,0,0,0,412
10/19/2019,SJU,PR,ASO,ES,Towers with Radar,189,39,5,0,233,0,89,23,0,112,189,128,28,0,345,1,1,2,347
10/20/2019,SJU,PR,ASO,ES,Towers with Radar,157,36,13,1,207,0,79,16,1,96,157,115,29,2,303,0,0,0,303
10/21/2019,SJU,PR,ASO,ES,Towers with Radar,157,89,7,7,260,0,84,13,5,102,157,173,20,12,362,0,0,0,362
10/22/2019,SJU,PR,ASO,ES,Towers with Radar,157,74,23,0,254,0,84,28,0,112,157,158,51,0,366,3,2,5,371
10/23/2019,SJU,PR,ASO,ES,Towers with Radar,155,72,21,1,249,0,104,13,1,118,155,176,34,2,367,0,0,0,367
10/24/2019,SJU,PR,ASO,ES,Towers with Radar,160,97,19,1,277,0,80,10,1,91,160,177,29,2,368,6,0,6,374
10/25/2019,SJU,PR,ASO,ES,Towers with Radar,183,102,9,0,294,0,106,18,0,124,183,208,27,0,418,0,0,0,418
10/26/2019,SJU,PR,ASO,ES,Towers with Radar,176,50,3,1,230,0,84,13,0,97,176,134,16,1,327,10,0,10,337
10/27/2019,SJU,PR,ASO,ES,Towers with Radar,161,36,15,3,215,0,61,10,0,71,161,97,25,3,286,0,0,0,286
10/28/2019,SJU,PR,ASO,ES,Towers with Radar,183,91,11,0,285,0,78,11,0,89,183,169,22,0,374,0,0,0,374
10/29/2019,SJU,PR,ASO,ES,Towers with Radar,174,78,20,8,280,0,101,35,1,137,174,179,55,9,417,3,0,3,420
10/30/2019,SJU,PR,ASO,ES,Towers with Radar,166,68,23,4,261,0,79,24,1,104,166,147,47,5,365,0,0,0,365
10/31/2019,SJU,PR,ASO,ES,Towers with Radar,167,84,19,2,272,0,106,24,0,130,167,190,43,2,402,0,0,0,402
11/01/2019,SJU,PR,ASO,ES,Towers with Radar,179,95,18,5,297,0,112,25,4,141,179,207,43,9,438,0,0,0,438
11/02/2019,SJU,PR,ASO,ES,Towers with Radar,207,46,17,3,273,0,117,32,2,151,207,163,49,5,424,0,0,0,424
11/03/2019,SJU,PR,ASO,ES,Towers with Radar,172,52,14,3,241,0,90,17,0,107,172,142,31,3,348,1,0,1,349
11/04/2019,SJU,PR,ASO,ES,Towers with Radar,174,106,15,4,299,0,103,18,0,121,174,209,33,4,420,0,0,0,420
11/05/2019,SJU,PR,ASO,ES,Towers with Radar,178,76,25,4,283,0,100,31,2,133,178,176,56,6,416,0,0,0,416
11/06/2019,SJU,PR,ASO,ES,Towers with Radar,179,89,32,8,308,0,101,28,0,129,179,190,60,8,437,11,4,15,452
11/07/2019,SJU,PR,ASO,ES,Towers with Radar,201,102,37,5,345,0,144,26,0,170,201,246,63,5,515,0,0,0,515
11/08/2019,SJU,PR,ASO,ES,Towers with Radar,204,91,23,2,320,0,113,26,2,141,204,204,49,4,461,0,0,0,461
11/09/2019,SJU,PR,ASO,ES,Towers with Radar,202,50,17,0,269,14,106,21,0,141,216,156,38,0,410,4,0,4,414
11/10/2019,SJU,PR,ASO,ES,Towers with Radar,201,55,18,0,274,0,88,18,0,106,201,143,36,0,380,0,0,0,380
11/11/2019,SJU,PR,ASO,ES,Towers with Radar,189,70,14,0,273,11,109,17,2,139,200,179,31,2,412,0,0,0,412
11/12/2019,SJU,PR,ASO,ES,Towers with Radar,182,95,16,1,294,0,110,19,3,132,182,205,35,4,426,0,0,0,426
11/13/2019,SJU,PR,ASO,ES,Towers with Radar,173,92,28,9,302,0,137,22,6,165,173,229,50,15,467,0,0,0,467
11/14/2019,SJU,PR,ASO,ES,Towers with Radar,204,111,14,0,329,1,127,23,1,152,205,238,37,1,481,0,0,0,481
11/15/2019,SJU,PR,ASO,ES,Towers with Radar,205,100,14,7,326,0,144,15,4,163,205,244,29,11,489,0,0,0,489
11/16/2019,SJU,PR,ASO,ES,Towers with Radar,216,51,12,2,281,0,90,27,0,117,216,141,39,2,398,0,0,0,398
11/17/2019,SJU,PR,ASO,ES,Towers with Radar,175,50,17,3,245,0,105,15,0,120,175,155,32,3,365,0,0,0,365
11/18/2019,SJU,PR,ASO,ES,Towers with Radar,195,101,23,8,327,0,117,35,1,153,195,218,58,9,480,18,0,18,498
11/19/2019,SJU,PR,ASO,ES,Towers with Radar,209,105,12,2,328,0,112,17,0,129,209,217,29,2,457,2,0,2,459
11/20/2019,SJU,PR,ASO,ES,Towers with Radar,204,95,26,7,332,0,91,21,4,116,204,186,47,11,448,10,0,10,458
11/21/2019,SJU,PR,ASO,ES,Towers with Radar,210,99,12,2,323,0,123,24,0,147,210,222,36,2,470,0,0,0,470
11/22/2019,SJU,PR,ASO,ES,Towers with Radar,214,102,25,2,343,0,122,46,1,169,214,224,71,3,512,0,0,0,512
11/23/2019,SJU,PR,ASO,ES,Towers with Radar,204,63,21,0,288,0,129,43,0,172,204,192,64,0,460,9,0,9,469
11/24/2019,SJU,PR,ASO,ES,Towers with Radar,196,53,12,1,262,0,97,29,0,126,196,150,41,1,388,0,0,0,388
11/25/2019,SJU,PR,ASO,ES,Towers with Radar,210,104,16,3,333,0,105,41,0,146,210,209,57,3,479,0,0,0,479
11/26/2019,SJU,PR,ASO,ES,Towers with Radar,214,92,22,4,332,0,130,23,2,155,214,222,45,6,487,1,1,2,489
11/27/2019,SJU,PR,ASO,ES,Towers with Radar,202,98,34,3,337,0,142,28,0,170,202,240,62,3,507,10,0,10,517
11/28/2019,SJU,PR,ASO,ES,Towers with Radar,183,56,9,0,248,0,91,8,0,99,183,147,17,0,347,0,0,0,347
11/29/2019,SJU,PR,ASO,ES,Towers with Radar,206,94,14,0,314,0,107,20,1,128,206,201,34,1,442,0,0,0,442
11/30/2019,SJU,PR,ASO,ES,Towers with Radar,229,77,24,0,330,0,137,40,1,178,229,214,64,1,508,2,0,2,510
12/01/2019,SJU,PR,ASO,ES,Towers with Radar,205,91,33,2,331,0,97,34,0,131,205,188,67,2,462,0,0,0,462
12/02/2019,SJU,PR,ASO,ES,Towers with Radar,192,103,28,10,333,0,119,24,1,144,192,222,52,11,477,10,0,10,487
12/03/2019,SJU,PR,ASO,ES,Towers with Radar,184,95,31,1,311,0,127,26,3,156,184,222,57,4,467,19,1,20,487
12/04/2019,SJU,PR,ASO,ES,Towers with Radar,210,98,17,3,328,0,119,21,7,147,210,217,38,10,475,9,2,11,486
12/05/2019,SJU,PR,ASO,ES,Towers with Radar,204,105,28,1,338,0,135,28,2,165,204,240,56,3,503,0,0,0,503
12/06/2019,SJU,PR,ASO,ES,Towers with Radar,222,98,18,7,345,0,127,26,5,158,222,225,44,12,503,0,0,0,503
12/07/2019,SJU,PR,ASO,ES,Towers with Radar,220,57,18,3,298,0,122,39,2,163,220,179,57,5,461,10,0,10,471
12/08/2019,SJU,PR,ASO,ES,Towers with Radar,196,50,16,0,262,0,113,20,1,134,196,163,36,1,396,0,0,0,396
12/09/2019,SJU,PR,ASO,ES,Towers with Radar,202,106,22,1,331,0,121,19,0,140,202,227,41,1,471,0,0,0,471
12/10/2019,SJU,PR,ASO,ES,Towers with Radar,191,92,14,0,297,0,114,26,2,142,191,206,40,2,439,0,0,0,439
12/11/2019,SJU,PR,ASO,ES,Towers with Radar,205,106,14,1,326,0,113,30,1,144,205,219,44,2,470,8,0,8,478
12/12/2019,SJU,PR,ASO,ES,Towers with Radar,220,105,24,0,349,0,121,23,3,147,220,226,47,3,496,0,0,0,496
12/13/2019,SJU,PR,ASO,ES,Towers with Radar,214,129,11,0,354,0,128,18,0,146,214,257,29,0,500,0,0,0,500
12/14/2019,SJU,PR,ASO,ES,Towers with Radar,239,64,11,4,318,0,118,13,0,131,239,182,24,4,449,0,0,0,449
12/15/2019,SJU,PR,ASO,ES,Towers with Radar,206,56,25,1,288,0,109,11,0,120,206,165,36,1,408,4,0,4,412
12/16/2019,SJU,PR,ASO,ES,Towers with Radar,207,121,8,1,337,0,91,13,2,106,207,212,21,3,443,0,0,0,443
12/17/2019,SJU,PR,ASO,ES,Towers with Radar,188,119,19,2,328,0,125,20,0,145,188,244,39,2,473,2,1,3,476
12/18/2019,SJU,PR,ASO,ES,Towers with Radar,213,101,21,2,337,4,108,27,0,139,217,209,48,2,476,8,0,8,484
12/19/2019,SJU,PR,ASO,ES,Towers with Radar,226,126,33,0,385,0,137,24,1,162,226,263,57,1,547,24,0,24,571
12/20/2019,SJU,PR,ASO,ES,Towers with Radar,239,117,20,1,377,0,172,22,0,194,239,289,42,1,571,2,0,2,573
12/21/2019,SJU,PR,ASO,ES,Towers with Radar,267,88,28,4,387,0,153,42,0,195,267,241,70,4,582,14,0,14,596
12/22/2019,SJU,PR,ASO,ES,Towers with Radar,233,65,20,1,319,0,137,37,0,174,233,202,57,1,493,0,0,0,493
12/23/2019,SJU,PR,ASO,ES,Towers with Radar,217,121,12,0,350,0,154,30,0,184,217,275,42,0,534,0,0,0,534
12/24/2019,SJU,PR,ASO,ES,Towers with Radar,234,85,18,0,337,0,120,18,0,138,234,205,36,0,475,0,0,0,475
12/25/2019,SJU,PR,ASO,ES,Towers with Radar,228,53,21,0,302,16,95,11,0,122,244,148,32,0,424,0,0,0,424
12/26/2019,SJU,PR,ASO,ES,Towers with Radar,243,144,31,0,418,0,126,38,0,164,243,270,69,0,582,0,0,0,582
12/27/2019,SJU,PR,ASO,ES,Towers with Radar,242,138,38,1,419,6,202,59,0,267,248,340,97,1,686,13,0,13,699
12/28/2019,SJU,PR,ASO,ES,Towers with Radar,265,70,34,4,373,0,192,56,1,249,265,262,90,5,622,0,0,0,622
12/29/2019,SJU,PR,ASO,ES,Towers with Radar,250,63,39,1,353,0,162,49,0,211,250,225,88,1,564,0,0,0,564
12/30/2019,SJU,PR,ASO,ES,Towers with Radar,228,126,30,0,384,0,114,30,0,144,228,240,60,0,528,0,0,0,528
12/31/2019,SJU,PR,ASO,ES,Towers with Radar,242,85,25,1,353,0,145,16,1,162,242,230,41,2,515,0,0,0,515
01/01/2020,SJU,PR,ASO,ES,Towers with Radar,208,67,8,0,283,0,135,14,0,149,208,202,22,0,432,0,0,0,432
01/02/2020,SJU,PR,ASO,ES,Towers with Radar,236,108,42,1,387,0,170,30,1,201,236,278,72,2,588,0,0,0,588
01/03/2020,SJU,PR,ASO,ES,Towers with Radar,237,159,38,0,434,0,129,40,0,169,237,288,78,0,603,0,0,0,603
01/04/2020,SJU,PR,ASO,ES,Towers with Radar,270,86,50,9,415,0,191,73,0,264,270,277,123,9,679,0,0,0,679
01/05/2020,SJU,PR,ASO,ES,Towers with Radar,247,83,37,1,368,0,161,28,0,189,247,244,65,1,557,0,0,0,557
01/06/2020,SJU,PR,ASO,ES,Towers with Radar,232,83,13,11,339,0,113,25,2,140,232,196,38,13,479,0,0,0,479
01/07/2020,SJU,PR,ASO,ES,Towers with Radar,222,87,19,5,333,0,120,27,0,147,222,207,46,5,480,1,0,1,481
01/08/2020,SJU,PR,ASO,ES,Towers with Radar,233,94,13,12,352,0,108,21,3,132,233,202,34,15,484,0,0,0,484
01/09/2020,SJU,PR,ASO,ES,Towers with Radar,242,105,44,2,393,0,117,34,0,151,242,222,78,2,544,0,1,1,545
01/10/2020,SJU,PR,ASO,ES,Towers with Radar,228,104,12,0,344,0,119,21,3,143,228,223,33,3,487,0,0,0,487
01/11/2020,SJU,PR,ASO,ES,Towers with Radar,249,56,21,0,326,0,131,15,1,147,249,187,36,1,473,0,0,0,473
01/12/2020,SJU,PR,ASO,ES,Towers with Radar,239,59,16,0,314,0,107,15,0,122,239,166,31,0,436,0,0,0,436
01/13/2020,SJU,PR,ASO,ES,Towers with Radar,217,97,22,0,336,0,100,21,1,122,217,197,43,1,458,0,0,0,458
01/14/2020,SJU,PR,ASO,ES,Towers with Radar,219,102,22,1,344,0,110,27,0,137,219,212,49,1,481,0,0,0,481
01/15/2020,SJU,PR,ASO,ES,Towers with Radar,210,104,11,3,328,0,113,22,3,138,210,217,33,6,466,2,0,2,468
01/16/2020,SJU,PR,ASO,ES,Towers with Radar,207,104,25,3,339,0,122,27,1,150,207,226,52,4,489,0,0,0,489
01/17/2020,SJU,PR,ASO,ES,Towers with Radar,228,97,13,0,338,0,140,18,3,161,228,237,31,3,499,0,1,1,500
01/18/2020,SJU,PR,ASO,ES,Towers with Radar,248,69,14,3,334,0,116,30,0,146,248,185,44,3,480,0,0,0,480
01/19/2020,SJU,PR,ASO,ES,Towers with Radar,230,75,12,1,318,8,83,9,2,102,238,158,21,3,420,0,0,0,420
01/20/2020,SJU,PR,ASO,ES,Towers with Radar,224,114,27,1,366,15,112,20,2,149,239,226,47,3,515,0,0,0,515
01/21/2020,SJU,PR,ASO,ES,Towers with Radar,203,96,18,2,319,0,126,19,2,147,203,222,37,4,466,0,0,0,466
01/22/2020,SJU,PR,ASO,ES,Towers with Radar,218,94,18,6,336,0,139,25,2,166,218,233,43,8,502,10,0,10,512
01/23/2020,SJU,PR,ASO,ES,Towers with Radar,214,100,9,4,327,0,94,15,0,109,214,194,24,4,436,0,0,0,436
01/24/2020,SJU,PR,ASO,ES,Towers with Radar,216,133,16,2,367,0,116,23,3,142,216,249,39,5,509,0,0,0,509
01/25/2020,SJU,PR,ASO,ES,Towers with Radar,215,69,6,2,292,0,106,26,0,132,215,175,32,2,424,6,0,6,430
01/26/2020,SJU,PR,ASO,ES,Towers with Radar,214,57,13,6,290,0,114,11,2,127,214,171,24,8,417,0,0,0,417
01/27/2020,SJU,PR,ASO,ES,Towers with Radar,216,104,15,3,338,0,117,16,3,136,216,221,31,6,474,0,0,0,474
01/28/2020,SJU,PR,ASO,ES,Towers with Radar,199,85,27,7,318,0,115,21,3,139,199,200,48,10,457,20,0,20,477
01/29/2020,SJU,PR,ASO,ES,Towers with Radar,200,85,20,15,320,0,135,15,5,155,200,220,35,20,475,0,0,0,475
01/30/2020,SJU,PR,ASO,ES,Towers with Radar,191,111,29,1,332,0,145,24,0,169,191,256,53,1,501,10,0,10,511
01/31/2020,SJU,PR,ASO,ES,Towers with Radar,219,95,35,1,350,0,141,31,1,173,219,236,66,2,523,4,0,4,527
02/01/2020,SJU,PR,ASO,ES,Towers with Radar,239,49,22,3,313,0,130,34,3,167,239,179,56,6,480,0,0,0,480
02/02/2020,SJU,PR,ASO,ES,Towers with Radar,228,46,19,0,293,0,116,17,1,134,228,162,36,1,427,0,0,0,427
02/03/2020,SJU,PR,ASO,ES,Towers with Radar,206,95,39,2,342,0,141,25,0,166,206,236,64,2,508,0,0,0,508
02/04/2020,SJU,PR,ASO,ES,Towers with Radar,208,88,17,1,314,0,121,23,1,145,208,209,40,2,459,0,0,0,459
02/05/2020,SJU,PR,ASO,ES,Towers with Radar,195,87,20,2,304,0,138,23,1,162,195,225,43,3,466,2,0,2,468
02/06/2020,SJU,PR,ASO,ES,Towers with Radar,201,104,33,1,339,0,131,33,1,165,201,235,66,2,504,12,0,12,516
02/07/2020,SJU,PR,ASO,ES,Towers with Radar,207,109,24,2,342,0,144,22,0,166,207,253,46,2,508,13,0,13,521
02/08/2020,SJU,PR,ASO,ES,Towers with Radar,222,59,10,5,296,0,145,19,0,164,222,204,29,5,460,0,0,0,460
02/09/2020,SJU,PR,ASO,ES,Towers with Radar,221,53,14,2,290,12,121,17,4,154,233,174,31,6,444,0,0,0,444
02/10/2020,SJU,PR,ASO,ES,Towers with Radar,198,113,17,1,329,0,139,11,4,154,198,252,28,5,483,0,0,0,483
02/11/2020,SJU,PR,ASO,ES,Towers with Radar,194,89,19,0,302,0,118,30,5,153,194,207,49,5,455,0,0,0,455
02/12/2020,SJU,PR,ASO,ES,Towers with Radar,201,99,18,4,322,0,121,18,5,144,201,220,36,9,466,0,0,0,466
02/13/2020,SJU,PR,ASO,ES,Towers with Radar,202,123,27,2,354,0,148,29,2,179,202,271,56,4,533,0,0,0,533
02/14/2020,SJU,PR,ASO,ES,Towers with Radar,205,123,29,0,357,0,127,44,0,171,205,250,73,0,528,0,0,0,528
02/15/2020,SJU,PR,ASO,ES,Towers with Radar,220,63,22,1,306,0,150,41,0,191,220,213,63,1,497,0,0,0,497
02/16/2020,SJU,PR,ASO,ES,Towers with Radar,217,72,17,2,308,0,115,15,1,131,217,187,32,3,439,0,0,0,439
02/17/2020,SJU,PR,ASO,ES,Towers with Radar,201,115,19,3,338,0,145,8,0,153,201,260,27,3,491,0,0,0,491
02/18/2020,SJU,PR,ASO,ES,Towers with Radar,187,120,21,6,334,0,135,19,4,158,187,255,40,10,492,2,0,2,494
02/19/2020,SJU,PR,ASO,ES,Towers with Radar,204,93,23,1,321,0,121,32,1,154,204,214,55,2,475,0,0,0,475
02/20/2020,SJU,PR,ASO,ES,Towers with Radar,203,108,22,3,336,0,141,23,3,167,203,249,45,6,503,0,0,0,503
02/21/2020,SJU,PR,ASO,ES,Towers with Radar,202,86,16,2,306,0,156,24,4,184,202,242,40,6,490,0,0,0,490
02/22/2020,SJU,PR,ASO,ES,Towers with Radar,230,56,24,4,314,0,140,40,3,183,230,196,64,7,497,0,0,0,497
02/23/2020,SJU,PR,ASO,ES,Towers with Radar,231,67,22,3,323,11,116,20,2,149,242,183,42,5,472,0,0,0,472
02/24/2020,SJU,PR,ASO,ES,Towers with Radar,196,135,19,5,355,0,75,9,7,91,196,210,28,12,446,0,0,0,446
02/25/2020,SJU,PR,ASO,ES,Towers with Radar,201,146,29,1,377,0,51,8,1,60,201,197,37,2,437,0,0,0,437
02/26/2020,SJU,PR,ASO,ES,Towers with Radar,195,111,37,10,353,0,127,17,3,147,195,238,54,13,500,0,0,0,500
02/27/2020,SJU,PR,ASO,ES,Towers with Radar,216,93,23,2,334,0,166,30,3,199,216,259,53,5,533,0,0,0,533
02/28/2020,SJU,PR,ASO,ES,Towers with Radar,207,92,22,5,326,0,130,41,0,171,207,222,63,5,497,0,0,0,497
02/29/2020,SJU,PR,ASO,ES,Towers with Radar,231,57,25,4,317,0,178,33,2,213,231,235,58,6,530,0,0,0,530
03/01/2020,SJU,PR,ASO,ES,Towers with Radar,233,48,27,3,311,0,266,17,0,283,233,314,44,3,594,0,0,0,594
03/02/2020,SJU,PR,ASO,ES,Towers with Radar,198,108,20,2,328,0,136,9,1,146,198,244,29,3,474,0,0,0,474
03/03/2020,SJU,PR,ASO,ES,Towers with Radar,202,99,26,1,328,0,141,10,0,151,202,240,36,1,479,4,0,4,483
03/04/2020,SJU,PR,ASO,ES,Towers with Radar,210,93,31,13,347,0,130,30,3,163,210,223,61,16,510,0,0,0,510
03/05/2020,SJU,PR,ASO,ES,Towers with Radar,202,98,13,0,313,0,110,14,1,125,202,208,27,1,438,5,0,5,443
03/06/2020,SJU,PR,ASO,ES,Towers with Radar,216,101,22,0,339,0,142,11,0,153,216,243,33,0,492,0,0,0,492
03/07/2020,SJU,PR,ASO,ES,Towers with Radar,240,62,26,2,330,0,102,18,0,120,240,164,44,2,450,0,0,0,450
03/08/2020,SJU,PR,ASO,ES,Towers with Radar,239,71,14,1,325,0,88,8,1,97,239,159,22,2,422,7,0,7,429
03/09/2020,SJU,PR,ASO,ES,Towers with Radar,223,155,40,0,418,0,68,8,0,76,223,223,48,0,494,0,0,0,494
03/10/2020,SJU,PR,ASO,ES,Towers with Radar,217,98,32,0,347,0,108,21,0,129,217,206,53,0,476,0,0,0,476
03/11/2020,SJU,PR,ASO,ES,Towers with Radar,236,89,16,10,351,0,110,26,0,136,236,199,42,10,487,0,0,0,487
03/12/2020,SJU,PR,ASO,ES,Towers with Radar,214,107,22,0,343,0,108,13,0,121,214,215,35,0,464,6,0,6,470
03/13/2020,SJU,PR,ASO,ES,Towers with Radar,204,100,32,0,336,0,135,33,3,171,204,235,65,3,507,0,0,0,507
03/14/2020,SJU,PR,ASO,ES,Towers with Radar,259,66,26,0,351,0,135,20,0,155,259,201,46,0,506,0,0,0,506
03/15/2020,SJU,PR,ASO,ES,Towers with Radar,245,71,36,0,352,0,152,21,0,173,245,223,57,0,525,0,0,0,525
03/16/2020,SJU,PR,ASO,ES,Towers with Radar,209,113,30,3,355,0,115,15,0,130,209,228,45,3,485,2,0,2,487
03/17/2020,SJU,PR,ASO,ES,Towers with Radar,229,112,28,3,372,0,122,20,2,144,229,234,48,5,516,0,0,0,516
03/18/2020,SJU,PR,ASO,ES,Towers with Radar,212,99,20,1,332,0,104,20,0,124,212,203,40,1,456,0,0,0,456
03/19/2020,SJU,PR,ASO,ES,Towers with Radar,227,112,16,3,358,0,123,21,1,145,227,235,37,4,503,0,0,0,503
03/20/2020,SJU,PR,ASO,ES,Towers with Radar,192,96,25,6,319,0,125,18,2,145,192,221,43,8,464,6,0,6,470
03/21/2020,SJU,PR,ASO,ES,Towers with Radar,189,60,23,2,274,0,92,17,0,109,189,152,40,2,383,0,0,0,383
03/22/2020,SJU,PR,ASO,ES,Towers with Radar,203,44,18,7,272,0,45,8,1,54,203,89,26,8,326,0,0,0,326
03/23/2020,SJU,PR,ASO,ES,Towers with Radar,163,79,9,1,252,0,38,2,0,40,163,117,11,1,292,0,0,0,292
03/24/2020,SJU,PR,ASO,ES,Towers with Radar,167,91,12,3,273,0,54,4,1,59,167,145,16,4,332,4,0,4,336
03/25/2020,SJU,PR,ASO,ES,Towers with Radar,150,73,8,0,231,0,44,10,2,56,150,117,18,2,287,5,0,5,292
03/26/2020,SJU,PR,ASO,ES,Towers with Radar,142,73,6,1,222,0,50,7,1,58,142,123,13,2,280,0,0,0,280
03/27/2020,SJU,PR,ASO,ES,Towers with Radar,117,70,9,2,198,0,35,12,2,49,117,105,21,4,247,0,0,0,247
03/28/2020,SJU,PR,ASO,ES,Towers with Radar,117,24,6,3,150,0,30,2,3,35,117,54,8,6,185,0,0,0,185
03/29/2020,SJU,PR,ASO,ES,Towers with Radar,93,20,9,0,122,0,27,6,1,34,93,47,15,1,156,0,0,0,156
03/30/2020,SJU,PR,ASO,ES,Towers with Radar,83,63,13,8,167,0,33,8,1,42,83,96,21,9,209,0,17,17,226
03/31/2020,SJU,PR,ASO,ES,Towers with Radar,91,54,4,1,150,0,35,11,1,47,91,89,15,2,197,0,0,0,197
04/01/2020,SJU,PR,ASO,ES,Towers with Radar,102,51,8,0,161,0,39,13,0,52,102,90,21,0,213,0,0,0,213
04/02/2020,SJU,PR,ASO,ES,Towers with Radar,97,54,3,1,155,0,37,12,2,51,97,91,15,3,206,0,0,0,206
04/03/2020,SJU,PR,ASO,ES,Towers with Radar,94,66,8,0,168,0,28,14,0,42,94,94,22,0,210,0,0,0,210
04/04/2020,SJU,PR,ASO,ES,Towers with Radar,81,24,6,4,115,0,29,4,0,33,81,53,10,4,148,0,0,0,148
04/05/2020,SJU,PR,ASO,ES,Towers with Radar,74,23,5,0,102,0,21,5,0,26,74,44,10,0,128,0,0,0,128
04/06/2020,SJU,PR,ASO,ES,Towers with Radar,65,45,4,8,122,0,27,7,0,34,65,72,11,8,156,0,0,0,156
04/07/2020,SJU,PR,ASO,ES,Towers with Radar,70,68,4,0,142,0,23,2,0,25,70,91,6,0,167,0,0,0,167
04/08/2020,SJU,PR,ASO,ES,Towers with Radar,71,68,6,0,145,6,22,3,0,31,77,90,9,0,176,0,0,0,176
04/09/2020,SJU,PR,ASO,ES,Towers with Radar,73,59,7,1,140,0,49,19,0,68,73,108,26,1,208,0,0,0,208
04/10/2020,SJU,PR,ASO,ES,Towers with Radar,69,17,6,0,92,3,26,1,0,30,72,43,7,0,122,0,0,0,122
04/11/2020,SJU,PR,ASO,ES,Towers with Radar,63,21,11,2,97,0,35,3,1,39,63,56,14,3,136,0,0,0,136
04/12/2020,SJU,PR,ASO,ES,Towers with Radar,51,14,2,0,67,3,18,2,0,23,54,32,4,0,90,0,0,0,90
04/13/2020,SJU,PR,ASO,ES,Towers with Radar,52,31,12,1,96,0,24,6,1,31,52,55,18,2,127,0,0,0,127
04/14/2020,SJU,PR,ASO,ES,Towers with Radar,57,47,3,7,114,0,24,7,7,38,57,71,10,14,152,0,0,0,152
04/15/2020,SJU,PR,ASO,ES,Towers with Radar,59,45,10,6,120,0,32,10,7,49,59,77,20,13,169,0,0,0,169
04/16/2020,SJU,PR,ASO,ES,Towers with Radar,55,60,3,2,120,0,20,13,0,33,55,80,16,2,153,0,0,0,153
04/17/2020,SJU,PR,ASO,ES,Towers with Radar,56,40,7,1,104,0,35,10,0,45,56,75,17,1,149,0,0,0,149
04/18/2020,SJU,PR,ASO,ES,Towers with Radar,62,17,14,0,93,0,28,7,1,36,62,45,21,1,129,3,0,3,132
04/19/2020,SJU,PR,ASO,ES,Towers with Radar,39,15,4,10,68,0,31,5,3,39,39,46,9,13,107,0,0,0,107
04/20/2020,SJU,PR,ASO,ES,Towers with Radar,35,58,8,9,110,0,46,13,0,59,35,104,21,9,169,0,0,0,169
04/21/2020,SJU,PR,ASO,ES,Towers with Radar,53,60,4,0,117,0,44,15,0,59,53,104,19,0,176,13,0,13,189
04/22/2020,SJU,PR,ASO,ES,Towers with Radar,51,48,3,0,102,2,36,13,1,52,53,84,16,1,154,4,0,4,158
04/23/2020,SJU,PR,ASO,ES,Towers with Radar,56,61,10,5,132,0,35,29,2,66,56,96,39,7,198,4,0,4,202
04/24/2020,SJU,PR,ASO,ES,Towers with Radar,57,51,2,8,118,0,38,7,2,47,57,89,9,10,165,0,0,0,165
04/25/2020,SJU,PR,ASO,ES,Towers with Radar,55,20,8,2,85,0,24,8,0,32,55,44,16,2,117,0,0,0,117
04/26/2020,SJU,PR,ASO,ES,Towers with Radar,46,17,4,1,68,0,27,0,1,28,46,44,4,2,96,0,0,0,96
04/27/2020,SJU,PR,ASO,ES,Towers with Radar,36,62,4,8,110,0,33,9,3,45,36,95,13,11,155,0,0,0,155
04/28/2020,SJU,PR,ASO,ES,Towers with Radar,60,42,19,2,123,0,38,19,1,58,60,80,38,3,181,0,0,0,181
04/29/2020,SJU,PR,ASO,ES,Towers with Radar,55,42,13,13,123,0,32,20,9,61,55,74,33,22,184,0,0,0,184
04/30/2020,SJU,PR,ASO,ES,Towers with Radar,77,79,17,0,173,0,36,30,0,66,77,115,47,0,239,0,0,0,239
05/01/2020,SJU,PR,ASO,ES,Towers with Radar,56,48,7,0,111,0,38,24,0,62,56,86,31,0,173,2,0,2,175
05/02/2020,SJU,PR,ASO,ES,Towers with Radar,61,17,12,0,90,0,32,17,0,49,61,49,29,0,139,0,1,1,140
05/03/2020,SJU,PR,ASO,ES,Towers with Radar,43,18,3,1,65,0,37,2,1,40,43,55,5,2,105,0,0,0,105
05/04/2020,SJU,PR,ASO,ES,Towers with Radar,35,66,12,7,120,0,39,8,1,48,35,105,20,8,168,0,0,0,168
05/05/2020,SJU,PR,ASO,ES,Towers with Radar,48,59,13,3,123,0,47,12,5,64,48,106,25,8,187,3,0,3,190
05/06/2020,SJU,PR,ASO,ES,Towers with Radar,47,51,7,0,105,0,69,13,1,83,47,120,20,1,188,0,0,0,188
05/07/2020,SJU,PR,ASO,ES,Towers with Radar,52,68,15,1,136,0,62,9,1,72,52,130,24,2,208,28,0,28,236
05/08/2020,SJU,PR,ASO,ES,Towers with Radar,52,52,8,0,112,0,52,11,2,65,52,104,19,2,177,2,0,2,179
05/09/2020,SJU,PR,ASO,ES,Towers with Radar,52,14,10,1,77,0,25,10,0,35,52,39,20,1,112,0,0,0,112
05/10/2020,SJU,PR,ASO,ES,Towers with Radar,54,30,5,0,89,0,32,2,0,34,54,62,7,0,123,0,0,0,123
05/11/2020,SJU,PR,ASO,ES,Towers with Radar,46,78,6,2,132,0,61,35,2,98,46,139,41,4,230,8,0,8,238
05/12/2020,SJU,PR,ASO,ES,Towers with Radar,43,54,8,1,106,0,48,15,2,65,43,102,23,3,171,0,0,0,171
05/13/2020,SJU,PR,ASO,ES,Towers with Radar,51,57,12,0,120,0,34,18,0,52,51,91,30,0,172,0,0,0,172
05/14/2020,SJU,PR,ASO,ES,Towers with Radar,65,57,11,1,134,4,43,14,0,61,69,100,25,1,195,0,0,0,195
05/15/2020,SJU,PR,ASO,ES,Towers with Radar,65,71,10,0,146,0,40,23,0,63,65,111,33,0,209,0,0,0,209
05/16/2020,SJU,PR,ASO,ES,Towers with Radar,51,21,7,0,79,0,25,18,0,43,51,46,25,0,122,0,0,0,122
05/17/2020,SJU,PR,ASO,ES,Towers with Radar,43,8,7,0,58,0,26,10,2,38,43,34,17,2,96,5,0,5,101
05/18/2020,SJU,PR,ASO,ES,Towers with Radar,38,74,19,1,132,0,50,20,0,70,38,124,39,1,202,0,0,0,202
05/19/2020,SJU,PR,ASO,ES,Towers with Radar,46,51,8,2,107,0,61,18,4,83,46,112,26,6,190,0,0,0,190
05/20/2020,SJU,PR,ASO,ES,Towers with Radar,48,58,8,0,114,0,46,15,1,62,48,104,23,1,176,4,0,4,180
05/21/2020,SJU,PR,ASO,ES,Towers with Radar,69,61,20,0,150,0,50,15,1,66,69,111,35,1,216,0,0,0,216
05/22/2020,SJU,PR,ASO,ES,Towers with Radar,62,73,13,0,148,0,62,9,0,71,62,135,22,0,219,0,0,0,219
05/23/2020,SJU,PR,ASO,ES,Towers with Radar,48,27,13,0,88,0,43,14,0,57,48,70,27,0,145,0,0,0,145
05/24/2020,SJU,PR,ASO,ES,Towers with Radar,44,26,10,0,80,0,41,2,0,43,44,67,12,0,123,0,0,0,123
05/25/2020,SJU,PR,ASO,ES,Towers with Radar,45,59,19,1,124,0,56,15,0,71,45,115,34,1,195,1,1,2,197
05/26/2020,SJU,PR,ASO,ES,Towers with Radar,36,85,15,1,137,0,58,12,0,70,36,143,27,1,207,0,0,0,207
05/27/2020,SJU,PR,ASO,ES,Towers with Radar,54,53,18,4,129,0,46,10,2,58,54,99,28,6,187,0,0,0,187
05/28/2020,SJU,PR,ASO,ES,Towers with Radar,71,72,16,1,160,0,48,7,1,56,71,120,23,2,216,0,0,0,216
05/29/2020,SJU,PR,ASO,ES,Towers with Radar,67,76,21,0,164,0,69,19,0,88,67,145,40,0,252,0,0,0,252
05/30/2020,SJU,PR,ASO,ES,Towers with Radar,57,29,9,0,95,0,56,7,0,63,57,85,16,0,158,0,0,0,158
05/31/2020,SJU,PR,ASO,ES,Towers with Radar,54,16,11,4,85,0,49,1,4,54,54,65,12,8,139,0,0,0,139
06/01/2020,SJU,PR,ASO,ES,Towers with Radar,68,46,25,0,139,0,50,14,0,64,68,96,39,0,203,1,0,1,204
06/02/2020,SJU,PR,ASO,ES,Towers with Radar,70,56,16,1,143,0,53,23,1,77,70,109,39,2,220,0,0,0,220
06/03/2020,SJU,PR,ASO,ES,Towers with Radar,83,54,11,1,149,0,60,23,1,84,83,114,34,2,233,0,0,0,233
06/04/2020,SJU,PR,ASO,ES,Towers with Radar,89,68,7,3,167,0,63,16,1,80,89,131,23,4,247,4,0,4,251
06/05/2020,SJU,PR,ASO,ES,Towers with Radar,102,93,12,3,210,0,53,15,3,71,102,146,27,6,281,0,0,0,281
06/06/2020,SJU,PR,ASO,ES,Towers with Radar,83,15,6,0,104,0,47,11,0,58,83,62,17,0,162,0,0,0,162
06/07/2020,SJU,PR,ASO,ES,Towers with Radar,82,21,20,0,123,0,45,8,2,55,82,66,28,2,178,0,0,0,178
06/08/2020,SJU,PR,ASO,ES,Towers with Radar,72,83,15,0,170,0,67,14,0,81,72,150,29,0,251,0,0,0,251
06/09/2020,SJU,PR,ASO,ES,Towers with Radar,75,54,10,2,141,0,69,13,3,85,75,123,23,5,226,0,0,0,226
06/10/2020,SJU,PR,ASO,ES,Towers with Radar,84,56,10,25,175,0,43,15,5,63,84,99,25,30,238,0,0,0,238
06/11/2020,SJU,PR,ASO,ES,Towers with Radar,110,60,10,0,180,0,48,6,2,56,110,108,16,2,236,0,0,0,236
06/12/2020,SJU,PR,ASO,ES,Towers with Radar,105,70,18,7,200,0,51,21,1,73,105,121,39,8,273,0,0,0,273
06/13/2020,SJU,PR,ASO,ES,Towers with Radar,88,18,14,1,121,7,41,8,4,60,95,59,22,5,181,0,0,0,181
06/14/2020,SJU,PR,ASO,ES,Towers with Radar,90,20,10,1,121,0,46,13,0,59,90,66,23,1,180,0,0,0,180
06/15/2020,SJU,PR,ASO,ES,Towers with Radar,84,83,16,7,190,0,65,11,0,76,84,148,27,7,266,0,0,0,266
06/16/2020,SJU,PR,ASO,ES,Towers with Radar,88,55,29,0,172,0,52,5,0,57,88,107,34,0,229,0,0,0,229
06/17/2020,SJU,PR,ASO,ES,Towers with Radar,86,59,13,5,163,0,50,14,3,67,86,109,27,8,230,0,0,0,230
06/18/2020,SJU,PR,ASO,ES,Towers with Radar,119,70,19,7,215,0,87,22,2,111,119,157,41,9,326,0,0,0,326
06/19/2020,SJU,PR,ASO,ES,Towers with Radar,110,66,13,3,192,0,73,14,1,88,110,139,27,4,280,2,0,2,282
06/20/2020,SJU,PR,ASO,ES,Towers with Radar,93,21,14,0,128,0,59,13,1,73,93,80,27,1,201,0,0,0,201
06/21/2020,SJU,PR,ASO,ES,Towers with Radar,94,24,14,0,132,0,53,7,2,62,94,77,21,2,194,0,0,0,194
06/22/2020,SJU,PR,ASO,ES,Towers with Radar,101,87,16,1,205,0,73,22,0,95,101,160,38,1,300,0,0,0,300
06/23/2020,SJU,PR,ASO,ES,Towers with Radar,96,89,11,3,199,0,36,12,0,48,96,125,23,3,247,0,0,0,247
06/24/2020,SJU,PR,ASO,ES,Towers with Radar,118,74,24,0,216,0,80,13,0,93,118,154,37,0,309,0,0,0,309
06/25/2020,SJU,PR,ASO,ES,Towers with Radar,131,61,21,3,216,0,72,22,0,94,131,133,43,3,310,0,0,0,310
06/26/2020,SJU,PR,ASO,ES,Towers with Radar,114,79,23,2,218,0,78,14,0,92,114,157,37,2,310,2,0,2,312
06/27/2020,SJU,PR,ASO,ES,Towers with Radar,98,28,24,2,152,0,67,14,2,83,98,95,38,4,235,1,0,1,236
06/28/2020,SJU,PR,ASO,ES,Towers with Radar,106,18,16,1,141,0,61,4,1,66,106,79,20,2,207,0,0,0,207
06/29/2020,SJU,PR,ASO,ES,Towers with Radar,93,64,11,0,168,0,59,6,3,68,93,123,17,3,236,0,0,0,236
06/30/2020,SJU,PR,ASO,ES,Towers with Radar,105,65,19,0,189,0,76,20,0,96,105,141,39,0,285,0,0,0,285
07/01/2020,SJU,PR,ASO,ES,Towers with Radar,117,63,15,5,200,0,68,16,1,85,117,131,31,6,285,6,0,6,291
07/02/2020,SJU,PR,ASO,ES,Towers with Radar,154,74,10,0,238,0,81,17,5,103,154,155,27,5,341,12,0,12,353
07/03/2020,SJU,PR,ASO,ES,Towers with Radar,144,90,18,1,253,0,69,21,3,93,144,159,39,4,346,0,0,0,346
07/04/2020,SJU,PR,ASO,ES,Towers with Radar,123,24,8,2,157,0,64,5,3,72,123,88,13,5,229,0,0,0,229
07/05/2020,SJU,PR,ASO,ES,Towers with Radar,138,21,15,0,174,0,65,13,2,80,138,86,28,2,254,0,0,0,254
07/06/2020,SJU,PR,ASO,ES,Towers with Radar,159,79,14,15,267,0,75,13,2,90,159,154,27,17,357,0,0,0,357
07/07/2020,SJU,PR,ASO,ES,Towers with Radar,167,60,12,0,239,0,80,7,0,87,167,140,19,0,326,0,0,0,326
07/08/2020,SJU,PR,ASO,ES,Towers with Radar,157,69,8,1,235,0,67,11,0,78,157,136,19,1,313,0,0,0,313
07/09/2020,SJU,PR,ASO,ES,Towers with Radar,163,71,26,2,262,0,62,19,0,81,163,133,45,2,343,1,0,1,344
07/10/2020,SJU,PR,ASO,ES,Towers with Radar,167,71,12,3,253,0,75,17,3,95,167,146,29,6,348,2,0,2,350
07/11/2020,SJU,PR,ASO,ES,Towers with Radar,158,19,10,0,187,0,59,10,0,69,158,78,20,0,256,0,0,0,256
07/12/2020,SJU,PR,ASO,ES,Towers with Radar,172,27,25,2,226,0,42,10,0,52,172,69,35,2,278,0,0,0,278
07/13/2020,SJU,PR,ASO,ES,Towers with Radar,163,73,15,0,251,0,68,10,2,80,163,141,25,2,331,0,0,0,331
07/14/2020,SJU,PR,ASO,ES,Towers with Radar,165,57,14,4,240,0,46,16,2,64,165,103,30,6,304,0,0,0,304
07/15/2020,SJU,PR,ASO,ES,Towers with Radar,165,67,11,1,244,0,57,12,3,72,165,124,23,4,316,0,0,0,316
07/16/2020,SJU,PR,ASO,ES,Towers with Radar,177,81,14,1,273,0,63,10,3,76,177,144,24,4,349,4,0,4,353
07/17/2020,SJU,PR,ASO,ES,Towers with Radar,172,80,17,3,272,0,85,25,5,115,172,165,42,8,387,0,0,0,387
07/18/2020,SJU,PR,ASO,ES,Towers with Radar,166,32,14,1,213,0,62,10,2,74,166,94,24,3,287,0,0,0,287
07/19/2020,SJU,PR,ASO,ES,Towers with Radar,155,13,12,2,182,0,61,6,1,68,155,74,18,3,250,4,0,4,254
07/20/2020,SJU,PR,ASO,ES,Towers with Radar,159,72,12,13,256,0,58,13,4,75,159,130,25,17,331,0,0,0,331
07/21/2020,SJU,PR,ASO,ES,Towers with Radar,123,55,10,4,192,0,57,15,1,73,123,112,25,5,265,0,0,0,265
07/22/2020,SJU,PR,ASO,ES,Towers with Radar,173,60,22,3,258,0,58,8,1,67,173,118,30,4,325,0,0,0,325
07/23/2020,SJU,PR,ASO,ES,Towers with Radar,168,86,9,2,265,0,53,12,2,67,168,139,21,4,332,0,0,0,332
07/24/2020,SJU,PR,ASO,ES,Towers with Radar,176,90,8,0,274,0,59,9,3,71,176,149,17,3,345,0,0,0,345
07/25/2020,SJU,PR,ASO,ES,Towers with Radar,157,35,13,10,215,0,53,13,0,66,157,88,26,10,281,0,0,0,281
07/26/2020,SJU,PR,ASO,ES,Towers with Radar,147,27,19,5,198,0,53,8,1,62,147,80,27,6,260,0,0,0,260
07/27/2020,SJU,PR,ASO,ES,Towers with Radar,147,70,15,2,234,0,68,15,2,85,147,138,30,4,319,0,0,0,319
07/28/2020,SJU,PR,ASO,ES,Towers with Radar,150,63,22,3,238,0,67,14,2,83,150,130,36,5,321,1,0,1,322
07/29/2020,SJU,PR,ASO,ES,Towers with Radar,149,13,5,2,169,0,24,9,3,36,149,37,14,5,205,0,0,0,205
07/30/2020,SJU,PR,ASO,ES,Towers with Radar,144,42,7,1,194,0,9,0,0,9,144,51,7,1,203,0,0,0,203
07/31/2020,SJU,PR,ASO,ES,Towers with Radar,175,88,14,3,280,0,57,21,1,79,175,145,35,4,359,0,1,1,360
08/01/2020,SJU,PR,ASO,ES,Towers with Radar,163,30,5,0,198,0,49,8,0,57,163,79,13,0,255,0,0,0,255
08/02/2020,SJU,PR,ASO,ES,Towers with Radar,171,20,11,1,203,0,39,8,0,47,171,59,19,1,250,5,0,5,255
08/03/2020,SJU,PR,ASO,ES,Towers with Radar,155,62,17,3,237,0,57,22,3,82,155,119,39,6,319,10,0,10,329
08/04/2020,SJU,PR,ASO,ES,Towers with Radar,148,48,18,1,215,0,55,21,1,77,148,103,39,2,292,0,0,0,292
08/05/2020,SJU,PR,ASO,ES,Towers with Radar,166,76,23,3,268,0,54,12,2,68,166,130,35,5,336,14,0,14,350
08/06/2020,SJU,PR,ASO,ES,Towers with Radar,151,82,15,1,249,0,62,15,3,80,151,144,30,4,329,0,0,0,329
08/07/2020,SJU,PR,ASO,ES,Towers with Radar,168,63,10,14,255,0,64,18,1,83,168,127,28,15,338,0,0,0,338
08/08/2020,SJU,PR,ASO,ES,Towers with Radar,149,36,7,5,197,0,55,9,2,66,149,91,16,7,263,6,0,6,269
08/09/2020,SJU,PR,ASO,ES,Towers with Radar,129,32,8,6,175,0,52,9,1,62,129,84,17,7,237,0,0,0,237
08/10/2020,SJU,PR,ASO,ES,Towers with Radar,136,72,17,1,226,0,66,13,4,83,136,138,30,5,309,0,0,0,309
08/11/2020,SJU,PR,ASO,ES,Towers with Radar,134,59,27,15,235,0,42,26,6,74,134,101,53,21,309,0,0,0,309
08/12/2020,SJU,PR,ASO,ES,Towers with Radar,131,63,6,17,217,0,55,9,2,66,131,118,15,19,283,8,0,8,291
08/13/2020,SJU,PR,ASO,ES,Towers with Radar,158,76,14,3,251,0,56,13,2,71,158,132,27,5,322,2,0,2,324
08/14/2020,SJU,PR,ASO,ES,Towers with Radar,156,74,20,1,251,0,64,23,0,87,156,138,43,1,338,0,0,0,338
08/15/2020,SJU,PR,ASO,ES,Towers with Radar,142,23,15,3,183,0,43,6,4,53,142,66,21,7,236,2,0,2,238
08/16/2020,SJU,PR,ASO,ES,Towers with Radar,155,23,10,2,190,0,49,8,1,58,155,72,18,3,248,0,0,0,248
08/17/2020,SJU,PR,ASO,ES,Towers with Radar,138,72,7,7,224,0,62,10,7,79,138,134,17,14,303,1,0,1,304
08/18/2020,SJU,PR,ASO,ES,Towers with Radar,143,60,15,3,221,0,54,11,7,72,143,114,26,10,293,0,0,0,293
08/19/2020,SJU,PR,ASO,ES,Towers with Radar,124,66,19,11,220,0,50,16,6,72,124,116,35,17,292,0,0,0,292
08/20/2020,SJU,PR,ASO,ES,Towers with Radar,146,66,12,2,226,0,52,16,4,72,146,118,28,6,298,0,0,0,298
08/21/2020,SJU,PR,ASO,ES,Towers with Radar,147,56,14,2,219,0,59,12,1,72,147,115,26,3,291,0,0,0,291
08/22/2020,SJU,PR,ASO,ES,Towers with Radar,103,0,4,0,107,0,2,0,0,2,103,2,4,0,109,0,0,0,109
08/23/2020,SJU,PR,ASO,ES,Towers with Radar,134,37,5,1,177,0,47,16,0,63,134,84,21,1,240,0,0,0,240
08/24/2020,SJU,PR,ASO,ES,Towers with Radar,132,89,7,2,230,0,46,11,0,57,132,135,18,2,287,2,0,2,289
08/25/2020,SJU,PR,ASO,ES,Towers with Radar,135,66,10,2,213,0,53,12,0,65,135,119,22,2,278,0,0,0,278
08/26/2020,SJU,PR,ASO,ES,Towers with Radar,131,63,14,3,211,0,54,11,0,65,131,117,25,3,276,0,0,0,276
08/27/2020,SJU,PR,ASO,ES,Towers with Radar,142,78,16,6,242,0,42,7,0,49,142,120,23,6,291,0,0,0,291
08/28/2020,SJU,PR,ASO,ES,Towers with Radar,147,76,25,4,252,0,60,16,0,76,147,136,41,4,328,6,0,6,334
08/29/2020,SJU,PR,ASO,ES,Towers with Radar,141,29,6,14,190,0,40,9,1,50,141,69,15,15,240,0,0,0,240
08/30/2020,SJU,PR,ASO,ES,Towers with Radar,136,17,13,5,171,0,33,13,1,47,136,50,26,6,218,0,0,0,218
08/31/2020,SJU,PR,ASO,ES,Towers with Radar,139,70,20,6,235,0,48,19,1,68,139,118,39,7,303,0,0,0,303
09/01/2020,SJU,PR,ASO,ES,Towers with Radar,115,59,26,3,203,0,42,15,3,60,115,101,41,6,263,8,0,8,271
09/02/2020,SJU,PR,ASO,ES,Towers with Radar,139,66,13,10,228,0,61,10,1,72,139,127,23,11,300,0,0,0,300
09/03/2020,SJU,PR,ASO,ES,Towers with Radar,141,76,15,2,234,0,41,11,0,52,141,117,26,2,286,0,0,0,286
09/04/2020,SJU,PR,ASO,ES,Towers with Radar,144,64,19,7,234,0,54,23,1,78,144,118,42,8,312,11,0,11,323
09/05/2020,SJU,PR,ASO,ES,Towers with Radar,128,26,12,7,173,0,44,8,3,55,128,70,20,10,228,0,0,0,228
09/06/2020,SJU,PR,ASO,ES,Towers with Radar,131,33,17,12,193,0,39,6,2,47,131,72,23,14,240,0,0,0,240
09/07/2020,SJU,PR,ASO,ES,Towers with Radar,103,46,16,4,169,0,49,19,1,69,103,95,35,5,238,0,0,0,238
09/08/2020,SJU,PR,ASO,ES,Towers with Radar,102,59,19,4,184,0,63,24,1,88,102,122,43,5,272,0,0,0,272
09/09/2020,SJU,PR,ASO,ES,Towers with Radar,118,62,22,14,216,0,49,16,9,74,118,111,38,23,290,0,0,0,290
09/10/2020,SJU,PR,ASO,ES,Towers with Radar,129,84,17,5,235,0,48,20,5,73,129,132,37,10,308,0,0,0,308
09/11/2020,SJU,PR,ASO,ES,Towers with Radar,130,76,21,6,233,0,48,16,2,66,130,124,37,8,299,0,0,0,299
09/12/2020,SJU,PR,ASO,ES,Towers with Radar,137,26,24,6,193,0,42,32,2,76,137,68,56,8,269,0,0,0,269
09/13/2020,SJU,PR,ASO,ES,Towers with Radar,101,19,9,1,130,0,38,3,1,42,101,57,12,2,172,0,0,0,172
09/14/2020,SJU,PR,ASO,ES,Towers with Radar,119,76,21,19,235,0,58,19,1,78,119,134,40,20,313,0,0,0,313
09/15/2020,SJU,PR,ASO,ES,Towers with Radar,100,70,22,2,194,0,58,20,1,79,100,128,42,3,273,0,0,0,273
09/16/2020,SJU,PR,ASO,ES,Towers with Radar,129,59,18,19,225,0,50,9,3,62,129,109,27,22,287,0,0,0,287
09/17/2020,SJU,PR,ASO,ES,Towers with Radar,121,79,23,0,223,0,59,20,1,80,121,138,43,1,303,0,0,0,303
09/18/2020,SJU,PR,ASO,ES,Towers with Radar,119,70,16,1,206,0,38,19,0,57,119,108,35,1,263,0,0,0,263
09/19/2020,SJU,PR,ASO,ES,Towers with Radar,115,26,14,1,156,0,37,12,0,49,115,63,26,1,205,1,0,1,206
09/20/2020,SJU,PR,ASO,ES,Towers with Radar,109,21,14,0,144,0,32,21,0,53,109,53,35,0,197,0,0,0,197
09/21/2020,SJU,PR,ASO,ES,Towers with Radar,121,83,23,2,229,0,62,13,0,75,121,145,36,2,304,7,0,7,311
09/22/2020,SJU,PR,ASO,ES,Towers with Radar,108,57,15,2,182,0,53,14,0,67,108,110,29,2,249,0,0,0,249
09/23/2020,SJU,PR,ASO,ES,Towers with Radar,119,64,20,2,205,0,48,9,0,57,119,112,29,2,262,2,0,2,264
09/24/2020,SJU,PR,ASO,ES,Towers with Radar,139,80,15,3,237,0,48,20,2,70,139,128,35,5,307,0,0,0,307
09/25/2020,SJU,PR,ASO,ES,Towers with Radar,143,83,7,0,233,0,79,14,1,94,143,162,21,1,327,0,0,0,327
09/26/2020,SJU,PR,ASO,ES,Towers with Radar,118,25,8,0,151,0,51,17,1,69,118,76,25,1,220,7,0,7,227
09/27/2020,SJU,PR,ASO,ES,Towers with Radar,116,22,16,1,155,0,37,2,0,39,116,59,18,1,194,0,0,0,194
09/28/2020,SJU,PR,ASO,ES,Towers with Radar,120,94,12,1,227,0,65,11,0,76,120,159,23,1,303,0,0,0,303
09/29/2020,SJU,PR,ASO,ES,Towers with Radar,128,78,21,2,229,0,76,16,0,92,128,154,37,2,321,0,0,0,321
09/30/2020,SJU,PR,ASO,ES,Towers with Radar,121,60,14,0,195,2,45,14,1,62,123,105,28,1,257,0,0,0,257
10/01/2020,SJU,PR,ASO,ES,Towers with Radar,128,77,24,2,231,0,40,27,0,67,128,117,51,2,298,0,0,0,298
10/02/2020,SJU,PR,ASO,ES,Towers with Radar,135,73,14,3,225,0,62,14,1,77,135,135,28,4,302,0,0,0,302
10/03/2020,SJU,PR,ASO,ES,Towers with Radar,116,28,15,3,162,0,34,17,1,52,116,62,32,4,214,0,0,0,214
10/04/2020,SJU,PR,ASO,ES,Towers with Radar,117,29,6,16,168,0,42,7,0,49,117,71,13,16,217,0,0,0,217
10/05/2020,SJU,PR,ASO,ES,Towers with Radar,124,82,10,8,224,0,44,6,1,51,124,126,16,9,275,0,0,0,275
10/06/2020,SJU,PR,ASO,ES,Towers with Radar,124,73,28,7,232,0,72,37,1,110,124,145,65,8,342,0,0,0,342
10/07/2020,SJU,PR,ASO,ES,Towers with Radar,127,67,24,4,222,0,52,28,3,83,127,119,52,7,305,2,0,2,307
10/08/2020,SJU,PR,ASO,ES,Towers with Radar,146,79,24,1,250,0,53,30,2,85,146,132,54,3,335,0,0,0,335
10/09/2020,SJU,PR,ASO,ES,Towers with Radar,156,64,17,7,244,4,57,20,1,82,160,121,37,8,326,0,0,0,326
10/10/2020,SJU,PR,ASO,ES,Towers with Radar,137,32,10,1,180,0,43,10,1,54,137,75,20,2,234,0,0,0,234
10/11/2020,SJU,PR,ASO,ES,Towers with Radar,116,19,13,2,150,0,49,16,0,65,116,68,29,2,215,2,0,2,217
10/12/2020,SJU,PR,ASO,ES,Towers with Radar,130,65,14,0,209,0,66,17,0,83,130,131,31,0,292,0,0,0,292
10/13/2020,SJU,PR,ASO,ES,Towers with Radar,121,63,25,3,212,0,49,26,2,77,121,112,51,5,289,2,0,2,291
10/14/2020,SJU,PR,ASO,ES,Towers with Radar,128,75,16,6,225,0,58,19,6,83,128,133,35,12,308,0,0,0,308
10/15/2020,SJU,PR,ASO,ES,Towers with Radar,141,89,20,1,251,0,51,21,3,75,141,140,41,4,326,0,0,0,326
10/16/2020,SJU,PR,ASO,ES,Towers with Radar,151,79,22,14,266,0,69,12,2,83,151,148,34,16,349,0,0,0,349
10/17/2020,SJU,PR,ASO,ES,Towers with Radar,136,42,21,1,200,0,58,3,2,63,136,100,24,3,263,0,0,0,263
10/18/2020,SJU,PR,ASO,ES,Towers with Radar,123,40,6,2,171,0,54,9,1,64,123,94,15,3,235,0,0,0,235
10/19/2020,SJU,PR,ASO,ES,Towers with Radar,133,89,13,1,236,0,77,25,2,104,133,166,38,3,340,0,0,0,340
10/20/2020,SJU,PR,ASO,ES,Towers with Radar,124,83,12,4,223,0,73,19,3,95,124,156,31,7,318,0,0,0,318
10/21/2020,SJU,PR,ASO,ES,Towers with Radar,128,96,14,7,245,0,62,17,2,81,128,158,31,9,326,8,0,8,334
10/22/2020,SJU,PR,ASO,ES,Towers with Radar,136,97,14,3,250,0,72,15,0,87,136,169,29,3,337,0,0,0,337
10/23/2020,SJU,PR,ASO,ES,Towers with Radar,137,67,29,2,235,0,70,22,0,92,137,137,51,2,327,0,0,0,327
10/24/2020,SJU,PR,ASO,ES,Towers with Radar,128,31,9,1,169,0,69,14,0,83,128,100,23,1,252,0,0,0,252
10/25/2020,SJU,PR,ASO,ES,Towers with Radar,132,30,19,0,181,0,59,13,0,72,132,89,32,0,253,0,0,0,253
10/26/2020,SJU,PR,ASO,ES,Towers with Radar,145,83,11,7,246,0,76,13,2,91,145,159,24,9,337,0,0,0,337
10/27/2020,SJU,PR,ASO,ES,Towers with Radar,127,80,24,0,231,0,79,14,0,93,127,159,38,0,324,0,2,2,326
10/28/2020,SJU,PR,ASO,ES,Towers with Radar,138,92,15,10,255,0,68,18,4,90,138,160,33,14,345,2,0,2,347
10/29/2020,SJU,PR,ASO,ES,Towers with Radar,150,106,26,2,284,0,55,21,1,77,150,161,47,3,361,0,0,0,361
10/30/2020,SJU,PR,ASO,ES,Towers with Radar,159,79,21,2,261,0,84,25,1,110,159,163,46,3,371,0,0,0,371
10/31/2020,SJU,PR,ASO,ES,Towers with Radar,129,25,11,0,165,0,62,12,0,74,129,87,23,0,239,0,0,0,239
11/01/2020,SJU,PR,ASO,ES,Towers with Radar,130,26,12,0,168,0,63,15,0,78,130,89,27,0,246,0,0,0,246
11/02/2020,SJU,PR,ASO,ES,Towers with Radar,133,79,17,3,232,0,69,10,1,80,133,148,27,4,312,3,0,3,315
11/03/2020,SJU,PR,ASO,ES,Towers with Radar,136,71,14,8,229,0,58,21,2,81,136,129,35,10,310,0,0,0,310
11/04/2020,SJU,PR,ASO,ES,Towers with Radar,132,81,12,2,227,0,51,22,2,75,132,132,34,4,302,0,0,0,302
11/05/2020,SJU,PR,ASO,ES,Towers with Radar,148,89,36,6,279,0,75,30,3,108,148,164,66,9,387,34,0,34,421
11/06/2020,SJU,PR,ASO,ES,Towers with Radar,146,77,17,2,242,0,61,13,0,74,146,138,30,2,316,6,0,6,322
11/07/2020,SJU,PR,ASO,ES,Towers with Radar,136,33,15,1,185,0,57,11,1,69,136,90,26,2,254,0,0,0,254
11/08/2020,SJU,PR,ASO,ES,Towers with Radar,131,44,18,1,194,0,35,7,0,42,131,79,25,1,236,0,0,0,236
11/09/2020,SJU,PR,ASO,ES,Towers with Radar,149,77,15,6,247,0,62,11,3,76,149,139,26,9,323,0,0,0,323
11/10/2020,SJU,PR,ASO,ES,Towers with Radar,146,102,18,0,266,0,42,6,0,48,146,144,24,0,314,0,0,0,314
11/11/2020,SJU,PR,ASO,ES,Towers with Radar,139,120,18,1,278,0,21,1,2,24,139,141,19,3,302,2,0,2,304
11/12/2020,SJU,PR,ASO,ES,Towers with Radar,150,123,36,0,309,0,89,20,4,113,150,212,56,4,422,0,0,0,422
11/13/2020,SJU,PR,ASO,ES,Towers with Radar,164,81,25,0,270,0,78,25,0,103,164,159,50,0,373,20,0,20,393
11/14/2020,SJU,PR,ASO,ES,Towers with Radar,144,47,29,0,220,0,74,13,1,88,144,121,42,1,308,0,0,0,308
11/15/2020,SJU,PR,ASO,ES,Towers with Radar,141,40,19,1,201,0,73,7,0,80,141,113,26,1,281,0,0,0,281
11/16/2020,SJU,PR,ASO,ES,Towers with Radar,145,77,25,1,248,0,79,22,0,101,145,156,47,1,349,0,0,0,349
11/17/2020,SJU,PR,ASO,ES,Towers with Radar,122,87,20,0,229,0,68,22,0,90,122,155,42,0,319,0,0,0,319
11/18/2020,SJU,PR,ASO,ES,Towers with Radar,161,83,20,1,265,0,61,18,0,79,161,144,38,1,344,0,0,0,344
11/19/2020,SJU,PR,ASO,ES,Towers with Radar,165,98,18,1,282,0,73,25,0,98,165,171,43,1,380,0,0,0,380
11/20/2020,SJU,PR,ASO,ES,Towers with Radar,179,87,23,5,294,0,91,18,1,110,179,178,41,6,404,0,0,0,404
11/21/2020,SJU,PR,ASO,ES,Towers with Radar,183,59,26,6,274,0,75,10,2,87,183,134,36,8,361,0,0,0,361
11/22/2020,SJU,PR,ASO,ES,Towers with Radar,160,61,23,1,245,0,56,6,0,62,160,117,29,1,307,0,0,0,307
11/23/2020,SJU,PR,ASO,ES,Towers with Radar,177,94,13,3,287,0,102,16,1,119,177,196,29,4,406,0,0,0,406
11/24/2020,SJU,PR,ASO,ES,Towers with Radar,159,79,28,2,268,0,71,25,3,99,159,150,53,5,367,6,0,6,373
11/25/2020,SJU,PR,ASO,ES,Towers with Radar,159,105,22,3,289,0,90,20,1,111,159,195,42,4,400,0,0,0,400
11/26/2020,SJU,PR,ASO,ES,Towers with Radar,128,47,4,1,180,0,58,4,1,63,128,105,8,2,243,0,0,0,243
11/27/2020,SJU,PR,ASO,ES,Towers with Radar,149,51,22,0,222,0,73,21,0,94,149,124,43,0,316,8,1,9,325
11/28/2020,SJU,PR,ASO,ES,Towers with Radar,182,34,25,0,241,0,75,15,0,90,182,109,40,0,331,0,0,0,331
11/29/2020,SJU,PR,ASO,ES,Towers with Radar,189,37,18,0,244,0,103,9,1,113,189,140,27,1,357,0,0,0,357
11/30/2020,SJU,PR,ASO,ES,Towers with Radar,176,92,24,5,297,0,109,15,2,126,176,201,39,7,423,4,0,4,427
12/01/2020,SJU,PR,ASO,ES,Towers with Radar,168,92,20,5,285,0,93,16,1,110,168,185,36,6,395,9,0,9,404
12/02/2020,SJU,PR,ASO,ES,Towers with Radar,141,80,17,3,241,0,68,17,3,88,141,148,34,6,329,4,0,4,333
12/03/2020,SJU,PR,ASO,ES,Towers with Radar,170,84,24,7,285,0,88,14,1,103,170,172,38,8,388,0,0,0,388
12/04/2020,SJU,PR,ASO,ES,Towers with Radar,167,104,23,7,301,0,84,20,1,105,167,188,43,8,406,0,0,0,406
12/05/2020,SJU,PR,ASO,ES,Towers with Radar,147,61,13,1,222,0,45,8,1,54,147,106,21,2,276,2,0,2,278
12/06/2020,SJU,PR,ASO,ES,Towers with Radar,156,64,22,0,242,0,38,14,0,52,156,102,36,0,294,0,0,0,294
12/07/2020,SJU,PR,ASO,ES,Towers with Radar,160,97,13,0,270,0,76,15,1,92,160,173,28,1,362,0,0,0,362
12/08/2020,SJU,PR,ASO,ES,Towers with Radar,136,91,8,0,235,0,67,19,1,87,136,158,27,1,322,18,0,18,340
12/09/2020,SJU,PR,ASO,ES,Towers with Radar,163,87,25,0,275,0,97,17,2,116,163,184,42,2,391,16,1,17,408
12/10/2020,SJU,PR,ASO,ES,Towers with Radar,171,90,13,0,274,0,73,14,1,88,171,163,27,1,362,5,0,5,367
12/11/2020,SJU,PR,ASO,ES,Towers with Radar,175,91,24,0,290,0,68,22,0,90,175,159,46,0,380,0,0,0,380
12/12/2020,SJU,PR,ASO,ES,Towers with Radar,159,54,7,1,221,0,69,13,0,82,159,123,20,1,303,0,0,0,303
12/13/2020,SJU,PR,ASO,ES,Towers with Radar,163,39,17,0,219,1,63,8,0,72,164,102,25,0,291,0,0,0,291
12/14/2020,SJU,PR,ASO,ES,Towers with Radar,168,96,33,2,299,0,74,17,1,92,168,170,50,3,391,0,0,0,391
12/15/2020,SJU,PR,ASO,ES,Towers with Radar,136,109,24,1,270,0,83,14,1,98,136,192,38,2,368,0,0,0,368
12/16/2020,SJU,PR,ASO,ES,Towers with Radar,147,105,21,7,280,0,60,12,4,76,147,165,33,11,356,0,0,0,356
12/17/2020,SJU,PR,ASO,ES,Towers with Radar,185,97,21,1,304,0,67,9,4,80,185,164,30,5,384,14,0,14,398
12/18/2020,SJU,PR,ASO,ES,Towers with Radar,218,109,30,1,358,0,107,15,0,122,218,216,45,1,480,0,0,0,480
12/19/2020,SJU,PR,ASO,ES,Towers with Radar,217,79,32,6,334,0,93,19,1,113,217,172,51,7,447,0,0,0,447
12/20/2020,SJU,PR,ASO,ES,Towers with Radar,212,58,19,0,289,0,67,7,0,74,212,125,26,0,363,0,0,0,363
12/21/2020,SJU,PR,ASO,ES,Towers with Radar,221,98,29,2,350,0,79,21,3,103,221,177,50,5,453,0,0,0,453
12/22/2020,SJU,PR,ASO,ES,Towers with Radar,211,110,24,4,349,0,92,19,1,112,211,202,43,5,461,6,0,6,467
12/23/2020,SJU,PR,ASO,ES,Towers with Radar,219,100,24,0,343,0,106,29,0,135,219,206,53,0,478,0,0,0,478
12/24/2020,SJU,PR,ASO,ES,Towers with Radar,207,114,11,0,332,0,69,1,0,70,207,183,12,0,402,0,0,0,402
12/25/2020,SJU,PR,ASO,ES,Towers with Radar,153,34,11,0,198,0,67,3,0,70,153,101,14,0,268,6,0,6,274
12/26/2020,SJU,PR,ASO,ES,Towers with Radar,229,49,33,0,311,0,114,19,0,133,229,163,52,0,444,2,0,2,446
12/27/2020,SJU,PR,ASO,ES,Towers with Radar,202,49,36,0,287,0,99,10,0,109,202,148,46,0,396,0,0,0,396
12/28/2020,SJU,PR,ASO,ES,Towers with Radar,200,94,23,0,317,0,93,11,0,104,200,187,34,0,421,10,0,10,431
12/29/2020,SJU,PR,ASO,ES,Towers with Radar,192,94,26,2,314,0,78,15,2,95,192,172,41,4,409,0,0,0,409
12/30/2020,SJU,PR,ASO,ES,Towers with Radar,204,83,29,0,316,0,102,34,2,138,204,185,63,2,454,0,0,0,454
12/31/2020,SJU,PR,ASO,ES,Towers with Radar,199,85,14,2,300,0,62,13,2,77,199,147,27,4,377,0,0,0,377
01/01/2021,SJU,PR,ASO,ES,Towers with Radar,160,45,16,0,221,0,67,0,0,67,160,112,16,0,288,0,0,0,288
01/02/2021,SJU,PR,ASO,ES,Towers with Radar,213,61,41,0,315,0,110,16,1,127,213,171,57,1,442,0,0,0,442
01/03/2021,SJU,PR,ASO,ES,Towers with Radar,194,64,52,0,310,0,107,11,0,118,194,171,63,0,428,0,0,0,428
01/04/2021,SJU,PR,ASO,ES,Towers with Radar,201,123,34,0,358,0,64,13,0,77,201,187,47,0,435,0,0,0,435
01/05/2021,SJU,PR,ASO,ES,Towers with Radar,198,117,28,0,343,0,62,13,0,75,198,179,41,0,418,0,0,0,418
01/06/2021,SJU,PR,ASO,ES,Towers with Radar,167,70,33,1,271,0,79,13,0,92,167,149,46,1,363,0,0,0,363
01/07/2021,SJU,PR,ASO,ES,Towers with Radar,182,81,27,1,291,0,72,16,2,90,182,153,43,3,381,0,0,0,381
01/08/2021,SJU,PR,ASO,ES,Towers with Radar,180,94,28,0,302,0,75,18,0,93,180,169,46,0,395,0,0,0,395
01/09/2021,SJU,PR,ASO,ES,Towers with Radar,179,47,28,0,254,0,72,16,0,88,179,119,44,0,342,0,0,0,342
01/10/2021,SJU,PR,ASO,ES,Towers with Radar,181,44,27,1,253,0,89,18,0,107,181,133,45,1,360,0,0,0,360
01/11/2021,SJU,PR,ASO,ES,Towers with Radar,147,81,18,2,248,0,72,24,2,98,147,153,42,4,346,0,0,0,346
01/12/2021,SJU,PR,ASO,ES,Towers with Radar,165,105,18,4,292,0,80,8,2,90,165,185,26,6,382,0,1,1,383
01/13/2021,SJU,PR,ASO,ES,Towers with Radar,136,74,25,3,238,0,77,23,2,102,136,151,48,5,340,12,0,12,352
01/14/2021,SJU,PR,ASO,ES,Towers with Radar,188,96,32,7,323,0,76,23,2,101,188,172,55,9,424,0,0,0,424
01/15/2021,SJU,PR,ASO,ES,Towers with Radar,161,84,21,5,271,0,99,18,3,120,161,183,39,8,391,0,0,0,391
01/16/2021,SJU,PR,ASO,ES,Towers with Radar,148,43,19,3,213,0,71,17,3,91,148,114,36,6,304,0,0,0,304
01/17/2021,SJU,PR,ASO,ES,Towers with Radar,142,66,8,7,223,0,65,8,1,74,142,131,16,8,297,0,0,0,297
01/18/2021,SJU,PR,ASO,ES,Towers with Radar,150,74,15,5,244,0,92,15,2,109,150,166,30,7,353,0,0,0,353
01/19/2021,SJU,PR,ASO,ES,Towers with Radar,134,93,19,3,249,0,68,17,1,86,134,161,36,4,335,6,0,6,341
01/20/2021,SJU,PR,ASO,ES,Towers with Radar,146,84,18,25,273,0,66,16,3,85,146,150,34,28,358,12,0,12,370
01/21/2021,SJU,PR,ASO,ES,Towers with Radar,155,94,27,9,285,0,82,17,3,102,155,176,44,12,387,4,0,4,391
01/22/2021,SJU,PR,ASO,ES,Towers with Radar,168,79,29,5,281,0,78,36,1,115,168,157,65,6,396,0,0,0,396
01/23/2021,SJU,PR,ASO,ES,Towers with Radar,152,38,15,6,211,0,68,22,2,92,152,106,37,8,303,0,0,0,303
01/24/2021,SJU,PR,ASO,ES,Towers with Radar,148,38,9,2,197,0,66,6,0,72,148,104,15,2,269,0,0,0,269
01/25/2021,SJU,PR,ASO,ES,Towers with Radar,149,83,19,4,255,0,74,6,4,84,149,157,25,8,339,0,0,0,339
01/26/2021,SJU,PR,ASO,ES,Towers with Radar,133,75,10,1,219,0,65,14,1,80,133,140,24,2,299,0,0,0,299
01/27/2021,SJU,PR,ASO,ES,Towers with Radar,136,75,30,7,248,0,60,22,9,91,136,135,52,16,339,4,0,4,343
01/28/2021,SJU,PR,ASO,ES,Towers with Radar,151,79,31,3,264,0,79,28,3,110,151,158,59,6,374,0,0,0,374
01/29/2021,SJU,PR,ASO,ES,Towers with Radar,161,85,20,3,269,0,76,29,3,108,161,161,49,6,377,0,0,0,377
01/30/2021,SJU,PR,ASO,ES,Towers with Radar,148,74,30,2,254,0,38,11,1,50,148,112,41,3,304,0,0,0,304
01/31/2021,SJU,PR,ASO,ES,Towers with Radar,133,79,19,5,236,0,45,4,0,49,133,124,23,5,285,0,0,0,285
02/01/2021,SJU,PR,ASO,ES,Towers with Radar,130,58,28,9,225,0,95,22,5,122,130,153,50,14,347,0,0,0,347
02/02/2021,SJU,PR,ASO,ES,Towers with Radar,120,80,19,1,220,0,59,19,0,78,120,139,38,1,298,0,0,0,298
02/03/2021,SJU,PR,ASO,ES,Towers with Radar,132,85,27,8,252,0,83,26,0,109,132,168,53,8,361,0,0,0,361
02/04/2021,SJU,PR,ASO,ES,Towers with Radar,157,100,18,1,276,0,52,11,0,63,157,152,29,1,339,2,0,2,341
02/05/2021,SJU,PR,ASO,ES,Towers with Radar,167,95,18,1,281,0,76,21,0,97,167,171,39,1,378,5,1,6,384
02/06/2021,SJU,PR,ASO,ES,Towers with Radar,145,40,16,2,203,0,71,12,1,84,145,111,28,3,287,0,0,0,287
02/07/2021,SJU,PR,ASO,ES,Towers with Radar,140,37,18,0,195,0,60,9,0,69,140,97,27,0,264,0,0,0,264
02/08/2021,SJU,PR,ASO,ES,Towers with Radar,172,86,13,0,271,0,83,14,0,97,172,169,27,0,368,0,0,0,368
02/09/2021,SJU,PR,ASO,ES,Towers with Radar,131,82,25,0,238,0,72,20,2,94,131,154,45,2,332,6,0,6,338
02/10/2021,SJU,PR,ASO,ES,Towers with Radar,139,85,27,7,258,0,60,16,1,77,139,145,43,8,335,10,0,10,345
02/11/2021,SJU,PR,ASO,ES,Towers with Radar,149,88,34,0,271,0,76,15,2,93,149,164,49,2,364,0,0,0,364
02/12/2021,SJU,PR,ASO,ES,Towers with Radar,196,94,33,2,325,0,94,21,1,116,196,188,54,3,441,4,0,4,445
02/13/2021,SJU,PR,ASO,ES,Towers with Radar,158,43,38,5,244,0,75,26,1,102,158,118,64,6,346,0,0,0,346
02/14/2021,SJU,PR,ASO,ES,Towers with Radar,156,33,24,3,216,0,63,9,0,72,156,96,33,3,288,0,0,0,288
02/15/2021,SJU,PR,ASO,ES,Towers with Radar,157,92,28,4,281,0,80,24,1,105,157,172,52,5,386,0,1,1,387
02/16/2021,SJU,PR,ASO,ES,Towers with Radar,152,72,19,3,246,0,75,14,2,91,152,147,33,5,337,0,0,0,337
02/17/2021,SJU,PR,ASO,ES,Towers with Radar,162,76,17,2,257,0,59,6,2,67,162,135,23,4,324,0,0,0,324
02/18/2021,SJU,PR,ASO,ES,Towers with Radar,153,72,24,4,253,0,72,24,0,96,153,144,48,4,349,8,0,8,357
02/19/2021,SJU,PR,ASO,ES,Towers with Radar,179,76,17,0,272,0,87,20,0,107,179,163,37,0,379,0,0,0,379
02/20/2021,SJU,PR,ASO,ES,Towers with Radar,172,52,10,4,238,0,73,13,0,86,172,125,23,4,324,4,0,4,328
02/21/2021,SJU,PR,ASO,ES,Towers with Radar,162,38,22,1,223,0,54,9,1,64,162,92,31,2,287,0,0,0,287
02/22/2021,SJU,PR,ASO,ES,Towers with Radar,166,100,30,4,300,0,80,30,1,111,166,180,60,5,411,10,0,10,421
02/23/2021,SJU,PR,ASO,ES,Towers with Radar,155,76,25,0,256,0,59,23,2,84,155,135,48,2,340,0,0,0,340
02/24/2021,SJU,PR,ASO,ES,Towers with Radar,151,82,38,2,273,0,67,28,2,97,151,149,66,4,370,0,0,0,370
02/25/2021,SJU,PR,ASO,ES,Towers with Radar,173,80,40,2,295,0,100,20,0,120,173,180,60,2,415,6,0,6,421
02/26/2021,SJU,PR,ASO,ES,Towers with Radar,199,96,22,2,319,4,86,8,0,98,203,182,30,2,417,0,0,0,417
02/27/2021,SJU,PR,ASO,ES,Towers with Radar,172,69,27,3,271,0,87,13,0,100,172,156,40,3,371,0,0,0,371
02/28/2021,SJU,PR,ASO,ES,Towers with Radar,155,42,39,2,238,0,63,17,0,80,155,105,56,2,318,0,0,0,318
03/01/2021,SJU,PR,ASO,ES,Towers with Radar,160,118,19,0,297,0,63,14,1,78,160,181,33,1,375,0,0,0,375
03/02/2021,SJU,PR,ASO,ES,Towers with Radar,156,89,17,0,262,0,64,26,0,90,156,153,43,0,352,0,0,0,352
03/03/2021,SJU,PR,ASO,ES,Towers with Radar,163,86,18,4,271,0,67,25,0,92,163,153,43,4,363,0,0,0,363
03/04/2021,SJU,PR,ASO,ES,Towers with Radar,182,90,22,0,294,0,67,17,1,85,182,157,39,1,379,0,0,0,379
03/05/2021,SJU,PR,ASO,ES,Towers with Radar,170,95,17,0,282,0,96,5,0,101,170,191,22,0,383,0,0,0,383
03/06/2021,SJU,PR,ASO,ES,Towers with Radar,178,66,24,0,268,0,75,23,0,98,178,141,47,0,366,0,0,0,366
03/07/2021,SJU,PR,ASO,ES,Towers with Radar,188,30,24,0,242,0,72,6,0,78,188,102,30,0,320,0,0,0,320
03/08/2021,SJU,PR,ASO,ES,Towers with Radar,177,82,25,2,286,0,86,21,2,109,177,168,46,4,395,0,0,0,395
03/09/2021,SJU,PR,ASO,ES,Towers with Radar,177,86,41,5,309,0,77,40,5,122,177,163,81,10,431,0,0,0,431
03/10/2021,SJU,PR,ASO,ES,Towers with Radar,176,85,18,1,280,0,79,31,0,110,176,164,49,1,390,0,0,0,390
03/11/2021,SJU,PR,ASO,ES,Towers with Radar,206,102,45,1,354,0,83,38,0,121,206,185,83,1,475,0,0,0,475
03/12/2021,SJU,PR,ASO,ES,Towers with Radar,199,81,41,1,322,0,104,27,0,131,199,185,68,1,453,0,0,0,453
03/13/2021,SJU,PR,ASO,ES,Towers with Radar,194,48,24,0,266,0,71,12,0,83,194,119,36,0,349,0,0,0,349
03/14/2021,SJU,PR,ASO,ES,Towers with Radar,189,44,37,0,270,0,77,20,0,97,189,121,57,0,367,0,0,0,367
03/15/2021,SJU,PR,ASO,ES,Towers with Radar,188,91,38,4,321,0,96,34,0,130,188,187,72,4,451,0,0,0,451
03/16/2021,SJU,PR,ASO,ES,Towers with Radar,192,74,41,1,308,0,85,28,0,113,192,159,69,1,421,0,0,0,421
03/17/2021,SJU,PR,ASO,ES,Towers with Radar,194,104,38,1,337,0,80,25,0,105,194,184,63,1,442,0,0,0,442
03/18/2021,SJU,PR,ASO,ES,Towers with Radar,207,98,43,0,348,0,93,34,0,127,207,191,77,0,475,0,0,0,475
03/19/2021,SJU,PR,ASO,ES,Towers with Radar,219,91,41,4,355,0,106,26,0,132,219,197,67,4,487,0,0,0,487
03/20/2021,SJU,PR,ASO,ES,Towers with Radar,208,51,44,5,308,0,105,19,2,126,208,156,63,7,434,0,0,0,434
03/21/2021,SJU,PR,ASO,ES,Towers with Radar,185,36,27,1,249,0,81,13,0,94,185,117,40,1,343,0,0,0,343
03/22/2021,SJU,PR,ASO,ES,Towers with Radar,193,76,24,2,295,0,94,14,0,108,193,170,38,2,403,0,0,0,403
03/23/2021,SJU,PR,ASO,ES,Towers with Radar,204,83,30,4,321,0,100,35,3,138,204,183,65,7,459,10,0,10,469
03/24/2021,SJU,PR,ASO,ES,Towers with Radar,219,97,21,3,340,0,104,16,0,120,219,201,37,3,460,26,0,26,486
03/25/2021,SJU,PR,ASO,ES,Towers with Radar,198,99,43,3,343,0,79,31,2,112,198,178,74,5,455,4,0,4,459
03/26/2021,SJU,PR,ASO,ES,Towers with Radar,211,108,33,2,354,0,126,17,0,143,211,234,50,2,497,0,0,0,497
03/27/2021,SJU,PR,ASO,ES,Towers with Radar,205,48,27,1,281,0,100,35,1,136,205,148,62,2,417,0,0,0,417
03/28/2021,SJU,PR,ASO,ES,Towers with Radar,197,62,44,1,304,0,77,15,1,93,197,139,59,2,397,0,0,0,397
03/29/2021,SJU,PR,ASO,ES,Towers with Radar,220,96,21,7,344,0,92,17,3,112,220,188,38,10,456,0,0,0,456
03/30/2021,SJU,PR,ASO,ES,Towers with Radar,213,89,27,2,331,0,102,21,1,124,213,191,48,3,455,0,0,0,455
03/31/2021,SJU,PR,ASO,ES,Towers with Radar,209,95,20,1,325,0,117,22,1,140,209,212,42,2,465,5,0,5,470
04/01/2021,SJU,PR,ASO,ES,Towers with Radar,210,108,24,0,342,0,103,16,0,119,210,211,40,0,461,9,0,9,470
04/02/2021,SJU,PR,ASO,ES,Towers with Radar,218,78,19,0,315,0,76,14,0,90,218,154,33,0,405,0,0,0,405
04/03/2021,SJU,PR,ASO,ES,Towers with Radar,217,64,25,0,306,0,93,11,0,104,217,157,36,0,410,0,0,0,410
04/04/2021,SJU,PR,ASO,ES,Towers with Radar,203,57,44,0,304,0,105,25,0,130,203,162,69,0,434,0,0,0,434
04/05/2021,SJU,PR,ASO,ES,Towers with Radar,208,80,29,1,318,0,97,27,2,126,208,177,56,3,444,0,0,0,444
04/06/2021,SJU,PR,ASO,ES,Towers with Radar,210,80,36,6,332,0,82,9,4,95,210,162,45,10,427,0,0,0,427
04/07/2021,SJU,PR,ASO,ES,Towers with Radar,211,72,40,0,323,0,85,11,0,96,211,157,51,0,419,0,0,0,419
04/08/2021,SJU,PR,ASO,ES,Towers with Radar,218,111,24,0,353,0,91,25,2,118,218,202,49,2,471,0,0,0,471
04/09/2021,SJU,PR,ASO,ES,Towers with Radar,213,83,35,0,331,0,103,18,0,121,213,186,53,0,452,0,0,0,452
04/10/2021,SJU,PR,ASO,ES,Towers with Radar,209,40,24,3,276,0,103,19,3,125,209,143,43,6,401,0,0,0,401
04/11/2021,SJU,PR,ASO,ES,Towers with Radar,198,44,27,2,271,0,76,12,0,88,198,120,39,2,359,0,0,0,359
04/12/2021,SJU,PR,ASO,ES,Towers with Radar,200,85,27,3,315,0,103,21,1,125,200,188,48,4,440,0,0,0,440
04/13/2021,SJU,PR,ASO,ES,Towers with Radar,212,85,29,5,331,2,81,13,4,100,214,166,42,9,431,0,0,0,431
04/14/2021,SJU,PR,ASO,ES,Towers with Radar,199,95,22,3,319,0,79,16,1,96,199,174,38,4,415,0,0,0,415
04/15/2021,SJU,PR,ASO,ES,Towers with Radar,198,83,34,4,319,0,87,30,0,117,198,170,64,4,436,0,0,0,436
04/16/2021,SJU,PR,ASO,ES,Towers with Radar,207,78,21,0,306,0,94,22,3,119,207,172,43,3,425,0,0,0,425
04/17/2021,SJU,PR,ASO,ES,Towers with Radar,217,37,15,6,275,0,87,10,1,98,217,124,25,7,373,0,0,0,373
04/18/2021,SJU,PR,ASO,ES,Towers with Radar,200,36,24,1,261,0,61,11,0,72,200,97,35,1,333,6,0,6,339
04/19/2021,SJU,PR,ASO,ES,Towers with Radar,195,81,32,0,308,0,84,24,0,108,195,165,56,0,416,0,0,0,416
04/20/2021,SJU,PR,ASO,ES,Towers with Radar,195,82,22,0,299,0,87,19,1,107,195,169,41,1,406,4,0,4,410
04/21/2021,SJU,PR,ASO,ES,Towers with Radar,201,86,23,3,313,0,94,22,1,117,201,180,45,4,430,0,2,2,432
04/22/2021,SJU,PR,ASO,ES,Towers with Radar,206,94,27,1,328,0,87,15,2,104,206,181,42,3,432,0,0,0,432
04/23/2021,SJU,PR,ASO,ES,Towers with Radar,209,97,30,3,339,0,123,37,1,161,209,220,67,4,500,6,0,6,506
04/24/2021,SJU,PR,ASO,ES,Towers with Radar,203,39,15,6,263,0,104,7,1,112,203,143,22,7,375,0,0,0,375
04/25/2021,SJU,PR,ASO,ES,Towers with Radar,211,41,24,1,277,0,83,11,1,95,211,124,35,2,372,0,0,0,372
04/26/2021,SJU,PR,ASO,ES,Towers with Radar,206,102,31,2,341,0,100,20,3,123,206,202,51,5,464,0,0,0,464
04/27/2021,SJU,PR,ASO,ES,Towers with Radar,201,84,10,0,295,0,87,7,1,95,201,171,17,1,390,2,0,2,392
04/28/2021,SJU,PR,ASO,ES,Towers with Radar,204,105,25,1,335,0,85,13,0,98,204,190,38,1,433,0,0,0,433
04/29/2021,SJU,PR,ASO,ES,Towers with Radar,190,91,22,3,306,0,73,3,1,77,190,164,25,4,383,0,0,0,383
04/30/2021,SJU,PR,ASO,ES,Towers with Radar,210,85,22,1,318,0,98,9,0,107,210,183,31,1,425,0,0,0,425
05/01/2021,SJU,PR,ASO,ES,Towers with Radar,214,47,14,1,276,0,87,18,0,105,214,134,32,1,381,0,0,0,381
05/02/2021,SJU,PR,ASO,ES,Towers with Radar,186,40,16,0,242,0,71,5,0,76,186,111,21,0,318,0,0,0,318
05/03/2021,SJU,PR,ASO,ES,Towers with Radar,193,85,19,0,297,0,88,10,0,98,193,173,29,0,395,0,0,0,395
05/04/2021,SJU,PR,ASO,ES,Towers with Radar,185,91,33,0,309,0,106,11,0,117,185,197,44,0,426,6,0,6,432
05/05/2021,SJU,PR,ASO,ES,Towers with Radar,193,87,33,8,321,0,80,14,8,102,193,167,47,16,423,0,0,0,423
05/06/2021,SJU,PR,ASO,ES,Towers with Radar,221,93,30,7,351,0,89,7,2,98,221,182,37,9,449,0,0,0,449
05/07/2021,SJU,PR,ASO,ES,Towers with Radar,235,90,28,2,355,0,104,28,2,134,235,194,56,4,489,8,0,8,497
05/08/2021,SJU,PR,ASO,ES,Towers with Radar,254,38,19,1,312,0,79,8,2,89,254,117,27,3,401,8,0,8,409
05/09/2021,SJU,PR,ASO,ES,Towers with Radar,231,36,20,3,290,0,74,4,0,78,231,110,24,3,368,0,0,0,368
05/10/2021,SJU,PR,ASO,ES,Towers with Radar,224,101,24,5,354,0,76,11,4,91,224,177,35,9,445,6,0,6,451
05/11/2021,SJU,PR,ASO,ES,Towers with Radar,253,93,11,3,360,0,80,17,1,98,253,173,28,4,458,0,0,0,458
05/12/2021,SJU,PR,ASO,ES,Towers with Radar,266,104,33,4,407,0,101,17,0,118,266,205,50,4,525,1,0,1,526
05/13/2021,SJU,PR,ASO,ES,Towers with Radar,229,80,30,5,344,0,93,18,3,114,229,173,48,8,458,18,0,18,476
05/14/2021,SJU,PR,ASO,ES,Towers with Radar,252,100,16,1,369,0,111,12,1,124,252,211,28,2,493,8,0,8,501
05/15/2021,SJU,PR,ASO,ES,Towers with Radar,255,43,18,2,318,0,88,11,1,100,255,131,29,3,418,0,0,0,418
05/16/2021,SJU,PR,ASO,ES,Towers with Radar,220,33,22,0,275,0,94,8,2,104,220,127,30,2,379,0,0,0,379
05/17/2021,SJU,PR,ASO,ES,Towers with Radar,226,76,25,4,331,8,78,8,1,95,234,154,33,5,426,0,0,0,426
05/18/2021,SJU,PR,ASO,ES,Towers with Radar,240,86,27,1,354,20,74,16,8,118,260,160,43,9,472,1,1,2,474
05/19/2021,SJU,PR,ASO,ES,Towers with Radar,238,85,23,1,347,13,95,14,0,122,251,180,37,1,469,0,0,0,469
05/20/2021,SJU,PR,ASO,ES,Towers with Radar,234,83,31,2,350,0,84,30,1,115,234,167,61,3,465,8,0,8,473
05/21/2021,SJU,PR,ASO,ES,Towers with Radar,240,96,16,0,352,0,94,17,3,114,240,190,33,3,466,0,0,0,466
05/22/2021,SJU,PR,ASO,ES,Towers with Radar,255,44,9,1,309,0,83,14,0,97,255,127,23,1,406,0,0,0,406
05/23/2021,SJU,PR,ASO,ES,Towers with Radar,230,58,30,1,319,0,58,10,0,68,230,116,40,1,387,0,0,0,387
05/24/2021,SJU,PR,ASO,ES,Towers with Radar,233,79,21,0,333,0,91,16,0,107,233,170,37,0,440,0,0,0,440
05/25/2021,SJU,PR,ASO,ES,Towers with Radar,234,88,29,0,351,0,96,24,2,122,234,184,53,2,473,0,0,0,473
05/26/2021,SJU,PR,ASO,ES,Towers with Radar,244,81,18,2,345,0,101,4,3,108,244,182,22,5,453,7,0,7,460
05/27/2021,SJU,PR,ASO,ES,Towers with Radar,228,79,24,2,333,0,104,17,0,121,228,183,41,2,454,0,0,0,454
05/28/2021,SJU,PR,ASO,ES,Towers with Radar,248,103,26,3,380,0,108,21,3,132,248,211,47,6,512,0,0,0,512
05/29/2021,SJU,PR,ASO,ES,Towers with Radar,260,44,16,1,321,0,116,12,0,128,260,160,28,1,449,0,0,0,449
05/30/2021,SJU,PR,ASO,ES,Towers with Radar,217,30,15,0,262,0,92,5,0,97,217,122,20,0,359,0,0,0,359
05/31/2021,SJU,PR,ASO,ES,Towers with Radar,235,66,28,2,331,0,98,11,0,109,235,164,39,2,440,0,0,0,440
06/01/2021,SJU,PR,ASO,ES,Towers with Radar,241,65,35,0,341,0,117,24,0,141,241,182,59,0,482,6,0,6,488
06/02/2021,SJU,PR,ASO,ES,Towers with Radar,224,77,32,9,342,0,80,14,3,97,224,157,46,12,439,1,0,1,440
06/03/2021,SJU,PR,ASO,ES,Towers with Radar,233,96,19,1,349,0,78,20,2,100,233,174,39,3,449,1,1,2,451
06/04/2021,SJU,PR,ASO,ES,Towers with Radar,305,102,15,0,422,0,103,27,2,132,305,205,42,2,554,2,0,2,556
06/05/2021,SJU,PR,ASO,ES,Towers with Radar,260,57,20,1,338,0,72,14,1,87,260,129,34,2,425,4,0,4,429
06/06/2021,SJU,PR,ASO,ES,Towers with Radar,250,48,23,1,322,0,80,5,2,87,250,128,28,3,409,5,0,5,414
06/07/2021,SJU,PR,ASO,ES,Towers with Radar,255,105,28,4,392,0,96,22,4,122,255,201,50,8,514,13,0,13,527
06/08/2021,SJU,PR,ASO,ES,Towers with Radar,253,87,31,1,372,0,87,16,0,103,253,174,47,1,475,0,0,0,475
06/09/2021,SJU,PR,ASO,ES,Towers with Radar,256,106,22,5,389,0,72,17,1,90,256,178,39,6,479,3,0,3,482
06/10/2021,SJU,PR,ASO,ES,Towers with Radar,222,113,17,2,354,0,48,9,0,57,222,161,26,2,411,0,0,0,411
06/11/2021,SJU,PR,ASO,ES,Towers with Radar,244,98,22,2,366,0,78,11,2,91,244,176,33,4,457,0,0,0,457
06/12/2021,SJU,PR,ASO,ES,Towers with Radar,245,45,13,5,308,0,79,11,4,94,245,124,24,9,402,0,0,0,402
06/13/2021,SJU,PR,ASO,ES,Towers with Radar,239,48,19,0,306,0,91,11,0,102,239,139,30,0,408,0,0,0,408
06/14/2021,SJU,PR,ASO,ES,Towers with Radar,227,96,34,10,367,0,94,9,4,107,227,190,43,14,474,0,0,0,474
06/15/2021,SJU,PR,ASO,ES,Towers with Radar,232,87,37,0,356,0,114,33,1,148,232,201,70,1,504,14,0,14,518
06/16/2021,SJU,PR,ASO,ES,Towers with Radar,249,76,26,1,352,0,95,8,2,105,249,171,34,3,457,0,0,0,457
06/17/2021,SJU,PR,ASO,ES,Towers with Radar,239,87,20,5,351,0,85,11,1,97,239,172,31,6,448,0,0,0,448
06/18/2021,SJU,PR,ASO,ES,Towers with Radar,271,102,30,7,410,0,120,30,6,156,271,222,60,13,566,6,0,6,572
06/19/2021,SJU,PR,ASO,ES,Towers with Radar,251,59,21,3,334,4,81,13,1,99,255,140,34,4,433,0,0,0,433
06/20/2021,SJU,PR,ASO,ES,Towers with Radar,246,52,15,2,315,0,81,3,0,84,246,133,18,2,399,0,0,0,399
06/21/2021,SJU,PR,ASO,ES,Towers with Radar,230,85,26,2,343,0,99,18,1,118,230,184,44,3,461,4,0,4,465
06/22/2021,SJU,PR,ASO,ES,Towers with Radar,243,104,29,6,382,0,93,8,3,104,243,197,37,9,486,0,0,0,486
06/23/2021,SJU,PR,ASO,ES,Towers with Radar,253,96,42,13,404,0,90,20,1,111,253,186,62,14,515,29,0,29,544
06/24/2021,SJU,PR,ASO,ES,Towers with Radar,242,111,34,4,391,0,105,14,2,121,242,216,48,6,512,12,0,12,524
06/25/2021,SJU,PR,ASO,ES,Towers with Radar,242,99,27,1,369,0,92,33,1,126,242,191,60,2,495,5,0,5,500
06/26/2021,SJU,PR,ASO,ES,Towers with Radar,264,47,26,0,337,0,82,9,0,91,264,129,35,0,428,6,0,6,434
06/27/2021,SJU,PR,ASO,ES,Towers with Radar,242,47,28,4,321,0,88,7,1,96,242,135,35,5,417,6,0,6,423
06/28/2021,SJU,PR,ASO,ES,Towers with Radar,238,96,26,0,360,0,91,18,0,109,238,187,44,0,469,0,0,0,469
06/29/2021,SJU,PR,ASO,ES,Towers with Radar,265,93,24,1,383,0,92,23,0,115,265,185,47,1,498,0,0,0,498
06/30/2021,SJU,PR,ASO,ES,Towers with Radar,260,109,24,0,393,0,95,22,0,117,260,204,46,0,510,0,0,0,510
07/01/2021,SJU,PR,ASO,ES,Towers with Radar,239,96,25,1,361,0,73,21,0,94,239,169,46,1,455,0,0,0,455
07/02/2021,SJU,PR,ASO,ES,Towers with Radar,253,77,23,1,354,0,93,15,0,108,253,170,38,1,462,0,0,0,462
07/03/2021,SJU,PR,ASO,ES,Towers with Radar,244,49,10,0,303,0,74,11,0,85,244,123,21,0,388,0,0,0,388
07/04/2021,SJU,PR,ASO,ES,Towers with Radar,225,40,13,0,278,0,67,9,0,76,225,107,22,0,354,0,0,0,354
07/05/2021,SJU,PR,ASO,ES,Towers with Radar,231,68,19,0,318,0,108,10,1,119,231,176,29,1,437,0,1,1,438
07/06/2021,SJU,PR,ASO,ES,Towers with Radar,229,81,16,1,327,0,104,21,1,126,229,185,37,2,453,8,0,8,461
07/07/2021,SJU,PR,ASO,ES,Towers with Radar,243,86,21,1,351,0,84,17,1,102,243,170,38,2,453,0,0,0,453
07/08/2021,SJU,PR,ASO,ES,Towers with Radar,248,94,14,5,361,0,105,18,2,125,248,199,32,7,486,23,0,23,509
07/09/2021,SJU,PR,ASO,ES,Towers with Radar,262,95,15,5,377,0,91,30,7,128,262,186,45,12,505,0,0,0,505
07/10/2021,SJU,PR,ASO,ES,Towers with Radar,250,49,12,9,320,0,89,12,5,106,250,138,24,14,426,6,0,6,432
07/11/2021,SJU,PR,ASO,ES,Towers with Radar,250,43,15,0,308,0,79,11,4,94,250,122,26,4,402,0,0,0,402
07/12/2021,SJU,PR,ASO,ES,Towers with Radar,237,108,18,0,363,0,109,23,2,134,237,217,41,2,497,0,0,0,497
07/13/2021,SJU,PR,ASO,ES,Towers with Radar,253,85,28,3,369,0,82,25,7,114,253,167,53,10,483,0,0,0,483
07/14/2021,SJU,PR,ASO,ES,Towers with Radar,264,81,23,7,375,0,103,16,3,122,264,184,39,10,497,0,0,0,497
07/15/2021,SJU,PR,ASO,ES,Towers with Radar,240,91,27,3,361,0,98,28,2,128,240,189,55,5,489,0,0,0,489
07/16/2021,SJU,PR,ASO,ES,Towers with Radar,247,96,10,1,354,0,100,19,3,122,247,196,29,4,476,0,0,0,476
07/17/2021,SJU,PR,ASO,ES,Towers with Radar,238,52,23,2,315,0,78,19,1,98,238,130,42,3,413,0,1,1,414
07/18/2021,SJU,PR,ASO,ES,Towers with Radar,240,45,14,4,303,0,77,7,4,88,240,122,21,8,391,0,0,0,391
07/19/2021,SJU,PR,ASO,ES,Towers with Radar,250,104,20,5,379,0,89,21,4,114,250,193,41,9,493,0,0,0,493
07/20/2021,SJU,PR,ASO,ES,Towers with Radar,242,100,15,1,358,0,87,15,1,103,242,187,30,2,461,0,0,0,461
07/21/2021,SJU,PR,ASO,ES,Towers with Radar,255,74,24,1,354,0,88,27,0,115,255,162,51,1,469,0,0,0,469
07/22/2021,SJU,PR,ASO,ES,Towers with Radar,249,89,18,0,356,0,92,22,4,118,249,181,40,4,474,14,0,14,488
07/23/2021,SJU,PR,ASO,ES,Towers with Radar,262,102,24,0,388,0,85,14,1,100,262,187,38,1,488,0,0,0,488
07/24/2021,SJU,PR,ASO,ES,Towers with Radar,275,75,31,0,381,0,60,9,0,69,275,135,40,0,450,0,0,0,450
07/25/2021,SJU,PR,ASO,ES,Towers with Radar,241,46,18,0,305,0,66,9,0,75,241,112,27,0,380,0,0,0,380
07/26/2021,SJU,PR,ASO,ES,Towers with Radar,247,85,20,0,352,0,96,20,0,116,247,181,40,0,468,0,0,0,468
07/27/2021,SJU,PR,ASO,ES,Towers with Radar,274,92,38,1,405,0,106,14,2,122,274,198,52,3,527,5,0,5,532
07/28/2021,SJU,PR,ASO,ES,Towers with Radar,253,82,10,1,346,0,74,8,3,85,253,156,18,4,431,0,0,0,431
07/29/2021,SJU,PR,ASO,ES,Towers with Radar,251,92,32,0,375,0,89,34,0,123,251,181,66,0,498,0,0,0,498
07/30/2021,SJU,PR,ASO,ES,Towers with Radar,246,94,19,0,359,0,122,28,4,154,246,216,47,4,513,0,0,0,513
07/31/2021,SJU,PR,ASO,ES,Towers with Radar,270,56,27,0,353,0,84,31,0,115,270,140,58,0,468,0,0,0,468
08/01/2021,SJU,PR,ASO,ES,Towers with Radar,213,40,16,1,270,0,78,14,0,92,213,118,30,1,362,0,0,0,362
08/02/2021,SJU,PR,ASO,ES,Towers with Radar,205,80,13,0,298,0,103,24,0,127,205,183,37,0,425,0,0,0,425
08/03/2021,SJU,PR,ASO,ES,Towers with Radar,220,73,21,0,314,0,81,21,0,102,220,154,42,0,416,8,0,8,424
08/04/2021,SJU,PR,ASO,ES,Towers with Radar,194,87,15,4,300,0,93,11,0,104,194,180,26,4,404,0,0,0,404
08/05/2021,SJU,PR,ASO,ES,Towers with Radar,213,94,22,1,330,0,97,21,3,121,213,191,43,4,451,4,0,4,455
08/06/2021,SJU,PR,ASO,ES,Towers with Radar,225,101,17,0,343,0,109,18,0,127,225,210,35,0,470,0,0,0,470
08/07/2021,SJU,PR,ASO,ES,Towers with Radar,227,49,6,0,282,0,88,20,0,108,227,137,26,0,390,0,0,0,390
08/08/2021,SJU,PR,ASO,ES,Towers with Radar,223,60,16,1,300,0,69,12,0,81,223,129,28,1,381,0,0,0,381
08/09/2021,SJU,PR,ASO,ES,Towers with Radar,240,110,25,1,376,0,84,24,1,109,240,194,49,2,485,0,0,0,485
08/10/2021,SJU,PR,ASO,ES,Towers with Radar,251,74,13,3,341,0,61,10,0,71,251,135,23,3,412,0,0,0,412
08/11/2021,SJU,PR,ASO,ES,Towers with Radar,236,78,10,0,324,0,78,14,0,92,236,156,24,0,416,0,0,0,416
08/12/2021,SJU,PR,ASO,ES,Towers with Radar,238,94,27,3,362,0,86,19,2,107,238,180,46,5,469,0,0,0,469
08/13/2021,SJU,PR,ASO,ES,Towers with Radar,247,105,23,0,375,0,102,11,2,115,247,207,34,2,490,15,0,15,505
08/14/2021,SJU,PR,ASO,ES,Towers with Radar,251,50,9,0,310,0,80,6,0,86,251,130,15,0,396,12,0,12,408
08/15/2021,SJU,PR,ASO,ES,Towers with Radar,230,11,7,1,249,0,13,0,0,13,230,24,7,1,262,0,0,0,262
08/16/2021,SJU,PR,ASO,ES,Towers with Radar,221,106,18,0,345,0,105,14,0,119,221,211,32,0,464,0,0,0,464
08/17/2021,SJU,PR,ASO,ES,Towers with Radar,226,83,13,5,327,0,78,17,1,96,226,161,30,6,423,2,0,2,425
08/18/2021,SJU,PR,ASO,ES,Towers with Radar,223,73,20,1,317,0,85,18,0,103,223,158,38,1,420,0,0,0,420
08/19/2021,SJU,PR,ASO,ES,Towers with Radar,222,100,16,1,339,0,77,25,1,103,222,177,41,2,442,0,0,0,442
08/20/2021,SJU,PR,ASO,ES,Towers with Radar,228,95,20,4,347,0,99,23,2,124,228,194,43,6,471,0,0,0,471
08/21/2021,SJU,PR,ASO,ES,Towers with Radar,231,50,8,0,289,0,69,19,0,88,231,119,27,0,377,2,0,2,379
08/22/2021,SJU,PR,ASO,ES,Towers with Radar,209,35,16,3,263,0,69,3,0,72,209,104,19,3,335,0,0,0,335
08/23/2021,SJU,PR,ASO,ES,Towers with Radar,224,80,10,1,315,0,83,13,1,97,224,163,23,2,412,0,0,0,412
08/24/2021,SJU,PR,ASO,ES,Towers with Radar,218,67,15,2,302,0,83,17,1,101,218,150,32,3,403,0,3,3,406
08/25/2021,SJU,PR,ASO,ES,Towers with Radar,226,71,15,0,312,0,83,18,0,101,226,154,33,0,413,0,0,0,413
08/26/2021,SJU,PR,ASO,ES,Towers with Radar,212,99,32,0,343,0,77,22,0,99,212,176,54,0,442,16,0,16,458
08/27/2021,SJU,PR,ASO,ES,Towers with Radar,237,80,21,1,339,0,82,25,1,108,237,162,46,2,447,1,0,1,448
08/28/2021,SJU,PR,ASO,ES,Towers with Radar,229,38,13,1,281,0,75,2,0,77,229,113,15,1,358,0,0,0,358
08/29/2021,SJU,PR,ASO,ES,Towers with Radar,200,29,15,0,244,0,66,6,0,72,200,95,21,0,316,0,0,0,316
08/30/2021,SJU,PR,ASO,ES,Towers with Radar,217,80,35,2,334,0,86,24,1,111,217,166,59,3,445,0,0,0,445
08/31/2021,SJU,PR,ASO,ES,Towers with Radar,224,76,22,3,325,0,80,14,3,97,224,156,36,6,422,0,0,0,422
09/01/2021,SJU,PR,ASO,ES,Towers with Radar,236,78,28,3,345,0,77,16,2,95,236,155,44,5,440,0,0,0,440
09/02/2021,SJU,PR,ASO,ES,Towers with Radar,203,89,26,1,319,0,77,25,2,104,203,166,51,3,423,14,0,14,437
09/03/2021,SJU,PR,ASO,ES,Towers with Radar,233,89,21,0,343,0,96,26,0,122,233,185,47,0,465,0,0,0,465
09/04/2021,SJU,PR,ASO,ES,Towers with Radar,219,50,15,6,290,0,57,5,1,63,219,107,20,7,353,0,0,0,353
09/05/2021,SJU,PR,ASO,ES,Towers with Radar,212,26,9,9,256,0,65,17,1,83,212,91,26,10,339,0,0,0,339
09/06/2021,SJU,PR,ASO,ES,Towers with Radar,210,55,28,0,293,0,89,15,1,105,210,144,43,1,398,0,0,0,398
09/07/2021,SJU,PR,ASO,ES,Towers with Radar,202,75,28,0,305,0,107,14,0,121,202,182,42,0,426,0,0,0,426
09/08/2021,SJU,PR,ASO,ES,Towers with Radar,187,67,19,0,273,0,73,28,0,101,187,140,47,0,374,10,0,10,384
09/09/2021,SJU,PR,ASO,ES,Towers with Radar,203,81,15,2,301,0,86,21,0,107,203,167,36,2,408,0,0,0,408
09/10/2021,SJU,PR,ASO,ES,Towers with Radar,190,90,14,0,294,0,79,25,1,105,190,169,39,1,399,6,0,6,405
09/11/2021,SJU,PR,ASO,ES,Towers with Radar,207,51,10,1,269,0,61,9,0,70,207,112,19,1,339,0,0,0,339
09/12/2021,SJU,PR,ASO,ES,Towers with Radar,157,31,10,2,200,0,58,5,3,66,157,89,15,5,266,0,0,0,266
09/13/2021,SJU,PR,ASO,ES,Towers with Radar,187,79,14,1,281,0,71,14,0,85,187,150,28,1,366,6,0,6,372
09/14/2021,SJU,PR,ASO,ES,Towers with Radar,178,86,12,1,277,0,76,14,0,90,178,162,26,1,367,2,0,2,369
09/15/2021,SJU,PR,ASO,ES,Towers with Radar,187,80,19,1,287,0,58,21,0,79,187,138,40,1,366,0,0,0,366
09/16/2021,SJU,PR,ASO,ES,Towers with Radar,191,95,26,3,315,0,62,18,2,82,191,157,44,5,397,0,0,0,397
09/17/2021,SJU,PR,ASO,ES,Towers with Radar,194,82,16,0,292,0,81,19,2,102,194,163,35,2,394,0,0,0,394
09/18/2021,SJU,PR,ASO,ES,Towers with Radar,198,42,10,1,251,0,63,7,0,70,198,105,17,1,321,0,0,0,321
09/19/2021,SJU,PR,ASO,ES,Towers with Radar,168,29,9,0,206,0,54,5,2,61,168,83,14,2,267,1,0,1,268
09/20/2021,SJU,PR,ASO,ES,Towers with Radar,192,86,31,2,311,0,71,29,3,103,192,157,60,5,414,0,0,0,414
09/21/2021,SJU,PR,ASO,ES,Towers with Radar,180,88,29,0,297,0,56,10,0,66,180,144,39,0,363,0,0,0,363
09/22/2021,SJU,PR,ASO,ES,Towers with Radar,189,77,18,2,286,0,81,11,4,96,189,158,29,6,382,0,0,0,382
09/23/2021,SJU,PR,ASO,ES,Towers with Radar,184,84,24,2,294,0,73,19,1,93,184,157,43,3,387,0,0,0,387
09/24/2021,SJU,PR,ASO,ES,Towers with Radar,188,81,15,1,285,0,77,16,0,93,188,158,31,1,378,0,0,0,378
09/25/2021,SJU,PR,ASO,ES,Towers with Radar,191,30,13,1,235,0,61,3,0,64,191,91,16,1,299,0,0,0,299
09/26/2021,SJU,PR,ASO,ES,Towers with Radar,176,23,13,2,214,0,69,6,0,75,176,92,19,2,289,0,0,0,289
09/27/2021,SJU,PR,ASO,ES,Towers with Radar,174,78,24,1,277,0,68,14,1,83,174,146,38,2,360,0,0,0,360
09/28/2021,SJU,PR,ASO,ES,Towers with Radar,181,70,16,2,269,0,73,14,0,87,181,143,30,2,356,2,0,2,358
09/29/2021,SJU,PR,ASO,ES,Towers with Radar,179,71,13,5,268,0,65,10,1,76,179,136,23,6,344,16,0,16,360
09/30/2021,SJU,PR,ASO,ES,Towers with Radar,214,83,20,4,321,0,78,19,2,99,214,161,39,6,420,4,0,4,424
10/01/2021,SJU,PR,ASO,ES,Towers with Radar,201,78,25,0,304,0,88,23,0,111,201,166,48,0,415,0,0,0,415
10/02/2021,SJU,PR,ASO,ES,Towers with Radar,184,42,27,0,253,0,71,11,0,82,184,113,38,0,335,0,0,0,335
10/03/2021,SJU,PR,ASO,ES,Towers with Radar,175,55,17,1,248,0,65,9,1,75,175,120,26,2,323,0,0,0,323
10/04/2021,SJU,PR,ASO,ES,Towers with Radar,188,98,19,13,318,0,89,12,4,105,188,187,31,17,423,0,0,0,423
10/05/2021,SJU,PR,ASO,ES,Towers with Radar,175,84,33,0,292,0,66,19,1,86,175,150,52,1,378,0,0,0,378
10/06/2021,SJU,PR,ASO,ES,Towers with Radar,181,98,22,0,301,0,75,12,0,87,181,173,34,0,388,0,0,0,388
10/07/2021,SJU,PR,ASO,ES,Towers with Radar,196,83,28,0,307,0,84,9,2,95,196,167,37,2,402,6,0,6,408
10/08/2021,SJU,PR,ASO,ES,Towers with Radar,192,90,22,5,309,0,89,22,1,112,192,179,44,6,421,0,0,0,421
10/09/2021,SJU,PR,ASO,ES,Towers with Radar,201,46,13,1,261,0,67,13,0,80,201,113,26,1,341,0,0,0,341
10/10/2021,SJU,PR,ASO,ES,Towers with Radar,179,37,9,0,225,0,54,5,0,59,179,91,14,0,284,0,0,0,284
10/11/2021,SJU,PR,ASO,ES,Towers with Radar,183,85,18,0,286,0,61,17,0,78,183,146,35,0,364,0,0,0,364
10/12/2021,SJU,PR,ASO,ES,Towers with Radar,186,77,15,0,278,0,69,16,0,85,186,146,31,0,363,0,0,0,363
10/13/2021,SJU,PR,ASO,ES,Towers with Radar,197,79,23,4,303,0,74,17,1,92,197,153,40,5,395,0,0,0,395
10/14/2021,SJU,PR,ASO,ES,Towers with Radar,199,77,17,1,294,0,82,14,0,96,199,159,31,1,390,0,0,0,390
10/15/2021,SJU,PR,ASO,ES,Towers with Radar,194,99,24,0,317,0,88,19,2,109,194,187,43,2,426,0,0,0,426
10/16/2021,SJU,PR,ASO,ES,Towers with Radar,200,58,13,1,272,0,58,12,2,72,200,116,25,3,344,0,0,0,344
10/17/2021,SJU,PR,ASO,ES,Towers with Radar,179,44,15,3,241,0,60,13,1,74,179,104,28,4,315,0,0,0,315
10/18/2021,SJU,PR,ASO,ES,Towers with Radar,189,92,27,1,309,0,90,26,2,118,189,182,53,3,427,0,0,0,427
10/19/2021,SJU,PR,ASO,ES,Towers with Radar,189,79,20,3,291,0,88,22,1,111,189,167,42,4,402,6,0,6,408
10/20/2021,SJU,PR,ASO,ES,Towers with Radar,208,70,27,0,305,0,72,13,1,86,208,142,40,1,391,0,0,0,391
10/21/2021,SJU,PR,ASO,ES,Towers with Radar,198,91,28,13,330,0,88,20,1,109,198,179,48,14,439,0,0,0,439
10/22/2021,SJU,PR,ASO,ES,Towers with Radar,200,81,19,0,300,0,84,20,0,104,200,165,39,0,404,2,0,2,406
10/23/2021,SJU,PR,ASO,ES,Towers with Radar,208,42,30,2,282,0,84,17,1,102,208,126,47,3,384,0,0,0,384
10/24/2021,SJU,PR,ASO,ES,Towers with Radar,184,43,23,0,250,0,76,3,0,79,184,119,26,0,329,0,0,0,329
10/25/2021,SJU,PR,ASO,ES,Towers with Radar,191,89,28,0,308,0,70,21,0,91,191,159,49,0,399,0,0,0,399
10/26/2021,SJU,PR,ASO,ES,Towers with Radar,192,62,16,0,270,0,96,16,0,112,192,158,32,0,382,6,0,6,388
10/27/2021,SJU,PR,ASO,ES,Towers with Radar,182,74,22,11,289,0,87,12,1,100,182,161,34,12,389,0,0,0,389
10/28/2021,SJU,PR,ASO,ES,Towers with Radar,191,82,18,3,294,0,90,19,1,110,191,172,37,4,404,0,0,0,404
10/29/2021,SJU,PR,ASO,ES,Towers with Radar,195,91,29,2,317,2,85,23,0,110,197,176,52,2,427,0,0,0,427
10/30/2021,SJU,PR,ASO,ES,Towers with Radar,186,57,22,7,272,0,83,17,0,100,186,140,39,7,372,0,0,0,372
10/31/2021,SJU,PR,ASO,ES,Towers with Radar,170,42,16,1,229,0,68,15,0,83,170,110,31,1,312,0,0,0,312
11/01/2021,SJU,PR,ASO,ES,Towers with Radar,183,65,32,0,280,0,99,33,0,132,183,164,65,0,412,6,0,6,418
11/02/2021,SJU,PR,ASO,ES,Towers with Radar,189,84,35,0,308,0,105,33,0,138,189,189,68,0,446,6,0,6,452
11/03/2021,SJU,PR,ASO,ES,Towers with Radar,182,79,32,2,295,0,112,15,0,127,182,191,47,2,422,0,0,0,422
11/04/2021,SJU,PR,ASO,ES,Towers with Radar,196,84,40,0,320,0,110,27,1,138,196,194,67,1,458,0,0,0,458
11/05/2021,SJU,PR,ASO,ES,Towers with Radar,205,95,35,2,337,0,90,33,1,124,205,185,68,3,461,0,0,0,461
11/06/2021,SJU,PR,ASO,ES,Towers with Radar,181,50,16,1,248,0,89,10,0,99,181,139,26,1,347,0,0,0,347
11/07/2021,SJU,PR,ASO,ES,Towers with Radar,170,48,27,2,247,0,92,15,0,107,170,140,42,2,354,0,0,0,354
11/08/2021,SJU,PR,ASO,ES,Towers with Radar,193,85,30,2,310,0,122,18,0,140,193,207,48,2,450,0,0,0,450
11/09/2021,SJU,PR,ASO,ES,Towers with Radar,174,76,35,11,296,0,118,23,3,144,174,194,58,14,440,6,0,6,446
11/10/2021,SJU,PR,ASO,ES,Towers with Radar,185,72,44,4,305,0,110,28,2,140,185,182,72,6,445,7,0,7,452
11/11/2021,SJU,PR,ASO,ES,Towers with Radar,189,66,26,4,285,0,123,19,1,143,189,189,45,5,428,4,0,4,432
11/12/2021,SJU,PR,ASO,ES,Towers with Radar,202,106,20,2,330,0,102,22,1,125,202,208,42,3,455,2,0,2,457
11/13/2021,SJU,PR,ASO,ES,Towers with Radar,208,47,26,1,282,0,101,13,1,115,208,148,39,2,397,0,0,0,397
11/14/2021,SJU,PR,ASO,ES,Towers with Radar,181,47,29,0,257,0,85,8,0,93,181,132,37,0,350,0,0,0,350
11/15/2021,SJU,PR,ASO,ES,Towers with Radar,197,88,27,1,313,0,101,7,1,109,197,189,34,2,422,0,0,0,422
11/16/2021,SJU,PR,ASO,ES,Towers with Radar,173,87,34,2,296,0,113,22,3,138,173,200,56,5,434,25,0,25,459
11/17/2021,SJU,PR,ASO,ES,Towers with Radar,189,96,23,0,308,0,104,36,6,146,189,200,59,6,454,0,0,0,454
11/18/2021,SJU,PR,ASO,ES,Towers with Radar,196,119,38,2,355,0,134,19,1,154,196,253,57,3,509,0,0,0,509
11/19/2021,SJU,PR,ASO,ES,Towers with Radar,221,105,38,2,366,0,124,39,0,163,221,229,77,2,529,0,0,0,529
11/20/2021,SJU,PR,ASO,ES,Towers with Radar,213,54,29,0,296,0,125,18,1,144,213,179,47,1,440,0,0,0,440
11/21/2021,SJU,PR,ASO,ES,Towers with Radar,197,49,35,1,282,0,119,24,0,143,197,168,59,1,425,0,0,0,425
11/22/2021,SJU,PR,ASO,ES,Towers with Radar,215,89,25,5,334,0,106,22,1,129,215,195,47,6,463,14,0,14,477
11/23/2021,SJU,PR,ASO,ES,Towers with Radar,217,85,25,1,328,0,107,21,0,128,217,192,46,1,456,58,0,58,514
11/24/2021,SJU,PR,ASO,ES,Towers with Radar,216,80,28,0,324,0,123,6,0,129,216,203,34,0,453,0,0,0,453
11/25/2021,SJU,PR,ASO,ES,Towers with Radar,168,64,23,0,255,0,70,6,1,77,168,134,29,1,332,0,0,0,332
11/26/2021,SJU,PR,ASO,ES,Towers with Radar,176,90,22,1,289,0,99,12,0,111,176,189,34,1,400,16,0,16,416
11/27/2021,SJU,PR,ASO,ES,Towers with Radar,215,63,30,1,309,0,122,25,1,148,215,185,55,2,457,0,0,0,457
11/28/2021,SJU,PR,ASO,ES,Towers with Radar,201,57,49,1,308,0,119,26,1,146,201,176,75,2,454,0,0,0,454
11/29/2021,SJU,PR,ASO,ES,Towers with Radar,217,89,29,4,339,0,131,15,1,147,217,220,44,5,486,0,0,0,486
11/30/2021,SJU,PR,ASO,ES,Towers with Radar,207,113,22,3,345,0,97,25,0,122,207,210,47,3,467,0,0,0,467
12/01/2021,SJU,PR,ASO,ES,Towers with Radar,221,116,28,2,367,0,88,23,3,114,221,204,51,5,481,0,0,0,481
12/02/2021,SJU,PR,ASO,ES,Towers with Radar,213,92,49,1,355,0,126,35,2,163,213,218,84,3,518,6,0,6,524
12/03/2021,SJU,PR,ASO,ES,Towers with Radar,221,99,36,1,357,0,97,16,3,116,221,196,52,4,473,0,0,0,473
12/04/2021,SJU,PR,ASO,ES,Towers with Radar,234,61,23,4,322,0,90,13,0,103,234,151,36,4,425,0,0,0,425
12/05/2021,SJU,PR,ASO,ES,Towers with Radar,193,56,35,1,285,0,91,16,1,108,193,147,51,2,393,0,0,0,393
12/06/2021,SJU,PR,ASO,ES,Towers with Radar,212,96,26,1,335,0,103,9,3,115,212,199,35,4,450,0,0,0,450
12/07/2021,SJU,PR,ASO,ES,Towers with Radar,176,89,30,2,297,0,100,22,0,122,176,189,52,2,419,0,0,0,419
12/08/2021,SJU,PR,ASO,ES,Towers with Radar,201,100,40,0,341,0,87,14,7,108,201,187,54,7,449,8,0,8,457
12/09/2021,SJU,PR,ASO,ES,Towers with Radar,206,107,36,2,351,0,103,15,4,122,206,210,51,6,473,8,0,8,481
12/10/2021,SJU,PR,ASO,ES,Towers with Radar,214,117,25,1,357,0,98,21,2,121,214,215,46,3,478,0,0,0,478
12/11/2021,SJU,PR,ASO,ES,Towers with Radar,220,54,25,3,302,0,99,13,1,113,220,153,38,4,415,0,0,0,415
12/12/2021,SJU,PR,ASO,ES,Towers with Radar,192,57,31,1,281,0,94,16,3,113,192,151,47,4,394,0,0,0,394
12/13/2021,SJU,PR,ASO,ES,Towers with Radar,200,105,31,2,338,0,78,25,1,104,200,183,56,3,442,0,0,0,442
12/14/2021,SJU,PR,ASO,ES,Towers with Radar,199,88,19,5,311,0,93,10,1,104,199,181,29,6,415,0,0,0,415
12/15/2021,SJU,PR,ASO,ES,Towers with Radar,204,109,31,2,346,0,104,29,1,134,204,213,60,3,480,18,0,18,498
12/16/2021,SJU,PR,ASO,ES,Towers with Radar,228,108,39,6,381,0,84,34,3,121,228,192,73,9,502,0,0,0,502
12/17/2021,SJU,PR,ASO,ES,Towers with Radar,244,124,50,4,422,0,120,32,2,154,244,244,82,6,576,0,0,0,576
12/18/2021,SJU,PR,ASO,ES,Towers with Radar,236,64,44,5,349,0,113,25,1,139,236,177,69,6,488,0,0,0,488
12/19/2021,SJU,PR,ASO,ES,Towers with Radar,216,65,42,5,328,0,105,18,1,124,216,170,60,6,452,16,0,16,468
12/20/2021,SJU,PR,ASO,ES,Towers with Radar,232,113,45,5,395,0,116,25,1,142,232,229,70,6,537,4,0,4,541
12/21/2021,SJU,PR,ASO,ES,Towers with Radar,246,109,38,5,398,0,100,31,1,132,246,209,69,6,530,6,0,6,536
12/22/2021,SJU,PR,ASO,ES,Towers with Radar,242,96,31,2,371,0,124,27,0,151,242,220,58,2,522,0,0,0,522
12/23/2021,SJU,PR,ASO,ES,Towers with Radar,252,108,19,0,379,0,112,20,3,135,252,220,39,3,514,0,0,0,514
12/24/2021,SJU,PR,ASO,ES,Towers with Radar,224,90,12,3,329,1,114,12,0,127,225,204,24,3,456,0,0,0,456
12/25/2021,SJU,PR,ASO,ES,Towers with Radar,209,49,11,0,269,0,87,5,0,92,209,136,16,0,361,0,0,0,361
12/26/2021,SJU,PR,ASO,ES,Towers with Radar,217,63,30,0,310,0,104,40,0,144,217,167,70,0,454,0,0,0,454
12/27/2021,SJU,PR,ASO,ES,Towers with Radar,218,86,40,0,344,0,121,35,0,156,218,207,75,0,500,0,0,0,500
12/28/2021,SJU,PR,ASO,ES,Towers with Radar,246,94,35,0,375,0,124,25,0,149,246,218,60,0,524,0,0,0,524
12/29/2021,SJU,PR,ASO,ES,Towers with Radar,224,78,23,3,328,0,116,17,1,134,224,194,40,4,462,0,0,0,462
12/30/2021,SJU,PR,ASO,ES,Towers with Radar,242,104,31,0,377,0,109,21,0,130,242,213,52,0,507,0,0,0,507
12/31/2021,SJU,PR,ASO,ES,Towers with Radar,226,86,13,0,325,0,104,10,0,114,226,190,23,0,439,0,0,0,439
01/01/2022,SJU,PR,ASO,ES,Towers with Radar,209,58,29,0,296,0,106,10,0,116,209,164,39,0,412,0,0,0,412
01/02/2022,SJU,PR,ASO,ES,Towers with Radar,221,63,57,6,347,0,132,36,4,172,221,195,93,10,519,0,0,0,519
01/03/2022,SJU,PR,ASO,ES,Towers with Radar,225,82,38,2,347,2,125,33,0,160,227,207,71,2,507,0,0,0,507
01/04/2022,SJU,PR,ASO,ES,Towers with Radar,264,102,32,2,400,0,130,29,0,159,264,232,61,2,559,0,0,0,559
01/05/2022,SJU,PR,ASO,ES,Towers with Radar,214,81,21,2,318,0,109,23,0,132,214,190,44,2,450,0,0,0,450
01/06/2022,SJU,PR,ASO,ES,Towers with Radar,224,99,20,4,347,0,98,10,0,108,224,197,30,4,455,0,0,0,455
01/07/2022,SJU,PR,ASO,ES,Towers with Radar,198,79,20,2,299,0,106,25,1,132,198,185,45,3,431,6,0,6,437
01/08/2022,SJU,PR,ASO,ES,Towers with Radar,240,64,24,3,331,0,111,21,0,132,240,175,45,3,463,0,0,0,463
01/09/2022,SJU,PR,ASO,ES,Towers with Radar,197,54,26,6,283,0,107,7,0,114,197,161,33,6,397,5,0,5,402
01/10/2022,SJU,PR,ASO,ES,Towers with Radar,214,102,23,4,343,0,122,13,5,140,214,224,36,9,483,6,0,6,489
01/11/2022,SJU,PR,ASO,ES,Towers with Radar,211,87,28,4,330,0,106,27,0,133,211,193,55,4,463,27,0,27,490
01/12/2022,SJU,PR,ASO,ES,Towers with Radar,216,83,23,6,328,0,100,13,1,114,216,183,36,7,442,0,0,0,442
01/13/2022,SJU,PR,ASO,ES,Towers with Radar,201,98,25,0,324,0,112,15,0,127,201,210,40,0,451,0,0,0,451
01/14/2022,SJU,PR,ASO,ES,Towers with Radar,199,96,28,0,323,0,139,19,1,159,199,235,47,1,482,0,0,0,482
01/15/2022,SJU,PR,ASO,ES,Towers with Radar,217,59,28,1,305,1,93,21,0,115,218,152,49,1,420,0,0,0,420
01/16/2022,SJU,PR,ASO,ES,Towers with Radar,179,52,24,1,256,0,93,8,0,101,179,145,32,1,357,0,0,0,357
01/17/2022,SJU,PR,ASO,ES,Towers with Radar,192,89,21,1,303,0,104,13,0,117,192,193,34,1,420,0,0,0,420
01/18/2022,SJU,PR,ASO,ES,Towers with Radar,206,75,24,1,306,0,130,18,1,149,206,205,42,2,455,0,0,0,455
01/19/2022,SJU,PR,ASO,ES,Towers with Radar,192,89,23,17,321,0,98,17,2,117,192,187,40,19,438,0,0,0,438
01/20/2022,SJU,PR,ASO,ES,Towers with Radar,196,87,23,1,307,0,116,23,8,147,196,203,46,9,454,0,0,0,454
01/21/2022,SJU,PR,ASO,ES,Towers with Radar,198,94,31,9,332,0,109,29,2,140,198,203,60,11,472,0,0,0,472
01/22/2022,SJU,PR,ASO,ES,Towers with Radar,212,56,23,18,309,0,110,25,2,137,212,166,48,20,446,0,0,0,446
01/23/2022,SJU,PR,ASO,ES,Towers with Radar,178,50,20,8,256,0,103,9,2,114,178,153,29,10,370,0,0,0,370
01/24/2022,SJU,PR,ASO,ES,Towers with Radar,183,100,21,6,310,0,119,24,1,144,183,219,45,7,454,0,0,0,454
01/25/2022,SJU,PR,ASO,ES,Towers with Radar,179,84,27,3,293,0,105,31,1,137,179,189,58,4,430,0,0,0,430
01/26/2022,SJU,PR,ASO,ES,Towers with Radar,201,88,38,4,331,0,111,51,0,162,201,199,89,4,493,0,0,0,493
01/27/2022,SJU,PR,ASO,ES,Towers with Radar,194,110,35,1,340,0,137,26,2,165,194,247,61,3,505,2,0,2,507
01/28/2022,SJU,PR,ASO,ES,Towers with Radar,200,83,32,1,316,0,124,26,2,152,200,207,58,3,468,0,0,0,468
01/29/2022,SJU,PR,ASO,ES,Towers with Radar,166,47,35,1,249,0,110,22,2,134,166,157,57,3,383,0,3,3,386
01/30/2022,SJU,PR,ASO,ES,Towers with Radar,181,83,36,3,303,0,77,17,1,95,181,160,53,4,398,0,0,0,398
01/31/2022,SJU,PR,ASO,ES,Towers with Radar,184,91,42,9,326,0,111,33,1,145,184,202,75,10,471,3,0,3,474
02/01/2022,SJU,PR,ASO,ES,Towers with Radar,180,94,31,0,305,0,96,22,1,119,180,190,53,1,424,0,0,0,424
02/02/2022,SJU,PR,ASO,ES,Towers with Radar,193,81,25,2,301,0,100,31,1,132,193,181,56,3,433,1,0,1,434
02/03/2022,SJU,PR,ASO,ES,Towers with Radar,171,99,35,2,307,0,113,31,4,148,171,212,66,6,455,0,0,0,455
02/04/2022,SJU,PR,ASO,ES,Towers with Radar,179,109,29,5,322,0,84,11,0,95,179,193,40,5,417,0,0,0,417
02/05/2022,SJU,PR,ASO,ES,Towers with Radar,194,93,31,1,319,0,45,9,0,54,194,138,40,1,373,0,0,0,373
02/06/2022,SJU,PR,ASO,ES,Towers with Radar,190,85,46,0,321,0,35,13,1,49,190,120,59,1,370,0,0,0,370
02/07/2022,SJU,PR,ASO,ES,Towers with Radar,187,119,28,13,347,6,75,16,1,98,193,194,44,14,445,0,0,0,445
02/08/2022,SJU,PR,ASO,ES,Towers with Radar,190,96,30,2,318,0,112,32,2,146,190,208,62,4,464,0,1,1,465
02/09/2022,SJU,PR,ASO,ES,Towers with Radar,194,94,40,3,331,0,114,47,4,165,194,208,87,7,496,14,1,15,511
02/10/2022,SJU,PR,ASO,ES,Towers with Radar,196,91,26,1,314,0,112,31,2,145,196,203,57,3,459,0,0,0,459
02/11/2022,SJU,PR,ASO,ES,Towers with Radar,193,110,40,2,345,0,131,38,2,171,193,241,78,4,516,0,0,0,516
02/12/2022,SJU,PR,ASO,ES,Towers with Radar,213,85,29,0,327,0,95,16,1,112,213,180,45,1,439,0,0,0,439
02/13/2022,SJU,PR,ASO,ES,Towers with Radar,197,88,31,0,316,0,79,15,1,95,197,167,46,1,411,0,0,0,411
02/14/2022,SJU,PR,ASO,ES,Towers with Radar,199,98,33,5,335,0,111,33,4,148,199,209,66,9,483,0,0,0,483
02/15/2022,SJU,PR,ASO,ES,Towers with Radar,192,77,36,9,314,0,126,41,3,170,192,203,77,12,484,0,0,0,484
02/16/2022,SJU,PR,ASO,ES,Towers with Radar,208,89,48,4,349,0,111,34,2,147,208,200,82,6,496,0,0,0,496
02/17/2022,SJU,PR,ASO,ES,Towers with Radar,228,105,48,1,382,0,128,20,0,148,228,233,68,1,530,0,0,0,530
02/18/2022,SJU,PR,ASO,ES,Towers with Radar,218,129,45,0,392,0,116,31,2,149,218,245,76,2,541,0,0,0,541
02/19/2022,SJU,PR,ASO,ES,Towers with Radar,223,78,27,0,328,0,111,33,0,144,223,189,60,0,472,0,1,1,473
02/20/2022,SJU,PR,ASO,ES,Towers with Radar,211,44,28,1,284,0,102,14,0,116,211,146,42,1,400,0,0,0,400
02/21/2022,SJU,PR,ASO,ES,Towers with Radar,202,84,36,3,325,0,126,23,1,150,202,210,59,4,475,0,0,0,475
02/22/2022,SJU,PR,ASO,ES,Towers with Radar,211,83,38,2,334,0,116,48,1,165,211,199,86,3,499,0,0,0,499
02/23/2022,SJU,PR,ASO,ES,Towers with Radar,203,95,27,0,325,0,126,37,0,163,203,221,64,0,488,0,0,0,488
02/24/2022,SJU,PR,ASO,ES,Towers with Radar,215,86,23,0,324,8,114,28,1,151,223,200,51,1,475,0,0,0,475
02/25/2022,SJU,PR,ASO,ES,Towers with Radar,202,96,40,2,340,0,129,19,3,151,202,225,59,5,491,0,0,0,491
02/26/2022,SJU,PR,ASO,ES,Towers with Radar,224,52,29,2,307,0,133,24,3,160,224,185,53,5,467,2,0,2,469
02/27/2022,SJU,PR,ASO,ES,Towers with Radar,213,57,32,1,303,0,100,30,0,130,213,157,62,1,433,0,0,0,433
02/28/2022,SJU,PR,ASO,ES,Towers with Radar,215,100,33,0,348,0,125,17,2,144,215,225,50,2,492,0,0,0,492
03/01/2022,SJU,PR,ASO,ES,Towers with Radar,222,84,37,3,346,28,110,15,1,154,250,194,52,4,500,0,0,0,500
03/02/2022,SJU,PR,ASO,ES,Towers with Radar,216,70,35,2,323,0,125,36,0,161,216,195,71,2,484,12,0,12,496
03/03/2022,SJU,PR,ASO,ES,Towers with Radar,228,93,29,1,351,0,107,24,0,131,228,200,53,1,482,22,0,22,504
03/04/2022,SJU,PR,ASO,ES,Towers with Radar,216,102,28,2,348,24,93,21,2,140,240,195,49,4,488,0,0,0,488
03/05/2022,SJU,PR,ASO,ES,Towers with Radar,225,84,32,0,341,11,99,18,0,128,236,183,50,0,469,0,0,0,469
03/06/2022,SJU,PR,ASO,ES,Towers with Radar,218,81,30,0,329,0,86,15,0,101,218,167,45,0,430,0,0,0,430
03/07/2022,SJU,PR,ASO,ES,Towers with Radar,214,96,30,0,340,6,95,23,3,127,220,191,53,3,467,0,0,0,467
03/08/2022,SJU,PR,ASO,ES,Towers with Radar,233,79,27,0,339,0,120,26,0,146,233,199,53,0,485,0,0,0,485
03/09/2022,SJU,PR,ASO,ES,Towers with Radar,205,67,28,0,300,0,122,23,0,145,205,189,51,0,445,42,0,42,487
03/10/2022,SJU,PR,ASO,ES,Towers with Radar,213,85,28,2,328,0,94,19,1,114,213,179,47,3,442,22,0,22,464
03/11/2022,SJU,PR,ASO,ES,Towers with Radar,213,95,22,1,331,0,144,31,1,176,213,239,53,2,507,4,0,4,511
03/12/2022,SJU,PR,ASO,ES,Towers with Radar,223,87,50,3,363,0,80,35,0,115,223,167,85,3,478,0,0,0,478
03/13/2022,SJU,PR,ASO,ES,Towers with Radar,217,55,46,2,320,0,93,14,0,107,217,148,60,2,427,0,0,0,427
03/14/2022,SJU,PR,ASO,ES,Towers with Radar,198,106,31,3,338,0,114,12,1,127,198,220,43,4,465,0,0,0,465
03/15/2022,SJU,PR,ASO,ES,Towers with Radar,210,87,40,2,339,0,121,27,3,151,210,208,67,5,490,0,0,0,490
03/16/2022,SJU,PR,ASO,ES,Towers with Radar,202,78,37,2,319,0,121,29,2,152,202,199,66,4,471,4,0,4,475
03/17/2022,SJU,PR,ASO,ES,Towers with Radar,233,96,40,1,370,0,95,22,0,117,233,191,62,1,487,4,0,4,491
03/18/2022,SJU,PR,ASO,ES,Towers with Radar,206,96,27,3,332,0,119,22,3,144,206,215,49,6,476,0,0,0,476
03/19/2022,SJU,PR,ASO,ES,Towers with Radar,232,82,34,0,348,0,127,37,0,164,232,209,71,0,512,0,0,0,512
03/20/2022,SJU,PR,ASO,ES,Towers with Radar,188,64,29,0,281,1,106,24,0,131,189,170,53,0,412,5,0,5,417
03/21/2022,SJU,PR,ASO,ES,Towers with Radar,204,128,25,2,359,0,100,22,2,124,204,228,47,4,483,0,0,0,483
03/22/2022,SJU,PR,ASO,ES,Towers with Radar,215,121,16,3,355,0,100,21,3,124,215,221,37,6,479,0,0,0,479
03/23/2022,SJU,PR,ASO,ES,Towers with Radar,217,84,27,1,329,0,95,23,0,118,217,179,50,1,447,27,0,27,474
03/24/2022,SJU,PR,ASO,ES,Towers with Radar,220,122,29,0,371,0,106,31,2,139,220,228,60,2,510,0,0,0,510
03/25/2022,SJU,PR,ASO,ES,Towers with Radar,210,118,31,2,361,0,108,27,0,135,210,226,58,2,496,0,0,0,496
03/26/2022,SJU,PR,ASO,ES,Towers with Radar,231,83,34,1,349,0,125,16,0,141,231,208,50,1,490,0,0,0,490
03/27/2022,SJU,PR,ASO,ES,Towers with Radar,197,67,31,0,295,0,89,22,0,111,197,156,53,0,406,0,0,0,406
03/28/2022,SJU,PR,ASO,ES,Towers with Radar,213,92,21,2,328,0,117,16,1,134,213,209,37,3,462,0,0,0,462
03/29/2022,SJU,PR,ASO,ES,Towers with Radar,221,84,31,3,339,0,134,21,1,156,221,218,52,4,495,0,0,0,495
03/30/2022,SJU,PR,ASO,ES,Towers with Radar,208,76,31,2,317,0,119,19,1,139,208,195,50,3,456,0,0,0,456
03/31/2022,SJU,PR,ASO,ES,Towers with Radar,202,96,26,0,324,0,109,22,1,132,202,205,48,1,456,5,0,5,461
04/01/2022,SJU,PR,ASO,ES,Towers with Radar,204,97,21,1,323,0,126,19,2,147,204,223,40,3,470,6,0,6,476
04/02/2022,SJU,PR,ASO,ES,Towers with Radar,222,86,28,1,337,0,101,33,1,135,222,187,61,2,472,20,0,20,492
04/03/2022,SJU,PR,ASO,ES,Towers with Radar,160,50,25,1,236,0,89,20,0,109,160,139,45,1,345,0,0,0,345
04/04/2022,SJU,PR,ASO,ES,Towers with Radar,184,92,25,4,305,0,104,24,3,131,184,196,49,7,436,0,0,0,436
04/05/2022,SJU,PR,ASO,ES,Towers with Radar,209,78,37,3,327,0,118,12,2,132,209,196,49,5,459,20,0,20,479
04/06/2022,SJU,PR,ASO,ES,Towers with Radar,211,88,30,4,333,0,87,26,0,113,211,175,56,4,446,1,0,1,447
04/07/2022,SJU,PR,ASO,ES,Towers with Radar,210,86,21,4,321,0,92,33,0,125,210,178,54,4,446,0,0,0,446
04/08/2022,SJU,PR,ASO,ES,Towers with Radar,200,98,32,4,334,0,109,21,0,130,200,207,53,4,464,0,0,0,464
04/09/2022,SJU,PR,ASO,ES,Towers with Radar,212,58,43,4,317,0,127,41,0,168,212,185,84,4,485,0,0,0,485
04/10/2022,SJU,PR,ASO,ES,Towers with Radar,208,54,26,5,293,0,86,12,0,98,208,140,38,5,391,0,0,0,391
04/11/2022,SJU,PR,ASO,ES,Towers with Radar,204,106,29,3,342,0,108,23,2,133,204,214,52,5,475,0,0,0,475
04/12/2022,SJU,PR,ASO,ES,Towers with Radar,217,79,34,1,331,0,100,24,4,128,217,179,58,5,459,0,0,0,459
04/13/2022,SJU,PR,ASO,ES,Towers with Radar,218,85,38,9,350,0,104,36,1,141,218,189,74,10,491,0,0,0,491
04/14/2022,SJU,PR,ASO,ES,Towers with Radar,224,99,28,0,351,0,106,22,0,128,224,205,50,0,479,0,0,0,479
04/15/2022,SJU,PR,ASO,ES,Towers with Radar,246,60,24,1,331,0,94,21,0,115,246,154,45,1,446,0,0,0,446
04/16/2022,SJU,PR,ASO,ES,Towers with Radar,246,78,19,0,343,0,93,33,0,126,246,171,52,0,469,4,0,4,473
04/17/2022,SJU,PR,ASO,ES,Towers with Radar,218,46,29,0,293,0,89,29,0,118,218,135,58,0,411,3,0,3,414
04/18/2022,SJU,PR,ASO,ES,Towers with Radar,205,89,30,2,326,0,115,27,3,145,205,204,57,5,471,0,0,0,471
04/19/2022,SJU,PR,ASO,ES,Towers with Radar,217,106,22,5,350,0,108,24,0,132,217,214,46,5,482,0,0,0,482
04/20/2022,SJU,PR,ASO,ES,Towers with Radar,222,79,25,0,326,0,100,20,0,120,222,179,45,0,446,0,0,0,446
04/21/2022,SJU,PR,ASO,ES,Towers with Radar,224,100,37,1,362,0,92,34,0,126,224,192,71,1,488,0,0,0,488
04/22/2022,SJU,PR,ASO,ES,Towers with Radar,227,106,29,1,363,0,110,44,3,157,227,216,73,4,520,1,0,1,521
04/23/2022,SJU,PR,ASO,ES,Towers with Radar,243,72,19,0,334,0,132,35,0,167,243,204,54,0,501,0,0,0,501
04/24/2022,SJU,PR,ASO,ES,Towers with Radar,213,51,46,1,311,0,87,17,0,104,213,138,63,1,415,0,0,0,415
04/25/2022,SJU,PR,ASO,ES,Towers with Radar,205,95,36,0,336,0,122,16,0,138,205,217,52,0,474,0,0,0,474
04/26/2022,SJU,PR,ASO,ES,Towers with Radar,214,89,30,0,333,0,112,40,0,152,214,201,70,0,485,0,0,0,485
04/27/2022,SJU,PR,ASO,ES,Towers with Radar,224,88,27,7,346,0,100,27,0,127,224,188,54,7,473,10,0,10,483
04/28/2022,SJU,PR,ASO,ES,Towers with Radar,218,98,25,0,341,0,77,26,2,105,218,175,51,2,446,0,0,0,446
04/29/2022,SJU,PR,ASO,ES,Towers with Radar,218,104,25,0,347,0,88,36,2,126,218,192,61,2,473,0,0,0,473
04/30/2022,SJU,PR,ASO,ES,Towers with Radar,245,89,17,1,352,0,43,7,0,50,245,132,24,1,402,0,0,0,402
05/01/2022,SJU,PR,ASO,ES,Towers with Radar,219,87,34,2,342,0,53,33,0,86,219,140,67,2,428,0,0,0,428
05/02/2022,SJU,PR,ASO,ES,Towers with Radar,227,101,31,4,363,0,90,24,2,116,227,191,55,6,479,8,0,8,487
05/03/2022,SJU,PR,ASO,ES,Towers with Radar,227,88,37,2,354,0,95,28,2,125,227,183,65,4,479,0,0,0,479
05/04/2022,SJU,PR,ASO,ES,Towers with Radar,231,88,40,0,359,0,90,27,2,119,231,178,67,2,478,0,0,0,478
05/05/2022,SJU,PR,ASO,ES,Towers with Radar,231,77,31,1,340,0,100,32,0,132,231,177,63,1,472,4,0,4,476
05/06/2022,SJU,PR,ASO,ES,Towers with Radar,216,94,20,5,335,0,101,13,1,115,216,195,33,6,450,4,0,4,454
05/07/2022,SJU,PR,ASO,ES,Towers with Radar,239,50,7,2,298,0,91,9,0,100,239,141,16,2,398,0,0,0,398
05/08/2022,SJU,PR,ASO,ES,Towers with Radar,202,51,16,0,269,0,65,9,0,74,202,116,25,0,343,0,0,0,343
05/09/2022,SJU,PR,ASO,ES,Towers with Radar,214,81,26,3,324,0,71,14,0,85,214,152,40,3,409,1,0,1,410
05/10/2022,SJU,PR,ASO,ES,Towers with Radar,211,85,26,2,324,0,74,40,0,114,211,159,66,2,438,0,0,0,438
05/11/2022,SJU,PR,ASO,ES,Towers with Radar,229,83,29,8,349,0,81,10,1,92,229,164,39,9,441,0,0,0,441
05/12/2022,SJU,PR,ASO,ES,Towers with Radar,214,108,37,1,360,0,87,27,1,115,214,195,64,2,475,0,0,0,475
05/13/2022,SJU,PR,ASO,ES,Towers with Radar,219,86,11,5,321,0,80,17,1,98,219,166,28,6,419,0,0,0,419
05/14/2022,SJU,PR,ASO,ES,Towers with Radar,232,73,19,1,325,0,71,12,2,85,232,144,31,3,410,0,0,0,410
05/15/2022,SJU,PR,ASO,ES,Towers with Radar,211,53,13,0,277,0,63,27,1,91,211,116,40,1,368,0,0,0,368
05/16/2022,SJU,PR,ASO,ES,Towers with Radar,210,99,28,2,339,0,75,20,4,99,210,174,48,6,438,10,0,10,448
05/17/2022,SJU,PR,ASO,ES,Towers with Radar,225,75,27,1,328,0,114,48,3,165,225,189,75,4,493,6,0,6,499
05/18/2022,SJU,PR,ASO,ES,Towers with Radar,215,78,30,4,327,0,78,27,3,108,215,156,57,7,435,15,0,15,450
05/19/2022,SJU,PR,ASO,ES,Towers with Radar,211,91,25,2,329,0,86,37,0,123,211,177,62,2,452,0,0,0,452
05/20/2022,SJU,PR,ASO,ES,Towers with Radar,218,90,18,0,326,0,104,31,0,135,218,194,49,0,461,0,0,0,461
05/21/2022,SJU,PR,ASO,ES,Towers with Radar,220,52,14,0,286,0,76,11,0,87,220,128,25,0,373,0,0,0,373
05/22/2022,SJU,PR,ASO,ES,Towers with Radar,196,35,8,0,239,0,59,7,1,67,196,94,15,1,306,0,0,0,306
05/23/2022,SJU,PR,ASO,ES,Towers with Radar,211,77,14,8,310,0,72,12,4,88,211,149,26,12,398,0,0,0,398
05/24/2022,SJU,PR,ASO,ES,Towers with Radar,229,82,26,3,340,0,79,23,2,104,229,161,49,5,444,0,0,0,444
05/25/2022,SJU,PR,ASO,ES,Towers with Radar,209,80,25,6,320,0,75,16,2,93,209,155,41,8,413,0,0,0,413
05/26/2022,SJU,PR,ASO,ES,Towers with Radar,237,105,30,3,375,0,76,24,1,101,237,181,54,4,476,10,0,10,486
05/27/2022,SJU,PR,ASO,ES,Towers with Radar,206,87,16,2,311,0,90,14,1,105,206,177,30,3,416,0,0,0,416
05/28/2022,SJU,PR,ASO,ES,Towers with Radar,262,60,22,0,344,0,63,18,1,82,262,123,40,1,426,0,0,0,426
05/29/2022,SJU,PR,ASO,ES,Towers with Radar,207,37,20,0,264,0,69,15,0,84,207,106,35,0,348,0,0,0,348
05/30/2022,SJU,PR,ASO,ES,Towers with Radar,196,57,15,0,268,0,90,19,1,110,196,147,34,1,378,0,0,0,378
05/31/2022,SJU,PR,ASO,ES,Towers with Radar,202,78,28,0,308,0,72,27,2,101,202,150,55,2,409,0,0,0,409
06/01/2022,SJU,PR,ASO,ES,Towers with Radar,214,64,21,2,301,7,70,21,1,99,221,134,42,3,400,0,0,0,400
06/02/2022,SJU,PR,ASO,ES,Towers with Radar,217,74,17,1,309,0,83,20,2,105,217,157,37,3,414,0,0,0,414
06/03/2022,SJU,PR,ASO,ES,Towers with Radar,231,79,25,0,335,0,103,19,1,123,231,182,44,1,458,0,0,0,458
06/04/2022,SJU,PR,ASO,ES,Towers with Radar,247,47,22,2,318,0,53,11,0,64,247,100,33,2,382,0,0,0,382
06/05/2022,SJU,PR,ASO,ES,Towers with Radar,208,52,18,0,278,0,48,16,0,64,208,100,34,0,342,0,0,0,342
06/06/2022,SJU,PR,ASO,ES,Towers with Radar,215,72,15,0,302,0,70,28,0,98,215,142,43,0,400,0,0,0,400
06/07/2022,SJU,PR,ASO,ES,Towers with Radar,222,77,14,0,313,0,73,23,1,97,222,150,37,1,410,0,0,0,410
06/08/2022,SJU,PR,ASO,ES,Towers with Radar,216,65,26,1,308,4,55,24,3,86,220,120,50,4,394,0,0,0,394
06/09/2022,SJU,PR,ASO,ES,Towers with Radar,210,82,25,1,318,0,63,23,1,87,210,145,48,2,405,0,0,0,405
06/10/2022,SJU,PR,ASO,ES,Towers with Radar,226,75,17,4,322,0,65,25,3,93,226,140,42,7,415,0,0,0,415
06/11/2022,SJU,PR,ASO,ES,Towers with Radar,251,46,18,9,324,0,46,12,0,58,251,92,30,9,382,0,0,0,382
06/12/2022,SJU,PR,ASO,ES,Towers with Radar,211,48,14,8,281,0,33,20,0,53,211,81,34,8,334,0,0,0,334
06/13/2022,SJU,PR,ASO,ES,Towers with Radar,229,73,21,7,330,0,65,17,8,90,229,138,38,15,420,0,0,0,420
06/14/2022,SJU,PR,ASO,ES,Towers with Radar,227,77,24,0,328,0,56,14,0,70,227,133,38,0,398,0,0,0,398
06/15/2022,SJU,PR,ASO,ES,Towers with Radar,221,88,15,4,328,0,37,15,5,57,221,125,30,9,385,0,0,0,385
06/16/2022,SJU,PR,ASO,ES,Towers with Radar,241,102,27,6,376,0,56,26,4,86,241,158,53,10,462,0,0,0,462
06/17/2022,SJU,PR,ASO,ES,Towers with Radar,207,92,21,3,323,0,63,24,8,95,207,155,45,11,418,0,0,0,418
06/18/2022,SJU,PR,ASO,ES,Towers with Radar,248,42,16,10,316,0,54,23,1,78,248,96,39,11,394,0,0,0,394
06/19/2022,SJU,PR,ASO,ES,Towers with Radar,212,42,16,1,271,0,53,15,0,68,212,95,31,1,339,0,0,0,339
06/20/2022,SJU,PR,ASO,ES,Towers with Radar,218,68,20,0,306,0,68,21,0,89,218,136,41,0,395,0,0,0,395
06/21/2022,SJU,PR,ASO,ES,Towers with Radar,215,74,20,3,312,0,57,18,0,75,215,131,38,3,387,0,0,0,387
06/22/2022,SJU,PR,ASO,ES,Towers with Radar,219,85,20,5,329,0,57,14,2,73,219,142,34,7,402,0,0,0,402
06/23/2022,SJU,PR,ASO,ES,Towers with Radar,221,77,28,2,328,0,43,20,0,63,221,120,48,2,391,0,0,0,391
06/24/2022,SJU,PR,ASO,ES,Towers with Radar,223,88,17,1,329,0,67,16,0,83,223,155,33,1,412,0,0,0,412
06/25/2022,SJU,PR,ASO,ES,Towers with Radar,236,55,16,0,307,0,52,11,0,63,236,107,27,0,370,0,0,0,370
06/26/2022,SJU,PR,ASO,ES,Towers with Radar,221,39,26,3,289,0,48,20,3,71,221,87,46,6,360,0,0,0,360
06/27/2022,SJU,PR,ASO,ES,Towers with Radar,219,88,39,7,353,0,69,29,0,98,219,157,68,7,451,0,0,0,451
06/28/2022,SJU,PR,ASO,ES,Towers with Radar,236,88,33,0,357,0,72,31,0,103,236,160,64,0,460,0,0,0,460
06/29/2022,SJU,PR,ASO,ES,Towers with Radar,232,92,20,4,348,0,71,22,15,108,232,163,42,19,456,0,0,0,456
06/30/2022,SJU,PR,ASO,ES,Towers with Radar,234,94,20,0,348,0,85,17,4,106,234,179,37,4,454,0,0,0,454
07/01/2022,SJU,PR,ASO,ES,Towers with Radar,229,89,26,12,356,12,65,20,1,98,241,154,46,13,454,0,0,0,454
07/02/2022,SJU,PR,ASO,ES,Towers with Radar,249,53,21,1,324,0,19,3,1,23,249,72,24,2,347,0,0,0,347
07/03/2022,SJU,PR,ASO,ES,Towers with Radar,222,49,12,1,284,0,54,19,0,73,222,103,31,1,357,0,0,0,357
07/04/2022,SJU,PR,ASO,ES,Towers with Radar,203,67,7,0,277,0,62,3,0,65,203,129,10,0,342,0,0,0,342
07/05/2022,SJU,PR,ASO,ES,Towers with Radar,189,79,20,1,289,0,66,27,2,95,189,145,47,3,384,0,0,0,384
07/06/2022,SJU,PR,ASO,ES,Towers with Radar,227,95,12,1,335,0,39,11,0,50,227,134,23,1,385,6,0,6,391
07/07/2022,SJU,PR,ASO,ES,Towers with Radar,233,73,38,2,346,0,66,24,1,91,233,139,62,3,437,0,0,0,437
07/08/2022,SJU,PR,ASO,ES,Towers with Radar,231,93,25,5,354,0,52,15,7,74,231,145,40,12,428,0,0,0,428
07/09/2022,SJU,PR,ASO,ES,Towers with Radar,252,47,11,3,313,0,38,26,1,65,252,85,37,4,378,0,0,0,378
07/10/2022,SJU,PR,ASO,ES,Towers with Radar,217,37,20,8,282,0,49,12,3,64,217,86,32,11,346,0,0,0,346
07/11/2022,SJU,PR,ASO,ES,Towers with Radar,208,84,28,1,321,0,78,16,1,95,208,162,44,2,416,0,0,0,416
07/12/2022,SJU,PR,ASO,ES,Towers with Radar,229,83,17,3,332,0,63,15,2,80,229,146,32,5,412,0,0,0,412
07/13/2022,SJU,PR,ASO,ES,Towers with Radar,229,78,19,12,338,0,44,10,2,56,229,122,29,14,394,0,0,0,394
07/14/2022,SJU,PR,ASO,ES,Towers with Radar,233,109,29,10,381,0,56,23,10,89,233,165,52,20,470,0,0,0,470
07/15/2022,SJU,PR,ASO,ES,Towers with Radar,230,96,22,2,350,0,71,23,0,94,230,167,45,2,444,0,0,0,444
07/16/2022,SJU,PR,ASO,ES,Towers with Radar,264,40,12,1,317,0,46,4,0,50,264,86,16,1,367,0,0,0,367
07/17/2022,SJU,PR,ASO,ES,Towers with Radar,201,42,11,1,255,0,47,8,0,55,201,89,19,1,310,0,0,0,310
07/18/2022,SJU,PR,ASO,ES,Towers with Radar,214,89,24,2,329,0,56,15,0,71,214,145,39,2,400,0,0,0,400
07/19/2022,SJU,PR,ASO,ES,Towers with Radar,217,78,14,1,310,0,71,14,1,86,217,149,28,2,396,0,0,0,396
07/20/2022,SJU,PR,ASO,ES,Towers with Radar,226,83,19,4,332,0,50,14,1,65,226,133,33,5,397,0,0,0,397
07/21/2022,SJU,PR,ASO,ES,Towers with Radar,229,106,17,2,354,0,41,8,1,50,229,147,25,3,404,0,0,0,404
07/22/2022,SJU,PR,ASO,ES,Towers with Radar,243,67,22,6,338,0,72,33,5,110,243,139,55,11,448,0,0,0,448
07/23/2022,SJU,PR,ASO,ES,Towers with Radar,252,46,14,0,312,0,39,20,8,67,252,85,34,8,379,0,0,0,379
07/24/2022,SJU,PR,ASO,ES,Towers with Radar,214,44,16,1,275,0,48,9,6,63,214,92,25,7,338,0,0,0,338
07/25/2022,SJU,PR,ASO,ES,Towers with Radar,216,81,10,6,313,0,43,7,2,52,216,124,17,8,365,0,0,0,365
07/26/2022,SJU,PR,ASO,ES,Towers with Radar,208,73,15,5,301,7,60,31,5,103,215,133,46,10,404,0,0,0,404
07/27/2022,SJU,PR,ASO,ES,Towers with Radar,228,88,22,4,342,0,50,12,9,71,228,138,34,13,413,0,0,0,413
07/28/2022,SJU,PR,ASO,ES,Towers with Radar,221,91,17,0,329,0,69,16,3,88,221,160,33,3,417,0,0,0,417
07/29/2022,SJU,PR,ASO,ES,Towers with Radar,228,80,31,0,339,0,66,30,0,96,228,146,61,0,435,0,0,0,435
07/30/2022,SJU,PR,ASO,ES,Towers with Radar,241,50,18,3,312,0,36,11,0,47,241,86,29,3,359,0,0,0,359
07/31/2022,SJU,PR,ASO,ES,Towers with Radar,204,41,22,3,270,0,55,18,0,73,204,96,40,3,343,0,0,0,343
08/01/2022,SJU,PR,ASO,ES,Towers with Radar,200,74,25,2,301,0,52,13,1,66,200,126,38,3,367,6,0,6,373
08/02/2022,SJU,PR,ASO,ES,Towers with Radar,224,76,22,6,328,0,71,25,3,99,224,147,47,9,427,0,0,0,427
08/03/2022,SJU,PR,ASO,ES,Towers with Radar,195,75,19,2,291,0,50,11,1,62,195,125,30,3,353,0,0,0,353
08/04/2022,SJU,PR,ASO,ES,Towers with Radar,220,76,14,2,312,0,59,8,1,68,220,135,22,3,380,0,0,0,380
08/05/2022,SJU,PR,ASO,ES,Towers with Radar,264,71,9,2,346,0,54,22,0,76,264,125,31,2,422,2,0,2,424
08/06/2022,SJU,PR,ASO,ES,Towers with Radar,228,48,9,5,290,0,34,14,4,52,228,82,23,9,342,0,0,0,342
08/07/2022,SJU,PR,ASO,ES,Towers with Radar,206,58,21,2,287,0,34,2,0,36,206,92,23,2,323,0,0,0,323
08/08/2022,SJU,PR,ASO,ES,Towers with Radar,224,73,29,4,330,0,62,26,1,89,224,135,55,5,419,0,0,0,419
08/09/2022,SJU,PR,ASO,ES,Towers with Radar,214,80,25,0,319,0,67,27,0,94,214,147,52,0,413,1,0,1,414
08/10/2022,SJU,PR,ASO,ES,Towers with Radar,215,79,10,3,307,0,63,12,2,77,215,142,22,5,384,0,0,0,384
08/11/2022,SJU,PR,ASO,ES,Towers with Radar,200,83,26,4,313,0,55,15,3,73,200,138,41,7,386,0,0,0,386
08/12/2022,SJU,PR,ASO,ES,Towers with Radar,218,76,26,4,324,0,71,28,1,100,218,147,54,5,424,0,0,0,424
08/13/2022,SJU,PR,ASO,ES,Towers with Radar,233,38,26,0,297,0,53,25,0,78,233,91,51,0,375,0,0,0,375
08/14/2022,SJU,PR,ASO,ES,Towers with Radar,209,38,15,5,267,0,57,4,1,62,209,95,19,6,329,13,0,13,342
08/15/2022,SJU,PR,ASO,ES,Towers with Radar,216,77,19,3,315,0,57,18,2,77,216,134,37,5,392,0,0,0,392
08/16/2022,SJU,PR,ASO,ES,Towers with Radar,214,67,23,2,306,0,66,27,4,97,214,133,50,6,403,0,0,0,403
08/17/2022,SJU,PR,ASO,ES,Towers with Radar,221,80,24,4,329,0,57,33,2,92,221,137,57,6,421,0,0,0,421
08/18/2022,SJU,PR,ASO,ES,Towers with Radar,204,79,24,2,309,0,59,21,1,81,204,138,45,3,390,0,0,0,390
08/19/2022,SJU,PR,ASO,ES,Towers with Radar,206,104,20,3,333,0,72,23,1,96,206,176,43,4,429,0,0,0,429
08/20/2022,SJU,PR,ASO,ES,Towers with Radar,218,38,18,7,281,0,62,12,1,75,218,100,30,8,356,0,0,0,356
08/21/2022,SJU,PR,ASO,ES,Towers with Radar,186,31,11,2,230,0,43,3,0,46,186,74,14,2,276,0,0,0,276
08/22/2022,SJU,PR,ASO,ES,Towers with Radar,210,71,16,1,298,0,38,15,0,53,210,109,31,1,351,0,0,0,351
08/23/2022,SJU,PR,ASO,ES,Towers with Radar,197,66,15,0,278,0,69,17,2,88,197,135,32,2,366,0,0,0,366
08/24/2022,SJU,PR,ASO,ES,Towers with Radar,207,67,15,0,289,0,63,27,0,90,207,130,42,0,379,4,0,4,383
08/25/2022,SJU,PR,ASO,ES,Towers with Radar,202,77,21,0,300,0,60,17,0,77,202,137,38,0,377,0,0,0,377
08/26/2022,SJU,PR,ASO,ES,Towers with Radar,200,78,13,0,291,0,60,11,2,73,200,138,24,2,364,14,0,14,378
08/27/2022,SJU,PR,ASO,ES,Towers with Radar,212,62,22,6,302,0,39,16,2,57,212,101,38,8,359,0,0,0,359
08/28/2022,SJU,PR,ASO,ES,Towers with Radar,191,27,14,0,232,0,31,0,0,31,191,58,14,0,263,0,0,0,263
08/29/2022,SJU,PR,ASO,ES,Towers with Radar,214,78,25,1,318,0,53,18,3,74,214,131,43,4,392,0,0,0,392
08/30/2022,SJU,PR,ASO,ES,Towers with Radar,203,65,26,1,295,0,68,35,1,104,203,133,61,2,399,10,0,10,409
08/31/2022,SJU,PR,ASO,ES,Towers with Radar,205,81,12,5,303,0,57,23,0,80,205,138,35,5,383,6,0,6,389
09/01/2022,SJU,PR,ASO,ES,Towers with Radar,207,77,21,1,306,0,61,14,1,76,207,138,35,2,382,0,0,0,382
09/02/2022,SJU,PR,ASO,ES,Towers with Radar,207,79,14,2,302,0,62,15,2,79,207,141,29,4,381,0,0,0,381
09/03/2022,SJU,PR,ASO,ES,Towers with Radar,234,45,10,4,293,0,35,8,0,43,234,80,18,4,336,0,0,0,336
09/04/2022,SJU,PR,ASO,ES,Towers with Radar,186,38,13,2,239,0,13,1,0,14,186,51,14,2,253,0,0,0,253
09/05/2022,SJU,PR,ASO,ES,Towers with Radar,190,63,30,1,284,0,21,7,0,28,190,84,37,1,312,0,0,0,312
09/06/2022,SJU,PR,ASO,ES,Towers with Radar,200,70,19,3,292,0,52,7,0,59,200,122,26,3,351,0,0,0,351
09/07/2022,SJU,PR,ASO,ES,Towers with Radar,170,67,16,3,256,0,40,15,1,56,170,107,31,4,312,0,0,0,312
09/08/2022,SJU,PR,ASO,ES,Towers with Radar,172,73,14,2,261,0,63,15,0,78,172,136,29,2,339,4,0,4,343
09/09/2022,SJU,PR,ASO,ES,Towers with Radar,185,72,23,3,283,0,51,20,0,71,185,123,43,3,354,0,0,0,354
09/10/2022,SJU,PR,ASO,ES,Towers with Radar,175,37,13,3,228,0,25,10,2,37,175,62,23,5,265,12,0,12,277
09/11/2022,SJU,PR,ASO,ES,Towers with Radar,159,33,21,5,218,0,31,7,0,38,159,64,28,5,256,0,0,0,256
09/12/2022,SJU,PR,ASO,ES,Towers with Radar,147,67,26,6,246,0,47,23,0,70,147,114,49,6,316,4,0,4,320
09/13/2022,SJU,PR,ASO,ES,Towers with Radar,169,60,19,4,252,0,56,30,0,86,169,116,49,4,338,0,0,0,338
09/14/2022,SJU,PR,ASO,ES,Towers with Radar,164,63,27,3,257,0,45,22,0,67,164,108,49,3,324,0,0,0,324
09/15/2022,SJU,PR,ASO,ES,Towers with Radar,184,74,27,1,286,0,45,13,4,62,184,119,40,5,348,0,0,0,348
09/16/2022,SJU,PR,ASO,ES,Towers with Radar,173,55,23,1,252,0,48,5,0,53,173,103,28,1,305,0,0,0,305
09/17/2022,SJU,PR,ASO,ES,Towers with Radar,138,6,5,0,149,0,0,0,0,0,138,6,5,0,149,0,0,0,149
09/18/2022,SJU,PR,ASO,ES,Towers with Radar,0,0,0,0,0,0,0,0,0,0,0,0,0,0,0,0,0,0,0
09/19/2022,SJU,PR,ASO,ES,Towers with Radar,140,33,21,0,194,0,6,6,0,12,140,39,27,0,206,0,0,0,206
09/20/2022,SJU,PR,ASO,ES,Towers with Radar,201,79,22,1,303,0,53,22,0,75,201,132,44,1,378,0,0,0,378
09/21/2022,SJU,PR,ASO,ES,Towers with Radar,190,64,33,2,289,0,66,29,1,96,190,130,62,3,385,0,0,0,385
09/22/2022,SJU,PR,ASO,ES,Towers with Radar,185,85,21,0,291,0,59,13,0,72,185,144,34,0,363,0,0,0,363
09/23/2022,SJU,PR,ASO,ES,Towers with Radar,175,66,17,2,260,0,52,30,0,82,175,118,47,2,342,0,0,0,342
09/24/2022,SJU,PR,ASO,ES,Towers with Radar,192,33,19,1,245,0,28,26,0,54,192,61,45,1,299,0,0,0,299
09/25/2022,SJU,PR,ASO,ES,Towers with Radar,168,24,15,0,207,0,29,18,0,47,168,53,33,0,254,0,0,0,254
09/26/2022,SJU,PR,ASO,ES,Towers with Radar,156,71,15,2,244,0,51,6,1,58,156,122,21,3,302,0,0,0,302
09/27/2022,SJU,PR,ASO,ES,Towers with Radar,165,64,25,1,255,0,52,23,1,76,165,116,48,2,331,2,0,2,333
09/28/2022,SJU,PR,ASO,ES,Towers with Radar,124,64,16,4,208,0,40,28,1,69,124,104,44,5,277,0,0,0,277
09/29/2022,SJU,PR,ASO,ES,Towers with Radar,130,71,10,1,212,0,42,16,2,60,130,113,26,3,272,0,0,0,272
09/30/2022,SJU,PR,ASO,ES,Towers with Radar,150,68,16,1,235,0,40,25,1,66,150,108,41,2,301,0,0,0,301
10/01/2022,SJU,PR,ASO,ES,Towers with Radar,175,39,13,5,232,0,31,10,3,44,175,70,23,8,276,0,0,0,276
10/02/2022,SJU,PR,ASO,ES,Towers with Radar,150,25,14,4,193,0,32,9,0,41,150,57,23,4,234,0,0,0,234
10/03/2022,SJU,PR,ASO,ES,Towers with Radar,157,75,12,3,247,0,47,20,2,69,157,122,32,5,316,0,0,0,316
10/04/2022,SJU,PR,ASO,ES,Towers with Radar,189,68,27,6,290,0,56,40,1,97,189,124,67,7,387,0,0,0,387
10/05/2022,SJU,PR,ASO,ES,Towers with Radar,174,64,14,0,252,0,34,20,2,56,174,98,34,2,308,0,0,0,308
10/06/2022,SJU,PR,ASO,ES,Towers with Radar,179,73,28,2,282,0,53,24,6,83,179,126,52,8,365,0,0,0,365
10/07/2022,SJU,PR,ASO,ES,Towers with Radar,190,77,17,2,286,0,51,19,2,72,190,128,36,4,358,0,0,0,358
10/08/2022,SJU,PR,ASO,ES,Towers with Radar,192,40,12,0,244,0,37,12,1,50,192,77,24,1,294,0,0,0,294
10/09/2022,SJU,PR,ASO,ES,Towers with Radar,168,36,18,0,222,0,34,4,2,40,168,70,22,2,262,0,0,0,262
10/10/2022,SJU,PR,ASO,ES,Towers with Radar,166,60,23,5,254,0,52,9,1,62,166,112,32,6,316,0,0,0,316
10/11/2022,SJU,PR,ASO,ES,Towers with Radar,189,70,13,3,275,0,43,31,3,77,189,113,44,6,352,0,0,0,352
10/12/2022,SJU,PR,ASO,ES,Towers with Radar,186,84,25,1,296,0,55,31,1,87,186,139,56,2,383,0,0,0,383
10/13/2022,SJU,PR,ASO,ES,Towers with Radar,185,90,20,0,295,0,42,26,0,68,185,132,46,0,363,18,0,18,381
10/14/2022,SJU,PR,ASO,ES,Towers with Radar,182,89,18,0,289,0,52,18,0,70,182,141,36,0,359,0,0,0,359
10/15/2022,SJU,PR,ASO,ES,Towers with Radar,193,46,16,0,255,0,38,16,0,54,193,84,32,0,309,0,0,0,309
10/16/2022,SJU,PR,ASO,ES,Towers with Radar,164,41,12,0,217,0,52,7,1,60,164,93,19,1,277,14,0,14,291
10/17/2022,SJU,PR,ASO,ES,Towers with Radar,175,84,24,1,284,0,74,17,0,91,175,158,41,1,375,3,1,4,379
10/18/2022,SJU,PR,ASO,ES,Towers with Radar,171,65,21,0,257,0,64,28,0,92,171,129,49,0,349,0,0,0,349
10/19/2022,SJU,PR,ASO,ES,Towers with Radar,187,75,16,5,283,0,41,16,4,61,187,116,32,9,344,0,0,0,344
10/20/2022,SJU,PR,ASO,ES,Towers with Radar,172,85,22,4,283,0,51,14,0,65,172,136,36,4,348,0,0,0,348
10/21/2022,SJU,PR,ASO,ES,Towers with Radar,182,84,19,0,285,0,59,18,1,78,182,143,37,1,363,10,0,10,373
10/22/2022,SJU,PR,ASO,ES,Towers with Radar,200,47,16,0,263,0,28,7,0,35,200,75,23,0,298,0,0,0,298
10/23/2022,SJU,PR,ASO,ES,Towers with Radar,166,31,12,0,209,0,49,1,0,50,166,80,13,0,259,0,0,0,259
10/24/2022,SJU,PR,ASO,ES,Towers with Radar,171,67,18,2,258,0,59,13,4,76,171,126,31,6,334,0,0,0,334
10/25/2022,SJU,PR,ASO,ES,Towers with Radar,182,79,12,1,274,0,81,23,1,105,182,160,35,2,379,0,0,0,379
10/26/2022,SJU,PR,ASO,ES,Towers with Radar,179,80,18,4,281,0,16,0,0,16,179,96,18,4,297,22,0,22,319
10/27/2022,SJU,PR,ASO,ES,Towers with Radar,196,121,13,2,332,0,32,12,0,44,196,153,25,2,376,4,0,4,380
10/28/2022,SJU,PR,ASO,ES,Towers with Radar,196,86,18,0,300,0,73,17,0,90,196,159,35,0,390,0,0,0,390
10/29/2022,SJU,PR,ASO,ES,Towers with Radar,196,54,13,0,263,0,57,8,0,65,196,111,21,0,328,0,0,0,328
10/30/2022,SJU,PR,ASO,ES,Towers with Radar,177,53,17,0,247,0,46,6,0,52,177,99,23,0,299,0,0,0,299
10/31/2022,SJU,PR,ASO,ES,Towers with Radar,185,97,18,0,300,0,56,6,0,62,185,153,24,0,362,8,0,8,370
11/01/2022,SJU,PR,ASO,ES,Towers with Radar,190,84,20,0,294,0,61,16,1,78,190,145,36,1,372,0,0,0,372
11/02/2022,SJU,PR,ASO,ES,Towers with Radar,190,89,19,1,299,0,68,16,0,84,190,157,35,1,383,0,0,0,383
11/03/2022,SJU,PR,ASO,ES,Towers with Radar,187,81,29,2,299,0,72,20,3,95,187,153,49,5,394,2,0,2,396
11/04/2022,SJU,PR,ASO,ES,Towers with Radar,203,102,15,3,323,0,56,10,1,67,203,158,25,4,390,0,0,0,390
11/05/2022,SJU,PR,ASO,ES,Towers with Radar,207,71,6,5,289,0,31,3,0,34,207,102,9,5,323,0,0,0,323
11/06/2022,SJU,PR,ASO,ES,Towers with Radar,190,54,21,2,267,0,46,13,0,59,190,100,34,2,326,0,0,0,326
11/07/2022,SJU,PR,ASO,ES,Towers with Radar,207,99,12,1,319,0,59,3,0,62,207,158,15,1,381,0,0,0,381
11/08/2022,SJU,PR,ASO,ES,Towers with Radar,233,84,23,1,341,0,72,14,0,86,233,156,37,1,427,12,0,12,439
11/09/2022,SJU,PR,ASO,ES,Towers with Radar,218,85,21,0,324,0,69,18,0,87,218,154,39,0,411,0,0,0,411
11/10/2022,SJU,PR,ASO,ES,Towers with Radar,170,88,17,0,275,0,78,32,0,110,170,166,49,0,385,0,0,0,385
11/11/2022,SJU,PR,ASO,ES,Towers with Radar,197,81,17,1,296,0,65,13,1,79,197,146,30,2,375,0,0,0,375
11/12/2022,SJU,PR,ASO,ES,Towers with Radar,227,45,26,0,298,0,64,13,0,77,227,109,39,0,375,0,0,0,375
11/13/2022,SJU,PR,ASO,ES,Towers with Radar,199,48,35,0,282,0,59,13,0,72,199,107,48,0,354,0,0,0,354
11/14/2022,SJU,PR,ASO,ES,Towers with Radar,210,89,27,1,327,0,72,22,2,96,210,161,49,3,423,0,0,0,423
11/15/2022,SJU,PR,ASO,ES,Towers with Radar,239,96,24,0,359,0,85,25,0,110,239,181,49,0,469,10,0,10,479
11/16/2022,SJU,PR,ASO,ES,Towers with Radar,219,74,25,2,320,0,71,41,3,115,219,145,66,5,435,14,0,14,449
11/17/2022,SJU,PR,ASO,ES,Towers with Radar,211,103,18,1,333,0,84,19,0,103,211,187,37,1,436,0,0,0,436
11/18/2022,SJU,PR,ASO,ES,Towers with Radar,217,84,35,3,339,0,100,26,0,126,217,184,61,3,465,0,0,0,465
11/19/2022,SJU,PR,ASO,ES,Towers with Radar,237,60,20,1,318,0,88,30,0,118,237,148,50,1,436,0,0,0,436
11/20/2022,SJU,PR,ASO,ES,Towers with Radar,208,57,19,0,284,0,74,18,0,92,208,131,37,0,376,0,0,0,376
11/21/2022,SJU,PR,ASO,ES,Towers with Radar,216,98,22,1,337,0,87,20,1,108,216,185,42,2,445,0,0,0,445
11/22/2022,SJU,PR,ASO,ES,Towers with Radar,225,84,29,1,339,0,81,18,1,100,225,165,47,2,439,2,2,4,443
11/23/2022,SJU,PR,ASO,ES,Towers with Radar,223,78,23,1,325,0,81,17,8,106,223,159,40,9,431,0,0,0,431
11/24/2022,SJU,PR,ASO,ES,Towers with Radar,176,66,7,0,249,0,57,8,0,65,176,123,15,0,314,0,0,0,314
11/25/2022,SJU,PR,ASO,ES,Towers with Radar,204,91,8,0,303,0,82,14,0,96,204,173,22,0,399,0,0,0,399
11/26/2022,SJU,PR,ASO,ES,Towers with Radar,236,54,16,0,306,0,91,20,0,111,236,145,36,0,417,0,0,0,417
11/27/2022,SJU,PR,ASO,ES,Towers with Radar,202,63,38,0,303,0,87,32,0,119,202,150,70,0,422,0,0,0,422
11/28/2022,SJU,PR,ASO,ES,Towers with Radar,218,88,31,4,341,0,93,27,0,120,218,181,58,4,461,0,0,0,461
11/29/2022,SJU,PR,ASO,ES,Towers with Radar,231,92,40,0,363,0,77,19,0,96,231,169,59,0,459,0,0,0,459
11/30/2022,SJU,PR,ASO,ES,Towers with Radar,234,89,21,0,344,0,84,29,1,114,234,173,50,1,458,9,1,10,468
12/01/2022,SJU,PR,ASO,ES,Towers with Radar,212,99,19,0,330,0,97,25,2,124,212,196,44,2,454,0,0,0,454
12/02/2022,SJU,PR,ASO,ES,Towers with Radar,214,84,26,0,324,0,92,21,0,113,214,176,47,0,437,5,0,5,442
12/03/2022,SJU,PR,ASO,ES,Towers with Radar,247,54,14,0,315,0,68,14,0,82,247,122,28,0,397,0,0,0,397
12/04/2022,SJU,PR,ASO,ES,Towers with Radar,206,57,14,1,278,0,73,15,0,88,206,130,29,1,366,0,0,0,366
12/05/2022,SJU,PR,ASO,ES,Towers with Radar,228,95,19,0,342,0,77,12,0,89,228,172,31,0,431,0,0,0,431
12/06/2022,SJU,PR,ASO,ES,Towers with Radar,215,92,30,0,337,0,93,21,0,114,215,185,51,0,451,0,0,0,451
12/07/2022,SJU,PR,ASO,ES,Towers with Radar,226,76,25,0,327,0,67,19,0,86,226,143,44,0,413,0,1,1,414
12/08/2022,SJU,PR,ASO,ES,Towers with Radar,211,96,25,5,337,0,95,23,2,120,211,191,48,7,457,2,0,2,459
12/09/2022,SJU,PR,ASO,ES,Towers with Radar,231,78,23,2,334,0,97,14,0,111,231,175,37,2,445,0,0,0,445
12/10/2022,SJU,PR,ASO,ES,Towers with Radar,233,58,9,1,301,0,82,12,1,95,233,140,21,2,396,0,0,0,396
12/11/2022,SJU,PR,ASO,ES,Towers with Radar,210,46,14,0,270,0,78,10,0,88,210,124,24,0,358,3,2,5,363
12/12/2022,SJU,PR,ASO,ES,Towers with Radar,221,80,18,1,320,0,87,11,1,99,221,167,29,2,419,0,0,0,419
12/13/2022,SJU,PR,ASO,ES,Towers with Radar,233,95,16,4,348,0,76,14,3,93,233,171,30,7,441,0,0,0,441
12/14/2022,SJU,PR,ASO,ES,Towers with Radar,231,92,21,1,345,0,91,23,2,116,231,183,44,3,461,0,0,0,461
12/15/2022,SJU,PR,ASO,ES,Towers with Radar,231,102,21,0,354,0,94,28,0,122,231,196,49,0,476,0,0,0,476
12/16/2022,SJU,PR,ASO,ES,Towers with Radar,247,99,25,0,371,0,94,21,0,115,247,193,46,0,486,0,0,0,486
12/17/2022,SJU,PR,ASO,ES,Towers with Radar,265,97,22,2,386,0,66,11,0,77,265,163,33,2,463,0,0,0,463
12/18/2022,SJU,PR,ASO,ES,Towers with Radar,239,51,33,0,323,0,76,15,0,91,239,127,48,0,414,0,0,0,414
12/19/2022,SJU,PR,ASO,ES,Towers with Radar,235,98,25,1,359,0,84,26,0,110,235,182,51,1,469,0,0,0,469
12/20/2022,SJU,PR,ASO,ES,Towers with Radar,229,95,32,1,357,0,71,24,2,97,229,166,56,3,454,0,0,0,454
12/21/2022,SJU,PR,ASO,ES,Towers with Radar,247,82,33,4,366,0,59,19,0,78,247,141,52,4,444,0,0,0,444
12/22/2022,SJU,PR,ASO,ES,Towers with Radar,239,95,33,12,379,0,84,19,16,119,239,179,52,28,498,0,0,0,498
12/23/2022,SJU,PR,ASO,ES,Towers with Radar,230,97,29,0,356,0,97,12,0,109,230,194,41,0,465,0,0,0,465
12/24/2022,SJU,PR,ASO,ES,Towers with Radar,228,55,16,0,299,0,82,17,0,99,228,137,33,0,398,0,0,0,398
12/25/2022,SJU,PR,ASO,ES,Towers with Radar,189,32,12,0,233,0,62,5,0,67,189,94,17,0,300,0,0,0,300
12/26/2022,SJU,PR,ASO,ES,Towers with Radar,181,75,62,0,318,0,80,28,0,108,181,155,90,0,426,0,0,0,426
12/27/2022,SJU,PR,ASO,ES,Towers with Radar,244,95,58,4,401,0,101,38,0,139,244,196,96,4,540,0,0,0,540
12/28/2022,SJU,PR,ASO,ES,Towers with Radar,248,97,53,6,404,0,66,11,0,77,248,163,64,6,481,7,4,11,492
12/29/2022,SJU,PR,ASO,ES,Towers with Radar,254,99,42,7,402,0,96,16,11,123,254,195,58,18,525,0,0,0,525
12/30/2022,SJU,PR,ASO,ES,Towers with Radar,260,111,26,11,408,0,93,17,6,116,260,204,43,17,524,0,0,0,524
12/31/2022,SJU,PR,ASO,ES,Towers with Radar,267,47,17,23,354,0,91,15,2,108,267,138,32,25,462,0,0,0,462
01/01/2023,SJU,PR,ASO,ES,Towers with Radar,228,54,35,8,325,0,108,19,0,127,228,162,54,8,452,0,0,0,452
01/02/2023,SJU,PR,ASO,ES,Towers with Radar,255,85,90,9,439,18,111,51,0,180,273,196,141,9,619,0,0,0,619
01/03/2023,SJU,PR,ASO,ES,Towers with Radar,253,100,47,11,411,0,121,29,1,151,253,221,76,12,562,0,0,0,562
01/04/2023,SJU,PR,ASO,ES,Towers with Radar,225,112,51,1,389,0,66,17,2,85,225,178,68,3,474,0,0,0,474
01/05/2023,SJU,PR,ASO,ES,Towers with Radar,255,97,13,4,369,0,104,13,1,118,255,201,26,5,487,8,0,8,495
01/06/2023,SJU,PR,ASO,ES,Towers with Radar,246,70,31,0,347,0,114,11,0,125,246,184,42,0,472,0,0,0,472
01/07/2023,SJU,PR,ASO,ES,Towers with Radar,262,94,27,9,392,0,78,16,2,96,262,172,43,11,488,0,0,0,488
01/08/2023,SJU,PR,ASO,ES,Towers with Radar,232,65,25,4,326,0,91,6,0,97,232,156,31,4,423,0,0,0,423
01/09/2023,SJU,PR,ASO,ES,Towers with Radar,231,94,29,0,354,0,103,13,0,116,231,197,42,0,470,8,0,8,478
01/10/2023,SJU,PR,ASO,ES,Towers with Radar,268,93,30,1,392,0,118,22,0,140,268,211,52,1,532,0,0,0,532
01/11/2023,SJU,PR,ASO,ES,Towers with Radar,227,76,29,3,335,0,83,24,1,108,227,159,53,4,443,0,0,0,443
01/12/2023,SJU,PR,ASO,ES,Towers with Radar,226,101,39,1,367,0,88,25,1,114,226,189,64,2,481,0,0,0,481
01/13/2023,SJU,PR,ASO,ES,Towers with Radar,211,96,36,7,350,0,83,22,1,106,211,179,58,8,456,0,0,0,456
01/14/2023,SJU,PR,ASO,ES,Towers with Radar,265,76,20,1,362,0,71,11,3,85,265,147,31,4,447,4,0,4,451
01/15/2023,SJU,PR,ASO,ES,Towers with Radar,226,69,26,0,321,0,75,7,0,82,226,144,33,0,403,0,0,0,403
01/16/2023,SJU,PR,ASO,ES,Towers with Radar,237,134,35,1,407,0,64,6,0,70,237,198,41,1,477,0,0,0,477
01/17/2023,SJU,PR,ASO,ES,Towers with Radar,220,84,13,1,318,0,97,19,0,116,220,181,32,1,434,0,0,0,434
01/18/2023,SJU,PR,ASO,ES,Towers with Radar,215,73,17,1,306,0,71,17,0,88,215,144,34,1,394,0,0,0,394
01/19/2023,SJU,PR,ASO,ES,Towers with Radar,225,85,19,3,332,0,83,13,1,97,225,168,32,4,429,0,0,0,429
01/20/2023,SJU,PR,ASO,ES,Towers with Radar,228,91,23,1,343,0,90,15,0,105,228,181,38,1,448,0,0,0,448
01/21/2023,SJU,PR,ASO,ES,Towers with Radar,250,47,16,3,316,0,81,10,2,93,250,128,26,5,409,0,0,0,409
01/22/2023,SJU,PR,ASO,ES,Towers with Radar,208,46,21,0,275,0,79,2,0,81,208,125,23,0,356,0,0,0,356
01/23/2023,SJU,PR,ASO,ES,Towers with Radar,213,86,18,0,317,0,80,8,0,88,213,166,26,0,405,0,0,0,405
01/24/2023,SJU,PR,ASO,ES,Towers with Radar,221,77,24,1,323,0,98,22,3,123,221,175,46,4,446,6,0,6,452
01/25/2023,SJU,PR,ASO,ES,Towers with Radar,224,83,36,1,344,0,84,27,0,111,224,167,63,1,455,0,0,0,455
01/26/2023,SJU,PR,ASO,ES,Towers with Radar,219,95,39,1,354,0,85,36,1,122,219,180,75,2,476,0,0,0,476
01/27/2023,SJU,PR,ASO,ES,Towers with Radar,215,76,42,0,333,0,73,22,0,95,215,149,64,0,428,0,0,0,428
01/28/2023,SJU,PR,ASO,ES,Towers with Radar,261,75,36,3,375,0,80,18,1,99,261,155,54,4,474,0,0,0,474
01/29/2023,SJU,PR,ASO,ES,Towers with Radar,229,55,35,1,320,0,72,20,0,92,229,127,55,1,412,0,0,0,412
01/30/2023,SJU,PR,ASO,ES,Towers with Radar,219,98,10,0,327,0,85,10,0,95,219,183,20,0,422,0,0,0,422
01/31/2023,SJU,PR,ASO,ES,Towers with Radar,196,73,21,5,295,0,76,23,0,99,196,149,44,5,394,0,0,0,394
02/01/2023,SJU,PR,ASO,ES,Towers with Radar,206,89,27,4,326,0,88,21,3,112,206,177,48,7,438,0,0,0,438
02/02/2023,SJU,PR,ASO,ES,Towers with Radar,222,87,20,1,330,0,98,26,1,125,222,185,46,2,455,0,0,0,455
02/03/2023,SJU,PR,ASO,ES,Towers with Radar,217,90,33,3,343,0,91,45,1,137,217,181,78,4,480,4,0,4,484
02/04/2023,SJU,PR,ASO,ES,Towers with Radar,247,75,33,2,357,0,69,14,0,83,247,144,47,2,440,0,0,0,440
02/05/2023,SJU,PR,ASO,ES,Towers with Radar,212,74,23,2,311,0,68,10,0,78,212,142,33,2,389,0,0,0,389
02/06/2023,SJU,PR,ASO,ES,Towers with Radar,212,84,20,3,319,0,104,18,0,122,212,188,38,3,441,0,0,0,441
02/07/2023,SJU,PR,ASO,ES,Towers with Radar,220,91,30,2,343,0,115,24,1,140,220,206,54,3,483,0,0,0,483
02/08/2023,SJU,PR,ASO,ES,Towers with Radar,200,83,34,6,323,0,90,21,0,111,200,173,55,6,434,0,0,0,434
02/09/2023,SJU,PR,ASO,ES,Towers with Radar,198,102,34,2,336,0,86,34,2,122,198,188,68,4,458,0,0,0,458
02/10/2023,SJU,PR,ASO,ES,Towers with Radar,208,87,24,5,324,0,89,11,0,100,208,176,35,5,424,0,0,0,424
02/11/2023,SJU,PR,ASO,ES,Towers with Radar,253,56,16,3,328,0,99,21,0,120,253,155,37,3,448,0,0,0,448
02/12/2023,SJU,PR,ASO,ES,Towers with Radar,209,56,14,5,284,0,92,3,0,95,209,148,17,5,379,4,1,5,384
02/13/2023,SJU,PR,ASO,ES,Towers with Radar,197,92,31,2,322,3,77,17,1,98,200,169,48,3,420,0,0,0,420
02/14/2023,SJU,PR,ASO,ES,Towers with Radar,222,83,16,5,326,0,105,16,1,122,222,188,32,6,448,2,0,2,450
02/15/2023,SJU,PR,ASO,ES,Towers with Radar,213,69,43,2,327,0,86,36,0,122,213,155,79,2,449,0,0,0,449
02/16/2023,SJU,PR,ASO,ES,Towers with Radar,207,107,39,10,363,0,77,31,1,109,207,184,70,11,472,0,0,0,472
02/17/2023,SJU,PR,ASO,ES,Towers with Radar,227,100,41,7,375,0,106,22,2,130,227,206,63,9,505,0,0,0,505
02/18/2023,SJU,PR,ASO,ES,Towers with Radar,238,53,25,8,324,0,90,20,6,116,238,143,45,14,440,0,0,0,440
02/19/2023,SJU,PR,ASO,ES,Towers with Radar,231,54,34,1,320,0,89,8,0,97,231,143,42,1,417,0,0,0,417
02/20/2023,SJU,PR,ASO,ES,Towers with Radar,189,70,23,10,292,0,86,20,2,108,189,156,43,12,400,6,0,6,406
02/21/2023,SJU,PR,ASO,ES,Towers with Radar,206,97,34,13,350,0,98,39,6,143,206,195,73,19,493,19,3,22,515
02/22/2023,SJU,PR,ASO,ES,Towers with Radar,206,86,36,11,339,0,98,19,6,123,206,184,55,17,462,2,0,2,464
02/23/2023,SJU,PR,ASO,ES,Towers with Radar,204,102,25,25,356,0,97,20,16,133,204,199,45,41,489,0,0,0,489
02/24/2023,SJU,PR,ASO,ES,Towers with Radar,215,85,29,25,354,0,117,22,6,145,215,202,51,31,499,4,0,4,503
02/25/2023,SJU,PR,ASO,ES,Towers with Radar,230,63,21,23,337,0,108,16,1,125,230,171,37,24,462,0,0,0,462
02/26/2023,SJU,PR,ASO,ES,Towers with Radar,222,59,28,4,313,0,123,8,4,135,222,182,36,8,448,0,0,0,448
02/27/2023,SJU,PR,ASO,ES,Towers with Radar,187,97,13,5,302,0,101,15,0,116,187,198,28,5,418,2,0,2,420
02/28/2023,SJU,PR,ASO,ES,Towers with Radar,217,79,24,8,328,0,103,23,2,128,217,182,47,10,456,4,0,4,460
03/01/2023,SJU,PR,ASO,ES,Towers with Radar,206,89,39,2,336,0,91,22,0,113,206,180,61,2,449,2,0,2,451
03/02/2023,SJU,PR,ASO,ES,Towers with Radar,214,97,25,8,344,0,96,16,2,114,214,193,41,10,458,0,0,0,458
03/03/2023,SJU,PR,ASO,ES,Towers with Radar,218,89,29,3,339,0,63,19,1,83,218,152,48,4,422,9,0,9,431
03/04/2023,SJU,PR,ASO,ES,Towers with Radar,253,57,13,5,328,0,83,6,0,89,253,140,19,5,417,0,0,0,417
03/05/2023,SJU,PR,ASO,ES,Towers with Radar,218,58,25,5,306,0,77,12,0,89,218,135,37,5,395,1,0,1,396
03/06/2023,SJU,PR,ASO,ES,Towers with Radar,200,90,28,0,318,0,88,24,0,112,200,178,52,0,430,0,0,0,430
03/07/2023,SJU,PR,ASO,ES,Towers with Radar,221,79,28,1,329,0,94,25,0,119,221,173,53,1,448,4,0,4,452
03/08/2023,SJU,PR,ASO,ES,Towers with Radar,209,85,39,7,340,0,90,44,3,137,209,175,83,10,477,0,0,0,477
03/09/2023,SJU,PR,ASO,ES,Towers with Radar,222,109,29,0,360,0,93,25,0,118,222,202,54,0,478,0,0,0,478
03/10/2023,SJU,PR,ASO,ES,Towers with Radar,227,95,25,2,349,0,92,26,4,122,227,187,51,6,471,0,0,0,471
03/11/2023,SJU,PR,ASO,ES,Towers with Radar,245,65,33,0,343,9,99,11,0,119,254,164,44,0,462,0,0,0,462
03/12/2023,SJU,PR,ASO,ES,Towers with Radar,217,58,31,0,306,0,95,15,0,110,217,153,46,0,416,0,0,0,416
03/13/2023,SJU,PR,ASO,ES,Towers with Radar,213,101,17,0,331,0,112,6,1,119,213,213,23,1,450,0,0,0,450
03/14/2023,SJU,PR,ASO,ES,Towers with Radar,222,80,20,0,322,0,95,23,0,118,222,175,43,0,440,0,0,0,440
03/15/2023,SJU,PR,ASO,ES,Towers with Radar,218,99,25,7,349,0,69,21,1,91,218,168,46,8,440,0,0,0,440
03/16/2023,SJU,PR,ASO,ES,Towers with Radar,237,110,25,0,372,0,96,22,2,120,237,206,47,2,492,0,0,0,492
03/17/2023,SJU,PR,ASO,ES,Towers with Radar,214,113,26,0,353,0,72,32,1,105,214,185,58,1,458,0,0,0,458
03/18/2023,SJU,PR,ASO,ES,Towers with Radar,249,74,31,0,354,0,105,33,0,138,249,179,64,0,492,0,0,0,492
03/19/2023,SJU,PR,ASO,ES,Towers with Radar,222,51,24,0,297,0,123,17,0,140,222,174,41,0,437,6,0,6,443
03/20/2023,SJU,PR,ASO,ES,Towers with Radar,200,91,26,0,317,0,103,15,0,118,200,194,41,0,435,1,0,1,436
03/21/2023,SJU,PR,ASO,ES,Towers with Radar,229,85,30,2,346,0,104,32,0,136,229,189,62,2,482,0,0,0,482
03/22/2023,SJU,PR,ASO,ES,Towers with Radar,216,89,23,1,329,0,102,28,0,130,216,191,51,1,459,0,0,0,459
03/23/2023,SJU,PR,ASO,ES,Towers with Radar,215,98,36,1,350,0,76,29,0,105,215,174,65,1,455,0,0,0,455
03/24/2023,SJU,PR,ASO,ES,Towers with Radar,223,84,26,1,334,0,94,31,0,125,223,178,57,1,459,0,0,0,459
03/25/2023,SJU,PR,ASO,ES,Towers with Radar,202,43,16,0,261,0,105,14,2,121,202,148,30,2,382,0,0,0,382
03/26/2023,SJU,PR,ASO,ES,Towers with Radar,215,58,23,1,297,0,105,12,1,118,215,163,35,2,415,0,0,0,415
03/27/2023,SJU,PR,ASO,ES,Towers with Radar,197,96,15,1,309,0,87,17,2,106,197,183,32,3,415,0,0,0,415
03/28/2023,SJU,PR,ASO,ES,Towers with Radar,204,92,32,0,328,0,102,51,0,153,204,194,83,0,481,11,0,11,492
03/29/2023,SJU,PR,ASO,ES,Towers with Radar,203,90,24,7,324,0,97,21,3,121,203,187,45,10,445,0,0,0,445
03/30/2023,SJU,PR,ASO,ES,Towers with Radar,215,86,19,1,321,0,74,38,0,112,215,160,57,1,433,0,0,0,433
03/31/2023,SJU,PR,ASO,ES,Towers with Radar,210,92,40,1,343,0,91,32,0,123,210,183,72,1,466,0,0,0,466
04/01/2023,SJU,PR,ASO,ES,Towers with Radar,243,62,36,0,341,0,102,21,0,123,243,164,57,0,464,0,0,0,464
04/02/2023,SJU,PR,ASO,ES,Towers with Radar,208,56,28,0,292,1,100,8,0,109,209,156,36,0,401,0,0,0,401
04/03/2023,SJU,PR,ASO,ES,Towers with Radar,196,100,23,0,319,0,87,21,0,108,196,187,44,0,427,0,0,0,427
04/04/2023,SJU,PR,ASO,ES,Towers with Radar,212,88,31,1,332,5,98,28,0,131,217,186,59,1,463,0,0,0,463
04/05/2023,SJU,PR,ASO,ES,Towers with Radar,203,91,23,0,317,0,69,14,1,84,203,160,37,1,401,0,0,0,401
04/06/2023,SJU,PR,ASO,ES,Towers with Radar,215,135,33,1,384,0,77,27,1,105,215,212,60,2,489,0,0,0,489
04/07/2023,SJU,PR,ASO,ES,Towers with Radar,211,64,25,0,300,0,78,8,0,86,211,142,33,0,386,0,0,0,386
04/08/2023,SJU,PR,ASO,ES,Towers with Radar,254,82,27,1,364,0,62,12,0,74,254,144,39,1,438,0,0,0,438
04/09/2023,SJU,PR,ASO,ES,Towers with Radar,224,67,25,0,316,0,91,20,0,111,224,158,45,0,427,0,0,0,427
04/10/2023,SJU,PR,ASO,ES,Towers with Radar,191,81,27,3,302,0,118,14,4,136,191,199,41,7,438,4,0,4,442
04/11/2023,SJU,PR,ASO,ES,Towers with Radar,211,102,25,0,338,0,119,11,5,135,211,221,36,5,473,12,0,12,485
04/12/2023,SJU,PR,ASO,ES,Towers with Radar,198,83,17,0,298,0,92,26,3,121,198,175,43,3,419,0,0,0,419
04/13/2023,SJU,PR,ASO,ES,Towers with Radar,191,113,25,3,332,0,91,18,2,111,191,204,43,5,443,0,0,0,443
04/14/2023,SJU,PR,ASO,ES,Towers with Radar,214,90,27,2,333,0,90,24,0,114,214,180,51,2,447,0,0,0,447
04/15/2023,SJU,PR,ASO,ES,Towers with Radar,227,58,13,1,299,0,95,18,0,113,227,153,31,1,412,0,0,0,412
04/16/2023,SJU,PR,ASO,ES,Towers with Radar,192,42,15,0,249,0,87,6,0,93,192,129,21,0,342,14,0,14,356
04/17/2023,SJU,PR,ASO,ES,Towers with Radar,203,91,32,0,326,0,99,30,0,129,203,190,62,0,455,3,0,3,458
04/18/2023,SJU,PR,ASO,ES,Towers with Radar,208,86,27,8,329,0,100,28,1,129,208,186,55,9,458,2,0,2,460
04/19/2023,SJU,PR,ASO,ES,Towers with Radar,221,86,25,2,334,0,98,27,0,125,221,184,52,2,459,0,0,0,459
04/20/2023,SJU,PR,ASO,ES,Towers with Radar,205,90,24,5,324,0,94,24,0,118,205,184,48,5,442,0,0,0,442
04/21/2023,SJU,PR,ASO,ES,Towers with Radar,227,89,17,2,335,0,82,26,1,109,227,171,43,3,444,0,0,0,444
04/22/2023,SJU,PR,ASO,ES,Towers with Radar,234,50,11,5,300,0,81,26,1,108,234,131,37,6,408,0,0,0,408
04/23/2023,SJU,PR,ASO,ES,Towers with Radar,210,72,12,1,295,0,70,19,0,89,210,142,31,1,384,4,0,4,388
04/24/2023,SJU,PR,ASO,ES,Towers with Radar,217,90,29,4,340,0,96,23,1,120,217,186,52,5,460,1,0,1,461
04/25/2023,SJU,PR,ASO,ES,Towers with Radar,215,77,34,2,328,0,108,30,1,139,215,185,64,3,467,0,0,0,467
04/26/2023,SJU,PR,ASO,ES,Towers with Radar,218,84,12,1,315,0,91,21,0,112,218,175,33,1,427,0,0,0,427
04/27/2023,SJU,PR,ASO,ES,Towers with Radar,214,86,37,2,339,0,82,18,1,101,214,168,55,3,440,0,0,0,440
04/28/2023,SJU,PR,ASO,ES,Towers with Radar,209,82,26,9,326,0,84,18,2,104,209,166,44,11,430,0,0,0,430
04/29/2023,SJU,PR,ASO,ES,Towers with Radar,244,56,18,0,318,0,71,27,0,98,244,127,45,0,416,14,0,14,430
04/30/2023,SJU,PR,ASO,ES,Towers with Radar,194,50,20,0,264,0,77,6,0,83,194,127,26,0,347,0,0,0,347
05/01/2023,SJU,PR,ASO,ES,Towers with Radar,197,66,24,3,290,0,81,12,1,94,197,147,36,4,384,1,1,2,386
05/02/2023,SJU,PR,ASO,ES,Towers with Radar,218,79,18,9,324,0,84,11,0,95,218,163,29,9,419,6,0,6,425
05/03/2023,SJU,PR,ASO,ES,Towers with Radar,207,83,25,11,326,0,84,16,5,105,207,167,41,16,431,34,0,34,465
05/04/2023,SJU,PR,ASO,ES,Towers with Radar,212,83,13,5,313,0,96,10,2,108,212,179,23,7,421,0,0,0,421
05/05/2023,SJU,PR,ASO,ES,Towers with Radar,232,91,24,6,353,0,77,31,0,108,232,168,55,6,461,23,0,23,484
05/06/2023,SJU,PR,ASO,ES,Towers with Radar,268,41,10,7,326,0,64,10,0,74,268,105,20,7,400,0,0,0,400
05/07/2023,SJU,PR,ASO,ES,Towers with Radar,241,46,26,0,313,0,79,7,0,86,241,125,33,0,399,0,0,0,399
05/08/2023,SJU,PR,ASO,ES,Towers with Radar,231,88,24,0,343,0,72,13,0,85,231,160,37,0,428,0,0,0,428
05/09/2023,SJU,PR,ASO,ES,Towers with Radar,266,74,27,2,369,0,72,19,1,92,266,146,46,3,461,10,0,10,471
05/10/2023,SJU,PR,ASO,ES,Towers with Radar,241,80,25,0,346,0,73,33,0,106,241,153,58,0,452,1,0,1,453
05/11/2023,SJU,PR,ASO,ES,Towers with Radar,244,95,23,0,362,0,92,20,0,112,244,187,43,0,474,0,0,0,474
05/12/2023,SJU,PR,ASO,ES,Towers with Radar,247,97,18,1,363,0,83,22,0,105,247,180,40,1,468,0,0,0,468
05/13/2023,SJU,PR,ASO,ES,Towers with Radar,269,66,24,1,360,0,59,7,0,66,269,125,31,1,426,0,0,0,426
05/14/2023,SJU,PR,ASO,ES,Towers with Radar,248,53,13,0,314,0,67,5,0,72,248,120,18,0,386,0,0,0,386
05/15/2023,SJU,PR,ASO,ES,Towers with Radar,234,102,24,2,362,0,74,6,2,82,234,176,30,4,444,0,0,0,444
05/16/2023,SJU,PR,ASO,ES,Towers with Radar,246,75,18,3,342,0,97,17,1,115,246,172,35,4,457,4,0,4,461
05/17/2023,SJU,PR,ASO,ES,Towers with Radar,238,86,17,6,347,0,64,19,7,90,238,150,36,13,437,6,0,6,443
05/18/2023,SJU,PR,ASO,ES,Towers with Radar,246,77,20,2,345,0,73,12,0,85,246,150,32,2,430,0,0,0,430
05/19/2023,SJU,PR,ASO,ES,Towers with Radar,248,90,21,0,359,3,85,9,1,98,251,175,30,1,457,0,0,0,457
05/20/2023,SJU,PR,ASO,ES,Towers with Radar,285,46,17,0,348,0,64,4,0,68,285,110,21,0,416,8,0,8,424
05/21/2023,SJU,PR,ASO,ES,Towers with Radar,238,50,14,1,303,0,79,10,0,89,238,129,24,1,392,0,0,0,392
05/22/2023,SJU,PR,ASO,ES,Towers with Radar,212,112,23,3,350,0,85,5,1,91,212,197,28,4,441,2,0,2,443
05/23/2023,SJU,PR,ASO,ES,Towers with Radar,242,82,20,1,345,0,71,15,0,86,242,153,35,1,431,0,0,0,431
05/24/2023,SJU,PR,ASO,ES,Towers with Radar,245,76,18,0,339,0,75,20,0,95,245,151,38,0,434,0,0,0,434
05/25/2023,SJU,PR,ASO,ES,Towers with Radar,267,103,18,0,388,0,84,23,0,107,267,187,41,0,495,2,0,2,497
05/26/2023,SJU,PR,ASO,ES,Towers with Radar,232,69,29,0,330,0,88,26,0,114,232,157,55,0,444,24,0,24,468
05/27/2023,SJU,PR,ASO,ES,Towers with Radar,295,61,11,0,367,0,83,38,0,121,295,144,49,0,488,0,0,0,488
05/28/2023,SJU,PR,ASO,ES,Towers with Radar,230,48,19,0,297,0,83,4,0,87,230,131,23,0,384,0,0,0,384
05/29/2023,SJU,PR,ASO,ES,Towers with Radar,236,69,22,0,327,0,78,17,0,95,236,147,39,0,422,18,0,18,440
05/30/2023,SJU,PR,ASO,ES,Towers with Radar,227,80,21,2,330,0,85,13,1,99,227,165,34,3,429,0,0,0,429
05/31/2023,SJU,PR,ASO,ES,Towers with Radar,261,73,14,0,348,0,77,9,1,87,261,150,23,1,435,4,0,4,439
06/01/2023,SJU,PR,ASO,ES,Towers with Radar,237,75,32,0,344,0,91,40,1,132,237,166,72,1,476,4,0,4,480
06/02/2023,SJU,PR,ASO,ES,Towers with Radar,236,87,5,1,329,0,70,9,0,79,236,157,14,1,408,16,0,16,424
06/03/2023,SJU,PR,ASO,ES,Towers with Radar,262,57,23,1,343,0,78,14,0,92,262,135,37,1,435,4,0,4,439
06/04/2023,SJU,PR,ASO,ES,Towers with Radar,251,41,18,0,310,0,62,16,0,78,251,103,34,0,388,0,0,0,388
06/05/2023,SJU,PR,ASO,ES,Towers with Radar,252,85,27,0,364,0,70,19,1,90,252,155,46,1,454,0,0,0,454
06/06/2023,SJU,PR,ASO,ES,Towers with Radar,230,75,29,0,334,0,72,23,0,95,230,147,52,0,429,5,0,5,434
06/07/2023,SJU,PR,ASO,ES,Towers with Radar,268,90,22,0,380,0,80,23,0,103,268,170,45,0,483,0,0,0,483
06/08/2023,SJU,PR,ASO,ES,Towers with Radar,277,92,17,0,386,0,83,17,2,102,277,175,34,2,488,4,0,4,492
06/09/2023,SJU,PR,ASO,ES,Towers with Radar,290,85,18,1,394,0,87,12,0,99,290,172,30,1,493,6,0,6,499
06/10/2023,SJU,PR,ASO,ES,Towers with Radar,285,43,18,1,347,0,73,12,0,85,285,116,30,1,432,0,0,0,432
06/11/2023,SJU,PR,ASO,ES,Towers with Radar,252,44,25,2,323,0,70,11,0,81,252,114,36,2,404,0,0,0,404
06/12/2023,SJU,PR,ASO,ES,Towers with Radar,261,104,17,1,383,0,99,19,0,118,261,203,36,1,501,0,0,0,501
06/13/2023,SJU,PR,ASO,ES,Towers with Radar,260,92,26,1,379,0,77,16,4,97,260,169,42,5,476,0,0,0,476
06/14/2023,SJU,PR,ASO,ES,Towers with Radar,271,85,21,10,387,0,79,27,0,106,271,164,48,10,493,0,0,0,493
06/15/2023,SJU,PR,ASO,ES,Towers with Radar,268,107,19,0,394,0,97,21,0,118,268,204,40,0,512,0,0,0,512
06/16/2023,SJU,PR,ASO,ES,Towers with Radar,268,91,12,0,371,0,81,11,0,92,268,172,23,0,463,0,0,0,463
06/17/2023,SJU,PR,ASO,ES,Towers with Radar,288,55,19,0,362,0,71,9,0,80,288,126,28,0,442,0,0,0,442
06/18/2023,SJU,PR,ASO,ES,Towers with Radar,257,41,25,0,323,0,57,15,0,72,257,98,40,0,395,0,0,0,395
06/19/2023,SJU,PR,ASO,ES,Towers with Radar,238,74,15,0,327,0,87,32,0,119,238,161,47,0,446,0,0,0,446
06/20/2023,SJU,PR,ASO,ES,Towers with Radar,240,83,14,1,338,0,80,32,0,112,240,163,46,1,450,2,0,2,452
06/21/2023,SJU,PR,ASO,ES,Towers with Radar,245,67,26,0,338,0,83,22,0,105,245,150,48,0,443,0,0,0,443
06/22/2023,SJU,PR,ASO,ES,Towers with Radar,258,66,27,0,351,0,83,28,1,112,258,149,55,1,463,0,0,0,463
06/23/2023,SJU,PR,ASO,ES,Towers with Radar,235,79,22,2,338,0,65,19,0,84,235,144,41,2,422,0,0,0,422
06/24/2023,SJU,PR,ASO,ES,Towers with Radar,276,42,8,2,328,0,69,10,0,79,276,111,18,2,407,0,0,0,407
06/25/2023,SJU,PR,ASO,ES,Towers with Radar,245,46,8,0,299,0,68,21,0,89,245,114,29,0,388,2,0,2,390
06/26/2023,SJU,PR,ASO,ES,Towers with Radar,237,86,15,0,338,0,70,18,0,88,237,156,33,0,426,0,0,0,426
06/27/2023,SJU,PR,ASO,ES,Towers with Radar,254,70,26,3,353,0,72,21,1,94,254,142,47,4,447,3,1,4,451
06/28/2023,SJU,PR,ASO,ES,Towers with Radar,229,73,15,0,317,0,60,15,0,75,229,133,30,0,392,0,0,0,392
06/29/2023,SJU,PR,ASO,ES,Towers with Radar,284,128,25,7,444,0,54,8,3,65,284,182,33,10,509,0,2,2,511
06/30/2023,SJU,PR,ASO,ES,Towers with Radar,242,88,25,0,355,0,98,20,0,118,242,186,45,0,473,2,0,2,475
07/01/2023,SJU,PR,ASO,ES,Towers with Radar,289,53,23,0,365,0,71,14,0,85,289,124,37,0,450,0,0,0,450
07/02/2023,SJU,PR,ASO,ES,Towers with Radar,260,47,12,0,319,0,69,5,1,75,260,116,17,1,394,0,0,0,394
07/03/2023,SJU,PR,ASO,ES,Towers with Radar,257,97,11,0,365,0,50,21,0,71,257,147,32,0,436,0,0,0,436
07/04/2023,SJU,PR,ASO,ES,Towers with Radar,225,56,11,1,293,0,64,11,0,75,225,120,22,1,368,0,0,0,368
07/05/2023,SJU,PR,ASO,ES,Towers with Radar,239,73,22,0,334,0,73,29,0,102,239,146,51,0,436,0,0,0,436
07/06/2023,SJU,PR,ASO,ES,Towers with Radar,255,84,15,0,354,0,82,15,0,97,255,166,30,0,451,0,0,0,451
07/07/2023,SJU,PR,ASO,ES,Towers with Radar,253,79,20,0,352,0,82,16,0,98,253,161,36,0,450,0,0,0,450
07/08/2023,SJU,PR,ASO,ES,Towers with Radar,295,55,12,0,362,0,49,13,0,62,295,104,25,0,424,0,0,0,424
07/09/2023,SJU,PR,ASO,ES,Towers with Radar,267,50,24,1,342,0,66,10,0,76,267,116,34,1,418,0,0,0,418
07/10/2023,SJU,PR,ASO,ES,Towers with Radar,238,78,16,1,333,0,76,26,1,103,238,154,42,2,436,0,0,0,436
07/11/2023,SJU,PR,ASO,ES,Towers with Radar,274,68,20,4,366,0,78,22,0,100,274,146,42,4,466,0,0,0,466
07/12/2023,SJU,PR,ASO,ES,Towers with Radar,253,92,16,2,363,0,62,11,1,74,253,154,27,3,437,10,0,10,447
07/13/2023,SJU,PR,ASO,ES,Towers with Radar,264,84,25,2,375,0,77,20,0,97,264,161,45,2,472,1,2,3,475
07/14/2023,SJU,PR,ASO,ES,Towers with Radar,256,75,13,3,347,0,80,10,0,90,256,155,23,3,437,0,0,0,437
07/15/2023,SJU,PR,ASO,ES,Towers with Radar,289,46,8,0,343,0,67,13,0,80,289,113,21,0,423,0,0,0,423
07/16/2023,SJU,PR,ASO,ES,Towers with Radar,241,42,8,0,291,0,71,4,0,75,241,113,12,0,366,5,0,5,371
07/17/2023,SJU,PR,ASO,ES,Towers with Radar,238,88,24,1,351,0,66,19,0,85,238,154,43,1,436,0,0,0,436
07/18/2023,SJU,PR,ASO,ES,Towers with Radar,269,77,23,1,370,0,78,13,1,92,269,155,36,2,462,0,0,0,462
07/19/2023,SJU,PR,ASO,ES,Towers with Radar,258,81,21,2,362,0,78,15,0,93,258,159,36,2,455,12,0,12,467
07/20/2023,SJU,PR,ASO,ES,Towers with Radar,266,97,25,1,389,0,75,26,0,101,266,172,51,1,490,0,0,0,490
07/21/2023,SJU,PR,ASO,ES,Towers with Radar,272,87,24,2,385,0,105,18,0,123,272,192,42,2,508,0,0,0,508
07/22/2023,SJU,PR,ASO,ES,Towers with Radar,286,41,29,1,357,0,78,9,0,87,286,119,38,1,444,0,0,0,444
07/23/2023,SJU,PR,ASO,ES,Towers with Radar,270,46,15,1,332,0,70,1,1,72,270,116,16,2,404,0,0,0,404
07/24/2023,SJU,PR,ASO,ES,Towers with Radar,261,93,21,4,379,0,66,12,1,79,261,159,33,5,458,0,0,0,458
07/25/2023,SJU,PR,ASO,ES,Towers with Radar,271,67,12,0,350,0,53,12,5,70,271,120,24,5,420,0,0,0,420
07/26/2023,SJU,PR,ASO,ES,Towers with Radar,268,94,20,5,387,0,75,20,0,95,268,169,40,5,482,0,0,0,482
07/27/2023,SJU,PR,ASO,ES,Towers with Radar,258,83,12,1,354,0,66,21,0,87,258,149,33,1,441,0,0,0,441
07/28/2023,SJU,PR,ASO,ES,Towers with Radar,277,95,23,0,395,0,91,30,2,123,277,186,53,2,518,0,0,0,518
07/29/2023,SJU,PR,ASO,ES,Towers with Radar,293,58,30,2,383,0,66,14,0,80,293,124,44,2,463,0,0,0,463
07/30/2023,SJU,PR,ASO,ES,Towers with Radar,268,44,17,2,331,0,67,14,1,82,268,111,31,3,413,0,0,0,413
07/31/2023,SJU,PR,ASO,ES,Towers with Radar,253,85,12,9,359,0,73,15,2,90,253,158,27,11,449,0,0,0,449
08/01/2023,SJU,PR,ASO,ES,Towers with Radar,295,85,41,7,428,0,54,26,1,81,295,139,67,8,509,0,0,0,509
08/02/2023,SJU,PR,ASO,ES,Towers with Radar,267,68,19,4,358,8,68,33,0,109,275,136,52,4,467,13,0,13,480
08/03/2023,SJU,PR,ASO,ES,Towers with Radar,261,84,25,0,370,0,81,17,0,98,261,165,42,0,468,0,0,0,468
08/04/2023,SJU,PR,ASO,ES,Towers with Radar,263,81,20,3,367,0,70,14,2,86,263,151,34,5,453,0,0,0,453
08/05/2023,SJU,PR,ASO,ES,Towers with Radar,308,49,12,1,370,0,66,1,1,68,308,115,13,2,438,0,0,0,438
08/06/2023,SJU,PR,ASO,ES,Towers with Radar,256,43,20,0,319,0,77,8,0,85,256,120,28,0,404,0,0,0,404
08/07/2023,SJU,PR,ASO,ES,Towers with Radar,244,80,9,1,334,0,77,12,0,89,244,157,21,1,423,0,0,0,423
08/08/2023,SJU,PR,ASO,ES,Towers with Radar,246,68,7,1,322,0,73,21,3,97,246,141,28,4,419,0,0,0,419
08/09/2023,SJU,PR,ASO,ES,Towers with Radar,261,81,27,4,373,0,62,15,1,78,261,143,42,5,451,0,0,0,451
08/10/2023,SJU,PR,ASO,ES,Towers with Radar,236,78,17,0,331,0,85,21,0,106,236,163,38,0,437,0,0,0,437
08/11/2023,SJU,PR,ASO,ES,Towers with Radar,262,88,25,0,375,0,89,12,1,102,262,177,37,1,477,0,0,0,477
08/12/2023,SJU,PR,ASO,ES,Towers with Radar,268,45,6,1,320,0,62,2,0,64,268,107,8,1,384,0,0,0,384
08/13/2023,SJU,PR,ASO,ES,Towers with Radar,272,34,17,0,323,0,76,8,0,84,272,110,25,0,407,0,0,0,407
08/14/2023,SJU,PR,ASO,ES,Towers with Radar,215,81,11,10,317,0,99,12,1,112,215,180,23,11,429,0,0,0,429
08/15/2023,SJU,PR,ASO,ES,Towers with Radar,264,82,24,3,373,0,110,14,0,124,264,192,38,3,497,12,0,12,509
08/16/2023,SJU,PR,ASO,ES,Towers with Radar,230,84,17,2,333,0,84,6,0,90,230,168,23,2,423,14,0,14,437
08/17/2023,SJU,PR,ASO,ES,Towers with Radar,235,81,15,0,331,0,86,23,0,109,235,167,38,0,440,0,0,0,440
08/18/2023,SJU,PR,ASO,ES,Towers with Radar,241,87,24,1,353,0,94,10,0,104,241,181,34,1,457,0,0,0,457
08/19/2023,SJU,PR,ASO,ES,Towers with Radar,242,43,11,0,296,0,72,9,0,81,242,115,20,0,377,0,0,0,377
08/20/2023,SJU,PR,ASO,ES,Towers with Radar,244,53,10,0,307,0,68,0,0,68,244,121,10,0,375,0,0,0,375
08/21/2023,SJU,PR,ASO,ES,Towers with Radar,238,86,14,7,345,0,72,7,1,80,238,158,21,8,425,0,0,0,425
08/22/2023,SJU,PR,ASO,ES,Towers with Radar,237,87,12,0,336,0,52,7,1,60,237,139,19,1,396,8,0,8,404
08/23/2023,SJU,PR,ASO,ES,Towers with Radar,242,74,30,0,346,0,72,19,2,93,242,146,49,2,439,0,0,0,439
08/24/2023,SJU,PR,ASO,ES,Towers with Radar,231,84,18,6,339,0,65,22,3,90,231,149,40,9,429,9,2,11,440
08/25/2023,SJU,PR,ASO,ES,Towers with Radar,262,90,26,2,380,0,68,30,0,98,262,158,56,2,478,0,0,0,478
08/26/2023,SJU,PR,ASO,ES,Towers with Radar,263,43,13,0,319,0,53,7,1,61,263,96,20,1,380,0,0,0,380
08/27/2023,SJU,PR,ASO,ES,Towers with Radar,224,40,17,0,281,0,64,12,2,78,224,104,29,2,359,0,0,0,359
08/28/2023,SJU,PR,ASO,ES,Towers with Radar,226,95,12,4,337,0,72,18,2,92,226,167,30,6,429,0,0,0,429
08/29/2023,SJU,PR,ASO,ES,Towers with Radar,233,82,23,0,338,0,69,15,0,84,233,151,38,0,422,6,0,6,428
08/30/2023,SJU,PR,ASO,ES,Towers with Radar,234,82,22,3,341,0,73,33,8,114,234,155,55,11,455,10,0,10,465
08/31/2023,SJU,PR,ASO,ES,Towers with Radar,225,84,27,1,337,0,56,16,0,72,225,140,43,1,409,8,0,8,417
